Assets/Resources/2015_m01_d05_1100(utc+0800)_l00_csi_1hr_conc.grd
DSAA
         159         159
     -79.000      79.000
     -79.000      79.000
  0.1054E-09  0.4118E-05
[rows 100 to 124 of 159, columns 0 to 56 of 159]
3.9203E-09 4.0026E-09 4.0848E-09 4.1669E-09 4.4704E-09 4.6783E-09 4.7756E-09 4.9908E-09 5.0903E-09 5.1887E-09 5.2857E-09 5.6295E-09 5.8624E-09 5.9707E-09 6.2066E-09 6.3133E-09 6.4164E-09 6.5163E-09 6.6135E-09 6.7090E-09 6.8009E-09 6.8896E-09 6.9744E-09 7.0542E-09 7.1282E-09 7.1954E-09 7.2561E-09 7.3100E-09 7.3585E-09 7.4012E-09 7.4381E-09 7.4679E-09 7.4916E-09 7.5131E-09 7.5264E-09 7.5318E-09 7.5292E-09 7.5153E-09 7.4867E-09 7.4402E-09 7.3768E-09 7.2877E-09 7.1735E-09 7.0373E-09 6.8797E-09 6.6992E-09 6.4969E-09 6.2719E-09 6.0241E-09 5.7565E-09 5.4721E-09 5.1740E-09 4.8598E-09 4.5419E-09 4.1772E-09 3.8722E-09 3.5713E-09
3.8054E-09 3.8849E-09 3.9637E-09 4.0423E-09 4.1205E-09 4.4167E-09 4.6176E-09 4.7097E-09 4.9175E-09 5.0111E-09 5.1034E-09 5.1941E-09 5.2831E-09 5.6209E-09 5.8452E-09 5.9427E-09 6.0372E-09 6.2615E-09 6.3525E-09 6.4407E-09 6.5252E-09 6.6071E-09 6.6862E-09 6.7603E-09 6.8298E-09 6.8933E-09 6.9510E-09 7.0025E-09 7.0474E-09 7.0871E-09 7.1199E-09 7.1467E-09 7.1659E-09 7.1813E-09 7.1913E-09 7.1916E-09 7.1853E-09 7.1694E-09 7.1417E-09 7.0963E-09 7.0335E-09 6.9513E-09 6.8425E-09 6.7118E-09 6.5606E-09 6.3870E-09 6.1941E-09 5.9789E-09 5.7452E-09 5.4923E-09 5.2242E-09 4.9439E-09 4.5835E-09 4.2998E-09 4.0126E-09 3.6849E-09 3.3477E-09
3.6920E-09 3.7687E-09 3.8450E-09 3.9202E-09 3.9950E-09 4.0693E-09 4.1429E-09 4.5512E-09 4.6379E-09 4.7236E-09 4.9258E-09 5.0120E-09 5.0965E-09 5.1790E-09 5.2593E-09 5.5885E-09 5.8021E-09 5.8884E-09 5.9712E-09 6.1828E-09 6.2622E-09 6.3378E-09 6.4102E-09 6.4785E-09 6.5426E-09 6.6024E-09 6.6562E-09 6.7042E-09 6.7457E-09 6.7808E-09 6.8115E-09 6.8359E-09 6.8538E-09 6.8639E-09 6.8707E-09 6.8699E-09 6.8601E-09 6.8421E-09 6.8137E-09 6.7711E-09 6.7095E-09 6.6310E-09 6.5296E-09 6.4040E-09 6.2585E-09 6.0944E-09 5.9088E-09 5.7055E-09 5.4826E-09 5.1502E-09 4.9095E-09 4.6547E-09 4.3940E-09 4.0682E-09 3.7104E-09 3.4685E-09 3.1998E-09
3.5819E-09 3.6542E-09 3.7275E-09 3.8005E-09 3.8722E-09 3.9432E-09 4.0136E-09 4.0832E-09 4.3708E-09 4.5605E-09 4.6409E-09 4.7197E-09 4.9151E-09 4.9934E-09 5.0695E-09 5.1433E-09 5.2147E-09 5.5328E-09 5.7339E-09 5.8088E-09 5.8809E-09 5.9497E-09 6.1464E-09 6.2102E-09 6.2695E-09 6.3244E-09 6.3738E-09 6.4175E-09 6.4559E-09 6.4888E-09 6.5164E-09 6.5379E-09 6.5541E-09 6.5620E-09 6.5645E-09 6.5620E-09 6.5501E-09 6.5304E-09 6.5015E-09 6.4614E-09 6.4038E-09 6.3275E-09 6.2362E-09 6.1180E-09 5.9765E-09 5.8173E-09 5.5239E-09 5.3401E-09 5.1397E-09 4.9251E-09 4.6977E-09 4.3840E-09 4.0161E-09 3.7949E-09 3.5260E-09 3.3062E-09 3.0856E-09
3.4744E-09 3.5436E-09 3.6126E-09 3.6821E-09 3.7516E-09 3.8201E-09 3.8873E-09 3.9537E-09 4.0192E-09 4.0837E-09 4.3684E-09 4.5530E-09 4.6265E-09 4.6980E-09 4.8853E-09 4.9553E-09 5.0228E-09 5.0877E-09 5.1498E-09 5.2089E-09 5.5175E-09 5.7065E-09 5.7673E-09 5.8252E-09 5.8793E-09 5.9288E-09 6.1048E-09 6.1457E-09 6.1812E-09 6.2111E-09 6.2352E-09 6.2540E-09 6.2668E-09 6.2737E-09 6.2727E-09 6.2677E-09 6.2550E-09 6.2337E-09 6.2042E-09 6.1646E-09 6.1128E-09 6.0405E-09 5.8196E-09 5.7143E-09 5.5854E-09 5.4415E-09 5.2809E-09 5.1069E-09 4.8159E-09 4.4381E-09 4.2538E-09 4.0599E-09 3.7983E-09 3.5984E-09 3.3935E-09 3.1856E-09 2.8906E-09
3.3692E-09 3.4355E-09 3.5015E-09 3.5672E-09 3.6327E-09 3.6986E-09 3.7638E-09 3.8274E-09 3.8899E-09 3.9514E-09 4.0117E-09 4.0707E-09 4.3505E-09 4.5281E-09 4.5930E-09 4.6558E-09 4.8334E-09 4.8946E-09 4.9530E-09 5.0086E-09 5.0611E-09 5.1113E-09 5.1589E-09 5.4537E-09 5.6278E-09 5.6731E-09 5.7151E-09 5.7524E-09 5.7844E-09 5.8114E-09 5.8329E-09 5.8492E-09 5.8597E-09 5.8649E-09 5.8631E-09 5.8552E-09 5.8422E-09 5.8213E-09 5.7920E-09 5.7536E-09 5.7051E-09 5.6414E-09 5.5589E-09 5.4621E-09 5.3427E-09 5.0865E-09 4.7182E-09 4.5762E-09 4.4215E-09 4.2573E-09 4.0085E-09 3.8337E-09 3.6510E-09 3.4618E-09 3.1368E-09 2.9648E-09 2.7899E-09
3.2662E-09 3.3297E-09 3.3930E-09 3.4558E-09 3.5182E-09 3.5800E-09 3.6419E-09 3.7034E-09 3.7638E-09 3.8224E-09 3.8799E-09 3.9361E-09 3.9910E-09 4.0443E-09 4.3173E-09 4.4872E-09 4.5446E-09 4.5996E-09 4.6522E-09 4.8197E-09 4.8693E-09 4.9161E-09 4.9606E-09 5.0022E-09 5.0411E-09 5.0772E-09 5.1096E-09 5.3865E-09 5.4143E-09 5.4373E-09 5.5833E-09 5.5976E-09 5.6068E-09 5.6104E-09 5.6087E-09 5.5999E-09 5.5856E-09 5.5648E-09 5.5360E-09 5.3712E-09 5.3253E-09 5.0190E-09 4.9473E-09 4.8598E-09 4.7605E-09 4.6480E-09 4.5237E-09 4.2928E-09 4.1555E-09 4.0079E-09 3.8507E-09 3.6172E-09 3.3352E-09 3.1818E-09 3.0230E-09 2.8600E-09 2.6942E-09
3.1654E-09 3.2263E-09 3.2868E-09 3.3470E-09 3.4066E-09 3.4657E-09 3.5241E-09 3.5817E-09 3.6394E-09 3.6962E-09 3.7516E-09 3.8052E-09 3.8575E-09 3.9082E-09 3.9574E-09 4.0048E-09 4.0504E-09 4.3184E-09 4.4801E-09 4.5273E-09 4.5719E-09 4.6137E-09 4.6531E-09 4.8083E-09 4.8442E-09 4.8779E-09 4.9083E-09 4.9352E-09 4.9585E-09 4.9776E-09 4.9927E-09 5.0035E-09 5.0098E-09 5.0115E-09 5.0086E-09 5.0000E-09 4.9855E-09 4.9659E-09 4.9396E-09 4.9058E-09 4.8633E-09 4.8115E-09 4.7478E-09 4.5480E-09 4.4569E-09 4.3552E-09 4.2435E-09 4.1227E-09 3.9917E-09 3.7701E-09 3.4835E-09 3.3510E-09 3.2116E-09 3.0659E-09 2.9151E-09 2.7605E-09 2.6033E-09
3.0670E-09 3.1252E-09 3.1831E-09 3.2407E-09 3.2977E-09 3.3542E-09 3.4100E-09 3.4650E-09 3.5191E-09 3.5722E-09 3.6242E-09 3.6750E-09 3.7245E-09 3.7726E-09 3.8191E-09 3.8640E-09 3.9071E-09 3.9483E-09 3.9875E-09 4.0246E-09 4.2835E-09 4.4346E-09 4.4712E-09 4.5055E-09 4.5374E-09 4.5665E-09 4.5934E-09 4.6170E-09 4.6376E-09 4.7721E-09 4.7859E-09 4.7958E-09 4.8015E-09 4.8027E-09 4.7992E-09 4.7909E-09 4.7771E-09 4.6400E-09 4.6153E-09 4.5839E-09 4.5444E-09 4.4959E-09 4.4385E-09 4.3658E-09 4.2796E-09 4.1835E-09 3.9786E-09 3.6867E-09 3.5836E-09 3.4724E-09 3.3534E-09 3.2272E-09 3.0945E-09 2.9560E-09 2.8128E-09 2.6660E-09 2.5167E-09
2.9707E-09 3.0265E-09 3.0819E-09 3.1370E-09 3.1915E-09 3.2455E-09 3.2988E-09 3.3513E-09 3.4029E-09 3.4536E-09 3.5032E-09 3.5516E-09 3.5988E-09 3.6446E-09 3.6889E-09 3.7316E-09 3.7726E-09 3.8118E-09 3.8490E-09 3.8843E-09 3.9174E-09 3.9483E-09 3.9770E-09 4.2239E-09 4.2520E-09 4.3908E-09 4.4156E-09 4.4377E-09 4.4567E-09 4.4726E-09 4.4848E-09 4.4934E-09 4.4983E-09 4.4993E-09 4.4957E-09 4.4876E-09 4.4748E-09 4.4564E-09 4.4325E-09 4.4018E-09 4.3643E-09 4.2037E-09 4.1496E-09 3.8653E-09 3.7981E-09 3.7230E-09 3.6399E-09 3.5490E-09 3.4502E-09 3.3439E-09 3.2303E-09 3.1100E-09 2.9836E-09 2.8518E-09 2.7157E-09 2.5762E-09 2.4344E-09
2.7604E-09 2.8656E-09 2.9832E-09 3.0358E-09 3.0880E-09 3.1395E-09 3.1905E-09 3.2406E-09 3.2899E-09 3.3382E-09 3.3855E-09 3.4317E-09 3.4766E-09 3.5202E-09 3.5624E-09 3.6030E-09 3.6420E-09 3.6793E-09 3.7147E-09 3.7482E-09 3.7797E-09 3.8090E-09 3.8362E-09 3.8611E-09 3.8842E-09 3.9054E-09 3.9243E-09 3.9415E-09 3.9564E-09 3.9686E-09 3.9782E-09 3.9846E-09 3.9881E-09 3.9885E-09 3.9853E-09 3.9779E-09 3.9666E-09 3.9508E-09 3.9300E-09 3.9032E-09 3.8702E-09 3.8297E-09 3.7806E-09 3.7233E-09 3.6584E-09 3.5860E-09 3.5060E-09 3.4186E-09 3.3240E-09 3.2222E-09 3.1137E-09 2.9989E-09 2.8784E-09 2.7530E-09 2.6235E-09 2.4908E-09 2.3561E-09
2.4390E-09 2.6178E-09 2.7958E-09 2.8719E-09 2.9871E-09 3.0364E-09 3.0850E-09 3.1329E-09 3.1799E-09 3.2260E-09 3.2711E-09 3.3151E-09 3.3579E-09 3.3994E-09 3.4396E-09 3.4782E-09 3.5153E-09 3.5508E-09 3.5844E-09 3.6163E-09 3.6461E-09 3.6740E-09 3.6998E-09 3.7234E-09 3.7449E-09 3.7646E-09 3.7824E-09 3.7981E-09 3.8118E-09 3.8230E-09 3.8319E-09 3.8379E-09 3.8409E-09 3.8410E-09 3.8381E-09 3.8310E-09 3.8201E-09 3.8049E-09 3.7852E-09 3.7600E-09 3.7280E-09 3.6899E-09 3.6435E-09 3.5883E-09 3.5257E-09 3.4560E-09 3.3791E-09 3.2951E-09 3.2043E-09 3.1069E-09 3.0031E-09 2.8936E-09 2.7787E-09 2.6592E-09 2.5359E-09 2.4096E-09 2.2815E-09
2.2845E-09 2.3443E-09 2.5767E-09 2.6881E-09 2.7976E-09 2.9359E-09 2.9823E-09 3.0280E-09 3.0729E-09 3.1169E-09 3.1599E-09 3.2018E-09 3.2426E-09 3.2822E-09 3.3204E-09 3.3572E-09 3.3924E-09 3.4262E-09 3.4582E-09 3.4884E-09 3.5168E-09 3.5432E-09 3.5677E-09 3.5901E-09 3.6103E-09 3.6286E-09 3.6452E-09 3.6596E-09 3.6722E-09 3.6827E-09 3.6906E-09 3.6962E-09 3.6988E-09 3.6987E-09 3.6957E-09 3.6894E-09 3.6788E-09 3.6644E-09 3.6457E-09 3.6221E-09 3.5921E-09 3.5555E-09 3.5123E-09 3.4600E-09 3.3997E-09 3.3325E-09 3.2587E-09 3.1781E-09 3.0909E-09 2.9976E-09 2.8983E-09 2.7936E-09 2.6840E-09 2.5701E-09 2.4526E-09 2.3324E-09 2.1953E-09
2.1668E-09 2.2087E-09 2.2864E-09 2.3676E-09 2.5760E-09 2.6850E-09 2.7911E-09 2.8991E-09 2.9689E-09 3.0109E-09 3.0519E-09 3.0919E-09 3.1307E-09 3.1684E-09 3.2047E-09 3.2397E-09 3.2733E-09 3.3054E-09 3.3358E-09 3.3645E-09 3.3915E-09 3.4166E-09 3.4398E-09 3.4610E-09 3.4802E-09 3.4973E-09 3.5127E-09 3.5262E-09 3.5376E-09 3.5472E-09 3.5545E-09 3.5594E-09 3.5618E-09 3.5614E-09 3.5583E-09 3.5524E-09 3.5428E-09 3.5290E-09 3.5111E-09 3.4889E-09 3.4615E-09 3.4267E-09 3.3858E-09 3.3371E-09 3.2798E-09 3.2152E-09 3.1443E-09 3.0670E-09 2.9833E-09 2.8939E-09 2.7989E-09 2.6988E-09 2.5939E-09 2.4842E-09 2.3522E-09 2.2196E-09 2.0859E-09
1.9983E-09 2.1136E-09 2.1681E-09 2.2074E-09 2.2823E-09 2.3616E-09 2.5679E-09 2.6740E-09 2.7764E-09 2.8811E-09 2.9470E-09 2.9851E-09 3.0221E-09 3.0580E-09 3.0926E-09 3.1259E-09 3.1579E-09 3.1883E-09 3.2173E-09 3.2446E-09 3.2702E-09 3.2940E-09 3.3160E-09 3.3362E-09 3.3543E-09 3.3705E-09 3.3847E-09 3.3973E-09 3.4078E-09 3.4165E-09 3.4232E-09 3.4275E-09 3.4296E-09 3.4290E-09 3.4258E-09 3.4200E-09 3.4113E-09 3.3983E-09 3.3816E-09 3.3604E-09 3.3350E-09 3.3033E-09 3.2641E-09 3.2192E-09 3.1655E-09 3.1036E-09 3.0355E-09 2.9611E-09 2.8799E-09 2.7937E-09 2.7018E-09 2.6051E-09 2.4811E-09 2.3548E-09 2.2275E-09 2.0984E-09 1.9955E-09
1.7699E-09 1.9704E-09 1.9972E-09 2.1111E-09 2.1626E-09 2.1995E-09 2.2346E-09 2.3495E-09 2.5153E-09 2.6551E-09 2.6916E-09 2.7897E-09 2.8899E-09 2.9509E-09 2.9839E-09 3.0156E-09 3.0460E-09 3.0750E-09 3.1024E-09 3.1284E-09 3.1527E-09 3.1754E-09 3.1963E-09 3.2154E-09 3.2326E-09 3.2479E-09 3.2613E-09 3.2728E-09 3.2827E-09 3.2905E-09 3.2965E-09 3.3004E-09 3.3021E-09 3.3014E-09 3.2981E-09 3.2924E-09 3.2840E-09 3.2725E-09 3.2565E-09 3.2367E-09 3.2127E-09 3.1841E-09 3.1476E-09 3.1048E-09 3.0555E-09 2.9968E-09 2.9287E-09 2.8555E-09 2.7772E-09 2.6662E-09 2.5518E-09 2.4339E-09 2.3192E-09 2.2224E-09 2.1269E-09 2.0266E-09 1.8817E-09
1.5494E-09 1.7456E-09 1.8280E-09 1.9667E-09 2.0519E-09 2.1034E-09 2.1517E-09 2.1846E-09 2.2178E-09 2.2694E-09 2.4938E-09 2.5914E-09 2.6614E-09 2.6933E-09 2.8521E-09 2.8819E-09 2.9376E-09 2.9652E-09 2.9913E-09 3.0160E-09 3.0391E-09 3.0606E-09 3.0805E-09 3.0986E-09 3.1149E-09 3.1294E-09 3.1420E-09 3.1528E-09 3.1618E-09 3.1691E-09 3.1744E-09 3.1779E-09 3.1792E-09 3.1783E-09 3.1751E-09 3.1694E-09 3.1612E-09 3.1506E-09 3.1359E-09 3.1174E-09 3.0946E-09 3.0677E-09 3.0342E-09 2.9930E-09 2.9447E-09 2.8884E-09 2.7913E-09 2.6901E-09 2.5862E-09 2.4870E-09 2.4028E-09 2.3216E-09 2.2372E-09 2.1484E-09 1.9833E-09 1.8823E-09 1.7609E-09
1.4035E-09 1.5083E-09 1.5451E-09 1.7408E-09 1.8221E-09 1.9353E-09 2.0421E-09 2.0914E-09 2.1346E-09 2.1637E-09 2.1932E-09 2.2223E-09 2.4273E-09 2.4546E-09 2.5869E-09 2.6147E-09 2.6789E-09 2.7960E-09 2.8572E-09 2.8804E-09 2.9020E-09 2.9496E-09 2.9684E-09 2.9856E-09 3.0011E-09 3.0149E-09 3.0268E-09 3.0369E-09 3.0453E-09 3.0520E-09 3.0568E-09 3.0598E-09 3.0608E-09 3.0597E-09 3.0565E-09 3.0509E-09 3.0427E-09 3.0314E-09 3.0177E-09 2.9997E-09 2.9782E-09 2.9509E-09 2.9202E-09 2.8083E-09 2.6995E-09 2.6526E-09 2.5964E-09 2.5305E-09 2.4656E-09 2.3975E-09 2.2644E-09 2.1645E-09 2.0648E-09 1.9675E-09 1.7943E-09 1.7078E-09 1.5515E-09
1.2373E-09 1.3180E-09 1.3990E-09 1.4681E-09 1.5382E-09 1.6987E-09 1.8124E-09 1.8320E-09 1.9680E-09 2.0498E-09 2.0965E-09 2.1377E-09 2.1632E-09 2.1880E-09 2.2359E-09 2.4161E-09 2.4392E-09 2.5287E-09 2.5520E-09 2.6115E-09 2.6318E-09 2.6506E-09 2.7975E-09 2.8133E-09 2.8276E-09 2.8773E-09 2.8885E-09 2.8979E-09 2.9056E-09 2.9116E-09 2.9434E-09 2.9458E-09 2.9461E-09 2.9443E-09 2.9401E-09 2.9341E-09 2.8976E-09 2.7731E-09 2.7603E-09 2.7451E-09 2.7244E-09 2.7012E-09 2.6723E-09 2.6373E-09 2.5947E-09 2.5508E-09 2.4112E-09 2.3575E-09 2.2965E-09 2.2314E-09 2.1425E-09 1.9598E-09 1.8731E-09 1.6854E-09 1.6293E-09 1.5250E-09 1.4082E-09
1.2125E-09 1.2229E-09 1.2331E-09 1.3128E-09 1.3400E-09 1.4603E-09 1.4942E-09 1.6876E-09 1.7650E-09 1.8171E-09 1.8926E-09 2.0289E-09 2.0482E-09 2.1092E-09 2.1282E-09 2.1500E-09 2.1707E-09 2.2128E-09 2.3665E-09 2.4096E-09 2.4271E-09 2.5106E-09 2.5268E-09 2.5426E-09 2.5567E-09 2.5693E-09 2.5797E-09 2.5884E-09 2.6619E-09 2.6671E-09 2.6961E-09 2.6972E-09 2.6971E-09 2.6943E-09 2.6905E-09 2.6840E-09 2.6752E-09 2.6628E-09 2.6235E-09 2.6068E-09 2.5228E-09 2.5017E-09 2.4773E-09 2.4487E-09 2.4143E-09 2.3719E-09 2.3284E-09 2.2507E-09 2.1047E-09 1.9626E-09 1.7906E-09 1.7433E-09 1.6708E-09 1.5459E-09 1.4220E-09 1.3624E-09 1.3007E-09
1.1879E-09 1.1981E-09 1.2081E-09 1.2178E-09 1.2273E-09 1.2526E-09 1.3321E-09 1.3425E-09 1.4621E-09 1.6390E-09 1.6885E-09 1.7645E-09 1.7798E-09 1.8874E-09 1.9869E-09 2.0372E-09 2.0700E-09 2.1103E-09 2.1248E-09 2.1403E-09 2.1560E-09 2.1930E-09 2.2065E-09 2.3543E-09 2.3903E-09 2.4012E-09 2.4767E-09 2.4835E-09 2.4890E-09 2.4928E-09 2.4953E-09 2.4968E-09 2.4963E-09 2.4947E-09 2.4909E-09 2.4860E-09 2.4787E-09 2.4696E-09 2.4578E-09 2.4429E-09 2.4268E-09 2.4058E-09 2.3171E-09 2.2924E-09 2.2003E-09 2.1099E-09 1.8955E-09 1.8377E-09 1.8009E-09 1.7612E-09 1.6303E-09 1.5189E-09 1.4205E-09 1.3850E-09 1.3481E-09 1.2685E-09 1.2327E-09
1.1637E-09 1.1736E-09 1.1833E-09 1.1928E-09 1.2021E-09 1.2112E-09 1.2200E-09 1.2287E-09 1.2690E-09 1.3319E-09 1.3411E-09 1.4271E-09 1.6357E-09 1.6483E-09 1.7220E-09 1.7698E-09 1.7821E-09 1.8868E-09 1.9833E-09 1.9955E-09 2.0584E-09 2.0694E-09 2.0795E-09 2.1139E-09 2.1222E-09 2.1295E-09 2.1357E-09 2.1635E-09 2.1679E-09 2.1712E-09 2.3080E-09 2.3090E-09 2.3087E-09 2.3073E-09 2.3044E-09 2.2999E-09 2.2938E-09 2.2861E-09 2.2767E-09 2.0608E-09 1.9899E-09 1.9760E-09 1.9079E-09 1.8904E-09 1.8709E-09 1.8484E-09 1.7621E-09 1.5804E-09 1.5533E-09 1.4784E-09 1.4494E-09 1.4185E-09 1.3365E-09 1.2885E-09 1.1674E-09 1.1413E-09 1.0966E-09
1.1251E-09 1.1494E-09 1.1589E-09 1.1682E-09 1.1772E-09 1.1861E-09 1.1947E-09 1.2031E-09 1.2113E-09 1.2192E-09 1.2429E-09 1.2664E-09 1.3279E-09 1.3359E-09 1.3644E-09 1.5517E-09 1.6367E-09 1.7079E-09 1.7183E-09 1.7279E-09 1.7370E-09 1.7453E-09 1.8464E-09 1.9146E-09 1.9456E-09 1.9693E-09 1.9749E-09 1.9796E-09 1.9832E-09 1.9859E-09 1.9875E-09 1.9881E-09 1.9526E-09 1.9512E-09 1.9486E-09 1.9448E-09 1.9396E-09 1.8796E-09 1.8721E-09 1.8633E-09 1.8530E-09 1.7826E-09 1.6845E-09 1.6696E-09 1.6014E-09 1.5313E-09 1.5127E-09 1.4906E-09 1.4495E-09 1.3682E-09 1.3434E-09 1.2121E-09 1.1898E-09 1.1468E-09 1.1233E-09 1.0991E-09 1.0740E-09
1.1021E-09 1.1112E-09 1.1202E-09 1.1438E-09 1.1527E-09 1.1613E-09 1.1697E-09 1.1779E-09 1.1859E-09 1.1936E-09 1.2011E-09 1.2083E-09 1.2153E-09 1.2380E-09 1.2605E-09 1.2670E-09 1.2732E-09 1.3331E-09 1.3601E-09 1.5455E-09 1.5749E-09 1.5820E-09 1.6500E-09 1.6565E-09 1.6622E-09 1.6673E-09 1.6717E-09 1.6753E-09 1.6781E-09 1.6802E-09 1.6815E-09 1.6820E-09 1.6816E-09 1.6804E-09 1.6782E-09 1.6750E-09 1.6706E-09 1.6651E-09 1.6584E-09 1.5963E-09 1.5315E-09 1.5222E-09 1.5117E-09 1.5000E-09 1.4255E-09 1.4118E-09 1.3968E-09 1.2570E-09 1.2190E-09 1.2022E-09 1.1844E-09 1.1649E-09 1.1441E-09 1.1023E-09 1.0803E-09 1.0576E-09 1.0204E-09
1.0658E-09 1.0745E-09 1.0970E-09 1.1056E-09 1.1140E-09 1.1369E-09 1.1451E-09 1.1531E-09 1.1608E-09 1.1684E-09 1.1757E-09 1.1827E-09 1.1895E-09 1.1960E-09 1.2023E-09 1.2082E-09 1.2139E-09 1.2353E-09 1.2565E-09 1.2615E-09 1.2662E-09 1.2706E-09 1.2954E-09 1.2992E-09 1.4258E-09 1.4297E-09 1.4550E-09 1.4578E-09 1.4601E-09 1.4618E-09 1.4629E-09 1.4633E-09 1.4631E-09 1.4622E-09 1.4604E-09 1.4579E-09 1.4543E-09 1.4498E-09 1.4442E-09 1.4377E-09 1.4301E-09 1.4214E-09 1.2661E-09 1.2564E-09 1.2456E-09 1.2337E-09 1.2208E-09 1.2069E-09 1.1918E-09 1.1545E-09 1.1374E-09 1.1192E-09 1.0842E-09 1.0643E-09 1.0285E-09 1.0077E-09 9.8614E-10
