Assets/Resources/2015_m01_d14_1300(utc+0800)_l00_csi_1hr_conc.grd
DSAA
         159         159
     -79.000      79.000
     -79.000      79.000
  0.0000E+00  0.5133E-05
[rows 25 to 49 of 159, columns 0 to 56 of 159]
3.4556E-09 3.6061E-09 3.7657E-09 3.9273E-09 4.0974E-09 4.2764E-09 4.4649E-09 4.6634E-09 4.8725E-09 5.0926E-09 5.3243E-09 5.5695E-09 5.8386E-09 6.1318E-09 6.4666E-09 6.8183E-09 7.1968E-09 7.6085E-09 8.0487E-09 8.5219E-09 9.0356E-09 9.5981E-09 1.0211E-08 1.0882E-08 1.1615E-08 1.2418E-08 1.3292E-08 1.4254E-08 1.5292E-08 1.6416E-08 1.7623E-08 1.8910E-08 2.0274E-08 2.1708E-08 2.3205E-08 2.4747E-08 2.6317E-08 2.7905E-08 2.9479E-08 3.1016E-08 3.2492E-08 3.3878E-08 3.5143E-08 3.6265E-08 3.7211E-08 3.7922E-08 3.8333E-08 3.8504E-08 3.8505E-08 3.8283E-08 3.7853E-08 3.7215E-08 3.6363E-08 3.5311E-08 3.4083E-08 3.2702E-08 3.1196E-08
3.4001E-09 3.5481E-09 3.7051E-09 3.8644E-09 4.0320E-09 4.2085E-09 4.3946E-09 4.5907E-09 4.7974E-09 5.0152E-09 5.2447E-09 5.4879E-09 5.7502E-09 6.0459E-09 6.3753E-09 6.7351E-09 7.1141E-09 7.5239E-09 7.9593E-09 8.4329E-09 8.9486E-09 9.5151E-09 1.0133E-08 1.0812E-08 1.1554E-08 1.2367E-08 1.3256E-08 1.4236E-08 1.5295E-08 1.6445E-08 1.7681E-08 1.9003E-08 2.0405E-08 2.1886E-08 2.3432E-08 2.5028E-08 2.6665E-08 2.8317E-08 2.9961E-08 3.1575E-08 3.3130E-08 3.4595E-08 3.5941E-08 3.7137E-08 3.8158E-08 3.8945E-08 3.9418E-08 3.9645E-08 3.9679E-08 3.9485E-08 3.9061E-08 3.8423E-08 3.7561E-08 3.6487E-08 3.5221E-08 3.3791E-08 3.2225E-08
3.3401E-09 3.4852E-09 3.6393E-09 3.7958E-09 3.9605E-09 4.1342E-09 4.3173E-09 4.5104E-09 4.7141E-09 4.9290E-09 5.1557E-09 5.3960E-09 5.6538E-09 5.9480E-09 6.2655E-09 6.6320E-09 7.0094E-09 7.4192E-09 7.8521E-09 8.3241E-09 8.8386E-09 9.4047E-09 1.0024E-08 1.0707E-08 1.1455E-08 1.2275E-08 1.3172E-08 1.4165E-08 1.5240E-08 1.6408E-08 1.7668E-08 1.9017E-08 2.0453E-08 2.1970E-08 2.3556E-08 2.5204E-08 2.6895E-08 2.8604E-08 3.0315E-08 3.2001E-08 3.3628E-08 3.5170E-08 3.6595E-08 3.7870E-08 3.8967E-08 3.9827E-08 4.0379E-08 4.0663E-08 4.0751E-08 4.0591E-08 4.0185E-08 3.9551E-08 3.8685E-08 3.7595E-08 3.6302E-08 3.4831E-08 3.3209E-08
3.2546E-09 3.4177E-09 3.5684E-09 3.7217E-09 3.8832E-09 4.0535E-09 4.2332E-09 4.4228E-09 4.6230E-09 4.8344E-09 5.0575E-09 5.2943E-09 5.5472E-09 5.8351E-09 6.1519E-09 6.5035E-09 6.8863E-09 7.2930E-09 7.7240E-09 8.1939E-09 8.7064E-09 9.2704E-09 9.8874E-09 1.0568E-08 1.1318E-08 1.2140E-08 1.3043E-08 1.4040E-08 1.5125E-08 1.6305E-08 1.7580E-08 1.8949E-08 2.0411E-08 2.1953E-08 2.3576E-08 2.5264E-08 2.6997E-08 2.8761E-08 3.0531E-08 3.2278E-08 3.3975E-08 3.5590E-08 3.7088E-08 3.8440E-08 3.9613E-08 4.0542E-08 4.1180E-08 4.1540E-08 4.1681E-08 4.1563E-08 4.1190E-08 4.0569E-08 3.9714E-08 3.8622E-08 3.7310E-08 3.5809E-08 3.4145E-08
3.1878E-09 3.3413E-09 3.4928E-09 3.6426E-09 3.8004E-09 3.9669E-09 4.1427E-09 4.3283E-09 4.5244E-09 4.7316E-09 4.9505E-09 5.1831E-09 5.4291E-09 5.7087E-09 6.0258E-09 6.3671E-09 6.7428E-09 7.1494E-09 7.5752E-09 8.0406E-09 8.5485E-09 9.1093E-09 9.7232E-09 1.0399E-08 1.1143E-08 1.1963E-08 1.2864E-08 1.3863E-08 1.4948E-08 1.6134E-08 1.7417E-08 1.8798E-08 2.0272E-08 2.1837E-08 2.3484E-08 2.5201E-08 2.6972E-08 2.8778E-08 3.0597E-08 3.2401E-08 3.4159E-08 3.5839E-08 3.7411E-08 3.8836E-08 4.0084E-08 4.1087E-08 4.1805E-08 4.2255E-08 4.2463E-08 4.2403E-08 4.2068E-08 4.1481E-08 4.0642E-08 3.9560E-08 3.8246E-08 3.6724E-08 3.5028E-08
3.1172E-09 3.2437E-09 3.4127E-09 3.5586E-09 3.7124E-09 3.8747E-09 4.0461E-09 4.2272E-09 4.4187E-09 4.6211E-09 4.8352E-09 5.0616E-09 5.3032E-09 5.5750E-09 5.8847E-09 6.2181E-09 6.5809E-09 6.9892E-09 7.4079E-09 7.8659E-09 8.3663E-09 8.9193E-09 9.5277E-09 1.0196E-08 1.0932E-08 1.1743E-08 1.2637E-08 1.3632E-08 1.4712E-08 1.5894E-08 1.7178E-08 1.8561E-08 2.0042E-08 2.1618E-08 2.3278E-08 2.5014E-08 2.6812E-08 2.8651E-08 3.0510E-08 3.2359E-08 3.4172E-08 3.5913E-08 3.7550E-08 3.9048E-08 4.0372E-08 4.1444E-08 4.2247E-08 4.2800E-08 4.3089E-08 4.3086E-08 4.2812E-08 4.2266E-08 4.1462E-08 4.0402E-08 3.9096E-08 3.7570E-08 3.5852E-08
3.0428E-09 3.1660E-09 3.3196E-09 3.4701E-09 3.6196E-09 3.7773E-09 3.9439E-09 4.1201E-09 4.3064E-09 4.5035E-09 4.7121E-09 4.9328E-09 5.1676E-09 5.4271E-09 5.7292E-09 6.0560E-09 6.4159E-09 6.7986E-09 7.2229E-09 7.6714E-09 8.1618E-09 8.7043E-09 9.3016E-09 9.9583E-09 1.0685E-08 1.1484E-08 1.2364E-08 1.3348E-08 1.4417E-08 1.5589E-08 1.6864E-08 1.8241E-08 1.9719E-08 2.1293E-08 2.2958E-08 2.4704E-08 2.6514E-08 2.8378E-08 3.0264E-08 3.2152E-08 3.4008E-08 3.5804E-08 3.7502E-08 3.9066E-08 4.0463E-08 4.1610E-08 4.2502E-08 4.3153E-08 4.3535E-08 4.3614E-08 4.3409E-08 4.2926E-08 4.2168E-08 4.1148E-08 3.9870E-08 3.8353E-08 3.6632E-08
2.9594E-09 3.0847E-09 3.2097E-09 3.3730E-09 3.5223E-09 3.6751E-09 3.8366E-09 4.0073E-09 4.1879E-09 4.3792E-09 4.5817E-09 4.7961E-09 5.0231E-09 5.2710E-09 5.5630E-09 5.8870E-09 6.2375E-09 6.6107E-09 7.0113E-09 7.4584E-09 7.9365E-09 8.4657E-09 9.0490E-09 9.6905E-09 1.0401E-08 1.1184E-08 1.2048E-08 1.3013E-08 1.4064E-08 1.5220E-08 1.6477E-08 1.7840E-08 1.9304E-08 2.0866E-08 2.2526E-08 2.4269E-08 2.6084E-08 2.7957E-08 2.9863E-08 3.1776E-08 3.3669E-08 3.5508E-08 3.7261E-08 3.8889E-08 4.0353E-08 4.1581E-08 4.2556E-08 4.3313E-08 4.3802E-08 4.3973E-08 4.3849E-08 4.3439E-08 4.2748E-08 4.1780E-08 4.0545E-08 3.9057E-08 3.7339E-08
2.8653E-09 2.9977E-09 3.1211E-09 3.2683E-09 3.4211E-09 3.5686E-09 3.7245E-09 3.8894E-09 4.0639E-09 4.2488E-09 4.4447E-09 4.6522E-09 4.8721E-09 5.1082E-09 5.3834E-09 5.7031E-09 6.0456E-09 6.4089E-09 6.7923E-09 7.2157E-09 7.6919E-09 8.2053E-09 8.7715E-09 9.3944E-09 1.0085E-08 1.0846E-08 1.1690E-08 1.2631E-08 1.3657E-08 1.4789E-08 1.6021E-08 1.7362E-08 1.8801E-08 2.0347E-08 2.1985E-08 2.3715E-08 2.5523E-08 2.7392E-08 2.9306E-08 3.1234E-08 3.3152E-08 3.5028E-08 3.6826E-08 3.8509E-08 4.0043E-08 4.1344E-08 4.2412E-08 4.3265E-08 4.3871E-08 4.4147E-08 4.4120E-08 4.3803E-08 4.3198E-08 4.2304E-08 4.1130E-08 3.9688E-08 3.8001E-08
2.7689E-09 2.9000E-09 3.0281E-09 3.1517E-09 3.3074E-09 3.4583E-09 3.6084E-09 3.7671E-09 3.9351E-09 4.1131E-09 4.3018E-09 4.5018E-09 4.7140E-09 4.9388E-09 5.1924E-09 5.5019E-09 5.8370E-09 6.1944E-09 6.5646E-09 6.9678E-09 7.4250E-09 7.9257E-09 8.4724E-09 9.0739E-09 9.7416E-09 1.0477E-08 1.1295E-08 1.2208E-08 1.3205E-08 1.4304E-08 1.5505E-08 1.6815E-08 1.8219E-08 1.9738E-08 2.1348E-08 2.3049E-08 2.4838E-08 2.6695E-08 2.8600E-08 3.0535E-08 3.2466E-08 3.4366E-08 3.6200E-08 3.7934E-08 3.9525E-08 4.0903E-08 4.2061E-08 4.3019E-08 4.3731E-08 4.4136E-08 4.4223E-08 4.4015E-08 4.3511E-08 4.2713E-08 4.1620E-08 4.0242E-08 3.8597E-08
2.6771E-09 2.7963E-09 2.9268E-09 3.0525E-09 3.1915E-09 3.3402E-09 3.4886E-09 3.6408E-09 3.8019E-09 3.9727E-09 4.1538E-09 4.3458E-09 4.5496E-09 4.7658E-09 4.9983E-09 5.2930E-09 5.6223E-09 5.9667E-09 6.3235E-09 6.7105E-09 7.1389E-09 7.6292E-09 8.1539E-09 8.7313E-09 9.3728E-09 1.0079E-08 1.0868E-08 1.1748E-08 1.2709E-08 1.3770E-08 1.4932E-08 1.6203E-08 1.7568E-08 1.9046E-08 2.0619E-08 2.2285E-08 2.4038E-08 2.5872E-08 2.7760E-08 2.9684E-08 3.1619E-08 3.3531E-08 3.5390E-08 3.7162E-08 3.8812E-08 4.0259E-08 4.1509E-08 4.2568E-08 4.3398E-08 4.3936E-08 4.4151E-08 4.4067E-08 4.3684E-08 4.2998E-08 4.2002E-08 4.0708E-08 3.9128E-08
2.5772E-09 2.6942E-09 2.8185E-09 2.9439E-09 3.0693E-09 3.2156E-09 3.3614E-09 3.5116E-09 3.6656E-09 3.8288E-09 4.0018E-09 4.1855E-09 4.3804E-09 4.5873E-09 4.8069E-09 5.0713E-09 5.3948E-09 5.7291E-09 6.0696E-09 6.4418E-09 6.8517E-09 7.3072E-09 7.8190E-09 8.3711E-09 8.9824E-09 9.6581E-09 1.0413E-08 1.1256E-08 1.2177E-08 1.3195E-08 1.4312E-08 1.5534E-08 1.6853E-08 1.8281E-08 1.9806E-08 2.1429E-08 2.3138E-08 2.4931E-08 2.6792E-08 2.8695E-08 3.0618E-08 3.2530E-08 3.4407E-08 3.6210E-08 3.7901E-08 3.9422E-08 4.0758E-08 4.1925E-08 4.2863E-08 4.3536E-08 4.3902E-08 4.3953E-08 4.3709E-08 4.3154E-08 4.2284E-08 4.1090E-08 3.9593E-08
2.4782E-09 2.5911E-09 2.7073E-09 2.8333E-09 2.9577E-09 3.0903E-09 3.2283E-09 3.3756E-09 3.5272E-09 3.6826E-09 3.8474E-09 4.0223E-09 4.2080E-09 4.4052E-09 4.6146E-09 4.8434E-09 5.1507E-09 5.4781E-09 5.8101E-09 6.1644E-09 6.5535E-09 6.9796E-09 7.4681E-09 7.9953E-09 8.5740E-09 9.2167E-09 9.9341E-09 1.0736E-08 1.1612E-08 1.2582E-08 1.3648E-08 1.4818E-08 1.6080E-08 1.7452E-08 1.8920E-08 2.0487E-08 2.2146E-08 2.3888E-08 2.5705E-08 2.7578E-08 2.9475E-08 3.1379E-08 3.3257E-08 3.5081E-08 3.6812E-08 3.8391E-08 3.9818E-08 4.1082E-08 4.2138E-08 4.2942E-08 4.3461E-08 4.3673E-08 4.3579E-08 4.3171E-08 4.2438E-08 4.1373E-08 3.9979E-08
2.3839E-09 2.4887E-09 2.5964E-09 2.7154E-09 2.8395E-09 2.9615E-09 3.1005E-09 3.2397E-09 3.3827E-09 3.5353E-09 3.6916E-09 3.8575E-09 4.0337E-09 4.2208E-09 4.4196E-09 4.6311E-09 4.8999E-09 5.2272E-09 5.5450E-09 5.8793E-09 6.2464E-09 6.6473E-09 7.0939E-09 7.6067E-09 8.1519E-09 8.7584E-09 9.4357E-09 1.0193E-08 1.1020E-08 1.1939E-08 1.2949E-08 1.4062E-08 1.5260E-08 1.6569E-08 1.7972E-08 1.9474E-08 2.1070E-08 2.2756E-08 2.4516E-08 2.6343E-08 2.8206E-08 3.0085E-08 3.1957E-08 3.3787E-08 3.5546E-08 3.7188E-08 3.8687E-08 4.0048E-08 4.1214E-08 4.2154E-08 4.2835E-08 4.3211E-08 4.3282E-08 4.3039E-08 4.2465E-08 4.1545E-08 4.0281E-08
2.2919E-09 2.3845E-09 2.4894E-09 2.5957E-09 2.7202E-09 2.8370E-09 2.9603E-09 3.0991E-09 3.2389E-09 3.3876E-09 3.5353E-09 3.6921E-09 3.8586E-09 4.0354E-09 4.2232E-09 4.4227E-09 4.6443E-09 4.9564E-09 5.2710E-09 5.5875E-09 5.9341E-09 6.3126E-09 6.7284E-09 7.2001E-09 7.7207E-09 8.2887E-09 8.9233E-09 9.6338E-09 1.0409E-08 1.1273E-08 1.2223E-08 1.3274E-08 1.4404E-08 1.5644E-08 1.6976E-08 1.8404E-08 1.9927E-08 2.1544E-08 2.3242E-08 2.5007E-08 2.6826E-08 2.8668E-08 3.0517E-08 3.2346E-08 3.4126E-08 3.5804E-08 3.7380E-08 3.8824E-08 4.0105E-08 4.1175E-08 4.2009E-08 4.2565E-08 4.2812E-08 4.2750E-08 4.2353E-08 4.1601E-08 4.0483E-08
2.2069E-09 2.2887E-09 2.3817E-09 2.4836E-09 2.5965E-09 2.7171E-09 2.8321E-09 2.9582E-09 3.0961E-09 3.2306E-09 3.3797E-09 3.5274E-09 3.6841E-09 3.8506E-09 4.0274E-09 4.2152E-09 4.4150E-09 4.6784E-09 4.9996E-09 5.2973E-09 5.6219E-09 5.9691E-09 6.3599E-09 6.7927E-09 7.2834E-09 7.8135E-09 8.4044E-09 9.0660E-09 9.7874E-09 1.0593E-08 1.1480E-08 1.2465E-08 1.3524E-08 1.4689E-08 1.5945E-08 1.7293E-08 1.8735E-08 2.0273E-08 2.1897E-08 2.3594E-08 2.5349E-08 2.7145E-08 2.8960E-08 3.0772E-08 3.2558E-08 3.4272E-08 3.5895E-08 3.7427E-08 3.8804E-08 4.0011E-08 4.0994E-08 4.1724E-08 4.2165E-08 4.2295E-08 4.2084E-08 4.1513E-08 4.0573E-08
2.1199E-09 2.1950E-09 2.2802E-09 2.3717E-09 2.4709E-09 2.5918E-09 2.7026E-09 2.8209E-09 2.9500E-09 3.0809E-09 3.2254E-09 3.3641E-09 3.5111E-09 3.6673E-09 3.8331E-09 4.0093E-09 4.1964E-09 4.4055E-09 4.7076E-09 5.0015E-09 5.3032E-09 5.6357E-09 5.9977E-09 6.3927E-09 6.8301E-09 7.3380E-09 7.8844E-09 8.4970E-09 9.1640E-09 9.9099E-09 1.0732E-08 1.1649E-08 1.2632E-08 1.3719E-08 1.4894E-08 1.6156E-08 1.7512E-08 1.8960E-08 2.0499E-08 2.2120E-08 2.3802E-08 2.5534E-08 2.7304E-08 2.9086E-08 3.0861E-08 3.2590E-08 3.4265E-08 3.5854E-08 3.7332E-08 3.8653E-08 3.9784E-08 4.0693E-08 4.1326E-08 4.1649E-08 4.1647E-08 4.1282E-08 4.0531E-08
2.0348E-09 2.1067E-09 2.1837E-09 2.2671E-09 2.3591E-09 2.4534E-09 2.5754E-09 2.6839E-09 2.8029E-09 2.9291E-09 3.0593E-09 3.2038E-09 3.3414E-09 3.4874E-09 3.6423E-09 3.8069E-09 3.9816E-09 4.1671E-09 4.4120E-09 4.7162E-09 4.9860E-09 5.2926E-09 5.6295E-09 5.9961E-09 6.4019E-09 6.8504E-09 7.3664E-09 7.9331E-09 8.5450E-09 9.2307E-09 9.9891E-09 1.0833E-08 1.1740E-08 1.2745E-08 1.3835E-08 1.5007E-08 1.6270E-08 1.7625E-08 1.9069E-08 2.0602E-08 2.2202E-08 2.3860E-08 2.5570E-08 2.7306E-08 2.9059E-08 3.0792E-08 3.2486E-08 3.4132E-08 3.5689E-08 3.7122E-08 3.8391E-08 3.9465E-08 4.0286E-08 4.0816E-08 4.1028E-08 4.0878E-08 4.0332E-08
1.9519E-09 2.0170E-09 2.0872E-09 2.1645E-09 2.2464E-09 2.3372E-09 2.4478E-09 2.5537E-09 2.6637E-09 2.7866E-09 2.9021E-09 3.0422E-09 3.1756E-09 3.3117E-09 3.4561E-09 3.6093E-09 3.7719E-09 3.9445E-09 4.1353E-09 4.4134E-09 4.6905E-09 4.9716E-09 5.2783E-09 5.6141E-09 5.9794E-09 6.3860E-09 6.8440E-09 7.3807E-09 7.9385E-09 8.5639E-09 9.2584E-09 1.0030E-08 1.0859E-08 1.1782E-08 1.2783E-08 1.3862E-08 1.5027E-08 1.6285E-08 1.7633E-08 1.9064E-08 2.0571E-08 2.2147E-08 2.3781E-08 2.5458E-08 2.7174E-08 2.8891E-08 3.0596E-08 3.2274E-08 3.3893E-08 3.5417E-08 3.6817E-08 3.8039E-08 3.9043E-08 3.9782E-08 4.0207E-08 4.0279E-08 3.9957E-08
1.8635E-09 1.9318E-09 1.9951E-09 2.0688E-09 2.1391E-09 2.2195E-09 2.3087E-09 2.4238E-09 2.5282E-09 2.6427E-09 2.7551E-09 2.8749E-09 3.0143E-09 3.1409E-09 3.2750E-09 3.4173E-09 3.5682E-09 3.7282E-09 3.8978E-09 4.1082E-09 4.3853E-09 4.6467E-09 4.9262E-09 5.2335E-09 5.5711E-09 5.9428E-09 6.3541E-09 6.8233E-09 7.3507E-09 7.9167E-09 8.5460E-09 9.2468E-09 9.9989E-09 1.0838E-08 1.1751E-08 1.2735E-08 1.3801E-08 1.4960E-08 1.6202E-08 1.7529E-08 1.8932E-08 2.0413E-08 2.1962E-08 2.3566E-08 2.5228E-08 2.6910E-08 2.8603E-08 3.0297E-08 3.1956E-08 3.3555E-08 3.5062E-08 3.6426E-08 3.7599E-08 3.8528E-08 3.9172E-08 3.9472E-08 3.9368E-08
1.7780E-09 1.8447E-09 1.9080E-09 1.9692E-09 2.0446E-09 2.1143E-09 2.1944E-09 2.2972E-09 2.3952E-09 2.4994E-09 2.6131E-09 2.7183E-09 2.8479E-09 2.9753E-09 3.0997E-09 3.2314E-09 3.3709E-09 3.5188E-09 3.6755E-09 3.8452E-09 4.0814E-09 4.3437E-09 4.6022E-09 4.8802E-09 5.1833E-09 5.5054E-09 5.8749E-09 6.3016E-09 6.7723E-09 7.2846E-09 7.8608E-09 8.4924E-09 9.1688E-09 9.9272E-09 1.0750E-08 1.1639E-08 1.2606E-08 1.3659E-08 1.4796E-08 1.6014E-08 1.7311E-08 1.8685E-08 2.0135E-08 2.1656E-08 2.3247E-08 2.4877E-08 2.6541E-08 2.8220E-08 2.9903E-08 3.1555E-08 3.3144E-08 3.4623E-08 3.5943E-08 3.7058E-08 3.7902E-08 3.8421E-08 3.8562E-08
1.6972E-09 1.7589E-09 1.8220E-09 1.8802E-09 1.9467E-09 2.0129E-09 2.0804E-09 2.1605E-09 2.2689E-09 2.3663E-09 2.4704E-09 2.5731E-09 2.6761E-09 2.8155E-09 2.9305E-09 3.0521E-09 3.1808E-09 3.3171E-09 3.4613E-09 3.6138E-09 3.7894E-09 4.0311E-09 4.2758E-09 4.5292E-09 4.8020E-09 5.1010E-09 5.4284E-09 5.8070E-09 6.2226E-09 6.6892E-09 7.1979E-09 7.7726E-09 8.3764E-09 9.0533E-09 9.7918E-09 1.0588E-08 1.1454E-08 1.2403E-08 1.3430E-08 1.4537E-08 1.5722E-08 1.6984E-08 1.8328E-08 1.9751E-08 2.1258E-08 2.2818E-08 2.4427E-08 2.6078E-08 2.7753E-08 2.9428E-08 3.1075E-08 3.2642E-08 3.4089E-08 3.5358E-08 3.6394E-08 3.7134E-08 3.7505E-08
1.6149E-09 1.6714E-09 1.7329E-09 1.7925E-09 1.8502E-09 1.9146E-09 1.9767E-09 2.0417E-09 2.1399E-09 2.2312E-09 2.3295E-09 2.4367E-09 2.5274E-09 2.6462E-09 2.7670E-09 2.8791E-09 2.9976E-09 3.1228E-09 3.2552E-09 3.3951E-09 3.5435E-09 3.7316E-09 3.9653E-09 4.2028E-09 4.4524E-09 4.7187E-09 5.0008E-09 5.3270E-09 5.7001E-09 6.1253E-09 6.5786E-09 7.0842E-09 7.6164E-09 8.2273E-09 8.8809E-09 9.5874E-09 1.0358E-08 1.1202E-08 1.2122E-08 1.3114E-08 1.4186E-08 1.5330E-08 1.6559E-08 1.7876E-08 1.9284E-08 2.0757E-08 2.2296E-08 2.3891E-08 2.5532E-08 2.7200E-08 2.8873E-08 3.0494E-08 3.2042E-08 3.3441E-08 3.4647E-08 3.5593E-08 3.6201E-08
1.5340E-09 1.5893E-09 1.6471E-09 1.7035E-09 1.7592E-09 1.8182E-09 1.8784E-09 1.9361E-09 2.0005E-09 2.1069E-09 2.1932E-09 2.2942E-09 2.3897E-09 2.4762E-09 2.5997E-09 2.7126E-09 2.8214E-09 2.9363E-09 3.0576E-09 3.1856E-09 3.3205E-09 3.4667E-09 3.6592E-09 3.8775E-09 4.1050E-09 4.3466E-09 4.6055E-09 4.8961E-09 5.2193E-09 5.5848E-09 6.0002E-09 6.4446E-09 6.9114E-09 7.4431E-09 8.0154E-09 8.6474E-09 9.3214E-09 1.0065E-08 1.0880E-08 1.1762E-08 1.2715E-08 1.3743E-08 1.4854E-08 1.6055E-08 1.7353E-08 1.8723E-08 2.0168E-08 2.1686E-08 2.3267E-08 2.4892E-08 2.6561E-08 2.8209E-08 2.9815E-08 3.1324E-08 3.2677E-08 3.3814E-08 3.4655E-08
1.4599E-09 1.5091E-09 1.5606E-09 1.6166E-09 1.6706E-09 1.7223E-09 1.7808E-09 1.8366E-09 1.8915E-09 1.9786E-09 2.0628E-09 2.1511E-09 2.2506E-09 2.3366E-09 2.4390E-09 2.5478E-09 2.6523E-09 2.7574E-09 2.8681E-09 2.9849E-09 3.1078E-09 3.2370E-09 3.3827E-09 3.5742E-09 3.7807E-09 3.9987E-09 4.2240E-09 4.4813E-09 4.7567E-09 5.0838E-09 5.4458E-09 5.8539E-09 6.2600E-09 6.7201E-09 7.2140E-09 7.7607E-09 8.3479E-09 8.9979E-09 9.7176E-09 1.0489E-08 1.1330E-08 1.2236E-08 1.3227E-08 1.4307E-08 1.5483E-08 1.6737E-08 1.8072E-08 1.9491E-08 2.0988E-08 2.2545E-08 2.4171E-08 2.5812E-08 2.7446E-08 2.9026E-08 3.0503E-08 3.1810E-08 3.2867E-08
