Assets/Resources/2015_m01_d11_2100(utc+0800)_l00_csi_1hr_conc.grd
DSAA
         159         159
     -79.000      79.000
     -79.000      79.000
  0.0000E+00  0.5588E-05
[rows 25 to 49 of 159, columns 0 to 56 of 159]
1.2053E-09 1.3206E-09 1.4443E-09 1.5783E-09 1.7172E-09 1.8671E-09 2.0224E-09 2.1856E-09 2.3568E-09 2.5332E-09 2.7298E-09 2.9324E-09 3.1301E-09 3.3455E-09 3.5552E-09 3.7700E-09 3.9900E-09 4.2134E-09 4.4409E-09 4.6700E-09 4.9025E-09 5.1341E-09 5.3678E-09 5.6004E-09 5.8339E-09 6.0651E-09 6.3153E-09 6.5488E-09 6.7757E-09 7.0162E-09 7.2382E-09 7.4638E-09 7.6742E-09 7.8796E-09 8.0815E-09 8.2670E-09 8.4427E-09 8.6040E-09 8.7491E-09 8.8725E-09 8.9774E-09 9.0563E-09 9.1084E-09 9.1368E-09 9.1306E-09 9.0889E-09 9.0115E-09 8.8936E-09 8.7311E-09 8.5270E-09 8.2780E-09 7.9893E-09 7.6686E-09 7.3195E-09 6.9425E-09 6.5420E-09 6.1188E-09
1.1369E-09 1.2472E-09 1.3660E-09 1.4949E-09 1.6283E-09 1.7733E-09 1.9230E-09 2.0814E-09 2.2472E-09 2.4184E-09 2.6108E-09 2.8096E-09 3.0034E-09 3.2162E-09 3.4233E-09 3.6369E-09 3.8563E-09 4.0795E-09 4.3083E-09 4.5410E-09 4.7744E-09 5.0116E-09 5.2532E-09 5.4950E-09 5.7358E-09 5.9803E-09 6.2487E-09 6.4948E-09 6.7422E-09 7.0050E-09 7.2521E-09 7.5019E-09 7.7471E-09 7.9855E-09 8.2196E-09 8.4482E-09 8.6649E-09 8.8672E-09 9.0591E-09 9.2342E-09 9.3841E-09 9.5140E-09 9.6215E-09 9.6949E-09 9.7376E-09 9.7427E-09 9.7034E-09 9.6188E-09 9.4855E-09 9.2985E-09 9.0630E-09 8.7860E-09 8.4714E-09 8.1203E-09 7.7357E-09 7.3182E-09 6.8747E-09
1.0683E-09 1.1733E-09 1.2869E-09 1.4101E-09 1.5381E-09 1.6778E-09 1.8213E-09 1.9742E-09 2.1348E-09 2.2997E-09 2.4873E-09 2.6815E-09 2.8707E-09 3.0801E-09 3.2836E-09 3.4951E-09 3.7128E-09 3.9343E-09 4.1640E-09 4.3983E-09 4.6339E-09 4.8769E-09 5.1222E-09 5.3709E-09 5.6206E-09 5.8727E-09 6.1576E-09 6.4229E-09 6.6847E-09 6.9742E-09 7.2427E-09 7.5283E-09 7.7999E-09 8.0717E-09 8.3493E-09 8.6134E-09 8.8718E-09 9.1250E-09 9.3634E-09 9.5842E-09 9.7898E-09 9.9741E-09 1.0131E-08 1.0259E-08 1.0350E-08 1.0398E-08 1.0404E-08 1.0356E-08 1.0250E-08 1.0089E-08 9.8789E-09 9.6213E-09 9.3178E-09 8.9742E-09 8.5875E-09 8.1625E-09 7.6986E-09
9.9982E-10 1.0995E-09 1.2076E-09 1.3250E-09 1.4471E-09 1.5810E-09 1.7181E-09 1.8652E-09 2.0194E-09 2.1781E-09 2.3600E-09 2.5492E-09 2.7330E-09 2.9381E-09 3.1372E-09 3.3456E-09 3.5599E-09 3.7811E-09 4.0105E-09 4.2425E-09 4.4798E-09 4.7259E-09 4.9764E-09 5.2285E-09 5.4863E-09 5.7502E-09 6.0536E-09 6.3288E-09 6.6100E-09 6.9218E-09 7.2175E-09 7.5304E-09 7.8362E-09 8.1424E-09 8.4573E-09 8.7678E-09 9.0745E-09 9.3772E-09 9.6704E-09 9.9536E-09 1.0217E-08 1.0463E-08 1.0687E-08 1.0873E-08 1.1024E-08 1.1136E-08 1.1190E-08 1.1185E-08 1.1120E-08 1.0993E-08 1.0814E-08 1.0581E-08 1.0297E-08 9.9634E-09 9.5805E-09 9.1441E-09 8.6726E-09
9.3204E-10 1.0262E-09 1.1286E-09 1.2400E-09 1.3561E-09 1.4836E-09 1.6142E-09 1.7550E-09 1.9023E-09 2.0544E-09 2.2302E-09 2.4135E-09 2.5913E-09 2.7914E-09 2.9853E-09 3.1901E-09 3.4009E-09 3.6187E-09 3.8457E-09 4.0779E-09 4.3157E-09 4.5637E-09 4.8162E-09 5.0725E-09 5.3384E-09 5.6072E-09 5.9259E-09 6.2170E-09 6.5108E-09 6.8524E-09 7.1701E-09 7.5160E-09 7.8511E-09 8.1920E-09 8.5549E-09 8.9070E-09 9.2606E-09 9.6212E-09 9.9715E-09 1.0309E-08 1.0641E-08 1.0953E-08 1.1236E-08 1.1491E-08 1.1708E-08 1.1871E-08 1.1982E-08 1.2029E-08 1.2007E-08 1.1929E-08 1.1794E-08 1.1598E-08 1.1346E-08 1.1037E-08 1.0665E-08 1.0243E-08 9.7633E-09
8.6537E-10 9.5391E-10 1.0506E-09 1.1556E-09 1.2656E-09 1.3863E-09 1.5103E-09 1.6445E-09 1.7846E-09 1.9296E-09 2.0988E-09 2.2756E-09 2.4468E-09 2.6412E-09 2.8291E-09 3.0292E-09 3.2351E-09 3.4507E-09 3.6741E-09 3.9024E-09 4.1414E-09 4.3890E-09 4.6412E-09 4.9003E-09 5.1715E-09 5.4495E-09 5.7833E-09 6.0844E-09 6.3982E-09 6.7622E-09 7.1015E-09 7.4786E-09 7.8473E-09 8.2262E-09 8.6313E-09 9.0310E-09 9.4347E-09 9.8523E-09 1.0263E-08 1.0672E-08 1.1073E-08 1.1456E-08 1.1818E-08 1.2146E-08 1.2431E-08 1.2667E-08 1.2837E-08 1.2941E-08 1.2984E-08 1.2962E-08 1.2879E-08 1.2733E-08 1.2526E-08 1.2245E-08 1.1906E-08 1.1498E-08 1.1028E-08
8.0016E-10 8.8306E-10 9.7375E-10 1.0725E-09 1.1762E-09 1.2900E-09 1.4072E-09 1.5344E-09 1.6670E-09 1.8047E-09 1.9666E-09 2.1366E-09 2.3005E-09 2.4883E-09 2.6697E-09 2.8644E-09 3.0648E-09 3.2757E-09 3.4948E-09 3.7208E-09 3.9569E-09 4.2025E-09 4.4565E-09 4.7181E-09 4.9934E-09 5.2750E-09 5.6223E-09 5.9381E-09 6.2647E-09 6.6508E-09 7.0143E-09 7.4235E-09 7.8239E-09 8.2388E-09 8.6909E-09 9.1363E-09 9.5925E-09 1.0077E-08 1.0552E-08 1.1024E-08 1.1505E-08 1.1965E-08 1.2399E-08 1.2809E-08 1.3174E-08 1.3479E-08 1.3723E-08 1.3907E-08 1.4024E-08 1.4080E-08 1.4074E-08 1.4003E-08 1.3851E-08 1.3638E-08 1.3342E-08 1.2975E-08 1.2537E-08
7.3678E-10 8.1402E-10 8.9865E-10 9.9101E-10 1.0884E-09 1.1951E-09 1.3054E-09 1.4252E-09 1.5503E-09 1.6804E-09 1.8348E-09 1.9972E-09 2.1535E-09 2.3342E-09 2.5082E-09 2.6971E-09 2.8916E-09 3.0966E-09 3.3102E-09 3.5327E-09 3.7649E-09 4.0087E-09 4.2596E-09 4.5240E-09 4.8008E-09 5.0839E-09 5.4473E-09 5.7710E-09 6.1136E-09 6.5229E-09 6.9049E-09 7.3477E-09 7.7803E-09 8.2292E-09 8.7289E-09 9.2249E-09 9.7359E-09 1.0284E-08 1.0825E-08 1.1373E-08 1.1931E-08 1.2470E-08 1.2996E-08 1.3484E-08 1.3927E-08 1.4317E-08 1.4645E-08 1.4916E-08 1.5125E-08 1.5277E-08 1.5362E-08 1.5369E-08 1.5311E-08 1.5170E-08 1.4954E-08 1.4696E-08 1.4578E-08
6.7549E-10 7.4716E-10 8.2572E-10 9.1163E-10 1.0028E-09 1.1022E-09 1.2056E-09 1.3178E-09 1.4353E-09 1.5576E-09 1.7041E-09 1.8586E-09 2.0068E-09 2.1799E-09 2.3460E-09 2.5281E-09 2.7151E-09 2.9142E-09 3.1225E-09 3.3380E-09 3.5665E-09 3.8067E-09 4.0563E-09 4.3192E-09 4.5946E-09 4.8824E-09 5.2578E-09 5.5903E-09 5.9463E-09 6.3733E-09 6.7793E-09 7.2527E-09 7.7124E-09 8.2002E-09 8.7489E-09 9.2923E-09 9.8595E-09 1.0475E-08 1.1088E-08 1.1706E-08 1.2354E-08 1.2982E-08 1.3594E-08 1.4179E-08 1.4720E-08 1.5205E-08 1.5642E-08 1.6033E-08 1.6358E-08 1.6631E-08 1.6829E-08 1.6965E-08 1.7023E-08 1.7036E-08 1.7214E-08 1.7202E-08 1.8425E-08
6.1661E-10 6.8280E-10 7.5528E-10 8.3484E-10 9.1960E-10 1.0119E-09 1.1084E-09 1.2128E-09 1.3228E-09 1.4372E-09 1.5753E-09 1.7217E-09 1.8613E-09 2.0263E-09 2.1842E-09 2.3593E-09 2.5375E-09 2.7299E-09 2.9306E-09 3.1398E-09 3.3639E-09 3.5990E-09 3.8458E-09 4.1058E-09 4.3810E-09 4.6673E-09 5.0537E-09 5.3928E-09 5.7606E-09 6.2106E-09 6.6315E-09 7.1338E-09 7.6275E-09 8.1468E-09 8.7449E-09 9.3392E-09 9.9583E-09 1.0646E-08 1.1328E-08 1.2028E-08 1.2764E-08 1.3479E-08 1.4193E-08 1.4873E-08 1.5513E-08 1.6119E-08 1.6682E-08 1.7198E-08 1.7669E-08 1.8081E-08 1.8447E-08 1.8754E-08 1.9281E-08 1.9562E-08 2.1269E-08 2.1463E-08 2.3021E-08
5.6038E-10 6.2120E-10 6.8772E-10 7.6101E-10 8.3930E-10 9.2471E-10 1.0142E-09 1.1109E-09 1.2132E-09 1.3198E-09 1.4494E-09 1.5872E-09 1.7183E-09 1.8747E-09 2.0238E-09 2.1914E-09 2.3603E-09 2.5458E-09 2.7395E-09 2.9396E-09 3.1583E-09 3.3885E-09 3.6281E-09 3.8855E-09 4.1585E-09 4.4453E-09 4.8402E-09 5.1821E-09 5.5633E-09 6.0275E-09 6.4650E-09 6.9991E-09 7.5166E-09 8.0735E-09 8.7188E-09 9.3571E-09 1.0036E-08 1.0795E-08 1.1551E-08 1.2327E-08 1.3158E-08 1.3966E-08 1.4781E-08 1.5572E-08 1.6342E-08 1.7082E-08 1.7793E-08 1.8480E-08 1.9124E-08 1.9744E-08 2.0465E-08 2.1218E-08 2.2678E-08 2.4055E-08 2.5542E-08 2.7537E-08 2.8557E-08
5.0698E-10 5.6258E-10 6.2332E-10 6.9047E-10 7.6232E-10 8.4101E-10 9.2343E-10 1.0127E-09 1.1072E-09 1.2061E-09 1.3271E-09 1.4560E-09 1.5783E-09 1.7260E-09 1.8661E-09 2.0254E-09 2.1850E-09 2.3626E-09 2.5473E-09 2.7391E-09 2.9511E-09 3.1733E-09 3.4068E-09 3.6604E-09 3.9294E-09 4.2152E-09 4.6146E-09 4.9596E-09 5.3503E-09 5.8284E-09 6.2803E-09 6.8406E-09 7.3888E-09 7.9727E-09 8.6634E-09 9.3540E-09 1.0084E-08 1.0916E-08 1.1744E-08 1.2601E-08 1.3528E-08 1.4436E-08 1.5371E-08 1.6283E-08 1.7192E-08 1.8091E-08 1.8985E-08 1.9867E-08 2.0818E-08 2.1948E-08 2.3291E-08 2.5620E-08 2.6986E-08 3.0325E-08 3.1427E-08 3.4318E-08 3.5255E-08
4.5654E-10 5.0716E-10 5.6227E-10 6.2346E-10 6.8894E-10 7.6101E-10 8.3666E-10 9.1855E-10 1.0054E-09 1.0966E-09 1.2088E-09 1.3290E-09 1.4425E-09 1.5810E-09 1.7121E-09 1.8620E-09 2.0126E-09 2.1817E-09 2.3569E-09 2.5397E-09 2.7445E-09 2.9597E-09 3.1837E-09 3.4327E-09 3.6974E-09 3.9774E-09 4.3809E-09 4.7268E-09 5.1245E-09 5.6146E-09 6.0782E-09 6.6672E-09 7.2345E-09 7.8473E-09 8.5866E-09 9.3184E-09 1.0106E-08 1.1009E-08 1.1907E-08 1.2847E-08 1.3880E-08 1.4894E-08 1.5949E-08 1.7006E-08 1.8083E-08 1.9176E-08 2.0323E-08 2.1721E-08 2.3181E-08 2.6046E-08 2.7590E-08 3.1804E-08 3.3317E-08 3.7254E-08 3.9113E-08 4.1686E-08 4.2091E-08
4.0921E-10 4.5504E-10 5.0481E-10 5.6019E-10 6.1958E-10 6.8506E-10 7.5420E-10 8.2873E-10 9.0826E-10 9.9186E-10 1.0955E-09 1.2068E-09 1.3116E-09 1.4409E-09 1.5627E-09 1.7028E-09 1.8443E-09 2.0048E-09 2.1696E-09 2.3428E-09 2.5393E-09 2.7451E-09 2.9604E-09 3.2030E-09 3.4602E-09 3.7348E-09 4.1406E-09 4.4855E-09 4.8880E-09 5.3869E-09 5.8597E-09 6.4706E-09 7.0581E-09 7.6969E-09 8.4786E-09 9.2586E-09 1.0092E-08 1.1066E-08 1.2042E-08 1.3065E-08 1.4207E-08 1.5332E-08 1.6536E-08 1.7761E-08 1.9055E-08 2.0620E-08 2.2196E-08 2.5241E-08 2.7095E-08 3.1698E-08 3.3774E-08 3.8599E-08 4.1310E-08 4.5153E-08 4.6714E-08 4.8875E-08 4.8775E-08
3.6505E-10 4.0630E-10 4.5101E-10 5.0080E-10 5.5431E-10 6.1340E-10 6.7620E-10 7.4367E-10 8.1624E-10 8.9228E-10 9.8764E-10 1.0900E-09 1.1864E-09 1.3063E-09 1.4188E-09 1.5489E-09 1.6812E-09 1.8319E-09 1.9866E-09 2.1500E-09 2.3371E-09 2.5329E-09 2.7388E-09 2.9740E-09 3.2252E-09 3.4897E-09 3.8955E-09 4.2371E-09 4.6422E-09 5.1470E-09 5.6258E-09 6.2553E-09 6.8601E-09 7.5221E-09 8.3487E-09 9.1643E-09 1.0047E-08 1.1098E-08 1.2144E-08 1.3256E-08 1.4511E-08 1.5766E-08 1.7151E-08 1.8780E-08 2.0416E-08 2.3428E-08 2.5487E-08 2.9400E-08 3.2705E-08 3.7012E-08 4.1495E-08 4.5444E-08 4.9076E-08 5.1967E-08 5.3977E-08 5.5205E-08 5.5076E-08
3.2403E-10 3.6098E-10 4.0095E-10 4.4531E-10 4.9331E-10 5.4620E-10 6.0299E-10 6.6366E-10 7.2935E-10 7.9833E-10 8.8503E-10 9.7929E-10 1.0673E-09 1.1779E-09 1.2812E-09 1.4010E-09 1.5239E-09 1.6643E-09 1.8094E-09 1.9623E-09 2.1402E-09 2.3246E-09 2.5204E-09 2.7473E-09 2.9881E-09 3.2439E-09 3.6473E-09 3.9836E-09 4.3889E-09 4.8960E-09 5.3780E-09 6.0229E-09 6.6419E-09 7.3240E-09 8.1877E-09 9.0416E-09 9.9722E-09 1.1093E-08 1.2218E-08 1.3418E-08 1.4809E-08 1.6320E-08 1.8041E-08 2.0495E-08 2.3022E-08 2.6328E-08 3.0212E-08 3.4395E-08 3.9737E-08 4.4021E-08 4.8991E-08 5.2583E-08 5.6529E-08 5.8689E-08 6.0828E-08 6.1036E-08 6.0922E-08
2.8598E-10 3.1909E-10 3.5462E-10 3.9390E-10 4.3678E-10 4.8364E-10 5.3451E-10 5.8890E-10 6.4802E-10 7.1035E-10 7.8831E-10 8.7437E-10 9.5469E-10 1.0562E-09 1.1505E-09 1.2600E-09 1.3737E-09 1.5033E-09 1.6385E-09 1.7809E-09 1.9484E-09 2.1219E-09 2.3065E-09 2.5233E-09 2.7536E-09 2.9993E-09 3.3978E-09 3.7266E-09 4.1299E-09 4.6361E-09 5.1184E-09 5.7753E-09 6.4055E-09 7.1040E-09 8.0018E-09 8.8915E-09 9.8673E-09 1.1067E-08 1.2270E-08 1.3611E-08 1.5295E-08 1.7196E-08 1.9962E-08 2.2481E-08 2.6752E-08 2.9980E-08 3.5422E-08 3.9713E-08 4.5628E-08 4.9683E-08 5.5469E-08 5.8420E-08 6.3501E-08 6.4299E-08 6.7101E-08 6.5954E-08 6.5993E-08
2.5038E-10 2.8002E-10 3.1167E-10 3.4630E-10 3.8443E-10 4.2582E-10 4.7101E-10 5.1946E-10 5.7244E-10 6.2844E-10 6.9831E-10 7.7543E-10 8.4831E-10 9.4142E-10 1.0272E-09 1.1267E-09 1.2308E-09 1.3499E-09 1.4751E-09 1.6071E-09 1.7624E-09 1.9252E-09 2.0987E-09 2.3055E-09 2.5231E-09 2.7576E-09 3.1488E-09 3.4684E-09 3.8674E-09 4.3694E-09 4.8493E-09 5.5149E-09 6.1525E-09 6.8646E-09 7.7937E-09 8.7175E-09 9.7429E-09 1.1037E-08 1.2439E-08 1.4018E-08 1.6590E-08 1.8707E-08 2.2768E-08 2.5609E-08 3.0815E-08 3.4948E-08 4.0986E-08 4.5426E-08 5.1710E-08 5.5815E-08 6.1556E-08 6.4502E-08 6.8814E-08 6.9807E-08 7.1843E-08 7.0331E-08 6.9596E-08
2.1704E-10 2.4342E-10 2.7160E-10 3.0199E-10 3.3568E-10 3.7208E-10 4.1216E-10 4.5508E-10 5.0220E-10 5.5252E-10 6.1462E-10 6.8321E-10 7.4895E-10 8.3267E-10 9.1129E-10 1.0011E-09 1.0955E-09 1.2046E-09 1.3192E-09 1.4412E-09 1.5842E-09 1.7360E-09 1.8982E-09 2.0926E-09 2.2984E-09 2.5208E-09 2.9023E-09 3.2110E-09 3.6036E-09 4.0985E-09 4.5738E-09 5.2441E-09 5.8867E-09 6.6101E-09 7.5705E-09 8.5375E-09 9.6954E-09 1.1138E-08 1.3200E-08 1.4975E-08 1.8562E-08 2.1004E-08 2.5767E-08 2.9571E-08 3.5357E-08 3.9776E-08 4.6319E-08 5.0934E-08 5.7500E-08 6.1611E-08 6.7296E-08 7.0063E-08 7.3662E-08 7.4336E-08 7.4652E-08 7.3405E-08 7.1225E-08
1.8596E-10 2.0953E-10 2.3452E-10 2.6115E-10 2.9054E-10 3.2228E-10 3.5753E-10 3.9539E-10 4.3700E-10 4.8189E-10 5.3656E-10 5.9764E-10 6.5598E-10 7.3067E-10 8.0099E-10 8.8278E-10 9.6869E-10 1.0671E-09 1.1719E-09 1.2838E-09 1.4149E-09 1.5553E-09 1.7062E-09 1.8871E-09 2.0806E-09 2.2906E-09 2.6605E-09 2.9568E-09 3.3412E-09 3.8263E-09 4.2948E-09 4.9664E-09 5.6129E-09 6.3515E-09 7.4018E-09 8.4421E-09 1.0048E-08 1.1670E-08 1.4117E-08 1.6532E-08 2.0127E-08 2.3923E-08 2.8622E-08 3.3358E-08 3.9070E-08 4.4359E-08 5.0993E-08 5.6054E-08 6.2803E-08 6.6826E-08 7.2009E-08 7.4432E-08 7.6222E-08 7.6899E-08 7.5896E-08 7.4911E-08 7.2593E-08
1.5633E-10 1.7814E-10 2.0048E-10 2.2388E-10 2.4919E-10 2.7698E-10 3.0765E-10 3.4109E-10 3.7747E-10 4.1723E-10 4.6504E-10 5.1854E-10 5.7058E-10 6.3657E-10 6.9930E-10 7.7143E-10 8.4957E-10 9.3843E-10 1.0342E-09 1.1360E-09 1.2556E-09 1.3841E-09 1.5239E-09 1.6910E-09 1.8716E-09 2.0691E-09 2.4253E-09 2.7082E-09 3.0827E-09 3.5556E-09 4.0159E-09 4.6891E-09 5.3651E-09 6.1503E-09 7.4216E-09 8.6686E-09 1.0435E-08 1.2609E-08 1.5303E-08 1.8538E-08 2.2345E-08 2.6681E-08 3.1518E-08 3.6936E-08 4.2524E-08 4.8627E-08 5.4606E-08 6.0655E-08 6.5850E-08 7.0801E-08 7.3161E-08 7.6333E-08 7.6538E-08 7.7283E-08 7.6307E-08 7.5020E-08 7.3445E-08
1.2911E-10 1.4837E-10 1.6894E-10 1.8966E-10 2.1167E-10 2.3595E-10 2.6248E-10 2.9177E-10 3.2346E-10 3.5848E-10 4.0031E-10 4.4697E-10 4.9294E-10 5.5065E-10 6.0626E-10 6.6957E-10 7.3888E-10 8.1846E-10 9.0621E-10 9.9868E-10 1.1070E-09 1.2241E-09 1.3520E-09 1.5056E-09 1.6725E-09 1.8575E-09 2.1986E-09 2.4673E-09 2.8307E-09 3.2911E-09 3.7509E-09 4.4521E-09 5.1833E-09 6.1792E-09 7.4234E-09 9.1534E-09 1.0820E-08 1.3643E-08 1.6264E-08 2.0068E-08 2.3752E-08 2.9009E-08 3.3452E-08 4.0278E-08 4.4936E-08 5.2473E-08 5.7039E-08 6.4120E-08 6.6920E-08 7.2030E-08 7.3298E-08 7.5580E-08 7.5793E-08 7.5765E-08 7.5501E-08 7.4989E-08 7.4187E-08
1.0409E-10 1.2135E-10 1.3939E-10 1.5821E-10 1.7775E-10 1.9878E-10 2.2175E-10 2.4723E-10 2.7474E-10 3.0518E-10 3.4126E-10 3.8171E-10 4.2242E-10 4.7278E-10 5.2160E-10 5.7701E-10 6.3811E-10 7.0790E-10 7.8640E-10 8.7105E-10 9.6840E-10 1.0754E-09 1.1912E-09 1.3317E-09 1.4851E-09 1.6563E-09 1.9819E-09 2.2368E-09 2.5917E-09 3.0573E-09 3.5327E-09 4.3732E-09 5.1218E-09 6.3828E-09 7.6862E-09 9.6841E-09 1.1589E-08 1.4713E-08 1.7439E-08 2.1619E-08 2.5429E-08 3.1023E-08 3.5626E-08 4.2574E-08 4.7296E-08 5.4920E-08 5.8516E-08 6.4730E-08 6.6816E-08 7.0298E-08 7.1482E-08 7.2505E-08 7.3323E-08 7.3987E-08 7.4489E-08 7.4767E-08 7.4776E-08
8.1868E-11 9.6921E-11 1.1241E-10 1.2929E-10 1.4682E-10 1.6540E-10 1.8524E-10 2.0710E-10 2.3100E-10 2.5711E-10 2.8778E-10 3.2281E-10 3.5840E-10 4.0204E-10 4.4488E-10 4.9262E-10 5.4691E-10 6.0684E-10 6.7631E-10 7.5153E-10 8.3857E-10 9.3685E-10 1.0416E-09 1.1681E-09 1.3096E-09 1.4671E-09 1.7783E-09 2.0312E-09 2.3851E-09 2.9288E-09 3.4119E-09 4.4095E-09 5.2017E-09 6.6106E-09 8.1054E-09 1.0305E-08 1.2302E-08 1.5725E-08 1.8568E-08 2.3119E-08 2.7060E-08 3.3002E-08 3.7637E-08 4.4402E-08 4.8804E-08 5.4221E-08 5.8084E-08 6.1462E-08 6.4237E-08 6.5984E-08 6.7594E-08 6.9133E-08 7.0569E-08 7.1947E-08 7.3201E-08 7.4279E-08 7.5080E-08
6.2765E-11 7.5365E-11 8.8354E-11 1.0299E-10 1.1832E-10 1.3491E-10 1.5275E-10 1.7148E-10 1.9213E-10 2.1432E-10 2.3989E-10 2.6947E-10 3.0053E-10 3.3791E-10 3.7567E-10 4.1642E-10 4.6374E-10 5.1563E-10 5.7643E-10 6.4254E-10 7.1751E-10 8.0586E-10 9.0222E-10 1.0159E-09 1.1461E-09 1.2983E-09 1.5973E-09 1.8908E-09 2.2490E-09 2.8255E-09 3.3856E-09 4.3719E-09 5.3818E-09 6.7830E-09 8.4835E-09 1.0731E-08 1.2976E-08 1.6668E-08 1.9650E-08 2.4543E-08 2.8537E-08 3.4455E-08 3.8884E-08 4.3830E-08 4.8162E-08 5.1304E-08 5.5076E-08 5.7278E-08 5.9418E-08 6.1467E-08 6.3485E-08 6.5520E-08 6.7547E-08 6.9582E-08 7.1577E-08 7.3414E-08 7.4993E-08
