Assets/Resources/2015_m01_d14_0000(utc+0800)_l00_csi_1hr_conc.grd
DSAA
         159         159
     -79.000      79.000
     -79.000      79.000
  0.0000E+00  0.3014E-04
[rows 25 to 49 of 159, columns 0 to 56 of 159]
2.2568E-09 2.3068E-09 2.3562E-09 2.4052E-09 2.4543E-09 2.5016E-09 2.5477E-09 2.5927E-09 2.6351E-09 2.6752E-09 2.7133E-09 2.7481E-09 2.7797E-09 2.8074E-09 2.8323E-09 2.8523E-09 2.8666E-09 2.8748E-09 2.8771E-09 2.8734E-09 2.8641E-09 2.8484E-09 2.8263E-09 2.7971E-09 2.7607E-09 2.7164E-09 2.6652E-09 2.6063E-09 2.5399E-09 2.4664E-09 2.3857E-09 2.2981E-09 2.2042E-09 2.1042E-09 1.9993E-09 1.8895E-09 1.7763E-09 1.6607E-09 1.5434E-09 1.4257E-09 1.3086E-09 1.1931E-09 1.0806E-09 9.7211E-10 8.6797E-10 7.6830E-10 6.7435E-10 5.8197E-10 4.9424E-10 4.1882E-10 3.2940E-10 2.7757E-10 2.2749E-10 1.8966E-10 1.5858E-10 1.3058E-10 1.0742E-10
2.3509E-09 2.4052E-09 2.4598E-09 2.5142E-09 2.5673E-09 2.6194E-09 2.6707E-09 2.7195E-09 2.7659E-09 2.8109E-09 2.8531E-09 2.8920E-09 2.9285E-09 2.9612E-09 2.9886E-09 3.0099E-09 3.0261E-09 3.0368E-09 3.0413E-09 3.0411E-09 3.0333E-09 3.0177E-09 2.9952E-09 2.9650E-09 2.9267E-09 2.8813E-09 2.8277E-09 2.7654E-09 2.6952E-09 2.6166E-09 2.5305E-09 2.4374E-09 2.3368E-09 2.2300E-09 2.1175E-09 2.0000E-09 1.8789E-09 1.7549E-09 1.6293E-09 1.5033E-09 1.3782E-09 1.2553E-09 1.1356E-09 1.0199E-09 9.0907E-10 8.0407E-10 7.0267E-10 6.0439E-10 5.1610E-10 4.3703E-10 3.4900E-10 2.9477E-10 2.4522E-10 2.0089E-10 1.6355E-10 1.3592E-10 1.1445E-10
2.4492E-09 2.5093E-09 2.5689E-09 2.6277E-09 2.6859E-09 2.7434E-09 2.7988E-09 2.8518E-09 2.9044E-09 2.9542E-09 3.0010E-09 3.0460E-09 3.0867E-09 3.1221E-09 3.1527E-09 3.1784E-09 3.1984E-09 3.2133E-09 3.2213E-09 3.2215E-09 3.2141E-09 3.2002E-09 3.1781E-09 3.1481E-09 3.1095E-09 3.0621E-09 3.0058E-09 2.9412E-09 2.8672E-09 2.7843E-09 2.6933E-09 2.5929E-09 2.4849E-09 2.3699E-09 2.2487E-09 2.1227E-09 1.9924E-09 1.8594E-09 1.7250E-09 1.5903E-09 1.4566E-09 1.3246E-09 1.1957E-09 1.0713E-09 9.5323E-10 8.4198E-10 7.3731E-10 6.3643E-10 5.4516E-10 4.4525E-10 3.6598E-10 3.1295E-10 2.6216E-10 2.1571E-10 1.7654E-10 1.4622E-10 1.1492E-10
2.5531E-09 2.6180E-09 2.6827E-09 2.7469E-09 2.8106E-09 2.8726E-09 2.9330E-09 2.9926E-09 3.0500E-09 3.1054E-09 3.1588E-09 3.2073E-09 3.2517E-09 3.2917E-09 3.3270E-09 3.3575E-09 3.3813E-09 3.3979E-09 3.4071E-09 3.4099E-09 3.4059E-09 3.3924E-09 3.3714E-09 3.3412E-09 3.3017E-09 3.2528E-09 3.1941E-09 3.1250E-09 3.0460E-09 2.9573E-09 2.8595E-09 2.7521E-09 2.6362E-09 2.5127E-09 2.3829E-09 2.2474E-09 2.1078E-09 1.9655E-09 1.8217E-09 1.6777E-09 1.5349E-09 1.3947E-09 1.2582E-09 1.1267E-09 1.0021E-09 8.8584E-10 7.6649E-10 6.6089E-10 5.6480E-10 4.6018E-10 3.9433E-10 3.3414E-10 2.7924E-10 2.3056E-10 1.9164E-10 1.5901E-10 1.2553E-10
2.6610E-09 2.7316E-09 2.8022E-09 2.8716E-09 2.9402E-09 3.0079E-09 3.0748E-09 3.1402E-09 3.2041E-09 3.2657E-09 3.3229E-09 3.3763E-09 3.4265E-09 3.4726E-09 3.5123E-09 3.5458E-09 3.5725E-09 3.5923E-09 3.6068E-09 3.6126E-09 3.6096E-09 3.5986E-09 3.5782E-09 3.5473E-09 3.5069E-09 3.4555E-09 3.3935E-09 3.3204E-09 3.2364E-09 3.1415E-09 3.0364E-09 2.9215E-09 2.7974E-09 2.6653E-09 2.5266E-09 2.3821E-09 2.2331E-09 2.0808E-09 1.9269E-09 1.7731E-09 1.6210E-09 1.4724E-09 1.3286E-09 1.1904E-09 1.0587E-09 9.3203E-10 8.0856E-10 6.9819E-10 5.9087E-10 4.8878E-10 4.2394E-10 3.6052E-10 3.0535E-10 2.5079E-10 2.0801E-10 1.7204E-10 1.3875E-10
2.7741E-09 2.8505E-09 2.9258E-09 3.0013E-09 3.0766E-09 3.1501E-09 3.2237E-09 3.2961E-09 3.3658E-09 3.4323E-09 3.4957E-09 3.5564E-09 3.6125E-09 3.6621E-09 3.7062E-09 3.7452E-09 3.7781E-09 3.8041E-09 3.8215E-09 3.8299E-09 3.8303E-09 3.8211E-09 3.8009E-09 3.7712E-09 3.7292E-09 3.6754E-09 3.6096E-09 3.5324E-09 3.4432E-09 3.3423E-09 3.2315E-09 3.1093E-09 2.9769E-09 2.8357E-09 2.6866E-09 2.5311E-09 2.3710E-09 2.2077E-09 2.0429E-09 1.8786E-09 1.7163E-09 1.5580E-09 1.4042E-09 1.2568E-09 1.1176E-09 9.7798E-10 8.4987E-10 7.3395E-10 6.0676E-10 5.2548E-10 4.5094E-10 3.8762E-10 3.3178E-10 2.7786E-10 2.3155E-10 1.8584E-10 1.4777E-10
2.8917E-09 2.9729E-09 3.0552E-09 3.1375E-09 3.2181E-09 3.2999E-09 3.3810E-09 3.4586E-09 3.5343E-09 3.6081E-09 3.6795E-09 3.7457E-09 3.8057E-09 3.8619E-09 3.9131E-09 3.9582E-09 3.9964E-09 4.0256E-09 4.0467E-09 4.0600E-09 4.0627E-09 4.0551E-09 4.0360E-09 4.0043E-09 3.9606E-09 3.9046E-09 3.8360E-09 3.7549E-09 3.6607E-09 3.5540E-09 3.4346E-09 3.3028E-09 3.1599E-09 3.0076E-09 2.8473E-09 2.6814E-09 2.5108E-09 2.3370E-09 2.1617E-09 1.9869E-09 1.8146E-09 1.6465E-09 1.4843E-09 1.3290E-09 1.1790E-09 1.0338E-09 9.0116E-10 7.7767E-10 6.5119E-10 5.6754E-10 4.8902E-10 4.2054E-10 3.5888E-10 3.0501E-10 2.5474E-10 2.0692E-10 1.6643E-10
3.0125E-09 3.1014E-09 3.1905E-09 3.2786E-09 3.3678E-09 3.4573E-09 3.5431E-09 3.6282E-09 3.7126E-09 3.7944E-09 3.8706E-09 3.9421E-09 4.0108E-09 4.0745E-09 4.1329E-09 4.1832E-09 4.2254E-09 4.2611E-09 4.2887E-09 4.3058E-09 4.3114E-09 4.3047E-09 4.2860E-09 4.2550E-09 4.2114E-09 4.1538E-09 4.0822E-09 3.9956E-09 3.8945E-09 3.7794E-09 3.6515E-09 3.5116E-09 3.3602E-09 3.1988E-09 3.0288E-09 2.8516E-09 2.6688E-09 2.4825E-09 2.2949E-09 2.1082E-09 1.9247E-09 1.7457E-09 1.5731E-09 1.4091E-09 1.2487E-09 1.0977E-09 9.5986E-10 8.0796E-10 6.9832E-10 6.0900E-10 5.3085E-10 4.5955E-10 3.9461E-10 3.3759E-10 2.7901E-10 2.3369E-10 1.8801E-10
3.1394E-09 3.2351E-09 3.3300E-09 3.4270E-09 3.5244E-09 3.6187E-09 3.7131E-09 3.8079E-09 3.8999E-09 3.9865E-09 4.0702E-09 4.1515E-09 4.2281E-09 4.2995E-09 4.3632E-09 4.4195E-09 4.4709E-09 4.5132E-09 4.5439E-09 4.5634E-09 4.5715E-09 4.5675E-09 4.5511E-09 4.5205E-09 4.4750E-09 4.4137E-09 4.3365E-09 4.2444E-09 4.1374E-09 4.0162E-09 3.8813E-09 3.7324E-09 3.5705E-09 3.3968E-09 3.2137E-09 3.0232E-09 2.8274E-09 2.6285E-09 2.4291E-09 2.2315E-09 2.0379E-09 1.8496E-09 1.6685E-09 1.4921E-09 1.3210E-09 1.1639E-09 1.0200E-09 8.6490E-10 7.5887E-10 6.6072E-10 5.7569E-10 5.0105E-10 4.3466E-10 3.7321E-10 3.1414E-10 2.5448E-10 2.1110E-10
3.2708E-09 3.3730E-09 3.4768E-09 3.5820E-09 3.6845E-09 3.7882E-09 3.8930E-09 3.9951E-09 4.0927E-09 4.1884E-09 4.2823E-09 4.3724E-09 4.4570E-09 4.5345E-09 4.6065E-09 4.6736E-09 4.7306E-09 4.7764E-09 4.8118E-09 4.8362E-09 4.8488E-09 4.8474E-09 4.8315E-09 4.7997E-09 4.7512E-09 4.6874E-09 4.6068E-09 4.5103E-09 4.3976E-09 4.2690E-09 4.1233E-09 3.9628E-09 3.7889E-09 3.6026E-09 3.4068E-09 3.2048E-09 2.9975E-09 2.7870E-09 2.5763E-09 2.3664E-09 2.1609E-09 1.9616E-09 1.7706E-09 1.5832E-09 1.4060E-09 1.2421E-09 1.0685E-09 9.3297E-10 8.2304E-10 7.2086E-10 6.2973E-10 5.4822E-10 4.7579E-10 4.1128E-10 3.5054E-10 2.8791E-10 2.3864E-10
3.4061E-09 3.5173E-09 3.6295E-09 3.7406E-09 3.8525E-09 3.9670E-09 4.0792E-09 4.1878E-09 4.2953E-09 4.4019E-09 4.5056E-09 4.6034E-09 4.6953E-09 4.7839E-09 4.8668E-09 4.9391E-09 5.0012E-09 5.0541E-09 5.0963E-09 5.1257E-09 5.1413E-09 5.1417E-09 5.1256E-09 5.0937E-09 5.0445E-09 4.9780E-09 4.8941E-09 4.7918E-09 4.6707E-09 4.5320E-09 4.3758E-09 4.2042E-09 4.0200E-09 3.8230E-09 3.6164E-09 3.4013E-09 3.1799E-09 2.9555E-09 2.7307E-09 2.5084E-09 2.2912E-09 2.0815E-09 1.8780E-09 1.6798E-09 1.4964E-09 1.3272E-09 1.1455E-09 1.0171E-09 8.9422E-10 7.8455E-10 6.8805E-10 6.0300E-10 5.2635E-10 4.4919E-10 3.8521E-10 3.3115E-10 2.7497E-10
3.5470E-09 3.6664E-09 3.7853E-09 3.9055E-09 4.0292E-09 4.1512E-09 4.2709E-09 4.3898E-09 4.5090E-09 4.6261E-09 4.7373E-09 4.8443E-09 4.9495E-09 5.0480E-09 5.1363E-09 5.2165E-09 5.2877E-09 5.3480E-09 5.3959E-09 5.4296E-09 5.4480E-09 5.4509E-09 5.4366E-09 5.4043E-09 5.3545E-09 5.2853E-09 5.1954E-09 5.0854E-09 4.9559E-09 4.8083E-09 4.6440E-09 4.4638E-09 4.2678E-09 4.0570E-09 3.8350E-09 3.6047E-09 3.3690E-09 3.1309E-09 2.8944E-09 2.6618E-09 2.4352E-09 2.2162E-09 1.9991E-09 1.7928E-09 1.6063E-09 1.4117E-09 1.2419E-09 1.1096E-09 9.8252E-10 8.6500E-10 7.5780E-10 6.6444E-10 5.8223E-10 5.0175E-10 4.2754E-10 3.6692E-10 3.1307E-10
3.6922E-09 3.8187E-09 3.9464E-09 4.0789E-09 4.2107E-09 4.3409E-09 4.4708E-09 4.6026E-09 4.7329E-09 4.8576E-09 4.9798E-09 5.1012E-09 5.2157E-09 5.3209E-09 5.4194E-09 5.5096E-09 5.5888E-09 5.6561E-09 5.7094E-09 5.7481E-09 5.7710E-09 5.7759E-09 5.7635E-09 5.7323E-09 5.6796E-09 5.6053E-09 5.5097E-09 5.3932E-09 5.2583E-09 5.1040E-09 4.9288E-09 4.7345E-09 4.5237E-09 4.2984E-09 4.0620E-09 3.8199E-09 3.5729E-09 3.3235E-09 3.0744E-09 2.8280E-09 2.5884E-09 2.3593E-09 2.1272E-09 1.9148E-09 1.7221E-09 1.5083E-09 1.3573E-09 1.2115E-09 1.0775E-09 9.5814E-10 8.4312E-10 7.4113E-10 6.4189E-10 5.5894E-10 4.8395E-10 4.1400E-10 3.5145E-10
3.8405E-09 3.9760E-09 4.1156E-09 4.2572E-09 4.3973E-09 4.5375E-09 4.6816E-09 4.8246E-09 4.9627E-09 5.1002E-09 5.2372E-09 5.3680E-09 5.4906E-09 5.6075E-09 5.7174E-09 5.8160E-09 5.9035E-09 5.9776E-09 6.0379E-09 6.0823E-09 6.1082E-09 6.1178E-09 6.1071E-09 6.0734E-09 6.0180E-09 5.9398E-09 5.8412E-09 5.7210E-09 5.5773E-09 5.4104E-09 5.2220E-09 5.0146E-09 4.7912E-09 4.5553E-09 4.3077E-09 4.0509E-09 3.7874E-09 3.5225E-09 3.2605E-09 3.0034E-09 2.7540E-09 2.5071E-09 2.2720E-09 2.0586E-09 1.8398E-09 1.6404E-09 1.4848E-09 1.3349E-09 1.1938E-09 1.0605E-09 9.3926E-10 8.3091E-10 7.2393E-10 6.2935E-10 5.4765E-10 4.7644E-10 4.0648E-10
3.9925E-09 4.1387E-09 4.2898E-09 4.4393E-09 4.5893E-09 4.7449E-09 4.9004E-09 5.0514E-09 5.2037E-09 5.3560E-09 5.5030E-09 5.6431E-09 5.7787E-09 5.9079E-09 6.0265E-09 6.1352E-09 6.2314E-09 6.3139E-09 6.3808E-09 6.4302E-09 6.4628E-09 6.4743E-09 6.4628E-09 6.4288E-09 6.3718E-09 6.2937E-09 6.1904E-09 6.0601E-09 5.9053E-09 5.7274E-09 5.5286E-09 5.3116E-09 5.0768E-09 4.8246E-09 4.5597E-09 4.2874E-09 4.0113E-09 3.7340E-09 3.4605E-09 3.1931E-09 2.9356E-09 2.6741E-09 2.4317E-09 2.2098E-09 1.9668E-09 1.7929E-09 1.6232E-09 1.4698E-09 1.3245E-09 1.1844E-09 1.0536E-09 9.2885E-10 8.2155E-10 7.1825E-10 6.2788E-10 5.4696E-10 4.7553E-10
4.1484E-09 4.3080E-09 4.4666E-09 4.6257E-09 4.7918E-09 4.9592E-09 5.1228E-09 5.2891E-09 5.4562E-09 5.6191E-09 5.7770E-09 5.9306E-09 6.0792E-09 6.2180E-09 6.3482E-09 6.4670E-09 6.5726E-09 6.6629E-09 6.7373E-09 6.7944E-09 6.8301E-09 6.8429E-09 6.8329E-09 6.8009E-09 6.7448E-09 6.6607E-09 6.5486E-09 6.4099E-09 6.2460E-09 6.0622E-09 5.8558E-09 5.6239E-09 5.3728E-09 5.1063E-09 4.8293E-09 4.5455E-09 4.2579E-09 3.9709E-09 3.6879E-09 3.4106E-09 3.1346E-09 2.8718E-09 2.6311E-09 2.3802E-09 2.1601E-09 1.9810E-09 1.8078E-09 1.6445E-09 1.4892E-09 1.3453E-09 1.2112E-09 1.0752E-09 9.5290E-10 8.5262E-10 7.5292E-10 6.6278E-10 5.8234E-10
4.3115E-09 4.4788E-09 4.6469E-09 4.8216E-09 5.0004E-09 5.1767E-09 5.3554E-09 5.5364E-09 5.7155E-09 5.8899E-09 6.0612E-09 6.2292E-09 6.3884E-09 6.5398E-09 6.6813E-09 6.8106E-09 6.9252E-09 7.0252E-09 7.1083E-09 7.1699E-09 7.2092E-09 7.2255E-09 7.2203E-09 7.1888E-09 7.1274E-09 7.0371E-09 6.9184E-09 6.7738E-09 6.6051E-09 6.4092E-09 6.1854E-09 5.9389E-09 5.6753E-09 5.3972E-09 5.1076E-09 4.8109E-09 4.5105E-09 4.2106E-09 3.9156E-09 3.6260E-09 3.3418E-09 3.0741E-09 2.8271E-09 2.5598E-09 2.3639E-09 2.1720E-09 1.9953E-09 1.8251E-09 1.6593E-09 1.5053E-09 1.3600E-09 1.2197E-09 1.0890E-09 9.7396E-10 8.7261E-10 7.7229E-10 6.8065E-10
4.4757E-09 4.6524E-09 4.8345E-09 5.0232E-09 5.2119E-09 5.4018E-09 5.5958E-09 5.7902E-09 5.9807E-09 6.1688E-09 6.3558E-09 6.5350E-09 6.7074E-09 6.8716E-09 7.0246E-09 7.1641E-09 7.2902E-09 7.4001E-09 7.4890E-09 7.5563E-09 7.6013E-09 7.6244E-09 7.6198E-09 7.5846E-09 7.5196E-09 7.4250E-09 7.3028E-09 7.1524E-09 6.9708E-09 6.7595E-09 6.5238E-09 6.2666E-09 5.9925E-09 5.7022E-09 5.3997E-09 5.0899E-09 4.7784E-09 4.4704E-09 4.1703E-09 3.8709E-09 3.5830E-09 3.3186E-09 3.0350E-09 2.7996E-09 2.6001E-09 2.4068E-09 2.2209E-09 2.0403E-09 1.8695E-09 1.7096E-09 1.5487E-09 1.4038E-09 1.2732E-09 1.1478E-09 1.0325E-09 9.2945E-10 8.2793E-10
4.6417E-09 4.8303E-09 5.0272E-09 5.2277E-09 5.4281E-09 5.6333E-09 5.8424E-09 6.0482E-09 6.2521E-09 6.4572E-09 6.6558E-09 6.8486E-09 7.0355E-09 7.2120E-09 7.3762E-09 7.5284E-09 7.6657E-09 7.7831E-09 7.8794E-09 7.9544E-09 8.0076E-09 8.0323E-09 8.0262E-09 7.9894E-09 7.9226E-09 7.8258E-09 7.6971E-09 7.5349E-09 7.3402E-09 7.1190E-09 6.8739E-09 6.6050E-09 6.3164E-09 6.0112E-09 5.6958E-09 5.3752E-09 5.0569E-09 4.7414E-09 4.4293E-09 4.1224E-09 3.8325E-09 3.5646E-09 3.2752E-09 3.0589E-09 2.8467E-09 2.6455E-09 2.4588E-09 2.2710E-09 2.0931E-09 1.9210E-09 1.7550E-09 1.5967E-09 1.4537E-09 1.3261E-09 1.2002E-09 1.0813E-09 9.7382E-10
4.8096E-09 5.0125E-09 5.2236E-09 5.4340E-09 5.6492E-09 5.8713E-09 6.0915E-09 6.3103E-09 6.5319E-09 6.7493E-09 6.9616E-09 7.1698E-09 7.3696E-09 7.5585E-09 7.7366E-09 7.9015E-09 8.0476E-09 8.1737E-09 8.2796E-09 8.3641E-09 8.4202E-09 8.4456E-09 8.4398E-09 8.4034E-09 8.3351E-09 8.2308E-09 8.0937E-09 7.9201E-09 7.7180E-09 7.4875E-09 7.2286E-09 6.9470E-09 6.6439E-09 6.3268E-09 6.0027E-09 5.6744E-09 5.3475E-09 5.0256E-09 4.7013E-09 4.3994E-09 4.1097E-09 3.8110E-09 3.5553E-09 3.3330E-09 3.1261E-09 2.9213E-09 2.7202E-09 2.5259E-09 2.3421E-09 2.1536E-09 1.9806E-09 1.8234E-09 1.6724E-09 1.5294E-09 1.4005E-09 1.2708E-09 1.1541E-09
4.9799E-09 5.1993E-09 5.4193E-09 5.6433E-09 5.8761E-09 6.1098E-09 6.3425E-09 6.5789E-09 6.8143E-09 7.0445E-09 7.2729E-09 7.4951E-09 7.7081E-09 7.9112E-09 8.1033E-09 8.2784E-09 8.4350E-09 8.5717E-09 8.6885E-09 8.7775E-09 8.8362E-09 8.8637E-09 8.8600E-09 8.8231E-09 8.7487E-09 8.6356E-09 8.4909E-09 8.3119E-09 8.0999E-09 7.8549E-09 7.5847E-09 7.2901E-09 6.9759E-09 6.6507E-09 6.3185E-09 5.9851E-09 5.6548E-09 5.3281E-09 5.0070E-09 4.7018E-09 4.3951E-09 4.1091E-09 3.8840E-09 3.6573E-09 3.4414E-09 3.2357E-09 3.0341E-09 2.8367E-09 2.6444E-09 2.4556E-09 2.2733E-09 2.1038E-09 1.9520E-09 1.7984E-09 1.6509E-09 1.5172E-09 1.3871E-09
5.1536E-09 5.3839E-09 5.6157E-09 5.8565E-09 6.1026E-09 6.3483E-09 6.5973E-09 6.8489E-09 7.0966E-09 7.3433E-09 7.5871E-09 7.8227E-09 8.0498E-09 8.2681E-09 8.4720E-09 8.6585E-09 8.8260E-09 8.9753E-09 9.0986E-09 9.1916E-09 9.2540E-09 9.2850E-09 9.2821E-09 9.2408E-09 9.1590E-09 9.0392E-09 8.8911E-09 8.7019E-09 8.4750E-09 8.2216E-09 7.9389E-09 7.6339E-09 7.3114E-09 6.9785E-09 6.6405E-09 6.3042E-09 5.9734E-09 5.6385E-09 5.3193E-09 5.0233E-09 4.7064E-09 4.4533E-09 4.2209E-09 3.9969E-09 3.7836E-09 3.5708E-09 3.3655E-09 3.1685E-09 2.9618E-09 2.7665E-09 2.5838E-09 2.4043E-09 2.2318E-09 2.0752E-09 1.9151E-09 1.7678E-09 1.6246E-09
5.3257E-09 5.5671E-09 5.8135E-09 6.0688E-09 6.3272E-09 6.5873E-09 6.8529E-09 7.1168E-09 7.3802E-09 7.6432E-09 7.9005E-09 8.1504E-09 8.3936E-09 8.6250E-09 8.8406E-09 9.0384E-09 9.2197E-09 9.3774E-09 9.5057E-09 9.6038E-09 9.6710E-09 9.7041E-09 9.6985E-09 9.6513E-09 9.5638E-09 9.4412E-09 9.2841E-09 9.0808E-09 8.8443E-09 8.5819E-09 8.2893E-09 7.9751E-09 7.6458E-09 7.3082E-09 6.9691E-09 6.6333E-09 6.2930E-09 5.9699E-09 5.6586E-09 5.3435E-09 5.0593E-09 4.8225E-09 4.5924E-09 4.3686E-09 4.1560E-09 3.9485E-09 3.7401E-09 3.5273E-09 3.3248E-09 3.1188E-09 2.9239E-09 2.7456E-09 2.5649E-09 2.3881E-09 2.2250E-09 2.0626E-09 1.9028E-09
5.4952E-09 5.7482E-09 6.0106E-09 6.2777E-09 6.5493E-09 6.8257E-09 7.1045E-09 7.3827E-09 7.6625E-09 7.9400E-09 8.2113E-09 8.4768E-09 8.7346E-09 8.9781E-09 9.2056E-09 9.4178E-09 9.6092E-09 9.7729E-09 9.9071E-09 1.0011E-08 1.0081E-08 1.0114E-08 1.0103E-08 1.0051E-08 9.9620E-09 9.8307E-09 9.6611E-09 9.4490E-09 9.2035E-09 8.9322E-09 8.6301E-09 8.3101E-09 7.9777E-09 7.6395E-09 7.3016E-09 6.9681E-09 6.6326E-09 6.3148E-09 6.0153E-09 5.6963E-09 5.4536E-09 5.2145E-09 4.9952E-09 4.7818E-09 4.5657E-09 4.3551E-09 4.1488E-09 3.9308E-09 3.7240E-09 3.5255E-09 3.3267E-09 3.1308E-09 2.9484E-09 2.7597E-09 2.5794E-09 2.3984E-09 2.2193E-09
5.6597E-09 5.9271E-09 6.2033E-09 6.4814E-09 6.7678E-09 7.0594E-09 7.3510E-09 7.6445E-09 7.9398E-09 8.2310E-09 8.5169E-09 8.7983E-09 9.0685E-09 9.3241E-09 9.5656E-09 9.7895E-09 9.9880E-09 1.0158E-08 1.0299E-08 1.0407E-08 1.0478E-08 1.0507E-08 1.0492E-08 1.0438E-08 1.0342E-08 1.0198E-08 1.0021E-08 9.8009E-09 9.5457E-09 9.2658E-09 8.9578E-09 8.6365E-09 8.3039E-09 7.9684E-09 7.6360E-09 7.3021E-09 6.9804E-09 6.6793E-09 6.3775E-09 6.1034E-09 5.8720E-09 5.6508E-09 5.4331E-09 5.2154E-09 5.0116E-09 4.8039E-09 4.5936E-09 4.3858E-09 4.1820E-09 3.9768E-09 3.7809E-09 3.5755E-09 3.3708E-09 3.1765E-09 2.9798E-09 2.7814E-09 2.5829E-09
