Assets/Resources/2015_m01_d04_0200(utc+0800)_l00_csi_1hr_conc.grd
DSAA
         159         159
     -79.000      79.000
     -79.000      79.000
  0.8386E-11  0.5652E-05
[rows 75 to 99 of 159, columns 57 to 113 of 159]
2.3486E-10 2.4052E-10 2.4626E-10 2.5206E-10 2.5794E-10 2.6389E-10 2.6990E-10 2.7706E-10 2.8361E-10 2.9008E-10 2.9664E-10 3.0330E-10 3.1006E-10 3.1693E-10 3.2391E-10 3.6782E-10 5.7611E-10 8.9320E-10 1.2322E-09 1.6338E-09 2.1704E-09 2.8666E-09 3.7755E-09 4.9831E-09 6.6804E-09 8.7025E-09 1.1182E-08 1.4718E-08 1.9999E-08 2.5603E-08 3.2589E-08 4.1289E-08 5.2351E-08 6.6739E-08 8.4407E-08 1.0319E-07 1.2293E-07 1.4392E-07 1.6627E-07 1.8953E-07 2.1087E-07 2.2564E-07 2.3502E-07 2.3969E-07 2.4123E-07 2.4081E-07 2.3945E-07 2.3786E-07 2.3632E-07 2.3469E-07 2.3291E-07 2.3096E-07 2.2833E-07 2.2493E-07 2.2058E-07 2.1523E-07 2.0877E-07
2.3705E-10 2.4277E-10 2.4856E-10 2.5442E-10 2.6035E-10 2.6636E-10 2.7244E-10 2.7979E-10 2.8630E-10 2.9283E-10 2.9946E-10 3.0619E-10 3.1303E-10 3.1997E-10 3.2702E-10 3.8098E-10 6.1220E-10 9.4455E-10 1.2928E-09 1.7117E-09 2.2742E-09 3.0083E-09 3.9676E-09 5.2405E-09 7.0188E-09 9.1325E-09 1.1726E-08 1.6043E-08 2.1313E-08 2.7413E-08 3.5088E-08 4.4676E-08 5.6903E-08 7.3295E-08 9.3000E-08 1.1555E-07 1.4112E-07 1.7111E-07 2.0420E-07 2.3429E-07 2.5994E-07 2.7531E-07 2.8136E-07 2.8060E-07 2.7555E-07 2.6896E-07 2.6206E-07 2.5581E-07 2.5066E-07 2.4643E-07 2.4279E-07 2.3941E-07 2.3591E-07 2.3175E-07 2.2682E-07 2.2098E-07 2.1400E-07
2.3921E-10 2.4498E-10 2.5082E-10 2.5674E-10 2.6273E-10 2.6879E-10 2.7493E-10 2.8245E-10 2.8895E-10 2.9554E-10 3.0224E-10 3.0904E-10 3.1595E-10 3.2296E-10 3.3009E-10 3.9266E-10 6.3851E-10 9.8749E-10 1.3419E-09 1.7757E-09 2.3591E-09 3.1241E-09 4.1235E-09 5.4479E-09 7.2902E-09 9.4758E-09 1.2159E-08 1.7230E-08 2.2434E-08 2.8986E-08 3.7277E-08 4.7730E-08 6.1229E-08 7.9931E-08 1.0358E-07 1.3336E-07 1.7536E-07 2.1966E-07 2.6520E-07 3.0580E-07 3.3379E-07 3.4622E-07 3.4486E-07 3.3392E-07 3.1833E-07 3.0191E-07 2.8694E-07 2.7438E-07 2.6446E-07 2.5690E-07 2.5091E-07 2.4597E-07 2.4140E-07 2.3651E-07 2.3106E-07 2.2460E-07 2.1722E-07
2.4133E-10 2.4715E-10 2.5305E-10 2.5902E-10 2.6507E-10 2.7119E-10 2.7738E-10 2.8499E-10 2.9155E-10 2.9821E-10 3.0497E-10 3.1184E-10 3.1881E-10 3.2590E-10 3.3310E-10 4.0223E-10 6.5618E-10 1.0164E-09 1.3785E-09 1.8237E-09 2.4226E-09 3.2098E-09 4.2378E-09 5.5983E-09 7.4854E-09 9.7204E-09 1.3000E-08 1.7851E-08 2.3303E-08 3.0231E-08 3.9043E-08 5.0305E-08 6.5287E-08 8.6356E-08 1.1726E-07 1.6534E-07 2.2528E-07 2.9323E-07 3.5978E-07 4.1160E-07 4.3960E-07 4.4224E-07 4.2617E-07 3.9842E-07 3.6776E-07 3.3800E-07 3.1260E-07 2.9233E-07 2.7680E-07 2.6541E-07 2.5692E-07 2.5033E-07 2.4463E-07 2.3903E-07 2.3302E-07 2.2608E-07 2.1820E-07
2.4341E-10 2.4929E-10 2.5524E-10 2.6127E-10 2.6737E-10 2.7354E-10 2.7979E-10 2.8748E-10 2.9410E-10 3.0082E-10 3.0765E-10 3.1458E-10 3.2162E-10 3.2878E-10 3.3605E-10 4.0957E-10 6.6649E-10 1.0361E-09 1.4020E-09 1.8541E-09 2.4626E-09 3.2624E-09 4.3065E-09 5.6522E-06 1.9168E-06 1.8415E-06 1.7697E-06 1.5759E-06 5.3077E-08 3.1073E-08 4.0261E-08 5.2244E-08 6.8943E-08 9.4711E-08 1.4028E-07 2.1292E-07 3.0807E-07 4.1010E-07 4.9917E-07 5.5701E-07 5.7490E-07 5.5811E-07 5.1827E-07 4.6815E-07 4.1805E-07 3.7279E-07 3.3600E-07 3.0746E-07 2.8636E-07 2.7117E-07 2.6025E-07 2.5202E-07 2.4540E-07 2.3912E-07 2.3265E-07 2.2528E-07 2.1697E-07
2.4546E-10 2.5139E-10 2.5739E-10 2.6347E-10 2.6963E-10 2.7586E-10 2.8216E-10 2.8992E-10 2.9660E-10 3.0339E-10 3.1028E-10 3.1727E-10 3.2438E-10 3.3160E-10 3.3894E-10 4.1450E-10 6.7309E-10 1.0460E-09 1.4118E-09 1.8660E-09 2.4776E-09 3.2814E-09 4.3280E-09 9.6999E-09 1.8275E-06 1.8084E-06 1.7398E-06 1.6931E-06 1.6123E-06 2.9255E-07 4.0818E-08 5.3396E-08 7.2146E-08 1.0342E-07 1.7310E-07 2.9179E-07 4.3662E-07 5.7600E-07 6.7722E-07 7.2700E-07 7.2024E-07 6.7427E-07 6.0413E-07 5.2996E-07 4.5961E-07 3.9983E-07 3.5270E-07 3.1713E-07 2.9139E-07 2.7315E-07 2.6031E-07 2.5086E-07 2.4355E-07 2.3669E-07 2.2989E-07 2.2214E-07 2.1329E-07
2.4747E-10 2.5344E-10 2.5950E-10 2.6563E-10 2.7184E-10 2.7812E-10 2.8448E-10 2.9232E-10 2.9906E-10 3.0590E-10 3.1285E-10 3.1990E-10 3.2707E-10 3.3436E-10 3.4176E-10 4.1697E-10 6.7585E-10 1.0458E-09 1.4077E-09 1.8589E-09 2.4673E-09 3.2651E-09 4.3006E-09 5.6660E-09 7.5597E-09 1.7896E-06 1.7281E-06 1.6493E-06 1.6270E-06 1.5792E-06 7.0453E-07 6.4019E-08 7.4244E-08 1.1556E-07 2.2722E-07 4.1488E-07 6.1478E-07 7.7084E-07 8.6069E-07 8.8058E-07 8.3774E-07 7.5891E-07 6.6148E-07 5.6709E-07 4.8158E-07 4.1234E-07 3.5856E-07 3.1888E-07 2.9047E-07 2.7063E-07 2.5675E-07 2.4669E-07 2.3892E-07 2.3176E-07 2.2446E-07 2.1604E-07 2.0680E-07
2.4943E-10 2.5546E-10 2.6156E-10 2.6775E-10 2.7401E-10 2.8034E-10 2.8675E-10 2.9466E-10 3.0145E-10 3.0835E-10 3.1536E-10 3.2248E-10 3.2971E-10 3.3705E-10 3.4452E-10 4.1699E-10 6.7477E-10 1.0357E-09 1.3886E-09 1.8333E-09 2.4322E-09 3.2139E-09 4.2259E-09 5.5584E-09 7.4077E-09 9.5954E-09 1.2727E-06 1.6629E-06 1.6017E-06 1.5761E-06 1.5389E-06 1.0546E-06 1.5833E-07 1.3048E-07 3.2311E-07 6.0599E-07 8.2956E-07 9.5108E-07 9.9145E-07 9.6093E-07 8.8509E-07 7.8066E-07 6.6997E-07 5.6662E-07 4.7656E-07 4.0573E-07 3.5111E-07 3.1135E-07 2.8307E-07 2.6333E-07 2.4954E-07 2.3939E-07 2.3135E-07 2.2383E-07 2.1615E-07 2.0771E-07 1.9856E-07
2.5136E-10 2.5743E-10 2.6359E-10 2.6982E-10 2.7613E-10 2.8252E-10 2.8898E-10 2.9695E-10 3.0380E-10 3.1075E-10 3.1782E-10 3.2499E-10 3.3228E-10 3.3969E-10 3.4721E-10 4.1472E-10 6.6997E-10 1.0157E-09 1.3557E-09 1.7904E-09 2.3736E-09 3.1299E-09 4.1057E-09 5.3904E-09 7.1744E-09 9.2929E-09 1.2463E-08 5.9760E-07 1.6079E-06 1.5675E-06 1.5354E-06 1.5155E-06 1.2700E-06 4.1736E-07 5.2593E-07 8.8924E-07 1.0479E-06 1.0574E-06 1.0125E-06 9.3461E-07 8.3640E-07 7.2894E-07 6.2270E-07 5.2645E-07 4.4493E-07 3.8034E-07 3.3091E-07 2.9515E-07 2.6957E-07 2.5153E-07 2.3860E-07 2.2883E-07 2.2099E-07 2.1365E-07 2.0611E-07 1.9798E-07 1.8919E-07
2.5324E-10 2.5936E-10 2.6556E-10 2.7185E-10 2.7821E-10 2.8465E-10 2.9116E-10 2.9918E-10 3.0608E-10 3.1309E-10 3.2021E-10 3.2744E-10 3.3479E-10 3.4225E-10 3.4983E-10 4.1036E-10 6.6131E-10 9.8224E-10 1.3110E-09 1.7318E-09 2.2903E-09 3.0135E-09 3.9455E-09 5.1634E-09 6.8647E-09 8.8954E-09 1.1887E-08 1.6390E-08 2.4336E-07 1.4655E-06 1.5336E-06 1.5080E-06 1.5173E-06 1.6576E-06 1.5158E-06 1.3025E-06 1.2087E-06 1.0401E-06 9.0449E-07 8.0162E-07 7.0874E-07 6.1735E-07 5.3305E-07 4.5691E-07 3.9290E-07 3.4121E-07 3.0150E-07 2.7233E-07 2.5110E-07 2.3588E-07 2.2468E-07 2.1603E-07 2.0883E-07 2.0196E-07 1.9484E-07 1.8720E-07 1.7910E-07
2.5507E-10 2.6124E-10 2.6749E-10 2.7382E-10 2.8023E-10 2.8672E-10 2.9328E-10 3.0136E-10 3.0831E-10 3.1537E-10 3.2255E-10 3.2983E-10 3.3723E-10 3.4474E-10 3.5238E-10 4.0411E-10 6.4549E-10 9.3832E-10 1.2563E-09 1.6588E-09 2.1855E-09 2.8691E-09 3.7508E-09 4.8843E-09 6.4848E-09 8.4143E-09 1.0718E-08 1.5351E-08 1.9943E-08 1.1094E-07 1.7370E-06 2.5495E-06 3.1871E-06 4.2647E-06 4.4970E-06 2.0587E-06 1.2760E-06 8.7675E-07 6.9780E-07 6.0547E-07 5.4011E-07 4.8003E-07 4.2557E-07 3.7540E-07 3.3192E-07 2.9581E-07 2.6743E-07 2.4585E-07 2.2988E-07 2.1804E-07 2.0900E-07 2.0178E-07 1.9545E-07 1.8931E-07 1.8277E-07 1.7583E-07 1.6831E-07
2.5686E-10 2.6308E-10 2.6937E-10 2.7575E-10 2.8221E-10 2.8875E-10 2.9536E-10 3.0348E-10 3.1048E-10 3.1759E-10 3.2481E-10 3.3215E-10 3.3960E-10 3.4717E-10 3.5486E-10 3.9652E-10 6.2174E-10 8.8307E-10 1.1938E-09 1.5699E-09 2.0618E-09 2.7024E-09 3.5284E-09 4.5815E-09 6.0313E-09 7.8609E-09 1.0011E-08 1.3832E-08 1.8366E-08 9.3682E-08 3.4989E-06 4.3933E-06 5.2357E-06 5.5606E-06 4.0949E-06 1.5671E-06 8.4276E-07 5.5199E-07 4.5148E-07 4.0556E-07 3.7705E-07 3.5007E-07 3.2387E-07 2.9740E-07 2.7280E-07 2.5105E-07 2.3314E-07 2.1886E-07 2.0793E-07 1.9940E-07 1.9260E-07 1.8681E-07 1.8141E-07 1.7599E-07 1.7010E-07 1.6381E-07 1.5690E-07
2.5860E-10 2.6486E-10 2.7121E-10 2.7763E-10 2.8413E-10 2.9072E-10 2.9738E-10 3.0554E-10 3.1259E-10 3.1975E-10 3.2702E-10 3.3440E-10 3.4190E-10 3.4952E-10 3.5726E-10 3.8666E-10 5.8542E-10 8.2380E-10 1.1257E-09 1.4672E-09 1.9233E-09 2.5206E-09 3.2819E-09 4.2461E-09 5.5380E-09 7.2508E-09 9.2469E-09 1.2227E-08 1.6694E-08 7.3587E-07 4.4776E-06 5.3325E-06 5.2033E-06 4.6386E-06 2.1185E-06 3.8994E-07 1.9213E-07 2.0924E-07 2.4049E-07 2.5077E-07 2.5256E-07 2.4882E-07 2.4191E-07 2.3275E-07 2.2209E-07 2.1149E-07 2.0176E-07 1.9347E-07 1.8661E-07 1.8096E-07 1.7613E-07 1.7162E-07 1.6704E-07 1.6226E-07 1.5699E-07 1.5136E-07 1.4503E-07
2.6030E-10 2.6660E-10 2.7299E-10 2.7946E-10 2.8601E-10 2.9264E-10 2.9934E-10 3.0754E-10 3.1463E-10 3.2184E-10 3.2916E-10 3.3659E-10 3.4413E-10 3.5180E-10 3.5958E-10 3.8035E-10 5.3577E-10 7.6286E-10 1.0439E-09 1.3584E-09 1.7816E-09 2.3250E-09 3.0175E-09 3.8940E-09 5.0381E-09 6.5857E-09 8.4476E-09 1.0628E-08 1.6132E-08 7.6085E-07 1.6986E-06 1.2145E-06 8.5234E-07 5.8587E-07 2.1051E-07 8.6428E-08 1.0745E-07 1.2932E-07 1.4768E-07 1.6165E-07 1.7418E-07 1.8090E-07 1.8392E-07 1.8386E-07 1.8210E-07 1.7846E-07 1.7456E-07 1.7051E-07 1.6679E-07 1.6334E-07 1.5996E-07 1.5637E-07 1.5250E-07 1.4838E-07 1.4377E-07 1.3866E-07 1.3306E-07
2.6194E-10 2.6829E-10 2.7472E-10 2.8123E-10 2.8782E-10 2.9450E-10 3.0125E-10 3.0947E-10 3.1662E-10 3.2387E-10 3.3123E-10 3.3870E-10 3.4629E-10 3.5400E-10 3.6183E-10 3.7402E-10 4.8513E-10 7.0185E-10 9.5241E-10 1.2526E-09 1.6317E-09 2.1205E-09 2.7463E-09 3.5425E-09 4.5532E-09 5.9051E-09 7.6217E-09 9.5904E-09 1.2538E-08 1.8119E-08 2.1355E-08 2.6904E-08 3.3619E-08 4.1650E-08 5.2485E-08 6.6408E-08 8.2238E-08 9.8005E-08 1.1234E-07 1.2417E-07 1.3339E-07 1.4040E-07 1.4575E-07 1.4941E-07 1.5149E-07 1.5195E-07 1.5149E-07 1.5024E-07 1.4857E-07 1.4656E-07 1.4417E-07 1.4141E-07 1.3820E-07 1.3469E-07 1.3058E-07 1.2607E-07 1.2110E-07
2.6354E-10 2.6992E-10 2.7639E-10 2.8295E-10 2.8959E-10 2.9630E-10 3.0310E-10 3.1135E-10 3.1853E-10 3.2582E-10 3.3323E-10 3.4074E-10 3.4837E-10 3.5612E-10 3.6399E-10 3.7199E-10 4.3828E-10 6.2715E-10 8.5778E-10 1.1491E-09 1.4787E-09 1.9159E-09 2.4809E-09 3.1884E-09 4.0750E-09 5.2316E-09 6.7885E-09 8.5603E-09 1.0665E-08 1.4355E-08 1.8523E-08 2.3162E-08 2.8791E-08 3.5350E-08 4.3611E-08 5.4337E-08 6.6699E-08 7.9329E-08 9.1127E-08 1.0119E-07 1.0950E-07 1.1606E-07 1.2148E-07 1.2555E-07 1.2870E-07 1.3080E-07 1.3196E-07 1.3217E-07 1.3178E-07 1.3065E-07 1.2910E-07 1.2697E-07 1.2434E-07 1.2130E-07 1.1771E-07 1.1377E-07 1.0936E-07
2.6508E-10 2.7150E-10 2.7802E-10 2.8461E-10 2.9129E-10 2.9805E-10 3.0489E-10 3.1311E-10 3.2038E-10 3.2772E-10 3.3516E-10 3.4271E-10 3.5038E-10 3.5817E-10 3.6608E-10 3.7411E-10 4.0418E-10 5.5181E-10 7.6965E-10 1.0342E-09 1.3307E-09 1.7208E-09 2.2148E-09 2.8390E-09 3.6180E-09 4.6117E-09 5.9471E-09 7.5527E-09 9.4106E-09 1.1602E-08 1.5922E-08 1.9768E-08 2.4414E-08 2.9873E-08 3.6449E-08 4.4830E-08 5.4745E-08 6.5407E-08 7.5440E-08 8.4315E-08 9.1948E-08 9.8342E-08 1.0340E-07 1.0746E-07 1.1075E-07 1.1319E-07 1.1499E-07 1.1596E-07 1.1624E-07 1.1583E-07 1.1476E-07 1.1319E-07 1.1103E-07 1.0842E-07 1.0537E-07 1.0191E-07 9.8024E-08
2.6657E-10 2.7303E-10 2.7958E-10 2.8622E-10 2.9294E-10 2.9974E-10 3.0662E-10 3.1474E-10 3.2217E-10 3.2954E-10 3.3702E-10 3.4461E-10 3.5232E-10 3.6014E-10 3.6808E-10 3.7615E-10 3.8771E-10 4.8100E-10 6.8885E-10 9.1389E-10 1.1961E-09 1.5274E-09 1.9595E-09 2.5075E-09 3.1877E-09 4.0328E-09 5.1253E-09 6.5771E-09 8.2194E-09 1.0140E-08 1.2374E-08 1.6795E-08 2.0565E-08 2.4997E-08 3.0247E-08 3.6968E-08 4.5087E-08 5.3915E-08 6.2486E-08 7.0457E-08 7.7628E-08 8.3603E-08 8.8535E-08 9.2533E-08 9.5678E-08 9.8119E-08 1.0000E-07 1.0132E-07 1.0202E-07 1.0203E-07 1.0139E-07 1.0016E-07 9.8436E-08 9.6271E-08 9.3656E-08 9.0640E-08 8.7249E-08
2.6800E-10 2.7450E-10 2.8109E-10 2.8777E-10 2.9453E-10 3.0137E-10 3.0829E-10 3.1629E-10 3.2388E-10 3.3129E-10 3.3880E-10 3.4643E-10 3.5417E-10 3.6203E-10 3.7001E-10 3.7811E-10 3.8633E-10 4.2860E-10 5.9687E-10 8.0102E-10 1.0616E-09 1.3471E-09 1.7218E-09 2.1930E-09 2.7799E-09 3.5013E-09 4.4442E-09 5.6682E-09 7.1206E-09 8.8000E-09 1.0726E-08 1.2899E-08 1.7202E-08 2.0750E-08 2.4906E-08 3.0273E-08 3.6845E-08 4.4292E-08 5.1757E-08 5.8815E-08 6.5182E-08 7.0739E-08 7.5452E-08 7.9350E-08 8.2511E-08 8.5017E-08 8.6935E-08 8.8299E-08 8.9104E-08 8.9326E-08 8.8961E-08 8.8065E-08 8.6686E-08 8.4878E-08 8.2665E-08 8.0078E-08 7.7154E-08
2.6938E-10 2.7592E-10 2.8255E-10 2.8926E-10 2.9605E-10 3.0293E-10 3.0989E-10 3.1693E-10 3.2553E-10 3.3297E-10 3.4051E-10 3.4817E-10 3.5595E-10 3.6384E-10 3.7185E-10 3.7998E-10 3.8823E-10 4.0306E-10 4.9982E-10 7.0382E-10 9.2038E-10 1.1922E-09 1.4991E-09 1.9025E-09 2.4103E-09 3.0632E-09 3.8610E-09 4.8518E-09 6.0987E-09 7.5430E-09 9.1786E-09 1.1038E-08 1.3117E-08 1.7153E-08 2.0409E-08 2.4624E-08 2.9876E-08 3.6002E-08 4.2345E-08 4.8527E-08 5.4259E-08 5.9363E-08 6.3781E-08 6.7499E-08 7.0565E-08 7.3036E-08 7.4962E-08 7.6384E-08 7.7281E-08 7.7641E-08 7.7482E-08 7.6858E-08 7.5790E-08 7.4329E-08 7.2491E-08 7.0307E-08 6.7822E-08
2.7071E-10 2.7728E-10 2.8394E-10 2.9069E-10 2.9752E-10 3.0443E-10 3.1143E-10 3.1851E-10 3.2710E-10 3.3457E-10 3.4215E-10 3.4984E-10 3.5765E-10 3.6557E-10 3.7360E-10 3.8176E-10 3.9004E-10 3.9844E-10 4.3968E-10 5.9944E-10 7.9167E-10 1.0321E-09 1.3011E-09 1.6578E-09 2.1162E-09 2.6657E-09 3.3182E-09 4.1138E-09 5.1360E-09 6.3730E-09 7.7698E-09 9.3549E-09 1.1122E-08 1.3073E-08 1.5706E-08 1.9940E-08 2.4001E-08 2.8955E-08 3.4279E-08 3.9564E-08 4.4600E-08 4.9205E-08 5.3272E-08 5.6765E-08 5.9706E-08 6.2119E-08 6.4047E-08 6.5487E-08 6.6458E-08 6.6944E-08 6.6978E-08 6.6591E-08 6.5816E-08 6.4681E-08 6.3191E-08 6.1388E-08 5.9312E-08
2.7197E-10 2.7858E-10 2.8527E-10 2.9206E-10 2.9892E-10 3.0587E-10 3.1290E-10 3.2002E-10 3.2860E-10 3.3611E-10 3.4372E-10 3.5143E-10 3.5927E-10 3.6721E-10 3.7527E-10 3.8345E-10 3.9175E-10 4.0018E-10 4.1298E-10 5.0183E-10 6.8573E-10 8.8162E-10 1.1552E-09 1.4604E-09 1.8272E-09 2.2807E-09 2.8241E-09 3.4774E-09 4.2877E-09 5.3123E-09 6.5030E-09 7.8382E-09 9.3336E-09 1.0966E-08 1.2779E-08 1.5342E-08 1.9207E-08 2.3096E-08 2.7444E-08 3.1918E-08 3.6249E-08 4.0306E-08 4.3985E-08 4.7220E-08 5.0008E-08 5.2338E-08 5.4213E-08 5.5662E-08 5.6679E-08 5.7285E-08 5.7487E-08 5.7318E-08 5.6803E-08 5.5965E-08 5.4792E-08 5.3345E-08 5.1642E-08
2.7318E-10 2.7982E-10 2.8655E-10 2.9336E-10 3.0026E-10 3.0725E-10 3.1431E-10 3.2146E-10 3.2868E-10 3.3757E-10 3.4520E-10 3.5295E-10 3.6080E-10 3.6877E-10 3.7686E-10 3.8506E-10 3.9338E-10 4.0183E-10 4.1039E-10 4.3690E-10 5.9541E-10 7.8555E-10 1.0101E-09 1.2692E-09 1.5634E-09 1.9362E-09 2.3809E-09 2.9191E-09 3.5646E-09 4.3874E-09 5.3690E-09 6.4922E-09 7.7423E-09 9.1351E-09 1.0623E-08 1.2257E-08 1.4632E-08 1.8346E-08 2.1778E-08 2.5464E-08 2.9163E-08 3.2675E-08 3.5941E-08 3.8894E-08 4.1485E-08 4.3687E-08 4.5493E-08 4.6916E-08 4.7976E-08 4.8670E-08 4.9019E-08 4.9036E-08 4.8752E-08 4.8182E-08 4.7298E-08 4.6172E-08 4.4806E-08
2.7433E-10 2.8100E-10 2.8776E-10 2.9461E-10 3.0154E-10 3.0855E-10 3.1565E-10 3.2283E-10 3.3009E-10 3.3895E-10 3.4661E-10 3.5438E-10 3.6226E-10 3.7025E-10 3.7836E-10 3.8658E-10 3.9492E-10 4.0338E-10 4.1196E-10 4.3797E-10 5.1637E-10 6.7862E-10 8.6396E-10 1.0809E-09 1.3396E-09 1.6288E-09 1.9996E-09 2.4333E-09 2.9590E-09 3.6063E-09 4.3884E-09 5.3173E-09 6.3575E-09 7.5115E-09 8.7634E-09 1.0107E-08 1.1542E-08 1.4222E-08 1.7198E-08 2.0131E-08 2.3272E-08 2.6246E-08 2.9097E-08 3.1739E-08 3.4109E-08 3.6152E-08 3.7856E-08 3.9243E-08 4.0312E-08 4.1086E-08 4.1547E-08 4.1730E-08 4.1643E-08 4.1308E-08 4.0684E-08 3.9840E-08 3.8778E-08
2.7542E-10 2.8212E-10 2.8891E-10 2.9578E-10 3.0275E-10 3.0979E-10 3.1692E-10 3.2413E-10 3.3143E-10 3.4026E-10 3.4794E-10 3.5574E-10 3.6364E-10 3.7165E-10 3.7977E-10 3.8801E-10 3.9635E-10 4.0685E-10 4.3305E-10 4.5612E-10 4.7682E-10 5.8261E-10 7.2888E-10 9.1030E-10 1.1262E-09 1.3772E-09 1.6623E-09 2.0202E-09 2.4453E-09 2.9613E-09 3.5705E-09 4.3031E-09 5.1574E-09 6.1144E-09 7.1590E-09 8.2638E-09 9.4594E-09 1.0697E-08 1.3179E-08 1.5835E-08 1.8307E-08 2.0877E-08 2.3379E-08 2.5703E-08 2.7812E-08 2.9683E-08 3.1268E-08 3.2586E-08 3.3661E-08 3.4475E-08 3.5038E-08 3.5353E-08 3.5435E-08 3.5302E-08 3.4906E-08 3.4308E-08 3.3512E-08
