Assets/Resources/2015_m01_d21_1100(utc+0800)_l00_csi_1hr_conc.grd
DSAA
         159         159
     -79.000      79.000
     -79.000      79.000
  0.6122E-09  0.1418E-05
[rows 75 to 99 of 159, columns 0 to 56 of 159]
2.5247E-09 2.5876E-09 2.6515E-09 2.7163E-09 2.7818E-09 2.8484E-09 2.9158E-09 2.9838E-09 3.0529E-09 3.1224E-09 3.1928E-09 3.2639E-09 3.3354E-09 3.4076E-09 3.4805E-09 3.5536E-09 3.6273E-09 3.7016E-09 3.7758E-09 3.8506E-09 3.9258E-09 4.0006E-09 4.0761E-09 4.1516E-09 4.2268E-09 4.3024E-09 4.3778E-09 4.4529E-09 4.5280E-09 4.6025E-09 4.6772E-09 4.7511E-09 4.8248E-09 4.8981E-09 4.9707E-09 5.0431E-09 5.1144E-09 5.1858E-09 5.2566E-09 5.3256E-09 5.3949E-09 5.4631E-09 5.5300E-09 5.5963E-09 5.6615E-09 5.7254E-09 5.7883E-09 5.8500E-09 5.9111E-09 5.9699E-09 6.0288E-09 6.0859E-09 6.1414E-09 6.1959E-09 6.2485E-09 6.3008E-09 6.3520E-09
2.5068E-09 2.5693E-09 2.6327E-09 2.6968E-09 2.7620E-09 2.8280E-09 2.8947E-09 2.9624E-09 3.0307E-09 3.0997E-09 3.1696E-09 3.2400E-09 3.3109E-09 3.3827E-09 3.4548E-09 3.5274E-09 3.6006E-09 3.6740E-09 3.7478E-09 3.8221E-09 3.8962E-09 3.9708E-09 4.0457E-09 4.1201E-09 4.1950E-09 4.2700E-09 4.3446E-09 4.4192E-09 4.4935E-09 4.5677E-09 4.6413E-09 4.7148E-09 4.7879E-09 4.8604E-09 4.9326E-09 5.0040E-09 5.0748E-09 5.1456E-09 5.2148E-09 5.2843E-09 5.3525E-09 5.4196E-09 5.4863E-09 5.5518E-09 5.6160E-09 5.6795E-09 5.7414E-09 5.8030E-09 5.8631E-09 5.9217E-09 5.9793E-09 6.0353E-09 6.0905E-09 6.1438E-09 6.1961E-09 6.2471E-09 6.2977E-09
2.4884E-09 2.5503E-09 2.6131E-09 2.6768E-09 2.7414E-09 2.8067E-09 2.8730E-09 2.9401E-09 3.0077E-09 3.0763E-09 3.1456E-09 3.2152E-09 3.2858E-09 3.3567E-09 3.4282E-09 3.5003E-09 3.5728E-09 3.6455E-09 3.7188E-09 3.7921E-09 3.8659E-09 3.9400E-09 4.0138E-09 4.0880E-09 4.1622E-09 4.2362E-09 4.3104E-09 4.3843E-09 4.4580E-09 4.5314E-09 4.6044E-09 4.6773E-09 4.7496E-09 4.8216E-09 4.8929E-09 4.9637E-09 5.0342E-09 5.1032E-09 5.1728E-09 5.2414E-09 5.3083E-09 5.3752E-09 5.4410E-09 5.5056E-09 5.5697E-09 5.6319E-09 5.6938E-09 5.7542E-09 5.8134E-09 5.8716E-09 5.9281E-09 5.9837E-09 6.0376E-09 6.0909E-09 6.1423E-09 6.1925E-09 6.2414E-09
2.4694E-09 2.5307E-09 2.5930E-09 2.6561E-09 2.7200E-09 2.7850E-09 2.8506E-09 2.9169E-09 2.9842E-09 3.0522E-09 3.1206E-09 3.1899E-09 3.2597E-09 3.3299E-09 3.4010E-09 3.4723E-09 3.5440E-09 3.6163E-09 3.6888E-09 3.7616E-09 3.8348E-09 3.9078E-09 3.9813E-09 4.0549E-09 4.1281E-09 4.2016E-09 4.2750E-09 4.3483E-09 4.4213E-09 4.4940E-09 4.5666E-09 4.6385E-09 4.7103E-09 4.7815E-09 4.8520E-09 4.9225E-09 4.9917E-09 5.0606E-09 5.1293E-09 5.1963E-09 5.2635E-09 5.3294E-09 5.3944E-09 5.4586E-09 5.5213E-09 5.5836E-09 5.6445E-09 5.7040E-09 5.7626E-09 5.8197E-09 5.8759E-09 5.9304E-09 5.9843E-09 6.0362E-09 6.0872E-09 6.1369E-09 6.1845E-09
2.4497E-09 2.5105E-09 2.5722E-09 2.6347E-09 2.6982E-09 2.7625E-09 2.8274E-09 2.8933E-09 2.9599E-09 3.0271E-09 3.0951E-09 3.1637E-09 3.2327E-09 3.3025E-09 3.3728E-09 3.4434E-09 3.5146E-09 3.5862E-09 3.6579E-09 3.7302E-09 3.8023E-09 3.8750E-09 3.9479E-09 4.0203E-09 4.0933E-09 4.1660E-09 4.2387E-09 4.3112E-09 4.3835E-09 4.4557E-09 4.5274E-09 4.5987E-09 4.6698E-09 4.7402E-09 4.8103E-09 4.8797E-09 4.9485E-09 5.0166E-09 5.0838E-09 5.1511E-09 5.2173E-09 5.2823E-09 5.3468E-09 5.4103E-09 5.4724E-09 5.5337E-09 5.5936E-09 5.6526E-09 5.7102E-09 5.7673E-09 5.8222E-09 5.8768E-09 5.9295E-09 5.9807E-09 6.0309E-09 6.0794E-09 6.1267E-09
2.4296E-09 2.4897E-09 2.5508E-09 2.6128E-09 2.6757E-09 2.7393E-09 2.8038E-09 2.8689E-09 2.9348E-09 3.0015E-09 3.0688E-09 3.1366E-09 3.2052E-09 3.2742E-09 3.3437E-09 3.4139E-09 3.4844E-09 3.5550E-09 3.6263E-09 3.6977E-09 3.7693E-09 3.8414E-09 3.9130E-09 3.9853E-09 4.0574E-09 4.1293E-09 4.2014E-09 4.2731E-09 4.3449E-09 4.4161E-09 4.4872E-09 4.5578E-09 4.6280E-09 4.6981E-09 4.7672E-09 4.8359E-09 4.9041E-09 4.9712E-09 5.0381E-09 5.1044E-09 5.1695E-09 5.2342E-09 5.2979E-09 5.3603E-09 5.4219E-09 5.4823E-09 5.5420E-09 5.5999E-09 5.6575E-09 5.7134E-09 5.7679E-09 5.8212E-09 5.8731E-09 5.9238E-09 5.9729E-09 6.0210E-09 6.0677E-09
2.4089E-09 2.4685E-09 2.5290E-09 2.5904E-09 2.6525E-09 2.7155E-09 2.7794E-09 2.8438E-09 2.9092E-09 2.9752E-09 3.0417E-09 3.1090E-09 3.1768E-09 3.2451E-09 3.3140E-09 3.3835E-09 3.4531E-09 3.5233E-09 3.5939E-09 3.6644E-09 3.7355E-09 3.8064E-09 3.8778E-09 3.9493E-09 4.0204E-09 4.0919E-09 4.1630E-09 4.2342E-09 4.3050E-09 4.3757E-09 4.4460E-09 4.5159E-09 4.5855E-09 4.6546E-09 4.7231E-09 4.7910E-09 4.8582E-09 4.9252E-09 4.9912E-09 5.0561E-09 5.1211E-09 5.1850E-09 5.2474E-09 5.3094E-09 5.3701E-09 5.4303E-09 5.4891E-09 5.5467E-09 5.6029E-09 5.6580E-09 5.7120E-09 5.7645E-09 5.8158E-09 5.8656E-09 5.9142E-09 5.9616E-09 6.0071E-09
2.3876E-09 2.4466E-09 2.5065E-09 2.5673E-09 2.6288E-09 2.6912E-09 2.7543E-09 2.8183E-09 2.8829E-09 2.9481E-09 3.0141E-09 3.0807E-09 3.1477E-09 3.2154E-09 3.2837E-09 3.3522E-09 3.4213E-09 3.4908E-09 3.5603E-09 3.6305E-09 3.7006E-09 3.7710E-09 3.8417E-09 3.9120E-09 3.9829E-09 4.0533E-09 4.1238E-09 4.1941E-09 4.2643E-09 4.3343E-09 4.4038E-09 4.4731E-09 4.5418E-09 4.6101E-09 4.6781E-09 4.7451E-09 4.8119E-09 4.8779E-09 4.9430E-09 5.0074E-09 5.0715E-09 5.1342E-09 5.1968E-09 5.2572E-09 5.3180E-09 5.3772E-09 5.4349E-09 5.4919E-09 5.5473E-09 5.6018E-09 5.6548E-09 5.7069E-09 5.7574E-09 5.8068E-09 5.8544E-09 5.9008E-09 5.9459E-09
2.3659E-09 2.4243E-09 2.4836E-09 2.5436E-09 2.6046E-09 2.6664E-09 2.7288E-09 2.7921E-09 2.8559E-09 2.9206E-09 2.9859E-09 3.0516E-09 3.1181E-09 3.1851E-09 3.2524E-09 3.3203E-09 3.3888E-09 3.4573E-09 3.5264E-09 3.5956E-09 3.6650E-09 3.7349E-09 3.8043E-09 3.8744E-09 3.9442E-09 4.0140E-09 4.0838E-09 4.1533E-09 4.2228E-09 4.2918E-09 4.3608E-09 4.4292E-09 4.4972E-09 4.5649E-09 4.6320E-09 4.6984E-09 4.7643E-09 4.8293E-09 4.8940E-09 4.9575E-09 5.0204E-09 5.0832E-09 5.1441E-09 5.2048E-09 5.2643E-09 5.3225E-09 5.3799E-09 5.4358E-09 5.4908E-09 5.5443E-09 5.5970E-09 5.6480E-09 5.6981E-09 5.7464E-09 5.7937E-09 5.8392E-09 5.8835E-09
2.3437E-09 2.4015E-09 2.4601E-09 2.5196E-09 2.5798E-09 2.6409E-09 2.7027E-09 2.7652E-09 2.8285E-09 2.8924E-09 2.9568E-09 3.0221E-09 3.0877E-09 3.1539E-09 3.2207E-09 3.2879E-09 3.3553E-09 3.4233E-09 3.4916E-09 3.5599E-09 3.6289E-09 3.6975E-09 3.7667E-09 3.8358E-09 3.9048E-09 3.9739E-09 4.0428E-09 4.1117E-09 4.1802E-09 4.2487E-09 4.3167E-09 4.3845E-09 4.4518E-09 4.5185E-09 4.5848E-09 4.6506E-09 4.7157E-09 4.7801E-09 4.8438E-09 4.9069E-09 4.9691E-09 5.0308E-09 5.0912E-09 5.1510E-09 5.2093E-09 5.2671E-09 5.3235E-09 5.3790E-09 5.4330E-09 5.4865E-09 5.5377E-09 5.5886E-09 5.6380E-09 5.6857E-09 5.7323E-09 5.7771E-09 5.8209E-09
2.3210E-09 2.3782E-09 2.4362E-09 2.4950E-09 2.5546E-09 2.6150E-09 2.6760E-09 2.7379E-09 2.8005E-09 2.8636E-09 2.9274E-09 2.9919E-09 3.0567E-09 3.1223E-09 3.1883E-09 3.2546E-09 3.3214E-09 3.3887E-09 3.4560E-09 3.5239E-09 3.5916E-09 3.6599E-09 3.7281E-09 3.7963E-09 3.8647E-09 3.9330E-09 4.0012E-09 4.0692E-09 4.1370E-09 4.2045E-09 4.2719E-09 4.3389E-09 4.4054E-09 4.4715E-09 4.5369E-09 4.6019E-09 4.6665E-09 4.7301E-09 4.7930E-09 4.8553E-09 4.9166E-09 4.9771E-09 5.0372E-09 5.0959E-09 5.1540E-09 5.2105E-09 5.2668E-09 5.3210E-09 5.3750E-09 5.4274E-09 5.4783E-09 5.5281E-09 5.5764E-09 5.6238E-09 5.6694E-09 5.7139E-09 5.7566E-09
2.2979E-09 2.3545E-09 2.4118E-09 2.4699E-09 2.5288E-09 2.5885E-09 2.6489E-09 2.7101E-09 2.7718E-09 2.8343E-09 2.8974E-09 2.9610E-09 3.0253E-09 3.0901E-09 3.1552E-09 3.2208E-09 3.2870E-09 3.3531E-09 3.4200E-09 3.4868E-09 3.5540E-09 3.6215E-09 3.6887E-09 3.7564E-09 3.8238E-09 3.8914E-09 3.9588E-09 4.0259E-09 4.0930E-09 4.1597E-09 4.2264E-09 4.2925E-09 4.3583E-09 4.4235E-09 4.4883E-09 4.5526E-09 4.6162E-09 4.6791E-09 4.7413E-09 4.8026E-09 4.8634E-09 4.9230E-09 4.9819E-09 5.0405E-09 5.0972E-09 5.1539E-09 5.2089E-09 5.2629E-09 5.3157E-09 5.3674E-09 5.4176E-09 5.4668E-09 5.5144E-09 5.5611E-09 5.6060E-09 5.6497E-09 5.6920E-09
2.2745E-09 2.3304E-09 2.3870E-09 2.4445E-09 2.5026E-09 2.5616E-09 2.6213E-09 2.6817E-09 2.7428E-09 2.8045E-09 2.8669E-09 2.9297E-09 2.9932E-09 3.0572E-09 3.1215E-09 3.1866E-09 3.2517E-09 3.3173E-09 3.3831E-09 3.4493E-09 3.5157E-09 3.5821E-09 3.6490E-09 3.7155E-09 3.7823E-09 3.8490E-09 3.9156E-09 3.9820E-09 4.0483E-09 4.1142E-09 4.1800E-09 4.2453E-09 4.3105E-09 4.3748E-09 4.4389E-09 4.5022E-09 4.5650E-09 4.6272E-09 4.6886E-09 4.7493E-09 4.8090E-09 4.8682E-09 4.9266E-09 4.9840E-09 5.0404E-09 5.0959E-09 5.1502E-09 5.2034E-09 5.2555E-09 5.3064E-09 5.3561E-09 5.4044E-09 5.4516E-09 5.4972E-09 5.5418E-09 5.5847E-09 5.6264E-09
2.2507E-09 2.3057E-09 2.3618E-09 2.4185E-09 2.4760E-09 2.5343E-09 2.5933E-09 2.6530E-09 2.7133E-09 2.7742E-09 2.8358E-09 2.8979E-09 2.9606E-09 3.0238E-09 3.0875E-09 3.1515E-09 3.2160E-09 3.2808E-09 3.3458E-09 3.4113E-09 3.4766E-09 3.5425E-09 3.6082E-09 3.6742E-09 3.7400E-09 3.8060E-09 3.8717E-09 3.9374E-09 4.0028E-09 4.0681E-09 4.1329E-09 4.1976E-09 4.2617E-09 4.3255E-09 4.3886E-09 4.4513E-09 4.5132E-09 4.5746E-09 4.6353E-09 4.6954E-09 4.7543E-09 4.8128E-09 4.8702E-09 4.9266E-09 4.9825E-09 5.0370E-09 5.0908E-09 5.1431E-09 5.1945E-09 5.2447E-09 5.2939E-09 5.3415E-09 5.3880E-09 5.4330E-09 5.4768E-09 5.5192E-09 5.5601E-09
2.2263E-09 2.2809E-09 2.3361E-09 2.3922E-09 2.4490E-09 2.5065E-09 2.5648E-09 2.6237E-09 2.6833E-09 2.7435E-09 2.8043E-09 2.8657E-09 2.9276E-09 2.9900E-09 3.0528E-09 3.1161E-09 3.1798E-09 3.2437E-09 3.3081E-09 3.3723E-09 3.4373E-09 3.5021E-09 3.5671E-09 3.6322E-09 3.6973E-09 3.7623E-09 3.8274E-09 3.8922E-09 3.9568E-09 4.0211E-09 4.0853E-09 4.1490E-09 4.2124E-09 4.2753E-09 4.3378E-09 4.3996E-09 4.4608E-09 4.5214E-09 4.5814E-09 4.6406E-09 4.6989E-09 4.7564E-09 4.8131E-09 4.8688E-09 4.9235E-09 4.9777E-09 5.0304E-09 5.0824E-09 5.1329E-09 5.1827E-09 5.2307E-09 5.2779E-09 5.3236E-09 5.3681E-09 5.4111E-09 5.4529E-09 5.4933E-09
2.2018E-09 2.2556E-09 2.3102E-09 2.3655E-09 2.4216E-09 2.4785E-09 2.5359E-09 2.5941E-09 2.6529E-09 2.7123E-09 2.7724E-09 2.8330E-09 2.8941E-09 2.9556E-09 3.0177E-09 3.0802E-09 3.1429E-09 3.2062E-09 3.2695E-09 3.3333E-09 3.3971E-09 3.4613E-09 3.5255E-09 3.5896E-09 3.6540E-09 3.7181E-09 3.7823E-09 3.8463E-09 3.9102E-09 3.9737E-09 4.0370E-09 4.0998E-09 4.1624E-09 4.2245E-09 4.2862E-09 4.3472E-09 4.4079E-09 4.4675E-09 4.5267E-09 4.5851E-09 4.6427E-09 4.6994E-09 4.7553E-09 4.8104E-09 4.8643E-09 4.9173E-09 4.9697E-09 5.0206E-09 5.0710E-09 5.1194E-09 5.1673E-09 5.2134E-09 5.2587E-09 5.3024E-09 5.3450E-09 5.3860E-09 5.4258E-09
2.1770E-09 2.2300E-09 2.2839E-09 2.3384E-09 2.3939E-09 2.4499E-09 2.5066E-09 2.5641E-09 2.6221E-09 2.6808E-09 2.7400E-09 2.7998E-09 2.8601E-09 2.9209E-09 2.9823E-09 3.0437E-09 3.1058E-09 3.1680E-09 3.2307E-09 3.2937E-09 3.3566E-09 3.4200E-09 3.4831E-09 3.5467E-09 3.6100E-09 3.6735E-09 3.7367E-09 3.7999E-09 3.8628E-09 3.9257E-09 3.9880E-09 4.0502E-09 4.1119E-09 4.1733E-09 4.2340E-09 4.2944E-09 4.3539E-09 4.4132E-09 4.4713E-09 4.5290E-09 4.5858E-09 4.6419E-09 4.6970E-09 4.7514E-09 4.8046E-09 4.8569E-09 4.9086E-09 4.9589E-09 5.0083E-09 5.0563E-09 5.1034E-09 5.1490E-09 5.1936E-09 5.2364E-09 5.2781E-09 5.3187E-09 5.3577E-09
2.1517E-09 2.2042E-09 2.2572E-09 2.3111E-09 2.3658E-09 2.4211E-09 2.4770E-09 2.5337E-09 2.5910E-09 2.6488E-09 2.7073E-09 2.7663E-09 2.8257E-09 2.8858E-09 2.9461E-09 3.0070E-09 3.0680E-09 3.1296E-09 3.1915E-09 3.2534E-09 3.3158E-09 3.3780E-09 3.4406E-09 3.5031E-09 3.5657E-09 3.6281E-09 3.6907E-09 3.7530E-09 3.8152E-09 3.8770E-09 3.9388E-09 3.9999E-09 4.0609E-09 4.1212E-09 4.1815E-09 4.2409E-09 4.2999E-09 4.3580E-09 4.4157E-09 4.4724E-09 4.5285E-09 4.5838E-09 4.6383E-09 4.6917E-09 4.7445E-09 4.7957E-09 4.8466E-09 4.8963E-09 4.9448E-09 4.9924E-09 5.0385E-09 5.0837E-09 5.1275E-09 5.1702E-09 5.2109E-09 5.2508E-09 5.2894E-09
2.1262E-09 2.1779E-09 2.2303E-09 2.2835E-09 2.3373E-09 2.3920E-09 2.4471E-09 2.5030E-09 2.5595E-09 2.6166E-09 2.6742E-09 2.7323E-09 2.7911E-09 2.8502E-09 2.9098E-09 2.9697E-09 3.0301E-09 3.0909E-09 3.1516E-09 3.2130E-09 3.2741E-09 3.3358E-09 3.3974E-09 3.4591E-09 3.5208E-09 3.5825E-09 3.6441E-09 3.7057E-09 3.7668E-09 3.8281E-09 3.8887E-09 3.9493E-09 4.0093E-09 4.0690E-09 4.1281E-09 4.1870E-09 4.2450E-09 4.3025E-09 4.3592E-09 4.4154E-09 4.4705E-09 4.5253E-09 4.5788E-09 4.6317E-09 4.6833E-09 4.7345E-09 4.7840E-09 4.8331E-09 4.8810E-09 4.9278E-09 4.9735E-09 5.0177E-09 5.0610E-09 5.1028E-09 5.1437E-09 5.1825E-09 5.2204E-09
2.1005E-09 2.1514E-09 2.2032E-09 2.2555E-09 2.3087E-09 2.3625E-09 2.4169E-09 2.4721E-09 2.5276E-09 2.5840E-09 2.6408E-09 2.6982E-09 2.7560E-09 2.8143E-09 2.8731E-09 2.9322E-09 2.9918E-09 3.0514E-09 3.1117E-09 3.1719E-09 3.2325E-09 3.2931E-09 3.3539E-09 3.4147E-09 3.4755E-09 3.5363E-09 3.5972E-09 3.6577E-09 3.7183E-09 3.7785E-09 3.8385E-09 3.8980E-09 3.9574E-09 4.0161E-09 4.0745E-09 4.1323E-09 4.1898E-09 4.2464E-09 4.3025E-09 4.3577E-09 4.4124E-09 4.4659E-09 4.5191E-09 4.5709E-09 4.6222E-09 4.6722E-09 4.7216E-09 4.7693E-09 4.8167E-09 4.8628E-09 4.9078E-09 4.9516E-09 4.9940E-09 5.0355E-09 5.0753E-09 5.1144E-09 5.1513E-09
2.0745E-09 2.1247E-09 2.1757E-09 2.2274E-09 2.2798E-09 2.3327E-09 2.3865E-09 2.4407E-09 2.4956E-09 2.5511E-09 2.6071E-09 2.6637E-09 2.7206E-09 2.7781E-09 2.8360E-09 2.8944E-09 2.9529E-09 3.0120E-09 3.0710E-09 3.1307E-09 3.1903E-09 3.2501E-09 3.3099E-09 3.3700E-09 3.4300E-09 3.4899E-09 3.5498E-09 3.6097E-09 3.6691E-09 3.7286E-09 3.7877E-09 3.8466E-09 3.9050E-09 3.9630E-09 4.0206E-09 4.0776E-09 4.1342E-09 4.1900E-09 4.2454E-09 4.2998E-09 4.3537E-09 4.4066E-09 4.4587E-09 4.5102E-09 4.5603E-09 4.6099E-09 4.6582E-09 4.7059E-09 4.7518E-09 4.7974E-09 4.8418E-09 4.8849E-09 4.9269E-09 4.9674E-09 5.0071E-09 5.0450E-09 5.0821E-09
2.0483E-09 2.0978E-09 2.1480E-09 2.1990E-09 2.2505E-09 2.3028E-09 2.3556E-09 2.4092E-09 2.4633E-09 2.5179E-09 2.5732E-09 2.6288E-09 2.6851E-09 2.7416E-09 2.7988E-09 2.8561E-09 2.9140E-09 2.9720E-09 3.0304E-09 3.0890E-09 3.1478E-09 3.2068E-09 3.2657E-09 3.3250E-09 3.3840E-09 3.4432E-09 3.5021E-09 3.5611E-09 3.6198E-09 3.6784E-09 3.7366E-09 3.7946E-09 3.8522E-09 3.9094E-09 3.9661E-09 4.0224E-09 4.0780E-09 4.1332E-09 4.1877E-09 4.2415E-09 4.2944E-09 4.3468E-09 4.3981E-09 4.4487E-09 4.4985E-09 4.5470E-09 4.5948E-09 4.6414E-09 4.6874E-09 4.7316E-09 4.7754E-09 4.8180E-09 4.8593E-09 4.8995E-09 4.9380E-09 4.9759E-09 5.0120E-09
2.0219E-09 2.0707E-09 2.1202E-09 2.1703E-09 2.2211E-09 2.2727E-09 2.3247E-09 2.3774E-09 2.4307E-09 2.4846E-09 2.5389E-09 2.5939E-09 2.6491E-09 2.7050E-09 2.7611E-09 2.8178E-09 2.8747E-09 2.9318E-09 2.9895E-09 3.0471E-09 3.1051E-09 3.1631E-09 3.2214E-09 3.2794E-09 3.3378E-09 3.3960E-09 3.4541E-09 3.5121E-09 3.5701E-09 3.6277E-09 3.6852E-09 3.7422E-09 3.7991E-09 3.8554E-09 3.9114E-09 3.9668E-09 4.0217E-09 4.0759E-09 4.1297E-09 4.1827E-09 4.2351E-09 4.2865E-09 4.3373E-09 4.3870E-09 4.4360E-09 4.4840E-09 4.5311E-09 4.5771E-09 4.6219E-09 4.6662E-09 4.7087E-09 4.7506E-09 4.7914E-09 4.8308E-09 4.8693E-09 4.9059E-09 4.9421E-09
1.9953E-09 2.0434E-09 2.0920E-09 2.1414E-09 2.1916E-09 2.2422E-09 2.2935E-09 2.3454E-09 2.3979E-09 2.4509E-09 2.5045E-09 2.5585E-09 2.6131E-09 2.6680E-09 2.7233E-09 2.7791E-09 2.8351E-09 2.8916E-09 2.9480E-09 3.0050E-09 3.0619E-09 3.1192E-09 3.1764E-09 3.2339E-09 3.2912E-09 3.3486E-09 3.4059E-09 3.4630E-09 3.5201E-09 3.5770E-09 3.6335E-09 3.6898E-09 3.7457E-09 3.8013E-09 3.8564E-09 3.9109E-09 3.9651E-09 4.0185E-09 4.0714E-09 4.1237E-09 4.1752E-09 4.2261E-09 4.2759E-09 4.3252E-09 4.3733E-09 4.4206E-09 4.4670E-09 4.5123E-09 4.5568E-09 4.5998E-09 4.6424E-09 4.6831E-09 4.7233E-09 4.7623E-09 4.7999E-09 4.8366E-09 4.8714E-09
1.9685E-09 2.0159E-09 2.0639E-09 2.1124E-09 2.1617E-09 2.2117E-09 2.2621E-09 2.3133E-09 2.3649E-09 2.4172E-09 2.4699E-09 2.5231E-09 2.5768E-09 2.6309E-09 2.6854E-09 2.7401E-09 2.7955E-09 2.8508E-09 2.9066E-09 2.9625E-09 3.0188E-09 3.0750E-09 3.1315E-09 3.1879E-09 3.2445E-09 3.3009E-09 3.3574E-09 3.4137E-09 3.4698E-09 3.5257E-09 3.5816E-09 3.6369E-09 3.6921E-09 3.7468E-09 3.8011E-09 3.8549E-09 3.9082E-09 3.9609E-09 4.0129E-09 4.0644E-09 4.1152E-09 4.1651E-09 4.2146E-09 4.2628E-09 4.3104E-09 4.3570E-09 4.4027E-09 4.4475E-09 4.4910E-09 4.5339E-09 4.5752E-09 4.6159E-09 4.6550E-09 4.6934E-09 4.7306E-09 4.7662E-09 4.8014E-09
