Assets/Resources/2015_m01_d24_1600(utc+0800)_l00_csi_1hr_conc.grd
DSAA
         159         159
     -79.000      79.000
     -79.000      79.000
  0.0000E+00  0.8255E-05
[rows 75 to 99 of 159, columns 0 to 56 of 159]
1.1577E-09 1.1729E-09 1.1880E-09 1.2029E-09 1.2177E-09 1.2322E-09 1.2465E-09 1.2606E-09 1.2744E-09 1.2880E-09 1.3013E-09 1.3144E-09 1.3271E-09 1.3395E-09 1.3516E-09 1.3633E-09 1.3747E-09 1.3857E-09 1.3963E-09 1.4065E-09 1.4163E-09 1.4256E-09 1.4345E-09 1.4430E-09 1.4510E-09 1.4585E-09 1.4655E-09 1.4720E-09 1.4781E-09 1.4835E-09 1.4885E-09 1.4929E-09 1.4968E-09 1.5001E-09 1.5028E-09 1.5050E-09 1.5066E-09 1.5076E-09 1.5080E-09 1.5078E-09 1.5071E-09 1.5057E-09 1.5037E-09 1.5012E-09 1.4980E-09 1.4942E-09 1.4898E-09 1.4848E-09 1.4792E-09 1.4730E-09 1.4663E-09 1.4589E-09 1.4509E-09 1.4424E-09 1.4333E-09 1.4237E-09 1.4135E-09
1.1379E-09 1.1529E-09 1.1678E-09 1.1825E-09 1.1970E-09 1.2113E-09 1.2254E-09 1.2393E-09 1.2529E-09 1.2663E-09 1.2795E-09 1.2923E-09 1.3048E-09 1.3171E-09 1.3290E-09 1.3405E-09 1.3517E-09 1.3626E-09 1.3730E-09 1.3831E-09 1.3927E-09 1.4019E-09 1.4107E-09 1.4190E-09 1.4269E-09 1.4343E-09 1.4412E-09 1.4476E-09 1.4535E-09 1.4589E-09 1.4638E-09 1.4681E-09 1.4719E-09 1.4752E-09 1.4779E-09 1.4800E-09 1.4815E-09 1.4825E-09 1.4829E-09 1.4827E-09 1.4819E-09 1.4805E-09 1.4786E-09 1.4760E-09 1.4728E-09 1.4691E-09 1.4647E-09 1.4597E-09 1.4542E-09 1.4481E-09 1.4413E-09 1.4340E-09 1.4262E-09 1.4177E-09 1.4087E-09 1.3992E-09 1.3891E-09
1.1178E-09 1.1326E-09 1.1472E-09 1.1617E-09 1.1760E-09 1.1901E-09 1.2040E-09 1.2177E-09 1.2311E-09 1.2443E-09 1.2573E-09 1.2699E-09 1.2823E-09 1.2943E-09 1.3060E-09 1.3174E-09 1.3284E-09 1.3391E-09 1.3494E-09 1.3593E-09 1.3688E-09 1.3779E-09 1.3865E-09 1.3947E-09 1.4024E-09 1.4097E-09 1.4165E-09 1.4228E-09 1.4286E-09 1.4339E-09 1.4387E-09 1.4430E-09 1.4467E-09 1.4499E-09 1.4525E-09 1.4546E-09 1.4561E-09 1.4570E-09 1.4574E-09 1.4571E-09 1.4563E-09 1.4550E-09 1.4530E-09 1.4504E-09 1.4473E-09 1.4435E-09 1.4392E-09 1.4343E-09 1.4288E-09 1.4227E-09 1.4160E-09 1.4088E-09 1.4010E-09 1.3927E-09 1.3838E-09 1.3743E-09 1.3643E-09
1.0975E-09 1.1121E-09 1.1265E-09 1.1408E-09 1.1548E-09 1.1687E-09 1.1824E-09 1.1959E-09 1.2091E-09 1.2221E-09 1.2348E-09 1.2473E-09 1.2594E-09 1.2713E-09 1.2828E-09 1.2940E-09 1.3049E-09 1.3153E-09 1.3255E-09 1.3352E-09 1.3445E-09 1.3535E-09 1.3620E-09 1.3700E-09 1.3776E-09 1.3848E-09 1.3915E-09 1.3977E-09 1.4034E-09 1.4086E-09 1.4133E-09 1.4174E-09 1.4211E-09 1.4242E-09 1.4268E-09 1.4288E-09 1.4302E-09 1.4311E-09 1.4315E-09 1.4312E-09 1.4304E-09 1.4290E-09 1.4270E-09 1.4245E-09 1.4213E-09 1.4176E-09 1.4133E-09 1.4084E-09 1.4030E-09 1.3970E-09 1.3904E-09 1.3832E-09 1.3755E-09 1.3672E-09 1.3584E-09 1.3491E-09 1.3392E-09
1.0771E-09 1.0914E-09 1.1056E-09 1.1196E-09 1.1334E-09 1.1471E-09 1.1605E-09 1.1738E-09 1.1868E-09 1.1996E-09 1.2121E-09 1.2243E-09 1.2363E-09 1.2479E-09 1.2593E-09 1.2703E-09 1.2810E-09 1.2913E-09 1.3013E-09 1.3108E-09 1.3200E-09 1.3288E-09 1.3371E-09 1.3450E-09 1.3525E-09 1.3596E-09 1.3661E-09 1.3722E-09 1.3778E-09 1.3829E-09 1.3875E-09 1.3916E-09 1.3952E-09 1.3982E-09 1.4007E-09 1.4026E-09 1.4040E-09 1.4049E-09 1.4052E-09 1.4049E-09 1.4041E-09 1.4027E-09 1.4007E-09 1.3981E-09 1.3950E-09 1.3913E-09 1.3871E-09 1.3822E-09 1.3768E-09 1.3709E-09 1.3643E-09 1.3572E-09 1.3496E-09 1.3414E-09 1.3327E-09 1.3235E-09 1.3138E-09
1.0564E-09 1.0705E-09 1.0844E-09 1.0982E-09 1.1118E-09 1.1252E-09 1.1385E-09 1.1515E-09 1.1643E-09 1.1768E-09 1.1891E-09 1.2012E-09 1.2129E-09 1.2244E-09 1.2355E-09 1.2464E-09 1.2569E-09 1.2670E-09 1.2768E-09 1.2862E-09 1.2952E-09 1.3038E-09 1.3120E-09 1.3198E-09 1.3271E-09 1.3340E-09 1.3405E-09 1.3464E-09 1.3519E-09 1.3569E-09 1.3614E-09 1.3654E-09 1.3689E-09 1.3719E-09 1.3743E-09 1.3762E-09 1.3775E-09 1.3783E-09 1.3786E-09 1.3783E-09 1.3775E-09 1.3760E-09 1.3741E-09 1.3715E-09 1.3684E-09 1.3647E-09 1.3605E-09 1.3557E-09 1.3503E-09 1.3444E-09 1.3380E-09 1.3310E-09 1.3234E-09 1.3154E-09 1.3068E-09 1.2977E-09 1.2881E-09
1.0356E-09 1.0494E-09 1.0631E-09 1.0766E-09 1.0900E-09 1.1032E-09 1.1162E-09 1.1290E-09 1.1416E-09 1.1539E-09 1.1660E-09 1.1778E-09 1.1894E-09 1.2006E-09 1.2116E-09 1.2222E-09 1.2325E-09 1.2425E-09 1.2521E-09 1.2613E-09 1.2701E-09 1.2786E-09 1.2866E-09 1.2943E-09 1.3015E-09 1.3082E-09 1.3145E-09 1.3204E-09 1.3258E-09 1.3306E-09 1.3350E-09 1.3390E-09 1.3424E-09 1.3452E-09 1.3476E-09 1.3494E-09 1.3507E-09 1.3515E-09 1.3517E-09 1.3514E-09 1.3505E-09 1.3491E-09 1.3471E-09 1.3446E-09 1.3415E-09 1.3378E-09 1.3336E-09 1.3289E-09 1.3236E-09 1.3177E-09 1.3114E-09 1.3044E-09 1.2970E-09 1.2890E-09 1.2806E-09 1.2716E-09 1.2621E-09
1.0146E-09 1.0282E-09 1.0416E-09 1.0549E-09 1.0681E-09 1.0810E-09 1.0938E-09 1.1063E-09 1.1187E-09 1.1308E-09 1.1426E-09 1.1543E-09 1.1656E-09 1.1766E-09 1.1874E-09 1.1978E-09 1.2079E-09 1.2177E-09 1.2271E-09 1.2362E-09 1.2448E-09 1.2531E-09 1.2610E-09 1.2685E-09 1.2756E-09 1.2822E-09 1.2884E-09 1.2941E-09 1.2993E-09 1.3041E-09 1.3084E-09 1.3122E-09 1.3155E-09 1.3184E-09 1.3206E-09 1.3224E-09 1.3237E-09 1.3244E-09 1.3246E-09 1.3242E-09 1.3233E-09 1.3219E-09 1.3199E-09 1.3174E-09 1.3143E-09 1.3107E-09 1.3065E-09 1.3018E-09 1.2966E-09 1.2908E-09 1.2845E-09 1.2777E-09 1.2703E-09 1.2625E-09 1.2541E-09 1.2453E-09 1.2360E-09
9.9350E-10 1.0068E-09 1.0200E-09 1.0331E-09 1.0460E-09 1.0587E-09 1.0712E-09 1.0835E-09 1.0956E-09 1.1075E-09 1.1191E-09 1.1305E-09 1.1416E-09 1.1525E-09 1.1630E-09 1.1732E-09 1.1831E-09 1.1927E-09 1.2020E-09 1.2108E-09 1.2193E-09 1.2275E-09 1.2352E-09 1.2425E-09 1.2494E-09 1.2559E-09 1.2620E-09 1.2676E-09 1.2727E-09 1.2774E-09 1.2816E-09 1.2853E-09 1.2885E-09 1.2912E-09 1.2935E-09 1.2952E-09 1.2964E-09 1.2970E-09 1.2972E-09 1.2968E-09 1.2959E-09 1.2945E-09 1.2925E-09 1.2899E-09 1.2869E-09 1.2833E-09 1.2792E-09 1.2745E-09 1.2693E-09 1.2637E-09 1.2574E-09 1.2507E-09 1.2435E-09 1.2357E-09 1.2275E-09 1.2188E-09 1.2097E-09
9.7229E-10 9.8536E-10 9.9830E-10 1.0111E-09 1.0237E-09 1.0362E-09 1.0485E-09 1.0606E-09 1.0724E-09 1.0841E-09 1.0955E-09 1.1066E-09 1.1175E-09 1.1281E-09 1.1385E-09 1.1485E-09 1.1582E-09 1.1676E-09 1.1766E-09 1.1853E-09 1.1937E-09 1.2016E-09 1.2092E-09 1.2164E-09 1.2231E-09 1.2295E-09 1.2354E-09 1.2408E-09 1.2458E-09 1.2504E-09 1.2545E-09 1.2581E-09 1.2613E-09 1.2639E-09 1.2661E-09 1.2677E-09 1.2689E-09 1.2695E-09 1.2696E-09 1.2692E-09 1.2683E-09 1.2668E-09 1.2648E-09 1.2623E-09 1.2593E-09 1.2557E-09 1.2517E-09 1.2471E-09 1.2419E-09 1.2363E-09 1.2302E-09 1.2236E-09 1.2164E-09 1.2088E-09 1.2008E-09 1.1922E-09 1.1832E-09
9.5099E-10 9.6380E-10 9.7648E-10 9.8902E-10 1.0014E-09 1.0136E-09 1.0256E-09 1.0375E-09 1.0491E-09 1.0605E-09 1.0717E-09 1.0826E-09 1.0933E-09 1.1037E-09 1.1138E-09 1.1236E-09 1.1331E-09 1.1423E-09 1.1512E-09 1.1597E-09 1.1678E-09 1.1756E-09 1.1830E-09 1.1900E-09 1.1966E-09 1.2028E-09 1.2086E-09 1.2139E-09 1.2188E-09 1.2233E-09 1.2273E-09 1.2308E-09 1.2338E-09 1.2364E-09 1.2385E-09 1.2401E-09 1.2412E-09 1.2417E-09 1.2418E-09 1.2414E-09 1.2404E-09 1.2390E-09 1.2370E-09 1.2345E-09 1.2315E-09 1.2280E-09 1.2240E-09 1.2194E-09 1.2144E-09 1.2089E-09 1.2028E-09 1.1963E-09 1.1893E-09 1.1818E-09 1.1739E-09 1.1655E-09 1.1567E-09
9.2962E-10 9.4217E-10 9.5459E-10 9.6686E-10 9.7898E-10 9.9094E-10 1.0027E-09 1.0143E-09 1.0257E-09 1.0369E-09 1.0478E-09 1.0585E-09 1.0690E-09 1.0791E-09 1.0890E-09 1.0986E-09 1.1079E-09 1.1169E-09 1.1256E-09 1.1339E-09 1.1419E-09 1.1495E-09 1.1567E-09 1.1636E-09 1.1700E-09 1.1761E-09 1.1817E-09 1.1869E-09 1.1917E-09 1.1960E-09 1.1999E-09 1.2033E-09 1.2063E-09 1.2088E-09 1.2108E-09 1.2123E-09 1.2133E-09 1.2139E-09 1.2139E-09 1.2135E-09 1.2125E-09 1.2110E-09 1.2091E-09 1.2066E-09 1.2036E-09 1.2002E-09 1.1962E-09 1.1917E-09 1.1868E-09 1.1813E-09 1.1754E-09 1.1690E-09 1.1621E-09 1.1548E-09 1.1470E-09 1.1387E-09 1.1301E-09
9.0820E-10 9.2048E-10 9.3263E-10 9.4464E-10 9.5651E-10 9.6821E-10 9.7974E-10 9.9107E-10 1.0022E-09 1.0131E-09 1.0238E-09 1.0343E-09 1.0445E-09 1.0545E-09 1.0642E-09 1.0736E-09 1.0826E-09 1.0914E-09 1.0999E-09 1.1080E-09 1.1158E-09 1.1232E-09 1.1303E-09 1.1370E-09 1.1433E-09 1.1492E-09 1.1547E-09 1.1598E-09 1.1644E-09 1.1686E-09 1.1724E-09 1.1757E-09 1.1786E-09 1.1810E-09 1.1829E-09 1.1844E-09 1.1854E-09 1.1859E-09 1.1859E-09 1.1854E-09 1.1845E-09 1.1830E-09 1.1810E-09 1.1786E-09 1.1757E-09 1.1722E-09 1.1683E-09 1.1639E-09 1.1590E-09 1.1537E-09 1.1479E-09 1.1416E-09 1.1348E-09 1.1276E-09 1.1200E-09 1.1119E-09 1.1034E-09
8.8675E-10 8.9875E-10 9.1064E-10 9.2239E-10 9.3399E-10 9.4543E-10 9.5670E-10 9.6779E-10 9.7868E-10 9.8936E-10 9.9982E-10 1.0101E-09 1.0200E-09 1.0298E-09 1.0392E-09 1.0484E-09 1.0573E-09 1.0659E-09 1.0741E-09 1.0821E-09 1.0897E-09 1.0969E-09 1.1038E-09 1.1103E-09 1.1165E-09 1.1222E-09 1.1276E-09 1.1325E-09 1.1371E-09 1.1412E-09 1.1448E-09 1.1481E-09 1.1508E-09 1.1532E-09 1.1550E-09 1.1564E-09 1.1574E-09 1.1578E-09 1.1578E-09 1.1573E-09 1.1564E-09 1.1549E-09 1.1530E-09 1.1505E-09 1.1476E-09 1.1443E-09 1.1404E-09 1.1361E-09 1.1313E-09 1.1261E-09 1.1203E-09 1.1142E-09 1.1076E-09 1.1005E-09 1.0930E-09 1.0851E-09 1.0768E-09
8.6528E-10 8.7702E-10 8.8863E-10 9.0011E-10 9.1145E-10 9.2263E-10 9.3364E-10 9.4447E-10 9.5511E-10 9.6554E-10 9.7576E-10 9.8576E-10 9.9551E-10 1.0050E-09 1.0142E-09 1.0232E-09 1.0319E-09 1.0403E-09 1.0483E-09 1.0561E-09 1.0635E-09 1.0706E-09 1.0773E-09 1.0836E-09 1.0896E-09 1.0952E-09 1.1004E-09 1.1053E-09 1.1097E-09 1.1136E-09 1.1172E-09 1.1203E-09 1.1230E-09 1.1253E-09 1.1271E-09 1.1284E-09 1.1293E-09 1.1297E-09 1.1297E-09 1.1292E-09 1.1282E-09 1.1268E-09 1.1249E-09 1.1225E-09 1.1196E-09 1.1163E-09 1.1125E-09 1.1083E-09 1.1036E-09 1.0984E-09 1.0928E-09 1.0868E-09 1.0803E-09 1.0734E-09 1.0661E-09 1.0583E-09 1.0501E-09
8.4382E-10 8.5528E-10 8.6662E-10 8.7783E-10 8.8890E-10 8.9982E-10 9.1057E-10 9.2115E-10 9.3153E-10 9.4172E-10 9.5169E-10 9.6144E-10 9.7096E-10 9.8023E-10 9.8924E-10 9.9799E-10 1.0064E-09 1.0146E-09 1.0225E-09 1.0300E-09 1.0373E-09 1.0442E-09 1.0507E-09 1.0569E-09 1.0627E-09 1.0682E-09 1.0733E-09 1.0780E-09 1.0822E-09 1.0861E-09 1.0896E-09 1.0926E-09 1.0952E-09 1.0974E-09 1.0991E-09 1.1004E-09 1.1013E-09 1.1017E-09 1.1016E-09 1.1011E-09 1.1001E-09 1.0987E-09 1.0968E-09 1.0944E-09 1.0916E-09 1.0884E-09 1.0847E-09 1.0805E-09 1.0759E-09 1.0708E-09 1.0654E-09 1.0594E-09 1.0531E-09 1.0463E-09 1.0391E-09 1.0315E-09 1.0235E-09
8.2238E-10 8.3357E-10 8.4464E-10 8.5558E-10 8.6638E-10 8.7703E-10 8.8752E-10 8.9784E-10 9.0797E-10 9.1790E-10 9.2763E-10 9.3715E-10 9.4643E-10 9.5547E-10 9.6425E-10 9.7278E-10 9.8103E-10 9.8900E-10 9.9666E-10 1.0040E-09 1.0111E-09 1.0178E-09 1.0242E-09 1.0302E-09 1.0359E-09 1.0412E-09 1.0461E-09 1.0507E-09 1.0548E-09 1.0586E-09 1.0620E-09 1.0649E-09 1.0674E-09 1.0695E-09 1.0712E-09 1.0725E-09 1.0733E-09 1.0736E-09 1.0736E-09 1.0730E-09 1.0721E-09 1.0706E-09 1.0688E-09 1.0665E-09 1.0637E-09 1.0605E-09 1.0569E-09 1.0528E-09 1.0483E-09 1.0433E-09 1.0380E-09 1.0322E-09 1.0259E-09 1.0193E-09 1.0123E-09 1.0048E-09 9.9702E-10
8.0099E-10 8.1190E-10 8.2269E-10 8.3336E-10 8.4389E-10 8.5428E-10 8.6451E-10 8.7456E-10 8.8444E-10 8.9413E-10 9.0361E-10 9.1288E-10 9.2193E-10 9.3074E-10 9.3930E-10 9.4761E-10 9.5565E-10 9.6341E-10 9.7088E-10 9.7805E-10 9.8491E-10 9.9145E-10 9.9766E-10 1.0035E-09 1.0090E-09 1.0142E-09 1.0190E-09 1.0234E-09 1.0275E-09 1.0311E-09 1.0344E-09 1.0373E-09 1.0397E-09 1.0417E-09 1.0434E-09 1.0446E-09 1.0453E-09 1.0457E-09 1.0456E-09 1.0450E-09 1.0441E-09 1.0427E-09 1.0409E-09 1.0386E-09 1.0359E-09 1.0328E-09 1.0292E-09 1.0252E-09 1.0208E-09 1.0159E-09 1.0107E-09 1.0050E-09 9.9890E-10 9.9242E-10 9.8554E-10 9.7827E-10 9.7063E-10
7.7967E-10 7.9029E-10 8.0081E-10 8.1121E-10 8.2147E-10 8.3159E-10 8.4155E-10 8.5135E-10 8.6097E-10 8.7041E-10 8.7964E-10 8.8868E-10 8.9749E-10 9.0607E-10 9.1441E-10 9.2250E-10 9.3033E-10 9.3788E-10 9.4515E-10 9.5213E-10 9.5881E-10 9.6517E-10 9.7121E-10 9.7692E-10 9.8230E-10 9.8732E-10 9.9199E-10 9.9629E-10 1.0002E-09 1.0038E-09 1.0069E-09 1.0097E-09 1.0121E-09 1.0141E-09 1.0156E-09 1.0168E-09 1.0175E-09 1.0178E-09 1.0177E-09 1.0172E-09 1.0162E-09 1.0149E-09 1.0131E-09 1.0108E-09 1.0082E-09 1.0051E-09 1.0016E-09 9.9771E-10 9.9338E-10 9.8864E-10 9.8349E-10 9.7794E-10 9.7199E-10 9.6566E-10 9.5893E-10 9.5184E-10 9.4437E-10
7.5842E-10 7.6877E-10 7.7901E-10 7.8913E-10 7.9912E-10 8.0898E-10 8.1868E-10 8.2822E-10 8.3758E-10 8.4677E-10 8.5577E-10 8.6456E-10 8.7313E-10 8.8149E-10 8.8961E-10 8.9748E-10 9.0510E-10 9.1245E-10 9.1952E-10 9.2631E-10 9.3281E-10 9.3900E-10 9.4487E-10 9.5043E-10 9.5565E-10 9.6054E-10 9.6508E-10 9.6926E-10 9.7308E-10 9.7652E-10 9.7960E-10 9.8229E-10 9.8459E-10 9.8650E-10 9.8801E-10 9.8912E-10 9.8982E-10 9.9012E-10 9.9000E-10 9.8948E-10 9.8854E-10 9.8718E-10 9.8542E-10 9.8323E-10 9.8064E-10 9.7763E-10 9.7421E-10 9.7038E-10 9.6615E-10 9.6151E-10 9.5648E-10 9.5106E-10 9.4525E-10 9.3906E-10 9.3250E-10 9.2557E-10 9.1828E-10
7.3727E-10 7.4735E-10 7.5731E-10 7.6716E-10 7.7688E-10 7.8647E-10 7.9591E-10 8.0519E-10 8.1431E-10 8.2325E-10 8.3200E-10 8.4055E-10 8.4890E-10 8.5702E-10 8.6492E-10 8.7258E-10 8.7999E-10 8.8713E-10 8.9402E-10 9.0062E-10 9.0694E-10 9.1296E-10 9.1867E-10 9.2407E-10 9.2915E-10 9.3390E-10 9.3831E-10 9.4238E-10 9.4608E-10 9.4943E-10 9.5242E-10 9.5502E-10 9.5726E-10 9.5910E-10 9.6057E-10 9.6164E-10 9.6231E-10 9.6259E-10 9.6247E-10 9.6194E-10 9.6102E-10 9.5968E-10 9.5795E-10 9.5581E-10 9.5327E-10 9.5032E-10 9.4698E-10 9.4324E-10 9.3910E-10 9.3457E-10 9.2966E-10 9.2437E-10 9.1870E-10 9.1266E-10 9.0626E-10 8.9950E-10 8.9240E-10
7.1625E-10 7.2604E-10 7.3573E-10 7.4531E-10 7.5476E-10 7.6409E-10 7.7327E-10 7.8229E-10 7.9116E-10 7.9985E-10 8.0836E-10 8.1668E-10 8.2479E-10 8.3270E-10 8.4037E-10 8.4782E-10 8.5502E-10 8.6197E-10 8.6866E-10 8.7508E-10 8.8123E-10 8.8708E-10 8.9264E-10 8.9789E-10 9.0283E-10 9.0744E-10 9.1173E-10 9.1567E-10 9.1928E-10 9.2253E-10 9.2543E-10 9.2796E-10 9.3012E-10 9.3191E-10 9.3333E-10 9.3436E-10 9.3500E-10 9.3526E-10 9.3513E-10 9.3461E-10 9.3370E-10 9.3239E-10 9.3069E-10 9.2859E-10 9.2611E-10 9.2323E-10 9.1996E-10 9.1631E-10 9.1227E-10 9.0785E-10 9.0306E-10 8.9790E-10 8.9237E-10 8.8648E-10 8.8024E-10 8.7366E-10 8.6674E-10
6.9536E-10 7.0488E-10 7.1430E-10 7.2360E-10 7.3279E-10 7.4186E-10 7.5078E-10 7.5955E-10 7.6817E-10 7.7662E-10 7.8489E-10 7.9297E-10 8.0086E-10 8.0853E-10 8.1600E-10 8.2323E-10 8.3023E-10 8.3699E-10 8.4350E-10 8.4974E-10 8.5571E-10 8.6140E-10 8.6680E-10 8.7191E-10 8.7671E-10 8.8119E-10 8.8535E-10 8.8919E-10 8.9269E-10 8.9585E-10 8.9866E-10 9.0111E-10 9.0321E-10 9.0494E-10 9.0631E-10 9.0730E-10 9.0792E-10 9.0817E-10 9.0803E-10 9.0751E-10 9.0661E-10 9.0533E-10 9.0366E-10 9.0161E-10 8.9918E-10 8.9637E-10 8.9318E-10 8.8962E-10 8.8568E-10 8.8137E-10 8.7670E-10 8.7167E-10 8.6629E-10 8.6056E-10 8.5448E-10 8.4807E-10 8.4134E-10
6.7463E-10 6.8388E-10 6.9303E-10 7.0207E-10 7.1100E-10 7.1980E-10 7.2846E-10 7.3699E-10 7.4536E-10 7.5356E-10 7.6160E-10 7.6945E-10 7.7711E-10 7.8457E-10 7.9181E-10 7.9885E-10 8.0566E-10 8.1222E-10 8.1855E-10 8.2462E-10 8.3042E-10 8.3595E-10 8.4120E-10 8.4616E-10 8.5082E-10 8.5518E-10 8.5922E-10 8.6295E-10 8.6634E-10 8.6941E-10 8.7214E-10 8.7452E-10 8.7655E-10 8.7822E-10 8.7954E-10 8.8050E-10 8.8110E-10 8.8132E-10 8.8118E-10 8.8067E-10 8.7978E-10 8.7853E-10 8.7690E-10 8.7490E-10 8.7253E-10 8.6978E-10 8.6667E-10 8.6320E-10 8.5936E-10 8.5517E-10 8.5062E-10 8.4572E-10 8.4048E-10 8.3491E-10 8.2900E-10 8.2276E-10 8.1621E-10
6.5409E-10 6.6306E-10 6.7195E-10 6.8072E-10 6.8939E-10 6.9793E-10 7.0635E-10 7.1462E-10 7.2275E-10 7.3071E-10 7.3851E-10 7.4614E-10 7.5358E-10 7.6082E-10 7.6787E-10 7.7470E-10 7.8132E-10 7.8770E-10 7.9384E-10 7.9974E-10 8.0538E-10 8.1075E-10 8.1585E-10 8.2067E-10 8.2520E-10 8.2943E-10 8.3336E-10 8.3697E-10 8.4027E-10 8.4324E-10 8.4588E-10 8.4819E-10 8.5016E-10 8.5178E-10 8.5305E-10 8.5398E-10 8.5455E-10 8.5476E-10 8.5461E-10 8.5411E-10 8.5324E-10 8.5201E-10 8.5042E-10 8.4847E-10 8.4616E-10 8.4349E-10 8.4046E-10 8.3708E-10 8.3334E-10 8.2926E-10 8.2484E-10 8.2007E-10 8.1498E-10 8.0956E-10 8.0381E-10 7.9775E-10 7.9137E-10
