Assets/Resources/2015_m01_d29_0000(utc+0800)_l00_csi_1hr_conc.grd
DSAA
         159         159
     -79.000      79.000
     -79.000      79.000
  0.0000E+00  0.1763E-05
[rows 0 to 24 of 159, columns 57 to 113 of 159]
2.7035E-09 2.6203E-09 2.5333E-09 2.4427E-09 2.3492E-09 2.2532E-09 2.1554E-09 2.0569E-09 1.9572E-09 1.8570E-09 1.7566E-09 1.6568E-09 1.5583E-09 1.4610E-09 1.3651E-09 1.2714E-09 1.1801E-09 1.0920E-09 1.0064E-09 9.2422E-10 8.4554E-10 7.7095E-10 7.0067E-10 6.3453E-10 5.7247E-10 5.1450E-10 4.6053E-10 4.0974E-10 3.6352E-10 3.1716E-10 2.7981E-10 2.4520E-10 2.0958E-10 1.8037E-10 1.5373E-10 1.2811E-10 1.0154E-10 7.6330E-11 5.6744E-11 4.3854E-11 3.3920E-11 1.3952E-12 0.0000E+00 0.0000E+00 0.0000E+00 0.0000E+00 0.0000E+00 0.0000E+00 0.0000E+00 0.0000E+00 0.0000E+00 0.0000E+00 0.0000E+00 0.0000E+00 0.0000E+00 0.0000E+00 0.0000E+00
2.8376E-09 2.7525E-09 2.6636E-09 2.5716E-09 2.4753E-09 2.3762E-09 2.2760E-09 2.1738E-09 2.0698E-09 1.9653E-09 1.8606E-09 1.7564E-09 1.6527E-09 1.5503E-09 1.4498E-09 1.3514E-09 1.2552E-09 1.1620E-09 1.0720E-09 9.8570E-10 9.0303E-10 8.2456E-10 7.5010E-10 6.7964E-10 6.1213E-10 5.4852E-10 4.9107E-10 4.3791E-10 3.8836E-10 3.3903E-10 2.9838E-10 2.6217E-10 2.2686E-10 1.9527E-10 1.6324E-10 1.3858E-10 1.1106E-10 8.7553E-11 6.0719E-11 4.6026E-11 3.5743E-11 2.7165E-12 0.0000E+00 0.0000E+00 0.0000E+00 0.0000E+00 0.0000E+00 0.0000E+00 0.0000E+00 0.0000E+00 0.0000E+00 0.0000E+00 0.0000E+00 0.0000E+00 0.0000E+00 0.0000E+00 0.0000E+00
2.9763E-09 2.8894E-09 2.7987E-09 2.7042E-09 2.6051E-09 2.5031E-09 2.3987E-09 2.2922E-09 2.1845E-09 2.0761E-09 1.9671E-09 1.8582E-09 1.7500E-09 1.6431E-09 1.5377E-09 1.4342E-09 1.3334E-09 1.2352E-09 1.1402E-09 1.0486E-09 9.6135E-10 8.7801E-10 7.9896E-10 7.2432E-10 6.5414E-10 5.8847E-10 5.2728E-10 4.7003E-10 4.1475E-10 3.6188E-10 3.1907E-10 2.8011E-10 2.4426E-10 2.0908E-10 1.7863E-10 1.4866E-10 1.2206E-10 9.4225E-11 6.6435E-11 5.1279E-11 3.7795E-11 5.3613E-12 1.6674E-13 0.0000E+00 0.0000E+00 0.0000E+00 0.0000E+00 0.0000E+00 0.0000E+00 0.0000E+00 0.0000E+00 0.0000E+00 0.0000E+00 0.0000E+00 0.0000E+00 0.0000E+00 0.0000E+00
3.1177E-09 3.0294E-09 2.9361E-09 2.8384E-09 2.7369E-09 2.6320E-09 2.5244E-09 2.4145E-09 2.3033E-09 2.1905E-09 2.0774E-09 1.9643E-09 1.8516E-09 1.7401E-09 1.6300E-09 1.5219E-09 1.4158E-09 1.3123E-09 1.2122E-09 1.1159E-09 1.0233E-09 9.3486E-10 8.5092E-10 7.7162E-10 6.9714E-10 6.2738E-10 5.6234E-10 5.0202E-10 4.4485E-10 3.8972E-10 3.4251E-10 2.9906E-10 2.6137E-10 2.2556E-10 1.9115E-10 1.6103E-10 1.3362E-10 1.0372E-10 7.5282E-11 5.5915E-11 4.1787E-11 8.1692E-12 1.0731E-12 0.0000E+00 0.0000E+00 0.0000E+00 0.0000E+00 0.0000E+00 0.0000E+00 0.0000E+00 0.0000E+00 0.0000E+00 0.0000E+00 0.0000E+00 0.0000E+00 0.0000E+00 0.0000E+00
3.2600E-09 3.1703E-09 3.0754E-09 2.9757E-09 2.8719E-09 2.7643E-09 2.6542E-09 2.5423E-09 2.4276E-09 2.3114E-09 2.1949E-09 2.0785E-09 1.9620E-09 1.8461E-09 1.7311E-09 1.6177E-09 1.5067E-09 1.3985E-09 1.2935E-09 1.1917E-09 1.0938E-09 9.9962E-10 9.0948E-10 8.2369E-10 7.4282E-10 6.6870E-10 5.9955E-10 5.3535E-10 4.7432E-10 4.1671E-10 3.6732E-10 3.2164E-10 2.8045E-10 2.4311E-10 2.0704E-10 1.7364E-10 1.4355E-10 1.1472E-10 8.5317E-11 6.1027E-11 4.5786E-11 1.0667E-11 1.7469E-12 0.0000E+00 0.0000E+00 0.0000E+00 0.0000E+00 0.0000E+00 0.0000E+00 0.0000E+00 0.0000E+00 0.0000E+00 0.0000E+00 0.0000E+00 0.0000E+00 0.0000E+00 0.0000E+00
3.4043E-09 3.3136E-09 3.2173E-09 3.1174E-09 3.0120E-09 2.9022E-09 2.7903E-09 2.6757E-09 2.5576E-09 2.4379E-09 2.3168E-09 2.1953E-09 2.0739E-09 1.9529E-09 1.8329E-09 1.7147E-09 1.5986E-09 1.4851E-09 1.3746E-09 1.2676E-09 1.1644E-09 1.0654E-09 9.7105E-10 8.8148E-10 7.9705E-10 7.1785E-10 6.4340E-10 5.7259E-10 5.0558E-10 4.4482E-10 3.9249E-10 3.4437E-10 3.0033E-10 2.6033E-10 2.2349E-10 1.8765E-10 1.5724E-10 1.2712E-10 9.5367E-11 6.9425E-11 5.1115E-11 1.3303E-11 3.4756E-12 2.8743E-13 0.0000E+00 0.0000E+00 0.0000E+00 0.0000E+00 0.0000E+00 0.0000E+00 0.0000E+00 0.0000E+00 0.0000E+00 0.0000E+00 0.0000E+00 0.0000E+00 0.0000E+00
3.5515E-09 3.4609E-09 3.3637E-09 3.2628E-09 3.1562E-09 3.0446E-09 2.9293E-09 2.8107E-09 2.6895E-09 2.5663E-09 2.4416E-09 2.3161E-09 2.1903E-09 2.0654E-09 1.9413E-09 1.8184E-09 1.6971E-09 1.5783E-09 1.4623E-09 1.3494E-09 1.2403E-09 1.1354E-09 1.0350E-09 9.4013E-10 8.5050E-10 7.6614E-10 6.8744E-10 6.1411E-10 5.4340E-10 4.7897E-10 4.2034E-10 3.6797E-10 3.2146E-10 2.7897E-10 2.4092E-10 2.0324E-10 1.6954E-10 1.3930E-10 1.0640E-10 7.8683E-11 5.7904E-11 1.7198E-11 5.7497E-12 5.5629E-13 0.0000E+00 0.0000E+00 0.0000E+00 0.0000E+00 0.0000E+00 0.0000E+00 0.0000E+00 0.0000E+00 0.0000E+00 0.0000E+00 0.0000E+00 0.0000E+00 0.0000E+00
3.7000E-09 3.6111E-09 3.5134E-09 3.4100E-09 3.3014E-09 3.1882E-09 3.0708E-09 2.9502E-09 2.8279E-09 2.7020E-09 2.5738E-09 2.4450E-09 2.3159E-09 2.1865E-09 2.0573E-09 1.9291E-09 1.8024E-09 1.6781E-09 1.5562E-09 1.4376E-09 1.3228E-09 1.2120E-09 1.1058E-09 1.0053E-09 9.1029E-10 8.2060E-10 7.3560E-10 6.5608E-10 5.8031E-10 5.1231E-10 4.5181E-10 3.9667E-10 3.4609E-10 2.9889E-10 2.5813E-10 2.2015E-10 1.8404E-10 1.5146E-10 1.1639E-10 8.7536E-11 5.2182E-11 2.2856E-11 7.8932E-12 1.1728E-12 0.0000E+00 0.0000E+00 0.0000E+00 0.0000E+00 0.0000E+00 0.0000E+00 0.0000E+00 0.0000E+00 0.0000E+00 0.0000E+00 0.0000E+00 0.0000E+00 0.0000E+00
3.8519E-09 3.7607E-09 3.6629E-09 3.5591E-09 3.4507E-09 3.3377E-09 3.2189E-09 3.0981E-09 2.9725E-09 2.8433E-09 2.7119E-09 2.5788E-09 2.4446E-09 2.3100E-09 2.1757E-09 2.0423E-09 1.9106E-09 1.7806E-09 1.6532E-09 1.5289E-09 1.4085E-09 1.2927E-09 1.1815E-09 1.0753E-09 9.7457E-10 8.7895E-10 7.8826E-10 7.0388E-10 6.2320E-10 5.5034E-10 4.8393E-10 4.2448E-10 3.7093E-10 3.2267E-10 2.7872E-10 2.3659E-10 1.9978E-10 1.6420E-10 1.3033E-10 9.5735E-11 5.9641E-11 2.8616E-11 1.1700E-11 1.9722E-12 1.4186E-13 0.0000E+00 0.0000E+00 0.0000E+00 0.0000E+00 0.0000E+00 0.0000E+00 0.0000E+00 0.0000E+00 0.0000E+00 0.0000E+00 0.0000E+00 0.0000E+00
4.0022E-09 3.9117E-09 3.8169E-09 3.7133E-09 3.6065E-09 3.4916E-09 3.3716E-09 3.2471E-09 3.1188E-09 2.9883E-09 2.8551E-09 2.7185E-09 2.5804E-09 2.4417E-09 2.3033E-09 2.1651E-09 2.0278E-09 1.8921E-09 1.7588E-09 1.6285E-09 1.5018E-09 1.3795E-09 1.2622E-09 1.1500E-09 1.0431E-09 9.4120E-10 8.4498E-10 7.5556E-10 6.6995E-10 5.9086E-10 5.2047E-10 4.5732E-10 3.9845E-10 3.4504E-10 2.9881E-10 2.5594E-10 2.1763E-10 1.7767E-10 1.4266E-10 1.0505E-10 5.7570E-11 3.4882E-11 1.7081E-11 5.0734E-12 3.5304E-13 0.0000E+00 0.0000E+00 0.0000E+00 0.0000E+00 0.0000E+00 0.0000E+00 0.0000E+00 0.0000E+00 0.0000E+00 0.0000E+00 0.0000E+00 0.0000E+00
4.1555E-09 4.0679E-09 3.9734E-09 3.8706E-09 3.7614E-09 3.6466E-09 3.5282E-09 3.4027E-09 3.2740E-09 3.1416E-09 3.0044E-09 2.8647E-09 2.7229E-09 2.5797E-09 2.4361E-09 2.2925E-09 2.1496E-09 2.0083E-09 1.8693E-09 1.7333E-09 1.6009E-09 1.4725E-09 1.3488E-09 1.2302E-09 1.1168E-09 1.0084E-09 9.0611E-10 8.0975E-10 7.2023E-10 6.3616E-10 5.6059E-10 4.9188E-10 4.2831E-10 3.7252E-10 3.2132E-10 2.7385E-10 2.3341E-10 1.9595E-10 1.5547E-10 1.1785E-10 6.4607E-11 4.1044E-11 2.3243E-11 8.5669E-12 1.7447E-12 6.4739E-13 0.0000E+00 0.0000E+00 0.0000E+00 0.0000E+00 0.0000E+00 0.0000E+00 0.0000E+00 0.0000E+00 0.0000E+00 0.0000E+00 0.0000E+00
4.3095E-09 4.2230E-09 4.1287E-09 4.0296E-09 3.9217E-09 3.8094E-09 3.6895E-09 3.5633E-09 3.4320E-09 3.2963E-09 3.1568E-09 3.0155E-09 2.8710E-09 2.7242E-09 2.5761E-09 2.4274E-09 2.2793E-09 2.1324E-09 1.9875E-09 1.8453E-09 1.7064E-09 1.5715E-09 1.4412E-09 1.3155E-09 1.1951E-09 1.0803E-09 9.7254E-10 8.7008E-10 7.7342E-10 6.8367E-10 6.0402E-10 5.3087E-10 4.6268E-10 4.0162E-10 3.4515E-10 2.9560E-10 2.5098E-10 2.1007E-10 1.6949E-10 1.3200E-10 7.4984E-11 4.8112E-11 3.0233E-11 1.3642E-11 3.6659E-12 1.3294E-12 6.2103E-13 0.0000E+00 0.0000E+00 0.0000E+00 0.0000E+00 0.0000E+00 0.0000E+00 0.0000E+00 0.0000E+00 0.0000E+00 0.0000E+00
4.4605E-09 4.3793E-09 4.2888E-09 4.1917E-09 4.0853E-09 3.9719E-09 3.8517E-09 3.7273E-09 3.5961E-09 3.4591E-09 3.3193E-09 3.1751E-09 3.0268E-09 2.8760E-09 2.7234E-09 2.5701E-09 2.4168E-09 2.2642E-09 2.1133E-09 1.9647E-09 1.8192E-09 1.6775E-09 1.5403E-09 1.4076E-09 1.2799E-09 1.1579E-09 1.0439E-09 9.3351E-10 8.3069E-10 7.3662E-10 6.5113E-10 5.7120E-10 4.9878E-10 4.3435E-10 3.7365E-10 3.1820E-10 2.6949E-10 2.2676E-10 1.8334E-10 1.4519E-10 8.7915E-11 5.5910E-11 3.6715E-11 1.9082E-11 6.1363E-12 2.0494E-12 1.3034E-12 8.0501E-13 0.0000E+00 0.0000E+00 0.0000E+00 0.0000E+00 0.0000E+00 0.0000E+00 0.0000E+00 0.0000E+00 0.0000E+00
4.6142E-09 4.5361E-09 4.4484E-09 4.3523E-09 4.2502E-09 4.1393E-09 4.0220E-09 3.8976E-09 3.7656E-09 3.6278E-09 3.4849E-09 3.3374E-09 3.1865E-09 3.0332E-09 2.8773E-09 2.7199E-09 2.5616E-09 2.4035E-09 2.2465E-09 2.0915E-09 1.9392E-09 1.7901E-09 1.6452E-09 1.5050E-09 1.3701E-09 1.2422E-09 1.1209E-09 1.0032E-09 8.9330E-10 7.9347E-10 7.0206E-10 6.1705E-10 5.3871E-10 4.6772E-10 4.0226E-10 3.4523E-10 2.9208E-10 2.4243E-10 1.9811E-10 1.5161E-10 9.9703E-11 6.7664E-11 4.4990E-11 2.5654E-11 1.0839E-11 3.5143E-12 2.1840E-12 1.4648E-12 8.8879E-13 0.0000E+00 0.0000E+00 0.0000E+00 0.0000E+00 0.0000E+00 0.0000E+00 0.0000E+00 0.0000E+00
4.7633E-09 4.6891E-09 4.6084E-09 4.5170E-09 4.4189E-09 4.3100E-09 4.1931E-09 4.0686E-09 3.9382E-09 3.8018E-09 3.6580E-09 3.5095E-09 3.3573E-09 3.2008E-09 3.0409E-09 2.8786E-09 2.7152E-09 2.5515E-09 2.3884E-09 2.2268E-09 2.0676E-09 1.9114E-09 1.7588E-09 1.6108E-09 1.4680E-09 1.3325E-09 1.2021E-09 1.0785E-09 9.6180E-10 8.5533E-10 7.5682E-10 6.6447E-10 5.8200E-10 5.0601E-10 4.3488E-10 3.7068E-10 3.1463E-10 2.6391E-10 2.1442E-10 1.6470E-10 1.1551E-10 7.8797E-11 5.5435E-11 3.3274E-11 1.6005E-11 5.6385E-12 3.6799E-12 2.2993E-12 1.5701E-12 4.0063E-13 0.0000E+00 0.0000E+00 0.0000E+00 0.0000E+00 0.0000E+00 0.0000E+00 0.0000E+00
4.9100E-09 4.8438E-09 4.7683E-09 4.6815E-09 4.5851E-09 4.4812E-09 4.3685E-09 4.2470E-09 4.1192E-09 3.9820E-09 3.8380E-09 3.6880E-09 3.5326E-09 3.3726E-09 3.2090E-09 3.0432E-09 2.8755E-09 2.7066E-09 2.5375E-09 2.3692E-09 2.2026E-09 2.0388E-09 1.8785E-09 1.7232E-09 1.5736E-09 1.4301E-09 1.2917E-09 1.1597E-09 1.0351E-09 9.2212E-10 8.1693E-10 7.1845E-10 6.2822E-10 5.4459E-10 4.6960E-10 4.0203E-10 3.3971E-10 2.8294E-10 2.3426E-10 1.7176E-10 1.3022E-10 9.2378E-11 6.4452E-11 4.2581E-11 2.4294E-11 9.5217E-12 4.5872E-12 3.6875E-12 2.1998E-12 1.5581E-12 0.0000E+00 0.0000E+00 0.0000E+00 0.0000E+00 0.0000E+00 0.0000E+00 0.0000E+00
5.0528E-09 4.9934E-09 4.9232E-09 4.8454E-09 4.7547E-09 4.6572E-09 4.5473E-09 4.4283E-09 4.3006E-09 4.1648E-09 4.0233E-09 3.8736E-09 3.7170E-09 3.5554E-09 3.3898E-09 3.2203E-09 3.0477E-09 2.8733E-09 2.6980E-09 2.5228E-09 2.3489E-09 2.1772E-09 2.0087E-09 1.8448E-09 1.6867E-09 1.5348E-09 1.3859E-09 1.2456E-09 1.1154E-09 9.9454E-10 8.8064E-10 7.7466E-10 6.7857E-10 5.8980E-10 5.0697E-10 4.3183E-10 3.6771E-10 3.0806E-10 2.5327E-10 1.8942E-10 1.4980E-10 1.0592E-10 7.6146E-11 5.1956E-11 3.2127E-11 1.6602E-11 7.1932E-12 4.6161E-12 3.2331E-12 2.0843E-12 1.6112E-12 0.0000E+00 0.0000E+00 0.0000E+00 0.0000E+00 0.0000E+00 0.0000E+00
5.1905E-09 5.1438E-09 5.0840E-09 5.0138E-09 4.9307E-09 4.8367E-09 4.7331E-09 4.6209E-09 4.4970E-09 4.3662E-09 4.2257E-09 4.0762E-09 3.9196E-09 3.7564E-09 3.5876E-09 3.4142E-09 3.2371E-09 3.0573E-09 2.8760E-09 2.6944E-09 2.5135E-09 2.3344E-09 2.1583E-09 1.9861E-09 1.8190E-09 1.6561E-09 1.4994E-09 1.3495E-09 1.2110E-09 1.0813E-09 9.5887E-10 8.4425E-10 7.3984E-10 6.4176E-10 5.5452E-10 4.7456E-10 4.0090E-10 3.3411E-10 2.6926E-10 2.0876E-10 1.6505E-10 1.2702E-10 8.7798E-11 6.2938E-11 4.1059E-11 2.2348E-11 1.2264E-11 6.8984E-12 4.3864E-12 2.4053E-12 2.0124E-12 5.8998E-13 0.0000E+00 0.0000E+00 0.0000E+00 0.0000E+00 0.0000E+00
5.3210E-09 5.2859E-09 5.2354E-09 5.1726E-09 5.1004E-09 5.0144E-09 4.9195E-09 4.8112E-09 4.6921E-09 4.5628E-09 4.4237E-09 4.2756E-09 4.1190E-09 3.9549E-09 3.7841E-09 3.6076E-09 3.4265E-09 3.2421E-09 3.0551E-09 2.8665E-09 2.6778E-09 2.4905E-09 2.3058E-09 2.1248E-09 1.9485E-09 1.7764E-09 1.6113E-09 1.4540E-09 1.3066E-09 1.1672E-09 1.0345E-09 9.1313E-10 8.0046E-10 6.9458E-10 5.9884E-10 5.1182E-10 4.3507E-10 3.6564E-10 2.9290E-10 2.3096E-10 1.8632E-10 1.4246E-10 1.0734E-10 7.2311E-11 5.0206E-11 3.2432E-11 1.7423E-11 1.0595E-11 5.6884E-12 4.2886E-12 2.2459E-12 1.8701E-12 0.0000E+00 0.0000E+00 0.0000E+00 0.0000E+00 0.0000E+00
5.4484E-09 5.4230E-09 5.3873E-09 5.3366E-09 5.2748E-09 5.1981E-09 5.1089E-09 5.0076E-09 4.8946E-09 4.7703E-09 4.6361E-09 4.4925E-09 4.3378E-09 4.1740E-09 4.0022E-09 3.8235E-09 3.6389E-09 3.4496E-09 3.2568E-09 3.0618E-09 2.8659E-09 2.6705E-09 2.4769E-09 2.2864E-09 2.0985E-09 1.9156E-09 1.7389E-09 1.5724E-09 1.4151E-09 1.2657E-09 1.1257E-09 9.9462E-10 8.7101E-10 7.5720E-10 6.5458E-10 5.6043E-10 4.7553E-10 4.0155E-10 3.1519E-10 2.5451E-10 2.0708E-10 1.6520E-10 1.2298E-10 8.9498E-11 5.9349E-11 4.1304E-11 2.4985E-11 1.4645E-11 8.3957E-12 5.2183E-12 3.6577E-12 2.0769E-12 1.2298E-12 0.0000E+00 0.0000E+00 0.0000E+00 0.0000E+00
5.5741E-09 5.5622E-09 5.5394E-09 5.5003E-09 5.4477E-09 5.3817E-09 5.3022E-09 5.2118E-09 5.1077E-09 4.9899E-09 4.8600E-09 4.7185E-09 4.5659E-09 4.4031E-09 4.2311E-09 4.0507E-09 3.8630E-09 3.6694E-09 3.4712E-09 3.2696E-09 3.0661E-09 2.8622E-09 2.6593E-09 2.4590E-09 2.2609E-09 2.0683E-09 1.8821E-09 1.7055E-09 1.5366E-09 1.3749E-09 1.2225E-09 1.0807E-09 9.4929E-10 8.2720E-10 7.1365E-10 6.1272E-10 5.2265E-10 4.2806E-10 3.4523E-10 2.8433E-10 2.3036E-10 1.8366E-10 1.4386E-10 1.0371E-10 7.5170E-11 4.8845E-11 3.4447E-11 1.8670E-11 1.3995E-11 6.9341E-12 4.8945E-12 2.2956E-12 1.9021E-12 0.0000E+00 0.0000E+00 0.0000E+00 0.0000E+00
5.6960E-09 5.6987E-09 5.6846E-09 5.6573E-09 5.6162E-09 5.5642E-09 5.4953E-09 5.4125E-09 5.3156E-09 5.2049E-09 5.0807E-09 4.9435E-09 4.7940E-09 4.6327E-09 4.4607E-09 4.2790E-09 4.0887E-09 3.8910E-09 3.6874E-09 3.4793E-09 3.2682E-09 3.0558E-09 2.8436E-09 2.6326E-09 2.4231E-09 2.2215E-09 2.0246E-09 1.8366E-09 1.6565E-09 1.4854E-09 1.3228E-09 1.1701E-09 1.0258E-09 8.9362E-10 7.7451E-10 6.6785E-10 5.6658E-10 4.6987E-10 3.8390E-10 3.1238E-10 2.5630E-10 2.0712E-10 1.6142E-10 1.2509E-10 8.7148E-11 6.2662E-11 4.1228E-11 2.9168E-11 1.6416E-11 1.2478E-11 5.4264E-12 4.4395E-12 2.0922E-12 1.4165E-12 0.0000E+00 0.0000E+00 0.0000E+00
5.8233E-09 5.8390E-09 5.8344E-09 5.8199E-09 5.7952E-09 5.7519E-09 5.6946E-09 5.6223E-09 5.5350E-09 5.4328E-09 5.3159E-09 5.1845E-09 5.0394E-09 4.8810E-09 4.7103E-09 4.5282E-09 4.3370E-09 4.1375E-09 3.9300E-09 3.7163E-09 3.4979E-09 3.2769E-09 3.0551E-09 2.8327E-09 2.6129E-09 2.3973E-09 2.1892E-09 1.9873E-09 1.7947E-09 1.6104E-09 1.4361E-09 1.2719E-09 1.1171E-09 9.7545E-10 8.4593E-10 7.2826E-10 6.2131E-10 5.0396E-10 4.2075E-10 3.4918E-10 2.8410E-10 2.2987E-10 1.8475E-10 1.4076E-10 1.0741E-10 7.2616E-11 5.2569E-11 3.5395E-11 2.3622E-11 1.5198E-11 8.1147E-12 4.9522E-12 2.6396E-12 1.8885E-12 0.0000E+00 0.0000E+00 0.0000E+00
5.9657E-09 5.9870E-09 5.9926E-09 5.9848E-09 5.9713E-09 5.9379E-09 5.8946E-09 5.8327E-09 5.7551E-09 5.6617E-09 5.5523E-09 5.4272E-09 5.2891E-09 5.1359E-09 4.9672E-09 4.7854E-09 4.5919E-09 4.3879E-09 4.1748E-09 3.9545E-09 3.7286E-09 3.4989E-09 3.2657E-09 3.0328E-09 2.8041E-09 2.5776E-09 2.3580E-09 2.1452E-09 1.9396E-09 1.7429E-09 1.5542E-09 1.3749E-09 1.2077E-09 1.0575E-09 9.2087E-10 7.9412E-10 6.6545E-10 5.5323E-10 4.6366E-10 3.8348E-10 3.1775E-10 2.5637E-10 2.0538E-10 1.6374E-10 1.2256E-10 9.0416E-11 6.3174E-11 4.4103E-11 2.9798E-11 1.8505E-11 1.3604E-11 5.4351E-12 4.4737E-12 2.0572E-12 1.2033E-12 0.0000E+00 0.0000E+00
6.1054E-09 6.1376E-09 6.1573E-09 6.1632E-09 6.1551E-09 6.1325E-09 6.1001E-09 6.0477E-09 5.9789E-09 5.9002E-09 5.8011E-09 5.6834E-09 5.5489E-09 5.3982E-09 5.2318E-09 5.0508E-09 4.8563E-09 4.6496E-09 4.4333E-09 4.2085E-09 3.9761E-09 3.7382E-09 3.4956E-09 3.2522E-09 3.0100E-09 2.7726E-09 2.5396E-09 2.3122E-09 2.0920E-09 1.8806E-09 1.6793E-09 1.4891E-09 1.3123E-09 1.1498E-09 9.9849E-10 8.6129E-10 7.2948E-10 6.0648E-10 5.0692E-10 4.2436E-10 3.4950E-10 2.8611E-10 2.3049E-10 1.8246E-10 1.4220E-10 1.0536E-10 7.5840E-11 5.5178E-11 3.7079E-11 2.4414E-11 1.5199E-11 9.6896E-12 4.8848E-12 2.5754E-12 1.8301E-12 0.0000E+00 0.0000E+00
