Assets/Resources/2015_m01_d06_2100(utc+0800)_l00_csi_1hr_conc.grd
DSAA
         159         159
     -79.000      79.000
     -79.000      79.000
  0.0000E+00  0.1098E-04
[rows 25 to 49 of 159, columns 57 to 113 of 159]
1.6155E-09 1.8094E-09 2.0190E-09 2.2438E-09 2.4820E-09 2.7307E-09 2.9896E-09 3.2578E-09 3.5319E-09 3.8106E-09 4.0899E-09 4.4296E-09 4.7091E-09 4.9843E-09 5.2536E-09 5.5143E-09 5.7642E-09 6.0013E-09 6.2236E-09 6.4291E-09 6.6161E-09 6.7833E-09 6.9295E-09 7.0538E-09 7.1557E-09 7.2346E-09 7.2904E-09 7.3238E-09 7.3346E-09 7.3228E-09 7.2897E-09 7.2368E-09 7.1645E-09 7.0174E-09 6.9122E-09 6.7918E-09 6.6563E-09 6.5085E-09 6.3485E-09 6.1795E-09 6.0008E-09 5.8156E-09 5.6245E-09 5.4289E-09 5.2300E-09 5.0291E-09 4.8277E-09 4.6256E-09 4.4238E-09 4.2243E-09 4.0283E-09 3.8355E-09 3.6447E-09 3.4572E-09 3.2774E-09 3.1033E-09 2.9339E-09
1.6155E-09 1.8148E-09 2.0299E-09 2.2593E-09 2.5012E-09 2.7570E-09 3.0247E-09 3.3017E-09 3.5849E-09 3.9345E-09 4.2271E-09 4.5208E-09 4.8121E-09 5.0999E-09 5.3809E-09 5.6525E-09 5.9128E-09 6.1596E-09 6.4546E-09 6.6691E-09 6.8641E-09 7.0379E-09 7.1899E-09 7.3186E-09 7.4231E-09 7.4411E-09 7.4981E-09 7.5311E-09 7.5401E-09 7.5256E-09 7.4882E-09 7.4298E-09 7.3515E-09 7.2542E-09 7.1397E-09 6.9516E-09 6.8093E-09 6.6538E-09 6.4856E-09 6.3077E-09 6.1205E-09 5.9263E-09 5.7261E-09 5.5214E-09 5.3142E-09 5.1048E-09 4.8949E-09 4.6860E-09 4.4772E-09 4.2693E-09 4.0654E-09 3.8668E-09 3.6725E-09 3.4806E-09 3.2930E-09 3.1144E-09 2.9419E-09
1.6210E-09 1.8245E-09 2.0421E-09 2.2751E-09 2.5243E-09 2.7874E-09 3.0612E-09 3.4087E-09 3.7048E-09 4.0074E-09 4.3130E-09 4.6186E-09 4.9219E-09 5.2860E-09 5.5798E-09 5.8642E-09 6.1369E-09 6.3954E-09 6.6375E-09 6.8608E-09 7.0637E-09 7.2446E-09 7.4020E-09 7.5349E-09 7.6426E-09 7.7246E-09 7.7807E-09 7.8113E-09 7.8163E-09 7.7972E-09 7.6923E-09 7.6288E-09 7.5444E-09 7.4390E-09 7.3161E-09 7.1763E-09 7.0219E-09 6.7963E-09 6.6204E-09 6.4333E-09 6.2374E-09 6.0341E-09 5.8251E-09 5.6114E-09 5.3952E-09 5.1773E-09 4.9587E-09 4.7414E-09 4.5262E-09 4.3125E-09 4.0998E-09 3.8922E-09 3.6928E-09 3.4970E-09 3.3052E-09 3.1208E-09 2.9442E-09
1.6244E-09 1.8287E-09 2.0510E-09 2.2897E-09 2.5429E-09 2.8725E-09 3.1572E-09 3.4542E-09 3.7616E-09 4.0739E-09 4.4558E-09 4.7750E-09 5.0920E-09 5.4044E-09 5.7096E-09 6.0055E-09 6.2894E-09 6.5583E-09 6.8099E-09 7.0420E-09 7.2526E-09 7.4399E-09 7.6029E-09 7.7399E-09 7.8507E-09 7.9341E-09 7.9902E-09 8.0192E-09 8.0219E-09 7.9988E-09 7.9506E-09 7.8787E-09 7.7847E-09 7.6098E-09 7.4792E-09 7.3318E-09 7.1677E-09 6.9910E-09 6.8017E-09 6.5456E-09 6.3413E-09 6.1289E-09 5.9115E-09 5.6893E-09 5.4648E-09 5.2391E-09 5.0129E-09 4.7876E-09 4.5652E-09 4.3461E-09 4.1302E-09 3.9152E-09 3.7065E-09 3.5055E-09 3.3115E-09 3.1233E-09 2.9419E-09
1.6399E-09 1.8509E-09 2.0787E-09 2.3829E-09 2.6457E-09 2.9262E-09 3.2217E-09 3.5288E-09 3.9132E-09 4.2409E-09 4.5727E-09 4.9055E-09 5.2371E-09 5.5638E-09 5.8829E-09 6.1917E-09 6.5585E-09 6.8402E-09 7.1032E-09 7.3451E-09 7.5639E-09 7.7579E-09 7.9253E-09 8.0650E-09 8.1763E-09 8.2584E-09 8.2434E-09 8.2697E-09 8.2682E-09 8.2390E-09 8.1840E-09 8.1036E-09 8.0003E-09 7.8758E-09 7.7314E-09 7.5071E-09 7.3332E-09 7.1438E-09 6.9431E-09 6.7321E-09 6.5129E-09 6.2320E-09 6.0042E-09 5.7722E-09 5.5377E-09 5.3026E-09 5.0675E-09 4.8320E-09 4.5987E-09 4.3720E-09 4.1502E-09 3.9325E-09 3.7167E-09 3.5079E-09 3.3109E-09 3.1205E-09 2.9353E-09
1.6515E-09 1.8660E-09 2.1595E-09 2.4124E-09 2.6845E-09 2.9714E-09 3.3412E-09 3.6604E-09 3.9904E-09 4.3298E-09 4.6742E-09 5.0202E-09 5.4368E-09 5.7785E-09 6.1121E-09 6.4349E-09 6.7439E-09 7.0363E-09 7.3092E-09 7.5601E-09 7.7867E-09 7.9869E-09 8.1592E-09 8.3028E-09 8.4160E-09 8.4986E-09 8.5506E-09 8.5721E-09 8.5638E-09 8.5266E-09 8.3941E-09 8.3061E-09 8.1937E-09 8.0585E-09 7.9045E-09 7.7319E-09 7.5431E-09 7.2785E-09 7.0668E-09 6.8450E-09 6.6144E-09 6.3772E-09 6.0798E-09 5.8393E-09 5.5964E-09 5.3528E-09 5.1102E-09 4.8693E-09 4.6292E-09 4.3927E-09 4.1630E-09 3.9398E-09 3.7196E-09 3.5053E-09 3.3041E-09 3.1110E-09 2.9241E-09
1.6666E-09 1.9477E-09 2.1895E-09 2.4507E-09 2.7947E-09 3.0932E-09 3.4071E-09 3.7370E-09 4.0785E-09 4.5012E-09 4.8612E-09 5.2229E-09 5.5830E-09 5.9377E-09 6.2842E-09 6.6192E-09 6.9399E-09 7.2443E-09 7.5284E-09 7.7891E-09 8.0239E-09 8.2309E-09 8.4082E-09 8.5547E-09 8.6692E-09 8.7513E-09 8.8010E-09 8.8186E-09 8.8046E-09 8.7607E-09 8.6872E-09 8.5869E-09 8.4614E-09 8.2464E-09 8.0798E-09 7.8950E-09 7.6933E-09 7.4782E-09 7.2502E-09 6.9540E-09 6.7125E-09 6.4644E-09 6.2117E-09 5.8997E-09 5.6485E-09 5.3968E-09 5.1455E-09 4.8964E-09 4.6509E-09 4.4082E-09 4.1701E-09 3.9386E-09 3.7140E-09 3.4974E-09 3.2920E-09 3.0952E-09 2.9066E-09
1.7611E-09 1.9922E-09 2.2427E-09 2.5799E-09 2.8713E-09 3.1813E-09 3.5084E-09 3.9235E-09 4.2823E-09 4.6507E-09 5.0250E-09 5.4020E-09 5.7777E-09 6.1483E-09 6.5896E-09 6.9428E-09 7.2800E-09 7.5983E-09 7.8937E-09 8.1642E-09 8.4068E-09 8.6193E-09 8.7998E-09 8.9469E-09 9.0597E-09 9.1378E-09 9.1811E-09 9.1170E-09 9.0960E-09 9.0426E-09 8.9583E-09 8.8452E-09 8.7052E-09 8.5407E-09 8.3553E-09 8.0845E-09 7.8682E-09 7.6364E-09 7.3943E-09 7.1416E-09 6.8205E-09 6.5595E-09 6.2937E-09 6.0272E-09 5.7012E-09 5.4389E-09 5.1761E-09 4.9165E-09 4.6640E-09 4.4153E-09 4.1704E-09 3.9313E-09 3.7010E-09 3.4832E-09 3.2744E-09 3.0739E-09 2.8829E-09
1.7942E-09 2.0967E-09 2.3580E-09 2.6390E-09 2.9418E-09 3.3352E-09 3.6773E-09 4.0352E-09 4.4059E-09 4.7868E-09 5.2523E-09 5.6492E-09 6.0455E-09 6.4356E-09 6.8149E-09 7.1806E-09 7.5296E-09 7.8584E-09 8.1642E-09 8.4437E-09 8.6945E-09 8.9131E-09 9.0977E-09 9.2468E-09 9.3595E-09 9.4351E-09 9.4739E-09 9.4769E-09 9.4447E-09 9.3786E-09 9.2065E-09 9.0830E-09 8.9316E-09 8.7538E-09 8.5530E-09 8.3320E-09 8.0938E-09 7.7795E-09 7.5212E-09 7.2548E-09 6.9813E-09 6.6415E-09 6.3637E-09 6.0832E-09 5.8047E-09 5.4690E-09 5.2005E-09 4.9316E-09 4.6679E-09 4.4125E-09 4.1613E-09 3.9175E-09 3.6822E-09 3.4625E-09 3.2512E-09 3.0478E-09 2.8537E-09
1.8978E-09 2.1458E-09 2.4159E-09 2.7083E-09 3.0969E-09 3.4338E-09 3.7881E-09 4.1584E-09 4.6222E-09 5.0244E-09 5.4351E-09 5.8480E-09 6.2583E-09 6.6628E-09 7.0566E-09 7.4370E-09 7.7999E-09 8.1417E-09 8.4585E-09 8.7473E-09 9.0053E-09 9.2295E-09 9.4176E-09 9.5680E-09 9.6798E-09 9.7526E-09 9.7863E-09 9.7816E-09 9.7397E-09 9.6620E-09 9.5505E-09 9.4078E-09 9.2370E-09 8.9701E-09 8.7555E-09 8.5196E-09 8.2651E-09 7.9967E-09 7.6497E-09 7.3693E-09 7.0792E-09 6.7855E-09 6.4914E-09 6.1358E-09 5.8448E-09 5.5557E-09 5.2129E-09 4.9391E-09 4.6668E-09 4.4016E-09 4.1444E-09 3.8964E-09 3.6581E-09 3.4353E-09 3.2219E-09 3.0165E-09 2.8199E-09
1.9495E-09 2.2082E-09 2.5628E-09 2.8718E-09 3.2021E-09 3.5525E-09 4.0017E-09 4.3942E-09 4.8045E-09 5.2243E-09 5.6507E-09 6.0803E-09 6.5092E-09 6.9331E-09 7.3455E-09 7.7422E-09 8.1185E-09 8.4716E-09 8.7990E-09 9.0973E-09 9.3624E-09 9.5921E-09 9.7833E-09 9.9344E-09 1.0044E-08 1.0113E-08 1.0140E-08 1.0126E-08 1.0073E-08 9.9824E-09 9.8552E-09 9.6954E-09 9.5059E-09 9.2892E-09 9.0493E-09 8.7206E-09 8.4495E-09 8.1629E-09 7.8653E-09 7.5565E-09 7.1827E-09 6.8717E-09 6.5621E-09 6.2511E-09 5.8815E-09 5.5790E-09 5.2822E-09 4.9355E-09 4.6568E-09 4.3838E-09 4.1213E-09 3.8685E-09 3.6286E-09 3.4027E-09 3.1862E-09 2.9797E-09 2.7815E-09
1.9994E-09 2.3454E-09 2.6443E-09 2.9650E-09 3.3864E-09 3.7585E-09 4.1520E-09 4.5648E-09 4.9891E-09 5.4254E-09 5.8705E-09 6.3208E-09 6.7694E-09 7.2096E-09 7.6376E-09 8.0502E-09 8.4413E-09 8.8082E-09 9.1473E-09 9.4537E-09 9.7254E-09 9.9591E-09 1.0153E-08 1.0304E-08 1.0411E-08 1.0474E-08 1.0493E-08 1.0469E-08 1.0404E-08 1.0300E-08 1.0159E-08 9.9828E-09 9.7755E-09 9.5389E-09 9.2779E-09 8.9966E-09 8.6263E-09 8.3214E-09 8.0049E-09 7.6805E-09 7.3476E-09 6.9515E-09 6.6222E-09 6.2976E-09 5.9749E-09 5.5971E-09 5.2886E-09 4.9871E-09 4.6389E-09 4.3604E-09 4.0919E-09 3.8353E-09 3.5937E-09 3.3651E-09 3.1461E-09 2.9378E-09 2.7387E-09
2.1248E-09 2.4151E-09 2.7273E-09 3.1460E-09 3.5137E-09 3.9052E-09 4.3167E-09 4.7447E-09 5.1884E-09 5.6471E-09 6.1130E-09 6.5806E-09 7.0471E-09 7.5084E-09 7.9583E-09 8.3891E-09 8.7960E-09 9.1755E-09 9.5242E-09 9.8386E-09 1.0115E-08 1.0353E-08 1.0548E-08 1.0698E-08 1.0802E-08 1.0859E-08 1.0869E-08 1.0834E-08 1.0755E-08 1.0635E-08 1.0476E-08 1.0280E-08 1.0055E-08 9.7991E-09 9.5189E-09 9.2147E-09 8.8922E-09 8.5577E-09 8.1444E-09 7.8006E-09 7.4515E-09 7.0964E-09 6.6808E-09 6.3372E-09 6.0016E-09 5.6705E-09 5.2898E-09 4.9770E-09 4.6745E-09 4.3313E-09 4.0585E-09 3.7969E-09 3.5542E-09 3.3222E-09 3.1011E-09 2.8907E-09 2.6913E-09
2.1801E-09 2.4852E-09 2.8996E-09 3.2606E-09 3.6499E-09 4.0600E-09 4.4901E-09 4.9406E-09 5.4078E-09 5.8847E-09 6.3699E-09 6.8616E-09 7.3539E-09 7.8369E-09 8.3052E-09 8.7529E-09 9.1753E-09 9.5689E-09 9.9290E-09 1.0252E-08 1.0536E-08 1.0776E-08 1.0972E-08 1.1121E-08 1.1220E-08 1.1270E-08 1.1270E-08 1.1222E-08 1.1128E-08 1.0990E-08 1.0811E-08 1.0595E-08 1.0346E-08 1.0067E-08 9.7631E-09 9.4390E-09 9.0944E-09 8.7349E-09 8.3643E-09 7.9170E-09 7.5486E-09 7.1773E-09 6.8040E-09 6.3729E-09 6.0202E-09 5.6792E-09 5.2829E-09 4.9599E-09 4.6497E-09 4.2950E-09 4.0186E-09 3.7556E-09 3.5108E-09 3.2755E-09 3.0525E-09 2.8403E-09 2.6400E-09
2.2343E-09 2.6412E-09 2.9974E-09 3.3843E-09 3.7921E-09 4.2209E-09 4.6763E-09 5.1487E-09 5.6361E-09 6.1376E-09 6.6520E-09 7.1678E-09 7.6794E-09 8.1828E-09 8.6734E-09 9.1428E-09 9.5857E-09 9.9957E-09 1.0368E-08 1.0702E-08 1.0991E-08 1.1235E-08 1.1431E-08 1.1576E-08 1.1669E-08 1.1710E-08 1.1698E-08 1.1634E-08 1.1522E-08 1.1366E-08 1.1166E-08 1.0927E-08 1.0653E-08 1.0347E-08 1.0016E-08 9.6641E-09 9.2960E-09 8.9118E-09 8.5177E-09 8.1145E-09 7.6380E-09 7.2479E-09 6.8591E-09 6.4750E-09 6.0353E-09 5.6783E-09 5.3347E-09 4.9367E-09 4.6189E-09 4.3162E-09 3.9724E-09 3.7097E-09 3.4623E-09 3.2254E-09 2.9997E-09 2.7865E-09 2.5849E-09
2.3797E-09 2.7238E-09 3.1018E-09 3.5063E-09 3.9353E-09 4.3942E-09 4.8712E-09 5.3661E-09 5.8830E-09 6.4131E-09 6.9478E-09 7.4856E-09 8.0234E-09 8.5555E-09 9.0706E-09 9.5625E-09 1.0027E-08 1.0454E-08 1.0841E-08 1.1182E-08 1.1478E-08 1.1723E-08 1.1917E-08 1.2058E-08 1.2143E-08 1.2174E-08 1.2148E-08 1.2068E-08 1.1937E-08 1.1758E-08 1.1534E-08 1.1271E-08 1.0972E-08 1.0641E-08 1.0282E-08 9.8969E-09 9.4971E-09 9.0857E-09 8.6649E-09 8.2396E-09 7.8087E-09 7.3105E-09 6.9048E-09 6.5052E-09 6.1149E-09 5.6737E-09 5.3162E-09 4.9716E-09 4.5831E-09 4.2737E-09 3.9807E-09 3.6589E-09 3.4091E-09 3.1711E-09 2.9438E-09 2.7299E-09 2.5277E-09
2.4440E-09 2.8089E-09 3.2036E-09 3.6301E-09 4.0893E-09 4.5692E-09 5.0714E-09 5.6023E-09 6.1446E-09 6.6975E-09 7.2596E-09 7.8298E-09 8.3955E-09 8.9496E-09 9.4897E-09 1.0007E-08 1.0493E-08 1.0940E-08 1.1341E-08 1.1694E-08 1.1995E-08 1.2244E-08 1.2437E-08 1.2571E-08 1.2649E-08 1.2667E-08 1.2627E-08 1.2528E-08 1.2376E-08 1.2173E-08 1.1923E-08 1.1630E-08 1.1302E-08 1.0939E-08 1.0552E-08 1.0140E-08 9.7069E-09 9.2607E-09 8.8075E-09 8.3550E-09 7.9043E-09 7.4544E-09 6.9419E-09 6.5267E-09 6.1222E-09 5.6647E-09 5.2908E-09 4.9379E-09 4.5389E-09 4.2261E-09 3.9313E-09 3.6032E-09 3.3519E-09 3.1126E-09 2.8851E-09 2.6699E-09 2.4680E-09
2.5111E-09 2.8941E-09 3.3067E-09 3.7587E-09 4.2400E-09 4.7484E-09 5.2911E-09 5.8444E-09 6.4143E-09 7.0030E-09 7.5986E-09 8.1924E-09 8.7841E-09 9.3704E-09 9.9373E-09 1.0478E-08 1.0983E-08 1.1449E-08 1.1870E-08 1.2237E-08 1.2546E-08 1.2797E-08 1.2988E-08 1.3118E-08 1.3185E-08 1.3189E-08 1.3134E-08 1.3018E-08 1.2844E-08 1.2616E-08 1.2337E-08 1.2014E-08 1.1649E-08 1.1253E-08 1.0827E-08 1.0381E-08 9.9182E-09 9.4415E-09 8.9574E-09 8.4694E-09 7.9905E-09 7.5200E-09 7.0583E-09 6.5408E-09 6.1237E-09 5.7203E-09 5.2621E-09 4.8972E-09 4.5560E-09 4.1721E-09 3.8780E-09 3.6034E-09 3.2904E-09 3.0503E-09 2.8232E-09 2.6073E-09 2.4058E-09
2.5801E-09 2.9741E-09 3.4145E-09 3.8869E-09 4.3955E-09 4.9404E-09 5.5055E-09 6.0938E-09 6.7075E-09 7.3257E-09 7.9494E-09 8.5780E-09 9.2036E-09 9.8139E-09 1.0404E-08 1.0974E-08 1.1506E-08 1.1995E-08 1.2431E-08 1.2812E-08 1.3133E-08 1.3388E-08 1.3578E-08 1.3697E-08 1.3756E-08 1.3747E-08 1.3671E-08 1.3534E-08 1.3334E-08 1.3080E-08 1.2772E-08 1.2417E-08 1.2020E-08 1.1585E-08 1.1120E-08 1.0628E-08 1.0129E-08 9.6194E-09 9.1040E-09 8.5881E-09 8.0760E-09 7.5791E-09 7.0975E-09 6.6309E-09 6.1175E-09 5.7012E-09 5.2971E-09 4.8535E-09 4.5032E-09 4.1121E-09 3.8202E-09 3.5432E-09 3.2249E-09 2.9846E-09 2.7574E-09 2.5424E-09 2.3413E-09
2.6469E-09 3.0649E-09 3.5184E-09 4.0161E-09 4.5568E-09 5.1283E-09 5.7305E-09 6.3621E-09 7.0039E-09 7.6589E-09 8.3264E-09 8.9892E-09 9.6434E-09 1.0284E-08 1.0909E-08 1.1503E-08 1.2059E-08 1.2574E-08 1.3034E-08 1.3431E-08 1.3757E-08 1.4010E-08 1.4199E-08 1.4318E-08 1.4362E-08 1.4339E-08 1.4244E-08 1.4082E-08 1.3856E-08 1.3569E-08 1.3226E-08 1.2832E-08 1.2398E-08 1.1926E-08 1.1425E-08 1.0897E-08 1.0350E-08 9.7946E-09 9.2461E-09 8.7015E-09 8.1634E-09 7.6369E-09 7.1307E-09 6.6454E-09 6.1067E-09 5.6735E-09 5.2602E-09 4.8042E-09 4.4468E-09 4.1180E-09 3.7573E-09 3.4786E-09 3.2150E-09 2.9154E-09 2.6888E-09 2.4756E-09 2.2747E-09
2.7218E-09 3.1519E-09 3.6283E-09 4.1534E-09 4.7160E-09 5.3214E-09 5.9641E-09 6.6271E-09 7.3121E-09 8.0148E-09 8.7175E-09 9.4188E-09 1.0114E-08 1.0793E-08 1.1445E-08 1.2068E-08 1.2656E-08 1.3190E-08 1.3667E-08 1.4079E-08 1.4420E-08 1.4685E-08 1.4869E-08 1.4976E-08 1.5007E-08 1.4968E-08 1.4854E-08 1.4669E-08 1.4415E-08 1.4094E-08 1.3713E-08 1.3277E-08 1.2794E-08 1.2275E-08 1.1729E-08 1.1162E-08 1.0580E-08 9.9870E-09 9.3915E-09 8.8093E-09 8.2433E-09 7.6915E-09 7.1592E-09 6.6522E-09 6.1691E-09 5.6389E-09 5.2166E-09 4.8200E-09 4.3863E-09 4.0559E-09 3.6892E-09 3.4099E-09 3.1457E-09 2.8430E-09 2.6174E-09 2.4057E-09 2.2058E-09
2.7904E-09 3.2392E-09 3.7424E-09 4.2907E-09 4.8834E-09 5.5246E-09 6.1961E-09 6.9017E-09 7.6357E-09 8.3762E-09 9.1265E-09 9.8769E-09 1.0615E-08 1.1329E-08 1.2022E-08 1.2678E-08 1.3284E-08 1.3844E-08 1.4343E-08 1.4773E-08 1.5127E-08 1.5397E-08 1.5588E-08 1.5690E-08 1.5712E-08 1.5648E-08 1.5507E-08 1.5293E-08 1.5006E-08 1.4650E-08 1.4229E-08 1.3751E-08 1.3222E-08 1.2650E-08 1.2048E-08 1.1428E-08 1.0804E-08 1.0173E-08 9.5431E-09 8.9206E-09 8.3153E-09 7.7372E-09 7.1815E-09 6.6499E-09 6.1491E-09 5.6748E-09 5.1653E-09 4.7629E-09 4.3169E-09 3.9898E-09 3.6838E-09 3.3372E-09 3.0728E-09 2.7671E-09 2.5429E-09 2.3331E-09 2.1358E-09
2.8516E-09 3.3301E-09 3.8540E-09 4.4315E-09 5.0574E-09 5.7251E-09 6.4358E-09 7.1912E-09 7.9631E-09 8.7575E-09 9.5589E-09 1.0354E-08 1.1137E-08 1.1904E-08 1.2637E-08 1.3323E-08 1.3965E-08 1.4555E-08 1.5071E-08 1.5520E-08 1.5896E-08 1.6175E-08 1.6369E-08 1.6468E-08 1.6472E-08 1.6393E-08 1.6224E-08 1.5972E-08 1.5638E-08 1.5235E-08 1.4767E-08 1.4239E-08 1.3662E-08 1.3044E-08 1.2392E-08 1.1718E-08 1.1033E-08 1.0353E-08 9.6845E-09 9.0264E-09 8.3879E-09 7.7753E-09 7.1914E-09 6.6392E-09 6.1178E-09 5.6311E-09 5.1073E-09 4.6962E-09 4.3187E-09 3.9187E-09 3.6107E-09 3.2598E-09 2.9961E-09 2.7488E-09 2.4664E-09 2.2586E-09 2.0643E-09
2.9139E-09 3.4112E-09 3.9642E-09 4.5706E-09 5.2261E-09 5.9297E-09 6.6873E-09 7.4780E-09 8.3065E-09 9.1521E-09 1.0004E-08 1.0857E-08 1.1697E-08 1.2510E-08 1.3278E-08 1.4020E-08 1.4704E-08 1.5318E-08 1.5875E-08 1.6346E-08 1.6725E-08 1.7021E-08 1.7217E-08 1.7313E-08 1.7311E-08 1.7203E-08 1.7001E-08 1.6712E-08 1.6337E-08 1.5880E-08 1.5350E-08 1.4758E-08 1.4120E-08 1.3442E-08 1.2737E-08 1.2013E-08 1.1277E-08 1.0543E-08 9.8196E-09 9.1229E-09 8.4481E-09 7.8018E-09 7.1885E-09 6.6167E-09 6.0761E-09 5.5762E-09 5.1129E-09 4.6172E-09 4.2487E-09 3.8431E-09 3.5324E-09 3.2436E-09 2.9158E-09 2.6704E-09 2.3874E-09 2.1821E-09 1.9902E-09
2.9598E-09 3.4793E-09 4.0620E-09 4.6971E-09 5.3874E-09 6.1383E-09 6.9308E-09 7.7754E-09 8.6523E-09 9.5497E-09 1.0468E-08 1.1379E-08 1.2272E-08 1.3145E-08 1.3985E-08 1.4767E-08 1.5493E-08 1.6157E-08 1.6741E-08 1.7241E-08 1.7650E-08 1.7952E-08 1.8153E-08 1.8243E-08 1.8221E-08 1.8095E-08 1.7862E-08 1.7528E-08 1.7098E-08 1.6584E-08 1.5995E-08 1.5339E-08 1.4627E-08 1.3872E-08 1.3092E-08 1.2304E-08 1.1514E-08 1.0728E-08 9.9580E-09 9.2097E-09 8.4914E-09 7.8109E-09 7.1728E-09 6.5780E-09 6.0195E-09 5.5097E-09 5.0351E-09 4.5375E-09 4.1710E-09 3.7605E-09 3.4501E-09 3.1614E-09 2.8327E-09 2.5888E-09 2.3027E-09 2.0996E-09 1.9076E-09
