Assets/Resources/2015_m01_d29_1000(utc+0800)_l00_csi_1hr_conc.grd
DSAA
         159         159
     -79.000      79.000
     -79.000      79.000
  0.0000E+00  0.7320E-05
[rows 0 to 24 of 159, columns 57 to 113 of 159]
1.2006E-09 1.2216E-09 1.2433E-09 1.2625E-09 1.2815E-09 1.2997E-09 1.3165E-09 1.3332E-09 1.3478E-09 1.3619E-09 1.3751E-09 1.3863E-09 1.3975E-09 1.4065E-09 1.4145E-09 1.4215E-09 1.4273E-09 1.4314E-09 1.4349E-09 1.4370E-09 1.4372E-09 1.4362E-09 1.4346E-09 1.4316E-09 1.4266E-09 1.4205E-09 1.4144E-09 1.4059E-09 1.3960E-09 1.3850E-09 1.3729E-09 1.3602E-09 1.3464E-09 1.3309E-09 1.3145E-09 1.2970E-09 1.2785E-09 1.2598E-09 1.2402E-09 1.2192E-09 1.1973E-09 1.1748E-09 1.1516E-09 1.1278E-09 1.1034E-09 1.0786E-09 1.0534E-09 1.0278E-09 1.0019E-09 9.7573E-10 9.4941E-10 9.2296E-10 8.9645E-10 8.6991E-10 8.4343E-10 8.1706E-10 7.9082E-10
1.2372E-09 1.2595E-09 1.2804E-09 1.3017E-09 1.3212E-09 1.3407E-09 1.3580E-09 1.3744E-09 1.3911E-09 1.4054E-09 1.4190E-09 1.4316E-09 1.4426E-09 1.4528E-09 1.4618E-09 1.4690E-09 1.4762E-09 1.4809E-09 1.4841E-09 1.4861E-09 1.4882E-09 1.4876E-09 1.4856E-09 1.4830E-09 1.4791E-09 1.4733E-09 1.4661E-09 1.4583E-09 1.4493E-09 1.4384E-09 1.4262E-09 1.4129E-09 1.3991E-09 1.3841E-09 1.3674E-09 1.3497E-09 1.3310E-09 1.3113E-09 1.2905E-09 1.2690E-09 1.2473E-09 1.2242E-09 1.2009E-09 1.1765E-09 1.1515E-09 1.1259E-09 1.0999E-09 1.0735E-09 1.0467E-09 1.0197E-09 9.9249E-10 9.6511E-10 9.3764E-10 9.1016E-10 8.8269E-10 8.5528E-10 8.2740E-10
1.2732E-09 1.2964E-09 1.3189E-09 1.3399E-09 1.3611E-09 1.3803E-09 1.3998E-09 1.4171E-09 1.4331E-09 1.4493E-09 1.4634E-09 1.4769E-09 1.4889E-09 1.4993E-09 1.5097E-09 1.5177E-09 1.5242E-09 1.5300E-09 1.5346E-09 1.5374E-09 1.5391E-09 1.5396E-09 1.5382E-09 1.5355E-09 1.5318E-09 1.5268E-09 1.5201E-09 1.5120E-09 1.5030E-09 1.4927E-09 1.4807E-09 1.4676E-09 1.4529E-09 1.4372E-09 1.4210E-09 1.4037E-09 1.3846E-09 1.3645E-09 1.3435E-09 1.3215E-09 1.2986E-09 1.2755E-09 1.2511E-09 1.2266E-09 1.2009E-09 1.1746E-09 1.1478E-09 1.1206E-09 1.0930E-09 1.0651E-09 1.0369E-09 1.0086E-09 9.8021E-10 9.5171E-10 9.2323E-10 8.9420E-10 8.6591E-10
1.3097E-09 1.3333E-09 1.3570E-09 1.3789E-09 1.4000E-09 1.4213E-09 1.4402E-09 1.4594E-09 1.4766E-09 1.4926E-09 1.5084E-09 1.5220E-09 1.5351E-09 1.5470E-09 1.5568E-09 1.5659E-09 1.5739E-09 1.5801E-09 1.5851E-09 1.5889E-09 1.5908E-09 1.5914E-09 1.5909E-09 1.5891E-09 1.5854E-09 1.5810E-09 1.5750E-09 1.5670E-09 1.5578E-09 1.5472E-09 1.5358E-09 1.5232E-09 1.5087E-09 1.4930E-09 1.4759E-09 1.4582E-09 1.4395E-09 1.4192E-09 1.3977E-09 1.3752E-09 1.3519E-09 1.3277E-09 1.3026E-09 1.2769E-09 1.2505E-09 1.2241E-09 1.1965E-09 1.1684E-09 1.1400E-09 1.1112E-09 1.0821E-09 1.0529E-09 1.0235E-09 9.9399E-10 9.6450E-10 9.3440E-10 9.0506E-10
1.3447E-09 1.3702E-09 1.3939E-09 1.4180E-09 1.4397E-09 1.4612E-09 1.4819E-09 1.5011E-09 1.5200E-09 1.5367E-09 1.5530E-09 1.5683E-09 1.5815E-09 1.5940E-09 1.6054E-09 1.6150E-09 1.6235E-09 1.6308E-09 1.6361E-09 1.6402E-09 1.6438E-09 1.6448E-09 1.6444E-09 1.6439E-09 1.6406E-09 1.6358E-09 1.6296E-09 1.6227E-09 1.6143E-09 1.6038E-09 1.5921E-09 1.5796E-09 1.5656E-09 1.5497E-09 1.5325E-09 1.5142E-09 1.4945E-09 1.4737E-09 1.4526E-09 1.4298E-09 1.4069E-09 1.3821E-09 1.3566E-09 1.3302E-09 1.3030E-09 1.2753E-09 1.2470E-09 1.2181E-09 1.1894E-09 1.1598E-09 1.1298E-09 1.0995E-09 1.0691E-09 1.0386E-09 1.0074E-09 9.7694E-10 9.4651E-10
1.3806E-09 1.4061E-09 1.4316E-09 1.4553E-09 1.4793E-09 1.5014E-09 1.5228E-09 1.5433E-09 1.5622E-09 1.5813E-09 1.5979E-09 1.6132E-09 1.6286E-09 1.6417E-09 1.6538E-09 1.6646E-09 1.6735E-09 1.6817E-09 1.6884E-09 1.6929E-09 1.6967E-09 1.6992E-09 1.6994E-09 1.6980E-09 1.6959E-09 1.6924E-09 1.6867E-09 1.6793E-09 1.6712E-09 1.6618E-09 1.6501E-09 1.6369E-09 1.6223E-09 1.6071E-09 1.5898E-09 1.5721E-09 1.5524E-09 1.5315E-09 1.5092E-09 1.4866E-09 1.4623E-09 1.4381E-09 1.4119E-09 1.3849E-09 1.3572E-09 1.3287E-09 1.2996E-09 1.2699E-09 1.2398E-09 1.2092E-09 1.1782E-09 1.1470E-09 1.1156E-09 1.0841E-09 1.0525E-09 1.0209E-09 9.8932E-10
1.4155E-09 1.4423E-09 1.4678E-09 1.4938E-09 1.5177E-09 1.5416E-09 1.5636E-09 1.5852E-09 1.6057E-09 1.6244E-09 1.6431E-09 1.6597E-09 1.6754E-09 1.6898E-09 1.7023E-09 1.7136E-09 1.7246E-09 1.7329E-09 1.7403E-09 1.7465E-09 1.7505E-09 1.7528E-09 1.7543E-09 1.7544E-09 1.7523E-09 1.7490E-09 1.7444E-09 1.7377E-09 1.7293E-09 1.7192E-09 1.7083E-09 1.6964E-09 1.6819E-09 1.6659E-09 1.6492E-09 1.6306E-09 1.6115E-09 1.5903E-09 1.5678E-09 1.5443E-09 1.5195E-09 1.4937E-09 1.4681E-09 1.4405E-09 1.4120E-09 1.3828E-09 1.3530E-09 1.3225E-09 1.2915E-09 1.2600E-09 1.2281E-09 1.1960E-09 1.1635E-09 1.1309E-09 1.0982E-09 1.0655E-09 1.0329E-09
1.4499E-09 1.4778E-09 1.5050E-09 1.5306E-09 1.5566E-09 1.5807E-09 1.6050E-09 1.6268E-09 1.6483E-09 1.6688E-09 1.6876E-09 1.7060E-09 1.7221E-09 1.7371E-09 1.7520E-09 1.7639E-09 1.7752E-09 1.7852E-09 1.7932E-09 1.7992E-09 1.8052E-09 1.8085E-09 1.8103E-09 1.8114E-09 1.8098E-09 1.8067E-09 1.8021E-09 1.7961E-09 1.7889E-09 1.7794E-09 1.7681E-09 1.7558E-09 1.7424E-09 1.7267E-09 1.7093E-09 1.6904E-09 1.6703E-09 1.6500E-09 1.6271E-09 1.6031E-09 1.5791E-09 1.5530E-09 1.5257E-09 1.4975E-09 1.4695E-09 1.4396E-09 1.4090E-09 1.3777E-09 1.3458E-09 1.3134E-09 1.2806E-09 1.2474E-09 1.2140E-09 1.1803E-09 1.1465E-09 1.1127E-09 1.0789E-09
1.4847E-09 1.5128E-09 1.5409E-09 1.5684E-09 1.5951E-09 1.6206E-09 1.6446E-09 1.6690E-09 1.6912E-09 1.7125E-09 1.7327E-09 1.7513E-09 1.7694E-09 1.7857E-09 1.8002E-09 1.8146E-09 1.8266E-09 1.8366E-09 1.8465E-09 1.8538E-09 1.8596E-09 1.8647E-09 1.8671E-09 1.8679E-09 1.8679E-09 1.8660E-09 1.8617E-09 1.8558E-09 1.8488E-09 1.8403E-09 1.8293E-09 1.8168E-09 1.8026E-09 1.7877E-09 1.7704E-09 1.7528E-09 1.7325E-09 1.7108E-09 1.6889E-09 1.6647E-09 1.6392E-09 1.6135E-09 1.5859E-09 1.5572E-09 1.5275E-09 1.4969E-09 1.4656E-09 1.4335E-09 1.4007E-09 1.3675E-09 1.3337E-09 1.2995E-09 1.2650E-09 1.2303E-09 1.1954E-09 1.1604E-09 1.1254E-09
1.5174E-09 1.5480E-09 1.5769E-09 1.6058E-09 1.6328E-09 1.6590E-09 1.6857E-09 1.7097E-09 1.7340E-09 1.7561E-09 1.7777E-09 1.7978E-09 1.8161E-09 1.8344E-09 1.8502E-09 1.8644E-09 1.8776E-09 1.8896E-09 1.8995E-09 1.9089E-09 1.9153E-09 1.9203E-09 1.9243E-09 1.9267E-09 1.9263E-09 1.9250E-09 1.9225E-09 1.9168E-09 1.9096E-09 1.9007E-09 1.8911E-09 1.8797E-09 1.8657E-09 1.8502E-09 1.8339E-09 1.8151E-09 1.7959E-09 1.7743E-09 1.7510E-09 1.7265E-09 1.7007E-09 1.6738E-09 1.6455E-09 1.6172E-09 1.5870E-09 1.5558E-09 1.5236E-09 1.4907E-09 1.4572E-09 1.4230E-09 1.3882E-09 1.3531E-09 1.3175E-09 1.2817E-09 1.2457E-09 1.2095E-09 1.1733E-09
1.5512E-09 1.5816E-09 1.6125E-09 1.6416E-09 1.6705E-09 1.6984E-09 1.7253E-09 1.7513E-09 1.7758E-09 1.7996E-09 1.8221E-09 1.8436E-09 1.8639E-09 1.8821E-09 1.8994E-09 1.9154E-09 1.9294E-09 1.9431E-09 1.9537E-09 1.9629E-09 1.9712E-09 1.9780E-09 1.9819E-09 1.9848E-09 1.9865E-09 1.9851E-09 1.9819E-09 1.9780E-09 1.9726E-09 1.9639E-09 1.9546E-09 1.9427E-09 1.9301E-09 1.9146E-09 1.8975E-09 1.8790E-09 1.8586E-09 1.8377E-09 1.8145E-09 1.7899E-09 1.7637E-09 1.7373E-09 1.7087E-09 1.6790E-09 1.6491E-09 1.6172E-09 1.5844E-09 1.5508E-09 1.5163E-09 1.4812E-09 1.4456E-09 1.4094E-09 1.3727E-09 1.3358E-09 1.2986E-09 1.2613E-09 1.2238E-09
1.5829E-09 1.6157E-09 1.6468E-09 1.6782E-09 1.7075E-09 1.7372E-09 1.7650E-09 1.7917E-09 1.8183E-09 1.8427E-09 1.8674E-09 1.8895E-09 1.9101E-09 1.9308E-09 1.9489E-09 1.9662E-09 1.9818E-09 1.9953E-09 2.0079E-09 2.0192E-09 2.0275E-09 2.0358E-09 2.0409E-09 2.0440E-09 2.0461E-09 2.0456E-09 2.0445E-09 2.0401E-09 2.0349E-09 2.0281E-09 2.0185E-09 2.0068E-09 1.9933E-09 1.9793E-09 1.9625E-09 1.9438E-09 1.9246E-09 1.9029E-09 1.8805E-09 1.8555E-09 1.8292E-09 1.8016E-09 1.7724E-09 1.7432E-09 1.7118E-09 1.6794E-09 1.6458E-09 1.6113E-09 1.5761E-09 1.5401E-09 1.5034E-09 1.4662E-09 1.4286E-09 1.3905E-09 1.3521E-09 1.3136E-09 1.2749E-09
1.6154E-09 1.6483E-09 1.6815E-09 1.7129E-09 1.7448E-09 1.7748E-09 1.8040E-09 1.8325E-09 1.8601E-09 1.8866E-09 1.9110E-09 1.9349E-09 1.9577E-09 1.9792E-09 1.9990E-09 2.0168E-09 2.0338E-09 2.0496E-09 2.0623E-09 2.0742E-09 2.0849E-09 2.0926E-09 2.0993E-09 2.1043E-09 2.1067E-09 2.1079E-09 2.1062E-09 2.1038E-09 2.0986E-09 2.0911E-09 2.0828E-09 2.0718E-09 2.0600E-09 2.0450E-09 2.0294E-09 2.0111E-09 1.9910E-09 1.9702E-09 1.9467E-09 1.9218E-09 1.8952E-09 1.8671E-09 1.8377E-09 1.8071E-09 1.7761E-09 1.7429E-09 1.7087E-09 1.6736E-09 1.6374E-09 1.6005E-09 1.5629E-09 1.5247E-09 1.4859E-09 1.4467E-09 1.4072E-09 1.3674E-09 1.3274E-09
1.6460E-09 1.6811E-09 1.7151E-09 1.7487E-09 1.7804E-09 1.8119E-09 1.8428E-09 1.8729E-09 1.9015E-09 1.9285E-09 1.9557E-09 1.9807E-09 2.0051E-09 2.0271E-09 2.0478E-09 2.0688E-09 2.0860E-09 2.1023E-09 2.1176E-09 2.1302E-09 2.1415E-09 2.1513E-09 2.1584E-09 2.1644E-09 2.1684E-09 2.1696E-09 2.1691E-09 2.1662E-09 2.1625E-09 2.1570E-09 2.1486E-09 2.1388E-09 2.1263E-09 2.1130E-09 2.0968E-09 2.0785E-09 2.0585E-09 2.0369E-09 2.0145E-09 1.9892E-09 1.9625E-09 1.9355E-09 1.9056E-09 1.8744E-09 1.8420E-09 1.8094E-09 1.7745E-09 1.7385E-09 1.7017E-09 1.6639E-09 1.6252E-09 1.5860E-09 1.5462E-09 1.5058E-09 1.4650E-09 1.4240E-09 1.3828E-09
1.6771E-09 1.7131E-09 1.7482E-09 1.7821E-09 1.8165E-09 1.8491E-09 1.8818E-09 1.9123E-09 1.9424E-09 1.9718E-09 1.9996E-09 2.0262E-09 2.0511E-09 2.0753E-09 2.0981E-09 2.1189E-09 2.1387E-09 2.1561E-09 2.1711E-09 2.1856E-09 2.1985E-09 2.2096E-09 2.2184E-09 2.2246E-09 2.2289E-09 2.2320E-09 2.2320E-09 2.2313E-09 2.2287E-09 2.2227E-09 2.2157E-09 2.2059E-09 2.1941E-09 2.1799E-09 2.1650E-09 2.1473E-09 2.1287E-09 2.1069E-09 2.0835E-09 2.0595E-09 2.0326E-09 2.0041E-09 1.9752E-09 1.9438E-09 1.9154E-09 1.8811E-09 1.8457E-09 1.8091E-09 1.7714E-09 1.7327E-09 1.6932E-09 1.6529E-09 1.6119E-09 1.5704E-09 1.5284E-09 1.4860E-09 1.4434E-09
1.7070E-09 1.7440E-09 1.7799E-09 1.8165E-09 1.8517E-09 1.8859E-09 1.9188E-09 1.9516E-09 1.9832E-09 2.0136E-09 2.0430E-09 2.0707E-09 2.0984E-09 2.1229E-09 2.1478E-09 2.1698E-09 2.1896E-09 2.2088E-09 2.2266E-09 2.2427E-09 2.2565E-09 2.2676E-09 2.2770E-09 2.2854E-09 2.2915E-09 2.2947E-09 2.2971E-09 2.2962E-09 2.2941E-09 2.2891E-09 2.2822E-09 2.2738E-09 2.2623E-09 2.2501E-09 2.2348E-09 2.2182E-09 2.1987E-09 2.1786E-09 2.1600E-09 2.1349E-09 2.1081E-09 2.0797E-09 2.0494E-09 2.0186E-09 1.9853E-09 1.9553E-09 1.9192E-09 1.8819E-09 1.8435E-09 1.8040E-09 1.7635E-09 1.7221E-09 1.6801E-09 1.6374E-09 1.5941E-09 1.5504E-09 1.5064E-09
1.7360E-09 1.7745E-09 1.8124E-09 1.8494E-09 1.8859E-09 1.9212E-09 1.9569E-09 1.9902E-09 2.0238E-09 2.0554E-09 2.0862E-09 2.1158E-09 2.1440E-09 2.1713E-09 2.1958E-09 2.2197E-09 2.2422E-09 2.2623E-09 2.2810E-09 2.2982E-09 2.3127E-09 2.3263E-09 2.3376E-09 2.3460E-09 2.3537E-09 2.3592E-09 2.3613E-09 2.3614E-09 2.3607E-09 2.3564E-09 2.3511E-09 2.3426E-09 2.3333E-09 2.3214E-09 2.3111E-09 2.2944E-09 2.2756E-09 2.2544E-09 2.2325E-09 2.2124E-09 2.1857E-09 2.1571E-09 2.1268E-09 2.0949E-09 2.0611E-09 2.0270E-09 1.9905E-09 1.9572E-09 1.9180E-09 1.8776E-09 1.8363E-09 1.7939E-09 1.7507E-09 1.7068E-09 1.6623E-09 1.6173E-09 1.5719E-09
1.7646E-09 1.8040E-09 1.8431E-09 1.8818E-09 1.9193E-09 1.9570E-09 1.9927E-09 2.0290E-09 2.0630E-09 2.0961E-09 2.1286E-09 2.1597E-09 2.1897E-09 2.2170E-09 2.2441E-09 2.2699E-09 2.2936E-09 2.3157E-09 2.3353E-09 2.3542E-09 2.3707E-09 2.3845E-09 2.3975E-09 2.4085E-09 2.4160E-09 2.4215E-09 2.4262E-09 2.4286E-09 2.4275E-09 2.4254E-09 2.4213E-09 2.4183E-09 2.4085E-09 2.3967E-09 2.3840E-09 2.3721E-09 2.3538E-09 2.3334E-09 2.3109E-09 2.2872E-09 2.2653E-09 2.2370E-09 2.2065E-09 2.1743E-09 2.1405E-09 2.1050E-09 2.0678E-09 2.0292E-09 1.9893E-09 1.9527E-09 1.9104E-09 1.8670E-09 1.8228E-09 1.7777E-09 1.7318E-09 1.6855E-09 1.6387E-09
1.7918E-09 1.8328E-09 1.8736E-09 1.9128E-09 1.9527E-09 1.9914E-09 2.0296E-09 2.0655E-09 2.1023E-09 2.1366E-09 2.1715E-09 2.2030E-09 2.2344E-09 2.2647E-09 2.2923E-09 2.3201E-09 2.3446E-09 2.3676E-09 2.3894E-09 2.4094E-09 2.4278E-09 2.4445E-09 2.4574E-09 2.4685E-09 2.4788E-09 2.4869E-09 2.4914E-09 2.4949E-09 2.5011E-09 2.4992E-09 2.4949E-09 2.4896E-09 2.4858E-09 2.4748E-09 2.4614E-09 2.4471E-09 2.4342E-09 2.4142E-09 2.3921E-09 2.3680E-09 2.3415E-09 2.3176E-09 2.2873E-09 2.2552E-09 2.2209E-09 2.1850E-09 2.1475E-09 2.1084E-09 2.0677E-09 2.0257E-09 1.9826E-09 1.9381E-09 1.8927E-09 1.8464E-09 1.7994E-09 1.7516E-09 1.7034E-09
1.8187E-09 1.8609E-09 1.9027E-09 1.9442E-09 1.9852E-09 2.0250E-09 2.0635E-09 2.1029E-09 2.1399E-09 2.1769E-09 2.2113E-09 2.2458E-09 2.2790E-09 2.3103E-09 2.3405E-09 2.3684E-09 2.3954E-09 2.4206E-09 2.4442E-09 2.4652E-09 2.4848E-09 2.5015E-09 2.5174E-09 2.5315E-09 2.5417E-09 2.5509E-09 2.5631E-09 2.5672E-09 2.5687E-09 2.5738E-09 2.5713E-09 2.5660E-09 2.5594E-09 2.5543E-09 2.5423E-09 2.5275E-09 2.5104E-09 2.4959E-09 2.4744E-09 2.4505E-09 2.4244E-09 2.3963E-09 2.3658E-09 2.3333E-09 2.2990E-09 2.2628E-09 2.2246E-09 2.1849E-09 2.1436E-09 2.1008E-09 2.0565E-09 2.0111E-09 1.9647E-09 1.9171E-09 1.8688E-09 1.8197E-09 1.7700E-09
1.8443E-09 1.8879E-09 1.9314E-09 1.9741E-09 2.0160E-09 2.0568E-09 2.0987E-09 2.1383E-09 2.1774E-09 2.2147E-09 2.2531E-09 2.2877E-09 2.3222E-09 2.3557E-09 2.3866E-09 2.4167E-09 2.4454E-09 2.4727E-09 2.4979E-09 2.5201E-09 2.5416E-09 2.5614E-09 2.5775E-09 2.5927E-09 2.6108E-09 2.6211E-09 2.6286E-09 2.6399E-09 2.6434E-09 2.6443E-09 2.6484E-09 2.6447E-09 2.6387E-09 2.6297E-09 2.6231E-09 2.6096E-09 2.5936E-09 2.5748E-09 2.5538E-09 2.5305E-09 2.5046E-09 2.4764E-09 2.4460E-09 2.4137E-09 2.3789E-09 2.3422E-09 2.3038E-09 2.2635E-09 2.2213E-09 2.1777E-09 2.1327E-09 2.0862E-09 2.0386E-09 1.9899E-09 1.9403E-09 1.8898E-09 1.8386E-09
1.8692E-09 1.9142E-09 1.9585E-09 2.0026E-09 2.0463E-09 2.0894E-09 2.1313E-09 2.1731E-09 2.2131E-09 2.2536E-09 2.2912E-09 2.3299E-09 2.3655E-09 2.4001E-09 2.4337E-09 2.4659E-09 2.4964E-09 2.5239E-09 2.5498E-09 2.5764E-09 2.5984E-09 2.6194E-09 2.6434E-09 2.6599E-09 2.6747E-09 2.6911E-09 2.7009E-09 2.7095E-09 2.7188E-09 2.7214E-09 2.7217E-09 2.7238E-09 2.7188E-09 2.7114E-09 2.7015E-09 2.6885E-09 2.6731E-09 2.6554E-09 2.6349E-09 2.6117E-09 2.5862E-09 2.5585E-09 2.5281E-09 2.4954E-09 2.4607E-09 2.4239E-09 2.3847E-09 2.3438E-09 2.3013E-09 2.2568E-09 2.2107E-09 2.1634E-09 2.1147E-09 2.0647E-09 2.0137E-09 1.9619E-09 1.9093E-09
1.8927E-09 1.9388E-09 1.9849E-09 2.0303E-09 2.0753E-09 2.1196E-09 2.1639E-09 2.2069E-09 2.2491E-09 2.2905E-09 2.3313E-09 2.3692E-09 2.4071E-09 2.4441E-09 2.4796E-09 2.5132E-09 2.5443E-09 2.5751E-09 2.6040E-09 2.6307E-09 2.6604E-09 2.6830E-09 2.7030E-09 2.7267E-09 2.7429E-09 2.7580E-09 2.7739E-09 2.7830E-09 2.7944E-09 2.7988E-09 2.8003E-09 2.7994E-09 2.7961E-09 2.7896E-09 2.7804E-09 2.7688E-09 2.7545E-09 2.7371E-09 2.7172E-09 2.6949E-09 2.6697E-09 2.6419E-09 2.6118E-09 2.5794E-09 2.5443E-09 2.5071E-09 2.4678E-09 2.4264E-09 2.3830E-09 2.3378E-09 2.2911E-09 2.2426E-09 2.1927E-09 2.1416E-09 2.0894E-09 2.0361E-09 1.9820E-09
1.9151E-09 1.9628E-09 2.0097E-09 2.0568E-09 2.1033E-09 2.1494E-09 2.1946E-09 2.2395E-09 2.2837E-09 2.3266E-09 2.3675E-09 2.4086E-09 2.4488E-09 2.4870E-09 2.5241E-09 2.5589E-09 2.5943E-09 2.6254E-09 2.6572E-09 2.6901E-09 2.7163E-09 2.7461E-09 2.7685E-09 2.7901E-09 2.8127E-09 2.8284E-09 2.8465E-09 2.8579E-09 2.8663E-09 2.8722E-09 2.8757E-09 2.8761E-09 2.8737E-09 2.8687E-09 2.8612E-09 2.8502E-09 2.8366E-09 2.8204E-09 2.8013E-09 2.7792E-09 2.7546E-09 2.7275E-09 2.6974E-09 2.6648E-09 2.6299E-09 2.5926E-09 2.5527E-09 2.5108E-09 2.4670E-09 2.4210E-09 2.3732E-09 2.3239E-09 2.2730E-09 2.2206E-09 2.1670E-09 2.1124E-09 2.0568E-09
1.9362E-09 1.9849E-09 2.0339E-09 2.0821E-09 2.1300E-09 2.1776E-09 2.2249E-09 2.2712E-09 2.3167E-09 2.3605E-09 2.4057E-09 2.4482E-09 2.4898E-09 2.5293E-09 2.5686E-09 2.6059E-09 2.6419E-09 2.6813E-09 2.7134E-09 2.7489E-09 2.7775E-09 2.8043E-09 2.8345E-09 2.8568E-09 2.8817E-09 2.9001E-09 2.9154E-09 2.9283E-09 2.9388E-09 2.9466E-09 2.9512E-09 2.9533E-09 2.9528E-09 2.9490E-09 2.9422E-09 2.9328E-09 2.9205E-09 2.9049E-09 2.8865E-09 2.8655E-09 2.8413E-09 2.8143E-09 2.7846E-09 2.7525E-09 2.7172E-09 2.6796E-09 2.6398E-09 2.5975E-09 2.5528E-09 2.5062E-09 2.4578E-09 2.4073E-09 2.3552E-09 2.3017E-09 2.2468E-09 2.1906E-09 2.1335E-09
