Assets/Resources/2015_m01_d23_0500(utc+0800)_l00_csi_1hr_conc.grd
DSAA
         159         159
     -79.000      79.000
     -79.000      79.000
  0.0000E+00  0.3184E-04
[rows 50 to 74 of 159, columns 0 to 56 of 159]
0.0000E+00 0.0000E+00 0.0000E+00 0.0000E+00 0.0000E+00 0.0000E+00 0.0000E+00 0.0000E+00 0.0000E+00 0.0000E+00 0.0000E+00 0.0000E+00 0.0000E+00 0.0000E+00 0.0000E+00 0.0000E+00 0.0000E+00 0.0000E+00 0.0000E+00 0.0000E+00 0.0000E+00 0.0000E+00 1.2903E-11 1.4066E-11 1.9595E-11 2.8354E-11 5.2174E-11 5.6547E-11 6.1228E-11 7.0939E-11 9.2035E-11 1.2465E-10 1.5010E-10 1.7477E-10 1.9517E-10 2.1753E-10 2.4364E-10 2.7320E-10 3.0562E-10 3.4134E-10 3.8057E-10 4.2348E-10 4.7013E-10 5.2058E-10 5.7308E-10 6.3080E-10 6.9174E-10 7.5663E-10 8.2473E-10 8.9740E-10 9.7406E-10 1.0547E-09 1.1386E-09 1.2271E-09 1.3196E-09 1.4152E-09 1.5153E-09
0.0000E+00 0.0000E+00 0.0000E+00 0.0000E+00 0.0000E+00 0.0000E+00 0.0000E+00 0.0000E+00 0.0000E+00 0.0000E+00 0.0000E+00 0.0000E+00 0.0000E+00 0.0000E+00 0.0000E+00 0.0000E+00 0.0000E+00 0.0000E+00 0.0000E+00 0.0000E+00 0.0000E+00 0.0000E+00 8.3930E-12 1.3416E-11 1.8689E-11 2.4306E-11 4.1772E-11 5.4080E-11 5.8556E-11 6.5861E-11 8.3210E-11 1.0527E-10 1.3970E-10 1.6464E-10 1.8661E-10 2.0929E-10 2.3490E-10 2.6316E-10 2.9529E-10 3.3012E-10 3.6834E-10 4.1008E-10 4.5549E-10 5.0464E-10 5.5572E-10 6.1185E-10 6.7110E-10 7.3421E-10 8.0044E-10 8.7115E-10 9.4573E-10 1.0243E-09 1.1061E-09 1.1923E-09 1.2826E-09 1.3760E-09 1.4738E-09
0.0000E+00 0.0000E+00 0.0000E+00 0.0000E+00 0.0000E+00 0.0000E+00 0.0000E+00 0.0000E+00 0.0000E+00 0.0000E+00 0.0000E+00 0.0000E+00 0.0000E+00 0.0000E+00 0.0000E+00 0.0000E+00 0.0000E+00 0.0000E+00 0.0000E+00 0.0000E+00 0.0000E+00 0.0000E+00 0.0000E+00 1.0718E-11 1.3919E-11 1.9370E-11 2.7045E-11 5.1671E-11 5.5947E-11 6.0518E-11 7.4164E-11 9.3868E-11 1.2115E-10 1.5442E-10 1.7916E-10 2.0066E-10 2.2559E-10 2.5397E-10 2.8521E-10 3.1907E-10 3.5627E-10 3.9691E-10 4.4106E-10 4.8883E-10 5.3907E-10 5.9308E-10 6.5063E-10 7.1192E-10 7.7625E-10 8.4504E-10 9.1763E-10 9.9398E-10 1.0743E-09 1.1577E-09 1.2458E-09 1.3375E-09 1.4324E-09
0.0000E+00 0.0000E+00 0.0000E+00 0.0000E+00 0.0000E+00 0.0000E+00 0.0000E+00 0.0000E+00 0.0000E+00 0.0000E+00 0.0000E+00 0.0000E+00 0.0000E+00 0.0000E+00 0.0000E+00 0.0000E+00 0.0000E+00 0.0000E+00 0.0000E+00 0.0000E+00 0.0000E+00 0.0000E+00 0.0000E+00 6.1793E-12 1.3248E-11 1.6397E-11 2.1968E-11 3.6468E-11 5.3403E-11 5.7765E-11 6.7626E-11 8.5656E-11 1.0620E-10 1.4168E-10 1.7072E-10 1.9310E-10 2.1737E-10 2.4423E-10 2.7428E-10 3.0829E-10 3.4442E-10 3.8389E-10 4.2682E-10 4.7328E-10 5.2202E-10 5.7445E-10 6.3031E-10 6.8984E-10 7.5290E-10 8.1909E-10 8.8967E-10 9.6401E-10 1.0421E-09 1.1233E-09 1.2092E-09 1.2986E-09 1.3919E-09
0.0000E+00 0.0000E+00 0.0000E+00 0.0000E+00 0.0000E+00 0.0000E+00 0.0000E+00 0.0000E+00 0.0000E+00 0.0000E+00 0.0000E+00 0.0000E+00 0.0000E+00 0.0000E+00 0.0000E+00 0.0000E+00 0.0000E+00 0.0000E+00 0.0000E+00 0.0000E+00 0.0000E+00 0.0000E+00 0.0000E+00 0.0000E+00 8.5890E-12 1.3700E-11 1.9046E-11 2.4719E-11 4.9399E-11 5.5121E-11 6.1981E-11 7.6521E-11 9.8199E-11 1.2503E-10 1.6199E-10 1.8501E-10 2.0864E-10 2.3492E-10 2.6464E-10 2.9659E-10 3.3281E-10 3.7112E-10 4.1276E-10 4.5789E-10 5.0520E-10 5.5603E-10 6.1018E-10 6.6791E-10 7.2916E-10 7.9344E-10 8.6193E-10 9.3423E-10 1.0102E-09 1.0899E-09 1.1728E-09 1.2600E-09 1.3509E-09
0.0000E+00 0.0000E+00 0.0000E+00 0.0000E+00 0.0000E+00 0.0000E+00 0.0000E+00 0.0000E+00 0.0000E+00 0.0000E+00 0.0000E+00 0.0000E+00 0.0000E+00 0.0000E+00 0.0000E+00 0.0000E+00 0.0000E+00 0.0000E+00 0.0000E+00 0.0000E+00 0.0000E+00 0.0000E+00 0.0000E+00 0.0000E+00 2.0039E-12 1.1962E-11 1.5110E-11 1.9634E-11 2.9939E-11 5.2615E-11 5.7183E-11 7.1031E-11 8.7830E-11 1.1286E-10 1.4658E-10 1.7719E-10 2.0019E-10 2.2567E-10 2.5415E-10 2.8624E-10 3.2023E-10 3.5855E-10 3.9897E-10 4.4272E-10 4.8855E-10 5.3781E-10 5.9031E-10 6.4629E-10 7.0564E-10 7.6865E-10 8.3456E-10 9.0472E-10 9.7859E-10 1.0562E-09 1.1367E-09 1.2217E-09 1.3102E-09
0.0000E+00 0.0000E+00 0.0000E+00 0.0000E+00 0.0000E+00 0.0000E+00 0.0000E+00 0.0000E+00 0.0000E+00 0.0000E+00 0.0000E+00 0.0000E+00 0.0000E+00 0.0000E+00 0.0000E+00 0.0000E+00 0.0000E+00 0.0000E+00 0.0000E+00 0.0000E+00 0.0000E+00 0.0000E+00 0.0000E+00 0.0000E+00 0.0000E+00 6.2870E-12 1.3413E-11 1.7599E-11 2.2195E-11 4.3202E-11 5.4713E-11 6.4505E-11 8.1971E-11 1.0534E-10 1.3129E-10 1.6984E-10 1.9273E-10 2.1740E-10 2.4502E-10 2.7615E-10 3.0907E-10 3.4503E-10 3.8538E-10 4.2780E-10 4.7216E-10 5.1982E-10 5.7065E-10 6.2491E-10 6.8246E-10 7.4349E-10 8.0745E-10 8.7559E-10 9.4734E-10 1.0227E-09 1.1017E-09 1.1837E-09 1.2699E-09
0.0000E+00 0.0000E+00 0.0000E+00 0.0000E+00 0.0000E+00 0.0000E+00 0.0000E+00 0.0000E+00 0.0000E+00 0.0000E+00 0.0000E+00 0.0000E+00 0.0000E+00 0.0000E+00 0.0000E+00 0.0000E+00 0.0000E+00 0.0000E+00 0.0000E+00 0.0000E+00 0.0000E+00 0.0000E+00 0.0000E+00 0.0000E+00 0.0000E+00 0.0000E+00 9.6668E-12 1.3796E-11 1.9264E-11 2.6150E-11 5.2352E-11 5.8555E-11 7.5523E-11 9.4917E-11 1.2294E-10 1.5694E-10 1.8476E-10 2.0864E-10 2.3557E-10 2.6511E-10 2.9814E-10 3.3297E-10 3.7142E-10 4.1246E-10 4.5598E-10 5.0212E-10 5.5131E-10 6.0380E-10 6.5955E-10 7.1876E-10 7.8069E-10 8.4680E-10 9.1646E-10 9.8964E-10 1.0665E-09 1.1461E-09 1.2301E-09
0.0000E+00 0.0000E+00 0.0000E+00 0.0000E+00 0.0000E+00 0.0000E+00 0.0000E+00 0.0000E+00 0.0000E+00 0.0000E+00 0.0000E+00 0.0000E+00 0.0000E+00 0.0000E+00 0.0000E+00 0.0000E+00 0.0000E+00 0.0000E+00 0.0000E+00 0.0000E+00 0.0000E+00 0.0000E+00 0.0000E+00 0.0000E+00 0.0000E+00 0.0000E+00 4.0812E-12 1.2048E-11 1.5361E-11 2.0269E-11 3.7744E-11 5.5166E-11 6.9809E-11 8.8682E-11 1.1461E-10 1.4524E-10 1.7547E-10 2.0008E-10 2.2563E-10 2.5440E-10 2.8625E-10 3.2112E-10 3.5778E-10 3.9744E-10 4.3949E-10 4.8465E-10 5.3225E-10 5.8307E-10 6.3697E-10 6.9368E-10 7.5434E-10 8.1844E-10 8.8599E-10 9.5706E-10 1.0316E-09 1.1090E-09 1.1906E-09
0.0000E+00 0.0000E+00 0.0000E+00 0.0000E+00 0.0000E+00 0.0000E+00 0.0000E+00 0.0000E+00 0.0000E+00 0.0000E+00 0.0000E+00 0.0000E+00 0.0000E+00 0.0000E+00 0.0000E+00 0.0000E+00 0.0000E+00 0.0000E+00 0.0000E+00 0.0000E+00 0.0000E+00 0.0000E+00 0.0000E+00 0.0000E+00 0.0000E+00 0.0000E+00 0.0000E+00 8.5128E-12 1.3741E-11 1.9416E-11 2.6736E-11 4.9850E-11 6.1441E-11 8.2190E-11 1.0523E-10 1.3517E-10 1.6571E-10 1.9185E-10 2.1647E-10 2.4504E-10 2.7585E-10 3.0834E-10 3.4493E-10 3.8323E-10 4.2388E-10 4.6753E-10 5.1350E-10 5.6263E-10 6.1484E-10 6.6965E-10 7.2840E-10 7.9051E-10 8.5598E-10 9.2495E-10 9.9725E-10 1.0724E-09 1.1516E-09
0.0000E+00 0.0000E+00 0.0000E+00 0.0000E+00 0.0000E+00 0.0000E+00 0.0000E+00 0.0000E+00 0.0000E+00 0.0000E+00 0.0000E+00 0.0000E+00 0.0000E+00 0.0000E+00 0.0000E+00 0.0000E+00 0.0000E+00 0.0000E+00 0.0000E+00 0.0000E+00 0.0000E+00 0.0000E+00 0.0000E+00 0.0000E+00 0.0000E+00 0.0000E+00 0.0000E+00 2.1366E-12 1.2157E-11 1.5757E-11 2.1963E-11 3.2101E-11 5.6555E-11 7.5874E-11 9.5502E-11 1.2613E-10 1.5739E-10 1.8385E-10 2.0759E-10 2.3480E-10 2.6456E-10 2.9704E-10 3.3235E-10 3.6931E-10 4.0853E-10 4.5071E-10 4.9514E-10 5.4255E-10 5.9304E-10 6.4606E-10 7.0293E-10 7.6304E-10 8.2650E-10 8.9330E-10 9.6349E-10 1.0363E-09 1.1133E-09
0.0000E+00 0.0000E+00 0.0000E+00 0.0000E+00 0.0000E+00 0.0000E+00 0.0000E+00 0.0000E+00 0.0000E+00 0.0000E+00 0.0000E+00 0.0000E+00 0.0000E+00 0.0000E+00 0.0000E+00 0.0000E+00 0.0000E+00 0.0000E+00 0.0000E+00 0.0000E+00 0.0000E+00 0.0000E+00 0.0000E+00 0.0000E+00 0.0000E+00 0.0000E+00 0.0000E+00 0.0000E+00 7.6670E-12 1.5193E-11 2.1243E-11 2.8567E-11 4.5976E-11 6.7167E-11 8.9709E-11 1.1856E-10 1.4765E-10 1.7377E-10 1.9895E-10 2.2486E-10 2.5352E-10 2.8483E-10 3.1883E-10 3.5569E-10 3.9353E-10 4.3421E-10 4.7709E-10 5.2230E-10 5.7167E-10 6.2291E-10 6.7791E-10 7.3607E-10 7.9753E-10 8.6149E-10 9.2958E-10 1.0008E-09 1.0755E-09
0.0000E+00 0.0000E+00 0.0000E+00 0.0000E+00 0.0000E+00 0.0000E+00 0.0000E+00 0.0000E+00 0.0000E+00 0.0000E+00 0.0000E+00 0.0000E+00 0.0000E+00 0.0000E+00 0.0000E+00 0.0000E+00 0.0000E+00 0.0000E+00 0.0000E+00 0.0000E+00 0.0000E+00 0.0000E+00 0.0000E+00 0.0000E+00 0.0000E+00 0.0000E+00 0.0000E+00 0.0000E+00 5.4542E-12 1.3674E-11 1.9630E-11 2.7673E-11 3.5575E-11 5.8821E-11 8.3017E-11 1.0715E-10 1.3691E-10 1.6682E-10 1.9133E-10 2.1559E-10 2.4283E-10 2.7407E-10 3.0682E-10 3.4112E-10 3.7884E-10 4.1747E-10 4.5942E-10 5.0305E-10 5.5016E-10 6.0025E-10 6.5338E-10 7.0965E-10 7.6908E-10 8.3102E-10 8.9691E-10 9.6597E-10 1.0383E-09
0.0000E+00 0.0000E+00 0.0000E+00 0.0000E+00 0.0000E+00 0.0000E+00 0.0000E+00 0.0000E+00 0.0000E+00 0.0000E+00 0.0000E+00 0.0000E+00 0.0000E+00 0.0000E+00 0.0000E+00 0.0000E+00 0.0000E+00 0.0000E+00 0.0000E+00 0.0000E+00 0.0000E+00 0.0000E+00 0.0000E+00 0.0000E+00 0.0000E+00 0.0000E+00 0.0000E+00 0.0000E+00 4.2692E-12 1.2275E-11 1.7096E-11 2.4478E-11 3.3090E-11 4.4423E-11 7.4611E-11 9.8146E-11 1.2837E-10 1.5841E-10 1.8255E-10 2.0581E-10 2.3238E-10 2.6241E-10 2.9396E-10 3.2815E-10 3.6388E-10 4.0169E-10 4.4221E-10 4.8423E-10 5.2969E-10 5.7806E-10 6.2938E-10 6.8310E-10 7.4119E-10 8.0112E-10 8.6484E-10 9.3175E-10 1.0018E-09
0.0000E+00 0.0000E+00 0.0000E+00 0.0000E+00 0.0000E+00 0.0000E+00 0.0000E+00 0.0000E+00 0.0000E+00 0.0000E+00 0.0000E+00 0.0000E+00 0.0000E+00 0.0000E+00 0.0000E+00 0.0000E+00 0.0000E+00 0.0000E+00 0.0000E+00 0.0000E+00 0.0000E+00 0.0000E+00 0.0000E+00 0.0000E+00 0.0000E+00 0.0000E+00 0.0000E+00 0.0000E+00 2.1359E-12 8.9486E-12 1.6546E-11 2.3686E-11 3.2019E-11 4.0669E-11 6.0582E-11 8.9664E-11 1.2064E-10 1.4768E-10 1.7305E-10 1.9708E-10 2.2224E-10 2.5113E-10 2.8137E-10 3.1430E-10 3.4991E-10 3.8630E-10 4.2477E-10 4.6521E-10 5.0973E-10 5.5570E-10 6.0594E-10 6.5777E-10 7.1331E-10 7.7182E-10 8.3348E-10 8.9818E-10 9.6534E-10
0.0000E+00 0.0000E+00 0.0000E+00 0.0000E+00 0.0000E+00 0.0000E+00 0.0000E+00 0.0000E+00 0.0000E+00 0.0000E+00 0.0000E+00 0.0000E+00 0.0000E+00 0.0000E+00 0.0000E+00 0.0000E+00 0.0000E+00 0.0000E+00 0.0000E+00 0.0000E+00 0.0000E+00 0.0000E+00 0.0000E+00 0.0000E+00 0.0000E+00 0.0000E+00 0.0000E+00 0.0000E+00 2.0639E-12 8.6537E-12 1.6006E-11 2.1993E-11 3.0527E-11 3.7543E-11 5.0641E-11 8.2542E-11 1.0808E-10 1.3958E-10 1.6631E-10 1.8864E-10 2.1204E-10 2.3903E-10 2.6919E-10 3.0199E-10 3.3563E-10 3.7069E-10 4.0836E-10 4.4731E-10 4.9023E-10 5.3456E-10 5.8241E-10 6.3302E-10 6.8667E-10 7.4316E-10 8.0278E-10 8.6531E-10 9.3025E-10
0.0000E+00 0.0000E+00 0.0000E+00 0.0000E+00 0.0000E+00 0.0000E+00 0.0000E+00 0.0000E+00 0.0000E+00 0.0000E+00 0.0000E+00 0.0000E+00 0.0000E+00 0.0000E+00 0.0000E+00 0.0000E+00 0.0000E+00 0.0000E+00 0.0000E+00 0.0000E+00 0.0000E+00 0.0000E+00 0.0000E+00 0.0000E+00 0.0000E+00 0.0000E+00 0.0000E+00 0.0000E+00 1.9933E-12 7.3947E-12 1.4545E-11 1.9420E-11 2.7281E-11 3.5861E-11 4.6446E-11 6.7295E-11 1.0152E-10 1.3030E-10 1.5530E-10 1.7895E-10 2.0211E-10 2.2785E-10 2.5732E-10 2.8885E-10 3.2181E-10 3.5611E-10 3.9177E-10 4.2990E-10 4.7061E-10 5.1396E-10 5.6007E-10 6.0892E-10 6.6064E-10 7.1521E-10 7.7206E-10 8.3318E-10 8.9591E-10
0.0000E+00 0.0000E+00 0.0000E+00 0.0000E+00 0.0000E+00 0.0000E+00 0.0000E+00 0.0000E+00 0.0000E+00 0.0000E+00 0.0000E+00 0.0000E+00 0.0000E+00 0.0000E+00 0.0000E+00 0.0000E+00 0.0000E+00 0.0000E+00 0.0000E+00 0.0000E+00 0.0000E+00 0.0000E+00 0.0000E+00 0.0000E+00 0.0000E+00 0.0000E+00 0.0000E+00 0.0000E+00 0.0000E+00 5.2258E-12 1.3125E-11 1.8764E-11 2.6358E-11 3.4652E-11 4.3185E-11 6.2273E-11 8.7700E-11 1.1925E-10 1.4804E-10 1.7186E-10 1.9406E-10 2.1818E-10 2.4528E-10 2.7611E-10 3.0775E-10 3.4137E-10 3.7625E-10 4.1294E-10 4.5214E-10 4.9391E-10 5.3764E-10 5.8541E-10 6.3458E-10 6.8792E-10 7.4276E-10 8.0113E-10 8.6163E-10
0.0000E+00 0.0000E+00 0.0000E+00 0.0000E+00 0.0000E+00 0.0000E+00 0.0000E+00 0.0000E+00 0.0000E+00 0.0000E+00 0.0000E+00 0.0000E+00 0.0000E+00 0.0000E+00 0.0000E+00 0.0000E+00 0.0000E+00 0.0000E+00 0.0000E+00 0.0000E+00 0.0000E+00 0.0000E+00 0.0000E+00 0.0000E+00 0.0000E+00 0.0000E+00 0.0000E+00 0.0000E+00 0.0000E+00 4.0802E-12 1.1752E-11 1.6287E-11 2.4142E-11 3.1748E-11 3.9577E-11 5.5371E-11 7.9165E-11 1.1065E-10 1.4090E-10 1.6170E-10 1.8327E-10 2.0636E-10 2.3258E-10 2.6316E-10 2.9413E-10 3.2703E-10 3.6055E-10 3.9646E-10 4.3356E-10 4.7438E-10 5.1652E-10 5.6251E-10 6.0992E-10 6.6068E-10 7.1349E-10 7.7049E-10 8.2886E-10
0.0000E+00 0.0000E+00 0.0000E+00 0.0000E+00 0.0000E+00 0.0000E+00 0.0000E+00 0.0000E+00 0.0000E+00 0.0000E+00 0.0000E+00 0.0000E+00 0.0000E+00 0.0000E+00 0.0000E+00 0.0000E+00 0.0000E+00 0.0000E+00 0.0000E+00 0.0000E+00 0.0000E+00 0.0000E+00 0.0000E+00 0.0000E+00 0.0000E+00 0.0000E+00 0.0000E+00 0.0000E+00 0.0000E+00 2.0273E-12 1.0417E-11 1.5723E-11 2.2425E-11 3.0228E-11 3.7808E-11 5.1045E-11 7.1019E-11 9.7758E-11 1.2892E-10 1.5409E-10 1.7591E-10 1.9801E-10 2.2198E-10 2.5072E-10 2.8091E-10 3.1373E-10 3.4528E-10 3.8048E-10 4.1549E-10 4.5481E-10 4.9530E-10 5.3961E-10 5.8522E-10 6.3479E-10 6.8568E-10 7.4063E-10 7.9690E-10
0.0000E+00 0.0000E+00 0.0000E+00 0.0000E+00 0.0000E+00 0.0000E+00 0.0000E+00 0.0000E+00 0.0000E+00 0.0000E+00 0.0000E+00 0.0000E+00 0.0000E+00 0.0000E+00 0.0000E+00 0.0000E+00 0.0000E+00 0.0000E+00 0.0000E+00 0.0000E+00 0.0000E+00 0.0000E+00 0.0000E+00 0.0000E+00 0.0000E+00 0.0000E+00 0.0000E+00 0.0000E+00 0.0000E+00 1.9540E-12 8.2097E-12 1.4256E-11 2.0770E-11 2.8747E-11 3.5661E-11 4.7662E-11 6.7486E-11 9.0679E-11 1.1949E-10 1.4648E-10 1.6582E-10 1.8696E-10 2.0986E-10 2.3698E-10 2.6819E-10 2.9968E-10 3.3115E-10 3.6441E-10 3.9862E-10 4.3644E-10 4.7535E-10 5.1802E-10 5.6188E-10 6.0897E-10 6.5861E-10 7.1089E-10 7.6580E-10
0.0000E+00 0.0000E+00 0.0000E+00 0.0000E+00 0.0000E+00 0.0000E+00 0.0000E+00 0.0000E+00 0.0000E+00 0.0000E+00 0.0000E+00 0.0000E+00 0.0000E+00 0.0000E+00 0.0000E+00 0.0000E+00 0.0000E+00 0.0000E+00 0.0000E+00 0.0000E+00 0.0000E+00 0.0000E+00 0.0000E+00 0.0000E+00 0.0000E+00 0.0000E+00 0.0000E+00 0.0000E+00 0.0000E+00 0.0000E+00 6.9950E-12 1.3751E-11 1.8275E-11 2.5596E-11 3.3575E-11 4.2136E-11 6.1865E-11 8.3171E-11 1.0751E-10 1.3555E-10 1.5913E-10 1.7934E-10 2.0128E-10 2.2503E-10 2.5413E-10 2.8605E-10 3.1690E-10 3.4881E-10 3.8227E-10 4.1801E-10 4.5600E-10 4.9643E-10 5.3923E-10 5.8453E-10 6.3231E-10 6.8194E-10 7.3550E-10
0.0000E+00 0.0000E+00 0.0000E+00 0.0000E+00 0.0000E+00 0.0000E+00 0.0000E+00 0.0000E+00 0.0000E+00 0.0000E+00 0.0000E+00 0.0000E+00 0.0000E+00 0.0000E+00 0.0000E+00 0.0000E+00 0.0000E+00 0.0000E+00 0.0000E+00 0.0000E+00 0.0000E+00 0.0000E+00 0.0000E+00 0.0000E+00 0.0000E+00 0.0000E+00 0.0000E+00 0.0000E+00 0.0000E+00 0.0000E+00 4.9145E-12 1.1466E-11 1.6733E-11 2.4677E-11 3.1963E-11 3.9792E-11 5.4758E-11 7.5957E-11 9.9166E-11 1.2730E-10 1.4975E-10 1.6907E-10 1.9001E-10 2.1269E-10 2.3954E-10 2.7174E-10 3.0310E-10 3.3369E-10 3.6647E-10 4.0013E-10 4.3730E-10 4.7547E-10 5.1727E-10 5.6015E-10 6.0675E-10 6.5452E-10 7.0604E-10
0.0000E+00 0.0000E+00 0.0000E+00 0.0000E+00 0.0000E+00 0.0000E+00 0.0000E+00 0.0000E+00 0.0000E+00 0.0000E+00 0.0000E+00 0.0000E+00 0.0000E+00 0.0000E+00 0.0000E+00 0.0000E+00 0.0000E+00 0.0000E+00 0.0000E+00 0.0000E+00 0.0000E+00 0.0000E+00 0.0000E+00 0.0000E+00 0.0000E+00 0.0000E+00 0.0000E+00 0.0000E+00 0.0000E+00 0.0000E+00 3.8294E-12 1.1051E-11 1.5249E-11 2.1681E-11 2.9155E-11 3.7188E-11 5.0372E-11 7.0162E-11 9.0766E-11 1.1707E-10 1.4338E-10 1.6143E-10 1.8144E-10 2.0311E-10 2.2738E-10 2.5799E-10 2.8919E-10 3.1907E-10 3.5118E-10 3.8281E-10 4.1917E-10 4.5515E-10 4.9535E-10 5.3650E-10 5.8134E-10 6.2720E-10 6.7681E-10
0.0000E+00 0.0000E+00 0.0000E+00 0.0000E+00 0.0000E+00 0.0000E+00 0.0000E+00 0.0000E+00 0.0000E+00 0.0000E+00 0.0000E+00 0.0000E+00 0.0000E+00 0.0000E+00 0.0000E+00 0.0000E+00 0.0000E+00 0.0000E+00 0.0000E+00 0.0000E+00 0.0000E+00 0.0000E+00 0.0000E+00 0.0000E+00 0.0000E+00 0.0000E+00 0.0000E+00 0.0000E+00 0.0000E+00 0.0000E+00 1.8910E-12 9.7667E-12 1.4690E-11 2.0045E-11 2.8089E-11 3.5059E-11 4.4150E-11 6.4885E-11 8.3762E-11 1.0815E-10 1.3277E-10 1.5272E-10 1.7185E-10 1.9255E-10 2.1491E-10 2.4080E-10 2.7513E-10 3.0562E-10 3.3519E-10 3.6677E-10 4.0041E-10 4.3618E-10 4.7412E-10 5.1428E-10 5.5671E-10 6.0140E-10 6.4845E-10
