Assets/Resources/2015_m01_d17_0700(utc+0800)_l00_csi_1hr_conc.grd
DSAA
         159         159
     -79.000      79.000
     -79.000      79.000
  0.0000E+00  0.1062E-04
[rows 0 to 24 of 159, columns 57 to 113 of 159]
6.2553E-10 6.8871E-10 7.5782E-10 8.3254E-10 9.1398E-10 1.0012E-09 1.0931E-09 1.1904E-09 1.2897E-09 1.3917E-09 1.4930E-09 1.5952E-09 1.6965E-09 1.7982E-09 1.8967E-09 1.9939E-09 2.0884E-09 2.1795E-09 2.2669E-09 2.3503E-09 2.4300E-09 2.5031E-09 2.5720E-09 2.6358E-09 2.6932E-09 2.7448E-09 2.7897E-09 2.8290E-09 2.8611E-09 2.8873E-09 2.9072E-09 2.9195E-09 2.9250E-09 2.9239E-09 2.9159E-09 2.9008E-09 2.8793E-09 2.8514E-09 2.8170E-09 2.7765E-09 2.7300E-09 2.6779E-09 2.6205E-09 2.5582E-09 2.4913E-09 2.4202E-09 2.3454E-09 2.2673E-09 2.1864E-09 2.1031E-09 2.0179E-09 1.9312E-09 1.8437E-09 1.7557E-09 1.6677E-09 1.5802E-09 1.4940E-09
6.4858E-10 7.1414E-10 7.8430E-10 8.6083E-10 9.4425E-10 1.0334E-09 1.1289E-09 1.2291E-09 1.3337E-09 1.4384E-09 1.5447E-09 1.6510E-09 1.7584E-09 1.8635E-09 1.9687E-09 2.0698E-09 2.1700E-09 2.2649E-09 2.3581E-09 2.4459E-09 2.5291E-09 2.6069E-09 2.6800E-09 2.7472E-09 2.8075E-09 2.8626E-09 2.9106E-09 2.9535E-09 2.9883E-09 3.0166E-09 3.0380E-09 3.0518E-09 3.0591E-09 3.0590E-09 3.0515E-09 3.0371E-09 3.0158E-09 2.9878E-09 2.9531E-09 2.9118E-09 2.8641E-09 2.8105E-09 2.7512E-09 2.6867E-09 2.6173E-09 2.5434E-09 2.4655E-09 2.3839E-09 2.2993E-09 2.2123E-09 2.1232E-09 2.0326E-09 1.9408E-09 1.8485E-09 1.7561E-09 1.6641E-09 1.5731E-09
6.7105E-10 7.3848E-10 8.1086E-10 8.8873E-10 9.7348E-10 1.0642E-09 1.1624E-09 1.2668E-09 1.3741E-09 1.4832E-09 1.5933E-09 1.7056E-09 1.8163E-09 1.9281E-09 2.0363E-09 2.1443E-09 2.2485E-09 2.3502E-09 2.4461E-09 2.5385E-09 2.6271E-09 2.7095E-09 2.7855E-09 2.8566E-09 2.9210E-09 2.9803E-09 3.0317E-09 3.0768E-09 3.1142E-09 3.1453E-09 3.1685E-09 3.1846E-09 3.1939E-09 3.1953E-09 3.1890E-09 3.1751E-09 3.1541E-09 3.1259E-09 3.0906E-09 3.0485E-09 2.9997E-09 2.9447E-09 2.8837E-09 2.8170E-09 2.7452E-09 2.6686E-09 2.5878E-09 2.5031E-09 2.4151E-09 2.3242E-09 2.2311E-09 2.1364E-09 2.0404E-09 1.9436E-09 1.8469E-09 1.7504E-09 1.6546E-09
6.9204E-10 7.6134E-10 8.3602E-10 9.1759E-10 1.0032E-09 1.0961E-09 1.1972E-09 1.3036E-09 1.4146E-09 1.5274E-09 1.6435E-09 1.7592E-09 1.8767E-09 1.9917E-09 2.1071E-09 2.2193E-09 2.3298E-09 2.4358E-09 2.5387E-09 2.6352E-09 2.7277E-09 2.8149E-09 2.8959E-09 2.9720E-09 3.0410E-09 3.1031E-09 3.1588E-09 3.2070E-09 3.2483E-09 3.2829E-09 3.3090E-09 3.3274E-09 3.3384E-09 3.3414E-09 3.3363E-09 3.3237E-09 3.3035E-09 3.2756E-09 3.2402E-09 3.1976E-09 3.1481E-09 3.0918E-09 3.0292E-09 2.9606E-09 2.8864E-09 2.8071E-09 2.7232E-09 2.6352E-09 2.5435E-09 2.4489E-09 2.3517E-09 2.2525E-09 2.1520E-09 2.0508E-09 1.9489E-09 1.8476E-09 1.7470E-09
7.1153E-10 7.8292E-10 8.6139E-10 9.4346E-10 1.0310E-09 1.1254E-09 1.2281E-09 1.3374E-09 1.4500E-09 1.5669E-09 1.6867E-09 1.8087E-09 1.9291E-09 2.0508E-09 2.1713E-09 2.2886E-09 2.4030E-09 2.5151E-09 2.6220E-09 2.7243E-09 2.8205E-09 2.9134E-09 2.9992E-09 3.0784E-09 3.1518E-09 3.2174E-09 3.2780E-09 3.3297E-09 3.3742E-09 3.4112E-09 3.4397E-09 3.4608E-09 3.4739E-09 3.4783E-09 3.4746E-09 3.4628E-09 3.4433E-09 3.4158E-09 3.3805E-09 3.3375E-09 3.2872E-09 3.2298E-09 3.1657E-09 3.0952E-09 3.0188E-09 2.9370E-09 2.8502E-09 2.7590E-09 2.6640E-09 2.5659E-09 2.4650E-09 2.3620E-09 2.2573E-09 2.1516E-09 2.0454E-09 1.9393E-09 1.8340E-09
7.2999E-10 8.0501E-10 8.8367E-10 9.6922E-10 1.0592E-09 1.1549E-09 1.2590E-09 1.3702E-09 1.4857E-09 1.6065E-09 1.7314E-09 1.8563E-09 1.9834E-09 2.1104E-09 2.2351E-09 2.3578E-09 2.4788E-09 2.5952E-09 2.7075E-09 2.8162E-09 2.9179E-09 3.0149E-09 3.1060E-09 3.1899E-09 3.2691E-09 3.3394E-09 3.4035E-09 3.4590E-09 3.5078E-09 3.5477E-09 3.5794E-09 3.6034E-09 3.6189E-09 3.6258E-09 3.6241E-09 3.6141E-09 3.5957E-09 3.5690E-09 3.5340E-09 3.4909E-09 3.4401E-09 3.3817E-09 3.3162E-09 3.2440E-09 3.1654E-09 3.0810E-09 2.9912E-09 2.8967E-09 2.7981E-09 2.6957E-09 2.5905E-09 2.4830E-09 2.3738E-09 2.2636E-09 2.1529E-09 2.0421E-09 1.9317E-09
7.4836E-10 8.2362E-10 9.0538E-10 9.9154E-10 1.0836E-09 1.1809E-09 1.2873E-09 1.3992E-09 1.5161E-09 1.6394E-09 1.7679E-09 1.8988E-09 2.0307E-09 2.1622E-09 2.2930E-09 2.4212E-09 2.5452E-09 2.6667E-09 2.7854E-09 2.8984E-09 3.0061E-09 3.1071E-09 3.2045E-09 3.2935E-09 3.3760E-09 3.4513E-09 3.5191E-09 3.5785E-09 3.6310E-09 3.6747E-09 3.7100E-09 3.7369E-09 3.7550E-09 3.7640E-09 3.7640E-09 3.7554E-09 3.7379E-09 3.7118E-09 3.6771E-09 3.6340E-09 3.5827E-09 3.5235E-09 3.4568E-09 3.3830E-09 3.3025E-09 3.2159E-09 3.1237E-09 3.0265E-09 2.9248E-09 2.8193E-09 2.7103E-09 2.5987E-09 2.4851E-09 2.3698E-09 2.2541E-09 2.1382E-09 2.0230E-09
7.6421E-10 8.4210E-10 9.2413E-10 1.0123E-09 1.1090E-09 1.2086E-09 1.3173E-09 1.4301E-09 1.5498E-09 1.6768E-09 1.8086E-09 1.9441E-09 2.0808E-09 2.2181E-09 2.3535E-09 2.4871E-09 2.6192E-09 2.7461E-09 2.8694E-09 2.9885E-09 3.1036E-09 3.2109E-09 3.3130E-09 3.4084E-09 3.4961E-09 3.5770E-09 3.6500E-09 3.7151E-09 3.7723E-09 3.8201E-09 3.8593E-09 3.8897E-09 3.9109E-09 3.9230E-09 3.9259E-09 3.9199E-09 3.9045E-09 3.8799E-09 3.8462E-09 3.8035E-09 3.7520E-09 3.6923E-09 3.6245E-09 3.5492E-09 3.4667E-09 3.3777E-09 3.2826E-09 3.1820E-09 3.0767E-09 2.9671E-09 2.8539E-09 2.7377E-09 2.6192E-09 2.4990E-09 2.3777E-09 2.2561E-09 2.1345E-09
7.7976E-10 8.5755E-10 9.4241E-10 1.0339E-09 1.1292E-09 1.2312E-09 1.3406E-09 1.4558E-09 1.5776E-09 1.7062E-09 1.8404E-09 1.9788E-09 2.1199E-09 2.2607E-09 2.4009E-09 2.5407E-09 2.6771E-09 2.8102E-09 2.9391E-09 3.0642E-09 3.1838E-09 3.2975E-09 3.4041E-09 3.5051E-09 3.5979E-09 3.6844E-09 3.7619E-09 3.8313E-09 3.8920E-09 3.9441E-09 3.9879E-09 4.0223E-09 4.0472E-09 4.0623E-09 4.0678E-09 4.0638E-09 4.0500E-09 4.0265E-09 3.9937E-09 3.9515E-09 3.9005E-09 3.8406E-09 3.7724E-09 3.6961E-09 3.6123E-09 3.5214E-09 3.4239E-09 3.3205E-09 3.2115E-09 3.0979E-09 2.9802E-09 2.8593E-09 2.7361E-09 2.6112E-09 2.4853E-09 2.3590E-09 2.2328E-09
7.9204E-10 8.7233E-10 9.5937E-10 1.0501E-09 1.1497E-09 1.2541E-09 1.3662E-09 1.4824E-09 1.6058E-09 1.7372E-09 1.8746E-09 2.0165E-09 2.1605E-09 2.3061E-09 2.4529E-09 2.5974E-09 2.7398E-09 2.8804E-09 3.0161E-09 3.1461E-09 3.2723E-09 3.3927E-09 3.5057E-09 3.6133E-09 3.7124E-09 3.8039E-09 3.8873E-09 3.9634E-09 4.0303E-09 4.0878E-09 4.1360E-09 4.1747E-09 4.2037E-09 4.2228E-09 4.2319E-09 4.2309E-09 4.2199E-09 4.1987E-09 4.1678E-09 4.1269E-09 4.0765E-09 4.0168E-09 3.9480E-09 3.8705E-09 3.7848E-09 3.6914E-09 3.5909E-09 3.4840E-09 3.3712E-09 3.2534E-09 3.1313E-09 3.0056E-09 2.8769E-09 2.7460E-09 2.6138E-09 2.4813E-09 2.3492E-09
8.0410E-10 8.8659E-10 9.7255E-10 1.0678E-09 1.1659E-09 1.2718E-09 1.3853E-09 1.5041E-09 1.6291E-09 1.7613E-09 1.9004E-09 2.0431E-09 2.1898E-09 2.3403E-09 2.4904E-09 2.6398E-09 2.7887E-09 2.9337E-09 3.0750E-09 3.2114E-09 3.3428E-09 3.4692E-09 3.5880E-09 3.7001E-09 3.8054E-09 3.9034E-09 3.9924E-09 4.0730E-09 4.1447E-09 4.2072E-09 4.2603E-09 4.3035E-09 4.3370E-09 4.3602E-09 4.3731E-09 4.3756E-09 4.3676E-09 4.3489E-09 4.3199E-09 4.2803E-09 4.2306E-09 4.1709E-09 4.1016E-09 4.0231E-09 3.9359E-09 3.8405E-09 3.7375E-09 3.6277E-09 3.5116E-09 3.3901E-09 3.2639E-09 3.1338E-09 3.0007E-09 2.8652E-09 2.7283E-09 2.5903E-09 2.4523E-09
8.1348E-10 8.9652E-10 9.8669E-10 1.0798E-09 1.1787E-09 1.2875E-09 1.4024E-09 1.5227E-09 1.6506E-09 1.7847E-09 1.9249E-09 2.0691E-09 2.2197E-09 2.3728E-09 2.5279E-09 2.6828E-09 2.8360E-09 2.9868E-09 3.1342E-09 3.2775E-09 3.4147E-09 3.5461E-09 3.6723E-09 3.7913E-09 3.9026E-09 4.0061E-09 4.1014E-09 4.1882E-09 4.2660E-09 4.3346E-09 4.3936E-09 4.4426E-09 4.4814E-09 4.5095E-09 4.5270E-09 4.5348E-09 4.5310E-09 4.5159E-09 4.4893E-09 4.4513E-09 4.4024E-09 4.3430E-09 4.2735E-09 4.1941E-09 4.1054E-09 4.0080E-09 3.9022E-09 3.7888E-09 3.6686E-09 3.5424E-09 3.4111E-09 3.2754E-09 3.1370E-09 2.9962E-09 2.8537E-09 2.7103E-09 2.5669E-09
8.2120E-10 9.0765E-10 9.9595E-10 1.0898E-09 1.1909E-09 1.3000E-09 1.4173E-09 1.5388E-09 1.6680E-09 1.8035E-09 1.9437E-09 2.0902E-09 2.2421E-09 2.3988E-09 2.5569E-09 2.7158E-09 2.8733E-09 3.0288E-09 3.1819E-09 3.3297E-09 3.4734E-09 3.6116E-09 3.7431E-09 3.8679E-09 3.9855E-09 4.0955E-09 4.1973E-09 4.2905E-09 4.3747E-09 4.4496E-09 4.5145E-09 4.5710E-09 4.6168E-09 4.6498E-09 4.6714E-09 4.6816E-09 4.6801E-09 4.6669E-09 4.6421E-09 4.6058E-09 4.5580E-09 4.4992E-09 4.4296E-09 4.3497E-09 4.2600E-09 4.1610E-09 4.0534E-09 3.9378E-09 3.8150E-09 3.6859E-09 3.5513E-09 3.4120E-09 3.2683E-09 3.1215E-09 2.9727E-09 2.8229E-09 2.6739E-09
8.2832E-10 9.1451E-10 1.0029E-09 1.0988E-09 1.1988E-09 1.3117E-09 1.4290E-09 1.5530E-09 1.6837E-09 1.8208E-09 1.9640E-09 2.1115E-09 2.2655E-09 2.4232E-09 2.5844E-09 2.7475E-09 2.9108E-09 3.0712E-09 3.2289E-09 3.3844E-09 3.5340E-09 3.6785E-09 3.8170E-09 3.9491E-09 4.0741E-09 4.1916E-09 4.3008E-09 4.4013E-09 4.4944E-09 4.5780E-09 4.6494E-09 4.7101E-09 4.7597E-09 4.7979E-09 4.8248E-09 4.8405E-09 4.8437E-09 4.8345E-09 4.8128E-09 4.7787E-09 4.7324E-09 4.6744E-09 4.6049E-09 4.5244E-09 4.4332E-09 4.3319E-09 4.2215E-09 4.1025E-09 3.9756E-09 3.8417E-09 3.7022E-09 3.5581E-09 3.4099E-09 3.2584E-09 3.1048E-09 2.9494E-09 2.7931E-09
8.3215E-10 9.1901E-10 1.0096E-09 1.1039E-09 1.2061E-09 1.3205E-09 1.4386E-09 1.5637E-09 1.6954E-09 1.8336E-09 1.9776E-09 2.1273E-09 2.2808E-09 2.4400E-09 2.6035E-09 2.7697E-09 2.9357E-09 3.1025E-09 3.2658E-09 3.4260E-09 3.5820E-09 3.7332E-09 3.8787E-09 4.0179E-09 4.1500E-09 4.2744E-09 4.3944E-09 4.5020E-09 4.6002E-09 4.6883E-09 4.7663E-09 4.8354E-09 4.8920E-09 4.9356E-09 4.9670E-09 4.9864E-09 4.9939E-09 4.9883E-09 4.9697E-09 4.9382E-09 4.8938E-09 4.8370E-09 4.7680E-09 4.6874E-09 4.5958E-09 4.4934E-09 4.3810E-09 4.2594E-09 4.1296E-09 3.9922E-09 3.8478E-09 3.6977E-09 3.5436E-09 3.3860E-09 3.2268E-09 3.0666E-09 2.9059E-09
8.3397E-10 9.2155E-10 1.0122E-09 1.1086E-09 1.2116E-09 1.3267E-09 1.4470E-09 1.5729E-09 1.7043E-09 1.8436E-09 1.9891E-09 2.1384E-09 2.2932E-09 2.4534E-09 2.6188E-09 2.7864E-09 2.9575E-09 3.1276E-09 3.2965E-09 3.4627E-09 3.6251E-09 3.7829E-09 3.9352E-09 4.0812E-09 4.2242E-09 4.3561E-09 4.4797E-09 4.5944E-09 4.7029E-09 4.7987E-09 4.8832E-09 4.9566E-09 5.0202E-09 5.0708E-09 5.1085E-09 5.1337E-09 5.1454E-09 5.1436E-09 5.1281E-09 5.0991E-09 5.0567E-09 5.0011E-09 4.9325E-09 4.8517E-09 4.7587E-09 4.6544E-09 4.5396E-09 4.4150E-09 4.2816E-09 4.1413E-09 3.9940E-09 3.8407E-09 3.6821E-09 3.5197E-09 3.3535E-09 3.1861E-09 3.0184E-09
8.3407E-10 9.2203E-10 1.0146E-09 1.1093E-09 1.2124E-09 1.3305E-09 1.4501E-09 1.5768E-09 1.7103E-09 1.8492E-09 1.9961E-09 2.1465E-09 2.3029E-09 2.4646E-09 2.6299E-09 2.8012E-09 2.9741E-09 3.1482E-09 3.3220E-09 3.4937E-09 3.6623E-09 3.8265E-09 3.9893E-09 4.1428E-09 4.2895E-09 4.4296E-09 4.5639E-09 4.6863E-09 4.7989E-09 4.9041E-09 4.9980E-09 5.0806E-09 5.1496E-09 5.2054E-09 5.2482E-09 5.2784E-09 5.2953E-09 5.2986E-09 5.2875E-09 5.2619E-09 5.2219E-09 5.1678E-09 5.1000E-09 5.0188E-09 4.9248E-09 4.8191E-09 4.7019E-09 4.5745E-09 4.4383E-09 4.2928E-09 4.1406E-09 3.9822E-09 3.8189E-09 3.6524E-09 3.4829E-09 3.3108E-09 3.1374E-09
8.3227E-10 9.2034E-10 1.0132E-09 1.1089E-09 1.2120E-09 1.3320E-09 1.4521E-09 1.5780E-09 1.7124E-09 1.8536E-09 2.0004E-09 2.1521E-09 2.3099E-09 2.4732E-09 2.6400E-09 2.8114E-09 2.9866E-09 3.1639E-09 3.3418E-09 3.5188E-09 3.6933E-09 3.8680E-09 4.0343E-09 4.1955E-09 4.3533E-09 4.5004E-09 4.6396E-09 4.7745E-09 4.8982E-09 5.0087E-09 5.1082E-09 5.1971E-09 5.2761E-09 5.3408E-09 5.3918E-09 5.4282E-09 5.4500E-09 5.4568E-09 5.4487E-09 5.4254E-09 5.3872E-09 5.3343E-09 5.2670E-09 5.1860E-09 5.0917E-09 4.9848E-09 4.8662E-09 4.7376E-09 4.5984E-09 4.4502E-09 4.2937E-09 4.1301E-09 3.9606E-09 3.7870E-09 3.6110E-09 3.4337E-09 3.2559E-09
8.2873E-10 9.1671E-10 1.0098E-09 1.1052E-09 1.2107E-09 1.3298E-09 1.4504E-09 1.5782E-09 1.7119E-09 1.8543E-09 2.0020E-09 2.1550E-09 2.3140E-09 2.4772E-09 2.6455E-09 2.8182E-09 2.9952E-09 3.1752E-09 3.3568E-09 3.5422E-09 3.7227E-09 3.9002E-09 4.0776E-09 4.2459E-09 4.4079E-09 4.5700E-09 4.7184E-09 4.8571E-09 4.9871E-09 5.1113E-09 5.2228E-09 5.3207E-09 5.4042E-09 5.4740E-09 5.5299E-09 5.5719E-09 5.5992E-09 5.6113E-09 5.6077E-09 5.5882E-09 5.5531E-09 5.5024E-09 5.4366E-09 5.3562E-09 5.2615E-09 5.1539E-09 5.0339E-09 4.9014E-09 4.7590E-09 4.6069E-09 4.4462E-09 4.2798E-09 4.1066E-09 3.9285E-09 3.7460E-09 3.5607E-09 3.3747E-09
8.2307E-10 9.1112E-10 1.0055E-09 1.1006E-09 1.2061E-09 1.3269E-09 1.4463E-09 1.5747E-09 1.7105E-09 1.8521E-09 2.0009E-09 2.1547E-09 2.3134E-09 2.4779E-09 2.6476E-09 2.8220E-09 3.0004E-09 3.1827E-09 3.3714E-09 3.5576E-09 3.7474E-09 3.9315E-09 4.1119E-09 4.2955E-09 4.4660E-09 4.6296E-09 4.7894E-09 4.9438E-09 5.0835E-09 5.2112E-09 5.3275E-09 5.4337E-09 5.5286E-09 5.6086E-09 5.6728E-09 5.7212E-09 5.7538E-09 5.7703E-09 5.7708E-09 5.7551E-09 5.7232E-09 5.6753E-09 5.6116E-09 5.5323E-09 5.4380E-09 5.3296E-09 5.2073E-09 5.0727E-09 4.9260E-09 4.7693E-09 4.6040E-09 4.4307E-09 4.2519E-09 4.0685E-09 3.8823E-09 3.6925E-09 3.5004E-09
8.1554E-10 9.0354E-10 9.9801E-10 1.0940E-09 1.2007E-09 1.3203E-09 1.4414E-09 1.5701E-09 1.7050E-09 1.8474E-09 1.9953E-09 2.1501E-09 2.3097E-09 2.4754E-09 2.6464E-09 2.8225E-09 3.0028E-09 3.1910E-09 3.3789E-09 3.5732E-09 3.7640E-09 3.9565E-09 4.1497E-09 4.3335E-09 4.5169E-09 4.6965E-09 4.8617E-09 5.0182E-09 5.1685E-09 5.3115E-09 5.4384E-09 5.5511E-09 5.6505E-09 5.7357E-09 5.8061E-09 5.8621E-09 5.9018E-09 5.9252E-09 5.9315E-09 5.9205E-09 5.8923E-09 5.8468E-09 5.7844E-09 5.7059E-09 5.6117E-09 5.5025E-09 5.3796E-09 5.2438E-09 5.0962E-09 4.9368E-09 4.7677E-09 4.5898E-09 4.4046E-09 4.2135E-09 4.0184E-09 3.8217E-09 3.6246E-09
8.0622E-10 8.9529E-10 9.9115E-10 1.0869E-09 1.1949E-09 1.3132E-09 1.4345E-09 1.5636E-09 1.6989E-09 1.8401E-09 1.9886E-09 2.1425E-09 2.3029E-09 2.4696E-09 2.6421E-09 2.8197E-09 3.0064E-09 3.1932E-09 3.3880E-09 3.5817E-09 3.7813E-09 3.9812E-09 4.1755E-09 4.3794E-09 4.5665E-09 4.7474E-09 4.9303E-09 5.0991E-09 5.2556E-09 5.4016E-09 5.5366E-09 5.6618E-09 5.7743E-09 5.8714E-09 5.9525E-09 6.0167E-09 6.0638E-09 6.0931E-09 6.1046E-09 6.0981E-09 6.0735E-09 6.0306E-09 5.9700E-09 5.8919E-09 5.7967E-09 5.6855E-09 5.5592E-09 5.4188E-09 5.2659E-09 5.1029E-09 4.9305E-09 4.7496E-09 4.5605E-09 4.3646E-09 4.1627E-09 3.9571E-09 3.7497E-09
7.9629E-10 8.8536E-10 9.8142E-10 1.0783E-09 1.1845E-09 1.3043E-09 1.4256E-09 1.5533E-09 1.6888E-09 1.8304E-09 1.9777E-09 2.1320E-09 2.2932E-09 2.4609E-09 2.6356E-09 2.8184E-09 3.0074E-09 3.1973E-09 3.3935E-09 3.5919E-09 3.7957E-09 4.0051E-09 4.2104E-09 4.4094E-09 4.6161E-09 4.8071E-09 4.9907E-09 5.1664E-09 5.3396E-09 5.5024E-09 5.6504E-09 5.7836E-09 5.9022E-09 6.0060E-09 6.0939E-09 6.1652E-09 6.2190E-09 6.2549E-09 6.2724E-09 6.2710E-09 6.2507E-09 6.2116E-09 6.1539E-09 6.0780E-09 5.9844E-09 5.8737E-09 5.7466E-09 5.6041E-09 5.4483E-09 5.2793E-09 5.0992E-09 4.9105E-09 4.7150E-09 4.5136E-09 4.3074E-09 4.0968E-09 3.8825E-09
7.8383E-10 8.7386E-10 9.7006E-10 1.0664E-09 1.1750E-09 1.2919E-09 1.4133E-09 1.5410E-09 1.6750E-09 1.8167E-09 1.9641E-09 2.1189E-09 2.2807E-09 2.4500E-09 2.6286E-09 2.8143E-09 3.0018E-09 3.1984E-09 3.3950E-09 3.6015E-09 3.8122E-09 4.0232E-09 4.2422E-09 4.4498E-09 4.6540E-09 4.8561E-09 5.0615E-09 5.2510E-09 5.4288E-09 5.5963E-09 5.7520E-09 5.8966E-09 6.0282E-09 6.1444E-09 6.2436E-09 6.3247E-09 6.3873E-09 6.4306E-09 6.4540E-09 6.4573E-09 6.4405E-09 6.4036E-09 6.3464E-09 6.2698E-09 6.1747E-09 6.0618E-09 5.9331E-09 5.7896E-09 5.6320E-09 5.4606E-09 5.2769E-09 5.0819E-09 4.8776E-09 4.6663E-09 4.4512E-09 4.2334E-09 4.0142E-09
7.7096E-10 8.6092E-10 9.5855E-10 1.0529E-09 1.1612E-09 1.2795E-09 1.3990E-09 1.5268E-09 1.6607E-09 1.8006E-09 1.9481E-09 2.1031E-09 2.2653E-09 2.4390E-09 2.6198E-09 2.8034E-09 2.9973E-09 3.1924E-09 3.4019E-09 3.6063E-09 3.8242E-09 4.0494E-09 4.2637E-09 4.4809E-09 4.7086E-09 4.9188E-09 5.1234E-09 5.3210E-09 5.5151E-09 5.6999E-09 5.8706E-09 6.0262E-09 6.1668E-09 6.2911E-09 6.3984E-09 6.4877E-09 6.5580E-09 6.6085E-09 6.6385E-09 6.6478E-09 6.6360E-09 6.6029E-09 6.5487E-09 6.4739E-09 6.3785E-09 6.2647E-09 6.1326E-09 5.9833E-09 5.8193E-09 5.6421E-09 5.4532E-09 5.2544E-09 5.0453E-09 4.8274E-09 4.6026E-09 4.3743E-09 4.1448E-09
