Assets/Resources/2015_m01_d09_0700(utc+0800)_l00_csi_1hr_conc.grd
DSAA
         159         159
     -79.000      79.000
     -79.000      79.000
  0.5174E-09  0.3306E-05
[rows 75 to 99 of 159, columns 0 to 56 of 159]
1.0489E-09 1.0791E-09 1.1093E-09 1.1418E-09 1.1754E-09 1.2090E-09 1.2457E-09 1.2836E-09 1.3212E-09 1.3600E-09 1.4028E-09 1.4470E-09 1.4905E-09 1.5356E-09 1.5856E-09 1.6375E-09 1.6881E-09 1.7404E-09 1.7994E-09 1.8606E-09 1.9196E-09 1.9863E-09 2.0502E-09 2.1221E-09 2.1973E-09 2.2695E-09 2.3507E-09 2.4356E-09 2.5171E-09 2.6088E-09 2.7048E-09 2.8372E-09 2.9373E-09 3.0759E-09 3.1877E-09 3.3039E-09 3.4246E-09 3.5499E-09 3.6800E-09 3.8150E-09 3.9550E-09 4.1002E-09 4.2506E-09 4.4062E-09 4.5674E-09 4.7340E-09 4.9061E-09 5.0839E-09 5.2673E-09 5.4565E-09 5.6513E-09 5.8518E-09 6.1232E-09 6.5560E-09 6.9860E-09 7.3898E-09 7.7143E-09
1.0542E-09 1.0848E-09 1.1165E-09 1.1482E-09 1.1822E-09 1.2163E-09 1.2534E-09 1.2919E-09 1.3299E-09 1.3716E-09 1.4126E-09 1.4575E-09 1.5016E-09 1.5473E-09 1.5981E-09 1.6508E-09 1.7021E-09 1.7553E-09 1.8153E-09 1.8775E-09 1.9375E-09 2.0054E-09 2.0703E-09 2.1437E-09 2.2203E-09 2.2937E-09 2.3765E-09 2.4631E-09 2.5530E-09 2.6398E-09 2.7379E-09 2.8738E-09 3.0084E-09 3.1183E-09 3.2327E-09 3.3515E-09 3.4750E-09 3.6033E-09 3.7366E-09 3.8748E-09 4.0183E-09 4.1670E-09 4.3212E-09 4.4808E-09 4.6461E-09 4.8170E-09 4.9937E-09 5.1763E-09 5.3646E-09 5.5589E-09 5.7591E-09 5.9651E-09 6.4198E-09 6.8067E-09 7.2672E-09 7.5906E-09 7.9307E-09
1.0594E-09 1.0903E-09 1.1224E-09 1.1544E-09 1.1889E-09 1.2251E-09 1.2609E-09 1.2999E-09 1.3384E-09 1.3807E-09 1.4222E-09 1.4677E-09 1.5124E-09 1.5620E-09 1.6103E-09 1.6638E-09 1.7159E-09 1.7745E-09 1.8308E-09 1.8941E-09 1.9550E-09 2.0241E-09 2.0958E-09 2.1648E-09 2.2428E-09 2.3238E-09 2.4019E-09 2.4902E-09 2.5819E-09 2.6779E-09 2.7704E-09 2.9098E-09 3.0478E-09 3.1602E-09 3.2770E-09 3.3985E-09 3.5248E-09 3.6560E-09 3.7923E-09 3.9338E-09 4.0807E-09 4.2330E-09 4.3909E-09 4.5545E-09 4.7239E-09 4.8991E-09 5.0803E-09 5.2675E-09 5.4608E-09 5.6602E-09 5.8657E-09 6.1780E-09 6.5912E-09 7.1048E-09 7.4552E-09 7.7934E-09 8.1495E-09
1.0654E-09 1.0956E-09 1.1281E-09 1.1617E-09 1.1953E-09 1.2320E-09 1.2682E-09 1.3076E-09 1.3466E-09 1.3895E-09 1.4339E-09 1.4776E-09 1.5229E-09 1.5732E-09 1.6222E-09 1.6764E-09 1.7293E-09 1.7888E-09 1.8460E-09 1.9103E-09 1.9777E-09 2.0424E-09 2.1153E-09 2.1915E-09 2.2649E-09 2.3473E-09 2.4336E-09 2.5167E-09 2.6101E-09 2.7080E-09 2.8427E-09 2.9452E-09 3.0866E-09 3.2012E-09 3.3206E-09 3.4447E-09 3.5737E-09 3.7078E-09 3.8472E-09 3.9919E-09 4.1421E-09 4.2980E-09 4.4596E-09 4.6270E-09 4.8005E-09 4.9800E-09 5.1656E-09 5.3575E-09 5.5556E-09 5.7600E-09 5.9708E-09 6.4376E-09 6.8342E-09 7.3093E-09 7.6445E-09 7.9978E-09 8.3703E-09
1.0702E-09 1.1007E-09 1.1335E-09 1.1675E-09 1.2015E-09 1.2386E-09 1.2771E-09 1.3152E-09 1.3546E-09 1.3980E-09 1.4430E-09 1.4873E-09 1.5331E-09 1.5842E-09 1.6371E-09 1.6888E-09 1.7423E-09 1.8027E-09 1.8654E-09 1.9260E-09 1.9945E-09 2.0602E-09 2.1343E-09 2.2119E-09 2.2863E-09 2.3703E-09 2.4581E-09 2.5494E-09 2.6378E-09 2.7375E-09 2.8754E-09 3.0122E-09 3.1245E-09 3.2415E-09 3.3632E-09 3.4899E-09 3.6217E-09 3.7586E-09 3.9010E-09 4.0488E-09 4.2024E-09 4.3617E-09 4.5270E-09 4.6983E-09 4.8757E-09 5.0594E-09 5.2495E-09 5.4459E-09 5.6488E-09 5.8583E-09 6.2775E-09 6.5988E-09 7.1250E-09 7.4851E-09 7.8345E-09 8.2033E-09 8.5926E-09
1.0749E-09 1.1068E-09 1.1388E-09 1.1731E-09 1.2075E-09 1.2450E-09 1.2839E-09 1.3224E-09 1.3647E-09 1.4062E-09 1.4518E-09 1.4966E-09 1.5430E-09 1.5947E-09 1.6484E-09 1.7007E-09 1.7550E-09 1.8163E-09 1.8799E-09 1.9413E-09 2.0109E-09 2.0832E-09 2.1529E-09 2.2317E-09 2.3135E-09 2.3926E-09 2.4820E-09 2.5749E-09 2.6722E-09 2.7663E-09 2.9073E-09 3.0471E-09 3.1616E-09 3.2809E-09 3.4050E-09 3.5342E-09 3.6686E-09 3.8083E-09 3.9536E-09 4.1046E-09 4.2614E-09 4.4241E-09 4.5930E-09 4.7681E-09 4.9495E-09 5.1373E-09 5.3317E-09 5.5326E-09 5.7403E-09 5.9546E-09 6.4287E-09 6.9334E-09 7.2854E-09 7.6609E-09 8.0248E-09 8.4094E-09 8.8158E-09
1.0793E-09 1.1116E-09 1.1439E-09 1.1786E-09 1.2151E-09 1.2512E-09 1.2905E-09 1.3294E-09 1.3722E-09 1.4142E-09 1.4603E-09 1.5056E-09 1.5559E-09 1.6050E-09 1.6593E-09 1.7123E-09 1.7719E-09 1.8294E-09 1.8939E-09 1.9562E-09 2.0268E-09 2.1001E-09 2.1708E-09 2.2509E-09 2.3340E-09 2.4211E-09 2.5052E-09 2.5996E-09 2.6987E-09 2.8270E-09 2.9383E-09 3.0812E-09 3.1978E-09 3.3192E-09 3.4457E-09 3.5773E-09 3.7143E-09 3.8568E-09 4.0050E-09 4.1590E-09 4.3190E-09 4.4851E-09 4.6575E-09 4.8362E-09 5.0215E-09 5.2134E-09 5.4120E-09 5.6174E-09 5.8296E-09 6.2536E-09 6.5476E-09 7.1116E-09 7.4784E-09 7.8362E-09 8.2149E-09 8.6155E-09 9.0392E-09
1.0836E-09 1.1162E-09 1.1487E-09 1.1837E-09 1.2206E-09 1.2571E-09 1.2968E-09 1.3362E-09 1.3794E-09 1.4242E-09 1.4684E-09 1.5143E-09 1.5652E-09 1.6148E-09 1.6698E-09 1.7235E-09 1.7839E-09 1.8466E-09 1.9075E-09 1.9761E-09 2.0421E-09 2.1166E-09 2.1944E-09 2.2695E-09 2.3539E-09 2.4424E-09 2.5277E-09 2.6236E-09 2.7243E-09 2.8627E-09 2.9684E-09 3.1142E-09 3.2329E-09 3.3565E-09 3.4852E-09 3.6193E-09 3.7588E-09 3.9040E-09 4.0550E-09 4.2119E-09 4.3751E-09 4.5444E-09 4.7202E-09 4.9026E-09 5.0917E-09 5.2875E-09 5.4903E-09 5.7000E-09 5.9168E-09 6.3933E-09 6.9012E-09 7.2581E-09 7.6391E-09 8.0106E-09 8.4041E-09 8.8209E-09 9.2623E-09
1.0876E-09 1.1205E-09 1.1545E-09 1.1887E-09 1.2259E-09 1.2645E-09 1.3029E-09 1.3426E-09 1.3863E-09 1.4316E-09 1.4763E-09 1.5226E-09 1.5741E-09 1.6276E-09 1.6799E-09 1.7342E-09 1.7954E-09 1.8589E-09 1.9205E-09 1.9901E-09 2.0569E-09 2.1324E-09 2.2114E-09 2.2935E-09 2.3730E-09 2.4629E-09 2.5562E-09 2.6468E-09 2.7491E-09 2.8902E-09 3.0305E-09 3.1463E-09 3.2669E-09 3.3926E-09 3.5235E-09 3.6599E-09 3.8019E-09 3.9497E-09 4.1034E-09 4.2633E-09 4.4294E-09 4.6020E-09 4.7811E-09 4.9670E-09 5.1598E-09 5.3595E-09 5.5662E-09 5.7802E-09 6.2045E-09 6.5004E-09 7.0647E-09 7.4349E-09 7.7983E-09 8.1835E-09 8.5920E-09 9.0251E-09 9.4842E-09
1.0914E-09 1.1246E-09 1.1589E-09 1.1934E-09 1.2310E-09 1.2700E-09 1.3086E-09 1.3487E-09 1.3928E-09 1.4386E-09 1.4838E-09 1.5306E-09 1.5827E-09 1.6367E-09 1.6896E-09 1.7445E-09 1.8064E-09 1.8707E-09 1.9330E-09 2.0035E-09 2.0768E-09 2.1476E-09 2.2276E-09 2.3109E-09 2.3915E-09 2.4826E-09 2.5773E-09 2.6767E-09 2.7729E-09 2.9167E-09 3.0596E-09 3.1771E-09 3.2997E-09 3.4274E-09 3.5605E-09 3.6992E-09 3.8436E-09 3.9939E-09 4.1503E-09 4.3129E-09 4.4820E-09 4.6576E-09 4.8400E-09 5.0293E-09 5.2256E-09 5.4291E-09 5.6398E-09 5.8578E-09 6.3004E-09 6.8376E-09 7.1961E-09 7.5794E-09 7.9553E-09 8.3543E-09 8.7778E-09 9.2273E-09 9.7042E-09
1.0950E-09 1.1284E-09 1.1631E-09 1.1978E-09 1.2357E-09 1.2751E-09 1.3141E-09 1.3569E-09 1.3991E-09 1.4453E-09 1.4909E-09 1.5382E-09 1.5908E-09 1.6454E-09 1.6989E-09 1.7589E-09 1.8169E-09 1.8820E-09 1.9450E-09 2.0163E-09 2.0905E-09 2.1621E-09 2.2432E-09 2.3275E-09 2.4160E-09 2.5015E-09 2.5975E-09 2.6983E-09 2.8360E-09 2.9421E-09 3.0875E-09 3.2068E-09 3.3312E-09 3.4609E-09 3.5961E-09 3.7369E-09 3.8836E-09 4.0364E-09 4.1953E-09 4.3607E-09 4.5326E-09 4.7112E-09 4.8967E-09 5.0893E-09 5.2891E-09 5.4961E-09 5.7106E-09 6.0678E-09 6.4267E-09 6.9546E-09 7.3250E-09 7.7212E-09 8.1097E-09 8.5224E-09 8.9609E-09 9.4267E-09 9.9214E-09
1.0995E-09 1.1321E-09 1.1670E-09 1.2020E-09 1.2402E-09 1.2799E-09 1.3193E-09 1.3625E-09 1.4050E-09 1.4517E-09 1.4977E-09 1.5487E-09 1.5985E-09 1.6537E-09 1.7077E-09 1.7684E-09 1.8270E-09 1.8927E-09 1.9619E-09 2.0285E-09 2.1036E-09 2.1822E-09 2.2581E-09 2.3435E-09 2.4330E-09 2.5195E-09 2.6168E-09 2.7189E-09 2.8589E-09 2.9665E-09 3.1143E-09 3.2352E-09 3.3614E-09 3.4930E-09 3.6302E-09 3.7731E-09 3.9220E-09 4.0771E-09 4.2385E-09 4.4064E-09 4.5811E-09 4.7626E-09 4.9511E-09 5.1469E-09 5.3499E-09 5.5605E-09 5.7786E-09 6.2154E-09 6.6520E-09 7.1008E-09 7.4829E-09 7.8599E-09 8.2608E-09 8.6871E-09 9.1405E-09 9.6226E-09 1.0135E-08
1.1027E-09 1.1355E-09 1.1706E-09 1.2077E-09 1.2444E-09 1.2844E-09 1.3241E-09 1.3677E-09 1.4106E-09 1.4576E-09 1.5040E-09 1.5555E-09 1.6058E-09 1.6615E-09 1.7160E-09 1.7773E-09 1.8410E-09 1.9029E-09 1.9728E-09 2.0401E-09 2.1160E-09 2.1955E-09 2.2722E-09 2.3586E-09 2.4492E-09 2.5434E-09 2.6351E-09 2.7386E-09 2.8807E-09 3.0222E-09 3.1397E-09 3.2623E-09 3.3902E-09 3.5236E-09 3.6626E-09 3.8076E-09 3.9586E-09 4.1159E-09 4.2797E-09 4.4501E-09 4.6274E-09 4.8116E-09 5.0030E-09 5.2018E-09 5.4080E-09 5.6219E-09 5.8435E-09 6.2965E-09 6.8456E-09 7.2132E-09 7.6068E-09 7.9949E-09 8.4081E-09 8.8479E-09 9.3160E-09 9.8142E-09 1.0344E-08
1.1056E-09 1.1386E-09 1.1740E-09 1.2113E-09 1.2484E-09 1.2886E-09 1.3286E-09 1.3725E-09 1.4181E-09 1.4632E-09 1.5100E-09 1.5619E-09 1.6159E-09 1.6688E-09 1.7238E-09 1.7857E-09 1.8500E-09 1.9125E-09 1.9831E-09 2.0511E-09 2.1277E-09 2.2081E-09 2.2917E-09 2.3729E-09 2.4645E-09 2.5598E-09 2.6600E-09 2.7572E-09 2.9013E-09 3.0449E-09 3.1639E-09 3.2880E-09 3.4175E-09 3.5526E-09 3.6935E-09 3.8403E-09 3.9934E-09 4.1528E-09 4.3188E-09 4.4916E-09 4.6713E-09 4.8582E-09 5.0523E-09 5.2540E-09 5.4632E-09 5.6803E-09 6.0438E-09 6.4069E-09 6.9439E-09 7.3217E-09 7.7266E-09 8.1258E-09 8.5510E-09 9.0040E-09 9.4866E-09 1.0001E-08 1.0548E-08
1.1082E-09 1.1414E-09 1.1771E-09 1.2147E-09 1.2520E-09 1.2925E-09 1.3328E-09 1.3770E-09 1.4230E-09 1.4684E-09 1.5155E-09 1.5679E-09 1.6223E-09 1.6757E-09 1.7311E-09 1.7935E-09 1.8585E-09 1.9215E-09 1.9927E-09 2.0669E-09 2.1387E-09 2.2199E-09 2.3043E-09 2.3863E-09 2.4789E-09 2.5752E-09 2.6764E-09 2.7746E-09 2.9208E-09 3.0663E-09 3.1866E-09 3.3122E-09 3.4432E-09 3.5799E-09 3.7225E-09 3.8712E-09 4.0262E-09 4.1876E-09 4.3557E-09 4.5307E-09 4.7128E-09 4.9021E-09 5.0989E-09 5.3033E-09 5.5154E-09 5.7354E-09 6.1761E-09 6.6179E-09 7.0698E-09 7.4574E-09 7.8420E-09 8.2518E-09 8.6888E-09 9.1547E-09 9.6515E-09 1.0181E-08 1.0746E-08
1.1106E-09 1.1440E-09 1.1799E-09 1.2178E-09 1.2553E-09 1.2961E-09 1.3366E-09 1.3812E-09 1.4275E-09 1.4732E-09 1.5207E-09 1.5734E-09 1.6283E-09 1.6820E-09 1.7379E-09 1.8008E-09 1.8663E-09 1.9298E-09 2.0017E-09 2.0765E-09 2.1490E-09 2.2309E-09 2.3161E-09 2.4055E-09 2.4923E-09 2.5896E-09 2.6919E-09 2.8236E-09 2.9390E-09 3.0863E-09 3.2079E-09 3.3349E-09 3.4673E-09 3.6056E-09 3.7498E-09 3.9001E-09 4.0569E-09 4.2202E-09 4.3903E-09 4.5674E-09 4.7517E-09 4.9434E-09 5.1426E-09 5.3495E-09 5.5643E-09 5.8539E-09 6.2414E-09 6.6967E-09 7.1612E-09 7.5583E-09 7.9523E-09 8.3726E-09 8.8210E-09 9.2995E-09 9.8100E-09 1.0355E-08 1.0936E-08
1.1128E-09 1.1475E-09 1.1825E-09 1.2205E-09 1.2583E-09 1.2994E-09 1.3401E-09 1.3850E-09 1.4315E-09 1.4776E-09 1.5254E-09 1.5785E-09 1.6337E-09 1.6879E-09 1.7487E-09 1.8076E-09 1.8735E-09 1.9375E-09 2.0100E-09 2.0854E-09 2.1584E-09 2.2411E-09 2.3270E-09 2.4173E-09 2.5047E-09 2.6030E-09 2.7062E-09 2.8469E-09 2.9559E-09 3.1049E-09 3.2277E-09 3.3559E-09 3.4898E-09 3.6294E-09 3.7751E-09 3.9271E-09 4.0855E-09 4.2506E-09 4.4226E-09 4.6016E-09 4.7880E-09 4.9818E-09 5.1833E-09 5.3926E-09 5.6099E-09 5.9733E-09 6.3028E-09 6.8380E-09 7.2478E-09 7.6541E-09 8.0572E-09 8.4874E-09 8.9469E-09 9.4375E-09 9.9614E-09 1.0521E-08 1.1118E-08
1.1147E-09 1.1496E-09 1.1847E-09 1.2230E-09 1.2627E-09 1.3023E-09 1.3433E-09 1.3884E-09 1.4352E-09 1.4816E-09 1.5296E-09 1.5831E-09 1.6387E-09 1.6932E-09 1.7544E-09 1.8137E-09 1.8801E-09 1.9446E-09 2.0176E-09 2.0936E-09 2.1733E-09 2.2504E-09 2.3371E-09 2.4281E-09 2.5162E-09 2.6152E-09 2.7193E-09 2.8615E-09 2.9715E-09 3.1221E-09 3.2460E-09 3.3754E-09 3.5105E-09 3.6514E-09 3.7985E-09 3.9519E-09 4.1119E-09 4.2786E-09 4.4523E-09 4.6332E-09 4.8215E-09 5.0173E-09 5.2209E-09 5.4324E-09 5.6520E-09 6.0242E-09 6.4942E-09 6.9424E-09 7.3293E-09 7.7444E-09 8.1561E-09 8.5959E-09 9.0659E-09 9.5681E-09 1.0105E-08 1.0678E-08 1.1290E-08
1.1163E-09 1.1514E-09 1.1866E-09 1.2251E-09 1.2651E-09 1.3048E-09 1.3460E-09 1.3914E-09 1.4385E-09 1.4851E-09 1.5367E-09 1.5872E-09 1.6431E-09 1.6980E-09 1.7596E-09 1.8192E-09 1.8861E-09 1.9565E-09 2.0245E-09 2.1010E-09 2.1813E-09 2.2589E-09 2.3462E-09 2.4379E-09 2.5333E-09 2.6264E-09 2.7313E-09 2.8748E-09 3.0181E-09 3.1377E-09 3.2627E-09 3.3931E-09 3.5294E-09 3.6715E-09 3.8199E-09 3.9747E-09 4.1361E-09 4.3043E-09 4.4795E-09 4.6621E-09 4.8521E-09 5.0497E-09 5.2552E-09 5.4688E-09 5.6905E-09 6.1369E-09 6.5859E-09 7.0108E-09 7.4052E-09 7.8287E-09 8.2486E-09 8.6975E-09 9.1774E-09 9.6907E-09 1.0240E-08 1.0826E-08 1.1453E-08
1.1176E-09 1.1528E-09 1.1883E-09 1.2269E-09 1.2671E-09 1.3070E-09 1.3508E-09 1.3940E-09 1.4414E-09 1.4882E-09 1.5401E-09 1.5909E-09 1.6471E-09 1.7022E-09 1.7642E-09 1.8241E-09 1.8914E-09 1.9623E-09 2.0306E-09 2.1076E-09 2.1884E-09 2.2665E-09 2.3544E-09 2.4467E-09 2.5428E-09 2.6365E-09 2.7421E-09 2.8869E-09 3.0314E-09 3.1518E-09 3.2777E-09 3.4092E-09 3.5464E-09 3.6897E-09 3.8392E-09 3.9952E-09 4.1579E-09 4.3274E-09 4.5041E-09 4.6881E-09 4.8797E-09 5.0790E-09 5.2863E-09 5.5016E-09 5.8269E-09 6.1818E-09 6.6409E-09 7.1059E-09 7.5067E-09 7.9066E-09 8.3342E-09 8.7916E-09 9.2810E-09 9.8046E-09 1.0365E-08 1.0964E-08 1.1605E-08
1.1187E-09 1.1540E-09 1.1896E-09 1.2284E-09 1.2687E-09 1.3088E-09 1.3528E-09 1.3962E-09 1.4438E-09 1.4908E-09 1.5430E-09 1.5940E-09 1.6505E-09 1.7059E-09 1.7682E-09 1.8284E-09 1.8961E-09 1.9673E-09 2.0360E-09 2.1135E-09 2.1947E-09 2.2732E-09 2.3616E-09 2.4545E-09 2.5512E-09 2.6528E-09 2.7517E-09 2.8975E-09 3.0431E-09 3.1644E-09 3.2911E-09 3.4234E-09 3.5616E-09 3.7058E-09 3.8564E-09 4.0134E-09 4.1773E-09 4.3480E-09 4.5260E-09 4.7114E-09 4.9043E-09 5.1051E-09 5.3139E-09 5.5309E-09 5.8617E-09 6.2223E-09 6.7556E-09 7.1642E-09 7.5713E-09 7.9777E-09 8.4125E-09 8.8778E-09 9.3759E-09 9.9091E-09 1.0480E-08 1.1091E-08 1.1745E-08
1.1194E-09 1.1549E-09 1.1907E-09 1.2296E-09 1.2700E-09 1.3103E-09 1.3544E-09 1.3980E-09 1.4458E-09 1.4930E-09 1.5454E-09 1.5966E-09 1.6534E-09 1.7090E-09 1.7716E-09 1.8367E-09 1.9001E-09 1.9716E-09 2.0407E-09 2.1185E-09 2.2001E-09 2.2851E-09 2.3679E-09 2.4612E-09 2.5584E-09 2.6606E-09 2.7600E-09 2.9068E-09 3.0534E-09 3.1753E-09 3.3027E-09 3.4358E-09 3.5748E-09 3.7199E-09 3.8714E-09 4.0294E-09 4.1942E-09 4.3661E-09 4.5451E-09 4.7317E-09 4.9259E-09 5.1279E-09 5.3381E-09 5.5565E-09 5.9260E-09 6.3261E-09 6.8020E-09 7.2164E-09 7.6295E-09 8.0417E-09 8.4830E-09 8.9555E-09 9.4617E-09 1.0004E-08 1.0584E-08 1.1206E-08 1.1872E-08
1.1199E-09 1.1555E-09 1.1914E-09 1.2304E-09 1.2710E-09 1.3114E-09 1.3557E-09 1.3995E-09 1.4474E-09 1.4948E-09 1.5473E-09 1.5988E-09 1.6557E-09 1.7116E-09 1.7744E-09 1.8398E-09 1.9034E-09 1.9752E-09 2.0446E-09 2.1227E-09 2.2047E-09 2.2901E-09 2.3732E-09 2.4669E-09 2.5646E-09 2.6672E-09 2.7671E-09 2.9147E-09 3.0621E-09 3.1846E-09 3.3127E-09 3.4464E-09 3.5861E-09 3.7319E-09 3.8842E-09 4.0430E-09 4.2087E-09 4.3814E-09 4.5614E-09 4.7490E-09 4.9442E-09 5.1474E-09 5.3587E-09 5.5784E-09 5.9534E-09 6.3936E-09 6.8427E-09 7.2625E-09 7.6807E-09 8.0983E-09 8.5454E-09 9.0245E-09 9.5379E-09 1.0088E-08 1.0677E-08 1.1309E-08 1.1985E-08
1.1201E-09 1.1558E-09 1.1918E-09 1.2310E-09 1.2716E-09 1.3122E-09 1.3566E-09 1.4004E-09 1.4485E-09 1.4961E-09 1.5488E-09 1.6004E-09 1.6575E-09 1.7135E-09 1.7766E-09 1.8421E-09 1.9060E-09 1.9781E-09 2.0477E-09 2.1261E-09 2.2084E-09 2.2941E-09 2.3775E-09 2.4716E-09 2.5696E-09 2.6726E-09 2.7729E-09 2.9212E-09 3.0692E-09 3.1923E-09 3.3208E-09 3.4551E-09 3.5954E-09 3.7419E-09 3.8947E-09 4.0542E-09 4.2206E-09 4.3941E-09 4.5749E-09 4.7633E-09 4.9594E-09 5.1635E-09 5.3758E-09 5.5964E-09 5.9765E-09 6.4548E-09 6.8776E-09 7.3020E-09 7.7248E-09 8.1470E-09 8.5994E-09 9.0842E-09 9.6040E-09 1.0161E-08 1.0759E-08 1.1399E-08 1.2084E-08
1.1201E-09 1.1558E-09 1.1919E-09 1.2311E-09 1.2719E-09 1.3125E-09 1.3570E-09 1.4010E-09 1.4492E-09 1.4969E-09 1.5497E-09 1.6015E-09 1.6587E-09 1.7149E-09 1.7781E-09 1.8439E-09 1.9079E-09 1.9802E-09 2.0555E-09 2.1286E-09 2.2112E-09 2.2971E-09 2.3807E-09 2.4751E-09 2.5735E-09 2.6768E-09 2.7774E-09 2.9262E-09 3.0748E-09 3.1982E-09 3.3272E-09 3.4620E-09 3.6027E-09 3.7496E-09 3.9030E-09 4.0631E-09 4.2300E-09 4.4041E-09 4.5855E-09 4.7745E-09 4.9713E-09 5.1761E-09 5.3891E-09 5.6784E-09 6.0595E-09 6.5126E-09 6.9377E-09 7.3348E-09 7.7616E-09 8.1878E-09 8.6446E-09 9.1344E-09 9.6597E-09 1.0223E-08 1.0827E-08 1.1475E-08 1.2169E-08
