Assets/Resources/2015_m01_d04_1400(utc+0800)_l00_csi_1hr_conc.grd
DSAA
         159         159
     -79.000      79.000
     -79.000      79.000
  0.2006E-09  0.3950E-05
[rows 100 to 124 of 159, columns 57 to 113 of 159]
3.6418E-09 3.6313E-09 3.6215E-09 3.6083E-09 3.5979E-09 3.5860E-09 3.5732E-09 3.5581E-09 3.5416E-09 3.5234E-09 3.5049E-09 3.4850E-09 3.4643E-09 3.4427E-09 3.4203E-09 3.3970E-09 3.3723E-09 3.3468E-09 3.3209E-09 3.2949E-09 3.2673E-09 3.2396E-09 3.2106E-09 3.1819E-09 3.1510E-09 3.1205E-09 3.0895E-09 3.0582E-09 3.0272E-09 2.9965E-09 2.9647E-09 2.9343E-09 2.9028E-09 2.8719E-09 2.8406E-09 2.8098E-09 2.7787E-09 2.7473E-09 2.7156E-09 2.6836E-09 2.6514E-09 2.6189E-09 2.5861E-09 2.5532E-09 2.5201E-09 2.4867E-09 2.4532E-09 2.4174E-09 2.3815E-09 2.3457E-09 2.3088E-09 2.2719E-09 2.2348E-09 2.1989E-09 2.1623E-09 2.1270E-09 2.0918E-09
3.5168E-09 3.5083E-09 3.5009E-09 3.4930E-09 3.4838E-09 3.4753E-09 3.4656E-09 3.4539E-09 3.4397E-09 3.4249E-09 3.4088E-09 3.3919E-09 3.3739E-09 3.3552E-09 3.3354E-09 3.3142E-09 3.2922E-09 3.2697E-09 3.2470E-09 3.2226E-09 3.1980E-09 3.1721E-09 3.1465E-09 3.1186E-09 3.0910E-09 3.0628E-09 3.0341E-09 3.0057E-09 2.9776E-09 2.9483E-09 2.9203E-09 2.8911E-09 2.8625E-09 2.8334E-09 2.8048E-09 2.7758E-09 2.7464E-09 2.7166E-09 2.6865E-09 2.6561E-09 2.6253E-09 2.5943E-09 2.5630E-09 2.5314E-09 2.4995E-09 2.4675E-09 2.4337E-09 2.3991E-09 2.3638E-09 2.3280E-09 2.2938E-09 2.2580E-09 2.2219E-09 2.1870E-09 2.1518E-09 2.1181E-09 2.0829E-09
3.3968E-09 3.3930E-09 3.3880E-09 3.3827E-09 3.3763E-09 3.3693E-09 3.3619E-09 3.3528E-09 3.3418E-09 3.3301E-09 3.3167E-09 3.3023E-09 3.2870E-09 3.2707E-09 3.2530E-09 3.2343E-09 3.2151E-09 3.1957E-09 3.1744E-09 3.1530E-09 3.1302E-09 3.1068E-09 3.0827E-09 3.0579E-09 3.0318E-09 3.0065E-09 2.9807E-09 2.9551E-09 2.9284E-09 2.9028E-09 2.8761E-09 2.8497E-09 2.8229E-09 2.7964E-09 2.7696E-09 2.7422E-09 2.7145E-09 2.6863E-09 2.6577E-09 2.6288E-09 2.5995E-09 2.5699E-09 2.5399E-09 2.5096E-09 2.4790E-09 2.4467E-09 2.4134E-09 2.3809E-09 2.3464E-09 2.3121E-09 2.2786E-09 2.2436E-09 2.2084E-09 2.1746E-09 2.1410E-09 2.1078E-09 2.0737E-09
3.2846E-09 3.2831E-09 3.2813E-09 3.2781E-09 3.2738E-09 3.2685E-09 3.2622E-09 3.2557E-09 3.2486E-09 3.2392E-09 3.2283E-09 3.2157E-09 3.2028E-09 3.1889E-09 3.1731E-09 3.1576E-09 3.1407E-09 3.1232E-09 3.1049E-09 3.0846E-09 3.0647E-09 3.0435E-09 3.0208E-09 2.9982E-09 2.9756E-09 2.9524E-09 2.9286E-09 2.9051E-09 2.8821E-09 2.8577E-09 2.8337E-09 2.8091E-09 2.7849E-09 2.7602E-09 2.7349E-09 2.7092E-09 2.6830E-09 2.6563E-09 2.6292E-09 2.6017E-09 2.5738E-09 2.5455E-09 2.5169E-09 2.4879E-09 2.4570E-09 2.4267E-09 2.3940E-09 2.3611E-09 2.3292E-09 2.2954E-09 2.2617E-09 2.2289E-09 2.1944E-09 2.1623E-09 2.1300E-09 2.0964E-09 2.0630E-09
3.1781E-09 3.1793E-09 3.1793E-09 3.1782E-09 3.1753E-09 3.1721E-09 3.1677E-09 3.1631E-09 3.1585E-09 3.1518E-09 3.1428E-09 3.1332E-09 3.1225E-09 3.1098E-09 3.0974E-09 3.0836E-09 3.0692E-09 3.0533E-09 3.0365E-09 3.0196E-09 3.0013E-09 2.9813E-09 2.9615E-09 2.9408E-09 2.9210E-09 2.8997E-09 2.8788E-09 2.8582E-09 2.8362E-09 2.8145E-09 2.7922E-09 2.7702E-09 2.7476E-09 2.7245E-09 2.7008E-09 2.6766E-09 2.6519E-09 2.6267E-09 2.6010E-09 2.5749E-09 2.5483E-09 2.5213E-09 2.4939E-09 2.4661E-09 2.4358E-09 2.4045E-09 2.3744E-09 2.3424E-09 2.3101E-09 2.2789E-09 2.2456E-09 2.2125E-09 2.1822E-09 2.1498E-09 2.1176E-09 2.0858E-09 2.0518E-09
3.0773E-09 3.0803E-09 3.0820E-09 3.0822E-09 3.0815E-09 3.0806E-09 3.0782E-09 3.0750E-09 3.0715E-09 3.0672E-09 3.0607E-09 3.0534E-09 3.0443E-09 3.0344E-09 3.0237E-09 3.0120E-09 2.9997E-09 2.9858E-09 2.9711E-09 2.9554E-09 2.9390E-09 2.9211E-09 2.9039E-09 2.8857E-09 2.8679E-09 2.8494E-09 2.8304E-09 2.8116E-09 2.7922E-09 2.7722E-09 2.7525E-09 2.7321E-09 2.7111E-09 2.6894E-09 2.6673E-09 2.6445E-09 2.6212E-09 2.5974E-09 2.5731E-09 2.5483E-09 2.5230E-09 2.4973E-09 2.4711E-09 2.4423E-09 2.4139E-09 2.3838E-09 2.3530E-09 2.3237E-09 2.2921E-09 2.2604E-09 2.2301E-09 2.1989E-09 2.1679E-09 2.1374E-09 2.1055E-09 2.0736E-09 2.0411E-09
2.9813E-09 2.9853E-09 2.9890E-09 2.9912E-09 2.9924E-09 2.9935E-09 2.9928E-09 2.9907E-09 2.9887E-09 2.9860E-09 2.9817E-09 2.9763E-09 2.9699E-09 2.9616E-09 2.9528E-09 2.9430E-09 2.9321E-09 2.9200E-09 2.9077E-09 2.8932E-09 2.8788E-09 2.8636E-09 2.8478E-09 2.8332E-09 2.8164E-09 2.8006E-09 2.7842E-09 2.7671E-09 2.7494E-09 2.7318E-09 2.7136E-09 2.6947E-09 2.6752E-09 2.6550E-09 2.6343E-09 2.6129E-09 2.5910E-09 2.5685E-09 2.5455E-09 2.5219E-09 2.4979E-09 2.4733E-09 2.4468E-09 2.4192E-09 2.3906E-09 2.3628E-09 2.3332E-09 2.3034E-09 2.2741E-09 2.2434E-09 2.2133E-09 2.1834E-09 2.1541E-09 2.1232E-09 2.0927E-09 2.0613E-09 2.0290E-09
2.8896E-09 2.8953E-09 2.9008E-09 2.9047E-09 2.9076E-09 2.9103E-09 2.9103E-09 2.9093E-09 2.9081E-09 2.9062E-09 2.9054E-09 2.9023E-09 2.8981E-09 2.8921E-09 2.8839E-09 2.8761E-09 2.8669E-09 2.8564E-09 2.8452E-09 2.8340E-09 2.8206E-09 2.8081E-09 2.7943E-09 2.7816E-09 2.7673E-09 2.7533E-09 2.7393E-09 2.7238E-09 2.7084E-09 2.6923E-09 2.6755E-09 2.6581E-09 2.6400E-09 2.6212E-09 2.6018E-09 2.5818E-09 2.5611E-09 2.5399E-09 2.5181E-09 2.4958E-09 2.4729E-09 2.4480E-09 2.4220E-09 2.3964E-09 2.3685E-09 2.3403E-09 2.3134E-09 2.2842E-09 2.2544E-09 2.2259E-09 2.1972E-09 2.1690E-09 2.1392E-09 2.1094E-09 2.0789E-09 2.0476E-09 2.0178E-09
2.8030E-09 2.8101E-09 2.8170E-09 2.8224E-09 2.8261E-09 2.8293E-09 2.8314E-09 2.8322E-09 2.8321E-09 2.8322E-09 2.8316E-09 2.8306E-09 2.8283E-09 2.8243E-09 2.8177E-09 2.8116E-09 2.8038E-09 2.7943E-09 2.7855E-09 2.7762E-09 2.7653E-09 2.7547E-09 2.7444E-09 2.7324E-09 2.7206E-09 2.7080E-09 2.6956E-09 2.6824E-09 2.6684E-09 2.6537E-09 2.6383E-09 2.6222E-09 2.6054E-09 2.5879E-09 2.5698E-09 2.5510E-09 2.5317E-09 2.5117E-09 2.4911E-09 2.4699E-09 2.4466E-09 2.4222E-09 2.3981E-09 2.3718E-09 2.3458E-09 2.3195E-09 2.2916E-09 2.2647E-09 2.2359E-09 2.2084E-09 2.1814E-09 2.1535E-09 2.1236E-09 2.0946E-09 2.0651E-09 2.0354E-09 2.0053E-09
2.7208E-09 2.7292E-09 2.7361E-09 2.7432E-09 2.7480E-09 2.7527E-09 2.7559E-09 2.7588E-09 2.7603E-09 2.7621E-09 2.7623E-09 2.7603E-09 2.7600E-09 2.7590E-09 2.7541E-09 2.7485E-09 2.7430E-09 2.7351E-09 2.7280E-09 2.7212E-09 2.7122E-09 2.7041E-09 2.6952E-09 2.6856E-09 2.6752E-09 2.6649E-09 2.6538E-09 2.6419E-09 2.6293E-09 2.6159E-09 2.6018E-09 2.5870E-09 2.5714E-09 2.5552E-09 2.5383E-09 2.5208E-09 2.5025E-09 2.4837E-09 2.4642E-09 2.4426E-09 2.4213E-09 2.3973E-09 2.3725E-09 2.3480E-09 2.3231E-09 2.2983E-09 2.2711E-09 2.2436E-09 2.2185E-09 2.1916E-09 2.1649E-09 2.1365E-09 2.1083E-09 2.0798E-09 2.0512E-09 2.0220E-09 1.9931E-09
2.6415E-09 2.6516E-09 2.6594E-09 2.6677E-09 2.6734E-09 2.6794E-09 2.6847E-09 2.6885E-09 2.6919E-09 2.6943E-09 2.6946E-09 2.6953E-09 2.6951E-09 2.6936E-09 2.6918E-09 2.6885E-09 2.6846E-09 2.6788E-09 2.6736E-09 2.6685E-09 2.6617E-09 2.6551E-09 2.6484E-09 2.6402E-09 2.6319E-09 2.6229E-09 2.6131E-09 2.6024E-09 2.5911E-09 2.5789E-09 2.5660E-09 2.5524E-09 2.5381E-09 2.5230E-09 2.5073E-09 2.4909E-09 2.4738E-09 2.4560E-09 2.4361E-09 2.4164E-09 2.3940E-09 2.3708E-09 2.3478E-09 2.3244E-09 2.3010E-09 2.2752E-09 2.2490E-09 2.2253E-09 2.1996E-09 2.1742E-09 2.1470E-09 2.1203E-09 2.0926E-09 2.0650E-09 2.0368E-09 2.0089E-09 1.9803E-09
2.5666E-09 2.5774E-09 2.5859E-09 2.5948E-09 2.6030E-09 2.6100E-09 2.6159E-09 2.6212E-09 2.6259E-09 2.6282E-09 2.6310E-09 2.6331E-09 2.6326E-09 2.6323E-09 2.6319E-09 2.6305E-09 2.6274E-09 2.6252E-09 2.6222E-09 2.6176E-09 2.6138E-09 2.6084E-09 2.6030E-09 2.5968E-09 2.5898E-09 2.5820E-09 2.5733E-09 2.5639E-09 2.5537E-09 2.5427E-09 2.5310E-09 2.5185E-09 2.5053E-09 2.4914E-09 2.4767E-09 2.4614E-09 2.4453E-09 2.4271E-09 2.4091E-09 2.3883E-09 2.3666E-09 2.3452E-09 2.3233E-09 2.3014E-09 2.2770E-09 2.2530E-09 2.2298E-09 2.2054E-09 2.1800E-09 2.1553E-09 2.1294E-09 2.1033E-09 2.0763E-09 2.0497E-09 2.0228E-09 1.9952E-09 1.9684E-09
2.4947E-09 2.5060E-09 2.5168E-09 2.5265E-09 2.5350E-09 2.5431E-09 2.5506E-09 2.5563E-09 2.5614E-09 2.5663E-09 2.5696E-09 2.5721E-09 2.5737E-09 2.5751E-09 2.5766E-09 2.5755E-09 2.5754E-09 2.5744E-09 2.5727E-09 2.5700E-09 2.5675E-09 2.5640E-09 2.5598E-09 2.5547E-09 2.5488E-09 2.5420E-09 2.5345E-09 2.5262E-09 2.5171E-09 2.5072E-09 2.4966E-09 2.4852E-09 2.4731E-09 2.4602E-09 2.4466E-09 2.4322E-09 2.4157E-09 2.3993E-09 2.3802E-09 2.3601E-09 2.3402E-09 2.3198E-09 2.2990E-09 2.2764E-09 2.2538E-09 2.2321E-09 2.2090E-09 2.1849E-09 2.1615E-09 2.1359E-09 2.1119E-09 2.0856E-09 2.0606E-09 2.0338E-09 2.0082E-09 1.9815E-09 1.9563E-09
2.4261E-09 2.4387E-09 2.4502E-09 2.4608E-09 2.4701E-09 2.4787E-09 2.4870E-09 2.4945E-09 2.4997E-09 2.5057E-09 2.5100E-09 2.5142E-09 2.5184E-09 2.5200E-09 2.5226E-09 2.5244E-09 2.5253E-09 2.5254E-09 2.5256E-09 2.5249E-09 2.5233E-09 2.5209E-09 2.5177E-09 2.5136E-09 2.5088E-09 2.5031E-09 2.4966E-09 2.4894E-09 2.4813E-09 2.4725E-09 2.4629E-09 2.4525E-09 2.4413E-09 2.4294E-09 2.4168E-09 2.4019E-09 2.3857E-09 2.3697E-09 2.3512E-09 2.3329E-09 2.3140E-09 2.2947E-09 2.2736E-09 2.2525E-09 2.2317E-09 2.2104E-09 2.1877E-09 2.1651E-09 2.1412E-09 2.1180E-09 2.0934E-09 2.0691E-09 2.0438E-09 2.0194E-09 1.9937E-09 1.9694E-09 1.9442E-09
2.3616E-09 2.3741E-09 2.3862E-09 2.3978E-09 2.4077E-09 2.4177E-09 2.4261E-09 2.4338E-09 2.4416E-09 2.4483E-09 2.4542E-09 2.4593E-09 2.4645E-09 2.4688E-09 2.4724E-09 2.4751E-09 2.4779E-09 2.4798E-09 2.4808E-09 2.4811E-09 2.4805E-09 2.4790E-09 2.4768E-09 2.4737E-09 2.4698E-09 2.4651E-09 2.4596E-09 2.4533E-09 2.4463E-09 2.4384E-09 2.4297E-09 2.4203E-09 2.4101E-09 2.3991E-09 2.3852E-09 2.3706E-09 2.3570E-09 2.3401E-09 2.3230E-09 2.3048E-09 2.2882E-09 2.2682E-09 2.2485E-09 2.2283E-09 2.2084E-09 2.1878E-09 2.1659E-09 2.1440E-09 2.1212E-09 2.0991E-09 2.0747E-09 2.0519E-09 2.0280E-09 2.0039E-09 1.9802E-09 1.9564E-09 1.9315E-09
2.2989E-09 2.3130E-09 2.3247E-09 2.3368E-09 2.3476E-09 2.3581E-09 2.3682E-09 2.3773E-09 2.3855E-09 2.3939E-09 2.4015E-09 2.4075E-09 2.4144E-09 2.4196E-09 2.4248E-09 2.4292E-09 2.4328E-09 2.4355E-09 2.4375E-09 2.4386E-09 2.4388E-09 2.4383E-09 2.4369E-09 2.4348E-09 2.4318E-09 2.4280E-09 2.4234E-09 2.4181E-09 2.4119E-09 2.4049E-09 2.3972E-09 2.3886E-09 2.3793E-09 2.3670E-09 2.3541E-09 2.3417E-09 2.3267E-09 2.3104E-09 2.2946E-09 2.2795E-09 2.2610E-09 2.2419E-09 2.2233E-09 2.2047E-09 2.1846E-09 2.1652E-09 2.1447E-09 2.1228E-09 2.1023E-09 2.0796E-09 2.0575E-09 2.0347E-09 2.0118E-09 1.9892E-09 1.9663E-09 1.9430E-09 1.9189E-09
2.2392E-09 2.2526E-09 2.2659E-09 2.2788E-09 2.2906E-09 2.3027E-09 2.3132E-09 2.3238E-09 2.3336E-09 2.3427E-09 2.3519E-09 2.3594E-09 2.3670E-09 2.3737E-09 2.3797E-09 2.3848E-09 2.3892E-09 2.3927E-09 2.3954E-09 2.3973E-09 2.3984E-09 2.3987E-09 2.3981E-09 2.3968E-09 2.3947E-09 2.3918E-09 2.3880E-09 2.3835E-09 2.3782E-09 2.3720E-09 2.3651E-09 2.3574E-09 2.3468E-09 2.3347E-09 2.3223E-09 2.3113E-09 2.2965E-09 2.2819E-09 2.2658E-09 2.2513E-09 2.2329E-09 2.2164E-09 2.1980E-09 2.1810E-09 2.1625E-09 2.1425E-09 2.1227E-09 2.1022E-09 2.0820E-09 2.0603E-09 2.0395E-09 2.0182E-09 1.9967E-09 1.9744E-09 1.9525E-09 1.9295E-09 1.9058E-09
2.1815E-09 2.1968E-09 2.2105E-09 2.2245E-09 2.2378E-09 2.2504E-09 2.2623E-09 2.2743E-09 2.2847E-09 2.2952E-09 2.3050E-09 2.3139E-09 2.3221E-09 2.3295E-09 2.3361E-09 2.3419E-09 2.3469E-09 2.3511E-09 2.3545E-09 2.3572E-09 2.3590E-09 2.3601E-09 2.3603E-09 2.3598E-09 2.3584E-09 2.3563E-09 2.3533E-09 2.3496E-09 2.3451E-09 2.3397E-09 2.3321E-09 2.3245E-09 2.3140E-09 2.3033E-09 2.2907E-09 2.2806E-09 2.2663E-09 2.2525E-09 2.2394E-09 2.2226E-09 2.2063E-09 2.1909E-09 2.1740E-09 2.1565E-09 2.1391E-09 2.1198E-09 2.1010E-09 2.0819E-09 2.0619E-09 2.0419E-09 2.0222E-09 2.0023E-09 1.9811E-09 1.9603E-09 1.9382E-09 1.9155E-09 1.8922E-09
2.1286E-09 2.1442E-09 2.1592E-09 2.1745E-09 2.1881E-09 2.2020E-09 2.2152E-09 2.2276E-09 2.2393E-09 2.2503E-09 2.2605E-09 2.2700E-09 2.2787E-09 2.2866E-09 2.2938E-09 2.3002E-09 2.3059E-09 2.3107E-09 2.3148E-09 2.3182E-09 2.3207E-09 2.3225E-09 2.3234E-09 2.3236E-09 2.3230E-09 2.3216E-09 2.3193E-09 2.3163E-09 2.3125E-09 2.3057E-09 2.2982E-09 2.2911E-09 2.2815E-09 2.2712E-09 2.2614E-09 2.2499E-09 2.2364E-09 2.2231E-09 2.2099E-09 2.1945E-09 2.1809E-09 2.1651E-09 2.1488E-09 2.1325E-09 2.1157E-09 2.0974E-09 2.0796E-09 2.0616E-09 2.0428E-09 2.0243E-09 2.0054E-09 1.9859E-09 1.9656E-09 1.9451E-09 1.9234E-09 1.9011E-09 1.8776E-09
2.0800E-09 2.0967E-09 2.1128E-09 2.1283E-09 2.1431E-09 2.1572E-09 2.1707E-09 2.1835E-09 2.1956E-09 2.2069E-09 2.2176E-09 2.2275E-09 2.2367E-09 2.2452E-09 2.2529E-09 2.2598E-09 2.2661E-09 2.2715E-09 2.2762E-09 2.2802E-09 2.2834E-09 2.2858E-09 2.2874E-09 2.2882E-09 2.2883E-09 2.2875E-09 2.2860E-09 2.2836E-09 2.2783E-09 2.2716E-09 2.2645E-09 2.2583E-09 2.2492E-09 2.2393E-09 2.2304E-09 2.2192E-09 2.2066E-09 2.1934E-09 2.1813E-09 2.1678E-09 2.1541E-09 2.1394E-09 2.1242E-09 2.1083E-09 2.0926E-09 2.0761E-09 2.0584E-09 2.0417E-09 2.0249E-09 2.0067E-09 1.9888E-09 1.9696E-09 1.9497E-09 1.9295E-09 1.9081E-09 1.8857E-09 1.8631E-09
2.0360E-09 2.0528E-09 2.0691E-09 2.0847E-09 2.0997E-09 2.1141E-09 2.1279E-09 2.1409E-09 2.1534E-09 2.1651E-09 2.1761E-09 2.1864E-09 2.1961E-09 2.2050E-09 2.2132E-09 2.2206E-09 2.2274E-09 2.2334E-09 2.2387E-09 2.2432E-09 2.2469E-09 2.2499E-09 2.2521E-09 2.2536E-09 2.2542E-09 2.2541E-09 2.2517E-09 2.2486E-09 2.2437E-09 2.2378E-09 2.2311E-09 2.2257E-09 2.2169E-09 2.2079E-09 2.2002E-09 2.1875E-09 2.1761E-09 2.1647E-09 2.1533E-09 2.1409E-09 2.1282E-09 2.1141E-09 2.0999E-09 2.0846E-09 2.0699E-09 2.0542E-09 2.0388E-09 2.0231E-09 2.0066E-09 1.9893E-09 1.9717E-09 1.9528E-09 1.9332E-09 1.9134E-09 1.8919E-09 1.8703E-09 1.8481E-09
1.9937E-09 2.0106E-09 2.0270E-09 2.0428E-09 2.0580E-09 2.0725E-09 2.0865E-09 2.0999E-09 2.1126E-09 2.1246E-09 2.1360E-09 2.1467E-09 2.1567E-09 2.1660E-09 2.1747E-09 2.1826E-09 2.1898E-09 2.1963E-09 2.2021E-09 2.2071E-09 2.2114E-09 2.2149E-09 2.2177E-09 2.2197E-09 2.2209E-09 2.2191E-09 2.2159E-09 2.2140E-09 2.2095E-09 2.2042E-09 2.1995E-09 2.1929E-09 2.1849E-09 2.1747E-09 2.1648E-09 2.1570E-09 2.1466E-09 2.1367E-09 2.1260E-09 2.1137E-09 2.1020E-09 2.0893E-09 2.0756E-09 2.0611E-09 2.0482E-09 2.0345E-09 2.0195E-09 2.0046E-09 1.9884E-09 1.9714E-09 1.9541E-09 1.9356E-09 1.9159E-09 1.8964E-09 1.8758E-09 1.8545E-09 1.8325E-09
1.9530E-09 1.9700E-09 1.9864E-09 2.0023E-09 2.0177E-09 2.0324E-09 2.0466E-09 2.0602E-09 2.0731E-09 2.0854E-09 2.0971E-09 2.1081E-09 2.1185E-09 2.1282E-09 2.1372E-09 2.1456E-09 2.1532E-09 2.1601E-09 2.1664E-09 2.1719E-09 2.1766E-09 2.1806E-09 2.1839E-09 2.1842E-09 2.1837E-09 2.1831E-09 2.1809E-09 2.1781E-09 2.1747E-09 2.1709E-09 2.1649E-09 2.1592E-09 2.1505E-09 2.1428E-09 2.1349E-09 2.1267E-09 2.1176E-09 2.1081E-09 2.0977E-09 2.0871E-09 2.0759E-09 2.0644E-09 2.0520E-09 2.0404E-09 2.0278E-09 2.0144E-09 2.0002E-09 1.9856E-09 1.9698E-09 1.9531E-09 1.9361E-09 1.9175E-09 1.8986E-09 1.8794E-09 1.8591E-09 1.8382E-09 1.8169E-09
1.9138E-09 1.9309E-09 1.9474E-09 1.9634E-09 1.9788E-09 1.9937E-09 2.0081E-09 2.0218E-09 2.0349E-09 2.0475E-09 2.0594E-09 2.0707E-09 2.0814E-09 2.0914E-09 2.1008E-09 2.1095E-09 2.1175E-09 2.1249E-09 2.1315E-09 2.1374E-09 2.1426E-09 2.1455E-09 2.1479E-09 2.1484E-09 2.1486E-09 2.1482E-09 2.1463E-09 2.1442E-09 2.1410E-09 2.1368E-09 2.1298E-09 2.1231E-09 2.1185E-09 2.1112E-09 2.1053E-09 2.0976E-09 2.0894E-09 2.0810E-09 2.0714E-09 2.0617E-09 2.0509E-09 2.0412E-09 2.0307E-09 2.0193E-09 2.0075E-09 1.9945E-09 1.9805E-09 1.9663E-09 1.9507E-09 1.9339E-09 1.9173E-09 1.8995E-09 1.8809E-09 1.8620E-09 1.8420E-09 1.8214E-09 1.8005E-09
1.8761E-09 1.8931E-09 1.9097E-09 1.9257E-09 1.9413E-09 1.9563E-09 1.9707E-09 1.9846E-09 1.9980E-09 2.0107E-09 2.0229E-09 2.0344E-09 2.0454E-09 2.0557E-09 2.0654E-09 2.0744E-09 2.0827E-09 2.0904E-09 2.0974E-09 2.1022E-09 2.1064E-09 2.1087E-09 2.1124E-09 2.1123E-09 2.1123E-09 2.1137E-09 2.1109E-09 2.1093E-09 2.1052E-09 2.0992E-09 2.0966E-09 2.0904E-09 2.0874E-09 2.0813E-09 2.0746E-09 2.0688E-09 2.0613E-09 2.0536E-09 2.0447E-09 2.0376E-09 2.0286E-09 2.0192E-09 2.0095E-09 1.9984E-09 1.9864E-09 1.9741E-09 1.9605E-09 1.9460E-09 1.9308E-09 1.9148E-09 1.8985E-09 1.8810E-09 1.8627E-09 1.8442E-09 1.8245E-09 1.8041E-09 1.7835E-09
