Assets/Resources/2015_m01_d02_1600(utc+0800)_l00_csi_1hr_conc.grd
DSAA
         159         159
     -79.000      79.000
     -79.000      79.000
  0.0000E+00  0.3557E-05
[rows 0 to 24 of 159, columns 0 to 56 of 159]
0.0000E+00 0.0000E+00 0.0000E+00 0.0000E+00 3.2513E-12 5.1776E-12 7.2885E-12 1.2846E-11 1.9635E-11 2.6663E-11 3.5786E-11 4.7270E-11 5.9424E-11 7.3434E-11 9.2163E-11 1.1470E-10 1.3977E-10 1.6850E-10 2.0149E-10 2.4050E-10 2.8591E-10 3.3660E-10 3.9385E-10 4.5816E-10 5.2988E-10 6.0949E-10 6.9834E-10 7.9634E-10 9.0349E-10 1.0212E-09 1.1490E-09 1.2864E-09 1.4337E-09 1.5898E-09 1.7548E-09 1.9275E-09 2.1068E-09 2.2910E-09 2.4787E-09 2.6680E-09 2.8572E-09 3.0442E-09 3.2267E-09 3.4024E-09 3.5692E-09 3.7249E-09 3.8674E-09 3.9950E-09 4.1061E-09 4.1997E-09 4.2744E-09 4.3290E-09 4.3624E-09 4.3750E-09 4.3663E-09 4.3369E-09 4.2872E-09
0.0000E+00 0.0000E+00 0.0000E+00 0.0000E+00 3.4472E-12 5.5207E-12 8.4413E-12 1.4275E-11 2.1527E-11 2.9185E-11 3.9151E-11 5.1033E-11 6.4287E-11 7.9651E-11 9.9880E-11 1.2324E-10 1.4994E-10 1.8097E-10 2.1570E-10 2.5808E-10 3.0615E-10 3.5982E-10 4.2113E-10 4.8982E-10 5.6611E-10 6.5144E-10 7.4571E-10 8.4938E-10 9.6394E-10 1.0889E-09 1.2239E-09 1.3691E-09 1.5246E-09 1.6902E-09 1.8649E-09 2.0477E-09 2.2371E-09 2.4322E-09 2.6308E-09 2.8312E-09 3.0311E-09 3.2283E-09 3.4204E-09 3.6053E-09 3.7807E-09 3.9440E-09 4.0932E-09 4.2262E-09 4.3413E-09 4.4372E-09 4.5131E-09 4.5679E-09 4.6007E-09 4.6109E-09 4.5986E-09 4.5640E-09 4.5084E-09
0.0000E+00 0.0000E+00 0.0000E+00 0.0000E+00 3.6195E-12 5.8329E-12 9.4625E-12 1.5808E-11 2.3149E-11 3.1449E-11 4.2083E-11 5.4849E-11 6.8907E-11 8.5608E-11 1.0718E-10 1.3173E-10 1.6055E-10 1.9282E-10 2.3060E-10 2.7524E-10 3.2607E-10 3.8335E-10 4.4864E-10 5.2189E-10 6.0300E-10 6.9318E-10 7.9302E-10 9.0369E-10 1.0251E-09 1.1567E-09 1.2989E-09 1.4527E-09 1.6172E-09 1.7920E-09 1.9760E-09 2.1687E-09 2.3685E-09 2.5738E-09 2.7825E-09 2.9931E-09 3.2031E-09 3.4101E-09 3.6120E-09 3.8060E-09 3.9896E-09 4.1603E-09 4.3159E-09 4.4542E-09 4.5734E-09 4.6716E-09 4.7482E-09 4.8024E-09 4.8336E-09 4.8412E-09 4.8248E-09 4.7854E-09 4.7234E-09
0.0000E+00 0.0000E+00 0.0000E+00 0.0000E+00 3.7087E-12 6.2265E-12 1.0295E-11 1.7080E-11 2.4497E-11 3.3789E-11 4.4877E-11 5.8270E-11 7.3038E-11 9.1692E-11 1.1412E-10 1.4049E-10 1.7049E-10 2.0516E-10 2.4511E-10 2.9180E-10 3.4608E-10 4.0672E-10 4.7638E-10 5.5350E-10 6.3913E-10 7.3476E-10 8.4092E-10 9.5798E-10 1.0854E-09 1.2243E-09 1.3748E-09 1.5370E-09 1.7099E-09 1.8938E-09 2.0875E-09 2.2901E-09 2.4998E-09 2.7153E-09 2.9345E-09 3.1555E-09 3.3755E-09 3.5927E-09 3.8040E-09 4.0069E-09 4.1983E-09 4.3763E-09 4.5382E-09 4.6816E-09 4.8045E-09 4.9054E-09 4.9827E-09 5.0358E-09 5.0646E-09 5.0689E-09 5.0485E-09 5.0035E-09 4.9349E-09
0.0000E+00 0.0000E+00 0.0000E+00 0.0000E+00 3.7788E-12 6.5749E-12 1.1044E-11 1.8130E-11 2.5524E-11 3.5679E-11 4.7432E-11 6.1244E-11 7.6787E-11 9.7212E-11 1.2092E-10 1.4853E-10 1.7983E-10 2.1688E-10 2.5843E-10 3.0806E-10 3.6512E-10 4.3012E-10 5.0296E-10 5.8438E-10 6.7515E-10 7.7640E-10 8.8840E-10 1.0113E-09 1.1456E-09 1.2922E-09 1.4507E-09 1.6209E-09 1.8033E-09 1.9968E-09 2.2004E-09 2.4131E-09 2.6340E-09 2.8607E-09 3.0912E-09 3.3230E-09 3.5537E-09 3.7810E-09 4.0020E-09 4.2136E-09 4.4136E-09 4.5989E-09 4.7669E-09 4.9152E-09 5.0418E-09 5.1448E-09 5.2229E-09 5.2750E-09 5.3008E-09 5.3005E-09 5.2747E-09 5.2235E-09 5.1473E-09
0.0000E+00 0.0000E+00 0.0000E+00 0.0000E+00 3.7531E-12 6.8524E-12 1.1584E-11 1.8946E-11 2.6487E-11 3.7252E-11 4.9599E-11 6.3798E-11 8.0574E-11 1.0196E-10 1.2736E-10 1.5582E-10 1.8929E-10 2.2782E-10 2.7183E-10 3.2322E-10 3.8469E-10 4.5251E-10 5.2888E-10 6.1511E-10 7.1053E-10 8.1724E-10 9.3473E-10 1.0638E-09 1.2055E-09 1.3593E-09 1.5260E-09 1.7052E-09 1.8964E-09 2.0989E-09 2.3124E-09 2.5353E-09 2.7660E-09 3.0029E-09 3.2439E-09 3.4863E-09 3.7275E-09 3.9643E-09 4.1946E-09 4.4152E-09 4.6230E-09 4.8151E-09 4.9885E-09 5.1414E-09 5.2713E-09 5.3762E-09 5.4548E-09 5.5060E-09 5.5291E-09 5.5242E-09 5.4921E-09 5.4339E-09 5.3503E-09
0.0000E+00 0.0000E+00 0.0000E+00 0.0000E+00 3.7110E-12 7.1336E-12 1.1985E-11 1.9477E-11 2.7208E-11 3.8572E-11 5.1381E-11 6.5679E-11 8.3739E-11 1.0686E-10 1.3313E-10 1.6277E-10 1.9766E-10 2.3809E-10 2.8397E-10 3.3860E-10 4.0281E-10 4.7359E-10 5.5432E-10 6.4439E-10 7.4534E-10 8.5674E-10 9.7981E-10 1.1157E-09 1.2642E-09 1.4259E-09 1.6008E-09 1.7884E-09 1.9885E-09 2.2006E-09 2.4237E-09 2.6566E-09 2.8980E-09 3.1459E-09 3.3979E-09 3.6514E-09 3.9033E-09 4.1506E-09 4.3904E-09 4.6196E-09 4.8348E-09 5.0337E-09 5.2132E-09 5.3705E-09 5.5034E-09 5.6098E-09 5.6885E-09 5.7381E-09 5.7583E-09 5.7488E-09 5.7103E-09 5.6439E-09 5.5513E-09
0.0000E+00 0.0000E+00 0.0000E+00 0.0000E+00 3.6522E-12 7.2634E-12 1.2218E-11 1.9773E-11 2.7694E-11 3.9561E-11 5.2789E-11 6.7695E-11 8.6589E-11 1.1122E-10 1.3818E-10 1.6917E-10 2.0529E-10 2.4762E-10 2.9574E-10 3.5304E-10 4.1946E-10 4.9442E-10 5.7811E-10 6.7343E-10 7.7854E-10 8.9483E-10 1.0242E-09 1.1662E-09 1.3219E-09 1.4911E-09 1.6738E-09 1.8700E-09 2.0794E-09 2.3010E-09 2.5342E-09 2.7775E-09 3.0291E-09 3.2870E-09 3.5490E-09 3.8129E-09 4.0755E-09 4.3334E-09 4.5829E-09 4.8203E-09 5.0433E-09 5.2488E-09 5.4335E-09 5.5943E-09 5.7298E-09 5.8375E-09 5.9158E-09 5.9636E-09 5.9804E-09 5.9662E-09 5.9206E-09 5.8458E-09 5.7437E-09
0.0000E+00 0.0000E+00 0.0000E+00 0.0000E+00 3.5769E-12 7.3306E-12 1.2373E-11 1.9966E-11 2.8023E-11 4.0158E-11 5.3596E-11 6.9220E-11 8.9290E-11 1.1480E-10 1.4249E-10 1.7476E-10 2.1233E-10 2.5610E-10 3.0691E-10 3.6600E-10 4.3555E-10 5.1327E-10 6.0156E-10 7.0048E-10 8.0981E-10 9.3191E-10 1.0666E-09 1.2152E-09 1.3776E-09 1.5542E-09 1.7451E-09 1.9503E-09 2.1687E-09 2.4002E-09 2.6432E-09 2.8964E-09 3.1584E-09 3.4271E-09 3.7003E-09 3.9745E-09 4.2470E-09 4.5145E-09 4.7735E-09 5.0201E-09 5.2506E-09 5.4622E-09 5.6516E-09 5.8167E-09 5.9545E-09 6.0630E-09 6.1405E-09 6.1861E-09 6.1990E-09 6.1795E-09 6.1279E-09 6.0455E-09 5.9337E-09
0.0000E+00 0.0000E+00 0.0000E+00 0.0000E+00 3.3861E-12 7.3343E-12 1.2342E-11 1.9897E-11 2.8086E-11 4.0434E-11 5.4139E-11 7.0521E-11 9.1233E-11 1.1791E-10 1.4664E-10 1.7976E-10 2.1843E-10 2.6387E-10 3.1700E-10 3.7853E-10 4.5007E-10 5.3200E-10 6.2339E-10 7.2566E-10 8.4024E-10 9.6679E-10 1.1074E-09 1.2620E-09 1.4311E-09 1.6156E-09 1.8147E-09 2.0283E-09 2.2561E-09 2.4972E-09 2.7502E-09 3.0142E-09 3.2867E-09 3.5658E-09 3.8486E-09 4.1327E-09 4.4147E-09 4.6917E-09 4.9602E-09 5.2161E-09 5.4551E-09 5.6733E-09 5.8681E-09 6.0365E-09 6.1762E-09 6.2844E-09 6.3606E-09 6.4029E-09 6.4113E-09 6.3857E-09 6.3262E-09 6.2352E-09 6.1140E-09
0.0000E+00 0.0000E+00 0.0000E+00 0.0000E+00 3.0127E-12 7.2742E-12 1.2225E-11 1.9506E-11 2.7991E-11 4.0369E-11 5.4226E-11 7.1575E-11 9.2796E-11 1.2006E-10 1.4968E-10 1.8388E-10 2.2364E-10 2.7092E-10 3.2586E-10 3.8935E-10 4.6357E-10 5.4858E-10 6.4295E-10 7.4931E-10 8.6786E-10 9.9971E-10 1.1454E-09 1.3063E-09 1.4829E-09 1.6743E-09 1.8815E-09 2.1042E-09 2.3412E-09 2.5920E-09 2.8552E-09 3.1292E-09 3.4117E-09 3.7011E-09 3.9949E-09 4.2898E-09 4.5822E-09 4.8685E-09 5.1451E-09 5.4084E-09 5.6544E-09 5.8789E-09 6.0783E-09 6.2497E-09 6.3909E-09 6.4997E-09 6.5744E-09 6.6139E-09 6.6179E-09 6.5863E-09 6.5199E-09 6.4202E-09 6.2876E-09
0.0000E+00 0.0000E+00 0.0000E+00 0.0000E+00 2.5544E-12 7.1505E-12 1.2014E-11 1.9000E-11 2.7563E-11 3.9960E-11 5.4210E-11 7.2152E-11 9.3780E-11 1.2195E-10 1.5183E-10 1.8706E-10 2.2800E-10 2.7684E-10 3.3346E-10 3.9899E-10 4.7542E-10 5.6340E-10 6.6106E-10 7.7044E-10 8.9361E-10 1.0299E-09 1.1815E-09 1.3487E-09 1.5314E-09 1.7307E-09 1.9462E-09 2.1771E-09 2.4233E-09 2.6836E-09 2.9566E-09 3.2410E-09 3.5349E-09 3.8351E-09 4.1388E-09 4.4430E-09 4.7445E-09 5.0396E-09 5.3244E-09 5.5951E-09 5.8477E-09 6.0785E-09 6.2834E-09 6.4584E-09 6.6009E-09 6.7093E-09 6.7819E-09 6.8177E-09 6.8162E-09 6.7777E-09 6.7028E-09 6.5939E-09 6.4523E-09
0.0000E+00 0.0000E+00 0.0000E+00 0.0000E+00 1.8174E-12 6.8064E-12 1.1724E-11 1.8381E-11 2.6658E-11 3.9404E-11 5.3690E-11 7.1752E-11 9.4391E-11 1.2307E-10 1.5377E-10 1.8951E-10 2.3140E-10 2.8135E-10 3.3998E-10 4.0765E-10 4.8565E-10 5.7588E-10 6.7639E-10 7.8956E-10 9.1637E-10 1.0581E-09 1.2150E-09 1.3877E-09 1.5776E-09 1.7841E-09 2.0071E-09 2.2465E-09 2.5019E-09 2.7720E-09 3.0555E-09 3.3501E-09 3.6535E-09 3.9635E-09 4.2771E-09 4.5911E-09 4.9027E-09 5.2077E-09 5.5018E-09 5.7806E-09 6.0397E-09 6.2755E-09 6.4843E-09 6.6623E-09 6.8062E-09 6.9137E-09 6.9839E-09 7.0157E-09 7.0082E-09 6.9622E-09 6.8794E-09 6.7608E-09 6.6071E-09
0.0000E+00 0.0000E+00 0.0000E+00 0.0000E+00 1.4109E-12 5.5676E-12 1.1356E-11 1.7684E-11 2.5571E-11 3.8792E-11 5.3001E-11 7.0947E-11 9.4318E-11 1.2353E-10 1.5459E-10 1.9124E-10 2.3418E-10 2.8526E-10 3.4516E-10 4.1483E-10 4.9511E-10 5.8620E-10 6.9038E-10 8.0647E-10 9.3758E-10 1.0839E-09 1.2456E-09 1.4246E-09 1.6204E-09 1.8337E-09 2.0648E-09 2.3128E-09 2.5774E-09 2.8567E-09 3.1493E-09 3.4533E-09 3.7670E-09 4.0881E-09 4.4130E-09 4.7380E-09 5.0588E-09 5.3715E-09 5.6724E-09 5.9572E-09 6.2218E-09 6.4620E-09 6.6741E-09 6.8546E-09 6.9999E-09 7.1070E-09 7.1745E-09 7.2018E-09 7.1889E-09 7.1362E-09 7.0446E-09 6.9161E-09 6.7529E-09
0.0000E+00 0.0000E+00 0.0000E+00 0.0000E+00 8.7864E-13 4.4125E-12 1.0323E-11 1.6875E-11 2.4121E-11 3.7346E-11 5.2321E-11 7.0083E-11 9.3266E-11 1.2312E-10 1.5483E-10 1.9218E-10 2.3590E-10 2.8830E-10 3.4943E-10 4.2080E-10 5.0203E-10 5.9494E-10 7.0177E-10 8.2148E-10 9.5606E-10 1.1067E-09 1.2737E-09 1.4575E-09 1.6597E-09 1.8804E-09 2.1190E-09 2.3750E-09 2.6476E-09 2.9355E-09 3.2381E-09 3.5531E-09 3.8779E-09 4.2089E-09 4.5430E-09 4.8765E-09 5.2058E-09 5.5267E-09 5.8351E-09 6.1270E-09 6.3977E-09 6.6427E-09 6.8581E-09 7.0401E-09 7.1859E-09 7.2926E-09 7.3576E-09 7.3801E-09 7.3602E-09 7.2995E-09 7.1989E-09 7.0601E-09 6.8845E-09
0.0000E+00 0.0000E+00 0.0000E+00 0.0000E+00 4.2436E-13 3.7330E-12 8.9551E-12 1.5866E-11 2.2706E-11 3.5041E-11 5.0993E-11 6.8809E-11 9.1960E-11 1.2215E-10 1.5444E-10 1.9230E-10 2.3664E-10 2.8988E-10 3.5264E-10 4.2478E-10 5.0737E-10 6.0172E-10 7.1086E-10 8.3389E-10 9.7191E-10 1.1267E-09 1.2977E-09 1.4873E-09 1.6956E-09 1.9226E-09 2.1681E-09 2.4315E-09 2.7127E-09 3.0106E-09 3.3230E-09 3.6475E-09 3.9813E-09 4.3214E-09 4.6647E-09 5.0084E-09 5.3479E-09 5.6783E-09 5.9946E-09 6.2924E-09 6.5675E-09 6.8158E-09 7.0331E-09 7.2159E-09 7.3609E-09 7.4660E-09 7.5286E-09 7.5472E-09 7.5215E-09 7.4523E-09 7.3414E-09 7.1924E-09 7.0068E-09
0.0000E+00 0.0000E+00 0.0000E+00 0.0000E+00 0.0000E+00 2.8035E-12 7.5948E-12 1.4722E-11 2.1141E-11 3.2545E-11 4.8619E-11 6.7089E-11 8.9620E-11 1.2008E-10 1.5340E-10 1.9156E-10 2.3637E-10 2.9063E-10 3.5421E-10 4.2675E-10 5.1061E-10 6.0669E-10 7.1713E-10 8.4364E-10 9.8472E-10 1.1423E-09 1.3187E-09 1.5133E-09 1.7268E-09 1.9595E-09 2.2118E-09 2.4835E-09 2.7731E-09 3.0795E-09 3.4005E-09 3.7338E-09 4.0776E-09 4.4288E-09 4.7829E-09 5.1355E-09 5.4823E-09 5.8194E-09 6.1421E-09 6.4457E-09 6.7255E-09 6.9772E-09 7.1965E-09 7.3798E-09 7.5240E-09 7.6265E-09 7.6852E-09 7.6989E-09 7.6674E-09 7.5908E-09 7.4713E-09 7.3116E-09 7.1147E-09
0.0000E+00 0.0000E+00 0.0000E+00 0.0000E+00 0.0000E+00 1.8806E-12 5.9936E-12 1.2769E-11 1.9638E-11 3.0462E-11 4.5918E-11 6.4934E-11 8.7113E-11 1.1707E-10 1.5168E-10 1.9027E-10 2.3525E-10 2.9000E-10 3.5412E-10 4.2723E-10 5.1178E-10 6.0952E-10 7.2145E-10 8.5017E-10 9.9380E-10 1.1554E-09 1.3357E-09 1.5359E-09 1.7563E-09 1.9970E-09 2.2573E-09 2.5373E-09 2.8353E-09 3.1505E-09 3.4814E-09 3.8258E-09 4.1800E-09 4.5402E-09 4.9031E-09 5.2646E-09 5.6203E-09 5.9655E-09 6.2962E-09 6.6066E-09 6.8918E-09 7.1471E-09 7.3683E-09 7.5516E-09 7.6943E-09 7.7935E-09 7.8474E-09 7.8550E-09 7.8162E-09 7.7307E-09 7.6008E-09 7.4297E-09 7.2206E-09
0.0000E+00 0.0000E+00 0.0000E+00 0.0000E+00 0.0000E+00 9.0640E-13 4.7250E-12 1.0210E-11 1.7915E-11 2.8018E-11 4.3096E-11 6.2272E-11 8.4328E-11 1.1256E-10 1.4781E-10 1.8790E-10 2.3313E-10 2.8764E-10 3.5232E-10 4.2591E-10 5.1095E-10 6.1030E-10 7.2352E-10 8.5275E-10 1.0002E-09 1.1646E-09 1.3476E-09 1.5529E-09 1.7782E-09 2.0244E-09 2.2907E-09 2.5777E-09 2.8842E-09 3.2080E-09 3.5476E-09 3.9001E-09 4.2623E-09 4.6311E-09 5.0032E-09 5.3746E-09 5.7396E-09 6.0930E-09 6.4296E-09 6.7448E-09 7.0336E-09 7.2914E-09 7.5138E-09 7.6970E-09 7.8377E-09 7.9337E-09 7.9826E-09 7.9839E-09 7.9376E-09 7.8445E-09 7.7060E-09 7.5246E-09 7.3040E-09
0.0000E+00 0.0000E+00 0.0000E+00 0.0000E+00 0.0000E+00 6.5775E-13 3.4413E-12 8.7048E-12 1.5604E-11 2.5348E-11 4.0290E-11 5.8681E-11 8.0738E-11 1.0883E-10 1.4341E-10 1.8441E-10 2.2943E-10 2.8462E-10 3.4927E-10 4.2284E-10 5.0875E-10 6.0866E-10 7.2252E-10 8.5314E-10 1.0028E-09 1.1695E-09 1.3559E-09 1.5649E-09 1.7944E-09 2.0465E-09 2.3207E-09 2.6162E-09 2.9320E-09 3.2652E-09 3.6129E-09 3.9741E-09 4.3465E-09 4.7262E-09 5.1085E-09 5.4882E-09 5.8610E-09 6.2218E-09 6.5653E-09 6.8862E-09 7.1794E-09 7.4404E-09 7.6645E-09 7.8475E-09 7.9865E-09 8.0788E-09 8.1224E-09 8.1166E-09 8.0616E-09 7.9582E-09 7.8094E-09 7.6172E-09 7.3849E-09
0.0000E+00 0.0000E+00 0.0000E+00 0.0000E+00 0.0000E+00 5.2515E-13 2.1988E-12 6.8703E-12 1.3331E-11 2.2787E-11 3.6323E-11 5.3904E-11 7.6719E-11 1.0404E-10 1.3830E-10 1.7987E-10 2.2487E-10 2.7985E-10 3.4430E-10 4.1869E-10 5.0455E-10 6.0393E-10 7.1949E-10 8.5095E-10 1.0008E-09 1.1706E-09 1.3600E-09 1.5713E-09 1.8062E-09 2.0634E-09 2.3425E-09 2.6443E-09 2.9658E-09 3.3056E-09 3.6630E-09 4.0336E-09 4.4145E-09 4.8018E-09 5.1918E-09 5.5810E-09 5.9628E-09 6.3323E-09 6.6835E-09 7.0106E-09 7.3081E-09 7.5714E-09 7.7961E-09 7.9782E-09 8.1144E-09 8.2025E-09 8.2385E-09 8.2235E-09 8.1606E-09 8.0485E-09 7.8894E-09 7.6864E-09 7.4431E-09
0.0000E+00 0.0000E+00 0.0000E+00 0.0000E+00 0.0000E+00 3.7250E-13 1.3931E-12 4.9641E-12 1.0506E-11 1.9704E-11 3.2688E-11 4.9834E-11 7.2454E-11 9.8985E-11 1.3305E-10 1.7263E-10 2.1915E-10 2.7389E-10 3.3793E-10 4.1271E-10 4.9808E-10 5.9766E-10 7.1346E-10 8.4564E-10 9.9610E-10 1.1670E-09 1.3591E-09 1.5741E-09 1.8125E-09 2.0733E-09 2.3574E-09 2.6639E-09 2.9925E-09 3.3420E-09 3.7098E-09 4.0922E-09 4.4833E-09 4.8810E-09 5.2813E-09 5.6788E-09 6.0686E-09 6.4446E-09 6.8015E-09 7.1335E-09 7.4352E-09 7.7014E-09 7.9273E-09 8.1089E-09 8.2430E-09 8.3271E-09 8.3593E-09 8.3391E-09 8.2671E-09 8.1446E-09 7.9734E-09 7.7551E-09 7.4998E-09
0.0000E+00 0.0000E+00 0.0000E+00 0.0000E+00 0.0000E+00 1.9913E-13 1.0702E-12 2.9549E-12 8.4044E-12 1.6835E-11 2.8782E-11 4.5687E-11 6.7631E-11 9.3457E-11 1.2599E-10 1.6539E-10 2.1247E-10 2.6664E-10 3.3098E-10 4.0485E-10 4.8999E-10 5.8943E-10 7.0457E-10 8.3757E-10 9.8809E-10 1.1587E-09 1.3544E-09 1.5718E-09 1.8121E-09 2.0770E-09 2.3649E-09 2.6767E-09 3.0117E-09 3.3698E-09 3.7459E-09 4.1354E-09 4.5361E-09 4.9414E-09 5.3491E-09 5.7546E-09 6.1524E-09 6.5360E-09 6.9005E-09 7.2390E-09 7.5454E-09 7.8143E-09 8.0407E-09 8.2199E-09 8.3499E-09 8.4289E-09 8.4533E-09 8.4252E-09 8.3446E-09 8.2125E-09 8.0315E-09 7.8052E-09 7.5378E-09
0.0000E+00 0.0000E+00 0.0000E+00 0.0000E+00 0.0000E+00 4.0095E-15 8.2228E-13 1.9093E-12 6.2771E-12 1.3127E-11 2.5406E-11 4.1161E-11 6.1593E-11 8.7758E-11 1.1882E-10 1.5754E-10 2.0371E-10 2.5852E-10 3.2236E-10 3.9568E-10 4.8056E-10 5.7883E-10 6.9373E-10 8.2599E-10 9.7654E-10 1.1483E-09 1.3447E-09 1.5640E-09 1.8063E-09 2.0740E-09 2.3678E-09 2.6857E-09 3.0267E-09 3.3892E-09 3.7705E-09 4.1685E-09 4.5790E-09 4.9963E-09 5.4141E-09 5.8286E-09 6.2344E-09 6.6248E-09 6.9940E-09 7.3363E-09 7.6457E-09 7.9166E-09 8.1441E-09 8.3238E-09 8.4527E-09 8.5280E-09 8.5483E-09 8.5132E-09 8.4192E-09 8.2771E-09 8.0852E-09 7.8428E-09 7.5638E-09
0.0000E+00 0.0000E+00 0.0000E+00 0.0000E+00 0.0000E+00 0.0000E+00 6.0441E-13 1.5928E-12 4.0894E-12 1.1167E-11 2.1279E-11 3.6454E-11 5.7095E-11 8.1932E-11 1.1122E-10 1.4919E-10 1.9458E-10 2.4908E-10 3.1200E-10 3.8520E-10 4.6848E-10 5.6698E-10 6.8025E-10 8.1099E-10 9.6221E-10 1.1346E-09 1.3299E-09 1.5508E-09 1.7956E-09 2.0668E-09 2.3641E-09 2.6857E-09 3.0327E-09 3.4029E-09 3.7927E-09 4.1978E-09 4.6163E-09 5.0441E-09 5.4730E-09 5.8950E-09 6.3079E-09 6.7054E-09 7.0810E-09 7.4284E-09 7.7421E-09 8.0152E-09 8.2423E-09 8.4188E-09 8.5443E-09 8.6148E-09 8.6290E-09 8.5863E-09 8.4876E-09 8.3350E-09 8.1315E-09 7.8772E-09 7.5857E-09
