Assets/Resources/2015_m01_d03_0500(utc+0800)_l00_csi_1hr_conc.grd
DSAA
         159         159
     -79.000      79.000
     -79.000      79.000
  0.0000E+00  0.4802E-05
[rows 125 to 149 of 159, columns 0 to 56 of 159]
1.7190E-11 2.2334E-11 2.4190E-11 2.8318E-11 3.3330E-11 3.8978E-11 4.3738E-11 4.8996E-11 5.4586E-11 6.2824E-11 6.7279E-11 7.5579E-11 8.2332E-11 8.9353E-11 9.7002E-11 1.0227E-10 1.0881E-10 1.1713E-10 1.2408E-10 1.2857E-10 1.4073E-10 1.4610E-10 1.5428E-10 1.6517E-10 1.7351E-10 1.8121E-10 1.9214E-10 2.0270E-10 2.1118E-10 2.2475E-10 2.3484E-10 2.4414E-10 2.5731E-10 2.6995E-10 2.7776E-10 2.9354E-10 3.0493E-10 3.1843E-10 3.3286E-10 3.4471E-10 3.5851E-10 3.7343E-10 3.8529E-10 4.0122E-10 4.1617E-10 4.2940E-10 4.5209E-10 4.6581E-10 4.7967E-10 4.9993E-10 5.1674E-10 5.3020E-10 5.5323E-10 5.7403E-10 5.8768E-10 6.0130E-10 6.2984E-10
1.3532E-11 1.5405E-11 2.0155E-11 2.4045E-11 2.8130E-11 3.3096E-11 3.8291E-11 4.3391E-11 4.9177E-11 5.4448E-11 6.2347E-11 6.6593E-11 7.3985E-11 7.9803E-11 8.6378E-11 9.5435E-11 1.0031E-10 1.0702E-10 1.1474E-10 1.2129E-10 1.2839E-10 1.3757E-10 1.4317E-10 1.5150E-10 1.6057E-10 1.7081E-10 1.7786E-10 1.8697E-10 1.9934E-10 2.0715E-10 2.1874E-10 2.2898E-10 2.3929E-10 2.5173E-10 2.6322E-10 2.7334E-10 2.8742E-10 2.9761E-10 3.1201E-10 3.2467E-10 3.3703E-10 3.4998E-10 3.6307E-10 3.7489E-10 3.9120E-10 4.0628E-10 4.1852E-10 4.3923E-10 4.5236E-10 4.6594E-10 4.8604E-10 5.0107E-10 5.1567E-10 5.3755E-10 5.5656E-10 5.6946E-10 5.8230E-10
1.0350E-11 1.3458E-11 1.4934E-11 2.0021E-11 2.3472E-11 2.7147E-11 3.0713E-11 3.6825E-11 4.2014E-11 4.7347E-11 5.1556E-11 5.7941E-11 6.4836E-11 7.1700E-11 7.8230E-11 8.5722E-11 9.2809E-11 9.8961E-11 1.0403E-10 1.1312E-10 1.1904E-10 1.2494E-10 1.3548E-10 1.4143E-10 1.4956E-10 1.5794E-10 1.6588E-10 1.7365E-10 1.8371E-10 1.9377E-10 2.0176E-10 2.1473E-10 2.2425E-10 2.3421E-10 2.4550E-10 2.5561E-10 2.6651E-10 2.7936E-10 2.8999E-10 3.0491E-10 3.1672E-10 3.2726E-10 3.4023E-10 3.5422E-10 3.6560E-10 3.8063E-10 3.9420E-10 4.0588E-10 4.2650E-10 4.3989E-10 4.5350E-10 4.7253E-10 4.8590E-10 4.9931E-10 5.2047E-10 5.3647E-10 5.5083E-10
6.5761E-12 1.0285E-11 1.2194E-11 1.4826E-11 1.8087E-11 2.3276E-11 2.5704E-11 3.0430E-11 3.4859E-11 4.1200E-11 4.5256E-11 5.0978E-11 5.7265E-11 6.4411E-11 7.0797E-11 7.5058E-11 8.2734E-11 8.9602E-11 9.6696E-11 1.0245E-10 1.0950E-10 1.1675E-10 1.2245E-10 1.3051E-10 1.3905E-10 1.4618E-10 1.5237E-10 1.6291E-10 1.6953E-10 1.7820E-10 1.9010E-10 1.9903E-10 2.0673E-10 2.1718E-10 2.2761E-10 2.3960E-10 2.4802E-10 2.6116E-10 2.7326E-10 2.8269E-10 2.9588E-10 3.0595E-10 3.1741E-10 3.3166E-10 3.4383E-10 3.5423E-10 3.6879E-10 3.8265E-10 3.9525E-10 4.1490E-10 4.2686E-10 4.3887E-10 4.5725E-10 4.6997E-10 4.8268E-10 4.9947E-10 5.2014E-10
4.1474E-12 6.5302E-12 1.0207E-11 1.2100E-11 1.4146E-11 1.7924E-11 2.2682E-11 2.5446E-11 3.0113E-11 3.2319E-11 4.0726E-11 4.4716E-11 4.9211E-11 5.4386E-11 6.0190E-11 6.8434E-11 7.2729E-11 8.0759E-11 8.5980E-11 9.2885E-11 9.8161E-11 1.0770E-10 1.1169E-10 1.1992E-10 1.2774E-10 1.3456E-10 1.4183E-10 1.5083E-10 1.5657E-10 1.6621E-10 1.7468E-10 1.8290E-10 1.9326E-10 2.0242E-10 2.1173E-10 2.2063E-10 2.3352E-10 2.4067E-10 2.5268E-10 2.6290E-10 2.7382E-10 2.8683E-10 2.9804E-10 3.0736E-10 3.2115E-10 3.3100E-10 3.4215E-10 3.5901E-10 3.6960E-10 3.8024E-10 4.0120E-10 4.1258E-10 4.2236E-10 4.4303E-10 4.5509E-10 4.6598E-10 4.8337E-10
2.3167E-12 4.1152E-12 4.8227E-12 8.4799E-12 1.1054E-11 1.3623E-11 1.5674E-11 2.0765E-11 2.4201E-11 2.8441E-11 3.0799E-11 3.6334E-11 4.2186E-11 4.6750E-11 5.3255E-11 5.7158E-11 6.5545E-11 7.0588E-11 7.6872E-11 8.3577E-11 9.0295E-11 9.5344E-11 1.0497E-10 1.0901E-10 1.1622E-10 1.2373E-10 1.3198E-10 1.3583E-10 1.4613E-10 1.5338E-10 1.6081E-10 1.6902E-10 1.7899E-10 1.8870E-10 1.9587E-10 2.0565E-10 2.1559E-10 2.2490E-10 2.3290E-10 2.4492E-10 2.5648E-10 2.6701E-10 2.7745E-10 2.8821E-10 2.9749E-10 3.1214E-10 3.2204E-10 3.3151E-10 3.4689E-10 3.5696E-10 3.6744E-10 3.8609E-10 3.9789E-10 4.0922E-10 4.2442E-10 4.3751E-10 4.4896E-10
5.3204E-13 2.2967E-12 4.0783E-12 4.7789E-12 8.3961E-12 1.0942E-11 1.2299E-11 1.5500E-11 1.9314E-11 2.3528E-11 2.6890E-11 3.0386E-11 3.5453E-11 4.0615E-11 4.5658E-11 5.0006E-11 5.5689E-11 6.0909E-11 6.7708E-11 7.5565E-11 8.0990E-11 8.7072E-11 9.1975E-11 1.0191E-10 1.0606E-10 1.1352E-10 1.1937E-10 1.2889E-10 1.3257E-10 1.4147E-10 1.4807E-10 1.5727E-10 1.6527E-10 1.7166E-10 1.8355E-10 1.9131E-10 1.9813E-10 2.0696E-10 2.1807E-10 2.2708E-10 2.3654E-10 2.4785E-10 2.5588E-10 2.6696E-10 2.7843E-10 2.8890E-10 2.9965E-10 3.1073E-10 3.1972E-10 3.3352E-10 3.4540E-10 3.5591E-10 3.7169E-10 3.8389E-10 3.9415E-10 4.0669E-10 4.2110E-10
0.0000E+00 5.2712E-13 2.2741E-12 2.8976E-12 4.7298E-12 7.1291E-12 1.0261E-11 1.2153E-11 1.5309E-11 1.6990E-11 2.3209E-11 2.6117E-11 2.9189E-11 3.3221E-11 3.7060E-11 4.3990E-11 4.7380E-11 5.3635E-11 5.7717E-11 6.3508E-11 7.1468E-11 7.7654E-11 8.3672E-11 8.8184E-11 9.6485E-11 1.0279E-10 1.0858E-10 1.1558E-10 1.2183E-10 1.2816E-10 1.3668E-10 1.4342E-10 1.5040E-10 1.5886E-10 1.6756E-10 1.7493E-10 1.8466E-10 1.9022E-10 2.0171E-10 2.0987E-10 2.1905E-10 2.2663E-10 2.3850E-10 2.4697E-10 2.5874E-10 2.6670E-10 2.7675E-10 2.8730E-10 2.9865E-10 3.0818E-10 3.2256E-10 3.3341E-10 3.4054E-10 3.5767E-10 3.6964E-10 3.7766E-10 3.8735E-10
0.0000E+00 0.0000E+00 0.0000E+00 1.7204E-12 2.3301E-12 4.1337E-12 4.8419E-12 8.4895E-12 1.1054E-11 1.4721E-11 1.6758E-11 2.0006E-11 2.4799E-11 2.6980E-11 3.2330E-11 3.4337E-11 4.0505E-11 4.5189E-11 4.9748E-11 5.4723E-11 5.9559E-11 6.5380E-11 7.4001E-11 7.8960E-11 8.4969E-11 9.0967E-11 9.8978E-11 1.0379E-10 1.1107E-10 1.1904E-10 1.2475E-10 1.3021E-10 1.3885E-10 1.4673E-10 1.5379E-10 1.6137E-10 1.6963E-10 1.7990E-10 1.8443E-10 1.9438E-10 2.0125E-10 2.1254E-10 2.1990E-10 2.2882E-10 2.3776E-10 2.4760E-10 2.5744E-10 2.6590E-10 2.7808E-10 2.8612E-10 2.9634E-10 3.0818E-10 3.1714E-10 3.2793E-10 3.4110E-10 3.5183E-10 3.6339E-10
0.0000E+00 0.0000E+00 0.0000E+00 0.0000E+00 1.6986E-12 2.3002E-12 2.9303E-12 4.7777E-12 7.1921E-12 1.0895E-11 1.2796E-11 1.5376E-11 1.7058E-11 2.2702E-11 2.6128E-11 2.9634E-11 3.2790E-11 3.7701E-11 4.3415E-11 4.7430E-11 5.2045E-11 5.7643E-11 6.0710E-11 6.9456E-11 7.4548E-11 8.1262E-11 8.6659E-11 9.3792E-11 9.9749E-11 1.0533E-10 1.1429E-10 1.1938E-10 1.2654E-10 1.3166E-10 1.4110E-10 1.4779E-10 1.5712E-10 1.6104E-10 1.6982E-10 1.7812E-10 1.8721E-10 1.9515E-10 1.9973E-10 2.1150E-10 2.1890E-10 2.2974E-10 2.3758E-10 2.4866E-10 2.5588E-10 2.6534E-10 2.7510E-10 2.8308E-10 2.9507E-10 3.0549E-10 3.1583E-10 3.2615E-10 3.3824E-10
0.0000E+00 0.0000E+00 0.0000E+00 0.0000E+00 0.0000E+00 5.2691E-13 2.2680E-12 2.8890E-12 4.7085E-12 5.4264E-12 9.6251E-12 1.2204E-11 1.3568E-11 1.6774E-11 1.9983E-11 2.4736E-11 2.7946E-11 3.1786E-11 3.4720E-11 3.9269E-11 4.4939E-11 4.9604E-11 5.4230E-11 5.8062E-11 6.3452E-11 6.9864E-11 7.6637E-11 8.4014E-11 8.7536E-11 9.3988E-11 9.8776E-11 1.0814E-10 1.1430E-10 1.1966E-10 1.2780E-10 1.3389E-10 1.4265E-10 1.4615E-10 1.5538E-10 1.6321E-10 1.7090E-10 1.7623E-10 1.8571E-10 1.9284E-10 2.0327E-10 2.0960E-10 2.1791E-10 2.2802E-10 2.3510E-10 2.4446E-10 2.5367E-10 2.6488E-10 2.7067E-10 2.8149E-10 2.9305E-10 2.9867E-10 3.0846E-10
0.0000E+00 0.0000E+00 0.0000E+00 0.0000E+00 0.0000E+00 0.0000E+00 0.0000E+00 1.7056E-12 2.8448E-12 4.6347E-12 5.3409E-12 7.7595E-12 1.1454E-11 1.2779E-11 1.6090E-11 1.7562E-11 2.1401E-11 2.5564E-11 2.9412E-11 3.2083E-11 3.6164E-11 3.9965E-11 4.7595E-11 5.0321E-11 5.5130E-11 6.0132E-11 6.4897E-11 6.9482E-11 7.7376E-11 8.3180E-11 8.9930E-11 9.4526E-11 1.0111E-10 1.0806E-10 1.1399E-10 1.2272E-10 1.2699E-10 1.3747E-10 1.4148E-10 1.4964E-10 1.5518E-10 1.6387E-10 1.7004E-10 1.7821E-10 1.8561E-10 1.8963E-10 2.0080E-10 2.0761E-10 2.1598E-10 2.2447E-10 2.3341E-10 2.4369E-10 2.4846E-10 2.5896E-10 2.6969E-10 2.7511E-10 2.8662E-10
0.0000E+00 0.0000E+00 0.0000E+00 0.0000E+00 0.0000E+00 0.0000E+00 0.0000E+00 0.0000E+00 5.2805E-13 2.2691E-12 2.8897E-12 4.7044E-12 5.4200E-12 7.8673E-12 1.2151E-11 1.4071E-11 1.6656E-11 1.8342E-11 2.2157E-11 2.7468E-11 3.0211E-11 3.4623E-11 3.6983E-11 4.2064E-11 4.6567E-11 5.2441E-11 5.6476E-11 6.2173E-11 6.4859E-11 6.9684E-11 7.7954E-11 8.4228E-11 9.1327E-11 9.4210E-11 1.0324E-10 1.0681E-10 1.1482E-10 1.2077E-10 1.2785E-10 1.3529E-10 1.4063E-10 1.4959E-10 1.5325E-10 1.6221E-10 1.6871E-10 1.7589E-10 1.8215E-10 1.9049E-10 1.9971E-10 2.0369E-10 2.1328E-10 2.2103E-10 2.2773E-10 2.3808E-10 2.4474E-10 2.5328E-10 2.6329E-10
0.0000E+00 0.0000E+00 0.0000E+00 0.0000E+00 0.0000E+00 0.0000E+00 0.0000E+00 0.0000E+00 0.0000E+00 0.0000E+00 1.6991E-12 2.8368E-12 3.4745E-12 5.3184E-12 7.1822E-12 1.1369E-11 1.2846E-11 1.4766E-11 1.7957E-11 1.9067E-11 2.3395E-11 2.7629E-11 3.2081E-11 3.4777E-11 3.9000E-11 4.2244E-11 4.7787E-11 5.3307E-11 5.6478E-11 6.0921E-11 6.4746E-11 6.9561E-11 7.4791E-11 8.3597E-11 8.9325E-11 9.6590E-11 1.0134E-10 1.0599E-10 1.1318E-10 1.1732E-10 1.2696E-10 1.3390E-10 1.4036E-10 1.4672E-10 1.5397E-10 1.6097E-10 1.6781E-10 1.7331E-10 1.8027E-10 1.8768E-10 1.9480E-10 2.0239E-10 2.0891E-10 2.1632E-10 2.2457E-10 2.3220E-10 2.3809E-10
0.0000E+00 0.0000E+00 0.0000E+00 0.0000E+00 0.0000E+00 0.0000E+00 0.0000E+00 0.0000E+00 0.0000E+00 0.0000E+00 0.0000E+00 5.2502E-13 2.2524E-12 2.8675E-12 4.6633E-12 5.9296E-12 8.3520E-12 1.1458E-11 1.3893E-11 1.4863E-11 1.8063E-11 1.9162E-11 2.4091E-11 2.8275E-11 3.2168E-11 3.4219E-11 3.9060E-11 4.1076E-11 4.6641E-11 5.3217E-11 5.8261E-11 6.0710E-11 6.6457E-11 6.9697E-11 7.2734E-11 8.1847E-11 8.7341E-11 9.4807E-11 9.9640E-11 1.0672E-10 1.1030E-10 1.2052E-10 1.2309E-10 1.3042E-10 1.3885E-10 1.4414E-10 1.5080E-10 1.5726E-10 1.6385E-10 1.6907E-10 1.7615E-10 1.8535E-10 1.8910E-10 1.9739E-10 2.0458E-10 2.0803E-10 2.1914E-10
0.0000E+00 0.0000E+00 0.0000E+00 0.0000E+00 0.0000E+00 0.0000E+00 0.0000E+00 0.0000E+00 0.0000E+00 0.0000E+00 0.0000E+00 0.0000E+00 0.0000E+00 5.2978E-13 2.8065E-12 3.4368E-12 5.2541E-12 5.9762E-12 8.4091E-12 1.2643E-11 1.3955E-11 1.6084E-11 1.8695E-11 2.0309E-11 2.4127E-11 3.0010E-11 3.2740E-11 3.6451E-11 3.9601E-11 4.1743E-11 4.6168E-11 5.1154E-11 5.7184E-11 6.0312E-11 6.4783E-11 6.9776E-11 7.4175E-11 7.7380E-11 8.6435E-11 9.3730E-11 9.8151E-11 1.0425E-10 1.0841E-10 1.1720E-10 1.1956E-10 1.2959E-10 1.3385E-10 1.3838E-10 1.4776E-10 1.5262E-10 1.6017E-10 1.6608E-10 1.7277E-10 1.7790E-10 1.8458E-10 1.9108E-10 1.9830E-10
0.0000E+00 0.0000E+00 0.0000E+00 0.0000E+00 0.0000E+00 0.0000E+00 0.0000E+00 0.0000E+00 0.0000E+00 0.0000E+00 0.0000E+00 0.0000E+00 0.0000E+00 0.0000E+00 0.0000E+00 1.0626E-12 2.8231E-12 3.4567E-12 5.8387E-12 6.5727E-12 8.4409E-12 1.2675E-11 1.5126E-11 1.6107E-11 1.9788E-11 2.0901E-11 2.4656E-11 2.8737E-11 3.2262E-11 3.6339E-11 3.7836E-11 4.1527E-11 4.4727E-11 4.9103E-11 5.5485E-11 5.9841E-11 6.5364E-11 6.6788E-11 7.1720E-11 7.6053E-11 8.0651E-11 8.9140E-11 9.4960E-11 1.0031E-10 1.0609E-10 1.1166E-10 1.1702E-10 1.2435E-10 1.2959E-10 1.3431E-10 1.4147E-10 1.4653E-10 1.5259E-10 1.5729E-10 1.6494E-10 1.7133E-10 1.7924E-10
0.0000E+00 0.0000E+00 0.0000E+00 0.0000E+00 0.0000E+00 0.0000E+00 0.0000E+00 0.0000E+00 0.0000E+00 0.0000E+00 0.0000E+00 0.0000E+00 0.0000E+00 0.0000E+00 0.0000E+00 0.0000E+00 0.0000E+00 1.0671E-12 2.8311E-12 4.0196E-12 5.8558E-12 6.5911E-12 9.0273E-12 1.2669E-11 1.5116E-11 1.6081E-11 1.9366E-11 2.0844E-11 2.3652E-11 2.8033E-11 3.2820E-11 3.5743E-11 3.7562E-11 4.1992E-11 4.3973E-11 4.6513E-11 5.2576E-11 5.7906E-11 6.2163E-11 6.6737E-11 7.0707E-11 7.3811E-11 7.8162E-11 8.2165E-11 9.0283E-11 9.3967E-11 1.0284E-10 1.0845E-10 1.1213E-10 1.1890E-10 1.2430E-10 1.2837E-10 1.3605E-10 1.3986E-10 1.4698E-10 1.5103E-10 1.5368E-10
0.0000E+00 0.0000E+00 0.0000E+00 0.0000E+00 0.0000E+00 0.0000E+00 0.0000E+00 0.0000E+00 0.0000E+00 0.0000E+00 0.0000E+00 0.0000E+00 0.0000E+00 0.0000E+00 0.0000E+00 0.0000E+00 0.0000E+00 0.0000E+00 0.0000E+00 1.0684E-12 3.3756E-12 4.0227E-12 6.4194E-12 6.5892E-12 8.4827E-12 1.1448E-11 1.4670E-11 1.7670E-11 1.8106E-11 2.1837E-11 2.2963E-11 2.5048E-11 3.1882E-11 3.5017E-11 3.8320E-11 4.0371E-11 4.1867E-11 4.5567E-11 4.8907E-11 5.3840E-11 6.0592E-11 6.4032E-11 6.7519E-11 7.1752E-11 7.6313E-11 8.0746E-11 8.5476E-11 8.7609E-11 9.7155E-11 1.0072E-10 1.0748E-10 1.1122E-10 1.1836E-10 1.2446E-10 1.2939E-10 1.3131E-10 1.3847E-10
0.0000E+00 0.0000E+00 0.0000E+00 0.0000E+00 0.0000E+00 0.0000E+00 0.0000E+00 0.0000E+00 0.0000E+00 0.0000E+00 0.0000E+00 0.0000E+00 0.0000E+00 0.0000E+00 0.0000E+00 0.0000E+00 0.0000E+00 0.0000E+00 0.0000E+00 0.0000E+00 0.0000E+00 1.0663E-12 3.3682E-12 4.5712E-12 6.4057E-12 7.1420E-12 7.3216E-12 1.0328E-11 1.4571E-11 1.7559E-11 1.7971E-11 2.1283E-11 2.2763E-11 2.4419E-11 2.9307E-11 3.3399E-11 3.7038E-11 3.9457E-11 4.2431E-11 4.3282E-11 4.8129E-11 4.9053E-11 5.4556E-11 6.0176E-11 6.4586E-11 6.8646E-11 7.1135E-11 7.5752E-11 8.1575E-11 8.6416E-11 8.9560E-11 9.2842E-11 9.8877E-11 1.0351E-10 1.0503E-10 1.1626E-10 1.1790E-10
0.0000E+00 0.0000E+00 0.0000E+00 0.0000E+00 0.0000E+00 0.0000E+00 0.0000E+00 0.0000E+00 0.0000E+00 0.0000E+00 0.0000E+00 0.0000E+00 0.0000E+00 0.0000E+00 0.0000E+00 0.0000E+00 0.0000E+00 0.0000E+00 0.0000E+00 0.0000E+00 0.0000E+00 0.0000E+00 0.0000E+00 1.0610E-12 3.3505E-12 4.5520E-12 5.2359E-12 7.1041E-12 7.2738E-12 9.1789E-12 1.3260E-11 1.7006E-11 1.7781E-11 1.9901E-11 2.2110E-11 2.4125E-11 2.5752E-11 2.9733E-11 3.5894E-11 3.7215E-11 4.1337E-11 4.2488E-11 4.5661E-11 4.6485E-11 5.0106E-11 5.5036E-11 5.7181E-11 6.2034E-11 6.7131E-11 7.2895E-11 7.5279E-11 8.1780E-11 8.3424E-11 8.6406E-11 9.0494E-11 9.5329E-11 9.8245E-11
0.0000E+00 0.0000E+00 0.0000E+00 0.0000E+00 0.0000E+00 0.0000E+00 0.0000E+00 0.0000E+00 0.0000E+00 0.0000E+00 0.0000E+00 0.0000E+00 0.0000E+00 0.0000E+00 0.0000E+00 0.0000E+00 0.0000E+00 0.0000E+00 0.0000E+00 0.0000E+00 0.0000E+00 0.0000E+00 0.0000E+00 0.0000E+00 0.0000E+00 5.2457E-13 2.1650E-12 4.5190E-12 5.1977E-12 5.8991E-12 7.2041E-12 7.9631E-12 9.2803E-12 1.5056E-11 1.7149E-11 1.9634E-11 2.0638E-11 2.2214E-11 2.5346E-11 2.5838E-11 3.0986E-11 3.4844E-11 3.8327E-11 3.9627E-11 4.1963E-11 4.5042E-11 4.7380E-11 5.0963E-11 5.1768E-11 5.7711E-11 6.1658E-11 6.5593E-11 6.6538E-11 7.4434E-11 7.5476E-11 8.1020E-11 8.4846E-11
0.0000E+00 0.0000E+00 0.0000E+00 0.0000E+00 0.0000E+00 0.0000E+00 0.0000E+00 0.0000E+00 0.0000E+00 0.0000E+00 0.0000E+00 0.0000E+00 0.0000E+00 0.0000E+00 0.0000E+00 0.0000E+00 0.0000E+00 0.0000E+00 0.0000E+00 0.0000E+00 0.0000E+00 0.0000E+00 0.0000E+00 0.0000E+00 0.0000E+00 0.0000E+00 0.0000E+00 0.0000E+00 2.1437E-12 4.4723E-12 5.1437E-12 5.8377E-12 7.1130E-12 7.8614E-12 8.0242E-12 1.2103E-11 1.5706E-11 1.7745E-11 1.9681E-11 2.1823E-11 2.3339E-11 2.4154E-11 2.8098E-11 2.9771E-11 3.2039E-11 3.5860E-11 3.9996E-11 4.0621E-11 4.4158E-11 4.8015E-11 4.8720E-11 5.1498E-11 5.4640E-11 5.9686E-11 6.1079E-11 6.4786E-11 6.9131E-11
0.0000E+00 0.0000E+00 0.0000E+00 0.0000E+00 0.0000E+00 0.0000E+00 0.0000E+00 0.0000E+00 0.0000E+00 0.0000E+00 0.0000E+00 0.0000E+00 0.0000E+00 0.0000E+00 0.0000E+00 0.0000E+00 0.0000E+00 0.0000E+00 0.0000E+00 0.0000E+00 0.0000E+00 0.0000E+00 0.0000E+00 0.0000E+00 0.0000E+00 0.0000E+00 0.0000E+00 0.0000E+00 0.0000E+00 0.0000E+00 0.0000E+00 3.2694E-12 5.0746E-12 5.7589E-12 5.8776E-12 6.5941E-12 7.8875E-12 9.1460E-12 1.2718E-11 1.6291E-11 1.7727E-11 1.9805E-11 2.1743E-11 2.3231E-11 2.4806E-11 2.6365E-11 2.7766E-11 3.2311E-11 3.4603E-11 3.5735E-11 3.6802E-11 4.2845E-11 4.5110E-11 4.8565E-11 4.9182E-11 5.0977E-11 5.5643E-11
0.0000E+00 0.0000E+00 0.0000E+00 0.0000E+00 0.0000E+00 0.0000E+00 0.0000E+00 0.0000E+00 0.0000E+00 0.0000E+00 0.0000E+00 0.0000E+00 0.0000E+00 0.0000E+00 0.0000E+00 0.0000E+00 0.0000E+00 0.0000E+00 0.0000E+00 0.0000E+00 0.0000E+00 0.0000E+00 0.0000E+00 0.0000E+00 0.0000E+00 0.0000E+00 0.0000E+00 0.0000E+00 0.0000E+00 0.0000E+00 0.0000E+00 0.0000E+00 0.0000E+00 1.0763E-12 3.8530E-12 4.5071E-12 5.7730E-12 6.4764E-12 6.5975E-12 8.9677E-12 9.1286E-12 1.2128E-11 1.5173E-11 1.7122E-11 1.9667E-11 1.9978E-11 2.2989E-11 2.3342E-11 2.6038E-11 2.6406E-11 2.8533E-11 3.1745E-11 3.3349E-11 3.3763E-11 3.8737E-11 4.0382E-11 4.3717E-11
