Assets/Resources/2015_m01_d13_0400(utc+0800)_l00_csi_1hr_conc.grd
DSAA
         159         159
     -79.000      79.000
     -79.000      79.000
  0.0000E+00  0.5520E-05
[rows 50 to 74 of 159, columns 0 to 56 of 159]
2.0058E-09 2.1169E-09 2.2257E-09 2.3423E-09 2.4533E-09 2.5633E-09 2.6731E-09 2.7800E-09 2.8836E-09 2.9842E-09 3.0815E-09 3.1731E-09 3.2601E-09 3.3409E-09 3.4153E-09 3.4792E-09 3.5357E-09 3.5826E-09 3.6163E-09 3.6402E-09 3.6521E-09 3.6486E-09 3.6314E-09 3.6025E-09 3.5573E-09 3.4985E-09 3.4316E-09 3.3497E-09 3.2553E-09 3.1497E-09 3.0345E-09 2.9107E-09 2.7774E-09 2.6372E-09 2.4916E-09 2.3428E-09 2.1908E-09 2.0379E-09 1.8842E-09 1.7316E-09 1.5806E-09 1.4334E-09 1.2943E-09 1.1594E-09 1.0285E-09 9.0644E-10 7.9461E-10 6.8975E-10 5.9273E-10 5.0402E-10 4.2417E-10 3.5382E-10 2.7846E-10 2.0292E-10 1.5791E-10 1.1601E-10 6.2429E-11
2.2188E-09 2.3404E-09 2.4671E-09 2.5942E-09 2.7192E-09 2.8443E-09 2.9686E-09 3.0897E-09 3.2084E-09 3.3240E-09 3.4337E-09 3.5391E-09 3.6396E-09 3.7342E-09 3.8195E-09 3.8968E-09 3.9649E-09 4.0199E-09 4.0649E-09 4.0977E-09 4.1145E-09 4.1191E-09 4.1064E-09 4.0776E-09 4.0353E-09 3.9780E-09 3.9037E-09 3.8152E-09 3.7155E-09 3.5999E-09 3.4718E-09 3.3327E-09 3.1872E-09 3.0323E-09 2.8696E-09 2.7007E-09 2.5284E-09 2.3538E-09 2.1785E-09 2.0049E-09 1.8342E-09 1.6671E-09 1.5056E-09 1.3529E-09 1.2043E-09 1.0616E-09 9.2972E-10 8.0905E-10 6.9687E-10 5.9490E-10 5.0205E-10 4.1826E-10 3.4166E-10 2.5892E-10 1.8892E-10 1.4732E-10 1.0512E-10
2.4406E-09 2.5763E-09 2.7197E-09 2.8594E-09 2.9995E-09 3.1413E-09 3.2804E-09 3.4175E-09 3.5531E-09 3.6832E-09 3.8085E-09 3.9295E-09 4.0450E-09 4.1518E-09 4.2522E-09 4.3435E-09 4.4219E-09 4.4906E-09 4.5468E-09 4.5870E-09 4.6145E-09 4.6242E-09 4.6191E-09 4.5970E-09 4.5545E-09 4.4941E-09 4.4193E-09 4.3254E-09 4.2152E-09 4.0905E-09 3.9553E-09 3.8027E-09 3.6386E-09 3.4641E-09 3.2828E-09 3.0953E-09 2.9019E-09 2.7051E-09 2.5082E-09 2.3117E-09 2.1185E-09 1.9318E-09 1.7471E-09 1.5699E-09 1.4030E-09 1.2406E-09 1.0859E-09 9.4500E-10 8.1566E-10 6.9665E-10 5.8901E-10 4.9354E-10 4.0723E-10 3.1905E-10 2.3998E-10 1.7451E-10 1.3305E-10
2.6705E-09 2.8261E-09 2.9809E-09 3.1364E-09 3.2943E-09 3.4515E-09 3.6072E-09 3.7630E-09 3.9140E-09 4.0608E-09 4.2046E-09 4.3426E-09 4.4719E-09 4.5955E-09 4.7112E-09 4.8159E-09 4.9095E-09 4.9915E-09 5.0574E-09 5.1110E-09 5.1463E-09 5.1670E-09 5.1695E-09 5.1499E-09 5.1126E-09 5.0528E-09 4.9732E-09 4.8761E-09 4.7625E-09 4.6273E-09 4.4755E-09 4.3107E-09 4.1316E-09 3.9401E-09 3.7397E-09 3.5307E-09 3.3167E-09 3.0981E-09 2.8766E-09 2.6562E-09 2.4399E-09 2.2293E-09 2.0222E-09 1.8199E-09 1.6279E-09 1.4465E-09 1.2699E-09 1.1032E-09 9.5331E-10 8.1559E-10 6.8799E-10 5.7495E-10 4.7826E-10 3.8692E-10 2.8877E-10 2.1746E-10 1.6048E-10
2.9095E-09 3.0809E-09 3.2510E-09 3.4239E-09 3.5992E-09 3.7736E-09 3.9492E-09 4.1211E-09 4.2900E-09 4.4567E-09 4.6189E-09 4.7727E-09 4.9216E-09 5.0624E-09 5.1934E-09 5.3133E-09 5.4235E-09 5.5182E-09 5.5990E-09 5.6635E-09 5.7127E-09 5.7437E-09 5.7520E-09 5.7413E-09 5.7055E-09 5.6493E-09 5.5718E-09 5.4691E-09 5.3449E-09 5.2036E-09 5.0405E-09 4.8630E-09 4.6667E-09 4.4603E-09 4.2383E-09 4.0087E-09 3.7715E-09 3.5275E-09 3.2818E-09 3.0357E-09 2.7950E-09 2.5588E-09 2.3271E-09 2.0990E-09 1.8791E-09 1.6721E-09 1.4757E-09 1.2856E-09 1.1100E-09 9.5339E-10 8.0823E-10 6.7438E-10 5.5279E-10 4.5392E-10 3.5612E-10 2.5602E-10 1.9627E-10
3.1557E-09 3.3404E-09 3.5278E-09 3.7196E-09 3.9123E-09 4.1065E-09 4.3000E-09 4.4908E-09 4.6800E-09 4.8665E-09 5.0459E-09 5.2203E-09 5.3890E-09 5.5470E-09 5.6957E-09 5.8344E-09 5.9591E-09 6.0697E-09 6.1657E-09 6.2449E-09 6.3073E-09 6.3494E-09 6.3687E-09 6.3630E-09 6.3354E-09 6.2826E-09 6.2016E-09 6.0987E-09 5.9696E-09 5.8200E-09 5.6459E-09 5.4559E-09 5.2459E-09 5.0200E-09 4.7795E-09 4.5286E-09 4.2672E-09 4.0013E-09 3.7296E-09 3.4574E-09 3.1901E-09 2.9258E-09 2.6658E-09 2.4115E-09 2.1631E-09 1.9272E-09 1.7050E-09 1.4934E-09 1.2925E-09 1.1090E-09 9.4395E-10 7.9184E-10 6.5199E-10 5.2600E-10 4.1753E-10 3.1534E-10 2.3094E-10
3.4029E-09 3.6036E-09 3.8087E-09 4.0196E-09 4.2312E-09 4.4459E-09 4.6583E-09 4.8695E-09 5.0804E-09 5.2849E-09 5.4849E-09 5.6813E-09 5.8680E-09 6.0469E-09 6.2156E-09 6.3714E-09 6.5140E-09 6.6424E-09 6.7537E-09 6.8493E-09 6.9267E-09 6.9808E-09 7.0129E-09 7.0187E-09 6.9958E-09 6.9437E-09 6.8668E-09 6.7627E-09 6.6296E-09 6.4737E-09 6.2940E-09 6.0885E-09 5.8655E-09 5.6209E-09 5.3639E-09 5.0898E-09 4.8071E-09 4.5150E-09 4.2167E-09 3.9184E-09 3.6231E-09 3.3307E-09 3.0417E-09 2.7586E-09 2.4812E-09 2.2137E-09 1.9620E-09 1.7244E-09 1.4968E-09 1.2861E-09 1.0965E-09 9.2403E-10 7.6623E-10 6.1974E-10 4.9228E-10 3.6935E-10 2.7737E-10
3.6501E-09 3.8679E-09 4.0913E-09 4.3210E-09 4.5542E-09 4.7873E-09 5.0209E-09 5.2545E-09 5.4855E-09 5.7100E-09 5.9327E-09 6.1489E-09 6.3577E-09 6.5573E-09 6.7459E-09 6.9225E-09 7.0841E-09 7.2288E-09 7.3594E-09 7.4726E-09 7.5641E-09 7.6351E-09 7.6797E-09 7.6944E-09 7.6815E-09 7.6377E-09 7.5609E-09 7.4560E-09 7.3221E-09 7.1618E-09 6.9745E-09 6.7579E-09 6.5223E-09 6.2638E-09 5.9872E-09 5.6941E-09 5.3883E-09 5.0713E-09 4.7491E-09 4.4230E-09 4.0995E-09 3.7763E-09 3.4559E-09 3.1409E-09 2.8333E-09 2.5336E-09 2.2492E-09 1.9815E-09 1.7287E-09 1.4888E-09 1.2701E-09 1.0707E-09 8.9169E-10 7.2690E-10 5.8157E-10 4.4083E-10 3.2029E-10
3.8962E-09 4.1311E-09 4.3723E-09 4.6221E-09 4.8745E-09 5.1286E-09 5.3834E-09 5.6404E-09 5.8902E-09 6.1387E-09 6.3833E-09 6.6221E-09 6.8506E-09 7.0730E-09 7.2841E-09 7.4810E-09 7.6611E-09 7.8272E-09 7.9763E-09 8.1064E-09 8.2181E-09 8.3039E-09 8.3607E-09 8.3900E-09 8.3865E-09 8.3467E-09 8.2773E-09 8.1770E-09 8.0457E-09 7.8798E-09 7.6864E-09 7.4633E-09 7.2151E-09 6.9445E-09 6.6495E-09 6.3397E-09 6.0104E-09 5.6717E-09 5.3219E-09 4.9703E-09 4.6171E-09 4.2635E-09 3.9120E-09 3.5647E-09 3.2247E-09 2.8922E-09 2.5728E-09 2.2722E-09 1.9880E-09 1.7163E-09 1.4636E-09 1.2378E-09 1.0329E-09 8.4895E-10 6.8305E-10 5.2837E-10 3.9413E-10
4.1388E-09 4.3906E-09 4.6494E-09 4.9192E-09 5.1905E-09 5.4649E-09 5.7439E-09 6.0203E-09 6.2929E-09 6.5660E-09 6.8326E-09 7.0909E-09 7.3445E-09 7.5892E-09 7.8216E-09 8.0396E-09 8.2426E-09 8.4287E-09 8.5974E-09 8.7493E-09 8.8780E-09 8.9794E-09 9.0545E-09 9.0957E-09 9.1002E-09 9.0723E-09 9.0110E-09 8.9169E-09 8.7845E-09 8.6211E-09 8.4253E-09 8.1987E-09 7.9394E-09 7.6578E-09 7.3489E-09 7.0215E-09 6.6741E-09 6.3115E-09 5.9377E-09 5.5625E-09 5.1792E-09 4.7948E-09 4.4104E-09 4.0286E-09 3.6529E-09 3.2859E-09 2.9299E-09 2.5927E-09 2.2737E-09 1.9711E-09 1.6853E-09 1.4270E-09 1.1955E-09 9.8619E-10 7.9932E-10 6.2602E-10 4.7470E-10
4.3759E-09 4.6437E-09 4.9205E-09 5.2081E-09 5.4985E-09 5.7940E-09 6.0946E-09 6.3917E-09 6.6886E-09 6.9834E-09 7.2738E-09 7.5548E-09 7.8316E-09 8.0983E-09 8.3534E-09 8.5931E-09 8.8180E-09 9.0268E-09 9.2190E-09 9.3895E-09 9.5372E-09 9.6597E-09 9.7493E-09 9.8018E-09 9.8221E-09 9.8073E-09 9.7541E-09 9.6640E-09 9.5430E-09 9.3847E-09 9.1854E-09 8.9518E-09 8.6911E-09 8.4010E-09 8.0836E-09 7.7383E-09 7.3754E-09 6.9909E-09 6.5984E-09 6.1951E-09 5.7851E-09 5.3701E-09 4.9534E-09 4.5387E-09 4.1284E-09 3.7257E-09 3.3320E-09 2.9545E-09 2.5969E-09 2.2592E-09 1.9387E-09 1.6428E-09 1.3790E-09 1.1431E-09 9.3163E-10 7.4248E-10 5.6747E-10
4.6048E-09 4.8882E-09 5.1821E-09 5.4866E-09 5.7950E-09 6.1125E-09 6.4310E-09 6.7496E-09 7.0709E-09 7.3897E-09 7.7007E-09 8.0072E-09 8.3066E-09 8.5962E-09 8.8714E-09 9.1344E-09 9.3824E-09 9.6150E-09 9.8276E-09 1.0022E-08 1.0191E-08 1.0330E-08 1.0434E-08 1.0506E-08 1.0541E-08 1.0536E-08 1.0495E-08 1.0421E-08 1.0308E-08 1.0151E-08 9.9584E-09 9.7306E-09 9.4673E-09 9.1683E-09 8.8388E-09 8.4864E-09 8.1095E-09 7.7092E-09 7.2965E-09 6.8706E-09 6.4362E-09 5.9911E-09 5.5433E-09 5.0937E-09 4.6459E-09 4.2051E-09 3.7727E-09 3.3530E-09 2.9546E-09 2.5771E-09 2.2201E-09 1.8876E-09 1.5890E-09 1.3211E-09 1.0822E-09 8.6706E-10 6.7653E-10
4.8233E-09 5.1218E-09 5.4310E-09 5.7516E-09 6.0778E-09 6.4137E-09 6.7513E-09 7.0901E-09 7.4358E-09 7.7737E-09 8.1100E-09 8.4394E-09 8.7632E-09 9.0731E-09 9.3715E-09 9.6570E-09 9.9274E-09 1.0181E-08 1.0419E-08 1.0636E-08 1.0826E-08 1.0982E-08 1.1106E-08 1.1198E-08 1.1245E-08 1.1254E-08 1.1232E-08 1.1172E-08 1.1066E-08 1.0921E-08 1.0738E-08 1.0515E-08 1.0250E-08 9.9564E-09 9.6278E-09 9.2689E-09 8.8787E-09 8.4665E-09 8.0395E-09 7.5981E-09 7.1371E-09 6.6644E-09 6.1835E-09 5.7008E-09 5.2190E-09 4.7391E-09 4.2667E-09 3.7974E-09 3.3549E-09 2.9347E-09 2.5384E-09 2.1647E-09 1.8264E-09 1.5216E-09 1.2488E-09 1.0131E-09 8.0429E-10
5.0301E-09 5.3419E-09 5.6649E-09 6.0002E-09 6.3441E-09 6.6951E-09 7.0499E-09 7.4104E-09 7.7748E-09 8.1347E-09 8.4912E-09 8.8472E-09 9.1921E-09 9.5243E-09 9.8452E-09 1.0153E-08 1.0446E-08 1.0723E-08 1.0984E-08 1.1225E-08 1.1432E-08 1.1608E-08 1.1757E-08 1.1859E-08 1.1923E-08 1.1959E-08 1.1952E-08 1.1903E-08 1.1815E-08 1.1689E-08 1.1514E-08 1.1298E-08 1.1046E-08 1.0752E-08 1.0425E-08 1.0064E-08 9.6733E-09 9.2575E-09 8.8177E-09 8.3573E-09 7.8771E-09 7.3865E-09 6.8782E-09 6.3617E-09 5.8418E-09 5.3230E-09 4.8095E-09 4.3021E-09 3.8115E-09 3.3366E-09 2.8880E-09 2.4714E-09 2.0877E-09 1.7427E-09 1.4373E-09 1.1751E-09 9.4693E-10
5.2216E-09 5.5465E-09 5.8809E-09 6.2301E-09 6.5890E-09 6.9542E-09 7.3245E-09 7.7047E-09 8.0846E-09 8.4651E-09 8.8450E-09 9.2224E-09 9.5883E-09 9.9431E-09 1.0286E-08 1.0615E-08 1.0929E-08 1.1230E-08 1.1518E-08 1.1775E-08 1.2003E-08 1.2208E-08 1.2367E-08 1.2487E-08 1.2578E-08 1.2629E-08 1.2640E-08 1.2613E-08 1.2547E-08 1.2431E-08 1.2276E-08 1.2079E-08 1.1837E-08 1.1550E-08 1.1232E-08 1.0877E-08 1.0484E-08 1.0064E-08 9.6207E-09 9.1559E-09 8.6668E-09 8.1544E-09 7.6236E-09 7.0810E-09 6.5294E-09 5.9742E-09 5.4191E-09 4.8678E-09 4.3283E-09 3.8109E-09 3.3079E-09 2.8402E-09 2.3900E-09 2.0024E-09 1.6621E-09 1.3643E-09 1.1060E-09
5.3969E-09 5.7324E-09 6.0776E-09 6.4391E-09 6.8105E-09 7.1876E-09 7.5722E-09 7.9686E-09 8.3642E-09 8.7622E-09 9.1631E-09 9.5587E-09 9.9459E-09 1.0322E-08 1.0687E-08 1.1035E-08 1.1370E-08 1.1697E-08 1.2002E-08 1.2280E-08 1.2535E-08 1.2755E-08 1.2934E-08 1.3078E-08 1.3185E-08 1.3256E-08 1.3292E-08 1.3291E-08 1.3239E-08 1.3148E-08 1.3017E-08 1.2836E-08 1.2609E-08 1.2344E-08 1.2037E-08 1.1688E-08 1.1306E-08 1.0894E-08 1.0454E-08 9.9818E-09 9.4800E-09 8.9570E-09 8.4146E-09 7.8516E-09 7.2734E-09 6.6846E-09 6.0967E-09 5.5040E-09 4.9179E-09 4.3510E-09 3.8054E-09 3.2932E-09 2.8010E-09 2.3429E-09 1.9378E-09 1.5954E-09 1.2995E-09
5.5538E-09 5.8974E-09 6.2524E-09 6.6244E-09 7.0053E-09 7.3930E-09 7.7910E-09 8.1994E-09 8.6077E-09 9.0213E-09 9.4394E-09 9.8538E-09 1.0257E-08 1.0657E-08 1.1039E-08 1.1408E-08 1.1764E-08 1.2112E-08 1.2436E-08 1.2735E-08 1.3012E-08 1.3247E-08 1.3446E-08 1.3614E-08 1.3740E-08 1.3834E-08 1.3899E-08 1.3915E-08 1.3890E-08 1.3830E-08 1.3719E-08 1.3561E-08 1.3361E-08 1.3116E-08 1.2824E-08 1.2496E-08 1.2134E-08 1.1733E-08 1.1296E-08 1.0828E-08 1.0334E-08 9.8033E-09 9.2461E-09 8.6824E-09 8.0827E-09 7.4666E-09 6.8394E-09 6.2185E-09 5.5892E-09 4.9744E-09 4.3775E-09 3.8152E-09 3.2741E-09 2.7810E-09 2.3364E-09 1.9078E-09 1.5468E-09
5.6892E-09 6.0409E-09 6.4025E-09 6.7845E-09 7.1714E-09 7.5684E-09 7.9771E-09 8.3928E-09 8.8135E-09 9.2401E-09 9.6725E-09 1.0098E-08 1.0522E-08 1.0936E-08 1.1339E-08 1.1725E-08 1.2107E-08 1.2469E-08 1.2810E-08 1.3135E-08 1.3425E-08 1.3677E-08 1.3902E-08 1.4083E-08 1.4233E-08 1.4360E-08 1.4441E-08 1.4484E-08 1.4492E-08 1.4455E-08 1.4371E-08 1.4248E-08 1.4075E-08 1.3854E-08 1.3592E-08 1.3294E-08 1.2949E-08 1.2567E-08 1.2155E-08 1.1700E-08 1.1206E-08 1.0681E-08 1.0141E-08 9.5553E-09 8.9383E-09 8.3142E-09 7.6585E-09 6.9924E-09 6.3210E-09 5.6763E-09 5.0312E-09 4.4122E-09 3.8207E-09 3.2737E-09 2.7744E-09 2.3233E-09 1.9211E-09
5.8025E-09 6.1596E-09 6.5280E-09 6.9156E-09 7.3089E-09 7.7096E-09 8.1287E-09 8.5500E-09 8.9792E-09 9.4165E-09 9.8569E-09 1.0295E-08 1.0731E-08 1.1161E-08 1.1577E-08 1.1984E-08 1.2384E-08 1.2763E-08 1.3122E-08 1.3465E-08 1.3770E-08 1.4043E-08 1.4282E-08 1.4483E-08 1.4662E-08 1.4808E-08 1.4915E-08 1.4988E-08 1.5024E-08 1.5015E-08 1.4969E-08 1.4879E-08 1.4736E-08 1.4553E-08 1.4330E-08 1.4057E-08 1.3743E-08 1.3398E-08 1.3006E-08 1.2573E-08 1.2114E-08 1.1610E-08 1.1063E-08 1.0492E-08 9.8702E-09 9.2154E-09 8.5345E-09 7.8550E-09 7.1487E-09 6.4431E-09 5.7630E-09 5.1049E-09 4.4635E-09 3.8668E-09 3.3184E-09 2.8168E-09 2.3641E-09
5.8916E-09 6.2528E-09 6.6259E-09 7.0176E-09 7.4138E-09 7.8199E-09 8.2422E-09 8.6685E-09 9.1023E-09 9.5472E-09 9.9924E-09 1.0438E-08 1.0886E-08 1.1326E-08 1.1753E-08 1.2180E-08 1.2593E-08 1.2988E-08 1.3368E-08 1.3719E-08 1.4037E-08 1.4332E-08 1.4583E-08 1.4804E-08 1.5010E-08 1.5176E-08 1.5309E-08 1.5415E-08 1.5477E-08 1.5504E-08 1.5497E-08 1.5439E-08 1.5340E-08 1.5203E-08 1.5013E-08 1.4779E-08 1.4514E-08 1.4200E-08 1.3843E-08 1.3461E-08 1.3027E-08 1.2548E-08 1.2034E-08 1.1463E-08 1.0842E-08 1.0195E-08 9.5033E-09 8.7858E-09 8.0492E-09 7.3285E-09 6.6009E-09 5.8883E-09 5.2143E-09 4.5647E-09 3.9600E-09 3.4014E-09 2.9081E-09
5.9554E-09 6.3191E-09 6.6948E-09 7.0887E-09 7.4860E-09 7.8952E-09 8.3181E-09 8.7458E-09 9.1816E-09 9.6299E-09 1.0078E-08 1.0528E-08 1.0983E-08 1.1428E-08 1.1868E-08 1.2307E-08 1.2734E-08 1.3141E-08 1.3535E-08 1.3895E-08 1.4230E-08 1.4533E-08 1.4800E-08 1.5049E-08 1.5267E-08 1.5457E-08 1.5624E-08 1.5750E-08 1.5846E-08 1.5914E-08 1.5939E-08 1.5924E-08 1.5876E-08 1.5777E-08 1.5634E-08 1.5457E-08 1.5232E-08 1.4964E-08 1.4672E-08 1.4332E-08 1.3940E-08 1.3514E-08 1.3018E-08 1.2468E-08 1.1876E-08 1.1223E-08 1.0527E-08 9.8168E-09 9.0677E-09 8.3028E-09 7.5524E-09 6.8087E-09 6.0795E-09 5.3775E-09 4.7307E-09 4.1336E-09 3.6265E-09
5.9930E-09 6.3574E-09 6.7343E-09 7.1274E-09 7.5250E-09 7.9335E-09 8.3549E-09 8.7812E-09 9.2186E-09 9.6647E-09 1.0112E-08 1.0564E-08 1.1019E-08 1.1469E-08 1.1916E-08 1.2366E-08 1.2797E-08 1.3220E-08 1.3620E-08 1.3992E-08 1.4338E-08 1.4648E-08 1.4931E-08 1.5198E-08 1.5435E-08 1.5649E-08 1.5837E-08 1.5993E-08 1.6125E-08 1.6225E-08 1.6290E-08 1.6326E-08 1.6321E-08 1.6271E-08 1.6188E-08 1.6059E-08 1.5889E-08 1.5696E-08 1.5458E-08 1.5177E-08 1.4855E-08 1.4466E-08 1.4011E-08 1.3513E-08 1.2936E-08 1.2301E-08 1.1637E-08 1.0918E-08 1.0161E-08 9.3938E-09 8.6161E-09 7.8540E-09 7.1329E-09 6.4124E-09 5.7387E-09 5.1020E-09 4.5081E-09
6.0044E-09 6.3674E-09 6.7431E-09 7.1344E-09 7.5280E-09 7.9367E-09 8.3531E-09 8.7770E-09 9.2100E-09 9.6526E-09 1.0096E-08 1.0546E-08 1.0998E-08 1.1446E-08 1.1899E-08 1.2350E-08 1.2789E-08 1.3217E-08 1.3624E-08 1.4004E-08 1.4358E-08 1.4674E-08 1.4973E-08 1.5251E-08 1.5505E-08 1.5744E-08 1.5949E-08 1.6135E-08 1.6301E-08 1.6434E-08 1.6545E-08 1.6626E-08 1.6668E-08 1.6678E-08 1.6649E-08 1.6578E-08 1.6486E-08 1.6360E-08 1.6194E-08 1.5994E-08 1.5727E-08 1.5398E-08 1.5014E-08 1.4552E-08 1.4017E-08 1.3438E-08 1.2791E-08 1.2088E-08 1.1352E-08 1.0581E-08 9.8150E-09 9.0914E-09 8.3371E-09 7.5990E-09 6.9422E-09 6.2739E-09 5.7670E-09
5.9896E-09 6.3492E-09 6.7216E-09 7.1088E-09 7.4985E-09 7.9022E-09 8.3138E-09 8.7292E-09 9.1589E-09 9.5924E-09 1.0029E-08 1.0474E-08 1.0920E-08 1.1364E-08 1.1817E-08 1.2266E-08 1.2706E-08 1.3137E-08 1.3544E-08 1.3930E-08 1.4286E-08 1.4611E-08 1.4921E-08 1.5208E-08 1.5479E-08 1.5732E-08 1.5961E-08 1.6176E-08 1.6368E-08 1.6538E-08 1.6693E-08 1.6816E-08 1.6911E-08 1.6978E-08 1.7008E-08 1.7010E-08 1.6997E-08 1.6949E-08 1.6868E-08 1.6740E-08 1.6547E-08 1.6302E-08 1.5977E-08 1.5578E-08 1.5120E-08 1.4586E-08 1.3980E-08 1.3323E-08 1.2611E-08 1.1905E-08 1.1182E-08 1.0448E-08 9.7015E-09 9.0307E-09 8.4311E-09 7.7979E-09 7.3558E-09
5.9489E-09 6.3034E-09 6.6702E-09 7.0513E-09 7.4349E-09 7.8308E-09 8.2360E-09 8.6432E-09 9.0639E-09 9.4877E-09 9.9140E-09 1.0350E-08 1.0786E-08 1.1225E-08 1.1672E-08 1.2115E-08 1.2552E-08 1.2980E-08 1.3385E-08 1.3771E-08 1.4126E-08 1.4458E-08 1.4773E-08 1.5069E-08 1.5354E-08 1.5617E-08 1.5867E-08 1.6107E-08 1.6325E-08 1.6534E-08 1.6724E-08 1.6892E-08 1.7043E-08 1.7164E-08 1.7257E-08 1.7347E-08 1.7410E-08 1.7444E-08 1.7452E-08 1.7404E-08 1.7300E-08 1.7135E-08 1.6889E-08 1.6581E-08 1.6196E-08 1.5727E-08 1.5188E-08 1.4585E-08 1.3969E-08 1.3298E-08 1.2631E-08 1.1971E-08 1.1280E-08 1.0709E-08 1.0180E-08 9.6644E-09 9.2670E-09
