Assets/Resources/2015_m01_d26_1900(utc+0800)_l00_csi_1hr_conc.grd
DSAA
         159         159
     -79.000      79.000
     -79.000      79.000
  0.0000E+00  0.1957E-05
[rows 25 to 49 of 159, columns 0 to 56 of 159]
1.4347E-10 1.6006E-10 1.7856E-10 1.9999E-10 2.2236E-10 2.4558E-10 2.9311E-10 3.2940E-10 3.6221E-10 3.9564E-10 4.3238E-10 4.7132E-10 5.1255E-10 5.5762E-10 6.0105E-10 6.4637E-10 6.9623E-10 7.5167E-10 8.1229E-10 8.8085E-10 9.6003E-10 1.0495E-09 1.1474E-09 1.2555E-09 1.3881E-09 1.5310E-09 1.6966E-09 1.8829E-09 2.1022E-09 2.3499E-09 2.6358E-09 2.9582E-09 3.3226E-09 3.7269E-09 4.1727E-09 4.6617E-09 5.1996E-09 5.7758E-09 6.3897E-09 7.0452E-09 7.7302E-09 8.4532E-09 9.2014E-09 9.9745E-09 1.0769E-08 1.1575E-08 1.2393E-08 1.3213E-08 1.4019E-08 1.4813E-08 1.5572E-08 1.6279E-08 1.6914E-08 1.7449E-08 1.7863E-08 1.8114E-08 1.8181E-08
1.2501E-10 1.3775E-10 1.5264E-10 1.7038E-10 1.9002E-10 2.1024E-10 2.3123E-10 2.5244E-10 3.0276E-10 3.3549E-10 3.6527E-10 3.9762E-10 4.3174E-10 4.6748E-10 5.0649E-10 5.4378E-10 5.8256E-10 6.2471E-10 6.7035E-10 7.2255E-10 7.8337E-10 8.5433E-10 9.3761E-10 1.0346E-09 1.1442E-09 1.2590E-09 1.3986E-09 1.5568E-09 1.7372E-09 1.9499E-09 2.1898E-09 2.4669E-09 2.7745E-09 3.1224E-09 3.5083E-09 3.9302E-09 4.4029E-09 4.9135E-09 5.4591E-09 6.0513E-09 6.6789E-09 7.3501E-09 8.0551E-09 8.8023E-09 9.5857E-09 1.0400E-08 1.1251E-08 1.2127E-08 1.3020E-08 1.3932E-08 1.4842E-08 1.5731E-08 1.6585E-08 1.7374E-08 1.8056E-08 1.8609E-08 1.8984E-08
1.0814E-10 1.1893E-10 1.3055E-10 1.4387E-10 1.5993E-10 1.7796E-10 1.9599E-10 2.1461E-10 2.3157E-10 2.5209E-10 3.0048E-10 3.3009E-10 3.5977E-10 3.8791E-10 4.1859E-10 4.5141E-10 4.8169E-10 5.1359E-10 5.4724E-10 5.8845E-10 6.3795E-10 6.9528E-10 7.5681E-10 8.3127E-10 9.1745E-10 1.0223E-09 1.1410E-09 1.2702E-09 1.4213E-09 1.5979E-09 1.7972E-09 2.0297E-09 2.2903E-09 2.5832E-09 2.9091E-09 3.2701E-09 3.6784E-09 4.1216E-09 4.5988E-09 5.1277E-09 5.6894E-09 6.3046E-09 6.9596E-09 7.6715E-09 8.4272E-09 9.2370E-09 1.0101E-08 1.1008E-08 1.1971E-08 1.2978E-08 1.4011E-08 1.5072E-08 1.6134E-08 1.7160E-08 1.8131E-08 1.8995E-08 1.9693E-08
9.2828E-11 1.0207E-10 1.1186E-10 1.2188E-10 1.3374E-10 1.4668E-10 1.6418E-10 1.8020E-10 1.9668E-10 2.1116E-10 2.2580E-10 2.4584E-10 2.8815E-10 3.1500E-10 3.4150E-10 3.6763E-10 3.9424E-10 4.1897E-10 4.4494E-10 4.7307E-10 5.0665E-10 5.5307E-10 6.0464E-10 6.6121E-10 7.2724E-10 8.1773E-10 9.1069E-10 1.0224E-09 1.1494E-09 1.2940E-09 1.4566E-09 1.6510E-09 1.8633E-09 2.1072E-09 2.3792E-09 2.6814E-09 3.0278E-09 3.4061E-09 3.8195E-09 4.2811E-09 4.7785E-09 5.3347E-09 5.9334E-09 6.5979E-09 7.3157E-09 8.1037E-09 8.9569E-09 9.8814E-09 1.0885E-08 1.1956E-08 1.3098E-08 1.4302E-08 1.5545E-08 1.6806E-08 1.8053E-08 1.9227E-08 2.0264E-08
7.9239E-11 8.7164E-11 9.5236E-11 1.0367E-10 1.1240E-10 1.2139E-10 1.3463E-10 1.4799E-10 1.6430E-10 1.7796E-10 1.9005E-10 2.0214E-10 2.1396E-10 2.3214E-10 2.6540E-10 2.8999E-10 3.1314E-10 3.3566E-10 3.5583E-10 3.7826E-10 4.0105E-10 4.2852E-10 4.6746E-10 5.1654E-10 5.6723E-10 6.2639E-10 7.0917E-10 8.0742E-10 9.1586E-10 1.0327E-09 1.1664E-09 1.3229E-09 1.4934E-09 1.6946E-09 1.9149E-09 2.1648E-09 2.4535E-09 2.7741E-09 3.1237E-09 3.5221E-09 3.9558E-09 4.4498E-09 4.9871E-09 5.5997E-09 6.2646E-09 7.0160E-09 7.8432E-09 8.7598E-09 9.7775E-09 1.0886E-08 1.2103E-08 1.3421E-08 1.4820E-08 1.6292E-08 1.7793E-08 1.9264E-08 2.0660E-08
6.7216E-11 7.3806E-11 8.0562E-11 8.7607E-11 9.4898E-11 1.0238E-10 1.1000E-10 1.1767E-10 1.3202E-10 1.4418E-10 1.5894E-10 1.6877E-10 1.7838E-10 1.8755E-10 1.9630E-10 2.1091E-10 2.3682E-10 2.6100E-10 2.7704E-10 2.9388E-10 3.1319E-10 3.3035E-10 3.4741E-10 3.8053E-10 4.2871E-10 4.8128E-10 5.3457E-10 6.0473E-10 7.0317E-10 8.0785E-10 9.1791E-10 1.0418E-09 1.1782E-09 1.3403E-09 1.5168E-09 1.7205E-09 1.9588E-09 2.2233E-09 2.5163E-09 2.8548E-09 3.2259E-09 3.6559E-09 4.1337E-09 4.6809E-09 5.2881E-09 5.9925E-09 6.7707E-09 7.6617E-09 8.6634E-09 9.7834E-09 1.1048E-08 1.2437E-08 1.3965E-08 1.5610E-08 1.7324E-08 1.9087E-08 2.0808E-08
5.6323E-11 6.1906E-11 6.7711E-11 7.3560E-11 7.9602E-11 8.5792E-11 9.2078E-11 9.8399E-11 1.0469E-10 1.1087E-10 1.2443E-10 1.3778E-10 1.4743E-10 1.5509E-10 1.6189E-10 1.6820E-10 1.7345E-10 1.8540E-10 2.0460E-10 2.1907E-10 2.2984E-10 2.4322E-10 2.5673E-10 2.7106E-10 2.9452E-10 3.4248E-10 4.0215E-10 4.5393E-10 5.1146E-10 6.0493E-10 7.0461E-10 8.0467E-10 9.1616E-10 1.0430E-09 1.1823E-09 1.3467E-09 1.5383E-09 1.7549E-09 1.9964E-09 2.2774E-09 2.5896E-09 2.9606E-09 3.3696E-09 3.8537E-09 4.3981E-09 5.0377E-09 5.7585E-09 6.5998E-09 7.5629E-09 8.6741E-09 9.9453E-09 1.1375E-08 1.2981E-08 1.4742E-08 1.6647E-08 1.8646E-08 2.0686E-08
4.4481E-11 5.0831E-11 5.4506E-11 5.9495E-11 6.4595E-11 6.9771E-11 7.4981E-11 8.0174E-11 8.5172E-11 8.9922E-11 9.4419E-11 9.8658E-11 1.0854E-10 1.2044E-10 1.2595E-10 1.3296E-10 1.3685E-10 1.4012E-10 1.4555E-10 1.5260E-10 1.6419E-10 1.7479E-10 1.8109E-10 1.9053E-10 2.0460E-10 2.2369E-10 2.5239E-10 3.1805E-10 3.8276E-10 4.3522E-10 5.0898E-10 6.0338E-10 6.9675E-10 7.9693E-10 9.0853E-10 1.0367E-09 1.1888E-09 1.3627E-09 1.5573E-09 1.7857E-09 2.0475E-09 2.3531E-09 2.7017E-09 3.1220E-09 3.5940E-09 4.1642E-09 4.8160E-09 5.5933E-09 6.5010E-09 7.5729E-09 8.8134E-09 1.0241E-08 1.1876E-08 1.3714E-08 1.5741E-08 1.7933E-08 2.0222E-08
2.9736E-11 3.2402E-11 4.1011E-11 4.5290E-11 4.8148E-11 5.2532E-11 5.6679E-11 6.0741E-11 6.4713E-11 6.8549E-11 7.2176E-11 7.5584E-11 7.8713E-11 8.1541E-11 8.7685E-11 9.7144E-11 1.0105E-10 1.0866E-10 1.1110E-10 1.1464E-10 1.1856E-10 1.2325E-10 1.3175E-10 1.3641E-10 1.4097E-10 1.5032E-10 1.7025E-10 1.8603E-10 2.3121E-10 3.0922E-10 3.6469E-10 4.0868E-10 5.0166E-10 5.9344E-10 6.8082E-10 7.8423E-10 9.0163E-10 1.0399E-09 1.1928E-09 1.3766E-09 1.5871E-09 1.8367E-09 2.1286E-09 2.4782E-09 2.8809E-09 3.3801E-09 3.9564E-09 4.6588E-09 5.4991E-09 6.4974E-09 7.6757E-09 9.0658E-09 1.0676E-08 1.2523E-08 1.4616E-08 1.6924E-08 1.9412E-08
2.1564E-11 2.3828E-11 2.6216E-11 2.9638E-11 3.5474E-11 3.8556E-11 4.1350E-11 4.4465E-11 4.7506E-11 5.0613E-11 5.3579E-11 5.6347E-11 5.8771E-11 6.1040E-11 6.3024E-11 6.5014E-11 6.7611E-11 7.5909E-11 7.9473E-11 8.8499E-11 9.1855E-11 9.6442E-11 1.0002E-10 1.0433E-10 1.0605E-10 1.0840E-10 1.1238E-10 1.2443E-10 1.3915E-10 1.5352E-10 2.1363E-10 2.9374E-10 3.3455E-10 3.8696E-10 4.8532E-10 5.7385E-10 6.6685E-10 7.7524E-10 8.9583E-10 1.0394E-09 1.2050E-09 1.4044E-09 1.6398E-09 1.9231E-09 2.2661E-09 2.6896E-09 3.1912E-09 3.8151E-09 4.5609E-09 5.4691E-09 6.5585E-09 7.8625E-09 9.4024E-09 1.1216E-08 1.3297E-08 1.5649E-08 1.8243E-08
1.3339E-11 1.7210E-11 2.0378E-11 2.2290E-11 2.4370E-11 2.8679E-11 3.2990E-11 3.5626E-11 3.8181E-11 4.0713E-11 4.3193E-11 4.5590E-11 4.7875E-11 5.0016E-11 5.1985E-11 5.3752E-11 5.5292E-11 5.6581E-11 5.7599E-11 6.3385E-11 6.5436E-11 7.3530E-11 7.6482E-11 8.1064E-11 8.4484E-11 8.4983E-11 8.5256E-11 8.5598E-11 8.9763E-11 9.9154E-11 1.0977E-10 1.2473E-10 1.9255E-10 2.6615E-10 3.0050E-10 3.7187E-10 4.7151E-10 5.5885E-10 6.5101E-10 7.6382E-10 8.8830E-10 1.0456E-09 1.2301E-09 1.4638E-09 1.7439E-09 2.0971E-09 2.5273E-09 3.0552E-09 3.7030E-09 4.5086E-09 5.4815E-09 6.6750E-09 8.0988E-09 9.8039E-09 1.1811E-08 1.4127E-08 1.6739E-08
1.0910E-11 1.1981E-11 1.3985E-11 1.7370E-11 2.0111E-11 2.1776E-11 2.3776E-11 2.7362E-11 3.0990E-11 3.3617E-11 3.5659E-11 3.7632E-11 3.9512E-11 4.1273E-11 4.2891E-11 4.4343E-11 4.5606E-11 4.6663E-11 4.7496E-11 4.8092E-11 4.8441E-11 5.1223E-11 5.2156E-11 5.5848E-11 5.8711E-11 6.3684E-11 6.5315E-11 6.5848E-11 6.6169E-11 6.6309E-11 6.9387E-11 7.4026E-11 8.0729E-11 9.6037E-11 1.6353E-10 2.1849E-10 2.7361E-10 3.6941E-10 4.4068E-10 5.3238E-10 6.3210E-10 7.5827E-10 9.0195E-10 1.0856E-09 1.3127E-09 1.6012E-09 1.9520E-09 2.3893E-09 2.9381E-09 3.6238E-09 4.4677E-09 5.5205E-09 6.7937E-09 8.3550E-09 1.0227E-08 1.2432E-08 1.4980E-08
8.8936E-12 9.9197E-12 1.0839E-11 1.1785E-11 1.3730E-11 1.6559E-11 1.9204E-11 2.0734E-11 2.2237E-11 2.4967E-11 2.7792E-11 3.0456E-11 3.2439E-11 3.3879E-11 3.5202E-11 3.6388E-11 3.7419E-11 3.8281E-11 3.8959E-11 3.9442E-11 3.9723E-11 3.9796E-11 3.9289E-11 3.8940E-11 3.8078E-11 3.8975E-11 4.1912E-11 4.5363E-11 4.6602E-11 4.7078E-11 4.6771E-11 4.6326E-11 4.7238E-11 4.7974E-11 5.0327E-11 6.7344E-11 1.2414E-10 1.7437E-10 2.4562E-10 3.3525E-10 4.2180E-10 5.2092E-10 6.3228E-10 7.8383E-10 9.5521E-10 1.1867E-09 1.4675E-09 1.8180E-09 2.2628E-09 2.8333E-09 3.5396E-09 4.4397E-09 5.5405E-09 6.9184E-09 8.5967E-09 1.0622E-08 1.3018E-08
2.1836E-12 5.3227E-12 8.4615E-12 9.7074E-12 1.0502E-11 1.1304E-11 1.2681E-11 1.4955E-11 1.7219E-11 1.9061E-11 2.0308E-11 2.1784E-11 2.3856E-11 2.5830E-11 2.7669E-11 2.9156E-11 3.0259E-11 3.1186E-11 3.1788E-11 3.2178E-11 3.2402E-11 3.2458E-11 3.2070E-11 3.0956E-11 2.9615E-11 2.8309E-11 2.5908E-11 2.3765E-11 2.4196E-11 2.5459E-11 2.5929E-11 2.5809E-11 2.4842E-11 2.3652E-11 2.2789E-11 2.1673E-11 2.1289E-11 3.9621E-11 8.9922E-11 1.4647E-10 2.3363E-10 3.2136E-10 4.1033E-10 5.3500E-10 6.6638E-10 8.4759E-10 1.0633E-09 1.3362E-09 1.6842E-09 2.1419E-09 2.7120E-09 3.4518E-09 4.3717E-09 5.5473E-09 7.0110E-09 8.8087E-09 1.0981E-08
7.8291E-13 1.4570E-12 2.0787E-12 4.6921E-12 7.2261E-12 9.1805E-12 9.9212E-12 1.0573E-11 1.1294E-11 1.2766E-11 1.4462E-11 1.6085E-11 1.7578E-11 1.8588E-11 1.9774E-11 2.0830E-11 2.1992E-11 2.2989E-11 2.3803E-11 2.4416E-11 2.4425E-11 2.4295E-11 2.3784E-11 2.2638E-11 2.0782E-11 1.8506E-11 1.5829E-11 1.3126E-11 1.1865E-11 1.1014E-11 1.1063E-11 1.1319E-11 1.1073E-11 1.0408E-11 9.6892E-12 8.9392E-12 8.0775E-12 7.8912E-12 1.0586E-11 3.1040E-11 7.2753E-11 1.4908E-10 2.3040E-10 3.2100E-10 4.2788E-10 5.6613E-10 7.3489E-10 9.4577E-10 1.2125E-09 1.5482E-09 1.9997E-09 2.5906E-09 3.3322E-09 4.2970E-09 5.5154E-09 7.0478E-09 8.9530E-09
0.0000E+00 2.4026E-13 5.4765E-13 1.1133E-12 1.6210E-12 3.3188E-12 5.4166E-12 7.3523E-12 8.7618E-12 9.6414E-12 1.0121E-11 1.0633E-11 1.1496E-11 1.2525E-11 1.3535E-11 1.4424E-11 1.5176E-11 1.5787E-11 1.6243E-11 1.6185E-11 1.5939E-11 1.5829E-11 1.5164E-11 1.3081E-11 1.0500E-11 8.6189E-12 6.9715E-12 6.4264E-12 5.8975E-12 5.2273E-12 4.4652E-12 3.5553E-12 2.9901E-12 2.6700E-12 2.6463E-12 2.9343E-12 3.2284E-12 3.4560E-12 3.6547E-12 5.3963E-12 1.0707E-11 3.4536E-11 7.1310E-11 1.4837E-10 2.3919E-10 3.4749E-10 4.6598E-10 6.2908E-10 8.2671E-10 1.0788E-09 1.4135E-09 1.8605E-09 2.4410E-09 3.2031E-09 4.1833E-09 5.4489E-09 7.0532E-09
0.0000E+00 0.0000E+00 0.0000E+00 3.4138E-14 2.6908E-13 5.3894E-13 9.9719E-13 1.6647E-12 3.0208E-12 4.5932E-12 6.0121E-12 7.2477E-12 8.1421E-12 8.7337E-12 9.2413E-12 9.6559E-12 1.0074E-11 1.0419E-11 1.0277E-11 1.0116E-11 1.0094E-11 1.0022E-11 8.6953E-12 6.8007E-12 4.7777E-12 3.9898E-12 3.6425E-12 3.1728E-12 2.5843E-12 1.9773E-12 1.3682E-12 7.7197E-13 3.7324E-13 1.1912E-13 0.0000E+00 1.9965E-13 4.1542E-13 5.9424E-13 7.3226E-13 8.2710E-13 1.6923E-12 6.3890E-12 1.3956E-11 4.6102E-11 9.3310E-11 1.6670E-10 2.7185E-10 3.7758E-10 5.2194E-10 7.1604E-10 9.5252E-10 1.2682E-09 1.7115E-09 2.2850E-09 3.0409E-09 4.0374E-09 5.3361E-09
0.0000E+00 0.0000E+00 0.0000E+00 0.0000E+00 0.0000E+00 0.0000E+00 0.0000E+00 1.3220E-13 2.8214E-13 5.5516E-13 8.2900E-13 1.5664E-12 2.2806E-12 3.2141E-12 4.0157E-12 4.5339E-12 4.6841E-12 4.7434E-12 4.8903E-12 4.9200E-12 4.5476E-12 4.1848E-12 3.7181E-12 2.7091E-12 1.9069E-12 1.5525E-12 1.1668E-12 7.9163E-13 4.5479E-13 1.9741E-13 4.7813E-14 0.0000E+00 0.0000E+00 0.0000E+00 0.0000E+00 0.0000E+00 0.0000E+00 0.0000E+00 0.0000E+00 0.0000E+00 0.0000E+00 9.5574E-14 2.6431E-12 1.3427E-11 2.7830E-11 6.8213E-11 1.1439E-10 1.8366E-10 2.8297E-10 4.0725E-10 6.0141E-10 8.1731E-10 1.1315E-09 1.5423E-09 2.1072E-09 2.8628E-09 3.8768E-09
0.0000E+00 0.0000E+00 0.0000E+00 0.0000E+00 0.0000E+00 0.0000E+00 0.0000E+00 0.0000E+00 0.0000E+00 0.0000E+00 0.0000E+00 0.0000E+00 5.3479E-14 1.1501E-13 1.6241E-13 1.9562E-13 2.1476E-13 2.2019E-13 2.1248E-13 1.9238E-13 1.6080E-13 1.1883E-13 6.7649E-14 8.5503E-15 0.0000E+00 0.0000E+00 0.0000E+00 0.0000E+00 0.0000E+00 0.0000E+00 0.0000E+00 0.0000E+00 0.0000E+00 0.0000E+00 0.0000E+00 0.0000E+00 0.0000E+00 0.0000E+00 0.0000E+00 0.0000E+00 0.0000E+00 0.0000E+00 0.0000E+00 5.2632E-13 6.1652E-12 2.0508E-11 4.5669E-11 8.4467E-11 1.2599E-10 1.9364E-10 3.0205E-10 4.7201E-10 6.7857E-10 9.7045E-10 1.3763E-09 1.9173E-09 2.6815E-09
0.0000E+00 0.0000E+00 0.0000E+00 0.0000E+00 0.0000E+00 0.0000E+00 0.0000E+00 0.0000E+00 0.0000E+00 0.0000E+00 0.0000E+00 0.0000E+00 0.0000E+00 0.0000E+00 0.0000E+00 0.0000E+00 0.0000E+00 0.0000E+00 0.0000E+00 0.0000E+00 0.0000E+00 0.0000E+00 0.0000E+00 0.0000E+00 0.0000E+00 0.0000E+00 0.0000E+00 0.0000E+00 0.0000E+00 0.0000E+00 0.0000E+00 0.0000E+00 0.0000E+00 0.0000E+00 0.0000E+00 0.0000E+00 0.0000E+00 0.0000E+00 0.0000E+00 0.0000E+00 0.0000E+00 0.0000E+00 0.0000E+00 0.0000E+00 0.0000E+00 9.6401E-13 9.2910E-12 2.9273E-11 5.3206E-11 8.7733E-11 1.2648E-10 1.8807E-10 3.4783E-10 5.4347E-10 8.1981E-10 1.2054E-09 1.7522E-09
0.0000E+00 0.0000E+00 0.0000E+00 0.0000E+00 0.0000E+00 0.0000E+00 0.0000E+00 0.0000E+00 0.0000E+00 0.0000E+00 0.0000E+00 0.0000E+00 0.0000E+00 0.0000E+00 0.0000E+00 0.0000E+00 0.0000E+00 0.0000E+00 0.0000E+00 0.0000E+00 0.0000E+00 0.0000E+00 0.0000E+00 0.0000E+00 0.0000E+00 0.0000E+00 0.0000E+00 0.0000E+00 0.0000E+00 0.0000E+00 0.0000E+00 0.0000E+00 0.0000E+00 0.0000E+00 0.0000E+00 0.0000E+00 0.0000E+00 0.0000E+00 0.0000E+00 0.0000E+00 0.0000E+00 0.0000E+00 0.0000E+00 0.0000E+00 0.0000E+00 0.0000E+00 0.0000E+00 1.2759E-12 1.0865E-11 3.1314E-11 5.4301E-11 7.5296E-11 1.1385E-10 2.0085E-10 3.8637E-10 6.7075E-10 1.0585E-09
0.0000E+00 0.0000E+00 0.0000E+00 0.0000E+00 0.0000E+00 0.0000E+00 0.0000E+00 0.0000E+00 0.0000E+00 0.0000E+00 0.0000E+00 0.0000E+00 0.0000E+00 0.0000E+00 0.0000E+00 0.0000E+00 0.0000E+00 0.0000E+00 0.0000E+00 0.0000E+00 0.0000E+00 0.0000E+00 0.0000E+00 0.0000E+00 0.0000E+00 0.0000E+00 0.0000E+00 0.0000E+00 0.0000E+00 0.0000E+00 0.0000E+00 0.0000E+00 0.0000E+00 0.0000E+00 0.0000E+00 0.0000E+00 0.0000E+00 0.0000E+00 0.0000E+00 0.0000E+00 0.0000E+00 0.0000E+00 0.0000E+00 0.0000E+00 0.0000E+00 0.0000E+00 0.0000E+00 0.0000E+00 0.0000E+00 1.5086E-12 9.1948E-12 2.6082E-11 4.5833E-11 6.2650E-11 1.0585E-10 2.5037E-10 5.5317E-10
0.0000E+00 0.0000E+00 0.0000E+00 0.0000E+00 0.0000E+00 0.0000E+00 0.0000E+00 0.0000E+00 0.0000E+00 0.0000E+00 0.0000E+00 0.0000E+00 0.0000E+00 0.0000E+00 0.0000E+00 0.0000E+00 0.0000E+00 0.0000E+00 0.0000E+00 0.0000E+00 0.0000E+00 0.0000E+00 0.0000E+00 0.0000E+00 0.0000E+00 0.0000E+00 0.0000E+00 0.0000E+00 0.0000E+00 0.0000E+00 0.0000E+00 0.0000E+00 0.0000E+00 0.0000E+00 0.0000E+00 0.0000E+00 0.0000E+00 0.0000E+00 0.0000E+00 0.0000E+00 0.0000E+00 0.0000E+00 0.0000E+00 0.0000E+00 0.0000E+00 0.0000E+00 0.0000E+00 0.0000E+00 0.0000E+00 0.0000E+00 0.0000E+00 7.0629E-13 5.1956E-12 1.5758E-11 2.6830E-11 4.7445E-11 1.7109E-10
0.0000E+00 0.0000E+00 0.0000E+00 0.0000E+00 0.0000E+00 0.0000E+00 0.0000E+00 0.0000E+00 0.0000E+00 0.0000E+00 0.0000E+00 0.0000E+00 0.0000E+00 0.0000E+00 0.0000E+00 0.0000E+00 0.0000E+00 0.0000E+00 0.0000E+00 0.0000E+00 0.0000E+00 0.0000E+00 0.0000E+00 0.0000E+00 0.0000E+00 0.0000E+00 0.0000E+00 0.0000E+00 0.0000E+00 0.0000E+00 0.0000E+00 0.0000E+00 0.0000E+00 0.0000E+00 0.0000E+00 0.0000E+00 0.0000E+00 0.0000E+00 0.0000E+00 0.0000E+00 0.0000E+00 0.0000E+00 0.0000E+00 0.0000E+00 0.0000E+00 0.0000E+00 0.0000E+00 0.0000E+00 0.0000E+00 0.0000E+00 0.0000E+00 0.0000E+00 0.0000E+00 0.0000E+00 1.3614E-12 5.5434E-12 2.5983E-11
0.0000E+00 0.0000E+00 0.0000E+00 0.0000E+00 0.0000E+00 0.0000E+00 0.0000E+00 0.0000E+00 0.0000E+00 0.0000E+00 0.0000E+00 0.0000E+00 0.0000E+00 0.0000E+00 0.0000E+00 0.0000E+00 0.0000E+00 0.0000E+00 0.0000E+00 0.0000E+00 0.0000E+00 0.0000E+00 0.0000E+00 0.0000E+00 0.0000E+00 0.0000E+00 0.0000E+00 0.0000E+00 0.0000E+00 0.0000E+00 0.0000E+00 0.0000E+00 0.0000E+00 0.0000E+00 0.0000E+00 0.0000E+00 0.0000E+00 0.0000E+00 0.0000E+00 0.0000E+00 0.0000E+00 0.0000E+00 0.0000E+00 0.0000E+00 0.0000E+00 0.0000E+00 0.0000E+00 0.0000E+00 0.0000E+00 0.0000E+00 0.0000E+00 0.0000E+00 0.0000E+00 0.0000E+00 0.0000E+00 0.0000E+00 1.7447E-12
