Assets/Resources/2015_m01_d04_0900(utc+0800)_l00_csi_1hr_conc.grd
DSAA
         159         159
     -79.000      79.000
     -79.000      79.000
  0.5494E-10  0.1430E-04
[rows 100 to 124 of 159, columns 0 to 56 of 159]
9.7354E-11 9.8764E-11 1.0018E-10 1.0161E-10 1.0305E-10 1.0450E-10 1.0596E-10 1.0743E-10 1.0891E-10 1.1040E-10 1.1275E-10 1.1749E-10 1.2422E-10 1.3389E-10 1.4123E-10 1.5148E-10 1.5927E-10 1.6994E-10 1.8283E-10 1.9276E-10 2.0994E-10 2.2031E-10 2.3897E-10 2.5157E-10 2.6705E-10 2.8595E-10 2.9881E-10 3.1591E-10 3.5679E-10 3.9065E-10 4.3624E-10 4.9100E-10 5.5611E-10 6.2541E-10 7.0211E-10 7.9084E-10 8.8841E-10 9.9573E-10 1.1384E-09 1.2753E-09 1.4071E-09 1.5567E-09 1.7178E-09 1.8900E-09 2.0623E-09 2.2608E-09 2.4802E-09 2.7422E-09 2.9852E-09 3.2586E-09 3.5189E-09 3.8153E-09 4.1228E-09 4.4568E-09 4.8055E-09 5.1723E-09 5.5795E-09
9.7432E-11 9.8843E-11 1.0026E-10 1.0170E-10 1.0314E-10 1.0459E-10 1.0605E-10 1.0752E-10 1.0900E-10 1.1049E-10 1.1227E-10 1.1794E-10 1.2561E-10 1.3449E-10 1.4145E-10 1.5212E-10 1.6104E-10 1.7166E-10 1.8366E-10 1.9293E-10 2.0878E-10 2.2174E-10 2.3894E-10 2.5286E-10 2.6743E-10 2.8679E-10 2.9852E-10 3.1620E-10 3.2740E-10 3.8916E-10 4.0558E-10 4.8684E-10 5.1449E-10 6.1098E-10 6.5497E-10 7.5593E-10 8.2348E-10 9.4793E-10 1.0511E-09 1.2092E-09 1.3359E-09 1.4974E-09 1.6352E-09 1.8111E-09 1.9800E-09 2.1672E-09 2.3583E-09 2.6086E-09 2.8608E-09 3.1129E-09 3.3911E-09 3.6624E-09 3.9644E-09 4.2691E-09 4.6088E-09 4.9519E-09 5.3367E-09
9.7500E-11 9.8912E-11 1.0033E-10 1.0177E-10 1.0321E-10 1.0466E-10 1.0612E-10 1.0760E-10 1.0908E-10 1.1057E-10 1.1207E-10 1.1869E-10 1.2618E-10 1.3432E-10 1.4258E-10 1.5281E-10 1.6127E-10 1.7263E-10 1.8421E-10 1.9373E-10 2.0946E-10 2.2241E-10 2.3798E-10 2.5411E-10 2.6723E-10 2.8664E-10 2.9885E-10 3.1640E-10 3.2760E-10 3.7143E-10 4.0384E-10 4.5242E-10 5.0584E-10 5.7190E-10 6.4203E-10 7.1971E-10 8.0931E-10 9.0790E-10 1.0232E-09 1.1598E-09 1.3049E-09 1.4293E-09 1.5942E-09 1.7400E-09 1.9193E-09 2.0830E-09 2.2868E-09 2.4964E-09 2.7330E-09 2.9891E-09 3.2361E-09 3.5065E-09 3.7913E-09 4.0893E-09 4.4069E-09 4.7419E-09 5.0902E-09
9.7559E-11 9.8972E-11 1.0040E-10 1.0183E-10 1.0327E-10 1.0473E-10 1.0619E-10 1.0766E-10 1.0914E-10 1.1064E-10 1.1214E-10 1.1895E-10 1.2715E-10 1.3436E-10 1.4335E-10 1.5345E-10 1.6182E-10 1.7330E-10 1.8280E-10 1.9632E-10 2.0910E-10 2.2407E-10 2.3845E-10 2.5518E-10 2.6896E-10 2.8507E-10 2.9911E-10 3.1166E-10 3.2771E-10 3.4100E-10 4.0200E-10 4.1883E-10 5.0108E-10 5.2914E-10 6.2664E-10 6.7098E-10 7.8837E-10 8.5154E-10 9.8216E-10 1.0806E-09 1.2452E-09 1.3733E-09 1.5079E-09 1.6650E-09 1.8198E-09 2.0033E-09 2.1816E-09 2.3735E-09 2.5975E-09 2.8512E-09 3.1043E-09 3.3668E-09 3.6301E-09 3.9150E-09 4.2089E-09 4.5298E-09 4.8588E-09
9.7609E-11 9.9022E-11 1.0045E-10 1.0188E-10 1.0332E-10 1.0478E-10 1.0624E-10 1.0772E-10 1.0920E-10 1.1069E-10 1.1219E-10 1.1984E-10 1.2868E-10 1.3553E-10 1.4432E-10 1.5333E-10 1.6251E-10 1.7383E-10 1.8377E-10 1.9661E-10 2.0939E-10 2.2242E-10 2.3963E-10 2.5379E-10 2.7030E-10 2.8423E-10 2.9929E-10 3.1180E-10 3.2773E-10 3.4097E-10 3.8676E-10 4.1672E-10 4.6893E-10 5.1982E-10 5.8954E-10 6.5704E-10 7.3837E-10 8.2518E-10 9.2419E-10 1.0396E-09 1.1764E-09 1.3212E-09 1.4451E-09 1.6016E-09 1.7538E-09 1.9235E-09 2.0931E-09 2.2774E-09 2.4747E-09 2.7291E-09 2.9661E-09 3.2128E-09 3.4647E-09 3.7334E-09 4.0202E-09 4.3182E-09 4.6392E-09
9.7648E-11 9.9063E-11 1.0049E-10 1.0192E-10 1.0337E-10 1.0482E-10 1.0629E-10 1.0776E-10 1.0925E-10 1.1074E-10 1.1224E-10 1.2100E-10 1.2879E-10 1.3613E-10 1.4533E-10 1.5306E-10 1.6380E-10 1.7347E-10 1.8450E-10 1.9773E-10 2.0931E-10 2.2379E-10 2.4007E-10 2.5491E-10 2.7101E-10 2.8390E-10 2.9939E-10 3.0970E-10 3.2483E-10 3.3924E-10 3.5516E-10 4.1453E-10 4.3392E-10 5.1449E-10 5.4286E-10 6.4078E-10 6.8526E-10 8.0297E-10 8.5951E-10 9.9679E-10 1.0880E-09 1.2592E-09 1.3793E-09 1.5199E-09 1.6755E-09 1.8283E-09 2.0093E-09 2.1749E-09 2.3699E-09 2.5767E-09 2.8200E-09 3.0598E-09 3.3022E-09 3.5618E-09 3.8270E-09 4.1196E-09 4.4040E-09
9.7678E-11 9.9093E-11 1.0052E-10 1.0195E-10 1.0340E-10 1.0485E-10 1.0632E-10 1.0780E-10 1.0928E-10 1.1077E-10 1.1228E-10 1.2198E-10 1.2856E-10 1.3593E-10 1.4647E-10 1.5262E-10 1.6489E-10 1.7366E-10 1.8536E-10 1.9747E-10 2.1056E-10 2.2281E-10 2.4027E-10 2.5354E-10 2.7210E-10 2.8251E-10 2.9672E-10 3.0972E-10 3.2266E-10 3.3907E-10 3.5276E-10 3.9898E-10 4.2925E-10 4.8188E-10 5.3292E-10 6.0290E-10 6.6370E-10 7.5184E-10 8.3145E-10 9.3721E-10 1.0447E-09 1.1881E-09 1.3234E-09 1.4544E-09 1.6002E-09 1.7591E-09 1.9163E-09 2.0910E-09 2.2609E-09 2.4571E-09 2.6705E-09 2.9032E-09 3.1528E-09 3.3715E-09 3.6450E-09 3.8991E-09 4.1915E-09
9.7699E-11 9.9114E-11 1.0054E-10 1.0198E-10 1.0342E-10 1.0488E-10 1.0634E-10 1.0782E-10 1.0930E-10 1.1080E-10 1.1230E-10 1.2260E-10 1.2864E-10 1.3791E-10 1.4623E-10 1.5349E-10 1.6524E-10 1.7297E-10 1.8698E-10 1.9761E-10 2.1094E-10 2.2395E-10 2.3814E-10 2.5535E-10 2.7070E-10 2.8263E-10 2.9427E-10 3.0965E-10 3.2254E-10 3.3881E-10 3.5243E-10 3.7011E-10 4.1291E-10 4.4946E-10 5.2702E-10 5.5866E-10 6.5333E-10 6.9776E-10 8.1504E-10 8.7124E-10 1.0077E-09 1.0980E-09 1.2678E-09 1.3864E-09 1.5249E-09 1.6778E-09 1.8185E-09 2.0030E-09 2.1548E-09 2.3523E-09 2.5160E-09 2.7655E-09 2.9727E-09 3.2328E-09 3.4609E-09 3.7244E-09 3.9703E-09
9.7710E-11 9.9125E-11 1.0055E-10 1.0199E-10 1.0343E-10 1.0489E-10 1.0636E-10 1.0783E-10 1.0932E-10 1.1081E-10 1.1380E-10 1.2351E-10 1.2840E-10 1.3818E-10 1.4693E-10 1.5295E-10 1.6662E-10 1.7310E-10 1.8685E-10 1.9779E-10 2.1032E-10 2.2470E-10 2.3783E-10 2.5547E-10 2.7082E-10 2.8268E-10 2.9427E-10 3.0678E-10 3.2073E-10 3.3566E-10 3.5039E-10 3.6668E-10 4.1094E-10 4.4359E-10 4.9416E-10 5.4906E-10 6.1494E-10 6.7543E-10 7.6315E-10 8.4207E-10 9.4695E-10 1.0403E-09 1.1822E-09 1.3075E-09 1.4439E-09 1.5834E-09 1.7403E-09 1.8895E-09 2.0753E-09 2.2389E-09 2.4279E-09 2.6033E-09 2.8348E-09 3.0359E-09 3.2852E-09 3.5216E-09 3.7728E-09
9.7711E-11 9.9127E-11 1.0055E-10 1.0199E-10 1.0343E-10 1.0489E-10 1.0636E-10 1.0783E-10 1.0932E-10 1.1081E-10 1.1416E-10 1.2327E-10 1.2844E-10 1.3838E-10 1.4702E-10 1.5448E-10 1.6602E-10 1.7321E-10 1.8741E-10 1.9760E-10 2.1079E-10 2.2576E-10 2.3701E-10 2.5574E-10 2.6843E-10 2.8226E-10 2.9209E-10 3.0458E-10 3.1992E-10 3.3322E-10 3.4992E-10 3.6396E-10 3.8209E-10 4.2488E-10 4.6161E-10 5.1081E-10 5.7044E-10 6.4952E-10 7.1162E-10 8.0262E-10 8.8018E-10 9.9204E-10 1.0973E-09 1.2472E-09 1.3718E-09 1.5144E-09 1.6554E-09 1.7977E-09 1.9604E-09 2.1289E-09 2.3103E-09 2.4748E-09 2.6766E-09 2.8807E-09 3.1143E-09 3.3264E-09 3.5684E-09
9.7703E-11 9.9118E-11 1.0054E-10 1.0198E-10 1.0343E-10 1.0488E-10 1.0635E-10 1.0782E-10 1.0931E-10 1.1080E-10 1.1557E-10 1.2302E-10 1.2818E-10 1.3892E-10 1.4678E-10 1.5473E-10 1.6611E-10 1.7416E-10 1.8760E-10 1.9733E-10 2.1051E-10 2.2563E-10 2.3696E-10 2.5515E-10 2.6846E-10 2.8021E-10 2.9199E-10 3.0395E-10 3.1684E-10 3.3282E-10 3.4653E-10 3.6332E-10 3.7838E-10 4.2259E-10 4.5534E-10 5.0575E-10 5.5628E-10 6.1899E-10 6.8550E-10 7.6536E-10 8.5009E-10 9.3970E-10 1.0452E-09 1.1703E-09 1.3065E-09 1.4235E-09 1.5593E-09 1.7160E-09 1.8447E-09 2.0231E-09 2.1691E-09 2.3675E-09 2.5148E-09 2.7249E-09 2.9174E-09 3.1409E-09 3.3644E-09
9.7685E-11 9.9100E-11 1.0053E-10 1.0196E-10 1.0341E-10 1.0486E-10 1.0633E-10 1.0781E-10 1.0929E-10 1.1078E-10 1.1691E-10 1.2312E-10 1.2970E-10 1.3757E-10 1.4682E-10 1.5532E-10 1.6554E-10 1.7458E-10 1.8780E-10 1.9708E-10 2.1150E-10 2.2524E-10 2.3662E-10 2.5487E-10 2.6842E-10 2.7966E-10 2.9181E-10 3.0213E-10 3.1652E-10 3.3073E-10 3.4596E-10 3.6095E-10 3.7755E-10 3.9395E-10 4.3871E-10 4.7327E-10 5.2211E-10 5.8119E-10 6.4525E-10 7.1398E-10 7.9560E-10 8.7951E-10 9.8100E-10 1.0786E-09 1.2156E-09 1.3434E-09 1.4716E-09 1.6119E-09 1.7727E-09 1.9018E-09 2.0807E-09 2.2272E-09 2.4162E-09 2.5715E-09 2.7713E-09 2.9629E-09 3.1632E-09
9.7657E-11 9.9072E-11 1.0050E-10 1.0193E-10 1.0338E-10 1.0483E-10 1.0630E-10 1.0778E-10 1.0926E-10 1.1075E-10 1.1778E-10 1.2238E-10 1.3035E-10 1.3761E-10 1.4622E-10 1.5632E-10 1.6558E-10 1.7535E-10 1.8793E-10 1.9668E-10 2.1188E-10 2.2346E-10 2.3753E-10 2.5282E-10 2.6603E-10 2.7743E-10 2.8917E-10 3.0130E-10 3.1409E-10 3.2687E-10 3.4324E-10 3.5733E-10 3.7451E-10 3.8997E-10 4.0690E-10 4.5293E-10 4.8843E-10 5.3856E-10 5.9912E-10 6.7902E-10 7.4183E-10 8.4905E-10 9.1107E-10 1.0385E-09 1.1324E-09 1.2901E-09 1.4007E-09 1.5315E-09 1.6650E-09 1.8104E-09 1.9556E-09 2.1176E-09 2.2888E-09 2.4420E-09 2.6306E-09 2.7918E-09 2.9839E-09
9.7620E-11 9.9035E-11 1.0046E-10 1.0189E-10 1.0334E-10 1.0480E-10 1.0626E-10 1.0774E-10 1.0922E-10 1.1071E-10 1.1822E-10 1.2183E-10 1.3174E-10 1.3733E-10 1.4593E-10 1.5681E-10 1.6530E-10 1.7678E-10 1.8765E-10 1.9744E-10 2.1106E-10 2.2294E-10 2.3808E-10 2.5295E-10 2.6553E-10 2.7688E-10 2.8891E-10 3.0095E-10 3.1366E-10 3.2636E-10 3.4256E-10 3.5654E-10 3.7354E-10 3.8887E-10 4.0564E-10 4.2231E-10 4.8442E-10 5.3265E-10 5.9091E-10 6.4725E-10 7.2142E-10 7.9441E-10 8.8267E-10 9.6675E-10 1.0741E-09 1.1913E-09 1.3279E-09 1.4347E-09 1.5694E-09 1.7067E-09 1.8349E-09 2.0037E-09 2.1389E-09 2.3162E-09 2.4582E-09 2.6444E-09 2.8025E-09
9.7574E-11 9.8987E-11 1.0041E-10 1.0185E-10 1.0329E-10 1.0475E-10 1.0621E-10 1.0768E-10 1.0917E-10 1.1066E-10 1.1821E-10 1.2102E-10 1.3226E-10 1.3734E-10 1.4679E-10 1.5652E-10 1.6477E-10 1.7694E-10 1.8666E-10 1.9756E-10 2.1048E-10 2.2224E-10 2.3656E-10 2.5299E-10 2.6308E-10 2.7466E-10 2.8659E-10 2.9853E-10 3.1114E-10 3.2372E-10 3.3742E-10 3.5358E-10 3.6802E-10 3.8556E-10 4.0138E-10 4.1866E-10 4.6414E-10 4.9939E-10 5.4874E-10 6.0828E-10 6.6580E-10 7.4118E-10 8.1452E-10 9.0347E-10 9.9496E-10 1.0954E-09 1.2276E-09 1.3498E-09 1.4713E-09 1.5902E-09 1.7424E-09 1.8525E-09 2.0198E-09 2.1672E-09 2.3267E-09 2.4893E-09 2.6649E-09
9.7517E-11 9.8930E-11 1.0035E-10 1.0179E-10 1.0323E-10 1.0469E-10 1.0615E-10 1.0762E-10 1.0911E-10 1.1060E-10 1.1818E-10 1.2073E-10 1.3313E-10 1.3704E-10 1.4742E-10 1.5619E-10 1.6445E-10 1.7719E-10 1.8591E-10 1.9951E-10 2.0831E-10 2.2216E-10 2.3657E-10 2.5253E-10 2.6237E-10 2.7440E-10 2.8570E-10 2.9809E-10 3.1006E-10 3.2311E-10 3.3613E-10 3.5267E-10 3.6699E-10 3.8434E-10 4.0002E-10 4.1712E-10 4.3414E-10 4.8151E-10 5.1448E-10 5.7205E-10 6.2556E-10 6.9760E-10 7.5911E-10 8.4406E-10 9.2156E-10 1.0244E-09 1.1133E-09 1.2836E-09 1.3820E-09 1.5098E-09 1.6345E-09 1.7559E-09 1.8940E-09 2.0426E-09 2.1801E-09 2.3528E-09 2.4886E-09
9.7451E-11 9.8863E-11 1.0029E-10 1.0172E-10 1.0316E-10 1.0462E-10 1.0608E-10 1.0755E-10 1.0903E-10 1.1172E-10 1.1814E-10 1.2070E-10 1.3327E-10 1.3702E-10 1.4852E-10 1.5587E-10 1.6380E-10 1.7716E-10 1.8497E-10 1.9992E-10 2.0824E-10 2.2258E-10 2.3647E-10 2.5162E-10 2.6181E-10 2.7336E-10 2.8331E-10 2.9564E-10 3.0745E-10 3.2083E-10 3.3328E-10 3.4730E-10 3.6378E-10 3.7855E-10 3.9642E-10 4.1257E-10 4.3017E-10 4.4769E-10 4.9605E-10 5.2967E-10 5.8801E-10 6.4136E-10 7.1391E-10 7.7494E-10 8.9079E-10 9.7678E-10 1.0718E-09 1.1896E-09 1.2985E-09 1.4090E-09 1.5349E-09 1.6444E-09 1.7847E-09 1.8983E-09 2.0520E-09 2.1785E-09 2.3476E-09
9.7376E-11 9.8787E-11 1.0021E-10 1.0164E-10 1.0308E-10 1.0453E-10 1.0600E-10 1.0747E-10 1.0895E-10 1.1305E-10 1.1809E-10 1.2065E-10 1.3295E-10 1.3668E-10 1.4912E-10 1.5582E-10 1.6344E-10 1.7612E-10 1.8380E-10 1.9933E-10 2.0782E-10 2.2302E-10 2.3566E-10 2.4917E-10 2.6117E-10 2.7051E-10 2.8254E-10 2.9412E-10 3.0683E-10 3.1909E-10 3.3246E-10 3.4580E-10 3.6265E-10 3.7728E-10 3.9494E-10 4.1094E-10 4.2833E-10 4.4568E-10 4.6450E-10 5.1064E-10 5.4718E-10 6.1736E-10 6.8916E-10 7.5780E-10 8.2718E-10 9.0445E-10 9.8999E-10 1.0843E-09 1.2059E-09 1.3217E-09 1.4223E-09 1.5486E-09 1.6480E-09 1.7852E-09 1.8967E-09 2.0543E-09 2.1960E-09
9.7291E-11 9.8701E-11 1.0012E-10 1.0155E-10 1.0299E-10 1.0444E-10 1.0590E-10 1.0737E-10 1.0885E-10 1.1465E-10 1.1803E-10 1.2059E-10 1.3262E-10 1.3633E-10 1.4940E-10 1.5515E-10 1.6468E-10 1.7640E-10 1.8252E-10 1.9938E-10 2.0733E-10 2.2398E-10 2.3515E-10 2.4777E-10 2.6051E-10 2.6980E-10 2.8205E-10 2.9157E-10 3.0615E-10 3.1629E-10 3.3157E-10 3.4273E-10 3.5867E-10 3.7382E-10 3.9054E-10 4.0706E-10 4.2351E-10 4.4139E-10 4.5921E-10 5.0609E-10 5.3816E-10 5.9414E-10 6.4426E-10 7.0693E-10 7.7040E-10 8.4394E-10 9.1590E-10 1.0054E-09 1.0939E-09 1.2145E-09 1.3355E-09 1.4265E-09 1.5501E-09 1.6556E-09 1.7812E-09 1.9054E-09 2.0512E-09
9.7196E-11 9.8605E-11 1.0002E-10 1.0145E-10 1.0289E-10 1.0434E-10 1.0580E-10 1.0727E-10 1.0875E-10 1.1548E-10 1.1795E-10 1.2139E-10 1.3228E-10 1.3626E-10 1.4905E-10 1.5476E-10 1.6437E-10 1.7569E-10 1.8172E-10 1.9862E-10 2.0647E-10 2.2361E-10 2.3454E-10 2.4718E-10 2.5827E-10 2.6936E-10 2.7884E-10 2.9098E-10 3.0303E-10 3.1549E-10 3.2858E-10 3.4170E-10 3.5588E-10 3.7244E-10 3.8736E-10 4.0530E-10 4.2158E-10 4.3925E-10 4.5688E-10 4.7596E-10 5.1961E-10 5.5481E-10 6.0746E-10 6.6030E-10 7.1942E-10 7.8207E-10 8.5502E-10 9.2597E-10 1.0145E-09 1.1079E-09 1.2204E-09 1.3454E-09 1.4278E-09 1.5554E-09 1.6654E-09 1.7808E-09 1.9026E-09
9.7092E-11 9.8500E-11 9.9917E-11 1.0135E-10 1.0278E-10 1.0423E-10 1.0569E-10 1.0716E-10 1.0863E-10 1.1539E-10 1.1786E-10 1.2178E-10 1.3193E-10 1.3588E-10 1.4840E-10 1.5436E-10 1.6527E-10 1.7526E-10 1.8124E-10 1.9811E-10 2.0552E-10 2.2368E-10 2.3268E-10 2.4538E-10 2.5626E-10 2.6819E-10 2.7777E-10 2.8997E-10 2.9975E-10 3.1461E-10 3.2502E-10 3.4058E-10 3.5202E-10 3.6825E-10 3.8365E-10 4.0065E-10 4.1742E-10 4.3415E-10 4.5227E-10 4.7037E-10 4.8993E-10 5.3321E-10 5.6844E-10 6.2069E-10 6.7303E-10 7.3170E-10 7.9347E-10 8.6553E-10 9.3532E-10 1.0224E-09 1.1250E-09 1.2240E-09 1.3506E-09 1.4337E-09 1.5505E-09 1.6572E-09 1.7692E-09
9.6979E-11 9.8384E-11 9.9801E-11 1.0123E-10 1.0266E-10 1.0411E-10 1.0557E-10 1.0703E-10 1.0851E-10 1.1528E-10 1.1776E-10 1.2257E-10 1.3156E-10 1.3591E-10 1.4756E-10 1.5365E-10 1.6485E-10 1.7418E-10 1.8167E-10 1.9731E-10 2.0497E-10 2.2317E-10 2.3237E-10 2.4470E-10 2.5551E-10 2.6579E-10 2.7684E-10 2.8737E-10 2.9899E-10 3.1175E-10 3.2403E-10 3.3784E-10 3.5077E-10 3.6522E-10 3.7924E-10 3.9721E-10 4.1538E-10 4.3192E-10 4.4982E-10 4.6771E-10 4.8703E-10 5.0406E-10 5.4998E-10 5.8612E-10 6.3703E-10 6.8984E-10 7.4374E-10 8.0875E-10 8.7541E-10 9.4815E-10 1.0290E-09 1.1291E-09 1.2256E-09 1.3488E-09 1.4294E-09 1.5426E-09 1.6458E-09
9.6856E-11 9.8260E-11 9.9674E-11 1.0110E-10 1.0253E-10 1.0398E-10 1.0543E-10 1.0690E-10 1.0837E-10 1.1516E-10 1.1764E-10 1.2385E-10 1.3119E-10 1.3579E-10 1.4596E-10 1.5322E-10 1.6365E-10 1.7399E-10 1.8212E-10 1.9642E-10 2.0438E-10 2.2179E-10 2.3139E-10 2.4207E-10 2.5470E-10 2.6362E-10 2.7617E-10 2.8533E-10 2.9780E-10 3.0784E-10 3.2295E-10 3.3362E-10 3.4943E-10 3.6113E-10 3.7762E-10 3.9324E-10 4.1049E-10 4.2747E-10 4.4445E-10 4.6279E-10 4.8113E-10 5.0091E-10 5.1833E-10 5.6378E-10 5.9988E-10 6.5028E-10 7.0240E-10 7.5550E-10 8.1923E-10 8.8440E-10 9.5548E-10 1.0342E-09 1.1316E-09 1.2252E-09 1.3446E-09 1.4225E-09 1.5318E-09
9.6724E-11 9.8126E-11 9.9538E-11 1.0096E-10 1.0239E-10 1.0384E-10 1.0529E-10 1.0675E-10 1.0864E-10 1.1504E-10 1.1751E-10 1.2455E-10 1.3080E-10 1.3584E-10 1.4509E-10 1.5248E-10 1.6355E-10 1.7289E-10 1.8257E-10 1.9525E-10 2.0388E-10 2.2054E-10 2.3036E-10 2.4051E-10 2.5319E-10 2.6303E-10 2.7332E-10 2.8456E-10 2.9542E-10 3.0689E-10 3.2028E-10 3.3241E-10 3.4647E-10 3.5965E-10 3.7434E-10 3.8861E-10 4.0676E-10 4.2233E-10 4.4192E-10 4.5713E-10 4.7815E-10 4.9469E-10 5.1492E-10 5.3273E-10 5.7769E-10 6.1365E-10 6.6343E-10 7.1469E-10 7.6668E-10 8.2896E-10 8.9242E-10 9.6169E-10 1.0380E-09 1.1269E-09 1.2229E-09 1.3383E-09 1.4067E-09
9.6582E-11 9.7982E-11 9.9393E-11 1.0081E-10 1.0224E-10 1.0369E-10 1.0514E-10 1.0660E-10 1.0848E-10 1.1489E-10 1.1736E-10 1.2454E-10 1.2901E-10 1.3631E-10 1.4465E-10 1.5245E-10 1.6307E-10 1.7237E-10 1.8366E-10 1.9467E-10 2.0257E-10 2.1958E-10 2.2882E-10 2.3892E-10 2.5099E-10 2.6174E-10 2.7126E-10 2.8190E-10 2.9314E-10 3.0435E-10 3.1580E-10 3.2957E-10 3.4204E-10 3.5649E-10 3.7002E-10 3.8673E-10 3.9975E-10 4.2001E-10 4.3719E-10 4.5439E-10 4.7291E-10 4.9147E-10 5.1141E-10 5.2905E-10 5.5035E-10 5.9163E-10 6.3059E-10 6.7627E-10 7.1603E-10 7.7722E-10 8.3790E-10 8.9440E-10 9.6674E-10 1.0450E-09 1.1264E-09 1.2236E-09 1.3147E-09
