Assets/Resources/2015_m01_d23_0300(utc+0800)_l00_csi_1hr_conc.grd
DSAA
         159         159
     -79.000      79.000
     -79.000      79.000
  0.0000E+00  0.1208E-04
[rows 100 to 124 of 159, columns 57 to 113 of 159]
0.0000E+00 0.0000E+00 0.0000E+00 0.0000E+00 3.0284E-13 6.6722E-13 7.5373E-13 1.5849E-12 3.0722E-12 3.6325E-12 4.9272E-12 7.6920E-12 9.3928E-12 1.1908E-11 2.1586E-11 2.5047E-11 3.5041E-11 4.9809E-11 6.2388E-11 8.4029E-11 1.1996E-10 1.4812E-10 1.7397E-10 1.9715E-10 2.2961E-10 2.6731E-10 3.0517E-10 3.5252E-10 4.0261E-10 4.4896E-10 4.9175E-10 5.3505E-10 5.8074E-10 6.2813E-10 6.8607E-10 7.4244E-10 7.9991E-10 8.8480E-10 9.4864E-10 1.0125E-09 1.1019E-09 1.1698E-09 1.2383E-09 1.3463E-09 1.6929E-09 1.8946E-09 2.0273E-09 2.1648E-09 2.3100E-09 2.4609E-09 2.6158E-09 2.7768E-09 2.9634E-09 3.1795E-09 3.4276E-09 3.7061E-09 4.0051E-09
0.0000E+00 0.0000E+00 0.0000E+00 0.0000E+00 6.4496E-14 4.2817E-13 6.9443E-13 8.1179E-13 2.0582E-12 3.3481E-12 3.7732E-12 5.8182E-12 8.5721E-12 9.8587E-12 1.2965E-11 1.5978E-11 2.2350E-11 3.2920E-11 4.5905E-11 6.0819E-11 8.4715E-11 1.1625E-10 1.4656E-10 1.6785E-10 1.9226E-10 2.2596E-10 2.5828E-10 2.9596E-10 3.4153E-10 3.9033E-10 4.3585E-10 4.7837E-10 5.1957E-10 5.6212E-10 6.0897E-10 6.5747E-10 7.1464E-10 7.7258E-10 8.5190E-10 9.1160E-10 9.7128E-10 1.0425E-09 1.1165E-09 1.1800E-09 1.2793E-09 1.5265E-09 1.7939E-09 1.9137E-09 2.0387E-09 2.1695E-09 2.3057E-09 2.4461E-09 2.6052E-09 2.7909E-09 3.0059E-09 3.2495E-09 3.5174E-09
0.0000E+00 0.0000E+00 0.0000E+00 0.0000E+00 0.0000E+00 1.6447E-13 5.4840E-13 7.1929E-13 1.1267E-12 2.5158E-12 3.4693E-12 4.1253E-12 6.6778E-12 8.9563E-12 1.0713E-11 1.3954E-11 1.6462E-11 1.8475E-11 2.9201E-11 4.3674E-11 5.6103E-11 8.1657E-11 1.1413E-10 1.4140E-10 1.6581E-10 1.8739E-10 2.1516E-10 2.4923E-10 2.8259E-10 3.2955E-10 3.7806E-10 4.2230E-10 4.6333E-10 5.0330E-10 5.4518E-10 5.8926E-10 6.3470E-10 6.8502E-10 7.3985E-10 8.0902E-10 8.7284E-10 9.2859E-10 9.8216E-10 1.0625E-09 1.1198E-09 1.1776E-09 1.2755E-09 1.6901E-09 1.7990E-09 1.9126E-09 2.0303E-09 2.1512E-09 2.2863E-09 2.4459E-09 2.6310E-09 2.8434E-09 3.0811E-09
0.0000E+00 0.0000E+00 0.0000E+00 0.0000E+00 0.0000E+00 0.0000E+00 2.5895E-13 6.5954E-13 7.4149E-13 1.4902E-12 2.9486E-12 3.5775E-12 4.7848E-12 7.4893E-12 9.2231E-12 1.1498E-11 1.4853E-11 1.6875E-11 1.9957E-11 2.8502E-11 4.0504E-11 5.3136E-11 8.0811E-11 1.1044E-10 1.3685E-10 1.5946E-10 1.8115E-10 2.0870E-10 2.3860E-10 2.7025E-10 3.1286E-10 3.6342E-10 4.0925E-10 4.4824E-10 4.8779E-10 5.2774E-10 5.6941E-10 6.1187E-10 6.5761E-10 7.0296E-10 7.5642E-10 8.3154E-10 8.8319E-10 9.3383E-10 1.0066E-09 1.0597E-09 1.1122E-09 1.2017E-09 1.2589E-09 1.6839E-09 1.7849E-09 1.8900E-09 2.0043E-09 2.1400E-09 2.2991E-09 2.4862E-09 2.6939E-09
0.0000E+00 0.0000E+00 0.0000E+00 0.0000E+00 0.0000E+00 0.0000E+00 0.0000E+00 3.4577E-13 6.7826E-13 7.6072E-13 1.8282E-12 3.2723E-12 3.6712E-12 5.4220E-12 8.2356E-12 9.4511E-12 1.2196E-11 1.5396E-11 1.7210E-11 2.1402E-11 3.0159E-11 3.9253E-11 5.4044E-11 7.8819E-11 1.0583E-10 1.3356E-10 1.5583E-10 1.7511E-10 2.0040E-10 2.3116E-10 2.6002E-10 2.9693E-10 3.4316E-10 3.9287E-10 4.3262E-10 4.7155E-10 5.0800E-10 5.4679E-10 5.8678E-10 6.2695E-10 6.7146E-10 7.1627E-10 7.8633E-10 8.3639E-10 8.8453E-10 9.3016E-10 1.0003E-09 1.0473E-09 1.0946E-09 1.1816E-09 1.3950E-09 1.6594E-09 1.7561E-09 1.8706E-09 2.0077E-09 2.1680E-09 2.3490E-09
0.0000E+00 0.0000E+00 0.0000E+00 0.0000E+00 0.0000E+00 0.0000E+00 0.0000E+00 6.2587E-14 4.2279E-13 6.9419E-13 8.2058E-13 2.1328E-12 3.3511E-12 3.7492E-12 5.9948E-12 8.6219E-12 9.7900E-12 1.2788E-11 1.5660E-11 1.7461E-11 2.2600E-11 3.1504E-11 4.1256E-11 5.4560E-11 7.8967E-11 1.0402E-10 1.2914E-10 1.5200E-10 1.7143E-10 1.9169E-10 2.2364E-10 2.5129E-10 2.8614E-10 3.2637E-10 3.7110E-10 4.1706E-10 4.5083E-10 4.8822E-10 5.2405E-10 5.6116E-10 5.9846E-10 6.3969E-10 6.7786E-10 7.2105E-10 7.8825E-10 8.3570E-10 8.7710E-10 9.1823E-10 9.8407E-10 1.0266E-09 1.0703E-09 1.1551E-09 1.2849E-09 1.6355E-09 1.7528E-09 1.8890E-09 2.0444E-09
0.0000E+00 0.0000E+00 0.0000E+00 0.0000E+00 0.0000E+00 0.0000E+00 0.0000E+00 0.0000E+00 1.1759E-13 4.8792E-13 7.0709E-13 9.4829E-13 2.3960E-12 3.4139E-12 3.9182E-12 6.4889E-12 8.7696E-12 1.0215E-11 1.3261E-11 1.5847E-11 1.7625E-11 2.3513E-11 3.2461E-11 4.1336E-11 5.6232E-11 7.8742E-11 1.0136E-10 1.2513E-10 1.4896E-10 1.6727E-10 1.8706E-10 2.1501E-10 2.4355E-10 2.7603E-10 3.1352E-10 3.5206E-10 3.9144E-10 4.3087E-10 4.6358E-10 4.9951E-10 5.3338E-10 5.6873E-10 6.0503E-10 6.4328E-10 6.8202E-10 7.1931E-10 7.8208E-10 8.2428E-10 8.6151E-10 9.1015E-10 9.6139E-10 1.0013E-09 1.0423E-09 1.1240E-09 1.4474E-09 1.6436E-09 1.7773E-09
0.0000E+00 0.0000E+00 0.0000E+00 0.0000E+00 0.0000E+00 0.0000E+00 0.0000E+00 0.0000E+00 0.0000E+00 0.0000E+00 5.3921E-13 7.1679E-13 1.0814E-12 2.6106E-12 3.4612E-12 4.0802E-12 6.8908E-12 8.8759E-12 1.0529E-11 1.3598E-11 1.5955E-11 1.7700E-11 2.4105E-11 3.2541E-11 4.1169E-11 5.6352E-11 7.7828E-11 9.7543E-11 1.2087E-10 1.4450E-10 1.6347E-10 1.8218E-10 2.0666E-10 2.3485E-10 2.6574E-10 3.0064E-10 3.3610E-10 3.7290E-10 4.0370E-10 4.4099E-10 4.7304E-10 5.0664E-10 5.3811E-10 5.7158E-10 6.0788E-10 6.4086E-10 6.7754E-10 7.1180E-10 7.6282E-10 8.0650E-10 8.4131E-10 8.7644E-10 9.3503E-10 9.7267E-10 1.0104E-09 1.2828E-09 1.5421E-09
0.0000E+00 0.0000E+00 0.0000E+00 0.0000E+00 0.0000E+00 0.0000E+00 0.0000E+00 0.0000E+00 0.0000E+00 0.0000E+00 0.0000E+00 5.7489E-13 7.2315E-13 9.9521E-13 2.7698E-12 3.4921E-12 4.0610E-12 7.1878E-12 8.9393E-12 1.0720E-11 1.3788E-11 1.5980E-11 1.7678E-11 2.4318E-11 3.2398E-11 4.0045E-11 5.5973E-11 7.6913E-11 9.3819E-11 1.1556E-10 1.4063E-10 1.5916E-10 1.7771E-10 1.9794E-10 2.2491E-10 2.5429E-10 2.8646E-10 3.2005E-10 3.5590E-10 3.8596E-10 4.1616E-10 4.4672E-10 4.7582E-10 5.0862E-10 5.3790E-10 5.6905E-10 6.0264E-10 6.3637E-10 6.6641E-10 7.0568E-10 7.5246E-10 7.8481E-10 8.1655E-10 8.7088E-10 9.0441E-10 9.5506E-10 1.1967E-09
0.0000E+00 0.0000E+00 0.0000E+00 0.0000E+00 0.0000E+00 0.0000E+00 0.0000E+00 0.0000E+00 0.0000E+00 0.0000E+00 0.0000E+00 0.0000E+00 5.9339E-13 7.2608E-13 8.0466E-13 2.8675E-12 3.5063E-12 3.8851E-12 6.6124E-12 8.9588E-12 1.0779E-11 1.3822E-11 1.5898E-11 1.7560E-11 2.4137E-11 3.2115E-11 3.9530E-11 5.4846E-11 7.4028E-11 9.0782E-11 1.0999E-10 1.3414E-10 1.5419E-10 1.7119E-10 1.8895E-10 2.1276E-10 2.4260E-10 2.7103E-10 3.0372E-10 3.3608E-10 3.6673E-10 3.9478E-10 4.2228E-10 4.4914E-10 4.7792E-10 5.0579E-10 5.3265E-10 5.6474E-10 5.9211E-10 6.2113E-10 6.5729E-10 6.9195E-10 7.2804E-10 7.5623E-10 8.0662E-10 8.3786E-10 8.8477E-10
0.0000E+00 0.0000E+00 0.0000E+00 0.0000E+00 0.0000E+00 0.0000E+00 0.0000E+00 0.0000E+00 0.0000E+00 0.0000E+00 0.0000E+00 0.0000E+00 0.0000E+00 5.9339E-13 7.2554E-13 8.0214E-13 2.2492E-12 3.5035E-12 3.8727E-12 5.8917E-12 8.9340E-12 1.0679E-11 1.3643E-11 1.5705E-11 1.7282E-11 2.3601E-11 3.1662E-11 3.8868E-11 5.2404E-11 7.1838E-11 8.7492E-11 1.0478E-10 1.2778E-10 1.4840E-10 1.6390E-10 1.8092E-10 2.0103E-10 2.2930E-10 2.5653E-10 2.8812E-10 3.1687E-10 3.4711E-10 3.7305E-10 3.9892E-10 4.2352E-10 4.4952E-10 4.7399E-10 4.9826E-10 5.2426E-10 5.5131E-10 5.7882E-10 6.0889E-10 6.4823E-10 6.7391E-10 6.9785E-10 7.4507E-10 7.7212E-10
0.0000E+00 0.0000E+00 0.0000E+00 0.0000E+00 0.0000E+00 0.0000E+00 0.0000E+00 0.0000E+00 0.0000E+00 0.0000E+00 0.0000E+00 0.0000E+00 0.0000E+00 0.0000E+00 0.0000E+00 7.2154E-13 7.9580E-13 1.5709E-12 3.4838E-12 3.8416E-12 5.8620E-12 8.8286E-12 1.0402E-11 1.3290E-11 1.5448E-11 1.6965E-11 2.2701E-11 3.0129E-11 3.7439E-11 4.9540E-11 6.8247E-11 8.5077E-11 9.9570E-11 1.1979E-10 1.4061E-10 1.5583E-10 1.7197E-10 1.8803E-10 2.1510E-10 2.4263E-10 2.6942E-10 2.9704E-10 3.2625E-10 3.5112E-10 3.7486E-10 3.9704E-10 4.2110E-10 4.4368E-10 4.6482E-10 4.8803E-10 5.1185E-10 5.3435E-10 5.6464E-10 5.9970E-10 6.2147E-10 6.4239E-10 6.8601E-10
0.0000E+00 0.0000E+00 0.0000E+00 0.0000E+00 0.0000E+00 0.0000E+00 0.0000E+00 0.0000E+00 0.0000E+00 0.0000E+00 0.0000E+00 0.0000E+00 0.0000E+00 0.0000E+00 0.0000E+00 0.0000E+00 7.1413E-13 7.8575E-13 8.6247E-13 3.4407E-12 3.7633E-12 4.9322E-12 8.6589E-12 9.9865E-12 1.2785E-11 1.5121E-11 1.6609E-11 2.1487E-11 2.8971E-11 3.5229E-11 4.5911E-11 6.3785E-11 8.1679E-11 9.3452E-11 1.1088E-10 1.3288E-10 1.4835E-10 1.6284E-10 1.7820E-10 1.9910E-10 2.2917E-10 2.5190E-10 2.7822E-10 3.0463E-10 3.2913E-10 3.5084E-10 3.7095E-10 3.9236E-10 4.1313E-10 4.3255E-10 4.5316E-10 4.7269E-10 4.9356E-10 5.1986E-10 5.5252E-10 5.7214E-10 5.8926E-10
0.0000E+00 0.0000E+00 0.0000E+00 0.0000E+00 0.0000E+00 0.0000E+00 0.0000E+00 0.0000E+00 0.0000E+00 0.0000E+00 0.0000E+00 0.0000E+00 0.0000E+00 0.0000E+00 0.0000E+00 0.0000E+00 0.0000E+00 7.0342E-13 7.7064E-13 8.2288E-13 3.3422E-12 3.6413E-12 3.9709E-12 6.3153E-12 8.2435E-12 1.0819E-11 1.3336E-11 1.6296E-11 1.9951E-11 2.7052E-11 3.4266E-11 4.2151E-11 5.8515E-11 7.5742E-11 8.8339E-11 1.0243E-10 1.2195E-10 1.3964E-10 1.5327E-10 1.6725E-10 1.8434E-10 2.0908E-10 2.3424E-10 2.6034E-10 2.8249E-10 3.0744E-10 3.2722E-10 3.4539E-10 3.6472E-10 3.8341E-10 4.0072E-10 4.1867E-10 4.3578E-10 4.5268E-10 4.7653E-10 5.0560E-10 5.2275E-10
0.0000E+00 0.0000E+00 0.0000E+00 0.0000E+00 0.0000E+00 0.0000E+00 0.0000E+00 0.0000E+00 0.0000E+00 0.0000E+00 0.0000E+00 0.0000E+00 0.0000E+00 0.0000E+00 0.0000E+00 0.0000E+00 0.0000E+00 0.0000E+00 0.0000E+00 0.0000E+00 0.0000E+00 1.6038E-12 1.7701E-12 1.9270E-12 4.0867E-12 6.7342E-12 8.8228E-12 1.1553E-11 1.5876E-11 1.8167E-11 2.4681E-11 3.3029E-11 4.0181E-11 5.2517E-11 6.9436E-11 8.2873E-11 9.4529E-11 1.1139E-10 1.3194E-10 1.4423E-10 1.5706E-10 1.7035E-10 1.9422E-10 2.1751E-10 2.3864E-10 2.6107E-10 2.8534E-10 3.0350E-10 3.1954E-10 3.3641E-10 3.5268E-10 3.6739E-10 3.8399E-10 3.9846E-10 4.1333E-10 4.3430E-10 4.6158E-10
0.0000E+00 0.0000E+00 0.0000E+00 0.0000E+00 0.0000E+00 0.0000E+00 0.0000E+00 0.0000E+00 0.0000E+00 0.0000E+00 0.0000E+00 0.0000E+00 0.0000E+00 0.0000E+00 0.0000E+00 0.0000E+00 0.0000E+00 0.0000E+00 0.0000E+00 0.0000E+00 0.0000E+00 0.0000E+00 0.0000E+00 8.6702E-13 9.4313E-13 1.9951E-12 5.4461E-12 6.7748E-12 1.0582E-11 1.5375E-11 1.6778E-11 2.1813E-11 2.9292E-11 3.7707E-11 4.6118E-11 6.1632E-11 7.7404E-11 8.7657E-11 1.0132E-10 1.2007E-10 1.3444E-10 1.4590E-10 1.5647E-10 1.7525E-10 2.0000E-10 2.1878E-10 2.3915E-10 2.5883E-10 2.7982E-10 2.9412E-10 3.0904E-10 3.2315E-10 3.3595E-10 3.5090E-10 3.6194E-10 3.7667E-10 3.8939E-10
0.0000E+00 0.0000E+00 0.0000E+00 0.0000E+00 0.0000E+00 0.0000E+00 0.0000E+00 0.0000E+00 0.0000E+00 0.0000E+00 0.0000E+00 0.0000E+00 0.0000E+00 0.0000E+00 0.0000E+00 0.0000E+00 0.0000E+00 0.0000E+00 0.0000E+00 0.0000E+00 0.0000E+00 0.0000E+00 0.0000E+00 0.0000E+00 8.3161E-13 9.0230E-13 9.7651E-13 3.1514E-12 4.6794E-12 8.1375E-12 1.4749E-11 1.6011E-11 1.8590E-11 2.5017E-11 3.3917E-11 4.1304E-11 5.2689E-11 6.9390E-11 8.2520E-11 9.2576E-11 1.0624E-10 1.2374E-10 1.3383E-10 1.4393E-10 1.5679E-10 1.7988E-10 2.0019E-10 2.1595E-10 2.3360E-10 2.5512E-10 2.6750E-10 2.8161E-10 2.9418E-10 3.0532E-10 3.1700E-10 3.2887E-10 3.3975E-10
0.0000E+00 0.0000E+00 0.0000E+00 0.0000E+00 0.0000E+00 0.0000E+00 0.0000E+00 0.0000E+00 0.0000E+00 0.0000E+00 0.0000E+00 0.0000E+00 0.0000E+00 0.0000E+00 0.0000E+00 0.0000E+00 0.0000E+00 0.0000E+00 0.0000E+00 0.0000E+00 0.0000E+00 0.0000E+00 0.0000E+00 0.0000E+00 0.0000E+00 0.0000E+00 8.5884E-13 9.2710E-13 3.0093E-12 4.3356E-12 5.5917E-12 1.1996E-11 1.5197E-11 1.6430E-11 2.0829E-11 2.9846E-11 3.8352E-11 4.6263E-11 5.8503E-11 7.3859E-11 8.4504E-11 9.5001E-11 1.0860E-10 1.2151E-10 1.3062E-10 1.4050E-10 1.5685E-10 1.8029E-10 1.9557E-10 2.1264E-10 2.2920E-10 2.4386E-10 2.5555E-10 2.6651E-10 2.7437E-10 2.8345E-10 2.9327E-10
0.0000E+00 0.0000E+00 0.0000E+00 0.0000E+00 0.0000E+00 0.0000E+00 0.0000E+00 0.0000E+00 0.0000E+00 0.0000E+00 0.0000E+00 0.0000E+00 0.0000E+00 0.0000E+00 0.0000E+00 0.0000E+00 0.0000E+00 0.0000E+00 0.0000E+00 0.0000E+00 0.0000E+00 0.0000E+00 0.0000E+00 0.0000E+00 0.0000E+00 0.0000E+00 0.0000E+00 8.1330E-13 8.7570E-13 1.9031E-12 4.0820E-12 4.4166E-12 8.9278E-12 1.4234E-11 1.5448E-11 1.7371E-11 2.3495E-11 3.4301E-11 4.1114E-11 4.8462E-11 6.1381E-11 7.5538E-11 8.7302E-11 9.7045E-11 1.0907E-10 1.1699E-10 1.2575E-10 1.3885E-10 1.5707E-10 1.7352E-10 1.8656E-10 2.0041E-10 2.1705E-10 2.2642E-10 2.3782E-10 2.4522E-10 2.5206E-10
0.0000E+00 0.0000E+00 0.0000E+00 0.0000E+00 0.0000E+00 0.0000E+00 0.0000E+00 0.0000E+00 0.0000E+00 0.0000E+00 0.0000E+00 0.0000E+00 0.0000E+00 0.0000E+00 0.0000E+00 0.0000E+00 0.0000E+00 0.0000E+00 0.0000E+00 0.0000E+00 0.0000E+00 0.0000E+00 0.0000E+00 0.0000E+00 0.0000E+00 0.0000E+00 0.0000E+00 0.0000E+00 6.2453E-13 8.2293E-13 8.8155E-13 3.4626E-12 4.1480E-12 5.8991E-12 1.1435E-11 1.4465E-11 1.5493E-11 1.7782E-11 2.7009E-11 3.6051E-11 4.3867E-11 5.1614E-11 6.2285E-11 7.5742E-11 8.6558E-11 9.6187E-11 1.0376E-10 1.1034E-10 1.2223E-10 1.3565E-10 1.5050E-10 1.6407E-10 1.7775E-10 1.9034E-10 2.0019E-10 2.0929E-10 2.1671E-10
0.0000E+00 0.0000E+00 0.0000E+00 0.0000E+00 0.0000E+00 0.0000E+00 0.0000E+00 0.0000E+00 0.0000E+00 0.0000E+00 0.0000E+00 0.0000E+00 0.0000E+00 0.0000E+00 0.0000E+00 0.0000E+00 0.0000E+00 0.0000E+00 0.0000E+00 0.0000E+00 0.0000E+00 0.0000E+00 0.0000E+00 0.0000E+00 0.0000E+00 0.0000E+00 0.0000E+00 0.0000E+00 0.0000E+00 2.8427E-13 6.9249E-13 8.2210E-13 2.3593E-12 3.5280E-12 4.1392E-12 7.9579E-12 1.1504E-11 1.4391E-11 1.5331E-11 2.0532E-11 2.8534E-11 3.7363E-11 4.3906E-11 5.1399E-11 6.1975E-11 7.3422E-11 8.4064E-11 9.1923E-11 9.8751E-11 1.0675E-10 1.1954E-10 1.3411E-10 1.4666E-10 1.5338E-10 1.6479E-10 1.7583E-10 1.8456E-10
0.0000E+00 0.0000E+00 0.0000E+00 0.0000E+00 0.0000E+00 0.0000E+00 0.0000E+00 0.0000E+00 0.0000E+00 0.0000E+00 0.0000E+00 0.0000E+00 0.0000E+00 0.0000E+00 0.0000E+00 0.0000E+00 0.0000E+00 0.0000E+00 0.0000E+00 0.0000E+00 0.0000E+00 0.0000E+00 0.0000E+00 0.0000E+00 0.0000E+00 0.0000E+00 0.0000E+00 0.0000E+00 0.0000E+00 0.0000E+00 0.0000E+00 2.8865E-13 6.8576E-13 1.3450E-12 2.4773E-12 3.4457E-12 6.1026E-12 7.6495E-12 1.0910E-11 1.3974E-11 1.5527E-11 2.1419E-11 2.8393E-11 3.6988E-11 4.5932E-11 5.0783E-11 5.8570E-11 6.8134E-11 7.6234E-11 8.6225E-11 9.2514E-11 1.0432E-10 1.1536E-10 1.2646E-10 1.3612E-10 1.4634E-10 1.5267E-10
0.0000E+00 0.0000E+00 0.0000E+00 0.0000E+00 0.0000E+00 0.0000E+00 0.0000E+00 0.0000E+00 0.0000E+00 0.0000E+00 0.0000E+00 0.0000E+00 0.0000E+00 0.0000E+00 0.0000E+00 0.0000E+00 0.0000E+00 0.0000E+00 0.0000E+00 0.0000E+00 0.0000E+00 0.0000E+00 0.0000E+00 0.0000E+00 0.0000E+00 0.0000E+00 0.0000E+00 0.0000E+00 0.0000E+00 0.0000E+00 0.0000E+00 0.0000E+00 0.0000E+00 2.1875E-13 5.9375E-13 1.4526E-12 3.1733E-12 4.5382E-12 7.0060E-12 8.5251E-12 1.0492E-11 1.2730E-11 1.8344E-11 2.2056E-11 2.9086E-11 3.4687E-11 4.1761E-11 4.9532E-11 5.3223E-11 6.0521E-11 6.8065E-11 7.3177E-11 8.2724E-11 9.2339E-11 1.0155E-10 1.0939E-10 1.1583E-10
0.0000E+00 0.0000E+00 0.0000E+00 0.0000E+00 0.0000E+00 0.0000E+00 0.0000E+00 0.0000E+00 0.0000E+00 0.0000E+00 0.0000E+00 0.0000E+00 0.0000E+00 0.0000E+00 0.0000E+00 0.0000E+00 0.0000E+00 0.0000E+00 0.0000E+00 0.0000E+00 0.0000E+00 0.0000E+00 0.0000E+00 0.0000E+00 0.0000E+00 0.0000E+00 0.0000E+00 0.0000E+00 0.0000E+00 0.0000E+00 0.0000E+00 0.0000E+00 0.0000E+00 6.0983E-13 6.4662E-13 6.8388E-13 1.5595E-12 2.0730E-12 3.5484E-12 5.3839E-12 6.3221E-12 7.6977E-12 8.1056E-12 1.0983E-11 1.7074E-11 2.2945E-11 2.6227E-11 3.2855E-11 3.7837E-11 4.1829E-11 4.5468E-11 4.7474E-11 5.1286E-11 5.4922E-11 6.5579E-11 7.1579E-11 8.0153E-11
0.0000E+00 0.0000E+00 0.0000E+00 0.0000E+00 0.0000E+00 0.0000E+00 0.0000E+00 0.0000E+00 0.0000E+00 0.0000E+00 0.0000E+00 0.0000E+00 0.0000E+00 0.0000E+00 0.0000E+00 0.0000E+00 0.0000E+00 0.0000E+00 0.0000E+00 0.0000E+00 0.0000E+00 0.0000E+00 0.0000E+00 0.0000E+00 0.0000E+00 0.0000E+00 0.0000E+00 0.0000E+00 0.0000E+00 0.0000E+00 0.0000E+00 0.0000E+00 0.0000E+00 0.0000E+00 0.0000E+00 0.0000E+00 0.0000E+00 7.1812E-13 8.8654E-13 1.6372E-12 3.5396E-12 3.9021E-12 5.0907E-12 5.7318E-12 6.8205E-12 1.2010E-11 1.4448E-11 1.8838E-11 2.1980E-11 2.7911E-11 3.1472E-11 3.2123E-11 3.5857E-11 3.8361E-11 3.9890E-11 5.5086E-11 6.0549E-11
