Assets/Resources/2015_m01_d21_0000(utc+0800)_l00_csi_1hr_conc.grd
DSAA
         159         159
     -79.000      79.000
     -79.000      79.000
  0.2392E-09  0.9670E-04
[rows 75 to 99 of 159, columns 0 to 56 of 159]
2.3430E-09 2.3901E-09 2.4327E-09 2.4821E-09 2.5204E-09 2.5696E-09 2.7389E-09 3.4038E-09 4.7896E-09 6.4516E-09 8.0485E-09 9.3219E-09 1.0266E-08 1.0895E-08 1.1329E-08 1.1569E-08 1.1759E-08 1.1834E-08 1.1914E-08 1.1926E-08 1.2065E-08 1.2174E-08 1.2442E-08 1.2686E-08 1.3002E-08 1.3332E-08 1.3666E-08 1.3858E-08 1.3834E-08 1.3624E-08 1.3272E-08 1.2917E-08 1.2546E-08 1.2234E-08 1.1961E-08 1.1724E-08 1.1557E-08 1.1427E-08 1.1322E-08 1.1284E-08 1.1292E-08 1.1326E-08 1.1419E-08 1.1529E-08 1.1663E-08 1.1806E-08 1.1975E-08 1.2158E-08 1.2345E-08 1.2527E-08 1.2711E-08 1.2888E-08 1.3071E-08 1.3260E-08 1.3434E-08 1.3603E-08 1.3783E-08
2.3206E-09 2.3684E-09 2.4114E-09 2.4615E-09 2.5003E-09 2.5502E-09 2.7881E-09 3.5788E-09 4.9853E-09 6.6643E-09 8.2533E-09 9.4995E-09 1.0425E-08 1.1021E-08 1.1446E-08 1.1676E-08 1.1855E-08 1.1926E-08 1.2016E-08 1.2024E-08 1.2177E-08 1.2296E-08 1.2568E-08 1.2812E-08 1.3135E-08 1.3458E-08 1.3784E-08 1.3968E-08 1.3914E-08 1.3694E-08 1.3335E-08 1.2983E-08 1.2619E-08 1.2304E-08 1.2039E-08 1.1818E-08 1.1638E-08 1.1513E-08 1.1436E-08 1.1404E-08 1.1412E-08 1.1446E-08 1.1550E-08 1.1658E-08 1.1799E-08 1.1957E-08 1.2140E-08 1.2302E-08 1.2490E-08 1.2670E-08 1.2856E-08 1.3031E-08 1.3195E-08 1.3376E-08 1.3551E-08 1.3706E-08 1.3876E-08
2.2970E-09 2.3455E-09 2.3888E-09 2.4396E-09 2.4788E-09 2.5295E-09 2.8431E-09 3.7067E-09 5.1710E-09 6.8607E-09 8.4170E-09 9.6396E-09 1.0530E-08 1.1116E-08 1.1525E-08 1.1747E-08 1.1921E-08 1.1980E-08 1.2077E-08 1.2127E-08 1.2249E-08 1.2410E-08 1.2647E-08 1.2892E-08 1.3216E-08 1.3531E-08 1.3841E-08 1.4011E-08 1.3943E-08 1.3723E-08 1.3380E-08 1.3021E-08 1.2674E-08 1.2365E-08 1.2101E-08 1.1884E-08 1.1715E-08 1.1587E-08 1.1518E-08 1.1493E-08 1.1509E-08 1.1569E-08 1.1667E-08 1.1784E-08 1.1928E-08 1.2094E-08 1.2279E-08 1.2451E-08 1.2630E-08 1.2800E-08 1.2983E-08 1.3150E-08 1.3309E-08 1.3478E-08 1.3641E-08 1.3794E-08 1.3974E-08
2.2723E-09 2.3215E-09 2.3650E-09 2.4144E-09 2.4561E-09 2.5210E-09 2.8887E-09 3.8419E-09 5.3378E-09 7.0078E-09 8.5396E-09 9.7274E-09 1.0606E-08 1.1165E-08 1.1562E-08 1.1776E-08 1.1955E-08 1.2031E-08 1.2102E-08 1.2156E-08 1.2292E-08 1.2446E-08 1.2698E-08 1.2957E-08 1.3239E-08 1.3561E-08 1.3841E-08 1.4001E-08 1.3943E-08 1.3714E-08 1.3392E-08 1.3040E-08 1.2708E-08 1.2410E-08 1.2145E-08 1.1937E-08 1.1784E-08 1.1649E-08 1.1590E-08 1.1578E-08 1.1608E-08 1.1675E-08 1.1787E-08 1.1911E-08 1.2063E-08 1.2221E-08 1.2409E-08 1.2585E-08 1.2763E-08 1.2926E-08 1.3097E-08 1.3256E-08 1.3417E-08 1.3573E-08 1.3715E-08 1.3868E-08 1.4033E-08
2.2464E-09 2.2962E-09 2.3424E-09 2.3901E-09 2.4345E-09 2.5308E-09 2.9711E-09 3.9731E-09 5.4728E-09 7.1277E-09 8.6254E-09 9.7900E-09 1.0635E-08 1.1185E-08 1.1574E-08 1.1794E-08 1.1951E-08 1.2033E-08 1.2104E-08 1.2155E-08 1.2302E-08 1.2445E-08 1.2693E-08 1.2951E-08 1.3214E-08 1.3527E-08 1.3798E-08 1.3944E-08 1.3896E-08 1.3671E-08 1.3375E-08 1.3039E-08 1.2714E-08 1.2431E-08 1.2194E-08 1.1977E-08 1.1833E-08 1.1736E-08 1.1684E-08 1.1663E-08 1.1704E-08 1.1795E-08 1.1905E-08 1.2039E-08 1.2194E-08 1.2360E-08 1.2530E-08 1.2712E-08 1.2881E-08 1.3047E-08 1.3205E-08 1.3349E-08 1.3505E-08 1.3655E-08 1.3776E-08 1.3927E-08 1.4087E-08
2.2214E-09 2.2699E-09 2.3163E-09 2.3647E-09 2.4095E-09 2.5643E-09 3.0426E-09 4.0845E-09 5.5809E-09 7.2170E-09 8.6786E-09 9.8075E-09 1.0637E-08 1.1177E-08 1.1559E-08 1.1773E-08 1.1919E-08 1.2003E-08 1.2082E-08 1.2125E-08 1.2273E-08 1.2409E-08 1.2651E-08 1.2907E-08 1.3147E-08 1.3449E-08 1.3721E-08 1.3847E-08 1.3814E-08 1.3615E-08 1.3326E-08 1.3011E-08 1.2713E-08 1.2437E-08 1.2215E-08 1.2006E-08 1.1872E-08 1.1787E-08 1.1746E-08 1.1748E-08 1.1797E-08 1.1893E-08 1.2010E-08 1.2151E-08 1.2310E-08 1.2493E-08 1.2652E-08 1.2826E-08 1.2989E-08 1.3153E-08 1.3304E-08 1.3430E-08 1.3577E-08 1.3713E-08 1.3832E-08 1.3973E-08 1.4132E-08
2.1936E-09 2.2425E-09 2.2915E-09 2.3360E-09 2.3856E-09 2.5767E-09 3.1058E-09 4.1933E-09 5.6822E-09 7.2680E-09 8.6991E-09 9.8014E-09 1.0616E-08 1.1138E-08 1.1515E-08 1.1713E-08 1.1872E-08 1.1948E-08 1.2029E-08 1.2079E-08 1.2217E-08 1.2365E-08 1.2577E-08 1.2823E-08 1.3064E-08 1.3335E-08 1.3595E-08 1.3733E-08 1.3698E-08 1.3522E-08 1.3263E-08 1.2965E-08 1.2700E-08 1.2429E-08 1.2224E-08 1.2049E-08 1.1901E-08 1.1832E-08 1.1803E-08 1.1816E-08 1.1889E-08 1.1987E-08 1.2121E-08 1.2258E-08 1.2422E-08 1.2607E-08 1.2771E-08 1.2937E-08 1.3088E-08 1.3245E-08 1.3386E-08 1.3517E-08 1.3636E-08 1.3758E-08 1.3877E-08 1.4011E-08 1.4155E-08
2.1647E-09 2.2141E-09 2.2634E-09 2.3084E-09 2.3584E-09 2.5968E-09 3.1756E-09 4.2900E-09 5.7488E-09 7.3085E-09 8.6955E-09 9.7715E-09 1.0571E-08 1.1085E-08 1.1447E-08 1.1646E-08 1.1812E-08 1.1884E-08 1.1961E-08 1.2018E-08 1.2138E-08 1.2281E-08 1.2476E-08 1.2711E-08 1.2945E-08 1.3202E-08 1.3447E-08 1.3581E-08 1.3558E-08 1.3408E-08 1.3186E-08 1.2902E-08 1.2664E-08 1.2431E-08 1.2223E-08 1.2062E-08 1.1956E-08 1.1885E-08 1.1865E-08 1.1903E-08 1.1980E-08 1.2099E-08 1.2232E-08 1.2378E-08 1.2530E-08 1.2715E-08 1.2878E-08 1.3042E-08 1.3186E-08 1.3327E-08 1.3457E-08 1.3577E-08 1.3693E-08 1.3794E-08 1.3898E-08 1.4029E-08 1.4179E-08
2.1370E-09 2.1848E-09 2.2343E-09 2.2797E-09 2.3301E-09 2.6195E-09 3.2578E-09 4.3234E-09 5.7884E-09 7.3098E-09 8.6680E-09 9.7198E-09 1.0504E-08 1.1017E-08 1.1374E-08 1.1563E-08 1.1729E-08 1.1809E-08 1.1874E-08 1.1933E-08 1.2045E-08 1.2179E-08 1.2377E-08 1.2579E-08 1.2800E-08 1.3051E-08 1.3273E-08 1.3411E-08 1.3420E-08 1.3278E-08 1.3087E-08 1.2838E-08 1.2616E-08 1.2406E-08 1.2211E-08 1.2070E-08 1.1978E-08 1.1938E-08 1.1926E-08 1.1967E-08 1.2071E-08 1.2192E-08 1.2332E-08 1.2497E-08 1.2649E-08 1.2820E-08 1.2979E-08 1.3136E-08 1.3276E-08 1.3407E-08 1.3518E-08 1.3632E-08 1.3740E-08 1.3818E-08 1.3907E-08 1.4049E-08 1.4191E-08
2.1065E-09 2.1534E-09 2.2044E-09 2.2500E-09 2.3146E-09 2.6395E-09 3.3080E-09 4.3908E-09 5.8242E-09 7.3070E-09 8.6076E-09 9.6522E-09 1.0417E-08 1.0927E-08 1.1288E-08 1.1476E-08 1.1632E-08 1.1697E-08 1.1788E-08 1.1836E-08 1.1958E-08 1.2065E-08 1.2252E-08 1.2418E-08 1.2648E-08 1.2880E-08 1.3096E-08 1.3227E-08 1.3255E-08 1.3136E-08 1.2977E-08 1.2768E-08 1.2559E-08 1.2375E-08 1.2216E-08 1.2068E-08 1.1993E-08 1.1972E-08 1.1974E-08 1.2054E-08 1.2151E-08 1.2283E-08 1.2432E-08 1.2600E-08 1.2773E-08 1.2936E-08 1.3075E-08 1.3224E-08 1.3349E-08 1.3480E-08 1.3568E-08 1.3677E-08 1.3769E-08 1.3851E-08 1.3932E-08 1.4059E-08 1.4208E-08
2.0742E-09 2.1220E-09 2.1726E-09 2.2191E-09 2.2870E-09 2.6597E-09 3.3475E-09 4.4448E-09 5.8309E-09 7.2710E-09 8.5478E-09 9.5701E-09 1.0325E-08 1.0825E-08 1.1184E-08 1.1383E-08 1.1525E-08 1.1598E-08 1.1696E-08 1.1706E-08 1.1849E-08 1.1914E-08 1.2116E-08 1.2281E-08 1.2482E-08 1.2701E-08 1.2916E-08 1.3037E-08 1.3083E-08 1.3006E-08 1.2858E-08 1.2679E-08 1.2506E-08 1.2334E-08 1.2195E-08 1.2078E-08 1.2004E-08 1.2002E-08 1.2033E-08 1.2121E-08 1.2245E-08 1.2383E-08 1.2527E-08 1.2700E-08 1.2880E-08 1.3035E-08 1.3171E-08 1.3304E-08 1.3423E-08 1.3535E-08 1.3631E-08 1.3708E-08 1.3789E-08 1.3859E-08 1.3951E-08 1.4050E-08 1.4209E-08
2.0419E-09 2.0889E-09 2.1410E-09 2.1872E-09 2.2731E-09 2.6647E-09 3.3749E-09 4.4530E-09 5.8300E-09 7.2281E-09 8.4550E-09 9.4785E-09 1.0226E-08 1.0713E-08 1.1072E-08 1.1276E-08 1.1426E-08 1.1493E-08 1.1591E-08 1.1601E-08 1.1734E-08 1.1802E-08 1.1979E-08 1.2106E-08 1.2337E-08 1.2497E-08 1.2727E-08 1.2855E-08 1.2908E-08 1.2856E-08 1.2733E-08 1.2594E-08 1.2450E-08 1.2289E-08 1.2169E-08 1.2090E-08 1.2051E-08 1.2044E-08 1.2097E-08 1.2199E-08 1.2338E-08 1.2485E-08 1.2641E-08 1.2797E-08 1.2979E-08 1.3129E-08 1.3270E-08 1.3382E-08 1.3485E-08 1.3581E-08 1.3668E-08 1.3740E-08 1.3799E-08 1.3857E-08 1.3942E-08 1.4047E-08 1.4192E-08
2.0079E-09 2.0560E-09 2.1086E-09 2.1545E-09 2.2607E-09 2.6635E-09 3.4056E-09 4.4483E-09 5.8141E-09 7.1730E-09 8.3819E-09 9.3716E-09 1.0112E-08 1.0606E-08 1.0953E-08 1.1164E-08 1.1327E-08 1.1385E-08 1.1483E-08 1.1505E-08 1.1616E-08 1.1693E-08 1.1838E-08 1.1962E-08 1.2175E-08 1.2322E-08 1.2540E-08 1.2677E-08 1.2732E-08 1.2713E-08 1.2632E-08 1.2496E-08 1.2380E-08 1.2250E-08 1.2138E-08 1.2082E-08 1.2065E-08 1.2089E-08 1.2147E-08 1.2280E-08 1.2424E-08 1.2577E-08 1.2753E-08 1.2908E-08 1.3073E-08 1.3217E-08 1.3351E-08 1.3457E-08 1.3552E-08 1.3623E-08 1.3693E-08 1.3766E-08 1.3800E-08 1.3847E-08 1.3940E-08 1.4038E-08 1.4183E-08
1.9744E-09 2.0225E-09 2.0745E-09 2.1211E-09 2.2615E-09 2.6694E-09 3.4127E-09 4.4576E-09 5.7845E-09 7.1073E-09 8.2861E-09 9.2566E-09 9.9811E-09 1.0498E-08 1.0842E-08 1.1048E-08 1.1217E-08 1.1288E-08 1.1375E-08 1.1412E-08 1.1499E-08 1.1575E-08 1.1724E-08 1.1820E-08 1.2018E-08 1.2154E-08 1.2359E-08 1.2503E-08 1.2569E-08 1.2562E-08 1.2509E-08 1.2404E-08 1.2307E-08 1.2212E-08 1.2103E-08 1.2071E-08 1.2081E-08 1.2120E-08 1.2227E-08 1.2351E-08 1.2507E-08 1.2666E-08 1.2848E-08 1.3020E-08 1.3173E-08 1.3300E-08 1.3425E-08 1.3520E-08 1.3605E-08 1.3657E-08 1.3712E-08 1.3774E-08 1.3805E-08 1.3829E-08 1.3935E-08 1.4027E-08 1.4169E-08
1.9404E-09 1.9886E-09 2.0405E-09 2.0872E-09 2.2351E-09 2.6560E-09 3.4054E-09 4.4377E-09 5.7428E-09 7.0354E-09 8.1904E-09 9.1475E-09 9.8460E-09 1.0374E-08 1.0733E-08 1.0943E-08 1.1105E-08 1.1196E-08 1.1267E-08 1.1311E-08 1.1383E-08 1.1459E-08 1.1596E-08 1.1694E-08 1.1867E-08 1.2006E-08 1.2185E-08 1.2329E-08 1.2413E-08 1.2412E-08 1.2386E-08 1.2331E-08 1.2231E-08 1.2160E-08 1.2110E-08 1.2080E-08 1.2093E-08 1.2166E-08 1.2283E-08 1.2422E-08 1.2588E-08 1.2754E-08 1.2940E-08 1.3112E-08 1.3269E-08 1.3386E-08 1.3493E-08 1.3575E-08 1.3648E-08 1.3692E-08 1.3726E-08 1.3771E-08 1.3804E-08 1.3837E-08 1.3911E-08 1.4021E-08 1.4145E-08
1.9060E-09 1.9537E-09 2.0057E-09 2.0551E-09 2.2057E-09 2.6507E-09 3.3983E-09 4.4185E-09 5.6896E-09 6.9531E-09 8.0904E-09 9.0400E-09 9.7313E-09 1.0251E-08 1.0601E-08 1.0841E-08 1.0993E-08 1.1094E-08 1.1160E-08 1.1210E-08 1.1286E-08 1.1346E-08 1.1473E-08 1.1578E-08 1.1724E-08 1.1860E-08 1.2032E-08 1.2163E-08 1.2256E-08 1.2289E-08 1.2264E-08 1.2235E-08 1.2154E-08 1.2107E-08 1.2081E-08 1.2093E-08 1.2121E-08 1.2216E-08 1.2352E-08 1.2506E-08 1.2694E-08 1.2857E-08 1.3028E-08 1.3200E-08 1.3352E-08 1.3467E-08 1.3553E-08 1.3623E-08 1.3683E-08 1.3721E-08 1.3735E-08 1.3766E-08 1.3782E-08 1.3819E-08 1.3883E-08 1.3994E-08 1.4125E-08
1.8711E-09 1.9207E-09 1.9705E-09 2.0201E-09 2.1737E-09 2.6228E-09 3.3782E-09 4.3597E-09 5.6141E-09 6.8566E-09 7.9767E-09 8.9146E-09 9.6165E-09 1.0121E-08 1.0469E-08 1.0732E-08 1.0880E-08 1.0992E-08 1.1068E-08 1.1112E-08 1.1196E-08 1.1237E-08 1.1357E-08 1.1458E-08 1.1588E-08 1.1721E-08 1.1893E-08 1.2011E-08 1.2105E-08 1.2166E-08 1.2145E-08 1.2141E-08 1.2092E-08 1.2052E-08 1.2051E-08 1.2090E-08 1.2156E-08 1.2254E-08 1.2424E-08 1.2592E-08 1.2776E-08 1.2959E-08 1.3128E-08 1.3283E-08 1.3428E-08 1.3533E-08 1.3616E-08 1.3663E-08 1.3710E-08 1.3736E-08 1.3742E-08 1.3754E-08 1.3758E-08 1.3785E-08 1.3861E-08 1.3973E-08 1.4101E-08
1.8358E-09 1.8851E-09 1.9350E-09 1.9844E-09 2.1509E-09 2.5865E-09 3.3346E-09 4.3180E-09 5.5309E-09 6.7496E-09 7.8566E-09 8.7880E-09 9.4886E-09 1.0004E-08 1.0349E-08 1.0619E-08 1.0775E-08 1.0894E-08 1.0983E-08 1.1015E-08 1.1097E-08 1.1148E-08 1.1246E-08 1.1345E-08 1.1487E-08 1.1596E-08 1.1752E-08 1.1874E-08 1.1962E-08 1.2037E-08 1.2028E-08 1.2048E-08 1.2035E-08 1.1996E-08 1.2024E-08 1.2086E-08 1.2174E-08 1.2307E-08 1.2484E-08 1.2663E-08 1.2855E-08 1.3043E-08 1.3226E-08 1.3373E-08 1.3498E-08 1.3598E-08 1.3671E-08 1.3703E-08 1.3729E-08 1.3742E-08 1.3752E-08 1.3730E-08 1.3728E-08 1.3772E-08 1.3832E-08 1.3940E-08 1.4081E-08
1.7998E-09 1.8494E-09 1.8988E-09 1.9479E-09 2.1131E-09 2.5467E-09 3.2768E-09 4.2493E-09 5.4406E-09 6.6517E-09 7.7454E-09 8.6456E-09 9.3571E-09 9.8910E-09 1.0240E-08 1.0505E-08 1.0675E-08 1.0793E-08 1.0877E-08 1.0922E-08 1.1001E-08 1.1066E-08 1.1123E-08 1.1243E-08 1.1372E-08 1.1473E-08 1.1619E-08 1.1750E-08 1.1824E-08 1.1913E-08 1.1932E-08 1.1957E-08 1.1965E-08 1.1966E-08 1.1994E-08 1.2083E-08 1.2190E-08 1.2362E-08 1.2543E-08 1.2732E-08 1.2928E-08 1.3124E-08 1.3304E-08 1.3443E-08 1.3559E-08 1.3648E-08 1.3710E-08 1.3741E-08 1.3739E-08 1.3740E-08 1.3740E-08 1.3715E-08 1.3705E-08 1.3734E-08 1.3802E-08 1.3907E-08 1.4044E-08
1.7635E-09 1.8134E-09 1.8622E-09 1.9112E-09 2.0746E-09 2.4986E-09 3.2239E-09 4.1846E-09 5.3345E-09 6.5484E-09 7.6323E-09 8.5145E-09 9.2215E-09 9.7608E-09 1.0117E-08 1.0393E-08 1.0574E-08 1.0691E-08 1.0774E-08 1.0842E-08 1.0892E-08 1.0973E-08 1.1025E-08 1.1140E-08 1.1249E-08 1.1369E-08 1.1478E-08 1.1621E-08 1.1709E-08 1.1795E-08 1.1845E-08 1.1867E-08 1.1895E-08 1.1941E-08 1.1990E-08 1.2095E-08 1.2226E-08 1.2401E-08 1.2598E-08 1.2810E-08 1.2996E-08 1.3193E-08 1.3375E-08 1.3516E-08 1.3619E-08 1.3690E-08 1.3739E-08 1.3758E-08 1.3752E-08 1.3730E-08 1.3720E-08 1.3695E-08 1.3664E-08 1.3707E-08 1.3761E-08 1.3871E-08 1.3998E-08
1.7272E-09 1.7771E-09 1.8247E-09 1.8766E-09 2.0216E-09 2.4445E-09 3.1375E-09 4.1101E-09 5.2422E-09 6.4293E-09 7.5017E-09 8.3775E-09 9.0813E-09 9.6187E-09 1.0010E-08 1.0275E-08 1.0470E-08 1.0590E-08 1.0682E-08 1.0766E-08 1.0788E-08 1.0886E-08 1.0951E-08 1.1040E-08 1.1135E-08 1.1274E-08 1.1348E-08 1.1500E-08 1.1604E-08 1.1679E-08 1.1745E-08 1.1794E-08 1.1825E-08 1.1895E-08 1.1990E-08 1.2110E-08 1.2262E-08 1.2454E-08 1.2664E-08 1.2872E-08 1.3078E-08 1.3254E-08 1.3435E-08 1.3576E-08 1.3672E-08 1.3725E-08 1.3759E-08 1.3764E-08 1.3757E-08 1.3710E-08 1.3691E-08 1.3657E-08 1.3636E-08 1.3660E-08 1.3723E-08 1.3827E-08 1.3950E-08
1.6909E-09 1.7393E-09 1.7881E-09 1.8383E-09 1.9793E-09 2.3975E-09 3.0680E-09 4.0257E-09 5.1320E-09 6.3020E-09 7.3647E-09 8.2522E-09 8.9513E-09 9.4744E-09 9.8857E-09 1.0170E-08 1.0363E-08 1.0502E-08 1.0587E-08 1.0675E-08 1.0714E-08 1.0795E-08 1.0864E-08 1.0958E-08 1.1039E-08 1.1171E-08 1.1253E-08 1.1383E-08 1.1489E-08 1.1567E-08 1.1648E-08 1.1725E-08 1.1753E-08 1.1849E-08 1.1970E-08 1.2108E-08 1.2280E-08 1.2491E-08 1.2726E-08 1.2943E-08 1.3153E-08 1.3310E-08 1.3485E-08 1.3619E-08 1.3706E-08 1.3755E-08 1.3766E-08 1.3766E-08 1.3742E-08 1.3694E-08 1.3654E-08 1.3612E-08 1.3586E-08 1.3609E-08 1.3683E-08 1.3774E-08 1.3898E-08
1.6546E-09 1.7037E-09 1.7505E-09 1.8009E-09 1.9359E-09 2.3343E-09 2.9841E-09 3.9149E-09 5.0045E-09 6.1814E-09 7.2142E-09 8.1070E-09 8.8040E-09 9.3345E-09 9.7563E-09 1.0040E-08 1.0252E-08 1.0413E-08 1.0488E-08 1.0584E-08 1.0626E-08 1.0703E-08 1.0776E-08 1.0883E-08 1.0943E-08 1.1069E-08 1.1161E-08 1.1270E-08 1.1379E-08 1.1475E-08 1.1552E-08 1.1644E-08 1.1705E-08 1.1800E-08 1.1947E-08 1.2103E-08 1.2310E-08 1.2538E-08 1.2769E-08 1.2988E-08 1.3201E-08 1.3374E-08 1.3524E-08 1.3649E-08 1.3728E-08 1.3774E-08 1.3762E-08 1.3751E-08 1.3717E-08 1.3658E-08 1.3608E-08 1.3559E-08 1.3529E-08 1.3564E-08 1.3629E-08 1.3718E-08 1.3845E-08
1.6181E-09 1.6672E-09 1.7133E-09 1.7629E-09 1.8910E-09 2.2672E-09 2.8930E-09 3.8091E-09 4.8945E-09 6.0238E-09 7.0570E-09 7.9550E-09 8.6692E-09 9.2039E-09 9.6211E-09 9.9251E-09 1.0134E-08 1.0305E-08 1.0384E-08 1.0486E-08 1.0550E-08 1.0608E-08 1.0685E-08 1.0789E-08 1.0846E-08 1.0968E-08 1.1060E-08 1.1158E-08 1.1272E-08 1.1386E-08 1.1456E-08 1.1562E-08 1.1636E-08 1.1746E-08 1.1920E-08 1.2096E-08 1.2319E-08 1.2563E-08 1.2803E-08 1.3024E-08 1.3236E-08 1.3427E-08 1.3560E-08 1.3667E-08 1.3735E-08 1.3772E-08 1.3756E-08 1.3723E-08 1.3681E-08 1.3624E-08 1.3553E-08 1.3498E-08 1.3464E-08 1.3514E-08 1.3581E-08 1.3657E-08 1.3781E-08
1.5817E-09 1.6306E-09 1.6759E-09 1.7258E-09 1.8457E-09 2.1892E-09 2.7967E-09 3.7059E-09 4.7662E-09 5.8973E-09 6.9141E-09 7.7952E-09 8.5064E-09 9.0532E-09 9.4788E-09 9.7973E-09 1.0010E-08 1.0176E-08 1.0289E-08 1.0382E-08 1.0453E-08 1.0524E-08 1.0590E-08 1.0692E-08 1.0762E-08 1.0865E-08 1.0957E-08 1.1064E-08 1.1164E-08 1.1286E-08 1.1356E-08 1.1478E-08 1.1595E-08 1.1720E-08 1.1886E-08 1.2100E-08 1.2339E-08 1.2578E-08 1.2825E-08 1.3047E-08 1.3258E-08 1.3446E-08 1.3574E-08 1.3672E-08 1.3729E-08 1.3755E-08 1.3729E-08 1.3685E-08 1.3633E-08 1.3569E-08 1.3502E-08 1.3428E-08 1.3413E-08 1.3446E-08 1.3515E-08 1.3597E-08 1.3711E-08
