Assets/Resources/2015_m01_d08_1600(utc+0800)_l00_csi_1hr_conc.grd
DSAA
         159         159
     -79.000      79.000
     -79.000      79.000
  0.2609E-09  0.7539E-04
[rows 75 to 99 of 159, columns 0 to 56 of 159]
1.0963E-09 1.1265E-09 1.1572E-09 1.1885E-09 1.2203E-09 1.2527E-09 1.2856E-09 1.3215E-09 1.3557E-09 1.3904E-09 1.4257E-09 1.4782E-09 1.5165E-09 1.5590E-09 1.6025E-09 1.6498E-09 1.7118E-09 1.7623E-09 1.8147E-09 1.8770E-09 1.9359E-09 1.9973E-09 2.0613E-09 2.1314E-09 2.2076E-09 2.3034E-09 2.3826E-09 2.4598E-09 2.5402E-09 2.6242E-09 2.7118E-09 2.8033E-09 2.9213E-09 3.0434E-09 3.1737E-09 3.3279E-09 3.4918E-09 3.7069E-09 3.9786E-09 4.2785E-09 4.6412E-09 5.0961E-09 5.6896E-09 6.3818E-09 7.2635E-09 8.3635E-09 9.7398E-09 1.1432E-08 1.3497E-08 1.6041E-08 1.9096E-08 2.2543E-08 2.6384E-08 3.0575E-08 3.5104E-08 3.9996E-08 4.5214E-08
1.0905E-09 1.1206E-09 1.1512E-09 1.1823E-09 1.2140E-09 1.2462E-09 1.2789E-09 1.3147E-09 1.3488E-09 1.3833E-09 1.4184E-09 1.4710E-09 1.5093E-09 1.5517E-09 1.5951E-09 1.6424E-09 1.7047E-09 1.7553E-09 1.8078E-09 1.8704E-09 1.9296E-09 1.9912E-09 2.0613E-09 2.1261E-09 2.2027E-09 2.3048E-09 2.3792E-09 2.4568E-09 2.5379E-09 2.6224E-09 2.7108E-09 2.8075E-09 2.9228E-09 3.0453E-09 3.1819E-09 3.3345E-09 3.5028E-09 3.7280E-09 3.9949E-09 4.2873E-09 4.6540E-09 5.1338E-09 5.6910E-09 6.3729E-09 7.2201E-09 8.2794E-09 9.5749E-09 1.1177E-08 1.3142E-08 1.5578E-08 1.8363E-08 2.1492E-08 2.4930E-08 2.8675E-08 3.2702E-08 3.7069E-08 4.1835E-08
1.0844E-09 1.1143E-09 1.1448E-09 1.1758E-09 1.2073E-09 1.2394E-09 1.2720E-09 1.3076E-09 1.3415E-09 1.3759E-09 1.4108E-09 1.4635E-09 1.5047E-09 1.5439E-09 1.5873E-09 1.6346E-09 1.6971E-09 1.7518E-09 1.8003E-09 1.8632E-09 1.9226E-09 1.9903E-09 2.0580E-09 2.1315E-09 2.2084E-09 2.2999E-09 2.3748E-09 2.4529E-09 2.5344E-09 2.6195E-09 2.7085E-09 2.8062E-09 2.9213E-09 3.0498E-09 3.1848E-09 3.3425E-09 3.5284E-09 3.7664E-09 4.0081E-09 4.3041E-09 4.6589E-09 5.1353E-09 5.6858E-09 6.3360E-09 7.1625E-09 8.1798E-09 9.4219E-09 1.0970E-08 1.2891E-08 1.5106E-08 1.7596E-08 2.0371E-08 2.3444E-08 2.6752E-08 3.0292E-08 3.4190E-08 3.8370E-08
1.0781E-09 1.1078E-09 1.1381E-09 1.1689E-09 1.2003E-09 1.2322E-09 1.2646E-09 1.3001E-09 1.3338E-09 1.3680E-09 1.4154E-09 1.4555E-09 1.4967E-09 1.5357E-09 1.5790E-09 1.6262E-09 1.6890E-09 1.7437E-09 1.8041E-09 1.8554E-09 1.9208E-09 1.9830E-09 2.0510E-09 2.1247E-09 2.2021E-09 2.2942E-09 2.3694E-09 2.4479E-09 2.5298E-09 2.6155E-09 2.7050E-09 2.8035E-09 2.9228E-09 3.0484E-09 3.1882E-09 3.3440E-09 3.5520E-09 3.7761E-09 4.0254E-09 4.3130E-09 4.6801E-09 5.1339E-09 5.6554E-09 6.3251E-09 7.1220E-09 8.1087E-09 9.3322E-09 1.0854E-08 1.2596E-08 1.4569E-08 1.6826E-08 1.9291E-08 2.2013E-08 2.4920E-08 2.8056E-08 3.1449E-08 3.5056E-08
1.0714E-09 1.1010E-09 1.1311E-09 1.1618E-09 1.1930E-09 1.2247E-09 1.2570E-09 1.2923E-09 1.3258E-09 1.3599E-09 1.4072E-09 1.4472E-09 1.4882E-09 1.5302E-09 1.5703E-09 1.6174E-09 1.6844E-09 1.7351E-09 1.7957E-09 1.8529E-09 1.9126E-09 1.9749E-09 2.0431E-09 2.1172E-09 2.1949E-09 2.2875E-09 2.3630E-09 2.4418E-09 2.5241E-09 2.6102E-09 2.7002E-09 2.7994E-09 2.9185E-09 3.0443E-09 3.1860E-09 3.3497E-09 3.5560E-09 3.7806E-09 4.0278E-09 4.3246E-09 4.6924E-09 5.1403E-09 5.6664E-09 6.3094E-09 7.0876E-09 8.0530E-09 9.2432E-09 1.0667E-08 1.2256E-08 1.4061E-08 1.6080E-08 1.8294E-08 2.0700E-08 2.3283E-08 2.6034E-08 2.8971E-08 3.2046E-08
1.0645E-09 1.0939E-09 1.1239E-09 1.1544E-09 1.1854E-09 1.2169E-09 1.2490E-09 1.2841E-09 1.3174E-09 1.3513E-09 1.3986E-09 1.4384E-09 1.4793E-09 1.5212E-09 1.5611E-09 1.6122E-09 1.6752E-09 1.7259E-09 1.7866E-09 1.8440E-09 1.9038E-09 1.9662E-09 2.0345E-09 2.1088E-09 2.1917E-09 2.2798E-09 2.3555E-09 2.4346E-09 2.5173E-09 2.6038E-09 2.6942E-09 2.7939E-09 2.9125E-09 3.0421E-09 3.1852E-09 3.3720E-09 3.5570E-09 3.7940E-09 4.0413E-09 4.3435E-09 4.7128E-09 5.1592E-09 5.6758E-09 6.2985E-09 7.0683E-09 8.0155E-09 9.1908E-09 1.0458E-08 1.1926E-08 1.3566E-08 1.5405E-08 1.7378E-08 1.9518E-08 2.1827E-08 2.4253E-08 2.6778E-08 2.9434E-08
1.0574E-09 1.0866E-09 1.1163E-09 1.1466E-09 1.1775E-09 1.2088E-09 1.2430E-09 1.2756E-09 1.3088E-09 1.3424E-09 1.3896E-09 1.4293E-09 1.4700E-09 1.5117E-09 1.5545E-09 1.6025E-09 1.6656E-09 1.7162E-09 1.7770E-09 1.8344E-09 1.8942E-09 1.9567E-09 2.0251E-09 2.0996E-09 2.1879E-09 2.2712E-09 2.3471E-09 2.4264E-09 2.5093E-09 2.5960E-09 2.6868E-09 2.7868E-09 2.9037E-09 3.0332E-09 3.1786E-09 3.3695E-09 3.5555E-09 3.8010E-09 4.0635E-09 4.3578E-09 4.7502E-09 5.1755E-09 5.6777E-09 6.2988E-09 7.0594E-09 8.0103E-09 9.0503E-09 1.0255E-08 1.1604E-08 1.3119E-08 1.4755E-08 1.6561E-08 1.8496E-08 2.0575E-08 2.2732E-08 2.4968E-08 2.7268E-08
1.0499E-09 1.0790E-09 1.1085E-09 1.1386E-09 1.1693E-09 1.2004E-09 1.2344E-09 1.2668E-09 1.2997E-09 1.3332E-09 1.3802E-09 1.4197E-09 1.4602E-09 1.5018E-09 1.5444E-09 1.5923E-09 1.6554E-09 1.7059E-09 1.7668E-09 1.8241E-09 1.8840E-09 1.9465E-09 2.0150E-09 2.0896E-09 2.1837E-09 2.2616E-09 2.3376E-09 2.4171E-09 2.5002E-09 2.5871E-09 2.6781E-09 2.7782E-09 2.8956E-09 3.0286E-09 3.1692E-09 3.3612E-09 3.5624E-09 3.8038E-09 4.0721E-09 4.3710E-09 4.7580E-09 5.1786E-09 5.6713E-09 6.2916E-09 7.0315E-09 7.9203E-09 8.9286E-09 1.0051E-08 1.1311E-08 1.2686E-08 1.4210E-08 1.5863E-08 1.7641E-08 1.9525E-08 2.1498E-08 2.3508E-08 2.5539E-08
1.0422E-09 1.0711E-09 1.1005E-09 1.1303E-09 1.1608E-09 1.1917E-09 1.2255E-09 1.2577E-09 1.2904E-09 1.3236E-09 1.3705E-09 1.4098E-09 1.4501E-09 1.4915E-09 1.5340E-09 1.5961E-09 1.6447E-09 1.6951E-09 1.7560E-09 1.8133E-09 1.8731E-09 1.9356E-09 2.0041E-09 2.0787E-09 2.1730E-09 2.2510E-09 2.3271E-09 2.4066E-09 2.4898E-09 2.5769E-09 2.6681E-09 2.7679E-09 2.8890E-09 3.0166E-09 3.1867E-09 3.3524E-09 3.5573E-09 3.8048E-09 4.0767E-09 4.3754E-09 4.7610E-09 5.1767E-09 5.6794E-09 6.2945E-09 7.0259E-09 7.8489E-09 8.7980E-09 9.8500E-09 1.1020E-08 1.2322E-08 1.3744E-08 1.5288E-08 1.6939E-08 1.8679E-08 2.0488E-08 2.2355E-08 2.4226E-08
1.0343E-09 1.0630E-09 1.0921E-09 1.1218E-09 1.1520E-09 1.1827E-09 1.2163E-09 1.2483E-09 1.2807E-09 1.3137E-09 1.3604E-09 1.3995E-09 1.4396E-09 1.4808E-09 1.5230E-09 1.5851E-09 1.6374E-09 1.6837E-09 1.7446E-09 1.8018E-09 1.8674E-09 1.9297E-09 1.9924E-09 2.0671E-09 2.1615E-09 2.2395E-09 2.3155E-09 2.3951E-09 2.4783E-09 2.5654E-09 2.6567E-09 2.7559E-09 2.8758E-09 3.0027E-09 3.1741E-09 3.3537E-09 3.5490E-09 3.8073E-09 4.0670E-09 4.3890E-09 4.7586E-09 5.1657E-09 5.6896E-09 6.2986E-09 6.9822E-09 7.7715E-09 8.6581E-09 9.6524E-09 1.0768E-08 1.1998E-08 1.3348E-08 1.4801E-08 1.6357E-08 1.7999E-08 1.9703E-08 2.1455E-08 2.3222E-08
1.0261E-09 1.0546E-09 1.0835E-09 1.1130E-09 1.1429E-09 1.1734E-09 1.2068E-09 1.2385E-09 1.2708E-09 1.3035E-09 1.3500E-09 1.3888E-09 1.4287E-09 1.4696E-09 1.5117E-09 1.5735E-09 1.6258E-09 1.6837E-09 1.7327E-09 1.7956E-09 1.8552E-09 1.9174E-09 1.9800E-09 2.0546E-09 2.1543E-09 2.2270E-09 2.3029E-09 2.3824E-09 2.4656E-09 2.5527E-09 2.6439E-09 2.7430E-09 2.8602E-09 2.9999E-09 3.1607E-09 3.3417E-09 3.5546E-09 3.7932E-09 4.0554E-09 4.3739E-09 4.7415E-09 5.1788E-09 5.6840E-09 6.2642E-09 6.9213E-09 7.6710E-09 8.5213E-09 9.4828E-09 1.0548E-08 1.1722E-08 1.3010E-08 1.4397E-08 1.5880E-08 1.7447E-08 1.9078E-08 2.0750E-08 2.2440E-08
1.0177E-09 1.0459E-09 1.0747E-09 1.1039E-09 1.1336E-09 1.1639E-09 1.1970E-09 1.2285E-09 1.2605E-09 1.2930E-09 1.3392E-09 1.3778E-09 1.4174E-09 1.4581E-09 1.4999E-09 1.5615E-09 1.6136E-09 1.6714E-09 1.7201E-09 1.7829E-09 1.8424E-09 1.9044E-09 1.9781E-09 2.0412E-09 2.1410E-09 2.2134E-09 2.2893E-09 2.3686E-09 2.4517E-09 2.5387E-09 2.6299E-09 2.7284E-09 2.8440E-09 2.9943E-09 3.1447E-09 3.3257E-09 3.5468E-09 3.7754E-09 4.0422E-09 4.3591E-09 4.7553E-09 5.1829E-09 5.6673E-09 6.2183E-09 6.8469E-09 7.5650E-09 8.3902E-09 9.3128E-09 1.0339E-08 1.1475E-08 1.2707E-08 1.4044E-08 1.5469E-08 1.6978E-08 1.8550E-08 2.0171E-08 2.1811E-08
1.0091E-09 1.0371E-09 1.0656E-09 1.0946E-09 1.1241E-09 1.1541E-09 1.1869E-09 1.2182E-09 1.2499E-09 1.2822E-09 1.3281E-09 1.3665E-09 1.4058E-09 1.4462E-09 1.4877E-09 1.5491E-09 1.6009E-09 1.6586E-09 1.7129E-09 1.7696E-09 1.8289E-09 1.8907E-09 1.9642E-09 2.0384E-09 2.1267E-09 2.1990E-09 2.2746E-09 2.3537E-09 2.4366E-09 2.5234E-09 2.6144E-09 2.7122E-09 2.8255E-09 2.9762E-09 3.1260E-09 3.3047E-09 3.5284E-09 3.7565E-09 4.0243E-09 4.3504E-09 4.7522E-09 5.1628E-09 5.6266E-09 6.1592E-09 6.7692E-09 7.4633E-09 8.2508E-09 9.1460E-09 1.0142E-08 1.1235E-08 1.2430E-08 1.3718E-08 1.5096E-08 1.6558E-08 1.8082E-08 1.9661E-08 2.1265E-08
1.0002E-09 1.0280E-09 1.0562E-09 1.0850E-09 1.1142E-09 1.1440E-09 1.1766E-09 1.2076E-09 1.2391E-09 1.2711E-09 1.3167E-09 1.3547E-09 1.3938E-09 1.4339E-09 1.4752E-09 1.5402E-09 1.5878E-09 1.6452E-09 1.6993E-09 1.7558E-09 1.8148E-09 1.8763E-09 1.9496E-09 2.0235E-09 2.1116E-09 2.1835E-09 2.2589E-09 2.3377E-09 2.4204E-09 2.5069E-09 2.5977E-09 2.6943E-09 2.8067E-09 2.9562E-09 3.1148E-09 3.2854E-09 3.5085E-09 3.7317E-09 4.0047E-09 4.3488E-09 4.7192E-09 5.1223E-09 5.5720E-09 6.0913E-09 6.6821E-09 7.3577E-09 8.1201E-09 8.9804E-09 9.9460E-09 1.1008E-08 1.2163E-08 1.3414E-08 1.4752E-08 1.6170E-08 1.7654E-08 1.9192E-08 2.0767E-08
9.9116E-10 1.0187E-09 1.0467E-09 1.0752E-09 1.1042E-09 1.1337E-09 1.1637E-09 1.1967E-09 1.2279E-09 1.2597E-09 1.3049E-09 1.3427E-09 1.3815E-09 1.4213E-09 1.4622E-09 1.5268E-09 1.5741E-09 1.6313E-09 1.6851E-09 1.7413E-09 1.8000E-09 1.8613E-09 1.9342E-09 2.0077E-09 2.0955E-09 2.1671E-09 2.2421E-09 2.3207E-09 2.4030E-09 2.4892E-09 2.5796E-09 2.6753E-09 2.7928E-09 2.9344E-09 3.0922E-09 3.2608E-09 3.4656E-09 3.7134E-09 4.0022E-09 4.3187E-09 4.6848E-09 5.0730E-09 5.5140E-09 6.0177E-09 6.5939E-09 7.2482E-09 7.9918E-09 8.8225E-09 9.7494E-09 1.0772E-08 1.1891E-08 1.3120E-08 1.4422E-08 1.5804E-08 1.7256E-08 1.8765E-08 2.0316E-08
9.8187E-10 1.0091E-09 1.0369E-09 1.0651E-09 1.0939E-09 1.1231E-09 1.1528E-09 1.1856E-09 1.2165E-09 1.2480E-09 1.2929E-09 1.3303E-09 1.3688E-09 1.4083E-09 1.4489E-09 1.4987E-09 1.5600E-09 1.6170E-09 1.6704E-09 1.7263E-09 1.7846E-09 1.8455E-09 1.9181E-09 1.9912E-09 2.0786E-09 2.1498E-09 2.2244E-09 2.3025E-09 2.3844E-09 2.4702E-09 2.5601E-09 2.6547E-09 2.7688E-09 2.9100E-09 3.0653E-09 3.2392E-09 3.4305E-09 3.6890E-09 3.9713E-09 4.2813E-09 4.6365E-09 5.0174E-09 5.4501E-09 5.9418E-09 6.5000E-09 7.1376E-09 7.8543E-09 8.6571E-09 9.5622E-09 1.0556E-08 1.1643E-08 1.2821E-08 1.4085E-08 1.5431E-08 1.6866E-08 1.8347E-08 1.9875E-08
9.7239E-10 9.9938E-10 1.0269E-09 1.0549E-09 1.0833E-09 1.1123E-09 1.1418E-09 1.1742E-09 1.2049E-09 1.2360E-09 1.2805E-09 1.3177E-09 1.3558E-09 1.3949E-09 1.4352E-09 1.4847E-09 1.5455E-09 1.6021E-09 1.6552E-09 1.7107E-09 1.7686E-09 1.8291E-09 1.9012E-09 1.9739E-09 2.0608E-09 2.1316E-09 2.2057E-09 2.2834E-09 2.3647E-09 2.4500E-09 2.5394E-09 2.6332E-09 2.7458E-09 2.8821E-09 3.0356E-09 3.2084E-09 3.4041E-09 3.6618E-09 3.9313E-09 4.2193E-09 4.5806E-09 4.9572E-09 5.3801E-09 5.8605E-09 6.4050E-09 7.0193E-09 7.7191E-09 8.5000E-09 9.3689E-09 1.0327E-08 1.1392E-08 1.2540E-08 1.3770E-08 1.5083E-08 1.6469E-08 1.7919E-08 1.9421E-08
9.6271E-10 9.8944E-10 1.0167E-09 1.0444E-09 1.0726E-09 1.1013E-09 1.1305E-09 1.1626E-09 1.1930E-09 1.2238E-09 1.2679E-09 1.3047E-09 1.3425E-09 1.3813E-09 1.4211E-09 1.4703E-09 1.5305E-09 1.5868E-09 1.6395E-09 1.6945E-09 1.7521E-09 1.8121E-09 1.8837E-09 1.9447E-09 2.0422E-09 2.1125E-09 2.1860E-09 2.2631E-09 2.3439E-09 2.4287E-09 2.5175E-09 2.6106E-09 2.7224E-09 2.8535E-09 3.0042E-09 3.1757E-09 3.3755E-09 3.6214E-09 3.8926E-09 4.1715E-09 4.5253E-09 4.8868E-09 5.3051E-09 5.7728E-09 6.3033E-09 6.9024E-09 7.5761E-09 8.3370E-09 9.1803E-09 1.0111E-08 1.1131E-08 1.2240E-08 1.3451E-08 1.4730E-08 1.6084E-08 1.7503E-08 1.8978E-08
9.5284E-10 9.7931E-10 1.0063E-09 1.0337E-09 1.0616E-09 1.0900E-09 1.1189E-09 1.1508E-09 1.1808E-09 1.2114E-09 1.2550E-09 1.2914E-09 1.3288E-09 1.3672E-09 1.4068E-09 1.4555E-09 1.5151E-09 1.5710E-09 1.6232E-09 1.6778E-09 1.7349E-09 1.7944E-09 1.8542E-09 1.9260E-09 2.0227E-09 2.0924E-09 2.1654E-09 2.2419E-09 2.3221E-09 2.4061E-09 2.4943E-09 2.5867E-09 2.6961E-09 2.8283E-09 2.9707E-09 3.1381E-09 3.3350E-09 3.5843E-09 3.8423E-09 4.1195E-09 4.4655E-09 4.8187E-09 5.2188E-09 5.6805E-09 6.1969E-09 6.7796E-09 7.4339E-09 8.1654E-09 8.9784E-09 9.8885E-09 1.0878E-08 1.1954E-08 1.3116E-08 1.4359E-08 1.5677E-08 1.7062E-08 1.8521E-08
9.4280E-10 9.6899E-10 9.9567E-10 1.0228E-09 1.0505E-09 1.0786E-09 1.1072E-09 1.1387E-09 1.1685E-09 1.1987E-09 1.2419E-09 1.2779E-09 1.3149E-09 1.3529E-09 1.3921E-09 1.4363E-09 1.4994E-09 1.5547E-09 1.6065E-09 1.6607E-09 1.7172E-09 1.7762E-09 1.8354E-09 1.9065E-09 1.9972E-09 2.0716E-09 2.1439E-09 2.2197E-09 2.2992E-09 2.3825E-09 2.4698E-09 2.5615E-09 2.6675E-09 2.7954E-09 2.9347E-09 3.0977E-09 3.2949E-09 3.5388E-09 3.7925E-09 4.0629E-09 4.4020E-09 4.7468E-09 5.1366E-09 5.5777E-09 6.0854E-09 6.6505E-09 7.2847E-09 7.9935E-09 8.7813E-09 9.6515E-09 1.0607E-08 1.1661E-08 1.2788E-08 1.3995E-08 1.5277E-08 1.6626E-08 1.8033E-08
9.3258E-10 9.5850E-10 9.8489E-10 1.0118E-09 1.0391E-09 1.0669E-09 1.0952E-09 1.1264E-09 1.1559E-09 1.1858E-09 1.2162E-09 1.2641E-09 1.3007E-09 1.3383E-09 1.3770E-09 1.4208E-09 1.4832E-09 1.5380E-09 1.5893E-09 1.6430E-09 1.6990E-09 1.7574E-09 1.8159E-09 1.8864E-09 1.9762E-09 2.0499E-09 2.1215E-09 2.1966E-09 2.2753E-09 2.3578E-09 2.4443E-09 2.5350E-09 2.6404E-09 2.7655E-09 2.8992E-09 3.0589E-09 3.2511E-09 3.4870E-09 3.7380E-09 3.9985E-09 4.3350E-09 4.6712E-09 5.0509E-09 5.4800E-09 5.9641E-09 6.5184E-09 7.1328E-09 7.8190E-09 8.5814E-09 9.4232E-09 1.0347E-08 1.1353E-08 1.2440E-08 1.3606E-08 1.4863E-08 1.6172E-08 1.7540E-08
9.2220E-10 9.4783E-10 9.7394E-10 1.0005E-09 1.0276E-09 1.0551E-09 1.0831E-09 1.1139E-09 1.1430E-09 1.1726E-09 1.2027E-09 1.2500E-09 1.2862E-09 1.3234E-09 1.3617E-09 1.4050E-09 1.4666E-09 1.5209E-09 1.5717E-09 1.6248E-09 1.6802E-09 1.7380E-09 1.7959E-09 1.8657E-09 1.9446E-09 2.0274E-09 2.0983E-09 2.1725E-09 2.2504E-09 2.3320E-09 2.4176E-09 2.5073E-09 2.6114E-09 2.7310E-09 2.8609E-09 3.0183E-09 3.2038E-09 3.4358E-09 3.6812E-09 3.9387E-09 4.2447E-09 4.5954E-09 4.9646E-09 5.3803E-09 5.8492E-09 6.3769E-09 6.9765E-09 7.6388E-09 8.3743E-09 9.1865E-09 1.0078E-08 1.1048E-08 1.2098E-08 1.3225E-08 1.4424E-08 1.5691E-08 1.7016E-08
9.1167E-10 9.3701E-10 9.6282E-10 9.8910E-10 1.0158E-09 1.0430E-09 1.0707E-09 1.1012E-09 1.1300E-09 1.1593E-09 1.1890E-09 1.2357E-09 1.2715E-09 1.3083E-09 1.3431E-09 1.3889E-09 1.4497E-09 1.5035E-09 1.5537E-09 1.6061E-09 1.6609E-09 1.7124E-09 1.7722E-09 1.8443E-09 1.9168E-09 2.0042E-09 2.0742E-09 2.1476E-09 2.2245E-09 2.3052E-09 2.3898E-09 2.4785E-09 2.5814E-09 2.6988E-09 2.8249E-09 2.9768E-09 3.1606E-09 3.3651E-09 3.6262E-09 3.8723E-09 4.1744E-09 4.5112E-09 4.8735E-09 5.2757E-09 5.7290E-09 6.2383E-09 6.8088E-09 7.4453E-09 8.1604E-09 8.9420E-09 9.7993E-09 1.0734E-08 1.1745E-08 1.2830E-08 1.3987E-08 1.5209E-08 1.6490E-08
9.0098E-10 9.2603E-10 9.5155E-10 9.7752E-10 1.0040E-09 1.0308E-09 1.0582E-09 1.0884E-09 1.1168E-09 1.1458E-09 1.1751E-09 1.2181E-09 1.2535E-09 1.2898E-09 1.3272E-09 1.3698E-09 1.4181E-09 1.4856E-09 1.5352E-09 1.5871E-09 1.6412E-09 1.6920E-09 1.7511E-09 1.8223E-09 1.8939E-09 1.9802E-09 2.0494E-09 2.1218E-09 2.1978E-09 2.2774E-09 2.3609E-09 2.4485E-09 2.5502E-09 2.6654E-09 2.7883E-09 2.9357E-09 3.1150E-09 3.3141E-09 3.5660E-09 3.8085E-09 4.0784E-09 4.4287E-09 4.7732E-09 5.1670E-09 5.6040E-09 6.0943E-09 6.6434E-09 7.2554E-09 7.9343E-09 8.6835E-09 9.5134E-09 1.0410E-08 1.1381E-08 1.2423E-08 1.3535E-08 1.4711E-08 1.5945E-08
8.9016E-10 9.1492E-10 9.4013E-10 9.6579E-10 9.9191E-10 1.0185E-09 1.0455E-09 1.0753E-09 1.1034E-09 1.1320E-09 1.1611E-09 1.2034E-09 1.2383E-09 1.2742E-09 1.3111E-09 1.3532E-09 1.4008E-09 1.4674E-09 1.5106E-09 1.5676E-09 1.6210E-09 1.6712E-09 1.7295E-09 1.7997E-09 1.8704E-09 1.9555E-09 2.0238E-09 2.0953E-09 2.1702E-09 2.2487E-09 2.3311E-09 2.4175E-09 2.5172E-09 2.6308E-09 2.7507E-09 2.8954E-09 3.0676E-09 3.2596E-09 3.5019E-09 3.7422E-09 4.0029E-09 4.3356E-09 4.6762E-09 5.0493E-09 5.4681E-09 5.9460E-09 6.4729E-09 7.0597E-09 7.7105E-09 8.4281E-09 9.2146E-09 1.0072E-08 1.1007E-08 1.2006E-08 1.3072E-08 1.4201E-08 1.5388E-08
