Assets/Resources/2015_m01_d12_1300(utc+0800)_l00_csi_1hr_conc.grd
DSAA
         159         159
     -79.000      79.000
     -79.000      79.000
  0.0000E+00  0.8891E-06
[rows 50 to 74 of 159, columns 0 to 56 of 159]
4.2737E-09 4.5229E-09 4.7483E-09 4.9462E-09 5.1098E-09 5.2354E-09 5.3262E-09 5.3744E-09 5.3832E-09 5.3565E-09 5.2911E-09 5.1966E-09 5.0755E-09 4.9328E-09 4.7657E-09 4.5848E-09 4.3925E-09 4.1889E-09 3.9809E-09 3.7688E-09 3.5540E-09 3.3423E-09 3.1369E-09 2.9326E-09 2.7252E-09 2.5181E-09 2.3163E-09 2.1236E-09 1.9373E-09 1.7660E-09 1.6070E-09 1.4585E-09 1.3148E-09 1.1772E-09 1.0380E-09 9.0529E-10 8.0413E-10 7.0273E-10 6.0307E-10 5.0543E-10 4.1125E-10 3.1716E-10 2.1967E-10 1.1483E-10 5.1077E-11 8.4102E-12 0.0000E+00 0.0000E+00 0.0000E+00 0.0000E+00 0.0000E+00 0.0000E+00 0.0000E+00 0.0000E+00 0.0000E+00 0.0000E+00 0.0000E+00
4.8603E-09 5.1583E-09 5.4331E-09 5.6768E-09 5.8837E-09 6.0537E-09 6.1810E-09 6.2639E-09 6.3051E-09 6.3034E-09 6.2585E-09 6.1855E-09 6.0755E-09 5.9405E-09 5.7824E-09 5.6016E-09 5.4048E-09 5.1957E-09 4.9789E-09 4.7551E-09 4.5266E-09 4.2996E-09 4.0756E-09 3.8501E-09 3.6215E-09 3.3968E-09 3.1690E-09 2.9400E-09 2.7248E-09 2.5202E-09 2.3209E-09 2.1322E-09 1.9607E-09 1.7930E-09 1.6209E-09 1.4499E-09 1.2880E-09 1.1445E-09 1.0025E-09 8.5981E-10 7.2158E-10 5.8769E-10 4.5777E-10 3.2310E-10 1.8949E-10 9.6991E-11 3.2118E-11 1.1828E-12 0.0000E+00 0.0000E+00 0.0000E+00 0.0000E+00 0.0000E+00 0.0000E+00 0.0000E+00 0.0000E+00 0.0000E+00
5.4567E-09 5.8075E-09 6.1340E-09 6.4276E-09 6.6838E-09 6.9004E-09 7.0710E-09 7.1964E-09 7.2736E-09 7.3034E-09 7.2910E-09 7.2429E-09 7.1548E-09 7.0392E-09 6.8946E-09 6.7236E-09 6.5356E-09 6.3276E-09 6.1090E-09 5.8854E-09 5.6527E-09 5.4174E-09 5.1829E-09 4.9464E-09 4.7094E-09 4.4657E-09 4.2162E-09 3.9696E-09 3.7253E-09 3.4819E-09 3.2477E-09 3.0263E-09 2.8095E-09 2.6024E-09 2.4076E-09 2.2127E-09 2.0007E-09 1.7947E-09 1.6038E-09 1.4063E-09 1.2056E-09 1.0117E-09 8.2888E-10 6.4461E-10 4.6416E-10 2.9384E-10 1.6405E-10 7.6673E-11 2.2993E-11 8.0120E-12 3.4002E-12 0.0000E+00 0.0000E+00 0.0000E+00 0.0000E+00 0.0000E+00 0.0000E+00
6.0485E-09 6.4534E-09 6.8324E-09 7.1792E-09 7.4880E-09 7.7549E-09 7.9738E-09 8.1454E-09 8.2645E-09 8.3353E-09 8.3608E-09 8.3428E-09 8.2893E-09 8.2003E-09 8.0780E-09 7.9305E-09 7.7576E-09 7.5625E-09 7.3566E-09 7.1392E-09 6.9144E-09 6.6847E-09 6.4504E-09 6.2161E-09 5.9772E-09 5.7270E-09 5.4738E-09 5.2126E-09 4.9458E-09 4.6814E-09 4.4188E-09 4.1597E-09 3.9044E-09 3.6659E-09 3.4301E-09 3.1967E-09 2.9637E-09 2.7200E-09 2.4691E-09 2.2093E-09 1.9501E-09 1.6736E-09 1.4079E-09 1.1502E-09 8.9922E-10 6.6264E-10 4.3848E-10 2.6823E-10 1.4537E-10 5.9555E-11 3.0655E-11 1.6598E-11 0.0000E+00 0.0000E+00 0.0000E+00 0.0000E+00 0.0000E+00
6.6172E-09 7.0753E-09 7.5085E-09 7.9095E-09 8.2708E-09 8.5910E-09 8.8619E-09 9.0823E-09 9.2482E-09 9.3657E-09 9.4345E-09 9.4567E-09 9.4440E-09 9.3903E-09 9.3029E-09 9.1877E-09 9.0397E-09 8.8726E-09 8.6889E-09 8.4906E-09 8.2875E-09 8.0747E-09 7.8564E-09 7.6386E-09 7.4099E-09 7.1712E-09 6.9264E-09 6.6629E-09 6.3939E-09 6.1199E-09 5.8377E-09 5.5533E-09 5.2762E-09 5.0072E-09 4.7341E-09 4.4757E-09 4.2123E-09 3.9357E-09 3.6402E-09 3.3345E-09 3.0132E-09 2.6622E-09 2.2955E-09 1.9379E-09 1.5888E-09 1.2542E-09 9.3604E-10 6.3542E-10 4.0817E-10 2.4152E-10 1.2448E-10 6.6837E-11 3.9160E-11 6.0214E-12 0.0000E+00 0.0000E+00 0.0000E+00
7.1445E-09 7.6537E-09 8.1392E-09 8.5925E-09 9.0075E-09 9.3804E-09 9.7030E-09 9.9745E-09 1.0192E-08 1.0358E-08 1.0474E-08 1.0547E-08 1.0578E-08 1.0568E-08 1.0525E-08 1.0450E-08 1.0340E-08 1.0211E-08 1.0061E-08 9.8959E-09 9.7259E-09 9.5446E-09 9.3582E-09 9.1695E-09 8.9700E-09 8.7605E-09 8.5385E-09 8.2956E-09 8.0445E-09 7.7744E-09 7.4922E-09 7.2082E-09 6.9216E-09 6.6322E-09 6.3486E-09 6.0697E-09 5.7824E-09 5.4902E-09 5.1735E-09 4.8256E-09 4.4437E-09 4.0322E-09 3.5864E-09 3.1231E-09 2.6476E-09 2.1857E-09 1.7421E-09 1.3094E-09 9.1379E-10 6.0715E-10 3.7446E-10 2.1356E-10 1.1703E-10 7.1936E-11 1.2445E-11 0.0000E+00 0.0000E+00
7.6108E-09 8.1673E-09 8.7016E-09 9.2034E-09 9.6698E-09 1.0093E-08 1.0467E-08 1.0788E-08 1.1056E-08 1.1273E-08 1.1440E-08 1.1565E-08 1.1645E-08 1.1688E-08 1.1696E-08 1.1668E-08 1.1608E-08 1.1526E-08 1.1419E-08 1.1301E-08 1.1175E-08 1.1039E-08 1.0898E-08 1.0754E-08 1.0602E-08 1.0437E-08 1.0258E-08 1.0057E-08 9.8420E-09 9.6002E-09 9.3479E-09 9.0797E-09 8.8026E-09 8.5276E-09 8.2515E-09 7.9690E-09 7.6910E-09 7.4008E-09 7.0783E-09 6.7180E-09 6.3108E-09 5.8554E-09 5.3396E-09 4.7822E-09 4.1953E-09 3.5853E-09 2.9800E-09 2.3908E-09 1.8218E-09 1.3000E-09 8.9031E-10 5.7762E-10 3.3929E-10 2.0118E-10 1.1879E-10 1.4747E-11 0.0000E+00
7.9982E-09 8.5966E-09 9.1737E-09 9.7193E-09 1.0231E-08 1.0699E-08 1.1121E-08 1.1490E-08 1.1806E-08 1.2074E-08 1.2292E-08 1.2468E-08 1.2602E-08 1.2700E-08 1.2761E-08 1.2789E-08 1.2784E-08 1.2754E-08 1.2703E-08 1.2637E-08 1.2565E-08 1.2486E-08 1.2402E-08 1.2316E-08 1.2224E-08 1.2121E-08 1.2003E-08 1.1864E-08 1.1707E-08 1.1523E-08 1.1323E-08 1.1100E-08 1.0867E-08 1.0628E-08 1.0385E-08 1.0142E-08 9.9020E-09 9.6391E-09 9.3502E-09 9.0152E-09 8.6195E-09 8.1609E-09 7.6231E-09 7.0080E-09 6.3224E-09 5.5783E-09 4.7964E-09 4.0138E-09 3.2391E-09 2.4970E-09 1.8192E-09 1.2589E-09 8.4443E-10 5.1115E-10 3.0411E-10 1.7305E-10 2.0631E-11
8.2921E-09 8.9230E-09 9.5352E-09 1.0117E-08 1.0667E-08 1.1174E-08 1.1636E-08 1.2048E-08 1.2408E-08 1.2721E-08 1.2987E-08 1.3214E-08 1.3401E-08 1.3554E-08 1.3669E-08 1.3755E-08 1.3808E-08 1.3835E-08 1.3844E-08 1.3836E-08 1.3823E-08 1.3807E-08 1.3788E-08 1.3769E-08 1.3747E-08 1.3719E-08 1.3676E-08 1.3616E-08 1.3537E-08 1.3434E-08 1.3310E-08 1.3163E-08 1.3003E-08 1.2832E-08 1.2660E-08 1.2488E-08 1.2316E-08 1.2126E-08 1.1916E-08 1.1655E-08 1.1322E-08 1.0917E-08 1.0415E-08 9.8024E-09 9.0853E-09 8.2550E-09 7.3391E-09 6.3531E-09 5.3377E-09 4.3372E-09 3.3842E-09 2.5079E-09 1.7619E-09 1.1742E-09 7.2708E-10 4.2604E-10 2.3823E-10
8.4789E-09 9.1332E-09 9.7705E-09 1.0379E-08 1.0957E-08 1.1496E-08 1.1990E-08 1.2435E-08 1.2832E-08 1.3184E-08 1.3494E-08 1.3765E-08 1.4001E-08 1.4206E-08 1.4372E-08 1.4515E-08 1.4623E-08 1.4708E-08 1.4775E-08 1.4826E-08 1.4876E-08 1.4923E-08 1.4970E-08 1.5022E-08 1.5075E-08 1.5126E-08 1.5166E-08 1.5198E-08 1.5211E-08 1.5205E-08 1.5178E-08 1.5133E-08 1.5073E-08 1.5002E-08 1.4934E-08 1.4867E-08 1.4798E-08 1.4726E-08 1.4631E-08 1.4492E-08 1.4294E-08 1.4010E-08 1.3617E-08 1.3097E-08 1.2437E-08 1.1613E-08 1.0635E-08 9.5205E-09 8.2965E-09 7.0149E-09 5.7151E-09 4.5124E-09 3.3965E-09 2.4151E-09 1.6164E-09 9.9748E-10 5.8024E-10
8.5497E-09 9.2162E-09 9.8682E-09 1.0494E-08 1.1088E-08 1.1647E-08 1.2162E-08 1.2631E-08 1.3056E-08 1.3439E-08 1.3783E-08 1.4092E-08 1.4368E-08 1.4617E-08 1.4830E-08 1.5022E-08 1.5181E-08 1.5319E-08 1.5440E-08 1.5547E-08 1.5653E-08 1.5759E-08 1.5869E-08 1.5986E-08 1.6112E-08 1.6241E-08 1.6366E-08 1.6490E-08 1.6599E-08 1.6700E-08 1.6784E-08 1.6855E-08 1.6913E-08 1.6966E-08 1.7026E-08 1.7088E-08 1.7159E-08 1.7235E-08 1.7293E-08 1.7329E-08 1.7306E-08 1.7210E-08 1.7015E-08 1.6691E-08 1.6192E-08 1.5497E-08 1.4596E-08 1.3474E-08 1.2161E-08 1.0656E-08 9.0860E-09 7.4756E-09 5.9233E-09 4.4988E-09 3.2276E-09 2.1807E-09 1.3511E-09
8.5005E-09 9.1691E-09 9.8233E-09 1.0453E-08 1.1053E-08 1.1620E-08 1.2145E-08 1.2627E-08 1.3068E-08 1.3471E-08 1.3838E-08 1.4175E-08 1.4480E-08 1.4763E-08 1.5015E-08 1.5246E-08 1.5446E-08 1.5628E-08 1.5793E-08 1.5947E-08 1.6099E-08 1.6255E-08 1.6418E-08 1.6591E-08 1.6780E-08 1.6975E-08 1.7177E-08 1.7384E-08 1.7587E-08 1.7789E-08 1.7985E-08 1.8174E-08 1.8360E-08 1.8546E-08 1.8745E-08 1.8951E-08 1.9176E-08 1.9416E-08 1.9653E-08 1.9886E-08 2.0079E-08 2.0227E-08 2.0291E-08 2.0241E-08 2.0024E-08 1.9599E-08 1.8928E-08 1.7975E-08 1.6741E-08 1.5213E-08 1.3499E-08 1.1586E-08 9.6549E-09 7.7202E-09 5.8940E-09 4.2671E-09 2.8949E-09
8.3317E-09 8.9909E-09 9.6360E-09 1.0258E-08 1.0852E-08 1.1415E-08 1.1938E-08 1.2420E-08 1.2865E-08 1.3276E-08 1.3654E-08 1.4007E-08 1.4330E-08 1.4635E-08 1.4912E-08 1.5170E-08 1.5400E-08 1.5612E-08 1.5809E-08 1.5997E-08 1.6182E-08 1.6373E-08 1.6574E-08 1.6787E-08 1.7022E-08 1.7267E-08 1.7527E-08 1.7801E-08 1.8080E-08 1.8369E-08 1.8664E-08 1.8961E-08 1.9265E-08 1.9575E-08 1.9907E-08 2.0256E-08 2.0631E-08 2.1033E-08 2.1448E-08 2.1878E-08 2.2296E-08 2.2703E-08 2.3061E-08 2.3342E-08 2.3481E-08 2.3442E-08 2.3145E-08 2.2569E-08 2.1635E-08 2.0338E-08 1.8708E-08 1.6766E-08 1.4632E-08 1.2295E-08 9.9485E-09 7.6440E-09 5.5853E-09
8.0504E-09 8.6884E-09 9.3130E-09 9.9167E-09 1.0492E-08 1.1039E-08 1.1546E-08 1.2019E-08 1.2455E-08 1.2863E-08 1.3239E-08 1.3595E-08 1.3924E-08 1.4237E-08 1.4526E-08 1.4796E-08 1.5040E-08 1.5270E-08 1.5483E-08 1.5689E-08 1.5891E-08 1.6100E-08 1.6321E-08 1.6554E-08 1.6814E-08 1.7088E-08 1.7382E-08 1.7697E-08 1.8029E-08 1.8378E-08 1.8747E-08 1.9124E-08 1.9522E-08 1.9933E-08 2.0376E-08 2.0841E-08 2.1342E-08 2.1879E-08 2.2447E-08 2.3041E-08 2.3662E-08 2.4303E-08 2.4939E-08 2.5551E-08 2.6074E-08 2.6475E-08 2.6660E-08 2.6590E-08 2.6176E-08 2.5366E-08 2.4154E-08 2.2554E-08 2.0531E-08 1.8171E-08 1.5527E-08 1.2681E-08 9.8843E-09
7.6671E-09 8.2739E-09 8.8679E-09 9.4417E-09 9.9875E-09 1.0508E-08 1.0990E-08 1.1441E-08 1.1858E-08 1.2251E-08 1.2614E-08 1.2959E-08 1.3282E-08 1.3588E-08 1.3874E-08 1.4142E-08 1.4387E-08 1.4618E-08 1.4833E-08 1.5041E-08 1.5242E-08 1.5452E-08 1.5674E-08 1.5907E-08 1.6167E-08 1.6447E-08 1.6749E-08 1.7078E-08 1.7430E-08 1.7807E-08 1.8214E-08 1.8637E-08 1.9092E-08 1.9565E-08 2.0078E-08 2.0620E-08 2.1202E-08 2.1827E-08 2.2496E-08 2.3203E-08 2.3967E-08 2.4775E-08 2.5630E-08 2.6510E-08 2.7375E-08 2.8184E-08 2.8863E-08 2.9348E-08 2.9560E-08 2.9430E-08 2.8937E-08 2.8037E-08 2.6601E-08 2.4705E-08 2.2230E-08 1.9312E-08 1.6051E-08
7.1959E-09 7.7633E-09 8.3171E-09 8.8527E-09 9.3601E-09 9.8447E-09 1.0292E-08 1.0713E-08 1.1100E-08 1.1468E-08 1.1808E-08 1.2131E-08 1.2435E-08 1.2722E-08 1.2993E-08 1.3245E-08 1.3477E-08 1.3695E-08 1.3896E-08 1.4090E-08 1.4278E-08 1.4469E-08 1.4675E-08 1.4890E-08 1.5130E-08 1.5391E-08 1.5675E-08 1.5989E-08 1.6330E-08 1.6701E-08 1.7107E-08 1.7537E-08 1.8003E-08 1.8495E-08 1.9025E-08 1.9595E-08 2.0203E-08 2.0857E-08 2.1561E-08 2.2314E-08 2.3134E-08 2.4024E-08 2.4991E-08 2.6032E-08 2.7123E-08 2.8229E-08 2.9293E-08 3.0262E-08 3.1081E-08 3.1679E-08 3.2021E-08 3.2037E-08 3.1600E-08 3.0659E-08 2.9040E-08 2.6741E-08 2.3692E-08
6.6551E-09 7.1760E-09 7.6831E-09 8.1732E-09 8.6355E-09 9.0761E-09 9.4825E-09 9.8643E-09 1.0217E-08 1.0549E-08 1.0859E-08 1.1149E-08 1.1426E-08 1.1683E-08 1.1927E-08 1.2153E-08 1.2359E-08 1.2552E-08 1.2729E-08 1.2897E-08 1.3058E-08 1.3218E-08 1.3393E-08 1.3574E-08 1.3776E-08 1.3999E-08 1.4245E-08 1.4519E-08 1.4821E-08 1.5154E-08 1.5526E-08 1.5924E-08 1.6357E-08 1.6821E-08 1.7322E-08 1.7865E-08 1.8443E-08 1.9069E-08 1.9739E-08 2.0462E-08 2.1253E-08 2.2127E-08 2.3093E-08 2.4165E-08 2.5322E-08 2.6555E-08 2.7815E-08 2.9084E-08 3.0318E-08 3.1500E-08 3.2564E-08 3.3506E-08 3.4183E-08 3.4495E-08 3.4271E-08 3.3284E-08 3.1413E-08
6.0639E-09 6.5341E-09 6.9893E-09 7.4288E-09 7.8417E-09 8.2331E-09 8.5948E-09 8.9328E-09 9.2453E-09 9.5364E-09 9.8086E-09 1.0062E-08 1.0301E-08 1.0523E-08 1.0731E-08 1.0922E-08 1.1095E-08 1.1254E-08 1.1398E-08 1.1530E-08 1.1656E-08 1.1778E-08 1.1910E-08 1.2047E-08 1.2201E-08 1.2374E-08 1.2565E-08 1.2781E-08 1.3026E-08 1.3298E-08 1.3606E-08 1.3940E-08 1.4307E-08 1.4709E-08 1.5138E-08 1.5612E-08 1.6113E-08 1.6657E-08 1.7239E-08 1.7872E-08 1.8563E-08 1.9330E-08 2.0193E-08 2.1171E-08 2.2236E-08 2.3418E-08 2.4656E-08 2.5994E-08 2.7361E-08 2.8823E-08 3.0308E-08 3.1886E-08 3.3456E-08 3.4919E-08 3.6162E-08 3.6874E-08 3.6895E-08
5.4429E-09 5.8593E-09 6.2609E-09 6.6465E-09 7.0085E-09 7.3478E-09 7.6633E-09 7.9538E-09 8.2232E-09 8.4719E-09 8.7017E-09 8.9145E-09 9.1124E-09 9.2948E-09 9.4618E-09 9.6128E-09 9.7486E-09 9.8688E-09 9.9753E-09 1.0068E-08 1.0153E-08 1.0234E-08 1.0320E-08 1.0409E-08 1.0509E-08 1.0625E-08 1.0757E-08 1.0906E-08 1.1079E-08 1.1280E-08 1.1510E-08 1.1761E-08 1.2041E-08 1.2351E-08 1.2686E-08 1.3062E-08 1.3458E-08 1.3887E-08 1.4344E-08 1.4845E-08 1.5389E-08 1.6000E-08 1.6689E-08 1.7476E-08 1.8341E-08 1.9318E-08 2.0366E-08 2.1524E-08 2.2770E-08 2.4169E-08 2.5694E-08 2.7461E-08 2.9396E-08 3.1538E-08 3.3774E-08 3.5964E-08 3.7868E-08
4.8123E-09 5.1741E-09 5.5217E-09 5.8530E-09 6.1639E-09 6.4515E-09 6.7194E-09 6.9651E-09 7.1887E-09 7.3949E-09 7.5815E-09 7.7527E-09 7.9081E-09 8.0491E-09 8.1747E-09 8.2849E-09 8.3813E-09 8.4624E-09 8.5299E-09 8.5843E-09 8.6290E-09 8.6674E-09 8.7098E-09 8.7518E-09 8.8007E-09 8.8593E-09 8.9311E-09 9.0178E-09 9.1221E-09 9.2454E-09 9.3902E-09 9.5546E-09 9.7445E-09 9.9553E-09 1.0189E-08 1.0450E-08 1.0732E-08 1.1034E-08 1.1362E-08 1.1717E-08 1.2101E-08 1.2528E-08 1.3015E-08 1.3570E-08 1.4182E-08 1.4876E-08 1.5633E-08 1.6475E-08 1.7419E-08 1.8497E-08 1.9760E-08 2.1263E-08 2.3060E-08 2.5204E-08 2.7676E-08 3.0521E-08 3.3560E-08
4.1906E-09 4.4986E-09 4.7945E-09 5.0730E-09 5.3342E-09 5.5729E-09 5.7946E-09 5.9959E-09 6.1769E-09 6.3418E-09 6.4880E-09 6.6176E-09 6.7332E-09 6.8343E-09 6.9209E-09 6.9922E-09 7.0507E-09 7.0968E-09 7.1268E-09 7.1448E-09 7.1550E-09 7.1572E-09 7.1588E-09 7.1597E-09 7.1632E-09 7.1752E-09 7.1937E-09 7.2214E-09 7.2629E-09 7.3194E-09 7.3895E-09 7.4697E-09 7.5735E-09 7.6926E-09 7.8350E-09 7.9910E-09 8.1626E-09 8.3502E-09 8.5530E-09 8.7697E-09 9.0118E-09 9.2677E-09 9.5659E-09 9.8984E-09 1.0274E-08 1.0677E-08 1.1134E-08 1.1624E-08 1.2206E-08 1.2865E-08 1.3712E-08 1.4708E-08 1.6018E-08 1.7630E-08 1.9717E-08 2.2245E-08 2.5350E-08
3.5942E-09 3.8509E-09 4.0975E-09 4.3271E-09 4.5409E-09 4.7368E-09 4.9137E-09 5.0744E-09 5.2173E-09 5.3425E-09 5.4522E-09 5.5447E-09 5.6223E-09 5.6890E-09 5.7391E-09 5.7772E-09 5.8029E-09 5.8152E-09 5.8162E-09 5.8028E-09 5.7846E-09 5.7587E-09 5.7275E-09 5.6980E-09 5.6649E-09 5.6392E-09 5.6183E-09 5.6007E-09 5.5944E-09 5.5922E-09 5.6031E-09 5.6214E-09 5.6525E-09 5.6996E-09 5.7587E-09 5.8309E-09 5.9165E-09 6.0098E-09 6.1130E-09 6.2215E-09 6.3379E-09 6.4728E-09 6.6125E-09 6.7748E-09 6.9480E-09 7.1170E-09 7.3332E-09 7.5371E-09 7.8113E-09 8.1107E-09 8.5330E-09 9.0451E-09 9.7903E-09 1.0720E-08 1.2046E-08 1.3748E-08 1.6072E-08
3.0345E-09 3.2455E-09 3.4465E-09 3.6319E-09 3.8031E-09 3.9591E-09 4.0976E-09 4.2228E-09 4.3298E-09 4.4217E-09 4.4986E-09 4.5611E-09 4.6067E-09 4.6408E-09 4.6635E-09 4.6730E-09 4.6734E-09 4.6582E-09 4.6348E-09 4.6014E-09 4.5618E-09 4.5132E-09 4.4608E-09 4.4083E-09 4.3550E-09 4.3000E-09 4.2518E-09 4.2053E-09 4.1649E-09 4.1248E-09 4.0904E-09 4.0629E-09 4.0464E-09 4.0404E-09 4.0448E-09 4.0575E-09 4.0796E-09 4.1079E-09 4.1395E-09 4.1782E-09 4.2081E-09 4.2453E-09 4.2808E-09 4.3246E-09 4.3727E-09 4.4064E-09 4.4393E-09 4.4792E-09 4.5309E-09 4.6013E-09 4.7378E-09 4.9050E-09 5.2082E-09 5.6073E-09 6.2474E-09 7.1310E-09 8.4384E-09
2.5219E-09 2.6928E-09 2.8523E-09 2.9993E-09 3.1330E-09 3.2548E-09 3.3615E-09 3.4539E-09 3.5318E-09 3.5946E-09 3.6443E-09 3.6809E-09 3.7013E-09 3.7120E-09 3.7107E-09 3.6999E-09 3.6792E-09 3.6465E-09 3.6051E-09 3.5573E-09 3.5049E-09 3.4442E-09 3.3788E-09 3.3142E-09 3.2486E-09 3.1811E-09 3.1176E-09 3.0545E-09 2.9938E-09 2.9307E-09 2.8740E-09 2.8221E-09 2.7740E-09 2.7371E-09 2.7080E-09 2.6859E-09 2.6723E-09 2.6655E-09 2.6533E-09 2.6441E-09 2.6290E-09 2.6197E-09 2.5985E-09 2.5687E-09 2.5300E-09 2.4751E-09 2.4114E-09 2.3559E-09 2.3275E-09 2.3026E-09 2.3006E-09 2.3207E-09 2.3675E-09 2.4936E-09 2.6947E-09 3.0496E-09 3.5952E-09
2.0643E-09 2.1976E-09 2.3237E-09 2.4366E-09 2.5393E-09 2.6318E-09 2.7106E-09 2.7766E-09 2.8304E-09 2.8717E-09 2.8981E-09 2.9150E-09 2.9174E-09 2.9091E-09 2.8941E-09 2.8660E-09 2.8328E-09 2.7878E-09 2.7384E-09 2.6852E-09 2.6227E-09 2.5563E-09 2.4887E-09 2.4203E-09 2.3505E-09 2.2800E-09 2.2115E-09 2.1434E-09 2.0722E-09 2.0051E-09 1.9368E-09 1.8748E-09 1.8172E-09 1.7661E-09 1.7240E-09 1.6868E-09 1.6523E-09 1.6255E-09 1.5973E-09 1.5649E-09 1.5240E-09 1.4873E-09 1.4419E-09 1.3919E-09 1.3339E-09 1.2692E-09 1.1890E-09 1.1120E-09 1.0222E-09 9.4890E-10 8.6659E-10 7.9688E-10 7.8388E-10 7.8011E-10 8.4410E-10 9.6306E-10 1.1515E-09
