Assets/Resources/2015_m01_d08_1000(utc+0800)_l00_csi_1hr_conc.grd
DSAA
         159         159
     -79.000      79.000
     -79.000      79.000
  0.5709E-10  0.2091E-05
[rows 25 to 49 of 159, columns 0 to 56 of 159]
3.1709E-10 3.3357E-10 3.5092E-10 3.6893E-10 3.8800E-10 4.0778E-10 4.2831E-10 4.4986E-10 4.7221E-10 4.9551E-10 5.1993E-10 5.4523E-10 5.7157E-10 5.9925E-10 6.2776E-10 6.5773E-10 6.8860E-10 7.2064E-10 7.5399E-10 7.8871E-10 8.2477E-10 8.6215E-10 9.0069E-10 9.4078E-10 9.8227E-10 1.0252E-09 1.0695E-09 1.1151E-09 1.1622E-09 1.2109E-09 1.2609E-09 1.3125E-09 1.3658E-09 1.4204E-09 1.4766E-09 1.5345E-09 1.5935E-09 1.6543E-09 1.7169E-09 1.7809E-09 1.8462E-09 1.9128E-09 1.9873E-09 2.0574E-09 2.1357E-09 2.2158E-09 2.2972E-09 2.3742E-09 2.4591E-09 2.5456E-09 2.6336E-09 2.7249E-09 2.8105E-09 2.9053E-09 3.0015E-09 3.0992E-09 3.1914E-09
3.1966E-10 3.3629E-10 3.5408E-10 3.7227E-10 3.9142E-10 4.1130E-10 4.3204E-10 4.5383E-10 4.7669E-10 5.0039E-10 5.2496E-10 5.5056E-10 5.7734E-10 6.0510E-10 6.3396E-10 6.6415E-10 6.9541E-10 7.2806E-10 7.6196E-10 7.9700E-10 8.3355E-10 8.7141E-10 9.1067E-10 9.5131E-10 9.9318E-10 1.0367E-09 1.0816E-09 1.1278E-09 1.1756E-09 1.2250E-09 1.2758E-09 1.3281E-09 1.3822E-09 1.4376E-09 1.4947E-09 1.5535E-09 1.6137E-09 1.6755E-09 1.7391E-09 1.8038E-09 1.8698E-09 1.9377E-09 2.0138E-09 2.0917E-09 2.1714E-09 2.2463E-09 2.3294E-09 2.4142E-09 2.5007E-09 2.5828E-09 2.6726E-09 2.7660E-09 2.8611E-09 2.9578E-09 3.0488E-09 3.1488E-09 3.2503E-09
3.2237E-10 3.3930E-10 3.5688E-10 3.7527E-10 3.9461E-10 4.1495E-10 4.3605E-10 4.5795E-10 4.8079E-10 5.0476E-10 5.2960E-10 5.5548E-10 5.8258E-10 6.1065E-10 6.4003E-10 6.7060E-10 7.0223E-10 7.3527E-10 7.6960E-10 8.0528E-10 8.4227E-10 8.8047E-10 9.2024E-10 9.6140E-10 1.0040E-09 1.0481E-09 1.0935E-09 1.1405E-09 1.1889E-09 1.2389E-09 1.2906E-09 1.3437E-09 1.3983E-09 1.4548E-09 1.5127E-09 1.5722E-09 1.6336E-09 1.6959E-09 1.7603E-09 1.8262E-09 1.8936E-09 1.9690E-09 2.0463E-09 2.1189E-09 2.2002E-09 2.2829E-09 2.3675E-09 2.4538E-09 2.5359E-09 2.6258E-09 2.7192E-09 2.8143E-09 2.9112E-09 3.0028E-09 3.1032E-09 3.2052E-09 3.3018E-09
3.2475E-10 3.4184E-10 3.5984E-10 3.7853E-10 3.9795E-10 4.1824E-10 4.3955E-10 4.6168E-10 4.8489E-10 5.0910E-10 5.3435E-10 5.6052E-10 5.8792E-10 6.1631E-10 6.4603E-10 6.7680E-10 7.0900E-10 7.4245E-10 7.7704E-10 8.1316E-10 8.5062E-10 8.8948E-10 9.2973E-10 9.7125E-10 1.0144E-09 1.0591E-09 1.1050E-09 1.1527E-09 1.2018E-09 1.2526E-09 1.3048E-09 1.3586E-09 1.4143E-09 1.4713E-09 1.5301E-09 1.5904E-09 1.6527E-09 1.7164E-09 1.7816E-09 1.8485E-09 1.9163E-09 1.9931E-09 2.0719E-09 2.1526E-09 2.2349E-09 2.3190E-09 2.3990E-09 2.4870E-09 2.5768E-09 2.6700E-09 2.7651E-09 2.8549E-09 2.9539E-09 3.0547E-09 3.1571E-09 3.2543E-09 3.3602E-09
3.2728E-10 3.4454E-10 3.6246E-10 3.8133E-10 4.0093E-10 4.2140E-10 4.4319E-10 4.6553E-10 4.8898E-10 5.1333E-10 5.3870E-10 5.6527E-10 5.9284E-10 6.2152E-10 6.5157E-10 6.8289E-10 7.1544E-10 7.4926E-10 7.8446E-10 8.2100E-10 8.5872E-10 8.9805E-10 9.3880E-10 9.8101E-10 1.0247E-09 1.0697E-09 1.1165E-09 1.1648E-09 1.2143E-09 1.2658E-09 1.3189E-09 1.3734E-09 1.4297E-09 1.4878E-09 1.5473E-09 1.6086E-09 1.6717E-09 1.7357E-09 1.8019E-09 1.8697E-09 1.9457E-09 2.0237E-09 2.1037E-09 2.1791E-09 2.2630E-09 2.3487E-09 2.4363E-09 2.5258E-09 2.6187E-09 2.7063E-09 2.8034E-09 2.9024E-09 3.0033E-09 3.0990E-09 3.2037E-09 3.3101E-09 3.4180E-09
3.2961E-10 3.4689E-10 3.6497E-10 3.8412E-10 4.0404E-10 4.2484E-10 4.4644E-10 4.6900E-10 4.9268E-10 5.1738E-10 5.4314E-10 5.6987E-10 5.9783E-10 6.2701E-10 6.5726E-10 6.8870E-10 7.2181E-10 7.5588E-10 7.9146E-10 8.2841E-10 8.6677E-10 9.0654E-10 9.4758E-10 9.9031E-10 1.0345E-09 1.0801E-09 1.1274E-09 1.1761E-09 1.2267E-09 1.2788E-09 1.3324E-09 1.3877E-09 1.4449E-09 1.5035E-09 1.5636E-09 1.6259E-09 1.6897E-09 1.7551E-09 1.8222E-09 1.8973E-09 1.9680E-09 2.0471E-09 2.1285E-09 2.2117E-09 2.2968E-09 2.3839E-09 2.4670E-09 2.5581E-09 2.6529E-09 2.7497E-09 2.8485E-09 2.9422E-09 3.0452E-09 3.1500E-09 3.2567E-09 3.3583E-09 3.4687E-09
3.3172E-10 3.4926E-10 3.6774E-10 3.8683E-10 4.0677E-10 4.2776E-10 4.4969E-10 4.7257E-10 4.9649E-10 5.2130E-10 5.4730E-10 5.7429E-10 6.0241E-10 6.3187E-10 6.6242E-10 6.9440E-10 7.2783E-10 7.6244E-10 7.9842E-10 8.3559E-10 8.7436E-10 9.1458E-10 9.5628E-10 9.9948E-10 1.0440E-09 1.0903E-09 1.1382E-09 1.1875E-09 1.2385E-09 1.2913E-09 1.3455E-09 1.4017E-09 1.4594E-09 1.5188E-09 1.5802E-09 1.6432E-09 1.7077E-09 1.7740E-09 1.8414E-09 1.9177E-09 1.9962E-09 2.0768E-09 2.1592E-09 2.2436E-09 2.3240E-09 2.4127E-09 2.5033E-09 2.5975E-09 2.6938E-09 2.7851E-09 2.8859E-09 2.9888E-09 3.0936E-09 3.2003E-09 3.3023E-09 3.4130E-09 3.5185E-09
3.3397E-10 3.5153E-10 3.7004E-10 3.8927E-10 4.0964E-10 4.3081E-10 4.5280E-10 4.7590E-10 4.9989E-10 5.2492E-10 5.5118E-10 5.7854E-10 6.0691E-10 6.3686E-10 6.6770E-10 6.9998E-10 7.3344E-10 7.6860E-10 8.0493E-10 8.4268E-10 8.8187E-10 9.2233E-10 9.6449E-10 1.0082E-09 1.0532E-09 1.1000E-09 1.1483E-09 1.1984E-09 1.2501E-09 1.3034E-09 1.3585E-09 1.4152E-09 1.4736E-09 1.5336E-09 1.5956E-09 1.6592E-09 1.7247E-09 1.7918E-09 1.8670E-09 1.9445E-09 2.0177E-09 2.0993E-09 2.1830E-09 2.2689E-09 2.3568E-09 2.4468E-09 2.5329E-09 2.6289E-09 2.7270E-09 2.8274E-09 2.9299E-09 3.0345E-09 3.1343E-09 3.2433E-09 3.3541E-09 3.4600E-09 3.5674E-09
3.3588E-10 3.5356E-10 3.7234E-10 3.9186E-10 4.1226E-10 4.3348E-10 4.5565E-10 4.7894E-10 5.0326E-10 5.2865E-10 5.5499E-10 5.8261E-10 6.1144E-10 6.4133E-10 6.7264E-10 7.0524E-10 7.3900E-10 7.7448E-10 8.1120E-10 8.4932E-10 8.8890E-10 9.2978E-10 9.7256E-10 1.0165E-09 1.0622E-09 1.1096E-09 1.1583E-09 1.2090E-09 1.2612E-09 1.3150E-09 1.3708E-09 1.4281E-09 1.4871E-09 1.5483E-09 1.6110E-09 1.6755E-09 1.7416E-09 1.8093E-09 1.8854E-09 1.9640E-09 2.0449E-09 2.1277E-09 2.2126E-09 2.2997E-09 2.3829E-09 2.4744E-09 2.5696E-09 2.6670E-09 2.7668E-09 2.8617E-09 2.9661E-09 3.0727E-09 3.1815E-09 3.2922E-09 3.3984E-09 3.5061E-09 3.6154E-09
3.3779E-10 3.5574E-10 3.7453E-10 3.9406E-10 4.1463E-10 4.3613E-10 4.5860E-10 4.8196E-10 5.0649E-10 5.3193E-10 5.5866E-10 5.8636E-10 6.1542E-10 6.4558E-10 6.7748E-10 7.1023E-10 7.4451E-10 7.8014E-10 8.1717E-10 8.5587E-10 8.9565E-10 9.3712E-10 9.8013E-10 1.0245E-09 1.0707E-09 1.1184E-09 1.1679E-09 1.2191E-09 1.2718E-09 1.3265E-09 1.3829E-09 1.4406E-09 1.5003E-09 1.5622E-09 1.6253E-09 1.6905E-09 1.7575E-09 1.8326E-09 1.9101E-09 1.9898E-09 2.0714E-09 2.1491E-09 2.2354E-09 2.3239E-09 2.4145E-09 2.5087E-09 2.5980E-09 2.6972E-09 2.7987E-09 2.9026E-09 3.0087E-09 3.1171E-09 3.2208E-09 3.3337E-09 3.4416E-09 3.5512E-09 3.6624E-09
3.3962E-10 3.5768E-10 3.7648E-10 3.9627E-10 4.1698E-10 4.3866E-10 4.6117E-10 4.8483E-10 5.0954E-10 5.3521E-10 5.6211E-10 5.9004E-10 6.1953E-10 6.4992E-10 6.8178E-10 7.1500E-10 7.4957E-10 7.8552E-10 8.2291E-10 8.6193E-10 9.0207E-10 9.4394E-10 9.8719E-10 1.0324E-09 1.0791E-09 1.1272E-09 1.1772E-09 1.2287E-09 1.2819E-09 1.3371E-09 1.3939E-09 1.4525E-09 1.5133E-09 1.5756E-09 1.6397E-09 1.7056E-09 1.7730E-09 1.8492E-09 1.9274E-09 2.0083E-09 2.0912E-09 2.1763E-09 2.2637E-09 2.3534E-09 2.4393E-09 2.5351E-09 2.6333E-09 2.7340E-09 2.8371E-09 2.9425E-09 3.0435E-09 3.1538E-09 3.2664E-09 3.3742E-09 3.4838E-09 3.5952E-09 3.7082E-09
3.4120E-10 3.5939E-10 3.7843E-10 3.9836E-10 4.1923E-10 4.4090E-10 4.6371E-10 4.8754E-10 5.1242E-10 5.3827E-10 5.6539E-10 5.9371E-10 6.2310E-10 6.5374E-10 6.8604E-10 7.1951E-10 7.5456E-10 7.9063E-10 8.2833E-10 8.6751E-10 9.0841E-10 9.5065E-10 9.9428E-10 1.0397E-09 1.0866E-09 1.1352E-09 1.1857E-09 1.2379E-09 1.2916E-09 1.3477E-09 1.4051E-09 1.4640E-09 1.5254E-09 1.5883E-09 1.6528E-09 1.7194E-09 1.7942E-09 1.8714E-09 1.9510E-09 2.0325E-09 2.1164E-09 2.1966E-09 2.2853E-09 2.3763E-09 2.4709E-09 2.5680E-09 2.6604E-09 2.7628E-09 2.8676E-09 2.9748E-09 3.0845E-09 3.1965E-09 3.3041E-09 3.4136E-09 3.5249E-09 3.6380E-09 3.7529E-09
3.4280E-10 3.6109E-10 3.8027E-10 4.0032E-10 4.2130E-10 4.4314E-10 4.6610E-10 4.9008E-10 5.1500E-10 5.4117E-10 5.6845E-10 5.9685E-10 6.2659E-10 6.5781E-10 6.9004E-10 7.2379E-10 7.5909E-10 7.9545E-10 8.3366E-10 8.7298E-10 9.1421E-10 9.5664E-10 1.0009E-09 1.0467E-09 1.0942E-09 1.1434E-09 1.1941E-09 1.2466E-09 1.3012E-09 1.3573E-09 1.4152E-09 1.4753E-09 1.5371E-09 1.6006E-09 1.6661E-09 1.7330E-09 1.8088E-09 1.8870E-09 1.9672E-09 2.0499E-09 2.1350E-09 2.2224E-09 2.3123E-09 2.3984E-09 2.4944E-09 2.5930E-09 2.6942E-09 2.7980E-09 2.9043E-09 3.0131E-09 3.1175E-09 3.2315E-09 3.3406E-09 3.4517E-09 3.5648E-09 3.6796E-09 3.7962E-09
3.4429E-10 3.6270E-10 3.8196E-10 4.0215E-10 4.2314E-10 4.4522E-10 4.6832E-10 4.9245E-10 5.1753E-10 5.4386E-10 5.7120E-10 5.9991E-10 6.2990E-10 6.6117E-10 6.9380E-10 7.2796E-10 7.6317E-10 8.0020E-10 8.3851E-10 8.7813E-10 9.1971E-10 9.6264E-10 1.0072E-09 1.0532E-09 1.1009E-09 1.1505E-09 1.2018E-09 1.2547E-09 1.3097E-09 1.3664E-09 1.4251E-09 1.4858E-09 1.5481E-09 1.6123E-09 1.6780E-09 1.7522E-09 1.8289E-09 1.9080E-09 1.9892E-09 2.0729E-09 2.1589E-09 2.2414E-09 2.3325E-09 2.4271E-09 2.5244E-09 2.6171E-09 2.7198E-09 2.8251E-09 2.9331E-09 3.0436E-09 3.1567E-09 3.2653E-09 3.3760E-09 3.4887E-09 3.6033E-09 3.7199E-09 3.8383E-09
3.4555E-10 3.6417E-10 3.8343E-10 4.0372E-10 4.2494E-10 4.4702E-10 4.7038E-10 4.9451E-10 5.1988E-10 5.4623E-10 5.7386E-10 6.0281E-10 6.3280E-10 6.6446E-10 6.9730E-10 7.3172E-10 7.6718E-10 8.0445E-10 8.4286E-10 8.8317E-10 9.2484E-10 9.6791E-10 1.0128E-09 1.0594E-09 1.1077E-09 1.1578E-09 1.2094E-09 1.2631E-09 1.3184E-09 1.3755E-09 1.4345E-09 1.4959E-09 1.5587E-09 1.6234E-09 1.6897E-09 1.7648E-09 1.8424E-09 1.9221E-09 2.0043E-09 2.0890E-09 2.1762E-09 2.2659E-09 2.3518E-09 2.4478E-09 2.5464E-09 2.6478E-09 2.7518E-09 2.8585E-09 2.9679E-09 3.0799E-09 3.1878E-09 3.2979E-09 3.4101E-09 3.5243E-09 3.6406E-09 3.7588E-09 3.8789E-09
3.4682E-10 3.6541E-10 3.8487E-10 4.0527E-10 4.2660E-10 4.4892E-10 4.7214E-10 4.9654E-10 5.2190E-10 5.4853E-10 5.7638E-10 6.0530E-10 6.3597E-10 6.6751E-10 7.0057E-10 7.3520E-10 7.7089E-10 8.0844E-10 8.4727E-10 8.8766E-10 9.2943E-10 9.7320E-10 1.0184E-09 1.0652E-09 1.1139E-09 1.1641E-09 1.2162E-09 1.2703E-09 1.3260E-09 1.3837E-09 1.4435E-09 1.5052E-09 1.5686E-09 1.6336E-09 1.7004E-09 1.7763E-09 1.8613E-09 1.9418E-09 2.0250E-09 2.1106E-09 2.1988E-09 2.2835E-09 2.3703E-09 2.4675E-09 2.5674E-09 2.6701E-09 2.7756E-09 2.8838E-09 2.9948E-09 3.1085E-09 3.2177E-09 3.3292E-09 3.4428E-09 3.5586E-09 3.6764E-09 3.7962E-09 3.9181E-09
3.4798E-10 3.6664E-10 3.8607E-10 4.0667E-10 4.2810E-10 4.5041E-10 4.7386E-10 4.9824E-10 5.2400E-10 5.5063E-10 5.7861E-10 6.0788E-10 6.3842E-10 6.7014E-10 7.0375E-10 7.3824E-10 7.7452E-10 8.1209E-10 8.5098E-10 8.9201E-10 9.3403E-10 9.7794E-10 1.0233E-09 1.0704E-09 1.1197E-09 1.1705E-09 1.2229E-09 1.2776E-09 1.3338E-09 1.3918E-09 1.4518E-09 1.5138E-09 1.5780E-09 1.6435E-09 1.7176E-09 1.7943E-09 1.8733E-09 1.9548E-09 2.0388E-09 2.1255E-09 2.2147E-09 2.3002E-09 2.3957E-09 2.4939E-09 2.5950E-09 2.6989E-09 2.8056E-09 2.9152E-09 3.0275E-09 3.1358E-09 3.2463E-09 3.3591E-09 3.4742E-09 3.5914E-09 3.7107E-09 3.8322E-09 3.9660E-09
3.4888E-10 3.6774E-10 3.8737E-10 4.0781E-10 4.2933E-10 4.5172E-10 4.7541E-10 4.9977E-10 5.2564E-10 5.5239E-10 5.8052E-10 6.0994E-10 6.4063E-10 6.7288E-10 7.0632E-10 7.4117E-10 7.7765E-10 8.1525E-10 8.5492E-10 8.9563E-10 9.3796E-10 9.8214E-10 1.0282E-09 1.0759E-09 1.1251E-09 1.1761E-09 1.2292E-09 1.2839E-09 1.3404E-09 1.3993E-09 1.4597E-09 1.5221E-09 1.5865E-09 1.6524E-09 1.7273E-09 1.8048E-09 1.8846E-09 1.9732E-09 2.0581E-09 2.1456E-09 2.2297E-09 2.3160E-09 2.4125E-09 2.5119E-09 2.6142E-09 2.7194E-09 2.8275E-09 2.9385E-09 3.0523E-09 3.1618E-09 3.2736E-09 3.3877E-09 3.5041E-09 3.6227E-09 3.7436E-09 3.8666E-09 4.0027E-09
3.4991E-10 3.6858E-10 3.8829E-10 4.0892E-10 4.3039E-10 4.5314E-10 4.7665E-10 5.0137E-10 5.2709E-10 5.5410E-10 5.8240E-10 6.1189E-10 6.4298E-10 6.7501E-10 7.0898E-10 7.4381E-10 7.8048E-10 8.1844E-10 8.5801E-10 8.9897E-10 9.4212E-10 9.8642E-10 1.0324E-09 1.0803E-09 1.1299E-09 1.1814E-09 1.2348E-09 1.2899E-09 1.3471E-09 1.4061E-09 1.4670E-09 1.5298E-09 1.5943E-09 1.6610E-09 1.7433E-09 1.8212E-09 1.9018E-09 1.9849E-09 2.0707E-09 2.1591E-09 2.2439E-09 2.3385E-09 2.4360E-09 2.5364E-09 2.6398E-09 2.7461E-09 2.8554E-09 2.9676E-09 3.0758E-09 3.1864E-09 3.2994E-09 3.4148E-09 3.5325E-09 3.6525E-09 3.7748E-09 3.9096E-09 4.0478E-09
3.5057E-10 3.6943E-10 3.8906E-10 4.0989E-10 4.3143E-10 4.5412E-10 4.7785E-10 5.0254E-10 5.2862E-10 5.5565E-10 5.8402E-10 6.1387E-10 6.4471E-10 6.7725E-10 7.1100E-10 7.4596E-10 7.8302E-10 8.2103E-10 8.6097E-10 9.0237E-10 9.4541E-10 9.8994E-10 1.0366E-09 1.0846E-09 1.1347E-09 1.1863E-09 1.2402E-09 1.2956E-09 1.3529E-09 1.4122E-09 1.4738E-09 1.5371E-09 1.6019E-09 1.6756E-09 1.7519E-09 1.8306E-09 1.9119E-09 1.9958E-09 2.0824E-09 2.1717E-09 2.2570E-09 2.3525E-09 2.4510E-09 2.5526E-09 2.6571E-09 2.7646E-09 2.8751E-09 2.9886E-09 3.0979E-09 3.2096E-09 3.3237E-09 3.4403E-09 3.5593E-09 3.6806E-09 3.8043E-09 3.9413E-09 4.0818E-09
3.5110E-10 3.7001E-10 3.8996E-10 4.1058E-10 4.3232E-10 4.5494E-10 4.7876E-10 5.0365E-10 5.2969E-10 5.5695E-10 5.8528E-10 6.1524E-10 6.4619E-10 6.7903E-10 7.1272E-10 7.4846E-10 7.8512E-10 8.2367E-10 8.6369E-10 9.0508E-10 9.4853E-10 9.9354E-10 1.0403E-09 1.0886E-09 1.1387E-09 1.1909E-09 1.2449E-09 1.3007E-09 1.3587E-09 1.4184E-09 1.4801E-09 1.5434E-09 1.6086E-09 1.6830E-09 1.7664E-09 1.8457E-09 1.9277E-09 2.0123E-09 2.0996E-09 2.1833E-09 2.2692E-09 2.3731E-09 2.4725E-09 2.5750E-09 2.6804E-09 2.7890E-09 2.9006E-09 3.0084E-09 3.1186E-09 3.2313E-09 3.3466E-09 3.4643E-09 3.5845E-09 3.7071E-09 3.8424E-09 3.9813E-09 4.1239E-09
3.5164E-10 3.7046E-10 3.9045E-10 4.1126E-10 4.3293E-10 4.5587E-10 4.7949E-10 5.0460E-10 5.3057E-10 5.5790E-10 5.8650E-10 6.1637E-10 6.4777E-10 6.8040E-10 7.1463E-10 7.5012E-10 7.8734E-10 8.2592E-10 8.6588E-10 9.0787E-10 9.5139E-10 9.9636E-10 1.0434E-09 1.0921E-09 1.1427E-09 1.1950E-09 1.2494E-09 1.3054E-09 1.3635E-09 1.4236E-09 1.4855E-09 1.5495E-09 1.6151E-09 1.6967E-09 1.7739E-09 1.8538E-09 1.9364E-09 2.0217E-09 2.1097E-09 2.1939E-09 2.2881E-09 2.3854E-09 2.4857E-09 2.5891E-09 2.6956E-09 2.8053E-09 2.9181E-09 3.0267E-09 3.1378E-09 3.2515E-09 3.3678E-09 3.4867E-09 3.6080E-09 3.7319E-09 3.8691E-09 4.0101E-09 4.1549E-09
3.5205E-10 3.7090E-10 3.9081E-10 4.1167E-10 4.3351E-10 4.5638E-10 4.8018E-10 5.0521E-10 5.3138E-10 5.5864E-10 5.8743E-10 6.1764E-10 6.4881E-10 6.8192E-10 7.1590E-10 7.5195E-10 7.8892E-10 8.2766E-10 8.6821E-10 9.1019E-10 9.5368E-10 9.9907E-10 1.0463E-09 1.0953E-09 1.1459E-09 1.1987E-09 1.2531E-09 1.3095E-09 1.3678E-09 1.4288E-09 1.4909E-09 1.5548E-09 1.6275E-09 1.7030E-09 1.7807E-09 1.8675E-09 1.9507E-09 2.0365E-09 2.1190E-09 2.2036E-09 2.2985E-09 2.3965E-09 2.5050E-09 2.6092E-09 2.7167E-09 2.8273E-09 2.9341E-09 3.0435E-09 3.1555E-09 3.2702E-09 3.3875E-09 3.5074E-09 3.6299E-09 3.7549E-09 3.9040E-09 4.0469E-09 4.1938E-09
3.5222E-10 3.7111E-10 3.9117E-10 4.1193E-10 4.3382E-10 4.5673E-10 4.8056E-10 5.0577E-10 5.3185E-10 5.5947E-10 5.8806E-10 6.1836E-10 6.4978E-10 6.8286E-10 7.1696E-10 7.5312E-10 7.9027E-10 8.2954E-10 8.6983E-10 9.1202E-10 9.5608E-10 1.0014E-09 1.0489E-09 1.0979E-09 1.1490E-09 1.2020E-09 1.2567E-09 1.3133E-09 1.3724E-09 1.4330E-09 1.4952E-09 1.5598E-09 1.6329E-09 1.7150E-09 1.7933E-09 1.8743E-09 1.9580E-09 2.0445E-09 2.1272E-09 2.2122E-09 2.3154E-09 2.4142E-09 2.5161E-09 2.6212E-09 2.7295E-09 2.8411E-09 2.9487E-09 3.0589E-09 3.1717E-09 3.2873E-09 3.4055E-09 3.5264E-09 3.6499E-09 3.7868E-09 3.9276E-09 4.0725E-09 4.2216E-09
3.5227E-10 3.7131E-10 3.9140E-10 4.1206E-10 4.3410E-10 4.5703E-10 4.8090E-10 5.0599E-10 5.3214E-10 5.5986E-10 5.8868E-10 6.1889E-10 6.5081E-10 6.8358E-10 7.1837E-10 7.5410E-10 7.9170E-10 8.3076E-10 8.7140E-10 9.1371E-10 9.5777E-10 1.0036E-09 1.0512E-09 1.1004E-09 1.1517E-09 1.2047E-09 1.2599E-09 1.3169E-09 1.3758E-09 1.4366E-09 1.4994E-09 1.5638E-09 1.6440E-09 1.7200E-09 1.7987E-09 1.8802E-09 1.9706E-09 2.0514E-09 2.1345E-09 2.2276E-09 2.3239E-09 2.4233E-09 2.5260E-09 2.6389E-09 2.7481E-09 2.8536E-09 2.9618E-09 3.0727E-09 3.1863E-09 3.3027E-09 3.4218E-09 3.5436E-09 3.6683E-09 3.8067E-09 3.9494E-09 4.1059E-09 4.2570E-09
