Assets/Resources/2015_m01_d30_2200(utc+0800)_l00_csi_1hr_conc.grd
DSAA
         159         159
     -79.000      79.000
     -79.000      79.000
  0.0000E+00  0.5525E-05
[rows 0 to 24 of 159, columns 57 to 113 of 159]
2.3889E-09 2.8789E-09 3.3972E-09 3.9893E-09 4.6717E-09 5.4671E-09 6.3086E-09 7.1372E-09 8.0654E-09 8.6132E-09 8.8628E-09 8.7229E-09 8.1328E-09 7.0681E-09 6.3681E-09 6.3247E-09 6.5545E-09 6.8877E-09 7.2283E-09 7.5647E-09 7.8885E-09 8.1918E-09 8.4683E-09 8.7146E-09 8.9253E-09 9.0969E-09 9.2252E-09 9.3082E-09 9.3454E-09 9.3340E-09 9.2752E-09 9.1733E-09 9.0299E-09 8.8471E-09 8.6278E-09 8.3752E-09 8.0941E-09 7.7880E-09 7.4601E-09 7.1162E-09 6.7603E-09 6.3953E-09 6.0270E-09 5.6585E-09 5.2917E-09 4.9284E-09 4.5754E-09 4.2323E-09 3.9006E-09 3.5810E-09 3.2782E-09 2.9915E-09 2.7156E-09 2.4627E-09 2.2233E-09 2.0006E-09 1.7940E-09
2.5021E-09 3.0051E-09 3.5420E-09 4.1581E-09 4.8701E-09 5.6960E-09 6.6485E-09 7.6071E-09 8.4457E-09 9.1360E-09 9.9050E-09 1.0284E-08 9.9942E-09 9.1962E-09 7.8750E-09 7.0345E-09 7.0679E-09 7.3711E-09 7.7232E-09 8.0767E-09 8.4176E-09 8.7398E-09 9.0355E-09 9.2979E-09 9.5222E-09 9.7031E-09 9.8387E-09 9.9251E-09 9.9607E-09 9.9454E-09 9.8781E-09 9.7623E-09 9.6011E-09 9.3975E-09 9.1553E-09 8.8794E-09 8.5717E-09 8.2362E-09 7.8784E-09 7.5035E-09 7.1158E-09 6.7214E-09 6.3231E-09 5.9250E-09 5.5320E-09 5.1451E-09 4.7661E-09 4.3997E-09 4.0470E-09 3.7102E-09 3.3873E-09 3.0844E-09 2.7992E-09 2.5276E-09 2.2818E-09 2.0470E-09 1.8344E-09
2.6156E-09 3.1153E-09 3.6753E-09 4.3179E-09 5.0620E-09 5.9162E-09 6.8964E-09 8.0215E-09 9.1175E-09 9.9901E-09 1.0609E-08 1.0926E-08 1.0988E-08 1.1376E-08 1.0355E-08 8.7891E-09 7.8405E-09 7.9246E-09 8.2624E-09 8.6278E-09 8.9869E-09 9.3276E-09 9.6417E-09 9.9200E-09 1.0159E-08 1.0351E-08 1.0492E-08 1.0581E-08 1.0616E-08 1.0595E-08 1.0520E-08 1.0391E-08 1.0210E-08 9.9825E-09 9.7144E-09 9.4086E-09 9.0697E-09 8.7030E-09 8.3133E-09 7.9052E-09 7.4850E-09 7.0572E-09 6.6269E-09 6.1982E-09 5.7737E-09 5.3598E-09 4.9571E-09 4.5667E-09 4.1910E-09 3.8331E-09 3.4952E-09 3.1735E-09 2.8750E-09 2.5942E-09 2.3323E-09 2.0957E-09 1.8805E-09
2.7122E-09 3.2151E-09 3.7943E-09 4.4682E-09 5.2408E-09 6.1227E-09 7.1333E-09 8.2876E-09 9.6046E-09 1.0842E-08 1.1744E-08 1.2292E-08 1.2431E-08 1.2118E-08 1.1391E-08 1.0803E-08 9.7890E-09 8.7337E-09 8.8513E-09 9.2129E-09 9.5843E-09 9.9406E-09 1.0272E-08 1.0568E-08 1.0820E-08 1.1021E-08 1.1169E-08 1.1260E-08 1.1292E-08 1.1265E-08 1.1180E-08 1.1036E-08 1.0836E-08 1.0586E-08 1.0292E-08 9.9560E-09 9.5835E-09 9.1810E-09 8.7567E-09 8.3144E-09 7.8601E-09 7.3978E-09 6.9338E-09 6.4737E-09 6.0197E-09 5.5750E-09 5.1441E-09 4.7300E-09 4.3336E-09 3.9543E-09 3.5961E-09 3.2622E-09 2.9473E-09 2.6598E-09 2.4022E-09 2.1488E-09 1.9180E-09
2.7834E-09 3.3016E-09 3.9041E-09 4.6027E-09 5.4008E-09 6.3135E-09 7.3567E-09 8.5406E-09 9.8941E-09 1.1259E-08 1.2781E-08 1.3675E-08 1.4133E-08 1.4107E-08 1.3540E-08 1.2439E-08 1.0885E-08 9.9687E-09 9.7138E-09 9.8557E-09 1.0232E-08 1.0603E-08 1.0949E-08 1.1259E-08 1.1525E-08 1.1737E-08 1.1891E-08 1.1984E-08 1.2012E-08 1.1977E-08 1.1878E-08 1.1716E-08 1.1495E-08 1.1218E-08 1.0893E-08 1.0525E-08 1.0120E-08 9.6840E-09 9.2204E-09 8.7387E-09 8.2474E-09 7.7485E-09 7.2487E-09 6.7514E-09 6.2644E-09 5.7910E-09 5.3325E-09 4.8903E-09 4.4707E-09 4.0739E-09 3.6991E-09 3.3513E-09 3.0484E-09 2.7372E-09 2.4573E-09 2.2095E-09 2.0049E-09
2.8447E-09 3.3758E-09 4.0001E-09 4.7168E-09 5.5443E-09 6.4890E-09 7.5574E-09 8.7799E-09 1.0161E-08 1.1715E-08 1.3167E-08 1.4288E-08 1.5415E-08 1.6117E-08 1.5891E-08 1.5079E-08 1.3698E-08 1.1814E-08 1.0671E-08 1.0616E-08 1.0923E-08 1.1299E-08 1.1659E-08 1.1982E-08 1.2260E-08 1.2482E-08 1.2642E-08 1.2736E-08 1.2761E-08 1.2718E-08 1.2604E-08 1.2424E-08 1.2180E-08 1.1875E-08 1.1517E-08 1.1113E-08 1.0670E-08 1.0195E-08 9.6953E-09 9.1763E-09 8.6428E-09 8.1045E-09 7.5676E-09 7.0358E-09 6.5133E-09 6.0048E-09 5.5190E-09 5.0534E-09 4.6114E-09 4.2013E-09 3.8436E-09 3.4686E-09 3.1266E-09 2.8385E-09 2.5944E-09 2.2943E-09 2.0266E-09
2.8911E-09 3.4396E-09 4.0781E-09 4.8150E-09 5.6653E-09 6.6335E-09 7.7399E-09 8.9893E-09 1.0397E-08 1.1984E-08 1.3758E-08 1.5311E-08 1.6311E-08 1.6849E-08 1.7046E-08 1.7712E-08 1.6703E-08 1.5053E-08 1.2913E-08 1.1668E-08 1.1696E-08 1.2043E-08 1.2411E-08 1.2747E-08 1.3034E-08 1.3264E-08 1.3429E-08 1.3522E-08 1.3543E-08 1.3488E-08 1.3358E-08 1.3158E-08 1.2891E-08 1.2560E-08 1.2169E-08 1.1728E-08 1.1245E-08 1.0728E-08 1.0184E-08 9.6226E-09 9.0490E-09 8.4701E-09 7.8921E-09 7.3221E-09 6.7666E-09 6.2275E-09 5.7113E-09 5.2344E-09 4.8180E-09 4.3704E-09 3.9612E-09 3.6304E-09 3.3445E-09 2.9678E-09 2.6318E-09 2.3817E-09 2.0872E-09
2.9268E-09 3.4898E-09 4.1377E-09 4.8936E-09 5.7597E-09 6.7556E-09 7.8898E-09 9.1644E-09 1.0605E-08 1.2224E-08 1.4017E-08 1.6000E-08 1.7653E-08 1.8558E-08 1.8859E-08 1.8606E-08 1.7882E-08 1.7175E-08 1.6482E-08 1.4123E-08 1.2804E-08 1.2876E-08 1.3225E-08 1.3567E-08 1.3864E-08 1.4100E-08 1.4268E-08 1.4361E-08 1.4373E-08 1.4306E-08 1.4159E-08 1.3936E-08 1.3640E-08 1.3277E-08 1.2854E-08 1.2375E-08 1.1849E-08 1.1286E-08 1.0699E-08 1.0089E-08 9.4696E-09 8.8461E-09 8.2275E-09 7.6201E-09 7.0323E-09 6.4837E-09 6.0000E-09 5.4717E-09 4.9939E-09 4.6275E-09 4.2963E-09 3.8246E-09 3.4071E-09 3.1216E-09 2.7358E-09 2.3941E-09 2.0955E-09
2.9529E-09 3.5207E-09 4.1822E-09 4.9494E-09 5.8327E-09 6.8506E-09 8.0008E-09 9.3098E-09 1.0780E-08 1.2413E-08 1.4236E-08 1.6259E-08 1.8462E-08 2.0173E-08 2.0938E-08 2.1007E-08 2.0454E-08 1.9318E-08 1.7721E-08 1.5911E-08 1.5304E-08 1.4008E-08 1.4094E-08 1.4427E-08 1.4728E-08 1.4969E-08 1.5138E-08 1.5230E-08 1.5238E-08 1.5158E-08 1.4993E-08 1.4746E-08 1.4423E-08 1.4026E-08 1.3563E-08 1.3041E-08 1.2471E-08 1.1862E-08 1.1226E-08 1.0569E-08 9.9060E-09 9.2410E-09 8.5879E-09 7.9717E-09 7.4300E-09 6.8198E-09 6.2632E-09 5.8831E-09 5.4899E-09 4.9114E-09 4.3945E-09 4.0756E-09 3.5778E-09 3.1365E-09 2.7543E-09 2.4577E-09 2.1256E-09
2.9666E-09 3.5366E-09 4.2090E-09 4.9829E-09 5.8830E-09 6.9095E-09 8.0850E-09 9.4183E-09 1.0906E-08 1.2568E-08 1.4424E-08 1.6463E-08 1.8691E-08 2.0605E-08 2.2184E-08 2.3432E-08 2.3243E-08 2.2389E-08 2.0936E-08 1.9000E-08 1.6721E-08 1.5398E-08 1.5182E-08 1.5354E-08 1.5648E-08 1.5890E-08 1.6060E-08 1.6147E-08 1.6144E-08 1.6053E-08 1.5871E-08 1.5600E-08 1.5242E-08 1.4808E-08 1.4305E-08 1.3739E-08 1.3121E-08 1.2464E-08 1.1779E-08 1.1078E-08 1.0376E-08 9.7130E-09 9.1237E-09 8.4362E-09 7.8034E-09 7.4574E-09 6.9772E-09 6.2772E-09 5.6495E-09 5.3005E-09 4.6690E-09 4.1052E-09 3.6171E-09 3.2536E-09 2.8178E-09 2.4411E-09 2.0757E-09
2.9612E-09 3.5380E-09 4.2125E-09 4.9973E-09 5.9035E-09 6.9442E-09 8.1379E-09 9.4798E-09 1.0994E-08 1.2686E-08 1.4551E-08 1.6612E-08 1.8868E-08 2.1305E-08 2.3194E-08 2.4108E-08 2.4439E-08 2.5250E-08 2.4371E-08 2.2639E-08 2.0447E-08 1.7939E-08 1.6511E-08 1.6410E-08 1.6644E-08 1.6881E-08 1.7047E-08 1.7129E-08 1.7119E-08 1.7010E-08 1.6803E-08 1.6503E-08 1.6114E-08 1.5640E-08 1.5091E-08 1.4478E-08 1.3814E-08 1.3113E-08 1.2390E-08 1.1704E-08 1.1082E-08 1.0331E-08 9.6409E-09 9.4101E-09 8.8024E-09 7.9694E-09 7.2292E-09 6.8618E-09 6.0751E-09 5.3581E-09 4.7453E-09 4.3028E-09 3.7336E-09 3.2380E-09 2.8247E-09 2.4741E-09 2.0239E-09
2.9418E-09 3.5248E-09 4.1977E-09 4.9891E-09 5.8977E-09 6.9514E-09 8.1478E-09 9.5056E-09 1.1038E-08 1.2742E-08 1.4630E-08 1.6711E-08 1.8985E-08 2.1437E-08 2.4051E-08 2.5920E-08 2.6522E-08 2.6317E-08 2.5581E-08 2.4785E-08 2.4343E-08 2.1930E-08 1.9260E-08 1.7787E-08 1.7720E-08 1.7923E-08 1.8086E-08 1.8161E-08 1.8135E-08 1.8011E-08 1.7782E-08 1.7450E-08 1.7021E-08 1.6505E-08 1.5916E-08 1.5266E-08 1.4569E-08 1.3904E-08 1.3283E-08 1.2498E-08 1.1776E-08 1.1865E-08 1.0979E-08 1.0026E-08 9.1774E-09 8.8217E-09 7.8505E-09 6.9721E-09 6.2156E-09 5.6857E-09 4.9414E-09 4.2942E-09 3.7644E-09 3.3101E-09 2.8523E-09 2.4500E-09 1.9455E-09
2.9116E-09 3.4900E-09 4.1649E-09 4.9535E-09 5.8707E-09 6.9255E-09 8.1270E-09 9.4970E-09 1.1034E-08 1.2751E-08 1.4658E-08 1.6751E-08 1.9032E-08 2.1503E-08 2.4144E-08 2.6919E-08 2.8727E-08 2.9022E-08 2.8443E-08 2.7249E-08 2.5607E-08 2.3778E-08 2.2742E-08 2.0656E-08 1.9143E-08 1.9068E-08 1.9197E-08 1.9259E-08 1.9220E-08 1.9073E-08 1.8816E-08 1.8453E-08 1.7992E-08 1.7443E-08 1.6826E-08 1.6243E-08 1.5666E-08 1.4894E-08 1.4182E-08 1.4599E-08 1.3506E-08 1.2453E-08 1.1518E-08 1.1208E-08 1.0059E-08 9.0019E-09 8.0998E-09 7.4750E-09 6.5315E-09 5.6961E-09 5.0249E-09 4.4330E-09 3.8163E-09 3.2870E-09 2.8888E-09 2.4034E-09 1.8630E-09
2.8681E-09 3.4386E-09 4.1125E-09 4.8992E-09 5.8166E-09 6.8672E-09 8.0762E-09 9.4454E-09 1.0986E-08 1.2715E-08 1.4629E-08 1.6732E-08 1.9023E-08 2.1508E-08 2.4159E-08 2.6957E-08 2.9296E-08 3.1572E-08 3.1554E-08 3.0631E-08 2.9097E-08 2.7109E-08 2.4832E-08 2.2470E-08 2.1207E-08 2.0519E-08 2.0395E-08 2.0433E-08 2.0373E-08 2.0204E-08 1.9923E-08 1.9537E-08 1.9064E-08 1.8627E-08 1.8137E-08 1.7432E-08 1.6790E-08 1.7466E-08 1.6337E-08 1.5225E-08 1.4245E-08 1.4032E-08 1.2717E-08 1.1487E-08 1.0455E-08 9.7508E-09 8.5785E-09 7.5263E-09 6.7142E-09 5.9397E-09 5.1234E-09 4.4124E-09 3.9024E-09 3.3229E-09 2.8399E-09 2.3710E-09 1.8174E-09
2.8075E-09 3.3744E-09 4.0378E-09 4.8228E-09 5.7348E-09 6.7853E-09 7.9916E-09 9.3572E-09 1.0904E-08 1.2632E-08 1.4548E-08 1.6660E-08 1.8962E-08 2.1446E-08 2.4112E-08 2.6931E-08 2.9861E-08 3.1858E-08 3.2589E-08 3.3582E-08 3.2790E-08 3.0957E-08 2.8713E-08 2.6224E-08 2.3634E-08 2.2126E-08 2.1760E-08 2.1694E-08 2.1616E-08 2.1435E-08 2.1152E-08 2.0928E-08 2.0575E-08 2.0009E-08 1.9504E-08 2.0471E-08 1.9374E-08 1.8269E-08 1.7312E-08 1.7250E-08 1.5807E-08 1.4436E-08 1.3314E-08 1.2553E-08 1.1140E-08 9.8624E-09 8.9322E-09 7.9294E-09 6.8637E-09 5.9369E-09 5.2906E-09 4.4992E-09 3.8457E-09 3.2839E-09 2.8503E-09 2.3083E-09 1.7795E-09
2.7319E-09 3.2944E-09 3.9466E-09 4.7263E-09 5.6274E-09 6.6766E-09 7.8729E-09 9.2386E-09 1.0781E-08 1.2505E-08 1.4424E-08 1.6538E-08 1.8844E-08 2.1341E-08 2.4012E-08 2.6839E-08 2.9782E-08 3.2801E-08 3.4606E-08 3.4692E-08 3.3943E-08 3.3057E-08 3.2816E-08 3.0360E-08 2.7712E-08 2.5014E-08 2.3461E-08 2.3124E-08 2.3010E-08 2.3045E-08 2.2865E-08 2.2494E-08 2.2193E-08 2.3477E-08 2.2490E-08 2.1469E-08 2.0619E-08 2.0762E-08 1.9261E-08 1.7808E-08 1.6671E-08 1.5879E-08 1.4247E-08 1.2750E-08 1.1795E-08 1.0477E-08 9.1377E-09 7.9561E-09 7.1646E-09 6.1071E-09 5.2221E-09 4.4694E-09 3.8885E-09 3.2939E-09 2.7863E-09 2.1871E-09 1.7354E-09
2.6478E-09 3.1972E-09 3.8429E-09 4.6080E-09 5.5045E-09 6.5394E-09 7.7285E-09 9.0888E-09 1.0621E-08 1.2341E-08 1.4259E-08 1.6373E-08 1.8685E-08 2.1182E-08 2.3857E-08 2.6694E-08 2.9665E-08 3.2717E-08 3.5786E-08 3.7393E-08 3.7030E-08 3.5774E-08 3.4075E-08 3.2221E-08 3.1229E-08 2.9237E-08 2.6510E-08 2.5249E-08 2.4936E-08 2.4770E-08 2.4719E-08 2.6320E-08 2.5532E-08 2.4685E-08 2.4032E-08 2.4430E-08 2.2957E-08 2.1501E-08 2.0454E-08 1.9676E-08 1.7874E-08 1.6197E-08 1.5455E-08 1.3644E-08 1.2011E-08 1.0560E-08 9.6180E-09 8.2487E-09 7.0901E-09 6.0891E-09 5.3336E-09 4.5120E-09 3.8091E-09 3.2349E-09 2.7582E-09 2.0021E-09 1.6915E-09
2.5522E-09 3.0858E-09 3.7245E-09 4.4711E-09 5.3572E-09 6.3784E-09 7.5598E-09 8.9044E-09 1.0429E-08 1.2148E-08 1.4061E-08 1.6173E-08 1.8483E-08 2.0990E-08 2.3678E-08 2.6527E-08 2.9508E-08 3.2578E-08 3.5680E-08 3.8745E-08 4.0130E-08 3.9376E-08 3.7764E-08 3.5741E-08 3.3509E-08 3.1564E-08 2.9529E-08 2.8515E-08 2.7247E-08 2.8892E-08 2.8351E-08 2.7745E-08 2.7376E-08 2.8069E-08 2.6727E-08 2.5374E-08 2.4552E-08 2.3822E-08 2.1932E-08 2.0142E-08 1.9497E-08 1.7428E-08 1.5520E-08 1.3805E-08 1.2741E-08 1.1054E-08 9.5396E-09 8.2711E-09 7.2998E-09 6.1936E-09 5.2313E-09 4.4552E-09 3.8013E-09 3.1798E-09 2.6062E-09 1.9206E-09 1.6445E-09
2.4472E-09 2.9673E-09 3.5871E-09 4.3245E-09 5.1916E-09 6.2025E-09 7.3645E-09 8.6954E-09 1.0215E-08 1.1922E-08 1.3828E-08 1.5943E-08 1.8262E-08 2.0777E-08 2.3472E-08 2.6329E-08 2.9323E-08 3.2420E-08 3.5559E-08 3.8679E-08 4.0617E-08 4.2221E-08 4.1770E-08 4.0182E-08 3.7956E-08 3.5611E-08 3.3483E-08 3.3130E-08 3.1491E-08 3.0710E-08 3.0511E-08 3.1499E-08 3.0393E-08 2.9240E-08 2.8797E-08 2.8140E-08 2.6268E-08 2.4474E-08 2.4014E-08 2.1761E-08 1.9625E-08 1.7701E-08 1.6567E-08 1.4526E-08 1.2668E-08 1.1102E-08 9.9059E-09 8.4454E-09 7.1732E-09 6.1555E-09 5.2545E-09 4.3961E-09 3.6730E-09 3.0663E-09 2.5129E-09 1.8415E-09 1.5881E-09
2.3355E-09 2.8395E-09 3.4390E-09 4.1628E-09 5.0089E-09 6.0022E-09 7.1472E-09 8.4683E-09 9.9732E-09 1.1673E-08 1.3582E-08 1.5699E-08 1.8022E-08 2.0544E-08 2.3255E-08 2.6134E-08 2.9151E-08 3.2274E-08 3.5453E-08 3.8625E-08 4.1737E-08 4.3553E-08 4.3251E-08 4.2464E-08 4.2750E-08 4.2256E-08 3.9621E-08 3.7037E-08 3.5021E-08 3.4958E-08 3.3830E-08 3.2918E-08 3.3013E-08 3.2428E-08 3.0694E-08 2.9010E-08 2.8827E-08 2.6499E-08 2.4233E-08 2.2181E-08 2.1052E-08 1.8692E-08 1.6505E-08 1.4674E-08 1.3238E-08 1.1391E-08 9.7468E-09 8.4714E-09 7.2504E-09 6.0701E-09 5.0716E-09 4.2345E-09 3.5487E-09 2.9575E-09 2.3358E-09 1.7746E-09 1.5262E-09
2.2159E-09 2.7026E-09 3.2843E-09 3.9888E-09 4.8172E-09 5.7879E-09 6.9209E-09 8.2238E-09 9.7130E-09 1.1410E-08 1.3317E-08 1.5435E-08 1.7770E-08 2.0314E-08 2.3050E-08 2.5958E-08 2.9005E-08 3.2160E-08 3.5405E-08 3.8888E-08 4.2093E-08 4.5215E-08 4.6821E-08 4.7686E-08 4.6012E-08 4.4234E-08 4.3711E-08 4.3430E-08 4.0481E-08 3.7721E-08 3.7330E-08 3.6501E-08 3.4996E-08 3.3545E-08 3.3722E-08 3.1448E-08 2.9172E-08 2.7114E-08 2.6081E-08 2.3478E-08 2.1019E-08 1.8992E-08 1.7349E-08 1.5089E-08 1.3051E-08 1.1577E-08 9.8997E-09 8.3431E-09 6.9893E-09 5.8422E-09 4.8957E-09 4.0850E-09 3.4043E-09 2.8407E-09 2.1694E-09 1.7057E-09 1.4637E-09
2.0872E-09 2.5634E-09 3.1274E-09 3.8057E-09 4.6130E-09 5.5622E-09 6.6748E-09 7.9612E-09 9.4453E-09 1.1137E-08 1.3041E-08 1.5173E-08 1.7527E-08 2.0098E-08 2.2863E-08 2.5810E-08 2.8934E-08 3.2357E-08 3.5676E-08 3.9063E-08 4.2668E-08 4.7308E-08 5.0217E-08 5.1230E-08 5.0628E-08 4.9987E-08 4.7585E-08 4.5255E-08 4.5217E-08 4.3300E-08 4.0273E-08 3.8063E-08 3.8467E-08 3.6376E-08 3.4225E-08 3.2305E-08 3.1462E-08 2.8741E-08 2.6105E-08 2.4005E-08 2.2186E-08 1.9549E-08 1.7127E-08 1.5554E-08 1.3322E-08 1.1309E-08 9.5531E-09 8.0431E-09 6.7373E-09 5.6308E-09 4.6919E-09 3.9221E-09 3.2682E-09 2.6841E-09 1.9945E-09 1.6340E-09 1.3986E-09
1.9465E-09 2.4170E-09 2.9645E-09 3.6157E-09 4.4048E-09 5.3304E-09 6.4202E-09 7.6983E-09 9.1693E-09 1.0851E-08 1.2766E-08 1.4915E-08 1.7295E-08 1.9899E-08 2.2739E-08 2.5919E-08 2.9121E-08 3.2489E-08 3.6178E-08 4.0814E-08 4.4169E-08 4.7473E-08 5.1225E-08 5.4436E-08 5.5590E-08 5.3931E-08 5.3749E-08 5.0846E-08 4.7889E-08 4.5185E-08 4.4460E-08 4.1878E-08 3.9327E-08 3.7545E-08 3.6968E-08 3.4260E-08 3.1585E-08 2.9582E-08 2.7646E-08 2.4696E-08 2.1952E-08 2.0237E-08 1.7543E-08 1.5071E-08 1.2844E-08 1.0908E-08 9.1950E-09 7.7128E-09 6.4479E-09 5.3996E-09 4.5023E-09 3.7478E-09 3.1326E-09 2.5860E-09 1.8410E-09 1.5580E-09 1.3267E-09
1.8153E-09 2.2687E-09 2.8004E-09 3.4288E-09 4.1908E-09 5.0899E-09 6.1631E-09 7.4222E-09 8.8809E-09 1.0571E-08 1.2501E-08 1.4671E-08 1.7103E-08 1.9892E-08 2.2808E-08 2.5966E-08 2.9518E-08 3.3900E-08 3.7405E-08 4.0989E-08 4.5195E-08 4.9390E-08 5.2418E-08 5.5282E-08 5.8388E-08 5.7611E-08 5.7276E-08 5.4622E-08 5.3654E-08 5.0146E-08 4.6703E-08 4.3814E-08 4.2670E-08 3.9870E-08 3.7250E-08 3.5554E-08 3.3526E-08 3.0392E-08 2.7415E-08 2.5668E-08 2.2545E-08 1.9620E-08 1.6928E-08 1.4519E-08 1.2364E-08 1.0457E-08 8.7848E-09 7.3957E-09 6.1776E-09 5.1452E-09 4.3030E-09 3.5837E-09 2.9799E-09 2.4118E-09 1.7395E-09 1.4748E-09 1.2521E-09
1.6915E-09 2.1084E-09 2.6313E-09 3.2405E-09 3.9724E-09 4.8516E-09 5.9028E-09 7.1421E-09 8.6045E-09 1.0302E-08 1.2256E-08 1.4551E-08 1.7045E-08 1.9831E-08 2.3056E-08 2.7000E-08 3.0421E-08 3.4036E-08 3.8406E-08 4.2631E-08 4.6143E-08 4.9640E-08 5.4570E-08 5.7220E-08 5.9493E-08 6.0127E-08 6.0431E-08 5.7823E-08 5.5530E-08 5.3642E-08 5.1702E-08 4.7692E-08 4.3864E-08 4.1920E-08 3.9636E-08 3.6434E-08 3.3362E-08 3.1681E-08 2.8226E-08 2.4907E-08 2.1786E-08 1.8920E-08 1.6285E-08 1.3914E-08 1.1810E-08 9.9990E-09 8.4073E-09 7.0336E-09 5.8915E-09 4.9132E-09 4.0897E-09 3.3975E-09 2.8035E-09 2.2084E-09 1.6424E-09 1.3886E-09 1.1742E-09
