Assets/Resources/2015_m01_d16_0700(utc+0800)_l00_csi_1hr_conc.grd
DSAA
         159         159
     -79.000      79.000
     -79.000      79.000
  0.0000E+00  0.4029E-04
[rows 50 to 74 of 159, columns 57 to 113 of 159]
1.1557E-10 1.3696E-10 1.5993E-10 1.8303E-10 2.0777E-10 2.3549E-10 2.6254E-10 2.9075E-10 3.2111E-10 3.5067E-10 3.8091E-10 4.1286E-10 4.4488E-10 4.7444E-10 5.0673E-10 5.4760E-10 5.8927E-10 6.2794E-10 7.2176E-10 8.2691E-10 9.3874E-10 1.0698E-09 1.2188E-09 1.3908E-09 1.5605E-09 1.7606E-09 1.9772E-09 2.2273E-09 2.4877E-09 2.7406E-09 3.0280E-09 3.4083E-09 3.7686E-09 4.1961E-09 4.5165E-09 5.0761E-09 5.2662E-09 5.6373E-09 6.0685E-09 6.1447E-09 6.6048E-09 6.6612E-09 6.9850E-09 7.0380E-09 7.2499E-09 7.2828E-09 7.4322E-09 7.4541E-09 7.5513E-09 7.5667E-09 7.6230E-09 7.6381E-09 7.6425E-09 7.6307E-09 7.6091E-09 7.5622E-09 7.5288E-09
1.1226E-10 1.3328E-10 1.5591E-10 1.7717E-10 2.0323E-10 2.3068E-10 2.5755E-10 2.8560E-10 3.1582E-10 3.4531E-10 3.7549E-10 4.0742E-10 4.3811E-10 4.6909E-10 5.0145E-10 5.4243E-10 5.8434E-10 6.2727E-10 7.3447E-10 8.3446E-10 9.5939E-10 1.0931E-09 1.2505E-09 1.4307E-09 1.6087E-09 1.8195E-09 2.0471E-09 2.3159E-09 2.5839E-09 2.8479E-09 3.1746E-09 3.5664E-09 3.9450E-09 4.3994E-09 4.7249E-09 5.3286E-09 5.5183E-09 6.0080E-09 6.4077E-09 6.4109E-09 6.9012E-09 6.9466E-09 7.2812E-09 7.3289E-09 7.5348E-09 7.5544E-09 7.7092E-09 7.7075E-09 7.8045E-09 7.8682E-09 7.8597E-09 7.8885E-09 7.8641E-09 7.8609E-09 7.8158E-09 7.7846E-09 7.7209E-09
1.0889E-10 1.2953E-10 1.5031E-10 1.7282E-10 1.9855E-10 2.2570E-10 2.5237E-10 2.8024E-10 3.1029E-10 3.3967E-10 3.6979E-10 4.0166E-10 4.3236E-10 4.6338E-10 4.9580E-10 5.3683E-10 5.7896E-10 6.2660E-10 7.4785E-10 8.4603E-10 9.8357E-10 1.1213E-09 1.2893E-09 1.4743E-09 1.6611E-09 1.8891E-09 2.1361E-09 2.4085E-09 2.6838E-09 2.9591E-09 3.3170E-09 3.7297E-09 4.1226E-09 4.6152E-09 4.9444E-09 5.5944E-09 5.7804E-09 6.2974E-09 6.7182E-09 6.8063E-09 7.2153E-09 7.2487E-09 7.5913E-09 7.6392E-09 7.8374E-09 7.9151E-09 8.0006E-09 8.1205E-09 8.0665E-09 8.1278E-09 8.1031E-09 8.1278E-09 8.0910E-09 8.0828E-09 8.0274E-09 7.9900E-09 7.9165E-09
1.0548E-10 1.2572E-10 1.4617E-10 1.6837E-10 1.9375E-10 2.2058E-10 2.4701E-10 2.7468E-10 3.0453E-10 3.3379E-10 3.6382E-10 3.9560E-10 4.2628E-10 4.5732E-10 4.8977E-10 5.3082E-10 5.7312E-10 6.3760E-10 7.5143E-10 8.5837E-10 1.0041E-09 1.1457E-09 1.3231E-09 1.5201E-09 1.7259E-09 1.9539E-09 2.2214E-09 2.5023E-09 2.7940E-09 3.0742E-09 3.4590E-09 3.9089E-09 4.3083E-09 4.8447E-09 5.1725E-09 5.8740E-09 6.0575E-09 6.6055E-09 7.0414E-09 7.2350E-09 7.5404E-09 7.6823E-09 7.9162E-09 7.9792E-09 8.1485E-09 8.3114E-09 8.3115E-09 8.4303E-09 8.3381E-09 8.3974E-09 8.3535E-09 8.3743E-09 8.3235E-09 8.3103E-09 8.2429E-09 8.1999E-09 8.1157E-09
1.0203E-10 1.2185E-10 1.4195E-10 1.6382E-10 1.8882E-10 2.1531E-10 2.4016E-10 2.6893E-10 2.9856E-10 3.2766E-10 3.5757E-10 3.8925E-10 4.1989E-10 4.5093E-10 4.8338E-10 5.2440E-10 5.6683E-10 6.3401E-10 7.5514E-10 8.6775E-10 1.0223E-09 1.1769E-09 1.3667E-09 1.5680E-09 1.7885E-09 2.0298E-09 2.3084E-09 2.6051E-09 2.9063E-09 3.1931E-09 3.6112E-09 4.0972E-09 4.6297E-09 5.0941E-09 5.5355E-09 6.1677E-09 6.3513E-09 6.9251E-09 7.3757E-09 7.5791E-09 7.8806E-09 8.1606E-09 8.2568E-09 8.5251E-09 8.4737E-09 8.6534E-09 8.6401E-09 8.7417E-09 8.6199E-09 8.6778E-09 8.6598E-09 8.6283E-09 8.5909E-09 8.5436E-09 8.4630E-09 8.4144E-09 8.3186E-09
9.8559E-11 1.1645E-10 1.3615E-10 1.5919E-10 1.8380E-10 2.0838E-10 2.3454E-10 2.6301E-10 2.9238E-10 3.1996E-10 3.5108E-10 3.8262E-10 4.1320E-10 4.4420E-10 4.7663E-10 5.1759E-10 5.6011E-10 6.5220E-10 7.6303E-10 8.8545E-10 1.0415E-09 1.2101E-09 1.4066E-09 1.6159E-09 1.8554E-09 2.1004E-09 2.3972E-09 2.7066E-09 3.0184E-09 3.3181E-09 3.8453E-09 4.2874E-09 4.8507E-09 5.3571E-09 5.8079E-09 6.4759E-09 6.7893E-09 7.2606E-09 7.7251E-09 7.9433E-09 8.2364E-09 8.5770E-09 8.6140E-09 8.9636E-09 8.8196E-09 9.0178E-09 8.9934E-09 9.0676E-09 9.0010E-09 8.9702E-09 8.9929E-09 8.8903E-09 8.8742E-09 8.7829E-09 8.7340E-09 8.6336E-09 8.5253E-09
9.5068E-11 1.1258E-10 1.3190E-10 1.5450E-10 1.7869E-10 2.0294E-10 2.2878E-10 2.5693E-10 2.8602E-10 3.1344E-10 3.4436E-10 3.7573E-10 4.0484E-10 4.3717E-10 4.6955E-10 5.1040E-10 5.5733E-10 6.5626E-10 7.6742E-10 8.9633E-10 1.0634E-09 1.2390E-09 1.4485E-09 1.6658E-09 1.9195E-09 2.1736E-09 2.4913E-09 2.8116E-09 3.1363E-09 3.5104E-09 4.1065E-09 4.4886E-09 5.2205E-09 5.6406E-09 6.2272E-09 6.7986E-09 7.1435E-09 7.6125E-09 8.0935E-09 8.3296E-09 8.6084E-09 9.0418E-09 8.9888E-09 9.4643E-09 9.1770E-09 9.4084E-09 9.4680E-09 9.4119E-09 9.4129E-09 9.2762E-09 9.2971E-09 9.1609E-09 9.1398E-09 9.0285E-09 8.9734E-09 8.8578E-09 8.7772E-09
9.1569E-11 1.0868E-10 1.2761E-10 1.4975E-10 1.7351E-10 1.9739E-10 2.2290E-10 2.5071E-10 2.7819E-10 3.0673E-10 3.3741E-10 3.6859E-10 3.9762E-10 4.2984E-10 4.6215E-10 5.0146E-10 5.5030E-10 6.5928E-10 7.8022E-10 9.1835E-10 1.0845E-09 1.2755E-09 1.4942E-09 1.7200E-09 1.9838E-09 2.2493E-09 2.5891E-09 2.9198E-09 3.2554E-09 3.6780E-09 4.3252E-09 4.6989E-09 5.4854E-09 5.9533E-09 6.5416E-09 7.1358E-09 7.6660E-09 7.9811E-09 8.6100E-09 8.7420E-09 8.9968E-09 9.5614E-09 9.3822E-09 9.9230E-09 9.6487E-09 9.8356E-09 9.9441E-09 9.7709E-09 9.7650E-09 9.5976E-09 9.6187E-09 9.4407E-09 9.4151E-09 9.2809E-09 9.2231E-09 9.0960E-09 9.0102E-09
8.6628E-11 1.0329E-10 1.2330E-10 1.4496E-10 1.6673E-10 1.9019E-10 2.1692E-10 2.4436E-10 2.7155E-10 2.9983E-10 3.3025E-10 3.5988E-10 3.9016E-10 4.2223E-10 4.5444E-10 4.9358E-10 5.4768E-10 6.6269E-10 7.8998E-10 9.4645E-10 1.1087E-09 1.3163E-09 1.5400E-09 1.7788E-09 2.0504E-09 2.3426E-09 2.6840E-09 3.0364E-09 3.3777E-09 3.8290E-09 4.5621E-09 4.9140E-09 5.7579E-09 6.2930E-09 6.8716E-09 7.4874E-09 8.1027E-09 8.3669E-09 9.1595E-09 9.1804E-09 9.4021E-09 1.0160E-08 9.8993E-09 1.0370E-08 1.0158E-08 1.0296E-08 1.0358E-08 1.0149E-08 1.0137E-08 1.0025E-08 9.9611E-09 9.8170E-09 9.7047E-09 9.5623E-09 9.4982E-09 9.3486E-09 9.2553E-09
8.3215E-11 9.9458E-11 1.1896E-10 1.4014E-10 1.6150E-10 1.8457E-10 2.1084E-10 2.3789E-10 2.6477E-10 2.9278E-10 3.2291E-10 3.5233E-10 3.8245E-10 4.1435E-10 4.4643E-10 4.8393E-10 5.4052E-10 6.7101E-10 7.9636E-10 9.6582E-10 1.1320E-09 1.3592E-09 1.5893E-09 1.8374E-09 2.1190E-09 2.4338E-09 2.7939E-09 3.1540E-09 3.5030E-09 4.0059E-09 4.8210E-09 5.1431E-09 6.0420E-09 6.6730E-09 7.2216E-09 7.8574E-09 8.5839E-09 8.7701E-09 9.6144E-09 9.6502E-09 9.9758E-09 1.0711E-08 1.0351E-08 1.0843E-08 1.0609E-08 1.0803E-08 1.0794E-08 1.0641E-08 1.0532E-08 1.0492E-08 1.0335E-08 1.0245E-08 1.0023E-08 9.9037E-09 9.7643E-09 9.5982E-09 9.5111E-09
7.8335E-11 9.5634E-11 1.1463E-10 1.3530E-10 1.5624E-10 1.7889E-10 2.0469E-10 2.3132E-10 2.5654E-10 2.8558E-10 3.1540E-10 3.4459E-10 3.7452E-10 4.0622E-10 4.3681E-10 4.7404E-10 5.3310E-10 6.7121E-10 8.0306E-10 9.8205E-10 1.1584E-09 1.3956E-09 1.6389E-09 1.9010E-09 2.1997E-09 2.5287E-09 2.8951E-09 3.2700E-09 3.6310E-09 4.1669E-09 5.1140E-09 5.3770E-09 6.3373E-09 7.1070E-09 7.5835E-09 8.2369E-09 9.1222E-09 9.1909E-09 1.0089E-08 1.0156E-08 1.0587E-08 1.1225E-08 1.0940E-08 1.1334E-08 1.1088E-08 1.1292E-08 1.1256E-08 1.1173E-08 1.0952E-08 1.0927E-08 1.0744E-08 1.0596E-08 1.0339E-08 1.0290E-08 1.0060E-08 9.9785E-09 9.7897E-09
7.5048E-11 9.1827E-11 1.1030E-10 1.2899E-10 1.4943E-10 1.7317E-10 1.9848E-10 2.2338E-10 2.4959E-10 2.7825E-10 3.0773E-10 3.3667E-10 3.6638E-10 3.9786E-10 4.2831E-10 4.6527E-10 5.3271E-10 6.7997E-10 8.1007E-10 9.9895E-10 1.1902E-09 1.4356E-09 1.6901E-09 1.9664E-09 2.2731E-09 2.6213E-09 3.0046E-09 3.3884E-09 3.7615E-09 4.3473E-09 5.3712E-09 5.7749E-09 6.6432E-09 7.6549E-09 7.9613E-09 8.6291E-09 9.7361E-09 9.6295E-09 1.0583E-08 1.0706E-08 1.1094E-08 1.1758E-08 1.1460E-08 1.1847E-08 1.1599E-08 1.1886E-08 1.1744E-08 1.1661E-08 1.1422E-08 1.1387E-08 1.1129E-08 1.0968E-08 1.0703E-08 1.0670E-08 1.0375E-08 1.0270E-08 1.0053E-08
7.1792E-11 8.8045E-11 1.0599E-10 1.2423E-10 1.4421E-10 1.6743E-10 1.9223E-10 2.1672E-10 2.4256E-10 2.7081E-10 2.9992E-10 3.2726E-10 3.5806E-10 3.8928E-10 4.1958E-10 4.5485E-10 5.5062E-10 6.8088E-10 8.1737E-10 1.0187E-09 1.2156E-09 1.4748E-09 1.7405E-09 2.0314E-09 2.3481E-09 2.7157E-09 3.1105E-09 3.5089E-09 3.8939E-09 4.6839E-09 5.6209E-09 6.0465E-09 6.9586E-09 8.0311E-09 8.3549E-09 9.1993E-09 1.0382E-08 1.0086E-08 1.1094E-08 1.1314E-08 1.1625E-08 1.2311E-08 1.2012E-08 1.2495E-08 1.2144E-08 1.2522E-08 1.2275E-08 1.2192E-08 1.1907E-08 1.1886E-08 1.1561E-08 1.1397E-08 1.1067E-08 1.1033E-08 1.0680E-08 1.0575E-08 1.0326E-08
6.8576E-11 8.4297E-11 1.0026E-10 1.1797E-10 1.3900E-10 1.6167E-10 1.8594E-10 2.1001E-10 2.3545E-10 2.6327E-10 2.9070E-10 3.1909E-10 3.4956E-10 3.8051E-10 4.0923E-10 4.4970E-10 5.5052E-10 6.8680E-10 8.3716E-10 1.0371E-09 1.2455E-09 1.5175E-09 1.7921E-09 2.0956E-09 2.4352E-09 2.8197E-09 3.2182E-09 3.6312E-09 4.0280E-09 4.8855E-09 5.8741E-09 6.3286E-09 7.2826E-09 8.5774E-09 8.7643E-09 9.7858E-09 1.0893E-08 1.0720E-08 1.1624E-08 1.1986E-08 1.2178E-08 1.2886E-08 1.2602E-08 1.3072E-08 1.2732E-08 1.3107E-08 1.2832E-08 1.2746E-08 1.2551E-08 1.2474E-08 1.2118E-08 1.1818E-08 1.1543E-08 1.1398E-08 1.1003E-08 1.0901E-08 1.0616E-08
6.5405E-11 8.0592E-11 9.6092E-11 1.1333E-10 1.3380E-10 1.5591E-10 1.7813E-10 2.0198E-10 2.2829E-10 2.5566E-10 2.8273E-10 3.1080E-10 3.4092E-10 3.7022E-10 4.0012E-10 4.4086E-10 5.4572E-10 6.8842E-10 8.4632E-10 1.0584E-09 1.2788E-09 1.5589E-09 1.8449E-09 2.1705E-09 2.5197E-09 2.9139E-09 3.3332E-09 3.7548E-09 4.3426E-09 5.0917E-09 6.1316E-09 6.7917E-09 7.6135E-09 8.9888E-09 9.1891E-09 1.0252E-08 1.1411E-08 1.1234E-08 1.2168E-08 1.2748E-08 1.2756E-08 1.3601E-08 1.3223E-08 1.3806E-08 1.3377E-08 1.3710E-08 1.3418E-08 1.3363E-08 1.3281E-08 1.3034E-08 1.2708E-08 1.2263E-08 1.2069E-08 1.1788E-08 1.1445E-08 1.1243E-08 1.0913E-08
6.2286E-11 7.5543E-11 9.0507E-11 1.0873E-10 1.2862E-10 1.5016E-10 1.7190E-10 1.9529E-10 2.2108E-10 2.4798E-10 2.7468E-10 3.0239E-10 3.3214E-10 3.6117E-10 3.9084E-10 4.3611E-10 5.4634E-10 6.9533E-10 8.6846E-10 1.0781E-09 1.3233E-09 1.6037E-09 1.9072E-09 2.2400E-09 2.5998E-09 3.0091E-09 3.4438E-09 3.8793E-09 4.5144E-09 5.2976E-09 6.3919E-09 7.1100E-09 7.9497E-09 9.4063E-09 9.6292E-09 1.0729E-08 1.1939E-08 1.1930E-08 1.2727E-08 1.3808E-08 1.3355E-08 1.4232E-08 1.3891E-08 1.4465E-08 1.4063E-08 1.4343E-08 1.4198E-08 1.4026E-08 1.3955E-08 1.3587E-08 1.3238E-08 1.2743E-08 1.2545E-08 1.2195E-08 1.1925E-08 1.1618E-08 1.1336E-08
5.8266E-11 7.2032E-11 8.6526E-11 1.0417E-10 1.2348E-10 1.4297E-10 1.6569E-10 1.8858E-10 2.1386E-10 2.3897E-10 2.6527E-10 2.9390E-10 3.2326E-10 3.5199E-10 3.8139E-10 4.2619E-10 5.5936E-10 7.0262E-10 8.7943E-10 1.1007E-09 1.3544E-09 1.6469E-09 1.9624E-09 2.3079E-09 2.6868E-09 3.1121E-09 3.5643E-09 4.0041E-09 4.7026E-09 5.6758E-09 6.6530E-09 7.4381E-09 8.2892E-09 9.8269E-09 1.0084E-08 1.1217E-08 1.2473E-08 1.2503E-08 1.3296E-08 1.4591E-08 1.3975E-08 1.5019E-08 1.4606E-08 1.5140E-08 1.4940E-08 1.5035E-08 1.5016E-08 1.4725E-08 1.4703E-08 1.4179E-08 1.3811E-08 1.3261E-08 1.3071E-08 1.2639E-08 1.2366E-08 1.2029E-08 1.1804E-08
5.5332E-11 6.7189E-11 8.2603E-11 9.9667E-11 1.1839E-10 1.3737E-10 1.5803E-10 1.8189E-10 2.0662E-10 2.3129E-10 2.5717E-10 2.8534E-10 3.1428E-10 3.4133E-10 3.7180E-10 4.1759E-10 5.5600E-10 7.0402E-10 9.0042E-10 1.1212E-09 1.3968E-09 1.6904E-09 2.0240E-09 2.3761E-09 2.7673E-09 3.2160E-09 3.6763E-09 4.1287E-09 4.8861E-09 5.8974E-09 6.9131E-09 7.7707E-09 8.6296E-09 1.0247E-08 1.0555E-08 1.1704E-08 1.3009E-08 1.3096E-08 1.3874E-08 1.5413E-08 1.4626E-08 1.5711E-08 1.5365E-08 1.5851E-08 1.5815E-08 1.5728E-08 1.5768E-08 1.5496E-08 1.5530E-08 1.4816E-08 1.4430E-08 1.3829E-08 1.3668E-08 1.3125E-08 1.2843E-08 1.2506E-08 1.2239E-08
5.1515E-11 6.3900E-11 7.8745E-11 9.5225E-11 1.1194E-10 1.3033E-10 1.5197E-10 1.7522E-10 1.9939E-10 2.2360E-10 2.4904E-10 2.7673E-10 3.0394E-10 3.3200E-10 3.6209E-10 4.0891E-10 5.5121E-10 7.0665E-10 9.1217E-10 1.1445E-09 1.4345E-09 1.7369E-09 2.0830E-09 2.4443E-09 2.8490E-09 3.3124E-09 3.7877E-09 4.2525E-09 5.0916E-09 6.1138E-09 7.1697E-09 8.1173E-09 8.9684E-09 1.0663E-08 1.1041E-08 1.2193E-08 1.3543E-08 1.3710E-08 1.4457E-08 1.6092E-08 1.5294E-08 1.6412E-08 1.6195E-08 1.6599E-08 1.6893E-08 1.6457E-08 1.6600E-08 1.6355E-08 1.6287E-08 1.5634E-08 1.5113E-08 1.4578E-08 1.4354E-08 1.3683E-08 1.3405E-08 1.3080E-08 1.2754E-08
4.8785E-11 6.0682E-11 7.4959E-11 9.0853E-11 1.0706E-10 1.2494E-10 1.4595E-10 1.6859E-10 1.9095E-10 2.1467E-10 2.4090E-10 2.6809E-10 2.9490E-10 3.2259E-10 3.5228E-10 4.0891E-10 5.4783E-10 7.0922E-10 9.2661E-10 1.1654E-09 1.4701E-09 1.7808E-09 2.1381E-09 2.5123E-09 2.9302E-09 3.4079E-09 3.8980E-09 4.3748E-09 5.2864E-09 6.3269E-09 7.4203E-09 8.4733E-09 9.3026E-09 1.1071E-08 1.1544E-08 1.2678E-08 1.4070E-08 1.4344E-08 1.5050E-08 1.6769E-08 1.5980E-08 1.7134E-08 1.7253E-08 1.7350E-08 1.8018E-08 1.7250E-08 1.7507E-08 1.7457E-08 1.7104E-08 1.6548E-08 1.5876E-08 1.5324E-08 1.5136E-08 1.4458E-08 1.4069E-08 1.3734E-08 1.3356E-08
4.6127E-11 5.7540E-11 7.1251E-11 8.5228E-11 1.0085E-10 1.1961E-10 1.4000E-10 1.6201E-10 1.8386E-10 2.0708E-10 2.3276E-10 2.5943E-10 2.8449E-10 3.1313E-10 3.4239E-10 3.9957E-10 5.4862E-10 7.1712E-10 9.3850E-10 1.1862E-09 1.5029E-09 1.8243E-09 2.1939E-09 2.5841E-09 3.0224E-09 3.5095E-09 4.0065E-09 4.4949E-09 5.5094E-09 6.5347E-09 7.6625E-09 8.8395E-09 9.6292E-09 1.1467E-08 1.2067E-08 1.3155E-08 1.4587E-08 1.5008E-08 1.5635E-08 1.7444E-08 1.6701E-08 1.7885E-08 1.8302E-08 1.8194E-08 1.9364E-08 1.8090E-08 1.8504E-08 1.8720E-08 1.8002E-08 1.7440E-08 1.6740E-08 1.6335E-08 1.5945E-08 1.5335E-08 1.4833E-08 1.4550E-08 1.4031E-08
4.2620E-11 5.4477E-11 6.6296E-11 7.9699E-11 9.6218E-11 1.1435E-10 1.3411E-10 1.5404E-10 1.7556E-10 1.9953E-10 2.2464E-10 2.4953E-10 2.7547E-10 3.0362E-10 3.3871E-10 3.9783E-10 5.4284E-10 7.1985E-10 9.5285E-10 1.2082E-09 1.5352E-09 1.8672E-09 2.2488E-09 2.6501E-09 3.1015E-09 3.6095E-09 4.1113E-09 4.6120E-09 5.7194E-09 6.7352E-09 7.8934E-09 9.2182E-09 9.9451E-09 1.1845E-08 1.2801E-08 1.3621E-08 1.5093E-08 1.5701E-08 1.6260E-08 1.8168E-08 1.7491E-08 1.8708E-08 1.9668E-08 1.9048E-08 2.0607E-08 1.9156E-08 1.9637E-08 1.9809E-08 1.8999E-08 1.8463E-08 1.7738E-08 1.7350E-08 1.6843E-08 1.6219E-08 1.5711E-08 1.5503E-08 1.4842E-08
4.0186E-11 5.0604E-11 6.2856E-11 7.5772E-11 9.1679E-11 1.0919E-10 1.2831E-10 1.4769E-10 1.6866E-10 1.9203E-10 2.1655E-10 2.4096E-10 2.6645E-10 2.9410E-10 3.2923E-10 3.9789E-10 5.3576E-10 7.4078E-10 9.6431E-10 1.2283E-09 1.5667E-09 1.9118E-09 2.3024E-09 2.7215E-09 3.1785E-09 3.7068E-09 4.2142E-09 4.7255E-09 5.9452E-09 6.9262E-09 8.1104E-09 9.6136E-09 1.0440E-08 1.2201E-08 1.3395E-08 1.4096E-08 1.5645E-08 1.6502E-08 1.6899E-08 1.8922E-08 1.8515E-08 1.9542E-08 2.1092E-08 1.9992E-08 2.1638E-08 2.0203E-08 2.0920E-08 2.0955E-08 2.0139E-08 1.9624E-08 1.8896E-08 1.8586E-08 1.7934E-08 1.7320E-08 1.6804E-08 1.6541E-08 1.5816E-08
3.6934E-11 4.6843E-11 5.8205E-11 7.1936E-11 8.7234E-11 1.0412E-10 1.2124E-10 1.3997E-10 1.6184E-10 1.8459E-10 2.0728E-10 2.3117E-10 2.5745E-10 2.8457E-10 3.1847E-10 3.9108E-10 5.3731E-10 7.4414E-10 9.7518E-10 1.2475E-09 1.6001E-09 1.9523E-09 2.3542E-09 2.7843E-09 3.2573E-09 3.7939E-09 4.3131E-09 4.8419E-09 6.1893E-09 7.1058E-09 8.3109E-09 1.0033E-08 1.0759E-08 1.2577E-08 1.4132E-08 1.4634E-08 1.6382E-08 1.7358E-08 1.7603E-08 1.9765E-08 1.9504E-08 2.0494E-08 2.2633E-08 2.1139E-08 2.2886E-08 2.1635E-08 2.2552E-08 2.2379E-08 2.1551E-08 2.1071E-08 2.0349E-08 2.0128E-08 1.9234E-08 1.8617E-08 1.8113E-08 1.7753E-08 1.6970E-08
3.4728E-11 4.4177E-11 5.5048E-11 6.8198E-11 8.2890E-11 9.7802E-11 1.1429E-10 1.3390E-10 1.5510E-10 1.7723E-10 1.9939E-10 2.2278E-10 2.4848E-10 2.7506E-10 3.0905E-10 3.9061E-10 5.3048E-10 7.4698E-10 9.8527E-10 1.2686E-09 1.6292E-09 1.9910E-09 2.4037E-09 2.8444E-09 3.3286E-09 3.8840E-09 4.4073E-09 4.9463E-09 6.4381E-09 7.2997E-09 8.6079E-09 1.0651E-08 1.1230E-08 1.3115E-08 1.5090E-08 1.5321E-08 1.7142E-08 1.8624E-08 1.8647E-08 2.0888E-08 2.0859E-08 2.1823E-08 2.4056E-08 2.2734E-08 2.4418E-08 2.3249E-08 2.4380E-08 2.4035E-08 2.3363E-08 2.2787E-08 2.2059E-08 2.1978E-08 2.0790E-08 2.0171E-08 1.9704E-08 1.9214E-08 1.8365E-08
