Assets/Resources/2015_m01_d15_2300(utc+0800)_l00_csi_1hr_conc.grd
DSAA
         159         159
     -79.000      79.000
     -79.000      79.000
  0.0000E+00  0.2833E-04
[rows 25 to 49 of 159, columns 0 to 56 of 159]
1.6576E-10 1.7758E-10 1.8951E-10 2.0335E-10 2.1685E-10 2.3225E-10 2.4732E-10 2.6387E-10 2.8080E-10 2.9848E-10 3.1724E-10 3.3593E-10 3.5606E-10 3.7731E-10 3.9969E-10 4.2329E-10 4.4643E-10 4.7123E-10 4.9589E-10 5.2030E-10 5.4669E-10 5.7223E-10 5.9819E-10 6.2537E-10 6.5848E-10 6.8848E-10 7.1705E-10 7.4703E-10 7.7695E-10 8.0726E-10 8.4245E-10 9.2466E-10 9.9388E-10 1.0612E-09 1.1239E-09 1.1883E-09 1.2565E-09 1.3182E-09 1.3839E-09 1.4631E-09 1.5463E-09 1.6463E-09 1.7656E-09 1.8772E-09 2.0153E-09 2.1912E-09 2.3418E-09 2.5264E-09 2.7144E-09 2.9297E-09 3.1425E-09 3.3632E-09 3.6002E-09 3.8371E-09 4.0844E-09 4.3375E-09 4.5835E-09
1.6515E-10 1.7660E-10 1.8887E-10 2.0233E-10 2.1581E-10 2.3119E-10 2.4624E-10 2.6315E-10 2.7971E-10 2.9738E-10 3.1615E-10 3.3485E-10 3.5536E-10 3.7631E-10 3.9941E-10 4.2286E-10 4.4641E-10 4.7165E-10 4.9566E-10 5.2067E-10 5.4679E-10 5.7250E-10 5.9863E-10 6.3030E-10 6.6203E-10 6.9058E-10 7.1953E-10 7.5047E-10 7.8075E-10 8.1224E-10 8.9114E-10 9.5755E-10 1.0250E-09 1.0889E-09 1.1547E-09 1.2239E-09 1.2901E-09 1.3599E-09 1.4355E-09 1.5111E-09 1.6007E-09 1.7174E-09 1.8340E-09 1.9824E-09 2.1496E-09 2.3009E-09 2.4854E-09 2.6782E-09 2.8851E-09 3.1023E-09 3.3284E-09 3.5700E-09 3.8181E-09 4.0711E-09 4.3381E-09 4.5988E-09 4.8565E-09
1.6408E-10 1.7550E-10 1.8810E-10 2.0117E-10 2.1500E-10 2.2998E-10 2.4500E-10 2.6190E-10 2.7844E-10 2.9647E-10 3.1486E-10 3.3393E-10 3.5407E-10 3.7508E-10 3.9881E-10 4.2192E-10 4.4644E-10 4.7103E-10 4.9515E-10 5.2077E-10 5.4660E-10 5.7246E-10 6.0120E-10 6.3509E-10 6.6349E-10 6.9240E-10 7.2227E-10 7.5334E-10 7.8483E-10 8.5565E-10 9.2100E-10 9.9238E-10 1.0533E-09 1.1185E-09 1.1863E-09 1.2561E-09 1.3289E-09 1.4026E-09 1.4779E-09 1.5613E-09 1.6625E-09 1.7851E-09 1.9317E-09 2.1004E-09 2.2649E-09 2.4394E-09 2.6354E-09 2.8382E-09 3.0579E-09 3.2843E-09 3.5294E-09 3.7895E-09 4.0500E-09 4.3244E-09 4.6016E-09 4.8749E-09 5.1744E-09
1.6325E-10 1.7429E-10 1.8685E-10 1.9988E-10 2.1405E-10 2.2862E-10 2.4398E-10 2.6048E-10 2.7698E-10 2.9536E-10 3.1336E-10 3.3242E-10 3.5255E-10 3.7363E-10 3.9797E-10 4.2074E-10 4.4613E-10 4.7014E-10 4.9437E-10 5.2014E-10 5.4610E-10 5.7281E-10 6.0544E-10 6.3596E-10 6.6469E-10 6.9396E-10 7.2475E-10 7.5641E-10 8.2492E-10 8.7754E-10 9.5216E-10 1.0168E-09 1.0843E-09 1.1502E-09 1.2191E-09 1.2958E-09 1.3674E-09 1.4452E-09 1.5256E-09 1.6151E-09 1.7336E-09 1.8809E-09 2.0507E-09 2.2142E-09 2.3865E-09 2.5873E-09 2.7875E-09 3.0043E-09 3.2351E-09 3.4785E-09 3.7482E-09 4.0190E-09 4.2992E-09 4.5893E-09 4.8780E-09 5.1788E-09 5.5067E-09
1.6197E-10 1.7296E-10 1.8583E-10 1.9847E-10 2.1259E-10 2.2711E-10 2.4280E-10 2.5889E-10 2.7573E-10 2.9369E-10 3.1167E-10 3.3108E-10 3.5081E-10 3.7240E-10 3.9646E-10 4.1930E-10 4.4490E-10 4.6899E-10 4.9332E-10 5.1969E-10 5.4532E-10 5.7555E-10 6.0760E-10 6.3656E-10 6.6562E-10 6.9526E-10 7.2739E-10 7.8747E-10 8.3651E-10 9.0808E-10 9.7767E-10 1.0425E-09 1.1102E-09 1.1783E-09 1.2538E-09 1.3287E-09 1.4065E-09 1.4883E-09 1.5742E-09 1.6756E-09 1.8221E-09 1.9933E-09 2.1608E-09 2.3315E-09 2.5280E-09 2.7282E-09 2.9478E-09 3.1837E-09 3.4246E-09 3.6922E-09 3.9752E-09 4.2628E-09 4.5654E-09 4.8668E-09 5.1693E-09 5.5146E-09 5.8410E-09
1.6058E-10 1.7189E-10 1.8435E-10 1.9693E-10 2.1136E-10 2.2546E-10 2.4109E-10 2.5714E-10 2.7393E-10 2.9185E-10 3.0977E-10 3.2954E-10 3.4886E-10 3.7050E-10 3.9471E-10 4.1762E-10 4.4387E-10 4.6759E-10 4.9248E-10 5.1850E-10 5.4609E-10 5.7840E-10 6.0763E-10 6.3689E-10 6.6628E-10 6.9694E-10 7.4565E-10 8.0163E-10 8.6115E-10 9.3257E-10 9.9948E-10 1.0682E-09 1.1383E-09 1.2086E-09 1.2903E-09 1.3668E-09 1.4485E-09 1.5349E-09 1.6271E-09 1.7656E-09 1.9309E-09 2.0979E-09 2.2745E-09 2.4634E-09 2.6657E-09 2.8852E-09 3.1241E-09 3.3679E-09 3.6262E-09 3.9177E-09 4.2156E-09 4.5235E-09 4.8417E-09 5.1584E-09 5.4942E-09 5.8563E-09 6.2018E-09
1.5909E-10 1.7034E-10 1.8275E-10 1.9563E-10 2.0963E-10 2.2367E-10 2.3960E-10 2.5522E-10 2.7234E-10 2.8983E-10 3.0769E-10 3.2742E-10 3.4670E-10 3.6882E-10 3.9273E-10 4.1616E-10 4.4215E-10 4.6593E-10 4.9136E-10 5.1708E-10 5.4802E-10 5.7809E-10 6.0786E-10 6.3695E-10 6.6667E-10 6.9823E-10 7.6955E-10 8.2181E-10 8.8717E-10 9.5902E-10 1.0245E-09 1.0944E-09 1.1651E-09 1.2444E-09 1.3227E-09 1.4034E-09 1.4902E-09 1.5838E-09 1.7006E-09 1.8671E-09 2.0330E-09 2.2082E-09 2.3929E-09 2.5986E-09 2.8140E-09 3.0558E-09 3.3060E-09 3.5634E-09 3.8486E-09 4.1532E-09 4.4697E-09 4.8029E-09 5.1324E-09 5.4647E-09 5.8477E-09 6.2184E-09 6.5817E-09
1.5751E-10 1.6905E-10 1.8105E-10 1.9384E-10 2.0778E-10 2.2212E-10 2.3760E-10 2.5315E-10 2.7020E-10 2.8764E-10 3.0581E-10 3.2510E-10 3.4433E-10 3.6692E-10 3.9051E-10 4.1446E-10 4.4018E-10 4.6401E-10 4.8952E-10 5.1777E-10 5.4945E-10 5.7780E-10 6.0737E-10 6.3674E-10 6.6706E-10 7.3260E-10 7.8281E-10 8.3690E-10 9.0732E-10 9.7963E-10 1.0491E-09 1.1202E-09 1.1976E-09 1.2763E-09 1.3594E-09 1.4442E-09 1.5361E-09 1.6437E-09 1.8025E-09 1.9584E-09 2.1337E-09 2.3234E-09 2.5212E-09 2.7359E-09 2.9755E-09 3.2320E-09 3.4949E-09 3.7754E-09 4.0806E-09 4.4022E-09 4.7450E-09 5.0911E-09 5.4379E-09 5.8190E-09 6.2125E-09 6.5939E-09 6.9835E-09
1.5583E-10 1.6730E-10 1.7923E-10 1.9231E-10 2.0580E-10 2.2006E-10 2.3547E-10 2.5093E-10 2.6827E-10 2.8527E-10 3.0374E-10 3.2259E-10 3.4175E-10 3.6436E-10 3.8807E-10 4.1209E-10 4.3797E-10 4.6184E-10 4.8815E-10 5.1885E-10 5.4821E-10 5.7725E-10 6.0660E-10 6.3624E-10 6.8752E-10 7.4146E-10 7.9870E-10 8.5608E-10 9.3042E-10 1.0013E-09 1.0717E-09 1.1520E-09 1.2253E-09 1.3095E-09 1.3941E-09 1.4837E-09 1.5886E-09 1.7342E-09 1.8855E-09 2.0604E-09 2.2474E-09 2.4346E-09 2.6560E-09 2.8898E-09 3.1476E-09 3.4182E-09 3.6964E-09 3.9997E-09 4.3228E-09 4.6684E-09 5.0325E-09 5.3940E-09 5.7867E-09 6.1903E-09 6.5903E-09 6.9962E-09 7.4145E-09
1.5406E-10 1.6546E-10 1.7731E-10 1.9029E-10 2.0370E-10 2.1824E-10 2.3319E-10 2.4893E-10 2.6582E-10 2.8272E-10 3.0111E-10 3.1989E-10 3.3943E-10 3.6159E-10 3.8540E-10 4.0993E-10 4.3552E-10 4.5989E-10 4.8807E-10 5.1919E-10 5.4670E-10 5.7595E-10 6.0556E-10 6.4370E-10 7.0604E-10 7.5940E-10 8.0914E-10 8.7695E-10 9.5131E-10 1.0226E-09 1.0997E-09 1.1751E-09 1.2570E-09 1.3426E-09 1.4309E-09 1.5334E-09 1.6719E-09 1.8077E-09 1.9843E-09 2.1681E-09 2.3528E-09 2.5650E-09 2.7993E-09 3.0526E-09 3.3311E-09 3.6122E-09 3.9126E-09 4.2370E-09 4.5781E-09 4.9498E-09 5.3315E-09 5.7377E-09 6.1587E-09 6.5617E-09 6.9884E-09 7.4270E-09 7.8594E-09
1.5220E-10 1.6388E-10 1.7528E-10 1.8816E-10 2.0148E-10 2.1592E-10 2.3078E-10 2.4641E-10 2.6322E-10 2.8002E-10 2.9868E-10 3.1700E-10 3.3691E-10 3.5861E-10 3.8252E-10 4.0710E-10 4.3283E-10 4.5748E-10 4.8826E-10 5.1733E-10 5.4492E-10 5.7486E-10 6.0423E-10 6.6731E-10 7.1355E-10 7.6874E-10 8.2188E-10 8.9409E-10 9.7175E-10 1.0437E-09 1.1254E-09 1.2025E-09 1.2880E-09 1.3763E-09 1.4756E-09 1.5989E-09 1.7386E-09 1.9179E-09 2.0925E-09 2.2686E-09 2.4760E-09 2.7045E-09 2.9503E-09 3.2345E-09 3.5166E-09 3.8162E-09 4.1445E-09 4.4837E-09 4.8511E-09 5.2687E-09 5.6715E-09 6.1041E-09 6.5234E-09 6.9561E-09 7.4132E-09 7.8755E-09 8.3239E-09
1.5025E-10 1.6186E-10 1.7315E-10 1.8629E-10 1.9914E-10 2.1348E-10 2.2824E-10 2.4413E-10 2.6046E-10 2.7715E-10 2.9573E-10 3.1393E-10 3.3375E-10 3.5543E-10 3.7990E-10 4.0405E-10 4.2990E-10 4.5687E-10 4.8784E-10 5.1514E-10 5.4338E-10 5.7304E-10 6.1106E-10 6.7345E-10 7.2922E-10 7.7798E-10 8.3806E-10 9.1698E-10 9.9097E-10 1.0683E-09 1.1480E-09 1.2292E-09 1.3170E-09 1.4112E-09 1.5186E-09 1.6778E-09 1.8410E-09 2.0155E-09 2.1888E-09 2.3855E-09 2.6055E-09 2.8450E-09 3.1287E-09 3.4107E-09 3.7116E-09 4.0424E-09 4.3820E-09 4.7434E-09 5.1615E-09 5.5805E-09 6.0299E-09 6.4793E-09 6.9133E-09 7.3724E-09 7.8588E-09 8.3400E-09 8.8052E-09
1.4861E-10 1.5974E-10 1.7093E-10 1.8397E-10 1.9669E-10 2.1129E-10 2.2557E-10 2.4134E-10 2.5756E-10 2.7451E-10 2.9261E-10 3.1069E-10 3.3085E-10 3.5206E-10 3.7706E-10 4.0078E-10 4.2687E-10 4.5620E-10 4.8570E-10 5.1270E-10 5.4109E-10 5.7094E-10 6.3408E-10 6.7984E-10 7.3773E-10 7.8679E-10 8.5622E-10 9.3585E-10 1.0144E-09 1.0909E-09 1.1715E-09 1.2565E-09 1.3485E-09 1.4510E-09 1.6050E-09 1.7613E-09 1.9265E-09 2.1089E-09 2.2971E-09 2.5071E-09 2.7384E-09 3.0107E-09 3.2957E-09 3.5956E-09 3.9282E-09 4.2699E-09 4.6320E-09 5.0426E-09 5.4677E-09 5.9327E-09 6.3994E-09 6.8583E-09 7.3231E-09 7.8119E-09 8.3237E-09 8.8261E-09 9.3082E-09
1.4652E-10 1.5754E-10 1.6899E-10 1.8155E-10 1.9414E-10 2.0863E-10 2.2278E-10 2.3843E-10 2.5452E-10 2.7134E-10 2.8932E-10 3.0727E-10 3.2733E-10 3.4850E-10 3.7357E-10 3.9730E-10 4.2453E-10 4.5573E-10 4.8290E-10 5.1001E-10 5.3902E-10 5.8459E-10 6.3915E-10 6.9392E-10 7.4379E-10 7.9969E-10 8.7392E-10 9.5338E-10 1.0339E-09 1.1120E-09 1.1954E-09 1.2848E-09 1.3865E-09 1.5153E-09 1.6811E-09 1.8428E-09 2.0189E-09 2.2095E-09 2.4084E-09 2.6396E-09 2.8928E-09 3.1724E-09 3.4735E-09 3.8019E-09 4.1446E-09 4.5093E-09 4.9129E-09 5.3520E-09 5.8102E-09 6.2863E-09 6.7785E-09 7.2636E-09 7.7506E-09 8.2695E-09 8.8090E-09 9.3291E-09 9.8322E-09
1.4435E-10 1.5526E-10 1.6659E-10 1.7903E-10 1.9186E-10 2.0586E-10 2.1987E-10 2.3577E-10 2.5134E-10 2.6804E-10 2.8589E-10 3.0369E-10 3.2364E-10 3.4475E-10 3.6988E-10 3.9362E-10 4.2345E-10 4.5362E-10 4.7986E-10 5.0706E-10 5.3621E-10 5.9902E-10 6.4642E-10 6.9935E-10 7.5014E-10 8.1274E-10 8.8868E-10 9.7232E-10 1.0504E-09 1.1326E-09 1.2195E-09 1.3128E-09 1.4269E-09 1.5979E-09 1.7622E-09 1.9233E-09 2.1196E-09 2.3161E-09 2.5319E-09 2.7752E-09 3.0432E-09 3.3466E-09 3.6653E-09 4.0065E-09 4.3722E-09 4.7716E-09 5.2063E-09 5.6710E-09 6.1533E-09 6.6715E-09 7.1739E-09 7.6853E-09 8.1980E-09 8.7512E-09 9.3105E-09 9.8523E-09 1.0376E-08
1.4211E-10 1.5290E-10 1.6411E-10 1.7643E-10 1.8912E-10 2.0298E-10 2.1684E-10 2.3261E-10 2.4803E-10 2.6498E-10 2.8230E-10 3.0041E-10 3.1979E-10 3.4083E-10 3.6645E-10 3.9015E-10 4.2181E-10 4.5035E-10 4.7659E-10 5.0386E-10 5.4183E-10 6.0286E-10 6.5729E-10 7.0585E-10 7.5947E-10 8.2331E-10 9.0462E-10 9.8998E-10 1.0686E-09 1.1530E-09 1.2434E-09 1.3560E-09 1.5078E-09 1.6680E-09 1.8340E-09 2.0228E-09 2.2172E-09 2.4305E-09 2.6588E-09 2.9087E-09 3.2053E-09 3.5189E-09 3.8573E-09 4.2210E-09 4.6223E-09 5.0585E-09 5.5213E-09 6.0008E-09 6.5271E-09 7.0505E-09 7.5880E-09 8.1231E-09 8.6692E-09 9.2471E-09 9.8290E-09 1.0394E-08 1.0937E-08
1.4017E-10 1.5047E-10 1.6156E-10 1.7374E-10 1.8629E-10 2.0000E-10 2.1372E-10 2.2935E-10 2.4460E-10 2.6140E-10 2.7858E-10 2.9653E-10 3.1577E-10 3.3673E-10 3.6238E-10 3.8712E-10 4.1965E-10 4.4679E-10 4.7308E-10 5.0040E-10 5.6259E-10 6.0702E-10 6.6103E-10 7.1104E-10 7.6809E-10 8.3617E-10 9.2725E-10 1.0051E-09 1.0862E-09 1.1738E-09 1.2814E-09 1.4066E-09 1.5748E-09 1.7333E-09 1.9242E-09 2.1073E-09 2.3313E-09 2.5469E-09 2.7777E-09 3.0566E-09 3.3645E-09 3.6980E-09 4.0574E-09 4.4577E-09 4.8940E-09 5.3581E-09 5.8358E-09 6.3611E-09 6.9035E-09 7.4542E-09 8.0171E-09 8.5825E-09 9.1549E-09 9.7594E-09 1.0365E-08 1.0953E-08 1.1513E-08
1.3781E-10 1.4798E-10 1.5930E-10 1.7097E-10 1.8338E-10 1.9693E-10 2.1088E-10 2.2597E-10 2.4106E-10 2.5771E-10 2.7472E-10 2.9251E-10 3.1160E-10 3.3294E-10 3.5822E-10 3.8456E-10 4.1707E-10 4.4301E-10 4.6932E-10 5.0517E-10 5.6523E-10 6.1511E-10 6.6430E-10 7.1585E-10 7.7503E-10 8.4954E-10 9.4158E-10 1.0204E-09 1.1033E-09 1.2037E-09 1.3217E-09 1.4763E-09 1.6332E-09 1.8237E-09 1.9952E-09 2.2186E-09 2.4345E-09 2.6547E-09 2.9120E-09 3.2016E-09 3.5299E-09 3.8876E-09 4.2794E-09 4.6921E-09 5.1768E-09 5.6684E-09 6.1803E-09 6.7224E-09 7.2836E-09 7.8716E-09 8.4690E-09 9.0534E-09 9.6555E-09 1.0285E-08 1.0917E-08 1.1525E-08 1.2104E-08
1.3539E-10 1.4543E-10 1.5660E-10 1.6813E-10 1.8075E-10 1.9377E-10 2.0756E-10 2.2249E-10 2.3742E-10 2.5426E-10 2.7073E-10 2.8882E-10 3.0728E-10 3.2852E-10 3.5411E-10 3.8183E-10 4.1329E-10 4.3901E-10 4.6533E-10 5.1354E-10 5.6432E-10 6.2101E-10 6.6738E-10 7.2123E-10 7.8348E-10 8.6734E-10 9.5313E-10 1.0341E-09 1.1239E-09 1.2432E-09 1.3648E-09 1.5288E-09 1.7155E-09 1.8889E-09 2.0813E-09 2.3084E-09 2.5338E-09 2.7767E-09 3.0421E-09 3.3523E-09 3.7047E-09 4.0897E-09 4.4978E-09 4.9577E-09 5.4662E-09 5.9797E-09 6.5208E-09 7.0852E-09 7.6859E-09 8.3155E-09 8.9299E-09 9.5413E-09 1.0165E-08 1.0825E-08 1.1481E-08 1.2112E-08 1.2708E-08
1.3291E-10 1.4283E-10 1.5384E-10 1.6521E-10 1.7769E-10 1.9054E-10 2.0416E-10 2.1892E-10 2.3367E-10 2.5033E-10 2.6662E-10 2.8454E-10 3.0282E-10 3.2395E-10 3.5041E-10 3.7878E-10 4.0910E-10 4.3478E-10 4.6110E-10 5.2221E-10 5.6933E-10 6.2132E-10 6.7042E-10 7.2792E-10 7.9054E-10 8.8510E-10 9.6533E-10 1.0483E-09 1.1563E-09 1.2749E-09 1.4135E-09 1.6071E-09 1.7782E-09 1.9632E-09 2.1743E-09 2.4005E-09 2.6386E-09 2.8928E-09 3.1773E-09 3.5076E-09 3.8902E-09 4.2914E-09 4.7340E-09 5.2450E-09 5.7587E-09 6.3009E-09 6.8674E-09 7.4688E-09 8.1138E-09 8.7596E-09 9.3973E-09 1.0032E-08 1.0687E-08 1.1376E-08 1.2058E-08 1.2710E-08 1.3322E-08
1.3040E-10 1.4017E-10 1.5103E-10 1.6224E-10 1.7455E-10 1.8723E-10 2.0067E-10 2.1525E-10 2.2983E-10 2.4630E-10 2.6240E-10 2.8014E-10 2.9823E-10 3.1927E-10 3.4661E-10 3.7496E-10 4.0515E-10 4.3033E-10 4.6479E-10 5.2414E-10 5.7405E-10 6.2300E-10 6.7335E-10 7.3172E-10 8.0021E-10 8.9350E-10 9.7719E-10 1.0751E-09 1.1841E-09 1.3061E-09 1.4792E-09 1.6614E-09 1.8483E-09 2.0469E-09 2.2579E-09 2.4928E-09 2.7491E-09 3.0126E-09 3.3165E-09 3.6797E-09 4.0743E-09 4.4988E-09 5.0001E-09 5.5169E-09 6.0598E-09 6.6302E-09 7.2297E-09 7.8767E-09 8.5393E-09 9.2060E-09 9.8711E-09 1.0532E-08 1.1217E-08 1.1938E-08 1.2644E-08 1.3315E-08 1.3940E-08
1.2784E-10 1.3747E-10 1.4815E-10 1.5921E-10 1.7134E-10 1.8385E-10 1.9711E-10 2.1151E-10 2.2589E-10 2.4216E-10 2.5808E-10 2.7563E-10 2.9351E-10 3.1507E-10 3.4310E-10 3.7086E-10 4.0056E-10 4.2567E-10 4.7234E-10 5.2192E-10 5.7853E-10 6.2439E-10 6.7668E-10 7.3777E-10 8.1310E-10 9.0346E-10 9.9391E-10 1.0989E-09 1.2152E-09 1.3469E-09 1.5368E-09 1.7257E-09 1.9170E-09 2.1142E-09 2.3362E-09 2.5974E-09 2.8549E-09 3.1358E-09 3.4712E-09 3.8451E-09 4.2632E-09 4.7297E-09 5.2531E-09 5.7961E-09 6.3708E-09 6.9785E-09 7.6147E-09 8.2799E-09 8.9648E-09 9.6599E-09 1.0352E-08 1.1039E-08 1.1755E-08 1.2507E-08 1.3237E-08 1.3924E-08 1.4561E-08
1.2524E-10 1.3471E-10 1.4523E-10 1.5612E-10 1.6808E-10 1.8041E-10 1.9347E-10 2.0769E-10 2.2226E-10 2.3795E-10 2.5366E-10 2.7145E-10 2.8868E-10 3.1035E-10 3.3925E-10 3.6632E-10 3.9576E-10 4.2079E-10 4.7992E-10 5.2550E-10 5.7722E-10 6.2553E-10 6.7920E-10 7.4444E-10 8.2108E-10 9.1532E-10 1.0172E-09 1.1244E-09 1.2384E-09 1.4107E-09 1.5947E-09 1.7887E-09 1.9799E-09 2.1832E-09 2.4317E-09 2.6939E-09 2.9630E-09 3.2732E-09 3.6181E-09 4.0144E-09 4.4597E-09 4.9730E-09 5.5125E-09 6.0838E-09 6.6909E-09 7.3302E-09 7.9929E-09 8.6808E-09 9.3960E-09 1.0119E-08 1.0836E-08 1.1550E-08 1.2300E-08 1.3081E-08 1.3831E-08 1.4533E-08 1.5182E-08
1.2260E-10 1.3192E-10 1.4227E-10 1.5299E-10 1.6476E-10 1.7691E-10 1.9015E-10 2.0380E-10 2.1816E-10 2.3365E-10 2.4914E-10 2.6672E-10 2.8375E-10 3.0591E-10 3.3521E-10 3.6132E-10 3.9078E-10 4.2374E-10 4.8010E-10 5.2884E-10 5.7742E-10 6.2468E-10 6.8075E-10 7.5072E-10 8.2942E-10 9.2746E-10 1.0350E-09 1.1424E-09 1.2826E-09 1.4552E-09 1.6526E-09 1.8458E-09 2.0373E-09 2.2515E-09 2.5169E-09 2.7891E-09 3.0768E-09 3.4020E-09 3.7675E-09 4.1864E-09 4.6633E-09 5.2107E-09 5.7758E-09 6.3750E-09 7.0209E-09 7.6818E-09 8.3660E-09 9.0851E-09 9.8297E-09 1.0579E-08 1.1320E-08 1.2063E-08 1.2847E-08 1.3654E-08 1.4422E-08 1.5140E-08 1.5799E-08
1.1993E-10 1.2910E-10 1.3928E-10 1.4981E-10 1.6141E-10 1.7336E-10 1.8640E-10 1.9984E-10 2.1399E-10 2.2928E-10 2.4454E-10 2.6191E-10 2.7872E-10 3.0135E-10 3.3079E-10 3.5615E-10 3.8560E-10 4.3032E-10 4.7660E-10 5.3171E-10 5.7708E-10 6.2535E-10 6.8163E-10 7.5378E-10 8.3703E-10 9.4588E-10 1.0517E-09 1.1615E-09 1.3273E-09 1.5131E-09 1.7040E-09 1.8958E-09 2.0961E-09 2.3375E-09 2.6027E-09 2.8841E-09 3.1960E-09 3.5318E-09 3.9187E-09 4.3724E-09 4.8721E-09 5.4453E-09 6.0413E-09 6.6822E-09 7.3450E-09 8.0267E-09 8.7403E-09 9.4905E-09 1.0262E-08 1.1036E-08 1.1804E-08 1.2575E-08 1.3392E-08 1.4221E-08 1.5008E-08 1.5740E-08 1.6406E-08
