Assets/Resources/2015_m01_d03_2200(utc+0800)_l00_csi_1hr_conc.grd
DSAA
         159         159
     -79.000      79.000
     -79.000      79.000
  0.2135E-10  0.7436E-05
[rows 25 to 49 of 159, columns 57 to 113 of 159]
1.8671E-10 1.9057E-10 1.9447E-10 1.9821E-10 2.0196E-10 2.0594E-10 2.0994E-10 2.1397E-10 2.1781E-10 2.2188E-10 2.2596E-10 2.2986E-10 2.3377E-10 2.3768E-10 2.4195E-10 2.4589E-10 2.4983E-10 2.5377E-10 2.5771E-10 2.6164E-10 2.6557E-10 2.6949E-10 2.7340E-10 2.7730E-10 2.8119E-10 2.8505E-10 2.8890E-10 2.9273E-10 2.9654E-10 3.0031E-10 3.0407E-10 3.0779E-10 3.1147E-10 3.1513E-10 3.1874E-10 3.2232E-10 3.2586E-10 3.2935E-10 3.3282E-10 3.3632E-10 3.3983E-10 3.4332E-10 3.4683E-10 3.5031E-10 3.5378E-10 3.5721E-10 3.6059E-10 3.6392E-10 3.6718E-10 3.7040E-10 3.7353E-10 3.7658E-10 3.7948E-10 3.8217E-10 3.8462E-10 3.8696E-10 3.8926E-10
1.9090E-10 1.9486E-10 1.9865E-10 2.0267E-10 2.0671E-10 2.1078E-10 2.1468E-10 2.1860E-10 2.2274E-10 2.2690E-10 2.3088E-10 2.3487E-10 2.3887E-10 2.4322E-10 2.4725E-10 2.5128E-10 2.5531E-10 2.5934E-10 2.6337E-10 2.6740E-10 2.7142E-10 2.7544E-10 2.7944E-10 2.8343E-10 2.8741E-10 2.9137E-10 2.9531E-10 2.9923E-10 3.0312E-10 3.0699E-10 3.1083E-10 3.1464E-10 3.1842E-10 3.2216E-10 3.2586E-10 3.2953E-10 3.3315E-10 3.3672E-10 3.4026E-10 3.4383E-10 3.4739E-10 3.5096E-10 3.5452E-10 3.5805E-10 3.6157E-10 3.6505E-10 3.6848E-10 3.7186E-10 3.7517E-10 3.7841E-10 3.8158E-10 3.8466E-10 3.8760E-10 3.9035E-10 3.9283E-10 3.9516E-10 3.9742E-10
1.9515E-10 1.9900E-10 2.0308E-10 2.0719E-10 2.1133E-10 2.1529E-10 2.1928E-10 2.2350E-10 2.2773E-10 2.3179E-10 2.3586E-10 2.3994E-10 2.4438E-10 2.4849E-10 2.5261E-10 2.5674E-10 2.6086E-10 2.6499E-10 2.6911E-10 2.7324E-10 2.7735E-10 2.8146E-10 2.8556E-10 2.8964E-10 2.9371E-10 2.9776E-10 3.0180E-10 3.0581E-10 3.0980E-10 3.1376E-10 3.1769E-10 3.2159E-10 3.2546E-10 3.2929E-10 3.3308E-10 3.3683E-10 3.4054E-10 3.4420E-10 3.4782E-10 3.5145E-10 3.5507E-10 3.5871E-10 3.6232E-10 3.6591E-10 3.6948E-10 3.7301E-10 3.7649E-10 3.7992E-10 3.8327E-10 3.8655E-10 3.8975E-10 3.9286E-10 3.9585E-10 3.9864E-10 4.0117E-10 4.0350E-10 4.0573E-10
1.9925E-10 2.0339E-10 2.0756E-10 2.1177E-10 2.1580E-10 2.2006E-10 2.2435E-10 2.2846E-10 2.3259E-10 2.3674E-10 2.4124E-10 2.4543E-10 2.4963E-10 2.5383E-10 2.5805E-10 2.6226E-10 2.6648E-10 2.7071E-10 2.7493E-10 2.7914E-10 2.8335E-10 2.8756E-10 2.9175E-10 2.9593E-10 3.0009E-10 3.0424E-10 3.0837E-10 3.1247E-10 3.1656E-10 3.2061E-10 3.2464E-10 3.2863E-10 3.3259E-10 3.3651E-10 3.4039E-10 3.4423E-10 3.4803E-10 3.5178E-10 3.5548E-10 3.5918E-10 3.6287E-10 3.6656E-10 3.7023E-10 3.7388E-10 3.7750E-10 3.8109E-10 3.8463E-10 3.8810E-10 3.9149E-10 3.9480E-10 3.9804E-10 4.0119E-10 4.0423E-10 4.0706E-10 4.0963E-10 4.1196E-10 4.1418E-10
2.0361E-10 2.0784E-10 2.1211E-10 2.1621E-10 2.2054E-10 2.2489E-10 2.2908E-10 2.3328E-10 2.3750E-10 2.4209E-10 2.4636E-10 2.5064E-10 2.5493E-10 2.5923E-10 2.6354E-10 2.6786E-10 2.7217E-10 2.7649E-10 2.8081E-10 2.8512E-10 2.8943E-10 2.9373E-10 2.9802E-10 3.0229E-10 3.0656E-10 3.1080E-10 3.1502E-10 3.1923E-10 3.2340E-10 3.2755E-10 3.3167E-10 3.3576E-10 3.3981E-10 3.4382E-10 3.4780E-10 3.5173E-10 3.5562E-10 3.5946E-10 3.6325E-10 3.6701E-10 3.7077E-10 3.7452E-10 3.7825E-10 3.8197E-10 3.8565E-10 3.8929E-10 3.9288E-10 3.9640E-10 3.9984E-10 4.0319E-10 4.0647E-10 4.0965E-10 4.1272E-10 4.1559E-10 4.1858E-10 4.2236E-10 4.2460E-10
2.0821E-10 2.1235E-10 2.1651E-10 2.2090E-10 2.2533E-10 2.2958E-10 2.3386E-10 2.3816E-10 2.4283E-10 2.4717E-10 2.5154E-10 2.5591E-10 2.6030E-10 2.6470E-10 2.6910E-10 2.7352E-10 2.7793E-10 2.8235E-10 2.8676E-10 2.9117E-10 2.9558E-10 2.9998E-10 3.0436E-10 3.0874E-10 3.1310E-10 3.1744E-10 3.2176E-10 3.2606E-10 3.3033E-10 3.3458E-10 3.3879E-10 3.4297E-10 3.4712E-10 3.5123E-10 3.5530E-10 3.5932E-10 3.6330E-10 3.6723E-10 3.7111E-10 3.7494E-10 3.7878E-10 3.8260E-10 3.8640E-10 3.9017E-10 3.9390E-10 3.9760E-10 4.0124E-10 4.0481E-10 4.0831E-10 4.1171E-10 4.1502E-10 4.1823E-10 4.2310E-10 4.2608E-10 4.2881E-10 4.3124E-10 4.3347E-10
2.1248E-10 2.1670E-10 2.2116E-10 2.2565E-10 2.2998E-10 2.3432E-10 2.3904E-10 2.4344E-10 2.4787E-10 2.5231E-10 2.5677E-10 2.6124E-10 2.6573E-10 2.7023E-10 2.7473E-10 2.7924E-10 2.8375E-10 2.8827E-10 2.9278E-10 2.9729E-10 3.0180E-10 3.0630E-10 3.1078E-10 3.1526E-10 3.1972E-10 3.2416E-10 3.2858E-10 3.3297E-10 3.3734E-10 3.4169E-10 3.4600E-10 3.5028E-10 3.5452E-10 3.5873E-10 3.6289E-10 3.6701E-10 3.7108E-10 3.7510E-10 3.7907E-10 3.8299E-10 3.8690E-10 3.9078E-10 3.9465E-10 3.9849E-10 4.0228E-10 4.0603E-10 4.0973E-10 4.1335E-10 4.1690E-10 4.2069E-10 4.2548E-10 4.2877E-10 4.3195E-10 4.3499E-10 4.3777E-10 4.4025E-10 4.4248E-10
2.1679E-10 2.2131E-10 2.2587E-10 2.3026E-10 2.3467E-10 2.3946E-10 2.4394E-10 2.4844E-10 2.5296E-10 2.5750E-10 2.6206E-10 2.6663E-10 2.7122E-10 2.7581E-10 2.8042E-10 2.8503E-10 2.8964E-10 2.9426E-10 2.9887E-10 3.0349E-10 3.0809E-10 3.1269E-10 3.1728E-10 3.2185E-10 3.2641E-10 3.3095E-10 3.3547E-10 3.3997E-10 3.4444E-10 3.4888E-10 3.5329E-10 3.5767E-10 3.6201E-10 3.6631E-10 3.7057E-10 3.7478E-10 3.7895E-10 3.8307E-10 3.8713E-10 3.9113E-10 3.9511E-10 3.9908E-10 4.0302E-10 4.0691E-10 4.1077E-10 4.1458E-10 4.1833E-10 4.2236E-10 4.2740E-10 4.3095E-10 4.3438E-10 4.3772E-10 4.4094E-10 4.4402E-10 4.4685E-10 4.4939E-10 4.5162E-10
2.2155E-10 2.2597E-10 2.3043E-10 2.3491E-10 2.3977E-10 2.4432E-10 2.4889E-10 2.5349E-10 2.5811E-10 2.6275E-10 2.6741E-10 2.7208E-10 2.7677E-10 2.8146E-10 2.8617E-10 2.9088E-10 2.9560E-10 3.0031E-10 3.0503E-10 3.0974E-10 3.1445E-10 3.1915E-10 3.2384E-10 3.2852E-10 3.3318E-10 3.3783E-10 3.4245E-10 3.4705E-10 3.5162E-10 3.5616E-10 3.6067E-10 3.6515E-10 3.6959E-10 3.7399E-10 3.7834E-10 3.8265E-10 3.8691E-10 3.9112E-10 3.9528E-10 3.9938E-10 4.0343E-10 4.0748E-10 4.1148E-10 4.1545E-10 4.1938E-10 4.2360E-10 4.2886E-10 4.3265E-10 4.3634E-10 4.3994E-10 4.4343E-10 4.4681E-10 4.5006E-10 4.5318E-10 4.5606E-10 4.5866E-10 4.6092E-10
2.2597E-10 2.3048E-10 2.3503E-10 2.3996E-10 2.4458E-10 2.4923E-10 2.5390E-10 2.5860E-10 2.6332E-10 2.6806E-10 2.7281E-10 2.7759E-10 2.8237E-10 2.8717E-10 2.9198E-10 2.9679E-10 3.0161E-10 3.0643E-10 3.1125E-10 3.1607E-10 3.2088E-10 3.2569E-10 3.3048E-10 3.3526E-10 3.4003E-10 3.4477E-10 3.4950E-10 3.5420E-10 3.5887E-10 3.6352E-10 3.6813E-10 3.7271E-10 3.7725E-10 3.8175E-10 3.8620E-10 3.9061E-10 3.9497E-10 3.9928E-10 4.0353E-10 4.0772E-10 4.1186E-10 4.1598E-10 4.2006E-10 4.2586E-10 4.2990E-10 4.3389E-10 4.3781E-10 4.4165E-10 4.4541E-10 4.4906E-10 4.5260E-10 4.5602E-10 4.5931E-10 4.6245E-10 4.6541E-10 4.6807E-10 4.7038E-10
2.3042E-10 2.3503E-10 2.4003E-10 2.4472E-10 2.4943E-10 2.5418E-10 2.5895E-10 2.6375E-10 2.6857E-10 2.7341E-10 2.7827E-10 2.8315E-10 2.8804E-10 2.9294E-10 2.9785E-10 3.0277E-10 3.0769E-10 3.1262E-10 3.1754E-10 3.2246E-10 3.2738E-10 3.3229E-10 3.3719E-10 3.4208E-10 3.4695E-10 3.5180E-10 3.5663E-10 3.6143E-10 3.6621E-10 3.7096E-10 3.7567E-10 3.8035E-10 3.8499E-10 3.8959E-10 3.9415E-10 3.9866E-10 4.0311E-10 4.0752E-10 4.1187E-10 4.1616E-10 4.2039E-10 4.2494E-10 4.3055E-10 4.3472E-10 4.3884E-10 4.4289E-10 4.4688E-10 4.5079E-10 4.5460E-10 4.5831E-10 4.6190E-10 4.6536E-10 4.6868E-10 4.7188E-10 4.7489E-10 4.7760E-10 4.7996E-10
2.3526E-10 2.3998E-10 2.4473E-10 2.4952E-10 2.5434E-10 2.5918E-10 2.6406E-10 2.6896E-10 2.7388E-10 2.7882E-10 2.8378E-10 2.8876E-10 2.9376E-10 2.9876E-10 3.0378E-10 3.0880E-10 3.1383E-10 3.1886E-10 3.2389E-10 3.2892E-10 3.3395E-10 3.3896E-10 3.4397E-10 3.4896E-10 3.5394E-10 3.5889E-10 3.6383E-10 3.6874E-10 3.7362E-10 3.7848E-10 3.8330E-10 3.8808E-10 3.9282E-10 3.9753E-10 4.0218E-10 4.0679E-10 4.1135E-10 4.1585E-10 4.2030E-10 4.2504E-10 4.3081E-10 4.3515E-10 4.3945E-10 4.4370E-10 4.4789E-10 4.5202E-10 4.5607E-10 4.6004E-10 4.6392E-10 4.6768E-10 4.7132E-10 4.7482E-10 4.7820E-10 4.8143E-10 4.8448E-10 4.8726E-10 4.8968E-10
2.3981E-10 2.4463E-10 2.4948E-10 2.5437E-10 2.5928E-10 2.6423E-10 2.6921E-10 2.7421E-10 2.7923E-10 2.8428E-10 2.8935E-10 2.9443E-10 2.9953E-10 3.0464E-10 3.0976E-10 3.1489E-10 3.2003E-10 3.2517E-10 3.3031E-10 3.3544E-10 3.4058E-10 3.4570E-10 3.5081E-10 3.5591E-10 3.6100E-10 3.6606E-10 3.7110E-10 3.7612E-10 3.8111E-10 3.8607E-10 3.9100E-10 3.9588E-10 4.0073E-10 4.0554E-10 4.1030E-10 4.1501E-10 4.1967E-10 4.2427E-10 4.3061E-10 4.3516E-10 4.3964E-10 4.4406E-10 4.4845E-10 4.5278E-10 4.5705E-10 4.6126E-10 4.6538E-10 4.6941E-10 4.7335E-10 4.7717E-10 4.8087E-10 4.8442E-10 4.8784E-10 4.9111E-10 4.9420E-10 4.9703E-10 4.9953E-10
2.4441E-10 2.4932E-10 2.5427E-10 2.5926E-10 2.6428E-10 2.6932E-10 2.7440E-10 2.7951E-10 2.8464E-10 2.8979E-10 2.9496E-10 3.0015E-10 3.0536E-10 3.1057E-10 3.1580E-10 3.2104E-10 3.2629E-10 3.3153E-10 3.3678E-10 3.4203E-10 3.4727E-10 3.5250E-10 3.5772E-10 3.6293E-10 3.6812E-10 3.7330E-10 3.7845E-10 3.8357E-10 3.8867E-10 3.9374E-10 3.9877E-10 4.0377E-10 4.0872E-10 4.1363E-10 4.1850E-10 4.2331E-10 4.2985E-10 4.3462E-10 4.3933E-10 4.4398E-10 4.4857E-10 4.5309E-10 4.5756E-10 4.6198E-10 4.6633E-10 4.7061E-10 4.7480E-10 4.7890E-10 4.8290E-10 4.8679E-10 4.9054E-10 4.9415E-10 4.9761E-10 5.0091E-10 5.0404E-10 5.0695E-10 5.0951E-10
2.4904E-10 2.5405E-10 2.5910E-10 2.6419E-10 2.6931E-10 2.7446E-10 2.7964E-10 2.8485E-10 2.9009E-10 2.9534E-10 3.0062E-10 3.0592E-10 3.1123E-10 3.1656E-10 3.2190E-10 3.2725E-10 3.3260E-10 3.3796E-10 3.4331E-10 3.4867E-10 3.5402E-10 3.5936E-10 3.6470E-10 3.7002E-10 3.7532E-10 3.8060E-10 3.8586E-10 3.9110E-10 3.9631E-10 4.0148E-10 4.0662E-10 4.1173E-10 4.1679E-10 4.2181E-10 4.2853E-10 4.3351E-10 4.3845E-10 4.4332E-10 4.4814E-10 4.5290E-10 4.5759E-10 4.6221E-10 4.6678E-10 4.7128E-10 4.7572E-10 4.8007E-10 4.8434E-10 4.8851E-10 4.9258E-10 4.9653E-10 5.0034E-10 5.0400E-10 5.0750E-10 5.1085E-10 5.1403E-10 5.1699E-10 5.1961E-10
2.5370E-10 2.5882E-10 2.6397E-10 2.6916E-10 2.7438E-10 2.7964E-10 2.8493E-10 2.9024E-10 2.9558E-10 3.0095E-10 3.0633E-10 3.1174E-10 3.1716E-10 3.2260E-10 3.2805E-10 3.3350E-10 3.3897E-10 3.4444E-10 3.4990E-10 3.5537E-10 3.6083E-10 3.6629E-10 3.7173E-10 3.7717E-10 3.8258E-10 3.8798E-10 3.9335E-10 3.9869E-10 4.0401E-10 4.0930E-10 4.1455E-10 4.1976E-10 4.2493E-10 4.3185E-10 4.3700E-10 4.4209E-10 4.4713E-10 4.5212E-10 4.5704E-10 4.6190E-10 4.6670E-10 4.7143E-10 4.7609E-10 4.8069E-10 4.8521E-10 4.8965E-10 4.9399E-10 4.9824E-10 5.0237E-10 5.0638E-10 5.1025E-10 5.1397E-10 5.1752E-10 5.2092E-10 5.2413E-10 5.2714E-10 5.2983E-10
2.5840E-10 2.6362E-10 2.6888E-10 2.7417E-10 2.7950E-10 2.8486E-10 2.9025E-10 2.9567E-10 3.0112E-10 3.0659E-10 3.1209E-10 3.1760E-10 3.2314E-10 3.2868E-10 3.3424E-10 3.3981E-10 3.4539E-10 3.5097E-10 3.5655E-10 3.6213E-10 3.6771E-10 3.7327E-10 3.7883E-10 3.8438E-10 3.8990E-10 3.9541E-10 4.0090E-10 4.0636E-10 4.1179E-10 4.1718E-10 4.2255E-10 4.2963E-10 4.3498E-10 4.4029E-10 4.4554E-10 4.5075E-10 4.5590E-10 4.6100E-10 4.6603E-10 4.7100E-10 4.7591E-10 4.8074E-10 4.8550E-10 4.9019E-10 4.9480E-10 4.9933E-10 5.0404E-10 5.0865E-10 5.1294E-10 5.1696E-10 5.2072E-10 5.2424E-10 5.2768E-10 5.3111E-10 5.3437E-10 5.3742E-10 5.4017E-10
2.6314E-10 2.6846E-10 2.7382E-10 2.7921E-10 2.8465E-10 2.9012E-10 2.9561E-10 3.0114E-10 3.0670E-10 3.1228E-10 3.1789E-10 3.2352E-10 3.2916E-10 3.3482E-10 3.4049E-10 3.4617E-10 3.5186E-10 3.5756E-10 3.6325E-10 3.6895E-10 3.7463E-10 3.8032E-10 3.8599E-10 3.9165E-10 3.9729E-10 4.0291E-10 4.0851E-10 4.1408E-10 4.1963E-10 4.2549E-10 4.3241E-10 4.3792E-10 4.4338E-10 4.4880E-10 4.5417E-10 4.5949E-10 4.6475E-10 4.6996E-10 4.7511E-10 4.8019E-10 4.8729E-10 4.9358E-10 4.9890E-10 5.0488E-10 5.1003E-10 5.1537E-10 5.2028E-10 5.2486E-10 5.2918E-10 5.3333E-10 5.3730E-10 5.4105E-10 5.4450E-10 5.4768E-10 5.5035E-10 5.5215E-10 5.5331E-10
2.6791E-10 2.7333E-10 2.7879E-10 2.8430E-10 2.8984E-10 2.9541E-10 3.0102E-10 3.0666E-10 3.1232E-10 3.1802E-10 3.2373E-10 3.2947E-10 3.3523E-10 3.4100E-10 3.4679E-10 3.5258E-10 3.5838E-10 3.6419E-10 3.7000E-10 3.7581E-10 3.8162E-10 3.8742E-10 3.9320E-10 3.9898E-10 4.0474E-10 4.1047E-10 4.1619E-10 4.2187E-10 4.2929E-10 4.3499E-10 4.4065E-10 4.4627E-10 4.5185E-10 4.5739E-10 4.6288E-10 4.6831E-10 4.7577E-10 4.8282E-10 4.8958E-10 4.9546E-10 5.0730E-10 5.1395E-10 5.1952E-10 5.2493E-10 5.3017E-10 5.3522E-10 5.4007E-10 5.4469E-10 5.4910E-10 5.5326E-10 5.5718E-10 5.6083E-10 5.6420E-10 5.6661E-10 5.6783E-10 5.6856E-10 5.6885E-10
2.7271E-10 2.7823E-10 2.8380E-10 2.8941E-10 2.9506E-10 3.0074E-10 3.0646E-10 3.1221E-10 3.1799E-10 3.2379E-10 3.2962E-10 3.3547E-10 3.4134E-10 3.4723E-10 3.5313E-10 3.5904E-10 3.6496E-10 3.7088E-10 3.7681E-10 3.8273E-10 3.8865E-10 3.9457E-10 4.0047E-10 4.0636E-10 4.1224E-10 4.1809E-10 4.2392E-10 4.3152E-10 4.3737E-10 4.4318E-10 4.4896E-10 4.5470E-10 4.6040E-10 4.6773E-10 4.7547E-10 4.8262E-10 4.9432E-10 5.0264E-10 5.0899E-10 5.1669E-10 5.2365E-10 5.3788E-10 5.4781E-10 5.5479E-10 5.6103E-10 5.6703E-10 5.7245E-10 5.7736E-10 5.8179E-10 5.8575E-10 5.8891E-10 5.8981E-10 5.8948E-10 5.8795E-10 5.8618E-10 5.8729E-10 5.8925E-10
2.7754E-10 2.8317E-10 2.8884E-10 2.9456E-10 3.0032E-10 3.0611E-10 3.1193E-10 3.1779E-10 3.2368E-10 3.2960E-10 3.3554E-10 3.4151E-10 3.4749E-10 3.5349E-10 3.5951E-10 3.6554E-10 3.7157E-10 3.7761E-10 3.8366E-10 3.8970E-10 3.9574E-10 4.0177E-10 4.0779E-10 4.1380E-10 4.1980E-10 4.2752E-10 4.3354E-10 4.3953E-10 4.4550E-10 4.5144E-10 4.5734E-10 4.6536E-10 4.7352E-10 4.8225E-10 4.9497E-10 5.0309E-10 5.1113E-10 5.3001E-10 5.3917E-10 5.4801E-10 5.6244E-10 5.7043E-10 5.7768E-10 5.8454E-10 5.9097E-10 5.9693E-10 6.0238E-10 6.0730E-10 6.1169E-10 6.1552E-10 6.1821E-10 6.1944E-10 6.1993E-10 6.1968E-10 6.2025E-10 6.2112E-10 6.1878E-10
2.8239E-10 2.8813E-10 2.9391E-10 2.9974E-10 3.0560E-10 3.1151E-10 3.1744E-10 3.2342E-10 3.2942E-10 3.3545E-10 3.4150E-10 3.4758E-10 3.5368E-10 3.5980E-10 3.6593E-10 3.7208E-10 3.7823E-10 3.8439E-10 3.9055E-10 3.9672E-10 4.0287E-10 4.0903E-10 4.1517E-10 4.2130E-10 4.2918E-10 4.3535E-10 4.4149E-10 4.4761E-10 4.5370E-10 4.6205E-10 4.7064E-10 4.8239E-10 4.9299E-10 5.0310E-10 5.2273E-10 5.3296E-10 5.4970E-10 5.5909E-10 5.6831E-10 5.7927E-10 5.8848E-10 6.0493E-10 6.1736E-10 6.2637E-10 6.3385E-10 6.4044E-10 6.4625E-10 6.5001E-10 6.5214E-10 6.5274E-10 6.5187E-10 6.4971E-10 6.4984E-10 6.5060E-10 6.5127E-10 6.5007E-10 6.4747E-10
2.8728E-10 2.9312E-10 2.9901E-10 3.0495E-10 3.1092E-10 3.1693E-10 3.2299E-10 3.2907E-10 3.3519E-10 3.4133E-10 3.4750E-10 3.5370E-10 3.5991E-10 3.6615E-10 3.7240E-10 3.7866E-10 3.8493E-10 3.9121E-10 3.9749E-10 4.0378E-10 4.1006E-10 4.1633E-10 4.2259E-10 4.3063E-10 4.3694E-10 4.4323E-10 4.4950E-10 4.5691E-10 4.6654E-10 4.7789E-10 4.9076E-10 5.0139E-10 5.2168E-10 5.3995E-10 5.5060E-10 5.6373E-10 5.7637E-10 6.0016E-10 6.1167E-10 6.2452E-10 6.4146E-10 6.5318E-10 6.6288E-10 6.7176E-10 6.7972E-10 6.8670E-10 6.9264E-10 6.9652E-10 6.9896E-10 7.0009E-10 6.9993E-10 6.9938E-10 6.9963E-10 6.9716E-10 6.9138E-10 6.8373E-10 6.7852E-10
2.9219E-10 2.9814E-10 3.0414E-10 3.1018E-10 3.1627E-10 3.2239E-10 3.2856E-10 3.3475E-10 3.4098E-10 3.4725E-10 3.5353E-10 3.5985E-10 3.6618E-10 3.7253E-10 3.7890E-10 3.8528E-10 3.9168E-10 3.9808E-10 4.0448E-10 4.1088E-10 4.1728E-10 4.2542E-10 4.3188E-10 4.3832E-10 4.4476E-10 4.5131E-10 4.6102E-10 4.7087E-10 4.8616E-10 4.9767E-10 5.1940E-10 5.3751E-10 5.5168E-10 5.6857E-10 5.9133E-10 6.1421E-10 6.2860E-10 6.4278E-10 6.5661E-10 6.6993E-10 6.8260E-10 6.9916E-10 7.1292E-10 7.4489E-10 7.7560E-10 7.8655E-10 7.9273E-10 7.9509E-10 7.9400E-10 7.9270E-10 7.8924E-10 7.8832E-10 7.8650E-10 7.8144E-10 7.7502E-10 7.6817E-10 7.5553E-10
2.9712E-10 3.0318E-10 3.0929E-10 3.1544E-10 3.2164E-10 3.2788E-10 3.3416E-10 3.4047E-10 3.4681E-10 3.5319E-10 3.5960E-10 3.6603E-10 3.7248E-10 3.7895E-10 3.8544E-10 3.9194E-10 3.9846E-10 4.0498E-10 4.1150E-10 4.1802E-10 4.2631E-10 4.3290E-10 4.3949E-10 4.4606E-10 4.5377E-10 4.6442E-10 4.7748E-10 4.9194E-10 5.0902E-10 5.3312E-10 5.4896E-10 5.7270E-10 5.9777E-10 6.1651E-10 6.3330E-10 6.5015E-10 6.7910E-10 6.9655E-10 7.1349E-10 7.8373E-10 8.0289E-10 8.2072E-10 8.3694E-10 8.5135E-10 8.6373E-10 8.9011E-10 9.1453E-10 9.2127E-10 9.2503E-10 9.2628E-10 9.2462E-10 9.1789E-10 9.0777E-10 8.9157E-10 8.7582E-10 8.5561E-10 8.3771E-10
