Assets/Resources/2015_m01_d22_2000(utc+0800)_l00_csi_1hr_conc.grd
DSAA
         159         159
     -79.000      79.000
     -79.000      79.000
  0.0000E+00  0.1060E-04
[rows 25 to 49 of 159, columns 57 to 113 of 159]
1.7384E-08 1.7279E-08 1.7129E-08 1.6936E-08 1.6705E-08 1.6437E-08 1.6138E-08 1.5809E-08 1.5455E-08 1.5077E-08 1.4680E-08 1.4266E-08 1.3837E-08 1.3400E-08 1.2957E-08 1.2513E-08 1.2070E-08 1.1631E-08 1.1198E-08 1.0774E-08 1.0360E-08 9.9595E-09 9.5725E-09 9.2000E-09 8.8440E-09 8.5059E-09 8.1842E-09 7.8775E-09 7.5863E-09 7.3101E-09 7.0495E-09 6.8012E-09 6.5680E-09 6.3454E-09 6.1336E-09 5.9319E-09 5.7409E-09 5.5588E-09 5.3914E-09 5.2234E-09 5.0693E-09 4.9172E-09 4.7700E-09 4.6316E-09 4.4989E-09 4.3687E-09 4.2422E-09 4.1189E-09 3.9996E-09 3.8825E-09 3.7675E-09 3.6591E-09 3.5500E-09 3.4456E-09 3.3425E-09 3.2411E-09 3.1447E-09
1.7316E-08 1.7216E-08 1.7070E-08 1.6882E-08 1.6652E-08 1.6387E-08 1.6087E-08 1.5758E-08 1.5401E-08 1.5022E-08 1.4623E-08 1.4206E-08 1.3776E-08 1.3335E-08 1.2889E-08 1.2441E-08 1.1994E-08 1.1552E-08 1.1116E-08 1.0690E-08 1.0274E-08 9.8711E-09 9.4826E-09 9.1094E-09 8.7523E-09 8.4118E-09 8.0910E-09 7.7870E-09 7.4969E-09 7.2225E-09 6.9638E-09 6.7176E-09 6.4869E-09 6.2655E-09 6.0535E-09 5.8569E-09 5.6663E-09 5.4881E-09 5.3209E-09 5.1565E-09 5.0034E-09 4.8526E-09 4.7103E-09 4.5726E-09 4.4423E-09 4.3150E-09 4.1902E-09 4.0684E-09 3.9520E-09 3.8357E-09 3.7242E-09 3.6171E-09 3.5094E-09 3.4073E-09 3.3047E-09 3.2060E-09 3.1103E-09
1.7224E-08 1.7131E-08 1.6992E-08 1.6807E-08 1.6581E-08 1.6317E-08 1.6019E-08 1.5689E-08 1.5332E-08 1.4951E-08 1.4549E-08 1.4132E-08 1.3699E-08 1.3256E-08 1.2807E-08 1.2356E-08 1.1907E-08 1.1462E-08 1.1024E-08 1.0594E-08 1.0177E-08 9.7724E-09 9.3832E-09 9.0094E-09 8.6528E-09 8.3134E-09 7.9910E-09 7.6884E-09 7.3998E-09 7.1273E-09 6.8711E-09 6.6270E-09 6.3990E-09 6.1791E-09 5.9681E-09 5.7752E-09 5.5863E-09 5.4116E-09 5.2452E-09 5.0860E-09 4.9315E-09 4.7837E-09 4.6458E-09 4.5101E-09 4.3813E-09 4.2558E-09 4.1339E-09 4.0148E-09 3.9004E-09 3.7853E-09 3.6776E-09 3.5714E-09 3.4666E-09 3.3660E-09 3.2643E-09 3.1683E-09 3.0733E-09
1.7112E-08 1.7027E-08 1.6893E-08 1.6714E-08 1.6493E-08 1.6232E-08 1.5936E-08 1.5607E-08 1.5250E-08 1.4868E-08 1.4466E-08 1.4047E-08 1.3613E-08 1.3169E-08 1.2718E-08 1.2265E-08 1.1812E-08 1.1364E-08 1.0923E-08 1.0492E-08 1.0072E-08 9.6667E-09 9.2764E-09 8.9022E-09 8.5461E-09 8.2073E-09 7.8863E-09 7.5822E-09 7.2957E-09 7.0254E-09 6.7716E-09 6.5298E-09 6.3042E-09 6.0857E-09 5.8786E-09 5.6874E-09 5.5019E-09 5.3300E-09 5.1637E-09 5.0097E-09 4.8555E-09 4.7106E-09 4.5762E-09 4.4435E-09 4.3155E-09 4.1931E-09 4.0729E-09 3.9582E-09 3.8448E-09 3.7326E-09 3.6279E-09 3.5223E-09 3.4210E-09 3.3211E-09 3.2218E-09 3.1279E-09 3.0338E-09
1.6973E-08 1.6896E-08 1.6769E-08 1.6597E-08 1.6380E-08 1.6124E-08 1.5830E-08 1.5504E-08 1.5149E-08 1.4768E-08 1.4366E-08 1.3947E-08 1.3514E-08 1.3070E-08 1.2617E-08 1.2162E-08 1.1707E-08 1.1258E-08 1.0814E-08 1.0382E-08 9.9611E-09 9.5542E-09 9.1629E-09 8.7897E-09 8.4333E-09 8.0949E-09 7.7748E-09 7.4718E-09 7.1842E-09 6.9163E-09 6.6651E-09 6.4265E-09 6.2037E-09 5.9860E-09 5.7842E-09 5.5924E-09 5.4119E-09 5.2425E-09 5.0773E-09 4.9269E-09 4.7749E-09 4.6334E-09 4.5007E-09 4.3722E-09 4.2465E-09 4.1260E-09 4.0081E-09 3.8971E-09 3.7850E-09 3.6773E-09 3.5744E-09 3.4707E-09 3.3723E-09 3.2729E-09 3.1773E-09 3.0843E-09 2.9925E-09
1.6814E-08 1.6745E-08 1.6626E-08 1.6460E-08 1.6251E-08 1.6001E-08 1.5711E-08 1.5388E-08 1.5035E-08 1.4656E-08 1.4254E-08 1.3835E-08 1.3402E-08 1.2959E-08 1.2507E-08 1.2050E-08 1.1594E-08 1.1142E-08 1.0698E-08 1.0264E-08 9.8431E-09 9.4361E-09 9.0452E-09 8.6709E-09 8.3148E-09 7.9770E-09 7.6574E-09 7.3559E-09 7.0691E-09 6.8015E-09 6.5517E-09 6.3161E-09 6.0956E-09 5.8800E-09 5.6834E-09 5.4912E-09 5.3163E-09 5.1485E-09 4.9873E-09 4.8380E-09 4.6900E-09 4.5526E-09 4.4212E-09 4.2964E-09 4.1742E-09 4.0541E-09 3.9407E-09 3.8319E-09 3.7221E-09 3.6189E-09 3.5171E-09 3.4169E-09 3.3204E-09 3.2224E-09 3.1301E-09 3.0381E-09 2.9491E-09
1.6639E-08 1.6579E-08 1.6471E-08 1.6314E-08 1.6112E-08 1.5868E-08 1.5585E-08 1.5266E-08 1.4918E-08 1.4543E-08 1.4144E-08 1.3726E-08 1.3294E-08 1.2851E-08 1.2399E-08 1.1942E-08 1.1484E-08 1.1030E-08 1.0584E-08 1.0148E-08 9.7247E-09 9.3172E-09 8.9255E-09 8.5511E-09 8.1952E-09 7.8572E-09 7.5377E-09 7.2363E-09 6.9503E-09 6.6832E-09 6.4335E-09 6.2003E-09 5.9803E-09 5.7687E-09 5.5763E-09 5.3863E-09 5.2143E-09 5.0493E-09 4.8933E-09 4.7420E-09 4.6005E-09 4.4673E-09 4.3372E-09 4.2161E-09 4.0966E-09 3.9785E-09 3.8692E-09 3.7622E-09 3.6567E-09 3.5574E-09 3.4565E-09 3.3605E-09 3.2647E-09 3.1702E-09 3.0802E-09 2.9895E-09 2.9034E-09
1.6445E-08 1.6395E-08 1.6296E-08 1.6148E-08 1.5955E-08 1.5719E-08 1.5443E-08 1.5130E-08 1.4785E-08 1.4412E-08 1.4015E-08 1.3600E-08 1.3170E-08 1.2727E-08 1.2277E-08 1.1821E-08 1.1362E-08 1.0908E-08 1.0460E-08 1.0024E-08 9.6004E-09 9.1916E-09 8.7988E-09 8.4241E-09 8.0672E-09 7.7292E-09 7.4097E-09 7.1092E-09 6.8240E-09 6.5587E-09 6.3088E-09 6.0775E-09 5.8586E-09 5.6525E-09 5.4625E-09 5.2774E-09 5.1059E-09 4.9440E-09 4.7933E-09 4.6427E-09 4.5062E-09 4.3769E-09 4.2499E-09 4.1315E-09 4.0153E-09 3.8996E-09 3.7940E-09 3.6889E-09 3.5886E-09 3.4918E-09 3.3941E-09 3.3012E-09 3.2059E-09 3.1159E-09 3.0269E-09 2.9396E-09 2.8552E-09
1.6242E-08 1.6204E-08 1.6115E-08 1.5979E-08 1.5795E-08 1.5567E-08 1.5299E-08 1.4993E-08 1.4655E-08 1.4288E-08 1.3897E-08 1.3485E-08 1.3056E-08 1.2614E-08 1.2163E-08 1.1707E-08 1.1250E-08 1.0793E-08 1.0344E-08 9.9048E-09 9.4787E-09 9.0679E-09 8.6738E-09 8.2972E-09 7.9397E-09 7.6012E-09 7.2819E-09 6.9807E-09 6.6966E-09 6.4329E-09 6.1837E-09 5.9514E-09 5.7336E-09 5.5321E-09 5.3428E-09 5.1644E-09 4.9932E-09 4.8351E-09 4.6876E-09 4.5406E-09 4.4079E-09 4.2825E-09 4.1586E-09 4.0431E-09 3.9298E-09 3.8185E-09 3.7149E-09 3.6128E-09 3.5179E-09 3.4221E-09 3.3297E-09 3.2380E-09 3.1458E-09 3.0591E-09 2.9711E-09 2.8874E-09 2.8044E-09
1.6030E-08 1.6003E-08 1.5926E-08 1.5799E-08 1.5626E-08 1.5409E-08 1.5148E-08 1.4849E-08 1.4516E-08 1.4155E-08 1.3769E-08 1.3359E-08 1.2931E-08 1.2490E-08 1.2039E-08 1.1583E-08 1.1126E-08 1.0671E-08 1.0219E-08 9.7775E-09 9.3491E-09 8.9363E-09 8.5404E-09 8.1624E-09 7.8037E-09 7.4652E-09 7.1462E-09 6.8448E-09 6.5610E-09 6.3000E-09 6.0533E-09 5.8207E-09 5.6046E-09 5.4066E-09 5.2191E-09 5.0463E-09 4.8757E-09 4.7212E-09 4.5760E-09 4.4348E-09 4.3054E-09 4.1833E-09 4.0637E-09 3.9509E-09 3.8401E-09 3.7341E-09 3.6309E-09 3.5353E-09 3.4434E-09 3.3503E-09 3.2623E-09 3.1712E-09 3.0843E-09 2.9987E-09 2.9143E-09 2.8329E-09 2.7515E-09
1.5812E-08 1.5799E-08 1.5733E-08 1.5618E-08 1.5454E-08 1.5243E-08 1.4993E-08 1.4705E-08 1.4385E-08 1.4032E-08 1.3649E-08 1.3242E-08 1.2816E-08 1.2375E-08 1.1923E-08 1.1466E-08 1.1008E-08 1.0551E-08 1.0100E-08 9.6562E-09 9.2248E-09 8.8095E-09 8.4109E-09 8.0314E-09 7.6714E-09 7.3308E-09 7.0120E-09 6.7120E-09 6.4280E-09 6.1672E-09 5.9234E-09 5.6896E-09 5.4774E-09 5.2780E-09 5.0944E-09 4.9231E-09 4.7555E-09 4.6026E-09 4.4600E-09 4.3253E-09 4.1985E-09 4.0805E-09 3.9650E-09 3.8540E-09 3.7484E-09 3.6456E-09 3.5449E-09 3.4549E-09 3.3646E-09 3.2773E-09 3.1911E-09 3.1033E-09 3.0202E-09 2.9359E-09 2.8553E-09 2.7758E-09 2.6932E-09
1.5591E-08 1.5592E-08 1.5539E-08 1.5435E-08 1.5285E-08 1.5087E-08 1.4849E-08 1.4572E-08 1.4257E-08 1.3908E-08 1.3529E-08 1.3125E-08 1.2700E-08 1.2260E-08 1.1808E-08 1.1350E-08 1.0890E-08 1.0431E-08 9.9787E-09 9.5346E-09 9.0999E-09 8.6809E-09 8.2795E-09 7.8982E-09 7.5360E-09 7.1942E-09 6.8741E-09 6.5751E-09 6.2916E-09 6.0295E-09 5.7850E-09 5.5551E-09 5.3447E-09 5.1458E-09 4.9652E-09 4.7965E-09 4.6336E-09 4.4800E-09 4.3412E-09 4.2117E-09 4.0884E-09 3.9740E-09 3.8631E-09 3.7543E-09 3.6535E-09 3.5527E-09 3.4584E-09 3.3713E-09 3.2840E-09 3.2014E-09 3.1159E-09 3.0339E-09 2.9529E-09 2.8721E-09 2.7943E-09 2.7164E-09 2.6373E-09
1.5376E-08 1.5387E-08 1.5348E-08 1.5256E-08 1.5116E-08 1.4933E-08 1.4708E-08 1.4441E-08 1.4134E-08 1.3792E-08 1.3419E-08 1.3018E-08 1.2596E-08 1.2155E-08 1.1703E-08 1.1243E-08 1.0781E-08 1.0321E-08 9.8657E-09 9.4190E-09 8.9839E-09 8.5614E-09 8.1573E-09 7.7713E-09 7.4083E-09 7.0655E-09 6.7433E-09 6.4428E-09 6.1608E-09 5.8961E-09 5.6503E-09 5.4227E-09 5.2130E-09 5.0149E-09 4.8342E-09 4.6687E-09 4.5096E-09 4.3564E-09 4.2201E-09 4.0946E-09 3.9754E-09 3.8638E-09 3.7571E-09 3.6531E-09 3.5551E-09 3.4579E-09 3.3693E-09 3.2837E-09 3.2022E-09 3.1221E-09 3.0398E-09 2.9623E-09 2.8828E-09 2.8065E-09 2.7311E-09 2.6518E-09 2.5794E-09
1.5162E-08 1.5187E-08 1.5160E-08 1.5083E-08 1.4962E-08 1.4794E-08 1.4578E-08 1.4319E-08 1.4018E-08 1.3681E-08 1.3312E-08 1.2914E-08 1.2492E-08 1.2051E-08 1.1599E-08 1.1138E-08 1.0674E-08 1.0212E-08 9.7540E-09 9.3047E-09 8.8663E-09 8.4427E-09 8.0336E-09 7.6450E-09 7.2779E-09 6.9341E-09 6.6093E-09 6.3060E-09 6.0227E-09 5.7582E-09 5.5116E-09 5.2840E-09 5.0761E-09 4.8817E-09 4.7006E-09 4.5369E-09 4.3803E-09 4.2327E-09 4.0982E-09 3.9749E-09 3.8595E-09 3.7510E-09 3.6477E-09 3.5493E-09 3.4526E-09 3.3626E-09 3.2776E-09 3.1950E-09 3.1182E-09 3.0386E-09 2.9629E-09 2.8873E-09 2.8120E-09 2.7391E-09 2.6614E-09 2.5898E-09 2.5197E-09
1.4951E-08 1.4992E-08 1.4981E-08 1.4922E-08 1.4815E-08 1.4656E-08 1.4450E-08 1.4200E-08 1.3907E-08 1.3579E-08 1.3214E-08 1.2818E-08 1.2397E-08 1.1958E-08 1.1505E-08 1.1044E-08 1.0578E-08 1.0113E-08 9.6520E-09 9.1994E-09 8.7581E-09 8.3316E-09 7.9221E-09 7.5305E-09 7.1594E-09 6.8109E-09 6.4848E-09 6.1787E-09 5.8908E-09 5.6242E-09 5.3777E-09 5.1489E-09 4.9392E-09 4.7496E-09 4.5671E-09 4.4042E-09 4.2486E-09 4.1066E-09 3.9759E-09 3.8546E-09 3.7417E-09 3.6350E-09 3.5373E-09 3.4420E-09 3.3494E-09 3.2651E-09 3.1822E-09 3.1055E-09 3.0306E-09 2.9552E-09 2.8839E-09 2.8101E-09 2.7396E-09 2.6692E-09 2.5946E-09 2.5262E-09 2.4542E-09
1.4749E-08 1.4804E-08 1.4814E-08 1.4772E-08 1.4676E-08 1.4530E-08 1.4334E-08 1.4094E-08 1.3810E-08 1.3485E-08 1.3123E-08 1.2730E-08 1.2312E-08 1.1874E-08 1.1422E-08 1.0959E-08 1.0492E-08 1.0024E-08 9.5602E-09 9.1044E-09 8.6596E-09 8.2299E-09 7.8179E-09 7.4236E-09 7.0475E-09 6.6932E-09 6.3629E-09 6.0526E-09 5.7609E-09 5.4890E-09 5.2453E-09 5.0140E-09 4.8042E-09 4.6134E-09 4.4359E-09 4.2719E-09 4.1174E-09 3.9784E-09 3.8506E-09 3.7342E-09 3.6225E-09 3.5181E-09 3.4249E-09 3.3312E-09 3.2455E-09 3.1642E-09 3.0869E-09 3.0140E-09 2.9397E-09 2.8711E-09 2.8011E-09 2.7326E-09 2.6654E-09 2.5931E-09 2.5267E-09 2.4608E-09 2.3878E-09
1.4554E-08 1.4633E-08 1.4657E-08 1.4628E-08 1.4544E-08 1.4410E-08 1.4226E-08 1.3994E-08 1.3717E-08 1.3398E-08 1.3041E-08 1.2653E-08 1.2239E-08 1.1804E-08 1.1352E-08 1.0890E-08 1.0421E-08 9.9494E-09 9.4813E-09 9.0208E-09 8.5722E-09 8.1389E-09 7.7229E-09 7.3256E-09 6.9457E-09 6.5850E-09 6.2467E-09 5.9325E-09 5.6370E-09 5.3615E-09 5.1145E-09 4.8847E-09 4.6734E-09 4.4791E-09 4.3051E-09 4.1418E-09 3.9885E-09 3.8507E-09 3.7245E-09 3.6111E-09 3.5030E-09 3.4022E-09 3.3083E-09 3.2216E-09 3.1396E-09 3.0613E-09 2.9905E-09 2.9180E-09 2.8502E-09 2.7846E-09 2.7178E-09 2.6537E-09 2.5890E-09 2.5202E-09 2.4570E-09 2.3899E-09 2.3240E-09
1.4377E-08 1.4469E-08 1.4508E-08 1.4490E-08 1.4422E-08 1.4301E-08 1.4130E-08 1.3908E-08 1.3637E-08 1.3325E-08 1.2975E-08 1.2594E-08 1.2185E-08 1.1753E-08 1.1302E-08 1.0838E-08 1.0366E-08 9.8930E-09 9.4218E-09 8.9580E-09 8.5064E-09 8.0691E-09 7.6472E-09 7.2427E-09 6.8581E-09 6.4910E-09 6.1444E-09 5.8234E-09 5.5228E-09 5.2443E-09 4.9887E-09 4.7585E-09 4.5450E-09 4.3509E-09 4.1735E-09 4.0134E-09 3.8615E-09 3.7244E-09 3.6006E-09 3.4860E-09 3.3823E-09 3.2847E-09 3.1927E-09 3.1107E-09 3.0298E-09 2.9596E-09 2.8916E-09 2.8217E-09 2.7598E-09 2.6955E-09 2.6342E-09 2.5729E-09 2.5070E-09 2.4463E-09 2.3859E-09 2.3181E-09 2.2590E-09
1.4208E-08 1.4314E-08 1.4367E-08 1.4367E-08 1.4312E-08 1.4206E-08 1.4042E-08 1.3828E-08 1.3568E-08 1.3267E-08 1.2927E-08 1.2552E-08 1.2148E-08 1.1718E-08 1.1270E-08 1.0807E-08 1.0333E-08 9.8590E-09 9.3842E-09 8.9161E-09 8.4584E-09 8.0139E-09 7.5835E-09 7.1708E-09 6.7775E-09 6.4033E-09 6.0507E-09 5.7194E-09 5.4161E-09 5.1326E-09 4.8735E-09 4.6346E-09 4.4226E-09 4.2283E-09 4.0478E-09 3.8890E-09 3.7370E-09 3.5998E-09 3.4768E-09 3.3629E-09 3.2619E-09 3.1642E-09 3.0787E-09 2.9988E-09 2.9214E-09 2.8565E-09 2.7889E-09 2.7264E-09 2.6662E-09 2.6071E-09 2.5491E-09 2.4866E-09 2.4284E-09 2.3711E-09 2.3057E-09 2.2491E-09 2.1929E-09
1.4045E-08 1.4169E-08 1.4238E-08 1.4254E-08 1.4214E-08 1.4115E-08 1.3964E-08 1.3764E-08 1.3516E-08 1.3226E-08 1.2895E-08 1.2527E-08 1.2130E-08 1.1704E-08 1.1257E-08 1.0795E-08 1.0322E-08 9.8440E-09 9.3668E-09 8.8951E-09 8.4323E-09 7.9792E-09 7.5403E-09 7.1179E-09 6.7129E-09 6.3307E-09 5.9694E-09 5.6305E-09 5.3179E-09 5.0293E-09 4.7662E-09 4.5202E-09 4.3043E-09 4.1081E-09 3.9279E-09 3.7662E-09 3.6157E-09 3.4791E-09 3.3524E-09 3.2426E-09 3.1414E-09 3.0471E-09 2.9722E-09 2.8857E-09 2.8146E-09 2.7496E-09 2.6884E-09 2.6293E-09 2.5725E-09 2.5180E-09 2.4628E-09 2.4034E-09 2.3490E-09 2.2946E-09 2.2327E-09 2.1791E-09 2.1186E-09
1.3894E-08 1.4030E-08 1.4119E-08 1.4149E-08 1.4119E-08 1.4037E-08 1.3901E-08 1.3716E-08 1.3482E-08 1.3202E-08 1.2883E-08 1.2524E-08 1.2132E-08 1.1713E-08 1.1271E-08 1.0809E-08 1.0337E-08 9.8580E-09 9.3771E-09 8.8992E-09 8.4269E-09 7.9639E-09 7.5150E-09 7.0804E-09 6.6657E-09 6.2729E-09 5.9024E-09 5.5581E-09 5.2353E-09 4.9388E-09 4.6711E-09 4.4227E-09 4.1969E-09 3.9980E-09 3.8144E-09 3.6470E-09 3.4965E-09 3.3610E-09 3.2335E-09 3.1228E-09 3.0311E-09 2.9863E-09 2.8765E-09 2.7754E-09 2.7057E-09 2.6445E-09 2.5873E-09 2.5310E-09 2.4792E-09 2.4279E-09 2.3717E-09 2.3199E-09 2.2690E-09 2.2095E-09 2.1590E-09 2.1009E-09 2.0507E-09
1.3751E-08 1.3904E-08 1.4004E-08 1.4048E-08 1.4037E-08 1.3970E-08 1.3853E-08 1.3683E-08 1.3465E-08 1.3200E-08 1.2890E-08 1.2545E-08 1.2161E-08 1.1746E-08 1.1309E-08 1.0851E-08 1.0379E-08 9.8986E-09 9.4141E-09 8.9319E-09 8.4524E-09 7.9798E-09 7.5166E-09 7.0693E-09 6.6410E-09 6.2338E-09 5.8533E-09 5.4983E-09 5.1667E-09 4.8578E-09 4.5849E-09 4.3323E-09 4.1023E-09 3.8960E-09 3.7111E-09 3.5386E-09 3.3834E-09 3.2464E-09 3.1203E-09 3.0066E-09 3.0237E-09 2.8936E-09 2.8264E-09 2.6864E-09 2.5963E-09 2.5417E-09 2.4845E-09 2.4336E-09 2.3857E-09 2.3328E-09 2.2842E-09 2.2362E-09 2.1800E-09 2.1321E-09 2.0845E-09 2.0297E-09 1.9786E-09
1.3619E-08 1.3779E-08 1.3891E-08 1.3954E-08 1.3962E-08 1.3918E-08 1.3817E-08 1.3667E-08 1.3464E-08 1.3215E-08 1.2922E-08 1.2585E-08 1.2213E-08 1.1808E-08 1.1376E-08 1.0922E-08 1.0453E-08 9.9741E-09 9.4853E-09 8.9933E-09 8.5029E-09 8.0168E-09 7.5422E-09 7.0819E-09 6.6401E-09 6.2214E-09 5.8289E-09 5.4617E-09 5.1193E-09 4.8015E-09 4.5135E-09 4.2543E-09 4.0187E-09 3.8021E-09 3.6119E-09 3.4378E-09 3.2750E-09 3.1389E-09 3.0144E-09 2.9786E-09 2.9496E-09 2.9176E-09 2.7584E-09 2.6472E-09 2.4998E-09 2.4369E-09 2.3841E-09 2.3364E-09 2.2873E-09 2.2417E-09 2.1969E-09 2.1519E-09 2.0989E-09 2.0544E-09 2.0023E-09 1.9579E-09 1.9097E-09
1.3485E-08 1.3658E-08 1.3787E-08 1.3868E-08 1.3899E-08 1.3874E-08 1.3796E-08 1.3663E-08 1.3483E-08 1.3250E-08 1.2973E-08 1.2652E-08 1.2290E-08 1.1897E-08 1.1472E-08 1.1026E-08 1.0558E-08 1.0075E-08 9.5815E-09 9.0852E-09 8.5847E-09 8.0870E-09 7.5978E-09 7.1223E-09 6.6654E-09 6.2345E-09 5.8264E-09 5.4464E-09 5.0924E-09 4.7664E-09 4.4667E-09 4.1954E-09 3.9530E-09 3.7272E-09 3.5268E-09 3.3421E-09 3.1778E-09 3.0809E-09 3.0539E-09 3.0698E-09 2.9445E-09 2.8553E-09 2.7041E-09 2.5996E-09 2.4265E-09 2.3336E-09 2.2853E-09 2.2356E-09 2.1931E-09 2.1512E-09 2.1095E-09 2.0595E-09 2.0180E-09 1.9689E-09 1.9275E-09 1.8820E-09 1.8301E-09
1.3349E-08 1.3542E-08 1.3687E-08 1.3789E-08 1.3841E-08 1.3840E-08 1.3785E-08 1.3676E-08 1.3513E-08 1.3304E-08 1.3043E-08 1.2740E-08 1.2393E-08 1.2011E-08 1.1597E-08 1.1157E-08 1.0695E-08 1.0212E-08 9.7133E-09 9.2074E-09 8.6945E-09 8.1858E-09 7.6867E-09 7.1980E-09 6.7274E-09 6.2784E-09 5.8545E-09 5.4577E-09 5.0890E-09 4.7488E-09 4.4372E-09 4.1510E-09 3.8983E-09 3.6658E-09 3.4541E-09 3.2635E-09 3.1038E-09 3.2214E-09 3.2891E-09 3.1644E-09 3.0906E-09 2.8742E-09 2.7533E-09 2.5630E-09 2.4161E-09 2.2584E-09 2.1874E-09 2.1399E-09 2.0995E-09 2.0611E-09 2.0142E-09 1.9756E-09 1.9336E-09 1.8911E-09 1.8487E-09 1.8064E-09 1.7540E-09
