Assets/Resources/2015_m01_d10_1200(utc+0800)_l00_csi_1hr_conc.grd
DSAA
         159         159
     -79.000      79.000
     -79.000      79.000
  0.1042E-08  0.2650E-05
[rows 75 to 99 of 159, columns 57 to 113 of 159]
1.6648E-08 1.7337E-08 1.8053E-08 1.8802E-08 1.9578E-08 2.0399E-08 2.1257E-08 2.2152E-08 2.3084E-08 2.4072E-08 2.5091E-08 2.6169E-08 2.7283E-08 2.8455E-08 2.9707E-08 3.0929E-08 3.2257E-08 3.3616E-08 3.5010E-08 3.6443E-08 3.7913E-08 3.9410E-08 4.0949E-08 4.2526E-08 4.4152E-08 4.5813E-08 4.7522E-08 4.9274E-08 5.1037E-08 5.2851E-08 5.4648E-08 5.6475E-08 5.5774E-08 5.5415E-08 5.5210E-08 5.5453E-08 5.6090E-08 5.5875E-08 5.6786E-08 5.7664E-08 5.7917E-08 5.8965E-08 5.9375E-08 5.9693E-08 6.0484E-08 6.0316E-08 6.0506E-08 6.1013E-08 6.0313E-08 6.0341E-08 6.0523E-08 5.9312E-08 5.9051E-08 5.8564E-08 5.7200E-08 5.6643E-08 5.5405E-08
1.6702E-08 1.7394E-08 1.8112E-08 1.8858E-08 1.9647E-08 2.0471E-08 2.1334E-08 2.2235E-08 2.3136E-08 2.4150E-08 2.5200E-08 2.6247E-08 2.7402E-08 2.8601E-08 2.9842E-08 3.1149E-08 3.2477E-08 3.3844E-08 3.5271E-08 3.6724E-08 3.8224E-08 3.9759E-08 4.1342E-08 4.2986E-08 4.4666E-08 4.6408E-08 4.8192E-08 5.0010E-08 5.1882E-08 5.3742E-08 5.5652E-08 5.4428E-08 5.4680E-08 5.4541E-08 5.4969E-08 5.5537E-08 5.5775E-08 5.6933E-08 5.7633E-08 5.8392E-08 5.9662E-08 6.0009E-08 6.0711E-08 6.1725E-08 6.1573E-08 6.2092E-08 6.2812E-08 6.2180E-08 6.2466E-08 6.2520E-08 6.1685E-08 6.1631E-08 6.0847E-08 5.9966E-08 5.9558E-08 5.8135E-08 5.7106E-08
1.6719E-08 1.7407E-08 1.8129E-08 1.8877E-08 1.9670E-08 2.0501E-08 2.1356E-08 2.2254E-08 2.3191E-08 2.4181E-08 2.5225E-08 2.6347E-08 2.7530E-08 2.8740E-08 3.0007E-08 3.1287E-08 3.2661E-08 3.4063E-08 3.5491E-08 3.6981E-08 3.8508E-08 4.0087E-08 4.1739E-08 4.3428E-08 4.5192E-08 4.6998E-08 4.8856E-08 5.0767E-08 5.2691E-08 5.4662E-08 5.3126E-08 5.3506E-08 5.3742E-08 5.4328E-08 5.4776E-08 5.5507E-08 5.6885E-08 5.7545E-08 5.8674E-08 6.0152E-08 6.0522E-08 6.1537E-08 6.2768E-08 6.2693E-08 6.3503E-08 6.4146E-08 6.3917E-08 6.4450E-08 6.4262E-08 6.3964E-08 6.4115E-08 6.3211E-08 6.2684E-08 6.2431E-08 6.0926E-08 6.0132E-08 5.9513E-08
1.6744E-08 1.7434E-08 1.8156E-08 1.8913E-08 1.9709E-08 2.0519E-08 2.1315E-08 2.2244E-08 2.3213E-08 2.4224E-08 2.5324E-08 2.6392E-08 2.7595E-08 2.8840E-08 3.0110E-08 3.1454E-08 3.2824E-08 3.4222E-08 3.5690E-08 3.7206E-08 3.8772E-08 4.0420E-08 4.2110E-08 4.3886E-08 4.5702E-08 4.7592E-08 4.9524E-08 5.1495E-08 5.3018E-08 5.1796E-08 5.2169E-08 5.2736E-08 5.3526E-08 5.3973E-08 5.5057E-08 5.6633E-08 5.7327E-08 5.8748E-08 6.0419E-08 6.0863E-08 6.2148E-08 6.3418E-08 6.3633E-08 6.4711E-08 6.5154E-08 6.5485E-08 6.6259E-08 6.6006E-08 6.6108E-08 6.6465E-08 6.5547E-08 6.5314E-08 6.5226E-08 6.3710E-08 6.3120E-08 6.2490E-08 6.0606E-08
1.6741E-08 1.7431E-08 1.8148E-08 1.8910E-08 1.9674E-08 2.0468E-08 2.1315E-08 2.2235E-08 2.3196E-08 2.4242E-08 2.5303E-08 2.6483E-08 2.7691E-08 2.8911E-08 3.0201E-08 3.1551E-08 3.2931E-08 3.4368E-08 3.5860E-08 3.7409E-08 3.9035E-08 4.0725E-08 4.2499E-08 4.4316E-08 4.6220E-08 4.8167E-08 5.0172E-08 5.1164E-08 5.0405E-08 5.0818E-08 5.1537E-08 5.2561E-08 5.3065E-08 5.4421E-08 5.6173E-08 5.6942E-08 5.8604E-08 6.0261E-08 6.0994E-08 6.2526E-08 6.3555E-08 6.4360E-08 6.5691E-08 6.6099E-08 6.6848E-08 6.7859E-08 6.7641E-08 6.8077E-08 6.8646E-08 6.7784E-08 6.7815E-08 6.7727E-08 6.6428E-08 6.6034E-08 6.5011E-08 6.3660E-08 6.2882E-08
1.6719E-08 1.7410E-08 1.8128E-08 1.8847E-08 1.9609E-08 2.0423E-08 2.1280E-08 2.2228E-08 2.3221E-08 2.4243E-08 2.5326E-08 2.6518E-08 2.7704E-08 2.8973E-08 3.0285E-08 3.1626E-08 3.3022E-08 3.4478E-08 3.6008E-08 3.7605E-08 3.9281E-08 4.1040E-08 4.2852E-08 2.6501E-06 4.6709E-08 4.8732E-08 4.8816E-08 4.8930E-08 4.9385E-08 5.0221E-08 5.1440E-08 5.2029E-08 5.3605E-08 5.5323E-08 5.6369E-08 5.8235E-08 5.9652E-08 6.0903E-08 6.2658E-08 6.3621E-08 6.4849E-08 6.6418E-08 6.6882E-08 6.7974E-08 6.9219E-08 6.9098E-08 6.9834E-08 7.0426E-08 6.9863E-08 7.0144E-08 6.9740E-08 6.9031E-08 6.8832E-08 6.7619E-08 6.6651E-08 6.6014E-08 6.4162E-08
1.6720E-08 1.7403E-08 1.8079E-08 1.8806E-08 1.9573E-08 2.0348E-08 2.1255E-08 2.2180E-08 2.3164E-08 2.4227E-08 2.5349E-08 2.6520E-08 2.7738E-08 2.8994E-08 3.0303E-08 3.1664E-08 3.3082E-08 3.4580E-08 3.6142E-08 3.7794E-08 3.9523E-08 4.1319E-08 4.3215E-08 2.8806E-07 8.0485E-07 7.6762E-08 4.7409E-08 4.7839E-08 4.8789E-08 5.0000E-08 5.0852E-08 5.2607E-08 5.4102E-08 5.5601E-08 5.7639E-08 5.8969E-08 6.0577E-08 6.2532E-08 6.3517E-08 6.5080E-08 6.6872E-08 6.7445E-08 6.8836E-08 7.0121E-08 7.0330E-08 7.1343E-08 7.1682E-08 7.1738E-08 7.2262E-08 7.1745E-08 7.1470E-08 7.1472E-08 7.0198E-08 6.9532E-08 6.9047E-08 6.7137E-08 6.6106E-08
1.6669E-08 1.7304E-08 1.7998E-08 1.8718E-08 1.9463E-08 2.0313E-08 2.1208E-08 2.2149E-08 2.3166E-08 2.4190E-08 2.5337E-08 2.6502E-08 2.7717E-08 2.8996E-08 3.0308E-08 3.1679E-08 3.3138E-08 3.4659E-08 3.6277E-08 3.7968E-08 3.9738E-08 4.1602E-08 4.3528E-08 5.2934E-08 3.6915E-07 5.3572E-07 8.6058E-08 5.1408E-08 4.8354E-08 4.9543E-08 5.1435E-08 5.2840E-08 5.4637E-08 5.6818E-08 5.8136E-08 6.0010E-08 6.2144E-08 6.3199E-08 6.5038E-08 6.6876E-08 6.7750E-08 6.9410E-08 7.0475E-08 7.1296E-08 7.2572E-08 7.2848E-08 7.3364E-08 7.4129E-08 7.3622E-08 7.3699E-08 7.3909E-08 7.2657E-08 7.2257E-08 7.1938E-08 7.0031E-08 6.9191E-08 6.7837E-08
1.6564E-08 1.7217E-08 1.7893E-08 1.8602E-08 1.9371E-08 2.0198E-08 2.1107E-08 2.2076E-08 2.3084E-08 2.4182E-08 2.5300E-08 2.6460E-08 2.7665E-08 2.8948E-08 3.0279E-08 3.1693E-08 3.3167E-08 3.4742E-08 3.6387E-08 3.8122E-08 3.9943E-08 4.1846E-08 4.3558E-08 4.2856E-08 9.3318E-08 7.8146E-07 3.8570E-07 9.4054E-08 5.7253E-08 5.1629E-08 5.1494E-08 5.3479E-08 5.5778E-08 5.7123E-08 5.9201E-08 6.1448E-08 6.2641E-08 6.4714E-08 6.6340E-08 6.7773E-08 6.9677E-08 7.0698E-08 7.1965E-08 7.3490E-08 7.3816E-08 7.4705E-08 7.5711E-08 7.5289E-08 7.5674E-08 7.6102E-08 7.4931E-08 7.4781E-08 7.4112E-08 7.2788E-08 7.2136E-08 7.0519E-08 6.9043E-08
1.6499E-08 1.7098E-08 1.7805E-08 1.8536E-08 1.9266E-08 2.0129E-08 2.1025E-08 2.1971E-08 2.3010E-08 2.4095E-08 2.5198E-08 2.6388E-08 2.7616E-08 2.8881E-08 3.0247E-08 3.1675E-08 3.3201E-08 3.4794E-08 3.6484E-08 3.8256E-08 4.0122E-08 4.1358E-08 4.0934E-08 4.1657E-08 4.9826E-08 1.4744E-07 1.0469E-06 3.0596E-07 1.0127E-07 6.3415E-08 5.4770E-08 5.4953E-08 5.5937E-08 5.8154E-08 6.0118E-08 6.1834E-08 6.4105E-08 6.5671E-08 6.7500E-08 6.9625E-08 7.0695E-08 7.2316E-08 7.4077E-08 7.4516E-08 7.5727E-08 7.6939E-08 7.6686E-08 7.7358E-08 7.7447E-08 7.6966E-08 7.7060E-08 7.6185E-08 7.5354E-08 7.4896E-08 7.3168E-08 7.2003E-08 7.1072E-08
1.6366E-08 1.7009E-08 1.7693E-08 1.8388E-08 1.9190E-08 2.0053E-08 2.0950E-08 2.1913E-08 2.2944E-08 2.3999E-08 2.5112E-08 2.6278E-08 2.7518E-08 2.8819E-08 3.0196E-08 3.1664E-08 3.3200E-08 3.4838E-08 3.6552E-08 3.8367E-08 3.8807E-08 3.9040E-08 3.9746E-08 4.0747E-08 4.2435E-08 6.8713E-08 2.0016E-07 1.0787E-06 2.4292E-07 1.0407E-07 6.9564E-08 5.8854E-08 5.8053E-08 5.8844E-08 6.0776E-08 6.3215E-08 6.4798E-08 6.6924E-08 6.9246E-08 7.0415E-08 7.2330E-08 7.4260E-08 7.4905E-08 7.6405E-08 7.7329E-08 7.7771E-08 7.8715E-08 7.8679E-08 7.8715E-08 7.9053E-08 7.8132E-08 7.7683E-08 7.7426E-08 7.5684E-08 7.4786E-08 7.4005E-08 7.1581E-08
1.6246E-08 1.6884E-08 1.7544E-08 1.8261E-08 1.9051E-08 1.9914E-08 2.0818E-08 2.1784E-08 2.2807E-08 2.3870E-08 2.4984E-08 2.6168E-08 2.7407E-08 2.8737E-08 3.0138E-08 3.1615E-08 3.3197E-08 3.4843E-08 3.6600E-08 3.6515E-08 3.7149E-08 3.7807E-08 3.8840E-08 4.0201E-08 4.1286E-08 5.0320E-08 9.3679E-08 2.9949E-07 9.6488E-07 2.1596E-07 1.0733E-07 7.4738E-08 6.3245E-08 6.1287E-08 6.2444E-08 6.3687E-08 6.6045E-08 6.8486E-08 6.9833E-08 7.1999E-08 7.3669E-08 7.4956E-08 7.6717E-08 7.7563E-08 7.8509E-08 7.9715E-08 7.9696E-08 8.0138E-08 8.0722E-08 7.9849E-08 7.9729E-08 7.9684E-08 7.7993E-08 7.7344E-08 7.6122E-08 7.4332E-08 7.3231E-08
1.6110E-08 1.6735E-08 1.7415E-08 1.8136E-08 1.8947E-08 1.9778E-08 2.0709E-08 2.1678E-08 2.2658E-08 2.3709E-08 2.4840E-08 2.6043E-08 2.7308E-08 2.8641E-08 3.0054E-08 3.1566E-08 3.3147E-08 3.4841E-08 3.4412E-08 3.5210E-08 3.5883E-08 3.6926E-08 3.8067E-08 3.9371E-08 4.1269E-08 4.4916E-08 6.2485E-08 1.2572E-07 4.5089E-07 8.1015E-07 2.0899E-07 1.1063E-07 7.8782E-08 6.7743E-08 6.4576E-08 6.5339E-08 6.7055E-08 6.8939E-08 7.1321E-08 7.2912E-08 7.4651E-08 7.6654E-08 7.7539E-08 7.8877E-08 8.0336E-08 8.0414E-08 8.1300E-08 8.2172E-08 8.1407E-08 8.1568E-08 8.1250E-08 8.0094E-08 7.9638E-08 7.8189E-08 7.6872E-08 7.5948E-08 7.3683E-08
1.5963E-08 1.6634E-08 1.7281E-08 1.7985E-08 1.8828E-08 1.9641E-08 2.0533E-08 2.1506E-08 2.2490E-08 2.3575E-08 2.4695E-08 2.5907E-08 2.7179E-08 2.8524E-08 2.9961E-08 3.1473E-08 3.2969E-08 3.2428E-08 3.3134E-08 3.3985E-08 3.5019E-08 3.6038E-08 3.7480E-08 3.9383E-08 4.0903E-08 4.3188E-08 5.1848E-08 7.7562E-08 1.6223E-07 5.9745E-07 6.7499E-07 2.0624E-07 1.1300E-07 8.1378E-08 7.0756E-08 6.7732E-08 6.8120E-08 7.0301E-08 7.1911E-08 7.3987E-08 7.6222E-08 7.7226E-08 7.8887E-08 8.0586E-08 8.0817E-08 8.2017E-08 8.2805E-08 8.2643E-08 8.3101E-08 8.2585E-08 8.1998E-08 8.1782E-08 8.0231E-08 7.9224E-08 7.8416E-08 7.6116E-08 7.4771E-08
1.5825E-08 1.6467E-08 1.7126E-08 1.7854E-08 1.8637E-08 1.9455E-08 2.0355E-08 2.1325E-08 2.2324E-08 2.3407E-08 2.4552E-08 2.5749E-08 2.7037E-08 2.8394E-08 2.9834E-08 3.0884E-08 3.0556E-08 3.1200E-08 3.2046E-08 3.3119E-08 3.4074E-08 3.5578E-08 3.7464E-08 3.8907E-08 4.0968E-08 4.3359E-08 4.7364E-08 6.0057E-08 9.7080E-08 1.9962E-07 7.0869E-07 5.6782E-07 1.8978E-07 1.1323E-07 8.3424E-08 7.3227E-08 7.1034E-08 7.0936E-08 7.2986E-08 7.5439E-08 7.6599E-08 7.8588E-08 8.0157E-08 8.1035E-08 8.2587E-08 8.3242E-08 8.3741E-08 8.4497E-08 8.3918E-08 8.3697E-08 8.3644E-08 8.2100E-08 8.1393E-08 8.0785E-08 7.8457E-08 7.7238E-08 7.5496E-08
1.5690E-08 1.6306E-08 1.6946E-08 1.7686E-08 1.8443E-08 1.9277E-08 2.0202E-08 2.1129E-08 2.2147E-08 2.3235E-08 2.4371E-08 2.5598E-08 2.6875E-08 2.8239E-08 2.8695E-08 2.8772E-08 2.9352E-08 3.0160E-08 3.1262E-08 3.2163E-08 3.3687E-08 3.5532E-08 3.6908E-08 3.8961E-08 4.0970E-08 4.2834E-08 4.6033E-08 5.2795E-08 7.0765E-08 1.1578E-07 2.7086E-07 7.5757E-07 4.8397E-07 1.8174E-07 1.1197E-07 8.5848E-08 7.5599E-08 7.3577E-08 7.4143E-08 7.5662E-08 7.7942E-08 7.9428E-08 8.0930E-08 8.2825E-08 8.3577E-08 8.4597E-08 8.5697E-08 8.5242E-08 8.5371E-08 8.5515E-08 8.3957E-08 8.3394E-08 8.2308E-08 8.0604E-08 7.9618E-08 7.7580E-08 9.5191E-08
1.5527E-08 1.6124E-08 1.6775E-08 1.7482E-08 1.8242E-08 1.9108E-08 1.9990E-08 2.0941E-08 2.1967E-08 2.3033E-08 2.4202E-08 2.5407E-08 2.6695E-08 2.6678E-08 2.7061E-08 2.7574E-08 2.8349E-08 2.9447E-08 3.0296E-08 3.1818E-08 3.3380E-08 3.4919E-08 3.6935E-08 3.8717E-08 4.0671E-08 4.2999E-08 4.5072E-08 4.9349E-08 5.9356E-08 8.2337E-08 1.3865E-07 3.4517E-07 7.5263E-07 4.1689E-07 1.7446E-07 1.1039E-07 8.6996E-08 7.8238E-08 7.6208E-08 7.7311E-08 7.8604E-08 8.0779E-08 8.3087E-08 8.4057E-08 8.5565E-08 8.7010E-08 8.6730E-08 8.7124E-08 8.6917E-08 8.5870E-08 8.5490E-08 8.4070E-08 8.2734E-08 8.1787E-08 8.4417E-08 1.0049E-07 7.8457E-08
1.5342E-08 1.5929E-08 1.6567E-08 1.7264E-08 1.8074E-08 1.8890E-08 1.9783E-08 2.0748E-08 2.1755E-08 2.2850E-08 2.3988E-08 2.5211E-08 2.4891E-08 2.5431E-08 2.5875E-08 2.6608E-08 2.7499E-08 2.8499E-08 2.9986E-08 3.1351E-08 3.2953E-08 3.4910E-08 3.6527E-08 3.8501E-08 4.0780E-08 4.2595E-08 4.4977E-08 4.8350E-08 5.3497E-08 6.5895E-08 9.4454E-08 1.6250E-07 4.2474E-07 7.1558E-07 3.6377E-07 1.6565E-07 1.0933E-07 8.8360E-08 8.1356E-08 7.9347E-08 8.0669E-08 8.3323E-08 8.4771E-08 8.6815E-08 8.8336E-08 8.8633E-08 8.9365E-08 8.8908E-08 8.8218E-08 8.7782E-08 8.6100E-08 8.4979E-08 8.4114E-08 9.1532E-08 1.0004E-07 7.9309E-08 6.6542E-08
1.5153E-08 1.5749E-08 1.6351E-08 1.7113E-08 1.7854E-08 1.8681E-08 1.9610E-08 2.0534E-08 2.1545E-08 2.2635E-08 2.3762E-08 2.3267E-08 2.3722E-08 2.4267E-08 2.4954E-08 2.5700E-08 2.6758E-08 2.8194E-08 2.9426E-08 3.1024E-08 3.2905E-08 3.4388E-08 3.6332E-08 3.8543E-08 4.0259E-08 4.2609E-08 4.4949E-08 4.7300E-08 5.1250E-08 5.7862E-08 7.2407E-08 1.0631E-07 1.9040E-07 4.9655E-07 6.6257E-07 3.2229E-07 1.5833E-07 1.0953E-07 9.0637E-08 8.5101E-08 8.5071E-08 8.6352E-08 8.8969E-08 9.0601E-08 9.1607E-08 9.2482E-08 9.1839E-08 9.1375E-08 9.0935E-08 8.8904E-08 8.7663E-08 8.6652E-08 9.2814E-08 9.8678E-08 7.9665E-08 6.7578E-08 6.0049E-08
1.4949E-08 1.5537E-08 1.6139E-08 1.6894E-08 1.7642E-08 1.8472E-08 1.9392E-08 2.0310E-08 2.1338E-08 2.2104E-08 2.1764E-08 2.2170E-08 2.2694E-08 2.3381E-08 2.4040E-08 2.5098E-08 2.6468E-08 2.7589E-08 2.9146E-08 3.0936E-08 3.2301E-08 3.4186E-08 3.6144E-08 3.7934E-08 4.0232E-08 4.2335E-08 4.4642E-08 4.7316E-08 4.9921E-08 5.4221E-08 6.2604E-08 8.0148E-08 1.1814E-07 2.3407E-07 5.5108E-07 6.0121E-07 2.9124E-07 1.5403E-07 1.1190E-07 9.6710E-08 9.2814E-08 9.3805E-08 9.4963E-08 9.6433E-08 9.7594E-08 9.6727E-08 9.6064E-08 9.5263E-08 9.2811E-08 9.1374E-08 8.9513E-08 1.0120E-07 9.7821E-08 7.9474E-08 6.8879E-08 6.0901E-08 5.4534E-08
1.4742E-08 1.5326E-08 1.5922E-08 1.6684E-08 1.7417E-08 1.8306E-08 1.9163E-08 2.0071E-08 2.0477E-08 2.0378E-08 2.0743E-08 2.1216E-08 2.1894E-08 2.2487E-08 2.3516E-08 2.4809E-08 2.5830E-08 2.7331E-08 2.8873E-08 3.0272E-08 3.2083E-08 3.3790E-08 3.5638E-08 3.7860E-08 3.9792E-08 4.2111E-08 4.4722E-08 4.6842E-08 4.9509E-08 5.3000E-08 5.7545E-08 6.7450E-08 8.8265E-08 1.3495E-07 2.7966E-07 5.8825E-07 5.4944E-07 2.7407E-07 1.6066E-07 1.2181E-07 1.0958E-07 1.0556E-07 1.0540E-07 1.0587E-07 1.0448E-07 1.0345E-07 1.0155E-07 9.8638E-08 9.6617E-08 9.3699E-08 1.1900E-07 9.8226E-08 8.0261E-08 7.0691E-08 6.2267E-08 5.4573E-08 4.3623E-08
1.4533E-08 1.5117E-08 1.5739E-08 1.6458E-08 1.7195E-08 1.8071E-08 1.8923E-08 1.8925E-08 1.9078E-08 1.9386E-08 1.9839E-08 2.0496E-08 2.1035E-08 2.2026E-08 2.3107E-08 2.4165E-08 2.5586E-08 2.6903E-08 2.8317E-08 3.0039E-08 3.1561E-08 3.3391E-08 3.5519E-08 3.7308E-08 3.9586E-08 4.2111E-08 4.4128E-08 4.6768E-08 4.9398E-08 5.1792E-08 5.5480E-08 6.1204E-08 7.2216E-08 9.7572E-08 1.5220E-07 3.4089E-07 6.3139E-07 4.9832E-07 2.8695E-07 1.8311E-07 1.4273E-07 1.2718E-07 1.2148E-07 1.1762E-07 1.1497E-07 1.1134E-07 1.0757E-07 1.0440E-07 1.0367E-07 1.3138E-07 1.0044E-07 8.2586E-08 7.3413E-08 6.4142E-08 5.5687E-08 4.2764E-08 3.3801E-08
1.4332E-08 1.4909E-08 1.5519E-08 1.6240E-08 1.7014E-08 1.7836E-08 1.7582E-08 1.7864E-08 1.8120E-08 1.8534E-08 1.9092E-08 1.9681E-08 2.0622E-08 2.1529E-08 2.2590E-08 2.3923E-08 2.5072E-08 2.6447E-08 2.8069E-08 2.9439E-08 3.1210E-08 3.3230E-08 3.4891E-08 3.7093E-08 3.9346E-08 4.1431E-08 4.4010E-08 4.6367E-08 4.8847E-08 5.1691E-08 5.4188E-08 5.8099E-08 6.4965E-08 7.8405E-08 1.0944E-07 2.1001E-07 4.4696E-07 5.7464E-07 4.4184E-07 2.9333E-07 2.0743E-07 1.6599E-07 1.4599E-07 1.3494E-07 1.2722E-07 1.2093E-07 1.1563E-07 1.2146E-07 1.3503E-07 1.0503E-07 8.6963E-08 7.6386E-08 6.6894E-08 5.7928E-08 4.3172E-08 3.5126E-08 3.0936E-08
1.4130E-08 1.4697E-08 1.5305E-08 1.6004E-08 1.6783E-08 1.6408E-08 1.6645E-08 1.6942E-08 1.7328E-08 1.7793E-08 1.8422E-08 1.9307E-08 2.0088E-08 2.1109E-08 2.2347E-08 2.3358E-08 2.4668E-08 2.6185E-08 2.7423E-08 2.9110E-08 3.0884E-08 3.2553E-08 3.4657E-08 3.6639E-08 3.8775E-08 4.1266E-08 4.3429E-08 4.5937E-08 4.8721E-08 5.0962E-08 5.3699E-08 5.7022E-08 6.0829E-08 6.9669E-08 8.9294E-08 1.5017E-07 3.0666E-07 4.6829E-07 4.9118E-07 3.9643E-07 2.9115E-07 2.2177E-07 1.8172E-07 1.5797E-07 1.4340E-07 1.3267E-07 1.3364E-07 1.3982E-07 1.1192E-07 9.3744E-08 8.1627E-08 7.1636E-08 6.1783E-08 4.5166E-08 3.7408E-08 3.2976E-08 2.9984E-08
1.3927E-08 1.4488E-08 1.5078E-08 1.5605E-08 1.5324E-08 1.5550E-08 1.5835E-08 1.6203E-08 1.6596E-08 1.7244E-08 1.8077E-08 1.8763E-08 1.9730E-08 2.0866E-08 2.1753E-08 2.2980E-08 2.4322E-08 2.5517E-08 2.7104E-08 2.8632E-08 3.0307E-08 3.2299E-08 3.4079E-08 3.6181E-08 3.8564E-08 4.0569E-08 4.3043E-08 4.5743E-08 4.7879E-08 5.0604E-08 5.3368E-08 5.5601E-08 5.9140E-08 6.4931E-08 7.8641E-08 1.2010E-07 2.1869E-07 3.5382E-07 4.4094E-07 4.2776E-07 3.5800E-07 2.8169E-07 2.2403E-07 1.8662E-07 1.6234E-07 1.5988E-07 1.5029E-07 1.2164E-07 1.0339E-07 8.9534E-08 7.8506E-08 6.5850E-08 4.9006E-08 4.1071E-08 3.6079E-08 3.2519E-08 2.9773E-08
