Assets/Resources/2015_m01_d11_1200(utc+0800)_l00_csi_1hr_conc.grd
DSAA
         159         159
     -79.000      79.000
     -79.000      79.000
  0.0000E+00  0.1477E-05
[rows 75 to 99 of 159, columns 57 to 113 of 159]
7.4024E-11 8.1634E-11 8.9634E-11 9.7899E-11 1.0649E-10 1.1547E-10 1.2462E-10 1.3429E-10 1.5037E-10 1.9005E-10 2.8851E-10 5.1740E-10 1.0612E-09 2.4378E-09 5.5775E-09 1.1758E-08 2.0567E-08 2.7924E-08 3.1956E-08 6.5742E-08 4.0789E-07 3.0898E-08 3.0031E-10 3.1121E-10 3.2184E-10 3.3216E-10 3.4205E-10 3.5150E-10 3.6050E-10 3.6895E-10 3.7664E-10 3.8390E-10 3.9049E-10 3.9639E-10 4.0158E-10 4.0569E-10 4.0934E-10 4.1202E-10 4.1407E-10 4.1511E-10 4.1535E-10 4.1474E-10 4.1328E-10 4.1121E-10 4.0813E-10 4.0424E-10 3.9981E-10 3.9427E-10 3.8820E-10 3.8143E-10 3.7404E-10 3.6612E-10 3.5741E-10 3.4826E-10 3.3880E-10 3.2880E-10 3.1848E-10
6.2912E-11 7.0228E-11 7.7575E-11 8.5110E-11 9.2789E-11 1.0102E-10 1.0924E-10 1.1778E-10 1.2684E-10 1.3601E-10 1.4544E-10 1.5515E-10 1.9900E-10 3.2227E-10 7.8219E-10 2.3195E-09 7.1960E-09 1.8683E-08 3.3038E-08 4.0935E-08 2.4666E-07 2.8149E-07 2.6921E-10 2.7921E-10 2.8893E-10 2.9835E-10 3.0745E-10 3.1581E-10 3.2407E-10 3.3184E-10 3.3913E-10 3.4586E-10 3.5182E-10 3.5734E-10 3.6222E-10 3.6626E-10 3.6957E-10 3.7218E-10 3.7423E-10 3.7535E-10 3.7588E-10 3.7551E-10 3.7433E-10 3.7260E-10 3.6981E-10 3.6664E-10 3.6258E-10 3.5783E-10 3.5226E-10 3.4630E-10 3.3971E-10 3.3243E-10 3.2483E-10 3.1675E-10 3.0795E-10 2.9911E-10 2.8998E-10
5.2873E-11 6.0002E-11 6.6671E-11 7.3363E-11 8.0616E-11 8.7610E-11 9.5521E-11 1.0317E-10 1.1131E-10 1.1955E-10 1.2803E-10 1.3696E-10 1.4594E-10 1.5494E-10 1.6428E-10 1.8612E-10 4.3168E-10 1.9554E-09 1.0513E-08 3.6640E-08 5.7598E-08 1.4770E-06 2.4057E-10 2.4938E-10 2.5828E-10 2.6693E-10 2.7524E-10 2.8320E-10 2.9080E-10 2.9798E-10 3.0469E-10 3.1056E-10 3.1628E-10 3.2143E-10 3.2580E-10 3.2977E-10 3.3312E-10 3.3563E-10 3.3765E-10 3.3881E-10 3.3944E-10 3.3904E-10 3.3818E-10 3.3678E-10 3.3452E-10 3.3160E-10 3.2806E-10 3.2391E-10 3.1916E-10 3.1367E-10 3.0786E-10 3.0149E-10 2.9436E-10 2.8718E-10 2.7959E-10 2.7132E-10 2.6292E-10
4.2695E-11 4.9715E-11 5.6259E-11 6.2978E-11 6.9278E-11 7.6033E-11 8.2753E-11 8.9964E-11 9.7253E-11 1.0480E-10 1.1242E-10 1.2048E-10 1.2857E-10 1.3664E-10 1.4507E-10 1.5367E-10 1.6234E-10 1.7091E-10 1.7973E-10 9.1038E-10 1.9704E-08 9.9783E-08 2.1414E-10 2.2242E-10 2.3051E-10 2.3837E-10 2.4597E-10 2.5329E-10 2.6007E-10 2.6664E-10 2.7281E-10 2.7857E-10 2.8386E-10 2.8867E-10 2.9276E-10 2.9648E-10 2.9927E-10 3.0184E-10 3.0362E-10 3.0500E-10 3.0557E-10 3.0567E-10 3.0480E-10 3.0369E-10 3.0178E-10 2.9927E-10 2.9621E-10 2.9238E-10 2.8821E-10 2.8349E-10 2.7814E-10 2.7256E-10 2.6634E-10 2.5993E-10 2.5279E-10 2.4569E-10 2.3818E-10
3.2454E-11 3.9517E-11 4.6488E-11 5.3062E-11 5.9227E-11 6.5260E-11 7.1595E-11 7.7844E-11 8.4716E-11 9.1485E-11 9.8295E-11 1.0554E-10 1.1280E-10 1.2021E-10 1.2780E-10 1.3555E-10 1.4337E-10 1.5130E-10 1.5908E-10 1.6688E-10 1.7484E-10 1.8256E-10 1.9020E-10 1.9792E-10 2.0528E-10 2.1245E-10 2.1936E-10 2.2601E-10 2.3217E-10 2.3824E-10 2.4392E-10 2.4920E-10 2.5390E-10 2.5835E-10 2.6231E-10 2.6580E-10 2.6859E-10 2.7105E-10 2.7259E-10 2.7395E-10 2.7458E-10 2.7482E-10 2.7413E-10 2.7326E-10 2.7148E-10 2.6934E-10 2.6685E-10 2.6347E-10 2.5962E-10 2.5570E-10 2.5096E-10 2.4582E-10 2.4027E-10 2.3451E-10 2.2833E-10 2.2180E-10 2.1487E-10
2.3654E-11 3.0225E-11 3.6750E-11 4.3433E-11 4.9828E-11 5.5788E-11 6.1158E-11 6.7280E-11 7.3038E-11 7.9281E-11 8.5529E-11 9.2188E-11 9.8686E-11 1.0532E-10 1.1234E-10 1.1928E-10 1.2633E-10 1.3328E-10 1.4046E-10 1.4767E-10 1.5469E-10 1.6187E-10 1.6877E-10 1.7557E-10 1.8240E-10 1.8888E-10 1.9518E-10 2.0126E-10 2.0706E-10 2.1238E-10 2.1757E-10 2.2245E-10 2.2675E-10 2.3084E-10 2.3453E-10 2.3761E-10 2.4040E-10 2.4256E-10 2.4421E-10 2.4554E-10 2.4601E-10 2.4636E-10 2.4603E-10 2.4535E-10 2.4383E-10 2.4178E-10 2.3968E-10 2.3677E-10 2.3355E-10 2.2975E-10 2.2574E-10 2.2113E-10 2.1621E-10 2.1095E-10 2.0539E-10 1.9960E-10 1.9355E-10
1.5604E-11 2.1547E-11 2.7524E-11 3.4051E-11 3.9690E-11 4.5997E-11 5.2060E-11 5.7578E-11 6.2885E-11 6.8414E-11 7.4185E-11 7.9960E-11 8.5938E-11 9.1862E-11 9.8326E-11 1.0454E-10 1.1087E-10 1.1727E-10 1.2375E-10 1.3006E-10 1.3657E-10 1.4285E-10 1.4925E-10 1.5539E-10 1.6140E-10 1.6746E-10 1.7315E-10 1.7863E-10 1.8390E-10 1.8876E-10 1.9351E-10 1.9795E-10 2.0207E-10 2.0569E-10 2.0910E-10 2.1190E-10 2.1451E-10 2.1652E-10 2.1829E-10 2.1945E-10 2.2011E-10 2.2053E-10 2.2010E-10 2.1945E-10 2.1835E-10 2.1662E-10 2.1482E-10 2.1225E-10 2.0928E-10 2.0606E-10 2.0233E-10 1.9831E-10 1.9407E-10 1.8942E-10 1.8448E-10 1.7933E-10 1.7379E-10
9.7866E-12 1.3634E-11 1.9649E-11 2.5559E-11 3.0839E-11 3.6667E-11 4.2068E-11 4.8008E-11 5.3431E-11 5.8493E-11 6.3590E-11 6.8909E-11 7.4216E-11 7.9638E-11 8.5437E-11 9.0976E-11 9.6651E-11 1.0238E-10 1.0817E-10 1.1419E-10 1.1984E-10 1.2565E-10 1.3143E-10 1.3695E-10 1.4237E-10 1.4767E-10 1.5300E-10 1.5798E-10 1.6275E-10 1.6731E-10 1.7145E-10 1.7552E-10 1.7931E-10 1.8258E-10 1.8573E-10 1.8855E-10 1.9080E-10 1.9265E-10 1.9418E-10 1.9527E-10 1.9615E-10 1.9646E-10 1.9635E-10 1.9564E-10 1.9492E-10 1.9346E-10 1.9194E-10 1.8970E-10 1.8695E-10 1.8439E-10 1.8111E-10 1.7753E-10 1.7364E-10 1.6950E-10 1.6515E-10 1.6040E-10 1.5562E-10
4.9464E-12 8.2717E-12 1.2623E-11 1.7886E-11 2.2998E-11 2.8221E-11 3.3347E-11 3.8602E-11 4.3663E-11 4.9493E-11 5.4258E-11 5.8917E-11 6.3625E-11 6.8641E-11 7.3817E-11 7.8743E-11 8.3952E-11 8.9059E-11 9.4239E-11 9.9644E-11 1.0487E-10 1.1010E-10 1.1510E-10 1.2022E-10 1.2508E-10 1.2984E-10 1.3447E-10 1.3914E-10 1.4348E-10 1.4764E-10 1.5139E-10 1.5508E-10 1.5852E-10 1.6171E-10 1.6460E-10 1.6701E-10 1.6908E-10 1.7102E-10 1.7260E-10 1.7347E-10 1.7436E-10 1.7454E-10 1.7472E-10 1.7415E-10 1.7343E-10 1.7215E-10 1.7094E-10 1.6902E-10 1.6675E-10 1.6435E-10 1.6152E-10 1.5838E-10 1.5499E-10 1.5132E-10 1.4745E-10 1.4317E-10 1.3894E-10
1.9990E-12 4.2859E-12 7.3825E-12 1.1383E-11 1.5794E-11 2.1005E-11 2.5813E-11 3.0375E-11 3.5284E-11 4.0329E-11 4.4926E-11 5.0082E-11 5.4534E-11 5.8993E-11 6.3766E-11 6.8129E-11 7.2956E-11 7.7508E-11 8.2306E-11 8.6953E-11 9.1433E-11 9.6115E-11 1.0091E-10 1.0533E-10 1.0987E-10 1.1413E-10 1.1829E-10 1.2233E-10 1.2623E-10 1.2996E-10 1.3352E-10 1.3688E-10 1.4002E-10 1.4291E-10 1.4554E-10 1.4775E-10 1.4985E-10 1.5164E-10 1.5278E-10 1.5381E-10 1.5467E-10 1.5484E-10 1.5507E-10 1.5466E-10 1.5426E-10 1.5317E-10 1.5179E-10 1.5030E-10 1.4833E-10 1.4608E-10 1.4375E-10 1.4078E-10 1.3791E-10 1.3467E-10 1.3126E-10 1.2748E-10 1.2371E-10
3.8311E-13 1.4049E-12 3.6650E-12 6.2701E-12 9.8668E-12 1.4566E-11 1.9123E-11 2.3047E-11 2.7773E-11 3.1639E-11 3.6315E-11 4.0597E-11 4.5029E-11 4.9783E-11 5.3954E-11 5.8152E-11 6.2444E-11 6.6458E-11 7.0887E-11 7.5007E-11 7.9166E-11 8.3471E-11 8.7425E-11 9.1540E-11 9.5411E-11 9.9598E-11 1.0332E-10 1.0695E-10 1.1047E-10 1.1384E-10 1.1705E-10 1.2009E-10 1.2293E-10 1.2558E-10 1.2801E-10 1.2998E-10 1.3174E-10 1.3323E-10 1.3465E-10 1.3580E-10 1.3651E-10 1.3673E-10 1.3702E-10 1.3666E-10 1.3623E-10 1.3535E-10 1.3415E-10 1.3310E-10 1.3124E-10 1.2966E-10 1.2748E-10 1.2487E-10 1.2207E-10 1.1956E-10 1.1652E-10 1.1314E-10 1.0963E-10
0.0000E+00 1.9108E-13 9.8638E-13 2.8307E-12 5.2324E-12 8.6678E-12 1.2937E-11 1.6865E-11 2.1024E-11 2.4906E-11 2.8883E-11 3.2218E-11 3.6570E-11 4.0677E-11 4.4572E-11 4.8766E-11 5.2852E-11 5.6512E-11 6.0608E-11 6.4238E-11 6.8085E-11 7.1756E-11 7.5442E-11 7.9127E-11 8.2896E-11 8.6281E-11 8.9787E-11 9.3024E-11 9.6160E-11 9.9180E-11 1.0207E-10 1.0482E-10 1.0739E-10 1.0979E-10 1.1200E-10 1.1402E-10 1.1563E-10 1.1698E-10 1.1830E-10 1.1924E-10 1.1975E-10 1.2036E-10 1.2033E-10 1.2027E-10 1.1974E-10 1.1937E-10 1.1839E-10 1.1738E-10 1.1591E-10 1.1428E-10 1.1257E-10 1.1044E-10 1.0811E-10 1.0579E-10 1.0281E-10 9.9981E-11 9.7041E-11
0.0000E+00 0.0000E+00 0.0000E+00 5.9139E-13 2.2241E-12 4.5368E-12 7.3702E-12 1.1237E-11 1.4836E-11 1.8569E-11 2.1866E-11 2.5722E-11 2.9581E-11 3.2485E-11 3.6349E-11 4.0052E-11 4.3781E-11 4.7377E-11 5.1082E-11 5.4400E-11 5.7984E-11 6.1193E-11 6.4451E-11 6.8213E-11 7.1435E-11 7.4432E-11 7.7581E-11 8.0459E-11 8.3421E-11 8.6121E-11 8.8709E-11 9.1170E-11 9.3493E-11 9.5671E-11 9.7684E-11 9.9355E-11 1.0080E-10 1.0226E-10 1.0351E-10 1.0436E-10 1.0498E-10 1.0543E-10 1.0549E-10 1.0567E-10 1.0510E-10 1.0468E-10 1.0402E-10 1.0333E-10 1.0207E-10 1.0060E-10 9.8846E-11 9.7032E-11 9.5180E-11 9.3180E-11 9.0851E-11 8.7891E-11 8.5462E-11
0.0000E+00 0.0000E+00 0.0000E+00 0.0000E+00 3.9542E-13 1.6033E-12 3.3212E-12 6.0869E-12 9.6470E-12 1.2884E-11 1.6066E-11 1.9888E-11 2.2500E-11 2.5964E-11 2.9205E-11 3.2551E-11 3.6051E-11 3.9044E-11 4.2446E-11 4.5821E-11 4.8928E-11 5.2074E-11 5.5056E-11 5.8193E-11 6.1040E-11 6.3876E-11 6.6790E-11 6.9516E-11 7.1997E-11 7.4398E-11 7.6707E-11 7.8911E-11 8.0997E-11 8.2953E-11 8.4767E-11 8.6441E-11 8.7957E-11 8.9123E-11 9.0293E-11 9.0911E-11 9.1713E-11 9.2133E-11 9.2546E-11 9.2588E-11 9.2252E-11 9.1931E-11 9.1031E-11 9.0323E-11 8.9411E-11 8.8132E-11 8.6901E-11 8.5314E-11 8.3237E-11 8.1673E-11 7.9586E-11 7.7408E-11 7.5104E-11
0.0000E+00 0.0000E+00 0.0000E+00 0.0000E+00 0.0000E+00 1.9383E-13 1.0138E-12 2.6703E-12 5.1749E-12 7.9374E-12 1.1065E-11 1.4222E-11 1.6965E-11 2.0377E-11 2.2617E-11 2.5936E-11 2.8893E-11 3.1554E-11 3.4698E-11 3.7327E-11 4.0468E-11 4.3057E-11 4.6266E-11 4.9050E-11 5.1706E-11 5.4320E-11 5.6924E-11 5.9159E-11 6.1544E-11 6.3821E-11 6.5872E-11 6.7996E-11 6.9865E-11 7.1626E-11 7.3267E-11 7.4780E-11 7.6155E-11 7.7030E-11 7.8110E-11 7.9030E-11 7.9605E-11 7.9988E-11 8.0247E-11 8.0309E-11 8.0392E-11 8.0125E-11 7.9363E-11 7.8794E-11 7.7882E-11 7.6792E-11 7.5914E-11 7.4516E-11 7.3028E-11 7.1078E-11 6.9284E-11 6.7549E-11 6.5726E-11
0.0000E+00 0.0000E+00 0.0000E+00 0.0000E+00 0.0000E+00 0.0000E+00 0.0000E+00 7.9581E-13 2.2188E-12 3.9313E-12 6.6853E-12 9.4279E-12 1.2079E-11 1.5326E-11 1.7548E-11 2.0361E-11 2.2537E-11 2.5407E-11 2.8200E-11 3.0323E-11 3.3275E-11 3.5517E-11 3.8391E-11 4.0846E-11 4.3098E-11 4.5881E-11 4.7991E-11 5.0139E-11 5.2346E-11 5.4712E-11 5.6519E-11 5.8255E-11 6.0059E-11 6.1624E-11 6.3089E-11 6.4445E-11 6.5684E-11 6.6798E-11 6.7606E-11 6.8291E-11 6.8799E-11 6.9207E-11 6.9626E-11 6.9714E-11 6.9665E-11 6.9445E-11 6.9124E-11 6.8425E-11 6.7660E-11 6.6734E-11 6.5691E-11 6.4646E-11 6.3481E-11 6.2193E-11 6.0492E-11 5.8356E-11 5.6995E-11
0.0000E+00 0.0000E+00 0.0000E+00 0.0000E+00 0.0000E+00 0.0000E+00 0.0000E+00 0.0000E+00 5.8486E-13 1.4133E-12 3.2449E-12 5.2364E-12 7.7422E-12 9.9911E-12 1.2567E-11 1.5069E-11 1.7212E-11 1.9771E-11 2.1804E-11 2.4204E-11 2.6528E-11 2.8552E-11 3.1320E-11 3.3269E-11 3.5745E-11 3.7722E-11 3.9756E-11 4.1717E-11 4.4030E-11 4.5794E-11 4.7567E-11 4.9385E-11 5.1002E-11 5.2389E-11 5.3692E-11 5.5049E-11 5.6164E-11 5.7173E-11 5.7877E-11 5.8660E-11 5.9321E-11 5.9525E-11 5.9570E-11 5.9860E-11 5.9861E-11 5.9709E-11 5.9443E-11 5.8886E-11 5.8545E-11 5.7757E-11 5.6866E-11 5.5685E-11 5.4539E-11 5.3668E-11 5.2498E-11 5.0922E-11 4.9015E-11
0.0000E+00 0.0000E+00 0.0000E+00 0.0000E+00 0.0000E+00 0.0000E+00 0.0000E+00 0.0000E+00 0.0000E+00 1.9335E-13 9.9048E-13 2.2123E-12 3.9044E-12 6.2122E-12 8.6713E-12 1.0386E-11 1.2916E-11 1.4880E-11 1.6941E-11 1.9018E-11 2.0765E-11 2.2800E-11 2.5156E-11 2.6979E-11 2.9058E-11 3.0916E-11 3.2483E-11 3.4719E-11 3.6626E-11 3.8019E-11 3.9674E-11 4.1294E-11 4.2566E-11 4.4092E-11 4.5388E-11 4.6462E-11 4.7454E-11 4.8339E-11 4.9151E-11 5.0008E-11 5.0467E-11 5.0777E-11 5.1177E-11 5.1466E-11 5.1465E-11 5.1213E-11 5.1010E-11 5.0537E-11 5.0112E-11 4.9563E-11 4.8784E-11 4.7920E-11 4.6944E-11 4.5915E-11 4.4953E-11 4.3902E-11 4.2659E-11
0.0000E+00 0.0000E+00 0.0000E+00 0.0000E+00 0.0000E+00 0.0000E+00 0.0000E+00 0.0000E+00 0.0000E+00 0.0000E+00 0.0000E+00 5.8531E-13 1.5788E-12 3.1993E-12 4.7161E-12 6.8916E-12 9.3454E-12 1.0715E-11 1.3011E-11 1.4533E-11 1.6356E-11 1.8358E-11 1.9925E-11 2.1831E-11 2.3499E-11 2.5123E-11 2.6987E-11 2.8843E-11 3.0188E-11 3.1372E-11 3.3173E-11 3.4640E-11 3.5736E-11 3.7079E-11 3.8233E-11 3.9170E-11 4.0178E-11 4.1122E-11 4.1844E-11 4.2293E-11 4.2848E-11 4.3138E-11 4.3512E-11 4.3791E-11 4.3779E-11 4.3716E-11 4.3533E-11 4.3114E-11 4.2768E-11 4.2311E-11 4.1640E-11 4.1203E-11 4.0354E-11 3.9444E-11 3.8288E-11 3.7245E-11 3.6480E-11
0.0000E+00 0.0000E+00 0.0000E+00 0.0000E+00 0.0000E+00 0.0000E+00 0.0000E+00 0.0000E+00 0.0000E+00 0.0000E+00 0.0000E+00 0.0000E+00 1.9109E-13 1.1522E-12 1.9821E-12 3.9732E-12 5.3341E-12 7.3452E-12 8.8832E-12 1.0586E-11 1.2463E-11 1.4094E-11 1.5603E-11 1.7144E-11 1.8760E-11 2.0027E-11 2.1848E-11 2.3163E-11 2.4308E-11 2.5948E-11 2.7277E-11 2.8384E-11 2.9626E-11 3.0674E-11 3.1533E-11 3.2482E-11 3.3553E-11 3.4254E-11 3.5043E-11 3.5447E-11 3.6086E-11 3.6509E-11 3.6854E-11 3.6931E-11 3.6944E-11 3.6902E-11 3.6930E-11 3.6875E-11 3.6404E-11 3.6030E-11 3.5237E-11 3.4759E-11 3.4176E-11 3.3559E-11 3.2694E-11 3.1788E-11 3.0679E-11
0.0000E+00 0.0000E+00 0.0000E+00 0.0000E+00 0.0000E+00 0.0000E+00 0.0000E+00 0.0000E+00 0.0000E+00 0.0000E+00 0.0000E+00 0.0000E+00 0.0000E+00 0.0000E+00 3.8251E-13 1.5323E-12 2.5449E-12 4.3543E-12 5.5555E-12 7.5331E-12 8.8907E-12 9.9813E-12 1.1978E-11 1.3031E-11 1.4562E-11 1.6007E-11 1.7450E-11 1.8423E-11 1.9739E-11 2.1074E-11 2.2049E-11 2.3001E-11 2.4250E-11 2.5357E-11 2.6278E-11 2.7264E-11 2.8076E-11 2.8684E-11 2.9238E-11 2.9880E-11 3.0136E-11 3.0344E-11 3.0660E-11 3.0910E-11 3.0928E-11 3.0990E-11 3.1041E-11 3.0849E-11 3.0766E-11 3.0464E-11 2.9930E-11 2.9336E-11 2.8688E-11 2.8135E-11 2.7571E-11 2.6764E-11 2.5930E-11
0.0000E+00 0.0000E+00 0.0000E+00 0.0000E+00 0.0000E+00 0.0000E+00 0.0000E+00 0.0000E+00 0.0000E+00 0.0000E+00 0.0000E+00 0.0000E+00 0.0000E+00 0.0000E+00 0.0000E+00 0.0000E+00 7.4829E-13 1.8993E-12 2.9193E-12 4.7234E-12 5.5817E-12 7.1559E-12 8.6210E-12 9.6706E-12 1.0873E-11 1.2343E-11 1.3449E-11 1.4417E-11 1.5586E-11 1.6573E-11 1.7399E-11 1.8873E-11 1.9875E-11 2.0520E-11 2.1444E-11 2.2181E-11 2.2905E-11 2.3427E-11 2.4053E-11 2.4641E-11 2.5029E-11 2.5366E-11 2.5791E-11 2.6020E-11 2.5847E-11 2.5797E-11 2.5862E-11 2.5705E-11 2.5657E-11 2.5227E-11 2.5074E-11 2.4712E-11 2.4098E-11 2.3647E-11 2.2845E-11 2.2296E-11 2.1746E-11
0.0000E+00 0.0000E+00 0.0000E+00 0.0000E+00 0.0000E+00 0.0000E+00 0.0000E+00 0.0000E+00 0.0000E+00 0.0000E+00 0.0000E+00 0.0000E+00 0.0000E+00 0.0000E+00 0.0000E+00 0.0000E+00 0.0000E+00 0.0000E+00 9.2809E-13 2.0673E-12 3.1035E-12 4.3454E-12 5.3588E-12 6.8991E-12 7.7937E-12 9.0906E-12 1.0048E-11 1.0900E-11 1.1905E-11 1.2758E-11 1.3994E-11 1.5013E-11 1.5708E-11 1.6238E-11 1.7230E-11 1.7874E-11 1.8345E-11 1.9088E-11 1.9500E-11 1.9876E-11 2.0213E-11 2.0654E-11 2.0908E-11 2.1267E-11 2.1431E-11 2.1548E-11 2.1428E-11 2.1116E-11 2.1099E-11 2.0722E-11 2.0616E-11 2.0288E-11 1.9948E-11 1.9720E-11 1.9122E-11 1.8503E-11 1.7832E-11
0.0000E+00 0.0000E+00 0.0000E+00 0.0000E+00 0.0000E+00 0.0000E+00 0.0000E+00 0.0000E+00 0.0000E+00 0.0000E+00 0.0000E+00 0.0000E+00 0.0000E+00 0.0000E+00 0.0000E+00 0.0000E+00 0.0000E+00 0.0000E+00 0.0000E+00 0.0000E+00 1.0990E-12 1.8642E-12 3.2537E-12 4.2977E-12 4.9165E-12 6.2330E-12 7.0710E-12 7.9554E-12 8.8399E-12 9.5739E-12 1.0679E-11 1.1422E-11 1.2007E-11 1.2764E-11 1.3671E-11 1.4081E-11 1.4775E-11 1.5147E-11 1.5657E-11 1.5976E-11 1.6410E-11 1.6820E-11 1.7045E-11 1.7233E-11 1.7203E-11 1.7318E-11 1.7395E-11 1.7433E-11 1.7271E-11 1.7056E-11 1.6820E-11 1.6544E-11 1.6406E-11 1.5907E-11 1.5709E-11 1.5327E-11 1.4741E-11
0.0000E+00 0.0000E+00 0.0000E+00 0.0000E+00 0.0000E+00 0.0000E+00 0.0000E+00 0.0000E+00 0.0000E+00 0.0000E+00 0.0000E+00 0.0000E+00 0.0000E+00 0.0000E+00 0.0000E+00 0.0000E+00 0.0000E+00 0.0000E+00 0.0000E+00 0.0000E+00 0.0000E+00 0.0000E+00 1.0747E-12 1.8497E-12 2.8485E-12 4.0519E-12 4.4546E-12 5.3614E-12 5.9836E-12 7.1210E-12 7.7721E-12 8.4149E-12 8.9033E-12 9.9206E-12 1.0406E-11 1.0734E-11 1.1525E-11 1.1830E-11 1.2116E-11 1.2680E-11 1.2926E-11 1.3147E-11 1.3500E-11 1.3666E-11 1.3951E-11 1.4058E-11 1.4134E-11 1.3837E-11 1.3855E-11 1.3841E-11 1.3795E-11 1.3559E-11 1.3116E-11 1.2677E-11 1.2535E-11 1.2365E-11 1.2023E-11
