Assets/Resources/2015_m01_d11_1300(utc+0800)_l00_csi_1hr_conc.grd
DSAA
         159         159
     -79.000      79.000
     -79.000      79.000
  0.0000E+00  0.3895E-05
[rows 25 to 49 of 159, columns 57 to 113 of 159]
2.2838E-09 2.3467E-09 2.4077E-09 2.4665E-09 2.5228E-09 2.5765E-09 2.6273E-09 2.6751E-09 2.7198E-09 2.7610E-09 2.7987E-09 2.8327E-09 2.8629E-09 2.8892E-09 2.9115E-09 2.9296E-09 2.9437E-09 2.9535E-09 2.9590E-09 2.9603E-09 2.9573E-09 2.9501E-09 2.9386E-09 2.9229E-09 2.9032E-09 2.8794E-09 2.8517E-09 2.8201E-09 2.7849E-09 2.7461E-09 2.7039E-09 2.6585E-09 2.6100E-09 2.5587E-09 2.5047E-09 2.4483E-09 2.3895E-09 2.3287E-09 2.2661E-09 2.2018E-09 2.1357E-09 2.0682E-09 2.0000E-09 1.9315E-09 1.8619E-09 1.7920E-09 1.7228E-09 1.6532E-09 1.5841E-09 1.5155E-09 1.4476E-09 1.3806E-09 1.3145E-09 1.2492E-09 1.1855E-09 1.1229E-09 1.0616E-09
2.1998E-09 2.2614E-09 2.3211E-09 2.3787E-09 2.4340E-09 2.4869E-09 2.5371E-09 2.5844E-09 2.6287E-09 2.6698E-09 2.7074E-09 2.7416E-09 2.7721E-09 2.7989E-09 2.8218E-09 2.8407E-09 2.8556E-09 2.8665E-09 2.8732E-09 2.8757E-09 2.8741E-09 2.8684E-09 2.8585E-09 2.8445E-09 2.8265E-09 2.8045E-09 2.7787E-09 2.7491E-09 2.7159E-09 2.6791E-09 2.6390E-09 2.5957E-09 2.5494E-09 2.5002E-09 2.4483E-09 2.3940E-09 2.3373E-09 2.2786E-09 2.2180E-09 2.1554E-09 2.0914E-09 2.0261E-09 1.9599E-09 1.8928E-09 1.8256E-09 1.7576E-09 1.6897E-09 1.6220E-09 1.5548E-09 1.4875E-09 1.4214E-09 1.3557E-09 1.2910E-09 1.2273E-09 1.1644E-09 1.1031E-09 1.0432E-09
2.1148E-09 2.1749E-09 2.2332E-09 2.2896E-09 2.3439E-09 2.3958E-09 2.4453E-09 2.4920E-09 2.5358E-09 2.5766E-09 2.6142E-09 2.6484E-09 2.6791E-09 2.7062E-09 2.7296E-09 2.7492E-09 2.7649E-09 2.7767E-09 2.7845E-09 2.7882E-09 2.7879E-09 2.7836E-09 2.7752E-09 2.7628E-09 2.7465E-09 2.7264E-09 2.7024E-09 2.6747E-09 2.6435E-09 2.6087E-09 2.5707E-09 2.5295E-09 2.4853E-09 2.4382E-09 2.3885E-09 2.3363E-09 2.2818E-09 2.2252E-09 2.1664E-09 2.1062E-09 2.0439E-09 1.9807E-09 1.9169E-09 1.8517E-09 1.7859E-09 1.7202E-09 1.6543E-09 1.5885E-09 1.5227E-09 1.4575E-09 1.3926E-09 1.3288E-09 1.2653E-09 1.2031E-09 1.1419E-09 1.0817E-09 1.0231E-09
2.0292E-09 2.0877E-09 2.1445E-09 2.1996E-09 2.2527E-09 2.3037E-09 2.3523E-09 2.3983E-09 2.4416E-09 2.4820E-09 2.5193E-09 2.5535E-09 2.5843E-09 2.6116E-09 2.6354E-09 2.6556E-09 2.6720E-09 2.6846E-09 2.6933E-09 2.6982E-09 2.6991E-09 2.6961E-09 2.6891E-09 2.6783E-09 2.6637E-09 2.6452E-09 2.6231E-09 2.5973E-09 2.5680E-09 2.5353E-09 2.4993E-09 2.4601E-09 2.4180E-09 2.3731E-09 2.3256E-09 2.2756E-09 2.2233E-09 2.1688E-09 2.1120E-09 2.0534E-09 1.9939E-09 1.9328E-09 1.8706E-09 1.8077E-09 1.7442E-09 1.6803E-09 1.6163E-09 1.5525E-09 1.4884E-09 1.4251E-09 1.3619E-09 1.2995E-09 1.2378E-09 1.1768E-09 1.1170E-09 1.0587E-09 1.0012E-09
1.9433E-09 2.0001E-09 2.0555E-09 2.1092E-09 2.1610E-09 2.2109E-09 2.2585E-09 2.3037E-09 2.3464E-09 2.3863E-09 2.4233E-09 2.4572E-09 2.4880E-09 2.5155E-09 2.5396E-09 2.5602E-09 2.5772E-09 2.5906E-09 2.6002E-09 2.6060E-09 2.6080E-09 2.6063E-09 2.6007E-09 2.5914E-09 2.5783E-09 2.5615E-09 2.5411E-09 2.5172E-09 2.4898E-09 2.4591E-09 2.4251E-09 2.3880E-09 2.3481E-09 2.3053E-09 2.2599E-09 2.2121E-09 2.1618E-09 2.1092E-09 2.0547E-09 1.9985E-09 1.9409E-09 1.8818E-09 1.8222E-09 1.7611E-09 1.6996E-09 1.6382E-09 1.5761E-09 1.5140E-09 1.4521E-09 1.3902E-09 1.3292E-09 1.2683E-09 1.2081E-09 1.1491E-09 1.0907E-09 1.0337E-09 9.7802E-10
1.8575E-09 1.9126E-09 1.9663E-09 2.0186E-09 2.0691E-09 2.1178E-09 2.1643E-09 2.2087E-09 2.2506E-09 2.2899E-09 2.3264E-09 2.3601E-09 2.3908E-09 2.4184E-09 2.4426E-09 2.4636E-09 2.4811E-09 2.4950E-09 2.5054E-09 2.5121E-09 2.5152E-09 2.5146E-09 2.5104E-09 2.5024E-09 2.4909E-09 2.4757E-09 2.4570E-09 2.4348E-09 2.4093E-09 2.3805E-09 2.3485E-09 2.3135E-09 2.2756E-09 2.2350E-09 2.1917E-09 2.1460E-09 2.0976E-09 2.0475E-09 1.9949E-09 1.9410E-09 1.8859E-09 1.8290E-09 1.7709E-09 1.7127E-09 1.6533E-09 1.5937E-09 1.5339E-09 1.4736E-09 1.4136E-09 1.3539E-09 1.2942E-09 1.2355E-09 1.1769E-09 1.1193E-09 1.0630E-09 1.0072E-09 9.5305E-10
1.7722E-09 1.8255E-09 1.8775E-09 1.9283E-09 1.9774E-09 2.0247E-09 2.0702E-09 2.1135E-09 2.1546E-09 2.1932E-09 2.2293E-09 2.2626E-09 2.2930E-09 2.3205E-09 2.3449E-09 2.3660E-09 2.3839E-09 2.3984E-09 2.4094E-09 2.4170E-09 2.4210E-09 2.4215E-09 2.4185E-09 2.4119E-09 2.4017E-09 2.3881E-09 2.3710E-09 2.3506E-09 2.3268E-09 2.2999E-09 2.2699E-09 2.2369E-09 2.2010E-09 2.1625E-09 2.1214E-09 2.0774E-09 2.0316E-09 1.9831E-09 1.9330E-09 1.8816E-09 1.8282E-09 1.7738E-09 1.7182E-09 1.6617E-09 1.6050E-09 1.5474E-09 1.4893E-09 1.4315E-09 1.3733E-09 1.3157E-09 1.2579E-09 1.2004E-09 1.1443E-09 1.0883E-09 1.0333E-09 9.7977E-10 9.2683E-10
1.6883E-09 1.7390E-09 1.7894E-09 1.8385E-09 1.8861E-09 1.9322E-09 1.9764E-09 2.0187E-09 2.0588E-09 2.0966E-09 2.1321E-09 2.1649E-09 2.1950E-09 2.2223E-09 2.2467E-09 2.2680E-09 2.2861E-09 2.3011E-09 2.3127E-09 2.3210E-09 2.3259E-09 2.3274E-09 2.3254E-09 2.3200E-09 2.3113E-09 2.2991E-09 2.2836E-09 2.2648E-09 2.2428E-09 2.2177E-09 2.1896E-09 2.1585E-09 2.1247E-09 2.0882E-09 2.0491E-09 2.0073E-09 1.9631E-09 1.9174E-09 1.8695E-09 1.8199E-09 1.7692E-09 1.7167E-09 1.6633E-09 1.6095E-09 1.5546E-09 1.4992E-09 1.4434E-09 1.3873E-09 1.3316E-09 1.2755E-09 1.2199E-09 1.1646E-09 1.1097E-09 1.0559E-09 1.0027E-09 9.5065E-10 8.9983E-10
1.6362E-09 1.6557E-09 1.7022E-09 1.7496E-09 1.7957E-09 1.8404E-09 1.8833E-09 1.9244E-09 1.9636E-09 2.0005E-09 2.0353E-09 2.0675E-09 2.0972E-09 2.1243E-09 2.1485E-09 2.1699E-09 2.1882E-09 2.2035E-09 2.2156E-09 2.2245E-09 2.2302E-09 2.2325E-09 2.2316E-09 2.2274E-09 2.2199E-09 2.2091E-09 2.1951E-09 2.1779E-09 2.1576E-09 2.1342E-09 2.1079E-09 2.0788E-09 2.0470E-09 2.0124E-09 1.9751E-09 1.9351E-09 1.8936E-09 1.8498E-09 1.8043E-09 1.7571E-09 1.7081E-09 1.6583E-09 1.6073E-09 1.5554E-09 1.5030E-09 1.4495E-09 1.3960E-09 1.3422E-09 1.2881E-09 1.2344E-09 1.1804E-09 1.1270E-09 1.0745E-09 1.0220E-09 9.7117E-10 9.2057E-10 8.7102E-10
1.6241E-09 1.6050E-09 1.6209E-09 1.6625E-09 1.7065E-09 1.7496E-09 1.7912E-09 1.8311E-09 1.8692E-09 1.9052E-09 1.9392E-09 1.9708E-09 2.0000E-09 2.0267E-09 2.0507E-09 2.0720E-09 2.0904E-09 2.1060E-09 2.1185E-09 2.1279E-09 2.1342E-09 2.1374E-09 2.1374E-09 2.1343E-09 2.1279E-09 2.1184E-09 2.1058E-09 2.0902E-09 2.0715E-09 2.0498E-09 2.0253E-09 1.9980E-09 1.9680E-09 1.9351E-09 1.8998E-09 1.8623E-09 1.8226E-09 1.7810E-09 1.7377E-09 1.6924E-09 1.6463E-09 1.5985E-09 1.5498E-09 1.5003E-09 1.4496E-09 1.3989E-09 1.3472E-09 1.2956E-09 1.2437E-09 1.1915E-09 1.1402E-09 1.0886E-09 1.0378E-09 9.8767E-10 9.3792E-10 8.8967E-10 8.4217E-10
1.6660E-09 1.5942E-09 1.5682E-09 1.5829E-09 1.6213E-09 1.6602E-09 1.7005E-09 1.7391E-09 1.7760E-09 1.8111E-09 1.8441E-09 1.8750E-09 1.9036E-09 1.9299E-09 1.9536E-09 1.9748E-09 1.9932E-09 2.0089E-09 2.0217E-09 2.0316E-09 2.0385E-09 2.0424E-09 2.0432E-09 2.0410E-09 2.0358E-09 2.0275E-09 2.0163E-09 2.0020E-09 1.9848E-09 1.9648E-09 1.9421E-09 1.9165E-09 1.8880E-09 1.8571E-09 1.8238E-09 1.7883E-09 1.7507E-09 1.7114E-09 1.6702E-09 1.6274E-09 1.5831E-09 1.5380E-09 1.4914E-09 1.4437E-09 1.3958E-09 1.3467E-09 1.2977E-09 1.2479E-09 1.1980E-09 1.1483E-09 1.0984E-09 1.0495E-09 1.0003E-09 9.5207E-10 9.0464E-10 8.5769E-10 8.1214E-10
1.8020E-09 1.6479E-09 1.5608E-09 1.5360E-09 1.5421E-09 1.5762E-09 1.6120E-09 1.6486E-09 1.6843E-09 1.7183E-09 1.7504E-09 1.7805E-09 1.8085E-09 1.8342E-09 1.8576E-09 1.8785E-09 1.8969E-09 1.9126E-09 1.9256E-09 1.9358E-09 1.9432E-09 1.9478E-09 1.9494E-09 1.9481E-09 1.9439E-09 1.9367E-09 1.9267E-09 1.9138E-09 1.8981E-09 1.8796E-09 1.8584E-09 1.8342E-09 1.8076E-09 1.7785E-09 1.7472E-09 1.7137E-09 1.6783E-09 1.6410E-09 1.6019E-09 1.5612E-09 1.5196E-09 1.4764E-09 1.4321E-09 1.3868E-09 1.3407E-09 1.2943E-09 1.2470E-09 1.1997E-09 1.1517E-09 1.1038E-09 1.0566E-09 1.0089E-09 9.6250E-10 9.1586E-10 8.6994E-10 8.2571E-10 7.8141E-10
2.0872E-09 1.7951E-09 1.6232E-09 1.5305E-09 1.4948E-09 1.4988E-09 1.5301E-09 1.5598E-09 1.5943E-09 1.6272E-09 1.6583E-09 1.6875E-09 1.7148E-09 1.7399E-09 1.7629E-09 1.7835E-09 1.8017E-09 1.8174E-09 1.8305E-09 1.8410E-09 1.8488E-09 1.8539E-09 1.8562E-09 1.8557E-09 1.8524E-09 1.8463E-09 1.8374E-09 1.8258E-09 1.8115E-09 1.7944E-09 1.7744E-09 1.7519E-09 1.7270E-09 1.6998E-09 1.6704E-09 1.6390E-09 1.6055E-09 1.5703E-09 1.5332E-09 1.4952E-09 1.4554E-09 1.4146E-09 1.3722E-09 1.3290E-09 1.2855E-09 1.2408E-09 1.1960E-09 1.1503E-09 1.1049E-09 1.0593E-09 1.0134E-09 9.6860E-10 9.2339E-10 8.7931E-10 8.3560E-10 7.9226E-10 7.5085E-10
2.5923E-09 2.0898E-09 1.7874E-09 1.5986E-09 1.4915E-09 1.4499E-09 1.4549E-09 1.4805E-09 1.5063E-09 1.5380E-09 1.5681E-09 1.5964E-09 1.6229E-09 1.6474E-09 1.6698E-09 1.6901E-09 1.7080E-09 1.7236E-09 1.7368E-09 1.7475E-09 1.7556E-09 1.7611E-09 1.7640E-09 1.7642E-09 1.7618E-09 1.7566E-09 1.7488E-09 1.7384E-09 1.7250E-09 1.7093E-09 1.6905E-09 1.6699E-09 1.6467E-09 1.6212E-09 1.5938E-09 1.5642E-09 1.5327E-09 1.4994E-09 1.4649E-09 1.4286E-09 1.3912E-09 1.3521E-09 1.3120E-09 1.2713E-09 1.2295E-09 1.1874E-09 1.1442E-09 1.1013E-09 1.0576E-09 1.0138E-09 9.7069E-10 9.2714E-10 8.8477E-10 8.4212E-10 8.0034E-10 7.5956E-10 7.1900E-10
3.3409E-09 2.6167E-09 2.1052E-09 1.7701E-09 1.5568E-09 1.4473E-09 1.4027E-09 1.4071E-09 1.4204E-09 1.4509E-09 1.4799E-09 1.5073E-09 1.5330E-09 1.5568E-09 1.5786E-09 1.5984E-09 1.6161E-09 1.6315E-09 1.6447E-09 1.6555E-09 1.6638E-09 1.6697E-09 1.6731E-09 1.6739E-09 1.6722E-09 1.6680E-09 1.6612E-09 1.6514E-09 1.6395E-09 1.6246E-09 1.6078E-09 1.5885E-09 1.5669E-09 1.5433E-09 1.5175E-09 1.4898E-09 1.4601E-09 1.4292E-09 1.3965E-09 1.3625E-09 1.3267E-09 1.2897E-09 1.2521E-09 1.2133E-09 1.1739E-09 1.1333E-09 1.0929E-09 1.0515E-09 1.0105E-09 9.6872E-10 9.2704E-10 8.8633E-10 8.4519E-10 8.0538E-10 7.6519E-10 7.2569E-10 6.8807E-10
4.4246E-09 3.4390E-09 2.6478E-09 2.1017E-09 1.7323E-09 1.5050E-09 1.3919E-09 1.3472E-09 1.3479E-09 1.3662E-09 1.3941E-09 1.4205E-09 1.4453E-09 1.4683E-09 1.4895E-09 1.5088E-09 1.5261E-09 1.5414E-09 1.5544E-09 1.5652E-09 1.5737E-09 1.5799E-09 1.5837E-09 1.5851E-09 1.5841E-09 1.5806E-09 1.5743E-09 1.5656E-09 1.5546E-09 1.5414E-09 1.5258E-09 1.5079E-09 1.4880E-09 1.4659E-09 1.4419E-09 1.4158E-09 1.3885E-09 1.3593E-09 1.3287E-09 1.2962E-09 1.2625E-09 1.2280E-09 1.1922E-09 1.1557E-09 1.1178E-09 1.0800E-09 1.0410E-09 1.0024E-09 9.6274E-10 9.2347E-10 8.8421E-10 8.4477E-10 8.0648E-10 7.6768E-10 7.3023E-10 6.9289E-10 6.5612E-10
5.9065E-09 4.6023E-09 3.5239E-09 2.6655E-09 2.0681E-09 1.6764E-09 1.4491E-09 1.3268E-09 1.2881E-09 1.2873E-09 1.3108E-09 1.3361E-09 1.3600E-09 1.3822E-09 1.4028E-09 1.4215E-09 1.4384E-09 1.4533E-09 1.4662E-09 1.4770E-09 1.4856E-09 1.4920E-09 1.4961E-09 1.4980E-09 1.4972E-09 1.4944E-09 1.4889E-09 1.4813E-09 1.4712E-09 1.4593E-09 1.4447E-09 1.4286E-09 1.4097E-09 1.3893E-09 1.3671E-09 1.3432E-09 1.3174E-09 1.2900E-09 1.2611E-09 1.2306E-09 1.1993E-09 1.1665E-09 1.1329E-09 1.0979E-09 1.0627E-09 1.0264E-09 9.9015E-10 9.5280E-10 9.1606E-10 8.7841E-10 8.4084E-10 8.0422E-10 7.6700E-10 7.3113E-10 6.9486E-10 6.5963E-10 6.2522E-10
7.8639E-09 6.2055E-09 4.7555E-09 3.5572E-09 2.6406E-09 2.0053E-09 1.5986E-09 1.3699E-09 1.2629E-09 1.2194E-09 1.2301E-09 1.2544E-09 1.2773E-09 1.2987E-09 1.3185E-09 1.3367E-09 1.3531E-09 1.3676E-09 1.3803E-09 1.3910E-09 1.3996E-09 1.4062E-09 1.4106E-09 1.4124E-09 1.4121E-09 1.4097E-09 1.4053E-09 1.3985E-09 1.3895E-09 1.3785E-09 1.3657E-09 1.3503E-09 1.3332E-09 1.3144E-09 1.2939E-09 1.2715E-09 1.2474E-09 1.2217E-09 1.1945E-09 1.1663E-09 1.1365E-09 1.1060E-09 1.0738E-09 1.0414E-09 1.0077E-09 9.7396E-10 9.3900E-10 9.0452E-10 8.6899E-10 8.3401E-10 7.9862E-10 7.6313E-10 7.2881E-10 6.9395E-10 6.6023E-10 6.2680E-10 5.9361E-10
1.0315E-08 8.3065E-09 6.4552E-09 4.8538E-09 3.5423E-09 2.5719E-09 1.9069E-09 1.4994E-09 1.2829E-09 1.1747E-09 1.1597E-09 1.1754E-09 1.1973E-09 1.2179E-09 1.2369E-09 1.2545E-09 1.2703E-09 1.2845E-09 1.2969E-09 1.3074E-09 1.3160E-09 1.3222E-09 1.3268E-09 1.3290E-09 1.3292E-09 1.3273E-09 1.3237E-09 1.3177E-09 1.3098E-09 1.2997E-09 1.2878E-09 1.2736E-09 1.2583E-09 1.2411E-09 1.2219E-09 1.2011E-09 1.1786E-09 1.1545E-09 1.1294E-09 1.1027E-09 1.0751E-09 1.0458E-09 1.0162E-09 9.8515E-10 9.5400E-10 9.2151E-10 8.8937E-10 8.5608E-10 8.2318E-10 7.8975E-10 7.5610E-10 7.2347E-10 6.9018E-10 6.5806E-10 6.2577E-10 5.9436E-10 5.6333E-10
1.3213E-08 1.0930E-08 8.6944E-09 6.6285E-09 4.8641E-09 3.4697E-09 2.4378E-09 1.7683E-09 1.3853E-09 1.1758E-09 1.1022E-09 1.0992E-09 1.1202E-09 1.1398E-09 1.1581E-09 1.1750E-09 1.1903E-09 1.2040E-09 1.2161E-09 1.2260E-09 1.2345E-09 1.2408E-09 1.2452E-09 1.2480E-09 1.2485E-09 1.2472E-09 1.2439E-09 1.2391E-09 1.2316E-09 1.2227E-09 1.2118E-09 1.1995E-09 1.1851E-09 1.1693E-09 1.1512E-09 1.1321E-09 1.1111E-09 1.0890E-09 1.0653E-09 1.0406E-09 1.0142E-09 9.8734E-10 9.5904E-10 9.3050E-10 9.0053E-10 8.7062E-10 8.3980E-10 8.0908E-10 7.7770E-10 7.4599E-10 7.1516E-10 6.8356E-10 6.5298E-10 6.2215E-10 5.9205E-10 5.6221E-10 5.3264E-10
1.6398E-08 1.4017E-08 1.1484E-08 8.9770E-09 6.6987E-09 4.7830E-09 3.3077E-09 2.2561E-09 1.6055E-09 1.2485E-09 1.0689E-09 1.0351E-09 1.0460E-09 1.0648E-09 1.0822E-09 1.0984E-09 1.1131E-09 1.1260E-09 1.1376E-09 1.1473E-09 1.1553E-09 1.1619E-09 1.1664E-09 1.1695E-09 1.1701E-09 1.1696E-09 1.1669E-09 1.1624E-09 1.1561E-09 1.1481E-09 1.1386E-09 1.1271E-09 1.1139E-09 1.0990E-09 1.0826E-09 1.0648E-09 1.0454E-09 1.0248E-09 1.0029E-09 9.7936E-10 9.5527E-10 9.2966E-10 9.0374E-10 8.7630E-10 8.4883E-10 8.2036E-10 7.9187E-10 7.6262E-10 7.3313E-10 7.0399E-10 6.7417E-10 6.4524E-10 6.1598E-10 5.8748E-10 5.5876E-10 5.3077E-10 5.0326E-10
1.9641E-08 1.7403E-08 1.4747E-08 1.1911E-08 9.1213E-09 6.6294E-09 4.5879E-09 3.0644E-09 2.0358E-09 1.4332E-09 1.1020E-09 9.8768E-10 9.7482E-10 9.9267E-10 1.0093E-09 1.0244E-09 1.0385E-09 1.0509E-09 1.0617E-09 1.0715E-09 1.0793E-09 1.0858E-09 1.0904E-09 1.0934E-09 1.0947E-09 1.0942E-09 1.0921E-09 1.0883E-09 1.0831E-09 1.0759E-09 1.0673E-09 1.0568E-09 1.0447E-09 1.0309E-09 1.0160E-09 9.9927E-10 9.8159E-10 9.6196E-10 9.4169E-10 9.1993E-10 8.9735E-10 8.7366E-10 8.4911E-10 8.2390E-10 7.9797E-10 7.7137E-10 7.4467E-10 7.1704E-10 6.9008E-10 6.6212E-10 6.3493E-10 6.0730E-10 5.8033E-10 5.5303E-10 5.2632E-10 5.0000E-10 4.7401E-10
2.2598E-08 2.0791E-08 1.8314E-08 1.5358E-08 1.2173E-08 9.1075E-09 6.4147E-09 4.2891E-09 2.7725E-09 1.7892E-09 1.2364E-09 9.8520E-10 9.1956E-10 9.2328E-10 9.3878E-10 9.5310E-10 9.6652E-10 9.7840E-10 9.8915E-10 9.9855E-10 1.0059E-09 1.0124E-09 1.0174E-09 1.0201E-09 1.0217E-09 1.0216E-09 1.0203E-09 1.0174E-09 1.0125E-09 1.0061E-09 9.9809E-10 9.8861E-10 9.7763E-10 9.6534E-10 9.5129E-10 9.3621E-10 9.1926E-10 9.0160E-10 8.8229E-10 8.6247E-10 8.4093E-10 8.1926E-10 7.9610E-10 7.7290E-10 7.4838E-10 7.2408E-10 6.9855E-10 6.7359E-10 6.4755E-10 6.2216E-10 5.9624E-10 5.7086E-10 5.4507E-10 5.1973E-10 4.9470E-10 4.7008E-10 4.4609E-10
2.4853E-08 2.3801E-08 2.1865E-08 1.9095E-08 1.5770E-08 1.2243E-08 8.8970E-09 6.0609E-09 3.9051E-09 2.4434E-09 1.5290E-09 1.0629E-09 8.9032E-10 8.5671E-10 8.7160E-10 8.8523E-10 8.9797E-10 9.0928E-10 9.1932E-10 9.2842E-10 9.3592E-10 9.4193E-10 9.4669E-10 9.4985E-10 9.5193E-10 9.5253E-10 9.5128E-10 9.4863E-10 9.4463E-10 9.3890E-10 9.3151E-10 9.2314E-10 9.1289E-10 9.0174E-10 8.8875E-10 8.7470E-10 8.5954E-10 8.4277E-10 8.2542E-10 8.0637E-10 7.8711E-10 7.6634E-10 7.4544E-10 7.2319E-10 7.0090E-10 6.7767E-10 6.5455E-10 6.3063E-10 6.0709E-10 5.8293E-10 5.5902E-10 5.3497E-10 5.1108E-10 4.8742E-10 4.6405E-10 4.4122E-10 4.1829E-10
2.5995E-08 2.5997E-08 2.4937E-08 2.2780E-08 1.9680E-08 1.5958E-08 1.2095E-08 8.5094E-09 5.5833E-09 3.4570E-09 2.0815E-09 1.2821E-09 9.2459E-10 8.1284E-10 8.0723E-10 8.2013E-10 8.3227E-10 8.4338E-10 8.5306E-10 8.6144E-10 8.6877E-10 8.7466E-10 8.7960E-10 8.8324E-10 8.8511E-10 8.8597E-10 8.8513E-10 8.8283E-10 8.7898E-10 8.7419E-10 8.6776E-10 8.5999E-10 8.5107E-10 8.4023E-10 8.2871E-10 8.1537E-10 8.0155E-10 7.8623E-10 7.6991E-10 7.5283E-10 7.3453E-10 7.1572E-10 6.9587E-10 6.7575E-10 6.5462E-10 6.3353E-10 6.1156E-10 5.8971E-10 5.6751E-10 5.4530E-10 5.2285E-10 5.0048E-10 4.7824E-10 4.5619E-10 4.3459E-10 4.1279E-10 3.9210E-10
