Assets/Resources/2015_m01_d13_2300(utc+0800)_l00_csi_1hr_conc.grd
DSAA
         159         159
     -79.000      79.000
     -79.000      79.000
  0.0000E+00  0.5401E-04
[rows 25 to 49 of 159, columns 0 to 56 of 159]
2.0492E-09 2.1071E-09 2.1653E-09 2.2259E-09 2.2880E-09 2.3500E-09 2.4127E-09 2.4746E-09 2.5344E-09 2.5926E-09 2.6470E-09 2.6987E-09 2.7457E-09 2.7867E-09 2.8219E-09 2.8502E-09 2.8708E-09 2.8831E-09 2.8866E-09 2.8815E-09 2.8655E-09 2.8383E-09 2.7989E-09 2.7473E-09 2.6833E-09 2.6069E-09 2.5183E-09 2.4178E-09 2.3060E-09 2.1840E-09 2.0530E-09 1.9147E-09 1.7706E-09 1.6239E-09 1.4753E-09 1.3283E-09 1.1860E-09 1.0446E-09 9.0881E-10 7.8661E-10 6.7691E-10 5.8003E-10 4.9023E-10 4.1491E-10 3.6769E-10 3.2333E-10 2.8137E-10 2.4326E-10 2.0996E-10 1.8006E-10 1.4244E-10 1.0863E-10 8.6574E-11 7.1076E-11 5.5722E-11 4.1891E-11 3.0006E-11
2.1510E-09 2.2154E-09 2.2814E-09 2.3500E-09 2.4185E-09 2.4886E-09 2.5586E-09 2.6266E-09 2.6945E-09 2.7593E-09 2.8202E-09 2.8776E-09 2.9289E-09 2.9753E-09 3.0151E-09 3.0474E-09 3.0725E-09 3.0891E-09 3.0957E-09 3.0910E-09 3.0744E-09 3.0456E-09 3.0040E-09 2.9491E-09 2.8806E-09 2.7984E-09 2.7027E-09 2.5940E-09 2.4729E-09 2.3406E-09 2.1986E-09 2.0486E-09 1.8930E-09 1.7344E-09 1.5745E-09 1.4174E-09 1.2642E-09 1.1147E-09 9.7309E-10 8.4470E-10 7.3037E-10 6.2987E-10 5.2702E-10 4.5953E-10 4.0752E-10 3.5916E-10 3.1462E-10 2.7395E-10 2.3648E-10 2.0176E-10 1.6242E-10 1.2831E-10 9.9832E-11 8.3062E-11 6.8826E-11 5.2837E-11 4.0582E-11
2.2585E-09 2.3304E-09 2.4054E-09 2.4818E-09 2.5579E-09 2.6359E-09 2.7127E-09 2.7898E-09 2.8648E-09 2.9355E-09 3.0036E-09 3.0667E-09 3.1241E-09 3.1763E-09 3.2223E-09 3.2606E-09 3.2903E-09 3.3093E-09 3.3173E-09 3.3137E-09 3.2974E-09 3.2677E-09 3.2239E-09 3.1655E-09 3.0920E-09 3.0041E-09 2.9016E-09 2.7846E-09 2.6540E-09 2.5113E-09 2.3576E-09 2.1952E-09 2.0271E-09 1.8551E-09 1.6832E-09 1.5146E-09 1.3460E-09 1.1833E-09 1.0339E-09 8.9926E-10 7.8607E-10 6.7736E-10 5.7050E-10 5.0856E-10 4.5094E-10 3.9776E-10 3.4873E-10 3.0393E-10 2.6353E-10 2.2719E-10 1.8647E-10 1.4967E-10 1.1578E-10 9.7830E-11 8.1700E-11 6.5982E-11 5.0256E-11
2.3724E-09 2.4536E-09 2.5366E-09 2.6197E-09 2.7058E-09 2.7926E-09 2.8778E-09 2.9626E-09 3.0435E-09 3.1225E-09 3.1974E-09 3.2668E-09 3.3329E-09 3.3928E-09 3.4443E-09 3.4874E-09 3.5207E-09 3.5432E-09 3.5541E-09 3.5521E-09 3.5362E-09 3.5056E-09 3.4607E-09 3.3995E-09 3.3216E-09 3.2270E-09 3.1153E-09 2.9879E-09 2.8458E-09 2.6901E-09 2.5231E-09 2.3475E-09 2.1651E-09 1.9799E-09 1.7956E-09 1.6147E-09 1.4364E-09 1.2658E-09 1.1100E-09 9.7030E-10 8.4540E-10 7.2412E-10 6.3257E-10 5.6560E-10 5.0254E-10 4.4304E-10 3.8703E-10 3.3673E-10 2.9233E-10 2.5272E-10 2.1395E-10 1.7307E-10 1.3658E-10 1.1257E-10 9.4035E-11 7.8270E-11 6.4095E-11
2.4940E-09 2.5836E-09 2.6734E-09 2.7674E-09 2.8630E-09 2.9572E-09 3.0519E-09 3.1434E-09 3.2330E-09 3.3199E-09 3.4020E-09 3.4822E-09 3.5561E-09 3.6216E-09 3.6792E-09 3.7281E-09 3.7662E-09 3.7930E-09 3.8069E-09 3.8078E-09 3.7937E-09 3.7633E-09 3.7152E-09 3.6489E-09 3.5644E-09 3.4616E-09 3.3407E-09 3.2027E-09 3.0482E-09 2.8795E-09 2.6996E-09 2.5094E-09 2.3131E-09 2.1147E-09 1.9167E-09 1.7174E-09 1.5230E-09 1.3506E-09 1.1946E-09 1.0486E-09 9.1319E-10 7.7582E-10 6.9750E-10 6.2401E-10 5.5498E-10 4.9060E-10 4.3124E-10 3.7698E-10 3.2716E-10 2.8180E-10 2.4087E-10 1.9817E-10 1.5976E-10 1.2918E-10 1.0835E-10 9.2601E-11 7.3886E-11
2.6221E-09 2.7184E-09 2.8202E-09 2.9241E-09 3.0270E-09 3.1315E-09 3.2342E-09 3.3339E-09 3.4329E-09 3.5291E-09 3.6223E-09 3.7101E-09 3.7904E-09 3.8637E-09 3.9290E-09 3.9842E-09 4.0279E-09 4.0607E-09 4.0794E-09 4.0825E-09 4.0679E-09 4.0355E-09 3.9842E-09 3.9133E-09 3.8223E-09 3.7118E-09 3.5821E-09 3.4330E-09 3.2662E-09 3.0844E-09 2.8883E-09 2.6825E-09 2.4711E-09 2.2569E-09 2.0451E-09 1.8349E-09 1.6307E-09 1.4432E-09 1.2736E-09 1.1207E-09 9.7837E-10 8.5733E-10 7.7253E-10 6.9190E-10 6.1549E-10 5.4416E-10 4.7716E-10 4.1705E-10 3.6370E-10 3.1629E-10 2.7342E-10 2.2512E-10 1.8322E-10 1.4836E-10 1.2360E-10 1.0577E-10 8.8068E-11
2.7564E-09 2.8633E-09 2.9753E-09 3.0865E-09 3.2006E-09 3.3135E-09 3.4239E-09 3.5353E-09 3.6457E-09 3.7513E-09 3.8534E-09 3.9490E-09 4.0386E-09 4.1211E-09 4.1941E-09 4.2573E-09 4.3091E-09 4.3467E-09 4.3680E-09 4.3724E-09 4.3584E-09 4.3247E-09 4.2710E-09 4.1964E-09 4.0995E-09 3.9810E-09 3.8396E-09 3.6774E-09 3.4963E-09 3.2979E-09 3.0863E-09 2.8650E-09 2.6371E-09 2.4080E-09 2.1830E-09 1.9533E-09 1.7478E-09 1.5532E-09 1.3765E-09 1.2184E-09 1.0605E-09 9.4883E-10 8.5600E-10 7.6733E-10 6.8275E-10 6.0262E-10 5.2947E-10 4.6366E-10 4.0500E-10 3.5203E-10 3.0483E-10 2.5594E-10 2.1174E-10 1.7020E-10 1.4037E-10 1.2084E-10 1.0276E-10
2.8963E-09 3.0160E-09 3.1374E-09 3.2582E-09 3.3812E-09 3.5020E-09 3.6258E-09 3.7490E-09 3.8676E-09 3.9845E-09 4.0966E-09 4.2016E-09 4.3019E-09 4.3943E-09 4.4770E-09 4.5488E-09 4.6061E-09 4.6482E-09 4.6735E-09 4.6802E-09 4.6681E-09 4.6346E-09 4.5787E-09 4.4982E-09 4.3931E-09 4.2634E-09 4.1107E-09 3.9356E-09 3.7390E-09 3.5243E-09 3.2950E-09 3.0547E-09 2.8092E-09 2.5642E-09 2.3172E-09 2.0768E-09 1.8549E-09 1.6515E-09 1.4761E-09 1.3096E-09 1.1485E-09 1.0437E-09 9.4254E-10 8.4581E-10 7.5517E-10 6.7040E-10 5.9166E-10 5.1951E-10 4.5274E-10 3.9186E-10 3.4049E-10 2.9060E-10 2.4117E-10 1.9487E-10 1.6013E-10 1.3711E-10 1.1679E-10
3.0458E-09 3.1750E-09 3.3040E-09 3.4365E-09 3.5696E-09 3.7030E-09 3.8387E-09 3.9700E-09 4.1016E-09 4.2295E-09 4.3509E-09 4.4692E-09 4.5817E-09 4.6842E-09 4.7762E-09 4.8552E-09 4.9197E-09 4.9676E-09 4.9986E-09 5.0096E-09 4.9989E-09 4.9634E-09 4.9026E-09 4.8161E-09 4.7033E-09 4.5635E-09 4.3971E-09 4.2055E-09 3.9913E-09 3.7594E-09 3.5128E-09 3.2560E-09 2.9950E-09 2.7342E-09 2.4752E-09 2.2249E-09 1.9934E-09 1.7828E-09 1.5930E-09 1.4104E-09 1.2673E-09 1.1533E-09 1.0429E-09 9.3741E-10 8.3719E-10 7.4352E-10 6.5817E-10 5.7908E-10 5.0693E-10 4.4120E-10 3.8325E-10 3.2960E-10 2.7327E-10 2.2818E-10 1.8245E-10 1.5510E-10 1.3246E-10
3.2009E-09 3.3374E-09 3.4789E-09 3.6219E-09 3.7659E-09 3.9137E-09 4.0599E-09 4.2034E-09 4.3469E-09 4.4858E-09 4.6215E-09 4.7534E-09 4.8759E-09 4.9892E-09 5.0908E-09 5.1788E-09 5.2521E-09 5.3082E-09 5.3448E-09 5.3579E-09 5.3465E-09 5.3099E-09 5.2459E-09 5.1529E-09 5.0294E-09 4.8771E-09 4.6971E-09 4.4913E-09 4.2610E-09 4.0099E-09 3.7424E-09 3.4652E-09 3.1839E-09 2.8983E-09 2.6189E-09 2.3584E-09 2.1282E-09 1.9203E-09 1.7197E-09 1.5201E-09 1.3937E-09 1.2701E-09 1.1502E-09 1.0353E-09 9.2714E-10 8.2569E-10 7.3207E-10 6.4561E-10 5.6650E-10 4.9571E-10 4.3160E-10 3.7366E-10 3.1290E-10 2.5902E-10 2.0852E-10 1.7429E-10 1.4936E-10
3.3581E-09 3.5079E-09 3.6601E-09 3.8139E-09 3.9732E-09 4.1318E-09 4.2886E-09 4.4472E-09 4.6035E-09 4.7561E-09 4.9073E-09 5.0509E-09 5.1849E-09 5.3098E-09 5.4225E-09 5.5221E-09 5.6052E-09 5.6677E-09 5.7078E-09 5.7251E-09 5.7169E-09 5.6793E-09 5.6095E-09 5.5098E-09 5.3784E-09 5.2154E-09 5.0198E-09 4.7946E-09 4.5433E-09 4.2715E-09 3.9850E-09 3.6905E-09 3.3933E-09 3.0956E-09 2.8052E-09 2.5342E-09 2.2862E-09 2.0617E-09 1.8530E-09 1.6739E-09 1.5368E-09 1.4023E-09 1.2718E-09 1.1467E-09 1.0287E-09 9.1889E-10 8.1711E-10 7.2247E-10 6.3563E-10 5.5801E-10 4.8754E-10 4.2057E-10 3.6383E-10 2.9727E-10 2.4536E-10 1.9782E-10 1.6660E-10
3.5233E-09 3.6840E-09 3.8465E-09 4.0165E-09 4.1869E-09 4.3562E-09 4.5293E-09 4.7014E-09 4.8712E-09 5.0414E-09 5.2051E-09 5.3608E-09 5.5092E-09 5.6477E-09 5.7740E-09 5.8843E-09 5.9751E-09 6.0445E-09 6.0928E-09 6.1140E-09 6.1042E-09 6.0641E-09 5.9915E-09 5.8842E-09 5.7403E-09 5.5601E-09 5.3471E-09 5.1037E-09 4.8340E-09 4.5419E-09 4.2337E-09 3.9166E-09 3.5910E-09 3.2781E-09 2.9769E-09 2.7076E-09 2.4541E-09 2.2255E-09 1.9924E-09 1.8334E-09 1.6857E-09 1.5410E-09 1.4008E-09 1.2651E-09 1.1376E-09 1.0175E-09 9.0556E-10 8.0366E-10 7.1045E-10 6.2571E-10 5.4797E-10 4.7669E-10 4.1296E-10 3.4152E-10 2.8541E-10 2.2750E-10 1.8908E-10
3.6933E-09 3.8666E-09 4.0432E-09 4.2247E-09 4.4055E-09 4.5922E-09 4.7794E-09 4.9655E-09 5.1539E-09 5.3374E-09 5.5145E-09 5.6863E-09 5.8506E-09 6.0040E-09 6.1421E-09 6.2622E-09 6.3640E-09 6.4439E-09 6.4962E-09 6.5199E-09 6.5120E-09 6.4702E-09 6.3905E-09 6.2711E-09 6.1149E-09 5.9208E-09 5.6907E-09 5.4258E-09 5.1315E-09 4.8148E-09 4.4845E-09 4.1481E-09 3.8078E-09 3.4752E-09 3.1625E-09 2.8752E-09 2.6243E-09 2.3802E-09 2.1639E-09 2.0042E-09 1.8452E-09 1.6895E-09 1.5388E-09 1.3943E-09 1.2570E-09 1.1286E-09 1.0082E-09 8.9653E-10 7.9424E-10 7.0153E-10 6.1516E-10 5.3764E-10 4.6720E-10 4.0030E-10 3.2705E-10 2.6770E-10 2.1600E-10
3.8685E-09 4.0533E-09 4.2447E-09 4.4392E-09 4.6353E-09 4.8365E-09 5.0392E-09 5.2435E-09 5.4462E-09 5.6439E-09 5.8387E-09 6.0284E-09 6.2088E-09 6.3752E-09 6.5256E-09 6.6603E-09 6.7733E-09 6.8602E-09 6.9189E-09 6.9467E-09 6.9384E-09 6.8909E-09 6.8043E-09 6.6766E-09 6.5068E-09 6.2939E-09 6.0406E-09 5.7529E-09 5.4359E-09 5.0962E-09 4.7424E-09 4.3751E-09 4.0187E-09 3.6843E-09 3.3666E-09 3.0765E-09 2.8147E-09 2.5460E-09 2.3638E-09 2.1924E-09 2.0220E-09 1.8547E-09 1.6928E-09 1.5382E-09 1.3917E-09 1.2533E-09 1.1237E-09 1.0017E-09 8.8740E-10 7.8355E-10 6.9036E-10 6.0512E-10 5.2734E-10 4.5474E-10 3.7383E-10 3.1336E-10 2.4735E-10
4.0469E-09 4.2472E-09 4.4515E-09 4.6582E-09 4.8722E-09 5.0906E-09 5.3093E-09 5.5300E-09 5.7492E-09 5.9647E-09 6.1786E-09 6.3853E-09 6.5801E-09 6.7616E-09 6.9291E-09 7.0759E-09 7.1995E-09 7.2959E-09 7.3607E-09 7.3900E-09 7.3808E-09 7.3308E-09 7.2390E-09 7.0995E-09 6.9113E-09 6.6797E-09 6.4056E-09 6.0937E-09 5.7504E-09 5.3853E-09 5.0098E-09 4.6283E-09 4.2533E-09 3.9024E-09 3.5766E-09 3.2923E-09 3.0226E-09 2.7665E-09 2.5839E-09 2.4012E-09 2.2193E-09 2.0398E-09 1.8663E-09 1.6979E-09 1.5385E-09 1.3879E-09 1.2478E-09 1.1170E-09 9.9323E-10 8.7906E-10 7.7586E-10 6.8203E-10 5.9523E-10 5.1390E-10 4.3351E-10 3.5705E-10 2.8452E-10
4.2322E-09 4.4451E-09 4.6611E-09 4.8865E-09 5.1176E-09 5.3506E-09 5.5881E-09 5.8260E-09 6.0621E-09 6.2994E-09 6.5316E-09 6.7541E-09 6.9662E-09 7.1664E-09 7.3484E-09 7.5087E-09 7.6442E-09 7.7489E-09 7.8183E-09 7.8509E-09 7.8428E-09 7.7888E-09 7.6841E-09 7.5292E-09 7.3245E-09 7.0702E-09 6.7696E-09 6.4302E-09 6.0618E-09 5.6752E-09 5.2802E-09 4.8722E-09 4.4955E-09 4.1366E-09 3.8072E-09 3.5117E-09 3.2309E-09 3.0065E-09 2.8131E-09 2.6178E-09 2.4231E-09 2.2324E-09 2.0470E-09 1.8698E-09 1.6987E-09 1.5373E-09 1.3847E-09 1.2432E-09 1.1096E-09 9.8409E-10 8.6917E-10 7.6569E-10 6.7028E-10 5.8169E-10 4.9925E-10 4.0655E-10 3.3288E-10
4.4203E-09 4.6456E-09 4.8793E-09 5.1214E-09 5.3672E-09 5.6199E-09 5.8750E-09 6.1300E-09 6.3891E-09 6.6455E-09 6.8949E-09 7.1365E-09 7.3689E-09 7.5858E-09 7.7833E-09 7.9582E-09 8.1044E-09 8.2172E-09 8.2940E-09 8.3311E-09 8.3194E-09 8.2564E-09 8.1403E-09 7.9695E-09 7.7423E-09 7.4620E-09 7.1363E-09 6.7722E-09 6.3785E-09 5.9657E-09 5.5397E-09 5.1177E-09 4.7210E-09 4.3701E-09 4.0529E-09 3.7533E-09 3.4611E-09 3.2617E-09 3.0579E-09 2.8516E-09 2.6451E-09 2.4429E-09 2.2469E-09 2.0573E-09 1.8766E-09 1.7035E-09 1.5401E-09 1.3853E-09 1.2397E-09 1.1014E-09 9.7355E-10 8.5859E-10 7.5282E-10 6.5431E-10 5.6387E-10 4.6492E-10 3.8700E-10
4.6114E-09 4.8513E-09 5.1023E-09 5.3592E-09 5.6255E-09 5.8958E-09 6.1680E-09 6.4468E-09 6.7259E-09 7.0006E-09 7.2702E-09 7.5335E-09 7.7847E-09 8.0189E-09 8.2335E-09 8.4217E-09 8.5794E-09 8.7031E-09 8.7871E-09 8.8222E-09 8.8068E-09 8.7358E-09 8.6043E-09 8.4128E-09 8.1624E-09 7.8584E-09 7.5058E-09 7.1113E-09 6.6878E-09 6.2506E-09 5.7967E-09 5.3795E-09 4.9809E-09 4.6185E-09 4.2930E-09 3.9875E-09 3.7452E-09 3.5347E-09 3.3191E-09 3.1023E-09 2.8869E-09 2.6729E-09 2.4645E-09 2.2635E-09 2.0702E-09 1.8862E-09 1.7117E-09 1.5451E-09 1.3859E-09 1.2340E-09 1.0924E-09 9.6101E-10 8.4363E-10 7.3558E-10 6.3506E-10 5.3501E-10 4.4618E-10
4.8031E-09 5.0615E-09 5.3306E-09 5.6051E-09 5.8887E-09 6.1761E-09 6.4723E-09 6.7720E-09 7.0700E-09 7.3657E-09 7.6581E-09 7.9420E-09 8.2122E-09 8.4657E-09 8.6959E-09 8.8989E-09 9.0707E-09 9.2038E-09 9.2891E-09 9.3253E-09 9.3041E-09 9.2193E-09 9.0710E-09 8.8597E-09 8.5854E-09 8.2518E-09 7.8657E-09 7.4403E-09 6.9898E-09 6.5232E-09 6.0597E-09 5.6227E-09 5.2358E-09 4.8913E-09 4.5661E-09 4.2547E-09 4.0452E-09 3.8263E-09 3.6016E-09 3.3754E-09 3.1487E-09 2.9240E-09 2.7030E-09 2.4899E-09 2.2846E-09 2.0872E-09 1.9011E-09 1.7230E-09 1.5497E-09 1.3844E-09 1.2268E-09 1.0791E-09 9.4496E-10 8.2441E-10 7.1475E-10 6.0833E-10 5.0822E-10
5.0002E-09 5.2759E-09 5.5597E-09 5.8542E-09 6.1564E-09 6.4655E-09 6.7834E-09 7.1026E-09 7.4218E-09 7.7412E-09 8.0557E-09 8.3601E-09 8.6513E-09 8.9227E-09 9.1705E-09 9.3902E-09 9.5741E-09 9.7124E-09 9.8028E-09 9.8354E-09 9.8036E-09 9.7064E-09 9.5404E-09 9.3045E-09 9.0001E-09 8.6323E-09 8.2135E-09 7.7581E-09 7.2849E-09 6.7903E-09 6.3329E-09 5.8968E-09 5.5022E-09 5.1532E-09 4.8298E-09 4.5816E-09 4.3649E-09 4.1373E-09 3.9034E-09 3.6651E-09 3.4272E-09 3.1916E-09 2.9619E-09 2.7378E-09 2.5206E-09 2.3115E-09 2.1117E-09 1.9185E-09 1.7332E-09 1.5534E-09 1.3797E-09 1.2154E-09 1.0638E-09 9.2677E-10 8.0512E-10 6.9027E-10 5.7924E-10
5.1992E-09 5.4898E-09 5.7934E-09 6.1062E-09 6.4273E-09 6.7604E-09 7.0983E-09 7.4382E-09 7.7819E-09 8.1244E-09 8.4609E-09 8.7875E-09 9.0987E-09 9.3898E-09 9.6566E-09 9.8915E-09 1.0084E-08 1.0230E-08 1.0321E-08 1.0346E-08 1.0306E-08 1.0193E-08 1.0003E-08 9.7375E-09 9.3985E-09 8.9961E-09 8.5455E-09 8.0633E-09 7.5580E-09 7.0537E-09 6.5782E-09 6.1580E-09 5.7904E-09 5.4527E-09 5.1355E-09 4.9263E-09 4.7006E-09 4.4636E-09 4.2207E-09 3.9760E-09 3.7297E-09 3.4855E-09 3.2447E-09 3.0096E-09 2.7803E-09 2.5611E-09 2.3486E-09 2.1425E-09 1.9407E-09 1.7454E-09 1.5560E-09 1.3731E-09 1.2040E-09 1.0508E-09 9.1279E-10 7.8710E-10 6.5799E-10
5.3986E-09 5.7077E-09 6.0286E-09 6.3589E-09 6.7040E-09 7.0578E-09 7.4161E-09 7.7803E-09 8.1476E-09 8.5134E-09 8.8726E-09 9.2211E-09 9.5533E-09 9.8654E-09 1.0150E-08 1.0397E-08 1.0601E-08 1.0750E-08 1.0837E-08 1.0858E-08 1.0804E-08 1.0669E-08 1.0451E-08 1.0151E-08 9.7751E-09 9.3392E-09 8.8572E-09 8.3483E-09 7.8147E-09 7.3176E-09 6.8477E-09 6.4303E-09 6.0705E-09 5.7299E-09 5.4988E-09 5.2831E-09 5.0513E-09 4.8111E-09 4.5627E-09 4.3114E-09 4.0571E-09 3.8035E-09 3.5545E-09 3.3090E-09 3.0701E-09 2.8352E-09 2.6089E-09 2.3904E-09 2.1742E-09 1.9619E-09 1.7566E-09 1.5568E-09 1.3694E-09 1.1994E-09 1.0449E-09 9.0383E-10 7.6652E-10
5.5987E-09 5.9251E-09 6.2627E-09 6.6162E-09 6.9825E-09 7.3561E-09 7.7375E-09 8.1261E-09 8.5174E-09 8.9058E-09 9.2882E-09 9.6587E-09 1.0013E-08 1.0346E-08 1.0645E-08 1.0906E-08 1.1116E-08 1.1266E-08 1.1352E-08 1.1362E-08 1.1288E-08 1.1126E-08 1.0874E-08 1.0536E-08 1.0125E-08 9.6537E-09 9.1402E-09 8.5973E-09 8.0538E-09 7.5454E-09 7.1047E-09 6.7256E-09 6.3840E-09 6.0742E-09 5.8756E-09 5.6574E-09 5.4249E-09 5.1808E-09 4.9279E-09 4.6696E-09 4.4100E-09 4.1494E-09 3.8891E-09 3.6342E-09 3.3849E-09 3.1421E-09 2.9051E-09 2.6683E-09 2.4352E-09 2.2067E-09 1.9843E-09 1.7698E-09 1.5626E-09 1.3748E-09 1.2011E-09 1.0455E-09 8.9050E-10
5.7979E-09 6.1414E-09 6.4986E-09 6.8735E-09 7.2595E-09 7.6544E-09 8.0604E-09 8.4731E-09 8.8871E-09 9.2997E-09 9.7052E-09 1.0099E-08 1.0476E-08 1.0825E-08 1.1141E-08 1.1411E-08 1.1624E-08 1.1776E-08 1.1854E-08 1.1846E-08 1.1748E-08 1.1553E-08 1.1262E-08 1.0887E-08 1.0437E-08 9.9297E-09 9.3721E-09 8.8150E-09 8.2725E-09 7.7965E-09 7.3658E-09 7.0021E-09 6.6730E-09 6.4638E-09 6.2684E-09 6.0514E-09 5.8184E-09 5.5750E-09 5.3221E-09 5.0622E-09 4.7961E-09 4.5319E-09 4.2715E-09 4.0129E-09 3.7540E-09 3.5021E-09 3.2549E-09 3.0087E-09 2.7624E-09 2.5190E-09 2.2824E-09 2.0552E-09 1.8370E-09 1.6314E-09 1.4430E-09 1.2695E-09 1.0966E-09
5.9944E-09 6.3546E-09 6.7336E-09 7.1284E-09 7.5341E-09 7.9525E-09 8.3821E-09 8.8182E-09 9.2560E-09 9.6916E-09 1.0121E-08 1.0538E-08 1.0935E-08 1.1302E-08 1.1629E-08 1.1905E-08 1.2123E-08 1.2270E-08 1.2332E-08 1.2303E-08 1.2172E-08 1.1939E-08 1.1609E-08 1.1191E-08 1.0701E-08 1.0157E-08 9.5798E-09 9.0082E-09 8.4778E-09 8.0052E-09 7.6259E-09 7.3015E-09 7.0380E-09 6.8684E-09 6.6754E-09 6.4597E-09 6.2315E-09 5.9881E-09 5.7322E-09 5.4703E-09 5.2081E-09 4.9417E-09 4.6730E-09 4.4058E-09 4.1441E-09 3.8857E-09 3.6266E-09 3.3672E-09 3.1062E-09 2.8463E-09 2.5910E-09 2.3450E-09 2.1088E-09 1.8844E-09 1.6776E-09 1.4867E-09 1.2982E-09
