Assets/Resources/2015_m01_d31_1300(utc+0800)_l00_csi_1hr_conc.grd
DSAA
         159         159
     -79.000      79.000
     -79.000      79.000
  0.0000E+00  0.5230E-06
[rows 0 to 24 of 159, columns 57 to 113 of 159]
4.5673E-09 4.1777E-09 3.7972E-09 3.4273E-09 3.0990E-09 2.7355E-09 2.4220E-09 2.1283E-09 1.8583E-09 1.6431E-09 1.3939E-09 1.1914E-09 1.0125E-09 8.5221E-10 7.2472E-10 5.8872E-10 4.8628E-10 3.9933E-10 3.2773E-10 2.7825E-10 2.1985E-10 1.7961E-10 1.4581E-10 1.1818E-10 9.8091E-11 7.5127E-11 5.8898E-11 4.5675E-11 3.7046E-11 2.6876E-11 2.0464E-11 1.4129E-11 9.3473E-12 5.3882E-12 2.2278E-12 0.0000E+00 0.0000E+00 0.0000E+00 0.0000E+00 0.0000E+00 0.0000E+00 0.0000E+00 0.0000E+00 0.0000E+00 0.0000E+00 0.0000E+00 0.0000E+00 0.0000E+00 0.0000E+00 0.0000E+00 0.0000E+00 0.0000E+00 0.0000E+00 0.0000E+00 0.0000E+00 0.0000E+00 0.0000E+00
4.8645E-09 4.4540E-09 4.0314E-09 3.6342E-09 3.2533E-09 2.8905E-09 2.5745E-09 2.2425E-09 1.9550E-09 1.6924E-09 1.4587E-09 1.2626E-09 1.0564E-09 8.8775E-10 7.4016E-10 6.1085E-10 5.1249E-10 4.1103E-10 3.3478E-10 2.7286E-10 2.2230E-10 1.8746E-10 1.4664E-10 1.1807E-10 9.4393E-11 7.5514E-11 6.1258E-11 4.5811E-11 3.5360E-11 2.6897E-11 2.1599E-11 1.4103E-11 9.3144E-12 5.3557E-12 2.2084E-12 0.0000E+00 0.0000E+00 0.0000E+00 0.0000E+00 0.0000E+00 0.0000E+00 0.0000E+00 0.0000E+00 0.0000E+00 0.0000E+00 0.0000E+00 0.0000E+00 0.0000E+00 0.0000E+00 0.0000E+00 0.0000E+00 0.0000E+00 0.0000E+00 0.0000E+00 0.0000E+00 0.0000E+00 0.0000E+00
5.1565E-09 4.7056E-09 4.2641E-09 3.8447E-09 3.4281E-09 3.0434E-09 2.6811E-09 2.3483E-09 2.0560E-09 1.7690E-09 1.5181E-09 1.2966E-09 1.0981E-09 9.2708E-10 7.6525E-10 6.3165E-10 5.1638E-10 4.2099E-10 3.4608E-10 2.7575E-10 2.2338E-10 1.8115E-10 1.4672E-10 1.2108E-10 9.3815E-11 7.4089E-11 5.8066E-11 4.5987E-11 3.6165E-11 2.6659E-11 2.0240E-11 1.3955E-11 9.7500E-12 5.2686E-12 2.1652E-12 0.0000E+00 0.0000E+00 0.0000E+00 0.0000E+00 0.0000E+00 0.0000E+00 0.0000E+00 0.0000E+00 0.0000E+00 0.0000E+00 0.0000E+00 0.0000E+00 0.0000E+00 0.0000E+00 0.0000E+00 0.0000E+00 0.0000E+00 0.0000E+00 0.0000E+00 0.0000E+00 0.0000E+00 0.0000E+00
5.4430E-09 4.9573E-09 4.4858E-09 4.0308E-09 3.5939E-09 3.1952E-09 2.8049E-09 2.4501E-09 2.1273E-09 1.8371E-09 1.5809E-09 1.3406E-09 1.1335E-09 9.4847E-10 7.8644E-10 6.5142E-10 5.2932E-10 4.2848E-10 3.4614E-10 2.7813E-10 2.2563E-10 1.8003E-10 1.4519E-10 1.1610E-10 9.2515E-11 7.4546E-11 5.6835E-11 4.3885E-11 3.3768E-11 2.6362E-11 2.0260E-11 1.3667E-11 9.0077E-12 5.1293E-12 2.2439E-12 0.0000E+00 0.0000E+00 0.0000E+00 0.0000E+00 0.0000E+00 0.0000E+00 0.0000E+00 0.0000E+00 0.0000E+00 0.0000E+00 0.0000E+00 0.0000E+00 0.0000E+00 0.0000E+00 0.0000E+00 0.0000E+00 0.0000E+00 0.0000E+00 0.0000E+00 0.0000E+00 0.0000E+00 0.0000E+00
5.7227E-09 5.2049E-09 4.6985E-09 4.2140E-09 3.7541E-09 3.3181E-09 2.9156E-09 2.5545E-09 2.2051E-09 1.8975E-09 1.6247E-09 1.3815E-09 1.1668E-09 9.7164E-10 8.0470E-10 6.6044E-10 5.3865E-10 4.3700E-10 3.4863E-10 2.7870E-10 2.2215E-10 1.7782E-10 1.4433E-10 1.1395E-10 9.0462E-11 7.0911E-11 5.5158E-11 4.3345E-11 3.2475E-11 2.4586E-11 1.8612E-11 1.2921E-11 8.5470E-12 4.9254E-12 2.0130E-12 0.0000E+00 0.0000E+00 0.0000E+00 0.0000E+00 0.0000E+00 0.0000E+00 0.0000E+00 0.0000E+00 0.0000E+00 0.0000E+00 0.0000E+00 0.0000E+00 0.0000E+00 0.0000E+00 0.0000E+00 0.0000E+00 0.0000E+00 0.0000E+00 0.0000E+00 0.0000E+00 0.0000E+00 0.0000E+00
5.9852E-09 5.4378E-09 4.9033E-09 4.3870E-09 3.9007E-09 3.4438E-09 3.0169E-09 2.6276E-09 2.2738E-09 1.9598E-09 1.6659E-09 1.4141E-09 1.1899E-09 9.8940E-10 8.1872E-10 6.7005E-10 5.4417E-10 4.3880E-10 3.4998E-10 2.7928E-10 2.1997E-10 1.7423E-10 1.3957E-10 1.1096E-10 8.8660E-11 6.8426E-11 5.3023E-11 4.0622E-11 3.0940E-11 2.3302E-11 1.7524E-11 1.2086E-11 7.8897E-12 4.4620E-12 1.8602E-12 0.0000E+00 0.0000E+00 0.0000E+00 0.0000E+00 0.0000E+00 0.0000E+00 0.0000E+00 0.0000E+00 0.0000E+00 0.0000E+00 0.0000E+00 0.0000E+00 0.0000E+00 0.0000E+00 0.0000E+00 0.0000E+00 0.0000E+00 0.0000E+00 0.0000E+00 0.0000E+00 0.0000E+00 0.0000E+00
6.2312E-09 5.6510E-09 5.0897E-09 4.5493E-09 4.0341E-09 3.5551E-09 3.1113E-09 2.7010E-09 2.3310E-09 1.9995E-09 1.7031E-09 1.4420E-09 1.2088E-09 1.0036E-09 8.2535E-10 6.7477E-10 5.4752E-10 4.3903E-10 3.4917E-10 2.7507E-10 2.1632E-10 1.7048E-10 1.3519E-10 1.0715E-10 8.4338E-11 6.5494E-11 5.0472E-11 3.8485E-11 2.9188E-11 2.1862E-11 1.6336E-11 1.1227E-11 7.2011E-12 3.9609E-12 1.6602E-12 0.0000E+00 0.0000E+00 0.0000E+00 0.0000E+00 0.0000E+00 0.0000E+00 0.0000E+00 0.0000E+00 0.0000E+00 0.0000E+00 0.0000E+00 0.0000E+00 0.0000E+00 0.0000E+00 0.0000E+00 0.0000E+00 0.0000E+00 0.0000E+00 0.0000E+00 0.0000E+00 0.0000E+00 0.0000E+00
6.4540E-09 5.8469E-09 5.2549E-09 4.6911E-09 4.1557E-09 3.6517E-09 3.1892E-09 2.7660E-09 2.3807E-09 2.0348E-09 1.7300E-09 1.4601E-09 1.2210E-09 1.0127E-09 8.3017E-10 6.7531E-10 5.4577E-10 4.3656E-10 3.4602E-10 2.7111E-10 2.1115E-10 1.6448E-10 1.2980E-10 1.0260E-10 8.0386E-11 6.2115E-11 4.7640E-11 3.6099E-11 2.7162E-11 2.0258E-11 1.5059E-11 1.0312E-11 6.5134E-12 3.4767E-12 1.4518E-12 0.0000E+00 0.0000E+00 0.0000E+00 0.0000E+00 0.0000E+00 0.0000E+00 0.0000E+00 0.0000E+00 0.0000E+00 0.0000E+00 0.0000E+00 0.0000E+00 0.0000E+00 0.0000E+00 0.0000E+00 0.0000E+00 0.0000E+00 0.0000E+00 0.0000E+00 0.0000E+00 0.0000E+00 0.0000E+00
6.6521E-09 6.0157E-09 5.4009E-09 4.8098E-09 4.2550E-09 3.7361E-09 3.2529E-09 2.8146E-09 2.4191E-09 2.0637E-09 1.7474E-09 1.4717E-09 1.2286E-09 1.0136E-09 8.2963E-10 6.7393E-10 5.4103E-10 4.3146E-10 3.4011E-10 2.6503E-10 2.0448E-10 1.5776E-10 1.2360E-10 9.7378E-11 7.5899E-11 5.8420E-11 4.4546E-11 3.3525E-11 2.5044E-11 1.8504E-11 1.3645E-11 9.3479E-12 5.8037E-12 3.0578E-12 1.2446E-12 0.0000E+00 0.0000E+00 0.0000E+00 0.0000E+00 0.0000E+00 0.0000E+00 0.0000E+00 0.0000E+00 0.0000E+00 0.0000E+00 0.0000E+00 0.0000E+00 0.0000E+00 0.0000E+00 0.0000E+00 0.0000E+00 0.0000E+00 0.0000E+00 0.0000E+00 0.0000E+00 0.0000E+00 0.0000E+00
6.8213E-09 6.1608E-09 5.5208E-09 4.9107E-09 4.3324E-09 3.7973E-09 3.3034E-09 2.8504E-09 2.4424E-09 2.0801E-09 1.7580E-09 1.4745E-09 1.2282E-09 1.0110E-09 8.2369E-10 6.6635E-10 5.3375E-10 4.2407E-10 3.3228E-10 2.5731E-10 1.9664E-10 1.4978E-10 1.1671E-10 9.1510E-11 7.0946E-11 5.4362E-11 4.1217E-11 3.0871E-11 2.2847E-11 1.6731E-11 1.2202E-11 8.1833E-12 5.0655E-12 2.6648E-12 1.1169E-12 0.0000E+00 0.0000E+00 0.0000E+00 0.0000E+00 0.0000E+00 0.0000E+00 0.0000E+00 0.0000E+00 0.0000E+00 0.0000E+00 0.0000E+00 0.0000E+00 0.0000E+00 0.0000E+00 0.0000E+00 0.0000E+00 0.0000E+00 0.0000E+00 0.0000E+00 0.0000E+00 0.0000E+00 0.0000E+00
6.9592E-09 6.2753E-09 5.6146E-09 4.9867E-09 4.3934E-09 3.8391E-09 3.3328E-09 2.8719E-09 2.4551E-09 2.0833E-09 1.7571E-09 1.4704E-09 1.2198E-09 1.0019E-09 8.1384E-10 6.5538E-10 5.2322E-10 4.1298E-10 3.2264E-10 2.4823E-10 1.8801E-10 1.4113E-10 1.0923E-10 8.5196E-11 6.5593E-11 4.9924E-11 3.7670E-11 2.8045E-11 2.0615E-11 1.4990E-11 1.0678E-11 7.0490E-12 4.2369E-12 2.2773E-12 9.9200E-13 0.0000E+00 0.0000E+00 0.0000E+00 0.0000E+00 0.0000E+00 0.0000E+00 0.0000E+00 0.0000E+00 0.0000E+00 0.0000E+00 0.0000E+00 0.0000E+00 0.0000E+00 0.0000E+00 0.0000E+00 0.0000E+00 0.0000E+00 0.0000E+00 0.0000E+00 0.0000E+00 0.0000E+00 0.0000E+00
7.0694E-09 6.3625E-09 5.6837E-09 5.0366E-09 4.4299E-09 3.8654E-09 3.3451E-09 2.8751E-09 2.4537E-09 2.0774E-09 1.7450E-09 1.4568E-09 1.2052E-09 9.8593E-10 7.9878E-10 6.4078E-10 5.0943E-10 4.0044E-10 3.1055E-10 2.3755E-10 1.7821E-10 1.3189E-10 1.0123E-10 7.8564E-11 6.0142E-11 4.5464E-11 3.3908E-11 2.5005E-11 1.8274E-11 1.3096E-11 9.1349E-12 5.7594E-12 3.2589E-12 1.8187E-12 8.7162E-13 0.0000E+00 0.0000E+00 0.0000E+00 0.0000E+00 0.0000E+00 0.0000E+00 0.0000E+00 0.0000E+00 0.0000E+00 0.0000E+00 0.0000E+00 0.0000E+00 0.0000E+00 0.0000E+00 0.0000E+00 0.0000E+00 0.0000E+00 0.0000E+00 0.0000E+00 0.0000E+00 0.0000E+00 0.0000E+00
7.1490E-09 6.4245E-09 5.7260E-09 5.0647E-09 4.4437E-09 3.8694E-09 3.3424E-09 2.8645E-09 2.4369E-09 2.0588E-09 1.7251E-09 1.4341E-09 1.1835E-09 9.6456E-10 7.7786E-10 6.2206E-10 4.9216E-10 3.8523E-10 2.9705E-10 2.2547E-10 1.6736E-10 1.2235E-10 9.2755E-11 7.1230E-11 5.4337E-11 4.0901E-11 3.0315E-11 2.2129E-11 1.5700E-11 1.0766E-11 7.2513E-12 4.2955E-12 2.2506E-12 1.2686E-12 5.0148E-13 0.0000E+00 0.0000E+00 0.0000E+00 0.0000E+00 0.0000E+00 0.0000E+00 0.0000E+00 0.0000E+00 0.0000E+00 0.0000E+00 0.0000E+00 0.0000E+00 0.0000E+00 0.0000E+00 0.0000E+00 0.0000E+00 0.0000E+00 0.0000E+00 0.0000E+00 0.0000E+00 0.0000E+00 0.0000E+00
7.1999E-09 6.4556E-09 5.7433E-09 5.0670E-09 4.4358E-09 3.8526E-09 3.3202E-09 2.8397E-09 2.4090E-09 2.0276E-09 1.6949E-09 1.4046E-09 1.1541E-09 9.3766E-10 7.5277E-10 5.9904E-10 4.7151E-10 3.6688E-10 2.8148E-10 2.1171E-10 1.5542E-10 1.1206E-10 8.4040E-11 6.4319E-11 4.8515E-11 3.5958E-11 2.6428E-11 1.9039E-11 1.3102E-11 8.5414E-12 5.1809E-12 2.6283E-12 1.3194E-12 5.2953E-13 0.0000E+00 0.0000E+00 0.0000E+00 0.0000E+00 0.0000E+00 0.0000E+00 0.0000E+00 0.0000E+00 0.0000E+00 0.0000E+00 0.0000E+00 0.0000E+00 0.0000E+00 0.0000E+00 0.0000E+00 0.0000E+00 0.0000E+00 0.0000E+00 0.0000E+00 0.0000E+00 0.0000E+00 0.0000E+00 0.0000E+00
7.2215E-09 6.4629E-09 5.7357E-09 5.0486E-09 4.4088E-09 3.8186E-09 3.2802E-09 2.7981E-09 2.3688E-09 1.9879E-09 1.6548E-09 1.3677E-09 1.1193E-09 9.0516E-10 7.2390E-10 5.7256E-10 4.4825E-10 3.4591E-10 2.6331E-10 1.9631E-10 1.4286E-10 1.0157E-10 7.4679E-11 5.6878E-11 4.2699E-11 3.1647E-11 2.2638E-11 1.5309E-11 1.0220E-11 6.4494E-12 3.6069E-12 1.4857E-12 4.0709E-13 0.0000E+00 0.0000E+00 0.0000E+00 0.0000E+00 0.0000E+00 0.0000E+00 0.0000E+00 0.0000E+00 0.0000E+00 0.0000E+00 0.0000E+00 0.0000E+00 0.0000E+00 0.0000E+00 0.0000E+00 0.0000E+00 0.0000E+00 0.0000E+00 0.0000E+00 0.0000E+00 0.0000E+00 0.0000E+00 0.0000E+00 0.0000E+00
7.2175E-09 6.4428E-09 5.7042E-09 5.0073E-09 4.3605E-09 3.7655E-09 3.2269E-09 2.7427E-09 2.3151E-09 1.9382E-09 1.6079E-09 1.3231E-09 1.0791E-09 8.6803E-10 6.9094E-10 5.4402E-10 4.2302E-10 3.2429E-10 2.4398E-10 1.7933E-10 1.2885E-10 8.9894E-11 6.5625E-11 4.9531E-11 3.6611E-11 2.6396E-11 1.8540E-11 1.2214E-11 7.6653E-12 4.2875E-12 1.7718E-12 4.9400E-13 0.0000E+00 0.0000E+00 0.0000E+00 0.0000E+00 0.0000E+00 0.0000E+00 0.0000E+00 0.0000E+00 0.0000E+00 0.0000E+00 0.0000E+00 0.0000E+00 0.0000E+00 0.0000E+00 0.0000E+00 0.0000E+00 0.0000E+00 0.0000E+00 0.0000E+00 0.0000E+00 0.0000E+00 0.0000E+00 0.0000E+00 0.0000E+00 0.0000E+00
7.1939E-09 6.4049E-09 5.6536E-09 4.9496E-09 4.2955E-09 3.6995E-09 3.1577E-09 2.6758E-09 2.2503E-09 1.8784E-09 1.5539E-09 1.2735E-09 1.0334E-09 8.2744E-10 6.5461E-10 5.1255E-10 3.9572E-10 3.0102E-10 2.2391E-10 1.6279E-10 1.1436E-10 7.7541E-11 5.5433E-11 4.1617E-11 3.0359E-11 2.1177E-11 1.4149E-11 8.9912E-12 5.2106E-12 2.4084E-12 5.2838E-13 1.8356E-14 0.0000E+00 0.0000E+00 0.0000E+00 0.0000E+00 0.0000E+00 0.0000E+00 0.0000E+00 0.0000E+00 0.0000E+00 0.0000E+00 0.0000E+00 0.0000E+00 0.0000E+00 0.0000E+00 0.0000E+00 0.0000E+00 0.0000E+00 0.0000E+00 0.0000E+00 0.0000E+00 0.0000E+00 0.0000E+00 0.0000E+00 0.0000E+00 0.0000E+00
7.1539E-09 6.3493E-09 5.5866E-09 4.8740E-09 4.2176E-09 3.6165E-09 3.0788E-09 2.5978E-09 2.1752E-09 1.8098E-09 1.4926E-09 1.2193E-09 9.8388E-10 7.8315E-10 6.1630E-10 4.7894E-10 3.6688E-10 2.7597E-10 2.0313E-10 1.4529E-10 1.0044E-10 6.6565E-11 4.6114E-11 3.3004E-11 2.3236E-11 1.5683E-11 1.0265E-11 6.0132E-12 2.9652E-12 7.4452E-13 1.7878E-13 0.0000E+00 0.0000E+00 0.0000E+00 0.0000E+00 0.0000E+00 0.0000E+00 0.0000E+00 0.0000E+00 0.0000E+00 0.0000E+00 0.0000E+00 0.0000E+00 0.0000E+00 0.0000E+00 0.0000E+00 0.0000E+00 0.0000E+00 0.0000E+00 0.0000E+00 0.0000E+00 0.0000E+00 0.0000E+00 0.0000E+00 0.0000E+00 0.0000E+00 0.0000E+00
7.1041E-09 6.2841E-09 5.5098E-09 4.7891E-09 4.1260E-09 3.5276E-09 2.9879E-09 2.5113E-09 2.0932E-09 1.7347E-09 1.4257E-09 1.1602E-09 9.3123E-10 7.3642E-10 5.7582E-10 4.4342E-10 3.3636E-10 2.5000E-10 1.8210E-10 1.2819E-10 8.6373E-11 5.4783E-11 3.6324E-11 2.5968E-11 1.7340E-11 1.0831E-11 6.1872E-12 3.0992E-12 1.0162E-12 3.3712E-13 0.0000E+00 0.0000E+00 0.0000E+00 0.0000E+00 0.0000E+00 0.0000E+00 0.0000E+00 0.0000E+00 0.0000E+00 0.0000E+00 0.0000E+00 0.0000E+00 0.0000E+00 0.0000E+00 0.0000E+00 0.0000E+00 0.0000E+00 0.0000E+00 0.0000E+00 0.0000E+00 0.0000E+00 0.0000E+00 0.0000E+00 0.0000E+00 0.0000E+00 0.0000E+00 0.0000E+00
7.0393E-09 6.2090E-09 5.4226E-09 4.6925E-09 4.0270E-09 3.4257E-09 2.8904E-09 2.4186E-09 2.0053E-09 1.6537E-09 1.3544E-09 1.0970E-09 8.7489E-10 6.8729E-10 5.3277E-10 4.0754E-10 3.0568E-10 2.2446E-10 1.6022E-10 1.1046E-10 7.2968E-11 4.4000E-11 2.7665E-11 1.8513E-11 1.1657E-11 6.6744E-12 3.1261E-12 1.2060E-12 5.0856E-13 1.0935E-13 0.0000E+00 0.0000E+00 0.0000E+00 0.0000E+00 0.0000E+00 0.0000E+00 0.0000E+00 0.0000E+00 0.0000E+00 0.0000E+00 0.0000E+00 0.0000E+00 0.0000E+00 0.0000E+00 0.0000E+00 0.0000E+00 0.0000E+00 0.0000E+00 0.0000E+00 0.0000E+00 0.0000E+00 0.0000E+00 0.0000E+00 0.0000E+00 0.0000E+00 0.0000E+00 0.0000E+00
6.9748E-09 6.1267E-09 5.3315E-09 4.5945E-09 3.9224E-09 3.3199E-09 2.7868E-09 2.3189E-09 1.9129E-09 1.5681E-09 1.2793E-09 1.0294E-09 8.1575E-10 6.3660E-10 4.8902E-10 3.7027E-10 2.7454E-10 1.9893E-10 1.3933E-10 9.3135E-11 5.8278E-11 3.3204E-11 2.0443E-11 1.2776E-11 6.7964E-12 3.5702E-12 1.6718E-12 7.4420E-13 2.2236E-13 0.0000E+00 0.0000E+00 0.0000E+00 0.0000E+00 0.0000E+00 0.0000E+00 0.0000E+00 0.0000E+00 0.0000E+00 0.0000E+00 0.0000E+00 0.0000E+00 0.0000E+00 0.0000E+00 0.0000E+00 0.0000E+00 0.0000E+00 0.0000E+00 0.0000E+00 0.0000E+00 0.0000E+00 0.0000E+00 0.0000E+00 0.0000E+00 0.0000E+00 0.0000E+00 0.0000E+00 0.0000E+00
6.9036E-09 6.0441E-09 5.2344E-09 4.4896E-09 3.8135E-09 3.2099E-09 2.6775E-09 2.2167E-09 1.8170E-09 1.4787E-09 1.2004E-09 9.5912E-10 7.5493E-10 5.8541E-10 4.4633E-10 3.3352E-10 2.4354E-10 1.7291E-10 1.1819E-10 7.6561E-11 4.5363E-11 2.3852E-11 1.3543E-11 7.7996E-12 4.6046E-12 2.2384E-12 9.4660E-13 3.2117E-13 0.0000E+00 0.0000E+00 0.0000E+00 0.0000E+00 0.0000E+00 0.0000E+00 0.0000E+00 0.0000E+00 0.0000E+00 0.0000E+00 0.0000E+00 0.0000E+00 0.0000E+00 0.0000E+00 0.0000E+00 0.0000E+00 0.0000E+00 0.0000E+00 0.0000E+00 0.0000E+00 0.0000E+00 0.0000E+00 0.0000E+00 0.0000E+00 0.0000E+00 0.0000E+00 0.0000E+00 0.0000E+00 0.0000E+00
6.8360E-09 5.9573E-09 5.1362E-09 4.3808E-09 3.7014E-09 3.0954E-09 2.5659E-09 2.1086E-09 1.7177E-09 1.3879E-09 1.1180E-09 8.8759E-10 6.9378E-10 5.3370E-10 4.0340E-10 2.9754E-10 2.1347E-10 1.4826E-10 9.7808E-11 6.0510E-11 3.2812E-11 1.5597E-11 8.9979E-12 4.9582E-12 2.6944E-12 1.4128E-12 4.0097E-13 6.1299E-14 0.0000E+00 0.0000E+00 0.0000E+00 0.0000E+00 0.0000E+00 0.0000E+00 0.0000E+00 0.0000E+00 0.0000E+00 0.0000E+00 0.0000E+00 0.0000E+00 0.0000E+00 0.0000E+00 0.0000E+00 0.0000E+00 0.0000E+00 0.0000E+00 0.0000E+00 0.0000E+00 0.0000E+00 0.0000E+00 0.0000E+00 0.0000E+00 0.0000E+00 0.0000E+00 0.0000E+00 0.0000E+00 0.0000E+00
6.7870E-09 5.8869E-09 5.0467E-09 4.2788E-09 3.5897E-09 2.9841E-09 2.4576E-09 2.0013E-09 1.6172E-09 1.2942E-09 1.0329E-09 8.1500E-10 6.3257E-10 4.8256E-10 3.6028E-10 2.6169E-10 1.8397E-10 1.2467E-10 7.9866E-11 4.5935E-11 2.1962E-11 1.0135E-11 6.1944E-12 3.6039E-12 1.6226E-12 4.7683E-13 1.1321E-13 0.0000E+00 0.0000E+00 0.0000E+00 0.0000E+00 0.0000E+00 0.0000E+00 0.0000E+00 0.0000E+00 0.0000E+00 0.0000E+00 0.0000E+00 0.0000E+00 0.0000E+00 0.0000E+00 0.0000E+00 0.0000E+00 0.0000E+00 0.0000E+00 0.0000E+00 0.0000E+00 0.0000E+00 0.0000E+00 0.0000E+00 0.0000E+00 0.0000E+00 0.0000E+00 0.0000E+00 0.0000E+00 0.0000E+00 0.0000E+00
6.7574E-09 5.8302E-09 4.9693E-09 4.1815E-09 3.4846E-09 2.8729E-09 2.3455E-09 1.8973E-09 1.5150E-09 1.1986E-09 9.4590E-10 7.4069E-10 5.7009E-10 4.3116E-10 3.1825E-10 2.2770E-10 1.5600E-10 1.0216E-10 6.2272E-11 3.3457E-11 1.4919E-11 7.0772E-12 3.9134E-12 1.8328E-12 6.5515E-13 1.4490E-13 0.0000E+00 0.0000E+00 0.0000E+00 0.0000E+00 0.0000E+00 0.0000E+00 0.0000E+00 0.0000E+00 0.0000E+00 0.0000E+00 0.0000E+00 0.0000E+00 0.0000E+00 0.0000E+00 0.0000E+00 0.0000E+00 0.0000E+00 0.0000E+00 0.0000E+00 0.0000E+00 0.0000E+00 0.0000E+00 0.0000E+00 0.0000E+00 0.0000E+00 0.0000E+00 0.0000E+00 0.0000E+00 0.0000E+00 0.0000E+00 0.0000E+00
