Assets/Resources/2015_m01_d12_1200(utc+0800)_l00_csi_1hr_conc.grd
DSAA
         159         159
     -79.000      79.000
     -79.000      79.000
  0.0000E+00  0.1663E-05
[rows 25 to 49 of 159, columns 0 to 56 of 159]
1.3741E-10 1.3693E-10 1.3539E-10 1.3225E-10 1.2815E-10 1.2277E-10 1.1628E-10 1.0905E-10 1.0090E-10 9.2570E-11 8.3808E-11 7.4747E-11 6.5505E-11 5.5788E-11 4.4551E-11 3.4395E-11 2.4083E-11 1.5556E-11 9.3707E-12 6.4327E-12 4.7909E-12 1.7125E-12 6.6621E-13 0.0000E+00 0.0000E+00 0.0000E+00 0.0000E+00 0.0000E+00 0.0000E+00 0.0000E+00 0.0000E+00 0.0000E+00 0.0000E+00 0.0000E+00 0.0000E+00 0.0000E+00 0.0000E+00 0.0000E+00 0.0000E+00 0.0000E+00 0.0000E+00 0.0000E+00 0.0000E+00 0.0000E+00 0.0000E+00 0.0000E+00 0.0000E+00 0.0000E+00 0.0000E+00 0.0000E+00 0.0000E+00 0.0000E+00 0.0000E+00 0.0000E+00 0.0000E+00 0.0000E+00 0.0000E+00
1.7694E-10 1.7689E-10 1.7509E-10 1.7159E-10 1.6673E-10 1.6012E-10 1.5240E-10 1.4337E-10 1.3349E-10 1.2306E-10 1.1217E-10 1.0117E-10 8.9579E-11 7.8329E-11 6.7202E-11 5.5315E-11 4.1053E-11 2.9481E-11 1.6832E-11 1.0152E-11 7.5543E-12 5.7195E-12 2.1583E-12 6.2179E-13 0.0000E+00 0.0000E+00 0.0000E+00 0.0000E+00 0.0000E+00 0.0000E+00 0.0000E+00 0.0000E+00 0.0000E+00 0.0000E+00 0.0000E+00 0.0000E+00 0.0000E+00 0.0000E+00 0.0000E+00 0.0000E+00 0.0000E+00 0.0000E+00 0.0000E+00 0.0000E+00 0.0000E+00 0.0000E+00 0.0000E+00 0.0000E+00 0.0000E+00 0.0000E+00 0.0000E+00 0.0000E+00 0.0000E+00 0.0000E+00 0.0000E+00 0.0000E+00 0.0000E+00
2.2566E-10 2.2567E-10 2.2342E-10 2.1943E-10 2.1318E-10 2.0522E-10 1.9575E-10 1.8479E-10 1.7274E-10 1.5986E-10 1.4639E-10 1.3275E-10 1.1881E-10 1.0512E-10 9.1835E-11 7.8368E-11 6.4309E-11 4.6931E-11 3.1945E-11 1.8455E-11 1.1678E-11 8.6920E-12 6.6343E-12 2.6036E-12 8.6888E-14 0.0000E+00 0.0000E+00 0.0000E+00 0.0000E+00 0.0000E+00 0.0000E+00 0.0000E+00 0.0000E+00 0.0000E+00 0.0000E+00 0.0000E+00 0.0000E+00 0.0000E+00 0.0000E+00 0.0000E+00 0.0000E+00 0.0000E+00 0.0000E+00 0.0000E+00 0.0000E+00 0.0000E+00 0.0000E+00 0.0000E+00 0.0000E+00 0.0000E+00 0.0000E+00 0.0000E+00 0.0000E+00 0.0000E+00 0.0000E+00 0.0000E+00 0.0000E+00
2.8552E-10 2.8585E-10 2.8393E-10 2.7875E-10 2.7091E-10 2.6096E-10 2.4919E-10 2.3572E-10 2.2088E-10 2.0501E-10 1.8846E-10 1.7152E-10 1.5445E-10 1.3744E-10 1.2066E-10 1.0467E-10 8.8858E-11 7.3474E-11 5.3442E-11 3.4156E-11 2.0085E-11 1.2924E-11 8.9437E-12 6.8307E-12 2.8672E-12 0.0000E+00 0.0000E+00 0.0000E+00 0.0000E+00 0.0000E+00 0.0000E+00 0.0000E+00 0.0000E+00 0.0000E+00 0.0000E+00 0.0000E+00 0.0000E+00 0.0000E+00 0.0000E+00 0.0000E+00 0.0000E+00 0.0000E+00 0.0000E+00 0.0000E+00 0.0000E+00 0.0000E+00 0.0000E+00 0.0000E+00 0.0000E+00 0.0000E+00 0.0000E+00 0.0000E+00 0.0000E+00 0.0000E+00 0.0000E+00 0.0000E+00 0.0000E+00
3.5861E-10 3.5928E-10 3.5700E-10 3.5134E-10 3.4271E-10 3.3087E-10 3.1680E-10 3.0044E-10 2.8159E-10 2.6215E-10 2.4171E-10 2.2069E-10 1.9945E-10 1.7813E-10 1.5716E-10 1.3711E-10 1.1833E-10 1.0070E-10 8.3086E-11 6.0654E-11 3.9054E-11 2.1339E-11 1.4980E-11 9.5318E-12 6.5661E-12 3.3121E-12 0.0000E+00 0.0000E+00 0.0000E+00 0.0000E+00 0.0000E+00 0.0000E+00 0.0000E+00 0.0000E+00 0.0000E+00 0.0000E+00 0.0000E+00 0.0000E+00 0.0000E+00 0.0000E+00 0.0000E+00 0.0000E+00 0.0000E+00 0.0000E+00 0.0000E+00 0.0000E+00 0.0000E+00 0.0000E+00 0.0000E+00 0.0000E+00 0.0000E+00 0.0000E+00 0.0000E+00 0.0000E+00 0.0000E+00 0.0000E+00 0.0000E+00
4.4486E-10 4.4694E-10 4.4458E-10 4.3841E-10 4.2814E-10 4.1428E-10 3.9734E-10 3.7780E-10 3.5548E-10 3.3122E-10 3.0527E-10 2.7953E-10 2.5318E-10 2.2697E-10 2.0115E-10 1.7656E-10 1.5348E-10 1.3166E-10 1.1142E-10 9.1921E-11 6.6306E-11 4.2967E-11 2.3783E-11 1.7006E-11 1.0064E-11 7.0867E-12 3.8859E-12 0.0000E+00 0.0000E+00 0.0000E+00 0.0000E+00 0.0000E+00 0.0000E+00 0.0000E+00 0.0000E+00 0.0000E+00 0.0000E+00 0.0000E+00 0.0000E+00 0.0000E+00 0.0000E+00 0.0000E+00 0.0000E+00 0.0000E+00 0.0000E+00 0.0000E+00 0.0000E+00 0.0000E+00 0.0000E+00 0.0000E+00 0.0000E+00 0.0000E+00 0.0000E+00 0.0000E+00 0.0000E+00 0.0000E+00 0.0000E+00
5.4568E-10 5.4848E-10 5.4658E-10 5.4002E-10 5.2861E-10 5.1270E-10 4.9208E-10 4.6842E-10 4.4205E-10 4.1261E-10 3.8194E-10 3.4930E-10 3.1622E-10 2.8420E-10 2.5278E-10 2.2262E-10 1.9418E-10 1.6756E-10 1.4254E-10 1.2052E-10 9.9250E-11 7.3470E-11 4.5046E-11 2.7850E-11 1.8892E-11 1.0823E-11 7.6976E-12 4.3073E-12 0.0000E+00 0.0000E+00 0.0000E+00 0.0000E+00 0.0000E+00 0.0000E+00 0.0000E+00 0.0000E+00 0.0000E+00 0.0000E+00 0.0000E+00 0.0000E+00 0.0000E+00 0.0000E+00 0.0000E+00 0.0000E+00 0.0000E+00 0.0000E+00 0.0000E+00 0.0000E+00 0.0000E+00 0.0000E+00 0.0000E+00 0.0000E+00 0.0000E+00 0.0000E+00 0.0000E+00 0.0000E+00 0.0000E+00
6.6316E-10 6.6773E-10 6.6655E-10 6.5920E-10 6.4610E-10 6.2751E-10 6.0368E-10 5.7509E-10 5.4343E-10 5.0754E-10 4.6990E-10 4.3131E-10 3.9108E-10 3.5081E-10 3.1162E-10 2.7490E-10 2.4005E-10 2.0749E-10 1.7762E-10 1.5052E-10 1.2614E-10 1.0253E-10 7.6250E-11 4.5775E-11 2.9616E-11 1.9478E-11 1.1176E-11 8.4979E-12 4.5725E-12 0.0000E+00 0.0000E+00 0.0000E+00 0.0000E+00 0.0000E+00 0.0000E+00 0.0000E+00 0.0000E+00 0.0000E+00 0.0000E+00 0.0000E+00 0.0000E+00 0.0000E+00 0.0000E+00 0.0000E+00 0.0000E+00 0.0000E+00 0.0000E+00 0.0000E+00 0.0000E+00 0.0000E+00 0.0000E+00 0.0000E+00 0.0000E+00 0.0000E+00 0.0000E+00 0.0000E+00 0.0000E+00
8.0240E-10 8.0918E-10 8.0857E-10 8.0072E-10 7.8574E-10 7.6412E-10 7.3647E-10 7.0318E-10 6.6518E-10 6.2358E-10 5.7748E-10 5.2957E-10 4.8193E-10 4.3335E-10 3.8572E-10 3.3896E-10 2.9656E-10 2.5691E-10 2.2037E-10 1.8728E-10 1.5771E-10 1.3048E-10 1.0573E-10 7.9407E-11 4.8820E-11 3.1177E-11 1.9773E-11 1.0981E-11 8.0127E-12 4.8224E-12 0.0000E+00 0.0000E+00 0.0000E+00 0.0000E+00 0.0000E+00 0.0000E+00 0.0000E+00 0.0000E+00 0.0000E+00 0.0000E+00 0.0000E+00 0.0000E+00 0.0000E+00 0.0000E+00 0.0000E+00 0.0000E+00 0.0000E+00 0.0000E+00 0.0000E+00 0.0000E+00 0.0000E+00 0.0000E+00 0.0000E+00 0.0000E+00 0.0000E+00 0.0000E+00 0.0000E+00
9.6305E-10 9.7252E-10 9.7341E-10 9.6560E-10 9.4826E-10 9.2369E-10 8.9183E-10 8.5298E-10 8.0729E-10 7.5773E-10 7.0425E-10 6.4705E-10 5.8870E-10 5.3029E-10 4.7321E-10 4.1785E-10 3.6369E-10 3.1544E-10 2.7130E-10 2.3134E-10 1.9541E-10 1.6275E-10 1.3370E-10 1.0783E-10 8.1789E-11 5.0023E-11 3.0997E-11 1.9356E-11 1.0168E-11 7.4279E-12 4.7915E-12 0.0000E+00 0.0000E+00 0.0000E+00 0.0000E+00 0.0000E+00 0.0000E+00 0.0000E+00 0.0000E+00 0.0000E+00 0.0000E+00 0.0000E+00 0.0000E+00 0.0000E+00 0.0000E+00 0.0000E+00 0.0000E+00 0.0000E+00 0.0000E+00 0.0000E+00 0.0000E+00 0.0000E+00 0.0000E+00 0.0000E+00 0.0000E+00 0.0000E+00 0.0000E+00
1.1480E-09 1.1606E-09 1.1630E-09 1.1551E-09 1.1369E-09 1.1057E-09 1.0691E-09 1.0242E-09 9.7142E-10 9.1232E-10 8.4847E-10 7.8119E-10 7.1218E-10 6.4269E-10 5.7362E-10 5.0707E-10 4.4421E-10 3.8339E-10 3.2927E-10 2.8127E-10 2.3814E-10 1.9936E-10 1.6430E-10 1.3419E-10 1.0723E-10 8.2449E-11 4.7731E-11 2.8957E-11 1.8280E-11 9.3454E-12 6.6315E-12 4.1537E-12 0.0000E+00 0.0000E+00 0.0000E+00 0.0000E+00 0.0000E+00 0.0000E+00 0.0000E+00 0.0000E+00 0.0000E+00 0.0000E+00 0.0000E+00 0.0000E+00 0.0000E+00 0.0000E+00 0.0000E+00 0.0000E+00 0.0000E+00 0.0000E+00 0.0000E+00 0.0000E+00 0.0000E+00 0.0000E+00 0.0000E+00 0.0000E+00 0.0000E+00
1.3605E-09 1.3767E-09 1.3807E-09 1.3724E-09 1.3520E-09 1.3200E-09 1.2748E-09 1.2186E-09 1.1575E-09 1.0887E-09 1.0141E-09 9.3458E-10 8.5206E-10 7.7088E-10 6.8955E-10 6.1011E-10 5.3388E-10 4.6391E-10 3.9726E-10 3.3747E-10 2.8601E-10 2.4004E-10 1.9930E-10 1.6247E-10 1.3160E-10 1.0552E-10 7.8542E-11 4.4819E-11 2.5506E-11 1.7348E-11 8.5092E-12 5.8601E-12 3.5757E-12 0.0000E+00 0.0000E+00 0.0000E+00 0.0000E+00 0.0000E+00 0.0000E+00 0.0000E+00 0.0000E+00 0.0000E+00 0.0000E+00 0.0000E+00 0.0000E+00 0.0000E+00 0.0000E+00 0.0000E+00 0.0000E+00 0.0000E+00 0.0000E+00 0.0000E+00 0.0000E+00 0.0000E+00 0.0000E+00 0.0000E+00 0.0000E+00
1.6019E-09 1.6241E-09 1.6309E-09 1.6232E-09 1.6008E-09 1.5645E-09 1.5149E-09 1.4518E-09 1.3713E-09 1.2917E-09 1.2048E-09 1.1132E-09 1.0174E-09 9.1993E-10 8.2446E-10 7.3113E-10 6.4151E-10 5.5629E-10 4.7945E-10 4.0778E-10 3.4272E-10 2.8855E-10 2.4034E-10 1.9747E-10 1.5957E-10 1.2873E-10 1.0077E-10 7.2425E-11 4.0107E-11 2.2089E-11 1.5476E-11 7.6677E-12 5.0136E-12 2.9540E-12 1.9986E-14 0.0000E+00 0.0000E+00 0.0000E+00 0.0000E+00 0.0000E+00 0.0000E+00 0.0000E+00 0.0000E+00 0.0000E+00 0.0000E+00 0.0000E+00 0.0000E+00 0.0000E+00 0.0000E+00 0.0000E+00 0.0000E+00 0.0000E+00 0.0000E+00 0.0000E+00 0.0000E+00 0.0000E+00 0.0000E+00
1.8685E-09 1.8965E-09 1.9068E-09 1.9002E-09 1.8764E-09 1.8360E-09 1.7800E-09 1.7097E-09 1.6263E-09 1.5194E-09 1.4191E-09 1.3126E-09 1.2021E-09 1.0889E-09 9.7657E-10 8.6686E-10 7.6175E-10 6.6317E-10 5.6950E-10 4.8638E-10 4.1049E-10 3.4127E-10 2.8494E-10 2.3504E-10 1.9106E-10 1.5354E-10 1.2192E-10 9.2624E-11 6.4510E-11 3.4233E-11 1.9081E-11 1.3481E-11 6.7401E-12 4.0206E-12 2.2435E-12 0.0000E+00 0.0000E+00 0.0000E+00 0.0000E+00 0.0000E+00 0.0000E+00 0.0000E+00 0.0000E+00 0.0000E+00 0.0000E+00 0.0000E+00 0.0000E+00 0.0000E+00 0.0000E+00 0.0000E+00 0.0000E+00 0.0000E+00 0.0000E+00 0.0000E+00 0.0000E+00 0.0000E+00 0.0000E+00
2.1652E-09 2.2005E-09 2.2156E-09 2.2106E-09 2.1854E-09 2.1406E-09 2.0777E-09 1.9979E-09 1.9027E-09 1.7942E-09 1.6648E-09 1.5360E-09 1.4087E-09 1.2789E-09 1.1485E-09 1.0214E-09 8.9851E-10 7.8186E-10 6.7508E-10 5.7366E-10 4.8615E-10 4.0619E-10 3.3439E-10 2.7663E-10 2.2590E-10 1.8162E-10 1.4458E-10 1.1222E-10 8.1919E-11 5.5634E-11 2.8117E-11 1.6421E-11 1.1283E-11 5.5244E-12 3.0504E-12 1.5149E-12 0.0000E+00 0.0000E+00 0.0000E+00 0.0000E+00 0.0000E+00 0.0000E+00 0.0000E+00 0.0000E+00 0.0000E+00 0.0000E+00 0.0000E+00 0.0000E+00 0.0000E+00 0.0000E+00 0.0000E+00 0.0000E+00 0.0000E+00 0.0000E+00 0.0000E+00 0.0000E+00 0.0000E+00
2.4949E-09 2.5390E-09 2.5609E-09 2.5587E-09 2.5339E-09 2.4853E-09 2.4153E-09 2.3251E-09 2.2166E-09 2.0924E-09 1.9554E-09 1.8013E-09 1.6383E-09 1.4893E-09 1.3400E-09 1.1935E-09 1.0519E-09 9.1732E-10 7.9037E-10 6.7699E-10 5.6991E-10 4.7835E-10 3.9631E-10 3.2257E-10 2.6390E-10 2.1323E-10 1.6951E-10 1.3248E-10 9.9280E-11 7.0368E-11 4.5937E-11 2.3052E-11 1.3756E-11 9.0643E-12 4.1305E-12 2.0580E-12 6.0452E-13 0.0000E+00 0.0000E+00 0.0000E+00 0.0000E+00 0.0000E+00 0.0000E+00 0.0000E+00 0.0000E+00 0.0000E+00 0.0000E+00 0.0000E+00 0.0000E+00 0.0000E+00 0.0000E+00 0.0000E+00 0.0000E+00 0.0000E+00 0.0000E+00 0.0000E+00 0.0000E+00
2.8547E-09 2.9096E-09 2.9391E-09 2.9413E-09 2.9180E-09 2.8672E-09 2.7914E-09 2.6910E-09 2.5685E-09 2.4272E-09 2.2706E-09 2.1030E-09 1.9219E-09 1.7240E-09 1.5515E-09 1.3830E-09 1.2212E-09 1.0671E-09 9.2282E-10 7.8754E-10 6.6889E-10 5.5788E-10 4.6305E-10 3.8033E-10 3.0571E-10 2.4699E-10 1.9665E-10 1.5411E-10 1.1734E-10 8.5242E-11 5.8423E-11 3.6719E-11 1.8085E-11 1.0853E-11 6.8045E-12 2.6878E-12 1.0632E-12 0.0000E+00 0.0000E+00 0.0000E+00 0.0000E+00 0.0000E+00 0.0000E+00 0.0000E+00 0.0000E+00 0.0000E+00 0.0000E+00 0.0000E+00 0.0000E+00 0.0000E+00 0.0000E+00 0.0000E+00 0.0000E+00 0.0000E+00 0.0000E+00 0.0000E+00 0.0000E+00
3.2434E-09 3.3125E-09 3.3520E-09 3.3614E-09 3.3410E-09 3.2891E-09 3.2079E-09 3.0973E-09 2.9608E-09 2.8014E-09 2.6239E-09 2.4326E-09 2.2318E-09 2.0216E-09 1.7910E-09 1.5952E-09 1.4073E-09 1.2309E-09 1.0659E-09 9.1329E-10 7.7202E-10 6.4970E-10 5.3782E-10 4.4105E-10 3.5871E-10 2.8399E-10 2.2571E-10 1.7705E-10 1.3581E-10 1.0024E-10 7.0627E-11 4.6568E-11 2.7899E-11 1.3638E-11 7.9715E-12 4.3839E-12 1.2144E-12 0.0000E+00 0.0000E+00 0.0000E+00 0.0000E+00 0.0000E+00 0.0000E+00 0.0000E+00 0.0000E+00 0.0000E+00 0.0000E+00 0.0000E+00 0.0000E+00 0.0000E+00 0.0000E+00 0.0000E+00 0.0000E+00 0.0000E+00 0.0000E+00 0.0000E+00 0.0000E+00
3.6597E-09 3.7441E-09 3.7967E-09 3.8167E-09 3.8005E-09 3.7491E-09 3.6621E-09 3.5420E-09 3.3908E-09 3.2134E-09 3.0144E-09 2.7986E-09 2.5715E-09 2.3376E-09 2.0975E-09 1.8383E-09 1.6186E-09 1.4151E-09 1.2251E-09 1.0491E-09 8.9036E-10 7.4550E-10 6.2024E-10 5.0903E-10 4.1153E-10 3.3133E-10 2.5785E-10 2.0108E-10 1.5490E-10 1.1567E-10 8.2701E-11 5.6159E-11 3.5433E-11 1.9963E-11 9.4819E-12 5.1223E-12 1.9901E-12 8.1951E-14 0.0000E+00 0.0000E+00 0.0000E+00 0.0000E+00 0.0000E+00 0.0000E+00 0.0000E+00 0.0000E+00 0.0000E+00 0.0000E+00 0.0000E+00 0.0000E+00 0.0000E+00 0.0000E+00 0.0000E+00 0.0000E+00 0.0000E+00 0.0000E+00 0.0000E+00
4.1065E-09 4.2118E-09 4.2791E-09 4.3091E-09 4.2983E-09 4.2487E-09 4.1575E-09 4.0284E-09 3.8634E-09 3.6681E-09 3.4457E-09 3.2033E-09 2.9472E-09 2.6829E-09 2.4157E-09 2.1486E-09 1.8693E-09 1.6219E-09 1.4035E-09 1.2036E-09 1.0205E-09 8.5523E-10 7.0791E-10 5.8253E-10 4.7247E-10 3.7602E-10 2.9745E-10 2.2876E-10 1.7417E-10 1.3087E-10 9.4578E-11 6.5298E-11 4.2682E-11 2.5194E-11 1.3003E-11 5.8576E-12 2.3538E-12 1.8029E-13 0.0000E+00 0.0000E+00 0.0000E+00 0.0000E+00 0.0000E+00 0.0000E+00 0.0000E+00 0.0000E+00 0.0000E+00 0.0000E+00 0.0000E+00 0.0000E+00 0.0000E+00 0.0000E+00 0.0000E+00 0.0000E+00 0.0000E+00 0.0000E+00 0.0000E+00
4.5806E-09 4.7077E-09 4.7944E-09 4.8402E-09 4.8387E-09 4.7916E-09 4.6969E-09 4.5604E-09 4.3820E-09 4.1690E-09 3.9243E-09 3.6563E-09 3.3696E-09 3.0730E-09 2.7726E-09 2.4752E-09 2.1791E-09 1.8814E-09 1.6111E-09 1.3769E-09 1.1661E-09 9.7898E-10 8.0881E-10 6.6005E-10 5.3655E-10 4.2901E-10 3.3391E-10 2.6004E-10 1.9746E-10 1.4618E-10 1.0630E-10 7.4410E-11 4.9429E-11 3.0206E-11 1.6325E-11 7.5557E-12 2.6992E-12 2.4671E-13 0.0000E+00 0.0000E+00 0.0000E+00 0.0000E+00 0.0000E+00 0.0000E+00 0.0000E+00 0.0000E+00 0.0000E+00 0.0000E+00 0.0000E+00 0.0000E+00 0.0000E+00 0.0000E+00 0.0000E+00 0.0000E+00 0.0000E+00 0.0000E+00 0.0000E+00
5.0817E-09 5.2342E-09 5.3421E-09 5.4040E-09 5.4142E-09 5.3732E-09 5.2800E-09 5.1361E-09 4.9473E-09 4.7166E-09 4.4508E-09 4.1564E-09 3.8400E-09 3.5094E-09 3.1725E-09 2.8375E-09 2.5111E-09 2.1926E-09 1.8774E-09 1.5852E-09 1.3404E-09 1.1195E-09 9.2510E-10 7.5246E-10 6.0313E-10 4.8233E-10 3.7991E-10 2.8942E-10 2.2171E-10 1.6483E-10 1.1782E-10 8.2761E-11 5.5677E-11 3.5040E-11 1.9667E-11 9.1750E-12 3.1835E-12 2.7939E-13 0.0000E+00 0.0000E+00 0.0000E+00 0.0000E+00 0.0000E+00 0.0000E+00 0.0000E+00 0.0000E+00 0.0000E+00 0.0000E+00 0.0000E+00 0.0000E+00 0.0000E+00 0.0000E+00 0.0000E+00 0.0000E+00 0.0000E+00 0.0000E+00 0.0000E+00
5.6061E-09 5.7853E-09 5.9210E-09 6.0007E-09 6.0259E-09 5.9920E-09 5.9024E-09 5.7568E-09 5.5605E-09 5.3138E-09 5.0270E-09 4.7052E-09 4.3575E-09 3.9920E-09 3.6193E-09 3.2452E-09 2.8784E-09 2.5254E-09 2.1830E-09 1.8563E-09 1.5446E-09 1.2936E-09 1.0659E-09 8.6725E-10 6.8917E-10 5.4062E-10 4.2224E-10 3.2687E-10 2.4504E-10 1.8292E-10 1.3195E-10 9.1007E-11 6.1775E-11 3.9293E-11 2.2641E-11 1.1018E-11 3.7142E-12 2.7637E-13 0.0000E+00 0.0000E+00 0.0000E+00 0.0000E+00 0.0000E+00 0.0000E+00 0.0000E+00 0.0000E+00 0.0000E+00 0.0000E+00 0.0000E+00 0.0000E+00 0.0000E+00 0.0000E+00 0.0000E+00 0.0000E+00 0.0000E+00 0.0000E+00 0.0000E+00
6.1469E-09 6.3606E-09 6.5234E-09 6.6269E-09 6.6704E-09 6.6513E-09 6.5687E-09 6.4219E-09 6.2173E-09 5.9583E-09 5.6519E-09 5.3051E-09 4.9263E-09 4.5274E-09 4.1156E-09 3.7020E-09 3.2925E-09 2.8980E-09 2.5210E-09 2.1624E-09 1.8213E-09 1.4960E-09 1.2396E-09 1.0090E-09 8.0528E-10 6.2707E-10 4.7581E-10 3.6160E-10 2.7509E-10 2.0187E-10 1.4532E-10 1.0072E-10 6.7112E-11 4.3287E-11 2.5393E-11 1.2655E-11 4.5056E-12 2.2762E-13 0.0000E+00 0.0000E+00 0.0000E+00 0.0000E+00 0.0000E+00 0.0000E+00 0.0000E+00 0.0000E+00 0.0000E+00 0.0000E+00 0.0000E+00 0.0000E+00 0.0000E+00 0.0000E+00 0.0000E+00 0.0000E+00 0.0000E+00 0.0000E+00 0.0000E+00
6.7018E-09 6.9508E-09 7.1470E-09 7.2797E-09 7.3482E-09 7.3459E-09 7.2741E-09 7.1336E-09 6.9274E-09 6.6579E-09 6.3328E-09 5.9623E-09 5.5544E-09 5.1215E-09 4.6709E-09 4.2158E-09 3.7632E-09 3.3221E-09 2.9011E-09 2.5028E-09 2.1307E-09 1.7791E-09 1.4486E-09 1.1859E-09 9.5414E-10 7.4899E-10 5.6768E-10 4.1938E-10 3.0506E-10 2.2700E-10 1.6183E-10 1.1097E-10 7.3281E-11 4.6669E-11 2.7806E-11 1.4358E-11 5.2460E-12 1.0221E-13 0.0000E+00 0.0000E+00 0.0000E+00 0.0000E+00 0.0000E+00 0.0000E+00 0.0000E+00 0.0000E+00 0.0000E+00 0.0000E+00 0.0000E+00 0.0000E+00 0.0000E+00 0.0000E+00 0.0000E+00 0.0000E+00 0.0000E+00 0.0000E+00 0.0000E+00
