Assets/Resources/2015_m01_d14_1700(utc+0800)_l00_csi_1hr_conc.grd
DSAA
         159         159
     -79.000      79.000
     -79.000      79.000
  0.0000E+00  0.1149E-04
[rows 0 to 24 of 159, columns 57 to 113 of 159]
4.1725E-09 3.9321E-09 3.7016E-09 3.4841E-09 3.2784E-09 3.0854E-09 2.9029E-09 2.7300E-09 2.5669E-09 2.4104E-09 2.2659E-09 2.1275E-09 1.9969E-09 1.8762E-09 1.7619E-09 1.6545E-09 1.5469E-09 1.4460E-09 1.3508E-09 1.2544E-09 1.1741E-09 1.0993E-09 1.0166E-09 9.5239E-10 8.8520E-10 8.3047E-10 7.7869E-10 7.1688E-10 6.7740E-10 6.2708E-10 5.9201E-10 5.5839E-10 5.2620E-10 4.9540E-10 4.6598E-10 4.3790E-10 4.0256E-10 3.7779E-10 3.5423E-10 3.2384E-10 3.0323E-10 2.7558E-10 2.4807E-10 2.3188E-10 1.9933E-10 1.8379E-10 1.6144E-10 1.3676E-10 1.2310E-10 1.0009E-10 8.4273E-11 6.3077E-11 5.2035E-11 4.1503E-11 2.8377E-11 2.0004E-11 1.0516E-11
4.2691E-09 4.0186E-09 3.7804E-09 3.5556E-09 3.3420E-09 3.1407E-09 2.9520E-09 2.7741E-09 2.6070E-09 2.4448E-09 2.2955E-09 2.1546E-09 2.0213E-09 1.8966E-09 1.7807E-09 1.6709E-09 1.5603E-09 1.4581E-09 1.3624E-09 1.2633E-09 1.1814E-09 1.1055E-09 1.0216E-09 9.5699E-10 8.8896E-10 8.3378E-10 7.8174E-10 7.1956E-10 6.7992E-10 6.2934E-10 5.9414E-10 5.6039E-10 5.2807E-10 4.9715E-10 4.6762E-10 4.3943E-10 4.0392E-10 3.7907E-10 3.5541E-10 3.2489E-10 3.0421E-10 2.7644E-10 2.5135E-10 2.3255E-10 1.9985E-10 1.8427E-10 1.6183E-10 1.4189E-10 1.2334E-10 1.0026E-10 8.4395E-11 7.0049E-11 4.9133E-11 4.1537E-11 2.8395E-11 2.0009E-11 1.0519E-11
4.3729E-09 4.1111E-09 3.8626E-09 3.6293E-09 3.4094E-09 3.2009E-09 3.0051E-09 2.8192E-09 2.6473E-09 2.4821E-09 2.3264E-09 2.1809E-09 2.0440E-09 1.9162E-09 1.7968E-09 1.6863E-09 1.5732E-09 1.4681E-09 1.3724E-09 1.2718E-09 1.1876E-09 1.1108E-09 1.0256E-09 9.6059E-10 8.9182E-10 8.3624E-10 7.8400E-10 7.2154E-10 6.8178E-10 6.3100E-10 5.9570E-10 5.6185E-10 5.2944E-10 4.9843E-10 4.6881E-10 4.4055E-10 4.0490E-10 3.7998E-10 3.5626E-10 3.2563E-10 3.0489E-10 2.7703E-10 2.5186E-10 2.3301E-10 2.0270E-10 1.8457E-10 1.6207E-10 1.4207E-10 1.2348E-10 1.0034E-10 8.4442E-11 7.0089E-11 5.3729E-11 4.1535E-11 2.8388E-11 1.9996E-11 1.0514E-11
4.4721E-09 4.2008E-09 3.9431E-09 3.6998E-09 3.4712E-09 3.2557E-09 3.0545E-09 2.8625E-09 2.6832E-09 2.5132E-09 2.3545E-09 2.2050E-09 2.0656E-09 1.9355E-09 1.8121E-09 1.6988E-09 1.5848E-09 1.4847E-09 1.3797E-09 1.2940E-09 1.1928E-09 1.1148E-09 1.0356E-09 9.6309E-10 8.9381E-10 8.3785E-10 7.8547E-10 7.2936E-10 6.8296E-10 6.3205E-10 5.9668E-10 5.6277E-10 5.3029E-10 4.9923E-10 4.6955E-10 4.4124E-10 4.0548E-10 3.8052E-10 3.5677E-10 3.2605E-10 3.0529E-10 2.7737E-10 2.5213E-10 2.3325E-10 2.0287E-10 1.8469E-10 1.6464E-10 1.4212E-10 1.2350E-10 1.0271E-10 8.4413E-11 7.0066E-11 5.3697E-11 3.8464E-11 2.8356E-11 1.9966E-11 1.0499E-11
4.5728E-09 4.2902E-09 4.0221E-09 3.7698E-09 3.5333E-09 3.3095E-09 3.1014E-09 2.9048E-09 2.7206E-09 2.5447E-09 2.3815E-09 2.2286E-09 2.0846E-09 1.9527E-09 1.8267E-09 1.7099E-09 1.5947E-09 1.4931E-09 1.3853E-09 1.2999E-09 1.1978E-09 1.1178E-09 1.0377E-09 9.6469E-10 9.0872E-10 8.3860E-10 7.8615E-10 7.2993E-10 6.8347E-10 6.3249E-10 5.9708E-10 5.6313E-10 5.3063E-10 4.9954E-10 4.6984E-10 4.4150E-10 4.0568E-10 3.8070E-10 3.5693E-10 3.2617E-10 3.0540E-10 2.7744E-10 2.5216E-10 2.3326E-10 2.0284E-10 1.8465E-10 1.6459E-10 1.4203E-10 1.2341E-10 1.0261E-10 8.4308E-11 6.9981E-11 5.3616E-11 3.8399E-11 2.8300E-11 1.9919E-11 1.0475E-11
4.6769E-09 4.3833E-09 4.1038E-09 3.8406E-09 3.5956E-09 3.3641E-09 3.1481E-09 2.9446E-09 2.7561E-09 2.5769E-09 2.4096E-09 2.2526E-09 2.1038E-09 1.9674E-09 1.8395E-09 1.7200E-09 1.6023E-09 1.4997E-09 1.3976E-09 1.3033E-09 1.2013E-09 1.1199E-09 1.0386E-09 9.6522E-10 9.0893E-10 8.3848E-10 7.8602E-10 7.2977E-10 6.8330E-10 6.3230E-10 5.9690E-10 5.6296E-10 5.3045E-10 4.9937E-10 4.6967E-10 4.4133E-10 4.0549E-10 3.8051E-10 3.5675E-10 3.2597E-10 3.0521E-10 2.7724E-10 2.5195E-10 2.3306E-10 2.0262E-10 1.8443E-10 1.6439E-10 1.4182E-10 1.2320E-10 1.0241E-10 8.4129E-11 7.2183E-11 5.3489E-11 3.8300E-11 2.8218E-11 1.9855E-11 1.0442E-11
4.7777E-09 4.4721E-09 4.1833E-09 3.9096E-09 3.6546E-09 3.4147E-09 3.1933E-09 2.9846E-09 2.7900E-09 2.6051E-09 2.4320E-09 2.2728E-09 2.1214E-09 1.9812E-09 1.8511E-09 1.7292E-09 1.6080E-09 1.5041E-09 1.4014E-09 1.3050E-09 1.2032E-09 1.1211E-09 1.0387E-09 9.6484E-10 9.0825E-10 8.3751E-10 7.8509E-10 7.2887E-10 6.8245E-10 6.3150E-10 5.9614E-10 5.6223E-10 5.2976E-10 4.9871E-10 4.6904E-10 4.4074E-10 4.0490E-10 3.7996E-10 3.5623E-10 3.2547E-10 3.0473E-10 2.7679E-10 2.5151E-10 2.3264E-10 2.0222E-10 1.8405E-10 1.6403E-10 1.4148E-10 1.2289E-10 1.0213E-10 8.3874E-11 7.1973E-11 5.3314E-11 3.8168E-11 2.8113E-11 1.9773E-11 1.0400E-11
4.8829E-09 4.5636E-09 4.2627E-09 3.9790E-09 3.7155E-09 3.4672E-09 3.2371E-09 3.0224E-09 2.8232E-09 2.6343E-09 2.4558E-09 2.2905E-09 2.1372E-09 1.9936E-09 1.8599E-09 1.7369E-09 1.6133E-09 1.5066E-09 1.4037E-09 1.3063E-09 1.2028E-09 1.1211E-09 1.0380E-09 9.6341E-10 9.0655E-10 8.3567E-10 7.8336E-10 7.2069E-10 6.8092E-10 6.3009E-10 5.9479E-10 5.6096E-10 5.2855E-10 4.9757E-10 4.6796E-10 4.3972E-10 4.0393E-10 3.7904E-10 3.5536E-10 3.2465E-10 3.0396E-10 2.7607E-10 2.5083E-10 2.3200E-10 2.0163E-10 1.8349E-10 1.6352E-10 1.4100E-10 1.2246E-10 1.0176E-10 8.3545E-11 6.9351E-11 5.0777E-11 3.8003E-11 2.7983E-11 1.9676E-11 1.0349E-11
4.9911E-09 4.6600E-09 4.3477E-09 4.0532E-09 3.7798E-09 3.5238E-09 3.2850E-09 3.0609E-09 2.8539E-09 2.6610E-09 2.4791E-09 2.3091E-09 2.1515E-09 2.0054E-09 1.8672E-09 1.7414E-09 1.6174E-09 1.5081E-09 1.4039E-09 1.3060E-09 1.2013E-09 1.1200E-09 1.0364E-09 9.6104E-10 9.0383E-10 8.3298E-10 7.8084E-10 7.1837E-10 6.7872E-10 6.2807E-10 5.9288E-10 5.5914E-10 5.2684E-10 4.9594E-10 4.6643E-10 4.3827E-10 4.0257E-10 3.7776E-10 3.5416E-10 3.2353E-10 3.0291E-10 2.7509E-10 2.4991E-10 2.3114E-10 2.0085E-10 1.8276E-10 1.6287E-10 1.4040E-10 1.2192E-10 1.0129E-10 8.3143E-11 6.9019E-11 4.5962E-11 3.4610E-11 2.7829E-11 1.6602E-11 1.0290E-11
5.0963E-09 4.7534E-09 4.4298E-09 4.1246E-09 3.8396E-09 3.5740E-09 3.3281E-09 3.0976E-09 2.8843E-09 2.6863E-09 2.4990E-09 2.3253E-09 2.1631E-09 2.0152E-09 1.8745E-09 1.7442E-09 1.6196E-09 1.5087E-09 1.4019E-09 1.3042E-09 1.1988E-09 1.1169E-09 1.0337E-09 9.5776E-10 8.8637E-10 8.2944E-10 7.7753E-10 7.1534E-10 6.7586E-10 6.2544E-10 5.9039E-10 5.5679E-10 5.2461E-10 4.9384E-10 4.6445E-10 4.3641E-10 4.0083E-10 3.7612E-10 3.5261E-10 3.2210E-10 3.0156E-10 2.7385E-10 2.4876E-10 2.3007E-10 1.9988E-10 1.8187E-10 1.6206E-10 1.3968E-10 1.2128E-10 9.8356E-11 8.2669E-11 6.1743E-11 4.3446E-11 3.4403E-11 2.7652E-11 1.6495E-11 1.0222E-11
5.2046E-09 4.8486E-09 4.5124E-09 4.1965E-09 3.9029E-09 3.6270E-09 3.3710E-09 3.1334E-09 2.9141E-09 2.7109E-09 2.5193E-09 2.3430E-09 2.1752E-09 2.0213E-09 1.8788E-09 1.7470E-09 1.6201E-09 1.5080E-09 1.3912E-09 1.3008E-09 1.1953E-09 1.1126E-09 1.0297E-09 9.5412E-10 8.8185E-10 8.2506E-10 7.7344E-10 7.1162E-10 6.7234E-10 6.2221E-10 5.8734E-10 5.5390E-10 5.2189E-10 4.9128E-10 4.6203E-10 4.3413E-10 3.9870E-10 3.7413E-10 3.5074E-10 3.2036E-10 2.9994E-10 2.7237E-10 2.4739E-10 2.2878E-10 1.9874E-10 1.8081E-10 1.6112E-10 1.3883E-10 1.2053E-10 9.7722E-11 7.9005E-11 6.1323E-11 4.3139E-11 3.4167E-11 2.7451E-11 1.6375E-11 1.0145E-11
5.3088E-09 4.9401E-09 4.5927E-09 4.2652E-09 3.9606E-09 3.6770E-09 3.4143E-09 3.1690E-09 2.9407E-09 2.7325E-09 2.5358E-09 2.3563E-09 2.1862E-09 2.0273E-09 1.8824E-09 1.7478E-09 1.6185E-09 1.5055E-09 1.3873E-09 1.2953E-09 1.1906E-09 1.1070E-09 1.0171E-09 9.4949E-10 8.7642E-10 8.1986E-10 7.6859E-10 7.0722E-10 6.6817E-10 6.1839E-10 5.8373E-10 5.5050E-10 5.1867E-10 4.8824E-10 4.5917E-10 4.3144E-10 3.9621E-10 3.7178E-10 3.4854E-10 3.1834E-10 2.9804E-10 2.7063E-10 2.4578E-10 2.2729E-10 1.9742E-10 1.7959E-10 1.6003E-10 1.3061E-10 1.1632E-10 9.7004E-11 7.8418E-11 6.0852E-11 4.2795E-11 3.3902E-11 2.7229E-11 1.3124E-11 1.0060E-11
5.4163E-09 5.0350E-09 4.6752E-09 4.3360E-09 4.0212E-09 3.7277E-09 3.4556E-09 3.2045E-09 2.9697E-09 2.7560E-09 2.5535E-09 2.3662E-09 2.1942E-09 2.0313E-09 1.8838E-09 1.7475E-09 1.6154E-09 1.5014E-09 1.3828E-09 1.2735E-09 1.1849E-09 1.1009E-09 1.0100E-09 9.4380E-10 8.7024E-10 8.0719E-10 7.6299E-10 7.0214E-10 6.6337E-10 6.1400E-10 5.7958E-10 5.4657E-10 5.1498E-10 4.8476E-10 4.5589E-10 4.2835E-10 3.9335E-10 3.6910E-10 3.4602E-10 3.1602E-10 2.9587E-10 2.6864E-10 2.4396E-10 2.1747E-10 1.9592E-10 1.7822E-10 1.4905E-10 1.2722E-10 1.1540E-10 9.6205E-11 7.7766E-11 5.7384E-11 4.2417E-11 3.3610E-11 2.4808E-11 1.3009E-11 9.9676E-12
5.5253E-09 5.1304E-09 4.7583E-09 4.4085E-09 4.0836E-09 3.7817E-09 3.4994E-09 3.2402E-09 2.9980E-09 2.7766E-09 2.5706E-09 2.3784E-09 2.2027E-09 2.0353E-09 1.8821E-09 1.7448E-09 1.6113E-09 1.4871E-09 1.3766E-09 1.2656E-09 1.1772E-09 1.0935E-09 1.0018E-09 9.3700E-10 8.6350E-10 8.0049E-10 7.4334E-10 6.9640E-10 6.5795E-10 6.0904E-10 5.7489E-10 5.4215E-10 5.1080E-10 4.8083E-10 4.5219E-10 4.2487E-10 3.9013E-10 3.6607E-10 3.4318E-10 3.1342E-10 2.9343E-10 2.6642E-10 2.4192E-10 2.1564E-10 1.9174E-10 1.7668E-10 1.4774E-10 1.2609E-10 1.1437E-10 9.5326E-11 7.3767E-11 5.6846E-11 3.8980E-11 3.0997E-11 2.0115E-11 1.2884E-11 9.8671E-12
5.6345E-09 5.2265E-09 4.8430E-09 4.4827E-09 4.1455E-09 3.8351E-09 3.5455E-09 3.2777E-09 3.0276E-09 2.7973E-09 2.5855E-09 2.3858E-09 2.2066E-09 2.0383E-09 1.8796E-09 1.7402E-09 1.6056E-09 1.4794E-09 1.3692E-09 1.2569E-09 1.1612E-09 1.0852E-09 9.9261E-10 9.2895E-10 8.4914E-10 7.9303E-10 7.3649E-10 6.9002E-10 6.5192E-10 6.0353E-10 5.6969E-10 5.3724E-10 5.0617E-10 4.7646E-10 4.4808E-10 4.2101E-10 3.8657E-10 3.6273E-10 3.3139E-10 3.1054E-10 2.9073E-10 2.6396E-10 2.3712E-10 2.1362E-10 1.8992E-10 1.7500E-10 1.4631E-10 1.2485E-10 1.1326E-10 9.2075E-11 7.3026E-11 5.3946E-11 3.8571E-11 3.0670E-11 1.9895E-11 1.2749E-11 9.7591E-12
5.7488E-09 5.3276E-09 4.9316E-09 4.5597E-09 4.2116E-09 3.8901E-09 3.5901E-09 3.3126E-09 3.0556E-09 2.8183E-09 2.6006E-09 2.3958E-09 2.2105E-09 2.0398E-09 1.8768E-09 1.7335E-09 1.5981E-09 1.4700E-09 1.3603E-09 1.2469E-09 1.1509E-09 1.0611E-09 9.8286E-10 9.1968E-10 8.4089E-10 7.8484E-10 7.2897E-10 6.8301E-10 6.3240E-10 5.9749E-10 5.6398E-10 5.3185E-10 5.0109E-10 4.7167E-10 4.4358E-10 4.1677E-10 3.8267E-10 3.5906E-10 3.2803E-10 3.0739E-10 2.8778E-10 2.5361E-10 2.3468E-10 2.1142E-10 1.8795E-10 1.6527E-10 1.4476E-10 1.2351E-10 1.1205E-10 8.4024E-11 7.2228E-11 5.3339E-11 3.4934E-11 3.0320E-11 1.6713E-11 1.2604E-11 5.3905E-12
5.8585E-09 5.4236E-09 5.0152E-09 4.6330E-09 4.2748E-09 3.9419E-09 3.6339E-09 3.3478E-09 3.0822E-09 2.8346E-09 2.6107E-09 2.4025E-09 2.2116E-09 2.0377E-09 1.8721E-09 1.7180E-09 1.5885E-09 1.4594E-09 1.3498E-09 1.2283E-09 1.1390E-09 1.0502E-09 9.6532E-10 9.0928E-10 8.3176E-10 7.7617E-10 7.1423E-10 6.7540E-10 6.2546E-10 5.9092E-10 5.5778E-10 5.2600E-10 4.9558E-10 4.6648E-10 4.3869E-10 4.1218E-10 3.7844E-10 3.5509E-10 3.2440E-10 3.0398E-10 2.8459E-10 2.5078E-10 2.3205E-10 2.0905E-10 1.8581E-10 1.6339E-10 1.4065E-10 1.2207E-10 1.0129E-10 7.9891E-11 7.1373E-11 5.0456E-11 3.4510E-11 2.9947E-11 1.6504E-11 1.0218E-11 3.1387E-12
5.9776E-09 5.5299E-09 5.1094E-09 4.7154E-09 4.3446E-09 3.9997E-09 3.6815E-09 3.3858E-09 3.1110E-09 2.8573E-09 2.6248E-09 2.4102E-09 2.2141E-09 2.0356E-09 1.8670E-09 1.7090E-09 1.5778E-09 1.4480E-09 1.3371E-09 1.2156E-09 1.1266E-09 1.0380E-09 9.5405E-10 8.8403E-10 8.2179E-10 7.6681E-10 7.0557E-10 6.6722E-10 6.1799E-10 5.8386E-10 5.5110E-10 5.1971E-10 4.8964E-10 4.6089E-10 4.3343E-10 4.0723E-10 3.7389E-10 3.5082E-10 3.2049E-10 3.0032E-10 2.7278E-10 2.4774E-10 2.2923E-10 2.0651E-10 1.8105E-10 1.6139E-10 1.3890E-10 1.1718E-10 1.0001E-10 7.8871E-11 6.7505E-11 4.7536E-11 3.4061E-11 2.7306E-11 1.3180E-11 1.0079E-11 3.0925E-12
6.0960E-09 5.6359E-09 5.2019E-09 4.7949E-09 4.4136E-09 4.0578E-09 3.7277E-09 3.4200E-09 3.1360E-09 2.8749E-09 2.6339E-09 2.4132E-09 2.2125E-09 2.0309E-09 1.8590E-09 1.6991E-09 1.5659E-09 1.4268E-09 1.3232E-09 1.2020E-09 1.1126E-09 1.0176E-09 9.4204E-10 8.7200E-10 8.0424E-10 7.5686E-10 6.9632E-10 6.5847E-10 6.1000E-10 5.7631E-10 5.4398E-10 5.1298E-10 4.8331E-10 4.5493E-10 4.2782E-10 4.0196E-10 3.6904E-10 3.4627E-10 3.1633E-10 2.9642E-10 2.6924E-10 2.4450E-10 2.2623E-10 1.9637E-10 1.7866E-10 1.5926E-10 1.3469E-10 1.1562E-10 9.8655E-11 7.7794E-11 5.7356E-11 3.9278E-11 3.3588E-11 2.4750E-11 1.2996E-11 9.9343E-12 0.0000E+00
6.2211E-09 5.7466E-09 5.2995E-09 4.8800E-09 4.4869E-09 4.1176E-09 3.7765E-09 3.4600E-09 3.1656E-09 2.8947E-09 2.6478E-09 2.4200E-09 2.2135E-09 2.0273E-09 1.8510E-09 1.6875E-09 1.5513E-09 1.4110E-09 1.2920E-09 1.1800E-09 1.0972E-09 1.0030E-09 9.2902E-10 8.5254E-10 7.9268E-10 7.3315E-10 6.8650E-10 6.4919E-10 6.0153E-10 5.6831E-10 5.3642E-10 5.0585E-10 4.7659E-10 4.4860E-10 4.2187E-10 3.8748E-10 3.6390E-10 3.4145E-10 3.1193E-10 2.9229E-10 2.6549E-10 2.4108E-10 2.1492E-10 1.9360E-10 1.7613E-10 1.5701E-10 1.2793E-10 1.1396E-10 9.4861E-11 7.3414E-11 5.6514E-11 3.8694E-11 3.3093E-11 1.6945E-11 1.2803E-11 7.6559E-12 0.0000E+00
6.3516E-09 5.8632E-09 5.4026E-09 4.9689E-09 4.5615E-09 4.1782E-09 3.8242E-09 3.4967E-09 3.1916E-09 2.9111E-09 2.6565E-09 2.4222E-09 2.2093E-09 2.0187E-09 1.8395E-09 1.6744E-09 1.5283E-09 1.3948E-09 1.2757E-09 1.1639E-09 1.0665E-09 9.8060E-10 9.1549E-10 8.3933E-10 7.8036E-10 7.1569E-10 6.7615E-10 6.2666E-10 5.9260E-10 5.5986E-10 5.2845E-10 4.9833E-10 4.6950E-10 4.4193E-10 4.1559E-10 3.8171E-10 3.5849E-10 3.3636E-10 3.0728E-10 2.8794E-10 2.6154E-10 2.3748E-10 2.1171E-10 1.9070E-10 1.7348E-10 1.4492E-10 1.2360E-10 1.1223E-10 8.8786E-11 7.2285E-11 5.5634E-11 3.4904E-11 3.0287E-11 1.6674E-11 1.2602E-11 5.3776E-12 0.0000E+00
6.4858E-09 5.9842E-09 5.5086E-09 5.0603E-09 4.6388E-09 4.2434E-09 3.8757E-09 3.5364E-09 3.2226E-09 2.9327E-09 2.6693E-09 2.4286E-09 2.2077E-09 2.0116E-09 1.8211E-09 1.6611E-09 1.5123E-09 1.3783E-09 1.2498E-09 1.1470E-09 1.0498E-09 9.6487E-10 8.8707E-10 8.1871E-10 7.6749E-10 7.0443E-10 6.6529E-10 6.1674E-10 5.8322E-10 5.5100E-10 5.2009E-10 4.9045E-10 4.6207E-10 4.3493E-10 4.0901E-10 3.7567E-10 3.5281E-10 3.2244E-10 3.0242E-10 2.8338E-10 2.5740E-10 2.3115E-10 2.0835E-10 1.8516E-10 1.6286E-10 1.4260E-10 1.1822E-10 1.1043E-10 7.9512E-11 7.1110E-11 5.0197E-11 3.4328E-11 2.9783E-11 1.3283E-11 1.2393E-11 3.0947E-12 0.0000E+00
6.6251E-09 6.1076E-09 5.6168E-09 5.1530E-09 4.7168E-09 4.3068E-09 3.9245E-09 3.5726E-09 3.2491E-09 2.9478E-09 2.6752E-09 2.4287E-09 2.2020E-09 2.0012E-09 1.8078E-09 1.6451E-09 1.4880E-09 1.3609E-09 1.2315E-09 1.1290E-09 1.0252E-09 9.4820E-10 8.7199E-10 8.0459E-10 7.4090E-10 6.9262E-10 6.5395E-10 6.0639E-10 5.7343E-10 5.4175E-10 5.1135E-10 4.8221E-10 4.5431E-10 4.2763E-10 4.0214E-10 3.6936E-10 3.4688E-10 3.1704E-10 2.9735E-10 2.7021E-10 2.4545E-10 2.2726E-10 2.0485E-10 1.8204E-10 1.6012E-10 1.3773E-10 1.1621E-10 9.9130E-11 7.8144E-11 6.6977E-11 4.4039E-11 3.3732E-11 2.4833E-11 1.3051E-11 9.9637E-12 0.0000E+00 0.0000E+00
6.7760E-09 6.2440E-09 5.7373E-09 5.2573E-09 4.8055E-09 4.3807E-09 3.9855E-09 3.6201E-09 3.2841E-09 2.9726E-09 2.6901E-09 2.4350E-09 2.2012E-09 1.9941E-09 1.7968E-09 1.6234E-09 1.4721E-09 1.3286E-09 1.2054E-09 1.1098E-09 1.0075E-09 9.3064E-10 8.4916E-10 7.8984E-10 7.2764E-10 6.8028E-10 6.2928E-10 5.9563E-10 5.6325E-10 5.3214E-10 5.0227E-10 4.7365E-10 4.4624E-10 4.2003E-10 3.9500E-10 3.6281E-10 3.4073E-10 3.1142E-10 2.9208E-10 2.6543E-10 2.4110E-10 2.2323E-10 1.9373E-10 1.7633E-10 1.5728E-10 1.3053E-10 1.1413E-10 9.7343E-11 7.3489E-11 5.6540E-11 3.8677E-11 3.3116E-11 1.9213E-11 1.2812E-11 7.6563E-12 0.0000E+00 0.0000E+00
6.9297E-09 6.3813E-09 5.8572E-09 5.3608E-09 4.8926E-09 4.4524E-09 4.0422E-09 3.6614E-09 3.3129E-09 2.9915E-09 2.6980E-09 2.4356E-09 2.1960E-09 1.9748E-09 1.7837E-09 1.6082E-09 1.4550E-09 1.3038E-09 1.1865E-09 1.0762E-09 9.8221E-10 9.1236E-10 8.2629E-10 7.7452E-10 7.0775E-10 6.6757E-10 6.1750E-10 5.8448E-10 5.5271E-10 5.2218E-10 4.9287E-10 4.6478E-10 4.3789E-10 4.1217E-10 3.7874E-10 3.5602E-10 3.3436E-10 3.0561E-10 2.8662E-10 2.6049E-10 2.3660E-10 2.1101E-10 1.9011E-10 1.7302E-10 1.5434E-10 1.2321E-10 1.1199E-10 8.5386E-11 7.2098E-11 5.5460E-11 3.4775E-11 3.2483E-11 1.3458E-11 1.2567E-11 5.3544E-12 0.0000E+00 0.0000E+00
