Assets/Resources/2015_m01_d05_0700(utc+0800)_l00_csi_1hr_conc.grd
DSAA
         159         159
     -79.000      79.000
     -79.000      79.000
  0.1962E-09  0.1360E-04
[rows 75 to 99 of 159, columns 0 to 56 of 159]
4.8260E-09 4.9712E-09 5.1214E-09 5.2733E-09 5.4328E-09 5.5957E-09 5.7702E-09 5.9483E-09 6.1331E-09 6.3441E-09 6.5809E-09 6.8117E-09 7.1038E-09 7.4335E-09 7.7495E-09 8.1307E-09 8.5177E-09 8.9321E-09 9.4983E-09 1.0132E-08 1.0730E-08 1.1515E-08 1.2270E-08 1.3258E-08 1.4181E-08 1.5200E-08 1.6325E-08 1.7563E-08 1.8923E-08 2.0411E-08 2.2035E-08 2.3799E-08 2.5709E-08 2.7780E-08 3.0175E-08 3.2836E-08 3.5657E-08 3.8890E-08 4.2470E-08 4.6340E-08 5.0586E-08 5.5272E-08 6.0487E-08 6.6290E-08 7.2720E-08 7.9859E-08 8.7692E-08 9.6250E-08 1.0546E-07 1.1528E-07 1.2556E-07 1.3610E-07 1.4674E-07 1.5714E-07 1.6701E-07 1.7617E-07 1.8444E-07
4.6631E-09 4.8044E-09 4.9458E-09 5.0961E-09 5.2481E-09 5.4083E-09 5.5745E-09 5.7470E-09 5.9297E-09 6.1349E-09 6.3379E-09 6.5841E-09 6.8754E-09 7.1825E-09 7.5030E-09 7.8726E-09 8.2576E-09 8.6631E-09 9.2070E-09 9.8202E-09 1.0405E-08 1.1167E-08 1.1906E-08 1.2869E-08 1.3773E-08 1.4773E-08 1.5877E-08 1.7092E-08 1.8428E-08 1.9891E-08 2.1489E-08 2.3226E-08 2.5107E-08 2.7150E-08 2.9507E-08 3.2127E-08 3.4910E-08 3.8106E-08 4.1668E-08 4.5505E-08 4.9720E-08 5.4370E-08 5.9550E-08 6.5314E-08 7.1709E-08 7.8809E-08 8.6606E-08 9.5108E-08 1.0429E-07 1.1405E-07 1.2424E-07 1.3467E-07 1.4521E-07 1.5553E-07 1.6529E-07 1.7416E-07 1.8214E-07
4.4938E-09 4.6263E-09 4.7674E-09 4.9116E-09 5.0580E-09 5.2124E-09 5.3728E-09 5.5369E-09 5.7128E-09 5.9083E-09 6.1036E-09 6.3461E-09 6.6323E-09 6.8997E-09 7.2350E-09 7.5988E-09 7.9712E-09 8.3720E-09 8.8900E-09 9.4788E-09 1.0051E-08 1.0783E-08 1.1504E-08 1.2435E-08 1.3318E-08 1.4293E-08 1.5369E-08 1.6556E-08 1.7861E-08 1.9291E-08 2.0854E-08 2.2554E-08 2.4398E-08 2.6400E-08 2.8709E-08 3.1166E-08 3.4003E-08 3.7136E-08 4.0629E-08 4.4410E-08 4.8562E-08 5.3149E-08 5.8245E-08 6.3917E-08 7.0208E-08 7.7190E-08 8.4858E-08 9.3217E-08 1.0224E-07 1.1181E-07 1.2178E-07 1.3198E-07 1.4220E-07 1.5220E-07 1.6168E-07 1.7028E-07 1.7784E-07
4.3226E-09 4.4493E-09 4.5786E-09 4.7127E-09 4.8613E-09 5.0094E-09 5.1633E-09 5.3209E-09 5.4876E-09 5.6612E-09 5.8630E-09 6.0963E-09 6.3692E-09 6.6271E-09 6.9497E-09 7.3060E-09 7.6561E-09 8.0598E-09 8.5502E-09 9.0379E-09 9.6657E-09 1.0368E-08 1.1066E-08 1.1959E-08 1.2819E-08 1.3763E-08 1.4807E-08 1.5959E-08 1.7226E-08 1.8615E-08 2.0135E-08 2.1790E-08 2.3585E-08 2.5536E-08 2.7670E-08 3.0180E-08 3.2943E-08 3.5997E-08 3.9262E-08 4.3082E-08 4.7146E-08 5.1605E-08 5.6584E-08 6.2098E-08 6.8237E-08 7.5031E-08 8.2481E-08 9.0588E-08 9.9311E-08 1.0857E-07 1.1823E-07 1.2808E-07 1.3790E-07 1.4746E-07 1.5649E-07 1.6468E-07 1.7183E-07
4.1482E-09 4.2686E-09 4.3915E-09 4.5191E-09 4.6516E-09 4.7977E-09 4.9452E-09 5.0982E-09 5.2576E-09 5.4238E-09 5.6170E-09 5.8392E-09 6.0888E-09 6.3360E-09 6.6569E-09 7.0014E-09 7.3397E-09 7.7234E-09 8.1915E-09 8.6572E-09 9.2570E-09 9.9242E-09 1.0595E-08 1.1450E-08 1.2280E-08 1.3190E-08 1.4196E-08 1.5306E-08 1.6528E-08 1.7870E-08 1.9339E-08 2.0939E-08 2.2677E-08 2.4566E-08 2.6626E-08 2.9052E-08 3.1726E-08 3.4529E-08 3.7836E-08 4.1531E-08 4.5472E-08 4.9776E-08 5.4571E-08 5.9900E-08 6.5814E-08 7.2346E-08 7.9499E-08 8.7273E-08 9.5612E-08 1.0446E-07 1.1367E-07 1.2307E-07 1.3243E-07 1.4151E-07 1.5005E-07 1.5773E-07 1.6432E-07
3.9720E-09 4.0858E-09 4.2019E-09 4.3226E-09 4.4480E-09 4.5783E-09 4.7164E-09 4.8704E-09 5.0218E-09 5.1798E-09 5.3628E-09 5.5743E-09 5.7683E-09 6.0447E-09 6.3494E-09 6.6598E-09 7.0015E-09 7.3765E-09 7.8109E-09 8.2616E-09 8.8282E-09 9.4584E-09 1.0101E-08 1.0907E-08 1.1708E-08 1.2578E-08 1.3541E-08 1.4605E-08 1.5777E-08 1.7065E-08 1.8474E-08 2.0011E-08 2.1682E-08 2.3499E-08 2.5467E-08 2.7796E-08 3.0228E-08 3.3055E-08 3.6230E-08 3.9770E-08 4.3540E-08 4.7664E-08 5.2256E-08 5.7340E-08 6.2971E-08 6.9168E-08 7.5965E-08 8.3328E-08 9.1226E-08 9.9572E-08 1.0825E-07 1.1710E-07 1.2590E-07 1.3442E-07 1.4239E-07 1.4950E-07 1.5551E-07
3.7955E-09 3.9002E-09 4.0114E-09 4.1248E-09 4.2426E-09 4.3652E-09 4.4954E-09 4.6312E-09 4.7703E-09 4.9299E-09 5.1030E-09 5.2702E-09 5.4883E-09 5.7481E-09 6.0376E-09 6.3082E-09 6.6459E-09 7.0124E-09 7.3759E-09 7.8524E-09 8.3840E-09 8.9752E-09 9.5845E-09 1.0342E-08 1.1109E-08 1.1936E-08 1.2852E-08 1.3864E-08 1.4980E-08 1.6207E-08 1.7550E-08 1.9017E-08 2.0611E-08 2.2347E-08 2.4222E-08 2.6314E-08 2.8841E-08 3.1434E-08 3.4448E-08 3.7808E-08 4.1399E-08 4.5310E-08 4.9650E-08 5.4443E-08 5.9737E-08 6.5569E-08 7.1948E-08 7.8842E-08 8.6224E-08 9.4013E-08 1.0210E-07 1.1032E-07 1.1847E-07 1.2630E-07 1.3361E-07 1.4011E-07 1.4551E-07
3.6112E-09 3.7075E-09 3.8217E-09 3.9274E-09 4.0375E-09 4.1520E-09 4.2738E-09 4.3995E-09 4.5314E-09 4.6704E-09 4.8156E-09 4.9998E-09 5.2053E-09 5.4463E-09 5.6657E-09 5.9642E-09 6.2951E-09 6.6366E-09 6.9848E-09 7.3997E-09 7.9280E-09 8.4337E-09 9.0548E-09 9.7619E-09 1.0489E-08 1.1271E-08 1.2136E-08 1.3093E-08 1.4148E-08 1.5308E-08 1.6579E-08 1.7968E-08 1.9479E-08 2.1124E-08 2.2892E-08 2.4873E-08 2.7156E-08 2.9724E-08 3.2529E-08 3.5531E-08 3.9076E-08 4.2740E-08 4.6781E-08 5.1271E-08 5.6207E-08 6.1625E-08 6.7534E-08 7.3912E-08 8.0723E-08 8.7896E-08 9.5316E-08 1.0284E-07 1.1028E-07 1.1742E-07 1.2403E-07 1.2988E-07 1.3470E-07
3.4403E-09 3.5296E-09 3.6246E-09 3.7242E-09 3.8345E-09 3.9409E-09 4.0521E-09 4.1701E-09 4.2940E-09 4.4236E-09 4.5592E-09 4.7190E-09 4.9085E-09 5.1038E-09 5.3471E-09 5.6305E-09 5.9406E-09 6.2433E-09 6.5875E-09 6.9715E-09 7.4037E-09 7.8707E-09 8.5184E-09 9.1728E-09 9.8571E-09 1.0591E-08 1.1403E-08 1.2300E-08 1.3290E-08 1.4379E-08 1.5573E-08 1.6878E-08 1.8299E-08 1.9846E-08 2.1510E-08 2.3342E-08 2.5500E-08 2.7727E-08 3.0363E-08 3.3294E-08 3.6589E-08 3.9996E-08 4.3747E-08 4.7885E-08 5.2429E-08 5.7399E-08 6.2810E-08 6.8646E-08 7.4851E-08 8.1370E-08 8.8096E-08 9.4892E-08 1.0159E-07 1.0800E-07 1.1390E-07 1.1909E-07 1.2333E-07
3.2741E-09 3.3563E-09 3.4439E-09 3.5331E-09 3.6259E-09 3.7287E-09 3.8369E-09 3.9463E-09 4.0610E-09 4.1809E-09 4.3043E-09 4.4527E-09 4.5990E-09 4.7893E-09 5.0266E-09 5.3009E-09 5.5693E-09 5.8540E-09 6.1922E-09 6.5542E-09 6.9388E-09 7.3902E-09 7.8744E-09 8.4129E-09 9.2206E-09 9.9054E-09 1.0661E-08 1.1497E-08 1.2419E-08 1.3433E-08 1.4546E-08 1.5762E-08 1.7086E-08 1.8529E-08 2.0082E-08 2.1786E-08 2.3768E-08 2.5851E-08 2.8256E-08 3.0967E-08 3.4004E-08 3.7142E-08 4.0576E-08 4.4346E-08 4.8486E-08 5.2997E-08 5.7889E-08 6.3149E-08 6.8735E-08 7.4580E-08 8.0596E-08 8.6656E-08 9.2605E-08 9.8268E-08 1.0346E-07 1.0799E-07 1.1167E-07
3.1144E-09 3.1898E-09 3.2681E-09 3.3521E-09 3.4372E-09 3.5260E-09 3.6184E-09 3.7239E-09 3.8337E-09 3.9432E-09 4.0591E-09 4.1807E-09 4.3285E-09 4.5051E-09 4.7149E-09 4.9373E-09 5.1776E-09 5.4881E-09 5.8013E-09 6.1143E-09 6.4978E-09 6.9178E-09 7.3666E-09 7.8640E-09 8.4301E-09 9.1732E-09 9.9206E-09 1.0693E-08 1.1545E-08 1.2482E-08 1.3510E-08 1.4634E-08 1.5858E-08 1.7186E-08 1.8627E-08 2.0179E-08 2.1885E-08 2.3902E-08 2.6130E-08 2.8587E-08 3.1188E-08 3.4201E-08 3.7312E-08 4.0718E-08 4.4436E-08 4.8479E-08 5.2848E-08 5.7531E-08 6.2496E-08 6.7668E-08 7.2975E-08 7.8303E-08 8.3517E-08 8.8456E-08 9.2948E-08 9.6831E-08 9.9954E-08
2.9543E-09 3.0272E-09 3.1037E-09 3.1802E-09 3.2578E-09 3.3387E-09 3.4230E-09 3.5110E-09 3.6056E-09 3.7118E-09 3.8243E-09 3.9336E-09 4.0682E-09 4.2209E-09 4.3831E-09 4.5946E-09 4.8474E-09 5.1190E-09 5.3857E-09 5.6984E-09 6.0624E-09 6.4510E-09 6.8533E-09 7.3281E-09 7.8484E-09 8.4091E-09 9.0163E-09 9.8440E-09 1.0673E-08 1.1538E-08 1.2480E-08 1.3510E-08 1.4631E-08 1.5848E-08 1.7166E-08 1.8582E-08 2.0146E-08 2.1959E-08 2.3956E-08 2.6050E-08 2.8504E-08 3.1240E-08 3.4023E-08 3.7059E-08 4.0361E-08 4.3939E-08 4.7791E-08 5.1904E-08 5.6246E-08 6.0769E-08 6.5381E-08 6.9995E-08 7.4493E-08 7.8737E-08 8.2577E-08 8.5860E-08 8.8447E-08
2.8147E-09 2.8761E-09 2.9398E-09 3.0138E-09 3.0895E-09 3.1629E-09 3.2394E-09 3.3191E-09 3.4049E-09 3.4949E-09 3.5877E-09 3.6934E-09 3.8061E-09 3.9383E-09 4.1009E-09 4.2959E-09 4.5186E-09 4.7498E-09 5.0061E-09 5.2980E-09 5.6221E-09 5.9640E-09 6.3668E-09 6.8012E-09 7.2778E-09 7.7952E-09 8.3530E-09 8.9670E-09 9.6408E-09 1.0555E-08 1.1463E-08 1.2398E-08 1.3422E-08 1.4527E-08 1.5719E-08 1.7009E-08 1.8391E-08 1.9998E-08 2.1706E-08 2.3698E-08 2.5891E-08 2.8311E-08 3.0770E-08 3.3444E-08 3.6340E-08 3.9466E-08 4.2811E-08 4.6372E-08 5.0116E-08 5.4000E-08 5.7957E-08 6.1889E-08 6.5705E-08 6.9290E-08 7.2514E-08 7.5246E-08 7.7362E-08
2.6738E-09 2.7416E-09 2.7991E-09 2.8588E-09 2.9231E-09 2.9939E-09 3.0682E-09 3.1399E-09 3.2155E-09 3.2959E-09 3.3810E-09 3.4703E-09 3.5622E-09 3.6861E-09 3.8328E-09 3.9930E-09 4.1747E-09 4.4018E-09 4.6556E-09 4.9118E-09 5.1798E-09 5.5136E-09 5.8832E-09 6.2805E-09 6.7034E-09 7.1966E-09 7.7052E-09 8.2654E-09 8.8800E-09 9.5520E-09 1.0284E-08 1.1273E-08 1.2244E-08 1.3237E-08 1.4310E-08 1.5472E-08 1.6714E-08 1.8060E-08 1.9627E-08 2.1362E-08 2.3285E-08 2.5290E-08 2.7611E-08 2.9933E-08 3.2440E-08 3.5134E-08 3.8008E-08 4.1037E-08 4.4215E-08 4.7499E-08 5.0830E-08 5.4134E-08 5.7316E-08 6.0286E-08 6.2936E-08 6.5171E-08 6.6883E-08
2.5052E-09 2.5885E-09 2.6572E-09 2.7234E-09 2.7813E-09 2.8394E-09 2.8995E-09 2.9685E-09 3.0410E-09 3.1132E-09 3.1890E-09 3.2682E-09 3.3495E-09 3.4371E-09 3.5499E-09 3.6963E-09 3.8781E-09 4.0861E-09 4.2978E-09 4.5411E-09 4.7971E-09 5.1018E-09 5.4255E-09 5.7623E-09 6.1601E-09 6.6064E-09 7.0705E-09 7.5821E-09 8.1439E-09 8.7526E-09 9.4157E-09 1.0135E-08 1.0913E-08 1.1895E-08 1.2970E-08 1.3998E-08 1.5112E-08 1.6290E-08 1.7659E-08 1.9177E-08 2.0849E-08 2.2591E-08 2.4592E-08 2.6599E-08 2.8739E-08 3.1028E-08 3.3456E-08 3.6013E-08 3.8663E-08 4.1384E-08 4.4141E-08 4.6880E-08 4.9514E-08 5.1947E-08 5.4109E-08 5.5917E-08 5.7277E-08
2.3712E-09 2.4106E-09 2.4712E-09 2.5547E-09 2.6305E-09 2.7028E-09 2.7562E-09 2.8117E-09 2.8694E-09 2.9338E-09 3.0056E-09 3.0790E-09 3.1529E-09 3.2281E-09 3.3152E-09 3.4339E-09 3.5813E-09 3.7567E-09 3.9574E-09 4.1901E-09 4.4235E-09 4.6741E-09 4.9681E-09 5.3045E-09 5.6628E-09 6.0640E-09 6.4755E-09 6.9286E-09 7.4265E-09 7.9779E-09 8.5791E-09 9.2326E-09 9.9329E-09 1.0687E-08 1.1493E-08 1.2506E-08 1.3531E-08 1.4645E-08 1.5745E-08 1.7033E-08 1.8462E-08 2.0039E-08 2.1772E-08 2.3508E-08 2.5311E-08 2.7224E-08 2.9261E-08 3.1396E-08 3.3605E-08 3.5851E-08 3.8118E-08 4.0351E-08 4.2488E-08 4.4469E-08 4.6223E-08 4.7662E-08 4.8727E-08
2.2836E-09 2.3192E-09 2.3519E-09 2.3868E-09 2.4381E-09 2.5102E-09 2.6047E-09 2.6668E-09 2.7247E-09 2.7774E-09 2.8347E-09 2.8982E-09 2.9689E-09 3.0377E-09 3.1090E-09 3.1910E-09 3.3122E-09 3.4604E-09 3.6408E-09 3.8434E-09 4.0678E-09 4.2983E-09 4.5734E-09 4.8685E-09 5.1837E-09 5.5261E-09 5.9221E-09 6.3265E-09 6.7705E-09 7.2564E-09 7.7871E-09 8.3640E-09 9.0092E-09 9.6848E-09 1.0410E-08 1.1183E-08 1.2001E-08 1.2942E-08 1.3964E-08 1.5058E-08 1.6320E-08 1.7642E-08 1.9100E-08 2.0679E-08 2.2243E-08 2.3855E-08 2.5548E-08 2.7314E-08 2.9131E-08 3.0994E-08 3.2847E-08 3.4646E-08 3.6356E-08 3.7951E-08 3.9355E-08 4.0505E-08 4.1343E-08
2.2053E-09 2.2344E-09 2.2673E-09 2.2969E-09 2.3286E-09 2.3610E-09 2.3959E-09 2.4791E-09 2.5419E-09 2.6244E-09 2.6878E-09 2.7395E-09 2.7946E-09 2.8525E-09 2.9182E-09 2.9891E-09 3.0687E-09 3.1978E-09 3.3487E-09 3.5263E-09 3.7353E-09 3.9406E-09 4.1703E-09 4.4340E-09 4.7352E-09 5.0553E-09 5.4097E-09 5.7678E-09 6.1611E-09 6.5933E-09 7.0660E-09 7.5803E-09 8.1369E-09 8.7587E-09 9.4079E-09 1.0099E-08 1.0830E-08 1.1601E-08 1.2406E-08 1.3252E-08 1.4248E-08 1.5565E-08 1.6782E-08 1.8121E-08 1.9519E-08 2.0919E-08 2.2328E-08 2.3779E-08 2.5278E-08 2.6802E-08 2.8314E-08 2.9780E-08 3.1152E-08 3.2395E-08 3.3471E-08 3.4341E-08 3.4968E-08
2.1337E-09 2.1603E-09 2.1887E-09 2.2156E-09 2.2443E-09 2.2732E-09 2.3008E-09 2.3305E-09 2.3626E-09 2.4191E-09 2.4799E-09 2.5610E-09 2.6426E-09 2.7003E-09 2.7512E-09 2.8050E-09 2.8731E-09 2.9621E-09 3.0966E-09 3.2529E-09 3.4324E-09 3.6339E-09 3.8286E-09 4.0608E-09 4.3217E-09 4.6040E-09 4.9118E-09 5.2590E-09 5.6073E-09 5.9910E-09 6.4105E-09 6.8671E-09 7.3635E-09 7.9011E-09 8.4964E-09 9.1124E-09 9.7659E-09 1.0454E-08 1.1171E-08 1.1913E-08 1.2681E-08 1.3506E-08 1.4604E-08 1.5875E-08 1.7093E-08 1.8327E-08 1.9547E-08 2.0761E-08 2.1980E-08 2.3198E-08 2.4399E-08 2.5559E-08 2.6646E-08 2.7622E-08 2.8451E-08 2.9102E-08 2.9552E-08
2.0668E-09 2.0941E-09 2.1186E-09 2.1447E-09 2.1693E-09 2.1939E-09 2.2242E-09 2.2494E-09 2.2725E-09 2.3018E-09 2.3274E-09 2.3597E-09 2.4152E-09 2.4998E-09 2.5780E-09 2.6462E-09 2.7050E-09 2.7651E-09 2.8538E-09 2.9854E-09 3.1425E-09 3.3249E-09 3.5222E-09 3.7158E-09 3.9481E-09 4.2076E-09 4.4813E-09 4.7832E-09 5.1047E-09 5.4549E-09 5.8269E-09 6.2330E-09 6.6755E-09 7.1522E-09 7.6627E-09 8.2258E-09 8.8057E-09 9.4145E-09 1.0049E-08 1.0706E-08 1.1382E-08 1.2073E-08 1.2799E-08 1.3631E-08 1.4923E-08 1.5988E-08 1.7061E-08 1.8086E-08 1.9096E-08 2.0075E-08 2.1025E-08 2.1928E-08 2.2767E-08 2.3517E-08 2.4154E-08 2.4651E-08 2.4981E-08
2.0048E-09 2.0298E-09 2.0552E-09 2.0794E-09 2.1017E-09 2.1278E-09 2.1485E-09 2.1768E-09 2.1999E-09 2.2208E-09 2.2499E-09 2.2711E-09 2.3002E-09 2.3266E-09 2.3668E-09 2.4281E-09 2.5079E-09 2.5857E-09 2.6585E-09 2.7608E-09 2.8871E-09 3.0443E-09 3.2327E-09 3.4180E-09 3.6292E-09 3.8579E-09 4.1039E-09 4.3714E-09 4.6662E-09 4.9683E-09 5.3123E-09 5.6721E-09 6.0622E-09 6.4823E-09 6.9323E-09 7.4121E-09 7.9194E-09 8.4730E-09 9.0310E-09 9.6080E-09 1.0200E-08 1.0802E-08 1.1411E-08 1.2025E-08 1.2725E-08 1.3862E-08 1.4767E-08 1.5698E-08 1.6533E-08 1.7353E-08 1.8120E-08 1.8830E-08 1.9479E-08 2.0046E-08 2.0517E-08 2.0875E-08 2.1102E-08
1.9478E-09 1.9725E-09 1.9959E-09 2.0180E-09 2.0419E-09 2.0624E-09 2.0866E-09 2.1072E-09 2.1302E-09 2.1531E-09 2.1720E-09 2.1989E-09 2.2179E-09 2.2457E-09 2.2703E-09 2.2999E-09 2.3258E-09 2.3737E-09 2.4606E-09 2.5566E-09 2.6707E-09 2.8177E-09 2.9705E-09 3.1609E-09 3.3281E-09 3.5444E-09 3.7735E-09 4.0127E-09 4.2766E-09 4.5497E-09 4.8359E-09 5.1714E-09 5.5130E-09 5.8808E-09 6.2744E-09 6.6931E-09 7.1355E-09 7.5999E-09 8.1033E-09 8.6063E-09 9.1222E-09 9.6468E-09 1.0175E-08 1.0703E-08 1.1226E-08 1.1778E-08 1.2668E-08 1.3477E-08 1.4239E-08 1.4936E-08 1.5573E-08 1.6164E-08 1.6681E-08 1.7116E-08 1.7469E-08 1.7728E-08 1.7881E-08
1.8954E-09 1.9170E-09 1.9400E-09 1.9618E-09 1.9822E-09 2.0045E-09 2.0233E-09 2.0456E-09 2.0651E-09 2.0856E-09 2.1067E-09 2.1236E-09 2.1484E-09 2.1656E-09 2.1889E-09 2.2136E-09 2.2387E-09 2.2623E-09 2.3012E-09 2.3845E-09 2.4689E-09 2.5795E-09 2.7339E-09 2.8943E-09 3.0808E-09 3.2448E-09 3.4590E-09 3.6874E-09 3.9199E-09 4.1764E-09 4.4298E-09 4.7009E-09 5.0168E-09 5.3358E-09 5.6773E-09 6.0404E-09 6.4241E-09 6.8268E-09 7.2463E-09 7.6800E-09 8.1452E-09 8.5998E-09 9.0576E-09 9.5141E-09 9.9639E-09 1.0403E-08 1.0824E-08 1.1280E-08 1.2059E-08 1.2726E-08 1.3284E-08 1.3762E-08 1.4170E-08 1.4528E-08 1.4811E-08 1.5007E-08 1.5110E-08
1.8447E-09 1.8647E-09 1.8861E-09 1.9076E-09 1.9262E-09 1.9451E-09 1.9672E-09 1.9828E-09 2.0058E-09 2.0229E-09 2.0398E-09 2.0608E-09 2.0759E-09 2.0987E-09 2.1150E-09 2.1344E-09 2.1591E-09 2.1788E-09 2.2024E-09 2.2315E-09 2.3109E-09 2.4056E-09 2.4996E-09 2.6553E-09 2.8265E-09 3.0041E-09 3.1695E-09 3.3806E-09 3.5996E-09 3.8254E-09 4.0622E-09 4.2963E-09 4.5495E-09 4.8436E-09 5.1382E-09 5.4514E-09 5.7823E-09 6.1296E-09 6.4912E-09 6.8651E-09 7.2484E-09 7.6508E-09 8.0509E-09 8.4436E-09 8.8313E-09 9.2080E-09 9.5698E-09 9.9120E-09 1.0231E-08 1.0566E-08 1.1108E-08 1.1673E-08 1.2049E-08 1.2359E-08 1.2566E-08 1.2691E-08 1.2748E-08
1.7959E-09 1.8155E-09 1.8353E-09 1.8552E-09 1.8737E-09 1.8895E-09 1.9097E-09 1.9302E-09 1.9443E-09 1.9670E-09 1.9811E-09 1.9948E-09 2.0156E-09 2.0291E-09 2.0479E-09 2.0653E-09 2.0810E-09 2.1058E-09 2.1204E-09 2.1439E-09 2.1710E-09 2.2381E-09 2.3309E-09 2.4474E-09 2.5848E-09 2.7538E-09 2.9230E-09 3.0867E-09 3.2864E-09 3.4991E-09 3.7154E-09 3.9322E-09 4.1496E-09 4.3835E-09 4.6336E-09 4.9227E-09 5.2065E-09 5.5043E-09 5.8144E-09 6.1348E-09 6.4633E-09 6.7967E-09 7.1327E-09 7.4733E-09 7.8168E-09 8.1386E-09 8.4485E-09 8.7406E-09 9.0116E-09 9.2575E-09 9.4749E-09 9.6711E-09 9.9523E-09 1.0230E-08 1.0495E-08 1.0635E-08 1.0714E-08
