Assets/Resources/2015_m01_d27_2300(utc+0800)_l00_csi_1hr_conc.grd
DSAA
         159         159
     -79.000      79.000
     -79.000      79.000
  0.0000E+00  0.1417E-05
[rows 25 to 49 of 159, columns 57 to 113 of 159]
4.0095E-09 5.1256E-09 6.4615E-09 8.0351E-09 9.8274E-09 1.1817E-08 1.3967E-08 1.6190E-08 1.8400E-08 2.0487E-08 2.2338E-08 2.3836E-08 2.4868E-08 2.5360E-08 2.5271E-08 2.4600E-08 2.3390E-08 2.1714E-08 1.9674E-08 1.7400E-08 1.5027E-08 1.2662E-08 1.0413E-08 8.3574E-09 6.5498E-09 5.0056E-09 3.7337E-09 2.7095E-09 1.9033E-09 1.3027E-09 8.5281E-10 5.3381E-10 3.1854E-10 1.7659E-10 7.5000E-11 3.2993E-11 9.6384E-13 0.0000E+00 0.0000E+00 0.0000E+00 0.0000E+00 0.0000E+00 0.0000E+00 0.0000E+00 0.0000E+00 0.0000E+00 0.0000E+00 0.0000E+00 0.0000E+00 0.0000E+00 0.0000E+00 0.0000E+00 0.0000E+00 0.0000E+00 0.0000E+00 0.0000E+00 0.0000E+00
3.4907E-09 4.5242E-09 5.7826E-09 7.2809E-09 9.0126E-09 1.0969E-08 1.3094E-08 1.5333E-08 1.7592E-08 1.9765E-08 2.1728E-08 2.3361E-08 2.4542E-08 2.5186E-08 2.5240E-08 2.4693E-08 2.3579E-08 2.1970E-08 1.9968E-08 1.7706E-08 1.5310E-08 1.2908E-08 1.0610E-08 8.5023E-09 6.6358E-09 5.0481E-09 3.7417E-09 2.6980E-09 1.8814E-09 1.2718E-09 8.1891E-10 5.0799E-10 2.8882E-10 1.5834E-10 5.5586E-11 2.7793E-11 0.0000E+00 0.0000E+00 0.0000E+00 0.0000E+00 0.0000E+00 0.0000E+00 0.0000E+00 0.0000E+00 0.0000E+00 0.0000E+00 0.0000E+00 0.0000E+00 0.0000E+00 0.0000E+00 0.0000E+00 0.0000E+00 0.0000E+00 0.0000E+00 0.0000E+00 0.0000E+00 0.0000E+00
3.0022E-09 3.9556E-09 5.1287E-09 6.5362E-09 8.1963E-09 1.0081E-08 1.2172E-08 1.4411E-08 1.6706E-08 1.8947E-08 2.1016E-08 2.2782E-08 2.4129E-08 2.4950E-08 2.5176E-08 2.4779E-08 2.3781E-08 2.2251E-08 2.0291E-08 1.8028E-08 1.5604E-08 1.3154E-08 1.0798E-08 8.6310E-09 6.7145E-09 5.0847E-09 3.7413E-09 2.6816E-09 1.8491E-09 1.2311E-09 7.7274E-10 4.7600E-10 2.5857E-10 1.3837E-10 4.4306E-11 1.7982E-11 0.0000E+00 0.0000E+00 0.0000E+00 0.0000E+00 0.0000E+00 0.0000E+00 0.0000E+00 0.0000E+00 0.0000E+00 0.0000E+00 0.0000E+00 0.0000E+00 0.0000E+00 0.0000E+00 0.0000E+00 0.0000E+00 0.0000E+00 0.0000E+00 0.0000E+00 0.0000E+00 0.0000E+00
2.5603E-09 3.4259E-09 4.5001E-09 5.8121E-09 7.3792E-09 9.1919E-09 1.1241E-08 1.3455E-08 1.5764E-08 1.8068E-08 2.0249E-08 2.2160E-08 2.3668E-08 2.4666E-08 2.5069E-08 2.4837E-08 2.3978E-08 2.2541E-08 2.0629E-08 1.8375E-08 1.5927E-08 1.3425E-08 1.1000E-08 8.7584E-09 6.7767E-09 5.0982E-09 3.7239E-09 2.6371E-09 1.7987E-09 1.1792E-09 7.2816E-10 4.4321E-10 2.3395E-10 1.1361E-10 3.4455E-11 1.0714E-11 0.0000E+00 0.0000E+00 0.0000E+00 0.0000E+00 0.0000E+00 0.0000E+00 0.0000E+00 0.0000E+00 0.0000E+00 0.0000E+00 0.0000E+00 0.0000E+00 0.0000E+00 0.0000E+00 0.0000E+00 0.0000E+00 0.0000E+00 0.0000E+00 0.0000E+00 0.0000E+00 0.0000E+00
2.1490E-09 2.9314E-09 3.9124E-09 5.1247E-09 6.5859E-09 8.3202E-09 1.0292E-08 1.2472E-08 1.4791E-08 1.7151E-08 1.9426E-08 2.1479E-08 2.3165E-08 2.4364E-08 2.4971E-08 2.4920E-08 2.4204E-08 2.2868E-08 2.1005E-08 1.8748E-08 1.6256E-08 1.3685E-08 1.1182E-08 8.8690E-09 6.8312E-09 5.0995E-09 3.6933E-09 2.5848E-09 1.7373E-09 1.1245E-09 6.8290E-10 4.0220E-10 2.0776E-10 8.9254E-11 2.3858E-11 3.0150E-12 0.0000E+00 0.0000E+00 0.0000E+00 0.0000E+00 0.0000E+00 0.0000E+00 0.0000E+00 0.0000E+00 0.0000E+00 0.0000E+00 0.0000E+00 0.0000E+00 0.0000E+00 0.0000E+00 0.0000E+00 0.0000E+00 0.0000E+00 0.0000E+00 0.0000E+00 0.0000E+00 0.0000E+00
1.7756E-09 2.4738E-09 3.3604E-09 4.4619E-09 5.8237E-09 7.4539E-09 9.3513E-09 1.1483E-08 1.3795E-08 1.6191E-08 1.8557E-08 2.0756E-08 2.2636E-08 2.4045E-08 2.4862E-08 2.5005E-08 2.4447E-08 2.3217E-08 2.1404E-08 1.9142E-08 1.6604E-08 1.3961E-08 1.1379E-08 8.9872E-09 6.8763E-09 5.0914E-09 3.6501E-09 2.5198E-09 1.6731E-09 1.0628E-09 6.3737E-10 3.5497E-10 1.8164E-10 6.6828E-11 1.3828E-11 0.0000E+00 0.0000E+00 0.0000E+00 0.0000E+00 0.0000E+00 0.0000E+00 0.0000E+00 0.0000E+00 0.0000E+00 0.0000E+00 0.0000E+00 0.0000E+00 0.0000E+00 0.0000E+00 0.0000E+00 0.0000E+00 0.0000E+00 0.0000E+00 0.0000E+00 0.0000E+00 0.0000E+00 0.0000E+00
1.4330E-09 2.0467E-09 2.8406E-09 3.8386E-09 5.0883E-09 6.6065E-09 8.4064E-09 1.0473E-08 1.2762E-08 1.5191E-08 1.7655E-08 2.0004E-08 2.2073E-08 2.3703E-08 2.4751E-08 2.5104E-08 2.4710E-08 2.3585E-08 2.1814E-08 1.9542E-08 1.6950E-08 1.4231E-08 1.1560E-08 9.0840E-09 6.9043E-09 5.0759E-09 3.6040E-09 2.4622E-09 1.6105E-09 9.9764E-10 5.9035E-10 3.1492E-10 1.5466E-10 4.9464E-11 6.1235E-12 0.0000E+00 0.0000E+00 0.0000E+00 0.0000E+00 0.0000E+00 0.0000E+00 0.0000E+00 0.0000E+00 0.0000E+00 0.0000E+00 0.0000E+00 0.0000E+00 0.0000E+00 0.0000E+00 0.0000E+00 0.0000E+00 0.0000E+00 0.0000E+00 0.0000E+00 0.0000E+00 0.0000E+00 0.0000E+00
1.1328E-09 1.6577E-09 2.3509E-09 3.2365E-09 4.3657E-09 5.7766E-09 7.4735E-09 9.4672E-09 1.1716E-08 1.4167E-08 1.6706E-08 1.9191E-08 2.1452E-08 2.3311E-08 2.4590E-08 2.5157E-08 2.4935E-08 2.3929E-08 2.2216E-08 1.9943E-08 1.7309E-08 1.4512E-08 1.1749E-08 9.1851E-09 6.9313E-09 5.0509E-09 3.5596E-09 2.3952E-09 1.5413E-09 9.3670E-10 5.4490E-10 2.8269E-10 1.3136E-10 3.8363E-11 0.0000E+00 0.0000E+00 0.0000E+00 0.0000E+00 0.0000E+00 0.0000E+00 0.0000E+00 0.0000E+00 0.0000E+00 0.0000E+00 0.0000E+00 0.0000E+00 0.0000E+00 0.0000E+00 0.0000E+00 0.0000E+00 0.0000E+00 0.0000E+00 0.0000E+00 0.0000E+00 0.0000E+00 0.0000E+00 0.0000E+00
8.8136E-10 1.3153E-09 1.9088E-09 2.6805E-09 3.6918E-09 4.9674E-09 6.5492E-09 8.4377E-09 1.0637E-08 1.3087E-08 1.5684E-08 1.8300E-08 2.0749E-08 2.2831E-08 2.4352E-08 2.5150E-08 2.5123E-08 2.4252E-08 2.2607E-08 2.0337E-08 1.7651E-08 1.4772E-08 1.1914E-08 9.2710E-09 6.9602E-09 5.0404E-09 3.5152E-09 2.3325E-09 1.4814E-09 8.8265E-10 5.0079E-10 2.5689E-10 1.1102E-10 2.8504E-11 0.0000E+00 0.0000E+00 0.0000E+00 0.0000E+00 0.0000E+00 0.0000E+00 0.0000E+00 0.0000E+00 0.0000E+00 0.0000E+00 0.0000E+00 0.0000E+00 0.0000E+00 0.0000E+00 0.0000E+00 0.0000E+00 0.0000E+00 0.0000E+00 0.0000E+00 0.0000E+00 0.0000E+00 0.0000E+00 0.0000E+00
6.7160E-10 1.0223E-09 1.5149E-09 2.1671E-09 3.0566E-09 4.1974E-09 5.6479E-09 7.4304E-09 9.5473E-09 1.1958E-08 1.4596E-08 1.7315E-08 1.9932E-08 2.2235E-08 2.4007E-08 2.5051E-08 2.5233E-08 2.4513E-08 2.2951E-08 2.0703E-08 1.7980E-08 1.5028E-08 1.2099E-08 9.3742E-09 6.9932E-09 5.0197E-09 3.4664E-09 2.2658E-09 1.4163E-09 8.3594E-10 4.6465E-10 2.2918E-10 9.5576E-11 2.0226E-11 0.0000E+00 0.0000E+00 0.0000E+00 0.0000E+00 0.0000E+00 0.0000E+00 0.0000E+00 0.0000E+00 0.0000E+00 0.0000E+00 0.0000E+00 0.0000E+00 0.0000E+00 0.0000E+00 0.0000E+00 0.0000E+00 0.0000E+00 0.0000E+00 0.0000E+00 0.0000E+00 0.0000E+00 0.0000E+00 0.0000E+00
4.5911E-10 7.7020E-10 1.1758E-09 1.7178E-09 2.4802E-09 3.4775E-09 4.7760E-09 6.4246E-09 8.4285E-09 1.0797E-08 1.3436E-08 1.6225E-08 1.8999E-08 2.1518E-08 2.3535E-08 2.4832E-08 2.5242E-08 2.4698E-08 2.3241E-08 2.1023E-08 1.8277E-08 1.5276E-08 1.2264E-08 9.4607E-09 7.0176E-09 5.0030E-09 3.4209E-09 2.2135E-09 1.3670E-09 7.9715E-10 4.3530E-10 2.0752E-10 8.7374E-11 1.9009E-11 0.0000E+00 0.0000E+00 0.0000E+00 0.0000E+00 0.0000E+00 0.0000E+00 0.0000E+00 0.0000E+00 0.0000E+00 0.0000E+00 0.0000E+00 0.0000E+00 0.0000E+00 0.0000E+00 0.0000E+00 0.0000E+00 0.0000E+00 0.0000E+00 0.0000E+00 0.0000E+00 0.0000E+00 0.0000E+00 0.0000E+00
2.4531E-10 5.4167E-10 8.7507E-10 1.3159E-09 1.9545E-09 2.8145E-09 3.9662E-09 5.4555E-09 7.3347E-09 9.5973E-09 1.2194E-08 1.5035E-08 1.7929E-08 2.0636E-08 2.2899E-08 2.4463E-08 2.5124E-08 2.4782E-08 2.3462E-08 2.1307E-08 1.8561E-08 1.5499E-08 1.2415E-08 9.5472E-09 7.0451E-09 4.9861E-09 3.3851E-09 2.1638E-09 1.3289E-09 7.6261E-10 4.1561E-10 1.9555E-10 8.0501E-11 2.0183E-11 1.2876E-13 0.0000E+00 0.0000E+00 0.0000E+00 0.0000E+00 0.0000E+00 0.0000E+00 0.0000E+00 0.0000E+00 0.0000E+00 0.0000E+00 0.0000E+00 0.0000E+00 0.0000E+00 0.0000E+00 0.0000E+00 0.0000E+00 0.0000E+00 0.0000E+00 0.0000E+00 0.0000E+00 0.0000E+00 0.0000E+00
1.1567E-10 2.7883E-10 6.0498E-10 9.6603E-10 1.4991E-09 2.2213E-09 3.2103E-09 4.5318E-09 6.2572E-09 8.3936E-09 1.0929E-08 1.3767E-08 1.6736E-08 1.9619E-08 2.2125E-08 2.3959E-08 2.4886E-08 2.4765E-08 2.3598E-08 2.1517E-08 1.8780E-08 1.5686E-08 1.2549E-08 9.6188E-09 7.0663E-09 4.9804E-09 3.3531E-09 2.1309E-09 1.3061E-09 7.4688E-10 3.9706E-10 1.9170E-10 7.8686E-11 2.1380E-11 1.7635E-13 0.0000E+00 0.0000E+00 0.0000E+00 0.0000E+00 0.0000E+00 0.0000E+00 0.0000E+00 0.0000E+00 0.0000E+00 0.0000E+00 0.0000E+00 0.0000E+00 0.0000E+00 0.0000E+00 0.0000E+00 0.0000E+00 0.0000E+00 0.0000E+00 0.0000E+00 0.0000E+00 0.0000E+00 0.0000E+00
4.6170E-11 1.0152E-10 3.2759E-10 6.5562E-10 1.0937E-09 1.6923E-09 2.5313E-09 3.6915E-09 5.2330E-09 7.2117E-09 9.6342E-09 1.2419E-08 1.5445E-08 1.8469E-08 2.1183E-08 2.3276E-08 2.4475E-08 2.4595E-08 2.3606E-08 2.1634E-08 1.8931E-08 1.5833E-08 1.2667E-08 9.6931E-09 7.1020E-09 4.9888E-09 3.3360E-09 2.1197E-09 1.2848E-09 7.3400E-10 3.9526E-10 1.9470E-10 8.1840E-11 2.4946E-11 3.5113E-13 0.0000E+00 0.0000E+00 0.0000E+00 0.0000E+00 0.0000E+00 0.0000E+00 0.0000E+00 0.0000E+00 0.0000E+00 0.0000E+00 0.0000E+00 0.0000E+00 0.0000E+00 0.0000E+00 0.0000E+00 0.0000E+00 0.0000E+00 0.0000E+00 0.0000E+00 0.0000E+00 0.0000E+00 0.0000E+00
1.0530E-11 4.1586E-11 1.0323E-10 3.8871E-10 7.5363E-10 1.2343E-09 1.9276E-09 2.9090E-09 4.2568E-09 6.0650E-09 8.3272E-09 1.1030E-08 1.4052E-08 1.7158E-08 2.0058E-08 2.2411E-08 2.3886E-08 2.4265E-08 2.3486E-08 2.1654E-08 1.9025E-08 1.5943E-08 1.2754E-08 9.7515E-09 7.1435E-09 5.0074E-09 3.3407E-09 2.1290E-09 1.2925E-09 7.4696E-10 4.0376E-10 2.0047E-10 8.4739E-11 2.7907E-11 7.4895E-13 0.0000E+00 0.0000E+00 0.0000E+00 0.0000E+00 0.0000E+00 0.0000E+00 0.0000E+00 0.0000E+00 0.0000E+00 0.0000E+00 0.0000E+00 0.0000E+00 0.0000E+00 0.0000E+00 0.0000E+00 0.0000E+00 0.0000E+00 0.0000E+00 0.0000E+00 0.0000E+00 0.0000E+00 0.0000E+00
4.6842E-13 9.1128E-12 3.2539E-11 1.3999E-10 4.7120E-10 8.5817E-10 1.4191E-09 2.2334E-09 3.4006E-09 4.9898E-09 7.0680E-09 9.6355E-09 1.2585E-08 1.5740E-08 1.8788E-08 2.1359E-08 2.3102E-08 2.3759E-08 2.3212E-08 2.1551E-08 1.9036E-08 1.6014E-08 1.2847E-08 9.8469E-09 7.2193E-09 5.0663E-09 3.3967E-09 2.1650E-09 1.3220E-09 7.7056E-10 4.1774E-10 2.1049E-10 8.8654E-11 2.9223E-11 6.1498E-13 0.0000E+00 0.0000E+00 0.0000E+00 0.0000E+00 0.0000E+00 0.0000E+00 0.0000E+00 0.0000E+00 0.0000E+00 0.0000E+00 0.0000E+00 0.0000E+00 0.0000E+00 0.0000E+00 0.0000E+00 0.0000E+00 0.0000E+00 0.0000E+00 0.0000E+00 0.0000E+00 0.0000E+00 0.0000E+00
0.0000E+00 4.5652E-13 6.3363E-12 2.1852E-11 1.9316E-10 5.4372E-10 9.9187E-10 1.6591E-09 2.6301E-09 4.0025E-09 5.8740E-09 8.2551E-09 1.1098E-08 1.4232E-08 1.7358E-08 2.0116E-08 2.2127E-08 2.3070E-08 2.2795E-08 2.1358E-08 1.8997E-08 1.6067E-08 1.2954E-08 9.9702E-09 7.3410E-09 5.1875E-09 3.4950E-09 2.2484E-09 1.3887E-09 8.1492E-10 4.4491E-10 2.2244E-10 9.8719E-11 3.2235E-11 1.1715E-12 0.0000E+00 0.0000E+00 0.0000E+00 0.0000E+00 0.0000E+00 0.0000E+00 0.0000E+00 0.0000E+00 0.0000E+00 0.0000E+00 0.0000E+00 0.0000E+00 0.0000E+00 0.0000E+00 0.0000E+00 0.0000E+00 0.0000E+00 0.0000E+00 0.0000E+00 0.0000E+00 0.0000E+00 0.0000E+00
0.0000E+00 0.0000E+00 5.6625E-14 3.0457E-12 1.2745E-11 2.8434E-10 6.4510E-10 1.1813E-09 1.9688E-09 3.1341E-09 4.7669E-09 6.9271E-09 9.5981E-09 1.2647E-08 1.5819E-08 1.8738E-08 2.0991E-08 2.2227E-08 2.2254E-08 2.1090E-08 1.8939E-08 1.6160E-08 1.3132E-08 1.0187E-08 7.5656E-09 5.3854E-09 3.6492E-09 2.3642E-09 1.4589E-09 8.5578E-10 4.6768E-10 2.3595E-10 1.0634E-10 3.3820E-11 1.8789E-12 0.0000E+00 0.0000E+00 0.0000E+00 0.0000E+00 0.0000E+00 0.0000E+00 0.0000E+00 0.0000E+00 0.0000E+00 0.0000E+00 0.0000E+00 0.0000E+00 0.0000E+00 0.0000E+00 0.0000E+00 0.0000E+00 0.0000E+00 0.0000E+00 0.0000E+00 0.0000E+00 0.0000E+00 0.0000E+00
0.0000E+00 0.0000E+00 0.0000E+00 0.0000E+00 9.4591E-13 4.8424E-11 3.7641E-10 7.9175E-10 1.4185E-09 2.3789E-09 3.7752E-09 5.6999E-09 8.1587E-09 1.1082E-08 1.4227E-08 1.7256E-08 1.9736E-08 2.1295E-08 2.1675E-08 2.0832E-08 1.8942E-08 1.6350E-08 1.3424E-08 1.0510E-08 7.8726E-09 5.6352E-09 3.8345E-09 2.5012E-09 1.5455E-09 9.0441E-10 4.9922E-10 2.4850E-10 1.1585E-10 3.6758E-11 2.4922E-12 0.0000E+00 0.0000E+00 0.0000E+00 0.0000E+00 0.0000E+00 0.0000E+00 0.0000E+00 0.0000E+00 0.0000E+00 0.0000E+00 0.0000E+00 0.0000E+00 0.0000E+00 0.0000E+00 0.0000E+00 0.0000E+00 0.0000E+00 0.0000E+00 0.0000E+00 0.0000E+00 0.0000E+00 0.0000E+00
0.0000E+00 0.0000E+00 0.0000E+00 0.0000E+00 0.0000E+00 0.0000E+00 1.6139E-10 5.0011E-10 9.9558E-10 1.7578E-09 2.9222E-09 4.5907E-09 6.8190E-09 9.5629E-09 1.2659E-08 1.5769E-08 1.8471E-08 2.0359E-08 2.1115E-08 2.0642E-08 1.9068E-08 1.6680E-08 1.3865E-08 1.0980E-08 8.2802E-09 5.9614E-09 4.0842E-09 2.6594E-09 1.6537E-09 9.6410E-10 5.3634E-10 2.6826E-10 1.1955E-10 3.8521E-11 3.3476E-12 0.0000E+00 0.0000E+00 0.0000E+00 0.0000E+00 0.0000E+00 0.0000E+00 0.0000E+00 0.0000E+00 0.0000E+00 0.0000E+00 0.0000E+00 0.0000E+00 0.0000E+00 0.0000E+00 0.0000E+00 0.0000E+00 0.0000E+00 0.0000E+00 0.0000E+00 0.0000E+00 0.0000E+00 0.0000E+00
0.0000E+00 0.0000E+00 0.0000E+00 0.0000E+00 0.0000E+00 0.0000E+00 5.9355E-13 2.9771E-10 6.7045E-10 1.2772E-09 2.2349E-09 3.6532E-09 5.6386E-09 8.1931E-09 1.1194E-08 1.4350E-08 1.7266E-08 1.9493E-08 2.0670E-08 2.0611E-08 1.9367E-08 1.7189E-08 1.4447E-08 1.1534E-08 8.7602E-09 6.3349E-09 4.3613E-09 2.8500E-09 1.7722E-09 1.0348E-09 5.7313E-10 2.8860E-10 1.3092E-10 4.2563E-11 3.6772E-12 0.0000E+00 0.0000E+00 0.0000E+00 0.0000E+00 0.0000E+00 0.0000E+00 0.0000E+00 0.0000E+00 0.0000E+00 0.0000E+00 0.0000E+00 0.0000E+00 0.0000E+00 0.0000E+00 0.0000E+00 0.0000E+00 0.0000E+00 0.0000E+00 0.0000E+00 0.0000E+00 0.0000E+00 0.0000E+00
0.0000E+00 0.0000E+00 0.0000E+00 0.0000E+00 0.0000E+00 0.0000E+00 0.0000E+00 1.0671E-10 4.3470E-10 9.1358E-10 1.6854E-09 2.8876E-09 4.6318E-09 6.9819E-09 9.8637E-09 1.3051E-08 1.6180E-08 1.8756E-08 2.0354E-08 2.0706E-08 1.9788E-08 1.7810E-08 1.5139E-08 1.2195E-08 9.3256E-09 6.7793E-09 4.6864E-09 3.0594E-09 1.9074E-09 1.1139E-09 6.1581E-10 3.0705E-10 1.3597E-10 4.7967E-11 5.2293E-12 0.0000E+00 0.0000E+00 0.0000E+00 0.0000E+00 0.0000E+00 0.0000E+00 0.0000E+00 0.0000E+00 0.0000E+00 0.0000E+00 0.0000E+00 0.0000E+00 0.0000E+00 0.0000E+00 0.0000E+00 0.0000E+00 0.0000E+00 0.0000E+00 0.0000E+00 0.0000E+00 0.0000E+00 0.0000E+00
0.0000E+00 0.0000E+00 0.0000E+00 0.0000E+00 0.0000E+00 0.0000E+00 0.0000E+00 0.0000E+00 2.7095E-10 6.3417E-10 1.2539E-09 2.2561E-09 3.7880E-09 5.9358E-09 8.6802E-09 1.1886E-08 1.5180E-08 1.8084E-08 2.0107E-08 2.0897E-08 2.0324E-08 1.8549E-08 1.5939E-08 1.2937E-08 9.9459E-09 7.2583E-09 5.0286E-09 3.2948E-09 2.0517E-09 1.2035E-09 6.6372E-10 3.3132E-10 1.4973E-10 4.9950E-11 4.9658E-12 0.0000E+00 0.0000E+00 0.0000E+00 0.0000E+00 0.0000E+00 0.0000E+00 0.0000E+00 0.0000E+00 0.0000E+00 0.0000E+00 0.0000E+00 0.0000E+00 0.0000E+00 0.0000E+00 0.0000E+00 0.0000E+00 0.0000E+00 0.0000E+00 0.0000E+00 0.0000E+00 0.0000E+00 0.0000E+00
0.0000E+00 0.0000E+00 0.0000E+00 0.0000E+00 0.0000E+00 0.0000E+00 0.0000E+00 0.0000E+00 8.7487E-11 4.3133E-10 9.1870E-10 1.7412E-09 3.0575E-09 4.9800E-09 7.5856E-09 1.0773E-08 1.4212E-08 1.7432E-08 1.9888E-08 2.1112E-08 2.0893E-08 1.9337E-08 1.6806E-08 1.3761E-08 1.0648E-08 7.8159E-09 5.4324E-09 3.5663E-09 2.2274E-09 1.3022E-09 7.1184E-10 3.5504E-10 1.5721E-10 5.5831E-11 7.2152E-12 0.0000E+00 0.0000E+00 0.0000E+00 0.0000E+00 0.0000E+00 0.0000E+00 0.0000E+00 0.0000E+00 0.0000E+00 0.0000E+00 0.0000E+00 0.0000E+00 0.0000E+00 0.0000E+00 0.0000E+00 0.0000E+00 0.0000E+00 0.0000E+00 0.0000E+00 0.0000E+00 0.0000E+00 0.0000E+00
0.0000E+00 0.0000E+00 0.0000E+00 0.0000E+00 0.0000E+00 0.0000E+00 0.0000E+00 0.0000E+00 0.0000E+00 2.7740E-10 6.5123E-10 1.3202E-09 2.4258E-09 4.1414E-09 6.5725E-09 9.6785E-09 1.3223E-08 1.6730E-08 1.9606E-08 2.1300E-08 2.1488E-08 2.0189E-08 1.7744E-08 1.4648E-08 1.1405E-08 8.4095E-09 5.8683E-09 3.8612E-09 2.4075E-09 1.4079E-09 7.7023E-10 3.8653E-10 1.7235E-10 5.8082E-11 7.2414E-12 0.0000E+00 0.0000E+00 0.0000E+00 0.0000E+00 0.0000E+00 0.0000E+00 0.0000E+00 0.0000E+00 0.0000E+00 0.0000E+00 0.0000E+00 0.0000E+00 0.0000E+00 0.0000E+00 0.0000E+00 0.0000E+00 0.0000E+00 0.0000E+00 0.0000E+00 0.0000E+00 0.0000E+00 0.0000E+00
