Assets/Resources/2015_m01_d13_2100(utc+0800)_l00_csi_1hr_conc.grd
DSAA
         159         159
     -79.000      79.000
     -79.000      79.000
  0.0000E+00  0.9321E-05
[rows 50 to 74 of 159, columns 0 to 56 of 159]
7.4181E-09 7.8283E-09 8.2532E-09 8.6910E-09 9.1464E-09 9.6163E-09 1.0102E-08 1.0599E-08 1.1103E-08 1.1605E-08 1.2102E-08 1.2589E-08 1.3065E-08 1.3529E-08 1.3981E-08 1.4409E-08 1.4809E-08 1.5174E-08 1.5488E-08 1.5747E-08 1.5937E-08 1.6054E-08 1.6098E-08 1.6069E-08 1.5965E-08 1.5786E-08 1.5536E-08 1.5216E-08 1.4830E-08 1.4393E-08 1.3917E-08 1.3408E-08 1.2862E-08 1.2289E-08 1.1691E-08 1.1072E-08 1.0431E-08 9.7764E-09 9.1119E-09 8.4444E-09 7.7839E-09 7.1314E-09 6.4866E-09 5.8702E-09 5.2863E-09 4.7214E-09 4.2017E-09 3.7330E-09 3.3019E-09 2.8988E-09 2.5117E-09 2.1629E-09 1.8546E-09 1.5739E-09 1.3107E-09 1.0516E-09 8.2490E-10
7.4277E-09 7.8402E-09 8.2692E-09 8.7112E-09 9.1732E-09 9.6503E-09 1.0143E-08 1.0649E-08 1.1161E-08 1.1673E-08 1.2183E-08 1.2683E-08 1.3173E-08 1.3655E-08 1.4119E-08 1.4565E-08 1.4986E-08 1.5371E-08 1.5713E-08 1.5997E-08 1.6217E-08 1.6368E-08 1.6443E-08 1.6441E-08 1.6363E-08 1.6215E-08 1.5991E-08 1.5692E-08 1.5330E-08 1.4917E-08 1.4457E-08 1.3959E-08 1.3428E-08 1.2865E-08 1.2269E-08 1.1643E-08 1.0999E-08 1.0338E-08 9.6657E-09 8.9852E-09 8.3100E-09 7.6453E-09 6.9934E-09 6.3533E-09 5.7527E-09 5.1617E-09 4.6131E-09 4.1179E-09 3.6612E-09 3.2311E-09 2.8189E-09 2.4419E-09 2.0875E-09 1.7764E-09 1.4858E-09 1.2117E-09 9.7263E-10
7.4157E-09 7.8295E-09 8.2602E-09 8.7046E-09 9.1717E-09 9.6528E-09 1.0151E-08 1.0665E-08 1.1182E-08 1.1702E-08 1.2222E-08 1.2733E-08 1.3236E-08 1.3729E-08 1.4208E-08 1.4670E-08 1.5105E-08 1.5510E-08 1.5871E-08 1.6180E-08 1.6430E-08 1.6610E-08 1.6714E-08 1.6741E-08 1.6695E-08 1.6574E-08 1.6376E-08 1.6108E-08 1.5775E-08 1.5381E-08 1.4945E-08 1.4471E-08 1.3960E-08 1.3405E-08 1.2816E-08 1.2200E-08 1.1560E-08 1.0895E-08 1.0221E-08 9.5424E-09 8.8634E-09 8.1914E-09 7.5266E-09 6.8793E-09 6.2698E-09 5.6676E-09 5.0939E-09 4.5748E-09 4.0855E-09 3.6199E-09 3.1734E-09 2.7606E-09 2.3825E-09 2.0060E-09 1.6852E-09 1.3831E-09 1.1223E-09
7.3826E-09 7.7958E-09 8.2267E-09 8.6723E-09 9.1414E-09 9.6244E-09 1.0127E-08 1.0644E-08 1.1166E-08 1.1692E-08 1.2217E-08 1.2737E-08 1.3251E-08 1.3754E-08 1.4245E-08 1.4718E-08 1.5167E-08 1.5586E-08 1.5963E-08 1.6294E-08 1.6570E-08 1.6776E-08 1.6907E-08 1.6967E-08 1.6951E-08 1.6857E-08 1.6692E-08 1.6457E-08 1.6149E-08 1.5787E-08 1.5380E-08 1.4933E-08 1.4440E-08 1.3909E-08 1.3340E-08 1.2733E-08 1.2095E-08 1.1443E-08 1.0778E-08 1.0104E-08 9.4277E-09 8.7604E-09 8.0915E-09 7.4413E-09 6.8256E-09 6.2119E-09 5.6275E-09 5.0866E-09 4.5694E-09 4.0647E-09 3.5824E-09 3.1318E-09 2.7139E-09 2.3224E-09 1.9149E-09 1.5730E-09 1.2826E-09
7.3285E-09 7.7396E-09 8.1692E-09 8.6137E-09 9.0821E-09 9.5661E-09 1.0070E-08 1.0588E-08 1.1112E-08 1.1641E-08 1.2169E-08 1.2695E-08 1.3215E-08 1.3727E-08 1.4227E-08 1.4710E-08 1.5169E-08 1.5598E-08 1.5990E-08 1.6339E-08 1.6634E-08 1.6862E-08 1.7024E-08 1.7113E-08 1.7123E-08 1.7064E-08 1.6935E-08 1.6727E-08 1.6455E-08 1.6129E-08 1.5755E-08 1.5333E-08 1.4872E-08 1.4370E-08 1.3820E-08 1.3233E-08 1.2618E-08 1.1981E-08 1.1327E-08 1.0663E-08 1.0003E-08 9.3470E-09 8.6837E-09 8.0382E-09 7.4148E-09 6.8008E-09 6.2005E-09 5.6393E-09 5.1023E-09 4.5679E-09 4.0511E-09 3.5626E-09 3.1027E-09 2.6671E-09 2.2512E-09 1.8210E-09 1.4790E-09
7.2534E-09 7.6608E-09 8.0879E-09 8.5296E-09 8.9954E-09 9.4778E-09 9.9809E-09 1.0496E-08 1.1021E-08 1.1549E-08 1.2078E-08 1.2606E-08 1.3130E-08 1.3647E-08 1.4154E-08 1.4643E-08 1.5110E-08 1.5547E-08 1.5950E-08 1.6313E-08 1.6622E-08 1.6873E-08 1.7059E-08 1.7172E-08 1.7215E-08 1.7191E-08 1.7090E-08 1.6920E-08 1.6690E-08 1.6400E-08 1.6056E-08 1.5673E-08 1.5248E-08 1.4773E-08 1.4256E-08 1.3703E-08 1.3116E-08 1.2499E-08 1.1870E-08 1.1233E-08 1.0592E-08 9.9574E-09 9.3082E-09 8.6746E-09 8.0600E-09 7.4419E-09 6.8359E-09 6.2622E-09 5.7002E-09 5.1431E-09 4.5922E-09 4.0650E-09 3.5615E-09 3.0783E-09 2.6120E-09 2.1755E-09 1.7423E-09
7.1584E-09 7.5607E-09 7.9831E-09 8.4204E-09 8.8815E-09 9.3601E-09 9.8595E-09 1.0370E-08 1.0892E-08 1.1416E-08 1.1943E-08 1.2471E-08 1.2995E-08 1.3514E-08 1.4024E-08 1.4517E-08 1.4988E-08 1.5431E-08 1.5844E-08 1.6213E-08 1.6536E-08 1.6806E-08 1.7010E-08 1.7148E-08 1.7224E-08 1.7228E-08 1.7164E-08 1.7037E-08 1.6844E-08 1.6587E-08 1.6288E-08 1.5945E-08 1.5554E-08 1.5120E-08 1.4646E-08 1.4132E-08 1.3578E-08 1.3001E-08 1.2407E-08 1.1802E-08 1.1197E-08 1.0589E-08 9.9719E-09 9.3599E-09 8.7594E-09 8.1440E-09 7.5488E-09 6.9670E-09 6.3862E-09 5.8034E-09 5.2196E-09 4.6533E-09 4.1045E-09 3.5706E-09 3.0498E-09 2.5594E-09 2.1065E-09
7.0442E-09 7.4395E-09 7.8557E-09 8.2866E-09 8.7405E-09 9.2142E-09 9.7065E-09 1.0210E-08 1.0726E-08 1.1245E-08 1.1766E-08 1.2290E-08 1.2810E-08 1.3328E-08 1.3837E-08 1.4331E-08 1.4804E-08 1.5252E-08 1.5668E-08 1.6044E-08 1.6377E-08 1.6658E-08 1.6878E-08 1.7042E-08 1.7144E-08 1.7177E-08 1.7155E-08 1.7068E-08 1.6908E-08 1.6698E-08 1.6442E-08 1.6137E-08 1.5792E-08 1.5409E-08 1.4981E-08 1.4510E-08 1.4008E-08 1.3480E-08 1.2934E-08 1.2376E-08 1.1816E-08 1.1248E-08 1.0670E-08 1.0093E-08 9.5218E-09 8.9261E-09 8.3352E-09 7.7443E-09 7.1550E-09 6.5563E-09 5.9434E-09 5.3402E-09 4.7464E-09 4.1597E-09 3.5802E-09 3.0315E-09 2.5249E-09
6.9116E-09 7.2985E-09 7.7068E-09 8.1292E-09 8.5754E-09 9.0401E-09 9.5235E-09 1.0018E-08 1.0524E-08 1.1035E-08 1.1548E-08 1.2063E-08 1.2578E-08 1.3091E-08 1.3596E-08 1.4086E-08 1.4558E-08 1.5008E-08 1.5424E-08 1.5803E-08 1.6145E-08 1.6432E-08 1.6667E-08 1.6854E-08 1.6974E-08 1.7042E-08 1.7060E-08 1.7005E-08 1.6890E-08 1.6724E-08 1.6508E-08 1.6251E-08 1.5961E-08 1.5629E-08 1.5251E-08 1.4841E-08 1.4398E-08 1.3932E-08 1.3446E-08 1.2950E-08 1.2447E-08 1.1931E-08 1.1404E-08 1.0882E-08 1.0340E-08 9.7664E-09 9.1967E-09 8.6242E-09 8.0259E-09 7.4088E-09 6.7772E-09 6.1409E-09 5.5030E-09 4.8628E-09 4.2224E-09 3.6098E-09 3.0331E-09
6.7633E-09 7.1387E-09 7.5374E-09 7.9497E-09 8.3860E-09 8.8397E-09 9.3115E-09 9.7946E-09 1.0288E-08 1.0787E-08 1.1290E-08 1.1794E-08 1.2300E-08 1.2804E-08 1.3301E-08 1.3785E-08 1.4253E-08 1.4699E-08 1.5113E-08 1.5497E-08 1.5838E-08 1.6131E-08 1.6382E-08 1.6579E-08 1.6722E-08 1.6825E-08 1.6872E-08 1.6854E-08 1.6785E-08 1.6660E-08 1.6488E-08 1.6286E-08 1.6050E-08 1.5771E-08 1.5460E-08 1.5117E-08 1.4746E-08 1.4351E-08 1.3942E-08 1.3520E-08 1.3085E-08 1.2642E-08 1.2179E-08 1.1712E-08 1.1217E-08 1.0689E-08 1.0152E-08 9.5966E-09 9.0090E-09 8.3779E-09 7.7212E-09 7.0609E-09 6.4001E-09 5.7101E-09 5.0123E-09 4.3335E-09 3.6633E-09
6.5978E-09 6.9630E-09 7.3487E-09 7.7492E-09 8.1739E-09 8.6143E-09 9.0723E-09 9.5416E-09 1.0020E-08 1.0505E-08 1.0994E-08 1.1485E-08 1.1978E-08 1.2470E-08 1.2956E-08 1.3430E-08 1.3891E-08 1.4329E-08 1.4739E-08 1.5121E-08 1.5460E-08 1.5759E-08 1.6017E-08 1.6226E-08 1.6393E-08 1.6522E-08 1.6594E-08 1.6617E-08 1.6588E-08 1.6503E-08 1.6384E-08 1.6236E-08 1.6055E-08 1.5844E-08 1.5604E-08 1.5336E-08 1.5045E-08 1.4738E-08 1.4416E-08 1.4077E-08 1.3736E-08 1.3368E-08 1.2976E-08 1.2587E-08 1.2156E-08 1.1685E-08 1.1197E-08 1.0669E-08 1.0090E-08 9.4685E-09 8.8220E-09 8.1377E-09 7.4266E-09 6.6956E-09 5.9647E-09 5.2203E-09 4.4907E-09
6.4185E-09 6.7705E-09 7.1438E-09 7.5294E-09 7.9405E-09 8.3657E-09 8.8080E-09 9.2608E-09 9.7223E-09 1.0190E-08 1.0663E-08 1.1138E-08 1.1615E-08 1.2092E-08 1.2563E-08 1.3024E-08 1.3474E-08 1.3900E-08 1.4305E-08 1.4680E-08 1.5014E-08 1.5319E-08 1.5580E-08 1.5797E-08 1.5986E-08 1.6132E-08 1.6231E-08 1.6292E-08 1.6299E-08 1.6260E-08 1.6194E-08 1.6099E-08 1.5979E-08 1.5841E-08 1.5678E-08 1.5494E-08 1.5295E-08 1.5084E-08 1.4857E-08 1.4625E-08 1.4377E-08 1.4101E-08 1.3809E-08 1.3501E-08 1.3145E-08 1.2748E-08 1.2318E-08 1.1834E-08 1.1299E-08 1.0694E-08 1.0043E-08 9.3650E-09 8.6489E-09 7.8765E-09 7.0789E-09 6.2809E-09 5.4957E-09
6.2264E-09 6.5643E-09 6.9222E-09 7.2931E-09 7.6880E-09 8.0958E-09 8.5200E-09 8.9549E-09 9.3972E-09 9.8458E-09 1.0300E-08 1.0756E-08 1.1215E-08 1.1674E-08 1.2127E-08 1.2573E-08 1.3006E-08 1.3418E-08 1.3814E-08 1.4177E-08 1.4508E-08 1.4813E-08 1.5072E-08 1.5303E-08 1.5502E-08 1.5662E-08 1.5790E-08 1.5878E-08 1.5921E-08 1.5932E-08 1.5913E-08 1.5875E-08 1.5824E-08 1.5760E-08 1.5681E-08 1.5590E-08 1.5491E-08 1.5381E-08 1.5267E-08 1.5145E-08 1.5001E-08 1.4837E-08 1.4655E-08 1.4443E-08 1.4175E-08 1.3862E-08 1.3514E-08 1.3100E-08 1.2601E-08 1.2035E-08 1.1433E-08 1.0758E-08 1.0033E-08 9.2691E-09 8.4732E-09 7.6287E-09 6.7693E-09
6.0213E-09 6.3456E-09 6.6858E-09 7.0411E-09 7.4178E-09 7.8073E-09 8.2116E-09 8.6266E-09 9.0479E-09 9.4752E-09 9.9081E-09 1.0343E-08 1.0782E-08 1.1219E-08 1.1652E-08 1.2079E-08 1.2492E-08 1.2889E-08 1.3270E-08 1.3619E-08 1.3946E-08 1.4244E-08 1.4501E-08 1.4741E-08 1.4944E-08 1.5119E-08 1.5270E-08 1.5382E-08 1.5464E-08 1.5518E-08 1.5546E-08 1.5570E-08 1.5589E-08 1.5604E-08 1.5613E-08 1.5620E-08 1.5624E-08 1.5626E-08 1.5630E-08 1.5626E-08 1.5601E-08 1.5558E-08 1.5502E-08 1.5391E-08 1.5226E-08 1.5026E-08 1.4770E-08 1.4426E-08 1.4003E-08 1.3512E-08 1.2942E-08 1.2315E-08 1.1640E-08 1.0879E-08 1.0068E-08 9.2371E-09 8.3758E-09
5.8065E-09 6.1141E-09 6.4394E-09 6.7745E-09 7.1344E-09 7.5020E-09 7.8854E-09 8.2788E-09 8.6775E-09 9.0817E-09 9.4916E-09 9.9036E-09 1.0319E-08 1.0733E-08 1.1143E-08 1.1548E-08 1.1939E-08 1.2318E-08 1.2679E-08 1.3013E-08 1.3332E-08 1.3620E-08 1.3874E-08 1.4118E-08 1.4321E-08 1.4511E-08 1.4678E-08 1.4811E-08 1.4930E-08 1.5024E-08 1.5100E-08 1.5188E-08 1.5277E-08 1.5372E-08 1.5473E-08 1.5580E-08 1.5690E-08 1.5812E-08 1.5938E-08 1.6057E-08 1.6160E-08 1.6249E-08 1.6318E-08 1.6325E-08 1.6288E-08 1.6209E-08 1.6049E-08 1.5809E-08 1.5483E-08 1.5068E-08 1.4595E-08 1.4055E-08 1.3411E-08 1.2703E-08 1.1986E-08 1.1167E-08 1.0291E-08
5.5833E-09 5.8740E-09 6.1817E-09 6.4981E-09 6.8368E-09 7.1844E-09 7.5442E-09 7.9143E-09 8.2894E-09 8.6691E-09 9.0542E-09 9.4415E-09 9.8316E-09 1.0220E-08 1.0605E-08 1.0985E-08 1.1352E-08 1.1710E-08 1.2049E-08 1.2367E-08 1.2673E-08 1.2947E-08 1.3199E-08 1.3437E-08 1.3640E-08 1.3842E-08 1.4019E-08 1.4174E-08 1.4328E-08 1.4458E-08 1.4584E-08 1.4733E-08 1.4892E-08 1.5067E-08 1.5260E-08 1.5465E-08 1.5688E-08 1.5929E-08 1.6176E-08 1.6423E-08 1.6661E-08 1.6890E-08 1.7086E-08 1.7224E-08 1.7323E-08 1.7365E-08 1.7331E-08 1.7214E-08 1.6995E-08 1.6707E-08 1.6363E-08 1.5903E-08 1.5370E-08 1.4816E-08 1.4156E-08 1.3419E-08 1.2655E-08
5.3510E-09 5.6268E-09 5.9155E-09 6.2127E-09 6.5301E-09 6.8551E-09 7.1922E-09 7.5368E-09 7.8874E-09 8.2412E-09 8.6004E-09 8.9614E-09 9.3243E-09 9.6857E-09 1.0045E-08 1.0397E-08 1.0738E-08 1.1073E-08 1.1388E-08 1.1688E-08 1.1976E-08 1.2234E-08 1.2479E-08 1.2709E-08 1.2911E-08 1.3120E-08 1.3305E-08 1.3482E-08 1.3665E-08 1.3830E-08 1.4006E-08 1.4213E-08 1.4438E-08 1.4691E-08 1.4972E-08 1.5276E-08 1.5611E-08 1.5966E-08 1.6337E-08 1.6709E-08 1.7078E-08 1.7451E-08 1.7768E-08 1.8054E-08 1.8294E-08 1.8470E-08 1.8578E-08 1.8585E-08 1.8514E-08 1.8388E-08 1.8171E-08 1.7860E-08 1.7519E-08 1.7103E-08 1.6607E-08 1.6073E-08 1.5431E-08
5.1158E-09 5.3718E-09 5.6433E-09 5.9194E-09 6.2163E-09 6.5174E-09 6.8306E-09 7.1498E-09 7.4746E-09 7.8021E-09 8.1344E-09 8.4679E-09 8.8028E-09 9.1354E-09 9.4662E-09 9.7899E-09 1.0104E-08 1.0413E-08 1.0704E-08 1.0983E-08 1.1249E-08 1.1490E-08 1.1724E-08 1.1944E-08 1.2146E-08 1.2356E-08 1.2546E-08 1.2743E-08 1.2949E-08 1.3149E-08 1.3372E-08 1.3633E-08 1.3920E-08 1.4247E-08 1.4612E-08 1.5012E-08 1.5450E-08 1.5914E-08 1.6404E-08 1.6898E-08 1.7402E-08 1.7896E-08 1.8352E-08 1.8774E-08 1.9156E-08 1.9485E-08 1.9733E-08 1.9890E-08 2.0002E-08 2.0031E-08 1.9989E-08 1.9902E-08 1.9752E-08 1.9562E-08 1.9330E-08 1.9033E-08 1.8631E-08
4.8741E-09 5.1140E-09 5.3657E-09 5.6226E-09 5.8967E-09 6.1766E-09 6.4634E-09 6.7580E-09 7.0553E-09 7.3558E-09 7.6606E-09 7.9660E-09 8.2716E-09 8.5750E-09 8.8770E-09 9.1708E-09 9.4570E-09 9.7389E-09 1.0002E-08 1.0258E-08 1.0502E-08 1.0724E-08 1.0944E-08 1.1153E-08 1.1350E-08 1.1558E-08 1.1755E-08 1.1967E-08 1.2195E-08 1.2428E-08 1.2692E-08 1.3001E-08 1.3345E-08 1.3740E-08 1.4181E-08 1.4669E-08 1.5200E-08 1.5769E-08 1.6359E-08 1.6967E-08 1.7601E-08 1.8204E-08 1.8791E-08 1.9358E-08 1.9881E-08 2.0353E-08 2.0745E-08 2.1080E-08 2.1375E-08 2.1586E-08 2.1780E-08 2.1918E-08 2.2018E-08 2.2140E-08 2.2207E-08 2.2246E-08 2.2216E-08
4.6303E-09 4.8533E-09 5.0864E-09 5.3237E-09 5.5756E-09 5.8321E-09 6.0944E-09 6.3624E-09 6.6343E-09 6.9063E-09 7.1832E-09 7.4604E-09 7.7364E-09 8.0101E-09 8.2823E-09 8.5462E-09 8.8041E-09 9.0567E-09 9.2924E-09 9.5240E-09 9.7430E-09 9.9463E-09 1.0149E-08 1.0345E-08 1.0536E-08 1.0741E-08 1.0942E-08 1.1167E-08 1.1413E-08 1.1674E-08 1.1974E-08 1.2324E-08 1.2719E-08 1.3173E-08 1.3682E-08 1.4246E-08 1.4861E-08 1.5517E-08 1.6197E-08 1.6916E-08 1.7644E-08 1.8355E-08 1.9066E-08 1.9762E-08 2.0418E-08 2.1027E-08 2.1577E-08 2.2098E-08 2.2571E-08 2.2988E-08 2.3437E-08 2.3828E-08 2.4232E-08 2.4696E-08 2.5135E-08 2.5608E-08 2.6021E-08
4.3864E-09 4.5911E-09 4.8070E-09 5.0244E-09 5.2546E-09 5.4878E-09 5.7262E-09 5.9680E-09 6.2130E-09 6.4585E-09 6.7068E-09 6.9555E-09 7.2023E-09 7.4465E-09 7.6887E-09 7.9226E-09 8.1508E-09 8.3746E-09 8.5828E-09 8.7881E-09 8.9828E-09 9.1660E-09 9.3500E-09 9.5328E-09 9.7163E-09 9.9169E-09 1.0121E-08 1.0354E-08 1.0614E-08 1.0898E-08 1.1226E-08 1.1611E-08 1.2049E-08 1.2553E-08 1.3117E-08 1.3744E-08 1.4424E-08 1.5145E-08 1.5904E-08 1.6717E-08 1.7518E-08 1.8333E-08 1.9153E-08 1.9951E-08 2.0737E-08 2.1475E-08 2.2183E-08 2.2876E-08 2.3528E-08 2.4171E-08 2.4865E-08 2.5529E-08 2.6259E-08 2.7089E-08 2.7946E-08 2.8910E-08 2.9859E-08
4.1428E-09 4.3308E-09 4.5285E-09 4.7272E-09 4.9350E-09 5.1464E-09 5.3600E-09 5.5774E-09 5.7966E-09 6.0151E-09 6.2359E-09 6.4563E-09 6.6743E-09 6.8890E-09 7.1018E-09 7.3061E-09 7.5047E-09 7.6997E-09 7.8805E-09 8.0596E-09 8.2304E-09 8.3925E-09 8.5578E-09 8.7273E-09 8.9025E-09 9.0967E-09 9.3007E-09 9.5384E-09 9.8089E-09 1.0110E-08 1.0459E-08 1.0873E-08 1.1345E-08 1.1884E-08 1.2490E-08 1.3162E-08 1.3887E-08 1.4657E-08 1.5490E-08 1.6344E-08 1.7220E-08 1.8116E-08 1.9022E-08 1.9913E-08 2.0805E-08 2.1662E-08 2.2519E-08 2.3361E-08 2.4185E-08 2.5048E-08 2.5976E-08 2.6914E-08 2.7954E-08 2.9160E-08 3.0453E-08 3.1919E-08 3.3435E-08
3.9017E-09 4.0732E-09 4.2526E-09 4.4334E-09 4.6211E-09 4.8094E-09 5.0016E-09 5.1926E-09 5.3877E-09 5.5794E-09 5.7735E-09 5.9669E-09 6.1567E-09 6.3429E-09 6.5269E-09 6.7027E-09 6.8717E-09 7.0392E-09 7.1935E-09 7.3467E-09 7.4942E-09 7.6356E-09 7.7828E-09 7.9395E-09 8.1040E-09 8.2922E-09 8.4930E-09 8.7311E-09 9.0073E-09 9.3200E-09 9.6846E-09 1.0117E-08 1.0609E-08 1.1170E-08 1.1802E-08 1.2501E-08 1.3253E-08 1.4058E-08 1.4923E-08 1.5814E-08 1.6736E-08 1.7701E-08 1.8668E-08 1.9637E-08 2.0613E-08 2.1567E-08 2.2548E-08 2.3514E-08 2.4499E-08 2.5545E-08 2.6680E-08 2.7867E-08 2.9184E-08 3.0728E-08 3.2425E-08 3.4373E-08 3.6430E-08
3.6643E-09 3.8203E-09 3.9825E-09 4.1449E-09 4.3126E-09 4.4801E-09 4.6495E-09 4.8177E-09 4.9884E-09 5.1562E-09 5.3233E-09 5.4915E-09 5.6539E-09 5.8125E-09 5.9689E-09 6.1172E-09 6.2584E-09 6.3995E-09 6.5287E-09 6.6567E-09 6.7820E-09 6.9038E-09 7.0342E-09 7.1782E-09 7.3315E-09 7.5110E-09 7.7073E-09 7.9415E-09 8.2182E-09 8.5375E-09 8.9103E-09 9.3496E-09 9.8486E-09 1.0419E-08 1.1062E-08 1.1766E-08 1.2524E-08 1.3358E-08 1.4227E-08 1.5130E-08 1.6097E-08 1.7087E-08 1.8095E-08 1.9113E-08 2.0150E-08 2.1182E-08 2.2247E-08 2.3313E-08 2.4430E-08 2.5611E-08 2.6904E-08 2.8287E-08 2.9830E-08 3.1648E-08 3.3680E-08 3.6017E-08 3.8526E-08
3.4317E-09 3.5731E-09 3.7180E-09 3.8640E-09 4.0122E-09 4.1601E-09 4.3087E-09 4.4546E-09 4.6020E-09 4.7476E-09 4.8897E-09 5.0323E-09 5.1703E-09 5.3019E-09 5.4317E-09 5.5554E-09 5.6703E-09 5.7863E-09 5.8922E-09 5.9962E-09 6.1016E-09 6.2053E-09 6.3195E-09 6.4511E-09 6.5924E-09 6.7622E-09 6.9498E-09 7.1785E-09 7.4525E-09 7.7701E-09 8.1408E-09 8.5765E-09 9.0725E-09 9.6384E-09 1.0274E-08 1.0960E-08 1.1727E-08 1.2539E-08 1.3412E-08 1.4327E-08 1.5293E-08 1.6291E-08 1.7313E-08 1.8361E-08 1.9431E-08 2.0503E-08 2.1619E-08 2.2753E-08 2.3948E-08 2.5211E-08 2.6612E-08 2.8127E-08 2.9808E-08 3.1805E-08 3.4061E-08 3.6654E-08 3.9461E-08
