Assets/Resources/2015_m01_d12_2300(utc+0800)_l00_csi_1hr_conc.grd
DSAA
         159         159
     -79.000      79.000
     -79.000      79.000
  0.0000E+00  0.3619E-05
[rows 0 to 24 of 159, columns 0 to 56 of 159]
8.4791E-11 8.4840E-11 8.4599E-11 8.4108E-11 8.3371E-11 8.2392E-11 8.1177E-11 7.9597E-11 7.7763E-11 7.5669E-11 7.3346E-11 7.0768E-11 6.8049E-11 6.5134E-11 6.2226E-11 5.9795E-11 5.6702E-11 5.3385E-11 5.0341E-11 4.6803E-11 4.3461E-11 4.0014E-11 3.6014E-11 3.2658E-11 2.8202E-11 2.4484E-11 2.1697E-11 1.9145E-11 1.5006E-11 1.3309E-11 1.1731E-11 1.0274E-11 2.6822E-12 0.0000E+00 0.0000E+00 0.0000E+00 0.0000E+00 0.0000E+00 0.0000E+00 0.0000E+00 0.0000E+00 0.0000E+00 0.0000E+00 0.0000E+00 0.0000E+00 0.0000E+00 0.0000E+00 0.0000E+00 0.0000E+00 0.0000E+00 0.0000E+00 0.0000E+00 0.0000E+00 0.0000E+00 0.0000E+00 0.0000E+00 0.0000E+00
1.0506E-10 1.0523E-10 1.0507E-10 1.0460E-10 1.0381E-10 1.0271E-10 1.0120E-10 9.9308E-11 9.7123E-11 9.4656E-11 9.1992E-11 8.9155E-11 8.6277E-11 8.3094E-11 7.9844E-11 7.6310E-11 7.2111E-11 6.8077E-11 6.4109E-11 5.9986E-11 5.5939E-11 5.1484E-11 4.7485E-11 4.3179E-11 3.7993E-11 3.3439E-11 2.9785E-11 2.6161E-11 2.3098E-11 1.8587E-11 1.6321E-11 1.4460E-11 1.1189E-11 2.1738E-12 2.0218E-12 1.8758E-12 1.7362E-12 1.6031E-12 1.4766E-12 1.3568E-12 1.2437E-12 1.1373E-12 1.0374E-12 9.4406E-13 0.0000E+00 0.0000E+00 0.0000E+00 0.0000E+00 0.0000E+00 0.0000E+00 0.0000E+00 0.0000E+00 0.0000E+00 0.0000E+00 0.0000E+00 0.0000E+00 0.0000E+00
1.2032E-10 1.2056E-10 1.2041E-10 1.1989E-10 1.1901E-10 1.1775E-10 1.1602E-10 1.1397E-10 1.1160E-10 1.0894E-10 1.0600E-10 1.0276E-10 9.9225E-11 9.5506E-11 9.1504E-11 8.7044E-11 8.3170E-11 7.8693E-11 7.3923E-11 6.8983E-11 6.3573E-11 5.8964E-11 5.4118E-11 4.9450E-11 4.4899E-11 3.9460E-11 3.4293E-11 3.0514E-11 2.6361E-11 2.1301E-11 1.8959E-11 1.5892E-11 1.4003E-11 4.3462E-12 2.2661E-12 2.1025E-12 1.9460E-12 1.7968E-12 1.6551E-12 1.5208E-12 1.3940E-12 1.2747E-12 1.1628E-12 1.0582E-12 9.6060E-13 0.0000E+00 0.0000E+00 0.0000E+00 0.0000E+00 0.0000E+00 0.0000E+00 0.0000E+00 0.0000E+00 0.0000E+00 0.0000E+00 0.0000E+00 0.0000E+00
1.4327E-10 1.4361E-10 1.4357E-10 1.4310E-10 1.4219E-10 1.4069E-10 1.3877E-10 1.3644E-10 1.3372E-10 1.3063E-10 1.2717E-10 1.2339E-10 1.1937E-10 1.1533E-10 1.1080E-10 1.0629E-10 1.0103E-10 9.5363E-11 8.9708E-11 8.3713E-11 7.8262E-11 7.2552E-11 6.6158E-11 6.0575E-11 5.5114E-11 5.0078E-11 4.3979E-11 3.9114E-11 3.4154E-11 2.9420E-11 2.4263E-11 2.1280E-11 1.7960E-11 1.2390E-11 4.7778E-12 4.4340E-12 4.1048E-12 3.7906E-12 3.4919E-12 3.2087E-12 2.9413E-12 2.6895E-12 2.4531E-12 2.2321E-12 1.0741E-12 9.7271E-13 0.0000E+00 0.0000E+00 0.0000E+00 0.0000E+00 0.0000E+00 0.0000E+00 0.0000E+00 0.0000E+00 0.0000E+00 0.0000E+00 0.0000E+00
1.6297E-10 1.6347E-10 1.6348E-10 1.6295E-10 1.6182E-10 1.6016E-10 1.5804E-10 1.5548E-10 1.5249E-10 1.4909E-10 1.4532E-10 1.4119E-10 1.3687E-10 1.3184E-10 1.2677E-10 1.2085E-10 1.1467E-10 1.0862E-10 1.0246E-10 9.5998E-11 8.9474E-11 8.2249E-11 7.5825E-11 6.9746E-11 6.2926E-11 5.6823E-11 5.1055E-11 4.4932E-11 3.9422E-11 3.4385E-11 2.7829E-11 2.4569E-11 2.0856E-11 1.7487E-11 5.5325E-12 4.9623E-12 4.5938E-12 4.2422E-12 3.9079E-12 3.5910E-12 3.2917E-12 3.0099E-12 2.7454E-12 2.4980E-12 2.2673E-12 1.6056E-12 9.8021E-13 0.0000E+00 0.0000E+00 0.0000E+00 0.0000E+00 0.0000E+00 0.0000E+00 0.0000E+00 0.0000E+00 0.0000E+00 0.0000E+00
1.9817E-10 1.9885E-10 1.9896E-10 1.9842E-10 1.9721E-10 1.9541E-10 1.9306E-10 1.9016E-10 1.8674E-10 1.8281E-10 1.7842E-10 1.7374E-10 1.6826E-10 1.6264E-10 1.5632E-10 1.4974E-10 1.4316E-10 1.3570E-10 1.2805E-10 1.2018E-10 1.1181E-10 1.0421E-10 9.6725E-11 8.8552E-11 8.0790E-11 7.3979E-11 6.6443E-11 5.9805E-11 5.2996E-11 4.6238E-11 4.0531E-11 3.4055E-11 2.9660E-11 2.5504E-11 1.5706E-11 9.9992E-12 9.2508E-12 8.5367E-12 7.8578E-12 7.2146E-12 6.6074E-12 6.0359E-12 5.4999E-12 4.9989E-12 3.5909E-12 2.2917E-12 1.8538E-12 9.8299E-13 0.0000E+00 0.0000E+00 0.0000E+00 0.0000E+00 0.0000E+00 0.0000E+00 0.0000E+00 0.0000E+00 0.0000E+00
2.2348E-10 2.2432E-10 2.2448E-10 2.2385E-10 2.2256E-10 2.2062E-10 2.1804E-10 2.1484E-10 2.1106E-10 2.0671E-10 2.0197E-10 1.9635E-10 1.9050E-10 1.8387E-10 1.7674E-10 1.6954E-10 1.6137E-10 1.5298E-10 1.4468E-10 1.3598E-10 1.2740E-10 1.1870E-10 1.0947E-10 1.0052E-10 9.2655E-11 8.3817E-11 7.5875E-11 6.8445E-11 6.1185E-11 5.3452E-11 4.6460E-11 3.9165E-11 3.3984E-11 2.9331E-11 2.4095E-11 1.1332E-11 1.0347E-11 9.5486E-12 8.7893E-12 8.0698E-12 7.3905E-12 6.7513E-12 6.1518E-12 5.5913E-12 5.0691E-12 3.6316E-12 2.3050E-12 1.9039E-12 9.8103E-13 0.0000E+00 0.0000E+00 0.0000E+00 0.0000E+00 0.0000E+00 0.0000E+00 0.0000E+00 0.0000E+00
2.6549E-10 2.6673E-10 2.6707E-10 2.6660E-10 2.6535E-10 2.6332E-10 2.6053E-10 2.5700E-10 2.5275E-10 2.4798E-10 2.4216E-10 2.3585E-10 2.2886E-10 2.2110E-10 2.1319E-10 2.0418E-10 1.9478E-10 1.8563E-10 1.7553E-10 1.6531E-10 1.5503E-10 1.4458E-10 1.3458E-10 1.2500E-10 1.1473E-10 1.0480E-10 9.5845E-11 8.6118E-11 7.7704E-11 6.8426E-11 6.1182E-11 5.2845E-11 4.5306E-11 3.9368E-11 3.4331E-11 2.1410E-11 1.6295E-11 1.4896E-11 1.3709E-11 1.2584E-11 1.1521E-11 1.0521E-11 9.5827E-12 8.7056E-12 7.8884E-12 6.1842E-12 3.6545E-12 2.3070E-12 1.8284E-12 9.7433E-13 0.0000E+00 0.0000E+00 0.0000E+00 0.0000E+00 0.0000E+00 0.0000E+00 0.0000E+00
3.1182E-10 3.1329E-10 3.1381E-10 3.1341E-10 3.1211E-10 3.0990E-10 3.0681E-10 3.0285E-10 2.9823E-10 2.9241E-10 2.8595E-10 2.7868E-10 2.7048E-10 2.6206E-10 2.5240E-10 2.4225E-10 2.3194E-10 2.2074E-10 2.0912E-10 1.9746E-10 1.8539E-10 1.7380E-10 1.6214E-10 1.5015E-10 1.3860E-10 1.2805E-10 1.1708E-10 1.0633E-10 9.6590E-11 8.6410E-11 7.6266E-11 6.8280E-11 5.7738E-11 5.0455E-11 4.3988E-11 3.4834E-11 2.3594E-11 2.0551E-11 1.8807E-11 1.7246E-11 1.5773E-11 1.4389E-11 1.3091E-11 1.0874E-11 8.8112E-12 7.9634E-12 6.2231E-12 3.6592E-12 2.2977E-12 2.1214E-12 0.0000E+00 0.0000E+00 0.0000E+00 0.0000E+00 0.0000E+00 0.0000E+00 0.0000E+00
3.5542E-10 3.5740E-10 3.5834E-10 3.5823E-10 3.5707E-10 3.5486E-10 3.5162E-10 3.4752E-10 3.4207E-10 3.3567E-10 3.2851E-10 3.2011E-10 3.1129E-10 3.0108E-10 2.9013E-10 2.7888E-10 2.6647E-10 2.5361E-10 2.4077E-10 2.2756E-10 2.1437E-10 2.0129E-10 1.8788E-10 1.7458E-10 1.6210E-10 1.4946E-10 1.3661E-10 1.2546E-10 1.1362E-10 1.0288E-10 9.0900E-11 8.1359E-11 7.0395E-11 6.2002E-11 5.3403E-11 4.5769E-11 3.0728E-11 2.6674E-11 2.3300E-11 2.1368E-11 1.9548E-11 1.7836E-11 1.6231E-11 1.4731E-11 1.2315E-11 1.0069E-11 8.5580E-12 6.3032E-12 3.6495E-12 2.2230E-12 9.7513E-13 0.0000E+00 0.0000E+00 0.0000E+00 0.0000E+00 0.0000E+00 0.0000E+00
4.1135E-10 4.1390E-10 4.1520E-10 4.1528E-10 4.1415E-10 4.1181E-10 4.0842E-10 4.0353E-10 3.9749E-10 3.9048E-10 3.8206E-10 3.7302E-10 3.6243E-10 3.5091E-10 3.3896E-10 3.2559E-10 3.1168E-10 2.9747E-10 2.8258E-10 2.6749E-10 2.5213E-10 2.3658E-10 2.2138E-10 2.0662E-10 1.9216E-10 1.7737E-10 1.6361E-10 1.5025E-10 1.3636E-10 1.2459E-10 1.1182E-10 9.9228E-11 8.8179E-11 7.6522E-11 6.7412E-11 5.8890E-11 4.4306E-11 3.5458E-11 3.1144E-11 2.7420E-11 2.5069E-11 2.2858E-11 2.0786E-11 1.8831E-11 1.6222E-11 1.2491E-11 1.0420E-11 8.8291E-12 6.0749E-12 3.5080E-12 2.0750E-12 0.0000E+00 0.0000E+00 0.0000E+00 0.0000E+00 0.0000E+00 0.0000E+00
4.6502E-10 4.6811E-10 4.6985E-10 4.7022E-10 4.6920E-10 4.6695E-10 4.6304E-10 4.5777E-10 4.5133E-10 4.4328E-10 4.3425E-10 4.2372E-10 4.1197E-10 3.9951E-10 3.8546E-10 3.7059E-10 3.5522E-10 3.3897E-10 3.2229E-10 3.0550E-10 2.8840E-10 2.7137E-10 2.5443E-10 2.3760E-10 2.2060E-10 2.0448E-10 1.8901E-10 1.7355E-10 1.5898E-10 1.4519E-10 1.3097E-10 1.1792E-10 1.0477E-10 9.0559E-11 8.0054E-11 6.9696E-11 5.5720E-11 4.3478E-11 3.8686E-11 3.3907E-11 3.0132E-11 2.7481E-11 2.5203E-11 2.2768E-11 2.0506E-11 1.7391E-11 1.3479E-11 1.0396E-11 8.8397E-12 4.7266E-12 2.0494E-12 0.0000E+00 0.0000E+00 0.0000E+00 0.0000E+00 0.0000E+00 0.0000E+00
5.3299E-10 5.3696E-10 5.3939E-10 5.4024E-10 5.3961E-10 5.3714E-10 5.3308E-10 5.2757E-10 5.2022E-10 5.1149E-10 5.0123E-10 4.8939E-10 4.7656E-10 4.6191E-10 4.4607E-10 4.2953E-10 4.1173E-10 3.9334E-10 3.7454E-10 3.5525E-10 3.3582E-10 3.1636E-10 2.9701E-10 2.7785E-10 2.5900E-10 2.4058E-10 2.2233E-10 2.0452E-10 1.8734E-10 1.7087E-10 1.5587E-10 1.4010E-10 1.2554E-10 1.1091E-10 9.6788E-11 8.5119E-11 7.0981E-11 5.3936E-11 4.8747E-11 4.3222E-11 3.8020E-11 3.4048E-11 3.0845E-11 2.7859E-11 2.4164E-11 2.1465E-11 1.7296E-11 1.3188E-11 9.8208E-12 6.6507E-12 3.4078E-12 0.0000E+00 0.0000E+00 0.0000E+00 0.0000E+00 0.0000E+00 0.0000E+00
5.9181E-10 5.9637E-10 5.9921E-10 6.0037E-10 5.9957E-10 5.9698E-10 5.9272E-10 5.8642E-10 5.7851E-10 5.6882E-10 5.5732E-10 5.4461E-10 5.2979E-10 5.1358E-10 4.9635E-10 4.7758E-10 4.5798E-10 4.3771E-10 4.1675E-10 3.9539E-10 3.7389E-10 3.5230E-10 3.3081E-10 3.0952E-10 2.8856E-10 2.6806E-10 2.4813E-10 2.2889E-10 2.1029E-10 1.9186E-10 1.7448E-10 1.5788E-10 1.4197E-10 1.2612E-10 1.1031E-10 9.6695E-11 8.2741E-11 6.4874E-11 5.4591E-11 4.9625E-11 4.3613E-11 3.7833E-11 3.4366E-11 3.0934E-11 2.7884E-11 2.3918E-11 2.1039E-11 1.6621E-11 1.2572E-11 7.7110E-12 4.5187E-12 1.1843E-12 0.0000E+00 0.0000E+00 0.0000E+00 0.0000E+00 0.0000E+00
6.7149E-10 6.7721E-10 6.8104E-10 6.8274E-10 6.8246E-10 6.8020E-10 6.7564E-10 6.6904E-10 6.6052E-10 6.4976E-10 6.3752E-10 6.2285E-10 6.0649E-10 5.8867E-10 5.6905E-10 5.4812E-10 5.2625E-10 5.0332E-10 4.7972E-10 4.5569E-10 4.3136E-10 4.0693E-10 3.8252E-10 3.5829E-10 3.3441E-10 3.1101E-10 2.8823E-10 2.6619E-10 2.4497E-10 2.2404E-10 2.0455E-10 1.8547E-10 1.6771E-10 1.4925E-10 1.3111E-10 1.1582E-10 1.0041E-10 8.1597E-11 6.6155E-11 5.9443E-11 5.4031E-11 4.7063E-11 4.1211E-11 3.6990E-11 3.3085E-11 2.8476E-11 2.3417E-11 2.0303E-11 1.4380E-11 9.3895E-12 4.6029E-12 2.2846E-12 0.0000E+00 0.0000E+00 0.0000E+00 0.0000E+00 0.0000E+00
7.4462E-10 7.5134E-10 7.5584E-10 7.5809E-10 7.5811E-10 7.5565E-10 7.5085E-10 7.4385E-10 7.3437E-10 7.2300E-10 7.0897E-10 6.9281E-10 6.7487E-10 6.5470E-10 6.3282E-10 6.0962E-10 5.8521E-10 5.5991E-10 5.3382E-10 5.0723E-10 4.8026E-10 4.5315E-10 4.2603E-10 3.9909E-10 3.7253E-10 3.4649E-10 3.2114E-10 2.9658E-10 2.7254E-10 2.4959E-10 2.2798E-10 2.0687E-10 1.8673E-10 1.6782E-10 1.4870E-10 1.3092E-10 1.1485E-10 9.4683E-11 7.4997E-11 6.6713E-11 5.9829E-11 5.3426E-11 4.5832E-11 4.0543E-11 3.6301E-11 3.2307E-11 2.7262E-11 2.2242E-11 1.7687E-11 1.0884E-11 5.3420E-12 2.1557E-12 0.0000E+00 0.0000E+00 0.0000E+00 0.0000E+00 0.0000E+00
8.2976E-10 8.3759E-10 8.4296E-10 8.4586E-10 8.4617E-10 8.4390E-10 8.3912E-10 8.3154E-10 8.2154E-10 8.0880E-10 7.9348E-10 7.7604E-10 7.5605E-10 7.3404E-10 7.1026E-10 6.8470E-10 6.5774E-10 6.2948E-10 6.0017E-10 5.7028E-10 5.4028E-10 5.1004E-10 4.7976E-10 4.4966E-10 4.1994E-10 3.9079E-10 3.6235E-10 3.3475E-10 3.0819E-10 2.8260E-10 2.5772E-10 2.3449E-10 2.1307E-10 1.9194E-10 1.7016E-10 1.5096E-10 1.3216E-10 1.1151E-10 8.9526E-11 7.6634E-11 6.8711E-11 6.1025E-11 5.3832E-11 4.5972E-11 4.0623E-11 3.6020E-11 3.0591E-11 2.5589E-11 1.8902E-11 1.1212E-11 5.9897E-12 3.7392E-12 1.1088E-12 0.0000E+00 0.0000E+00 0.0000E+00 0.0000E+00
9.1605E-10 9.2531E-10 9.3184E-10 9.3556E-10 9.3641E-10 9.3438E-10 9.2927E-10 9.2137E-10 9.1040E-10 8.9654E-10 8.8009E-10 8.6066E-10 8.3872E-10 8.1444E-10 7.8786E-10 7.5931E-10 7.2922E-10 6.9805E-10 6.6614E-10 6.3344E-10 6.0018E-10 5.6602E-10 5.3230E-10 4.9896E-10 4.6603E-10 4.3369E-10 4.0209E-10 3.7148E-10 3.4183E-10 3.1314E-10 2.8596E-10 2.6013E-10 2.3515E-10 2.1243E-10 1.9105E-10 1.6843E-10 1.4940E-10 1.2735E-10 1.0443E-10 8.4988E-11 7.5869E-11 6.7271E-11 5.9405E-11 5.1062E-11 4.3842E-11 3.8657E-11 3.3667E-11 2.8174E-11 1.9653E-11 1.1560E-11 7.0538E-12 3.6991E-12 1.2823E-12 0.0000E+00 0.0000E+00 0.0000E+00 0.0000E+00
1.0156E-09 1.0261E-09 1.0338E-09 1.0383E-09 1.0396E-09 1.0378E-09 1.0329E-09 1.0246E-09 1.0130E-09 9.9826E-10 9.8015E-10 9.5896E-10 9.3516E-10 9.0854E-10 8.7971E-10 8.4880E-10 8.1610E-10 7.8195E-10 7.4628E-10 7.0924E-10 6.7173E-10 6.3447E-10 5.9715E-10 5.5962E-10 5.2242E-10 4.8632E-10 4.5110E-10 4.1678E-10 3.8397E-10 3.5200E-10 3.2144E-10 2.9207E-10 2.6491E-10 2.3973E-10 2.1504E-10 1.9044E-10 1.6852E-10 1.4585E-10 1.2120E-10 9.8535E-11 8.5689E-11 7.5931E-11 6.6481E-11 5.8519E-11 4.8735E-11 4.2384E-11 3.5682E-11 3.0868E-11 2.1715E-11 1.3368E-11 8.0311E-12 3.3725E-12 1.1830E-12 0.0000E+00 0.0000E+00 0.0000E+00 0.0000E+00
1.1160E-09 1.1287E-09 1.1380E-09 1.1438E-09 1.1462E-09 1.1449E-09 1.1399E-09 1.1312E-09 1.1188E-09 1.1028E-09 1.0833E-09 1.0605E-09 1.0345E-09 1.0054E-09 9.7359E-10 9.3930E-10 9.0280E-10 8.6448E-10 8.2514E-10 7.8506E-10 7.4434E-10 7.0293E-10 6.6062E-10 6.1902E-10 5.7836E-10 5.3810E-10 4.9868E-10 4.6056E-10 4.2372E-10 3.8828E-10 3.5466E-10 3.2237E-10 2.9191E-10 2.6282E-10 2.3674E-10 2.0951E-10 1.8742E-10 1.6261E-10 1.3697E-10 1.1199E-10 9.5666E-11 8.3169E-11 7.2268E-11 6.2596E-11 5.3861E-11 4.4848E-11 3.8655E-11 3.1402E-11 2.2827E-11 1.3929E-11 7.9211E-12 3.5164E-12 1.2577E-12 0.0000E+00 0.0000E+00 0.0000E+00 0.0000E+00
1.2240E-09 1.2381E-09 1.2484E-09 1.2550E-09 1.2577E-09 1.2564E-09 1.2514E-09 1.2424E-09 1.2293E-09 1.2122E-09 1.1913E-09 1.1664E-09 1.1379E-09 1.1061E-09 1.0716E-09 1.0344E-09 9.9511E-10 9.5389E-10 9.1111E-10 8.6674E-10 8.2089E-10 7.7447E-10 7.2867E-10 6.8329E-10 6.3786E-10 5.9247E-10 5.4916E-10 5.0614E-10 4.6579E-10 4.2708E-10 3.8946E-10 3.5391E-10 3.2044E-10 2.8852E-10 2.5946E-10 2.2976E-10 2.0450E-10 1.7966E-10 1.5108E-10 1.2532E-10 1.0479E-10 9.1111E-11 7.8264E-11 6.7279E-11 5.7807E-11 4.7616E-11 4.0380E-11 3.1303E-11 2.1732E-11 1.3851E-11 6.7479E-12 2.9432E-12 1.0786E-12 0.0000E+00 0.0000E+00 0.0000E+00 0.0000E+00
1.3390E-09 1.3554E-09 1.3681E-09 1.3765E-09 1.3806E-09 1.3804E-09 1.3757E-09 1.3664E-09 1.3525E-09 1.3343E-09 1.3116E-09 1.2849E-09 1.2542E-09 1.2199E-09 1.1824E-09 1.1416E-09 1.0981E-09 1.0521E-09 1.0041E-09 9.5490E-10 9.0521E-10 8.5525E-10 8.0498E-10 7.5334E-10 7.0242E-10 6.5343E-10 6.0489E-10 5.5761E-10 5.1241E-10 4.6807E-10 4.2717E-10 3.8763E-10 3.5030E-10 3.1591E-10 2.8285E-10 2.5141E-10 2.2241E-10 1.9558E-10 1.6678E-10 1.3910E-10 1.1555E-10 9.9361E-11 8.4701E-11 7.2129E-11 6.0859E-11 5.1666E-11 4.1444E-11 3.1101E-11 2.3183E-11 1.4276E-11 7.2038E-12 2.9126E-12 6.8289E-13 0.0000E+00 0.0000E+00 0.0000E+00 0.0000E+00
1.4625E-09 1.4814E-09 1.4956E-09 1.5048E-09 1.5096E-09 1.5094E-09 1.5046E-09 1.4951E-09 1.4808E-09 1.4616E-09 1.4375E-09 1.4087E-09 1.3755E-09 1.3381E-09 1.2968E-09 1.2523E-09 1.2052E-09 1.1556E-09 1.1041E-09 1.0510E-09 9.9668E-10 9.4043E-10 8.8346E-10 8.2738E-10 7.7277E-10 7.1789E-10 6.6313E-10 6.1139E-10 5.6103E-10 5.1267E-10 4.6594E-10 4.2303E-10 3.8256E-10 3.4355E-10 3.0739E-10 2.7441E-10 2.4091E-10 2.1251E-10 1.8211E-10 1.5176E-10 1.2549E-10 1.0820E-10 9.1852E-11 7.7073E-11 6.4226E-11 5.3658E-11 4.2377E-11 3.1242E-11 2.2749E-11 1.5151E-11 7.9305E-12 2.6679E-12 2.9523E-13 0.0000E+00 0.0000E+00 0.0000E+00 0.0000E+00
1.5925E-09 1.6134E-09 1.6298E-09 1.6418E-09 1.6484E-09 1.6498E-09 1.6458E-09 1.6364E-09 1.6214E-09 1.6007E-09 1.5748E-09 1.5438E-09 1.5080E-09 1.4677E-09 1.4233E-09 1.3753E-09 1.3239E-09 1.2694E-09 1.2123E-09 1.1529E-09 1.0920E-09 1.0310E-09 9.7004E-10 9.0924E-10 8.4689E-10 7.8550E-10 7.2693E-10 6.6919E-10 6.1240E-10 5.5996E-10 5.0812E-10 4.6032E-10 4.1462E-10 3.7258E-10 3.3298E-10 2.9578E-10 2.6136E-10 2.2925E-10 1.9542E-10 1.6473E-10 1.3674E-10 1.1648E-10 9.8748E-11 8.2215E-11 6.8023E-11 5.5353E-11 4.3174E-11 2.9661E-11 2.0634E-11 1.2946E-11 6.4230E-12 9.6025E-13 0.0000E+00 0.0000E+00 0.0000E+00 0.0000E+00 0.0000E+00
1.7317E-09 1.7559E-09 1.7752E-09 1.7886E-09 1.7960E-09 1.7976E-09 1.7935E-09 1.7837E-09 1.7684E-09 1.7470E-09 1.7198E-09 1.6868E-09 1.6483E-09 1.6047E-09 1.5564E-09 1.5038E-09 1.4473E-09 1.3880E-09 1.3263E-09 1.2626E-09 1.1975E-09 1.1312E-09 1.0630E-09 9.9386E-10 9.2616E-10 8.6050E-10 7.9477E-10 7.3012E-10 6.6909E-10 6.0887E-10 5.5281E-10 4.9956E-10 4.4946E-10 4.0186E-10 3.5890E-10 3.1915E-10 2.8203E-10 2.4567E-10 2.1193E-10 1.7782E-10 1.4648E-10 1.2408E-10 1.0556E-10 8.8248E-11 7.1706E-11 5.7773E-11 4.2421E-11 2.8429E-11 1.8875E-11 1.1983E-11 4.9945E-12 8.9867E-13 0.0000E+00 0.0000E+00 0.0000E+00 0.0000E+00 0.0000E+00
