Assets/Resources/2015_m01_d02_2300(utc+0800)_l00_csi_1hr_conc.grd
DSAA
         159         159
     -79.000      79.000
     -79.000      79.000
  0.0000E+00  0.3217E-04
[rows 0 to 24 of 159, columns 0 to 56 of 159]
8.5681E-11 9.6874E-11 1.0927E-10 1.2380E-10 1.3796E-10 1.5537E-10 1.7340E-10 1.9521E-10 2.2338E-10 2.5917E-10 2.9306E-10 3.3273E-10 3.7534E-10 4.1562E-10 4.6777E-10 5.1514E-10 5.6960E-10 6.2830E-10 6.8596E-10 7.4623E-10 8.1397E-10 8.8540E-10 9.5419E-10 1.0252E-09 1.0980E-09 1.1784E-09 1.2608E-09 1.3374E-09 1.4138E-09 1.4890E-09 1.5688E-09 1.6405E-09 1.7156E-09 1.7802E-09 1.8409E-09 1.9027E-09 1.9543E-09 2.0001E-09 2.0418E-09 2.0856E-09 2.1173E-09 2.1451E-09 2.1672E-09 2.1915E-09 2.2056E-09 2.2134E-09 2.2180E-09 2.2181E-09 2.2133E-09 2.2060E-09 2.1931E-09 2.1772E-09 2.1586E-09 2.1348E-09 2.1094E-09 2.0870E-09 2.0548E-09
8.7921E-11 1.0032E-10 1.1311E-10 1.2725E-10 1.4367E-10 1.5984E-10 1.7942E-10 2.0235E-10 2.3163E-10 2.6445E-10 3.0674E-10 3.4644E-10 3.9165E-10 4.3393E-10 4.8241E-10 5.3570E-10 5.8834E-10 6.4447E-10 7.0728E-10 7.6994E-10 8.4043E-10 9.0892E-10 9.7965E-10 1.0577E-09 1.1394E-09 1.2165E-09 1.2951E-09 1.3741E-09 1.4588E-09 1.5373E-09 1.6209E-09 1.6955E-09 1.7673E-09 1.8417E-09 1.9051E-09 1.9641E-09 2.0243E-09 2.0733E-09 2.1162E-09 2.1613E-09 2.1949E-09 2.2229E-09 2.2470E-09 2.2650E-09 2.2788E-09 2.2886E-09 2.2921E-09 2.2926E-09 2.2882E-09 2.2860E-09 2.2748E-09 2.2578E-09 2.2381E-09 2.2156E-09 2.1880E-09 2.1591E-09 2.1265E-09
9.0933E-11 1.0285E-10 1.1692E-10 1.3149E-10 1.4755E-10 1.6605E-10 1.8442E-10 2.1214E-10 2.4028E-10 2.7566E-10 3.1870E-10 3.6090E-10 4.0094E-10 4.4694E-10 4.9779E-10 5.4850E-10 6.0279E-10 6.6368E-10 7.2958E-10 7.9411E-10 8.6187E-10 9.3644E-10 1.0158E-09 1.0916E-09 1.1693E-09 1.2488E-09 1.3347E-09 1.4165E-09 1.5049E-09 1.5863E-09 1.6663E-09 1.7501E-09 1.8251E-09 1.9034E-09 1.9706E-09 2.0322E-09 2.0889E-09 2.1461E-09 2.1921E-09 2.2315E-09 2.2666E-09 2.2961E-09 2.3200E-09 2.3401E-09 2.3604E-09 2.3702E-09 2.3757E-09 2.3751E-09 2.3714E-09 2.3626E-09 2.3495E-09 2.3343E-09 2.3129E-09 2.2893E-09 2.2628E-09 2.2316E-09 2.1992E-09
9.3892E-11 1.0617E-10 1.1977E-10 1.3568E-10 1.5221E-10 1.7038E-10 1.9373E-10 2.1756E-10 2.4980E-10 2.8603E-10 3.3137E-10 3.6905E-10 4.1542E-10 4.6058E-10 5.0911E-10 5.6414E-10 6.2386E-10 6.8383E-10 7.4689E-10 8.1349E-10 8.8758E-10 9.6558E-10 1.0413E-09 1.1194E-09 1.2042E-09 1.2860E-09 1.3756E-09 1.4598E-09 1.5446E-09 1.6343E-09 1.7175E-09 1.8055E-09 1.8837E-09 1.9582E-09 2.0350E-09 2.1007E-09 2.1600E-09 2.2138E-09 2.2611E-09 2.3033E-09 2.3388E-09 2.3770E-09 2.4025E-09 2.4222E-09 2.4380E-09 2.4468E-09 2.4520E-09 2.4530E-09 2.4478E-09 2.4398E-09 2.4263E-09 2.4090E-09 2.3896E-09 2.3637E-09 2.3362E-09 2.3055E-09 2.2707E-09
9.5926E-11 1.0943E-10 1.2429E-10 1.3976E-10 1.5681E-10 1.7548E-10 1.9847E-10 2.2840E-10 2.6241E-10 2.9424E-10 3.3837E-10 3.8169E-10 4.2436E-10 4.7051E-10 5.2284E-10 5.8005E-10 6.3797E-10 6.9919E-10 7.6755E-10 8.4116E-10 9.1357E-10 9.8871E-10 1.0708E-09 1.1514E-09 1.2397E-09 1.3244E-09 1.4102E-09 1.5023E-09 1.5897E-09 1.6833E-09 1.7695E-09 1.8538E-09 1.9413E-09 2.0193E-09 2.0930E-09 2.1616E-09 2.2248E-09 2.2812E-09 2.3386E-09 2.3824E-09 2.4205E-09 2.4516E-09 2.4785E-09 2.4993E-09 2.5145E-09 2.5260E-09 2.5300E-09 2.5305E-09 2.5264E-09 2.5165E-09 2.5038E-09 2.4855E-09 2.4638E-09 2.4397E-09 2.4097E-09 2.3782E-09 2.3435E-09
9.8743E-11 1.1258E-10 1.2698E-10 1.4376E-10 1.6126E-10 1.8051E-10 2.0498E-10 2.3191E-10 2.6535E-10 3.0201E-10 3.4570E-10 3.8942E-10 4.3300E-10 4.8242E-10 5.3683E-10 5.9240E-10 6.5151E-10 7.1826E-10 7.8917E-10 8.6024E-10 9.3433E-10 1.0155E-09 1.1008E-09 1.1842E-09 1.2696E-09 1.3612E-09 1.4500E-09 1.5466E-09 1.6371E-09 1.7271E-09 1.8218E-09 1.9093E-09 1.9943E-09 2.0755E-09 2.1523E-09 2.2249E-09 2.2980E-09 2.3585E-09 2.4114E-09 2.4577E-09 2.4976E-09 2.5315E-09 2.5584E-09 2.5809E-09 2.5964E-09 2.6065E-09 2.6128E-09 2.6116E-09 2.6072E-09 2.5979E-09 2.5833E-09 2.5662E-09 2.5432E-09 2.5172E-09 2.5018E-09 2.4680E-09 2.4330E-09
1.0148E-10 1.1566E-10 1.3043E-10 1.4675E-10 1.6562E-10 1.8535E-10 2.1267E-10 2.3776E-10 2.7353E-10 3.0992E-10 3.5049E-10 3.9673E-10 4.4559E-10 4.9457E-10 5.4752E-10 6.0421E-10 6.7158E-10 7.3679E-10 8.0609E-10 8.7869E-10 9.6260E-10 1.0427E-09 1.1258E-09 1.2114E-09 1.3034E-09 1.3998E-09 1.4916E-09 1.5842E-09 1.6819E-09 1.7750E-09 1.8670E-09 1.9574E-09 2.0452E-09 2.1305E-09 2.2168E-09 2.2922E-09 2.3621E-09 2.4253E-09 2.4826E-09 2.5321E-09 2.5740E-09 2.6087E-09 2.6370E-09 2.6583E-09 2.6755E-09 2.6854E-09 2.6903E-09 2.6913E-09 2.6852E-09 2.6890E-09 2.6749E-09 2.6558E-09 2.6345E-09 2.6068E-09 2.5767E-09 2.5440E-09 2.5062E-09
1.0411E-10 1.1776E-10 1.3378E-10 1.5050E-10 1.6893E-10 1.9010E-10 2.1132E-10 2.4470E-10 2.7867E-10 3.1555E-10 3.5670E-10 4.0599E-10 4.5349E-10 5.0372E-10 5.5959E-10 6.2172E-10 6.8454E-10 7.5163E-10 8.2500E-10 9.0393E-10 9.8275E-10 1.0651E-09 1.1538E-09 1.2469E-09 1.3390E-09 1.4332E-09 1.5276E-09 1.6274E-09 1.7234E-09 1.8189E-09 1.9140E-09 2.0079E-09 2.1046E-09 2.1924E-09 2.2763E-09 2.3551E-09 2.4288E-09 2.4963E-09 2.5556E-09 2.6081E-09 2.6525E-09 2.6888E-09 2.7185E-09 2.7413E-09 2.7576E-09 2.7700E-09 2.7876E-09 2.7876E-09 2.7834E-09 2.7722E-09 2.7581E-09 2.7387E-09 2.7148E-09 2.6888E-09 2.6564E-09 2.6222E-09 2.5852E-09
1.0665E-10 1.2062E-10 1.3610E-10 1.5413E-10 1.7299E-10 1.9373E-10 2.1736E-10 2.4917E-10 2.8348E-10 3.1576E-10 3.6018E-10 4.1034E-10 4.6081E-10 5.1451E-10 5.7276E-10 6.3285E-10 6.9734E-10 7.6801E-10 8.4453E-10 9.2162E-10 1.0027E-09 1.0901E-09 1.1828E-09 1.2758E-09 1.3694E-09 1.4690E-09 1.5663E-09 1.6645E-09 1.7630E-09 1.8622E-09 1.9648E-09 2.0613E-09 2.1552E-09 2.2465E-09 2.3342E-09 2.4165E-09 2.4925E-09 2.5620E-09 2.6253E-09 2.6799E-09 2.7274E-09 2.7670E-09 2.7979E-09 2.8353E-09 2.8525E-09 2.8630E-09 2.8698E-09 2.8683E-09 2.8628E-09 2.8529E-09 2.8364E-09 2.8173E-09 2.7926E-09 2.7640E-09 2.7335E-09 2.6965E-09 2.6581E-09
1.0820E-10 1.2336E-10 1.4008E-10 1.5760E-10 1.7692E-10 1.9810E-10 2.2134E-10 2.5334E-10 2.8191E-10 3.2209E-10 3.6566E-10 4.1329E-10 4.7117E-10 5.2453E-10 5.8208E-10 6.4374E-10 7.1395E-10 7.8495E-10 8.5984E-10 9.3910E-10 1.0282E-09 1.1168E-09 1.2086E-09 1.3022E-09 1.4019E-09 1.5003E-09 1.6003E-09 1.7032E-09 1.8046E-09 1.9105E-09 2.0113E-09 2.1106E-09 2.2089E-09 2.3030E-09 2.3930E-09 2.4778E-09 2.5573E-09 2.6301E-09 2.6957E-09 2.7553E-09 2.8050E-09 2.8604E-09 2.8946E-09 2.9192E-09 2.9379E-09 2.9489E-09 2.9536E-09 2.9548E-09 2.9474E-09 2.9364E-09 2.9210E-09 2.8993E-09 2.8755E-09 2.8463E-09 2.8135E-09 2.7789E-09 2.7379E-09
1.1052E-10 1.2597E-10 1.4214E-10 1.6093E-10 1.7970E-10 2.0231E-10 2.2504E-10 2.5497E-10 2.8625E-10 3.2669E-10 3.7064E-10 4.2086E-10 4.7726E-10 5.3176E-10 5.9064E-10 6.5762E-10 7.2576E-10 7.9801E-10 8.7700E-10 9.6129E-10 1.0487E-09 1.1390E-09 1.2350E-09 1.3313E-09 1.4302E-09 1.5320E-09 1.6359E-09 1.7438E-09 1.8481E-09 1.9524E-09 2.0573E-09 2.1595E-09 2.2593E-09 2.3560E-09 2.4487E-09 2.5370E-09 2.6193E-09 2.6959E-09 2.7770E-09 2.8384E-09 2.8927E-09 2.9371E-09 2.9734E-09 3.0016E-09 3.0196E-09 3.0321E-09 3.0366E-09 3.0352E-09 3.0303E-09 3.0177E-09 3.0018E-09 2.9810E-09 2.9542E-09 2.9252E-09 2.8904E-09 2.8527E-09 2.8130E-09
1.1271E-10 1.2845E-10 1.4494E-10 1.6318E-10 1.8419E-10 2.0534E-10 2.2844E-10 2.5362E-10 2.9019E-10 3.3083E-10 3.7479E-10 4.2295E-10 4.8046E-10 5.3823E-10 6.0144E-10 6.6682E-10 7.3668E-10 8.1253E-10 8.9387E-10 9.8006E-10 1.0679E-09 1.1623E-09 1.2578E-09 1.3566E-09 1.4601E-09 1.5638E-09 1.6729E-09 1.7796E-09 1.8878E-09 1.9955E-09 2.1018E-09 2.2064E-09 2.3089E-09 2.4084E-09 2.5046E-09 2.5958E-09 2.6928E-09 2.7719E-09 2.8444E-09 2.9092E-09 2.9650E-09 3.0133E-09 3.0516E-09 3.0814E-09 3.1031E-09 3.1142E-09 3.1211E-09 3.1198E-09 3.1123E-09 3.1012E-09 3.0821E-09 3.0600E-09 3.0332E-09 3.0013E-09 2.9674E-09 2.9276E-09 2.8861E-09
1.1478E-10 1.2989E-10 1.4759E-10 1.6614E-10 1.8663E-10 2.0808E-10 2.3153E-10 2.5708E-10 2.9373E-10 3.3293E-10 3.7333E-10 4.2466E-10 4.8312E-10 5.4531E-10 6.0826E-10 6.7510E-10 7.4986E-10 8.2662E-10 9.1019E-10 9.9571E-10 1.0879E-09 1.1821E-09 1.2807E-09 1.3835E-09 1.4905E-09 1.5972E-09 1.7055E-09 1.8168E-09 1.9267E-09 2.0366E-09 2.1455E-09 2.2529E-09 2.3584E-09 2.4611E-09 2.5596E-09 2.6643E-09 2.7531E-09 2.8360E-09 2.9109E-09 2.9783E-09 3.0377E-09 3.0874E-09 3.1291E-09 3.1610E-09 3.1851E-09 3.2005E-09 3.2044E-09 3.2041E-09 3.1951E-09 3.1813E-09 3.1639E-09 3.1390E-09 3.1121E-09 3.0804E-09 3.0438E-09 3.0058E-09 2.9615E-09
1.1670E-10 1.3208E-10 1.4914E-10 1.6895E-10 1.8879E-10 2.1053E-10 2.3429E-10 2.6019E-10 2.9756E-10 3.3078E-10 3.7708E-10 4.2864E-10 4.8416E-10 5.5010E-10 6.1417E-10 6.8389E-10 7.5872E-10 8.3984E-10 9.2328E-10 1.0127E-09 1.1049E-09 1.2024E-09 1.3040E-09 1.4103E-09 1.5173E-09 1.6276E-09 1.7395E-09 1.8517E-09 1.9645E-09 2.0770E-09 2.1887E-09 2.2997E-09 2.4075E-09 2.5219E-09 2.6238E-09 2.7213E-09 2.8133E-09 2.8984E-09 2.9769E-09 3.0468E-09 3.1083E-09 3.1623E-09 3.2064E-09 3.2411E-09 3.2659E-09 3.2815E-09 3.2895E-09 3.2863E-09 3.2793E-09 3.2644E-09 3.2454E-09 3.2225E-09 3.1925E-09 3.1600E-09 3.1222E-09 3.0805E-09 3.0374E-09
1.1760E-10 1.3411E-10 1.5144E-10 1.7061E-10 1.9068E-10 2.1267E-10 2.3671E-10 2.6364E-10 2.9222E-10 3.3391E-10 3.8025E-10 4.2959E-10 4.8780E-10 5.5154E-10 6.2023E-10 6.9010E-10 7.6898E-10 8.4969E-10 9.3660E-10 1.0270E-09 1.1236E-09 1.2223E-09 1.3273E-09 1.4338E-09 1.5451E-09 1.6572E-09 1.7710E-09 1.8861E-09 2.0015E-09 2.1179E-09 2.2323E-09 2.3531E-09 2.4645E-09 2.5727E-09 2.6774E-09 2.7774E-09 2.8720E-09 2.9606E-09 3.0411E-09 3.1151E-09 3.1804E-09 3.2355E-09 3.2825E-09 3.3180E-09 3.3452E-09 3.3627E-09 3.3715E-09 3.3734E-09 3.3642E-09 3.3512E-09 3.3286E-09 3.3027E-09 3.2729E-09 3.2368E-09 3.1986E-09 3.1555E-09 3.1091E-09
1.1926E-10 1.3506E-10 1.5356E-10 1.7201E-10 1.9228E-10 2.1449E-10 2.3948E-10 2.6604E-10 2.9493E-10 3.3653E-10 3.8283E-10 4.2604E-10 4.8445E-10 5.5228E-10 6.2192E-10 6.9772E-10 7.7582E-10 8.5834E-10 9.4728E-10 1.0421E-09 1.1393E-09 1.2423E-09 1.3476E-09 1.4585E-09 1.5707E-09 1.6854E-09 1.8021E-09 1.9198E-09 2.0391E-09 2.1572E-09 2.2817E-09 2.3981E-09 2.5122E-09 2.6231E-09 2.7302E-09 2.8328E-09 2.9300E-09 3.0211E-09 3.1070E-09 3.1823E-09 3.2497E-09 3.3076E-09 3.3554E-09 3.3951E-09 3.4244E-09 3.4454E-09 3.4563E-09 3.4567E-09 3.4496E-09 3.4326E-09 3.4123E-09 3.3830E-09 3.3511E-09 3.3158E-09 3.2758E-09 3.2338E-09 3.1862E-09
1.2075E-10 1.3677E-10 1.5455E-10 1.7315E-10 1.9358E-10 2.1668E-10 2.4125E-10 2.6805E-10 2.9721E-10 3.3863E-10 3.7601E-10 4.2842E-10 4.8687E-10 5.4987E-10 6.2734E-10 7.0193E-10 7.8144E-10 8.6582E-10 9.5884E-10 1.0540E-09 1.1552E-09 1.2601E-09 1.3691E-09 1.4807E-09 1.5956E-09 1.7130E-09 1.8332E-09 1.9539E-09 2.0750E-09 2.2024E-09 2.3233E-09 2.4425E-09 2.5593E-09 2.6728E-09 2.7825E-09 2.8874E-09 2.9888E-09 3.0826E-09 3.1691E-09 3.2484E-09 3.3175E-09 3.3781E-09 3.4311E-09 3.4728E-09 3.5048E-09 3.5252E-09 3.5363E-09 3.5390E-09 3.5315E-09 3.5167E-09 3.4940E-09 3.4686E-09 3.4341E-09 3.3965E-09 3.3549E-09 3.3083E-09 3.2604E-09
1.2118E-10 1.3830E-10 1.5529E-10 1.7401E-10 1.9508E-10 2.1790E-10 2.4265E-10 2.6965E-10 2.9902E-10 3.4019E-10 3.7786E-10 4.3010E-10 4.8846E-10 5.5412E-10 6.2665E-10 7.0495E-10 7.8550E-10 8.7397E-10 9.6707E-10 1.0645E-09 1.1691E-09 1.2770E-09 1.3880E-09 1.5023E-09 1.6197E-09 1.7408E-09 1.8630E-09 1.9911E-09 2.1160E-09 2.2406E-09 2.3644E-09 2.4864E-09 2.6058E-09 2.7221E-09 2.8350E-09 2.9434E-09 3.0454E-09 3.1414E-09 3.2307E-09 3.3117E-09 3.3871E-09 3.4511E-09 3.5046E-09 3.5481E-09 3.5801E-09 3.6038E-09 3.6161E-09 3.6192E-09 3.6167E-09 3.6023E-09 3.5801E-09 3.5497E-09 3.5158E-09 3.4744E-09 3.4312E-09 3.3839E-09 3.3324E-09
1.2238E-10 1.3872E-10 1.5579E-10 1.7460E-10 1.9602E-10 2.1878E-10 2.4367E-10 2.7082E-10 3.0038E-10 3.3246E-10 3.7909E-10 4.3104E-10 4.8911E-10 5.4812E-10 6.2512E-10 7.0507E-10 7.8995E-10 8.7883E-10 9.7384E-10 1.0745E-09 1.1816E-09 1.2916E-09 1.4056E-09 1.5229E-09 1.6440E-09 1.7670E-09 1.8959E-09 2.0230E-09 2.1507E-09 2.2783E-09 2.4048E-09 2.5296E-09 2.6519E-09 2.7724E-09 2.8873E-09 2.9971E-09 3.1016E-09 3.1996E-09 3.2923E-09 3.3787E-09 3.4537E-09 3.5203E-09 3.5756E-09 3.6210E-09 3.6565E-09 3.6810E-09 3.6985E-09 3.7030E-09 3.6972E-09 3.6848E-09 3.6618E-09 3.6320E-09 3.5950E-09 3.5545E-09 3.5073E-09 3.4604E-09 3.4095E-09
1.2341E-10 1.3891E-10 1.5603E-10 1.7563E-10 1.9646E-10 2.1931E-10 2.4430E-10 2.7157E-10 3.0126E-10 3.3349E-10 3.7969E-10 4.3371E-10 4.8270E-10 5.4868E-10 6.2356E-10 7.0709E-10 7.9187E-10 8.8224E-10 9.7885E-10 1.0830E-09 1.1918E-09 1.3046E-09 1.4222E-09 1.5432E-09 1.6667E-09 1.7955E-09 1.9242E-09 2.0541E-09 2.1849E-09 2.3152E-09 2.4448E-09 2.5723E-09 2.6991E-09 2.8208E-09 2.9380E-09 3.0505E-09 3.1570E-09 3.2611E-09 3.3547E-09 3.4406E-09 3.5189E-09 3.5867E-09 3.6457E-09 3.6948E-09 3.7339E-09 3.7612E-09 3.7758E-09 3.7821E-09 3.7781E-09 3.7637E-09 3.7433E-09 3.7130E-09 3.6781E-09 3.6371E-09 3.5907E-09 3.5382E-09 3.4848E-09
1.2335E-10 1.3887E-10 1.5673E-10 1.7572E-10 1.9659E-10 2.1949E-10 2.4455E-10 2.7189E-10 3.0166E-10 3.3399E-10 3.8209E-10 4.2400E-10 4.8262E-10 5.4881E-10 6.2166E-10 7.0364E-10 7.9238E-10 8.8373E-10 9.8359E-10 1.0891E-09 1.1992E-09 1.3170E-09 1.4372E-09 1.5611E-09 1.6904E-09 1.8202E-09 1.9516E-09 2.0847E-09 2.2182E-09 2.3517E-09 2.4857E-09 2.6164E-09 2.7443E-09 2.8685E-09 2.9886E-09 3.1061E-09 3.2162E-09 3.3188E-09 3.4144E-09 3.5024E-09 3.5819E-09 3.6552E-09 3.7173E-09 3.7683E-09 3.8076E-09 3.8356E-09 3.8542E-09 3.8596E-09 3.8569E-09 3.8456E-09 3.8258E-09 3.7983E-09 3.7612E-09 3.7173E-09 3.6683E-09 3.6157E-09 3.5581E-09
1.2309E-10 1.3909E-10 1.5652E-10 1.7552E-10 1.9641E-10 2.1933E-10 2.4440E-10 2.7178E-10 3.0159E-10 3.3633E-10 3.7166E-10 4.2365E-10 4.8177E-10 5.4760E-10 6.1644E-10 7.0078E-10 7.9233E-10 8.8512E-10 9.8586E-10 1.0935E-09 1.2071E-09 1.3268E-09 1.4502E-09 1.5775E-09 1.7101E-09 1.8435E-09 1.9784E-09 2.1144E-09 2.2511E-09 2.3891E-09 2.5247E-09 2.6583E-09 2.7890E-09 2.9161E-09 3.0422E-09 3.1599E-09 3.2714E-09 3.3763E-09 3.4739E-09 3.5649E-09 3.6483E-09 3.7215E-09 3.7859E-09 3.8377E-09 3.8798E-09 3.9103E-09 3.9289E-09 3.9401E-09 3.9394E-09 3.9280E-09 3.9076E-09 3.8767E-09 3.8411E-09 3.7973E-09 3.7467E-09 3.6921E-09 3.6347E-09
1.2263E-10 1.3886E-10 1.5607E-10 1.7504E-10 1.9591E-10 2.1880E-10 2.4387E-10 2.7123E-10 3.0215E-10 3.3597E-10 3.7134E-10 4.2261E-10 4.8195E-10 5.3658E-10 6.1053E-10 6.9622E-10 7.8814E-10 8.8409E-10 9.8641E-10 1.0956E-09 1.2123E-09 1.3349E-09 1.4615E-09 1.5922E-09 1.7262E-09 1.8654E-09 2.0040E-09 2.1435E-09 2.2849E-09 2.4247E-09 2.5632E-09 2.6998E-09 2.8349E-09 2.9669E-09 3.0925E-09 3.2125E-09 3.3265E-09 3.4335E-09 3.5350E-09 3.6287E-09 3.7118E-09 3.7866E-09 3.8512E-09 3.9074E-09 3.9502E-09 3.9851E-09 4.0092E-09 4.0185E-09 4.0185E-09 4.0066E-09 3.9863E-09 3.9578E-09 3.9188E-09 3.8769E-09 3.8298E-09 3.7744E-09 3.7149E-09
1.2269E-10 1.3821E-10 1.5536E-10 1.7428E-10 1.9509E-10 2.1793E-10 2.4294E-10 2.7024E-10 3.0250E-10 3.3510E-10 3.7043E-10 4.2194E-10 4.6907E-10 5.3429E-10 6.0846E-10 6.9067E-10 7.8128E-10 8.8140E-10 9.8609E-10 1.0965E-09 1.2157E-09 1.3412E-09 1.4710E-09 1.6053E-09 1.7429E-09 1.8859E-09 2.0283E-09 2.1733E-09 2.3168E-09 2.4596E-09 2.6013E-09 2.7433E-09 2.8813E-09 3.0143E-09 3.1424E-09 3.2651E-09 3.3832E-09 3.4939E-09 3.5964E-09 3.6900E-09 3.7752E-09 3.8506E-09 3.9175E-09 3.9755E-09 4.0254E-09 4.0595E-09 4.0830E-09 4.0956E-09 4.0951E-09 4.0855E-09 4.0650E-09 4.0391E-09 4.0051E-09 3.9588E-09 3.9093E-09 3.8534E-09 3.7910E-09
1.2189E-10 1.3733E-10 1.5440E-10 1.7324E-10 1.9396E-10 2.1671E-10 2.4162E-10 2.7126E-10 3.0119E-10 3.3371E-10 3.6984E-10 4.1522E-10 4.6678E-10 5.3169E-10 6.0536E-10 6.8048E-10 7.7503E-10 8.7792E-10 9.8172E-10 1.0955E-09 1.2170E-09 1.3441E-09 1.4786E-09 1.6165E-09 1.7580E-09 1.9048E-09 2.0531E-09 2.2005E-09 2.3478E-09 2.4941E-09 2.6426E-09 2.7857E-09 2.9256E-09 3.0614E-09 3.1924E-09 3.3195E-09 3.4403E-09 3.5521E-09 3.6560E-09 3.7516E-09 3.8380E-09 3.9174E-09 3.9863E-09 4.0461E-09 4.0933E-09 4.1314E-09 4.1562E-09 4.1698E-09 4.1733E-09 4.1672E-09 4.1493E-09 4.1207E-09 4.0836E-09 4.0398E-09 3.9864E-09 3.9306E-09 3.8690E-09
