Assets/Resources/2015_m01_d14_2100(utc+0800)_l00_csi_1hr_conc.grd
DSAA
         159         159
     -79.000      79.000
     -79.000      79.000
  0.0000E+00  0.8874E-05
[rows 50 to 74 of 159, columns 0 to 56 of 159]
5.0793E-11 8.4909E-11 1.2139E-10 1.4540E-10 1.7226E-10 2.1069E-10 2.4194E-10 2.8594E-10 3.2311E-10 3.9337E-10 4.6923E-10 5.5083E-10 6.2924E-10 7.0849E-10 8.0728E-10 9.0549E-10 1.0219E-09 1.1333E-09 1.2654E-09 1.3880E-09 1.5339E-09 1.6801E-09 1.8366E-09 2.0037E-09 2.1720E-09 2.3490E-09 2.5221E-09 2.7120E-09 2.8959E-09 3.0835E-09 3.2829E-09 3.4874E-09 3.6996E-09 3.9168E-09 4.1434E-09 4.3606E-09 4.5756E-09 4.7953E-09 5.0105E-09 5.2321E-09 5.4483E-09 5.6688E-09 5.8878E-09 6.1060E-09 6.3251E-09 6.5454E-09 6.7672E-09 6.9909E-09 7.2194E-09 7.4507E-09 7.6822E-09 7.9183E-09 8.1611E-09 8.4036E-09 8.6462E-09 8.8943E-09 9.1446E-09
4.6188E-11 7.1018E-11 1.1169E-10 1.3575E-10 1.6086E-10 1.9792E-10 2.2742E-10 2.6936E-10 3.0457E-10 3.6412E-10 4.3497E-10 5.1691E-10 5.9085E-10 6.6537E-10 7.5835E-10 8.5043E-10 9.5820E-10 1.0653E-09 1.1878E-09 1.3061E-09 1.4463E-09 1.5769E-09 1.7252E-09 1.8850E-09 2.0479E-09 2.2197E-09 2.3850E-09 2.5669E-09 2.7430E-09 2.9229E-09 3.1145E-09 3.3118E-09 3.5170E-09 3.7280E-09 3.9492E-09 4.1617E-09 4.3725E-09 4.5889E-09 4.8012E-09 5.0213E-09 5.2363E-09 5.4568E-09 5.6766E-09 5.8962E-09 6.1177E-09 6.3413E-09 6.5674E-09 6.7972E-09 7.0330E-09 7.2695E-09 7.5095E-09 7.7563E-09 8.0092E-09 8.2613E-09 8.5176E-09 8.7809E-09 9.0421E-09
4.0489E-11 6.1937E-11 9.8402E-11 1.2648E-10 1.4992E-10 1.8560E-10 2.1355E-10 2.5349E-10 2.8682E-10 3.3657E-10 4.0019E-10 4.7936E-10 5.5432E-10 6.2424E-10 7.1164E-10 7.9815E-10 8.9974E-10 1.0024E-09 1.1160E-09 1.2299E-09 1.3582E-09 1.4840E-09 1.6240E-09 1.7699E-09 1.9274E-09 2.0939E-09 2.2528E-09 2.4268E-09 2.5952E-09 2.7675E-09 2.9513E-09 3.1411E-09 3.3393E-09 3.5438E-09 3.7593E-09 3.9667E-09 4.1728E-09 4.3855E-09 4.5944E-09 4.8122E-09 5.0254E-09 5.2452E-09 5.4650E-09 5.6854E-09 5.9085E-09 6.1345E-09 6.3638E-09 6.5998E-09 6.8398E-09 7.0819E-09 7.3310E-09 7.5851E-09 7.8476E-09 8.1093E-09 8.3794E-09 8.6539E-09 8.9260E-09
3.6352E-11 5.2820E-11 8.6069E-11 1.1742E-10 1.3968E-10 1.7367E-10 2.0033E-10 2.3831E-10 2.6983E-10 3.1330E-10 3.6892E-10 4.4398E-10 5.1948E-10 5.8502E-10 6.6710E-10 7.4828E-10 8.4392E-10 9.4039E-10 1.0498E-09 1.1570E-09 1.2762E-09 1.3973E-09 1.5275E-09 1.6658E-09 1.8098E-09 1.9702E-09 2.1255E-09 2.2917E-09 2.4524E-09 2.6171E-09 2.7932E-09 2.9756E-09 3.1667E-09 3.3643E-09 3.5741E-09 3.7759E-09 3.9768E-09 4.1852E-09 4.3901E-09 4.6052E-09 4.8158E-09 5.0343E-09 5.2534E-09 5.4737E-09 5.6975E-09 5.9250E-09 6.1577E-09 6.3981E-09 6.6407E-09 6.8886E-09 7.1453E-09 7.4046E-09 7.6758E-09 7.9488E-09 8.2285E-09 8.5135E-09 8.7967E-09
3.2513E-11 4.6808E-11 7.2172E-11 1.0886E-10 1.2938E-10 1.6193E-10 1.8773E-10 2.2382E-10 2.5360E-10 2.9499E-10 3.4065E-10 4.0430E-10 4.8645E-10 5.4784E-10 6.2523E-10 6.9912E-10 7.8894E-10 8.8120E-10 9.8433E-10 1.0853E-09 1.1979E-09 1.3121E-09 1.4351E-09 1.5683E-09 1.6998E-09 1.8463E-09 1.9985E-09 2.1615E-09 2.3146E-09 2.4720E-09 2.6406E-09 2.8155E-09 2.9993E-09 3.1899E-09 3.3935E-09 3.5893E-09 3.7847E-09 3.9884E-09 4.1887E-09 4.4004E-09 4.6079E-09 4.8243E-09 5.0419E-09 5.2613E-09 5.4849E-09 5.7131E-09 5.9489E-09 6.1909E-09 6.4361E-09 6.6901E-09 6.9511E-09 7.2156E-09 7.4955E-09 7.7780E-09 8.0647E-09 8.3600E-09 8.6539E-09
2.5419E-11 4.1131E-11 5.9202E-11 9.9473E-11 1.1981E-10 1.5080E-10 1.7564E-10 2.1002E-10 2.3809E-10 2.7739E-10 3.1290E-10 3.7600E-10 4.4878E-10 5.1117E-10 5.8531E-10 6.5418E-10 7.3864E-10 8.2300E-10 9.2208E-10 1.0169E-09 1.1254E-09 1.2306E-09 1.3466E-09 1.4725E-09 1.5966E-09 1.7378E-09 1.8726E-09 2.0348E-09 2.1821E-09 2.3324E-09 2.4917E-09 2.6609E-09 2.8373E-09 3.0205E-09 3.2176E-09 3.4070E-09 3.5965E-09 3.7950E-09 3.9904E-09 4.1981E-09 4.4018E-09 4.6154E-09 4.8308E-09 5.0484E-09 5.2711E-09 5.4994E-09 5.7371E-09 5.9791E-09 6.2270E-09 6.4856E-09 6.7489E-09 7.0183E-09 7.3069E-09 7.5952E-09 7.8890E-09 8.1937E-09 8.4971E-09
1.6592E-11 3.2308E-11 5.1447E-11 8.7407E-11 1.1092E-10 1.3961E-10 1.6353E-10 1.9683E-10 2.2321E-10 2.6044E-10 2.9134E-10 3.4564E-10 4.1446E-10 4.7751E-10 5.4601E-10 6.0968E-10 6.9074E-10 7.6970E-10 8.6470E-10 9.5156E-10 1.0560E-09 1.1549E-09 1.2642E-09 1.3807E-09 1.5000E-09 1.6313E-09 1.7612E-09 1.9076E-09 2.0550E-09 2.1982E-09 2.3486E-09 2.5117E-09 2.6805E-09 2.8563E-09 3.0464E-09 3.2292E-09 3.4124E-09 3.6053E-09 3.7952E-09 3.9985E-09 4.1978E-09 4.4080E-09 4.6203E-09 4.8355E-09 5.0562E-09 5.2846E-09 5.5221E-09 5.7633E-09 6.0140E-09 6.2743E-09 6.5395E-09 6.8133E-09 7.1090E-09 7.4010E-09 7.7014E-09 8.0143E-09 8.3261E-09
1.4823E-11 2.6838E-11 4.0739E-11 7.6198E-11 1.0257E-10 1.2925E-10 1.5202E-10 1.8418E-10 2.0893E-10 2.4417E-10 2.7325E-10 3.1568E-10 3.7637E-10 4.4450E-10 5.1003E-10 5.6957E-10 6.4358E-10 7.1894E-10 8.0808E-10 8.8923E-10 9.8953E-10 1.0804E-09 1.1853E-09 1.2927E-09 1.4075E-09 1.5318E-09 1.6534E-09 1.7925E-09 1.9257E-09 2.0694E-09 2.2098E-09 2.3680E-09 2.5290E-09 2.6972E-09 2.8799E-09 3.0558E-09 3.2324E-09 3.4194E-09 3.6034E-09 3.8017E-09 3.9961E-09 4.2022E-09 4.4108E-09 4.6227E-09 4.8407E-09 5.0685E-09 5.3035E-09 5.5441E-09 5.7965E-09 6.0564E-09 6.3232E-09 6.6013E-09 6.9006E-09 7.1963E-09 7.5020E-09 7.8218E-09 8.1407E-09
9.0269E-12 2.3178E-11 3.3562E-11 6.0002E-11 9.1420E-11 1.1977E-10 1.4028E-10 1.7131E-10 1.9527E-10 2.2857E-10 2.5589E-10 2.8887E-10 3.4539E-10 4.0957E-10 4.7463E-10 5.3137E-10 6.0046E-10 6.6733E-10 7.5047E-10 8.3188E-10 9.2422E-10 1.0093E-09 1.1079E-09 1.2111E-09 1.3193E-09 1.4347E-09 1.5506E-09 1.6825E-09 1.8102E-09 1.9414E-09 2.0795E-09 2.2232E-09 2.3826E-09 2.5431E-09 2.7183E-09 2.8871E-09 3.0569E-09 3.2375E-09 3.4153E-09 3.6081E-09 3.7970E-09 3.9984E-09 4.2026E-09 4.4105E-09 4.6253E-09 4.8513E-09 5.0828E-09 5.3226E-09 5.5748E-09 5.8331E-09 6.1006E-09 6.3816E-09 6.6825E-09 6.9811E-09 7.2908E-09 7.6162E-09 7.9410E-09
4.3772E-12 2.0384E-11 2.8301E-11 4.6626E-11 7.7879E-11 1.0687E-10 1.2930E-10 1.5833E-10 1.8137E-10 2.1362E-10 2.3925E-10 2.7034E-10 3.1726E-10 3.7109E-10 4.4213E-10 4.9384E-10 5.5784E-10 6.2170E-10 6.9951E-10 7.7540E-10 8.6199E-10 9.4362E-10 1.0343E-09 1.1315E-09 1.2334E-09 1.3424E-09 1.4539E-09 1.5776E-09 1.6982E-09 1.8224E-09 1.9528E-09 2.0847E-09 2.2415E-09 2.3940E-09 2.5617E-09 2.7232E-09 2.8859E-09 3.0599E-09 3.2311E-09 3.4180E-09 3.6010E-09 3.7970E-09 3.9962E-09 4.1993E-09 4.4108E-09 4.6330E-09 4.8604E-09 5.0988E-09 5.3484E-09 5.6050E-09 5.8730E-09 6.1545E-09 6.4557E-09 6.7559E-09 7.0683E-09 7.3978E-09 7.7270E-09
0.0000E+00 1.4151E-11 2.5145E-11 3.9516E-11 6.5752E-11 9.7182E-11 1.1564E-10 1.4592E-10 1.6816E-10 1.9932E-10 2.2334E-10 2.5259E-10 2.8760E-10 3.3738E-10 4.1026E-10 4.5832E-10 5.1933E-10 5.7683E-10 6.5106E-10 7.2175E-10 8.0098E-10 8.8123E-10 9.6453E-10 1.0580E-09 1.1518E-09 1.2569E-09 1.3596E-09 1.4775E-09 1.5926E-09 1.7099E-09 1.8316E-09 1.9578E-09 2.0958E-09 2.2502E-09 2.4101E-09 2.5642E-09 2.7197E-09 2.8869E-09 3.0511E-09 3.2317E-09 3.4082E-09 3.5984E-09 3.7919E-09 3.9895E-09 4.1969E-09 4.4139E-09 4.6370E-09 4.8730E-09 5.1186E-09 5.3727E-09 5.6401E-09 5.9195E-09 6.2208E-09 6.5212E-09 6.8348E-09 7.1669E-09 7.4989E-09
0.0000E+00 7.7419E-12 2.2226E-11 3.3592E-11 5.4188E-11 8.9685E-11 1.0466E-10 1.3111E-10 1.5566E-10 1.8483E-10 2.0812E-10 2.3557E-10 2.6519E-10 3.0892E-10 3.7119E-10 4.2571E-10 4.8161E-10 5.3598E-10 6.0215E-10 6.6760E-10 7.4713E-10 8.2036E-10 8.9864E-10 9.8643E-10 1.0746E-09 1.1755E-09 1.2700E-09 1.3822E-09 1.4905E-09 1.6008E-09 1.7155E-09 1.8345E-09 1.9617E-09 2.1116E-09 2.2636E-09 2.4102E-09 2.5584E-09 2.7186E-09 2.8756E-09 3.0495E-09 3.2192E-09 3.4030E-09 3.5902E-09 3.7817E-09 3.9843E-09 4.1951E-09 4.4135E-09 4.6460E-09 4.8864E-09 5.1369E-09 5.4026E-09 5.6783E-09 5.9784E-09 6.2776E-09 6.5908E-09 6.9241E-09 7.2573E-09
0.0000E+00 3.6322E-12 1.8867E-11 2.8092E-11 4.3555E-11 7.8605E-11 9.6652E-11 1.1897E-10 1.3943E-10 1.6608E-10 1.9357E-10 2.1934E-10 2.4705E-10 2.8136E-10 3.3576E-10 3.9386E-10 4.4708E-10 4.9596E-10 5.5922E-10 6.2018E-10 6.9453E-10 7.6299E-10 8.3828E-10 9.1876E-10 1.0015E-09 1.0962E-09 1.1849E-09 1.2926E-09 1.3930E-09 1.4981E-09 1.6059E-09 1.7180E-09 1.8322E-09 1.9649E-09 2.1225E-09 2.2616E-09 2.4023E-09 2.5552E-09 2.7049E-09 2.8717E-09 3.0342E-09 3.2112E-09 3.3917E-09 3.5765E-09 3.7735E-09 3.9775E-09 4.1909E-09 4.4180E-09 4.6527E-09 4.8991E-09 5.1611E-09 5.4317E-09 5.7293E-09 6.0257E-09 6.3370E-09 6.6699E-09 7.0027E-09
0.0000E+00 0.0000E+00 1.2622E-11 2.2807E-11 3.7394E-11 6.7230E-11 8.9866E-11 1.0921E-10 1.2670E-10 1.5043E-10 1.7411E-10 2.0300E-10 2.2972E-10 2.5346E-10 3.0506E-10 3.5957E-10 4.1357E-10 4.5902E-10 5.1748E-10 5.7394E-10 6.4506E-10 7.0717E-10 7.8120E-10 8.5482E-10 9.3414E-10 1.0211E-09 1.1062E-09 1.2073E-09 1.3003E-09 1.3987E-09 1.4999E-09 1.6065E-09 1.7140E-09 1.8307E-09 1.9864E-09 2.1183E-09 2.2516E-09 2.3971E-09 2.5392E-09 2.6987E-09 2.8538E-09 3.0235E-09 3.1967E-09 3.3746E-09 3.5652E-09 3.7618E-09 3.9694E-09 4.1898E-09 4.4181E-09 4.6596E-09 4.9160E-09 5.1807E-09 5.4744E-09 5.7667E-09 6.0745E-09 6.4053E-09 6.7360E-09
0.0000E+00 0.0000E+00 7.2587E-12 2.1215E-11 3.0607E-11 5.5719E-11 8.3495E-11 1.0145E-10 1.1565E-10 1.3756E-10 1.5783E-10 1.8376E-10 2.1238E-10 2.3556E-10 2.7833E-10 3.2452E-10 3.8213E-10 4.2433E-10 4.7837E-10 5.3086E-10 5.9540E-10 6.5811E-10 7.2557E-10 7.9449E-10 8.7038E-10 9.5004E-10 1.0314E-09 1.1243E-09 1.2122E-09 1.3042E-09 1.4003E-09 1.4989E-09 1.5996E-09 1.7036E-09 1.8413E-09 1.9805E-09 2.1064E-09 2.2443E-09 2.3788E-09 2.5309E-09 2.6781E-09 2.8404E-09 3.0060E-09 3.1764E-09 3.3600E-09 3.5488E-09 3.7498E-09 3.9624E-09 4.1836E-09 4.4191E-09 4.6681E-09 4.9264E-09 5.2147E-09 5.5013E-09 5.8042E-09 6.1312E-09 6.4582E-09
0.0000E+00 0.0000E+00 3.4521E-12 1.7566E-11 2.5461E-11 4.4055E-11 7.4041E-11 9.4163E-11 1.0744E-10 1.2704E-10 1.4438E-10 1.6675E-10 1.9252E-10 2.1816E-10 2.4757E-10 2.9242E-10 3.5275E-10 3.9292E-10 4.4308E-10 4.9041E-10 5.5203E-10 6.1029E-10 6.7321E-10 7.3931E-10 8.0670E-10 8.8287E-10 9.5863E-10 1.0438E-09 1.1285E-09 1.2144E-09 1.3042E-09 1.3964E-09 1.4921E-09 1.5895E-09 1.7051E-09 1.8466E-09 1.9668E-09 2.0973E-09 2.2241E-09 2.3685E-09 2.5079E-09 2.6624E-09 2.8201E-09 2.9827E-09 3.1585E-09 3.3391E-09 3.5328E-09 3.7369E-09 3.9502E-09 4.1786E-09 4.4191E-09 4.6698E-09 4.9513E-09 5.2310E-09 5.5274E-09 5.8490E-09 6.1709E-09
0.0000E+00 0.0000E+00 0.0000E+00 1.5240E-11 2.1550E-11 3.5996E-11 6.2132E-11 8.7325E-11 9.9739E-11 1.1792E-10 1.3267E-10 1.5261E-10 1.7570E-10 1.9858E-10 2.2763E-10 2.6378E-10 3.1735E-10 3.6157E-10 4.0829E-10 4.5272E-10 5.0850E-10 5.6383E-10 6.2240E-10 6.8721E-10 7.4664E-10 8.2117E-10 8.8991E-10 9.7141E-10 1.0503E-09 1.1294E-09 1.2142E-09 1.3003E-09 1.3897E-09 1.4807E-09 1.5812E-09 1.7044E-09 1.8324E-09 1.9562E-09 2.0753E-09 2.2119E-09 2.3434E-09 2.4899E-09 2.6396E-09 2.7940E-09 2.9615E-09 3.1336E-09 3.3193E-09 3.5143E-09 3.7187E-09 3.9391E-09 4.1703E-09 4.4121E-09 4.6857E-09 4.9570E-09 5.2457E-09 5.5605E-09 5.8754E-09
0.0000E+00 0.0000E+00 0.0000E+00 6.8583E-12 2.0036E-11 2.9635E-11 4.6088E-11 7.8006E-11 9.0578E-11 1.0935E-10 1.2315E-10 1.4101E-10 1.6086E-10 1.8142E-10 2.0886E-10 2.3500E-10 2.8364E-10 3.3358E-10 3.7774E-10 4.1745E-10 4.6928E-10 5.2044E-10 5.7784E-10 6.3654E-10 6.9354E-10 7.6120E-10 8.2340E-10 9.0292E-10 9.7273E-10 1.0489E-09 1.1268E-09 1.2080E-09 1.2912E-09 1.3761E-09 1.4717E-09 1.5726E-09 1.7007E-09 1.8207E-09 1.9326E-09 2.0615E-09 2.1850E-09 2.3235E-09 2.4649E-09 2.6109E-09 2.7697E-09 2.9329E-09 3.1099E-09 3.2954E-09 3.4903E-09 3.7018E-09 3.9227E-09 4.1548E-09 4.4193E-09 4.6811E-09 4.9606E-09 5.2672E-09 5.5740E-09
0.0000E+00 0.0000E+00 0.0000E+00 3.2505E-12 1.6561E-11 2.4750E-11 3.9009E-11 6.7348E-11 8.1018E-11 9.8598E-11 1.1122E-10 1.3015E-10 1.4856E-10 1.6615E-10 1.9092E-10 2.1126E-10 2.5312E-10 3.0123E-10 3.4608E-10 3.8434E-10 4.3246E-10 4.7852E-10 5.3303E-10 5.8747E-10 6.4348E-10 7.0317E-10 7.6427E-10 8.3655E-10 9.0145E-10 9.7296E-10 1.0452E-09 1.1208E-09 1.1981E-09 1.2783E-09 1.3679E-09 1.4549E-09 1.5665E-09 1.6888E-09 1.7961E-09 1.9175E-09 2.0332E-09 2.1636E-09 2.2966E-09 2.4340E-09 2.5839E-09 2.7378E-09 2.9057E-09 3.0811E-09 3.2660E-09 3.4677E-09 3.6778E-09 3.8992E-09 4.1536E-09 4.4049E-09 4.6743E-09 4.9713E-09 5.2683E-09
0.0000E+00 0.0000E+00 0.0000E+00 0.0000E+00 1.4361E-11 2.0193E-11 3.1655E-11 5.2432E-11 7.5249E-11 8.7624E-11 1.0033E-10 1.1779E-10 1.3226E-10 1.4818E-10 1.7416E-10 1.9532E-10 2.2734E-10 2.6514E-10 3.1760E-10 3.5300E-10 3.9592E-10 4.3997E-10 4.9087E-10 5.4302E-10 5.9638E-10 6.5040E-10 7.0857E-10 7.7250E-10 8.3607E-10 9.0238E-10 9.6848E-10 1.0396E-09 1.1114E-09 1.1859E-09 1.2696E-09 1.3507E-09 1.4435E-09 1.5604E-09 1.6637E-09 1.7801E-09 1.8881E-09 2.0104E-09 2.1351E-09 2.2637E-09 2.4045E-09 2.5490E-09 2.7073E-09 2.8726E-09 3.0469E-09 3.2381E-09 3.4370E-09 3.6471E-09 3.8903E-09 4.1304E-09 4.3884E-09 4.6748E-09 4.9611E-09
0.0000E+00 0.0000E+00 0.0000E+00 0.0000E+00 6.4264E-12 1.8770E-11 2.5885E-11 4.0107E-11 6.8245E-11 7.8790E-11 8.9244E-11 1.0438E-10 1.1885E-10 1.3596E-10 1.5670E-10 1.7462E-10 2.0101E-10 2.3810E-10 2.8879E-10 3.2309E-10 3.6423E-10 4.0372E-10 4.4922E-10 5.0178E-10 5.4935E-10 6.0242E-10 6.5470E-10 7.1415E-10 7.7456E-10 8.3271E-10 8.9530E-10 9.6109E-10 1.0286E-09 1.0975E-09 1.1768E-09 1.2523E-09 1.3292E-09 1.4379E-09 1.5357E-09 1.6473E-09 1.7501E-09 1.8645E-09 1.9807E-09 2.1007E-09 2.2324E-09 2.3675E-09 2.5159E-09 2.6708E-09 2.8345E-09 3.0147E-09 3.2019E-09 3.4003E-09 3.6320E-09 3.8597E-09 4.1057E-09 4.3802E-09 4.6543E-09
0.0000E+00 0.0000E+00 0.0000E+00 0.0000E+00 0.0000E+00 1.5493E-11 2.1243E-11 3.2586E-11 5.8769E-11 7.0744E-11 8.2174E-11 9.3481E-11 1.0546E-10 1.2044E-10 1.3899E-10 1.5584E-10 1.8316E-10 2.0975E-10 2.5003E-10 2.9597E-10 3.3261E-10 3.6811E-10 4.1146E-10 4.5891E-10 5.0343E-10 5.5742E-10 6.0140E-10 6.6100E-10 7.1370E-10 7.6918E-10 8.2862E-10 8.8843E-10 9.5085E-10 1.0145E-09 1.0881E-09 1.1594E-09 1.2310E-09 1.3198E-09 1.4135E-09 1.5193E-09 1.6179E-09 1.7261E-09 1.8342E-09 1.9456E-09 2.0683E-09 2.1940E-09 2.3324E-09 2.4770E-09 2.6300E-09 2.7989E-09 2.9744E-09 3.1609E-09 3.3799E-09 3.5954E-09 3.8283E-09 4.0900E-09 4.3515E-09
0.0000E+00 0.0000E+00 0.0000E+00 0.0000E+00 0.0000E+00 9.4988E-12 1.8791E-11 2.7685E-11 4.2734E-11 6.5838E-11 7.4814E-11 8.4394E-11 9.4545E-11 1.0837E-10 1.2248E-10 1.4164E-10 1.6413E-10 1.7994E-10 2.2107E-10 2.6460E-10 2.9928E-10 3.3814E-10 3.7515E-10 4.1976E-10 4.6343E-10 5.1124E-10 5.5526E-10 6.1123E-10 6.5698E-10 7.1122E-10 7.6452E-10 8.1951E-10 8.7796E-10 9.3772E-10 1.0061E-09 1.0722E-09 1.1386E-09 1.2164E-09 1.2997E-09 1.3971E-09 1.4899E-09 1.5955E-09 1.6957E-09 1.7988E-09 1.9127E-09 2.0292E-09 2.1578E-09 2.2924E-09 2.4345E-09 2.5921E-09 2.7560E-09 2.9301E-09 3.1369E-09 3.3388E-09 3.5589E-09 3.8069E-09 4.0543E-09
0.0000E+00 0.0000E+00 0.0000E+00 0.0000E+00 0.0000E+00 3.0397E-12 1.6500E-11 2.2136E-11 3.5218E-11 6.1253E-11 6.9672E-11 7.8670E-11 8.8219E-11 9.8283E-11 1.0882E-10 1.2445E-10 1.4559E-10 1.6113E-10 1.9611E-10 2.2484E-10 2.7206E-10 3.0225E-10 3.3691E-10 3.8314E-10 4.2402E-10 4.6634E-10 5.0996E-10 5.5831E-10 6.0670E-10 6.5704E-10 7.0322E-10 7.5606E-10 8.0886E-10 8.6382E-10 9.2821E-10 9.9046E-10 1.0520E-09 1.1219E-09 1.1924E-09 1.2839E-09 1.3676E-09 1.4697E-09 1.5655E-09 1.6605E-09 1.7658E-09 1.8738E-09 1.9924E-09 2.1174E-09 2.2492E-09 2.3952E-09 2.5478E-09 2.7099E-09 2.9035E-09 3.0927E-09 3.2987E-09 3.5325E-09 3.7658E-09
0.0000E+00 0.0000E+00 0.0000E+00 0.0000E+00 0.0000E+00 0.0000E+00 1.4400E-11 1.8697E-11 2.8317E-11 4.7259E-11 6.4863E-11 7.3313E-11 8.2292E-11 9.1770E-11 1.0171E-10 1.1267E-10 1.2827E-10 1.4589E-10 1.6781E-10 2.0011E-10 2.4723E-10 2.7379E-10 3.0274E-10 3.4233E-10 3.8152E-10 4.2974E-10 4.6879E-10 5.1205E-10 5.5701E-10 5.9964E-10 6.4897E-10 6.9774E-10 7.4546E-10 7.9697E-10 8.5557E-10 9.1306E-10 9.7112E-10 1.0361E-09 1.0970E-09 1.1785E-09 1.2548E-09 1.3472E-09 1.4433E-09 1.5309E-09 1.6279E-09 1.7277E-09 1.8367E-09 1.9528E-09 2.0742E-09 2.2092E-09 2.3508E-09 2.5007E-09 2.6819E-09 2.8573E-09 3.0497E-09 3.2690E-09 3.4870E-09
