Assets/Resources/2015_m01_d02_0100(utc+0800)_l00_csi_1hr_conc.grd
DSAA
         159         159
     -79.000      79.000
     -79.000      79.000
  0.0000E+00  0.6645E-05
[rows 75 to 99 of 159, columns 57 to 113 of 159]
0.0000E+00 0.0000E+00 0.0000E+00 0.0000E+00 0.0000E+00 0.0000E+00 0.0000E+00 0.0000E+00 0.0000E+00 0.0000E+00 0.0000E+00 0.0000E+00 0.0000E+00 0.0000E+00 0.0000E+00 0.0000E+00 0.0000E+00 0.0000E+00 0.0000E+00 0.0000E+00 0.0000E+00 2.3863E-13 3.4720E-12 1.1976E-11 2.6037E-11 4.6252E-11 7.1632E-11 1.0037E-10 1.3211E-10 1.6689E-10 2.0394E-10 2.4311E-10 2.8409E-10 3.4520E-10 3.9016E-10 4.5751E-10 5.1163E-10 5.9079E-10 6.5734E-10 7.4757E-10 8.2956E-10 9.3462E-10 1.0235E-09 1.1179E-09 1.2547E-09 1.3535E-09 1.4675E-09 1.5660E-09 1.6612E-09 1.7781E-09 1.8677E-09 1.9526E-09 2.0331E-09 2.1087E-09 2.1788E-09 2.2432E-09 2.2770E-09
0.0000E+00 0.0000E+00 0.0000E+00 0.0000E+00 0.0000E+00 0.0000E+00 0.0000E+00 0.0000E+00 0.0000E+00 0.0000E+00 0.0000E+00 0.0000E+00 0.0000E+00 0.0000E+00 0.0000E+00 0.0000E+00 0.0000E+00 0.0000E+00 0.0000E+00 0.0000E+00 9.7695E-14 2.7076E-12 1.0815E-11 2.4949E-11 4.5086E-11 7.1119E-11 1.0079E-10 1.3389E-10 1.6981E-10 2.0909E-10 2.4989E-10 2.9207E-10 3.5653E-10 4.2280E-10 4.7685E-10 5.5405E-10 6.2049E-10 7.1220E-10 7.9503E-10 8.9971E-10 9.9867E-10 1.1401E-09 1.2521E-09 1.3621E-09 1.5157E-09 1.6303E-09 1.7471E-09 1.8839E-09 1.9959E-09 2.1036E-09 2.2063E-09 2.3039E-09 2.3957E-09 2.5033E-09 2.5818E-09 2.6527E-09 2.6934E-09
0.0000E+00 0.0000E+00 0.0000E+00 0.0000E+00 0.0000E+00 0.0000E+00 0.0000E+00 0.0000E+00 0.0000E+00 0.0000E+00 0.0000E+00 0.0000E+00 0.0000E+00 0.0000E+00 0.0000E+00 0.0000E+00 0.0000E+00 0.0000E+00 0.0000E+00 0.0000E+00 1.8804E-12 9.0925E-12 2.2892E-11 4.2755E-11 6.8783E-11 9.9240E-11 1.3331E-10 1.7064E-10 2.1149E-10 2.5394E-10 3.1665E-10 3.6460E-10 4.3489E-10 4.9183E-10 5.7521E-10 6.6445E-10 7.4773E-10 8.5282E-10 9.5137E-10 1.1027E-09 1.2194E-09 1.3810E-09 1.5118E-09 1.6437E-09 1.8014E-09 1.9375E-09 2.0725E-09 2.2268E-09 2.3565E-09 2.4809E-09 2.5997E-09 2.7339E-09 2.8395E-09 2.9365E-09 3.0243E-09 3.1025E-09 3.1708E-09
0.0000E+00 0.0000E+00 0.0000E+00 0.0000E+00 0.0000E+00 0.0000E+00 0.0000E+00 0.0000E+00 0.0000E+00 0.0000E+00 0.0000E+00 0.0000E+00 0.0000E+00 0.0000E+00 0.0000E+00 0.0000E+00 0.0000E+00 0.0000E+00 0.0000E+00 1.1014E-12 6.6794E-12 1.9832E-11 3.9590E-11 6.5095E-11 9.5748E-11 1.3054E-10 1.6893E-10 2.1101E-10 2.5503E-10 3.1957E-10 3.6934E-10 4.4320E-10 5.2100E-10 5.9100E-10 6.8763E-10 7.7598E-10 8.9216E-10 1.0254E-09 1.1607E-09 1.3332E-09 1.4738E-09 1.6433E-09 1.7964E-09 1.9514E-09 2.1315E-09 2.2895E-09 2.4675E-09 2.6226E-09 2.7731E-09 2.9176E-09 3.0764E-09 3.2067E-09 3.3272E-09 3.4369E-09 3.5549E-09 3.6415E-09 3.7155E-09
0.0000E+00 0.0000E+00 0.0000E+00 0.0000E+00 0.0000E+00 0.0000E+00 0.0000E+00 0.0000E+00 0.0000E+00 0.0000E+00 0.0000E+00 0.0000E+00 0.0000E+00 0.0000E+00 0.0000E+00 0.0000E+00 0.0000E+00 0.0000E+00 2.9222E-13 4.3305E-12 1.6516E-11 3.5389E-11 5.9858E-11 9.0363E-11 1.2553E-10 1.6487E-10 2.0794E-10 2.5312E-10 3.1917E-10 3.8884E-10 4.4671E-10 5.2848E-10 6.0235E-10 7.0488E-10 8.1624E-10 9.4704E-10 1.0837E-09 1.2405E-09 1.4025E-09 1.5820E-09 1.7490E-09 1.9443E-09 2.1223E-09 2.3033E-09 2.5090E-09 2.6936E-09 2.8977E-09 3.0785E-09 3.2533E-09 3.4412E-09 3.6015E-09 3.7511E-09 3.8886E-09 4.0127E-09 4.1224E-09 4.2170E-09 4.2961E-09
0.0000E+00 0.0000E+00 0.0000E+00 0.0000E+00 0.0000E+00 0.0000E+00 0.0000E+00 0.0000E+00 0.0000E+00 0.0000E+00 0.0000E+00 0.0000E+00 0.0000E+00 0.0000E+00 0.0000E+00 0.0000E+00 0.0000E+00 0.0000E+00 2.9072E-12 1.2815E-11 3.0089E-11 5.3438E-11 8.3133E-11 6.6450E-06 1.5833E-10 2.0215E-10 2.4831E-10 3.1549E-10 3.8680E-10 4.4677E-10 5.3177E-10 6.2615E-10 7.1560E-10 8.3266E-10 9.7139E-10 1.1183E-09 1.3036E-09 1.4857E-09 1.6591E-09 1.8660E-09 2.0616E-09 2.2851E-09 2.4937E-09 2.7055E-09 2.9414E-09 3.1577E-09 3.3913E-09 3.6012E-09 3.8045E-09 3.9989E-09 4.1823E-09 4.3526E-09 4.5081E-09 4.6470E-09 4.7684E-09 4.8714E-09 4.9555E-09
0.0000E+00 0.0000E+00 0.0000E+00 0.0000E+00 0.0000E+00 0.0000E+00 0.0000E+00 0.0000E+00 0.0000E+00 0.0000E+00 0.0000E+00 0.0000E+00 0.0000E+00 0.0000E+00 0.0000E+00 0.0000E+00 0.0000E+00 1.6933E-12 8.9120E-12 2.4089E-11 4.6099E-11 7.4609E-11 1.0952E-10 2.4632E-06 2.0056E-06 2.4085E-10 3.0861E-10 3.8091E-10 4.4248E-10 5.2986E-10 6.2489E-10 7.1787E-10 8.4064E-10 1.0034E-09 1.1681E-09 1.3425E-09 1.5382E-09 1.7239E-09 1.9499E-09 2.1883E-09 2.4184E-09 2.6728E-09 2.9159E-09 3.1642E-09 3.4348E-09 3.6865E-09 3.9344E-09 4.1766E-09 4.4105E-09 4.6334E-09 4.8428E-09 5.0362E-09 5.2115E-09 5.3669E-09 5.5009E-09 5.6125E-09 5.7012E-09
0.0000E+00 0.0000E+00 0.0000E+00 0.0000E+00 0.0000E+00 0.0000E+00 0.0000E+00 0.0000E+00 0.0000E+00 0.0000E+00 0.0000E+00 0.0000E+00 0.0000E+00 0.0000E+00 0.0000E+00 0.0000E+00 5.0930E-13 4.9983E-12 1.7571E-11 3.8227E-11 6.5139E-11 9.8755E-11 1.3834E-10 2.9136E-08 2.5772E-06 8.8613E-07 3.7126E-10 4.3391E-10 5.2212E-10 6.1984E-10 7.1482E-10 8.6558E-10 1.0104E-09 1.1829E-09 1.3883E-09 1.5744E-09 1.7980E-09 2.0175E-09 2.2775E-09 2.5315E-09 2.8166E-09 3.0903E-09 3.3933E-09 3.6824E-09 3.9740E-09 4.2642E-09 4.5497E-09 4.8283E-09 5.0967E-09 5.3517E-09 5.5902E-09 5.8094E-09 6.0068E-09 6.1801E-09 6.3276E-09 6.4482E-09 6.5411E-09
0.0000E+00 0.0000E+00 0.0000E+00 0.0000E+00 0.0000E+00 0.0000E+00 0.0000E+00 0.0000E+00 0.0000E+00 0.0000E+00 0.0000E+00 0.0000E+00 0.0000E+00 0.0000E+00 0.0000E+00 0.0000E+00 2.7194E-12 1.2437E-11 3.0307E-11 5.5024E-11 8.7037E-11 1.2567E-10 1.6988E-10 2.1730E-10 2.2476E-06 3.3992E-06 4.5152E-07 5.1020E-10 6.0914E-10 7.0550E-10 8.5821E-10 1.0070E-09 1.2014E-09 1.3971E-09 1.5960E-09 1.8350E-09 2.0905E-09 2.3494E-09 2.6468E-09 2.9393E-09 3.2665E-09 3.5851E-09 3.9130E-09 4.2463E-09 4.5818E-09 4.9147E-09 5.2430E-09 5.5627E-09 5.8699E-09 6.1608E-09 6.4318E-09 6.6797E-09 6.9014E-09 7.0942E-09 7.2562E-09 7.3862E-09 7.4872E-09
0.0000E+00 0.0000E+00 0.0000E+00 0.0000E+00 0.0000E+00 0.0000E+00 0.0000E+00 0.0000E+00 0.0000E+00 0.0000E+00 0.0000E+00 0.0000E+00 0.0000E+00 0.0000E+00 0.0000E+00 1.1430E-12 7.2965E-12 2.1685E-11 4.4431E-11 7.4040E-11 1.1088E-10 1.5421E-10 2.0176E-10 2.5109E-10 6.2902E-07 1.9826E-06 3.0002E-06 2.4298E-07 6.8714E-10 8.4068E-10 9.9177E-10 1.1884E-09 1.3946E-09 1.6025E-09 1.8525E-09 2.1231E-09 2.3967E-09 2.7159E-09 3.0545E-09 3.3944E-09 3.7482E-09 4.1151E-09 4.4926E-09 4.8763E-09 5.2610E-09 5.6434E-09 6.0197E-09 6.3854E-09 6.7361E-09 7.0671E-09 7.3742E-09 7.6537E-09 7.9021E-09 8.1163E-09 8.2947E-09 8.4378E-09 8.5418E-09
0.0000E+00 0.0000E+00 0.0000E+00 0.0000E+00 0.0000E+00 0.0000E+00 0.0000E+00 0.0000E+00 0.0000E+00 0.0000E+00 0.0000E+00 0.0000E+00 0.0000E+00 0.0000E+00 0.0000E+00 3.2930E-12 1.4340E-11 3.3869E-11 6.0540E-11 9.5157E-11 1.3686E-10 1.8412E-10 2.3405E-10 3.0634E-10 8.9602E-09 2.0699E-06 1.8080E-06 2.0014E-06 1.3052E-07 9.6957E-10 1.1674E-09 1.3775E-09 1.5905E-09 1.8501E-09 2.1333E-09 2.4228E-09 2.7582E-09 3.1218E-09 3.4914E-09 3.8797E-09 4.2856E-09 4.7060E-09 5.1380E-09 5.5773E-09 6.0171E-09 6.4548E-09 6.8847E-09 7.3018E-09 7.7006E-09 8.0761E-09 8.4232E-09 8.7376E-09 9.0153E-09 9.2542E-09 9.4513E-09 9.6040E-09 9.7178E-09
0.0000E+00 0.0000E+00 0.0000E+00 0.0000E+00 0.0000E+00 0.0000E+00 0.0000E+00 0.0000E+00 0.0000E+00 0.0000E+00 0.0000E+00 0.0000E+00 0.0000E+00 0.0000E+00 1.3066E-12 8.1799E-12 2.3571E-11 4.7469E-11 7.9144E-11 1.1828E-10 1.6475E-10 2.1474E-10 2.8537E-10 3.6206E-10 4.4754E-10 8.6039E-07 1.8517E-06 1.6981E-06 1.1547E-06 6.5717E-08 1.3418E-09 1.5572E-09 1.8248E-09 2.1201E-09 2.4419E-09 2.7739E-09 3.1546E-09 3.5504E-09 3.9703E-09 4.4127E-09 4.8758E-09 5.3562E-09 5.8507E-09 6.3513E-09 6.8534E-09 7.3524E-09 7.8418E-09 8.3157E-09 8.7679E-09 9.1925E-09 9.5836E-09 9.9362E-09 1.0247E-08 1.0512E-08 1.0727E-08 1.0896E-08 1.1013E-08
0.0000E+00 0.0000E+00 0.0000E+00 0.0000E+00 0.0000E+00 0.0000E+00 0.0000E+00 0.0000E+00 0.0000E+00 0.0000E+00 0.0000E+00 0.0000E+00 0.0000E+00 0.0000E+00 3.3629E-12 1.4777E-11 3.4759E-11 6.2796E-11 9.8932E-11 1.4325E-10 1.9240E-10 2.4356E-10 3.1920E-10 4.0302E-10 4.9736E-10 1.4024E-08 1.7542E-06 1.6695E-06 1.4880E-06 5.7571E-07 2.4242E-08 1.7826E-09 2.0830E-09 2.4131E-09 2.7576E-09 3.1560E-09 3.5696E-09 4.0196E-09 4.4962E-09 4.9986E-09 5.5249E-09 6.0710E-09 6.6317E-09 7.2006E-09 7.7718E-09 8.3384E-09 8.8936E-09 9.4300E-09 9.9409E-09 1.0427E-08 1.0877E-08 1.1283E-08 1.1631E-08 1.1924E-08 1.2158E-08 1.2331E-08 1.2446E-08
0.0000E+00 0.0000E+00 0.0000E+00 0.0000E+00 0.0000E+00 0.0000E+00 0.0000E+00 0.0000E+00 0.0000E+00 0.0000E+00 0.0000E+00 0.0000E+00 0.0000E+00 9.5706E-13 7.5185E-12 2.2855E-11 4.7331E-11 7.9653E-11 1.2061E-10 1.6840E-10 2.1986E-10 2.9300E-10 3.7344E-10 4.6411E-10 5.6711E-10 6.8431E-10 3.8548E-07 1.8657E-06 1.5357E-06 1.1267E-06 1.9754E-07 2.8462E-09 2.3707E-09 2.7122E-09 3.1233E-09 3.5507E-09 4.0190E-09 4.5266E-09 5.0651E-09 5.6333E-09 6.2292E-09 6.8476E-09 7.4867E-09 8.1397E-09 8.7977E-09 9.4542E-09 1.0108E-08 1.0736E-08 1.1333E-08 1.1890E-08 1.2393E-08 1.2838E-08 1.3222E-08 1.3538E-08 1.3777E-08 1.3951E-08 1.4050E-08
0.0000E+00 0.0000E+00 0.0000E+00 0.0000E+00 0.0000E+00 0.0000E+00 0.0000E+00 0.0000E+00 0.0000E+00 0.0000E+00 0.0000E+00 0.0000E+00 0.0000E+00 2.6753E-12 1.3500E-11 3.2868E-11 6.1110E-11 9.8046E-11 1.4364E-10 1.9418E-10 2.4641E-10 3.2408E-10 4.1124E-10 5.1049E-10 6.2393E-10 7.5351E-10 2.6524E-08 9.7529E-07 1.7501E-06 1.3695E-06 5.6001E-07 3.0159E-08 3.2859E-09 3.3232E-09 3.5762E-09 3.9745E-09 4.5042E-09 5.0734E-09 5.6798E-09 6.3269E-09 7.0130E-09 7.7408E-09 8.5096E-09 9.2991E-09 1.0072E-08 1.0844E-08 1.1592E-08 1.2307E-08 1.2979E-08 1.3593E-08 1.4145E-08 1.4633E-08 1.5040E-08 1.5365E-08 1.5610E-08 1.5770E-08 1.5841E-08
0.0000E+00 0.0000E+00 0.0000E+00 0.0000E+00 0.0000E+00 0.0000E+00 0.0000E+00 0.0000E+00 0.0000E+00 0.0000E+00 0.0000E+00 0.0000E+00 9.7338E-14 5.7502E-12 2.0071E-11 4.3727E-11 7.6077E-11 1.1751E-10 1.6611E-10 2.1830E-10 2.9272E-10 3.7528E-10 4.6925E-10 5.7694E-10 7.0062E-10 8.7791E-10 1.2376E-09 2.0660E-07 1.3726E-06 1.6068E-06 9.7682E-07 1.5555E-07 7.1099E-09 5.8421E-09 5.4791E-09 5.4552E-09 5.5282E-09 5.7487E-09 6.4771E-09 7.2737E-09 8.1379E-09 9.0209E-09 9.9092E-09 1.0812E-08 1.1710E-08 1.2588E-08 1.3438E-08 1.4246E-08 1.4980E-08 1.5641E-08 1.6225E-08 1.6732E-08 1.7128E-08 1.7440E-08 1.7681E-08 1.7801E-08 1.7834E-08
0.0000E+00 0.0000E+00 0.0000E+00 0.0000E+00 0.0000E+00 0.0000E+00 0.0000E+00 0.0000E+00 0.0000E+00 0.0000E+00 0.0000E+00 0.0000E+00 1.5267E-12 1.0098E-11 2.8416E-11 5.5873E-11 9.2015E-11 1.3795E-10 1.8882E-10 2.4209E-10 3.2055E-10 4.0908E-10 5.1090E-10 6.2841E-10 7.6375E-10 1.0157E-09 1.6698E-09 2.6890E-08 5.4818E-07 1.5471E-06 1.3985E-06 4.6821E-07 4.3000E-08 1.2545E-08 1.0918E-08 9.2343E-09 8.7730E-09 8.5678E-09 8.6420E-09 9.0017E-09 9.6933E-09 1.0756E-08 1.1831E-08 1.2882E-08 1.3822E-08 1.4761E-08 1.5705E-08 1.6548E-08 1.7375E-08 1.8113E-08 1.8737E-08 1.9219E-08 1.9584E-08 1.9881E-08 2.0011E-08 2.0055E-08 2.0038E-08
0.0000E+00 0.0000E+00 0.0000E+00 0.0000E+00 0.0000E+00 0.0000E+00 0.0000E+00 0.0000E+00 0.0000E+00 0.0000E+00 0.0000E+00 0.0000E+00 3.1614E-12 1.5587E-11 3.7572E-11 6.8565E-11 1.0910E-10 1.5761E-10 2.0994E-10 2.8461E-10 3.6756E-10 4.6249E-10 5.7220E-10 6.9922E-10 8.7544E-10 1.2799E-09 2.5307E-09 7.2130E-09 1.5226E-07 8.0593E-07 1.5283E-06 9.8655E-07 2.2901E-07 4.5446E-08 2.4550E-08 1.9371E-08 1.6042E-08 1.4415E-08 1.3357E-08 1.2991E-08 1.3191E-08 1.3612E-08 1.4195E-08 1.5445E-08 1.6646E-08 1.7771E-08 1.8708E-08 1.9557E-08 2.0333E-08 2.1000E-08 2.1604E-08 2.2107E-08 2.2465E-08 2.2633E-08 2.2675E-08 2.2627E-08 2.2450E-08
0.0000E+00 0.0000E+00 0.0000E+00 0.0000E+00 0.0000E+00 0.0000E+00 0.0000E+00 0.0000E+00 0.0000E+00 0.0000E+00 0.0000E+00 0.0000E+00 6.0259E-12 2.1608E-11 4.7120E-11 8.2004E-11 1.2660E-10 1.7732E-10 2.3089E-10 3.0857E-10 3.9680E-10 4.9850E-10 6.3359E-10 7.7067E-10 9.7317E-10 1.5887E-09 3.6266E-09 1.3128E-08 7.0627E-08 3.3107E-07 8.9997E-07 1.1525E-06 5.8836E-07 1.8775E-07 7.4489E-08 4.1565E-08 3.0631E-08 2.4515E-08 2.1337E-08 1.9689E-08 1.8863E-08 1.8798E-08 1.9012E-08 1.9667E-08 2.0081E-08 2.1319E-08 2.2461E-08 2.3431E-08 2.4187E-08 2.4709E-08 2.5087E-08 2.5418E-08 2.5589E-08 2.5719E-08 2.5684E-08 2.5487E-08 2.5164E-08
0.0000E+00 0.0000E+00 0.0000E+00 0.0000E+00 0.0000E+00 0.0000E+00 0.0000E+00 0.0000E+00 0.0000E+00 0.0000E+00 0.0000E+00 1.0104E-12 9.3309E-12 2.8587E-11 5.7375E-11 9.5956E-11 1.4356E-10 1.9510E-10 2.5020E-10 3.5070E-10 4.4417E-10 5.5318E-10 6.8014E-10 8.5311E-10 1.0840E-09 1.8933E-09 4.6187E-09 1.5464E-08 5.4377E-08 1.7673E-07 4.8155E-07 8.2412E-07 7.1395E-07 3.8366E-07 1.7840E-07 9.4685E-08 5.9571E-08 4.2863E-08 3.4390E-08 2.9890E-08 2.7442E-08 2.6234E-08 2.5719E-08 2.5831E-08 2.6254E-08 2.6828E-08 2.7057E-08 2.7782E-08 2.8558E-08 2.9134E-08 2.9487E-08 2.9556E-08 2.9473E-08 2.9274E-08 2.8953E-08 2.8618E-08 2.8129E-08
0.0000E+00 0.0000E+00 0.0000E+00 0.0000E+00 0.0000E+00 0.0000E+00 0.0000E+00 0.0000E+00 0.0000E+00 0.0000E+00 0.0000E+00 2.1474E-12 1.4043E-11 3.6331E-11 6.8002E-11 1.1036E-10 1.5995E-10 2.1297E-10 2.8893E-10 3.7496E-10 4.7418E-10 5.9041E-10 7.4250E-10 9.2892E-10 1.1652E-09 1.9351E-09 5.4659E-09 1.6995E-08 4.5154E-08 1.1667E-07 2.8319E-07 5.2262E-07 6.1572E-07 4.6781E-07 2.8662E-07 1.6746E-07 1.0478E-07 7.2764E-08 5.5655E-08 4.5659E-08 3.9784E-08 3.6636E-08 3.4872E-08 3.4110E-08 3.3744E-08 3.3897E-08 3.4097E-08 3.4342E-08 3.4238E-08 3.4215E-08 3.4393E-08 3.4330E-08 3.4083E-08 3.3587E-08 3.2922E-08 3.2206E-08 3.1379E-08
0.0000E+00 0.0000E+00 0.0000E+00 0.0000E+00 0.0000E+00 0.0000E+00 0.0000E+00 0.0000E+00 0.0000E+00 0.0000E+00 0.0000E+00 3.8824E-12 1.8048E-11 4.4072E-11 7.9216E-11 1.2395E-10 1.7505E-10 2.2901E-10 3.0829E-10 3.9825E-10 5.2107E-10 6.4479E-10 7.8967E-10 9.9031E-10 1.2548E-09 2.0654E-09 5.8925E-09 1.6592E-08 3.9691E-08 8.8255E-08 1.8711E-07 3.4310E-07 4.5883E-07 4.4587E-07 3.3906E-07 2.2987E-07 1.5496E-07 1.0934E-07 8.2848E-08 6.6831E-08 5.7140E-08 5.0956E-08 4.7032E-08 4.4834E-08 4.3567E-08 4.2831E-08 4.2345E-08 4.2071E-08 4.1766E-08 4.1375E-08 4.0757E-08 3.9804E-08 3.9195E-08 3.8396E-08 3.7457E-08 3.6340E-08 3.5146E-08
0.0000E+00 0.0000E+00 0.0000E+00 0.0000E+00 0.0000E+00 0.0000E+00 0.0000E+00 0.0000E+00 0.0000E+00 0.0000E+00 0.0000E+00 5.9824E-12 2.3715E-11 5.1672E-11 8.9967E-11 1.3746E-10 1.8914E-10 2.4446E-10 3.2642E-10 4.3943E-10 5.5073E-10 6.8157E-10 8.3560E-10 1.0756E-09 1.3200E-09 2.3209E-09 5.9958E-09 1.5538E-08 3.4338E-08 7.0422E-08 1.3680E-07 2.3850E-07 3.3834E-07 3.7238E-07 3.3318E-07 2.6141E-07 1.9367E-07 1.4445E-07 1.1205E-07 9.1068E-08 7.7538E-08 6.8514E-08 6.2460E-08 5.8505E-08 5.5788E-08 5.3944E-08 5.2529E-08 5.1467E-08 5.0410E-08 4.9363E-08 4.8216E-08 4.6973E-08 4.5536E-08 4.3816E-08 4.2378E-08 4.0854E-08 3.9255E-08
0.0000E+00 0.0000E+00 0.0000E+00 0.0000E+00 0.0000E+00 0.0000E+00 0.0000E+00 0.0000E+00 0.0000E+00 0.0000E+00 6.8287E-14 8.1252E-12 2.8478E-11 6.0139E-11 1.0118E-10 1.4957E-10 2.0237E-10 2.5913E-10 3.6316E-10 4.6192E-10 5.9558E-10 7.3373E-10 9.2295E-10 1.1362E-09 1.3960E-09 2.2937E-09 5.9737E-09 1.4114E-08 3.0207E-08 5.8586E-08 1.0631E-07 1.7658E-07 2.5160E-07 2.9914E-07 2.9818E-07 2.6116E-07 2.1336E-07 1.7033E-07 1.3792E-07 1.1502E-07 9.9139E-08 8.7889E-08 8.0022E-08 7.4259E-08 7.0174E-08 6.7083E-08 6.4561E-08 6.2521E-08 6.0557E-08 5.8644E-08 5.6681E-08 5.4688E-08 5.2598E-08 5.0421E-08 4.8203E-08 4.5856E-08 4.3683E-08
0.0000E+00 0.0000E+00 0.0000E+00 0.0000E+00 0.0000E+00 0.0000E+00 0.0000E+00 0.0000E+00 0.0000E+00 0.0000E+00 7.2096E-13 1.0895E-11 3.3928E-11 6.7239E-11 1.1085E-10 1.6084E-10 2.1407E-10 2.7228E-10 3.7980E-10 5.0042E-10 6.2336E-10 7.6837E-10 9.6781E-10 1.2163E-09 1.4930E-09 2.3534E-09 5.6406E-09 1.2527E-08 2.6050E-08 4.9040E-08 8.5958E-08 1.3710E-07 1.9421E-07 2.3848E-07 2.5504E-07 2.4317E-07 2.1512E-07 1.8408E-07 1.5694E-07 1.3579E-07 1.1976E-07 1.0767E-07 9.8537E-08 9.1579E-08 8.6190E-08 8.1873E-08 7.8269E-08 7.5116E-08 7.2109E-08 6.9215E-08 6.6260E-08 6.3343E-08 6.0376E-08 5.7373E-08 5.4429E-08 5.1506E-08 4.8655E-08
