Assets/Resources/2015_m01_d17_1900(utc+0800)_l00_csi_1hr_conc.grd
DSAA
         159         159
     -79.000      79.000
     -79.000      79.000
  0.0000E+00  0.1335E-04
[rows 50 to 74 of 159, columns 57 to 113 of 159]
1.4427E-08 1.4438E-08 1.4434E-08 1.4412E-08 1.4366E-08 1.4294E-08 1.4187E-08 1.4047E-08 1.3878E-08 1.3671E-08 1.3415E-08 1.3112E-08 1.2765E-08 1.2377E-08 1.1953E-08 1.1493E-08 1.0997E-08 1.0460E-08 9.8892E-09 9.2940E-09 8.6774E-09 8.0473E-09 7.4074E-09 6.7679E-09 6.1355E-09 5.5032E-09 4.9894E-09 4.4156E-09 4.3797E-09 3.3158E-09 3.3743E-09 2.4792E-09 2.5963E-09 2.3595E-09 1.9476E-09 1.3269E-09 1.1945E-09 1.0711E-09 9.7703E-10 8.9964E-10 8.0545E-10 7.5114E-10 6.9354E-10 6.3522E-10 5.8997E-10 5.4601E-10 5.2059E-10 4.9039E-10 4.6197E-10 4.3690E-10 4.1469E-10 3.8978E-10 3.7170E-10 3.4919E-10 3.2759E-10 3.1520E-10 2.9720E-10
1.4970E-08 1.5031E-08 1.5076E-08 1.5103E-08 1.5104E-08 1.5075E-08 1.5014E-08 1.4925E-08 1.4795E-08 1.4616E-08 1.4390E-08 1.4117E-08 1.3803E-08 1.3441E-08 1.3030E-08 1.2562E-08 1.2047E-08 1.1490E-08 1.0893E-08 1.0262E-08 9.6029E-09 8.9246E-09 8.2311E-09 7.5327E-09 6.8363E-09 6.1385E-09 5.5710E-09 5.0575E-09 4.9302E-09 4.5236E-09 3.7838E-09 3.9356E-09 2.8748E-09 3.2708E-09 2.5838E-09 2.0463E-09 1.2119E-09 1.0839E-09 9.7576E-10 9.0013E-10 8.0799E-10 7.4019E-10 6.7811E-10 6.2786E-10 5.8104E-10 5.3720E-10 5.1155E-10 4.8184E-10 4.5038E-10 4.2922E-10 4.0739E-10 3.7952E-10 3.5641E-10 3.4298E-10 3.2174E-10 3.0643E-10 2.9187E-10
1.5510E-08 1.5622E-08 1.5721E-08 1.5798E-08 1.5851E-08 1.5873E-08 1.5866E-08 1.5823E-08 1.5730E-08 1.5594E-08 1.5410E-08 1.5187E-08 1.4915E-08 1.4573E-08 1.4171E-08 1.3709E-08 1.3191E-08 1.2621E-08 1.2006E-08 1.1354E-08 1.0670E-08 9.9530E-09 9.2074E-09 8.4435E-09 7.6748E-09 7.0512E-09 6.2850E-09 6.7024E-09 5.7083E-09 6.1480E-09 5.0898E-09 4.7894E-09 4.7884E-09 3.6634E-09 2.8420E-09 2.2905E-09 1.2428E-09 1.1086E-09 9.7989E-10 8.8471E-10 8.0944E-10 7.3674E-10 6.7370E-10 6.2416E-10 5.7135E-10 5.2904E-10 4.9647E-10 4.7314E-10 4.4224E-10 4.1582E-10 3.9998E-10 3.7259E-10 3.4988E-10 3.3669E-10 3.1581E-10 2.9774E-10 2.8648E-10
1.6037E-08 1.6203E-08 1.6357E-08 1.6489E-08 1.6597E-08 1.6681E-08 1.6729E-08 1.6725E-08 1.6681E-08 1.6596E-08 1.6474E-08 1.6309E-08 1.6066E-08 1.5760E-08 1.5383E-08 1.4938E-08 1.4433E-08 1.3874E-08 1.3264E-08 1.2597E-08 1.1877E-08 1.1112E-08 1.0311E-08 9.4826E-09 8.6523E-09 7.9933E-09 9.1795E-09 7.6676E-09 9.1068E-09 7.1535E-09 7.3601E-09 6.3209E-09 5.6503E-09 5.6782E-09 4.1441E-09 2.9433E-09 2.2413E-09 1.1258E-09 1.0026E-09 8.9896E-10 8.0877E-10 7.3598E-10 6.6703E-10 6.1437E-10 5.6387E-10 5.2055E-10 4.8725E-10 4.5474E-10 4.2993E-10 4.0802E-10 3.8331E-10 3.6558E-10 3.4328E-10 3.2521E-10 3.0982E-10 2.9209E-10 2.8104E-10
1.6540E-08 1.6764E-08 1.6973E-08 1.7165E-08 1.7335E-08 1.7478E-08 1.7571E-08 1.7621E-08 1.7638E-08 1.7620E-08 1.7559E-08 1.7437E-08 1.7251E-08 1.6997E-08 1.6660E-08 1.6259E-08 1.5792E-08 1.5246E-08 1.4629E-08 1.3949E-08 1.3209E-08 1.2412E-08 1.1565E-08 1.0681E-08 1.0090E-08 9.1354E-09 1.0546E-08 1.0989E-08 1.0550E-08 1.2977E-08 9.6542E-09 1.0287E-08 8.1961E-09 6.4946E-09 6.1424E-09 3.3035E-09 2.8676E-09 1.1576E-09 1.0261E-09 8.9996E-10 8.1005E-10 7.3786E-10 6.5775E-10 6.0255E-10 5.4866E-10 5.0730E-10 4.7405E-10 4.4246E-10 4.2164E-10 4.0014E-10 3.7248E-10 3.5849E-10 3.3661E-10 3.1560E-10 3.0378E-10 2.8639E-10 2.7240E-10
1.7010E-08 1.7292E-08 1.7558E-08 1.7814E-08 1.8049E-08 1.8245E-08 1.8393E-08 1.8504E-08 1.8590E-08 1.8639E-08 1.8642E-08 1.8581E-08 1.8463E-08 1.8274E-08 1.8008E-08 1.7664E-08 1.7224E-08 1.6703E-08 1.6107E-08 1.5438E-08 1.4695E-08 1.3886E-08 1.3016E-08 1.2154E-08 1.1508E-08 1.4308E-08 1.2261E-08 1.5624E-08 1.4477E-08 1.5205E-08 1.6033E-08 1.2153E-08 1.2408E-08 7.8346E-09 7.0448E-09 4.8557E-09 3.2258E-09 2.2130E-09 1.0425E-09 9.1478E-10 8.1366E-10 7.3094E-10 6.6025E-10 5.9151E-10 5.3688E-10 4.9901E-10 4.6516E-10 4.3368E-10 4.1326E-10 3.9218E-10 3.6506E-10 3.4266E-10 3.2988E-10 3.0927E-10 2.9155E-10 2.8065E-10 2.6693E-10
1.7439E-08 1.7774E-08 1.8104E-08 1.8422E-08 1.8714E-08 1.8964E-08 1.9173E-08 1.9359E-08 1.9512E-08 1.9625E-08 1.9695E-08 1.9715E-08 1.9687E-08 1.9586E-08 1.9398E-08 1.9115E-08 1.8725E-08 1.8258E-08 1.7704E-08 1.7078E-08 1.6377E-08 1.5597E-08 1.4733E-08 1.4306E-08 1.3390E-08 1.6541E-08 2.2589E-08 1.8165E-08 2.3450E-08 1.8085E-08 2.1379E-08 1.9304E-08 1.4404E-08 1.3101E-08 8.2628E-09 6.5958E-09 3.7937E-09 2.6021E-09 1.2679E-09 9.4641E-10 8.2254E-10 7.2307E-10 6.5488E-10 5.8762E-10 5.3125E-10 4.8648E-10 4.5628E-10 4.2483E-10 3.9921E-10 3.8416E-10 3.5758E-10 3.3563E-10 3.1791E-10 3.0291E-10 2.8555E-10 2.7487E-10 2.6142E-10
1.7813E-08 1.8202E-08 1.8594E-08 1.8972E-08 1.9315E-08 1.9627E-08 1.9907E-08 2.0164E-08 2.0381E-08 2.0578E-08 2.0720E-08 2.0831E-08 2.0905E-08 2.0899E-08 2.0788E-08 2.0587E-08 2.0290E-08 1.9904E-08 1.9445E-08 1.8909E-08 1.8263E-08 1.7503E-08 1.7360E-08 1.6381E-08 2.1862E-08 1.9321E-08 2.6081E-08 2.6887E-08 2.7292E-08 3.3704E-08 2.5007E-08 2.5292E-08 1.9914E-08 1.5279E-08 1.1842E-08 7.6502E-09 5.0058E-09 2.9196E-09 1.6215E-09 9.8436E-10 8.4521E-10 7.4420E-10 6.5300E-10 5.7735E-10 5.2446E-10 4.8042E-10 4.3444E-10 4.1183E-10 3.9081E-10 3.6355E-10 3.5005E-10 3.2855E-10 3.0791E-10 2.9651E-10 2.7952E-10 2.6588E-10 2.5589E-10
1.8119E-08 1.8566E-08 1.9015E-08 1.9445E-08 1.9844E-08 2.0216E-08 2.0571E-08 2.0889E-08 2.1178E-08 2.1446E-08 2.1687E-08 2.1909E-08 2.2082E-08 2.2175E-08 2.2185E-08 2.2081E-08 2.1907E-08 2.1658E-08 2.1325E-08 2.0872E-08 2.0309E-08 1.9649E-08 1.9693E-08 2.0061E-08 2.5087E-08 3.6185E-08 3.0329E-08 4.0452E-08 3.6365E-08 3.9064E-08 4.0228E-08 2.9415E-08 2.6373E-08 1.7824E-08 1.4094E-08 8.8639E-09 5.9500E-09 3.3909E-09 2.3532E-09 1.1167E-09 8.7064E-10 7.4728E-10 6.6064E-10 5.7392E-10 5.1971E-10 4.7430E-10 4.2624E-10 4.0319E-10 3.8237E-10 3.5570E-10 3.3929E-10 3.2145E-10 3.0124E-10 2.8396E-10 2.7346E-10 2.6011E-10 2.4440E-10
1.8351E-08 1.8852E-08 1.9351E-08 1.9827E-08 2.0283E-08 2.0720E-08 2.1144E-08 2.1525E-08 2.1902E-08 2.2243E-08 2.2584E-08 2.2913E-08 2.3185E-08 2.3394E-08 2.3528E-08 2.3581E-08 2.3573E-08 2.3478E-08 2.3273E-08 2.2968E-08 2.2549E-08 2.3064E-08 2.2448E-08 3.1757E-08 3.0302E-08 4.1306E-08 5.1049E-08 4.6663E-08 5.8830E-08 4.5593E-08 4.6350E-08 4.2539E-08 3.0619E-08 2.4077E-08 1.6417E-08 1.0796E-08 6.9502E-09 4.3411E-09 2.6977E-09 1.6147E-09 9.1791E-10 7.5436E-10 6.5752E-10 5.8025E-10 5.0824E-10 4.6543E-10 4.1848E-10 3.8891E-10 3.7388E-10 3.4781E-10 3.2635E-10 3.1432E-10 2.9455E-10 2.7766E-10 2.6740E-10 2.5434E-10 2.3754E-10
1.8501E-08 1.9047E-08 1.9590E-08 2.0111E-08 2.0619E-08 2.1124E-08 2.1600E-08 2.2053E-08 2.2492E-08 2.2937E-08 2.3385E-08 2.3800E-08 2.4193E-08 2.4542E-08 2.4821E-08 2.5061E-08 2.5234E-08 2.5307E-08 2.5294E-08 2.5185E-08 2.5025E-08 2.5872E-08 3.8778E-08 3.6183E-08 5.4303E-08 4.8858E-08 6.5363E-08 7.0118E-08 6.7176E-08 7.0430E-08 5.3291E-08 4.8788E-08 3.6210E-08 2.8155E-08 1.8928E-08 1.2879E-08 8.0472E-09 5.4031E-09 3.0890E-09 2.1288E-09 9.6124E-10 7.9785E-10 6.6618E-10 5.7860E-10 5.0625E-10 4.4987E-10 4.1099E-10 3.8028E-10 3.5286E-10 3.3667E-10 3.1894E-10 2.9879E-10 2.8471E-10 2.7135E-10 2.5813E-10 2.4855E-10 2.3214E-10
1.8562E-08 1.9145E-08 1.9720E-08 2.0286E-08 2.0844E-08 2.1407E-08 2.1939E-08 2.2461E-08 2.2974E-08 2.3506E-08 2.4049E-08 2.4562E-08 2.5070E-08 2.5562E-08 2.6033E-08 2.6470E-08 2.6829E-08 2.7123E-08 2.7347E-08 2.7499E-08 2.8963E-08 2.9275E-08 4.3264E-08 5.6292E-08 6.0870E-08 8.7365E-08 7.4298E-08 9.5237E-08 8.5768E-08 7.9762E-08 7.4172E-08 5.5559E-08 4.5356E-08 3.2371E-08 2.2130E-08 1.4925E-08 9.6774E-09 6.3751E-09 3.8712E-09 2.4808E-09 1.3703E-09 8.1882E-10 6.9106E-10 5.8016E-10 5.0763E-10 4.4401E-10 4.0157E-10 3.7159E-10 3.4464E-10 3.2883E-10 3.1151E-10 2.9183E-10 2.7509E-10 2.6504E-10 2.5213E-10 2.3686E-10 2.2673E-10
1.8521E-08 1.9137E-08 1.9739E-08 2.0339E-08 2.0949E-08 2.1553E-08 2.2143E-08 2.2721E-08 2.3315E-08 2.3934E-08 2.4545E-08 2.5169E-08 2.5804E-08 2.6451E-08 2.7118E-08 2.7739E-08 2.8325E-08 2.8875E-08 2.9381E-08 3.1415E-08 3.2028E-08 4.9798E-08 4.8261E-08 7.4779E-08 8.5622E-08 9.6806E-08 1.1966E-07 1.0645E-07 1.1372E-07 9.0249E-08 8.3707E-08 7.0054E-08 5.1618E-08 3.6939E-08 2.5458E-08 1.7219E-08 1.1442E-08 7.3728E-09 4.7528E-09 2.8795E-09 1.7564E-09 8.4997E-10 7.0816E-10 5.9151E-10 4.9243E-10 4.4247E-10 3.9131E-10 3.5749E-10 3.3641E-10 3.1559E-10 2.9889E-10 2.8488E-10 2.6854E-10 2.5874E-10 2.4613E-10 2.2982E-10 2.2134E-10
1.8380E-08 1.9014E-08 1.9642E-08 2.0267E-08 2.0922E-08 2.1562E-08 2.2201E-08 2.2837E-08 2.3494E-08 2.4187E-08 2.4873E-08 2.5588E-08 2.6343E-08 2.7162E-08 2.8010E-08 2.8834E-08 2.9665E-08 3.0496E-08 3.1413E-08 3.3983E-08 3.5998E-08 5.4075E-08 8.7613E-08 8.1849E-08 1.2049E-07 1.2475E-07 1.4078E-07 1.4439E-07 1.2598E-07 1.2004E-07 9.3529E-08 7.8515E-08 5.8190E-08 4.1872E-08 2.9132E-08 1.9744E-08 1.3222E-08 8.5791E-09 5.5871E-09 3.3592E-09 2.1129E-09 1.0799E-09 7.1800E-10 6.0284E-10 4.9620E-10 4.4046E-10 3.8590E-10 3.4167E-10 3.2502E-10 3.0789E-10 2.8835E-10 2.7182E-10 2.6201E-10 2.4928E-10 2.3417E-10 2.2423E-10 2.1595E-10
1.8137E-08 1.8779E-08 1.9425E-08 2.0073E-08 2.0757E-08 2.1429E-08 2.2104E-08 2.2789E-08 2.3508E-08 2.4244E-08 2.5006E-08 2.5804E-08 2.6686E-08 2.7659E-08 2.8663E-08 2.9701E-08 3.0785E-08 3.1922E-08 3.4937E-08 3.6618E-08 5.8320E-08 5.9110E-08 9.3347E-08 1.2827E-07 1.2979E-07 1.7650E-07 1.5350E-07 1.6774E-07 1.5295E-07 1.3231E-07 1.1393E-07 8.7378E-08 6.5081E-08 4.7175E-08 3.2970E-08 2.2551E-08 1.5168E-08 9.8767E-09 6.4003E-09 3.9407E-09 2.3911E-09 1.3106E-09 7.6427E-10 6.0659E-10 5.0351E-10 4.2574E-10 3.8136E-10 3.3566E-10 3.1691E-10 3.0021E-10 2.8117E-10 2.6506E-10 2.5550E-10 2.4308E-10 2.2694E-10 2.1866E-10 2.1059E-10
1.7790E-08 1.8436E-08 1.9085E-08 1.9752E-08 2.0453E-08 2.1149E-08 2.1855E-08 2.2568E-08 2.3342E-08 2.4109E-08 2.4927E-08 2.5803E-08 2.6791E-08 2.7891E-08 2.9048E-08 3.0288E-08 3.1617E-08 3.3138E-08 3.6690E-08 4.2894E-08 6.1284E-08 1.0165E-07 9.9255E-08 1.4931E-07 1.8103E-07 1.8768E-07 2.1149E-07 1.8133E-07 1.7791E-07 1.4540E-07 1.2540E-07 9.6672E-08 7.2455E-08 5.2573E-08 3.7044E-08 2.5470E-08 1.7055E-08 1.1233E-08 7.1579E-09 4.4415E-09 2.6939E-09 1.5046E-09 8.1699E-10 6.0654E-10 5.0543E-10 4.2697E-10 3.6822E-10 3.2588E-10 3.0348E-10 2.8415E-10 2.6787E-10 2.5833E-10 2.4901E-10 2.3089E-10 2.2118E-10 2.1311E-10 2.0525E-10
1.7342E-08 1.7986E-08 1.8635E-08 1.9305E-08 2.0016E-08 2.0721E-08 2.1447E-08 2.2181E-08 2.2976E-08 2.3775E-08 2.4630E-08 2.5566E-08 2.6645E-08 2.7833E-08 2.9127E-08 3.0543E-08 3.2106E-08 3.5693E-08 3.8279E-08 6.1680E-08 6.7861E-08 1.0418E-07 1.6297E-07 1.5529E-07 2.1708E-07 2.0094E-07 2.2357E-07 2.2634E-07 1.9216E-07 1.7173E-07 1.3752E-07 1.0664E-07 8.0037E-08 5.8264E-08 4.1186E-08 2.8210E-08 1.9039E-08 1.2423E-08 7.9079E-09 4.8413E-09 2.8580E-09 1.6436E-09 8.6888E-10 6.3416E-10 5.0293E-10 4.2755E-10 3.5865E-10 3.1876E-10 2.9557E-10 2.7677E-10 2.6092E-10 2.5163E-10 2.3944E-10 2.2350E-10 2.1545E-10 2.0760E-10 1.9282E-10
1.6804E-08 1.7432E-08 1.8076E-08 1.8738E-08 1.9450E-08 2.0157E-08 2.0880E-08 2.1626E-08 2.2424E-08 2.3239E-08 2.4118E-08 2.5079E-08 2.6229E-08 2.7475E-08 2.8872E-08 3.0430E-08 3.2286E-08 3.6183E-08 5.9882E-08 6.2305E-08 1.0510E-07 1.0980E-07 1.6384E-07 2.2349E-07 2.2197E-07 2.5944E-07 2.3563E-07 2.4107E-07 2.2349E-07 1.8704E-07 1.5105E-07 1.1725E-07 8.8175E-08 6.4058E-08 4.5224E-08 3.1030E-08 2.0761E-08 1.3522E-08 8.5020E-09 5.1467E-09 2.9907E-09 1.7074E-09 9.1187E-10 6.5362E-10 4.9730E-10 4.1668E-10 3.4910E-10 3.0630E-10 2.7926E-10 2.6327E-10 2.5401E-10 2.4496E-10 2.3310E-10 2.1760E-10 2.0976E-10 2.0211E-10 1.8641E-10
1.6180E-08 1.6789E-08 1.7416E-08 1.8066E-08 1.8761E-08 1.9461E-08 2.0169E-08 2.0905E-08 2.1698E-08 2.2505E-08 2.3391E-08 2.4355E-08 2.5531E-08 2.6811E-08 2.8269E-08 2.9937E-08 3.3410E-08 3.6523E-08 5.8602E-08 8.5487E-08 1.0286E-07 1.6468E-07 1.6349E-07 2.3431E-07 2.5012E-07 2.6522E-07 2.8313E-07 2.5754E-07 2.4344E-07 2.0620E-07 1.6688E-07 1.2889E-07 9.6582E-08 7.0064E-08 4.9222E-08 3.3652E-08 2.2279E-08 1.4333E-08 8.9027E-09 5.3014E-09 3.0170E-09 1.7292E-09 9.4109E-10 6.6168E-10 5.0568E-10 4.0721E-10 3.4476E-10 3.0011E-10 2.7175E-10 2.5616E-10 2.4715E-10 2.3522E-10 2.1954E-10 2.1173E-10 2.0411E-10 1.8954E-10 1.8139E-10
1.5480E-08 1.6066E-08 1.6666E-08 1.7295E-08 1.7966E-08 1.8638E-08 1.9326E-08 2.0034E-08 2.0807E-08 2.1593E-08 2.2452E-08 2.3401E-08 2.4567E-08 2.5847E-08 2.7323E-08 3.0392E-08 3.2611E-08 5.3597E-08 5.6770E-08 9.6362E-08 1.2478E-07 1.5715E-07 2.2261E-07 2.2754E-07 2.7757E-07 2.7041E-07 2.9444E-07 2.9582E-07 2.6869E-07 2.3025E-07 1.8310E-07 1.4215E-07 1.0496E-07 7.5834E-08 5.3132E-08 3.5745E-08 2.3601E-08 1.4777E-08 8.9326E-09 5.3111E-09 3.0127E-09 1.7482E-09 9.6222E-10 6.5399E-10 4.9812E-10 3.9625E-10 3.3246E-10 2.8466E-10 2.5850E-10 2.4910E-10 2.4034E-10 2.2578E-10 2.1351E-10 2.0592E-10 1.9851E-10 1.8302E-10 1.7641E-10
1.4716E-08 1.5274E-08 1.5842E-08 1.6437E-08 1.7078E-08 1.7710E-08 1.8362E-08 1.9033E-08 1.9765E-08 2.0517E-08 2.1331E-08 2.2238E-08 2.3362E-08 2.4604E-08 2.6072E-08 2.9028E-08 3.3270E-08 5.0189E-08 8.7346E-08 8.9754E-08 1.4604E-07 1.7217E-07 2.1809E-07 2.5833E-07 2.6727E-07 3.0503E-07 3.0643E-07 3.2045E-07 3.0830E-07 2.5534E-07 2.0426E-07 1.5284E-07 1.1359E-07 8.1452E-08 5.5988E-08 3.7797E-08 2.4033E-08 1.4767E-08 8.8435E-09 5.2110E-09 3.0063E-09 1.7461E-09 9.5692E-10 6.4861E-10 4.8990E-10 3.8628E-10 3.2411E-10 2.7714E-10 2.5135E-10 2.4210E-10 2.3046E-10 2.1508E-10 2.0753E-10 2.0016E-10 1.8582E-10 1.7790E-10 1.7148E-10
1.3903E-08 1.4424E-08 1.4956E-08 1.5510E-08 1.6106E-08 1.6696E-08 1.7297E-08 1.7923E-08 1.8601E-08 1.9296E-08 2.0053E-08 2.0894E-08 2.1949E-08 2.3122E-08 2.5543E-08 2.7408E-08 4.3480E-08 4.8285E-08 7.8697E-08 1.1775E-07 1.3175E-07 2.0032E-07 1.9889E-07 2.4929E-07 2.7304E-07 2.9611E-07 3.3709E-07 4.3766E-07 3.9798E-07 3.0241E-07 2.1838E-07 1.6794E-07 1.2359E-07 8.6379E-08 5.9372E-08 3.8014E-08 2.3885E-08 1.4245E-08 8.5197E-09 5.1041E-09 2.9462E-09 1.7094E-09 9.1433E-10 6.2629E-10 4.7738E-10 3.6958E-10 3.0577E-10 2.6278E-10 2.4399E-10 2.3517E-10 2.1949E-10 2.0894E-10 2.0161E-10 1.9445E-10 1.7922E-10 1.7284E-10 1.6660E-10
1.3052E-08 1.3534E-08 1.4021E-08 1.4530E-08 1.5071E-08 1.5612E-08 1.6156E-08 1.6721E-08 1.7339E-08 1.7966E-08 1.8650E-08 1.9409E-08 2.0369E-08 2.1471E-08 2.3648E-08 3.7197E-08 3.9056E-08 6.7432E-08 7.0130E-08 1.1454E-07 1.5156E-07 1.7542E-07 2.2329E-07 2.2163E-07 2.5931E-07 2.7088E-07 3.2649E-07 5.5441E-07 9.8271E-07 5.3147E-07 2.9407E-07 2.0896E-07 1.4174E-07 9.9353E-08 6.2348E-08 3.8220E-08 2.2287E-08 1.3059E-08 8.1244E-09 4.8273E-09 2.7993E-09 1.6150E-09 8.6797E-10 5.9769E-10 4.6114E-10 3.5667E-10 2.9167E-10 2.5404E-10 2.3652E-10 2.2519E-10 2.1015E-10 2.0288E-10 1.9576E-10 1.8037E-10 1.7403E-10 1.6783E-10 1.5775E-10
1.2175E-08 1.2614E-08 1.3054E-08 1.3510E-08 1.3994E-08 1.4478E-08 1.4964E-08 1.5459E-08 1.6003E-08 1.6559E-08 1.7158E-08 1.7825E-08 1.8672E-08 2.0326E-08 2.1686E-08 3.2681E-08 4.6277E-08 5.7765E-08 9.6884E-08 9.8018E-08 1.5081E-07 1.6682E-07 1.9030E-07 2.1739E-07 2.1463E-07 2.3214E-07 2.3796E-07 3.3657E-07 1.4579E-06 1.4160E-06 7.5032E-07 3.4704E-07 2.2120E-07 1.2571E-07 6.7479E-08 3.6465E-08 1.9569E-08 1.2037E-08 7.4625E-09 4.4050E-09 2.5593E-09 1.4583E-09 7.9456E-10 5.6897E-10 4.3433E-10 3.3150E-10 2.7677E-10 2.4501E-10 2.2949E-10 2.1114E-10 2.0393E-10 1.9688E-10 1.8997E-10 1.7505E-10 1.6890E-10 1.6161E-10 1.5051E-10
1.1289E-08 1.1678E-08 1.2073E-08 1.2471E-08 1.2894E-08 1.3319E-08 1.3739E-08 1.4165E-08 1.4626E-08 1.5110E-08 1.5619E-08 1.6188E-08 1.6949E-08 1.8333E-08 2.7071E-08 2.8328E-08 4.7187E-08 5.0773E-08 8.0169E-08 1.1660E-07 1.2421E-07 1.6008E-07 1.5603E-07 1.7991E-07 1.9008E-07 1.8368E-07 1.8183E-07 7.1941E-07 1.2325E-06 1.4927E-06 1.4944E-06 7.7639E-07 3.8459E-07 1.6894E-07 8.0376E-08 3.0521E-08 1.7535E-08 1.0603E-08 6.5343E-09 3.8265E-09 2.2458E-09 1.2653E-09 7.3073E-10 5.3429E-10 4.0844E-10 3.0704E-10 2.6450E-10 2.3556E-10 2.1945E-10 2.0479E-10 1.9780E-10 1.9095E-10 1.7589E-10 1.6979E-10 1.6383E-10 1.5266E-10 1.4476E-10
