Assets/Resources/2015_m01_d03_2300(utc+0800)_l00_csi_1hr_conc.grd
DSAA
         159         159
     -79.000      79.000
     -79.000      79.000
  0.1892E-10  0.5657E-05
[rows 100 to 124 of 159, columns 0 to 56 of 159]
8.1957E-11 8.5216E-11 8.8554E-11 9.1996E-11 9.5430E-11 9.9063E-11 1.0271E-10 1.0646E-10 1.1023E-10 1.1420E-10 1.1829E-10 1.2239E-10 1.2660E-10 1.3093E-10 1.3537E-10 1.3993E-10 1.4461E-10 1.4941E-10 1.5432E-10 1.5937E-10 1.6454E-10 1.6983E-10 1.7525E-10 1.8081E-10 1.8649E-10 1.9230E-10 1.9825E-10 2.0433E-10 2.1055E-10 2.1691E-10 2.2340E-10 2.3003E-10 2.3679E-10 2.4370E-10 2.5075E-10 2.5794E-10 2.6527E-10 2.7274E-10 2.8035E-10 2.8811E-10 2.9600E-10 3.0404E-10 3.1222E-10 3.2054E-10 3.2900E-10 3.3760E-10 3.4634E-10 3.5521E-10 3.6423E-10 3.7338E-10 3.8266E-10 3.9208E-10 4.0163E-10 4.1131E-10 4.2111E-10 4.3105E-10 4.4110E-10
8.2275E-11 8.5431E-11 8.8781E-11 9.2237E-11 9.5683E-11 9.9330E-11 1.0299E-10 1.0676E-10 1.1054E-10 1.1462E-10 1.1863E-10 1.2274E-10 1.2697E-10 1.3131E-10 1.3577E-10 1.4035E-10 1.4504E-10 1.4986E-10 1.5480E-10 1.5986E-10 1.6505E-10 1.7036E-10 1.7581E-10 1.8138E-10 1.8708E-10 1.9292E-10 1.9889E-10 2.0500E-10 2.1124E-10 2.1762E-10 2.2414E-10 2.3080E-10 2.3759E-10 2.4453E-10 2.5161E-10 2.5883E-10 2.6619E-10 2.7369E-10 2.8134E-10 2.8913E-10 2.9706E-10 3.0513E-10 3.1334E-10 3.2170E-10 3.3020E-10 3.3884E-10 3.4762E-10 3.5653E-10 3.6559E-10 3.7478E-10 3.8411E-10 3.9357E-10 4.0317E-10 4.1289E-10 4.2275E-10 4.3273E-10 4.4284E-10
8.2460E-11 8.5626E-11 8.9082E-11 9.2551E-11 9.6009E-11 9.9575E-11 1.0325E-10 1.0703E-10 1.1092E-10 1.1492E-10 1.1894E-10 1.2307E-10 1.2731E-10 1.3167E-10 1.3614E-10 1.4073E-10 1.4544E-10 1.5028E-10 1.5523E-10 1.6031E-10 1.6552E-10 1.7085E-10 1.7632E-10 1.8191E-10 1.8764E-10 1.9350E-10 1.9949E-10 2.0562E-10 2.1189E-10 2.1829E-10 2.2483E-10 2.3152E-10 2.3834E-10 2.4530E-10 2.5241E-10 2.5966E-10 2.6705E-10 2.7458E-10 2.8226E-10 2.9008E-10 2.9804E-10 3.0615E-10 3.1440E-10 3.2279E-10 3.3133E-10 3.4000E-10 3.4882E-10 3.5778E-10 3.6687E-10 3.7611E-10 3.8548E-10 3.9498E-10 4.0462E-10 4.1439E-10 4.2429E-10 4.3432E-10 4.4447E-10
8.2626E-11 8.5896E-11 8.9270E-11 9.2750E-11 9.6219E-11 9.9797E-11 1.0358E-10 1.0727E-10 1.1118E-10 1.1519E-10 1.1922E-10 1.2337E-10 1.2762E-10 1.3199E-10 1.3648E-10 1.4108E-10 1.4581E-10 1.5066E-10 1.5563E-10 1.6073E-10 1.6595E-10 1.7131E-10 1.7679E-10 1.8240E-10 1.8815E-10 1.9403E-10 2.0004E-10 2.0619E-10 2.1248E-10 2.1891E-10 2.2548E-10 2.3218E-10 2.3903E-10 2.4602E-10 2.5316E-10 2.6043E-10 2.6785E-10 2.7541E-10 2.8312E-10 2.9097E-10 2.9897E-10 3.0710E-10 3.1539E-10 3.2381E-10 3.3238E-10 3.4109E-10 3.4995E-10 3.5894E-10 3.6807E-10 3.7734E-10 3.8675E-10 3.9630E-10 4.0598E-10 4.1579E-10 4.2573E-10 4.3580E-10 4.4600E-10
8.2887E-11 8.6167E-11 8.9552E-11 9.2929E-11 9.6504E-11 1.0009E-10 1.0379E-10 1.0749E-10 1.1141E-10 1.1544E-10 1.1948E-10 1.2363E-10 1.2790E-10 1.3229E-10 1.3679E-10 1.4141E-10 1.4615E-10 1.5101E-10 1.5600E-10 1.6111E-10 1.6635E-10 1.7172E-10 1.7722E-10 1.8285E-10 1.8861E-10 1.9451E-10 2.0055E-10 2.0672E-10 2.1303E-10 2.1948E-10 2.2607E-10 2.3280E-10 2.3967E-10 2.4668E-10 2.5384E-10 2.6114E-10 2.6859E-10 2.7618E-10 2.8391E-10 2.9179E-10 2.9982E-10 3.0799E-10 3.1630E-10 3.2476E-10 3.3336E-10 3.4210E-10 3.5099E-10 3.6002E-10 3.6919E-10 3.7850E-10 3.8794E-10 3.9753E-10 4.0724E-10 4.1710E-10 4.2708E-10 4.3719E-10 4.4743E-10
8.3016E-11 8.6306E-11 8.9700E-11 9.3085E-11 9.6671E-11 1.0027E-10 1.0397E-10 1.0779E-10 1.1171E-10 1.1566E-10 1.1971E-10 1.2387E-10 1.2815E-10 1.3255E-10 1.3706E-10 1.4169E-10 1.4645E-10 1.5132E-10 1.5632E-10 1.6145E-10 1.6671E-10 1.7209E-10 1.7761E-10 1.8326E-10 1.8904E-10 1.9495E-10 2.0101E-10 2.0720E-10 2.1353E-10 2.2000E-10 2.2661E-10 2.3336E-10 2.4025E-10 2.4729E-10 2.5447E-10 2.6180E-10 2.6927E-10 2.7688E-10 2.8464E-10 2.9255E-10 3.0060E-10 3.0880E-10 3.1714E-10 3.2563E-10 3.3426E-10 3.4304E-10 3.5195E-10 3.6102E-10 3.7022E-10 3.7956E-10 3.8904E-10 3.9866E-10 4.0842E-10 4.1831E-10 4.2833E-10 4.3848E-10 4.4876E-10
8.3219E-11 8.6517E-11 8.9921E-11 9.3314E-11 9.6815E-11 1.0042E-10 1.0414E-10 1.0796E-10 1.1190E-10 1.1585E-10 1.1991E-10 1.2409E-10 1.2837E-10 1.3278E-10 1.3730E-10 1.4195E-10 1.4671E-10 1.5160E-10 1.5662E-10 1.6176E-10 1.6703E-10 1.7242E-10 1.7795E-10 1.8362E-10 1.8942E-10 1.9535E-10 2.0142E-10 2.0763E-10 2.1398E-10 2.2046E-10 2.2709E-10 2.3386E-10 2.4078E-10 2.4784E-10 2.5504E-10 2.6239E-10 2.6988E-10 2.7752E-10 2.8530E-10 2.9324E-10 3.0131E-10 3.0954E-10 3.1791E-10 3.2642E-10 3.3508E-10 3.4389E-10 3.5284E-10 3.6193E-10 3.7116E-10 3.8054E-10 3.9005E-10 3.9971E-10 4.0950E-10 4.1942E-10 4.2948E-10 4.3967E-10 4.4999E-10
8.3310E-11 8.6616E-11 9.0028E-11 9.3429E-11 9.7033E-11 1.0065E-10 1.0427E-10 1.0811E-10 1.1205E-10 1.1601E-10 1.2008E-10 1.2427E-10 1.2857E-10 1.3298E-10 1.3751E-10 1.4217E-10 1.4694E-10 1.5185E-10 1.5687E-10 1.6202E-10 1.6731E-10 1.7272E-10 1.7826E-10 1.8394E-10 1.8975E-10 1.9570E-10 2.0178E-10 2.0801E-10 2.1437E-10 2.2088E-10 2.2752E-10 2.3431E-10 2.4125E-10 2.4833E-10 2.5555E-10 2.6292E-10 2.7043E-10 2.7809E-10 2.8590E-10 2.9385E-10 3.0196E-10 3.1020E-10 3.1860E-10 3.2714E-10 3.3583E-10 3.4466E-10 3.5364E-10 3.6276E-10 3.7202E-10 3.8143E-10 3.9097E-10 4.0066E-10 4.1048E-10 4.2044E-10 4.3053E-10 4.4075E-10 4.5110E-10
8.3381E-11 8.6695E-11 9.0114E-11 9.3617E-11 9.7133E-11 1.0075E-10 1.0439E-10 1.0823E-10 1.1218E-10 1.1615E-10 1.2023E-10 1.2442E-10 1.2873E-10 1.3315E-10 1.3769E-10 1.4236E-10 1.4714E-10 1.5205E-10 1.5709E-10 1.6225E-10 1.6755E-10 1.7297E-10 1.7853E-10 1.8422E-10 1.9004E-10 1.9600E-10 2.0210E-10 2.0834E-10 2.1472E-10 2.2124E-10 2.2790E-10 2.3471E-10 2.4166E-10 2.4876E-10 2.5600E-10 2.6338E-10 2.7092E-10 2.7860E-10 2.8643E-10 2.9440E-10 3.0253E-10 3.1080E-10 3.1922E-10 3.2778E-10 3.3649E-10 3.4535E-10 3.5435E-10 3.6350E-10 3.7279E-10 3.8222E-10 3.9180E-10 4.0151E-10 4.1137E-10 4.2135E-10 4.3148E-10 4.4173E-10 4.5212E-10
8.3548E-11 8.6868E-11 9.0178E-11 9.3688E-11 9.7210E-11 1.0084E-10 1.0458E-10 1.0842E-10 1.1229E-10 1.1626E-10 1.2034E-10 1.2454E-10 1.2886E-10 1.3329E-10 1.3784E-10 1.4251E-10 1.4731E-10 1.5222E-10 1.5727E-10 1.6244E-10 1.6775E-10 1.7318E-10 1.7875E-10 1.8445E-10 1.9029E-10 1.9626E-10 2.0237E-10 2.0862E-10 2.1502E-10 2.2155E-10 2.2823E-10 2.3505E-10 2.4202E-10 2.4913E-10 2.5639E-10 2.6379E-10 2.7134E-10 2.7904E-10 2.8689E-10 2.9488E-10 3.0303E-10 3.1132E-10 3.1976E-10 3.2834E-10 3.3708E-10 3.4596E-10 3.5499E-10 3.6416E-10 3.7347E-10 3.8293E-10 3.9253E-10 4.0227E-10 4.1215E-10 4.2217E-10 4.3232E-10 4.4261E-10 4.5302E-10
8.3675E-11 8.7000E-11 9.0315E-11 9.3737E-11 9.7264E-11 1.0090E-10 1.0464E-10 1.0850E-10 1.1236E-10 1.1634E-10 1.2043E-10 1.2464E-10 1.2896E-10 1.3339E-10 1.3795E-10 1.4263E-10 1.4743E-10 1.5236E-10 1.5741E-10 1.6259E-10 1.6791E-10 1.7335E-10 1.7893E-10 1.8464E-10 1.9049E-10 1.9647E-10 2.0259E-10 2.0886E-10 2.1526E-10 2.2181E-10 2.2850E-10 2.3533E-10 2.4231E-10 2.4944E-10 2.5671E-10 2.6413E-10 2.7170E-10 2.7942E-10 2.8728E-10 2.9529E-10 3.0345E-10 3.1176E-10 3.2022E-10 3.2883E-10 3.3758E-10 3.4649E-10 3.5553E-10 3.6473E-10 3.7407E-10 3.8355E-10 3.9317E-10 4.0294E-10 4.1284E-10 4.2289E-10 4.3307E-10 4.4338E-10 4.5382E-10
8.3689E-11 8.7019E-11 9.0338E-11 9.3764E-11 9.7295E-11 1.0093E-10 1.0468E-10 1.0854E-10 1.1241E-10 1.1640E-10 1.2049E-10 1.2470E-10 1.2903E-10 1.3347E-10 1.3803E-10 1.4272E-10 1.4753E-10 1.5246E-10 1.5752E-10 1.6271E-10 1.6803E-10 1.7348E-10 1.7906E-10 1.8478E-10 1.9064E-10 1.9663E-10 2.0277E-10 2.0904E-10 2.1546E-10 2.2201E-10 2.2872E-10 2.3556E-10 2.4255E-10 2.4969E-10 2.5698E-10 2.6441E-10 2.7199E-10 2.7972E-10 2.8760E-10 2.9563E-10 3.0381E-10 3.1214E-10 3.2061E-10 3.2924E-10 3.3801E-10 3.4693E-10 3.5600E-10 3.6521E-10 3.7457E-10 3.8407E-10 3.9372E-10 4.0351E-10 4.1344E-10 4.2350E-10 4.3370E-10 4.4404E-10 4.5451E-10
8.3683E-11 8.7017E-11 9.0434E-11 9.3864E-11 9.7399E-11 1.0095E-10 1.0470E-10 1.0856E-10 1.1244E-10 1.1642E-10 1.2052E-10 1.2473E-10 1.2906E-10 1.3351E-10 1.3808E-10 1.4277E-10 1.4758E-10 1.5252E-10 1.5759E-10 1.6278E-10 1.6811E-10 1.7357E-10 1.7916E-10 1.8488E-10 1.9075E-10 1.9675E-10 2.0289E-10 2.0917E-10 2.1560E-10 2.2216E-10 2.2888E-10 2.3573E-10 2.4274E-10 2.4989E-10 2.5718E-10 2.6463E-10 2.7222E-10 2.7996E-10 2.8786E-10 2.9590E-10 3.0409E-10 3.1243E-10 3.2092E-10 3.2956E-10 3.3835E-10 3.4729E-10 3.5637E-10 3.6561E-10 3.7498E-10 3.8451E-10 3.9417E-10 4.0398E-10 4.1393E-10 4.2402E-10 4.3424E-10 4.4460E-10 4.5509E-10
8.3657E-11 8.6994E-11 9.0415E-11 9.3847E-11 9.7385E-11 1.0103E-10 1.0478E-10 1.0855E-10 1.1243E-10 1.1642E-10 1.2052E-10 1.2474E-10 1.2907E-10 1.3352E-10 1.3809E-10 1.4279E-10 1.4760E-10 1.5255E-10 1.5762E-10 1.6282E-10 1.6815E-10 1.7361E-10 1.7921E-10 1.8494E-10 1.9081E-10 1.9682E-10 2.0297E-10 2.0926E-10 2.1569E-10 2.2226E-10 2.2898E-10 2.3585E-10 2.4286E-10 2.5002E-10 2.5732E-10 2.6478E-10 2.7238E-10 2.8014E-10 2.8804E-10 2.9610E-10 3.0430E-10 3.1265E-10 3.2116E-10 3.2981E-10 3.3861E-10 3.4757E-10 3.5667E-10 3.6591E-10 3.7531E-10 3.8485E-10 3.9453E-10 4.0435E-10 4.1432E-10 4.2443E-10 4.3467E-10 4.4505E-10 4.5556E-10
8.3726E-11 8.6951E-11 9.0374E-11 9.3808E-11 9.7347E-11 1.0099E-10 1.0475E-10 1.0852E-10 1.1240E-10 1.1639E-10 1.2050E-10 1.2471E-10 1.2905E-10 1.3350E-10 1.3807E-10 1.4277E-10 1.4759E-10 1.5254E-10 1.5761E-10 1.6281E-10 1.6815E-10 1.7361E-10 1.7922E-10 1.8495E-10 1.9083E-10 1.9684E-10 2.0299E-10 2.0929E-10 2.1573E-10 2.2231E-10 2.2903E-10 2.3590E-10 2.4292E-10 2.5009E-10 2.5740E-10 2.6487E-10 2.7248E-10 2.8024E-10 2.8816E-10 2.9622E-10 3.0443E-10 3.1280E-10 3.2131E-10 3.2998E-10 3.3879E-10 3.4776E-10 3.5687E-10 3.6613E-10 3.7554E-10 3.8509E-10 3.9479E-10 4.0463E-10 4.1461E-10 4.2473E-10 4.3499E-10 4.4539E-10 4.5592E-10
8.3755E-11 8.6886E-11 9.0311E-11 9.3746E-11 9.7286E-11 1.0093E-10 1.0469E-10 1.0846E-10 1.1234E-10 1.1633E-10 1.2044E-10 1.2466E-10 1.2899E-10 1.3345E-10 1.3802E-10 1.4272E-10 1.4754E-10 1.5249E-10 1.5756E-10 1.6277E-10 1.6811E-10 1.7358E-10 1.7918E-10 1.8492E-10 1.9080E-10 1.9681E-10 2.0297E-10 2.0927E-10 2.1571E-10 2.2230E-10 2.2903E-10 2.3590E-10 2.4293E-10 2.5010E-10 2.5742E-10 2.6489E-10 2.7251E-10 2.8028E-10 2.8820E-10 2.9627E-10 3.0450E-10 3.1287E-10 3.2139E-10 3.3007E-10 3.3889E-10 3.4787E-10 3.5699E-10 3.6626E-10 3.7568E-10 3.8524E-10 3.9495E-10 4.0481E-10 4.1480E-10 4.2494E-10 4.3521E-10 4.4562E-10 4.5666E-10
8.3671E-11 8.6895E-11 9.0227E-11 9.3661E-11 9.7201E-11 1.0085E-10 1.0461E-10 1.0838E-10 1.1226E-10 1.1625E-10 1.2035E-10 1.2457E-10 1.2891E-10 1.3336E-10 1.3794E-10 1.4263E-10 1.4746E-10 1.5240E-10 1.5748E-10 1.6269E-10 1.6802E-10 1.7349E-10 1.7910E-10 1.8484E-10 1.9072E-10 1.9674E-10 2.0290E-10 2.0920E-10 2.1564E-10 2.2223E-10 2.2897E-10 2.3585E-10 2.4288E-10 2.5005E-10 2.5738E-10 2.6485E-10 2.7248E-10 2.8025E-10 2.8818E-10 2.9625E-10 3.0448E-10 3.1286E-10 3.2139E-10 3.3007E-10 3.3891E-10 3.4789E-10 3.5702E-10 3.6630E-10 3.7573E-10 3.8530E-10 3.9502E-10 4.0488E-10 4.1489E-10 4.2504E-10 4.3532E-10 4.4574E-10 4.5681E-10
8.3567E-11 8.6886E-11 9.0217E-11 9.3650E-11 9.7094E-11 1.0074E-10 1.0450E-10 1.0827E-10 1.1215E-10 1.1614E-10 1.2024E-10 1.2446E-10 1.2879E-10 1.3324E-10 1.3782E-10 1.4251E-10 1.4734E-10 1.5228E-10 1.5736E-10 1.6256E-10 1.6790E-10 1.7337E-10 1.7898E-10 1.8472E-10 1.9060E-10 1.9662E-10 2.0278E-10 2.0908E-10 2.1553E-10 2.2212E-10 2.2885E-10 2.3573E-10 2.4276E-10 2.4994E-10 2.5727E-10 2.6475E-10 2.7237E-10 2.8015E-10 2.8808E-10 2.9616E-10 3.0439E-10 3.1278E-10 3.2131E-10 3.3000E-10 3.3884E-10 3.4782E-10 3.5696E-10 3.6625E-10 3.7568E-10 3.8526E-10 3.9499E-10 4.0486E-10 4.1488E-10 4.2503E-10 4.3533E-10 4.4576E-10 4.5685E-10
8.3443E-11 8.6761E-11 9.0090E-11 9.3522E-11 9.7060E-11 1.0071E-10 1.0437E-10 1.0813E-10 1.1201E-10 1.1600E-10 1.2009E-10 1.2431E-10 1.2864E-10 1.3309E-10 1.3767E-10 1.4236E-10 1.4718E-10 1.5212E-10 1.5720E-10 1.6240E-10 1.6774E-10 1.7321E-10 1.7881E-10 1.8455E-10 1.9043E-10 1.9645E-10 2.0261E-10 2.0891E-10 2.1535E-10 2.2194E-10 2.2868E-10 2.3556E-10 2.4259E-10 2.4977E-10 2.5710E-10 2.6458E-10 2.7220E-10 2.7998E-10 2.8791E-10 2.9600E-10 3.0423E-10 3.1262E-10 3.2116E-10 3.2985E-10 3.3869E-10 3.4768E-10 3.5682E-10 3.6611E-10 3.7555E-10 3.8513E-10 3.9486E-10 4.0474E-10 4.1476E-10 4.2492E-10 4.3522E-10 4.4616E-10 4.5677E-10
8.3300E-11 8.6616E-11 8.9942E-11 9.3371E-11 9.6907E-11 1.0055E-10 1.0421E-10 1.0797E-10 1.1184E-10 1.1583E-10 1.1992E-10 1.2413E-10 1.2846E-10 1.3291E-10 1.3748E-10 1.4217E-10 1.4699E-10 1.5193E-10 1.5700E-10 1.6220E-10 1.6754E-10 1.7300E-10 1.7860E-10 1.8434E-10 1.9022E-10 1.9623E-10 2.0239E-10 2.0869E-10 2.1513E-10 2.2172E-10 2.2845E-10 2.3533E-10 2.4236E-10 2.4954E-10 2.5686E-10 2.6434E-10 2.7197E-10 2.7975E-10 2.8768E-10 2.9576E-10 3.0400E-10 3.1238E-10 3.2092E-10 3.2961E-10 3.3845E-10 3.4744E-10 3.5659E-10 3.6588E-10 3.7532E-10 3.8491E-10 3.9464E-10 4.0452E-10 4.1454E-10 4.2471E-10 4.3501E-10 4.4596E-10 4.5658E-10
8.3136E-11 8.6450E-11 8.9772E-11 9.3198E-11 9.6730E-11 1.0037E-10 1.0402E-10 1.0778E-10 1.1165E-10 1.1563E-10 1.1972E-10 1.2393E-10 1.2825E-10 1.3270E-10 1.3726E-10 1.4195E-10 1.4676E-10 1.5170E-10 1.5677E-10 1.6196E-10 1.6729E-10 1.7275E-10 1.7835E-10 1.8408E-10 1.8996E-10 1.9597E-10 2.0212E-10 2.0842E-10 2.1486E-10 2.2144E-10 2.2817E-10 2.3505E-10 2.4207E-10 2.4925E-10 2.5657E-10 2.6404E-10 2.7167E-10 2.7944E-10 2.8737E-10 2.9545E-10 3.0368E-10 3.1207E-10 3.2061E-10 3.2929E-10 3.3813E-10 3.4712E-10 3.5627E-10 3.6556E-10 3.7500E-10 3.8459E-10 3.9432E-10 4.0420E-10 4.1422E-10 4.2439E-10 4.3470E-10 4.4566E-10 4.5628E-10
8.2952E-11 8.6263E-11 8.9581E-11 9.3002E-11 9.6531E-11 1.0017E-10 1.0381E-10 1.0757E-10 1.1143E-10 1.1540E-10 1.1949E-10 1.2369E-10 1.2801E-10 1.3245E-10 1.3701E-10 1.4169E-10 1.4650E-10 1.5143E-10 1.5649E-10 1.6168E-10 1.6701E-10 1.7246E-10 1.7806E-10 1.8378E-10 1.8965E-10 1.9566E-10 2.0180E-10 2.0809E-10 2.1453E-10 2.2111E-10 2.2783E-10 2.3470E-10 2.4172E-10 2.4889E-10 2.5621E-10 2.6368E-10 2.7130E-10 2.7907E-10 2.8700E-10 2.9507E-10 3.0330E-10 3.1168E-10 3.2021E-10 3.2890E-10 3.3773E-10 3.4672E-10 3.5586E-10 3.6515E-10 3.7459E-10 3.8417E-10 3.9390E-10 4.0378E-10 4.1380E-10 4.2397E-10 4.3476E-10 4.4525E-10 4.5587E-10
8.2938E-11 8.6055E-11 8.9368E-11 9.2785E-11 9.6308E-11 9.9940E-11 1.0358E-10 1.0733E-10 1.1118E-10 1.1515E-10 1.1923E-10 1.2343E-10 1.2774E-10 1.3217E-10 1.3673E-10 1.4140E-10 1.4620E-10 1.5113E-10 1.5618E-10 1.6137E-10 1.6668E-10 1.7213E-10 1.7772E-10 1.8344E-10 1.8930E-10 1.9530E-10 2.0144E-10 2.0772E-10 2.1415E-10 2.2072E-10 2.2744E-10 2.3430E-10 2.4132E-10 2.4848E-10 2.5579E-10 2.6325E-10 2.7087E-10 2.7863E-10 2.8655E-10 2.9462E-10 3.0284E-10 3.1121E-10 3.1974E-10 3.2842E-10 3.3725E-10 3.4623E-10 3.5537E-10 3.6465E-10 3.7408E-10 3.8366E-10 3.9339E-10 4.0326E-10 4.1328E-10 4.2344E-10 4.3424E-10 4.4472E-10 4.5534E-10
8.2717E-11 8.5923E-11 8.9230E-11 9.2545E-11 9.6063E-11 9.9688E-11 1.0332E-10 1.0706E-10 1.1091E-10 1.1487E-10 1.1895E-10 1.2313E-10 1.2744E-10 1.3186E-10 1.3641E-10 1.4108E-10 1.4587E-10 1.5079E-10 1.5583E-10 1.6101E-10 1.6632E-10 1.7176E-10 1.7734E-10 1.8305E-10 1.8890E-10 1.9489E-10 2.0102E-10 2.0730E-10 2.1372E-10 2.2028E-10 2.2699E-10 2.3385E-10 2.4085E-10 2.4800E-10 2.5531E-10 2.6276E-10 2.7037E-10 2.7812E-10 2.8603E-10 2.9409E-10 3.0231E-10 3.1067E-10 3.1919E-10 3.2786E-10 3.3668E-10 3.4566E-10 3.5478E-10 3.6406E-10 3.7348E-10 3.8306E-10 3.9278E-10 4.0264E-10 4.1265E-10 4.2281E-10 4.3361E-10 4.4409E-10 4.5471E-10
8.2476E-11 8.5676E-11 8.8976E-11 9.2382E-11 9.5892E-11 9.9413E-11 1.0304E-10 1.0677E-10 1.1061E-10 1.1457E-10 1.1863E-10 1.2281E-10 1.2711E-10 1.3152E-10 1.3606E-10 1.4072E-10 1.4550E-10 1.5041E-10 1.5545E-10 1.6061E-10 1.6591E-10 1.7134E-10 1.7691E-10 1.8261E-10 1.8846E-10 1.9444E-10 2.0056E-10 2.0682E-10 2.1323E-10 2.1979E-10 2.2648E-10 2.3333E-10 2.4033E-10 2.4747E-10 2.5476E-10 2.6221E-10 2.6980E-10 2.7755E-10 2.8545E-10 2.9350E-10 3.0170E-10 3.1005E-10 3.1856E-10 3.2722E-10 3.3604E-10 3.4500E-10 3.5412E-10 3.6338E-10 3.7280E-10 3.8236E-10 3.9207E-10 4.0193E-10 4.1193E-10 4.2207E-10 4.3288E-10 4.4335E-10 4.5396E-10
