Assets/Resources/2015_m01_d21_0100(utc+0800)_l00_csi_1hr_conc.grd
DSAA
         159         159
     -79.000      79.000
     -79.000      79.000
  0.3500E-10  0.2362E-04
[rows 25 to 49 of 159, columns 0 to 56 of 159]
1.7043E-09 1.7359E-09 1.7680E-09 1.8008E-09 1.8331E-09 1.8660E-09 1.8990E-09 1.9316E-09 1.9644E-09 1.9974E-09 2.0298E-09 2.0621E-09 2.0943E-09 2.1262E-09 2.1578E-09 2.1897E-09 2.2210E-09 2.2515E-09 2.2823E-09 2.3124E-09 2.3430E-09 2.3714E-09 2.3998E-09 2.4277E-09 2.4553E-09 2.4803E-09 2.5038E-09 2.5272E-09 2.5487E-09 2.5681E-09 2.5860E-09 2.6023E-09 2.6169E-09 2.6299E-09 2.6412E-09 2.6507E-09 2.6589E-09 2.6652E-09 2.6685E-09 2.6724E-09 2.6716E-09 2.6674E-09 2.6629E-09 2.6576E-09 2.6504E-09 2.6413E-09 2.6321E-09 2.6194E-09 2.6066E-09 2.5904E-09 2.5743E-09 2.5546E-09 2.5331E-09 2.5121E-09 2.4879E-09 2.4604E-09 2.4323E-09
1.7020E-09 1.7335E-09 1.7658E-09 1.7975E-09 1.8297E-09 1.8624E-09 1.8944E-09 1.9269E-09 1.9594E-09 1.9916E-09 2.0237E-09 2.0557E-09 2.0876E-09 2.1192E-09 2.1514E-09 2.1826E-09 2.2136E-09 2.2447E-09 2.2761E-09 2.3068E-09 2.3360E-09 2.3654E-09 2.3952E-09 2.4233E-09 2.4492E-09 2.4748E-09 2.5001E-09 2.5227E-09 2.5440E-09 2.5616E-09 2.5801E-09 2.5970E-09 2.6100E-09 2.6238E-09 2.6361E-09 2.6490E-09 2.6579E-09 2.6662E-09 2.6728E-09 2.6762E-09 2.6792E-09 2.6789E-09 2.6765E-09 2.6738E-09 2.6673E-09 2.6591E-09 2.6509E-09 2.6391E-09 2.6254E-09 2.6094E-09 2.5900E-09 2.5687E-09 2.5477E-09 2.5256E-09 2.5022E-09 2.4773E-09 2.4511E-09
1.6956E-09 1.7270E-09 1.7580E-09 1.7895E-09 1.8215E-09 1.8528E-09 1.8849E-09 1.9168E-09 1.9484E-09 1.9801E-09 2.0118E-09 2.0433E-09 2.0747E-09 2.1069E-09 2.1380E-09 2.1692E-09 2.2003E-09 2.2324E-09 2.2632E-09 2.2933E-09 2.3239E-09 2.3540E-09 2.3827E-09 2.4098E-09 2.4376E-09 2.4636E-09 2.4879E-09 2.5110E-09 2.5328E-09 2.5532E-09 2.5722E-09 2.5896E-09 2.6056E-09 2.6210E-09 2.6355E-09 2.6468E-09 2.6589E-09 2.6672E-09 2.6751E-09 2.6825E-09 2.6877E-09 2.6883E-09 2.6871E-09 2.6802E-09 2.6754E-09 2.6690E-09 2.6604E-09 2.6518E-09 2.6398E-09 2.6259E-09 2.6099E-09 2.5920E-09 2.5693E-09 2.5476E-09 2.5268E-09 2.5001E-09 2.4723E-09
1.6895E-09 1.7198E-09 1.7506E-09 1.7819E-09 1.8127E-09 1.8443E-09 1.8755E-09 1.9066E-09 1.9379E-09 1.9691E-09 2.0003E-09 2.0315E-09 2.0634E-09 2.0944E-09 2.1257E-09 2.1572E-09 2.1890E-09 2.2201E-09 2.2508E-09 2.2828E-09 2.3126E-09 2.3419E-09 2.3701E-09 2.3992E-09 2.4259E-09 2.4516E-09 2.4761E-09 2.4996E-09 2.5218E-09 2.5425E-09 2.5620E-09 2.5779E-09 2.5963E-09 2.6101E-09 2.6243E-09 2.6392E-09 2.6520E-09 2.6630E-09 2.6724E-09 2.6821E-09 2.6879E-09 2.6908E-09 2.6945E-09 2.6955E-09 2.6944E-09 2.6921E-09 2.6847E-09 2.6763E-09 2.6660E-09 2.6513E-09 2.6366E-09 2.6182E-09 2.5945E-09 2.5744E-09 2.5530E-09 2.5204E-09 2.4956E-09
1.6787E-09 1.7087E-09 1.7392E-09 1.7692E-09 1.8001E-09 1.8305E-09 1.8610E-09 1.8916E-09 1.9223E-09 1.9530E-09 1.9837E-09 2.0152E-09 2.0458E-09 2.0769E-09 2.1086E-09 2.1400E-09 2.1711E-09 2.2022E-09 2.2346E-09 2.2647E-09 2.2943E-09 2.3236E-09 2.3532E-09 2.3807E-09 2.4075E-09 2.4335E-09 2.4584E-09 2.4822E-09 2.5048E-09 2.5261E-09 2.5465E-09 2.5669E-09 2.5850E-09 2.6019E-09 2.6192E-09 2.6341E-09 2.6475E-09 2.6615E-09 2.6721E-09 2.6812E-09 2.6884E-09 2.6957E-09 2.6998E-09 2.7000E-09 2.6974E-09 2.6962E-09 2.6952E-09 2.6893E-09 2.6814E-09 2.6705E-09 2.6584E-09 2.6416E-09 2.6187E-09 2.5999E-09 2.5795E-09 2.5574E-09 2.5315E-09
1.6686E-09 1.6984E-09 1.7276E-09 1.7578E-09 1.7876E-09 1.8174E-09 1.8474E-09 1.8775E-09 1.9077E-09 1.9379E-09 1.9691E-09 1.9994E-09 2.0302E-09 2.0619E-09 2.0928E-09 2.1239E-09 2.1556E-09 2.1877E-09 2.2181E-09 2.2481E-09 2.2783E-09 2.3080E-09 2.3363E-09 2.3639E-09 2.3909E-09 2.4170E-09 2.4422E-09 2.4663E-09 2.4893E-09 2.5118E-09 2.5336E-09 2.5536E-09 2.5709E-09 2.5905E-09 2.6052E-09 2.6218E-09 2.6380E-09 2.6513E-09 2.6636E-09 2.6760E-09 2.6850E-09 2.6926E-09 2.6988E-09 2.7036E-09 2.7061E-09 2.7068E-09 2.7044E-09 2.7011E-09 2.6955E-09 2.6874E-09 2.6770E-09 2.6556E-09 2.6387E-09 2.6221E-09 2.6037E-09 2.5837E-09 2.5617E-09
1.6553E-09 1.6837E-09 1.7128E-09 1.7419E-09 1.7710E-09 1.8003E-09 1.8297E-09 1.8592E-09 1.8888E-09 1.9193E-09 1.9491E-09 1.9794E-09 2.0108E-09 2.0414E-09 2.0722E-09 2.1042E-09 2.1357E-09 2.1664E-09 2.1965E-09 2.2270E-09 2.2571E-09 2.2859E-09 2.3142E-09 2.3420E-09 2.3691E-09 2.3955E-09 2.4210E-09 2.4455E-09 2.4700E-09 2.4932E-09 2.5152E-09 2.5370E-09 2.5583E-09 2.5778E-09 2.5971E-09 2.6150E-09 2.6306E-09 2.6455E-09 2.6617E-09 2.6727E-09 2.6835E-09 2.6934E-09 2.7010E-09 2.7072E-09 2.7090E-09 2.7080E-09 2.7088E-09 2.7073E-09 2.7033E-09 2.6973E-09 2.6891E-09 2.6786E-09 2.6660E-09 2.6513E-09 2.6346E-09 2.6166E-09 2.6004E-09
1.6420E-09 1.6703E-09 1.6988E-09 1.7272E-09 1.7557E-09 1.7845E-09 1.8134E-09 1.8424E-09 1.8724E-09 1.9017E-09 1.9313E-09 1.9625E-09 1.9928E-09 2.0233E-09 2.0555E-09 2.0865E-09 2.1171E-09 2.1477E-09 2.1782E-09 2.2086E-09 2.2378E-09 2.2666E-09 2.2950E-09 2.3229E-09 2.3502E-09 2.3768E-09 2.4026E-09 2.4286E-09 2.4532E-09 2.4771E-09 2.5006E-09 2.5236E-09 2.5451E-09 2.5649E-09 2.5844E-09 2.6001E-09 2.6183E-09 2.6366E-09 2.6507E-09 2.6647E-09 2.6787E-09 2.6892E-09 2.6992E-09 2.7071E-09 2.7120E-09 2.7166E-09 2.7186E-09 2.7183E-09 2.7161E-09 2.7119E-09 2.7055E-09 2.6942E-09 2.6812E-09 2.6688E-09 2.6558E-09 2.6428E-09 2.6251E-09
1.6259E-09 1.6538E-09 1.6813E-09 1.7091E-09 1.7370E-09 1.7652E-09 1.7935E-09 1.8228E-09 1.8514E-09 1.8803E-09 1.9110E-09 1.9410E-09 1.9711E-09 2.0031E-09 2.0333E-09 2.0639E-09 2.0946E-09 2.1250E-09 2.1556E-09 2.1850E-09 2.2142E-09 2.2431E-09 2.2716E-09 2.2995E-09 2.3270E-09 2.3540E-09 2.3813E-09 2.4070E-09 2.4328E-09 2.4583E-09 2.4828E-09 2.5061E-09 2.5301E-09 2.5519E-09 2.5723E-09 2.5931E-09 2.6133E-09 2.6299E-09 2.6466E-09 2.6638E-09 2.6769E-09 2.6902E-09 2.7015E-09 2.7100E-09 2.7156E-09 2.7216E-09 2.7229E-09 2.7250E-09 2.7252E-09 2.7232E-09 2.7192E-09 2.7128E-09 2.7043E-09 2.6963E-09 2.6855E-09 2.6716E-09 2.6559E-09
1.6115E-09 1.6383E-09 1.6653E-09 1.6926E-09 1.7201E-09 1.7477E-09 1.7762E-09 1.8045E-09 1.8327E-09 1.8629E-09 1.8925E-09 1.9222E-09 1.9540E-09 1.9837E-09 2.0141E-09 2.0450E-09 2.0752E-09 2.1059E-09 2.1356E-09 2.1650E-09 2.1943E-09 2.2232E-09 2.2518E-09 2.2800E-09 2.3077E-09 2.3361E-09 2.3627E-09 2.3903E-09 2.4175E-09 2.4433E-09 2.4681E-09 2.4938E-09 2.5176E-09 2.5403E-09 2.5611E-09 2.5833E-09 2.6002E-09 2.6199E-09 2.6398E-09 2.6560E-09 2.6725E-09 2.6877E-09 2.6999E-09 2.7116E-09 2.7216E-09 2.7292E-09 2.7350E-09 2.7388E-09 2.7409E-09 2.7411E-09 2.7392E-09 2.7347E-09 2.7295E-09 2.7198E-09 2.7102E-09 2.7002E-09 2.6904E-09
1.5938E-09 1.6201E-09 1.6465E-09 1.6733E-09 1.7002E-09 1.7275E-09 1.7555E-09 1.7831E-09 1.8126E-09 1.8417E-09 1.8705E-09 1.9018E-09 1.9312E-09 1.9612E-09 1.9920E-09 2.0221E-09 2.0526E-09 2.0823E-09 2.1119E-09 2.1413E-09 2.1707E-09 2.1997E-09 2.2285E-09 2.2568E-09 2.2860E-09 2.3137E-09 2.3426E-09 2.3711E-09 2.3984E-09 2.4247E-09 2.4524E-09 2.4780E-09 2.5029E-09 2.5279E-09 2.5521E-09 2.5742E-09 2.5962E-09 2.6185E-09 2.6372E-09 2.6564E-09 2.6749E-09 2.6904E-09 2.7050E-09 2.7190E-09 2.7303E-09 2.7373E-09 2.7429E-09 2.7494E-09 2.7542E-09 2.7570E-09 2.7576E-09 2.7600E-09 2.7567E-09 2.7513E-09 2.7462E-09 2.7395E-09 2.7289E-09
1.5783E-09 1.6041E-09 1.6301E-09 1.6564E-09 1.6829E-09 1.7106E-09 1.7376E-09 1.7666E-09 1.7951E-09 1.8231E-09 1.8538E-09 1.8835E-09 1.9132E-09 1.9437E-09 1.9737E-09 2.0037E-09 2.0338E-09 2.0636E-09 2.0933E-09 2.1229E-09 2.1524E-09 2.1816E-09 2.2107E-09 2.2405E-09 2.2691E-09 2.2987E-09 2.3288E-09 2.3567E-09 2.3846E-09 2.4145E-09 2.4417E-09 2.4684E-09 2.4951E-09 2.5211E-09 2.5460E-09 2.5695E-09 2.5945E-09 2.6161E-09 2.6379E-09 2.6592E-09 2.6756E-09 2.6907E-09 2.7089E-09 2.7240E-09 2.7377E-09 2.7498E-09 2.7603E-09 2.7691E-09 2.7758E-09 2.7808E-09 2.7881E-09 2.7892E-09 2.7883E-09 2.7862E-09 2.7811E-09 2.7753E-09 2.7676E-09
1.5614E-09 1.5868E-09 1.6137E-09 1.6397E-09 1.6667E-09 1.6932E-09 1.7210E-09 1.7494E-09 1.7771E-09 1.8068E-09 1.8368E-09 1.8660E-09 1.8963E-09 1.9262E-09 1.9557E-09 1.9862E-09 2.0160E-09 2.0459E-09 2.0758E-09 2.1056E-09 2.1354E-09 2.1650E-09 2.1956E-09 2.2248E-09 2.2548E-09 2.2864E-09 2.3152E-09 2.3447E-09 2.3765E-09 2.4048E-09 2.4338E-09 2.4622E-09 2.4902E-09 2.5173E-09 2.5426E-09 2.5697E-09 2.5944E-09 2.6156E-09 2.6405E-09 2.6597E-09 2.6806E-09 2.7020E-09 2.7207E-09 2.7381E-09 2.7540E-09 2.7684E-09 2.7810E-09 2.7921E-09 2.8013E-09 2.8105E-09 2.8144E-09 2.8187E-09 2.8241E-09 2.8259E-09 2.8247E-09 2.8215E-09 2.8162E-09
1.5452E-09 1.5701E-09 1.5953E-09 1.6215E-09 1.6475E-09 1.6740E-09 1.7020E-09 1.7296E-09 1.7596E-09 1.7898E-09 1.8180E-09 1.8494E-09 1.8798E-09 1.9091E-09 1.9396E-09 1.9694E-09 1.9994E-09 2.0295E-09 2.0597E-09 2.0899E-09 2.1200E-09 2.1511E-09 2.1813E-09 2.2111E-09 2.2444E-09 2.2744E-09 2.3052E-09 2.3385E-09 2.3676E-09 2.3983E-09 2.4290E-09 2.4589E-09 2.4863E-09 2.5137E-09 2.5428E-09 2.5706E-09 2.5937E-09 2.6210E-09 2.6463E-09 2.6700E-09 2.6946E-09 2.7168E-09 2.7378E-09 2.7574E-09 2.7756E-09 2.7924E-09 2.8075E-09 2.8211E-09 2.8336E-09 2.8429E-09 2.8522E-09 2.8617E-09 2.8690E-09 2.8725E-09 2.8740E-09 2.8736E-09 2.8686E-09
1.5304E-09 1.5551E-09 1.5801E-09 1.6061E-09 1.6317E-09 1.6595E-09 1.6868E-09 1.7140E-09 1.7444E-09 1.7724E-09 1.8014E-09 1.8320E-09 1.8610E-09 1.8913E-09 1.9209E-09 1.9509E-09 1.9810E-09 2.0114E-09 2.0418E-09 2.0723E-09 2.1035E-09 2.1365E-09 2.1671E-09 2.2008E-09 2.2322E-09 2.2637E-09 2.2978E-09 2.3273E-09 2.3591E-09 2.3915E-09 2.4231E-09 2.4550E-09 2.4850E-09 2.5163E-09 2.5469E-09 2.5751E-09 2.6041E-09 2.6329E-09 2.6595E-09 2.6860E-09 2.7124E-09 2.7369E-09 2.7603E-09 2.7825E-09 2.8033E-09 2.8227E-09 2.8406E-09 2.8562E-09 2.8713E-09 2.8850E-09 2.8989E-09 2.9120E-09 2.9205E-09 2.9270E-09 2.9314E-09 2.9340E-09 2.9319E-09
1.5159E-09 1.5403E-09 1.5659E-09 1.5910E-09 1.6179E-09 1.6451E-09 1.6714E-09 1.7011E-09 1.7294E-09 1.7581E-09 1.7884E-09 1.8173E-09 1.8468E-09 1.8771E-09 1.9070E-09 1.9373E-09 1.9678E-09 1.9986E-09 2.0295E-09 2.0606E-09 2.0929E-09 2.1242E-09 2.1578E-09 2.1909E-09 2.2226E-09 2.2571E-09 2.2916E-09 2.3245E-09 2.3587E-09 2.3927E-09 2.4256E-09 2.4586E-09 2.4911E-09 2.5245E-09 2.5559E-09 2.5867E-09 2.6191E-09 2.6486E-09 2.6775E-09 2.7077E-09 2.7355E-09 2.7626E-09 2.7887E-09 2.8138E-09 2.8374E-09 2.8573E-09 2.8783E-09 2.8995E-09 2.9181E-09 2.9354E-09 2.9552E-09 2.9689E-09 2.9806E-09 2.9903E-09 2.9975E-09 3.0011E-09 3.0022E-09
1.4996E-09 1.5244E-09 1.5490E-09 1.5761E-09 1.6025E-09 1.6304E-09 1.6592E-09 1.6875E-09 1.7150E-09 1.7453E-09 1.7744E-09 1.8035E-09 1.8339E-09 1.8639E-09 1.8942E-09 1.9248E-09 1.9558E-09 1.9871E-09 2.0186E-09 2.0514E-09 2.0834E-09 2.1157E-09 2.1516E-09 2.1843E-09 2.2189E-09 2.2555E-09 2.2889E-09 2.3245E-09 2.3613E-09 2.3956E-09 2.4313E-09 2.4661E-09 2.5008E-09 2.5357E-09 2.5687E-09 2.6037E-09 2.6369E-09 2.6688E-09 2.7021E-09 2.7333E-09 2.7639E-09 2.7939E-09 2.8231E-09 2.8488E-09 2.8758E-09 2.8988E-09 2.9274E-09 2.9509E-09 2.9728E-09 2.9979E-09 3.0173E-09 3.0345E-09 3.0493E-09 3.0625E-09 3.0709E-09 3.0780E-09 3.0865E-09
1.4862E-09 1.5110E-09 1.5356E-09 1.5620E-09 1.5882E-09 1.6146E-09 1.6440E-09 1.6712E-09 1.6998E-09 1.7298E-09 1.7585E-09 1.7901E-09 1.8199E-09 1.8501E-09 1.8823E-09 1.9134E-09 1.9449E-09 1.9767E-09 2.0100E-09 2.0425E-09 2.0753E-09 2.1120E-09 2.1456E-09 2.1797E-09 2.2181E-09 2.2535E-09 2.2896E-09 2.3283E-09 2.3643E-09 2.4017E-09 2.4393E-09 2.4754E-09 2.5139E-09 2.5495E-09 2.5864E-09 2.6234E-09 2.6585E-09 2.6934E-09 2.7272E-09 2.7614E-09 2.7951E-09 2.8258E-09 2.8585E-09 2.8900E-09 2.9205E-09 2.9538E-09 2.9824E-09 3.0095E-09 3.0399E-09 3.0646E-09 3.0874E-09 3.1085E-09 3.1274E-09 3.1418E-09 3.1569E-09 3.1682E-09 3.1850E-09
1.4739E-09 1.4979E-09 1.5232E-09 1.5497E-09 1.5750E-09 1.6038E-09 1.6313E-09 1.6588E-09 1.6891E-09 1.7176E-09 1.7466E-09 1.7771E-09 1.8072E-09 1.8377E-09 1.8688E-09 1.9003E-09 1.9322E-09 1.9648E-09 1.9986E-09 2.0317E-09 2.0671E-09 2.1031E-09 2.1376E-09 2.1775E-09 2.2153E-09 2.2514E-09 2.2917E-09 2.3302E-09 2.3675E-09 2.4083E-09 2.4471E-09 2.4864E-09 2.5261E-09 2.5642E-09 2.6033E-09 2.6415E-09 2.6796E-09 2.7191E-09 2.7569E-09 2.7944E-09 2.8315E-09 2.8681E-09 2.9041E-09 2.9395E-09 2.9743E-09 3.0114E-09 3.0439E-09 3.0773E-09 3.1096E-09 3.1386E-09 3.1658E-09 3.1911E-09 3.2118E-09 3.2303E-09 3.2498E-09 3.2734E-09 3.2902E-09
1.4590E-09 1.4848E-09 1.5110E-09 1.5368E-09 1.5642E-09 1.5921E-09 1.6189E-09 1.6482E-09 1.6772E-09 1.7060E-09 1.7362E-09 1.7661E-09 1.7966E-09 1.8276E-09 1.8592E-09 1.8913E-09 1.9238E-09 1.9580E-09 1.9917E-09 2.0260E-09 2.0628E-09 2.0994E-09 2.1359E-09 2.1768E-09 2.2139E-09 2.2515E-09 2.2952E-09 2.3340E-09 2.3732E-09 2.4175E-09 2.4574E-09 2.4990E-09 2.5414E-09 2.5821E-09 2.6265E-09 2.6677E-09 2.7088E-09 2.7517E-09 2.7928E-09 2.8337E-09 2.8744E-09 2.9147E-09 2.9545E-09 2.9938E-09 3.0366E-09 3.0745E-09 3.1110E-09 3.1515E-09 3.1864E-09 3.2199E-09 3.2492E-09 3.2791E-09 3.3046E-09 3.3307E-09 3.3608E-09 3.3841E-09 3.4056E-09
1.4469E-09 1.4718E-09 1.4975E-09 1.5227E-09 1.5506E-09 1.5777E-09 1.6067E-09 1.6364E-09 1.6663E-09 1.6956E-09 1.7260E-09 1.7563E-09 1.7873E-09 1.8188E-09 1.8509E-09 1.8836E-09 1.9179E-09 1.9520E-09 1.9865E-09 2.0239E-09 2.0597E-09 2.0976E-09 2.1371E-09 2.1780E-09 2.2167E-09 2.2577E-09 2.3017E-09 2.3425E-09 2.3850E-09 2.4304E-09 2.4727E-09 2.5171E-09 2.5623E-09 2.6058E-09 2.6534E-09 2.6978E-09 2.7422E-09 2.7886E-09 2.8333E-09 2.8779E-09 2.9224E-09 2.9666E-09 3.0105E-09 3.0570E-09 3.1013E-09 3.1438E-09 3.1897E-09 3.2308E-09 3.2706E-09 3.3058E-09 3.3427E-09 3.3748E-09 3.4082E-09 3.4450E-09 3.4755E-09 3.5039E-09 3.5366E-09
1.4365E-09 1.4610E-09 1.4863E-09 1.5136E-09 1.5407E-09 1.5671E-09 1.5962E-09 1.6249E-09 1.6535E-09 1.6837E-09 1.7136E-09 1.7459E-09 1.7772E-09 1.8109E-09 1.8437E-09 1.8771E-09 1.9123E-09 1.9471E-09 1.9837E-09 2.0211E-09 2.0580E-09 2.0986E-09 2.1383E-09 2.1809E-09 2.2219E-09 2.2647E-09 2.3102E-09 2.3530E-09 2.3977E-09 2.4458E-09 2.4906E-09 2.5378E-09 2.5860E-09 2.6325E-09 2.6836E-09 2.7313E-09 2.7791E-09 2.8294E-09 2.8779E-09 2.9264E-09 2.9750E-09 3.0234E-09 3.0716E-09 3.1238E-09 3.1720E-09 3.2196E-09 3.2708E-09 3.3167E-09 3.3587E-09 3.4024E-09 3.4415E-09 3.4821E-09 3.5229E-09 3.5640E-09 3.5996E-09 3.6376E-09 3.6733E-09
1.4259E-09 1.4511E-09 1.4765E-09 1.5036E-09 1.5304E-09 1.5583E-09 1.5873E-09 1.6155E-09 1.6447E-09 1.6751E-09 1.7055E-09 1.7366E-09 1.7685E-09 1.8011E-09 1.8343E-09 1.8694E-09 1.9060E-09 1.9416E-09 1.9822E-09 2.0196E-09 2.0578E-09 2.1009E-09 2.1410E-09 2.1854E-09 2.2298E-09 2.2728E-09 2.3206E-09 2.3668E-09 2.4125E-09 2.4633E-09 2.5109E-09 2.5610E-09 2.6123E-09 2.6619E-09 2.7165E-09 2.7678E-09 2.8194E-09 2.8738E-09 2.9262E-09 2.9790E-09 3.0318E-09 3.0847E-09 3.1416E-09 3.1950E-09 3.2482E-09 3.3052E-09 3.3577E-09 3.4064E-09 3.4570E-09 3.5062E-09 3.5511E-09 3.5974E-09 3.6477E-09 3.6915E-09 3.7334E-09 3.7807E-09 3.8278E-09
1.4148E-09 1.4407E-09 1.4673E-09 1.4945E-09 1.5207E-09 1.5495E-09 1.5782E-09 1.6068E-09 1.6370E-09 1.6672E-09 1.6981E-09 1.7297E-09 1.7622E-09 1.7954E-09 1.8294E-09 1.8654E-09 1.9011E-09 1.9394E-09 1.9775E-09 2.0159E-09 2.0566E-09 2.1017E-09 2.1431E-09 2.1905E-09 2.2376E-09 2.2825E-09 2.3329E-09 2.3811E-09 2.4291E-09 2.4828E-09 2.5331E-09 2.5862E-09 2.6407E-09 2.6937E-09 2.7522E-09 2.8071E-09 2.8626E-09 2.9213E-09 2.9780E-09 3.0351E-09 3.0926E-09 3.1502E-09 3.2124E-09 3.2708E-09 3.3297E-09 3.3922E-09 3.4477E-09 3.5051E-09 3.5616E-09 3.6138E-09 3.6675E-09 3.7256E-09 3.7775E-09 3.8278E-09 3.8828E-09 3.9343E-09 3.9858E-09
1.4039E-09 1.4298E-09 1.4554E-09 1.4827E-09 1.5112E-09 1.5406E-09 1.5696E-09 1.5985E-09 1.6292E-09 1.6598E-09 1.6912E-09 1.7235E-09 1.7565E-09 1.7904E-09 1.8263E-09 1.8621E-09 1.8987E-09 1.9387E-09 1.9774E-09 2.0172E-09 2.0600E-09 2.1039E-09 2.1468E-09 2.1974E-09 2.2431E-09 2.2897E-09 2.3434E-09 2.3928E-09 2.4453E-09 2.5018E-09 2.5548E-09 2.6110E-09 2.6689E-09 2.7275E-09 2.7899E-09 2.8487E-09 2.9082E-09 2.9713E-09 3.0324E-09 3.0942E-09 3.1564E-09 3.2205E-09 3.2841E-09 3.3479E-09 3.4165E-09 3.4811E-09 3.5426E-09 3.6061E-09 3.6686E-09 3.7302E-09 3.7906E-09 3.8558E-09 3.9145E-09 3.9756E-09 4.0344E-09 4.0976E-09 4.1532E-09
