Assets/Resources/2015_m01_d21_0900(utc+0800)_l00_csi_1hr_conc.grd
DSAA
         159         159
     -79.000      79.000
     -79.000      79.000
  0.1080E-08  0.2197E-05
[rows 25 to 49 of 159, columns 57 to 113 of 159]
5.9117E-09 5.9809E-09 6.0573E-09 6.1280E-09 6.2126E-09 6.2878E-09 6.3894E-09 6.4921E-09 6.5962E-09 6.7206E-09 6.8430E-09 6.9683E-09 7.0926E-09 7.2537E-09 7.3958E-09 7.5455E-09 7.6963E-09 7.8799E-09 8.0486E-09 8.2199E-09 8.3969E-09 8.5787E-09 8.7855E-09 8.9743E-09 9.1641E-09 9.3524E-09 9.5390E-09 9.7243E-09 9.9033E-09 1.0077E-08 1.0244E-08 1.0426E-08 1.0573E-08 1.0707E-08 1.0828E-08 1.0935E-08 1.1029E-08 1.1103E-08 1.1159E-08 1.1197E-08 1.1227E-08 1.1319E-08 1.1396E-08 1.1372E-08 1.1289E-08 1.1235E-08 1.1119E-08 1.1008E-08 1.0877E-08 1.0732E-08 1.0573E-08 1.0405E-08 1.0206E-08 1.1151E-08 1.0991E-08 1.0747E-08 9.4015E-09
6.0282E-09 6.1100E-09 6.1822E-09 6.2658E-09 6.3444E-09 6.4461E-09 6.5515E-09 6.6566E-09 6.7850E-09 6.9120E-09 7.0422E-09 7.1711E-09 7.3392E-09 7.4911E-09 7.6473E-09 7.8296E-09 8.0052E-09 8.1860E-09 8.3711E-09 8.5647E-09 8.7873E-09 8.9943E-09 9.2019E-09 9.4146E-09 9.6290E-09 9.8434E-09 1.0053E-08 1.0289E-08 1.0499E-08 1.0699E-08 1.0888E-08 1.1064E-08 1.1230E-08 1.1384E-08 1.1526E-08 1.1654E-08 1.1764E-08 1.1851E-08 1.1915E-08 1.1958E-08 1.1985E-08 1.2061E-08 1.2137E-08 1.2117E-08 1.2048E-08 1.1980E-08 1.1849E-08 1.1738E-08 1.1552E-08 1.1393E-08 1.1220E-08 1.1030E-08 1.0827E-08 1.1847E-08 1.1650E-08 1.1461E-08 9.9160E-09
6.1570E-09 6.2328E-09 6.3100E-09 6.3952E-09 6.4952E-09 6.6044E-09 6.7114E-09 6.8420E-09 6.9743E-09 7.1077E-09 7.2623E-09 7.4150E-09 7.5751E-09 7.7372E-09 7.9326E-09 8.1167E-09 8.3114E-09 8.5087E-09 8.7416E-09 8.9626E-09 9.1856E-09 9.4170E-09 9.6543E-09 9.8931E-09 1.0160E-08 1.0406E-08 1.0649E-08 1.0886E-08 1.1119E-08 1.1345E-08 1.1563E-08 1.1769E-08 1.1960E-08 1.2136E-08 1.2322E-08 1.2466E-08 1.2586E-08 1.2683E-08 1.2754E-08 1.2803E-08 1.2829E-08 1.2861E-08 1.2935E-08 1.2921E-08 1.2844E-08 1.2752E-08 1.2623E-08 1.2510E-08 1.2312E-08 1.2130E-08 1.1935E-08 1.1701E-08 1.1480E-08 1.2586E-08 1.2389E-08 1.2171E-08 1.0467E-08
6.2774E-09 6.3537E-09 6.4443E-09 6.5252E-09 6.6486E-09 6.7613E-09 6.8922E-09 7.0278E-09 7.1635E-09 7.3233E-09 7.4809E-09 7.6478E-09 7.8159E-09 8.0207E-09 8.2166E-09 8.4215E-09 8.6316E-09 8.8835E-09 9.1191E-09 9.3627E-09 9.6163E-09 9.8756E-09 1.0171E-08 1.0441E-08 1.0717E-08 1.0992E-08 1.1269E-08 1.1538E-08 1.1803E-08 1.2091E-08 1.2341E-08 1.2577E-08 1.2795E-08 1.2992E-08 1.3171E-08 1.3333E-08 1.3472E-08 1.3585E-08 1.3667E-08 1.3722E-08 1.3749E-08 1.3787E-08 1.3854E-08 1.3840E-08 1.3750E-08 1.3635E-08 1.3494E-08 1.3337E-08 1.3124E-08 1.2923E-08 1.2700E-08 1.2460E-08 1.2205E-08 1.3397E-08 1.3160E-08 1.2922E-08 1.1086E-08
6.3983E-09 6.4873E-09 6.5718E-09 6.6826E-09 6.8020E-09 6.9354E-09 7.0729E-09 7.2114E-09 7.3748E-09 7.5383E-09 7.7093E-09 7.9050E-09 8.0955E-09 8.3022E-09 8.5150E-09 8.7640E-09 9.0058E-09 9.2606E-09 9.5210E-09 9.7952E-09 1.0110E-08 1.0402E-08 1.0704E-08 1.1012E-08 1.1324E-08 1.1660E-08 1.1975E-08 1.2288E-08 1.2592E-08 1.2883E-08 1.3163E-08 1.3430E-08 1.3679E-08 1.3905E-08 1.4108E-08 1.4291E-08 1.4449E-08 1.4576E-08 1.4667E-08 1.4728E-08 1.4758E-08 1.4777E-08 1.4830E-08 1.4819E-08 1.4717E-08 1.4586E-08 1.4427E-08 1.4284E-08 1.4033E-08 1.3805E-08 1.3530E-08 1.3266E-08 1.2986E-08 1.4261E-08 1.4013E-08 1.3745E-08 1.1734E-08
6.5169E-09 6.6119E-09 6.7195E-09 6.8382E-09 6.9518E-09 7.1090E-09 7.2524E-09 7.4168E-09 7.5847E-09 7.7588E-09 7.9605E-09 8.1567E-09 8.3725E-09 8.5932E-09 8.8555E-09 9.1110E-09 9.3809E-09 9.6583E-09 9.9827E-09 1.0293E-08 1.0613E-08 1.0945E-08 1.1285E-08 1.1661E-08 1.2014E-08 1.2371E-08 1.2725E-08 1.3076E-08 1.3421E-08 1.3752E-08 1.4069E-08 1.4400E-08 1.4682E-08 1.4941E-08 1.5172E-08 1.5377E-08 1.5554E-08 1.5697E-08 1.5803E-08 1.5870E-08 1.5903E-08 1.5903E-08 1.5933E-08 1.5916E-08 1.5802E-08 1.5651E-08 1.5444E-08 1.5272E-08 1.5007E-08 1.4747E-08 1.4463E-08 1.4159E-08 1.3845E-08 1.4943E-08 1.4916E-08 1.4618E-08 1.2731E-08
6.6482E-09 6.7556E-09 6.8688E-09 6.9860E-09 7.1282E-09 7.2842E-09 7.4500E-09 7.6198E-09 7.7970E-09 8.0034E-09 8.2064E-09 8.4278E-09 8.6556E-09 8.9281E-09 9.1979E-09 9.4790E-09 9.8000E-09 1.0119E-08 1.0454E-08 1.0798E-08 1.1159E-08 1.1562E-08 1.1948E-08 1.2340E-08 1.2740E-08 1.3144E-08 1.3544E-08 1.3968E-08 1.4361E-08 1.4740E-08 1.5098E-08 1.5436E-08 1.5754E-08 1.6047E-08 1.6310E-08 1.6543E-08 1.6744E-08 1.6908E-08 1.7028E-08 1.7105E-08 1.7142E-08 1.7128E-08 1.7129E-08 1.7103E-08 1.6976E-08 1.6805E-08 1.6630E-08 1.6361E-08 1.6094E-08 1.5800E-08 1.5457E-08 1.5122E-08 1.4765E-08 1.5163E-08 1.5900E-08 1.5547E-08 1.4045E-08
6.7700E-09 6.8868E-09 7.0135E-09 7.1522E-09 7.3051E-09 7.4530E-09 7.6441E-09 7.8257E-09 8.0335E-09 8.2419E-09 8.4672E-09 8.7251E-09 8.9822E-09 9.2638E-09 9.5556E-09 9.8949E-09 1.0230E-08 1.0587E-08 1.0954E-08 1.1373E-08 1.1782E-08 1.2203E-08 1.2636E-08 1.3081E-08 1.3560E-08 1.4018E-08 1.4471E-08 1.4917E-08 1.5354E-08 1.5781E-08 1.6192E-08 1.6579E-08 1.6939E-08 1.7267E-08 1.7594E-08 1.7855E-08 1.8079E-08 1.8259E-08 1.8394E-08 1.8480E-08 1.8520E-08 1.8497E-08 1.8463E-08 1.8418E-08 1.8247E-08 1.8056E-08 1.7881E-08 1.7560E-08 1.7256E-08 1.6922E-08 1.6562E-08 1.6183E-08 1.5759E-08 1.5350E-08 1.6950E-08 1.6577E-08 1.5426E-08
6.9133E-09 7.0346E-09 7.1755E-09 7.3194E-09 7.4712E-09 7.6510E-09 7.8429E-09 8.0518E-09 8.2625E-09 8.4912E-09 8.7548E-09 9.0195E-09 9.3089E-09 9.6100E-09 9.9631E-09 1.0317E-08 1.0690E-08 1.1107E-08 1.1528E-08 1.1968E-08 1.2422E-08 1.2896E-08 1.3414E-08 1.3919E-08 1.4426E-08 1.4935E-08 1.5445E-08 1.5951E-08 1.6446E-08 1.6961E-08 1.7428E-08 1.7868E-08 1.8274E-08 1.8646E-08 1.8981E-08 1.9275E-08 1.9528E-08 1.9733E-08 1.9886E-08 1.9983E-08 2.0027E-08 1.9998E-08 1.9922E-08 1.9846E-08 1.9688E-08 1.9466E-08 1.9257E-08 1.8892E-08 1.8548E-08 1.8147E-08 1.7748E-08 1.7319E-08 1.6868E-08 1.6400E-08 1.8063E-08 1.7658E-08 1.6851E-08
7.0430E-09 7.1729E-09 7.3222E-09 7.4827E-09 7.6583E-09 7.8476E-09 8.0362E-09 8.2691E-09 8.5017E-09 8.7677E-09 9.0383E-09 9.3327E-09 9.6667E-09 1.0006E-08 1.0376E-08 1.0762E-08 1.1204E-08 1.1647E-08 1.2117E-08 1.2602E-08 1.3144E-08 1.3681E-08 1.4230E-08 1.4791E-08 1.5361E-08 1.5933E-08 1.6542E-08 1.7118E-08 1.7678E-08 1.8219E-08 1.8740E-08 1.9237E-08 1.9701E-08 2.0124E-08 2.0502E-08 2.0831E-08 2.1115E-08 2.1341E-08 2.1512E-08 2.1618E-08 2.1665E-08 2.1635E-08 2.1514E-08 2.1402E-08 2.1225E-08 2.0974E-08 2.0730E-08 2.0326E-08 1.9973E-08 1.9511E-08 1.9057E-08 1.8577E-08 1.8046E-08 1.7526E-08 1.9302E-08 1.8832E-08 1.8311E-08
7.1858E-09 7.3319E-09 7.4878E-09 7.6625E-09 7.8432E-09 8.0353E-09 8.2621E-09 8.4985E-09 8.7647E-09 9.0377E-09 9.3358E-09 9.6766E-09 1.0024E-08 1.0405E-08 1.0804E-08 1.1264E-08 1.1730E-08 1.2224E-08 1.2739E-08 1.3321E-08 1.3897E-08 1.4494E-08 1.5107E-08 1.5733E-08 1.6410E-08 1.7058E-08 1.7704E-08 1.8346E-08 1.8980E-08 1.9593E-08 2.0181E-08 2.0738E-08 2.1256E-08 2.1729E-08 2.2154E-08 2.2523E-08 2.2837E-08 2.3088E-08 2.3272E-08 2.3387E-08 2.3436E-08 2.3407E-08 2.3239E-08 2.3076E-08 2.2873E-08 2.2589E-08 2.2277E-08 2.1868E-08 2.1510E-08 2.0966E-08 2.0454E-08 1.9911E-08 1.9343E-08 1.8760E-08 2.0597E-08 2.0078E-08 1.9526E-08
7.3172E-09 7.4796E-09 7.6414E-09 7.8280E-09 8.0264E-09 8.2465E-09 8.4803E-09 8.7235E-09 9.0193E-09 9.3207E-09 9.6642E-09 1.0019E-08 1.0405E-08 1.0814E-08 1.1289E-08 1.1775E-08 1.2288E-08 1.2863E-08 1.3447E-08 1.4065E-08 1.4702E-08 1.5363E-08 1.6087E-08 1.6793E-08 1.7512E-08 1.8237E-08 1.8964E-08 1.9685E-08 2.0392E-08 2.1079E-08 2.1734E-08 2.2351E-08 2.2927E-08 2.3453E-08 2.3925E-08 2.4336E-08 2.4683E-08 2.4960E-08 2.5163E-08 2.5292E-08 2.5345E-08 2.5319E-08 2.5111E-08 2.4884E-08 2.4648E-08 2.4330E-08 2.3952E-08 2.3520E-08 2.3118E-08 2.2512E-08 2.1949E-08 2.1349E-08 2.0723E-08 2.0070E-08 2.2007E-08 2.1420E-08 2.0787E-08
7.4702E-09 7.6353E-09 7.8165E-09 8.0098E-09 8.2273E-09 8.4504E-09 8.6955E-09 8.9839E-09 9.2883E-09 9.6306E-09 9.9873E-09 1.0378E-08 1.0821E-08 1.1280E-08 1.1781E-08 1.2310E-08 1.2910E-08 1.3523E-08 1.4174E-08 1.4850E-08 1.5597E-08 1.6339E-08 1.7109E-08 1.7898E-08 1.8699E-08 1.9510E-08 2.0319E-08 2.1119E-08 2.1900E-08 2.2658E-08 2.3386E-08 2.4076E-08 2.4719E-08 2.5308E-08 2.5836E-08 2.6295E-08 2.6679E-08 2.6985E-08 2.7207E-08 2.7348E-08 2.7405E-08 2.7377E-08 2.7139E-08 2.6839E-08 2.6557E-08 2.6200E-08 2.5775E-08 2.5290E-08 2.4839E-08 2.4163E-08 2.3534E-08 2.2870E-08 2.2179E-08 2.1466E-08 2.3487E-08 2.2835E-08 2.2153E-08
7.6202E-09 7.7792E-09 7.9839E-09 8.1803E-09 8.4139E-09 8.6579E-09 8.9374E-09 9.2373E-09 9.5535E-09 9.9332E-09 1.0326E-08 1.0773E-08 1.1238E-08 1.1747E-08 1.2288E-08 1.2907E-08 1.3547E-08 1.4224E-08 1.4970E-08 1.5728E-08 1.6524E-08 1.7350E-08 1.8203E-08 1.9079E-08 1.9967E-08 2.0861E-08 2.1752E-08 2.2636E-08 2.3505E-08 2.4351E-08 2.5163E-08 2.5932E-08 2.6649E-08 2.7306E-08 2.7894E-08 2.8405E-08 2.8831E-08 2.9169E-08 2.9410E-08 2.9565E-08 2.9626E-08 2.9591E-08 2.9336E-08 2.8955E-08 2.8613E-08 2.8213E-08 2.7738E-08 2.7195E-08 2.6674E-08 2.5935E-08 2.5234E-08 2.4494E-08 2.3726E-08 2.2934E-08 2.4498E-08 2.4321E-08 2.3579E-08
7.7619E-09 7.9484E-09 8.1488E-09 8.3743E-09 8.6113E-09 8.8847E-09 9.1720E-09 9.4871E-09 9.8582E-09 1.0252E-08 1.0696E-08 1.1163E-08 1.1676E-08 1.2254E-08 1.2858E-08 1.3517E-08 1.4215E-08 1.4995E-08 1.5789E-08 1.6631E-08 1.7507E-08 1.8422E-08 1.9362E-08 2.0326E-08 2.1300E-08 2.2286E-08 2.3275E-08 2.4257E-08 2.5223E-08 2.6163E-08 2.7065E-08 2.7921E-08 2.8719E-08 2.9449E-08 3.0103E-08 3.0671E-08 3.1142E-08 3.1514E-08 3.1778E-08 3.1948E-08 3.2014E-08 3.1974E-08 3.1709E-08 3.1240E-08 3.0821E-08 3.0372E-08 2.9840E-08 2.9295E-08 2.8562E-08 2.7832E-08 2.7051E-08 2.6230E-08 2.5377E-08 2.4499E-08 2.5081E-08 2.5869E-08 2.5053E-08
7.8943E-09 8.1077E-09 8.3065E-09 8.5536E-09 8.8020E-09 9.0970E-09 9.4097E-09 9.7675E-09 1.0156E-08 1.0569E-08 1.1059E-08 1.1573E-08 1.2153E-08 1.2765E-08 1.3434E-08 1.4146E-08 1.4953E-08 1.5781E-08 1.6658E-08 1.7580E-08 1.8545E-08 1.9546E-08 2.0576E-08 2.1632E-08 2.2709E-08 2.3800E-08 2.4894E-08 2.5982E-08 2.7053E-08 2.8094E-08 2.9095E-08 3.0044E-08 3.0928E-08 3.1740E-08 3.2467E-08 3.3100E-08 3.3622E-08 3.4032E-08 3.4318E-08 3.4500E-08 3.4570E-08 3.4523E-08 3.4255E-08 3.3698E-08 3.3184E-08 3.2680E-08 3.2089E-08 3.1517E-08 3.0666E-08 2.9854E-08 2.8988E-08 2.8077E-08 2.7131E-08 2.6161E-08 2.5556E-08 2.7498E-08 2.6598E-08
8.0528E-09 8.2607E-09 8.4922E-09 8.7358E-09 9.0185E-09 9.3210E-09 9.6686E-09 1.0040E-08 1.0449E-08 1.0927E-08 1.1440E-08 1.2016E-08 1.2628E-08 1.3301E-08 1.4023E-08 1.4847E-08 1.5700E-08 1.6604E-08 1.7565E-08 1.8571E-08 1.9625E-08 2.0716E-08 2.1848E-08 2.3012E-08 2.4200E-08 2.5402E-08 2.6610E-08 2.7811E-08 2.8994E-08 3.0148E-08 3.1256E-08 3.2307E-08 3.3288E-08 3.4186E-08 3.4990E-08 3.5689E-08 3.6266E-08 3.6714E-08 3.7026E-08 3.7221E-08 3.7296E-08 3.7242E-08 3.6977E-08 3.6334E-08 3.5708E-08 3.5138E-08 3.4480E-08 3.3841E-08 3.2901E-08 3.2001E-08 3.1042E-08 3.0035E-08 2.8993E-08 2.7922E-08 2.6834E-08 2.9210E-08 2.8217E-08
8.2009E-09 8.4031E-09 8.6598E-09 8.9097E-09 9.2200E-09 9.5368E-09 9.9128E-09 1.0315E-08 1.0776E-08 1.1280E-08 1.1820E-08 1.2454E-08 1.3125E-08 1.3881E-08 1.4681E-08 1.5549E-08 1.6471E-08 1.7458E-08 1.8500E-08 1.9596E-08 2.0743E-08 2.1941E-08 2.3183E-08 2.4463E-08 2.5770E-08 2.7095E-08 2.8426E-08 2.9749E-08 3.1054E-08 3.2324E-08 3.3545E-08 3.4704E-08 3.5785E-08 3.6777E-08 3.7665E-08 3.8438E-08 3.9076E-08 3.9568E-08 3.9905E-08 4.0111E-08 4.0190E-08 4.0126E-08 3.9861E-08 3.9143E-08 3.8390E-08 3.7743E-08 3.7014E-08 3.6307E-08 3.5270E-08 3.4322E-08 3.3217E-08 3.2106E-08 3.0955E-08 2.9776E-08 2.8581E-08 3.0997E-08 2.9906E-08
8.3422E-09 8.5754E-09 8.8261E-09 9.1146E-09 9.4228E-09 9.7803E-09 1.0169E-08 1.0613E-08 1.1095E-08 1.1626E-08 1.2245E-08 1.2912E-08 1.3659E-08 1.4458E-08 1.5334E-08 1.6266E-08 1.7267E-08 1.8334E-08 1.9462E-08 2.0655E-08 2.1910E-08 2.3223E-08 2.4585E-08 2.5988E-08 2.7422E-08 2.8875E-08 3.0335E-08 3.1788E-08 3.3220E-08 3.4616E-08 3.5960E-08 3.7234E-08 3.8425E-08 3.9516E-08 4.0493E-08 4.1343E-08 4.2045E-08 4.2578E-08 4.2945E-08 4.3162E-08 4.3245E-08 4.3172E-08 4.2909E-08 4.2131E-08 4.1236E-08 4.0494E-08 3.9689E-08 3.8851E-08 3.7763E-08 3.6822E-08 3.5504E-08 3.4282E-08 3.3018E-08 3.1724E-08 3.0413E-08 3.2857E-08 3.1661E-08
8.4726E-09 8.7279E-09 8.9794E-09 9.2994E-09 9.6422E-09 1.0008E-08 1.0414E-08 1.0895E-08 1.1415E-08 1.2009E-08 1.2663E-08 1.3366E-08 1.4186E-08 1.5061E-08 1.5994E-08 1.7000E-08 1.8081E-08 1.9231E-08 2.0456E-08 2.1755E-08 2.3124E-08 2.4556E-08 2.6042E-08 2.7575E-08 2.9144E-08 3.0735E-08 3.2335E-08 3.3927E-08 3.5495E-08 3.7024E-08 3.8494E-08 3.9894E-08 4.1208E-08 4.2412E-08 4.3491E-08 4.4427E-08 4.5199E-08 4.5778E-08 4.6167E-08 4.6382E-08 4.6457E-08 4.6373E-08 4.6104E-08 4.5282E-08 4.4238E-08 4.3383E-08 4.2498E-08 4.1493E-08 4.0382E-08 3.9343E-08 3.7900E-08 3.6560E-08 3.5175E-08 3.3758E-08 3.2324E-08 3.4784E-08 3.3476E-08
8.6259E-09 8.8780E-09 9.1674E-09 9.4802E-09 9.8432E-09 1.0235E-08 1.0690E-08 1.1189E-08 1.1759E-08 1.2383E-08 1.3072E-08 1.3871E-08 1.4737E-08 1.5662E-08 1.6663E-08 1.7746E-08 1.8906E-08 2.0149E-08 2.1477E-08 2.2888E-08 2.4376E-08 2.5935E-08 2.7555E-08 2.9226E-08 3.0936E-08 3.2671E-08 3.4415E-08 3.6152E-08 3.7864E-08 3.9534E-08 4.1158E-08 4.2703E-08 4.4149E-08 4.5479E-08 4.6663E-08 4.7687E-08 4.8531E-08 4.9155E-08 4.9566E-08 4.9780E-08 4.9844E-08 4.9728E-08 4.9434E-08 4.8596E-08 4.7396E-08 4.6405E-08 4.5432E-08 4.4330E-08 4.3112E-08 4.1970E-08 4.0397E-08 3.8933E-08 3.7420E-08 3.5874E-08 3.4310E-08 3.6771E-08 3.5345E-08
8.7631E-09 9.0154E-09 9.3310E-09 9.6745E-09 1.0048E-08 1.0480E-08 1.0948E-08 1.1469E-08 1.2086E-08 1.2756E-08 1.3522E-08 1.4368E-08 1.5280E-08 1.6266E-08 1.7341E-08 1.8497E-08 1.9745E-08 2.1088E-08 2.2525E-08 2.4052E-08 2.5664E-08 2.7353E-08 2.9111E-08 3.0924E-08 3.2783E-08 3.4671E-08 3.6569E-08 3.8460E-08 4.0328E-08 4.2172E-08 4.3953E-08 4.5650E-08 4.7247E-08 4.8725E-08 5.0045E-08 5.1179E-08 5.2100E-08 5.2759E-08 5.3168E-08 5.3352E-08 5.3393E-08 5.3249E-08 5.2898E-08 5.2045E-08 5.0695E-08 4.9546E-08 4.8481E-08 4.7277E-08 4.5949E-08 4.4674E-08 4.2987E-08 4.1392E-08 3.9744E-08 3.8062E-08 3.6363E-08 3.7882E-08 3.7263E-08
8.8959E-09 9.1794E-09 9.4904E-09 9.8511E-09 1.0244E-08 1.0703E-08 1.1202E-08 1.1782E-08 1.2424E-08 1.3154E-08 1.3961E-08 1.4854E-08 1.5819E-08 1.6874E-08 1.8016E-08 1.9255E-08 2.0596E-08 2.2042E-08 2.3589E-08 2.5236E-08 2.6976E-08 2.8802E-08 3.0703E-08 3.2668E-08 3.4683E-08 3.6727E-08 3.8785E-08 4.0836E-08 4.2890E-08 4.4908E-08 4.6867E-08 4.8776E-08 5.0583E-08 5.2248E-08 5.3732E-08 5.4987E-08 5.5984E-08 5.6666E-08 5.7048E-08 5.7177E-08 5.7130E-08 5.6904E-08 5.6511E-08 5.5637E-08 5.4130E-08 5.2801E-08 5.1630E-08 5.0320E-08 4.8948E-08 4.7314E-08 4.5658E-08 4.3927E-08 4.2141E-08 4.0318E-08 3.8478E-08 3.8450E-08 3.9223E-08
9.0190E-09 9.3222E-09 9.6344E-09 1.0027E-08 1.0456E-08 1.0928E-08 1.1475E-08 1.2074E-08 1.2744E-08 1.3534E-08 1.4398E-08 1.5328E-08 1.6359E-08 1.7475E-08 1.8690E-08 2.0015E-08 2.1453E-08 2.3004E-08 2.4666E-08 2.6437E-08 2.8309E-08 3.0274E-08 3.2323E-08 3.4441E-08 3.6613E-08 3.8824E-08 4.1049E-08 4.3294E-08 4.5536E-08 4.7753E-08 4.9963E-08 5.2120E-08 5.4182E-08 5.6097E-08 5.7804E-08 5.9226E-08 6.0304E-08 6.0977E-08 6.1275E-08 6.1286E-08 6.1117E-08 6.0773E-08 6.0234E-08 5.9352E-08 5.7681E-08 5.6154E-08 5.4866E-08 5.3448E-08 5.2060E-08 5.0194E-08 4.8402E-08 4.6529E-08 4.4597E-08 4.2628E-08 4.0641E-08 3.9084E-08 4.1215E-08
9.1304E-09 9.4594E-09 9.8093E-09 1.0195E-08 1.0647E-08 1.1143E-08 1.1723E-08 1.2360E-08 1.3098E-08 1.3922E-08 1.4813E-08 1.5802E-08 1.6889E-08 1.8068E-08 1.9363E-08 2.0777E-08 2.2311E-08 2.3968E-08 2.5746E-08 2.7641E-08 2.9648E-08 3.1758E-08 3.3959E-08 3.6236E-08 3.8573E-08 4.0950E-08 4.3355E-08 4.5799E-08 4.8243E-08 5.0733E-08 5.3232E-08 5.5718E-08 5.8174E-08 6.0485E-08 6.2528E-08 6.4176E-08 6.5338E-08 6.5959E-08 6.6079E-08 6.5830E-08 6.5379E-08 6.4833E-08 6.4154E-08 6.3147E-08 6.1388E-08 5.9596E-08 5.8173E-08 5.6641E-08 5.5135E-08 5.3129E-08 5.1198E-08 4.9180E-08 4.7100E-08 4.4980E-08 4.2842E-08 4.0706E-08 4.3237E-08
