Assets/Resources/2015_m01_d03_0000(utc+0800)_l00_csi_1hr_conc.grd
DSAA
         159         159
     -79.000      79.000
     -79.000      79.000
  0.0000E+00  0.2059E-04
[rows 25 to 49 of 159, columns 0 to 56 of 159]
9.5692E-11 1.0824E-10 1.2217E-10 1.3760E-10 1.5466E-10 1.7348E-10 1.9416E-10 2.1686E-10 2.4169E-10 2.6880E-10 2.9831E-10 3.3035E-10 3.6505E-10 4.0253E-10 4.4290E-10 4.8627E-10 5.3274E-10 5.8239E-10 6.3528E-10 6.9148E-10 7.5100E-10 8.1388E-10 8.8010E-10 9.4962E-10 1.0224E-09 1.0984E-09 1.1791E-09 1.2621E-09 1.3478E-09 1.4354E-09 1.5253E-09 1.6192E-09 1.7132E-09 1.8109E-09 1.9077E-09 2.0053E-09 2.1598E-09 2.3557E-09 2.5911E-09 2.8480E-09 3.1847E-09 3.5383E-09 3.8566E-09 4.0974E-09 4.2699E-09 4.3843E-09 4.4520E-09 4.4997E-09 4.5282E-09 4.5262E-09 4.5048E-09 4.4503E-09 4.3744E-09 4.2769E-09 4.1274E-09 3.9327E-09 3.7038E-09
9.4549E-11 1.0696E-10 1.2076E-10 1.3604E-10 1.5294E-10 1.7158E-10 1.9207E-10 2.1457E-10 2.3918E-10 2.6605E-10 2.9531E-10 3.2709E-10 3.6151E-10 3.9869E-10 4.3875E-10 4.8179E-10 5.2791E-10 5.7719E-10 6.2970E-10 6.8549E-10 7.4461E-10 8.0705E-10 8.7282E-10 9.4188E-10 1.0142E-09 1.0913E-09 1.1707E-09 1.2534E-09 1.3380E-09 1.4251E-09 1.5164E-09 1.6081E-09 1.7039E-09 1.7992E-09 1.8956E-09 1.9949E-09 2.1488E-09 2.3417E-09 2.5675E-09 2.8626E-09 3.1946E-09 3.5896E-09 3.9283E-09 4.1820E-09 4.3598E-09 4.4717E-09 4.5335E-09 4.5764E-09 4.5977E-09 4.5952E-09 4.5695E-09 4.5080E-09 4.4333E-09 4.3351E-09 4.1958E-09 4.0103E-09 3.7864E-09
9.2562E-11 1.0553E-10 1.1916E-10 1.3427E-10 1.5098E-10 1.6941E-10 1.8968E-10 2.1193E-10 2.3629E-10 2.6288E-10 2.9185E-10 3.2331E-10 3.5739E-10 3.9421E-10 4.3389E-10 4.7652E-10 5.2222E-10 5.7105E-10 6.2309E-10 6.7840E-10 7.3700E-10 7.9890E-10 8.6412E-10 9.3260E-10 1.0060E-09 1.0813E-09 1.1609E-09 1.2421E-09 1.3260E-09 1.4144E-09 1.5034E-09 1.5968E-09 1.6900E-09 1.7847E-09 1.8829E-09 1.9802E-09 2.1353E-09 2.3305E-09 2.5671E-09 2.8773E-09 3.2202E-09 3.6419E-09 4.0058E-09 4.2733E-09 4.4555E-09 4.5642E-09 4.6217E-09 4.6540E-09 4.6693E-09 4.6608E-09 4.6335E-09 4.5692E-09 4.4928E-09 4.3965E-09 4.2653E-09 4.0868E-09 3.8675E-09
9.0454E-11 1.0393E-10 1.1738E-10 1.3229E-10 1.4878E-10 1.6697E-10 1.8699E-10 2.0897E-10 2.3303E-10 2.5930E-10 2.8792E-10 3.1901E-10 3.5270E-10 3.8910E-10 4.2834E-10 4.7050E-10 5.1570E-10 5.6401E-10 6.1549E-10 6.7021E-10 7.2820E-10 7.8948E-10 8.5402E-10 9.2349E-10 9.9469E-10 1.0707E-09 1.1483E-09 1.2288E-09 1.3138E-09 1.3998E-09 1.4903E-09 1.5810E-09 1.6735E-09 1.7698E-09 1.8662E-09 1.9640E-09 2.1161E-09 2.3158E-09 2.5666E-09 2.8902E-09 3.2466E-09 3.6933E-09 4.0858E-09 4.3714E-09 4.5610E-09 4.6658E-09 4.7154E-09 4.7379E-09 4.7411E-09 4.7277E-09 4.6976E-09 4.6336E-09 4.5568E-09 4.4569E-09 4.3304E-09 4.1608E-09 3.9462E-09
8.8954E-11 1.0147E-10 1.1542E-10 1.3011E-10 1.4636E-10 1.6429E-10 1.8402E-10 2.0569E-10 2.2941E-10 2.5533E-10 2.8356E-10 3.1423E-10 3.4747E-10 3.8340E-10 4.2212E-10 4.6375E-10 5.0838E-10 5.5608E-10 6.0693E-10 6.6098E-10 7.1827E-10 7.7880E-10 8.4421E-10 9.1143E-10 9.8348E-10 1.0572E-09 1.1340E-09 1.2153E-09 1.2979E-09 1.3853E-09 1.4730E-09 1.5629E-09 1.6568E-09 1.7513E-09 1.8474E-09 1.9431E-09 2.0935E-09 2.2722E-09 2.5617E-09 2.9038E-09 3.2776E-09 3.7461E-09 4.1709E-09 4.4802E-09 4.6728E-09 4.7753E-09 4.8128E-09 4.8241E-09 4.8130E-09 4.7986E-09 4.7648E-09 4.6991E-09 4.6192E-09 4.5187E-09 4.3918E-09 4.2315E-09 4.0249E-09
8.6616E-11 9.8885E-11 1.1330E-10 1.2774E-10 1.4373E-10 1.6137E-10 1.8078E-10 2.0211E-10 2.2546E-10 2.5097E-10 2.7877E-10 3.0898E-10 3.4172E-10 3.7712E-10 4.1527E-10 4.5630E-10 5.0028E-10 5.4730E-10 5.9744E-10 6.5073E-10 7.0723E-10 7.6785E-10 8.3165E-10 8.9959E-10 9.6929E-10 1.0421E-09 1.1196E-09 1.1985E-09 1.2823E-09 1.3667E-09 1.4535E-09 1.5447E-09 1.6365E-09 1.7306E-09 1.8247E-09 1.9196E-09 2.0699E-09 2.2531E-09 2.5571E-09 2.9144E-09 3.3095E-09 3.8020E-09 4.2645E-09 4.5984E-09 4.7973E-09 4.8913E-09 4.9176E-09 4.9159E-09 4.8920E-09 4.8672E-09 4.8349E-09 4.7630E-09 4.6832E-09 4.5678E-09 4.4535E-09 4.3045E-09 4.1077E-09
8.4180E-11 9.6922E-11 1.1031E-10 1.2520E-10 1.4089E-10 1.5821E-10 1.7729E-10 1.9823E-10 2.2118E-10 2.4625E-10 2.7358E-10 3.0328E-10 3.3548E-10 3.7028E-10 4.0782E-10 4.4817E-10 4.9145E-10 5.3772E-10 5.8706E-10 6.3952E-10 6.9513E-10 7.5565E-10 8.1888E-10 8.8497E-10 9.5367E-10 1.0267E-09 1.1021E-09 1.1820E-09 1.2629E-09 1.3462E-09 1.4341E-09 1.5228E-09 1.6146E-09 1.7064E-09 1.7994E-09 1.8958E-09 2.0410E-09 2.2335E-09 2.5480E-09 2.9243E-09 3.3454E-09 3.8603E-09 4.3646E-09 4.7249E-09 4.9309E-09 5.0178E-09 5.0337E-09 5.0172E-09 4.9790E-09 4.9420E-09 4.9013E-09 4.8298E-09 4.7468E-09 4.6359E-09 4.5229E-09 4.3799E-09 4.1888E-09
8.2389E-11 9.4113E-11 1.0720E-10 1.2249E-10 1.3787E-10 1.5485E-10 1.7355E-10 1.9409E-10 2.1660E-10 2.4120E-10 2.6801E-10 2.9716E-10 3.2876E-10 3.6293E-10 3.9978E-10 4.3941E-10 4.8191E-10 5.2737E-10 5.7584E-10 6.2738E-10 6.8371E-10 7.4173E-10 8.0458E-10 8.6909E-10 9.3700E-10 1.0092E-09 1.0845E-09 1.1620E-09 1.2417E-09 1.3252E-09 1.4109E-09 1.5002E-09 1.5892E-09 1.6799E-09 1.7743E-09 1.8679E-09 1.9982E-09 2.2087E-09 2.5367E-09 2.9253E-09 3.3808E-09 3.9226E-09 4.4596E-09 4.8632E-09 5.0777E-09 5.1509E-09 5.1574E-09 5.1261E-09 5.0701E-09 5.0190E-09 4.9717E-09 4.9002E-09 4.8189E-09 4.7040E-09 4.5883E-09 4.4501E-09 4.2685E-09
7.9770E-11 9.1214E-11 1.0472E-10 1.1891E-10 1.3467E-10 1.5129E-10 1.6959E-10 1.8970E-10 2.1174E-10 2.3583E-10 2.6209E-10 2.9064E-10 3.2160E-10 3.5509E-10 3.9121E-10 4.3006E-10 4.7172E-10 5.1629E-10 5.6383E-10 6.1571E-10 6.6982E-10 7.2839E-10 7.8866E-10 8.5202E-10 9.2025E-10 9.9019E-10 1.0648E-09 1.1405E-09 1.2192E-09 1.3022E-09 1.3881E-09 1.4740E-09 1.5618E-09 1.6537E-09 1.7450E-09 1.8393E-09 1.9323E-09 2.1808E-09 2.5256E-09 2.9354E-09 3.4210E-09 3.9655E-09 4.5712E-09 5.0153E-09 5.2423E-09 5.3049E-09 5.2948E-09 5.2418E-09 5.1680E-09 5.1014E-09 5.0484E-09 4.9736E-09 4.8881E-09 4.7718E-09 4.6575E-09 4.5150E-09 4.3545E-09
7.7083E-11 8.8967E-11 1.0139E-10 1.1523E-10 1.3131E-10 1.4754E-10 1.6543E-10 1.8508E-10 2.0662E-10 2.3016E-10 2.5584E-10 2.8376E-10 3.1404E-10 3.4680E-10 3.8213E-10 4.2014E-10 4.6092E-10 5.0454E-10 5.5109E-10 6.0231E-10 6.5627E-10 7.1263E-10 7.7171E-10 8.3558E-10 9.0097E-10 9.7154E-10 1.0431E-09 1.1174E-09 1.1969E-09 1.2790E-09 1.3614E-09 1.4460E-09 1.5350E-09 1.6234E-09 1.7157E-09 1.8068E-09 1.8986E-09 2.1522E-09 2.5097E-09 2.9481E-09 3.4393E-09 4.0386E-09 4.6920E-09 5.1819E-09 5.4230E-09 5.4746E-09 5.4429E-09 5.3677E-09 5.2774E-09 5.1972E-09 5.1178E-09 5.0474E-09 4.9586E-09 4.8451E-09 4.7349E-09 4.5951E-09 4.4386E-09
7.5074E-11 8.5897E-11 9.7990E-11 1.1218E-10 1.2710E-10 1.4363E-10 1.6107E-10 1.8024E-10 2.0125E-10 2.2423E-10 2.4928E-10 2.7654E-10 3.0610E-10 3.3808E-10 3.7259E-10 4.0972E-10 4.4955E-10 4.9217E-10 5.3929E-10 5.8791E-10 6.4119E-10 6.9600E-10 7.5456E-10 8.1655E-10 8.8271E-10 9.5000E-10 1.0202E-09 1.0954E-09 1.1734E-09 1.2522E-09 1.3332E-09 1.4186E-09 1.5042E-09 1.5937E-09 1.6825E-09 1.7723E-09 1.8655E-09 2.1178E-09 2.4938E-09 2.9583E-09 3.4655E-09 4.0999E-09 4.8164E-09 5.3630E-09 5.6194E-09 5.6602E-09 5.6053E-09 5.5094E-09 5.3965E-09 5.2940E-09 5.1916E-09 5.1224E-09 5.0399E-09 4.9253E-09 4.8125E-09 4.6709E-09 4.5226E-09
7.2255E-11 8.2772E-11 9.5245E-11 1.0830E-10 1.2280E-10 1.3957E-10 1.5655E-10 1.7521E-10 1.9567E-10 2.1805E-10 2.4246E-10 2.6901E-10 2.9782E-10 3.2899E-10 3.6263E-10 3.9882E-10 4.3766E-10 4.7991E-10 5.2537E-10 5.7443E-10 6.2502E-10 6.7856E-10 7.3687E-10 7.9713E-10 8.6154E-10 9.2738E-10 9.9765E-10 1.0706E-09 1.1469E-09 1.2241E-09 1.3045E-09 1.3879E-09 1.4743E-09 1.5602E-09 1.6475E-09 1.7386E-09 1.8282E-09 2.0824E-09 2.4722E-09 2.9438E-09 3.5246E-09 4.1785E-09 4.9478E-09 5.5553E-09 5.8347E-09 5.8645E-09 5.7885E-09 5.6627E-09 5.5227E-09 5.3989E-09 5.2797E-09 5.2101E-09 5.1193E-09 5.0059E-09 4.8914E-09 4.7531E-09 4.6124E-09
6.9397E-11 8.0331E-11 9.1693E-11 1.0436E-10 1.1914E-10 1.3469E-10 1.5187E-10 1.7001E-10 1.8990E-10 2.1165E-10 2.3539E-10 2.6121E-10 2.8923E-10 3.1956E-10 3.5229E-10 3.8751E-10 4.2531E-10 4.6746E-10 5.1133E-10 5.5887E-10 6.0819E-10 6.6212E-10 7.1748E-10 7.7797E-10 8.3945E-10 9.0379E-10 9.7340E-10 1.0459E-09 1.1191E-09 1.1947E-09 1.2752E-09 1.3580E-09 1.4408E-09 1.5252E-09 1.6134E-09 1.7011E-09 1.7921E-09 2.0402E-09 2.4383E-09 2.9378E-09 3.5853E-09 4.2689E-09 5.0807E-09 5.7591E-09 6.0701E-09 6.0948E-09 5.9867E-09 5.8223E-09 5.6601E-09 5.5156E-09 5.3829E-09 5.2940E-09 5.2032E-09 5.0889E-09 4.9786E-09 4.8459E-09 4.7043E-09
6.7252E-11 7.7094E-11 8.8101E-11 1.0108E-10 1.1467E-10 1.2974E-10 1.4635E-10 1.6466E-10 1.8396E-10 2.0507E-10 2.2810E-10 2.5317E-10 2.8038E-10 3.0982E-10 3.4161E-10 3.7582E-10 4.1356E-10 4.5368E-10 4.9755E-10 5.4276E-10 5.9091E-10 6.4346E-10 6.9904E-10 7.5660E-10 8.1656E-10 8.8170E-10 9.4982E-10 1.0187E-09 1.0902E-09 1.1667E-09 1.2443E-09 1.3248E-09 1.4060E-09 1.4900E-09 1.5761E-09 1.6648E-09 1.7521E-09 1.9933E-09 2.4042E-09 2.9584E-09 3.6519E-09 4.3617E-09 5.2167E-09 5.9732E-09 6.3157E-09 6.3414E-09 6.2014E-09 5.9972E-09 5.8134E-09 5.6447E-09 5.4879E-09 5.3832E-09 5.2903E-09 5.1804E-09 5.0730E-09 4.9389E-09 4.8007E-09
6.4315E-11 7.3836E-11 8.5198E-11 9.7019E-11 1.1016E-10 1.2470E-10 1.4076E-10 1.5918E-10 1.7787E-10 1.9832E-10 2.2064E-10 2.4493E-10 2.7129E-10 2.9983E-10 3.3064E-10 3.6381E-10 4.0113E-10 4.4017E-10 4.8227E-10 5.2618E-10 5.7458E-10 6.2425E-10 6.7898E-10 7.3458E-10 7.9416E-10 8.5727E-10 9.2341E-10 9.9067E-10 1.0624E-09 1.1355E-09 1.2131E-09 1.2906E-09 1.3702E-09 1.4543E-09 1.5401E-09 1.6250E-09 1.7110E-09 1.9436E-09 2.3163E-09 2.9808E-09 3.7184E-09 4.4756E-09 5.3436E-09 6.1951E-09 6.5876E-09 6.6079E-09 6.4351E-09 6.1982E-09 5.9809E-09 5.7807E-09 5.6022E-09 5.4806E-09 5.3681E-09 5.2788E-09 5.1687E-09 5.0401E-09 4.9019E-09
6.1373E-11 7.1295E-11 8.1526E-11 9.2940E-11 1.0559E-10 1.1962E-10 1.3585E-10 1.5291E-10 1.7167E-10 1.9144E-10 2.1302E-10 2.3651E-10 2.6201E-10 2.8962E-10 3.1942E-10 3.5250E-10 3.8782E-10 4.2665E-10 4.6662E-10 5.0965E-10 5.5635E-10 6.0669E-10 6.5797E-10 7.1200E-10 7.7122E-10 8.3341E-10 8.9633E-10 9.6189E-10 1.0326E-09 1.1060E-09 1.1797E-09 1.2555E-09 1.3361E-09 1.4174E-09 1.5008E-09 1.5843E-09 1.6701E-09 1.8866E-09 2.2950E-09 2.9987E-09 3.7852E-09 4.5950E-09 5.4895E-09 6.4113E-09 6.8718E-09 6.8940E-09 6.6923E-09 6.4161E-09 6.1589E-09 5.9283E-09 5.7287E-09 5.5921E-09 5.4705E-09 5.3783E-09 5.2735E-09 5.1485E-09 5.0161E-09
5.9174E-11 6.7987E-11 7.7852E-11 8.8813E-11 1.0101E-10 1.1526E-10 1.3017E-10 1.4661E-10 1.6466E-10 1.8445E-10 2.0527E-10 2.2795E-10 2.5257E-10 2.7922E-10 3.0801E-10 3.4071E-10 3.7482E-10 4.1199E-10 4.5068E-10 4.9367E-10 5.3775E-10 5.8678E-10 6.3652E-10 6.9091E-10 7.4819E-10 8.0747E-10 8.6869E-10 9.3501E-10 1.0028E-09 1.0737E-09 1.1456E-09 1.2222E-09 1.2989E-09 1.3802E-09 1.4607E-09 1.5427E-09 1.6290E-09 1.8256E-09 2.2662E-09 3.0112E-09 3.8508E-09 4.7181E-09 5.6219E-09 6.6194E-09 7.1621E-09 7.2008E-09 6.9681E-09 6.6479E-09 6.3515E-09 6.0911E-09 5.8679E-09 5.7083E-09 5.5744E-09 5.4872E-09 5.3847E-09 5.2643E-09 5.1336E-09
5.6209E-11 6.4692E-11 7.4143E-11 8.4696E-11 9.7163E-11 1.1013E-10 1.2448E-10 1.4026E-10 1.5763E-10 1.7738E-10 1.9744E-10 2.1928E-10 2.4301E-10 2.6870E-10 2.9705E-10 3.2815E-10 3.6217E-10 3.9712E-10 4.3489E-10 4.7623E-10 5.2101E-10 5.6656E-10 6.1475E-10 6.6804E-10 7.2426E-10 7.8111E-10 8.4164E-10 9.0540E-10 9.7294E-10 1.0408E-09 1.1114E-09 1.1862E-09 1.2638E-09 1.3411E-09 1.4201E-09 1.5036E-09 1.5866E-09 1.6718E-09 2.2290E-09 3.0149E-09 3.9007E-09 4.7714E-09 5.8027E-09 6.8150E-09 7.4528E-09 7.5199E-09 7.2577E-09 6.8965E-09 6.5616E-09 6.2529E-09 6.0155E-09 5.8345E-09 5.6880E-09 5.6032E-09 5.5033E-09 5.3870E-09 5.2610E-09
5.3268E-11 6.1374E-11 7.0459E-11 8.1339E-11 9.2563E-11 1.0502E-10 1.1877E-10 1.3394E-10 1.5132E-10 1.6957E-10 1.8954E-10 2.1055E-10 2.3336E-10 2.5807E-10 2.8644E-10 3.1562E-10 3.4840E-10 3.8210E-10 4.1990E-10 4.5861E-10 5.0209E-10 5.4612E-10 5.9482E-10 6.4638E-10 6.9931E-10 7.5446E-10 8.1476E-10 8.7767E-10 9.4145E-10 1.0075E-09 1.0787E-09 1.1515E-09 1.2260E-09 1.3016E-09 1.3819E-09 1.4615E-09 1.5449E-09 1.6274E-09 2.1801E-09 3.0071E-09 3.9485E-09 4.9266E-09 5.9454E-09 6.9780E-09 7.7298E-09 7.8401E-09 7.5515E-09 7.1634E-09 6.7866E-09 6.4410E-09 6.1750E-09 5.9717E-09 5.8153E-09 5.7257E-09 5.6176E-09 5.5192E-09 5.3982E-09
5.0313E-11 5.8093E-11 6.7561E-11 7.7231E-11 8.8001E-11 9.9908E-11 1.1309E-10 1.2835E-10 1.4430E-10 1.6181E-10 1.8092E-10 2.0177E-10 2.2367E-10 2.4741E-10 2.7480E-10 3.0427E-10 3.3454E-10 3.6701E-10 4.0356E-10 4.4265E-10 4.8303E-10 5.2554E-10 5.7302E-10 6.2333E-10 6.7417E-10 7.2914E-10 7.8636E-10 8.4790E-10 9.0974E-10 9.7578E-10 1.0437E-09 1.1159E-09 1.1879E-09 1.2628E-09 1.3410E-09 1.4215E-09 1.5015E-09 1.5829E-09 2.1178E-09 2.9836E-09 3.9276E-09 5.0703E-09 6.1245E-09 7.1278E-09 7.9760E-09 8.1539E-09 7.8576E-09 7.4438E-09 7.0228E-09 6.6423E-09 6.3475E-09 6.1225E-09 5.9506E-09 5.8560E-09 5.7413E-09 5.6620E-09 5.5508E-09
4.7402E-11 5.5622E-11 6.3909E-11 7.3173E-11 8.3440E-11 9.4848E-11 1.0819E-10 1.2132E-10 1.3734E-10 1.5405E-10 1.7236E-10 1.9228E-10 2.1397E-10 2.3796E-10 2.6314E-10 2.9161E-10 3.2066E-10 3.5336E-10 3.8718E-10 4.2534E-10 4.6391E-10 5.0654E-10 5.5255E-10 5.9979E-10 6.4896E-10 7.0324E-10 7.6030E-10 8.1786E-10 8.7793E-10 9.4326E-10 1.0113E-09 1.0794E-09 1.1497E-09 1.2252E-09 1.3014E-09 1.3794E-09 1.4581E-09 1.5409E-09 2.0364E-09 2.9349E-09 4.0019E-09 5.1936E-09 6.2806E-09 7.3123E-09 8.1845E-09 8.4502E-09 8.1745E-09 7.7310E-09 7.2709E-09 6.8571E-09 6.5340E-09 6.2821E-09 6.0973E-09 5.9935E-09 5.8897E-09 5.8192E-09 5.7113E-09
4.5325E-11 5.2390E-11 6.0317E-11 6.9125E-11 7.8947E-11 9.0584E-11 1.0184E-10 1.1585E-10 1.3041E-10 1.4639E-10 1.6384E-10 1.8289E-10 2.0358E-10 2.2774E-10 2.5215E-10 2.7894E-10 3.0679E-10 3.3852E-10 3.7171E-10 4.0770E-10 4.4481E-10 4.8668E-10 5.3125E-10 5.7626E-10 6.2517E-10 6.7650E-10 7.3203E-10 7.8784E-10 8.4858E-10 9.1036E-10 9.7647E-10 1.0429E-09 1.1142E-09 1.1858E-09 1.2617E-09 1.3374E-09 1.4156E-09 1.4973E-09 1.9313E-09 2.7450E-09 4.0480E-09 5.2818E-09 6.4030E-09 7.4437E-09 8.3513E-09 8.7109E-09 8.4802E-09 8.0219E-09 7.5285E-09 7.0856E-09 6.7302E-09 6.4365E-09 6.2556E-09 6.1438E-09 6.0496E-09 5.9846E-09 5.8676E-09
4.2475E-11 4.9223E-11 5.7529E-11 6.5154E-11 7.5275E-11 8.5618E-11 9.7080E-11 1.0969E-10 1.2358E-10 1.3878E-10 1.5543E-10 1.7356E-10 1.9349E-10 2.1722E-10 2.4156E-10 2.6633E-10 2.9356E-10 3.2356E-10 3.5671E-10 3.9014E-10 4.2656E-10 4.6722E-10 5.0944E-10 5.5282E-10 6.0120E-10 6.5230E-10 7.0387E-10 7.5793E-10 8.1733E-10 8.7950E-10 9.4185E-10 1.0066E-09 1.0768E-09 1.1490E-09 1.2213E-09 1.2958E-09 1.3748E-09 1.4559E-09 1.8053E-09 2.7080E-09 4.0495E-09 5.3251E-09 6.4225E-09 7.5835E-09 8.4771E-09 8.9225E-09 8.7629E-09 8.3089E-09 7.7945E-09 7.3215E-09 6.9373E-09 6.6042E-09 6.4258E-09 6.3103E-09 6.2189E-09 6.1595E-09 6.0599E-09
3.9695E-11 4.6881E-11 5.3247E-11 6.2027E-11 7.0892E-11 8.0751E-11 9.1622E-11 1.0364E-10 1.1682E-10 1.3131E-10 1.4712E-10 1.6439E-10 1.8511E-10 2.0541E-10 2.3017E-10 2.5384E-10 2.8106E-10 3.0872E-10 3.4067E-10 3.7272E-10 4.0927E-10 4.4836E-10 4.8778E-10 5.3034E-10 5.7645E-10 6.2605E-10 6.7592E-10 7.3063E-10 7.8677E-10 8.4683E-10 9.0751E-10 9.7354E-10 1.0400E-09 1.1104E-09 1.1814E-09 1.2569E-09 1.3347E-09 1.4131E-09 1.5968E-09 2.6314E-09 3.9936E-09 5.3189E-09 6.5000E-09 7.6465E-09 8.5501E-09 9.0443E-09 9.0081E-09 8.5856E-09 8.0334E-09 7.5645E-09 7.1541E-09 6.8018E-09 6.6129E-09 6.4849E-09 6.3977E-09 6.3545E-09 6.2678E-09
3.4759E-11 4.3814E-11 5.0617E-11 5.8177E-11 6.6614E-11 7.5940E-11 8.6285E-11 9.7663E-11 1.1021E-10 1.2393E-10 1.3897E-10 1.5610E-10 1.7488E-10 1.9577E-10 2.1753E-10 2.4148E-10 2.6763E-10 2.9526E-10 3.2481E-10 3.5548E-10 3.9073E-10 4.2847E-10 4.6636E-10 5.0904E-10 5.5373E-10 6.0008E-10 6.4826E-10 7.0172E-10 7.5801E-10 8.1453E-10 8.7388E-10 9.3825E-10 1.0051E-09 1.0724E-09 1.1420E-09 1.2167E-09 1.2939E-09 1.3711E-09 1.4542E-09 2.4979E-09 3.8640E-09 5.1827E-09 6.5635E-09 7.6817E-09 8.5872E-09 9.1370E-09 9.2041E-09 8.8345E-09 8.2954E-09 7.8104E-09 7.3785E-09 7.0161E-09 6.8058E-09 6.6717E-09 6.5956E-09 6.5644E-09 6.4843E-09
