Assets/Resources/2015_m01_d03_0400(utc+0800)_l00_csi_1hr_conc.grd
DSAA
         159         159
     -79.000      79.000
     -79.000      79.000
  0.0000E+00  0.6050E-04
[rows 125 to 149 of 159, columns 57 to 113 of 159]
4.5568E-11 5.2177E-11 5.8423E-11 6.6187E-11 7.4679E-11 8.1184E-11 9.1349E-11 9.8308E-11 1.0877E-10 1.1623E-10 1.2708E-10 1.3483E-10 1.4751E-10 1.5934E-10 1.7018E-10 1.8522E-10 1.9932E-10 2.1228E-10 2.2682E-10 2.4031E-10 2.5387E-10 2.7215E-10 2.8547E-10 3.0412E-10 3.1995E-10 3.4125E-10 3.5449E-10 3.7466E-10 3.8886E-10 4.1853E-10 4.4049E-10 4.6498E-10 4.8683E-10 5.0267E-10 5.1756E-10 5.3243E-10 5.6640E-10 5.8348E-10 6.0181E-10 6.1448E-10 6.2689E-10 6.3797E-10 6.4472E-10 6.5299E-10 6.5959E-10 6.6392E-10 6.6592E-10 6.6397E-10 6.5600E-10 6.4942E-10 6.4093E-10 6.3520E-10 6.2727E-10 6.0881E-10 5.9803E-10 5.8486E-10 5.7377E-10
4.0614E-11 4.5136E-11 5.1598E-11 5.9711E-11 6.5245E-11 7.4269E-11 8.0873E-11 8.9477E-11 9.7204E-11 1.0626E-10 1.1303E-10 1.2352E-10 1.3081E-10 1.4311E-10 1.5611E-10 1.6656E-10 1.7900E-10 1.9444E-10 2.0484E-10 2.2039E-10 2.3148E-10 2.4774E-10 2.5943E-10 2.7646E-10 2.9176E-10 3.0585E-10 3.2234E-10 3.3741E-10 3.5789E-10 3.7098E-10 3.9532E-10 4.0944E-10 4.3734E-10 4.5340E-10 4.7175E-10 4.8852E-10 5.1439E-10 5.3504E-10 5.4829E-10 5.5936E-10 5.7131E-10 5.8212E-10 5.9064E-10 5.9702E-10 6.0387E-10 6.0856E-10 5.9923E-10 5.9754E-10 5.9499E-10 5.9304E-10 5.9126E-10 5.8020E-10 5.7134E-10 5.6431E-10 5.5321E-10 5.4498E-10 5.2512E-10
3.4864E-11 4.1076E-11 4.5989E-11 5.0951E-11 5.8924E-11 6.5268E-11 7.2835E-11 8.0690E-11 8.7504E-11 9.5785E-11 1.0319E-10 1.1067E-10 1.1967E-10 1.2950E-10 1.3840E-10 1.5098E-10 1.6263E-10 1.7323E-10 1.8818E-10 1.9794E-10 2.1291E-10 2.2278E-10 2.3838E-10 2.4928E-10 2.6544E-10 2.7665E-10 2.9635E-10 3.0836E-10 3.2394E-10 3.3809E-10 3.4925E-10 3.7497E-10 3.8967E-10 4.1633E-10 4.2950E-10 4.4183E-10 4.5320E-10 4.8166E-10 4.9489E-10 5.0642E-10 5.1749E-10 5.3216E-10 5.4055E-10 5.4890E-10 5.4318E-10 5.4802E-10 5.4891E-10 5.4935E-10 5.5120E-10 5.4095E-10 5.3186E-10 5.3074E-10 5.2136E-10 5.1495E-10 5.0330E-10 4.9123E-10 4.7954E-10
3.1121E-11 3.5638E-11 4.0677E-11 4.6489E-11 5.0485E-11 5.8071E-11 6.6218E-11 7.1575E-11 8.0037E-11 8.5513E-11 9.4364E-11 1.0035E-10 1.0858E-10 1.1611E-10 1.2701E-10 1.3559E-10 1.4576E-10 1.5863E-10 1.6881E-10 1.8145E-10 1.9368E-10 2.0495E-10 2.1464E-10 2.2903E-10 2.3919E-10 2.5465E-10 2.6522E-10 2.8040E-10 2.9129E-10 3.1002E-10 3.2261E-10 3.4348E-10 3.5470E-10 3.6628E-10 3.9159E-10 4.0326E-10 4.1406E-10 4.2397E-10 4.5451E-10 4.6615E-10 4.7627E-10 4.8545E-10 4.8390E-10 4.9091E-10 4.9206E-10 4.9711E-10 4.9982E-10 4.9573E-10 4.9023E-10 4.9232E-10 4.8754E-10 4.8479E-10 4.8173E-10 4.5475E-10 4.4559E-10 4.3497E-10 4.2706E-10
2.6366E-11 3.1185E-11 3.6303E-11 4.0223E-11 4.5902E-11 5.2144E-11 5.7161E-11 6.4894E-11 6.9760E-11 7.7977E-11 8.3139E-11 9.1707E-11 9.7337E-11 1.0633E-10 1.1239E-10 1.2295E-10 1.3411E-10 1.4134E-10 1.5381E-10 1.6703E-10 1.7509E-10 1.8783E-10 1.9698E-10 2.0919E-10 2.2035E-10 2.2982E-10 2.4397E-10 2.5379E-10 2.6821E-10 2.7832E-10 2.9401E-10 3.0355E-10 3.2333E-10 3.3545E-10 3.5613E-10 3.7196E-10 3.8207E-10 3.9078E-10 4.0057E-10 4.1843E-10 4.2596E-10 4.2832E-10 4.3765E-10 4.4463E-10 4.5105E-10 4.5042E-10 4.4917E-10 4.4268E-10 4.3915E-10 4.3968E-10 4.3790E-10 4.3009E-10 4.2356E-10 4.1537E-10 4.0812E-10 4.0029E-10 3.9267E-10
2.2234E-11 2.6189E-11 3.0922E-11 3.5939E-11 4.0225E-11 4.5264E-11 5.2064E-11 5.6395E-11 6.3485E-11 7.0083E-11 7.5872E-11 8.1757E-11 8.9023E-11 9.4317E-11 1.0300E-10 1.0869E-10 1.1850E-10 1.2928E-10 1.3762E-10 1.4808E-10 1.6084E-10 1.6893E-10 1.8096E-10 1.8953E-10 2.0217E-10 2.1115E-10 2.2476E-10 2.3411E-10 2.4420E-10 2.5622E-10 2.6558E-10 2.8043E-10 2.8909E-10 3.0776E-10 3.1678E-10 3.3833E-10 3.4775E-10 3.4795E-10 3.5300E-10 3.5883E-10 3.7795E-10 3.8448E-10 3.9473E-10 3.9604E-10 3.9633E-10 3.9651E-10 3.9910E-10 4.0117E-10 4.0362E-10 3.9688E-10 3.9298E-10 3.8789E-10 3.8453E-10 3.8144E-10 3.6346E-10 3.5686E-10 3.4925E-10
1.7500E-11 2.2998E-11 2.6904E-11 3.0616E-11 3.5528E-11 4.0671E-11 4.4330E-11 5.0974E-11 5.6750E-11 6.1753E-11 6.8847E-11 7.3387E-11 8.0971E-11 8.5930E-11 9.1905E-11 9.9236E-11 1.0727E-10 1.1442E-10 1.2484E-10 1.3585E-10 1.4230E-10 1.5460E-10 1.6216E-10 1.7433E-10 1.8162E-10 1.9424E-10 2.0203E-10 2.1504E-10 2.2375E-10 2.3551E-10 2.4443E-10 2.5811E-10 2.6608E-10 2.7456E-10 2.8178E-10 2.8975E-10 3.0577E-10 3.1556E-10 3.2378E-10 3.3004E-10 3.4637E-10 3.4423E-10 3.5117E-10 3.5387E-10 3.5930E-10 3.6322E-10 3.6879E-10 3.5410E-10 3.5300E-10 3.4975E-10 3.4961E-10 3.4697E-10 3.4492E-10 3.4040E-10 3.2385E-10 3.1452E-10 2.8723E-10
1.4661E-11 1.7396E-11 2.2834E-11 2.7114E-11 3.1491E-11 3.5804E-11 4.0100E-11 4.4499E-11 4.9882E-11 5.6171E-11 6.0035E-11 6.6910E-11 7.1184E-11 7.8518E-11 8.2731E-11 9.0387E-11 9.5385E-11 1.0440E-10 1.1124E-10 1.1991E-10 1.3053E-10 1.3864E-10 1.4891E-10 1.5814E-10 1.6632E-10 1.7377E-10 1.8584E-10 1.9365E-10 2.0457E-10 2.1265E-10 2.2459E-10 2.2645E-10 2.3211E-10 2.3878E-10 2.5498E-10 2.6285E-10 2.6954E-10 2.8829E-10 2.9398E-10 2.9372E-10 2.9625E-10 3.0841E-10 3.1347E-10 3.1909E-10 3.2380E-10 3.1804E-10 3.2187E-10 3.2075E-10 3.2281E-10 3.1236E-10 3.1212E-10 3.0943E-10 3.0726E-10 2.8928E-10 2.5080E-10 2.0883E-10 2.0523E-10
9.9438E-12 1.4581E-11 1.8773E-11 2.3166E-11 2.7609E-11 3.2031E-11 3.5074E-11 3.9462E-11 4.4960E-11 4.8420E-11 5.4519E-11 5.8152E-11 6.4805E-11 6.8820E-11 7.5903E-11 7.9792E-11 8.7171E-11 9.1857E-11 1.0057E-10 1.0978E-10 1.1493E-10 1.2516E-10 1.3599E-10 1.4194E-10 1.5199E-10 1.5903E-10 1.6875E-10 1.7183E-10 1.7491E-10 1.8398E-10 1.8830E-10 2.0032E-10 2.0785E-10 2.1856E-10 2.2515E-10 2.3828E-10 2.3755E-10 2.3968E-10 2.5480E-10 2.6010E-10 2.6601E-10 2.7291E-10 2.7366E-10 2.7719E-10 2.7781E-10 2.7549E-10 2.7687E-10 2.7879E-10 2.7158E-10 2.7005E-10 2.6376E-10 2.4176E-10 2.0760E-10 1.9861E-10 1.9619E-10 1.8188E-10 1.7671E-10
9.0172E-12 1.1078E-11 1.5295E-11 1.9781E-11 2.3202E-11 2.7299E-11 3.1378E-11 3.4502E-11 3.8533E-11 4.3891E-11 4.6940E-11 5.2850E-11 5.7713E-11 6.1879E-11 6.6522E-11 7.2391E-11 7.6449E-11 8.3537E-11 8.7905E-11 9.6302E-11 1.0517E-10 1.1041E-10 1.1723E-10 1.2448E-10 1.2763E-10 1.3479E-10 1.4115E-10 1.5017E-10 1.5687E-10 1.6681E-10 1.7231E-10 1.7838E-10 1.8389E-10 1.8502E-10 1.9386E-10 1.9842E-10 2.0945E-10 2.1642E-10 2.2838E-10 2.3295E-10 2.3062E-10 2.3460E-10 2.3480E-10 2.3897E-10 2.4264E-10 2.4156E-10 2.3947E-10 2.3473E-10 2.3035E-10 1.9578E-10 1.8491E-10 1.7697E-10 1.7548E-10 1.7333E-10 1.5968E-10 1.4489E-10 1.0080E-10
4.9860E-12 8.9771E-12 1.1006E-11 1.5577E-11 2.0425E-11 2.3531E-11 2.6706E-11 3.0668E-11 3.4565E-11 3.7065E-11 4.2241E-11 4.6373E-11 5.0346E-11 5.5807E-11 5.9269E-11 6.3766E-11 6.7481E-11 6.7449E-11 7.4039E-11 8.0313E-11 8.3317E-11 9.1599E-11 1.0037E-10 1.0427E-10 1.1340E-10 1.1838E-10 1.2796E-10 1.3254E-10 1.3991E-10 1.4246E-10 1.4564E-10 1.5120E-10 1.6016E-10 1.6518E-10 1.7152E-10 1.7852E-10 1.8462E-10 1.8575E-10 1.8413E-10 1.9189E-10 1.9620E-10 2.0028E-10 1.9882E-10 2.0345E-10 2.0029E-10 1.9816E-10 1.7390E-10 1.7171E-10 1.6370E-10 1.5643E-10 1.5591E-10 1.5473E-10 1.4168E-10 1.1023E-10 9.2630E-11 8.7562E-11 7.5314E-11
3.4835E-12 4.9611E-12 8.1444E-12 1.0069E-11 1.3732E-11 1.7627E-11 2.0866E-11 2.3207E-11 2.6144E-11 2.9413E-11 3.1490E-11 3.6236E-11 4.1172E-11 4.2051E-11 4.7379E-11 5.0332E-11 5.6027E-11 5.9297E-11 6.4244E-11 6.7781E-11 7.4901E-11 7.8818E-11 8.5631E-11 9.1211E-11 9.3488E-11 1.0004E-10 1.0107E-10 1.1001E-10 1.1401E-10 1.2331E-10 1.2675E-10 1.3497E-10 1.3926E-10 1.4609E-10 1.4217E-10 1.4634E-10 1.5050E-10 1.5147E-10 1.5782E-10 1.5974E-10 1.6435E-10 1.6134E-10 1.5113E-10 1.4960E-10 1.4807E-10 1.4277E-10 1.3691E-10 1.3515E-10 1.3378E-10 1.3074E-10 1.1468E-10 8.5152E-11 7.8703E-11 7.3861E-11 7.1976E-11 6.2857E-11 6.0449E-11
0.0000E+00 2.6843E-12 4.0735E-12 7.1553E-12 1.0404E-11 1.2513E-11 1.6275E-11 1.9113E-11 2.1495E-11 2.3134E-11 2.6160E-11 3.0360E-11 3.2469E-11 3.7136E-11 3.9555E-11 4.3176E-11 4.4934E-11 4.8797E-11 4.9768E-11 5.5257E-11 5.8334E-11 6.1629E-11 6.8603E-11 7.2377E-11 7.8474E-11 8.6794E-11 9.0209E-11 9.7177E-11 1.0075E-10 1.0311E-10 1.0568E-10 1.0390E-10 1.1121E-10 1.1318E-10 1.1921E-10 1.1922E-10 1.1864E-10 1.1590E-10 1.1906E-10 1.1852E-10 1.2040E-10 1.1905E-10 1.1428E-10 1.1059E-10 1.1138E-10 1.0836E-10 1.0459E-10 8.5556E-11 7.8386E-11 7.2659E-11 6.1943E-11 6.2184E-11 6.0611E-11 4.9823E-11 3.5498E-11 9.3877E-12 0.0000E+00
0.0000E+00 6.7428E-13 2.9901E-12 3.9695E-12 5.4811E-12 7.8462E-12 1.0391E-11 1.2478E-11 1.4986E-11 1.7396E-11 1.8700E-11 2.1383E-11 2.5232E-11 2.4651E-11 2.8835E-11 3.0763E-11 3.5381E-11 3.7609E-11 4.1647E-11 4.4137E-11 4.8348E-11 5.1084E-11 5.7383E-11 6.1204E-11 6.2509E-11 6.3147E-11 6.9269E-11 6.9204E-11 7.3113E-11 7.4261E-11 8.0202E-11 8.2680E-11 8.6387E-11 8.6366E-11 8.9923E-11 9.1830E-11 9.0246E-11 9.2102E-11 9.0838E-11 8.6467E-11 8.9154E-11 8.7018E-11 8.3696E-11 7.2077E-11 6.8701E-11 6.8428E-11 6.0077E-11 5.4465E-11 5.0057E-11 5.0424E-11 4.5168E-11 3.5232E-11 9.5074E-12 6.3268E-12 0.0000E+00 0.0000E+00 0.0000E+00
0.0000E+00 0.0000E+00 3.3595E-13 1.8311E-12 3.4016E-12 4.4200E-12 6.6071E-12 8.9637E-12 9.7137E-12 1.1736E-11 1.3891E-11 1.6159E-11 1.7348E-11 2.0922E-11 2.2384E-11 2.5080E-11 2.7114E-11 2.8171E-11 3.0757E-11 3.2793E-11 3.4837E-11 3.8671E-11 3.7781E-11 4.1260E-11 4.5980E-11 4.7492E-11 5.2731E-11 5.7136E-11 5.9013E-11 6.2018E-11 6.3841E-11 6.4697E-11 6.6348E-11 6.6694E-11 6.3302E-11 6.3258E-11 6.4303E-11 6.3598E-11 5.7912E-11 5.8217E-11 5.5613E-11 5.5493E-11 5.2409E-11 4.4896E-11 4.2726E-11 4.1983E-11 3.9305E-11 3.4613E-11 2.6169E-11 1.2497E-11 9.3826E-12 0.0000E+00 0.0000E+00 0.0000E+00 0.0000E+00 0.0000E+00 0.0000E+00
0.0000E+00 0.0000E+00 0.0000E+00 1.0425E-12 1.4790E-12 2.3059E-12 3.2165E-12 4.2155E-12 5.3074E-12 6.8716E-12 7.4244E-12 9.2344E-12 1.0560E-11 9.9505E-12 1.3045E-11 1.6296E-11 1.7534E-11 2.1179E-11 2.2697E-11 2.4998E-11 2.5819E-11 2.6607E-11 3.0004E-11 3.2857E-11 3.2797E-11 3.5816E-11 3.6868E-11 3.5302E-11 3.5479E-11 3.7312E-11 3.9086E-11 4.0970E-11 4.1591E-11 4.1426E-11 4.1756E-11 4.3341E-11 4.2139E-11 4.3576E-11 4.0985E-11 3.8103E-11 3.3776E-11 3.2074E-11 3.1341E-11 2.8357E-11 1.6362E-11 1.3613E-11 1.2102E-11 9.2094E-12 3.0897E-12 0.0000E+00 0.0000E+00 0.0000E+00 0.0000E+00 0.0000E+00 0.0000E+00 0.0000E+00 0.0000E+00
0.0000E+00 0.0000E+00 0.0000E+00 0.0000E+00 0.0000E+00 3.3984E-13 7.1765E-13 1.1357E-12 1.9588E-12 2.8690E-12 3.8674E-12 4.5676E-12 5.3508E-12 6.5785E-12 7.0829E-12 9.1605E-12 1.1340E-11 1.0757E-11 1.3122E-11 1.4070E-11 1.6639E-11 1.7770E-11 1.9703E-11 2.0009E-11 2.1316E-11 2.2582E-11 2.5022E-11 2.7587E-11 2.8014E-11 2.9707E-11 3.1258E-11 3.1617E-11 3.0025E-11 2.8178E-11 2.7040E-11 2.3548E-11 2.3106E-11 2.1313E-11 2.1957E-11 1.5435E-11 1.5781E-11 1.2143E-11 1.0862E-11 1.1047E-11 5.6405E-12 0.0000E+00 0.0000E+00 0.0000E+00 0.0000E+00 0.0000E+00 0.0000E+00 0.0000E+00 0.0000E+00 0.0000E+00 0.0000E+00 0.0000E+00 0.0000E+00
0.0000E+00 0.0000E+00 0.0000E+00 0.0000E+00 0.0000E+00 0.0000E+00 0.0000E+00 0.0000E+00 3.5299E-13 7.4589E-13 1.1811E-12 2.0345E-12 2.9594E-12 3.2151E-12 4.2836E-12 6.0397E-12 6.5346E-12 8.5395E-12 9.2015E-12 1.1451E-11 1.2286E-11 1.2378E-11 1.3236E-11 1.4890E-11 1.5834E-11 1.5889E-11 1.3564E-11 1.2667E-11 1.1687E-11 1.2253E-11 1.2809E-11 1.2240E-11 1.2744E-11 1.1542E-11 1.1927E-11 1.1062E-11 1.1393E-11 1.0410E-11 1.0688E-11 7.2787E-12 4.9440E-12 0.0000E+00 0.0000E+00 0.0000E+00 0.0000E+00 0.0000E+00 0.0000E+00 0.0000E+00 0.0000E+00 0.0000E+00 0.0000E+00 0.0000E+00 0.0000E+00 0.0000E+00 0.0000E+00 0.0000E+00 0.0000E+00
0.0000E+00 0.0000E+00 0.0000E+00 0.0000E+00 0.0000E+00 0.0000E+00 0.0000E+00 0.0000E+00 0.0000E+00 0.0000E+00 3.5863E-13 7.5763E-13 1.1977E-12 1.6731E-12 1.8146E-12 2.3606E-12 2.6878E-12 2.9109E-12 3.8850E-12 4.1889E-12 5.2818E-12 5.6695E-12 6.8570E-12 7.3288E-12 7.8029E-12 7.4135E-12 7.8529E-12 8.2896E-12 8.7217E-12 9.1478E-12 8.5399E-12 8.9190E-12 6.5710E-12 6.8186E-12 5.9169E-12 4.0293E-12 0.0000E+00 0.0000E+00 0.0000E+00 0.0000E+00 0.0000E+00 0.0000E+00 0.0000E+00 0.0000E+00 0.0000E+00 0.0000E+00 0.0000E+00 0.0000E+00 0.0000E+00 0.0000E+00 0.0000E+00 0.0000E+00 0.0000E+00 0.0000E+00 0.0000E+00 0.0000E+00 0.0000E+00
0.0000E+00 0.0000E+00 0.0000E+00 0.0000E+00 0.0000E+00 0.0000E+00 0.0000E+00 0.0000E+00 0.0000E+00 0.0000E+00 0.0000E+00 0.0000E+00 0.0000E+00 3.7110E-13 7.7507E-13 1.2074E-12 1.3141E-12 2.1223E-12 2.3010E-12 3.2249E-12 2.8609E-12 3.0834E-12 3.3086E-12 3.5353E-12 3.7628E-12 3.2107E-12 3.3999E-12 2.7621E-12 0.0000E+00 0.0000E+00 0.0000E+00 0.0000E+00 0.0000E+00 0.0000E+00 0.0000E+00 0.0000E+00 0.0000E+00 0.0000E+00 0.0000E+00 0.0000E+00 0.0000E+00 0.0000E+00 0.0000E+00 0.0000E+00 0.0000E+00 0.0000E+00 0.0000E+00 0.0000E+00 0.0000E+00 0.0000E+00 0.0000E+00 0.0000E+00 0.0000E+00 0.0000E+00 0.0000E+00 0.0000E+00 0.0000E+00
0.0000E+00 0.0000E+00 0.0000E+00 0.0000E+00 0.0000E+00 0.0000E+00 0.0000E+00 0.0000E+00 0.0000E+00 0.0000E+00 0.0000E+00 0.0000E+00 0.0000E+00 0.0000E+00 0.0000E+00 0.0000E+00 0.0000E+00 0.0000E+00 0.0000E+00 0.0000E+00 0.0000E+00 0.0000E+00 0.0000E+00 0.0000E+00 0.0000E+00 0.0000E+00 0.0000E+00 0.0000E+00 0.0000E+00 0.0000E+00 0.0000E+00 0.0000E+00 0.0000E+00 0.0000E+00 0.0000E+00 0.0000E+00 0.0000E+00 0.0000E+00 0.0000E+00 0.0000E+00 0.0000E+00 0.0000E+00 0.0000E+00 0.0000E+00 0.0000E+00 0.0000E+00 0.0000E+00 0.0000E+00 0.0000E+00 0.0000E+00 0.0000E+00 0.0000E+00 0.0000E+00 0.0000E+00 0.0000E+00 0.0000E+00 0.0000E+00
0.0000E+00 0.0000E+00 0.0000E+00 0.0000E+00 0.0000E+00 0.0000E+00 0.0000E+00 0.0000E+00 0.0000E+00 0.0000E+00 0.0000E+00 0.0000E+00 0.0000E+00 0.0000E+00 0.0000E+00 0.0000E+00 0.0000E+00 0.0000E+00 0.0000E+00 0.0000E+00 0.0000E+00 0.0000E+00 0.0000E+00 0.0000E+00 0.0000E+00 0.0000E+00 0.0000E+00 0.0000E+00 0.0000E+00 0.0000E+00 0.0000E+00 0.0000E+00 0.0000E+00 0.0000E+00 0.0000E+00 0.0000E+00 0.0000E+00 0.0000E+00 0.0000E+00 0.0000E+00 0.0000E+00 0.0000E+00 0.0000E+00 0.0000E+00 0.0000E+00 0.0000E+00 0.0000E+00 0.0000E+00 0.0000E+00 0.0000E+00 0.0000E+00 0.0000E+00 0.0000E+00 0.0000E+00 0.0000E+00 0.0000E+00 0.0000E+00
0.0000E+00 0.0000E+00 0.0000E+00 0.0000E+00 0.0000E+00 0.0000E+00 0.0000E+00 0.0000E+00 0.0000E+00 0.0000E+00 0.0000E+00 0.0000E+00 0.0000E+00 0.0000E+00 0.0000E+00 0.0000E+00 0.0000E+00 0.0000E+00 0.0000E+00 0.0000E+00 0.0000E+00 0.0000E+00 0.0000E+00 0.0000E+00 0.0000E+00 0.0000E+00 0.0000E+00 0.0000E+00 0.0000E+00 0.0000E+00 0.0000E+00 0.0000E+00 0.0000E+00 0.0000E+00 0.0000E+00 0.0000E+00 0.0000E+00 0.0000E+00 0.0000E+00 0.0000E+00 0.0000E+00 0.0000E+00 0.0000E+00 0.0000E+00 0.0000E+00 0.0000E+00 0.0000E+00 0.0000E+00 0.0000E+00 0.0000E+00 0.0000E+00 0.0000E+00 0.0000E+00 0.0000E+00 0.0000E+00 0.0000E+00 0.0000E+00
0.0000E+00 0.0000E+00 0.0000E+00 0.0000E+00 0.0000E+00 0.0000E+00 0.0000E+00 0.0000E+00 0.0000E+00 0.0000E+00 0.0000E+00 0.0000E+00 0.0000E+00 0.0000E+00 0.0000E+00 0.0000E+00 0.0000E+00 0.0000E+00 0.0000E+00 0.0000E+00 0.0000E+00 0.0000E+00 0.0000E+00 0.0000E+00 0.0000E+00 0.0000E+00 0.0000E+00 0.0000E+00 0.0000E+00 0.0000E+00 0.0000E+00 0.0000E+00 0.0000E+00 0.0000E+00 0.0000E+00 0.0000E+00 0.0000E+00 0.0000E+00 0.0000E+00 0.0000E+00 0.0000E+00 0.0000E+00 0.0000E+00 0.0000E+00 0.0000E+00 0.0000E+00 0.0000E+00 0.0000E+00 0.0000E+00 0.0000E+00 0.0000E+00 0.0000E+00 0.0000E+00 0.0000E+00 0.0000E+00 0.0000E+00 0.0000E+00
0.0000E+00 0.0000E+00 0.0000E+00 0.0000E+00 0.0000E+00 0.0000E+00 0.0000E+00 0.0000E+00 0.0000E+00 0.0000E+00 0.0000E+00 0.0000E+00 0.0000E+00 0.0000E+00 0.0000E+00 0.0000E+00 0.0000E+00 0.0000E+00 0.0000E+00 0.0000E+00 0.0000E+00 0.0000E+00 0.0000E+00 0.0000E+00 0.0000E+00 0.0000E+00 0.0000E+00 0.0000E+00 0.0000E+00 0.0000E+00 0.0000E+00 0.0000E+00 0.0000E+00 0.0000E+00 0.0000E+00 0.0000E+00 0.0000E+00 0.0000E+00 0.0000E+00 0.0000E+00 0.0000E+00 0.0000E+00 0.0000E+00 0.0000E+00 0.0000E+00 0.0000E+00 0.0000E+00 0.0000E+00 0.0000E+00 0.0000E+00 0.0000E+00 0.0000E+00 0.0000E+00 0.0000E+00 0.0000E+00 0.0000E+00 0.0000E+00
