Assets/Resources/2015_m01_d31_0600(utc+0800)_l00_csi_1hr_conc.grd
DSAA
         159         159
     -79.000      79.000
     -79.000      79.000
  0.0000E+00  0.7629E-05
[rows 25 to 49 of 159, columns 57 to 113 of 159]
3.9730E-09 4.8553E-09 5.8978E-09 7.0849E-09 8.4386E-09 9.9474E-09 1.1625E-08 1.3433E-08 1.5376E-08 1.7411E-08 1.9514E-08 2.1640E-08 2.3783E-08 2.5919E-08 2.8058E-08 3.0091E-08 3.1891E-08 3.3346E-08 3.4384E-08 3.4910E-08 3.4801E-08 3.4035E-08 3.2660E-08 3.0819E-08 2.8620E-08 2.6150E-08 2.3499E-08 2.0755E-08 1.8009E-08 1.5349E-08 1.2846E-08 1.0558E-08 8.5138E-09 6.7341E-09 5.2217E-09 3.9674E-09 2.9334E-09 2.1173E-09 1.4924E-09 1.0242E-09 6.7145E-10 4.2735E-10 2.5122E-10 1.3276E-10 6.3547E-11 2.2812E-11 4.0712E-12 0.0000E+00 0.0000E+00 0.0000E+00 0.0000E+00 0.0000E+00 0.0000E+00 0.0000E+00 0.0000E+00 0.0000E+00 0.0000E+00
3.7726E-09 4.6364E-09 5.6606E-09 6.8290E-09 8.1748E-09 9.6855E-09 1.1367E-08 1.3204E-08 1.5189E-08 1.7291E-08 1.9478E-08 2.1749E-08 2.4070E-08 2.6470E-08 2.8864E-08 3.1121E-08 3.3125E-08 3.4786E-08 3.5990E-08 3.6594E-08 3.6519E-08 3.5740E-08 3.4375E-08 3.2531E-08 3.0281E-08 2.7711E-08 2.4921E-08 2.2018E-08 1.9107E-08 1.6272E-08 1.3593E-08 1.1133E-08 8.9400E-09 7.0321E-09 5.4183E-09 4.0866E-09 3.0052E-09 2.1447E-09 1.4976E-09 1.0126E-09 6.5547E-10 4.0890E-10 2.3392E-10 1.1877E-10 5.7398E-11 1.8775E-11 1.1907E-12 0.0000E+00 0.0000E+00 0.0000E+00 0.0000E+00 0.0000E+00 0.0000E+00 0.0000E+00 0.0000E+00 0.0000E+00 0.0000E+00
3.5499E-09 4.3862E-09 5.3787E-09 6.5250E-09 7.8515E-09 9.3449E-09 1.1024E-08 1.2868E-08 1.4881E-08 1.7023E-08 1.9306E-08 2.1705E-08 2.4248E-08 2.6886E-08 2.9509E-08 3.1976E-08 3.4199E-08 3.6063E-08 3.7414E-08 3.8124E-08 3.8089E-08 3.7370E-08 3.6072E-08 3.4257E-08 3.1979E-08 2.9330E-08 2.6414E-08 2.3346E-08 2.0243E-08 1.7211E-08 1.4344E-08 1.1711E-08 9.3622E-09 7.3279E-09 5.6089E-09 4.1981E-09 3.0632E-09 2.1653E-09 1.4959E-09 9.9600E-10 6.3644E-10 3.8516E-10 2.1556E-10 1.0572E-10 4.7668E-11 1.5702E-11 0.0000E+00 0.0000E+00 0.0000E+00 0.0000E+00 0.0000E+00 0.0000E+00 0.0000E+00 0.0000E+00 0.0000E+00 0.0000E+00 0.0000E+00
3.3058E-09 4.1048E-09 5.0617E-09 6.1663E-09 7.4570E-09 8.9246E-09 1.0577E-08 1.2422E-08 1.4437E-08 1.6632E-08 1.8994E-08 2.1553E-08 2.4296E-08 2.7139E-08 2.9941E-08 3.2623E-08 3.5072E-08 3.7130E-08 3.8636E-08 3.9443E-08 3.9520E-08 3.8955E-08 3.7769E-08 3.5997E-08 3.3707E-08 3.0990E-08 2.7958E-08 2.4735E-08 2.1442E-08 1.8204E-08 1.5131E-08 1.2308E-08 9.7934E-09 7.6193E-09 5.7948E-09 4.3052E-09 3.1157E-09 2.1797E-09 1.4890E-09 9.7879E-10 6.1298E-10 3.6787E-10 2.0175E-10 9.6110E-11 4.3147E-11 1.0586E-11 0.0000E+00 0.0000E+00 0.0000E+00 0.0000E+00 0.0000E+00 0.0000E+00 0.0000E+00 0.0000E+00 0.0000E+00 0.0000E+00 0.0000E+00
3.0435E-09 3.7972E-09 4.7096E-09 5.7719E-09 7.0113E-09 8.4341E-09 1.0052E-08 1.1866E-08 1.3877E-08 1.6102E-08 1.8563E-08 2.1270E-08 2.4179E-08 2.7156E-08 3.0150E-08 3.3049E-08 3.5703E-08 3.7962E-08 3.9625E-08 4.0574E-08 4.0872E-08 4.0514E-08 3.9478E-08 3.7789E-08 3.5507E-08 3.2728E-08 2.9576E-08 2.6180E-08 2.2692E-08 1.9246E-08 1.5964E-08 1.2942E-08 1.0253E-08 7.9312E-09 5.9915E-09 4.4135E-09 3.1671E-09 2.1912E-09 1.4773E-09 9.5740E-10 5.8952E-10 3.4163E-10 1.7938E-10 8.3949E-11 3.1984E-11 6.4988E-12 0.0000E+00 0.0000E+00 0.0000E+00 0.0000E+00 0.0000E+00 0.0000E+00 0.0000E+00 0.0000E+00 0.0000E+00 0.0000E+00 0.0000E+00
2.7675E-09 3.4734E-09 4.3319E-09 5.3336E-09 6.5123E-09 7.8837E-09 9.4449E-09 1.1222E-08 1.3216E-08 1.5479E-08 1.8012E-08 2.0829E-08 2.3823E-08 2.6953E-08 3.0120E-08 3.3208E-08 3.6076E-08 3.8524E-08 4.0353E-08 4.1582E-08 4.2167E-08 4.2045E-08 4.1195E-08 3.9624E-08 3.7382E-08 3.4566E-08 3.1298E-08 2.7734E-08 2.4032E-08 2.0354E-08 1.6843E-08 1.3609E-08 1.0734E-08 8.2650E-09 6.2058E-09 4.5377E-09 3.2220E-09 2.2073E-09 1.4678E-09 9.4030E-10 5.7030E-10 3.1736E-10 1.5394E-10 7.4074E-11 2.3780E-11 1.5060E-12 0.0000E+00 0.0000E+00 0.0000E+00 0.0000E+00 0.0000E+00 0.0000E+00 0.0000E+00 0.0000E+00 0.0000E+00 0.0000E+00 0.0000E+00
2.4828E-09 3.1285E-09 3.9359E-09 4.8660E-09 5.9781E-09 7.2797E-09 8.7677E-09 1.0495E-08 1.2466E-08 1.4747E-08 1.7342E-08 2.0189E-08 2.3258E-08 2.6498E-08 2.9822E-08 3.3108E-08 3.6156E-08 3.8778E-08 4.0905E-08 4.2491E-08 4.3407E-08 4.3574E-08 4.2943E-08 4.1513E-08 3.9331E-08 3.6485E-08 3.3113E-08 2.9386E-08 2.5476E-08 2.1561E-08 1.7805E-08 1.4343E-08 1.1267E-08 8.6277E-09 6.4396E-09 4.6727E-09 3.2928E-09 2.2340E-09 1.4670E-09 9.2194E-10 5.4003E-10 2.9117E-10 1.3776E-10 6.1749E-11 2.0394E-11 0.0000E+00 0.0000E+00 0.0000E+00 0.0000E+00 0.0000E+00 0.0000E+00 0.0000E+00 0.0000E+00 0.0000E+00 0.0000E+00 0.0000E+00 0.0000E+00
2.1959E-09 2.7802E-09 3.5179E-09 4.3849E-09 5.4221E-09 6.6372E-09 8.0485E-09 9.7166E-09 1.1653E-08 1.3926E-08 1.6494E-08 1.9360E-08 2.2472E-08 2.5806E-08 2.9255E-08 3.2704E-08 3.5937E-08 3.8833E-08 4.1343E-08 4.3307E-08 4.4602E-08 4.5112E-08 4.4759E-08 4.3523E-08 4.1433E-08 3.8585E-08 3.5116E-08 3.1209E-08 2.7068E-08 2.2898E-08 1.8881E-08 1.5175E-08 1.1880E-08 9.0515E-09 6.7119E-09 4.8259E-09 3.3595E-09 2.2560E-09 1.4584E-09 9.0157E-10 5.2049E-10 2.6806E-10 1.2342E-10 4.6581E-11 1.1555E-11 0.0000E+00 0.0000E+00 0.0000E+00 0.0000E+00 0.0000E+00 0.0000E+00 0.0000E+00 0.0000E+00 0.0000E+00 0.0000E+00 0.0000E+00 0.0000E+00
1.9133E-09 2.4377E-09 3.0962E-09 3.8888E-09 4.8456E-09 5.9713E-09 7.2896E-09 8.8873E-09 1.0778E-08 1.2983E-08 1.5507E-08 1.8329E-08 2.1471E-08 2.4870E-08 2.8441E-08 3.2025E-08 3.5464E-08 3.8742E-08 4.1653E-08 4.4051E-08 4.5764E-08 4.6662E-08 4.6633E-08 4.5628E-08 4.3671E-08 4.0844E-08 3.7297E-08 3.3224E-08 2.8848E-08 2.4400E-08 2.0099E-08 1.6111E-08 1.2565E-08 9.5307E-09 7.0261E-09 5.0070E-09 3.4495E-09 2.2857E-09 1.4623E-09 8.8148E-10 4.9165E-10 2.4320E-10 1.0627E-10 3.8605E-11 7.7529E-12 0.0000E+00 0.0000E+00 0.0000E+00 0.0000E+00 0.0000E+00 0.0000E+00 0.0000E+00 0.0000E+00 0.0000E+00 0.0000E+00 0.0000E+00 0.0000E+00
1.6430E-09 2.1045E-09 2.6861E-09 3.3926E-09 4.2545E-09 5.2933E-09 6.5263E-09 8.0365E-09 9.8243E-09 1.1926E-08 1.4364E-08 1.7154E-08 2.0284E-08 2.3721E-08 2.7376E-08 3.1085E-08 3.4847E-08 3.8495E-08 4.1860E-08 4.4737E-08 4.6931E-08 4.8270E-08 4.8620E-08 4.7905E-08 4.6114E-08 4.3333E-08 3.9710E-08 3.5462E-08 3.0842E-08 2.6109E-08 2.1491E-08 1.7190E-08 1.3358E-08 1.0075E-08 7.3629E-09 5.2050E-09 3.5478E-09 2.3276E-09 1.4540E-09 8.6742E-10 4.7457E-10 2.2318E-10 8.9801E-11 2.5927E-11 0.0000E+00 0.0000E+00 0.0000E+00 0.0000E+00 0.0000E+00 0.0000E+00 0.0000E+00 0.0000E+00 0.0000E+00 0.0000E+00 0.0000E+00 0.0000E+00 0.0000E+00
1.3850E-09 1.7870E-09 2.2931E-09 2.9156E-09 3.6736E-09 4.6145E-09 5.7559E-09 7.1534E-09 8.8184E-09 1.0794E-08 1.3137E-08 1.5834E-08 1.8943E-08 2.2386E-08 2.6080E-08 3.0020E-08 3.4099E-08 3.8153E-08 4.1977E-08 4.5372E-08 4.8094E-08 4.9946E-08 5.0734E-08 5.0351E-08 4.8777E-08 4.6078E-08 4.2408E-08 3.7988E-08 3.3091E-08 2.8019E-08 2.3040E-08 1.8389E-08 1.4240E-08 1.0689E-08 7.7450E-09 5.4176E-09 3.6552E-09 2.3639E-09 1.4552E-09 8.3629E-10 4.4987E-10 2.0891E-10 8.0033E-11 2.1553E-11 0.0000E+00 0.0000E+00 0.0000E+00 0.0000E+00 0.0000E+00 0.0000E+00 0.0000E+00 0.0000E+00 0.0000E+00 0.0000E+00 0.0000E+00 0.0000E+00 0.0000E+00
1.1480E-09 1.4906E-09 1.9207E-09 2.4588E-09 3.1208E-09 3.9639E-09 4.9832E-09 6.2482E-09 7.7766E-09 9.6049E-09 1.1830E-08 1.4441E-08 1.7470E-08 2.0881E-08 2.4697E-08 2.8827E-08 3.3225E-08 3.7686E-08 4.2009E-08 4.5959E-08 4.9279E-08 5.1677E-08 5.2966E-08 5.2999E-08 5.1700E-08 4.9114E-08 4.5404E-08 4.0812E-08 3.5623E-08 3.0175E-08 2.4784E-08 1.9727E-08 1.5202E-08 1.1339E-08 8.1508E-09 5.6440E-09 3.7532E-09 2.3991E-09 1.4583E-09 8.2842E-10 4.2610E-10 1.9343E-10 7.2280E-11 1.4831E-11 0.0000E+00 0.0000E+00 0.0000E+00 0.0000E+00 0.0000E+00 0.0000E+00 0.0000E+00 0.0000E+00 0.0000E+00 0.0000E+00 0.0000E+00 0.0000E+00 0.0000E+00
9.3084E-10 1.2185E-09 1.5800E-09 2.0330E-09 2.6017E-09 3.3359E-09 4.2229E-09 5.3507E-09 6.7276E-09 8.4118E-09 1.0492E-08 1.2980E-08 1.5910E-08 1.9330E-08 2.3197E-08 2.7538E-08 3.2226E-08 3.7093E-08 4.1932E-08 4.6489E-08 5.0444E-08 5.3511E-08 5.5395E-08 5.5886E-08 5.4906E-08 5.2465E-08 4.8713E-08 4.3910E-08 3.8392E-08 3.2522E-08 2.6682E-08 2.1175E-08 1.6237E-08 1.2014E-08 8.5644E-09 5.8816E-09 3.8671E-09 2.4193E-09 1.4449E-09 8.1068E-10 4.1281E-10 1.8169E-10 6.5454E-11 0.0000E+00 0.0000E+00 0.0000E+00 0.0000E+00 0.0000E+00 0.0000E+00 0.0000E+00 0.0000E+00 0.0000E+00 0.0000E+00 0.0000E+00 0.0000E+00 0.0000E+00 0.0000E+00
7.3185E-10 9.6815E-10 1.2670E-09 1.6469E-09 2.1204E-09 2.7429E-09 3.4996E-09 4.4786E-09 5.7037E-09 7.2438E-09 9.1694E-09 1.1510E-08 1.4331E-08 1.7713E-08 2.1644E-08 2.6116E-08 3.1102E-08 3.6387E-08 4.1778E-08 4.6972E-08 5.1644E-08 5.5402E-08 5.7938E-08 5.8986E-08 5.8393E-08 5.6140E-08 5.2359E-08 4.7321E-08 4.1408E-08 3.5052E-08 2.8696E-08 2.2676E-08 1.7295E-08 1.2709E-08 8.9757E-09 6.0837E-09 3.9478E-09 2.4487E-09 1.4298E-09 7.9291E-10 4.0039E-10 1.7317E-10 6.2523E-11 0.0000E+00 0.0000E+00 0.0000E+00 0.0000E+00 0.0000E+00 0.0000E+00 0.0000E+00 0.0000E+00 0.0000E+00 0.0000E+00 0.0000E+00 0.0000E+00 0.0000E+00 0.0000E+00
5.5618E-10 7.4276E-10 9.8014E-10 1.2896E-09 1.6815E-09 2.1935E-09 2.8319E-09 3.6658E-09 4.7370E-09 6.1146E-09 7.8768E-09 1.0072E-08 1.2768E-08 1.6077E-08 2.0014E-08 2.4628E-08 2.9879E-08 3.5544E-08 4.1491E-08 4.7384E-08 5.2815E-08 5.7381E-08 6.0688E-08 6.2365E-08 6.2195E-08 6.0134E-08 5.6317E-08 5.1016E-08 4.4670E-08 3.7769E-08 3.0803E-08 2.4218E-08 1.8344E-08 1.3356E-08 9.3459E-09 6.2548E-09 3.9999E-09 2.4413E-09 1.4111E-09 7.6558E-10 3.7940E-10 1.5366E-10 4.7315E-11 0.0000E+00 0.0000E+00 0.0000E+00 0.0000E+00 0.0000E+00 0.0000E+00 0.0000E+00 0.0000E+00 0.0000E+00 0.0000E+00 0.0000E+00 0.0000E+00 0.0000E+00 0.0000E+00
4.1718E-10 5.4841E-10 7.3055E-10 9.7279E-10 1.2883E-09 1.7001E-09 2.2262E-09 2.9294E-09 3.8562E-09 5.0595E-09 6.6509E-09 8.6801E-09 1.1242E-08 1.4451E-08 1.8383E-08 2.3051E-08 2.8525E-08 3.4613E-08 4.1119E-08 4.7723E-08 5.4002E-08 5.9433E-08 6.3548E-08 6.5932E-08 6.6268E-08 6.4441E-08 6.0563E-08 5.4956E-08 4.8092E-08 4.0563E-08 3.2964E-08 2.5772E-08 1.9370E-08 1.3957E-08 9.6530E-09 6.3790E-09 4.0289E-09 2.4351E-09 1.4026E-09 7.5175E-10 3.7270E-10 1.4035E-10 3.3109E-11 0.0000E+00 0.0000E+00 0.0000E+00 0.0000E+00 0.0000E+00 0.0000E+00 0.0000E+00 0.0000E+00 0.0000E+00 0.0000E+00 0.0000E+00 0.0000E+00 0.0000E+00 0.0000E+00
3.0179E-10 3.9430E-10 5.2028E-10 7.0339E-10 9.4719E-10 1.2753E-09 1.6994E-09 2.2737E-09 3.0746E-09 4.1047E-09 5.5266E-09 7.3748E-09 9.7604E-09 1.2850E-08 1.6716E-08 2.1425E-08 2.7084E-08 3.3537E-08 4.0600E-08 4.7929E-08 5.5079E-08 6.1478E-08 6.6543E-08 6.9729E-08 7.0628E-08 6.9062E-08 6.5127E-08 5.9166E-08 5.1727E-08 4.3489E-08 3.5144E-08 2.7280E-08 2.0313E-08 1.4475E-08 9.8548E-09 6.4224E-09 4.0070E-09 2.3955E-09 1.3592E-09 7.2595E-10 3.5892E-10 1.3521E-10 2.6599E-11 0.0000E+00 0.0000E+00 0.0000E+00 0.0000E+00 0.0000E+00 0.0000E+00 0.0000E+00 0.0000E+00 0.0000E+00 0.0000E+00 0.0000E+00 0.0000E+00 0.0000E+00 0.0000E+00
2.0621E-10 2.7543E-10 3.5772E-10 4.8464E-10 6.6818E-10 9.1379E-10 1.2497E-09 1.7173E-09 2.3775E-09 3.2620E-09 4.4980E-09 6.1605E-09 8.3785E-09 1.1294E-08 1.5045E-08 1.9740E-08 2.5499E-08 3.2290E-08 3.9897E-08 4.7991E-08 5.6067E-08 6.3495E-08 6.9585E-08 7.3656E-08 7.5198E-08 7.3944E-08 6.9932E-08 6.3558E-08 5.5471E-08 4.6465E-08 3.7315E-08 2.8693E-08 2.1085E-08 1.4816E-08 9.9705E-09 6.4101E-09 3.9581E-09 2.3412E-09 1.2901E-09 6.6652E-10 3.2240E-10 1.1672E-10 2.1480E-11 0.0000E+00 0.0000E+00 0.0000E+00 0.0000E+00 0.0000E+00 0.0000E+00 0.0000E+00 0.0000E+00 0.0000E+00 0.0000E+00 0.0000E+00 0.0000E+00 0.0000E+00 0.0000E+00
1.2778E-10 1.7983E-10 2.4007E-10 3.2298E-10 4.4148E-10 6.2296E-10 8.8285E-10 1.2584E-09 1.7900E-09 2.5237E-09 3.5808E-09 5.0515E-09 7.0543E-09 9.7960E-09 1.3394E-08 1.7985E-08 2.3794E-08 3.0852E-08 3.8950E-08 4.7773E-08 5.6823E-08 6.5385E-08 7.2644E-08 7.7753E-08 8.0040E-08 7.9140E-08 7.5062E-08 6.8201E-08 5.9323E-08 4.9374E-08 3.9302E-08 2.9865E-08 2.1645E-08 1.5001E-08 9.9287E-09 6.3144E-09 3.8422E-09 2.2343E-09 1.2225E-09 5.9827E-10 2.7749E-10 9.7444E-11 1.6573E-11 0.0000E+00 0.0000E+00 0.0000E+00 0.0000E+00 0.0000E+00 0.0000E+00 0.0000E+00 0.0000E+00 0.0000E+00 0.0000E+00 0.0000E+00 0.0000E+00 0.0000E+00 0.0000E+00
6.5653E-11 1.0297E-10 1.4752E-10 2.0484E-10 2.7886E-10 4.0113E-10 5.9639E-10 8.7952E-10 1.2997E-09 1.8924E-09 2.7763E-09 4.0466E-09 5.8181E-09 8.3203E-09 1.1726E-08 1.6170E-08 2.1912E-08 2.9192E-08 3.7686E-08 4.7256E-08 5.7304E-08 6.7093E-08 7.5647E-08 8.1942E-08 8.5093E-08 8.4583E-08 8.0372E-08 7.2942E-08 6.3136E-08 5.2103E-08 4.0966E-08 3.0700E-08 2.1923E-08 1.4975E-08 9.7667E-09 6.0941E-09 3.6414E-09 2.0774E-09 1.1097E-09 5.1804E-10 2.2582E-10 7.4621E-11 4.6347E-12 0.0000E+00 0.0000E+00 0.0000E+00 0.0000E+00 0.0000E+00 0.0000E+00 0.0000E+00 0.0000E+00 0.0000E+00 0.0000E+00 0.0000E+00 0.0000E+00 0.0000E+00 0.0000E+00
2.4480E-11 4.3169E-11 7.5017E-11 1.1432E-10 1.6349E-10 2.4765E-10 3.8367E-10 5.8394E-10 8.9891E-10 1.3702E-09 2.0773E-09 3.1543E-09 4.6809E-09 6.9325E-09 1.0061E-08 1.4269E-08 1.9881E-08 2.7209E-08 3.6103E-08 4.6320E-08 5.7424E-08 6.8554E-08 7.8569E-08 8.6214E-08 9.0367E-08 9.0307E-08 8.5900E-08 7.7699E-08 6.6790E-08 5.4516E-08 4.2284E-08 3.1199E-08 2.1923E-08 1.4717E-08 9.4209E-09 5.7529E-09 3.3482E-09 1.8653E-09 9.7776E-10 4.3754E-10 1.6939E-10 4.2168E-11 0.0000E+00 0.0000E+00 0.0000E+00 0.0000E+00 0.0000E+00 0.0000E+00 0.0000E+00 0.0000E+00 0.0000E+00 0.0000E+00 0.0000E+00 0.0000E+00 0.0000E+00 0.0000E+00 0.0000E+00
4.9760E-12 1.4627E-11 2.7776E-11 5.0350E-11 8.3060E-11 1.4112E-10 2.2567E-10 3.5682E-10 5.7916E-10 9.4163E-10 1.4905E-09 2.3705E-09 3.6541E-09 5.6111E-09 8.4294E-09 1.2335E-08 1.7681E-08 2.5028E-08 3.4143E-08 4.4999E-08 5.7143E-08 6.9717E-08 8.1383E-08 9.0587E-08 9.5880E-08 9.6294E-08 9.1563E-08 8.2368E-08 7.0102E-08 5.6484E-08 4.3124E-08 3.1274E-08 2.1548E-08 1.4130E-08 8.8608E-09 5.2955E-09 2.9965E-09 1.6190E-09 8.1359E-10 3.4419E-10 1.0785E-10 6.0757E-12 0.0000E+00 0.0000E+00 0.0000E+00 0.0000E+00 0.0000E+00 0.0000E+00 0.0000E+00 0.0000E+00 0.0000E+00 0.0000E+00 0.0000E+00 0.0000E+00 0.0000E+00 0.0000E+00 0.0000E+00
1.0325E-12 2.6506E-12 9.5042E-12 1.8189E-11 3.6860E-11 6.3200E-11 1.1975E-10 1.9807E-10 3.3717E-10 5.9865E-10 1.0175E-09 1.6964E-09 2.7487E-09 4.3898E-09 6.8459E-09 1.0370E-08 1.5387E-08 2.2546E-08 3.1794E-08 4.3210E-08 5.6465E-08 7.0613E-08 8.4132E-08 9.5093E-08 1.0161E-07 1.0241E-07 9.7236E-08 8.6857E-08 7.3050E-08 5.7933E-08 4.3411E-08 3.0789E-08 2.0745E-08 1.3232E-08 8.0703E-09 4.7038E-09 2.5752E-09 1.3327E-09 6.2619E-10 2.4135E-10 3.7722E-11 0.0000E+00 0.0000E+00 0.0000E+00 0.0000E+00 0.0000E+00 0.0000E+00 0.0000E+00 0.0000E+00 0.0000E+00 0.0000E+00 0.0000E+00 0.0000E+00 0.0000E+00 0.0000E+00 0.0000E+00 0.0000E+00
0.0000E+00 3.7098E-13 1.1061E-12 5.3130E-12 9.8994E-12 2.3328E-11 4.4948E-11 9.6421E-11 1.7921E-10 3.4380E-10 6.4035E-10 1.1516E-09 1.9724E-09 3.2977E-09 5.3930E-09 8.4389E-09 1.2991E-08 1.9914E-08 2.9200E-08 4.1109E-08 5.5439E-08 7.1308E-08 8.6916E-08 9.9867E-08 1.0771E-07 1.0878E-07 1.0280E-07 9.0907E-08 7.5280E-08 5.8525E-08 4.2896E-08 2.9667E-08 1.9423E-08 1.2062E-08 7.1153E-09 4.0161E-09 2.1121E-09 1.0393E-09 4.2773E-10 1.1057E-10 1.6943E-11 0.0000E+00 0.0000E+00 0.0000E+00 0.0000E+00 0.0000E+00 0.0000E+00 0.0000E+00 0.0000E+00 0.0000E+00 0.0000E+00 0.0000E+00 0.0000E+00 0.0000E+00 0.0000E+00 0.0000E+00 0.0000E+00
0.0000E+00 0.0000E+00 0.0000E+00 3.3227E-13 1.4196E-12 4.1563E-12 1.1444E-11 3.0743E-11 7.8923E-11 1.6247E-10 3.5169E-10 7.1531E-10 1.3266E-09 2.3504E-09 4.0470E-09 6.5999E-09 1.0595E-08 1.7146E-08 2.6318E-08 3.8658E-08 5.4203E-08 7.1998E-08 8.9914E-08 1.0496E-07 1.1410E-07 1.1515E-07 1.0795E-07 9.4157E-08 7.6534E-08 5.8158E-08 4.1508E-08 2.7898E-08 1.7691E-08 1.0609E-08 6.0385E-09 3.2555E-09 1.6332E-09 7.2721E-10 2.2052E-10 3.5914E-11 0.0000E+00 0.0000E+00 0.0000E+00 0.0000E+00 0.0000E+00 0.0000E+00 0.0000E+00 0.0000E+00 0.0000E+00 0.0000E+00 0.0000E+00 0.0000E+00 0.0000E+00 0.0000E+00 0.0000E+00 0.0000E+00 0.0000E+00
