Assets/Resources/2015_m01_d22_1200(utc+0800)_l00_csi_1hr_conc.grd
DSAA
         159         159
     -79.000      79.000
     -79.000      79.000
  0.0000E+00  0.2713E-05
[rows 0 to 24 of 159, columns 57 to 113 of 159]
8.3376E-11 1.0030E-10 1.2011E-10 1.4810E-10 1.8145E-10 2.0474E-10 2.3187E-10 2.7111E-10 2.9812E-10 3.2913E-10 3.6794E-10 3.9748E-10 4.3029E-10 4.6375E-10 5.0251E-10 5.3614E-10 5.7210E-10 6.1545E-10 6.5204E-10 6.9020E-10 7.2989E-10 7.7003E-10 8.1115E-10 8.5329E-10 8.9621E-10 9.3990E-10 9.8398E-10 1.0289E-09 1.0743E-09 1.1210E-09 1.1682E-09 1.2155E-09 1.2627E-09 1.3092E-09 1.3555E-09 1.4010E-09 1.4464E-09 1.4907E-09 1.5336E-09 1.5754E-09 1.6163E-09 1.6560E-09 1.6943E-09 1.7320E-09 1.7684E-09 1.8038E-09 1.8373E-09 1.8695E-09 1.9004E-09 1.9299E-09 1.9575E-09 1.9833E-09 2.0073E-09 2.0301E-09 2.0514E-09 2.0708E-09 2.0887E-09
9.3356E-11 1.1018E-10 1.4089E-10 1.6413E-10 1.9964E-10 2.2357E-10 2.5623E-10 2.9094E-10 3.2035E-10 3.5491E-10 3.9089E-10 4.2320E-10 4.5767E-10 4.9815E-10 5.3278E-10 5.7011E-10 6.1407E-10 6.5214E-10 6.9186E-10 7.3305E-10 7.7569E-10 8.1891E-10 8.6310E-10 9.0795E-10 9.5367E-10 1.0001E-09 1.0471E-09 1.0945E-09 1.1425E-09 1.1918E-09 1.2416E-09 1.2915E-09 1.3416E-09 1.3912E-09 1.4396E-09 1.4875E-09 1.5344E-09 1.5798E-09 1.6240E-09 1.6665E-09 1.7082E-09 1.7499E-09 1.7903E-09 1.8294E-09 1.8669E-09 1.9028E-09 1.9376E-09 1.9707E-09 2.0023E-09 2.0320E-09 2.0596E-09 2.0855E-09 2.1094E-09 2.1317E-09 2.1522E-09 2.1712E-09 2.1892E-09
1.0151E-10 1.2449E-10 1.5443E-10 1.8736E-10 2.1548E-10 2.4882E-10 2.8219E-10 3.1108E-10 3.4638E-10 3.8235E-10 4.1562E-10 4.4995E-10 4.9249E-10 5.2897E-10 5.6653E-10 6.0547E-10 6.5242E-10 6.9364E-10 7.3644E-10 7.8045E-10 8.2546E-10 8.7095E-10 9.1736E-10 9.6481E-10 1.0129E-09 1.0619E-09 1.1116E-09 1.1614E-09 1.2123E-09 1.2644E-09 1.3170E-09 1.3699E-09 1.4226E-09 1.4751E-09 1.5267E-09 1.5776E-09 1.6272E-09 1.6752E-09 1.7217E-09 1.7666E-09 1.8100E-09 1.8518E-09 1.8923E-09 1.9312E-09 1.9699E-09 2.0067E-09 2.0424E-09 2.0761E-09 2.1077E-09 2.1381E-09 2.1665E-09 2.1927E-09 2.2161E-09 2.2388E-09 2.2594E-09 2.2782E-09 2.2944E-09
1.1566E-10 1.4716E-10 1.7317E-10 2.0289E-10 2.3558E-10 2.6721E-10 3.0567E-10 3.3691E-10 3.6904E-10 4.0865E-10 4.4286E-10 4.7891E-10 5.2308E-10 5.6221E-10 6.0386E-10 6.5109E-10 6.9342E-10 7.3768E-10 7.8272E-10 8.2885E-10 8.7617E-10 9.2439E-10 9.7501E-10 1.0265E-09 1.0789E-09 1.1318E-09 1.1849E-09 1.2386E-09 1.2926E-09 1.3474E-09 1.4029E-09 1.4585E-09 1.5138E-09 1.5687E-09 1.6225E-09 1.6752E-09 1.7264E-09 1.7760E-09 1.8240E-09 1.8698E-09 1.9152E-09 1.9594E-09 2.0025E-09 2.0438E-09 2.0823E-09 2.1186E-09 2.1541E-09 2.1885E-09 2.2208E-09 2.2510E-09 2.2784E-09 2.3046E-09 2.3283E-09 2.3501E-09 2.3696E-09 2.3882E-09 2.4053E-09
1.2934E-10 1.5555E-10 1.9187E-10 2.2028E-10 2.5617E-10 2.9548E-10 3.2823E-10 3.5904E-10 3.9860E-10 4.3440E-10 4.7160E-10 5.1801E-10 5.5774E-10 5.9866E-10 6.4771E-10 6.9134E-10 7.3681E-10 7.8343E-10 8.3281E-10 8.8293E-10 9.3457E-10 9.8771E-10 1.0418E-09 1.0969E-09 1.1523E-09 1.2080E-09 1.2643E-09 1.3205E-09 1.3774E-09 1.4350E-09 1.4931E-09 1.5519E-09 1.6107E-09 1.6689E-09 1.7258E-09 1.7806E-09 1.8339E-09 1.8853E-09 1.9349E-09 1.9833E-09 2.0293E-09 2.0740E-09 2.1169E-09 2.1587E-09 2.1992E-09 2.2382E-09 2.2745E-09 2.3076E-09 2.3391E-09 2.3697E-09 2.3979E-09 2.4237E-09 2.4460E-09 2.4679E-09 2.4874E-09 2.5041E-09 2.5187E-09
1.4377E-10 1.7592E-10 2.0513E-10 2.4223E-10 2.7896E-10 3.1739E-10 3.4786E-10 3.8241E-10 4.2517E-10 4.6267E-10 5.0520E-10 5.5177E-10 5.9219E-10 6.3596E-10 6.8862E-10 7.3648E-10 7.8622E-10 8.3677E-10 8.8873E-10 9.4281E-10 9.9752E-10 1.0532E-09 1.1106E-09 1.1683E-09 1.2270E-09 1.2868E-09 1.3470E-09 1.4076E-09 1.4681E-09 1.5288E-09 1.5900E-09 1.6518E-09 1.7141E-09 1.7755E-09 1.8355E-09 1.8930E-09 1.9488E-09 2.0029E-09 2.0543E-09 2.1033E-09 2.1504E-09 2.1959E-09 2.2411E-09 2.2843E-09 2.3247E-09 2.3626E-09 2.3992E-09 2.4345E-09 2.4668E-09 2.4949E-09 2.5217E-09 2.5478E-09 2.5712E-09 2.5910E-09 2.6086E-09 2.6260E-09 2.6412E-09
1.5863E-10 1.9330E-10 2.2368E-10 2.6387E-10 3.0456E-10 3.3568E-10 3.7178E-10 4.1454E-10 4.5322E-10 4.9442E-10 5.4229E-10 5.8378E-10 6.3023E-10 6.8583E-10 7.3472E-10 7.8519E-10 8.3730E-10 8.9201E-10 9.4823E-10 1.0057E-09 1.0655E-09 1.1267E-09 1.1889E-09 1.2521E-09 1.3159E-09 1.3800E-09 1.4446E-09 1.5089E-09 1.5729E-09 1.6371E-09 1.7017E-09 1.7662E-09 1.8307E-09 1.8943E-09 1.9558E-09 2.0147E-09 2.0721E-09 2.1279E-09 2.1816E-09 2.2329E-09 2.2819E-09 2.3289E-09 2.3726E-09 2.4150E-09 2.4569E-09 2.4970E-09 2.5338E-09 2.5673E-09 2.5988E-09 2.6287E-09 2.6557E-09 2.6780E-09 2.6998E-09 2.7206E-09 2.7387E-09 2.7527E-09 2.7653E-09
1.7393E-10 2.1249E-10 2.4458E-10 2.8430E-10 3.2437E-10 3.6011E-10 3.9897E-10 4.4335E-10 4.8264E-10 5.2642E-10 5.7567E-10 6.2367E-10 6.7415E-10 7.3121E-10 7.8344E-10 8.3742E-10 8.9468E-10 9.5427E-10 1.0164E-09 1.0789E-09 1.1428E-09 1.2080E-09 1.2744E-09 1.3408E-09 1.4079E-09 1.4754E-09 1.5426E-09 1.6104E-09 1.6782E-09 1.7463E-09 1.8150E-09 1.8839E-09 1.9523E-09 2.0199E-09 2.0852E-09 2.1480E-09 2.2078E-09 2.2653E-09 2.3196E-09 2.3714E-09 2.4213E-09 2.4693E-09 2.5165E-09 2.5605E-09 2.6012E-09 2.6378E-09 2.6743E-09 2.7095E-09 2.7412E-09 2.7684E-09 2.7943E-09 2.8189E-09 2.8392E-09 2.8562E-09 2.8717E-09 2.8866E-09 2.8980E-09
1.9313E-10 2.2902E-10 2.6360E-10 3.0846E-10 3.4295E-10 3.8349E-10 4.2976E-10 4.6894E-10 5.1046E-10 5.6220E-10 6.1285E-10 6.6813E-10 7.2651E-10 7.7975E-10 8.3680E-10 8.9724E-10 9.5991E-10 1.0240E-09 1.0894E-09 1.1568E-09 1.2259E-09 1.2959E-09 1.3668E-09 1.4390E-09 1.5123E-09 1.5857E-09 1.6591E-09 1.7320E-09 1.8043E-09 1.8763E-09 1.9480E-09 2.0195E-09 2.0898E-09 2.1588E-09 2.2261E-09 2.2907E-09 2.3530E-09 2.4129E-09 2.4705E-09 2.5245E-09 2.5746E-09 2.6215E-09 2.6667E-09 2.7105E-09 2.7529E-09 2.7931E-09 2.8290E-09 2.8588E-09 2.8893E-09 2.9180E-09 2.9441E-09 2.9641E-09 2.9840E-09 3.0025E-09 3.0148E-09 3.0261E-09 3.0359E-09
2.1184E-10 2.5285E-10 2.8519E-10 3.2920E-10 3.6888E-10 4.1148E-10 4.5615E-10 4.9793E-10 5.4615E-10 6.0079E-10 6.5424E-10 7.1261E-10 7.7480E-10 8.3543E-10 8.9893E-10 9.6344E-10 1.0305E-09 1.0996E-09 1.1709E-09 1.2436E-09 1.3479E-09 1.4245E-09 1.5016E-09 1.5792E-09 1.6573E-09 1.7063E-09 1.7838E-09 1.8611E-09 1.9377E-09 2.0136E-09 2.0893E-09 2.1646E-09 2.2392E-09 2.3118E-09 2.3821E-09 2.4487E-09 2.5117E-09 2.5728E-09 2.6304E-09 2.6854E-09 2.7374E-09 2.7870E-09 2.8332E-09 2.8751E-09 2.9159E-09 2.9522E-09 2.9883E-09 3.0224E-09 3.0522E-09 3.0751E-09 3.0988E-09 3.1213E-09 3.1394E-09 3.1530E-09 3.1655E-09 3.1739E-09 3.1823E-09
2.2748E-10 2.6565E-10 3.0608E-10 3.5067E-10 3.9345E-10 4.4060E-10 4.8360E-10 5.2954E-10 5.8717E-10 6.4042E-10 6.9707E-10 7.6505E-10 8.3138E-10 8.9782E-10 9.9468E-10 1.0653E-09 1.1384E-09 1.2151E-09 1.2939E-09 1.3737E-09 1.4545E-09 1.5365E-09 1.6191E-09 1.7024E-09 1.7857E-09 1.8687E-09 1.9518E-09 2.0344E-09 2.1156E-09 2.1952E-09 2.2736E-09 2.3214E-09 2.3985E-09 2.4744E-09 2.5478E-09 2.6182E-09 2.6851E-09 2.7476E-09 2.8063E-09 2.8613E-09 2.9131E-09 2.9604E-09 3.0068E-09 3.0500E-09 3.0907E-09 3.1277E-09 3.1628E-09 3.1915E-09 3.2196E-09 3.2463E-09 3.2671E-09 3.2842E-09 3.2999E-09 3.3149E-09 3.3234E-09 3.3312E-09 3.3351E-09
2.4673E-10 2.8874E-10 3.3247E-10 3.7765E-10 4.1964E-10 4.6961E-10 5.1617E-10 5.6732E-10 6.2639E-10 6.8386E-10 7.4909E-10 8.4944E-10 9.2146E-10 9.9624E-10 1.0704E-09 1.1491E-09 1.2307E-09 1.3133E-09 1.3976E-09 1.4843E-09 1.5724E-09 1.6612E-09 1.7516E-09 1.8427E-09 1.9335E-09 2.0238E-09 2.1129E-09 2.2006E-09 2.2868E-09 2.3706E-09 2.4530E-09 2.5344E-09 2.6135E-09 2.6902E-09 2.7638E-09 2.8046E-09 2.8715E-09 2.9353E-09 2.9952E-09 3.0517E-09 3.1027E-09 3.1515E-09 3.1969E-09 3.2379E-09 3.2773E-09 3.3129E-09 3.3451E-09 3.3752E-09 3.4032E-09 3.4228E-09 3.4426E-09 3.4604E-09 3.4722E-09 3.4815E-09 3.4900E-09 3.4958E-09 3.4985E-09
2.6483E-10 3.0539E-10 3.5041E-10 3.9908E-10 4.5065E-10 4.9894E-10 5.4936E-10 6.1067E-10 6.9845E-10 7.6416E-10 8.4047E-10 9.1186E-10 9.8873E-10 1.0723E-09 1.1588E-09 1.2440E-09 1.3315E-09 1.4521E-09 1.5445E-09 1.6400E-09 1.7377E-09 1.8351E-09 1.9325E-09 2.0302E-09 2.1270E-09 2.2218E-09 2.3153E-09 2.4072E-09 2.4971E-09 2.5845E-09 2.6694E-09 2.7227E-09 2.8057E-09 2.8862E-09 2.9637E-09 3.0370E-09 3.1053E-09 3.1385E-09 3.1992E-09 3.2557E-09 3.3082E-09 3.3559E-09 3.3983E-09 3.4387E-09 3.4781E-09 3.5122E-09 3.5447E-09 3.5704E-09 3.5909E-09 3.6137E-09 3.6310E-09 3.6428E-09 3.6540E-09 3.6607E-09 3.6655E-09 3.6680E-09 3.6683E-09
2.8602E-10 3.3298E-10 3.7655E-10 4.2870E-10 4.8421E-10 5.3426E-10 6.1746E-10 6.8560E-10 7.5202E-10 8.2321E-10 9.0230E-10 9.8090E-10 1.0659E-09 1.1878E-09 1.2845E-09 1.3802E-09 1.4760E-09 1.5756E-09 1.6794E-09 1.7835E-09 1.8884E-09 1.9940E-09 2.0996E-09 2.2042E-09 2.3079E-09 2.4110E-09 2.5122E-09 2.6111E-09 2.7072E-09 2.8002E-09 2.8899E-09 2.9768E-09 3.0609E-09 3.1415E-09 3.1863E-09 3.2592E-09 3.3275E-09 3.3907E-09 3.4497E-09 3.4745E-09 3.5255E-09 3.5729E-09 3.6171E-09 3.6566E-09 3.6902E-09 3.7235E-09 3.7523E-09 3.7776E-09 3.8004E-09 3.8128E-09 3.8270E-09 3.8400E-09 3.8460E-09 3.8494E-09 3.8494E-09 3.8507E-09 3.8472E-09
3.0345E-10 3.5570E-10 4.0210E-10 4.5682E-10 5.4321E-10 6.0007E-10 6.6839E-10 7.3742E-10 8.0862E-10 8.9077E-10 1.0013E-09 1.0908E-09 1.1854E-09 1.2845E-09 1.3886E-09 1.4976E-09 1.6074E-09 1.7169E-09 1.8289E-09 1.9426E-09 2.0879E-09 2.2027E-09 2.3174E-09 2.4312E-09 2.5433E-09 2.6536E-09 2.7614E-09 2.8661E-09 2.9672E-09 3.0317E-09 3.1259E-09 3.2167E-09 3.3041E-09 3.3877E-09 3.4671E-09 3.5411E-09 3.6081E-09 3.6379E-09 3.6949E-09 3.7479E-09 3.7951E-09 3.8088E-09 3.8490E-09 3.8860E-09 3.9215E-09 3.9494E-09 3.9755E-09 3.9977E-09 4.0136E-09 4.0301E-09 4.0410E-09 4.0434E-09 4.0487E-09 4.0487E-09 4.0479E-09 4.0399E-09 4.0350E-09
3.2700E-10 3.8000E-10 4.3159E-10 5.2344E-10 5.8306E-10 6.4836E-10 7.2232E-10 7.9402E-10 8.9991E-10 9.9253E-10 1.0848E-09 1.1819E-09 1.2834E-09 1.3905E-09 1.5070E-09 1.6295E-09 1.7841E-09 1.9059E-09 2.0280E-09 2.1524E-09 2.2771E-09 2.4020E-09 2.5265E-09 2.6500E-09 2.7713E-09 2.8904E-09 3.0063E-09 3.1184E-09 3.2262E-09 3.3291E-09 3.4268E-09 3.5197E-09 3.6079E-09 3.6909E-09 3.7357E-09 3.8091E-09 3.8761E-09 3.9370E-09 3.9926E-09 4.0097E-09 4.0545E-09 4.0943E-09 4.1296E-09 4.1380E-09 4.1661E-09 4.1931E-09 4.2157E-09 4.2301E-09 4.2471E-09 4.2553E-09 4.2617E-09 4.2673E-09 4.2622E-09 4.2589E-09 4.2522E-09 4.2461E-09 4.2306E-09
3.5603E-10 4.3706E-10 4.9470E-10 5.6140E-10 6.2867E-10 6.9775E-10 8.0593E-10 8.8543E-10 9.7875E-10 1.0750E-09 1.1750E-09 1.2793E-09 1.3912E-09 1.5442E-09 1.6735E-09 1.8084E-09 1.9448E-09 2.0808E-09 2.2154E-09 2.3511E-09 2.4876E-09 2.6249E-09 2.7610E-09 2.8948E-09 3.0259E-09 3.1540E-09 3.2782E-09 3.3975E-09 3.5117E-09 3.6202E-09 3.7226E-09 3.8192E-09 3.9102E-09 3.9953E-09 4.0744E-09 4.1460E-09 4.2096E-09 4.2321E-09 4.2823E-09 4.3275E-09 4.3672E-09 4.3706E-09 4.4021E-09 4.4301E-09 4.4331E-09 4.4546E-09 4.4712E-09 4.4851E-09 4.4892E-09 4.4968E-09 4.5003E-09 4.4943E-09 4.4924E-09 4.4812E-09 4.4713E-09 4.4557E-09 4.4415E-09
4.1405E-10 4.7026E-10 5.2953E-10 6.0375E-10 6.7776E-10 7.8807E-10 8.6968E-10 9.5968E-10 1.0620E-09 1.1634E-09 1.3033E-09 1.4228E-09 1.5495E-09 1.6837E-09 1.8222E-09 1.9686E-09 2.1217E-09 2.2738E-09 2.4568E-09 2.6078E-09 2.7584E-09 2.9080E-09 3.0564E-09 3.2017E-09 3.3442E-09 3.4826E-09 3.6160E-09 3.7435E-09 3.8646E-09 3.9785E-09 4.0849E-09 4.1835E-09 4.2749E-09 4.3590E-09 4.4018E-09 4.4730E-09 4.5357E-09 4.5893E-09 4.6360E-09 4.6413E-09 4.6752E-09 4.7033E-09 4.7270E-09 4.7199E-09 4.7377E-09 4.7326E-09 4.7471E-09 4.7505E-09 4.7574E-09 4.7527E-09 4.7470E-09 4.7430E-09 4.7285E-09 4.7174E-09 4.6998E-09 4.6812E-09 4.6564E-09
4.4668E-10 5.0355E-10 5.7656E-10 6.8224E-10 7.6236E-10 8.5041E-10 9.4243E-10 1.0399E-09 1.1487E-09 1.2941E-09 1.4178E-09 1.5499E-09 1.6890E-09 1.8343E-09 1.9869E-09 2.1812E-09 2.3515E-09 2.5246E-09 2.6930E-09 2.8582E-09 3.0246E-09 3.1894E-09 3.3511E-09 3.5095E-09 3.6635E-09 3.8123E-09 3.9541E-09 4.0903E-09 4.2187E-09 4.3388E-09 4.4500E-09 4.5521E-09 4.6454E-09 4.7298E-09 4.8053E-09 4.8717E-09 4.9275E-09 4.9395E-09 4.9806E-09 5.0150E-09 5.0426E-09 5.0305E-09 5.0476E-09 5.0603E-09 5.0451E-09 5.0517E-09 5.0347E-09 5.0395E-09 5.0346E-09 5.0275E-09 5.0159E-09 4.9974E-09 4.9839E-09 4.9625E-09 4.9404E-09 4.9152E-09 4.8874E-09
4.7705E-10 5.4124E-10 6.5359E-10 7.3536E-10 8.1979E-10 9.1931E-10 1.0199E-09 1.1646E-09 1.2804E-09 1.4075E-09 1.5442E-09 1.6880E-09 1.8401E-09 2.0360E-09 2.2084E-09 2.3884E-09 2.5759E-09 2.7693E-09 2.9604E-09 3.1458E-09 3.3279E-09 3.5085E-09 3.7220E-09 3.8946E-09 4.0611E-09 4.2219E-09 4.3731E-09 4.5147E-09 4.6480E-09 4.7733E-09 4.8870E-09 4.9914E-09 5.0850E-09 5.1315E-09 5.2053E-09 5.2684E-09 5.3213E-09 5.3644E-09 5.3969E-09 5.3847E-09 5.4040E-09 5.4164E-09 5.4245E-09 5.3980E-09 5.3979E-09 5.3716E-09 5.3685E-09 5.3392E-09 5.3310E-09 5.3185E-09 5.2968E-09 5.2746E-09 5.2476E-09 5.2222E-09 5.1923E-09 5.1601E-09 5.1262E-09
5.1013E-10 6.1477E-10 7.0582E-10 7.9092E-10 8.9111E-10 1.0270E-09 1.1396E-09 1.2638E-09 1.3944E-09 1.5321E-09 1.6801E-09 1.8752E-09 2.0480E-09 2.2305E-09 2.4229E-09 2.6232E-09 2.8298E-09 3.0407E-09 3.2909E-09 3.4995E-09 3.7013E-09 3.9000E-09 4.0948E-09 4.2839E-09 4.4659E-09 4.6393E-09 4.8025E-09 4.9526E-09 5.0929E-09 5.2227E-09 5.3408E-09 5.4463E-09 5.5371E-09 5.6134E-09 5.6821E-09 5.7395E-09 5.7854E-09 5.7824E-09 5.8085E-09 5.8260E-09 5.8347E-09 5.7997E-09 5.7966E-09 5.7880E-09 5.7490E-09 5.7377E-09 5.7174E-09 5.6819E-09 5.6463E-09 5.6203E-09 5.5968E-09 5.5628E-09 5.5293E-09 5.4937E-09 5.4561E-09 5.4167E-09 5.3714E-09
5.8084E-10 6.6584E-10 7.5743E-10 8.5266E-10 9.9644E-10 1.1122E-09 1.2341E-09 1.3738E-09 1.5171E-09 1.7038E-09 1.8707E-09 2.0513E-09 2.2454E-09 2.4485E-09 2.6603E-09 2.9193E-09 3.1476E-09 3.3813E-09 3.6198E-09 3.8543E-09 4.0804E-09 4.3009E-09 4.5150E-09 4.7217E-09 4.9188E-09 5.1054E-09 5.2792E-09 5.4381E-09 5.5838E-09 5.7185E-09 5.8397E-09 5.9470E-09 6.0376E-09 6.1140E-09 6.1745E-09 6.2169E-09 6.2539E-09 6.2802E-09 6.2959E-09 6.2616E-09 6.2600E-09 6.2513E-09 6.2350E-09 6.1802E-09 6.1554E-09 6.1260E-09 6.0726E-09 6.0409E-09 5.9910E-09 5.9462E-09 5.9047E-09 5.8685E-09 5.8245E-09 5.7783E-09 5.7322E-09 5.6840E-09 5.6348E-09
6.2660E-10 7.1701E-10 8.1335E-10 9.5388E-10 1.0788E-09 1.2028E-09 1.3437E-09 1.5263E-09 1.6887E-09 1.8613E-09 2.0486E-09 2.2481E-09 2.4616E-09 2.7252E-09 2.9644E-09 3.2120E-09 3.4651E-09 3.7237E-09 3.9867E-09 4.2489E-09 4.5023E-09 4.7443E-09 4.9786E-09 5.2039E-09 5.4192E-09 5.6211E-09 5.8074E-09 5.9769E-09 6.1288E-09 6.2657E-09 6.3890E-09 6.4964E-09 6.5853E-09 6.6557E-09 6.7123E-09 6.7539E-09 6.7775E-09 6.7809E-09 6.7842E-09 6.7767E-09 6.7596E-09 6.6947E-09 6.6653E-09 6.6296E-09 6.5887E-09 6.5181E-09 6.4709E-09 6.4019E-09 6.3570E-09 6.2926E-09 6.2363E-09 6.1838E-09 6.1329E-09 6.0787E-09 6.0198E-09 5.9628E-09 5.9041E-09
6.7185E-10 7.6960E-10 9.1113E-10 1.0343E-09 1.1644E-09 1.3027E-09 1.4948E-09 1.6629E-09 1.8421E-09 2.0372E-09 2.2438E-09 2.5012E-09 2.7414E-09 2.9960E-09 3.2638E-09 3.5395E-09 3.8198E-09 4.1054E-09 4.3941E-09 4.6836E-09 4.9681E-09 5.2386E-09 5.4964E-09 5.7427E-09 5.9746E-09 6.1910E-09 6.3898E-09 6.5708E-09 6.7319E-09 6.8746E-09 6.9999E-09 7.1065E-09 7.1926E-09 7.2587E-09 7.3032E-09 7.3258E-09 7.3402E-09 7.3402E-09 7.3206E-09 7.2891E-09 7.2559E-09 7.2144E-09 7.1657E-09 7.0730E-09 7.0177E-09 6.9579E-09 6.8689E-09 6.8072E-09 6.7214E-09 6.6613E-09 6.5746E-09 6.5170E-09 6.4533E-09 6.3841E-09 6.3223E-09 6.2518E-09 6.1837E-09
7.1959E-10 8.6121E-10 9.8274E-10 1.1156E-09 1.2556E-09 1.4472E-09 1.6264E-09 1.8109E-09 2.0122E-09 2.2635E-09 2.4981E-09 2.7477E-09 3.0146E-09 3.2982E-09 3.5977E-09 3.9053E-09 4.2195E-09 4.5379E-09 4.8571E-09 5.1761E-09 5.4901E-09 5.7897E-09 6.0739E-09 6.3436E-09 6.5975E-09 6.8321E-09 7.0443E-09 7.2338E-09 7.4017E-09 7.5485E-09 7.6736E-09 7.7793E-09 7.8589E-09 7.9156E-09 7.9502E-09 7.9646E-09 7.9590E-09 7.9294E-09 7.8973E-09 7.8546E-09 7.7859E-09 7.7262E-09 7.6580E-09 7.5842E-09 7.5057E-09 7.3932E-09 7.3131E-09 7.2071E-09 7.1288E-09 7.0288E-09 6.9320E-09 6.8576E-09 6.7861E-09 6.7093E-09 6.6277E-09 6.5500E-09 6.4718E-09
