Assets/Resources/2015_m01_d27_1700(utc+0800)_l00_csi_1hr_conc.grd
DSAA
         159         159
     -79.000      79.000
     -79.000      79.000
  0.0000E+00  0.1330E-04
[rows 0 to 24 of 159, columns 57 to 113 of 159]
1.7339E-09 1.9345E-09 2.1478E-09 2.3704E-09 2.6034E-09 2.8455E-09 3.0921E-09 3.3412E-09 3.5909E-09 3.8380E-09 4.0780E-09 4.3070E-09 4.5219E-09 4.7183E-09 4.8925E-09 5.0426E-09 5.1638E-09 5.2533E-09 5.3090E-09 5.3292E-09 5.3128E-09 5.2593E-09 5.1696E-09 5.0461E-09 4.8899E-09 4.7036E-09 4.4907E-09 4.2550E-09 4.0009E-09 3.7329E-09 3.4554E-09 3.1730E-09 2.8900E-09 2.6108E-09 2.3389E-09 2.0776E-09 1.8298E-09 1.5982E-09 1.3828E-09 1.1855E-09 1.0071E-09 8.4786E-10 7.0648E-10 5.8299E-10 4.7683E-10 3.8571E-10 3.0921E-10 2.4389E-10 1.8709E-10 1.3758E-10 9.4307E-11 5.8376E-11 3.1643E-11 1.2950E-11 1.3159E-12 0.0000E+00 0.0000E+00
1.7901E-09 2.0020E-09 2.2254E-09 2.4619E-09 2.7101E-09 2.9661E-09 3.2285E-09 3.4959E-09 3.7639E-09 4.0282E-09 4.2852E-09 4.5332E-09 4.7670E-09 4.9817E-09 5.1731E-09 5.3374E-09 5.4712E-09 5.5709E-09 5.6334E-09 5.6595E-09 5.6464E-09 5.5936E-09 5.5018E-09 5.3722E-09 5.2070E-09 5.0090E-09 4.7822E-09 4.5310E-09 4.2596E-09 3.9728E-09 3.6758E-09 3.3735E-09 3.0706E-09 2.7721E-09 2.4813E-09 2.2020E-09 1.9371E-09 1.6892E-09 1.4600E-09 1.2504E-09 1.0606E-09 8.9132E-10 7.4229E-10 6.1135E-10 4.9858E-10 4.0312E-10 3.2181E-10 2.5251E-10 1.9346E-10 1.4189E-10 9.6660E-11 5.9293E-11 3.2458E-11 1.2845E-11 7.0746E-13 0.0000E+00 0.0000E+00
1.8410E-09 2.0604E-09 2.2962E-09 2.5464E-09 2.8071E-09 3.0785E-09 3.3583E-09 3.6423E-09 3.9272E-09 4.2108E-09 4.4888E-09 4.7561E-09 5.0079E-09 5.2399E-09 5.4465E-09 5.6267E-09 5.7746E-09 5.8867E-09 5.9601E-09 5.9925E-09 5.9828E-09 5.9304E-09 5.8349E-09 5.6999E-09 5.5265E-09 5.3177E-09 5.0775E-09 4.8104E-09 4.5213E-09 4.2158E-09 3.8991E-09 3.5765E-09 3.2533E-09 2.9344E-09 2.6242E-09 2.3263E-09 2.0441E-09 1.7808E-09 1.5371E-09 1.3149E-09 1.1144E-09 9.3523E-10 7.7718E-10 6.3973E-10 5.2089E-10 4.2022E-10 3.3564E-10 2.6328E-10 2.0144E-10 1.4856E-10 1.0198E-10 6.2413E-11 3.3316E-11 1.1169E-11 1.7965E-13 0.0000E+00 0.0000E+00
1.8810E-09 2.1118E-09 2.3598E-09 2.6206E-09 2.8956E-09 3.1826E-09 3.4775E-09 3.7784E-09 4.0829E-09 4.3860E-09 4.6821E-09 4.9676E-09 5.2388E-09 5.4903E-09 5.7169E-09 5.9135E-09 6.0760E-09 6.2004E-09 6.2821E-09 6.3220E-09 6.3168E-09 6.2659E-09 6.1695E-09 6.0293E-09 5.8475E-09 5.6276E-09 5.3735E-09 5.0906E-09 4.7841E-09 4.4596E-09 4.1230E-09 3.7799E-09 3.4361E-09 3.0969E-09 2.7675E-09 2.4511E-09 2.1516E-09 1.8716E-09 1.6135E-09 1.3784E-09 1.1670E-09 9.7927E-10 8.1332E-10 6.6854E-10 5.4390E-10 4.3725E-10 3.4878E-10 2.7311E-10 2.0822E-10 1.5303E-10 1.0440E-10 6.4193E-11 3.2658E-11 9.7392E-12 4.0838E-14 0.0000E+00 0.0000E+00
1.9150E-09 2.1556E-09 2.4114E-09 2.6850E-09 2.9738E-09 3.2740E-09 3.5852E-09 3.9045E-09 4.2267E-09 4.5475E-09 4.8637E-09 5.1704E-09 5.4619E-09 5.7323E-09 5.9756E-09 6.1888E-09 6.3668E-09 6.5048E-09 6.5992E-09 6.6471E-09 6.6469E-09 6.5978E-09 6.4991E-09 6.3544E-09 6.1653E-09 5.9352E-09 5.6683E-09 5.3700E-09 5.0461E-09 4.7025E-09 4.3461E-09 3.9827E-09 3.6183E-09 3.2589E-09 2.9095E-09 2.5745E-09 2.2576E-09 1.9620E-09 1.6905E-09 1.4434E-09 1.2204E-09 1.0223E-09 8.4833E-10 6.9691E-10 5.6630E-10 4.5515E-10 3.6152E-10 2.8345E-10 2.1478E-10 1.5728E-10 1.0718E-10 6.5912E-11 3.1404E-11 1.0136E-11 0.0000E+00 0.0000E+00 0.0000E+00
1.9397E-09 2.1865E-09 2.4538E-09 2.7393E-09 3.0387E-09 3.3539E-09 3.6816E-09 4.0167E-09 4.3559E-09 4.6967E-09 5.0330E-09 5.3588E-09 5.6695E-09 5.9596E-09 6.2235E-09 6.4554E-09 6.6496E-09 6.8017E-09 6.9069E-09 6.9637E-09 6.9695E-09 6.9234E-09 6.8255E-09 6.6771E-09 6.4809E-09 6.2406E-09 5.9608E-09 5.6473E-09 5.3064E-09 4.9443E-09 4.5680E-09 4.1841E-09 3.7991E-09 3.4196E-09 3.0509E-09 2.6982E-09 2.3647E-09 2.0535E-09 1.7670E-09 1.5064E-09 1.2727E-09 1.0653E-09 8.8289E-10 7.2512E-10 5.8881E-10 4.7299E-10 3.7492E-10 2.9175E-10 2.2137E-10 1.5999E-10 1.0920E-10 6.5536E-11 3.0999E-11 9.0107E-12 0.0000E+00 0.0000E+00 0.0000E+00
1.9536E-09 2.2090E-09 2.4851E-09 2.7783E-09 3.0915E-09 3.4208E-09 3.7617E-09 4.1128E-09 4.4709E-09 4.8303E-09 5.1852E-09 5.5313E-09 5.8631E-09 6.1738E-09 6.4566E-09 6.7055E-09 6.9163E-09 7.0832E-09 7.2018E-09 7.2685E-09 7.2811E-09 7.2383E-09 7.1400E-09 6.9883E-09 6.7856E-09 6.5363E-09 6.2449E-09 5.9171E-09 5.5597E-09 5.1795E-09 4.7842E-09 4.3812E-09 3.9769E-09 3.5784E-09 3.1912E-09 2.8203E-09 2.4699E-09 2.1432E-09 1.8426E-09 1.5707E-09 1.3254E-09 1.1079E-09 9.1732E-10 7.5195E-10 6.1013E-10 4.8921E-10 3.8819E-10 3.0126E-10 2.2676E-10 1.6470E-10 1.1126E-10 6.5126E-11 2.9601E-11 7.6017E-12 0.0000E+00 0.0000E+00 0.0000E+00
1.9572E-09 2.2199E-09 2.5017E-09 2.8070E-09 3.1311E-09 3.4708E-09 3.8263E-09 4.1940E-09 4.5685E-09 4.9450E-09 5.3200E-09 5.6862E-09 6.0379E-09 6.3680E-09 6.6707E-09 6.9395E-09 7.1683E-09 7.3511E-09 7.4830E-09 7.5599E-09 7.5803E-09 7.5429E-09 7.4470E-09 7.2941E-09 7.0867E-09 6.8291E-09 6.5264E-09 6.1847E-09 5.8113E-09 5.4138E-09 4.9997E-09 4.5772E-09 4.1534E-09 3.7354E-09 3.3291E-09 2.9415E-09 2.5746E-09 2.2329E-09 1.9184E-09 1.6324E-09 1.3765E-09 1.1495E-09 9.5044E-10 7.7884E-10 6.3103E-10 5.0581E-10 3.9973E-10 3.1044E-10 2.3223E-10 1.6897E-10 1.1315E-10 6.4064E-11 2.8674E-11 7.8163E-12 2.0441E-13 0.0000E+00 0.0000E+00
1.9524E-09 2.2179E-09 2.5081E-09 2.8212E-09 3.1531E-09 3.5055E-09 3.8749E-09 4.2561E-09 4.6460E-09 5.0413E-09 5.4351E-09 5.8204E-09 6.1918E-09 6.5428E-09 6.8663E-09 7.1537E-09 7.4001E-09 7.5996E-09 7.7462E-09 7.8359E-09 7.8658E-09 7.8340E-09 7.7404E-09 7.5860E-09 7.3739E-09 7.1092E-09 6.7966E-09 6.4427E-09 6.0550E-09 5.6415E-09 5.2105E-09 4.7699E-09 4.3281E-09 3.8919E-09 3.4681E-09 3.0620E-09 2.6785E-09 2.3215E-09 1.9933E-09 1.6962E-09 1.4282E-09 1.1910E-09 9.8323E-10 8.0363E-10 6.5012E-10 5.2015E-10 4.1048E-10 3.1782E-10 2.3592E-10 1.7231E-10 1.1334E-10 6.2746E-11 2.8570E-11 7.1322E-12 5.7024E-13 0.0000E+00 0.0000E+00
1.9339E-09 2.2048E-09 2.5014E-09 2.8195E-09 3.1614E-09 3.5244E-09 3.9038E-09 4.2987E-09 4.7052E-09 5.1167E-09 5.5272E-09 5.9316E-09 6.3236E-09 6.6949E-09 7.0379E-09 7.3456E-09 7.6107E-09 7.8270E-09 7.9886E-09 8.0901E-09 8.1288E-09 8.1040E-09 8.0144E-09 7.8612E-09 7.6471E-09 7.3765E-09 7.0552E-09 6.6901E-09 6.2889E-09 5.8605E-09 5.4132E-09 4.9555E-09 4.4959E-09 4.0421E-09 3.6009E-09 3.1792E-09 2.7807E-09 2.4087E-09 2.0664E-09 1.7558E-09 1.4774E-09 1.2306E-09 1.0148E-09 8.2887E-10 6.6910E-10 5.3446E-10 4.2094E-10 3.2378E-10 2.4196E-10 1.7488E-10 1.1115E-10 6.2411E-11 2.7197E-11 6.4215E-12 6.8464E-13 0.0000E+00 0.0000E+00
1.9063E-09 2.1819E-09 2.4799E-09 2.8044E-09 3.1537E-09 3.5235E-09 3.9144E-09 4.3227E-09 4.7419E-09 5.1681E-09 5.5969E-09 6.0207E-09 6.4315E-09 6.8222E-09 7.1851E-09 7.5126E-09 7.7966E-09 8.0308E-09 8.2089E-09 8.3255E-09 8.3769E-09 8.3606E-09 8.2763E-09 8.1251E-09 7.9091E-09 7.6346E-09 7.3066E-09 6.9322E-09 6.5196E-09 6.0777E-09 5.6152E-09 5.1412E-09 4.6651E-09 4.1937E-09 3.7353E-09 3.2959E-09 2.8807E-09 2.4937E-09 2.1380E-09 1.8161E-09 1.5261E-09 1.2699E-09 1.0457E-09 8.5211E-10 6.8654E-10 5.4687E-10 4.2964E-10 3.3105E-10 2.4619E-10 1.7651E-10 1.1180E-10 6.0276E-11 2.6305E-11 6.5754E-12 1.2573E-12 0.0000E+00 0.0000E+00
1.8696E-09 2.1442E-09 2.4457E-09 2.7752E-09 3.1284E-09 3.5067E-09 3.9073E-09 4.3243E-09 4.7561E-09 5.1983E-09 5.6431E-09 6.0832E-09 6.5122E-09 6.9229E-09 7.3062E-09 7.6534E-09 7.9570E-09 8.2094E-09 8.4037E-09 8.5345E-09 8.5964E-09 8.5895E-09 8.5118E-09 8.3643E-09 8.1500E-09 7.8734E-09 7.5404E-09 7.1583E-09 6.7353E-09 6.2813E-09 5.8052E-09 5.3165E-09 4.8245E-09 4.3373E-09 3.8628E-09 3.4078E-09 2.9788E-09 2.5775E-09 2.2083E-09 1.8731E-09 1.5729E-09 1.3070E-09 1.0745E-09 8.7500E-10 7.0459E-10 5.5966E-10 4.3737E-10 3.3498E-10 2.4924E-10 1.7722E-10 1.1032E-10 6.0087E-11 2.6379E-11 7.5496E-12 1.8307E-12 0.0000E+00 0.0000E+00
1.8223E-09 2.0966E-09 2.4007E-09 2.7302E-09 3.0879E-09 3.4725E-09 3.8783E-09 4.3054E-09 4.7498E-09 5.2041E-09 5.6626E-09 6.1199E-09 6.5678E-09 6.9969E-09 7.3990E-09 7.7657E-09 8.0884E-09 8.3581E-09 8.5695E-09 8.7156E-09 8.7923E-09 8.7970E-09 8.7284E-09 8.5869E-09 8.3742E-09 8.0977E-09 7.7617E-09 7.3738E-09 6.9431E-09 6.4785E-09 5.9897E-09 5.4867E-09 4.9802E-09 4.4773E-09 3.9871E-09 3.5165E-09 3.0712E-09 2.6566E-09 2.2752E-09 1.9285E-09 1.6192E-09 1.3442E-09 1.1039E-09 8.9637E-10 7.1994E-10 5.7103E-10 4.4507E-10 3.4025E-10 2.5212E-10 1.7804E-10 1.0817E-10 5.9875E-11 2.5637E-11 8.4597E-12 1.9844E-12 0.0000E+00 0.0000E+00
1.7641E-09 2.0390E-09 2.3408E-09 2.6716E-09 3.0331E-09 3.4197E-09 3.8319E-09 4.2677E-09 4.7198E-09 5.1850E-09 5.6583E-09 6.1310E-09 6.5944E-09 7.0409E-09 7.4623E-09 7.8492E-09 8.1918E-09 8.4821E-09 8.7128E-09 8.8771E-09 8.9698E-09 8.9864E-09 8.9286E-09 8.7953E-09 8.5894E-09 8.3149E-09 7.9779E-09 7.5860E-09 7.1477E-09 6.6737E-09 6.1737E-09 5.6581E-09 5.1364E-09 4.6181E-09 4.1124E-09 3.6264E-09 3.1679E-09 2.7380E-09 2.3421E-09 1.9837E-09 1.6620E-09 1.3783E-09 1.1312E-09 9.1792E-10 7.3644E-10 5.8153E-10 4.5198E-10 3.4510E-10 2.5545E-10 1.7535E-10 1.0761E-10 5.7690E-11 2.5497E-11 9.4097E-12 2.2862E-12 0.0000E+00 0.0000E+00
1.7001E-09 1.9716E-09 2.2705E-09 2.6022E-09 2.9616E-09 3.3504E-09 3.7680E-09 4.2075E-09 4.6678E-09 5.1447E-09 5.6288E-09 6.1138E-09 6.5933E-09 7.0581E-09 7.4982E-09 7.9039E-09 8.2663E-09 8.5751E-09 8.8247E-09 9.0068E-09 9.1161E-09 9.1493E-09 9.1041E-09 8.9805E-09 8.7808E-09 8.5088E-09 8.1726E-09 7.7790E-09 7.3362E-09 6.8544E-09 6.3443E-09 5.8166E-09 5.2826E-09 4.7508E-09 4.2308E-09 3.7303E-09 3.2562E-09 2.8139E-09 2.4066E-09 2.0369E-09 1.7065E-09 1.4133E-09 1.1573E-09 9.3830E-10 7.5129E-10 5.9174E-10 4.5810E-10 3.4858E-10 2.5788E-10 1.7688E-10 1.0579E-10 5.8085E-11 2.7437E-11 1.0357E-11 2.5461E-12 0.0000E+00 0.0000E+00
1.6287E-09 1.8930E-09 2.1908E-09 2.5184E-09 2.8765E-09 3.2683E-09 3.6854E-09 4.1292E-09 4.5967E-09 5.0796E-09 5.5735E-09 6.0724E-09 6.5671E-09 7.0472E-09 7.5047E-09 7.9297E-09 8.3127E-09 8.6439E-09 8.9143E-09 9.1168E-09 9.2452E-09 9.2932E-09 9.2628E-09 9.1522E-09 8.9626E-09 8.6978E-09 8.3640E-09 7.9691E-09 7.5222E-09 7.0335E-09 6.5147E-09 5.9760E-09 5.4284E-09 4.8828E-09 4.3485E-09 3.8335E-09 3.3463E-09 2.8899E-09 2.4695E-09 2.0884E-09 1.7478E-09 1.4467E-09 1.1841E-09 9.5726E-10 7.6476E-10 6.0204E-10 4.6598E-10 3.5376E-10 2.5789E-10 1.7627E-10 1.0496E-10 5.5877E-11 2.9120E-11 1.0479E-11 2.5661E-12 0.0000E+00 0.0000E+00
1.5488E-09 1.8091E-09 2.1023E-09 2.4241E-09 2.7816E-09 3.1689E-09 3.5866E-09 4.0343E-09 4.5040E-09 4.9943E-09 5.4981E-09 6.0075E-09 6.5140E-09 7.0105E-09 7.4864E-09 7.9311E-09 8.3340E-09 8.6844E-09 8.9760E-09 9.1995E-09 9.3485E-09 9.4172E-09 9.4030E-09 9.3052E-09 9.1257E-09 8.8668E-09 8.5384E-09 8.1449E-09 7.6962E-09 7.2029E-09 6.6763E-09 6.1278E-09 5.5695E-09 5.0118E-09 4.4640E-09 3.9355E-09 3.4341E-09 2.9651E-09 2.5327E-09 2.1401E-09 1.7896E-09 1.4796E-09 1.2105E-09 9.7784E-10 7.7832E-10 6.1002E-10 4.7150E-10 3.5834E-10 2.6126E-10 1.7425E-10 1.0521E-10 5.6499E-11 3.0547E-11 1.1333E-11 3.3335E-12 0.0000E+00 0.0000E+00
1.4648E-09 1.7199E-09 2.0034E-09 2.3221E-09 2.6739E-09 3.0576E-09 3.4770E-09 3.9226E-09 4.3953E-09 4.8908E-09 5.4007E-09 5.9194E-09 6.4393E-09 6.9506E-09 7.4421E-09 7.9046E-09 8.3282E-09 8.7013E-09 9.0146E-09 9.2591E-09 9.4277E-09 9.5136E-09 9.5177E-09 9.4363E-09 9.2699E-09 9.0222E-09 8.6990E-09 8.3082E-09 7.8591E-09 7.3625E-09 6.8299E-09 6.2731E-09 5.7041E-09 5.1342E-09 4.5738E-09 4.0329E-09 3.5195E-09 3.0385E-09 2.5951E-09 2.1928E-09 1.8315E-09 1.5126E-09 1.2343E-09 9.9559E-10 7.9310E-10 6.2131E-10 4.7914E-10 3.6250E-10 2.6342E-10 1.7554E-10 1.0441E-10 5.9542E-11 3.1540E-11 1.1082E-11 2.9981E-12 0.0000E+00 0.0000E+00
1.3780E-09 1.6234E-09 1.9012E-09 2.2137E-09 2.5572E-09 2.9394E-09 3.3525E-09 3.7972E-09 4.2719E-09 4.7689E-09 5.2855E-09 5.8130E-09 6.3431E-09 6.8670E-09 7.3759E-09 7.8580E-09 8.3024E-09 8.6965E-09 9.0331E-09 9.3024E-09 9.4949E-09 9.6051E-09 9.6289E-09 9.5646E-09 9.4128E-09 9.1759E-09 8.8616E-09 8.4757E-09 8.0279E-09 7.5291E-09 6.9911E-09 6.4264E-09 5.8473E-09 5.2662E-09 4.6930E-09 4.1377E-09 3.6091E-09 3.1139E-09 2.6571E-09 2.2426E-09 1.8744E-09 1.5480E-09 1.2616E-09 1.0144E-09 8.0521E-10 6.3086E-10 4.8614E-10 3.6574E-10 2.6420E-10 1.7711E-10 1.0525E-10 6.1763E-11 3.2364E-11 1.1254E-11 2.5498E-12 0.0000E+00 0.0000E+00
1.2892E-09 1.5244E-09 1.7948E-09 2.0972E-09 2.4365E-09 2.8108E-09 3.2198E-09 3.6631E-09 4.1348E-09 4.6334E-09 5.1536E-09 5.6874E-09 6.2273E-09 6.7648E-09 7.2887E-09 7.7886E-09 8.2523E-09 8.6695E-09 9.0288E-09 9.3205E-09 9.5359E-09 9.6666E-09 9.7121E-09 9.6670E-09 9.5321E-09 9.3096E-09 9.0051E-09 8.6257E-09 8.1814E-09 7.6816E-09 7.1400E-09 6.5688E-09 5.9809E-09 5.3891E-09 4.8045E-09 4.2378E-09 3.6976E-09 3.1922E-09 2.7238E-09 2.2978E-09 1.9162E-09 1.5798E-09 1.2874E-09 1.0351E-09 8.2081E-10 6.4158E-10 4.9431E-10 3.7100E-10 2.6767E-10 1.7793E-10 1.1008E-10 6.4400E-11 3.3599E-11 1.1262E-11 2.3506E-12 0.0000E+00 0.0000E+00
1.1976E-09 1.4246E-09 1.6858E-09 1.9798E-09 2.3115E-09 2.6755E-09 3.0797E-09 3.5167E-09 3.9865E-09 4.4856E-09 5.0079E-09 5.5469E-09 6.0958E-09 6.6445E-09 7.1820E-09 7.6990E-09 8.1831E-09 8.6224E-09 9.0044E-09 9.3206E-09 9.5611E-09 9.7182E-09 9.7864E-09 9.7626E-09 9.6467E-09 9.4384E-09 9.1459E-09 8.7747E-09 8.3343E-09 7.8358E-09 7.2915E-09 6.7147E-09 6.1184E-09 5.5163E-09 4.9197E-09 4.3401E-09 3.7872E-09 3.2682E-09 2.7895E-09 2.3542E-09 1.9628E-09 1.6161E-09 1.3134E-09 1.0552E-09 8.3654E-10 6.5300E-10 5.0049E-10 3.7572E-10 2.6959E-10 1.7726E-10 1.1304E-10 6.8278E-11 3.2305E-11 1.1721E-11 2.2509E-12 0.0000E+00 0.0000E+00
1.1079E-09 1.3254E-09 1.5730E-09 1.8601E-09 2.1798E-09 2.5381E-09 2.9341E-09 3.3646E-09 3.8306E-09 4.3268E-09 4.8501E-09 5.3940E-09 5.9492E-09 6.5071E-09 7.0592E-09 7.5929E-09 8.0968E-09 8.5587E-09 8.9666E-09 9.3094E-09 9.5771E-09 9.7607E-09 9.8528E-09 9.8524E-09 9.7568E-09 9.5674E-09 9.2885E-09 8.9274E-09 8.4923E-09 7.9947E-09 7.4483E-09 6.8659E-09 6.2623E-09 5.6501E-09 5.0422E-09 4.4505E-09 3.8837E-09 3.3515E-09 2.8589E-09 2.4103E-09 2.0089E-09 1.6540E-09 1.3432E-09 1.0758E-09 8.5201E-10 6.6555E-10 5.0876E-10 3.7976E-10 2.7359E-10 1.8305E-10 1.1509E-10 7.0664E-11 3.3098E-11 1.0826E-11 2.9084E-12 0.0000E+00 0.0000E+00
1.0190E-09 1.2251E-09 1.4646E-09 1.7393E-09 2.0491E-09 2.3979E-09 2.7827E-09 3.2073E-09 3.6668E-09 4.1601E-09 4.6840E-09 5.2289E-09 5.7897E-09 6.3581E-09 6.9232E-09 7.4730E-09 7.9961E-09 8.4810E-09 8.9122E-09 9.2807E-09 9.5748E-09 9.7852E-09 9.9049E-09 9.9292E-09 9.8554E-09 9.6840E-09 9.4192E-09 9.0690E-09 8.6414E-09 8.1477E-09 7.6008E-09 7.0141E-09 6.4028E-09 5.7816E-09 5.1626E-09 4.5591E-09 3.9810E-09 3.4368E-09 2.9321E-09 2.4704E-09 2.0561E-09 1.6910E-09 1.3741E-09 1.1009E-09 8.6854E-10 6.7585E-10 5.1751E-10 3.8574E-10 2.7502E-10 1.8735E-10 1.1969E-10 7.0300E-11 3.4248E-11 1.0526E-11 2.6023E-12 1.9247E-14 0.0000E+00
9.3361E-10 1.1266E-09 1.3556E-09 1.6172E-09 1.9185E-09 2.2541E-09 2.6318E-09 3.0469E-09 3.4996E-09 3.9891E-09 4.5089E-09 5.0558E-09 5.6214E-09 6.1979E-09 6.7749E-09 7.3414E-09 7.8848E-09 8.3923E-09 8.8509E-09 9.2477E-09 9.5709E-09 9.8100E-09 9.9561E-09 1.0007E-08 9.9567E-09 9.8068E-09 9.5599E-09 9.2216E-09 8.8015E-09 8.3110E-09 7.7639E-09 7.1740E-09 6.5560E-09 5.9242E-09 5.2928E-09 4.6747E-09 4.0812E-09 3.5226E-09 3.0049E-09 2.5327E-09 2.1077E-09 1.7310E-09 1.4032E-09 1.1243E-09 8.8764E-10 6.8800E-10 5.2479E-10 3.9236E-10 2.7909E-10 1.8955E-10 1.2381E-10 7.2682E-11 3.3845E-11 1.1564E-11 1.7739E-12 8.1249E-13 0.0000E+00
8.5003E-10 1.0317E-09 1.2480E-09 1.5000E-09 1.7881E-09 2.1131E-09 2.4794E-09 2.8838E-09 3.3289E-09 3.8113E-09 4.3303E-09 4.8771E-09 5.4460E-09 6.0307E-09 6.6200E-09 7.2021E-09 7.7645E-09 8.2940E-09 8.7766E-09 9.2006E-09 9.5526E-09 9.8215E-09 9.9984E-09 1.0076E-08 1.0050E-08 9.9215E-09 9.6912E-09 9.3672E-09 8.9571E-09 8.4721E-09 7.9252E-09 7.3315E-09 6.7064E-09 6.0665E-09 5.4248E-09 4.7953E-09 4.1885E-09 3.6138E-09 3.0798E-09 2.5933E-09 2.1581E-09 1.7738E-09 1.4374E-09 1.1481E-09 9.0525E-10 7.0242E-10 5.3351E-10 3.9696E-10 2.8542E-10 1.9367E-10 1.2680E-10 7.4291E-11 3.4617E-11 1.3059E-11 1.9275E-12 1.3949E-12 0.0000E+00
