Assets/Resources/2015_m01_d15_1900(utc+0800)_l00_csi_1hr_conc.grd
DSAA
         159         159
     -79.000      79.000
     -79.000      79.000
  0.0000E+00  0.1242E-04
[rows 125 to 149 of 159, columns 57 to 113 of 159]
9.2050E-12 9.0090E-12 8.7934E-12 8.5600E-12 8.3101E-12 8.0459E-12 7.7691E-12 7.4817E-12 7.1855E-12 8.4327E-12 6.6515E-12 6.7440E-12 9.4494E-12 1.1939E-11 4.2532E-11 6.0791E-11 8.3616E-11 1.0511E-10 1.1201E-10 1.3119E-10 1.6026E-10 1.8948E-10 2.2327E-10 2.6080E-10 2.9102E-10 3.1793E-10 3.5072E-10 3.6941E-10 4.0056E-10 4.2945E-10 4.5205E-10 4.8993E-10 5.3160E-10 5.6127E-10 5.8952E-10 6.1482E-10 6.0223E-10 6.3934E-10 6.7840E-10 7.1433E-10 7.5958E-10 7.9504E-10 8.0112E-10 8.2703E-10 8.7563E-10 8.9816E-10 9.2680E-10 9.6294E-10 9.7694E-10 9.9787E-10 1.0256E-09 1.0407E-09 1.0623E-09 1.0714E-09 1.0870E-09 1.0908E-09 1.0918E-09
7.8966E-12 7.7286E-12 7.5437E-12 7.3435E-12 7.1293E-12 6.9028E-12 4.6872E-12 2.6781E-12 2.5795E-12 2.4780E-12 4.0056E-12 5.6309E-12 6.3869E-12 9.1522E-12 2.7910E-11 4.0884E-11 4.9155E-11 6.7822E-11 9.0329E-11 1.0773E-10 1.3553E-10 1.5842E-10 1.8798E-10 2.1879E-10 2.4694E-10 2.7517E-10 3.0799E-10 3.2887E-10 3.5862E-10 3.8651E-10 4.0193E-10 4.2841E-10 4.6146E-10 4.9792E-10 4.8595E-10 5.2389E-10 5.5539E-10 5.7229E-10 6.1069E-10 6.5725E-10 6.5309E-10 6.8214E-10 7.2428E-10 7.5156E-10 7.8449E-10 8.3179E-10 8.7036E-10 8.8771E-10 9.1234E-10 9.4392E-10 9.6330E-10 9.7988E-10 1.0030E-09 1.0140E-09 1.0222E-09 1.0369E-09 1.0400E-09
6.7562E-12 4.6388E-12 2.6756E-12 2.6108E-12 2.5411E-12 2.4667E-12 2.3884E-12 2.3064E-12 2.2215E-12 2.1341E-12 3.3474E-12 3.6564E-12 1.8628E-12 0.0000E+00 6.1863E-13 1.7902E-11 3.8652E-11 5.7108E-11 7.0511E-11 9.3077E-11 1.0872E-10 1.3644E-10 1.6092E-10 1.9097E-10 2.1513E-10 2.4029E-10 2.7188E-10 2.8914E-10 3.1484E-10 3.4006E-10 3.6097E-10 3.7979E-10 3.6491E-10 4.0638E-10 4.4500E-10 4.6064E-10 4.9752E-10 5.3243E-10 5.5528E-10 5.3373E-10 5.8188E-10 6.0467E-10 6.5253E-10 6.8379E-10 7.2935E-10 7.5595E-10 7.8814E-10 8.2480E-10 8.5005E-10 8.7310E-10 9.0285E-10 9.2993E-10 9.4518E-10 9.5777E-10 9.7674E-10 9.8411E-10 9.9196E-10
2.3947E-12 2.3491E-12 2.2982E-12 2.2427E-12 2.1827E-12 2.1188E-12 2.0515E-12 1.9811E-12 1.9081E-12 0.0000E+00 0.0000E+00 0.0000E+00 0.0000E+00 0.0000E+00 5.5598E-13 1.7628E-12 2.7205E-11 4.1499E-11 5.9862E-11 7.6682E-11 9.4372E-11 1.1364E-10 1.3442E-10 1.6084E-10 1.8053E-10 2.0976E-10 2.3114E-10 2.5576E-10 2.8147E-10 2.9976E-10 2.8442E-10 3.0693E-10 3.3310E-10 3.4916E-10 3.9402E-10 4.2629E-10 4.5032E-10 4.2737E-10 4.6076E-10 4.9613E-10 5.1394E-10 5.5295E-10 5.9386E-10 6.1861E-10 6.5314E-10 6.9298E-10 7.3710E-10 7.6447E-10 7.9026E-10 8.2291E-10 8.4432E-10 8.6345E-10 8.8891E-10 9.0293E-10 9.1742E-10 9.3519E-10 9.5047E-10
2.0517E-12 2.0125E-12 1.9690E-12 1.9214E-12 1.8701E-12 0.0000E+00 0.0000E+00 0.0000E+00 0.0000E+00 0.0000E+00 0.0000E+00 0.0000E+00 0.0000E+00 0.0000E+00 0.0000E+00 5.7487E-13 1.5675E-11 3.2680E-11 4.3923E-11 6.2437E-11 7.9466E-11 9.4337E-11 1.1507E-10 1.3471E-10 1.5924E-10 1.7997E-10 2.0579E-10 2.1816E-10 2.1620E-10 2.3628E-10 2.5953E-10 2.6679E-10 2.9133E-10 3.1515E-10 3.4282E-10 3.3101E-10 3.6156E-10 3.9493E-10 4.0700E-10 4.2954E-10 4.6283E-10 5.0498E-10 5.1932E-10 5.6331E-10 6.0104E-10 6.3449E-10 6.6423E-10 7.0704E-10 7.3287E-10 7.5718E-10 7.8799E-10 8.1660E-10 8.2858E-10 8.5248E-10 8.7393E-10 8.8441E-10 9.0106E-10
0.0000E+00 0.0000E+00 0.0000E+00 0.0000E+00 0.0000E+00 0.0000E+00 0.0000E+00 0.0000E+00 0.0000E+00 0.0000E+00 0.0000E+00 0.0000E+00 0.0000E+00 0.0000E+00 0.0000E+00 5.1670E-13 1.1176E-12 1.7481E-11 3.5612E-11 5.2976E-11 6.3740E-11 8.1897E-11 9.6679E-11 1.1831E-10 1.2898E-10 1.5119E-10 1.5111E-10 1.6966E-10 1.9420E-10 2.0260E-10 2.2265E-10 2.4261E-10 2.5767E-10 2.3463E-10 2.6045E-10 2.9482E-10 3.1645E-10 3.3611E-10 3.6625E-10 3.9685E-10 4.0058E-10 4.3161E-10 4.7515E-10 5.0752E-10 5.3934E-10 5.7962E-10 6.1665E-10 6.4116E-10 6.7834E-10 7.1108E-10 7.3369E-10 7.5730E-10 7.8423E-10 8.0060E-10 8.2303E-10 8.4315E-10 8.6096E-10
0.0000E+00 0.0000E+00 0.0000E+00 0.0000E+00 0.0000E+00 0.0000E+00 0.0000E+00 0.0000E+00 0.0000E+00 0.0000E+00 0.0000E+00 0.0000E+00 0.0000E+00 0.0000E+00 0.0000E+00 0.0000E+00 5.3457E-13 1.6925E-12 2.4919E-11 3.8219E-11 5.4376E-11 6.3324E-11 7.8926E-11 8.0559E-11 9.4617E-11 1.1277E-10 1.2212E-10 1.4268E-10 1.5902E-10 1.7514E-10 1.9544E-10 1.7583E-10 1.9377E-10 2.1197E-10 2.1308E-10 2.4230E-10 2.7970E-10 3.0737E-10 3.1494E-10 3.3971E-10 3.6902E-10 3.9246E-10 4.1722E-10 4.6044E-10 4.9891E-10 5.2011E-10 5.5904E-10 5.9455E-10 6.2624E-10 6.5357E-10 6.8452E-10 7.1378E-10 7.3310E-10 7.5843E-10 7.8165E-10 7.9736E-10 8.1622E-10
0.0000E+00 0.0000E+00 0.0000E+00 0.0000E+00 0.0000E+00 0.0000E+00 0.0000E+00 0.0000E+00 0.0000E+00 0.0000E+00 0.0000E+00 0.0000E+00 0.0000E+00 0.0000E+00 0.0000E+00 0.0000E+00 0.0000E+00 5.5175E-13 1.4441E-11 2.0828E-11 2.8695E-11 4.3289E-11 5.5174E-11 5.8478E-11 7.4455E-11 8.9830E-11 1.0330E-10 1.1776E-10 1.0596E-10 1.2338E-10 1.4246E-10 1.4429E-10 1.5679E-10 1.7511E-10 1.9420E-10 2.1555E-10 2.2438E-10 2.5754E-10 2.8397E-10 3.0589E-10 3.2698E-10 3.5276E-10 3.8122E-10 4.0654E-10 4.4069E-10 4.8014E-10 5.0602E-10 5.3911E-10 5.7701E-10 6.1165E-10 6.3474E-10 6.6402E-10 6.9165E-10 7.1232E-10 7.3615E-10 7.5797E-10 7.7773E-10
0.0000E+00 0.0000E+00 0.0000E+00 0.0000E+00 0.0000E+00 0.0000E+00 0.0000E+00 0.0000E+00 0.0000E+00 0.0000E+00 0.0000E+00 0.0000E+00 0.0000E+00 0.0000E+00 0.0000E+00 0.0000E+00 0.0000E+00 4.9744E-13 1.5748E-12 9.4682E-12 1.9902E-11 3.2317E-11 3.9042E-11 4.7897E-11 5.9662E-11 5.1066E-11 6.1869E-11 7.7046E-11 9.4357E-11 9.2201E-11 1.1046E-10 1.2639E-10 1.4292E-10 1.4010E-10 1.5718E-10 1.7502E-10 1.9898E-10 2.1701E-10 2.4839E-10 2.7369E-10 2.9791E-10 3.1177E-10 3.3619E-10 3.6342E-10 3.9742E-10 4.3064E-10 4.6599E-10 4.9895E-10 5.2755E-10 5.6429E-10 5.9467E-10 6.1899E-10 6.4668E-10 6.7276E-10 6.9708E-10 7.1953E-10 7.3502E-10
0.0000E+00 0.0000E+00 0.0000E+00 0.0000E+00 0.0000E+00 0.0000E+00 0.0000E+00 0.0000E+00 0.0000E+00 0.0000E+00 0.0000E+00 0.0000E+00 0.0000E+00 0.0000E+00 0.0000E+00 0.0000E+00 0.0000E+00 0.0000E+00 5.1373E-13 1.6244E-12 1.2902E-11 1.9520E-11 1.8060E-11 2.3156E-11 3.2172E-11 4.3340E-11 4.3145E-11 5.6186E-11 6.7960E-11 8.3164E-11 9.1305E-11 9.7866E-11 1.1255E-10 1.2784E-10 1.3827E-10 1.4716E-10 1.6576E-10 1.9111E-10 2.1357E-10 2.3684E-10 2.6279E-10 2.8398E-10 2.9966E-10 3.2693E-10 3.6098E-10 3.9389E-10 4.2335E-10 4.5409E-10 4.8895E-10 5.1607E-10 5.5175E-10 5.8060E-10 6.0825E-10 6.3449E-10 6.5432E-10 6.7724E-10 6.9838E-10
0.0000E+00 0.0000E+00 0.0000E+00 0.0000E+00 0.0000E+00 0.0000E+00 0.0000E+00 0.0000E+00 0.0000E+00 0.0000E+00 0.0000E+00 0.0000E+00 0.0000E+00 0.0000E+00 0.0000E+00 0.0000E+00 0.0000E+00 0.0000E+00 0.0000E+00 5.2939E-13 1.6720E-12 8.0296E-12 1.2223E-11 1.4982E-11 2.0811E-11 2.5617E-11 3.7007E-11 4.4488E-11 4.9865E-11 5.9376E-11 7.2954E-11 8.4210E-11 9.4948E-11 1.0549E-10 1.1987E-10 1.3166E-10 1.4221E-10 1.5966E-10 1.8450E-10 2.1094E-10 2.2804E-10 2.5307E-10 2.7689E-10 2.9351E-10 3.1817E-10 3.5351E-10 3.8385E-10 4.1518E-10 4.4654E-10 4.7869E-10 5.1280E-10 5.4382E-10 5.7129E-10 5.9294E-10 6.1775E-10 6.4103E-10 6.6267E-10
0.0000E+00 0.0000E+00 0.0000E+00 0.0000E+00 0.0000E+00 0.0000E+00 0.0000E+00 0.0000E+00 0.0000E+00 0.0000E+00 0.0000E+00 0.0000E+00 0.0000E+00 0.0000E+00 0.0000E+00 0.0000E+00 0.0000E+00 0.0000E+00 0.0000E+00 4.7865E-13 1.5133E-12 2.7139E-12 6.2356E-12 1.2422E-11 1.2911E-11 1.7157E-11 2.4114E-11 3.1196E-11 3.9039E-11 4.6454E-11 6.0711E-11 6.9498E-11 8.1264E-11 9.0144E-11 1.0286E-10 1.1319E-10 1.2560E-10 1.3760E-10 1.5622E-10 1.8355E-10 2.0950E-10 2.2727E-10 2.4705E-10 2.7001E-10 2.9155E-10 3.1723E-10 3.5246E-10 3.8215E-10 4.1385E-10 4.4606E-10 4.7128E-10 5.0439E-10 5.3147E-10 5.5754E-10 5.8241E-10 6.0591E-10 6.2793E-10
0.0000E+00 0.0000E+00 0.0000E+00 0.0000E+00 0.0000E+00 0.0000E+00 0.0000E+00 0.0000E+00 0.0000E+00 0.0000E+00 0.0000E+00 0.0000E+00 0.0000E+00 0.0000E+00 0.0000E+00 0.0000E+00 0.0000E+00 0.0000E+00 0.0000E+00 0.0000E+00 4.9353E-13 1.5586E-12 3.3489E-12 7.7430E-12 1.0296E-11 1.3228E-11 1.7096E-11 2.4137E-11 3.2078E-11 4.1938E-11 4.7265E-11 5.7876E-11 6.5931E-11 7.9281E-11 8.6933E-11 9.8981E-11 1.1171E-10 1.2514E-10 1.3410E-10 1.5585E-10 1.8477E-10 2.0499E-10 2.2491E-10 2.4299E-10 2.6678E-10 2.8946E-10 3.2093E-10 3.4962E-10 3.7837E-10 4.0577E-10 4.3713E-10 4.6711E-10 4.9770E-10 5.2352E-10 5.4833E-10 5.6758E-10 5.8981E-10
0.0000E+00 0.0000E+00 0.0000E+00 0.0000E+00 0.0000E+00 0.0000E+00 0.0000E+00 0.0000E+00 0.0000E+00 0.0000E+00 0.0000E+00 0.0000E+00 0.0000E+00 0.0000E+00 0.0000E+00 0.0000E+00 0.0000E+00 0.0000E+00 0.0000E+00 0.0000E+00 0.0000E+00 5.0783E-13 1.6020E-12 4.9108E-12 8.4250E-12 1.1059E-11 1.4563E-11 1.9276E-11 2.5490E-11 3.2110E-11 4.0886E-11 4.7624E-11 5.6829E-11 6.7063E-11 7.9325E-11 8.6761E-11 9.6936E-11 1.0920E-10 1.2213E-10 1.3520E-10 1.5842E-10 1.8257E-10 2.0221E-10 2.2442E-10 2.4545E-10 2.6512E-10 2.8389E-10 3.1586E-10 3.4569E-10 3.7498E-10 4.0483E-10 4.3214E-10 4.6299E-10 4.8684E-10 5.1140E-10 5.3494E-10 5.5731E-10
0.0000E+00 0.0000E+00 0.0000E+00 0.0000E+00 0.0000E+00 0.0000E+00 0.0000E+00 0.0000E+00 0.0000E+00 0.0000E+00 0.0000E+00 0.0000E+00 0.0000E+00 0.0000E+00 0.0000E+00 0.0000E+00 0.0000E+00 0.0000E+00 0.0000E+00 0.0000E+00 0.0000E+00 4.6040E-13 1.4538E-12 2.6018E-12 6.5929E-12 9.1281E-12 1.2305E-11 1.5393E-11 2.1181E-11 2.7152E-11 3.2770E-11 4.1754E-11 5.0468E-11 5.7367E-11 6.7837E-11 7.8118E-11 8.7682E-11 9.6765E-11 1.0791E-10 1.2196E-10 1.3844E-10 1.6776E-10 1.8617E-10 2.0434E-10 2.2097E-10 2.4133E-10 2.6363E-10 2.8671E-10 3.1876E-10 3.4864E-10 3.7412E-10 3.9952E-10 4.2584E-10 4.5582E-10 4.8009E-10 5.0350E-10 5.2589E-10
0.0000E+00 0.0000E+00 0.0000E+00 0.0000E+00 0.0000E+00 0.0000E+00 0.0000E+00 0.0000E+00 0.0000E+00 0.0000E+00 0.0000E+00 0.0000E+00 0.0000E+00 0.0000E+00 0.0000E+00 0.0000E+00 0.0000E+00 0.0000E+00 0.0000E+00 0.0000E+00 0.0000E+00 0.0000E+00 4.7402E-13 1.4952E-12 3.2092E-12 7.4127E-12 1.0293E-11 1.2592E-11 1.6240E-11 2.2797E-11 2.9309E-11 3.6561E-11 4.2999E-11 5.1287E-11 5.8120E-11 7.0469E-11 7.7754E-11 8.8273E-11 9.9407E-11 1.1113E-10 1.2023E-10 1.3978E-10 1.6595E-10 1.8385E-10 2.0412E-10 2.2177E-10 2.4153E-10 2.6185E-10 2.8805E-10 3.1305E-10 3.4243E-10 3.6702E-10 3.9538E-10 4.2402E-10 4.5009E-10 4.7326E-10 4.9558E-10
0.0000E+00 0.0000E+00 0.0000E+00 0.0000E+00 0.0000E+00 0.0000E+00 0.0000E+00 0.0000E+00 0.0000E+00 0.0000E+00 0.0000E+00 0.0000E+00 0.0000E+00 0.0000E+00 0.0000E+00 0.0000E+00 0.0000E+00 0.0000E+00 0.0000E+00 0.0000E+00 0.0000E+00 0.0000E+00 0.0000E+00 4.8711E-13 1.9829E-12 4.9917E-12 8.5015E-12 1.0546E-11 1.3857E-11 1.9252E-11 2.4173E-11 3.0382E-11 3.7272E-11 4.4856E-11 5.2588E-11 6.1941E-11 7.1248E-11 7.9942E-11 8.7492E-11 9.8332E-11 1.1041E-10 1.2314E-10 1.4702E-10 1.6775E-10 1.8374E-10 2.0371E-10 2.1987E-10 2.3729E-10 2.5694E-10 2.8849E-10 3.1553E-10 3.4076E-10 3.6655E-10 3.9348E-10 4.2141E-10 4.4052E-10 4.6259E-10
0.0000E+00 0.0000E+00 0.0000E+00 0.0000E+00 0.0000E+00 0.0000E+00 0.0000E+00 0.0000E+00 0.0000E+00 0.0000E+00 0.0000E+00 0.0000E+00 0.0000E+00 0.0000E+00 0.0000E+00 0.0000E+00 0.0000E+00 0.0000E+00 0.0000E+00 0.0000E+00 0.0000E+00 0.0000E+00 0.0000E+00 4.4274E-13 1.3964E-12 2.4942E-12 6.3170E-12 8.7209E-12 1.1729E-11 1.5120E-11 2.0115E-11 2.5733E-11 3.1993E-11 3.9851E-11 4.7524E-11 5.3869E-11 6.2428E-11 7.0984E-11 8.0529E-11 8.9990E-11 9.8580E-11 1.1127E-10 1.2766E-10 1.5104E-10 1.6737E-10 1.8589E-10 2.0064E-10 2.1890E-10 2.3899E-10 2.5980E-10 2.8901E-10 3.1615E-10 3.3905E-10 3.6200E-10 3.8571E-10 4.1292E-10 4.3471E-10
0.0000E+00 0.0000E+00 0.0000E+00 0.0000E+00 0.0000E+00 0.0000E+00 0.0000E+00 0.0000E+00 0.0000E+00 0.0000E+00 0.0000E+00 0.0000E+00 0.0000E+00 0.0000E+00 0.0000E+00 0.0000E+00 0.0000E+00 0.0000E+00 0.0000E+00 0.0000E+00 0.0000E+00 0.0000E+00 0.0000E+00 0.0000E+00 4.5523E-13 1.4343E-12 3.5983E-12 7.0959E-12 9.8287E-12 1.2451E-11 1.6552E-11 2.1638E-11 2.8190E-11 3.4563E-11 4.1582E-11 4.8248E-11 5.5987E-11 6.5102E-11 7.1549E-11 8.1020E-11 8.9744E-11 1.0010E-10 1.0969E-10 1.3019E-10 1.5138E-10 1.6743E-10 1.8571E-10 2.0299E-10 2.1923E-10 2.3748E-10 2.6134E-10 2.8392E-10 3.1062E-10 3.3419E-10 3.5846E-10 3.8445E-10 4.0799E-10
0.0000E+00 0.0000E+00 0.0000E+00 0.0000E+00 0.0000E+00 0.0000E+00 0.0000E+00 0.0000E+00 0.0000E+00 0.0000E+00 0.0000E+00 0.0000E+00 0.0000E+00 0.0000E+00 0.0000E+00 0.0000E+00 0.0000E+00 0.0000E+00 0.0000E+00 0.0000E+00 0.0000E+00 0.0000E+00 0.0000E+00 0.0000E+00 4.1379E-13 8.8704E-13 2.3309E-12 5.0631E-12 8.1327E-12 1.0058E-11 1.3189E-11 1.8703E-11 2.2927E-11 2.8753E-11 3.5196E-11 4.3629E-11 4.9967E-11 5.6642E-11 6.4909E-11 7.3580E-11 8.0263E-11 9.0034E-11 1.0158E-10 1.1240E-10 1.3427E-10 1.5453E-10 1.7096E-10 1.8536E-10 1.9979E-10 2.1540E-10 2.3309E-10 2.6422E-10 2.8649E-10 3.1045E-10 3.3377E-10 3.5060E-10 3.7582E-10
0.0000E+00 0.0000E+00 0.0000E+00 0.0000E+00 0.0000E+00 0.0000E+00 0.0000E+00 0.0000E+00 0.0000E+00 0.0000E+00 0.0000E+00 0.0000E+00 0.0000E+00 0.0000E+00 0.0000E+00 0.0000E+00 0.0000E+00 0.0000E+00 0.0000E+00 0.0000E+00 0.0000E+00 0.0000E+00 0.0000E+00 0.0000E+00 0.0000E+00 4.2570E-13 1.3411E-12 2.3912E-12 6.0524E-12 8.3326E-12 1.1182E-11 1.4386E-11 1.9106E-11 2.4893E-11 3.1662E-11 3.7624E-11 4.4773E-11 5.0618E-11 5.8276E-11 6.5457E-11 7.4071E-11 8.3202E-11 9.0234E-11 1.0172E-10 1.1802E-10 1.3802E-10 1.5270E-10 1.6942E-10 1.8256E-10 1.9964E-10 2.1714E-10 2.4103E-10 2.6262E-10 2.8159E-10 3.0203E-10 3.2578E-10 3.4710E-10
0.0000E+00 0.0000E+00 0.0000E+00 0.0000E+00 0.0000E+00 0.0000E+00 0.0000E+00 0.0000E+00 0.0000E+00 0.0000E+00 0.0000E+00 0.0000E+00 0.0000E+00 0.0000E+00 0.0000E+00 0.0000E+00 0.0000E+00 0.0000E+00 0.0000E+00 0.0000E+00 0.0000E+00 0.0000E+00 0.0000E+00 0.0000E+00 0.0000E+00 0.0000E+00 4.3717E-13 1.3759E-12 3.4504E-12 6.7928E-12 9.3861E-12 1.2302E-11 1.5744E-11 2.0933E-11 2.6715E-11 3.2683E-11 3.9238E-11 4.5417E-11 5.2562E-11 6.0206E-11 6.6448E-11 7.4480E-11 8.2286E-11 9.1607E-11 1.0022E-10 1.2024E-10 1.3832E-10 1.5276E-10 1.6928E-10 1.8484E-10 1.9699E-10 2.1090E-10 2.3514E-10 2.5547E-10 2.7968E-10 3.0228E-10 3.2001E-10
0.0000E+00 0.0000E+00 0.0000E+00 0.0000E+00 0.0000E+00 0.0000E+00 0.0000E+00 0.0000E+00 0.0000E+00 0.0000E+00 0.0000E+00 0.0000E+00 0.0000E+00 0.0000E+00 0.0000E+00 0.0000E+00 0.0000E+00 0.0000E+00 0.0000E+00 0.0000E+00 0.0000E+00 0.0000E+00 0.0000E+00 0.0000E+00 0.0000E+00 0.0000E+00 3.9834E-13 1.2548E-12 2.2373E-12 5.1204E-12 7.7803E-12 1.0017E-11 1.2557E-11 1.7788E-11 2.2682E-11 2.7220E-11 3.3697E-11 4.1578E-11 4.7018E-11 5.2438E-11 5.9924E-11 6.7764E-11 7.3695E-11 8.2526E-11 9.3006E-11 1.0275E-10 1.2282E-10 1.4127E-10 1.5289E-10 1.6488E-10 1.7985E-10 1.9376E-10 2.0959E-10 2.3574E-10 2.5701E-10 2.7725E-10 2.9645E-10
0.0000E+00 0.0000E+00 0.0000E+00 0.0000E+00 0.0000E+00 0.0000E+00 0.0000E+00 0.0000E+00 0.0000E+00 0.0000E+00 0.0000E+00 0.0000E+00 0.0000E+00 0.0000E+00 0.0000E+00 0.0000E+00 0.0000E+00 0.0000E+00 0.0000E+00 0.0000E+00 0.0000E+00 0.0000E+00 0.0000E+00 0.0000E+00 0.0000E+00 0.0000E+00 0.0000E+00 4.0930E-13 1.2881E-12 2.2926E-12 6.0736E-12 7.9630E-12 1.0663E-11 1.3692E-11 1.8639E-11 2.4082E-11 3.0372E-11 3.5537E-11 4.2205E-11 4.7597E-11 5.3937E-11 6.0386E-11 6.8178E-11 7.6441E-11 8.2690E-11 9.0427E-11 1.0503E-10 1.2482E-10 1.3791E-10 1.5292E-10 1.6452E-10 1.7853E-10 1.9348E-10 2.1337E-10 2.3201E-10 2.5110E-10 2.6303E-10
0.0000E+00 0.0000E+00 0.0000E+00 0.0000E+00 0.0000E+00 0.0000E+00 0.0000E+00 0.0000E+00 0.0000E+00 0.0000E+00 0.0000E+00 0.0000E+00 0.0000E+00 0.0000E+00 0.0000E+00 0.0000E+00 0.0000E+00 0.0000E+00 0.0000E+00 0.0000E+00 0.0000E+00 0.0000E+00 0.0000E+00 0.0000E+00 0.0000E+00 0.0000E+00 0.0000E+00 0.0000E+00 4.1986E-13 1.3201E-12 3.7976E-12 6.5034E-12 8.9653E-12 1.1727E-11 1.5858E-11 2.0255E-11 2.5325E-11 3.0918E-11 3.7045E-11 4.2780E-11 4.8755E-11 5.4301E-11 6.0134E-11 6.6629E-11 7.4563E-11 8.2843E-11 9.0455E-11 1.0874E-10 1.2372E-10 1.3648E-10 1.4935E-10 1.6301E-10 1.7357E-10 1.8317E-10 2.0463E-10 2.1575E-10 2.3432E-10
