Assets/Resources/2015_m01_d26_0100(utc+0800)_l00_csi_1hr_conc.grd
DSAA
         159         159
     -79.000      79.000
     -79.000      79.000
  0.0000E+00  0.1066E-04
[rows 0 to 24 of 159, columns 0 to 56 of 159]
7.8128E-13 1.5915E-12 2.0152E-12 3.2550E-12 4.1228E-12 5.8438E-12 6.8699E-12 9.1288E-12 1.0705E-11 1.3559E-11 1.5753E-11 1.8452E-11 2.1344E-11 2.4802E-11 2.9221E-11 3.3547E-11 3.8523E-11 4.3013E-11 4.8721E-11 5.4190E-11 6.0119E-11 6.6118E-11 7.2303E-11 7.8929E-11 8.5388E-11 9.1870E-11 9.9053E-11 1.0563E-10 1.1251E-10 1.2032E-10 1.2724E-10 1.3415E-10 1.4297E-10 1.5050E-10 1.5768E-10 1.6753E-10 1.7565E-10 1.8373E-10 1.9459E-10 2.0332E-10 2.1231E-10 2.2241E-10 2.3374E-10 2.4367E-10 2.5387E-10 2.6694E-10 2.7781E-10 2.8895E-10 3.0035E-10 3.1469E-10 3.2675E-10 3.3906E-10 3.5300E-10 3.6723E-10 3.8041E-10 3.9432E-10 4.0894E-10
7.8331E-13 1.5962E-12 2.0215E-12 3.2665E-12 4.1387E-12 5.8689E-12 6.9007E-12 9.1740E-12 1.0761E-11 1.3636E-11 1.5848E-11 1.9293E-11 2.2228E-11 2.5734E-11 3.0355E-11 3.4750E-11 3.9557E-11 4.4778E-11 5.0696E-11 5.5379E-11 6.2380E-11 6.8213E-11 7.4909E-11 8.1311E-11 8.7893E-11 9.4895E-11 1.0174E-10 1.0817E-10 1.1610E-10 1.2289E-10 1.2965E-10 1.3833E-10 1.4573E-10 1.5309E-10 1.6280E-10 1.7081E-10 1.7878E-10 1.8951E-10 1.9814E-10 2.0703E-10 2.1703E-10 2.2827E-10 2.3811E-10 2.4823E-10 2.6124E-10 2.7205E-10 2.8313E-10 2.9536E-10 3.0881E-10 3.2083E-10 3.3313E-10 3.4752E-10 3.6133E-10 3.7453E-10 3.8849E-10 4.0406E-10 4.1855E-10
7.8495E-13 1.6002E-12 2.0267E-12 3.2765E-12 4.4876E-12 5.8911E-12 7.6130E-12 9.2146E-12 1.1508E-11 1.3706E-11 1.6642E-11 1.9411E-11 2.3108E-11 2.7039E-11 3.1232E-11 3.6457E-11 4.1217E-11 4.6441E-11 5.1811E-11 5.7644E-11 6.4216E-11 7.0031E-11 7.6601E-11 8.3689E-11 9.0780E-11 9.7583E-11 1.0414E-10 1.1190E-10 1.1883E-10 1.2545E-10 1.3398E-10 1.4124E-10 1.4847E-10 1.5804E-10 1.6592E-10 1.7376E-10 1.8395E-10 1.9288E-10 2.0166E-10 2.1072E-10 2.2268E-10 2.3243E-10 2.4246E-10 2.5539E-10 2.6611E-10 2.7712E-10 2.8973E-10 3.0270E-10 3.1468E-10 3.2695E-10 3.4221E-10 3.5514E-10 3.6884E-10 3.8233E-10 3.9840E-10 4.1300E-10 4.2786E-10
7.8620E-13 1.6033E-12 2.3613E-12 3.2848E-12 4.5010E-12 5.9104E-12 7.6413E-12 9.2505E-12 1.1558E-11 1.3770E-11 1.7087E-11 1.9889E-11 2.3616E-11 2.7484E-11 3.2488E-11 3.7428E-11 4.2516E-11 4.8221E-11 5.3956E-11 5.9919E-11 6.5274E-11 7.2554E-11 7.9275E-11 8.5385E-11 9.2762E-11 9.9561E-11 1.0635E-10 1.1419E-10 1.2125E-10 1.2922E-10 1.3643E-10 1.4383E-10 1.5283E-10 1.6068E-10 1.6870E-10 1.7834E-10 1.8755E-10 1.9621E-10 2.0515E-10 2.1699E-10 2.2663E-10 2.3656E-10 2.4939E-10 2.6002E-10 2.7095E-10 2.8391E-10 2.9640E-10 3.0832E-10 3.2053E-10 3.3578E-10 3.4869E-10 3.6238E-10 3.7636E-10 3.9198E-10 4.0661E-10 4.2152E-10 4.3670E-10
7.8705E-13 1.6057E-12 2.3657E-12 3.2915E-12 4.5121E-12 5.9267E-12 7.6657E-12 9.6284E-12 1.1602E-11 1.4178E-11 1.7167E-11 2.0363E-11 2.4502E-11 2.8303E-11 3.3373E-11 3.8382E-11 4.3838E-11 4.9366E-11 5.5076E-11 6.1535E-11 6.8323E-11 7.4706E-11 8.0864E-11 8.8583E-11 9.5329E-11 1.0183E-10 1.0959E-10 1.1649E-10 1.2348E-10 1.3163E-10 1.3888E-10 1.4691E-10 1.5572E-10 1.6361E-10 1.7227E-10 1.8217E-10 1.9070E-10 1.9951E-10 2.1122E-10 2.2074E-10 2.3054E-10 2.4327E-10 2.5380E-10 2.6462E-10 2.7793E-10 2.8991E-10 3.0176E-10 3.1439E-10 3.2912E-10 3.4198E-10 3.5565E-10 3.7006E-10 3.8574E-10 3.9989E-10 4.1483E-10 4.3097E-10 4.4699E-10
7.8751E-13 1.6072E-12 2.3690E-12 3.2964E-12 4.5209E-12 6.2793E-12 7.6863E-12 1.0003E-11 1.1641E-11 1.4582E-11 1.7239E-11 2.1180E-11 2.4639E-11 3.0114E-11 3.4541E-11 3.9602E-11 4.5158E-11 5.0778E-11 5.6883E-11 6.3171E-11 6.9674E-11 7.6291E-11 8.3902E-11 9.0731E-11 9.7193E-11 1.0532E-10 1.1204E-10 1.1877E-10 1.2714E-10 1.3423E-10 1.4130E-10 1.5076E-10 1.5849E-10 1.6619E-10 1.7675E-10 1.8513E-10 1.9381E-10 2.0537E-10 2.1476E-10 2.2444E-10 2.3703E-10 2.4745E-10 2.5816E-10 2.7179E-10 2.8325E-10 2.9501E-10 3.0757E-10 3.2223E-10 3.3504E-10 3.4866E-10 3.6394E-10 3.7872E-10 3.9336E-10 4.0781E-10 4.2495E-10 4.4057E-10 4.5648E-10
7.8758E-13 1.6079E-12 2.3710E-12 3.6338E-12 4.5274E-12 6.2909E-12 7.7029E-12 1.0029E-11 1.1673E-11 1.4986E-11 1.7669E-11 2.2010E-11 2.5520E-11 3.0568E-11 3.5172E-11 4.1109E-11 4.6218E-11 5.2466E-11 5.8798E-11 6.5189E-11 7.2112E-11 7.8170E-11 8.6212E-11 9.2472E-11 1.0011E-10 1.0704E-10 1.1419E-10 1.2267E-10 1.2960E-10 1.3651E-10 1.4578E-10 1.5337E-10 1.6092E-10 1.7129E-10 1.7954E-10 1.8806E-10 1.9946E-10 2.0871E-10 2.1825E-10 2.3071E-10 2.4099E-10 2.5159E-10 2.6509E-10 2.7644E-10 2.8810E-10 3.0057E-10 3.1515E-10 3.2838E-10 3.4144E-10 3.5712E-10 3.7143E-10 3.8605E-10 4.0047E-10 4.1764E-10 4.3328E-10 4.4923E-10 4.6599E-10
7.8725E-13 1.6078E-12 2.3719E-12 3.6365E-12 4.5316E-12 6.2994E-12 7.7156E-12 1.0050E-11 1.2052E-11 1.5028E-11 1.8452E-11 2.2102E-11 2.6884E-11 3.1770E-11 3.6324E-11 4.2734E-11 4.7945E-11 5.4166E-11 6.0039E-11 6.7114E-11 7.3590E-11 8.1116E-11 8.8122E-11 9.5013E-11 1.0270E-10 1.0936E-10 1.1683E-10 1.2439E-10 1.3143E-10 1.4010E-10 1.4793E-10 1.5563E-10 1.6541E-10 1.7391E-10 1.8229E-10 1.9351E-10 2.0261E-10 2.1201E-10 2.2430E-10 2.3445E-10 2.4491E-10 2.5828E-10 2.6950E-10 2.8105E-10 2.9341E-10 3.0789E-10 3.2103E-10 3.3401E-10 3.4963E-10 3.6388E-10 3.7845E-10 3.9387E-10 4.1052E-10 4.2566E-10 4.4161E-10 4.5841E-10 4.7651E-10
7.8653E-13 1.6069E-12 2.3715E-12 3.6373E-12 4.5335E-12 6.3046E-12 7.7243E-12 1.0065E-11 1.2425E-11 1.5413E-11 1.8864E-11 2.2564E-11 2.7911E-11 3.2608E-11 3.8107E-11 4.3610E-11 4.9546E-11 5.5984E-11 6.2361E-11 6.9026E-11 7.5342E-11 8.3007E-11 8.9854E-11 9.7842E-11 1.0488E-10 1.1176E-10 1.1982E-10 1.2669E-10 1.3436E-10 1.4282E-10 1.5036E-10 1.5953E-10 1.6828E-10 1.7649E-10 1.8711E-10 1.9647E-10 2.0571E-10 2.1783E-10 2.2783E-10 2.3814E-10 2.5094E-10 2.6245E-10 2.7386E-10 2.8610E-10 3.0046E-10 3.1350E-10 3.2638E-10 3.4242E-10 3.5609E-10 3.7061E-10 3.8598E-10 4.0261E-10 4.1822E-10 4.3419E-10 4.5147E-10 4.6862E-10 4.8561E-10
7.8541E-13 1.6052E-12 2.3699E-12 3.6363E-12 4.5331E-12 6.3066E-12 8.0737E-12 1.0076E-11 1.2443E-11 1.5801E-11 1.9285E-11 2.3385E-11 2.8572E-11 3.3061E-11 3.9281E-11 4.4595E-11 5.1149E-11 5.7136E-11 6.3789E-11 7.0678E-11 7.7920E-11 8.5073E-11 9.2257E-11 9.9593E-11 1.0646E-10 1.1469E-10 1.2168E-10 1.2866E-10 1.3773E-10 1.4510E-10 1.5326E-10 1.6265E-10 1.7069E-10 1.8028E-10 1.9030E-10 1.9938E-10 2.1046E-10 2.2115E-10 2.3131E-10 2.4178E-10 2.5530E-10 2.6657E-10 2.7867E-10 2.9290E-10 3.0581E-10 3.1858E-10 3.3452E-10 3.4809E-10 3.6253E-10 3.7783E-10 3.9441E-10 4.0999E-10 4.2592E-10 4.4367E-10 4.6036E-10 4.7791E-10 4.9580E-10
7.8390E-13 1.6027E-12 2.3672E-12 3.6334E-12 4.8688E-12 6.3053E-12 8.0755E-12 1.0081E-11 1.2916E-11 1.5824E-11 1.9700E-11 2.3971E-11 2.9346E-11 3.4637E-11 4.0733E-11 4.6226E-11 5.2102E-11 5.8976E-11 6.5597E-11 7.2428E-11 7.9976E-11 8.6968E-11 9.4706E-11 1.0192E-10 1.0913E-10 1.1672E-10 1.2352E-10 1.3196E-10 1.3956E-10 1.4703E-10 1.5703E-10 1.6489E-10 1.7305E-10 1.8413E-10 1.9303E-10 2.0224E-10 2.1443E-10 2.2442E-10 2.3473E-10 2.4807E-10 2.5918E-10 2.7113E-10 2.8521E-10 2.9798E-10 3.1062E-10 3.2644E-10 3.4041E-10 3.5424E-10 3.6946E-10 3.8597E-10 4.0148E-10 4.1789E-10 4.3509E-10 4.5175E-10 4.6931E-10 4.8776E-10 5.0599E-10
7.8200E-13 1.5994E-12 2.3632E-12 3.6286E-12 4.8644E-12 6.3008E-12 8.0731E-12 1.0081E-11 1.2460E-11 1.6193E-11 1.9738E-11 2.4927E-11 3.0121E-11 3.5611E-11 4.1256E-11 4.7216E-11 5.3827E-11 6.0435E-11 6.7135E-11 7.4495E-11 8.1621E-11 8.9769E-11 9.6618E-11 1.0376E-10 1.1183E-10 1.1874E-10 1.2656E-10 1.3437E-10 1.4165E-10 1.5102E-10 1.5912E-10 1.6709E-10 1.7795E-10 1.8667E-10 1.9570E-10 2.0768E-10 2.1749E-10 2.2763E-10 2.4078E-10 2.5172E-10 2.6350E-10 2.7741E-10 2.9003E-10 3.0253E-10 3.1821E-10 3.3205E-10 3.4576E-10 3.6087E-10 3.7729E-10 3.9324E-10 4.0958E-10 4.2674E-10 4.4337E-10 4.6091E-10 4.7882E-10 4.9706E-10 5.1573E-10
7.7971E-13 1.5952E-12 2.3580E-12 3.6220E-12 4.8575E-12 6.2930E-12 8.0666E-12 1.0424E-11 1.2458E-11 1.6566E-11 2.0143E-11 2.5901E-11 3.0513E-11 3.6696E-11 4.2450E-11 4.8607E-11 5.5187E-11 6.1469E-11 6.9060E-11 7.6169E-11 8.3779E-11 9.1282E-11 9.8508E-11 1.0631E-10 1.1341E-10 1.2052E-10 1.2923E-10 1.3632E-10 1.4464E-10 1.5337E-10 1.6116E-10 1.7137E-10 1.8032E-10 1.8916E-10 2.0093E-10 2.1055E-10 2.2050E-10 2.3344E-10 2.4421E-10 2.5581E-10 2.6953E-10 2.8199E-10 2.9432E-10 3.0984E-10 3.2354E-10 3.3762E-10 3.5210E-10 3.6840E-10 3.8425E-10 4.0051E-10 4.1759E-10 4.3468E-10 4.5165E-10 4.6953E-10 4.8831E-10 5.0699E-10 5.2552E-10
7.7704E-13 1.5903E-12 2.3517E-12 3.6136E-12 4.8481E-12 6.2820E-12 8.0558E-12 1.0414E-11 1.2450E-11 1.6568E-11 2.0518E-11 2.6241E-11 3.1008E-11 3.7696E-11 4.3727E-11 5.0235E-11 5.6531E-11 6.3550E-11 7.0621E-11 7.7801E-11 8.5942E-11 9.3196E-11 1.0061E-10 1.0847E-10 1.1528E-10 1.2343E-10 1.3074E-10 1.3793E-10 1.4767E-10 1.5526E-10 1.6441E-10 1.7399E-10 1.8264E-10 1.9374E-10 2.0360E-10 2.1335E-10 2.2607E-10 2.3665E-10 2.4806E-10 2.6158E-10 2.7386E-10 2.8602E-10 3.0136E-10 3.1489E-10 3.2883E-10 3.4367E-10 3.5932E-10 3.7506E-10 3.9120E-10 4.0818E-10 4.2520E-10 4.4210E-10 4.6040E-10 4.7867E-10 4.9734E-10 5.1695E-10 5.3642E-10
7.7399E-13 1.5846E-12 2.3442E-12 3.6033E-12 4.8363E-12 6.2678E-12 8.0410E-12 1.0399E-11 1.2436E-11 1.6931E-11 2.1688E-11 2.6953E-11 3.2144E-11 3.8811E-11 4.4331E-11 5.1499E-11 5.7977E-11 6.4977E-11 7.2160E-11 8.0103E-11 8.7733E-11 9.4941E-11 1.0332E-10 1.1021E-10 1.1732E-10 1.2553E-10 1.3253E-10 1.4118E-10 1.4941E-10 1.5710E-10 1.6770E-10 1.7614E-10 1.8574E-10 1.9665E-10 2.0621E-10 2.1783E-10 2.2907E-10 2.3980E-10 2.5314E-10 2.6567E-10 2.7764E-10 2.9101E-10 3.0614E-10 3.1991E-10 3.3459E-10 3.5009E-10 3.6568E-10 3.8169E-10 3.9855E-10 4.1600E-10 4.3281E-10 4.5103E-10 4.6926E-10 4.8789E-10 5.0692E-10 5.2639E-10 5.4682E-10
7.7057E-13 1.5781E-12 2.3355E-12 3.5912E-12 4.8220E-12 6.2504E-12 8.0220E-12 1.0378E-11 1.2415E-11 1.7290E-11 2.3225E-11 2.7665E-11 3.3954E-11 3.9257E-11 4.5620E-11 5.2376E-11 5.9139E-11 6.6420E-11 7.3412E-11 8.2144E-11 8.9513E-11 9.6907E-11 1.0494E-10 1.1162E-10 1.2009E-10 1.2719E-10 1.3520E-10 1.4362E-10 1.5111E-10 1.6102E-10 1.6968E-10 1.7823E-10 1.8974E-10 1.9908E-10 2.0876E-10 2.2149E-10 2.3200E-10 2.4338E-10 2.5743E-10 2.6921E-10 2.8237E-10 2.9680E-10 3.1089E-10 3.2539E-10 3.4071E-10 3.5614E-10 3.7200E-10 3.8926E-10 4.0605E-10 4.2274E-10 4.4141E-10 4.5901E-10 4.7757E-10 4.9711E-10 5.1655E-10 5.3641E-10 5.5774E-10
4.4381E-13 1.1386E-12 2.3257E-12 3.5774E-12 4.8053E-12 6.2298E-12 7.9988E-12 1.0352E-11 1.2744E-11 1.7645E-11 2.3164E-11 2.7998E-11 3.4892E-11 4.0081E-11 4.7480E-11 5.3721E-11 6.0734E-11 6.8243E-11 7.5154E-11 8.3396E-11 9.0566E-11 9.9482E-11 1.0653E-10 1.1393E-10 1.2162E-10 1.2850E-10 1.3748E-10 1.4517E-10 1.5401E-10 1.6328E-10 1.7161E-10 1.8242E-10 1.9198E-10 2.0144E-10 2.1391E-10 2.2421E-10 2.3537E-10 2.4918E-10 2.6074E-10 2.7369E-10 2.8790E-10 3.0178E-10 3.1609E-10 3.3121E-10 3.4647E-10 3.6216E-10 3.7925E-10 3.9590E-10 4.1245E-10 4.3100E-10 4.4850E-10 4.6696E-10 4.8643E-10 5.0581E-10 5.2641E-10 5.4835E-10 5.6857E-10
4.4124E-13 8.0617E-13 2.3147E-12 3.5618E-12 4.7862E-12 6.2061E-12 7.9717E-12 1.0321E-11 1.3065E-11 1.7270E-11 2.3454E-11 2.8709E-11 3.5275E-11 4.1660E-11 4.8273E-11 5.5072E-11 6.2227E-11 6.8981E-11 7.7223E-11 8.5040E-11 9.2931E-11 1.0095E-10 1.0820E-10 1.1615E-10 1.2312E-10 1.3143E-10 1.3932E-10 1.4668E-10 1.5693E-10 1.6505E-10 1.7475E-10 1.8493E-10 1.9416E-10 2.0593E-10 2.1644E-10 2.2736E-10 2.4042E-10 2.5225E-10 2.6498E-10 2.7895E-10 2.9262E-10 3.0620E-10 3.2162E-10 3.3668E-10 3.5218E-10 3.6909E-10 3.8557E-10 4.0196E-10 4.2037E-10 4.3773E-10 4.5608E-10 4.7545E-10 4.9531E-10 5.1667E-10 5.3723E-10 5.5885E-10 5.8009E-10
4.3847E-13 8.0139E-13 1.9723E-12 3.2095E-12 4.4258E-12 6.1793E-12 7.9405E-12 1.0285E-11 1.3026E-11 1.8143E-11 2.3742E-11 2.9420E-11 3.6024E-11 4.2485E-11 4.9429E-11 5.6034E-11 6.3836E-11 7.0898E-11 7.9021E-11 8.6768E-11 9.5231E-11 1.0241E-10 1.0997E-10 1.1752E-10 1.2467E-10 1.3355E-10 1.4069E-10 1.4983E-10 1.5856E-10 1.6676E-10 1.7793E-10 1.8694E-10 1.9714E-10 2.0870E-10 2.1938E-10 2.3174E-10 2.4377E-10 2.5625E-10 2.6997E-10 2.8341E-10 2.9677E-10 3.1195E-10 3.2680E-10 3.4158E-10 3.5881E-10 3.7509E-10 3.9131E-10 4.0908E-10 4.2730E-10 4.4606E-10 4.6477E-10 4.8474E-10 5.0609E-10 5.2632E-10 5.4793E-10 5.6934E-10 5.9221E-10
4.3550E-13 7.9625E-13 1.6330E-12 2.7534E-12 4.4028E-12 6.1495E-12 7.9053E-12 1.0243E-11 1.2981E-11 1.9813E-11 2.4393E-11 3.1545E-11 3.6780E-11 4.2913E-11 5.0020E-11 5.6994E-11 6.4472E-11 7.2429E-11 8.0423E-11 8.8488E-11 9.6847E-11 1.0393E-10 1.1204E-10 1.1886E-10 1.2704E-10 1.3479E-10 1.4284E-10 1.5215E-10 1.6012E-10 1.7058E-10 1.7977E-10 1.8888E-10 2.0101E-10 2.1096E-10 2.2179E-10 2.3531E-10 2.4654E-10 2.5966E-10 2.7419E-10 2.8680E-10 3.0178E-10 3.1686E-10 3.3141E-10 3.4749E-10 3.6449E-10 3.8106E-10 3.9864E-10 4.1613E-10 4.3474E-10 4.5329E-10 4.7394E-10 4.9439E-10 5.1543E-10 5.3607E-10 5.5920E-10 5.8117E-10 6.0525E-10
4.3233E-13 7.9074E-13 1.6222E-12 2.4051E-12 4.3776E-12 6.1166E-12 7.8662E-12 1.0196E-11 1.2929E-11 2.0069E-11 2.4676E-11 3.2129E-11 3.7150E-11 4.5065E-11 5.0894E-11 5.8216E-11 6.5883E-11 7.3143E-11 8.2016E-11 9.0218E-11 9.8452E-11 1.0586E-10 1.1326E-10 1.2067E-10 1.2900E-10 1.3598E-10 1.4542E-10 1.5358E-10 1.6248E-10 1.7269E-10 1.8155E-10 1.9295E-10 2.0309E-10 2.1366E-10 2.2688E-10 2.3786E-10 2.5027E-10 2.6445E-10 2.7732E-10 2.9115E-10 3.0687E-10 3.2118E-10 3.3702E-10 3.5379E-10 3.7014E-10 3.8752E-10 4.0480E-10 4.2322E-10 4.4160E-10 4.6295E-10 4.8244E-10 5.0336E-10 5.2390E-10 5.4755E-10 5.7046E-10 5.9942E-10 6.2897E-10
4.2897E-13 7.8487E-13 1.6107E-12 2.3889E-12 3.6811E-12 5.6347E-12 7.8232E-12 1.0144E-11 1.2516E-11 2.0324E-11 2.4955E-11 3.2449E-11 3.7511E-11 4.5760E-11 5.1754E-11 5.9847E-11 6.7000E-11 7.5358E-11 8.3206E-11 9.1524E-11 1.0025E-10 1.0779E-10 1.1445E-10 1.2248E-10 1.3007E-10 1.3838E-10 1.4713E-10 1.5494E-10 1.6526E-10 1.7431E-10 1.8412E-10 1.9529E-10 2.0559E-10 2.1757E-10 2.2923E-10 2.4137E-10 2.5474E-10 2.6786E-10 2.8142E-10 2.9634E-10 3.1092E-10 3.2651E-10 3.4249E-10 3.5913E-10 3.7628E-10 3.9334E-10 4.1155E-10 4.3051E-10 4.5092E-10 4.7170E-10 4.9161E-10 5.1375E-10 5.3589E-10 5.6575E-10 5.9424E-10 6.1766E-10 6.4349E-10
0.0000E+00 7.7866E-13 1.5984E-12 2.3716E-12 3.6557E-12 4.9216E-12 7.4319E-12 9.7386E-12 1.2813E-11 2.0577E-11 2.4941E-11 3.3153E-11 3.8242E-11 4.6559E-11 5.2215E-11 6.1054E-11 6.7999E-11 7.7006E-11 8.4899E-11 9.3819E-11 1.0164E-10 1.0887E-10 1.1611E-10 1.2427E-10 1.3109E-10 1.4036E-10 1.4836E-10 1.5753E-10 1.6716E-10 1.7586E-10 1.8757E-10 1.9712E-10 2.0797E-10 2.2066E-10 2.3251E-10 2.4514E-10 2.5843E-10 2.7170E-10 2.8633E-10 3.0064E-10 3.1596E-10 3.3167E-10 3.4806E-10 3.6495E-10 3.8177E-10 3.9975E-10 4.1849E-10 4.3872E-10 4.5932E-10 4.7905E-10 5.0189E-10 5.3038E-10 5.5971E-10 5.8177E-10 6.0696E-10 6.3101E-10 6.6555E-10
0.0000E+00 7.7211E-13 1.5854E-12 2.3533E-12 3.6286E-12 4.8869E-12 6.7008E-12 9.2237E-12 1.4085E-11 2.0830E-11 2.5454E-11 3.3468E-11 3.8289E-11 4.7360E-11 5.3050E-11 6.1974E-11 6.8584E-11 7.8080E-11 8.5660E-11 9.5365E-11 1.0342E-10 1.0990E-10 1.1776E-10 1.2518E-10 1.3332E-10 1.4189E-10 1.4953E-10 1.6013E-10 1.6857E-10 1.7909E-10 1.8923E-10 1.9937E-10 2.1216E-10 2.2273E-10 2.3473E-10 2.4904E-10 2.6152E-10 2.7544E-10 2.9037E-10 3.0488E-10 3.2082E-10 3.3694E-10 3.5250E-10 3.7012E-10 3.8730E-10 4.0662E-10 4.2637E-10 4.4677E-10 4.6723E-10 4.9196E-10 5.2499E-10 5.4699E-10 5.6990E-10 5.9499E-10 6.2800E-10 6.5978E-10 6.8531E-10
0.0000E+00 4.4151E-13 1.1398E-12 2.3339E-12 3.5999E-12 4.8501E-12 6.6525E-12 8.8153E-12 1.4564E-11 2.1081E-11 2.7272E-11 3.3775E-11 4.0581E-11 4.7757E-11 5.3966E-11 6.2889E-11 6.9546E-11 7.9143E-11 8.6798E-11 9.7020E-11 1.0405E-10 1.1142E-10 1.1940E-10 1.2603E-10 1.3513E-10 1.4294E-10 1.5236E-10 1.6139E-10 1.7033E-10 1.8145E-10 1.9131E-10 2.0288E-10 2.1405E-10 2.2575E-10 2.3972E-10 2.5140E-10 2.6507E-10 2.8013E-10 2.9383E-10 3.0906E-10 3.2580E-10 3.4108E-10 3.5794E-10 3.7533E-10 3.9439E-10 4.1477E-10 4.3406E-10 4.5431E-10 4.8406E-10 5.1213E-10 5.3398E-10 5.5761E-10 5.8850E-10 6.2333E-10 6.4775E-10 6.7452E-10 7.0125E-10
