Assets/Resources/2015_m01_d26_0400(utc+0800)_l00_csi_1hr_conc.grd
DSAA
         159         159
     -79.000      79.000
     -79.000      79.000
  0.0000E+00  0.3258E-05
[rows 100 to 124 of 159, columns 57 to 113 of 159]
2.1401E-09 2.2091E-09 2.2793E-09 2.3507E-09 2.4236E-09 2.4977E-09 2.5736E-09 2.6518E-09 2.7316E-09 2.8145E-09 2.8997E-09 2.9885E-09 3.0808E-09 3.1572E-09 3.2358E-09 3.3185E-09 3.4087E-09 3.5085E-09 3.6270E-09 3.7883E-09 4.1125E-09 3.8461E-09 3.9796E-09 4.1771E-09 4.1817E-09 4.2666E-09 4.3783E-09 4.5451E-09 4.6269E-09 4.6688E-09 4.6953E-09 4.6994E-09 4.6934E-09 4.6582E-09 4.6060E-09 4.5383E-09 4.4457E-09 4.3452E-09 4.2371E-09 4.1227E-09 3.9912E-09 3.8551E-09 3.7289E-09 3.5790E-09 3.4230E-09 3.2511E-09 3.1251E-09 2.9988E-09 2.8654E-09 2.7303E-09 2.6078E-09 2.4712E-09 2.3057E-09 2.1959E-09 2.0838E-09 1.9728E-09 1.8592E-09
2.0237E-09 2.0880E-09 2.1532E-09 2.2198E-09 2.2876E-09 2.3567E-09 2.4277E-09 2.5002E-09 2.5748E-09 2.6513E-09 2.7306E-09 2.8135E-09 2.8863E-09 2.9572E-09 3.0305E-09 3.1100E-09 3.1961E-09 3.2963E-09 3.4206E-09 3.6261E-09 3.5006E-09 3.6113E-09 3.7566E-09 4.0736E-09 3.8797E-09 3.9761E-09 4.1346E-09 4.2103E-09 4.2630E-09 4.2978E-09 4.3109E-09 4.3201E-09 4.2955E-09 4.2591E-09 4.2120E-09 4.1368E-09 4.0538E-09 3.9512E-09 3.8553E-09 3.7417E-09 3.6236E-09 3.5061E-09 3.3682E-09 3.2132E-09 3.1018E-09 2.9887E-09 2.8673E-09 2.7535E-09 2.6299E-09 2.5012E-09 2.3451E-09 2.2374E-09 2.1301E-09 2.0230E-09 1.9239E-09 1.8180E-09 1.6896E-09
1.9108E-09 1.9706E-09 2.0314E-09 2.0931E-09 2.1561E-09 2.2205E-09 2.2860E-09 2.3534E-09 2.4222E-09 2.4931E-09 2.5666E-09 2.6362E-09 2.7002E-09 2.7661E-09 2.8360E-09 2.9109E-09 2.9955E-09 3.0955E-09 3.2424E-09 3.1849E-09 3.2764E-09 3.3912E-09 3.6041E-09 3.5241E-09 3.6098E-09 3.7217E-09 3.8228E-09 3.8824E-09 3.9236E-09 3.9432E-09 3.9560E-09 3.9479E-09 3.9247E-09 3.8916E-09 3.8226E-09 3.7554E-09 3.6696E-09 3.5776E-09 3.4843E-09 3.3687E-09 3.2634E-09 3.1409E-09 3.0450E-09 2.9465E-09 2.8386E-09 2.7372E-09 2.6248E-09 2.5060E-09 2.3581E-09 2.2578E-09 2.1621E-09 2.0629E-09 1.9633E-09 1.8594E-09 1.7318E-09 1.6446E-09 1.5572E-09
1.8015E-09 1.8570E-09 1.9133E-09 1.9705E-09 2.0288E-09 2.0886E-09 2.1493E-09 2.2114E-09 2.2748E-09 2.3403E-09 2.4055E-09 2.4636E-09 2.5228E-09 2.5720E-09 2.6243E-09 2.7220E-09 2.8052E-09 2.9177E-09 3.1626E-09 2.9732E-09 3.0670E-09 3.2133E-09 3.1989E-09 3.2746E-09 3.3597E-09 3.4665E-09 3.5284E-09 3.5696E-09 3.5977E-09 3.6000E-09 3.6052E-09 3.5806E-09 3.5573E-09 3.5063E-09 3.4538E-09 3.3730E-09 3.2810E-09 3.2132E-09 3.1122E-09 3.0365E-09 2.9568E-09 2.8736E-09 2.7801E-09 2.6919E-09 2.5921E-09 2.4848E-09 2.3486E-09 2.2611E-09 2.1696E-09 2.0773E-09 1.9836E-09 1.8863E-09 1.8013E-09 1.6820E-09 1.6001E-09 1.5175E-09 1.4297E-09
1.6955E-09 1.7468E-09 1.7990E-09 1.8520E-09 1.9061E-09 1.9610E-09 2.0171E-09 2.0741E-09 2.1222E-09 2.1816E-09 2.2226E-09 2.2768E-09 2.3197E-09 2.3698E-09 2.4180E-09 2.4833E-09 2.5701E-09 2.7155E-09 2.6378E-09 2.7146E-09 2.8169E-09 2.9992E-09 2.9026E-09 2.9728E-09 3.0754E-09 3.1357E-09 3.1763E-09 3.2089E-09 3.2289E-09 3.2442E-09 3.2309E-09 3.2174E-09 3.1811E-09 3.1118E-09 3.0679E-09 3.0182E-09 2.9636E-09 2.9041E-09 2.8402E-09 2.7648E-09 2.6939E-09 2.6098E-09 2.5165E-09 2.4393E-09 2.3145E-09 2.2370E-09 2.1546E-09 2.0706E-09 1.9844E-09 1.8936E-09 1.8145E-09 1.6993E-09 1.6215E-09 1.5503E-09 1.4715E-09 1.3904E-09 1.3225E-09
1.5933E-09 1.6408E-09 1.6828E-09 1.7314E-09 1.7734E-09 1.8231E-09 1.8734E-09 1.9146E-09 1.9657E-09 1.9982E-09 2.0474E-09 2.0777E-09 2.1287E-09 2.1715E-09 2.2117E-09 2.2688E-09 2.2970E-09 2.3529E-09 2.4153E-09 2.4927E-09 2.6375E-09 2.5829E-09 2.6429E-09 2.7276E-09 2.7881E-09 2.8326E-09 2.8672E-09 2.8900E-09 2.9107E-09 2.9132E-09 2.9083E-09 2.8973E-09 2.8681E-09 2.8330E-09 2.7934E-09 2.7488E-09 2.6927E-09 2.6399E-09 2.5731E-09 2.4962E-09 2.4339E-09 2.3226E-09 2.2577E-09 2.1869E-09 2.1184E-09 2.0436E-09 1.9659E-09 1.8829E-09 1.8107E-09 1.7055E-09 1.6342E-09 1.5623E-09 1.4888E-09 1.4088E-09 1.3437E-09 1.2790E-09 1.2202E-09
1.4688E-09 1.5113E-09 1.5540E-09 1.5941E-09 1.6375E-09 1.6773E-09 1.7207E-09 1.7599E-09 1.8034E-09 1.8413E-09 1.8846E-09 1.9200E-09 1.9629E-09 2.0063E-09 2.0435E-09 2.0888E-09 2.1342E-09 2.1976E-09 2.2593E-09 2.3615E-09 2.3473E-09 2.3998E-09 2.4623E-09 2.5271E-09 2.5713E-09 2.6063E-09 2.6302E-09 2.6494E-09 2.6592E-09 2.6594E-09 2.6535E-09 2.6272E-09 2.6004E-09 2.5590E-09 2.5240E-09 2.4677E-09 2.4255E-09 2.3323E-09 2.2847E-09 2.2339E-09 2.1802E-09 2.1202E-09 2.0570E-09 1.9969E-09 1.9285E-09 1.8542E-09 1.7530E-09 1.6929E-09 1.6277E-09 1.5612E-09 1.4926E-09 1.4180E-09 1.3583E-09 1.2977E-09 1.2373E-09 1.1765E-09 1.1142E-09
1.3663E-09 1.4047E-09 1.4434E-09 1.4823E-09 1.5211E-09 1.5600E-09 1.5987E-09 1.6376E-09 1.6764E-09 1.7150E-09 1.7494E-09 1.7877E-09 1.8206E-09 1.8592E-09 1.8901E-09 1.9297E-09 1.9578E-09 2.0003E-09 2.0170E-09 2.0566E-09 2.0996E-09 2.1471E-09 2.2080E-09 2.2492E-09 2.2799E-09 2.3056E-09 2.3242E-09 2.3391E-09 2.3437E-09 2.3420E-09 2.3328E-09 2.3143E-09 2.2920E-09 2.2662E-09 2.2364E-09 2.2037E-09 2.1671E-09 2.1273E-09 2.0807E-09 2.0301E-09 1.9826E-09 1.9260E-09 1.8624E-09 1.8093E-09 1.7177E-09 1.6641E-09 1.6057E-09 1.5454E-09 1.4824E-09 1.4275E-09 1.3576E-09 1.3008E-09 1.2437E-09 1.1920E-09 1.1355E-09 1.0773E-09 1.0275E-09
1.2811E-09 1.3165E-09 1.3521E-09 1.3876E-09 1.4204E-09 1.4558E-09 1.4878E-09 1.5229E-09 1.5536E-09 1.5880E-09 1.6172E-09 1.6507E-09 1.6775E-09 1.7098E-09 1.7422E-09 1.7744E-09 1.8067E-09 1.8402E-09 1.8749E-09 1.9114E-09 1.9509E-09 2.0065E-09 2.0429E-09 2.0720E-09 2.0969E-09 2.1154E-09 2.1324E-09 2.1386E-09 2.1400E-09 2.1372E-09 2.1234E-09 2.1066E-09 2.0861E-09 2.0589E-09 2.0325E-09 1.9978E-09 1.9659E-09 1.9234E-09 1.8736E-09 1.8339E-09 1.7549E-09 1.7124E-09 1.6664E-09 1.6163E-09 1.5691E-09 1.5156E-09 1.4589E-09 1.3952E-09 1.3450E-09 1.2927E-09 1.2440E-09 1.1915E-09 1.1382E-09 1.0825E-09 1.0352E-09 9.8871E-10 9.4551E-10
1.1901E-09 1.2223E-09 1.2543E-09 1.2836E-09 1.3155E-09 1.3472E-09 1.3786E-09 1.4097E-09 1.4405E-09 1.4708E-09 1.5009E-09 1.5281E-09 1.5572E-09 1.5827E-09 1.6113E-09 1.6351E-09 1.6634E-09 1.6855E-09 1.7143E-09 1.7307E-09 1.7589E-09 1.7872E-09 1.8144E-09 1.8371E-09 1.8541E-09 1.9220E-09 1.9379E-09 1.9418E-09 1.9354E-09 1.9266E-09 1.9144E-09 1.8866E-09 1.8695E-09 1.8492E-09 1.7886E-09 1.7638E-09 1.7364E-09 1.7064E-09 1.6741E-09 1.6379E-09 1.5973E-09 1.5590E-09 1.5138E-09 1.4646E-09 1.4226E-09 1.3654E-09 1.3211E-09 1.2776E-09 1.2304E-09 1.1819E-09 1.1323E-09 1.0798E-09 1.0375E-09 9.9379E-10 9.5068E-10 9.0525E-10 8.5896E-10
1.1109E-09 1.1401E-09 1.1693E-09 1.1984E-09 1.2272E-09 1.2559E-09 1.2823E-09 1.3104E-09 1.3360E-09 1.3631E-09 1.3874E-09 1.4136E-09 1.4361E-09 1.4612E-09 1.4815E-09 1.5053E-09 1.5294E-09 1.5531E-09 1.5770E-09 1.6013E-09 1.6257E-09 1.6507E-09 1.6717E-09 1.6883E-09 1.7021E-09 1.7122E-09 1.7174E-09 1.7189E-09 1.7153E-09 1.7062E-09 1.6956E-09 1.6825E-09 1.6673E-09 1.6498E-09 1.6298E-09 1.6055E-09 1.5808E-09 1.5497E-09 1.5152E-09 1.4846E-09 1.4447E-09 1.4109E-09 1.3615E-09 1.3253E-09 1.2864E-09 1.2446E-09 1.2057E-09 1.1620E-09 1.1164E-09 1.0677E-09 1.0290E-09 9.8840E-10 9.4811E-10 9.0499E-10 8.6854E-10 8.2569E-10 7.8041E-10
1.0340E-09 1.0606E-09 1.0855E-09 1.1118E-09 1.1359E-09 1.1617E-09 1.1869E-09 1.2098E-09 1.2343E-09 1.2581E-09 1.2817E-09 1.3046E-09 1.3272E-09 1.3474E-09 1.3691E-09 1.3866E-09 1.4076E-09 1.4230E-09 1.4381E-09 1.4684E-09 1.4845E-09 1.5181E-09 1.5343E-09 1.5467E-09 1.5580E-09 1.5636E-09 1.5665E-09 1.5660E-09 1.5599E-09 1.5520E-09 1.5406E-09 1.5287E-09 1.5112E-09 1.4956E-09 1.4723E-09 1.4444E-09 1.4227E-09 1.3845E-09 1.3596E-09 1.3327E-09 1.3041E-09 1.2739E-09 1.2407E-09 1.2046E-09 1.1665E-09 1.1322E-09 1.0913E-09 1.0469E-09 1.0119E-09 9.7464E-10 9.3977E-10 9.0290E-10 8.6334E-10 8.2267E-10 7.7938E-10 7.4639E-10 7.1592E-10
9.5915E-10 9.8317E-10 1.0070E-09 1.0307E-09 1.0541E-09 1.0772E-09 1.0999E-09 1.1223E-09 1.1424E-09 1.1640E-09 1.1824E-09 1.2029E-09 1.2197E-09 1.2389E-09 1.2538E-09 1.2715E-09 1.2836E-09 1.2997E-09 1.3156E-09 1.3314E-09 1.3468E-09 1.3611E-09 1.3723E-09 1.3833E-09 1.3883E-09 1.3920E-09 1.3934E-09 1.3897E-09 1.3843E-09 1.3774E-09 1.3690E-09 1.3592E-09 1.3476E-09 1.3341E-09 1.3185E-09 1.3013E-09 1.2820E-09 1.2610E-09 1.2383E-09 1.2123E-09 1.1830E-09 1.1558E-09 1.1231E-09 1.0879E-09 1.0485E-09 1.0182E-09 9.8727E-10 9.5386E-10 9.2242E-10 8.8872E-10 8.5195E-10 8.1387E-10 7.7280E-10 7.4406E-10 7.1370E-10 6.8347E-10 6.5370E-10
8.9239E-10 9.1408E-10 9.3400E-10 9.5531E-10 9.7456E-10 9.9525E-10 1.0138E-09 1.0334E-09 1.0507E-09 1.0695E-09 1.0852E-09 1.1026E-09 1.1195E-09 1.1357E-09 1.1514E-09 1.1664E-09 1.1810E-09 1.1953E-09 1.2090E-09 1.2225E-09 1.2357E-09 1.2460E-09 1.2554E-09 1.2617E-09 1.2658E-09 1.2681E-09 1.2667E-09 1.2627E-09 1.2579E-09 1.2517E-09 1.2444E-09 1.2357E-09 1.2250E-09 1.2128E-09 1.1987E-09 1.1813E-09 1.1639E-09 1.1417E-09 1.1168E-09 1.0951E-09 1.0661E-09 1.0326E-09 1.0084E-09 9.8255E-10 9.5582E-10 9.2615E-10 8.9588E-10 8.6781E-10 8.3414E-10 7.9891E-10 7.6050E-10 7.3396E-10 7.0576E-10 6.7785E-10 6.5229E-10 6.2492E-10 5.9429E-10
8.2164E-10 8.4110E-10 8.6019E-10 8.7918E-10 8.9786E-10 9.1602E-10 9.3393E-10 9.5124E-10 9.6822E-10 9.8451E-10 1.0005E-09 1.0159E-09 1.0288E-09 1.0431E-09 1.0536E-09 1.0664E-09 1.0746E-09 1.0810E-09 1.0975E-09 1.1043E-09 1.1295E-09 1.1377E-09 1.1443E-09 1.1485E-09 1.1511E-09 1.1513E-09 1.1489E-09 1.1456E-09 1.1413E-09 1.1342E-09 1.1279E-09 1.1164E-09 1.1070E-09 1.0914E-09 1.0789E-09 1.0589E-09 1.0437E-09 1.0180E-09 1.0004E-09 9.8136E-10 9.6090E-10 9.3938E-10 9.1679E-10 8.9120E-10 8.6482E-10 8.3450E-10 8.0977E-10 7.7761E-10 7.4214E-10 7.1828E-10 6.9240E-10 6.6883E-10 6.4338E-10 6.1820E-10 5.8949E-10 5.5884E-10 5.3600E-10
7.6137E-10 7.7882E-10 7.9604E-10 8.1299E-10 8.2963E-10 8.4590E-10 8.6166E-10 8.7559E-10 8.9047E-10 9.0297E-10 9.1675E-10 9.2759E-10 9.4013E-10 9.4895E-10 9.6000E-10 9.6593E-10 9.7543E-10 9.8424E-10 9.9266E-10 1.0002E-09 1.0072E-09 1.0133E-09 1.0169E-09 1.0193E-09 1.0206E-09 1.0191E-09 1.0170E-09 1.0141E-09 1.0104E-09 1.0060E-09 1.0003E-09 9.9344E-10 9.8502E-10 9.7543E-10 9.6477E-10 9.5264E-10 9.3916E-10 9.2422E-10 9.0794E-10 8.9047E-10 8.6978E-10 8.4805E-10 8.2779E-10 8.0130E-10 7.7245E-10 7.3964E-10 7.1860E-10 6.9735E-10 6.7387E-10 6.5264E-10 6.2935E-10 6.0619E-10 5.7965E-10 5.5112E-10 5.3140E-10 5.1047E-10 4.8966E-10
7.0435E-10 7.1846E-10 7.3382E-10 7.4740E-10 7.6204E-10 7.7478E-10 7.8873E-10 8.0036E-10 8.1319E-10 8.2337E-10 8.3494E-10 8.4606E-10 8.5638E-10 8.6613E-10 8.7503E-10 8.8360E-10 8.9130E-10 8.9882E-10 9.0548E-10 9.1170E-10 9.1742E-10 9.2095E-10 9.2334E-10 9.2536E-10 9.2456E-10 9.2329E-10 9.2134E-10 9.1893E-10 9.1567E-10 9.1160E-10 9.0655E-10 9.0057E-10 8.9304E-10 8.8433E-10 8.7434E-10 8.6319E-10 8.4852E-10 8.3495E-10 8.1803E-10 7.9670E-10 7.8032E-10 7.5564E-10 7.2674E-10 7.0891E-10 6.9060E-10 6.7210E-10 6.5113E-10 6.3005E-10 6.1121E-10 5.9015E-10 5.6562E-10 5.3923E-10 5.2151E-10 5.0228E-10 4.8317E-10 4.6409E-10 4.4636E-10
6.4364E-10 6.5745E-10 6.7101E-10 6.8416E-10 6.9708E-10 7.0950E-10 7.2162E-10 7.3327E-10 7.4431E-10 7.5492E-10 7.6484E-10 7.7438E-10 7.8085E-10 7.8913E-10 7.9435E-10 8.0146E-10 8.0234E-10 8.1021E-10 8.1004E-10 8.2856E-10 8.3230E-10 8.3473E-10 8.3651E-10 8.3684E-10 8.3598E-10 8.3482E-10 8.3329E-10 8.3132E-10 8.2865E-10 8.2503E-10 8.1801E-10 8.1230E-10 8.0319E-10 7.9535E-10 7.8070E-10 7.7075E-10 7.5215E-10 7.4033E-10 7.1635E-10 7.0365E-10 6.8965E-10 6.7477E-10 6.5919E-10 6.4091E-10 6.2453E-10 6.0581E-10 5.8697E-10 5.6428E-10 5.4789E-10 5.2343E-10 5.0759E-10 4.9048E-10 4.7307E-10 4.5708E-10 4.3960E-10 4.2228E-10 4.0488E-10
5.9332E-10 6.0544E-10 6.1741E-10 6.2896E-10 6.4029E-10 6.5125E-10 6.6168E-10 6.7178E-10 6.7919E-10 6.8835E-10 6.9475E-10 7.0279E-10 7.0680E-10 7.1339E-10 7.1499E-10 7.1437E-10 7.1813E-10 7.2098E-10 7.2326E-10 7.2505E-10 7.2671E-10 7.2799E-10 7.2839E-10 7.2760E-10 7.2679E-10 7.2567E-10 7.2420E-10 7.2262E-10 7.2031E-10 7.1706E-10 7.1307E-10 7.0805E-10 7.0224E-10 6.9557E-10 6.8816E-10 6.7987E-10 6.7044E-10 6.5992E-10 6.4863E-10 6.3650E-10 6.2157E-10 6.0815E-10 5.9207E-10 5.7554E-10 5.6113E-10 5.4079E-10 5.1822E-10 5.0418E-10 4.9009E-10 4.7469E-10 4.5936E-10 4.4520E-10 4.2944E-10 4.1372E-10 3.9781E-10 3.8353E-10 3.6797E-10
5.4541E-10 5.5618E-10 5.6476E-10 5.7488E-10 5.8278E-10 5.9237E-10 5.9909E-10 6.0781E-10 6.1325E-10 6.2090E-10 6.2463E-10 6.3091E-10 6.3626E-10 6.4122E-10 6.4528E-10 6.4875E-10 6.5142E-10 6.5363E-10 6.5518E-10 6.5654E-10 6.5779E-10 6.5832E-10 6.5806E-10 6.5752E-10 6.5681E-10 6.5597E-10 6.5482E-10 6.5321E-10 6.5112E-10 6.4805E-10 6.4453E-10 6.4004E-10 6.3486E-10 6.2902E-10 6.2197E-10 6.1402E-10 6.0316E-10 5.9368E-10 5.8133E-10 5.6824E-10 5.5685E-10 5.3896E-10 5.1839E-10 5.0643E-10 4.9425E-10 4.8191E-10 4.6955E-10 4.5581E-10 4.4207E-10 4.2837E-10 4.1591E-10 4.0188E-10 3.8771E-10 3.7491E-10 3.6071E-10 3.4788E-10 3.3376E-10
4.9310E-10 5.0040E-10 5.0956E-10 5.1842E-10 5.2694E-10 5.3497E-10 5.4270E-10 5.4999E-10 5.5666E-10 5.6294E-10 5.6854E-10 5.7367E-10 5.7604E-10 5.7999E-10 5.8089E-10 5.8128E-10 5.8321E-10 5.7980E-10 5.8031E-10 5.7385E-10 5.7316E-10 5.7257E-10 5.7401E-10 5.8411E-10 5.9246E-10 5.9188E-10 5.9097E-10 5.8947E-10 5.8535E-10 5.8297E-10 5.7963E-10 5.7333E-10 5.6855E-10 5.6067E-10 5.5432E-10 5.4113E-10 5.3344E-10 5.1672E-10 5.0795E-10 4.9864E-10 4.8880E-10 4.7848E-10 4.6833E-10 4.5764E-10 4.4559E-10 4.3345E-10 4.2257E-10 4.1039E-10 3.9818E-10 3.8730E-10 3.7463E-10 3.6337E-10 3.5195E-10 3.3913E-10 3.2642E-10 3.1356E-10 3.0087E-10
4.5008E-10 4.5831E-10 4.6627E-10 4.7382E-10 4.8115E-10 4.8800E-10 4.9458E-10 4.9867E-10 5.0441E-10 5.0752E-10 5.1231E-10 5.1436E-10 5.1810E-10 5.1803E-10 5.2022E-10 5.1770E-10 5.1828E-10 5.1830E-10 5.1794E-10 5.1760E-10 5.1694E-10 5.1640E-10 5.1573E-10 5.1540E-10 5.1470E-10 5.1434E-10 5.1329E-10 5.1196E-10 5.1005E-10 5.0761E-10 5.0456E-10 5.0093E-10 4.9657E-10 4.9162E-10 4.8598E-10 4.7969E-10 4.7284E-10 4.6555E-10 4.5822E-10 4.4975E-10 4.4086E-10 4.3045E-10 4.1987E-10 4.1060E-10 3.9972E-10 3.8889E-10 3.7953E-10 3.6868E-10 3.5911E-10 3.4941E-10 3.3932E-10 3.2807E-10 3.1669E-10 3.0506E-10 2.9482E-10 2.8303E-10 2.7156E-10
4.0977E-10 4.1681E-10 4.2185E-10 4.2835E-10 4.3275E-10 4.3874E-10 4.4210E-10 4.4730E-10 4.5195E-10 4.5367E-10 4.5738E-10 4.6042E-10 4.6301E-10 4.6486E-10 4.6621E-10 4.6669E-10 4.6690E-10 4.6641E-10 4.6624E-10 4.6573E-10 4.6517E-10 4.6483E-10 4.6448E-10 4.6412E-10 4.6395E-10 4.6351E-10 4.6254E-10 4.6123E-10 4.5931E-10 4.5701E-10 4.5418E-10 4.5074E-10 4.4676E-10 4.4213E-10 4.3737E-10 4.3198E-10 4.2572E-10 4.1767E-10 4.0915E-10 4.0163E-10 3.9240E-10 3.8453E-10 3.7516E-10 3.6563E-10 3.5761E-10 3.4949E-10 3.4131E-10 3.3299E-10 3.2455E-10 3.1472E-10 3.0455E-10 2.9437E-10 2.8521E-10 2.7487E-10 2.6432E-10 2.5417E-10 2.4372E-10
3.6707E-10 3.7311E-10 3.7902E-10 3.8454E-10 3.8987E-10 3.9475E-10 3.9940E-10 4.0365E-10 4.0736E-10 4.1061E-10 4.1339E-10 4.1579E-10 4.1624E-10 4.1760E-10 4.1693E-10 4.1566E-10 4.1540E-10 4.1358E-10 4.1306E-10 4.1109E-10 4.1202E-10 4.1450E-10 4.1739E-10 4.1735E-10 4.1709E-10 4.1669E-10 4.1571E-10 4.1448E-10 4.1265E-10 4.1047E-10 4.0665E-10 4.0379E-10 3.9887E-10 3.9483E-10 3.8875E-10 3.8361E-10 3.7657E-10 3.7062E-10 3.6281E-10 3.5615E-10 3.4947E-10 3.4265E-10 3.3574E-10 3.2882E-10 3.2176E-10 3.1470E-10 3.0645E-10 2.9922E-10 2.9057E-10 2.8155E-10 2.7377E-10 2.6448E-10 2.5521E-10 2.4702E-10 2.3789E-10 2.2858E-10 2.1928E-10
3.3431E-10 3.3958E-10 3.4450E-10 3.4928E-10 3.5376E-10 3.5781E-10 3.6163E-10 3.6375E-10 3.6684E-10 3.6813E-10 3.7027E-10 3.7064E-10 3.7188E-10 3.7139E-10 3.7165E-10 3.7026E-10 3.6984E-10 3.6954E-10 3.6908E-10 3.6882E-10 3.6832E-10 3.6836E-10 3.6815E-10 3.6809E-10 3.6775E-10 3.6730E-10 3.6630E-10 3.6513E-10 3.6368E-10 3.6186E-10 3.5953E-10 3.5680E-10 3.5343E-10 3.4962E-10 3.4539E-10 3.4075E-10 3.3576E-10 3.3040E-10 3.2472E-10 3.1895E-10 3.1307E-10 3.0715E-10 3.0119E-10 2.9511E-10 2.8792E-10 2.8068E-10 2.7457E-10 2.6700E-10 2.5920E-10 2.5119E-10 2.4423E-10 2.3726E-10 2.2898E-10 2.2077E-10 2.1236E-10 2.0224E-10 1.9078E-10
