Assets/Resources/2015_m01_d11_1900(utc+0800)_l00_csi_1hr_conc.grd
DSAA
         159         159
     -79.000      79.000
     -79.000      79.000
  0.0000E+00  0.1611E-04
[rows 50 to 74 of 159, columns 0 to 56 of 159]
1.1471E-10 1.4036E-10 1.7039E-10 2.0579E-10 2.4357E-10 2.8858E-10 3.3747E-10 3.9689E-10 4.5860E-10 5.3694E-10 6.1505E-10 7.1402E-10 8.1301E-10 9.3327E-10 1.0578E-09 1.2027E-09 1.3569E-09 1.5298E-09 1.7161E-09 1.9199E-09 2.1426E-09 2.3809E-09 2.6435E-09 2.9215E-09 3.2232E-09 3.5408E-09 3.8856E-09 4.2469E-09 4.6351E-09 5.0458E-09 5.4804E-09 5.9387E-09 6.4236E-09 6.9331E-09 7.4707E-09 8.0300E-09 8.6275E-09 9.2486E-09 9.8867E-09 1.0556E-08 1.1249E-08 1.1947E-08 1.2648E-08 1.3350E-08 1.4034E-08 1.4680E-08 1.5260E-08 1.5765E-08 1.6158E-08 1.6424E-08 1.6520E-08 1.6440E-08 1.6154E-08 1.5671E-08 1.4965E-08 1.4080E-08 1.3036E-08
9.2466E-11 1.1370E-10 1.3847E-10 1.6955E-10 2.0148E-10 2.4146E-10 2.8334E-10 3.3440E-10 3.8889E-10 4.5693E-10 5.2526E-10 6.1264E-10 6.9992E-10 8.0593E-10 9.1584E-10 1.0456E-09 1.1823E-09 1.3386E-09 1.5046E-09 1.6892E-09 1.8925E-09 2.1083E-09 2.3516E-09 2.6062E-09 2.8868E-09 3.1834E-09 3.5077E-09 3.8508E-09 4.2222E-09 4.6160E-09 5.0384E-09 5.4886E-09 5.9694E-09 6.4769E-09 7.0194E-09 7.5944E-09 8.2172E-09 8.8643E-09 9.5536E-09 1.0286E-08 1.1048E-08 1.1837E-08 1.2657E-08 1.3495E-08 1.4333E-08 1.5150E-08 1.5934E-08 1.6647E-08 1.7266E-08 1.7752E-08 1.8075E-08 1.8191E-08 1.8078E-08 1.7726E-08 1.7129E-08 1.6297E-08 1.5202E-08
7.4052E-11 9.2140E-11 1.1130E-10 1.3696E-10 1.6414E-10 1.9968E-10 2.3444E-10 2.7945E-10 3.2594E-10 3.8502E-10 4.4461E-10 5.2097E-10 5.9692E-10 6.9016E-10 7.8683E-10 9.0099E-10 1.0214E-09 1.1605E-09 1.3082E-09 1.4751E-09 1.6564E-09 1.8519E-09 2.0729E-09 2.3052E-09 2.5651E-09 2.8377E-09 3.1413E-09 3.4615E-09 3.8128E-09 4.1878E-09 4.5958E-09 5.0306E-09 5.4991E-09 5.9998E-09 6.5426E-09 7.1232E-09 7.7614E-09 8.4316E-09 9.1634E-09 9.9492E-09 1.0777E-08 1.1660E-08 1.2597E-08 1.3574E-08 1.4574E-08 1.5589E-08 1.6586E-08 1.7548E-08 1.8429E-08 1.9190E-08 1.9781E-08 2.0171E-08 2.0309E-08 2.0168E-08 1.9725E-08 1.8978E-08 1.7917E-08
5.6220E-11 7.3153E-11 8.9008E-11 1.1001E-10 1.3216E-10 1.6150E-10 1.9158E-10 2.3097E-10 2.6970E-10 3.2150E-10 3.7271E-10 4.3897E-10 5.0456E-10 5.8656E-10 6.6928E-10 7.6977E-10 8.7534E-10 9.9773E-10 1.1288E-09 1.2761E-09 1.4377E-09 1.6140E-09 1.8115E-09 2.0235E-09 2.2591E-09 2.5085E-09 2.7888E-09 3.0842E-09 3.4158E-09 3.7670E-09 4.1528E-09 4.5695E-09 5.0238E-09 5.5113E-09 6.0434E-09 6.6229E-09 7.2693E-09 7.9574E-09 8.7190E-09 9.5479E-09 1.0443E-08 1.1416E-08 1.2464E-08 1.3579E-08 1.4754E-08 1.5976E-08 1.7222E-08 1.8459E-08 1.9642E-08 2.0732E-08 2.1677E-08 2.2403E-08 2.2881E-08 2.3060E-08 2.2877E-08 2.2323E-08 2.1517E-08
3.7213E-11 5.1692E-11 7.0012E-11 8.7400E-11 1.0586E-10 1.2943E-10 1.5425E-10 1.8716E-10 2.2049E-10 2.6563E-10 3.0866E-10 3.6601E-10 4.2278E-10 4.9321E-10 5.6415E-10 6.5263E-10 7.4245E-10 8.5070E-10 9.6409E-10 1.0944E-09 1.2378E-09 1.3931E-09 1.5699E-09 1.7593E-09 1.9708E-09 2.1983E-09 2.4536E-09 2.7245E-09 3.0300E-09 3.3556E-09 3.7204E-09 4.1136E-09 4.5449E-09 5.0137E-09 5.5347E-09 6.1038E-09 6.7457E-09 7.4417E-09 8.2258E-09 9.0916E-09 1.0042E-08 1.1096E-08 1.2254E-08 1.3509E-08 1.4867E-08 1.6310E-08 1.7824E-08 1.9368E-08 2.0914E-08 2.2396E-08 2.3736E-08 2.4929E-08 2.5866E-08 2.6445E-08 2.6735E-08 2.6816E-08 2.6153E-08
1.4064E-11 2.5170E-11 4.4530E-11 6.3226E-11 8.2592E-11 1.0407E-10 1.2392E-10 1.5012E-10 1.7765E-10 2.1520E-10 2.5225E-10 3.0247E-10 3.5051E-10 4.1081E-10 4.7216E-10 5.4721E-10 6.2450E-10 7.1915E-10 8.1578E-10 9.3150E-10 1.0547E-09 1.1914E-09 1.3479E-09 1.5152E-09 1.7051E-09 1.9081E-09 2.1372E-09 2.3835E-09 2.6624E-09 2.9629E-09 3.2988E-09 3.6649E-09 4.0731E-09 4.5182E-09 5.0173E-09 5.5683E-09 6.2031E-09 6.8973E-09 7.6870E-09 8.5812E-09 9.5818E-09 1.0704E-08 1.1967E-08 1.3363E-08 1.4900E-08 1.6579E-08 1.8382E-08 2.0279E-08 2.2219E-08 2.4145E-08 2.6046E-08 2.7803E-08 2.9327E-08 3.0969E-08 3.1789E-08 3.2634E-08 3.4592E-08
3.4272E-12 5.8790E-12 1.6163E-11 3.5233E-11 5.3551E-11 7.7587E-11 9.8184E-11 1.2163E-10 1.4338E-10 1.7354E-10 2.0353E-10 2.4585E-10 2.8609E-10 3.3892E-10 3.9030E-10 4.5398E-10 5.2137E-10 6.0071E-10 6.8509E-10 7.8352E-10 8.8980E-10 1.0108E-09 1.1451E-09 1.2930E-09 1.4595E-09 1.6390E-09 1.8446E-09 2.0650E-09 2.3159E-09 2.5875E-09 2.8956E-09 3.2346E-09 3.6120E-09 4.0267E-09 4.5019E-09 5.0288E-09 5.6471E-09 6.3263E-09 7.1148E-09 8.0275E-09 9.0593E-09 1.0240E-08 1.1601E-08 1.3126E-08 1.4857E-08 1.6779E-08 1.8883E-08 2.1155E-08 2.3575E-08 2.6060E-08 2.8620E-08 3.1543E-08 3.3855E-08 3.6538E-08 4.0518E-08 4.1792E-08 4.3344E-08
6.4442E-13 2.0414E-12 4.0815E-12 7.8635E-12 1.8540E-11 4.0778E-11 6.1792E-11 9.1574E-11 1.1445E-10 1.3838E-10 1.6491E-10 1.9967E-10 2.3317E-10 2.7660E-10 3.1937E-10 3.7390E-10 4.2984E-10 4.9635E-10 5.6958E-10 6.5211E-10 7.4528E-10 8.4732E-10 9.6326E-10 1.0928E-09 1.2363E-09 1.3957E-09 1.5747E-09 1.7695E-09 1.9935E-09 2.2372E-09 2.5152E-09 2.8211E-09 3.1672E-09 3.5518E-09 3.9943E-09 4.4881E-09 5.0829E-09 5.7421E-09 6.5205E-09 7.4336E-09 8.4850E-09 9.7133E-09 1.1160E-08 1.2813E-08 1.4727E-08 1.6886E-08 1.9322E-08 2.2021E-08 2.4962E-08 2.8622E-08 3.1909E-08 3.5712E-08 4.0245E-08 4.5354E-08 4.8825E-08 5.2743E-08 5.5274E-08
0.0000E+00 2.4281E-13 1.1076E-12 3.1602E-12 5.9012E-12 1.0924E-11 2.6248E-11 4.4614E-11 7.5817E-11 1.0476E-10 1.2994E-10 1.5772E-10 1.8891E-10 2.2525E-10 2.6186E-10 3.0611E-10 3.5180E-10 4.0888E-10 4.6911E-10 5.3889E-10 6.1559E-10 7.0360E-10 8.0397E-10 9.1344E-10 1.0380E-09 1.1749E-09 1.3298E-09 1.5015E-09 1.6971E-09 1.9118E-09 2.1587E-09 2.4341E-09 2.7460E-09 3.0925E-09 3.5004E-09 3.9596E-09 4.5235E-09 5.1491E-09 5.9087E-09 6.8145E-09 7.8739E-09 9.1335E-09 1.0650E-08 1.2408E-08 1.4509E-08 1.6918E-08 1.9707E-08 2.3012E-08 2.6881E-08 3.1044E-08 3.6199E-08 4.3331E-08 4.8544E-08 5.5573E-08 6.1661E-08 6.6699E-08 6.9438E-08
0.0000E+00 0.0000E+00 0.0000E+00 3.1004E-13 1.9584E-12 4.0597E-12 8.3276E-12 1.5765E-11 3.0376E-11 5.2157E-11 8.3542E-11 1.1411E-10 1.4648E-10 1.7758E-10 2.1128E-10 2.4877E-10 2.8745E-10 3.3428E-10 3.8276E-10 4.4251E-10 5.0565E-10 5.7848E-10 6.6179E-10 7.5619E-10 8.6201E-10 9.7871E-10 1.1118E-09 1.2588E-09 1.4272E-09 1.6147E-09 1.8306E-09 2.0718E-09 2.3483E-09 2.6591E-09 3.0287E-09 3.4465E-09 3.9734E-09 4.5624E-09 5.2944E-09 6.1802E-09 7.2356E-09 8.5094E-09 1.0082E-08 1.1942E-08 1.4221E-08 1.6949E-08 2.0409E-08 2.4238E-08 2.9244E-08 3.6709E-08 4.2685E-08 5.1442E-08 5.9824E-08 6.8402E-08 7.5313E-08 7.9345E-08 8.3591E-08
0.0000E+00 0.0000E+00 0.0000E+00 0.0000E+00 0.0000E+00 2.5339E-13 2.2351E-12 5.9042E-12 1.1706E-11 2.3734E-11 3.8035E-11 6.3850E-11 9.1904E-11 1.2622E-10 1.5968E-10 1.9278E-10 2.3039E-10 2.6847E-10 3.1055E-10 3.5965E-10 4.1113E-10 4.7180E-10 5.3799E-10 6.1502E-10 7.0522E-10 8.0510E-10 9.1580E-10 1.0417E-09 1.1840E-09 1.3452E-09 1.5295E-09 1.7387E-09 1.9814E-09 2.2536E-09 2.5829E-09 2.9590E-09 3.4465E-09 3.9929E-09 4.6887E-09 5.5433E-09 6.5821E-09 7.8623E-09 9.4808E-09 1.1460E-08 1.4173E-08 1.7169E-08 2.1292E-08 2.8006E-08 3.3500E-08 4.2310E-08 5.0670E-08 5.9931E-08 6.9478E-08 7.6977E-08 8.5224E-08 9.2193E-08 9.6499E-08
0.0000E+00 0.0000E+00 0.0000E+00 0.0000E+00 0.0000E+00 0.0000E+00 0.0000E+00 1.1159E-12 3.9967E-12 8.9327E-12 1.7363E-11 2.9810E-11 4.6241E-11 7.4063E-11 1.0074E-10 1.3573E-10 1.7043E-10 2.0435E-10 2.4387E-10 2.8239E-10 3.2803E-10 3.7784E-10 4.3195E-10 4.9300E-10 5.6360E-10 6.4634E-10 7.4110E-10 8.4688E-10 9.6521E-10 1.1037E-09 1.2577E-09 1.4373E-09 1.6447E-09 1.8814E-09 2.1702E-09 2.5058E-09 2.9475E-09 3.4503E-09 4.1024E-09 4.9195E-09 5.9343E-09 7.2229E-09 9.0782E-09 1.1149E-08 1.4170E-08 1.9332E-08 2.3615E-08 3.0291E-08 3.7448E-08 4.6433E-08 5.6378E-08 6.6043E-08 7.6297E-08 8.6856E-08 9.6170E-08 1.0449E-07 1.1168E-07
0.0000E+00 0.0000E+00 0.0000E+00 0.0000E+00 0.0000E+00 0.0000E+00 0.0000E+00 0.0000E+00 0.0000E+00 1.1093E-12 4.1408E-12 1.1487E-11 2.3965E-11 3.7063E-11 5.8330E-11 8.2862E-11 1.0896E-10 1.4482E-10 1.7716E-10 2.1181E-10 2.5178E-10 2.9150E-10 3.3795E-10 3.8829E-10 4.4263E-10 5.0583E-10 5.8359E-10 6.7096E-10 7.7105E-10 8.8572E-10 1.0151E-09 1.1679E-09 1.3427E-09 1.5457E-09 1.7941E-09 2.0902E-09 2.4863E-09 2.9424E-09 3.5494E-09 4.3308E-09 5.4519E-09 6.7409E-09 8.6264E-09 1.1302E-08 1.5167E-08 1.9458E-08 2.5542E-08 3.2723E-08 4.1381E-08 5.0448E-08 6.0375E-08 7.1723E-08 8.2848E-08 9.4118E-08 1.0607E-07 1.1661E-07 1.2287E-07
0.0000E+00 0.0000E+00 0.0000E+00 0.0000E+00 0.0000E+00 0.0000E+00 0.0000E+00 0.0000E+00 0.0000E+00 0.0000E+00 0.0000E+00 1.1683E-12 8.1986E-12 1.7004E-11 2.9352E-11 4.7244E-11 6.9439E-11 9.2119E-11 1.2004E-10 1.5052E-10 1.8174E-10 2.1829E-10 2.5615E-10 2.9700E-10 3.4205E-10 3.9193E-10 4.4520E-10 5.1667E-10 5.9815E-10 6.9291E-10 8.0194E-10 9.2847E-10 1.0765E-09 1.2491E-09 1.4585E-09 1.7171E-09 2.0667E-09 2.4821E-09 3.0749E-09 3.8727E-09 4.8991E-09 6.4472E-09 9.0022E-09 1.1641E-08 1.5954E-08 2.0995E-08 2.7562E-08 3.4758E-08 4.2782E-08 5.2681E-08 6.3139E-08 7.3106E-08 8.7084E-08 9.8672E-08 1.0992E-07 1.2140E-07 1.3349E-07
0.0000E+00 0.0000E+00 0.0000E+00 0.0000E+00 0.0000E+00 0.0000E+00 0.0000E+00 0.0000E+00 0.0000E+00 0.0000E+00 0.0000E+00 0.0000E+00 0.0000E+00 9.9508E-13 8.7358E-12 2.2513E-11 3.9324E-11 5.8889E-11 7.7859E-11 9.9540E-11 1.2635E-10 1.5365E-10 1.8493E-10 2.2072E-10 2.5697E-10 2.9737E-10 3.4103E-10 3.8935E-10 4.5066E-10 5.2628E-10 6.1463E-10 7.1981E-10 8.4225E-10 9.9083E-10 1.1652E-09 1.3883E-09 1.7042E-09 2.1272E-09 2.6703E-09 3.5120E-09 4.9880E-09 6.4913E-09 9.1913E-09 1.2352E-08 1.6729E-08 2.1749E-08 2.7148E-08 3.4598E-08 4.2325E-08 5.0453E-08 6.1011E-08 7.2725E-08 8.4879E-08 9.6936E-08 1.1207E-07 1.2622E-07 1.3778E-07
0.0000E+00 0.0000E+00 0.0000E+00 0.0000E+00 0.0000E+00 0.0000E+00 0.0000E+00 0.0000E+00 0.0000E+00 0.0000E+00 0.0000E+00 0.0000E+00 0.0000E+00 0.0000E+00 4.2626E-13 2.0973E-12 5.9356E-12 2.6993E-11 4.7088E-11 6.6217E-11 8.7191E-11 1.0827E-10 1.3013E-10 1.5688E-10 1.8630E-10 2.2000E-10 2.5398E-10 2.9276E-10 3.3422E-10 3.8202E-10 4.5581E-10 5.3836E-10 6.3833E-10 7.6124E-10 9.1780E-10 1.1323E-09 1.4157E-09 1.8250E-09 2.6218E-09 3.4242E-09 4.9178E-09 6.7064E-09 9.1043E-09 1.2171E-08 1.5478E-08 1.9957E-08 2.5524E-08 3.1751E-08 3.9160E-08 4.8296E-08 5.8177E-08 6.8140E-08 8.1560E-08 9.5889E-08 1.0787E-07 1.2579E-07 1.4298E-07
0.0000E+00 0.0000E+00 0.0000E+00 0.0000E+00 0.0000E+00 0.0000E+00 0.0000E+00 0.0000E+00 0.0000E+00 0.0000E+00 0.0000E+00 0.0000E+00 0.0000E+00 0.0000E+00 0.0000E+00 0.0000E+00 1.3486E-12 5.1443E-12 9.4836E-12 1.3289E-11 4.8215E-11 7.5098E-11 9.5544E-11 1.1379E-10 1.3445E-10 1.5687E-10 1.8482E-10 2.1549E-10 2.4610E-10 2.8201E-10 3.1850E-10 3.7526E-10 4.6233E-10 5.7904E-10 7.1033E-10 9.1128E-10 1.3204E-09 1.6823E-09 2.4033E-09 3.2388E-09 4.4754E-09 6.2164E-09 8.2348E-09 1.0768E-08 1.4250E-08 1.8165E-08 2.2971E-08 2.9100E-08 3.5880E-08 4.2936E-08 5.2898E-08 6.3817E-08 7.3483E-08 8.8623E-08 1.0338E-07 1.1876E-07 1.3687E-07
0.0000E+00 0.0000E+00 0.0000E+00 0.0000E+00 0.0000E+00 0.0000E+00 0.0000E+00 0.0000E+00 0.0000E+00 0.0000E+00 0.0000E+00 0.0000E+00 0.0000E+00 0.0000E+00 0.0000E+00 0.0000E+00 0.0000E+00 6.4849E-14 2.6073E-12 6.8616E-12 1.1124E-11 1.6485E-11 2.8822E-11 6.8860E-11 9.3491E-11 1.1192E-10 1.3100E-10 1.4891E-10 1.7335E-10 2.0156E-10 2.3182E-10 2.6326E-10 3.0612E-10 3.8544E-10 5.4539E-10 7.6139E-10 1.0712E-09 1.5044E-09 2.1104E-09 2.9911E-09 4.0773E-09 5.3921E-09 7.3076E-09 9.5569E-09 1.2266E-08 1.5946E-08 2.0213E-08 2.4527E-08 3.1020E-08 3.7814E-08 4.4765E-08 5.3956E-08 6.5053E-08 7.7374E-08 9.0794E-08 1.0802E-07 1.2490E-07
0.0000E+00 0.0000E+00 0.0000E+00 0.0000E+00 0.0000E+00 0.0000E+00 0.0000E+00 0.0000E+00 0.0000E+00 0.0000E+00 0.0000E+00 0.0000E+00 0.0000E+00 0.0000E+00 0.0000E+00 0.0000E+00 0.0000E+00 0.0000E+00 0.0000E+00 4.2746E-13 2.7187E-12 6.8699E-12 1.2208E-11 1.8447E-11 2.3159E-11 3.1422E-11 7.9919E-11 1.0036E-10 1.1730E-10 1.3769E-10 1.6177E-10 1.8763E-10 2.1590E-10 2.4533E-10 3.1012E-10 5.8612E-10 7.9209E-10 1.3063E-09 1.8408E-09 2.4973E-09 3.4430E-09 4.6159E-09 5.9821E-09 8.0069E-09 1.0282E-08 1.2785E-08 1.6051E-08 2.0261E-08 2.4800E-08 3.0051E-08 3.7261E-08 4.5036E-08 5.3424E-08 6.5094E-08 7.6355E-08 9.0187E-08 1.0701E-07
0.0000E+00 0.0000E+00 0.0000E+00 0.0000E+00 0.0000E+00 0.0000E+00 0.0000E+00 0.0000E+00 0.0000E+00 0.0000E+00 0.0000E+00 0.0000E+00 0.0000E+00 0.0000E+00 0.0000E+00 0.0000E+00 0.0000E+00 0.0000E+00 0.0000E+00 0.0000E+00 0.0000E+00 2.7521E-13 1.8435E-12 5.1216E-12 1.0412E-11 1.5962E-11 2.1817E-11 2.4586E-11 3.3357E-11 7.5462E-11 9.5414E-11 1.1688E-10 1.3895E-10 1.6693E-10 1.9493E-10 2.2772E-10 4.8718E-10 7.7890E-10 1.4207E-09 1.9734E-09 2.6141E-09 3.5135E-09 4.7184E-09 6.1099E-09 7.8062E-09 1.0043E-08 1.2662E-08 1.5460E-08 1.9506E-08 2.4025E-08 2.8777E-08 3.5477E-08 4.1925E-08 4.9767E-08 5.9228E-08 7.1250E-08 8.6097E-08
0.0000E+00 0.0000E+00 0.0000E+00 0.0000E+00 0.0000E+00 0.0000E+00 0.0000E+00 0.0000E+00 0.0000E+00 0.0000E+00 0.0000E+00 0.0000E+00 0.0000E+00 0.0000E+00 0.0000E+00 0.0000E+00 0.0000E+00 0.0000E+00 0.0000E+00 0.0000E+00 0.0000E+00 0.0000E+00 0.0000E+00 4.1461E-14 7.4056E-13 2.7621E-12 6.5249E-12 1.1326E-11 1.5830E-11 1.8481E-11 2.2605E-11 3.0900E-11 6.3453E-11 8.3495E-11 1.0981E-10 1.3638E-10 1.8143E-10 2.2864E-10 5.6828E-10 1.1479E-09 1.8991E-09 2.5894E-09 3.4274E-09 4.5577E-09 5.9070E-09 7.3183E-09 9.4762E-09 1.1801E-08 1.4248E-08 1.7913E-08 2.1246E-08 2.5332E-08 3.0077E-08 3.5924E-08 4.3143E-08 5.2407E-08 6.4120E-08
0.0000E+00 0.0000E+00 0.0000E+00 0.0000E+00 0.0000E+00 0.0000E+00 0.0000E+00 0.0000E+00 0.0000E+00 0.0000E+00 0.0000E+00 0.0000E+00 0.0000E+00 0.0000E+00 0.0000E+00 0.0000E+00 0.0000E+00 0.0000E+00 0.0000E+00 0.0000E+00 0.0000E+00 0.0000E+00 0.0000E+00 0.0000E+00 0.0000E+00 0.0000E+00 0.0000E+00 7.1730E-13 2.3260E-12 5.4718E-12 8.5981E-12 1.2332E-11 1.6231E-11 2.2095E-11 2.9233E-11 5.5786E-11 8.1001E-11 1.2812E-10 1.7755E-10 3.8170E-10 7.7060E-10 1.5084E-09 2.3116E-09 3.1602E-09 4.1731E-09 5.2847E-09 6.5517E-09 8.2396E-09 1.0085E-08 1.2111E-08 1.4462E-08 1.7143E-08 2.0330E-08 2.4360E-08 2.9176E-08 3.5430E-08 4.3646E-08
0.0000E+00 0.0000E+00 0.0000E+00 0.0000E+00 0.0000E+00 0.0000E+00 0.0000E+00 0.0000E+00 0.0000E+00 0.0000E+00 0.0000E+00 0.0000E+00 0.0000E+00 0.0000E+00 0.0000E+00 0.0000E+00 0.0000E+00 0.0000E+00 0.0000E+00 0.0000E+00 0.0000E+00 0.0000E+00 0.0000E+00 0.0000E+00 0.0000E+00 0.0000E+00 0.0000E+00 0.0000E+00 0.0000E+00 0.0000E+00 3.6767E-14 1.0896E-12 3.6020E-12 6.8438E-12 1.1895E-11 1.7519E-11 3.0785E-11 4.7515E-11 7.2559E-11 1.2261E-10 2.0229E-10 4.4028E-10 9.1289E-10 1.5995E-09 2.5630E-09 3.4431E-09 4.3832E-09 5.3535E-09 6.4465E-09 7.7900E-09 9.2453E-09 1.0870E-08 1.2897E-08 1.5258E-08 1.8070E-08 2.1888E-08 2.6484E-08
0.0000E+00 0.0000E+00 0.0000E+00 0.0000E+00 0.0000E+00 0.0000E+00 0.0000E+00 0.0000E+00 0.0000E+00 0.0000E+00 0.0000E+00 0.0000E+00 0.0000E+00 0.0000E+00 0.0000E+00 0.0000E+00 0.0000E+00 0.0000E+00 0.0000E+00 0.0000E+00 0.0000E+00 0.0000E+00 0.0000E+00 0.0000E+00 0.0000E+00 0.0000E+00 0.0000E+00 0.0000E+00 0.0000E+00 0.0000E+00 0.0000E+00 0.0000E+00 0.0000E+00 2.0124E-13 1.5716E-12 4.8088E-12 9.5437E-12 2.0656E-11 3.2964E-11 5.5730E-11 8.1988E-11 1.0825E-10 1.5983E-10 3.8331E-10 7.8939E-10 1.4228E-09 2.2895E-09 2.9589E-09 3.6554E-09 4.4630E-09 5.2755E-09 6.1793E-09 7.2191E-09 8.3885E-09 9.9312E-09 1.1828E-08 1.4078E-08
0.0000E+00 0.0000E+00 0.0000E+00 0.0000E+00 0.0000E+00 0.0000E+00 0.0000E+00 0.0000E+00 0.0000E+00 0.0000E+00 0.0000E+00 0.0000E+00 0.0000E+00 0.0000E+00 0.0000E+00 0.0000E+00 0.0000E+00 0.0000E+00 0.0000E+00 0.0000E+00 0.0000E+00 0.0000E+00 0.0000E+00 0.0000E+00 0.0000E+00 0.0000E+00 0.0000E+00 0.0000E+00 0.0000E+00 0.0000E+00 0.0000E+00 0.0000E+00 0.0000E+00 0.0000E+00 0.0000E+00 0.0000E+00 5.0512E-13 2.1151E-12 7.5002E-12 1.8675E-11 3.3916E-11 5.6194E-11 8.1769E-11 1.1911E-10 1.7075E-10 2.7129E-10 5.6918E-10 1.1359E-09 1.5919E-09 2.0308E-09 2.5058E-09 2.9516E-09 3.3653E-09 3.9743E-09 4.4423E-09 5.0328E-09 5.8296E-09
