Assets/Resources/2015_m01_d14_0600(utc+0800)_l00_csi_1hr_conc.grd
DSAA
         159         159
     -79.000      79.000
     -79.000      79.000
  0.0000E+00  0.1035E-03
[rows 25 to 49 of 159, columns 0 to 56 of 159]
2.5171E-09 2.5843E-09 2.6524E-09 2.7193E-09 2.7790E-09 2.8302E-09 2.8719E-09 2.9055E-09 2.9313E-09 2.9491E-09 2.9588E-09 2.9611E-09 2.9599E-09 2.9533E-09 2.9409E-09 2.9257E-09 2.9049E-09 2.8799E-09 2.8519E-09 2.8189E-09 2.7828E-09 2.7443E-09 2.7019E-09 2.6564E-09 2.6090E-09 2.5596E-09 2.5113E-09 2.4623E-09 2.4131E-09 2.3634E-09 2.3145E-09 2.2659E-09 2.2188E-09 2.1738E-09 2.1289E-09 2.0835E-09 2.0391E-09 1.9979E-09 1.9586E-09 1.9191E-09 1.8812E-09 1.8536E-09 1.8275E-09 1.8029E-09 1.7909E-09 1.7749E-09 1.7652E-09 1.7650E-09 1.7604E-09 1.7714E-09 1.7689E-09 1.7802E-09 1.7816E-09 1.7954E-09 1.8001E-09 1.8158E-09 1.8228E-09
2.5859E-09 2.6576E-09 2.7264E-09 2.7961E-09 2.8573E-09 2.9099E-09 2.9536E-09 2.9882E-09 3.0148E-09 3.0331E-09 3.0442E-09 3.0470E-09 3.0463E-09 3.0409E-09 3.0288E-09 3.0139E-09 2.9939E-09 2.9688E-09 2.9407E-09 2.9092E-09 2.8730E-09 2.8325E-09 2.7909E-09 2.7447E-09 2.6950E-09 2.6471E-09 2.5967E-09 2.5460E-09 2.4959E-09 2.4453E-09 2.3953E-09 2.3477E-09 2.3007E-09 2.2537E-09 2.2063E-09 2.1607E-09 2.1173E-09 2.0750E-09 2.0325E-09 1.9907E-09 1.9529E-09 1.9291E-09 1.9007E-09 1.8730E-09 1.8628E-09 1.8485E-09 1.8468E-09 1.8436E-09 1.8499E-09 1.8482E-09 1.8518E-09 1.8601E-09 1.8615E-09 1.8788E-09 1.8835E-09 1.9025E-09 1.9164E-09
2.6532E-09 2.7276E-09 2.8011E-09 2.8714E-09 2.9340E-09 2.9881E-09 3.0338E-09 3.0695E-09 3.0968E-09 3.1158E-09 3.1282E-09 3.1318E-09 3.1318E-09 3.1278E-09 3.1161E-09 3.1015E-09 3.0825E-09 3.0575E-09 3.0303E-09 3.0002E-09 2.9620E-09 2.9224E-09 2.8801E-09 2.8327E-09 2.7844E-09 2.7338E-09 2.6825E-09 2.6309E-09 2.5801E-09 2.5289E-09 2.4803E-09 2.4324E-09 2.3831E-09 2.3342E-09 2.2877E-09 2.2422E-09 2.1973E-09 2.1519E-09 2.1087E-09 2.0679E-09 2.0346E-09 2.0055E-09 1.9748E-09 1.9597E-09 1.9417E-09 1.9277E-09 1.9286E-09 1.9220E-09 1.9314E-09 1.9297E-09 1.9475E-09 1.9535E-09 1.9724E-09 1.9800E-09 1.9993E-09 2.0097E-09 2.0178E-09
2.7208E-09 2.7979E-09 2.8721E-09 2.9450E-09 3.0089E-09 3.0644E-09 3.1120E-09 3.1490E-09 3.1772E-09 3.1968E-09 3.2101E-09 3.2153E-09 3.2160E-09 3.2134E-09 3.2024E-09 3.1882E-09 3.1706E-09 3.1463E-09 3.1205E-09 3.0891E-09 3.0523E-09 3.0125E-09 2.9686E-09 2.9236E-09 2.8725E-09 2.8210E-09 2.7694E-09 2.7170E-09 2.6661E-09 2.6164E-09 2.5671E-09 2.5171E-09 2.4668E-09 2.4193E-09 2.3722E-09 2.3249E-09 2.2778E-09 2.2328E-09 2.1901E-09 2.1476E-09 2.1185E-09 2.0840E-09 2.0547E-09 2.0427E-09 2.0259E-09 2.0218E-09 2.0117E-09 2.0205E-09 2.0228E-09 2.0231E-09 2.0439E-09 2.0480E-09 2.0691E-09 2.0773E-09 2.1006E-09 2.1115E-09 2.1389E-09
2.7865E-09 2.8643E-09 2.9410E-09 3.0165E-09 3.0818E-09 3.1387E-09 3.1875E-09 3.2265E-09 3.2556E-09 3.2760E-09 3.2902E-09 3.2972E-09 3.2987E-09 3.2970E-09 3.2875E-09 3.2740E-09 3.2580E-09 3.2359E-09 3.2085E-09 3.1782E-09 3.1428E-09 3.1014E-09 3.0595E-09 3.0130E-09 2.9608E-09 2.9088E-09 2.8571E-09 2.8049E-09 2.7550E-09 2.7053E-09 2.6537E-09 2.6035E-09 2.5545E-09 2.5062E-09 2.4576E-09 2.4086E-09 2.3627E-09 2.3176E-09 2.2730E-09 2.2342E-09 2.2090E-09 2.1769E-09 2.1601E-09 2.1409E-09 2.1218E-09 2.1226E-09 2.1179E-09 2.1306E-09 2.1359E-09 2.1540E-09 2.1616E-09 2.1830E-09 2.1953E-09 2.2190E-09 2.2421E-09 2.2559E-09 2.2913E-09
2.8481E-09 2.9284E-09 3.0077E-09 3.0858E-09 3.1524E-09 3.2107E-09 3.2607E-09 3.3018E-09 3.3319E-09 3.3531E-09 3.3684E-09 3.3773E-09 3.3797E-09 3.3789E-09 3.3712E-09 3.3584E-09 3.3450E-09 3.3228E-09 3.2962E-09 3.2676E-09 3.2316E-09 3.1921E-09 3.1487E-09 3.1018E-09 3.0493E-09 2.9970E-09 2.9463E-09 2.8949E-09 2.8450E-09 2.7936E-09 2.7423E-09 2.6930E-09 2.6440E-09 2.5939E-09 2.5444E-09 2.4972E-09 2.4505E-09 2.4038E-09 2.3566E-09 2.3329E-09 2.2974E-09 2.2664E-09 2.2521E-09 2.2313E-09 2.2275E-09 2.2212E-09 2.2225E-09 2.2354E-09 2.2377E-09 2.2601E-09 2.2719E-09 2.3012E-09 2.3153E-09 2.3454E-09 2.3630E-09 2.4040E-09 2.4266E-09
2.9073E-09 2.9901E-09 3.0719E-09 3.1526E-09 3.2204E-09 3.2801E-09 3.3314E-09 3.3743E-09 3.4058E-09 3.4279E-09 3.4442E-09 3.4552E-09 3.4587E-09 3.4590E-09 3.4532E-09 3.4428E-09 3.4296E-09 3.4085E-09 3.3844E-09 3.3545E-09 3.3214E-09 3.2814E-09 3.2371E-09 3.1901E-09 3.1380E-09 3.0863E-09 3.0367E-09 2.9859E-09 2.9343E-09 2.8839E-09 2.8333E-09 2.7842E-09 2.7337E-09 2.6832E-09 2.6353E-09 2.5874E-09 2.5392E-09 2.4911E-09 2.4450E-09 2.4245E-09 2.3915E-09 2.3646E-09 2.3469E-09 2.3302E-09 2.3295E-09 2.3246E-09 2.3383E-09 2.3423E-09 2.3640E-09 2.3791E-09 2.4051E-09 2.4225E-09 2.4377E-09 2.4783E-09 2.4994E-09 2.5418E-09 2.5658E-09
2.9639E-09 3.0491E-09 3.1334E-09 3.2166E-09 3.2856E-09 3.3467E-09 3.3992E-09 3.4433E-09 3.4769E-09 3.5001E-09 3.5176E-09 3.5308E-09 3.5355E-09 3.5369E-09 3.5341E-09 3.5252E-09 3.5119E-09 3.4945E-09 3.4698E-09 3.4415E-09 3.4100E-09 3.3691E-09 3.3250E-09 3.2780E-09 3.2271E-09 3.1766E-09 3.1276E-09 3.0759E-09 3.0250E-09 2.9759E-09 2.9257E-09 2.8752E-09 2.8252E-09 2.7759E-09 2.7278E-09 2.6786E-09 2.6295E-09 2.5834E-09 2.5484E-09 2.5219E-09 2.4859E-09 2.4783E-09 2.4602E-09 2.4489E-09 2.4510E-09 2.4458E-09 2.4656E-09 2.4755E-09 2.5057E-09 2.5206E-09 2.5546E-09 2.5780E-09 2.6204E-09 2.6469E-09 2.6911E-09 2.7226E-09 2.7504E-09
3.0175E-09 3.1051E-09 3.1919E-09 3.2769E-09 3.3477E-09 3.4102E-09 3.4640E-09 3.5092E-09 3.5451E-09 3.5694E-09 3.5882E-09 3.6038E-09 3.6097E-09 3.6126E-09 3.6138E-09 3.6045E-09 3.5934E-09 3.5780E-09 3.5541E-09 3.5277E-09 3.4953E-09 3.4559E-09 3.4120E-09 3.3656E-09 3.3171E-09 3.2670E-09 3.2173E-09 3.1668E-09 3.1171E-09 3.0686E-09 3.0178E-09 2.9676E-09 2.9194E-09 2.8701E-09 2.8208E-09 2.7714E-09 2.7240E-09 2.6759E-09 2.6472E-09 2.6193E-09 2.5854E-09 2.5862E-09 2.5671E-09 2.5710E-09 2.5650E-09 2.5804E-09 2.5926E-09 2.6186E-09 2.6365E-09 2.6615E-09 2.6988E-09 2.7245E-09 2.7708E-09 2.8005E-09 2.8592E-09 2.8942E-09 2.9243E-09
3.0681E-09 3.1581E-09 3.2472E-09 3.3334E-09 3.4066E-09 3.4704E-09 3.5255E-09 3.5719E-09 3.6097E-09 3.6356E-09 3.6558E-09 3.6729E-09 3.6812E-09 3.6871E-09 3.6895E-09 3.6819E-09 3.6733E-09 3.6589E-09 3.6379E-09 3.6106E-09 3.5792E-09 3.5414E-09 3.4981E-09 3.4538E-09 3.4061E-09 3.3562E-09 3.3069E-09 3.2588E-09 3.2094E-09 3.1608E-09 3.1107E-09 3.0622E-09 3.0145E-09 2.9646E-09 2.9151E-09 2.8679E-09 2.8188E-09 2.7797E-09 2.7462E-09 2.7222E-09 2.7075E-09 2.6971E-09 2.6824E-09 2.6891E-09 2.6863E-09 2.7122E-09 2.7224E-09 2.7556E-09 2.7767E-09 2.8224E-09 2.8514E-09 2.8975E-09 2.9365E-09 2.9818E-09 3.0339E-09 3.0715E-09 3.1162E-09
3.1154E-09 3.2076E-09 3.2992E-09 3.3864E-09 3.4620E-09 3.5271E-09 3.5835E-09 3.6311E-09 3.6700E-09 3.6984E-09 3.7202E-09 3.7388E-09 3.7505E-09 3.7583E-09 3.7615E-09 3.7579E-09 3.7493E-09 3.7384E-09 3.7181E-09 3.6917E-09 3.6613E-09 3.6254E-09 3.5845E-09 3.5402E-09 3.4943E-09 3.4443E-09 3.3976E-09 3.3502E-09 3.3014E-09 3.2530E-09 3.2057E-09 3.1572E-09 3.1095E-09 3.0598E-09 3.0125E-09 2.9642E-09 2.9175E-09 2.8863E-09 2.8507E-09 2.8293E-09 2.8205E-09 2.8158E-09 2.8176E-09 2.8159E-09 2.8269E-09 2.8479E-09 2.8695E-09 2.9035E-09 2.9308E-09 2.9807E-09 3.0137E-09 3.0745E-09 3.1129E-09 3.1763E-09 3.2217E-09 3.2615E-09 3.3113E-09
3.1592E-09 3.2536E-09 3.3474E-09 3.4358E-09 3.5136E-09 3.5800E-09 3.6377E-09 3.6866E-09 3.7267E-09 3.7577E-09 3.7810E-09 3.8012E-09 3.8173E-09 3.8254E-09 3.8313E-09 3.8302E-09 3.8236E-09 3.8145E-09 3.7957E-09 3.7706E-09 3.7413E-09 3.7089E-09 3.6686E-09 3.6258E-09 3.5796E-09 3.5330E-09 3.4865E-09 3.4414E-09 3.3924E-09 3.3467E-09 3.3000E-09 3.2524E-09 3.2045E-09 3.1579E-09 3.1090E-09 3.0641E-09 3.0148E-09 2.9916E-09 2.9587E-09 2.9556E-09 2.9411E-09 2.9366E-09 2.9489E-09 2.9504E-09 2.9768E-09 2.9918E-09 3.0326E-09 3.0641E-09 3.1123E-09 3.1528E-09 3.2026E-09 3.2578E-09 3.2989E-09 3.3741E-09 3.4231E-09 3.4787E-09 3.5200E-09
3.1993E-09 3.2959E-09 3.3919E-09 3.4812E-09 3.5605E-09 3.6290E-09 3.6879E-09 3.7380E-09 3.7795E-09 3.8131E-09 3.8381E-09 3.8613E-09 3.8796E-09 3.8893E-09 3.8984E-09 3.8989E-09 3.8957E-09 3.8866E-09 3.8706E-09 3.8469E-09 3.8197E-09 3.7896E-09 3.7514E-09 3.7082E-09 3.6649E-09 3.6196E-09 3.5754E-09 3.5305E-09 3.4845E-09 3.4392E-09 3.3949E-09 3.3466E-09 3.3017E-09 3.2544E-09 3.2088E-09 3.1620E-09 3.1245E-09 3.1002E-09 3.0686E-09 3.0774E-09 3.0634E-09 3.0750E-09 3.0872E-09 3.0891E-09 3.1259E-09 3.1467E-09 3.1992E-09 3.2306E-09 3.2931E-09 3.3382E-09 3.4041E-09 3.4537E-09 3.5282E-09 3.5863E-09 3.6384E-09 3.7001E-09 3.7426E-09
3.2356E-09 3.3342E-09 3.4323E-09 3.5224E-09 3.6029E-09 3.6737E-09 3.7339E-09 3.7854E-09 3.8282E-09 3.8644E-09 3.8915E-09 3.9177E-09 3.9377E-09 3.9507E-09 3.9605E-09 3.9656E-09 3.9631E-09 3.9557E-09 3.9426E-09 3.9206E-09 3.8963E-09 3.8674E-09 3.8313E-09 3.7895E-09 3.7481E-09 3.7056E-09 3.6615E-09 3.6194E-09 3.5750E-09 3.5319E-09 3.4879E-09 3.4425E-09 3.3975E-09 3.3535E-09 3.3073E-09 3.2618E-09 3.2409E-09 3.2096E-09 3.1847E-09 3.2010E-09 3.1933E-09 3.2242E-09 3.2301E-09 3.2614E-09 3.2862E-09 3.3360E-09 3.3729E-09 3.4240E-09 3.4854E-09 3.5315E-09 3.6093E-09 3.6626E-09 3.7505E-09 3.8134E-09 3.8822E-09 3.9363E-09 3.9792E-09
3.2678E-09 3.3684E-09 3.4685E-09 3.5594E-09 3.6411E-09 3.7141E-09 3.7755E-09 3.8283E-09 3.8725E-09 3.9106E-09 3.9416E-09 3.9689E-09 3.9923E-09 4.0080E-09 4.0195E-09 4.0284E-09 4.0267E-09 4.0212E-09 4.0111E-09 3.9924E-09 3.9691E-09 3.9426E-09 3.9084E-09 3.8694E-09 3.8292E-09 3.7891E-09 3.7467E-09 3.7069E-09 3.6651E-09 3.6224E-09 3.5810E-09 3.5372E-09 3.4940E-09 3.4519E-09 3.4059E-09 3.3635E-09 3.3496E-09 3.3247E-09 3.3233E-09 3.3317E-09 3.3288E-09 3.3701E-09 3.3799E-09 3.4258E-09 3.4569E-09 3.5159E-09 3.5622E-09 3.6327E-09 3.6875E-09 3.7647E-09 3.8281E-09 3.9010E-09 3.9884E-09 4.0554E-09 4.1314E-09 4.1873E-09 4.2299E-09
3.2959E-09 3.3983E-09 3.5004E-09 3.5919E-09 3.6746E-09 3.7489E-09 3.8126E-09 3.8667E-09 3.9123E-09 3.9524E-09 3.9875E-09 4.0155E-09 4.0426E-09 4.0601E-09 4.0752E-09 4.0862E-09 4.0866E-09 4.0831E-09 4.0757E-09 4.0605E-09 4.0395E-09 4.0137E-09 3.9838E-09 3.9454E-09 3.9084E-09 3.8698E-09 3.8309E-09 3.7923E-09 3.7533E-09 3.7119E-09 3.6733E-09 3.6308E-09 3.5907E-09 3.5486E-09 3.5066E-09 3.4842E-09 3.4628E-09 3.4410E-09 3.4512E-09 3.4688E-09 3.4899E-09 3.5231E-09 3.5516E-09 3.6017E-09 3.6458E-09 3.7117E-09 3.7597E-09 3.8422E-09 3.9017E-09 3.9923E-09 4.0606E-09 4.1625E-09 4.2421E-09 4.3125E-09 4.3964E-09 4.4530E-09 4.4943E-09
3.3197E-09 3.4238E-09 3.5277E-09 3.6199E-09 3.7036E-09 3.7789E-09 3.8449E-09 3.9003E-09 3.9474E-09 3.9904E-09 4.0277E-09 4.0583E-09 4.0878E-09 4.1087E-09 4.1260E-09 4.1389E-09 4.1423E-09 4.1410E-09 4.1371E-09 4.1248E-09 4.1059E-09 4.0822E-09 4.0556E-09 4.0194E-09 3.9835E-09 3.9494E-09 3.9116E-09 3.8763E-09 3.8386E-09 3.8009E-09 3.7625E-09 3.7248E-09 3.6842E-09 3.6463E-09 3.6044E-09 3.5923E-09 3.5787E-09 3.5699E-09 3.5861E-09 3.6081E-09 3.6417E-09 3.6838E-09 3.7410E-09 3.7834E-09 3.8551E-09 3.9163E-09 3.9954E-09 4.0646E-09 4.1427E-09 4.2342E-09 4.3066E-09 4.4265E-09 4.5117E-09 4.6046E-09 4.6768E-09 4.7332E-09 4.7800E-09
3.3391E-09 3.4448E-09 3.5504E-09 3.6430E-09 3.7276E-09 3.8040E-09 3.8723E-09 3.9291E-09 3.9777E-09 4.0238E-09 4.0629E-09 4.0968E-09 4.1275E-09 4.1531E-09 4.1716E-09 4.1868E-09 4.1936E-09 4.1957E-09 4.1934E-09 4.1856E-09 4.1678E-09 4.1476E-09 4.1225E-09 4.0900E-09 4.0563E-09 4.0255E-09 3.9906E-09 3.9567E-09 3.9232E-09 3.8867E-09 3.8516E-09 3.8160E-09 3.7778E-09 3.7419E-09 3.7008E-09 3.7036E-09 3.6945E-09 3.7097E-09 3.7223E-09 3.7634E-09 3.8002E-09 3.8546E-09 3.9246E-09 3.9772E-09 4.0648E-09 4.1302E-09 4.2242E-09 4.2998E-09 4.4042E-09 4.4903E-09 4.6074E-09 4.7070E-09 4.7969E-09 4.8989E-09 4.9724E-09 5.0374E-09 5.0811E-09
3.3540E-09 3.4612E-09 3.5683E-09 3.6613E-09 3.7468E-09 3.8242E-09 3.8936E-09 3.9528E-09 4.0039E-09 4.0513E-09 4.0937E-09 4.1303E-09 4.1632E-09 4.1922E-09 4.2123E-09 4.2298E-09 4.2405E-09 4.2461E-09 4.2460E-09 4.2414E-09 4.2268E-09 4.2081E-09 4.1862E-09 4.1560E-09 4.1263E-09 4.0974E-09 4.0666E-09 4.0344E-09 4.0052E-09 3.9701E-09 3.9390E-09 3.9047E-09 3.8709E-09 3.8344E-09 3.8239E-09 3.8142E-09 3.8136E-09 3.8436E-09 3.8628E-09 3.9294E-09 3.9682E-09 4.0613E-09 4.1194E-09 4.1960E-09 4.2838E-09 4.3690E-09 4.4661E-09 4.5473E-09 4.6685E-09 4.7603E-09 4.8968E-09 5.0039E-09 5.1168E-09 5.2090E-09 5.2933E-09 5.3533E-09 5.3880E-09
3.3643E-09 3.4728E-09 3.5810E-09 3.6746E-09 3.7609E-09 3.8392E-09 3.9096E-09 3.9713E-09 4.0250E-09 4.0734E-09 4.1198E-09 4.1578E-09 4.1942E-09 4.2256E-09 4.2481E-09 4.2680E-09 4.2834E-09 4.2907E-09 4.2941E-09 4.2917E-09 4.2815E-09 4.2649E-09 4.2452E-09 4.2191E-09 4.1919E-09 4.1664E-09 4.1381E-09 4.1100E-09 4.0822E-09 4.0520E-09 4.0217E-09 3.9928E-09 3.9592E-09 3.9257E-09 3.9293E-09 3.9264E-09 3.9472E-09 3.9803E-09 4.0073E-09 4.0943E-09 4.1430E-09 4.2552E-09 4.3261E-09 4.4287E-09 4.5139E-09 4.6262E-09 4.7208E-09 4.8401E-09 4.9471E-09 5.0640E-09 5.2029E-09 5.3167E-09 5.4399E-09 5.5445E-09 5.6248E-09 5.6783E-09 5.7240E-09
3.3699E-09 3.4796E-09 3.5878E-09 3.6829E-09 3.7698E-09 3.8490E-09 3.9205E-09 3.9850E-09 4.0406E-09 4.0904E-09 4.1403E-09 4.1806E-09 4.2196E-09 4.2537E-09 4.2787E-09 4.3012E-09 4.3214E-09 4.3311E-09 4.3366E-09 4.3375E-09 4.3303E-09 4.3174E-09 4.2992E-09 4.2784E-09 4.2535E-09 4.2312E-09 4.2066E-09 4.1814E-09 4.1563E-09 4.1305E-09 4.1023E-09 4.0775E-09 4.0448E-09 4.0158E-09 4.0330E-09 4.0414E-09 4.0856E-09 4.1209E-09 4.1687E-09 4.2677E-09 4.3207E-09 4.4601E-09 4.5371E-09 4.6601E-09 4.7545E-09 4.8851E-09 4.9874E-09 5.1245E-09 5.2392E-09 5.3927E-09 5.5255E-09 5.6444E-09 5.7871E-09 5.8917E-09 5.9666E-09 6.0296E-09 6.0719E-09
3.3709E-09 3.4815E-09 3.5895E-09 3.6861E-09 3.7736E-09 3.8535E-09 3.9260E-09 3.9926E-09 4.0502E-09 4.1027E-09 4.1540E-09 4.1985E-09 4.2389E-09 4.2758E-09 4.3038E-09 4.3298E-09 4.3527E-09 4.3663E-09 4.3738E-09 4.3784E-09 4.3749E-09 4.3645E-09 4.3495E-09 4.3321E-09 4.3111E-09 4.2909E-09 4.2716E-09 4.2480E-09 4.2276E-09 4.2039E-09 4.1806E-09 4.1565E-09 4.1286E-09 4.1300E-09 4.1387E-09 4.1559E-09 4.2172E-09 4.2650E-09 4.3419E-09 4.4450E-09 4.5266E-09 4.6715E-09 4.7745E-09 4.9020E-09 5.0216E-09 5.1560E-09 5.2649E-09 5.4225E-09 5.5437E-09 5.7214E-09 5.8634E-09 6.0176E-09 6.1494E-09 6.2484E-09 6.3334E-09 6.3775E-09 6.4203E-09
3.3670E-09 3.4785E-09 3.5862E-09 3.6841E-09 3.7721E-09 3.8528E-09 3.9262E-09 3.9950E-09 4.0543E-09 4.1096E-09 4.1622E-09 4.2110E-09 4.2526E-09 4.2919E-09 4.3235E-09 4.3530E-09 4.3783E-09 4.3956E-09 4.4063E-09 4.4129E-09 4.4146E-09 4.4060E-09 4.3950E-09 4.3807E-09 4.3638E-09 4.3468E-09 4.3314E-09 4.3111E-09 4.2942E-09 4.2745E-09 4.2540E-09 4.2317E-09 4.2096E-09 4.2224E-09 4.2447E-09 4.2831E-09 4.3515E-09 4.4120E-09 4.5114E-09 4.6264E-09 4.7478E-09 4.8884E-09 5.0276E-09 5.1531E-09 5.3059E-09 5.4378E-09 5.5915E-09 5.7328E-09 5.8846E-09 6.0653E-09 6.2184E-09 6.3926E-09 6.5184E-09 6.6285E-09 6.6970E-09 6.7336E-09 6.7783E-09
3.3585E-09 3.4706E-09 3.5779E-09 3.6766E-09 3.7654E-09 3.8467E-09 3.9216E-09 3.9914E-09 4.0532E-09 4.1109E-09 4.1656E-09 4.2169E-09 4.2607E-09 4.3022E-09 4.3382E-09 4.3699E-09 4.3983E-09 4.4188E-09 4.4334E-09 4.4423E-09 4.4483E-09 4.4431E-09 4.4345E-09 4.4242E-09 4.4106E-09 4.3981E-09 4.3858E-09 4.3702E-09 4.3550E-09 4.3413E-09 4.3220E-09 4.3040E-09 4.2855E-09 4.3156E-09 4.3478E-09 4.4156E-09 4.4880E-09 4.5769E-09 4.6824E-09 4.8129E-09 4.9570E-09 5.1111E-09 5.2759E-09 5.4121E-09 5.5882E-09 5.7288E-09 5.9031E-09 6.0537E-09 6.2487E-09 6.4233E-09 6.5930E-09 6.7722E-09 6.9095E-09 7.0090E-09 7.0676E-09 7.1176E-09 7.1545E-09
3.3451E-09 3.4578E-09 3.5646E-09 3.6632E-09 3.7533E-09 3.8352E-09 3.9117E-09 3.9820E-09 4.0470E-09 4.1059E-09 4.1635E-09 4.2170E-09 4.2630E-09 4.3068E-09 4.3472E-09 4.3810E-09 4.4125E-09 4.4370E-09 4.4541E-09 4.4664E-09 4.4744E-09 4.4746E-09 4.4682E-09 4.4623E-09 4.4527E-09 4.4437E-09 4.4346E-09 4.4241E-09 4.4120E-09 4.4024E-09 4.3853E-09 4.3722E-09 4.3716E-09 4.4078E-09 4.4490E-09 4.5396E-09 4.6261E-09 4.7492E-09 4.8571E-09 5.0226E-09 5.1716E-09 5.3578E-09 5.5314E-09 5.6768E-09 5.8793E-09 6.0266E-09 6.2244E-09 6.3828E-09 6.6064E-09 6.8008E-09 7.0024E-09 7.1694E-09 7.3061E-09 7.3933E-09 7.4427E-09 7.4994E-09 7.5444E-09
