Assets/Resources/2015_m01_d12_1600(utc+0800)_l00_csi_1hr_conc.grd
DSAA
         159         159
     -79.000      79.000
     -79.000      79.000
  0.0000E+00  0.3915E-05
[rows 50 to 74 of 159, columns 0 to 56 of 159]
3.7535E-09 4.0237E-09 4.2953E-09 4.5717E-09 4.8455E-09 5.1210E-09 5.3910E-09 5.6544E-09 5.9113E-09 6.1574E-09 6.3955E-09 6.6204E-09 6.8369E-09 7.0427E-09 7.2416E-09 7.4313E-09 7.6204E-09 7.8023E-09 7.9865E-09 8.1706E-09 8.3606E-09 8.5559E-09 8.7582E-09 8.9690E-09 9.1870E-09 9.4114E-09 9.6374E-09 9.8640E-09 1.0085E-08 1.0299E-08 1.0502E-08 1.0693E-08 1.0871E-08 1.1032E-08 1.1182E-08 1.1318E-08 1.1443E-08 1.1556E-08 1.1660E-08 1.1761E-08 1.1856E-08 1.1947E-08 1.2030E-08 1.2105E-08 1.2158E-08 1.2189E-08 1.2192E-08 1.2161E-08 1.2096E-08 1.2000E-08 1.1862E-08 1.1681E-08 1.1463E-08 1.1203E-08 1.0896E-08 1.0542E-08 1.0143E-08
3.5183E-09 3.7693E-09 4.0215E-09 4.2772E-09 4.5311E-09 4.7868E-09 5.0379E-09 5.2815E-09 5.5197E-09 5.7479E-09 5.9682E-09 6.1760E-09 6.3766E-09 6.5670E-09 6.7512E-09 6.9270E-09 7.1028E-09 7.2721E-09 7.4438E-09 7.6157E-09 7.7942E-09 7.9782E-09 8.1682E-09 8.3687E-09 8.5761E-09 8.7907E-09 9.0085E-09 9.2289E-09 9.4466E-09 9.6609E-09 9.8686E-09 1.0070E-08 1.0264E-08 1.0448E-08 1.0628E-08 1.0802E-08 1.0971E-08 1.1136E-08 1.1301E-08 1.1469E-08 1.1637E-08 1.1808E-08 1.1977E-08 1.2142E-08 1.2291E-08 1.2423E-08 1.2529E-08 1.2608E-08 1.2657E-08 1.2672E-08 1.2644E-08 1.2578E-08 1.2470E-08 1.2315E-08 1.2110E-08 1.1858E-08 1.1539E-08
3.2726E-09 3.5034E-09 3.7352E-09 3.9694E-09 4.2033E-09 4.4379E-09 4.6680E-09 4.8908E-09 5.1094E-09 5.3185E-09 5.5196E-09 5.7093E-09 5.8926E-09 6.0662E-09 6.2344E-09 6.3945E-09 6.5555E-09 6.7097E-09 6.8672E-09 7.0244E-09 7.1889E-09 7.3577E-09 7.5337E-09 7.7194E-09 7.9122E-09 8.1128E-09 8.3174E-09 8.5266E-09 8.7353E-09 8.9440E-09 9.1500E-09 9.3555E-09 9.5573E-09 9.7560E-09 9.9590E-09 1.0162E-08 1.0367E-08 1.0576E-08 1.0793E-08 1.1020E-08 1.1254E-08 1.1499E-08 1.1748E-08 1.1998E-08 1.2242E-08 1.2473E-08 1.2683E-08 1.2877E-08 1.3042E-08 1.3178E-08 1.3276E-08 1.3340E-08 1.3359E-08 1.3333E-08 1.3259E-08 1.3129E-08 1.2923E-08
3.0205E-09 3.2310E-09 3.4418E-09 3.6549E-09 3.8674E-09 4.0795E-09 4.2880E-09 4.4898E-09 4.6889E-09 4.8775E-09 5.0588E-09 5.2293E-09 5.3951E-09 5.5510E-09 5.7019E-09 5.8455E-09 5.9900E-09 6.1281E-09 6.2698E-09 6.4107E-09 6.5591E-09 6.7108E-09 6.8703E-09 7.0376E-09 7.2134E-09 7.3963E-09 7.5836E-09 7.7773E-09 7.9717E-09 8.1696E-09 8.3676E-09 8.5711E-09 8.7744E-09 8.9792E-09 9.1961E-09 9.4194E-09 9.6511E-09 9.8947E-09 1.0154E-08 1.0431E-08 1.0720E-08 1.1029E-08 1.1347E-08 1.1676E-08 1.2007E-08 1.2330E-08 1.2643E-08 1.2951E-08 1.3228E-08 1.3493E-08 1.3720E-08 1.3923E-08 1.4083E-08 1.4206E-08 1.4284E-08 1.4298E-08 1.4248E-08
2.7662E-09 2.9562E-09 3.1461E-09 3.3382E-09 3.5275E-09 3.7188E-09 3.9057E-09 4.0871E-09 4.2640E-09 4.4329E-09 4.5932E-09 4.7461E-09 4.8927E-09 5.0314E-09 5.1644E-09 5.2913E-09 5.4177E-09 5.5399E-09 5.6637E-09 5.7883E-09 5.9189E-09 6.0527E-09 6.1933E-09 6.3412E-09 6.4968E-09 6.6593E-09 6.8264E-09 7.0008E-09 7.1776E-09 7.3601E-09 7.5451E-09 7.7403E-09 7.9383E-09 8.1431E-09 8.3647E-09 8.5984E-09 8.8484E-09 9.1154E-09 9.4052E-09 9.7188E-09 1.0052E-08 1.0412E-08 1.0788E-08 1.1183E-08 1.1587E-08 1.1993E-08 1.2401E-08 1.2810E-08 1.3200E-08 1.3588E-08 1.3945E-08 1.4290E-08 1.4601E-08 1.4883E-08 1.5125E-08 1.5312E-08 1.5439E-08
2.5137E-09 2.6833E-09 2.8528E-09 3.0240E-09 3.1925E-09 3.3613E-09 3.5272E-09 3.6871E-09 3.8434E-09 3.9917E-09 4.1334E-09 4.2675E-09 4.3954E-09 4.5162E-09 4.6316E-09 4.7412E-09 4.8505E-09 4.9559E-09 5.0621E-09 5.1701E-09 5.2819E-09 5.3974E-09 5.5177E-09 5.6458E-09 5.7800E-09 5.9207E-09 6.0653E-09 6.2184E-09 6.3745E-09 6.5380E-09 6.7066E-09 6.8880E-09 7.0747E-09 7.2734E-09 7.4918E-09 7.7278E-09 7.9853E-09 8.2656E-09 8.5741E-09 8.9107E-09 9.2744E-09 9.6700E-09 1.0089E-08 1.0535E-08 1.0998E-08 1.1474E-08 1.1962E-08 1.2458E-08 1.2951E-08 1.3450E-08 1.3929E-08 1.4413E-08 1.4873E-08 1.5320E-08 1.5730E-08 1.6109E-08 1.6426E-08
2.2659E-09 2.4155E-09 2.5661E-09 2.7169E-09 2.8652E-09 3.0131E-09 3.1579E-09 3.2974E-09 3.4340E-09 3.5626E-09 3.6851E-09 3.8006E-09 3.9097E-09 4.0147E-09 4.1123E-09 4.2055E-09 4.2980E-09 4.3867E-09 4.4767E-09 4.5672E-09 4.6607E-09 4.7578E-09 4.8578E-09 4.9655E-09 5.0780E-09 5.1964E-09 5.3178E-09 5.4483E-09 5.5821E-09 5.7245E-09 5.8736E-09 6.0371E-09 6.2082E-09 6.3948E-09 6.6043E-09 6.8344E-09 7.0902E-09 7.3737E-09 7.6877E-09 8.0352E-09 8.4140E-09 8.8300E-09 9.2769E-09 9.7552E-09 1.0261E-08 1.0788E-08 1.1336E-08 1.1905E-08 1.2480E-08 1.3078E-08 1.3663E-08 1.4276E-08 1.4871E-08 1.5474E-08 1.6058E-08 1.6625E-08 1.7142E-08
2.0255E-09 2.1577E-09 2.2894E-09 2.4209E-09 2.5502E-09 2.6784E-09 2.8019E-09 2.9223E-09 3.0394E-09 3.1497E-09 3.2538E-09 3.3520E-09 3.4455E-09 3.5325E-09 3.6151E-09 3.6921E-09 3.7688E-09 3.8410E-09 3.9161E-09 3.9885E-09 4.0659E-09 4.1438E-09 4.2262E-09 4.3131E-09 4.4052E-09 4.5016E-09 4.6004E-09 4.7081E-09 4.8184E-09 4.9389E-09 5.0671E-09 5.2099E-09 5.3623E-09 5.5332E-09 5.7282E-09 5.9456E-09 6.1918E-09 6.4681E-09 6.7768E-09 7.1222E-09 7.5017E-09 7.9241E-09 8.3806E-09 8.8745E-09 9.4035E-09 9.9623E-09 1.0550E-08 1.1171E-08 1.1807E-08 1.2480E-08 1.3152E-08 1.3870E-08 1.4586E-08 1.5327E-08 1.6072E-08 1.6818E-08 1.7532E-08
1.7967E-09 1.9111E-09 2.0241E-09 2.1386E-09 2.2506E-09 2.3607E-09 2.4667E-09 2.5676E-09 2.6672E-09 2.7609E-09 2.8476E-09 2.9298E-09 3.0057E-09 3.0781E-09 3.1451E-09 3.2081E-09 3.2696E-09 3.3287E-09 3.3873E-09 3.4453E-09 3.5062E-09 3.5673E-09 3.6317E-09 3.7000E-09 3.7714E-09 3.8475E-09 3.9244E-09 4.0090E-09 4.0981E-09 4.1972E-09 4.3035E-09 4.4245E-09 4.5570E-09 4.7089E-09 4.8853E-09 5.0849E-09 5.3149E-09 5.5749E-09 5.8694E-09 6.2017E-09 6.5702E-09 6.9837E-09 7.4331E-09 7.9266E-09 8.4586E-09 9.0283E-09 9.6355E-09 1.0283E-08 1.0958E-08 1.1677E-08 1.2414E-08 1.3206E-08 1.4017E-08 1.4873E-08 1.5755E-08 1.6656E-08 1.7554E-08
1.5804E-09 1.6782E-09 1.7765E-09 1.8742E-09 1.9695E-09 2.0623E-09 2.1514E-09 2.2364E-09 2.3184E-09 2.3954E-09 2.4668E-09 2.5335E-09 2.5951E-09 2.6539E-09 2.7087E-09 2.7590E-09 2.8067E-09 2.8522E-09 2.8970E-09 2.9420E-09 2.9869E-09 3.0338E-09 3.0821E-09 3.1330E-09 3.1870E-09 3.2429E-09 3.3009E-09 3.3660E-09 3.4345E-09 3.5117E-09 3.5966E-09 3.6965E-09 3.8092E-09 3.9405E-09 4.0957E-09 4.2737E-09 4.4824E-09 4.7203E-09 4.9925E-09 5.3019E-09 5.6486E-09 6.0406E-09 6.4699E-09 6.9451E-09 7.4629E-09 8.0247E-09 8.6292E-09 9.2795E-09 9.9670E-09 1.0708E-08 1.1477E-08 1.2316E-08 1.3188E-08 1.4123E-08 1.5105E-08 1.6129E-08 1.7186E-08
1.3785E-09 1.4616E-09 1.5447E-09 1.6269E-09 1.7069E-09 1.7852E-09 1.8606E-09 1.9312E-09 1.9977E-09 2.0590E-09 2.1170E-09 2.1710E-09 2.2215E-09 2.2665E-09 2.3088E-09 2.3471E-09 2.3830E-09 2.4167E-09 2.4495E-09 2.4830E-09 2.5152E-09 2.5493E-09 2.5828E-09 2.6191E-09 2.6554E-09 2.6957E-09 2.7363E-09 2.7827E-09 2.8318E-09 2.8906E-09 2.9565E-09 3.0367E-09 3.1302E-09 3.2397E-09 3.3725E-09 3.5274E-09 3.7108E-09 3.9227E-09 4.1674E-09 4.4473E-09 4.7635E-09 5.1240E-09 5.5213E-09 5.9666E-09 6.4546E-09 6.9896E-09 7.5708E-09 8.2037E-09 8.8762E-09 9.6122E-09 1.0381E-08 1.1235E-08 1.2134E-08 1.3110E-08 1.4151E-08 1.5257E-08 1.6420E-08
1.1929E-09 1.2632E-09 1.3318E-09 1.4002E-09 1.4679E-09 1.5324E-09 1.5940E-09 1.6520E-09 1.7056E-09 1.7547E-09 1.7991E-09 1.8414E-09 1.8803E-09 1.9145E-09 1.9453E-09 1.9753E-09 2.0003E-09 2.0249E-09 2.0485E-09 2.0706E-09 2.0927E-09 2.1140E-09 2.1367E-09 2.1588E-09 2.1824E-09 2.2078E-09 2.2347E-09 2.2651E-09 2.2998E-09 2.3419E-09 2.3901E-09 2.4518E-09 2.5269E-09 2.6161E-09 2.7260E-09 2.8574E-09 3.0143E-09 3.1977E-09 3.4108E-09 3.6572E-09 3.9373E-09 4.2588E-09 4.6174E-09 5.0208E-09 5.4672E-09 5.9635E-09 6.5041E-09 7.0986E-09 7.7332E-09 8.4393E-09 9.1817E-09 1.0016E-08 1.0906E-08 1.1879E-08 1.2943E-08 1.4068E-08 1.5295E-08
1.0238E-09 1.0816E-09 1.1395E-09 1.1950E-09 1.2505E-09 1.3033E-09 1.3538E-09 1.4012E-09 1.4438E-09 1.4830E-09 1.5158E-09 1.5444E-09 1.5740E-09 1.5997E-09 1.6216E-09 1.6432E-09 1.6618E-09 1.6782E-09 1.6932E-09 1.7068E-09 1.7191E-09 1.7312E-09 1.7427E-09 1.7557E-09 1.7689E-09 1.7824E-09 1.7974E-09 1.8154E-09 1.8352E-09 1.8621E-09 1.8963E-09 1.9429E-09 2.0009E-09 2.0736E-09 2.1618E-09 2.2691E-09 2.3997E-09 2.5541E-09 2.7339E-09 2.9449E-09 3.1866E-09 3.4669E-09 3.7814E-09 4.1347E-09 4.5341E-09 4.9781E-09 5.4645E-09 6.0029E-09 6.5870E-09 7.2394E-09 7.9309E-09 8.7194E-09 9.5603E-09 1.0504E-08 1.1522E-08 1.2631E-08 1.3879E-08
8.7195E-10 9.1924E-10 9.6547E-10 1.0109E-09 1.0544E-09 1.0977E-09 1.1388E-09 1.1763E-09 1.2103E-09 1.2401E-09 1.2660E-09 1.2872E-09 1.3034E-09 1.3202E-09 1.3364E-09 1.3515E-09 1.3647E-09 1.3742E-09 1.3816E-09 1.3878E-09 1.3937E-09 1.3980E-09 1.4039E-09 1.4080E-09 1.4124E-09 1.4165E-09 1.4225E-09 1.4297E-09 1.4407E-09 1.4563E-09 1.4790E-09 1.5121E-09 1.5551E-09 1.6101E-09 1.6785E-09 1.7624E-09 1.8678E-09 1.9951E-09 2.1439E-09 2.3202E-09 2.5245E-09 2.7613E-09 3.0292E-09 3.3330E-09 3.6777E-09 4.0618E-09 4.4861E-09 4.9593E-09 5.4798E-09 6.0607E-09 6.6846E-09 7.3970E-09 8.1727E-09 9.0304E-09 9.9812E-09 1.1041E-08 1.2216E-08
7.3572E-10 7.7368E-10 8.1102E-10 8.4710E-10 8.8209E-10 9.1550E-10 9.4874E-10 9.7805E-10 1.0049E-09 1.0275E-09 1.0473E-09 1.0623E-09 1.0731E-09 1.0810E-09 1.0858E-09 1.0949E-09 1.1023E-09 1.1083E-09 1.1112E-09 1.1139E-09 1.1144E-09 1.1148E-09 1.1138E-09 1.1115E-09 1.1095E-09 1.1068E-09 1.1056E-09 1.1048E-09 1.1089E-09 1.1154E-09 1.1290E-09 1.1491E-09 1.1797E-09 1.2190E-09 1.2731E-09 1.3380E-09 1.4218E-09 1.5246E-09 1.6453E-09 1.7867E-09 1.9543E-09 2.1507E-09 2.3722E-09 2.6247E-09 2.9112E-09 3.2354E-09 3.5957E-09 3.9996E-09 4.4455E-09 4.9475E-09 5.4870E-09 6.1164E-09 6.7889E-09 7.5478E-09 8.4086E-09 9.3490E-09 1.0426E-08
6.1521E-10 6.4581E-10 6.7478E-10 7.0353E-10 7.3098E-10 7.5748E-10 7.8218E-10 8.0497E-10 8.2522E-10 8.4293E-10 8.5742E-10 8.6801E-10 8.7478E-10 8.7868E-10 8.7920E-10 8.7742E-10 8.7618E-10 8.7889E-10 8.7864E-10 8.7587E-10 8.7275E-10 8.6963E-10 8.6642E-10 8.6215E-10 8.5545E-10 8.4818E-10 8.4285E-10 8.3903E-10 8.3639E-10 8.3746E-10 8.4213E-10 8.5366E-10 8.7211E-10 8.9882E-10 9.3822E-10 9.8995E-10 1.0539E-09 1.1340E-09 1.2299E-09 1.3420E-09 1.4746E-09 1.6331E-09 1.8131E-09 2.0181E-09 2.2503E-09 2.5178E-09 2.8106E-09 3.1431E-09 3.5110E-09 3.9314E-09 4.3853E-09 4.9094E-09 5.4761E-09 6.1339E-09 6.8564E-09 7.6672E-09 8.6213E-09
5.0947E-10 5.3368E-10 5.5703E-10 5.7834E-10 6.0058E-10 6.1990E-10 6.3847E-10 6.5572E-10 6.7000E-10 6.8322E-10 6.9419E-10 7.0122E-10 7.0623E-10 7.0684E-10 7.0491E-10 7.0104E-10 6.9383E-10 6.8564E-10 6.8311E-10 6.7843E-10 6.7067E-10 6.6315E-10 6.5482E-10 6.4500E-10 6.3687E-10 6.2857E-10 6.2276E-10 6.1643E-10 6.0902E-10 6.0726E-10 6.0860E-10 6.1452E-10 6.2565E-10 6.4545E-10 6.7391E-10 7.1441E-10 7.6195E-10 8.2153E-10 8.9566E-10 9.8219E-10 1.0858E-09 1.2074E-09 1.3489E-09 1.5125E-09 1.6939E-09 1.9060E-09 2.1383E-09 2.4009E-09 2.6998E-09 3.0366E-09 3.4045E-09 3.8241E-09 4.2914E-09 4.8187E-09 5.4110E-09 6.0865E-09 6.8608E-09
4.1903E-10 4.3679E-10 4.5439E-10 4.7229E-10 4.8735E-10 5.0309E-10 5.1636E-10 5.2775E-10 5.3909E-10 5.4693E-10 5.5482E-10 5.6014E-10 5.6228E-10 5.6185E-10 5.5826E-10 5.5239E-10 5.4432E-10 5.3470E-10 5.2314E-10 5.1313E-10 5.0709E-10 4.9648E-10 4.8331E-10 4.7054E-10 4.5762E-10 4.4528E-10 4.3463E-10 4.2354E-10 4.1881E-10 4.1580E-10 4.1704E-10 4.2207E-10 4.3252E-10 4.4521E-10 4.6246E-10 4.9159E-10 5.2667E-10 5.6929E-10 6.2745E-10 6.9334E-10 7.7369E-10 8.6560E-10 9.7547E-10 1.1010E-09 1.2426E-09 1.4043E-09 1.5824E-09 1.7841E-09 2.0127E-09 2.2676E-09 2.5535E-09 2.8831E-09 3.2489E-09 3.6610E-09 4.1317E-09 4.6459E-09 5.2614E-09
3.3825E-10 3.5445E-10 3.6790E-10 3.8027E-10 3.9268E-10 4.0318E-10 4.1284E-10 4.2137E-10 4.2766E-10 4.3285E-10 4.3668E-10 4.3926E-10 4.4041E-10 4.3896E-10 4.3506E-10 4.2837E-10 4.2050E-10 4.0993E-10 3.9800E-10 3.8465E-10 3.7006E-10 3.5918E-10 3.4497E-10 3.3045E-10 3.1619E-10 3.0247E-10 2.8810E-10 2.7772E-10 2.7081E-10 2.6561E-10 2.6467E-10 2.6452E-10 2.7042E-10 2.8006E-10 2.9503E-10 3.1412E-10 3.4217E-10 3.7598E-10 4.1829E-10 4.6848E-10 5.2607E-10 5.9650E-10 6.7729E-10 7.7290E-10 8.8234E-10 1.0015E-09 1.1365E-09 1.2850E-09 1.4539E-09 1.6403E-09 1.8462E-09 2.0907E-09 2.3637E-09 2.6870E-09 3.0323E-09 3.4124E-09 3.8804E-09
2.6773E-10 2.8011E-10 2.9298E-10 3.0333E-10 3.1185E-10 3.1926E-10 3.2626E-10 3.3121E-10 3.3416E-10 3.3660E-10 3.3694E-10 3.3550E-10 3.3371E-10 3.3010E-10 3.2636E-10 3.2014E-10 3.1164E-10 3.0229E-10 2.9213E-10 2.8062E-10 2.6696E-10 2.5244E-10 2.3852E-10 2.2497E-10 2.1017E-10 1.9554E-10 1.8216E-10 1.7141E-10 1.6251E-10 1.5572E-10 1.5194E-10 1.5136E-10 1.5255E-10 1.5537E-10 1.6244E-10 1.7516E-10 1.9519E-10 2.1640E-10 2.5177E-10 2.9504E-10 3.4214E-10 3.9620E-10 4.5422E-10 5.2564E-10 6.0496E-10 6.9199E-10 7.8961E-10 8.9516E-10 1.0141E-09 1.1482E-09 1.2936E-09 1.4642E-09 1.6440E-09 1.8556E-09 2.1093E-09 2.3924E-09 2.7264E-09
2.0864E-10 2.1727E-10 2.2570E-10 2.3476E-10 2.4145E-10 2.4744E-10 2.5029E-10 2.5245E-10 2.5408E-10 2.5202E-10 2.4993E-10 2.4799E-10 2.4316E-10 2.3955E-10 2.3448E-10 2.2902E-10 2.2415E-10 2.1590E-10 2.0688E-10 1.9696E-10 1.8535E-10 1.7277E-10 1.5937E-10 1.4612E-10 1.3431E-10 1.2248E-10 1.1067E-10 9.9128E-11 8.8362E-11 8.0408E-11 7.4399E-11 7.1061E-11 6.9022E-11 6.9027E-11 7.4621E-11 7.9271E-11 9.0301E-11 1.0617E-10 1.2700E-10 1.5400E-10 1.8951E-10 2.3115E-10 2.7252E-10 3.2204E-10 3.7923E-10 4.4111E-10 5.1641E-10 5.9307E-10 6.7862E-10 7.6771E-10 8.6886E-10 9.8347E-10 1.1036E-09 1.2445E-09 1.4011E-09 1.5798E-09 1.7863E-09
1.5918E-10 1.6550E-10 1.7016E-10 1.7434E-10 1.7892E-10 1.8119E-10 1.8327E-10 1.8432E-10 1.8198E-10 1.8123E-10 1.7839E-10 1.7419E-10 1.7132E-10 1.6618E-10 1.6047E-10 1.5596E-10 1.4933E-10 1.4474E-10 1.3769E-10 1.2906E-10 1.2001E-10 1.0946E-10 9.9739E-11 9.0368E-11 8.0397E-11 7.1134E-11 6.2835E-11 5.4201E-11 4.6539E-11 3.9438E-11 3.1585E-11 2.4227E-11 1.6946E-11 1.5301E-11 1.8209E-11 2.1030E-11 2.8659E-11 3.8420E-11 5.0820E-11 6.6526E-11 8.3673E-11 1.1108E-10 1.4098E-10 1.7488E-10 2.1241E-10 2.5100E-10 3.0013E-10 3.5400E-10 4.1546E-10 4.7971E-10 5.4567E-10 6.1485E-10 6.9894E-10 7.8251E-10 8.7375E-10 9.8760E-10 1.1095E-09
1.1991E-10 1.2085E-10 1.2319E-10 1.2505E-10 1.2593E-10 1.2733E-10 1.2778E-10 1.2700E-10 1.2708E-10 1.2457E-10 1.2141E-10 1.1856E-10 1.1380E-10 1.0888E-10 1.0437E-10 9.8121E-11 9.3505E-11 8.7690E-11 8.2166E-11 7.6230E-11 6.9601E-11 6.2077E-11 5.5469E-11 4.9597E-11 4.3637E-11 3.7060E-11 3.0486E-11 2.4064E-11 1.8611E-11 1.3707E-11 9.2595E-12 5.8497E-12 2.5308E-12 1.1671E-12 4.3647E-13 8.0770E-13 1.3641E-12 2.0750E-12 7.8153E-12 1.3343E-11 2.2310E-11 3.7630E-11 4.9766E-11 7.5156E-11 9.7988E-11 1.2635E-10 1.5691E-10 1.8837E-10 2.2569E-10 2.7228E-10 3.1582E-10 3.6144E-10 4.0650E-10 4.5008E-10 5.1481E-10 5.7040E-10 6.4146E-10
8.9325E-11 8.8356E-11 8.7218E-11 8.6686E-11 8.7037E-11 8.6302E-11 8.4818E-11 8.4164E-11 8.2280E-11 8.0552E-11 7.8236E-11 7.4049E-11 7.0022E-11 6.6047E-11 6.0530E-11 5.6031E-11 5.1119E-11 4.6300E-11 4.2201E-11 3.6871E-11 3.2267E-11 2.7858E-11 2.4172E-11 2.0743E-11 1.7344E-11 1.3099E-11 9.1342E-12 6.7134E-12 5.0371E-12 3.5072E-12 2.1145E-12 1.0351E-12 4.5113E-13 1.2711E-13 0.0000E+00 0.0000E+00 0.0000E+00 0.0000E+00 0.0000E+00 0.0000E+00 0.0000E+00 0.0000E+00 4.8124E-12 1.5228E-11 2.7644E-11 4.2332E-11 6.4555E-11 7.9929E-11 1.0391E-10 1.2740E-10 1.5350E-10 1.8654E-10 2.1642E-10 2.4365E-10 2.6752E-10 3.0176E-10 3.3815E-10
6.4844E-11 6.3847E-11 6.2452E-11 6.0645E-11 5.8735E-11 5.7200E-11 5.4940E-11 5.2275E-11 4.9944E-11 4.7484E-11 4.4436E-11 4.1242E-11 3.7308E-11 3.3244E-11 2.9168E-11 2.5230E-11 2.1600E-11 1.8454E-11 1.4877E-11 1.1811E-11 9.1504E-12 8.3564E-12 7.5364E-12 6.6995E-12 5.7602E-12 4.5364E-12 3.2915E-12 2.2156E-12 1.3313E-12 6.8712E-13 2.4614E-13 2.9296E-14 0.0000E+00 0.0000E+00 0.0000E+00 0.0000E+00 0.0000E+00 0.0000E+00 0.0000E+00 0.0000E+00 0.0000E+00 0.0000E+00 0.0000E+00 0.0000E+00 6.9579E-13 1.5767E-12 8.2988E-12 1.5983E-11 3.1052E-11 4.2707E-11 5.5206E-11 7.3352E-11 8.7601E-11 1.0883E-10 1.2269E-10 1.3543E-10 1.4693E-10
