Assets/Resources/2015_m01_d28_0000(utc+0800)_l00_csi_1hr_conc.grd
DSAA
         159         159
     -79.000      79.000
     -79.000      79.000
  0.0000E+00  0.2579E-05
[rows 0 to 24 of 159, columns 57 to 113 of 159]
6.2313E-09 6.7553E-09 7.2623E-09 7.7456E-09 8.1938E-09 8.5931E-09 8.9329E-09 9.2025E-09 9.3905E-09 9.4910E-09 9.5013E-09 9.4153E-09 9.2369E-09 8.9690E-09 8.6173E-09 8.1892E-09 7.6973E-09 7.1548E-09 6.5744E-09 5.9712E-09 5.3601E-09 4.7543E-09 4.1656E-09 3.6045E-09 3.0792E-09 2.5969E-09 2.1634E-09 1.7784E-09 1.4422E-09 1.1566E-09 9.1283E-10 7.1013E-10 5.4512E-10 4.0886E-10 2.8668E-10 1.9041E-10 1.2219E-10 7.9640E-11 4.5802E-11 9.6791E-12 1.4556E-12 0.0000E+00 0.0000E+00 0.0000E+00 0.0000E+00 0.0000E+00 0.0000E+00 0.0000E+00 0.0000E+00 0.0000E+00 0.0000E+00 0.0000E+00 0.0000E+00 0.0000E+00 0.0000E+00 0.0000E+00 0.0000E+00
6.6141E-09 7.1881E-09 7.7516E-09 8.2903E-09 8.7909E-09 9.2397E-09 9.6215E-09 9.9280E-09 1.0149E-08 1.0275E-08 1.0300E-08 1.0220E-08 1.0037E-08 9.7526E-09 9.3737E-09 8.9109E-09 8.3768E-09 7.7844E-09 7.1509E-09 6.4918E-09 5.8230E-09 5.1598E-09 4.5161E-09 3.9034E-09 3.3314E-09 2.8058E-09 2.3326E-09 1.9152E-09 1.5517E-09 1.2396E-09 9.7776E-10 7.5930E-10 5.7868E-10 4.3496E-10 3.0236E-10 1.9569E-10 1.3032E-10 8.1244E-11 4.6534E-11 7.0660E-12 0.0000E+00 0.0000E+00 0.0000E+00 0.0000E+00 0.0000E+00 0.0000E+00 0.0000E+00 0.0000E+00 0.0000E+00 0.0000E+00 0.0000E+00 0.0000E+00 0.0000E+00 0.0000E+00 0.0000E+00 0.0000E+00 0.0000E+00
6.9801E-09 7.6098E-09 8.2280E-09 8.8217E-09 9.3749E-09 9.8750E-09 1.0308E-08 1.0660E-08 1.0917E-08 1.1071E-08 1.1113E-08 1.1041E-08 1.0853E-08 1.0556E-08 1.0153E-08 9.6553E-09 9.0780E-09 8.4372E-09 7.7481E-09 7.0298E-09 6.3018E-09 5.5792E-09 4.8777E-09 4.2106E-09 3.5882E-09 3.0193E-09 2.5066E-09 2.0542E-09 1.6610E-09 1.3257E-09 1.0433E-09 8.1057E-10 6.1779E-10 4.6299E-10 3.2489E-10 2.0963E-10 1.3538E-10 7.9095E-11 4.6404E-11 4.0784E-12 0.0000E+00 0.0000E+00 0.0000E+00 0.0000E+00 0.0000E+00 0.0000E+00 0.0000E+00 0.0000E+00 0.0000E+00 0.0000E+00 0.0000E+00 0.0000E+00 0.0000E+00 0.0000E+00 0.0000E+00 0.0000E+00 0.0000E+00
7.3237E-09 8.0077E-09 8.6810E-09 9.3327E-09 9.9461E-09 1.0505E-08 1.0990E-08 1.1387E-08 1.1685E-08 1.1870E-08 1.1933E-08 1.1872E-08 1.1685E-08 1.1372E-08 1.0945E-08 1.0415E-08 9.7949E-09 9.1029E-09 8.3594E-09 7.5830E-09 6.7936E-09 6.0097E-09 5.2491E-09 4.5268E-09 3.8521E-09 3.2356E-09 2.6837E-09 2.1968E-09 1.7743E-09 1.4134E-09 1.1108E-09 8.5972E-10 6.5610E-10 4.9046E-10 3.4529E-10 2.2471E-10 1.4054E-10 8.0422E-11 4.5234E-11 2.6436E-12 0.0000E+00 0.0000E+00 0.0000E+00 0.0000E+00 0.0000E+00 0.0000E+00 0.0000E+00 0.0000E+00 0.0000E+00 0.0000E+00 0.0000E+00 0.0000E+00 0.0000E+00 0.0000E+00 0.0000E+00 0.0000E+00 0.0000E+00
7.6353E-09 8.3724E-09 9.1053E-09 9.8175E-09 1.0490E-08 1.1103E-08 1.1643E-08 1.2090E-08 1.2429E-08 1.2647E-08 1.2735E-08 1.2686E-08 1.2499E-08 1.2179E-08 1.1732E-08 1.1169E-08 1.0509E-08 9.7699E-09 8.9703E-09 8.1342E-09 7.2834E-09 6.4404E-09 5.6211E-09 4.8438E-09 4.1203E-09 3.4572E-09 2.8624E-09 2.3398E-09 1.8867E-09 1.5007E-09 1.1784E-09 9.1189E-10 6.9380E-10 5.1650E-10 3.6086E-10 2.3493E-10 1.4432E-10 7.7916E-11 4.2411E-11 3.0997E-12 0.0000E+00 0.0000E+00 0.0000E+00 0.0000E+00 0.0000E+00 0.0000E+00 0.0000E+00 0.0000E+00 0.0000E+00 0.0000E+00 0.0000E+00 0.0000E+00 0.0000E+00 0.0000E+00 0.0000E+00 0.0000E+00 0.0000E+00
7.9079E-09 8.7013E-09 9.4917E-09 1.0260E-08 1.0992E-08 1.1667E-08 1.2264E-08 1.2766E-08 1.3154E-08 1.3411E-08 1.3526E-08 1.3497E-08 1.3318E-08 1.2989E-08 1.2525E-08 1.1935E-08 1.1235E-08 1.0446E-08 9.5927E-09 8.6989E-09 7.7879E-09 6.8814E-09 6.0027E-09 5.1672E-09 4.3884E-09 3.6787E-09 3.0426E-09 2.4836E-09 2.0008E-09 1.5894E-09 1.2444E-09 9.6110E-10 7.3128E-10 5.4090E-10 3.8190E-10 2.4777E-10 1.4406E-10 7.3562E-11 4.2445E-11 3.4269E-12 0.0000E+00 0.0000E+00 0.0000E+00 0.0000E+00 0.0000E+00 0.0000E+00 0.0000E+00 0.0000E+00 0.0000E+00 0.0000E+00 0.0000E+00 0.0000E+00 0.0000E+00 0.0000E+00 0.0000E+00 0.0000E+00 0.0000E+00
8.1380E-09 8.9809E-09 9.8246E-09 1.0655E-08 1.1449E-08 1.2185E-08 1.2842E-08 1.3398E-08 1.3830E-08 1.4128E-08 1.4278E-08 1.4267E-08 1.4096E-08 1.3769E-08 1.3290E-08 1.2672E-08 1.1936E-08 1.1104E-08 1.0198E-08 9.2467E-09 8.2768E-09 7.3118E-09 6.3734E-09 5.4843E-09 4.6570E-09 3.8994E-09 3.2226E-09 2.6259E-09 2.1110E-09 1.6744E-09 1.3107E-09 1.0096E-09 7.6529E-10 5.6688E-10 3.9561E-10 2.5717E-10 1.4351E-10 7.0450E-11 4.2108E-11 3.8040E-12 0.0000E+00 0.0000E+00 0.0000E+00 0.0000E+00 0.0000E+00 0.0000E+00 0.0000E+00 0.0000E+00 0.0000E+00 0.0000E+00 0.0000E+00 0.0000E+00 0.0000E+00 0.0000E+00 0.0000E+00 0.0000E+00 0.0000E+00
8.3117E-09 9.2050E-09 1.0107E-08 1.0995E-08 1.1849E-08 1.2644E-08 1.3360E-08 1.3973E-08 1.4463E-08 1.4809E-08 1.4994E-08 1.5014E-08 1.4858E-08 1.4530E-08 1.4040E-08 1.3402E-08 1.2633E-08 1.1758E-08 1.0804E-08 9.7985E-09 8.7700E-09 7.7461E-09 6.7505E-09 5.8023E-09 4.9203E-09 4.1155E-09 3.3963E-09 2.7667E-09 2.2222E-09 1.7585E-09 1.3718E-09 1.0555E-09 7.9778E-10 5.8696E-10 4.1262E-10 2.6331E-10 1.4133E-10 6.7492E-11 4.1556E-11 4.0362E-12 0.0000E+00 0.0000E+00 0.0000E+00 0.0000E+00 0.0000E+00 0.0000E+00 0.0000E+00 0.0000E+00 0.0000E+00 0.0000E+00 0.0000E+00 0.0000E+00 0.0000E+00 0.0000E+00 0.0000E+00 0.0000E+00 0.0000E+00
8.4307E-09 9.3715E-09 1.0324E-08 1.1267E-08 1.2179E-08 1.3038E-08 1.3819E-08 1.4492E-08 1.5032E-08 1.5425E-08 1.5653E-08 1.5700E-08 1.5564E-08 1.5246E-08 1.4750E-08 1.4092E-08 1.3294E-08 1.2382E-08 1.1380E-08 1.0324E-08 9.2419E-09 8.1600E-09 7.1091E-09 6.1102E-09 5.1797E-09 4.3308E-09 3.5696E-09 2.8999E-09 2.3244E-09 1.8369E-09 1.4315E-09 1.0970E-09 8.2757E-10 6.0516E-10 4.2343E-10 2.6608E-10 1.4053E-10 6.6983E-11 3.9819E-11 4.1136E-12 0.0000E+00 0.0000E+00 0.0000E+00 0.0000E+00 0.0000E+00 0.0000E+00 0.0000E+00 0.0000E+00 0.0000E+00 0.0000E+00 0.0000E+00 0.0000E+00 0.0000E+00 0.0000E+00 0.0000E+00 0.0000E+00 0.0000E+00
8.4905E-09 9.4735E-09 1.0471E-08 1.1468E-08 1.2441E-08 1.3359E-08 1.4196E-08 1.4929E-08 1.5533E-08 1.5977E-08 1.6249E-08 1.6332E-08 1.6218E-08 1.5909E-08 1.5415E-08 1.4748E-08 1.3927E-08 1.2981E-08 1.1940E-08 1.0835E-08 9.6998E-09 8.5670E-09 7.4613E-09 6.4091E-09 5.4279E-09 4.5311E-09 3.7327E-09 3.0321E-09 2.4248E-09 1.9109E-09 1.4842E-09 1.1352E-09 8.4784E-10 6.1844E-10 4.2735E-10 2.7164E-10 1.4280E-10 6.6706E-11 3.7873E-11 4.1236E-12 0.0000E+00 0.0000E+00 0.0000E+00 0.0000E+00 0.0000E+00 0.0000E+00 0.0000E+00 0.0000E+00 0.0000E+00 0.0000E+00 0.0000E+00 0.0000E+00 0.0000E+00 0.0000E+00 0.0000E+00 0.0000E+00 0.0000E+00
8.4855E-09 9.5023E-09 1.0547E-08 1.1596E-08 1.2620E-08 1.3596E-08 1.4498E-08 1.5292E-08 1.5950E-08 1.6450E-08 1.6771E-08 1.6894E-08 1.6812E-08 1.6524E-08 1.6033E-08 1.5357E-08 1.4519E-08 1.3546E-08 1.2468E-08 1.1321E-08 1.0138E-08 8.9525E-09 7.7970E-09 6.6949E-09 5.6684E-09 4.7309E-09 3.8881E-09 3.1485E-09 2.5153E-09 1.9776E-09 1.5323E-09 1.1671E-09 8.6836E-10 6.2457E-10 4.3401E-10 2.6907E-10 1.4361E-10 6.7275E-11 3.5095E-11 3.7866E-12 0.0000E+00 0.0000E+00 0.0000E+00 0.0000E+00 0.0000E+00 0.0000E+00 0.0000E+00 0.0000E+00 0.0000E+00 0.0000E+00 0.0000E+00 0.0000E+00 0.0000E+00 0.0000E+00 0.0000E+00 0.0000E+00 0.0000E+00
8.4149E-09 9.4667E-09 1.0548E-08 1.1638E-08 1.2714E-08 1.3747E-08 1.4707E-08 1.5563E-08 1.6284E-08 1.6840E-08 1.7210E-08 1.7376E-08 1.7325E-08 1.7060E-08 1.6585E-08 1.5912E-08 1.5063E-08 1.4068E-08 1.2959E-08 1.1773E-08 1.0549E-08 9.3187E-09 8.1141E-09 6.9655E-09 5.8912E-09 4.9100E-09 4.0353E-09 3.2657E-09 2.5996E-09 2.0389E-09 1.5732E-09 1.1911E-09 8.7888E-10 6.3129E-10 4.3869E-10 2.7141E-10 1.4412E-10 6.2958E-11 3.1554E-11 3.1745E-12 0.0000E+00 0.0000E+00 0.0000E+00 0.0000E+00 0.0000E+00 0.0000E+00 0.0000E+00 0.0000E+00 0.0000E+00 0.0000E+00 0.0000E+00 0.0000E+00 0.0000E+00 0.0000E+00 0.0000E+00 0.0000E+00 0.0000E+00
8.2862E-09 9.3609E-09 1.0472E-08 1.1603E-08 1.2726E-08 1.3812E-08 1.4829E-08 1.5742E-08 1.6523E-08 1.7142E-08 1.7571E-08 1.7788E-08 1.7783E-08 1.7551E-08 1.7092E-08 1.6425E-08 1.5574E-08 1.4564E-08 1.3432E-08 1.2213E-08 1.0947E-08 9.6717E-09 8.4212E-09 7.2254E-09 6.1092E-09 5.0862E-09 4.1672E-09 3.3623E-09 2.6732E-09 2.0895E-09 1.6079E-09 1.2112E-09 8.8921E-10 6.3540E-10 4.3961E-10 2.7099E-10 1.4519E-10 6.1670E-11 2.7579E-11 2.4489E-12 0.0000E+00 0.0000E+00 0.0000E+00 0.0000E+00 0.0000E+00 0.0000E+00 0.0000E+00 0.0000E+00 0.0000E+00 0.0000E+00 0.0000E+00 0.0000E+00 0.0000E+00 0.0000E+00 0.0000E+00 0.0000E+00 0.0000E+00
8.0979E-09 9.1869E-09 1.0325E-08 1.1490E-08 1.2655E-08 1.3787E-08 1.4858E-08 1.5835E-08 1.6679E-08 1.7357E-08 1.7843E-08 1.8114E-08 1.8151E-08 1.7953E-08 1.7525E-08 1.6875E-08 1.6025E-08 1.5006E-08 1.3855E-08 1.2610E-08 1.1312E-08 9.9979E-09 8.7051E-09 7.4644E-09 6.3021E-09 5.2385E-09 4.2906E-09 3.4573E-09 2.7378E-09 2.1358E-09 1.6333E-09 1.2219E-09 8.9157E-10 6.3731E-10 4.4211E-10 2.6478E-10 1.4494E-10 6.0630E-11 2.3420E-11 1.6724E-12 0.0000E+00 0.0000E+00 0.0000E+00 0.0000E+00 0.0000E+00 0.0000E+00 0.0000E+00 0.0000E+00 0.0000E+00 0.0000E+00 0.0000E+00 0.0000E+00 0.0000E+00 0.0000E+00 0.0000E+00 0.0000E+00 0.0000E+00
7.8525E-09 8.9545E-09 1.0112E-08 1.1303E-08 1.2501E-08 1.3680E-08 1.4805E-08 1.5836E-08 1.6738E-08 1.7480E-08 1.8027E-08 1.8358E-08 1.8451E-08 1.8300E-08 1.7904E-08 1.7276E-08 1.6438E-08 1.5420E-08 1.4257E-08 1.2988E-08 1.1655E-08 1.0304E-08 8.9704E-09 7.6889E-09 6.4879E-09 5.3861E-09 4.3967E-09 3.5325E-09 2.7936E-09 2.1668E-09 1.6513E-09 1.2305E-09 8.9325E-10 6.3601E-10 4.3907E-10 2.5568E-10 1.4288E-10 5.5119E-11 1.9165E-11 8.6136E-13 0.0000E+00 0.0000E+00 0.0000E+00 0.0000E+00 0.0000E+00 0.0000E+00 0.0000E+00 0.0000E+00 0.0000E+00 0.0000E+00 0.0000E+00 0.0000E+00 0.0000E+00 0.0000E+00 0.0000E+00 0.0000E+00 0.0000E+00
7.5585E-09 8.6648E-09 9.8317E-09 1.1043E-08 1.2276E-08 1.3493E-08 1.4661E-08 1.5747E-08 1.6711E-08 1.7518E-08 1.8132E-08 1.8523E-08 1.8672E-08 1.8568E-08 1.8215E-08 1.7617E-08 1.6798E-08 1.5785E-08 1.4614E-08 1.3328E-08 1.1970E-08 1.0585E-08 9.2122E-09 7.8907E-09 6.6477E-09 5.5086E-09 4.4926E-09 3.6020E-09 2.8351E-09 2.1940E-09 1.6615E-09 1.2296E-09 8.8901E-10 6.3143E-10 4.3112E-10 2.4436E-10 1.3844E-10 5.2331E-11 1.4956E-11 3.1713E-13 0.0000E+00 0.0000E+00 0.0000E+00 0.0000E+00 0.0000E+00 0.0000E+00 0.0000E+00 0.0000E+00 0.0000E+00 0.0000E+00 0.0000E+00 0.0000E+00 0.0000E+00 0.0000E+00 0.0000E+00 0.0000E+00 0.0000E+00
7.2244E-09 8.3238E-09 9.4964E-09 1.0722E-08 1.1974E-08 1.3224E-08 1.4438E-08 1.5577E-08 1.6602E-08 1.7470E-08 1.8147E-08 1.8605E-08 1.8820E-08 1.8777E-08 1.8471E-08 1.7910E-08 1.7114E-08 1.6111E-08 1.4939E-08 1.3639E-08 1.2257E-08 1.0839E-08 9.4310E-09 8.0719E-09 6.7961E-09 5.6239E-09 4.5716E-09 3.6525E-09 2.8672E-09 2.2037E-09 1.6625E-09 1.2265E-09 8.8509E-10 6.2367E-10 4.2124E-10 2.3263E-10 1.3157E-10 4.3983E-11 1.0777E-11 0.0000E+00 0.0000E+00 0.0000E+00 0.0000E+00 0.0000E+00 0.0000E+00 0.0000E+00 0.0000E+00 0.0000E+00 0.0000E+00 0.0000E+00 0.0000E+00 0.0000E+00 0.0000E+00 0.0000E+00 0.0000E+00 0.0000E+00 0.0000E+00
6.8502E-09 7.9387E-09 9.1086E-09 1.0341E-08 1.1611E-08 1.2888E-08 1.4140E-08 1.5328E-08 1.6408E-08 1.7344E-08 1.8095E-08 1.8624E-08 1.8907E-08 1.8925E-08 1.8673E-08 1.8157E-08 1.7391E-08 1.6405E-08 1.5233E-08 1.3922E-08 1.2522E-08 1.1077E-08 9.6346E-09 8.2372E-09 6.9207E-09 5.7135E-09 4.6380E-09 3.6959E-09 2.8857E-09 2.2114E-09 1.6567E-09 1.2159E-09 8.7351E-10 6.1100E-10 4.0458E-10 2.1880E-10 1.1868E-10 3.7637E-11 6.9304E-12 0.0000E+00 0.0000E+00 0.0000E+00 0.0000E+00 0.0000E+00 0.0000E+00 0.0000E+00 0.0000E+00 0.0000E+00 0.0000E+00 0.0000E+00 0.0000E+00 0.0000E+00 0.0000E+00 0.0000E+00 0.0000E+00 0.0000E+00 0.0000E+00
6.4486E-09 7.5219E-09 8.6830E-09 9.9106E-09 1.1191E-08 1.2493E-08 1.3777E-08 1.5010E-08 1.6149E-08 1.7147E-08 1.7966E-08 1.8570E-08 1.8925E-08 1.9013E-08 1.8821E-08 1.8351E-08 1.7618E-08 1.6652E-08 1.5489E-08 1.4173E-08 1.2754E-08 1.1284E-08 9.8124E-09 8.3845E-09 7.0382E-09 5.8005E-09 4.6889E-09 3.7197E-09 2.8950E-09 2.2036E-09 1.6463E-09 1.2046E-09 8.5967E-10 5.9670E-10 3.8172E-10 2.0419E-10 1.0793E-10 3.1634E-11 3.8757E-12 0.0000E+00 0.0000E+00 0.0000E+00 0.0000E+00 0.0000E+00 0.0000E+00 0.0000E+00 0.0000E+00 0.0000E+00 0.0000E+00 0.0000E+00 0.0000E+00 0.0000E+00 0.0000E+00 0.0000E+00 0.0000E+00 0.0000E+00 0.0000E+00
6.0316E-09 7.0777E-09 8.2177E-09 9.4436E-09 1.0729E-08 1.2043E-08 1.3357E-08 1.4632E-08 1.5824E-08 1.6888E-08 1.7780E-08 1.8457E-08 1.8888E-08 1.9047E-08 1.8922E-08 1.8510E-08 1.7824E-08 1.6886E-08 1.5734E-08 1.4414E-08 1.2980E-08 1.1485E-08 9.9809E-09 8.5184E-09 7.1347E-09 5.8628E-09 4.7277E-09 3.7384E-09 2.8931E-09 2.1957E-09 1.6304E-09 1.1855E-09 8.4237E-10 5.7518E-10 3.6326E-10 1.8178E-10 9.6245E-11 2.3225E-11 1.7355E-12 0.0000E+00 0.0000E+00 0.0000E+00 0.0000E+00 0.0000E+00 0.0000E+00 0.0000E+00 0.0000E+00 0.0000E+00 0.0000E+00 0.0000E+00 0.0000E+00 0.0000E+00 0.0000E+00 0.0000E+00 0.0000E+00 0.0000E+00 0.0000E+00
5.6022E-09 6.6204E-09 7.7398E-09 8.9476E-09 1.0226E-08 1.1553E-08 1.2892E-08 1.4204E-08 1.5444E-08 1.6568E-08 1.7532E-08 1.8290E-08 1.8804E-08 1.9042E-08 1.8985E-08 1.8627E-08 1.7983E-08 1.7075E-08 1.5942E-08 1.4625E-08 1.3181E-08 1.1664E-08 1.0133E-08 8.6392E-09 7.2266E-09 5.9237E-09 4.7570E-09 3.7424E-09 2.8850E-09 2.1761E-09 1.6083E-09 1.1648E-09 8.2186E-10 5.5586E-10 3.3296E-10 1.5897E-10 8.4257E-11 1.5390E-11 5.2307E-13 0.0000E+00 0.0000E+00 0.0000E+00 0.0000E+00 0.0000E+00 0.0000E+00 0.0000E+00 0.0000E+00 0.0000E+00 0.0000E+00 0.0000E+00 0.0000E+00 0.0000E+00 0.0000E+00 0.0000E+00 0.0000E+00 0.0000E+00 0.0000E+00
5.1674E-09 6.1497E-09 7.2412E-09 8.4287E-09 9.6995E-09 1.1030E-08 1.2383E-08 1.3727E-08 1.5019E-08 1.6206E-08 1.7241E-08 1.8074E-08 1.8666E-08 1.8984E-08 1.9005E-08 1.8719E-08 1.8130E-08 1.7259E-08 1.6143E-08 1.4828E-08 1.3376E-08 1.1840E-08 1.0279E-08 8.7488E-09 7.2976E-09 5.9641E-09 4.7784E-09 3.7469E-09 2.8721E-09 2.1571E-09 1.5847E-09 1.1375E-09 7.9502E-10 5.2550E-10 3.0326E-10 1.3285E-10 6.8024E-11 8.8161E-12 3.6913E-14 0.0000E+00 0.0000E+00 0.0000E+00 0.0000E+00 0.0000E+00 0.0000E+00 0.0000E+00 0.0000E+00 0.0000E+00 0.0000E+00 0.0000E+00 0.0000E+00 0.0000E+00 0.0000E+00 0.0000E+00 0.0000E+00 0.0000E+00 0.0000E+00
4.7365E-09 5.6795E-09 6.7355E-09 7.8974E-09 9.1511E-09 1.0475E-08 1.1842E-08 1.3215E-08 1.4547E-08 1.5791E-08 1.6897E-08 1.7814E-08 1.8493E-08 1.8897E-08 1.8995E-08 1.8776E-08 1.8239E-08 1.7411E-08 1.6322E-08 1.5017E-08 1.3556E-08 1.2001E-08 1.0414E-08 8.8541E-09 7.3732E-09 6.0092E-09 4.7914E-09 3.7374E-09 2.8534E-09 2.1273E-09 1.5515E-09 1.1073E-09 7.6604E-10 4.9738E-10 2.7174E-10 1.0940E-10 5.2509E-11 4.1963E-12 0.0000E+00 0.0000E+00 0.0000E+00 0.0000E+00 0.0000E+00 0.0000E+00 0.0000E+00 0.0000E+00 0.0000E+00 0.0000E+00 0.0000E+00 0.0000E+00 0.0000E+00 0.0000E+00 0.0000E+00 0.0000E+00 0.0000E+00 0.0000E+00 0.0000E+00
4.3102E-09 5.2068E-09 6.2211E-09 7.3495E-09 8.5853E-09 9.9016E-09 1.1274E-08 1.2666E-08 1.4036E-08 1.5336E-08 1.6513E-08 1.7509E-08 1.8272E-08 1.8761E-08 1.8946E-08 1.8805E-08 1.8336E-08 1.7556E-08 1.6495E-08 1.5201E-08 1.3734E-08 1.2160E-08 1.0544E-08 8.9500E-09 7.4333E-09 6.0383E-09 4.7971E-09 3.7280E-09 2.8275E-09 2.0965E-09 1.5177E-09 1.0689E-09 7.2664E-10 4.6200E-10 2.3286E-10 8.8773E-11 3.7953E-11 1.4053E-12 0.0000E+00 0.0000E+00 0.0000E+00 0.0000E+00 0.0000E+00 0.0000E+00 0.0000E+00 0.0000E+00 0.0000E+00 0.0000E+00 0.0000E+00 0.0000E+00 0.0000E+00 0.0000E+00 0.0000E+00 0.0000E+00 0.0000E+00 0.0000E+00 0.0000E+00
3.8928E-09 4.7415E-09 5.7120E-09 6.8032E-09 8.0043E-09 9.3023E-09 1.0675E-08 1.2084E-08 1.3491E-08 1.4841E-08 1.6081E-08 1.7156E-08 1.8013E-08 1.8598E-08 1.8874E-08 1.8814E-08 1.8411E-08 1.7681E-08 1.6654E-08 1.5376E-08 1.3905E-08 1.2313E-08 1.0669E-08 9.0458E-09 7.4981E-09 6.0707E-09 4.8008E-09 3.7078E-09 2.7972E-09 2.0571E-09 1.4771E-09 1.0312E-09 6.8982E-10 4.2415E-10 1.9562E-10 6.9249E-11 2.4847E-11 6.0249E-14 0.0000E+00 0.0000E+00 0.0000E+00 0.0000E+00 0.0000E+00 0.0000E+00 0.0000E+00 0.0000E+00 0.0000E+00 0.0000E+00 0.0000E+00 0.0000E+00 0.0000E+00 0.0000E+00 0.0000E+00 0.0000E+00 0.0000E+00 0.0000E+00 0.0000E+00
