Assets/Resources/2015_m01_d25_2300(utc+0800)_l00_csi_1hr_conc.grd
DSAA
         159         159
     -79.000      79.000
     -79.000      79.000
  0.0000E+00  0.6581E-05
[rows 100 to 124 of 159, columns 57 to 113 of 159]
1.9495E-09 2.1747E-09 2.4143E-09 2.6736E-09 2.9652E-09 3.2988E-09 3.7240E-09 4.0970E-09 4.4947E-09 4.9161E-09 5.3602E-09 5.8259E-09 6.3626E-09 6.9226E-09 7.4612E-09 8.0619E-09 8.6316E-09 9.2565E-09 9.8316E-09 1.0393E-08 1.0934E-08 1.1453E-08 1.1942E-08 1.2398E-08 1.2812E-08 1.3171E-08 1.3420E-08 1.3629E-08 1.3884E-08 1.4074E-08 1.4199E-08 1.4259E-08 1.4254E-08 1.4187E-08 1.4061E-08 1.3877E-08 1.3643E-08 1.3364E-08 1.3044E-08 1.2687E-08 1.2300E-08 1.1884E-08 1.1438E-08 1.0970E-08 1.0481E-08 9.9849E-09 9.4823E-09 8.9815E-09 8.3525E-09 7.8852E-09 7.4322E-09 6.8714E-09 6.4618E-09 6.0803E-09 5.6019E-09 5.2608E-09 4.9437E-09
1.8473E-09 2.0678E-09 2.2961E-09 2.5410E-09 2.8048E-09 3.1003E-09 3.4995E-09 3.8634E-09 4.2337E-09 4.6254E-09 5.0378E-09 5.4698E-09 5.9197E-09 6.3864E-09 6.9203E-09 7.4667E-09 7.9803E-09 8.5460E-09 9.1109E-09 9.6246E-09 1.0122E-08 1.0599E-08 1.1049E-08 1.1466E-08 1.1845E-08 1.2181E-08 1.2415E-08 1.2595E-08 1.2823E-08 1.2997E-08 1.3117E-08 1.3180E-08 1.3186E-08 1.3136E-08 1.3034E-08 1.2879E-08 1.2677E-08 1.2433E-08 1.2148E-08 1.1832E-08 1.1486E-08 1.1113E-08 1.0712E-08 1.0291E-08 9.8482E-09 9.3962E-09 8.9368E-09 8.3433E-09 7.9029E-09 7.4713E-09 6.9271E-09 6.5296E-09 6.1566E-09 5.6864E-09 5.3511E-09 5.0357E-09 4.6377E-09
1.7495E-09 1.9554E-09 2.1771E-09 2.4083E-09 2.6563E-09 2.9225E-09 3.2190E-09 3.6191E-09 3.9784E-09 4.3417E-09 4.7238E-09 5.1237E-09 5.5397E-09 5.9705E-09 6.4142E-09 6.8666E-09 7.3771E-09 7.8898E-09 8.3596E-09 8.8686E-09 9.3200E-09 9.8020E-09 1.0214E-08 1.0597E-08 1.0944E-08 1.1253E-08 1.1478E-08 1.1647E-08 1.1838E-08 1.1997E-08 1.2109E-08 1.2172E-08 1.2185E-08 1.2149E-08 1.2067E-08 1.1936E-08 1.1763E-08 1.1549E-08 1.1299E-08 1.1019E-08 1.0710E-08 1.0376E-08 1.0018E-08 9.6369E-09 9.2378E-09 8.8280E-09 8.2768E-09 7.8700E-09 7.4653E-09 6.9436E-09 6.5627E-09 6.2024E-09 5.7428E-09 5.4159E-09 5.1060E-09 4.7132E-09 4.4384E-09
1.6524E-09 1.8429E-09 2.0535E-09 2.2758E-09 2.5087E-09 2.7581E-09 3.0239E-09 3.3730E-09 3.7152E-09 4.0658E-09 4.4191E-09 4.7884E-09 5.1721E-09 5.5700E-09 5.9797E-09 6.3971E-09 6.8191E-09 7.2422E-09 7.7114E-09 8.1297E-09 8.5842E-09 8.9764E-09 9.3944E-09 9.7408E-09 1.0056E-08 1.0388E-08 1.0605E-08 1.0763E-08 1.0924E-08 1.1069E-08 1.1172E-08 1.1233E-08 1.1251E-08 1.1225E-08 1.1159E-08 1.1050E-08 1.0901E-08 1.0715E-08 1.0496E-08 1.0249E-08 9.9724E-09 9.6754E-09 9.3553E-09 9.0118E-09 8.5125E-09 8.1525E-09 7.7828E-09 7.4121E-09 6.9176E-09 6.5592E-09 6.2154E-09 5.7698E-09 5.4541E-09 5.1520E-09 4.7671E-09 4.4986E-09 4.2460E-09
1.5589E-09 1.7373E-09 1.9290E-09 2.1404E-09 2.3628E-09 2.5959E-09 2.8439E-09 3.1300E-09 3.4521E-09 3.7849E-09 4.1245E-09 4.4649E-09 4.8193E-09 5.1866E-09 5.5643E-09 5.9492E-09 6.3366E-09 6.7260E-09 7.1132E-09 7.4949E-09 7.8656E-09 8.2197E-09 8.5544E-09 8.8648E-09 9.1996E-09 9.4543E-09 9.6574E-09 9.8033E-09 1.0078E-08 1.0208E-08 1.0303E-08 1.0360E-08 1.0380E-08 1.0363E-08 1.0310E-08 1.0218E-08 1.0092E-08 9.9304E-09 9.7389E-09 9.5200E-09 9.2759E-09 9.0110E-09 8.7257E-09 8.2840E-09 7.9705E-09 7.6435E-09 7.1828E-09 6.8472E-09 6.5164E-09 6.1932E-09 5.7651E-09 5.4630E-09 5.1722E-09 4.7964E-09 4.5367E-09 4.2889E-09 4.0584E-09
1.4642E-09 1.6309E-09 1.8130E-09 2.0040E-09 2.2155E-09 2.4363E-09 2.6676E-09 2.9127E-09 3.1936E-09 3.5070E-09 3.8283E-09 4.1550E-09 4.4820E-09 4.8211E-09 5.1694E-09 5.5230E-09 5.8786E-09 6.2350E-09 6.5895E-09 6.9403E-09 7.2816E-09 7.6084E-09 7.9169E-09 8.2037E-09 8.4662E-09 8.7013E-09 8.8966E-09 9.0359E-09 9.1423E-09 9.3652E-09 9.4960E-09 9.5502E-09 9.5712E-09 9.5599E-09 9.5165E-09 9.4409E-09 9.3329E-09 9.1931E-09 9.0267E-09 8.8340E-09 8.6179E-09 8.2574E-09 8.0042E-09 7.7362E-09 7.4546E-09 7.0369E-09 6.7340E-09 6.4361E-09 6.0232E-09 5.7277E-09 5.4441E-09 5.1669E-09 4.8027E-09 4.5528E-09 4.3130E-09 4.0876E-09 3.8666E-09
1.3670E-09 1.5261E-09 1.6981E-09 1.8761E-09 2.0673E-09 2.2766E-09 2.4955E-09 2.7227E-09 2.9624E-09 3.2356E-09 3.5264E-09 3.8355E-09 4.1568E-09 4.4742E-09 4.7946E-09 5.1189E-09 5.4432E-09 5.7682E-09 6.0924E-09 6.4138E-09 6.7271E-09 7.0279E-09 7.3120E-09 7.5771E-09 7.8196E-09 8.0373E-09 8.2242E-09 8.3576E-09 8.4607E-09 8.5328E-09 8.6641E-09 8.7980E-09 8.8195E-09 8.8127E-09 8.7775E-09 8.7147E-09 8.6224E-09 8.5026E-09 8.2575E-09 8.0854E-09 7.8931E-09 7.6838E-09 7.4569E-09 7.1031E-09 6.8429E-09 6.5833E-09 6.3172E-09 5.9339E-09 5.6624E-09 5.3955E-09 5.0341E-09 4.7843E-09 4.5470E-09 4.3168E-09 4.0976E-09 3.8853E-09 3.6812E-09
1.2808E-09 1.4231E-09 1.5815E-09 1.7531E-09 1.9283E-09 2.1182E-09 2.3239E-09 2.5386E-09 2.7601E-09 2.9926E-09 3.2577E-09 3.5374E-09 3.8360E-09 4.1444E-09 4.4391E-09 4.7343E-09 5.0295E-09 5.3255E-09 5.6211E-09 5.9153E-09 6.2026E-09 6.4790E-09 6.7404E-09 6.9845E-09 7.2083E-09 7.4098E-09 7.5873E-09 7.7154E-09 7.8155E-09 7.8874E-09 7.9307E-09 7.9471E-09 8.1215E-09 8.1183E-09 8.0899E-09 7.9705E-09 7.8859E-09 7.7783E-09 7.6490E-09 7.4974E-09 7.2350E-09 7.0465E-09 6.8353E-09 6.6189E-09 6.3940E-09 6.0567E-09 5.8087E-09 5.5686E-09 5.2141E-09 4.9781E-09 4.7462E-09 4.5175E-09 4.3003E-09 4.0882E-09 3.8850E-09 3.6890E-09 3.5093E-09
1.1983E-09 1.3245E-09 1.4682E-09 1.6309E-09 1.7980E-09 1.9694E-09 2.1552E-09 2.3555E-09 2.5646E-09 2.7808E-09 3.0074E-09 3.2648E-09 3.5291E-09 3.8104E-09 4.1015E-09 4.3696E-09 4.6383E-09 4.9072E-09 5.1759E-09 5.4446E-09 5.7079E-09 5.9609E-09 6.2013E-09 6.4261E-09 6.6321E-09 6.8187E-09 6.9833E-09 7.1088E-09 7.2062E-09 7.2777E-09 7.3228E-09 7.3433E-09 7.3391E-09 7.4330E-09 7.4048E-09 7.3554E-09 7.2831E-09 7.1257E-09 7.0081E-09 6.8716E-09 6.7090E-09 6.5422E-09 6.2764E-09 6.0830E-09 5.8714E-09 5.6613E-09 5.3453E-09 5.1239E-09 4.8990E-09 4.6856E-09 4.4668E-09 4.2603E-09 4.0625E-09 3.8649E-09 3.6799E-09 3.5072E-09 3.3331E-09
1.1179E-09 1.2354E-09 1.3649E-09 1.5044E-09 1.6674E-09 1.8305E-09 1.9978E-09 2.1784E-09 2.3722E-09 2.5767E-09 2.7890E-09 3.0087E-09 3.2456E-09 3.4955E-09 3.7625E-09 4.0164E-09 4.2594E-09 4.5020E-09 4.7466E-09 4.9964E-09 5.2417E-09 5.4740E-09 5.6946E-09 5.9006E-09 6.0909E-09 6.2629E-09 6.4152E-09 6.5377E-09 6.6319E-09 6.7030E-09 6.7498E-09 6.7741E-09 6.7759E-09 6.7557E-09 6.7870E-09 6.7400E-09 6.6735E-09 6.5787E-09 6.4769E-09 6.2964E-09 6.1592E-09 6.0076E-09 5.8361E-09 5.6646E-09 5.4002E-09 5.2056E-09 5.0024E-09 4.8051E-09 4.6007E-09 4.3992E-09 4.2033E-09 4.0174E-09 3.8279E-09 3.6541E-09 3.4891E-09 3.3192E-09 3.1628E-09
1.0323E-09 1.1490E-09 1.2658E-09 1.3942E-09 1.5334E-09 1.6932E-09 1.8512E-09 2.0144E-09 2.1894E-09 2.3785E-09 2.5773E-09 2.7838E-09 2.9926E-09 3.2112E-09 3.4424E-09 3.6856E-09 3.9048E-09 4.1247E-09 4.3459E-09 4.5689E-09 4.7930E-09 5.0070E-09 5.2079E-09 5.3992E-09 5.5774E-09 5.7402E-09 5.8828E-09 6.0000E-09 6.0924E-09 6.1624E-09 6.2113E-09 6.2385E-09 6.2348E-09 6.2220E-09 6.1913E-09 6.1740E-09 6.1139E-09 6.0370E-09 5.9441E-09 5.8267E-09 5.7068E-09 5.5143E-09 5.3627E-09 5.2027E-09 5.0322E-09 4.8630E-09 4.6833E-09 4.4979E-09 4.3105E-09 4.1338E-09 3.9523E-09 3.7782E-09 3.6131E-09 3.4530E-09 3.2915E-09 3.1443E-09 3.0008E-09
9.4216E-10 1.0526E-09 1.1737E-09 1.2887E-09 1.4149E-09 1.5564E-09 1.7066E-09 1.8607E-09 2.0219E-09 2.1923E-09 2.3749E-09 2.5641E-09 2.7564E-09 2.9503E-09 3.1477E-09 3.3619E-09 3.5671E-09 3.7652E-09 3.9647E-09 4.1686E-09 4.3752E-09 4.5722E-09 4.7560E-09 4.9298E-09 5.0942E-09 5.2443E-09 5.3752E-09 5.4871E-09 5.5765E-09 5.6467E-09 5.6965E-09 5.7275E-09 5.7391E-09 5.7331E-09 5.6993E-09 5.6604E-09 5.6058E-09 5.5364E-09 5.4521E-09 5.3531E-09 5.2372E-09 5.1083E-09 4.9797E-09 4.8417E-09 4.6904E-09 4.5327E-09 4.3686E-09 4.2089E-09 4.0421E-09 3.8761E-09 3.7143E-09 3.5592E-09 3.4008E-09 3.2521E-09 3.1121E-09 2.9748E-09 2.8405E-09
8.6661E-10 9.5889E-10 1.0719E-09 1.1842E-09 1.3038E-09 1.4271E-09 1.5649E-09 1.7117E-09 1.8638E-09 2.0219E-09 2.1850E-09 2.3548E-09 2.5287E-09 2.7052E-09 2.8833E-09 3.0692E-09 3.2547E-09 3.4328E-09 3.6119E-09 3.7932E-09 3.9778E-09 4.1583E-09 4.3289E-09 4.4905E-09 4.6446E-09 4.7825E-09 4.9039E-09 5.0083E-09 5.0958E-09 5.1647E-09 5.2161E-09 5.2493E-09 5.2658E-09 5.2652E-09 5.2490E-09 5.2180E-09 5.1645E-09 5.0971E-09 5.0255E-09 4.9423E-09 4.8474E-09 4.7401E-09 4.6210E-09 4.4892E-09 4.3580E-09 4.2241E-09 4.0779E-09 3.9322E-09 3.7849E-09 3.6363E-09 3.4870E-09 3.3417E-09 3.2014E-09 3.0686E-09 2.9353E-09 2.8085E-09 2.6899E-09
7.9613E-10 8.8297E-10 9.7380E-10 1.0784E-09 1.1949E-09 1.3114E-09 1.4327E-09 1.5695E-09 1.7109E-09 1.8575E-09 2.0083E-09 2.1599E-09 2.3150E-09 2.4743E-09 2.6353E-09 2.7980E-09 2.9678E-09 3.1311E-09 3.2935E-09 3.4548E-09 3.6195E-09 3.7810E-09 3.9319E-09 4.0788E-09 4.2186E-09 4.3459E-09 4.4583E-09 4.5551E-09 4.6394E-09 4.7079E-09 4.7594E-09 4.7956E-09 4.8154E-09 4.8204E-09 4.8109E-09 4.7878E-09 4.7518E-09 4.7028E-09 4.6342E-09 4.5543E-09 4.4729E-09 4.3776E-09 4.2780E-09 4.1677E-09 4.0504E-09 3.9291E-09 3.8033E-09 3.6728E-09 3.5359E-09 3.4030E-09 3.2711E-09 3.1409E-09 3.0152E-09 2.8869E-09 2.7663E-09 2.6534E-09 2.5421E-09
7.2589E-10 8.0350E-10 8.9419E-10 9.8282E-10 1.0843E-09 1.2064E-09 1.3142E-09 1.4335E-09 1.5665E-09 1.7006E-09 1.8371E-09 1.9766E-09 2.1177E-09 2.2586E-09 2.4036E-09 2.5514E-09 2.6988E-09 2.8463E-09 2.9937E-09 3.1393E-09 3.2884E-09 3.4357E-09 3.5748E-09 3.7069E-09 3.8323E-09 3.9461E-09 4.0470E-09 4.1361E-09 4.2171E-09 4.2839E-09 4.3361E-09 4.3734E-09 4.3967E-09 4.4062E-09 4.4025E-09 4.3862E-09 4.3577E-09 4.3181E-09 4.2629E-09 4.2025E-09 4.1246E-09 4.0462E-09 3.9593E-09 3.8611E-09 3.7612E-09 3.6503E-09 3.5363E-09 3.4208E-09 3.3041E-09 3.1843E-09 3.0677E-09 2.9477E-09 2.8298E-09 2.7170E-09 2.6090E-09 2.5024E-09 2.3996E-09
6.6489E-10 7.3572E-10 8.1175E-10 8.9401E-10 9.8550E-10 1.0956E-09 1.2061E-09 1.3127E-09 1.4275E-09 1.5522E-09 1.6752E-09 1.8006E-09 1.9285E-09 2.0587E-09 2.1906E-09 2.3217E-09 2.4549E-09 2.5883E-09 2.7207E-09 2.8527E-09 2.9855E-09 3.1158E-09 3.2401E-09 3.3581E-09 3.4736E-09 3.5804E-09 3.6745E-09 3.7570E-09 3.8338E-09 3.8989E-09 3.9510E-09 3.9902E-09 4.0158E-09 4.0244E-09 4.0254E-09 4.0151E-09 3.9934E-09 3.9621E-09 3.9202E-09 3.8692E-09 3.8046E-09 3.7369E-09 3.6545E-09 3.5704E-09 3.4818E-09 3.3853E-09 3.2887E-09 3.1864E-09 3.0827E-09 2.9759E-09 2.8687E-09 2.7610E-09 2.6589E-09 2.5565E-09 2.4540E-09 2.3577E-09 2.2641E-09
6.1138E-10 6.7184E-10 7.3614E-10 8.1531E-10 8.9484E-10 9.9492E-10 1.1010E-09 1.2006E-09 1.3023E-09 1.4091E-09 1.5250E-09 1.6376E-09 1.7524E-09 1.8699E-09 1.9895E-09 2.1092E-09 2.2299E-09 2.3492E-09 2.4681E-09 2.5881E-09 2.7059E-09 2.8242E-09 2.9373E-09 3.0446E-09 3.1458E-09 3.2408E-09 3.3271E-09 3.4026E-09 3.4734E-09 3.5379E-09 3.5915E-09 3.6329E-09 3.6621E-09 3.6789E-09 3.6838E-09 3.6730E-09 3.6533E-09 3.6285E-09 3.5945E-09 3.5519E-09 3.5014E-09 3.4394E-09 3.3706E-09 3.3000E-09 3.2235E-09 3.1398E-09 3.0537E-09 2.9615E-09 2.8705E-09 2.7730E-09 2.6806E-09 2.5886E-09 2.4936E-09 2.3989E-09 2.3093E-09 2.2185E-09 2.1307E-09
5.6020E-10 6.1559E-10 6.7495E-10 7.3737E-10 8.0872E-10 9.0319E-10 1.0021E-09 1.0916E-09 1.1842E-09 1.2795E-09 1.3797E-09 1.4869E-09 1.5904E-09 1.6954E-09 1.8029E-09 1.9113E-09 2.0199E-09 2.1280E-09 2.2341E-09 2.3413E-09 2.4485E-09 2.5546E-09 2.6579E-09 2.7548E-09 2.8468E-09 2.9336E-09 3.0125E-09 3.0819E-09 3.1474E-09 3.2094E-09 3.2605E-09 3.3006E-09 3.3303E-09 3.3495E-09 3.3585E-09 3.3576E-09 3.3468E-09 3.3278E-09 3.2924E-09 3.2575E-09 3.2158E-09 3.1666E-09 3.1109E-09 3.0461E-09 2.9757E-09 2.9051E-09 2.8304E-09 2.7467E-09 2.6667E-09 2.5859E-09 2.5033E-09 2.4159E-09 2.3346E-09 2.2528E-09 2.1658E-09 2.0852E-09 2.0082E-09
5.1182E-10 5.6267E-10 6.1673E-10 6.7399E-10 7.3417E-10 8.1979E-10 9.0205E-10 9.9064E-10 1.0734E-09 1.1591E-09 1.2466E-09 1.3405E-09 1.4356E-09 1.5366E-09 1.6313E-09 1.7282E-09 1.8257E-09 1.9232E-09 2.0196E-09 2.1150E-09 2.2111E-09 2.3052E-09 2.3968E-09 2.4841E-09 2.5683E-09 2.6479E-09 2.7218E-09 2.7856E-09 2.8452E-09 2.9048E-09 2.9550E-09 2.9956E-09 3.0236E-09 3.0440E-09 3.0559E-09 3.0589E-09 3.0529E-09 3.0391E-09 3.0181E-09 2.9896E-09 2.9473E-09 2.9061E-09 2.8593E-09 2.8068E-09 2.7489E-09 2.6818E-09 2.6160E-09 2.5482E-09 2.4780E-09 2.4007E-09 2.3294E-09 2.2574E-09 2.1838E-09 2.1057E-09 2.0333E-09 1.9612E-09 1.8845E-09
4.6651E-10 5.1264E-10 5.6215E-10 6.1414E-10 6.6898E-10 7.3214E-10 8.1119E-10 8.8931E-10 9.6574E-10 1.0467E-09 1.1258E-09 1.2072E-09 1.2940E-09 1.3784E-09 1.4760E-09 1.5620E-09 1.6481E-09 1.7346E-09 1.8211E-09 1.9068E-09 1.9923E-09 2.0781E-09 2.1601E-09 2.2390E-09 2.3150E-09 2.3863E-09 2.4515E-09 2.5097E-09 2.5621E-09 2.6198E-09 2.6691E-09 2.7091E-09 2.7408E-09 2.7636E-09 2.7783E-09 2.7806E-09 2.7792E-09 2.7697E-09 2.7540E-09 2.7316E-09 2.7032E-09 2.6689E-09 2.6260E-09 2.5781E-09 2.5294E-09 2.4762E-09 2.4189E-09 2.3547E-09 2.2933E-09 2.2310E-09 2.1682E-09 2.1005E-09 2.0356E-09 1.9719E-09 1.9053E-09 1.8364E-09 1.7718E-09
4.2382E-10 4.6596E-10 5.1078E-10 5.5802E-10 6.0810E-10 6.6071E-10 7.3132E-10 7.9695E-10 8.6456E-10 9.4092E-10 1.0151E-09 1.0877E-09 1.1622E-09 1.2381E-09 1.3189E-09 1.4014E-09 1.4867E-09 1.5641E-09 1.6406E-09 1.7162E-09 1.7920E-09 1.8689E-09 1.9430E-09 2.0141E-09 2.0823E-09 2.1472E-09 2.2063E-09 2.2594E-09 2.3067E-09 2.3608E-09 2.4083E-09 2.4479E-09 2.4800E-09 2.5044E-09 2.5211E-09 2.5298E-09 2.5314E-09 2.5220E-09 2.5110E-09 2.4937E-09 2.4695E-09 2.4402E-09 2.4073E-09 2.3696E-09 2.3252E-09 2.2767E-09 2.2285E-09 2.1773E-09 2.1239E-09 2.0660E-09 2.0083E-09 1.9535E-09 1.8981E-09 1.8379E-09 1.7800E-09 1.7228E-09 1.6603E-09
3.8392E-10 4.2238E-10 4.6279E-10 5.0584E-10 5.5103E-10 5.9896E-10 6.5330E-10 7.1612E-10 7.7734E-10 8.4051E-10 9.1148E-10 9.7890E-10 1.0452E-09 1.1131E-09 1.1817E-09 1.2508E-09 1.3242E-09 1.4031E-09 1.4740E-09 1.5428E-09 1.6117E-09 1.6784E-09 1.7444E-09 1.8080E-09 1.8693E-09 1.9275E-09 1.9818E-09 2.0301E-09 2.0733E-09 2.1222E-09 2.1679E-09 2.2066E-09 2.2390E-09 2.2638E-09 2.2821E-09 2.2931E-09 2.2976E-09 2.2917E-09 2.2850E-09 2.2718E-09 2.2513E-09 2.2293E-09 2.2004E-09 2.1686E-09 2.1337E-09 2.0952E-09 2.0538E-09 2.0068E-09 1.9566E-09 1.9097E-09 1.8625E-09 1.8111E-09 1.7609E-09 1.7131E-09 1.6628E-09 1.6070E-09 1.5550E-09
3.4702E-10 3.8160E-10 4.1836E-10 4.5707E-10 4.9815E-10 5.4131E-10 5.8625E-10 6.3791E-10 6.9201E-10 7.5389E-10 8.1280E-10 8.7331E-10 9.4063E-10 1.0001E-09 1.0602E-09 1.1223E-09 1.1838E-09 1.2457E-09 1.3101E-09 1.3802E-09 1.4437E-09 1.5037E-09 1.5627E-09 1.6195E-09 1.6740E-09 1.7262E-09 1.7746E-09 1.8189E-09 1.8582E-09 1.9017E-09 1.9445E-09 1.9815E-09 2.0132E-09 2.0386E-09 2.0581E-09 2.0710E-09 2.0782E-09 2.0787E-09 2.0748E-09 2.0627E-09 2.0499E-09 2.0325E-09 2.0107E-09 1.9857E-09 1.9544E-09 1.9213E-09 1.8824E-09 1.8452E-09 1.8054E-09 1.7622E-09 1.7183E-09 1.6775E-09 1.6368E-09 1.5907E-09 1.5460E-09 1.5025E-09 1.4556E-09
3.1099E-10 3.4400E-10 3.7694E-10 4.1184E-10 4.4914E-10 4.8786E-10 5.2861E-10 5.7087E-10 6.1495E-10 6.6999E-10 7.2230E-10 7.7691E-10 8.3581E-10 8.9391E-10 9.4754E-10 1.0035E-09 1.0600E-09 1.1151E-09 1.1696E-09 1.2223E-09 1.2794E-09 1.3447E-09 1.3968E-09 1.4479E-09 1.4969E-09 1.5442E-09 1.5881E-09 1.6285E-09 1.6644E-09 1.7030E-09 1.7447E-09 1.7810E-09 1.8121E-09 1.8351E-09 1.8550E-09 1.8693E-09 1.8782E-09 1.8811E-09 1.8799E-09 1.8741E-09 1.8650E-09 1.8487E-09 1.8320E-09 1.8091E-09 1.7839E-09 1.7578E-09 1.7261E-09 1.6938E-09 1.6576E-09 1.6231E-09 1.5883E-09 1.5503E-09 1.5109E-09 1.4766E-09 1.4407E-09 1.3971E-09 1.3559E-09
2.7546E-10 3.0678E-10 3.3835E-10 3.7028E-10 4.0364E-10 4.3870E-10 4.7516E-10 5.1317E-10 5.5286E-10 5.9364E-10 6.4039E-10 6.9331E-10 7.4203E-10 7.9347E-10 8.4556E-10 8.9381E-10 9.4447E-10 9.9342E-10 1.0428E-09 1.0919E-09 1.1426E-09 1.1912E-09 1.2447E-09 1.2918E-09 1.3358E-09 1.3779E-09 1.4178E-09 1.4542E-09 1.4868E-09 1.5200E-09 1.5594E-09 1.5942E-09 1.6248E-09 1.6500E-09 1.6707E-09 1.6860E-09 1.6934E-09 1.6984E-09 1.6995E-09 1.6968E-09 1.6868E-09 1.6769E-09 1.6644E-09 1.6459E-09 1.6270E-09 1.6028E-09 1.5780E-09 1.5521E-09 1.5245E-09 1.4922E-09 1.4583E-09 1.4289E-09 1.3993E-09 1.3658E-09 1.3317E-09 1.2991E-09 1.2651E-09
