Assets/Resources/2015_m01_d28_1200(utc+0800)_l00_csi_1hr_conc.grd
DSAA
         159         159
     -79.000      79.000
     -79.000      79.000
  0.0000E+00  0.6312E-05
[rows 25 to 49 of 159, columns 57 to 113 of 159]
3.5687E-09 4.3312E-09 5.1947E-09 6.1421E-09 7.1678E-09 8.2624E-09 9.3972E-09 1.0543E-08 1.1667E-08 1.2749E-08 1.3752E-08 1.4632E-08 1.5363E-08 1.5918E-08 1.6275E-08 1.6413E-08 1.6331E-08 1.6027E-08 1.5512E-08 1.4806E-08 1.3932E-08 1.2922E-08 1.1812E-08 1.0643E-08 9.4473E-09 8.2642E-09 7.1249E-09 6.0562E-09 5.0752E-09 4.1971E-09 3.4293E-09 2.7687E-09 2.1915E-09 1.7152E-09 1.3276E-09 1.0151E-09 7.8262E-10 5.9781E-10 4.5080E-10 3.3916E-10 2.4698E-10 1.7028E-10 1.0608E-10 6.2193E-11 3.6878E-11 1.8394E-11 1.6743E-12 0.0000E+00 0.0000E+00 0.0000E+00 0.0000E+00 0.0000E+00 0.0000E+00 0.0000E+00 0.0000E+00 0.0000E+00 0.0000E+00
3.5449E-09 4.3259E-09 5.2040E-09 6.1788E-09 7.2491E-09 8.3873E-09 9.5681E-09 1.0772E-08 1.1975E-08 1.3130E-08 1.4195E-08 1.5145E-08 1.5943E-08 1.6553E-08 1.6951E-08 1.7120E-08 1.7052E-08 1.6745E-08 1.6209E-08 1.5462E-08 1.4532E-08 1.3454E-08 1.2272E-08 1.1022E-08 9.7483E-09 8.4913E-09 7.2847E-09 6.1564E-09 5.1281E-09 4.2104E-09 3.4096E-09 2.7277E-09 2.1429E-09 1.6588E-09 1.2623E-09 9.6509E-10 7.3775E-10 5.5726E-10 4.2068E-10 3.1029E-10 2.2279E-10 1.5071E-10 9.2735E-11 5.3465E-11 3.2176E-11 7.5684E-12 0.0000E+00 0.0000E+00 0.0000E+00 0.0000E+00 0.0000E+00 0.0000E+00 0.0000E+00 0.0000E+00 0.0000E+00 0.0000E+00 0.0000E+00
3.5152E-09 4.3018E-09 5.1961E-09 6.2030E-09 7.3005E-09 8.4755E-09 9.7144E-09 1.0986E-08 1.2251E-08 1.3474E-08 1.4625E-08 1.5658E-08 1.6524E-08 1.7201E-08 1.7657E-08 1.7869E-08 1.7820E-08 1.7514E-08 1.6957E-08 1.6170E-08 1.5187E-08 1.4039E-08 1.2773E-08 1.1436E-08 1.0076E-08 8.7350E-09 7.4522E-09 6.2579E-09 5.1746E-09 4.2159E-09 3.3883E-09 2.6840E-09 2.0852E-09 1.5997E-09 1.2059E-09 9.1175E-10 6.9556E-10 5.2052E-10 3.8742E-10 2.8116E-10 1.9728E-10 1.2906E-10 7.7044E-11 4.5807E-11 2.1182E-11 0.0000E+00 0.0000E+00 0.0000E+00 0.0000E+00 0.0000E+00 0.0000E+00 0.0000E+00 0.0000E+00 0.0000E+00 0.0000E+00 0.0000E+00 0.0000E+00
3.4748E-09 4.2639E-09 5.1756E-09 6.1980E-09 7.3209E-09 8.5415E-09 9.8294E-09 1.1157E-08 1.2493E-08 1.3801E-08 1.5031E-08 1.6139E-08 1.7095E-08 1.7849E-08 1.8365E-08 1.8620E-08 1.8600E-08 1.8299E-08 1.7729E-08 1.6905E-08 1.5860E-08 1.4639E-08 1.3289E-08 1.1863E-08 1.0413E-08 8.9857E-09 7.6239E-09 6.3612E-09 5.2219E-09 4.2185E-09 3.3570E-09 2.6383E-09 2.0267E-09 1.5337E-09 1.1521E-09 8.6176E-10 6.5001E-10 4.8703E-10 3.5366E-10 2.5165E-10 1.7187E-10 1.0838E-10 6.4256E-11 3.8428E-11 2.5117E-12 0.0000E+00 0.0000E+00 0.0000E+00 0.0000E+00 0.0000E+00 0.0000E+00 0.0000E+00 0.0000E+00 0.0000E+00 0.0000E+00 0.0000E+00 0.0000E+00
3.4195E-09 4.2149E-09 5.1331E-09 6.1666E-09 7.3196E-09 8.5726E-09 9.9048E-09 1.1294E-08 1.2699E-08 1.4082E-08 1.5399E-08 1.6605E-08 1.7648E-08 1.8477E-08 1.9067E-08 1.9380E-08 1.9396E-08 1.9109E-08 1.8525E-08 1.7665E-08 1.6563E-08 1.5268E-08 1.3831E-08 1.2309E-08 1.0761E-08 9.2397E-09 7.7934E-09 6.4586E-09 5.2614E-09 4.2171E-09 3.3251E-09 2.5844E-09 1.9696E-09 1.4669E-09 1.0922E-09 8.1753E-10 6.1064E-10 4.5189E-10 3.2487E-10 2.2164E-10 1.4479E-10 8.7768E-11 5.2798E-11 7.6617E-12 0.0000E+00 0.0000E+00 0.0000E+00 0.0000E+00 0.0000E+00 0.0000E+00 0.0000E+00 0.0000E+00 0.0000E+00 0.0000E+00 0.0000E+00 0.0000E+00 0.0000E+00
3.3574E-09 4.1543E-09 5.0692E-09 6.1138E-09 7.2850E-09 8.5660E-09 9.9423E-09 1.1382E-08 1.2857E-08 1.4325E-08 1.5738E-08 1.7038E-08 1.8177E-08 1.9110E-08 1.9785E-08 2.0163E-08 2.0226E-08 1.9958E-08 1.9367E-08 1.8474E-08 1.7318E-08 1.5942E-08 1.4411E-08 1.2788E-08 1.1134E-08 9.5120E-09 7.9719E-09 6.5571E-09 5.2982E-09 4.2089E-09 3.2929E-09 2.5385E-09 1.9087E-09 1.4172E-09 1.0452E-09 7.7119E-10 5.7156E-10 4.1346E-10 2.9266E-10 1.9083E-10 1.1542E-10 6.7676E-11 1.9535E-11 0.0000E+00 0.0000E+00 0.0000E+00 0.0000E+00 0.0000E+00 0.0000E+00 0.0000E+00 0.0000E+00 0.0000E+00 0.0000E+00 0.0000E+00 0.0000E+00 0.0000E+00 0.0000E+00
3.2826E-09 4.0697E-09 4.9840E-09 6.0364E-09 7.2177E-09 8.5217E-09 9.9355E-09 1.1433E-08 1.2976E-08 1.4522E-08 1.6023E-08 1.7428E-08 1.8675E-08 1.9705E-08 2.0467E-08 2.0921E-08 2.1036E-08 2.0797E-08 2.0207E-08 1.9287E-08 1.8073E-08 1.6621E-08 1.4996E-08 1.3266E-08 1.1503E-08 9.7766E-09 8.1446E-09 6.6517E-09 5.3304E-09 4.2005E-09 3.2573E-09 2.4915E-09 1.8552E-09 1.3580E-09 9.9813E-10 7.2676E-10 5.3372E-10 3.8249E-10 2.6061E-10 1.5677E-10 8.9684E-11 3.7640E-11 0.0000E+00 0.0000E+00 0.0000E+00 0.0000E+00 0.0000E+00 0.0000E+00 0.0000E+00 0.0000E+00 0.0000E+00 0.0000E+00 0.0000E+00 0.0000E+00 0.0000E+00 0.0000E+00 0.0000E+00
3.1928E-09 3.9686E-09 4.8790E-09 5.9282E-09 7.1176E-09 8.4428E-09 9.8871E-09 1.1430E-08 1.3033E-08 1.4663E-08 1.6262E-08 1.7773E-08 1.9127E-08 2.0270E-08 2.1138E-08 2.1681E-08 2.1861E-08 2.1662E-08 2.1077E-08 2.0130E-08 1.8866E-08 1.7334E-08 1.5605E-08 1.3764E-08 1.1886E-08 1.0049E-08 8.3179E-09 6.7478E-09 5.3696E-09 4.1963E-09 3.2324E-09 2.4524E-09 1.8119E-09 1.3231E-09 9.5620E-10 6.8810E-10 4.9528E-10 3.4789E-10 2.2319E-10 1.2136E-10 5.5563E-11 0.0000E+00 0.0000E+00 0.0000E+00 0.0000E+00 0.0000E+00 0.0000E+00 0.0000E+00 0.0000E+00 0.0000E+00 0.0000E+00 0.0000E+00 0.0000E+00 0.0000E+00 0.0000E+00 0.0000E+00 0.0000E+00
3.0804E-09 3.8403E-09 4.7435E-09 5.7880E-09 6.9802E-09 8.3157E-09 9.7857E-09 1.1371E-08 1.3043E-08 1.4752E-08 1.6440E-08 1.8058E-08 1.9532E-08 2.0790E-08 2.1768E-08 2.2408E-08 2.2663E-08 2.2507E-08 2.1942E-08 2.0980E-08 1.9660E-08 1.8050E-08 1.6220E-08 1.4262E-08 1.2266E-08 1.0316E-08 8.4906E-09 6.8385E-09 5.4030E-09 4.1957E-09 3.2060E-09 2.4123E-09 1.7658E-09 1.2822E-09 9.1477E-10 6.5168E-10 4.6099E-10 3.1258E-10 1.8754E-10 9.1525E-11 7.6969E-12 0.0000E+00 0.0000E+00 0.0000E+00 0.0000E+00 0.0000E+00 0.0000E+00 0.0000E+00 0.0000E+00 0.0000E+00 0.0000E+00 0.0000E+00 0.0000E+00 0.0000E+00 0.0000E+00 0.0000E+00 0.0000E+00
2.9543E-09 3.7007E-09 4.5844E-09 5.6168E-09 6.8025E-09 8.1457E-09 9.6391E-09 1.1260E-08 1.2982E-08 1.4763E-08 1.6550E-08 1.8276E-08 1.9867E-08 2.1247E-08 2.2342E-08 2.3085E-08 2.3425E-08 2.3332E-08 2.2786E-08 2.1809E-08 2.0443E-08 1.8747E-08 1.6816E-08 1.4742E-08 1.2632E-08 1.0578E-08 8.6641E-09 6.9479E-09 5.4564E-09 4.2108E-09 3.1977E-09 2.3896E-09 1.7409E-09 1.2469E-09 8.8024E-10 6.1853E-10 4.2793E-10 2.7398E-10 1.4212E-10 3.4076E-11 0.0000E+00 0.0000E+00 0.0000E+00 0.0000E+00 0.0000E+00 0.0000E+00 0.0000E+00 0.0000E+00 0.0000E+00 0.0000E+00 0.0000E+00 0.0000E+00 0.0000E+00 0.0000E+00 0.0000E+00 0.0000E+00 0.0000E+00
2.8055E-09 3.5303E-09 4.3890E-09 5.4041E-09 6.5814E-09 7.9256E-09 9.4291E-09 1.1080E-08 1.2854E-08 1.4712E-08 1.6586E-08 1.8417E-08 2.0130E-08 2.1640E-08 2.2862E-08 2.3728E-08 2.4166E-08 2.4132E-08 2.3623E-08 2.2636E-08 2.1221E-08 1.9453E-08 1.7415E-08 1.5228E-08 1.3000E-08 1.0841E-08 8.8312E-09 7.0392E-09 5.5060E-09 4.2285E-09 3.1914E-09 2.3734E-09 1.7171E-09 1.2212E-09 8.4669E-10 5.8550E-10 3.8926E-10 2.2910E-10 9.2632E-11 8.2955E-12 0.0000E+00 0.0000E+00 0.0000E+00 0.0000E+00 0.0000E+00 0.0000E+00 0.0000E+00 0.0000E+00 0.0000E+00 0.0000E+00 0.0000E+00 0.0000E+00 0.0000E+00 0.0000E+00 0.0000E+00 0.0000E+00 0.0000E+00
2.6330E-09 3.3379E-09 4.1739E-09 5.1629E-09 6.3233E-09 7.6572E-09 9.1663E-09 1.0842E-08 1.2654E-08 1.4566E-08 1.6528E-08 1.8469E-08 2.0304E-08 2.1945E-08 2.3302E-08 2.4283E-08 2.4825E-08 2.4869E-08 2.4388E-08 2.3403E-08 2.1946E-08 2.0097E-08 1.7969E-08 1.5677E-08 1.3348E-08 1.1101E-08 9.0175E-09 7.1652E-09 5.5815E-09 4.2678E-09 3.2105E-09 2.3643E-09 1.6926E-09 1.1983E-09 8.2055E-10 5.5040E-10 3.4628E-10 1.8236E-10 4.3362E-11 7.0442E-12 0.0000E+00 0.0000E+00 0.0000E+00 0.0000E+00 0.0000E+00 0.0000E+00 0.0000E+00 0.0000E+00 0.0000E+00 0.0000E+00 0.0000E+00 0.0000E+00 0.0000E+00 0.0000E+00 0.0000E+00 0.0000E+00 0.0000E+00
2.4410E-09 3.1109E-09 3.9134E-09 4.8737E-09 6.0088E-09 7.3263E-09 8.8346E-09 1.0519E-08 1.2364E-08 1.4338E-08 1.6383E-08 1.8422E-08 2.0372E-08 2.2138E-08 2.3622E-08 2.4734E-08 2.5376E-08 2.5497E-08 2.5067E-08 2.4077E-08 2.2590E-08 2.0687E-08 1.8477E-08 1.6092E-08 1.3674E-08 1.1336E-08 9.1826E-09 7.2820E-09 5.6533E-09 4.3007E-09 3.2126E-09 2.3583E-09 1.6773E-09 1.1628E-09 7.8303E-10 5.0958E-10 3.0011E-10 1.2349E-10 2.6262E-11 5.6660E-12 0.0000E+00 0.0000E+00 0.0000E+00 0.0000E+00 0.0000E+00 0.0000E+00 0.0000E+00 0.0000E+00 0.0000E+00 0.0000E+00 0.0000E+00 0.0000E+00 0.0000E+00 0.0000E+00 0.0000E+00 0.0000E+00 0.0000E+00
2.2254E-09 2.8606E-09 3.6326E-09 4.5542E-09 5.6531E-09 6.9473E-09 8.4366E-09 1.0124E-08 1.1995E-08 1.4008E-08 1.6114E-08 1.8248E-08 2.0319E-08 2.2229E-08 2.3861E-08 2.5102E-08 2.5874E-08 2.6083E-08 2.5700E-08 2.4740E-08 2.3230E-08 2.1271E-08 1.8988E-08 1.6515E-08 1.4009E-08 1.1598E-08 9.3805E-09 7.4188E-09 5.7444E-09 4.3590E-09 3.2393E-09 2.3541E-09 1.6558E-09 1.1275E-09 7.4185E-10 4.7673E-10 2.5801E-10 1.0167E-10 1.9995E-11 4.3866E-12 0.0000E+00 0.0000E+00 0.0000E+00 0.0000E+00 0.0000E+00 0.0000E+00 0.0000E+00 0.0000E+00 0.0000E+00 0.0000E+00 0.0000E+00 0.0000E+00 0.0000E+00 0.0000E+00 0.0000E+00 0.0000E+00 0.0000E+00
1.9890E-09 2.5837E-09 3.3094E-09 4.1855E-09 5.2415E-09 6.4946E-09 7.9564E-09 9.6362E-09 1.1511E-08 1.3554E-08 1.5729E-08 1.7958E-08 2.0146E-08 2.2173E-08 2.3938E-08 2.5318E-08 2.6197E-08 2.6511E-08 2.6203E-08 2.5263E-08 2.3755E-08 2.1766E-08 1.9423E-08 1.6895E-08 1.4320E-08 1.1841E-08 9.5643E-09 7.5396E-09 5.8113E-09 4.3842E-09 3.2368E-09 2.3319E-09 1.6077E-09 1.0745E-09 6.9785E-10 4.3375E-10 2.2204E-10 7.3955E-11 1.7435E-11 2.8721E-12 0.0000E+00 0.0000E+00 0.0000E+00 0.0000E+00 0.0000E+00 0.0000E+00 0.0000E+00 0.0000E+00 0.0000E+00 0.0000E+00 0.0000E+00 0.0000E+00 0.0000E+00 0.0000E+00 0.0000E+00 0.0000E+00 0.0000E+00
1.7428E-09 2.2893E-09 2.9683E-09 3.7964E-09 4.7979E-09 5.9978E-09 7.4238E-09 9.0704E-09 1.0934E-08 1.3002E-08 1.5222E-08 1.7518E-08 1.9800E-08 2.1965E-08 2.3873E-08 2.5402E-08 2.6436E-08 2.6861E-08 2.6634E-08 2.5752E-08 2.4247E-08 2.2236E-08 1.9854E-08 1.7262E-08 1.4623E-08 1.2076E-08 9.7405E-09 7.6782E-09 5.9002E-09 4.4252E-09 3.2354E-09 2.3039E-09 1.5601E-09 1.0255E-09 6.6533E-10 3.9839E-10 1.8692E-10 3.8137E-11 1.4927E-11 1.1223E-12 0.0000E+00 0.0000E+00 0.0000E+00 0.0000E+00 0.0000E+00 0.0000E+00 0.0000E+00 0.0000E+00 0.0000E+00 0.0000E+00 0.0000E+00 0.0000E+00 0.0000E+00 0.0000E+00 0.0000E+00 0.0000E+00 0.0000E+00
1.4937E-09 1.9813E-09 2.6010E-09 3.3731E-09 4.3057E-09 5.4463E-09 6.8109E-09 8.4087E-09 1.0257E-08 1.2326E-08 1.4570E-08 1.6934E-08 1.9329E-08 2.1622E-08 2.3684E-08 2.5367E-08 2.6540E-08 2.7105E-08 2.6978E-08 2.6155E-08 2.4693E-08 2.2674E-08 2.0269E-08 1.7635E-08 1.4934E-08 1.2328E-08 9.9098E-09 7.7585E-09 5.9305E-09 4.4163E-09 3.1968E-09 2.2295E-09 1.4927E-09 9.7394E-10 6.2386E-10 3.6561E-10 1.3578E-10 3.2575E-11 1.0778E-11 0.0000E+00 0.0000E+00 0.0000E+00 0.0000E+00 0.0000E+00 0.0000E+00 0.0000E+00 0.0000E+00 0.0000E+00 0.0000E+00 0.0000E+00 0.0000E+00 0.0000E+00 0.0000E+00 0.0000E+00 0.0000E+00 0.0000E+00 0.0000E+00
1.2357E-09 1.6769E-09 2.2318E-09 2.9412E-09 3.8028E-09 4.8703E-09 6.1568E-09 7.7029E-09 9.5069E-09 1.1550E-08 1.3813E-08 1.6236E-08 1.8717E-08 2.1135E-08 2.3350E-08 2.5203E-08 2.6553E-08 2.7261E-08 2.7260E-08 2.6526E-08 2.5099E-08 2.3098E-08 2.0668E-08 1.7987E-08 1.5231E-08 1.2544E-08 1.0059E-08 7.8493E-09 5.9574E-09 4.3892E-09 3.1428E-09 2.1502E-09 1.4258E-09 9.3107E-10 5.8039E-10 2.9951E-10 7.3027E-11 2.7956E-11 6.3335E-12 0.0000E+00 0.0000E+00 0.0000E+00 0.0000E+00 0.0000E+00 0.0000E+00 0.0000E+00 0.0000E+00 0.0000E+00 0.0000E+00 0.0000E+00 0.0000E+00 0.0000E+00 0.0000E+00 0.0000E+00 0.0000E+00 0.0000E+00 0.0000E+00
9.8635E-10 1.3813E-09 1.8657E-09 2.4955E-09 3.2816E-09 4.2542E-09 5.4601E-09 6.9315E-09 8.6654E-09 1.0681E-08 1.2955E-08 1.5418E-08 1.7984E-08 2.0538E-08 2.2922E-08 2.4957E-08 2.6490E-08 2.7379E-08 2.7515E-08 2.6890E-08 2.5536E-08 2.3552E-08 2.1104E-08 1.8367E-08 1.5529E-08 1.2750E-08 1.0165E-08 7.8742E-09 5.9196E-09 4.3086E-09 3.0228E-09 2.0533E-09 1.3496E-09 8.7221E-10 5.2670E-10 2.2112E-10 5.0138E-11 2.0654E-11 2.8275E-12 0.0000E+00 0.0000E+00 0.0000E+00 0.0000E+00 0.0000E+00 0.0000E+00 0.0000E+00 0.0000E+00 0.0000E+00 0.0000E+00 0.0000E+00 0.0000E+00 0.0000E+00 0.0000E+00 0.0000E+00 0.0000E+00 0.0000E+00 0.0000E+00
7.6262E-10 1.0781E-09 1.5197E-09 2.0708E-09 2.7717E-09 3.6495E-09 4.7680E-09 6.1420E-09 7.8088E-09 9.7815E-09 1.2035E-08 1.4525E-08 1.7173E-08 1.9862E-08 2.2413E-08 2.4657E-08 2.6394E-08 2.7471E-08 2.7789E-08 2.7282E-08 2.5996E-08 2.4036E-08 2.1553E-08 1.8749E-08 1.5817E-08 1.2930E-08 1.0246E-08 7.8593E-09 5.8469E-09 4.2155E-09 2.9159E-09 1.9530E-09 1.2724E-09 7.9944E-10 4.3645E-10 1.3464E-10 4.1457E-11 1.2607E-11 7.4670E-13 0.0000E+00 0.0000E+00 0.0000E+00 0.0000E+00 0.0000E+00 0.0000E+00 0.0000E+00 0.0000E+00 0.0000E+00 0.0000E+00 0.0000E+00 0.0000E+00 0.0000E+00 0.0000E+00 0.0000E+00 0.0000E+00 0.0000E+00 0.0000E+00
5.9311E-10 8.0375E-10 1.1880E-09 1.6688E-09 2.2783E-09 3.0612E-09 4.0677E-09 5.3351E-09 6.9190E-09 8.8259E-09 1.1046E-08 1.3572E-08 1.6309E-08 1.9126E-08 2.1862E-08 2.4311E-08 2.6273E-08 2.7573E-08 2.8065E-08 2.7703E-08 2.6499E-08 2.4555E-08 2.2032E-08 1.9135E-08 1.6083E-08 1.3075E-08 1.0280E-08 7.8103E-09 5.7270E-09 4.0509E-09 2.7722E-09 1.8220E-09 1.1678E-09 7.0647E-10 3.2515E-10 7.3591E-11 2.9766E-11 5.9676E-12 0.0000E+00 0.0000E+00 0.0000E+00 0.0000E+00 0.0000E+00 0.0000E+00 0.0000E+00 0.0000E+00 0.0000E+00 0.0000E+00 0.0000E+00 0.0000E+00 0.0000E+00 0.0000E+00 0.0000E+00 0.0000E+00 0.0000E+00 0.0000E+00 0.0000E+00
4.4268E-10 5.8361E-10 8.5119E-10 1.3032E-09 1.8240E-09 2.5182E-09 3.4070E-09 4.5780E-09 6.0647E-09 7.8924E-09 1.0092E-08 1.2625E-08 1.5425E-08 1.8364E-08 2.1290E-08 2.3980E-08 2.6198E-08 2.7753E-08 2.8466E-08 2.8254E-08 2.7128E-08 2.5175E-08 2.2571E-08 1.9542E-08 1.6333E-08 1.3180E-08 1.0256E-08 7.7089E-09 5.5854E-09 3.8890E-09 2.6179E-09 1.6986E-09 1.0527E-09 6.0445E-10 2.1422E-10 5.4022E-11 1.7346E-11 1.4891E-12 0.0000E+00 0.0000E+00 0.0000E+00 0.0000E+00 0.0000E+00 0.0000E+00 0.0000E+00 0.0000E+00 0.0000E+00 0.0000E+00 0.0000E+00 0.0000E+00 0.0000E+00 0.0000E+00 0.0000E+00 0.0000E+00 0.0000E+00 0.0000E+00 0.0000E+00
2.9948E-10 4.1882E-10 5.8299E-10 9.5050E-10 1.4211E-09 2.0154E-09 2.8056E-09 3.8629E-09 5.2266E-09 6.9746E-09 9.1206E-09 1.1650E-08 1.4512E-08 1.7601E-08 2.0729E-08 2.3672E-08 2.6171E-08 2.7982E-08 2.8920E-08 2.8865E-08 2.7803E-08 2.5831E-08 2.3135E-08 1.9963E-08 1.6591E-08 1.3274E-08 1.0217E-08 7.5622E-09 5.3871E-09 3.6932E-09 2.4226E-09 1.5321E-09 9.1902E-10 4.6682E-10 1.1626E-10 3.5750E-11 7.4744E-12 0.0000E+00 0.0000E+00 0.0000E+00 0.0000E+00 0.0000E+00 0.0000E+00 0.0000E+00 0.0000E+00 0.0000E+00 0.0000E+00 0.0000E+00 0.0000E+00 0.0000E+00 0.0000E+00 0.0000E+00 0.0000E+00 0.0000E+00 0.0000E+00 0.0000E+00 0.0000E+00
1.5881E-10 2.7677E-10 3.8172E-10 6.0697E-10 1.0599E-09 1.5718E-09 2.2707E-09 3.2099E-09 4.4730E-09 6.1354E-09 8.2156E-09 1.0738E-08 1.3667E-08 1.6876E-08 2.0196E-08 2.3387E-08 2.6177E-08 2.8279E-08 2.9459E-08 2.9564E-08 2.8564E-08 2.6548E-08 2.3722E-08 2.0372E-08 1.6803E-08 1.3311E-08 1.0129E-08 7.3960E-09 5.1701E-09 3.4758E-09 2.2391E-09 1.3716E-09 7.9578E-10 3.2155E-10 5.7161E-11 1.9054E-11 1.3770E-12 0.0000E+00 0.0000E+00 0.0000E+00 0.0000E+00 0.0000E+00 0.0000E+00 0.0000E+00 0.0000E+00 0.0000E+00 0.0000E+00 0.0000E+00 0.0000E+00 0.0000E+00 0.0000E+00 0.0000E+00 0.0000E+00 0.0000E+00 0.0000E+00 0.0000E+00 0.0000E+00
6.6595E-11 1.3733E-10 2.5043E-10 3.6279E-10 6.7471E-10 1.1846E-09 1.7954E-09 2.6254E-09 3.7920E-09 5.3345E-09 7.3362E-09 9.8355E-09 1.2796E-08 1.6128E-08 1.9653E-08 2.3136E-08 2.6245E-08 2.8662E-08 3.0099E-08 3.0372E-08 2.9428E-08 2.7356E-08 2.4385E-08 2.0830E-08 1.7040E-08 1.3347E-08 1.0000E-08 7.1718E-09 4.9239E-09 3.2199E-09 2.0188E-09 1.2082E-09 6.5235E-10 1.8609E-10 3.5175E-11 6.2379E-12 0.0000E+00 0.0000E+00 0.0000E+00 0.0000E+00 0.0000E+00 0.0000E+00 0.0000E+00 0.0000E+00 0.0000E+00 0.0000E+00 0.0000E+00 0.0000E+00 0.0000E+00 0.0000E+00 0.0000E+00 0.0000E+00 0.0000E+00 0.0000E+00 0.0000E+00 0.0000E+00 0.0000E+00
