Assets/Resources/2015_m01_d29_0600(utc+0800)_l00_csi_1hr_conc.grd
DSAA
         159         159
     -79.000      79.000
     -79.000      79.000
  0.0000E+00  0.1099E-04
[rows 0 to 24 of 159, columns 57 to 113 of 159]
1.5718E-09 1.5951E-09 1.6169E-09 1.6335E-09 1.6478E-09 1.6596E-09 1.6703E-09 1.6785E-09 1.6843E-09 1.6862E-09 1.6848E-09 1.6803E-09 1.6731E-09 1.6649E-09 1.6535E-09 1.6382E-09 1.6219E-09 1.6019E-09 1.5795E-09 1.5549E-09 1.5284E-09 1.5018E-09 1.4718E-09 1.4421E-09 1.4091E-09 1.3767E-09 1.3417E-09 1.3058E-09 1.2692E-09 1.2322E-09 1.1951E-09 1.1578E-09 1.1203E-09 1.0828E-09 1.0457E-09 1.0089E-09 9.7245E-10 9.3640E-10 9.0114E-10 8.6267E-10 8.2690E-10 7.9399E-10 7.6204E-10 7.3101E-10 7.0086E-10 6.7162E-10 6.4033E-10 6.1196E-10 5.8591E-10 5.6080E-10 5.3658E-10 5.1329E-10 4.9086E-10 4.6924E-10 4.4845E-10 4.2845E-10 4.0924E-10
1.6245E-09 1.6489E-09 1.6700E-09 1.6887E-09 1.7065E-09 1.7219E-09 1.7348E-09 1.7441E-09 1.7502E-09 1.7528E-09 1.7527E-09 1.7513E-09 1.7468E-09 1.7392E-09 1.7279E-09 1.7137E-09 1.6967E-09 1.6771E-09 1.6573E-09 1.6349E-09 1.6085E-09 1.5819E-09 1.5517E-09 1.5196E-09 1.4861E-09 1.4513E-09 1.4153E-09 1.3783E-09 1.3407E-09 1.3026E-09 1.2661E-09 1.2271E-09 1.1859E-09 1.1470E-09 1.1081E-09 1.0694E-09 1.0312E-09 9.9357E-10 9.5645E-10 9.1994E-10 8.8419E-10 8.4940E-10 8.1536E-10 7.7620E-10 7.4430E-10 7.1348E-10 6.8363E-10 6.5473E-10 6.2528E-10 5.9572E-10 5.7011E-10 5.4539E-10 5.2154E-10 4.9856E-10 4.7645E-10 4.5518E-10 4.3476E-10
1.6742E-09 1.6998E-09 1.7231E-09 1.7456E-09 1.7659E-09 1.7839E-09 1.7978E-09 1.8080E-09 1.8155E-09 1.8217E-09 1.8248E-09 1.8245E-09 1.8202E-09 1.8130E-09 1.8026E-09 1.7912E-09 1.7772E-09 1.7587E-09 1.7390E-09 1.7152E-09 1.6890E-09 1.6605E-09 1.6319E-09 1.5996E-09 1.5676E-09 1.5321E-09 1.4972E-09 1.4596E-09 1.4209E-09 1.3814E-09 1.3414E-09 1.3012E-09 1.2605E-09 1.2198E-09 1.1790E-09 1.1387E-09 1.0986E-09 1.0589E-09 1.0196E-09 9.7937E-10 9.3759E-10 9.0091E-10 8.6495E-10 8.3004E-10 7.9612E-10 7.6311E-10 7.2705E-10 6.9456E-10 6.6507E-10 6.3668E-10 6.0922E-10 5.8144E-10 5.5610E-10 5.3167E-10 5.0815E-10 4.8552E-10 4.6377E-10
1.7225E-09 1.7505E-09 1.7792E-09 1.8045E-09 1.8263E-09 1.8442E-09 1.8595E-09 1.8736E-09 1.8848E-09 1.8924E-09 1.8959E-09 1.8965E-09 1.8936E-09 1.8896E-09 1.8826E-09 1.8727E-09 1.8575E-09 1.8396E-09 1.8208E-09 1.7975E-09 1.7732E-09 1.7469E-09 1.7164E-09 1.6838E-09 1.6491E-09 1.6132E-09 1.5757E-09 1.5369E-09 1.4970E-09 1.4565E-09 1.4152E-09 1.3733E-09 1.3310E-09 1.2889E-09 1.2465E-09 1.2043E-09 1.1622E-09 1.1208E-09 1.0798E-09 1.0395E-09 9.9962E-10 9.6068E-10 9.2272E-10 8.8336E-10 8.4356E-10 8.0870E-10 7.7496E-10 7.4233E-10 7.0858E-10 6.7448E-10 6.4552E-10 6.1766E-10 5.9079E-10 5.6487E-10 5.3991E-10 5.1590E-10 4.9281E-10
1.7719E-09 1.8041E-09 1.8345E-09 1.8603E-09 1.8834E-09 1.9040E-09 1.9235E-09 1.9393E-09 1.9523E-09 1.9612E-09 1.9667E-09 1.9708E-09 1.9717E-09 1.9696E-09 1.9619E-09 1.9510E-09 1.9391E-09 1.9243E-09 1.9058E-09 1.8830E-09 1.8573E-09 1.8292E-09 1.8002E-09 1.7675E-09 1.7347E-09 1.6982E-09 1.6598E-09 1.6225E-09 1.5818E-09 1.5402E-09 1.4974E-09 1.4544E-09 1.4107E-09 1.3668E-09 1.3226E-09 1.2786E-09 1.2348E-09 1.1912E-09 1.1480E-09 1.1034E-09 1.0575E-09 1.0166E-09 9.7663E-10 9.3744E-10 8.9932E-10 8.6228E-10 8.2413E-10 7.8563E-10 7.5230E-10 7.2014E-10 6.8926E-10 6.5556E-10 6.2709E-10 5.9963E-10 5.7317E-10 5.4770E-10 5.2321E-10
1.8214E-09 1.8559E-09 1.8864E-09 1.9148E-09 1.9408E-09 1.9663E-09 1.9877E-09 2.0051E-09 2.0194E-09 2.0320E-09 2.0413E-09 2.0478E-09 2.0486E-09 2.0479E-09 2.0437E-09 2.0346E-09 2.0235E-09 2.0073E-09 1.9880E-09 1.9679E-09 1.9442E-09 1.9163E-09 1.8877E-09 1.8549E-09 1.8198E-09 1.7830E-09 1.7444E-09 1.7042E-09 1.6624E-09 1.6197E-09 1.5760E-09 1.5315E-09 1.4863E-09 1.4408E-09 1.3951E-09 1.3493E-09 1.3035E-09 1.2579E-09 1.2129E-09 1.1683E-09 1.1243E-09 1.0810E-09 1.0386E-09 9.9714E-10 9.5070E-10 9.1167E-10 8.7376E-10 8.3696E-10 7.9940E-10 7.6137E-10 7.2892E-10 6.9752E-10 6.6738E-10 6.3829E-10 6.1024E-10 5.8323E-10 5.5723E-10
1.8688E-09 1.9044E-09 1.9380E-09 1.9702E-09 1.9996E-09 2.0268E-09 2.0499E-09 2.0691E-09 2.0893E-09 2.1046E-09 2.1147E-09 2.1226E-09 2.1272E-09 2.1286E-09 2.1241E-09 2.1158E-09 2.1062E-09 2.0933E-09 2.0746E-09 2.0548E-09 2.0301E-09 2.0025E-09 1.9721E-09 1.9416E-09 1.9067E-09 1.8717E-09 1.8326E-09 1.7938E-09 1.7517E-09 1.7080E-09 1.6632E-09 1.6175E-09 1.5712E-09 1.5243E-09 1.4769E-09 1.4292E-09 1.3816E-09 1.3342E-09 1.2870E-09 1.2382E-09 1.1877E-09 1.1423E-09 1.0979E-09 1.0543E-09 1.0118E-09 9.7027E-10 9.2797E-10 8.8527E-10 8.4807E-10 8.1200E-10 7.7739E-10 7.3994E-10 7.0793E-10 6.7700E-10 6.4715E-10 6.1837E-10 5.9065E-10
1.9141E-09 1.9523E-09 1.9892E-09 2.0256E-09 2.0571E-09 2.0852E-09 2.1122E-09 2.1365E-09 2.1577E-09 2.1727E-09 2.1867E-09 2.1991E-09 2.2040E-09 2.2044E-09 2.2036E-09 2.1992E-09 2.1907E-09 2.1765E-09 2.1590E-09 2.1403E-09 2.1163E-09 2.0915E-09 2.0640E-09 2.0318E-09 1.9970E-09 1.9599E-09 1.9208E-09 1.8797E-09 1.8369E-09 1.7924E-09 1.7470E-09 1.7001E-09 1.6525E-09 1.6038E-09 1.5547E-09 1.5053E-09 1.4557E-09 1.4061E-09 1.3566E-09 1.3076E-09 1.2593E-09 1.2115E-09 1.1646E-09 1.1184E-09 1.0674E-09 1.0241E-09 9.8203E-10 9.4113E-10 9.0173E-10 8.5750E-10 8.2128E-10 7.8623E-10 7.5248E-10 7.1990E-10 6.8844E-10 6.5810E-10 6.2876E-10
1.9574E-09 1.9995E-09 2.0413E-09 2.0778E-09 2.1112E-09 2.1440E-09 2.1762E-09 2.2006E-09 2.2239E-09 2.2439E-09 2.2604E-09 2.2703E-09 2.2789E-09 2.2838E-09 2.2846E-09 2.2790E-09 2.2700E-09 2.2595E-09 2.2455E-09 2.2279E-09 2.2055E-09 2.1796E-09 2.1507E-09 2.1188E-09 2.0869E-09 2.0522E-09 2.0132E-09 1.9718E-09 1.9309E-09 1.8859E-09 1.8393E-09 1.7911E-09 1.7419E-09 1.6921E-09 1.6414E-09 1.5904E-09 1.5389E-09 1.4874E-09 1.4361E-09 1.3829E-09 1.3280E-09 1.2781E-09 1.2292E-09 1.1813E-09 1.1344E-09 1.0886E-09 1.0442E-09 9.9497E-10 9.5369E-10 9.1363E-10 8.7507E-10 8.3564E-10 7.9775E-10 7.6306E-10 7.2952E-10 6.9712E-10 6.6601E-10
2.0009E-09 2.0474E-09 2.0887E-09 2.1275E-09 2.1682E-09 2.2035E-09 2.2338E-09 2.2631E-09 2.2913E-09 2.3110E-09 2.3294E-09 2.3440E-09 2.3549E-09 2.3588E-09 2.3614E-09 2.3600E-09 2.3530E-09 2.3441E-09 2.3299E-09 2.3120E-09 2.2929E-09 2.2701E-09 2.2428E-09 2.2141E-09 2.1807E-09 2.1443E-09 2.1054E-09 2.0639E-09 2.0203E-09 1.9745E-09 1.9272E-09 1.8786E-09 1.8284E-09 1.7773E-09 1.7251E-09 1.6722E-09 1.6190E-09 1.5654E-09 1.5117E-09 1.4582E-09 1.4052E-09 1.3532E-09 1.3017E-09 1.2513E-09 1.1956E-09 1.1481E-09 1.1017E-09 1.0566E-09 1.0129E-09 9.6643E-10 9.2401E-10 8.8495E-10 8.4722E-10 8.1076E-10 7.7551E-10 7.4132E-10 7.0832E-10
2.0438E-09 2.0900E-09 2.1343E-09 2.1798E-09 2.2205E-09 2.2586E-09 2.2941E-09 2.3255E-09 2.3515E-09 2.3780E-09 2.3992E-09 2.4132E-09 2.4257E-09 2.4343E-09 2.4390E-09 2.4379E-09 2.4331E-09 2.4266E-09 2.4163E-09 2.4002E-09 2.3830E-09 2.3602E-09 2.3339E-09 2.3041E-09 2.2734E-09 2.2375E-09 2.2010E-09 2.1599E-09 2.1183E-09 2.0728E-09 2.0251E-09 1.9755E-09 1.9240E-09 1.8711E-09 1.8172E-09 1.7624E-09 1.7070E-09 1.6512E-09 1.5952E-09 1.5378E-09 1.4782E-09 1.4240E-09 1.3703E-09 1.3182E-09 1.2668E-09 1.2167E-09 1.1677E-09 1.1140E-09 1.0684E-09 1.0240E-09 9.8120E-10 9.3766E-10 8.9576E-10 8.5725E-10 8.2000E-10 7.8402E-10 7.4931E-10
2.0820E-09 2.1308E-09 2.1810E-09 2.2271E-09 2.2710E-09 2.3116E-09 2.3488E-09 2.3830E-09 2.4139E-09 2.4403E-09 2.4608E-09 2.4797E-09 2.4948E-09 2.5060E-09 2.5113E-09 2.5150E-09 2.5147E-09 2.5104E-09 2.5006E-09 2.4870E-09 2.4717E-09 2.4503E-09 2.4274E-09 2.4011E-09 2.3696E-09 2.3349E-09 2.2970E-09 2.2565E-09 2.2129E-09 2.1666E-09 2.1178E-09 2.0670E-09 2.0144E-09 1.9604E-09 1.9049E-09 1.8484E-09 1.7911E-09 1.7338E-09 1.6761E-09 1.6186E-09 1.5612E-09 1.5049E-09 1.4491E-09 1.3943E-09 1.3337E-09 1.2817E-09 1.2307E-09 1.1810E-09 1.1327E-09 1.0815E-09 1.0345E-09 9.9108E-10 9.4901E-10 9.0832E-10 8.6894E-10 8.3088E-10 7.9415E-10
2.1172E-09 2.1722E-09 2.2235E-09 2.2723E-09 2.3198E-09 2.3609E-09 2.4011E-09 2.4394E-09 2.4698E-09 2.4989E-09 2.5243E-09 2.5460E-09 2.5619E-09 2.5762E-09 2.5865E-09 2.5928E-09 2.5934E-09 2.5900E-09 2.5849E-09 2.5755E-09 2.5620E-09 2.5429E-09 2.5200E-09 2.4936E-09 2.4633E-09 2.4324E-09 2.3951E-09 2.3571E-09 2.3136E-09 2.2696E-09 2.2205E-09 2.1694E-09 2.1158E-09 2.0607E-09 2.0036E-09 1.9459E-09 1.8872E-09 1.8278E-09 1.7680E-09 1.7086E-09 1.6467E-09 1.5853E-09 1.5243E-09 1.4675E-09 1.4114E-09 1.3565E-09 1.3027E-09 1.2461E-09 1.1935E-09 1.1444E-09 1.0968E-09 1.0486E-09 1.0021E-09 9.5915E-10 9.1757E-10 8.7736E-10 8.3853E-10
2.1537E-09 2.2095E-09 2.2624E-09 2.3152E-09 2.3618E-09 2.4093E-09 2.4509E-09 2.4876E-09 2.5229E-09 2.5569E-09 2.5833E-09 2.6083E-09 2.6294E-09 2.6467E-09 2.6580E-09 2.6679E-09 2.6736E-09 2.6731E-09 2.6702E-09 2.6615E-09 2.6488E-09 2.6349E-09 2.6142E-09 2.5921E-09 2.5658E-09 2.5332E-09 2.4969E-09 2.4569E-09 2.4137E-09 2.3675E-09 2.3182E-09 2.2664E-09 2.2149E-09 2.1588E-09 2.1011E-09 2.0419E-09 1.9815E-09 1.9176E-09 1.8564E-09 1.7950E-09 1.7333E-09 1.6725E-09 1.6120E-09 1.5523E-09 1.4932E-09 1.4277E-09 1.3716E-09 1.3169E-09 1.2635E-09 1.2094E-09 1.1552E-09 1.1069E-09 1.0600E-09 1.0147E-09 9.7076E-10 9.2826E-10 8.8721E-10
2.1849E-09 2.2425E-09 2.3000E-09 2.3515E-09 2.4033E-09 2.4509E-09 2.4932E-09 2.5369E-09 2.5752E-09 2.6084E-09 2.6401E-09 2.6702E-09 2.6925E-09 2.7136E-09 2.7306E-09 2.7437E-09 2.7502E-09 2.7527E-09 2.7540E-09 2.7485E-09 2.7415E-09 2.7297E-09 2.7113E-09 2.6883E-09 2.6613E-09 2.6328E-09 2.5977E-09 2.5617E-09 2.5192E-09 2.4760E-09 2.4269E-09 2.3749E-09 2.3207E-09 2.2638E-09 2.2051E-09 2.1446E-09 2.0833E-09 2.0208E-09 1.9573E-09 1.8938E-09 1.8302E-09 1.7666E-09 1.7032E-09 1.6356E-09 1.5713E-09 1.5111E-09 1.4518E-09 1.3942E-09 1.3298E-09 1.2755E-09 1.2227E-09 1.1716E-09 1.1178E-09 1.0699E-09 1.0236E-09 9.7873E-10 9.3538E-10
2.2128E-09 2.2747E-09 2.3296E-09 2.3867E-09 2.4392E-09 2.4894E-09 2.5367E-09 2.5814E-09 2.6229E-09 2.6613E-09 2.6962E-09 2.7259E-09 2.7542E-09 2.7788E-09 2.7991E-09 2.8133E-09 2.8263E-09 2.8354E-09 2.8402E-09 2.8379E-09 2.8309E-09 2.8193E-09 2.8060E-09 2.7882E-09 2.7634E-09 2.7369E-09 2.7036E-09 2.6662E-09 2.6247E-09 2.5793E-09 2.5310E-09 2.4820E-09 2.4275E-09 2.3700E-09 2.3137E-09 2.2524E-09 2.1894E-09 2.1251E-09 2.0602E-09 1.9916E-09 1.9254E-09 1.8566E-09 1.7910E-09 1.7260E-09 1.6614E-09 1.5982E-09 1.5359E-09 1.4668E-09 1.4076E-09 1.3503E-09 1.2887E-09 1.2324E-09 1.1804E-09 1.1299E-09 1.0810E-09 1.0337E-09 9.8789E-10
2.2388E-09 2.2979E-09 2.3593E-09 2.4167E-09 2.4718E-09 2.5247E-09 2.5751E-09 2.6228E-09 2.6695E-09 2.7093E-09 2.7482E-09 2.7838E-09 2.8156E-09 2.8415E-09 2.8662E-09 2.8874E-09 2.9045E-09 2.9147E-09 2.9202E-09 2.9209E-09 2.9201E-09 2.9145E-09 2.9042E-09 2.8867E-09 2.8646E-09 2.8376E-09 2.8091E-09 2.7731E-09 2.7363E-09 2.6949E-09 2.6473E-09 2.5958E-09 2.5417E-09 2.4842E-09 2.4242E-09 2.3616E-09 2.2977E-09 2.2319E-09 2.1647E-09 2.0968E-09 2.0286E-09 1.9600E-09 1.8913E-09 1.8233E-09 1.7559E-09 1.6867E-09 1.6154E-09 1.5518E-09 1.4893E-09 1.4255E-09 1.3609E-09 1.3042E-09 1.2490E-09 1.1930E-09 1.1414E-09 1.0915E-09 1.0431E-09
2.2569E-09 2.3221E-09 2.3836E-09 2.4434E-09 2.5033E-09 2.5570E-09 2.6103E-09 2.6632E-09 2.7094E-09 2.7551E-09 2.7997E-09 2.8367E-09 2.8701E-09 2.9029E-09 2.9348E-09 2.9577E-09 2.9759E-09 2.9924E-09 3.0044E-09 3.0119E-09 3.0121E-09 3.0075E-09 2.9982E-09 2.9866E-09 2.9702E-09 2.9460E-09 2.9201E-09 2.8867E-09 2.8486E-09 2.8058E-09 2.7593E-09 2.7118E-09 2.6576E-09 2.6025E-09 2.5423E-09 2.4790E-09 2.4162E-09 2.3485E-09 2.2799E-09 2.2098E-09 2.1388E-09 2.0675E-09 1.9935E-09 1.9195E-09 1.8458E-09 1.7764E-09 1.7079E-09 1.6406E-09 1.5745E-09 1.5018E-09 1.4397E-09 1.3793E-09 1.3151E-09 1.2563E-09 1.2020E-09 1.1493E-09 1.0984E-09
2.2737E-09 2.3408E-09 2.4049E-09 2.4691E-09 2.5275E-09 2.5880E-09 2.6447E-09 2.6967E-09 2.7509E-09 2.8000E-09 2.8442E-09 2.8875E-09 2.9283E-09 2.9656E-09 2.9966E-09 3.0231E-09 3.0509E-09 3.0718E-09 3.0856E-09 3.0948E-09 3.1021E-09 3.1015E-09 3.0989E-09 3.0909E-09 3.0754E-09 3.0547E-09 3.0316E-09 3.0005E-09 2.9675E-09 2.9270E-09 2.8844E-09 2.8345E-09 2.7809E-09 2.7232E-09 2.6622E-09 2.5976E-09 2.5312E-09 2.4620E-09 2.3911E-09 2.3185E-09 2.2455E-09 2.1715E-09 2.0972E-09 2.0231E-09 1.9495E-09 1.8765E-09 1.8042E-09 1.7334E-09 1.6553E-09 1.5879E-09 1.5220E-09 1.4550E-09 1.3879E-09 1.3284E-09 1.2709E-09 1.2126E-09 1.1589E-09
2.2896E-09 2.3568E-09 2.4249E-09 2.4873E-09 2.5528E-09 2.6142E-09 2.6739E-09 2.7316E-09 2.7874E-09 2.8378E-09 2.8884E-09 2.9391E-09 2.9819E-09 3.0207E-09 3.0584E-09 3.0924E-09 3.1222E-09 3.1452E-09 3.1666E-09 3.1833E-09 3.1951E-09 3.1993E-09 3.1983E-09 3.1920E-09 3.1832E-09 3.1689E-09 3.1490E-09 3.1213E-09 3.0878E-09 3.0488E-09 3.0049E-09 2.9593E-09 2.9059E-09 2.8509E-09 2.7898E-09 2.7275E-09 2.6596E-09 2.5887E-09 2.5163E-09 2.4416E-09 2.3657E-09 2.2888E-09 2.2119E-09 2.1345E-09 2.0572E-09 1.9778E-09 1.8962E-09 1.8220E-09 1.7491E-09 1.6778E-09 1.6084E-09 1.5320E-09 1.4670E-09 1.4007E-09 1.3374E-09 1.2789E-09 1.2223E-09
2.2984E-09 2.3695E-09 2.4378E-09 2.5070E-09 2.5728E-09 2.6372E-09 2.7004E-09 2.7617E-09 2.8182E-09 2.8781E-09 2.9334E-09 2.9836E-09 3.0299E-09 3.0787E-09 3.1212E-09 3.1575E-09 3.1898E-09 3.2208E-09 3.2475E-09 3.2694E-09 3.2836E-09 3.2959E-09 3.3025E-09 3.3010E-09 3.2964E-09 3.2836E-09 3.2645E-09 3.2424E-09 3.2144E-09 3.1780E-09 3.1386E-09 3.0908E-09 3.0383E-09 2.9809E-09 2.9191E-09 2.8529E-09 2.7840E-09 2.7117E-09 2.6396E-09 2.5625E-09 2.4845E-09 2.4022E-09 2.3219E-09 2.2412E-09 2.1612E-09 2.0812E-09 2.0022E-09 1.9239E-09 1.8476E-09 1.7724E-09 1.6901E-09 1.6189E-09 1.5503E-09 1.4773E-09 1.4105E-09 1.3486E-09 1.2889E-09
2.3083E-09 2.3794E-09 2.4519E-09 2.5212E-09 2.5899E-09 2.6598E-09 2.7239E-09 2.7886E-09 2.8519E-09 2.9139E-09 2.9708E-09 3.0273E-09 3.0811E-09 3.1321E-09 3.1771E-09 3.2216E-09 3.2622E-09 3.2989E-09 3.3283E-09 3.3563E-09 3.3791E-09 3.3967E-09 3.4059E-09 3.4096E-09 3.4099E-09 3.4010E-09 3.3886E-09 3.3701E-09 3.3421E-09 3.3077E-09 3.2671E-09 3.2235E-09 3.1715E-09 3.1165E-09 3.0547E-09 2.9908E-09 2.9206E-09 2.8465E-09 2.7703E-09 2.6912E-09 2.6104E-09 2.5276E-09 2.4448E-09 2.3609E-09 2.2772E-09 2.1934E-09 2.1110E-09 2.0292E-09 1.9412E-09 1.8623E-09 1.7857E-09 1.7108E-09 1.6379E-09 1.5581E-09 1.4904E-09 1.4250E-09 1.3560E-09
2.3134E-09 2.3863E-09 2.4607E-09 2.5329E-09 2.6065E-09 2.6750E-09 2.7443E-09 2.8132E-09 2.8810E-09 2.9441E-09 3.0074E-09 3.0712E-09 3.1275E-09 3.1811E-09 3.2372E-09 3.2874E-09 3.3312E-09 3.3713E-09 3.4100E-09 3.4440E-09 3.4728E-09 3.4938E-09 3.5116E-09 3.5233E-09 3.5281E-09 3.5243E-09 3.5131E-09 3.4949E-09 3.4722E-09 3.4431E-09 3.4046E-09 3.3620E-09 3.3111E-09 3.2545E-09 3.1924E-09 3.1250E-09 3.0540E-09 2.9788E-09 2.9003E-09 2.8214E-09 2.7384E-09 2.6533E-09 2.5671E-09 2.4771E-09 2.3902E-09 2.3034E-09 2.2172E-09 2.1316E-09 2.0476E-09 1.9651E-09 1.8842E-09 1.8051E-09 1.7207E-09 1.6468E-09 1.5749E-09 1.4992E-09 1.4298E-09
2.3155E-09 2.3925E-09 2.4649E-09 2.5419E-09 2.6158E-09 2.6893E-09 2.7628E-09 2.8356E-09 2.9042E-09 2.9763E-09 3.0443E-09 3.1080E-09 3.1721E-09 3.2341E-09 3.2933E-09 3.3471E-09 3.4003E-09 3.4497E-09 3.4948E-09 3.5327E-09 3.5651E-09 3.5980E-09 3.6214E-09 3.6361E-09 3.6435E-09 3.6463E-09 3.6391E-09 3.6276E-09 3.6082E-09 3.5790E-09 3.5425E-09 3.4995E-09 3.4521E-09 3.3957E-09 3.3363E-09 3.2692E-09 3.1996E-09 3.1229E-09 3.0430E-09 2.9600E-09 2.8743E-09 2.7862E-09 2.6971E-09 2.6073E-09 2.5167E-09 2.4260E-09 2.3358E-09 2.2468E-09 2.1586E-09 2.0640E-09 1.9792E-09 1.8969E-09 1.8163E-09 1.7380E-09 1.6592E-09 1.5814E-09 1.5111E-09
2.3174E-09 2.3919E-09 2.4709E-09 2.5477E-09 2.6246E-09 2.7016E-09 2.7789E-09 2.8520E-09 2.9296E-09 3.0037E-09 3.0739E-09 3.1454E-09 3.2151E-09 3.2831E-09 3.3462E-09 3.4092E-09 3.4718E-09 3.5254E-09 3.5748E-09 3.6222E-09 3.6641E-09 3.7005E-09 3.7274E-09 3.7499E-09 3.7648E-09 3.7728E-09 3.7703E-09 3.7599E-09 3.7412E-09 3.7179E-09 3.6864E-09 3.6450E-09 3.5989E-09 3.5439E-09 3.4823E-09 3.4145E-09 3.3417E-09 3.2644E-09 3.1828E-09 3.0974E-09 3.0121E-09 2.9221E-09 2.8300E-09 2.7367E-09 2.6395E-09 2.5460E-09 2.4521E-09 2.3591E-09 2.2668E-09 2.1767E-09 2.0877E-09 2.0009E-09 1.9158E-09 1.8258E-09 1.7463E-09 1.6694E-09 1.5919E-09
