Assets/Resources/2015_m01_d02_2200(utc+0800)_l00_csi_1hr_conc.grd
DSAA
         159         159
     -79.000      79.000
     -79.000      79.000
  0.0000E+00  0.3364E-05
[rows 0 to 24 of 159, columns 57 to 113 of 159]
2.2259E-09 2.1670E-09 2.1060E-09 2.0399E-09 1.9731E-09 1.9037E-09 1.8365E-09 1.7716E-09 1.7092E-09 1.6493E-09 1.5920E-09 1.5209E-09 1.4694E-09 1.4207E-09 1.3748E-09 1.3312E-09 1.2846E-09 1.2315E-09 1.1970E-09 1.1638E-09 1.1172E-09 1.0867E-09 1.0421E-09 1.0148E-09 9.7381E-10 9.4883E-10 9.2447E-10 9.0097E-10 8.6345E-10 8.2766E-10 8.0685E-10 7.8671E-10 7.6176E-10 7.4276E-10 7.1068E-10 6.9296E-10 6.7039E-10 6.5325E-10 6.3136E-10 6.0957E-10 5.9296E-10 5.7644E-10 5.5071E-10 5.3479E-10 5.1901E-10 4.9436E-10 4.7927E-10 4.5979E-10 4.4097E-10 4.2230E-10 4.0427E-10 3.8646E-10 3.6927E-10 3.5236E-10 3.3605E-10 3.2007E-10 3.0039E-10
2.2893E-09 2.2287E-09 2.1644E-09 2.0969E-09 2.0288E-09 1.9565E-09 1.8865E-09 1.8190E-09 1.7541E-09 1.6919E-09 1.6324E-09 1.5756E-09 1.5217E-09 1.4709E-09 1.4068E-09 1.3620E-09 1.3202E-09 1.2812E-09 1.2379E-09 1.1874E-09 1.1548E-09 1.1224E-09 1.0771E-09 1.0484E-09 1.0056E-09 9.7951E-10 9.3975E-10 9.1568E-10 8.9217E-10 8.5473E-10 8.1875E-10 7.9818E-10 7.7799E-10 7.5842E-10 7.3412E-10 7.0203E-10 6.8410E-10 6.6150E-10 6.4415E-10 6.2206E-10 6.0012E-10 5.8337E-10 5.6673E-10 5.4094E-10 5.2496E-10 5.0913E-10 4.8451E-10 4.6941E-10 4.4557E-10 4.3124E-10 4.1267E-10 3.9475E-10 3.7708E-10 3.5559E-10 3.4330E-10 3.2285E-10 3.0723E-10
2.3548E-09 2.2925E-09 2.2248E-09 2.1558E-09 2.0847E-09 2.0110E-09 1.9381E-09 1.8680E-09 1.8005E-09 1.7360E-09 1.6743E-09 1.6154E-09 1.5594E-09 1.5065E-09 1.4569E-09 1.4097E-09 1.3499E-09 1.3090E-09 1.2707E-09 1.2350E-09 1.1775E-09 1.1441E-09 1.1124E-09 1.0669E-09 1.0386E-09 9.9579E-10 9.6992E-10 9.3011E-10 9.0617E-10 8.8287E-10 8.4526E-10 8.2374E-10 7.8876E-10 7.6878E-10 7.4914E-10 7.2499E-10 6.9261E-10 6.7470E-10 6.5190E-10 6.3436E-10 6.1211E-10 5.9005E-10 5.7320E-10 5.5648E-10 5.3067E-10 5.1465E-10 4.9409E-10 4.7426E-10 4.5452E-10 4.3547E-10 4.1662E-10 3.9842E-10 3.8049E-10 3.6320E-10 3.4623E-10 3.2987E-10 3.1389E-10
2.4173E-09 2.3520E-09 2.2823E-09 2.2118E-09 2.1376E-09 2.0627E-09 1.9871E-09 1.9143E-09 1.8444E-09 1.7775E-09 1.7136E-09 1.6528E-09 1.5949E-09 1.5401E-09 1.4886E-09 1.4403E-09 1.3948E-09 1.3523E-09 1.2961E-09 1.2588E-09 1.2235E-09 1.1889E-09 1.1331E-09 1.1014E-09 1.0712E-09 1.0281E-09 1.0011E-09 9.5960E-10 9.3467E-10 8.9601E-10 8.7289E-10 8.5027E-10 8.1379E-10 7.7886E-10 7.5884E-10 7.3937E-10 7.1509E-10 6.9633E-10 6.6458E-10 6.4160E-10 6.2392E-10 6.0154E-10 5.7941E-10 5.6248E-10 5.4570E-10 5.1993E-10 5.0389E-10 4.7888E-10 4.6362E-10 4.4400E-10 4.2505E-10 4.0635E-10 3.8830E-10 3.7056E-10 3.5344E-10 3.3669E-10 3.1623E-10
2.4818E-09 2.4130E-09 2.3416E-09 2.2688E-09 2.1923E-09 2.1160E-09 2.0377E-09 1.9622E-09 1.8899E-09 1.8206E-09 1.7545E-09 1.6915E-09 1.6316E-09 1.5749E-09 1.5216E-09 1.4716E-09 1.4248E-09 1.3807E-09 1.3388E-09 1.2830E-09 1.2463E-09 1.2108E-09 1.1773E-09 1.1373E-09 1.0897E-09 1.0599E-09 1.0170E-09 9.9009E-10 9.4876E-10 9.2386E-10 8.8534E-10 8.6221E-10 8.3978E-10 8.0321E-10 7.6832E-10 7.4839E-10 7.2892E-10 7.0451E-10 6.8570E-10 6.5376E-10 6.3066E-10 6.1285E-10 5.9040E-10 5.6823E-10 5.5125E-10 5.2981E-10 5.0875E-10 4.9272E-10 4.6785E-10 4.5265E-10 4.3316E-10 4.1435E-10 3.9583E-10 3.7346E-10 3.6043E-10 3.3917E-10 3.2281E-10
2.5471E-09 2.4750E-09 2.4020E-09 2.3259E-09 2.2480E-09 2.1701E-09 2.0890E-09 2.0107E-09 1.9355E-09 1.8637E-09 1.7954E-09 1.7303E-09 1.6684E-09 1.6098E-09 1.5546E-09 1.5029E-09 1.4546E-09 1.4085E-09 1.3659E-09 1.3247E-09 1.2858E-09 1.2333E-09 1.1981E-09 1.1642E-09 1.1320E-09 1.0776E-09 1.0480E-09 1.0201E-09 9.7856E-10 9.3712E-10 9.1252E-10 8.7388E-10 8.5101E-10 8.2855E-10 7.9213E-10 7.5715E-10 7.3737E-10 7.1770E-10 6.9334E-10 6.7436E-10 6.4228E-10 6.1909E-10 6.0121E-10 5.7871E-10 5.5654E-10 5.3955E-10 5.1336E-10 4.9717E-10 4.8119E-10 4.5649E-10 4.3674E-10 4.1766E-10 3.9889E-10 3.8077E-10 3.6303E-10 3.4590E-10 3.2920E-10
2.6085E-09 2.5346E-09 2.4599E-09 2.3805E-09 2.3012E-09 2.2203E-09 2.1383E-09 2.0577E-09 1.9803E-09 1.9064E-09 1.8359E-09 1.7686E-09 1.7045E-09 1.6435E-09 1.5865E-09 1.5331E-09 1.4831E-09 1.4367E-09 1.3921E-09 1.3499E-09 1.3097E-09 1.2720E-09 1.2193E-09 1.1846E-09 1.1511E-09 1.1186E-09 1.0644E-09 1.0356E-09 1.0078E-09 9.6631E-10 9.4052E-10 9.0042E-10 8.6192E-10 8.3903E-10 8.1680E-10 7.8031E-10 7.4550E-10 7.2558E-10 7.0598E-10 6.8146E-10 6.6234E-10 6.3019E-10 6.0696E-10 5.8902E-10 5.6652E-10 5.4439E-10 5.2742E-10 5.0137E-10 4.8523E-10 4.6467E-10 4.4484E-10 4.2527E-10 4.0638E-10 3.8783E-10 3.6544E-10 3.5244E-10 3.3122E-10
2.6708E-09 2.5951E-09 2.5169E-09 2.4359E-09 2.3552E-09 2.2713E-09 2.1883E-09 2.1050E-09 2.0251E-09 1.9486E-09 1.8756E-09 1.8062E-09 1.7405E-09 1.6782E-09 1.6194E-09 1.5638E-09 1.5118E-09 1.4636E-09 1.4187E-09 1.3752E-09 1.3344E-09 1.2950E-09 1.2572E-09 1.2215E-09 1.1705E-09 1.1371E-09 1.1048E-09 1.0737E-09 1.0223E-09 9.9487E-10 9.5335E-10 9.2779E-10 8.8770E-10 8.6392E-10 8.2655E-10 8.0432E-10 7.6800E-10 7.3314E-10 7.1321E-10 6.9353E-10 6.6891E-10 6.3603E-10 6.1752E-10 5.9429E-10 5.7633E-10 5.4897E-10 5.3182E-10 5.1489E-10 4.8902E-10 4.7296E-10 4.4808E-10 4.3293E-10 4.1358E-10 3.9036E-10 3.7660E-10 3.5455E-10 3.3305E-10
2.7333E-09 2.6556E-09 2.5739E-09 2.4912E-09 2.4076E-09 2.3218E-09 2.2372E-09 2.1512E-09 2.0691E-09 1.9906E-09 1.9158E-09 1.8446E-09 1.7769E-09 1.7125E-09 1.6515E-09 1.5942E-09 1.5409E-09 1.4912E-09 1.4448E-09 1.3996E-09 1.3583E-09 1.3178E-09 1.2788E-09 1.2417E-09 1.2057E-09 1.1548E-09 1.1226E-09 1.0906E-09 1.0596E-09 1.0086E-09 9.8114E-10 9.3985E-10 9.1431E-10 8.7443E-10 8.5066E-10 8.1343E-10 7.9127E-10 7.5504E-10 7.2011E-10 7.0021E-10 6.8042E-10 6.5573E-10 6.2286E-10 5.9926E-10 5.8112E-10 5.6318E-10 5.3596E-10 5.1887E-10 4.9256E-10 4.7637E-10 4.5572E-10 4.3581E-10 4.1623E-10 3.9732E-10 3.7882E-10 3.5647E-10 3.4356E-10
2.7958E-09 2.7152E-09 2.6309E-09 2.5465E-09 2.4600E-09 2.3731E-09 2.2868E-09 2.1992E-09 2.1145E-09 2.0332E-09 1.9556E-09 1.8818E-09 1.8122E-09 1.7462E-09 1.6838E-09 1.6252E-09 1.5702E-09 1.5186E-09 1.4706E-09 1.4257E-09 1.3821E-09 1.3401E-09 1.3010E-09 1.2622E-09 1.2255E-09 1.1898E-09 1.1395E-09 1.1067E-09 1.0754E-09 1.0450E-09 9.9398E-10 9.6686E-10 9.2554E-10 9.0028E-10 8.6040E-10 8.3687E-10 7.9964E-10 7.7767E-10 7.4135E-10 7.0656E-10 6.8655E-10 6.6146E-10 6.4197E-10 6.0917E-10 5.8563E-10 5.6752E-10 5.4962E-10 5.2258E-10 5.0557E-10 4.7952E-10 4.6344E-10 4.4302E-10 4.2334E-10 4.0401E-10 3.8083E-10 3.6715E-10 3.4520E-10
2.8584E-09 2.7740E-09 2.6877E-09 2.6012E-09 2.5120E-09 2.4238E-09 2.3346E-09 2.2458E-09 2.1586E-09 2.0754E-09 1.9962E-09 1.9210E-09 1.8495E-09 1.7811E-09 1.7161E-09 1.6552E-09 1.5986E-09 1.5457E-09 1.4967E-09 1.4507E-09 1.4066E-09 1.3632E-09 1.3226E-09 1.2831E-09 1.2452E-09 1.2089E-09 1.1736E-09 1.1393E-09 1.0906E-09 1.0593E-09 1.0298E-09 9.7880E-10 9.5182E-10 9.1071E-10 8.8547E-10 8.4585E-10 8.2232E-10 7.8536E-10 7.6332E-10 7.2715E-10 6.9235E-10 6.7227E-10 6.4718E-10 6.2768E-10 5.9500E-10 5.7156E-10 5.5350E-10 5.2602E-10 5.0887E-10 4.9198E-10 4.6621E-10 4.5028E-10 4.2564E-10 4.0611E-10 3.8725E-10 3.6886E-10 3.4666E-10
2.9257E-09 2.8375E-09 2.7493E-09 2.6596E-09 2.5686E-09 2.4791E-09 2.3873E-09 2.2977E-09 2.2086E-09 2.1234E-09 2.0421E-09 1.9645E-09 1.8906E-09 1.8205E-09 1.7545E-09 1.6921E-09 1.6334E-09 1.5779E-09 1.5264E-09 1.4786E-09 1.4338E-09 1.3908E-09 1.3480E-09 1.3067E-09 1.2671E-09 1.2290E-09 1.1917E-09 1.1561E-09 1.1226E-09 1.0739E-09 1.0429E-09 1.0137E-09 9.6300E-10 9.3610E-10 8.9519E-10 8.7010E-10 8.3063E-10 7.9270E-10 7.7040E-10 7.4836E-10 7.1230E-10 6.7753E-10 6.5742E-10 6.3239E-10 6.1290E-10 5.8040E-10 5.5710E-10 5.3913E-10 5.1190E-10 4.9488E-10 4.7339E-10 4.5269E-10 4.3232E-10 4.1267E-10 3.9344E-10 3.7037E-10 3.5682E-10
2.9871E-09 2.8967E-09 2.8065E-09 2.7134E-09 2.6208E-09 2.5284E-09 2.4352E-09 2.3442E-09 2.2525E-09 2.1649E-09 2.0817E-09 2.0024E-09 1.9270E-09 1.8555E-09 1.7877E-09 1.7234E-09 1.6629E-09 1.6061E-09 1.5534E-09 1.5040E-09 1.4572E-09 1.4132E-09 1.3694E-09 1.3274E-09 1.2879E-09 1.2483E-09 1.2099E-09 1.1738E-09 1.1382E-09 1.1041E-09 1.0567E-09 1.0259E-09 9.9707E-10 9.4645E-10 9.1983E-10 8.7901E-10 8.5413E-10 8.1481E-10 7.7712E-10 7.5476E-10 7.1793E-10 6.9682E-10 6.6216E-10 6.4206E-10 6.1711E-10 5.9769E-10 5.6040E-10 5.4230E-10 5.2445E-10 4.9752E-10 4.8065E-10 4.5486E-10 4.3900E-10 4.1442E-10 3.9501E-10 3.7627E-10 3.5806E-10
3.0535E-09 2.9609E-09 2.8674E-09 2.7722E-09 2.6781E-09 2.5828E-09 2.4887E-09 2.3958E-09 2.3031E-09 2.2136E-09 2.1282E-09 2.0467E-09 1.9691E-09 1.8954E-09 1.8258E-09 1.7600E-09 1.6980E-09 1.6396E-09 1.5845E-09 1.5331E-09 1.4853E-09 1.4399E-09 1.3959E-09 1.3522E-09 1.3103E-09 1.2695E-09 1.2302E-09 1.1921E-09 1.1549E-09 1.1191E-09 1.0860E-09 1.0382E-09 1.0084E-09 9.7961E-10 9.2935E-10 9.0279E-10 8.6230E-10 8.2203E-10 7.9850E-10 7.6084E-10 7.3863E-10 7.0190E-10 6.8078E-10 6.4628E-10 6.2622E-10 6.0142E-10 5.6858E-10 5.4518E-10 5.2720E-10 4.9988E-10 4.8291E-10 4.6147E-10 4.4082E-10 4.2055E-10 4.0101E-10 3.8195E-10 3.5908E-10
3.1211E-09 3.0262E-09 2.9291E-09 2.8320E-09 2.7354E-09 2.6379E-09 2.5426E-09 2.4471E-09 2.3535E-09 2.2619E-09 2.1744E-09 2.0911E-09 2.0118E-09 1.9367E-09 1.8654E-09 1.7972E-09 1.7326E-09 1.6721E-09 1.6153E-09 1.5624E-09 1.5125E-09 1.4650E-09 1.4201E-09 1.3760E-09 1.3318E-09 1.2894E-09 1.2490E-09 1.2092E-09 1.1711E-09 1.1350E-09 1.1001E-09 1.0669E-09 1.0192E-09 9.9012E-10 9.6158E-10 9.1154E-10 8.8523E-10 8.4489E-10 8.0501E-10 7.8150E-10 7.4408E-10 7.2187E-10 6.8532E-10 6.5018E-10 6.2995E-10 6.0484E-10 5.8535E-10 5.5283E-10 5.2967E-10 5.1186E-10 4.8489E-10 4.6812E-10 4.4239E-10 4.2666E-10 4.0222E-10 3.8301E-10 3.5990E-10
3.1831E-09 3.0857E-09 2.9862E-09 2.8874E-09 2.7881E-09 2.6891E-09 2.5921E-09 2.4944E-09 2.3996E-09 2.3057E-09 2.2160E-09 2.1305E-09 2.0491E-09 1.9721E-09 1.8990E-09 1.8294E-09 1.7635E-09 1.7015E-09 1.6429E-09 1.5879E-09 1.5366E-09 1.4881E-09 1.4419E-09 1.3973E-09 1.3526E-09 1.3088E-09 1.2680E-09 1.2266E-09 1.1874E-09 1.1500E-09 1.1134E-09 1.0794E-09 1.0472E-09 1.0002E-09 9.7118E-10 9.4288E-10 8.9315E-10 8.6701E-10 8.2700E-10 7.8738E-10 7.6392E-10 7.2675E-10 7.0454E-10 6.6824E-10 6.3335E-10 6.1322E-10 5.8831E-10 5.6896E-10 5.3183E-10 5.1392E-10 4.9142E-10 4.6975E-10 4.4843E-10 4.2791E-10 4.0783E-10 3.8385E-10 3.6964E-10
3.2543E-09 3.1525E-09 3.0502E-09 2.9490E-09 2.8465E-09 2.7458E-09 2.6462E-09 2.5476E-09 2.4517E-09 2.3561E-09 2.2648E-09 2.1777E-09 2.0949E-09 2.0161E-09 1.9407E-09 1.8690E-09 1.8005E-09 1.7356E-09 1.6746E-09 1.6180E-09 1.5650E-09 1.5146E-09 1.4666E-09 1.4204E-09 1.3747E-09 1.3293E-09 1.2860E-09 1.2442E-09 1.2045E-09 1.1660E-09 1.1279E-09 1.0924E-09 1.0588E-09 1.0103E-09 9.8038E-10 9.5168E-10 9.0758E-10 8.7423E-10 8.4820E-10 8.0856E-10 7.6913E-10 7.4583E-10 7.0887E-10 6.7190E-10 6.5072E-10 6.1615E-10 5.9095E-10 5.7148E-10 5.3882E-10 5.1570E-10 4.9799E-10 4.7111E-10 4.5448E-10 4.2891E-10 4.0868E-10 3.8916E-10 3.7021E-10
3.3180E-09 3.2122E-09 3.1075E-09 3.0030E-09 2.8988E-09 2.7965E-09 2.6944E-09 2.5945E-09 2.4964E-09 2.4000E-09 2.3069E-09 2.2181E-09 2.1335E-09 2.0527E-09 1.9756E-09 1.9024E-09 1.8324E-09 1.7665E-09 1.7046E-09 1.6461E-09 1.5907E-09 1.5385E-09 1.4890E-09 1.4421E-09 1.3955E-09 1.3504E-09 1.3051E-09 1.2617E-09 1.2205E-09 1.1809E-09 1.1423E-09 1.1060E-09 1.0712E-09 1.0375E-09 9.8915E-10 9.6004E-10 9.3146E-10 8.8783E-10 8.5466E-10 8.1419E-10 7.7401E-10 7.5045E-10 7.1282E-10 6.9049E-10 6.5388E-10 6.1873E-10 5.9861E-10 5.7368E-10 5.5439E-10 5.1719E-10 4.9940E-10 4.7704E-10 4.5551E-10 4.3440E-10 4.1407E-10 3.9425E-10 3.7057E-10
3.3831E-09 3.2754E-09 3.1688E-09 3.0614E-09 2.9553E-09 2.8506E-09 2.7465E-09 2.6452E-09 2.5446E-09 2.4469E-09 2.3518E-09 2.2612E-09 2.1747E-09 2.0919E-09 2.0131E-09 1.9374E-09 1.8651E-09 1.7967E-09 1.7325E-09 1.6726E-09 1.6164E-09 1.5633E-09 1.5126E-09 1.4642E-09 1.4163E-09 1.3695E-09 1.3242E-09 1.2789E-09 1.2375E-09 1.1961E-09 1.1569E-09 1.1188E-09 1.0826E-09 1.0480E-09 1.0154E-09 9.6793E-10 9.3904E-10 9.1073E-10 8.6745E-10 8.3464E-10 7.9447E-10 7.5469E-10 7.3123E-10 6.9391E-10 6.7169E-10 6.3548E-10 6.0075E-10 5.8080E-10 5.5617E-10 5.2351E-10 5.0052E-10 4.8298E-10 4.5627E-10 4.3985E-10 4.1453E-10 3.9459E-10 3.7535E-10
3.4491E-09 3.3383E-09 3.2282E-09 3.1179E-09 3.0097E-09 2.9025E-09 2.7968E-09 2.6942E-09 2.5923E-09 2.4941E-09 2.3975E-09 2.3052E-09 2.2166E-09 2.1317E-09 2.0503E-09 1.9723E-09 1.8983E-09 1.8288E-09 1.7633E-09 1.7015E-09 1.6428E-09 1.5877E-09 1.5352E-09 1.4856E-09 1.4378E-09 1.3903E-09 1.3435E-09 1.2977E-09 1.2535E-09 1.2113E-09 1.1711E-09 1.1322E-09 1.0946E-09 1.0594E-09 1.0252E-09 9.9237E-10 9.4617E-10 9.1746E-10 8.8942E-10 8.3995E-10 8.1407E-10 7.7423E-10 7.3489E-10 7.1154E-10 6.7458E-10 6.3780E-10 6.1677E-10 5.8250E-10 5.5764E-10 5.3849E-10 5.0136E-10 4.8376E-10 4.6163E-10 4.4031E-10 4.1948E-10 3.9942E-10 3.7992E-10
3.5137E-09 3.4005E-09 3.2865E-09 3.1742E-09 3.0638E-09 2.9541E-09 2.8469E-09 2.7421E-09 2.6395E-09 2.5400E-09 2.4419E-09 2.3474E-09 2.2568E-09 2.1705E-09 2.0877E-09 2.0087E-09 1.9335E-09 1.8620E-09 1.7938E-09 1.7294E-09 1.6693E-09 1.6129E-09 1.5596E-09 1.5087E-09 1.4587E-09 1.4100E-09 1.3625E-09 1.3170E-09 1.2710E-09 1.2265E-09 1.1847E-09 1.1450E-09 1.1056E-09 1.0703E-09 1.0353E-09 1.0010E-09 9.5306E-10 9.2385E-10 8.9542E-10 8.5174E-10 8.1873E-10 7.7817E-10 7.3816E-10 7.1464E-10 6.7711E-10 6.5491E-10 6.1863E-10 5.8388E-10 5.6406E-10 5.3957E-10 5.2067E-10 4.8426E-10 4.6694E-10 4.4051E-10 4.1956E-10 3.9938E-10 3.7979E-10
3.5842E-09 3.4684E-09 3.3510E-09 3.2365E-09 3.1232E-09 3.0118E-09 2.9033E-09 2.7961E-09 2.6922E-09 2.5906E-09 2.4915E-09 2.3952E-09 2.3030E-09 2.2139E-09 2.1285E-09 2.0471E-09 1.9697E-09 1.8958E-09 1.8258E-09 1.7591E-09 1.6969E-09 1.6386E-09 1.5832E-09 1.5303E-09 1.4802E-09 1.4315E-09 1.3825E-09 1.3348E-09 1.2882E-09 1.2432E-09 1.1997E-09 1.1574E-09 1.1180E-09 1.0800E-09 1.0446E-09 1.0102E-09 9.7705E-10 9.2990E-10 9.0109E-10 8.7278E-10 8.2974E-10 7.9696E-10 7.5692E-10 7.1737E-10 6.9400E-10 6.5695E-10 6.2015E-10 5.9923E-10 5.6503E-10 5.4034E-10 5.2139E-10 4.8447E-10 4.6712E-10 4.4530E-10 4.2427E-10 4.0379E-10 3.7943E-10
3.6517E-09 3.5319E-09 3.4125E-09 3.2954E-09 3.1794E-09 3.0661E-09 2.9554E-09 2.8466E-09 2.7416E-09 2.6380E-09 2.5375E-09 2.4396E-09 2.3455E-09 2.2550E-09 2.1685E-09 2.0859E-09 2.0072E-09 1.9319E-09 1.8599E-09 1.7915E-09 1.7270E-09 1.6662E-09 1.6087E-09 1.5539E-09 1.5015E-09 1.4513E-09 1.4020E-09 1.3534E-09 1.3063E-09 1.2594E-09 1.2142E-09 1.1703E-09 1.1298E-09 1.0908E-09 1.0541E-09 1.0193E-09 9.8461E-10 9.5252E-10 9.0646E-10 8.7775E-10 8.4975E-10 8.0057E-10 7.7479E-10 7.3524E-10 6.9620E-10 6.5862E-10 6.3651E-10 6.0032E-10 5.6568E-10 5.4606E-10 5.2180E-10 5.0314E-10 4.6703E-10 4.4509E-10 4.2394E-10 4.0338E-10 3.8355E-10
3.7203E-09 3.5967E-09 3.4752E-09 3.3549E-09 3.2368E-09 3.1217E-09 3.0087E-09 2.8983E-09 2.7917E-09 2.6869E-09 2.5854E-09 2.4858E-09 2.3894E-09 2.2968E-09 2.2083E-09 2.1239E-09 2.0433E-09 1.9664E-09 1.8931E-09 1.8236E-09 1.7574E-09 1.6949E-09 1.6355E-09 1.5781E-09 1.5247E-09 1.4731E-09 1.4219E-09 1.3717E-09 1.3236E-09 1.2763E-09 1.2293E-09 1.1843E-09 1.1414E-09 1.1014E-09 1.0626E-09 1.0279E-09 9.9260E-10 9.5917E-10 9.1162E-10 8.8240E-10 8.5395E-10 8.1061E-10 7.7774E-10 7.3762E-10 6.9802E-10 6.7474E-10 6.3772E-10 6.0106E-10 5.8034E-10 5.4634E-10 5.2191E-10 5.0322E-10 4.6667E-10 4.4963E-10 4.2818E-10 4.0272E-10 3.8282E-10
3.7923E-09 3.6670E-09 3.5450E-09 3.4217E-09 3.3018E-09 3.1845E-09 3.0698E-09 2.9580E-09 2.8492E-09 2.7425E-09 2.6390E-09 2.5377E-09 2.4397E-09 2.3456E-09 2.2554E-09 2.1684E-09 2.0851E-09 2.0053E-09 1.9293E-09 1.8571E-09 1.7882E-09 1.7231E-09 1.6621E-09 1.6042E-09 1.5485E-09 1.4942E-09 1.4429E-09 1.3918E-09 1.3413E-09 1.2930E-09 1.2448E-09 1.1995E-09 1.1539E-09 1.1125E-09 1.0725E-09 1.0356E-09 1.0003E-09 9.6579E-10 9.3347E-10 8.8697E-10 8.5792E-10 8.2977E-10 7.8702E-10 7.5462E-10 7.1503E-10 6.7606E-10 6.3857E-10 6.1665E-10 5.8068E-10 5.4630E-10 5.2695E-10 5.0301E-10 4.6603E-10 4.4899E-10 4.2745E-10 4.0670E-10 3.8659E-10
