Assets/Resources/2015_m01_d14_0700(utc+0800)_l00_csi_1hr_conc.grd
DSAA
         159         159
     -79.000      79.000
     -79.000      79.000
  0.0000E+00  0.9660E-05
[rows 75 to 99 of 159, columns 57 to 113 of 159]
1.2685E-08 1.3722E-08 1.5200E-08 1.7245E-08 1.9617E-08 2.2490E-08 2.6221E-08 3.0793E-08 3.5982E-08 4.2841E-08 5.0700E-08 6.0871E-08 7.2472E-08 8.6247E-08 1.0229E-07 1.2082E-07 1.4274E-07 1.6894E-07 1.9702E-07 3.7471E-07 3.6415E-06 1.9630E-06 2.0472E-06 1.8356E-06 6.0726E-07 3.6956E-07 3.6317E-07 3.4871E-07 3.2654E-07 2.9806E-07 2.6557E-07 2.3115E-07 1.9719E-07 1.6514E-07 1.3630E-07 1.1106E-07 8.9536E-08 6.9615E-08 5.4760E-08 3.9230E-08 2.9796E-08 2.3007E-08 1.8322E-08 1.4419E-08 1.1221E-08 8.6407E-09 6.5925E-09 4.9259E-09 3.6415E-09 2.6632E-09 1.9408E-09 1.1571E-09 6.6320E-10 4.5205E-10 3.1025E-10 1.7897E-10 9.1218E-11
1.2100E-08 1.3071E-08 1.4476E-08 1.6398E-08 1.8618E-08 2.1374E-08 2.4922E-08 2.9309E-08 3.4305E-08 4.0984E-08 4.8631E-08 5.8698E-08 7.0227E-08 8.3938E-08 1.0019E-07 1.1922E-07 1.4174E-07 1.6978E-07 2.0112E-07 2.3101E-07 2.0918E-06 2.3723E-06 2.1648E-06 2.3302E-06 1.3851E-06 3.9433E-07 3.7373E-07 3.5928E-07 3.3687E-07 3.0778E-07 2.7408E-07 2.3833E-07 2.0325E-07 1.7004E-07 1.3990E-07 1.1351E-07 9.0135E-08 6.2760E-08 4.3498E-08 3.5407E-08 2.8548E-08 2.2045E-08 1.7533E-08 1.3777E-08 1.0705E-08 8.2311E-09 6.2677E-09 4.6712E-09 3.4447E-09 2.5092E-09 1.8107E-09 1.0237E-09 5.9879E-10 4.0494E-10 2.7326E-10 1.4545E-10 8.4158E-11
1.1471E-08 1.2370E-08 1.3688E-08 1.5472E-08 1.7286E-08 2.0116E-08 2.3429E-08 2.7573E-08 3.2286E-08 3.8649E-08 4.5985E-08 5.5752E-08 6.6950E-08 8.0466E-08 9.6529E-08 1.1601E-07 1.3913E-07 1.6667E-07 1.9792E-07 2.3206E-07 2.6566E-07 9.6596E-06 2.5599E-06 2.5486E-06 2.5136E-06 6.3538E-07 3.8062E-07 3.6794E-07 3.4591E-07 3.1640E-07 2.8239E-07 2.4642E-07 2.1021E-07 1.7544E-07 1.4267E-07 1.0469E-07 6.2633E-08 4.9972E-08 4.1064E-08 3.3475E-08 2.6979E-08 2.0848E-08 1.6562E-08 1.2998E-08 1.0085E-08 7.7441E-09 5.8876E-09 4.3686E-09 3.2224E-09 2.3314E-09 1.6592E-09 8.8296E-10 5.3257E-10 3.5841E-10 2.2995E-10 1.1791E-10 7.8080E-11
1.0623E-08 1.1626E-08 1.2851E-08 1.4090E-08 1.6138E-08 1.8746E-08 2.1786E-08 2.5238E-08 2.9970E-08 3.5932E-08 4.2803E-08 5.2077E-08 6.2771E-08 7.5742E-08 9.1425E-08 1.1059E-07 1.3510E-07 1.6265E-07 1.9157E-07 2.2514E-07 2.6115E-07 2.9826E-07 4.0053E-06 2.9076E-06 3.1378E-06 2.0865E-06 3.8553E-07 3.7270E-07 3.5240E-07 3.2471E-07 2.9158E-07 2.5526E-07 2.1617E-07 1.6734E-07 8.7090E-08 7.1040E-08 5.7944E-08 4.6433E-08 3.8273E-08 3.1201E-08 2.4975E-08 1.9453E-08 1.5438E-08 1.2104E-08 9.3811E-09 7.1944E-09 5.4585E-09 4.0305E-09 2.9739E-09 2.1304E-09 1.4806E-09 7.4183E-10 4.6893E-10 3.0775E-10 1.8778E-10 9.7612E-11 7.1661E-11
9.9725E-09 1.0850E-08 1.1959E-08 1.3088E-08 1.4931E-08 1.7285E-08 1.9777E-08 2.3165E-08 2.7450E-08 3.2882E-08 3.9195E-08 4.7822E-08 5.7781E-08 7.0021E-08 8.5277E-08 1.0363E-07 1.2659E-07 1.5340E-07 1.8399E-07 2.1480E-07 2.4954E-07 2.8615E-07 3.2120E-07 4.3490E-06 3.3100E-06 1.0269E-06 3.8371E-07 3.7562E-07 3.5884E-07 3.3369E-07 2.9929E-07 2.5005E-07 1.2217E-07 9.5326E-08 7.8503E-08 6.4433E-08 5.2519E-08 4.2590E-08 3.5149E-08 2.8662E-08 2.2722E-08 1.7902E-08 1.4197E-08 1.1121E-08 8.6122E-09 6.5974E-09 4.9945E-09 3.6716E-09 2.7064E-09 1.9100E-09 1.2778E-09 6.1605E-10 4.0178E-10 2.5703E-10 1.4843E-10 8.4385E-11 6.5047E-11
9.3292E-09 1.0079E-08 1.0848E-08 1.2037E-08 1.3568E-08 1.5639E-08 1.8009E-08 2.0998E-08 2.4803E-08 2.9638E-08 3.5313E-08 4.3133E-08 5.2232E-08 6.3485E-08 7.7606E-08 9.6142E-08 1.1660E-07 1.4109E-07 1.6960E-07 2.0178E-07 2.3581E-07 2.6916E-07 3.0356E-07 3.3131E-07 3.5438E-07 3.7098E-07 3.7865E-07 3.7724E-07 3.6262E-07 3.2888E-07 1.8647E-07 1.2101E-07 1.0097E-07 8.3927E-08 6.9397E-08 5.7305E-08 4.6718E-08 3.8510E-08 3.1804E-08 2.5771E-08 2.0606E-08 1.6246E-08 1.2875E-08 1.0079E-08 7.8011E-09 5.9710E-09 4.5036E-09 3.3025E-09 2.4203E-09 1.6749E-09 1.0626E-09 5.0963E-10 3.3284E-10 2.0837E-10 1.1577E-10 7.5626E-11 5.8500E-11
8.6766E-09 9.1703E-09 9.9801E-09 1.1005E-08 1.2335E-08 1.3751E-08 1.5925E-08 1.8799E-08 2.1857E-08 2.5996E-08 3.1344E-08 3.8227E-08 4.6307E-08 5.6493E-08 6.9231E-08 8.5650E-08 1.0537E-07 1.2866E-07 1.5307E-07 1.8263E-07 2.1566E-07 2.5016E-07 2.8073E-07 3.1025E-07 3.3712E-07 3.5897E-07 3.7077E-07 3.6568E-07 2.5722E-07 1.4088E-07 1.2097E-07 1.0268E-07 8.6571E-08 7.2586E-08 6.0318E-08 5.0117E-08 4.1490E-08 3.4297E-08 2.8350E-08 2.3006E-08 1.8111E-08 1.4535E-08 1.1514E-08 9.0102E-09 6.9694E-09 5.3283E-09 4.0017E-09 2.9232E-09 2.1176E-09 1.4271E-09 8.4920E-10 4.2146E-10 2.7143E-10 1.6449E-10 9.2426E-11 6.8240E-11 5.2229E-11
7.9143E-09 8.4249E-09 9.1298E-09 1.0022E-08 1.1143E-08 1.2341E-08 1.4223E-08 1.6278E-08 1.8767E-08 2.2834E-08 2.7389E-08 3.3293E-08 4.0297E-08 4.9280E-08 6.1432E-08 7.4841E-08 9.1904E-08 1.1241E-07 1.3655E-07 1.6229E-07 1.9184E-07 2.2416E-07 2.5513E-07 2.8678E-07 3.1613E-07 3.3660E-07 2.9046E-07 1.4648E-07 1.3092E-07 1.1499E-07 9.9686E-08 8.5626E-08 7.2942E-08 6.1696E-08 5.1959E-08 4.3042E-08 3.5896E-08 3.0086E-08 2.4731E-08 2.0035E-08 1.5975E-08 1.2817E-08 1.0153E-08 7.9435E-09 6.1426E-09 4.6845E-09 3.5001E-09 2.5428E-09 1.8058E-09 1.1729E-09 6.5034E-10 3.4238E-10 2.1586E-10 1.2495E-10 7.7990E-11 6.1030E-11 4.7015E-11
7.2263E-09 7.7238E-09 8.3139E-09 8.8824E-09 9.7929E-09 1.0997E-08 1.2610E-08 1.4344E-08 1.6526E-08 1.9148E-08 2.2917E-08 2.7896E-08 3.4482E-08 4.2126E-08 5.2299E-08 6.4788E-08 7.8996E-08 9.6220E-08 1.1705E-07 1.4162E-07 1.6974E-07 1.9754E-07 2.2822E-07 2.5777E-07 2.5930E-07 1.3196E-07 1.2467E-07 1.1480E-07 1.0370E-07 9.2253E-08 8.0843E-08 7.0291E-08 6.0481E-08 5.1708E-08 4.3900E-08 3.6949E-08 3.0973E-08 2.5996E-08 2.1179E-08 1.7071E-08 1.3884E-08 1.1140E-08 8.8250E-09 6.9056E-09 5.3357E-09 4.0558E-09 3.0021E-09 2.1649E-09 1.4554E-09 9.2516E-10 4.8416E-10 2.6958E-10 1.6500E-10 9.6079E-11 6.9330E-11 5.4031E-11 4.2316E-11
6.6396E-09 6.8909E-09 7.1821E-09 7.9401E-09 8.7497E-09 9.7578E-09 1.1086E-08 1.2519E-08 1.4326E-08 1.6589E-08 1.9333E-08 2.2736E-08 2.8709E-08 3.5572E-08 4.3843E-08 5.4087E-08 6.6680E-08 8.2005E-08 9.8941E-08 1.2030E-07 1.4508E-07 1.7036E-07 1.8828E-07 1.0802E-07 1.0254E-07 1.0032E-07 9.5683E-08 8.8922E-08 8.1192E-08 7.3022E-08 6.4619E-08 5.6930E-08 4.9569E-08 4.2732E-08 3.6434E-08 3.0901E-08 2.6324E-08 2.1990E-08 1.8087E-08 1.4620E-08 1.1892E-08 9.5448E-09 7.5623E-09 5.9178E-09 4.5624E-09 3.4502E-09 2.5215E-09 1.7958E-09 1.1855E-09 6.9395E-10 3.5213E-10 2.0828E-10 1.2264E-10 7.8017E-11 6.1502E-11 4.8003E-11 3.8037E-11
6.0783E-09 6.2872E-09 6.5020E-09 6.7829E-09 7.1776E-09 8.3331E-09 9.4024E-09 1.0812E-08 1.2300E-08 1.4169E-08 1.6481E-08 1.9343E-08 2.3032E-08 2.8499E-08 3.6039E-08 4.4364E-08 5.4851E-08 6.7659E-08 8.3474E-08 1.0093E-07 1.1842E-07 8.9127E-08 7.4211E-08 7.6395E-08 7.6828E-08 7.5706E-08 7.2715E-08 6.8221E-08 6.2817E-08 5.7208E-08 5.1192E-08 4.5680E-08 4.0104E-08 3.4731E-08 2.9851E-08 2.5827E-08 2.1898E-08 1.8266E-08 1.4948E-08 1.2335E-08 1.0038E-08 8.0599E-09 6.3893E-09 4.9937E-09 3.8360E-09 2.8713E-09 2.0680E-09 1.4343E-09 8.9722E-10 4.9530E-10 2.5633E-10 1.5248E-10 9.2589E-11 6.8604E-11 5.3993E-11 4.2538E-11 3.3483E-11
5.5483E-09 5.7179E-09 5.9010E-09 6.1311E-09 6.3876E-09 6.8280E-09 7.8378E-09 9.2484E-09 1.0479E-08 1.1979E-08 1.3860E-08 1.6300E-08 1.9391E-08 2.3380E-08 2.8373E-08 3.5307E-08 4.3773E-08 5.5042E-08 6.6986E-08 6.4641E-08 4.9711E-08 5.2763E-08 5.5275E-08 5.6755E-08 5.7377E-08 5.6776E-08 5.4829E-08 5.2050E-08 4.8383E-08 4.4567E-08 4.0188E-08 3.6254E-08 3.1973E-08 2.7911E-08 2.4538E-08 2.1129E-08 1.7885E-08 1.4833E-08 1.2423E-08 1.0255E-08 8.3510E-09 6.7099E-09 5.3181E-09 4.1429E-09 3.1596E-09 2.3202E-09 1.6447E-09 1.0817E-09 6.4449E-10 3.3870E-10 1.8725E-10 1.1126E-10 7.4986E-11 6.0308E-11 4.7327E-11 3.7633E-11 2.9113E-11
5.0557E-09 5.1692E-09 5.3216E-09 5.4799E-09 5.6862E-09 5.9502E-09 6.3389E-09 6.8382E-09 8.4607E-09 9.8417E-09 1.1335E-08 1.3519E-08 1.6271E-08 1.9631E-08 2.3379E-08 2.8418E-08 3.4442E-08 3.8584E-08 3.0665E-08 3.4420E-08 3.6673E-08 3.9139E-08 4.0795E-08 4.2051E-08 4.2313E-08 4.2151E-08 4.1300E-08 3.9627E-08 3.7035E-08 3.4462E-08 3.1170E-08 2.8421E-08 2.5256E-08 2.2570E-08 1.9747E-08 1.6973E-08 1.4277E-08 1.2139E-08 1.0172E-08 8.4031E-09 6.8501E-09 5.5026E-09 4.3493E-09 3.3656E-09 2.5319E-09 1.8220E-09 1.2528E-09 7.8256E-10 4.3797E-10 2.2925E-10 1.3236E-10 8.4502E-11 6.5769E-11 5.2429E-11 4.1372E-11 3.2811E-11 2.4819E-11
4.6085E-09 4.7017E-09 4.7941E-09 4.9098E-09 5.0466E-09 5.2526E-09 5.5029E-09 5.9237E-09 6.4735E-09 7.3665E-09 8.9867E-09 1.0739E-08 1.3285E-08 1.5964E-08 1.9303E-08 2.1852E-08 1.8557E-08 2.0953E-08 2.3465E-08 2.4718E-08 2.6693E-08 2.8616E-08 2.9866E-08 3.0799E-08 3.1291E-08 3.1444E-08 3.1085E-08 3.0044E-08 2.8109E-08 2.6407E-08 2.4050E-08 2.2121E-08 1.9941E-08 1.7875E-08 1.5611E-08 1.3328E-08 1.1509E-08 9.7919E-09 8.2123E-09 6.7919E-09 5.5339E-09 4.4346E-09 3.4836E-09 2.6641E-09 1.9581E-09 1.3719E-09 8.9380E-10 5.3023E-10 2.8831E-10 1.5366E-10 9.4745E-11 7.0960E-11 5.7145E-11 4.5442E-11 3.6100E-11 2.8225E-11 2.0212E-11
4.1476E-09 4.2634E-09 4.3410E-09 4.4176E-09 4.5068E-09 4.6429E-09 4.8156E-09 5.0618E-09 5.4645E-09 5.9944E-09 6.6420E-09 8.0674E-09 9.7217E-09 1.2084E-08 1.1734E-08 1.3233E-08 1.4889E-08 1.6280E-08 1.7876E-08 1.8870E-08 1.9829E-08 2.0716E-08 2.1555E-08 2.2635E-08 2.3192E-08 2.3434E-08 2.3271E-08 2.2207E-08 2.1303E-08 2.0160E-08 1.8652E-08 1.7208E-08 1.5467E-08 1.3916E-08 1.2068E-08 1.0585E-08 9.1472E-09 7.7891E-09 6.5380E-09 5.4050E-09 4.3922E-09 3.4973E-09 2.7160E-09 2.0346E-09 1.4533E-09 9.7283E-10 6.0002E-10 3.4180E-10 1.8708E-10 1.0547E-10 7.5160E-11 6.1622E-11 4.9128E-11 3.9287E-11 3.1105E-11 2.3514E-11 1.6081E-11
3.7283E-09 3.7973E-09 3.9165E-09 3.9787E-09 4.0403E-09 4.1105E-09 4.2189E-09 4.3759E-09 4.6050E-09 4.9886E-09 5.5266E-09 6.2643E-09 7.0987E-09 7.8935E-09 8.4934E-09 9.8617E-09 1.1385E-08 1.2901E-08 1.3537E-08 1.4285E-08 1.4945E-08 1.5712E-08 1.6241E-08 1.6888E-08 1.7323E-08 1.7516E-08 1.7438E-08 1.7048E-08 1.6233E-08 1.5414E-08 1.4218E-08 1.3165E-08 1.1726E-08 1.0606E-08 9.4485E-09 8.2918E-09 7.1711E-09 6.1105E-09 5.1236E-09 4.2203E-09 3.4053E-09 2.6840E-09 2.0442E-09 1.4819E-09 1.0210E-09 6.5296E-10 3.8407E-10 2.0860E-10 1.1939E-10 7.9276E-11 6.5129E-11 5.2629E-11 4.2111E-11 3.3882E-11 2.6260E-11 1.8747E-11 1.2723E-11
3.3202E-09 3.3928E-09 3.4522E-09 3.5432E-09 3.6039E-09 3.6672E-09 3.7132E-09 3.7911E-09 3.9375E-09 4.2052E-09 4.6449E-09 5.0062E-09 5.6546E-09 6.3257E-09 7.0524E-09 7.5438E-09 8.2930E-09 9.3469E-09 9.8416E-09 1.0515E-08 1.1108E-08 1.1578E-08 1.2174E-08 1.2648E-08 1.2970E-08 1.3123E-08 1.3084E-08 1.2606E-08 1.2172E-08 1.1601E-08 1.0598E-08 9.8617E-09 9.0537E-09 8.1913E-09 7.3014E-09 6.4093E-09 5.5413E-09 4.7122E-09 3.9339E-09 3.2174E-09 2.5667E-09 1.9801E-09 1.4563E-09 1.0185E-09 6.6858E-10 4.1186E-10 2.3601E-10 1.2978E-10 8.3201E-11 6.8015E-11 5.5608E-11 4.4805E-11 3.6216E-11 2.8813E-11 2.1166E-11 1.4632E-11 1.0146E-11
2.9888E-09 3.0241E-09 3.0731E-09 3.1180E-09 3.1984E-09 3.2409E-09 3.3031E-09 3.3342E-09 3.3813E-09 3.4903E-09 3.6991E-09 4.0629E-09 4.3883E-09 4.9076E-09 5.5172E-09 6.1412E-09 6.6723E-09 6.8975E-09 7.1350E-09 7.4546E-09 7.7994E-09 8.6188E-09 9.0318E-09 9.3623E-09 9.5917E-09 9.7044E-09 9.3541E-09 9.2203E-09 8.9411E-09 8.5589E-09 8.0806E-09 7.5221E-09 6.9040E-09 6.2456E-09 5.5651E-09 4.8769E-09 4.2009E-09 3.5510E-09 2.9404E-09 2.3704E-09 1.8516E-09 1.3756E-09 9.7591E-10 6.5464E-10 4.1479E-10 2.4415E-10 1.4057E-10 9.3052E-11 7.0240E-11 5.7989E-11 4.7046E-11 3.8121E-11 3.0824E-11 2.3558E-11 1.6450E-11 1.1558E-11 7.6256E-12
2.6894E-09 2.7131E-09 2.7358E-09 2.7722E-09 2.8056E-09 2.8670E-09 2.9029E-09 2.9484E-09 2.9591E-09 2.9703E-09 3.0041E-09 3.1511E-09 3.4597E-09 3.8635E-09 4.1473E-09 4.6783E-09 5.0845E-09 5.2769E-09 5.4204E-09 5.7039E-09 6.0376E-09 6.3456E-09 6.6154E-09 6.8327E-09 6.9850E-09 7.0625E-09 7.0539E-09 6.9464E-09 6.7353E-09 6.4477E-09 6.0884E-09 5.6661E-09 5.1943E-09 4.6874E-09 4.1625E-09 3.6281E-09 3.1035E-09 2.5930E-09 2.1107E-09 1.6576E-09 1.2446E-09 8.9458E-10 6.1107E-10 3.9584E-10 2.3776E-10 1.4129E-10 9.4063E-11 7.1738E-11 5.9710E-11 4.8780E-11 3.9692E-11 3.2387E-11 2.5416E-11 1.8339E-11 1.2765E-11 8.9904E-12 5.1236E-12
2.4130E-09 2.4320E-09 2.4475E-09 2.4584E-09 2.4717E-09 2.5017E-09 2.5360E-09 2.5581E-09 2.5932E-09 2.5883E-09 2.5845E-09 2.5737E-09 2.6213E-09 2.7946E-09 3.1760E-09 3.4080E-09 3.7269E-09 3.8659E-09 4.1484E-09 4.4029E-09 4.6358E-09 4.8445E-09 5.0212E-09 5.1593E-09 5.2492E-09 5.2870E-09 5.2641E-09 5.1745E-09 5.0136E-09 4.7938E-09 4.5180E-09 4.1959E-09 3.8291E-09 3.4366E-09 3.0293E-09 2.6132E-09 2.2039E-09 1.8010E-09 1.4196E-09 1.0781E-09 7.8349E-10 5.4332E-10 3.5767E-10 2.2466E-10 1.3902E-10 9.4769E-11 7.2475E-11 6.0729E-11 4.9965E-11 4.0918E-11 3.3633E-11 2.6778E-11 1.9824E-11 1.4092E-11 1.0020E-11 6.3021E-12 3.0556E-12
2.1588E-09 2.1736E-09 2.1848E-09 2.1919E-09 2.1895E-09 2.1833E-09 2.1889E-09 2.2135E-09 2.2199E-09 2.2460E-09 2.2446E-09 2.2279E-09 2.2179E-09 2.1963E-09 2.2410E-09 2.4166E-09 2.5536E-09 2.8302E-09 3.0768E-09 3.2917E-09 3.4768E-09 3.6292E-09 3.7437E-09 3.8237E-09 3.8672E-09 3.8769E-09 3.8530E-09 3.7780E-09 3.6461E-09 3.4726E-09 3.2639E-09 3.0127E-09 2.7272E-09 2.4265E-09 2.1071E-09 1.7849E-09 1.4669E-09 1.1633E-09 8.9063E-10 6.5596E-10 4.6331E-10 3.1329E-10 2.0437E-10 1.3656E-10 1.0120E-10 7.9662E-11 6.1027E-11 5.0575E-11 4.1695E-11 3.4532E-11 2.7813E-11 2.1000E-11 1.5137E-11 1.1005E-11 7.3181E-12 3.9825E-12 1.7062E-12
1.9234E-09 1.9367E-09 1.9430E-09 1.9400E-09 1.9320E-09 1.9195E-09 1.8996E-09 1.8825E-09 1.9003E-09 1.9033E-09 1.9051E-09 1.9123E-09 1.8995E-09 1.8820E-09 1.8435E-09 1.8085E-09 1.8242E-09 1.9112E-09 2.0855E-09 2.2843E-09 2.4425E-09 2.5552E-09 2.6391E-09 2.6853E-09 2.6951E-09 2.6816E-09 2.6416E-09 2.5848E-09 2.4983E-09 2.3833E-09 2.2210E-09 2.0367E-09 1.8321E-09 1.5979E-09 1.3649E-09 1.1271E-09 9.0516E-10 7.0028E-10 5.2694E-10 3.7832E-10 2.6120E-10 1.8219E-10 1.2870E-10 1.0171E-10 7.9116E-11 6.0603E-11 5.0598E-11 4.2014E-11 3.5065E-11 2.8497E-11 2.1844E-11 1.5925E-11 1.1715E-11 8.2954E-12 4.7313E-12 2.1936E-12 6.9775E-13
1.6794E-09 1.6873E-09 1.7144E-09 1.7093E-09 1.7010E-09 1.6870E-09 1.6686E-09 1.6435E-09 1.6187E-09 1.5928E-09 1.6033E-09 1.5970E-09 1.5916E-09 1.5853E-09 1.5756E-09 1.5573E-09 1.5318E-09 1.5016E-09 1.4831E-09 1.5032E-09 1.5785E-09 1.6725E-09 1.7452E-09 1.7776E-09 1.7843E-09 1.7531E-09 1.7032E-09 1.6348E-09 1.5687E-09 1.4883E-09 1.3947E-09 1.2669E-09 1.1170E-09 9.6501E-10 8.0916E-10 6.5380E-10 5.2330E-10 4.0551E-10 2.9456E-10 2.1575E-10 1.5814E-10 1.2337E-10 9.9733E-11 7.7789E-11 5.9480E-11 5.0041E-11 4.1950E-11 3.5221E-11 2.8816E-11 2.2335E-11 1.6470E-11 1.2211E-11 8.9409E-12 5.4927E-12 2.6369E-12 1.0798E-12 1.7921E-13
1.4885E-09 1.4872E-09 1.4836E-09 1.4823E-09 1.4915E-09 1.4789E-09 1.4602E-09 1.4371E-09 1.4089E-09 1.3767E-09 1.3437E-09 1.3175E-09 1.3281E-09 1.3165E-09 1.3089E-09 1.2994E-09 1.2862E-09 1.2654E-09 1.2363E-09 1.2026E-09 1.1623E-09 1.1273E-09 1.1099E-09 1.1070E-09 1.0795E-09 1.0498E-09 1.0070E-09 9.4443E-10 8.7535E-10 8.0123E-10 7.3444E-10 6.8807E-10 6.1721E-10 5.3206E-10 4.4746E-10 3.6687E-10 2.9700E-10 2.3009E-10 1.8082E-10 1.4627E-10 1.1976E-10 9.6787E-11 7.5357E-11 5.7699E-11 4.8926E-11 4.1464E-11 3.4999E-11 2.8765E-11 2.2466E-11 1.6760E-11 1.2544E-11 9.3293E-12 6.0378E-12 3.2269E-12 1.4347E-12 3.4592E-13 0.0000E+00
1.3147E-09 1.3126E-09 1.3072E-09 1.3001E-09 1.2905E-09 1.2766E-09 1.2734E-09 1.2532E-09 1.2272E-09 1.1985E-09 1.1691E-09 1.1453E-09 1.1174E-09 1.0884E-09 1.0875E-09 1.0700E-09 1.0505E-09 1.0332E-09 1.0105E-09 9.8384E-10 9.5100E-10 9.1194E-10 8.6787E-10 8.1971E-10 7.7150E-10 7.2549E-10 6.8388E-10 6.3974E-10 5.9417E-10 5.4669E-10 4.9638E-10 4.4473E-10 3.9401E-10 3.4254E-10 2.9132E-10 2.4365E-10 2.0171E-10 1.6520E-10 1.3978E-10 1.1499E-10 9.1817E-11 7.2263E-11 5.5380E-11 4.7289E-11 4.0573E-11 3.4408E-11 2.8349E-11 2.2235E-11 1.6789E-11 1.2707E-11 9.5692E-12 6.3881E-12 3.6511E-12 1.7879E-12 4.9495E-13 0.0000E+00 0.0000E+00
