Assets/Resources/2015_m01_d24_0800(utc+0800)_l00_csi_1hr_conc.grd
DSAA
         159         159
     -79.000      79.000
     -79.000      79.000
  0.5679E-11  0.3788E-05
[rows 75 to 99 of 159, columns 0 to 56 of 159]
1.7940E-10 1.9276E-10 2.0650E-10 2.2193E-10 2.3625E-10 2.5144E-10 2.6743E-10 2.8375E-10 3.0057E-10 3.1817E-10 3.3614E-10 3.5492E-10 3.7431E-10 3.9459E-10 4.1578E-10 4.3792E-10 4.6070E-10 4.8444E-10 5.0917E-10 5.3619E-10 5.6366E-10 5.9199E-10 6.2181E-10 6.5252E-10 6.8445E-10 7.1725E-10 7.6228E-10 8.1332E-10 8.6336E-10 9.1480E-10 9.6510E-10 1.0181E-09 1.0738E-09 1.1382E-09 1.2014E-09 1.2655E-09 1.3325E-09 1.4042E-09 1.4765E-09 1.5575E-09 1.6451E-09 1.7335E-09 1.8217E-09 1.9146E-09 2.0098E-09 2.1072E-09 2.2094E-09 2.3145E-09 2.4234E-09 2.5361E-09 2.6526E-09 2.7728E-09 2.8964E-09 3.0236E-09 3.1541E-09 3.2877E-09 3.4249E-09
1.7903E-10 1.9235E-10 2.0635E-10 2.2051E-10 2.3529E-10 2.5074E-10 2.6626E-10 2.8269E-10 2.9960E-10 3.1695E-10 3.3503E-10 3.5346E-10 3.7273E-10 3.9316E-10 4.1424E-10 4.3626E-10 4.5893E-10 4.8256E-10 5.0716E-10 5.3278E-10 5.6099E-10 5.8941E-10 6.1873E-10 6.4954E-10 6.8128E-10 7.1389E-10 7.4771E-10 7.9585E-10 8.4536E-10 8.9638E-10 9.4929E-10 9.9936E-10 1.0545E-09 1.1139E-09 1.1764E-09 1.2391E-09 1.3052E-09 1.3732E-09 1.4444E-09 1.5191E-09 1.6015E-09 1.6879E-09 1.7741E-09 1.8641E-09 1.9562E-09 2.0521E-09 2.1508E-09 2.2524E-09 2.3569E-09 2.4649E-09 2.5764E-09 2.6914E-09 2.8098E-09 2.9314E-09 3.0561E-09 3.1838E-09 3.3143E-09
1.7862E-10 1.9178E-10 2.0564E-10 2.2023E-10 2.3458E-10 2.4970E-10 2.6521E-10 2.8168E-10 2.9794E-10 3.1535E-10 3.3356E-10 3.5187E-10 3.7127E-10 3.9131E-10 4.1253E-10 4.3442E-10 4.5697E-10 4.8047E-10 5.0494E-10 5.3042E-10 5.5692E-10 5.8607E-10 6.1542E-10 6.4601E-10 6.7751E-10 7.1024E-10 7.4385E-10 7.7869E-10 8.3085E-10 8.7769E-10 9.2884E-10 9.8095E-10 1.0344E-09 1.0901E-09 1.1511E-09 1.2147E-09 1.2780E-09 1.3456E-09 1.4132E-09 1.4859E-09 1.5612E-09 1.6415E-09 1.7282E-09 1.8162E-09 1.9053E-09 1.9972E-09 2.0935E-09 2.1917E-09 2.2934E-09 2.3969E-09 2.5038E-09 2.6139E-09 2.7272E-09 2.8436E-09 2.9629E-09 3.0849E-09 3.2095E-09
1.7797E-10 1.9116E-10 2.0491E-10 2.1933E-10 2.3392E-10 2.4915E-10 2.6435E-10 2.8042E-10 2.9658E-10 3.1372E-10 3.3171E-10 3.5038E-10 3.6942E-10 3.8957E-10 4.1039E-10 4.3213E-10 4.5482E-10 4.7818E-10 5.0251E-10 5.2784E-10 5.5419E-10 5.8159E-10 6.1194E-10 6.4225E-10 6.7381E-10 7.0631E-10 7.3970E-10 7.7430E-10 8.1015E-10 8.6265E-10 9.0953E-10 9.6071E-10 1.0145E-09 1.0673E-09 1.1255E-09 1.1882E-09 1.2527E-09 1.3167E-09 1.3835E-09 1.4532E-09 1.5247E-09 1.6009E-09 1.6824E-09 1.7684E-09 1.8555E-09 1.9461E-09 2.0376E-09 2.1325E-09 2.2316E-09 2.3324E-09 2.4348E-09 2.5403E-09 2.6488E-09 2.7601E-09 2.8742E-09 2.9910E-09 3.1102E-09
1.7735E-10 1.9074E-10 2.0421E-10 2.1841E-10 2.3273E-10 2.4749E-10 2.6346E-10 2.7920E-10 2.9524E-10 3.1218E-10 3.3002E-10 3.4853E-10 3.6766E-10 3.8743E-10 4.0835E-10 4.2995E-10 4.5249E-10 4.7571E-10 4.9989E-10 5.2505E-10 5.5124E-10 5.7846E-10 6.0675E-10 6.3803E-10 6.6957E-10 7.0211E-10 7.3526E-10 7.6962E-10 8.0521E-10 8.4205E-10 8.9566E-10 9.4168E-10 9.9459E-10 1.0478E-09 1.0994E-09 1.1601E-09 1.2260E-09 1.2894E-09 1.3540E-09 1.4220E-09 1.4911E-09 1.5643E-09 1.6400E-09 1.7208E-09 1.8076E-09 1.8945E-09 1.9831E-09 2.0749E-09 2.1699E-09 2.2680E-09 2.3686E-09 2.4705E-09 2.5744E-09 2.6811E-09 2.7904E-09 2.9021E-09 3.0161E-09
1.7669E-10 1.8984E-10 2.0294E-10 2.1676E-10 2.3147E-10 2.4610E-10 2.6172E-10 2.7740E-10 2.9390E-10 3.1049E-10 3.2760E-10 3.4657E-10 3.6554E-10 3.8516E-10 4.0591E-10 4.2734E-10 4.4998E-10 4.7304E-10 4.9706E-10 5.2206E-10 5.4807E-10 5.7511E-10 6.0321E-10 6.3239E-10 6.6460E-10 6.9735E-10 7.3054E-10 7.6464E-10 7.9996E-10 8.3652E-10 8.7620E-10 9.2630E-10 9.7680E-10 1.0269E-09 1.0808E-09 1.1355E-09 1.1973E-09 1.2619E-09 1.3261E-09 1.3923E-09 1.4592E-09 1.5295E-09 1.6028E-09 1.6792E-09 1.7600E-09 1.8442E-09 1.9324E-09 2.0204E-09 2.1124E-09 2.2057E-09 2.3036E-09 2.4028E-09 2.5033E-09 2.6063E-09 2.7109E-09 2.8180E-09 2.9272E-09
1.7577E-10 1.8878E-10 2.0229E-10 2.1559E-10 2.2980E-10 2.4490E-10 2.6032E-10 2.7586E-10 2.9199E-10 3.0866E-10 3.2590E-10 3.4368E-10 3.6330E-10 3.8298E-10 4.0333E-10 4.2484E-10 4.4704E-10 4.7020E-10 4.9404E-10 5.1887E-10 5.4469E-10 5.7153E-10 5.9943E-10 6.2840E-10 6.5846E-10 6.9188E-10 7.2556E-10 7.5939E-10 7.9442E-10 8.3068E-10 8.6819E-10 9.0886E-10 9.5989E-10 1.0076E-09 1.0594E-09 1.1134E-09 1.1687E-09 1.2310E-09 1.2972E-09 1.3634E-09 1.4284E-09 1.4969E-09 1.5665E-09 1.6400E-09 1.7163E-09 1.7958E-09 1.8814E-09 1.9683E-09 2.0566E-09 2.1468E-09 2.2408E-09 2.3367E-09 2.4353E-09 2.5348E-09 2.6360E-09 2.7386E-09 2.8432E-09
1.7511E-10 1.8807E-10 2.0116E-10 2.1507E-10 2.2886E-10 2.4311E-10 2.5863E-10 2.7437E-10 2.9043E-10 3.0675E-10 3.2408E-10 3.4173E-10 3.6019E-10 3.8025E-10 4.0085E-10 4.2194E-10 4.4420E-10 4.6717E-10 4.9084E-10 5.1548E-10 5.4110E-10 5.6774E-10 5.9543E-10 6.2417E-10 6.5400E-10 6.8495E-10 7.1930E-10 7.5360E-10 7.8859E-10 8.2455E-10 8.6173E-10 9.0018E-10 9.4180E-10 9.9097E-10 1.0422E-09 1.0938E-09 1.1476E-09 1.2044E-09 1.2646E-09 1.3329E-09 1.3986E-09 1.4661E-09 1.5334E-09 1.6032E-09 1.6764E-09 1.7526E-09 1.8342E-09 1.9168E-09 2.0023E-09 2.0914E-09 2.1807E-09 2.2735E-09 2.3682E-09 2.4652E-09 2.5638E-09 2.6630E-09 2.7642E-09
1.7364E-10 1.8672E-10 2.0004E-10 2.1336E-10 2.2700E-10 2.4152E-10 2.5657E-10 2.7214E-10 2.8802E-10 3.0473E-10 3.2190E-10 3.3941E-10 3.5796E-10 3.7685E-10 3.9781E-10 4.1891E-10 4.4096E-10 4.6373E-10 4.8746E-10 5.1190E-10 5.3732E-10 5.6375E-10 5.9120E-10 6.1972E-10 6.4931E-10 6.7999E-10 7.1261E-10 7.4734E-10 7.8225E-10 8.1813E-10 8.5498E-10 8.9308E-10 9.3243E-10 9.7497E-10 1.0231E-09 1.0742E-09 1.1256E-09 1.1802E-09 1.2366E-09 1.3005E-09 1.3656E-09 1.4349E-09 1.5014E-09 1.5687E-09 1.6395E-09 1.7132E-09 1.7895E-09 1.8678E-09 1.9512E-09 2.0377E-09 2.1243E-09 2.2135E-09 2.3033E-09 2.3990E-09 2.4928E-09 2.5904E-09 2.6882E-09
1.7312E-10 1.8543E-10 1.9831E-10 2.1144E-10 2.2548E-10 2.3989E-10 2.5463E-10 2.6963E-10 2.8608E-10 3.0260E-10 3.1940E-10 3.3721E-10 3.5537E-10 3.7434E-10 3.9389E-10 4.1555E-10 4.3759E-10 4.6038E-10 4.8391E-10 5.0814E-10 5.3335E-10 5.5955E-10 5.8677E-10 6.1504E-10 6.4437E-10 6.7480E-10 7.0633E-10 7.4009E-10 7.7516E-10 8.1093E-10 8.4794E-10 8.8568E-10 9.2466E-10 9.6490E-10 1.0064E-09 1.0563E-09 1.1053E-09 1.1592E-09 1.2135E-09 1.2729E-09 1.3333E-09 1.4003E-09 1.4678E-09 1.5355E-09 1.6043E-09 1.6749E-09 1.7483E-09 1.8231E-09 1.9030E-09 1.9842E-09 2.0696E-09 2.1552E-09 2.2432E-09 2.3344E-09 2.4269E-09 2.5206E-09 2.6155E-09
1.7187E-10 1.8424E-10 1.9710E-10 2.1032E-10 2.2365E-10 2.3835E-10 2.5265E-10 2.6770E-10 2.8314E-10 3.0040E-10 3.1724E-10 3.3467E-10 3.5289E-10 3.7170E-10 3.9109E-10 4.1132E-10 4.3368E-10 4.5665E-10 4.8019E-10 5.0421E-10 5.2919E-10 5.5516E-10 5.8214E-10 6.1015E-10 6.3922E-10 6.6937E-10 7.0061E-10 7.3298E-10 7.6788E-10 8.0352E-10 8.4014E-10 8.7774E-10 9.1659E-10 9.5644E-10 9.9754E-10 1.0399E-09 1.0887E-09 1.1403E-09 1.1928E-09 1.2479E-09 1.3068E-09 1.3695E-09 1.4345E-09 1.5024E-09 1.5696E-09 1.6394E-09 1.7090E-09 1.7818E-09 1.8581E-09 1.9367E-09 2.0163E-09 2.1000E-09 2.1860E-09 2.2737E-09 2.3626E-09 2.4536E-09 2.5456E-09
1.7077E-10 1.8296E-10 1.9541E-10 2.0919E-10 2.2213E-10 2.3587E-10 2.5032E-10 2.6577E-10 2.8097E-10 2.9671E-10 3.1455E-10 3.3203E-10 3.5006E-10 3.6869E-10 3.8815E-10 4.0820E-10 4.2910E-10 4.5238E-10 4.7607E-10 5.0010E-10 5.2485E-10 5.5058E-10 5.7730E-10 6.0505E-10 6.3385E-10 6.6371E-10 6.9466E-10 7.2672E-10 7.5991E-10 7.9538E-10 8.3185E-10 8.6930E-10 9.0773E-10 9.4741E-10 9.8836E-10 1.0303E-09 1.0735E-09 1.1220E-09 1.1724E-09 1.2254E-09 1.2801E-09 1.3408E-09 1.4019E-09 1.4676E-09 1.5351E-09 1.6029E-09 1.6711E-09 1.7428E-09 1.8167E-09 1.8912E-09 1.9677E-09 2.0493E-09 2.1318E-09 2.2162E-09 2.3014E-09 2.3907E-09 2.4792E-09
1.6940E-10 1.8171E-10 1.9386E-10 2.0656E-10 2.1999E-10 2.3414E-10 2.4813E-10 2.6319E-10 2.7880E-10 2.9438E-10 3.1092E-10 3.2926E-10 3.4713E-10 3.6580E-10 3.8508E-10 4.0495E-10 4.2565E-10 4.4722E-10 4.7142E-10 4.9583E-10 5.2034E-10 5.4581E-10 5.7228E-10 5.9975E-10 6.2826E-10 6.5783E-10 6.8848E-10 7.2022E-10 7.5309E-10 7.8708E-10 8.2337E-10 8.6065E-10 8.9863E-10 9.3814E-10 9.7862E-10 1.0204E-09 1.0631E-09 1.1071E-09 1.1544E-09 1.2072E-09 1.2599E-09 1.3124E-09 1.3742E-09 1.4350E-09 1.5009E-09 1.5665E-09 1.6357E-09 1.7052E-09 1.7745E-09 1.8473E-09 1.9230E-09 2.0000E-09 2.0778E-09 2.1599E-09 2.2424E-09 2.3286E-09 2.4147E-09
1.6823E-10 1.8035E-10 1.9246E-10 2.0506E-10 2.1807E-10 2.3191E-10 2.4618E-10 2.6047E-10 2.7628E-10 2.9216E-10 3.0833E-10 3.2553E-10 3.4411E-10 3.6257E-10 3.8187E-10 4.0155E-10 4.2206E-10 4.4342E-10 4.6565E-10 4.9057E-10 5.1545E-10 5.4087E-10 5.6707E-10 5.9426E-10 6.2248E-10 6.5175E-10 6.8208E-10 7.1350E-10 7.4602E-10 7.7966E-10 8.1445E-10 8.5153E-10 8.8933E-10 9.2836E-10 9.6837E-10 1.0096E-09 1.0521E-09 1.0959E-09 1.1406E-09 1.1886E-09 1.2392E-09 1.2913E-09 1.3473E-09 1.4087E-09 1.4691E-09 1.5335E-09 1.6014E-09 1.6674E-09 1.7359E-09 1.8057E-09 1.8804E-09 1.9525E-09 2.0296E-09 2.1074E-09 2.1878E-09 2.2700E-09 2.3545E-09
1.6718E-10 1.7842E-10 1.9083E-10 2.0362E-10 2.1650E-10 2.2942E-10 2.4390E-10 2.5801E-10 2.7286E-10 2.8938E-10 3.0536E-10 3.2230E-10 3.4006E-10 3.5924E-10 3.7832E-10 3.9802E-10 4.1833E-10 4.3948E-10 4.6148E-10 4.8438E-10 5.1022E-10 5.3556E-10 5.6168E-10 5.8859E-10 6.1651E-10 6.4547E-10 6.7547E-10 7.0655E-10 7.3872E-10 7.7201E-10 8.0642E-10 8.4197E-10 8.7955E-10 9.1838E-10 9.5789E-10 9.9892E-10 1.0409E-09 1.0839E-09 1.1286E-09 1.1741E-09 1.2208E-09 1.2709E-09 1.3245E-09 1.3792E-09 1.4417E-09 1.5014E-09 1.5662E-09 1.6320E-09 1.6995E-09 1.7684E-09 1.8373E-09 1.9100E-09 1.9838E-09 2.0583E-09 2.1338E-09 2.2144E-09 2.2967E-09
1.6517E-10 1.7689E-10 1.8902E-10 2.0203E-10 2.1426E-10 2.2724E-10 2.4069E-10 2.5577E-10 2.7042E-10 2.8553E-10 3.0279E-10 3.1934E-10 3.3657E-10 3.5510E-10 3.7448E-10 3.9436E-10 4.1446E-10 4.3539E-10 4.5717E-10 4.7983E-10 5.0403E-10 5.2970E-10 5.5572E-10 5.8275E-10 6.1036E-10 6.3899E-10 6.6867E-10 6.9940E-10 7.3121E-10 7.6413E-10 7.9815E-10 8.3330E-10 8.6960E-10 9.0792E-10 9.4721E-10 9.8773E-10 1.0292E-09 1.0719E-09 1.1158E-09 1.1610E-09 1.2074E-09 1.2548E-09 1.3054E-09 1.3585E-09 1.4136E-09 1.4727E-09 1.5366E-09 1.5997E-09 1.6643E-09 1.7309E-09 1.8001E-09 1.8699E-09 1.9385E-09 2.0134E-09 2.0866E-09 2.1625E-09 2.2390E-09
1.6378E-10 1.7563E-10 1.8734E-10 1.9929E-10 2.1246E-10 2.2528E-10 2.3855E-10 2.5210E-10 2.6793E-10 2.8312E-10 2.9848E-10 3.1630E-10 3.3332E-10 3.5111E-10 3.7002E-10 3.9019E-10 4.1046E-10 4.3116E-10 4.5271E-10 4.7513E-10 4.9843E-10 5.2352E-10 5.4964E-10 5.7633E-10 6.0382E-10 6.3234E-10 6.6167E-10 6.9205E-10 7.2349E-10 7.5602E-10 7.8965E-10 8.2440E-10 8.6027E-10 8.9729E-10 9.3605E-10 9.7604E-10 1.0173E-09 1.0594E-09 1.1028E-09 1.1474E-09 1.1935E-09 1.2405E-09 1.2885E-09 1.3377E-09 1.3902E-09 1.4456E-09 1.5080E-09 1.5676E-09 1.6317E-09 1.6974E-09 1.7623E-09 1.8295E-09 1.8990E-09 1.9710E-09 2.0414E-09 2.1146E-09 2.1890E-09
1.6246E-10 1.7383E-10 1.8576E-10 1.9739E-10 2.0973E-10 2.2313E-10 2.3638E-10 2.5002E-10 2.6377E-10 2.8009E-10 2.9554E-10 3.1169E-10 3.2980E-10 3.4755E-10 3.6570E-10 3.8538E-10 4.0596E-10 4.2681E-10 4.4811E-10 4.7028E-10 4.9332E-10 5.1726E-10 5.4301E-10 5.6957E-10 5.9692E-10 6.2530E-10 6.5449E-10 6.8451E-10 7.1558E-10 7.4772E-10 7.8094E-10 8.1527E-10 8.5072E-10 8.8729E-10 9.2500E-10 9.6444E-10 1.0051E-09 1.0467E-09 1.0898E-09 1.1338E-09 1.1790E-09 1.2254E-09 1.2733E-09 1.3219E-09 1.3716E-09 1.4225E-09 1.4802E-09 1.5389E-09 1.5997E-09 1.6639E-09 1.7266E-09 1.7938E-09 1.8607E-09 1.9298E-09 1.9997E-09 2.0691E-09 2.1412E-09
1.6092E-10 1.7158E-10 1.8377E-10 1.9566E-10 2.0776E-10 2.2003E-10 2.3387E-10 2.4733E-10 2.6120E-10 2.7639E-10 2.9278E-10 3.0848E-10 3.2517E-10 3.4373E-10 3.6204E-10 3.8055E-10 4.0099E-10 4.2196E-10 4.4339E-10 4.6529E-10 4.8807E-10 5.1173E-10 5.3631E-10 5.6248E-10 5.8991E-10 6.1791E-10 6.4672E-10 6.7657E-10 7.0747E-10 7.3921E-10 7.7203E-10 8.0593E-10 8.4094E-10 8.7705E-10 9.1430E-10 9.5267E-10 9.9249E-10 1.0338E-09 1.0763E-09 1.1197E-09 1.1643E-09 1.2101E-09 1.2571E-09 1.3055E-09 1.3549E-09 1.4051E-09 1.4565E-09 1.5114E-09 1.5732E-09 1.6333E-09 1.6957E-09 1.7582E-09 1.8236E-09 1.8895E-09 1.9592E-09 2.0268E-09 2.0988E-09
1.5942E-10 1.6995E-10 1.8112E-10 1.9373E-10 2.0560E-10 2.1792E-10 2.3052E-10 2.4485E-10 2.5880E-10 2.7287E-10 2.8880E-10 3.0519E-10 3.2166E-10 3.3915E-10 3.5772E-10 3.7656E-10 3.9561E-10 4.1684E-10 4.3798E-10 4.5999E-10 4.8268E-10 5.0606E-10 5.3034E-10 5.5553E-10 5.8234E-10 6.1018E-10 6.3882E-10 6.6827E-10 6.9898E-10 7.3052E-10 7.6292E-10 7.9639E-10 8.3095E-10 8.6661E-10 9.0337E-10 9.4125E-10 9.8027E-10 1.0207E-09 1.0626E-09 1.1054E-09 1.1494E-09 1.1946E-09 1.2409E-09 1.2887E-09 1.3374E-09 1.3875E-09 1.4382E-09 1.4900E-09 1.5451E-09 1.6039E-09 1.6633E-09 1.7266E-09 1.7903E-09 1.8531E-09 1.9192E-09 1.9874E-09 2.0563E-09
1.5712E-10 1.6815E-10 1.7970E-10 1.9090E-10 2.0362E-10 2.1556E-10 2.2819E-10 2.4078E-10 2.5607E-10 2.7022E-10 2.8478E-10 3.0117E-10 3.1807E-10 3.3507E-10 3.5300E-10 3.7211E-10 3.9129E-10 4.1089E-10 4.3249E-10 4.5439E-10 4.7697E-10 5.0025E-10 5.2422E-10 5.4910E-10 5.7490E-10 6.0234E-10 6.3079E-10 6.5983E-10 6.9013E-10 7.2124E-10 7.5342E-10 7.8666E-10 8.2076E-10 8.5595E-10 8.9223E-10 9.2961E-10 9.6811E-10 1.0077E-09 1.0485E-09 1.0910E-09 1.1346E-09 1.1791E-09 1.2248E-09 1.2717E-09 1.3197E-09 1.3691E-09 1.4193E-09 1.4707E-09 1.5229E-09 1.5762E-09 1.6339E-09 1.6946E-09 1.7566E-09 1.8195E-09 1.8820E-09 1.9482E-09 2.0128E-09
1.5572E-10 1.6609E-10 1.7765E-10 1.8906E-10 2.0017E-10 2.1333E-10 2.2560E-10 2.3848E-10 2.5152E-10 2.6724E-10 2.8162E-10 2.9691E-10 3.1353E-10 3.3094E-10 3.4842E-10 3.6705E-10 3.8633E-10 4.0603E-10 4.2635E-10 4.4851E-10 4.7078E-10 4.9393E-10 5.1777E-10 5.4252E-10 5.6800E-10 5.9440E-10 6.2221E-10 6.5128E-10 6.8115E-10 7.1182E-10 7.4355E-10 7.7632E-10 8.1017E-10 8.4509E-10 8.8088E-10 9.1776E-10 9.5574E-10 9.9482E-10 1.0350E-09 1.0763E-09 1.1193E-09 1.1632E-09 1.2083E-09 1.2545E-09 1.3018E-09 1.3505E-09 1.4000E-09 1.4507E-09 1.5024E-09 1.5552E-09 1.6087E-09 1.6661E-09 1.7260E-09 1.7877E-09 1.8491E-09 1.9114E-09 1.9747E-09
1.5406E-10 1.6460E-10 1.7515E-10 1.8663E-10 1.9813E-10 2.0966E-10 2.2315E-10 2.3586E-10 2.4898E-10 2.6246E-10 2.7840E-10 2.9347E-10 3.0898E-10 3.2609E-10 3.4424E-10 3.6196E-10 3.8111E-10 4.0091E-10 4.2113E-10 4.4199E-10 4.6450E-10 4.8751E-10 5.1102E-10 5.3562E-10 5.6094E-10 5.8700E-10 6.1399E-10 6.4239E-10 6.7204E-10 7.0227E-10 7.3376E-10 7.6607E-10 7.9942E-10 8.3385E-10 8.6935E-10 9.0571E-10 9.4316E-10 9.8171E-10 1.0213E-09 1.0621E-09 1.1039E-09 1.1472E-09 1.1915E-09 1.2370E-09 1.2837E-09 1.3314E-09 1.3805E-09 1.4307E-09 1.4817E-09 1.5337E-09 1.5865E-09 1.6406E-09 1.6957E-09 1.7546E-09 1.8153E-09 1.8764E-09 1.9401E-09
1.5230E-10 1.6270E-10 1.7322E-10 1.8395E-10 1.9600E-10 2.0743E-10 2.1923E-10 2.3298E-10 2.4611E-10 2.5942E-10 2.7402E-10 2.8973E-10 3.0551E-10 3.2123E-10 3.3907E-10 3.5723E-10 3.7567E-10 3.9534E-10 4.1545E-10 4.3620E-10 4.5776E-10 4.8082E-10 5.0417E-10 5.2842E-10 5.5338E-10 5.7926E-10 6.0607E-10 6.3363E-10 6.6261E-10 6.9260E-10 7.2362E-10 7.5545E-10 7.8832E-10 8.2223E-10 8.5721E-10 8.9349E-10 9.3040E-10 9.6840E-10 1.0075E-09 1.0476E-09 1.0889E-09 1.1312E-09 1.1747E-09 1.2198E-09 1.2657E-09 1.3128E-09 1.3609E-09 1.4103E-09 1.4606E-09 1.5119E-09 1.5642E-09 1.6174E-09 1.6714E-09 1.7267E-09 1.7833E-09 1.8440E-09 1.9047E-09
1.5073E-10 1.6045E-10 1.7114E-10 1.8165E-10 1.9323E-10 2.0513E-10 2.1659E-10 2.2879E-10 2.4298E-10 2.5656E-10 2.7030E-10 2.8508E-10 3.0126E-10 3.1747E-10 3.3365E-10 3.5221E-10 3.7061E-10 3.8930E-10 4.0970E-10 4.3032E-10 4.5157E-10 4.7347E-10 4.9704E-10 5.2113E-10 5.4571E-10 5.7141E-10 5.9783E-10 6.2518E-10 6.5329E-10 6.8260E-10 7.1314E-10 7.4471E-10 7.7708E-10 8.1048E-10 8.4494E-10 8.8045E-10 9.1726E-10 9.5492E-10 9.9343E-10 1.0330E-09 1.0737E-09 1.1154E-09 1.1582E-09 1.2021E-09 1.2473E-09 1.2937E-09 1.3411E-09 1.3895E-09 1.4393E-09 1.4899E-09 1.5414E-09 1.5939E-09 1.6474E-09 1.7017E-09 1.7567E-09 1.8132E-09 1.8707E-09
