Assets/Resources/2015_m01_d05_1300(utc+0800)_l00_csi_1hr_conc.grd
DSAA
         159         159
     -79.000      79.000
     -79.000      79.000
  0.9915E-10  0.1175E-04
[rows 0 to 24 of 159, columns 0 to 56 of 159]
2.5099E-09 2.5361E-09 2.5605E-09 2.5832E-09 2.6189E-09 2.6378E-09 2.6815E-09 2.6956E-09 2.7071E-09 2.7159E-09 2.7219E-09 2.7248E-09 2.7246E-09 2.7209E-09 2.7138E-09 2.7031E-09 2.6886E-09 2.6702E-09 2.6480E-09 2.6217E-09 2.5915E-09 2.5573E-09 2.5191E-09 2.4709E-09 2.3336E-09 2.2852E-09 2.2001E-09 2.1601E-09 2.1029E-09 2.0566E-09 1.9924E-09 1.9402E-09 1.8805E-09 1.8147E-09 1.7535E-09 1.6893E-09 1.6190E-09 1.5441E-09 1.4765E-09 1.4087E-09 1.3414E-09 1.2638E-09 1.2008E-09 1.1397E-09 1.0733E-09 1.0031E-09 9.4454E-10 8.9304E-10 8.3788E-10 8.0725E-10 7.6669E-10 7.5006E-10 7.1961E-10 6.9875E-10 6.7186E-10 6.5390E-10 6.3699E-10
2.6024E-09 2.6314E-09 2.6747E-09 2.7004E-09 2.7542E-09 2.7757E-09 2.7951E-09 2.8121E-09 2.8266E-09 2.8382E-09 2.8469E-09 2.8525E-09 2.8547E-09 2.8534E-09 2.8484E-09 2.8396E-09 2.8268E-09 2.8100E-09 2.7890E-09 2.7637E-09 2.7341E-09 2.7003E-09 2.6621E-09 2.6196E-09 2.5666E-09 2.4269E-09 2.3678E-09 2.2766E-09 2.2324E-09 2.1705E-09 2.1196E-09 2.0503E-09 1.9933E-09 1.9286E-09 1.8575E-09 1.7913E-09 1.7221E-09 1.6428E-09 1.5677E-09 1.4962E-09 1.4248E-09 1.3501E-09 1.2735E-09 1.2079E-09 1.1447E-09 1.0770E-09 1.0033E-09 9.4504E-10 8.9267E-10 8.4659E-10 8.1752E-10 7.9002E-10 7.5754E-10 7.4074E-10 7.0391E-10 6.8984E-10 6.5734E-10
2.7144E-09 2.7793E-09 2.8096E-09 2.8383E-09 2.8651E-09 2.8899E-09 2.9125E-09 2.9327E-09 2.9503E-09 2.9650E-09 2.9767E-09 2.9851E-09 2.9901E-09 2.9914E-09 2.9889E-09 2.9823E-09 2.9716E-09 2.9566E-09 2.9371E-09 2.9130E-09 2.8843E-09 2.8510E-09 2.8130E-09 2.7704E-09 2.7232E-09 2.6649E-09 2.5165E-09 2.4521E-09 2.3545E-09 2.3007E-09 2.2386E-09 2.1828E-09 2.1080E-09 2.0458E-09 1.9757E-09 1.8991E-09 1.8275E-09 1.7529E-09 1.6690E-09 1.5896E-09 1.5142E-09 1.4391E-09 1.3610E-09 1.2815E-09 1.2134E-09 1.1484E-09 1.0720E-09 9.9932E-10 9.4739E-10 9.0114E-10 8.4864E-10 8.2724E-10 8.0660E-10 7.7150E-10 7.4676E-10 7.2244E-10 6.9381E-10
2.8478E-09 2.8829E-09 2.9169E-09 2.9490E-09 2.9793E-09 3.0076E-09 3.0336E-09 3.0573E-09 3.0782E-09 3.0963E-09 3.1113E-09 3.1229E-09 3.1309E-09 3.1352E-09 3.1354E-09 3.1314E-09 3.1230E-09 3.1101E-09 3.0924E-09 3.0698E-09 3.0423E-09 3.0098E-09 2.9723E-09 2.9297E-09 2.8822E-09 2.8297E-09 2.7657E-09 2.6080E-09 2.5328E-09 2.4334E-09 2.3745E-09 2.3070E-09 2.2458E-09 2.1652E-09 2.0973E-09 2.0173E-09 1.9390E-09 1.8617E-09 1.7822E-09 1.6936E-09 1.6097E-09 1.5303E-09 1.4514E-09 1.3655E-09 1.2875E-09 1.2172E-09 1.1468E-09 1.0712E-09 1.0007E-09 9.4854E-10 9.0856E-10 8.7476E-10 8.3606E-10 8.1447E-10 7.9370E-10 7.5199E-10 7.3447E-10
2.9508E-09 2.9895E-09 3.0271E-09 3.0628E-09 3.0968E-09 3.1287E-09 3.1585E-09 3.1858E-09 3.2104E-09 3.2321E-09 3.2507E-09 3.2658E-09 3.2772E-09 3.2847E-09 3.2880E-09 3.2869E-09 3.2812E-09 3.2707E-09 3.2552E-09 3.2344E-09 3.2084E-09 3.1771E-09 3.1402E-09 3.0980E-09 3.0503E-09 2.9973E-09 2.9390E-09 2.8688E-09 2.7013E-09 2.6197E-09 2.5131E-09 2.4487E-09 2.3753E-09 2.3028E-09 2.2214E-09 2.1476E-09 2.0613E-09 1.9769E-09 1.8942E-09 1.8096E-09 1.7116E-09 1.6277E-09 1.5441E-09 1.4614E-09 1.3721E-09 1.2915E-09 1.2198E-09 1.1441E-09 1.0677E-09 1.0038E-09 9.6225E-10 9.1980E-10 8.9351E-10 8.5987E-10 8.2141E-10 7.9979E-10 7.7115E-10
3.0562E-09 3.0985E-09 3.1399E-09 3.1795E-09 3.2174E-09 3.2533E-09 3.2870E-09 3.3183E-09 3.3469E-09 3.3725E-09 3.3950E-09 3.4139E-09 3.4290E-09 3.4401E-09 3.4468E-09 3.4490E-09 3.4463E-09 3.4386E-09 3.4256E-09 3.4070E-09 3.3829E-09 3.3530E-09 3.3172E-09 3.2755E-09 3.2280E-09 3.1746E-09 3.1155E-09 3.0508E-09 2.9661E-09 2.7960E-09 2.7076E-09 2.5934E-09 2.5172E-09 2.4432E-09 2.3643E-09 2.2764E-09 2.1960E-09 2.0986E-09 2.0128E-09 1.9246E-09 1.8303E-09 1.7317E-09 1.6431E-09 1.5552E-09 1.4687E-09 1.3716E-09 1.2941E-09 1.2216E-09 1.1471E-09 1.0698E-09 1.0101E-09 9.7004E-10 9.3359E-10 9.0272E-10 8.7632E-10 8.3493E-10 8.0489E-10
3.1638E-09 3.2100E-09 3.2555E-09 3.2991E-09 3.3411E-09 3.3812E-09 3.4192E-09 3.4547E-09 3.4876E-09 3.5174E-09 3.5441E-09 3.5671E-09 3.5863E-09 3.6014E-09 3.6119E-09 3.6177E-09 3.6185E-09 3.6139E-09 3.6038E-09 3.5878E-09 3.5659E-09 3.5378E-09 3.5034E-09 3.4627E-09 3.4155E-09 3.3621E-09 3.3024E-09 3.2365E-09 3.1648E-09 3.0724E-09 2.8918E-09 2.7823E-09 2.6737E-09 2.5909E-09 2.5102E-09 2.4245E-09 2.3295E-09 2.2423E-09 2.1383E-09 2.0465E-09 1.9526E-09 1.8528E-09 1.7490E-09 1.6557E-09 1.5635E-09 1.4688E-09 1.3741E-09 1.2955E-09 1.2237E-09 1.1427E-09 1.0664E-09 1.0254E-09 9.8118E-10 9.5043E-10 9.1402E-10 8.8325E-10 8.5692E-10
3.2736E-09 3.3240E-09 3.3736E-09 3.4216E-09 3.4679E-09 3.5125E-09 3.5549E-09 3.5950E-09 3.6324E-09 3.6668E-09 3.6980E-09 3.7256E-09 3.7492E-09 3.7686E-09 3.7833E-09 3.7932E-09 3.7978E-09 3.7968E-09 3.7900E-09 3.7770E-09 3.7577E-09 3.7318E-09 3.6992E-09 3.6598E-09 3.6135E-09 3.5602E-09 3.5002E-09 3.4334E-09 3.3601E-09 3.2806E-09 3.1714E-09 2.9882E-09 2.8705E-09 2.7536E-09 2.6638E-09 2.5758E-09 2.4766E-09 2.3803E-09 2.2814E-09 2.1756E-09 2.0776E-09 1.9777E-09 1.8672E-09 1.7631E-09 1.6652E-09 1.5688E-09 1.4661E-09 1.3752E-09 1.2968E-09 1.2223E-09 1.1421E-09 1.0777E-09 1.0369E-09 9.9860E-10 9.5891E-10 9.2821E-10 8.8894E-10
3.3855E-09 3.4402E-09 3.4942E-09 3.5467E-09 3.5977E-09 3.6469E-09 3.6941E-09 3.7390E-09 3.7813E-09 3.8207E-09 3.8567E-09 3.8891E-09 3.9176E-09 3.9417E-09 3.9611E-09 3.9754E-09 3.9842E-09 3.9873E-09 3.9842E-09 3.9747E-09 3.9585E-09 3.9353E-09 3.9049E-09 3.8672E-09 3.8220E-09 3.7694E-09 3.7093E-09 3.6419E-09 3.5673E-09 3.4858E-09 3.3978E-09 3.2793E-09 3.0704E-09 2.9497E-09 2.8327E-09 2.7288E-09 2.6394E-09 2.5324E-09 2.4286E-09 2.3227E-09 2.2101E-09 2.1056E-09 1.9994E-09 1.8832E-09 1.7739E-09 1.6713E-09 1.5716E-09 1.4670E-09 1.3757E-09 1.2993E-09 1.2229E-09 1.1482E-09 1.0848E-09 1.0474E-09 1.0116E-09 9.7340E-10 9.3411E-10
3.4994E-09 3.5586E-09 3.6173E-09 3.6745E-09 3.7304E-09 3.7845E-09 3.8368E-09 3.8868E-09 3.9343E-09 3.9788E-09 4.0201E-09 4.0578E-09 4.0914E-09 4.1207E-09 4.1451E-09 4.1643E-09 4.1779E-09 4.1855E-09 4.1947E-09 4.1811E-09 4.1685E-09 4.1485E-09 4.1208E-09 4.0852E-09 4.0417E-09 3.9900E-09 3.9324E-09 3.8647E-09 3.7890E-09 3.7058E-09 3.6153E-09 3.5179E-09 3.3458E-09 3.1678E-09 3.0283E-09 2.9043E-09 2.7982E-09 2.7006E-09 2.5786E-09 2.4740E-09 2.3557E-09 2.2411E-09 2.1299E-09 2.0121E-09 1.8900E-09 1.7810E-09 1.6744E-09 1.5666E-09 1.4607E-09 1.3772E-09 1.3042E-09 1.2325E-09 1.1551E-09 1.1037E-09 1.0563E-09 1.0190E-09 9.8346E-10
3.6152E-09 3.6791E-09 3.7426E-09 3.8048E-09 3.8658E-09 3.9252E-09 3.9828E-09 4.0382E-09 4.0912E-09 4.1413E-09 4.1882E-09 4.2315E-09 4.2852E-09 4.3193E-09 4.3719E-09 4.4049E-09 4.4204E-09 4.4297E-09 4.4322E-09 4.4214E-09 4.3895E-09 4.3734E-09 4.3493E-09 4.3165E-09 4.2751E-09 4.2249E-09 4.1660E-09 4.0983E-09 4.0220E-09 3.9373E-09 3.8445E-09 3.7440E-09 3.6363E-09 3.4530E-09 3.2571E-09 3.1149E-09 2.9819E-09 2.8673E-09 2.7542E-09 2.6307E-09 2.5178E-09 2.3910E-09 2.2684E-09 2.1502E-09 2.0260E-09 1.8982E-09 1.7845E-09 1.6746E-09 1.5652E-09 1.4612E-09 1.3807E-09 1.3069E-09 1.2374E-09 1.1654E-09 1.1176E-09 1.0716E-09 1.0248E-09
3.7327E-09 3.8016E-09 3.8698E-09 3.9376E-09 4.0038E-09 4.0687E-09 4.1319E-09 4.1931E-09 4.2519E-09 4.3263E-09 4.4112E-09 4.4741E-09 4.5166E-09 4.5544E-09 4.5875E-09 4.6149E-09 4.6365E-09 4.6632E-09 4.6704E-09 4.6882E-09 4.6780E-09 4.6071E-09 4.5865E-09 4.5569E-09 4.5200E-09 4.4723E-09 4.4148E-09 4.3476E-09 4.2710E-09 4.1852E-09 4.0903E-09 3.9869E-09 3.8755E-09 3.7473E-09 3.5414E-09 3.3435E-09 3.1905E-09 3.0503E-09 2.9328E-09 2.8102E-09 2.6776E-09 2.5567E-09 2.4172E-09 2.2935E-09 2.1678E-09 2.0304E-09 1.9023E-09 1.7847E-09 1.6725E-09 1.5585E-09 1.4635E-09 1.3878E-09 1.3105E-09 1.2487E-09 1.1843E-09 1.1250E-09 1.0820E-09
3.8520E-09 3.9261E-09 3.9995E-09 4.0728E-09 4.1447E-09 4.2151E-09 4.3061E-09 4.4126E-09 4.4956E-09 4.5558E-09 4.6125E-09 4.6658E-09 4.7148E-09 4.7775E-09 4.8461E-09 4.8916E-09 4.9159E-09 4.9328E-09 4.9424E-09 4.9451E-09 4.9386E-09 4.9239E-09 4.8367E-09 4.8114E-09 4.7760E-09 4.7304E-09 4.6747E-09 4.6085E-09 4.5321E-09 4.4455E-09 4.3490E-09 4.2430E-09 4.1282E-09 4.0050E-09 3.8542E-09 3.6264E-09 3.4274E-09 3.2606E-09 3.1205E-09 2.9942E-09 2.8559E-09 2.7225E-09 2.5877E-09 2.4451E-09 2.3125E-09 2.1790E-09 2.0366E-09 1.9045E-09 1.7830E-09 1.6702E-09 1.5591E-09 1.4689E-09 1.3967E-09 1.3337E-09 1.2591E-09 1.2021E-09 1.1394E-09
3.9743E-09 4.0535E-09 4.1325E-09 4.2362E-09 4.3594E-09 4.4580E-09 4.5328E-09 4.6056E-09 4.6754E-09 4.7648E-09 4.8675E-09 4.9450E-09 4.9988E-09 5.0477E-09 5.0908E-09 5.1279E-09 5.1587E-09 5.1978E-09 5.2395E-09 5.2422E-09 5.2494E-09 5.2348E-09 5.2105E-09 5.0764E-09 5.0455E-09 5.0036E-09 4.9508E-09 4.8864E-09 4.8107E-09 4.7239E-09 4.6261E-09 4.5178E-09 4.3994E-09 4.2716E-09 4.1351E-09 3.9610E-09 3.7122E-09 3.5079E-09 3.3399E-09 3.1817E-09 3.0534E-09 2.9057E-09 2.7621E-09 2.6114E-09 2.4662E-09 2.3266E-09 2.1810E-09 2.0323E-09 1.9022E-09 1.7806E-09 1.6706E-09 1.5566E-09 1.4765E-09 1.4070E-09 1.3446E-09 1.2800E-09 1.2139E-09
4.0981E-09 4.2099E-09 4.3449E-09 4.4550E-09 4.5390E-09 4.6217E-09 4.7035E-09 4.8558E-09 4.9554E-09 5.0290E-09 5.0976E-09 5.1612E-09 5.2221E-09 5.3003E-09 5.3884E-09 5.4484E-09 5.4827E-09 5.5094E-09 5.5266E-09 5.5367E-09 5.5373E-09 5.5279E-09 5.5093E-09 5.4802E-09 5.3293E-09 5.2916E-09 5.2416E-09 5.1794E-09 5.1051E-09 5.0186E-09 4.9200E-09 4.8098E-09 4.6884E-09 4.5563E-09 4.4145E-09 4.2638E-09 4.0643E-09 3.8022E-09 3.5951E-09 3.3966E-09 3.2460E-09 3.0987E-09 2.9399E-09 2.7956E-09 2.6368E-09 2.4836E-09 2.3354E-09 2.1827E-09 2.0301E-09 1.8995E-09 1.7792E-09 1.6734E-09 1.5702E-09 1.4863E-09 1.4172E-09 1.3539E-09 1.2937E-09
4.3333E-09 4.4251E-09 4.5165E-09 4.6081E-09 4.7275E-09 4.8698E-09 4.9846E-09 5.0712E-09 5.1558E-09 5.2371E-09 5.3410E-09 5.4614E-09 5.5479E-09 5.6083E-09 5.6640E-09 5.7132E-09 5.7551E-09 5.7896E-09 5.8162E-09 5.8330E-09 5.8409E-09 5.8379E-09 5.8237E-09 5.7949E-09 5.7573E-09 5.6045E-09 5.5477E-09 5.4851E-09 5.4142E-09 5.3300E-09 5.2313E-09 5.1197E-09 4.9956E-09 4.8596E-09 4.7126E-09 4.5555E-09 4.3894E-09 4.1524E-09 3.8668E-09 3.6644E-09 3.4568E-09 3.3043E-09 3.1472E-09 2.9789E-09 2.8180E-09 2.6484E-09 2.4922E-09 2.3375E-09 2.1745E-09 2.0266E-09 1.8960E-09 1.7802E-09 1.6804E-09 1.5929E-09 1.4967E-09 1.4265E-09 1.3602E-09
4.4702E-09 4.5678E-09 4.6967E-09 4.8526E-09 4.9796E-09 5.0772E-09 5.1737E-09 5.2684E-09 5.4447E-09 5.5608E-09 5.6462E-09 5.7277E-09 5.8039E-09 5.8706E-09 5.9314E-09 5.9893E-09 6.0405E-09 6.0840E-09 6.1186E-09 6.1431E-09 6.1574E-09 6.1603E-09 6.1524E-09 6.1299E-09 6.0969E-09 6.0515E-09 5.8948E-09 5.8151E-09 5.7439E-09 5.6599E-09 5.5616E-09 5.4491E-09 5.3227E-09 5.1831E-09 5.0304E-09 4.8657E-09 4.6909E-09 4.4968E-09 4.2439E-09 3.9567E-09 3.7303E-09 3.5227E-09 3.3586E-09 3.1814E-09 3.0098E-09 2.8380E-09 2.6603E-09 2.4970E-09 2.3355E-09 2.1672E-09 2.0208E-09 1.8952E-09 1.7851E-09 1.6889E-09 1.6037E-09 1.5182E-09 1.4329E-09
4.6375E-09 4.8029E-09 4.9427E-09 5.0496E-09 5.1556E-09 5.2933E-09 5.4580E-09 5.5911E-09 5.6926E-09 5.7911E-09 5.8860E-09 5.9775E-09 6.0630E-09 6.1430E-09 6.2130E-09 6.2762E-09 6.3366E-09 6.3888E-09 6.4316E-09 6.4641E-09 6.4872E-09 6.4978E-09 6.4966E-09 6.4828E-09 6.4551E-09 6.4133E-09 6.3573E-09 6.1845E-09 6.0924E-09 6.0114E-09 5.9136E-09 5.8015E-09 5.6727E-09 5.5290E-09 5.3714E-09 5.2009E-09 5.0195E-09 4.8277E-09 4.6047E-09 4.3050E-09 4.0231E-09 3.7679E-09 3.5719E-09 3.3950E-09 3.2059E-09 3.0338E-09 2.8462E-09 2.6657E-09 2.4944E-09 2.3298E-09 2.1762E-09 2.0169E-09 1.8965E-09 1.7921E-09 1.6986E-09 1.6127E-09 1.5317E-09
4.8707E-09 4.9878E-09 5.1050E-09 5.2523E-09 5.4323E-09 5.5805E-09 5.6947E-09 5.8073E-09 5.9180E-09 6.0269E-09 6.1322E-09 6.2336E-09 6.3304E-09 6.4212E-09 6.5035E-09 6.5786E-09 6.6424E-09 6.7035E-09 6.7563E-09 6.7989E-09 6.8306E-09 6.8499E-09 6.8566E-09 6.8497E-09 6.8288E-09 6.7930E-09 6.7434E-09 6.6776E-09 6.4862E-09 6.3832E-09 6.2878E-09 6.1714E-09 6.0426E-09 5.8973E-09 5.7364E-09 5.5608E-09 5.3718E-09 5.1708E-09 4.9595E-09 4.6924E-09 4.4001E-09 4.0896E-09 3.8340E-09 3.6250E-09 3.4351E-09 3.2345E-09 3.0509E-09 2.8510E-09 2.6636E-09 2.4888E-09 2.3233E-09 2.1717E-09 2.0309E-09 1.9014E-09 1.7986E-09 1.7059E-09 1.6183E-09
5.0205E-09 5.1440E-09 5.3663E-09 5.5271E-09 5.6565E-09 5.7824E-09 5.9056E-09 6.0286E-09 6.1498E-09 6.2690E-09 6.3850E-09 6.4975E-09 6.6050E-09 6.7068E-09 6.8018E-09 6.8858E-09 6.9639E-09 7.0307E-09 7.0945E-09 7.1473E-09 7.1892E-09 7.2187E-09 7.2348E-09 7.2371E-09 7.2241E-09 7.1951E-09 7.1494E-09 7.0862E-09 7.0057E-09 6.7937E-09 6.6748E-09 6.5639E-09 6.4347E-09 6.2875E-09 6.1239E-09 5.9430E-09 5.7464E-09 5.5358E-09 5.3130E-09 5.0798E-09 4.7821E-09 4.4281E-09 4.1374E-09 3.8711E-09 3.6718E-09 3.4679E-09 3.2534E-09 3.0584E-09 2.8662E-09 2.6580E-09 2.4804E-09 2.3168E-09 2.1712E-09 2.0418E-09 1.9069E-09 1.8045E-09 1.7089E-09
5.2656E-09 5.4354E-09 5.5760E-09 5.7138E-09 5.8513E-09 5.9873E-09 6.1220E-09 6.2552E-09 6.3869E-09 6.5165E-09 6.6435E-09 6.7673E-09 6.8866E-09 7.0008E-09 7.1083E-09 7.2081E-09 7.2953E-09 7.3745E-09 7.4483E-09 7.5105E-09 7.5647E-09 7.6053E-09 7.6319E-09 7.6429E-09 7.6377E-09 7.6152E-09 7.5770E-09 7.5190E-09 7.4428E-09 7.3479E-09 7.1141E-09 6.9778E-09 6.8493E-09 6.7010E-09 6.5334E-09 6.3473E-09 6.1439E-09 5.9248E-09 5.6919E-09 5.4476E-09 5.1692E-09 4.8535E-09 4.5011E-09 4.1902E-09 3.9202E-09 3.7087E-09 3.5031E-09 3.2764E-09 3.0614E-09 2.8598E-09 2.6613E-09 2.4723E-09 2.3133E-09 2.1717E-09 2.0461E-09 1.9318E-09 1.8066E-09
5.4598E-09 5.6074E-09 5.7545E-09 5.9013E-09 6.0500E-09 6.1981E-09 6.3417E-09 6.4853E-09 6.6275E-09 6.7691E-09 6.9081E-09 7.0441E-09 7.1763E-09 7.3033E-09 7.4242E-09 7.5371E-09 7.6420E-09 7.7369E-09 7.8165E-09 7.8903E-09 7.9559E-09 8.0078E-09 8.0449E-09 8.0672E-09 8.0717E-09 8.0588E-09 8.0268E-09 7.9756E-09 7.9034E-09 7.8107E-09 7.6973E-09 7.4277E-09 7.2864E-09 7.1387E-09 6.9691E-09 6.7787E-09 6.5688E-09 6.3410E-09 6.0973E-09 5.8402E-09 5.5727E-09 5.2725E-09 4.8982E-09 4.5353E-09 4.2298E-09 3.9856E-09 3.7491E-09 3.5217E-09 3.3018E-09 3.0582E-09 2.8526E-09 2.6592E-09 2.4633E-09 2.3104E-09 2.1735E-09 2.0487E-09 1.9330E-09
5.6239E-09 5.7787E-09 5.9351E-09 6.0950E-09 6.2529E-09 6.4098E-09 6.5639E-09 6.7183E-09 6.8737E-09 7.0270E-09 7.1788E-09 7.3275E-09 7.4733E-09 7.6149E-09 7.7502E-09 7.8785E-09 7.9982E-09 8.1080E-09 8.2036E-09 8.2918E-09 8.3613E-09 8.4269E-09 8.4768E-09 8.5107E-09 8.5267E-09 8.5235E-09 8.5009E-09 8.4574E-09 8.3914E-09 8.3037E-09 8.1934E-09 8.0603E-09 7.7613E-09 7.5979E-09 7.4269E-09 7.2330E-09 7.0172E-09 6.7812E-09 6.5268E-09 6.2569E-09 5.9745E-09 5.6838E-09 5.3516E-09 4.9598E-09 4.6037E-09 4.2630E-09 4.0199E-09 3.7894E-09 3.5297E-09 3.3022E-09 3.0693E-09 2.8428E-09 2.6511E-09 2.4789E-09 2.3071E-09 2.1727E-09 2.0477E-09
5.7880E-09 5.9531E-09 6.1214E-09 6.2888E-09 6.4557E-09 6.6234E-09 6.7903E-09 6.9574E-09 7.1239E-09 7.2896E-09 7.4540E-09 7.6180E-09 7.7791E-09 7.9357E-09 8.0864E-09 8.2297E-09 8.3643E-09 8.4888E-09 8.6036E-09 8.7012E-09 8.7902E-09 8.8627E-09 8.9271E-09 8.9742E-09 9.0032E-09 9.0120E-09 8.9992E-09 8.9646E-09 8.9062E-09 8.8233E-09 8.7157E-09 8.5835E-09 8.4267E-09 8.0984E-09 7.9108E-09 7.7143E-09 7.4934E-09 7.2496E-09 6.9849E-09 6.7021E-09 6.4046E-09 6.0963E-09 5.7848E-09 5.4191E-09 5.0084E-09 4.6067E-09 4.3114E-09 4.0421E-09 3.7997E-09 3.5387E-09 3.2949E-09 3.0693E-09 2.8322E-09 2.6440E-09 2.4751E-09 2.3033E-09 2.1672E-09
5.9560E-09 6.1316E-09 6.3062E-09 6.4833E-09 6.6608E-09 6.8420E-09 7.0200E-09 7.1984E-09 7.3772E-09 7.5577E-09 7.7387E-09 7.9168E-09 8.0918E-09 8.2636E-09 8.4294E-09 8.5897E-09 8.7412E-09 8.8828E-09 9.0137E-09 9.1324E-09 9.2329E-09 9.3215E-09 9.3990E-09 9.4580E-09 9.5013E-09 9.5230E-09 9.5223E-09 9.4971E-09 9.4491E-09 9.3733E-09 9.2715E-09 9.1425E-09 8.9864E-09 8.7884E-09 8.4265E-09 8.2284E-09 8.0033E-09 7.7524E-09 7.4777E-09 7.1820E-09 6.8691E-09 6.5427E-09 6.2093E-09 5.8765E-09 5.5047E-09 5.0797E-09 4.6455E-09 4.3373E-09 4.0517E-09 3.7979E-09 3.5478E-09 3.2805E-09 3.0568E-09 2.8213E-09 2.6370E-09 2.4695E-09 2.2958E-09
