Assets/Resources/2015_m01_d27_0700(utc+0800)_l00_csi_1hr_conc.grd
DSAA
         159         159
     -79.000      79.000
     -79.000      79.000
  0.0000E+00  0.9361E-06
[rows 0 to 24 of 159, columns 0 to 56 of 159]
0.0000E+00 0.0000E+00 0.0000E+00 0.0000E+00 0.0000E+00 0.0000E+00 0.0000E+00 0.0000E+00 0.0000E+00 0.0000E+00 0.0000E+00 4.8576E-12 2.1047E-11 4.9189E-11 8.7407E-11 1.3745E-10 2.0934E-10 3.0417E-10 4.2728E-10 5.8374E-10 7.8562E-10 1.0382E-09 1.3480E-09 1.7239E-09 2.1700E-09 2.6846E-09 3.2695E-09 3.9200E-09 4.6225E-09 5.3610E-09 6.1179E-09 6.8678E-09 7.5826E-09 8.2302E-09 8.7787E-09 9.2021E-09 9.4774E-09 9.5873E-09 9.5243E-09 9.2912E-09 8.8990E-09 8.3664E-09 7.7187E-09 6.9892E-09 6.2109E-09 5.4149E-09 4.6314E-09 3.8846E-09 3.1942E-09 2.5753E-09 2.0371E-09 1.5787E-09 1.1952E-09 8.9038E-10 6.4380E-10 4.5750E-10 3.1487E-10
0.0000E+00 0.0000E+00 0.0000E+00 0.0000E+00 0.0000E+00 0.0000E+00 0.0000E+00 0.0000E+00 0.0000E+00 0.0000E+00 0.0000E+00 4.2508E-12 1.5935E-11 4.4164E-11 8.4438E-11 1.3454E-10 2.0630E-10 3.0387E-10 4.3131E-10 5.9251E-10 8.0163E-10 1.0631E-09 1.3882E-09 1.7836E-09 2.2517E-09 2.7994E-09 3.4265E-09 4.1243E-09 4.8826E-09 5.6893E-09 6.5203E-09 7.3468E-09 8.1360E-09 8.8567E-09 9.4727E-09 9.9532E-09 1.0272E-08 1.0410E-08 1.0359E-08 1.0118E-08 9.6994E-09 9.1244E-09 8.4218E-09 7.6252E-09 6.7712E-09 5.8970E-09 5.0359E-09 4.2169E-09 3.4626E-09 2.7862E-09 2.1952E-09 1.6959E-09 1.2854E-09 9.4746E-10 6.8736E-10 4.8114E-10 3.2656E-10
0.0000E+00 0.0000E+00 0.0000E+00 0.0000E+00 0.0000E+00 0.0000E+00 0.0000E+00 0.0000E+00 0.0000E+00 0.0000E+00 0.0000E+00 2.2478E-12 1.1820E-11 3.5383E-11 7.8466E-11 1.2924E-10 2.0022E-10 2.9864E-10 4.2636E-10 5.9201E-10 8.0398E-10 1.0734E-09 1.4098E-09 1.8188E-09 2.3095E-09 2.8885E-09 3.5510E-09 4.2946E-09 5.1109E-09 5.9808E-09 6.8791E-09 7.7792E-09 8.6473E-09 9.4439E-09 1.0131E-08 1.0673E-08 1.1041E-08 1.1211E-08 1.1173E-08 1.0928E-08 1.0487E-08 9.8714E-09 9.1127E-09 8.2495E-09 7.3246E-09 6.3750E-09 5.4380E-09 4.5455E-09 3.7232E-09 2.9877E-09 2.3515E-09 1.8087E-09 1.3614E-09 1.0051E-09 7.1938E-10 5.0412E-10 3.4193E-10
0.0000E+00 0.0000E+00 0.0000E+00 0.0000E+00 0.0000E+00 0.0000E+00 0.0000E+00 0.0000E+00 0.0000E+00 0.0000E+00 0.0000E+00 1.9265E-12 9.1086E-12 2.6341E-11 6.7635E-11 1.2115E-10 1.9159E-10 2.8869E-10 4.1677E-10 5.8462E-10 7.9733E-10 1.0717E-09 1.4137E-09 1.8342E-09 2.3435E-09 2.9438E-09 3.6380E-09 4.4247E-09 5.2903E-09 6.2170E-09 7.1849E-09 8.1600E-09 9.1047E-09 9.9769E-09 1.0737E-08 1.1344E-08 1.1763E-08 1.1972E-08 1.1957E-08 1.1713E-08 1.1252E-08 1.0600E-08 9.7912E-09 8.8644E-09 7.8645E-09 6.8378E-09 5.8254E-09 4.8635E-09 3.9763E-09 3.1819E-09 2.4926E-09 1.9134E-09 1.4354E-09 1.0521E-09 7.5374E-10 5.2273E-10 3.4762E-10
0.0000E+00 0.0000E+00 0.0000E+00 0.0000E+00 0.0000E+00 0.0000E+00 0.0000E+00 0.0000E+00 0.0000E+00 0.0000E+00 0.0000E+00 0.0000E+00 4.9806E-12 2.0883E-11 5.2951E-11 1.0952E-10 1.8007E-10 2.7457E-10 4.0119E-10 5.6610E-10 7.7917E-10 1.0530E-09 1.3975E-09 1.8261E-09 2.3463E-09 2.9650E-09 3.6880E-09 4.5089E-09 5.4181E-09 6.4021E-09 7.4332E-09 8.4770E-09 9.4957E-09 1.0446E-08 1.1281E-08 1.1959E-08 1.2439E-08 1.2692E-08 1.2700E-08 1.2462E-08 1.1989E-08 1.1305E-08 1.0446E-08 9.4572E-09 8.3890E-09 7.2895E-09 6.2015E-09 5.1662E-09 4.2136E-09 3.3649E-09 2.6307E-09 2.0089E-09 1.5019E-09 1.0959E-09 7.7917E-10 5.3609E-10 3.5766E-10
0.0000E+00 0.0000E+00 0.0000E+00 0.0000E+00 0.0000E+00 0.0000E+00 0.0000E+00 0.0000E+00 0.0000E+00 0.0000E+00 0.0000E+00 0.0000E+00 2.5043E-12 1.5521E-11 4.1154E-11 9.2644E-11 1.6476E-10 2.5637E-10 3.7970E-10 5.3999E-10 7.5174E-10 1.0208E-09 1.3654E-09 1.7960E-09 2.3221E-09 2.9554E-09 3.6959E-09 4.5433E-09 5.4931E-09 6.5248E-09 7.6116E-09 8.7230E-09 9.8169E-09 1.0846E-08 1.1759E-08 1.2506E-08 1.3046E-08 1.3347E-08 1.3388E-08 1.3162E-08 1.2680E-08 1.1968E-08 1.1067E-08 1.0024E-08 8.8880E-09 7.7161E-09 6.5578E-09 5.4552E-09 4.4411E-09 3.5352E-09 2.7527E-09 2.0974E-09 1.5583E-09 1.1335E-09 8.0053E-10 5.5076E-10 3.5794E-10
0.0000E+00 0.0000E+00 0.0000E+00 0.0000E+00 0.0000E+00 0.0000E+00 0.0000E+00 0.0000E+00 0.0000E+00 0.0000E+00 0.0000E+00 0.0000E+00 0.0000E+00 5.6994E-12 2.8340E-11 7.2034E-11 1.4409E-10 2.3449E-10 3.5333E-10 5.0846E-10 7.1245E-10 9.7619E-10 1.3161E-09 1.7424E-09 2.2714E-09 2.9097E-09 3.6615E-09 4.5331E-09 5.5132E-09 6.5831E-09 7.7239E-09 8.8986E-09 1.0062E-08 1.1164E-08 1.2152E-08 1.2975E-08 1.3584E-08 1.3940E-08 1.4018E-08 1.3812E-08 1.3331E-08 1.2600E-08 1.1659E-08 1.0562E-08 9.3640E-09 8.1258E-09 6.8976E-09 5.7270E-09 4.6505E-09 3.6933E-09 2.8660E-09 2.1746E-09 1.6132E-09 1.1641E-09 8.2094E-10 5.5631E-10 3.6082E-10
0.0000E+00 0.0000E+00 0.0000E+00 0.0000E+00 0.0000E+00 0.0000E+00 0.0000E+00 0.0000E+00 0.0000E+00 0.0000E+00 0.0000E+00 0.0000E+00 0.0000E+00 2.7133E-12 1.7595E-11 5.2695E-11 1.1606E-10 2.0889E-10 3.2266E-10 4.7130E-10 6.6526E-10 9.2231E-10 1.2519E-09 1.6732E-09 2.1977E-09 2.8322E-09 3.5929E-09 4.4764E-09 5.4749E-09 6.5815E-09 7.7677E-09 8.9961E-09 1.0223E-08 1.1399E-08 1.2466E-08 1.3365E-08 1.4042E-08 1.4457E-08 1.4579E-08 1.4398E-08 1.3922E-08 1.3177E-08 1.2206E-08 1.1065E-08 9.8119E-09 8.5104E-09 7.2181E-09 5.9851E-09 4.8528E-09 3.8431E-09 2.9739E-09 2.2471E-09 1.6558E-09 1.1935E-09 8.3334E-10 5.6705E-10 3.6024E-10
0.0000E+00 0.0000E+00 0.0000E+00 0.0000E+00 0.0000E+00 0.0000E+00 0.0000E+00 0.0000E+00 0.0000E+00 0.0000E+00 0.0000E+00 0.0000E+00 0.0000E+00 0.0000E+00 5.6046E-12 3.4664E-11 8.9977E-11 1.7759E-10 2.8850E-10 4.3044E-10 6.1480E-10 8.5972E-10 1.1777E-09 1.5882E-09 2.0990E-09 2.7303E-09 3.4878E-09 4.3720E-09 5.3884E-09 6.5191E-09 7.7383E-09 9.0148E-09 1.0304E-08 1.1549E-08 1.2688E-08 1.3661E-08 1.4410E-08 1.4888E-08 1.5062E-08 1.4916E-08 1.4456E-08 1.3709E-08 1.2717E-08 1.1537E-08 1.0233E-08 8.8729E-09 7.5217E-09 6.2281E-09 5.0384E-09 3.9810E-09 3.0711E-09 2.3150E-09 1.7014E-09 1.2156E-09 8.4877E-10 5.6943E-10 3.5253E-10
0.0000E+00 0.0000E+00 0.0000E+00 0.0000E+00 0.0000E+00 0.0000E+00 0.0000E+00 0.0000E+00 0.0000E+00 0.0000E+00 0.0000E+00 0.0000E+00 0.0000E+00 0.0000E+00 0.0000E+00 1.8125E-11 6.5160E-11 1.3652E-10 2.4911E-10 3.8703E-10 5.6153E-10 7.9059E-10 1.0961E-09 1.4896E-09 1.9862E-09 2.6047E-09 3.3486E-09 4.2342E-09 5.2559E-09 6.3984E-09 7.6464E-09 8.9647E-09 1.0305E-08 1.1611E-08 1.2821E-08 1.3869E-08 1.4694E-08 1.5241E-08 1.5471E-08 1.5368E-08 1.4933E-08 1.4190E-08 1.3184E-08 1.1974E-08 1.0630E-08 9.2179E-09 7.8081E-09 6.4590E-09 5.2166E-09 4.1154E-09 3.1654E-09 2.3739E-09 1.7363E-09 1.2391E-09 8.5730E-10 5.7186E-10 3.5437E-10
0.0000E+00 0.0000E+00 0.0000E+00 0.0000E+00 0.0000E+00 0.0000E+00 0.0000E+00 0.0000E+00 0.0000E+00 0.0000E+00 0.0000E+00 0.0000E+00 0.0000E+00 0.0000E+00 0.0000E+00 2.7791E-12 4.1911E-11 1.0450E-10 2.0013E-10 3.4259E-10 5.0757E-10 7.2116E-10 1.0113E-09 1.3835E-09 1.8638E-09 2.4603E-09 3.1917E-09 4.0656E-09 5.0779E-09 6.2286E-09 7.4950E-09 8.8431E-09 1.0225E-08 1.1589E-08 1.2867E-08 1.3990E-08 1.4888E-08 1.5507E-08 1.5802E-08 1.5749E-08 1.5347E-08 1.4619E-08 1.3609E-08 1.2376E-08 1.0994E-08 9.5367E-09 8.0777E-09 6.6799E-09 5.3878E-09 4.2402E-09 3.2543E-09 2.4351E-09 1.7757E-09 1.2588E-09 8.6646E-10 5.7071E-10 3.4256E-10
0.0000E+00 0.0000E+00 0.0000E+00 0.0000E+00 0.0000E+00 0.0000E+00 0.0000E+00 0.0000E+00 0.0000E+00 0.0000E+00 0.0000E+00 0.0000E+00 0.0000E+00 0.0000E+00 0.0000E+00 1.1101E-12 1.9627E-11 7.8266E-11 1.5693E-10 2.8773E-10 4.5194E-10 6.5137E-10 9.2069E-10 1.2749E-09 1.7313E-09 2.3038E-09 3.0155E-09 3.8676E-09 4.8720E-09 6.0195E-09 7.2913E-09 8.6582E-09 1.0077E-08 1.1491E-08 1.2829E-08 1.4020E-08 1.4996E-08 1.5690E-08 1.6055E-08 1.6058E-08 1.5700E-08 1.4997E-08 1.3992E-08 1.2748E-08 1.1341E-08 9.8450E-09 8.3386E-09 6.8893E-09 5.5507E-09 4.3623E-09 3.3420E-09 2.4935E-09 1.8124E-09 1.2795E-09 8.7429E-10 5.6825E-10 3.3810E-10
0.0000E+00 0.0000E+00 0.0000E+00 0.0000E+00 0.0000E+00 0.0000E+00 0.0000E+00 0.0000E+00 0.0000E+00 0.0000E+00 0.0000E+00 0.0000E+00 0.0000E+00 0.0000E+00 0.0000E+00 0.0000E+00 9.8883E-12 4.8111E-11 1.1898E-10 2.2540E-10 3.9782E-10 5.8512E-10 8.3220E-10 1.1654E-09 1.5921E-09 2.1418E-09 2.8236E-09 3.6509E-09 4.6353E-09 5.7679E-09 7.0381E-09 8.4186E-09 9.8639E-09 1.1316E-08 1.2710E-08 1.3970E-08 1.5022E-08 1.5792E-08 1.6231E-08 1.6300E-08 1.5991E-08 1.5321E-08 1.4331E-08 1.3084E-08 1.1657E-08 1.0131E-08 8.5871E-09 7.1005E-09 5.7187E-09 4.4878E-09 3.4300E-09 2.5525E-09 1.8502E-09 1.3008E-09 8.8077E-10 5.6895E-10 3.3363E-10
0.0000E+00 0.0000E+00 0.0000E+00 0.0000E+00 0.0000E+00 0.0000E+00 0.0000E+00 0.0000E+00 0.0000E+00 0.0000E+00 0.0000E+00 0.0000E+00 0.0000E+00 0.0000E+00 0.0000E+00 0.0000E+00 6.8453E-12 3.3112E-11 8.8534E-11 1.7745E-10 3.2351E-10 5.1812E-10 7.4676E-10 1.0554E-09 1.4575E-09 1.9774E-09 2.6233E-09 3.4235E-09 4.3777E-09 5.4902E-09 6.7487E-09 8.1289E-09 9.5878E-09 1.1074E-08 1.2516E-08 1.3839E-08 1.4961E-08 1.5810E-08 1.6326E-08 1.6467E-08 1.6220E-08 1.5597E-08 1.4636E-08 1.3399E-08 1.1962E-08 1.0415E-08 8.8368E-09 7.3050E-09 5.8830E-09 4.6143E-09 3.5272E-09 2.6198E-09 1.8908E-09 1.3222E-09 8.9135E-10 5.6977E-10 3.2470E-10
0.0000E+00 0.0000E+00 0.0000E+00 0.0000E+00 0.0000E+00 0.0000E+00 0.0000E+00 0.0000E+00 0.0000E+00 0.0000E+00 0.0000E+00 0.0000E+00 0.0000E+00 0.0000E+00 0.0000E+00 0.0000E+00 1.9734E-12 2.2207E-11 6.4867E-11 1.3780E-10 2.5426E-10 4.4734E-10 6.6611E-10 9.4633E-10 1.3218E-09 1.8046E-09 2.4211E-09 3.1855E-09 4.1042E-09 5.1887E-09 6.4271E-09 7.7968E-09 9.2638E-09 1.0773E-08 1.2255E-08 1.3634E-08 1.4828E-08 1.5755E-08 1.6354E-08 1.6576E-08 1.6399E-08 1.5830E-08 1.4906E-08 1.3688E-08 1.2253E-08 1.0689E-08 9.0845E-09 7.5194E-09 6.0632E-09 4.7537E-09 3.6248E-09 2.6870E-09 1.9332E-09 1.3493E-09 9.0469E-10 5.7432E-10 3.2984E-10
0.0000E+00 0.0000E+00 0.0000E+00 0.0000E+00 0.0000E+00 0.0000E+00 0.0000E+00 0.0000E+00 0.0000E+00 0.0000E+00 0.0000E+00 0.0000E+00 0.0000E+00 0.0000E+00 0.0000E+00 0.0000E+00 1.4628E-12 1.5527E-11 4.5079E-11 1.0348E-10 2.0397E-10 3.6350E-10 5.8610E-10 8.4427E-10 1.1937E-09 1.6403E-09 2.2199E-09 2.9383E-09 3.8203E-09 4.8690E-09 6.0779E-09 7.4312E-09 8.8952E-09 1.0417E-08 1.1932E-08 1.3360E-08 1.4620E-08 1.5629E-08 1.6312E-08 1.6619E-08 1.6519E-08 1.6019E-08 1.5147E-08 1.3961E-08 1.2538E-08 1.0972E-08 9.3462E-09 7.7494E-09 6.2509E-09 4.9043E-09 3.7402E-09 2.7714E-09 1.9883E-09 1.3797E-09 9.2175E-10 5.8128E-10 3.2873E-10
0.0000E+00 0.0000E+00 0.0000E+00 0.0000E+00 0.0000E+00 0.0000E+00 0.0000E+00 0.0000E+00 0.0000E+00 0.0000E+00 0.0000E+00 0.0000E+00 0.0000E+00 0.0000E+00 0.0000E+00 0.0000E+00 0.0000E+00 9.5835E-12 3.6198E-11 7.5068E-11 1.5824E-10 2.9037E-10 4.9579E-10 7.4599E-10 1.0629E-09 1.4797E-09 2.0176E-09 2.6985E-09 3.5361E-09 4.5385E-09 5.7113E-09 7.0385E-09 8.4880E-09 1.0013E-08 1.1552E-08 1.3027E-08 1.4350E-08 1.5435E-08 1.6205E-08 1.6606E-08 1.6599E-08 1.6179E-08 1.5371E-08 1.4228E-08 1.2828E-08 1.1261E-08 9.6199E-09 7.9947E-09 6.4648E-09 5.0750E-09 3.8699E-09 2.8628E-09 2.0508E-09 1.4206E-09 9.4681E-10 5.9519E-10 3.3402E-10
0.0000E+00 0.0000E+00 0.0000E+00 0.0000E+00 0.0000E+00 0.0000E+00 0.0000E+00 0.0000E+00 0.0000E+00 0.0000E+00 0.0000E+00 0.0000E+00 0.0000E+00 0.0000E+00 0.0000E+00 0.0000E+00 0.0000E+00 1.5873E-12 2.4639E-11 5.9658E-11 1.2075E-10 2.3203E-10 4.0671E-10 6.4515E-10 9.3663E-10 1.3261E-09 1.8188E-09 2.4547E-09 3.2433E-09 4.2015E-09 5.3358E-09 6.6254E-09 8.0522E-09 9.5739E-09 1.1127E-08 1.2636E-08 1.4015E-08 1.5181E-08 1.6047E-08 1.6548E-08 1.6637E-08 1.6304E-08 1.5572E-08 1.4487E-08 1.3121E-08 1.1566E-08 9.9199E-09 8.2684E-09 6.6977E-09 5.2675E-09 4.0203E-09 2.9756E-09 2.1291E-09 1.4725E-09 9.7928E-10 6.1125E-10 3.4577E-10
0.0000E+00 0.0000E+00 0.0000E+00 0.0000E+00 0.0000E+00 0.0000E+00 0.0000E+00 0.0000E+00 0.0000E+00 0.0000E+00 0.0000E+00 0.0000E+00 0.0000E+00 0.0000E+00 0.0000E+00 0.0000E+00 0.0000E+00 0.0000E+00 1.1581E-11 4.3717E-11 9.6879E-11 1.8027E-10 3.2595E-10 5.4855E-10 8.2047E-10 1.1722E-09 1.6287E-09 2.2179E-09 2.9595E-09 3.8655E-09 4.9440E-09 6.1923E-09 7.5898E-09 9.0990E-09 1.0657E-08 1.2197E-08 1.3634E-08 1.4875E-08 1.5829E-08 1.6434E-08 1.6636E-08 1.6412E-08 1.5772E-08 1.4757E-08 1.3437E-08 1.1901E-08 1.0247E-08 8.5727E-09 6.9640E-09 5.4937E-09 4.1972E-09 3.1063E-09 2.2246E-09 1.5375E-09 1.0226E-09 6.4471E-10 3.6694E-10
0.0000E+00 0.0000E+00 0.0000E+00 0.0000E+00 0.0000E+00 0.0000E+00 0.0000E+00 0.0000E+00 0.0000E+00 0.0000E+00 0.0000E+00 0.0000E+00 0.0000E+00 0.0000E+00 0.0000E+00 0.0000E+00 0.0000E+00 0.0000E+00 1.8165E-12 2.8113E-11 7.5172E-11 1.4784E-10 2.5983E-10 4.4757E-10 6.9804E-10 1.0246E-09 1.4457E-09 1.9847E-09 2.6749E-09 3.5265E-09 4.5528E-09 5.7560E-09 7.1124E-09 8.5942E-09 1.0152E-08 1.1716E-08 1.3198E-08 1.4513E-08 1.5571E-08 1.6292E-08 1.6615E-08 1.6502E-08 1.5964E-08 1.5032E-08 1.3769E-08 1.2263E-08 1.0613E-08 8.9187E-09 7.2713E-09 5.7481E-09 4.4020E-09 3.2637E-09 2.3411E-09 1.6175E-09 1.0744E-09 6.7920E-10 3.8942E-10
0.0000E+00 0.0000E+00 0.0000E+00 0.0000E+00 0.0000E+00 0.0000E+00 0.0000E+00 0.0000E+00 0.0000E+00 0.0000E+00 0.0000E+00 0.0000E+00 0.0000E+00 0.0000E+00 0.0000E+00 0.0000E+00 0.0000E+00 0.0000E+00 0.0000E+00 1.3283E-11 5.4039E-11 1.1848E-10 2.1454E-10 3.6570E-10 5.8731E-10 8.7734E-10 1.2636E-09 1.7584E-09 2.3989E-09 3.1906E-09 4.1568E-09 5.3024E-09 6.6136E-09 8.0681E-09 9.6168E-09 1.1193E-08 1.2721E-08 1.4111E-08 1.5269E-08 1.6102E-08 1.6553E-08 1.6575E-08 1.6157E-08 1.5324E-08 1.4131E-08 1.2663E-08 1.1020E-08 9.3045E-09 7.6184E-09 6.0483E-09 4.6473E-09 3.4528E-09 2.4773E-09 1.7134E-09 1.1398E-09 7.2583E-10 4.1431E-10
0.0000E+00 0.0000E+00 0.0000E+00 0.0000E+00 0.0000E+00 0.0000E+00 0.0000E+00 0.0000E+00 0.0000E+00 0.0000E+00 0.0000E+00 0.0000E+00 0.0000E+00 0.0000E+00 0.0000E+00 0.0000E+00 0.0000E+00 0.0000E+00 0.0000E+00 1.4845E-12 3.5676E-11 8.8543E-11 1.7598E-10 3.0384E-10 4.8515E-10 7.3897E-10 1.0875E-09 1.5405E-09 2.1213E-09 2.8570E-09 3.7624E-09 4.8517E-09 6.1071E-09 7.5197E-09 9.0473E-09 1.0633E-08 1.2201E-08 1.3661E-08 1.4917E-08 1.5881E-08 1.6473E-08 1.6637E-08 1.6349E-08 1.5628E-08 1.4519E-08 1.3099E-08 1.1471E-08 9.7456E-09 8.0211E-09 6.3918E-09 4.9271E-09 3.6707E-09 2.6434E-09 1.8321E-09 1.2203E-09 7.7839E-10 4.4856E-10
0.0000E+00 0.0000E+00 0.0000E+00 0.0000E+00 0.0000E+00 0.0000E+00 0.0000E+00 0.0000E+00 0.0000E+00 0.0000E+00 0.0000E+00 0.0000E+00 0.0000E+00 0.0000E+00 0.0000E+00 0.0000E+00 0.0000E+00 0.0000E+00 0.0000E+00 0.0000E+00 5.7155E-12 6.0416E-11 1.3391E-10 2.4929E-10 4.1191E-10 6.1492E-10 9.2078E-10 1.3274E-09 1.8521E-09 2.5304E-09 3.3698E-09 4.3878E-09 5.5869E-09 6.9527E-09 8.4558E-09 1.0041E-08 1.1639E-08 1.3164E-08 1.4523E-08 1.5612E-08 1.6351E-08 1.6669E-08 1.6532E-08 1.5939E-08 1.4929E-08 1.3574E-08 1.1971E-08 1.0231E-08 8.4661E-09 6.7820E-09 5.2540E-09 3.9291E-09 2.8340E-09 1.9707E-09 1.3189E-09 8.4493E-10 4.8654E-10
0.0000E+00 0.0000E+00 0.0000E+00 0.0000E+00 0.0000E+00 0.0000E+00 0.0000E+00 0.0000E+00 0.0000E+00 0.0000E+00 0.0000E+00 0.0000E+00 0.0000E+00 0.0000E+00 0.0000E+00 0.0000E+00 0.0000E+00 0.0000E+00 0.0000E+00 0.0000E+00 5.9530E-13 1.2105E-11 9.4144E-11 1.9353E-10 3.3946E-10 5.1633E-10 7.7469E-10 1.1328E-09 1.6035E-09 2.2117E-09 2.9824E-09 3.9296E-09 5.0653E-09 6.3716E-09 7.8368E-09 9.4130E-09 1.1034E-08 1.2621E-08 1.4078E-08 1.5298E-08 1.6189E-08 1.6674E-08 1.6697E-08 1.6252E-08 1.5360E-08 1.4082E-08 1.2515E-08 1.0773E-08 8.9762E-09 7.2281E-09 5.6232E-09 4.2238E-09 3.0605E-09 2.1375E-09 1.4339E-09 9.2086E-10 5.4036E-10
0.0000E+00 0.0000E+00 0.0000E+00 0.0000E+00 0.0000E+00 0.0000E+00 0.0000E+00 0.0000E+00 0.0000E+00 0.0000E+00 0.0000E+00 0.0000E+00 0.0000E+00 0.0000E+00 0.0000E+00 0.0000E+00 0.0000E+00 0.0000E+00 0.0000E+00 0.0000E+00 0.0000E+00 3.1695E-12 5.1249E-11 1.4050E-10 2.7213E-10 4.2858E-10 6.4321E-10 9.5119E-10 1.3668E-09 1.9122E-09 2.6108E-09 3.4831E-09 4.5405E-09 5.7860E-09 7.2037E-09 8.7572E-09 1.0392E-08 1.2029E-08 1.3573E-08 1.4922E-08 1.5972E-08 1.6635E-08 1.6842E-08 1.6560E-08 1.5801E-08 1.4618E-08 1.3101E-08 1.1362E-08 9.5308E-09 7.7250E-09 6.0478E-09 4.5667E-09 3.3245E-09 2.3308E-09 1.5716E-09 1.0115E-09 6.0390E-10
