Assets/Resources/2015_m01_d26_0200(utc+0800)_l00_csi_1hr_conc.grd
DSAA
         159         159
     -79.000      79.000
     -79.000      79.000
  0.0000E+00  0.1767E-04
[rows 50 to 74 of 159, columns 0 to 56 of 159]
1.9474E-12 3.4017E-12 5.4961E-12 8.5998E-12 1.0276E-11 1.3567E-11 1.6588E-11 1.8417E-11 2.2015E-11 2.3603E-11 2.8447E-11 3.3051E-11 3.6784E-11 4.4218E-11 5.0173E-11 7.6269E-11 9.2556E-11 1.3197E-10 1.5429E-10 1.9693E-10 2.2684E-10 2.5880E-10 3.1093E-10 3.4326E-10 3.8398E-10 4.0734E-10 4.3668E-10 4.6856E-10 5.0135E-10 5.3596E-10 5.7775E-10 6.2408E-10 6.9016E-10 7.4319E-10 8.1041E-10 9.0848E-10 9.7907E-10 1.1023E-09 1.1787E-09 1.3033E-09 1.3853E-09 1.5168E-09 1.6238E-09 1.7224E-09 1.8258E-09 1.9343E-09 2.0479E-09 2.1668E-09 2.2910E-09 2.4206E-09 2.5557E-09 2.7241E-09 2.8738E-09 3.2033E-09 3.3871E-09 3.6794E-09 3.9580E-09
1.8403E-12 2.9311E-12 5.2065E-12 8.1268E-12 9.7546E-12 1.2334E-11 1.5818E-11 1.7001E-11 2.0437E-11 2.4871E-11 2.6664E-11 3.1759E-11 3.5578E-11 4.2491E-11 4.9999E-11 7.5344E-11 9.8942E-11 1.3780E-10 1.6586E-10 2.1030E-10 2.3760E-10 2.9245E-10 3.2210E-10 3.5777E-10 3.8764E-10 4.1072E-10 4.4170E-10 4.7327E-10 5.0690E-10 5.5167E-10 5.9310E-10 6.3702E-10 7.0708E-10 7.5270E-10 8.6181E-10 9.2489E-10 1.0372E-09 1.1247E-09 1.2421E-09 1.3321E-09 1.4568E-09 1.5621E-09 1.6604E-09 1.7618E-09 1.8684E-09 1.9802E-09 2.0973E-09 2.2200E-09 2.3483E-09 2.4823E-09 2.6480E-09 2.7970E-09 3.0359E-09 3.2995E-09 3.5258E-09 3.8625E-09 4.1020E-09
1.5936E-12 2.7653E-12 4.6349E-12 7.7006E-12 8.6647E-12 1.1715E-11 1.4478E-11 1.6194E-11 1.9518E-11 2.3171E-11 2.5533E-11 2.9846E-11 3.5020E-11 4.0464E-11 6.2641E-11 7.5871E-11 1.1515E-10 1.4134E-10 1.8512E-10 2.1251E-10 2.4553E-10 2.9587E-10 3.2839E-10 3.6610E-10 3.9083E-10 4.2053E-10 4.4539E-10 4.8392E-10 5.1225E-10 5.5756E-10 6.0038E-10 6.6104E-10 7.1394E-10 7.8596E-10 8.7551E-10 9.4654E-10 1.0668E-09 1.1521E-09 1.2663E-09 1.3576E-09 1.4888E-09 1.5962E-09 1.6954E-09 1.7999E-09 1.9096E-09 2.0247E-09 2.1455E-09 2.2721E-09 2.4045E-09 2.5429E-09 2.7147E-09 2.8689E-09 3.2043E-09 3.3956E-09 3.7565E-09 3.9903E-09 4.2515E-09
1.4993E-12 2.3179E-12 4.3719E-12 6.8480E-12 8.1943E-12 1.0523E-11 1.3756E-11 1.4815E-11 1.7973E-11 2.2134E-11 2.3777E-11 2.8585E-11 3.4234E-11 4.0287E-11 6.5304E-11 7.9909E-11 1.2376E-10 1.4549E-10 1.9365E-10 2.1857E-10 2.7092E-10 2.9939E-10 3.3557E-10 3.7130E-10 3.9444E-10 4.2373E-10 4.5554E-10 4.8842E-10 5.2310E-10 5.7385E-10 6.1380E-10 6.7809E-10 7.2086E-10 7.9455E-10 8.9456E-10 9.7845E-10 1.0928E-09 1.2082E-09 1.2984E-09 1.4219E-09 1.5277E-09 1.6271E-09 1.7290E-09 1.8362E-09 1.9490E-09 2.0675E-09 2.1918E-09 2.3222E-09 2.4587E-09 2.6015E-09 2.7795E-09 3.0221E-09 3.2906E-09 3.5248E-09 3.8705E-09 4.1257E-09 4.4775E-09
1.2650E-12 2.1778E-12 3.6833E-12 6.2809E-12 7.1516E-12 9.9561E-12 1.2459E-11 1.3902E-11 1.7102E-11 2.0467E-11 2.2688E-11 2.6698E-11 3.3418E-11 3.9190E-11 6.5273E-11 8.1851E-11 1.2538E-10 1.5375E-10 1.9676E-10 2.2676E-10 2.7971E-10 3.1283E-10 3.4990E-10 3.7418E-10 4.0240E-10 4.2785E-10 4.5926E-10 4.9291E-10 5.3775E-10 5.7923E-10 6.3114E-10 6.8651E-10 7.3856E-10 8.1318E-10 9.0440E-10 1.0316E-09 1.1093E-09 1.2284E-09 1.3203E-09 1.4484E-09 1.5568E-09 1.6560E-09 1.7605E-09 1.8706E-09 1.9864E-09 2.1083E-09 2.2362E-09 2.3704E-09 2.5110E-09 2.6848E-09 2.8424E-09 3.1792E-09 3.3750E-09 3.7434E-09 3.9864E-09 4.3272E-09 4.6342E-09
1.1844E-12 1.5622E-12 3.4601E-12 5.4797E-12 6.7362E-12 8.8141E-12 1.1791E-11 1.2726E-11 1.5600E-11 1.9478E-11 2.0969E-11 2.5477E-11 3.2179E-11 5.0412E-11 6.3913E-11 1.0338E-10 1.2846E-10 1.7162E-10 1.9978E-10 2.4695E-10 2.8280E-10 3.2018E-10 3.5462E-10 3.7678E-10 4.0599E-10 4.3622E-10 4.6872E-10 5.0303E-10 5.4209E-10 5.9184E-10 6.4465E-10 6.9382E-10 7.6151E-10 8.4455E-10 9.4019E-10 1.0443E-09 1.1397E-09 1.2458E-09 1.3471E-09 1.4713E-09 1.5807E-09 1.6822E-09 1.7892E-09 1.9020E-09 2.0208E-09 2.1458E-09 2.2773E-09 2.4154E-09 2.5602E-09 2.7399E-09 2.9292E-09 3.2540E-09 3.4633E-09 3.8439E-09 4.1088E-09 4.4745E-09 4.7894E-09
5.7463E-13 1.4613E-12 2.8093E-12 5.1491E-12 5.7466E-12 8.3046E-12 1.0546E-11 1.2808E-11 1.4786E-11 1.7856E-11 1.9931E-11 2.4251E-11 3.0761E-11 5.4783E-11 6.6908E-11 1.0741E-10 1.3111E-10 1.8090E-10 2.0505E-10 2.5611E-10 2.9001E-10 3.2588E-10 3.5666E-10 3.7924E-10 4.0824E-10 4.3941E-10 4.7197E-10 5.0639E-10 5.5688E-10 5.9741E-10 6.6110E-10 7.0092E-10 7.8024E-10 8.5250E-10 9.5931E-10 1.0608E-09 1.1519E-09 1.2691E-09 1.3624E-09 1.5014E-09 1.6017E-09 1.7054E-09 1.8149E-09 1.9305E-09 2.0522E-09 2.1805E-09 2.3155E-09 2.4576E-09 2.6067E-09 2.7914E-09 3.0440E-09 3.3250E-09 3.6370E-09 3.9428E-09 4.2929E-09 4.6100E-09 4.9413E-09
5.3491E-13 1.0756E-12 2.6275E-12 4.3897E-12 5.3893E-12 7.2192E-12 9.6214E-12 1.2346E-11 1.3338E-11 1.6925E-11 2.0198E-11 2.3714E-11 2.8711E-11 5.3180E-11 6.8173E-11 1.1222E-10 1.3521E-10 1.8279E-10 2.1615E-10 2.6478E-10 2.9742E-10 3.3433E-10 3.5796E-10 3.8596E-10 4.1040E-10 4.4703E-10 4.7447E-10 5.1868E-10 5.5969E-10 6.1123E-10 6.6563E-10 7.1572E-10 7.8630E-10 8.7581E-10 9.6486E-10 1.0679E-09 1.1858E-09 1.2817E-09 1.4087E-09 1.5182E-09 1.6182E-09 1.7241E-09 1.8360E-09 1.9542E-09 2.0791E-09 2.2108E-09 2.3496E-09 2.4958E-09 2.6735E-09 2.8384E-09 3.1845E-09 3.3935E-09 3.7774E-09 4.0441E-09 4.4183E-09 4.7432E-09 5.1704E-09
2.0975E-13 1.0014E-12 2.0159E-12 4.1047E-12 4.4559E-12 6.4549E-12 8.7525E-12 1.0996E-11 1.2587E-11 1.5359E-11 1.9144E-11 2.1871E-11 4.0832E-11 5.1260E-11 8.9063E-11 1.1143E-10 1.5682E-10 1.8305E-10 2.3045E-10 2.6551E-10 3.0235E-10 3.3620E-10 3.5796E-10 3.8644E-10 4.1045E-10 4.4799E-10 4.8140E-10 5.1955E-10 5.6838E-10 6.1298E-10 6.6791E-10 7.2685E-10 7.9013E-10 8.9678E-10 9.8990E-10 1.0888E-09 1.1926E-09 1.2980E-09 1.4196E-09 1.5292E-09 1.6312E-09 1.7392E-09 1.8536E-09 1.9746E-09 2.1026E-09 2.2378E-09 2.3805E-09 2.5309E-09 2.7124E-09 2.8825E-09 3.2317E-09 3.4817E-09 3.8462E-09 4.1328E-09 4.5229E-09 4.8623E-09 5.3278E-09
0.0000E+00 6.4068E-13 1.8763E-12 2.9940E-12 3.8426E-12 5.7463E-12 7.5710E-12 1.0346E-11 1.1204E-11 1.4495E-11 1.7456E-11 2.1381E-11 3.8801E-11 5.1925E-11 9.3106E-11 1.1032E-10 1.5929E-10 1.8576E-10 2.3732E-10 2.6991E-10 3.0506E-10 3.3530E-10 3.5697E-10 3.8529E-10 4.1562E-10 4.4740E-10 4.8110E-10 5.1992E-10 5.6873E-10 6.3009E-10 6.6878E-10 7.4500E-10 7.9210E-10 9.1107E-10 9.9322E-10 1.0890E-09 1.2031E-09 1.3001E-09 1.4350E-09 1.5366E-09 1.6405E-09 1.7508E-09 1.8677E-09 1.9915E-09 2.1226E-09 2.2613E-09 2.4078E-09 2.5625E-09 2.7477E-09 2.9461E-09 3.2727E-09 3.5923E-09 3.9103E-09 4.2840E-09 4.6174E-09 5.0506E-09 5.4583E-09
0.0000E+00 2.0161E-13 1.3046E-12 2.6276E-12 3.2841E-12 4.7246E-12 7.0896E-12 9.0627E-12 1.0524E-11 1.2997E-11 1.6472E-11 1.9580E-11 4.0774E-11 5.3452E-11 8.9953E-11 1.1256E-10 1.5977E-10 1.8554E-10 2.3778E-10 2.7909E-10 3.0502E-10 3.3269E-10 3.6008E-10 3.8356E-10 4.1886E-10 4.4582E-10 4.7967E-10 5.2694E-10 5.6764E-10 6.2860E-10 6.7765E-10 7.4438E-10 8.0231E-10 9.1119E-10 1.0013E-09 1.0888E-09 1.2011E-09 1.2991E-09 1.4375E-09 1.5400E-09 1.6461E-09 1.7584E-09 1.8777E-09 2.0043E-09 2.1385E-09 2.2807E-09 2.4312E-09 2.5902E-09 2.7791E-09 3.0289E-09 3.3090E-09 3.6897E-09 3.9682E-09 4.3620E-09 4.7037E-09 5.1705E-09 5.5785E-09
0.0000E+00 0.0000E+00 2.0902E-13 1.7763E-12 2.4109E-12 4.4021E-12 5.9748E-12 8.4851E-12 9.2113E-12 1.2207E-11 1.4856E-11 1.8312E-11 3.9664E-11 6.3563E-11 9.1629E-11 1.3158E-10 1.6020E-10 2.0626E-10 2.3840E-10 2.7591E-10 3.0837E-10 3.2938E-10 3.5671E-10 3.7981E-10 4.1599E-10 4.4245E-10 4.7632E-10 5.2478E-10 5.7339E-10 6.2526E-10 6.7489E-10 7.4112E-10 7.9969E-10 9.0788E-10 1.0055E-09 1.0861E-09 1.2064E-09 1.3216E-09 1.4355E-09 1.5394E-09 1.6478E-09 1.7623E-09 1.8840E-09 2.0134E-09 2.1507E-09 2.2964E-09 2.4509E-09 2.6143E-09 2.8069E-09 3.1225E-09 3.3459E-09 3.7239E-09 4.0195E-09 4.4192E-09 4.7745E-09 5.2652E-09 5.8089E-09
0.0000E+00 0.0000E+00 0.0000E+00 6.3819E-13 2.2343E-12 3.4446E-12 5.5656E-12 7.2737E-12 8.6088E-12 1.0785E-11 1.3778E-11 2.8601E-11 3.8077E-11 6.9811E-11 8.9757E-11 1.3549E-10 1.5567E-10 2.0775E-10 2.4068E-10 2.7103E-10 3.0408E-10 3.2452E-10 3.5177E-10 3.7553E-10 4.1102E-10 4.4331E-10 4.7976E-10 5.2588E-10 5.6885E-10 6.2038E-10 6.6995E-10 7.3639E-10 8.2924E-10 9.0252E-10 1.0066E-09 1.0801E-09 1.2010E-09 1.3160E-09 1.4280E-09 1.5338E-09 1.6454E-09 1.7625E-09 1.8866E-09 2.0187E-09 2.1591E-09 2.3084E-09 2.4668E-09 2.6347E-09 2.8308E-09 3.1442E-09 3.3782E-09 3.7528E-09 4.1235E-09 4.4713E-09 4.9259E-09 5.3490E-09 5.9148E-09
0.0000E+00 0.0000E+00 0.0000E+00 0.0000E+00 6.4426E-13 2.3173E-12 4.5209E-12 6.4942E-12 7.3728E-12 1.0078E-11 1.2416E-11 2.6788E-11 3.6888E-11 7.3182E-11 8.7873E-11 1.3265E-10 1.5731E-10 2.0690E-10 2.3815E-10 2.7237E-10 2.9808E-10 3.1884E-10 3.4619E-10 3.7496E-10 4.0536E-10 4.3740E-10 4.7360E-10 5.2012E-10 5.6248E-10 6.1379E-10 6.7960E-10 7.4016E-10 8.3347E-10 8.9477E-10 9.9926E-10 1.0905E-09 1.1925E-09 1.3143E-09 1.4183E-09 1.5250E-09 1.6391E-09 1.7594E-09 1.8864E-09 2.0211E-09 2.1646E-09 2.3173E-09 2.4796E-09 2.6660E-09 2.8515E-09 3.1620E-09 3.4227E-09 3.7795E-09 4.1684E-09 4.5217E-09 4.9995E-09 5.4217E-09 6.0017E-09
0.0000E+00 0.0000E+00 0.0000E+00 0.0000E+00 0.0000E+00 1.0966E-12 3.3084E-12 5.3779E-12 6.8524E-12 8.7384E-12 1.1249E-11 2.5382E-11 3.5164E-11 7.0704E-11 9.0052E-11 1.2954E-10 1.7439E-10 2.0312E-10 2.4252E-10 2.6592E-10 2.9201E-10 3.1747E-10 3.3958E-10 3.7329E-10 3.9861E-10 4.3080E-10 4.6790E-10 5.1279E-10 5.6364E-10 6.1561E-10 6.7203E-10 7.3273E-10 8.2501E-10 8.8587E-10 9.9051E-10 1.0821E-09 1.1819E-09 1.3034E-09 1.4068E-09 1.5143E-09 1.6306E-09 1.7534E-09 1.8830E-09 2.0208E-09 2.1672E-09 2.3232E-09 2.4893E-09 2.6787E-09 2.8688E-09 3.1760E-09 3.4829E-09 3.8050E-09 4.2012E-09 4.5607E-09 5.0495E-09 5.4868E-09 6.0793E-09
0.0000E+00 0.0000E+00 0.0000E+00 0.0000E+00 0.0000E+00 2.0907E-13 1.3562E-12 3.8482E-12 5.6977E-12 7.7679E-12 1.0153E-11 2.6623E-11 3.7399E-11 6.7467E-11 9.9304E-11 1.2825E-10 1.7363E-10 1.9875E-10 2.3598E-10 2.6609E-10 2.8522E-10 3.1069E-10 3.3299E-10 3.6582E-10 3.9177E-10 4.2368E-10 4.6087E-10 5.1278E-10 5.6027E-10 6.0715E-10 6.6376E-10 7.2407E-10 8.1469E-10 8.8281E-10 9.7903E-10 1.0772E-09 1.1696E-09 1.2934E-09 1.3947E-09 1.5028E-09 1.6194E-09 1.7441E-09 1.8770E-09 2.0176E-09 2.1671E-09 2.3263E-09 2.4960E-09 2.6883E-09 2.8830E-09 3.1868E-09 3.4950E-09 3.8291E-09 4.2236E-09 4.5932E-09 5.0942E-09 5.5463E-09 6.1503E-09
0.0000E+00 0.0000E+00 0.0000E+00 0.0000E+00 0.0000E+00 0.0000E+00 2.1553E-13 1.6082E-12 3.9227E-12 6.8685E-12 8.7201E-12 2.5952E-11 4.5624E-11 6.8496E-11 1.0241E-10 1.2591E-10 1.7241E-10 1.9823E-10 2.2996E-10 2.5888E-10 2.7847E-10 3.0355E-10 3.2556E-10 3.5871E-10 3.8404E-10 4.1600E-10 4.6456E-10 5.0406E-10 5.5131E-10 5.9833E-10 6.5416E-10 7.2385E-10 8.0329E-10 8.7139E-10 9.6655E-10 1.0701E-09 1.1564E-09 1.2809E-09 1.3813E-09 1.4890E-09 1.6065E-09 1.7326E-09 1.8675E-09 2.0111E-09 2.1640E-09 2.3266E-09 2.4999E-09 2.6950E-09 2.8943E-09 3.1947E-09 3.5043E-09 3.8473E-09 4.2425E-09 4.6912E-09 5.1349E-09 5.6020E-09 6.2165E-09
0.0000E+00 0.0000E+00 0.0000E+00 0.0000E+00 0.0000E+00 0.0000E+00 0.0000E+00 2.1759E-13 2.3198E-12 4.5351E-12 7.8420E-12 2.3956E-11 4.3684E-11 6.5101E-11 1.0535E-10 1.2216E-10 1.6659E-10 1.9593E-10 2.2662E-10 2.5194E-10 2.7101E-10 2.9581E-10 3.2294E-10 3.5031E-10 3.7620E-10 4.0779E-10 4.5518E-10 4.9508E-10 5.4161E-10 5.8820E-10 6.4807E-10 7.1865E-10 7.9096E-10 8.5903E-10 9.5223E-10 1.0546E-09 1.1410E-09 1.2648E-09 1.3658E-09 1.4747E-09 1.5914E-09 1.7185E-09 1.8556E-09 2.0017E-09 2.1579E-09 2.3240E-09 2.5011E-09 2.6991E-09 2.9030E-09 3.2003E-09 3.5419E-09 3.8580E-09 4.2587E-09 4.7321E-09 5.1726E-09 5.6548E-09 6.2793E-09
0.0000E+00 0.0000E+00 0.0000E+00 0.0000E+00 0.0000E+00 0.0000E+00 0.0000E+00 0.0000E+00 6.6349E-13 2.6252E-12 1.4371E-11 2.1767E-11 4.5902E-11 6.3443E-11 1.0093E-10 1.3393E-10 1.6180E-10 1.9574E-10 2.2163E-10 2.4432E-10 2.6340E-10 2.8814E-10 3.1436E-10 3.4207E-10 3.7148E-10 4.0483E-10 4.4605E-10 4.8498E-10 5.3112E-10 5.8525E-10 6.4470E-10 7.0630E-10 7.7750E-10 8.5009E-10 9.3721E-10 1.0377E-09 1.1244E-09 1.2477E-09 1.3489E-09 1.4582E-09 1.5760E-09 1.7035E-09 1.8418E-09 1.9902E-09 2.1487E-09 2.3185E-09 2.4996E-09 2.6931E-09 2.9095E-09 3.2040E-09 3.5443E-09 3.8667E-09 4.2765E-09 4.7592E-09 5.2077E-09 5.7051E-09 6.3391E-09
0.0000E+00 0.0000E+00 0.0000E+00 0.0000E+00 0.0000E+00 0.0000E+00 0.0000E+00 0.0000E+00 0.0000E+00 6.8451E-13 1.1805E-11 1.9475E-11 4.7294E-11 6.0169E-11 9.6611E-11 1.2886E-10 1.5853E-10 1.9345E-10 2.1394E-10 2.3660E-10 2.5940E-10 2.7946E-10 3.0622E-10 3.3297E-10 3.6226E-10 3.9615E-10 4.3542E-10 4.7461E-10 5.1987E-10 5.7307E-10 6.3188E-10 6.9286E-10 7.5226E-10 8.3494E-10 9.2081E-10 1.0196E-09 1.1063E-09 1.2284E-09 1.3303E-09 1.4402E-09 1.5588E-09 1.6867E-09 1.8257E-09 1.9756E-09 2.1372E-09 2.3100E-09 2.4951E-09 2.6932E-09 2.9049E-09 3.2059E-09 3.5451E-09 3.8737E-09 4.2945E-09 4.7815E-09 5.2428E-09 5.7562E-09 6.4001E-09
0.0000E+00 0.0000E+00 0.0000E+00 0.0000E+00 0.0000E+00 0.0000E+00 0.0000E+00 0.0000E+00 0.0000E+00 0.0000E+00 9.4355E-12 1.6871E-11 4.5435E-11 6.9459E-11 9.2010E-11 1.2919E-10 1.5408E-10 1.8591E-10 2.0816E-10 2.2863E-10 2.5081E-10 2.7128E-10 2.9684E-10 3.2362E-10 3.5257E-10 3.8580E-10 4.2482E-10 4.6312E-10 5.1393E-10 5.6045E-10 6.1828E-10 6.7852E-10 7.3706E-10 8.1044E-10 9.0296E-10 1.0001E-09 1.0867E-09 1.2077E-09 1.3098E-09 1.4203E-09 1.5396E-09 1.6683E-09 1.8075E-09 1.9588E-09 2.1230E-09 2.3000E-09 2.4889E-09 2.6919E-09 2.9093E-09 3.1419E-09 3.5471E-09 3.8825E-09 4.3124E-09 4.8042E-09 5.2788E-09 5.8090E-09 6.4188E-09
0.0000E+00 0.0000E+00 0.0000E+00 0.0000E+00 0.0000E+00 0.0000E+00 0.0000E+00 0.0000E+00 0.0000E+00 0.0000E+00 7.9103E-12 1.4224E-11 4.1670E-11 6.4656E-11 8.6526E-11 1.2785E-10 1.4729E-10 1.7879E-10 2.0016E-10 2.2016E-10 2.4235E-10 2.6192E-10 2.8769E-10 3.1385E-10 3.4214E-10 3.7534E-10 4.1316E-10 4.5114E-10 5.0103E-10 5.4677E-10 6.0352E-10 6.6291E-10 7.2072E-10 7.9324E-10 8.6661E-10 9.7960E-10 1.0697E-09 1.1857E-09 1.2878E-09 1.3987E-09 1.5188E-09 1.6488E-09 1.7892E-09 1.9417E-09 2.1070E-09 2.2862E-09 2.4795E-09 2.6871E-09 2.9103E-09 3.1495E-09 3.4179E-09 3.8876E-09 4.3239E-09 4.8221E-09 5.3094E-09 5.8557E-09 6.4852E-09
0.0000E+00 0.0000E+00 0.0000E+00 0.0000E+00 0.0000E+00 0.0000E+00 0.0000E+00 0.0000E+00 0.0000E+00 0.0000E+00 7.3265E-12 1.2913E-11 3.7373E-11 5.9748E-11 8.4109E-11 1.2307E-10 1.4393E-10 1.7111E-10 1.9213E-10 2.1189E-10 2.3296E-10 2.5286E-10 2.7776E-10 3.0364E-10 3.3170E-10 3.6367E-10 4.0135E-10 4.3852E-10 4.8715E-10 5.3245E-10 5.8804E-10 6.4645E-10 7.0365E-10 7.7475E-10 8.4750E-10 9.2854E-10 1.0472E-09 1.1619E-09 1.2643E-09 1.3754E-09 1.4953E-09 1.6262E-09 1.7681E-09 1.9219E-09 2.0892E-09 2.2706E-09 2.4672E-09 2.6797E-09 2.9083E-09 3.1548E-09 3.4309E-09 3.7437E-09 4.3319E-09 4.8372E-09 5.3372E-09 5.8997E-09 6.5492E-09
0.0000E+00 0.0000E+00 0.0000E+00 0.0000E+00 0.0000E+00 0.0000E+00 0.0000E+00 0.0000E+00 0.0000E+00 0.0000E+00 6.9562E-12 1.2039E-11 3.4414E-11 5.8587E-11 7.8459E-11 1.1580E-10 1.3638E-10 1.6538E-10 1.8640E-10 2.0275E-10 2.2416E-10 2.4308E-10 2.7017E-10 2.9305E-10 3.2012E-10 3.5549E-10 3.8851E-10 4.2499E-10 4.7275E-10 5.1708E-10 5.6929E-10 6.2871E-10 6.8710E-10 7.5518E-10 8.2696E-10 9.0452E-10 9.9020E-10 1.0831E-09 1.2382E-09 1.3493E-09 1.4702E-09 1.6014E-09 1.7444E-09 1.8995E-09 2.0684E-09 2.2524E-09 2.4523E-09 2.6691E-09 2.9042E-09 3.1578E-09 3.4428E-09 3.7656E-09 4.1238E-09 4.7266E-09 5.3652E-09 5.9450E-09 6.6157E-09
0.0000E+00 0.0000E+00 0.0000E+00 0.0000E+00 0.0000E+00 0.0000E+00 0.0000E+00 0.0000E+00 0.0000E+00 0.0000E+00 8.5544E-12 1.8244E-11 3.2121E-11 5.4963E-11 7.3695E-11 1.0862E-10 1.2951E-10 1.5645E-10 1.7670E-10 1.9371E-10 2.1427E-10 2.3678E-10 2.5958E-10 2.8183E-10 3.0901E-10 3.4283E-10 3.7533E-10 4.1131E-10 4.5721E-10 5.0094E-10 5.5204E-10 6.1001E-10 6.6734E-10 7.3246E-10 7.9709E-10 8.7964E-10 9.6308E-10 1.0589E-09 1.1492E-09 1.3213E-09 1.4423E-09 1.5743E-09 1.7179E-09 1.8746E-09 2.0456E-09 2.2317E-09 2.4353E-09 2.6571E-09 2.8983E-09 3.1602E-09 3.4549E-09 3.7822E-09 4.1449E-09 4.5676E-09 5.0901E-09 5.9406E-09 6.6105E-09
