Assets/Resources/2015_m01_d07_2300(utc+0800)_l00_csi_1hr_conc.grd
DSAA
         159         159
     -79.000      79.000
     -79.000      79.000
  0.0000E+00  0.3405E-04
[rows 25 to 49 of 159, columns 0 to 56 of 159]
0.0000E+00 0.0000E+00 0.0000E+00 0.0000E+00 0.0000E+00 1.0287E-12 1.1724E-12 3.1005E-12 3.5276E-12 4.3975E-12 6.3598E-12 7.2045E-12 8.6792E-12 1.1058E-11 1.2469E-11 1.4504E-11 1.6759E-11 1.8791E-11 2.1020E-11 2.3461E-11 2.6125E-11 2.9024E-11 3.2918E-11 3.6929E-11 4.1839E-11 4.7574E-11 5.4314E-11 6.1301E-11 6.8125E-11 7.7113E-11 8.5756E-11 9.4609E-11 1.0477E-10 1.1538E-10 1.2586E-10 1.3681E-10 1.4840E-10 1.6062E-10 1.7347E-10 1.8694E-10 2.0102E-10 2.1568E-10 2.3091E-10 2.4666E-10 2.6310E-10 2.8138E-10 2.9943E-10 3.1794E-10 5.1707E-10 8.8656E-10 1.3651E-09 1.8240E-09 2.2683E-09 2.6565E-09 3.0035E-09 3.3022E-09 3.5905E-09
0.0000E+00 0.0000E+00 0.0000E+00 0.0000E+00 0.0000E+00 1.0946E-12 1.2475E-12 3.3038E-12 3.7589E-12 5.1704E-12 6.7862E-12 7.6993E-12 1.0213E-11 1.1815E-11 1.3371E-11 1.5946E-11 1.7921E-11 2.0094E-11 2.2479E-11 2.5090E-11 2.7940E-11 3.1042E-11 3.5649E-11 4.0333E-11 4.5338E-11 5.2442E-11 5.9373E-11 6.5955E-11 7.5166E-11 8.3812E-11 9.2989E-11 1.0310E-10 1.1365E-10 1.2457E-10 1.3573E-10 1.4758E-10 1.6013E-10 1.7336E-10 1.8728E-10 2.0189E-10 2.1715E-10 2.3306E-10 2.4958E-10 2.6711E-10 2.8614E-10 3.0568E-10 3.2497E-10 3.4643E-10 6.2794E-10 1.0487E-09 1.5744E-09 2.0852E-09 2.5546E-09 2.9582E-09 3.3060E-09 3.5872E-09 3.8559E-09
0.0000E+00 0.0000E+00 0.0000E+00 0.0000E+00 0.0000E+00 1.1621E-12 1.3244E-12 3.5124E-12 3.9962E-12 5.5025E-12 7.2245E-12 8.6949E-12 1.1143E-11 1.2594E-11 1.4806E-11 1.7011E-11 1.9118E-11 2.1437E-11 2.3983E-11 2.6770E-11 2.9812E-11 3.3123E-11 3.8439E-11 4.3298E-11 5.0301E-11 5.7182E-11 6.3977E-11 7.2711E-11 8.1660E-11 9.0932E-11 1.0071E-10 1.1136E-10 1.2268E-10 1.3399E-10 1.4604E-10 1.5884E-10 1.7239E-10 1.8669E-10 2.0173E-10 2.1752E-10 2.3404E-10 2.5125E-10 2.6969E-10 2.8950E-10 3.1035E-10 3.3069E-10 3.5361E-10 3.7628E-10 7.4293E-10 1.2051E-09 1.7913E-09 2.3790E-09 2.8709E-09 3.2923E-09 3.6164E-09 3.8985E-09 4.1472E-09
0.0000E+00 0.0000E+00 0.0000E+00 0.0000E+00 0.0000E+00 1.2308E-12 1.4027E-12 3.7255E-12 4.2386E-12 5.8425E-12 7.6734E-12 9.6278E-12 1.1850E-11 1.3394E-11 1.6072E-11 1.8105E-11 2.0348E-11 2.2817E-11 2.5528E-11 2.8495E-11 3.1734E-11 3.5261E-11 4.1641E-11 4.6152E-11 5.4613E-11 6.1882E-11 6.9535E-11 7.8860E-11 8.8074E-11 9.7867E-11 1.0856E-10 1.2022E-10 1.3162E-10 1.4380E-10 1.5678E-10 1.7056E-10 1.8516E-10 2.0057E-10 2.1680E-10 2.3383E-10 2.5165E-10 2.7080E-10 2.9141E-10 3.1319E-10 3.3482E-10 3.5895E-10 3.8272E-10 5.0402E-10 8.7694E-10 1.4042E-09 2.0569E-09 2.7009E-09 3.2240E-09 3.6483E-09 3.9656E-09 4.2261E-09 4.4547E-09
0.0000E+00 0.0000E+00 0.0000E+00 0.0000E+00 0.0000E+00 1.3006E-12 1.4823E-12 3.9424E-12 4.4855E-12 6.1892E-12 8.1314E-12 1.0211E-11 1.2573E-11 1.4211E-11 1.7065E-11 1.9224E-11 2.1607E-11 2.4230E-11 2.7109E-11 3.0261E-11 3.3703E-11 3.8046E-11 4.4279E-11 4.9379E-11 5.9110E-11 6.6188E-11 7.5793E-11 8.4898E-11 9.4629E-11 1.0553E-10 1.1713E-10 1.2865E-10 1.4089E-10 1.5397E-10 1.6791E-10 1.8272E-10 1.9842E-10 2.1499E-10 2.3245E-10 2.5078E-10 2.7043E-10 2.9183E-10 3.1443E-10 3.3713E-10 3.6236E-10 3.8763E-10 4.1521E-10 5.8173E-10 1.0187E-09 1.6323E-09 2.3488E-09 3.0345E-09 3.6114E-09 4.0339E-09 4.3424E-09 4.5853E-09 4.7800E-09
0.0000E+00 0.0000E+00 0.0000E+00 0.0000E+00 0.0000E+00 1.3712E-12 1.5627E-12 4.1623E-12 4.7357E-12 6.5413E-12 8.5968E-12 1.0804E-11 1.3308E-11 1.5043E-11 1.8076E-11 2.0364E-11 2.2890E-11 2.5669E-11 2.8721E-11 3.2062E-11 3.5773E-11 4.0805E-11 4.6973E-11 5.3317E-11 6.3342E-11 7.2251E-11 8.1591E-11 9.1291E-11 1.0194E-10 1.1318E-10 1.2512E-10 1.3735E-10 1.5046E-10 1.6448E-10 1.7942E-10 1.9530E-10 2.1213E-10 2.2991E-10 2.4865E-10 2.6862E-10 2.9077E-10 3.1406E-10 3.3758E-10 3.6378E-10 3.9037E-10 4.1895E-10 4.4706E-10 6.5517E-10 1.1924E-09 1.9324E-09 2.6911E-09 3.4222E-09 4.0172E-09 4.4456E-09 4.7428E-09 4.9664E-09 5.1138E-09
0.0000E+00 0.0000E+00 0.0000E+00 0.0000E+00 0.0000E+00 1.4422E-12 1.6437E-12 4.3844E-12 4.9886E-12 6.8972E-12 9.0679E-12 1.1405E-11 1.4055E-11 1.5887E-11 1.9104E-11 2.1522E-11 2.4192E-11 2.7131E-11 3.0358E-11 3.3890E-11 3.8429E-11 4.3163E-11 5.0197E-11 5.7189E-11 6.7198E-11 7.7720E-11 8.7238E-11 9.7684E-11 1.0883E-10 1.2109E-10 1.3324E-10 1.4631E-10 1.6032E-10 1.7530E-10 1.9127E-10 2.0825E-10 2.2626E-10 2.4530E-10 2.6539E-10 2.8824E-10 3.1209E-10 3.3619E-10 3.6321E-10 3.9090E-10 4.2051E-10 4.5007E-10 4.8143E-10 7.3820E-10 1.3989E-09 2.2438E-09 3.0823E-09 3.8362E-09 4.4466E-09 4.8842E-09 5.1659E-09 5.3610E-09 5.4650E-09
0.0000E+00 0.0000E+00 0.0000E+00 0.0000E+00 0.0000E+00 1.5134E-12 1.7249E-12 4.6078E-12 5.2426E-12 7.2557E-12 9.5425E-12 1.2012E-11 1.4808E-11 1.6739E-11 2.0142E-11 2.2693E-11 2.5509E-11 2.8609E-11 3.2013E-11 3.5818E-11 4.0937E-11 4.5551E-11 5.3879E-11 6.0775E-11 7.1123E-11 8.3038E-11 9.3164E-11 1.0447E-10 1.1639E-10 1.2862E-10 1.4156E-10 1.5548E-10 1.7041E-10 1.8639E-10 2.0342E-10 2.2155E-10 2.4077E-10 2.6110E-10 2.8424E-10 3.0834E-10 3.3299E-10 3.6067E-10 3.8923E-10 4.1989E-10 4.5058E-10 4.8326E-10 5.1720E-10 8.8085E-10 1.6496E-09 2.5848E-09 3.5189E-09 4.3014E-09 4.9244E-09 5.3513E-09 5.6102E-09 5.7645E-09 5.8422E-09
0.0000E+00 0.0000E+00 0.0000E+00 0.0000E+00 0.0000E+00 1.5845E-12 1.8058E-12 4.8313E-12 5.4970E-12 7.6150E-12 1.0019E-11 1.2621E-11 1.5566E-11 1.7596E-11 2.1187E-11 2.3872E-11 2.6835E-11 3.0098E-11 3.3679E-11 3.8235E-11 4.3098E-11 4.8478E-11 5.7426E-11 6.4102E-11 7.5754E-11 8.8416E-11 9.8576E-11 1.1097E-10 1.2354E-10 1.3629E-10 1.5005E-10 1.6485E-10 1.8072E-10 1.9771E-10 2.1584E-10 2.3513E-10 2.5560E-10 2.7842E-10 3.0301E-10 3.2806E-10 3.5622E-10 3.8543E-10 4.1709E-10 4.4859E-10 4.8241E-10 5.1769E-10 5.5301E-10 1.0661E-09 1.9037E-09 2.9612E-09 3.9797E-09 4.8005E-09 5.4177E-09 5.8300E-09 6.0672E-09 6.1815E-09 6.2407E-09
0.0000E+00 0.0000E+00 0.0000E+00 0.0000E+00 0.0000E+00 1.6550E-12 1.8862E-12 5.0540E-12 5.7505E-12 7.9736E-12 1.0494E-11 1.3230E-11 1.6324E-11 1.8454E-11 2.2235E-11 2.5053E-11 2.8164E-11 3.1589E-11 3.5350E-11 4.0584E-11 4.5266E-11 5.1729E-11 6.0697E-11 6.7476E-11 8.0374E-11 9.3827E-11 1.0406E-10 1.1804E-10 1.3058E-10 1.4409E-10 1.5867E-10 1.7436E-10 1.9121E-10 2.0924E-10 2.2848E-10 2.4897E-10 2.7130E-10 2.9621E-10 3.2181E-10 3.4988E-10 3.7976E-10 4.1211E-10 4.4417E-10 4.7891E-10 5.1533E-10 5.5204E-10 5.9060E-10 1.2341E-09 2.1849E-09 3.3736E-09 4.4765E-09 5.3307E-09 5.9527E-09 6.3302E-09 6.5333E-09 6.6271E-09 6.6501E-09
0.0000E+00 0.0000E+00 0.0000E+00 0.0000E+00 0.0000E+00 1.7247E-12 1.9656E-12 5.2748E-12 6.0018E-12 8.3297E-12 1.0967E-11 1.3837E-11 1.7080E-11 1.9309E-11 2.3280E-11 2.6231E-11 2.9490E-11 3.3077E-11 3.7482E-11 4.2523E-11 4.7853E-11 5.4797E-11 6.3711E-11 7.1451E-11 8.5095E-11 9.8791E-11 1.1003E-10 1.2448E-10 1.3768E-10 1.5197E-10 1.6739E-10 1.8399E-10 2.0182E-10 2.2091E-10 2.4129E-10 2.6303E-10 2.8806E-10 3.1410E-10 3.4162E-10 3.7217E-10 4.0474E-10 4.3741E-10 4.7286E-10 5.1019E-10 5.4814E-10 5.8786E-10 7.1045E-10 1.3988E-09 2.5131E-09 3.8196E-09 5.0060E-09 5.8989E-09 6.5098E-09 6.8650E-09 7.0255E-09 7.0796E-09 7.0670E-09
0.0000E+00 0.0000E+00 0.0000E+00 0.0000E+00 0.0000E+00 1.7930E-12 2.0435E-12 5.4926E-12 6.2495E-12 8.6814E-12 1.1435E-11 1.4437E-11 1.7829E-11 2.0156E-11 2.4317E-11 2.7401E-11 3.0805E-11 3.4554E-11 3.9685E-11 4.4451E-11 5.0657E-11 5.7722E-11 6.6718E-11 7.5403E-11 8.9813E-11 1.0377E-10 1.1636E-10 1.3092E-10 1.4484E-10 1.5990E-10 1.7617E-10 1.9370E-10 2.1252E-10 2.3267E-10 2.5421E-10 2.7850E-10 3.0502E-10 3.3194E-10 3.6247E-10 3.9537E-10 4.2845E-10 4.6438E-10 5.0237E-10 5.4140E-10 5.8190E-10 6.2440E-10 7.6733E-10 1.5772E-09 2.8713E-09 4.2946E-09 5.5629E-09 6.4802E-09 7.0851E-09 7.4141E-09 7.5274E-09 7.5264E-09 7.4882E-09
0.0000E+00 0.0000E+00 0.0000E+00 0.0000E+00 0.0000E+00 1.8599E-12 2.1197E-12 5.7061E-12 6.4925E-12 9.0270E-12 1.1895E-11 1.5029E-11 1.8567E-11 2.0991E-11 2.5340E-11 2.8555E-11 3.2105E-11 3.6220E-11 4.1461E-11 4.6563E-11 5.3469E-11 6.0269E-11 7.0182E-11 7.9279E-11 9.4022E-11 1.0914E-10 1.2204E-10 1.3736E-10 1.5200E-10 1.6785E-10 1.8498E-10 2.0343E-10 2.2325E-10 2.4449E-10 2.6773E-10 2.9419E-10 3.2094E-10 3.5125E-10 3.8377E-10 4.1778E-10 4.5371E-10 4.9202E-10 5.3192E-10 5.7283E-10 6.1658E-10 6.6074E-10 9.0669E-10 1.7658E-09 3.2339E-09 4.7923E-09 6.1400E-09 7.0892E-09 7.6726E-09 7.9685E-09 8.0424E-09 7.9872E-09 7.8902E-09
0.0000E+00 0.0000E+00 0.0000E+00 0.0000E+00 0.0000E+00 1.9247E-12 2.1936E-12 5.9143E-12 6.7294E-12 9.3645E-12 1.2345E-11 1.5608E-11 1.9291E-11 2.1810E-11 2.6345E-11 2.9689E-11 3.3380E-11 3.8086E-11 4.3134E-11 4.8937E-11 5.6184E-11 6.2779E-11 7.3746E-11 8.3250E-11 9.8194E-11 1.1475E-10 1.2766E-10 1.4378E-10 1.5914E-10 1.7578E-10 1.9376E-10 2.1314E-10 2.3396E-10 2.5628E-10 2.8228E-10 3.0925E-10 3.3819E-10 3.7081E-10 4.0531E-10 4.4059E-10 4.7903E-10 5.1985E-10 5.6085E-10 6.0562E-10 6.5066E-10 6.9760E-10 9.8011E-10 1.9894E-09 3.6097E-09 5.3146E-09 6.7290E-09 7.7083E-09 8.2616E-09 8.5256E-09 8.5693E-09 8.4628E-09 8.2982E-09
0.0000E+00 0.0000E+00 0.0000E+00 0.0000E+00 0.0000E+00 1.9871E-12 2.2648E-12 6.1159E-12 6.9590E-12 9.6920E-12 1.2782E-11 1.6172E-11 1.9997E-11 2.2609E-11 2.7326E-11 3.0795E-11 3.4625E-11 3.9947E-11 4.4769E-11 5.1459E-11 5.8461E-11 6.5450E-11 7.7042E-11 8.6745E-11 1.0251E-10 1.1991E-10 1.3322E-10 1.5013E-10 1.6622E-10 1.8364E-10 2.0248E-10 2.2278E-10 2.4460E-10 2.6888E-10 2.9649E-10 3.2417E-10 3.5597E-10 3.9061E-10 4.2564E-10 4.6395E-10 5.0481E-10 5.4640E-10 5.9169E-10 6.3730E-10 6.8503E-10 7.3480E-10 1.0530E-09 2.2159E-09 3.9891E-09 5.8317E-09 7.3197E-09 8.3137E-09 8.8468E-09 9.0777E-09 9.0810E-09 8.9319E-09 8.7267E-09
0.0000E+00 0.0000E+00 0.0000E+00 0.0000E+00 0.0000E+00 2.0469E-12 2.3329E-12 6.3099E-12 7.1797E-12 1.0008E-11 1.3204E-11 1.6718E-11 2.0680E-11 2.3382E-11 2.8277E-11 3.1868E-11 3.6050E-11 4.1361E-11 4.6649E-11 5.3724E-11 6.0601E-11 6.8329E-11 8.0414E-11 9.0066E-11 1.0708E-10 1.2481E-10 1.3869E-10 1.5640E-10 1.7320E-10 1.9140E-10 2.1108E-10 2.3229E-10 2.5513E-10 2.8215E-10 3.0956E-10 3.4018E-10 3.7416E-10 4.0934E-10 4.4703E-10 4.8764E-10 5.2973E-10 5.7435E-10 6.2091E-10 6.6909E-10 7.1953E-10 7.7219E-10 1.1226E-09 2.4140E-09 4.3744E-09 6.3405E-09 7.8953E-09 8.9056E-09 9.4188E-09 9.6156E-09 9.5796E-09 9.3879E-09 9.1528E-09
0.0000E+00 0.0000E+00 0.0000E+00 0.0000E+00 0.0000E+00 2.1036E-12 2.3975E-12 6.4950E-12 7.3905E-12 1.0310E-11 1.3608E-11 1.7241E-11 2.1336E-11 2.4125E-11 2.9193E-11 3.2901E-11 3.7566E-11 4.2725E-11 4.8600E-11 5.5969E-11 6.2670E-11 7.1181E-11 8.3715E-11 9.3290E-11 1.1155E-10 1.2960E-10 1.4404E-10 1.6254E-10 1.8003E-10 1.9900E-10 2.1951E-10 2.4163E-10 2.6640E-10 2.9450E-10 3.2310E-10 3.5634E-10 3.9177E-10 4.2818E-10 4.6818E-10 5.1088E-10 5.5451E-10 6.0172E-10 6.5003E-10 7.0081E-10 7.5401E-10 8.0959E-10 1.1862E-09 2.5951E-09 4.7268E-09 6.8211E-09 8.4435E-09 9.4723E-09 9.9774E-09 1.0131E-08 1.0057E-08 9.8403E-09 9.5640E-09
0.0000E+00 0.0000E+00 0.0000E+00 0.0000E+00 0.0000E+00 2.1568E-12 2.4582E-12 6.6701E-12 7.5898E-12 1.0596E-11 1.3992E-11 1.7739E-11 2.1962E-11 2.4833E-11 3.0067E-11 3.3888E-11 3.9056E-11 4.4030E-11 5.0663E-11 5.7795E-11 6.4885E-11 7.3728E-11 8.6491E-11 9.6725E-11 1.1543E-10 1.3425E-10 1.4924E-10 1.6851E-10 1.8669E-10 2.0641E-10 2.2773E-10 2.5074E-10 2.7735E-10 3.0592E-10 3.3743E-10 3.7210E-10 4.0810E-10 4.4730E-10 4.8949E-10 5.3272E-10 5.8005E-10 6.2817E-10 6.7892E-10 7.3230E-10 7.8827E-10 8.4679E-10 1.2410E-09 2.7508E-09 5.0392E-09 7.2727E-09 8.9506E-09 9.9969E-09 1.0490E-08 1.0613E-08 1.0509E-08 1.0259E-08 9.9541E-09
0.0000E+00 0.0000E+00 0.0000E+00 0.0000E+00 0.0000E+00 2.2062E-12 2.5146E-12 6.8342E-12 7.7766E-12 1.0865E-11 1.4354E-11 1.8209E-11 2.2554E-11 2.5503E-11 3.0896E-11 3.4856E-11 4.0293E-11 4.5411E-11 5.2468E-11 5.9478E-11 6.7164E-11 7.6301E-11 8.9145E-11 1.0016E-10 1.1916E-10 1.3873E-10 1.5426E-10 1.7429E-10 1.9313E-10 2.1357E-10 2.3569E-10 2.6039E-10 2.8725E-10 3.1769E-10 3.5097E-10 3.8613E-10 4.2491E-10 4.6604E-10 5.0965E-10 5.5539E-10 6.0383E-10 6.5422E-10 7.0741E-10 7.6339E-10 8.2213E-10 8.8367E-10 1.2852E-09 2.9003E-09 5.2978E-09 7.6541E-09 9.3955E-09 1.0470E-08 1.0952E-08 1.1055E-08 1.0925E-08 1.0647E-08 1.0319E-08
0.0000E+00 0.0000E+00 0.0000E+00 0.0000E+00 0.0000E+00 2.2516E-12 2.5663E-12 6.9863E-12 7.9495E-12 1.1115E-11 1.4691E-11 1.8648E-11 2.3108E-11 2.6130E-11 3.1672E-11 3.5986E-11 4.1325E-11 4.6881E-11 5.4177E-11 6.1064E-11 6.9365E-11 7.8782E-11 9.1660E-11 1.0346E-10 1.2271E-10 1.4301E-10 1.5905E-10 1.7982E-10 1.9931E-10 2.2045E-10 2.4334E-10 2.6986E-10 2.9679E-10 3.2992E-10 3.6339E-10 3.9991E-10 4.4153E-10 4.8336E-10 5.2890E-10 5.7739E-10 6.2709E-10 6.7973E-10 7.3533E-10 7.9390E-10 8.5540E-10 9.2012E-10 1.3523E-09 2.9789E-09 5.4900E-09 7.9562E-09 9.7671E-09 1.0871E-08 1.1355E-08 1.1447E-08 1.1297E-08 1.1010E-08 1.0654E-08
0.0000E+00 0.0000E+00 0.0000E+00 0.0000E+00 0.0000E+00 2.2925E-12 2.6129E-12 7.1252E-12 8.1077E-12 1.1344E-11 1.5001E-11 1.9053E-11 2.3620E-11 2.6709E-11 3.2392E-11 3.7060E-11 4.2285E-11 4.8282E-11 5.5770E-11 6.2563E-11 7.1331E-11 8.0861E-11 9.4215E-11 1.0617E-10 1.2606E-10 1.4708E-10 1.6360E-10 1.8508E-10 2.0518E-10 2.2700E-10 2.5111E-10 2.7807E-10 3.0635E-10 3.4144E-10 3.7505E-10 4.1405E-10 4.5757E-10 4.9988E-10 5.4865E-10 5.9791E-10 6.4967E-10 7.0453E-10 7.6252E-10 8.2364E-10 8.8801E-10 9.5742E-10 1.3710E-09 3.0073E-09 5.6018E-09 8.1667E-09 1.0047E-08 1.1189E-08 1.1691E-08 1.1776E-08 1.1617E-08 1.1319E-08 1.0958E-08
0.0000E+00 0.0000E+00 0.0000E+00 0.0000E+00 0.0000E+00 2.3288E-12 2.6543E-12 7.2500E-12 8.2498E-12 1.1550E-11 1.5282E-11 1.9421E-11 2.4088E-11 2.7238E-11 3.3051E-11 3.8068E-11 4.3164E-11 4.9733E-11 5.6979E-11 6.4197E-11 7.3193E-11 8.2693E-11 9.6741E-11 1.0869E-10 1.2919E-10 1.5089E-10 1.6788E-10 1.9004E-10 2.1072E-10 2.3317E-10 2.5878E-10 2.8583E-10 3.1607E-10 3.5188E-10 3.8621E-10 4.2794E-10 4.7201E-10 5.1606E-10 5.6711E-10 6.1767E-10 6.7144E-10 7.2847E-10 7.8880E-10 8.5240E-10 9.1999E-10 9.9370E-10 1.2829E-09 2.9849E-09 5.6076E-09 8.2599E-09 1.0236E-08 1.1417E-08 1.1941E-08 1.2037E-08 1.1879E-08 1.1583E-08 1.1217E-08
0.0000E+00 0.0000E+00 0.0000E+00 0.0000E+00 0.0000E+00 2.3602E-12 2.6900E-12 7.3601E-12 8.3751E-12 1.1734E-11 1.5532E-11 1.9750E-11 2.4507E-11 2.7713E-11 3.3644E-11 3.9000E-11 4.3968E-11 5.0993E-11 5.8075E-11 6.5712E-11 7.4922E-11 8.4362E-11 9.9097E-11 1.1100E-10 1.3208E-10 1.5442E-10 1.7184E-10 1.9465E-10 2.1587E-10 2.3895E-10 2.6576E-10 2.9314E-10 3.2560E-10 3.6129E-10 3.9756E-10 4.4095E-10 4.8560E-10 5.3231E-10 5.8417E-10 6.3653E-10 6.9226E-10 7.5140E-10 8.1400E-10 8.8026E-10 9.5246E-10 1.0275E-09 1.2921E-09 2.9406E-09 5.5397E-09 8.2521E-09 1.0300E-08 1.1540E-08 1.2102E-08 1.2220E-08 1.2077E-08 1.1791E-08 1.1428E-08
0.0000E+00 0.0000E+00 0.0000E+00 0.0000E+00 0.0000E+00 2.3864E-12 2.7199E-12 7.4547E-12 8.4827E-12 1.1892E-11 1.5750E-11 2.0037E-11 2.4875E-11 2.8130E-11 3.4191E-11 3.9654E-11 4.4861E-11 5.2050E-11 5.9051E-11 6.7094E-11 7.6500E-11 8.5856E-11 1.0126E-10 1.1308E-10 1.3470E-10 1.5766E-10 1.7547E-10 1.9888E-10 2.2062E-10 2.4484E-10 2.7178E-10 3.0054E-10 3.3412E-10 3.7004E-10 4.0867E-10 4.5260E-10 4.9855E-10 5.4724E-10 6.0028E-10 6.5437E-10 7.1197E-10 7.7315E-10 8.3797E-10 9.0730E-10 9.8273E-10 1.0600E-09 1.2669E-09 2.8214E-09 5.3806E-09 8.1279E-09 1.0247E-08 1.1550E-08 1.2165E-08 1.2320E-08 1.2207E-08 1.1937E-08 1.1592E-08
0.0000E+00 0.0000E+00 0.0000E+00 0.0000E+00 0.0000E+00 2.4074E-12 2.7438E-12 7.5330E-12 8.5719E-12 1.2024E-11 1.5933E-11 2.0282E-11 2.5190E-11 2.8486E-11 3.4789E-11 4.0191E-11 4.5652E-11 5.2991E-11 5.9899E-11 6.8327E-11 7.7866E-11 8.7237E-11 1.0292E-10 1.1492E-10 1.3704E-10 1.6057E-10 1.7874E-10 2.0272E-10 2.2491E-10 2.5030E-10 2.7726E-10 3.0784E-10 3.4119E-10 3.7854E-10 4.1866E-10 4.6307E-10 5.1138E-10 5.6058E-10 6.1532E-10 6.7106E-10 7.3045E-10 7.9357E-10 8.6070E-10 9.3410E-10 1.0107E-09 1.0927E-09 1.2206E-09 2.6362E-09 5.1366E-09 7.8920E-09 1.0069E-08 1.1445E-08 1.2127E-08 1.2336E-08 1.2258E-08 1.2018E-08 1.1701E-08
