Assets/Resources/2015_m01_d20_0200(utc+0800)_l00_csi_1hr_conc.grd
DSAA
         159         159
     -79.000      79.000
     -79.000      79.000
  0.0000E+00  0.6780E-05
[rows 75 to 99 of 159, columns 57 to 113 of 159]
4.7569E-09 4.9062E-09 5.0566E-09 5.2090E-09 5.3658E-09 5.5203E-09 5.6811E-09 5.8441E-09 6.0105E-09 6.1840E-09 6.3596E-09 6.5606E-09 6.7600E-09 6.9629E-09 7.1701E-09 7.3922E-09 7.6148E-09 7.8560E-09 8.1194E-09 8.3724E-09 8.6338E-09 8.9014E-09 9.1730E-09 9.4463E-09 9.7186E-09 1.0037E-08 1.0340E-08 1.0632E-08 1.0928E-08 1.1230E-08 1.1540E-08 1.1882E-08 1.2469E-08 1.3207E-08 1.4201E-08 1.7739E-08 2.8883E-08 5.2785E-08 8.6870E-08 1.2468E-07 1.6561E-07 2.2866E-07 3.0364E-07 3.6458E-07 3.9852E-07 4.0546E-07 3.9183E-07 3.6564E-07 3.3374E-07 2.9969E-07 2.6677E-07 2.3651E-07 2.0967E-07 1.8609E-07 1.6607E-07 1.4925E-07 1.3476E-07
4.5601E-09 4.7030E-09 4.8562E-09 5.0036E-09 5.1569E-09 5.3103E-09 5.4674E-09 5.6268E-09 5.7886E-09 5.9592E-09 6.1291E-09 6.3216E-09 6.5161E-09 6.7115E-09 6.9111E-09 7.1206E-09 7.3384E-09 7.5683E-09 7.8235E-09 8.0670E-09 8.3184E-09 8.5783E-09 8.8425E-09 9.1103E-09 9.3784E-09 9.6862E-09 9.9928E-09 1.0283E-08 1.0578E-08 1.0879E-08 1.1188E-08 1.1520E-08 1.2051E-08 1.3008E-08 1.8238E-08 3.9633E-08 8.4199E-08 1.5426E-07 2.2548E-07 2.8438E-07 3.4772E-07 4.2564E-07 5.0312E-07 5.4926E-07 5.5518E-07 5.2687E-07 4.8046E-07 4.2780E-07 3.7436E-07 3.2461E-07 2.8015E-07 2.4215E-07 2.1040E-07 1.8406E-07 1.6266E-07 1.4526E-07 1.3035E-07
4.3602E-09 4.4967E-09 4.6425E-09 4.7942E-09 4.9455E-09 5.0955E-09 5.2488E-09 5.4043E-09 5.5632E-09 5.7268E-09 5.8927E-09 6.0740E-09 6.2657E-09 6.4512E-09 6.6451E-09 6.8460E-09 7.0544E-09 7.2720E-09 7.5180E-09 7.7522E-09 7.9929E-09 8.2433E-09 8.4994E-09 8.7599E-09 9.0225E-09 9.3167E-09 6.2546E-08 1.4773E-07 8.4831E-08 5.1478E-08 3.6001E-08 3.1977E-08 3.1860E-08 4.3041E-08 9.0946E-08 1.8159E-07 3.2800E-07 4.8492E-07 5.7744E-07 6.1952E-07 6.6636E-07 7.3813E-07 7.9082E-07 7.8629E-07 7.3224E-07 6.5143E-07 5.6259E-07 4.7854E-07 4.0289E-07 3.3797E-07 2.8399E-07 2.3978E-07 2.0491E-07 1.7707E-07 1.5519E-07 1.3797E-07 1.2327E-07
4.1537E-09 4.2938E-09 4.4312E-09 4.5835E-09 4.7307E-09 4.8772E-09 5.0266E-09 5.1775E-09 5.3335E-09 5.4897E-09 5.6517E-09 5.8214E-09 6.0101E-09 6.1876E-09 6.3735E-09 6.5621E-09 6.7645E-09 6.9697E-09 7.2046E-09 7.4299E-09 7.6602E-09 7.8993E-09 8.1460E-09 8.3981E-09 8.6127E-07 6.7804E-06 3.4118E-06 2.4199E-06 1.9165E-06 1.4232E-06 1.1030E-06 9.9988E-07 9.0790E-07 7.6015E-07 7.9298E-07 1.0418E-06 1.2982E-06 1.3525E-06 1.2247E-06 1.1215E-06 1.0930E-06 1.1217E-06 1.0999E-06 1.0062E-06 8.7564E-07 7.4021E-07 6.1162E-07 4.9955E-07 4.0722E-07 3.3378E-07 2.7454E-07 2.2812E-07 1.9240E-07 1.6508E-07 1.4388E-07 1.2742E-07 1.1366E-07
3.9462E-09 4.0891E-09 4.2184E-09 4.3611E-09 4.5129E-09 4.6550E-09 4.8018E-09 4.9477E-09 5.0989E-09 5.2495E-09 5.4055E-09 5.5673E-09 5.7499E-09 5.9207E-09 6.0980E-09 6.2781E-09 6.4666E-09 6.6630E-09 6.8847E-09 7.1035E-09 7.3227E-09 7.5498E-09 7.7864E-09 4.9195E-06 3.8435E-06 3.2457E-06 2.8524E-06 2.5975E-06 2.6416E-06 3.0157E-06 3.3335E-06 3.4500E-06 3.3741E-06 3.0843E-06 2.5694E-06 2.1427E-06 1.7773E-06 1.6877E-06 1.5681E-06 1.4246E-06 1.3894E-06 1.3727E-06 1.2677E-06 1.1001E-06 9.1903E-07 7.4747E-07 5.9818E-07 4.7583E-07 3.8109E-07 3.0694E-07 2.5025E-07 2.0618E-07 1.7317E-07 1.4820E-07 1.2911E-07 1.1435E-07 1.0201E-07
3.7336E-09 3.8789E-09 4.0106E-09 4.1432E-09 4.2950E-09 4.4329E-09 4.5733E-09 4.7166E-09 4.8606E-09 5.0091E-09 5.1573E-09 5.3112E-09 5.4836E-09 5.6517E-09 5.8183E-09 5.9919E-09 6.1711E-09 6.3563E-09 6.5617E-09 6.7742E-09 6.9825E-09 7.1975E-09 7.4226E-09 7.6543E-09 7.8919E-09 3.0980E-08 3.5628E-07 1.2635E-06 2.2864E-06 2.8921E-06 2.6915E-06 1.9806E-06 1.3344E-06 8.4088E-07 5.2047E-07 3.3452E-07 2.9741E-07 4.4538E-07 7.4507E-07 9.8541E-07 1.1536E-06 1.2174E-06 1.1411E-06 9.8566E-07 8.1156E-07 6.5160E-07 5.1636E-07 4.0819E-07 3.2396E-07 2.6010E-07 2.1214E-07 1.7546E-07 1.4818E-07 1.2766E-07 1.1185E-07 9.9550E-08 8.9122E-08
3.5326E-09 3.6635E-09 3.8027E-09 3.9264E-09 4.0675E-09 4.2105E-09 4.3450E-09 4.4828E-09 4.6233E-09 4.7663E-09 4.9082E-09 5.0546E-09 5.2158E-09 5.3817E-09 5.5399E-09 5.7050E-09 5.8714E-09 6.0502E-09 6.2386E-09 6.4450E-09 6.6413E-09 6.8447E-09 7.0571E-09 7.2776E-09 7.5045E-09 7.7365E-09 8.0034E-09 8.2871E-09 8.5511E-09 2.5204E-08 3.6700E-08 1.2749E-08 9.6944E-09 1.0162E-08 1.1752E-08 1.2940E-08 2.5104E-08 4.2921E-08 1.5507E-07 3.5214E-07 5.6799E-07 7.1903E-07 7.4627E-07 6.8252E-07 5.8637E-07 4.8399E-07 3.8993E-07 3.1089E-07 2.4845E-07 2.0165E-07 1.6628E-07 1.3956E-07 1.1976E-07 1.0476E-07 9.3200E-08 8.3879E-08 7.5726E-08
3.3339E-09 3.4547E-09 3.5868E-09 3.7162E-09 3.8459E-09 3.9857E-09 4.1188E-09 4.2499E-09 4.3850E-09 4.5220E-09 4.6615E-09 4.7996E-09 4.9506E-09 5.1106E-09 5.2625E-09 5.4166E-09 5.5766E-09 5.7413E-09 5.9167E-09 6.1150E-09 6.3022E-09 6.4939E-09 6.6933E-09 6.9022E-09 7.1173E-09 7.3388E-09 7.5794E-09 7.8622E-09 8.1172E-09 8.3785E-09 8.6484E-09 8.9274E-09 9.2168E-09 9.5318E-09 9.9828E-09 1.0650E-08 1.1888E-08 1.5227E-08 2.7881E-08 8.9941E-08 1.9033E-07 2.8288E-07 3.4453E-07 3.6126E-07 3.4244E-07 3.0225E-07 2.5609E-07 2.1156E-07 1.7346E-07 1.4380E-07 1.2095E-07 1.0390E-07 9.1441E-08 8.1758E-08 7.4542E-08 6.8243E-08 6.2596E-08
3.1374E-09 3.2534E-09 3.3780E-09 3.5032E-09 3.6263E-09 3.7571E-09 3.8940E-09 4.0187E-09 4.1499E-09 4.2795E-09 4.4128E-09 4.5463E-09 4.6853E-09 4.8399E-09 4.9874E-09 5.1331E-09 5.2844E-09 5.4360E-09 5.6002E-09 5.7832E-09 5.9663E-09 6.1468E-09 6.3334E-09 6.5299E-09 6.7333E-09 6.9431E-09 7.1597E-09 7.4246E-09 7.6825E-09 7.9324E-09 8.1908E-09 8.4577E-09 8.7346E-09 9.0195E-09 9.3848E-09 9.8693E-09 1.0670E-08 1.1898E-08 1.5727E-08 2.5758E-08 5.7789E-08 9.7441E-08 1.3152E-07 1.5428E-07 1.6486E-07 1.6148E-07 1.4850E-07 1.3018E-07 1.1242E-07 9.6655E-08 8.3455E-08 7.3946E-08 6.6733E-08 6.1534E-08 5.7491E-08 5.3763E-08 5.0416E-08
2.9406E-09 3.0550E-09 3.1712E-09 3.2883E-09 3.4152E-09 3.5354E-09 3.6643E-09 3.7919E-09 3.9142E-09 4.0417E-09 4.1686E-09 4.2959E-09 4.4248E-09 4.5710E-09 4.7115E-09 4.8528E-09 4.9937E-09 5.1392E-09 5.2892E-09 5.4567E-09 5.6358E-09 5.8045E-09 5.9794E-09 6.1626E-09 6.3540E-09 6.5520E-09 6.7556E-09 6.9891E-09 7.2505E-09 7.4879E-09 7.7339E-09 7.9879E-09 8.2498E-09 8.5187E-09 8.8047E-09 9.2176E-09 9.7450E-09 1.0642E-08 1.2036E-08 1.5724E-08 2.2031E-08 3.6546E-08 5.2431E-08 6.4043E-08 7.2773E-08 7.8295E-08 7.8074E-08 7.4963E-08 6.9387E-08 6.2689E-08 5.6762E-08 5.1892E-08 4.8142E-08 4.5664E-08 4.3496E-08 4.1622E-08 3.9874E-08
2.7450E-09 2.8607E-09 2.9724E-09 3.0824E-09 3.1997E-09 3.3225E-09 3.4380E-09 3.5656E-09 3.6839E-09 3.8038E-09 3.9250E-09 4.0475E-09 4.1716E-09 4.3025E-09 4.4446E-09 4.5756E-09 4.7102E-09 4.8473E-09 4.9842E-09 5.1367E-09 5.3081E-09 5.4697E-09 5.6329E-09 5.8033E-09 5.9825E-09 6.1679E-09 6.3601E-09 6.5623E-09 6.8132E-09 7.0486E-09 7.2812E-09 7.5210E-09 7.7669E-09 8.0194E-09 8.2789E-09 8.5920E-09 9.0173E-09 9.5733E-09 1.0500E-08 1.1875E-08 1.4513E-08 1.8203E-08 2.4704E-08 3.0858E-08 3.5546E-08 3.8352E-08 4.0646E-08 4.2537E-08 4.2216E-08 4.1057E-08 3.9224E-08 3.7191E-08 3.5391E-08 3.3943E-08 3.2759E-08 3.2206E-08 3.1292E-08
2.5574E-09 2.6659E-09 2.7770E-09 2.8862E-09 2.9887E-09 3.1091E-09 3.2266E-09 3.3335E-09 3.4569E-09 3.5728E-09 3.6862E-09 3.8042E-09 3.9221E-09 4.0418E-09 4.1787E-09 4.3047E-09 4.4330E-09 4.5600E-09 4.6907E-09 4.8220E-09 4.9828E-09 5.1430E-09 5.2955E-09 5.4534E-09 5.6202E-09 5.7936E-09 5.9734E-09 6.1582E-09 6.3759E-09 6.6175E-09 6.8357E-09 7.0599E-09 7.2897E-09 7.5262E-09 7.7689E-09 8.0193E-09 8.3605E-09 8.7813E-09 9.3187E-09 1.0157E-08 1.1355E-08 1.3111E-08 1.5357E-08 1.8311E-08 2.0694E-08 2.2822E-08 2.4287E-08 2.5248E-08 2.6392E-08 2.7655E-08 2.7919E-08 2.7555E-08 2.6860E-08 2.6212E-08 2.5697E-08 2.5088E-08 2.4359E-08
2.3782E-09 2.4762E-09 2.5843E-09 2.6922E-09 2.7936E-09 2.8920E-09 3.0134E-09 3.1232E-09 3.2306E-09 3.3439E-09 3.4553E-09 3.5653E-09 3.6766E-09 3.7908E-09 3.9136E-09 4.0424E-09 4.1587E-09 4.2823E-09 4.4030E-09 4.5280E-09 4.6641E-09 4.8234E-09 4.9674E-09 5.1141E-09 5.2682E-09 5.4297E-09 5.5974E-09 5.7708E-09 5.9540E-09 6.1832E-09 6.3994E-09 6.6083E-09 6.8225E-09 7.0428E-09 7.2691E-09 7.5013E-09 7.7512E-09 8.1075E-09 8.5042E-09 8.9831E-09 9.6902E-09 1.0623E-08 1.1844E-08 1.3156E-08 1.4488E-08 1.5775E-08 1.7031E-08 1.8142E-08 1.9018E-08 1.9755E-08 2.0455E-08 2.1102E-08 2.1207E-08 2.1041E-08 2.0796E-08 2.0436E-08 2.0020E-08
2.2034E-09 2.2995E-09 2.3961E-09 2.5004E-09 2.6028E-09 2.6982E-09 2.8015E-09 2.9136E-09 3.0160E-09 3.1185E-09 3.2272E-09 3.3334E-09 3.4402E-09 3.5443E-09 3.6589E-09 3.7833E-09 3.8970E-09 4.0106E-09 4.1262E-09 4.2429E-09 4.3600E-09 4.5066E-09 4.6507E-09 4.7867E-09 4.9287E-09 5.0785E-09 5.2339E-09 5.3959E-09 5.5617E-09 5.7527E-09 5.9741E-09 6.1693E-09 6.3684E-09 6.5727E-09 6.7823E-09 6.9974E-09 7.2221E-09 7.4724E-09 7.8256E-09 8.1978E-09 8.6286E-09 9.2367E-09 9.8798E-09 1.0827E-08 1.1702E-08 1.2606E-08 1.3491E-08 1.4407E-08 1.5295E-08 1.5993E-08 1.6548E-08 1.6959E-08 1.7222E-08 1.7282E-08 1.7243E-08 1.7093E-08 1.6852E-08
2.0346E-09 2.1286E-09 2.2182E-09 2.3123E-09 2.4178E-09 2.5092E-09 2.6012E-09 2.7041E-09 2.8081E-09 2.9058E-09 3.0036E-09 3.1073E-09 3.2082E-09 3.3099E-09 3.4103E-09 3.5271E-09 3.6404E-09 3.7485E-09 3.8566E-09 3.9658E-09 4.0771E-09 4.1941E-09 4.3423E-09 4.4717E-09 4.6025E-09 4.7408E-09 4.8848E-09 5.0346E-09 5.1881E-09 5.3461E-09 5.5434E-09 5.7457E-09 5.9297E-09 6.1182E-09 6.3118E-09 6.5108E-09 6.7176E-09 6.9336E-09 7.1765E-09 7.4981E-09 7.8734E-09 8.2249E-09 8.7085E-09 9.2499E-09 9.9835E-09 1.0643E-08 1.1352E-08 1.2097E-08 1.2806E-08 1.3439E-08 1.3880E-08 1.4180E-08 1.4367E-08 1.4507E-08 1.4525E-08 1.4405E-08 1.4247E-08
1.8729E-09 1.9628E-09 2.0500E-09 2.1351E-09 2.2286E-09 2.3274E-09 2.4142E-09 2.5058E-09 2.5977E-09 2.7006E-09 2.7933E-09 2.8810E-09 2.9847E-09 3.0788E-09 3.1750E-09 3.2780E-09 3.3922E-09 3.4940E-09 3.5973E-09 3.7015E-09 3.8032E-09 3.9083E-09 4.0296E-09 4.1693E-09 4.2900E-09 4.4168E-09 4.5499E-09 4.6877E-09 4.8294E-09 4.9742E-09 5.1301E-09 5.3266E-09 5.5084E-09 5.6814E-09 5.8595E-09 6.0436E-09 6.2332E-09 6.4301E-09 6.6363E-09 6.8638E-09 7.1502E-09 7.4728E-09 7.8254E-09 8.1462E-09 8.7035E-09 9.2873E-09 9.8341E-09 1.0407E-08 1.0955E-08 1.1430E-08 1.1800E-08 1.2055E-08 1.2178E-08 1.2258E-08 1.2277E-08 1.2225E-08 1.2042E-08
1.7148E-09 1.8035E-09 1.8888E-09 1.9701E-09 2.0532E-09 2.1435E-09 2.2352E-09 2.3193E-09 2.4091E-09 2.4935E-09 2.5912E-09 2.6795E-09 2.7621E-09 2.8607E-09 2.9493E-09 3.0386E-09 3.1444E-09 3.2502E-09 3.3464E-09 3.4440E-09 3.5424E-09 3.6387E-09 3.7412E-09 3.8697E-09 3.9918E-09 4.1081E-09 4.2302E-09 4.3562E-09 4.4868E-09 4.6201E-09 4.7563E-09 4.9120E-09 5.0995E-09 5.2647E-09 5.4282E-09 5.5971E-09 5.7704E-09 5.9501E-09 6.1391E-09 6.3360E-09 6.5371E-09 6.7745E-09 7.0362E-09 7.3131E-09 7.6630E-09 8.2379E-09 8.6665E-09 9.1152E-09 9.5308E-09 9.8738E-09 1.0112E-08 1.0264E-08 1.0369E-08 1.0404E-08 1.0381E-08 1.0339E-08 1.0230E-08
1.5634E-09 1.6491E-09 1.7333E-09 1.8122E-09 1.8893E-09 1.9715E-09 2.0550E-09 2.1423E-09 2.2257E-09 2.3095E-09 2.3883E-09 2.4763E-09 2.5646E-09 2.6424E-09 2.7308E-09 2.8190E-09 2.9062E-09 3.0117E-09 3.1070E-09 3.1979E-09 3.2896E-09 3.3832E-09 3.4734E-09 3.5784E-09 3.7029E-09 3.8145E-09 3.9261E-09 4.0415E-09 4.1609E-09 4.2833E-09 4.4084E-09 4.5356E-09 4.6893E-09 4.8651E-09 5.0182E-09 5.1725E-09 5.3303E-09 5.4938E-09 5.6665E-09 5.8452E-09 6.0235E-09 6.1977E-09 6.3635E-09 6.5671E-09 6.7936E-09 7.2674E-09 7.7223E-09 8.0448E-09 8.3365E-09 8.5617E-09 8.7098E-09 8.7988E-09 8.8499E-09 8.8708E-09 8.8659E-09 8.8237E-09 8.7254E-09
1.4174E-09 1.4951E-09 1.5814E-09 1.6617E-09 1.7349E-09 1.8101E-09 1.8890E-09 1.9627E-09 2.0502E-09 2.1319E-09 2.2082E-09 2.2825E-09 2.3611E-09 2.4493E-09 2.5229E-09 2.5950E-09 2.6891E-09 2.7736E-09 2.8718E-09 2.9621E-09 3.0474E-09 3.1362E-09 3.2222E-09 3.3092E-09 3.4171E-09 3.5323E-09 3.6375E-09 3.7432E-09 3.8522E-09 3.9644E-09 4.0789E-09 4.1953E-09 4.3145E-09 4.4629E-09 4.6272E-09 4.7707E-09 4.9147E-09 5.0636E-09 5.2190E-09 5.3779E-09 5.5339E-09 5.6844E-09 5.8271E-09 5.9603E-09 6.0835E-09 6.4722E-09 6.8005E-09 7.0895E-09 7.3454E-09 7.4760E-09 7.5541E-09 7.6013E-09 7.6247E-09 7.6254E-09 7.6098E-09 7.5636E-09 7.4736E-09
1.2842E-09 1.3538E-09 1.4268E-09 1.5133E-09 1.5883E-09 1.6576E-09 1.7314E-09 1.8044E-09 1.8739E-09 1.9570E-09 2.0368E-09 2.1072E-09 2.1773E-09 2.2462E-09 2.3299E-09 2.4035E-09 2.4713E-09 2.5462E-09 2.6458E-09 2.7277E-09 2.8157E-09 2.8999E-09 2.9839E-09 3.0624E-09 3.1495E-09 3.2562E-09 3.3575E-09 3.4615E-09 3.5608E-09 3.6634E-09 3.7678E-09 3.8741E-09 3.9819E-09 4.0940E-09 4.2341E-09 4.3882E-09 4.5232E-09 4.6585E-09 4.7972E-09 4.9355E-09 5.0707E-09 5.2004E-09 5.3233E-09 5.4389E-09 5.5466E-09 5.7371E-09 6.0229E-09 6.2218E-09 6.3869E-09 6.5036E-09 6.5602E-09 6.5873E-09 6.5955E-09 6.5869E-09 6.5652E-09 6.5168E-09 6.4340E-09
1.1628E-09 1.2272E-09 1.2923E-09 1.3624E-09 1.4444E-09 1.5147E-09 1.5819E-09 1.6528E-09 1.7201E-09 1.7859E-09 1.8644E-09 1.9404E-09 2.0070E-09 2.0724E-09 2.1378E-09 2.2011E-09 2.2850E-09 2.3493E-09 2.4181E-09 2.5142E-09 2.5912E-09 2.6663E-09 2.7513E-09 2.8296E-09 2.9072E-09 2.9927E-09 3.0959E-09 3.1892E-09 3.2870E-09 3.3801E-09 3.4751E-09 3.5721E-09 3.6707E-09 3.7711E-09 3.8752E-09 4.0036E-09 4.1491E-09 4.2779E-09 4.3987E-09 4.5180E-09 4.6347E-09 4.7467E-09 4.8536E-09 4.9546E-09 5.0485E-09 5.1345E-09 5.3397E-09 5.5262E-09 5.5816E-09 5.6433E-09 5.6852E-09 5.6942E-09 5.6942E-09 5.6942E-09 5.6706E-09 5.6229E-09 5.5487E-09
1.0433E-09 1.1086E-09 1.1684E-09 1.2299E-09 1.2985E-09 1.3730E-09 1.4420E-09 1.5073E-09 1.5742E-09 1.6364E-09 1.7006E-09 1.7693E-09 1.8453E-09 1.9078E-09 1.9693E-09 2.0302E-09 2.0899E-09 2.1485E-09 2.2291E-09 2.2983E-09 2.3733E-09 2.4532E-09 2.5247E-09 2.5939E-09 2.6798E-09 2.7549E-09 2.8359E-09 2.9345E-09 3.0229E-09 3.1105E-09 3.2009E-09 3.2889E-09 3.3788E-09 3.4701E-09 3.5631E-09 3.6589E-09 3.7749E-09 3.9078E-09 4.0251E-09 4.1271E-09 4.2277E-09 4.3248E-09 4.4185E-09 4.5070E-09 4.5882E-09 4.6605E-09 4.7158E-09 4.8465E-09 4.9145E-09 4.9160E-09 4.9005E-09 4.9144E-09 4.9061E-09 4.9452E-09 4.9287E-09 4.8860E-09 4.8187E-09
9.2707E-10 9.8662E-10 1.0511E-09 1.1098E-09 1.1672E-09 1.2327E-09 1.3040E-09 1.3698E-09 1.4339E-09 1.4956E-09 1.5537E-09 1.6172E-09 1.6807E-09 1.7421E-09 1.8099E-09 1.8679E-09 1.9243E-09 1.9811E-09 2.0366E-09 2.0918E-09 2.1813E-09 2.2506E-09 2.3105E-09 2.3706E-09 2.4527E-09 2.5143E-09 2.5981E-09 2.6821E-09 2.7770E-09 2.8593E-09 2.9369E-09 3.0242E-09 3.1058E-09 3.1888E-09 3.2733E-09 3.3594E-09 3.4463E-09 3.5427E-09 3.6529E-09 3.7581E-09 3.8498E-09 3.9351E-09 4.0176E-09 4.0949E-09 4.1645E-09 4.2221E-09 4.2616E-09 4.2747E-09 4.2645E-09 4.2461E-09 4.2755E-09 4.2704E-09 4.2592E-09 4.2551E-09 4.2716E-09 4.2342E-09 4.2034E-09
8.2251E-10 8.7555E-10 9.3380E-10 9.9522E-10 1.0488E-09 1.1050E-09 1.1699E-09 1.2301E-09 1.3000E-09 1.3616E-09 1.4177E-09 1.4737E-09 1.5351E-09 1.5928E-09 1.6475E-09 1.7110E-09 1.7680E-09 1.8213E-09 1.8744E-09 1.9275E-09 1.9815E-09 2.0471E-09 2.1248E-09 2.1870E-09 2.2432E-09 2.2991E-09 2.3607E-09 2.4347E-09 2.5120E-09 2.6159E-09 2.6970E-09 2.7707E-09 2.8437E-09 2.9266E-09 3.0032E-09 3.0812E-09 3.1577E-09 3.2293E-09 3.3044E-09 3.3886E-09 3.4791E-09 3.5546E-09 3.6494E-09 3.7164E-09 3.7751E-09 3.8200E-09 3.8454E-09 3.8100E-09 3.8018E-09 3.7445E-09 3.7189E-09 3.7362E-09 3.6934E-09 3.7132E-09 3.6903E-09 3.6800E-09 3.6243E-09
7.3492E-10 7.8102E-10 8.2684E-10 8.8167E-10 9.3783E-10 9.8787E-10 1.0433E-09 1.1022E-09 1.1620E-09 1.2265E-09 1.2899E-09 1.3422E-09 1.3957E-09 1.4540E-09 1.5074E-09 1.5581E-09 1.6085E-09 1.6676E-09 1.7213E-09 1.7714E-09 1.8217E-09 1.8746E-09 1.9376E-09 1.9952E-09 2.0517E-09 2.1137E-09 2.1720E-09 2.2247E-09 2.2829E-09 2.3570E-09 2.4407E-09 2.5212E-09 2.6044E-09 2.6759E-09 2.7445E-09 2.8217E-09 2.8874E-09 2.9493E-09 3.0086E-09 3.0685E-09 3.1346E-09 3.2128E-09 3.2731E-09 3.3477E-09 3.3934E-09 3.4524E-09 3.4365E-09 3.4360E-09 3.3945E-09 3.3447E-09 3.3285E-09 3.2762E-09 3.2910E-09 3.2748E-09 3.2498E-09 3.2160E-09 3.1978E-09
