Assets/Resources/2015_m01_d31_2200(utc+0800)_l00_csi_1hr_conc.grd
DSAA
         159         159
     -79.000      79.000
     -79.000      79.000
  0.0000E+00  0.4183E-04
[rows 25 to 49 of 159, columns 0 to 56 of 159]
1.5216E-09 1.6267E-09 1.7359E-09 1.8498E-09 1.9679E-09 2.0900E-09 2.2155E-09 2.3439E-09 2.4753E-09 2.6092E-09 2.7549E-09 2.8980E-09 3.0485E-09 3.2024E-09 3.3581E-09 3.5218E-09 3.6878E-09 3.8624E-09 4.0427E-09 4.2356E-09 4.4495E-09 4.6711E-09 4.9015E-09 5.1233E-09 5.3306E-09 5.5251E-09 5.6999E-09 5.8457E-09 5.9586E-09 6.0351E-09 6.0705E-09 6.0682E-09 6.0285E-09 5.9549E-09 5.8531E-09 5.7297E-09 5.5974E-09 5.4619E-09 5.3240E-09 5.1860E-09 5.0494E-09 4.9151E-09 4.7837E-09 4.6555E-09 4.5323E-09 4.4122E-09 4.2954E-09 4.1835E-09 4.0736E-09 3.9678E-09 3.8655E-09 3.7660E-09 3.6731E-09 3.5825E-09 3.4947E-09 3.4110E-09 3.3301E-09
1.4920E-09 1.5956E-09 1.7037E-09 1.8166E-09 1.9335E-09 2.0546E-09 2.1786E-09 2.3060E-09 2.4364E-09 2.5721E-09 2.7141E-09 2.8602E-09 3.0075E-09 3.1650E-09 3.3190E-09 3.4873E-09 3.6525E-09 3.8339E-09 4.0145E-09 4.2187E-09 4.4325E-09 4.6604E-09 4.8984E-09 5.1302E-09 5.3492E-09 5.5553E-09 5.7416E-09 5.8979E-09 6.0212E-09 6.1054E-09 6.1486E-09 6.1518E-09 6.1176E-09 6.0471E-09 5.9485E-09 5.8271E-09 5.6960E-09 5.5603E-09 5.4231E-09 5.2860E-09 5.1501E-09 5.0165E-09 4.8860E-09 4.7605E-09 4.6373E-09 4.5192E-09 4.4056E-09 4.2940E-09 4.1868E-09 4.0813E-09 3.9813E-09 3.8848E-09 3.7905E-09 3.7005E-09 3.6140E-09 3.5297E-09 3.4482E-09
1.4602E-09 1.5622E-09 1.6692E-09 1.7806E-09 1.8963E-09 2.0156E-09 2.1384E-09 2.2646E-09 2.3936E-09 2.5280E-09 2.6691E-09 2.8175E-09 2.9617E-09 3.1197E-09 3.2774E-09 3.4441E-09 3.6143E-09 3.7957E-09 3.9825E-09 4.1885E-09 4.4073E-09 4.6411E-09 4.8862E-09 5.1279E-09 5.3575E-09 5.5756E-09 5.7727E-09 5.9406E-09 6.0719E-09 6.1650E-09 6.2158E-09 6.2259E-09 6.1965E-09 6.1310E-09 6.0358E-09 5.9175E-09 5.7874E-09 5.6534E-09 5.5176E-09 5.3818E-09 5.2473E-09 5.1156E-09 4.9880E-09 4.8626E-09 4.7432E-09 4.6268E-09 4.5143E-09 4.4047E-09 4.2987E-09 4.1970E-09 4.0974E-09 4.0012E-09 3.9091E-09 3.8189E-09 3.7331E-09 3.6515E-09 3.5706E-09
1.4262E-09 1.5269E-09 1.6324E-09 1.7421E-09 1.8563E-09 1.9738E-09 2.0951E-09 2.2197E-09 2.3471E-09 2.4827E-09 2.6202E-09 2.7676E-09 2.9143E-09 3.0697E-09 3.2304E-09 3.3951E-09 3.5702E-09 3.7504E-09 3.9466E-09 4.1506E-09 4.3737E-09 4.6127E-09 4.8646E-09 5.1153E-09 5.3556E-09 5.5844E-09 5.7934E-09 5.9705E-09 6.1115E-09 6.2125E-09 6.2724E-09 6.2887E-09 6.2654E-09 6.2051E-09 6.1146E-09 5.9996E-09 5.8721E-09 5.7403E-09 5.6067E-09 5.4732E-09 5.3414E-09 5.2128E-09 5.0860E-09 4.9660E-09 4.8477E-09 4.7349E-09 4.6249E-09 4.5192E-09 4.4165E-09 4.3155E-09 4.2193E-09 4.1245E-09 4.0341E-09 3.9476E-09 3.8635E-09 3.7808E-09 3.7018E-09
1.3904E-09 1.4895E-09 1.5933E-09 1.7014E-09 1.8135E-09 1.9294E-09 2.0490E-09 2.1717E-09 2.2971E-09 2.4313E-09 2.5672E-09 2.7137E-09 2.8596E-09 3.0145E-09 3.1783E-09 3.3405E-09 3.5197E-09 3.6984E-09 3.8977E-09 4.1047E-09 4.3314E-09 4.5749E-09 4.8333E-09 5.0924E-09 5.3425E-09 5.5822E-09 5.8012E-09 5.9885E-09 6.1385E-09 6.2485E-09 6.3156E-09 6.3397E-09 6.3233E-09 6.2692E-09 6.1834E-09 6.0732E-09 5.9490E-09 5.8206E-09 5.6902E-09 5.5600E-09 5.4320E-09 5.3055E-09 5.1851E-09 5.0660E-09 4.9524E-09 4.8420E-09 4.7357E-09 4.6322E-09 4.5318E-09 4.4344E-09 4.3396E-09 4.2489E-09 4.1615E-09 4.0751E-09 3.9927E-09 3.9120E-09 3.8326E-09
1.3528E-09 1.4502E-09 1.5523E-09 1.6581E-09 1.7685E-09 1.8824E-09 2.0000E-09 2.1208E-09 2.2439E-09 2.3765E-09 2.5106E-09 2.6558E-09 2.8038E-09 2.9547E-09 3.1183E-09 3.2836E-09 3.4602E-09 3.6434E-09 3.8416E-09 4.0508E-09 4.2801E-09 4.5277E-09 4.7914E-09 5.0583E-09 5.3178E-09 5.5672E-09 5.7959E-09 5.9931E-09 6.1528E-09 6.2705E-09 6.3457E-09 6.3787E-09 6.3696E-09 6.3218E-09 6.2421E-09 6.1377E-09 6.0181E-09 5.8938E-09 5.7676E-09 5.6423E-09 5.5175E-09 5.3976E-09 5.2789E-09 5.1654E-09 5.0553E-09 4.9488E-09 4.8451E-09 4.7457E-09 4.6482E-09 4.5550E-09 4.4642E-09 4.3759E-09 4.2902E-09 4.2075E-09 4.1258E-09 4.0477E-09 3.9704E-09
1.3138E-09 1.4091E-09 1.5096E-09 1.6128E-09 1.7214E-09 1.8332E-09 1.9485E-09 2.0669E-09 2.1880E-09 2.3186E-09 2.4538E-09 2.5946E-09 2.7410E-09 2.8906E-09 3.0537E-09 3.2180E-09 3.3948E-09 3.5819E-09 3.7783E-09 3.9887E-09 4.2200E-09 4.4709E-09 4.7389E-09 5.0126E-09 5.2804E-09 5.5385E-09 5.7773E-09 5.9843E-09 6.1525E-09 6.2790E-09 6.3626E-09 6.4041E-09 6.4028E-09 6.3628E-09 6.2903E-09 6.1926E-09 6.0783E-09 5.9595E-09 5.8394E-09 5.7181E-09 5.6005E-09 5.4836E-09 5.3715E-09 5.2622E-09 5.1562E-09 5.0533E-09 4.9548E-09 4.8589E-09 4.7669E-09 4.6776E-09 4.5896E-09 4.5057E-09 4.4227E-09 4.3428E-09 4.2646E-09 4.1873E-09 4.1112E-09
1.2735E-09 1.3667E-09 1.4650E-09 1.5658E-09 1.6722E-09 1.7817E-09 1.8946E-09 2.0107E-09 2.1293E-09 2.2579E-09 2.3911E-09 2.5299E-09 2.6745E-09 2.8258E-09 2.9843E-09 3.1508E-09 3.3238E-09 3.5143E-09 3.7080E-09 3.9187E-09 4.1508E-09 4.4044E-09 4.6754E-09 4.9554E-09 5.2295E-09 5.4965E-09 5.7443E-09 5.9605E-09 6.1377E-09 6.2731E-09 6.3656E-09 6.4150E-09 6.4233E-09 6.3917E-09 6.3272E-09 6.2372E-09 6.1296E-09 6.0182E-09 5.9030E-09 5.7901E-09 5.6768E-09 5.5673E-09 5.4597E-09 5.3554E-09 5.2542E-09 5.1572E-09 5.0635E-09 4.9731E-09 4.8860E-09 4.8004E-09 4.7179E-09 4.6368E-09 4.5590E-09 4.4814E-09 4.4054E-09 4.3307E-09 4.2569E-09
1.2322E-09 1.3230E-09 1.4190E-09 1.5173E-09 1.6214E-09 1.7283E-09 1.8384E-09 1.9525E-09 2.0683E-09 2.1948E-09 2.3257E-09 2.4621E-09 2.6076E-09 2.7542E-09 2.9106E-09 3.0757E-09 3.2476E-09 3.4376E-09 3.6309E-09 3.8410E-09 4.0736E-09 4.3281E-09 4.6011E-09 4.8855E-09 5.1655E-09 5.4403E-09 5.6969E-09 5.9216E-09 6.1079E-09 6.2526E-09 6.3536E-09 6.4119E-09 6.4297E-09 6.4079E-09 6.3525E-09 6.2713E-09 6.1723E-09 6.0670E-09 5.9616E-09 5.8542E-09 5.7491E-09 5.6449E-09 5.5434E-09 5.4450E-09 5.3502E-09 5.2594E-09 5.1713E-09 5.0867E-09 5.0045E-09 4.9245E-09 4.8470E-09 4.7710E-09 4.6959E-09 4.6222E-09 4.5498E-09 4.4783E-09 4.4078E-09
1.1898E-09 1.2783E-09 1.3717E-09 1.4676E-09 1.5690E-09 1.6734E-09 1.7807E-09 1.8922E-09 2.0054E-09 2.1265E-09 2.2546E-09 2.3915E-09 2.5349E-09 2.6789E-09 2.8331E-09 2.9993E-09 3.1698E-09 3.3553E-09 3.5473E-09 3.7559E-09 3.9881E-09 4.2423E-09 4.5159E-09 4.8038E-09 5.0885E-09 5.3697E-09 5.6341E-09 5.8677E-09 6.0631E-09 6.2165E-09 6.3265E-09 6.3944E-09 6.4220E-09 6.4112E-09 6.3655E-09 6.2950E-09 6.2042E-09 6.1094E-09 6.0109E-09 5.9127E-09 5.8141E-09 5.7171E-09 5.6226E-09 5.5312E-09 5.4439E-09 5.3588E-09 5.2775E-09 5.1992E-09 5.1228E-09 5.0498E-09 4.9766E-09 4.9051E-09 4.8349E-09 4.7658E-09 4.6975E-09 4.6316E-09 4.5648E-09
1.1468E-09 1.2328E-09 1.3237E-09 1.4169E-09 1.5157E-09 1.6170E-09 1.7215E-09 1.8304E-09 1.9409E-09 2.0593E-09 2.1845E-09 2.3184E-09 2.4568E-09 2.6005E-09 2.7522E-09 2.9160E-09 3.0842E-09 3.2677E-09 3.4576E-09 3.6642E-09 3.8944E-09 4.1470E-09 4.4204E-09 4.7102E-09 4.9982E-09 5.2848E-09 5.5567E-09 5.7986E-09 6.0027E-09 6.1648E-09 6.2844E-09 6.3623E-09 6.4002E-09 6.4008E-09 6.3661E-09 6.3071E-09 6.2273E-09 6.1414E-09 6.0532E-09 5.9630E-09 5.8724E-09 5.7835E-09 5.6970E-09 5.6140E-09 5.5330E-09 5.4557E-09 5.3819E-09 5.3101E-09 5.2414E-09 5.1730E-09 5.1060E-09 5.0403E-09 4.9756E-09 4.9119E-09 4.8508E-09 4.7880E-09 4.7271E-09
1.1032E-09 1.1865E-09 1.2749E-09 1.3652E-09 1.4613E-09 1.5596E-09 1.6613E-09 1.7674E-09 1.8750E-09 1.9905E-09 2.1126E-09 2.2435E-09 2.3789E-09 2.5196E-09 2.6683E-09 2.8293E-09 2.9946E-09 3.1754E-09 3.3626E-09 3.5665E-09 3.7934E-09 4.0430E-09 4.3154E-09 4.6054E-09 4.8951E-09 5.1865E-09 5.4646E-09 5.7144E-09 5.9265E-09 6.0978E-09 6.2272E-09 6.3154E-09 6.3643E-09 6.3763E-09 6.3540E-09 6.3072E-09 6.2396E-09 6.1650E-09 6.0864E-09 6.0048E-09 5.9237E-09 5.8438E-09 5.7664E-09 5.6907E-09 5.6186E-09 5.5498E-09 5.4834E-09 5.4197E-09 5.3568E-09 5.2954E-09 5.2352E-09 5.1760E-09 5.1182E-09 5.0621E-09 5.0056E-09 4.9492E-09 4.8917E-09
1.0593E-09 1.1398E-09 1.2256E-09 1.3130E-09 1.4061E-09 1.5014E-09 1.6001E-09 1.7034E-09 1.8080E-09 1.9177E-09 2.0394E-09 2.1669E-09 2.2991E-09 2.4365E-09 2.5819E-09 2.7395E-09 2.9015E-09 3.0789E-09 3.2629E-09 3.4630E-09 3.6855E-09 3.9310E-09 4.2011E-09 4.4897E-09 4.7798E-09 5.0751E-09 5.3584E-09 5.6150E-09 5.8351E-09 6.0155E-09 6.1550E-09 6.2540E-09 6.3142E-09 6.3381E-09 6.3283E-09 6.2955E-09 6.2407E-09 6.1784E-09 6.1093E-09 6.0386E-09 5.9676E-09 5.8977E-09 5.8286E-09 5.7629E-09 5.7000E-09 5.6397E-09 5.5819E-09 5.5252E-09 5.4702E-09 5.4165E-09 5.3637E-09 5.3128E-09 5.2628E-09 5.2137E-09 5.1629E-09 5.1135E-09 5.0609E-09
1.0151E-09 1.0929E-09 1.1760E-09 1.2605E-09 1.3503E-09 1.4426E-09 1.5382E-09 1.6386E-09 1.7402E-09 1.8469E-09 1.9624E-09 2.0864E-09 2.2150E-09 2.3517E-09 2.4933E-09 2.6472E-09 2.8086E-09 2.9789E-09 3.1592E-09 3.3547E-09 3.5715E-09 3.8124E-09 4.0787E-09 4.3639E-09 4.6538E-09 4.9510E-09 5.2385E-09 5.5009E-09 5.7287E-09 5.9185E-09 6.0680E-09 6.1780E-09 6.2501E-09 6.2865E-09 6.2908E-09 6.2717E-09 6.2306E-09 6.1801E-09 6.1231E-09 6.0638E-09 6.0037E-09 5.9433E-09 5.8853E-09 5.8296E-09 5.7762E-09 5.7253E-09 5.6754E-09 5.6275E-09 5.5810E-09 5.5356E-09 5.4923E-09 5.4496E-09 5.4085E-09 5.3656E-09 5.3235E-09 5.2781E-09 5.2338E-09
9.7094E-10 1.0459E-09 1.1261E-09 1.2075E-09 1.2942E-09 1.3835E-09 1.4761E-09 1.5734E-09 1.6718E-09 1.7756E-09 1.8877E-09 2.0050E-09 2.1328E-09 2.2625E-09 2.4033E-09 2.5529E-09 2.7069E-09 2.8762E-09 3.0519E-09 3.2420E-09 3.4525E-09 3.6879E-09 3.9487E-09 4.2296E-09 4.5179E-09 4.8156E-09 5.1056E-09 5.3734E-09 5.6084E-09 5.8069E-09 5.9668E-09 6.0880E-09 6.1722E-09 6.2220E-09 6.2408E-09 6.2359E-09 6.2088E-09 6.1715E-09 6.1272E-09 6.0799E-09 6.0308E-09 5.9820E-09 5.9350E-09 5.8899E-09 5.8469E-09 5.8047E-09 5.7644E-09 5.7259E-09 5.6886E-09 5.6535E-09 5.6194E-09 5.5866E-09 5.5527E-09 5.5187E-09 5.4824E-09 5.4466E-09 5.4078E-09
9.2671E-10 9.9894E-10 1.0763E-09 1.1546E-09 1.2381E-09 1.3242E-09 1.4137E-09 1.5079E-09 1.6032E-09 1.7040E-09 1.8068E-09 1.9230E-09 2.0469E-09 2.1756E-09 2.3120E-09 2.4543E-09 2.6066E-09 2.7714E-09 2.9421E-09 3.1258E-09 3.3296E-09 3.5585E-09 3.8123E-09 4.0879E-09 4.3730E-09 4.6698E-09 4.9614E-09 5.2335E-09 5.4751E-09 5.6819E-09 5.8519E-09 5.9844E-09 6.0809E-09 6.1449E-09 6.1780E-09 6.1879E-09 6.1752E-09 6.1525E-09 6.1214E-09 6.0865E-09 6.0493E-09 6.0128E-09 5.9775E-09 5.9437E-09 5.9102E-09 5.8784E-09 5.8484E-09 5.8198E-09 5.7934E-09 5.7687E-09 5.7449E-09 5.7209E-09 5.6961E-09 5.6698E-09 5.6434E-09 5.6152E-09 5.5840E-09
8.8275E-10 9.5232E-10 1.0267E-09 1.1016E-09 1.1821E-09 1.2651E-09 1.3514E-09 1.4426E-09 1.5345E-09 1.6322E-09 1.7320E-09 1.8442E-09 1.9640E-09 2.0882E-09 2.2173E-09 2.3578E-09 2.5053E-09 2.6650E-09 2.8300E-09 3.0072E-09 3.2038E-09 3.4251E-09 3.6709E-09 3.9407E-09 4.2208E-09 4.5147E-09 4.8071E-09 5.0823E-09 5.3298E-09 5.5444E-09 5.7240E-09 5.8678E-09 5.9773E-09 6.0554E-09 6.1031E-09 6.1272E-09 6.1307E-09 6.1227E-09 6.1054E-09 6.0828E-09 6.0592E-09 6.0354E-09 6.0124E-09 5.9888E-09 5.9666E-09 5.9458E-09 5.9265E-09 5.9093E-09 5.8944E-09 5.8807E-09 5.8668E-09 5.8522E-09 5.8364E-09 5.8208E-09 5.8038E-09 5.7838E-09 5.7627E-09
8.3927E-10 9.0593E-10 9.7737E-10 1.0491E-09 1.1265E-09 1.2063E-09 1.2894E-09 1.3774E-09 1.4662E-09 1.5608E-09 1.6574E-09 1.7601E-09 1.8784E-09 1.9982E-09 2.1254E-09 2.2578E-09 2.4001E-09 2.5577E-09 2.7166E-09 2.8872E-09 3.0766E-09 3.2888E-09 3.5262E-09 3.7886E-09 4.0625E-09 4.3521E-09 4.6440E-09 4.9213E-09 5.1737E-09 5.3955E-09 5.5842E-09 5.7390E-09 5.8619E-09 5.9539E-09 6.0160E-09 6.0553E-09 6.0749E-09 6.0821E-09 6.0779E-09 6.0698E-09 6.0599E-09 6.0493E-09 6.0376E-09 6.0260E-09 6.0155E-09 6.0063E-09 5.9987E-09 5.9939E-09 5.9907E-09 5.9876E-09 5.9839E-09 5.9793E-09 5.9752E-09 5.9700E-09 5.9622E-09 5.9528E-09 5.9379E-09
7.9631E-10 8.6005E-10 9.2861E-10 9.9704E-10 1.0714E-09 1.1481E-09 1.2280E-09 1.3129E-09 1.3983E-09 1.4896E-09 1.5831E-09 1.6795E-09 1.7905E-09 1.9085E-09 2.0308E-09 2.1579E-09 2.2986E-09 2.4501E-09 2.6027E-09 2.7666E-09 2.9480E-09 3.1508E-09 3.3793E-09 3.6337E-09 3.8994E-09 4.1842E-09 4.4738E-09 4.7519E-09 5.0082E-09 5.2364E-09 5.4335E-09 5.5995E-09 5.7350E-09 5.8406E-09 5.9166E-09 5.9724E-09 6.0082E-09 6.0303E-09 6.0406E-09 6.0472E-09 6.0512E-09 6.0533E-09 6.0539E-09 6.0548E-09 6.0565E-09 6.0591E-09 6.0651E-09 6.0724E-09 6.0807E-09 6.0885E-09 6.0953E-09 6.1034E-09 6.1104E-09 6.1156E-09 6.1188E-09 6.1171E-09 6.1117E-09
7.5401E-10 8.1489E-10 8.8047E-10 9.4570E-10 1.0171E-09 1.0906E-09 1.1673E-09 1.2489E-09 1.3311E-09 1.4193E-09 1.5096E-09 1.6028E-09 1.7068E-09 1.8197E-09 1.9369E-09 2.0622E-09 2.1972E-09 2.3396E-09 2.4889E-09 2.6461E-09 2.8193E-09 3.0125E-09 3.2317E-09 3.4767E-09 3.7333E-09 4.0124E-09 4.2981E-09 4.5757E-09 4.8348E-09 5.0684E-09 5.2733E-09 5.4501E-09 5.5980E-09 5.7162E-09 5.8067E-09 5.8782E-09 5.9303E-09 5.9671E-09 5.9934E-09 6.0147E-09 6.0327E-09 6.0472E-09 6.0609E-09 6.0747E-09 6.0889E-09 6.1054E-09 6.1239E-09 6.1437E-09 6.1636E-09 6.1818E-09 6.2023E-09 6.2221E-09 6.2407E-09 6.2574E-09 6.2694E-09 6.2781E-09 6.2853E-09
7.1242E-10 7.7054E-10 8.3310E-10 8.9529E-10 9.6356E-10 1.0339E-09 1.1074E-09 1.1860E-09 1.2648E-09 1.3498E-09 1.4368E-09 1.5268E-09 1.6217E-09 1.7298E-09 1.8417E-09 1.9647E-09 2.0942E-09 2.2331E-09 2.3762E-09 2.5266E-09 2.6910E-09 2.8748E-09 3.0844E-09 3.3194E-09 3.5660E-09 3.8380E-09 4.1185E-09 4.3944E-09 4.6550E-09 4.8930E-09 5.1054E-09 5.2918E-09 5.4509E-09 5.5815E-09 5.6871E-09 5.7741E-09 5.8413E-09 5.8942E-09 5.9357E-09 5.9718E-09 6.0030E-09 6.0312E-09 6.0584E-09 6.0852E-09 6.1130E-09 6.1433E-09 6.1747E-09 6.2070E-09 6.2373E-09 6.2696E-09 6.3025E-09 6.3346E-09 6.3653E-09 6.3916E-09 6.4149E-09 6.4369E-09 6.4555E-09
6.7186E-10 7.2718E-10 7.8666E-10 8.4579E-10 9.1109E-10 9.7839E-10 1.0487E-09 1.1240E-09 1.1995E-09 1.2813E-09 1.3652E-09 1.4520E-09 1.5437E-09 1.6387E-09 1.7509E-09 1.8657E-09 1.9926E-09 2.1249E-09 2.2648E-09 2.4084E-09 2.5643E-09 2.7389E-09 2.9386E-09 3.1626E-09 3.3990E-09 3.6629E-09 3.9369E-09 4.2096E-09 4.4705E-09 4.7118E-09 4.9308E-09 5.1260E-09 5.2952E-09 5.4380E-09 5.5575E-09 5.6597E-09 5.7419E-09 5.8115E-09 5.8682E-09 5.9184E-09 5.9632E-09 6.0053E-09 6.0460E-09 6.0860E-09 6.1284E-09 6.1720E-09 6.2167E-09 6.2597E-09 6.3036E-09 6.3495E-09 6.3952E-09 6.4401E-09 6.4809E-09 6.5191E-09 6.5560E-09 6.5906E-09 6.6216E-09
6.3227E-10 6.8471E-10 7.4132E-10 7.9751E-10 8.5981E-10 9.2396E-10 9.9110E-10 1.0633E-09 1.1356E-09 1.2142E-09 1.2947E-09 1.3783E-09 1.4670E-09 1.5557E-09 1.6568E-09 1.7722E-09 1.8927E-09 2.0187E-09 2.1552E-09 2.2922E-09 2.4400E-09 2.6056E-09 2.7948E-09 3.0080E-09 3.2339E-09 3.4883E-09 3.7547E-09 4.0230E-09 4.2829E-09 4.5264E-09 4.7512E-09 4.9537E-09 5.1316E-09 5.2869E-09 5.4197E-09 5.5354E-09 5.6333E-09 5.7185E-09 5.7903E-09 5.8542E-09 5.9132E-09 5.9691E-09 6.0234E-09 6.0779E-09 6.1342E-09 6.1912E-09 6.2475E-09 6.3031E-09 6.3616E-09 6.4207E-09 6.4796E-09 6.5349E-09 6.5881E-09 6.6398E-09 6.6906E-09 6.7384E-09 6.7825E-09
5.9372E-10 6.4342E-10 6.9719E-10 7.5039E-10 8.0974E-10 8.7088E-10 9.3494E-10 1.0040E-09 1.0730E-09 1.1484E-09 1.2258E-09 1.3062E-09 1.3916E-09 1.4771E-09 1.5659E-09 1.6753E-09 1.7895E-09 1.9123E-09 2.0453E-09 2.1783E-09 2.3185E-09 2.4752E-09 2.6543E-09 2.8564E-09 3.0716E-09 3.3157E-09 3.5736E-09 3.8361E-09 4.0936E-09 4.3384E-09 4.5672E-09 4.7761E-09 4.9623E-09 5.1284E-09 5.2736E-09 5.4023E-09 5.5160E-09 5.6167E-09 5.7023E-09 5.7800E-09 5.8529E-09 5.9226E-09 5.9905E-09 6.0601E-09 6.1299E-09 6.1995E-09 6.2674E-09 6.3374E-09 6.4094E-09 6.4819E-09 6.5522E-09 6.6200E-09 6.6863E-09 6.7530E-09 6.8173E-09 6.8786E-09 6.9345E-09
5.5633E-10 6.0330E-10 6.5429E-10 7.0465E-10 7.6113E-10 8.1924E-10 8.8016E-10 9.4615E-10 1.0120E-09 1.0842E-09 1.1584E-09 1.2355E-09 1.3179E-09 1.4002E-09 1.4860E-09 1.5791E-09 1.6927E-09 1.8119E-09 1.9350E-09 2.0672E-09 2.2003E-09 2.3486E-09 2.5173E-09 2.7088E-09 2.9129E-09 3.1464E-09 3.3951E-09 3.6504E-09 3.9043E-09 4.1493E-09 4.3810E-09 4.5941E-09 4.7882E-09 4.9642E-09 5.1202E-09 5.2619E-09 5.3900E-09 5.5054E-09 5.6043E-09 5.6959E-09 5.7825E-09 5.8657E-09 5.9480E-09 6.0311E-09 6.1144E-09 6.1957E-09 6.2772E-09 6.3614E-09 6.4469E-09 6.5316E-09 6.6136E-09 6.6942E-09 6.7756E-09 6.8563E-09 6.9348E-09 7.0091E-09 7.0776E-09
