Assets/Resources/2015_m01_d23_1200(utc+0800)_l00_csi_1hr_conc.grd
DSAA
         159         159
     -79.000      79.000
     -79.000      79.000
  0.1207E-11  0.1887E-05
[rows 50 to 74 of 159, columns 57 to 113 of 159]
1.0976E-09 1.1291E-09 1.1610E-09 1.1938E-09 1.2269E-09 1.2607E-09 1.2950E-09 1.3302E-09 1.3657E-09 1.4018E-09 1.4386E-09 1.4759E-09 1.5136E-09 1.5519E-09 1.5911E-09 1.6304E-09 1.6703E-09 1.7109E-09 1.7517E-09 1.7931E-09 1.8348E-09 1.8773E-09 1.9197E-09 1.9625E-09 2.0058E-09 2.0501E-09 2.0939E-09 2.1379E-09 2.1822E-09 2.2272E-09 2.2725E-09 2.3174E-09 2.3625E-09 2.4076E-09 2.4527E-09 2.4979E-09 2.5431E-09 2.5881E-09 2.6331E-09 2.6779E-09 2.7225E-09 2.7669E-09 2.8110E-09 2.8547E-09 2.8981E-09 2.9410E-09 2.9835E-09 3.0254E-09 3.0668E-09 3.1075E-09 3.1475E-09 3.1869E-09 3.2254E-09 3.2631E-09 3.2999E-09 3.3357E-09 3.3706E-09
1.1021E-09 1.1335E-09 1.1657E-09 1.1984E-09 1.2316E-09 1.2655E-09 1.3000E-09 1.3351E-09 1.3706E-09 1.4069E-09 1.4437E-09 1.4811E-09 1.5189E-09 1.5574E-09 1.5964E-09 1.6358E-09 1.6759E-09 1.7165E-09 1.7574E-09 1.7988E-09 1.8410E-09 1.8831E-09 1.9256E-09 1.9687E-09 2.0126E-09 2.0562E-09 2.1001E-09 2.1442E-09 2.1889E-09 2.2343E-09 2.2792E-09 2.3242E-09 2.3693E-09 2.4146E-09 2.4598E-09 2.5051E-09 2.5504E-09 2.5956E-09 2.6407E-09 2.6856E-09 2.7303E-09 2.7749E-09 2.8191E-09 2.8630E-09 2.9065E-09 2.9496E-09 2.9922E-09 3.0343E-09 3.0759E-09 3.1168E-09 3.1570E-09 3.1965E-09 3.2352E-09 3.2731E-09 3.3101E-09 3.3462E-09 3.3813E-09
1.1063E-09 1.1378E-09 1.1699E-09 1.2025E-09 1.2360E-09 1.2700E-09 1.3044E-09 1.3394E-09 1.3753E-09 1.4116E-09 1.4483E-09 1.4857E-09 1.5237E-09 1.5624E-09 1.6013E-09 1.6408E-09 1.6811E-09 1.7216E-09 1.7625E-09 1.8043E-09 1.8461E-09 1.8884E-09 1.9311E-09 1.9746E-09 2.0181E-09 2.0617E-09 2.1057E-09 2.1501E-09 2.1955E-09 2.2402E-09 2.2852E-09 2.3303E-09 2.3755E-09 2.4209E-09 2.4662E-09 2.5116E-09 2.5570E-09 2.6023E-09 2.6475E-09 2.6925E-09 2.7374E-09 2.7821E-09 2.8264E-09 2.8704E-09 2.9141E-09 2.9574E-09 3.0001E-09 3.0424E-09 3.0841E-09 3.1252E-09 3.1656E-09 3.2053E-09 3.2442E-09 3.2822E-09 3.3194E-09 3.3557E-09 3.3910E-09
1.1101E-09 1.1416E-09 1.1737E-09 1.2065E-09 1.2399E-09 1.2738E-09 1.3084E-09 1.3437E-09 1.3794E-09 1.4156E-09 1.4526E-09 1.4902E-09 1.5281E-09 1.5666E-09 1.6056E-09 1.6454E-09 1.6856E-09 1.7262E-09 1.7672E-09 1.8089E-09 1.8508E-09 1.8932E-09 1.9361E-09 1.9795E-09 2.0229E-09 2.0667E-09 2.1108E-09 2.1559E-09 2.2007E-09 2.2455E-09 2.2905E-09 2.3357E-09 2.3811E-09 2.4265E-09 2.4719E-09 2.5174E-09 2.5629E-09 2.6083E-09 2.6536E-09 2.6988E-09 2.7437E-09 2.7885E-09 2.8330E-09 2.8771E-09 2.9209E-09 2.9643E-09 3.0072E-09 3.0496E-09 3.0915E-09 3.1327E-09 3.1733E-09 3.2131E-09 3.2522E-09 3.2905E-09 3.3279E-09 3.3643E-09 3.3998E-09
1.1135E-09 1.1450E-09 1.1772E-09 1.2101E-09 1.2435E-09 1.2774E-09 1.3122E-09 1.3473E-09 1.3831E-09 1.4194E-09 1.4565E-09 1.4939E-09 1.5320E-09 1.5705E-09 1.6099E-09 1.6495E-09 1.6896E-09 1.7302E-09 1.7714E-09 1.8131E-09 1.8551E-09 1.8975E-09 1.9406E-09 1.9837E-09 2.0273E-09 2.0713E-09 2.1158E-09 2.1605E-09 2.2052E-09 2.2501E-09 2.2952E-09 2.3405E-09 2.3859E-09 2.4314E-09 2.4769E-09 2.5225E-09 2.5680E-09 2.6135E-09 2.6589E-09 2.7042E-09 2.7493E-09 2.7941E-09 2.8387E-09 2.8830E-09 2.9269E-09 2.9704E-09 3.0135E-09 3.0560E-09 3.0980E-09 3.1394E-09 3.1801E-09 3.2201E-09 3.2594E-09 3.2978E-09 3.3354E-09 3.3720E-09 3.4077E-09
1.1165E-09 1.1482E-09 1.1804E-09 1.2132E-09 1.2466E-09 1.2807E-09 1.3154E-09 1.3505E-09 1.3864E-09 1.4228E-09 1.4598E-09 1.4973E-09 1.5354E-09 1.5741E-09 1.6134E-09 1.6530E-09 1.6931E-09 1.7339E-09 1.7751E-09 1.8167E-09 1.8587E-09 1.9014E-09 1.9442E-09 1.9875E-09 2.0311E-09 2.0751E-09 2.1199E-09 2.1644E-09 2.2091E-09 2.2541E-09 2.2992E-09 2.3446E-09 2.3900E-09 2.4356E-09 2.4812E-09 2.5268E-09 2.5725E-09 2.6180E-09 2.6635E-09 2.7089E-09 2.7541E-09 2.7990E-09 2.8437E-09 2.8881E-09 2.9321E-09 2.9757E-09 3.0189E-09 3.0616E-09 3.1037E-09 3.1452E-09 3.1860E-09 3.2262E-09 3.2656E-09 3.3042E-09 3.3419E-09 3.3787E-09 3.4146E-09
1.1194E-09 1.1510E-09 1.1832E-09 1.2160E-09 1.2495E-09 1.2836E-09 1.3181E-09 1.3535E-09 1.3894E-09 1.4257E-09 1.4626E-09 1.5004E-09 1.5384E-09 1.5771E-09 1.6163E-09 1.6559E-09 1.6962E-09 1.7369E-09 1.7782E-09 1.8198E-09 1.8620E-09 1.9044E-09 1.9473E-09 1.9908E-09 2.0345E-09 2.0788E-09 2.1231E-09 2.1676E-09 2.2124E-09 2.2574E-09 2.3026E-09 2.3480E-09 2.3935E-09 2.4391E-09 2.4847E-09 2.5304E-09 2.5761E-09 2.6218E-09 2.6673E-09 2.7128E-09 2.7580E-09 2.8031E-09 2.8479E-09 2.8923E-09 2.9364E-09 2.9802E-09 3.0234E-09 3.0662E-09 3.1085E-09 3.1501E-09 3.1911E-09 3.2314E-09 3.2709E-09 3.3096E-09 3.3475E-09 3.3845E-09 3.4205E-09
1.1218E-09 1.1534E-09 1.1856E-09 1.2186E-09 1.2519E-09 1.2860E-09 1.3207E-09 1.3560E-09 1.3918E-09 1.4282E-09 1.4653E-09 1.5029E-09 1.5409E-09 1.5796E-09 1.6188E-09 1.6585E-09 1.6988E-09 1.7395E-09 1.7806E-09 1.8223E-09 1.8644E-09 1.9071E-09 1.9500E-09 1.9934E-09 2.0374E-09 2.0813E-09 2.1256E-09 2.1701E-09 2.2149E-09 2.2600E-09 2.3052E-09 2.3506E-09 2.3962E-09 2.4418E-09 2.4876E-09 2.5333E-09 2.5791E-09 2.6248E-09 2.6704E-09 2.7159E-09 2.7612E-09 2.8063E-09 2.8512E-09 2.8957E-09 2.9399E-09 2.9838E-09 3.0271E-09 3.0700E-09 3.1124E-09 3.1541E-09 3.1952E-09 3.2356E-09 3.2753E-09 3.3142E-09 3.3522E-09 3.3893E-09 3.4255E-09
1.1239E-09 1.1555E-09 1.1878E-09 1.2207E-09 1.2540E-09 1.2881E-09 1.3228E-09 1.3581E-09 1.3938E-09 1.4303E-09 1.4673E-09 1.5049E-09 1.5430E-09 1.5816E-09 1.6208E-09 1.6605E-09 1.7007E-09 1.7415E-09 1.7827E-09 1.8244E-09 1.8665E-09 1.9090E-09 1.9521E-09 1.9955E-09 2.0393E-09 2.0832E-09 2.1275E-09 2.1720E-09 2.2169E-09 2.2619E-09 2.3072E-09 2.3526E-09 2.3982E-09 2.4439E-09 2.4896E-09 2.5354E-09 2.5812E-09 2.6269E-09 2.6726E-09 2.7182E-09 2.7635E-09 2.8087E-09 2.8536E-09 2.8983E-09 2.9426E-09 2.9865E-09 3.0299E-09 3.0729E-09 3.1153E-09 3.1572E-09 3.1984E-09 3.2389E-09 3.2787E-09 3.3177E-09 3.3559E-09 3.3931E-09 3.4294E-09
1.1256E-09 1.1573E-09 1.1895E-09 1.2223E-09 1.2557E-09 1.2898E-09 1.3245E-09 1.3597E-09 1.3956E-09 1.4319E-09 1.4689E-09 1.5064E-09 1.5444E-09 1.5832E-09 1.6223E-09 1.6621E-09 1.7023E-09 1.7430E-09 1.7841E-09 1.8259E-09 1.8680E-09 1.9106E-09 1.9536E-09 1.9969E-09 2.0405E-09 2.0845E-09 2.1287E-09 2.1733E-09 2.2181E-09 2.2632E-09 2.3084E-09 2.3539E-09 2.3995E-09 2.4452E-09 2.4909E-09 2.5368E-09 2.5826E-09 2.6284E-09 2.6741E-09 2.7196E-09 2.7651E-09 2.8103E-09 2.8553E-09 2.9000E-09 2.9443E-09 2.9883E-09 3.0318E-09 3.0749E-09 3.1174E-09 3.1593E-09 3.2006E-09 3.2413E-09 3.2812E-09 3.3203E-09 3.3586E-09 3.3959E-09 3.4324E-09
1.1271E-09 1.1587E-09 1.1909E-09 1.2236E-09 1.2572E-09 1.2911E-09 1.3258E-09 1.3610E-09 1.3968E-09 1.4331E-09 1.4701E-09 1.5075E-09 1.5456E-09 1.5843E-09 1.6234E-09 1.6632E-09 1.7032E-09 1.7439E-09 1.7852E-09 1.8268E-09 1.8689E-09 1.9116E-09 1.9544E-09 1.9976E-09 2.0412E-09 2.0851E-09 2.1293E-09 2.1739E-09 2.2187E-09 2.2637E-09 2.3090E-09 2.3544E-09 2.4000E-09 2.4457E-09 2.4915E-09 2.5373E-09 2.5832E-09 2.6290E-09 2.6747E-09 2.7203E-09 2.7658E-09 2.8110E-09 2.8560E-09 2.9008E-09 2.9452E-09 2.9892E-09 3.0328E-09 3.0759E-09 3.1185E-09 3.1605E-09 3.2019E-09 3.2426E-09 3.2826E-09 3.3219E-09 3.3602E-09 3.3977E-09 3.4343E-09
1.1282E-09 1.1598E-09 1.1920E-09 1.2248E-09 1.2582E-09 1.2921E-09 1.3267E-09 1.3619E-09 1.3977E-09 1.4339E-09 1.4707E-09 1.5082E-09 1.5463E-09 1.5850E-09 1.6240E-09 1.6635E-09 1.7038E-09 1.7444E-09 1.7857E-09 1.8273E-09 1.8693E-09 1.9117E-09 1.9545E-09 1.9977E-09 2.0412E-09 2.0851E-09 2.1293E-09 2.1738E-09 2.2186E-09 2.2636E-09 2.3089E-09 2.3543E-09 2.3999E-09 2.4455E-09 2.4913E-09 2.5371E-09 2.5830E-09 2.6288E-09 2.6745E-09 2.7201E-09 2.7656E-09 2.8109E-09 2.8559E-09 2.9007E-09 2.9451E-09 2.9892E-09 3.0328E-09 3.0760E-09 3.1187E-09 3.1608E-09 3.2022E-09 3.2430E-09 3.2831E-09 3.3224E-09 3.3609E-09 3.3985E-09 3.4352E-09
1.1290E-09 1.1605E-09 1.1927E-09 1.2254E-09 1.2587E-09 1.2926E-09 1.3272E-09 1.3624E-09 1.3980E-09 1.4342E-09 1.4711E-09 1.5085E-09 1.5466E-09 1.5850E-09 1.6239E-09 1.6636E-09 1.7038E-09 1.7444E-09 1.7855E-09 1.8271E-09 1.8690E-09 1.9113E-09 1.9540E-09 1.9971E-09 2.0406E-09 2.0845E-09 2.1286E-09 2.1731E-09 2.2178E-09 2.2628E-09 2.3080E-09 2.3534E-09 2.3990E-09 2.4446E-09 2.4904E-09 2.5362E-09 2.5820E-09 2.6278E-09 2.6735E-09 2.7191E-09 2.7646E-09 2.8099E-09 2.8549E-09 2.8997E-09 2.9442E-09 2.9883E-09 3.0320E-09 3.0752E-09 3.1179E-09 3.1600E-09 3.2015E-09 3.2424E-09 3.2826E-09 3.3219E-09 3.3605E-09 3.3982E-09 3.4350E-09
1.1294E-09 1.1609E-09 1.1930E-09 1.2256E-09 1.2589E-09 1.2928E-09 1.3274E-09 1.3623E-09 1.3979E-09 1.4342E-09 1.4711E-09 1.5084E-09 1.5462E-09 1.5845E-09 1.6236E-09 1.6633E-09 1.7033E-09 1.7439E-09 1.7848E-09 1.8262E-09 1.8680E-09 1.9103E-09 1.9529E-09 1.9960E-09 2.0394E-09 2.0832E-09 2.1273E-09 2.1717E-09 2.2164E-09 2.2613E-09 2.3065E-09 2.3518E-09 2.3973E-09 2.4430E-09 2.4887E-09 2.5344E-09 2.5802E-09 2.6260E-09 2.6717E-09 2.7173E-09 2.7627E-09 2.8080E-09 2.8531E-09 2.8979E-09 2.9423E-09 2.9864E-09 3.0301E-09 3.0734E-09 3.1161E-09 3.1583E-09 3.1999E-09 3.2408E-09 3.2810E-09 3.3204E-09 3.3591E-09 3.3969E-09 3.4337E-09
1.1296E-09 1.1610E-09 1.1929E-09 1.2256E-09 1.2588E-09 1.2927E-09 1.3270E-09 1.3619E-09 1.3976E-09 1.4338E-09 1.4706E-09 1.5077E-09 1.5453E-09 1.5838E-09 1.6228E-09 1.6624E-09 1.7024E-09 1.7427E-09 1.7835E-09 1.8248E-09 1.8665E-09 1.9087E-09 1.9513E-09 1.9943E-09 2.0376E-09 2.0813E-09 2.1254E-09 2.1697E-09 2.2143E-09 2.2592E-09 2.3043E-09 2.3495E-09 2.3950E-09 2.4405E-09 2.4862E-09 2.5319E-09 2.5776E-09 2.6234E-09 2.6690E-09 2.7146E-09 2.7600E-09 2.8053E-09 2.8503E-09 2.8951E-09 2.9396E-09 2.9837E-09 3.0274E-09 3.0706E-09 3.1134E-09 3.1556E-09 3.1972E-09 3.2381E-09 3.2784E-09 3.3179E-09 3.3566E-09 3.3944E-09 3.4314E-09
1.1295E-09 1.1606E-09 1.1926E-09 1.2253E-09 1.2585E-09 1.2920E-09 1.3263E-09 1.3612E-09 1.3968E-09 1.4329E-09 1.4694E-09 1.5064E-09 1.5443E-09 1.5827E-09 1.6216E-09 1.6610E-09 1.7007E-09 1.7410E-09 1.7817E-09 1.8229E-09 1.8645E-09 1.9066E-09 1.9491E-09 1.9919E-09 2.0352E-09 2.0788E-09 2.1228E-09 2.1670E-09 2.2115E-09 2.2563E-09 2.3013E-09 2.3465E-09 2.3919E-09 2.4374E-09 2.4830E-09 2.5286E-09 2.5743E-09 2.6199E-09 2.6656E-09 2.7111E-09 2.7565E-09 2.8017E-09 2.8467E-09 2.8914E-09 2.9359E-09 2.9800E-09 3.0237E-09 3.0669E-09 3.1096E-09 3.1519E-09 3.1935E-09 3.2345E-09 3.2747E-09 3.3143E-09 3.3530E-09 3.3909E-09 3.4279E-09
1.1288E-09 1.1601E-09 1.1921E-09 1.2246E-09 1.2575E-09 1.2910E-09 1.3253E-09 1.3602E-09 1.3957E-09 1.4315E-09 1.4678E-09 1.5051E-09 1.5429E-09 1.5811E-09 1.6198E-09 1.6589E-09 1.6986E-09 1.7387E-09 1.7793E-09 1.8204E-09 1.8619E-09 1.9039E-09 1.9463E-09 1.9890E-09 2.0322E-09 2.0757E-09 2.1195E-09 2.1637E-09 2.2081E-09 2.2528E-09 2.2977E-09 2.3428E-09 2.3881E-09 2.4335E-09 2.4790E-09 2.5245E-09 2.5701E-09 2.6157E-09 2.6613E-09 2.7067E-09 2.7521E-09 2.7972E-09 2.8422E-09 2.8869E-09 2.9313E-09 2.9753E-09 3.0190E-09 3.0622E-09 3.1049E-09 3.1471E-09 3.1888E-09 3.2297E-09 3.2700E-09 3.3096E-09 3.3484E-09 3.3863E-09 3.4233E-09
1.1280E-09 1.1593E-09 1.1911E-09 1.2233E-09 1.2561E-09 1.2898E-09 1.3241E-09 1.3588E-09 1.3939E-09 1.4296E-09 1.4662E-09 1.5033E-09 1.5410E-09 1.5789E-09 1.6174E-09 1.6564E-09 1.6959E-09 1.7359E-09 1.7764E-09 1.8174E-09 1.8588E-09 1.9006E-09 1.9429E-09 1.9856E-09 2.0286E-09 2.0720E-09 2.1157E-09 2.1597E-09 2.2040E-09 2.2486E-09 2.2934E-09 2.3384E-09 2.3835E-09 2.4288E-09 2.4742E-09 2.5197E-09 2.5652E-09 2.6107E-09 2.6562E-09 2.7015E-09 2.7468E-09 2.7919E-09 2.8368E-09 2.8814E-09 2.9257E-09 2.9697E-09 3.0134E-09 3.0565E-09 3.0992E-09 3.1414E-09 3.1830E-09 3.2240E-09 3.2643E-09 3.3039E-09 3.3426E-09 3.3806E-09 3.4177E-09
1.1270E-09 1.1581E-09 1.1896E-09 1.2217E-09 1.2547E-09 1.2883E-09 1.3223E-09 1.3567E-09 1.3917E-09 1.4277E-09 1.4641E-09 1.5011E-09 1.5383E-09 1.5762E-09 1.6145E-09 1.6534E-09 1.6928E-09 1.7327E-09 1.7730E-09 1.8138E-09 1.8551E-09 1.8968E-09 1.9390E-09 1.9815E-09 2.0244E-09 2.0676E-09 2.1112E-09 2.1551E-09 2.1993E-09 2.2437E-09 2.2884E-09 2.3333E-09 2.3783E-09 2.4235E-09 2.4688E-09 2.5141E-09 2.5595E-09 2.6049E-09 2.6502E-09 2.6955E-09 2.7407E-09 2.7857E-09 2.8305E-09 2.8750E-09 2.9193E-09 2.9632E-09 3.0068E-09 3.0499E-09 3.0926E-09 3.1347E-09 3.1763E-09 3.2172E-09 3.2575E-09 3.2970E-09 3.3358E-09 3.3738E-09 3.4109E-09
1.1256E-09 1.1564E-09 1.1877E-09 1.2200E-09 1.2530E-09 1.2862E-09 1.3200E-09 1.3543E-09 1.3895E-09 1.4252E-09 1.4615E-09 1.4981E-09 1.5353E-09 1.5730E-09 1.6112E-09 1.6499E-09 1.6892E-09 1.7289E-09 1.7691E-09 1.8098E-09 1.8509E-09 1.8925E-09 1.9345E-09 1.9768E-09 2.0196E-09 2.0627E-09 2.1061E-09 2.1499E-09 2.1939E-09 2.2382E-09 2.2827E-09 2.3275E-09 2.3724E-09 2.4174E-09 2.4625E-09 2.5078E-09 2.5530E-09 2.5983E-09 2.6435E-09 2.6887E-09 2.7337E-09 2.7786E-09 2.8233E-09 2.8677E-09 2.9119E-09 2.9558E-09 2.9992E-09 3.0423E-09 3.0849E-09 3.1270E-09 3.1685E-09 3.2094E-09 3.2496E-09 3.2891E-09 3.3279E-09 3.3658E-09 3.4029E-09
1.1236E-09 1.1543E-09 1.1859E-09 1.2181E-09 1.2507E-09 1.2837E-09 1.3173E-09 1.3518E-09 1.3868E-09 1.4224E-09 1.4584E-09 1.4948E-09 1.5318E-09 1.5694E-09 1.6074E-09 1.6460E-09 1.6851E-09 1.7247E-09 1.7647E-09 1.8052E-09 1.8462E-09 1.8876E-09 1.9294E-09 1.9716E-09 2.0142E-09 2.0572E-09 2.1004E-09 2.1440E-09 2.1879E-09 2.2320E-09 2.2764E-09 2.3210E-09 2.3657E-09 2.4106E-09 2.4556E-09 2.5006E-09 2.5458E-09 2.5909E-09 2.6360E-09 2.6810E-09 2.7259E-09 2.7707E-09 2.8152E-09 2.8596E-09 2.9037E-09 2.9474E-09 2.9908E-09 3.0337E-09 3.0762E-09 3.1182E-09 3.1597E-09 3.2005E-09 3.2407E-09 3.2802E-09 3.3189E-09 3.3568E-09 3.3939E-09
1.1214E-09 1.1523E-09 1.1837E-09 1.2156E-09 1.2479E-09 1.2808E-09 1.3146E-09 1.3489E-09 1.3838E-09 1.4190E-09 1.4548E-09 1.4911E-09 1.5279E-09 1.5653E-09 1.6032E-09 1.6416E-09 1.6805E-09 1.7199E-09 1.7598E-09 1.8002E-09 1.8410E-09 1.8822E-09 1.9238E-09 1.9659E-09 2.0083E-09 2.0510E-09 2.0941E-09 2.1376E-09 2.1813E-09 2.2252E-09 2.2694E-09 2.3138E-09 2.3584E-09 2.4031E-09 2.4479E-09 2.4928E-09 2.5378E-09 2.5827E-09 2.6277E-09 2.6725E-09 2.7173E-09 2.7619E-09 2.8063E-09 2.8505E-09 2.8945E-09 2.9381E-09 2.9814E-09 3.0242E-09 3.0666E-09 3.1085E-09 3.1499E-09 3.1906E-09 3.2307E-09 3.2702E-09 3.3088E-09 3.3467E-09 3.3837E-09
1.1192E-09 1.1499E-09 1.1811E-09 1.2127E-09 1.2448E-09 1.2779E-09 1.3116E-09 1.3457E-09 1.3801E-09 1.4152E-09 1.4508E-09 1.4869E-09 1.5236E-09 1.5608E-09 1.5985E-09 1.6368E-09 1.6755E-09 1.7147E-09 1.7544E-09 1.7946E-09 1.8352E-09 1.8762E-09 1.9177E-09 1.9595E-09 2.0018E-09 2.0443E-09 2.0873E-09 2.1305E-09 2.1740E-09 2.2177E-09 2.2617E-09 2.3059E-09 2.3503E-09 2.3949E-09 2.4395E-09 2.4842E-09 2.5290E-09 2.5738E-09 2.6185E-09 2.6632E-09 2.7078E-09 2.7523E-09 2.7966E-09 2.8406E-09 2.8844E-09 2.9279E-09 2.9710E-09 3.0138E-09 3.0560E-09 3.0978E-09 3.1391E-09 3.1797E-09 3.2197E-09 3.2591E-09 3.2977E-09 3.3355E-09 3.3724E-09
1.1167E-09 1.1471E-09 1.1780E-09 1.2094E-09 1.2416E-09 1.2747E-09 1.3080E-09 1.3418E-09 1.3761E-09 1.4110E-09 1.4464E-09 1.4824E-09 1.5189E-09 1.5559E-09 1.5934E-09 1.6315E-09 1.6700E-09 1.7091E-09 1.7486E-09 1.7885E-09 1.8289E-09 1.8698E-09 1.9110E-09 1.9527E-09 1.9947E-09 2.0371E-09 2.0798E-09 2.1228E-09 2.1661E-09 2.2096E-09 2.2534E-09 2.2974E-09 2.3416E-09 2.3859E-09 2.4304E-09 2.4749E-09 2.5195E-09 2.5641E-09 2.6087E-09 2.6532E-09 2.6976E-09 2.7419E-09 2.7860E-09 2.8299E-09 2.8735E-09 2.9168E-09 2.9598E-09 3.0024E-09 3.0445E-09 3.0862E-09 3.1273E-09 3.1678E-09 3.2077E-09 3.2470E-09 3.2855E-09 3.3232E-09 3.3601E-09
1.1137E-09 1.1438E-09 1.1745E-09 1.2060E-09 1.2384E-09 1.2710E-09 1.3040E-09 1.3376E-09 1.3717E-09 1.4064E-09 1.4417E-09 1.4774E-09 1.5137E-09 1.5506E-09 1.5879E-09 1.6258E-09 1.6641E-09 1.7029E-09 1.7422E-09 1.7820E-09 1.8222E-09 1.8628E-09 1.9038E-09 1.9453E-09 1.9871E-09 2.0292E-09 2.0717E-09 2.1145E-09 2.1576E-09 2.2009E-09 2.2445E-09 2.2883E-09 2.3322E-09 2.3764E-09 2.4206E-09 2.4649E-09 2.5093E-09 2.5536E-09 2.5980E-09 2.6423E-09 2.6865E-09 2.7306E-09 2.7745E-09 2.8182E-09 2.8617E-09 2.9048E-09 2.9476E-09 2.9901E-09 3.0320E-09 3.0735E-09 3.1145E-09 3.1549E-09 3.1947E-09 3.2338E-09 3.2722E-09 3.3098E-09 3.3466E-09
