Assets/Resources/2015_m01_d27_0100(utc+0800)_l00_csi_1hr_conc.grd
DSAA
         159         159
     -79.000      79.000
     -79.000      79.000
  0.0000E+00  0.2689E-05
[rows 0 to 24 of 159, columns 57 to 113 of 159]
3.2115E-09 3.5778E-09 3.9647E-09 4.3695E-09 4.7883E-09 5.2180E-09 5.6528E-09 6.0853E-09 6.5087E-09 6.9156E-09 7.2981E-09 7.6463E-09 7.9481E-09 8.1971E-09 8.3842E-09 8.5022E-09 8.5434E-09 8.5042E-09 8.3827E-09 8.1789E-09 7.8965E-09 7.5411E-09 7.1208E-09 6.6465E-09 6.1292E-09 5.5831E-09 5.0211E-09 4.4575E-09 3.9054E-09 3.3750E-09 2.8764E-09 2.4173E-09 2.0029E-09 1.6362E-09 1.3187E-09 1.0437E-09 8.0904E-10 6.1324E-10 4.5416E-10 3.2911E-10 2.3092E-10 1.5636E-10 1.0031E-10 5.8965E-11 3.2344E-11 1.7194E-11 7.9224E-12 2.2478E-12 0.0000E+00 0.0000E+00 0.0000E+00 0.0000E+00 0.0000E+00 0.0000E+00 0.0000E+00 0.0000E+00 0.0000E+00
3.3366E-09 3.7267E-09 4.1406E-09 4.5748E-09 5.0277E-09 5.4930E-09 5.9658E-09 6.4389E-09 6.9045E-09 7.3554E-09 7.7795E-09 8.1663E-09 8.5070E-09 8.7912E-09 9.0071E-09 9.1461E-09 9.2018E-09 9.1693E-09 9.0466E-09 8.8331E-09 8.5324E-09 8.1509E-09 7.6972E-09 7.1832E-09 6.6218E-09 6.0284E-09 5.4186E-09 4.8061E-09 4.2059E-09 3.6306E-09 3.0921E-09 2.5969E-09 2.1512E-09 1.7568E-09 1.4138E-09 1.1201E-09 8.6967E-10 6.5958E-10 4.8995E-10 3.5563E-10 2.5003E-10 1.7057E-10 1.0984E-10 6.6576E-11 3.7818E-11 2.1867E-11 1.1224E-11 3.9851E-12 0.0000E+00 0.0000E+00 0.0000E+00 0.0000E+00 0.0000E+00 0.0000E+00 0.0000E+00 0.0000E+00 0.0000E+00
3.4453E-09 3.8577E-09 4.2974E-09 4.7622E-09 5.2477E-09 5.7480E-09 6.2593E-09 6.7749E-09 7.2841E-09 7.7773E-09 8.2449E-09 8.6757E-09 9.0560E-09 9.3744E-09 9.6205E-09 9.7842E-09 9.8582E-09 9.8349E-09 9.7121E-09 9.4894E-09 9.1703E-09 8.7618E-09 8.2740E-09 7.7196E-09 7.1143E-09 6.4734E-09 5.8141E-09 5.1531E-09 4.5067E-09 3.8879E-09 3.3093E-09 2.7783E-09 2.3012E-09 1.8796E-09 1.5142E-09 1.1983E-09 9.3149E-10 7.0836E-10 5.2602E-10 3.8296E-10 2.7014E-10 1.8505E-10 1.1980E-10 7.4337E-11 4.3824E-11 2.6382E-11 1.4699E-11 5.8245E-12 0.0000E+00 0.0000E+00 0.0000E+00 0.0000E+00 0.0000E+00 0.0000E+00 0.0000E+00 0.0000E+00 0.0000E+00
3.5332E-09 3.9677E-09 4.4329E-09 4.9260E-09 5.4419E-09 5.9793E-09 6.5301E-09 7.0857E-09 7.6374E-09 8.1755E-09 8.6883E-09 9.1617E-09 9.5832E-09 9.9394E-09 1.0219E-08 1.0409E-08 1.0501E-08 1.0487E-08 1.0365E-08 1.0134E-08 9.7977E-09 9.3638E-09 8.8435E-09 8.2505E-09 7.6010E-09 6.9130E-09 6.2062E-09 5.4982E-09 4.8064E-09 4.1457E-09 3.5280E-09 2.9613E-09 2.4522E-09 2.0034E-09 1.6140E-09 1.2784E-09 9.9375E-10 7.5768E-10 5.6347E-10 4.1105E-10 2.9176E-10 2.0017E-10 1.3259E-10 8.3374E-11 5.0677E-11 3.1859E-11 1.8498E-11 7.6542E-12 7.6723E-13 0.0000E+00 0.0000E+00 0.0000E+00 0.0000E+00 0.0000E+00 0.0000E+00 0.0000E+00 0.0000E+00
3.5991E-09 4.0538E-09 4.5413E-09 5.0601E-09 5.6086E-09 6.1798E-09 6.7666E-09 7.3634E-09 7.9593E-09 8.5417E-09 9.0989E-09 9.6165E-09 1.0081E-08 1.0477E-08 1.0789E-08 1.1006E-08 1.1117E-08 1.1116E-08 1.0997E-08 1.0759E-08 1.0407E-08 9.9494E-09 9.3969E-09 8.7654E-09 8.0734E-09 7.3410E-09 6.5882E-09 5.8349E-09 5.0998E-09 4.3977E-09 3.7422E-09 3.1423E-09 2.6030E-09 2.1273E-09 1.7147E-09 1.3587E-09 1.0579E-09 8.0742E-10 6.0244E-10 4.4056E-10 3.1369E-10 2.1676E-10 1.4483E-10 9.3426E-11 5.8541E-11 3.8173E-11 2.2298E-11 9.5334E-12 2.0621E-12 0.0000E+00 0.0000E+00 0.0000E+00 0.0000E+00 0.0000E+00 0.0000E+00 0.0000E+00 0.0000E+00
3.6393E-09 4.1106E-09 4.6193E-09 5.1643E-09 5.7397E-09 6.3431E-09 6.9673E-09 7.6029E-09 8.2398E-09 8.8664E-09 9.4691E-09 1.0031E-08 1.0538E-08 1.0972E-08 1.1319E-08 1.1565E-08 1.1699E-08 1.1710E-08 1.1594E-08 1.1351E-08 1.0985E-08 1.0505E-08 9.9236E-09 9.2580E-09 8.5270E-09 7.7530E-09 6.9577E-09 6.1621E-09 5.3858E-09 4.6452E-09 3.9532E-09 3.3203E-09 2.7512E-09 2.2499E-09 1.8144E-09 1.4400E-09 1.1225E-09 8.5703E-10 6.4004E-10 4.7208E-10 3.3670E-10 2.3460E-10 1.5926E-10 1.0400E-10 6.7724E-11 4.4435E-11 2.6197E-11 1.1626E-11 3.3474E-12 0.0000E+00 0.0000E+00 0.0000E+00 0.0000E+00 0.0000E+00 0.0000E+00 0.0000E+00 0.0000E+00
3.6527E-09 4.1383E-09 4.6657E-09 5.2311E-09 5.8330E-09 6.4662E-09 7.1230E-09 7.7956E-09 8.4739E-09 9.1425E-09 9.7880E-09 1.0393E-08 1.0941E-08 1.1416E-08 1.1799E-08 1.2074E-08 1.2228E-08 1.2254E-08 1.2144E-08 1.1899E-08 1.1523E-08 1.1024E-08 1.0417E-08 9.7201E-09 8.9548E-09 8.1427E-09 7.3089E-09 6.4741E-09 5.6603E-09 4.8831E-09 4.1574E-09 3.4927E-09 2.8958E-09 2.3700E-09 1.9140E-09 1.5205E-09 1.1873E-09 9.0947E-10 6.8117E-10 5.0320E-10 3.6074E-10 2.5333E-10 1.7393E-10 1.1595E-10 7.7283E-11 5.1141E-11 3.0020E-11 1.4899E-11 5.0830E-12 0.0000E+00 0.0000E+00 0.0000E+00 0.0000E+00 0.0000E+00 0.0000E+00 0.0000E+00 0.0000E+00
3.6361E-09 4.1342E-09 4.6752E-09 5.2598E-09 5.8834E-09 6.5425E-09 7.2301E-09 7.9374E-09 8.6519E-09 9.3597E-09 1.0046E-08 1.0694E-08 1.1284E-08 1.1796E-08 1.2212E-08 1.2517E-08 1.2696E-08 1.2738E-08 1.2638E-08 1.2394E-08 1.2009E-08 1.1495E-08 1.0868E-08 1.0144E-08 9.3486E-09 8.5044E-09 7.6364E-09 6.7672E-09 5.9188E-09 5.1085E-09 4.3512E-09 3.6585E-09 3.0357E-09 2.4864E-09 2.0107E-09 1.6025E-09 1.2518E-09 9.6089E-10 7.2458E-10 5.3435E-10 3.8715E-10 2.7347E-10 1.8983E-10 1.2944E-10 8.7530E-11 5.7690E-11 3.3789E-11 1.8108E-11 6.4617E-12 0.0000E+00 0.0000E+00 0.0000E+00 0.0000E+00 0.0000E+00 0.0000E+00 0.0000E+00 0.0000E+00
3.5914E-09 4.0962E-09 4.6481E-09 5.2462E-09 5.8885E-09 6.5699E-09 7.2837E-09 8.0197E-09 8.7671E-09 9.5125E-09 1.0237E-08 1.0923E-08 1.1550E-08 1.2100E-08 1.2552E-08 1.2887E-08 1.3091E-08 1.3150E-08 1.3060E-08 1.2820E-08 1.2433E-08 1.1910E-08 1.1267E-08 1.0524E-08 9.7051E-09 8.8342E-09 7.9372E-09 7.0383E-09 6.1595E-09 5.3202E-09 4.5351E-09 3.8162E-09 3.1700E-09 2.6009E-09 2.1062E-09 1.6819E-09 1.3182E-09 1.0165E-09 7.6848E-10 5.6688E-10 4.1289E-10 2.9535E-10 2.0645E-10 1.4182E-10 9.7764E-11 6.4235E-11 3.8697E-11 2.1432E-11 7.6418E-12 0.0000E+00 0.0000E+00 0.0000E+00 0.0000E+00 0.0000E+00 0.0000E+00 0.0000E+00 0.0000E+00
3.5160E-09 4.0240E-09 4.5824E-09 5.1899E-09 5.8456E-09 6.5436E-09 7.2782E-09 8.0398E-09 8.8165E-09 9.5925E-09 1.0350E-08 1.1072E-08 1.1737E-08 1.2321E-08 1.2805E-08 1.3170E-08 1.3398E-08 1.3479E-08 1.3404E-08 1.3171E-08 1.2786E-08 1.2260E-08 1.1609E-08 1.0853E-08 1.0017E-08 9.1248E-09 8.2051E-09 7.2817E-09 6.3774E-09 5.5141E-09 4.7060E-09 3.9655E-09 3.2989E-09 2.7109E-09 2.2004E-09 1.7613E-09 1.3833E-09 1.0720E-09 8.1215E-10 6.0525E-10 4.4216E-10 3.1686E-10 2.2511E-10 1.5689E-10 1.0768E-10 7.0580E-11 4.4243E-11 2.4479E-11 8.8138E-12 0.0000E+00 0.0000E+00 0.0000E+00 0.0000E+00 0.0000E+00 0.0000E+00 0.0000E+00 0.0000E+00
3.4109E-09 3.9177E-09 4.4771E-09 5.0900E-09 5.7529E-09 6.4627E-09 7.2128E-09 7.9936E-09 8.7921E-09 9.5946E-09 1.0383E-08 1.1135E-08 1.1832E-08 1.2448E-08 1.2963E-08 1.3358E-08 1.3613E-08 1.3715E-08 1.3658E-08 1.3439E-08 1.3063E-08 1.2540E-08 1.1888E-08 1.1125E-08 1.0279E-08 9.3741E-09 8.4374E-09 7.4967E-09 6.5746E-09 5.6919E-09 4.8653E-09 4.1065E-09 3.4226E-09 2.8190E-09 2.2926E-09 1.8398E-09 1.4517E-09 1.1292E-09 8.5566E-10 6.4031E-10 4.7173E-10 3.4147E-10 2.4210E-10 1.7202E-10 1.1787E-10 7.7323E-11 4.9131E-11 2.7247E-11 9.8670E-12 3.5718E-13 0.0000E+00 0.0000E+00 0.0000E+00 0.0000E+00 0.0000E+00 0.0000E+00 0.0000E+00
3.2770E-09 3.7784E-09 4.3348E-09 4.9462E-09 5.6110E-09 6.3267E-09 7.0852E-09 7.8787E-09 8.6941E-09 9.5170E-09 1.0328E-08 1.1107E-08 1.1830E-08 1.2476E-08 1.3022E-08 1.3444E-08 1.3726E-08 1.3854E-08 1.3819E-08 1.3619E-08 1.3259E-08 1.2746E-08 1.2099E-08 1.1339E-08 1.0490E-08 9.5786E-09 8.6342E-09 7.6817E-09 6.7477E-09 5.8514E-09 5.0107E-09 4.2386E-09 3.5423E-09 2.9248E-09 2.3855E-09 1.9167E-09 1.5193E-09 1.1855E-09 9.0611E-10 6.8001E-10 5.0069E-10 3.6523E-10 2.6315E-10 1.8664E-10 1.2789E-10 8.5303E-11 5.3614E-11 2.9441E-11 1.1693E-11 1.0695E-12 0.0000E+00 0.0000E+00 0.0000E+00 0.0000E+00 0.0000E+00 0.0000E+00 0.0000E+00
3.1171E-09 3.6082E-09 4.1558E-09 4.7605E-09 5.4219E-09 6.1356E-09 6.8966E-09 7.6959E-09 8.5212E-09 9.3570E-09 1.0185E-08 1.0984E-08 1.1731E-08 1.2402E-08 1.2975E-08 1.3426E-08 1.3737E-08 1.3894E-08 1.3885E-08 1.3708E-08 1.3367E-08 1.2873E-08 1.2239E-08 1.1488E-08 1.0645E-08 9.7358E-09 8.7901E-09 7.8364E-09 6.8962E-09 5.9937E-09 5.1456E-09 4.3631E-09 3.6563E-09 3.0279E-09 2.4756E-09 1.9961E-09 1.5890E-09 1.2432E-09 9.5457E-10 7.1808E-10 5.3452E-10 3.9016E-10 2.8321E-10 2.0003E-10 1.3796E-10 9.2887E-11 5.8258E-11 3.1892E-11 1.3290E-11 2.2817E-12 0.0000E+00 0.0000E+00 0.0000E+00 0.0000E+00 0.0000E+00 0.0000E+00 0.0000E+00
2.9332E-09 3.4105E-09 3.9444E-09 4.5367E-09 5.1874E-09 5.8933E-09 6.6497E-09 7.4471E-09 8.2745E-09 9.1160E-09 9.9546E-09 1.0768E-08 1.1533E-08 1.2228E-08 1.2826E-08 1.3305E-08 1.3645E-08 1.3831E-08 1.3852E-08 1.3705E-08 1.3392E-08 1.2921E-08 1.2309E-08 1.1575E-08 1.0746E-08 9.8497E-09 8.9116E-09 7.9615E-09 7.0242E-09 6.1207E-09 5.2686E-09 4.4818E-09 3.7673E-09 3.1302E-09 2.5645E-09 2.0762E-09 1.6581E-09 1.3027E-09 1.0049E-09 7.5902E-10 5.6561E-10 4.1798E-10 3.0464E-10 2.1533E-10 1.4967E-10 1.0020E-10 6.2928E-11 3.5131E-11 1.4440E-11 3.5851E-12 0.0000E+00 0.0000E+00 0.0000E+00 0.0000E+00 0.0000E+00 0.0000E+00 0.0000E+00
2.7311E-09 3.1884E-09 3.7035E-09 4.2782E-09 4.9121E-09 5.6040E-09 6.3478E-09 7.1364E-09 7.9583E-09 8.7995E-09 9.6414E-09 1.0464E-08 1.1244E-08 1.1956E-08 1.2577E-08 1.3083E-08 1.3452E-08 1.3671E-08 1.3725E-08 1.3611E-08 1.3330E-08 1.2890E-08 1.2307E-08 1.1601E-08 1.0795E-08 9.9176E-09 8.9966E-09 8.0587E-09 7.1298E-09 6.2323E-09 5.3820E-09 4.5937E-09 3.8753E-09 3.2298E-09 2.6563E-09 2.1592E-09 1.7303E-09 1.3608E-09 1.0542E-09 8.0324E-10 6.0139E-10 4.4608E-10 3.2495E-10 2.3080E-10 1.6149E-10 1.0820E-10 6.7793E-11 3.8012E-11 1.5552E-11 4.9024E-12 8.6903E-14 0.0000E+00 0.0000E+00 0.0000E+00 0.0000E+00 0.0000E+00 0.0000E+00
2.5125E-09 2.9470E-09 3.4395E-09 3.9910E-09 4.6027E-09 5.2733E-09 5.9981E-09 6.7714E-09 7.5815E-09 8.4148E-09 9.2548E-09 1.0080E-08 1.0869E-08 1.1595E-08 1.2234E-08 1.2766E-08 1.3166E-08 1.3416E-08 1.3507E-08 1.3430E-08 1.3188E-08 1.2787E-08 1.2241E-08 1.1569E-08 1.0795E-08 9.9464E-09 9.0506E-09 8.1333E-09 7.2208E-09 6.3337E-09 5.4901E-09 4.7041E-09 3.9840E-09 3.3299E-09 2.7496E-09 2.2412E-09 1.8039E-09 1.4247E-09 1.1074E-09 8.4729E-10 6.3882E-10 4.7504E-10 3.4588E-10 2.4801E-10 1.7326E-10 1.1606E-10 7.3133E-11 3.8799E-11 1.7952E-11 6.1154E-12 6.9176E-13 0.0000E+00 0.0000E+00 0.0000E+00 0.0000E+00 0.0000E+00 0.0000E+00
2.2832E-09 2.6928E-09 3.1577E-09 3.6814E-09 4.2653E-09 4.9087E-09 5.6102E-09 6.3608E-09 7.1532E-09 7.9726E-09 8.8038E-09 9.6252E-09 1.0416E-08 1.1153E-08 1.1810E-08 1.2363E-08 1.2791E-08 1.3076E-08 1.3205E-08 1.3171E-08 1.2973E-08 1.2616E-08 1.2114E-08 1.1485E-08 1.0753E-08 9.9417E-09 9.0790E-09 8.1888E-09 7.2979E-09 6.4278E-09 5.5953E-09 4.8144E-09 4.0917E-09 3.4338E-09 2.8495E-09 2.3332E-09 1.8797E-09 1.4893E-09 1.1654E-09 8.9764E-10 6.8023E-10 5.0781E-10 3.7087E-10 2.6680E-10 1.8614E-10 1.2445E-10 7.7042E-11 4.2938E-11 2.1147E-11 7.8935E-12 1.4608E-12 0.0000E+00 0.0000E+00 0.0000E+00 0.0000E+00 0.0000E+00 0.0000E+00
2.0500E-09 2.4303E-09 2.8641E-09 3.3566E-09 3.9093E-09 4.5218E-09 5.1933E-09 5.9165E-09 6.6842E-09 7.4828E-09 8.2987E-09 9.1121E-09 9.9013E-09 1.0642E-08 1.1312E-08 1.1885E-08 1.2340E-08 1.2661E-08 1.2830E-08 1.2840E-08 1.2690E-08 1.2384E-08 1.1934E-08 1.1356E-08 1.0671E-08 9.9038E-09 9.0799E-09 8.2253E-09 7.3626E-09 6.5133E-09 5.6956E-09 4.9223E-09 4.2003E-09 3.5409E-09 2.9477E-09 2.4226E-09 1.9599E-09 1.5579E-09 1.2233E-09 9.4869E-10 7.2306E-10 5.3964E-10 3.9707E-10 2.8636E-10 2.0016E-10 1.3381E-10 8.3123E-11 4.6829E-11 2.2647E-11 9.7645E-12 2.3252E-12 0.0000E+00 0.0000E+00 0.0000E+00 0.0000E+00 0.0000E+00 0.0000E+00
1.8164E-09 2.1652E-09 2.5670E-09 3.0260E-09 3.5437E-09 4.1214E-09 4.7583E-09 5.4490E-09 6.1860E-09 6.9598E-09 7.7538E-09 8.5521E-09 9.3337E-09 1.0074E-08 1.0752E-08 1.1345E-08 1.1826E-08 1.2179E-08 1.2390E-08 1.2448E-08 1.2350E-08 1.2101E-08 1.1707E-08 1.1186E-08 1.0558E-08 9.8435E-09 9.0672E-09 8.2533E-09 7.4247E-09 6.6018E-09 5.8016E-09 5.0337E-09 4.3157E-09 3.6569E-09 3.0587E-09 2.5211E-09 2.0467E-09 1.6370E-09 1.2917E-09 1.0059E-09 7.7040E-10 5.7753E-10 4.2607E-10 3.0705E-10 2.1498E-10 1.4353E-10 8.9655E-11 5.0379E-11 2.6712E-11 1.1896E-11 3.4345E-12 0.0000E+00 0.0000E+00 0.0000E+00 0.0000E+00 0.0000E+00 0.0000E+00
1.5880E-09 1.9056E-09 2.2733E-09 2.6961E-09 3.1768E-09 3.7168E-09 4.3153E-09 4.9696E-09 5.6720E-09 6.4142E-09 7.1828E-09 7.9603E-09 8.7274E-09 9.4659E-09 1.0149E-08 1.0753E-08 1.1259E-08 1.1646E-08 1.1898E-08 1.2006E-08 1.1963E-08 1.1772E-08 1.1443E-08 1.0986E-08 1.0419E-08 9.7614E-09 9.0378E-09 8.2695E-09 7.4786E-09 6.6833E-09 5.9013E-09 5.1476E-09 4.4358E-09 3.7725E-09 3.1670E-09 2.6213E-09 2.1370E-09 1.7151E-09 1.3607E-09 1.0672E-09 8.1976E-10 6.1804E-10 4.5760E-10 3.3048E-10 2.3024E-10 1.5491E-10 9.6220E-11 5.7463E-11 3.1374E-11 1.4314E-11 4.8926E-12 2.1302E-13 0.0000E+00 0.0000E+00 0.0000E+00 0.0000E+00 0.0000E+00
1.3696E-09 1.6561E-09 1.9890E-09 2.3756E-09 2.8173E-09 3.3177E-09 3.8758E-09 4.4885E-09 5.1527E-09 5.8588E-09 6.5950E-09 7.3486E-09 8.0992E-09 8.8275E-09 9.5103E-09 1.0127E-08 1.0654E-08 1.1072E-08 1.1365E-08 1.1522E-08 1.1539E-08 1.1413E-08 1.1149E-08 1.0759E-08 1.0260E-08 9.6676E-09 9.0026E-09 8.2849E-09 7.5359E-09 6.7723E-09 6.0107E-09 5.2704E-09 4.5637E-09 3.9015E-09 3.2894E-09 2.7341E-09 2.2399E-09 1.8069E-09 1.4399E-09 1.1305E-09 8.7642E-10 6.6270E-10 4.9083E-10 3.5679E-10 2.5046E-10 1.6652E-10 1.0611E-10 6.4237E-11 3.6416E-11 1.8582E-11 6.8603E-12 7.1422E-13 0.0000E+00 0.0000E+00 0.0000E+00 0.0000E+00 0.0000E+00
1.1623E-09 1.4186E-09 1.7198E-09 2.0697E-09 2.4721E-09 2.9313E-09 3.4462E-09 4.0160E-09 4.6383E-09 5.3051E-09 6.0075E-09 6.7305E-09 7.4594E-09 8.1741E-09 8.8534E-09 9.4763E-09 1.0021E-08 1.0469E-08 1.0804E-08 1.1012E-08 1.1087E-08 1.1027E-08 1.0835E-08 1.0519E-08 1.0092E-08 9.5683E-09 8.9652E-09 8.3009E-09 7.5930E-09 6.8618E-09 6.1254E-09 5.4008E-09 4.7006E-09 4.0359E-09 3.4180E-09 2.8548E-09 2.3487E-09 1.9053E-09 1.5279E-09 1.2061E-09 9.3933E-10 7.1252E-10 5.2926E-10 3.8354E-10 2.6962E-10 1.8070E-10 1.1770E-10 7.2391E-11 4.2620E-11 2.2814E-11 9.3487E-12 1.5954E-12 0.0000E+00 0.0000E+00 0.0000E+00 0.0000E+00 0.0000E+00
9.7156E-10 1.1984E-09 1.4677E-09 1.7822E-09 2.1461E-09 2.5630E-09 3.0344E-09 3.5600E-09 4.1379E-09 4.7635E-09 5.4272E-09 6.1185E-09 6.8210E-09 7.5172E-09 8.1889E-09 8.8140E-09 9.3760E-09 9.8503E-09 1.0225E-08 1.0485E-08 1.0620E-08 1.0628E-08 1.0510E-08 1.0270E-08 9.9162E-09 9.4626E-09 8.9227E-09 8.3134E-09 7.6513E-09 6.9561E-09 6.2460E-09 5.5362E-09 4.8432E-09 4.1797E-09 3.5577E-09 2.9852E-09 2.4682E-09 2.0126E-09 1.6171E-09 1.2872E-09 1.0073E-09 7.6651E-10 5.7124E-10 4.1598E-10 2.8890E-10 1.9796E-10 1.3047E-10 8.2815E-11 5.0544E-11 2.7204E-11 1.2178E-11 3.4495E-12 4.1711E-14 0.0000E+00 0.0000E+00 0.0000E+00 0.0000E+00
7.9972E-10 9.9794E-10 1.2335E-09 1.5151E-09 1.8423E-09 2.2188E-09 2.6471E-09 3.1283E-09 3.6609E-09 4.2438E-09 4.8666E-09 5.5203E-09 6.1935E-09 6.8687E-09 7.5283E-09 8.1553E-09 8.7272E-09 9.2292E-09 9.6413E-09 9.9494E-09 1.0147E-08 1.0225E-08 1.0180E-08 1.0018E-08 9.7432E-09 9.3637E-09 8.8915E-09 8.3402E-09 7.7270E-09 7.0704E-09 6.3872E-09 5.6955E-09 5.0106E-09 4.3475E-09 3.7201E-09 3.1380E-09 2.6087E-09 2.1371E-09 1.7291E-09 1.3799E-09 1.0833E-09 8.2532E-10 6.1718E-10 4.4654E-10 3.1793E-10 2.1808E-10 1.4503E-10 9.5086E-11 5.9293E-11 3.2950E-11 1.5617E-11 5.7041E-12 9.3872E-13 0.0000E+00 0.0000E+00 0.0000E+00 0.0000E+00
6.4775E-10 8.1818E-10 1.0249E-09 1.2722E-09 1.5611E-09 1.8999E-09 2.2866E-09 2.7243E-09 3.2128E-09 3.7493E-09 4.3307E-09 4.9479E-09 5.5874E-09 6.2390E-09 6.8844E-09 7.5082E-09 8.0907E-09 8.6137E-09 9.0614E-09 9.4209E-09 9.6760E-09 9.8221E-09 9.8550E-09 9.7710E-09 9.5724E-09 9.2648E-09 8.8582E-09 8.3669E-09 7.8047E-09 7.1873E-09 6.5331E-09 5.8586E-09 5.1823E-09 4.5213E-09 3.8894E-09 3.2963E-09 2.7556E-09 2.2688E-09 1.8468E-09 1.4801E-09 1.1661E-09 8.9383E-10 6.6828E-10 4.8617E-10 3.4647E-10 2.4101E-10 1.6391E-10 1.0820E-10 6.7448E-11 3.9613E-11 2.0391E-11 7.7653E-12 2.3189E-12 3.7787E-13 0.0000E+00 0.0000E+00 0.0000E+00
