Assets/Resources/2015_m01_d10_0300(utc+0800)_l00_csi_1hr_conc.grd
DSAA
         159         159
     -79.000      79.000
     -79.000      79.000
  0.1753E-08  0.3125E-05
[rows 100 to 124 of 159, columns 0 to 56 of 159]
5.2451E-09 5.3926E-09 5.5464E-09 5.7013E-09 5.8625E-09 6.0248E-09 6.1935E-09 6.3630E-09 6.5389E-09 6.7155E-09 6.8985E-09 7.0819E-09 7.2716E-09 7.4655E-09 7.6585E-09 7.8584E-09 8.0614E-09 8.2631E-09 8.4672E-09 8.6778E-09 8.8863E-09 9.1012E-09 9.3133E-09 9.5313E-09 9.7461E-09 9.9616E-09 1.0182E-08 1.0399E-08 1.0615E-08 1.0837E-08 1.1052E-08 1.1267E-08 1.1480E-08 1.1691E-08 1.1906E-08 1.2113E-08 1.2317E-08 1.2523E-08 1.2720E-08 1.2914E-08 1.3103E-08 1.3293E-08 1.3475E-08 1.3652E-08 1.3828E-08 1.3991E-08 1.4156E-08 1.4309E-08 1.4454E-08 1.4590E-08 1.4733E-08 1.4857E-08 1.4979E-08 1.5105E-08 1.5203E-08 1.5299E-08 1.5379E-08
5.1905E-09 5.3378E-09 5.4862E-09 5.6407E-09 5.7962E-09 5.9580E-09 6.1205E-09 6.2894E-09 6.4589E-09 6.6347E-09 6.8109E-09 6.9934E-09 7.1761E-09 7.3647E-09 7.5573E-09 7.7489E-09 7.9431E-09 8.1439E-09 8.3474E-09 8.5489E-09 8.7565E-09 8.9619E-09 9.1732E-09 9.3815E-09 9.5908E-09 9.8055E-09 1.0016E-08 1.0227E-08 1.0443E-08 1.0654E-08 1.0868E-08 1.1077E-08 1.1285E-08 1.1491E-08 1.1695E-08 1.1896E-08 1.2100E-08 1.2296E-08 1.2488E-08 1.2682E-08 1.2866E-08 1.3046E-08 1.3220E-08 1.3390E-08 1.3562E-08 1.3723E-08 1.3876E-08 1.4028E-08 1.4170E-08 1.4311E-08 1.4438E-08 1.4555E-08 1.4667E-08 1.4777E-08 1.4880E-08 1.4966E-08 1.5071E-08
5.1379E-09 5.2800E-09 5.4280E-09 5.5770E-09 5.7321E-09 5.8880E-09 6.0500E-09 6.2127E-09 6.3815E-09 6.5508E-09 6.7261E-09 6.9017E-09 7.0833E-09 7.2649E-09 7.4523E-09 7.6394E-09 7.8331E-09 8.0253E-09 8.2237E-09 8.4244E-09 8.6231E-09 8.8275E-09 9.0294E-09 9.2324E-09 9.4410E-09 9.6459E-09 9.8557E-09 1.0061E-08 1.0267E-08 1.0472E-08 1.0681E-08 1.0885E-08 1.1092E-08 1.1293E-08 1.1491E-08 1.1687E-08 1.1881E-08 1.2071E-08 1.2264E-08 1.2447E-08 1.2626E-08 1.2807E-08 1.2977E-08 1.3142E-08 1.3301E-08 1.3456E-08 1.3612E-08 1.3757E-08 1.3893E-08 1.4022E-08 1.4145E-08 1.4268E-08 1.4383E-08 1.4483E-08 1.4575E-08 1.4661E-08 1.4738E-08
5.0823E-09 5.2241E-09 5.3669E-09 5.5155E-09 5.6650E-09 5.8204E-09 5.9764E-09 6.1384E-09 6.3010E-09 6.4695E-09 6.6383E-09 6.8129E-09 6.9876E-09 7.1651E-09 7.3483E-09 7.5311E-09 7.7194E-09 7.9109E-09 8.1008E-09 8.2926E-09 8.4902E-09 8.6898E-09 8.8866E-09 9.0887E-09 9.2877E-09 9.4873E-09 9.6920E-09 9.8923E-09 1.0097E-08 1.0297E-08 1.0496E-08 1.0699E-08 1.0896E-08 1.1091E-08 1.1289E-08 1.1481E-08 1.1669E-08 1.1854E-08 1.2037E-08 1.2215E-08 1.2395E-08 1.2565E-08 1.2731E-08 1.2892E-08 1.3053E-08 1.3203E-08 1.3347E-08 1.3486E-08 1.3620E-08 1.3748E-08 1.3873E-08 1.3984E-08 1.4090E-08 1.4189E-08 1.4281E-08 1.4368E-08 1.4442E-08
5.0287E-09 5.1655E-09 5.3079E-09 5.4511E-09 5.6001E-09 5.7498E-09 5.9053E-09 6.0613E-09 6.2230E-09 6.3852E-09 6.5531E-09 6.7211E-09 6.8947E-09 7.0683E-09 7.2445E-09 7.4261E-09 7.6070E-09 7.7931E-09 7.9784E-09 8.1695E-09 8.3584E-09 8.5527E-09 8.7487E-09 8.9418E-09 9.1357E-09 9.3345E-09 9.5295E-09 9.7290E-09 9.9242E-09 1.0119E-08 1.0317E-08 1.0510E-08 1.0702E-08 1.0897E-08 1.1085E-08 1.1271E-08 1.1459E-08 1.1640E-08 1.1818E-08 1.1991E-08 1.2161E-08 1.2327E-08 1.2488E-08 1.2651E-08 1.2802E-08 1.2948E-08 1.3089E-08 1.3229E-08 1.3357E-08 1.3480E-08 1.3598E-08 1.3709E-08 1.3812E-08 1.3906E-08 1.3994E-08 1.4082E-08 1.4156E-08
4.9724E-09 5.1089E-09 5.2461E-09 5.3890E-09 5.5325E-09 5.6816E-09 5.8313E-09 5.9866E-09 6.1423E-09 6.3036E-09 6.4651E-09 6.6294E-09 6.7992E-09 6.9688E-09 7.1438E-09 7.3183E-09 7.4949E-09 7.6768E-09 7.8576E-09 8.0431E-09 8.2273E-09 8.4171E-09 8.6040E-09 8.7959E-09 8.9891E-09 9.1787E-09 9.3687E-09 9.5629E-09 9.7529E-09 9.9469E-09 1.0136E-08 1.0324E-08 1.0515E-08 1.0700E-08 1.0883E-08 1.1064E-08 1.1248E-08 1.1423E-08 1.1596E-08 1.1770E-08 1.1936E-08 1.2098E-08 1.2255E-08 1.2407E-08 1.2555E-08 1.2697E-08 1.2840E-08 1.2971E-08 1.3097E-08 1.3216E-08 1.3328E-08 1.3440E-08 1.3541E-08 1.3636E-08 1.3723E-08 1.3801E-08 1.3872E-08
4.9182E-09 5.0497E-09 5.1865E-09 5.3241E-09 5.4671E-09 5.6107E-09 5.7597E-09 5.9092E-09 6.0642E-09 6.2194E-09 6.3799E-09 6.5406E-09 6.7038E-09 6.8724E-09 7.0405E-09 7.2137E-09 7.3863E-09 7.5609E-09 7.7403E-09 7.9185E-09 8.0982E-09 8.2822E-09 8.4684E-09 8.6518E-09 8.8358E-09 9.0243E-09 9.2135E-09 9.3987E-09 9.5837E-09 9.7724E-09 9.9563E-09 1.0144E-08 1.0325E-08 1.0506E-08 1.0688E-08 1.0865E-08 1.1039E-08 1.1210E-08 1.1383E-08 1.1548E-08 1.1709E-08 1.1866E-08 1.2024E-08 1.2173E-08 1.2317E-08 1.2456E-08 1.2590E-08 1.2718E-08 1.2840E-08 1.2956E-08 1.3072E-08 1.3175E-08 1.3273E-08 1.3363E-08 1.3447E-08 1.3525E-08 1.3596E-08
4.8613E-09 4.9925E-09 5.1244E-09 5.2615E-09 5.3992E-09 5.5422E-09 5.6856E-09 5.8344E-09 5.9835E-09 6.1352E-09 6.2923E-09 6.4493E-09 6.6115E-09 6.7734E-09 6.9404E-09 7.1068E-09 7.2753E-09 7.4485E-09 7.6208E-09 7.7946E-09 7.9728E-09 8.1494E-09 8.3271E-09 8.5087E-09 8.6919E-09 8.8719E-09 9.0520E-09 9.2361E-09 9.4204E-09 9.6002E-09 9.7792E-09 9.9614E-09 1.0138E-08 1.0318E-08 1.0492E-08 1.0663E-08 1.0833E-08 1.1004E-08 1.1167E-08 1.1328E-08 1.1485E-08 1.1643E-08 1.1792E-08 1.1937E-08 1.2077E-08 1.2218E-08 1.2348E-08 1.2473E-08 1.2593E-08 1.2706E-08 1.2814E-08 1.2915E-08 1.3010E-08 1.3099E-08 1.3181E-08 1.3256E-08 1.3329E-08
4.8044E-09 4.9329E-09 5.0644E-09 5.1964E-09 5.3335E-09 5.4712E-09 5.6140E-09 5.7571E-09 5.9053E-09 6.0538E-09 6.2048E-09 6.3608E-09 6.5167E-09 6.6775E-09 6.8379E-09 7.0004E-09 7.1677E-09 7.3340E-09 7.5048E-09 7.6744E-09 7.8454E-09 8.0175E-09 8.1938E-09 8.3679E-09 8.5426E-09 8.7208E-09 8.9002E-09 9.0758E-09 9.2511E-09 9.4259E-09 9.6082E-09 9.7817E-09 9.9538E-09 1.0129E-08 1.0298E-08 1.0465E-08 1.0634E-08 1.0796E-08 1.0955E-08 1.1112E-08 1.1269E-08 1.1418E-08 1.1563E-08 1.1705E-08 1.1846E-08 1.1978E-08 1.2105E-08 1.2227E-08 1.2344E-08 1.2460E-08 1.2565E-08 1.2664E-08 1.2758E-08 1.2844E-08 1.2925E-08 1.2999E-08 1.3066E-08
4.7495E-09 4.8732E-09 5.0020E-09 5.1335E-09 5.2656E-09 5.4026E-09 5.5400E-09 5.6799E-09 5.8250E-09 5.9700E-09 6.1201E-09 6.2701E-09 6.4249E-09 6.5794E-09 6.7360E-09 6.8973E-09 7.0579E-09 7.2201E-09 7.3868E-09 7.5523E-09 7.7218E-09 7.8898E-09 8.0587E-09 8.2283E-09 8.4016E-09 8.5723E-09 8.7432E-09 8.9171E-09 9.0878E-09 9.2621E-09 9.4317E-09 9.6003E-09 9.7716E-09 9.9420E-09 1.0106E-08 1.0269E-08 1.0433E-08 1.0591E-08 1.0746E-08 1.0903E-08 1.1052E-08 1.1197E-08 1.1339E-08 1.1481E-08 1.1614E-08 1.1743E-08 1.1867E-08 1.1986E-08 1.2104E-08 1.2213E-08 1.2316E-08 1.2413E-08 1.2504E-08 1.2589E-08 1.2668E-08 1.2740E-08 1.2811E-08
4.6923E-09 4.8157E-09 4.9396E-09 5.0684E-09 5.1999E-09 5.3317E-09 5.4684E-09 5.6053E-09 5.7447E-09 5.8890E-09 6.0332E-09 6.1822E-09 6.3310E-09 6.4818E-09 6.6373E-09 6.7922E-09 6.9515E-09 7.1098E-09 7.2697E-09 7.4338E-09 7.5965E-09 7.7601E-09 7.9276E-09 8.0930E-09 8.2590E-09 8.4253E-09 8.5948E-09 8.7613E-09 8.9275E-09 9.0963E-09 9.2614E-09 9.4294E-09 9.5925E-09 9.7541E-09 9.9141E-09 1.0080E-08 1.0236E-08 1.0390E-08 1.0541E-08 1.0693E-08 1.0838E-08 1.0980E-08 1.1122E-08 1.1256E-08 1.1386E-08 1.1511E-08 1.1632E-08 1.1753E-08 1.1864E-08 1.1970E-08 1.2070E-08 1.2165E-08 1.2255E-08 1.2338E-08 1.2415E-08 1.2492E-08 1.2557E-08
4.6351E-09 4.7559E-09 4.8795E-09 5.0033E-09 5.1320E-09 5.2609E-09 5.3947E-09 5.5285E-09 5.6672E-09 5.8058E-09 5.9492E-09 6.0923E-09 6.2400E-09 6.3874E-09 6.5366E-09 6.6903E-09 6.8432E-09 6.9976E-09 7.1563E-09 7.3136E-09 7.4721E-09 7.6345E-09 7.7950E-09 7.9562E-09 8.1207E-09 8.2828E-09 8.4451E-09 8.6072E-09 8.7721E-09 8.9335E-09 9.0942E-09 9.2540E-09 9.4157E-09 9.5730E-09 9.7327E-09 9.8866E-09 1.0038E-08 1.0188E-08 1.0339E-08 1.0487E-08 1.0628E-08 1.0766E-08 1.0900E-08 1.1035E-08 1.1161E-08 1.1284E-08 1.1402E-08 1.1519E-08 1.1628E-08 1.1731E-08 1.1830E-08 1.1923E-08 1.2010E-08 1.2092E-08 1.2168E-08 1.2242E-08 1.2306E-08
4.5800E-09 4.6962E-09 4.8171E-09 4.9406E-09 5.0643E-09 5.1926E-09 5.3212E-09 5.4544E-09 5.5876E-09 5.7254E-09 5.8631E-09 6.0053E-09 6.1472E-09 6.2909E-09 6.4392E-09 6.5866E-09 6.7357E-09 6.8890E-09 7.0411E-09 7.1972E-09 7.3518E-09 7.5073E-09 7.6637E-09 7.8235E-09 7.9811E-09 8.1390E-09 8.2999E-09 8.4579E-09 8.6156E-09 8.7727E-09 8.9292E-09 9.0878E-09 9.2424E-09 9.3955E-09 9.5470E-09 9.6998E-09 9.8476E-09 9.9930E-09 1.0140E-08 1.0280E-08 1.0418E-08 1.0552E-08 1.0687E-08 1.0818E-08 1.0941E-08 1.1060E-08 1.1175E-08 1.1286E-08 1.1392E-08 1.1497E-08 1.1593E-08 1.1684E-08 1.1770E-08 1.1850E-08 1.1929E-08 1.1998E-08 1.2061E-08
4.5228E-09 4.6387E-09 4.7549E-09 4.8757E-09 4.9989E-09 5.1223E-09 5.2502E-09 5.3782E-09 5.5107E-09 5.6430E-09 5.7798E-09 5.9164E-09 6.0548E-09 6.1977E-09 6.3399E-09 6.4862E-09 6.6318E-09 6.7787E-09 6.9296E-09 7.0792E-09 7.2298E-09 7.3841E-09 7.5365E-09 7.6896E-09 7.8431E-09 7.9996E-09 8.1536E-09 8.3074E-09 8.4638E-09 8.6169E-09 8.7694E-09 8.9209E-09 9.0713E-09 9.2204E-09 9.3710E-09 9.5168E-09 9.6606E-09 9.8023E-09 9.9445E-09 1.0081E-08 1.0215E-08 1.0345E-08 1.0477E-08 1.0601E-08 1.0721E-08 1.0837E-08 1.0949E-08 1.1057E-08 1.1164E-08 1.1267E-08 1.1361E-08 1.1450E-08 1.1534E-08 1.1612E-08 1.1686E-08 1.1753E-08 1.1815E-08
4.4657E-09 4.5791E-09 4.6950E-09 4.8111E-09 4.9316E-09 5.0544E-09 5.1773E-09 5.3046E-09 5.4318E-09 5.5634E-09 5.6948E-09 5.8304E-09 5.9656E-09 6.1026E-09 6.2438E-09 6.3842E-09 6.5261E-09 6.6719E-09 6.8166E-09 6.9623E-09 7.1118E-09 7.2596E-09 7.4080E-09 7.5598E-09 7.7094E-09 7.8592E-09 8.0091E-09 8.1616E-09 8.3112E-09 8.4603E-09 8.6087E-09 8.7591E-09 8.9056E-09 9.0508E-09 9.1945E-09 9.3365E-09 9.4765E-09 9.6174E-09 9.7530E-09 9.8861E-09 1.0016E-08 1.0144E-08 1.0268E-08 1.0391E-08 1.0509E-08 1.0622E-08 1.0731E-08 1.0836E-08 1.0941E-08 1.1038E-08 1.1130E-08 1.1217E-08 1.1299E-08 1.1376E-08 1.1447E-08 1.1514E-08 1.1575E-08
4.4107E-09 4.5198E-09 4.6331E-09 4.7488E-09 4.8646E-09 4.9846E-09 5.1069E-09 5.2292E-09 5.3556E-09 5.4820E-09 5.6102E-09 5.7427E-09 5.8747E-09 6.0107E-09 6.1461E-09 6.2830E-09 6.4239E-09 6.5637E-09 6.7071E-09 6.8493E-09 6.9924E-09 7.1364E-09 7.2837E-09 7.4289E-09 7.5746E-09 7.7231E-09 7.8692E-09 8.0151E-09 8.1606E-09 8.3057E-09 8.4530E-09 8.5967E-09 8.7393E-09 8.8806E-09 9.0234E-09 9.1617E-09 9.2981E-09 9.4325E-09 9.5645E-09 9.6941E-09 9.8210E-09 9.9449E-09 1.0069E-08 1.0187E-08 1.0301E-08 1.0411E-08 1.0518E-08 1.0621E-08 1.0719E-08 1.0814E-08 1.0906E-08 1.0991E-08 1.1072E-08 1.1147E-08 1.1218E-08 1.1283E-08 1.1344E-08
4.3539E-09 4.4626E-09 4.5715E-09 4.6846E-09 4.7999E-09 4.9152E-09 5.0347E-09 5.1541E-09 5.2778E-09 5.4011E-09 5.5286E-09 5.6556E-09 5.7868E-09 5.9172E-09 6.0516E-09 6.1853E-09 6.3202E-09 6.4589E-09 6.5964E-09 6.7349E-09 6.8769E-09 7.0172E-09 7.1581E-09 7.2996E-09 7.4441E-09 7.5862E-09 7.7283E-09 7.8730E-09 8.0149E-09 8.1562E-09 8.2969E-09 8.4367E-09 8.5754E-09 8.7159E-09 8.8521E-09 8.9867E-09 9.1195E-09 9.2532E-09 9.3818E-09 9.5081E-09 9.6317E-09 9.7526E-09 9.8705E-09 9.9852E-09 1.0097E-08 1.0204E-08 1.0308E-08 1.0409E-08 1.0505E-08 1.0600E-08 1.0688E-08 1.0771E-08 1.0850E-08 1.0924E-08 1.0993E-08 1.1058E-08 1.1117E-08
4.2972E-09 4.4036E-09 4.5122E-09 4.6208E-09 4.7335E-09 4.8483E-09 4.9630E-09 5.0818E-09 5.2004E-09 5.3230E-09 5.4453E-09 5.5715E-09 5.6973E-09 5.8269E-09 5.9557E-09 6.0860E-09 6.2200E-09 6.3528E-09 6.4868E-09 6.6242E-09 6.7602E-09 6.8968E-09 7.0367E-09 7.1745E-09 7.3127E-09 7.4510E-09 7.5920E-09 7.7304E-09 7.8684E-09 8.0059E-09 8.1456E-09 8.2817E-09 8.4169E-09 8.5509E-09 8.6834E-09 8.8144E-09 8.9466E-09 9.0740E-09 9.1992E-09 9.3221E-09 9.4426E-09 9.5632E-09 9.6781E-09 9.7899E-09 9.8986E-09 1.0004E-08 1.0105E-08 1.0203E-08 1.0297E-08 1.0387E-08 1.0473E-08 1.0555E-08 1.0632E-08 1.0705E-08 1.0772E-08 1.0836E-08 1.0894E-08
4.2427E-09 4.3449E-09 4.4510E-09 4.5593E-09 4.6675E-09 4.7796E-09 4.8938E-09 5.0078E-09 5.1257E-09 5.2433E-09 5.3649E-09 5.4860E-09 5.6108E-09 5.7350E-09 5.8607E-09 5.9900E-09 6.1184E-09 6.2502E-09 6.3809E-09 6.5124E-09 6.6448E-09 6.7804E-09 6.9142E-09 7.0484E-09 7.1855E-09 7.3203E-09 7.4551E-09 7.5897E-09 7.7240E-09 7.8606E-09 7.9939E-09 8.1264E-09 8.2606E-09 8.3911E-09 8.5202E-09 8.6478E-09 8.7737E-09 8.8977E-09 9.0196E-09 9.1393E-09 9.2594E-09 9.3742E-09 9.4861E-09 9.5952E-09 9.7010E-09 9.8037E-09 9.9028E-09 1.0001E-08 1.0093E-08 1.0181E-08 1.0265E-08 1.0345E-08 1.0420E-08 1.0492E-08 1.0558E-08 1.0620E-08 1.0678E-08
4.1864E-09 4.2883E-09 4.3902E-09 4.4960E-09 4.6038E-09 4.7115E-09 4.8230E-09 4.9343E-09 5.0495E-09 5.1643E-09 5.2830E-09 5.4033E-09 5.5230E-09 5.6441E-09 5.7689E-09 5.8928E-09 6.0202E-09 6.1465E-09 6.2737E-09 6.4043E-09 6.5334E-09 6.6631E-09 6.7933E-09 6.9265E-09 7.0576E-09 7.1887E-09 7.3225E-09 7.4536E-09 7.5844E-09 7.7148E-09 7.8445E-09 7.9761E-09 8.1042E-09 8.2311E-09 8.3568E-09 8.4836E-09 8.6062E-09 8.7270E-09 8.8458E-09 8.9624E-09 9.0767E-09 9.1885E-09 9.2975E-09 9.4038E-09 9.5070E-09 9.6071E-09 9.7067E-09 9.8000E-09 9.8897E-09 9.9757E-09 1.0058E-08 1.0136E-08 1.0210E-08 1.0280E-08 1.0345E-08 1.0406E-08 1.0463E-08
4.1304E-09 4.2301E-09 4.3317E-09 4.4332E-09 4.5385E-09 4.6457E-09 4.7527E-09 4.8635E-09 4.9739E-09 5.0881E-09 5.2018E-09 5.3192E-09 5.4359E-09 5.5563E-09 5.6759E-09 5.7988E-09 5.9208E-09 6.0439E-09 6.1702E-09 6.2952E-09 6.4208E-09 6.5496E-09 6.6765E-09 6.8038E-09 6.9314E-09 7.0616E-09 7.1893E-09 7.3170E-09 7.4468E-09 7.5737E-09 7.7000E-09 7.8256E-09 7.9502E-09 8.0737E-09 8.1960E-09 8.3196E-09 8.4389E-09 8.5565E-09 8.6721E-09 8.7883E-09 8.8997E-09 9.0086E-09 9.1149E-09 9.2185E-09 9.3192E-09 9.4168E-09 9.5112E-09 9.6023E-09 9.6899E-09 9.7739E-09 9.8541E-09 9.9305E-09 1.0003E-08 1.0071E-08 1.0136E-08 1.0195E-08 1.0251E-08
4.0765E-09 4.1722E-09 4.2715E-09 4.3727E-09 4.4738E-09 4.5785E-09 4.6830E-09 4.7912E-09 4.8990E-09 5.0104E-09 5.1235E-09 5.2360E-09 5.3519E-09 5.4672E-09 5.5859E-09 5.7037E-09 5.8226E-09 5.9448E-09 6.0657E-09 6.1873E-09 6.3121E-09 6.4352E-09 6.5588E-09 6.6851E-09 6.8094E-09 6.9338E-09 7.0581E-09 7.1848E-09 7.3088E-09 7.4323E-09 7.5552E-09 7.6799E-09 7.8013E-09 7.9216E-09 8.0406E-09 8.1583E-09 8.2744E-09 8.3889E-09 8.5041E-09 8.6147E-09 8.7231E-09 8.8292E-09 8.9328E-09 9.0337E-09 9.1346E-09 9.2298E-09 9.3219E-09 9.4109E-09 9.4964E-09 9.5785E-09 9.6570E-09 9.7317E-09 9.8026E-09 9.8696E-09 9.9326E-09 9.9915E-09 1.0046E-08
4.0211E-09 4.1165E-09 4.2118E-09 4.3107E-09 4.4113E-09 4.5118E-09 4.6158E-09 4.7195E-09 4.8268E-09 4.9335E-09 5.0438E-09 5.1536E-09 5.2668E-09 5.3792E-09 5.4949E-09 5.6097E-09 5.7278E-09 5.8447E-09 5.9646E-09 6.0832E-09 6.2025E-09 6.3224E-09 6.4451E-09 6.5658E-09 6.6868E-09 6.8102E-09 6.9313E-09 7.0523E-09 7.1729E-09 7.2931E-09 7.4152E-09 7.5342E-09 7.6522E-09 7.7693E-09 7.8877E-09 8.0023E-09 8.1154E-09 8.2268E-09 8.3365E-09 8.4441E-09 8.5497E-09 8.6530E-09 8.7539E-09 8.8550E-09 8.9507E-09 9.0435E-09 9.1334E-09 9.2202E-09 9.3037E-09 9.3839E-09 9.4605E-09 9.5363E-09 9.6058E-09 9.6714E-09 9.7332E-09 9.7910E-09 9.8448E-09
3.9633E-09 4.0592E-09 4.1543E-09 4.2491E-09 4.3475E-09 4.4455E-09 4.5472E-09 4.6484E-09 4.7531E-09 4.8594E-09 4.9651E-09 5.0741E-09 5.1824E-09 5.2942E-09 5.4050E-09 5.5189E-09 5.6319E-09 5.7458E-09 5.8627E-09 5.9783E-09 6.0966E-09 6.2134E-09 6.3306E-09 6.4482E-09 6.5683E-09 6.6862E-09 6.8040E-09 6.9241E-09 7.0416E-09 7.1586E-09 7.2751E-09 7.3908E-09 7.5057E-09 7.6221E-09 7.7349E-09 7.8464E-09 7.9564E-09 8.0674E-09 8.1742E-09 8.2791E-09 8.3820E-09 8.4827E-09 8.5810E-09 8.6769E-09 8.7702E-09 8.8607E-09 8.9483E-09 9.0330E-09 9.1146E-09 9.1929E-09 9.2705E-09 9.3420E-09 9.4100E-09 9.4743E-09 9.5348E-09 9.5916E-09 9.6445E-09
3.9105E-09 3.9997E-09 4.0953E-09 4.1898E-09 4.2841E-09 4.3818E-09 4.4791E-09 4.5800E-09 4.6803E-09 4.7839E-09 4.8870E-09 4.9935E-09 5.0991E-09 5.2080E-09 5.3160E-09 5.4272E-09 5.5373E-09 5.6503E-09 5.7622E-09 5.8769E-09 5.9901E-09 6.1038E-09 6.2201E-09 6.3346E-09 6.4493E-09 6.5640E-09 6.6810E-09 6.7956E-09 6.9099E-09 7.0261E-09 7.1395E-09 7.2522E-09 7.3641E-09 7.4749E-09 7.5847E-09 7.6932E-09 7.8028E-09 7.9084E-09 8.0124E-09 8.1145E-09 8.2146E-09 8.3152E-09 8.4111E-09 8.5045E-09 8.5955E-09 8.6838E-09 8.7693E-09 8.8520E-09 8.9316E-09 9.0081E-09 9.0814E-09 9.1514E-09 9.2179E-09 9.2808E-09 9.3402E-09 9.3959E-09 9.4479E-09
