Assets/Resources/2015_m01_d15_0600(utc+0800)_l00_csi_1hr_conc.grd
DSAA
         159         159
     -79.000      79.000
     -79.000      79.000
  0.0000E+00  0.1423E-04
[rows 25 to 49 of 159, columns 57 to 113 of 159]
6.2604E-09 6.2775E-09 6.2871E-09 6.2838E-09 6.2710E-09 6.2534E-09 6.2248E-09 6.1888E-09 6.1512E-09 6.1037E-09 6.0560E-09 5.9996E-09 5.9517E-09 5.8901E-09 5.8255E-09 5.7585E-09 5.6997E-09 5.6392E-09 5.5699E-09 5.4995E-09 5.4283E-09 5.3720E-09 5.3138E-09 5.2446E-09 5.1754E-09 5.1061E-09 5.0552E-09 5.0090E-09 4.9435E-09 4.8780E-09 4.8128E-09 4.7476E-09 4.6826E-09 4.6177E-09 4.5530E-09 4.4886E-09 4.4246E-09 4.3649E-09 4.3140E-09 4.2550E-09 4.1958E-09 4.1351E-09 4.0750E-09 4.0142E-09 3.9532E-09 3.9808E-09 3.9261E-09 3.8712E-09 3.8184E-09 3.7690E-09 3.7203E-09 3.6717E-09 3.6238E-09 3.5765E-09 3.5300E-09 3.4840E-09 3.4385E-09
6.3121E-09 6.3370E-09 6.3500E-09 6.3561E-09 6.3487E-09 6.3320E-09 6.3113E-09 6.2789E-09 6.2441E-09 6.1991E-09 6.1532E-09 6.1042E-09 6.0512E-09 5.9904E-09 5.9265E-09 5.8685E-09 5.8081E-09 5.7400E-09 5.6705E-09 5.5997E-09 5.5416E-09 5.4816E-09 5.4121E-09 5.3423E-09 5.2724E-09 5.2371E-09 5.1706E-09 5.1042E-09 5.0379E-09 4.9717E-09 4.9057E-09 4.8397E-09 4.7738E-09 4.7084E-09 4.6428E-09 4.5793E-09 4.5159E-09 4.4537E-09 4.4027E-09 4.3452E-09 4.2855E-09 4.2243E-09 4.2484E-09 4.1887E-09 4.1288E-09 4.0693E-09 4.0124E-09 3.9569E-09 3.9021E-09 3.8512E-09 3.8027E-09 3.7545E-09 3.7051E-09 3.6568E-09 3.6094E-09 3.5619E-09 3.5158E-09
6.3519E-09 6.3853E-09 6.4061E-09 6.4190E-09 6.4180E-09 6.4068E-09 6.3907E-09 6.3626E-09 6.3268E-09 6.2893E-09 6.2412E-09 6.1986E-09 6.1422E-09 6.0875E-09 6.0316E-09 5.9726E-09 5.9067E-09 5.8388E-09 5.7693E-09 5.7100E-09 5.6489E-09 5.5795E-09 5.5095E-09 5.4393E-09 5.4002E-09 5.3332E-09 5.2662E-09 5.1993E-09 5.1324E-09 5.0656E-09 4.9988E-09 4.9321E-09 4.8669E-09 4.8013E-09 4.7369E-09 4.6730E-09 4.6085E-09 4.5474E-09 4.4953E-09 4.5211E-09 4.4621E-09 4.4033E-09 4.3430E-09 4.2828E-09 4.2234E-09 4.1674E-09 4.1111E-09 4.0550E-09 3.9987E-09 4.0455E-09 3.9919E-09 3.9413E-09 3.8925E-09 3.8440E-09 3.7958E-09 3.7481E-09 3.7002E-09
6.3751E-09 6.4212E-09 6.4508E-09 6.4678E-09 6.4775E-09 6.4727E-09 6.4579E-09 6.4390E-09 6.4075E-09 6.3735E-09 6.3285E-09 6.2880E-09 6.2339E-09 6.1861E-09 6.1258E-09 6.0676E-09 6.0025E-09 5.9351E-09 5.8755E-09 5.8140E-09 5.7453E-09 5.6758E-09 5.6057E-09 5.5631E-09 5.4959E-09 5.4286E-09 5.3613E-09 5.2940E-09 5.2267E-09 5.1594E-09 5.0933E-09 5.0280E-09 4.9624E-09 4.8973E-09 4.8318E-09 4.7672E-09 4.7026E-09 4.7270E-09 4.6756E-09 4.6174E-09 4.5592E-09 4.5036E-09 4.4485E-09 4.3920E-09 4.4345E-09 4.3758E-09 4.3164E-09 4.2572E-09 4.1997E-09 4.1445E-09 4.0892E-09 4.0374E-09 3.9887E-09 3.9404E-09 3.8911E-09 3.8425E-09 3.7936E-09
6.3868E-09 6.4433E-09 6.4827E-09 6.5086E-09 6.5262E-09 6.5287E-09 6.5204E-09 6.5070E-09 6.4806E-09 6.4508E-09 6.4096E-09 6.3718E-09 6.3204E-09 6.2743E-09 6.2158E-09 6.1538E-09 6.0949E-09 6.0362E-09 5.9752E-09 5.9080E-09 5.8396E-09 5.7703E-09 5.7245E-09 5.6575E-09 5.5904E-09 5.5230E-09 5.4556E-09 5.3881E-09 5.3206E-09 5.2549E-09 5.1904E-09 5.1244E-09 5.0585E-09 4.9933E-09 4.9280E-09 4.9499E-09 4.8871E-09 4.8281E-09 4.7763E-09 4.7246E-09 4.6713E-09 4.7168E-09 4.6598E-09 4.6012E-09 4.5416E-09 4.4818E-09 4.4249E-09 4.3687E-09 4.3119E-09 4.2537E-09 4.1983E-09 4.1433E-09 4.0891E-09 4.0382E-09 3.9885E-09 3.9397E-09 3.8915E-09
6.3823E-09 6.4486E-09 6.5005E-09 6.5364E-09 6.5628E-09 6.5736E-09 6.5727E-09 6.5657E-09 6.5452E-09 6.5157E-09 6.4837E-09 6.4398E-09 6.4011E-09 6.3474E-09 6.3011E-09 6.2410E-09 6.1894E-09 6.1303E-09 6.0655E-09 5.9991E-09 5.9314E-09 5.8831E-09 5.8169E-09 5.7502E-09 5.6833E-09 5.6162E-09 5.5489E-09 5.4814E-09 5.4167E-09 5.3525E-09 5.2865E-09 5.2212E-09 5.1556E-09 5.1760E-09 5.1140E-09 5.0521E-09 4.9939E-09 4.9418E-09 4.9919E-09 4.9370E-09 4.8821E-09 4.8273E-09 4.7706E-09 4.7175E-09 4.6623E-09 4.6051E-09 4.5452E-09 4.4877E-09 4.4309E-09 4.3726E-09 4.3134E-09 4.2571E-09 4.2017E-09 4.1463E-09 4.0948E-09 4.0452E-09 3.9956E-09
6.3601E-09 6.4375E-09 6.5028E-09 6.5497E-09 6.5823E-09 6.6061E-09 6.6136E-09 6.6095E-09 6.6002E-09 6.5767E-09 6.5497E-09 6.5105E-09 6.4751E-09 6.4249E-09 6.3809E-09 6.3233E-09 6.2731E-09 6.2154E-09 6.1521E-09 6.0869E-09 6.0370E-09 5.9723E-09 5.9068E-09 5.8408E-09 5.7744E-09 5.7077E-09 5.6428E-09 5.5796E-09 5.5139E-09 5.4488E-09 5.3835E-09 5.3188E-09 5.3369E-09 5.2769E-09 5.2217E-09 5.1694E-09 5.2126E-09 5.1560E-09 5.1048E-09 5.0490E-09 4.9996E-09 4.9509E-09 4.8966E-09 4.8428E-09 4.7886E-09 4.7330E-09 4.6734E-09 4.6138E-09 4.5539E-09 4.4933E-09 4.4329E-09 4.3729E-09 4.3170E-09 4.2649E-09 4.2100E-09 4.1580E-09 4.1072E-09
6.3189E-09 6.4102E-09 6.4882E-09 6.5473E-09 6.5912E-09 6.6250E-09 6.6420E-09 6.6465E-09 6.6445E-09 6.6280E-09 6.6017E-09 6.5730E-09 6.5312E-09 6.4956E-09 6.4435E-09 6.3999E-09 6.3410E-09 6.2918E-09 6.2344E-09 6.1843E-09 6.1218E-09 6.0583E-09 5.9939E-09 5.9288E-09 5.8633E-09 5.8005E-09 5.7381E-09 5.6742E-09 5.6092E-09 5.5439E-09 5.5552E-09 5.4967E-09 5.4414E-09 5.3922E-09 5.4386E-09 5.3836E-09 5.3284E-09 5.2736E-09 5.2284E-09 5.1768E-09 5.1279E-09 5.0814E-09 5.0317E-09 4.9759E-09 4.9187E-09 4.8612E-09 4.8022E-09 4.7426E-09 4.6831E-09 4.6220E-09 4.5619E-09 4.5029E-09 4.4450E-09 4.3903E-09 4.3362E-09 4.2801E-09 4.2265E-09
6.2542E-09 6.3636E-09 6.4521E-09 6.5279E-09 6.5841E-09 6.6249E-09 6.6566E-09 6.6706E-09 6.6747E-09 6.6684E-09 6.6492E-09 6.6264E-09 6.5902E-09 6.5587E-09 6.5109E-09 6.4702E-09 6.4145E-09 6.3673E-09 6.3222E-09 6.2632E-09 6.2026E-09 6.1407E-09 6.0777E-09 6.0139E-09 5.9533E-09 5.8936E-09 5.8301E-09 5.7662E-09 5.7037E-09 5.7105E-09 5.6554E-09 5.6103E-09 5.6574E-09 5.6086E-09 5.5647E-09 5.5176E-09 5.4783E-09 5.4307E-09 5.3881E-09 5.3406E-09 5.2902E-09 5.2428E-09 5.1924E-09 5.1400E-09 5.0829E-09 5.0234E-09 4.9613E-09 4.8975E-09 4.8332E-09 4.7695E-09 4.7055E-09 4.6458E-09 4.5881E-09 4.5301E-09 4.4730E-09 4.4152E-09 4.3573E-09
6.1715E-09 6.2966E-09 6.4003E-09 6.4902E-09 6.5598E-09 6.6132E-09 6.6562E-09 6.6809E-09 6.6923E-09 6.6970E-09 6.6857E-09 6.6697E-09 6.6400E-09 6.6134E-09 6.5705E-09 6.5334E-09 6.4815E-09 6.4250E-09 6.3846E-09 6.3372E-09 6.2788E-09 6.2189E-09 6.1578E-09 6.1002E-09 6.0430E-09 5.9809E-09 5.9181E-09 5.9186E-09 5.8647E-09 5.8172E-09 5.7780E-09 5.8366E-09 5.7969E-09 5.7500E-09 5.7131E-09 5.6680E-09 5.6313E-09 5.5876E-09 5.5457E-09 5.5014E-09 5.4532E-09 5.4064E-09 5.3571E-09 5.3072E-09 5.2527E-09 5.1942E-09 5.1343E-09 5.0728E-09 5.0111E-09 4.9508E-09 4.8843E-09 4.8186E-09 4.7546E-09 4.6865E-09 4.6177E-09 4.5575E-09 4.4987E-09
6.0662E-09 6.2080E-09 6.3279E-09 6.4291E-09 6.5172E-09 6.5843E-09 6.6396E-09 6.6762E-09 6.6984E-09 6.7126E-09 6.7104E-09 6.6968E-09 6.6796E-09 6.6478E-09 6.6216E-09 6.5773E-09 6.5413E-09 6.4887E-09 6.4459E-09 6.4057E-09 6.3500E-09 6.2925E-09 6.2383E-09 6.1840E-09 6.1243E-09 6.0639E-09 6.0618E-09 6.0175E-09 5.9948E-09 6.0421E-09 5.9994E-09 5.9601E-09 5.9316E-09 5.8964E-09 5.8685E-09 5.8331E-09 5.8024E-09 5.7656E-09 5.7242E-09 5.6801E-09 5.6350E-09 5.5885E-09 5.5415E-09 5.4928E-09 5.4399E-09 5.3829E-09 5.3231E-09 5.2596E-09 5.1978E-09 5.1355E-09 5.0736E-09 5.0101E-09 4.9466E-09 4.8768E-09 4.8007E-09 4.7250E-09 4.6515E-09
5.9376E-09 6.0935E-09 6.2338E-09 6.3516E-09 6.4550E-09 6.5369E-09 6.6015E-09 6.6552E-09 6.6894E-09 6.7092E-09 6.7220E-09 6.7176E-09 6.7082E-09 6.6838E-09 6.6633E-09 6.6249E-09 6.5932E-09 6.5453E-09 6.5056E-09 6.4680E-09 6.4155E-09 6.3657E-09 6.3152E-09 6.2589E-09 6.2017E-09 6.2084E-09 6.1852E-09 6.1479E-09 6.1876E-09 6.1590E-09 6.1298E-09 6.1050E-09 6.0865E-09 6.0713E-09 6.0582E-09 6.0294E-09 5.9950E-09 5.9587E-09 5.9200E-09 5.8790E-09 5.8387E-09 5.7964E-09 5.7530E-09 5.7108E-09 5.6601E-09 5.6048E-09 5.5453E-09 5.4829E-09 5.4200E-09 5.3549E-09 5.2868E-09 5.2180E-09 5.1499E-09 5.0783E-09 5.0039E-09 4.9283E-09 4.8455E-09
5.7850E-09 5.9593E-09 6.1173E-09 6.2525E-09 6.3722E-09 6.4700E-09 6.5497E-09 6.6170E-09 6.6643E-09 6.6962E-09 6.7197E-09 6.7254E-09 6.7189E-09 6.7088E-09 6.6827E-09 6.6631E-09 6.6302E-09 6.5939E-09 6.5457E-09 6.5139E-09 6.4795E-09 6.4341E-09 6.3823E-09 6.3387E-09 6.3542E-09 6.3271E-09 6.3601E-09 6.3357E-09 6.3108E-09 6.2992E-09 6.2874E-09 6.2872E-09 6.2897E-09 6.2744E-09 6.2539E-09 6.2340E-09 6.2151E-09 6.1900E-09 6.1590E-09 6.1285E-09 6.0951E-09 6.0587E-09 6.0158E-09 5.9706E-09 5.9212E-09 5.8660E-09 5.8040E-09 5.7367E-09 5.6690E-09 5.5992E-09 5.5282E-09 5.4598E-09 5.3884E-09 5.3108E-09 5.2281E-09 5.1454E-09 5.0616E-09
5.6051E-09 5.8014E-09 5.9741E-09 6.1310E-09 6.2642E-09 6.3827E-09 6.4785E-09 6.5559E-09 6.6220E-09 6.6671E-09 6.6996E-09 6.7193E-09 6.7231E-09 6.7218E-09 6.7042E-09 6.6912E-09 6.6586E-09 6.6338E-09 6.5911E-09 6.5624E-09 6.5376E-09 6.4917E-09 6.4761E-09 6.4707E-09 6.4520E-09 6.4907E-09 6.4715E-09 6.4578E-09 6.4567E-09 6.4819E-09 6.4984E-09 6.4888E-09 6.4829E-09 6.4848E-09 6.4848E-09 6.4731E-09 6.4595E-09 6.4484E-09 6.4299E-09 6.4043E-09 6.3724E-09 6.3378E-09 6.2990E-09 6.2566E-09 6.2095E-09 6.1564E-09 6.0961E-09 6.0291E-09 5.9603E-09 5.8854E-09 5.8110E-09 5.7340E-09 5.6507E-09 5.5662E-09 5.4797E-09 5.3929E-09 5.3084E-09
5.4046E-09 5.6196E-09 5.8113E-09 5.9867E-09 6.1383E-09 6.2743E-09 6.3871E-09 6.4807E-09 6.5617E-09 6.6211E-09 6.6641E-09 6.6985E-09 6.7136E-09 6.7221E-09 6.7139E-09 6.7084E-09 6.6835E-09 6.6645E-09 6.6324E-09 6.5954E-09 6.5937E-09 6.5784E-09 6.5723E-09 6.5708E-09 6.6068E-09 6.5953E-09 6.6007E-09 6.6267E-09 6.6663E-09 6.6692E-09 6.6932E-09 6.7118E-09 6.7165E-09 6.7154E-09 6.7224E-09 6.7354E-09 6.7412E-09 6.7341E-09 6.7211E-09 6.7019E-09 6.6768E-09 6.6464E-09 6.6124E-09 6.5736E-09 6.5299E-09 6.4801E-09 6.4228E-09 6.3558E-09 6.2884E-09 6.2143E-09 6.1339E-09 6.0488E-09 5.9571E-09 5.8599E-09 5.7667E-09 5.6703E-09 5.5851E-09
5.1806E-09 5.4106E-09 5.6250E-09 5.8173E-09 5.9899E-09 6.1398E-09 6.2747E-09 6.3857E-09 6.4800E-09 6.5573E-09 6.6147E-09 6.6620E-09 6.6895E-09 6.7028E-09 6.7110E-09 6.7015E-09 6.6975E-09 6.6720E-09 6.6653E-09 6.6608E-09 6.6420E-09 6.6638E-09 6.6685E-09 6.7066E-09 6.7118E-09 6.7481E-09 6.7880E-09 6.8188E-09 6.8631E-09 6.8851E-09 6.9050E-09 6.9256E-09 6.9588E-09 6.9997E-09 7.0204E-09 7.0323E-09 7.0395E-09 7.0408E-09 7.0393E-09 7.0344E-09 7.0223E-09 7.0018E-09 6.9749E-09 6.9418E-09 6.8998E-09 6.8506E-09 6.7925E-09 6.7271E-09 6.6533E-09 6.5734E-09 6.4859E-09 6.3957E-09 6.2996E-09 6.2048E-09 6.1056E-09 5.9969E-09 5.9084E-09
4.9341E-09 5.1823E-09 5.4154E-09 5.6252E-09 5.8187E-09 5.9878E-09 6.1411E-09 6.2701E-09 6.3791E-09 6.4749E-09 6.5479E-09 6.6034E-09 6.6500E-09 6.6758E-09 6.6948E-09 6.6957E-09 6.7000E-09 6.6927E-09 6.7160E-09 6.6938E-09 6.7185E-09 6.7530E-09 6.7864E-09 6.8261E-09 6.8519E-09 6.9247E-09 6.9796E-09 7.0146E-09 7.0536E-09 7.0942E-09 7.1408E-09 7.2038E-09 7.2413E-09 7.2778E-09 7.3181E-09 7.3558E-09 7.3868E-09 7.4105E-09 7.4226E-09 7.4242E-09 7.4170E-09 7.4005E-09 7.3751E-09 7.3413E-09 7.2999E-09 7.2541E-09 7.1962E-09 7.1277E-09 7.0524E-09 6.9702E-09 6.8775E-09 6.7872E-09 6.6917E-09 6.5896E-09 6.4825E-09 6.3751E-09 6.3168E-09
4.6636E-09 4.9322E-09 5.1815E-09 5.4123E-09 5.6250E-09 5.8137E-09 5.9835E-09 6.1335E-09 6.2607E-09 6.3734E-09 6.4628E-09 6.5339E-09 6.5944E-09 6.6337E-09 6.6579E-09 6.6769E-09 6.6812E-09 6.7265E-09 6.7243E-09 6.7415E-09 6.7758E-09 6.8501E-09 6.8960E-09 6.9531E-09 7.0466E-09 7.0993E-09 7.1526E-09 7.2074E-09 7.2620E-09 7.3495E-09 7.4071E-09 7.4786E-09 7.5591E-09 7.6311E-09 7.6894E-09 7.7398E-09 7.7832E-09 7.8172E-09 7.8426E-09 7.8588E-09 7.8642E-09 7.8578E-09 7.8391E-09 7.8082E-09 7.7666E-09 7.7162E-09 7.6543E-09 7.5816E-09 7.4994E-09 7.4096E-09 7.3232E-09 7.2279E-09 7.1264E-09 7.0189E-09 6.9066E-09 6.8323E-09 6.7821E-09
4.3773E-09 4.6616E-09 4.9266E-09 5.1776E-09 5.4053E-09 5.6175E-09 5.8046E-09 5.9759E-09 6.1220E-09 6.2473E-09 6.3592E-09 6.4467E-09 6.5159E-09 6.5759E-09 6.6136E-09 6.6488E-09 6.6993E-09 6.7259E-09 6.7583E-09 6.7965E-09 6.8680E-09 6.9223E-09 7.0374E-09 7.1308E-09 7.1985E-09 7.2657E-09 7.3344E-09 7.4261E-09 7.5216E-09 7.6300E-09 7.7297E-09 7.8177E-09 7.9096E-09 7.9978E-09 8.0778E-09 8.1491E-09 8.2129E-09 8.2662E-09 8.3085E-09 8.3391E-09 8.3559E-09 8.3591E-09 8.3496E-09 8.3271E-09 8.2922E-09 8.2441E-09 8.1819E-09 8.1080E-09 8.0203E-09 7.9350E-09 7.8339E-09 7.7246E-09 7.6147E-09 7.5023E-09 7.4030E-09 7.3549E-09 7.2882E-09
4.0746E-09 4.3695E-09 4.6539E-09 4.9202E-09 5.1687E-09 5.3999E-09 5.6067E-09 5.7948E-09 5.9627E-09 6.1069E-09 6.2365E-09 6.3414E-09 6.4270E-09 6.5019E-09 6.5540E-09 6.6376E-09 6.6813E-09 6.7387E-09 6.7903E-09 6.8664E-09 6.9282E-09 7.0476E-09 7.1843E-09 7.2654E-09 7.3503E-09 7.4345E-09 7.5739E-09 7.7055E-09 7.8207E-09 7.9329E-09 8.0482E-09 8.1714E-09 8.2953E-09 8.4150E-09 8.5245E-09 8.6223E-09 8.7107E-09 8.7891E-09 8.8522E-09 8.9006E-09 8.9313E-09 8.9450E-09 8.9403E-09 8.9181E-09 8.8827E-09 8.8321E-09 8.7677E-09 8.7013E-09 8.6244E-09 8.5295E-09 8.4176E-09 8.3001E-09 8.1790E-09 8.0486E-09 7.9954E-09 7.9305E-09 7.8349E-09
3.7585E-09 4.0653E-09 4.3636E-09 4.6440E-09 4.9122E-09 5.1575E-09 5.3881E-09 5.5934E-09 5.7831E-09 5.9467E-09 6.0889E-09 6.2177E-09 6.3207E-09 6.4078E-09 6.5187E-09 6.5909E-09 6.6709E-09 6.7378E-09 6.8351E-09 6.8964E-09 7.0558E-09 7.1804E-09 7.2897E-09 7.4009E-09 7.5335E-09 7.6976E-09 7.8351E-09 7.9720E-09 8.1153E-09 8.2630E-09 8.4172E-09 8.5790E-09 8.7391E-09 8.8931E-09 9.0350E-09 9.1637E-09 9.2807E-09 9.3822E-09 9.4688E-09 9.5366E-09 9.5855E-09 9.6135E-09 9.6207E-09 9.6060E-09 9.5709E-09 9.5169E-09 9.4616E-09 9.3847E-09 9.2951E-09 9.1929E-09 9.0757E-09 8.9469E-09 8.8138E-09 8.7339E-09 8.6560E-09 8.5596E-09 8.4404E-09
3.4294E-09 3.7483E-09 4.0565E-09 4.3532E-09 4.6373E-09 4.9006E-09 5.1497E-09 5.3745E-09 5.5835E-09 5.7669E-09 5.9285E-09 6.0754E-09 6.1965E-09 6.3347E-09 6.4377E-09 6.5473E-09 6.6425E-09 6.7600E-09 6.8725E-09 7.0155E-09 7.1428E-09 7.2672E-09 7.4145E-09 7.6045E-09 7.7752E-09 7.9335E-09 8.0962E-09 8.2701E-09 8.4505E-09 8.6382E-09 8.8420E-09 9.0470E-09 9.2502E-09 9.4468E-09 9.6268E-09 9.7941E-09 9.9445E-09 1.0079E-08 1.0191E-08 1.0281E-08 1.0344E-08 1.0382E-08 1.0396E-08 1.0385E-08 1.0349E-08 1.0320E-08 1.0254E-08 1.0164E-08 1.0071E-08 9.9539E-09 9.8210E-09 9.6714E-09 9.5545E-09 9.4833E-09 9.3893E-09 9.2637E-09 9.1256E-09
3.0980E-09 3.4221E-09 3.7377E-09 4.0479E-09 4.3421E-09 4.6261E-09 4.8881E-09 5.1365E-09 5.3596E-09 5.5677E-09 5.7491E-09 5.9116E-09 6.0864E-09 6.2220E-09 6.3719E-09 6.4912E-09 6.6456E-09 6.7814E-09 6.9362E-09 7.0980E-09 7.2132E-09 7.3935E-09 7.5876E-09 7.8010E-09 7.9945E-09 8.1862E-09 8.3929E-09 8.6095E-09 8.8358E-09 9.0790E-09 9.3299E-09 9.5856E-09 9.8382E-09 1.0080E-08 1.0304E-08 1.0511E-08 1.0700E-08 1.0866E-08 1.1007E-08 1.1122E-08 1.1210E-08 1.1265E-08 1.1289E-08 1.1282E-08 1.1279E-08 1.1225E-08 1.1149E-08 1.1066E-08 1.0952E-08 1.0822E-08 1.0663E-08 1.0487E-08 1.0417E-08 1.0326E-08 1.0198E-08 1.0055E-08 9.8954E-09
2.7651E-09 3.0873E-09 3.4121E-09 3.7294E-09 4.0378E-09 4.3360E-09 4.6147E-09 4.8807E-09 5.1229E-09 5.3500E-09 5.5511E-09 5.7444E-09 5.9366E-09 6.1212E-09 6.2730E-09 6.4683E-09 6.6330E-09 6.8213E-09 7.0010E-09 7.1615E-09 7.3266E-09 7.5711E-09 7.7814E-09 7.9993E-09 8.2388E-09 8.4786E-09 8.7319E-09 8.9978E-09 9.2742E-09 9.5784E-09 9.8876E-09 1.0202E-08 1.0509E-08 1.0802E-08 1.1078E-08 1.1334E-08 1.1563E-08 1.1769E-08 1.1944E-08 1.2087E-08 1.2193E-08 1.2264E-08 1.2298E-08 1.2338E-08 1.2314E-08 1.2268E-08 1.2196E-08 1.2091E-08 1.1957E-08 1.1796E-08 1.1609E-08 1.1511E-08 1.1398E-08 1.1266E-08 1.1114E-08 1.0940E-08 1.0750E-08
2.4315E-09 2.7552E-09 3.0817E-09 3.4031E-09 3.7225E-09 4.0283E-09 4.3264E-09 4.6036E-09 4.8690E-09 5.1091E-09 5.3352E-09 5.5696E-09 5.7838E-09 5.9773E-09 6.1970E-09 6.4183E-09 6.6242E-09 6.8350E-09 7.0361E-09 7.2390E-09 7.4845E-09 7.7054E-09 7.9557E-09 8.2172E-09 8.5059E-09 8.8078E-09 9.1150E-09 9.4362E-09 9.7713E-09 1.0150E-08 1.0528E-08 1.0905E-08 1.1271E-08 1.1622E-08 1.1954E-08 1.2260E-08 1.2538E-08 1.2785E-08 1.2998E-08 1.3173E-08 1.3308E-08 1.3401E-08 1.3495E-08 1.3512E-08 1.3508E-08 1.3461E-08 1.3371E-08 1.3246E-08 1.3088E-08 1.2899E-08 1.2734E-08 1.2619E-08 1.2489E-08 1.2329E-08 1.2144E-08 1.1933E-08 1.1703E-08
