Assets/Resources/2015_m01_d15_0700(utc+0800)_l00_csi_1hr_conc.grd
DSAA
         159         159
     -79.000      79.000
     -79.000      79.000
  0.0000E+00  0.5106E-05
[rows 0 to 24 of 159, columns 0 to 56 of 159]
3.1419E-10 3.3308E-10 3.5269E-10 3.7334E-10 3.9489E-10 4.1711E-10 4.4064E-10 4.6447E-10 4.8967E-10 5.1533E-10 5.4217E-10 5.6936E-10 5.9788E-10 6.2691E-10 6.5676E-10 6.8759E-10 7.1906E-10 7.5165E-10 7.8468E-10 8.1863E-10 8.5314E-10 8.8890E-10 9.2537E-10 9.6239E-10 1.0006E-09 1.0394E-09 1.0785E-09 1.1180E-09 1.1587E-09 1.1985E-09 1.2398E-09 1.2807E-09 1.3222E-09 1.3639E-09 1.4056E-09 1.4484E-09 1.4905E-09 1.5328E-09 1.5757E-09 1.6181E-09 1.6608E-09 1.7033E-09 1.7456E-09 1.7878E-09 1.8296E-09 1.8712E-09 1.9124E-09 1.9531E-09 1.9935E-09 2.0331E-09 2.0726E-09 2.1113E-09 2.1491E-09 2.1867E-09 2.2235E-09 2.2594E-09 2.2941E-09
3.1430E-10 3.3320E-10 3.5281E-10 3.7352E-10 3.9513E-10 4.1745E-10 4.4108E-10 4.6520E-10 4.9041E-10 5.1627E-10 5.4334E-10 5.7095E-10 5.9957E-10 6.2889E-10 6.5920E-10 6.9037E-10 7.2201E-10 7.5497E-10 7.8838E-10 8.2273E-10 8.5785E-10 8.9406E-10 9.3119E-10 9.6906E-10 1.0071E-09 1.0466E-09 1.0865E-09 1.1266E-09 1.1676E-09 1.2083E-09 1.2500E-09 1.2915E-09 1.3341E-09 1.3763E-09 1.4188E-09 1.4623E-09 1.5052E-09 1.5489E-09 1.5920E-09 1.6352E-09 1.6790E-09 1.7223E-09 1.7652E-09 1.8085E-09 1.8512E-09 1.8935E-09 1.9357E-09 1.9775E-09 2.0187E-09 2.0595E-09 2.0997E-09 2.1391E-09 2.1783E-09 2.2169E-09 2.2545E-09 2.2907E-09 2.3266E-09
3.1434E-10 3.3302E-10 3.5282E-10 3.7352E-10 3.9518E-10 4.1776E-10 4.4129E-10 4.6552E-10 4.9100E-10 5.1687E-10 5.4414E-10 5.7198E-10 6.0102E-10 6.3044E-10 6.6121E-10 6.9252E-10 7.2465E-10 7.5780E-10 7.9157E-10 8.2650E-10 8.6202E-10 8.9851E-10 9.3628E-10 9.7465E-10 1.0136E-09 1.0531E-09 1.0938E-09 1.1349E-09 1.1758E-09 1.2178E-09 1.2597E-09 1.3017E-09 1.3452E-09 1.3881E-09 1.4317E-09 1.4755E-09 1.5192E-09 1.5637E-09 1.6076E-09 1.6516E-09 1.6964E-09 1.7404E-09 1.7842E-09 1.8285E-09 1.8720E-09 1.9151E-09 1.9585E-09 2.0011E-09 2.0431E-09 2.0850E-09 2.1259E-09 2.1665E-09 2.2069E-09 2.2462E-09 2.2842E-09 2.3219E-09 2.3591E-09
3.1429E-10 3.3332E-10 3.5270E-10 3.7341E-10 3.9505E-10 4.1767E-10 4.4126E-10 4.6557E-10 4.9117E-10 5.1731E-10 5.4458E-10 5.7261E-10 6.0189E-10 6.3172E-10 6.6261E-10 6.9420E-10 7.2699E-10 7.6030E-10 7.9443E-10 8.2956E-10 8.6565E-10 9.0256E-10 9.4062E-10 9.7965E-10 1.0193E-09 1.0593E-09 1.1004E-09 1.1421E-09 1.1834E-09 1.2263E-09 1.2685E-09 1.3116E-09 1.3555E-09 1.3990E-09 1.4436E-09 1.4879E-09 1.5323E-09 1.5777E-09 1.6225E-09 1.6681E-09 1.7129E-09 1.7577E-09 1.8031E-09 1.8476E-09 1.8919E-09 1.9365E-09 1.9804E-09 2.0238E-09 2.0671E-09 2.1096E-09 2.1517E-09 2.1935E-09 2.2344E-09 2.2744E-09 2.3139E-09 2.3528E-09 2.3907E-09
3.1415E-10 3.3314E-10 3.5249E-10 3.7315E-10 3.9479E-10 4.1740E-10 4.4100E-10 4.6554E-10 4.9105E-10 5.1730E-10 5.4485E-10 5.7285E-10 6.0233E-10 6.3240E-10 6.6371E-10 6.9541E-10 7.2849E-10 7.6211E-10 7.9658E-10 8.3224E-10 8.6855E-10 9.0622E-10 9.4454E-10 9.8386E-10 1.0241E-09 1.0649E-09 1.1061E-09 1.1486E-09 1.1903E-09 1.2338E-09 1.2767E-09 1.3210E-09 1.3650E-09 1.4091E-09 1.4547E-09 1.4996E-09 1.5454E-09 1.5910E-09 1.6365E-09 1.6828E-09 1.7285E-09 1.7741E-09 1.8205E-09 1.8659E-09 1.9111E-09 1.9566E-09 2.0014E-09 2.0457E-09 2.0900E-09 2.1336E-09 2.1767E-09 2.2195E-09 2.2611E-09 2.3023E-09 2.3431E-09 2.3828E-09 2.4216E-09
3.1393E-10 3.3287E-10 3.5215E-10 3.7297E-10 3.9438E-10 4.1696E-10 4.4056E-10 4.6509E-10 4.9066E-10 5.1698E-10 5.4464E-10 5.7293E-10 6.0237E-10 6.3263E-10 6.6417E-10 6.9629E-10 7.2948E-10 7.6340E-10 7.9853E-10 8.3418E-10 8.7104E-10 9.0910E-10 9.4802E-10 9.8761E-10 1.0282E-09 1.0698E-09 1.1117E-09 1.1543E-09 1.1971E-09 1.2406E-09 1.2841E-09 1.3292E-09 1.3736E-09 1.4189E-09 1.4649E-09 1.5104E-09 1.5573E-09 1.6035E-09 1.6496E-09 1.6968E-09 1.7433E-09 1.7898E-09 1.8369E-09 1.8834E-09 1.9293E-09 1.9759E-09 2.0214E-09 2.0666E-09 2.1123E-09 2.1569E-09 2.2007E-09 2.2444E-09 2.2873E-09 2.3296E-09 2.3713E-09 2.4120E-09 2.4515E-09
3.1379E-10 3.3249E-10 3.5172E-10 3.7266E-10 3.9383E-10 4.1637E-10 4.3993E-10 4.6447E-10 4.9001E-10 5.1638E-10 5.4410E-10 5.7249E-10 6.0223E-10 6.3243E-10 6.6416E-10 6.9650E-10 7.3013E-10 7.6415E-10 7.9958E-10 8.3555E-10 8.7292E-10 9.1119E-10 9.5069E-10 9.9071E-10 1.0318E-09 1.0738E-09 1.1165E-09 1.1592E-09 1.2029E-09 1.2467E-09 1.2907E-09 1.3365E-09 1.3815E-09 1.4279E-09 1.4741E-09 1.5204E-09 1.5681E-09 1.6149E-09 1.6625E-09 1.7100E-09 1.7574E-09 1.8051E-09 1.8526E-09 1.8998E-09 1.9471E-09 1.9942E-09 2.0407E-09 2.0875E-09 2.1335E-09 2.1788E-09 2.2243E-09 2.2688E-09 2.3127E-09 2.3557E-09 2.3987E-09 2.4400E-09 2.4809E-09
3.1353E-10 3.3200E-10 3.5115E-10 3.7205E-10 3.9313E-10 4.1581E-10 4.3914E-10 4.6362E-10 4.8916E-10 5.1568E-10 5.4325E-10 5.7171E-10 6.0153E-10 6.3203E-10 6.6371E-10 6.9623E-10 7.3007E-10 7.6452E-10 8.0023E-10 8.3633E-10 8.7421E-10 9.1283E-10 9.5272E-10 9.9333E-10 1.0346E-09 1.0770E-09 1.1203E-09 1.1633E-09 1.2078E-09 1.2519E-09 1.2971E-09 1.3429E-09 1.3886E-09 1.4360E-09 1.4825E-09 1.5299E-09 1.5780E-09 1.6255E-09 1.6743E-09 1.7224E-09 1.7703E-09 1.8192E-09 1.8674E-09 1.9154E-09 1.9640E-09 2.0117E-09 2.0591E-09 2.1070E-09 2.1538E-09 2.2001E-09 2.2468E-09 2.2923E-09 2.3370E-09 2.3814E-09 2.4249E-09 2.4676E-09 2.5088E-09
3.1315E-10 3.3135E-10 3.5065E-10 3.7129E-10 3.9231E-10 4.1511E-10 4.3816E-10 4.6260E-10 4.8808E-10 5.1457E-10 5.4213E-10 5.7059E-10 6.0048E-10 6.3106E-10 6.6303E-10 6.9549E-10 7.2950E-10 7.6416E-10 8.0013E-10 8.3668E-10 8.7469E-10 9.1383E-10 9.5408E-10 9.9508E-10 1.0372E-09 1.0798E-09 1.1234E-09 1.1670E-09 1.2118E-09 1.2564E-09 1.3024E-09 1.3485E-09 1.3948E-09 1.4428E-09 1.4900E-09 1.5386E-09 1.5869E-09 1.6351E-09 1.6849E-09 1.7335E-09 1.7823E-09 1.8322E-09 1.8812E-09 1.9299E-09 1.9796E-09 2.0282E-09 2.0765E-09 2.1254E-09 2.1731E-09 2.2204E-09 2.2683E-09 2.3146E-09 2.3602E-09 2.4057E-09 2.4502E-09 2.4936E-09 2.5362E-09
3.1267E-10 3.3060E-10 3.5019E-10 3.7038E-10 3.9131E-10 4.1405E-10 4.3702E-10 4.6176E-10 4.8680E-10 5.1323E-10 5.4075E-10 5.6937E-10 5.9907E-10 6.2970E-10 6.6175E-10 6.9450E-10 7.2846E-10 7.6327E-10 7.9944E-10 8.3642E-10 8.7472E-10 9.1399E-10 9.5459E-10 9.9614E-10 1.0384E-09 1.0818E-09 1.1256E-09 1.1700E-09 1.2149E-09 1.2600E-09 1.3068E-09 1.3533E-09 1.4007E-09 1.4488E-09 1.4966E-09 1.5460E-09 1.5949E-09 1.6443E-09 1.6943E-09 1.7437E-09 1.7939E-09 1.8442E-09 1.8939E-09 1.9434E-09 1.9941E-09 2.0436E-09 2.0927E-09 2.1427E-09 2.1914E-09 2.2406E-09 2.2886E-09 2.3359E-09 2.3822E-09 2.4293E-09 2.4745E-09 2.5190E-09 2.5626E-09
3.1187E-10 3.2969E-10 3.4941E-10 3.6931E-10 3.9035E-10 4.1282E-10 4.3569E-10 4.6036E-10 4.8529E-10 5.1165E-10 5.3911E-10 5.6768E-10 5.9737E-10 6.2797E-10 6.6006E-10 6.9288E-10 7.2711E-10 7.6206E-10 7.9820E-10 8.3556E-10 8.7411E-10 9.1384E-10 9.5458E-10 9.9630E-10 1.0392E-09 1.0830E-09 1.1271E-09 1.1719E-09 1.2172E-09 1.2631E-09 1.3101E-09 1.3571E-09 1.4053E-09 1.4538E-09 1.5023E-09 1.5525E-09 1.6018E-09 1.6523E-09 1.7028E-09 1.7529E-09 1.8044E-09 1.8550E-09 1.9055E-09 1.9569E-09 2.0076E-09 2.0578E-09 2.1091E-09 2.1590E-09 2.2087E-09 2.2588E-09 2.3076E-09 2.3558E-09 2.4042E-09 2.4515E-09 2.4978E-09 2.5433E-09 2.5879E-09
3.1093E-10 3.2888E-10 3.4828E-10 3.6809E-10 3.8942E-10 4.1139E-10 4.3418E-10 4.5875E-10 4.8359E-10 5.1018E-10 5.3722E-10 5.6572E-10 5.9534E-10 6.2611E-10 6.5798E-10 6.9082E-10 7.2513E-10 7.6015E-10 7.9642E-10 8.3393E-10 8.7286E-10 9.1285E-10 9.5387E-10 9.9591E-10 1.0393E-09 1.0833E-09 1.1277E-09 1.1729E-09 1.2187E-09 1.2651E-09 1.3127E-09 1.3600E-09 1.4090E-09 1.4579E-09 1.5076E-09 1.5578E-09 1.6078E-09 1.6593E-09 1.7102E-09 1.7610E-09 1.8135E-09 1.8647E-09 1.9160E-09 1.9686E-09 2.0199E-09 2.0709E-09 2.1233E-09 2.1742E-09 2.2245E-09 2.2759E-09 2.3257E-09 2.3749E-09 2.4246E-09 2.4726E-09 2.5200E-09 2.5665E-09 2.6119E-09
3.0960E-10 3.2809E-10 3.4704E-10 3.6671E-10 3.8814E-10 4.0980E-10 4.3286E-10 4.5694E-10 4.8165E-10 5.0816E-10 5.3508E-10 5.6364E-10 5.9303E-10 6.2371E-10 6.5556E-10 6.8836E-10 7.2267E-10 7.5776E-10 7.9429E-10 8.3174E-10 8.7082E-10 9.1100E-10 9.5246E-10 9.9497E-10 1.0383E-09 1.0829E-09 1.1276E-09 1.1732E-09 1.2192E-09 1.2663E-09 1.3142E-09 1.3623E-09 1.4117E-09 1.4610E-09 1.5115E-09 1.5622E-09 1.6128E-09 1.6650E-09 1.7165E-09 1.7683E-09 1.8213E-09 1.8733E-09 1.9253E-09 1.9788E-09 2.0309E-09 2.0828E-09 2.1364E-09 2.1880E-09 2.2399E-09 2.2918E-09 2.3426E-09 2.3925E-09 2.4435E-09 2.4926E-09 2.5410E-09 2.5883E-09 2.6346E-09
3.0829E-10 3.2692E-10 3.4559E-10 3.6539E-10 3.8649E-10 4.0802E-10 4.3117E-10 4.5491E-10 4.7950E-10 5.0588E-10 5.3268E-10 5.6132E-10 5.9040E-10 6.2101E-10 6.5277E-10 6.8570E-10 7.1981E-10 7.5486E-10 7.9145E-10 8.2916E-10 8.6836E-10 9.0871E-10 9.5017E-10 9.9312E-10 1.0370E-09 1.0816E-09 1.1268E-09 1.1727E-09 1.2189E-09 1.2666E-09 1.3147E-09 1.3636E-09 1.4132E-09 1.4631E-09 1.5143E-09 1.5654E-09 1.6171E-09 1.6697E-09 1.7217E-09 1.7747E-09 1.8280E-09 1.8807E-09 1.9343E-09 1.9879E-09 2.0408E-09 2.0944E-09 2.1481E-09 2.2005E-09 2.2542E-09 2.3066E-09 2.3580E-09 2.4089E-09 2.4613E-09 2.5114E-09 2.5605E-09 2.6088E-09 2.6575E-09
3.0698E-10 3.2554E-10 3.4395E-10 3.6406E-10 3.8468E-10 4.0607E-10 4.2927E-10 4.5269E-10 4.7747E-10 5.0338E-10 5.3004E-10 5.5853E-10 5.8750E-10 6.1814E-10 6.4964E-10 6.8249E-10 7.1651E-10 7.5173E-10 7.8810E-10 8.2585E-10 8.6513E-10 9.0558E-10 9.4740E-10 9.9072E-10 1.0346E-09 1.0794E-09 1.1249E-09 1.1711E-09 1.2179E-09 1.2660E-09 1.3143E-09 1.3638E-09 1.4140E-09 1.4643E-09 1.5161E-09 1.5676E-09 1.6201E-09 1.6731E-09 1.7258E-09 1.7798E-09 1.8335E-09 1.8870E-09 1.9416E-09 1.9957E-09 2.0494E-09 2.1047E-09 2.1585E-09 2.2118E-09 2.2669E-09 2.3198E-09 2.3722E-09 2.4255E-09 2.4778E-09 2.5286E-09 2.5788E-09 2.6281E-09 2.6782E-09
3.0567E-10 3.2376E-10 3.4208E-10 3.6232E-10 3.8264E-10 4.0434E-10 4.2701E-10 4.5024E-10 4.7506E-10 5.0063E-10 5.2730E-10 5.5549E-10 5.8429E-10 6.1499E-10 6.4616E-10 6.7889E-10 7.1284E-10 7.4795E-10 7.8429E-10 8.2200E-10 8.6130E-10 9.0184E-10 9.4394E-10 9.8725E-10 1.0315E-09 1.0763E-09 1.1223E-09 1.1687E-09 1.2159E-09 1.2642E-09 1.3130E-09 1.3630E-09 1.4135E-09 1.4647E-09 1.5166E-09 1.5687E-09 1.6220E-09 1.6754E-09 1.7287E-09 1.7834E-09 1.8378E-09 1.8920E-09 1.9476E-09 2.0023E-09 2.0568E-09 2.1131E-09 2.1676E-09 2.2218E-09 2.2779E-09 2.3317E-09 2.3850E-09 2.4399E-09 2.4927E-09 2.5445E-09 2.5957E-09 2.6460E-09 2.6976E-09
3.0396E-10 3.2196E-10 3.4021E-10 3.6035E-10 3.8037E-10 4.0217E-10 4.2452E-10 4.4761E-10 4.7241E-10 4.9765E-10 5.2433E-10 5.5216E-10 5.8080E-10 6.1132E-10 6.4235E-10 6.7529E-10 7.0873E-10 7.4377E-10 7.8019E-10 8.1786E-10 8.5713E-10 8.9746E-10 9.3965E-10 9.8307E-10 1.0275E-09 1.0725E-09 1.1188E-09 1.1655E-09 1.2130E-09 1.2617E-09 1.3108E-09 1.3611E-09 1.4120E-09 1.4638E-09 1.5163E-09 1.5688E-09 1.6227E-09 1.6765E-09 1.7308E-09 1.7860E-09 1.8408E-09 1.8961E-09 1.9523E-09 2.0076E-09 2.0636E-09 2.1201E-09 2.1754E-09 2.2317E-09 2.2875E-09 2.3422E-09 2.3965E-09 2.4527E-09 2.5062E-09 2.5590E-09 2.6112E-09 2.6639E-09 2.7156E-09
3.0204E-10 3.1975E-10 3.3833E-10 3.5796E-10 3.7787E-10 3.9976E-10 4.2178E-10 4.4508E-10 4.6940E-10 4.9444E-10 5.2109E-10 5.4858E-10 5.7718E-10 6.0737E-10 6.3820E-10 6.7097E-10 7.0427E-10 7.3931E-10 7.7546E-10 8.1301E-10 8.5222E-10 8.9292E-10 9.3508E-10 9.7838E-10 1.0229E-09 1.0682E-09 1.1144E-09 1.1612E-09 1.2093E-09 1.2580E-09 1.3077E-09 1.3583E-09 1.4095E-09 1.4619E-09 1.5146E-09 1.5679E-09 1.6222E-09 1.6765E-09 1.7315E-09 1.7873E-09 1.8427E-09 1.8990E-09 1.9555E-09 2.0115E-09 2.0688E-09 2.1256E-09 2.1818E-09 2.2393E-09 2.2957E-09 2.3513E-09 2.4079E-09 2.4638E-09 2.5182E-09 2.5721E-09 2.6252E-09 2.6801E-09 2.7323E-09
2.9972E-10 3.1733E-10 3.3601E-10 3.5553E-10 3.7556E-10 3.9711E-10 4.1879E-10 4.4214E-10 4.6612E-10 4.9117E-10 5.1764E-10 5.4472E-10 5.7349E-10 6.0310E-10 6.3373E-10 6.6632E-10 6.9940E-10 7.3448E-10 7.7026E-10 8.0769E-10 8.4681E-10 8.8741E-10 9.2957E-10 9.7302E-10 1.0176E-09 1.0630E-09 1.1091E-09 1.1562E-09 1.2044E-09 1.2534E-09 1.3035E-09 1.3544E-09 1.4060E-09 1.4587E-09 1.5119E-09 1.5657E-09 1.6204E-09 1.6752E-09 1.7310E-09 1.7872E-09 1.8432E-09 1.9003E-09 1.9574E-09 2.0142E-09 2.0724E-09 2.1298E-09 2.1867E-09 2.2454E-09 2.3024E-09 2.3589E-09 2.4169E-09 2.4734E-09 2.5288E-09 2.5837E-09 2.6378E-09 2.6942E-09 2.7471E-09
2.9741E-10 3.1470E-10 3.3347E-10 3.5267E-10 3.7279E-10 3.9402E-10 4.1555E-10 4.3892E-10 4.6257E-10 4.8780E-10 5.1374E-10 5.4062E-10 5.6933E-10 5.9855E-10 6.2930E-10 6.6131E-10 6.9419E-10 7.2904E-10 7.6465E-10 8.0226E-10 8.4086E-10 8.8157E-10 9.2342E-10 9.6687E-10 1.0114E-09 1.0570E-09 1.1032E-09 1.1504E-09 1.1988E-09 1.2478E-09 1.2982E-09 1.3495E-09 1.4015E-09 1.4545E-09 1.5080E-09 1.5625E-09 1.6175E-09 1.6727E-09 1.7292E-09 1.7859E-09 1.8424E-09 1.9002E-09 1.9580E-09 2.0154E-09 2.0744E-09 2.1326E-09 2.1911E-09 2.2501E-09 2.3077E-09 2.3651E-09 2.4243E-09 2.4815E-09 2.5379E-09 2.5937E-09 2.6499E-09 2.7064E-09 2.7603E-09
2.9471E-10 3.1209E-10 3.3052E-10 3.4959E-10 3.6978E-10 3.9086E-10 4.1242E-10 4.3545E-10 4.5875E-10 4.8399E-10 5.0956E-10 5.3659E-10 5.6474E-10 5.9369E-10 6.2439E-10 6.5598E-10 6.8877E-10 7.2325E-10 7.5859E-10 7.9602E-10 8.3463E-10 8.7516E-10 9.1712E-10 9.6025E-10 1.0048E-09 1.0501E-09 1.0964E-09 1.1437E-09 1.1921E-09 1.2415E-09 1.2921E-09 1.3435E-09 1.3959E-09 1.4491E-09 1.5029E-09 1.5580E-09 1.6134E-09 1.6691E-09 1.7262E-09 1.7832E-09 1.8405E-09 1.8989E-09 1.9571E-09 2.0157E-09 2.0752E-09 2.1339E-09 2.1934E-09 2.2530E-09 2.3115E-09 2.3703E-09 2.4302E-09 2.4880E-09 2.5454E-09 2.6022E-09 2.6602E-09 2.7170E-09 2.7720E-09
2.9183E-10 3.0927E-10 3.2756E-10 3.4628E-10 3.6654E-10 3.8726E-10 4.0884E-10 4.3153E-10 4.5485E-10 4.7972E-10 5.0508E-10 5.3210E-10 5.5984E-10 5.8856E-10 6.1918E-10 6.5031E-10 6.8323E-10 7.1704E-10 7.5216E-10 7.8934E-10 8.2790E-10 8.6808E-10 9.0984E-10 9.5306E-10 9.9726E-10 1.0426E-09 1.0888E-09 1.1361E-09 1.1845E-09 1.2342E-09 1.2848E-09 1.3364E-09 1.3891E-09 1.4426E-09 1.4969E-09 1.5522E-09 1.6080E-09 1.6643E-09 1.7216E-09 1.7792E-09 1.8374E-09 1.8962E-09 1.9549E-09 2.0145E-09 2.0743E-09 2.1337E-09 2.1943E-09 2.2544E-09 2.3137E-09 2.3740E-09 2.4342E-09 2.4930E-09 2.5513E-09 2.6090E-09 2.6685E-09 2.7260E-09 2.7820E-09
2.8896E-10 3.0627E-10 3.2420E-10 3.4297E-10 3.6286E-10 3.8342E-10 4.0501E-10 4.2752E-10 4.5085E-10 4.7535E-10 5.0033E-10 5.2730E-10 5.5464E-10 5.8348E-10 6.1349E-10 6.4434E-10 6.7695E-10 7.1051E-10 7.4569E-10 7.8224E-10 8.2094E-10 8.6046E-10 9.0205E-10 9.4525E-10 9.8929E-10 1.0345E-09 1.0804E-09 1.1279E-09 1.1761E-09 1.2258E-09 1.2767E-09 1.3283E-09 1.3814E-09 1.4349E-09 1.4897E-09 1.5451E-09 1.6013E-09 1.6582E-09 1.7158E-09 1.7738E-09 1.8325E-09 1.8919E-09 1.9512E-09 2.0115E-09 2.0721E-09 2.1320E-09 2.1936E-09 2.2543E-09 2.3144E-09 2.3759E-09 2.4367E-09 2.4963E-09 2.5555E-09 2.6142E-09 2.6751E-09 2.7333E-09 2.7904E-09
2.8572E-10 3.0288E-10 3.2064E-10 3.3946E-10 3.5917E-10 3.7934E-10 4.0092E-10 4.2307E-10 4.4639E-10 4.7052E-10 4.9566E-10 5.2205E-10 5.4912E-10 5.7791E-10 6.0746E-10 6.3822E-10 6.7056E-10 7.0359E-10 7.3868E-10 7.7493E-10 8.1332E-10 8.5280E-10 8.9370E-10 9.3671E-10 9.8053E-10 1.0255E-09 1.0713E-09 1.1187E-09 1.1670E-09 1.2167E-09 1.2675E-09 1.3191E-09 1.3724E-09 1.4263E-09 1.4813E-09 1.5371E-09 1.5934E-09 1.6509E-09 1.7089E-09 1.7671E-09 1.8265E-09 1.8863E-09 1.9460E-09 2.0072E-09 2.0683E-09 2.1293E-09 2.1912E-09 2.2526E-09 2.3134E-09 2.3761E-09 2.4374E-09 2.4979E-09 2.5581E-09 2.6188E-09 2.6800E-09 2.7389E-09 2.7970E-09
2.8232E-10 2.9951E-10 3.1690E-10 3.3574E-10 3.5506E-10 3.7521E-10 3.9642E-10 4.1836E-10 4.4148E-10 4.6556E-10 4.9051E-10 5.1666E-10 5.4332E-10 5.7202E-10 6.0112E-10 6.3197E-10 6.6362E-10 6.9636E-10 7.3128E-10 7.6703E-10 8.0493E-10 8.4445E-10 8.8511E-10 9.2762E-10 9.7119E-10 1.0160E-09 1.0615E-09 1.1088E-09 1.1570E-09 1.2066E-09 1.2573E-09 1.3092E-09 1.3624E-09 1.4164E-09 1.4716E-09 1.5276E-09 1.5843E-09 1.6421E-09 1.7004E-09 1.7591E-09 1.8191E-09 1.8792E-09 1.9397E-09 2.0012E-09 2.0629E-09 2.1249E-09 2.1874E-09 2.2492E-09 2.3114E-09 2.3743E-09 2.4365E-09 2.4979E-09 2.5589E-09 2.6210E-09 2.6828E-09 2.7427E-09 2.8019E-09
