Assets/Resources/2015_m01_d18_1100(utc+0800)_l00_csi_1hr_conc.grd
DSAA
         159         159
     -79.000      79.000
     -79.000      79.000
  0.0000E+00  0.1279E-05
[rows 125 to 149 of 159, columns 0 to 56 of 159]
4.3975E-12 4.8857E-12 5.4583E-12 6.2094E-12 6.9140E-12 7.7561E-12 8.7356E-12 9.8611E-12 1.1041E-11 1.2850E-11 1.4857E-11 1.6937E-11 1.9374E-11 2.1803E-11 2.4563E-11 2.7280E-11 3.0379E-11 3.2770E-11 3.6062E-11 3.9262E-11 4.2722E-11 4.5698E-11 4.8672E-11 5.1883E-11 5.5202E-11 5.8675E-11 6.2298E-11 6.6075E-11 6.9992E-11 7.4107E-11 7.8424E-11 8.2961E-11 8.7665E-11 9.2533E-11 9.7708E-11 1.0307E-10 1.0868E-10 1.1447E-10 1.2046E-10 1.2679E-10 1.3332E-10 1.4013E-10 1.4723E-10 1.5463E-10 1.6233E-10 1.7034E-10 1.7868E-10 1.8735E-10 1.9636E-10 2.0571E-10 2.1542E-10 2.2550E-10 2.3595E-10 2.4678E-10 2.5800E-10 2.6961E-10 2.8163E-10
4.2332E-12 4.8523E-12 5.3447E-12 6.0853E-12 6.8694E-12 7.7071E-12 8.6819E-12 9.5870E-12 1.0977E-11 1.2688E-11 1.4474E-11 1.6768E-11 1.9281E-11 2.1702E-11 2.4455E-11 2.7165E-11 3.0108E-11 3.2642E-11 3.5927E-11 3.9120E-11 4.2574E-11 4.5543E-11 4.8511E-11 5.1714E-11 5.5026E-11 5.8491E-11 6.2106E-11 6.5875E-11 6.9782E-11 7.3938E-11 7.8196E-11 8.2722E-11 8.7467E-11 9.2397E-11 9.7437E-11 1.0279E-10 1.0838E-10 1.1416E-10 1.2021E-10 1.2645E-10 1.3297E-10 1.3977E-10 1.4685E-10 1.5423E-10 1.6191E-10 1.6991E-10 1.7823E-10 1.8688E-10 1.9587E-10 2.0521E-10 2.1490E-10 2.2495E-10 2.3538E-10 2.4619E-10 2.5739E-10 2.6898E-10 2.8097E-10
4.2021E-12 4.7374E-12 5.3067E-12 6.0430E-12 6.8227E-12 7.6557E-12 8.5292E-12 9.5258E-12 1.0804E-11 1.2613E-11 1.4392E-11 1.6676E-11 1.9180E-11 2.1593E-11 2.4337E-11 2.7039E-11 2.9677E-11 3.2500E-11 3.5778E-11 3.8963E-11 4.2409E-11 4.5419E-11 4.8329E-11 5.1524E-11 5.4827E-11 5.8330E-11 6.1935E-11 6.5646E-11 6.9543E-11 7.3688E-11 7.7934E-11 8.2448E-11 8.7181E-11 9.2098E-11 9.7124E-11 1.0246E-10 1.0804E-10 1.1381E-10 1.1983E-10 1.2606E-10 1.3256E-10 1.3934E-10 1.4641E-10 1.5377E-10 1.6143E-10 1.6941E-10 1.7771E-10 1.8634E-10 1.9530E-10 2.0461E-10 2.1428E-10 2.2431E-10 2.3471E-10 2.4550E-10 2.5666E-10 2.6823E-10 2.8019E-10
4.0891E-12 4.6242E-12 5.1834E-12 5.9988E-12 6.7739E-12 7.6019E-12 8.3355E-12 9.3324E-12 1.0641E-11 1.2226E-11 1.4305E-11 1.6579E-11 1.9073E-11 2.1476E-11 2.4210E-11 2.6902E-11 2.9531E-11 3.2346E-11 3.5614E-11 3.8789E-11 4.2226E-11 4.5227E-11 4.8127E-11 5.1313E-11 5.4605E-11 5.8097E-11 6.1743E-11 6.5439E-11 6.9324E-11 7.3407E-11 7.7639E-11 8.2190E-11 8.6858E-11 9.1760E-11 9.6770E-11 1.0209E-10 1.0765E-10 1.1340E-10 1.1941E-10 1.2562E-10 1.3210E-10 1.3886E-10 1.4590E-10 1.5324E-10 1.6088E-10 1.6883E-10 1.7710E-10 1.8571E-10 1.9465E-10 2.0393E-10 2.1357E-10 2.2357E-10 2.3394E-10 2.4469E-10 2.5583E-10 2.6736E-10 2.7929E-10
3.9781E-12 4.5030E-12 5.1427E-12 5.9529E-12 6.7230E-12 7.5457E-12 8.2747E-12 9.2657E-12 1.0567E-11 1.2143E-11 1.4213E-11 1.6378E-11 1.8958E-11 2.1350E-11 2.4073E-11 2.6755E-11 2.9224E-11 3.2178E-11 3.5435E-11 3.8600E-11 4.2026E-11 4.5017E-11 4.7906E-11 5.1130E-11 5.4441E-11 5.7841E-11 6.1474E-11 6.5156E-11 6.9027E-11 7.3095E-11 7.7312E-11 8.1847E-11 8.6499E-11 9.1383E-11 9.6375E-11 1.0167E-10 1.0722E-10 1.1295E-10 1.1893E-10 1.2512E-10 1.3158E-10 1.3831E-10 1.4533E-10 1.5264E-10 1.6026E-10 1.6818E-10 1.7643E-10 1.8500E-10 1.9391E-10 2.0316E-10 2.1277E-10 2.2273E-10 2.3307E-10 2.4379E-10 2.5489E-10 2.6638E-10 2.7827E-10
3.8595E-12 4.4653E-12 5.1006E-12 5.9052E-12 6.6700E-12 7.3520E-12 8.0816E-12 9.1034E-12 1.0490E-11 1.2057E-11 1.4011E-11 1.6269E-11 1.8639E-11 2.1132E-11 2.3825E-11 2.6447E-11 2.9056E-11 3.1998E-11 3.5243E-11 3.8395E-11 4.1809E-11 4.4788E-11 4.7665E-11 5.0826E-11 5.4174E-11 5.7560E-11 6.1179E-11 6.4846E-11 6.8701E-11 7.2753E-11 7.6953E-11 8.1470E-11 8.6103E-11 9.0968E-11 9.5940E-11 1.0122E-10 1.0674E-10 1.1245E-10 1.1841E-10 1.2457E-10 1.3100E-10 1.3771E-10 1.4470E-10 1.5198E-10 1.5957E-10 1.6746E-10 1.7567E-10 1.8421E-10 1.9309E-10 2.0230E-10 2.1187E-10 2.2180E-10 2.3210E-10 2.4277E-10 2.5383E-10 2.6528E-10 2.7713E-10
3.8253E-12 4.4265E-12 5.0570E-12 5.8558E-12 6.4792E-12 7.1615E-12 7.9231E-12 9.0314E-12 1.0409E-11 1.1967E-11 1.3811E-11 1.6155E-11 1.8380E-11 2.0991E-11 2.3500E-11 2.5977E-11 2.8775E-11 3.1806E-11 3.5037E-11 3.8175E-11 4.1575E-11 4.4541E-11 4.7484E-11 5.0552E-11 5.3886E-11 5.7256E-11 6.0859E-11 6.4510E-11 6.8347E-11 7.2381E-11 7.6562E-11 8.1059E-11 8.5671E-11 9.0515E-11 9.5464E-11 1.0072E-10 1.0622E-10 1.1190E-10 1.1783E-10 1.2397E-10 1.3037E-10 1.3705E-10 1.4401E-10 1.5126E-10 1.5881E-10 1.6667E-10 1.7484E-10 1.8335E-10 1.9218E-10 2.0136E-10 2.1089E-10 2.2077E-10 2.3103E-10 2.4166E-10 2.5267E-10 2.6407E-10 2.7587E-10
3.7526E-12 4.3865E-12 5.0121E-12 5.6682E-12 6.2920E-12 7.0065E-12 7.8563E-12 8.9567E-12 1.0325E-11 1.1767E-11 1.3706E-11 1.5940E-11 1.8246E-11 2.0842E-11 2.3187E-11 2.5655E-11 2.8585E-11 3.1507E-11 3.4716E-11 3.7940E-11 4.1225E-11 4.4277E-11 4.7205E-11 5.0258E-11 5.3575E-11 5.6930E-11 6.0463E-11 6.4147E-11 6.7966E-11 7.1979E-11 7.6139E-11 8.0615E-11 8.5205E-11 9.0075E-11 9.4949E-11 1.0018E-10 1.0565E-10 1.1130E-10 1.1721E-10 1.2331E-10 1.2968E-10 1.3633E-10 1.4325E-10 1.5047E-10 1.5798E-10 1.6580E-10 1.7394E-10 1.8240E-10 1.9120E-10 2.0033E-10 2.0981E-10 2.1965E-10 2.2986E-10 2.4044E-10 2.5140E-10 2.6274E-10 2.7449E-10
3.7167E-12 4.3453E-12 4.9657E-12 5.4847E-12 6.2353E-12 6.9441E-12 7.7872E-12 8.7974E-12 1.0238E-11 1.1572E-11 1.3500E-11 1.5579E-11 1.8026E-11 2.0341E-11 2.2712E-11 2.5471E-11 2.8303E-11 3.1290E-11 3.4483E-11 3.7690E-11 4.0959E-11 4.3946E-11 4.6907E-11 4.9944E-11 5.3244E-11 5.6580E-11 6.0095E-11 6.3759E-11 6.7557E-11 7.1549E-11 7.5686E-11 8.0139E-11 8.4703E-11 8.9548E-11 9.4396E-11 9.9596E-11 1.0504E-10 1.1066E-10 1.1654E-10 1.2261E-10 1.2894E-10 1.3555E-10 1.4244E-10 1.4962E-10 1.5709E-10 1.6487E-10 1.7297E-10 1.8138E-10 1.9013E-10 1.9922E-10 2.0865E-10 2.1844E-10 2.2859E-10 2.3912E-10 2.5002E-10 2.6131E-10 2.7299E-10
3.6799E-12 4.1693E-12 4.7859E-12 5.4328E-12 6.0976E-12 6.8798E-12 7.6333E-12 8.7179E-12 9.9430E-12 1.1376E-11 1.3148E-11 1.5450E-11 1.7624E-11 1.9873E-11 2.2388E-11 2.5277E-11 2.8092E-11 3.1062E-11 3.4237E-11 3.7426E-11 4.0677E-11 4.3648E-11 4.6512E-11 4.9610E-11 5.2840E-11 5.6208E-11 5.9703E-11 6.3345E-11 6.7121E-11 7.1089E-11 7.5202E-11 7.9630E-11 8.4168E-11 8.8985E-11 9.3804E-11 9.8975E-11 1.0438E-10 1.0998E-10 1.1582E-10 1.2185E-10 1.2815E-10 1.3472E-10 1.4157E-10 1.4871E-10 1.5614E-10 1.6387E-10 1.7192E-10 1.8029E-10 1.8899E-10 1.9802E-10 2.0740E-10 2.1714E-10 2.2723E-10 2.3770E-10 2.4854E-10 2.5977E-10 2.7138E-10
3.6421E-12 4.1272E-12 4.7382E-12 5.2997E-12 6.0382E-12 6.7307E-12 7.5604E-12 8.5288E-12 9.7552E-12 1.1034E-11 1.3032E-11 1.4823E-11 1.7075E-11 1.9477E-11 2.2205E-11 2.5075E-11 2.7776E-11 3.0823E-11 3.3901E-11 3.7148E-11 4.0186E-11 4.3332E-11 4.6179E-11 4.9257E-11 5.2467E-11 5.5814E-11 5.9287E-11 6.2907E-11 6.6659E-11 7.0602E-11 7.4689E-11 7.9089E-11 8.3599E-11 8.8387E-11 9.3175E-11 9.8313E-11 1.0369E-10 1.0925E-10 1.1505E-10 1.2105E-10 1.2731E-10 1.3384E-10 1.4064E-10 1.4773E-10 1.5512E-10 1.6281E-10 1.7081E-10 1.7912E-10 1.8777E-10 1.9675E-10 2.0607E-10 2.1574E-10 2.2578E-10 2.3618E-10 2.4696E-10 2.5812E-10 2.6966E-10
3.6036E-12 4.0034E-12 4.5317E-12 5.0846E-12 5.8940E-12 6.6633E-12 7.4855E-12 8.3490E-12 9.4207E-12 1.0929E-11 1.2678E-11 1.4441E-11 1.6691E-11 1.9306E-11 2.2014E-11 2.4583E-11 2.7546E-11 3.0471E-11 3.3547E-11 3.6757E-11 3.9577E-11 4.2951E-11 4.5777E-11 4.8886E-11 5.2075E-11 5.5399E-11 5.8849E-11 6.2444E-11 6.6171E-11 7.0088E-11 7.4147E-11 7.8518E-11 8.2998E-11 8.7754E-11 9.2509E-11 9.7613E-11 1.0295E-10 1.0847E-10 1.1424E-10 1.2020E-10 1.2641E-10 1.3290E-10 1.3966E-10 1.4670E-10 1.5404E-10 1.6168E-10 1.6962E-10 1.7788E-10 1.8647E-10 1.9539E-10 2.0465E-10 2.1427E-10 2.2423E-10 2.3457E-10 2.4527E-10 2.5636E-10 2.6783E-10
3.4049E-12 3.7973E-12 4.3989E-12 5.0305E-12 5.8323E-12 6.5942E-12 7.2726E-12 8.1294E-12 9.3262E-12 1.0588E-11 1.2227E-11 1.4153E-11 1.6534E-11 1.9129E-11 2.1815E-11 2.4365E-11 2.7214E-11 3.0210E-11 3.3264E-11 3.6305E-11 3.9204E-11 4.2603E-11 4.5409E-11 4.8496E-11 5.1662E-11 5.4963E-11 5.8388E-11 6.1958E-11 6.5658E-11 6.9547E-11 7.3576E-11 7.7917E-11 8.2365E-11 8.7087E-11 9.1807E-11 9.6875E-11 1.0218E-10 1.0766E-10 1.1338E-10 1.1930E-10 1.2547E-10 1.3191E-10 1.3862E-10 1.4562E-10 1.5290E-10 1.6048E-10 1.6837E-10 1.7658E-10 1.8510E-10 1.9396E-10 2.0316E-10 2.1270E-10 2.2260E-10 2.3286E-10 2.4349E-10 2.5450E-10 2.6590E-10
3.2814E-12 3.7546E-12 4.3500E-12 4.9753E-12 5.6318E-12 6.3875E-12 7.1951E-12 7.8197E-12 9.0076E-12 1.0306E-11 1.1953E-11 1.3930E-11 1.6372E-11 1.8945E-11 2.1328E-11 2.4045E-11 2.6863E-11 2.9777E-11 3.2721E-11 3.5564E-11 3.8815E-11 4.2241E-11 4.5024E-11 4.8089E-11 5.1150E-11 5.4507E-11 5.7906E-11 6.1400E-11 6.5120E-11 6.8979E-11 7.2978E-11 7.7286E-11 8.1700E-11 8.6336E-11 9.1071E-11 9.6100E-11 1.0136E-10 1.0680E-10 1.1248E-10 1.1835E-10 1.2448E-10 1.3087E-10 1.3753E-10 1.4447E-10 1.5170E-10 1.5923E-10 1.6705E-10 1.7520E-10 1.8366E-10 1.9245E-10 2.0158E-10 2.1105E-10 2.2088E-10 2.3106E-10 2.4162E-10 2.5254E-10 2.6385E-10
3.2051E-12 3.6736E-12 4.3001E-12 4.9189E-12 5.4361E-12 6.1852E-12 6.8920E-12 7.7341E-12 8.8293E-12 1.0196E-11 1.1745E-11 1.3786E-11 1.6109E-11 1.8472E-11 2.1024E-11 2.3709E-11 2.6456E-11 2.9095E-11 3.2118E-11 3.5044E-11 3.8463E-11 4.1783E-11 4.4624E-11 4.7664E-11 5.0701E-11 5.4031E-11 5.7403E-11 6.0868E-11 6.4509E-11 6.8386E-11 7.2353E-11 7.6576E-11 8.1005E-11 8.5542E-11 9.0300E-11 9.5289E-11 1.0051E-10 1.0590E-10 1.1154E-10 1.1736E-10 1.2344E-10 1.2978E-10 1.3638E-10 1.4327E-10 1.5044E-10 1.5791E-10 1.6567E-10 1.7375E-10 1.8215E-10 1.9087E-10 1.9992E-10 2.0932E-10 2.1907E-10 2.2917E-10 2.3964E-10 2.5049E-10 2.6171E-10
3.1664E-12 3.6297E-12 4.1161E-12 4.7292E-12 5.3732E-12 6.1142E-12 6.8134E-12 7.6465E-12 8.7304E-12 1.0083E-11 1.1617E-11 1.3541E-11 1.5749E-11 1.8185E-11 2.0552E-11 2.3318E-11 2.5776E-11 2.8656E-11 3.1482E-11 3.4706E-11 3.8098E-11 4.1391E-11 4.4208E-11 4.7223E-11 5.0233E-11 5.3536E-11 5.6831E-11 6.0315E-11 6.3924E-11 6.7719E-11 7.1701E-11 7.5889E-11 8.0281E-11 8.4779E-11 8.9497E-11 9.4443E-11 9.9620E-11 1.0497E-10 1.1056E-10 1.1633E-10 1.2235E-10 1.2864E-10 1.3519E-10 1.4202E-10 1.4913E-10 1.5653E-10 1.6423E-10 1.7224E-10 1.8057E-10 1.8921E-10 1.9819E-10 2.0751E-10 2.1718E-10 2.2720E-10 2.3758E-10 2.4834E-10 2.5946E-10
3.1270E-12 3.5851E-12 4.0661E-12 4.6722E-12 5.3092E-12 5.9623E-12 6.7332E-12 7.5572E-12 8.5474E-12 9.8696E-12 1.1293E-11 1.3190E-11 1.5173E-11 1.7446E-11 2.0178E-11 2.2501E-11 2.5355E-11 2.8086E-11 3.1161E-11 3.4357E-11 3.7620E-11 4.0985E-11 4.3777E-11 4.6765E-11 4.9748E-11 5.2975E-11 5.6288E-11 5.9740E-11 6.3317E-11 6.7078E-11 7.1025E-11 7.5175E-11 7.9527E-11 8.3925E-11 8.8661E-11 9.3563E-11 9.8693E-11 1.0399E-10 1.0953E-10 1.1525E-10 1.2122E-10 1.2745E-10 1.3394E-10 1.4071E-10 1.4776E-10 1.5510E-10 1.6273E-10 1.7067E-10 1.7892E-10 1.8749E-10 1.9639E-10 2.0563E-10 2.1521E-10 2.2514E-10 2.3543E-10 2.4609E-10 2.5712E-10
2.9689E-12 3.4585E-12 3.9345E-12 4.5343E-12 5.0032E-12 5.8060E-12 6.5689E-12 7.3841E-12 8.2413E-12 9.5510E-12 1.0815E-11 1.2800E-11 1.4608E-11 1.6990E-11 1.9443E-11 2.2015E-11 2.4883E-11 2.7784E-11 3.0830E-11 3.3997E-11 3.7150E-11 4.0565E-11 4.3331E-11 4.6211E-11 4.9247E-11 5.2395E-11 5.5676E-11 5.9095E-11 6.2688E-11 6.6413E-11 7.0272E-11 7.4434E-11 7.8695E-11 8.3102E-11 8.7794E-11 9.2651E-11 9.7732E-11 1.0298E-10 1.0841E-10 1.1414E-10 1.2005E-10 1.2622E-10 1.3265E-10 1.3936E-10 1.4634E-10 1.5360E-10 1.6117E-10 1.6903E-10 1.7721E-10 1.8570E-10 1.9452E-10 2.0367E-10 2.1316E-10 2.2300E-10 2.3320E-10 2.4376E-10 2.5469E-10
2.7657E-12 3.2505E-12 3.7219E-12 4.3155E-12 4.9395E-12 5.5953E-12 6.3500E-12 7.1567E-12 8.0049E-12 9.1949E-12 1.0579E-11 1.2166E-11 1.4089E-11 1.6472E-11 1.9069E-11 2.1682E-11 2.4522E-11 2.7473E-11 3.0396E-11 3.3445E-11 3.6749E-11 4.0033E-11 4.2789E-11 4.5722E-11 4.8682E-11 5.1797E-11 5.5045E-11 5.8480E-11 6.1988E-11 6.5726E-11 6.9547E-11 7.3669E-11 7.7827E-11 8.2251E-11 8.6897E-11 9.1706E-11 9.6738E-11 1.0194E-10 1.0731E-10 1.1298E-10 1.1884E-10 1.2494E-10 1.3131E-10 1.3795E-10 1.4486E-10 1.5206E-10 1.5955E-10 1.6734E-10 1.7543E-10 1.8384E-10 1.9257E-10 2.0163E-10 2.1103E-10 2.2078E-10 2.3088E-10 2.4134E-10 2.5216E-10
2.7283E-12 3.2069E-12 3.6724E-12 4.2586E-12 4.8750E-12 5.5228E-12 6.1363E-12 6.8399E-12 7.6795E-12 8.8572E-12 1.0227E-11 1.1784E-11 1.3837E-11 1.6271E-11 1.8759E-11 2.1424E-11 2.4234E-11 2.7060E-11 2.9864E-11 3.3065E-11 3.6237E-11 3.9442E-11 4.2316E-11 4.5219E-11 4.8100E-11 5.1182E-11 5.4447E-11 5.7796E-11 6.1318E-11 6.4967E-11 6.8799E-11 7.2766E-11 7.6994E-11 8.1373E-11 8.5971E-11 9.0730E-11 9.5711E-11 1.0086E-10 1.0617E-10 1.1179E-10 1.1758E-10 1.2363E-10 1.2993E-10 1.3650E-10 1.4334E-10 1.5046E-10 1.5788E-10 1.6558E-10 1.7360E-10 1.8192E-10 1.9056E-10 1.9953E-10 2.0884E-10 2.1848E-10 2.2848E-10 2.3883E-10 2.4955E-10
2.6526E-12 3.1252E-12 3.5851E-12 4.0683E-12 4.6775E-12 5.3181E-12 6.0550E-12 6.7497E-12 7.5788E-12 8.6606E-12 1.0014E-11 1.1550E-11 1.3579E-11 1.5986E-11 1.8526E-11 2.1064E-11 2.3844E-11 2.6458E-11 2.9358E-11 3.2276E-11 3.5519E-11 3.8433E-11 4.1830E-11 4.4479E-11 4.7452E-11 5.0601E-11 5.3780E-11 5.7145E-11 6.0577E-11 6.4238E-11 6.7978E-11 7.1953E-11 7.6136E-11 8.0468E-11 8.5017E-11 8.9725E-11 9.4652E-11 9.9679E-11 1.0500E-10 1.1055E-10 1.1629E-10 1.2227E-10 1.2850E-10 1.3500E-10 1.4177E-10 1.4882E-10 1.5615E-10 1.6378E-10 1.7170E-10 1.7994E-10 1.8849E-10 1.9736E-10 2.0657E-10 2.1611E-10 2.2600E-10 2.3625E-10 2.4685E-10
2.6148E-12 3.0812E-12 3.5349E-12 4.0118E-12 4.6131E-12 5.2454E-12 5.9727E-12 6.6583E-12 7.4766E-12 8.5446E-12 9.7819E-12 1.1300E-11 1.3304E-11 1.5372E-11 1.7707E-11 2.0211E-11 2.2964E-11 2.5725E-11 2.8745E-11 3.1546E-11 3.4681E-11 3.7971E-11 4.1107E-11 4.3900E-11 4.6891E-11 4.9954E-11 5.3149E-11 5.6424E-11 5.9870E-11 6.3438E-11 6.7187E-11 7.1118E-11 7.5254E-11 7.9538E-11 8.4036E-11 8.8692E-11 9.3501E-11 9.8534E-11 1.0379E-10 1.0929E-10 1.1496E-10 1.2087E-10 1.2704E-10 1.3346E-10 1.4015E-10 1.4712E-10 1.5437E-10 1.6191E-10 1.6975E-10 1.7790E-10 1.8635E-10 1.9513E-10 2.0423E-10 2.1367E-10 2.2345E-10 2.3359E-10 2.4407E-10
2.3789E-12 2.8333E-12 3.3180E-12 3.7893E-12 4.3833E-12 5.0082E-12 5.7267E-12 6.4827E-12 7.2906E-12 8.2488E-12 9.5524E-12 1.0945E-11 1.2767E-11 1.4596E-11 1.6977E-11 1.9688E-11 2.2307E-11 2.5139E-11 2.8042E-11 3.0923E-11 3.4003E-11 3.7272E-11 4.0599E-11 4.3359E-11 4.6316E-11 4.9265E-11 5.2502E-11 5.5738E-11 5.9144E-11 6.2670E-11 6.6376E-11 7.0262E-11 7.4350E-11 7.8584E-11 8.3030E-11 8.7631E-11 9.2384E-11 9.7359E-11 1.0256E-10 1.0799E-10 1.1359E-10 1.1943E-10 1.2553E-10 1.3188E-10 1.3849E-10 1.4538E-10 1.5255E-10 1.6000E-10 1.6775E-10 1.7580E-10 1.8416E-10 1.9283E-10 2.0183E-10 2.1116E-10 2.2083E-10 2.3085E-10 2.4122E-10
2.3432E-12 2.7131E-12 3.1914E-12 3.6566E-12 4.2427E-12 4.8594E-12 5.5080E-12 6.2543E-12 6.9572E-12 7.8910E-12 9.0726E-12 1.0448E-11 1.2097E-11 1.3944E-11 1.6400E-11 1.8993E-11 2.1684E-11 2.4445E-11 2.7399E-11 3.0419E-11 3.3481E-11 3.6792E-11 4.0079E-11 4.2807E-11 4.5649E-11 4.8642E-11 5.1840E-11 5.5037E-11 5.8402E-11 6.1885E-11 6.5546E-11 6.9336E-11 7.3424E-11 7.7606E-11 8.1999E-11 8.6545E-11 9.1179E-11 9.6154E-11 1.0129E-10 1.0665E-10 1.1219E-10 1.1796E-10 1.2398E-10 1.3026E-10 1.3679E-10 1.4360E-10 1.5068E-10 1.5804E-10 1.6570E-10 1.7365E-10 1.8191E-10 1.9048E-10 1.9937E-10 2.0859E-10 2.1814E-10 2.2804E-10 2.3829E-10
2.2692E-12 2.6339E-12 3.1054E-12 3.5642E-12 4.0466E-12 4.6550E-12 5.2952E-12 6.0315E-12 6.7251E-12 7.5537E-12 8.7201E-12 1.0078E-11 1.1706E-11 1.3746E-11 1.6168E-11 1.8647E-11 2.1304E-11 2.4107E-11 2.6944E-11 2.9928E-11 3.3031E-11 3.6301E-11 3.9549E-11 4.2163E-11 4.5050E-11 4.8005E-11 5.1163E-11 5.4321E-11 5.7643E-11 6.1035E-11 6.4649E-11 6.8440E-11 7.2428E-11 7.6607E-11 8.0882E-11 8.5372E-11 9.0009E-11 9.4923E-11 9.9993E-11 1.0529E-10 1.1076E-10 1.1646E-10 1.2240E-10 1.2860E-10 1.3505E-10 1.4177E-10 1.4876E-10 1.5603E-10 1.6359E-10 1.7145E-10 1.7960E-10 1.8807E-10 1.9685E-10 2.0595E-10 2.1539E-10 2.2517E-10 2.3529E-10
