Assets/Resources/2015_m01_d21_1700(utc+0800)_l00_csi_1hr_conc.grd
DSAA
         159         159
     -79.000      79.000
     -79.000      79.000
  0.1531E-11  0.3882E-05
[rows 125 to 149 of 159, columns 57 to 113 of 159]
6.4196E-11 6.5756E-11 6.7335E-11 6.8934E-11 7.0552E-11 7.2189E-11 7.3843E-11 7.5515E-11 7.7204E-11 7.8909E-11 8.0629E-11 8.2365E-11 8.4115E-11 8.5879E-11 8.7655E-11 8.9444E-11 9.1244E-11 9.3055E-11 9.4875E-11 9.6704E-11 9.8541E-11 1.0038E-10 1.0223E-10 1.0409E-10 1.0595E-10 1.0781E-10 1.0968E-10 1.1154E-10 1.1341E-10 1.1527E-10 1.1713E-10 1.1899E-10 1.2085E-10 1.2270E-10 1.2454E-10 1.2637E-10 1.2820E-10 1.3001E-10 1.3181E-10 1.3361E-10 1.3538E-10 1.3714E-10 1.3889E-10 1.4062E-10 1.4233E-10 1.4402E-10 1.4568E-10 1.4733E-10 1.4895E-10 1.5055E-10 1.5212E-10 1.5367E-10 1.5518E-10 1.5667E-10 1.5813E-10 1.5955E-10 1.6094E-10
6.2146E-11 6.3655E-11 6.5182E-11 6.6729E-11 6.8294E-11 6.9877E-11 7.1477E-11 7.3094E-11 7.4727E-11 7.6376E-11 7.8041E-11 7.9719E-11 8.1412E-11 8.3118E-11 8.4836E-11 8.6566E-11 8.8307E-11 9.0058E-11 9.1819E-11 9.3588E-11 9.5364E-11 9.7148E-11 9.8937E-11 1.0073E-10 1.0253E-10 1.0433E-10 1.0613E-10 1.0794E-10 1.0974E-10 1.1155E-10 1.1335E-10 1.1515E-10 1.1694E-10 1.1873E-10 1.2051E-10 1.2228E-10 1.2405E-10 1.2581E-10 1.2755E-10 1.2928E-10 1.3100E-10 1.3271E-10 1.3439E-10 1.3607E-10 1.3772E-10 1.3935E-10 1.4097E-10 1.4256E-10 1.4413E-10 1.4568E-10 1.4720E-10 1.4869E-10 1.5016E-10 1.5160E-10 1.5301E-10 1.5439E-10 1.5573E-10
6.0147E-11 6.1606E-11 6.3083E-11 6.4578E-11 6.6092E-11 6.7622E-11 6.9169E-11 7.0733E-11 7.2312E-11 7.3907E-11 7.5516E-11 7.7140E-11 7.8776E-11 8.0426E-11 8.2087E-11 8.3760E-11 8.5443E-11 8.7137E-11 8.8839E-11 9.0550E-11 9.2268E-11 9.3992E-11 9.5723E-11 9.7458E-11 9.9196E-11 1.0094E-10 1.0268E-10 1.0443E-10 1.0617E-10 1.0792E-10 1.0966E-10 1.1140E-10 1.1313E-10 1.1486E-10 1.1658E-10 1.1830E-10 1.2001E-10 1.2171E-10 1.2339E-10 1.2507E-10 1.2673E-10 1.2838E-10 1.3001E-10 1.3163E-10 1.3323E-10 1.3481E-10 1.3637E-10 1.3791E-10 1.3943E-10 1.4092E-10 1.4240E-10 1.4384E-10 1.4526E-10 1.4665E-10 1.4802E-10 1.4935E-10 1.5065E-10
5.8198E-11 5.9608E-11 6.1037E-11 6.2482E-11 6.3945E-11 6.5424E-11 6.6920E-11 6.8432E-11 6.9959E-11 7.1500E-11 7.3056E-11 7.4625E-11 7.6207E-11 7.7802E-11 7.9408E-11 8.1025E-11 8.2652E-11 8.4289E-11 8.5935E-11 8.7588E-11 8.9249E-11 9.0916E-11 9.2589E-11 9.4266E-11 9.5947E-11 9.7631E-11 9.9317E-11 1.0100E-10 1.0269E-10 1.0438E-10 1.0606E-10 1.0774E-10 1.0942E-10 1.1109E-10 1.1276E-10 1.1442E-10 1.1607E-10 1.1771E-10 1.1934E-10 1.2096E-10 1.2257E-10 1.2416E-10 1.2574E-10 1.2730E-10 1.2885E-10 1.3038E-10 1.3189E-10 1.3338E-10 1.3485E-10 1.3629E-10 1.3772E-10 1.3911E-10 1.4049E-10 1.4183E-10 1.4315E-10 1.4444E-10 1.4570E-10
5.6299E-11 5.7662E-11 5.9042E-11 6.0440E-11 6.1853E-11 6.3283E-11 6.4729E-11 6.6189E-11 6.7665E-11 6.9155E-11 7.0658E-11 7.2175E-11 7.3704E-11 7.5245E-11 7.6797E-11 7.8360E-11 7.9933E-11 8.1515E-11 8.3105E-11 8.4703E-11 8.6308E-11 8.7919E-11 8.9536E-11 9.1157E-11 9.2782E-11 9.4409E-11 9.6039E-11 9.7669E-11 9.9299E-11 1.0093E-10 1.0256E-10 1.0418E-10 1.0580E-10 1.0742E-10 1.0903E-10 1.1063E-10 1.1223E-10 1.1381E-10 1.1539E-10 1.1696E-10 1.1851E-10 1.2005E-10 1.2158E-10 1.2309E-10 1.2458E-10 1.2606E-10 1.2752E-10 1.2896E-10 1.3038E-10 1.3178E-10 1.3316E-10 1.3451E-10 1.3583E-10 1.3714E-10 1.3841E-10 1.3966E-10 1.4088E-10
5.4450E-11 5.5766E-11 5.7100E-11 5.8450E-11 5.9816E-11 6.1197E-11 6.2594E-11 6.4005E-11 6.5431E-11 6.6870E-11 6.8323E-11 6.9788E-11 7.1266E-11 7.2754E-11 7.4254E-11 7.5764E-11 7.7284E-11 7.8812E-11 8.0349E-11 8.1893E-11 8.3444E-11 8.5000E-11 8.6562E-11 8.8129E-11 8.9698E-11 9.1271E-11 9.2845E-11 9.4421E-11 9.5996E-11 9.7570E-11 9.9143E-11 1.0071E-10 1.0228E-10 1.0384E-10 1.0540E-10 1.0695E-10 1.0849E-10 1.1002E-10 1.1155E-10 1.1306E-10 1.1456E-10 1.1605E-10 1.1752E-10 1.1899E-10 1.2043E-10 1.2186E-10 1.2327E-10 1.2466E-10 1.2603E-10 1.2738E-10 1.2871E-10 1.3002E-10 1.3130E-10 1.3256E-10 1.3380E-10 1.3500E-10 1.3618E-10
5.2648E-11 5.3920E-11 5.5208E-11 5.6512E-11 5.7832E-11 5.9166E-11 6.0515E-11 6.1879E-11 6.3256E-11 6.4646E-11 6.6049E-11 6.7464E-11 6.8891E-11 7.0329E-11 7.1778E-11 7.3237E-11 7.4704E-11 7.6181E-11 7.7665E-11 7.9157E-11 8.0655E-11 8.2158E-11 8.3667E-11 8.5180E-11 8.6696E-11 8.8215E-11 8.9736E-11 9.1258E-11 9.2779E-11 9.4300E-11 9.5820E-11 9.7336E-11 9.8849E-11 1.0036E-10 1.0186E-10 1.0336E-10 1.0485E-10 1.0633E-10 1.0780E-10 1.0926E-10 1.1071E-10 1.1215E-10 1.1358E-10 1.1499E-10 1.1638E-10 1.1776E-10 1.1913E-10 1.2047E-10 1.2180E-10 1.2310E-10 1.2439E-10 1.2565E-10 1.2689E-10 1.2811E-10 1.2930E-10 1.3047E-10 1.3161E-10
5.0895E-11 5.2123E-11 5.3367E-11 5.4626E-11 5.5900E-11 5.7189E-11 5.8492E-11 5.9808E-11 6.1138E-11 6.2481E-11 6.3836E-11 6.5202E-11 6.6580E-11 6.7969E-11 6.9368E-11 7.0776E-11 7.2194E-11 7.3619E-11 7.5053E-11 7.6493E-11 7.7940E-11 7.9392E-11 8.0849E-11 8.2310E-11 8.3774E-11 8.5241E-11 8.6710E-11 8.8179E-11 8.9649E-11 9.1118E-11 9.2585E-11 9.4049E-11 9.5511E-11 9.6968E-11 9.8419E-11 9.9865E-11 1.0130E-10 1.0273E-10 1.0416E-10 1.0557E-10 1.0697E-10 1.0836E-10 1.0974E-10 1.1110E-10 1.1245E-10 1.1378E-10 1.1510E-10 1.1640E-10 1.1768E-10 1.1894E-10 1.2018E-10 1.2140E-10 1.2260E-10 1.2377E-10 1.2492E-10 1.2605E-10 1.2715E-10
4.9189E-11 5.0374E-11 5.1575E-11 5.2791E-11 5.4021E-11 5.5265E-11 5.6523E-11 5.7794E-11 5.9078E-11 6.0374E-11 6.1682E-11 6.3001E-11 6.4332E-11 6.5672E-11 6.7023E-11 6.8382E-11 6.9751E-11 7.1127E-11 7.2511E-11 7.3901E-11 7.5298E-11 7.6700E-11 7.8107E-11 7.9517E-11 8.0931E-11 8.2347E-11 8.3765E-11 8.5184E-11 8.6603E-11 8.8021E-11 8.9437E-11 9.0851E-11 9.2262E-11 9.3669E-11 9.5071E-11 9.6467E-11 9.7856E-11 9.9237E-11 1.0061E-10 1.0197E-10 1.0333E-10 1.0467E-10 1.0600E-10 1.0731E-10 1.0862E-10 1.0990E-10 1.1117E-10 1.1243E-10 1.1367E-10 1.1488E-10 1.1608E-10 1.1726E-10 1.1842E-10 1.1955E-10 1.2067E-10 1.2175E-10 1.2282E-10
4.7528E-11 4.8673E-11 4.9832E-11 5.1006E-11 5.2193E-11 5.3394E-11 5.4607E-11 5.5834E-11 5.7073E-11 5.8324E-11 5.9587E-11 6.0860E-11 6.2144E-11 6.3438E-11 6.4742E-11 6.6054E-11 6.7375E-11 6.8703E-11 7.0039E-11 7.1381E-11 7.2729E-11 7.4082E-11 7.5439E-11 7.6801E-11 7.8165E-11 7.9532E-11 8.0901E-11 8.2270E-11 8.3640E-11 8.5008E-11 8.6376E-11 8.7741E-11 8.9103E-11 9.0461E-11 9.1813E-11 9.3161E-11 9.4502E-11 9.5835E-11 9.7161E-11 9.8477E-11 9.9783E-11 1.0108E-10 1.0236E-10 1.0363E-10 1.0489E-10 1.0613E-10 1.0736E-10 1.0857E-10 1.0977E-10 1.1094E-10 1.1210E-10 1.1324E-10 1.1435E-10 1.1545E-10 1.1652E-10 1.1758E-10 1.1860E-10
4.5914E-11 4.7019E-11 4.8137E-11 4.9269E-11 5.0415E-11 5.1573E-11 5.2745E-11 5.3928E-11 5.5124E-11 5.6331E-11 5.7549E-11 5.8778E-11 6.0017E-11 6.1266E-11 6.2523E-11 6.3790E-11 6.5064E-11 6.6346E-11 6.7635E-11 6.8930E-11 7.0230E-11 7.1536E-11 7.2846E-11 7.4160E-11 7.5476E-11 7.6795E-11 7.8116E-11 7.9437E-11 8.0759E-11 8.2080E-11 8.3399E-11 8.4716E-11 8.6030E-11 8.7341E-11 8.8646E-11 8.9947E-11 9.1241E-11 9.2528E-11 9.3807E-11 9.5077E-11 9.6337E-11 9.7587E-11 9.8826E-11 1.0005E-10 1.0127E-10 1.0247E-10 1.0365E-10 1.0482E-10 1.0597E-10 1.0711E-10 1.0823E-10 1.0932E-10 1.1040E-10 1.1146E-10 1.1250E-10 1.1351E-10 1.1450E-10
4.4345E-11 4.5410E-11 4.6489E-11 4.7581E-11 4.8686E-11 4.9804E-11 5.0934E-11 5.2076E-11 5.3229E-11 5.4394E-11 5.5569E-11 5.6754E-11 5.7949E-11 5.9154E-11 6.0367E-11 6.1589E-11 6.2818E-11 6.4054E-11 6.5298E-11 6.6547E-11 6.7802E-11 6.9061E-11 7.0325E-11 7.1592E-11 7.2862E-11 7.4135E-11 7.5409E-11 7.6683E-11 7.7958E-11 7.9233E-11 8.0505E-11 8.1776E-11 8.3044E-11 8.4308E-11 8.5568E-11 8.6822E-11 8.8071E-11 8.9312E-11 9.0546E-11 9.1772E-11 9.2988E-11 9.4194E-11 9.5389E-11 9.6573E-11 9.7744E-11 9.8901E-11 1.0004E-10 1.0117E-10 1.0229E-10 1.0338E-10 1.0446E-10 1.0552E-10 1.0656E-10 1.0758E-10 1.0858E-10 1.0956E-10 1.1052E-10
4.2819E-11 4.3847E-11 4.4887E-11 4.5941E-11 4.7007E-11 4.8085E-11 4.9174E-11 5.0276E-11 5.1388E-11 5.2511E-11 5.3644E-11 5.4787E-11 5.5940E-11 5.7102E-11 5.8272E-11 5.9450E-11 6.0635E-11 6.1828E-11 6.3027E-11 6.4231E-11 6.5442E-11 6.6656E-11 6.7875E-11 6.9097E-11 7.0322E-11 7.1549E-11 7.2778E-11 7.4007E-11 7.5237E-11 7.6466E-11 7.7694E-11 7.8919E-11 8.0142E-11 8.1361E-11 8.2576E-11 8.3786E-11 8.4991E-11 8.6188E-11 8.7378E-11 8.8561E-11 8.9734E-11 9.0897E-11 9.2050E-11 9.3192E-11 9.4321E-11 9.5438E-11 9.6541E-11 9.7629E-11 9.8702E-11 9.9760E-11 1.0080E-10 1.0182E-10 1.0283E-10 1.0381E-10 1.0478E-10 1.0572E-10 1.0665E-10
4.1337E-11 4.2328E-11 4.3331E-11 4.4347E-11 4.5375E-11 4.6414E-11 4.7465E-11 4.8527E-11 4.9599E-11 5.0682E-11 5.1774E-11 5.2877E-11 5.3988E-11 5.5108E-11 5.6236E-11 5.7372E-11 5.8515E-11 5.9665E-11 6.0821E-11 6.1982E-11 6.3149E-11 6.4320E-11 6.5495E-11 6.6674E-11 6.7855E-11 6.9038E-11 7.0223E-11 7.1408E-11 7.2594E-11 7.3779E-11 7.4962E-11 7.6144E-11 7.7323E-11 7.8499E-11 7.9671E-11 8.0837E-11 8.1999E-11 8.3153E-11 8.4301E-11 8.5441E-11 8.6572E-11 8.7694E-11 8.8806E-11 8.9907E-11 9.0996E-11 9.2073E-11 9.3137E-11 9.4187E-11 9.5222E-11 9.6242E-11 9.7245E-11 9.8232E-11 9.9201E-11 1.0015E-10 1.0108E-10 1.0199E-10 1.0289E-10
3.9898E-11 4.0853E-11 4.1820E-11 4.2799E-11 4.3790E-11 4.4792E-11 4.5804E-11 4.6828E-11 4.7862E-11 4.8905E-11 4.9959E-11 5.1021E-11 5.2092E-11 5.3172E-11 5.4259E-11 5.5354E-11 5.6456E-11 5.7564E-11 5.8678E-11 5.9798E-11 6.0923E-11 6.2052E-11 6.3184E-11 6.4320E-11 6.5459E-11 6.6599E-11 6.7741E-11 6.8884E-11 7.0027E-11 7.1169E-11 7.2310E-11 7.3449E-11 7.4586E-11 7.5720E-11 7.6849E-11 7.7974E-11 7.9093E-11 8.0206E-11 8.1313E-11 8.2412E-11 8.3503E-11 8.4584E-11 8.5656E-11 8.6718E-11 8.7768E-11 8.8806E-11 8.9832E-11 9.0844E-11 9.1842E-11 9.2826E-11 9.3793E-11 9.4745E-11 9.5679E-11 9.6596E-11 9.7494E-11 9.8373E-11 9.9233E-11
3.8500E-11 3.9420E-11 4.0353E-11 4.1296E-11 4.2251E-11 4.3216E-11 4.4192E-11 4.5179E-11 4.6175E-11 4.7181E-11 4.8196E-11 4.9220E-11 5.0252E-11 5.1292E-11 5.2340E-11 5.3395E-11 5.4457E-11 5.5525E-11 5.6599E-11 5.7678E-11 5.8762E-11 5.9849E-11 6.0941E-11 6.2036E-11 6.3133E-11 6.4232E-11 6.5333E-11 6.6434E-11 6.7535E-11 6.8636E-11 6.9736E-11 7.0833E-11 7.1929E-11 7.3021E-11 7.4110E-11 7.5194E-11 7.6273E-11 7.7346E-11 7.8412E-11 7.9471E-11 8.0523E-11 8.1565E-11 8.2598E-11 8.3622E-11 8.4634E-11 8.5635E-11 8.6623E-11 8.7599E-11 8.8561E-11 8.9509E-11 9.0442E-11 9.1359E-11 9.2260E-11 9.3144E-11 9.4010E-11 9.4858E-11 9.5687E-11
3.7143E-11 3.8030E-11 3.8928E-11 3.9837E-11 4.0757E-11 4.1687E-11 4.2628E-11 4.3578E-11 4.4538E-11 4.5507E-11 4.6485E-11 4.7471E-11 4.8466E-11 4.9468E-11 5.0477E-11 5.1494E-11 5.2517E-11 5.3546E-11 5.4580E-11 5.5620E-11 5.6664E-11 5.7712E-11 5.8764E-11 5.9819E-11 6.0876E-11 6.1935E-11 6.2995E-11 6.4056E-11 6.5117E-11 6.6178E-11 6.7237E-11 6.8295E-11 6.9350E-11 7.0403E-11 7.1452E-11 7.2496E-11 7.3536E-11 7.4569E-11 7.5597E-11 7.6618E-11 7.7631E-11 7.8635E-11 7.9631E-11 8.0617E-11 8.1593E-11 8.2557E-11 8.3510E-11 8.4450E-11 8.5378E-11 8.6291E-11 8.7190E-11 8.8074E-11 8.8943E-11 8.9795E-11 9.0629E-11 9.1447E-11 9.2246E-11
3.5827E-11 3.6681E-11 3.7546E-11 3.8422E-11 3.9308E-11 4.0204E-11 4.1110E-11 4.2025E-11 4.2949E-11 4.3883E-11 4.4825E-11 4.5775E-11 4.6733E-11 4.7698E-11 4.8670E-11 4.9650E-11 5.0635E-11 5.1626E-11 5.2622E-11 5.3624E-11 5.4629E-11 5.5639E-11 5.6652E-11 5.7668E-11 5.8686E-11 5.9706E-11 6.0727E-11 6.1749E-11 6.2771E-11 6.3793E-11 6.4813E-11 6.5832E-11 6.6849E-11 6.7862E-11 6.8873E-11 6.9879E-11 7.0880E-11 7.1876E-11 7.2866E-11 7.3849E-11 7.4825E-11 7.5793E-11 7.6752E-11 7.7702E-11 7.8642E-11 7.9571E-11 8.0489E-11 8.1395E-11 8.2289E-11 8.3169E-11 8.4035E-11 8.4887E-11 8.5724E-11 8.6545E-11 8.7349E-11 8.8137E-11 8.8907E-11
3.4550E-11 3.5373E-11 3.6206E-11 3.7049E-11 3.7902E-11 3.8765E-11 3.9637E-11 4.0518E-11 4.1409E-11 4.2307E-11 4.3215E-11 4.4129E-11 4.5052E-11 4.5981E-11 4.6918E-11 4.7861E-11 4.8809E-11 4.9764E-11 5.0723E-11 5.1687E-11 5.2656E-11 5.3628E-11 5.4603E-11 5.5581E-11 5.6562E-11 5.7544E-11 5.8528E-11 5.9512E-11 6.0496E-11 6.1480E-11 6.2462E-11 6.3444E-11 6.4423E-11 6.5399E-11 6.6372E-11 6.7341E-11 6.8305E-11 6.9264E-11 7.0218E-11 7.1165E-11 7.2104E-11 7.3037E-11 7.3960E-11 7.4875E-11 7.5781E-11 7.6676E-11 7.7560E-11 7.8433E-11 7.9293E-11 8.0141E-11 8.0976E-11 8.1796E-11 8.2602E-11 8.3393E-11 8.4168E-11 8.4927E-11 8.5669E-11
3.3229E-11 3.4047E-11 3.4877E-11 3.5717E-11 3.6539E-11 3.7370E-11 3.8209E-11 3.9058E-11 3.9915E-11 4.0780E-11 4.1653E-11 4.2534E-11 4.3422E-11 4.4317E-11 4.5218E-11 4.6126E-11 4.7039E-11 4.7958E-11 4.8882E-11 4.9810E-11 5.0742E-11 5.1678E-11 5.2617E-11 5.3559E-11 5.4503E-11 5.5448E-11 5.6395E-11 5.7343E-11 5.8290E-11 5.9237E-11 6.0183E-11 6.1128E-11 6.2071E-11 6.3010E-11 6.3947E-11 6.4880E-11 6.5809E-11 6.6732E-11 6.7650E-11 6.8562E-11 6.9467E-11 7.0364E-11 7.1254E-11 7.2135E-11 7.3006E-11 7.3868E-11 7.4720E-11 7.5560E-11 7.6389E-11 7.7205E-11 7.8009E-11 7.8799E-11 7.9576E-11 8.0338E-11 8.1084E-11 8.1815E-11 8.2530E-11
3.1925E-11 3.2711E-11 3.3563E-11 3.4371E-11 3.5189E-11 3.6017E-11 3.6825E-11 3.7642E-11 3.8467E-11 3.9300E-11 4.0140E-11 4.0988E-11 4.1842E-11 4.2704E-11 4.3571E-11 4.4445E-11 4.5324E-11 4.6208E-11 4.7097E-11 4.7990E-11 4.8888E-11 4.9788E-11 5.0692E-11 5.1599E-11 5.2507E-11 5.3417E-11 5.4328E-11 5.5240E-11 5.6152E-11 5.7064E-11 5.7974E-11 5.8884E-11 5.9791E-11 6.0696E-11 6.1597E-11 6.2495E-11 6.3389E-11 6.4278E-11 6.5161E-11 6.6039E-11 6.6910E-11 6.7774E-11 6.8630E-11 6.9478E-11 7.0318E-11 7.1147E-11 7.1967E-11 7.2776E-11 7.3574E-11 7.4360E-11 7.5134E-11 7.5895E-11 7.6643E-11 7.7376E-11 7.8095E-11 7.8799E-11 7.9487E-11
3.0505E-11 3.1392E-11 3.2211E-11 3.3014E-11 3.3826E-11 3.4651E-11 3.5427E-11 3.6241E-11 3.7063E-11 3.7865E-11 3.8673E-11 3.9489E-11 4.0312E-11 4.1140E-11 4.1975E-11 4.2816E-11 4.3662E-11 4.4512E-11 4.5368E-11 4.6227E-11 4.7091E-11 4.7957E-11 4.8827E-11 4.9699E-11 5.0573E-11 5.1449E-11 5.2326E-11 5.3203E-11 5.4081E-11 5.4958E-11 5.5834E-11 5.6709E-11 5.7582E-11 5.8453E-11 5.9320E-11 6.0184E-11 6.1044E-11 6.1900E-11 6.2750E-11 6.3595E-11 6.4433E-11 6.5265E-11 6.6089E-11 6.6905E-11 6.7712E-11 6.8511E-11 6.9300E-11 7.0079E-11 7.0847E-11 7.1604E-11 7.2348E-11 7.3081E-11 7.3801E-11 7.4507E-11 7.5199E-11 7.5876E-11 7.6539E-11
2.9166E-11 2.9946E-11 3.0869E-11 3.1677E-11 3.2484E-11 3.3276E-11 3.4047E-11 3.4858E-11 3.5648E-11 3.6446E-11 3.7224E-11 3.8037E-11 3.8829E-11 3.9626E-11 4.0429E-11 4.1237E-11 4.2051E-11 4.2870E-11 4.3693E-11 4.4519E-11 4.5350E-11 4.6184E-11 4.7020E-11 4.7859E-11 4.8700E-11 4.9543E-11 5.0386E-11 5.1230E-11 5.2074E-11 5.2918E-11 5.3761E-11 5.4603E-11 5.5443E-11 5.6280E-11 5.7115E-11 5.7946E-11 5.8774E-11 5.9597E-11 6.0415E-11 6.1227E-11 6.2034E-11 6.2834E-11 6.3627E-11 6.4412E-11 6.5189E-11 6.5958E-11 6.6717E-11 6.7466E-11 6.8205E-11 6.8933E-11 6.9650E-11 7.0355E-11 7.1048E-11 7.1727E-11 7.2393E-11 7.3046E-11 7.3684E-11
2.7786E-11 2.8689E-11 2.9439E-11 3.0252E-11 3.1160E-11 3.1892E-11 3.2716E-11 3.3438E-11 3.4252E-11 3.5019E-11 3.5822E-11 3.6575E-11 3.7364E-11 3.8130E-11 3.8932E-11 3.9709E-11 4.0492E-11 4.1279E-11 4.2070E-11 4.2866E-11 4.3664E-11 4.4466E-11 4.5271E-11 4.6078E-11 4.6886E-11 4.7697E-11 4.8508E-11 4.9320E-11 5.0131E-11 5.0943E-11 5.1754E-11 5.2563E-11 5.3371E-11 5.4177E-11 5.4979E-11 5.5779E-11 5.6575E-11 5.7366E-11 5.8153E-11 5.8935E-11 5.9711E-11 6.0480E-11 6.1243E-11 6.1998E-11 6.2746E-11 6.3485E-11 6.4215E-11 6.4936E-11 6.5647E-11 6.6348E-11 6.7038E-11 6.7716E-11 6.8382E-11 6.9036E-11 6.9677E-11 7.0305E-11 7.0918E-11
2.6418E-11 2.7277E-11 2.8073E-11 2.8908E-11 2.9657E-11 3.0479E-11 3.1349E-11 3.2067E-11 3.2848E-11 3.3613E-11 3.4411E-11 3.5134E-11 3.5892E-11 3.6684E-11 3.7426E-11 3.8201E-11 3.8953E-11 3.9739E-11 4.0500E-11 4.1265E-11 4.2033E-11 4.2804E-11 4.3577E-11 4.4353E-11 4.5131E-11 4.5910E-11 4.6690E-11 4.7470E-11 4.8251E-11 4.9031E-11 4.9811E-11 5.0589E-11 5.1366E-11 5.2140E-11 5.2912E-11 5.3681E-11 5.4446E-11 5.5208E-11 5.5964E-11 5.6716E-11 5.7462E-11 5.8202E-11 5.8936E-11 5.9662E-11 6.0381E-11 6.1092E-11 6.1794E-11 6.2488E-11 6.3171E-11 6.3845E-11 6.4509E-11 6.5161E-11 6.5802E-11 6.6431E-11 6.7048E-11 6.7651E-11 6.8242E-11
