Assets/Resources/2015_m01_d21_0600(utc+0800)_l00_csi_1hr_conc.grd
DSAA
         159         159
     -79.000      79.000
     -79.000      79.000
  0.6390E-09  0.6425E-04
[rows 125 to 149 of 159, columns 0 to 56 of 159]
3.0426E-09 3.1322E-09 3.2233E-09 3.3156E-09 3.4130E-09 3.5080E-09 3.6040E-09 3.7029E-09 3.8028E-09 3.9017E-09 4.0011E-09 4.1051E-09 4.2058E-09 4.3067E-09 4.4089E-09 4.5111E-09 4.6122E-09 4.7141E-09 4.8157E-09 4.9157E-09 5.0152E-09 5.1148E-09 5.2136E-09 5.3102E-09 5.4057E-09 5.5008E-09 5.5949E-09 5.6913E-09 5.7967E-09 5.8965E-09 5.9844E-09 6.0590E-09 6.1225E-09 6.1797E-09 6.2251E-09 6.2637E-09 6.2957E-09 6.3238E-09 6.3500E-09 6.3700E-09 6.3888E-09 6.4038E-09 6.4172E-09 6.4267E-09 6.4345E-09 6.4370E-09 6.4377E-09 6.4337E-09 6.4269E-09 6.4178E-09 6.4027E-09 6.3845E-09 6.3645E-09 6.3380E-09 6.3108E-09 6.2783E-09 6.2444E-09
2.9754E-09 3.0644E-09 3.1551E-09 3.2451E-09 3.3364E-09 3.4307E-09 3.5262E-09 3.6208E-09 3.7162E-09 3.8144E-09 3.9133E-09 4.0109E-09 4.1108E-09 4.2112E-09 4.3099E-09 4.4086E-09 4.5092E-09 4.6077E-09 4.7058E-09 4.8045E-09 4.9026E-09 4.9989E-09 5.0943E-09 5.1898E-09 5.2841E-09 5.3761E-09 5.4671E-09 5.5629E-09 5.6686E-09 5.7660E-09 5.8543E-09 5.9312E-09 5.9973E-09 6.0538E-09 6.1009E-09 6.1424E-09 6.1772E-09 6.2060E-09 6.2327E-09 6.2544E-09 6.2758E-09 6.2935E-09 6.3084E-09 6.3196E-09 6.3288E-09 6.3331E-09 6.3354E-09 6.3331E-09 6.3270E-09 6.3184E-09 6.3048E-09 6.2883E-09 6.2699E-09 6.2464E-09 6.2221E-09 6.1914E-09 6.1593E-09
2.9122E-09 2.9973E-09 3.0855E-09 3.1750E-09 3.2640E-09 3.3541E-09 3.4452E-09 3.5411E-09 3.6342E-09 3.7280E-09 3.8243E-09 3.9213E-09 4.0169E-09 4.1127E-09 4.2107E-09 4.3090E-09 4.4052E-09 4.5012E-09 4.5989E-09 4.6943E-09 4.7890E-09 4.8840E-09 4.9783E-09 5.0705E-09 5.1616E-09 5.2525E-09 5.3426E-09 5.4358E-09 5.5392E-09 5.6374E-09 5.7271E-09 5.8040E-09 5.8703E-09 5.9292E-09 5.9790E-09 6.0212E-09 6.0565E-09 6.0870E-09 6.1174E-09 6.1408E-09 6.1626E-09 6.1807E-09 6.1969E-09 6.2107E-09 6.2226E-09 6.2285E-09 6.2324E-09 6.2318E-09 6.2273E-09 6.2204E-09 6.2085E-09 6.1938E-09 6.1770E-09 6.1541E-09 6.1303E-09 6.1013E-09 6.0708E-09
2.8483E-09 2.9323E-09 3.0165E-09 3.1019E-09 3.1904E-09 3.2800E-09 3.3688E-09 3.4585E-09 3.5509E-09 3.6442E-09 3.7362E-09 3.8288E-09 3.9237E-09 4.0191E-09 4.1127E-09 4.2064E-09 4.3021E-09 4.3978E-09 4.4911E-09 4.5841E-09 4.6785E-09 4.7703E-09 4.8613E-09 4.9523E-09 5.0423E-09 5.1302E-09 5.2172E-09 5.3097E-09 5.4130E-09 5.5097E-09 5.5985E-09 5.6762E-09 5.7459E-09 5.8050E-09 5.8553E-09 5.8990E-09 5.9369E-09 5.9703E-09 6.0000E-09 6.0249E-09 6.0481E-09 6.0688E-09 6.0875E-09 6.1017E-09 6.1137E-09 6.1212E-09 6.1266E-09 6.1285E-09 6.1269E-09 6.1216E-09 6.1114E-09 6.0984E-09 6.0831E-09 6.0621E-09 6.0400E-09 6.0126E-09 5.9839E-09
2.7849E-09 2.8656E-09 2.9499E-09 3.0331E-09 3.1175E-09 3.2046E-09 3.2929E-09 3.3804E-09 3.4686E-09 3.5575E-09 3.6490E-09 3.7410E-09 3.8317E-09 3.9226E-09 4.0157E-09 4.1089E-09 4.2003E-09 4.2915E-09 4.3844E-09 4.4770E-09 4.5672E-09 4.6567E-09 4.7475E-09 4.8354E-09 4.9223E-09 5.0081E-09 5.0941E-09 5.1849E-09 5.2858E-09 5.3819E-09 5.4717E-09 5.5512E-09 5.6199E-09 5.6801E-09 5.7329E-09 5.7792E-09 5.8176E-09 5.8514E-09 5.8825E-09 5.9101E-09 5.9358E-09 5.9568E-09 5.9757E-09 5.9913E-09 6.0045E-09 6.0157E-09 6.0226E-09 6.0249E-09 6.0237E-09 6.0200E-09 6.0114E-09 6.0000E-09 5.9862E-09 5.9680E-09 5.9487E-09 5.9230E-09 5.8960E-09
2.7221E-09 2.8018E-09 2.8816E-09 2.9637E-09 3.0470E-09 3.1302E-09 3.2143E-09 3.3011E-09 3.3888E-09 3.4755E-09 3.5627E-09 3.6505E-09 3.7405E-09 3.8310E-09 3.9198E-09 4.0087E-09 4.0996E-09 4.1903E-09 4.2790E-09 4.3673E-09 4.4571E-09 4.5464E-09 4.6330E-09 4.7188E-09 4.8046E-09 4.8893E-09 4.9724E-09 5.0604E-09 5.1608E-09 5.2571E-09 5.3459E-09 5.4249E-09 5.4945E-09 5.5568E-09 5.6110E-09 5.6576E-09 5.6975E-09 5.7328E-09 5.7663E-09 5.7953E-09 5.8213E-09 5.8437E-09 5.8637E-09 5.8817E-09 5.8974E-09 5.9078E-09 5.9161E-09 5.9199E-09 5.9202E-09 5.9180E-09 5.9109E-09 5.9033E-09 5.8911E-09 5.8735E-09 5.8547E-09 5.8306E-09 5.8073E-09
2.6600E-09 2.7364E-09 2.8151E-09 2.8950E-09 2.9749E-09 3.0570E-09 3.1400E-09 3.2228E-09 3.3063E-09 3.3924E-09 3.4791E-09 3.5646E-09 3.6505E-09 3.7367E-09 3.8250E-09 3.9135E-09 4.0001E-09 4.0866E-09 4.1748E-09 4.2628E-09 4.3484E-09 4.4335E-09 4.5179E-09 4.6054E-09 4.6882E-09 4.7700E-09 4.8510E-09 4.9382E-09 5.0371E-09 5.1315E-09 5.2199E-09 5.2993E-09 5.3718E-09 5.4340E-09 5.4885E-09 5.5363E-09 5.5776E-09 5.6164E-09 5.6503E-09 5.6796E-09 5.7068E-09 5.7305E-09 5.7528E-09 5.7722E-09 5.7879E-09 5.7998E-09 5.8094E-09 5.8145E-09 5.8163E-09 5.8157E-09 5.8111E-09 5.8040E-09 5.7932E-09 5.7774E-09 5.7621E-09 5.7397E-09 5.7158E-09
2.5974E-09 2.6728E-09 2.7493E-09 2.8259E-09 2.9047E-09 2.9846E-09 3.0642E-09 3.1459E-09 3.2284E-09 3.3104E-09 3.3929E-09 3.4779E-09 3.5633E-09 3.6472E-09 3.7314E-09 3.8157E-09 3.9018E-09 3.9879E-09 4.0721E-09 4.1558E-09 4.2392E-09 4.3239E-09 4.4082E-09 4.4897E-09 4.5704E-09 4.6520E-09 4.7330E-09 4.8175E-09 4.9136E-09 5.0069E-09 5.0960E-09 5.1766E-09 5.2478E-09 5.3109E-09 5.3665E-09 5.4165E-09 5.4602E-09 5.4984E-09 5.5334E-09 5.5642E-09 5.5926E-09 5.6185E-09 5.6420E-09 5.6615E-09 5.6785E-09 5.6916E-09 5.7025E-09 5.7090E-09 5.7123E-09 5.7131E-09 5.7111E-09 5.7044E-09 5.6970E-09 5.6828E-09 5.6669E-09 5.6481E-09 5.6258E-09
2.5357E-09 2.6089E-09 2.6833E-09 2.7588E-09 2.8354E-09 2.9119E-09 2.9905E-09 3.0699E-09 3.1489E-09 3.2298E-09 3.3114E-09 3.3923E-09 3.4735E-09 3.5570E-09 3.6407E-09 3.7228E-09 3.8048E-09 3.8868E-09 3.9686E-09 4.0539E-09 4.1352E-09 4.2160E-09 4.2961E-09 4.3755E-09 4.4560E-09 4.5357E-09 4.6128E-09 4.6953E-09 4.7896E-09 4.8856E-09 4.9732E-09 5.0529E-09 5.1246E-09 5.1886E-09 5.2461E-09 5.2973E-09 5.3413E-09 5.3807E-09 5.4169E-09 5.4489E-09 5.4795E-09 5.5067E-09 5.5302E-09 5.5510E-09 5.5690E-09 5.5835E-09 5.5956E-09 5.6035E-09 5.6101E-09 5.6123E-09 5.6105E-09 5.6064E-09 5.5983E-09 5.5876E-09 5.5733E-09 5.5559E-09 5.5353E-09
2.4738E-09 2.5448E-09 2.6181E-09 2.6915E-09 2.7659E-09 2.8413E-09 2.9177E-09 2.9938E-09 3.0717E-09 3.1504E-09 3.2285E-09 3.3083E-09 3.3885E-09 3.4680E-09 3.5476E-09 3.6291E-09 3.7108E-09 3.7907E-09 3.8704E-09 3.9498E-09 4.0289E-09 4.1075E-09 4.1892E-09 4.2667E-09 4.3434E-09 4.4191E-09 4.4942E-09 4.5768E-09 4.6710E-09 4.7619E-09 4.8488E-09 4.9284E-09 5.0004E-09 5.0670E-09 5.1265E-09 5.1777E-09 5.2228E-09 5.2634E-09 5.3008E-09 5.3340E-09 5.3657E-09 5.3941E-09 5.4187E-09 5.4406E-09 5.4597E-09 5.4754E-09 5.4906E-09 5.4998E-09 5.5057E-09 5.5111E-09 5.5098E-09 5.5079E-09 5.5013E-09 5.4920E-09 5.4792E-09 5.4631E-09 5.4441E-09
2.4147E-09 2.4828E-09 2.5529E-09 2.6242E-09 2.6964E-09 2.7696E-09 2.8448E-09 2.9187E-09 2.9955E-09 3.0709E-09 3.1479E-09 3.2255E-09 3.3023E-09 3.3807E-09 3.4593E-09 3.5369E-09 3.6146E-09 3.6922E-09 3.7715E-09 3.8507E-09 3.9277E-09 4.0043E-09 4.0803E-09 4.1557E-09 4.2303E-09 4.3060E-09 4.3811E-09 4.4599E-09 4.5503E-09 4.6398E-09 4.7257E-09 4.8071E-09 4.8813E-09 4.9466E-09 5.0049E-09 5.0569E-09 5.1032E-09 5.1449E-09 5.1833E-09 5.2196E-09 5.2533E-09 5.2817E-09 5.3074E-09 5.3304E-09 5.3524E-09 5.3693E-09 5.3836E-09 5.3959E-09 5.4031E-09 5.4095E-09 5.4098E-09 5.4091E-09 5.4038E-09 5.3959E-09 5.3846E-09 5.3699E-09 5.3525E-09
2.3544E-09 2.4234E-09 2.4906E-09 2.5589E-09 2.6280E-09 2.7001E-09 2.7720E-09 2.8448E-09 2.9183E-09 2.9926E-09 3.0674E-09 3.1427E-09 3.2174E-09 3.2946E-09 3.3700E-09 3.4454E-09 3.5221E-09 3.5988E-09 3.6742E-09 3.7494E-09 3.8243E-09 3.9006E-09 3.9764E-09 4.0499E-09 4.1227E-09 4.1946E-09 4.2659E-09 4.3428E-09 4.4311E-09 4.5210E-09 4.6079E-09 4.6872E-09 4.7596E-09 4.8253E-09 4.8843E-09 4.9372E-09 4.9844E-09 5.0271E-09 5.0685E-09 5.1058E-09 5.1385E-09 5.1681E-09 5.1947E-09 5.2223E-09 5.2433E-09 5.2631E-09 5.2785E-09 5.2918E-09 5.3003E-09 5.3078E-09 5.3094E-09 5.3099E-09 5.3061E-09 5.2976E-09 5.2896E-09 5.2746E-09 5.2605E-09
2.2978E-09 2.3620E-09 2.4273E-09 2.4949E-09 2.5636E-09 2.6316E-09 2.7005E-09 2.7711E-09 2.8425E-09 2.9145E-09 2.9871E-09 3.0602E-09 3.1338E-09 3.2088E-09 3.2820E-09 3.3553E-09 3.4309E-09 3.5044E-09 3.5777E-09 3.6520E-09 3.7260E-09 3.7985E-09 3.8706E-09 3.9420E-09 4.0128E-09 4.0847E-09 4.1560E-09 4.2311E-09 4.3173E-09 4.4038E-09 4.4879E-09 4.5667E-09 4.6392E-09 4.7052E-09 4.7648E-09 4.8202E-09 4.8703E-09 4.9140E-09 4.9544E-09 4.9909E-09 5.0245E-09 5.0585E-09 5.0861E-09 5.1142E-09 5.1363E-09 5.1569E-09 5.1733E-09 5.1876E-09 5.1974E-09 5.2059E-09 5.2089E-09 5.2089E-09 5.2081E-09 5.2012E-09 5.1943E-09 5.1810E-09 5.1681E-09
2.2419E-09 2.3043E-09 2.3677E-09 2.4320E-09 2.4972E-09 2.5632E-09 2.6315E-09 2.7006E-09 2.7689E-09 2.8378E-09 2.9083E-09 2.9792E-09 3.0506E-09 3.1224E-09 3.1944E-09 3.2667E-09 3.3390E-09 3.4115E-09 3.4827E-09 3.5549E-09 3.6269E-09 3.6974E-09 3.7675E-09 3.8394E-09 3.9084E-09 3.9766E-09 4.0443E-09 4.1174E-09 4.2015E-09 4.2881E-09 4.3728E-09 4.4512E-09 4.5236E-09 4.5900E-09 4.6501E-09 4.7043E-09 4.7533E-09 4.7980E-09 4.8392E-09 4.8801E-09 4.9147E-09 4.9492E-09 4.9777E-09 5.0064E-09 5.0294E-09 5.0508E-09 5.0683E-09 5.0817E-09 5.0945E-09 5.1023E-09 5.1083E-09 5.1097E-09 5.1099E-09 5.1046E-09 5.0989E-09 5.0871E-09 5.0755E-09
2.1841E-09 2.2445E-09 2.3074E-09 2.3713E-09 2.4346E-09 2.4987E-09 2.5636E-09 2.6292E-09 2.6955E-09 2.7638E-09 2.8327E-09 2.9007E-09 2.9690E-09 3.0376E-09 3.1075E-09 3.1776E-09 3.2478E-09 3.3181E-09 3.3894E-09 3.4585E-09 3.5295E-09 3.5980E-09 3.6662E-09 3.7349E-09 3.8032E-09 3.8696E-09 3.9354E-09 4.0078E-09 4.0909E-09 4.1741E-09 4.2558E-09 4.3335E-09 4.4057E-09 4.4722E-09 4.5327E-09 4.5875E-09 4.6373E-09 4.6828E-09 4.7284E-09 4.7664E-09 4.8052E-09 4.8368E-09 4.8696E-09 4.8954E-09 4.9227E-09 4.9433E-09 4.9634E-09 4.9780E-09 4.9917E-09 5.0006E-09 5.0078E-09 5.0104E-09 5.0117E-09 5.0079E-09 5.0033E-09 4.9931E-09 4.9812E-09
2.1298E-09 2.1885E-09 2.2481E-09 2.3086E-09 2.3700E-09 2.4351E-09 2.4981E-09 2.5618E-09 2.6261E-09 2.6910E-09 2.7565E-09 2.8224E-09 2.8887E-09 2.9582E-09 3.0252E-09 3.0923E-09 3.1595E-09 3.2267E-09 3.2939E-09 3.3619E-09 3.4297E-09 3.4973E-09 3.5656E-09 3.6324E-09 3.6976E-09 3.7644E-09 3.8285E-09 3.8978E-09 3.9787E-09 4.0612E-09 4.1416E-09 4.2185E-09 4.2905E-09 4.3570E-09 4.4178E-09 4.4743E-09 4.5259E-09 4.5721E-09 4.6181E-09 4.6569E-09 4.6961E-09 4.7287E-09 4.7619E-09 4.7886E-09 4.8164E-09 4.8379E-09 4.8587E-09 4.8744E-09 4.8890E-09 4.8991E-09 4.9073E-09 4.9112E-09 4.9136E-09 4.9111E-09 4.9061E-09 4.8991E-09 4.8886E-09
2.0736E-09 2.1332E-09 2.1911E-09 2.2498E-09 2.3094E-09 2.3697E-09 2.4307E-09 2.4925E-09 2.5577E-09 2.6208E-09 2.6843E-09 2.7483E-09 2.8126E-09 2.8773E-09 2.9423E-09 3.0074E-09 3.0726E-09 3.1393E-09 3.2061E-09 3.2712E-09 3.3362E-09 3.4009E-09 3.4652E-09 3.5291E-09 3.5925E-09 3.6553E-09 3.7175E-09 3.7849E-09 3.8644E-09 3.9450E-09 4.0249E-09 4.1031E-09 4.1747E-09 4.2433E-09 4.3043E-09 4.3621E-09 4.4152E-09 4.4621E-09 4.5084E-09 4.5481E-09 4.5876E-09 4.6210E-09 4.6547E-09 4.6823E-09 4.7105E-09 4.7329E-09 4.7544E-09 4.7711E-09 4.7866E-09 4.7978E-09 4.8054E-09 4.8121E-09 4.8141E-09 4.8145E-09 4.8108E-09 4.8051E-09 4.7960E-09
2.0211E-09 2.0762E-09 2.1322E-09 2.1905E-09 2.2496E-09 2.3081E-09 2.3673E-09 2.4272E-09 2.4877E-09 2.5488E-09 2.6104E-09 2.6738E-09 2.7377E-09 2.8005E-09 2.8636E-09 2.9268E-09 2.9901E-09 3.0535E-09 3.1169E-09 3.1801E-09 3.2432E-09 3.3061E-09 3.3686E-09 3.4307E-09 3.4938E-09 3.5563E-09 3.6168E-09 3.6824E-09 3.7576E-09 3.8373E-09 3.9166E-09 3.9917E-09 4.0647E-09 4.1329E-09 4.1941E-09 4.2520E-09 4.3054E-09 4.3529E-09 4.3995E-09 4.4399E-09 4.4798E-09 4.5140E-09 4.5480E-09 4.5764E-09 4.6050E-09 4.6283E-09 4.6505E-09 4.6682E-09 4.6830E-09 4.6967E-09 4.7055E-09 4.7133E-09 4.7165E-09 4.7180E-09 4.7156E-09 4.7111E-09 4.7035E-09
1.9693E-09 2.0228E-09 2.0771E-09 2.1322E-09 2.1881E-09 2.2447E-09 2.3035E-09 2.3630E-09 2.4217E-09 2.4809E-09 2.5406E-09 2.6008E-09 2.6613E-09 2.7222E-09 2.7833E-09 2.8460E-09 2.9089E-09 2.9705E-09 3.0320E-09 3.0934E-09 3.1547E-09 3.2158E-09 3.2765E-09 3.3369E-09 3.3968E-09 3.4562E-09 3.5150E-09 3.5787E-09 3.6545E-09 3.7320E-09 3.8096E-09 3.8837E-09 3.9560E-09 4.0238E-09 4.0850E-09 4.1429E-09 4.1946E-09 4.2445E-09 4.2883E-09 4.3324E-09 4.3697E-09 4.4076E-09 4.4391E-09 4.4712E-09 4.4973E-09 4.5243E-09 4.5457E-09 4.5658E-09 4.5816E-09 4.5961E-09 4.6060E-09 4.6147E-09 4.6191E-09 4.6218E-09 4.6206E-09 4.6166E-09 4.6111E-09
1.9157E-09 1.9688E-09 2.0228E-09 2.0762E-09 2.1304E-09 2.1853E-09 2.2409E-09 2.2971E-09 2.3539E-09 2.4127E-09 2.4720E-09 2.5303E-09 2.5890E-09 2.6480E-09 2.7073E-09 2.7668E-09 2.8264E-09 2.8861E-09 2.9457E-09 3.0053E-09 3.0648E-09 3.1269E-09 3.1859E-09 3.2446E-09 3.3028E-09 3.3605E-09 3.4177E-09 3.4796E-09 3.5529E-09 3.6283E-09 3.7024E-09 3.7772E-09 3.8486E-09 3.9141E-09 3.9770E-09 4.0349E-09 4.0869E-09 4.1371E-09 4.1815E-09 4.2258E-09 4.2638E-09 4.3019E-09 4.3341E-09 4.3666E-09 4.3935E-09 4.4209E-09 4.4430E-09 4.4639E-09 4.4806E-09 4.4959E-09 4.5069E-09 4.5166E-09 4.5221E-09 4.5244E-09 4.5259E-09 4.5226E-09 4.5190E-09
1.8658E-09 1.9159E-09 1.9668E-09 2.0185E-09 2.0736E-09 2.1268E-09 2.1807E-09 2.2352E-09 2.2902E-09 2.3458E-09 2.4018E-09 2.4583E-09 2.5151E-09 2.5751E-09 2.6326E-09 2.6903E-09 2.7481E-09 2.8060E-09 2.8639E-09 2.9217E-09 2.9794E-09 3.0369E-09 3.0942E-09 3.1511E-09 3.2076E-09 3.2637E-09 3.3192E-09 3.3793E-09 3.4529E-09 3.5263E-09 3.5987E-09 3.6722E-09 3.7427E-09 3.8077E-09 3.8703E-09 3.9262E-09 3.9804E-09 4.0307E-09 4.0756E-09 4.1201E-09 4.1587E-09 4.1971E-09 4.2300E-09 4.2628E-09 4.2904E-09 4.3182E-09 4.3411E-09 4.3626E-09 4.3802E-09 4.3963E-09 4.4083E-09 4.4175E-09 4.4255E-09 4.4291E-09 4.4316E-09 4.4296E-09 4.4271E-09
1.8167E-09 1.8652E-09 1.9145E-09 1.9646E-09 2.0153E-09 2.0668E-09 2.1202E-09 2.1743E-09 2.2276E-09 2.2814E-09 2.3357E-09 2.3905E-09 2.4455E-09 2.5009E-09 2.5566E-09 2.6124E-09 2.6684E-09 2.7259E-09 2.7834E-09 2.8395E-09 2.8955E-09 2.9513E-09 3.0069E-09 3.0621E-09 3.1170E-09 3.1715E-09 3.2254E-09 3.2836E-09 3.3520E-09 3.4241E-09 3.4966E-09 3.5687E-09 3.6365E-09 3.7027E-09 3.7648E-09 3.8208E-09 3.8750E-09 3.9235E-09 3.9707E-09 4.0124E-09 4.0545E-09 4.0903E-09 4.1267E-09 4.1570E-09 4.1881E-09 4.2134E-09 4.2399E-09 4.2606E-09 4.2804E-09 4.2960E-09 4.3103E-09 4.3205E-09 4.3294E-09 4.3342E-09 4.3377E-09 4.3370E-09 4.3356E-09
1.7676E-09 1.8154E-09 1.8631E-09 1.9116E-09 1.9607E-09 2.0105E-09 2.0610E-09 2.1120E-09 2.1635E-09 2.2156E-09 2.2708E-09 2.3238E-09 2.3772E-09 2.4308E-09 2.4847E-09 2.5388E-09 2.5931E-09 2.6474E-09 2.7018E-09 2.7562E-09 2.8104E-09 2.8645E-09 2.9184E-09 2.9720E-09 3.0252E-09 3.0794E-09 3.1332E-09 3.1897E-09 3.2557E-09 3.3256E-09 3.3962E-09 3.4668E-09 3.5337E-09 3.5992E-09 3.6590E-09 3.7167E-09 3.7708E-09 3.8196E-09 3.8670E-09 3.9091E-09 3.9514E-09 3.9877E-09 4.0243E-09 4.0553E-09 4.0866E-09 4.1127E-09 4.1394E-09 4.1609E-09 4.1814E-09 4.1978E-09 4.2129E-09 4.2241E-09 4.2339E-09 4.2398E-09 4.2443E-09 4.2449E-09 4.2432E-09
1.7194E-09 1.7648E-09 1.8110E-09 1.8587E-09 1.9071E-09 1.9553E-09 2.0041E-09 2.0535E-09 2.1034E-09 2.1538E-09 2.2046E-09 2.2558E-09 2.3074E-09 2.3607E-09 2.4142E-09 2.4666E-09 2.5192E-09 2.5718E-09 2.6245E-09 2.6772E-09 2.7298E-09 2.7822E-09 2.8344E-09 2.8864E-09 2.9381E-09 2.9893E-09 3.0402E-09 3.0948E-09 3.1586E-09 3.2288E-09 3.2975E-09 3.3649E-09 3.4325E-09 3.4972E-09 3.5566E-09 3.6140E-09 3.6671E-09 3.7170E-09 3.7644E-09 3.8070E-09 3.8493E-09 3.8862E-09 3.9230E-09 3.9545E-09 3.9861E-09 4.0128E-09 4.0399E-09 4.0621E-09 4.0832E-09 4.1004E-09 4.1163E-09 4.1284E-09 4.1377E-09 4.1460E-09 4.1502E-09 4.1533E-09 4.1528E-09
1.6730E-09 1.7169E-09 1.7616E-09 1.8069E-09 1.8528E-09 1.8994E-09 1.9483E-09 1.9961E-09 2.0444E-09 2.0931E-09 2.1423E-09 2.1919E-09 2.2418E-09 2.2921E-09 2.3425E-09 2.3932E-09 2.4441E-09 2.4950E-09 2.5473E-09 2.5997E-09 2.6506E-09 2.7014E-09 2.7521E-09 2.8025E-09 2.8526E-09 2.9023E-09 2.9516E-09 3.0045E-09 3.0660E-09 3.1337E-09 3.2006E-09 3.2666E-09 3.3330E-09 3.3951E-09 3.4557E-09 3.5128E-09 3.5649E-09 3.6156E-09 3.6631E-09 3.7060E-09 3.7484E-09 3.7857E-09 3.8227E-09 3.8548E-09 3.8867E-09 3.9139E-09 3.9413E-09 3.9642E-09 3.9858E-09 4.0038E-09 4.0191E-09 4.0334E-09 4.0437E-09 4.0529E-09 4.0582E-09 4.0623E-09 4.0629E-09
