Assets/Resources/2015_m01_d28_1300(utc+0800)_l00_csi_1hr_conc.grd
DSAA
         159         159
     -79.000      79.000
     -79.000      79.000
  0.0000E+00  0.1038E-05
[rows 0 to 24 of 159, columns 57 to 113 of 159]
3.1827E-09 3.4382E-09 3.6892E-09 3.9330E-09 4.1647E-09 4.3808E-09 4.5773E-09 4.7506E-09 4.8973E-09 5.0145E-09 5.1006E-09 5.1528E-09 5.1714E-09 5.1547E-09 5.1033E-09 5.0194E-09 4.9023E-09 4.7562E-09 4.5821E-09 4.3839E-09 4.1655E-09 3.9295E-09 3.6814E-09 3.4269E-09 3.1660E-09 2.9020E-09 2.6420E-09 2.3904E-09 2.1439E-09 1.9088E-09 1.6874E-09 1.4798E-09 1.2890E-09 1.1125E-09 9.3908E-10 7.9845E-10 6.7651E-10 5.6893E-10 4.7505E-10 3.9376E-10 3.2471E-10 2.6580E-10 2.1580E-10 1.7452E-10 1.3967E-10 1.0563E-10 7.4245E-11 2.9404E-11 5.7937E-12 0.0000E+00 0.0000E+00 0.0000E+00 0.0000E+00 0.0000E+00 0.0000E+00 0.0000E+00 0.0000E+00
3.4022E-09 3.6815E-09 3.9560E-09 4.2215E-09 4.4742E-09 4.7092E-09 4.9228E-09 5.1114E-09 5.2716E-09 5.3996E-09 5.4930E-09 5.5500E-09 5.5689E-09 5.5502E-09 5.4932E-09 5.3992E-09 5.2705E-09 5.1093E-09 4.9187E-09 4.7018E-09 4.4637E-09 4.2085E-09 3.9392E-09 3.6593E-09 3.3745E-09 3.0921E-09 2.8113E-09 2.5340E-09 2.2707E-09 2.0203E-09 1.7822E-09 1.5606E-09 1.3559E-09 1.1696E-09 9.8821E-10 8.3282E-10 7.0477E-10 5.9216E-10 4.9338E-10 4.0843E-10 3.3596E-10 2.7406E-10 2.2320E-10 1.7960E-10 1.4334E-10 1.0873E-10 7.3130E-11 2.7879E-11 6.2776E-12 0.0000E+00 0.0000E+00 0.0000E+00 0.0000E+00 0.0000E+00 0.0000E+00 0.0000E+00 0.0000E+00
3.6317E-09 3.9345E-09 4.2323E-09 4.5208E-09 4.7958E-09 5.0528E-09 5.2865E-09 5.4927E-09 5.6671E-09 5.8065E-09 5.9074E-09 5.9685E-09 5.9885E-09 5.9663E-09 5.9035E-09 5.7999E-09 5.6592E-09 5.4822E-09 5.2728E-09 5.0367E-09 4.7759E-09 4.4958E-09 4.2016E-09 3.8998E-09 3.5941E-09 3.2851E-09 2.9807E-09 2.6877E-09 2.4014E-09 2.1287E-09 1.8750E-09 1.6394E-09 1.4221E-09 1.2222E-09 1.0327E-09 8.6748E-10 7.3247E-10 6.1350E-10 5.1059E-10 4.2140E-10 3.4574E-10 2.8174E-10 2.2888E-10 1.8492E-10 1.4757E-10 1.1034E-10 7.1295E-11 2.6034E-11 6.7604E-12 0.0000E+00 0.0000E+00 0.0000E+00 0.0000E+00 0.0000E+00 0.0000E+00 0.0000E+00 0.0000E+00
3.8614E-09 4.1890E-09 4.5127E-09 4.8275E-09 5.1270E-09 5.4064E-09 5.6602E-09 5.8836E-09 6.0725E-09 6.2233E-09 6.3333E-09 6.3990E-09 6.4199E-09 6.3948E-09 6.3245E-09 6.2112E-09 6.0552E-09 5.8613E-09 5.6338E-09 5.3753E-09 5.0919E-09 4.7887E-09 4.4703E-09 4.1415E-09 3.8077E-09 3.4769E-09 3.1514E-09 2.8316E-09 2.5271E-09 2.2394E-09 1.9656E-09 1.7139E-09 1.4838E-09 1.2759E-09 1.0753E-09 8.9602E-10 7.5730E-10 6.3361E-10 5.2590E-10 4.3315E-10 3.5496E-10 2.8841E-10 2.3357E-10 1.8841E-10 1.5009E-10 1.1020E-10 6.8602E-11 2.4531E-11 7.2356E-12 0.0000E+00 0.0000E+00 0.0000E+00 0.0000E+00 0.0000E+00 0.0000E+00 0.0000E+00 0.0000E+00
4.0961E-09 4.4522E-09 4.8031E-09 5.1435E-09 5.4676E-09 5.7703E-09 6.0461E-09 6.2895E-09 6.4954E-09 6.6590E-09 6.7779E-09 6.8492E-09 6.8707E-09 6.8425E-09 6.7654E-09 6.6399E-09 6.4701E-09 6.2581E-09 6.0087E-09 5.7265E-09 5.4180E-09 5.0880E-09 4.7411E-09 4.3871E-09 4.0292E-09 3.6708E-09 3.3181E-09 2.9789E-09 2.6527E-09 2.3418E-09 2.0551E-09 1.7868E-09 1.5423E-09 1.3213E-09 1.1168E-09 9.2341E-10 7.7827E-10 6.5077E-10 5.3901E-10 4.4392E-10 3.6140E-10 2.9408E-10 2.3702E-10 1.9121E-10 1.5289E-10 1.0906E-10 6.6103E-11 2.2609E-11 7.6966E-12 0.0000E+00 0.0000E+00 0.0000E+00 0.0000E+00 0.0000E+00 0.0000E+00 0.0000E+00 0.0000E+00
4.3336E-09 4.7160E-09 5.0938E-09 5.4620E-09 5.8142E-09 6.1433E-09 6.4425E-09 6.7055E-09 6.9285E-09 7.1060E-09 7.2341E-09 7.3100E-09 7.3330E-09 7.3016E-09 7.2166E-09 7.0797E-09 6.8933E-09 6.6625E-09 6.3909E-09 6.0856E-09 5.7497E-09 5.3916E-09 5.0190E-09 4.6345E-09 4.2463E-09 3.8625E-09 3.4868E-09 3.1210E-09 2.7720E-09 2.4456E-09 2.1372E-09 1.8565E-09 1.5976E-09 1.3645E-09 1.1518E-09 9.4679E-10 7.9696E-10 6.6523E-10 5.4990E-10 4.5161E-10 3.6782E-10 2.9789E-10 2.3937E-10 1.9284E-10 1.5389E-10 1.0687E-10 6.3108E-11 2.1173E-11 8.1366E-12 0.0000E+00 0.0000E+00 0.0000E+00 0.0000E+00 0.0000E+00 0.0000E+00 0.0000E+00 0.0000E+00
4.5700E-09 4.9821E-09 5.3912E-09 5.7896E-09 6.1695E-09 6.5240E-09 6.8462E-09 7.1319E-09 7.3739E-09 7.5660E-09 7.7052E-09 7.7883E-09 7.8127E-09 7.7781E-09 7.6849E-09 7.5356E-09 7.3325E-09 7.0810E-09 6.7859E-09 6.4521E-09 6.0887E-09 5.7018E-09 5.2960E-09 4.8826E-09 4.4679E-09 4.0543E-09 3.6483E-09 3.2600E-09 2.8907E-09 2.5402E-09 2.2178E-09 1.9179E-09 1.6485E-09 1.4041E-09 1.1828E-09 9.6546E-10 8.1021E-10 6.7631E-10 5.5972E-10 4.5706E-10 3.7259E-10 3.0030E-10 2.4116E-10 1.9372E-10 1.5364E-10 1.0378E-10 6.0289E-11 1.9736E-11 8.5486E-12 0.0000E+00 0.0000E+00 0.0000E+00 0.0000E+00 0.0000E+00 0.0000E+00 0.0000E+00 0.0000E+00
4.8071E-09 5.2497E-09 5.6879E-09 6.1147E-09 6.5223E-09 6.9062E-09 7.2565E-09 7.5659E-09 7.8261E-09 8.0353E-09 8.1860E-09 8.2748E-09 8.3004E-09 8.2622E-09 8.1613E-09 7.9987E-09 7.7791E-09 7.5057E-09 7.1852E-09 6.8260E-09 6.4328E-09 6.0142E-09 5.5785E-09 5.1333E-09 4.6848E-09 4.2418E-09 3.8130E-09 3.3969E-09 3.0004E-09 2.6329E-09 2.2898E-09 1.9783E-09 1.6927E-09 1.4381E-09 1.2089E-09 9.8012E-10 8.2238E-10 6.8347E-10 5.6414E-10 4.6250E-10 3.7409E-10 3.0180E-10 2.4179E-10 1.9360E-10 1.5231E-10 1.0094E-10 5.7463E-11 1.8371E-11 8.9259E-12 0.0000E+00 0.0000E+00 0.0000E+00 0.0000E+00 0.0000E+00 0.0000E+00 0.0000E+00 0.0000E+00
5.0405E-09 5.5125E-09 5.9826E-09 6.4423E-09 6.8845E-09 7.2986E-09 7.6752E-09 8.0083E-09 8.2917E-09 8.5183E-09 8.6812E-09 8.7790E-09 8.8088E-09 8.7683E-09 8.6590E-09 8.4832E-09 8.2446E-09 7.9494E-09 7.6032E-09 7.2124E-09 6.7871E-09 6.3357E-09 5.8655E-09 5.3863E-09 4.9070E-09 4.4337E-09 3.9703E-09 3.5280E-09 3.1118E-09 2.7186E-09 2.3589E-09 2.0296E-09 1.7347E-09 1.4688E-09 1.2314E-09 9.8936E-10 8.2867E-10 6.8909E-10 5.6769E-10 4.6423E-10 3.7568E-10 3.0142E-10 2.4140E-10 1.9224E-10 1.4980E-10 9.6447E-11 5.4320E-11 1.8247E-11 9.3041E-12 0.0000E+00 0.0000E+00 0.0000E+00 0.0000E+00 0.0000E+00 0.0000E+00 0.0000E+00 0.0000E+00
5.2681E-09 5.7728E-09 6.2777E-09 6.7711E-09 7.2439E-09 7.6859E-09 8.0939E-09 8.4559E-09 8.7624E-09 9.0071E-09 9.1865E-09 9.2937E-09 9.3252E-09 9.2823E-09 9.1650E-09 8.9755E-09 8.7190E-09 8.4000E-09 8.0258E-09 7.6055E-09 7.1481E-09 6.6615E-09 6.1556E-09 5.6421E-09 5.1266E-09 4.6188E-09 4.1280E-09 3.6587E-09 3.2128E-09 2.8020E-09 2.4224E-09 2.0782E-09 1.7683E-09 1.4939E-09 1.2492E-09 9.9677E-10 8.3184E-10 6.9007E-10 5.6849E-10 4.6290E-10 3.7509E-10 2.9965E-10 2.3933E-10 1.8964E-10 1.4557E-10 9.2116E-11 5.1361E-11 1.8165E-11 9.4642E-12 0.0000E+00 0.0000E+00 0.0000E+00 0.0000E+00 0.0000E+00 0.0000E+00 0.0000E+00 0.0000E+00
5.4901E-09 6.0285E-09 6.5647E-09 7.0900E-09 7.5979E-09 8.0781E-09 8.5185E-09 8.9071E-09 9.2389E-09 9.5058E-09 9.6995E-09 9.8162E-09 9.8544E-09 9.8106E-09 9.6856E-09 9.4830E-09 9.2068E-09 8.8637E-09 8.4613E-09 8.0090E-09 7.5154E-09 6.9925E-09 6.4509E-09 5.8991E-09 5.3486E-09 4.8080E-09 4.2833E-09 3.7835E-09 3.3154E-09 2.8797E-09 2.4813E-09 2.1221E-09 1.7993E-09 1.5130E-09 1.2625E-09 9.9820E-10 8.3294E-10 6.8893E-10 5.6546E-10 4.6025E-10 3.7064E-10 2.9699E-10 2.3584E-10 1.8499E-10 1.3999E-10 8.7735E-11 4.8200E-11 1.7752E-11 9.5454E-12 0.0000E+00 0.0000E+00 0.0000E+00 0.0000E+00 0.0000E+00 0.0000E+00 0.0000E+00 0.0000E+00
5.7027E-09 6.2718E-09 6.8437E-09 7.4091E-09 7.9548E-09 8.4669E-09 8.9367E-09 9.3577E-09 9.7175E-09 1.0006E-08 1.0218E-08 1.0349E-08 1.0392E-08 1.0347E-08 1.0215E-08 9.9994E-09 9.7038E-09 9.3359E-09 8.9036E-09 8.4179E-09 7.8889E-09 7.3278E-09 6.7459E-09 6.1559E-09 5.5688E-09 4.9913E-09 4.4355E-09 3.9072E-09 3.4112E-09 2.9536E-09 2.5364E-09 2.1590E-09 1.8259E-09 1.5298E-09 1.2694E-09 9.9701E-10 8.2738E-10 6.8364E-10 5.6026E-10 4.5376E-10 3.6509E-10 2.9205E-10 2.3111E-10 1.7853E-10 1.3352E-10 8.2410E-11 4.4864E-11 1.7246E-11 9.5027E-12 0.0000E+00 0.0000E+00 0.0000E+00 0.0000E+00 0.0000E+00 0.0000E+00 0.0000E+00 0.0000E+00
5.9020E-09 6.5089E-09 7.1187E-09 7.7169E-09 8.2950E-09 8.8443E-09 9.3531E-09 9.8065E-09 1.0195E-08 1.0511E-08 1.0743E-08 1.0886E-08 1.0937E-08 1.0894E-08 1.0756E-08 1.0527E-08 1.0213E-08 9.8200E-09 9.3585E-09 8.8384E-09 8.2713E-09 7.6705E-09 7.0496E-09 6.4199E-09 5.7927E-09 5.1793E-09 4.5895E-09 4.0282E-09 3.5061E-09 3.0240E-09 2.5851E-09 2.1945E-09 1.8451E-09 1.5413E-09 1.2736E-09 9.9511E-10 8.2055E-10 6.7528E-10 5.5237E-10 4.4559E-10 3.5750E-10 2.8546E-10 2.2380E-10 1.7034E-10 1.2623E-10 7.7622E-11 4.1662E-11 1.6571E-11 9.2147E-12 0.0000E+00 0.0000E+00 0.0000E+00 0.0000E+00 0.0000E+00 0.0000E+00 0.0000E+00 0.0000E+00
6.0936E-09 6.7340E-09 7.3746E-09 8.0115E-09 8.6326E-09 9.2215E-09 9.7663E-09 1.0254E-08 1.0675E-08 1.1016E-08 1.1269E-08 1.1430E-08 1.1491E-08 1.1449E-08 1.1307E-08 1.1066E-08 1.0733E-08 1.0315E-08 9.8222E-09 9.2662E-09 8.6613E-09 8.0200E-09 7.3558E-09 6.6834E-09 6.0154E-09 5.3639E-09 4.7377E-09 4.1466E-09 3.5951E-09 3.0893E-09 2.6332E-09 2.2217E-09 1.8639E-09 1.5481E-09 1.2711E-09 9.8980E-10 8.1142E-10 6.6379E-10 5.4120E-10 4.3412E-10 3.4747E-10 2.7640E-10 2.1514E-10 1.6045E-10 1.1852E-10 7.1594E-11 3.8193E-11 1.5549E-11 8.8357E-12 0.0000E+00 0.0000E+00 0.0000E+00 0.0000E+00 0.0000E+00 0.0000E+00 0.0000E+00 0.0000E+00
6.2659E-09 6.9382E-09 7.6213E-09 8.3002E-09 8.9583E-09 9.5854E-09 1.0169E-08 1.0693E-08 1.1146E-08 1.1517E-08 1.1797E-08 1.1974E-08 1.2045E-08 1.2009E-08 1.1863E-08 1.1611E-08 1.1259E-08 1.0817E-08 1.0293E-08 9.7020E-09 9.0562E-09 8.3720E-09 7.6645E-09 6.9496E-09 6.2392E-09 5.5471E-09 4.8844E-09 4.2599E-09 3.6806E-09 3.1514E-09 2.6724E-09 2.2499E-09 1.8742E-09 1.5516E-09 1.2656E-09 9.8060E-10 8.0036E-10 6.5130E-10 5.2852E-10 4.2000E-10 3.3675E-10 2.6555E-10 2.0428E-10 1.4984E-10 1.1040E-10 6.5989E-11 3.5101E-11 1.4459E-11 8.2868E-12 0.0000E+00 0.0000E+00 0.0000E+00 0.0000E+00 0.0000E+00 0.0000E+00 0.0000E+00 0.0000E+00
6.4213E-09 7.1323E-09 7.8518E-09 8.5658E-09 9.2662E-09 9.9370E-09 1.0559E-08 1.1124E-08 1.1616E-08 1.2019E-08 1.2324E-08 1.2522E-08 1.2609E-08 1.2578E-08 1.2430E-08 1.2169E-08 1.1800E-08 1.1332E-08 1.0777E-08 1.0149E-08 9.4622E-09 8.7350E-09 7.9819E-09 7.2205E-09 6.4662E-09 5.7324E-09 5.0311E-09 4.3717E-09 3.7624E-09 3.2075E-09 2.7110E-09 2.2697E-09 1.8865E-09 1.5513E-09 1.2594E-09 9.7897E-10 7.8768E-10 6.3719E-10 5.1252E-10 4.0417E-10 3.2291E-10 2.5267E-10 1.9185E-10 1.3873E-10 1.0155E-10 6.0380E-11 3.1927E-11 1.2602E-11 7.6976E-12 0.0000E+00 0.0000E+00 0.0000E+00 0.0000E+00 0.0000E+00 0.0000E+00 0.0000E+00 0.0000E+00
6.5602E-09 7.3029E-09 8.0588E-09 8.8180E-09 9.5614E-09 1.0274E-08 1.0943E-08 1.1550E-08 1.2077E-08 1.2515E-08 1.2852E-08 1.3074E-08 1.3176E-08 1.3154E-08 1.3007E-08 1.2737E-08 1.2350E-08 1.1858E-08 1.1271E-08 1.0604E-08 9.8761E-09 9.1025E-09 8.3024E-09 7.4934E-09 6.6922E-09 5.9148E-09 5.1740E-09 4.4798E-09 3.8405E-09 3.2607E-09 2.7427E-09 2.2875E-09 1.8902E-09 1.5488E-09 1.2487E-09 9.7290E-10 7.7383E-10 6.2220E-10 4.9507E-10 3.8655E-10 3.0698E-10 2.3733E-10 1.7790E-10 1.2706E-10 9.3352E-11 5.4142E-11 2.8015E-11 1.0705E-11 7.0775E-12 0.0000E+00 0.0000E+00 0.0000E+00 0.0000E+00 0.0000E+00 0.0000E+00 0.0000E+00 0.0000E+00
6.6721E-09 7.4513E-09 8.2486E-09 9.0461E-09 9.8320E-09 1.0590E-08 1.1302E-08 1.1950E-08 1.2524E-08 1.3002E-08 1.3370E-08 1.3619E-08 1.3743E-08 1.3732E-08 1.3587E-08 1.3311E-08 1.2910E-08 1.2393E-08 1.1775E-08 1.1071E-08 1.0299E-08 9.4781E-09 8.6295E-09 7.7720E-09 6.9239E-09 6.1011E-09 5.3176E-09 4.5870E-09 3.9155E-09 3.3097E-09 2.7712E-09 2.3007E-09 1.8935E-09 1.5413E-09 1.2361E-09 9.6738E-10 7.5736E-10 6.0578E-10 4.7656E-10 3.6609E-10 2.8887E-10 2.2129E-10 1.6348E-10 1.1556E-10 8.4217E-11 4.7795E-11 2.3808E-11 8.9508E-12 6.1461E-12 0.0000E+00 0.0000E+00 0.0000E+00 0.0000E+00 0.0000E+00 0.0000E+00 0.0000E+00 0.0000E+00
6.7642E-09 7.5759E-09 8.4072E-09 9.2457E-09 1.0077E-08 1.0880E-08 1.1642E-08 1.2341E-08 1.2956E-08 1.3473E-08 1.3881E-08 1.4162E-08 1.4305E-08 1.4308E-08 1.4169E-08 1.3889E-08 1.3473E-08 1.2932E-08 1.2283E-08 1.1541E-08 1.0725E-08 9.8567E-09 8.9580E-09 8.0500E-09 7.1525E-09 6.2839E-09 5.4592E-09 4.6902E-09 3.9869E-09 3.3553E-09 2.7957E-09 2.3079E-09 1.8907E-09 1.5324E-09 1.2198E-09 9.5467E-10 7.4168E-10 5.8701E-10 4.6040E-10 3.4502E-10 2.6916E-10 2.0396E-10 1.4845E-10 1.0401E-10 7.4216E-11 3.9973E-11 1.9851E-11 7.2508E-12 4.6415E-12 0.0000E+00 0.0000E+00 0.0000E+00 0.0000E+00 0.0000E+00 0.0000E+00 0.0000E+00 0.0000E+00
6.8300E-09 7.6710E-09 8.5377E-09 9.4181E-09 1.0293E-08 1.1149E-08 1.1958E-08 1.2702E-08 1.3367E-08 1.3933E-08 1.4381E-08 1.4693E-08 1.4866E-08 1.4888E-08 1.4757E-08 1.4472E-08 1.4045E-08 1.3484E-08 1.2803E-08 1.2022E-08 1.1160E-08 1.0243E-08 9.2919E-09 8.3307E-09 7.3820E-09 6.4650E-09 5.5966E-09 4.7906E-09 4.0560E-09 3.3969E-09 2.8178E-09 2.3156E-09 1.8851E-09 1.5241E-09 1.2031E-09 9.3622E-10 7.2538E-10 5.6925E-10 4.3883E-10 3.2040E-10 2.4849E-10 1.8585E-10 1.3278E-10 9.2530E-11 6.2742E-11 3.3061E-11 1.5999E-11 5.5304E-12 3.4218E-12 0.0000E+00 0.0000E+00 0.0000E+00 0.0000E+00 0.0000E+00 0.0000E+00 0.0000E+00 0.0000E+00
6.8679E-09 7.7366E-09 8.6393E-09 9.5603E-09 1.0480E-08 1.1378E-08 1.2237E-08 1.3038E-08 1.3757E-08 1.4369E-08 1.4860E-08 1.5213E-08 1.5417E-08 1.5458E-08 1.5338E-08 1.5057E-08 1.4619E-08 1.4038E-08 1.3327E-08 1.2507E-08 1.1600E-08 1.0632E-08 9.6282E-09 8.6138E-09 7.6128E-09 6.6465E-09 5.7329E-09 4.8870E-09 4.1190E-09 3.4356E-09 2.8343E-09 2.3176E-09 1.8794E-09 1.5056E-09 1.1828E-09 9.1675E-10 7.0718E-10 5.5024E-10 4.1917E-10 2.9736E-10 2.2762E-10 1.6720E-10 1.1758E-10 7.8304E-11 5.1312E-11 2.6994E-11 1.2610E-11 4.0203E-12 2.1866E-12 0.0000E+00 0.0000E+00 0.0000E+00 0.0000E+00 0.0000E+00 0.0000E+00 0.0000E+00 0.0000E+00
6.8808E-09 7.7771E-09 8.7119E-09 9.6658E-09 1.0627E-08 1.1575E-08 1.2489E-08 1.3342E-08 1.4109E-08 1.4774E-08 1.5314E-08 1.5709E-08 1.5945E-08 1.6015E-08 1.5910E-08 1.5631E-08 1.5188E-08 1.4587E-08 1.3846E-08 1.2988E-08 1.2035E-08 1.1016E-08 9.9579E-09 8.8887E-09 7.8357E-09 6.8205E-09 5.8634E-09 4.9809E-09 4.1808E-09 3.4699E-09 2.8520E-09 2.3183E-09 1.8692E-09 1.4956E-09 1.1601E-09 8.9771E-10 6.9168E-10 5.2875E-10 3.9664E-10 2.7368E-10 2.0577E-10 1.4854E-10 9.9727E-11 6.4879E-11 4.1840E-11 2.1267E-11 9.3189E-12 2.6163E-12 9.4746E-13 0.0000E+00 0.0000E+00 0.0000E+00 0.0000E+00 0.0000E+00 0.0000E+00 0.0000E+00 0.0000E+00
6.8698E-09 7.7872E-09 8.7462E-09 9.7383E-09 1.0745E-08 1.1741E-08 1.2703E-08 1.3609E-08 1.4436E-08 1.5156E-08 1.5745E-08 1.6189E-08 1.6466E-08 1.6564E-08 1.6479E-08 1.6210E-08 1.5759E-08 1.5142E-08 1.4373E-08 1.3475E-08 1.2477E-08 1.1405E-08 1.0291E-08 9.1659E-09 8.0575E-09 6.9916E-09 5.9910E-09 5.0679E-09 4.2377E-09 3.5019E-09 2.8620E-09 2.3192E-09 1.8584E-09 1.4750E-09 1.1394E-09 8.7557E-10 6.7179E-10 5.0817E-10 3.7329E-10 2.5282E-10 1.8345E-10 1.2745E-10 8.2609E-11 5.1829E-11 3.2462E-11 1.5735E-11 6.1277E-12 1.3150E-12 0.0000E+00 0.0000E+00 0.0000E+00 0.0000E+00 0.0000E+00 0.0000E+00 0.0000E+00 0.0000E+00 0.0000E+00
6.8320E-09 7.7663E-09 8.7555E-09 9.7817E-09 1.0823E-08 1.1860E-08 1.2875E-08 1.3837E-08 1.4720E-08 1.5496E-08 1.6143E-08 1.6635E-08 1.6955E-08 1.7090E-08 1.7028E-08 1.6768E-08 1.6316E-08 1.5682E-08 1.4885E-08 1.3952E-08 1.2905E-08 1.1781E-08 1.0613E-08 9.4325E-09 8.2731E-09 7.1581E-09 6.1105E-09 5.1539E-09 4.2904E-09 3.5310E-09 2.8738E-09 2.3143E-09 1.8482E-09 1.4586E-09 1.1157E-09 8.4945E-10 6.5220E-10 4.8708E-10 3.5090E-10 2.3077E-10 1.5876E-10 1.0570E-10 6.6222E-11 3.9886E-11 2.3813E-11 1.0696E-11 3.3478E-12 5.5673E-14 0.0000E+00 0.0000E+00 0.0000E+00 0.0000E+00 0.0000E+00 0.0000E+00 0.0000E+00 0.0000E+00 0.0000E+00
6.7671E-09 7.7213E-09 8.7328E-09 9.7831E-09 1.0861E-08 1.1947E-08 1.3011E-08 1.4025E-08 1.4965E-08 1.5801E-08 1.6504E-08 1.7050E-08 1.7418E-08 1.7588E-08 1.7555E-08 1.7308E-08 1.6855E-08 1.6210E-08 1.5388E-08 1.4415E-08 1.3325E-08 1.2150E-08 1.0928E-08 9.6927E-09 8.4778E-09 7.3169E-09 6.2278E-09 5.2295E-09 4.3408E-09 3.5564E-09 2.8823E-09 2.3094E-09 1.8327E-09 1.4401E-09 1.0930E-09 8.2388E-10 6.2958E-10 4.6448E-10 3.2994E-10 2.0772E-10 1.3261E-10 8.5597E-11 5.1270E-11 2.9199E-11 1.6445E-11 6.2532E-12 7.8393E-13 0.0000E+00 0.0000E+00 0.0000E+00 0.0000E+00 0.0000E+00 0.0000E+00 0.0000E+00 0.0000E+00 0.0000E+00 0.0000E+00
