Assets/Resources/2015_m01_d14_0000(utc+0800)_l00_csi_1hr_conc.grd
DSAA
         159         159
     -79.000      79.000
     -79.000      79.000
  0.0000E+00  0.3014E-04
[rows 75 to 99 of 159, columns 0 to 56 of 159]
1.9531E-09 1.9930E-09 2.0267E-09 2.0672E-09 2.1197E-09 2.1859E-09 2.2670E-09 2.3771E-09 2.4969E-09 2.6181E-09 2.7440E-09 2.8779E-09 3.0162E-09 3.1599E-09 3.3095E-09 3.4634E-09 3.6303E-09 3.8112E-09 4.0062E-09 4.2193E-09 4.4475E-09 4.6626E-09 4.9194E-09 5.1733E-09 5.4511E-09 5.7839E-09 6.1390E-09 6.4957E-09 6.8521E-09 7.2572E-09 7.6618E-09 8.1044E-09 8.5464E-09 9.0190E-09 9.4980E-09 1.0013E-08 1.0543E-08 1.1095E-08 1.1662E-08 1.2267E-08 1.2890E-08 1.3540E-08 1.4236E-08 1.4984E-08 1.5783E-08 1.6647E-08 1.7570E-08 1.8546E-08 1.9578E-08 2.0668E-08 2.1818E-08 2.3039E-08 2.4347E-08 2.5770E-08 2.7294E-08 2.8983E-08 3.0808E-08
1.6046E-09 1.6334E-09 1.6608E-09 1.7034E-09 1.7658E-09 1.8440E-09 1.9273E-09 2.0288E-09 2.1312E-09 2.2445E-09 2.3734E-09 2.5017E-09 2.6356E-09 2.7782E-09 2.9288E-09 3.0872E-09 3.2558E-09 3.4411E-09 3.6334E-09 3.8465E-09 4.0596E-09 4.2842E-09 4.5445E-09 4.8066E-09 5.1085E-09 5.4328E-09 5.7757E-09 6.1081E-09 6.4614E-09 6.8479E-09 7.2418E-09 7.6774E-09 8.1047E-09 8.5631E-09 9.0251E-09 9.5164E-09 1.0027E-08 1.0551E-08 1.1108E-08 1.1682E-08 1.2281E-08 1.2907E-08 1.3579E-08 1.4302E-08 1.5075E-08 1.5911E-08 1.6806E-08 1.7757E-08 1.8765E-08 1.9834E-08 2.0967E-08 2.2185E-08 2.3498E-08 2.4940E-08 2.6494E-08 2.8234E-08 3.0121E-08
1.2903E-09 1.3310E-09 1.3704E-09 1.4270E-09 1.4995E-09 1.5821E-09 1.6676E-09 1.7632E-09 1.8594E-09 1.9612E-09 2.0726E-09 2.1940E-09 2.3217E-09 2.4544E-09 2.6005E-09 2.7571E-09 2.9293E-09 3.1121E-09 3.2930E-09 3.4881E-09 3.7069E-09 3.9408E-09 4.1987E-09 4.4800E-09 4.7627E-09 5.0737E-09 5.4026E-09 5.7188E-09 6.0617E-09 6.4393E-09 6.8155E-09 7.2414E-09 7.6437E-09 8.0759E-09 8.5249E-09 8.9803E-09 9.4767E-09 9.9767E-09 1.0497E-08 1.1042E-08 1.1610E-08 1.2205E-08 1.2844E-08 1.3531E-08 1.4267E-08 1.5063E-08 1.5916E-08 1.6826E-08 1.7789E-08 1.8816E-08 1.9912E-08 2.1099E-08 2.2397E-08 2.3814E-08 2.5368E-08 2.7094E-08 2.8952E-08
1.0435E-09 1.0844E-09 1.1365E-09 1.1973E-09 1.2722E-09 1.3493E-09 1.4284E-09 1.5176E-09 1.6119E-09 1.7074E-09 1.8086E-09 1.9247E-09 2.0441E-09 2.1722E-09 2.3088E-09 2.4530E-09 2.6191E-09 2.7864E-09 2.9705E-09 3.1668E-09 3.3924E-09 3.6322E-09 3.8809E-09 4.1510E-09 4.4253E-09 4.7185E-09 5.0335E-09 5.3364E-09 5.6655E-09 6.0334E-09 6.3789E-09 6.7832E-09 7.1723E-09 7.5689E-09 7.9925E-09 8.4337E-09 8.8915E-09 9.3602E-09 9.8461E-09 1.0357E-08 1.0890E-08 1.1446E-08 1.2044E-08 1.2688E-08 1.3379E-08 1.4123E-08 1.4921E-08 1.5772E-08 1.6675E-08 1.7642E-08 1.8676E-08 1.9815E-08 2.1054E-08 2.2426E-08 2.3912E-08 2.5554E-08 2.7326E-08
8.5482E-10 9.0943E-10 9.6540E-10 1.0239E-09 1.0992E-09 1.1699E-09 1.2429E-09 1.3209E-09 1.4042E-09 1.4948E-09 1.5930E-09 1.6997E-09 1.8103E-09 1.9276E-09 2.0451E-09 2.1860E-09 2.3350E-09 2.4906E-09 2.6816E-09 2.8871E-09 3.1095E-09 3.3453E-09 3.5838E-09 3.8439E-09 4.1018E-09 4.3716E-09 4.6741E-09 4.9585E-09 5.2717E-09 5.6145E-09 5.9412E-09 6.3195E-09 6.6795E-09 7.0592E-09 7.4578E-09 7.8575E-09 8.2847E-09 8.7188E-09 9.1647E-09 9.6401E-09 1.0132E-08 1.0645E-08 1.1196E-08 1.1788E-08 1.2427E-08 1.3111E-08 1.3842E-08 1.4621E-08 1.5448E-08 1.6337E-08 1.7300E-08 1.8352E-08 1.9507E-08 2.0771E-08 2.2152E-08 2.3642E-08 2.5291E-08
7.0771E-10 7.5953E-10 8.1159E-10 8.6279E-10 9.2875E-10 9.9442E-10 1.0618E-09 1.1350E-09 1.2146E-09 1.3065E-09 1.4008E-09 1.4952E-09 1.5957E-09 1.7035E-09 1.8181E-09 1.9483E-09 2.1042E-09 2.2672E-09 2.4519E-09 2.6543E-09 2.8599E-09 3.0804E-09 3.3025E-09 3.5411E-09 3.7855E-09 4.0329E-09 4.3202E-09 4.5871E-09 4.8749E-09 5.1962E-09 5.5039E-09 5.8600E-09 6.1930E-09 6.5375E-09 6.9074E-09 7.2718E-09 7.6615E-09 8.0622E-09 8.4669E-09 8.9022E-09 9.3501E-09 9.8176E-09 1.0318E-08 1.0856E-08 1.1433E-08 1.2047E-08 1.2701E-08 1.3396E-08 1.4135E-08 1.4934E-08 1.5800E-08 1.6739E-08 1.7776E-08 1.8900E-08 2.0140E-08 2.1489E-08 2.2991E-08
5.8159E-10 6.3458E-10 6.8865E-10 7.3541E-10 8.0014E-10 8.6211E-10 9.2371E-10 9.8739E-10 1.0571E-09 1.1221E-09 1.2016E-09 1.2860E-09 1.3934E-09 1.5082E-09 1.6339E-09 1.7662E-09 1.9179E-09 2.0787E-09 2.2501E-09 2.4316E-09 2.6193E-09 2.8238E-09 3.0308E-09 3.2450E-09 3.4780E-09 3.7077E-09 3.9786E-09 4.2305E-09 4.4899E-09 4.7931E-09 5.0731E-09 5.3961E-09 5.7065E-09 6.0178E-09 6.3514E-09 6.6857E-09 7.0239E-09 7.3998E-09 7.7670E-09 8.1558E-09 8.5586E-09 8.9804E-09 9.4274E-09 9.9057E-09 1.0414E-08 1.0951E-08 1.1520E-08 1.2125E-08 1.2771E-08 1.3462E-08 1.4210E-08 1.5014E-08 1.5916E-08 1.6897E-08 1.7995E-08 1.9204E-08 2.0581E-08
4.4023E-10 4.7925E-10 5.2933E-10 5.7797E-10 6.3613E-10 6.9085E-10 7.4277E-10 8.0933E-10 8.8644E-10 9.6950E-10 1.0539E-09 1.1513E-09 1.2512E-09 1.3652E-09 1.4843E-09 1.6145E-09 1.7532E-09 1.9027E-09 2.0573E-09 2.2267E-09 2.3991E-09 2.5821E-09 2.7785E-09 2.9743E-09 3.1892E-09 3.4012E-09 3.6407E-09 3.8797E-09 4.1160E-09 4.3925E-09 4.6479E-09 4.9383E-09 5.2129E-09 5.5035E-09 5.7905E-09 6.1043E-09 6.4082E-09 6.7389E-09 7.0723E-09 7.4148E-09 7.7744E-09 8.1462E-09 8.5367E-09 8.9512E-09 9.3851E-09 9.8453E-09 1.0329E-08 1.0840E-08 1.1377E-08 1.1953E-08 1.2570E-08 1.3254E-08 1.4012E-08 1.4865E-08 1.5818E-08 1.6936E-08 1.8227E-08
3.7540E-10 4.1444E-10 4.5007E-10 4.9770E-10 5.4959E-10 6.0735E-10 6.6110E-10 7.2093E-10 7.9086E-10 8.6771E-10 9.5089E-10 1.0404E-09 1.1339E-09 1.2401E-09 1.3489E-09 1.4683E-09 1.5934E-09 1.7320E-09 1.8738E-09 2.0259E-09 2.1867E-09 2.3539E-09 2.5339E-09 2.7131E-09 2.9021E-09 3.1032E-09 3.3178E-09 3.5378E-09 3.7527E-09 3.9968E-09 4.2329E-09 4.4905E-09 4.7403E-09 4.9901E-09 5.2572E-09 5.5230E-09 5.8066E-09 6.0846E-09 6.3915E-09 6.6861E-09 7.0025E-09 7.3233E-09 7.6568E-09 8.0095E-09 8.3750E-09 8.7543E-09 9.1496E-09 9.5576E-09 9.9865E-09 1.0449E-08 1.0961E-08 1.1526E-08 1.2156E-08 1.2901E-08 1.3749E-08 1.4787E-08 1.6184E-08
3.2446E-10 3.6341E-10 3.9476E-10 4.3913E-10 4.8659E-10 5.3773E-10 5.9216E-10 6.4939E-10 7.1373E-10 7.8324E-10 8.5844E-10 9.3871E-10 1.0244E-09 1.1180E-09 1.2196E-09 1.3274E-09 1.4426E-09 1.5662E-09 1.6979E-09 1.8344E-09 1.9829E-09 2.1324E-09 2.2920E-09 2.4618E-09 2.6297E-09 2.8159E-09 3.0092E-09 3.1997E-09 3.4020E-09 3.6166E-09 3.8321E-09 4.0610E-09 4.2832E-09 4.5058E-09 4.7422E-09 4.9714E-09 5.2100E-09 5.4650E-09 5.7154E-09 5.9904E-09 6.2532E-09 6.5290E-09 6.8116E-09 7.0988E-09 7.3959E-09 7.6890E-09 7.9980E-09 8.3196E-09 8.6564E-09 9.0274E-09 9.4346E-09 9.8952E-09 1.0432E-08 1.1052E-08 1.1843E-08 1.2993E-08 1.5607E-08
2.8356E-10 3.1873E-10 3.5355E-10 3.9021E-10 4.3640E-10 4.7918E-10 5.3149E-10 5.8291E-10 6.4078E-10 7.0139E-10 7.6868E-10 8.4150E-10 9.2037E-10 1.0028E-09 1.0972E-09 1.1937E-09 1.2994E-09 1.4088E-09 1.5306E-09 1.6536E-09 1.7855E-09 1.9242E-09 2.0680E-09 2.2219E-09 2.3737E-09 2.5337E-09 2.7142E-09 2.8814E-09 3.0666E-09 3.2570E-09 3.4440E-09 3.6505E-09 3.8430E-09 4.0431E-09 4.2401E-09 4.4512E-09 4.6558E-09 4.8616E-09 5.0882E-09 5.3070E-09 5.5410E-09 5.7711E-09 5.9955E-09 6.2275E-09 6.4557E-09 6.6876E-09 6.9217E-09 7.1662E-09 7.4220E-09 7.7105E-09 8.0392E-09 8.4184E-09 8.8663E-09 9.4143E-09 1.0380E-08 1.2307E-08 1.3796E-08
2.5228E-10 2.7963E-10 3.1513E-10 3.4586E-10 3.8949E-10 4.2775E-10 4.7348E-10 5.2054E-10 5.7002E-10 6.2583E-10 6.8616E-10 7.5179E-10 8.2268E-10 8.9695E-10 9.7977E-10 1.0692E-09 1.1632E-09 1.2631E-09 1.3702E-09 1.4838E-09 1.5996E-09 1.7273E-09 1.8538E-09 1.9876E-09 2.1310E-09 2.2706E-09 2.4335E-09 2.5842E-09 2.7394E-09 2.9165E-09 3.0782E-09 3.2620E-09 3.4311E-09 3.6022E-09 3.7777E-09 3.9485E-09 4.1330E-09 4.3085E-09 4.4989E-09 4.6754E-09 4.8551E-09 5.0506E-09 5.2351E-09 5.4160E-09 5.5910E-09 5.7624E-09 5.9331E-09 6.1167E-09 6.3189E-09 6.5435E-09 6.7913E-09 7.0914E-09 7.4778E-09 8.2789E-09 9.1982E-09 9.7925E-09 1.0193E-08
2.1905E-10 2.4765E-10 2.7603E-10 3.0688E-10 3.4278E-10 3.7987E-10 4.1664E-10 4.6222E-10 5.0606E-10 5.5565E-10 6.0729E-10 6.6623E-10 7.2920E-10 7.9851E-10 8.7032E-10 9.5287E-10 1.0359E-09 1.1270E-09 1.2204E-09 1.3248E-09 1.4286E-09 1.5397E-09 1.6559E-09 1.7739E-09 1.8993E-09 2.0276E-09 2.1591E-09 2.3049E-09 2.4399E-09 2.5892E-09 2.7378E-09 2.8822E-09 3.0383E-09 3.1902E-09 3.3446E-09 3.4917E-09 3.6350E-09 3.7922E-09 3.9354E-09 4.0927E-09 4.2383E-09 4.3939E-09 4.5339E-09 4.6669E-09 4.7991E-09 4.9297E-09 5.0591E-09 5.1898E-09 5.3461E-09 5.5073E-09 5.7022E-09 5.9471E-09 6.4518E-09 7.0548E-09 7.3520E-09 7.5774E-09 7.8062E-09
1.8970E-10 2.1700E-10 2.3930E-10 2.7088E-10 3.0042E-10 3.3554E-10 3.6791E-10 4.0648E-10 4.4679E-10 4.8867E-10 5.3647E-10 5.8848E-10 6.4540E-10 7.0673E-10 7.7136E-10 8.4254E-10 9.1929E-10 9.9783E-10 1.0839E-09 1.1714E-09 1.2693E-09 1.3654E-09 1.4679E-09 1.5744E-09 1.6836E-09 1.8009E-09 1.9134E-09 2.0319E-09 2.1580E-09 2.2769E-09 2.4114E-09 2.5351E-09 2.6638E-09 2.7931E-09 2.9173E-09 3.0462E-09 3.1674E-09 3.2850E-09 3.4144E-09 3.5275E-09 3.6418E-09 3.7480E-09 3.8469E-09 3.9656E-09 4.0562E-09 4.1836E-09 4.2826E-09 4.3839E-09 4.4835E-09 4.6081E-09 4.6815E-09 4.7221E-09 5.0849E-09 5.4110E-09 5.6696E-09 5.8498E-09 5.9728E-09
1.6472E-10 1.8666E-10 2.1004E-10 2.3258E-10 2.6389E-10 2.9002E-10 3.2302E-10 3.5353E-10 3.9233E-10 4.2922E-10 4.7162E-10 5.1566E-10 5.6619E-10 6.2120E-10 6.8046E-10 7.4138E-10 8.1178E-10 8.8155E-10 9.5789E-10 1.0355E-09 1.1194E-09 1.2072E-09 1.2945E-09 1.3916E-09 1.4848E-09 1.5837E-09 1.6903E-09 1.7901E-09 1.8999E-09 2.0077E-09 2.1117E-09 2.2310E-09 2.3370E-09 2.4518E-09 2.5564E-09 2.6585E-09 2.7638E-09 2.8611E-09 2.9532E-09 3.0389E-09 3.1168E-09 3.2033E-09 3.2787E-09 3.3595E-09 3.4249E-09 3.4813E-09 3.5684E-09 3.6229E-09 3.6866E-09 3.7323E-09 3.7963E-09 3.8431E-09 3.9014E-09 4.0101E-09 4.1581E-09 4.3058E-09 4.4294E-09
1.4105E-10 1.5898E-10 1.8077E-10 2.0060E-10 2.2765E-10 2.5239E-10 2.7898E-10 3.0849E-10 3.4060E-10 3.7513E-10 4.1052E-10 4.5171E-10 4.9634E-10 5.4502E-10 5.9495E-10 6.5128E-10 7.0849E-10 7.7498E-10 8.3992E-10 9.1087E-10 9.8208E-10 1.0618E-09 1.1385E-09 1.2204E-09 1.3055E-09 1.3890E-09 1.4775E-09 1.5726E-09 1.6588E-09 1.7594E-09 1.8487E-09 1.9425E-09 2.0411E-09 2.1305E-09 2.2282E-09 2.3159E-09 2.3999E-09 2.4861E-09 2.5620E-09 2.6318E-09 2.6944E-09 2.7475E-09 2.8120E-09 2.8570E-09 2.9095E-09 2.9475E-09 2.9975E-09 3.0370E-09 3.0644E-09 3.0988E-09 3.1167E-09 3.1502E-09 3.1644E-09 3.1820E-09 3.1903E-09 3.1966E-09 3.2108E-09
1.1833E-10 1.3804E-10 1.5032E-10 1.7126E-10 1.9244E-10 2.1902E-10 2.3934E-10 2.6792E-10 2.9309E-10 3.2618E-10 3.5753E-10 3.9156E-10 4.3105E-10 4.7359E-10 5.1992E-10 5.6935E-10 6.1966E-10 6.7540E-10 7.3508E-10 7.9475E-10 8.5963E-10 9.2369E-10 9.9617E-10 1.0650E-09 1.1388E-09 1.2143E-09 1.2887E-09 1.3677E-09 1.4456E-09 1.5195E-09 1.6082E-09 1.6848E-09 1.7653E-09 1.8506E-09 1.9250E-09 2.0069E-09 2.0767E-09 2.1427E-09 2.2092E-09 2.2654E-09 2.3148E-09 2.3553E-09 2.3848E-09 2.4254E-09 2.4470E-09 2.4756E-09 2.4918E-09 2.5174E-09 2.5378E-09 2.5444E-09 2.5552E-09 2.5504E-09 2.5537E-09 2.5463E-09 2.5335E-09 2.5252E-09 2.5012E-09
1.0039E-10 1.1256E-10 1.2967E-10 1.4310E-10 1.6485E-10 1.8171E-10 2.0437E-10 2.2306E-10 2.5133E-10 2.7529E-10 3.0962E-10 3.3980E-10 3.7436E-10 4.0954E-10 4.4969E-10 4.9310E-10 5.3940E-10 5.8597E-10 6.4000E-10 6.9171E-10 7.4506E-10 8.0308E-10 8.5985E-10 9.2460E-10 9.8540E-10 1.0494E-09 1.1152E-09 1.1811E-09 1.2484E-09 1.3171E-09 1.3816E-09 1.4597E-09 1.5240E-09 1.5909E-09 1.6616E-09 1.7206E-09 1.7866E-09 1.8400E-09 1.8887E-09 1.9384E-09 1.9766E-09 2.0065E-09 2.0260E-09 2.0481E-09 2.0529E-09 2.0593E-09 2.0683E-09 2.0695E-09 2.0756E-09 2.0768E-09 2.0732E-09 2.0615E-09 2.0418E-09 2.0147E-09 2.0052E-09 1.9763E-09 1.9446E-09
8.1406E-11 9.2053E-11 1.0363E-10 1.1632E-10 1.3025E-10 1.4869E-10 1.6600E-10 1.8684E-10 2.0808E-10 2.3239E-10 2.5561E-10 2.8694E-10 3.1543E-10 3.4869E-10 3.8178E-10 4.2216E-10 4.6019E-10 5.0291E-10 5.4520E-10 5.9457E-10 6.4057E-10 6.8985E-10 7.4052E-10 7.9131E-10 8.5022E-10 9.0307E-10 9.5999E-10 1.0182E-09 1.0744E-09 1.1327E-09 1.1928E-09 1.2463E-09 1.3117E-09 1.3641E-09 1.4154E-09 1.4749E-09 1.5199E-09 1.5693E-09 1.6101E-09 1.6439E-09 1.6778E-09 1.6990E-09 1.7105E-09 1.7126E-09 1.7179E-09 1.7053E-09 1.7024E-09 1.6973E-09 1.6871E-09 1.6812E-09 1.6595E-09 1.6544E-09 1.6240E-09 1.5973E-09 1.5645E-09 1.5299E-09 1.5032E-09
6.1724E-11 7.0679E-11 8.0766E-11 9.2229E-11 1.0704E-10 1.1943E-10 1.3861E-10 1.5764E-10 1.7622E-10 1.9654E-10 2.1942E-10 2.4419E-10 2.7053E-10 2.9655E-10 3.2698E-10 3.5744E-10 3.9468E-10 4.2931E-10 4.6833E-10 5.0623E-10 5.5111E-10 5.9257E-10 6.3736E-10 6.8218E-10 7.2704E-10 7.7829E-10 8.2402E-10 8.7311E-10 9.2249E-10 9.6901E-10 1.0175E-09 1.0693E-09 1.1122E-09 1.1637E-09 1.2071E-09 1.2443E-09 1.2934E-09 1.3263E-09 1.3574E-09 1.3907E-09 1.4112E-09 1.4288E-09 1.4352E-09 1.4323E-09 1.4219E-09 1.4152E-09 1.3937E-09 1.3934E-09 1.3682E-09 1.3380E-09 1.3350E-09 1.3012E-09 1.2774E-09 1.2551E-09 1.2192E-09 1.1866E-09 1.1505E-09
5.0750E-11 5.6600E-11 6.6367E-11 7.4523E-11 8.5215E-11 9.9381E-11 1.1229E-10 1.2432E-10 1.4790E-10 1.6565E-10 1.8538E-10 2.0667E-10 2.3003E-10 2.5462E-10 2.7871E-10 3.0702E-10 3.3640E-10 3.6902E-10 4.0001E-10 4.3488E-10 4.6845E-10 5.0891E-10 5.4546E-10 5.8410E-10 6.2381E-10 6.6167E-10 7.0648E-10 7.4540E-10 7.8594E-10 8.2703E-10 8.6531E-10 9.0478E-10 9.4816E-10 9.8150E-10 1.0167E-09 1.0557E-09 1.0826E-09 1.1151E-09 1.1426E-09 1.1606E-09 1.1837E-09 1.1920E-09 1.1920E-09 1.1906E-09 1.1779E-09 1.1596E-09 1.1455E-09 1.1188E-09 1.0938E-09 1.0819E-09 1.0489E-09 1.0222E-09 1.0027E-09 9.6378E-10 9.3138E-10 8.9491E-10 8.5852E-10
4.1341E-11 4.6229E-11 5.1397E-11 5.8799E-11 6.8169E-11 8.0013E-11 8.7039E-11 1.0114E-10 1.1371E-10 1.3639E-10 1.4952E-10 1.7336E-10 1.9364E-10 2.1360E-10 2.3839E-10 2.6041E-10 2.8631E-10 3.1271E-10 3.4199E-10 3.6930E-10 4.0051E-10 4.3007E-10 4.6601E-10 4.9761E-10 5.3022E-10 5.6531E-10 5.9709E-10 6.3575E-10 6.6762E-10 6.9932E-10 7.3245E-10 7.6535E-10 7.9653E-10 8.2780E-10 8.5619E-10 8.7831E-10 9.1039E-10 9.3031E-10 9.4564E-10 9.7080E-10 9.8004E-10 9.8342E-10 9.8850E-10 9.7911E-10 9.6573E-10 9.5093E-10 9.2795E-10 9.0439E-10 8.8114E-10 8.5046E-10 8.2250E-10 8.0359E-10 7.7023E-10 7.3497E-10 7.0734E-10 6.8041E-10 6.4616E-10
2.4074E-11 2.7677E-11 3.1615E-11 4.3658E-11 4.8962E-11 5.4696E-11 6.4234E-11 7.8715E-11 8.9022E-11 1.0224E-10 1.2046E-10 1.3909E-10 1.5828E-10 1.7683E-10 1.9895E-10 2.2180E-10 2.4152E-10 2.6472E-10 2.8748E-10 3.1426E-10 3.3834E-10 3.6584E-10 3.9137E-10 4.2194E-10 4.5017E-10 4.7758E-10 5.0732E-10 5.3428E-10 5.6356E-10 5.9205E-10 6.1667E-10 6.4331E-10 6.6853E-10 6.9060E-10 7.1238E-10 7.3755E-10 7.5295E-10 7.6685E-10 7.8892E-10 7.9686E-10 8.0221E-10 8.1287E-10 8.0629E-10 7.9383E-10 7.7662E-10 7.6218E-10 7.4712E-10 7.2263E-10 6.9558E-10 6.6815E-10 6.4161E-10 6.1112E-10 5.7686E-10 5.5938E-10 5.2415E-10 4.9654E-10 4.6174E-10
1.4263E-11 1.6860E-11 2.5014E-11 2.8833E-11 3.4432E-11 4.3589E-11 4.9144E-11 5.8490E-11 6.7372E-11 7.8434E-11 9.2186E-11 1.0439E-10 1.2126E-10 1.4282E-10 1.6375E-10 1.7927E-10 2.0079E-10 2.2202E-10 2.4260E-10 2.6180E-10 2.8652E-10 3.0728E-10 3.3119E-10 3.5307E-10 3.7674E-10 4.0394E-10 4.2633E-10 4.5118E-10 4.7286E-10 4.9342E-10 5.1932E-10 5.3836E-10 5.5632E-10 5.7502E-10 5.9339E-10 6.0730E-10 6.2111E-10 6.3711E-10 6.4373E-10 6.4738E-10 6.4983E-10 6.5031E-10 6.4628E-10 6.3156E-10 6.1334E-10 5.9877E-10 5.7633E-10 5.5966E-10 5.3420E-10 5.1722E-10 4.8968E-10 4.5292E-10 4.2673E-10 3.9807E-10 3.7201E-10 3.5507E-10 3.2948E-10
6.1990E-12 8.2259E-12 1.4722E-11 1.7830E-11 2.1166E-11 2.9900E-11 3.4354E-11 3.9005E-11 4.7157E-11 5.8671E-11 6.6296E-11 7.5881E-11 9.4866E-11 1.1148E-10 1.2310E-10 1.4253E-10 1.6340E-10 1.8346E-10 1.9794E-10 2.2059E-10 2.3693E-10 2.5746E-10 2.7663E-10 2.9654E-10 3.1623E-10 3.3503E-10 3.5875E-10 3.7730E-10 3.9480E-10 4.1406E-10 4.2982E-10 4.4648E-10 4.6468E-10 4.7717E-10 4.8886E-10 5.0079E-10 5.1115E-10 5.1687E-10 5.2320E-10 5.2374E-10 5.1992E-10 5.1719E-10 5.0491E-10 4.9636E-10 4.7845E-10 4.5822E-10 4.3655E-10 4.2100E-10 3.9873E-10 3.7036E-10 3.4851E-10 3.2554E-10 2.9662E-10 2.8204E-10 2.6219E-10 2.4932E-10 2.2920E-10
