Assets/Resources/2015_m01_d13_2000(utc+0800)_l00_csi_1hr_conc.grd
DSAA
         159         159
     -79.000      79.000
     -79.000      79.000
  0.0000E+00  0.1809E-04
[rows 0 to 24 of 159, columns 0 to 56 of 159]
2.6482E-10 2.5540E-10 2.4482E-10 2.3369E-10 2.2265E-10 2.1006E-10 1.9709E-10 1.8390E-10 1.7060E-10 1.5730E-10 1.4412E-10 1.2815E-10 1.0543E-10 7.4018E-11 4.0236E-11 2.7821E-11 2.5375E-11 2.2865E-11 1.7201E-11 7.4221E-12 2.5076E-12 2.4166E-12 2.3213E-12 2.2224E-12 0.0000E+00 0.0000E+00 0.0000E+00 0.0000E+00 0.0000E+00 0.0000E+00 0.0000E+00 0.0000E+00 0.0000E+00 0.0000E+00 0.0000E+00 0.0000E+00 0.0000E+00 0.0000E+00 0.0000E+00 0.0000E+00 0.0000E+00 0.0000E+00 0.0000E+00 0.0000E+00 0.0000E+00 0.0000E+00 0.0000E+00 0.0000E+00 0.0000E+00 0.0000E+00 0.0000E+00 0.0000E+00 0.0000E+00 0.0000E+00 0.0000E+00 0.0000E+00 0.0000E+00
3.0204E-10 2.9107E-10 2.7933E-10 2.6689E-10 2.5461E-10 2.4231E-10 2.2833E-10 2.1401E-10 1.9947E-10 1.8484E-10 1.7024E-10 1.5581E-10 1.3856E-10 1.1451E-10 8.5906E-11 4.7258E-11 3.5233E-11 3.2319E-11 2.9225E-11 2.0190E-11 1.0475E-11 5.4092E-12 5.2051E-12 2.6179E-12 2.4982E-12 2.3762E-12 2.2527E-12 2.1287E-12 2.0049E-12 1.1549E-12 1.0242E-13 0.0000E+00 0.0000E+00 0.0000E+00 0.0000E+00 0.0000E+00 0.0000E+00 0.0000E+00 0.0000E+00 0.0000E+00 0.0000E+00 0.0000E+00 0.0000E+00 0.0000E+00 0.0000E+00 0.0000E+00 0.0000E+00 0.0000E+00 0.0000E+00 0.0000E+00 0.0000E+00 0.0000E+00 0.0000E+00 0.0000E+00 0.0000E+00 0.0000E+00 0.0000E+00
3.4032E-10 3.2996E-10 3.1780E-10 3.0967E-10 2.9567E-10 2.8179E-10 2.6772E-10 2.5200E-10 2.3719E-10 2.2181E-10 2.0548E-10 1.8922E-10 1.7318E-10 1.4744E-10 1.2403E-10 8.9615E-11 5.7738E-11 4.2919E-11 3.9412E-11 3.5831E-11 2.6631E-11 1.8426E-11 1.0778E-11 7.9499E-12 7.6206E-12 7.2799E-12 6.9304E-12 4.8139E-12 4.5398E-12 4.1853E-12 2.8344E-12 1.6488E-12 5.2243E-13 0.0000E+00 0.0000E+00 0.0000E+00 0.0000E+00 0.0000E+00 0.0000E+00 0.0000E+00 0.0000E+00 0.0000E+00 0.0000E+00 0.0000E+00 0.0000E+00 0.0000E+00 0.0000E+00 0.0000E+00 0.0000E+00 0.0000E+00 0.0000E+00 0.0000E+00 0.0000E+00 0.0000E+00 0.0000E+00 0.0000E+00 0.0000E+00
3.8880E-10 3.7840E-10 3.6632E-10 3.5366E-10 3.4011E-10 3.2466E-10 3.0843E-10 2.9154E-10 2.7414E-10 2.5743E-10 2.4056E-10 2.2257E-10 2.0471E-10 1.8714E-10 1.6188E-10 1.3697E-10 9.8924E-11 6.9223E-11 5.1449E-11 4.7353E-11 4.3561E-11 3.2953E-11 1.9095E-11 1.7411E-11 1.6720E-11 1.5999E-11 1.5225E-11 1.3281E-11 9.9284E-12 8.8899E-12 6.6655E-12 4.3847E-12 3.4472E-12 2.0352E-12 6.5799E-13 0.0000E+00 0.0000E+00 0.0000E+00 0.0000E+00 0.0000E+00 0.0000E+00 0.0000E+00 0.0000E+00 0.0000E+00 0.0000E+00 0.0000E+00 0.0000E+00 0.0000E+00 0.0000E+00 0.0000E+00 0.0000E+00 0.0000E+00 0.0000E+00 0.0000E+00 0.0000E+00 0.0000E+00 0.0000E+00
4.3877E-10 4.2769E-10 4.1478E-10 4.0066E-10 3.8673E-10 3.7629E-10 3.5886E-10 3.4057E-10 3.2298E-10 3.0420E-10 2.8430E-10 2.6420E-10 2.4408E-10 2.2415E-10 2.0321E-10 1.7690E-10 1.4306E-10 1.1033E-10 7.7427E-11 6.0385E-11 5.5419E-11 4.8548E-11 3.8148E-11 2.9058E-11 2.7943E-11 2.6774E-11 2.5560E-11 2.3403E-11 1.9218E-11 1.8002E-11 1.1497E-11 9.6356E-12 8.0110E-12 5.4475E-12 3.6684E-12 2.1194E-12 5.6551E-13 0.0000E+00 0.0000E+00 0.0000E+00 0.0000E+00 0.0000E+00 0.0000E+00 0.0000E+00 0.0000E+00 0.0000E+00 0.0000E+00 0.0000E+00 0.0000E+00 0.0000E+00 0.0000E+00 0.0000E+00 0.0000E+00 0.0000E+00 0.0000E+00 0.0000E+00 0.0000E+00
4.9817E-10 4.8768E-10 4.7476E-10 4.6132E-10 4.4643E-10 4.2946E-10 4.1253E-10 3.9481E-10 3.7575E-10 3.5477E-10 3.3320E-10 3.1123E-10 2.9015E-10 2.6924E-10 2.4707E-10 2.2252E-10 1.9564E-10 1.5715E-10 1.2119E-10 8.8650E-11 7.0830E-11 6.5594E-11 5.7525E-11 4.9034E-11 4.1085E-11 3.9428E-11 3.7698E-11 3.4459E-11 2.8418E-11 2.3724E-11 2.1964E-11 1.8693E-11 1.4946E-11 1.2436E-11 8.9442E-12 5.8464E-12 3.7059E-12 1.7503E-12 3.0062E-13 0.0000E+00 0.0000E+00 0.0000E+00 0.0000E+00 0.0000E+00 0.0000E+00 0.0000E+00 0.0000E+00 0.0000E+00 0.0000E+00 0.0000E+00 0.0000E+00 0.0000E+00 0.0000E+00 0.0000E+00 0.0000E+00 0.0000E+00 0.0000E+00
5.5885E-10 5.4844E-10 5.3672E-10 5.2319E-10 5.0841E-10 4.9095E-10 4.7286E-10 4.5383E-10 4.3236E-10 4.1057E-10 3.8872E-10 3.6492E-10 3.4064E-10 3.1615E-10 2.9144E-10 2.6677E-10 2.4230E-10 2.0304E-10 1.6635E-10 1.3251E-10 9.8987E-11 8.0453E-11 7.5230E-11 6.6705E-11 5.9873E-11 5.4787E-11 5.2453E-11 4.9582E-11 4.2009E-11 3.6102E-11 3.3655E-11 2.8633E-11 2.5462E-11 2.0682E-11 1.5624E-11 1.3043E-11 9.1825E-12 5.6760E-12 3.3278E-12 1.0476E-12 0.0000E+00 0.0000E+00 0.0000E+00 0.0000E+00 0.0000E+00 0.0000E+00 0.0000E+00 0.0000E+00 0.0000E+00 0.0000E+00 0.0000E+00 0.0000E+00 0.0000E+00 0.0000E+00 0.0000E+00 0.0000E+00 0.0000E+00
6.2562E-10 6.1613E-10 6.0419E-10 5.9113E-10 5.7577E-10 5.5922E-10 5.4004E-10 5.1882E-10 4.9613E-10 4.7267E-10 4.4912E-10 4.2355E-10 3.9702E-10 3.7021E-10 3.4453E-10 3.1741E-10 2.8995E-10 2.6276E-10 2.2133E-10 1.7502E-10 1.4380E-10 1.0939E-10 9.4076E-11 8.5704E-11 7.6685E-11 6.8331E-11 6.4814E-11 6.1860E-11 5.8232E-11 5.3895E-11 5.0384E-11 4.1942E-11 3.7889E-11 3.2959E-11 2.7015E-11 2.1188E-11 1.5890E-11 1.2835E-11 8.7364E-12 5.1261E-12 2.2780E-12 3.8895E-13 0.0000E+00 0.0000E+00 0.0000E+00 0.0000E+00 0.0000E+00 0.0000E+00 0.0000E+00 0.0000E+00 0.0000E+00 0.0000E+00 0.0000E+00 0.0000E+00 0.0000E+00 0.0000E+00 0.0000E+00
7.0062E-10 6.9238E-10 6.8192E-10 6.6816E-10 6.5233E-10 6.3508E-10 6.1699E-10 5.9490E-10 5.7286E-10 5.4840E-10 5.2187E-10 4.9413E-10 4.6575E-10 4.3944E-10 4.0989E-10 3.7932E-10 3.4877E-10 3.1823E-10 2.8861E-10 2.4501E-10 1.9725E-10 1.5727E-10 1.3019E-10 1.1456E-10 1.0598E-10 9.5409E-11 8.6598E-11 8.2608E-11 7.7461E-11 7.1479E-11 6.6771E-11 6.2355E-11 5.4967E-11 4.8261E-11 4.2652E-11 3.6948E-11 3.0799E-11 2.1681E-11 1.8007E-11 1.4049E-11 9.4831E-12 5.4680E-12 1.0186E-12 0.0000E+00 0.0000E+00 0.0000E+00 0.0000E+00 0.0000E+00 0.0000E+00 0.0000E+00 0.0000E+00 0.0000E+00 0.0000E+00 0.0000E+00 0.0000E+00 0.0000E+00 0.0000E+00
7.8218E-10 7.7370E-10 7.6330E-10 7.5163E-10 7.3774E-10 7.2139E-10 7.0144E-10 6.7946E-10 6.5631E-10 6.3163E-10 6.0422E-10 5.7628E-10 5.4815E-10 5.1728E-10 4.8466E-10 4.5101E-10 4.1714E-10 3.8314E-10 3.4976E-10 3.1398E-10 2.6045E-10 2.2147E-10 1.7859E-10 1.5061E-10 1.3828E-10 1.2722E-10 1.1794E-10 1.0946E-10 1.0357E-10 9.8225E-11 9.3124E-11 8.7134E-11 7.6920E-11 6.9617E-11 5.9645E-11 5.0075E-11 4.3544E-11 3.7018E-11 3.0287E-11 2.3297E-11 1.8737E-11 1.3785E-11 7.5104E-12 1.8187E-12 7.4404E-14 0.0000E+00 0.0000E+00 0.0000E+00 0.0000E+00 0.0000E+00 0.0000E+00 0.0000E+00 0.0000E+00 0.0000E+00 0.0000E+00 0.0000E+00 0.0000E+00
8.6967E-10 8.6557E-10 8.5793E-10 8.4652E-10 8.3219E-10 8.1590E-10 7.9757E-10 7.7677E-10 7.5411E-10 7.2869E-10 7.0008E-10 6.6987E-10 6.3873E-10 6.0485E-10 5.6955E-10 5.3373E-10 4.9775E-10 4.6023E-10 4.2296E-10 3.8710E-10 3.4628E-10 3.0453E-10 2.5009E-10 2.0852E-10 1.8415E-10 1.6784E-10 1.5625E-10 1.4400E-10 1.3716E-10 1.3095E-10 1.2453E-10 1.1727E-10 1.0882E-10 9.9518E-11 9.1395E-11 8.0788E-11 6.7566E-11 5.6715E-11 4.8663E-11 3.8755E-11 3.1059E-11 2.5594E-11 1.9663E-11 8.7822E-12 2.8499E-12 2.8619E-13 0.0000E+00 0.0000E+00 0.0000E+00 0.0000E+00 0.0000E+00 0.0000E+00 0.0000E+00 0.0000E+00 0.0000E+00 0.0000E+00 0.0000E+00
9.6769E-10 9.6312E-10 9.5576E-10 9.4682E-10 9.3567E-10 9.2123E-10 9.0382E-10 8.8284E-10 8.5923E-10 8.3314E-10 8.0324E-10 7.7212E-10 7.3964E-10 7.0387E-10 6.6672E-10 6.2828E-10 5.8786E-10 5.4660E-10 5.0523E-10 4.6508E-10 4.2614E-10 3.8445E-10 3.3967E-10 2.9950E-10 2.4257E-10 2.1246E-10 1.9684E-10 1.8355E-10 1.7228E-10 1.6475E-10 1.5694E-10 1.4798E-10 1.3855E-10 1.2881E-10 1.2032E-10 1.0765E-10 9.4561E-11 8.2007E-11 6.6593E-11 5.4657E-11 4.2722E-11 3.5154E-11 2.9770E-11 2.0881E-11 9.0456E-12 3.9564E-12 5.6705E-13 0.0000E+00 0.0000E+00 0.0000E+00 0.0000E+00 0.0000E+00 0.0000E+00 0.0000E+00 0.0000E+00 0.0000E+00 0.0000E+00
1.0697E-09 1.0688E-09 1.0668E-09 1.0609E-09 1.0512E-09 1.0379E-09 1.0218E-09 1.0015E-09 9.7778E-10 9.5190E-10 9.2199E-10 8.9027E-10 8.5619E-10 8.1683E-10 7.7704E-10 7.3555E-10 6.9286E-10 6.4808E-10 6.0405E-10 5.6044E-10 5.1701E-10 4.7731E-10 4.4221E-10 3.9291E-10 3.5645E-10 2.8947E-10 2.5146E-10 2.3649E-10 2.2288E-10 2.1097E-10 2.0078E-10 1.9000E-10 1.7900E-10 1.6766E-10 1.5630E-10 1.4508E-10 1.3271E-10 1.1678E-10 1.0095E-10 8.3126E-11 6.3254E-11 4.9260E-11 4.0900E-11 3.5294E-11 2.0588E-11 1.0061E-11 4.8792E-12 8.0340E-13 0.0000E+00 0.0000E+00 0.0000E+00 0.0000E+00 0.0000E+00 0.0000E+00 0.0000E+00 0.0000E+00 0.0000E+00
1.1823E-09 1.1865E-09 1.1862E-09 1.1821E-09 1.1750E-09 1.1633E-09 1.1483E-09 1.1297E-09 1.1074E-09 1.0817E-09 1.0513E-09 1.0180E-09 9.8234E-10 9.4202E-10 9.0020E-10 8.5520E-10 8.0702E-10 7.5863E-10 7.1010E-10 6.6078E-10 6.1228E-10 5.6737E-10 5.2743E-10 4.9131E-10 4.5147E-10 4.0592E-10 3.7163E-10 2.9476E-10 2.7138E-10 2.5480E-10 2.4387E-10 2.3194E-10 2.1969E-10 2.0750E-10 1.9431E-10 1.8151E-10 1.6625E-10 1.5006E-10 1.3498E-10 1.1559E-10 9.2470E-11 6.9795E-11 5.3499E-11 4.3673E-11 3.4336E-11 1.8898E-11 1.1179E-11 5.4823E-12 1.0358E-12 0.0000E+00 0.0000E+00 0.0000E+00 0.0000E+00 0.0000E+00 0.0000E+00 0.0000E+00 0.0000E+00
1.3062E-09 1.3132E-09 1.3165E-09 1.3158E-09 1.3124E-09 1.3042E-09 1.2924E-09 1.2761E-09 1.2547E-09 1.2301E-09 1.2010E-09 1.1684E-09 1.1319E-09 1.0902E-09 1.0462E-09 9.9917E-10 9.4786E-10 8.9500E-10 8.4056E-10 7.8613E-10 7.3259E-10 6.8254E-10 6.3745E-10 5.9640E-10 5.5944E-10 5.2229E-10 4.8049E-10 4.3530E-10 3.6091E-10 3.2176E-10 3.0479E-10 2.9062E-10 2.7647E-10 2.6081E-10 2.4523E-10 2.2901E-10 2.1224E-10 1.9488E-10 1.7685E-10 1.5782E-10 1.3826E-10 1.0879E-10 8.6450E-11 6.6549E-11 5.2255E-11 3.1031E-11 1.8158E-11 1.1965E-11 5.8475E-12 1.1150E-12 0.0000E+00 0.0000E+00 0.0000E+00 0.0000E+00 0.0000E+00 0.0000E+00 0.0000E+00
1.4368E-09 1.4472E-09 1.4549E-09 1.4597E-09 1.4597E-09 1.4548E-09 1.4448E-09 1.4311E-09 1.4119E-09 1.3894E-09 1.3609E-09 1.3274E-09 1.2906E-09 1.2484E-09 1.2011E-09 1.1498E-09 1.0948E-09 1.0375E-09 9.7837E-10 9.1845E-10 8.5923E-10 8.0333E-10 7.5234E-10 7.0561E-10 6.6314E-10 6.2423E-10 5.8408E-10 5.4699E-10 4.9039E-10 4.5230E-10 3.7114E-10 3.4691E-10 3.2948E-10 3.1158E-10 2.9298E-10 2.7295E-10 2.5286E-10 2.3200E-10 2.1068E-10 1.8960E-10 1.6932E-10 1.5002E-10 1.2122E-10 9.4431E-11 7.4979E-11 5.1029E-11 2.7051E-11 1.8790E-11 1.2531E-11 5.8542E-12 1.0554E-12 0.0000E+00 0.0000E+00 0.0000E+00 0.0000E+00 0.0000E+00 0.0000E+00
1.5759E-09 1.5926E-09 1.6064E-09 1.6150E-09 1.6188E-09 1.6181E-09 1.6126E-09 1.6029E-09 1.5870E-09 1.5656E-09 1.5391E-09 1.5068E-09 1.4687E-09 1.4250E-09 1.3759E-09 1.3222E-09 1.2640E-09 1.2026E-09 1.1389E-09 1.0737E-09 1.0086E-09 9.4672E-10 8.8955E-10 8.3682E-10 7.8841E-10 7.4373E-10 7.0153E-10 6.5772E-10 6.1604E-10 5.6611E-10 5.1855E-10 4.3624E-10 3.9730E-10 3.7633E-10 3.5349E-10 3.3045E-10 3.0587E-10 2.8012E-10 2.5556E-10 2.3014E-10 2.0633E-10 1.8350E-10 1.6215E-10 1.3636E-10 1.0774E-10 8.4487E-11 4.9292E-11 2.5733E-11 1.9097E-11 1.2712E-11 5.5292E-12 8.2515E-13 0.0000E+00 0.0000E+00 0.0000E+00 0.0000E+00 0.0000E+00
1.7275E-09 1.7499E-09 1.7688E-09 1.7824E-09 1.7916E-09 1.7972E-09 1.7976E-09 1.7901E-09 1.7782E-09 1.7593E-09 1.7344E-09 1.7030E-09 1.6650E-09 1.6210E-09 1.5706E-09 1.5148E-09 1.4536E-09 1.3882E-09 1.3200E-09 1.2494E-09 1.1782E-09 1.1100E-09 1.0461E-09 9.8683E-10 9.3185E-10 8.8070E-10 8.3214E-10 7.8604E-10 7.3334E-10 6.8827E-10 6.3475E-10 5.8117E-10 5.1311E-10 4.5010E-10 4.2343E-10 3.9526E-10 3.6569E-10 3.3614E-10 3.0625E-10 2.7651E-10 2.4853E-10 2.2115E-10 1.9569E-10 1.6852E-10 1.4399E-10 1.2100E-10 8.2522E-11 4.4092E-11 2.6376E-11 1.9705E-11 1.2526E-11 4.9396E-12 3.9960E-13 0.0000E+00 0.0000E+00 0.0000E+00 0.0000E+00
1.8993E-09 1.9268E-09 1.9494E-09 1.9688E-09 1.9844E-09 1.9928E-09 1.9941E-09 1.9919E-09 1.9897E-09 1.9693E-09 1.9466E-09 1.9168E-09 1.8800E-09 1.8362E-09 1.7851E-09 1.7275E-09 1.6638E-09 1.5947E-09 1.5220E-09 1.4461E-09 1.3686E-09 1.2937E-09 1.2228E-09 1.1565E-09 1.0945E-09 1.0363E-09 9.8076E-10 9.2746E-10 8.7535E-10 8.1691E-10 7.6504E-10 7.1141E-10 6.4691E-10 5.8349E-10 5.0823E-10 4.6972E-10 4.3506E-10 4.0056E-10 3.6491E-10 3.3104E-10 2.9770E-10 2.6560E-10 2.3560E-10 2.0721E-10 1.8093E-10 1.5352E-10 1.2405E-10 7.9799E-11 4.4044E-11 2.8401E-11 1.9843E-11 1.2003E-11 4.1903E-12 0.0000E+00 0.0000E+00 0.0000E+00 0.0000E+00
2.0833E-09 2.1171E-09 2.1481E-09 2.1751E-09 2.1971E-09 2.2128E-09 2.2214E-09 2.2227E-09 2.2164E-09 2.2035E-09 2.1848E-09 2.1543E-09 2.1194E-09 2.0767E-09 2.0256E-09 1.9668E-09 1.9010E-09 1.8286E-09 1.7516E-09 1.6702E-09 1.5863E-09 1.5044E-09 1.4259E-09 1.3515E-09 1.2800E-09 1.2131E-09 1.1501E-09 1.0885E-09 1.0290E-09 9.7037E-10 9.0294E-10 8.4590E-10 7.8452E-10 7.1913E-10 6.5168E-10 5.6191E-10 5.1443E-10 4.7308E-10 4.3252E-10 3.9293E-10 3.5373E-10 3.1748E-10 2.8134E-10 2.4758E-10 2.1617E-10 1.8727E-10 1.6089E-10 1.1502E-10 7.1969E-11 4.6871E-11 2.9002E-11 1.9185E-11 1.1166E-11 3.2623E-12 0.0000E+00 0.0000E+00 0.0000E+00
2.2802E-09 2.3244E-09 2.3643E-09 2.3993E-09 2.4279E-09 2.4494E-09 2.4655E-09 2.4743E-09 2.4756E-09 2.4657E-09 2.4461E-09 2.4219E-09 2.3865E-09 2.3413E-09 2.2908E-09 2.2315E-09 2.1640E-09 2.0886E-09 2.0071E-09 1.9202E-09 1.8295E-09 1.7400E-09 1.6533E-09 1.5706E-09 1.4917E-09 1.4159E-09 1.3399E-09 1.2665E-09 1.1964E-09 1.1276E-09 1.0563E-09 9.8849E-10 9.1880E-10 8.5098E-10 7.7765E-10 7.0227E-10 6.0953E-10 5.5031E-10 5.0381E-10 4.5737E-10 4.1339E-10 3.7004E-10 3.2898E-10 2.8963E-10 2.5297E-10 2.1917E-10 1.8837E-10 1.5044E-10 1.0164E-10 7.1529E-11 4.9510E-11 2.8752E-11 1.7652E-11 9.1661E-12 2.1943E-12 0.0000E+00 0.0000E+00
2.4878E-09 2.5419E-09 2.5910E-09 2.6338E-09 2.6706E-09 2.7024E-09 2.7275E-09 2.7438E-09 2.7510E-09 2.7495E-09 2.7391E-09 2.7161E-09 2.6811E-09 2.6382E-09 2.5867E-09 2.5233E-09 2.4549E-09 2.3772E-09 2.2919E-09 2.1999E-09 2.1024E-09 2.0053E-09 1.9101E-09 1.8182E-09 1.7298E-09 1.6448E-09 1.5618E-09 1.4799E-09 1.3960E-09 1.3168E-09 1.2361E-09 1.1574E-09 1.0731E-09 9.9558E-10 9.1678E-10 8.3505E-10 7.4859E-10 6.5150E-10 5.8536E-10 5.3337E-10 4.8181E-10 4.3163E-10 3.8445E-10 3.3863E-10 2.9586E-10 2.5636E-10 2.2031E-10 1.8691E-10 1.3394E-10 8.8606E-11 7.1355E-11 4.9499E-11 2.7501E-11 1.5643E-11 6.7319E-12 1.0259E-12 0.0000E+00
2.7063E-09 2.7700E-09 2.8276E-09 2.8800E-09 2.9284E-09 2.9695E-09 3.0025E-09 3.0267E-09 3.0427E-09 3.0500E-09 3.0459E-09 3.0301E-09 3.0028E-09 2.9638E-09 2.9134E-09 2.8519E-09 2.7783E-09 2.6967E-09 2.6083E-09 2.5116E-09 2.4079E-09 2.3030E-09 2.2005E-09 2.0999E-09 2.0041E-09 1.9070E-09 1.8125E-09 1.7195E-09 1.6281E-09 1.5357E-09 1.4423E-09 1.3522E-09 1.2579E-09 1.1612E-09 1.0688E-09 9.7826E-10 8.8351E-10 7.8931E-10 6.9270E-10 6.2078E-10 5.6095E-10 5.0434E-10 4.4668E-10 3.9440E-10 3.4472E-10 2.9877E-10 2.5676E-10 2.1881E-10 1.7094E-10 1.1566E-10 8.7809E-11 7.1424E-11 4.7781E-11 2.5395E-11 1.3351E-11 4.2492E-12 8.9599E-14
2.9366E-09 3.0100E-09 3.0790E-09 3.1447E-09 3.2032E-09 3.2540E-09 3.2967E-09 3.3321E-09 3.3585E-09 3.3731E-09 3.3760E-09 3.3667E-09 3.3456E-09 3.3114E-09 3.2629E-09 3.2021E-09 3.1299E-09 3.0464E-09 2.9541E-09 2.8542E-09 2.7452E-09 2.6326E-09 2.5199E-09 2.4088E-09 2.2994E-09 2.1939E-09 2.0899E-09 1.9865E-09 1.8838E-09 1.7797E-09 1.6777E-09 1.5765E-09 1.4736E-09 1.3661E-09 1.2534E-09 1.1452E-09 1.0465E-09 9.3469E-10 8.3646E-10 7.2961E-10 6.5415E-10 5.8776E-10 5.2281E-10 4.5738E-10 4.0038E-10 3.4769E-10 2.9885E-10 2.5465E-10 2.0919E-10 1.4987E-10 1.0215E-10 8.6217E-11 6.9376E-11 4.4701E-11 2.2336E-11 1.0790E-11 2.5464E-12
3.1770E-09 3.2636E-09 3.3474E-09 3.4245E-09 3.4945E-09 3.5569E-09 3.6128E-09 3.6598E-09 3.6955E-09 3.7198E-09 3.7319E-09 3.7317E-09 3.7171E-09 3.6873E-09 3.6425E-09 3.5825E-09 3.5104E-09 3.4261E-09 3.3293E-09 3.2220E-09 3.1059E-09 2.9861E-09 2.8668E-09 2.7461E-09 2.6254E-09 2.5065E-09 2.3878E-09 2.2701E-09 2.1523E-09 2.0363E-09 1.9208E-09 1.8048E-09 1.6931E-09 1.5793E-09 1.4647E-09 1.3438E-09 1.2159E-09 1.0907E-09 9.7745E-10 8.5546E-10 7.5706E-10 6.7208E-10 5.9743E-10 5.2645E-10 4.5830E-10 3.9606E-10 3.4042E-10 2.9003E-10 2.4476E-10 1.8466E-10 1.2385E-10 9.7884E-11 8.3891E-11 6.6412E-11 3.9851E-11 1.8082E-11 7.2194E-12
