Assets/Resources/2015_m01_d27_1700(utc+0800)_l00_csi_1hr_conc.grd
DSAA
         159         159
     -79.000      79.000
     -79.000      79.000
  0.0000E+00  0.1330E-04
[rows 50 to 74 of 159, columns 57 to 113 of 159]
0.0000E+00 0.0000E+00 2.2810E-12 6.2070E-12 1.8549E-11 5.5024E-11 1.6900E-10 3.5323E-10 6.4959E-10 1.0428E-09 1.6408E-09 2.5012E-09 3.6749E-09 5.2204E-09 7.1394E-09 9.4317E-09 1.2003E-08 1.4745E-08 1.7506E-08 2.0105E-08 2.2358E-08 2.4080E-08 2.5174E-08 2.5577E-08 2.5260E-08 2.4304E-08 2.2813E-08 2.0918E-08 1.8780E-08 1.6549E-08 1.4330E-08 1.2213E-08 1.0281E-08 8.5303E-09 7.0017E-09 5.6560E-09 4.5466E-09 3.6180E-09 2.8457E-09 2.2077E-09 1.6956E-09 1.2937E-09 9.6991E-10 7.1650E-10 5.2337E-10 3.7694E-10 2.6488E-10 1.7932E-10 1.1316E-10 3.1796E-11 5.7596E-12 8.3218E-14 0.0000E+00 0.0000E+00 0.0000E+00 0.0000E+00 0.0000E+00
0.0000E+00 0.0000E+00 1.2069E-12 5.7639E-12 1.6798E-11 4.1502E-11 1.5814E-10 3.4366E-10 6.3792E-10 1.0536E-09 1.6609E-09 2.5783E-09 3.8532E-09 5.5452E-09 7.7000E-09 1.0292E-08 1.3240E-08 1.6410E-08 1.9594E-08 2.2567E-08 2.5082E-08 2.6991E-08 2.8108E-08 2.8352E-08 2.7772E-08 2.6446E-08 2.4528E-08 2.2216E-08 1.9693E-08 1.7098E-08 1.4587E-08 1.2249E-08 1.0145E-08 8.3058E-09 6.7227E-09 5.3651E-09 4.2615E-09 3.3553E-09 2.6012E-09 1.9968E-09 1.5194E-09 1.1439E-09 8.4791E-10 6.1955E-10 4.4963E-10 3.1991E-10 2.1709E-10 1.4113E-10 5.9903E-11 1.1532E-11 1.8413E-12 0.0000E+00 0.0000E+00 0.0000E+00 0.0000E+00 0.0000E+00 0.0000E+00
0.0000E+00 0.0000E+00 0.0000E+00 5.2549E-12 1.4112E-11 3.5316E-11 1.4006E-10 3.3868E-10 6.2394E-10 1.0788E-09 1.6988E-09 2.6524E-09 4.0223E-09 5.8751E-09 8.2657E-09 1.1198E-08 1.4596E-08 1.8252E-08 2.1959E-08 2.5391E-08 2.8297E-08 3.0390E-08 3.1486E-08 3.1573E-08 3.0642E-08 2.8839E-08 2.6417E-08 2.3570E-08 2.0547E-08 1.7559E-08 1.4740E-08 1.2191E-08 9.9398E-09 8.0111E-09 6.3430E-09 5.0311E-09 3.9502E-09 3.0621E-09 2.3406E-09 1.7817E-09 1.3363E-09 9.9423E-10 7.2423E-10 5.2581E-10 3.7429E-10 2.6566E-10 1.7029E-10 9.1103E-11 1.6771E-11 5.7623E-12 0.0000E+00 0.0000E+00 0.0000E+00 0.0000E+00 0.0000E+00 0.0000E+00 0.0000E+00
0.0000E+00 0.0000E+00 0.0000E+00 3.7170E-12 1.2755E-11 3.2739E-11 1.2667E-10 3.2190E-10 6.1499E-10 1.0685E-09 1.7207E-09 2.7048E-09 4.1774E-09 6.1834E-09 8.8225E-09 1.2131E-08 1.6005E-08 2.0255E-08 2.4563E-08 2.8573E-08 3.1900E-08 3.4208E-08 3.5347E-08 3.5185E-08 3.3820E-08 3.1464E-08 2.8386E-08 2.4924E-08 2.1386E-08 1.7950E-08 1.4795E-08 1.2009E-08 9.6235E-09 7.6243E-09 5.9504E-09 4.6599E-09 3.6065E-09 2.7504E-09 2.0783E-09 1.5608E-09 1.1530E-09 8.4845E-10 6.0678E-10 4.3746E-10 3.0740E-10 2.0364E-10 1.1590E-10 3.7010E-11 9.9235E-12 1.2507E-12 0.0000E+00 0.0000E+00 0.0000E+00 0.0000E+00 0.0000E+00 0.0000E+00 0.0000E+00
0.0000E+00 0.0000E+00 0.0000E+00 1.8753E-12 1.1002E-11 2.6667E-11 1.1133E-10 2.8686E-10 5.8826E-10 1.0565E-09 1.7375E-09 2.7505E-09 4.2822E-09 6.4376E-09 9.3339E-09 1.3019E-08 1.7428E-08 2.2314E-08 2.7346E-08 3.2030E-08 3.5900E-08 3.8564E-08 3.9684E-08 3.9228E-08 3.7339E-08 3.4272E-08 3.0455E-08 2.6286E-08 2.2096E-08 1.8170E-08 1.4683E-08 1.1685E-08 9.2113E-09 7.1372E-09 5.5098E-09 4.2524E-09 3.2378E-09 2.4327E-09 1.8138E-09 1.3399E-09 9.7698E-10 7.1121E-10 5.0036E-10 3.5025E-10 2.4054E-10 1.4452E-10 5.9138E-11 1.2955E-11 4.2665E-12 0.0000E+00 0.0000E+00 0.0000E+00 0.0000E+00 0.0000E+00 0.0000E+00 0.0000E+00 0.0000E+00
0.0000E+00 0.0000E+00 0.0000E+00 4.9472E-13 7.0949E-12 2.1040E-11 9.6789E-11 2.5808E-10 5.4282E-10 1.0084E-09 1.7027E-09 2.7440E-09 4.3346E-09 6.6359E-09 9.7545E-09 1.3824E-08 1.8776E-08 2.4394E-08 3.0232E-08 3.5745E-08 4.0325E-08 4.3313E-08 4.4507E-08 4.3756E-08 4.1192E-08 3.7303E-08 3.2554E-08 2.7508E-08 2.2664E-08 1.8241E-08 1.4406E-08 1.1220E-08 8.6557E-09 6.5572E-09 5.0324E-09 3.8156E-09 2.8580E-09 2.1177E-09 1.5513E-09 1.1298E-09 8.1391E-10 5.8333E-10 3.9998E-10 2.6849E-10 1.6656E-10 7.9572E-11 1.5174E-11 6.7418E-12 4.6666E-13 0.0000E+00 0.0000E+00 0.0000E+00 0.0000E+00 0.0000E+00 0.0000E+00 0.0000E+00 0.0000E+00
0.0000E+00 0.0000E+00 0.0000E+00 0.0000E+00 3.8564E-12 1.7339E-11 7.2625E-11 2.2099E-10 4.7763E-10 9.4614E-10 1.6391E-09 2.7081E-09 4.3289E-09 6.7141E-09 1.0044E-08 1.4467E-08 1.9981E-08 2.6352E-08 3.3104E-08 3.9571E-08 4.4927E-08 4.8538E-08 4.9847E-08 4.8654E-08 4.5346E-08 4.0428E-08 3.4602E-08 2.8607E-08 2.2953E-08 1.8005E-08 1.3891E-08 1.0593E-08 7.9718E-09 5.9782E-09 4.5133E-09 3.3650E-09 2.4836E-09 1.8187E-09 1.3017E-09 9.3333E-10 6.6237E-10 4.5592E-10 3.0215E-10 1.8970E-10 1.0506E-10 2.5222E-11 8.2976E-12 2.0788E-12 0.0000E+00 0.0000E+00 0.0000E+00 0.0000E+00 0.0000E+00 0.0000E+00 0.0000E+00 0.0000E+00 0.0000E+00
0.0000E+00 0.0000E+00 0.0000E+00 0.0000E+00 1.0394E-12 1.1062E-11 4.6474E-11 1.8372E-10 4.1489E-10 8.4623E-10 1.5219E-09 2.5863E-09 4.2057E-09 6.6847E-09 1.0166E-08 1.4904E-08 2.0961E-08 2.8104E-08 3.5880E-08 4.3434E-08 4.9831E-08 5.4035E-08 5.5457E-08 5.3959E-08 4.9727E-08 4.3568E-08 3.6490E-08 2.9371E-08 2.2921E-08 1.7490E-08 1.3144E-08 9.7861E-09 7.1281E-09 5.3494E-09 3.9731E-09 2.9122E-09 2.1208E-09 1.5261E-09 1.0702E-09 7.4656E-10 5.2734E-10 3.3563E-10 2.1431E-10 1.1785E-10 4.4490E-11 9.0530E-12 3.2094E-12 4.3917E-15 0.0000E+00 0.0000E+00 0.0000E+00 0.0000E+00 0.0000E+00 0.0000E+00 0.0000E+00 0.0000E+00 0.0000E+00
0.0000E+00 0.0000E+00 0.0000E+00 0.0000E+00 0.0000E+00 5.1244E-12 2.3880E-11 1.3185E-10 3.3866E-10 7.2464E-10 1.3782E-09 2.4165E-09 3.9964E-09 6.4455E-09 1.0019E-08 1.4990E-08 2.1515E-08 2.9458E-08 3.8283E-08 4.7136E-08 5.4729E-08 5.9856E-08 6.1597E-08 5.9527E-08 5.4174E-08 4.6618E-08 3.8052E-08 2.9735E-08 2.2437E-08 1.6592E-08 1.2133E-08 8.7591E-09 6.3469E-09 4.6787E-09 3.4135E-09 2.4713E-09 1.7681E-09 1.2372E-09 8.6231E-10 5.8857E-10 3.6168E-10 2.3671E-10 1.3749E-10 6.1869E-11 1.0484E-11 3.8888E-12 5.2900E-13 0.0000E+00 0.0000E+00 0.0000E+00 0.0000E+00 0.0000E+00 0.0000E+00 0.0000E+00 0.0000E+00 0.0000E+00 0.0000E+00
0.0000E+00 0.0000E+00 0.0000E+00 0.0000E+00 0.0000E+00 9.6895E-13 1.3937E-11 6.5804E-11 2.5756E-10 5.7631E-10 1.1765E-09 2.1441E-09 3.6539E-09 6.0336E-09 9.5979E-09 1.4685E-08 2.1548E-08 3.0198E-08 4.0166E-08 5.0395E-08 5.9457E-08 6.5744E-08 6.7868E-08 6.5382E-08 5.8744E-08 4.9338E-08 3.9090E-08 2.9478E-08 2.1454E-08 1.5337E-08 1.0914E-08 7.5991E-09 5.5079E-09 3.9892E-09 2.8656E-09 2.0421E-09 1.4350E-09 9.8233E-10 6.5207E-10 4.3872E-10 2.5556E-10 1.4854E-10 7.1683E-11 1.6780E-11 3.9956E-12 8.9468E-13 0.0000E+00 0.0000E+00 0.0000E+00 0.0000E+00 0.0000E+00 0.0000E+00 0.0000E+00 0.0000E+00 0.0000E+00 0.0000E+00 0.0000E+00
0.0000E+00 0.0000E+00 0.0000E+00 0.0000E+00 0.0000E+00 0.0000E+00 4.7947E-12 2.8268E-11 1.6971E-10 4.2820E-10 9.7582E-10 1.8556E-09 3.2225E-09 5.4266E-09 8.8165E-09 1.3885E-08 2.0925E-08 3.0125E-08 4.1129E-08 5.2977E-08 6.3959E-08 7.1816E-08 7.4682E-08 7.1614E-08 6.3292E-08 5.1781E-08 3.9532E-08 2.8627E-08 1.9966E-08 1.3747E-08 9.4275E-09 6.5004E-09 4.6483E-09 3.3150E-09 2.3413E-09 1.6359E-09 1.1081E-09 7.1787E-10 4.8338E-10 2.7226E-10 1.6411E-10 8.0493E-11 3.0093E-11 5.3928E-12 1.0207E-12 0.0000E+00 0.0000E+00 0.0000E+00 0.0000E+00 0.0000E+00 0.0000E+00 0.0000E+00 0.0000E+00 0.0000E+00 0.0000E+00 0.0000E+00 0.0000E+00
0.0000E+00 0.0000E+00 0.0000E+00 0.0000E+00 0.0000E+00 0.0000E+00 1.2309E-13 1.3690E-11 7.5169E-11 3.0481E-10 7.1206E-10 1.4658E-09 2.6847E-09 4.6716E-09 7.8209E-09 1.2554E-08 1.9545E-08 2.9027E-08 4.0999E-08 5.4560E-08 6.7774E-08 7.7890E-08 8.1902E-08 7.8347E-08 6.8022E-08 5.3839E-08 3.9316E-08 2.7024E-08 1.8004E-08 1.1901E-08 7.8781E-09 5.3818E-09 3.7908E-09 2.6585E-09 1.8400E-09 1.2286E-09 8.3197E-10 5.2033E-10 3.3068E-10 1.7762E-10 8.9062E-11 3.9108E-11 1.1098E-11 9.3965E-13 0.0000E+00 0.0000E+00 0.0000E+00 0.0000E+00 0.0000E+00 0.0000E+00 0.0000E+00 0.0000E+00 0.0000E+00 0.0000E+00 0.0000E+00 0.0000E+00 0.0000E+00
0.0000E+00 0.0000E+00 0.0000E+00 0.0000E+00 0.0000E+00 0.0000E+00 0.0000E+00 2.9832E-12 2.6265E-11 1.8255E-10 5.0494E-10 1.1071E-09 2.1128E-09 3.7941E-09 6.5548E-09 1.0847E-08 1.7446E-08 2.6877E-08 3.9522E-08 5.4979E-08 7.1184E-08 8.4259E-08 8.9954E-08 8.5782E-08 7.2735E-08 5.5348E-08 3.8326E-08 2.4765E-08 1.5578E-08 9.7257E-09 6.2811E-09 4.2928E-09 2.9776E-09 2.0566E-09 1.3861E-09 9.0439E-10 5.3612E-10 3.5904E-10 1.7942E-10 1.0577E-10 4.3089E-11 1.6976E-11 1.5328E-12 0.0000E+00 0.0000E+00 0.0000E+00 0.0000E+00 0.0000E+00 0.0000E+00 0.0000E+00 0.0000E+00 0.0000E+00 0.0000E+00 0.0000E+00 0.0000E+00 0.0000E+00 0.0000E+00
0.0000E+00 0.0000E+00 0.0000E+00 0.0000E+00 0.0000E+00 0.0000E+00 0.0000E+00 0.0000E+00 8.4282E-12 6.5894E-11 3.2617E-10 7.7297E-10 1.5097E-09 2.8700E-09 5.1758E-09 8.8886E-09 1.4630E-08 2.3740E-08 3.6621E-08 5.3694E-08 7.3244E-08 9.0622E-08 9.9075E-08 9.4147E-08 7.7626E-08 5.6026E-08 3.6219E-08 2.1777E-08 1.2811E-08 7.6085E-09 4.8138E-09 3.2825E-09 2.2496E-09 1.5184E-09 9.4902E-10 6.4051E-10 3.6754E-10 2.1888E-10 1.0724E-10 4.9277E-11 2.3134E-11 6.2796E-12 0.0000E+00 0.0000E+00 0.0000E+00 0.0000E+00 0.0000E+00 0.0000E+00 0.0000E+00 0.0000E+00 0.0000E+00 0.0000E+00 0.0000E+00 0.0000E+00 0.0000E+00 0.0000E+00 0.0000E+00
0.0000E+00 0.0000E+00 0.0000E+00 0.0000E+00 0.0000E+00 0.0000E+00 0.0000E+00 0.0000E+00 7.2618E-13 1.5553E-11 1.4586E-10 5.2317E-10 1.0121E-09 2.0409E-09 3.8386E-09 6.8190E-09 1.1707E-08 1.9808E-08 3.2328E-08 5.0718E-08 7.4246E-08 9.7076E-08 1.0921E-07 1.0346E-07 8.2216E-08 5.5590E-08 3.2996E-08 1.8026E-08 9.8310E-09 5.4847E-09 3.5491E-09 2.3844E-09 1.5764E-09 1.0651E-09 6.5349E-10 3.6671E-10 2.3725E-10 1.0924E-10 6.2519E-11 2.5097E-11 1.2804E-11 1.2299E-13 0.0000E+00 0.0000E+00 0.0000E+00 0.0000E+00 0.0000E+00 0.0000E+00 0.0000E+00 0.0000E+00 0.0000E+00 0.0000E+00 0.0000E+00 0.0000E+00 0.0000E+00 0.0000E+00 0.0000E+00
0.0000E+00 0.0000E+00 0.0000E+00 0.0000E+00 0.0000E+00 0.0000E+00 0.0000E+00 0.0000E+00 0.0000E+00 3.3717E-12 3.2732E-11 2.8526E-10 6.4190E-10 1.3126E-09 2.5869E-09 4.8420E-09 8.7583E-09 1.5201E-08 2.6780E-08 4.5730E-08 7.3318E-08 1.0342E-07 1.2117E-07 1.1428E-07 8.6574E-08 5.3607E-08 2.8424E-08 1.3948E-08 6.8044E-09 3.8006E-09 2.4592E-09 1.6093E-09 1.0532E-09 6.3067E-10 3.9924E-10 2.2339E-10 1.1213E-10 6.3565E-11 2.8991E-11 1.3878E-11 3.5063E-12 0.0000E+00 0.0000E+00 0.0000E+00 0.0000E+00 0.0000E+00 0.0000E+00 0.0000E+00 0.0000E+00 0.0000E+00 0.0000E+00 0.0000E+00 0.0000E+00 0.0000E+00 0.0000E+00 0.0000E+00 0.0000E+00
0.0000E+00 0.0000E+00 0.0000E+00 0.0000E+00 0.0000E+00 0.0000E+00 0.0000E+00 0.0000E+00 0.0000E+00 0.0000E+00 5.7473E-12 8.2767E-11 3.6123E-10 7.4967E-10 1.6177E-09 3.1571E-09 5.9117E-09 1.0856E-08 2.0612E-08 3.9135E-08 7.0925E-08 1.1056E-07 1.3594E-07 1.2685E-07 8.9939E-08 4.9880E-08 2.3083E-08 9.6747E-09 4.2941E-09 2.5083E-09 1.5707E-09 9.8186E-10 5.7401E-10 3.7323E-10 1.8996E-10 1.1756E-10 6.0210E-11 3.4183E-11 1.4135E-11 5.2968E-12 0.0000E+00 0.0000E+00 0.0000E+00 0.0000E+00 0.0000E+00 0.0000E+00 0.0000E+00 0.0000E+00 0.0000E+00 0.0000E+00 0.0000E+00 0.0000E+00 0.0000E+00 0.0000E+00 0.0000E+00 0.0000E+00 0.0000E+00
0.0000E+00 0.0000E+00 0.0000E+00 0.0000E+00 0.0000E+00 0.0000E+00 0.0000E+00 0.0000E+00 0.0000E+00 0.0000E+00 4.4715E-13 8.7182E-12 1.5605E-10 3.8783E-10 8.4359E-10 1.7718E-09 3.5543E-09 6.9202E-09 1.3958E-08 3.1000E-08 6.6175E-08 1.1814E-07 1.5547E-07 1.4332E-07 9.2907E-08 4.4307E-08 1.6871E-08 6.0167E-09 2.6122E-09 1.4987E-09 8.8829E-10 5.6375E-10 3.1463E-10 1.5975E-10 9.8222E-11 5.9216E-11 3.2007E-11 1.5239E-11 5.8430E-12 5.3728E-13 0.0000E+00 0.0000E+00 0.0000E+00 0.0000E+00 0.0000E+00 0.0000E+00 0.0000E+00 0.0000E+00 0.0000E+00 0.0000E+00 0.0000E+00 0.0000E+00 0.0000E+00 0.0000E+00 0.0000E+00 0.0000E+00 0.0000E+00
0.0000E+00 0.0000E+00 0.0000E+00 0.0000E+00 0.0000E+00 0.0000E+00 0.0000E+00 0.0000E+00 0.0000E+00 0.0000E+00 0.0000E+00 7.9937E-13 2.9222E-11 1.7964E-10 3.8439E-10 9.0529E-10 1.8489E-09 3.7119E-09 8.2107E-09 2.1918E-08 5.9172E-08 1.2778E-07 1.8280E-07 1.6346E-07 9.3571E-08 3.6734E-08 1.0846E-08 3.0867E-09 1.4656E-09 8.1300E-10 4.6468E-10 2.4634E-10 1.6153E-10 8.1081E-11 5.0831E-11 2.8069E-11 1.4253E-11 5.4384E-12 9.2730E-13 0.0000E+00 0.0000E+00 0.0000E+00 0.0000E+00 0.0000E+00 0.0000E+00 0.0000E+00 0.0000E+00 0.0000E+00 0.0000E+00 0.0000E+00 0.0000E+00 0.0000E+00 0.0000E+00 0.0000E+00 0.0000E+00 0.0000E+00 0.0000E+00
0.0000E+00 0.0000E+00 0.0000E+00 0.0000E+00 0.0000E+00 0.0000E+00 0.0000E+00 0.0000E+00 0.0000E+00 0.0000E+00 0.0000E+00 0.0000E+00 7.1464E-13 4.6685E-11 1.7170E-10 3.5309E-10 8.0454E-10 1.7540E-09 3.9526E-09 1.2623E-08 4.8550E-08 1.3598E-07 2.1824E-07 1.8708E-07 8.9007E-08 2.6080E-08 5.4596E-09 1.5183E-09 7.2741E-10 3.5681E-10 2.3004E-10 1.2691E-10 6.1828E-11 4.0461E-11 2.2862E-11 1.1543E-11 4.2549E-12 8.5268E-13 0.0000E+00 0.0000E+00 0.0000E+00 0.0000E+00 0.0000E+00 0.0000E+00 0.0000E+00 0.0000E+00 0.0000E+00 0.0000E+00 0.0000E+00 0.0000E+00 0.0000E+00 0.0000E+00 0.0000E+00 0.0000E+00 0.0000E+00 0.0000E+00 0.0000E+00
0.0000E+00 0.0000E+00 0.0000E+00 0.0000E+00 0.0000E+00 0.0000E+00 0.0000E+00 0.0000E+00 0.0000E+00 0.0000E+00 0.0000E+00 0.0000E+00 0.0000E+00 2.2433E-12 4.5135E-11 1.3858E-10 2.9556E-10 6.5427E-10 1.5301E-09 5.1488E-09 3.4459E-08 1.4543E-07 2.7574E-07 2.1590E-07 7.5651E-08 1.4048E-08 1.9113E-09 6.5812E-10 3.0249E-10 1.6284E-10 8.8726E-11 5.2075E-11 2.8502E-11 1.6421E-11 8.3008E-12 2.8473E-12 6.0276E-13 0.0000E+00 0.0000E+00 0.0000E+00 0.0000E+00 0.0000E+00 0.0000E+00 0.0000E+00 0.0000E+00 0.0000E+00 0.0000E+00 0.0000E+00 0.0000E+00 0.0000E+00 0.0000E+00 0.0000E+00 0.0000E+00 0.0000E+00 0.0000E+00 0.0000E+00 0.0000E+00
0.0000E+00 0.0000E+00 0.0000E+00 0.0000E+00 0.0000E+00 0.0000E+00 0.0000E+00 0.0000E+00 0.0000E+00 0.0000E+00 0.0000E+00 0.0000E+00 0.0000E+00 0.0000E+00 2.7645E-12 3.0456E-11 9.2190E-11 2.4212E-10 4.6570E-10 1.2749E-09 1.8213E-08 1.4469E-07 3.4903E-07 2.3396E-07 5.0846E-08 4.1906E-09 5.9551E-10 2.2088E-10 1.0008E-10 5.7605E-11 3.1583E-11 1.7654E-11 9.9351E-12 4.5772E-12 1.4506E-12 2.1062E-13 0.0000E+00 0.0000E+00 0.0000E+00 0.0000E+00 0.0000E+00 0.0000E+00 0.0000E+00 0.0000E+00 0.0000E+00 0.0000E+00 0.0000E+00 0.0000E+00 0.0000E+00 0.0000E+00 0.0000E+00 0.0000E+00 0.0000E+00 0.0000E+00 0.0000E+00 0.0000E+00 0.0000E+00
0.0000E+00 0.0000E+00 0.0000E+00 0.0000E+00 0.0000E+00 0.0000E+00 0.0000E+00 0.0000E+00 0.0000E+00 0.0000E+00 0.0000E+00 0.0000E+00 0.0000E+00 0.0000E+00 0.0000E+00 1.3801E-12 1.3267E-11 5.2143E-11 1.2894E-10 3.1036E-10 4.5414E-09 1.3335E-07 4.9261E-07 2.3972E-07 1.7792E-08 4.9439E-10 1.3560E-10 4.8599E-11 2.6577E-11 1.4856E-11 8.4100E-12 4.2607E-12 1.7300E-12 5.1876E-13 0.0000E+00 0.0000E+00 0.0000E+00 0.0000E+00 0.0000E+00 0.0000E+00 0.0000E+00 0.0000E+00 0.0000E+00 0.0000E+00 0.0000E+00 0.0000E+00 0.0000E+00 0.0000E+00 0.0000E+00 0.0000E+00 0.0000E+00 0.0000E+00 0.0000E+00 0.0000E+00 0.0000E+00 0.0000E+00 0.0000E+00
0.0000E+00 0.0000E+00 0.0000E+00 0.0000E+00 0.0000E+00 0.0000E+00 0.0000E+00 0.0000E+00 0.0000E+00 0.0000E+00 0.0000E+00 0.0000E+00 0.0000E+00 0.0000E+00 0.0000E+00 0.0000E+00 0.0000E+00 2.5162E-12 1.4719E-11 4.4252E-11 1.7481E-10 1.0544E-07 6.7267E-07 1.9109E-07 2.2718E-09 5.6159E-11 1.5431E-11 7.1973E-12 4.2462E-12 2.3073E-12 1.0530E-12 3.5740E-13 0.0000E+00 0.0000E+00 0.0000E+00 0.0000E+00 0.0000E+00 0.0000E+00 0.0000E+00 0.0000E+00 0.0000E+00 0.0000E+00 0.0000E+00 0.0000E+00 0.0000E+00 0.0000E+00 0.0000E+00 0.0000E+00 0.0000E+00 0.0000E+00 0.0000E+00 0.0000E+00 0.0000E+00 0.0000E+00 0.0000E+00 0.0000E+00 0.0000E+00
0.0000E+00 0.0000E+00 0.0000E+00 0.0000E+00 0.0000E+00 0.0000E+00 0.0000E+00 0.0000E+00 0.0000E+00 0.0000E+00 0.0000E+00 0.0000E+00 0.0000E+00 0.0000E+00 0.0000E+00 0.0000E+00 0.0000E+00 0.0000E+00 0.0000E+00 3.0223E-13 4.1016E-12 7.6591E-08 9.1816E-07 1.3395E-07 7.7845E-12 6.0108E-13 5.2082E-13 3.6889E-13 1.4648E-13 0.0000E+00 0.0000E+00 0.0000E+00 0.0000E+00 0.0000E+00 0.0000E+00 0.0000E+00 0.0000E+00 0.0000E+00 0.0000E+00 0.0000E+00 0.0000E+00 0.0000E+00 0.0000E+00 0.0000E+00 0.0000E+00 0.0000E+00 0.0000E+00 0.0000E+00 0.0000E+00 0.0000E+00 0.0000E+00 0.0000E+00 0.0000E+00 0.0000E+00 0.0000E+00 0.0000E+00 0.0000E+00
