Assets/Resources/2015_m01_d06_0300(utc+0800)_l00_csi_1hr_conc.grd
DSAA
         159         159
     -79.000      79.000
     -79.000      79.000
  0.0000E+00  0.3389E-05
[rows 0 to 24 of 159, columns 57 to 113 of 159]
0.0000E+00 0.0000E+00 0.0000E+00 0.0000E+00 0.0000E+00 0.0000E+00 0.0000E+00 0.0000E+00 1.8012E-13 3.0182E-11 9.3547E-11 1.9024E-10 3.3727E-10 5.6217E-10 8.9037E-10 1.3500E-09 1.9632E-09 2.7259E-09 3.6517E-09 4.7259E-09 5.9106E-09 7.1485E-09 8.3596E-09 9.4535E-09 1.0343E-08 1.0944E-08 1.1200E-08 1.1086E-08 1.0614E-08 9.8343E-09 8.8140E-09 7.6436E-09 6.4184E-09 5.2187E-09 4.1056E-09 3.1317E-09 2.3114E-09 1.6545E-09 1.1437E-09 7.6489E-10 4.9307E-10 3.0670E-10 1.8172E-10 9.9902E-11 5.2873E-11 2.0571E-11 5.0363E-12 0.0000E+00 0.0000E+00 0.0000E+00 0.0000E+00 0.0000E+00 0.0000E+00 0.0000E+00 0.0000E+00 0.0000E+00 0.0000E+00
0.0000E+00 0.0000E+00 0.0000E+00 0.0000E+00 0.0000E+00 0.0000E+00 0.0000E+00 0.0000E+00 3.3038E-13 3.8816E-11 1.1218E-10 2.2666E-10 4.0136E-10 6.6360E-10 1.0498E-09 1.5826E-09 2.2918E-09 3.1739E-09 4.2332E-09 5.4500E-09 6.7785E-09 8.1485E-09 9.4704E-09 1.0642E-08 1.1562E-08 1.2145E-08 1.2335E-08 1.2115E-08 1.1508E-08 1.0570E-08 9.3959E-09 8.0784E-09 6.7202E-09 5.4141E-09 4.2234E-09 3.1863E-09 2.3307E-09 1.6506E-09 1.1308E-09 7.4937E-10 4.7586E-10 2.9002E-10 1.6840E-10 9.2462E-11 4.4899E-11 1.4491E-11 1.9117E-12 0.0000E+00 0.0000E+00 0.0000E+00 0.0000E+00 0.0000E+00 0.0000E+00 0.0000E+00 0.0000E+00 0.0000E+00 0.0000E+00
0.0000E+00 0.0000E+00 0.0000E+00 0.0000E+00 0.0000E+00 0.0000E+00 0.0000E+00 0.0000E+00 1.3352E-13 4.6282E-11 1.3212E-10 2.6550E-10 4.6910E-10 7.7776E-10 1.2240E-09 1.8445E-09 2.6541E-09 3.6559E-09 4.8550E-09 6.2189E-09 7.6895E-09 9.1840E-09 1.0597E-08 1.1817E-08 1.2737E-08 1.3268E-08 1.3359E-08 1.3003E-08 1.2237E-08 1.1134E-08 9.7974E-09 8.3405E-09 6.8710E-09 5.4745E-09 4.2264E-09 3.1573E-09 2.2858E-09 1.5991E-09 1.0838E-09 7.0905E-10 4.4406E-10 2.6716E-10 1.5099E-10 8.0455E-11 3.4664E-11 8.3083E-12 0.0000E+00 0.0000E+00 0.0000E+00 0.0000E+00 0.0000E+00 0.0000E+00 0.0000E+00 0.0000E+00 0.0000E+00 0.0000E+00 0.0000E+00
0.0000E+00 0.0000E+00 0.0000E+00 0.0000E+00 0.0000E+00 0.0000E+00 0.0000E+00 0.0000E+00 0.0000E+00 5.2545E-11 1.5432E-10 3.0826E-10 5.4550E-10 8.9701E-10 1.4139E-09 2.1257E-09 3.0439E-09 4.1810E-09 5.5255E-09 7.0354E-09 8.6398E-09 1.0243E-08 1.1725E-08 1.2965E-08 1.3847E-08 1.4285E-08 1.4240E-08 1.3720E-08 1.2776E-08 1.1502E-08 1.0010E-08 8.4232E-09 6.8599E-09 5.4074E-09 4.1220E-09 3.0436E-09 2.1745E-09 1.5042E-09 1.0073E-09 6.4909E-10 3.9740E-10 2.3359E-10 1.2803E-10 6.3567E-11 2.2013E-11 1.3092E-12 0.0000E+00 0.0000E+00 0.0000E+00 0.0000E+00 0.0000E+00 0.0000E+00 0.0000E+00 0.0000E+00 0.0000E+00 0.0000E+00 0.0000E+00
0.0000E+00 0.0000E+00 0.0000E+00 0.0000E+00 0.0000E+00 0.0000E+00 0.0000E+00 0.0000E+00 1.8256E-12 5.9796E-11 1.7747E-10 3.5211E-10 6.2692E-10 1.0312E-09 1.6240E-09 2.4332E-09 3.4680E-09 4.7421E-09 6.2357E-09 7.8933E-09 9.6282E-09 1.1325E-08 1.2850E-08 1.4072E-08 1.4877E-08 1.5186E-08 1.4974E-08 1.4260E-08 1.3119E-08 1.1664E-08 1.0027E-08 8.3336E-09 6.6962E-09 5.2089E-09 3.9209E-09 2.8569E-09 2.0141E-09 1.3755E-09 9.0464E-10 5.7327E-10 3.4451E-10 1.9450E-10 1.0056E-10 4.3196E-11 9.1395E-12 0.0000E+00 0.0000E+00 0.0000E+00 0.0000E+00 0.0000E+00 0.0000E+00 0.0000E+00 0.0000E+00 0.0000E+00 0.0000E+00 0.0000E+00 0.0000E+00
0.0000E+00 0.0000E+00 0.0000E+00 0.0000E+00 0.0000E+00 0.0000E+00 0.0000E+00 0.0000E+00 4.6796E-12 7.0815E-11 2.0180E-10 4.0358E-10 7.1444E-10 1.1753E-09 1.8473E-09 2.7611E-09 3.9260E-09 5.3496E-09 6.9993E-09 8.8039E-09 1.0656E-08 1.2427E-08 1.3967E-08 1.5138E-08 1.5826E-08 1.5963E-08 1.5542E-08 1.4612E-08 1.3269E-08 1.1638E-08 9.8617E-09 8.0802E-09 6.4053E-09 4.9079E-09 3.6409E-09 2.6110E-09 1.8144E-09 1.2197E-09 7.8794E-10 4.8139E-10 2.8159E-10 1.5269E-10 7.4938E-11 2.2910E-11 0.0000E+00 0.0000E+00 0.0000E+00 0.0000E+00 0.0000E+00 0.0000E+00 0.0000E+00 0.0000E+00 0.0000E+00 0.0000E+00 0.0000E+00 0.0000E+00 0.0000E+00
0.0000E+00 0.0000E+00 0.0000E+00 0.0000E+00 0.0000E+00 0.0000E+00 0.0000E+00 0.0000E+00 6.9060E-12 7.9742E-11 2.2930E-10 4.5539E-10 8.1063E-10 1.3374E-09 2.0966E-09 3.1202E-09 4.4184E-09 5.9968E-09 7.8039E-09 9.7524E-09 1.1715E-08 1.3539E-08 1.5064E-08 1.6149E-08 1.6681E-08 1.6615E-08 1.5963E-08 1.4794E-08 1.3234E-08 1.1435E-08 9.5451E-09 7.6938E-09 5.9989E-09 4.5248E-09 3.3002E-09 2.3307E-09 1.5922E-09 1.0502E-09 6.6372E-10 3.9217E-10 2.2210E-10 1.1256E-10 4.5667E-11 4.7684E-12 0.0000E+00 0.0000E+00 0.0000E+00 0.0000E+00 0.0000E+00 0.0000E+00 0.0000E+00 0.0000E+00 0.0000E+00 0.0000E+00 0.0000E+00 0.0000E+00 0.0000E+00
0.0000E+00 0.0000E+00 0.0000E+00 0.0000E+00 0.0000E+00 0.0000E+00 0.0000E+00 0.0000E+00 1.1886E-11 8.9437E-11 2.5884E-10 5.1311E-10 9.1450E-10 1.5066E-09 2.3627E-09 3.5076E-09 4.9571E-09 6.6982E-09 8.6690E-09 1.0758E-08 1.2817E-08 1.4671E-08 1.6148E-08 1.7103E-08 1.7441E-08 1.7131E-08 1.6218E-08 1.4807E-08 1.3039E-08 1.1079E-08 9.0905E-09 7.2090E-09 5.5214E-09 4.0916E-09 2.9280E-09 2.0294E-09 1.3592E-09 8.7722E-10 5.3310E-10 3.0374E-10 1.6286E-10 7.3908E-11 1.8167E-11 0.0000E+00 0.0000E+00 0.0000E+00 0.0000E+00 0.0000E+00 0.0000E+00 0.0000E+00 0.0000E+00 0.0000E+00 0.0000E+00 0.0000E+00 0.0000E+00 0.0000E+00 0.0000E+00
0.0000E+00 0.0000E+00 0.0000E+00 0.0000E+00 0.0000E+00 0.0000E+00 0.0000E+00 0.0000E+00 1.7275E-11 1.0245E-10 2.8881E-10 5.7645E-10 1.0265E-09 1.7005E-09 2.6607E-09 3.9293E-09 5.5320E-09 7.4433E-09 9.5784E-09 1.1803E-08 1.3941E-08 1.5802E-08 1.7202E-08 1.7997E-08 1.8104E-08 1.7523E-08 1.6332E-08 1.4664E-08 1.2694E-08 1.0602E-08 8.5380E-09 6.6415E-09 4.9933E-09 3.6258E-09 2.5478E-09 1.7295E-09 1.1335E-09 7.1162E-10 4.0535E-10 2.2189E-10 1.0545E-10 3.5933E-11 0.0000E+00 0.0000E+00 0.0000E+00 0.0000E+00 0.0000E+00 0.0000E+00 0.0000E+00 0.0000E+00 0.0000E+00 0.0000E+00 0.0000E+00 0.0000E+00 0.0000E+00 0.0000E+00 0.0000E+00
0.0000E+00 0.0000E+00 0.0000E+00 0.0000E+00 0.0000E+00 0.0000E+00 0.0000E+00 0.0000E+00 2.2629E-11 1.1836E-10 3.2175E-10 6.4483E-10 1.1490E-09 1.9041E-09 2.9698E-09 4.3875E-09 6.1626E-09 8.2520E-09 1.0554E-08 1.2904E-08 1.5107E-08 1.6943E-08 1.8223E-08 1.8811E-08 1.8652E-08 1.7777E-08 1.6299E-08 1.4382E-08 1.2223E-08 1.0012E-08 7.9140E-09 6.0329E-09 4.4446E-09 3.1600E-09 2.1708E-09 1.4409E-09 9.2038E-10 5.4855E-10 2.9532E-10 1.4462E-10 5.7812E-11 7.9405E-12 0.0000E+00 0.0000E+00 0.0000E+00 0.0000E+00 0.0000E+00 0.0000E+00 0.0000E+00 0.0000E+00 0.0000E+00 0.0000E+00 0.0000E+00 0.0000E+00 0.0000E+00 0.0000E+00 0.0000E+00
0.0000E+00 0.0000E+00 0.0000E+00 0.0000E+00 0.0000E+00 0.0000E+00 0.0000E+00 0.0000E+00 2.8219E-11 1.3446E-10 3.5624E-10 7.1999E-10 1.2847E-09 2.1346E-09 3.3219E-09 4.8867E-09 6.8362E-09 9.1103E-09 1.1578E-08 1.4048E-08 1.6291E-08 1.8075E-08 1.9207E-08 1.9557E-08 1.9099E-08 1.7905E-08 1.6130E-08 1.3973E-08 1.1652E-08 9.3524E-09 7.2336E-09 5.4000E-09 3.8878E-09 2.7057E-09 1.8164E-09 1.1773E-09 7.2691E-10 3.8839E-10 2.0073E-10 8.2976E-11 2.4563E-11 0.0000E+00 0.0000E+00 0.0000E+00 0.0000E+00 0.0000E+00 0.0000E+00 0.0000E+00 0.0000E+00 0.0000E+00 0.0000E+00 0.0000E+00 0.0000E+00 0.0000E+00 0.0000E+00 0.0000E+00 0.0000E+00
0.0000E+00 0.0000E+00 0.0000E+00 0.0000E+00 0.0000E+00 0.0000E+00 0.0000E+00 0.0000E+00 3.7088E-11 1.5108E-10 3.9066E-10 7.9982E-10 1.4327E-09 2.3814E-09 3.6940E-09 5.4275E-09 7.5715E-09 1.0039E-08 1.2671E-08 1.5243E-08 1.7504E-08 1.9197E-08 2.0129E-08 2.0200E-08 1.9419E-08 1.7902E-08 1.5834E-08 1.3449E-08 1.0983E-08 8.6346E-09 6.5352E-09 4.7691E-09 3.3569E-09 2.2760E-09 1.4897E-09 9.3515E-10 5.3678E-10 2.7065E-10 1.2327E-10 3.9583E-11 2.5490E-13 0.0000E+00 0.0000E+00 0.0000E+00 0.0000E+00 0.0000E+00 0.0000E+00 0.0000E+00 0.0000E+00 0.0000E+00 0.0000E+00 0.0000E+00 0.0000E+00 0.0000E+00 0.0000E+00 0.0000E+00 0.0000E+00
0.0000E+00 0.0000E+00 0.0000E+00 0.0000E+00 0.0000E+00 0.0000E+00 0.0000E+00 0.0000E+00 4.5140E-11 1.7452E-10 4.3493E-10 8.9193E-10 1.5971E-09 2.6535E-09 4.1070E-09 6.0148E-09 8.3572E-09 1.1022E-08 1.3817E-08 1.6481E-08 1.8728E-08 2.0298E-08 2.1001E-08 2.0757E-08 1.9623E-08 1.7763E-08 1.5411E-08 1.2833E-08 1.0260E-08 7.8800E-09 5.8265E-09 4.1473E-09 2.8465E-09 1.8808E-09 1.1946E-09 7.1548E-10 3.5798E-10 1.7330E-10 6.6752E-11 1.0976E-11 0.0000E+00 0.0000E+00 0.0000E+00 0.0000E+00 0.0000E+00 0.0000E+00 0.0000E+00 0.0000E+00 0.0000E+00 0.0000E+00 0.0000E+00 0.0000E+00 0.0000E+00 0.0000E+00 0.0000E+00 0.0000E+00 0.0000E+00
0.0000E+00 0.0000E+00 0.0000E+00 0.0000E+00 0.0000E+00 0.0000E+00 0.0000E+00 0.0000E+00 5.1371E-11 1.9614E-10 4.8520E-10 9.8974E-10 1.7779E-09 2.9450E-09 4.5554E-09 6.6598E-09 9.2146E-09 1.2081E-08 1.5028E-08 1.7760E-08 1.9963E-08 2.1361E-08 2.1783E-08 2.1193E-08 1.9698E-08 1.7499E-08 1.4877E-08 1.2118E-08 9.4720E-09 7.1098E-09 5.1285E-09 3.5623E-09 2.3771E-09 1.5226E-09 9.2513E-10 5.1075E-10 2.3302E-10 9.9632E-11 2.5493E-11 0.0000E+00 0.0000E+00 0.0000E+00 0.0000E+00 0.0000E+00 0.0000E+00 0.0000E+00 0.0000E+00 0.0000E+00 0.0000E+00 0.0000E+00 0.0000E+00 0.0000E+00 0.0000E+00 0.0000E+00 0.0000E+00 0.0000E+00 0.0000E+00
0.0000E+00 0.0000E+00 0.0000E+00 0.0000E+00 0.0000E+00 0.0000E+00 0.0000E+00 5.0379E-13 6.3918E-11 2.2400E-10 5.4000E-10 1.1052E-09 1.9826E-09 3.2690E-09 5.0494E-09 7.3563E-09 1.0132E-08 1.3202E-08 1.6296E-08 1.9075E-08 2.1197E-08 2.2388E-08 2.2496E-08 2.1523E-08 1.9636E-08 1.7102E-08 1.4242E-08 1.1348E-08 8.6582E-09 6.3372E-09 4.4501E-09 3.0036E-09 1.9463E-09 1.2056E-09 6.9789E-10 3.2863E-10 1.4059E-10 4.7052E-11 2.2407E-12 0.0000E+00 0.0000E+00 0.0000E+00 0.0000E+00 0.0000E+00 0.0000E+00 0.0000E+00 0.0000E+00 0.0000E+00 0.0000E+00 0.0000E+00 0.0000E+00 0.0000E+00 0.0000E+00 0.0000E+00 0.0000E+00 0.0000E+00 0.0000E+00
0.0000E+00 0.0000E+00 0.0000E+00 0.0000E+00 0.0000E+00 0.0000E+00 0.0000E+00 3.1027E-12 7.8959E-11 2.5331E-10 5.9890E-10 1.2288E-09 2.2046E-09 3.6297E-09 5.5970E-09 8.1250E-09 1.1131E-08 1.4402E-08 1.7621E-08 2.0416E-08 2.2417E-08 2.3346E-08 2.3091E-08 2.1719E-08 1.9446E-08 1.6592E-08 1.3508E-08 1.0512E-08 7.8260E-09 5.5783E-09 3.8180E-09 2.5020E-09 1.5693E-09 9.3111E-10 4.9453E-10 1.9743E-10 7.5321E-11 1.1657E-11 0.0000E+00 0.0000E+00 0.0000E+00 0.0000E+00 0.0000E+00 0.0000E+00 0.0000E+00 0.0000E+00 0.0000E+00 0.0000E+00 0.0000E+00 0.0000E+00 0.0000E+00 0.0000E+00 0.0000E+00 0.0000E+00 0.0000E+00 0.0000E+00 0.0000E+00
0.0000E+00 0.0000E+00 0.0000E+00 0.0000E+00 0.0000E+00 0.0000E+00 0.0000E+00 6.9743E-12 9.2454E-11 2.9129E-10 6.7714E-10 1.3757E-09 2.4577E-09 4.0275E-09 6.1873E-09 8.9495E-09 1.2193E-08 1.5667E-08 1.9003E-08 2.1779E-08 2.3612E-08 2.4240E-08 2.3589E-08 2.1782E-08 1.9113E-08 1.5964E-08 1.2702E-08 9.6469E-09 6.9966E-09 4.8488E-09 3.2180E-09 2.0449E-09 1.2370E-09 6.9639E-10 3.0901E-10 1.1898E-10 3.1122E-11 0.0000E+00 0.0000E+00 0.0000E+00 0.0000E+00 0.0000E+00 0.0000E+00 0.0000E+00 0.0000E+00 0.0000E+00 0.0000E+00 0.0000E+00 0.0000E+00 0.0000E+00 0.0000E+00 0.0000E+00 0.0000E+00 0.0000E+00 0.0000E+00 0.0000E+00 0.0000E+00
0.0000E+00 0.0000E+00 0.0000E+00 0.0000E+00 0.0000E+00 0.0000E+00 0.0000E+00 1.4754E-11 1.0862E-10 3.3201E-10 7.6498E-10 1.5345E-09 2.7314E-09 4.4713E-09 6.8526E-09 9.8601E-09 1.3344E-08 1.7003E-08 2.0419E-08 2.3139E-08 2.4755E-08 2.5028E-08 2.3942E-08 2.1696E-08 1.8649E-08 1.5223E-08 1.1825E-08 8.7486E-09 6.1721E-09 4.1626E-09 2.6781E-09 1.6464E-09 9.5437E-10 4.8989E-10 1.7308E-10 5.9125E-11 4.6969E-12 0.0000E+00 0.0000E+00 0.0000E+00 0.0000E+00 0.0000E+00 0.0000E+00 0.0000E+00 0.0000E+00 0.0000E+00 0.0000E+00 0.0000E+00 0.0000E+00 0.0000E+00 0.0000E+00 0.0000E+00 0.0000E+00 0.0000E+00 0.0000E+00 0.0000E+00 0.0000E+00
0.0000E+00 0.0000E+00 0.0000E+00 0.0000E+00 0.0000E+00 0.0000E+00 0.0000E+00 2.2879E-11 1.3242E-10 3.8398E-10 8.6253E-10 1.7187E-09 3.0467E-09 4.9600E-09 7.5632E-09 1.0826E-08 1.4556E-08 1.8396E-08 2.1871E-08 2.4482E-08 2.5828E-08 2.5702E-08 2.4151E-08 2.1455E-08 1.8048E-08 1.4391E-08 1.0897E-08 7.8490E-09 5.3785E-09 3.5104E-09 2.1879E-09 1.2928E-09 7.1080E-10 2.9899E-10 8.9627E-11 1.9461E-11 0.0000E+00 0.0000E+00 0.0000E+00 0.0000E+00 0.0000E+00 0.0000E+00 0.0000E+00 0.0000E+00 0.0000E+00 0.0000E+00 0.0000E+00 0.0000E+00 0.0000E+00 0.0000E+00 0.0000E+00 0.0000E+00 0.0000E+00 0.0000E+00 0.0000E+00 0.0000E+00 0.0000E+00
0.0000E+00 0.0000E+00 0.0000E+00 0.0000E+00 0.0000E+00 0.0000E+00 0.0000E+00 2.9392E-11 1.5915E-10 4.4131E-10 9.7447E-10 1.9201E-09 3.3884E-09 5.5041E-09 8.3588E-09 1.1890E-08 1.5855E-08 1.9841E-08 2.3332E-08 2.5784E-08 2.6802E-08 2.6225E-08 2.4184E-08 2.1045E-08 1.7302E-08 1.3462E-08 9.9245E-09 6.9448E-09 4.6228E-09 2.9221E-09 1.7590E-09 9.9190E-10 4.9158E-10 1.5691E-10 3.8108E-11 1.6957E-12 0.0000E+00 0.0000E+00 0.0000E+00 0.0000E+00 0.0000E+00 0.0000E+00 0.0000E+00 0.0000E+00 0.0000E+00 0.0000E+00 0.0000E+00 0.0000E+00 0.0000E+00 0.0000E+00 0.0000E+00 0.0000E+00 0.0000E+00 0.0000E+00 0.0000E+00 0.0000E+00 0.0000E+00
0.0000E+00 0.0000E+00 0.0000E+00 0.0000E+00 0.0000E+00 0.0000E+00 0.0000E+00 4.3713E-11 1.8965E-10 5.0812E-10 1.1093E-09 2.1577E-09 3.7787E-09 6.1004E-09 9.2081E-09 1.3010E-08 1.7209E-08 2.1333E-08 2.4787E-08 2.7017E-08 2.7648E-08 2.6581E-08 2.4036E-08 2.0468E-08 1.6432E-08 1.2459E-08 8.9384E-09 6.0683E-09 3.8994E-09 2.3835E-09 1.3744E-09 7.3205E-10 2.9149E-10 6.3603E-11 7.1437E-12 0.0000E+00 0.0000E+00 0.0000E+00 0.0000E+00 0.0000E+00 0.0000E+00 0.0000E+00 0.0000E+00 0.0000E+00 0.0000E+00 0.0000E+00 0.0000E+00 0.0000E+00 0.0000E+00 0.0000E+00 0.0000E+00 0.0000E+00 0.0000E+00 0.0000E+00 0.0000E+00 0.0000E+00 0.0000E+00
0.0000E+00 0.0000E+00 0.0000E+00 0.0000E+00 0.0000E+00 0.0000E+00 1.4245E-12 6.2611E-11 2.2877E-10 5.8094E-10 1.2513E-09 2.4211E-09 4.2096E-09 6.7668E-09 1.0154E-08 1.4231E-08 1.8642E-08 2.2853E-08 2.6221E-08 2.8166E-08 2.8343E-08 2.6742E-08 2.3683E-08 1.9708E-08 1.5431E-08 1.1383E-08 7.9242E-09 5.2177E-09 3.2475E-09 1.9118E-09 1.0471E-09 5.0204E-10 1.4342E-10 2.0189E-11 2.4065E-14 0.0000E+00 0.0000E+00 0.0000E+00 0.0000E+00 0.0000E+00 0.0000E+00 0.0000E+00 0.0000E+00 0.0000E+00 0.0000E+00 0.0000E+00 0.0000E+00 0.0000E+00 0.0000E+00 0.0000E+00 0.0000E+00 0.0000E+00 0.0000E+00 0.0000E+00 0.0000E+00 0.0000E+00 0.0000E+00
0.0000E+00 0.0000E+00 0.0000E+00 0.0000E+00 0.0000E+00 0.0000E+00 3.5104E-12 8.2611E-11 2.6549E-10 6.6679E-10 1.4197E-09 2.7177E-09 4.6878E-09 7.4908E-09 1.1159E-08 1.5512E-08 2.0130E-08 2.4393E-08 2.7608E-08 2.9195E-08 2.8862E-08 2.6698E-08 2.3129E-08 1.8785E-08 1.4326E-08 1.0279E-08 6.9405E-09 4.4132E-09 2.6425E-09 1.4888E-09 7.6316E-10 2.8891E-10 4.2773E-11 1.3704E-12 0.0000E+00 0.0000E+00 0.0000E+00 0.0000E+00 0.0000E+00 0.0000E+00 0.0000E+00 0.0000E+00 0.0000E+00 0.0000E+00 0.0000E+00 0.0000E+00 0.0000E+00 0.0000E+00 0.0000E+00 0.0000E+00 0.0000E+00 0.0000E+00 0.0000E+00 0.0000E+00 0.0000E+00 0.0000E+00 0.0000E+00
0.0000E+00 0.0000E+00 0.0000E+00 0.0000E+00 0.0000E+00 0.0000E+00 8.8135E-12 1.0282E-10 3.0868E-10 7.6419E-10 1.6007E-09 3.0409E-09 5.2226E-09 8.2968E-09 1.2269E-08 1.6901E-08 2.1686E-08 2.5949E-08 2.8939E-08 3.0091E-08 2.9188E-08 2.6435E-08 2.2371E-08 1.7710E-08 1.3128E-08 9.1271E-09 5.9647E-09 3.6662E-09 2.1136E-09 1.1341E-09 5.2226E-10 1.3377E-10 7.2121E-12 0.0000E+00 0.0000E+00 0.0000E+00 0.0000E+00 0.0000E+00 0.0000E+00 0.0000E+00 0.0000E+00 0.0000E+00 0.0000E+00 0.0000E+00 0.0000E+00 0.0000E+00 0.0000E+00 0.0000E+00 0.0000E+00 0.0000E+00 0.0000E+00 0.0000E+00 0.0000E+00 0.0000E+00 0.0000E+00 0.0000E+00 0.0000E+00
0.0000E+00 0.0000E+00 0.0000E+00 0.0000E+00 0.0000E+00 0.0000E+00 1.4028E-11 1.2522E-10 3.5472E-10 8.5631E-10 1.8036E-09 3.4012E-09 5.7997E-09 9.1662E-09 1.3457E-08 1.8365E-08 2.3310E-08 2.7511E-08 3.0202E-08 3.0845E-08 2.9315E-08 2.5950E-08 2.1415E-08 1.6496E-08 1.1882E-08 8.0101E-09 5.0496E-09 2.9804E-09 1.6427E-09 8.2182E-10 2.9621E-10 2.9945E-11 0.0000E+00 0.0000E+00 0.0000E+00 0.0000E+00 0.0000E+00 0.0000E+00 0.0000E+00 0.0000E+00 0.0000E+00 0.0000E+00 0.0000E+00 0.0000E+00 0.0000E+00 0.0000E+00 0.0000E+00 0.0000E+00 0.0000E+00 0.0000E+00 0.0000E+00 0.0000E+00 0.0000E+00 0.0000E+00 0.0000E+00 0.0000E+00 0.0000E+00
