Assets/Resources/2015_m01_d25_0000(utc+0800)_l00_csi_1hr_conc.grd
DSAA
         159         159
     -79.000      79.000
     -79.000      79.000
  0.0000E+00  0.2451E-05
[rows 0 to 24 of 159, columns 0 to 56 of 159]
5.2852E-09 5.5823E-09 5.8704E-09 6.1445E-09 6.4010E-09 6.6366E-09 6.8480E-09 7.0313E-09 7.1862E-09 7.3085E-09 7.3956E-09 7.4466E-09 7.4620E-09 7.4394E-09 7.3780E-09 7.2774E-09 7.1421E-09 6.9708E-09 6.7658E-09 6.5294E-09 6.2628E-09 5.9723E-09 5.6607E-09 5.3315E-09 4.9884E-09 4.6358E-09 4.2783E-09 3.9197E-09 3.5647E-09 3.2168E-09 2.8799E-09 2.5570E-09 2.2519E-09 1.9666E-09 1.7022E-09 1.4610E-09 1.2415E-09 1.0458E-09 8.7122E-10 7.1721E-10 5.7867E-10 4.6136E-10 3.6438E-10 2.8074E-10 2.1387E-10 1.4802E-10 7.7166E-11 3.9147E-11 1.6852E-11 1.0756E-12 0.0000E+00 0.0000E+00 0.0000E+00 0.0000E+00 0.0000E+00 0.0000E+00 0.0000E+00
5.4846E-09 5.8033E-09 6.1118E-09 6.4073E-09 6.6842E-09 6.9415E-09 7.1739E-09 7.3800E-09 7.5555E-09 7.6974E-09 7.8049E-09 7.8760E-09 7.9087E-09 7.9000E-09 7.8526E-09 7.7661E-09 7.6397E-09 7.4750E-09 7.2719E-09 7.0365E-09 6.7700E-09 6.4749E-09 6.1552E-09 5.8144E-09 5.4556E-09 5.0850E-09 4.7068E-09 4.3262E-09 3.9464E-09 3.5728E-09 3.2082E-09 2.8582E-09 2.5245E-09 2.2115E-09 1.9207E-09 1.6532E-09 1.4110E-09 1.1923E-09 9.9683E-10 8.2309E-10 6.6944E-10 5.3567E-10 4.2436E-10 3.3027E-10 2.5217E-10 1.8342E-10 1.0794E-10 5.3293E-11 2.7888E-11 7.2751E-12 0.0000E+00 0.0000E+00 0.0000E+00 0.0000E+00 0.0000E+00 0.0000E+00 0.0000E+00
5.6666E-09 6.0044E-09 6.3331E-09 6.6481E-09 6.9472E-09 7.2264E-09 7.4812E-09 7.7096E-09 7.9069E-09 8.0721E-09 8.2019E-09 8.2938E-09 8.3445E-09 8.3561E-09 8.3266E-09 8.2544E-09 8.1388E-09 7.9842E-09 7.7904E-09 7.5598E-09 7.2944E-09 6.9960E-09 6.6696E-09 6.3199E-09 5.9504E-09 5.5649E-09 5.1689E-09 4.7664E-09 4.3632E-09 3.9629E-09 3.5711E-09 3.1918E-09 2.8293E-09 2.4867E-09 2.1668E-09 1.8712E-09 1.6013E-09 1.3571E-09 1.1380E-09 9.4435E-10 7.7355E-10 6.2092E-10 4.9396E-10 3.8650E-10 2.9608E-10 2.1959E-10 1.4337E-10 7.3459E-11 4.1556E-11 1.4239E-11 4.7022E-13 0.0000E+00 0.0000E+00 0.0000E+00 0.0000E+00 0.0000E+00 0.0000E+00
5.8252E-09 6.1814E-09 6.5290E-09 6.8649E-09 7.1860E-09 7.4863E-09 7.7649E-09 8.0162E-09 8.2379E-09 8.4274E-09 8.5803E-09 8.6940E-09 8.7690E-09 8.8027E-09 8.7912E-09 8.7363E-09 8.6388E-09 8.4980E-09 8.3156E-09 8.0910E-09 7.8302E-09 7.5349E-09 7.2074E-09 6.8524E-09 6.4729E-09 6.0738E-09 5.6595E-09 5.2365E-09 4.8095E-09 4.3830E-09 3.9635E-09 3.5540E-09 3.1616E-09 2.7877E-09 2.4369E-09 2.1116E-09 1.8126E-09 1.5422E-09 1.2981E-09 1.0809E-09 8.8908E-10 7.1927E-10 5.7397E-10 4.5124E-10 3.4592E-10 2.6063E-10 1.8148E-10 9.9741E-11 5.7587E-11 2.6098E-11 3.1680E-12 0.0000E+00 0.0000E+00 0.0000E+00 0.0000E+00 0.0000E+00 0.0000E+00
5.9583E-09 6.3319E-09 6.6984E-09 7.0546E-09 7.3960E-09 7.7194E-09 8.0209E-09 8.2961E-09 8.5436E-09 8.7572E-09 8.9348E-09 9.0753E-09 9.1758E-09 9.2307E-09 9.2433E-09 9.2112E-09 9.1330E-09 9.0089E-09 8.8404E-09 8.6305E-09 8.3793E-09 8.0891E-09 7.7631E-09 7.4040E-09 7.0186E-09 6.6094E-09 6.1819E-09 5.7411E-09 5.2920E-09 4.8413E-09 4.3933E-09 3.9550E-09 3.5299E-09 3.1244E-09 2.7411E-09 2.3829E-09 2.0529E-09 1.7509E-09 1.4785E-09 1.2352E-09 1.0210E-09 8.3080E-10 6.6766E-10 5.2618E-10 4.0387E-10 3.0591E-10 2.2106E-10 1.3320E-10 7.5730E-11 4.1938E-11 1.1124E-11 1.7964E-14 0.0000E+00 0.0000E+00 0.0000E+00 0.0000E+00 0.0000E+00
6.0635E-09 6.4527E-09 6.8374E-09 7.2131E-09 7.5749E-09 7.9206E-09 8.2448E-09 8.5461E-09 8.8177E-09 9.0573E-09 9.2631E-09 9.4312E-09 9.5557E-09 9.6394E-09 9.6789E-09 9.6703E-09 9.6146E-09 9.5129E-09 9.3657E-09 9.1724E-09 8.9331E-09 8.6528E-09 8.3335E-09 7.9778E-09 7.5898E-09 7.1737E-09 6.7342E-09 6.2760E-09 5.8062E-09 5.3308E-09 4.8556E-09 4.3867E-09 3.9300E-09 3.4903E-09 3.0729E-09 2.6805E-09 2.3172E-09 1.9839E-09 1.6815E-09 1.4104E-09 1.1693E-09 9.5781E-10 7.7341E-10 6.1376E-10 4.7171E-10 3.5542E-10 2.6296E-10 1.7442E-10 9.9552E-11 6.1353E-11 2.2649E-11 1.1246E-12 0.0000E+00 0.0000E+00 0.0000E+00 0.0000E+00 0.0000E+00
6.1384E-09 6.5429E-09 6.9448E-09 7.3372E-09 7.7197E-09 8.0871E-09 8.4351E-09 8.7601E-09 9.0570E-09 9.3251E-09 9.5587E-09 9.7530E-09 9.9088E-09 1.0023E-08 1.0088E-08 1.0108E-08 1.0082E-08 1.0007E-08 9.8820E-09 9.7087E-09 9.4902E-09 9.2255E-09 8.9167E-09 8.5675E-09 8.1797E-09 7.7602E-09 7.3126E-09 6.8425E-09 6.3554E-09 5.8577E-09 5.3564E-09 4.8579E-09 4.3690E-09 3.8953E-09 3.4420E-09 3.0141E-09 2.6144E-09 2.2461E-09 1.9099E-09 1.6068E-09 1.3379E-09 1.1005E-09 8.9163E-10 7.1394E-10 5.5471E-10 4.1548E-10 3.0835E-10 2.1599E-10 1.2834E-10 8.2046E-11 3.8413E-11 4.6012E-12 0.0000E+00 0.0000E+00 0.0000E+00 0.0000E+00 0.0000E+00
6.1820E-09 6.6005E-09 7.0163E-09 7.4263E-09 7.8283E-09 8.2153E-09 8.5863E-09 8.9345E-09 9.2588E-09 9.5537E-09 9.8146E-09 1.0041E-08 1.0228E-08 1.0370E-08 1.0469E-08 1.0522E-08 1.0526E-08 1.0480E-08 1.0385E-08 1.0240E-08 1.0044E-08 9.7990E-09 9.5057E-09 9.1684E-09 8.7885E-09 8.3704E-09 7.9194E-09 7.4389E-09 6.9364E-09 6.4171E-09 5.8908E-09 5.3630E-09 4.8412E-09 4.3330E-09 3.8430E-09 3.3773E-09 2.9403E-09 2.5347E-09 2.1632E-09 1.8272E-09 1.5263E-09 1.2596E-09 1.0254E-09 8.2459E-10 6.4571E-10 4.8925E-10 3.6235E-10 2.5826E-10 1.6743E-10 1.0645E-10 5.7876E-11 1.3421E-11 0.0000E+00 0.0000E+00 0.0000E+00 0.0000E+00 0.0000E+00
6.1932E-09 6.6234E-09 7.0519E-09 7.4785E-09 7.8964E-09 8.3039E-09 8.6959E-09 9.0676E-09 9.4180E-09 9.7389E-09 1.0030E-08 1.0288E-08 1.0504E-08 1.0682E-08 1.0817E-08 1.0903E-08 1.0942E-08 1.0931E-08 1.0870E-08 1.0756E-08 1.0588E-08 1.0369E-08 1.0099E-08 9.7780E-09 9.4104E-09 8.9979E-09 8.5456E-09 8.0599E-09 7.5453E-09 7.0102E-09 6.4610E-09 5.9057E-09 5.3533E-09 4.8091E-09 4.2824E-09 3.7774E-09 3.3008E-09 2.8554E-09 2.4453E-09 2.0722E-09 1.7365E-09 1.4394E-09 1.1776E-09 9.4916E-10 7.5209E-10 5.7544E-10 4.2731E-10 3.0784E-10 2.0919E-10 1.3337E-10 7.9469E-11 2.6220E-11 1.2390E-12 0.0000E+00 0.0000E+00 0.0000E+00 0.0000E+00
6.1720E-09 6.6109E-09 7.0513E-09 7.4909E-09 7.9243E-09 8.3497E-09 8.7603E-09 9.1565E-09 9.5297E-09 9.8784E-09 1.0200E-08 1.0486E-08 1.0738E-08 1.0952E-08 1.1121E-08 1.1246E-08 1.1324E-08 1.1353E-08 1.1328E-08 1.1250E-08 1.1119E-08 1.0930E-08 1.0687E-08 1.0388E-08 1.0038E-08 9.6389E-09 9.1929E-09 8.7068E-09 8.1852E-09 7.6362E-09 7.0664E-09 6.4866E-09 5.9033E-09 5.3262E-09 4.7614E-09 4.2177E-09 3.6997E-09 3.2138E-09 2.7633E-09 2.3507E-09 1.9780E-09 1.6445E-09 1.3496E-09 1.0919E-09 8.6929E-10 6.7477E-10 5.0405E-10 3.6730E-10 2.5634E-10 1.6731E-10 1.0455E-10 4.4410E-11 4.6964E-12 0.0000E+00 0.0000E+00 0.0000E+00 0.0000E+00
6.1175E-09 6.5626E-09 7.0131E-09 7.4626E-09 7.9103E-09 8.3504E-09 8.7811E-09 9.1964E-09 9.5927E-09 9.9698E-09 1.0318E-08 1.0637E-08 1.0923E-08 1.1172E-08 1.1380E-08 1.1547E-08 1.1667E-08 1.1736E-08 1.1754E-08 1.1720E-08 1.1626E-08 1.1474E-08 1.1264E-08 1.0996E-08 1.0670E-08 1.0288E-08 9.8533E-09 9.3698E-09 8.8460E-09 8.2873E-09 7.7032E-09 7.1009E-09 6.4898E-09 5.8796E-09 5.2784E-09 4.6943E-09 4.1340E-09 3.6043E-09 3.1103E-09 2.6553E-09 2.2419E-09 1.8713E-09 1.5429E-09 1.2530E-09 1.0005E-09 7.8380E-10 5.9266E-10 4.3670E-10 3.1026E-10 2.1154E-10 1.3379E-10 6.6085E-11 1.1426E-11 0.0000E+00 0.0000E+00 0.0000E+00 0.0000E+00
6.0302E-09 6.4798E-09 6.9365E-09 7.3947E-09 7.8535E-09 8.3067E-09 8.7534E-09 9.1868E-09 9.6075E-09 1.0007E-08 1.0383E-08 1.0734E-08 1.1055E-08 1.1340E-08 1.1590E-08 1.1799E-08 1.1962E-08 1.2078E-08 1.2144E-08 1.2152E-08 1.2103E-08 1.1995E-08 1.1825E-08 1.1592E-08 1.1295E-08 1.0937E-08 1.0521E-08 1.0049E-08 9.5290E-09 8.9671E-09 8.3713E-09 7.7503E-09 7.1147E-09 6.4734E-09 5.8364E-09 5.2124E-09 4.6102E-09 4.0369E-09 3.4981E-09 2.9993E-09 2.5427E-09 2.1309E-09 1.7631E-09 1.4367E-09 1.1541E-09 9.0915E-10 6.9740E-10 5.1633E-10 3.7533E-10 2.6209E-10 1.7287E-10 9.5236E-11 2.8844E-11 9.7731E-13 0.0000E+00 0.0000E+00 0.0000E+00
5.9105E-09 6.3627E-09 6.8225E-09 7.2871E-09 7.7532E-09 8.2181E-09 8.6774E-09 9.1287E-09 9.5679E-09 9.9903E-09 1.0395E-08 1.0776E-08 1.1129E-08 1.1453E-08 1.1745E-08 1.1995E-08 1.2206E-08 1.2372E-08 1.2484E-08 1.2544E-08 1.2546E-08 1.2485E-08 1.2359E-08 1.2167E-08 1.1908E-08 1.1582E-08 1.1190E-08 1.0736E-08 1.0224E-08 9.6640E-09 9.0626E-09 8.4283E-09 7.7718E-09 7.1024E-09 6.4312E-09 5.7690E-09 5.1234E-09 4.5047E-09 3.9193E-09 3.3733E-09 2.8712E-09 2.4154E-09 2.0068E-09 1.6433E-09 1.3242E-09 1.0483E-09 8.1336E-10 6.0879E-10 4.4652E-10 3.1886E-10 2.1492E-10 1.3470E-10 5.0962E-11 4.8467E-12 9.0350E-13 3.3232E-13 0.0000E+00
5.7607E-09 6.2125E-09 6.6723E-09 7.1406E-09 7.6119E-09 8.0848E-09 8.5547E-09 9.0202E-09 9.4763E-09 9.9204E-09 1.0349E-08 1.0759E-08 1.1146E-08 1.1508E-08 1.1837E-08 1.2135E-08 1.2395E-08 1.2607E-08 1.2774E-08 1.2888E-08 1.2942E-08 1.2934E-08 1.2860E-08 1.2717E-08 1.2501E-08 1.2212E-08 1.1852E-08 1.1423E-08 1.0929E-08 1.0379E-08 9.7773E-09 9.1349E-09 8.4615E-09 7.7683E-09 7.0671E-09 6.3667E-09 5.6803E-09 5.0165E-09 4.3849E-09 3.7914E-09 3.2420E-09 2.7400E-09 2.2851E-09 1.8794E-09 1.5224E-09 1.2139E-09 9.4731E-10 7.1950E-10 5.3353E-10 3.8775E-10 2.6822E-10 1.7622E-10 8.5203E-11 1.3010E-11 1.7296E-12 1.3057E-12 8.2595E-13
5.5825E-09 6.0300E-09 6.4885E-09 6.9565E-09 7.4299E-09 7.9077E-09 8.3857E-09 8.8623E-09 9.3323E-09 9.7956E-09 1.0247E-08 1.0683E-08 1.1103E-08 1.1499E-08 1.1870E-08 1.2214E-08 1.2518E-08 1.2785E-08 1.3007E-08 1.3175E-08 1.3288E-08 1.3338E-08 1.3321E-08 1.3229E-08 1.3064E-08 1.2821E-08 1.2501E-08 1.2103E-08 1.1636E-08 1.1099E-08 1.0505E-08 9.8607E-09 9.1765E-09 8.4639E-09 7.7345E-09 7.0007E-09 6.2746E-09 5.5670E-09 4.8875E-09 4.2446E-09 3.6449E-09 3.0935E-09 2.5923E-09 2.1422E-09 1.7437E-09 1.3964E-09 1.0977E-09 8.4462E-10 6.3151E-10 4.6510E-10 3.2894E-10 2.2181E-10 1.2521E-10 3.5363E-11 5.4752E-12 3.0856E-12 1.6283E-12
5.3779E-09 5.8193E-09 6.2727E-09 6.7371E-09 7.2109E-09 7.6895E-09 8.1728E-09 8.6563E-09 9.1385E-09 9.6179E-09 1.0087E-08 1.0549E-08 1.0997E-08 1.1427E-08 1.1840E-08 1.2223E-08 1.2579E-08 1.2898E-08 1.3174E-08 1.3402E-08 1.3575E-08 1.3687E-08 1.3728E-08 1.3698E-08 1.3590E-08 1.3399E-08 1.3124E-08 1.2768E-08 1.2332E-08 1.1821E-08 1.1242E-08 1.0603E-08 9.9148E-09 9.1892E-09 8.4376E-09 7.6742E-09 6.9107E-09 6.1609E-09 5.4358E-09 4.7443E-09 4.0952E-09 3.4924E-09 2.9410E-09 2.4423E-09 1.9993E-09 1.6121E-09 1.2775E-09 9.9104E-10 7.5183E-10 5.5941E-10 4.0244E-10 2.7675E-10 1.7339E-10 6.6986E-11 1.4791E-11 6.0720E-12 4.4686E-12
5.1502E-09 5.5822E-09 6.0281E-09 6.4866E-09 6.9557E-09 7.4330E-09 7.9177E-09 8.4053E-09 8.8967E-09 9.3862E-09 9.8737E-09 1.0358E-08 1.0830E-08 1.1294E-08 1.1741E-08 1.2168E-08 1.2571E-08 1.2941E-08 1.3273E-08 1.3561E-08 1.3797E-08 1.3971E-08 1.4079E-08 1.4114E-08 1.4065E-08 1.3934E-08 1.3715E-08 1.3407E-08 1.3011E-08 1.2533E-08 1.1977E-08 1.1352E-08 1.0667E-08 9.9339E-09 9.1666E-09 8.3775E-09 7.5823E-09 6.7931E-09 6.0231E-09 5.2837E-09 4.5824E-09 3.9274E-09 3.3236E-09 2.7752E-09 2.2848E-09 1.8521E-09 1.4771E-09 1.1572E-09 8.8782E-10 6.6692E-10 4.8802E-10 3.4306E-10 2.2625E-10 1.1230E-10 3.1877E-11 1.4093E-11 7.8925E-12
4.9023E-09 5.3225E-09 5.7580E-09 6.2065E-09 6.6694E-09 7.1420E-09 7.6239E-09 8.1132E-09 8.6089E-09 9.1070E-09 9.6085E-09 1.0108E-08 1.0605E-08 1.1098E-08 1.1578E-08 1.2046E-08 1.2492E-08 1.2912E-08 1.3300E-08 1.3648E-08 1.3946E-08 1.4187E-08 1.4364E-08 1.4463E-08 1.4485E-08 1.4419E-08 1.4261E-08 1.4008E-08 1.3663E-08 1.3226E-08 1.2702E-08 1.2099E-08 1.1427E-08 1.0696E-08 9.9193E-09 9.1129E-09 8.2903E-09 7.4672E-09 6.6553E-09 5.8691E-09 5.1180E-09 4.4112E-09 3.7541E-09 3.1536E-09 2.6126E-09 2.1340E-09 1.7156E-09 1.3560E-09 1.0511E-09 7.9920E-10 5.9468E-10 4.2686E-10 2.9347E-10 1.6278E-10 6.4675E-11 2.6747E-11 1.5396E-11
4.6377E-09 5.0436E-09 5.4657E-09 5.9027E-09 6.3553E-09 6.8193E-09 7.2965E-09 7.7832E-09 8.2795E-09 8.7826E-09 9.2930E-09 9.8063E-09 1.0324E-08 1.0839E-08 1.1351E-08 1.1853E-08 1.2342E-08 1.2810E-08 1.3251E-08 1.3656E-08 1.4018E-08 1.4328E-08 1.4571E-08 1.4744E-08 1.4838E-08 1.4841E-08 1.4750E-08 1.4563E-08 1.4275E-08 1.3888E-08 1.3407E-08 1.2837E-08 1.2184E-08 1.1463E-08 1.0687E-08 9.8700E-09 9.0261E-09 8.1729E-09 7.3252E-09 6.4952E-09 5.6958E-09 4.9362E-09 4.2255E-09 3.5710E-09 2.9777E-09 2.4484E-09 1.9827E-09 1.5801E-09 1.2382E-09 9.4996E-10 7.1594E-10 5.2275E-10 3.6895E-10 2.2543E-10 1.0957E-10 4.8885E-11 2.9034E-11
4.3600E-09 4.7496E-09 5.1557E-09 5.5785E-09 6.0177E-09 6.4716E-09 6.9391E-09 7.4205E-09 7.9132E-09 8.4176E-09 8.9330E-09 9.4562E-09 9.9877E-09 1.0523E-08 1.1060E-08 1.1594E-08 1.2120E-08 1.2633E-08 1.3123E-08 1.3585E-08 1.4009E-08 1.4383E-08 1.4698E-08 1.4947E-08 1.5112E-08 1.5192E-08 1.5175E-08 1.5059E-08 1.4837E-08 1.4510E-08 1.4080E-08 1.3548E-08 1.2928E-08 1.2229E-08 1.1462E-08 1.0642E-08 9.7867E-09 8.9114E-09 8.0329E-09 7.1633E-09 6.3176E-09 5.5077E-09 4.7453E-09 4.0367E-09 3.3906E-09 2.8090E-09 2.2950E-09 1.8451E-09 1.4601E-09 1.1353E-09 8.6324E-10 6.4387E-10 4.6236E-10 3.0422E-10 1.6364E-10 7.9662E-11 4.7532E-11
4.0727E-09 4.4441E-09 4.8323E-09 5.2386E-09 5.6625E-09 6.1019E-09 6.5577E-09 7.0295E-09 7.5145E-09 8.0175E-09 8.5316E-09 9.0611E-09 9.6011E-09 1.0152E-08 1.0709E-08 1.1269E-08 1.1829E-08 1.2380E-08 1.2917E-08 1.3432E-08 1.3914E-08 1.4353E-08 1.4740E-08 1.5059E-08 1.5304E-08 1.5463E-08 1.5527E-08 1.5485E-08 1.5337E-08 1.5077E-08 1.4706E-08 1.4228E-08 1.3650E-08 1.2980E-08 1.2233E-08 1.1422E-08 1.0565E-08 9.6764E-09 8.7720E-09 7.8704E-09 6.9850E-09 6.1297E-09 5.3170E-09 4.5556E-09 3.8550E-09 3.2192E-09 2.6504E-09 2.1508E-09 1.7181E-09 1.3487E-09 1.0392E-09 7.8363E-10 5.7314E-10 4.0180E-10 2.3833E-10 1.2781E-10 7.5503E-11
3.7798E-09 4.1316E-09 4.5002E-09 4.8880E-09 5.2932E-09 5.7159E-09 6.1573E-09 6.6150E-09 7.0915E-09 7.5855E-09 8.0968E-09 8.6255E-09 9.1703E-09 9.7302E-09 1.0301E-08 1.0883E-08 1.1469E-08 1.2055E-08 1.2634E-08 1.3195E-08 1.3734E-08 1.4235E-08 1.4688E-08 1.5082E-08 1.5406E-08 1.5645E-08 1.5789E-08 1.5831E-08 1.5764E-08 1.5578E-08 1.5276E-08 1.4860E-08 1.4332E-08 1.3706E-08 1.2989E-08 1.2200E-08 1.1348E-08 1.0455E-08 9.5375E-09 8.6111E-09 7.6915E-09 6.7946E-09 5.9334E-09 5.1217E-09 4.3668E-09 3.6776E-09 3.0552E-09 2.5028E-09 2.0191E-09 1.6023E-09 1.2492E-09 9.5451E-10 7.1081E-10 5.1008E-10 3.2334E-10 1.8578E-10 1.1381E-10
3.4851E-09 3.8159E-09 4.1636E-09 4.5304E-09 4.9158E-09 5.3193E-09 5.7429E-09 6.1847E-09 6.6471E-09 7.1293E-09 7.6329E-09 8.1552E-09 8.7005E-09 9.2626E-09 9.8435E-09 1.0440E-08 1.1046E-08 1.1661E-08 1.2273E-08 1.2879E-08 1.3467E-08 1.4026E-08 1.4544E-08 1.5011E-08 1.5410E-08 1.5731E-08 1.5961E-08 1.6089E-08 1.6103E-08 1.6000E-08 1.5776E-08 1.5430E-08 1.4965E-08 1.4392E-08 1.3719E-08 1.2958E-08 1.2128E-08 1.1243E-08 1.0321E-08 9.3780E-09 8.4335E-09 7.5042E-09 6.6029E-09 5.7445E-09 4.9392E-09 4.1941E-09 3.5169E-09 2.9087E-09 2.3708E-09 1.9004E-09 1.4993E-09 1.1617E-09 8.7826E-10 6.4245E-10 4.3465E-10 2.6775E-10 1.6704E-10
3.1921E-09 3.5010E-09 3.8264E-09 4.1711E-09 4.5346E-09 4.9165E-09 5.3205E-09 5.7428E-09 6.1879E-09 6.6547E-09 7.1454E-09 7.6579E-09 8.1969E-09 8.7569E-09 9.3410E-09 9.9447E-09 1.0566E-08 1.1201E-08 1.1842E-08 1.2485E-08 1.3115E-08 1.3727E-08 1.4306E-08 1.4841E-08 1.5314E-08 1.5717E-08 1.6032E-08 1.6245E-08 1.6348E-08 1.6333E-08 1.6192E-08 1.5923E-08 1.5534E-08 1.5024E-08 1.4406E-08 1.3690E-08 1.2892E-08 1.2026E-08 1.1111E-08 1.0165E-08 9.2070E-09 8.2518E-09 7.3171E-09 6.4160E-09 5.5629E-09 4.7647E-09 4.0317E-09 3.3666E-09 2.7731E-09 2.2479E-09 1.7930E-09 1.4042E-09 1.0783E-09 8.0250E-10 5.6912E-10 3.6657E-10 2.3407E-10
2.9043E-09 3.1904E-09 3.4927E-09 3.8139E-09 4.1541E-09 4.5136E-09 4.8947E-09 5.2954E-09 5.7196E-09 6.1680E-09 6.6415E-09 7.1399E-09 7.6674E-09 8.2204E-09 8.8001E-09 9.4064E-09 1.0036E-08 1.0683E-08 1.1347E-08 1.2017E-08 1.2685E-08 1.3342E-08 1.3976E-08 1.4572E-08 1.5117E-08 1.5596E-08 1.5994E-08 1.6295E-08 1.6489E-08 1.6562E-08 1.6510E-08 1.6331E-08 1.6023E-08 1.5587E-08 1.5035E-08 1.4377E-08 1.3622E-08 1.2790E-08 1.1897E-08 1.0961E-08 9.9998E-09 9.0306E-09 8.0713E-09 7.1379E-09 6.2428E-09 5.3981E-09 4.6105E-09 3.8887E-09 3.2354E-09 2.6535E-09 2.1411E-09 1.6984E-09 1.3199E-09 9.9905E-10 7.2943E-10 4.9351E-10 3.2425E-10
