Assets/Resources/2015_m01_d26_2200(utc+0800)_l00_csi_1hr_conc.grd
DSAA
         159         159
     -79.000      79.000
     -79.000      79.000
  0.0000E+00  0.1024E-05
[rows 0 to 24 of 159, columns 0 to 56 of 159]
0.0000E+00 0.0000E+00 0.0000E+00 0.0000E+00 0.0000E+00 0.0000E+00 0.0000E+00 0.0000E+00 0.0000E+00 0.0000E+00 0.0000E+00 0.0000E+00 0.0000E+00 0.0000E+00 0.0000E+00 0.0000E+00 0.0000E+00 0.0000E+00 0.0000E+00 0.0000E+00 0.0000E+00 1.8446E-12 6.4190E-12 1.2479E-11 2.3667E-11 3.7755E-11 5.5428E-11 8.0723E-11 1.1682E-10 1.6718E-10 2.3265E-10 3.1156E-10 4.1125E-10 5.3383E-10 6.8311E-10 8.6376E-10 1.0784E-09 1.3313E-09 1.6239E-09 1.9571E-09 2.3301E-09 2.7398E-09 3.1808E-09 3.6456E-09 4.1252E-09 4.6079E-09 5.0798E-09 5.5264E-09 5.9328E-09 6.2832E-09 6.5647E-09 6.7660E-09 6.8780E-09 6.8950E-09 6.8149E-09 6.6417E-09 6.3823E-09
0.0000E+00 0.0000E+00 0.0000E+00 0.0000E+00 0.0000E+00 0.0000E+00 0.0000E+00 0.0000E+00 0.0000E+00 0.0000E+00 0.0000E+00 0.0000E+00 0.0000E+00 0.0000E+00 0.0000E+00 0.0000E+00 0.0000E+00 0.0000E+00 0.0000E+00 0.0000E+00 0.0000E+00 1.6622E-12 5.8437E-12 1.1418E-11 2.1834E-11 3.5255E-11 5.3623E-11 7.8369E-11 1.1345E-10 1.6370E-10 2.3048E-10 3.1178E-10 4.1412E-10 5.4036E-10 6.9604E-10 8.8337E-10 1.1070E-09 1.3718E-09 1.6793E-09 2.0308E-09 2.4255E-09 2.8602E-09 3.3308E-09 3.8293E-09 4.3455E-09 4.8663E-09 5.3787E-09 5.8665E-09 6.3129E-09 6.7017E-09 7.0172E-09 7.2461E-09 7.3791E-09 7.4103E-09 7.3363E-09 7.1595E-09 6.8867E-09
0.0000E+00 0.0000E+00 0.0000E+00 0.0000E+00 0.0000E+00 0.0000E+00 0.0000E+00 0.0000E+00 0.0000E+00 0.0000E+00 0.0000E+00 0.0000E+00 0.0000E+00 0.0000E+00 0.0000E+00 0.0000E+00 0.0000E+00 0.0000E+00 0.0000E+00 0.0000E+00 0.0000E+00 1.4725E-12 5.2325E-12 1.0277E-11 1.9823E-11 3.2366E-11 5.0505E-11 7.4591E-11 1.0847E-10 1.5980E-10 2.2554E-10 3.0756E-10 4.1062E-10 5.4150E-10 7.0006E-10 8.9231E-10 1.1230E-09 1.3966E-09 1.7158E-09 2.0834E-09 2.4961E-09 2.9544E-09 3.4515E-09 3.9801E-09 4.5298E-09 5.0896E-09 5.6420E-09 6.1699E-09 6.6551E-09 7.0820E-09 7.4328E-09 7.6923E-09 7.8482E-09 7.8940E-09 7.8283E-09 7.6516E-09 7.3710E-09
0.0000E+00 0.0000E+00 0.0000E+00 0.0000E+00 0.0000E+00 0.0000E+00 0.0000E+00 0.0000E+00 0.0000E+00 0.0000E+00 0.0000E+00 0.0000E+00 0.0000E+00 0.0000E+00 0.0000E+00 0.0000E+00 0.0000E+00 0.0000E+00 0.0000E+00 0.0000E+00 0.0000E+00 5.2683E-13 3.8793E-12 8.3948E-12 1.7076E-11 2.9261E-11 4.6231E-11 6.9171E-11 1.0172E-10 1.5172E-10 2.1735E-10 2.9963E-10 4.0334E-10 5.3496E-10 6.9556E-10 8.9024E-10 1.1253E-09 1.4057E-09 1.7345E-09 2.1118E-09 2.5409E-09 3.0177E-09 3.5376E-09 4.0940E-09 4.6766E-09 5.2696E-09 5.8588E-09 6.4264E-09 6.9536E-09 7.4192E-09 7.8052E-09 8.0979E-09 8.2830E-09 8.3514E-09 8.2981E-09 8.1252E-09 7.8403E-09
0.0000E+00 0.0000E+00 0.0000E+00 0.0000E+00 0.0000E+00 0.0000E+00 0.0000E+00 0.0000E+00 0.0000E+00 0.0000E+00 0.0000E+00 0.0000E+00 0.0000E+00 0.0000E+00 0.0000E+00 0.0000E+00 0.0000E+00 0.0000E+00 0.0000E+00 0.0000E+00 0.0000E+00 0.0000E+00 1.9624E-12 5.9082E-12 1.3615E-11 2.5679E-11 4.0719E-11 6.2824E-11 9.3678E-11 1.4141E-10 2.0628E-10 2.8698E-10 3.8968E-10 5.2013E-10 6.8207E-10 8.7617E-10 1.1133E-09 1.3962E-09 1.7297E-09 2.1167E-09 2.5572E-09 3.0484E-09 3.5878E-09 4.1681E-09 4.7772E-09 5.4030E-09 6.0276E-09 6.6331E-09 7.1991E-09 7.7048E-09 8.1309E-09 8.4578E-09 8.6719E-09 8.7639E-09 8.7278E-09 8.5645E-09 8.2789E-09
0.0000E+00 0.0000E+00 0.0000E+00 0.0000E+00 0.0000E+00 0.0000E+00 0.0000E+00 0.0000E+00 0.0000E+00 0.0000E+00 0.0000E+00 0.0000E+00 0.0000E+00 0.0000E+00 0.0000E+00 0.0000E+00 0.0000E+00 0.0000E+00 0.0000E+00 0.0000E+00 0.0000E+00 0.0000E+00 0.0000E+00 3.2537E-12 9.9173E-12 2.1450E-11 3.4581E-11 5.5460E-11 8.4429E-11 1.3000E-10 1.9124E-10 2.7073E-10 3.7150E-10 4.9985E-10 6.5910E-10 8.5098E-10 1.0867E-09 1.3702E-09 1.7062E-09 2.0967E-09 2.5430E-09 3.0453E-09 3.6000E-09 4.1984E-09 4.8315E-09 5.4853E-09 6.1436E-09 6.7857E-09 7.3901E-09 7.9351E-09 8.4002E-09 8.7657E-09 9.0140E-09 9.1330E-09 9.1173E-09 8.9670E-09 8.6875E-09
0.0000E+00 0.0000E+00 0.0000E+00 0.0000E+00 0.0000E+00 0.0000E+00 0.0000E+00 0.0000E+00 0.0000E+00 0.0000E+00 0.0000E+00 0.0000E+00 0.0000E+00 0.0000E+00 0.0000E+00 0.0000E+00 0.0000E+00 0.0000E+00 0.0000E+00 0.0000E+00 0.0000E+00 0.0000E+00 0.0000E+00 6.6069E-13 6.3323E-12 1.6308E-11 2.7552E-11 4.6801E-11 7.3745E-11 1.1650E-10 1.7324E-10 2.5108E-10 3.4782E-10 4.7253E-10 6.2735E-10 8.1638E-10 1.0484E-09 1.3281E-09 1.6615E-09 2.0516E-09 2.5007E-09 3.0090E-09 3.5730E-09 4.1865E-09 4.8388E-09 5.5176E-09 6.2045E-09 6.8805E-09 7.5228E-09 8.1087E-09 8.6147E-09 9.0191E-09 9.3054E-09 9.4593E-09 9.4740E-09 9.3459E-09 9.0806E-09
0.0000E+00 0.0000E+00 0.0000E+00 0.0000E+00 0.0000E+00 0.0000E+00 0.0000E+00 0.0000E+00 0.0000E+00 0.0000E+00 0.0000E+00 0.0000E+00 0.0000E+00 0.0000E+00 0.0000E+00 0.0000E+00 0.0000E+00 0.0000E+00 0.0000E+00 0.0000E+00 0.0000E+00 0.0000E+00 0.0000E+00 0.0000E+00 2.6707E-12 1.1160E-11 2.0681E-11 3.7671E-11 6.2686E-11 1.0213E-10 1.5368E-10 2.2685E-10 3.2097E-10 4.4098E-10 5.9007E-10 7.7228E-10 9.9641E-10 1.2706E-09 1.5974E-09 1.9844E-09 2.4313E-09 2.9407E-09 3.5091E-09 4.1320E-09 4.7996E-09 5.4985E-09 6.2110E-09 6.9168E-09 7.5948E-09 8.2203E-09 8.7678E-09 9.2152E-09 9.5427E-09 9.7351E-09 9.7826E-09 9.6816E-09 9.4352E-09
0.0000E+00 0.0000E+00 0.0000E+00 0.0000E+00 0.0000E+00 0.0000E+00 0.0000E+00 0.0000E+00 0.0000E+00 0.0000E+00 0.0000E+00 0.0000E+00 0.0000E+00 0.0000E+00 0.0000E+00 0.0000E+00 0.0000E+00 0.0000E+00 0.0000E+00 0.0000E+00 0.0000E+00 0.0000E+00 0.0000E+00 0.0000E+00 0.0000E+00 5.4684E-12 1.3835E-11 2.8418E-11 5.0450E-11 8.6236E-11 1.3361E-10 2.0033E-10 2.9190E-10 4.0426E-10 5.4636E-10 7.2093E-10 9.3654E-10 1.2007E-09 1.5195E-09 1.8966E-09 2.3362E-09 2.8425E-09 3.4119E-09 4.0382E-09 4.7160E-09 5.4290E-09 6.1629E-09 6.8982E-09 7.6099E-09 8.2730E-09 8.8637E-09 9.3584E-09 9.7334E-09 9.9702E-09 1.0058E-08 9.9937E-09 9.7778E-09
0.0000E+00 0.0000E+00 0.0000E+00 0.0000E+00 0.0000E+00 0.0000E+00 0.0000E+00 0.0000E+00 0.0000E+00 0.0000E+00 0.0000E+00 0.0000E+00 0.0000E+00 0.0000E+00 0.0000E+00 0.0000E+00 0.0000E+00 0.0000E+00 0.0000E+00 0.0000E+00 0.0000E+00 0.0000E+00 0.0000E+00 0.0000E+00 0.0000E+00 6.2232E-14 7.3874E-12 1.9693E-11 3.8308E-11 7.0356E-11 1.1337E-10 1.7360E-10 2.5751E-10 3.6510E-10 4.9890E-10 6.6328E-10 8.6711E-10 1.1192E-09 1.4246E-09 1.7896E-09 2.2195E-09 2.7192E-09 3.2821E-09 3.9105E-09 4.5901E-09 5.3145E-09 6.0664E-09 6.8262E-09 7.5700E-09 8.2739E-09 8.9087E-09 9.4500E-09 9.8733E-09 1.0161E-08 1.0297E-08 1.0274E-08 1.0091E-08
0.0000E+00 0.0000E+00 0.0000E+00 0.0000E+00 0.0000E+00 0.0000E+00 0.0000E+00 0.0000E+00 0.0000E+00 0.0000E+00 0.0000E+00 0.0000E+00 0.0000E+00 0.0000E+00 0.0000E+00 0.0000E+00 0.0000E+00 0.0000E+00 0.0000E+00 0.0000E+00 0.0000E+00 0.0000E+00 0.0000E+00 0.0000E+00 0.0000E+00 0.0000E+00 1.7251E-12 1.1270E-11 2.7271E-11 5.4454E-11 9.3299E-11 1.4715E-10 2.2202E-10 3.2405E-10 4.4811E-10 6.0198E-10 7.9216E-10 1.0318E-09 1.3233E-09 1.6730E-09 2.0865E-09 2.5746E-09 3.1301E-09 3.7490E-09 4.4314E-09 5.1621E-09 5.9296E-09 6.7100E-09 7.4842E-09 8.2252E-09 8.9068E-09 9.5001E-09 9.9790E-09 1.0323E-08 1.0514E-08 1.0540E-08 1.0400E-08
0.0000E+00 0.0000E+00 0.0000E+00 0.0000E+00 0.0000E+00 0.0000E+00 0.0000E+00 0.0000E+00 0.0000E+00 0.0000E+00 0.0000E+00 0.0000E+00 0.0000E+00 0.0000E+00 0.0000E+00 0.0000E+00 0.0000E+00 0.0000E+00 0.0000E+00 0.0000E+00 0.0000E+00 0.0000E+00 0.0000E+00 0.0000E+00 0.0000E+00 0.0000E+00 0.0000E+00 3.1703E-12 1.5780E-11 3.8293E-11 7.2733E-11 1.2073E-10 1.8803E-10 2.7879E-10 3.9630E-10 5.3904E-10 7.1617E-10 9.3710E-10 1.2109E-09 1.5434E-09 1.9404E-09 2.4149E-09 2.9567E-09 3.5695E-09 4.2441E-09 4.9795E-09 5.7550E-09 6.5566E-09 7.3600E-09 8.1401E-09 8.8675E-09 9.5135E-09 1.0051E-08 1.0455E-08 1.0703E-08 1.0784E-08 1.0691E-08
0.0000E+00 0.0000E+00 0.0000E+00 0.0000E+00 0.0000E+00 0.0000E+00 0.0000E+00 0.0000E+00 0.0000E+00 0.0000E+00 0.0000E+00 0.0000E+00 0.0000E+00 0.0000E+00 0.0000E+00 0.0000E+00 0.0000E+00 0.0000E+00 0.0000E+00 0.0000E+00 0.0000E+00 0.0000E+00 0.0000E+00 0.0000E+00 0.0000E+00 0.0000E+00 0.0000E+00 0.0000E+00 5.2489E-12 2.2804E-11 5.2411E-11 9.4886E-11 1.5479E-10 2.3531E-10 3.4399E-10 4.7489E-10 6.3743E-10 8.4311E-10 1.0992E-09 1.4123E-09 1.7904E-09 2.2462E-09 2.7715E-09 3.3704E-09 4.0408E-09 4.7719E-09 5.5560E-09 6.3735E-09 7.2060E-09 8.0222E-09 8.7964E-09 9.4982E-09 1.0097E-08 1.0563E-08 1.0874E-08 1.1016E-08 1.0975E-08
0.0000E+00 0.0000E+00 0.0000E+00 0.0000E+00 0.0000E+00 0.0000E+00 0.0000E+00 0.0000E+00 0.0000E+00 0.0000E+00 0.0000E+00 0.0000E+00 0.0000E+00 0.0000E+00 0.0000E+00 0.0000E+00 0.0000E+00 0.0000E+00 0.0000E+00 0.0000E+00 0.0000E+00 0.0000E+00 0.0000E+00 0.0000E+00 0.0000E+00 0.0000E+00 0.0000E+00 0.0000E+00 1.1202E-14 9.6838E-12 3.3055E-11 6.9815E-11 1.2278E-10 1.9360E-10 2.9018E-10 4.1299E-10 5.6224E-10 7.5063E-10 9.8684E-10 1.2802E-09 1.6354E-09 2.0721E-09 2.5786E-09 3.1616E-09 3.8201E-09 4.5495E-09 5.3362E-09 6.1707E-09 7.0252E-09 7.8803E-09 8.7044E-09 9.4641E-09 1.0127E-08 1.0663E-08 1.1044E-08 1.1251E-08 1.1270E-08
0.0000E+00 0.0000E+00 0.0000E+00 0.0000E+00 0.0000E+00 0.0000E+00 0.0000E+00 0.0000E+00 0.0000E+00 0.0000E+00 0.0000E+00 0.0000E+00 0.0000E+00 0.0000E+00 0.0000E+00 0.0000E+00 0.0000E+00 0.0000E+00 0.0000E+00 0.0000E+00 0.0000E+00 0.0000E+00 0.0000E+00 0.0000E+00 0.0000E+00 0.0000E+00 0.0000E+00 0.0000E+00 0.0000E+00 2.6033E-12 1.7751E-11 4.7192E-11 9.4119E-11 1.5507E-10 2.4075E-10 3.5241E-10 4.8902E-10 6.6133E-10 8.7893E-10 1.1499E-09 1.4810E-09 1.8987E-09 2.3810E-09 2.9476E-09 3.5929E-09 4.3141E-09 5.1047E-09 5.9484E-09 6.8301E-09 7.7205E-09 8.5908E-09 9.4062E-09 1.0134E-08 1.0740E-08 1.1193E-08 1.1469E-08 1.1552E-08
0.0000E+00 0.0000E+00 0.0000E+00 0.0000E+00 0.0000E+00 0.0000E+00 0.0000E+00 0.0000E+00 0.0000E+00 0.0000E+00 0.0000E+00 0.0000E+00 0.0000E+00 0.0000E+00 0.0000E+00 0.0000E+00 0.0000E+00 0.0000E+00 0.0000E+00 0.0000E+00 0.0000E+00 0.0000E+00 0.0000E+00 0.0000E+00 0.0000E+00 0.0000E+00 0.0000E+00 0.0000E+00 0.0000E+00 2.7369E-13 7.7695E-12 2.7760E-11 6.7135E-11 1.1987E-10 1.9458E-10 2.9419E-10 4.1836E-10 5.7550E-10 7.7502E-10 1.0242E-09 1.3325E-09 1.7254E-09 2.1855E-09 2.7308E-09 3.3627E-09 4.0717E-09 4.8625E-09 5.7177E-09 6.6170E-09 7.5426E-09 8.4589E-09 9.3340E-09 1.0131E-08 1.0810E-08 1.1339E-08 1.1693E-08 1.1852E-08
0.0000E+00 0.0000E+00 0.0000E+00 0.0000E+00 0.0000E+00 0.0000E+00 0.0000E+00 0.0000E+00 0.0000E+00 0.0000E+00 0.0000E+00 0.0000E+00 0.0000E+00 0.0000E+00 0.0000E+00 0.0000E+00 0.0000E+00 0.0000E+00 0.0000E+00 0.0000E+00 0.0000E+00 0.0000E+00 0.0000E+00 0.0000E+00 0.0000E+00 0.0000E+00 0.0000E+00 0.0000E+00 0.0000E+00 0.0000E+00 2.7760E-12 1.4382E-11 4.4146E-11 8.8304E-11 1.5206E-10 2.4037E-10 3.5167E-10 4.9447E-10 6.7489E-10 9.0110E-10 1.1852E-09 1.5562E-09 1.9910E-09 2.5177E-09 3.1285E-09 3.8280E-09 4.6140E-09 5.4737E-09 6.3961E-09 7.3516E-09 8.3129E-09 9.2453E-09 1.0107E-08 1.0862E-08 1.1472E-08 1.1906E-08 1.2141E-08
0.0000E+00 0.0000E+00 0.0000E+00 0.0000E+00 0.0000E+00 0.0000E+00 0.0000E+00 0.0000E+00 0.0000E+00 0.0000E+00 0.0000E+00 0.0000E+00 0.0000E+00 0.0000E+00 0.0000E+00 0.0000E+00 0.0000E+00 0.0000E+00 0.0000E+00 0.0000E+00 0.0000E+00 0.0000E+00 0.0000E+00 0.0000E+00 0.0000E+00 0.0000E+00 0.0000E+00 0.0000E+00 0.0000E+00 0.0000E+00 1.1151E-12 6.8655E-12 2.6208E-11 6.1502E-11 1.1439E-10 1.9044E-10 2.8670E-10 4.1795E-10 5.8049E-10 7.8717E-10 1.0469E-09 1.3951E-09 1.8037E-09 2.3043E-09 2.8982E-09 3.5803E-09 4.3631E-09 5.2256E-09 6.1630E-09 7.1479E-09 8.1506E-09 9.1382E-09 1.0067E-08 1.0899E-08 1.1594E-08 1.2114E-08 1.2437E-08
0.0000E+00 0.0000E+00 0.0000E+00 0.0000E+00 0.0000E+00 0.0000E+00 0.0000E+00 0.0000E+00 0.0000E+00 0.0000E+00 0.0000E+00 0.0000E+00 0.0000E+00 0.0000E+00 0.0000E+00 0.0000E+00 0.0000E+00 0.0000E+00 0.0000E+00 0.0000E+00 0.0000E+00 0.0000E+00 0.0000E+00 0.0000E+00 0.0000E+00 0.0000E+00 0.0000E+00 0.0000E+00 0.0000E+00 0.0000E+00 2.7481E-13 3.2258E-12 1.3525E-11 3.9705E-11 8.1410E-11 1.4579E-10 2.2778E-10 3.4312E-10 4.9105E-10 6.7753E-10 9.1288E-10 1.2373E-09 1.6204E-09 2.1009E-09 2.6696E-09 3.3383E-09 4.1090E-09 4.9736E-09 5.9222E-09 6.9302E-09 7.9759E-09 9.0165E-09 1.0015E-08 1.0930E-08 1.1715E-08 1.2334E-08 1.2758E-08
0.0000E+00 0.0000E+00 0.0000E+00 0.0000E+00 0.0000E+00 0.0000E+00 0.0000E+00 0.0000E+00 0.0000E+00 0.0000E+00 0.0000E+00 0.0000E+00 0.0000E+00 0.0000E+00 0.0000E+00 0.0000E+00 0.0000E+00 0.0000E+00 0.0000E+00 0.0000E+00 0.0000E+00 0.0000E+00 0.0000E+00 0.0000E+00 0.0000E+00 0.0000E+00 0.0000E+00 0.0000E+00 0.0000E+00 0.0000E+00 0.0000E+00 8.4942E-13 6.3977E-12 2.2967E-11 5.5746E-11 1.0637E-10 1.7477E-10 2.7238E-10 4.0607E-10 5.7453E-10 7.8921E-10 1.0931E-09 1.4477E-09 1.9037E-09 2.4490E-09 3.0979E-09 3.8602E-09 4.7147E-09 5.6756E-09 6.7043E-09 7.7858E-09 8.8797E-09 9.9476E-09 1.0942E-08 1.1821E-08 1.2545E-08 1.3077E-08
0.0000E+00 0.0000E+00 0.0000E+00 0.0000E+00 0.0000E+00 0.0000E+00 0.0000E+00 0.0000E+00 0.0000E+00 0.0000E+00 0.0000E+00 0.0000E+00 0.0000E+00 0.0000E+00 0.0000E+00 0.0000E+00 0.0000E+00 0.0000E+00 0.0000E+00 0.0000E+00 0.0000E+00 0.0000E+00 0.0000E+00 0.0000E+00 0.0000E+00 0.0000E+00 0.0000E+00 0.0000E+00 0.0000E+00 0.0000E+00 0.0000E+00 0.0000E+00 1.8976E-12 9.4406E-12 3.4975E-11 7.4437E-11 1.2873E-10 2.0993E-10 3.2594E-10 4.7755E-10 6.7123E-10 9.5231E-10 1.2830E-09 1.7143E-09 2.2361E-09 2.8646E-09 3.6102E-09 4.4595E-09 5.4214E-09 6.4680E-09 7.5852E-09 8.7256E-09 9.8620E-09 1.0942E-08 1.1919E-08 1.2756E-08 1.3410E-08
0.0000E+00 0.0000E+00 0.0000E+00 0.0000E+00 0.0000E+00 0.0000E+00 0.0000E+00 0.0000E+00 0.0000E+00 0.0000E+00 0.0000E+00 0.0000E+00 0.0000E+00 0.0000E+00 0.0000E+00 0.0000E+00 0.0000E+00 0.0000E+00 0.0000E+00 0.0000E+00 0.0000E+00 0.0000E+00 0.0000E+00 0.0000E+00 0.0000E+00 0.0000E+00 0.0000E+00 0.0000E+00 0.0000E+00 0.0000E+00 0.0000E+00 0.0000E+00 2.6707E-13 3.5259E-12 1.7392E-11 4.9062E-11 9.1906E-11 1.5828E-10 2.5613E-10 3.8967E-10 5.6288E-10 8.2428E-10 1.1274E-09 1.5368E-09 2.0310E-09 2.6354E-09 3.3627E-09 4.1996E-09 5.1664E-09 6.2204E-09 7.3654E-09 8.5588E-09 9.7584E-09 1.0922E-08 1.2006E-08 1.2957E-08 1.3741E-08
0.0000E+00 0.0000E+00 0.0000E+00 0.0000E+00 0.0000E+00 0.0000E+00 0.0000E+00 0.0000E+00 0.0000E+00 0.0000E+00 0.0000E+00 0.0000E+00 0.0000E+00 0.0000E+00 0.0000E+00 0.0000E+00 0.0000E+00 0.0000E+00 0.0000E+00 0.0000E+00 0.0000E+00 0.0000E+00 0.0000E+00 0.0000E+00 0.0000E+00 0.0000E+00 0.0000E+00 0.0000E+00 0.0000E+00 0.0000E+00 0.0000E+00 0.0000E+00 0.0000E+00 7.9842E-13 4.4137E-12 2.7872E-11 6.1720E-11 1.1534E-10 1.9598E-10 3.1076E-10 4.6398E-10 7.0430E-10 9.8492E-10 1.3679E-09 1.8328E-09 2.4122E-09 3.1186E-09 3.9411E-09 4.8988E-09 5.9625E-09 7.1337E-09 8.3674E-09 9.6315E-09 1.0881E-08 1.2070E-08 1.3151E-08 1.4073E-08
0.0000E+00 0.0000E+00 0.0000E+00 0.0000E+00 0.0000E+00 0.0000E+00 0.0000E+00 0.0000E+00 0.0000E+00 0.0000E+00 0.0000E+00 0.0000E+00 0.0000E+00 0.0000E+00 0.0000E+00 0.0000E+00 0.0000E+00 0.0000E+00 0.0000E+00 0.0000E+00 0.0000E+00 0.0000E+00 0.0000E+00 0.0000E+00 0.0000E+00 0.0000E+00 0.0000E+00 0.0000E+00 0.0000E+00 0.0000E+00 0.0000E+00 0.0000E+00 0.0000E+00 0.0000E+00 1.1601E-12 1.1149E-11 3.6616E-11 7.9851E-11 1.4608E-10 2.4337E-10 3.7680E-10 5.9689E-10 8.5431E-10 1.2085E-09 1.6454E-09 2.2025E-09 2.8788E-09 3.6817E-09 4.6330E-09 5.6946E-09 6.8855E-09 8.1562E-09 9.4786E-09 1.0816E-08 1.2113E-08 1.3325E-08 1.4403E-08
0.0000E+00 0.0000E+00 0.0000E+00 0.0000E+00 0.0000E+00 0.0000E+00 0.0000E+00 0.0000E+00 0.0000E+00 0.0000E+00 0.0000E+00 0.0000E+00 0.0000E+00 0.0000E+00 0.0000E+00 0.0000E+00 0.0000E+00 0.0000E+00 0.0000E+00 0.0000E+00 0.0000E+00 0.0000E+00 0.0000E+00 0.0000E+00 0.0000E+00 0.0000E+00 0.0000E+00 0.0000E+00 0.0000E+00 0.0000E+00 0.0000E+00 0.0000E+00 0.0000E+00 0.0000E+00 0.0000E+00 1.2109E-12 1.7852E-11 5.0512E-11 1.0478E-10 1.8530E-10 3.0191E-10 5.0194E-10 7.3547E-10 1.0628E-09 1.4712E-09 1.9959E-09 2.6456E-09 3.4227E-09 4.3604E-09 5.4160E-09 6.6182E-09 7.9185E-09 9.3001E-09 1.0714E-08 1.2122E-08 1.3469E-08 1.4708E-08
