Assets/Resources/2015_m01_d02_0000(utc+0800)_l00_csi_1hr_conc.grd
DSAA
         159         159
     -79.000      79.000
     -79.000      79.000
  0.0000E+00  0.1199E-04
[rows 100 to 124 of 159, columns 57 to 113 of 159]
0.0000E+00 0.0000E+00 0.0000E+00 0.0000E+00 0.0000E+00 0.0000E+00 0.0000E+00 0.0000E+00 0.0000E+00 0.0000E+00 3.5429E-12 2.5121E-11 6.9817E-11 1.2265E-10 1.8722E-10 2.5908E-10 3.4232E-10 4.3674E-10 5.4272E-10 6.6476E-10 8.0788E-10 1.1106E-09 1.4959E-09 1.8752E-09 2.3826E-09 3.4036E-09 6.2058E-09 1.1975E-08 2.2579E-08 4.0031E-08 6.4653E-08 9.4971E-08 1.2976E-07 1.6605E-07 2.0120E-07 2.3194E-07 2.5702E-07 2.7492E-07 2.8560E-07 2.8976E-07 2.8697E-07 2.7854E-07 2.6613E-07 2.5110E-07 2.3449E-07 2.1611E-07 1.9765E-07 1.7938E-07 1.6204E-07 1.4582E-07 1.3139E-07 1.1856E-07 1.0739E-07 9.7835E-08 8.9753E-08 8.3195E-08 7.7735E-08
0.0000E+00 0.0000E+00 0.0000E+00 0.0000E+00 0.0000E+00 0.0000E+00 0.0000E+00 0.0000E+00 0.0000E+00 0.0000E+00 4.4237E-12 2.6923E-11 6.9893E-11 1.2362E-10 1.8855E-10 2.5993E-10 3.4306E-10 4.3739E-10 5.4362E-10 6.6615E-10 8.6785E-10 1.1923E-09 1.5479E-09 1.9410E-09 2.5465E-09 3.6019E-09 5.9917E-09 1.0527E-08 1.9126E-08 3.3002E-08 5.2357E-08 7.7904E-08 1.0828E-07 1.4163E-07 1.7585E-07 2.0840E-07 2.3645E-07 2.5842E-07 2.7323E-07 2.8112E-07 2.8253E-07 2.7668E-07 2.6593E-07 2.5181E-07 2.3567E-07 2.1757E-07 1.9903E-07 1.8057E-07 1.6303E-07 1.4659E-07 1.3190E-07 1.1887E-07 1.0758E-07 9.7892E-08 8.9757E-08 8.3097E-08 7.7624E-08
0.0000E+00 0.0000E+00 0.0000E+00 0.0000E+00 0.0000E+00 0.0000E+00 0.0000E+00 0.0000E+00 0.0000E+00 0.0000E+00 5.0282E-12 2.7937E-11 6.8354E-11 1.2371E-10 1.8848E-10 2.5894E-10 3.4164E-10 4.3528E-10 5.4125E-10 6.6373E-10 9.3050E-10 1.2761E-09 1.5939E-09 1.9948E-09 2.7000E-09 3.7942E-09 5.7060E-09 9.6390E-09 1.6479E-08 2.7343E-08 4.3066E-08 6.3965E-08 8.9209E-08 1.1863E-07 1.5024E-07 1.8162E-07 2.0997E-07 2.3326E-07 2.5066E-07 2.6184E-07 2.6618E-07 2.6348E-07 2.5519E-07 2.4291E-07 2.2828E-07 2.1149E-07 1.9395E-07 1.7637E-07 1.5951E-07 1.4369E-07 1.2942E-07 1.1678E-07 1.0582E-07 9.6427E-08 8.8545E-08 8.2050E-08 7.6725E-08
0.0000E+00 0.0000E+00 0.0000E+00 0.0000E+00 0.0000E+00 0.0000E+00 0.0000E+00 0.0000E+00 0.0000E+00 0.0000E+00 5.2938E-12 2.8081E-11 6.7165E-11 1.2287E-10 1.8695E-10 2.5652E-10 3.3818E-10 4.3079E-10 5.3562E-10 7.1010E-10 1.0417E-09 1.3070E-09 1.6306E-09 2.1022E-09 2.8375E-09 3.8705E-09 5.5095E-09 8.8515E-09 1.4260E-08 2.3079E-08 3.5627E-08 5.2073E-08 7.3067E-08 9.8077E-08 1.2568E-07 1.5386E-07 1.8058E-07 2.0366E-07 2.2182E-07 2.3453E-07 2.4136E-07 2.4140E-07 2.3593E-07 2.2615E-07 2.1361E-07 1.9898E-07 1.8332E-07 1.6741E-07 1.5200E-07 1.3749E-07 1.2426E-07 1.1252E-07 1.0231E-07 9.3561E-08 8.6206E-08 8.0112E-08 7.5106E-08
0.0000E+00 0.0000E+00 0.0000E+00 0.0000E+00 0.0000E+00 0.0000E+00 0.0000E+00 0.0000E+00 0.0000E+00 0.0000E+00 5.1543E-12 2.7187E-11 6.5967E-11 1.2110E-10 1.8393E-10 2.5278E-10 3.3285E-10 4.2454E-10 5.2754E-10 7.5883E-10 1.0615E-09 1.3306E-09 1.6569E-09 2.2045E-09 2.9591E-09 3.9261E-09 5.4000E-09 8.2073E-09 1.2715E-08 1.9608E-08 2.9239E-08 4.2527E-08 5.9558E-08 7.9859E-08 1.0310E-07 1.2762E-07 1.5132E-07 1.7259E-07 1.9016E-07 2.0317E-07 2.1138E-07 2.1388E-07 2.1085E-07 2.0385E-07 1.9376E-07 1.8173E-07 1.6846E-07 1.5477E-07 1.4140E-07 1.2867E-07 1.1693E-07 1.0648E-07 9.7365E-08 8.9519E-08 8.2910E-08 7.7397E-08 7.2861E-08
0.0000E+00 0.0000E+00 0.0000E+00 0.0000E+00 0.0000E+00 0.0000E+00 0.0000E+00 0.0000E+00 0.0000E+00 0.0000E+00 4.5409E-12 2.5104E-11 6.3691E-11 1.1775E-10 1.7910E-10 2.4668E-10 3.2594E-10 4.1607E-10 5.6288E-10 8.5388E-10 1.0758E-09 1.3465E-09 1.6730E-09 2.3002E-09 3.0092E-09 3.9480E-09 5.2852E-09 7.6297E-09 1.1352E-08 1.6612E-08 2.4369E-08 3.4817E-08 4.8088E-08 6.4566E-08 8.3529E-08 1.0381E-07 1.2404E-07 1.4266E-07 1.5868E-07 1.7129E-07 1.7971E-07 1.8385E-07 1.8306E-07 1.7852E-07 1.7101E-07 1.6168E-07 1.5099E-07 1.3979E-07 1.2874E-07 1.1806E-07 1.0811E-07 9.9181E-08 9.1342E-08 8.4599E-08 7.8878E-08 7.4072E-08 7.0099E-08
0.0000E+00 0.0000E+00 0.0000E+00 0.0000E+00 0.0000E+00 0.0000E+00 0.0000E+00 0.0000E+00 0.0000E+00 0.0000E+00 3.3804E-12 2.1637E-11 5.8953E-11 1.1086E-10 1.6922E-10 2.3751E-10 3.1506E-10 4.0436E-10 6.0054E-10 8.6165E-10 1.0841E-09 1.3542E-09 1.7402E-09 2.3878E-09 3.0358E-09 3.9237E-09 5.1357E-09 7.1499E-09 1.0034E-08 1.4452E-08 2.0476E-08 2.8354E-08 3.8843E-08 5.1876E-08 6.6868E-08 8.3256E-08 9.9886E-08 1.1565E-07 1.2960E-07 1.4097E-07 1.4925E-07 1.5406E-07 1.5494E-07 1.5251E-07 1.4750E-07 1.4064E-07 1.3247E-07 1.2380E-07 1.1507E-07 1.0650E-07 9.8475E-08 9.1149E-08 8.4671E-08 7.9125E-08 7.4354E-08 7.0324E-08 6.6953E-08
0.0000E+00 0.0000E+00 0.0000E+00 0.0000E+00 0.0000E+00 0.0000E+00 0.0000E+00 0.0000E+00 0.0000E+00 0.0000E+00 1.6061E-12 1.7037E-11 4.9572E-11 9.3526E-11 1.5280E-10 2.2414E-10 3.0054E-10 3.8859E-10 6.8037E-10 8.6444E-10 1.0862E-09 1.3537E-09 1.8605E-09 2.4033E-09 3.0370E-09 3.8398E-09 5.0427E-09 6.6998E-09 9.1683E-09 1.2617E-08 1.7209E-08 2.3402E-08 3.1449E-08 4.1397E-08 5.3209E-08 6.6184E-08 7.9481E-08 9.2372E-08 1.0409E-07 1.1398E-07 1.2156E-07 1.2649E-07 1.2849E-07 1.2771E-07 1.2477E-07 1.2011E-07 1.1425E-07 1.0790E-07 1.0132E-07 9.4801E-08 8.8613E-08 8.2874E-08 7.7775E-08 7.3379E-08 6.9558E-08 6.6318E-08 6.3567E-08
0.0000E+00 0.0000E+00 0.0000E+00 0.0000E+00 0.0000E+00 0.0000E+00 0.0000E+00 0.0000E+00 0.0000E+00 0.0000E+00 0.0000E+00 1.2502E-11 4.0884E-11 8.3165E-11 1.4415E-10 2.1232E-10 2.8537E-10 4.1340E-10 6.7735E-10 8.6075E-10 1.0822E-09 1.3451E-09 1.9193E-09 2.4050E-09 3.0183E-09 3.7796E-09 4.9015E-09 6.2520E-09 8.3984E-09 1.1081E-08 1.4752E-08 1.9478E-08 2.5536E-08 3.3217E-08 4.2286E-08 5.2283E-08 6.2749E-08 7.3051E-08 8.2598E-08 9.0953E-08 9.7613E-08 1.0234E-07 1.0494E-07 1.0531E-07 1.0396E-07 1.0117E-07 9.7277E-08 9.2890E-08 8.8223E-08 8.3556E-08 7.9061E-08 7.4768E-08 7.0967E-08 6.7625E-08 6.4707E-08 6.2219E-08 6.0076E-08
0.0000E+00 0.0000E+00 0.0000E+00 0.0000E+00 0.0000E+00 0.0000E+00 0.0000E+00 0.0000E+00 0.0000E+00 0.0000E+00 0.0000E+00 1.2111E-11 3.9577E-11 8.0176E-11 1.3751E-10 2.0190E-10 2.7062E-10 4.8273E-10 6.7354E-10 8.5510E-10 1.0722E-09 1.4345E-09 1.9157E-09 2.3912E-09 2.9818E-09 3.7107E-09 4.6353E-09 5.9691E-09 7.6197E-09 9.8963E-09 1.2705E-08 1.6356E-08 2.1052E-08 2.6875E-08 3.3715E-08 4.1410E-08 4.9518E-08 5.7584E-08 6.5215E-08 7.2041E-08 7.7739E-08 8.1982E-08 8.4720E-08 8.5858E-08 8.5707E-08 8.4422E-08 8.2091E-08 7.9324E-08 7.6300E-08 7.3232E-08 7.0148E-08 6.7150E-08 6.4455E-08 6.2082E-08 5.9996E-08 5.8186E-08 5.6569E-08
0.0000E+00 0.0000E+00 0.0000E+00 0.0000E+00 0.0000E+00 0.0000E+00 0.0000E+00 0.0000E+00 0.0000E+00 0.0000E+00 0.0000E+00 1.1697E-11 3.8095E-11 7.6751E-11 1.3126E-10 1.9019E-10 2.5801E-10 5.1618E-10 6.6737E-10 8.4510E-10 1.0564E-09 1.5209E-09 1.9005E-09 2.3588E-09 2.9244E-09 3.6346E-09 4.4851E-09 5.6399E-09 7.0542E-09 8.9212E-09 1.1165E-08 1.4026E-08 1.7631E-08 2.1986E-08 2.7202E-08 3.3034E-08 3.9210E-08 4.5445E-08 5.1460E-08 5.6939E-08 6.1660E-08 6.5403E-08 6.8074E-08 6.9672E-08 7.0326E-08 7.0108E-08 6.8995E-08 6.7515E-08 6.5827E-08 6.4013E-08 6.2078E-08 6.0179E-08 5.8461E-08 5.6886E-08 5.5519E-08 5.4260E-08 5.3133E-08
0.0000E+00 0.0000E+00 0.0000E+00 0.0000E+00 0.0000E+00 0.0000E+00 0.0000E+00 0.0000E+00 0.0000E+00 0.0000E+00 0.0000E+00 1.1234E-11 3.5738E-11 6.6914E-11 1.0451E-10 1.6827E-10 2.7613E-10 5.0644E-10 6.5529E-10 8.3022E-10 1.0338E-09 1.5059E-09 1.8745E-09 2.3123E-09 2.8414E-09 3.5261E-09 4.3470E-09 5.2857E-09 6.5926E-09 8.0681E-09 9.9396E-09 1.2130E-08 1.4925E-08 1.8309E-08 2.2282E-08 2.6672E-08 3.1353E-08 3.6133E-08 4.0815E-08 4.5218E-08 4.9111E-08 5.2348E-08 5.4859E-08 5.6679E-08 5.7800E-08 5.8309E-08 5.8102E-08 5.7590E-08 5.6874E-08 5.5990E-08 5.5003E-08 5.4004E-08 5.3022E-08 5.2122E-08 5.1319E-08 5.0572E-08 4.9852E-08
0.0000E+00 0.0000E+00 0.0000E+00 0.0000E+00 0.0000E+00 0.0000E+00 0.0000E+00 0.0000E+00 0.0000E+00 0.0000E+00 0.0000E+00 6.5916E-12 1.9357E-11 4.5110E-11 8.9990E-11 1.5213E-10 3.7239E-10 4.9547E-10 6.3864E-10 8.0807E-10 1.0071E-09 1.4829E-09 1.8386E-09 2.2587E-09 2.7593E-09 3.3951E-09 4.1854E-09 5.0820E-09 6.1093E-09 7.4096E-09 8.9059E-09 1.0717E-08 1.2926E-08 1.5547E-08 1.8565E-08 2.1985E-08 2.5595E-08 2.9286E-08 3.2934E-08 3.6424E-08 3.9611E-08 4.2370E-08 4.4644E-08 4.6452E-08 4.7830E-08 4.8801E-08 4.9245E-08 4.9405E-08 4.9395E-08 4.9216E-08 4.8948E-08 4.8591E-08 4.8206E-08 4.7833E-08 4.7483E-08 4.7095E-08 4.6703E-08
0.0000E+00 0.0000E+00 0.0000E+00 0.0000E+00 0.0000E+00 0.0000E+00 0.0000E+00 0.0000E+00 0.0000E+00 0.0000E+00 0.0000E+00 0.0000E+00 1.2749E-11 4.1058E-11 8.2395E-11 1.2691E-10 3.5102E-10 4.8058E-10 6.1978E-10 7.8694E-10 1.1170E-09 1.4528E-09 1.7940E-09 2.1949E-09 2.6714E-09 3.2647E-09 3.9636E-09 4.8104E-09 5.7558E-09 6.8687E-09 8.1233E-09 9.6124E-09 1.1369E-08 1.3465E-08 1.5846E-08 1.8471E-08 2.1259E-08 2.4133E-08 2.7023E-08 2.9814E-08 3.2424E-08 3.4785E-08 3.6836E-08 3.8571E-08 4.0052E-08 4.1296E-08 4.2161E-08 4.2748E-08 4.3214E-08 4.3560E-08 4.3802E-08 4.3907E-08 4.3946E-08 4.3958E-08 4.3929E-08 4.3864E-08 4.3709E-08
0.0000E+00 0.0000E+00 0.0000E+00 0.0000E+00 0.0000E+00 0.0000E+00 0.0000E+00 0.0000E+00 0.0000E+00 0.0000E+00 0.0000E+00 0.0000E+00 1.2040E-11 3.8639E-11 6.6234E-11 1.0517E-10 3.4424E-10 4.6412E-10 6.0139E-10 7.6034E-10 1.0889E-09 1.3502E-09 1.7420E-09 2.1225E-09 2.5702E-09 3.1273E-09 3.7713E-09 4.5464E-09 5.4222E-09 6.3669E-09 7.4661E-09 8.6839E-09 1.0127E-08 1.1810E-08 1.3739E-08 1.5811E-08 1.7997E-08 2.0242E-08 2.2543E-08 2.4828E-08 2.7010E-08 2.9046E-08 3.0894E-08 3.2552E-08 3.4057E-08 3.5401E-08 3.6507E-08 3.7390E-08 3.8187E-08 3.8859E-08 3.9392E-08 3.9820E-08 4.0180E-08 4.0477E-08 4.0708E-08 4.0842E-08 4.0870E-08
0.0000E+00 0.0000E+00 0.0000E+00 0.0000E+00 0.0000E+00 0.0000E+00 0.0000E+00 0.0000E+00 0.0000E+00 0.0000E+00 0.0000E+00 0.0000E+00 1.1308E-11 2.7886E-11 4.9477E-11 1.9736E-10 3.2907E-10 4.4716E-10 5.7945E-10 7.2935E-10 1.0064E-09 1.3085E-09 1.6010E-09 2.0432E-09 2.4627E-09 2.9757E-09 3.5925E-09 4.3141E-09 5.1220E-09 5.9881E-09 6.9047E-09 7.9680E-09 9.1816E-09 1.0570E-08 1.2151E-08 1.3829E-08 1.5628E-08 1.7486E-08 1.9358E-08 2.1230E-08 2.3062E-08 2.4813E-08 2.6450E-08 2.7960E-08 2.9397E-08 3.0765E-08 3.2042E-08 3.3062E-08 3.4029E-08 3.4889E-08 3.5635E-08 3.6305E-08 3.6870E-08 3.7344E-08 3.7722E-08 3.8009E-08 3.8181E-08
0.0000E+00 0.0000E+00 0.0000E+00 0.0000E+00 0.0000E+00 0.0000E+00 0.0000E+00 0.0000E+00 0.0000E+00 0.0000E+00 0.0000E+00 0.0000E+00 3.7720E-13 1.3138E-11 4.3588E-11 1.8985E-10 2.6575E-10 4.2153E-10 5.5186E-10 6.9618E-10 9.6976E-10 1.2629E-09 1.5359E-09 1.9601E-09 2.3536E-09 2.8095E-09 3.3681E-09 4.0312E-09 4.7850E-09 5.6236E-09 6.4456E-09 7.3527E-09 8.3870E-09 9.5805E-09 1.0896E-08 1.2275E-08 1.3747E-08 1.5284E-08 1.6871E-08 1.8448E-08 2.0016E-08 2.1537E-08 2.3013E-08 2.4409E-08 2.5774E-08 2.7120E-08 2.8438E-08 2.9510E-08 3.0568E-08 3.1552E-08 3.2427E-08 3.3214E-08 3.3879E-08 3.4468E-08 3.4972E-08 3.5369E-08 3.5645E-08
0.0000E+00 0.0000E+00 0.0000E+00 0.0000E+00 0.0000E+00 0.0000E+00 0.0000E+00 0.0000E+00 0.0000E+00 0.0000E+00 0.0000E+00 0.0000E+00 0.0000E+00 1.2202E-11 3.8886E-11 1.3846E-10 2.4576E-10 3.9189E-10 5.2040E-10 7.0649E-10 9.3141E-10 1.1443E-09 1.4710E-09 1.7725E-09 2.2423E-09 2.6579E-09 3.1785E-09 3.7617E-09 4.4548E-09 5.2191E-09 6.0225E-09 6.8388E-09 7.7245E-09 8.7312E-09 9.8556E-09 1.1035E-08 1.2261E-08 1.3540E-08 1.4867E-08 1.6228E-08 1.7596E-08 1.8951E-08 2.0285E-08 2.1582E-08 2.2866E-08 2.4158E-08 2.5466E-08 2.6575E-08 2.7665E-08 2.8674E-08 2.9591E-08 3.0433E-08 3.1187E-08 3.1851E-08 3.2414E-08 3.2876E-08 3.3208E-08
0.0000E+00 0.0000E+00 0.0000E+00 0.0000E+00 0.0000E+00 0.0000E+00 0.0000E+00 0.0000E+00 0.0000E+00 0.0000E+00 0.0000E+00 0.0000E+00 0.0000E+00 1.1269E-11 2.4754E-11 1.2423E-10 2.3521E-10 3.1838E-10 4.9118E-10 6.7103E-10 8.3386E-10 1.0883E-09 1.4038E-09 1.6851E-09 2.0095E-09 2.5151E-09 2.9961E-09 3.5351E-09 4.1668E-09 4.8319E-09 5.6062E-09 6.3604E-09 7.1747E-09 8.0460E-09 8.9758E-09 9.9839E-09 1.1068E-08 1.2200E-08 1.3366E-08 1.4550E-08 1.5748E-08 1.6948E-08 1.8132E-08 1.9312E-08 2.0496E-08 2.1726E-08 2.2970E-08 2.4065E-08 2.5129E-08 2.6142E-08 2.7085E-08 2.7943E-08 2.8725E-08 2.9423E-08 3.0034E-08 3.0519E-08 3.0883E-08
0.0000E+00 0.0000E+00 0.0000E+00 0.0000E+00 0.0000E+00 0.0000E+00 0.0000E+00 0.0000E+00 0.0000E+00 0.0000E+00 0.0000E+00 0.0000E+00 0.0000E+00 0.0000E+00 4.3233E-11 1.1910E-10 1.6795E-10 2.9255E-10 3.8530E-10 5.8191E-10 7.8815E-10 1.0325E-09 1.2493E-09 1.5990E-09 1.8989E-09 2.3720E-09 2.7783E-09 3.2665E-09 3.8535E-09 4.4989E-09 5.1628E-09 5.8881E-09 6.6381E-09 7.4273E-09 8.2465E-09 9.1052E-09 1.0029E-08 1.1007E-08 1.2032E-08 1.3084E-08 1.4149E-08 1.5225E-08 1.6305E-08 1.7399E-08 1.8507E-08 1.9646E-08 2.0816E-08 2.1872E-08 2.2900E-08 2.3883E-08 2.4812E-08 2.5673E-08 2.6461E-08 2.7164E-08 2.7773E-08 2.8269E-08 2.8642E-08
0.0000E+00 0.0000E+00 0.0000E+00 0.0000E+00 0.0000E+00 0.0000E+00 0.0000E+00 0.0000E+00 0.0000E+00 0.0000E+00 0.0000E+00 0.0000E+00 0.0000E+00 0.0000E+00 4.3146E-11 6.6706E-11 1.5122E-10 2.7042E-10 3.5887E-10 5.4183E-10 7.4393E-10 9.0842E-10 1.1793E-09 1.4120E-09 1.7903E-09 2.1021E-09 2.5990E-09 3.0524E-09 3.5437E-09 4.1286E-09 4.7301E-09 5.4336E-09 6.1271E-09 6.8315E-09 7.5699E-09 8.3477E-09 9.1626E-09 1.0012E-08 1.0891E-08 1.1804E-08 1.2749E-08 1.3717E-08 1.4699E-08 1.5705E-08 1.6737E-08 1.7823E-08 1.8918E-08 1.9931E-08 2.0911E-08 2.1862E-08 2.2756E-08 2.3586E-08 2.4350E-08 2.5032E-08 2.5628E-08 2.6120E-08 2.6498E-08
0.0000E+00 0.0000E+00 0.0000E+00 0.0000E+00 0.0000E+00 0.0000E+00 0.0000E+00 0.0000E+00 0.0000E+00 0.0000E+00 0.0000E+00 0.0000E+00 0.0000E+00 0.0000E+00 0.0000E+00 5.3852E-11 1.4541E-10 1.9503E-10 3.3514E-10 4.2680E-10 6.3123E-10 8.5019E-10 1.1121E-09 1.3272E-09 1.5686E-09 1.9696E-09 2.2860E-09 2.8339E-09 3.2423E-09 3.7795E-09 4.3568E-09 4.9587E-09 5.6185E-09 6.2567E-09 6.9268E-09 7.6314E-09 8.3676E-09 9.1343E-09 9.9309E-09 1.0754E-08 1.1600E-08 1.2467E-08 1.3351E-08 1.4274E-08 1.5243E-08 1.6247E-08 1.7257E-08 1.8208E-08 1.9121E-08 2.0010E-08 2.0850E-08 2.1638E-08 2.2365E-08 2.3023E-08 2.3597E-08 2.4075E-08 2.4452E-08
0.0000E+00 0.0000E+00 0.0000E+00 0.0000E+00 0.0000E+00 0.0000E+00 0.0000E+00 0.0000E+00 0.0000E+00 0.0000E+00 0.0000E+00 0.0000E+00 0.0000E+00 0.0000E+00 0.0000E+00 5.3105E-11 7.8252E-11 1.7579E-10 2.3184E-10 3.8605E-10 4.8803E-10 7.8775E-10 9.6076E-10 1.2446E-09 1.4656E-09 1.8448E-09 2.1350E-09 2.4473E-09 2.9953E-09 3.4290E-09 3.9574E-09 4.5011E-09 5.1397E-09 5.7086E-09 6.3146E-09 6.9478E-09 7.6119E-09 8.3056E-09 9.0263E-09 9.7715E-09 1.0538E-08 1.1321E-08 1.2137E-08 1.2985E-08 1.3878E-08 1.4811E-08 1.5743E-08 1.6632E-08 1.7473E-08 1.8299E-08 1.9086E-08 1.9824E-08 2.0509E-08 2.1133E-08 2.1681E-08 2.2143E-08 2.2510E-08
0.0000E+00 0.0000E+00 0.0000E+00 0.0000E+00 0.0000E+00 0.0000E+00 0.0000E+00 0.0000E+00 0.0000E+00 0.0000E+00 0.0000E+00 0.0000E+00 0.0000E+00 0.0000E+00 0.0000E+00 0.0000E+00 6.5238E-11 1.6101E-10 2.1564E-10 3.5937E-10 4.5273E-10 5.5363E-10 8.8722E-10 1.0668E-09 1.3707E-09 1.5958E-09 1.9785E-09 2.2594E-09 2.6024E-09 3.1135E-09 3.5767E-09 4.1209E-09 4.6032E-09 5.1890E-09 5.7283E-09 6.3038E-09 6.9034E-09 7.5266E-09 8.1749E-09 8.8468E-09 9.5395E-09 1.0251E-08 1.0995E-08 1.1772E-08 1.2605E-08 1.3459E-08 1.4313E-08 1.5144E-08 1.5916E-08 1.6683E-08 1.7417E-08 1.8109E-08 1.8753E-08 1.9341E-08 1.9862E-08 2.0304E-08 2.0661E-08
0.0000E+00 0.0000E+00 0.0000E+00 0.0000E+00 0.0000E+00 0.0000E+00 0.0000E+00 0.0000E+00 0.0000E+00 0.0000E+00 0.0000E+00 0.0000E+00 0.0000E+00 0.0000E+00 0.0000E+00 0.0000E+00 6.2613E-11 8.8399E-11 1.9565E-10 2.5255E-10 4.1047E-10 5.1069E-10 8.1584E-10 9.8172E-10 1.1586E-09 1.4741E-09 1.6993E-09 2.0795E-09 2.3536E-09 2.6938E-09 3.2322E-09 3.6723E-09 4.1624E-09 4.6712E-09 5.1868E-09 5.6936E-09 6.2320E-09 6.7943E-09 7.3775E-09 7.9822E-09 8.6063E-09 9.2483E-09 9.9254E-09 1.0648E-08 1.1411E-08 1.2190E-08 1.2971E-08 1.3749E-08 1.4452E-08 1.5163E-08 1.5846E-08 1.6492E-08 1.7097E-08 1.7651E-08 1.8143E-08 1.8564E-08 1.8911E-08
