Assets/Resources/2015_m01_d09_0600(utc+0800)_l00_csi_1hr_conc.grd
DSAA
         159         159
     -79.000      79.000
     -79.000      79.000
  0.5300E-09  0.1032E-04
[rows 25 to 49 of 159, columns 57 to 113 of 159]
1.9613E-09 1.9958E-09 2.0234E-09 2.0510E-09 2.0784E-09 2.1057E-09 2.1328E-09 2.1597E-09 2.1864E-09 2.2129E-09 2.2490E-09 2.2753E-09 2.3012E-09 2.3269E-09 2.3521E-09 2.3769E-09 2.4013E-09 2.4253E-09 2.4488E-09 2.4840E-09 2.5068E-09 2.5291E-09 2.5508E-09 2.5718E-09 2.5923E-09 2.6252E-09 2.6446E-09 2.6633E-09 2.6813E-09 2.6986E-09 2.7151E-09 2.7309E-09 2.7459E-09 2.7601E-09 2.7881E-09 2.8008E-09 2.8127E-09 2.8238E-09 2.8340E-09 2.8434E-09 2.8519E-09 2.8596E-09 2.8664E-09 2.8723E-09 2.8774E-09 2.8817E-09 2.8851E-09 2.8877E-09 2.8895E-09 2.8905E-09 2.8906E-09 2.8756E-09 2.8745E-09 2.8725E-09 2.8699E-09 2.8534E-09 2.8496E-09
2.0099E-09 2.0385E-09 2.0670E-09 2.0955E-09 2.1238E-09 2.1520E-09 2.1801E-09 2.2079E-09 2.2458E-09 2.2735E-09 2.3010E-09 2.3282E-09 2.3550E-09 2.3815E-09 2.4076E-09 2.4454E-09 2.4711E-09 2.4962E-09 2.5209E-09 2.5450E-09 2.5686E-09 2.6049E-09 2.6276E-09 2.6497E-09 2.6711E-09 2.6918E-09 2.7119E-09 2.7311E-09 2.7645E-09 2.7826E-09 2.7999E-09 2.8163E-09 2.8319E-09 2.8466E-09 2.8605E-09 2.8897E-09 2.9020E-09 2.9135E-09 2.9240E-09 2.9336E-09 2.9422E-09 3.0204E-09 3.0276E-09 3.0338E-09 3.0389E-09 3.0430E-09 3.0461E-09 3.0482E-09 3.0493E-09 3.0494E-09 2.9788E-09 2.9776E-09 2.9756E-09 2.9728E-09 2.9533E-09 2.9492E-09 2.9443E-09
2.0528E-09 2.0824E-09 2.1120E-09 2.1414E-09 2.1707E-09 2.2099E-09 2.2393E-09 2.2686E-09 2.2976E-09 2.3263E-09 2.3548E-09 2.3829E-09 2.4228E-09 2.4507E-09 2.4781E-09 2.5051E-09 2.5317E-09 2.5577E-09 2.5968E-09 2.6222E-09 2.6470E-09 2.6711E-09 2.6946E-09 2.7322E-09 2.7547E-09 2.7765E-09 2.7976E-09 2.8178E-09 2.8373E-09 2.8721E-09 2.8903E-09 2.9075E-09 2.9943E-09 3.0111E-09 3.0268E-09 3.0416E-09 3.0553E-09 3.0679E-09 3.0794E-09 3.0899E-09 3.0993E-09 3.1076E-09 3.1147E-09 3.1208E-09 3.1258E-09 3.1298E-09 3.1326E-09 3.1344E-09 3.1351E-09 3.1348E-09 3.1335E-09 3.1312E-09 3.1279E-09 3.1236E-09 3.1184E-09 3.1123E-09 3.1053E-09
2.0972E-09 2.1278E-09 2.1583E-09 2.1989E-09 2.2297E-09 2.2604E-09 2.2908E-09 2.3211E-09 2.3511E-09 2.3929E-09 2.4228E-09 2.4525E-09 2.4817E-09 2.5106E-09 2.5522E-09 2.5807E-09 2.6086E-09 2.6361E-09 2.6630E-09 2.6893E-09 2.7299E-09 2.7554E-09 2.7802E-09 2.8043E-09 2.8276E-09 2.8666E-09 2.8888E-09 2.9804E-09 3.0028E-09 3.0243E-09 3.0448E-09 3.0642E-09 3.0827E-09 3.1001E-09 3.1163E-09 3.1315E-09 3.1456E-09 3.1586E-09 3.1704E-09 3.1810E-09 3.1905E-09 3.1989E-09 3.2060E-09 3.2120E-09 3.2169E-09 3.2206E-09 3.2232E-09 3.2246E-09 3.2250E-09 3.2242E-09 3.2224E-09 3.2195E-09 3.2155E-09 3.2106E-09 3.2047E-09 3.1978E-09 3.1899E-09
2.1428E-09 2.1847E-09 2.2168E-09 2.2488E-09 2.2807E-09 2.3125E-09 2.3440E-09 2.3876E-09 2.4192E-09 2.4506E-09 2.4817E-09 2.5124E-09 2.5562E-09 2.5867E-09 2.6167E-09 2.6463E-09 2.6753E-09 2.7188E-09 2.7472E-09 2.7751E-09 2.8022E-09 2.8448E-09 2.8711E-09 2.8966E-09 2.9931E-09 3.0193E-09 3.0446E-09 3.0690E-09 3.0923E-09 3.1147E-09 3.1360E-09 3.1562E-09 3.1753E-09 3.1933E-09 3.2102E-09 3.2258E-09 3.2403E-09 3.2536E-09 3.2657E-09 3.2765E-09 3.2861E-09 3.2945E-09 3.3017E-09 3.3076E-09 3.3123E-09 3.3158E-09 3.3181E-09 3.3191E-09 3.3190E-09 3.3178E-09 3.3154E-09 3.3118E-09 3.3072E-09 3.3015E-09 3.2948E-09 3.2871E-09 3.2783E-09
2.2006E-09 2.2339E-09 2.2672E-09 2.3003E-09 2.3334E-09 2.3786E-09 2.4119E-09 2.4450E-09 2.4778E-09 2.5236E-09 2.5564E-09 2.5888E-09 2.6209E-09 2.6526E-09 2.6986E-09 2.7299E-09 2.7606E-09 2.7908E-09 2.8364E-09 2.8659E-09 2.8947E-09 2.9953E-09 3.0253E-09 3.0544E-09 3.0827E-09 3.1100E-09 3.1364E-09 3.1618E-09 3.1862E-09 3.2094E-09 3.2316E-09 3.2526E-09 3.2725E-09 3.2911E-09 3.3085E-09 3.3247E-09 3.3396E-09 3.3533E-09 3.3656E-09 3.3767E-09 3.3864E-09 3.3948E-09 3.4020E-09 3.4078E-09 3.4123E-09 3.4155E-09 3.4174E-09 3.4181E-09 3.4175E-09 3.4157E-09 3.4127E-09 3.4085E-09 3.4031E-09 3.3967E-09 3.3891E-09 3.3804E-09 3.3707E-09
2.2502E-09 2.2847E-09 2.3191E-09 2.3659E-09 2.4008E-09 2.4355E-09 2.4701E-09 2.5177E-09 2.5524E-09 2.5868E-09 2.6209E-09 2.6547E-09 2.7031E-09 2.7367E-09 2.7697E-09 2.8023E-09 2.8508E-09 2.8828E-09 2.9861E-09 3.0198E-09 3.0528E-09 3.0850E-09 3.1164E-09 3.1469E-09 3.1765E-09 3.2050E-09 3.2326E-09 3.2591E-09 3.2845E-09 3.3087E-09 3.3318E-09 3.3537E-09 3.3743E-09 3.3936E-09 3.4117E-09 3.4284E-09 3.4438E-09 3.4578E-09 3.4704E-09 3.4817E-09 3.4915E-09 3.5000E-09 3.5071E-09 3.5128E-09 3.5171E-09 3.5200E-09 3.5216E-09 3.5218E-09 3.5207E-09 3.5183E-09 3.5146E-09 3.5097E-09 3.5035E-09 3.4962E-09 3.4877E-09 3.4781E-09 3.4673E-09
2.3013E-09 2.3494E-09 2.3858E-09 2.4221E-09 2.4583E-09 2.5077E-09 2.5442E-09 2.5806E-09 2.6167E-09 2.6670E-09 2.7032E-09 2.7390E-09 2.7743E-09 2.8253E-09 2.8605E-09 2.9654E-09 3.0027E-09 3.0394E-09 3.0754E-09 3.1107E-09 3.1453E-09 3.1790E-09 3.2118E-09 3.2437E-09 3.2747E-09 3.3046E-09 3.3334E-09 3.3611E-09 3.3876E-09 3.4129E-09 3.4369E-09 3.4597E-09 3.4811E-09 3.5012E-09 3.5198E-09 3.5371E-09 3.5530E-09 3.5674E-09 3.5803E-09 3.5918E-09 3.6018E-09 3.6103E-09 3.6173E-09 3.6229E-09 3.6270E-09 3.6296E-09 3.6307E-09 3.6305E-09 3.6288E-09 3.6258E-09 3.6214E-09 3.6157E-09 3.6086E-09 3.6004E-09 3.5908E-09 3.5802E-09 3.5683E-09
2.3669E-09 2.4047E-09 2.4425E-09 2.4935E-09 2.5318E-09 2.5699E-09 2.6079E-09 2.6603E-09 2.6986E-09 2.7366E-09 2.7742E-09 2.8277E-09 2.8653E-09 2.9736E-09 3.0138E-09 3.0535E-09 3.0926E-09 3.1310E-09 3.1688E-09 3.2058E-09 3.2420E-09 3.2774E-09 3.3118E-09 3.3452E-09 3.3776E-09 3.4088E-09 3.4390E-09 3.4679E-09 3.4956E-09 3.5220E-09 3.5471E-09 3.5708E-09 3.5931E-09 3.6139E-09 3.6333E-09 3.6512E-09 3.6675E-09 3.6824E-09 3.6956E-09 3.7073E-09 3.7174E-09 3.7260E-09 3.7330E-09 3.7383E-09 3.7422E-09 3.7444E-09 3.7452E-09 3.7444E-09 3.7421E-09 3.7384E-09 3.7332E-09 3.7266E-09 3.7187E-09 3.7094E-09 3.6988E-09 3.6870E-09 3.6739E-09
2.4226E-09 2.4618E-09 2.5149E-09 2.5549E-09 2.5947E-09 2.6489E-09 2.6892E-09 2.7293E-09 2.7692E-09 2.8250E-09 2.8650E-09 2.9761E-09 3.0191E-09 3.0617E-09 3.1039E-09 3.1455E-09 3.1865E-09 3.2269E-09 3.2665E-09 3.3053E-09 3.3433E-09 3.3803E-09 3.4164E-09 3.4514E-09 3.4853E-09 3.5181E-09 3.5496E-09 3.5799E-09 3.6088E-09 3.6364E-09 3.6626E-09 3.6873E-09 3.7105E-09 3.7322E-09 3.7523E-09 3.7708E-09 3.7877E-09 3.8030E-09 3.8166E-09 3.8285E-09 3.8388E-09 3.8473E-09 3.8542E-09 3.8594E-09 3.8630E-09 3.8649E-09 3.8652E-09 3.8638E-09 3.8609E-09 3.8564E-09 3.8504E-09 3.8429E-09 3.8339E-09 3.8235E-09 3.8118E-09 3.7987E-09 3.7844E-09
2.4938E-09 2.5353E-09 2.5769E-09 2.6183E-09 2.6750E-09 2.7171E-09 2.7591E-09 2.8170E-09 2.8594E-09 2.9726E-09 3.0184E-09 3.0639E-09 3.1091E-09 3.1538E-09 3.1980E-09 3.2417E-09 3.2847E-09 3.3271E-09 3.3686E-09 3.4094E-09 3.4492E-09 3.4881E-09 3.5259E-09 3.5626E-09 3.5982E-09 3.6325E-09 3.6656E-09 3.6972E-09 3.7275E-09 3.7564E-09 3.7837E-09 3.8095E-09 3.8337E-09 3.8562E-09 3.8771E-09 3.8963E-09 3.9138E-09 3.9295E-09 3.9434E-09 3.9556E-09 3.9660E-09 3.9746E-09 3.9814E-09 3.9864E-09 3.9897E-09 3.9912E-09 3.9909E-09 3.9890E-09 3.9853E-09 3.9800E-09 3.9731E-09 3.9646E-09 3.9546E-09 3.9431E-09 3.9301E-09 3.9157E-09 3.9000E-09
2.5545E-09 2.5977E-09 2.6558E-09 2.6999E-09 2.7438E-09 2.7877E-09 2.8483E-09 2.9631E-09 3.0115E-09 3.0598E-09 3.1079E-09 3.1556E-09 3.2030E-09 3.2499E-09 3.2964E-09 3.3422E-09 3.3874E-09 3.4318E-09 3.4755E-09 3.5182E-09 3.5601E-09 3.6009E-09 3.6406E-09 3.6791E-09 3.7164E-09 3.7524E-09 3.7870E-09 3.8202E-09 3.8519E-09 3.8821E-09 3.9107E-09 3.9376E-09 3.9628E-09 3.9863E-09 4.0080E-09 4.0279E-09 4.0460E-09 4.0622E-09 4.0765E-09 4.0889E-09 4.0995E-09 4.1081E-09 4.1148E-09 4.1196E-09 4.1226E-09 4.1236E-09 4.1228E-09 4.1202E-09 4.1158E-09 4.1096E-09 4.1017E-09 4.0922E-09 4.0810E-09 4.0682E-09 4.0539E-09 4.0381E-09 4.0209E-09
2.6317E-09 2.6776E-09 2.7235E-09 2.7693E-09 2.8317E-09 2.8784E-09 2.9983E-09 3.0492E-09 3.1001E-09 3.1507E-09 3.2012E-09 3.2513E-09 3.3010E-09 3.3503E-09 3.3990E-09 3.4472E-09 3.4946E-09 3.5413E-09 3.5872E-09 3.6321E-09 3.6760E-09 3.7189E-09 3.7606E-09 3.8010E-09 3.8402E-09 3.8779E-09 3.9143E-09 3.9491E-09 3.9823E-09 4.0139E-09 4.0438E-09 4.0719E-09 4.0982E-09 4.1227E-09 4.1453E-09 4.1659E-09 4.1846E-09 4.2014E-09 4.2161E-09 4.2288E-09 4.2394E-09 4.2481E-09 4.2547E-09 4.2593E-09 4.2619E-09 4.2624E-09 4.2611E-09 4.2577E-09 4.2525E-09 4.2454E-09 4.2365E-09 4.2258E-09 4.2133E-09 4.1992E-09 4.1835E-09 4.1662E-09 4.1474E-09
2.6979E-09 2.7456E-09 2.8095E-09 2.8583E-09 2.9787E-09 3.0321E-09 3.0856E-09 3.1390E-09 3.1923E-09 3.2455E-09 3.2984E-09 3.3510E-09 3.4033E-09 3.4550E-09 3.5062E-09 3.5568E-09 3.6067E-09 3.6558E-09 3.7039E-09 3.7511E-09 3.7973E-09 3.8423E-09 3.8861E-09 3.9286E-09 3.9697E-09 4.0094E-09 4.0475E-09 4.0840E-09 4.1188E-09 4.1519E-09 4.1832E-09 4.2126E-09 4.2401E-09 4.2656E-09 4.2892E-09 4.3106E-09 4.3300E-09 4.3473E-09 4.3624E-09 4.3754E-09 4.3862E-09 4.3949E-09 4.4014E-09 4.4057E-09 4.4079E-09 4.4080E-09 4.4060E-09 4.4019E-09 4.3958E-09 4.3877E-09 4.3776E-09 4.3657E-09 4.3519E-09 4.3363E-09 4.3191E-09 4.3002E-09 4.2796E-09
2.7663E-09 2.8326E-09 2.8835E-09 3.0085E-09 3.0643E-09 3.1203E-09 3.1764E-09 3.2324E-09 3.2884E-09 3.3442E-09 3.3998E-09 3.4550E-09 3.5099E-09 3.5643E-09 3.6181E-09 3.6713E-09 3.7237E-09 3.7753E-09 3.8259E-09 3.8756E-09 3.9241E-09 3.9714E-09 4.0175E-09 4.0621E-09 4.1053E-09 4.1470E-09 4.1870E-09 4.2253E-09 4.2619E-09 4.2965E-09 4.3293E-09 4.3601E-09 4.3888E-09 4.4155E-09 4.4400E-09 4.4623E-09 4.4824E-09 4.5002E-09 4.5158E-09 4.5291E-09 4.5401E-09 4.5487E-09 4.5551E-09 4.5592E-09 4.5610E-09 4.5605E-09 4.5578E-09 4.5529E-09 4.5458E-09 4.5367E-09 4.5254E-09 4.5122E-09 4.4970E-09 4.4799E-09 4.4610E-09 4.4403E-09 4.4180E-09
2.8541E-09 2.9784E-09 3.0364E-09 3.0947E-09 3.1533E-09 3.2120E-09 3.2708E-09 3.3296E-09 3.3884E-09 3.4470E-09 3.5054E-09 3.5634E-09 3.6211E-09 3.6783E-09 3.7349E-09 3.7908E-09 3.8459E-09 3.9001E-09 3.9534E-09 4.0056E-09 4.0566E-09 4.1064E-09 4.1548E-09 4.2018E-09 4.2472E-09 4.2910E-09 4.3330E-09 4.3732E-09 4.4116E-09 4.4480E-09 4.4823E-09 4.5145E-09 4.5446E-09 4.5724E-09 4.5980E-09 4.6212E-09 4.6420E-09 4.6605E-09 4.6765E-09 4.6901E-09 4.7013E-09 4.7100E-09 4.7162E-09 4.7200E-09 4.7213E-09 4.7203E-09 4.7168E-09 4.7111E-09 4.7030E-09 4.6927E-09 4.6802E-09 4.6655E-09 4.6488E-09 4.6301E-09 4.6095E-09 4.5870E-09 4.5627E-09
3.0020E-09 3.0624E-09 3.1232E-09 3.1843E-09 3.2458E-09 3.3073E-09 3.3691E-09 3.4308E-09 3.4925E-09 3.5540E-09 3.6154E-09 3.6764E-09 3.7370E-09 3.7971E-09 3.8566E-09 3.9154E-09 3.9734E-09 4.0304E-09 4.0865E-09 4.1414E-09 4.1951E-09 4.2475E-09 4.2984E-09 4.3478E-09 4.3955E-09 4.4416E-09 4.4858E-09 4.5280E-09 4.5683E-09 4.6065E-09 4.6425E-09 4.6762E-09 4.7077E-09 4.7368E-09 4.7634E-09 4.7876E-09 4.8093E-09 4.8284E-09 4.8449E-09 4.8588E-09 4.8702E-09 4.8789E-09 4.8849E-09 4.8884E-09 4.8893E-09 4.8876E-09 4.8834E-09 4.8767E-09 4.8676E-09 4.8560E-09 4.8422E-09 4.8260E-09 4.8077E-09 4.7873E-09 4.7648E-09 4.7403E-09 4.7140E-09
3.0863E-09 3.1496E-09 3.2133E-09 3.2774E-09 3.3418E-09 3.4064E-09 3.4712E-09 3.5360E-09 3.6008E-09 3.6654E-09 3.7299E-09 3.7940E-09 3.8578E-09 3.9210E-09 3.9835E-09 4.0454E-09 4.1064E-09 4.1664E-09 4.2254E-09 4.2832E-09 4.3397E-09 4.3948E-09 4.4484E-09 4.5004E-09 4.5506E-09 4.5990E-09 4.6455E-09 4.6899E-09 4.7322E-09 4.7723E-09 4.8101E-09 4.8454E-09 4.8784E-09 4.9088E-09 4.9366E-09 4.9618E-09 4.9844E-09 5.0042E-09 5.0212E-09 5.0355E-09 5.0470E-09 5.0557E-09 5.0616E-09 5.0648E-09 5.0652E-09 5.0628E-09 5.0578E-09 5.0501E-09 5.0398E-09 5.0270E-09 5.0117E-09 4.9940E-09 4.9739E-09 4.9516E-09 4.9271E-09 4.9006E-09 4.8720E-09
3.1736E-09 3.2399E-09 3.3067E-09 3.3739E-09 3.4415E-09 3.5093E-09 3.5773E-09 3.6453E-09 3.7134E-09 3.7813E-09 3.8491E-09 3.9165E-09 3.9835E-09 4.0500E-09 4.1158E-09 4.1808E-09 4.2450E-09 4.3082E-09 4.3703E-09 4.4311E-09 4.4906E-09 4.5486E-09 4.6050E-09 4.6597E-09 4.7126E-09 4.7635E-09 4.8124E-09 4.8591E-09 4.9036E-09 4.9457E-09 4.9853E-09 5.0224E-09 5.0569E-09 5.0888E-09 5.1179E-09 5.1441E-09 5.1676E-09 5.1881E-09 5.2057E-09 5.2204E-09 5.2320E-09 5.2408E-09 5.2465E-09 5.2493E-09 5.2492E-09 5.2461E-09 5.2402E-09 5.2315E-09 5.2200E-09 5.2058E-09 5.1890E-09 5.1695E-09 5.1477E-09 5.1234E-09 5.0968E-09 5.0680E-09 5.0372E-09
3.2641E-09 3.3336E-09 3.4036E-09 3.4741E-09 3.5450E-09 3.6161E-09 3.6875E-09 3.7589E-09 3.8304E-09 3.9018E-09 3.9730E-09 4.0439E-09 4.1143E-09 4.1843E-09 4.2535E-09 4.3220E-09 4.3895E-09 4.4560E-09 4.5214E-09 4.5854E-09 4.6481E-09 4.7091E-09 4.7685E-09 4.8261E-09 4.8817E-09 4.9353E-09 4.9867E-09 5.0359E-09 5.0826E-09 5.1268E-09 5.1685E-09 5.2074E-09 5.2436E-09 5.2769E-09 5.3074E-09 5.3348E-09 5.3592E-09 5.3805E-09 5.3987E-09 5.4137E-09 5.4256E-09 5.4344E-09 5.4399E-09 5.4424E-09 5.4417E-09 5.4379E-09 5.4310E-09 5.4212E-09 5.4084E-09 5.3927E-09 5.3743E-09 5.3531E-09 5.3292E-09 5.3029E-09 5.2741E-09 5.2430E-09 5.2096E-09
3.3578E-09 3.4306E-09 3.5040E-09 3.5779E-09 3.6523E-09 3.7269E-09 3.8018E-09 3.8769E-09 3.9520E-09 4.0270E-09 4.1018E-09 4.1763E-09 4.2504E-09 4.3240E-09 4.3969E-09 4.4689E-09 4.5400E-09 4.6100E-09 4.6788E-09 4.7463E-09 4.8122E-09 4.8765E-09 4.9390E-09 4.9997E-09 5.0582E-09 5.1146E-09 5.1687E-09 5.2204E-09 5.2696E-09 5.3161E-09 5.3598E-09 5.4007E-09 5.4387E-09 5.4736E-09 5.5054E-09 5.5340E-09 5.5594E-09 5.5816E-09 5.6004E-09 5.6158E-09 5.6280E-09 5.6367E-09 5.6421E-09 5.6441E-09 5.6428E-09 5.6383E-09 5.6304E-09 5.6194E-09 5.6053E-09 5.5881E-09 5.5679E-09 5.5448E-09 5.5189E-09 5.4903E-09 5.4592E-09 5.4255E-09 5.3896E-09
3.4548E-09 3.5311E-09 3.6080E-09 3.6855E-09 3.7635E-09 3.8418E-09 3.9205E-09 3.9993E-09 4.0781E-09 4.1570E-09 4.2356E-09 4.3140E-09 4.3919E-09 4.4693E-09 4.5459E-09 4.6218E-09 4.6966E-09 4.7703E-09 4.8428E-09 4.9138E-09 4.9832E-09 5.0509E-09 5.1168E-09 5.1806E-09 5.2423E-09 5.3017E-09 5.3586E-09 5.4130E-09 5.4647E-09 5.5136E-09 5.5595E-09 5.6025E-09 5.6423E-09 5.6789E-09 5.7122E-09 5.7421E-09 5.7686E-09 5.7916E-09 5.8111E-09 5.8270E-09 5.8393E-09 5.8481E-09 5.8533E-09 5.8549E-09 5.8530E-09 5.8476E-09 5.8387E-09 5.8265E-09 5.8109E-09 5.7920E-09 5.7700E-09 5.7449E-09 5.7169E-09 5.6860E-09 5.6523E-09 5.6160E-09 5.5773E-09
3.5551E-09 3.6350E-09 3.7156E-09 3.7969E-09 3.8787E-09 3.9609E-09 4.0434E-09 4.1262E-09 4.2090E-09 4.2919E-09 4.3745E-09 4.4569E-09 4.5389E-09 4.6202E-09 4.7009E-09 4.7807E-09 4.8595E-09 4.9371E-09 5.0133E-09 5.0881E-09 5.1612E-09 5.2325E-09 5.3019E-09 5.3691E-09 5.4340E-09 5.4966E-09 5.5565E-09 5.6137E-09 5.6681E-09 5.7195E-09 5.7678E-09 5.8129E-09 5.8547E-09 5.8931E-09 5.9279E-09 5.9592E-09 5.9869E-09 6.0108E-09 6.0310E-09 6.0474E-09 6.0600E-09 6.1389E-09 6.1444E-09 6.1459E-09 6.1435E-09 6.1371E-09 6.1269E-09 6.1128E-09 6.0254E-09 6.0048E-09 5.9809E-09 5.9537E-09 5.9234E-09 5.8900E-09 5.8537E-09 5.8146E-09 5.7729E-09
3.6587E-09 3.7424E-09 3.8269E-09 3.9121E-09 3.9979E-09 4.0842E-09 4.1708E-09 4.2577E-09 4.3447E-09 4.4317E-09 4.5186E-09 4.6052E-09 4.6914E-09 4.7770E-09 4.8618E-09 4.9458E-09 5.0287E-09 5.1104E-09 5.1907E-09 5.2694E-09 5.3464E-09 5.4215E-09 5.4945E-09 5.5653E-09 5.6337E-09 5.6995E-09 5.7626E-09 5.8229E-09 5.8801E-09 5.9342E-09 5.9849E-09 6.0323E-09 6.0762E-09 6.1860E-09 6.2248E-09 6.2595E-09 6.2903E-09 6.3169E-09 6.3394E-09 6.3576E-09 6.4427E-09 6.4529E-09 6.4586E-09 6.4598E-09 6.4565E-09 6.4488E-09 6.3659E-09 6.3504E-09 6.3309E-09 6.3074E-09 6.2802E-09 6.2493E-09 6.2149E-09 6.1770E-09 6.1359E-09 6.0917E-09 5.9768E-09
3.7657E-09 3.8534E-09 3.9419E-09 4.0313E-09 4.1212E-09 4.2117E-09 4.3026E-09 4.3938E-09 4.4852E-09 4.5767E-09 4.6680E-09 4.7590E-09 4.8496E-09 4.9396E-09 5.0289E-09 5.1172E-09 5.2044E-09 5.2904E-09 5.3749E-09 5.4578E-09 5.5389E-09 5.6179E-09 5.6948E-09 5.7694E-09 5.8414E-09 5.9107E-09 5.9771E-09 6.0405E-09 6.1007E-09 6.2274E-09 6.2839E-09 6.3367E-09 6.4570E-09 6.5041E-09 6.5470E-09 6.5855E-09 6.6196E-09 6.6490E-09 6.6738E-09 6.6938E-09 6.7090E-09 6.7195E-09 6.7251E-09 6.7259E-09 6.7219E-09 6.7131E-09 6.6997E-09 6.6817E-09 6.6591E-09 6.6322E-09 6.6010E-09 6.5657E-09 6.5265E-09 6.4835E-09 6.3668E-09 6.3192E-09 6.2684E-09
