Assets/Resources/2015_m01_d20_0900(utc+0800)_l00_csi_1hr_conc.grd
DSAA
         159         159
     -79.000      79.000
     -79.000      79.000
  0.2523E-10  0.1663E-05
[rows 0 to 24 of 159, columns 57 to 113 of 159]
2.1151E-09 2.1546E-09 2.1937E-09 2.2322E-09 2.2703E-09 2.3080E-09 2.3442E-09 2.3805E-09 2.4152E-09 2.4498E-09 2.4836E-09 2.5157E-09 2.5476E-09 2.5777E-09 2.6076E-09 2.6356E-09 2.6633E-09 2.6896E-09 2.7148E-09 2.7388E-09 2.7626E-09 2.7837E-09 2.8048E-09 2.8234E-09 2.8424E-09 2.8585E-09 2.8742E-09 2.8881E-09 2.9020E-09 2.9129E-09 2.9242E-09 2.9332E-09 2.9414E-09 2.9479E-09 2.9529E-09 2.9575E-09 2.9600E-09 2.9615E-09 2.9606E-09 2.9592E-09 2.9571E-09 2.9525E-09 2.9468E-09 2.9407E-09 2.9324E-09 2.9231E-09 2.9127E-09 2.9012E-09 2.8887E-09 2.8750E-09 2.8599E-09 2.8437E-09 2.8268E-09 2.8089E-09 2.7901E-09 2.7703E-09 2.7496E-09
2.1544E-09 2.1945E-09 2.2345E-09 2.2735E-09 2.3121E-09 2.3496E-09 2.3871E-09 2.4238E-09 2.4589E-09 2.4940E-09 2.5274E-09 2.5607E-09 2.5927E-09 2.6235E-09 2.6538E-09 2.6826E-09 2.7104E-09 2.7371E-09 2.7631E-09 2.7874E-09 2.8107E-09 2.8326E-09 2.8534E-09 2.8732E-09 2.8918E-09 2.9085E-09 2.9253E-09 2.9390E-09 2.9531E-09 2.9650E-09 2.9760E-09 2.9852E-09 2.9935E-09 3.0004E-09 3.0056E-09 3.0089E-09 3.0115E-09 3.0127E-09 3.0133E-09 3.0111E-09 3.0087E-09 3.0043E-09 2.9987E-09 2.9917E-09 2.9836E-09 2.9742E-09 2.9637E-09 2.9520E-09 2.9388E-09 2.9248E-09 2.9098E-09 2.8937E-09 2.8765E-09 2.8584E-09 2.8390E-09 2.8189E-09 2.7977E-09
2.1933E-09 2.2342E-09 2.2745E-09 2.3140E-09 2.3534E-09 2.3913E-09 2.4293E-09 2.4662E-09 2.5021E-09 2.5376E-09 2.5714E-09 2.6051E-09 2.6370E-09 2.6687E-09 2.6993E-09 2.7283E-09 2.7569E-09 2.7844E-09 2.8100E-09 2.8351E-09 2.8587E-09 2.8814E-09 2.9022E-09 2.9223E-09 2.9406E-09 2.9585E-09 2.9755E-09 2.9894E-09 3.0041E-09 3.0154E-09 3.0269E-09 3.0360E-09 3.0451E-09 3.0510E-09 3.0566E-09 3.0606E-09 3.0635E-09 3.0644E-09 3.0646E-09 3.0628E-09 3.0597E-09 3.0553E-09 3.0496E-09 3.0426E-09 3.0343E-09 3.0249E-09 3.0142E-09 3.0024E-09 2.9891E-09 2.9753E-09 2.9600E-09 2.9434E-09 2.9261E-09 2.9077E-09 2.8880E-09 2.8677E-09 2.8461E-09
2.2319E-09 2.2733E-09 2.3136E-09 2.3541E-09 2.3937E-09 2.4324E-09 2.4705E-09 2.5077E-09 2.5445E-09 2.5800E-09 2.6148E-09 2.6486E-09 2.6812E-09 2.7134E-09 2.7441E-09 2.7738E-09 2.8027E-09 2.8303E-09 2.8567E-09 2.8821E-09 2.9059E-09 2.9293E-09 2.9505E-09 2.9712E-09 2.9898E-09 3.0079E-09 3.0242E-09 3.0397E-09 3.0534E-09 3.0661E-09 3.0774E-09 3.0870E-09 3.0955E-09 3.1023E-09 3.1081E-09 3.1117E-09 3.1148E-09 3.1157E-09 3.1153E-09 3.1135E-09 3.1104E-09 3.1062E-09 3.1005E-09 3.0932E-09 3.0849E-09 3.0754E-09 3.0649E-09 3.0527E-09 3.0396E-09 3.0254E-09 3.0100E-09 2.9932E-09 2.9756E-09 2.9568E-09 2.9374E-09 2.9169E-09 2.8950E-09
2.2696E-09 2.3112E-09 2.3526E-09 2.3936E-09 2.4331E-09 2.4728E-09 2.5114E-09 2.5490E-09 2.5860E-09 2.6219E-09 2.6574E-09 2.6916E-09 2.7248E-09 2.7574E-09 2.7886E-09 2.8188E-09 2.8481E-09 2.8756E-09 2.9031E-09 2.9283E-09 2.9529E-09 2.9756E-09 2.9980E-09 3.0195E-09 3.0379E-09 3.0572E-09 3.0730E-09 3.0895E-09 3.1034E-09 3.1163E-09 3.1277E-09 3.1375E-09 3.1462E-09 3.1528E-09 3.1587E-09 3.1625E-09 3.1649E-09 3.1659E-09 3.1656E-09 3.1641E-09 3.1611E-09 3.1564E-09 3.1507E-09 3.1437E-09 3.1356E-09 3.1261E-09 3.1150E-09 3.1030E-09 3.0898E-09 3.0754E-09 3.0596E-09 3.0433E-09 3.0256E-09 3.0065E-09 2.9867E-09 2.9656E-09 2.9438E-09
2.3066E-09 2.3487E-09 2.3908E-09 2.4318E-09 2.4723E-09 2.5122E-09 2.5510E-09 2.5893E-09 2.6268E-09 2.6633E-09 2.6992E-09 2.7336E-09 2.7677E-09 2.8007E-09 2.8320E-09 2.8631E-09 2.8928E-09 2.9209E-09 2.9482E-09 2.9743E-09 2.9987E-09 3.0227E-09 3.0453E-09 3.0654E-09 3.0863E-09 3.1058E-09 3.1220E-09 3.1386E-09 3.1520E-09 3.1659E-09 3.1765E-09 3.1869E-09 3.1958E-09 3.2028E-09 3.2079E-09 3.2121E-09 3.2143E-09 3.2160E-09 3.2155E-09 3.2139E-09 3.2109E-09 3.2066E-09 3.2012E-09 3.1942E-09 3.1856E-09 3.1764E-09 3.1653E-09 3.1532E-09 3.1399E-09 3.1255E-09 3.1099E-09 3.0929E-09 3.0750E-09 3.0561E-09 3.0358E-09 3.0148E-09 2.9928E-09
2.3428E-09 2.3857E-09 2.4280E-09 2.4695E-09 2.5108E-09 2.5508E-09 2.5904E-09 2.6291E-09 2.6668E-09 2.7042E-09 2.7405E-09 2.7753E-09 2.8100E-09 2.8435E-09 2.8751E-09 2.9063E-09 2.9365E-09 2.9654E-09 2.9926E-09 3.0195E-09 3.0447E-09 3.0685E-09 3.0924E-09 3.1128E-09 3.1340E-09 3.1526E-09 3.1702E-09 3.1860E-09 3.2008E-09 3.2142E-09 3.2254E-09 3.2360E-09 3.2444E-09 3.2513E-09 3.2569E-09 3.2613E-09 3.2639E-09 3.2653E-09 3.2651E-09 3.2636E-09 3.2610E-09 3.2568E-09 3.2509E-09 3.2443E-09 3.2358E-09 3.2262E-09 3.2154E-09 3.2037E-09 3.1901E-09 3.1756E-09 3.1599E-09 3.1428E-09 3.1248E-09 3.1058E-09 3.0857E-09 3.0645E-09 3.0420E-09
2.3783E-09 2.4217E-09 2.4645E-09 2.5067E-09 2.5479E-09 2.5887E-09 2.6287E-09 2.6679E-09 2.7064E-09 2.7443E-09 2.7802E-09 2.8164E-09 2.8513E-09 2.8845E-09 2.9172E-09 2.9493E-09 2.9794E-09 3.0082E-09 3.0371E-09 3.0635E-09 3.0890E-09 3.1145E-09 3.1371E-09 3.1596E-09 3.1806E-09 3.1991E-09 3.2177E-09 3.2340E-09 3.2483E-09 3.2622E-09 3.2737E-09 3.2838E-09 3.2924E-09 3.2999E-09 3.3057E-09 3.3100E-09 3.3129E-09 3.3143E-09 3.3144E-09 3.3133E-09 3.3103E-09 3.3065E-09 3.3007E-09 3.2939E-09 3.2857E-09 3.2766E-09 3.2655E-09 3.2535E-09 3.2402E-09 3.2257E-09 3.2100E-09 3.1931E-09 3.1751E-09 3.1557E-09 3.1354E-09 3.1141E-09 3.0915E-09
2.4130E-09 2.4571E-09 2.5002E-09 2.5428E-09 2.5847E-09 2.6260E-09 2.6661E-09 2.7060E-09 2.7452E-09 2.7829E-09 2.8201E-09 2.8567E-09 2.8920E-09 2.9253E-09 2.9590E-09 2.9910E-09 3.0215E-09 3.0515E-09 3.0804E-09 3.1072E-09 3.1339E-09 3.1598E-09 3.1823E-09 3.2054E-09 3.2261E-09 3.2457E-09 3.2639E-09 3.2800E-09 3.2954E-09 3.3087E-09 3.3204E-09 3.3308E-09 3.3402E-09 3.3474E-09 3.3537E-09 3.3583E-09 3.3614E-09 3.3633E-09 3.3633E-09 3.3625E-09 3.3596E-09 3.3556E-09 3.3503E-09 3.3439E-09 3.3356E-09 3.3265E-09 3.3155E-09 3.3035E-09 3.2903E-09 3.2758E-09 3.2601E-09 3.2429E-09 3.2249E-09 3.2057E-09 3.1854E-09 3.1637E-09 3.1417E-09
2.4472E-09 2.4912E-09 2.5349E-09 2.5780E-09 2.6204E-09 2.6618E-09 2.7031E-09 2.7434E-09 2.7828E-09 2.8210E-09 2.8591E-09 2.8958E-09 2.9311E-09 2.9658E-09 2.9994E-09 3.0314E-09 3.0631E-09 3.0935E-09 3.1220E-09 3.1504E-09 3.1780E-09 3.2022E-09 3.2271E-09 3.2503E-09 3.2708E-09 3.2908E-09 3.3094E-09 3.3259E-09 3.3411E-09 3.3547E-09 3.3671E-09 3.3777E-09 3.3870E-09 3.3947E-09 3.4010E-09 3.4061E-09 3.4095E-09 3.4114E-09 3.4119E-09 3.4110E-09 3.4086E-09 3.4051E-09 3.3997E-09 3.3935E-09 3.3853E-09 3.3760E-09 3.3654E-09 3.3536E-09 3.3404E-09 3.3260E-09 3.3104E-09 3.2932E-09 3.2752E-09 3.2559E-09 3.2358E-09 3.2143E-09 3.1915E-09
2.4799E-09 2.5247E-09 2.5688E-09 2.6124E-09 2.6549E-09 2.6975E-09 2.7390E-09 2.7797E-09 2.8193E-09 2.8587E-09 2.8969E-09 2.9345E-09 2.9698E-09 3.0049E-09 3.0389E-09 3.0722E-09 3.1038E-09 3.1347E-09 3.1645E-09 3.1933E-09 3.2208E-09 3.2458E-09 3.2711E-09 3.2939E-09 3.3149E-09 3.3356E-09 3.3538E-09 3.3706E-09 3.3859E-09 3.4001E-09 3.4126E-09 3.4238E-09 3.4334E-09 3.4414E-09 3.4483E-09 3.4532E-09 3.4571E-09 3.4591E-09 3.4601E-09 3.4594E-09 3.4573E-09 3.4538E-09 3.4489E-09 3.4426E-09 3.4348E-09 3.4258E-09 3.4154E-09 3.4037E-09 3.3906E-09 3.3760E-09 3.3607E-09 3.3441E-09 3.3261E-09 3.3066E-09 3.2865E-09 3.2650E-09 3.2421E-09
2.5120E-09 2.5575E-09 2.6018E-09 2.6455E-09 2.6892E-09 2.7320E-09 2.7739E-09 2.8153E-09 2.8556E-09 2.8951E-09 2.9342E-09 2.9709E-09 3.0076E-09 3.0431E-09 3.0780E-09 3.1111E-09 3.1437E-09 3.1751E-09 3.2056E-09 3.2349E-09 3.2623E-09 3.2886E-09 3.3132E-09 3.3360E-09 3.3585E-09 3.3785E-09 3.3971E-09 3.4146E-09 3.4306E-09 3.4449E-09 3.4577E-09 3.4691E-09 3.4789E-09 3.4877E-09 3.4949E-09 3.5001E-09 3.5044E-09 3.5066E-09 3.5080E-09 3.5073E-09 3.5058E-09 3.5022E-09 3.4979E-09 3.4918E-09 3.4843E-09 3.4755E-09 3.4653E-09 3.4534E-09 3.4408E-09 3.4269E-09 3.4114E-09 3.3944E-09 3.3767E-09 3.3576E-09 3.3375E-09 3.3160E-09 3.2937E-09
2.5435E-09 2.5888E-09 2.6338E-09 2.6784E-09 2.7223E-09 2.7655E-09 2.8083E-09 2.8497E-09 2.8906E-09 2.9311E-09 2.9692E-09 3.0073E-09 3.0444E-09 3.0807E-09 3.1160E-09 3.1505E-09 3.1835E-09 3.2149E-09 3.2459E-09 3.2759E-09 3.3031E-09 3.3298E-09 3.3548E-09 3.3784E-09 3.4005E-09 3.4209E-09 3.4400E-09 3.4579E-09 3.4743E-09 3.4887E-09 3.5022E-09 3.5143E-09 3.5243E-09 3.5334E-09 3.5407E-09 3.5465E-09 3.5512E-09 3.5538E-09 3.5555E-09 3.5552E-09 3.5540E-09 3.5507E-09 3.5467E-09 3.5406E-09 3.5337E-09 3.5248E-09 3.5151E-09 3.5040E-09 3.4914E-09 3.4771E-09 3.4623E-09 3.4455E-09 3.4279E-09 3.4088E-09 3.3889E-09 3.3677E-09 3.3454E-09
2.5734E-09 2.6194E-09 2.6651E-09 2.7101E-09 2.7544E-09 2.7985E-09 2.8411E-09 2.8833E-09 2.9251E-09 2.9651E-09 3.0042E-09 3.0427E-09 3.0806E-09 3.1174E-09 3.1535E-09 3.1881E-09 3.2211E-09 3.2538E-09 3.2855E-09 3.3145E-09 3.3430E-09 3.3701E-09 3.3952E-09 3.4191E-09 3.4414E-09 3.4626E-09 3.4821E-09 3.5004E-09 3.5170E-09 3.5321E-09 3.5461E-09 3.5586E-09 3.5690E-09 3.5785E-09 3.5860E-09 3.5926E-09 3.5973E-09 3.6006E-09 3.6027E-09 3.6027E-09 3.6019E-09 3.5991E-09 3.5953E-09 3.5896E-09 3.5830E-09 3.5744E-09 3.5652E-09 3.5539E-09 3.5420E-09 3.5279E-09 3.5131E-09 3.4967E-09 3.4798E-09 3.4607E-09 3.4408E-09 3.4197E-09 3.3970E-09
2.6024E-09 2.6493E-09 2.6953E-09 2.7408E-09 2.7860E-09 2.8298E-09 2.8732E-09 2.9164E-09 2.9577E-09 2.9981E-09 3.0381E-09 3.0775E-09 3.1158E-09 3.1526E-09 3.1896E-09 3.2243E-09 3.2586E-09 3.2921E-09 3.3236E-09 3.3530E-09 3.3820E-09 3.4088E-09 3.4346E-09 3.4591E-09 3.4821E-09 3.5032E-09 3.5235E-09 3.5422E-09 3.5590E-09 3.5749E-09 3.5894E-09 3.6017E-09 3.6132E-09 3.6232E-09 3.6311E-09 3.6381E-09 3.6430E-09 3.6470E-09 3.6493E-09 3.6501E-09 3.6496E-09 3.6472E-09 3.6438E-09 3.6384E-09 3.6324E-09 3.6242E-09 3.6153E-09 3.6043E-09 3.5924E-09 3.5790E-09 3.5649E-09 3.5485E-09 3.5314E-09 3.5129E-09 3.4932E-09 3.4723E-09 3.4503E-09
2.6310E-09 2.6781E-09 2.7246E-09 2.7709E-09 2.8158E-09 2.8605E-09 2.9043E-09 2.9475E-09 2.9893E-09 3.0306E-09 3.0714E-09 3.1112E-09 3.1500E-09 3.1881E-09 3.2252E-09 3.2604E-09 3.2955E-09 3.3287E-09 3.3599E-09 3.3909E-09 3.4193E-09 3.4469E-09 3.4732E-09 3.4982E-09 3.5214E-09 3.5433E-09 3.5640E-09 3.5833E-09 3.6006E-09 3.6170E-09 3.6320E-09 3.6448E-09 3.6568E-09 3.6667E-09 3.6757E-09 3.6832E-09 3.6886E-09 3.6931E-09 3.6955E-09 3.6971E-09 3.6965E-09 3.6951E-09 3.6924E-09 3.6874E-09 3.6818E-09 3.6740E-09 3.6652E-09 3.6549E-09 3.6438E-09 3.6304E-09 3.6162E-09 3.6006E-09 3.5837E-09 3.5655E-09 3.5461E-09 3.5255E-09 3.5031E-09
2.6584E-09 2.7059E-09 2.7532E-09 2.7993E-09 2.8451E-09 2.8901E-09 2.9345E-09 2.9776E-09 3.0203E-09 3.0624E-09 3.1037E-09 3.1439E-09 3.1836E-09 3.2222E-09 3.2590E-09 3.2958E-09 3.3306E-09 3.3635E-09 3.3963E-09 3.4265E-09 3.4560E-09 3.4841E-09 3.5109E-09 3.5364E-09 3.5599E-09 3.5826E-09 3.6039E-09 3.6231E-09 3.6415E-09 3.6585E-09 3.6733E-09 3.6874E-09 3.6999E-09 3.7103E-09 3.7198E-09 3.7272E-09 3.7338E-09 3.7388E-09 3.7417E-09 3.7438E-09 3.7437E-09 3.7430E-09 3.7400E-09 3.7363E-09 3.7308E-09 3.7238E-09 3.7160E-09 3.7058E-09 3.6947E-09 3.6822E-09 3.6683E-09 3.6530E-09 3.6365E-09 3.6187E-09 3.5996E-09 3.5792E-09 3.5571E-09
2.6848E-09 2.7331E-09 2.7802E-09 2.8270E-09 2.8732E-09 2.9188E-09 2.9631E-09 3.0071E-09 3.0506E-09 3.0932E-09 3.1348E-09 3.1760E-09 3.2161E-09 3.2545E-09 3.2929E-09 3.3294E-09 3.3640E-09 3.3985E-09 3.4305E-09 3.4617E-09 3.4917E-09 3.5204E-09 3.5478E-09 3.5732E-09 3.5978E-09 3.6211E-09 3.6426E-09 3.6627E-09 3.6817E-09 3.6989E-09 3.7147E-09 3.7292E-09 3.7420E-09 3.7533E-09 3.7634E-09 3.7714E-09 3.7786E-09 3.7835E-09 3.7876E-09 3.7904E-09 3.7909E-09 3.7907E-09 3.7883E-09 3.7851E-09 3.7797E-09 3.7739E-09 3.7661E-09 3.7568E-09 3.7462E-09 3.7341E-09 3.7207E-09 3.7060E-09 3.6899E-09 3.6724E-09 3.6531E-09 3.6335E-09 3.6117E-09
2.7101E-09 2.7586E-09 2.8065E-09 2.8537E-09 2.8999E-09 2.9459E-09 2.9911E-09 3.0358E-09 3.0798E-09 3.1228E-09 3.1654E-09 3.2070E-09 3.2469E-09 3.2868E-09 3.3250E-09 3.3612E-09 3.3975E-09 3.4312E-09 3.4642E-09 3.4960E-09 3.5265E-09 3.5558E-09 3.5831E-09 3.6097E-09 3.6349E-09 3.6587E-09 3.6806E-09 3.7016E-09 3.7208E-09 3.7387E-09 3.7553E-09 3.7705E-09 3.7836E-09 3.7959E-09 3.8063E-09 3.8152E-09 3.8229E-09 3.8285E-09 3.8334E-09 3.8360E-09 3.8379E-09 3.8383E-09 3.8365E-09 3.8341E-09 3.8293E-09 3.8240E-09 3.8163E-09 3.8081E-09 3.7975E-09 3.7865E-09 3.7731E-09 3.7593E-09 3.7431E-09 3.7266E-09 3.7077E-09 3.6880E-09 3.6665E-09
2.7341E-09 2.7829E-09 2.8312E-09 2.8789E-09 2.9260E-09 2.9724E-09 3.0183E-09 3.0635E-09 3.1079E-09 3.1518E-09 3.1941E-09 3.2362E-09 3.2777E-09 3.3174E-09 3.3553E-09 3.3929E-09 3.4286E-09 3.4633E-09 3.4969E-09 3.5293E-09 3.5604E-09 3.5899E-09 3.6181E-09 3.6453E-09 3.6711E-09 3.6953E-09 3.7180E-09 3.7397E-09 3.7596E-09 3.7780E-09 3.7953E-09 3.8106E-09 3.8250E-09 3.8378E-09 3.8486E-09 3.8585E-09 3.8666E-09 3.8733E-09 3.8789E-09 3.8822E-09 3.8847E-09 3.8850E-09 3.8848E-09 3.8831E-09 3.8789E-09 3.8742E-09 3.8671E-09 3.8596E-09 3.8496E-09 3.8392E-09 3.8263E-09 3.8130E-09 3.7974E-09 3.7808E-09 3.7624E-09 3.7431E-09 3.7219E-09
2.7574E-09 2.8066E-09 2.8554E-09 2.9035E-09 2.9509E-09 2.9972E-09 3.0436E-09 3.0893E-09 3.1345E-09 3.1789E-09 3.2225E-09 3.2654E-09 3.3067E-09 3.3461E-09 3.3850E-09 3.4227E-09 3.4592E-09 3.4945E-09 3.5287E-09 3.5616E-09 3.5930E-09 3.6231E-09 3.6523E-09 3.6801E-09 3.7062E-09 3.7310E-09 3.7547E-09 3.7767E-09 3.7973E-09 3.8167E-09 3.8344E-09 3.8506E-09 3.8657E-09 3.8790E-09 3.8908E-09 3.9015E-09 3.9100E-09 3.9178E-09 3.9241E-09 3.9281E-09 3.9316E-09 3.9326E-09 3.9330E-09 3.9311E-09 3.9286E-09 3.9246E-09 3.9182E-09 3.9113E-09 3.9020E-09 3.8922E-09 3.8799E-09 3.8667E-09 3.8516E-09 3.8356E-09 3.8176E-09 3.7989E-09 3.7787E-09
2.7797E-09 2.8288E-09 2.8779E-09 2.9264E-09 2.9738E-09 3.0214E-09 3.0682E-09 3.1143E-09 3.1600E-09 3.2049E-09 3.2490E-09 3.2917E-09 3.3335E-09 3.3743E-09 3.4135E-09 3.4517E-09 3.4887E-09 3.5247E-09 3.5594E-09 3.5926E-09 3.6247E-09 3.6557E-09 3.6855E-09 3.7136E-09 3.7404E-09 3.7662E-09 3.7903E-09 3.8132E-09 3.8345E-09 3.8544E-09 3.8728E-09 3.8901E-09 3.9059E-09 3.9196E-09 3.9326E-09 3.9436E-09 3.9534E-09 3.9619E-09 3.9682E-09 3.9740E-09 3.9777E-09 3.9800E-09 3.9812E-09 3.9800E-09 3.9783E-09 3.9741E-09 3.9695E-09 3.9623E-09 3.9547E-09 3.9450E-09 3.9335E-09 3.9204E-09 3.9064E-09 3.8910E-09 3.8742E-09 3.8560E-09 3.8358E-09
2.8004E-09 2.8504E-09 2.8999E-09 2.9483E-09 2.9969E-09 3.0449E-09 3.0922E-09 3.1391E-09 3.1853E-09 3.2307E-09 3.2748E-09 3.3180E-09 3.3603E-09 3.4012E-09 3.4409E-09 3.4796E-09 3.5170E-09 3.5535E-09 3.5888E-09 3.6227E-09 3.6556E-09 3.6873E-09 3.7174E-09 3.7462E-09 3.7741E-09 3.8002E-09 3.8253E-09 3.8487E-09 3.8707E-09 3.8916E-09 3.9108E-09 3.9289E-09 3.9448E-09 3.9601E-09 3.9740E-09 3.9855E-09 3.9964E-09 4.0054E-09 4.0130E-09 4.0196E-09 4.0237E-09 4.0273E-09 4.0289E-09 4.0290E-09 4.0282E-09 4.0248E-09 4.0209E-09 4.0145E-09 4.0071E-09 3.9978E-09 3.9874E-09 3.9756E-09 3.9623E-09 3.9476E-09 3.9309E-09 3.9127E-09 3.8936E-09
2.8206E-09 2.8709E-09 2.9203E-09 2.9699E-09 3.0189E-09 3.0673E-09 3.1153E-09 3.1628E-09 3.2094E-09 3.2549E-09 3.2995E-09 3.3433E-09 3.3856E-09 3.4269E-09 3.4672E-09 3.5062E-09 3.5445E-09 3.5816E-09 3.6172E-09 3.6520E-09 3.6853E-09 3.7176E-09 3.7485E-09 3.7783E-09 3.8065E-09 3.8337E-09 3.8592E-09 3.8834E-09 3.9065E-09 3.9279E-09 3.9482E-09 3.9667E-09 3.9840E-09 4.0001E-09 4.0143E-09 4.0272E-09 4.0386E-09 4.0486E-09 4.0576E-09 4.0650E-09 4.0700E-09 4.0746E-09 4.0765E-09 4.0781E-09 4.0775E-09 4.0756E-09 4.0720E-09 4.0665E-09 4.0599E-09 4.0513E-09 4.0423E-09 4.0307E-09 4.0183E-09 4.0037E-09 3.9882E-09 3.9707E-09 3.9522E-09
2.8396E-09 2.8898E-09 2.9395E-09 2.9895E-09 3.0397E-09 3.0880E-09 3.1374E-09 3.1853E-09 3.2320E-09 3.2780E-09 3.3231E-09 3.3666E-09 3.4097E-09 3.4516E-09 3.4922E-09 3.5321E-09 3.5706E-09 3.6083E-09 3.6446E-09 3.6800E-09 3.7143E-09 3.7470E-09 3.7785E-09 3.8091E-09 3.8383E-09 3.8660E-09 3.8923E-09 3.9176E-09 3.9412E-09 3.9637E-09 3.9845E-09 4.0041E-09 4.0226E-09 4.0396E-09 4.0544E-09 4.0687E-09 4.0810E-09 4.0919E-09 4.1018E-09 4.1093E-09 4.1162E-09 4.1212E-09 4.1247E-09 4.1271E-09 4.1270E-09 4.1260E-09 4.1228E-09 4.1187E-09 4.1136E-09 4.1059E-09 4.0972E-09 4.0865E-09 4.0748E-09 4.0610E-09 4.0462E-09 4.0294E-09 4.0116E-09
