Assets/Resources/2015_m01_d07_0200(utc+0800)_l00_csi_1hr_conc.grd
DSAA
         159         159
     -79.000      79.000
     -79.000      79.000
  0.0000E+00  0.6605E-05
[rows 50 to 74 of 159, columns 57 to 113 of 159]
5.3897E-09 6.0992E-09 6.8848E-09 7.7182E-09 8.6194E-09 9.6296E-09 1.0780E-08 1.2027E-08 1.3444E-08 1.4985E-08 1.6707E-08 1.8639E-08 2.0732E-08 2.3011E-08 2.5461E-08 2.8029E-08 3.0656E-08 3.3253E-08 3.5709E-08 3.7886E-08 3.9728E-08 4.1070E-08 4.2003E-08 4.2437E-08 4.2470E-08 4.2074E-08 4.1314E-08 4.0215E-08 3.8837E-08 3.7245E-08 3.5482E-08 3.3613E-08 3.1685E-08 2.9739E-08 2.7810E-08 2.5933E-08 2.4121E-08 2.2382E-08 2.0738E-08 1.9180E-08 1.7713E-08 1.6353E-08 1.5062E-08 1.3870E-08 1.2762E-08 1.1719E-08 1.0766E-08 9.8568E-09 9.0325E-09 8.2610E-09 7.5470E-09 6.8904E-09 6.2720E-09 5.7170E-09 5.1899E-09 4.7223E-09 4.2863E-09
5.1861E-09 5.8962E-09 6.6966E-09 7.5985E-09 8.6094E-09 9.6891E-09 1.0921E-08 1.2310E-08 1.3820E-08 1.5533E-08 1.7448E-08 1.9567E-08 2.1903E-08 2.4468E-08 2.7209E-08 3.0102E-08 3.3072E-08 3.6013E-08 3.8784E-08 4.1251E-08 4.3244E-08 4.4779E-08 4.5670E-08 4.6054E-08 4.5894E-08 4.5284E-08 4.4246E-08 4.2847E-08 4.1168E-08 3.9262E-08 3.7216E-08 3.5073E-08 3.2896E-08 3.0729E-08 2.8598E-08 2.6545E-08 2.4595E-08 2.2736E-08 2.0983E-08 1.9349E-08 1.7809E-08 1.6389E-08 1.5066E-08 1.3829E-08 1.2701E-08 1.1635E-08 1.0665E-08 9.7531E-09 8.9160E-09 8.1449E-09 7.4261E-09 6.7730E-09 6.1532E-09 5.6011E-09 5.0779E-09 4.6142E-09 4.1827E-09
4.8843E-09 5.6317E-09 6.4385E-09 7.3618E-09 8.4056E-09 9.6362E-09 1.1006E-08 1.2534E-08 1.4226E-08 1.6131E-08 1.8229E-08 2.0592E-08 2.3227E-08 2.6119E-08 2.9216E-08 3.2490E-08 3.5831E-08 3.9137E-08 4.2269E-08 4.4994E-08 4.7239E-08 4.8807E-08 4.9761E-08 4.9996E-08 4.9665E-08 4.8750E-08 4.7366E-08 4.5599E-08 4.3528E-08 4.1274E-08 3.8885E-08 3.6455E-08 3.4009E-08 3.1602E-08 2.9272E-08 2.7040E-08 2.4943E-08 2.2976E-08 2.1123E-08 1.9409E-08 1.7818E-08 1.6340E-08 1.4989E-08 1.3722E-08 1.2573E-08 1.1501E-08 1.0517E-08 9.6062E-09 8.7614E-09 7.9948E-09 7.2757E-09 6.6269E-09 6.0117E-09 5.4653E-09 4.9481E-09 4.4894E-09 4.0648E-09
4.6319E-09 5.3216E-09 6.1098E-09 7.0538E-09 8.1357E-09 9.3878E-09 1.0860E-08 1.2642E-08 1.4615E-08 1.6698E-08 1.9063E-08 2.1731E-08 2.4698E-08 2.7966E-08 3.1487E-08 3.5177E-08 3.8917E-08 4.2629E-08 4.6096E-08 4.9150E-08 5.1549E-08 5.3247E-08 5.4103E-08 5.4240E-08 5.3625E-08 5.2384E-08 5.0620E-08 4.8403E-08 4.5915E-08 4.3223E-08 4.0479E-08 3.7696E-08 3.4973E-08 3.2323E-08 2.9789E-08 2.7394E-08 2.5152E-08 2.3076E-08 2.1147E-08 1.9357E-08 1.7724E-08 1.6206E-08 1.4829E-08 1.3548E-08 1.2382E-08 1.1310E-08 1.0320E-08 9.4160E-09 8.5695E-09 7.8094E-09 7.0960E-09 6.4549E-09 5.8479E-09 5.3083E-09 4.8002E-09 4.3494E-09 3.9321E-09
4.3848E-09 5.0541E-09 5.7988E-09 6.6794E-09 7.7616E-09 9.0723E-09 1.0611E-08 1.2492E-08 1.4626E-08 1.7079E-08 1.9895E-08 2.2913E-08 2.6291E-08 2.9998E-08 3.3970E-08 3.8127E-08 4.2338E-08 4.6467E-08 5.0295E-08 5.3594E-08 5.6211E-08 5.7939E-08 5.8781E-08 5.8676E-08 5.7782E-08 5.6158E-08 5.3901E-08 5.1242E-08 4.8233E-08 4.5115E-08 4.1908E-08 3.8784E-08 3.5743E-08 3.2855E-08 3.0124E-08 2.7577E-08 2.5212E-08 2.3031E-08 2.1039E-08 1.9195E-08 1.7524E-08 1.5986E-08 1.4586E-08 1.3307E-08 1.2131E-08 1.1065E-08 1.0076E-08 9.1828E-09 8.3413E-09 7.5915E-09 6.8875E-09 6.2573E-09 5.6618E-09 5.1325E-09 4.6342E-09 4.1936E-09 3.7862E-09
4.1322E-09 4.7738E-09 5.4963E-09 6.3692E-09 7.4118E-09 8.6779E-09 1.0269E-08 1.2224E-08 1.4518E-08 1.7174E-08 2.0301E-08 2.3892E-08 2.7919E-08 3.2122E-08 3.6626E-08 4.1318E-08 4.6025E-08 5.0586E-08 5.4766E-08 5.8334E-08 6.1048E-08 6.2863E-08 6.3567E-08 6.3276E-08 6.2033E-08 5.9951E-08 5.7235E-08 5.3976E-08 5.0506E-08 4.6825E-08 4.3203E-08 3.9661E-08 3.6319E-08 3.3180E-08 3.0263E-08 2.7569E-08 2.5109E-08 2.2845E-08 2.0799E-08 1.8924E-08 1.7220E-08 1.5680E-08 1.4267E-08 1.2996E-08 1.1822E-08 1.0768E-08 9.7882E-09 8.9079E-09 8.0785E-09 7.3429E-09 6.6525E-09 6.0358E-09 5.4538E-09 4.9376E-09 4.4523E-09 4.0245E-09 3.6272E-09
3.8771E-09 4.4922E-09 5.1986E-09 6.0571E-09 7.1090E-09 8.3773E-09 9.9331E-09 1.1898E-08 1.4265E-08 1.7150E-08 2.0546E-08 2.4495E-08 2.9007E-08 3.4007E-08 3.9338E-08 4.4600E-08 4.9864E-08 5.4889E-08 5.9413E-08 6.3173E-08 6.6016E-08 6.7751E-08 6.8345E-08 6.8150E-08 6.6560E-08 6.4058E-08 6.0785E-08 5.7067E-08 5.2919E-08 4.8761E-08 4.4600E-08 4.0656E-08 3.6678E-08 3.3297E-08 3.0205E-08 2.7374E-08 2.4827E-08 2.2513E-08 2.0422E-08 1.8540E-08 1.6815E-08 1.5284E-08 1.3875E-08 1.2617E-08 1.1457E-08 1.0419E-08 9.4571E-09 8.5950E-09 7.7836E-09 7.0652E-09 6.3932E-09 5.7933E-09 5.2265E-09 4.7261E-09 4.2543E-09 3.8422E-09 3.4591E-09
3.6257E-09 4.2146E-09 4.8981E-09 5.7388E-09 6.7713E-09 8.0689E-09 9.6396E-09 1.1628E-08 1.4027E-08 1.6976E-08 2.0623E-08 2.4932E-08 2.9864E-08 3.5362E-08 4.1327E-08 4.7543E-08 5.3691E-08 5.9219E-08 6.4100E-08 6.8039E-08 7.1201E-08 7.2944E-08 7.3412E-08 7.2628E-08 7.0701E-08 6.7722E-08 6.3973E-08 5.9570E-08 5.4971E-08 5.0186E-08 4.5599E-08 4.1215E-08 3.7194E-08 3.3510E-08 2.9939E-08 2.7001E-08 2.4371E-08 2.2030E-08 1.9908E-08 1.8033E-08 1.6318E-08 1.4801E-08 1.3411E-08 1.2174E-08 1.1038E-08 1.0023E-08 9.0853E-09 8.2464E-09 7.4591E-09 6.7617E-09 6.1122E-09 5.5317E-09 4.9824E-09 4.5010E-09 4.0458E-09 3.6488E-09 3.2804E-09
3.3399E-09 3.8990E-09 4.6014E-09 5.4285E-09 6.4469E-09 7.7302E-09 9.3315E-09 1.1331E-08 1.3807E-08 1.6881E-08 2.0637E-08 2.5136E-08 3.0445E-08 3.6444E-08 4.2934E-08 4.9731E-08 5.6556E-08 6.3017E-08 6.8580E-08 7.3071E-08 7.6008E-08 7.7596E-08 7.7843E-08 7.6795E-08 7.4475E-08 7.1480E-08 6.7099E-08 6.2252E-08 5.6967E-08 5.1398E-08 4.6292E-08 4.1567E-08 3.7226E-08 3.3314E-08 2.9829E-08 2.6732E-08 2.3750E-08 2.1393E-08 1.9271E-08 1.7414E-08 1.5725E-08 1.4235E-08 1.2881E-08 1.1672E-08 1.0568E-08 9.5829E-09 8.6765E-09 7.8647E-09 7.1076E-09 6.4335E-09 5.8118E-09 5.2542E-09 4.7262E-09 4.2619E-09 3.8279E-09 3.4478E-09 3.0950E-09
3.1000E-09 3.6234E-09 4.2947E-09 5.1008E-09 6.1099E-09 7.3770E-09 8.9589E-09 1.0992E-08 1.3522E-08 1.6695E-08 2.0595E-08 2.5301E-08 3.0831E-08 3.7133E-08 4.4100E-08 5.1445E-08 5.8785E-08 6.5705E-08 7.2134E-08 7.7038E-08 8.0365E-08 8.2212E-08 8.2262E-08 8.0931E-08 7.8321E-08 7.4447E-08 6.9724E-08 6.4222E-08 5.8479E-08 5.2670E-08 4.7157E-08 4.1996E-08 3.7020E-08 3.2915E-08 2.9276E-08 2.6098E-08 2.3280E-08 2.0616E-08 1.8523E-08 1.6692E-08 1.5050E-08 1.3596E-08 1.2286E-08 1.1117E-08 1.0055E-08 9.1044E-09 8.2353E-09 7.4531E-09 6.7312E-09 6.0874E-09 5.4948E-09 4.9606E-09 4.4588E-09 4.0106E-09 3.6027E-09 3.2383E-09 2.9050E-09
2.8662E-09 3.3510E-09 3.9892E-09 4.7603E-09 5.7564E-09 6.9943E-09 8.5861E-09 1.0590E-08 1.3152E-08 1.6389E-08 2.0397E-08 2.5254E-08 3.0995E-08 3.7559E-08 4.4814E-08 5.2506E-08 6.0286E-08 6.7949E-08 7.4382E-08 7.9519E-08 8.3584E-08 8.5615E-08 8.5843E-08 8.4224E-08 8.1209E-08 7.6978E-08 7.1657E-08 6.5784E-08 5.9543E-08 5.3349E-08 4.7385E-08 4.1935E-08 3.7003E-08 3.2640E-08 2.8536E-08 2.5299E-08 2.2467E-08 2.0032E-08 1.7679E-08 1.5885E-08 1.4298E-08 1.2895E-08 1.1638E-08 1.0514E-08 9.5014E-09 8.5907E-09 7.7648E-09 7.0205E-09 6.3359E-09 5.7257E-09 5.1646E-09 4.6517E-09 4.1824E-09 3.7555E-09 3.3722E-09 3.0217E-09 2.7123E-09
2.6386E-09 3.0847E-09 3.6900E-09 4.4234E-09 5.3754E-09 6.5959E-09 8.1381E-09 1.0127E-08 1.2683E-08 1.5937E-08 1.9987E-08 2.4940E-08 3.0807E-08 3.7552E-08 4.5018E-08 5.2937E-08 6.1178E-08 6.8889E-08 7.6014E-08 8.1458E-08 8.5270E-08 8.7375E-08 8.7776E-08 8.7034E-08 8.4043E-08 7.9386E-08 7.3705E-08 6.7292E-08 6.0654E-08 5.3588E-08 4.7352E-08 4.1616E-08 3.6447E-08 3.1939E-08 2.7990E-08 2.4347E-08 2.1527E-08 1.9119E-08 1.7038E-08 1.5013E-08 1.3492E-08 1.2146E-08 1.0946E-08 9.8743E-09 8.9148E-09 8.0508E-09 7.2722E-09 6.5686E-09 5.9275E-09 5.3476E-09 4.8250E-09 4.3386E-09 3.8998E-09 3.4911E-09 3.1380E-09 2.8088E-09 2.5184E-09
2.3818E-09 2.7913E-09 3.3581E-09 4.0784E-09 4.9884E-09 6.1541E-09 7.6418E-09 9.5804E-09 1.2088E-08 1.5307E-08 1.9335E-08 2.4294E-08 3.0203E-08 3.7012E-08 4.4566E-08 5.2729E-08 6.0956E-08 6.9152E-08 7.6133E-08 8.1805E-08 8.6369E-08 8.8743E-08 8.9284E-08 8.8037E-08 8.5102E-08 8.0664E-08 7.4848E-08 6.8089E-08 6.1059E-08 5.4122E-08 4.7515E-08 4.1455E-08 3.5687E-08 3.1046E-08 2.7031E-08 2.3647E-08 2.0475E-08 1.8115E-08 1.6099E-08 1.4083E-08 1.2641E-08 1.1367E-08 1.0227E-08 9.2090E-09 8.3072E-09 7.4940E-09 6.7666E-09 6.1032E-09 5.5102E-09 4.9661E-09 4.4800E-09 4.0165E-09 3.6069E-09 3.2326E-09 2.9026E-09 2.5955E-09 2.3172E-09
2.1739E-09 2.5475E-09 3.0659E-09 3.7304E-09 4.5799E-09 5.7009E-09 7.0992E-09 8.9539E-09 1.1372E-08 1.4495E-08 1.8439E-08 2.3300E-08 2.9128E-08 3.5880E-08 4.3382E-08 5.1508E-08 5.9728E-08 6.7996E-08 7.5084E-08 8.1546E-08 8.6049E-08 8.8766E-08 8.9536E-08 8.8444E-08 8.5399E-08 8.0749E-08 7.4939E-08 6.8393E-08 6.1302E-08 5.4031E-08 4.7128E-08 4.0821E-08 3.5201E-08 2.9980E-08 2.5958E-08 2.2571E-08 1.9712E-08 1.7039E-08 1.5104E-08 1.3425E-08 1.1753E-08 1.0561E-08 9.4913E-09 8.5435E-09 7.6960E-09 6.9326E-09 6.2553E-09 5.6338E-09 5.0919E-09 4.5853E-09 4.1249E-09 3.7021E-09 3.3209E-09 2.9751E-09 2.6604E-09 2.3839E-09 2.1262E-09
1.9753E-09 2.3113E-09 2.7803E-09 3.3487E-09 4.1581E-09 5.2034E-09 6.5211E-09 8.2563E-09 1.0540E-08 1.3505E-08 1.7277E-08 2.1952E-08 2.7587E-08 3.4127E-08 4.1437E-08 4.9374E-08 5.7710E-08 6.5723E-08 7.3551E-08 7.9939E-08 8.4848E-08 8.8654E-08 8.9882E-08 8.9163E-08 8.6288E-08 8.1636E-08 7.5566E-08 6.8632E-08 6.1379E-08 5.3579E-08 4.6585E-08 4.0032E-08 3.4269E-08 2.9317E-08 2.4770E-08 2.1418E-08 1.8612E-08 1.5928E-08 1.4063E-08 1.2476E-08 1.0835E-08 9.7372E-09 8.7484E-09 7.8721E-09 7.0831E-09 6.3769E-09 5.7500E-09 5.1800E-09 4.6675E-09 4.2072E-09 3.7794E-09 3.3811E-09 3.0303E-09 2.7208E-09 2.4312E-09 2.1684E-09 1.9392E-09
1.7869E-09 2.0493E-09 2.4730E-09 3.0083E-09 3.7369E-09 4.6805E-09 5.9069E-09 7.5000E-09 9.6051E-09 1.2361E-08 1.5884E-08 2.0271E-08 2.5587E-08 3.1794E-08 3.8758E-08 4.6236E-08 5.4450E-08 6.2834E-08 7.0539E-08 7.7382E-08 8.3795E-08 8.7813E-08 8.9778E-08 8.9385E-08 8.6857E-08 8.2286E-08 7.6191E-08 6.8981E-08 6.1197E-08 5.3394E-08 4.6078E-08 3.8998E-08 3.3255E-08 2.8233E-08 2.4041E-08 2.0210E-08 1.7482E-08 1.5198E-08 1.3018E-08 1.1519E-08 9.9129E-09 8.9026E-09 7.9932E-09 7.1991E-09 6.4764E-09 5.8389E-09 5.2608E-09 4.7443E-09 4.2641E-09 3.8264E-09 3.4331E-09 3.0785E-09 2.7567E-09 2.4640E-09 2.2076E-09 1.9676E-09 1.7581E-09
1.5777E-09 1.8400E-09 2.2120E-09 2.6788E-09 3.2853E-09 4.1499E-09 5.2665E-09 6.7015E-09 8.6007E-09 1.1099E-08 1.4311E-08 1.8320E-08 2.3208E-08 2.8952E-08 3.5436E-08 4.2458E-08 5.0532E-08 5.8622E-08 6.7317E-08 7.5046E-08 8.1672E-08 8.6554E-08 8.9528E-08 9.0094E-08 8.8561E-08 8.4513E-08 7.8095E-08 7.0320E-08 6.1822E-08 5.3245E-08 4.5211E-08 3.8156E-08 3.1727E-08 2.7002E-08 2.2900E-08 1.9463E-08 1.6324E-08 1.4135E-08 1.1951E-08 1.0550E-08 9.3288E-09 8.0675E-09 7.2576E-09 6.5403E-09 5.8930E-09 5.3186E-09 4.7909E-09 4.3069E-09 3.8662E-09 3.4787E-09 3.1049E-09 2.7770E-09 2.4825E-09 2.2262E-09 1.9846E-09 1.7745E-09 1.5840E-09
1.4161E-09 1.6446E-09 1.9268E-09 2.3361E-09 2.8850E-09 3.6349E-09 4.6083E-09 5.8914E-09 7.5624E-09 9.7696E-09 1.2616E-08 1.6187E-08 2.0557E-08 2.5728E-08 3.1620E-08 3.8100E-08 4.5668E-08 5.3588E-08 6.2649E-08 7.1248E-08 7.9130E-08 8.5350E-08 8.9844E-08 9.1877E-08 9.1840E-08 8.8670E-08 8.2470E-08 7.3750E-08 6.3763E-08 5.3751E-08 4.4807E-08 3.7152E-08 3.0856E-08 2.5271E-08 2.1390E-08 1.8254E-08 1.5168E-08 1.3057E-08 1.1300E-08 9.5863E-09 8.4651E-09 7.2769E-09 6.5529E-09 5.8982E-09 5.3308E-09 4.8035E-09 4.3216E-09 3.8836E-09 3.4978E-09 3.1217E-09 2.7936E-09 2.4953E-09 2.2362E-09 1.9910E-09 1.7812E-09 1.5911E-09 1.4191E-09
1.2576E-09 1.4311E-09 1.6988E-09 2.0426E-09 2.4701E-09 3.1038E-09 3.9690E-09 5.0814E-09 6.5307E-09 8.4232E-09 1.0877E-08 1.3969E-08 1.7766E-08 2.2292E-08 2.7501E-08 3.3350E-08 3.9652E-08 4.8343E-08 5.7233E-08 6.6818E-08 7.6174E-08 8.4193E-08 9.0684E-08 9.6037E-08 9.9231E-08 9.8487E-08 9.1513E-08 8.0509E-08 6.7760E-08 5.5590E-08 4.4902E-08 3.6291E-08 2.9600E-08 2.4354E-08 1.9722E-08 1.6678E-08 1.3745E-08 1.1947E-08 1.0302E-08 8.6532E-09 7.6401E-09 6.5109E-09 5.8807E-09 5.3028E-09 4.7777E-09 4.3005E-09 3.8896E-09 3.4934E-09 3.1196E-09 2.7937E-09 2.5099E-09 2.2405E-09 1.9962E-09 1.7850E-09 1.5931E-09 1.4192E-09 1.2644E-09
1.1062E-09 1.2623E-09 1.4947E-09 1.7389E-09 2.1276E-09 2.6445E-09 3.3364E-09 4.3032E-09 5.5330E-09 7.1185E-09 9.1715E-09 1.1749E-08 1.4950E-08 1.8787E-08 2.3283E-08 2.8396E-08 3.4026E-08 4.2026E-08 5.1057E-08 6.1652E-08 7.2971E-08 8.3493E-08 9.1326E-08 1.0129E-07 1.1223E-07 1.1755E-07 1.1064E-07 9.3968E-08 7.4870E-08 5.8344E-08 4.5589E-08 3.5981E-08 2.8409E-08 2.2895E-08 1.8089E-08 1.5134E-08 1.2767E-08 1.0563E-08 9.1710E-09 7.7289E-09 6.8465E-09 5.8025E-09 5.2259E-09 4.7112E-09 4.2437E-09 3.8480E-09 3.4624E-09 3.0934E-09 2.7747E-09 2.4975E-09 2.2294E-09 1.9879E-09 1.7798E-09 1.5861E-09 1.4122E-09 1.2548E-09 1.0977E-09
9.5339E-10 1.0910E-09 1.2555E-09 1.5005E-09 1.8107E-09 2.2087E-09 2.7915E-09 3.5587E-09 4.5905E-09 5.8970E-09 7.5549E-09 9.6381E-09 1.2237E-08 1.5383E-08 1.9131E-08 2.3460E-08 2.8355E-08 3.5172E-08 4.4124E-08 5.5643E-08 6.9297E-08 8.3055E-08 9.4230E-08 1.0992E-07 1.3746E-07 1.5725E-07 1.4631E-07 1.1615E-07 8.5951E-08 6.2274E-08 4.5910E-08 3.5080E-08 2.7281E-08 2.1581E-08 1.7146E-08 1.3587E-08 1.1341E-08 9.1995E-09 7.9894E-09 6.6925E-09 5.9762E-09 5.0804E-09 4.5701E-09 4.1474E-09 3.7467E-09 3.3878E-09 3.0439E-09 2.7444E-09 2.4504E-09 2.1893E-09 1.9510E-09 1.7458E-09 1.5530E-09 1.3771E-09 1.2193E-09 1.0674E-09 9.3276E-10
8.0188E-10 9.4515E-10 1.0794E-09 1.2167E-09 1.4907E-09 1.8331E-09 2.2734E-09 2.9244E-09 3.7162E-09 4.7769E-09 6.0825E-09 7.7056E-09 9.7416E-09 1.2236E-08 1.5241E-08 1.8788E-08 2.2897E-08 2.8023E-08 3.6735E-08 4.8675E-08 6.4650E-08 8.2261E-08 9.7650E-08 1.1674E-07 1.8426E-07 2.4575E-07 2.1798E-07 1.4849E-07 9.4357E-08 6.3635E-08 4.5586E-08 3.3786E-08 2.5628E-08 1.9941E-08 1.5675E-08 1.2083E-08 9.9445E-09 7.8874E-09 6.7981E-09 5.6313E-09 5.0525E-09 4.2852E-09 3.9435E-09 3.6131E-09 3.2616E-09 2.9055E-09 2.6081E-09 2.3422E-09 2.1065E-09 1.8900E-09 1.6827E-09 1.5001E-09 1.3367E-09 1.1907E-09 1.0520E-09 9.2721E-10 8.0759E-10
6.7536E-10 7.7592E-10 9.0303E-10 1.0409E-09 1.2304E-09 1.4566E-09 1.8258E-09 2.3088E-09 2.9829E-09 3.7588E-09 4.7792E-09 6.0193E-09 7.5633E-09 9.4610E-09 1.1789E-08 1.4585E-08 1.7895E-08 2.1730E-08 2.9288E-08 4.0791E-08 5.8280E-08 7.9832E-08 1.0034E-07 1.1467E-07 2.6647E-07 4.2916E-07 3.1210E-07 1.6730E-07 9.2314E-08 5.9341E-08 4.2215E-08 3.0932E-08 2.3588E-08 1.8093E-08 1.4026E-08 1.0549E-08 8.5673E-09 6.6782E-09 5.7513E-09 4.7032E-09 4.2120E-09 3.6205E-09 3.3050E-09 2.9987E-09 2.7038E-09 2.4826E-09 2.2453E-09 2.0301E-09 1.8274E-09 1.6413E-09 1.4740E-09 1.3207E-09 1.1807E-09 1.0450E-09 9.2311E-10 8.0545E-10 6.9869E-10
5.9818E-10 6.6919E-10 7.4931E-10 8.7161E-10 1.0026E-09 1.1977E-09 1.4230E-09 1.7676E-09 2.2439E-09 2.9367E-09 3.6640E-09 4.5798E-09 5.7349E-09 7.1462E-09 8.8830E-09 1.1002E-08 1.3567E-08 1.6590E-08 2.1140E-08 3.2082E-08 4.9668E-08 7.4298E-08 9.9651E-08 1.1795E-07 4.6456E-07 7.9613E-07 3.1275E-07 1.2350E-07 7.3511E-08 5.1377E-08 3.8325E-08 2.8451E-08 2.1169E-08 1.5896E-08 1.2129E-08 8.8666E-09 7.2028E-09 5.5599E-09 4.7951E-09 3.9488E-09 3.2914E-09 2.9821E-09 2.7098E-09 2.5067E-09 2.3053E-09 2.1225E-09 1.9443E-09 1.7707E-09 1.6005E-09 1.4415E-09 1.2953E-09 1.1612E-09 1.0082E-09 8.7204E-10 7.2387E-10 6.4717E-10 5.7724E-10
5.2716E-10 5.9108E-10 6.6146E-10 7.3752E-10 8.3291E-10 9.5574E-10 1.1404E-09 1.3646E-09 1.6928E-09 2.1034E-09 2.7605E-09 3.4269E-09 4.2621E-09 5.2926E-09 6.5655E-09 8.1010E-09 9.9700E-09 1.2209E-08 1.4829E-08 2.3250E-08 3.8384E-08 6.3674E-08 9.2582E-08 1.3864E-07 1.2010E-06 7.9534E-07 1.2880E-07 8.2868E-08 6.3623E-08 4.7162E-08 3.4229E-08 2.4693E-08 1.7877E-08 1.3195E-08 9.9392E-09 7.1257E-09 5.7868E-09 4.5197E-09 3.6752E-09 3.2252E-09 2.7241E-09 2.5009E-09 2.3069E-09 2.1247E-09 1.9657E-09 1.8074E-09 1.6601E-09 1.4853E-09 1.3540E-09 1.1980E-09 1.0513E-09 9.1356E-10 8.1621E-10 7.1860E-10 6.4442E-10 5.7640E-10 5.1437E-10
