Assets/Resources/2015_m01_d23_2200(utc+0800)_l00_csi_1hr_conc.grd
DSAA
         159         159
     -79.000      79.000
     -79.000      79.000
  0.5231E-10  0.7339E-05
[rows 100 to 124 of 159, columns 57 to 113 of 159]
7.7459E-10 8.3268E-10 8.9888E-10 9.7152E-10 1.0478E-09 1.1420E-09 1.2330E-09 1.3338E-09 1.4662E-09 1.5975E-09 1.7454E-09 1.9265E-09 2.1271E-09 2.3465E-09 2.5863E-09 2.8471E-09 3.1387E-09 3.4597E-09 3.8031E-09 4.1763E-09 4.5764E-09 5.0148E-09 5.4903E-09 6.0095E-09 6.5633E-09 7.1418E-09 7.7277E-09 8.3125E-09 8.8861E-09 9.4381E-09 9.9619E-09 1.0452E-08 1.0906E-08 1.1319E-08 1.1693E-08 1.2025E-08 1.2315E-08 1.2562E-08 1.2763E-08 1.2921E-08 1.3034E-08 1.3105E-08 1.3136E-08 1.3127E-08 1.3082E-08 1.3003E-08 1.2893E-08 1.2753E-08 1.2586E-08 1.2395E-08 1.2182E-08 1.1951E-08 1.1704E-08 1.1443E-08 1.1168E-08 1.0895E-08 1.0618E-08
7.7534E-10 8.3618E-10 8.9939E-10 9.7170E-10 1.0515E-09 1.1404E-09 1.2305E-09 1.3297E-09 1.4585E-09 1.5905E-09 1.7397E-09 1.9119E-09 2.1094E-09 2.3337E-09 2.5666E-09 2.8276E-09 3.1095E-09 3.4236E-09 3.7650E-09 4.1208E-09 4.5109E-09 4.9290E-09 5.3956E-09 5.9076E-09 6.4527E-09 7.0194E-09 7.5958E-09 8.1710E-09 8.7359E-09 9.2791E-09 9.7945E-09 1.0277E-08 1.0723E-08 1.1131E-08 1.1501E-08 1.1829E-08 1.2115E-08 1.2358E-08 1.2558E-08 1.2715E-08 1.2831E-08 1.2906E-08 1.2942E-08 1.2941E-08 1.2906E-08 1.2838E-08 1.2740E-08 1.2613E-08 1.2460E-08 1.2283E-08 1.2085E-08 1.1869E-08 1.1632E-08 1.1386E-08 1.1132E-08 1.0874E-08 1.0606E-08
7.7763E-10 8.3545E-10 9.0157E-10 9.6649E-10 1.0554E-09 1.1391E-09 1.2268E-09 1.3269E-09 1.4505E-09 1.5854E-09 1.7303E-09 1.8948E-09 2.0950E-09 2.3106E-09 2.5427E-09 2.8019E-09 3.0877E-09 3.3891E-09 3.7195E-09 4.0732E-09 4.4466E-09 4.8549E-09 5.2997E-09 5.7993E-09 6.3357E-09 6.8980E-09 7.4667E-09 8.0340E-09 8.5908E-09 9.1270E-09 9.6355E-09 1.0112E-08 1.0553E-08 1.0957E-08 1.1322E-08 1.1646E-08 1.1927E-08 1.2167E-08 1.2366E-08 1.2523E-08 1.2641E-08 1.2720E-08 1.2762E-08 1.2769E-08 1.2743E-08 1.2685E-08 1.2599E-08 1.2484E-08 1.2345E-08 1.2182E-08 1.1997E-08 1.1788E-08 1.1571E-08 1.1341E-08 1.1102E-08 1.0849E-08 1.0601E-08
7.7905E-10 8.3607E-10 8.9988E-10 9.6603E-10 1.0502E-09 1.1342E-09 1.2233E-09 1.3232E-09 1.4387E-09 1.5708E-09 1.7224E-09 1.8858E-09 2.0727E-09 2.2884E-09 2.5232E-09 2.7769E-09 3.0546E-09 3.3552E-09 3.6728E-09 4.0177E-09 4.3873E-09 4.7838E-09 5.2174E-09 5.6950E-09 6.2240E-09 6.7716E-09 7.3348E-09 7.8991E-09 8.4509E-09 8.9815E-09 9.4852E-09 9.9577E-09 1.0396E-08 1.0796E-08 1.1156E-08 1.1475E-08 1.1754E-08 1.1991E-08 1.2189E-08 1.2347E-08 1.2467E-08 1.2551E-08 1.2599E-08 1.2614E-08 1.2597E-08 1.2549E-08 1.2473E-08 1.2371E-08 1.2242E-08 1.2084E-08 1.1914E-08 1.1726E-08 1.1523E-08 1.1301E-08 1.1075E-08 1.0843E-08 1.0607E-08
7.7798E-10 8.3373E-10 8.9304E-10 9.6310E-10 1.0431E-09 1.1260E-09 1.2143E-09 1.3187E-09 1.4330E-09 1.5576E-09 1.7074E-09 1.8682E-09 2.0545E-09 2.2647E-09 2.4969E-09 2.7533E-09 3.0220E-09 3.3134E-09 3.6282E-09 3.9610E-09 4.3270E-09 4.7190E-09 5.1400E-09 5.6061E-09 6.1141E-09 6.6514E-09 7.2062E-09 7.7631E-09 8.3103E-09 8.8407E-09 9.3457E-09 9.8154E-09 1.0250E-08 1.0646E-08 1.1003E-08 1.1320E-08 1.1596E-08 1.1832E-08 1.2030E-08 1.2189E-08 1.2312E-08 1.2399E-08 1.2453E-08 1.2475E-08 1.2466E-08 1.2428E-08 1.2353E-08 1.2261E-08 1.2144E-08 1.2006E-08 1.1848E-08 1.1668E-08 1.1476E-08 1.1274E-08 1.1062E-08 1.0843E-08 1.0613E-08
7.7683E-10 8.3004E-10 8.8875E-10 9.5966E-10 1.0339E-09 1.1164E-09 1.2058E-09 1.3116E-09 1.4213E-09 1.5428E-09 1.6887E-09 1.8534E-09 2.0397E-09 2.2442E-09 2.4679E-09 2.7197E-09 2.9896E-09 3.2706E-09 3.5774E-09 3.9103E-09 4.2652E-09 4.6523E-09 5.0657E-09 5.5162E-09 6.0105E-09 6.5351E-09 7.0792E-09 7.6301E-09 8.1732E-09 8.7003E-09 9.2015E-09 9.6678E-09 1.0101E-08 1.0497E-08 1.0854E-08 1.1170E-08 1.1445E-08 1.1681E-08 1.1879E-08 1.2040E-08 1.2166E-08 1.2258E-08 1.2308E-08 1.2337E-08 1.2337E-08 1.2308E-08 1.2250E-08 1.2167E-08 1.2062E-08 1.1927E-08 1.1783E-08 1.1621E-08 1.1444E-08 1.1255E-08 1.1050E-08 1.0844E-08 1.0633E-08
7.7252E-10 8.2454E-10 8.8111E-10 9.5600E-10 1.0280E-09 1.1040E-09 1.1959E-09 1.3045E-09 1.4141E-09 1.5318E-09 1.6698E-09 1.8370E-09 2.0196E-09 2.2228E-09 2.4455E-09 2.6863E-09 2.9472E-09 3.2297E-09 3.5264E-09 3.8540E-09 4.2073E-09 4.5819E-09 4.9884E-09 5.4252E-09 5.9065E-09 6.4235E-09 6.9592E-09 7.5015E-09 8.0392E-09 8.5628E-09 9.0609E-09 9.5264E-09 9.9581E-09 1.0353E-08 1.0706E-08 1.1020E-08 1.1294E-08 1.1531E-08 1.1730E-08 1.1893E-08 1.2022E-08 1.2118E-08 1.2183E-08 1.2217E-08 1.2223E-08 1.2203E-08 1.2147E-08 1.2075E-08 1.1981E-08 1.1866E-08 1.1733E-08 1.1584E-08 1.1414E-08 1.1239E-08 1.1053E-08 1.0858E-08 1.0658E-08
7.6737E-10 8.2045E-10 8.7560E-10 9.4594E-10 1.0196E-09 1.0978E-09 1.1855E-09 1.2952E-09 1.4022E-09 1.5192E-09 1.6563E-09 1.8164E-09 2.0032E-09 2.2041E-09 2.4202E-09 2.6578E-09 2.9051E-09 3.1801E-09 3.4794E-09 3.7968E-09 4.1431E-09 4.5154E-09 4.9092E-09 5.3339E-09 5.8024E-09 6.3108E-09 6.8403E-09 7.3780E-09 7.9112E-09 8.4289E-09 8.9226E-09 9.3876E-09 9.8184E-09 1.0211E-08 1.0563E-08 1.0877E-08 1.1151E-08 1.1388E-08 1.1589E-08 1.1755E-08 1.1887E-08 1.1986E-08 1.2054E-08 1.2095E-08 1.2109E-08 1.2100E-08 1.2063E-08 1.2001E-08 1.1917E-08 1.1807E-08 1.1687E-08 1.1551E-08 1.1400E-08 1.1236E-08 1.1061E-08 1.0879E-08 1.0689E-08
7.6044E-10 8.1240E-10 8.7545E-10 9.3832E-10 1.0088E-09 1.0884E-09 1.1775E-09 1.2840E-09 1.3920E-09 1.5065E-09 1.6383E-09 1.8004E-09 1.9815E-09 2.1794E-09 2.3963E-09 2.6249E-09 2.8697E-09 3.1314E-09 3.4241E-09 3.7414E-09 4.0775E-09 4.4433E-09 4.8292E-09 5.2432E-09 5.6979E-09 6.1966E-09 6.7191E-09 7.2520E-09 7.7826E-09 8.2984E-09 8.7919E-09 9.2545E-09 9.6823E-09 1.0073E-08 1.0425E-08 1.0740E-08 1.1018E-08 1.1258E-08 1.1462E-08 1.1630E-08 1.1764E-08 1.1867E-08 1.1942E-08 1.1989E-08 1.2007E-08 1.2004E-08 1.1979E-08 1.1929E-08 1.1858E-08 1.1767E-08 1.1658E-08 1.1533E-08 1.1393E-08 1.1241E-08 1.1077E-08 1.0905E-08 1.0725E-08
7.5693E-10 8.0486E-10 8.6483E-10 9.3351E-10 1.0014E-09 1.0796E-09 1.1714E-09 1.2702E-09 1.3796E-09 1.4946E-09 1.6263E-09 1.7870E-09 1.9599E-09 2.1530E-09 2.3681E-09 2.5897E-09 2.8314E-09 3.0912E-09 3.3694E-09 3.6792E-09 4.0136E-09 4.3686E-09 4.7484E-09 5.1528E-09 5.5948E-09 6.0808E-09 6.5959E-09 7.1240E-09 7.6517E-09 8.1661E-09 8.6594E-09 9.1226E-09 9.5515E-09 9.9435E-09 1.0297E-08 1.0613E-08 1.0890E-08 1.1129E-08 1.1332E-08 1.1502E-08 1.1641E-08 1.1750E-08 1.1831E-08 1.1886E-08 1.1917E-08 1.1927E-08 1.1915E-08 1.1876E-08 1.1815E-08 1.1735E-08 1.1636E-08 1.1522E-08 1.1393E-08 1.1251E-08 1.1099E-08 1.0934E-08 1.0763E-08
7.5006E-10 8.0041E-10 8.5678E-10 9.2371E-10 9.9355E-10 1.0721E-09 1.1651E-09 1.2608E-09 1.3638E-09 1.4808E-09 1.6109E-09 1.7720E-09 1.9440E-09 2.1340E-09 2.3355E-09 2.5549E-09 2.7916E-09 3.0472E-09 3.3237E-09 3.6221E-09 3.9447E-09 4.2916E-09 4.6635E-09 5.0604E-09 5.4912E-09 5.9645E-09 6.4719E-09 6.9947E-09 7.5193E-09 8.0324E-09 8.5251E-09 8.9894E-09 9.4199E-09 9.8138E-09 1.0169E-08 1.0485E-08 1.0763E-08 1.1006E-08 1.1213E-08 1.1387E-08 1.1531E-08 1.1646E-08 1.1733E-08 1.1797E-08 1.1839E-08 1.1859E-08 1.1858E-08 1.1831E-08 1.1780E-08 1.1709E-08 1.1621E-08 1.1518E-08 1.1399E-08 1.1267E-08 1.1121E-08 1.0970E-08 1.0810E-08
7.4316E-10 7.9251E-10 8.5425E-10 9.1143E-10 9.8465E-10 1.0610E-09 1.1545E-09 1.2521E-09 1.3513E-09 1.4647E-09 1.5919E-09 1.7553E-09 1.9273E-09 2.1114E-09 2.3051E-09 2.5217E-09 2.7503E-09 3.0011E-09 3.2734E-09 3.5667E-09 3.8781E-09 4.2147E-09 4.5774E-09 4.9660E-09 5.3850E-09 5.8469E-09 6.3475E-09 6.8643E-09 7.3851E-09 7.8968E-09 8.3891E-09 8.8547E-09 9.2863E-09 9.6810E-09 1.0038E-08 1.0357E-08 1.0639E-08 1.0885E-08 1.1097E-08 1.1276E-08 1.1426E-08 1.1548E-08 1.1645E-08 1.1717E-08 1.1767E-08 1.1797E-08 1.1807E-08 1.1791E-08 1.1751E-08 1.1690E-08 1.1614E-08 1.1518E-08 1.1409E-08 1.1288E-08 1.1155E-08 1.1012E-08 1.0857E-08
7.3686E-10 7.8523E-10 8.4315E-10 9.0975E-10 9.7771E-10 1.0513E-09 1.1451E-09 1.2387E-09 1.3377E-09 1.4476E-09 1.5762E-09 1.7407E-09 1.9087E-09 2.0868E-09 2.2786E-09 2.4871E-09 2.7106E-09 2.9587E-09 3.2222E-09 3.5088E-09 3.8131E-09 4.1405E-09 4.4931E-09 4.8728E-09 5.2812E-09 5.7288E-09 6.2186E-09 6.7297E-09 7.2477E-09 7.7592E-09 8.2504E-09 8.7161E-09 9.1491E-09 9.5465E-09 9.9069E-09 1.0230E-08 1.0516E-08 1.0767E-08 1.0984E-08 1.1170E-08 1.1327E-08 1.1457E-08 1.1562E-08 1.1642E-08 1.1701E-08 1.1740E-08 1.1760E-08 1.1757E-08 1.1729E-08 1.1675E-08 1.1609E-08 1.1525E-08 1.1428E-08 1.1316E-08 1.1190E-08 1.1056E-08 1.0914E-08
7.3088E-10 7.7949E-10 8.3486E-10 9.0213E-10 9.6831E-10 1.0428E-09 1.1349E-09 1.2257E-09 1.3254E-09 1.4352E-09 1.5567E-09 1.7242E-09 1.8909E-09 2.0638E-09 2.2520E-09 2.4513E-09 2.6714E-09 2.9088E-09 3.1712E-09 3.4472E-09 3.7460E-09 4.0678E-09 4.4126E-09 4.7827E-09 5.1793E-09 5.6139E-09 6.0905E-09 6.5940E-09 7.1068E-09 7.6143E-09 8.1049E-09 8.5726E-09 9.0094E-09 9.4114E-09 9.7757E-09 1.0103E-08 1.0394E-08 1.0651E-08 1.0876E-08 1.1069E-08 1.1234E-08 1.1371E-08 1.1482E-08 1.1571E-08 1.1639E-08 1.1683E-08 1.1713E-08 1.1726E-08 1.1709E-08 1.1670E-08 1.1613E-08 1.1539E-08 1.1448E-08 1.1347E-08 1.1233E-08 1.1109E-08 1.0975E-08
7.2589E-10 7.7282E-10 8.3063E-10 8.8964E-10 9.6039E-10 1.0341E-09 1.1209E-09 1.2128E-09 1.3120E-09 1.4236E-09 1.5443E-09 1.7013E-09 1.8674E-09 2.0412E-09 2.2222E-09 2.4189E-09 2.6346E-09 2.8637E-09 3.1176E-09 3.3860E-09 3.6778E-09 3.9926E-09 4.3313E-09 4.6948E-09 5.0824E-09 5.5023E-09 5.9633E-09 6.4577E-09 6.9646E-09 7.4690E-09 7.9597E-09 8.4281E-09 8.8677E-09 9.2719E-09 9.6406E-09 9.9740E-09 1.0272E-08 1.0536E-08 1.0767E-08 1.0967E-08 1.1138E-08 1.1283E-08 1.1403E-08 1.1500E-08 1.1577E-08 1.1635E-08 1.1676E-08 1.1700E-08 1.1693E-08 1.1665E-08 1.1618E-08 1.1555E-08 1.1479E-08 1.1386E-08 1.1279E-08 1.1161E-08 1.1033E-08
7.2056E-10 7.6526E-10 8.2116E-10 8.8589E-10 9.5282E-10 1.0229E-09 1.1099E-09 1.2042E-09 1.3002E-09 1.4109E-09 1.5332E-09 1.6834E-09 1.8441E-09 2.0142E-09 2.1905E-09 2.3868E-09 2.5959E-09 2.8222E-09 3.0639E-09 3.3275E-09 3.6109E-09 3.9180E-09 4.2490E-09 4.6046E-09 4.9846E-09 5.3929E-09 5.8401E-09 6.3240E-09 6.8231E-09 7.3236E-09 7.8137E-09 8.2828E-09 8.7245E-09 9.1335E-09 9.5082E-09 9.8481E-09 1.0153E-08 1.0424E-08 1.0662E-08 1.0869E-08 1.1048E-08 1.1200E-08 1.1327E-08 1.1432E-08 1.1519E-08 1.1587E-08 1.1638E-08 1.1674E-08 1.1685E-08 1.1668E-08 1.1632E-08 1.1579E-08 1.1508E-08 1.1424E-08 1.1326E-08 1.1219E-08 1.1102E-08
7.1730E-10 7.5944E-10 8.1375E-10 8.7416E-10 9.4248E-10 1.0132E-09 1.1019E-09 1.1958E-09 1.2904E-09 1.3973E-09 1.5172E-09 1.6669E-09 1.8228E-09 1.9833E-09 2.1573E-09 2.3474E-09 2.5536E-09 2.7791E-09 3.0139E-09 3.2683E-09 3.5471E-09 3.8453E-09 4.1677E-09 4.5146E-09 4.8855E-09 5.2828E-09 5.7171E-09 6.1907E-09 6.6839E-09 7.1803E-09 7.6686E-09 8.1379E-09 8.5827E-09 8.9964E-09 9.3769E-09 9.7228E-09 1.0034E-08 1.0311E-08 1.0556E-08 1.0771E-08 1.0957E-08 1.1118E-08 1.1255E-08 1.1371E-08 1.1467E-08 1.1544E-08 1.1606E-08 1.1649E-08 1.1675E-08 1.1671E-08 1.1645E-08 1.1600E-08 1.1541E-08 1.1468E-08 1.1381E-08 1.1283E-08 1.1171E-08
7.1266E-10 7.5803E-10 8.0941E-10 8.6475E-10 9.3378E-10 1.0021E-09 1.0876E-09 1.1873E-09 1.2820E-09 1.3856E-09 1.4997E-09 1.6435E-09 1.7992E-09 1.9545E-09 2.1262E-09 2.3063E-09 2.5114E-09 2.7286E-09 2.9641E-09 3.2128E-09 3.4847E-09 3.7757E-09 4.0891E-09 4.4260E-09 4.7881E-09 5.1748E-09 5.5958E-09 6.0560E-09 6.5417E-09 7.0355E-09 7.5244E-09 7.9963E-09 8.4433E-09 8.8607E-09 9.2453E-09 9.5959E-09 9.9127E-09 1.0196E-08 1.0449E-08 1.0671E-08 1.0866E-08 1.1035E-08 1.1182E-08 1.1306E-08 1.1411E-08 1.1499E-08 1.1571E-08 1.1629E-08 1.1667E-08 1.1677E-08 1.1662E-08 1.1628E-08 1.1579E-08 1.1516E-08 1.1435E-08 1.1345E-08 1.1243E-08
7.0657E-10 7.5398E-10 8.0323E-10 8.5997E-10 9.2329E-10 9.9230E-10 1.0807E-09 1.1748E-09 1.2721E-09 1.3775E-09 1.4863E-09 1.6178E-09 1.7728E-09 1.9291E-09 2.0934E-09 2.2719E-09 2.4684E-09 2.6819E-09 2.9104E-09 3.1576E-09 3.4202E-09 3.7067E-09 4.0127E-09 4.3415E-09 4.6937E-09 5.0699E-09 5.4771E-09 5.9241E-09 6.4023E-09 6.8918E-09 7.3785E-09 7.8502E-09 8.2988E-09 8.7200E-09 9.1099E-09 9.4670E-09 9.7908E-09 1.0082E-08 1.0342E-08 1.0573E-08 1.0776E-08 1.0954E-08 1.1107E-08 1.1241E-08 1.1357E-08 1.1455E-08 1.1538E-08 1.1606E-08 1.1661E-08 1.1685E-08 1.1681E-08 1.1655E-08 1.1616E-08 1.1562E-08 1.1492E-08 1.1411E-08 1.1317E-08
7.0020E-10 7.4748E-10 7.9867E-10 8.5315E-10 9.1316E-10 9.8093E-10 1.0761E-09 1.1601E-09 1.2606E-09 1.3661E-09 1.4761E-09 1.5997E-09 1.7472E-09 1.8973E-09 2.0613E-09 2.2401E-09 2.4282E-09 2.6363E-09 2.8564E-09 3.1003E-09 3.3583E-09 3.6360E-09 3.9372E-09 4.2579E-09 4.6018E-09 4.9695E-09 5.3638E-09 5.7957E-09 6.2642E-09 6.7476E-09 7.2314E-09 7.7025E-09 8.1527E-09 8.5781E-09 8.9733E-09 9.3365E-09 9.6671E-09 9.9654E-09 1.0233E-08 1.0472E-08 1.0683E-08 1.0871E-08 1.1035E-08 1.1179E-08 1.1305E-08 1.1414E-08 1.1505E-08 1.1583E-08 1.1648E-08 1.1690E-08 1.1697E-08 1.1684E-08 1.1656E-08 1.1610E-08 1.1547E-08 1.1474E-08 1.1390E-08
6.9593E-10 7.4177E-10 7.9278E-10 8.4910E-10 9.0570E-10 9.7191E-10 1.0611E-09 1.1505E-09 1.2468E-09 1.3509E-09 1.4609E-09 1.5798E-09 1.7233E-09 1.8672E-09 2.0295E-09 2.2015E-09 2.3929E-09 2.5885E-09 2.8067E-09 3.0383E-09 3.2950E-09 3.5669E-09 3.8591E-09 4.1758E-09 4.5116E-09 4.8706E-09 5.2540E-09 5.6723E-09 6.1280E-09 6.6038E-09 7.0830E-09 7.5533E-09 8.0055E-09 8.4342E-09 8.8341E-09 9.2024E-09 9.5390E-09 9.8445E-09 1.0120E-08 1.0367E-08 1.0587E-08 1.0784E-08 1.0958E-08 1.1113E-08 1.1248E-08 1.1367E-08 1.1470E-08 1.1560E-08 1.1636E-08 1.1694E-08 1.1712E-08 1.1711E-08 1.1692E-08 1.1655E-08 1.1605E-08 1.1541E-08 1.1464E-08
6.9113E-10 7.3707E-10 7.8660E-10 8.4264E-10 9.0080E-10 9.6470E-10 1.0505E-09 1.1384E-09 1.2328E-09 1.3348E-09 1.4457E-09 1.5566E-09 1.6991E-09 1.8421E-09 1.9972E-09 2.1671E-09 2.3514E-09 2.5469E-09 2.7577E-09 2.9846E-09 3.2282E-09 3.4984E-09 3.7832E-09 4.0897E-09 4.4213E-09 4.7726E-09 5.1457E-09 5.5502E-09 5.9926E-09 6.4610E-09 6.9362E-09 7.4053E-09 7.8578E-09 8.2879E-09 8.6911E-09 9.0648E-09 9.4077E-09 9.7202E-09 1.0004E-08 1.0259E-08 1.0490E-08 1.0696E-08 1.0880E-08 1.1043E-08 1.1189E-08 1.1318E-08 1.1431E-08 1.1531E-08 1.1618E-08 1.1691E-08 1.1728E-08 1.1738E-08 1.1727E-08 1.1701E-08 1.1661E-08 1.1601E-08 1.1532E-08
6.8566E-10 7.3092E-10 7.8244E-10 8.3594E-10 8.9368E-10 9.5704E-10 1.0402E-09 1.1228E-09 1.2198E-09 1.3167E-09 1.4275E-09 1.5349E-09 1.6731E-09 1.8163E-09 1.9665E-09 2.1335E-09 2.3077E-09 2.5005E-09 2.7034E-09 2.9256E-09 3.1656E-09 3.4208E-09 3.7032E-09 4.0015E-09 4.3209E-09 4.6655E-09 5.0300E-09 5.4216E-09 5.8503E-09 6.3097E-09 6.7796E-09 7.2462E-09 7.6989E-09 8.1307E-09 8.5376E-09 8.9159E-09 9.2647E-09 9.5843E-09 9.8757E-09 1.0140E-08 1.0379E-08 1.0595E-08 1.0789E-08 1.0963E-08 1.1118E-08 1.1258E-08 1.1382E-08 1.1492E-08 1.1590E-08 1.1677E-08 1.1731E-08 1.1753E-08 1.1753E-08 1.1734E-08 1.1704E-08 1.1656E-08 1.1596E-08
6.7764E-10 7.2626E-10 7.7470E-10 8.2890E-10 8.8715E-10 9.4920E-10 1.0288E-09 1.1137E-09 1.2048E-09 1.3046E-09 1.4055E-09 1.5131E-09 1.6457E-09 1.7908E-09 1.9353E-09 2.0985E-09 2.2700E-09 2.4504E-09 2.6529E-09 2.8667E-09 3.1037E-09 3.3535E-09 3.6218E-09 3.9161E-09 4.2268E-09 4.5590E-09 4.9161E-09 5.2949E-09 5.7075E-09 6.1574E-09 6.6219E-09 7.0864E-09 7.5386E-09 7.9716E-09 8.3813E-09 8.7643E-09 9.1192E-09 9.4461E-09 9.7455E-09 1.0018E-08 1.0266E-08 1.0491E-08 1.0694E-08 1.0878E-08 1.1044E-08 1.1194E-08 1.1329E-08 1.1450E-08 1.1558E-08 1.1652E-08 1.1725E-08 1.1760E-08 1.1772E-08 1.1768E-08 1.1746E-08 1.1707E-08 1.1654E-08
6.7105E-10 7.1770E-10 7.7077E-10 8.2255E-10 8.7944E-10 9.4204E-10 1.0187E-09 1.1018E-09 1.1931E-09 1.2890E-09 1.3926E-09 1.4941E-09 1.6168E-09 1.7648E-09 1.9116E-09 2.0643E-09 2.2346E-09 2.4132E-09 2.6062E-09 2.8168E-09 3.0422E-09 3.2906E-09 3.5530E-09 3.8346E-09 4.1422E-09 4.4646E-09 4.8093E-09 5.1761E-09 5.5777E-09 6.0138E-09 6.4709E-09 6.9309E-09 7.3818E-09 7.8158E-09 8.2291E-09 8.6173E-09 8.9790E-09 9.3134E-09 9.6209E-09 9.9021E-09 1.0159E-08 1.0393E-08 1.0606E-08 1.0798E-08 1.0972E-08 1.1132E-08 1.1277E-08 1.1408E-08 1.1527E-08 1.1635E-08 1.1725E-08 1.1775E-08 1.1798E-08 1.1801E-08 1.1787E-08 1.1760E-08 1.1715E-08
