Assets/Resources/2015_m01_d24_0900(utc+0800)_l00_csi_1hr_conc.grd
DSAA
         159         159
     -79.000      79.000
     -79.000      79.000
  0.9548E-10  0.8552E-06
[rows 125 to 149 of 159, columns 57 to 113 of 159]
1.2846E-09 1.3082E-09 1.3318E-09 1.3555E-09 1.3792E-09 1.4029E-09 1.4265E-09 1.4499E-09 1.4732E-09 1.4965E-09 1.5197E-09 1.5427E-09 1.5659E-09 1.5883E-09 1.6109E-09 1.6335E-09 1.6558E-09 1.6775E-09 1.6993E-09 1.7204E-09 1.7412E-09 1.7615E-09 1.7815E-09 1.8014E-09 1.8205E-09 1.8392E-09 1.8569E-09 1.8745E-09 1.8916E-09 1.9080E-09 1.9243E-09 1.9395E-09 1.9541E-09 1.9680E-09 1.9816E-09 1.9941E-09 2.0063E-09 2.0177E-09 2.0283E-09 2.0381E-09 2.0468E-09 2.0546E-09 2.0620E-09 2.0681E-09 2.0734E-09 2.0778E-09 2.0813E-09 2.0838E-09 2.0855E-09 2.0865E-09 2.0866E-09 2.0854E-09 2.0832E-09 2.0800E-09 2.0757E-09 2.0706E-09 2.0642E-09
1.2564E-09 1.2794E-09 1.3024E-09 1.3253E-09 1.3482E-09 1.3710E-09 1.3939E-09 1.4165E-09 1.4393E-09 1.4620E-09 1.4849E-09 1.5076E-09 1.5303E-09 1.5527E-09 1.5746E-09 1.5967E-09 1.6182E-09 1.6394E-09 1.6603E-09 1.6809E-09 1.7012E-09 1.7215E-09 1.7410E-09 1.7598E-09 1.7784E-09 1.7970E-09 1.8148E-09 1.8320E-09 1.8486E-09 1.8651E-09 1.8806E-09 1.8955E-09 1.9098E-09 1.9238E-09 1.9371E-09 1.9496E-09 1.9612E-09 1.9719E-09 1.9819E-09 1.9912E-09 1.9997E-09 2.0074E-09 2.0142E-09 2.0202E-09 2.0258E-09 2.0305E-09 2.0342E-09 2.0371E-09 2.0388E-09 2.0396E-09 2.0394E-09 2.0385E-09 2.0364E-09 2.0332E-09 2.0290E-09 2.0238E-09 2.0175E-09
1.2271E-09 1.2489E-09 1.2714E-09 1.2939E-09 1.3165E-09 1.3391E-09 1.3617E-09 1.3842E-09 1.4067E-09 1.4291E-09 1.4515E-09 1.4733E-09 1.4951E-09 1.5166E-09 1.5380E-09 1.5596E-09 1.5806E-09 1.6013E-09 1.6217E-09 1.6418E-09 1.6620E-09 1.6814E-09 1.7005E-09 1.7192E-09 1.7374E-09 1.7556E-09 1.7729E-09 1.7897E-09 1.8060E-09 1.8217E-09 1.8372E-09 1.8518E-09 1.8658E-09 1.8787E-09 1.8913E-09 1.9033E-09 1.9145E-09 1.9254E-09 1.9352E-09 1.9446E-09 1.9533E-09 1.9611E-09 1.9682E-09 1.9745E-09 1.9799E-09 1.9842E-09 1.9876E-09 1.9902E-09 1.9921E-09 1.9929E-09 1.9927E-09 1.9915E-09 1.9894E-09 1.9863E-09 1.9824E-09 1.9773E-09 1.9712E-09
1.1988E-09 1.2207E-09 1.2427E-09 1.2647E-09 1.2867E-09 1.3088E-09 1.3308E-09 1.3524E-09 1.3740E-09 1.3956E-09 1.4174E-09 1.4387E-09 1.4599E-09 1.4810E-09 1.5019E-09 1.5225E-09 1.5434E-09 1.5639E-09 1.5839E-09 1.6035E-09 1.6228E-09 1.6422E-09 1.6608E-09 1.6790E-09 1.6968E-09 1.7142E-09 1.7311E-09 1.7471E-09 1.7634E-09 1.7788E-09 1.7936E-09 1.8078E-09 1.8218E-09 1.8347E-09 1.8471E-09 1.8587E-09 1.8701E-09 1.8807E-09 1.8906E-09 1.8998E-09 1.9082E-09 1.9159E-09 1.9225E-09 1.9284E-09 1.9334E-09 1.9376E-09 1.9409E-09 1.9434E-09 1.9451E-09 1.9458E-09 1.9458E-09 1.9450E-09 1.9429E-09 1.9399E-09 1.9361E-09 1.9311E-09 1.9251E-09
1.1715E-09 1.1928E-09 1.2143E-09 1.2354E-09 1.2566E-09 1.2777E-09 1.2989E-09 1.3200E-09 1.3407E-09 1.3618E-09 1.3830E-09 1.4042E-09 1.4252E-09 1.4461E-09 1.4668E-09 1.4869E-09 1.5069E-09 1.5266E-09 1.5464E-09 1.5655E-09 1.5844E-09 1.6029E-09 1.6211E-09 1.6388E-09 1.6562E-09 1.6732E-09 1.6897E-09 1.7060E-09 1.7215E-09 1.7365E-09 1.7510E-09 1.7652E-09 1.7785E-09 1.7911E-09 1.8035E-09 1.8152E-09 1.8263E-09 1.8366E-09 1.8460E-09 1.8547E-09 1.8627E-09 1.8699E-09 1.8763E-09 1.8820E-09 1.8869E-09 1.8910E-09 1.8945E-09 1.8972E-09 1.8990E-09 1.8997E-09 1.8998E-09 1.8987E-09 1.8966E-09 1.8936E-09 1.8896E-09 1.8847E-09 1.8790E-09
1.1428E-09 1.1627E-09 1.1836E-09 1.2046E-09 1.2255E-09 1.2465E-09 1.2674E-09 1.2883E-09 1.3092E-09 1.3300E-09 1.3507E-09 1.3713E-09 1.3915E-09 1.4115E-09 1.4314E-09 1.4510E-09 1.4705E-09 1.4897E-09 1.5086E-09 1.5276E-09 1.5460E-09 1.5641E-09 1.5821E-09 1.5995E-09 1.6164E-09 1.6329E-09 1.6490E-09 1.6649E-09 1.6801E-09 1.6946E-09 1.7087E-09 1.7226E-09 1.7356E-09 1.7480E-09 1.7598E-09 1.7710E-09 1.7812E-09 1.7910E-09 1.8004E-09 1.8089E-09 1.8169E-09 1.8242E-09 1.8307E-09 1.8365E-09 1.8415E-09 1.8457E-09 1.8489E-09 1.8512E-09 1.8530E-09 1.8537E-09 1.8534E-09 1.8523E-09 1.8502E-09 1.8473E-09 1.8436E-09 1.8387E-09 1.8330E-09
1.1153E-09 1.1356E-09 1.1560E-09 1.1764E-09 1.1968E-09 1.2172E-09 1.2376E-09 1.2580E-09 1.2780E-09 1.2979E-09 1.3178E-09 1.3376E-09 1.3572E-09 1.3767E-09 1.3960E-09 1.4152E-09 1.4345E-09 1.4535E-09 1.4723E-09 1.4905E-09 1.5084E-09 1.5260E-09 1.5432E-09 1.5605E-09 1.5770E-09 1.5930E-09 1.6087E-09 1.6236E-09 1.6384E-09 1.6530E-09 1.6668E-09 1.6800E-09 1.6927E-09 1.7051E-09 1.7165E-09 1.7274E-09 1.7376E-09 1.7474E-09 1.7565E-09 1.7650E-09 1.7728E-09 1.7799E-09 1.7862E-09 1.7916E-09 1.7962E-09 1.8000E-09 1.8031E-09 1.8053E-09 1.8068E-09 1.8076E-09 1.8073E-09 1.8062E-09 1.8044E-09 1.8015E-09 1.7976E-09 1.7931E-09 1.7874E-09
1.0890E-09 1.1088E-09 1.1286E-09 1.1485E-09 1.1680E-09 1.1876E-09 1.2072E-09 1.2267E-09 1.2462E-09 1.2653E-09 1.2846E-09 1.3042E-09 1.3237E-09 1.3430E-09 1.3621E-09 1.3811E-09 1.3995E-09 1.4177E-09 1.4357E-09 1.4534E-09 1.4712E-09 1.4883E-09 1.5051E-09 1.5215E-09 1.5376E-09 1.5533E-09 1.5687E-09 1.5835E-09 1.5982E-09 1.6121E-09 1.6255E-09 1.6384E-09 1.6510E-09 1.6627E-09 1.6738E-09 1.6846E-09 1.6948E-09 1.7044E-09 1.7132E-09 1.7212E-09 1.7285E-09 1.7351E-09 1.7410E-09 1.7462E-09 1.7507E-09 1.7544E-09 1.7573E-09 1.7597E-09 1.7613E-09 1.7621E-09 1.7618E-09 1.7607E-09 1.7589E-09 1.7560E-09 1.7521E-09 1.7474E-09 1.7418E-09
1.0620E-09 1.0810E-09 1.0997E-09 1.1184E-09 1.1378E-09 1.1572E-09 1.1765E-09 1.1959E-09 1.2151E-09 1.2344E-09 1.2535E-09 1.2725E-09 1.2911E-09 1.3099E-09 1.3283E-09 1.3464E-09 1.3643E-09 1.3821E-09 1.3995E-09 1.4168E-09 1.4341E-09 1.4507E-09 1.4671E-09 1.4835E-09 1.4992E-09 1.5145E-09 1.5294E-09 1.5438E-09 1.5581E-09 1.5716E-09 1.5846E-09 1.5971E-09 1.6093E-09 1.6210E-09 1.6316E-09 1.6418E-09 1.6514E-09 1.6602E-09 1.6688E-09 1.6765E-09 1.6836E-09 1.6903E-09 1.6962E-09 1.7015E-09 1.7061E-09 1.7099E-09 1.7129E-09 1.7150E-09 1.7163E-09 1.7167E-09 1.7166E-09 1.7155E-09 1.7134E-09 1.7105E-09 1.7067E-09 1.7021E-09 1.6965E-09
1.0349E-09 1.0537E-09 1.0725E-09 1.0913E-09 1.1101E-09 1.1290E-09 1.1478E-09 1.1666E-09 1.1854E-09 1.2038E-09 1.2221E-09 1.2403E-09 1.2584E-09 1.2763E-09 1.2941E-09 1.3118E-09 1.3296E-09 1.3468E-09 1.3641E-09 1.3812E-09 1.3978E-09 1.4141E-09 1.4300E-09 1.4456E-09 1.4611E-09 1.4760E-09 1.4905E-09 1.5045E-09 1.5179E-09 1.5313E-09 1.5439E-09 1.5561E-09 1.5677E-09 1.5790E-09 1.5895E-09 1.5994E-09 1.6087E-09 1.6177E-09 1.6258E-09 1.6336E-09 1.6407E-09 1.6471E-09 1.6529E-09 1.6579E-09 1.6621E-09 1.6655E-09 1.6682E-09 1.6701E-09 1.6713E-09 1.6717E-09 1.6713E-09 1.6701E-09 1.6683E-09 1.6654E-09 1.6619E-09 1.6573E-09 1.6519E-09
1.0096E-09 1.0279E-09 1.0461E-09 1.0645E-09 1.0828E-09 1.1008E-09 1.1188E-09 1.1368E-09 1.1547E-09 1.1726E-09 1.1904E-09 1.2081E-09 1.2257E-09 1.2435E-09 1.2611E-09 1.2786E-09 1.2959E-09 1.3127E-09 1.3293E-09 1.3457E-09 1.3618E-09 1.3778E-09 1.3933E-09 1.4085E-09 1.4233E-09 1.4377E-09 1.4518E-09 1.4654E-09 1.4789E-09 1.4916E-09 1.5039E-09 1.5157E-09 1.5272E-09 1.5379E-09 1.5481E-09 1.5577E-09 1.5669E-09 1.5756E-09 1.5837E-09 1.5910E-09 1.5976E-09 1.6036E-09 1.6089E-09 1.6135E-09 1.6175E-09 1.6208E-09 1.6233E-09 1.6254E-09 1.6268E-09 1.6273E-09 1.6271E-09 1.6259E-09 1.6238E-09 1.6209E-09 1.6172E-09 1.6127E-09 1.6073E-09
9.8428E-10 1.0017E-09 1.0192E-09 1.0368E-09 1.0540E-09 1.0712E-09 1.0890E-09 1.1068E-09 1.1245E-09 1.1422E-09 1.1598E-09 1.1774E-09 1.1948E-09 1.2120E-09 1.2289E-09 1.2456E-09 1.2622E-09 1.2785E-09 1.2947E-09 1.3108E-09 1.3264E-09 1.3417E-09 1.3568E-09 1.3717E-09 1.3861E-09 1.4001E-09 1.4138E-09 1.4270E-09 1.4400E-09 1.4524E-09 1.4643E-09 1.4757E-09 1.4866E-09 1.4972E-09 1.5071E-09 1.5161E-09 1.5249E-09 1.5330E-09 1.5406E-09 1.5479E-09 1.5542E-09 1.5600E-09 1.5654E-09 1.5701E-09 1.5741E-09 1.5775E-09 1.5802E-09 1.5819E-09 1.5829E-09 1.5834E-09 1.5829E-09 1.5816E-09 1.5795E-09 1.5766E-09 1.5729E-09 1.5684E-09 1.5632E-09
9.5759E-10 9.7487E-10 9.9217E-10 1.0095E-09 1.0268E-09 1.0442E-09 1.0615E-09 1.0787E-09 1.0960E-09 1.1131E-09 1.1300E-09 1.1468E-09 1.1634E-09 1.1802E-09 1.1966E-09 1.2129E-09 1.2289E-09 1.2448E-09 1.2604E-09 1.2761E-09 1.2915E-09 1.3064E-09 1.3209E-09 1.3352E-09 1.3494E-09 1.3630E-09 1.3762E-09 1.3890E-09 1.4014E-09 1.4134E-09 1.4249E-09 1.4360E-09 1.4465E-09 1.4566E-09 1.4663E-09 1.4753E-09 1.4838E-09 1.4916E-09 1.4990E-09 1.5060E-09 1.5123E-09 1.5181E-09 1.5233E-09 1.5276E-09 1.5314E-09 1.5344E-09 1.5367E-09 1.5383E-09 1.5392E-09 1.5394E-09 1.5388E-09 1.5374E-09 1.5356E-09 1.5328E-09 1.5292E-09 1.5250E-09 1.5199E-09
9.3336E-10 9.5014E-10 9.6695E-10 9.8377E-10 1.0006E-09 1.0174E-09 1.0340E-09 1.0505E-09 1.0671E-09 1.0835E-09 1.0999E-09 1.1162E-09 1.1323E-09 1.1484E-09 1.1645E-09 1.1805E-09 1.1963E-09 1.2119E-09 1.2271E-09 1.2421E-09 1.2568E-09 1.2714E-09 1.2856E-09 1.2994E-09 1.3129E-09 1.3260E-09 1.3391E-09 1.3513E-09 1.3633E-09 1.3751E-09 1.3863E-09 1.3969E-09 1.4072E-09 1.4169E-09 1.4263E-09 1.4350E-09 1.4431E-09 1.4510E-09 1.4583E-09 1.4648E-09 1.4707E-09 1.4760E-09 1.4807E-09 1.4848E-09 1.4880E-09 1.4908E-09 1.4932E-09 1.4950E-09 1.4960E-09 1.4963E-09 1.4958E-09 1.4945E-09 1.4926E-09 1.4898E-09 1.4863E-09 1.4819E-09 1.4768E-09
9.0942E-10 9.2571E-10 9.4181E-10 9.5792E-10 9.7404E-10 9.8993E-10 1.0060E-09 1.0221E-09 1.0381E-09 1.0543E-09 1.0704E-09 1.0864E-09 1.1023E-09 1.1181E-09 1.1338E-09 1.1491E-09 1.1642E-09 1.1791E-09 1.1938E-09 1.2085E-09 1.2227E-09 1.2367E-09 1.2504E-09 1.2638E-09 1.2769E-09 1.2898E-09 1.3022E-09 1.3142E-09 1.3259E-09 1.3373E-09 1.3481E-09 1.3584E-09 1.3680E-09 1.3772E-09 1.3863E-09 1.3947E-09 1.4025E-09 1.4099E-09 1.4169E-09 1.4231E-09 1.4288E-09 1.4339E-09 1.4387E-09 1.4428E-09 1.4463E-09 1.4492E-09 1.4515E-09 1.4530E-09 1.4538E-09 1.4538E-09 1.4532E-09 1.4519E-09 1.4498E-09 1.4471E-09 1.4436E-09 1.4392E-09 1.4342E-09
8.8407E-10 8.9990E-10 9.1574E-10 9.3160E-10 9.4746E-10 9.6331E-10 9.7914E-10 9.9493E-10 1.0107E-09 1.0264E-09 1.0420E-09 1.0575E-09 1.0727E-09 1.0878E-09 1.1028E-09 1.1176E-09 1.1322E-09 1.1466E-09 1.1609E-09 1.1749E-09 1.1889E-09 1.2027E-09 1.2159E-09 1.2289E-09 1.2416E-09 1.2541E-09 1.2661E-09 1.2777E-09 1.2889E-09 1.2998E-09 1.3099E-09 1.3199E-09 1.3294E-09 1.3387E-09 1.3473E-09 1.3554E-09 1.3629E-09 1.3702E-09 1.3768E-09 1.3827E-09 1.3884E-09 1.3935E-09 1.3981E-09 1.4019E-09 1.4051E-09 1.4077E-09 1.4097E-09 1.4110E-09 1.4117E-09 1.4117E-09 1.4110E-09 1.4097E-09 1.4078E-09 1.4049E-09 1.4014E-09 1.3971E-09 1.3921E-09
8.6087E-10 8.7621E-10 8.9158E-10 9.0696E-10 9.2233E-10 9.3770E-10 9.5304E-10 9.6835E-10 9.8340E-10 9.9839E-10 1.0133E-09 1.0281E-09 1.0429E-09 1.0575E-09 1.0720E-09 1.0863E-09 1.1007E-09 1.1149E-09 1.1289E-09 1.1425E-09 1.1558E-09 1.1689E-09 1.1820E-09 1.1945E-09 1.2067E-09 1.2186E-09 1.2302E-09 1.2412E-09 1.2523E-09 1.2627E-09 1.2728E-09 1.2824E-09 1.2916E-09 1.3005E-09 1.3088E-09 1.3166E-09 1.3238E-09 1.3309E-09 1.3372E-09 1.3431E-09 1.3483E-09 1.3530E-09 1.3572E-09 1.3607E-09 1.3639E-09 1.3664E-09 1.3684E-09 1.3697E-09 1.3704E-09 1.3703E-09 1.3697E-09 1.3682E-09 1.3661E-09 1.3633E-09 1.3597E-09 1.3555E-09 1.3505E-09
8.3795E-10 8.5283E-10 8.6773E-10 8.8242E-10 8.9711E-10 9.1179E-10 9.2644E-10 9.4107E-10 9.5543E-10 9.6995E-10 9.8462E-10 9.9921E-10 1.0137E-09 1.0281E-09 1.0423E-09 1.0564E-09 1.0701E-09 1.0836E-09 1.0969E-09 1.1101E-09 1.1230E-09 1.1358E-09 1.1482E-09 1.1603E-09 1.1722E-09 1.1837E-09 1.1949E-09 1.2057E-09 1.2164E-09 1.2265E-09 1.2362E-09 1.2454E-09 1.2541E-09 1.2626E-09 1.2704E-09 1.2781E-09 1.2852E-09 1.2919E-09 1.2980E-09 1.3037E-09 1.3088E-09 1.3133E-09 1.3174E-09 1.3210E-09 1.3240E-09 1.3264E-09 1.3281E-09 1.3291E-09 1.3296E-09 1.3294E-09 1.3285E-09 1.3272E-09 1.3250E-09 1.3221E-09 1.3185E-09 1.3144E-09 1.3095E-09
8.1432E-10 8.2811E-10 8.4256E-10 8.5700E-10 8.7145E-10 8.8588E-10 9.0029E-10 9.1467E-10 9.2900E-10 9.4327E-10 9.5746E-10 9.7157E-10 9.8537E-10 9.9905E-10 1.0128E-09 1.0262E-09 1.0395E-09 1.0526E-09 1.0655E-09 1.0781E-09 1.0906E-09 1.1031E-09 1.1150E-09 1.1267E-09 1.1384E-09 1.1495E-09 1.1603E-09 1.1707E-09 1.1808E-09 1.1905E-09 1.1999E-09 1.2087E-09 1.2173E-09 1.2255E-09 1.2334E-09 1.2406E-09 1.2475E-09 1.2538E-09 1.2598E-09 1.2651E-09 1.2701E-09 1.2745E-09 1.2783E-09 1.2815E-09 1.2842E-09 1.2863E-09 1.2879E-09 1.2888E-09 1.2891E-09 1.2888E-09 1.2880E-09 1.2865E-09 1.2844E-09 1.2815E-09 1.2780E-09 1.2738E-09 1.2690E-09
7.9153E-10 8.0550E-10 8.1949E-10 8.3348E-10 8.4746E-10 8.6143E-10 8.7537E-10 8.8928E-10 9.0294E-10 9.1674E-10 9.3027E-10 9.4371E-10 9.5705E-10 9.7028E-10 9.8339E-10 9.9613E-10 1.0092E-09 1.0220E-09 1.0347E-09 1.0469E-09 1.0590E-09 1.0708E-09 1.0826E-09 1.0938E-09 1.1049E-09 1.1156E-09 1.1260E-09 1.1359E-09 1.1457E-09 1.1553E-09 1.1644E-09 1.1731E-09 1.1813E-09 1.1893E-09 1.1967E-09 1.2037E-09 1.2102E-09 1.2161E-09 1.2217E-09 1.2268E-09 1.2313E-09 1.2354E-09 1.2391E-09 1.2421E-09 1.2448E-09 1.2469E-09 1.2484E-09 1.2493E-09 1.2495E-09 1.2492E-09 1.2483E-09 1.2467E-09 1.2444E-09 1.2415E-09 1.2380E-09 1.2337E-09 1.2289E-09
7.6968E-10 7.8321E-10 7.9674E-10 8.1028E-10 8.2360E-10 8.3691E-10 8.5020E-10 8.6345E-10 8.7644E-10 8.8959E-10 9.0267E-10 9.1588E-10 9.2899E-10 9.4199E-10 9.5486E-10 9.6760E-10 9.7997E-10 9.9217E-10 1.0042E-09 1.0160E-09 1.0278E-09 1.0392E-09 1.0504E-09 1.0613E-09 1.0717E-09 1.0823E-09 1.0924E-09 1.1022E-09 1.1116E-09 1.1208E-09 1.1296E-09 1.1378E-09 1.1457E-09 1.1531E-09 1.1602E-09 1.1669E-09 1.1731E-09 1.1790E-09 1.1844E-09 1.1892E-09 1.1936E-09 1.1976E-09 1.2011E-09 1.2041E-09 1.2066E-09 1.2084E-09 1.2096E-09 1.2103E-09 1.2104E-09 1.2099E-09 1.2089E-09 1.2072E-09 1.2049E-09 1.2020E-09 1.1985E-09 1.1944E-09 1.1896E-09
7.4755E-10 7.6024E-10 7.7273E-10 7.8583E-10 7.9893E-10 8.1201E-10 8.2506E-10 8.3808E-10 8.5105E-10 8.6396E-10 8.7680E-10 8.8956E-10 9.0201E-10 9.1435E-10 9.2679E-10 9.3888E-10 9.5082E-10 9.6259E-10 9.7419E-10 9.8559E-10 9.9679E-10 1.0080E-09 1.0188E-09 1.0294E-09 1.0397E-09 1.0497E-09 1.0596E-09 1.0690E-09 1.0781E-09 1.0867E-09 1.0949E-09 1.1029E-09 1.1107E-09 1.1179E-09 1.1247E-09 1.1311E-09 1.1372E-09 1.1427E-09 1.1477E-09 1.1525E-09 1.1566E-09 1.1603E-09 1.1635E-09 1.1662E-09 1.1683E-09 1.1700E-09 1.1711E-09 1.1716E-09 1.1718E-09 1.1712E-09 1.1702E-09 1.1685E-09 1.1662E-09 1.1632E-09 1.1597E-09 1.1556E-09 1.1509E-09
7.2545E-10 7.3811E-10 7.5078E-10 7.6345E-10 7.7610E-10 7.8874E-10 8.0135E-10 8.1393E-10 8.2625E-10 8.3852E-10 8.5071E-10 8.6283E-10 8.7485E-10 8.8677E-10 8.9856E-10 9.1022E-10 9.2195E-10 9.3352E-10 9.4491E-10 9.5599E-10 9.6687E-10 9.7753E-10 9.8796E-10 9.9814E-10 1.0082E-09 1.0178E-09 1.0270E-09 1.0361E-09 1.0448E-09 1.0532E-09 1.0612E-09 1.0690E-09 1.0763E-09 1.0832E-09 1.0896E-09 1.0956E-09 1.1011E-09 1.1065E-09 1.1113E-09 1.1157E-09 1.1196E-09 1.1232E-09 1.1262E-09 1.1288E-09 1.1310E-09 1.1326E-09 1.1336E-09 1.1340E-09 1.1339E-09 1.1333E-09 1.1322E-09 1.1304E-09 1.1280E-09 1.1250E-09 1.1215E-09 1.1174E-09 1.1127E-09
7.0469E-10 7.1692E-10 7.2916E-10 7.4140E-10 7.5343E-10 7.6544E-10 7.7722E-10 7.8917E-10 8.0107E-10 8.1271E-10 8.2469E-10 8.3659E-10 8.4839E-10 8.6009E-10 8.7167E-10 8.8300E-10 8.9430E-10 9.0533E-10 9.1619E-10 9.2686E-10 9.3733E-10 9.4759E-10 9.5762E-10 9.6740E-10 9.7694E-10 9.8620E-10 9.9518E-10 1.0040E-09 1.0124E-09 1.0204E-09 1.0280E-09 1.0353E-09 1.0423E-09 1.0488E-09 1.0550E-09 1.0608E-09 1.0664E-09 1.0714E-09 1.0759E-09 1.0801E-09 1.0839E-09 1.0873E-09 1.0901E-09 1.0924E-09 1.0942E-09 1.0956E-09 1.0964E-09 1.0968E-09 1.0965E-09 1.0958E-09 1.0945E-09 1.0928E-09 1.0905E-09 1.0875E-09 1.0840E-09 1.0799E-09 1.0753E-09
6.8270E-10 6.9452E-10 7.0636E-10 7.1818E-10 7.3000E-10 7.4179E-10 7.5356E-10 7.6529E-10 7.7697E-10 7.8859E-10 8.0014E-10 8.1162E-10 8.2288E-10 8.3404E-10 8.4508E-10 8.5600E-10 8.6677E-10 8.7739E-10 8.8783E-10 8.9810E-10 9.0829E-10 9.1816E-10 9.2780E-10 9.3721E-10 9.4649E-10 9.5538E-10 9.6400E-10 9.7232E-10 9.8021E-10 9.8792E-10 9.9516E-10 1.0023E-09 1.0090E-09 1.0153E-09 1.0212E-09 1.0269E-09 1.0321E-09 1.0367E-09 1.0410E-09 1.0449E-09 1.0483E-09 1.0514E-09 1.0540E-09 1.0561E-09 1.0579E-09 1.0592E-09 1.0601E-09 1.0603E-09 1.0600E-09 1.0592E-09 1.0579E-09 1.0561E-09 1.0537E-09 1.0507E-09 1.0471E-09 1.0429E-09 1.0385E-09
