Assets/Resources/2015_m01_d14_1800(utc+0800)_l00_csi_1hr_conc.grd
DSAA
         159         159
     -79.000      79.000
     -79.000      79.000
  0.0000E+00  0.4965E-04
[rows 0 to 24 of 159, columns 57 to 113 of 159]
4.5938E-09 4.3617E-09 4.1395E-09 3.9255E-09 3.7209E-09 3.5256E-09 3.3413E-09 3.1664E-09 3.0004E-09 2.8433E-09 2.6957E-09 2.5555E-09 2.4221E-09 2.2932E-09 2.1721E-09 2.0619E-09 1.9548E-09 1.8548E-09 1.7613E-09 1.6726E-09 1.5908E-09 1.5098E-09 1.4328E-09 1.3632E-09 1.2951E-09 1.2306E-09 1.1728E-09 1.1155E-09 1.0614E-09 9.9506E-10 9.3289E-10 8.7658E-10 8.0276E-10 7.5345E-10 7.0864E-10 6.4790E-10 6.0817E-10 5.8693E-10 5.3303E-10 5.1463E-10 4.9660E-10 4.7893E-10 4.6165E-10 4.4474E-10 4.2823E-10 4.1210E-10 3.9637E-10 3.8103E-10 3.6609E-10 3.2820E-10 3.1520E-10 3.0256E-10 2.6812E-10 2.5724E-10 2.2590E-10 1.8869E-10 1.8096E-10
4.7436E-09 4.5016E-09 4.2688E-09 4.0449E-09 3.8309E-09 3.6270E-09 3.4344E-09 3.2514E-09 3.0783E-09 2.9150E-09 2.7592E-09 2.6118E-09 2.4730E-09 2.3409E-09 2.2128E-09 2.0968E-09 1.9854E-09 1.8815E-09 1.7841E-09 1.6922E-09 1.6101E-09 1.5290E-09 1.4478E-09 1.3750E-09 1.3069E-09 1.2410E-09 1.1803E-09 1.1224E-09 1.0684E-09 9.9993E-10 9.3622E-10 8.7944E-10 8.0536E-10 7.5515E-10 7.1019E-10 6.4923E-10 6.0938E-10 5.8809E-10 5.3401E-10 5.1557E-10 4.9750E-10 4.7980E-10 4.6249E-10 4.4555E-10 4.2900E-10 4.1285E-10 3.9708E-10 3.8172E-10 3.6675E-10 3.2878E-10 3.1575E-10 3.0308E-10 2.6857E-10 2.5767E-10 2.2627E-10 1.8897E-10 1.8123E-10
4.9021E-09 4.6496E-09 4.4064E-09 4.1728E-09 3.9493E-09 3.7364E-09 3.5348E-09 3.3434E-09 3.1621E-09 2.9908E-09 2.8283E-09 2.6744E-09 2.5276E-09 2.3901E-09 2.2583E-09 2.1359E-09 2.0196E-09 1.9128E-09 1.8125E-09 1.7130E-09 1.6263E-09 1.5448E-09 1.4646E-09 1.3868E-09 1.3167E-09 1.2514E-09 1.1872E-09 1.1280E-09 1.0758E-09 1.0041E-09 9.3939E-10 9.0081E-10 8.0751E-10 7.5642E-10 7.1131E-10 6.5018E-10 6.1023E-10 5.8890E-10 5.3468E-10 5.1622E-10 4.9813E-10 4.8041E-10 4.6307E-10 4.4611E-10 4.2954E-10 4.1336E-10 3.9758E-10 3.8219E-10 3.6720E-10 3.2917E-10 3.1613E-10 3.0344E-10 2.6887E-10 2.5796E-10 2.2651E-10 1.8915E-10 1.8141E-10
5.0592E-09 4.7965E-09 4.5429E-09 4.2994E-09 4.0660E-09 3.8442E-09 3.6335E-09 3.4334E-09 3.2433E-09 3.0640E-09 2.8941E-09 2.7333E-09 2.5814E-09 2.4369E-09 2.2990E-09 2.1726E-09 2.0510E-09 1.9390E-09 1.8349E-09 1.7362E-09 1.6463E-09 1.5593E-09 1.4779E-09 1.3982E-09 1.3260E-09 1.2598E-09 1.1949E-09 1.1335E-09 1.0803E-09 1.0090E-09 9.4204E-10 9.0276E-10 8.0914E-10 7.5725E-10 7.1198E-10 6.5074E-10 6.1072E-10 5.8938E-10 5.3506E-10 5.1659E-10 4.9848E-10 4.8075E-10 4.6340E-10 4.4643E-10 4.2984E-10 4.1365E-10 3.9786E-10 3.8246E-10 3.6746E-10 3.2938E-10 3.1633E-10 3.0364E-10 2.6903E-10 2.5811E-10 2.2663E-10 1.8923E-10 1.8149E-10
5.2204E-09 4.9472E-09 4.6829E-09 4.4296E-09 4.1864E-09 3.9551E-09 3.7346E-09 3.5253E-09 3.3266E-09 3.1392E-09 2.9614E-09 2.7933E-09 2.6349E-09 2.4851E-09 2.3418E-09 2.2095E-09 2.0859E-09 1.9674E-09 1.8571E-09 1.7554E-09 1.6635E-09 1.5755E-09 1.4895E-09 1.4109E-09 1.3331E-09 1.2659E-09 1.2019E-09 1.1381E-09 1.0839E-09 1.0133E-09 9.4412E-10 9.0414E-10 8.1011E-10 7.5769E-10 7.1222E-10 6.5092E-10 6.1086E-10 5.8951E-10 5.3514E-10 5.1667E-10 4.9856E-10 4.8082E-10 4.6346E-10 4.4649E-10 4.2990E-10 4.1371E-10 3.9791E-10 3.8251E-10 3.6751E-10 3.2941E-10 3.1636E-10 3.0367E-10 2.6904E-10 2.5812E-10 2.2663E-10 1.8922E-10 1.8147E-10
5.3855E-09 5.1020E-09 4.8272E-09 4.5639E-09 4.3102E-09 4.0688E-09 3.8385E-09 3.6200E-09 3.4123E-09 3.2163E-09 3.0308E-09 2.8554E-09 2.6898E-09 2.5337E-09 2.3854E-09 2.2482E-09 2.1179E-09 1.9983E-09 1.8854E-09 1.7767E-09 1.6799E-09 1.5895E-09 1.5023E-09 1.4218E-09 1.3440E-09 1.2712E-09 1.2070E-09 1.1425E-09 1.0871E-09 1.0160E-09 9.4679E-10 9.0527E-10 8.1057E-10 7.5767E-10 7.2992E-10 6.5071E-10 6.1065E-10 5.8930E-10 5.3493E-10 5.1646E-10 4.9835E-10 4.8062E-10 4.6327E-10 4.4630E-10 4.2973E-10 4.1354E-10 3.9775E-10 3.8235E-10 3.6735E-10 3.2927E-10 3.1622E-10 3.0353E-10 2.6891E-10 2.5800E-10 2.2651E-10 1.8910E-10 1.8135E-10
5.5553E-09 5.2612E-09 4.9753E-09 4.7012E-09 4.4369E-09 4.1852E-09 3.9447E-09 3.7163E-09 3.4997E-09 3.2952E-09 3.1012E-09 2.9177E-09 2.7450E-09 2.5824E-09 2.4277E-09 2.2849E-09 2.1492E-09 2.0238E-09 1.9080E-09 1.7977E-09 1.6971E-09 1.6036E-09 1.5137E-09 1.4311E-09 1.3524E-09 1.2772E-09 1.2103E-09 1.1475E-09 1.0887E-09 1.0174E-09 9.4901E-10 9.0562E-10 8.1053E-10 7.5717E-10 7.2927E-10 6.5011E-10 6.1007E-10 5.8875E-10 5.3441E-10 5.1596E-10 4.9787E-10 4.8016E-10 4.6282E-10 4.4587E-10 4.2931E-10 4.1314E-10 3.9736E-10 3.8198E-10 3.6699E-10 3.2894E-10 3.1591E-10 3.0323E-10 2.6863E-10 2.5773E-10 2.2627E-10 1.8888E-10 1.8114E-10
5.7346E-09 5.4294E-09 5.1325E-09 4.8475E-09 4.5722E-09 4.3096E-09 4.0586E-09 3.8205E-09 3.5944E-09 3.3801E-09 3.1770E-09 2.9854E-09 2.8053E-09 2.6347E-09 2.4738E-09 2.3254E-09 2.1871E-09 2.0558E-09 1.9348E-09 1.8172E-09 1.7118E-09 1.6169E-09 1.5249E-09 1.4407E-09 1.3607E-09 1.2822E-09 1.2134E-09 1.1501E-09 1.0904E-09 1.0177E-09 9.4982E-10 9.0617E-10 8.1006E-10 7.5625E-10 7.1029E-10 6.4913E-10 6.0915E-10 5.8785E-10 5.3360E-10 5.1517E-10 4.9711E-10 4.7943E-10 4.6212E-10 4.4519E-10 4.2865E-10 4.1251E-10 3.9675E-10 3.8139E-10 3.6643E-10 3.2843E-10 3.1542E-10 3.0276E-10 2.6821E-10 2.5732E-10 2.2590E-10 1.8856E-10 1.8084E-10
5.9134E-09 5.5973E-09 5.2893E-09 4.9927E-09 4.7062E-09 4.4330E-09 4.1715E-09 3.9230E-09 3.6863E-09 3.4625E-09 3.2507E-09 3.0507E-09 2.8623E-09 2.6863E-09 2.5179E-09 2.3628E-09 2.2185E-09 2.0832E-09 1.9604E-09 1.8396E-09 1.7273E-09 1.6280E-09 1.5347E-09 1.4470E-09 1.3665E-09 1.2893E-09 1.2153E-09 1.1508E-09 1.0924E-09 1.0174E-09 9.4894E-10 9.0672E-10 8.0902E-10 7.5484E-10 7.0877E-10 6.4776E-10 6.0787E-10 5.8662E-10 5.3249E-10 5.1410E-10 4.9608E-10 4.7843E-10 4.6115E-10 4.4426E-10 4.2776E-10 4.1165E-10 3.9592E-10 3.8060E-10 3.6567E-10 3.2774E-10 3.1476E-10 3.0212E-10 2.6764E-10 2.5678E-10 2.2541E-10 1.8814E-10 1.8044E-10
6.0958E-09 5.7686E-09 5.4492E-09 5.1411E-09 4.8435E-09 4.5594E-09 4.2867E-09 4.0269E-09 3.7802E-09 3.5469E-09 3.3256E-09 3.1168E-09 2.9212E-09 2.7380E-09 2.5651E-09 2.4018E-09 2.2549E-09 2.1120E-09 1.9819E-09 1.8601E-09 1.7430E-09 1.6406E-09 1.5428E-09 1.4537E-09 1.3708E-09 1.2933E-09 1.2178E-09 1.1511E-09 1.0927E-09 1.0166E-09 9.4703E-10 8.8738E-10 8.0759E-10 7.5293E-10 7.0682E-10 6.4601E-10 6.0624E-10 5.8505E-10 5.3109E-10 5.1275E-10 4.9477E-10 4.7717E-10 4.5994E-10 4.4309E-10 4.2663E-10 4.1056E-10 3.9488E-10 3.7959E-10 3.6470E-10 3.2687E-10 3.1392E-10 3.0132E-10 2.6693E-10 2.5610E-10 2.2481E-10 1.8763E-10 1.7994E-10
6.2825E-09 5.9439E-09 5.6133E-09 5.2937E-09 4.9848E-09 4.6887E-09 4.4046E-09 4.1341E-09 3.8772E-09 3.6334E-09 3.4027E-09 3.1859E-09 2.9822E-09 2.7915E-09 2.6129E-09 2.4434E-09 2.2892E-09 2.1439E-09 2.0074E-09 1.8818E-09 1.7604E-09 1.6509E-09 1.5521E-09 1.4586E-09 1.3735E-09 1.2963E-09 1.2202E-09 1.1500E-09 1.0922E-09 1.0164E-09 9.4435E-10 8.8573E-10 8.0640E-10 7.5046E-10 7.0444E-10 6.4389E-10 6.0426E-10 5.8314E-10 5.2939E-10 5.1111E-10 4.9319E-10 4.7564E-10 4.5847E-10 4.4168E-10 4.2527E-10 4.0925E-10 3.9362E-10 3.7838E-10 3.6353E-10 3.2583E-10 3.1292E-10 3.0036E-10 2.6607E-10 2.5528E-10 2.2408E-10 1.8701E-10 1.7935E-10
6.4788E-09 6.1288E-09 5.7867E-09 5.4551E-09 5.1334E-09 4.8254E-09 4.5299E-09 4.2479E-09 3.9795E-09 3.7254E-09 3.4855E-09 3.2593E-09 3.0469E-09 2.8486E-09 2.6636E-09 2.4861E-09 2.3226E-09 2.1733E-09 2.0309E-09 1.8990E-09 1.7751E-09 1.6617E-09 1.5582E-09 1.4633E-09 1.3771E-09 1.2979E-09 1.2224E-09 1.1483E-09 1.0703E-09 1.0162E-09 9.4090E-10 8.8255E-10 8.0534E-10 7.4742E-10 7.0163E-10 6.4139E-10 6.0194E-10 5.8090E-10 5.2741E-10 5.0919E-10 4.9134E-10 4.7386E-10 4.5675E-10 4.4002E-10 4.2367E-10 4.0771E-10 3.9214E-10 3.7696E-10 3.6217E-10 3.2462E-10 3.1175E-10 2.9924E-10 2.6508E-10 2.5432E-10 2.2324E-10 1.8630E-10 1.7867E-10
6.6739E-09 6.3125E-09 5.9587E-09 5.6145E-09 5.2813E-09 4.9616E-09 4.6541E-09 4.3604E-09 4.0816E-09 3.8177E-09 3.5678E-09 3.3324E-09 3.1121E-09 2.9057E-09 2.7123E-09 2.5297E-09 2.3583E-09 2.2030E-09 2.0553E-09 1.9180E-09 1.7912E-09 1.6719E-09 1.5648E-09 1.4664E-09 1.3788E-09 1.2985E-09 1.2228E-09 1.1459E-09 1.0671E-09 1.0145E-09 9.3682E-10 8.7872E-10 8.0344E-10 7.4383E-10 6.9840E-10 6.3852E-10 5.9927E-10 5.7833E-10 5.2514E-10 5.0700E-10 4.8923E-10 4.7182E-10 4.5478E-10 4.3812E-10 4.2185E-10 4.0596E-10 3.9045E-10 3.7534E-10 3.6061E-10 3.2323E-10 3.1042E-10 2.9796E-10 2.6395E-10 2.5324E-10 2.2228E-10 1.8550E-10 1.7790E-10
6.8728E-09 6.4994E-09 6.1336E-09 5.7774E-09 5.4325E-09 5.0999E-09 4.7804E-09 4.4756E-09 4.1861E-09 3.9113E-09 3.6514E-09 3.4075E-09 3.1778E-09 2.9622E-09 2.7610E-09 2.5719E-09 2.3921E-09 2.2285E-09 2.0766E-09 1.9353E-09 1.8035E-09 1.6820E-09 1.5718E-09 1.4696E-09 1.3799E-09 1.2981E-09 1.2223E-09 1.1432E-09 1.0638E-09 1.0119E-09 9.3273E-10 8.7429E-10 8.0051E-10 7.4022E-10 6.9476E-10 6.3528E-10 5.9627E-10 5.7544E-10 5.2258E-10 5.0454E-10 4.8685E-10 4.6953E-10 4.5257E-10 4.3600E-10 4.1980E-10 4.0398E-10 3.8855E-10 3.7351E-10 3.5886E-10 3.2167E-10 3.0892E-10 2.9652E-10 2.6267E-10 2.5202E-10 1.9946E-10 1.8460E-10 1.7704E-10
7.0811E-09 6.6962E-09 6.3190E-09 5.9508E-09 5.5932E-09 5.2484E-09 4.9176E-09 4.6007E-09 4.3001E-09 4.0144E-09 3.7453E-09 3.4903E-09 3.2506E-09 3.0259E-09 2.8161E-09 2.6189E-09 2.4314E-09 2.2603E-09 2.1037E-09 1.9551E-09 1.8180E-09 1.6920E-09 1.5774E-09 1.4725E-09 1.3801E-09 1.2966E-09 1.2200E-09 1.1396E-09 1.0593E-09 1.0073E-09 9.2836E-10 8.6927E-10 7.9662E-10 7.3631E-10 6.5432E-10 6.3169E-10 5.9294E-10 5.3805E-10 5.1975E-10 5.0181E-10 4.8421E-10 4.6698E-10 4.5012E-10 4.3363E-10 4.1752E-10 4.0180E-10 3.8645E-10 3.7149E-10 3.3296E-10 3.1994E-10 3.0726E-10 2.7217E-10 2.6127E-10 2.5067E-10 1.9838E-10 1.8360E-10 1.7608E-10
7.2872E-09 6.8912E-09 6.5023E-09 6.1213E-09 5.7519E-09 5.3956E-09 5.0521E-09 4.7242E-09 4.4120E-09 4.1169E-09 3.8356E-09 3.5703E-09 3.3207E-09 3.0866E-09 2.8666E-09 2.6618E-09 2.4669E-09 2.2871E-09 2.1240E-09 1.9723E-09 1.8308E-09 1.7007E-09 1.5833E-09 1.4754E-09 1.3783E-09 1.2943E-09 1.2163E-09 1.1349E-09 1.0542E-09 1.0020E-09 9.2342E-10 8.2525E-10 7.7315E-10 7.3223E-10 6.5023E-10 6.1030E-10 5.8929E-10 5.3484E-10 5.1665E-10 4.9881E-10 4.8132E-10 4.6420E-10 4.4744E-10 4.3105E-10 4.1503E-10 3.9940E-10 3.8414E-10 3.6927E-10 3.3099E-10 3.1804E-10 3.0544E-10 2.7057E-10 2.5973E-10 2.4919E-10 1.9721E-10 1.8252E-10 1.7504E-10
7.5030E-09 7.0957E-09 6.6954E-09 6.3029E-09 5.9222E-09 5.5527E-09 5.1984E-09 4.8586E-09 4.5363E-09 4.2280E-09 3.9357E-09 3.6594E-09 3.3988E-09 3.1532E-09 2.9239E-09 2.7104E-09 2.5090E-09 2.3210E-09 2.1505E-09 1.9933E-09 1.8456E-09 1.7102E-09 1.5885E-09 1.4768E-09 1.3763E-09 1.2900E-09 1.2115E-09 1.1296E-09 1.0481E-09 9.7581E-10 9.1804E-10 8.1952E-10 7.6771E-10 7.2756E-10 6.4577E-10 6.0618E-10 5.8532E-10 5.3135E-10 5.1328E-10 4.9555E-10 4.7818E-10 4.6117E-10 4.4452E-10 4.2823E-10 4.1233E-10 3.9679E-10 3.8164E-10 3.6686E-10 3.2885E-10 3.1599E-10 3.0347E-10 2.6883E-10 2.5806E-10 2.4759E-10 1.9595E-10 1.8134E-10 1.6708E-10
7.7165E-09 7.2985E-09 6.8874E-09 6.4835E-09 6.0902E-09 5.7099E-09 5.3438E-09 4.9931E-09 4.6577E-09 4.3378E-09 4.0340E-09 3.7456E-09 3.4730E-09 3.2172E-09 2.9781E-09 2.7554E-09 2.5471E-09 2.3515E-09 2.1727E-09 2.0095E-09 1.8572E-09 1.7177E-09 1.5919E-09 1.4772E-09 1.3733E-09 1.2851E-09 1.2060E-09 1.1035E-09 1.0415E-09 9.6865E-10 8.9302E-10 8.1395E-10 7.6161E-10 7.0467E-10 6.4111E-10 6.0174E-10 5.8103E-10 5.2759E-10 5.0965E-10 4.9205E-10 4.7480E-10 4.5790E-10 4.4137E-10 4.2520E-10 4.0941E-10 3.9399E-10 3.7894E-10 3.6427E-10 3.2654E-10 3.1377E-10 3.0134E-10 2.6696E-10 2.5626E-10 2.4586E-10 1.8768E-10 1.8008E-10 1.4598E-10
7.9394E-09 7.5117E-09 7.0901E-09 6.6747E-09 6.2711E-09 5.8794E-09 5.5018E-09 5.1386E-09 4.7910E-09 4.4589E-09 4.1418E-09 3.8405E-09 3.5565E-09 3.2896E-09 3.0397E-09 2.8075E-09 2.5906E-09 2.3872E-09 2.2015E-09 2.0298E-09 1.8718E-09 1.7261E-09 1.5960E-09 1.4785E-09 1.3701E-09 1.2788E-09 1.1983E-09 1.0967E-09 1.0346E-09 9.6093E-10 8.8625E-10 8.0794E-10 7.5480E-10 6.9900E-10 6.3630E-10 5.9698E-10 5.7645E-10 5.2356E-10 5.0576E-10 4.8829E-10 4.7117E-10 4.5441E-10 4.3800E-10 4.2196E-10 4.0628E-10 3.9098E-10 3.7605E-10 3.6149E-10 3.2407E-10 3.1140E-10 2.9906E-10 2.6496E-10 2.5434E-10 2.2326E-10 1.8627E-10 1.7874E-10 1.4489E-10
8.1610E-09 7.7237E-09 7.2919E-09 6.8666E-09 6.4523E-09 6.0488E-09 5.6596E-09 5.2839E-09 4.9236E-09 4.5778E-09 4.2474E-09 3.9340E-09 3.6379E-09 3.3592E-09 3.0988E-09 2.8565E-09 2.6300E-09 2.4196E-09 2.2232E-09 2.0450E-09 1.8828E-09 1.7330E-09 1.5978E-09 1.4785E-09 1.3682E-09 1.2729E-09 1.1908E-09 1.0896E-09 1.0267E-09 9.5268E-10 8.7922E-10 8.0142E-10 7.4773E-10 6.9297E-10 6.3110E-10 5.9192E-10 5.3726E-10 5.1927E-10 5.0161E-10 4.8429E-10 4.6732E-10 4.5069E-10 4.3442E-10 4.1851E-10 4.0296E-10 3.8778E-10 3.7297E-10 3.5853E-10 3.2145E-10 3.0888E-10 2.9664E-10 2.6282E-10 2.5229E-10 2.2147E-10 1.8478E-10 1.7730E-10 1.4372E-10
8.3918E-09 7.9466E-09 7.5058E-09 7.0710E-09 6.6459E-09 6.2320E-09 5.8301E-09 5.4418E-09 5.0678E-09 4.7082E-09 4.3648E-09 4.0384E-09 3.7291E-09 3.4383E-09 3.1661E-09 2.9122E-09 2.6759E-09 2.4571E-09 2.2542E-09 2.0675E-09 1.8988E-09 1.7422E-09 1.6022E-09 1.4787E-09 1.3667E-09 1.2667E-09 1.1821E-09 1.0814E-09 9.9828E-10 9.4351E-10 8.3288E-10 7.7604E-10 7.4003E-10 6.5066E-10 6.0811E-10 5.8656E-10 5.3256E-10 5.1473E-10 4.9723E-10 4.8006E-10 4.6323E-10 4.4675E-10 4.3062E-10 4.1485E-10 3.9944E-10 3.8440E-10 3.6972E-10 3.3146E-10 3.1867E-10 3.0621E-10 2.7130E-10 2.6057E-10 2.5013E-10 1.9788E-10 1.8320E-10 1.7579E-10 1.4249E-10
8.6161E-09 8.1633E-09 7.7142E-09 7.2695E-09 6.8352E-09 6.4093E-09 5.9952E-09 5.5938E-09 5.2062E-09 4.8334E-09 4.4767E-09 4.1363E-09 3.8142E-09 3.5109E-09 3.2263E-09 2.9617E-09 2.7155E-09 2.4876E-09 2.2783E-09 2.0852E-09 1.9100E-09 1.7490E-09 1.6046E-09 1.4786E-09 1.3643E-09 1.2633E-09 1.1535E-09 1.0723E-09 9.8895E-10 9.1451E-10 8.2493E-10 7.6859E-10 7.1437E-10 6.4449E-10 6.0245E-10 5.8091E-10 5.2761E-10 5.0995E-10 4.9261E-10 4.7560E-10 4.5893E-10 4.4260E-10 4.2662E-10 4.1100E-10 3.9573E-10 3.8083E-10 3.6628E-10 3.2842E-10 3.1574E-10 3.0340E-10 2.6883E-10 2.5819E-10 2.4785E-10 1.9609E-10 1.8154E-10 1.7420E-10 1.4119E-10
8.8581E-09 8.3997E-09 7.9425E-09 7.4905E-09 7.0449E-09 6.6078E-09 6.1812E-09 5.7663E-09 5.3650E-09 4.9779E-09 4.6058E-09 4.2510E-09 3.9145E-09 3.5966E-09 3.2993E-09 3.0225E-09 2.7646E-09 2.5270E-09 2.3105E-09 2.1075E-09 1.9249E-09 1.7589E-09 1.6104E-09 1.4771E-09 1.3602E-09 1.2573E-09 1.1450E-09 1.0650E-09 9.7870E-10 9.0408E-10 8.1684E-10 7.6067E-10 7.0667E-10 6.3845E-10 5.9646E-10 5.7498E-10 5.2241E-10 5.0493E-10 4.8776E-10 4.7092E-10 4.5441E-10 4.3825E-10 4.2243E-10 4.0696E-10 3.9184E-10 3.7708E-10 3.6268E-10 3.2522E-10 3.1267E-10 3.0044E-10 2.6623E-10 2.5570E-10 2.4546E-10 1.8729E-10 1.7980E-10 1.6573E-10 1.3322E-10
9.0986E-09 8.6346E-09 8.1719E-09 7.7102E-09 7.2554E-09 6.8073E-09 6.3682E-09 5.9403E-09 5.5250E-09 5.1224E-09 4.7356E-09 4.3660E-09 4.0142E-09 3.6828E-09 3.3721E-09 3.0825E-09 2.8135E-09 2.5660E-09 2.3411E-09 2.1315E-09 1.9423E-09 1.7707E-09 1.6162E-09 1.4808E-09 1.3597E-09 1.2502E-09 1.1374E-09 1.0550E-09 9.7005E-10 8.5528E-10 8.0774E-10 7.5195E-10 6.6215E-10 6.3206E-10 5.9014E-10 5.3459E-10 5.1698E-10 4.9967E-10 4.8269E-10 4.6602E-10 4.4969E-10 4.3369E-10 4.1803E-10 4.0273E-10 3.8777E-10 3.7316E-10 3.5891E-10 3.2188E-10 3.0946E-10 2.9736E-10 2.6352E-10 2.5310E-10 2.2221E-10 1.8539E-10 1.7799E-10 1.4424E-10 1.3187E-10
9.3465E-09 8.8793E-09 8.4093E-09 7.9409E-09 7.4767E-09 7.0174E-09 6.5660E-09 6.1247E-09 5.6938E-09 5.2762E-09 4.8738E-09 4.4878E-09 4.1211E-09 3.7747E-09 3.4494E-09 3.1472E-09 2.8662E-09 2.6074E-09 2.3729E-09 2.1574E-09 1.9600E-09 1.7806E-09 1.6207E-09 1.4799E-09 1.3569E-09 1.2287E-09 1.1303E-09 1.0251E-09 9.5960E-10 8.4604E-10 7.8122E-10 7.4280E-10 6.5399E-10 6.0820E-10 5.8352E-10 5.2873E-10 5.1131E-10 4.9420E-10 4.7740E-10 4.6092E-10 4.4476E-10 4.2894E-10 4.1346E-10 3.9832E-10 3.8353E-10 3.6908E-10 3.5499E-10 3.1840E-10 3.0611E-10 2.7129E-10 2.6069E-10 2.5038E-10 1.9804E-10 1.8342E-10 1.7609E-10 1.4271E-10 1.3047E-10
