Assets/Resources/2015_m01_d12_0000(utc+0800)_l00_csi_1hr_conc.grd
DSAA
         159         159
     -79.000      79.000
     -79.000      79.000
  0.0000E+00  0.3678E-05
[rows 0 to 24 of 159, columns 0 to 56 of 159]
1.0714E-12 3.2239E-12 3.7241E-12 7.4851E-12 8.8247E-12 1.2285E-11 1.4228E-11 1.9550E-11 2.2721E-11 2.6360E-11 3.4700E-11 4.0314E-11 4.6682E-11 5.8820E-11 6.9033E-11 7.9869E-11 1.2353E-10 1.4259E-10 1.9705E-10 2.2681E-10 2.6029E-10 3.3741E-10 3.8613E-10 4.4044E-10 5.4216E-10 6.1626E-10 6.9807E-10 8.3262E-10 9.3928E-10 1.0952E-09 1.2298E-09 1.3762E-09 1.5753E-09 1.7541E-09 1.9462E-09 2.1537E-09 2.3800E-09 2.6170E-09 2.8716E-09 3.1419E-09 3.4246E-09 3.7277E-09 4.0439E-09 4.3771E-09 4.7297E-09 5.1011E-09 5.4937E-09 5.9039E-09 6.3423E-09 6.8007E-09 7.2847E-09 7.7953E-09 8.3292E-09 8.8862E-09 9.4652E-09 1.0059E-08 1.0673E-08
1.0638E-12 3.2058E-12 3.7032E-12 7.4538E-12 8.7441E-12 1.2245E-11 1.4182E-11 1.9539E-11 2.2717E-11 2.6265E-11 3.4643E-11 4.0216E-11 4.6497E-11 5.9136E-11 6.8869E-11 7.9686E-11 1.2389E-10 1.4299E-10 1.9819E-10 2.2825E-10 2.6208E-10 3.4039E-10 3.8971E-10 4.4470E-10 5.4829E-10 6.2346E-10 7.0649E-10 8.4390E-10 9.5236E-10 1.1120E-09 1.2492E-09 1.3984E-09 1.6028E-09 1.7854E-09 1.9819E-09 2.1954E-09 2.4261E-09 2.6714E-09 2.9332E-09 3.2115E-09 3.5062E-09 3.8191E-09 4.1480E-09 4.4978E-09 4.8696E-09 5.2579E-09 5.6728E-09 6.1154E-09 6.5806E-09 7.0764E-09 7.5993E-09 8.1520E-09 8.7317E-09 9.3386E-09 9.9726E-09 1.0627E-08 1.1299E-08
1.0532E-12 3.1781E-12 3.6712E-12 7.3997E-12 8.6301E-12 1.2196E-11 1.4093E-11 1.9335E-11 2.2511E-11 2.6009E-11 3.4266E-11 3.9840E-11 4.6062E-11 5.8847E-11 6.8411E-11 7.9181E-11 1.2368E-10 1.4285E-10 1.9858E-10 2.2882E-10 2.6286E-10 3.4206E-10 3.9179E-10 4.4726E-10 5.5233E-10 6.2830E-10 7.1223E-10 8.5199E-10 9.6185E-10 1.1246E-09 1.2638E-09 1.4153E-09 1.6243E-09 1.8102E-09 2.0103E-09 2.2289E-09 2.4656E-09 2.7142E-09 2.9852E-09 3.2713E-09 3.5737E-09 3.8976E-09 4.2384E-09 4.6039E-09 4.9917E-09 5.4030E-09 5.8454E-09 6.3126E-09 6.8146E-09 7.3441E-09 7.9063E-09 8.5018E-09 9.1280E-09 9.7859E-09 1.0473E-08 1.1184E-08 1.1922E-08
1.0395E-12 3.1411E-12 3.6284E-12 7.3558E-12 8.4959E-12 1.2046E-11 1.3927E-11 1.8959E-11 2.2171E-11 2.5634E-11 3.3643E-11 3.9226E-11 4.5432E-11 5.8003E-11 6.7586E-11 7.8299E-11 1.2299E-10 1.4215E-10 1.9820E-10 2.2850E-10 2.6262E-10 3.4241E-10 3.9235E-10 4.4807E-10 5.5422E-10 6.3069E-10 7.1519E-10 8.5679E-10 9.6762E-10 1.1328E-09 1.2736E-09 1.4269E-09 1.6397E-09 1.8282E-09 2.0312E-09 2.2542E-09 2.4938E-09 2.7496E-09 3.0255E-09 3.3186E-09 3.6303E-09 3.9640E-09 4.3183E-09 4.7008E-09 5.1067E-09 5.5392E-09 6.0074E-09 6.5024E-09 7.0330E-09 7.5997E-09 8.1993E-09 8.8356E-09 9.5081E-09 1.0218E-08 1.0959E-08 1.1738E-08 1.2539E-08
1.0229E-12 3.0949E-12 3.5871E-12 7.2353E-12 8.3294E-12 1.1744E-11 1.3625E-11 1.8424E-11 2.1688E-11 2.5032E-11 3.2793E-11 3.8476E-11 4.4532E-11 5.6768E-11 6.6496E-11 7.7108E-11 1.2182E-10 1.4089E-10 1.9705E-10 2.2728E-10 2.6135E-10 3.4142E-10 3.9137E-10 4.4713E-10 5.5394E-10 6.3059E-10 7.1534E-10 8.5821E-10 9.6959E-10 1.1366E-09 1.2784E-09 1.4328E-09 1.6487E-09 1.8390E-09 2.0442E-09 2.2709E-09 2.5150E-09 2.7724E-09 3.0569E-09 3.3549E-09 3.6739E-09 4.0189E-09 4.3857E-09 4.7822E-09 5.2066E-09 5.6641E-09 6.1535E-09 6.6752E-09 7.2406E-09 7.8381E-09 8.4737E-09 9.1559E-09 9.8725E-09 1.0633E-08 1.1433E-08 1.2274E-08 1.3157E-08
1.0172E-12 3.0558E-12 3.4873E-12 7.0470E-12 8.0848E-12 1.1316E-11 1.3222E-11 1.7633E-11 2.1117E-11 2.4363E-11 3.1650E-11 3.7519E-11 4.3470E-11 5.5231E-11 6.5150E-11 7.5616E-11 1.2019E-10 1.3908E-10 1.9513E-10 2.2518E-10 2.5905E-10 3.3908E-10 3.8886E-10 4.4442E-10 5.5146E-10 6.2801E-10 7.1265E-10 8.5623E-10 9.6771E-10 1.1360E-09 1.2782E-09 1.4331E-09 1.6512E-09 1.8427E-09 2.0492E-09 2.2788E-09 2.5244E-09 2.7878E-09 3.0759E-09 3.3786E-09 3.7090E-09 4.0639E-09 4.4430E-09 4.8561E-09 5.2983E-09 5.7730E-09 6.2851E-09 6.8326E-09 7.4226E-09 8.0536E-09 8.7287E-09 9.4482E-09 1.0214E-08 1.1032E-08 1.1900E-08 1.2832E-08 1.3904E-08
9.6159E-13 2.9245E-12 3.3670E-12 6.8025E-12 7.7767E-12 1.0712E-11 1.2725E-11 1.6757E-11 2.0384E-11 2.3547E-11 3.0344E-11 3.6433E-11 4.2256E-11 5.3424E-11 6.3560E-11 7.3836E-11 1.1809E-10 1.3674E-10 1.9246E-10 2.2221E-10 2.5575E-10 3.3543E-10 3.8482E-10 4.3997E-10 5.4682E-10 6.2295E-10 7.0716E-10 8.5086E-10 9.6200E-10 1.1308E-09 1.2729E-09 1.4278E-09 1.6472E-09 1.8392E-09 2.0463E-09 2.2780E-09 2.5270E-09 2.7919E-09 3.0851E-09 3.3948E-09 3.7319E-09 4.0983E-09 4.4863E-09 4.9142E-09 5.3706E-09 5.8654E-09 6.3974E-09 6.9695E-09 7.5884E-09 8.2499E-09 8.9615E-09 9.7247E-09 1.0546E-08 1.1437E-08 1.2442E-08 1.3767E-08 1.5155E-08
9.0486E-13 2.7969E-12 3.1779E-12 6.4968E-12 7.3997E-12 1.0015E-11 1.2193E-11 1.5695E-11 1.9594E-11 2.2662E-11 2.8881E-11 3.5207E-11 4.0902E-11 5.1378E-11 6.1681E-11 7.1786E-11 1.1556E-10 1.3389E-10 1.8907E-10 2.1841E-10 2.5148E-10 3.3050E-10 3.7932E-10 4.3384E-10 5.4006E-10 6.1548E-10 6.9893E-10 8.4218E-10 9.5255E-10 1.1212E-09 1.2626E-09 1.4169E-09 1.6368E-09 1.8285E-09 2.0357E-09 2.2684E-09 2.5196E-09 2.7879E-09 3.0842E-09 3.3985E-09 3.7456E-09 4.1170E-09 4.5173E-09 4.9579E-09 5.4266E-09 5.9373E-09 6.4904E-09 7.0804E-09 7.7277E-09 8.4214E-09 9.1749E-09 9.9967E-09 1.0925E-08 1.2202E-08 1.3517E-08 1.5708E-08 1.7989E-08
8.4745E-13 2.6240E-12 2.9854E-12 6.1686E-12 7.0115E-12 9.1846E-12 1.1592E-11 1.4629E-11 1.8625E-11 2.1716E-11 2.7348E-11 3.3739E-11 3.9419E-11 4.9160E-11 5.9475E-11 6.9487E-11 1.1263E-10 1.3057E-10 1.8500E-10 2.1380E-10 2.4628E-10 3.2434E-10 3.7240E-10 4.2609E-10 5.3126E-10 6.0568E-10 6.8805E-10 8.3027E-10 9.3945E-10 1.1072E-09 1.2475E-09 1.4005E-09 1.6202E-09 1.8111E-09 2.0179E-09 2.2516E-09 2.5044E-09 2.7735E-09 3.0737E-09 3.3937E-09 3.7447E-09 4.1235E-09 4.5303E-09 4.9821E-09 5.4619E-09 5.9904E-09 6.5589E-09 7.1742E-09 7.8536E-09 8.5904E-09 9.4221E-09 1.0537E-08 1.1826E-08 1.3620E-08 1.5978E-08 1.7763E-08 1.9684E-08
7.8981E-13 2.4498E-12 2.7908E-12 5.7774E-12 6.5756E-12 8.3302E-12 1.0873E-11 1.3547E-11 1.7556E-11 2.0718E-11 2.5777E-11 3.2090E-11 3.7824E-11 4.6853E-11 5.6946E-11 6.6963E-11 1.0931E-10 1.2680E-10 1.8028E-10 2.0845E-10 2.4023E-10 3.1703E-10 3.6415E-10 4.1681E-10 5.2052E-10 5.9367E-10 6.7467E-10 8.1531E-10 9.2291E-10 1.0892E-09 1.2278E-09 1.3793E-09 1.5979E-09 1.7876E-09 1.9932E-09 2.2266E-09 2.4821E-09 2.7496E-09 3.0538E-09 3.3747E-09 3.7298E-09 4.1142E-09 4.5300E-09 4.9889E-09 5.4820E-09 6.0240E-09 6.6132E-09 7.2595E-09 7.9963E-09 8.9669E-09 1.0080E-08 1.1511E-08 1.4055E-08 1.5874E-08 1.7773E-08 1.9652E-08 2.0688E-08
7.3236E-13 2.2757E-12 2.5958E-12 5.3841E-12 6.1361E-12 7.5087E-12 1.0085E-11 1.2482E-11 1.6371E-11 1.9678E-11 2.4090E-11 3.0301E-11 3.6131E-11 4.4348E-11 5.4185E-11 6.4242E-11 1.0565E-10 1.2263E-10 1.7498E-10 2.0241E-10 2.3338E-10 3.0864E-10 3.5466E-10 4.0611E-10 5.0798E-10 5.7961E-10 6.5895E-10 7.9748E-10 9.0315E-10 1.0674E-09 1.2039E-09 1.3533E-09 1.5702E-09 1.7580E-09 1.9622E-09 2.1946E-09 2.4499E-09 2.7174E-09 3.0226E-09 3.3471E-09 3.7034E-09 4.0932E-09 4.5120E-09 4.9820E-09 5.4853E-09 6.0491E-09 6.6790E-09 7.4625E-09 8.4955E-09 9.6978E-09 1.2187E-08 1.3944E-08 1.5332E-08 1.7646E-08 1.8647E-08 1.9911E-08 2.1399E-08
6.7551E-13 2.1029E-12 2.4018E-12 4.9917E-12 5.6965E-12 6.7757E-12 9.1839E-12 1.1513E-11 1.5058E-11 1.8543E-11 2.2457E-11 2.8339E-11 3.4238E-11 4.1767E-11 5.1242E-11 6.1159E-11 1.0170E-10 1.1810E-10 1.6915E-10 1.9576E-10 2.2581E-10 2.9929E-10 3.4406E-10 3.9414E-10 4.9380E-10 5.6367E-10 6.4112E-10 7.7705E-10 8.8045E-10 1.0421E-09 1.1762E-09 1.3229E-09 1.5374E-09 1.7225E-09 1.9244E-09 2.1546E-09 2.4088E-09 2.6758E-09 2.9822E-09 3.3063E-09 3.6642E-09 4.0582E-09 4.4837E-09 4.9667E-09 5.4995E-09 6.1398E-09 7.0593E-09 8.0672E-09 1.0267E-08 1.2057E-08 1.3182E-08 1.5096E-08 1.6524E-08 1.7634E-08 1.9223E-08 2.0171E-08 2.1146E-08
6.1968E-13 1.9327E-12 2.2104E-12 4.6031E-12 5.2601E-12 6.1192E-12 8.2063E-12 1.0523E-11 1.3821E-11 1.7288E-11 2.0864E-11 2.6391E-11 3.2210E-11 3.9140E-11 4.8178E-11 5.7857E-11 9.7483E-11 1.1328E-10 1.6285E-10 1.8857E-10 2.1762E-10 2.8907E-10 3.3246E-10 3.8102E-10 4.7815E-10 5.4606E-10 6.2137E-10 7.5423E-10 8.5509E-10 1.0135E-09 1.1447E-09 1.2883E-09 1.4994E-09 1.6817E-09 1.8805E-09 2.1085E-09 2.3605E-09 2.6260E-09 2.9309E-09 3.2560E-09 3.6162E-09 4.0188E-09 4.4593E-09 4.9929E-09 5.7820E-09 6.6281E-09 8.2683E-09 1.0036E-08 1.1219E-08 1.2898E-08 1.4408E-08 1.5392E-08 1.6980E-08 1.7875E-08 1.8813E-08 1.9775E-08 2.0769E-08
5.6526E-13 1.7664E-12 2.0227E-12 4.2214E-12 4.8305E-12 5.5205E-12 7.3198E-12 9.5152E-12 1.2539E-11 1.5896E-11 1.9308E-11 2.4445E-11 2.9978E-11 3.6510E-11 4.5150E-11 5.4292E-11 9.3058E-11 1.0820E-10 1.5616E-10 1.8092E-10 2.0890E-10 2.7810E-10 3.2001E-10 3.6692E-10 4.6118E-10 5.2691E-10 5.9988E-10 7.2917E-10 8.2727E-10 9.8184E-10 1.1097E-09 1.2499E-09 1.4569E-09 1.6358E-09 1.8314E-09 2.0565E-09 2.3051E-09 2.5691E-09 2.8749E-09 3.2006E-09 3.5701E-09 4.0038E-09 4.6225E-09 5.3738E-09 6.6118E-09 8.1743E-09 9.4228E-09 1.0915E-08 1.2379E-08 1.3241E-08 1.4763E-08 1.5589E-08 1.6455E-08 1.7353E-08 1.8292E-08 1.9257E-08 2.0261E-08
5.1260E-13 1.6050E-12 1.8404E-12 3.8493E-12 4.4107E-12 5.0477E-12 6.3766E-12 8.4998E-12 1.1252E-11 1.4441E-11 1.7887E-11 2.2419E-11 2.7696E-11 3.3891E-11 4.1976E-11 5.0720E-11 8.8140E-11 1.0293E-10 1.4916E-10 1.7290E-10 1.9975E-10 2.6652E-10 3.0680E-10 3.5192E-10 4.4301E-10 5.0633E-10 5.7672E-10 7.0223E-10 7.9704E-10 9.4762E-10 1.0717E-09 1.2083E-09 1.4108E-09 1.5857E-09 1.7781E-09 1.9998E-09 2.2445E-09 2.5089E-09 2.8184E-09 3.1628E-09 3.6603E-09 4.2493E-09 5.0638E-09 6.6638E-09 7.7990E-09 9.1263E-09 1.0475E-08 1.1222E-08 1.2586E-08 1.3392E-08 1.4171E-08 1.4987E-08 1.5842E-08 1.6730E-08 1.7664E-08 1.8626E-08 1.9628E-08
4.6204E-13 1.2240E-12 1.6644E-12 3.3110E-12 4.0039E-12 4.5886E-12 5.5432E-12 7.4745E-12 1.0051E-11 1.3054E-11 1.6241E-11 2.0485E-11 2.5430E-11 3.0960E-11 3.8825E-11 4.7095E-11 8.2998E-11 9.7532E-11 1.4192E-10 1.6459E-10 1.9023E-10 2.5437E-10 2.9290E-10 3.3606E-10 4.2368E-10 4.8452E-10 5.5218E-10 6.7344E-10 7.6497E-10 9.1079E-10 1.0312E-09 1.1638E-09 1.3615E-09 1.5326E-09 1.7215E-09 1.9401E-09 2.1847E-09 2.4604E-09 2.8350E-09 3.3292E-09 3.9475E-09 5.3684E-09 6.3617E-09 7.2401E-09 8.7269E-09 9.3810E-09 1.0268E-08 1.1330E-08 1.2033E-08 1.2752E-08 1.3510E-08 1.4308E-08 1.5145E-08 1.6018E-08 1.6934E-08 1.7882E-08 1.8877E-08
2.7397E-13 8.1216E-13 1.3880E-12 2.6916E-12 3.5548E-12 4.1465E-12 4.8628E-12 6.5139E-12 8.6244E-12 1.1654E-11 1.4681E-11 1.8505E-11 2.3234E-11 2.8298E-11 3.5617E-11 4.3476E-11 7.7840E-11 9.1626E-11 1.3449E-10 1.5603E-10 1.8036E-10 2.4166E-10 2.7833E-10 3.1950E-10 4.0345E-10 4.6177E-10 5.2679E-10 6.4346E-10 7.3182E-10 8.7274E-10 9.8916E-10 1.1178E-09 1.3103E-09 1.4785E-09 1.6658E-09 1.8881E-09 2.1635E-09 2.5726E-09 3.0539E-09 4.2518E-09 5.1168E-09 5.7442E-09 6.8830E-09 7.7234E-09 8.4116E-09 9.4527E-09 1.0061E-08 1.0689E-08 1.1363E-08 1.2056E-08 1.2789E-08 1.3560E-08 1.4371E-08 1.5220E-08 1.6114E-08 1.7043E-08 1.8017E-08
0.0000E+00 2.8439E-13 9.4320E-13 1.9589E-12 2.8730E-12 3.5228E-12 4.2757E-12 5.5585E-12 7.3790E-12 1.0216E-11 1.3062E-11 1.6428E-11 2.1044E-11 2.5848E-11 3.2014E-11 3.9981E-11 7.2584E-11 8.5659E-11 1.2684E-10 1.4718E-10 1.7015E-10 2.2851E-10 2.6330E-10 3.0244E-10 3.8276E-10 4.3854E-10 5.0089E-10 6.1302E-10 6.9779E-10 8.3367E-10 9.4617E-10 1.0714E-09 1.2603E-09 1.4297E-09 1.6328E-09 1.9666E-09 2.3284E-09 3.0991E-09 3.9725E-09 4.5261E-09 5.4327E-09 6.2541E-09 6.8086E-09 7.7631E-09 8.2862E-09 8.8382E-09 9.4141E-09 1.0011E-08 1.0652E-08 1.1314E-08 1.2016E-08 1.2753E-08 1.3535E-08 1.4353E-08 1.5217E-08 1.6121E-08 1.7070E-08
0.0000E+00 0.0000E+00 2.5349E-13 1.1374E-12 2.0417E-12 2.8084E-12 3.5914E-12 4.6764E-12 6.3542E-12 8.6474E-12 1.1645E-11 1.4503E-11 1.8885E-11 2.3256E-11 2.8771E-11 3.6322E-11 6.7431E-11 7.9546E-11 1.1847E-10 1.3781E-10 1.5961E-10 2.1509E-10 2.4809E-10 2.8526E-10 3.6201E-10 4.1523E-10 4.7483E-10 5.8219E-10 6.6370E-10 7.9466E-10 9.0434E-10 1.0292E-09 1.2243E-09 1.4645E-09 1.7509E-09 2.3212E-09 2.9634E-09 3.5162E-09 4.2562E-09 4.9789E-09 5.4352E-09 6.2688E-09 6.7159E-09 7.1937E-09 7.6830E-09 8.2009E-09 8.7418E-09 9.3033E-09 9.9093E-09 1.0536E-08 1.1204E-08 1.1904E-08 1.2651E-08 1.3433E-08 1.4264E-08 1.5130E-08 1.6045E-08
0.0000E+00 0.0000E+00 0.0000E+00 1.3782E-13 1.1015E-12 1.9354E-12 2.8000E-12 3.7375E-12 5.2616E-12 7.2382E-12 1.0125E-11 1.2698E-11 1.6494E-11 2.0960E-11 2.5678E-11 3.2300E-11 6.1774E-11 7.3182E-11 1.1013E-10 1.2820E-10 1.4868E-10 2.0148E-10 2.3298E-10 2.6833E-10 3.4116E-10 3.9194E-10 4.4879E-10 5.5159E-10 6.3041E-10 7.5831E-10 8.7145E-10 1.0416E-09 1.2894E-09 1.6014E-09 2.2283E-09 2.6911E-09 3.2836E-09 3.8919E-09 4.2662E-09 4.9749E-09 5.3574E-09 5.7589E-09 6.1723E-09 6.6144E-09 7.0688E-09 7.5494E-09 8.0548E-09 8.5810E-09 9.1483E-09 9.7388E-09 1.0367E-08 1.1029E-08 1.1735E-08 1.2475E-08 1.3265E-08 1.4089E-08 1.4962E-08
0.0000E+00 0.0000E+00 0.0000E+00 0.0000E+00 9.6611E-14 9.0618E-13 1.8972E-12 2.7556E-12 4.0978E-12 5.7543E-12 8.2755E-12 1.1026E-11 1.4309E-11 1.8244E-11 2.2361E-11 2.8309E-11 5.6143E-11 6.6701E-11 1.0149E-10 1.1888E-10 1.3799E-10 1.8773E-10 2.1816E-10 2.5178E-10 3.2089E-10 3.6928E-10 4.2397E-10 5.2318E-10 6.0303E-10 7.4990E-10 9.1007E-10 1.1165E-09 1.6628E-09 2.0311E-09 2.3887E-09 2.9920E-09 3.2883E-09 3.6965E-09 4.1966E-09 4.5306E-09 4.8801E-09 5.2483E-09 5.6276E-09 6.0326E-09 6.4528E-09 6.8954E-09 7.3654E-09 7.8557E-09 8.3846E-09 8.9350E-09 9.5206E-09 1.0139E-08 1.0800E-08 1.1494E-08 1.2237E-08 1.3009E-08 1.3831E-08
0.0000E+00 0.0000E+00 0.0000E+00 0.0000E+00 0.0000E+00 0.0000E+00 7.7801E-13 1.7588E-12 2.7087E-12 4.4452E-12 6.5827E-12 9.2025E-12 1.1865E-11 1.5623E-11 1.9385E-11 2.4319E-11 5.0701E-11 6.0503E-11 9.3040E-11 1.0957E-10 1.2768E-10 1.7451E-10 2.0354E-10 2.3583E-10 3.0155E-10 3.4833E-10 4.0306E-10 5.0806E-10 6.2694E-10 8.0017E-10 1.1929E-09 1.4726E-09 1.7390E-09 2.1724E-09 2.4921E-09 2.7818E-09 3.2265E-09 3.4988E-09 3.7893E-09 4.0919E-09 4.4089E-09 4.7429E-09 5.0879E-09 5.4589E-09 5.8459E-09 6.2545E-09 6.6884E-09 7.1410E-09 7.6269E-09 8.1352E-09 8.6753E-09 9.2475E-09 9.8587E-09 1.0503E-08 1.1190E-08 1.1906E-08 1.2669E-08
0.0000E+00 0.0000E+00 0.0000E+00 0.0000E+00 0.0000E+00 0.0000E+00 0.0000E+00 5.2755E-13 1.5830E-12 3.0339E-12 4.8644E-12 7.1394E-12 9.8009E-12 1.2850E-11 1.6631E-11 2.0782E-11 4.5112E-11 5.4623E-11 8.4908E-11 1.0038E-10 1.1788E-10 1.6208E-10 1.8963E-10 2.2108E-10 2.8479E-10 3.3476E-10 4.1828E-10 5.4353E-10 7.6988E-10 1.0648E-09 1.2334E-09 1.5374E-09 1.8583E-09 2.0737E-09 2.4375E-09 2.6547E-09 2.8892E-09 3.1331E-09 3.3926E-09 3.6643E-09 3.9484E-09 4.2533E-09 4.5696E-09 4.9074E-09 5.2610E-09 5.6341E-09 6.0285E-09 6.4420E-09 6.8849E-09 7.3488E-09 7.8413E-09 8.3645E-09 8.9224E-09 9.5115E-09 1.0139E-08 1.0795E-08 1.1493E-08
0.0000E+00 0.0000E+00 0.0000E+00 0.0000E+00 0.0000E+00 0.0000E+00 0.0000E+00 0.0000E+00 4.1913E-13 1.3783E-12 3.2188E-12 5.1067E-12 7.6619E-12 1.0249E-11 1.3941E-11 1.7609E-11 3.9791E-11 4.8977E-11 7.7449E-11 9.1893E-11 1.0874E-10 1.5070E-10 1.7752E-10 2.1039E-10 2.8969E-10 3.5834E-10 5.0855E-10 7.0335E-10 8.5684E-10 1.1064E-09 1.3332E-09 1.4891E-09 1.8097E-09 1.9826E-09 2.1654E-09 2.3578E-09 2.5646E-09 2.7814E-09 3.0107E-09 3.2561E-09 3.5137E-09 3.7892E-09 4.0767E-09 4.3822E-09 4.7008E-09 5.0369E-09 5.3942E-09 5.7664E-09 6.1651E-09 6.5836E-09 7.0273E-09 7.4998E-09 8.0022E-09 8.5340E-09 9.0984E-09 9.6903E-09 1.0320E-08
0.0000E+00 0.0000E+00 0.0000E+00 0.0000E+00 0.0000E+00 0.0000E+00 0.0000E+00 0.0000E+00 0.0000E+00 1.0201E-13 1.4157E-12 3.0023E-12 5.2883E-12 7.8228E-12 1.0933E-11 1.4915E-11 3.5118E-11 4.3411E-11 7.0622E-11 8.4279E-11 1.0024E-10 1.4157E-10 1.7803E-10 2.2237E-10 3.1673E-10 4.6652E-10 5.7947E-10 7.6367E-10 9.3305E-10 1.0726E-09 1.2926E-09 1.4226E-09 1.5942E-09 1.7466E-09 1.9071E-09 2.0755E-09 2.2563E-09 2.4502E-09 2.6561E-09 2.8737E-09 3.1072E-09 3.3525E-09 3.6126E-09 3.8822E-09 4.1706E-09 4.4690E-09 4.7876E-09 5.1195E-09 5.4738E-09 5.8474E-09 6.2415E-09 6.6623E-09 7.1080E-09 7.5813E-09 8.0820E-09 8.6085E-09 9.1689E-09
