Assets/Resources/2015_m01_d14_1500(utc+0800)_l00_csi_1hr_conc.grd
DSAA
         159         159
     -79.000      79.000
     -79.000      79.000
  0.0000E+00  0.2246E-05
[rows 50 to 74 of 159, columns 0 to 56 of 159]
1.2451E-09 1.2835E-09 1.3222E-09 1.3612E-09 1.4186E-09 1.4643E-09 1.5266E-09 1.5750E-09 1.6404E-09 1.6918E-09 1.7586E-09 1.8150E-09 1.8862E-09 1.9461E-09 2.0212E-09 2.0886E-09 2.1743E-09 2.2538E-09 2.3269E-09 2.4027E-09 2.4946E-09 2.5815E-09 2.6854E-09 2.7861E-09 2.9054E-09 3.0310E-09 3.1768E-09 3.3415E-09 3.5146E-09 3.7465E-09 3.9779E-09 4.2834E-09 4.5896E-09 4.9814E-09 5.3886E-09 5.8758E-09 6.4240E-09 7.0363E-09 7.7550E-09 8.5307E-09 9.4357E-09 1.0402E-08 1.1497E-08 1.2663E-08 1.3940E-08 1.5289E-08 1.6705E-08 1.8184E-08 1.9674E-08 2.1152E-08 2.2583E-08 2.3905E-08 2.5067E-08 2.6015E-08 2.6675E-08 2.6996E-08 2.6934E-08
1.1626E-09 1.1965E-09 1.2312E-09 1.2660E-09 1.3017E-09 1.3370E-09 1.3935E-09 1.4329E-09 1.4890E-09 1.5329E-09 1.5915E-09 1.6382E-09 1.6997E-09 1.7444E-09 1.8032E-09 1.8528E-09 1.9220E-09 1.9796E-09 2.0590E-09 2.1206E-09 2.1876E-09 2.2574E-09 2.3401E-09 2.4132E-09 2.5254E-09 2.6304E-09 2.7592E-09 2.9027E-09 3.0517E-09 3.2559E-09 3.4509E-09 3.7170E-09 3.9838E-09 4.3292E-09 4.6906E-09 5.1303E-09 5.6287E-09 6.1888E-09 6.8588E-09 7.5871E-09 8.4478E-09 9.3770E-09 1.0444E-08 1.1593E-08 1.2870E-08 1.4231E-08 1.5689E-08 1.7228E-08 1.8806E-08 2.0421E-08 2.2010E-08 2.3524E-08 2.4918E-08 2.6121E-08 2.7067E-08 2.7696E-08 2.7941E-08
1.0866E-09 1.1167E-09 1.1469E-09 1.1770E-09 1.2070E-09 1.2372E-09 1.2682E-09 1.3038E-09 1.3500E-09 1.3848E-09 1.4291E-09 1.4682E-09 1.5133E-09 1.5569E-09 1.6037E-09 1.6445E-09 1.6825E-09 1.7354E-09 1.7918E-09 1.8503E-09 1.9213E-09 1.9803E-09 2.0535E-09 2.1221E-09 2.2120E-09 2.2969E-09 2.4010E-09 2.5175E-09 2.6384E-09 2.8111E-09 2.9790E-09 3.2089E-09 3.4356E-09 3.7375E-09 4.0514E-09 4.4424E-09 4.8875E-09 5.3954E-09 6.0102E-09 6.6777E-09 7.4897E-09 8.3606E-09 9.3824E-09 1.0490E-08 1.1741E-08 1.3089E-08 1.4554E-08 1.6114E-08 1.7753E-08 1.9455E-08 2.1166E-08 2.2859E-08 2.4474E-08 2.5934E-08 2.7176E-08 2.8122E-08 2.8693E-08
1.0142E-09 1.0415E-09 1.0687E-09 1.0959E-09 1.1229E-09 1.1496E-09 1.1759E-09 1.2018E-09 1.2272E-09 1.2613E-09 1.2878E-09 1.3227E-09 1.3491E-09 1.3850E-09 1.4166E-09 1.4547E-09 1.4877E-09 1.5338E-09 1.5692E-09 1.6185E-09 1.6693E-09 1.7249E-09 1.7877E-09 1.8453E-09 1.9205E-09 1.9867E-09 2.0731E-09 2.1671E-09 2.2578E-09 2.4043E-09 2.5374E-09 2.7392E-09 2.9311E-09 3.1918E-09 3.4645E-09 3.8048E-09 4.2010E-09 4.6541E-09 5.2063E-09 5.8142E-09 6.5568E-09 7.3600E-09 8.3160E-09 9.3606E-09 1.0560E-08 1.1856E-08 1.3291E-08 1.4852E-08 1.6512E-08 1.8280E-08 2.0092E-08 2.1931E-08 2.3728E-08 2.5420E-08 2.6944E-08 2.8206E-08 2.9118E-08
9.4493E-10 9.6951E-10 9.9402E-10 1.0184E-09 1.0425E-09 1.0663E-09 1.0898E-09 1.1127E-09 1.1350E-09 1.1567E-09 1.1818E-09 1.2066E-09 1.2321E-09 1.2570E-09 1.2825E-09 1.3075E-09 1.3345E-09 1.3623E-09 1.3897E-09 1.4164E-09 1.4568E-09 1.4903E-09 1.5429E-09 1.5861E-09 1.6450E-09 1.6963E-09 1.7647E-09 1.8431E-09 1.9203E-09 2.0377E-09 2.1456E-09 2.3086E-09 2.4712E-09 2.6946E-09 2.9245E-09 3.2188E-09 3.5580E-09 3.9489E-09 4.4367E-09 4.9724E-09 5.6410E-09 6.3688E-09 7.2435E-09 8.2056E-09 9.3267E-09 1.0561E-08 1.1950E-08 1.3474E-08 1.5122E-08 1.6907E-08 1.8773E-08 2.0712E-08 2.2653E-08 2.4556E-08 2.6342E-08 2.7912E-08 2.9185E-08
8.7877E-10 9.0085E-10 9.2280E-10 9.4456E-10 9.6605E-10 9.8719E-10 1.0079E-09 1.0281E-09 1.0477E-09 1.0665E-09 1.0846E-09 1.1027E-09 1.1231E-09 1.1433E-09 1.1627E-09 1.1819E-09 1.2009E-09 1.2204E-09 1.2413E-09 1.2630E-09 1.2865E-09 1.3104E-09 1.3424E-09 1.3732E-09 1.4216E-09 1.4609E-09 1.5137E-09 1.5723E-09 1.6332E-09 1.7280E-09 1.8146E-09 1.9477E-09 2.0763E-09 2.2633E-09 2.4547E-09 2.7033E-09 2.9861E-09 3.3164E-09 3.7362E-09 4.1939E-09 4.7847E-09 5.4257E-09 6.2117E-09 7.0856E-09 8.1165E-09 9.2588E-09 1.0562E-08 1.2010E-08 1.3600E-08 1.5360E-08 1.7232E-08 1.9221E-08 2.1274E-08 2.3352E-08 2.5358E-08 2.7229E-08 2.8856E-08
8.1575E-10 8.3550E-10 8.5508E-10 8.7442E-10 8.9346E-10 9.1212E-10 9.3032E-10 9.4799E-10 9.6503E-10 9.8136E-10 9.9689E-10 1.0115E-09 1.0251E-09 1.0405E-09 1.0541E-09 1.0701E-09 1.0828E-09 1.0972E-09 1.1099E-09 1.1255E-09 1.1389E-09 1.1577E-09 1.1753E-09 1.1977E-09 1.2250E-09 1.2559E-09 1.2928E-09 1.3387E-09 1.3818E-09 1.4548E-09 1.5193E-09 1.6251E-09 1.7230E-09 1.8767E-09 2.0288E-09 2.2394E-09 2.4765E-09 2.7591E-09 3.1125E-09 3.5022E-09 4.0124E-09 4.5624E-09 5.2489E-09 6.0136E-09 6.9301E-09 7.9590E-09 9.1443E-09 1.0488E-08 1.1984E-08 1.3676E-08 1.5505E-08 1.7509E-08 1.9624E-08 2.1816E-08 2.4028E-08 2.6173E-08 2.8133E-08
7.5586E-10 7.7345E-10 7.9083E-10 8.0794E-10 8.2472E-10 8.4110E-10 8.5700E-10 8.7236E-10 8.8709E-10 9.0111E-10 9.1433E-10 9.2668E-10 9.3806E-10 9.4838E-10 9.5755E-10 9.6869E-10 9.7709E-10 9.8744E-10 9.9465E-10 1.0036E-09 1.0114E-09 1.0201E-09 1.0300E-09 1.0442E-09 1.0591E-09 1.0782E-09 1.1007E-09 1.1357E-09 1.1674E-09 1.2206E-09 1.2707E-09 1.3497E-09 1.4293E-09 1.5481E-09 1.6722E-09 1.8401E-09 2.0342E-09 2.2623E-09 2.5582E-09 2.8801E-09 3.3054E-09 3.7676E-09 4.3445E-09 4.9942E-09 5.7925E-09 6.6883E-09 7.7444E-09 8.9549E-09 1.0329E-08 1.1914E-08 1.3665E-08 1.5632E-08 1.7755E-08 2.0038E-08 2.2404E-08 2.4770E-08 2.7037E-08
6.9910E-10 7.1469E-10 7.3004E-10 7.4510E-10 7.5980E-10 7.7409E-10 7.8789E-10 8.0114E-10 8.1377E-10 8.2570E-10 8.3685E-10 8.4715E-10 8.5652E-10 8.6487E-10 8.7213E-10 8.7821E-10 8.8305E-10 8.8822E-10 8.9208E-10 8.9621E-10 8.9780E-10 9.0252E-10 9.0416E-10 9.0917E-10 9.1522E-10 9.2556E-10 9.3859E-10 9.5513E-10 9.7866E-10 1.0130E-09 1.0516E-09 1.1073E-09 1.1685E-09 1.2593E-09 1.3544E-09 1.4938E-09 1.6422E-09 1.8264E-09 2.0634E-09 2.3195E-09 2.6696E-09 3.0407E-09 3.5207E-09 4.0561E-09 4.7295E-09 5.4888E-09 6.4024E-09 7.4673E-09 8.6929E-09 1.0139E-08 1.1787E-08 1.3666E-08 1.5766E-08 1.8086E-08 2.0551E-08 2.3096E-08 2.5643E-08
6.3955E-10 6.5917E-10 6.7266E-10 6.8583E-10 6.9864E-10 7.1102E-10 7.2291E-10 7.3426E-10 7.4498E-10 7.5503E-10 7.6432E-10 7.7279E-10 7.8037E-10 7.8698E-10 7.9256E-10 7.9704E-10 8.0034E-10 8.0241E-10 8.0317E-10 8.0417E-10 8.0349E-10 8.0217E-10 7.9900E-10 7.9856E-10 7.9648E-10 7.9638E-10 7.9723E-10 8.0573E-10 8.1608E-10 8.3722E-10 8.6032E-10 8.9832E-10 9.4098E-10 1.0041E-09 1.0768E-09 1.1803E-09 1.2965E-09 1.4433E-09 1.6281E-09 1.8284E-09 2.1076E-09 2.4039E-09 2.7861E-09 3.2126E-09 3.7631E-09 4.3865E-09 5.1518E-09 6.0552E-09 7.1267E-09 8.4247E-09 9.9275E-09 1.1697E-08 1.3732E-08 1.6032E-08 1.8546E-08 2.1240E-08 2.3987E-08
5.8400E-10 6.0138E-10 6.1296E-10 6.3009E-10 6.4117E-10 6.5182E-10 6.6199E-10 6.7161E-10 6.8063E-10 6.8899E-10 6.9662E-10 7.0346E-10 7.0946E-10 7.1455E-10 7.1866E-10 7.2174E-10 7.2373E-10 7.2458E-10 7.2422E-10 7.2262E-10 7.1972E-10 7.1550E-10 7.1149E-10 7.0463E-10 6.9901E-10 6.9412E-10 6.8995E-10 6.8372E-10 6.8129E-10 6.8875E-10 7.0082E-10 7.2426E-10 7.4811E-10 7.9436E-10 8.4201E-10 9.1622E-10 1.0017E-09 1.1066E-09 1.2507E-09 1.4013E-09 1.6245E-09 1.8480E-09 2.1537E-09 2.4766E-09 2.9079E-09 3.4081E-09 4.0250E-09 4.7798E-09 5.6885E-09 6.8180E-09 8.1653E-09 9.8083E-09 1.1727E-08 1.3960E-08 1.6493E-08 1.9254E-08 2.2173E-08
5.3753E-10 5.4770E-10 5.6284E-10 5.7256E-10 5.8730E-10 5.9639E-10 6.0500E-10 6.1308E-10 6.2057E-10 6.2743E-10 6.3359E-10 6.3901E-10 6.4362E-10 6.4737E-10 6.5022E-10 6.5211E-10 6.5298E-10 6.5280E-10 6.5152E-10 6.4910E-10 6.4551E-10 6.4072E-10 6.3470E-10 6.2745E-10 6.1895E-10 6.0957E-10 6.0192E-10 5.9241E-10 5.8576E-10 5.8044E-10 5.7390E-10 5.8278E-10 5.9261E-10 6.2016E-10 6.4977E-10 7.0030E-10 7.5221E-10 8.2701E-10 9.2456E-10 1.0297E-09 1.1898E-09 1.3596E-09 1.5947E-09 1.8521E-09 2.1822E-09 2.5710E-09 3.0639E-09 3.6669E-09 4.4166E-09 5.3780E-09 6.5581E-09 8.0351E-09 9.8093E-09 1.1965E-08 1.4448E-08 1.7244E-08 2.0280E-08
4.8930E-10 4.9798E-10 5.1121E-10 5.1940E-10 5.3217E-10 5.3970E-10 5.5184E-10 5.5854E-10 5.6468E-10 5.7021E-10 5.7508E-10 5.7924E-10 5.8265E-10 5.8525E-10 5.8701E-10 5.8789E-10 5.8783E-10 5.8680E-10 5.8477E-10 5.8170E-10 5.7758E-10 5.7238E-10 5.6608E-10 5.5869E-10 5.5021E-10 5.4072E-10 5.3026E-10 5.2083E-10 5.1076E-10 4.9753E-10 4.8525E-10 4.7976E-10 4.7253E-10 4.7627E-10 4.8592E-10 5.1104E-10 5.4138E-10 5.9069E-10 6.5390E-10 7.3361E-10 8.4631E-10 9.6979E-10 1.1357E-09 1.3266E-09 1.5707E-09 1.8711E-09 2.2525E-09 2.7222E-09 3.3251E-09 4.1236E-09 5.1276E-09 6.4224E-09 8.0545E-09 1.0078E-08 1.2486E-08 1.5286E-08 1.8402E-08
4.4181E-10 4.5210E-10 4.6358E-10 4.7482E-10 4.8142E-10 4.9207E-10 4.9793E-10 5.0785E-10 5.1279E-10 5.1716E-10 5.2090E-10 5.2397E-10 5.2634E-10 5.2797E-10 5.2881E-10 5.2883E-10 5.2800E-10 5.2629E-10 5.2367E-10 5.2011E-10 5.1560E-10 5.1013E-10 5.0368E-10 4.9626E-10 4.8793E-10 4.7872E-10 4.6532E-10 4.5124E-10 4.4097E-10 4.2880E-10 4.1496E-10 4.0350E-10 3.9708E-10 3.9177E-10 3.8814E-10 3.9796E-10 4.1533E-10 4.3942E-10 4.7685E-10 5.3106E-10 6.0237E-10 6.9179E-10 8.0449E-10 9.3458E-10 1.1037E-09 1.3037E-09 1.5918E-09 1.9456E-09 2.4151E-09 3.0584E-09 3.8841E-09 5.0093E-09 6.4689E-09 8.3413E-09 1.0668E-08 1.3439E-08 1.6595E-08
3.9795E-10 4.0950E-10 4.1978E-10 4.2942E-10 4.3485E-10 4.4389E-10 4.4858E-10 4.5688E-10 4.6068E-10 4.6810E-10 4.7086E-10 4.7300E-10 4.7449E-10 4.7528E-10 4.7536E-10 4.7468E-10 4.7323E-10 4.7097E-10 4.6790E-10 4.6398E-10 4.5922E-10 4.5360E-10 4.4711E-10 4.3653E-10 4.2521E-10 4.1668E-10 4.0418E-10 3.9115E-10 3.7764E-10 3.6374E-10 3.5631E-10 3.4337E-10 3.3708E-10 3.2907E-10 3.2715E-10 3.2658E-10 3.3351E-10 3.4199E-10 3.6445E-10 3.8695E-10 4.2996E-10 4.8090E-10 5.5082E-10 6.3968E-10 7.3932E-10 8.6458E-10 1.0504E-09 1.3104E-09 1.6582E-09 2.1516E-09 2.8325E-09 3.7851E-09 5.0834E-09 6.8143E-09 9.0342E-09 1.1742E-08 1.4925E-08
3.5070E-10 3.6347E-10 3.7413E-10 3.8524E-10 3.9224E-10 3.9985E-10 4.0354E-10 4.1041E-10 4.1325E-10 4.1926E-10 4.2111E-10 4.2612E-10 4.2686E-10 4.2696E-10 4.2641E-10 4.2517E-10 4.2322E-10 4.2055E-10 4.1715E-10 4.0984E-10 4.0180E-10 3.9635E-10 3.8694E-10 3.7685E-10 3.6615E-10 3.5490E-10 3.4316E-10 3.3468E-10 3.2581E-10 3.1671E-10 3.0751E-10 2.9718E-10 2.8948E-10 2.8060E-10 2.7425E-10 2.6639E-10 2.6165E-10 2.6164E-10 2.6881E-10 2.7837E-10 2.9488E-10 3.1303E-10 3.5137E-10 3.8931E-10 4.6039E-10 5.3054E-10 6.3060E-10 8.0547E-10 1.0464E-09 1.4279E-09 1.9672E-09 2.7745E-09 3.9234E-09 5.5098E-09 7.6013E-09 1.0251E-08 1.3434E-08
3.0694E-10 3.1765E-10 3.3127E-10 3.4196E-10 3.4963E-10 3.5855E-10 3.6256E-10 3.6817E-10 3.7021E-10 3.7499E-10 3.7610E-10 3.7992E-10 3.8000E-10 3.8277E-10 3.7872E-10 3.7405E-10 3.6875E-10 3.6283E-10 3.5626E-10 3.4907E-10 3.4123E-10 3.3610E-10 3.3037E-10 3.2411E-10 3.1734E-10 3.1015E-10 3.0258E-10 2.9469E-10 2.8526E-10 2.7621E-10 2.6593E-10 2.5469E-10 2.4069E-10 2.2280E-10 2.1418E-10 2.0298E-10 1.9207E-10 1.8012E-10 1.7288E-10 1.6248E-10 1.6454E-10 1.7317E-10 1.8795E-10 2.0754E-10 2.4316E-10 2.8744E-10 3.4638E-10 4.5419E-10 6.3005E-10 8.9634E-10 1.3287E-09 1.9880E-09 2.9949E-09 4.4332E-09 6.3996E-09 8.9624E-09 1.2127E-08
2.6932E-10 2.7601E-10 2.8759E-10 2.9517E-10 3.0834E-10 3.1573E-10 3.1773E-10 3.2172E-10 3.2310E-10 3.2407E-10 3.2462E-10 3.2472E-10 3.2435E-10 3.2350E-10 3.2215E-10 3.2029E-10 3.1791E-10 3.1500E-10 3.1156E-10 3.0758E-10 3.0306E-10 2.9801E-10 2.9244E-10 2.8644E-10 2.8002E-10 2.7205E-10 2.6298E-10 2.5497E-10 2.4154E-10 2.2412E-10 2.1131E-10 1.9891E-10 1.8144E-10 1.6319E-10 1.5139E-10 1.4066E-10 1.2734E-10 1.1877E-10 1.1434E-10 1.1008E-10 1.0564E-10 1.0404E-10 1.0181E-10 1.0742E-10 1.1974E-10 1.3825E-10 1.6339E-10 2.2304E-10 3.2870E-10 5.2433E-10 8.4968E-10 1.3747E-09 2.2259E-09 3.4922E-09 5.3079E-09 7.7622E-09 1.0890E-08
2.3320E-10 2.4447E-10 2.5022E-10 2.6145E-10 2.6554E-10 2.7661E-10 2.8039E-10 2.8742E-10 2.8944E-10 2.9197E-10 2.9207E-10 2.9175E-10 2.9101E-10 2.8983E-10 2.8820E-10 2.8611E-10 2.8355E-10 2.8051E-10 2.7701E-10 2.7302E-10 2.6856E-10 2.6364E-10 2.5633E-10 2.4865E-10 2.4155E-10 2.2940E-10 2.1663E-10 2.0161E-10 1.8668E-10 1.7087E-10 1.5817E-10 1.4263E-10 1.3037E-10 1.1620E-10 1.0820E-10 1.0144E-10 9.5969E-11 9.1721E-11 8.8494E-11 8.6313E-11 8.5074E-11 8.3307E-11 8.0761E-11 7.8160E-11 7.5357E-11 7.2578E-11 7.4689E-11 9.5024E-11 1.4814E-10 2.7741E-10 5.1281E-10 9.2258E-10 1.6297E-09 2.7231E-09 4.3518E-09 6.6314E-09 9.6215E-09
2.0237E-10 2.1108E-10 2.1694E-10 2.2552E-10 2.3119E-10 2.3958E-10 2.4361E-10 2.5171E-10 2.5536E-10 2.5876E-10 2.6042E-10 2.6074E-10 2.6058E-10 2.5914E-10 2.5730E-10 2.5504E-10 2.5237E-10 2.4813E-10 2.4387E-10 2.3806E-10 2.3184E-10 2.2524E-10 2.1371E-10 2.0103E-10 1.8702E-10 1.7348E-10 1.6199E-10 1.4988E-10 1.3488E-10 1.2006E-10 1.1101E-10 1.0210E-10 9.6743E-11 9.1602E-11 8.8755E-11 8.5961E-11 8.3200E-11 8.0363E-11 7.7456E-11 7.5528E-11 7.2526E-11 6.9478E-11 6.6391E-11 6.4359E-11 6.2304E-11 6.0233E-11 5.8150E-11 6.3550E-11 8.3612E-11 1.6278E-10 3.2675E-10 6.3286E-10 1.1969E-09 2.1105E-09 3.5178E-09 5.5559E-09 8.3240E-09
1.7308E-10 1.7979E-10 1.8670E-10 1.9217E-10 1.9873E-10 2.0395E-10 2.1024E-10 2.1515E-10 2.1985E-10 2.2438E-10 2.2864E-10 2.2959E-10 2.2941E-10 2.2609E-10 2.2307E-10 2.1734E-10 2.1245E-10 2.0834E-10 2.0059E-10 1.9165E-10 1.8036E-10 1.7007E-10 1.5869E-10 1.4520E-10 1.3389E-10 1.2070E-10 1.1287E-10 1.0308E-10 9.4391E-11 9.0276E-11 8.4318E-11 8.0555E-11 7.7871E-11 7.6334E-11 7.3779E-11 7.2299E-11 7.0753E-11 6.9146E-11 6.7485E-11 6.5774E-11 6.4020E-11 6.2228E-11 6.0404E-11 5.8553E-11 5.6102E-11 5.3642E-11 5.1178E-11 5.6509E-11 6.6149E-11 1.1845E-10 2.3390E-10 4.5679E-10 9.0118E-10 1.6182E-09 2.7836E-09 4.5144E-09 6.9553E-09
1.4789E-10 1.5189E-10 1.5925E-10 1.6284E-10 1.6788E-10 1.7220E-10 1.7580E-10 1.7980E-10 1.8306E-10 1.8670E-10 1.8844E-10 1.9090E-10 1.9050E-10 1.8640E-10 1.7942E-10 1.7018E-10 1.6244E-10 1.5334E-10 1.4235E-10 1.3211E-10 1.2381E-10 1.1728E-10 1.0987E-10 1.0138E-10 9.3929E-11 8.9648E-11 8.4503E-11 8.0483E-11 7.7691E-11 7.6049E-11 7.3504E-11 7.1033E-11 6.9678E-11 6.8362E-11 6.7059E-11 6.5711E-11 6.4303E-11 6.2841E-11 6.1329E-11 5.9772E-11 5.7592E-11 5.5380E-11 5.3144E-11 5.0888E-11 4.8618E-11 4.6993E-11 4.4726E-11 4.9965E-11 5.6699E-11 8.8973E-11 1.7165E-10 3.2569E-10 6.5712E-10 1.1931E-09 2.1077E-09 3.4819E-09 5.4888E-09
1.2846E-10 1.2876E-10 1.3500E-10 1.3662E-10 1.3882E-10 1.4018E-10 1.4259E-10 1.4019E-10 1.3930E-10 1.3808E-10 1.3703E-10 1.3348E-10 1.3022E-10 1.2623E-10 1.2104E-10 1.1732E-10 1.1168E-10 1.0421E-10 9.9122E-11 9.5938E-11 9.2731E-11 8.9478E-11 8.5298E-11 8.1162E-11 7.8139E-11 7.5191E-11 7.3401E-11 7.0771E-11 6.8282E-11 6.6923E-11 6.5629E-11 6.4405E-11 6.3216E-11 6.2042E-11 6.0278E-11 5.8456E-11 5.6580E-11 5.4656E-11 5.2688E-11 5.0681E-11 4.9309E-11 4.7910E-11 4.6489E-11 4.5050E-11 4.3597E-11 4.2135E-11 4.0668E-11 4.4524E-11 5.0254E-11 6.9257E-11 1.2358E-10 2.2951E-10 4.7154E-10 8.4438E-10 1.5185E-09 2.5274E-09 4.0652E-09
1.1299E-10 1.1414E-10 1.1601E-10 1.1591E-10 1.1754E-10 1.1629E-10 1.1677E-10 1.1435E-10 1.0992E-10 1.0814E-10 1.0529E-10 1.0321E-10 1.0012E-10 9.7853E-11 9.5460E-11 9.2944E-11 9.0310E-11 8.7563E-11 8.4782E-11 8.1868E-11 7.8980E-11 7.6063E-11 7.3169E-11 7.0319E-11 6.8548E-11 6.5305E-11 6.3196E-11 6.1845E-11 5.9975E-11 5.8184E-11 5.6451E-11 5.5416E-11 5.3773E-11 5.2790E-11 5.1769E-11 5.0701E-11 4.9589E-11 4.8438E-11 4.7250E-11 4.6031E-11 4.4784E-11 4.3512E-11 4.2220E-11 4.0913E-11 3.9593E-11 3.7730E-11 3.5869E-11 3.7327E-11 4.3256E-11 5.6420E-11 9.0572E-11 1.6532E-10 3.2371E-10 5.8041E-10 1.0406E-09 1.7287E-09 2.8149E-09
9.6735E-11 9.7656E-11 9.7573E-11 9.8296E-11 9.8000E-11 9.7590E-11 9.6209E-11 9.5577E-11 9.3096E-11 9.1363E-11 8.9513E-11 8.7548E-11 8.5470E-11 8.4204E-11 8.2832E-11 8.0495E-11 7.8061E-11 7.5536E-11 7.2923E-11 7.1172E-11 6.8478E-11 6.5777E-11 6.3481E-11 6.1858E-11 5.9729E-11 5.7722E-11 5.5843E-11 5.4707E-11 5.3044E-11 5.1440E-11 5.0532E-11 4.9652E-11 4.8774E-11 4.7893E-11 4.6965E-11 4.5995E-11 4.4985E-11 4.3940E-11 4.2861E-11 4.1754E-11 4.0622E-11 3.8923E-11 3.7767E-11 3.6056E-11 3.4340E-11 3.2620E-11 3.0902E-11 2.9945E-11 3.5351E-11 4.1800E-11 6.8189E-11 1.1757E-10 2.1846E-10 3.9325E-10 6.7820E-10 1.1446E-09 1.8185E-09
