Assets/Resources/2015_m01_d14_0800(utc+0800)_l00_csi_1hr_conc.grd
DSAA
         159         159
     -79.000      79.000
     -79.000      79.000
  0.0000E+00  0.5484E-05
[rows 0 to 24 of 159, columns 57 to 113 of 159]
1.5429E-09 1.5149E-09 1.4811E-09 1.4474E-09 1.4141E-09 1.3804E-09 1.3494E-09 1.3147E-09 1.2798E-09 1.2413E-09 1.2058E-09 1.1701E-09 1.1343E-09 1.0983E-09 1.0624E-09 1.0265E-09 9.8749E-10 9.5192E-10 9.1663E-10 8.7708E-10 8.3952E-10 8.0541E-10 7.7206E-10 7.3925E-10 7.0111E-10 6.6964E-10 6.3568E-10 6.0274E-10 5.6918E-10 5.4089E-10 5.0417E-10 4.7779E-10 4.4635E-10 4.1754E-10 3.8499E-10 3.6270E-10 3.3218E-10 3.0852E-10 2.8394E-10 2.5350E-10 2.2778E-10 1.9919E-10 1.7487E-10 1.4892E-10 1.2304E-10 1.0431E-10 7.9645E-11 6.1656E-11 4.1683E-11 2.6791E-11 1.3724E-11 2.2533E-12 6.9599E-13 0.0000E+00 0.0000E+00 0.0000E+00 0.0000E+00
1.6155E-09 1.5834E-09 1.5490E-09 1.5127E-09 1.4779E-09 1.4430E-09 1.4075E-09 1.3716E-09 1.3352E-09 1.2986E-09 1.2616E-09 1.2243E-09 1.1870E-09 1.1496E-09 1.1122E-09 1.0748E-09 1.0376E-09 1.0006E-09 9.6068E-10 9.2428E-10 8.8829E-10 8.5253E-10 8.1397E-10 7.7924E-10 7.3757E-10 7.0420E-10 6.7182E-10 6.3433E-10 6.0368E-10 5.7062E-10 5.3878E-10 5.0642E-10 4.7014E-10 4.4432E-10 4.1348E-10 3.8536E-10 3.5364E-10 3.2872E-10 3.0170E-10 2.6593E-10 2.4125E-10 2.2089E-10 1.9143E-10 1.6439E-10 1.3921E-10 1.1402E-10 9.5890E-11 7.2314E-11 5.3178E-11 3.7728E-11 1.8882E-11 8.6686E-12 1.1547E-12 0.0000E+00 0.0000E+00 0.0000E+00 0.0000E+00
1.6847E-09 1.6511E-09 1.6162E-09 1.5784E-09 1.5407E-09 1.5079E-09 1.4711E-09 1.4338E-09 1.3961E-09 1.3580E-09 1.3197E-09 1.2810E-09 1.2422E-09 1.1998E-09 1.1608E-09 1.1219E-09 1.0831E-09 1.0444E-09 1.0059E-09 9.6777E-10 9.3009E-10 8.9292E-10 8.5627E-10 8.1698E-10 7.8155E-10 7.4668E-10 7.0902E-10 6.6780E-10 6.3513E-10 5.9755E-10 5.6721E-10 5.3449E-10 5.0308E-10 4.6754E-10 4.3557E-10 4.1044E-10 3.8039E-10 3.4684E-10 3.1825E-10 2.8420E-10 2.5514E-10 2.3362E-10 2.1004E-10 1.8074E-10 1.5712E-10 1.3691E-10 1.0619E-10 8.4824E-11 6.6261E-11 4.2467E-11 3.0964E-11 1.6617E-11 4.5755E-12 0.0000E+00 0.0000E+00 0.0000E+00 0.0000E+00
1.7724E-09 1.7383E-09 1.7019E-09 1.6633E-09 1.6234E-09 1.5853E-09 1.5474E-09 1.5090E-09 1.4701E-09 1.4308E-09 1.3910E-09 1.3510E-09 1.3108E-09 1.2703E-09 1.2297E-09 1.1891E-09 1.1485E-09 1.1083E-09 1.0676E-09 1.0271E-09 9.8679E-10 9.4353E-10 9.0416E-10 8.6529E-10 8.2700E-10 7.8959E-10 7.4982E-10 7.1411E-10 6.7591E-10 6.3859E-10 6.0068E-10 5.6552E-10 5.2970E-10 5.0072E-10 4.6670E-10 4.2902E-10 4.0066E-10 3.7636E-10 3.4035E-10 3.0299E-10 2.7576E-10 2.4970E-10 2.2545E-10 2.0195E-10 1.7351E-10 1.5087E-10 1.2697E-10 9.8259E-11 7.2363E-11 5.8895E-11 3.8345E-11 2.2573E-11 1.2607E-11 1.6287E-12 0.0000E+00 0.0000E+00 0.0000E+00
1.8485E-09 1.8138E-09 1.7764E-09 1.7364E-09 1.6950E-09 1.6534E-09 1.6144E-09 1.5748E-09 1.5347E-09 1.4941E-09 1.4530E-09 1.4116E-09 1.3699E-09 1.3280E-09 1.2857E-09 1.2434E-09 1.2010E-09 1.1586E-09 1.1158E-09 1.0733E-09 1.0311E-09 9.8922E-10 9.4803E-10 9.0743E-10 8.6759E-10 8.2482E-10 7.8622E-10 7.4835E-10 7.1144E-10 6.7262E-10 6.3802E-10 5.9799E-10 5.6271E-10 5.2400E-10 4.9136E-10 4.6308E-10 4.2985E-10 3.9267E-10 3.5495E-10 3.2447E-10 2.9556E-10 2.6719E-10 2.4117E-10 2.1366E-10 1.9107E-10 1.6299E-10 1.4119E-10 1.1193E-10 8.9760E-11 6.6355E-11 4.9589E-11 3.2581E-11 1.6797E-11 6.7876E-12 1.5200E-12 0.0000E+00 0.0000E+00
1.9274E-09 1.8920E-09 1.8539E-09 1.8128E-09 1.7699E-09 1.7258E-09 1.6848E-09 1.6438E-09 1.6021E-09 1.5599E-09 1.5173E-09 1.4743E-09 1.4309E-09 1.3874E-09 1.3437E-09 1.2998E-09 1.2561E-09 1.2116E-09 1.1673E-09 1.1231E-09 1.0792E-09 1.0355E-09 9.9221E-10 9.4912E-10 9.0682E-10 8.6519E-10 8.2451E-10 7.8505E-10 7.4304E-10 7.0522E-10 6.6837E-10 6.2958E-10 5.9289E-10 5.5408E-10 5.2253E-10 4.8438E-10 4.5244E-10 4.1582E-10 3.7717E-10 3.4191E-10 3.1796E-10 2.8573E-10 2.5465E-10 2.2882E-10 2.0182E-10 1.7943E-10 1.5382E-10 1.2986E-10 1.0282E-10 8.0307E-11 6.0502E-11 4.2656E-11 2.5156E-11 1.1987E-11 5.7104E-12 0.0000E+00 0.0000E+00
2.0226E-09 1.9862E-09 1.9481E-09 1.9061E-09 1.8618E-09 1.8163E-09 1.7726E-09 1.7304E-09 1.6875E-09 1.6441E-09 1.6000E-09 1.5554E-09 1.5104E-09 1.4651E-09 1.4194E-09 1.3737E-09 1.3278E-09 1.2816E-09 1.2345E-09 1.1875E-09 1.1409E-09 1.0946E-09 1.0488E-09 1.0035E-09 9.5872E-10 9.1455E-10 8.7074E-10 8.2736E-10 7.8527E-10 7.4431E-10 7.0506E-10 6.6352E-10 6.2281E-10 5.8320E-10 5.5036E-10 5.1224E-10 4.8145E-10 4.3434E-10 4.0136E-10 3.6815E-10 3.3171E-10 3.0484E-10 2.7667E-10 2.4538E-10 2.1994E-10 1.9027E-10 1.7116E-10 1.4657E-10 1.1961E-10 9.4770E-11 7.0583E-11 5.1461E-11 3.2241E-11 2.0342E-11 1.0474E-11 1.4343E-12 0.0000E+00
2.1083E-09 2.0710E-09 2.0320E-09 1.9899E-09 1.9443E-09 1.8971E-09 1.8501E-09 1.8064E-09 1.7620E-09 1.7170E-09 1.6715E-09 1.6253E-09 1.5787E-09 1.5317E-09 1.4846E-09 1.4375E-09 1.3893E-09 1.3411E-09 1.2920E-09 1.2430E-09 1.1942E-09 1.1455E-09 1.0970E-09 1.0492E-09 1.0020E-09 9.5553E-10 9.1020E-10 8.6587E-10 8.2220E-10 7.7925E-10 7.3685E-10 6.9591E-10 6.5519E-10 6.1157E-10 5.7642E-10 5.3909E-10 5.0660E-10 4.5957E-10 4.1998E-10 3.8803E-10 3.5767E-10 3.2280E-10 2.9152E-10 2.6700E-10 2.3743E-10 2.0777E-10 1.8102E-10 1.6021E-10 1.3617E-10 1.0706E-10 8.4232E-11 6.1614E-11 4.1728E-11 2.8446E-11 1.3650E-11 5.8730E-12 1.3197E-12
2.2100E-09 2.1721E-09 2.1325E-09 2.0897E-09 2.0445E-09 1.9956E-09 1.9462E-09 1.9010E-09 1.8556E-09 1.8094E-09 1.7625E-09 1.7149E-09 1.6667E-09 1.6180E-09 1.5689E-09 1.5195E-09 1.4698E-09 1.4188E-09 1.3680E-09 1.3162E-09 1.2645E-09 1.2129E-09 1.1614E-09 1.1102E-09 1.0596E-09 1.0097E-09 9.6030E-10 9.1197E-10 8.6470E-10 8.1909E-10 7.7504E-10 7.3190E-10 6.8770E-10 6.4122E-10 6.0379E-10 5.6515E-10 5.2677E-10 4.8200E-10 4.5063E-10 4.1396E-10 3.7402E-10 3.4669E-10 3.1131E-10 2.7795E-10 2.5366E-10 2.2424E-10 1.9516E-10 1.6935E-10 1.4756E-10 1.2391E-10 9.4494E-11 7.3897E-11 5.0454E-11 3.2867E-11 1.9976E-11 9.7120E-12 4.3841E-12
2.3032E-09 2.2643E-09 2.2243E-09 2.1811E-09 2.1351E-09 2.0863E-09 2.0347E-09 1.9862E-09 1.9391E-09 1.8911E-09 1.8424E-09 1.7931E-09 1.7432E-09 1.6927E-09 1.6421E-09 1.5903E-09 1.5383E-09 1.4852E-09 1.4318E-09 1.3777E-09 1.3236E-09 1.2698E-09 1.2163E-09 1.1632E-09 1.1103E-09 1.0582E-09 1.0067E-09 9.5571E-10 9.0582E-10 8.5709E-10 8.0963E-10 7.6378E-10 7.2011E-10 6.7035E-10 6.3107E-10 5.9234E-10 5.4879E-10 5.0560E-10 4.7138E-10 4.3612E-10 3.9933E-10 3.6730E-10 3.3206E-10 3.0081E-10 2.6688E-10 2.4265E-10 2.1104E-10 1.8271E-10 1.6040E-10 1.3907E-10 1.0591E-10 8.2939E-11 5.7593E-11 4.0695E-11 2.5887E-11 1.4791E-11 7.7714E-12
2.4132E-09 2.3743E-09 2.3341E-09 2.2903E-09 2.2428E-09 2.1933E-09 2.1404E-09 2.0882E-09 2.0399E-09 1.9909E-09 1.9410E-09 1.8905E-09 1.8391E-09 1.7872E-09 1.7346E-09 1.6814E-09 1.6266E-09 1.5717E-09 1.5155E-09 1.4591E-09 1.4017E-09 1.3442E-09 1.2869E-09 1.2300E-09 1.1736E-09 1.1176E-09 1.0626E-09 1.0081E-09 9.5515E-10 9.0332E-10 8.5270E-10 8.0334E-10 7.5499E-10 6.9860E-10 6.5788E-10 6.1742E-10 5.6974E-10 5.2971E-10 4.9388E-10 4.5632E-10 4.2049E-10 3.8731E-10 3.5276E-10 3.1767E-10 2.8958E-10 2.5667E-10 2.2871E-10 1.9783E-10 1.6989E-10 1.4829E-10 1.1954E-10 9.3468E-11 6.8300E-11 4.7689E-11 3.3617E-11 2.1993E-11 1.2343E-11
2.5157E-09 2.4757E-09 2.4339E-09 2.3892E-09 2.3413E-09 2.2908E-09 2.2385E-09 2.1836E-09 2.1332E-09 2.0827E-09 2.0312E-09 1.9786E-09 1.9251E-09 1.8714E-09 1.8162E-09 1.7606E-09 1.7036E-09 1.6462E-09 1.5882E-09 1.5287E-09 1.4691E-09 1.4094E-09 1.3495E-09 1.2901E-09 1.2311E-09 1.1724E-09 1.1142E-09 1.0568E-09 1.0008E-09 9.4548E-10 8.9197E-10 8.4056E-10 7.9088E-10 7.3069E-10 6.8688E-10 6.3991E-10 5.9174E-10 5.5338E-10 5.1494E-10 4.7796E-10 4.4033E-10 4.0808E-10 3.7459E-10 3.4026E-10 3.0583E-10 2.7438E-10 2.4238E-10 2.1454E-10 1.8417E-10 1.5691E-10 1.3386E-10 1.0570E-10 7.8150E-11 5.7647E-11 4.0370E-11 2.7117E-11 1.7376E-11
2.6208E-09 2.5808E-09 2.5391E-09 2.4943E-09 2.4453E-09 2.3933E-09 2.3388E-09 2.2829E-09 2.2283E-09 2.1760E-09 2.1225E-09 2.0681E-09 2.0131E-09 1.9573E-09 1.9004E-09 1.8426E-09 1.7839E-09 1.7237E-09 1.6629E-09 1.6010E-09 1.5387E-09 1.4765E-09 1.4143E-09 1.3522E-09 1.2905E-09 1.2293E-09 1.1683E-09 1.1082E-09 1.0496E-09 9.9203E-10 9.3536E-10 8.8021E-10 8.2688E-10 7.6515E-10 7.1652E-10 6.6578E-10 6.1761E-10 5.7563E-10 5.3681E-10 4.9917E-10 4.6191E-10 4.2670E-10 3.9177E-10 3.5780E-10 3.2354E-10 2.9439E-10 2.6206E-10 2.2726E-10 1.9974E-10 1.7025E-10 1.4381E-10 1.1468E-10 9.2737E-11 6.5951E-11 4.9062E-11 3.4447E-11 1.9539E-11
2.7449E-09 2.7045E-09 2.6618E-09 2.6164E-09 2.5663E-09 2.5130E-09 2.4578E-09 2.4019E-09 2.3569E-09 2.3042E-09 2.2499E-09 2.1946E-09 2.1381E-09 2.0806E-09 2.0220E-09 1.9617E-09 1.9005E-09 1.8383E-09 1.7741E-09 1.7095E-09 1.6434E-09 1.5771E-09 1.5107E-09 1.4441E-09 1.3778E-09 1.3118E-09 1.2347E-09 1.1709E-09 1.1079E-09 1.0458E-09 9.8528E-10 9.2733E-10 8.7084E-10 8.0382E-10 7.4429E-10 6.8887E-10 6.4436E-10 6.0166E-10 5.5876E-10 5.1858E-10 4.8155E-10 4.4491E-10 4.0971E-10 3.7403E-10 3.4030E-10 3.0999E-10 2.7834E-10 2.4583E-10 2.1151E-10 1.8454E-10 1.5584E-10 1.2779E-10 1.0170E-10 7.9786E-11 5.7951E-11 4.0257E-11 2.3659E-11
2.8593E-09 2.8177E-09 2.7744E-09 2.7291E-09 2.6793E-09 2.6378E-09 2.5817E-09 2.5243E-09 2.4672E-09 2.4112E-09 2.3553E-09 2.2980E-09 2.2396E-09 2.1798E-09 2.1189E-09 2.0568E-09 1.9927E-09 1.9280E-09 1.8623E-09 1.7942E-09 1.7255E-09 1.6563E-09 1.5868E-09 1.5172E-09 1.4477E-09 1.3785E-09 1.3095E-09 1.2416E-09 1.1749E-09 1.0971E-09 1.0338E-09 9.7169E-10 9.1139E-10 8.4451E-10 7.7429E-10 7.1809E-10 6.7040E-10 6.2563E-10 5.8337E-10 5.4121E-10 5.0001E-10 4.6239E-10 4.2720E-10 3.9162E-10 3.5539E-10 3.2272E-10 2.9231E-10 2.6101E-10 2.2877E-10 1.9540E-10 1.6867E-10 1.3932E-10 1.1454E-10 8.8302E-11 6.5743E-11 4.6629E-11 3.0224E-11
2.9780E-09 2.9368E-09 2.9059E-09 2.8608E-09 2.8106E-09 2.7559E-09 2.6981E-09 2.6380E-09 2.5800E-09 2.5229E-09 2.4659E-09 2.4328E-09 2.3736E-09 2.3127E-09 2.2497E-09 2.1854E-09 2.1198E-09 2.0517E-09 1.9828E-09 1.9117E-09 1.8398E-09 1.7671E-09 1.6939E-09 1.6204E-09 1.5342E-09 1.4484E-09 1.3763E-09 1.3050E-09 1.2340E-09 1.1643E-09 1.0969E-09 1.0315E-09 9.5572E-10 8.8594E-10 8.0254E-10 7.4854E-10 7.0028E-10 6.5264E-10 6.0582E-10 5.6281E-10 5.2185E-10 4.8131E-10 4.4231E-10 4.0720E-10 3.7200E-10 3.3645E-10 3.0743E-10 2.7368E-10 2.4312E-10 2.1124E-10 1.7777E-10 1.5201E-10 1.2503E-10 9.8797E-11 7.6632E-11 5.0696E-11 3.6802E-11
3.1152E-09 3.0738E-09 3.0300E-09 2.9839E-09 2.9337E-09 2.8791E-09 2.8335E-09 2.7860E-09 2.7270E-09 2.6699E-09 2.6120E-09 2.5522E-09 2.4906E-09 2.4277E-09 2.3633E-09 2.2963E-09 2.2281E-09 2.1576E-09 2.0858E-09 2.0120E-09 1.9371E-09 1.8613E-09 1.7848E-09 1.7078E-09 1.6304E-09 1.5528E-09 1.4758E-09 1.3994E-09 1.3239E-09 1.2247E-09 1.1530E-09 1.0827E-09 1.0143E-09 9.4020E-10 8.4885E-10 7.8135E-10 7.2860E-10 6.7880E-10 6.3134E-10 5.8475E-10 5.4065E-10 5.0019E-10 4.6042E-10 4.2120E-10 3.8613E-10 3.5247E-10 3.2001E-10 2.8773E-10 2.5431E-10 2.2430E-10 1.9071E-10 1.6008E-10 1.3426E-10 1.1121E-10 8.3774E-11 5.9354E-11 4.1623E-11
3.2441E-09 3.2025E-09 3.1595E-09 3.1267E-09 3.0907E-09 3.0370E-09 2.9788E-09 2.9171E-09 2.8562E-09 2.7974E-09 2.7385E-09 2.6780E-09 2.6159E-09 2.5512E-09 2.4983E-09 2.4428E-09 2.3722E-09 2.2996E-09 2.2242E-09 2.1473E-09 2.0689E-09 1.9761E-09 1.8956E-09 1.8009E-09 1.7196E-09 1.6384E-09 1.5573E-09 1.4767E-09 1.3959E-09 1.3168E-09 1.2400E-09 1.1649E-09 1.0651E-09 9.8614E-10 8.8612E-10 8.2874E-10 7.7353E-10 7.0779E-10 6.5602E-10 6.0858E-10 5.6319E-10 5.1805E-10 4.7705E-10 4.3777E-10 3.9905E-10 3.6414E-10 3.3138E-10 2.9905E-10 2.6716E-10 2.3426E-10 2.0211E-10 1.6917E-10 1.4419E-10 1.1694E-10 9.5598E-11 6.9399E-11 5.0443E-11
3.3794E-09 3.3644E-09 3.3229E-09 3.2781E-09 3.2293E-09 3.1758E-09 3.1181E-09 3.0572E-09 2.9955E-09 2.9627E-09 2.9037E-09 2.8423E-09 2.7789E-09 2.7129E-09 2.6444E-09 2.5737E-09 2.5003E-09 2.4250E-09 2.3469E-09 2.2670E-09 2.1854E-09 2.1023E-09 2.0178E-09 1.9323E-09 1.8461E-09 1.7595E-09 1.6728E-09 1.5864E-09 1.4744E-09 1.3917E-09 1.3088E-09 1.2276E-09 1.1443E-09 1.0595E-09 9.4701E-10 8.6677E-10 8.0713E-10 7.5099E-10 6.8491E-10 6.3351E-10 5.8403E-10 5.3870E-10 4.9388E-10 4.5207E-10 4.1447E-10 3.7636E-10 3.4125E-10 3.0915E-10 2.7735E-10 2.4513E-10 2.1155E-10 1.8277E-10 1.4880E-10 1.2883E-10 1.0111E-10 7.6967E-11 5.5770E-11
3.5480E-09 3.5083E-09 3.4667E-09 3.4235E-09 3.3773E-09 3.3518E-09 3.2957E-09 3.2351E-09 3.1719E-09 3.1104E-09 3.0509E-09 2.9903E-09 2.9268E-09 2.8608E-09 2.7917E-09 2.7199E-09 2.6454E-09 2.5673E-09 2.4866E-09 2.4035E-09 2.3182E-09 2.2309E-09 2.1418E-09 2.0511E-09 1.9593E-09 1.8665E-09 1.7733E-09 1.6802E-09 1.5885E-09 1.4991E-09 1.4106E-09 1.3092E-09 1.2058E-09 1.1146E-09 1.0115E-09 9.3504E-10 8.5879E-10 7.8476E-10 7.2667E-10 6.7265E-10 6.0873E-10 5.5728E-10 5.1227E-10 4.6903E-10 4.2697E-10 3.8947E-10 3.5244E-10 3.1772E-10 2.8603E-10 2.5349E-10 2.2256E-10 1.9112E-10 1.6377E-10 1.3054E-10 1.0813E-10 8.5812E-11 6.0507E-11
3.6968E-09 3.6602E-09 3.6211E-09 3.6065E-09 3.5618E-09 3.5104E-09 3.4541E-09 3.3959E-09 3.3345E-09 3.2744E-09 3.2156E-09 3.1544E-09 3.0892E-09 3.0202E-09 2.9485E-09 2.8733E-09 2.7954E-09 2.7141E-09 2.6301E-09 2.5436E-09 2.4549E-09 2.3641E-09 2.2715E-09 2.1774E-09 2.0821E-09 1.9860E-09 1.8889E-09 1.7910E-09 1.6925E-09 1.5939E-09 1.4951E-09 1.3979E-09 1.3013E-09 1.2056E-09 1.0730E-09 9.8402E-10 9.1440E-10 8.4894E-10 7.7368E-10 7.0101E-10 6.4549E-10 5.9389E-10 5.3043E-10 4.8471E-10 4.4286E-10 4.0062E-10 3.6370E-10 3.2773E-10 2.9376E-10 2.5986E-10 2.2987E-10 2.0078E-10 1.6899E-10 1.3892E-10 1.1279E-10 9.1741E-11 6.8664E-11
3.8565E-09 3.8486E-09 3.8106E-09 3.7692E-09 3.7278E-09 3.6815E-09 3.6295E-09 3.5725E-09 3.5097E-09 3.4462E-09 3.3843E-09 3.3203E-09 3.2537E-09 3.1856E-09 3.1146E-09 3.0401E-09 2.9610E-09 2.8783E-09 2.7922E-09 2.7027E-09 2.6100E-09 2.5143E-09 2.4159E-09 2.3150E-09 2.2121E-09 2.1079E-09 2.0036E-09 1.9007E-09 1.7990E-09 1.6979E-09 1.5966E-09 1.4935E-09 1.3835E-09 1.2770E-09 1.1636E-09 1.0630E-09 9.6243E-10 8.9152E-10 8.2350E-10 7.5998E-10 6.7412E-10 6.1603E-10 5.6511E-10 5.0335E-10 4.5631E-10 4.1528E-10 3.7370E-10 3.3746E-10 3.0203E-10 2.6651E-10 2.3507E-10 2.0770E-10 1.7671E-10 1.4984E-10 1.2110E-10 9.7159E-11 7.0350E-11
4.0500E-09 4.0160E-09 3.9834E-09 3.9479E-09 3.9092E-09 3.8635E-09 3.8101E-09 3.7513E-09 3.6880E-09 3.6281E-09 3.5699E-09 3.5097E-09 3.4458E-09 3.3782E-09 3.3060E-09 3.2290E-09 3.1468E-09 3.0606E-09 2.9709E-09 2.8777E-09 2.7812E-09 2.6817E-09 2.5794E-09 2.4748E-09 2.3676E-09 2.2582E-09 2.1468E-09 2.0340E-09 1.9210E-09 1.8070E-09 1.6940E-09 1.5859E-09 1.4747E-09 1.3658E-09 1.2488E-09 1.1230E-09 1.0404E-09 9.6550E-10 8.6602E-10 7.9622E-10 7.3155E-10 6.5836E-10 5.8613E-10 5.3509E-10 4.7483E-10 4.2702E-10 3.8684E-10 3.4617E-10 3.0967E-10 2.7398E-10 2.4119E-10 2.1112E-10 1.8534E-10 1.5578E-10 1.2908E-10 1.0147E-10 7.8556E-11
4.2271E-09 4.1998E-09 4.1698E-09 4.1334E-09 4.0930E-09 4.0477E-09 4.0015E-09 3.9501E-09 3.8930E-09 3.8343E-09 3.7748E-09 3.7117E-09 3.6446E-09 3.5734E-09 3.4982E-09 3.4184E-09 3.3353E-09 3.2480E-09 3.1561E-09 3.0599E-09 2.9594E-09 2.8550E-09 2.7468E-09 2.6354E-09 2.5214E-09 2.4066E-09 2.2912E-09 2.1752E-09 2.0585E-09 1.9408E-09 1.8197E-09 1.6967E-09 1.5696E-09 1.4479E-09 1.3376E-09 1.1985E-09 1.1090E-09 1.0197E-09 9.3903E-10 8.6531E-10 7.6876E-10 7.0047E-10 6.4054E-10 5.5634E-10 5.0387E-10 4.4486E-10 3.9714E-10 3.5803E-10 3.1627E-10 2.8219E-10 2.4727E-10 2.1649E-10 1.8764E-10 1.6144E-10 1.3440E-10 1.1185E-10 8.0178E-11
4.4167E-09 4.3891E-09 4.3574E-09 4.3244E-09 4.2927E-09 4.2565E-09 4.2145E-09 4.1636E-09 4.1046E-09 4.0423E-09 3.9812E-09 3.9217E-09 3.8582E-09 3.7896E-09 3.7163E-09 3.6373E-09 3.5532E-09 3.4639E-09 3.3693E-09 3.2696E-09 3.1651E-09 3.0561E-09 2.9430E-09 2.8264E-09 2.7063E-09 2.5832E-09 2.4577E-09 2.3306E-09 2.2014E-09 2.0701E-09 1.9418E-09 1.8166E-09 1.6875E-09 1.5574E-09 1.4289E-09 1.2726E-09 1.1765E-09 1.0887E-09 1.0004E-09 9.1171E-10 8.3498E-10 7.3775E-10 6.6931E-10 6.0825E-10 5.2500E-10 4.7197E-10 4.1378E-10 3.6634E-10 3.2601E-10 2.8728E-10 2.5510E-10 2.2136E-10 1.9223E-10 1.6603E-10 1.4066E-10 1.1309E-10 8.3190E-11
