Assets/Resources/2015_m01_d10_1200(utc+0800)_l00_csi_1hr_conc.grd
DSAA
         159         159
     -79.000      79.000
     -79.000      79.000
  0.1042E-08  0.2650E-05
[rows 100 to 124 of 159, columns 0 to 56 of 159]
2.9251E-09 3.0040E-09 3.0841E-09 3.1672E-09 3.2519E-09 3.3388E-09 3.4280E-09 3.5197E-09 3.6136E-09 3.7096E-09 3.8070E-09 3.9067E-09 4.0101E-09 4.1137E-09 4.2212E-09 4.3290E-09 4.4408E-09 4.5583E-09 4.6785E-09 4.7987E-09 4.9176E-09 5.0373E-09 5.1589E-09 5.2855E-09 5.4378E-09 5.6145E-09 5.7865E-09 5.9430E-09 6.1006E-09 6.2611E-09 6.4235E-09 6.5873E-09 6.7521E-09 6.9203E-09 7.0919E-09 7.2670E-09 7.4410E-09 7.6226E-09 7.8285E-09 8.0139E-09 8.2191E-09 8.4339E-09 8.6377E-09 8.8678E-09 9.1132E-09 9.3605E-09 9.6329E-09 9.9054E-09 1.0183E-08 1.0492E-08 1.0807E-08 1.1148E-08 1.1539E-08 1.1959E-08 1.2404E-08 1.2808E-08 1.3240E-08
2.9251E-09 3.0037E-09 3.0837E-09 3.1662E-09 3.2509E-09 3.3375E-09 3.4262E-09 3.5175E-09 3.6103E-09 3.7062E-09 3.8026E-09 3.9023E-09 4.0048E-09 4.1080E-09 4.2148E-09 4.3218E-09 4.4325E-09 4.5494E-09 4.6681E-09 4.7869E-09 4.9057E-09 5.0244E-09 5.1449E-09 5.2703E-09 5.4210E-09 5.5956E-09 5.7657E-09 5.9204E-09 6.0761E-09 6.2346E-09 6.3949E-09 6.5566E-09 6.7192E-09 6.8850E-09 7.0542E-09 7.2075E-09 7.3775E-09 7.5628E-09 7.7354E-09 7.9375E-09 8.1413E-09 8.3365E-09 8.5506E-09 8.7732E-09 9.0074E-09 9.2492E-09 9.5022E-09 9.7666E-09 1.0039E-08 1.0335E-08 1.0651E-08 1.0978E-08 1.1366E-08 1.1790E-08 1.2222E-08 1.2624E-08 1.3043E-08
2.9245E-09 3.0025E-09 3.0826E-09 3.1649E-09 3.2492E-09 3.3354E-09 3.4234E-09 3.5144E-09 3.6067E-09 3.7012E-09 3.7979E-09 3.8970E-09 3.9984E-09 4.1013E-09 4.2067E-09 4.3136E-09 4.4231E-09 4.5394E-09 4.6570E-09 4.7749E-09 4.8926E-09 5.0102E-09 5.1296E-09 5.2538E-09 5.4028E-09 5.5662E-09 5.7423E-09 5.8963E-09 6.0465E-09 6.2066E-09 6.3648E-09 6.5242E-09 6.6845E-09 6.8480E-09 6.9930E-09 7.1479E-09 7.3160E-09 7.4821E-09 7.6643E-09 7.8537E-09 8.0513E-09 8.2556E-09 8.4575E-09 8.6754E-09 8.9009E-09 9.1286E-09 9.3778E-09 9.6218E-09 9.8898E-09 1.0177E-08 1.0484E-08 1.0816E-08 1.1169E-08 1.1616E-08 1.2048E-08 1.2433E-08 1.2848E-08
2.9234E-09 3.0011E-09 3.0809E-09 3.1628E-09 3.2465E-09 3.3325E-09 3.4200E-09 3.5106E-09 3.6021E-09 3.6962E-09 3.7923E-09 3.8903E-09 3.9906E-09 4.0928E-09 4.1979E-09 4.3044E-09 4.4130E-09 4.5283E-09 4.6449E-09 4.7617E-09 4.8783E-09 4.9948E-09 5.1130E-09 5.2328E-09 5.3832E-09 5.5447E-09 5.7187E-09 5.8707E-09 6.0190E-09 6.1769E-09 6.3330E-09 6.4903E-09 6.6441E-09 6.7857E-09 6.9367E-09 7.0850E-09 7.2360E-09 7.4102E-09 7.5864E-09 7.7706E-09 7.9644E-09 8.1634E-09 8.3666E-09 8.5779E-09 8.7895E-09 9.0135E-09 9.2399E-09 9.4825E-09 9.7485E-09 1.0025E-08 1.0331E-08 1.0662E-08 1.1006E-08 1.1450E-08 1.1864E-08 1.2247E-08 1.1882E-08
2.9217E-09 2.9991E-09 3.0786E-09 3.1595E-09 3.2433E-09 3.3288E-09 3.4159E-09 3.5053E-09 3.5968E-09 3.6904E-09 3.7859E-09 3.8831E-09 3.9827E-09 4.0842E-09 4.1877E-09 4.2941E-09 4.4018E-09 4.5135E-09 4.6316E-09 4.7473E-09 4.8628E-09 4.9782E-09 5.0952E-09 5.2138E-09 5.3532E-09 5.5219E-09 5.6846E-09 5.8437E-09 5.9901E-09 6.1424E-09 6.2997E-09 6.4466E-09 6.5854E-09 6.7324E-09 6.8728E-09 7.0157E-09 7.1738E-09 7.3330E-09 7.5094E-09 7.6984E-09 7.8746E-09 8.0675E-09 8.2715E-09 8.4696E-09 8.6795E-09 8.8922E-09 9.1140E-09 9.3500E-09 9.6010E-09 9.8767E-09 1.0179E-08 1.0496E-08 1.0842E-08 1.1249E-08 1.1604E-08 1.1266E-08 1.1271E-08
2.9194E-09 2.9964E-09 3.0755E-09 3.1560E-09 3.2388E-09 3.3238E-09 3.4110E-09 3.4998E-09 3.5902E-09 3.6835E-09 3.7783E-09 3.8751E-09 3.9740E-09 4.0744E-09 4.1773E-09 4.2816E-09 4.3884E-09 4.4999E-09 4.6172E-09 4.7319E-09 4.8462E-09 4.9605E-09 5.0762E-09 5.1935E-09 5.3282E-09 5.4796E-09 5.6583E-09 5.8148E-09 5.9557E-09 6.1099E-09 6.2525E-09 6.3918E-09 6.5349E-09 6.6681E-09 6.8082E-09 6.9566E-09 7.0923E-09 7.2564E-09 7.4326E-09 7.6116E-09 7.7928E-09 7.9746E-09 8.1623E-09 8.3654E-09 8.5599E-09 8.7681E-09 8.9916E-09 9.2223E-09 9.4675E-09 9.7280E-09 1.0024E-08 1.0339E-08 1.0673E-08 1.0902E-08 1.0713E-08 1.0715E-08 1.0732E-08
2.9165E-09 2.9926E-09 3.0718E-09 3.1519E-09 3.2342E-09 3.3181E-09 3.4051E-09 3.4935E-09 3.5833E-09 3.6760E-09 3.7695E-09 3.8662E-09 3.9643E-09 4.0639E-09 4.1659E-09 4.2694E-09 4.3752E-09 4.4848E-09 4.5993E-09 4.7153E-09 4.8285E-09 4.9415E-09 5.0561E-09 5.1721E-09 5.3052E-09 5.4515E-09 5.6308E-09 5.7851E-09 5.9241E-09 6.0624E-09 6.2010E-09 6.3423E-09 6.4706E-09 6.6077E-09 6.7485E-09 6.8816E-09 7.0257E-09 7.1853E-09 7.3520E-09 7.5274E-09 7.6994E-09 7.8768E-09 8.0622E-09 8.2554E-09 8.4476E-09 8.6508E-09 8.8671E-09 9.1009E-09 9.3374E-09 9.5949E-09 9.8633E-09 1.0175E-08 1.0156E-08 1.0122E-08 1.0185E-08 1.0216E-08 1.0307E-08
2.9130E-09 2.9887E-09 3.0675E-09 3.1471E-09 3.2289E-09 3.3123E-09 3.3981E-09 3.4866E-09 3.5757E-09 3.6677E-09 3.7605E-09 3.8564E-09 3.9537E-09 4.0525E-09 4.1536E-09 4.2562E-09 4.3610E-09 4.4696E-09 4.5825E-09 4.6964E-09 4.8097E-09 4.9215E-09 5.0348E-09 5.1496E-09 5.2720E-09 5.4254E-09 5.5914E-09 5.7536E-09 5.8757E-09 6.0141E-09 6.1521E-09 6.2787E-09 6.4139E-09 6.5472E-09 6.6783E-09 6.8190E-09 6.9554E-09 7.1057E-09 7.2757E-09 7.4366E-09 7.6067E-09 7.7801E-09 7.9580E-09 8.1395E-09 8.3357E-09 8.5392E-09 8.7512E-09 8.9719E-09 9.2077E-09 9.4537E-09 9.7172E-09 9.5771E-09 9.5699E-09 9.6433E-09 9.7216E-09 9.8284E-09 9.9147E-09
2.9089E-09 2.9841E-09 3.0619E-09 3.1416E-09 3.2229E-09 3.3058E-09 3.3910E-09 3.4777E-09 3.5673E-09 3.6580E-09 3.7507E-09 3.8452E-09 3.9415E-09 4.0402E-09 4.1396E-09 4.2420E-09 4.3450E-09 4.4508E-09 4.5651E-09 4.6778E-09 4.7889E-09 4.9004E-09 5.0125E-09 5.1259E-09 5.2438E-09 5.3980E-09 5.5593E-09 5.7046E-09 5.8303E-09 5.9609E-09 6.0923E-09 6.2253E-09 6.3531E-09 6.4819E-09 6.6192E-09 6.7493E-09 6.8861E-09 7.0329E-09 7.1876E-09 7.3459E-09 7.5084E-09 7.6765E-09 7.8590E-09 8.0343E-09 8.2254E-09 8.4237E-09 8.6353E-09 8.8543E-09 9.0779E-09 9.3235E-09 9.0907E-09 9.0979E-09 9.1148E-09 9.1906E-09 9.3507E-09 9.4895E-09 9.6981E-09
2.9036E-09 2.9790E-09 3.0563E-09 3.1355E-09 3.2157E-09 3.2986E-09 3.3832E-09 3.4692E-09 3.5580E-09 3.6482E-09 3.7401E-09 3.8338E-09 3.9287E-09 4.0271E-09 4.1255E-09 4.2269E-09 4.3289E-09 4.4337E-09 4.5467E-09 4.6581E-09 4.7681E-09 4.8783E-09 4.9891E-09 5.1012E-09 5.2176E-09 5.3555E-09 5.5129E-09 5.6528E-09 5.7801E-09 5.9054E-09 6.0420E-09 6.1648E-09 6.2922E-09 6.4257E-09 6.5504E-09 6.6842E-09 6.8152E-09 6.9477E-09 7.1014E-09 7.2562E-09 7.4157E-09 7.5835E-09 7.7545E-09 7.9301E-09 8.1160E-09 8.3146E-09 8.5238E-09 8.7321E-09 8.9199E-09 8.6908E-09 8.6748E-09 8.6812E-09 8.7194E-09 8.8141E-09 9.0686E-09 9.2989E-09 9.4550E-09
2.8983E-09 2.9731E-09 3.0501E-09 3.1282E-09 3.2084E-09 3.2907E-09 3.3742E-09 3.4601E-09 3.5476E-09 3.6376E-09 3.7282E-09 3.8217E-09 3.9156E-09 4.0121E-09 4.1106E-09 4.2102E-09 4.3119E-09 4.4148E-09 4.5249E-09 4.6375E-09 4.7462E-09 4.8552E-09 4.9647E-09 5.0755E-09 5.1799E-09 5.3100E-09 5.4640E-09 5.6026E-09 5.7285E-09 5.8547E-09 5.9788E-09 6.1078E-09 6.2365E-09 6.3585E-09 6.4877E-09 6.6144E-09 6.7381E-09 6.8660E-09 7.0126E-09 7.1642E-09 7.3210E-09 7.4844E-09 7.6557E-09 7.8316E-09 8.0133E-09 8.2085E-09 8.4031E-09 8.5189E-09 8.3329E-09 8.3205E-09 8.3079E-09 8.3378E-09 8.3965E-09 8.5651E-09 8.8720E-09 9.0695E-09 9.2894E-09
2.8925E-09 2.9667E-09 3.0425E-09 3.1209E-09 3.2003E-09 3.2817E-09 3.3650E-09 3.4503E-09 3.5370E-09 3.6257E-09 3.7161E-09 3.8087E-09 3.9018E-09 3.9973E-09 4.0948E-09 4.1934E-09 4.2941E-09 4.3958E-09 4.5047E-09 4.6160E-09 4.7235E-09 4.8312E-09 4.9394E-09 5.0394E-09 5.1405E-09 5.2638E-09 5.3972E-09 5.5545E-09 5.6809E-09 5.7927E-09 5.9254E-09 6.0520E-09 6.1732E-09 6.2976E-09 6.4206E-09 6.5408E-09 6.6642E-09 6.7853E-09 6.9255E-09 7.0732E-09 7.2343E-09 7.3956E-09 7.5565E-09 7.7292E-09 7.9123E-09 8.0950E-09 8.1003E-09 8.0013E-09 7.9927E-09 7.9803E-09 8.0142E-09 8.0603E-09 8.1916E-09 8.3925E-09 8.6540E-09 8.9240E-09 9.1208E-09
2.8861E-09 2.9599E-09 3.0351E-09 3.1129E-09 3.1913E-09 3.2725E-09 3.3552E-09 3.4392E-09 3.5258E-09 3.6131E-09 3.7032E-09 3.7941E-09 3.8871E-09 3.9817E-09 4.0775E-09 4.1758E-09 4.2746E-09 4.3760E-09 4.4828E-09 4.5912E-09 4.6998E-09 4.8062E-09 4.9024E-09 5.0021E-09 5.1036E-09 5.2159E-09 5.3520E-09 5.4987E-09 5.6254E-09 5.7427E-09 5.8668E-09 5.9918E-09 6.1142E-09 6.2322E-09 6.3504E-09 6.4688E-09 6.5867E-09 6.7081E-09 6.8387E-09 6.9913E-09 7.1437E-09 7.2955E-09 7.4651E-09 7.6316E-09 7.8059E-09 7.7396E-09 7.7009E-09 7.6831E-09 7.6752E-09 7.7200E-09 7.7661E-09 7.8950E-09 8.0330E-09 8.1855E-09 8.4928E-09 8.7439E-09 8.9022E-09
2.8787E-09 2.9525E-09 3.0272E-09 3.1045E-09 3.1822E-09 3.2628E-09 3.3440E-09 3.4281E-09 3.5133E-09 3.6003E-09 3.6896E-09 3.7796E-09 3.8715E-09 3.9645E-09 4.0601E-09 4.1563E-09 4.2551E-09 4.3546E-09 4.4585E-09 4.5680E-09 4.6741E-09 4.7687E-09 4.8670E-09 4.9643E-09 5.0582E-09 5.1635E-09 5.2970E-09 5.4469E-09 5.5782E-09 5.6884E-09 5.8117E-09 5.9348E-09 6.0503E-09 6.1666E-09 6.2804E-09 6.3953E-09 6.5131E-09 6.6307E-09 6.7569E-09 6.9009E-09 7.0541E-09 7.2099E-09 7.3664E-09 7.5321E-09 7.4238E-09 7.4110E-09 7.3950E-09 7.3950E-09 7.4307E-09 7.4955E-09 7.6221E-09 7.7389E-09 7.8851E-09 8.0685E-09 8.2409E-09 8.5514E-09 8.7387E-09
2.8713E-09 2.9446E-09 3.0182E-09 3.0949E-09 3.1725E-09 3.2519E-09 3.3330E-09 3.4163E-09 3.5005E-09 3.5869E-09 3.6745E-09 3.7639E-09 3.8548E-09 3.9474E-09 4.0420E-09 4.1371E-09 4.2348E-09 4.3329E-09 4.4335E-09 4.5404E-09 4.6367E-09 4.7350E-09 4.8287E-09 4.9219E-09 5.0198E-09 5.1154E-09 5.2502E-09 5.3931E-09 5.5242E-09 5.6368E-09 5.7534E-09 5.8713E-09 5.9877E-09 6.0986E-09 6.2106E-09 6.3252E-09 6.4397E-09 6.5575E-09 6.6762E-09 6.8209E-09 6.9680E-09 7.1159E-09 7.2616E-09 7.1346E-09 7.1347E-09 7.1304E-09 7.1368E-09 7.1706E-09 7.2451E-09 7.3630E-09 7.4667E-09 7.6147E-09 7.7849E-09 7.8991E-09 8.0502E-09 8.3758E-09 8.5303E-09
2.8629E-09 2.9356E-09 3.0092E-09 3.0852E-09 3.1622E-09 3.2409E-09 3.3213E-09 3.4030E-09 3.4867E-09 3.5723E-09 3.6596E-09 3.7480E-09 3.8380E-09 3.9288E-09 4.0223E-09 4.1164E-09 4.2130E-09 4.3099E-09 4.4044E-09 4.5037E-09 4.6045E-09 4.6965E-09 4.7889E-09 4.8853E-09 4.9750E-09 5.0694E-09 5.1963E-09 5.3329E-09 5.4749E-09 5.5827E-09 5.6903E-09 5.8117E-09 5.9231E-09 6.0323E-09 6.1428E-09 6.2553E-09 6.3696E-09 6.4849E-09 6.6009E-09 6.7393E-09 6.8795E-09 6.9776E-09 6.8758E-09 6.8766E-09 6.8720E-09 6.8908E-09 6.9276E-09 7.0071E-09 7.1254E-09 7.2227E-09 7.3592E-09 7.5209E-09 7.6168E-09 7.7424E-09 7.8948E-09 8.1499E-09 8.3909E-09
2.8545E-09 2.9267E-09 2.9997E-09 3.0745E-09 3.1512E-09 3.2288E-09 3.3085E-09 3.3900E-09 3.4728E-09 3.5574E-09 3.6434E-09 3.7309E-09 3.8205E-09 3.9101E-09 4.0028E-09 4.0958E-09 4.1912E-09 4.2808E-09 4.3722E-09 4.4731E-09 4.5661E-09 4.6591E-09 4.7529E-09 4.8410E-09 4.9343E-09 5.0278E-09 5.1397E-09 5.2772E-09 5.4142E-09 5.5252E-09 5.6303E-09 5.7460E-09 5.8599E-09 5.9665E-09 6.0769E-09 6.1880E-09 6.3001E-09 6.4128E-09 6.5277E-09 6.6556E-09 6.6933E-09 6.6378E-09 6.6435E-09 6.6418E-09 6.6668E-09 6.7035E-09 6.7911E-09 6.9034E-09 6.9962E-09 7.1271E-09 7.2495E-09 7.3427E-09 7.4734E-09 7.5951E-09 7.7366E-09 7.9501E-09 8.2243E-09
2.8451E-09 2.9167E-09 2.9894E-09 3.0638E-09 3.1398E-09 3.2160E-09 3.2956E-09 3.3758E-09 3.4578E-09 3.5420E-09 3.6266E-09 3.7137E-09 3.8017E-09 3.8909E-09 3.9825E-09 4.0741E-09 4.1609E-09 4.2501E-09 4.3415E-09 4.4326E-09 4.5299E-09 4.6227E-09 4.7103E-09 4.8024E-09 4.8928E-09 4.9834E-09 5.0842E-09 5.2265E-09 5.3518E-09 5.4699E-09 5.5705E-09 5.6829E-09 5.7951E-09 5.9035E-09 6.0114E-09 6.1202E-09 6.2310E-09 6.3412E-09 6.4529E-09 6.4255E-09 6.4110E-09 6.4222E-09 6.4235E-09 6.4554E-09 6.4987E-09 6.5843E-09 6.6814E-09 6.7798E-09 6.9048E-09 7.0114E-09 7.1020E-09 7.2130E-09 7.3243E-09 7.4594E-09 7.6199E-09 7.7875E-09 8.0877E-09
2.8358E-09 2.9067E-09 2.9788E-09 3.0520E-09 3.1273E-09 3.2033E-09 3.2816E-09 3.3608E-09 3.4427E-09 3.5255E-09 3.6095E-09 3.6953E-09 3.7821E-09 3.8711E-09 3.9603E-09 4.0444E-09 4.1320E-09 4.2197E-09 4.3051E-09 4.3969E-09 4.4935E-09 4.5828E-09 4.6736E-09 4.7613E-09 4.8509E-09 4.9409E-09 5.0341E-09 5.1683E-09 5.2896E-09 5.4126E-09 5.5134E-09 5.6195E-09 5.7347E-09 5.8409E-09 5.9466E-09 6.0548E-09 6.1612E-09 6.2708E-09 6.2183E-09 6.2033E-09 6.2103E-09 6.2198E-09 6.2515E-09 6.3060E-09 6.3930E-09 6.4770E-09 6.5820E-09 6.7015E-09 6.7930E-09 6.8779E-09 6.9835E-09 7.0710E-09 7.1927E-09 7.3588E-09 7.4729E-09 7.6711E-09 7.9548E-09
2.8259E-09 2.8958E-09 2.9678E-09 3.0398E-09 3.1149E-09 3.1901E-09 3.2677E-09 3.3460E-09 3.4265E-09 3.5082E-09 3.5920E-09 3.6769E-09 3.7627E-09 3.8482E-09 3.9302E-09 4.0169E-09 4.1004E-09 4.1856E-09 4.2725E-09 4.3586E-09 4.4537E-09 4.5469E-09 4.6329E-09 4.7216E-09 4.8097E-09 4.8949E-09 4.9851E-09 5.1081E-09 5.2282E-09 5.3580E-09 5.4565E-09 5.5558E-09 5.6739E-09 5.7787E-09 5.8838E-09 5.9873E-09 6.0920E-09 6.0265E-09 6.0264E-09 6.0279E-09 6.0287E-09 6.0617E-09 6.1194E-09 6.2066E-09 6.2850E-09 6.3865E-09 6.5004E-09 6.5853E-09 6.6632E-09 6.7587E-09 6.8431E-09 6.9586E-09 7.0887E-09 7.2006E-09 7.3682E-09 7.5414E-09 7.7508E-09
2.8156E-09 2.8849E-09 2.9560E-09 3.0275E-09 3.1014E-09 3.1762E-09 3.2526E-09 3.3307E-09 3.4103E-09 3.4906E-09 3.5735E-09 3.6571E-09 3.7389E-09 3.8206E-09 3.9040E-09 3.9857E-09 4.0676E-09 4.1548E-09 4.2362E-09 4.3227E-09 4.4195E-09 4.5070E-09 4.5950E-09 4.6808E-09 4.7647E-09 4.8507E-09 4.9346E-09 5.0503E-09 5.1680E-09 5.3032E-09 5.4014E-09 5.4992E-09 5.6131E-09 5.7185E-09 5.8191E-09 5.8990E-09 5.8475E-09 5.8574E-09 5.8584E-09 5.8668E-09 5.8984E-09 5.9558E-09 6.0287E-09 6.1092E-09 6.2094E-09 6.3186E-09 6.3845E-09 6.4576E-09 6.5474E-09 6.6314E-09 6.7414E-09 6.8530E-09 6.9695E-09 7.1053E-09 7.2349E-09 7.4209E-09 7.6437E-09
2.8049E-09 2.8730E-09 2.9439E-09 3.0148E-09 3.0879E-09 3.1620E-09 3.2371E-09 3.3146E-09 3.3931E-09 3.4729E-09 3.5549E-09 3.6331E-09 3.7128E-09 3.7950E-09 3.8728E-09 3.9555E-09 4.0386E-09 4.1190E-09 4.2030E-09 4.2884E-09 4.3788E-09 4.4693E-09 4.5551E-09 4.6378E-09 4.7223E-09 4.8044E-09 4.8883E-09 4.9820E-09 5.1173E-09 5.2423E-09 5.3472E-09 5.4424E-09 5.5524E-09 5.6564E-09 5.7062E-09 5.6785E-09 5.6949E-09 5.6962E-09 5.7137E-09 5.7527E-09 5.8113E-09 5.8822E-09 5.9570E-09 6.0406E-09 6.1341E-09 6.1962E-09 6.2693E-09 6.3499E-09 6.4340E-09 6.5388E-09 6.6325E-09 6.7391E-09 6.8700E-09 6.9837E-09 7.1232E-09 7.3206E-09 7.4977E-09
2.7937E-09 2.8607E-09 2.9309E-09 3.0014E-09 3.0734E-09 3.1473E-09 3.2210E-09 3.2977E-09 3.3753E-09 3.4546E-09 3.5307E-09 3.6076E-09 3.6880E-09 3.7646E-09 3.8442E-09 3.9256E-09 4.0043E-09 4.0876E-09 4.1694E-09 4.2516E-09 4.3407E-09 4.4306E-09 4.5139E-09 4.5961E-09 4.6772E-09 4.7597E-09 4.8410E-09 4.9297E-09 5.0578E-09 5.1738E-09 5.2920E-09 5.3865E-09 5.4839E-09 5.5191E-09 5.5169E-09 5.5378E-09 5.5411E-09 5.5657E-09 5.6112E-09 5.6735E-09 5.7419E-09 5.8159E-09 5.8971E-09 5.9722E-09 6.0269E-09 6.0854E-09 6.1621E-09 6.2487E-09 6.3483E-09 6.4334E-09 6.5415E-09 6.6566E-09 6.7486E-09 6.8832E-09 7.0148E-09 7.1786E-09 7.3911E-09
2.7821E-09 2.8484E-09 2.9175E-09 2.9877E-09 3.0580E-09 3.1319E-09 3.2050E-09 3.2809E-09 3.3568E-09 3.4304E-09 3.5066E-09 3.5832E-09 3.6589E-09 3.7367E-09 3.8150E-09 3.8929E-09 3.9744E-09 4.0539E-09 4.1354E-09 4.2166E-09 4.2984E-09 4.3905E-09 4.4731E-09 4.5532E-09 4.6341E-09 4.7145E-09 4.7960E-09 4.8775E-09 4.9993E-09 5.1068E-09 5.2374E-09 5.3307E-09 5.3329E-09 5.3599E-09 5.3807E-09 5.3923E-09 5.4234E-09 5.4738E-09 5.5389E-09 5.6070E-09 5.6802E-09 5.7582E-09 5.8271E-09 5.8779E-09 5.9341E-09 5.9999E-09 6.0699E-09 6.1649E-09 6.2429E-09 6.3461E-09 6.4522E-09 6.5433E-09 6.6571E-09 6.7730E-09 6.8990E-09 7.0476E-09 7.2538E-09
2.7700E-09 2.8357E-09 2.9036E-09 2.9734E-09 3.0431E-09 3.1157E-09 3.1885E-09 3.2620E-09 3.3334E-09 3.4075E-09 3.4809E-09 3.5557E-09 3.6326E-09 3.7075E-09 3.7850E-09 3.8637E-09 3.9418E-09 4.0202E-09 4.1019E-09 4.1792E-09 4.2612E-09 4.3486E-09 4.4321E-09 4.5115E-09 4.5909E-09 4.6709E-09 4.7512E-09 4.8311E-09 4.9263E-09 5.0545E-09 5.1823E-09 5.1750E-09 5.1938E-09 5.2273E-09 5.2495E-09 5.2856E-09 5.3402E-09 5.4073E-09 5.4748E-09 5.5485E-09 5.6262E-09 5.6888E-09 5.7359E-09 5.7936E-09 5.8574E-09 5.9251E-09 6.0007E-09 6.0723E-09 6.1673E-09 6.2556E-09 6.3470E-09 6.4589E-09 6.5548E-09 6.6679E-09 6.7950E-09 6.9191E-09 7.1439E-09
