Assets/Resources/2015_m01_d17_0500(utc+0800)_l00_csi_1hr_conc.grd
DSAA
         159         159
     -79.000      79.000
     -79.000      79.000
  0.0000E+00  0.5878E-04
[rows 0 to 24 of 159, columns 57 to 113 of 159]
8.2154E-10 9.0903E-10 1.0020E-09 1.1001E-09 1.2044E-09 1.3132E-09 1.4257E-09 1.5428E-09 1.6632E-09 1.7863E-09 1.9105E-09 2.0364E-09 2.1624E-09 2.2874E-09 2.4101E-09 2.5298E-09 2.6457E-09 2.7569E-09 2.8621E-09 2.9591E-09 3.0478E-09 3.1278E-09 3.1979E-09 3.2561E-09 3.3026E-09 3.3368E-09 3.3585E-09 3.3674E-09 3.3634E-09 3.3464E-09 3.3166E-09 3.2743E-09 3.2202E-09 3.1548E-09 3.0788E-09 2.9931E-09 2.8985E-09 2.7959E-09 2.6865E-09 2.5714E-09 2.4515E-09 2.3280E-09 2.2021E-09 2.0747E-09 1.9469E-09 1.8198E-09 1.6942E-09 1.5708E-09 1.4506E-09 1.3343E-09 1.2223E-09 1.1153E-09 1.0136E-09 9.1714E-10 8.2642E-10 7.4166E-10 6.6289E-10
8.6175E-10 9.5402E-10 1.0517E-09 1.1563E-09 1.2660E-09 1.3802E-09 1.4997E-09 1.6236E-09 1.7510E-09 1.8805E-09 2.0128E-09 2.1462E-09 2.2798E-09 2.4118E-09 2.5423E-09 2.6701E-09 2.7941E-09 2.9123E-09 3.0231E-09 3.1273E-09 3.2229E-09 3.3080E-09 3.3820E-09 3.4443E-09 3.4945E-09 3.5319E-09 3.5560E-09 3.5660E-09 3.5624E-09 3.5453E-09 3.5147E-09 3.4709E-09 3.4146E-09 3.3461E-09 3.2664E-09 3.1763E-09 3.0766E-09 2.9685E-09 2.8530E-09 2.7312E-09 2.6044E-09 2.4738E-09 2.3403E-09 2.2052E-09 2.0697E-09 1.9348E-09 1.8013E-09 1.6703E-09 1.5426E-09 1.4189E-09 1.2999E-09 1.1860E-09 1.0778E-09 9.7540E-10 8.7919E-10 7.8927E-10 7.0525E-10
9.0132E-10 9.9769E-10 1.1014E-09 1.2113E-09 1.3261E-09 1.4470E-09 1.5732E-09 1.7036E-09 1.8374E-09 1.9749E-09 2.1146E-09 2.2554E-09 2.3959E-09 2.5362E-09 2.6751E-09 2.8111E-09 2.9415E-09 3.0666E-09 3.1859E-09 3.2967E-09 3.3976E-09 3.4879E-09 3.5671E-09 3.6342E-09 3.6883E-09 3.7284E-09 3.7544E-09 3.7662E-09 3.7637E-09 3.7467E-09 3.7158E-09 3.6711E-09 3.6130E-09 3.5420E-09 3.4591E-09 3.3650E-09 3.2605E-09 3.1469E-09 3.0254E-09 2.8971E-09 2.7635E-09 2.6255E-09 2.4845E-09 2.3417E-09 2.1983E-09 2.0553E-09 1.9138E-09 1.7747E-09 1.6390E-09 1.5074E-09 1.3807E-09 1.2595E-09 1.1441E-09 1.0352E-09 9.3296E-10 8.3742E-10 7.4859E-10
9.3919E-10 1.0409E-09 1.1500E-09 1.2643E-09 1.3853E-09 1.5126E-09 1.6450E-09 1.7815E-09 1.9230E-09 2.0678E-09 2.2146E-09 2.3626E-09 2.5115E-09 2.6605E-09 2.8074E-09 2.9497E-09 3.0887E-09 3.2224E-09 3.3478E-09 3.4646E-09 3.5716E-09 3.6680E-09 3.7525E-09 3.8238E-09 3.8814E-09 3.9248E-09 3.9536E-09 3.9679E-09 3.9670E-09 3.9511E-09 3.9202E-09 3.8745E-09 3.8145E-09 3.7411E-09 3.6548E-09 3.5567E-09 3.4478E-09 3.3290E-09 3.2017E-09 3.0671E-09 2.9264E-09 2.7811E-09 2.6325E-09 2.4818E-09 2.3303E-09 2.1791E-09 2.0293E-09 1.8821E-09 1.7384E-09 1.5991E-09 1.4648E-09 1.3363E-09 1.2137E-09 1.0979E-09 9.8899E-10 8.8717E-10 7.9272E-10
9.7598E-10 1.0831E-09 1.1960E-09 1.3159E-09 1.4430E-09 1.5761E-09 1.7141E-09 1.8581E-09 2.0065E-09 2.1581E-09 2.3120E-09 2.4682E-09 2.6260E-09 2.7823E-09 2.9357E-09 3.0875E-09 3.2344E-09 3.3745E-09 3.5066E-09 3.6303E-09 3.7442E-09 3.8461E-09 3.9356E-09 4.0117E-09 4.0739E-09 4.1219E-09 4.1545E-09 4.1714E-09 4.1721E-09 4.1570E-09 4.1261E-09 4.0801E-09 4.0189E-09 3.9430E-09 3.8535E-09 3.7514E-09 3.6377E-09 3.5137E-09 3.3805E-09 3.2394E-09 3.0920E-09 2.9394E-09 2.7831E-09 2.6245E-09 2.4648E-09 2.3055E-09 2.1476E-09 1.9922E-09 1.8405E-09 1.6933E-09 1.5515E-09 1.4153E-09 1.2857E-09 1.1630E-09 1.0476E-09 9.3943E-10 8.3890E-10
1.0120E-09 1.1226E-09 1.2400E-09 1.3658E-09 1.4983E-09 1.6364E-09 1.7813E-09 1.9319E-09 2.0866E-09 2.2449E-09 2.4068E-09 2.5703E-09 2.7362E-09 2.8994E-09 3.0627E-09 3.2218E-09 3.3755E-09 3.5225E-09 3.6624E-09 3.7930E-09 3.9127E-09 4.0207E-09 4.1160E-09 4.1982E-09 4.2659E-09 4.3177E-09 4.3537E-09 4.3736E-09 4.3772E-09 4.3635E-09 4.3330E-09 4.2862E-09 4.2236E-09 4.1457E-09 4.0534E-09 3.9478E-09 3.8299E-09 3.7009E-09 3.5622E-09 3.4150E-09 3.2608E-09 3.1010E-09 2.9371E-09 2.7707E-09 2.6029E-09 2.4353E-09 2.2691E-09 2.1055E-09 1.9455E-09 1.7900E-09 1.6401E-09 1.4964E-09 1.3595E-09 1.2299E-09 1.1077E-09 9.9323E-10 8.8672E-10
1.0453E-09 1.1595E-09 1.2824E-09 1.4131E-09 1.5499E-09 1.6942E-09 1.8454E-09 2.0018E-09 2.1627E-09 2.3286E-09 2.4974E-09 2.6700E-09 2.8413E-09 3.0127E-09 3.1844E-09 3.3503E-09 3.5113E-09 3.6664E-09 3.8130E-09 3.9501E-09 4.0764E-09 4.1915E-09 4.2938E-09 4.3813E-09 4.4539E-09 4.5111E-09 4.5519E-09 4.5748E-09 4.5800E-09 4.5678E-09 4.5382E-09 4.4915E-09 4.4281E-09 4.3488E-09 4.2540E-09 4.1449E-09 4.0229E-09 3.8890E-09 3.7448E-09 3.5915E-09 3.4308E-09 3.2641E-09 3.0929E-09 2.9188E-09 2.7433E-09 2.5677E-09 2.3935E-09 2.2215E-09 2.0531E-09 1.8894E-09 1.7314E-09 1.5798E-09 1.4351E-09 1.2980E-09 1.1689E-09 1.0482E-09 9.3578E-10
1.0757E-09 1.1944E-09 1.3220E-09 1.4564E-09 1.5986E-09 1.7488E-09 1.9053E-09 2.0671E-09 2.2352E-09 2.4076E-09 2.5827E-09 2.7626E-09 2.9418E-09 3.1230E-09 3.2995E-09 3.4730E-09 3.6419E-09 3.8035E-09 3.9571E-09 4.1017E-09 4.2358E-09 4.3576E-09 4.4658E-09 4.5603E-09 4.6392E-09 4.7009E-09 4.7448E-09 4.7711E-09 4.7795E-09 4.7697E-09 4.7414E-09 4.6950E-09 4.6312E-09 4.5506E-09 4.4539E-09 4.3423E-09 4.2169E-09 4.0789E-09 3.9297E-09 3.7708E-09 3.6038E-09 3.4302E-09 3.2518E-09 3.0699E-09 2.8863E-09 2.7023E-09 2.5195E-09 2.3391E-09 2.1624E-09 1.9906E-09 1.8248E-09 1.6652E-09 1.5128E-09 1.3682E-09 1.2321E-09 1.1044E-09 9.8565E-10
1.1036E-09 1.2270E-09 1.3578E-09 1.4963E-09 1.6441E-09 1.7991E-09 1.9602E-09 2.1285E-09 2.3026E-09 2.4807E-09 2.6623E-09 2.8498E-09 3.0359E-09 3.2239E-09 3.4082E-09 3.5893E-09 3.7646E-09 3.9334E-09 4.0952E-09 4.2476E-09 4.3881E-09 4.5177E-09 4.6338E-09 4.7338E-09 4.8173E-09 4.8840E-09 4.9331E-09 4.9638E-09 4.9753E-09 4.9676E-09 4.9412E-09 4.8961E-09 4.8324E-09 4.7512E-09 4.6532E-09 4.5393E-09 4.4108E-09 4.2691E-09 4.1154E-09 3.9514E-09 3.7786E-09 3.5986E-09 3.4131E-09 3.2237E-09 3.0323E-09 2.8402E-09 2.6490E-09 2.4601E-09 2.2745E-09 2.0940E-09 1.9195E-09 1.7518E-09 1.5917E-09 1.4403E-09 1.2969E-09 1.1624E-09 1.0373E-09
1.1297E-09 1.2559E-09 1.3898E-09 1.5332E-09 1.6854E-09 1.8441E-09 2.0107E-09 2.1847E-09 2.3638E-09 2.5475E-09 2.7360E-09 2.9300E-09 3.1219E-09 3.3174E-09 3.5088E-09 3.6963E-09 3.8793E-09 4.0566E-09 4.2253E-09 4.3850E-09 4.5349E-09 4.6712E-09 4.7926E-09 4.8991E-09 4.9895E-09 5.0618E-09 5.1157E-09 5.1505E-09 5.1656E-09 5.1613E-09 5.1371E-09 5.0935E-09 5.0309E-09 4.9495E-09 4.8502E-09 4.7348E-09 4.6039E-09 4.4588E-09 4.3010E-09 4.1321E-09 3.9539E-09 3.7680E-09 3.5759E-09 3.3795E-09 3.1805E-09 2.9805E-09 2.7810E-09 2.5834E-09 2.3894E-09 2.2003E-09 2.0173E-09 1.8411E-09 1.6729E-09 1.5132E-09 1.3627E-09 1.2220E-09 1.0905E-09
1.1526E-09 1.2809E-09 1.4185E-09 1.5661E-09 1.7211E-09 1.8842E-09 2.0561E-09 2.2343E-09 2.4180E-09 2.6082E-09 2.8022E-09 3.0016E-09 3.2001E-09 3.4024E-09 3.5997E-09 3.7938E-09 3.9857E-09 4.1694E-09 4.3473E-09 4.5158E-09 4.6707E-09 4.8138E-09 4.9434E-09 5.0566E-09 5.1530E-09 5.2309E-09 5.2901E-09 5.3300E-09 5.3500E-09 5.3493E-09 5.3281E-09 5.2870E-09 5.2261E-09 5.1458E-09 5.0471E-09 4.9306E-09 4.7981E-09 4.6506E-09 4.4895E-09 4.3162E-09 4.1325E-09 3.9403E-09 3.7414E-09 3.5375E-09 3.3305E-09 3.1221E-09 2.9142E-09 2.7082E-09 2.5059E-09 2.3087E-09 2.1173E-09 1.9328E-09 1.7564E-09 1.5890E-09 1.4308E-09 1.2825E-09 1.1444E-09
1.1714E-09 1.3022E-09 1.4437E-09 1.5937E-09 1.7518E-09 1.9197E-09 2.0952E-09 2.2770E-09 2.4662E-09 2.6612E-09 2.8627E-09 3.0649E-09 3.2694E-09 3.4771E-09 3.6803E-09 3.8834E-09 4.0801E-09 4.2737E-09 4.4585E-09 4.6326E-09 4.7967E-09 4.9477E-09 5.0837E-09 5.2034E-09 5.3063E-09 5.3911E-09 5.4570E-09 5.5025E-09 5.5277E-09 5.5319E-09 5.5150E-09 5.4768E-09 5.4181E-09 5.3400E-09 5.2423E-09 5.1259E-09 4.9921E-09 4.8422E-09 4.6779E-09 4.5006E-09 4.3120E-09 4.1141E-09 3.9087E-09 3.6977E-09 3.4831E-09 3.2668E-09 3.0506E-09 2.8358E-09 2.6247E-09 2.4185E-09 2.2185E-09 2.0259E-09 1.8421E-09 1.6667E-09 1.5009E-09 1.3455E-09 1.2005E-09
1.1865E-09 1.3201E-09 1.4643E-09 1.6162E-09 1.7779E-09 1.9493E-09 2.1273E-09 2.3133E-09 2.5070E-09 2.7055E-09 2.9117E-09 3.1194E-09 3.3280E-09 3.5414E-09 3.7531E-09 3.9600E-09 4.1650E-09 4.3657E-09 4.5569E-09 4.7404E-09 4.9113E-09 5.0685E-09 5.2120E-09 5.3399E-09 5.4506E-09 5.5427E-09 5.6151E-09 5.6666E-09 5.6975E-09 5.7077E-09 5.6962E-09 5.6628E-09 5.6075E-09 5.5310E-09 5.4342E-09 5.3180E-09 5.1834E-09 5.0317E-09 4.8646E-09 4.6836E-09 4.4906E-09 4.2875E-09 4.0762E-09 3.8588E-09 3.6373E-09 3.4134E-09 3.1889E-09 2.9660E-09 2.7463E-09 2.5315E-09 2.3227E-09 2.1215E-09 1.9288E-09 1.7456E-09 1.5729E-09 1.4103E-09 1.2583E-09
1.1979E-09 1.3345E-09 1.4795E-09 1.6336E-09 1.7988E-09 1.9718E-09 2.1528E-09 2.3430E-09 2.5395E-09 2.7412E-09 2.9527E-09 3.1635E-09 3.3766E-09 3.5952E-09 3.8128E-09 4.0279E-09 4.2402E-09 4.4463E-09 4.6457E-09 4.8339E-09 5.0122E-09 5.1788E-09 5.3310E-09 5.4667E-09 5.5845E-09 5.6843E-09 5.7646E-09 5.8247E-09 5.8629E-09 5.8785E-09 5.8721E-09 5.8433E-09 5.7921E-09 5.7188E-09 5.6240E-09 5.5087E-09 5.3738E-09 5.2209E-09 5.0516E-09 4.8674E-09 4.6703E-09 4.4621E-09 4.2449E-09 4.0209E-09 3.7921E-09 3.5607E-09 3.3285E-09 3.0975E-09 2.8700E-09 2.6468E-09 2.4294E-09 2.2196E-09 2.0187E-09 1.8273E-09 1.6463E-09 1.4762E-09 1.3181E-09
1.2062E-09 1.3438E-09 1.4899E-09 1.6469E-09 1.8134E-09 1.9880E-09 2.1724E-09 2.3650E-09 2.5635E-09 2.7691E-09 2.9834E-09 3.1978E-09 3.4191E-09 3.6417E-09 3.8640E-09 4.0817E-09 4.3018E-09 4.5171E-09 4.7210E-09 4.9178E-09 5.1049E-09 5.2787E-09 5.4384E-09 5.5830E-09 5.7103E-09 5.8190E-09 5.9071E-09 5.9742E-09 6.0194E-09 6.0421E-09 6.0417E-09 6.0180E-09 5.9710E-09 5.9011E-09 5.8089E-09 5.6951E-09 5.5610E-09 5.4077E-09 5.2369E-09 5.0503E-09 4.8497E-09 4.6372E-09 4.4149E-09 4.1850E-09 3.9495E-09 3.7108E-09 3.4706E-09 3.2314E-09 2.9951E-09 2.7633E-09 2.5378E-09 2.3204E-09 2.1110E-09 1.9114E-09 1.7227E-09 1.5450E-09 1.3790E-09
1.2111E-09 1.3484E-09 1.4956E-09 1.6548E-09 1.8216E-09 1.9981E-09 2.1850E-09 2.3786E-09 2.5797E-09 2.7878E-09 3.0046E-09 3.2223E-09 3.4474E-09 3.6745E-09 3.9020E-09 4.1311E-09 4.3568E-09 4.5735E-09 4.7879E-09 4.9929E-09 5.1862E-09 5.3682E-09 5.5369E-09 5.6904E-09 5.8262E-09 5.9434E-09 6.0400E-09 6.1152E-09 6.1682E-09 6.1981E-09 6.2043E-09 6.1858E-09 6.1435E-09 6.0774E-09 5.9881E-09 5.8765E-09 5.7435E-09 5.5904E-09 5.4189E-09 5.2306E-09 5.0275E-09 4.8115E-09 4.5849E-09 4.3497E-09 4.1083E-09 3.8624E-09 3.6148E-09 3.3678E-09 3.1233E-09 2.8829E-09 2.6488E-09 2.4223E-09 2.2049E-09 1.9980E-09 1.8012E-09 1.6157E-09 1.4425E-09
1.2108E-09 1.3484E-09 1.4975E-09 1.6562E-09 1.8238E-09 2.0026E-09 2.1897E-09 2.3844E-09 2.5880E-09 2.7972E-09 3.0168E-09 3.2371E-09 3.4696E-09 3.7006E-09 3.9293E-09 4.1657E-09 4.3971E-09 4.6253E-09 4.8443E-09 5.0549E-09 5.2574E-09 5.4488E-09 5.6255E-09 5.7867E-09 5.9310E-09 6.0567E-09 6.1625E-09 6.2470E-09 6.3083E-09 6.3457E-09 6.3588E-09 6.3473E-09 6.3110E-09 6.2502E-09 6.1650E-09 6.0565E-09 5.9256E-09 5.7736E-09 5.6020E-09 5.4122E-09 5.2063E-09 4.9865E-09 4.7552E-09 4.5146E-09 4.2669E-09 4.0145E-09 3.7600E-09 3.5059E-09 3.2536E-09 3.0050E-09 2.7625E-09 2.5276E-09 2.3015E-09 2.0857E-09 1.8810E-09 1.6887E-09 1.5076E-09
1.2064E-09 1.3439E-09 1.4940E-09 1.6520E-09 1.8205E-09 2.0000E-09 2.1870E-09 2.3834E-09 2.5874E-09 2.7980E-09 3.0196E-09 3.2422E-09 3.4788E-09 3.7138E-09 3.9548E-09 4.1931E-09 4.4282E-09 4.6623E-09 4.8879E-09 5.1083E-09 5.3181E-09 5.5159E-09 5.7011E-09 5.8715E-09 6.0255E-09 6.1605E-09 6.2753E-09 6.3685E-09 6.4388E-09 6.4850E-09 6.5063E-09 6.5023E-09 6.4727E-09 6.4177E-09 6.3377E-09 6.2331E-09 6.1046E-09 5.9540E-09 5.7825E-09 5.5921E-09 5.3846E-09 5.1617E-09 4.9263E-09 4.6808E-09 4.4276E-09 4.1687E-09 3.9071E-09 3.6451E-09 3.3848E-09 3.1286E-09 2.8786E-09 2.6349E-09 2.4004E-09 2.1762E-09 1.9631E-09 1.7621E-09 1.5741E-09
1.1980E-09 1.3365E-09 1.4848E-09 1.6424E-09 1.8121E-09 1.9902E-09 2.1772E-09 2.3746E-09 2.5788E-09 2.7948E-09 3.0136E-09 3.2424E-09 3.4818E-09 3.7209E-09 3.9667E-09 4.2085E-09 4.4506E-09 4.6884E-09 4.9225E-09 5.1480E-09 5.3645E-09 5.5714E-09 5.7664E-09 5.9456E-09 6.1088E-09 6.2532E-09 6.3777E-09 6.4806E-09 6.5605E-09 6.6161E-09 6.6459E-09 6.6499E-09 6.6270E-09 6.5779E-09 6.5029E-09 6.4025E-09 6.2778E-09 6.1293E-09 5.9588E-09 5.7684E-09 5.5599E-09 5.3355E-09 5.0974E-09 4.8481E-09 4.5895E-09 4.3247E-09 4.0565E-09 3.7872E-09 3.5190E-09 3.2544E-09 2.9954E-09 2.7438E-09 2.5017E-09 2.2686E-09 2.0471E-09 1.8384E-09 1.6422E-09
1.1855E-09 1.3240E-09 1.4706E-09 1.6277E-09 1.7987E-09 1.9785E-09 2.1670E-09 2.3639E-09 2.5690E-09 2.7866E-09 3.0117E-09 3.2432E-09 3.4822E-09 3.7300E-09 3.9806E-09 4.2293E-09 4.4749E-09 4.7233E-09 4.9624E-09 5.1971E-09 5.4255E-09 5.6423E-09 5.8469E-09 6.0374E-09 6.2121E-09 6.3689E-09 6.5052E-09 6.6191E-09 6.7093E-09 6.7747E-09 6.8144E-09 6.8276E-09 6.8139E-09 6.7725E-09 6.7035E-09 6.6081E-09 6.4872E-09 6.3417E-09 6.1730E-09 5.9828E-09 5.7731E-09 5.5462E-09 5.3044E-09 5.0502E-09 4.7862E-09 4.5151E-09 4.2394E-09 3.9615E-09 3.6838E-09 3.4094E-09 3.1402E-09 2.8778E-09 2.6244E-09 2.3815E-09 2.1509E-09 1.9316E-09 1.7262E-09
1.1695E-09 1.3063E-09 1.4515E-09 1.6108E-09 1.7800E-09 1.9567E-09 2.1447E-09 2.3431E-09 2.5508E-09 2.7694E-09 2.9962E-09 3.2302E-09 3.4819E-09 3.7299E-09 3.9809E-09 4.2376E-09 4.4943E-09 4.7446E-09 4.9952E-09 5.2404E-09 5.4772E-09 5.7046E-09 5.9214E-09 6.1251E-09 6.3112E-09 6.4791E-09 6.6272E-09 6.7534E-09 6.8562E-09 6.9339E-09 6.9844E-09 7.0078E-09 7.0034E-09 6.9708E-09 6.9100E-09 6.8210E-09 6.7051E-09 6.5632E-09 6.3968E-09 6.2074E-09 5.9970E-09 5.7678E-09 5.5222E-09 5.2629E-09 4.9925E-09 4.7138E-09 4.4298E-09 4.1432E-09 3.8566E-09 3.5724E-09 3.2917E-09 3.0181E-09 2.7536E-09 2.4993E-09 2.2571E-09 2.0285E-09 1.8134E-09
1.1511E-09 1.2843E-09 1.4292E-09 1.5885E-09 1.7536E-09 1.9298E-09 2.1179E-09 2.3157E-09 2.5203E-09 2.7432E-09 2.9705E-09 3.2063E-09 3.4551E-09 3.7100E-09 3.9656E-09 4.2232E-09 4.4840E-09 4.7452E-09 5.0017E-09 5.2522E-09 5.4981E-09 5.7356E-09 5.9607E-09 6.1728E-09 6.3697E-09 6.5492E-09 6.7080E-09 6.8451E-09 6.9589E-09 7.0475E-09 7.1097E-09 7.1438E-09 7.1494E-09 7.1260E-09 7.0734E-09 6.9920E-09 6.8821E-09 6.7450E-09 6.5821E-09 6.3949E-09 6.1852E-09 5.9553E-09 5.7077E-09 5.4449E-09 5.1700E-09 4.8859E-09 4.5955E-09 4.3016E-09 4.0069E-09 3.7140E-09 3.4253E-09 3.1431E-09 2.8683E-09 2.6044E-09 2.3530E-09 2.1146E-09 1.8908E-09
1.1272E-09 1.2582E-09 1.4053E-09 1.5589E-09 1.7218E-09 1.8986E-09 2.0860E-09 2.2837E-09 2.4878E-09 2.7113E-09 2.9395E-09 3.1873E-09 3.4345E-09 3.6878E-09 3.9521E-09 4.2167E-09 4.4816E-09 4.7506E-09 5.0141E-09 5.2757E-09 5.5310E-09 5.7780E-09 6.0145E-09 6.2384E-09 6.4476E-09 6.6399E-09 6.8129E-09 6.9643E-09 7.0920E-09 7.1944E-09 7.2698E-09 7.3170E-09 7.3348E-09 7.3226E-09 7.2799E-09 7.2069E-09 7.1040E-09 6.9720E-09 6.8121E-09 6.6264E-09 6.4168E-09 6.1853E-09 5.9345E-09 5.6672E-09 5.3863E-09 5.0952E-09 4.7965E-09 4.4933E-09 4.1883E-09 3.8845E-09 3.5845E-09 3.2908E-09 3.0057E-09 2.7307E-09 2.4673E-09 2.2182E-09 1.9838E-09
1.0999E-09 1.2282E-09 1.3745E-09 1.5246E-09 1.6852E-09 1.8632E-09 2.0491E-09 2.2416E-09 2.4436E-09 2.6714E-09 2.8940E-09 3.1431E-09 3.3966E-09 3.6532E-09 3.9151E-09 4.1873E-09 4.4596E-09 4.7288E-09 5.0022E-09 5.2690E-09 5.5314E-09 5.7871E-09 6.0339E-09 6.2691E-09 6.4901E-09 6.6948E-09 6.8807E-09 7.0456E-09 7.1871E-09 7.3033E-09 7.3924E-09 7.4526E-09 7.4828E-09 7.4821E-09 7.4498E-09 7.3859E-09 7.2906E-09 7.1647E-09 7.0093E-09 6.8260E-09 6.6169E-09 6.3848E-09 6.1325E-09 5.8622E-09 5.5773E-09 5.2805E-09 4.9749E-09 4.6638E-09 4.3500E-09 4.0367E-09 3.7268E-09 3.4230E-09 3.1278E-09 2.8432E-09 2.5711E-09 2.3117E-09 2.0678E-09
1.0694E-09 1.1948E-09 1.3390E-09 1.4859E-09 1.6452E-09 1.8235E-09 2.0034E-09 2.1933E-09 2.3942E-09 2.6255E-09 2.8533E-09 3.1047E-09 3.3610E-09 3.6202E-09 3.8881E-09 4.1660E-09 4.4396E-09 4.7207E-09 4.9988E-09 5.2758E-09 5.5493E-09 5.8173E-09 6.0774E-09 6.3271E-09 6.5638E-09 6.7850E-09 6.9879E-09 7.1700E-09 7.3288E-09 7.4621E-09 7.5676E-09 7.6436E-09 7.6885E-09 7.7012E-09 7.6807E-09 7.6269E-09 7.5399E-09 7.4201E-09 7.2688E-09 7.0874E-09 6.8781E-09 6.6435E-09 6.3866E-09 6.1110E-09 5.8191E-09 5.5137E-09 5.1981E-09 4.8757E-09 4.5499E-09 4.2239E-09 3.9010E-09 3.5840E-09 3.2756E-09 2.9781E-09 2.6935E-09 2.4234E-09 2.1680E-09
