Assets/Resources/2015_m01_d17_2100(utc+0800)_l00_csi_1hr_conc.grd
DSAA
         159         159
     -79.000      79.000
     -79.000      79.000
  0.0000E+00  0.7873E-04
[rows 25 to 49 of 159, columns 57 to 113 of 159]
8.0588E-09 7.8792E-09 7.6937E-09 7.5030E-09 7.3077E-09 7.1084E-09 6.9059E-09 6.7008E-09 6.4936E-09 6.2851E-09 6.0758E-09 5.8664E-09 5.6570E-09 5.4484E-09 5.2469E-09 5.0416E-09 4.8387E-09 4.6386E-09 4.4419E-09 4.2488E-09 4.0596E-09 3.8745E-09 3.6941E-09 3.5110E-09 3.3406E-09 3.1758E-09 3.0166E-09 2.8630E-09 2.7032E-09 2.5613E-09 2.4249E-09 2.2828E-09 2.1603E-09 2.0434E-09 1.9320E-09 1.8161E-09 1.7160E-09 1.6209E-09 1.5306E-09 1.4375E-09 1.3571E-09 1.2686E-09 1.1839E-09 1.1130E-09 1.0349E-09 9.6617E-10 9.1015E-10 8.6180E-10 8.1292E-10 7.5556E-10 7.1612E-10 6.7213E-10 6.3700E-10 6.0347E-10 5.6551E-10 5.2947E-10 4.9585E-10
8.2748E-09 8.0912E-09 7.9014E-09 7.7061E-09 7.5060E-09 7.3017E-09 7.0939E-09 6.8832E-09 6.6704E-09 6.4560E-09 6.2467E-09 6.0315E-09 5.8161E-09 5.6015E-09 5.3880E-09 5.1764E-09 4.9672E-09 4.7608E-09 4.5577E-09 4.3583E-09 4.1627E-09 3.9715E-09 3.7849E-09 3.6032E-09 3.4271E-09 3.2475E-09 3.0829E-09 2.9388E-09 2.7847E-09 2.6364E-09 2.4811E-09 2.3328E-09 2.2058E-09 2.0846E-09 1.9691E-09 1.8592E-09 1.7476E-09 1.6398E-09 1.5473E-09 1.4596E-09 1.3766E-09 1.2912E-09 1.2000E-09 1.1188E-09 1.0543E-09 9.7983E-10 9.1609E-10 8.6258E-10 8.1621E-10 7.6221E-10 7.1470E-10 6.7048E-10 6.3530E-10 6.0175E-10 5.6364E-10 5.2747E-10 4.9374E-10
8.4919E-09 8.3046E-09 8.1107E-09 7.9111E-09 7.7063E-09 7.4971E-09 7.2842E-09 7.0740E-09 6.8801E-09 6.6616E-09 6.4419E-09 6.2214E-09 5.9733E-09 5.7524E-09 5.5326E-09 5.3147E-09 5.0990E-09 4.8926E-09 4.6833E-09 4.5016E-09 4.2994E-09 4.1016E-09 3.9082E-09 3.7198E-09 3.5299E-09 3.3528E-09 3.1701E-09 3.0049E-09 2.8453E-09 2.6917E-09 2.5574E-09 2.4148E-09 2.2559E-09 2.1300E-09 2.0101E-09 1.8959E-09 1.7875E-09 1.6771E-09 1.5734E-09 1.4740E-09 1.3891E-09 1.3088E-09 1.2210E-09 1.1331E-09 1.0641E-09 9.9416E-10 9.2486E-10 8.6663E-10 8.1609E-10 7.6741E-10 7.1272E-10 6.6832E-10 6.3313E-10 5.9957E-10 5.6134E-10 5.3158E-10 4.9127E-10
8.7269E-09 8.5375E-09 8.3414E-09 8.1392E-09 7.9316E-09 7.7253E-09 7.5096E-09 7.2905E-09 7.0688E-09 6.8450E-09 6.6198E-09 6.4201E-09 6.1926E-09 5.9706E-09 5.7167E-09 5.4932E-09 5.2719E-09 5.0531E-09 4.8374E-09 4.6250E-09 4.4164E-09 4.2120E-09 4.0369E-09 3.8418E-09 3.6522E-09 3.4587E-09 3.2805E-09 3.1078E-09 2.9277E-09 2.7670E-09 2.6125E-09 2.4648E-09 2.3125E-09 2.1944E-09 2.0684E-09 1.9372E-09 1.8244E-09 1.7175E-09 1.6162E-09 1.5057E-09 1.4102E-09 1.3193E-09 1.2358E-09 1.1521E-09 1.0774E-09 1.0006E-09 9.3778E-10 8.7105E-10 8.1919E-10 7.6963E-10 7.2155E-10 6.7244E-10 6.3047E-10 5.9694E-10 5.5863E-10 5.2892E-10 4.9472E-10
8.9486E-09 8.7564E-09 8.5571E-09 8.3769E-09 8.1680E-09 7.9540E-09 7.7357E-09 7.5139E-09 7.2890E-09 7.0618E-09 6.8393E-09 6.6096E-09 6.3773E-09 6.1434E-09 5.9396E-09 5.7086E-09 5.4508E-09 5.2261E-09 5.0041E-09 4.7852E-09 4.5766E-09 4.3654E-09 4.1586E-09 3.9573E-09 3.7612E-09 3.5886E-09 3.4029E-09 3.2109E-09 3.0368E-09 2.8679E-09 2.6903E-09 2.5360E-09 2.3762E-09 2.2392E-09 2.1087E-09 1.9846E-09 1.8668E-09 1.7443E-09 1.6399E-09 1.5411E-09 1.4479E-09 1.3458E-09 1.2522E-09 1.1657E-09 1.0850E-09 1.0123E-09 9.4819E-10 8.7963E-10 8.2264E-10 7.7211E-10 7.2285E-10 6.7790E-10 6.2734E-10 5.9385E-10 5.5550E-10 5.2587E-10 4.9166E-10
9.1887E-09 9.0018E-09 8.8025E-09 8.5965E-09 8.3846E-09 8.1674E-09 7.9679E-09 7.7502E-09 7.5238E-09 7.2948E-09 7.0636E-09 6.8309E-09 6.5955E-09 6.3575E-09 6.1197E-09 5.8893E-09 5.6542E-09 5.4209E-09 5.1934E-09 4.9687E-09 4.7472E-09 4.5293E-09 4.3158E-09 4.1072E-09 3.9037E-09 3.7054E-09 3.5029E-09 3.3155E-09 3.1337E-09 2.9436E-09 2.7751E-09 2.6138E-09 2.4440E-09 2.2866E-09 2.1513E-09 2.0227E-09 1.9007E-09 1.7852E-09 1.6759E-09 1.5627E-09 1.4666E-09 1.3762E-09 1.2833E-09 1.1755E-09 1.0969E-09 1.0246E-09 9.5363E-10 8.8393E-10 8.2658E-10 7.7956E-10 7.2764E-10 6.8065E-10 6.2373E-10 5.9033E-10 5.5197E-10 5.2244E-10 4.8824E-10
9.4359E-09 9.2442E-09 9.0450E-09 8.8390E-09 8.6269E-09 8.4153E-09 8.1935E-09 7.9676E-09 7.7381E-09 7.5056E-09 7.2707E-09 7.0339E-09 6.8012E-09 6.5588E-09 6.3162E-09 6.0740E-09 5.8329E-09 5.5933E-09 5.3591E-09 5.1282E-09 4.9000E-09 4.6753E-09 4.4551E-09 4.2466E-09 4.0361E-09 3.8307E-09 3.6227E-09 3.4279E-09 3.2257E-09 3.0425E-09 2.8666E-09 2.6815E-09 2.5240E-09 2.3536E-09 2.2118E-09 2.0632E-09 1.9367E-09 1.8170E-09 1.7039E-09 1.5972E-09 1.4967E-09 1.3930E-09 1.3054E-09 1.2134E-09 1.1049E-09 1.0286E-09 9.6458E-10 9.0151E-10 8.2977E-10 7.7861E-10 7.2969E-10 6.8456E-10 6.2835E-10 5.8635E-10 5.5466E-10 5.1862E-10 4.8447E-10
9.6670E-09 9.4748E-09 9.2748E-09 9.0736E-09 8.8609E-09 8.6424E-09 8.4187E-09 8.1906E-09 7.9585E-09 7.7295E-09 7.4922E-09 7.2526E-09 7.0106E-09 6.7636E-09 6.5161E-09 6.2686E-09 6.0218E-09 5.7829E-09 5.5427E-09 5.3058E-09 5.0715E-09 4.8406E-09 4.6138E-09 4.3912E-09 4.1732E-09 3.9601E-09 3.7518E-09 3.5388E-09 3.3408E-09 3.1497E-09 2.9509E-09 2.7765E-09 2.5918E-09 2.4351E-09 2.2858E-09 2.1226E-09 1.9897E-09 1.8509E-09 1.7336E-09 1.6231E-09 1.5191E-09 1.4215E-09 1.3298E-09 1.2378E-09 1.1360E-09 1.0544E-09 9.6717E-10 9.0614E-10 8.3810E-10 7.8191E-10 7.2795E-10 6.8585E-10 6.3021E-10 5.8195E-10 5.5039E-10 5.1443E-10 4.8036E-10
9.8987E-09 9.7067E-09 9.5131E-09 9.3066E-09 9.0933E-09 8.8739E-09 8.6491E-09 8.4257E-09 8.1927E-09 7.9560E-09 7.7163E-09 7.4740E-09 7.2293E-09 6.9784E-09 6.7334E-09 6.4817E-09 6.2302E-09 5.9791E-09 5.7325E-09 5.4895E-09 5.2488E-09 5.0114E-09 4.7775E-09 4.5475E-09 4.3220E-09 4.1006E-09 3.8843E-09 3.6722E-09 3.4659E-09 3.2536E-09 3.0615E-09 2.8803E-09 2.6895E-09 2.5246E-09 2.3458E-09 2.1977E-09 2.0572E-09 1.9025E-09 1.7791E-09 1.6630E-09 1.5430E-09 1.4419E-09 1.3472E-09 1.2546E-09 1.1572E-09 1.0775E-09 9.9505E-10 9.0742E-10 8.4155E-10 7.8449E-10 7.3034E-10 6.8730E-10 6.3707E-10 5.8898E-10 5.4572E-10 5.0988E-10 4.7592E-10
1.0137E-08 9.9468E-09 9.7484E-09 9.5424E-09 9.3294E-09 9.1100E-09 8.8917E-09 8.6622E-09 8.4284E-09 8.1905E-09 7.9491E-09 7.7047E-09 7.4652E-09 7.2121E-09 6.9571E-09 6.7011E-09 6.4447E-09 6.1882E-09 5.9353E-09 5.6865E-09 5.4476E-09 5.2041E-09 4.9636E-09 4.7265E-09 4.4933E-09 4.2638E-09 4.0284E-09 3.8072E-09 3.5921E-09 3.3838E-09 3.1840E-09 2.9786E-09 2.7971E-09 2.6022E-09 2.4375E-09 2.2808E-09 2.1093E-09 1.9705E-09 1.8396E-09 1.6946E-09 1.5812E-09 1.4748E-09 1.3657E-09 1.2740E-09 1.1732E-09 1.0899E-09 1.0089E-09 9.4062E-10 8.4478E-10 7.8687E-10 7.2847E-10 6.8508E-10 6.3775E-10 5.9703E-10 5.4066E-10 5.0496E-10 4.7115E-10
1.0370E-08 1.0182E-08 9.9856E-09 9.7811E-09 9.5758E-09 9.3581E-09 9.1344E-09 8.9053E-09 8.6715E-09 8.4332E-09 8.1986E-09 7.9538E-09 7.7061E-09 7.4513E-09 7.1933E-09 6.9337E-09 6.6805E-09 6.4199E-09 6.1616E-09 5.9080E-09 5.6559E-09 5.4059E-09 5.1583E-09 4.9137E-09 4.6721E-09 4.4342E-09 4.1995E-09 3.9693E-09 3.7308E-09 3.5130E-09 3.3059E-09 3.1072E-09 2.8962E-09 2.7138E-09 2.5395E-09 2.3501E-09 2.1941E-09 2.0466E-09 1.8838E-09 1.7287E-09 1.6106E-09 1.5001E-09 1.3968E-09 1.3004E-09 1.1890E-09 1.1006E-09 1.0197E-09 9.4686E-10 8.7727E-10 7.9411E-10 7.2631E-10 6.8256E-10 6.3489E-10 5.9357E-10 5.4705E-10 4.9969E-10 4.6606E-10
1.0604E-08 1.0418E-08 1.0224E-08 1.0029E-08 9.8206E-09 9.6049E-09 9.3828E-09 9.1552E-09 8.9297E-09 8.6931E-09 8.4522E-09 8.2072E-09 7.9587E-09 7.7031E-09 7.4509E-09 7.1893E-09 6.9259E-09 6.6613E-09 6.3975E-09 6.1388E-09 5.8812E-09 5.6247E-09 5.3701E-09 5.1177E-09 4.8676E-09 4.6302E-09 4.3762E-09 4.1363E-09 3.9021E-09 3.6751E-09 3.4404E-09 3.2318E-09 3.0308E-09 2.8378E-09 2.6300E-09 2.4552E-09 2.2892E-09 2.1070E-09 1.9596E-09 1.7933E-09 1.6422E-09 1.5272E-09 1.4198E-09 1.3197E-09 1.2132E-09 1.1205E-09 1.0287E-09 9.5624E-10 8.8210E-10 8.1693E-10 7.3256E-10 6.8390E-10 6.3176E-10 5.9373E-10 5.5470E-10 4.9409E-10 4.6066E-10
1.0836E-08 1.0661E-08 1.0472E-08 1.0274E-08 1.0069E-08 9.8563E-09 9.6438E-09 9.4200E-09 9.1904E-09 8.9557E-09 8.7161E-09 8.4719E-09 8.2317E-09 7.9774E-09 7.7171E-09 7.4538E-09 7.1879E-09 6.9199E-09 6.6511E-09 6.3880E-09 6.1340E-09 5.8722E-09 5.6113E-09 5.3517E-09 5.0939E-09 4.8377E-09 4.5840E-09 4.3344E-09 4.0755E-09 3.8402E-09 3.6133E-09 3.3934E-09 3.1578E-09 2.9543E-09 2.7593E-09 2.5732E-09 2.3703E-09 2.2044E-09 2.0447E-09 1.8688E-09 1.7047E-09 1.5564E-09 1.4446E-09 1.3405E-09 1.2340E-09 1.1367E-09 1.0468E-09 9.7073E-10 8.9606E-10 8.2368E-10 7.5738E-10 6.8137E-10 6.3232E-10 5.9012E-10 5.5425E-10 4.9716E-10 4.5497E-10
1.1074E-08 1.0899E-08 1.0715E-08 1.0522E-08 1.0321E-08 1.0119E-08 9.9055E-09 9.6855E-09 9.4596E-09 9.2280E-09 8.9986E-09 8.7576E-09 8.5119E-09 8.2592E-09 7.9990E-09 7.7351E-09 7.4676E-09 7.2060E-09 6.9339E-09 6.6679E-09 6.4009E-09 6.1334E-09 5.8660E-09 5.5986E-09 5.3324E-09 5.0662E-09 4.8024E-09 4.5423E-09 4.2871E-09 4.0425E-09 3.7844E-09 3.5527E-09 3.3285E-09 3.1124E-09 2.8771E-09 2.6801E-09 2.4925E-09 2.3126E-09 2.1133E-09 1.9547E-09 1.7776E-09 1.6178E-09 1.4975E-09 1.3629E-09 1.2523E-09 1.1515E-09 1.0585E-09 9.7979E-10 9.0279E-10 8.3337E-10 7.6436E-10 7.0474E-10 6.2917E-10 5.8626E-10 5.5024E-10 5.0480E-10 4.4899E-10
1.1305E-08 1.1136E-08 1.0958E-08 1.0771E-08 1.0583E-08 1.0381E-08 1.0173E-08 9.9582E-09 9.7445E-09 9.5185E-09 9.2865E-09 9.0488E-09 8.8059E-09 8.5561E-09 8.2973E-09 8.0430E-09 7.7765E-09 7.5059E-09 7.2317E-09 6.9616E-09 6.6904E-09 6.4176E-09 6.1436E-09 5.8688E-09 5.5934E-09 5.3178E-09 5.0438E-09 4.7724E-09 4.5080E-09 4.2512E-09 4.0001E-09 3.7554E-09 3.4924E-09 3.2635E-09 3.0434E-09 2.8325E-09 2.5988E-09 2.4059E-09 2.2238E-09 2.0209E-09 1.8639E-09 1.6887E-09 1.5313E-09 1.4143E-09 1.3020E-09 1.1675E-09 1.0737E-09 9.8961E-10 9.1012E-10 8.4175E-10 7.7098E-10 7.1033E-10 6.4089E-10 5.8632E-10 5.4598E-10 5.0604E-10 4.5212E-10
1.1534E-08 1.1372E-08 1.1207E-08 1.1029E-08 1.0842E-08 1.0647E-08 1.0446E-08 1.0246E-08 1.0033E-08 9.8124E-09 9.5858E-09 9.3530E-09 9.1142E-09 8.8775E-09 8.6231E-09 8.3632E-09 8.0979E-09 7.8275E-09 7.5522E-09 7.2789E-09 7.0041E-09 6.7266E-09 6.4464E-09 6.1763E-09 5.8929E-09 5.6087E-09 5.3250E-09 5.0427E-09 4.7694E-09 4.4829E-09 4.2183E-09 3.9597E-09 3.7082E-09 3.4644E-09 3.1973E-09 2.9729E-09 2.7554E-09 2.5474E-09 2.3154E-09 2.1334E-09 1.9630E-09 1.7720E-09 1.6010E-09 1.4740E-09 1.3318E-09 1.2088E-09 1.0874E-09 1.0028E-09 9.1809E-10 8.4745E-10 7.7789E-10 7.1568E-10 6.5171E-10 5.9000E-10 5.4538E-10 5.0148E-10 4.5595E-10
1.1760E-08 1.1613E-08 1.1451E-08 1.1281E-08 1.1103E-08 1.0918E-08 1.0733E-08 1.0535E-08 1.0329E-08 1.0116E-08 9.8968E-09 9.6702E-09 9.4469E-09 9.2087E-09 8.9592E-09 8.7031E-09 8.4406E-09 8.1717E-09 7.8967E-09 7.6211E-09 7.3554E-09 7.0752E-09 6.7910E-09 6.5032E-09 6.2118E-09 5.9183E-09 5.6239E-09 5.3324E-09 5.0464E-09 4.7635E-09 4.4848E-09 4.1868E-09 3.9200E-09 3.6608E-09 3.4102E-09 3.1677E-09 2.8938E-09 2.6716E-09 2.4614E-09 2.2635E-09 2.0408E-09 1.8717E-09 1.6823E-09 1.5132E-09 1.3896E-09 1.2340E-09 1.1264E-09 1.0349E-09 9.2938E-10 8.5365E-10 7.8202E-10 7.1793E-10 6.5234E-10 6.0209E-10 5.4108E-10 4.9669E-10 4.5720E-10
1.1988E-08 1.1846E-08 1.1694E-08 1.1534E-08 1.1366E-08 1.1199E-08 1.1018E-08 1.0830E-08 1.0634E-08 1.0430E-08 1.0228E-08 1.0011E-08 9.7871E-09 9.5563E-09 9.3136E-09 9.0634E-09 8.8054E-09 8.5395E-09 8.2785E-09 8.0038E-09 7.7265E-09 7.4434E-09 7.1548E-09 6.8607E-09 6.5616E-09 6.2589E-09 5.9537E-09 5.6526E-09 5.3532E-09 5.0559E-09 4.7619E-09 4.4726E-09 4.1892E-09 3.8792E-09 3.6117E-09 3.3494E-09 3.0971E-09 2.8563E-09 2.5845E-09 2.3723E-09 2.1736E-09 1.9461E-09 1.7788E-09 1.5930E-09 1.4576E-09 1.2893E-09 1.1725E-09 1.0507E-09 9.5899E-10 8.8002E-10 7.8655E-10 7.2387E-10 6.5692E-10 6.0588E-10 5.5215E-10 4.9566E-10 4.5433E-10
1.2206E-08 1.2075E-08 1.1935E-08 1.1786E-08 1.1638E-08 1.1477E-08 1.1308E-08 1.1131E-08 1.0946E-08 1.0763E-08 1.0564E-08 1.0357E-08 1.0143E-08 9.9203E-09 9.6868E-09 9.4442E-09 9.2044E-09 8.9455E-09 8.6780E-09 8.4046E-09 8.1273E-09 7.8425E-09 7.5503E-09 7.2508E-09 6.9446E-09 6.6329E-09 6.3345E-09 6.0231E-09 5.7111E-09 5.3998E-09 5.0696E-09 4.7631E-09 4.4617E-09 4.1670E-09 3.8778E-09 3.5517E-09 3.2811E-09 3.0225E-09 2.7768E-09 2.5447E-09 2.2797E-09 2.0770E-09 1.8497E-09 1.6874E-09 1.5030E-09 1.3548E-09 1.1987E-09 1.0940E-09 9.9433E-10 8.9008E-10 8.1101E-10 7.2681E-10 6.5814E-10 6.0572E-10 5.6135E-10 4.9848E-10 4.4914E-10
1.2419E-08 1.2300E-08 1.2172E-08 1.2045E-08 1.1904E-08 1.1756E-08 1.1600E-08 1.1437E-08 1.1275E-08 1.1097E-08 1.0910E-08 1.0716E-08 1.0513E-08 1.0301E-08 1.0090E-08 9.8589E-09 9.6177E-09 9.3663E-09 9.1049E-09 8.8348E-09 8.5591E-09 8.2738E-09 7.9793E-09 7.6915E-09 7.3810E-09 7.0628E-09 6.7420E-09 6.4186E-09 6.0928E-09 5.7661E-09 5.4402E-09 5.1165E-09 4.7647E-09 4.4500E-09 4.1377E-09 3.8342E-09 3.5412E-09 3.2073E-09 2.9426E-09 2.6924E-09 2.4555E-09 2.2312E-09 1.9288E-09 1.7551E-09 1.5956E-09 1.3960E-09 1.2637E-09 1.1458E-09 1.0125E-09 9.2251E-10 8.3680E-10 7.4560E-10 6.7582E-10 6.0570E-10 5.6027E-10 5.0903E-10 4.4774E-10
1.2624E-08 1.2519E-08 1.2413E-08 1.2295E-08 1.2169E-08 1.2036E-08 1.1895E-08 1.1757E-08 1.1602E-08 1.1439E-08 1.1267E-08 1.1086E-08 1.0897E-08 1.0710E-08 1.0502E-08 1.0284E-08 1.0054E-08 9.8125E-09 9.5594E-09 9.2951E-09 9.0227E-09 8.7556E-09 8.4631E-09 8.1587E-09 7.8434E-09 7.5187E-09 7.1891E-09 6.8537E-09 6.5140E-09 6.1716E-09 5.8282E-09 5.4855E-09 5.1454E-09 4.8070E-09 4.4271E-09 4.1012E-09 3.7858E-09 3.4823E-09 3.1925E-09 2.8566E-09 2.5979E-09 2.3567E-09 2.0764E-09 1.8826E-09 1.6583E-09 1.4858E-09 1.3390E-09 1.1758E-09 1.0608E-09 9.6166E-10 8.4826E-10 7.6851E-10 6.7941E-10 6.1770E-10 5.6886E-10 5.1105E-10 4.5045E-10
1.2821E-08 1.2739E-08 1.2642E-08 1.2540E-08 1.2431E-08 1.2315E-08 1.2201E-08 1.2072E-08 1.1934E-08 1.1787E-08 1.1632E-08 1.1467E-08 1.1306E-08 1.1125E-08 1.0933E-08 1.0729E-08 1.0513E-08 1.0284E-08 1.0041E-08 9.8026E-09 9.5385E-09 9.2614E-09 8.9706E-09 8.6653E-09 8.3465E-09 8.0166E-09 7.6779E-09 7.3310E-09 6.9775E-09 6.6191E-09 6.2576E-09 5.8950E-09 5.5328E-09 5.1700E-09 4.8119E-09 4.3982E-09 4.0582E-09 3.7304E-09 3.4166E-09 3.1163E-09 2.8295E-09 2.4963E-09 2.2527E-09 1.9759E-09 1.7840E-09 1.5924E-09 1.3866E-09 1.2499E-09 1.1197E-09 9.8221E-10 8.8396E-10 7.9990E-10 6.9953E-10 6.3635E-10 5.6924E-10 5.1801E-10 4.6773E-10
1.3016E-08 1.2944E-08 1.2865E-08 1.2780E-08 1.2690E-08 1.2602E-08 1.2498E-08 1.2387E-08 1.2268E-08 1.2140E-08 1.2014E-08 1.1871E-08 1.1718E-08 1.1554E-08 1.1380E-08 1.1193E-08 1.0993E-08 1.0794E-08 1.0569E-08 1.0330E-08 1.0074E-08 9.8039E-09 9.5167E-09 9.2125E-09 8.8918E-09 8.5572E-09 8.2104E-09 7.8526E-09 7.4856E-09 7.1436E-09 6.7665E-09 6.3858E-09 6.0012E-09 5.6159E-09 5.2330E-09 4.8555E-09 4.4859E-09 4.0462E-09 3.7044E-09 3.3736E-09 3.0612E-09 2.7362E-09 2.4625E-09 2.0778E-09 1.8708E-09 1.6655E-09 1.4896E-09 1.3355E-09 1.1539E-09 1.0368E-09 9.2788E-10 8.1272E-10 7.2438E-10 6.4047E-10 5.7540E-10 5.2705E-10 4.6998E-10
1.3194E-08 1.3138E-08 1.3079E-08 1.3013E-08 1.2952E-08 1.2876E-08 1.2793E-08 1.2702E-08 1.2604E-08 1.2507E-08 1.2394E-08 1.2272E-08 1.2139E-08 1.1996E-08 1.1840E-08 1.1674E-08 1.1510E-08 1.1317E-08 1.1110E-08 1.0887E-08 1.0644E-08 1.0383E-08 1.0102E-08 9.8009E-09 9.4799E-09 9.1710E-09 8.8222E-09 8.4596E-09 8.0846E-09 7.6989E-09 7.3047E-09 6.9035E-09 6.4962E-09 6.0862E-09 5.6768E-09 5.2708E-09 4.8715E-09 4.4820E-09 4.1031E-09 3.6393E-09 3.2988E-09 2.9742E-09 2.6699E-09 2.2749E-09 2.0394E-09 1.7450E-09 1.5560E-09 1.3904E-09 1.2374E-09 1.1027E-09 9.5101E-10 8.5241E-10 7.3773E-10 6.6200E-10 5.9151E-10 5.2781E-10 4.7721E-10
1.3358E-08 1.3323E-08 1.3283E-08 1.3247E-08 1.3198E-08 1.3144E-08 1.3082E-08 1.3014E-08 1.2948E-08 1.2866E-08 1.2777E-08 1.2678E-08 1.2569E-08 1.2448E-08 1.2312E-08 1.2187E-08 1.2032E-08 1.1862E-08 1.1676E-08 1.1472E-08 1.1247E-08 1.0998E-08 1.0726E-08 1.0461E-08 1.0147E-08 9.8138E-09 9.4622E-09 9.0935E-09 8.7089E-09 8.3103E-09 7.8997E-09 7.4788E-09 7.0492E-09 6.6139E-09 6.1764E-09 5.7401E-09 5.3088E-09 4.8859E-09 4.4718E-09 4.0730E-09 3.6879E-09 3.2106E-09 2.8746E-09 2.4681E-09 2.1601E-09 1.9105E-09 1.6948E-09 1.4495E-09 1.2857E-09 1.1442E-09 1.0117E-09 9.0057E-10 7.7308E-10 6.8916E-10 5.9616E-10 5.4121E-10 4.8670E-10
