Assets/Resources/2015_m01_d15_1000(utc+0800)_l00_csi_1hr_conc.grd
DSAA
         159         159
     -79.000      79.000
     -79.000      79.000
  0.0000E+00  0.7543E-06
[rows 75 to 99 of 159, columns 0 to 56 of 159]
2.2909E-10 2.3757E-10 2.4473E-10 2.5519E-10 2.6286E-10 2.7380E-10 2.8201E-10 2.9039E-10 3.0233E-10 3.1130E-10 3.2207E-10 3.3347E-10 3.4326E-10 3.5604E-10 3.6741E-10 3.7809E-10 3.9202E-10 4.0337E-10 4.1697E-10 4.2997E-10 4.4226E-10 4.5691E-10 4.6986E-10 4.8526E-10 4.9890E-10 5.1394E-10 5.2935E-10 5.4518E-10 5.6138E-10 5.7795E-10 5.9731E-10 6.1365E-10 6.3630E-10 6.5368E-10 6.7265E-10 6.9587E-10 7.1728E-10 7.3924E-10 7.6188E-10 7.8724E-10 8.1336E-10 8.4022E-10 8.6546E-10 8.9131E-10 9.7569E-10 1.0350E-09 1.0874E-09 1.2683E-09 1.3514E-09 1.5470E-09 1.6944E-09 1.8371E-09 2.1387E-09 2.3480E-09 2.6630E-09 2.9414E-09 3.2576E-09
2.2416E-10 2.3245E-10 2.3947E-10 2.4972E-10 2.5720E-10 2.6719E-10 2.7595E-10 2.8414E-10 2.9587E-10 3.0461E-10 3.1437E-10 3.2634E-10 3.3589E-10 3.4843E-10 3.5956E-10 3.6998E-10 3.8366E-10 3.9473E-10 4.0806E-10 4.2078E-10 4.3278E-10 4.4714E-10 4.5980E-10 4.7486E-10 4.8821E-10 5.0290E-10 5.1799E-10 5.3347E-10 5.4931E-10 5.6552E-10 5.8334E-10 6.0045E-10 6.2034E-10 6.3967E-10 6.5822E-10 6.8099E-10 7.0197E-10 7.2347E-10 7.4566E-10 7.7054E-10 7.9616E-10 8.2252E-10 8.4725E-10 8.7258E-10 9.4930E-10 1.0114E-09 1.0576E-09 1.2365E-09 1.3224E-09 1.5116E-09 1.6568E-09 1.7855E-09 2.0899E-09 2.2937E-09 2.6011E-09 2.8714E-09 3.1790E-09
2.1848E-10 2.2733E-10 2.3417E-10 2.4421E-10 2.5153E-10 2.6054E-10 2.6986E-10 2.7787E-10 2.8935E-10 2.9789E-10 3.0744E-10 3.1915E-10 3.2848E-10 3.4078E-10 3.5164E-10 3.6183E-10 3.7426E-10 3.8603E-10 3.9809E-10 4.1152E-10 4.2324E-10 4.3730E-10 4.4964E-10 4.6335E-10 4.7742E-10 4.9071E-10 5.0654E-10 5.2166E-10 5.3714E-10 5.5299E-10 5.7041E-10 5.8714E-10 6.0661E-10 6.2552E-10 6.4366E-10 6.6597E-10 6.8650E-10 7.0755E-10 7.2927E-10 7.5365E-10 7.7665E-10 8.0461E-10 8.2651E-10 8.5364E-10 8.9626E-10 9.8971E-10 1.0325E-09 1.2018E-09 1.2875E-09 1.3870E-09 1.6164E-09 1.7415E-09 2.0310E-09 2.2294E-09 2.4580E-09 2.7937E-09 3.0913E-09
2.1279E-10 2.2219E-10 2.2884E-10 2.3793E-10 2.4583E-10 2.5311E-10 2.6375E-10 2.7156E-10 2.8190E-10 2.9114E-10 2.9967E-10 3.1193E-10 3.2104E-10 3.3212E-10 3.4369E-10 3.5364E-10 3.6578E-10 3.7729E-10 3.8907E-10 4.0220E-10 4.1365E-10 4.2637E-10 4.3944E-10 4.5283E-10 4.6656E-10 4.7953E-10 4.9499E-10 5.0977E-10 5.2489E-10 5.3922E-10 5.5739E-10 5.7372E-10 5.9043E-10 6.1125E-10 6.2777E-10 6.5083E-10 6.7090E-10 6.8902E-10 7.1273E-10 7.3661E-10 7.5911E-10 7.8450E-10 8.0793E-10 8.3450E-10 8.7038E-10 9.6753E-10 1.0074E-09 1.1019E-09 1.2556E-09 1.3447E-09 1.5734E-09 1.6954E-09 1.9622E-09 2.1665E-09 2.3863E-09 2.7096E-09 2.9954E-09
2.0783E-10 2.1627E-10 2.2350E-10 2.3241E-10 2.4009E-10 2.4720E-10 2.5763E-10 2.6522E-10 2.7457E-10 2.8437E-10 2.9267E-10 3.0469E-10 3.1356E-10 3.2345E-10 3.3571E-10 3.4539E-10 3.5727E-10 3.6851E-10 3.7902E-10 3.9285E-10 4.0399E-10 4.1641E-10 4.2918E-10 4.4223E-10 4.5564E-10 4.6828E-10 4.8339E-10 4.9780E-10 5.1255E-10 5.2652E-10 5.4428E-10 5.6022E-10 5.7652E-10 5.9689E-10 6.1300E-10 6.3315E-10 6.5273E-10 6.7285E-10 6.9607E-10 7.1944E-10 7.3887E-10 7.6367E-10 7.8919E-10 8.1520E-10 8.4482E-10 9.3906E-10 9.8410E-10 1.0546E-09 1.2223E-09 1.2987E-09 1.5215E-09 1.6471E-09 1.8327E-09 2.0995E-09 2.3051E-09 2.6193E-09 2.8928E-09
2.0285E-10 2.1036E-10 2.1816E-10 2.2537E-10 2.3435E-10 2.4129E-10 2.5147E-10 2.5887E-10 2.6802E-10 2.7756E-10 2.8566E-10 2.9742E-10 3.0605E-10 3.1490E-10 3.2674E-10 3.3712E-10 3.4874E-10 3.5969E-10 3.6994E-10 3.8345E-10 3.9430E-10 4.0541E-10 4.1887E-10 4.3056E-10 4.4468E-10 4.5698E-10 4.7065E-10 4.8578E-10 4.9905E-10 5.1376E-10 5.3111E-10 5.4664E-10 5.6254E-10 5.8246E-10 5.9814E-10 6.1783E-10 6.3694E-10 6.5659E-10 6.7931E-10 7.0215E-10 7.2110E-10 7.4536E-10 7.7031E-10 7.9355E-10 8.2476E-10 8.9170E-10 9.5613E-10 1.0160E-09 1.1849E-09 1.2638E-09 1.4083E-09 1.5971E-09 1.7395E-09 2.0295E-09 2.2196E-09 2.5252E-09 2.7839E-09
1.9785E-10 2.0520E-10 2.1281E-10 2.1909E-10 2.2862E-10 2.3535E-10 2.4455E-10 2.5252E-10 2.5988E-10 2.7076E-10 2.7864E-10 2.8829E-10 2.9854E-10 3.0715E-10 3.1872E-10 3.2885E-10 3.3920E-10 3.5086E-10 3.6083E-10 3.7304E-10 3.8460E-10 3.9539E-10 4.0853E-10 4.1991E-10 4.3368E-10 4.4565E-10 4.5896E-10 4.7262E-10 4.8662E-10 5.0095E-10 5.1561E-10 5.3301E-10 5.4733E-10 5.6795E-10 5.8322E-10 6.0003E-10 6.2109E-10 6.4026E-10 6.6246E-10 6.8281E-10 7.0324E-10 7.2694E-10 7.5134E-10 7.7401E-10 8.0206E-10 8.5517E-10 9.3271E-10 9.8076E-10 1.0904E-09 1.2241E-09 1.3285E-09 1.5398E-09 1.6748E-09 1.9562E-09 2.1386E-09 2.3509E-09 2.6686E-09
1.9287E-10 1.9859E-10 2.0744E-10 2.1356E-10 2.2287E-10 2.2941E-10 2.3764E-10 2.4615E-10 2.5331E-10 2.6396E-10 2.7160E-10 2.8023E-10 2.9103E-10 2.9938E-10 3.1069E-10 3.2055E-10 3.2967E-10 3.4202E-10 3.5170E-10 3.6361E-10 3.7487E-10 3.8536E-10 3.9818E-10 4.0923E-10 4.2265E-10 4.3429E-10 4.4615E-10 4.6054E-10 4.7416E-10 4.8811E-10 5.0237E-10 5.1934E-10 5.3326E-10 5.5106E-10 5.6825E-10 5.8462E-10 6.0518E-10 6.2387E-10 6.4305E-10 6.6286E-10 6.8530E-10 7.0845E-10 7.3227E-10 7.5438E-10 7.7973E-10 8.2246E-10 9.0883E-10 9.4931E-10 1.0404E-09 1.1855E-09 1.2806E-09 1.4863E-09 1.6055E-09 1.8049E-09 2.0554E-09 2.2511E-09 2.5502E-09
1.8790E-10 1.9343E-10 2.0135E-10 2.0804E-10 2.1636E-10 2.2348E-10 2.2998E-10 2.3979E-10 2.4675E-10 2.5623E-10 2.6457E-10 2.7218E-10 2.8350E-10 2.9163E-10 3.0266E-10 3.1225E-10 3.2113E-10 3.3219E-10 3.4257E-10 3.5320E-10 3.6513E-10 3.7533E-10 3.8678E-10 3.9854E-10 4.1057E-10 4.2291E-10 4.3444E-10 4.4844E-10 4.6168E-10 4.7524E-10 4.8911E-10 5.0451E-10 5.1916E-10 5.3652E-10 5.5325E-10 5.6917E-10 5.8923E-10 6.0743E-10 6.2613E-10 6.4542E-10 6.6731E-10 6.8778E-10 7.1314E-10 7.3236E-10 7.5675E-10 7.8479E-10 8.7039E-10 9.2469E-10 9.8657E-10 1.1423E-09 1.2346E-09 1.3693E-09 1.5463E-09 1.7010E-09 1.9625E-09 2.1513E-09 2.4297E-09
1.8219E-10 1.8829E-10 1.9603E-10 2.0251E-10 2.0989E-10 2.1756E-10 2.2386E-10 2.3344E-10 2.4019E-10 2.4866E-10 2.5756E-10 2.6493E-10 2.7599E-10 2.8389E-10 2.9275E-10 3.0397E-10 3.1258E-10 3.2335E-10 3.3346E-10 3.4279E-10 3.5540E-10 3.6530E-10 3.7643E-10 3.8786E-10 3.9954E-10 4.1154E-10 4.2272E-10 4.3633E-10 4.4920E-10 4.6237E-10 4.7472E-10 4.9082E-10 5.0506E-10 5.1963E-10 5.3824E-10 5.5252E-10 5.7327E-10 5.8852E-10 6.0670E-10 6.2796E-10 6.4931E-10 6.6922E-10 6.9196E-10 7.1266E-10 7.3643E-10 7.6381E-10 8.2122E-10 8.9506E-10 9.5366E-10 1.0471E-09 1.1744E-09 1.3080E-09 1.4830E-09 1.6262E-09 1.8742E-09 2.0532E-09 2.2297E-09
1.7651E-10 1.8318E-10 1.8996E-10 1.9701E-10 2.0273E-10 2.1164E-10 2.1776E-10 2.2711E-10 2.3365E-10 2.4035E-10 2.5055E-10 2.5770E-10 2.6759E-10 2.7614E-10 2.8396E-10 2.9476E-10 3.0404E-10 3.1455E-10 3.2435E-10 3.3340E-10 3.4569E-10 3.5528E-10 3.6507E-10 3.7719E-10 3.8748E-10 4.0018E-10 4.1100E-10 4.2424E-10 4.3673E-10 4.4840E-10 4.6147E-10 4.7715E-10 4.9097E-10 5.0511E-10 5.2325E-10 5.3708E-10 5.5492E-10 5.7210E-10 5.8978E-10 6.1051E-10 6.3129E-10 6.4810E-10 6.7020E-10 6.9294E-10 7.1388E-10 7.4279E-10 7.8243E-10 8.5952E-10 9.2144E-10 1.0032E-09 1.1330E-09 1.2336E-09 1.3544E-09 1.5505E-09 1.7170E-09 1.9378E-09 2.1118E-09
1.7088E-10 1.7807E-10 1.8322E-10 1.9153E-10 1.9706E-10 2.0576E-10 2.1170E-10 2.1927E-10 2.2714E-10 2.3362E-10 2.4356E-10 2.5051E-10 2.5840E-10 2.6843E-10 2.7602E-10 2.8652E-10 2.9555E-10 3.0381E-10 3.1527E-10 3.2404E-10 3.3501E-10 3.4529E-10 3.5477E-10 3.6654E-10 3.7651E-10 3.8883E-10 3.9932E-10 4.1110E-10 4.2319E-10 4.3558E-10 4.4826E-10 4.6123E-10 4.7690E-10 4.8946E-10 5.0826E-10 5.2168E-10 5.3661E-10 5.5571E-10 5.7290E-10 5.9306E-10 6.1132E-10 6.2960E-10 6.5110E-10 6.7324E-10 6.9359E-10 7.1927E-10 7.5253E-10 8.2202E-10 8.7905E-10 9.5252E-10 1.0327E-09 1.1773E-09 1.2924E-09 1.4689E-09 1.6165E-09 1.7639E-09 1.9999E-09
1.6529E-10 1.7225E-10 1.7798E-10 1.8532E-10 1.9142E-10 1.9916E-10 2.0563E-10 2.1149E-10 2.2066E-10 2.2692E-10 2.3572E-10 2.4333E-10 2.5019E-10 2.6077E-10 2.6809E-10 2.7832E-10 2.8708E-10 2.9507E-10 3.0526E-10 3.1471E-10 3.2437E-10 3.3533E-10 3.4450E-10 3.5593E-10 3.6557E-10 3.7648E-10 3.8767E-10 3.9800E-10 4.1080E-10 4.2280E-10 4.3509E-10 4.4765E-10 4.6288E-10 4.7503E-10 4.9100E-10 5.0632E-10 5.2078E-10 5.3937E-10 5.5605E-10 5.7317E-10 5.9087E-10 6.1112E-10 6.2990E-10 6.5357E-10 6.7097E-10 6.9355E-10 7.2517E-10 7.8324E-10 8.5312E-10 9.0813E-10 9.8349E-10 1.0730E-09 1.2274E-09 1.3267E-09 1.5180E-09 1.6693E-09 1.8834E-09
1.5958E-10 1.6648E-10 1.7277E-10 1.7916E-10 1.8582E-10 1.9110E-10 1.9962E-10 2.0530E-10 2.1420E-10 2.2027E-10 2.2805E-10 2.3620E-10 2.4284E-10 2.5312E-10 2.6022E-10 2.6829E-10 2.7864E-10 2.8638E-10 2.9626E-10 3.0542E-10 3.1379E-10 3.2541E-10 3.3427E-10 3.4434E-10 3.5468E-10 3.6417E-10 3.7607E-10 3.8605E-10 3.9846E-10 4.1008E-10 4.2197E-10 4.3301E-10 4.4778E-10 4.6065E-10 4.7383E-10 4.9101E-10 5.0502E-10 5.2310E-10 5.3678E-10 5.5588E-10 5.7304E-10 5.9272E-10 6.1095E-10 6.3192E-10 6.5081E-10 6.7275E-10 6.9824E-10 7.3107E-10 8.0756E-10 8.7828E-10 9.4500E-10 1.0130E-09 1.1661E-09 1.2643E-09 1.3704E-09 1.5671E-09 1.7018E-09
1.5395E-10 1.6077E-10 1.6758E-10 1.7307E-10 1.8025E-10 1.8535E-10 1.9365E-10 1.9912E-10 2.0703E-10 2.1367E-10 2.1964E-10 2.2912E-10 2.3553E-10 2.4369E-10 2.5240E-10 2.5938E-10 2.6933E-10 2.7774E-10 2.8732E-10 2.9619E-10 3.0427E-10 3.1555E-10 3.2411E-10 3.3282E-10 3.4384E-10 3.5301E-10 3.6453E-10 3.7416E-10 3.8619E-10 3.9631E-10 4.0781E-10 4.1958E-10 4.3390E-10 4.4636E-10 4.5910E-10 4.7579E-10 4.8817E-10 5.0448E-10 5.2012E-10 5.3620E-10 5.5529E-10 5.7440E-10 5.9206E-10 6.0981E-10 6.3075E-10 6.4979E-10 6.7426E-10 7.0876E-10 7.6434E-10 8.2835E-10 9.0867E-10 9.7453E-10 1.0479E-09 1.1914E-09 1.3071E-09 1.4719E-09 1.6010E-09
1.4758E-10 1.5510E-10 1.6244E-10 1.6704E-10 1.7397E-10 1.7965E-10 1.8696E-10 1.9299E-10 1.9917E-10 2.0709E-10 2.1287E-10 2.2209E-10 2.2826E-10 2.3539E-10 2.4462E-10 2.5137E-10 2.6102E-10 2.6915E-10 2.7651E-10 2.8702E-10 2.9481E-10 3.0377E-10 3.1400E-10 3.2241E-10 3.3307E-10 3.4191E-10 3.5307E-10 3.6236E-10 3.7292E-10 3.8376E-10 3.9488E-10 4.0624E-10 4.1787E-10 4.3217E-10 4.4331E-10 4.5832E-10 4.7260E-10 4.8601E-10 5.0357E-10 5.1912E-10 5.3766E-10 5.5423E-10 5.7074E-10 5.9048E-10 6.1077E-10 6.2922E-10 6.5088E-10 6.7850E-10 7.2953E-10 7.8969E-10 8.5531E-10 9.2049E-10 1.0114E-09 1.0897E-09 1.2251E-09 1.3370E-09 1.4965E-09
1.4131E-10 1.4936E-10 1.5662E-10 1.6176E-10 1.6776E-10 1.7400E-10 1.7959E-10 1.8693E-10 1.9213E-10 2.0058E-10 2.0617E-10 2.1343E-10 2.2107E-10 2.2716E-10 2.3691E-10 2.4342E-10 2.5088E-10 2.6064E-10 2.6773E-10 2.7695E-10 2.8542E-10 2.9407E-10 3.0398E-10 3.1207E-10 3.2239E-10 3.3090E-10 3.4064E-10 3.5064E-10 3.5976E-10 3.7131E-10 3.8202E-10 3.9300E-10 4.0310E-10 4.1692E-10 4.2882E-10 4.4334E-10 4.5716E-10 4.7012E-10 4.8712E-10 5.0218E-10 5.1767E-10 5.3365E-10 5.5215E-10 5.6914E-10 5.9093E-10 6.0646E-10 6.2705E-10 6.5123E-10 6.8503E-10 7.4028E-10 8.2139E-10 8.8811E-10 9.4712E-10 1.0275E-09 1.1183E-09 1.2587E-09 1.3599E-09
1.3599E-10 1.4289E-10 1.5013E-10 1.5655E-10 1.6164E-10 1.6839E-10 1.7307E-10 1.8092E-10 1.8593E-10 1.9414E-10 1.9950E-10 2.0577E-10 2.1395E-10 2.1980E-10 2.2835E-10 2.3554E-10 2.4192E-10 2.5126E-10 2.5902E-10 2.6794E-10 2.7612E-10 2.8348E-10 2.9403E-10 3.0183E-10 3.0975E-10 3.1999E-10 3.2833E-10 3.3903E-10 3.4780E-10 3.5896E-10 3.6929E-10 3.7990E-10 3.8959E-10 4.0297E-10 4.1445E-10 4.2617E-10 4.4186E-10 4.5314E-10 4.6839E-10 4.8293E-10 4.9784E-10 5.1579E-10 5.3371E-10 5.5012E-10 5.6923E-10 5.8622E-10 6.0615E-10 6.2961E-10 6.6015E-10 7.1049E-10 7.6762E-10 8.3639E-10 8.9954E-10 9.7890E-10 1.0571E-09 1.1553E-09 1.2837E-09
1.2927E-10 1.3653E-10 1.4445E-10 1.5141E-10 1.5558E-10 1.6210E-10 1.6736E-10 1.7421E-10 1.7980E-10 1.8548E-10 1.9292E-10 1.9821E-10 2.0688E-10 2.1253E-10 2.1909E-10 2.2773E-10 2.3388E-10 2.4291E-10 2.5040E-10 2.5707E-10 2.6690E-10 2.7397E-10 2.8320E-10 2.9168E-10 2.9930E-10 3.0918E-10 3.1720E-10 3.2752E-10 3.3596E-10 3.4564E-10 3.5560E-10 3.6579E-10 3.7623E-10 3.8691E-10 4.0022E-10 4.1035E-10 4.2433E-10 4.3755E-10 4.5231E-10 4.6631E-10 4.8072E-10 4.9811E-10 5.1345E-10 5.2872E-10 5.4718E-10 5.6615E-10 5.8325E-10 6.0564E-10 6.2972E-10 6.6359E-10 7.1507E-10 7.9536E-10 8.5895E-10 9.3198E-10 1.0125E-09 1.0774E-09 1.1804E-09
1.2482E-10 1.3037E-10 1.3789E-10 1.4484E-10 1.5032E-10 1.5591E-10 1.6170E-10 1.6685E-10 1.7373E-10 1.7845E-10 1.8642E-10 1.9148E-10 1.9823E-10 2.0533E-10 2.1085E-10 2.2002E-10 2.2592E-10 2.3371E-10 2.4187E-10 2.4828E-10 2.5681E-10 2.6457E-10 2.7249E-10 2.8163E-10 2.8896E-10 2.9849E-10 3.0618E-10 3.1510E-10 3.2424E-10 3.3250E-10 3.4316E-10 3.5296E-10 3.6303E-10 3.7329E-10 3.8615E-10 3.9589E-10 4.0938E-10 4.2214E-10 4.3399E-10 4.4989E-10 4.6380E-10 4.7810E-10 4.9287E-10 5.1013E-10 5.2582E-10 5.4631E-10 5.6046E-10 5.8237E-10 6.0240E-10 6.3467E-10 6.8212E-10 7.4705E-10 8.1084E-10 8.7252E-10 9.5167E-10 1.0237E-09 1.1089E-09
1.1798E-10 1.2431E-10 1.3067E-10 1.3911E-10 1.4513E-10 1.4979E-10 1.5612E-10 1.6036E-10 1.6773E-10 1.7228E-10 1.7923E-10 1.8485E-10 1.8981E-10 1.9822E-10 2.0352E-10 2.1148E-10 2.1805E-10 2.2382E-10 2.3249E-10 2.3958E-10 2.4781E-10 2.5528E-10 2.6190E-10 2.7172E-10 2.7874E-10 2.8588E-10 2.9532E-10 3.0282E-10 3.1268E-10 3.2060E-10 3.3086E-10 3.4031E-10 3.4997E-10 3.5872E-10 3.7114E-10 3.8159E-10 3.9229E-10 4.0691E-10 4.1709E-10 4.3125E-10 4.4461E-10 4.6084E-10 4.7510E-10 4.9173E-10 5.0687E-10 5.2467E-10 5.4027E-10 5.5879E-10 5.7825E-10 6.0979E-10 6.3704E-10 6.9587E-10 7.5856E-10 8.2871E-10 9.0097E-10 9.7469E-10 1.0427E-09
1.1136E-10 1.1913E-10 1.2520E-10 1.3263E-10 1.3927E-10 1.4377E-10 1.4988E-10 1.5467E-10 1.6107E-10 1.6619E-10 1.7061E-10 1.7832E-10 1.8306E-10 1.9120E-10 1.9628E-10 2.0225E-10 2.1029E-10 2.1580E-10 2.2419E-10 2.3100E-10 2.3699E-10 2.4610E-10 2.5245E-10 2.5993E-10 2.6865E-10 2.7549E-10 2.8458E-10 2.9177E-10 3.0128E-10 3.0884E-10 3.1766E-10 3.2672E-10 3.3598E-10 3.4549E-10 3.5517E-10 3.6749E-10 3.7660E-10 3.8951E-10 4.0165E-10 4.1528E-10 4.2814E-10 4.4137E-10 4.5753E-10 4.7162E-10 4.8561E-10 5.0271E-10 5.2034E-10 5.3602E-10 5.5696E-10 5.7951E-10 6.0570E-10 6.4375E-10 7.0617E-10 7.7698E-10 8.4551E-10 9.0681E-10 9.8824E-10
1.0645E-10 1.1308E-10 1.1912E-10 1.2454E-10 1.3350E-10 1.3858E-10 1.4372E-10 1.4908E-10 1.5304E-10 1.6017E-10 1.6442E-10 1.7187E-10 1.7641E-10 1.8262E-10 1.8914E-10 1.9408E-10 2.0264E-10 2.0791E-10 2.1410E-10 2.2254E-10 2.2826E-10 2.3609E-10 2.4313E-10 2.5031E-10 2.5870E-10 2.6526E-10 2.7399E-10 2.8090E-10 2.8896E-10 2.9727E-10 3.0466E-10 3.1442E-10 3.2332E-10 3.3243E-10 3.4058E-10 3.5245E-10 3.6230E-10 3.7474E-10 3.8642E-10 3.9715E-10 4.1192E-10 4.2463E-10 4.3771E-10 4.5126E-10 4.6719E-10 4.8158E-10 5.0070E-10 5.1344E-10 5.3389E-10 5.5242E-10 5.8069E-10 6.0715E-10 6.6497E-10 7.2365E-10 7.8729E-10 8.5366E-10 9.2396E-10
1.0091E-10 1.0488E-10 1.1393E-10 1.1908E-10 1.2714E-10 1.3345E-10 1.3696E-10 1.4358E-10 1.4735E-10 1.5426E-10 1.5832E-10 1.6398E-10 1.6986E-10 1.7427E-10 1.8211E-10 1.8683E-10 1.9325E-10 2.0013E-10 2.0525E-10 2.1326E-10 2.1966E-10 2.2720E-10 2.3395E-10 2.3984E-10 2.4892E-10 2.5517E-10 2.6154E-10 2.7017E-10 2.7687E-10 2.8590E-10 2.9293E-10 3.0233E-10 3.0975E-10 3.1845E-10 3.2738E-10 3.3649E-10 3.4823E-10 3.5791E-10 3.7141E-10 3.8051E-10 3.9352E-10 4.0570E-10 4.1823E-10 4.3373E-10 4.4707E-10 4.6291E-10 4.7667E-10 4.9352E-10 5.0837E-10 5.2856E-10 5.5030E-10 5.7568E-10 6.1287E-10 6.7629E-10 7.3223E-10 8.0168E-10 8.5687E-10
9.5478E-11 1.0076E-10 1.0882E-10 1.1300E-10 1.1820E-10 1.2694E-10 1.3177E-10 1.3667E-10 1.4177E-10 1.4694E-10 1.5231E-10 1.5625E-10 1.6341E-10 1.6762E-10 1.7429E-10 1.7969E-10 1.8506E-10 1.9247E-10 1.9736E-10 2.0507E-10 2.1121E-10 2.1651E-10 2.2492E-10 2.3056E-10 2.3729E-10 2.4525E-10 2.5134E-10 2.5962E-10 2.6603E-10 2.7468E-10 2.8141E-10 2.8827E-10 2.9750E-10 3.0585E-10 3.1439E-10 3.2310E-10 3.3442E-10 3.4248E-10 3.5432E-10 3.6537E-10 3.7543E-10 3.8954E-10 4.0157E-10 4.1647E-10 4.2674E-10 4.4196E-10 4.5557E-10 4.7394E-10 4.8584E-10 5.0552E-10 5.2320E-10 5.5301E-10 5.7894E-10 6.3074E-10 6.8044E-10 7.3781E-10 8.1165E-10
