Assets/Resources/2015_m01_d10_0100(utc+0800)_l00_csi_1hr_conc.grd
DSAA
         159         159
     -79.000      79.000
     -79.000      79.000
  0.1892E-08  0.2650E-04
[rows 50 to 74 of 159, columns 57 to 113 of 159]
6.4866E-08 6.8408E-08 7.2240E-08 7.6349E-08 8.0767E-08 8.5437E-08 9.0324E-08 9.5390E-08 1.0053E-07 1.0562E-07 1.0924E-07 1.1235E-07 1.1485E-07 1.1662E-07 1.1776E-07 1.1824E-07 1.1802E-07 1.1707E-07 1.1540E-07 1.1301E-07 1.0994E-07 1.0622E-07 1.0195E-07 9.7213E-08 9.2111E-08 8.6790E-08 8.1347E-08 7.5889E-08 7.0513E-08 6.5280E-08 6.0283E-08 5.5542E-08 5.1140E-08 4.7042E-08 4.3280E-08 3.9826E-08 3.6670E-08 3.3800E-08 3.1237E-08 2.8933E-08 2.6831E-08 2.4948E-08 2.3262E-08 2.1708E-08 2.0302E-08 1.9046E-08 1.7746E-08 1.6711E-08 1.5786E-08 1.4810E-08 1.4033E-08 1.3207E-08 1.2437E-08 1.1842E-08 1.1170E-08 1.0556E-08 1.0110E-08
6.4602E-08 6.8128E-08 7.1945E-08 7.6057E-08 8.0495E-08 8.5182E-08 9.0136E-08 9.5277E-08 1.0051E-07 1.0576E-07 1.0967E-07 1.1305E-07 1.1586E-07 1.1794E-07 1.1940E-07 1.2020E-07 1.2030E-07 1.1965E-07 1.1821E-07 1.1599E-07 1.1303E-07 1.0936E-07 1.0510E-07 1.0030E-07 9.5086E-08 8.9582E-08 8.3918E-08 7.8204E-08 7.2566E-08 6.7064E-08 6.1808E-08 5.6811E-08 5.2156E-08 4.7845E-08 4.3913E-08 4.0309E-08 3.7032E-08 3.4049E-08 3.1389E-08 2.9031E-08 2.6898E-08 2.4981E-08 2.3280E-08 2.1719E-08 2.0303E-08 1.9044E-08 1.7751E-08 1.6723E-08 1.5801E-08 1.4830E-08 1.4057E-08 1.3235E-08 1.2468E-08 1.1877E-08 1.1207E-08 1.0595E-08 1.0151E-08
6.4060E-08 6.7532E-08 7.1303E-08 7.5380E-08 7.9781E-08 8.4458E-08 8.9425E-08 9.4575E-08 9.9871E-08 1.0523E-07 1.0943E-07 1.1306E-07 1.1620E-07 1.1862E-07 1.2044E-07 1.2161E-07 1.2204E-07 1.2170E-07 1.2054E-07 1.1858E-07 1.1582E-07 1.1229E-07 1.0807E-07 1.0325E-07 9.7938E-08 9.2275E-08 8.6419E-08 8.0468E-08 7.4567E-08 6.8782E-08 6.3243E-08 5.7993E-08 5.3112E-08 4.8588E-08 4.4457E-08 4.0682E-08 3.7290E-08 3.4224E-08 3.1491E-08 2.9077E-08 2.6902E-08 2.4965E-08 2.3247E-08 2.1680E-08 2.0270E-08 1.9008E-08 1.7728E-08 1.6709E-08 1.5792E-08 1.4830E-08 1.4064E-08 1.3248E-08 1.2485E-08 1.1899E-08 1.1222E-08 1.0625E-08 1.0183E-08
6.3258E-08 6.6640E-08 7.0330E-08 7.4333E-08 7.8653E-08 8.3280E-08 8.8191E-08 9.3323E-08 9.8646E-08 1.0405E-07 1.0850E-07 1.1241E-07 1.1587E-07 1.1863E-07 1.2081E-07 1.2234E-07 1.2316E-07 1.2320E-07 1.2241E-07 1.2075E-07 1.1823E-07 1.1488E-07 1.1076E-07 1.0599E-07 1.0064E-07 9.4862E-08 8.8818E-08 8.2626E-08 7.6464E-08 7.0409E-08 6.4603E-08 5.9087E-08 5.3965E-08 4.9240E-08 4.4937E-08 4.1012E-08 3.7483E-08 3.4318E-08 3.1518E-08 2.9055E-08 2.6847E-08 2.4892E-08 2.3165E-08 2.1605E-08 2.0195E-08 1.8938E-08 1.7674E-08 1.6670E-08 1.5761E-08 1.4811E-08 1.4052E-08 1.3244E-08 1.2490E-08 1.1908E-08 1.1238E-08 1.0646E-08 1.0208E-08
6.2209E-08 6.5476E-08 6.9048E-08 7.2935E-08 7.7143E-08 8.1672E-08 8.6475E-08 9.1559E-08 9.6844E-08 1.0224E-07 1.0693E-07 1.1108E-07 1.1483E-07 1.1794E-07 1.2053E-07 1.2250E-07 1.2375E-07 1.2422E-07 1.2384E-07 1.2256E-07 1.2040E-07 1.1734E-07 1.1341E-07 1.0871E-07 1.0333E-07 9.7445E-08 9.1226E-08 8.4815E-08 7.8395E-08 7.2066E-08 6.5984E-08 6.0206E-08 5.4826E-08 4.9862E-08 4.5365E-08 4.1276E-08 3.7619E-08 3.4346E-08 3.1477E-08 2.8967E-08 2.6745E-08 2.4768E-08 2.3032E-08 2.1482E-08 2.0082E-08 1.8695E-08 1.7592E-08 1.6605E-08 1.5578E-08 1.4773E-08 1.4024E-08 1.3226E-08 1.2482E-08 1.1894E-08 1.1244E-08 1.0659E-08 1.0224E-08
6.0942E-08 6.4067E-08 6.7491E-08 7.1221E-08 7.5275E-08 7.9649E-08 8.4324E-08 8.9311E-08 9.4491E-08 9.9843E-08 1.0472E-07 1.0908E-07 1.1313E-07 1.1662E-07 1.1961E-07 1.2203E-07 1.2376E-07 1.2476E-07 1.2491E-07 1.2412E-07 1.2236E-07 1.1960E-07 1.1588E-07 1.1128E-07 1.0595E-07 9.9994E-08 9.3629E-08 8.6999E-08 8.0322E-08 7.3705E-08 6.7325E-08 6.1267E-08 5.5629E-08 5.0432E-08 4.5710E-08 4.1450E-08 3.7674E-08 3.4330E-08 3.1377E-08 2.8808E-08 2.6572E-08 2.4596E-08 2.2861E-08 2.1320E-08 1.9938E-08 1.8570E-08 1.7485E-08 1.6517E-08 1.5509E-08 1.4717E-08 1.3979E-08 1.3075E-08 1.2461E-08 1.1882E-08 1.1129E-08 1.0663E-08 1.0214E-08
5.9482E-08 6.2434E-08 6.5678E-08 6.9224E-08 7.3094E-08 7.7277E-08 8.1786E-08 8.6605E-08 9.1644E-08 9.6932E-08 1.0192E-07 1.0648E-07 1.1081E-07 1.1467E-07 1.1810E-07 1.2102E-07 1.2333E-07 1.2489E-07 1.2558E-07 1.2528E-07 1.2396E-07 1.2159E-07 1.1816E-07 1.1375E-07 1.0847E-07 1.0248E-07 9.5981E-08 8.9163E-08 8.2241E-08 7.5346E-08 6.8667E-08 6.2301E-08 5.6377E-08 5.0950E-08 4.6035E-08 4.1575E-08 3.7645E-08 3.4219E-08 3.1218E-08 2.8616E-08 2.6350E-08 2.4376E-08 2.2649E-08 2.1123E-08 1.9758E-08 1.8416E-08 1.7354E-08 1.6408E-08 1.5421E-08 1.4645E-08 1.3919E-08 1.3032E-08 1.2429E-08 1.1859E-08 1.1118E-08 1.0660E-08 1.0217E-08
5.7857E-08 6.0618E-08 6.3662E-08 6.6996E-08 7.0641E-08 7.4596E-08 7.8898E-08 8.3511E-08 8.8381E-08 9.3552E-08 9.8596E-08 1.0335E-07 1.0794E-07 1.1217E-07 1.1607E-07 1.1953E-07 1.2242E-07 1.2459E-07 1.2592E-07 1.2624E-07 1.2547E-07 1.2355E-07 1.2046E-07 1.1627E-07 1.1112E-07 1.0516E-07 9.8575E-08 9.1560E-08 8.4356E-08 7.7138E-08 7.0119E-08 6.3427E-08 5.7176E-08 5.1449E-08 4.6309E-08 4.1679E-08 3.7600E-08 3.4046E-08 3.0996E-08 2.8364E-08 2.6087E-08 2.4112E-08 2.2395E-08 2.0893E-08 1.9555E-08 1.8238E-08 1.7207E-08 1.6279E-08 1.5317E-08 1.4557E-08 1.3742E-08 1.2976E-08 1.2386E-08 1.1715E-08 1.1098E-08 1.0649E-08 1.0112E-08
5.6103E-08 5.8655E-08 6.1474E-08 6.4569E-08 6.7969E-08 7.1673E-08 7.5733E-08 8.0110E-08 8.4771E-08 8.9772E-08 9.4850E-08 9.9760E-08 1.0458E-07 1.0919E-07 1.1356E-07 1.1759E-07 1.2113E-07 1.2398E-07 1.2599E-07 1.2697E-07 1.2680E-07 1.2541E-07 1.2280E-07 1.1896E-07 1.1400E-07 1.0805E-07 1.0134E-07 9.4095E-08 8.6586E-08 7.9011E-08 7.1613E-08 6.4556E-08 5.7980E-08 5.1954E-08 4.6522E-08 4.1709E-08 3.7504E-08 3.3873E-08 3.0736E-08 2.8064E-08 2.5789E-08 2.3822E-08 2.2115E-08 2.0636E-08 1.9178E-08 1.8035E-08 1.7039E-08 1.6131E-08 1.5197E-08 1.4456E-08 1.3658E-08 1.2910E-08 1.2334E-08 1.1676E-08 1.1071E-08 1.0630E-08 1.0091E-08
5.4254E-08 5.6581E-08 5.9167E-08 6.2012E-08 6.5146E-08 6.8568E-08 7.2351E-08 7.6459E-08 8.0880E-08 8.5690E-08 9.0760E-08 9.5758E-08 1.0081E-07 1.0580E-07 1.1065E-07 1.1525E-07 1.1941E-07 1.2297E-07 1.2573E-07 1.2749E-07 1.2807E-07 1.2735E-07 1.2524E-07 1.2176E-07 1.1697E-07 1.1108E-07 1.0428E-07 9.6809E-08 8.8968E-08 8.1009E-08 7.3194E-08 6.5722E-08 5.8782E-08 5.2462E-08 4.6770E-08 4.1718E-08 3.7365E-08 3.3647E-08 3.0457E-08 2.7747E-08 2.5454E-08 2.3495E-08 2.1813E-08 2.0350E-08 1.8926E-08 1.7817E-08 1.6849E-08 1.5841E-08 1.5064E-08 1.4340E-08 1.3443E-08 1.2835E-08 1.2274E-08 1.1505E-08 1.1038E-08 1.0608E-08 1.0061E-08
5.2346E-08 5.4445E-08 5.6785E-08 5.9362E-08 6.2214E-08 6.5343E-08 6.8835E-08 7.2652E-08 7.6798E-08 8.1379E-08 8.6370E-08 9.1441E-08 9.6721E-08 1.0204E-07 1.0731E-07 1.1248E-07 1.1737E-07 1.2175E-07 1.2537E-07 1.2799E-07 1.2938E-07 1.2937E-07 1.2789E-07 1.2487E-07 1.2038E-07 1.1456E-07 1.0762E-07 9.9867E-08 9.1635E-08 8.3230E-08 7.4953E-08 6.7023E-08 5.9630E-08 5.2961E-08 4.6994E-08 4.1745E-08 3.7221E-08 3.3370E-08 3.0131E-08 2.7405E-08 2.5091E-08 2.3128E-08 2.1485E-08 2.0045E-08 1.8649E-08 1.7581E-08 1.6641E-08 1.5671E-08 1.4918E-08 1.4212E-08 1.3341E-08 1.2751E-08 1.2191E-08 1.1454E-08 1.0998E-08 1.0557E-08 1.0040E-08
5.0415E-08 5.2288E-08 5.4372E-08 5.6681E-08 5.9246E-08 6.2066E-08 6.5243E-08 6.8737E-08 7.2584E-08 7.6916E-08 8.1785E-08 8.6893E-08 9.2336E-08 9.7921E-08 1.0366E-07 1.0944E-07 1.1506E-07 1.2028E-07 1.2481E-07 1.2840E-07 1.3077E-07 1.3166E-07 1.3090E-07 1.2836E-07 1.2411E-07 1.1831E-07 1.1121E-07 1.0314E-07 9.4484E-08 8.5586E-08 7.6821E-08 6.8439E-08 6.0650E-08 5.3574E-08 4.7244E-08 4.1745E-08 3.7070E-08 3.3107E-08 2.9769E-08 2.7034E-08 2.4715E-08 2.2755E-08 2.1135E-08 1.9576E-08 1.8363E-08 1.7328E-08 1.6287E-08 1.5490E-08 1.4762E-08 1.3973E-08 1.3232E-08 1.2661E-08 1.2004E-08 1.1396E-08 1.0954E-08 1.0422E-08 9.9995E-09
4.8490E-08 5.0142E-08 5.1975E-08 5.4012E-08 5.6277E-08 5.8781E-08 6.1639E-08 6.4803E-08 6.8333E-08 7.2376E-08 7.7063E-08 8.2170E-08 8.7701E-08 9.3555E-08 9.9730E-08 1.0609E-07 1.1246E-07 1.1858E-07 1.2415E-07 1.2881E-07 1.3223E-07 1.3406E-07 1.3407E-07 1.3211E-07 1.2818E-07 1.2247E-07 1.1524E-07 1.0684E-07 9.7730E-08 8.8297E-08 7.8943E-08 6.9991E-08 6.1695E-08 5.4229E-08 4.7569E-08 4.1795E-08 3.6932E-08 3.2829E-08 2.9417E-08 2.6639E-08 2.4307E-08 2.2377E-08 2.0804E-08 1.9252E-08 1.8060E-08 1.7062E-08 1.6065E-08 1.5300E-08 1.4595E-08 1.3712E-08 1.3117E-08 1.2565E-08 1.1811E-08 1.1335E-08 1.0906E-08 1.0372E-08 9.9715E-09
4.6512E-08 4.8037E-08 4.9629E-08 5.1394E-08 5.3367E-08 5.5560E-08 5.8087E-08 6.0898E-08 6.4081E-08 6.7815E-08 7.2284E-08 7.7327E-08 8.2899E-08 8.8995E-08 9.5550E-08 1.0248E-07 1.0961E-07 1.1668E-07 1.2334E-07 1.2921E-07 1.3379E-07 1.3670E-07 1.3761E-07 1.3629E-07 1.3278E-07 1.2717E-07 1.1974E-07 1.1098E-07 1.0134E-07 9.1293E-08 8.1359E-08 7.1832E-08 6.2967E-08 5.5001E-08 4.7938E-08 4.1870E-08 3.6810E-08 3.2556E-08 2.9073E-08 2.6355E-08 2.3960E-08 2.2060E-08 2.0337E-08 1.8923E-08 1.7741E-08 1.6794E-08 1.5834E-08 1.5103E-08 1.4314E-08 1.3569E-08 1.2996E-08 1.2447E-08 1.1718E-08 1.1268E-08 1.0830E-08 1.0312E-08 9.9390E-09
4.4686E-08 4.5856E-08 4.7361E-08 4.8868E-08 5.0556E-08 5.2430E-08 5.4628E-08 5.7091E-08 5.9928E-08 6.3316E-08 6.7493E-08 7.2393E-08 7.7963E-08 8.4241E-08 9.1110E-08 9.8592E-08 1.0650E-07 1.1458E-07 1.2245E-07 1.2958E-07 1.3539E-07 1.3945E-07 1.4137E-07 1.4081E-07 1.3775E-07 1.3229E-07 1.2475E-07 1.1565E-07 1.0545E-07 9.4735E-08 8.4074E-08 7.3837E-08 6.4397E-08 5.5932E-08 4.8434E-08 4.2090E-08 3.7003E-08 3.2537E-08 2.9110E-08 2.6339E-08 2.3783E-08 2.1736E-08 1.9996E-08 1.8594E-08 1.7415E-08 1.6384E-08 1.5598E-08 1.4899E-08 1.4017E-08 1.3424E-08 1.2873E-08 1.2115E-08 1.1635E-08 1.1201E-08 1.0682E-08 1.0252E-08 9.9059E-09
4.2873E-08 4.3937E-08 4.4973E-08 4.6461E-08 4.7877E-08 4.9451E-08 5.1332E-08 5.3440E-08 5.5892E-08 5.8882E-08 6.2745E-08 6.7450E-08 7.2988E-08 7.9331E-08 8.6466E-08 9.4437E-08 1.0312E-07 1.1224E-07 1.2130E-07 1.2977E-07 1.3703E-07 1.4250E-07 1.4558E-07 1.4590E-07 1.4341E-07 1.3811E-07 1.3041E-07 1.2087E-07 1.1135E-07 1.0042E-07 8.9428E-08 7.8750E-08 6.6289E-08 5.7601E-08 4.9586E-08 4.3348E-08 3.8188E-08 3.3185E-08 2.9154E-08 2.6107E-08 2.3575E-08 2.1269E-08 1.9634E-08 1.8180E-08 1.7086E-08 1.6104E-08 1.5360E-08 1.4580E-08 1.3843E-08 1.3276E-08 1.2743E-08 1.2010E-08 1.1548E-08 1.1128E-08 1.0599E-08 1.0205E-08 9.8549E-09
4.1074E-08 4.2056E-08 4.2983E-08 4.3882E-08 4.5361E-08 4.6658E-08 4.8218E-08 4.9977E-08 5.2051E-08 5.4635E-08 5.8151E-08 6.2569E-08 6.7975E-08 7.4306E-08 8.1610E-08 9.0025E-08 9.9508E-08 1.0963E-07 1.1997E-07 1.2995E-07 1.3879E-07 1.4582E-07 1.5019E-07 1.5155E-07 1.4973E-07 1.4467E-07 1.3691E-07 1.2867E-07 1.1788E-07 1.0668E-07 9.5347E-08 8.3914E-08 7.4332E-08 6.5339E-08 5.5859E-08 4.4911E-08 3.8910E-08 3.3907E-08 2.9352E-08 2.6057E-08 2.3168E-08 2.0956E-08 1.9235E-08 1.7792E-08 1.6624E-08 1.5820E-08 1.5121E-08 1.4252E-08 1.3669E-08 1.3128E-08 1.2385E-08 1.1894E-08 1.1462E-08 1.0938E-08 1.0520E-08 1.0158E-08 9.7149E-09
3.9461E-08 4.0227E-08 4.1077E-08 4.1856E-08 4.2616E-08 4.4069E-08 4.5331E-08 4.6757E-08 4.8460E-08 5.0630E-08 5.3719E-08 5.7788E-08 6.2994E-08 6.9232E-08 7.6627E-08 8.5490E-08 9.5620E-08 1.0673E-07 1.1848E-07 1.3006E-07 1.4068E-07 1.4944E-07 1.5543E-07 1.5820E-07 1.5717E-07 1.5253E-07 1.4964E-07 1.4145E-07 1.3119E-07 1.2122E-07 1.1045E-07 9.7850E-08 8.1569E-08 7.0748E-08 6.0668E-08 5.0953E-08 4.3416E-08 3.4170E-08 2.9569E-08 2.5714E-08 2.2701E-08 2.0619E-08 1.8817E-08 1.7265E-08 1.6300E-08 1.5534E-08 1.4769E-08 1.4052E-08 1.3498E-08 1.2971E-08 1.2246E-08 1.1790E-08 1.1370E-08 1.0848E-08 1.0445E-08 1.0094E-08 9.6661E-09
3.7946E-08 3.8573E-08 3.9242E-08 3.9971E-08 4.0583E-08 4.1289E-08 4.2680E-08 4.3805E-08 4.5156E-08 4.6918E-08 4.9554E-08 5.3225E-08 5.8141E-08 6.4182E-08 7.1629E-08 8.0779E-08 9.1468E-08 1.0372E-07 1.1697E-07 1.3038E-07 1.4312E-07 1.5393E-07 1.6193E-07 1.6708E-07 1.6705E-07 1.7149E-07 1.6975E-07 1.6467E-07 1.5102E-07 1.3906E-07 1.2581E-07 1.1167E-07 9.6250E-08 8.2615E-08 6.5500E-08 5.4671E-08 4.5178E-08 3.7893E-08 2.9785E-08 2.5355E-08 2.2142E-08 1.9970E-08 1.8258E-08 1.6828E-08 1.5975E-08 1.5258E-08 1.4417E-08 1.3855E-08 1.3322E-08 1.2593E-08 1.2112E-08 1.1685E-08 1.1181E-08 1.0764E-08 1.0385E-08 9.9496E-09 9.5880E-09
3.6565E-08 3.7034E-08 3.7561E-08 3.8136E-08 3.8711E-08 3.9189E-08 3.9881E-08 4.1107E-08 4.2165E-08 4.3541E-08 4.5713E-08 4.8908E-08 5.3450E-08 5.9226E-08 6.6665E-08 7.5925E-08 8.7317E-08 1.0075E-07 1.1552E-07 1.3107E-07 1.4672E-07 1.6009E-07 1.7102E-07 1.7903E-07 1.9239E-07 1.9828E-07 2.0058E-07 1.9529E-07 1.8431E-07 1.6912E-07 1.5220E-07 1.2828E-07 1.0935E-07 9.0796E-08 7.5308E-08 5.8709E-08 4.7329E-08 3.8450E-08 3.1747E-08 2.4342E-08 2.1377E-08 1.9330E-08 1.7591E-08 1.6436E-08 1.5646E-08 1.4765E-08 1.4197E-08 1.3659E-08 1.2929E-08 1.2439E-08 1.1992E-08 1.1574E-08 1.1057E-08 1.0659E-08 1.0304E-08 9.8771E-09 9.5110E-09
3.5225E-08 3.5651E-08 3.6020E-08 3.6444E-08 3.6932E-08 3.7357E-08 3.7700E-08 3.8354E-08 3.9384E-08 4.0503E-08 4.2236E-08 4.4915E-08 4.9029E-08 5.4484E-08 6.1732E-08 7.1156E-08 8.3231E-08 9.7934E-08 1.1460E-07 1.3304E-07 1.5222E-07 1.7050E-07 1.8653E-07 2.1312E-07 2.3342E-07 2.4463E-07 2.4829E-07 2.4267E-07 2.2332E-07 2.0282E-07 1.7543E-07 1.5115E-07 1.2702E-07 9.9287E-08 7.9615E-08 6.3581E-08 4.7411E-08 3.8488E-08 3.1687E-08 2.6669E-08 2.0697E-08 1.8605E-08 1.7127E-08 1.6069E-08 1.5198E-08 1.4520E-08 1.3979E-08 1.3462E-08 1.2756E-08 1.2301E-08 1.1866E-08 1.1372E-08 1.0961E-08 1.0581E-08 1.0149E-08 9.7897E-09 9.4723E-09
3.3965E-08 3.4324E-08 3.4658E-08 3.4929E-08 3.5240E-08 3.5637E-08 3.5928E-08 3.6141E-08 3.6729E-08 3.7667E-08 3.9129E-08 4.1305E-08 4.4907E-08 4.9962E-08 5.7024E-08 6.6653E-08 7.9442E-08 9.5669E-08 1.1538E-07 1.3799E-07 1.6243E-07 1.8707E-07 2.1143E-07 2.5236E-07 2.8546E-07 3.0677E-07 3.0993E-07 2.9301E-07 2.7548E-07 2.4789E-07 2.0876E-07 1.7634E-07 1.4357E-07 1.0873E-07 8.3302E-08 6.6419E-08 5.2863E-08 3.9142E-08 3.2446E-08 2.7412E-08 2.3174E-08 1.8259E-08 1.6747E-08 1.5725E-08 1.4821E-08 1.4280E-08 1.3763E-08 1.3063E-08 1.2589E-08 1.2150E-08 1.1647E-08 1.1236E-08 1.0841E-08 1.0488E-08 1.0074E-08 9.7168E-09 9.4169E-09
3.2842E-08 3.3084E-08 3.3358E-08 3.3553E-08 3.3781E-08 3.3987E-08 3.4262E-08 3.4438E-08 3.4542E-08 3.5070E-08 3.6160E-08 3.8110E-08 4.1181E-08 4.5869E-08 5.2736E-08 6.2727E-08 7.6495E-08 9.4962E-08 1.1864E-07 1.4533E-07 1.7492E-07 2.0622E-07 2.4432E-07 3.1113E-07 3.5367E-07 3.7402E-07 3.7161E-07 3.6495E-07 3.4019E-07 3.0754E-07 2.5821E-07 2.1249E-07 1.7087E-07 1.3415E-07 1.0407E-07 7.3128E-08 5.7208E-08 4.5111E-08 3.3343E-08 2.7545E-08 2.3418E-08 1.7788E-08 1.6333E-08 1.5138E-08 1.4562E-08 1.4046E-08 1.3340E-08 1.2878E-08 1.2435E-08 1.2011E-08 1.1531E-08 1.1127E-08 1.0752E-08 1.0326E-08 9.9811E-09 9.6564E-09 9.3632E-09
3.1743E-08 3.1930E-08 3.2152E-08 3.2291E-08 3.2462E-08 3.2550E-08 3.2700E-08 3.2841E-08 3.2922E-08 3.2932E-08 3.3401E-08 3.5081E-08 3.7934E-08 4.2234E-08 4.9199E-08 5.9707E-08 7.4656E-08 9.5371E-08 1.2254E-07 1.5751E-07 1.9989E-07 2.4252E-07 2.9148E-07 4.0067E-07 4.6134E-07 4.7837E-07 4.8935E-07 4.7349E-07 4.3714E-07 3.8692E-07 3.2716E-07 2.6882E-07 2.0187E-07 1.5602E-07 1.1906E-07 8.5964E-08 6.1471E-08 4.7835E-08 3.7480E-08 2.7800E-08 2.3418E-08 2.0222E-08 1.5675E-08 1.4836E-08 1.4309E-08 1.3704E-08 1.3154E-08 1.2697E-08 1.2271E-08 1.1785E-08 1.1384E-08 1.1001E-08 1.0562E-08 1.0245E-08 9.8918E-09 9.5788E-09 9.2469E-09
3.0719E-08 3.0860E-08 3.1035E-08 3.1129E-08 3.1253E-08 3.1295E-08 3.1364E-08 3.1355E-08 3.1419E-08 3.1410E-08 3.1342E-08 3.2203E-08 3.5317E-08 4.0187E-08 4.8009E-08 5.9673E-08 7.7248E-08 1.0134E-07 1.3206E-07 1.6867E-07 2.1295E-07 2.6255E-07 3.2287E-07 4.9934E-07 5.8651E-07 6.5463E-07 6.7824E-07 6.5767E-07 5.8736E-07 4.8796E-07 3.9924E-07 3.1652E-07 2.4610E-07 1.7815E-07 1.3525E-07 1.0031E-07 6.5531E-08 5.0330E-08 3.9023E-08 2.8211E-08 2.3555E-08 1.9927E-08 1.5275E-08 1.4553E-08 1.3951E-08 1.3401E-08 1.2958E-08 1.2519E-08 1.2031E-08 1.1647E-08 1.1251E-08 1.0808E-08 1.0484E-08 1.0146E-08 9.8215E-09 9.5307E-09 9.1693E-09
