Assets/Resources/2015_m01_d14_1000(utc+0800)_l00_csi_1hr_conc.grd
DSAA
         159         159
     -79.000      79.000
     -79.000      79.000
  0.0000E+00  0.8860E-06
[rows 0 to 24 of 159, columns 0 to 56 of 159]
1.9024E-09 1.9423E-09 1.9821E-09 2.0215E-09 2.0603E-09 2.1008E-09 2.1396E-09 2.1780E-09 2.2166E-09 2.2526E-09 2.2900E-09 2.3257E-09 2.3592E-09 2.3934E-09 2.4286E-09 2.4603E-09 2.4929E-09 2.5247E-09 2.5539E-09 2.5823E-09 2.6128E-09 2.6388E-09 2.6641E-09 2.6881E-09 2.7153E-09 2.7370E-09 2.7574E-09 2.7824E-09 2.8019E-09 2.8185E-09 2.8341E-09 2.8546E-09 2.8670E-09 2.8779E-09 2.8874E-09 2.9019E-09 2.9078E-09 2.9121E-09 2.9151E-09 2.9234E-09 2.9230E-09 2.9202E-09 2.9155E-09 2.9092E-09 2.9080E-09 2.8978E-09 2.8850E-09 2.8697E-09 2.8523E-09 2.8333E-09 2.8191E-09 2.7957E-09 2.7701E-09 2.7419E-09 2.7110E-09 2.6780E-09 2.6428E-09
1.9517E-09 1.9932E-09 2.0346E-09 2.0760E-09 2.1161E-09 2.1584E-09 2.2005E-09 2.2394E-09 2.2792E-09 2.3187E-09 2.3566E-09 2.3924E-09 2.4290E-09 2.4665E-09 2.5006E-09 2.5357E-09 2.5702E-09 2.6019E-09 2.6331E-09 2.6663E-09 2.6952E-09 2.7233E-09 2.7502E-09 2.7803E-09 2.8051E-09 2.8285E-09 2.8583E-09 2.8793E-09 2.8991E-09 2.9211E-09 2.9416E-09 2.9573E-09 2.9717E-09 2.9878E-09 3.0024E-09 3.0117E-09 3.0196E-09 3.0296E-09 3.0381E-09 3.0409E-09 3.0417E-09 3.0408E-09 3.0451E-09 3.0405E-09 3.0332E-09 3.0234E-09 3.0117E-09 3.0017E-09 2.9897E-09 2.9718E-09 2.9511E-09 2.9275E-09 2.9017E-09 2.8742E-09 2.8443E-09 2.8193E-09 2.7847E-09
2.0039E-09 2.0443E-09 2.0863E-09 2.1318E-09 2.1736E-09 2.2166E-09 2.2591E-09 2.3007E-09 2.3427E-09 2.3841E-09 2.4222E-09 2.4611E-09 2.5010E-09 2.5373E-09 2.5750E-09 2.6122E-09 2.6464E-09 2.6803E-09 2.7164E-09 2.7481E-09 2.7790E-09 2.8088E-09 2.8420E-09 2.8698E-09 2.8962E-09 2.9292E-09 2.9534E-09 2.9766E-09 3.0018E-09 3.0256E-09 3.0448E-09 3.0627E-09 3.0856E-09 3.1003E-09 3.1132E-09 3.1250E-09 3.1422E-09 3.1508E-09 3.1572E-09 3.1618E-09 3.1683E-09 3.1731E-09 3.1717E-09 3.1678E-09 3.1621E-09 3.1581E-09 3.1522E-09 3.1401E-09 3.1250E-09 3.1073E-09 3.0875E-09 3.0694E-09 3.0490E-09 3.0225E-09 2.9931E-09 2.9608E-09 2.9254E-09
2.0536E-09 2.0946E-09 2.1419E-09 2.1879E-09 2.2290E-09 2.2750E-09 2.3206E-09 2.3627E-09 2.4066E-09 2.4484E-09 2.4896E-09 2.5318E-09 2.5706E-09 2.6106E-09 2.6503E-09 2.6873E-09 2.7238E-09 2.7627E-09 2.7971E-09 2.8310E-09 2.8638E-09 2.9000E-09 2.9308E-09 2.9604E-09 2.9965E-09 3.0240E-09 3.0504E-09 3.0790E-09 3.1064E-09 3.1289E-09 3.1504E-09 3.1769E-09 3.1952E-09 3.2120E-09 3.2310E-09 3.2487E-09 3.2610E-09 3.2713E-09 3.2801E-09 3.2943E-09 3.2991E-09 3.3014E-09 3.3017E-09 3.3040E-09 3.3044E-09 3.2987E-09 3.2898E-09 3.2786E-09 3.2657E-09 3.2576E-09 3.2398E-09 3.2192E-09 3.1954E-09 3.1687E-09 3.1395E-09 3.1081E-09 3.0739E-09
2.1024E-09 2.1484E-09 2.1949E-09 2.2417E-09 2.2872E-09 2.3348E-09 2.3797E-09 2.4250E-09 2.4710E-09 2.5129E-09 2.5573E-09 2.6001E-09 2.6424E-09 2.6846E-09 2.7243E-09 2.7634E-09 2.8050E-09 2.8423E-09 2.8791E-09 2.9148E-09 2.9540E-09 2.9878E-09 3.0206E-09 3.0567E-09 3.0907E-09 3.1204E-09 3.1524E-09 3.1833E-09 3.2094E-09 3.2345E-09 3.2646E-09 3.2867E-09 3.3074E-09 3.3304E-09 3.3520E-09 3.3683E-09 3.3826E-09 3.4027E-09 3.4140E-09 3.4228E-09 3.4291E-09 3.4377E-09 3.4447E-09 3.4457E-09 3.4437E-09 3.4392E-09 3.4332E-09 3.4322E-09 3.4213E-09 3.4070E-09 3.3897E-09 3.3697E-09 3.3481E-09 3.3272E-09 3.2998E-09 3.2692E-09 3.2352E-09
2.1519E-09 2.1987E-09 2.2484E-09 2.2982E-09 2.3436E-09 2.3922E-09 2.4418E-09 2.4876E-09 2.5339E-09 2.5806E-09 2.6256E-09 2.6686E-09 2.7132E-09 2.7573E-09 2.7988E-09 2.8415E-09 2.8834E-09 2.9229E-09 2.9616E-09 3.0038E-09 3.0407E-09 3.0766E-09 3.1160E-09 3.1532E-09 3.1862E-09 3.2216E-09 3.2561E-09 3.2857E-09 3.3178E-09 3.3483E-09 3.3743E-09 3.3989E-09 3.4293E-09 3.4516E-09 3.4719E-09 3.4907E-09 3.5151E-09 3.5305E-09 3.5434E-09 3.5545E-09 3.5715E-09 3.5796E-09 3.5847E-09 3.5871E-09 3.5881E-09 3.5944E-09 3.5909E-09 3.5841E-09 3.5739E-09 3.5615E-09 3.5472E-09 3.5338E-09 3.5135E-09 3.4901E-09 3.4626E-09 3.4321E-09 3.3986E-09
2.2032E-09 2.2499E-09 2.3003E-09 2.3520E-09 2.4007E-09 2.4523E-09 2.5010E-09 2.5487E-09 2.5998E-09 2.6471E-09 2.6924E-09 2.7393E-09 2.7860E-09 2.8300E-09 2.8754E-09 2.9202E-09 2.9624E-09 3.0040E-09 3.0462E-09 3.0891E-09 3.1282E-09 3.1708E-09 3.2112E-09 3.2476E-09 3.2863E-09 3.3244E-09 3.3577E-09 3.3933E-09 3.4278E-09 3.4576E-09 3.4862E-09 3.5206E-09 3.5471E-09 3.5716E-09 3.5982E-09 3.6236E-09 3.6432E-09 3.6605E-09 3.6802E-09 3.6987E-09 3.7112E-09 3.7208E-09 3.7287E-09 3.7424E-09 3.7466E-09 3.7476E-09 3.7451E-09 3.7410E-09 3.7379E-09 3.7289E-09 3.7163E-09 3.7003E-09 3.6806E-09 3.6586E-09 3.6336E-09 3.6053E-09 3.5737E-09
2.2525E-09 2.3013E-09 2.3549E-09 2.4066E-09 2.4560E-09 2.5097E-09 2.5619E-09 2.6126E-09 2.6629E-09 2.7122E-09 2.7611E-09 2.8102E-09 2.8569E-09 2.9048E-09 2.9524E-09 2.9973E-09 3.0418E-09 3.0871E-09 3.1328E-09 3.1751E-09 3.2178E-09 3.2644E-09 3.3042E-09 3.3463E-09 3.3878E-09 3.4249E-09 3.4609E-09 3.5024E-09 3.5362E-09 3.5687E-09 3.6072E-09 3.6379E-09 3.6668E-09 3.6978E-09 3.7276E-09 3.7516E-09 3.7736E-09 3.8020E-09 3.8219E-09 3.8389E-09 3.8535E-09 3.8709E-09 3.8865E-09 3.8957E-09 3.9013E-09 3.9051E-09 3.9108E-09 3.9100E-09 3.9056E-09 3.8977E-09 3.8866E-09 3.8736E-09 3.8678E-09 3.8492E-09 3.8268E-09 3.7998E-09 3.7683E-09
2.3005E-09 2.3523E-09 2.4074E-09 2.4616E-09 2.5141E-09 2.5684E-09 2.6209E-09 2.6736E-09 2.7276E-09 2.7785E-09 2.8283E-09 2.8794E-09 2.9296E-09 2.9799E-09 3.0276E-09 3.0748E-09 3.1232E-09 3.1717E-09 3.2170E-09 3.2631E-09 3.3127E-09 3.3558E-09 3.3981E-09 3.4462E-09 3.4870E-09 3.5267E-09 3.5719E-09 3.6096E-09 3.6461E-09 3.6886E-09 3.7237E-09 3.7568E-09 3.7923E-09 3.8266E-09 3.8551E-09 3.8821E-09 3.9156E-09 3.9403E-09 3.9623E-09 3.9825E-09 4.0093E-09 4.0266E-09 4.0407E-09 4.0522E-09 4.0664E-09 4.0744E-09 4.0791E-09 4.0798E-09 4.0777E-09 4.0842E-09 4.0790E-09 4.0699E-09 4.0570E-09 4.0391E-09 4.0174E-09 3.9924E-09 3.9635E-09
2.3497E-09 2.4031E-09 2.4601E-09 2.5174E-09 2.5689E-09 2.6252E-09 2.6826E-09 2.7360E-09 2.7903E-09 2.8436E-09 2.8972E-09 2.9497E-09 3.0009E-09 3.0531E-09 3.1030E-09 3.1542E-09 3.2026E-09 3.2539E-09 3.3032E-09 3.3526E-09 3.4022E-09 3.4478E-09 3.4991E-09 3.5437E-09 3.5870E-09 3.6359E-09 3.6776E-09 3.7180E-09 3.7646E-09 3.8039E-09 3.8414E-09 3.8847E-09 3.9202E-09 3.9534E-09 3.9852E-09 4.0239E-09 4.0535E-09 4.0806E-09 4.1102E-09 4.1391E-09 4.1618E-09 4.1813E-09 4.1996E-09 4.2201E-09 4.2340E-09 4.2442E-09 4.2512E-09 4.2680E-09 4.2726E-09 4.2734E-09 4.2704E-09 4.2624E-09 4.2514E-09 4.2375E-09 4.2298E-09 4.2083E-09 4.1817E-09
2.3996E-09 2.4530E-09 2.5109E-09 2.5701E-09 2.6250E-09 2.6845E-09 2.7411E-09 2.7963E-09 2.8543E-09 2.9101E-09 2.9638E-09 3.0187E-09 3.0737E-09 3.1261E-09 3.1783E-09 3.2316E-09 3.2855E-09 3.3379E-09 3.3905E-09 3.4431E-09 3.4919E-09 3.5433E-09 3.5948E-09 3.6416E-09 3.6941E-09 3.7398E-09 3.7841E-09 3.8346E-09 3.8782E-09 3.9201E-09 3.9678E-09 4.0078E-09 4.0457E-09 4.0859E-09 4.1262E-09 4.1608E-09 4.1931E-09 4.2324E-09 4.2633E-09 4.2914E-09 4.3168E-09 4.3457E-09 4.3688E-09 4.3887E-09 4.4147E-09 4.4317E-09 4.4461E-09 4.4571E-09 4.4641E-09 4.4665E-09 4.4667E-09 4.4751E-09 4.4693E-09 4.4596E-09 4.4443E-09 4.4237E-09 4.3994E-09
2.4472E-09 2.5013E-09 2.5639E-09 2.6223E-09 2.6789E-09 2.7405E-09 2.8007E-09 2.8578E-09 2.9167E-09 2.9745E-09 3.0316E-09 3.0891E-09 3.1442E-09 3.1990E-09 3.2552E-09 3.3117E-09 3.3653E-09 3.4199E-09 3.4784E-09 3.5305E-09 3.5850E-09 3.6398E-09 3.6902E-09 3.7431E-09 3.7960E-09 3.8441E-09 3.8949E-09 3.9462E-09 3.9924E-09 4.0409E-09 4.0890E-09 4.1317E-09 4.1767E-09 4.2220E-09 4.2618E-09 4.2994E-09 4.3444E-09 4.3809E-09 4.4147E-09 4.4467E-09 4.4821E-09 4.5114E-09 4.5471E-09 4.5726E-09 4.5972E-09 4.6190E-09 4.6365E-09 4.6494E-09 4.6714E-09 4.6814E-09 4.6876E-09 4.6896E-09 4.6867E-09 4.6790E-09 4.6680E-09 4.6521E-09 4.6423E-09
2.4933E-09 2.5519E-09 2.6135E-09 2.6753E-09 2.7351E-09 2.7959E-09 2.8581E-09 2.9171E-09 2.9802E-09 3.0398E-09 3.0976E-09 3.1573E-09 3.2144E-09 3.2733E-09 3.3297E-09 3.3890E-09 3.4467E-09 3.5047E-09 3.5631E-09 3.6177E-09 3.6787E-09 3.7329E-09 3.7891E-09 3.8456E-09 3.8976E-09 3.9522E-09 4.0076E-09 4.0581E-09 4.1108E-09 4.1635E-09 4.2108E-09 4.2605E-09 4.3108E-09 4.3558E-09 4.3987E-09 4.4494E-09 4.4916E-09 4.5312E-09 4.5696E-09 4.6115E-09 4.6472E-09 4.6904E-09 4.7243E-09 4.7564E-09 4.7855E-09 4.8091E-09 4.8417E-09 4.8632E-09 4.8814E-09 4.8959E-09 4.9051E-09 4.9106E-09 4.9243E-09 4.9233E-09 4.9173E-09 4.9190E-09 4.9013E-09
2.5385E-09 2.6003E-09 2.6624E-09 2.7275E-09 2.7878E-09 2.8521E-09 2.9164E-09 2.9761E-09 3.0414E-09 3.1028E-09 3.1648E-09 3.2245E-09 3.2841E-09 3.3452E-09 3.4069E-09 3.4675E-09 3.5255E-09 3.5898E-09 3.6476E-09 3.7081E-09 3.7692E-09 3.8257E-09 3.8887E-09 3.9447E-09 4.0029E-09 4.0619E-09 4.1168E-09 4.1737E-09 4.2307E-09 4.2827E-09 4.3371E-09 4.3923E-09 4.4423E-09 4.4905E-09 4.5468E-09 4.5946E-09 4.6400E-09 4.6887E-09 4.7332E-09 4.7854E-09 4.8265E-09 4.8684E-09 4.9080E-09 4.9435E-09 4.9860E-09 5.0183E-09 5.0486E-09 5.0756E-09 5.0972E-09 5.1264E-09 5.1441E-09 5.1705E-09 5.1802E-09 5.1843E-09 5.1819E-09 5.1751E-09 5.1624E-09
2.5857E-09 2.6465E-09 2.7119E-09 2.7789E-09 2.8395E-09 2.9074E-09 2.9722E-09 3.0359E-09 3.1031E-09 3.1670E-09 3.2295E-09 3.2912E-09 3.3549E-09 3.4161E-09 3.4824E-09 3.5435E-09 3.6072E-09 3.6712E-09 3.7314E-09 3.7988E-09 3.8589E-09 3.9217E-09 3.9849E-09 4.0435E-09 4.1092E-09 4.1683E-09 4.2260E-09 4.2905E-09 4.3471E-09 4.4060E-09 4.4658E-09 4.5210E-09 4.5745E-09 4.6360E-09 4.6895E-09 4.7407E-09 4.7956E-09 4.8465E-09 4.9057E-09 4.9546E-09 5.0039E-09 5.0507E-09 5.1037E-09 5.1462E-09 5.1877E-09 5.2264E-09 5.2610E-09 5.3027E-09 5.3336E-09 5.3754E-09 5.4002E-09 5.4195E-09 5.4330E-09 5.4431E-09 5.4594E-09 5.4588E-09 5.4653E-09
2.6307E-09 2.6916E-09 2.7603E-09 2.8280E-09 2.8920E-09 2.9603E-09 3.0290E-09 3.0948E-09 3.1624E-09 3.2287E-09 3.2929E-09 3.3589E-09 3.4230E-09 3.4897E-09 3.5555E-09 3.6186E-09 3.6885E-09 3.7517E-09 3.8184E-09 3.8854E-09 3.9512E-09 4.0179E-09 4.0803E-09 4.1456E-09 4.2123E-09 4.2742E-09 4.3425E-09 4.4037E-09 4.4637E-09 4.5312E-09 4.5914E-09 4.6501E-09 4.7166E-09 4.7756E-09 4.8327E-09 4.8936E-09 4.9507E-09 5.0170E-09 5.0733E-09 5.1300E-09 5.1838E-09 5.2453E-09 5.2971E-09 5.3475E-09 5.3944E-09 5.4481E-09 5.5043E-09 5.5474E-09 5.5869E-09 5.6215E-09 5.6508E-09 5.6892E-09 5.7128E-09 5.7444E-09 5.7571E-09 5.7622E-09 5.7607E-09
2.6731E-09 2.7357E-09 2.8078E-09 2.8759E-09 2.9432E-09 3.0121E-09 3.0832E-09 3.1509E-09 3.2225E-09 3.2893E-09 3.3554E-09 3.4238E-09 3.4898E-09 3.5611E-09 3.6272E-09 3.6962E-09 3.7658E-09 3.8347E-09 3.9050E-09 3.9708E-09 4.0437E-09 4.1099E-09 4.1785E-09 4.2485E-09 4.3146E-09 4.3830E-09 4.4522E-09 4.5166E-09 4.5881E-09 4.6531E-09 4.7170E-09 4.7881E-09 4.8526E-09 4.9155E-09 4.9820E-09 5.0551E-09 5.1186E-09 5.1818E-09 5.2456E-09 5.3172E-09 5.3768E-09 5.4376E-09 5.4967E-09 5.5627E-09 5.6165E-09 5.6850E-09 5.7383E-09 5.7878E-09 5.8435E-09 5.8877E-09 5.9425E-09 5.9795E-09 6.0112E-09 6.0357E-09 6.0549E-09 6.0800E-09 6.0866E-09
2.7143E-09 2.7815E-09 2.8526E-09 2.9242E-09 2.9918E-09 3.0626E-09 3.1377E-09 3.2056E-09 3.2798E-09 3.3483E-09 3.4187E-09 3.4875E-09 3.5588E-09 3.6296E-09 3.6978E-09 3.7731E-09 3.8415E-09 3.9174E-09 3.9870E-09 4.0589E-09 4.1321E-09 4.2007E-09 4.2768E-09 4.3470E-09 4.4193E-09 4.4923E-09 4.5610E-09 4.6328E-09 4.7061E-09 4.7748E-09 4.8503E-09 4.9201E-09 4.9887E-09 5.0604E-09 5.1397E-09 5.2097E-09 5.2796E-09 5.3504E-09 5.4296E-09 5.4973E-09 5.5666E-09 5.6341E-09 5.7095E-09 5.7879E-09 5.8538E-09 5.9175E-09 5.9881E-09 6.0469E-09 6.1184E-09 6.1732E-09 6.2237E-09 6.2674E-09 6.3191E-09 6.3555E-09 6.3988E-09 6.4221E-09 6.4360E-09
2.7542E-09 2.8247E-09 2.8962E-09 2.9711E-09 3.0390E-09 3.1138E-09 3.1894E-09 3.2608E-09 3.3357E-09 3.4061E-09 3.4789E-09 3.5495E-09 3.6254E-09 3.6965E-09 3.7706E-09 3.8453E-09 3.9197E-09 3.9957E-09 4.0672E-09 4.1465E-09 4.2188E-09 4.2941E-09 4.3713E-09 4.4442E-09 4.5238E-09 4.5968E-09 4.6727E-09 4.7499E-09 4.8232E-09 4.8995E-09 4.9779E-09 5.0518E-09 5.1247E-09 5.2137E-09 5.2901E-09 5.3661E-09 5.4436E-09 5.5305E-09 5.6059E-09 5.6833E-09 5.7695E-09 5.8442E-09 5.9336E-09 6.0096E-09 6.0840E-09 6.1660E-09 6.2523E-09 6.3236E-09 6.3915E-09 6.4544E-09 6.5262E-09 6.5977E-09 6.6507E-09 6.6977E-09 6.7360E-09 6.7663E-09 6.7895E-09
2.7942E-09 2.8650E-09 2.9382E-09 3.0151E-09 3.0848E-09 3.1634E-09 3.2394E-09 3.3131E-09 3.3899E-09 3.4643E-09 3.5375E-09 3.6120E-09 3.6888E-09 3.7619E-09 3.8421E-09 3.9157E-09 3.9937E-09 4.0722E-09 4.1501E-09 4.2294E-09 4.3041E-09 4.3872E-09 4.4640E-09 4.5434E-09 4.6239E-09 4.7003E-09 4.7843E-09 4.8622E-09 4.9431E-09 5.0255E-09 5.1046E-09 5.1826E-09 5.2767E-09 5.3589E-09 5.4409E-09 5.5249E-09 5.6190E-09 5.7018E-09 5.7870E-09 5.8819E-09 5.9786E-09 6.0654E-09 6.1518E-09 6.2467E-09 6.3437E-09 6.4302E-09 6.5142E-09 6.5951E-09 6.6845E-09 6.7763E-09 6.8509E-09 6.9205E-09 6.9832E-09 7.0507E-09 7.1021E-09 7.1450E-09 7.1941E-09
2.8344E-09 2.9038E-09 2.9804E-09 3.0575E-09 3.1306E-09 3.2100E-09 3.2893E-09 3.3636E-09 3.4423E-09 3.5192E-09 3.5942E-09 3.6744E-09 3.7502E-09 3.8290E-09 3.9087E-09 3.9849E-09 4.0695E-09 4.1465E-09 4.2317E-09 4.3100E-09 4.3918E-09 4.4755E-09 4.5551E-09 4.6421E-09 4.7223E-09 4.8060E-09 4.8916E-09 4.9734E-09 5.0629E-09 5.1468E-09 5.2301E-09 5.3186E-09 5.4161E-09 5.5040E-09 5.5938E-09 5.6948E-09 5.7847E-09 5.8771E-09 5.9803E-09 6.0861E-09 6.1822E-09 6.2782E-09 6.3839E-09 6.4941E-09 6.5920E-09 6.6889E-09 6.7941E-09 6.9024E-09 6.9974E-09 7.0884E-09 7.1743E-09 7.2665E-09 7.3443E-09 7.4300E-09 7.4941E-09 7.5494E-09 7.5937E-09
2.8699E-09 2.9408E-09 3.0208E-09 3.0982E-09 3.1749E-09 3.2547E-09 3.3361E-09 3.4124E-09 3.4949E-09 3.5722E-09 3.6508E-09 3.7319E-09 3.8096E-09 3.8912E-09 3.9730E-09 4.0558E-09 4.1397E-09 4.2231E-09 4.3082E-09 4.3888E-09 4.4783E-09 4.5615E-09 4.6513E-09 4.7353E-09 4.8227E-09 4.9113E-09 4.9972E-09 5.0904E-09 5.1786E-09 5.2670E-09 5.3591E-09 5.4615E-09 5.5552E-09 5.6502E-09 5.7574E-09 5.8542E-09 5.9532E-09 6.0642E-09 6.1784E-09 6.2833E-09 6.3995E-09 6.5056E-09 6.6268E-09 6.7368E-09 6.8566E-09 6.9649E-09 7.0903E-09 7.2001E-09 7.3077E-09 7.4219E-09 7.5374E-09 7.6364E-09 7.7289E-09 7.8140E-09 7.8895E-09 7.9703E-09 8.0292E-09
2.9037E-09 2.9761E-09 3.0579E-09 3.1371E-09 3.2158E-09 3.2973E-09 3.3810E-09 3.4590E-09 3.5439E-09 3.6230E-09 3.7040E-09 3.7873E-09 3.8673E-09 3.9546E-09 4.0355E-09 4.1249E-09 4.2074E-09 4.2979E-09 4.3819E-09 4.4697E-09 4.5595E-09 4.6489E-09 4.7393E-09 4.8266E-09 4.9215E-09 5.0111E-09 5.1047E-09 5.1997E-09 5.2924E-09 5.3886E-09 5.4952E-09 5.5942E-09 5.6937E-09 5.8067E-09 5.9101E-09 6.0151E-09 6.1332E-09 6.2553E-09 6.3682E-09 6.4937E-09 6.6230E-09 6.7413E-09 6.8627E-09 6.9948E-09 7.1316E-09 7.2573E-09 7.3831E-09 7.5173E-09 7.6393E-09 7.7761E-09 7.8947E-09 8.0081E-09 8.1256E-09 8.2275E-09 8.3360E-09 8.4211E-09 8.4948E-09
2.9356E-09 3.0127E-09 3.0930E-09 3.1772E-09 3.2547E-09 3.3396E-09 3.4238E-09 3.5051E-09 3.5907E-09 3.6716E-09 3.7582E-09 3.8402E-09 3.9259E-09 4.0123E-09 4.0994E-09 4.1883E-09 4.2766E-09 4.3671E-09 4.4533E-09 4.5485E-09 4.6378E-09 4.7341E-09 4.8247E-09 4.9192E-09 5.0152E-09 5.1088E-09 5.2102E-09 5.3068E-09 5.4040E-09 5.5171E-09 5.6205E-09 5.7246E-09 5.8427E-09 5.9523E-09 6.0625E-09 6.1870E-09 6.3164E-09 6.4365E-09 6.5705E-09 6.7091E-09 6.8380E-09 6.9690E-09 7.1137E-09 7.2633E-09 7.4028E-09 7.5433E-09 7.6940E-09 7.8500E-09 7.9912E-09 8.1302E-09 8.2753E-09 8.4061E-09 8.5482E-09 8.6679E-09 8.7794E-09 8.8791E-09 8.9798E-09
2.9656E-09 3.0442E-09 3.1262E-09 3.2121E-09 3.2915E-09 3.3781E-09 3.4644E-09 3.5475E-09 3.6353E-09 3.7198E-09 3.8069E-09 3.8909E-09 3.9791E-09 4.0675E-09 4.1578E-09 4.2487E-09 4.3405E-09 4.4333E-09 4.5264E-09 4.6218E-09 4.7172E-09 4.8137E-09 4.9075E-09 5.0095E-09 5.1061E-09 5.2075E-09 5.3105E-09 5.4118E-09 5.5171E-09 5.6344E-09 5.7436E-09 5.8654E-09 5.9803E-09 6.0954E-09 6.2256E-09 6.3617E-09 6.4881E-09 6.6296E-09 6.7769E-09 6.9148E-09 7.0551E-09 7.2112E-09 7.3729E-09 7.5263E-09 7.6915E-09 7.8618E-09 8.0211E-09 8.1806E-09 8.3387E-09 8.5066E-09 8.6775E-09 8.8292E-09 8.9753E-09 9.1122E-09 9.2544E-09 9.3741E-09 9.4974E-09
