Assets/Resources/2015_m01_d30_1400(utc+0800)_l00_csi_1hr_conc.grd
DSAA
         159         159
     -79.000      79.000
     -79.000      79.000
  0.0000E+00  0.3296E-05
[rows 50 to 74 of 159, columns 57 to 113 of 159]
0.0000E+00 0.0000E+00 0.0000E+00 0.0000E+00 0.0000E+00 0.0000E+00 0.0000E+00 0.0000E+00 0.0000E+00 0.0000E+00 0.0000E+00 0.0000E+00 0.0000E+00 0.0000E+00 0.0000E+00 0.0000E+00 3.5324E-13 2.2711E-11 5.0790E-11 9.8584E-11 3.1621E-10 5.4639E-10 8.6843E-10 1.2351E-09 1.6824E-09 2.2094E-09 2.8285E-09 3.5157E-09 4.2827E-09 5.0913E-09 5.9322E-09 6.7826E-09 7.6002E-09 8.3834E-09 9.1061E-09 9.7590E-09 1.0339E-08 1.0841E-08 1.1269E-08 1.1622E-08 1.1910E-08 1.2131E-08 1.2285E-08 1.2379E-08 1.2431E-08 1.2427E-08 1.2374E-08 1.2266E-08 1.2120E-08 1.1932E-08 1.1693E-08 1.1422E-08 1.1112E-08 1.0767E-08 1.0400E-08 1.0015E-08 9.6086E-09
0.0000E+00 0.0000E+00 0.0000E+00 0.0000E+00 0.0000E+00 0.0000E+00 0.0000E+00 0.0000E+00 0.0000E+00 0.0000E+00 0.0000E+00 0.0000E+00 0.0000E+00 0.0000E+00 0.0000E+00 0.0000E+00 7.1060E-12 4.0781E-11 8.0359E-11 2.2660E-10 4.5204E-10 7.6981E-10 1.1616E-09 1.6158E-09 2.1678E-09 2.8105E-09 3.5516E-09 4.3620E-09 5.2482E-09 6.1724E-09 7.1055E-09 8.0287E-09 8.9112E-09 9.7156E-09 1.0441E-08 1.1070E-08 1.1603E-08 1.2039E-08 1.2387E-08 1.2641E-08 1.2815E-08 1.2920E-08 1.2961E-08 1.2932E-08 1.2853E-08 1.2730E-08 1.2557E-08 1.2344E-08 1.2084E-08 1.1801E-08 1.1473E-08 1.1112E-08 1.0732E-08 1.0321E-08 9.8923E-09 9.4573E-09 9.0087E-09
0.0000E+00 0.0000E+00 0.0000E+00 0.0000E+00 0.0000E+00 0.0000E+00 0.0000E+00 0.0000E+00 0.0000E+00 0.0000E+00 0.0000E+00 0.0000E+00 0.0000E+00 0.0000E+00 0.0000E+00 0.0000E+00 2.4182E-11 6.8999E-11 1.2115E-10 3.4759E-10 6.5222E-10 1.0556E-09 1.5477E-09 2.1258E-09 2.8099E-09 3.5958E-09 4.4626E-09 5.4191E-09 6.4062E-09 7.4333E-09 8.4577E-09 9.4350E-09 1.0355E-08 1.1177E-08 1.1886E-08 1.2470E-08 1.2934E-08 1.3278E-08 1.3513E-08 1.3656E-08 1.3702E-08 1.3672E-08 1.3576E-08 1.3422E-08 1.3206E-08 1.2954E-08 1.2664E-08 1.2339E-08 1.1977E-08 1.1587E-08 1.1180E-08 1.0742E-08 1.0292E-08 9.8278E-09 9.3442E-09 8.8700E-09 8.3881E-09
0.0000E+00 0.0000E+00 0.0000E+00 0.0000E+00 0.0000E+00 0.0000E+00 0.0000E+00 0.0000E+00 0.0000E+00 0.0000E+00 0.0000E+00 0.0000E+00 0.0000E+00 0.0000E+00 0.0000E+00 4.2391E-12 5.4816E-11 1.0026E-10 2.5133E-10 5.3281E-10 9.4979E-10 1.4610E-09 2.0728E-09 2.8037E-09 3.6479E-09 4.5880E-09 5.6112E-09 6.6920E-09 7.8110E-09 8.9216E-09 1.0010E-08 1.1034E-08 1.1951E-08 1.2756E-08 1.3423E-08 1.3936E-08 1.4297E-08 1.4532E-08 1.4635E-08 1.4633E-08 1.4540E-08 1.4362E-08 1.4117E-08 1.3824E-08 1.3478E-08 1.3093E-08 1.2680E-08 1.2244E-08 1.1787E-08 1.1303E-08 1.0817E-08 1.0312E-08 9.7959E-09 9.2891E-09 8.7663E-09 8.2594E-09 7.7554E-09
0.0000E+00 0.0000E+00 0.0000E+00 0.0000E+00 0.0000E+00 0.0000E+00 0.0000E+00 0.0000E+00 0.0000E+00 0.0000E+00 0.0000E+00 0.0000E+00 0.0000E+00 0.0000E+00 2.9287E-13 2.6381E-11 8.7766E-11 1.6741E-10 4.2934E-10 8.2748E-10 1.3635E-09 2.0341E-09 2.8326E-09 3.7602E-09 4.7832E-09 5.9014E-09 7.0773E-09 8.2748E-09 9.4909E-09 1.0678E-08 1.1802E-08 1.2819E-08 1.3716E-08 1.4465E-08 1.5041E-08 1.5443E-08 1.5677E-08 1.5756E-08 1.5716E-08 1.5552E-08 1.5299E-08 1.4968E-08 1.4566E-08 1.4123E-08 1.3648E-08 1.3134E-08 1.2607E-08 1.2062E-08 1.1511E-08 1.0946E-08 1.0385E-08 9.8279E-09 9.2601E-09 8.7128E-09 8.1617E-09 7.6313E-09 7.1165E-09
0.0000E+00 0.0000E+00 0.0000E+00 0.0000E+00 0.0000E+00 0.0000E+00 0.0000E+00 0.0000E+00 0.0000E+00 0.0000E+00 0.0000E+00 0.0000E+00 0.0000E+00 0.0000E+00 8.0589E-12 6.3221E-11 1.4575E-10 3.3889E-10 7.1540E-10 1.2706E-09 2.0001E-09 2.8752E-09 3.9166E-09 5.0867E-09 6.3362E-09 7.6387E-09 8.9463E-09 1.0260E-08 1.1528E-08 1.2734E-08 1.3832E-08 1.4798E-08 1.5621E-08 1.6264E-08 1.6702E-08 1.6946E-08 1.7025E-08 1.6934E-08 1.6713E-08 1.6379E-08 1.5948E-08 1.5453E-08 1.4904E-08 1.4308E-08 1.3700E-08 1.3071E-08 1.2428E-08 1.1789E-08 1.1154E-08 1.0518E-08 9.8969E-09 9.2918E-09 8.6868E-09 8.1071E-09 7.5386E-09 6.9978E-09 6.4775E-09
0.0000E+00 0.0000E+00 0.0000E+00 0.0000E+00 0.0000E+00 0.0000E+00 0.0000E+00 0.0000E+00 0.0000E+00 0.0000E+00 0.0000E+00 0.0000E+00 0.0000E+00 5.3643E-12 2.9979E-11 1.2220E-10 2.7763E-10 5.9950E-10 1.1879E-09 1.9612E-09 2.9566E-09 4.1636E-09 5.5387E-09 7.0057E-09 8.5222E-09 9.9966E-09 1.1414E-08 1.2761E-08 1.4016E-08 1.5137E-08 1.6127E-08 1.6974E-08 1.7642E-08 1.8100E-08 1.8355E-08 1.8411E-08 1.8287E-08 1.8011E-08 1.7587E-08 1.7072E-08 1.6466E-08 1.5798E-08 1.5102E-08 1.4368E-08 1.3624E-08 1.2891E-08 1.2151E-08 1.1426E-08 1.0721E-08 1.0021E-08 9.3554E-09 8.7118E-09 8.0831E-09 7.4868E-09 6.9074E-09 6.3647E-09 5.8469E-09
0.0000E+00 0.0000E+00 0.0000E+00 0.0000E+00 0.0000E+00 0.0000E+00 0.0000E+00 0.0000E+00 0.0000E+00 0.0000E+00 0.0000E+00 0.0000E+00 0.0000E+00 1.5712E-11 7.5514E-11 2.2350E-10 4.9435E-10 1.0637E-09 1.8806E-09 3.0239E-09 4.4272E-09 6.0878E-09 7.9002E-09 9.7564E-09 1.1532E-08 1.3172E-08 1.4641E-08 1.5910E-08 1.7010E-08 1.7927E-08 1.8699E-08 1.9306E-08 1.9717E-08 1.9921E-08 1.9937E-08 1.9772E-08 1.9421E-08 1.8930E-08 1.8307E-08 1.7588E-08 1.6815E-08 1.5987E-08 1.5134E-08 1.4284E-08 1.3424E-08 1.2590E-08 1.1773E-08 1.0969E-08 1.0213E-08 9.4680E-09 8.7697E-09 8.1016E-09 7.4567E-09 6.8564E-09 6.2765E-09 5.7418E-09 5.2345E-09
0.0000E+00 0.0000E+00 0.0000E+00 0.0000E+00 0.0000E+00 0.0000E+00 0.0000E+00 0.0000E+00 0.0000E+00 0.0000E+00 0.0000E+00 0.0000E+00 3.1131E-12 3.6414E-11 1.5933E-10 4.1520E-10 8.9596E-10 1.7558E-09 3.0071E-09 4.6363E-09 6.6668E-09 8.9497E-09 1.1345E-08 1.3647E-08 1.5702E-08 1.7444E-08 1.8810E-08 1.9844E-08 2.0583E-08 2.1125E-08 2.1517E-08 2.1732E-08 2.1777E-08 2.1661E-08 2.1395E-08 2.0956E-08 2.0364E-08 1.9633E-08 1.8816E-08 1.7907E-08 1.6956E-08 1.5989E-08 1.5007E-08 1.4044E-08 1.3090E-08 1.2166E-08 1.1291E-08 1.0434E-08 9.6357E-09 8.8649E-09 8.1470E-09 7.4694E-09 6.8208E-09 6.2245E-09 5.6548E-09 5.1352E-09 4.6469E-09
0.0000E+00 0.0000E+00 0.0000E+00 0.0000E+00 0.0000E+00 0.0000E+00 0.0000E+00 0.0000E+00 0.0000E+00 0.0000E+00 0.0000E+00 0.0000E+00 1.3628E-11 8.2232E-11 2.9545E-10 7.1895E-10 1.5439E-09 2.8125E-09 4.6785E-09 7.0824E-09 9.9459E-09 1.3073E-08 1.6171E-08 1.8973E-08 2.1287E-08 2.2964E-08 2.4001E-08 2.4542E-08 2.4719E-08 2.4687E-08 2.4472E-08 2.4159E-08 2.3737E-08 2.3238E-08 2.2635E-08 2.1899E-08 2.1051E-08 2.0095E-08 1.9061E-08 1.7992E-08 1.6887E-08 1.5788E-08 1.4699E-08 1.3639E-08 1.2621E-08 1.1635E-08 1.0713E-08 9.8244E-09 9.0009E-09 8.2191E-09 7.4987E-09 6.8247E-09 6.1854E-09 5.6024E-09 5.0496E-09 4.5522E-09 4.0876E-09
0.0000E+00 0.0000E+00 0.0000E+00 0.0000E+00 0.0000E+00 0.0000E+00 0.0000E+00 0.0000E+00 0.0000E+00 0.0000E+00 0.0000E+00 0.0000E+00 3.1072E-11 1.7400E-10 5.3254E-10 1.2351E-09 2.5060E-09 4.4744E-09 7.1975E-09 1.0669E-08 1.4654E-08 1.8823E-08 2.2746E-08 2.6067E-08 2.8463E-08 2.9793E-08 3.0213E-08 2.9963E-08 2.9327E-08 2.8409E-08 2.7413E-08 2.6441E-08 2.5500E-08 2.4549E-08 2.3577E-08 2.2535E-08 2.1413E-08 2.0251E-08 1.9030E-08 1.7804E-08 1.6579E-08 1.5374E-08 1.4206E-08 1.3084E-08 1.2017E-08 1.0998E-08 1.0050E-08 9.1500E-09 8.3224E-09 7.5413E-09 6.8336E-09 6.1757E-09 5.5564E-09 4.9987E-09 4.4703E-09 3.9996E-09 3.5647E-09
0.0000E+00 0.0000E+00 0.0000E+00 0.0000E+00 0.0000E+00 0.0000E+00 0.0000E+00 0.0000E+00 0.0000E+00 0.0000E+00 0.0000E+00 2.7343E-12 6.5922E-11 3.1731E-10 9.2457E-10 2.0648E-09 3.9714E-09 6.9187E-09 1.0891E-08 1.5738E-08 2.1135E-08 2.6495E-08 3.1276E-08 3.4910E-08 3.7069E-08 3.7706E-08 3.7230E-08 3.5922E-08 3.4071E-08 3.2055E-08 3.0148E-08 2.8453E-08 2.6918E-08 2.5487E-08 2.4130E-08 2.2793E-08 2.1427E-08 2.0059E-08 1.8694E-08 1.7343E-08 1.6028E-08 1.4751E-08 1.3531E-08 1.2380E-08 1.1292E-08 1.0265E-08 9.3154E-09 8.4228E-09 7.6097E-09 6.8465E-09 6.1629E-09 5.5316E-09 4.9424E-09 4.4165E-09 3.9234E-09 3.4838E-09 3.0817E-09
0.0000E+00 0.0000E+00 0.0000E+00 0.0000E+00 0.0000E+00 0.0000E+00 0.0000E+00 0.0000E+00 0.0000E+00 0.0000E+00 0.0000E+00 1.4988E-11 1.3977E-10 5.7539E-10 1.5386E-09 3.3186E-09 6.2816E-09 1.0568E-08 1.6167E-08 2.2763E-08 2.9711E-08 3.6307E-08 4.1699E-08 4.5248E-08 4.6682E-08 4.6359E-08 4.4612E-08 4.1859E-08 3.8571E-08 3.5360E-08 3.2496E-08 2.9996E-08 2.7852E-08 2.5945E-08 2.4230E-08 2.2608E-08 2.1042E-08 1.9516E-08 1.8034E-08 1.6601E-08 1.5234E-08 1.3925E-08 1.2690E-08 1.1539E-08 1.0460E-08 9.4490E-09 8.5253E-09 7.6582E-09 6.8773E-09 6.1459E-09 5.4993E-09 4.9032E-09 4.3535E-09 3.8634E-09 3.4086E-09 3.0059E-09 2.6397E-09
0.0000E+00 0.0000E+00 0.0000E+00 0.0000E+00 0.0000E+00 0.0000E+00 0.0000E+00 0.0000E+00 0.0000E+00 0.0000E+00 0.0000E+00 3.8672E-11 2.8471E-10 9.9750E-10 2.5511E-09 5.2846E-09 9.7119E-09 1.5845E-08 2.3498E-08 3.2028E-08 4.0542E-08 4.7971E-08 5.3383E-08 5.6253E-08 5.6701E-08 5.5071E-08 5.1678E-08 4.7204E-08 4.2455E-08 3.8038E-08 3.4188E-08 3.0913E-08 2.8174E-08 2.5856E-08 2.3808E-08 2.1978E-08 2.0241E-08 1.8614E-08 1.7065E-08 1.5596E-08 1.4218E-08 1.2919E-08 1.1701E-08 1.0580E-08 9.5435E-09 8.5704E-09 7.6925E-09 6.8712E-09 6.1375E-09 5.4533E-09 4.8520E-09 4.3001E-09 3.7935E-09 3.3475E-09 2.9325E-09 2.5717E-09 2.2401E-09
0.0000E+00 0.0000E+00 0.0000E+00 0.0000E+00 0.0000E+00 0.0000E+00 0.0000E+00 0.0000E+00 0.0000E+00 0.0000E+00 1.7754E-12 9.2702E-11 5.1867E-10 1.6617E-09 4.0719E-09 8.3011E-09 1.4732E-08 2.3255E-08 3.3277E-08 4.3715E-08 5.3256E-08 6.0713E-08 6.5336E-08 6.7101E-08 6.6193E-08 6.2779E-08 5.7607E-08 5.1505E-08 4.5422E-08 3.9870E-08 3.5047E-08 3.1054E-08 2.7812E-08 2.5139E-08 2.2852E-08 2.0874E-08 1.9047E-08 1.7374E-08 1.5814E-08 1.4359E-08 1.3012E-08 1.1759E-08 1.0598E-08 9.5323E-09 8.5572E-09 7.6516E-09 6.8365E-09 6.0782E-09 5.4034E-09 4.7752E-09 4.2302E-09 3.7321E-09 3.2709E-09 2.8723E-09 2.4987E-09 2.1772E-09 1.8858E-09
0.0000E+00 0.0000E+00 0.0000E+00 0.0000E+00 0.0000E+00 0.0000E+00 0.0000E+00 0.0000E+00 0.0000E+00 0.0000E+00 1.2247E-11 1.9669E-10 8.6501E-10 2.6335E-09 6.2837E-09 1.2552E-08 2.1678E-08 3.3033E-08 4.5397E-08 5.7021E-08 6.6447E-08 7.2965E-08 7.6316E-08 7.6556E-08 7.3760E-08 6.8586E-08 6.1785E-08 5.4437E-08 4.7224E-08 4.0638E-08 3.4986E-08 3.0353E-08 2.6725E-08 2.3797E-08 2.1383E-08 1.9336E-08 1.7501E-08 1.5842E-08 1.4329E-08 1.2932E-08 1.1664E-08 1.0486E-08 9.4079E-09 8.4350E-09 7.5366E-09 6.7137E-09 5.9743E-09 5.2899E-09 4.6880E-09 4.1279E-09 3.6368E-09 3.2000E-09 2.7881E-09 2.4372E-09 2.1112E-09 1.8273E-09 1.5769E-09
0.0000E+00 0.0000E+00 0.0000E+00 0.0000E+00 0.0000E+00 0.0000E+00 0.0000E+00 0.0000E+00 0.0000E+00 0.0000E+00 2.9430E-11 3.1421E-10 1.2904E-09 3.8549E-09 9.0778E-09 1.7865E-08 3.0173E-08 4.4491E-08 5.8435E-08 7.0039E-08 7.8369E-08 8.3272E-08 8.4771E-08 8.2963E-08 7.8334E-08 7.1811E-08 6.4071E-08 5.5872E-08 4.7812E-08 4.0309E-08 3.3982E-08 2.8882E-08 2.4911E-08 2.1891E-08 1.9441E-08 1.7440E-08 1.5660E-08 1.4087E-08 1.2675E-08 1.1378E-08 1.0219E-08 9.1569E-09 8.1776E-09 7.3070E-09 6.5094E-09 5.7785E-09 5.1339E-09 4.5278E-09 3.9976E-09 3.5126E-09 3.0812E-09 2.7027E-09 2.3501E-09 2.0438E-09 1.7635E-09 1.5194E-09 1.3022E-09
0.0000E+00 0.0000E+00 0.0000E+00 0.0000E+00 0.0000E+00 0.0000E+00 0.0000E+00 0.0000E+00 0.0000E+00 0.0000E+00 4.9576E-11 4.2493E-10 1.6860E-09 4.9638E-09 1.1717E-08 2.3104E-08 3.8505E-08 5.4975E-08 6.9321E-08 8.0169E-08 8.6880E-08 8.9695E-08 8.8844E-08 8.5152E-08 7.9465E-08 7.2364E-08 6.4394E-08 5.5770E-08 4.7125E-08 3.9071E-08 3.2171E-08 2.6679E-08 2.2555E-08 1.9508E-08 1.7159E-08 1.5271E-08 1.3628E-08 1.2197E-08 1.0916E-08 9.7741E-09 8.7372E-09 7.8036E-09 6.9542E-09 6.1946E-09 5.5123E-09 4.8769E-09 4.3222E-09 3.8065E-09 3.3495E-09 2.9335E-09 2.5719E-09 2.2482E-09 1.9486E-09 1.6925E-09 1.4510E-09 1.2513E-09 1.0636E-09
0.0000E+00 0.0000E+00 0.0000E+00 0.0000E+00 0.0000E+00 0.0000E+00 0.0000E+00 0.0000E+00 0.0000E+00 0.0000E+00 6.1470E-11 4.6855E-10 1.8471E-09 5.4601E-09 1.3147E-08 2.6197E-08 4.3316E-08 6.0675E-08 7.5214E-08 8.5013E-08 8.9930E-08 9.0309E-08 8.7664E-08 8.3122E-08 7.7415E-08 7.0598E-08 6.2761E-08 5.4221E-08 4.5510E-08 3.7192E-08 2.9890E-08 2.4072E-08 1.9804E-08 1.6820E-08 1.4653E-08 1.2951E-08 1.1512E-08 1.0260E-08 9.1445E-09 8.1614E-09 7.2895E-09 6.4855E-09 5.7740E-09 5.1324E-09 4.5593E-09 4.0344E-09 3.5660E-09 3.1306E-09 2.7628E-09 2.4039E-09 2.1062E-09 1.8376E-09 1.5860E-09 1.3789E-09 1.1746E-09 1.0091E-09 8.5467E-10
0.0000E+00 0.0000E+00 0.0000E+00 0.0000E+00 0.0000E+00 0.0000E+00 0.0000E+00 0.0000E+00 0.0000E+00 0.0000E+00 5.8267E-11 3.8287E-10 1.6162E-09 4.9988E-09 1.2402E-08 2.5210E-08 4.2130E-08 5.9779E-08 7.4262E-08 8.3007E-08 8.6080E-08 8.5073E-08 8.2024E-08 7.7938E-08 7.2736E-08 6.6635E-08 5.9468E-08 5.1760E-08 4.3566E-08 3.5294E-08 2.7679E-08 2.1448E-08 1.6962E-08 1.4029E-08 1.2074E-08 1.0625E-08 9.4091E-09 8.3586E-09 7.4448E-09 6.6223E-09 5.9074E-09 5.2504E-09 4.6711E-09 4.1557E-09 3.6856E-09 3.2578E-09 2.8874E-09 2.5229E-09 2.2256E-09 1.9331E-09 1.6912E-09 1.4750E-09 1.2670E-09 1.0947E-09 9.3254E-10 7.9222E-10 6.7139E-10
0.0000E+00 0.0000E+00 0.0000E+00 0.0000E+00 0.0000E+00 0.0000E+00 0.0000E+00 0.0000E+00 0.0000E+00 0.0000E+00 2.5247E-11 2.1908E-10 1.1237E-09 3.6577E-09 9.4723E-09 2.0110E-08 3.5249E-08 5.2138E-08 6.6320E-08 7.4632E-08 7.6887E-08 7.5975E-08 7.3714E-08 7.0496E-08 6.6236E-08 6.1061E-08 5.5534E-08 4.9053E-08 4.1796E-08 3.4306E-08 2.6587E-08 1.9371E-08 1.4289E-08 1.1283E-08 9.5737E-09 8.3955E-09 7.4258E-09 6.5899E-09 5.8582E-09 5.2183E-09 4.6433E-09 4.1370E-09 3.6754E-09 3.2704E-09 2.9102E-09 2.5704E-09 2.2756E-09 1.9955E-09 1.7557E-09 1.5278E-09 1.3334E-09 1.1580E-09 9.9698E-10 8.5476E-10 7.2611E-10 6.1233E-10 5.1095E-10
0.0000E+00 0.0000E+00 0.0000E+00 0.0000E+00 0.0000E+00 0.0000E+00 0.0000E+00 0.0000E+00 0.0000E+00 0.0000E+00 1.7114E-12 6.8726E-11 5.7146E-10 2.0494E-09 5.7653E-09 1.3173E-08 2.4884E-08 3.9765E-08 5.3991E-08 6.2767E-08 6.5558E-08 6.5632E-08 6.4568E-08 6.1979E-08 5.8861E-08 5.5506E-08 5.1282E-08 4.6435E-08 4.2252E-08 3.6030E-08 2.7215E-08 1.8485E-08 1.1967E-08 8.7401E-09 7.3036E-09 6.3708E-09 5.6377E-09 5.0140E-09 4.4547E-09 3.9766E-09 3.5360E-09 3.1601E-09 2.8134E-09 2.5048E-09 2.2301E-09 1.9809E-09 1.7492E-09 1.5415E-09 1.3531E-09 1.1803E-09 1.0329E-09 8.9253E-10 7.6939E-10 6.5767E-10 5.5543E-10 4.6696E-10 3.8566E-10
0.0000E+00 0.0000E+00 0.0000E+00 0.0000E+00 0.0000E+00 0.0000E+00 0.0000E+00 0.0000E+00 0.0000E+00 0.0000E+00 0.0000E+00 9.3758E-12 1.6751E-10 8.4470E-10 2.7553E-09 6.8770E-09 1.4469E-08 2.6303E-08 3.9926E-08 5.0217E-08 5.5014E-08 5.6185E-08 5.5216E-08 5.4166E-08 5.2591E-08 4.9977E-08 4.7959E-08 4.7276E-08 4.7952E-08 4.3799E-08 3.1493E-08 1.8475E-08 9.9415E-09 6.6241E-09 5.3392E-09 4.6351E-09 4.1151E-09 3.6653E-09 3.2690E-09 2.9179E-09 2.6119E-09 2.3362E-09 2.0812E-09 1.8653E-09 1.6611E-09 1.4762E-09 1.3097E-09 1.1545E-09 1.0204E-09 8.8935E-10 7.8000E-10 6.7098E-10 5.8164E-10 4.9143E-10 4.1602E-10 3.4901E-10 2.8782E-10
0.0000E+00 0.0000E+00 0.0000E+00 0.0000E+00 0.0000E+00 0.0000E+00 0.0000E+00 0.0000E+00 0.0000E+00 0.0000E+00 0.0000E+00 1.5045E-12 4.3888E-11 2.6085E-10 1.0421E-09 2.9177E-09 6.7718E-09 1.4032E-08 2.5835E-08 3.9033E-08 4.6770E-08 4.7975E-08 4.8513E-08 4.8790E-08 4.7135E-08 4.7581E-08 4.9109E-08 5.5506E-08 7.0301E-08 6.2466E-08 3.6176E-08 1.6347E-08 7.7976E-09 4.7123E-09 3.7076E-09 3.2231E-09 2.8723E-09 2.5737E-09 2.3036E-09 2.0652E-09 1.8600E-09 1.6662E-09 1.4912E-09 1.3413E-09 1.1989E-09 1.0678E-09 9.4886E-10 8.4135E-10 7.4304E-10 6.5322E-10 5.6656E-10 4.9491E-10 4.1948E-10 3.5844E-10 3.0218E-10 2.5600E-10 2.1282E-10
0.0000E+00 0.0000E+00 0.0000E+00 0.0000E+00 0.0000E+00 0.0000E+00 0.0000E+00 0.0000E+00 0.0000E+00 0.0000E+00 0.0000E+00 0.0000E+00 1.0286E-11 6.9137E-11 3.4927E-10 1.0211E-09 2.5095E-09 5.7106E-09 1.3216E-08 2.8131E-08 4.0003E-08 4.3891E-08 4.6312E-08 4.5361E-08 4.8045E-08 5.2500E-08 5.6039E-08 1.1071E-07 1.2408E-07 6.9481E-08 2.9089E-08 1.0901E-08 4.9283E-09 3.1264E-09 2.4335E-09 2.1367E-09 1.9173E-09 1.7197E-09 1.5511E-09 1.4063E-09 1.2673E-09 1.1443E-09 1.0274E-09 9.2637E-10 8.3526E-10 7.4785E-10 6.6659E-10 5.9548E-10 5.2136E-10 4.5547E-10 3.9413E-10 3.3817E-10 2.9446E-10 2.5567E-10 2.1923E-10 1.8000E-10 1.5196E-10
