Assets/Resources/2015_m01_d17_0300(utc+0800)_l00_csi_1hr_conc.grd
DSAA
         159         159
     -79.000      79.000
     -79.000      79.000
  0.0000E+00  0.7677E-05
[rows 0 to 24 of 159, columns 57 to 113 of 159]
4.5804E-10 5.2910E-10 6.1128E-10 7.0136E-10 7.9744E-10 9.0283E-10 1.0168E-09 1.1383E-09 1.2675E-09 1.4045E-09 1.5477E-09 1.6956E-09 1.8474E-09 2.0024E-09 2.1583E-09 2.3131E-09 2.4645E-09 2.6114E-09 2.7515E-09 2.8825E-09 3.0025E-09 3.1093E-09 3.2014E-09 3.2773E-09 3.3357E-09 3.3757E-09 3.3967E-09 3.3980E-09 3.3797E-09 3.3421E-09 3.2859E-09 3.2120E-09 3.1218E-09 3.0168E-09 2.8987E-09 2.7695E-09 2.6311E-09 2.4857E-09 2.3354E-09 2.1816E-09 2.0267E-09 1.8728E-09 1.7209E-09 1.5724E-09 1.4291E-09 1.2927E-09 1.1626E-09 1.0398E-09 9.2512E-10 8.1915E-10 7.2093E-10 6.2939E-10 5.4717E-10 4.6884E-10 4.0156E-10 3.3878E-10 2.7843E-10
4.8227E-10 5.6095E-10 6.4841E-10 7.4230E-10 8.4620E-10 9.5944E-10 1.0812E-09 1.2121E-09 1.3523E-09 1.5000E-09 1.6541E-09 1.8145E-09 1.9800E-09 2.1481E-09 2.3168E-09 2.4848E-09 2.6502E-09 2.8103E-09 2.9628E-09 3.1055E-09 3.2364E-09 3.3537E-09 3.4552E-09 3.5392E-09 3.6041E-09 3.6484E-09 3.6717E-09 3.6735E-09 3.6537E-09 3.6128E-09 3.5516E-09 3.4713E-09 3.3732E-09 3.2588E-09 3.1302E-09 2.9894E-09 2.8386E-09 2.6803E-09 2.5161E-09 2.3487E-09 2.1807E-09 2.0128E-09 1.8477E-09 1.6871E-09 1.5317E-09 1.3825E-09 1.2408E-09 1.1078E-09 9.8433E-10 8.6978E-10 7.6427E-10 6.6710E-10 5.7812E-10 4.9889E-10 4.2281E-10 3.5947E-10 2.9489E-10
5.0891E-10 5.9292E-10 6.8364E-10 7.8472E-10 8.9584E-10 1.0163E-09 1.1472E-09 1.2887E-09 1.4390E-09 1.5975E-09 1.7645E-09 1.9383E-09 2.1166E-09 2.2979E-09 2.4812E-09 2.6636E-09 2.8429E-09 3.0166E-09 3.1825E-09 3.3384E-09 3.4819E-09 3.6103E-09 3.7211E-09 3.8126E-09 3.8832E-09 3.9317E-09 3.9574E-09 3.9600E-09 3.9393E-09 3.8955E-09 3.8294E-09 3.7423E-09 3.6357E-09 3.5115E-09 3.3717E-09 3.2190E-09 3.0550E-09 2.8826E-09 2.7044E-09 2.5232E-09 2.3400E-09 2.1578E-09 1.9789E-09 1.8045E-09 1.6359E-09 1.4750E-09 1.3234E-09 1.1802E-09 1.0462E-09 9.2216E-10 8.0927E-10 7.0572E-10 6.0975E-10 5.2413E-10 4.4991E-10 3.7659E-10 3.0533E-10
5.3603E-10 6.2275E-10 7.1982E-10 8.2753E-10 9.4522E-10 1.0744E-09 1.2152E-09 1.3661E-09 1.5269E-09 1.6982E-09 1.8780E-09 2.0644E-09 2.2565E-09 2.4528E-09 2.6507E-09 2.8476E-09 3.0416E-09 3.2305E-09 3.4113E-09 3.5811E-09 3.7368E-09 3.8760E-09 3.9964E-09 4.0961E-09 4.1738E-09 4.2275E-09 4.2563E-09 4.2598E-09 4.2376E-09 4.1904E-09 4.1190E-09 4.0249E-09 3.9096E-09 3.7751E-09 3.6240E-09 3.4580E-09 3.2803E-09 3.0935E-09 2.9008E-09 2.7035E-09 2.5052E-09 2.3090E-09 2.1151E-09 1.9267E-09 1.7455E-09 1.5720E-09 1.4076E-09 1.2533E-09 1.1102E-09 9.7813E-10 8.5615E-10 7.4484E-10 6.4311E-10 5.5165E-10 4.7058E-10 3.9883E-10 3.2638E-10
5.6100E-10 6.5288E-10 7.5603E-10 8.6959E-10 9.9527E-10 1.1336E-09 1.2831E-09 1.4441E-09 1.6172E-09 1.8006E-09 1.9927E-09 2.1932E-09 2.4001E-09 2.6110E-09 2.8239E-09 3.0368E-09 3.2471E-09 3.4518E-09 3.6471E-09 3.8305E-09 3.9989E-09 4.1501E-09 4.2815E-09 4.3906E-09 4.4753E-09 4.5340E-09 4.5659E-09 4.5705E-09 4.5475E-09 4.4976E-09 4.4215E-09 4.3204E-09 4.1963E-09 4.0516E-09 3.8881E-09 3.7090E-09 3.5174E-09 3.3158E-09 3.1069E-09 2.8940E-09 2.6803E-09 2.4671E-09 2.2576E-09 2.0543E-09 1.8577E-09 1.6708E-09 1.4948E-09 1.3297E-09 1.1759E-09 1.0338E-09 9.0397E-10 7.8646E-10 6.7844E-10 5.7880E-10 4.9121E-10 4.1766E-10 3.3843E-10
5.8516E-10 6.8279E-10 7.9102E-10 9.1162E-10 1.0458E-09 1.1920E-09 1.3510E-09 1.5236E-09 1.7080E-09 1.9032E-09 2.1093E-09 2.3241E-09 2.5455E-09 2.7718E-09 3.0012E-09 3.2310E-09 3.4575E-09 3.6775E-09 3.8879E-09 4.0860E-09 4.2688E-09 4.4329E-09 4.5753E-09 4.6936E-09 4.7861E-09 4.8507E-09 4.8867E-09 4.8929E-09 4.8691E-09 4.8158E-09 4.7342E-09 4.6255E-09 4.4921E-09 4.3361E-09 4.1603E-09 3.9682E-09 3.7612E-09 3.5437E-09 3.3191E-09 3.0901E-09 2.8592E-09 2.6302E-09 2.4059E-09 2.1871E-09 1.9765E-09 1.7759E-09 1.5854E-09 1.4072E-09 1.2425E-09 1.0913E-09 9.5300E-10 8.2707E-10 7.1368E-10 6.0950E-10 5.1576E-10 4.3439E-10 3.5882E-10
6.0911E-10 7.1108E-10 8.2528E-10 9.5364E-10 1.0949E-09 1.2497E-09 1.4194E-09 1.6026E-09 1.7982E-09 2.0069E-09 2.2266E-09 2.4555E-09 2.6925E-09 2.9356E-09 3.1821E-09 3.4282E-09 3.6708E-09 3.9070E-09 4.1341E-09 4.3479E-09 4.5449E-09 4.7219E-09 4.8762E-09 5.0050E-09 5.1060E-09 5.1767E-09 5.2161E-09 5.2234E-09 5.1988E-09 5.1426E-09 5.0559E-09 4.9402E-09 4.7978E-09 4.6309E-09 4.4431E-09 4.2362E-09 4.0143E-09 3.7817E-09 3.5399E-09 3.2936E-09 3.0463E-09 2.8004E-09 2.5584E-09 2.3233E-09 2.0976E-09 1.8819E-09 1.6792E-09 1.4895E-09 1.3130E-09 1.1499E-09 1.0018E-09 8.6845E-10 7.4870E-10 6.3916E-10 5.3994E-10 4.5161E-10 3.7153E-10
6.3143E-10 7.3805E-10 8.5915E-10 9.9392E-10 1.1425E-09 1.3071E-09 1.4865E-09 1.6799E-09 1.8883E-09 2.1098E-09 2.3431E-09 2.5874E-09 2.8409E-09 3.1007E-09 3.3635E-09 3.6263E-09 3.8863E-09 4.1402E-09 4.3838E-09 4.6134E-09 4.8257E-09 5.0170E-09 5.1839E-09 5.3230E-09 5.4320E-09 5.5092E-09 5.5529E-09 5.5623E-09 5.5376E-09 5.4787E-09 5.3869E-09 5.2637E-09 5.1118E-09 4.9337E-09 4.7320E-09 4.5106E-09 4.2738E-09 4.0238E-09 3.7651E-09 3.5020E-09 3.2372E-09 2.9739E-09 2.7156E-09 2.4652E-09 2.2236E-09 1.9933E-09 1.7764E-09 1.5727E-09 1.3839E-09 1.2115E-09 1.0539E-09 9.1076E-10 7.8296E-10 6.6971E-10 5.6603E-10 4.7242E-10 3.9311E-10
6.5190E-10 7.6442E-10 8.9124E-10 1.0320E-09 1.1893E-09 1.3627E-09 1.5511E-09 1.7562E-09 1.9764E-09 2.2106E-09 2.4586E-09 2.7187E-09 2.9883E-09 3.2643E-09 3.5439E-09 3.8249E-09 4.1031E-09 4.3744E-09 4.6355E-09 4.8820E-09 5.1102E-09 5.3156E-09 5.4949E-09 5.6451E-09 5.7633E-09 5.8475E-09 5.8960E-09 5.9076E-09 5.8821E-09 5.8203E-09 5.7234E-09 5.5934E-09 5.4322E-09 5.2426E-09 5.0283E-09 4.7933E-09 4.5402E-09 4.2737E-09 3.9987E-09 3.7172E-09 3.4342E-09 3.1534E-09 2.8774E-09 2.6089E-09 2.3507E-09 2.1058E-09 1.8747E-09 1.6589E-09 1.4590E-09 1.2744E-09 1.1061E-09 9.5486E-10 8.1918E-10 6.9874E-10 5.9024E-10 4.9342E-10 4.0695E-10
6.7162E-10 7.8941E-10 9.2097E-10 1.0690E-09 1.2341E-09 1.4152E-09 1.6139E-09 1.8296E-09 2.0612E-09 2.3090E-09 2.5719E-09 2.8472E-09 3.1322E-09 3.4247E-09 3.7226E-09 4.0216E-09 4.3176E-09 4.6073E-09 4.8864E-09 5.1499E-09 5.3937E-09 5.6140E-09 5.8068E-09 5.9687E-09 6.0967E-09 6.1881E-09 6.2414E-09 6.2558E-09 6.2310E-09 6.1673E-09 6.0662E-09 5.9293E-09 5.7589E-09 5.5584E-09 5.3312E-09 5.0809E-09 4.8120E-09 4.5292E-09 4.2356E-09 3.9363E-09 3.6360E-09 3.3367E-09 3.0429E-09 2.7581E-09 2.4841E-09 2.2227E-09 1.9762E-09 1.7462E-09 1.5327E-09 1.3380E-09 1.1610E-09 1.0004E-09 8.5594E-10 7.2847E-10 6.1608E-10 5.1275E-10 4.2386E-10
6.9039E-10 8.1190E-10 9.4899E-10 1.1041E-09 1.2756E-09 1.4653E-09 1.6735E-09 1.8990E-09 2.1428E-09 2.4041E-09 2.6808E-09 2.9705E-09 3.2712E-09 3.5813E-09 3.8965E-09 4.2132E-09 4.5278E-09 4.8360E-09 5.1325E-09 5.4133E-09 5.6737E-09 5.9092E-09 6.1160E-09 6.2899E-09 6.4278E-09 6.5272E-09 6.5865E-09 6.6045E-09 6.5809E-09 6.5155E-09 6.4101E-09 6.2664E-09 6.0874E-09 5.8760E-09 5.6359E-09 5.3717E-09 5.0875E-09 4.7874E-09 4.4766E-09 4.1601E-09 3.8405E-09 3.5229E-09 3.2117E-09 2.9084E-09 2.6169E-09 2.3398E-09 2.0794E-09 1.8361E-09 1.6108E-09 1.4036E-09 1.2148E-09 1.0451E-09 8.9414E-10 7.5892E-10 6.4000E-10 5.3357E-10 4.3914E-10
7.0691E-10 8.3213E-10 9.7534E-10 1.1357E-09 1.3140E-09 1.5119E-09 1.7284E-09 1.9645E-09 2.2202E-09 2.4939E-09 2.7835E-09 3.0876E-09 3.4047E-09 3.7310E-09 4.0634E-09 4.3982E-09 4.7310E-09 5.0567E-09 5.3713E-09 5.6693E-09 5.9464E-09 6.1973E-09 6.4179E-09 6.6044E-09 6.7527E-09 6.8612E-09 6.9271E-09 6.9487E-09 6.9263E-09 6.8603E-09 6.7517E-09 6.6025E-09 6.4156E-09 6.1945E-09 5.9432E-09 5.6651E-09 5.3654E-09 5.0494E-09 4.7216E-09 4.3862E-09 4.0486E-09 3.7137E-09 3.3836E-09 3.0630E-09 2.7548E-09 2.4616E-09 2.1849E-09 1.9264E-09 1.6872E-09 1.4689E-09 1.2710E-09 1.0919E-09 9.3103E-10 7.8883E-10 6.6411E-10 5.5459E-10 4.5438E-10
7.2084E-10 8.5075E-10 9.9864E-10 1.1638E-09 1.3492E-09 1.5540E-09 1.7790E-09 2.0253E-09 2.2919E-09 2.5769E-09 2.8791E-09 3.1980E-09 3.5299E-09 3.8723E-09 4.2217E-09 4.5738E-09 4.9239E-09 5.2677E-09 5.5997E-09 5.9151E-09 6.2083E-09 6.4749E-09 6.7098E-09 6.9087E-09 7.0687E-09 7.1860E-09 7.2588E-09 7.2869E-09 7.2681E-09 7.2028E-09 7.0925E-09 6.9390E-09 6.7453E-09 6.5153E-09 6.2523E-09 5.9615E-09 5.6479E-09 5.3164E-09 4.9716E-09 4.6191E-09 4.2643E-09 3.9103E-09 3.5623E-09 3.2244E-09 2.8988E-09 2.5890E-09 2.2974E-09 2.0251E-09 1.7731E-09 1.5415E-09 1.3309E-09 1.1412E-09 9.7309E-10 8.2374E-10 6.9113E-10 5.7580E-10 4.7180E-10
7.3316E-10 8.6740E-10 1.0185E-09 1.1892E-09 1.3801E-09 1.5912E-09 1.8247E-09 2.0803E-09 2.3563E-09 2.6519E-09 2.9672E-09 3.2991E-09 3.6455E-09 4.0035E-09 4.3688E-09 4.7373E-09 5.1046E-09 5.4655E-09 5.8148E-09 6.1468E-09 6.4566E-09 6.7378E-09 6.9875E-09 7.1999E-09 7.3716E-09 7.4992E-09 7.5810E-09 7.6144E-09 7.5981E-09 7.5336E-09 7.4217E-09 7.2645E-09 7.0651E-09 6.8268E-09 6.5540E-09 6.2517E-09 5.9243E-09 5.5775E-09 5.2173E-09 4.8483E-09 4.4754E-09 4.1039E-09 3.7388E-09 3.3829E-09 3.0404E-09 2.7140E-09 2.4063E-09 2.1189E-09 1.8530E-09 1.6097E-09 1.3893E-09 1.1906E-09 1.0124E-09 8.5487E-10 7.1699E-10 5.9660E-10 4.9206E-10
7.4397E-10 8.8079E-10 1.0354E-09 1.2107E-09 1.4061E-09 1.6240E-09 1.8650E-09 2.1282E-09 2.4126E-09 2.7190E-09 3.0454E-09 3.3896E-09 3.7496E-09 4.1217E-09 4.5020E-09 4.8864E-09 5.2699E-09 5.6473E-09 6.0131E-09 6.3617E-09 6.6869E-09 6.9845E-09 7.2483E-09 7.4747E-09 7.6588E-09 7.7975E-09 7.8870E-09 7.9256E-09 7.9141E-09 7.8520E-09 7.7398E-09 7.5803E-09 7.3762E-09 7.1308E-09 6.8493E-09 6.5362E-09 6.1965E-09 5.8366E-09 5.4607E-09 5.0753E-09 4.6861E-09 4.2979E-09 3.9147E-09 3.5414E-09 3.1819E-09 2.8394E-09 2.5163E-09 2.2147E-09 1.9357E-09 1.6799E-09 1.4475E-09 1.2383E-09 1.0530E-09 8.8892E-10 7.4389E-10 6.1747E-10 5.0844E-10
7.5269E-10 8.9110E-10 1.0494E-09 1.2278E-09 1.4278E-09 1.6515E-09 1.8985E-09 2.1679E-09 2.4606E-09 2.7761E-09 3.1124E-09 3.4680E-09 3.8401E-09 4.2251E-09 4.6193E-09 5.0182E-09 5.4168E-09 5.8098E-09 6.1914E-09 6.5553E-09 6.8965E-09 7.2094E-09 7.4885E-09 7.7284E-09 7.9249E-09 8.0737E-09 8.1717E-09 8.2190E-09 8.2132E-09 8.1538E-09 8.0433E-09 7.8834E-09 7.6763E-09 7.4264E-09 7.1380E-09 6.8158E-09 6.4669E-09 6.0949E-09 5.7059E-09 5.3062E-09 4.9005E-09 4.4950E-09 4.0947E-09 3.7042E-09 3.3274E-09 2.9679E-09 2.6287E-09 2.3120E-09 2.0190E-09 1.7508E-09 1.5078E-09 1.2894E-09 1.0943E-09 9.2164E-10 7.7144E-10 6.4074E-10 5.2641E-10
7.5831E-10 8.9876E-10 1.0596E-09 1.2405E-09 1.4447E-09 1.6729E-09 1.9243E-09 2.1994E-09 2.4995E-09 2.8223E-09 3.1676E-09 3.5330E-09 3.9153E-09 4.3119E-09 4.7183E-09 5.1302E-09 5.5425E-09 5.9495E-09 6.3452E-09 6.7243E-09 7.0814E-09 7.4088E-09 7.7028E-09 7.9562E-09 8.1643E-09 8.3247E-09 8.4342E-09 8.4908E-09 8.4923E-09 8.4405E-09 8.3345E-09 8.1762E-09 7.9707E-09 7.7202E-09 7.4283E-09 7.1003E-09 6.7415E-09 6.3580E-09 5.9567E-09 5.5423E-09 5.1214E-09 4.7000E-09 4.2833E-09 3.8764E-09 3.4834E-09 3.1079E-09 2.7531E-09 2.4213E-09 2.1139E-09 1.8315E-09 1.5755E-09 1.3457E-09 1.1414E-09 9.6164E-10 8.0337E-10 6.6474E-10 5.4548E-10
7.6083E-10 9.0329E-10 1.0653E-09 1.2489E-09 1.4564E-09 1.6876E-09 1.9423E-09 2.2228E-09 2.5278E-09 2.8574E-09 3.2099E-09 3.5829E-09 3.9743E-09 4.3804E-09 4.7974E-09 5.2206E-09 5.6445E-09 6.0644E-09 6.4738E-09 6.8680E-09 7.2380E-09 7.5805E-09 7.8875E-09 8.1536E-09 8.3769E-09 8.5507E-09 8.6714E-09 8.7384E-09 8.7502E-09 8.7077E-09 8.6087E-09 8.4562E-09 8.2517E-09 7.9989E-09 7.7032E-09 7.3694E-09 7.0028E-09 6.6099E-09 6.1965E-09 5.7691E-09 5.3342E-09 4.8978E-09 4.4656E-09 4.0428E-09 3.6340E-09 3.2432E-09 2.8735E-09 2.5275E-09 2.2069E-09 1.9129E-09 1.6453E-09 1.4043E-09 1.1886E-09 9.9945E-10 8.3449E-10 6.9178E-10 5.6800E-10
7.6056E-10 9.0394E-10 1.0666E-09 1.2522E-09 1.4616E-09 1.6945E-09 1.9524E-09 2.2365E-09 2.5457E-09 2.8802E-09 3.2381E-09 3.6175E-09 4.0158E-09 4.4299E-09 4.8556E-09 5.2880E-09 5.7227E-09 6.1535E-09 6.5748E-09 6.9820E-09 7.3665E-09 7.7226E-09 8.0427E-09 8.3242E-09 8.5599E-09 8.7479E-09 8.8845E-09 8.9665E-09 8.9901E-09 8.9557E-09 8.8641E-09 8.7160E-09 8.5139E-09 8.2631E-09 7.9668E-09 7.6298E-09 7.2580E-09 6.8575E-09 6.4347E-09 5.9964E-09 5.5490E-09 5.0989E-09 4.6520E-09 4.2139E-09 3.7893E-09 3.3826E-09 2.9971E-09 2.6363E-09 2.3020E-09 1.9952E-09 1.7164E-09 1.4657E-09 1.2420E-09 1.0438E-09 8.6924E-10 7.1883E-10 5.9020E-10
7.5745E-10 9.0043E-10 1.0638E-09 1.2505E-09 1.4605E-09 1.6941E-09 1.9542E-09 2.2398E-09 2.5522E-09 2.8900E-09 3.2517E-09 3.6357E-09 4.0394E-09 4.4594E-09 4.8919E-09 5.3325E-09 5.7762E-09 6.2161E-09 6.6502E-09 7.0690E-09 7.4653E-09 7.8350E-09 8.1711E-09 8.4676E-09 8.7188E-09 8.9227E-09 9.0739E-09 9.1684E-09 9.2035E-09 9.1794E-09 9.0970E-09 8.9562E-09 8.7608E-09 8.5132E-09 8.2176E-09 7.8791E-09 7.5036E-09 7.0982E-09 6.6685E-09 6.2214E-09 5.7634E-09 5.3014E-09 4.8414E-09 4.3892E-09 3.9501E-09 3.5285E-09 3.1283E-09 2.7528E-09 2.4039E-09 2.0829E-09 1.7913E-09 1.5295E-09 1.2964E-09 1.0904E-09 9.1014E-10 7.5224E-10 6.1556E-10
7.5079E-10 8.9278E-10 1.0563E-09 1.2428E-09 1.4521E-09 1.6862E-09 1.9468E-09 2.2336E-09 2.5472E-09 2.8863E-09 3.2504E-09 3.6372E-09 4.0443E-09 4.4692E-09 4.9072E-09 5.3542E-09 5.8042E-09 6.2539E-09 6.6989E-09 7.1286E-09 7.5383E-09 7.9210E-09 8.2705E-09 8.5810E-09 8.8505E-09 9.0702E-09 9.2337E-09 9.3411E-09 9.3905E-09 9.3787E-09 9.3068E-09 9.1757E-09 8.9871E-09 8.7453E-09 8.4542E-09 8.1181E-09 7.7427E-09 7.3342E-09 6.8994E-09 6.4451E-09 5.9781E-09 5.5054E-09 5.0335E-09 4.5685E-09 4.1158E-09 3.6803E-09 3.2660E-09 2.8762E-09 2.5135E-09 2.1793E-09 1.8747E-09 1.6002E-09 1.3549E-09 1.1396E-09 9.5087E-10 7.8726E-10 6.4601E-10
7.4036E-10 8.8115E-10 1.0441E-09 1.2293E-09 1.4370E-09 1.6707E-09 1.9299E-09 2.2166E-09 2.5300E-09 2.8694E-09 3.2339E-09 3.6221E-09 4.0313E-09 4.4586E-09 4.9009E-09 5.3526E-09 5.8102E-09 6.2684E-09 6.7197E-09 7.1602E-09 7.5812E-09 7.9759E-09 8.3391E-09 8.6677E-09 8.9516E-09 9.1820E-09 9.3626E-09 9.4857E-09 9.5478E-09 9.5500E-09 9.4912E-09 9.3729E-09 9.1962E-09 8.9642E-09 8.6799E-09 8.3480E-09 7.9744E-09 7.5655E-09 7.1278E-09 6.6680E-09 6.1937E-09 5.7118E-09 5.2290E-09 4.7517E-09 4.2856E-09 3.8359E-09 3.4077E-09 3.0048E-09 2.6291E-09 2.2825E-09 1.9656E-09 1.6789E-09 1.4216E-09 1.1942E-09 9.9506E-10 8.2371E-10 6.7652E-10
7.2648E-10 8.6597E-10 1.0270E-09 1.2096E-09 1.4153E-09 1.6471E-09 1.9045E-09 2.1893E-09 2.5006E-09 2.8388E-09 3.2025E-09 3.5901E-09 4.0001E-09 4.4287E-09 4.8725E-09 5.3282E-09 5.7901E-09 6.2536E-09 6.7138E-09 7.1625E-09 7.5906E-09 7.9988E-09 8.3781E-09 8.7177E-09 9.0144E-09 9.2640E-09 9.4603E-09 9.5963E-09 9.6758E-09 9.6966E-09 9.6546E-09 9.5516E-09 9.3876E-09 9.1660E-09 8.8909E-09 8.5661E-09 8.1972E-09 7.7905E-09 7.3527E-09 6.8907E-09 6.4114E-09 5.9222E-09 5.4304E-09 4.9425E-09 4.4647E-09 4.0021E-09 3.5592E-09 3.1410E-09 2.7502E-09 2.3895E-09 2.0603E-09 1.7622E-09 1.4946E-09 1.2562E-09 1.0460E-09 8.6394E-10 7.0900E-10
7.0934E-10 8.4667E-10 1.0049E-09 1.1840E-09 1.3872E-09 1.6151E-09 1.8697E-09 2.1512E-09 2.4595E-09 2.7946E-09 3.1558E-09 3.5416E-09 3.9498E-09 4.3779E-09 4.8226E-09 5.2791E-09 5.7433E-09 6.2118E-09 6.6770E-09 7.1306E-09 7.5693E-09 7.9897E-09 8.3775E-09 8.7329E-09 9.0455E-09 9.3085E-09 9.5197E-09 9.6798E-09 9.7807E-09 9.8174E-09 9.7925E-09 9.7055E-09 9.5571E-09 9.3496E-09 9.0863E-09 8.7716E-09 8.4102E-09 8.0074E-09 7.5710E-09 7.1082E-09 6.6262E-09 6.1323E-09 5.6335E-09 5.1368E-09 4.6486E-09 4.1747E-09 3.7200E-09 3.2885E-09 2.8837E-09 2.5071E-09 2.1616E-09 1.8489E-09 1.5697E-09 1.3217E-09 1.1035E-09 9.1214E-10 7.4660E-10
6.8872E-10 8.2338E-10 9.7796E-10 1.1526E-09 1.3521E-09 1.5755E-09 1.8259E-09 2.1026E-09 2.4065E-09 2.7371E-09 3.0938E-09 3.4761E-09 3.8811E-09 4.3065E-09 4.7492E-09 5.2053E-09 5.6706E-09 6.1404E-09 6.6079E-09 7.0680E-09 7.5167E-09 7.9435E-09 8.3459E-09 8.7127E-09 9.0377E-09 9.3197E-09 9.5544E-09 9.7320E-09 9.8488E-09 9.9073E-09 9.9020E-09 9.8354E-09 9.7065E-09 9.5149E-09 9.2655E-09 8.9629E-09 8.6117E-09 8.2178E-09 7.7873E-09 7.3270E-09 6.8445E-09 6.3473E-09 5.8425E-09 5.3373E-09 4.8382E-09 4.3521E-09 3.8849E-09 3.4404E-09 3.0223E-09 2.6332E-09 2.2745E-09 1.9469E-09 1.6512E-09 1.3903E-09 1.1619E-09 9.6309E-10 7.9080E-10
