Assets/Resources/2015_m01_d09_0000(utc+0800)_l00_csi_1hr_conc.grd
DSAA
         159         159
     -79.000      79.000
     -79.000      79.000
  0.2711E-09  0.1023E-03
[rows 75 to 99 of 159, columns 0 to 56 of 159]
9.0992E-10 9.3471E-10 9.5914E-10 9.8510E-10 1.0182E-09 1.0524E-09 1.0823E-09 1.1180E-09 1.1513E-09 1.1856E-09 1.2212E-09 1.2600E-09 1.3017E-09 1.3509E-09 1.3991E-09 1.4397E-09 1.4836E-09 1.5273E-09 1.5732E-09 1.6251E-09 1.6746E-09 1.7294E-09 1.7875E-09 1.8445E-09 1.9075E-09 1.9712E-09 2.0544E-09 2.1463E-09 2.2394E-09 2.3547E-09 2.4722E-09 2.6108E-09 2.7428E-09 2.8817E-09 3.0210E-09 3.1791E-09 3.3594E-09 3.5384E-09 3.7453E-09 3.9730E-09 4.2048E-09 4.4792E-09 4.7680E-09 5.0716E-09 5.4182E-09 5.7764E-09 6.1639E-09 6.5826E-09 7.0343E-09 7.5210E-09 8.0443E-09 8.6061E-09 9.2079E-09 9.8510E-09 1.0537E-08 1.1266E-08 1.2039E-08
9.0556E-10 9.3028E-10 9.5556E-10 9.8141E-10 1.0136E-09 1.0490E-09 1.0776E-09 1.1134E-09 1.1466E-09 1.1828E-09 1.2183E-09 1.2553E-09 1.2972E-09 1.3476E-09 1.3946E-09 1.4352E-09 1.4792E-09 1.5229E-09 1.5684E-09 1.6206E-09 1.6702E-09 1.7250E-09 1.7830E-09 1.8401E-09 1.9025E-09 1.9667E-09 2.0617E-09 2.1434E-09 2.2523E-09 2.3531E-09 2.4770E-09 2.6175E-09 2.7451E-09 2.8850E-09 3.0254E-09 3.1843E-09 3.3662E-09 3.5466E-09 3.7548E-09 3.9844E-09 4.2180E-09 4.4946E-09 4.7854E-09 5.0916E-09 5.4407E-09 5.8016E-09 6.1920E-09 6.6139E-09 7.0691E-09 7.5594E-09 8.0867E-09 8.6526E-09 9.2588E-09 9.9065E-09 1.0597E-08 1.1331E-08 1.2109E-08
9.0101E-10 9.2565E-10 9.5085E-10 9.7662E-10 1.0100E-09 1.0442E-09 1.0764E-09 1.1085E-09 1.1417E-09 1.1779E-09 1.2134E-09 1.2539E-09 1.2957E-09 1.3440E-09 1.3898E-09 1.4303E-09 1.4740E-09 1.5179E-09 1.5632E-09 1.6156E-09 1.6651E-09 1.7193E-09 1.7773E-09 1.8350E-09 1.8966E-09 1.9615E-09 2.0610E-09 2.1395E-09 2.2523E-09 2.3599E-09 2.4861E-09 2.6176E-09 2.7459E-09 2.8859E-09 3.0277E-09 3.1868E-09 3.3704E-09 3.5518E-09 3.7604E-09 3.9921E-09 4.2271E-09 4.5046E-09 4.7976E-09 5.1050E-09 5.4564E-09 5.8193E-09 6.2118E-09 6.6359E-09 7.0934E-09 7.5862E-09 8.1161E-09 8.6848E-09 9.2938E-09 9.9444E-09 1.0638E-08 1.1375E-08 1.2157E-08
8.9627E-10 9.2082E-10 9.4593E-10 9.7254E-10 1.0049E-09 1.0391E-09 1.0712E-09 1.1033E-09 1.1383E-09 1.1726E-09 1.2081E-09 1.2486E-09 1.2905E-09 1.3388E-09 1.3845E-09 1.4251E-09 1.4680E-09 1.5126E-09 1.5578E-09 1.6098E-09 1.6596E-09 1.7129E-09 1.7708E-09 1.8291E-09 1.8899E-09 1.9630E-09 2.0559E-09 2.1346E-09 2.2470E-09 2.3563E-09 2.4941E-09 2.6161E-09 2.7449E-09 2.8843E-09 3.0279E-09 3.1865E-09 3.3719E-09 3.5542E-09 3.7621E-09 3.9961E-09 4.2321E-09 4.5093E-09 4.8044E-09 5.1117E-09 5.4653E-09 5.8294E-09 6.2232E-09 6.6485E-09 7.1073E-09 7.6014E-09 8.1326E-09 8.7025E-09 9.3128E-09 9.9647E-09 1.0659E-08 1.1398E-08 1.2180E-08
8.9228E-10 9.1579E-10 9.4081E-10 9.6733E-10 1.0009E-09 1.0338E-09 1.0659E-09 1.0997E-09 1.1329E-09 1.1671E-09 1.2026E-09 1.2431E-09 1.2849E-09 1.3349E-09 1.3789E-09 1.4193E-09 1.4617E-09 1.5067E-09 1.5519E-09 1.6030E-09 1.6534E-09 1.7058E-09 1.7636E-09 1.8226E-09 1.8824E-09 1.9604E-09 2.0531E-09 2.1324E-09 2.2404E-09 2.3550E-09 2.4958E-09 2.6132E-09 2.7422E-09 2.8803E-09 3.0260E-09 3.1834E-09 3.3707E-09 3.5536E-09 3.7600E-09 3.9962E-09 4.2328E-09 4.5087E-09 4.8058E-09 5.1132E-09 5.4675E-09 5.8320E-09 6.2261E-09 6.6517E-09 7.1107E-09 7.6049E-09 8.1361E-09 8.7059E-09 9.3158E-09 9.9673E-09 1.0661E-08 1.1399E-08 1.2180E-08
8.8717E-10 9.1058E-10 9.3550E-10 9.6191E-10 9.9537E-10 1.0282E-09 1.0602E-09 1.0940E-09 1.1271E-09 1.1613E-09 1.1967E-09 1.2372E-09 1.2789E-09 1.3306E-09 1.3723E-09 1.4132E-09 1.4550E-09 1.5004E-09 1.5455E-09 1.5954E-09 1.6468E-09 1.6982E-09 1.7557E-09 1.8154E-09 1.8746E-09 1.9642E-09 2.0451E-09 2.1258E-09 2.2327E-09 2.3543E-09 2.4963E-09 2.6086E-09 2.7360E-09 2.8742E-09 3.0220E-09 3.1777E-09 3.3647E-09 3.5500E-09 3.7541E-09 3.9927E-09 4.2294E-09 4.5024E-09 4.8019E-09 5.1092E-09 5.4629E-09 5.8270E-09 6.2207E-09 6.6456E-09 7.1038E-09 7.5969E-09 8.1268E-09 8.6950E-09 9.3032E-09 9.9525E-09 1.0644E-08 1.1379E-08 1.2157E-08
8.8189E-10 9.0518E-10 9.2998E-10 9.5628E-10 9.8966E-10 1.0236E-09 1.0544E-09 1.0881E-09 1.1211E-09 1.1552E-09 1.1905E-09 1.2309E-09 1.2726E-09 1.3243E-09 1.3651E-09 1.4067E-09 1.4484E-09 1.4936E-09 1.5386E-09 1.5867E-09 1.6395E-09 1.6907E-09 1.7474E-09 1.8076E-09 1.8666E-09 1.9566E-09 2.0361E-09 2.1218E-09 2.2274E-09 2.3544E-09 2.4892E-09 2.6025E-09 2.7276E-09 2.8659E-09 3.0158E-09 3.1694E-09 3.3555E-09 3.5435E-09 3.7447E-09 3.9853E-09 4.2218E-09 4.4893E-09 4.7927E-09 5.0993E-09 5.4517E-09 5.8147E-09 6.2069E-09 6.6303E-09 7.0866E-09 7.5775E-09 8.1049E-09 8.6703E-09 9.2751E-09 9.9207E-09 1.0608E-08 1.1338E-08 1.2111E-08
8.7642E-10 8.9959E-10 9.2427E-10 9.5046E-10 9.8373E-10 1.0176E-09 1.0482E-09 1.0819E-09 1.1148E-09 1.1506E-09 1.1841E-09 1.2244E-09 1.2660E-09 1.3176E-09 1.3579E-09 1.3997E-09 1.4413E-09 1.4862E-09 1.5313E-09 1.5781E-09 1.6318E-09 1.6828E-09 1.7392E-09 1.7991E-09 1.8616E-09 1.9520E-09 2.0262E-09 2.1134E-09 2.2229E-09 2.3552E-09 2.4792E-09 2.5949E-09 2.7175E-09 2.8555E-09 3.0075E-09 3.1609E-09 3.3435E-09 3.5340E-09 3.7318E-09 3.9719E-09 4.2101E-09 4.4724E-09 4.7783E-09 5.0836E-09 5.4339E-09 5.7950E-09 6.1851E-09 6.6060E-09 7.0594E-09 7.5471E-09 8.0707E-09 8.6319E-09 9.2320E-09 9.8724E-09 1.0554E-08 1.1278E-08 1.2044E-08
8.7078E-10 8.9382E-10 9.1838E-10 9.4443E-10 9.7759E-10 1.0114E-09 1.0455E-09 1.0755E-09 1.1101E-09 1.1440E-09 1.1801E-09 1.2175E-09 1.2590E-09 1.3105E-09 1.3507E-09 1.3924E-09 1.4338E-09 1.4776E-09 1.5234E-09 1.5698E-09 1.6235E-09 1.6743E-09 1.7297E-09 1.7899E-09 1.8560E-09 1.9451E-09 2.0200E-09 2.1040E-09 2.2171E-09 2.3515E-09 2.4679E-09 2.5857E-09 2.7060E-09 2.8448E-09 2.9972E-09 3.1502E-09 3.3288E-09 3.5216E-09 3.7181E-09 3.9530E-09 4.1943E-09 4.4510E-09 4.7588E-09 5.0622E-09 5.4069E-09 5.7683E-09 6.1554E-09 6.5729E-09 7.0225E-09 7.5059E-09 8.0247E-09 8.5804E-09 9.1745E-09 9.8081E-09 1.0482E-08 1.1198E-08 1.1955E-08
8.6496E-10 8.8787E-10 9.1229E-10 9.3822E-10 9.7124E-10 1.0049E-09 1.0390E-09 1.0688E-09 1.1032E-09 1.1371E-09 1.1730E-09 1.2103E-09 1.2517E-09 1.3031E-09 1.3431E-09 1.3840E-09 1.4259E-09 1.4687E-09 1.5151E-09 1.5613E-09 1.6139E-09 1.6652E-09 1.7189E-09 1.7788E-09 1.8461E-09 1.9336E-09 2.0100E-09 2.0937E-09 2.2102E-09 2.3404E-09 2.4554E-09 2.5750E-09 2.6950E-09 2.8332E-09 2.9847E-09 3.1372E-09 3.3129E-09 3.5064E-09 3.7019E-09 3.9307E-09 4.1746E-09 4.4265E-09 4.7325E-09 5.0354E-09 5.3701E-09 5.7347E-09 6.1182E-09 6.5315E-09 6.9763E-09 7.4544E-09 7.9673E-09 8.5164E-09 9.1031E-09 9.7286E-09 1.0394E-08 1.1099E-08 1.1846E-08
8.5898E-10 8.8174E-10 9.0603E-10 9.3181E-10 9.6469E-10 9.9818E-10 1.0321E-09 1.0636E-09 1.0962E-09 1.1298E-09 1.1646E-09 1.2028E-09 1.2441E-09 1.2953E-09 1.3352E-09 1.3749E-09 1.4176E-09 1.4602E-09 1.5064E-09 1.5524E-09 1.6023E-09 1.6556E-09 1.7079E-09 1.7669E-09 1.8427E-09 1.9221E-09 2.0027E-09 2.0851E-09 2.1989E-09 2.3298E-09 2.4438E-09 2.5627E-09 2.6824E-09 2.8197E-09 2.9698E-09 3.1220E-09 3.2915E-09 3.4883E-09 3.6827E-09 3.9042E-09 4.1511E-09 4.4009E-09 4.6968E-09 5.0032E-09 5.3278E-09 5.6946E-09 6.0736E-09 6.4820E-09 6.9212E-09 7.3931E-09 7.8990E-09 8.4404E-09 9.0186E-09 9.6347E-09 1.0290E-08 1.0984E-08 1.1718E-08
8.5283E-10 8.7545E-10 8.9958E-10 9.2644E-10 9.5793E-10 9.9127E-10 1.0251E-09 1.0564E-09 1.0888E-09 1.1223E-09 1.1570E-09 1.1950E-09 1.2361E-09 1.2872E-09 1.3269E-09 1.3663E-09 1.4089E-09 1.4513E-09 1.4966E-09 1.5429E-09 1.5906E-09 1.6455E-09 1.6975E-09 1.7551E-09 1.8354E-09 1.9109E-09 1.9912E-09 2.0706E-09 2.1900E-09 2.3151E-09 2.4309E-09 2.5489E-09 2.6681E-09 2.8002E-09 2.9486E-09 3.1046E-09 3.2682E-09 3.4658E-09 3.6604E-09 3.8738E-09 4.1238E-09 4.3713E-09 4.6557E-09 4.9659E-09 5.2839E-09 5.6481E-09 6.0221E-09 6.4248E-09 6.8577E-09 7.3225E-09 7.8206E-09 8.3533E-09 8.9218E-09 9.5274E-09 1.0171E-08 1.0852E-08 1.1573E-08
8.4652E-10 8.6899E-10 8.9297E-10 9.1966E-10 9.5097E-10 9.8414E-10 1.0178E-09 1.0490E-09 1.0812E-09 1.1146E-09 1.1491E-09 1.1869E-09 1.2278E-09 1.2787E-09 1.3182E-09 1.3574E-09 1.3992E-09 1.4419E-09 1.4858E-09 1.5330E-09 1.5803E-09 1.6348E-09 1.6865E-09 1.7425E-09 1.8237E-09 1.8989E-09 1.9772E-09 2.0559E-09 2.1801E-09 2.3055E-09 2.4166E-09 2.5298E-09 2.6522E-09 2.7795E-09 2.9260E-09 3.0850E-09 3.2459E-09 3.4368E-09 3.6352E-09 3.8409E-09 4.0914E-09 4.3376E-09 4.6080E-09 4.9237E-09 5.2374E-09 5.5957E-09 5.9640E-09 6.3604E-09 6.7863E-09 7.2432E-09 7.7325E-09 8.2556E-09 8.8136E-09 9.4074E-09 1.0038E-08 1.0706E-08 1.1413E-08
8.4005E-10 8.6236E-10 8.8618E-10 9.1148E-10 9.4382E-10 9.7680E-10 1.0103E-09 1.0413E-09 1.0734E-09 1.1066E-09 1.1408E-09 1.1784E-09 1.2192E-09 1.2698E-09 1.3092E-09 1.3481E-09 1.3886E-09 1.4321E-09 1.4756E-09 1.5227E-09 1.5696E-09 1.6217E-09 1.6750E-09 1.7287E-09 1.8133E-09 1.8862E-09 1.9618E-09 2.0458E-09 2.1658E-09 2.2926E-09 2.3992E-09 2.5097E-09 2.6347E-09 2.7606E-09 2.9049E-09 3.0633E-09 3.2228E-09 3.4065E-09 3.6073E-09 3.8107E-09 4.0500E-09 4.3002E-09 4.5604E-09 4.8769E-09 5.1859E-09 5.5296E-09 5.8998E-09 6.2892E-09 6.7074E-09 7.1557E-09 7.6356E-09 8.1482E-09 8.6947E-09 9.2760E-09 9.8928E-09 1.0547E-08 1.1238E-08
8.3343E-10 8.5558E-10 8.7922E-10 9.0435E-10 9.3649E-10 9.6926E-10 1.0026E-09 1.0334E-09 1.0653E-09 1.0983E-09 1.1324E-09 1.1698E-09 1.2103E-09 1.2607E-09 1.2998E-09 1.3385E-09 1.3786E-09 1.4219E-09 1.4651E-09 1.5111E-09 1.5585E-09 1.6071E-09 1.6629E-09 1.7160E-09 1.7983E-09 1.8763E-09 1.9477E-09 2.0314E-09 2.1477E-09 2.2767E-09 2.3791E-09 2.4918E-09 2.6156E-09 2.7405E-09 2.8811E-09 3.0389E-09 3.1975E-09 3.3718E-09 3.5766E-09 3.7776E-09 4.0038E-09 4.2593E-09 4.5156E-09 4.8176E-09 5.1295E-09 5.4574E-09 5.8298E-09 6.2118E-09 6.6216E-09 7.0608E-09 7.5305E-09 8.0319E-09 8.5661E-09 9.1340E-09 9.7367E-09 1.0376E-08 1.1051E-08
8.2574E-10 8.4864E-10 8.7211E-10 8.9616E-10 9.2897E-10 9.6152E-10 9.9468E-10 1.0253E-09 1.0570E-09 1.0898E-09 1.1236E-09 1.1608E-09 1.2010E-09 1.2512E-09 1.2900E-09 1.3285E-09 1.3684E-09 1.4103E-09 1.4542E-09 1.4987E-09 1.5469E-09 1.5949E-09 1.6503E-09 1.7066E-09 1.7870E-09 1.8622E-09 1.9331E-09 2.0146E-09 2.1320E-09 2.2579E-09 2.3606E-09 2.4727E-09 2.5926E-09 2.7188E-09 2.8525E-09 3.0070E-09 3.1700E-09 3.3375E-09 3.5391E-09 3.7416E-09 3.9564E-09 4.2149E-09 4.4670E-09 4.7477E-09 5.0688E-09 5.3894E-09 5.7545E-09 6.1285E-09 6.5296E-09 6.9589E-09 7.4179E-09 7.9075E-09 8.4288E-09 8.9827E-09 9.5708E-09 1.0194E-08 1.0851E-08
8.1883E-10 8.4155E-10 8.6484E-10 8.8870E-10 9.2127E-10 9.5358E-10 9.8654E-10 1.0169E-09 1.0484E-09 1.0810E-09 1.1146E-09 1.1515E-09 1.1915E-09 1.2413E-09 1.2799E-09 1.3182E-09 1.3577E-09 1.3987E-09 1.4429E-09 1.4871E-09 1.5348E-09 1.5825E-09 1.6346E-09 1.6931E-09 1.7711E-09 1.8457E-09 1.9178E-09 1.9995E-09 2.1070E-09 2.2397E-09 2.3415E-09 2.4501E-09 2.5661E-09 2.6955E-09 2.8265E-09 2.9763E-09 3.1405E-09 3.3058E-09 3.4967E-09 3.7029E-09 3.9127E-09 4.1603E-09 4.4151E-09 4.6812E-09 5.0038E-09 5.3179E-09 5.6666E-09 6.0399E-09 6.4317E-09 6.8509E-09 7.2986E-09 7.7758E-09 8.2836E-09 8.8234E-09 9.3961E-09 1.0002E-08 1.0641E-08
8.1178E-10 8.3432E-10 8.5741E-10 8.8108E-10 9.0917E-10 9.4546E-10 9.7820E-10 1.0084E-09 1.0396E-09 1.0719E-09 1.1036E-09 1.1420E-09 1.1817E-09 1.2280E-09 1.2695E-09 1.3075E-09 1.3467E-09 1.3874E-09 1.4306E-09 1.4750E-09 1.5207E-09 1.5696E-09 1.6187E-09 1.6791E-09 1.7566E-09 1.8283E-09 1.9018E-09 1.9829E-09 2.0894E-09 2.2163E-09 2.3213E-09 2.4250E-09 2.5425E-09 2.6707E-09 2.8001E-09 2.9439E-09 3.1083E-09 3.2720E-09 3.4503E-09 3.6617E-09 3.8680E-09 4.0976E-09 4.3598E-09 4.6207E-09 4.9268E-09 5.2423E-09 5.5717E-09 5.9466E-09 6.3287E-09 6.7372E-09 7.1732E-09 7.6377E-09 8.1319E-09 8.6570E-09 9.2133E-09 9.8012E-09 1.0422E-08
8.0460E-10 8.2695E-10 8.4984E-10 8.7331E-10 9.0118E-10 9.3716E-10 9.6966E-10 9.9962E-10 1.0306E-09 1.0627E-09 1.0941E-09 1.1322E-09 1.1716E-09 1.2159E-09 1.2588E-09 1.2964E-09 1.3354E-09 1.3757E-09 1.4174E-09 1.4626E-09 1.5076E-09 1.5563E-09 1.6050E-09 1.6635E-09 1.7377E-09 1.8098E-09 1.8885E-09 1.9655E-09 2.0638E-09 2.1934E-09 2.2999E-09 2.4025E-09 2.5182E-09 2.6404E-09 2.7721E-09 2.9088E-09 3.0675E-09 3.2362E-09 3.4082E-09 3.6122E-09 3.8207E-09 4.0379E-09 4.3016E-09 4.5571E-09 4.8360E-09 5.1629E-09 5.4845E-09 5.8489E-09 6.2210E-09 6.6186E-09 7.0426E-09 7.4941E-09 7.9744E-09 8.4841E-09 9.0236E-09 9.5939E-09 1.0195E-08
7.9729E-10 8.1944E-10 8.4213E-10 8.6447E-10 8.9302E-10 9.2868E-10 9.6094E-10 9.8885E-10 1.0214E-09 1.0532E-09 1.0843E-09 1.1211E-09 1.1612E-09 1.2051E-09 1.2477E-09 1.2851E-09 1.3237E-09 1.3637E-09 1.4051E-09 1.4491E-09 1.4944E-09 1.5411E-09 1.5907E-09 1.6448E-09 1.7184E-09 1.7928E-09 1.8680E-09 1.9474E-09 2.0435E-09 2.1664E-09 2.2769E-09 2.3787E-09 2.4878E-09 2.6092E-09 2.7426E-09 2.8773E-09 3.0294E-09 3.1984E-09 3.3675E-09 3.5558E-09 3.7710E-09 3.9839E-09 4.2284E-09 4.4904E-09 4.7580E-09 5.0786E-09 5.3936E-09 5.7322E-09 6.1093E-09 6.4956E-09 6.9074E-09 7.3458E-09 7.8118E-09 8.3056E-09 8.8285E-09 9.3802E-09 9.9618E-09
7.8986E-10 8.1086E-10 8.3336E-10 8.5642E-10 8.8382E-10 9.2003E-10 9.5203E-10 9.7969E-10 1.0102E-09 1.0435E-09 1.0744E-09 1.1108E-09 1.1506E-09 1.1941E-09 1.2363E-09 1.2734E-09 1.3117E-09 1.3513E-09 1.3923E-09 1.4348E-09 1.4807E-09 1.5265E-09 1.5761E-09 1.6292E-09 1.7016E-09 1.7759E-09 1.8471E-09 1.9285E-09 2.0159E-09 2.1404E-09 2.2491E-09 2.3538E-09 2.4605E-09 2.5807E-09 2.7098E-09 2.8443E-09 2.9863E-09 3.1534E-09 3.3248E-09 3.5026E-09 3.7167E-09 3.9276E-09 4.1515E-09 4.4210E-09 4.6822E-09 4.9713E-09 5.2994E-09 5.6254E-09 5.9940E-09 6.3689E-09 6.7684E-09 7.1935E-09 7.6446E-09 8.1227E-09 8.6283E-09 9.1619E-09 9.7232E-09
7.8137E-10 8.0311E-10 8.2539E-10 8.4823E-10 8.7538E-10 9.0701E-10 9.4294E-10 9.7035E-10 1.0006E-09 1.0318E-09 1.0642E-09 1.0968E-09 1.1362E-09 1.1828E-09 1.2247E-09 1.2613E-09 1.2993E-09 1.3386E-09 1.3792E-09 1.4213E-09 1.4658E-09 1.5120E-09 1.5594E-09 1.6136E-09 1.6811E-09 1.7584E-09 1.8279E-09 1.9064E-09 1.9953E-09 2.1104E-09 2.2244E-09 2.3278E-09 2.4329E-09 2.5463E-09 2.6716E-09 2.8097E-09 2.9491E-09 3.1067E-09 3.2804E-09 3.4546E-09 3.6493E-09 3.8690E-09 4.0870E-09 4.3403E-09 4.6038E-09 4.8758E-09 5.2025E-09 5.5191E-09 5.8612E-09 6.2391E-09 6.6262E-09 7.0375E-09 7.4740E-09 7.9362E-09 8.4246E-09 8.9396E-09 9.4776E-09
7.7371E-10 7.9523E-10 8.1729E-10 8.3990E-10 8.6557E-10 8.9810E-10 9.3368E-10 9.6083E-10 9.9076E-10 1.0217E-09 1.0537E-09 1.0861E-09 1.1251E-09 1.1696E-09 1.2127E-09 1.2490E-09 1.2866E-09 1.3255E-09 1.3657E-09 1.4074E-09 1.4505E-09 1.4971E-09 1.5436E-09 1.5939E-09 1.6636E-09 1.7394E-09 1.8090E-09 1.8825E-09 1.9740E-09 2.0734E-09 2.1966E-09 2.2963E-09 2.4042E-09 2.5146E-09 2.6386E-09 2.7726E-09 2.9106E-09 3.0568E-09 3.2299E-09 3.4048E-09 3.5871E-09 3.8071E-09 4.0212E-09 4.2490E-09 4.5230E-09 4.7877E-09 5.0799E-09 5.4103E-09 5.7376E-09 6.1066E-09 6.4812E-09 6.8788E-09 7.3006E-09 7.7468E-09 8.2183E-09 8.7122E-09 9.2293E-09
7.6594E-10 7.8724E-10 8.0907E-10 8.3145E-10 8.5565E-10 8.8784E-10 9.2065E-10 9.5113E-10 9.8076E-10 1.0114E-09 1.0431E-09 1.0751E-09 1.1138E-09 1.1547E-09 1.2005E-09 1.2364E-09 1.2736E-09 1.3121E-09 1.3519E-09 1.3932E-09 1.4358E-09 1.4804E-09 1.5278E-09 1.5755E-09 1.6463E-09 1.7133E-09 1.7895E-09 1.8614E-09 1.9461E-09 2.0480E-09 2.1692E-09 2.2678E-09 2.3745E-09 2.4829E-09 2.5991E-09 2.7288E-09 2.8707E-09 3.0140E-09 3.1740E-09 3.3533E-09 3.5315E-09 3.7283E-09 3.9535E-09 4.1750E-09 4.4283E-09 4.6974E-09 4.9715E-09 5.2992E-09 5.6162E-09 5.9548E-09 6.3339E-09 6.7182E-09 7.1249E-09 7.5554E-09 8.0082E-09 8.4824E-09 8.9793E-09
7.5432E-10 7.7820E-10 7.9981E-10 8.2196E-10 8.4682E-10 8.7442E-10 9.1110E-10 9.4127E-10 9.7060E-10 1.0009E-09 1.0306E-09 1.0630E-09 1.1022E-09 1.1410E-09 1.1879E-09 1.2235E-09 1.2603E-09 1.2984E-09 1.3378E-09 1.3786E-09 1.4208E-09 1.4645E-09 1.5114E-09 1.5588E-09 1.6241E-09 1.6941E-09 1.7644E-09 1.8404E-09 1.9159E-09 2.0197E-09 2.1391E-09 2.2356E-09 2.3386E-09 2.4502E-09 2.5637E-09 2.6898E-09 2.8272E-09 2.9699E-09 3.1195E-09 3.2947E-09 3.4743E-09 3.6599E-09 3.8809E-09 4.0996E-09 4.3294E-09 4.6053E-09 4.8711E-09 5.1569E-09 5.4932E-09 5.8191E-09 6.1804E-09 6.5556E-09 6.9480E-09 7.3620E-09 7.7960E-09 8.2516E-09 8.7288E-09
