Assets/Resources/2015_m01_d31_0600(utc+0800)_l00_csi_1hr_conc.grd
DSAA
         159         159
     -79.000      79.000
     -79.000      79.000
  0.0000E+00  0.7629E-05
[rows 0 to 24 of 159, columns 57 to 113 of 159]
2.7681E-09 3.0255E-09 3.2839E-09 3.5363E-09 3.7916E-09 4.0300E-09 4.2539E-09 4.4616E-09 4.6423E-09 4.7944E-09 4.9172E-09 5.0046E-09 5.0547E-09 5.0657E-09 5.0369E-09 4.9693E-09 4.8639E-09 4.7232E-09 4.5496E-09 4.3470E-09 4.1192E-09 3.8699E-09 3.6049E-09 3.3287E-09 3.0468E-09 2.7639E-09 2.4865E-09 2.2160E-09 1.9572E-09 1.7124E-09 1.4851E-09 1.2757E-09 1.0835E-09 9.1130E-10 7.5671E-10 6.2020E-10 5.0113E-10 3.9999E-10 3.1516E-10 2.4745E-10 1.9042E-10 1.4364E-10 1.0591E-10 7.6427E-11 5.3391E-11 3.5002E-11 2.1049E-11 1.1038E-11 3.6879E-12 0.0000E+00 0.0000E+00 0.0000E+00 0.0000E+00 0.0000E+00 0.0000E+00 0.0000E+00 0.0000E+00
2.9291E-09 3.2065E-09 3.4855E-09 3.7731E-09 4.0450E-09 4.3129E-09 4.5643E-09 4.7934E-09 5.0000E-09 5.1773E-09 5.3200E-09 5.4240E-09 5.4878E-09 5.5103E-09 5.4896E-09 5.4253E-09 5.3183E-09 5.1707E-09 4.9855E-09 4.7666E-09 4.5185E-09 4.2471E-09 3.9583E-09 3.6571E-09 3.3483E-09 3.0387E-09 2.7323E-09 2.4350E-09 2.1500E-09 1.8786E-09 1.6277E-09 1.3951E-09 1.1851E-09 9.9241E-10 8.2085E-10 6.7144E-10 5.4202E-10 4.3209E-10 3.3880E-10 2.6351E-10 2.0100E-10 1.5026E-10 1.1012E-10 7.8657E-11 5.4583E-11 3.5665E-11 2.1364E-11 1.0549E-11 3.2601E-12 0.0000E+00 0.0000E+00 0.0000E+00 0.0000E+00 0.0000E+00 0.0000E+00 0.0000E+00 0.0000E+00
3.0833E-09 3.3853E-09 3.6983E-09 4.0023E-09 4.3103E-09 4.6046E-09 4.8839E-09 5.1443E-09 5.3774E-09 5.5777E-09 5.7434E-09 5.8689E-09 5.9501E-09 5.9851E-09 5.9725E-09 5.9115E-09 5.8034E-09 5.6513E-09 5.4567E-09 5.2237E-09 4.9570E-09 4.6627E-09 4.3465E-09 4.0153E-09 3.6768E-09 3.3364E-09 2.9990E-09 2.6708E-09 2.3561E-09 2.0599E-09 1.7813E-09 1.5255E-09 1.2922E-09 1.0808E-09 8.9234E-10 7.2760E-10 5.8586E-10 4.6521E-10 3.6534E-10 2.8215E-10 2.1349E-10 1.5725E-10 1.1462E-10 8.0971E-11 5.5438E-11 3.5673E-11 2.0841E-11 9.7449E-12 2.4677E-12 0.0000E+00 0.0000E+00 0.0000E+00 0.0000E+00 0.0000E+00 0.0000E+00 0.0000E+00 0.0000E+00
3.2384E-09 3.5700E-09 3.9018E-09 4.2440E-09 4.5757E-09 4.9040E-09 5.2156E-09 5.5041E-09 5.7687E-09 6.0008E-09 6.1945E-09 6.3437E-09 6.4453E-09 6.4965E-09 6.4968E-09 6.4440E-09 6.3381E-09 6.1809E-09 5.9755E-09 5.7270E-09 5.4407E-09 5.1235E-09 4.7803E-09 4.4206E-09 4.0492E-09 3.6745E-09 3.3033E-09 2.9402E-09 2.5921E-09 2.2621E-09 1.9554E-09 1.6713E-09 1.4100E-09 1.1757E-09 9.6935E-10 7.8906E-10 6.3304E-10 5.0134E-10 3.9353E-10 3.0262E-10 2.2892E-10 1.6595E-10 1.1828E-10 8.3362E-11 5.5792E-11 3.5827E-11 2.0119E-11 8.3194E-12 2.0107E-12 7.0749E-14 0.0000E+00 0.0000E+00 0.0000E+00 0.0000E+00 0.0000E+00 0.0000E+00 0.0000E+00
3.3925E-09 3.7465E-09 4.1146E-09 4.4806E-09 4.8511E-09 5.2100E-09 5.5558E-09 5.8822E-09 6.1820E-09 6.4459E-09 6.6699E-09 6.8482E-09 6.9760E-09 7.0493E-09 7.0646E-09 7.0197E-09 6.9157E-09 6.7547E-09 6.5399E-09 6.2756E-09 5.9677E-09 5.6229E-09 5.2498E-09 4.8563E-09 4.4496E-09 4.0382E-09 3.6294E-09 3.2308E-09 2.8475E-09 2.4837E-09 2.1457E-09 1.8316E-09 1.5433E-09 1.2833E-09 1.0534E-09 8.5486E-10 6.8460E-10 5.4213E-10 4.2544E-10 3.2652E-10 2.4460E-10 1.7804E-10 1.2416E-10 8.5695E-11 5.6661E-11 3.5132E-11 1.9054E-11 7.3338E-12 1.7330E-12 1.7937E-13 0.0000E+00 0.0000E+00 0.0000E+00 0.0000E+00 0.0000E+00 0.0000E+00 0.0000E+00
3.5404E-09 3.9254E-09 4.3189E-09 4.7249E-09 5.1253E-09 5.5253E-09 5.9110E-09 6.2745E-09 6.6123E-09 6.9147E-09 7.1756E-09 7.3879E-09 7.5445E-09 7.6401E-09 7.6731E-09 7.6417E-09 7.5448E-09 7.3838E-09 7.1628E-09 6.8858E-09 6.5582E-09 6.1881E-09 5.7831E-09 5.3529E-09 4.9063E-09 4.4535E-09 4.0017E-09 3.5603E-09 3.1350E-09 2.7348E-09 2.3573E-09 2.0061E-09 1.6883E-09 1.4020E-09 1.1487E-09 9.2779E-10 7.4120E-10 5.8749E-10 4.6045E-10 3.5284E-10 2.6305E-10 1.9098E-10 1.3211E-10 8.8101E-11 5.6529E-11 3.4234E-11 1.7659E-11 6.5925E-12 1.5485E-12 2.6932E-13 0.0000E+00 0.0000E+00 0.0000E+00 0.0000E+00 0.0000E+00 0.0000E+00 0.0000E+00
3.6844E-09 4.0987E-09 4.5288E-09 4.9647E-09 5.4091E-09 5.8455E-09 6.2713E-09 6.6792E-09 7.0613E-09 7.4066E-09 7.7087E-09 7.9583E-09 8.1491E-09 8.2755E-09 8.3323E-09 8.3176E-09 8.2296E-09 8.0694E-09 7.8404E-09 7.5471E-09 7.1964E-09 6.7968E-09 6.3578E-09 5.8890E-09 5.4014E-09 4.9046E-09 4.4091E-09 3.9221E-09 3.4573E-09 3.0138E-09 2.5960E-09 2.2044E-09 1.8487E-09 1.5302E-09 1.2508E-09 1.0096E-09 8.0735E-10 6.3838E-10 4.9704E-10 3.8163E-10 2.8287E-10 2.0428E-10 1.4264E-10 9.1920E-11 5.7480E-11 3.3195E-11 1.6404E-11 6.0930E-12 1.4217E-12 3.5094E-13 0.0000E+00 0.0000E+00 0.0000E+00 0.0000E+00 0.0000E+00 0.0000E+00 0.0000E+00
3.8231E-09 4.2692E-09 4.7316E-09 5.2089E-09 5.6874E-09 6.1704E-09 6.6450E-09 7.0999E-09 7.5315E-09 7.9272E-09 8.2755E-09 8.5705E-09 8.8006E-09 8.9605E-09 9.0453E-09 9.0512E-09 8.9753E-09 8.8192E-09 8.5861E-09 8.2800E-09 7.9078E-09 7.4782E-09 7.0017E-09 6.4903E-09 5.9538E-09 5.4070E-09 4.8586E-09 4.3273E-09 3.8143E-09 3.3223E-09 2.8568E-09 2.4253E-09 2.0298E-09 1.6746E-09 1.3639E-09 1.1000E-09 8.7982E-10 6.9530E-10 5.3873E-10 4.0974E-10 3.0599E-10 2.1781E-10 1.5314E-10 9.8431E-11 5.7983E-11 3.2018E-11 1.4697E-11 5.5733E-12 1.6443E-12 3.9605E-13 0.0000E+00 0.0000E+00 0.0000E+00 0.0000E+00 0.0000E+00 0.0000E+00 0.0000E+00
3.9559E-09 4.4329E-09 4.9304E-09 5.4441E-09 5.9741E-09 6.5028E-09 7.0266E-09 7.5384E-09 8.0242E-09 8.4719E-09 8.8731E-09 9.2161E-09 9.4950E-09 9.6980E-09 9.8169E-09 9.8485E-09 9.7893E-09 9.6394E-09 9.4022E-09 9.0828E-09 8.6880E-09 8.2275E-09 7.7137E-09 7.1577E-09 6.5729E-09 5.9707E-09 5.3730E-09 4.7899E-09 4.2204E-09 3.6699E-09 3.1479E-09 2.6643E-09 2.2262E-09 1.8345E-09 1.4932E-09 1.2038E-09 9.5970E-10 7.5579E-10 5.8718E-10 4.4267E-10 3.2916E-10 2.3411E-10 1.6192E-10 1.0644E-10 6.0990E-11 3.2209E-11 1.2386E-11 5.2402E-12 1.7780E-12 4.1199E-13 0.0000E+00 0.0000E+00 0.0000E+00 0.0000E+00 0.0000E+00 0.0000E+00 0.0000E+00
4.0793E-09 4.5873E-09 5.1250E-09 5.6854E-09 6.2567E-09 6.8389E-09 7.4204E-09 7.9871E-09 8.5326E-09 9.0423E-09 9.5042E-09 9.9086E-09 1.0239E-08 1.0487E-08 1.0645E-08 1.0707E-08 1.0670E-08 1.0531E-08 1.0292E-08 9.9596E-09 9.5406E-09 9.0462E-09 8.4888E-09 7.8825E-09 7.2415E-09 6.5904E-09 5.9439E-09 5.3016E-09 4.6690E-09 4.0569E-09 3.4762E-09 2.9349E-09 2.4442E-09 2.0089E-09 1.6372E-09 1.3201E-09 1.0496E-09 8.2185E-10 6.3667E-10 4.8014E-10 3.5413E-10 2.5267E-10 1.7158E-10 1.1362E-10 6.5145E-11 3.1432E-11 1.1742E-11 4.6176E-12 1.8933E-12 4.0653E-13 0.0000E+00 0.0000E+00 0.0000E+00 0.0000E+00 0.0000E+00 0.0000E+00 0.0000E+00
4.1930E-09 4.7393E-09 5.3143E-09 5.9169E-09 6.5424E-09 7.1785E-09 7.8196E-09 8.4549E-09 9.0678E-09 9.6480E-09 1.0179E-08 1.0645E-08 1.1037E-08 1.1340E-08 1.1546E-08 1.1645E-08 1.1634E-08 1.1507E-08 1.1269E-08 1.0925E-08 1.0483E-08 9.9536E-09 9.3512E-09 8.6905E-09 7.9968E-09 7.2960E-09 6.5861E-09 5.8733E-09 5.1632E-09 4.4797E-09 3.8320E-09 3.2330E-09 2.6872E-09 2.2080E-09 1.7959E-09 1.4429E-09 1.1478E-09 8.9698E-10 6.9004E-10 5.1898E-10 3.7959E-10 2.7173E-10 1.8242E-10 1.1927E-10 7.0283E-11 3.1420E-11 1.1476E-11 4.7977E-12 1.8991E-12 3.4915E-13 0.0000E+00 0.0000E+00 0.0000E+00 0.0000E+00 0.0000E+00 0.0000E+00 0.0000E+00
4.3014E-09 4.8785E-09 5.4959E-09 6.1460E-09 6.8217E-09 7.5238E-09 8.2329E-09 8.9345E-09 9.6221E-09 1.0274E-08 1.0876E-08 1.1417E-08 1.1876E-08 1.2243E-08 1.2501E-08 1.2641E-08 1.2659E-08 1.2550E-08 1.2316E-08 1.1961E-08 1.1495E-08 1.0929E-08 1.0278E-08 9.5673E-09 8.8347E-09 8.0778E-09 7.2995E-09 6.5067E-09 5.7190E-09 4.9520E-09 4.2264E-09 3.5546E-09 2.9533E-09 2.4284E-09 1.9734E-09 1.5802E-09 1.2490E-09 9.7653E-10 7.4704E-10 5.5971E-10 4.0644E-10 2.8973E-10 1.9657E-10 1.2364E-10 7.5565E-11 3.3262E-11 1.1073E-11 5.0325E-12 1.8853E-12 2.4464E-13 0.0000E+00 0.0000E+00 0.0000E+00 0.0000E+00 0.0000E+00 0.0000E+00 0.0000E+00
4.3953E-09 5.0099E-09 5.6673E-09 6.3680E-09 7.1081E-09 7.8701E-09 8.6447E-09 9.4244E-09 1.0187E-08 1.0923E-08 1.1611E-08 1.2231E-08 1.2768E-08 1.3203E-08 1.3521E-08 1.3712E-08 1.3766E-08 1.3679E-08 1.3451E-08 1.3087E-08 1.2595E-08 1.1988E-08 1.1292E-08 1.0549E-08 9.7672E-09 8.9422E-09 8.0786E-09 7.2010E-09 6.3243E-09 5.4718E-09 4.6608E-09 3.9123E-09 3.2463E-09 2.6635E-09 2.1602E-09 1.7299E-09 1.3621E-09 1.0597E-09 8.0772E-10 6.0282E-10 4.3673E-10 3.0736E-10 2.1063E-10 1.3069E-10 7.9064E-11 3.7662E-11 1.0331E-11 5.0814E-12 1.7953E-12 8.1167E-14 0.0000E+00 0.0000E+00 0.0000E+00 0.0000E+00 0.0000E+00 0.0000E+00 0.0000E+00
4.4777E-09 5.1263E-09 5.8317E-09 6.5870E-09 7.3811E-09 8.2084E-09 9.0596E-09 9.9176E-09 1.0771E-08 1.1593E-08 1.2369E-08 1.3080E-08 1.3699E-08 1.4211E-08 1.4597E-08 1.4843E-08 1.4939E-08 1.4878E-08 1.4657E-08 1.4285E-08 1.3770E-08 1.3131E-08 1.2413E-08 1.1638E-08 1.0796E-08 9.8901E-09 8.9382E-09 7.9629E-09 6.9875E-09 6.0310E-09 5.1254E-09 4.3036E-09 3.5709E-09 2.9252E-09 2.3623E-09 1.8855E-09 1.4832E-09 1.1485E-09 8.7282E-10 6.4554E-10 4.6872E-10 3.2572E-10 2.2187E-10 1.4030E-10 8.0715E-11 4.2095E-11 9.9567E-12 4.8454E-12 1.6487E-12 0.0000E+00 0.0000E+00 0.0000E+00 0.0000E+00 0.0000E+00 0.0000E+00 0.0000E+00 0.0000E+00
4.5460E-09 5.2356E-09 5.9816E-09 6.7875E-09 7.6433E-09 8.5415E-09 9.4715E-09 1.0419E-08 1.1356E-08 1.2278E-08 1.3150E-08 1.3954E-08 1.4666E-08 1.5263E-08 1.5725E-08 1.6034E-08 1.6177E-08 1.6149E-08 1.5944E-08 1.5568E-08 1.5031E-08 1.4384E-08 1.3655E-08 1.2837E-08 1.1922E-08 1.0927E-08 9.8750E-09 8.7950E-09 7.7111E-09 6.6382E-09 5.6331E-09 4.7218E-09 3.9126E-09 3.2022E-09 2.5813E-09 2.0520E-09 1.6089E-09 1.2402E-09 9.4091E-10 6.9174E-10 4.9856E-10 3.4839E-10 2.3132E-10 1.5004E-10 8.2605E-11 4.6420E-11 1.0280E-11 4.5328E-12 1.4356E-12 0.0000E+00 0.0000E+00 0.0000E+00 0.0000E+00 0.0000E+00 0.0000E+00 0.0000E+00 0.0000E+00
4.6035E-09 5.3251E-09 6.1178E-09 6.9748E-09 7.8935E-09 8.8651E-09 9.8775E-09 1.0907E-08 1.1949E-08 1.2967E-08 1.3943E-08 1.4851E-08 1.5662E-08 1.6355E-08 1.6899E-08 1.7279E-08 1.7476E-08 1.7485E-08 1.7300E-08 1.6923E-08 1.6402E-08 1.5771E-08 1.5023E-08 1.4147E-08 1.3151E-08 1.2054E-08 1.0887E-08 9.6849E-09 8.4649E-09 7.2841E-09 6.1821E-09 5.1810E-09 4.2805E-09 3.4896E-09 2.8098E-09 2.2283E-09 1.7418E-09 1.3360E-09 1.0071E-09 7.4100E-10 5.2748E-10 3.7042E-10 2.4311E-10 1.5797E-10 8.8295E-11 4.7923E-11 1.3344E-11 4.0677E-12 1.1381E-12 0.0000E+00 0.0000E+00 0.0000E+00 0.0000E+00 0.0000E+00 0.0000E+00 0.0000E+00 0.0000E+00
4.6416E-09 5.3960E-09 6.2295E-09 7.1421E-09 8.1238E-09 9.1707E-09 1.0264E-08 1.1392E-08 1.2528E-08 1.3656E-08 1.4741E-08 1.5760E-08 1.6678E-08 1.7468E-08 1.8106E-08 1.8563E-08 1.8827E-08 1.8883E-08 1.8724E-08 1.8380E-08 1.7900E-08 1.7279E-08 1.6503E-08 1.5562E-08 1.4477E-08 1.3271E-08 1.1983E-08 1.0626E-08 9.2641E-09 7.9641E-09 6.7562E-09 5.6605E-09 4.6742E-09 3.8005E-09 3.0495E-09 2.4087E-09 1.8780E-09 1.4367E-09 1.0723E-09 7.8841E-10 5.5827E-10 3.9020E-10 2.5858E-10 1.6287E-10 9.3396E-11 4.7056E-11 1.5896E-11 3.3635E-12 5.1428E-13 0.0000E+00 0.0000E+00 0.0000E+00 0.0000E+00 0.0000E+00 0.0000E+00 0.0000E+00 0.0000E+00
4.6598E-09 5.4463E-09 6.3267E-09 7.2897E-09 8.3368E-09 9.4532E-09 1.0633E-08 1.1851E-08 1.3097E-08 1.4328E-08 1.5531E-08 1.6665E-08 1.7698E-08 1.8599E-08 1.9338E-08 1.9884E-08 2.0218E-08 2.0324E-08 2.0221E-08 1.9952E-08 1.9527E-08 1.8916E-08 1.8101E-08 1.7086E-08 1.5899E-08 1.4573E-08 1.3125E-08 1.1609E-08 1.0115E-08 8.6942E-09 7.3690E-09 6.1582E-09 5.0742E-09 4.1233E-09 3.2979E-09 2.5984E-09 2.0135E-09 1.5352E-09 1.1417E-09 8.3166E-10 5.8968E-10 4.0461E-10 2.7053E-10 1.6668E-10 9.6559E-11 4.6668E-11 1.7620E-11 2.7425E-12 0.0000E+00 0.0000E+00 0.0000E+00 0.0000E+00 0.0000E+00 0.0000E+00 0.0000E+00 0.0000E+00 0.0000E+00
4.6575E-09 5.4780E-09 6.3950E-09 7.4065E-09 8.5165E-09 9.7079E-09 1.0969E-08 1.2289E-08 1.3628E-08 1.4981E-08 1.6298E-08 1.7553E-08 1.8705E-08 1.9722E-08 2.0569E-08 2.1212E-08 2.1629E-08 2.1813E-08 2.1816E-08 2.1645E-08 2.1267E-08 2.0655E-08 1.9799E-08 1.8705E-08 1.7414E-08 1.5931E-08 1.4300E-08 1.2629E-08 1.0998E-08 9.4511E-09 8.0089E-09 6.6833E-09 5.4966E-09 4.4506E-09 3.5488E-09 2.7902E-09 2.1523E-09 1.6293E-09 1.2096E-09 8.7278E-10 6.2115E-10 4.1913E-10 2.8084E-10 1.6818E-10 1.0021E-10 4.5283E-11 1.8438E-11 2.2266E-12 0.0000E+00 0.0000E+00 0.0000E+00 0.0000E+00 0.0000E+00 0.0000E+00 0.0000E+00 0.0000E+00 0.0000E+00
4.6345E-09 5.4845E-09 6.4354E-09 7.4965E-09 8.6624E-09 9.9199E-09 1.1267E-08 1.2673E-08 1.4125E-08 1.5583E-08 1.7025E-08 1.8401E-08 1.9682E-08 2.0822E-08 2.1781E-08 2.2533E-08 2.3049E-08 2.3374E-08 2.3513E-08 2.3438E-08 2.3105E-08 2.2489E-08 2.1578E-08 2.0408E-08 1.8980E-08 1.7316E-08 1.5523E-08 1.3704E-08 1.1929E-08 1.0234E-08 8.6521E-09 7.2159E-09 5.9276E-09 4.7900E-09 3.8054E-09 2.9782E-09 2.2903E-09 1.7211E-09 1.2743E-09 9.1311E-10 6.4668E-10 4.3448E-10 2.8931E-10 1.7047E-10 1.0153E-10 4.2717E-11 1.8141E-11 1.2550E-12 0.0000E+00 0.0000E+00 0.0000E+00 0.0000E+00 0.0000E+00 0.0000E+00 0.0000E+00 0.0000E+00 0.0000E+00
4.5889E-09 5.4587E-09 6.4443E-09 7.5499E-09 8.7636E-09 1.0092E-08 1.1511E-08 1.3011E-08 1.4558E-08 1.6134E-08 1.7685E-08 1.9194E-08 2.0601E-08 2.1873E-08 2.2962E-08 2.3838E-08 2.4513E-08 2.5001E-08 2.5285E-08 2.5315E-08 2.5029E-08 2.4404E-08 2.3450E-08 2.2174E-08 2.0569E-08 1.8725E-08 1.6776E-08 1.4814E-08 1.2894E-08 1.1051E-08 9.3294E-09 7.7575E-09 6.3538E-09 5.1263E-09 4.0645E-09 3.1635E-09 2.4222E-09 1.8090E-09 1.3313E-09 9.5175E-10 6.6536E-10 4.4574E-10 2.9069E-10 1.7425E-10 1.0043E-10 3.9818E-11 1.6981E-11 0.0000E+00 0.0000E+00 0.0000E+00 0.0000E+00 0.0000E+00 0.0000E+00 0.0000E+00 0.0000E+00 0.0000E+00 0.0000E+00
4.5173E-09 5.4062E-09 6.4145E-09 7.5534E-09 8.8157E-09 1.0199E-08 1.1693E-08 1.3274E-08 1.4921E-08 1.6596E-08 1.8278E-08 1.9908E-08 2.1451E-08 2.2855E-08 2.4086E-08 2.5129E-08 2.6000E-08 2.6688E-08 2.7130E-08 2.7252E-08 2.7004E-08 2.6371E-08 2.5364E-08 2.3936E-08 2.2158E-08 2.0162E-08 1.8065E-08 1.5947E-08 1.3864E-08 1.1876E-08 1.0017E-08 8.3130E-09 6.7885E-09 5.4585E-09 4.3158E-09 3.3451E-09 2.5447E-09 1.8953E-09 1.3774E-09 9.8322E-10 6.7818E-10 4.5437E-10 2.8980E-10 1.7165E-10 9.4707E-11 3.8204E-11 1.5219E-11 0.0000E+00 0.0000E+00 0.0000E+00 0.0000E+00 0.0000E+00 0.0000E+00 0.0000E+00 0.0000E+00 0.0000E+00 0.0000E+00
4.4204E-09 5.3202E-09 6.3494E-09 7.5174E-09 8.8159E-09 1.0253E-08 1.1801E-08 1.3460E-08 1.5191E-08 1.6977E-08 1.8767E-08 2.0530E-08 2.2205E-08 2.3759E-08 2.5157E-08 2.6414E-08 2.7515E-08 2.8407E-08 2.9001E-08 2.9210E-08 2.9004E-08 2.8376E-08 2.7258E-08 2.5682E-08 2.3760E-08 2.1629E-08 1.9391E-08 1.7117E-08 1.4872E-08 1.2719E-08 1.0702E-08 8.8649E-09 7.2238E-09 5.7880E-09 4.5604E-09 3.5213E-09 2.6561E-09 1.9707E-09 1.4173E-09 1.0047E-09 6.8356E-10 4.5717E-10 2.8642E-10 1.6527E-10 8.6919E-11 3.5839E-11 1.1272E-11 0.0000E+00 0.0000E+00 0.0000E+00 0.0000E+00 0.0000E+00 0.0000E+00 0.0000E+00 0.0000E+00 0.0000E+00 0.0000E+00
4.2970E-09 5.1995E-09 6.2388E-09 7.4212E-09 8.7551E-09 1.0228E-08 1.1831E-08 1.3553E-08 1.5371E-08 1.7245E-08 1.9153E-08 2.1028E-08 2.2851E-08 2.4566E-08 2.6184E-08 2.7684E-08 2.9036E-08 3.0125E-08 3.0854E-08 3.1161E-08 3.1018E-08 3.0343E-08 2.9118E-08 2.7411E-08 2.5365E-08 2.3108E-08 2.0726E-08 1.8297E-08 1.5898E-08 1.3584E-08 1.1412E-08 9.4256E-09 7.6543E-09 6.1101E-09 4.7907E-09 3.6864E-09 2.7593E-09 2.0325E-09 1.4517E-09 1.0214E-09 6.8532E-10 4.5356E-10 2.7674E-10 1.5698E-10 7.7933E-11 3.3428E-11 9.0236E-12 0.0000E+00 0.0000E+00 0.0000E+00 0.0000E+00 0.0000E+00 0.0000E+00 0.0000E+00 0.0000E+00 0.0000E+00 0.0000E+00
4.1471E-09 5.0468E-09 6.0898E-09 7.2837E-09 8.6310E-09 1.0127E-08 1.1771E-08 1.3548E-08 1.5428E-08 1.7396E-08 1.9397E-08 2.1409E-08 2.3373E-08 2.5292E-08 2.7146E-08 2.8927E-08 3.0511E-08 3.1782E-08 3.2655E-08 3.3082E-08 3.2967E-08 3.2236E-08 3.0914E-08 2.9116E-08 2.6985E-08 2.4616E-08 2.2092E-08 1.9502E-08 1.6926E-08 1.4447E-08 1.2123E-08 9.9925E-09 8.0882E-09 6.4273E-09 5.0120E-09 3.8331E-09 2.8530E-09 2.0814E-09 1.4763E-09 1.0251E-09 6.8183E-10 4.4398E-10 2.6610E-10 1.4742E-10 7.1259E-11 2.9100E-11 6.0013E-12 0.0000E+00 0.0000E+00 0.0000E+00 0.0000E+00 0.0000E+00 0.0000E+00 0.0000E+00 0.0000E+00 0.0000E+00 0.0000E+00
