Assets/Resources/2015_m01_d03_1000(utc+0800)_l00_csi_1hr_conc.grd
DSAA
         159         159
     -79.000      79.000
     -79.000      79.000
  0.1721E-10  0.1820E-05
[rows 125 to 149 of 159, columns 57 to 113 of 159]
1.0382E-09 1.0811E-09 1.1273E-09 1.1759E-09 1.2225E-09 1.2711E-09 1.3216E-09 1.3740E-09 1.4284E-09 1.4846E-09 1.5583E-09 1.6559E-09 1.7434E-09 1.8500E-09 1.9613E-09 2.0725E-09 2.1960E-09 2.3155E-09 2.4439E-09 2.5788E-09 2.7124E-09 2.8512E-09 2.9947E-09 3.1424E-09 3.2937E-09 3.4555E-09 3.6254E-09 3.7950E-09 3.9700E-09 4.1580E-09 4.3448E-09 4.5234E-09 4.7081E-09 4.9008E-09 5.0852E-09 5.2646E-09 5.4370E-09 5.6053E-09 5.7939E-09 5.9756E-09 6.1547E-09 6.3285E-09 6.4857E-09 6.6317E-09 6.7619E-09 6.8740E-09 6.9683E-09 7.0442E-09 7.0978E-09 7.1287E-09 7.1373E-09 7.1250E-09 7.0934E-09 7.0460E-09 6.9876E-09 6.9188E-09 6.8399E-09
1.0191E-09 1.0620E-09 1.1061E-09 1.1516E-09 1.1971E-09 1.2443E-09 1.2934E-09 1.3443E-09 1.3971E-09 1.4516E-09 1.5306E-09 1.6060E-09 1.7039E-09 1.7888E-09 1.9072E-09 2.0150E-09 2.1279E-09 2.2499E-09 2.3706E-09 2.4997E-09 2.6346E-09 2.7665E-09 2.9028E-09 3.0428E-09 3.1861E-09 3.3321E-09 3.4848E-09 3.6489E-09 3.8099E-09 3.9698E-09 4.1422E-09 4.3191E-09 4.4857E-09 4.6498E-09 4.8144E-09 4.9804E-09 5.1377E-09 5.2886E-09 5.4393E-09 5.5962E-09 5.7512E-09 5.8988E-09 6.0407E-09 6.1678E-09 6.2839E-09 6.3857E-09 6.4729E-09 6.5440E-09 6.5980E-09 6.6327E-09 6.6467E-09 6.6421E-09 6.6221E-09 6.5878E-09 6.5445E-09 6.4925E-09 6.4327E-09
9.9907E-10 1.0410E-09 1.0851E-09 1.1276E-09 1.1718E-09 1.2177E-09 1.2654E-09 1.3148E-09 1.3660E-09 1.4188E-09 1.4882E-09 1.5693E-09 1.6388E-09 1.7388E-09 1.8320E-09 1.9540E-09 2.0608E-09 2.1759E-09 2.2996E-09 2.4206E-09 2.5495E-09 2.6834E-09 2.8127E-09 2.9455E-09 3.0812E-09 3.2193E-09 3.3592E-09 3.5028E-09 3.6566E-09 3.8110E-09 3.9587E-09 4.1128E-09 4.2716E-09 4.4258E-09 4.5732E-09 4.7159E-09 4.8560E-09 4.9958E-09 5.1280E-09 5.2615E-09 5.3969E-09 5.5302E-09 5.6565E-09 5.7748E-09 5.8789E-09 5.9711E-09 6.0517E-09 6.1186E-09 6.1712E-09 6.2068E-09 6.2262E-09 6.2282E-09 6.2191E-09 6.1957E-09 6.1626E-09 6.1211E-09 6.0703E-09
9.7827E-10 1.0193E-09 1.0623E-09 1.1037E-09 1.1467E-09 1.1913E-09 1.2376E-09 1.2856E-09 1.3352E-09 1.3863E-09 1.4540E-09 1.5114E-09 1.5965E-09 1.6851E-09 1.7718E-09 1.8848E-09 2.0005E-09 2.1121E-09 2.2273E-09 2.3443E-09 2.4649E-09 2.5926E-09 2.7246E-09 2.8505E-09 2.9791E-09 3.1097E-09 3.2420E-09 3.3752E-09 3.5092E-09 3.6501E-09 3.7969E-09 3.9343E-09 4.0689E-09 4.2059E-09 4.3474E-09 4.4794E-09 4.6060E-09 4.7278E-09 4.8446E-09 4.9570E-09 5.0750E-09 5.1928E-09 5.3088E-09 5.4110E-09 5.5041E-09 5.5873E-09 5.6614E-09 5.7241E-09 5.7747E-09 5.8101E-09 5.8334E-09 5.8400E-09 5.8361E-09 5.8186E-09 5.7930E-09 5.7587E-09 5.7160E-09
9.5763E-10 9.9772E-10 1.0388E-09 1.0800E-09 1.1218E-09 1.1651E-09 1.2101E-09 1.2566E-09 1.3046E-09 1.3542E-09 1.4051E-09 1.4755E-09 1.5481E-09 1.6220E-09 1.7140E-09 1.8075E-09 1.9196E-09 2.0384E-09 2.1512E-09 2.2671E-09 2.3834E-09 2.5027E-09 2.6286E-09 2.7580E-09 2.8797E-09 3.0033E-09 3.1284E-09 3.2543E-09 3.3805E-09 3.5042E-09 3.6285E-09 3.7596E-09 3.8912E-09 4.0137E-09 4.1323E-09 4.2513E-09 4.3724E-09 4.4851E-09 4.5907E-09 4.6918E-09 4.7882E-09 4.8910E-09 4.9892E-09 5.0829E-09 5.1651E-09 5.2393E-09 5.3052E-09 5.3620E-09 5.4086E-09 5.4444E-09 5.4697E-09 5.4795E-09 5.4815E-09 5.4703E-09 5.4524E-09 5.4288E-09 5.3994E-09
9.3619E-10 9.7535E-10 1.0163E-09 1.0553E-09 1.0971E-09 1.1392E-09 1.1828E-09 1.2279E-09 1.2744E-09 1.3223E-09 1.3716E-09 1.4316E-09 1.4954E-09 1.5701E-09 1.6454E-09 1.7403E-09 1.8359E-09 1.9566E-09 2.0723E-09 2.1929E-09 2.3015E-09 2.4165E-09 2.5338E-09 2.6571E-09 2.7832E-09 2.9002E-09 3.0184E-09 3.1364E-09 3.2526E-09 3.3683E-09 3.4831E-09 3.5956E-09 3.7086E-09 3.8266E-09 3.9413E-09 4.0493E-09 4.1517E-09 4.2511E-09 4.3510E-09 4.4458E-09 4.5340E-09 4.6173E-09 4.7076E-09 4.7913E-09 4.8645E-09 4.9303E-09 4.9892E-09 5.0410E-09 5.0831E-09 5.1161E-09 5.1410E-09 5.1547E-09 5.1613E-09 5.1568E-09 5.1463E-09 5.1290E-09 5.1042E-09
9.1595E-10 9.5417E-10 9.9208E-10 1.0321E-09 1.0726E-09 1.1135E-09 1.1558E-09 1.1995E-09 1.2445E-09 1.2909E-09 1.3386E-09 1.3875E-09 1.4584E-09 1.5132E-09 1.6033E-09 1.6721E-09 1.7639E-09 1.8687E-09 1.9849E-09 2.1018E-09 2.2230E-09 2.3302E-09 2.4432E-09 2.5580E-09 2.6781E-09 2.8001E-09 2.9095E-09 3.0188E-09 3.1282E-09 3.2370E-09 3.3429E-09 3.4471E-09 3.5497E-09 3.6500E-09 3.7497E-09 3.8527E-09 3.9511E-09 4.0441E-09 4.1318E-09 4.2156E-09 4.2951E-09 4.3714E-09 4.4443E-09 4.5185E-09 4.5849E-09 4.6439E-09 4.6966E-09 4.7431E-09 4.7822E-09 4.8135E-09 4.8372E-09 4.8540E-09 4.8635E-09 4.8622E-09 4.8549E-09 4.8411E-09 4.8210E-09
8.9591E-10 9.3107E-10 9.7011E-10 1.0090E-09 1.0472E-09 1.0881E-09 1.1291E-09 1.1714E-09 1.2150E-09 1.2599E-09 1.3059E-09 1.3531E-09 1.4014E-09 1.4747E-09 1.5288E-09 1.6222E-09 1.6910E-09 1.8032E-09 1.8912E-09 2.0091E-09 2.1265E-09 2.2354E-09 2.3530E-09 2.4504E-09 2.5739E-09 2.6873E-09 2.7892E-09 2.9052E-09 3.0068E-09 3.1069E-09 3.2061E-09 3.3043E-09 3.3992E-09 3.4915E-09 3.5817E-09 3.6694E-09 3.7537E-09 3.8416E-09 3.9253E-09 4.0032E-09 4.0763E-09 4.1465E-09 4.2118E-09 4.2758E-09 4.3398E-09 4.3936E-09 4.4421E-09 4.4853E-09 4.5223E-09 4.5518E-09 4.5751E-09 4.5921E-09 4.6029E-09 4.6037E-09 4.5992E-09 4.5911E-09 4.5773E-09
8.7475E-10 9.1116E-10 9.4707E-10 9.8387E-10 1.0233E-09 1.0616E-09 1.1027E-09 1.1437E-09 1.1859E-09 1.2292E-09 1.2737E-09 1.3192E-09 1.3658E-09 1.4254E-09 1.4889E-09 1.5486E-09 1.6386E-09 1.7070E-09 1.8014E-09 1.9099E-09 2.0034E-09 2.1463E-09 2.2537E-09 2.3561E-09 2.4594E-09 2.5782E-09 2.6731E-09 2.7801E-09 2.8871E-09 2.9813E-09 3.0740E-09 3.1640E-09 3.2524E-09 3.3392E-09 3.4232E-09 3.5038E-09 3.5818E-09 3.6571E-09 3.7294E-09 3.8006E-09 3.8705E-09 3.9360E-09 3.9973E-09 4.0533E-09 4.1064E-09 4.1555E-09 4.1995E-09 4.2382E-09 4.2714E-09 4.2984E-09 4.3207E-09 4.3373E-09 4.3481E-09 4.3533E-09 4.3531E-09 4.3473E-09 4.3363E-09
8.5008E-10 8.8817E-10 9.2352E-10 9.6134E-10 9.9696E-10 1.0368E-09 1.0751E-09 1.1163E-09 1.1571E-09 1.1990E-09 1.2419E-09 1.2858E-09 1.3307E-09 1.3764E-09 1.4367E-09 1.5007E-09 1.5602E-09 1.6521E-09 1.7199E-09 1.8229E-09 1.9246E-09 2.0174E-09 2.1317E-09 2.2629E-09 2.3615E-09 2.4594E-09 2.5712E-09 2.6589E-09 2.7598E-09 2.8457E-09 2.9439E-09 3.0284E-09 3.1114E-09 3.1912E-09 3.2687E-09 3.3443E-09 3.4174E-09 3.4881E-09 3.5560E-09 3.6210E-09 3.6827E-09 3.7410E-09 3.7965E-09 3.8490E-09 3.8971E-09 3.9412E-09 3.9814E-09 4.0177E-09 4.0494E-09 4.0761E-09 4.0973E-09 4.1137E-09 4.1246E-09 4.1303E-09 4.1305E-09 4.1264E-09 4.1172E-09
8.2960E-10 8.6039E-10 9.0230E-10 9.3529E-10 9.7364E-10 1.0107E-09 1.0493E-09 1.0892E-09 1.1287E-09 1.1691E-09 1.2106E-09 1.2530E-09 1.2962E-09 1.3403E-09 1.3851E-09 1.4458E-09 1.5102E-09 1.5691E-09 1.6627E-09 1.7296E-09 1.8336E-09 1.9353E-09 2.0270E-09 2.1376E-09 2.2638E-09 2.3429E-09 2.4492E-09 2.5292E-09 2.6345E-09 2.7141E-09 2.8067E-09 2.8972E-09 2.9731E-09 3.0476E-09 3.1203E-09 3.1911E-09 3.2598E-09 3.3262E-09 3.3899E-09 3.4509E-09 3.5088E-09 3.5636E-09 3.6150E-09 3.6629E-09 3.7071E-09 3.7474E-09 3.7840E-09 3.8167E-09 3.8453E-09 3.8701E-09 3.8901E-09 3.9058E-09 3.9166E-09 3.9229E-09 3.9255E-09 3.9237E-09 3.9175E-09
8.0361E-10 8.4048E-10 8.7652E-10 9.1335E-10 9.4759E-10 9.8513E-10 1.0222E-09 1.0609E-09 1.1007E-09 1.1397E-09 1.1797E-09 1.2206E-09 1.2623E-09 1.3047E-09 1.3479E-09 1.3916E-09 1.4526E-09 1.5172E-09 1.5755E-09 1.6703E-09 1.7361E-09 1.8405E-09 1.9294E-09 2.0163E-09 2.1089E-09 2.2332E-09 2.3298E-09 2.4283E-09 2.5022E-09 2.6011E-09 2.6731E-09 2.7571E-09 2.8276E-09 2.9098E-09 2.9780E-09 3.0444E-09 3.1089E-09 3.1710E-09 3.2308E-09 3.2881E-09 3.3424E-09 3.3938E-09 3.4421E-09 3.4871E-09 3.5287E-09 3.5668E-09 3.6013E-09 3.6321E-09 3.6590E-09 3.6822E-09 3.7012E-09 3.7162E-09 3.7273E-09 3.7343E-09 3.7371E-09 3.7357E-09 3.7303E-09
7.8486E-10 8.1739E-10 8.4962E-10 8.8862E-10 9.2367E-10 9.5952E-10 9.9568E-10 1.0346E-09 1.0712E-09 1.1108E-09 1.1494E-09 1.1888E-09 1.2290E-09 1.2699E-09 1.3114E-09 1.3534E-09 1.3960E-09 1.4571E-09 1.5217E-09 1.5791E-09 1.6749E-09 1.7394E-09 1.8075E-09 1.9281E-09 2.0118E-09 2.0990E-09 2.1900E-09 2.3077E-09 2.3742E-09 2.4660E-09 2.5444E-09 2.6234E-09 2.6887E-09 2.7659E-09 2.8293E-09 2.9040E-09 2.9643E-09 3.0226E-09 3.0787E-09 3.1322E-09 3.1831E-09 3.2313E-09 3.2766E-09 3.3189E-09 3.3581E-09 3.3939E-09 3.4265E-09 3.4556E-09 3.4812E-09 3.5031E-09 3.5213E-09 3.5359E-09 3.5466E-09 3.5534E-09 3.5563E-09 3.5554E-09 3.5506E-09
7.6419E-10 7.9243E-10 8.2661E-10 8.5809E-10 8.9950E-10 9.3316E-10 9.6913E-10 1.0052E-09 1.0441E-09 1.0803E-09 1.1196E-09 1.1576E-09 1.1963E-09 1.2356E-09 1.2756E-09 1.3161E-09 1.3570E-09 1.3982E-09 1.4593E-09 1.5238E-09 1.5802E-09 1.6764E-09 1.7391E-09 1.8038E-09 1.8944E-09 1.9999E-09 2.0708E-09 2.1406E-09 2.2372E-09 2.3371E-09 2.3975E-09 2.4839E-09 2.5564E-09 2.6291E-09 2.6876E-09 2.7577E-09 2.8137E-09 2.8806E-09 2.9329E-09 2.9830E-09 3.0308E-09 3.0759E-09 3.1184E-09 3.1580E-09 3.1949E-09 3.2287E-09 3.2594E-09 3.2869E-09 3.3110E-09 3.3319E-09 3.3493E-09 3.3632E-09 3.3735E-09 3.3802E-09 3.3832E-09 3.3826E-09 3.3783E-09
7.4099E-10 7.7209E-10 7.9937E-10 8.3560E-10 8.6582E-10 9.0812E-10 9.4173E-10 9.7979E-10 1.0136E-09 1.0524E-09 1.0881E-09 1.1269E-09 1.1642E-09 1.2021E-09 1.2405E-09 1.2795E-09 1.3188E-09 1.3585E-09 1.3983E-09 1.4593E-09 1.5234E-09 1.5786E-09 1.6490E-09 1.7329E-09 1.7948E-09 1.8554E-09 1.9799E-09 2.0334E-09 2.1109E-09 2.1644E-09 2.2690E-09 2.3514E-09 2.4186E-09 2.4867E-09 2.5530E-09 2.6188E-09 2.6704E-09 2.7203E-09 2.7815E-09 2.8278E-09 2.8850E-09 2.9273E-09 2.9671E-09 3.0044E-09 3.0390E-09 3.0708E-09 3.0997E-09 3.1256E-09 3.1485E-09 3.1683E-09 3.1847E-09 3.1979E-09 3.2078E-09 3.2143E-09 3.2173E-09 3.2169E-09 3.2132E-09
7.2190E-10 7.4669E-10 7.7982E-10 8.0563E-10 8.4433E-10 8.7406E-10 9.1583E-10 9.5093E-10 9.8744E-10 1.0208E-09 1.0594E-09 1.0945E-09 1.1327E-09 1.1692E-09 1.2062E-09 1.2437E-09 1.2815E-09 1.3196E-09 1.3579E-09 1.3964E-09 1.4569E-09 1.5205E-09 1.5633E-09 1.6415E-09 1.7210E-09 1.7668E-09 1.8358E-09 1.9074E-09 2.0041E-09 2.0534E-09 2.1269E-09 2.1874E-09 2.2753E-09 2.3517E-09 2.4130E-09 2.4745E-09 2.5342E-09 2.5804E-09 2.6377E-09 2.6805E-09 2.7214E-09 2.7732E-09 2.8101E-09 2.8576E-09 2.8901E-09 2.9200E-09 2.9472E-09 2.9716E-09 2.9932E-09 3.0118E-09 3.0275E-09 3.0400E-09 3.0494E-09 3.0556E-09 3.0587E-09 3.0585E-09 3.0550E-09
6.9441E-10 7.2831E-10 7.5788E-10 7.8556E-10 8.1116E-10 8.5065E-10 8.8023E-10 9.2258E-10 9.5759E-10 9.9393E-10 1.0289E-09 1.0650E-09 1.0994E-09 1.1370E-09 1.1726E-09 1.2086E-09 1.2450E-09 1.2816E-09 1.3185E-09 1.3554E-09 1.3925E-09 1.4295E-09 1.5139E-09 1.5537E-09 1.6050E-09 1.6694E-09 1.7470E-09 1.8014E-09 1.8556E-09 1.9349E-09 2.0169E-09 2.0618E-09 2.1307E-09 2.1862E-09 2.2418E-09 2.3379E-09 2.3810E-09 2.4351E-09 2.5010E-09 2.5407E-09 2.5786E-09 2.6273E-09 2.6616E-09 2.6936E-09 2.7234E-09 2.7638E-09 2.7891E-09 2.8246E-09 2.8449E-09 2.8625E-09 2.8772E-09 2.8891E-09 2.8980E-09 2.9040E-09 2.9070E-09 2.9069E-09 2.9037E-09
6.7037E-10 7.0363E-10 7.3294E-10 7.6286E-10 7.9058E-10 8.2538E-10 8.5611E-10 8.8725E-10 9.2829E-10 9.6312E-10 9.9922E-10 1.0337E-09 1.0693E-09 1.1029E-09 1.1397E-09 1.1744E-09 1.2093E-09 1.2446E-09 1.2800E-09 1.3155E-09 1.3510E-09 1.3865E-09 1.4220E-09 1.4805E-09 1.5406E-09 1.5892E-09 1.6266E-09 1.7241E-09 1.7635E-09 1.8259E-09 1.8654E-09 1.9524E-09 2.0179E-09 2.0697E-09 2.1220E-09 2.1723E-09 2.2104E-09 2.2597E-09 2.3483E-09 2.3963E-09 2.4310E-09 2.4890E-09 2.5208E-09 2.5505E-09 2.5782E-09 2.6037E-09 2.6398E-09 2.6609E-09 2.6796E-09 2.6958E-09 2.7094E-09 2.7204E-09 2.7413E-09 2.7469E-09 2.7496E-09 2.7496E-09 2.7467E-09
6.4866E-10 6.7318E-10 7.0729E-10 7.3691E-10 7.6713E-10 7.9484E-10 8.3001E-10 8.6065E-10 8.9164E-10 9.3293E-10 9.6749E-10 1.0032E-09 1.0371E-09 1.0721E-09 1.1049E-09 1.1409E-09 1.1745E-09 1.2083E-09 1.2424E-09 1.2765E-09 1.3106E-09 1.3445E-09 1.3780E-09 1.4113E-09 1.4673E-09 1.5247E-09 1.5593E-09 1.6053E-09 1.6638E-09 1.7345E-09 1.7702E-09 1.8289E-09 1.8753E-09 1.9468E-09 2.0074E-09 2.0542E-09 2.1014E-09 2.1469E-09 2.1801E-09 2.2119E-09 2.2548E-09 2.2840E-09 2.3500E-09 2.4029E-09 2.4403E-09 2.4641E-09 2.4857E-09 2.5181E-09 2.5356E-09 2.5507E-09 2.5634E-09 2.5737E-09 2.5815E-09 2.5867E-09 2.5893E-09 2.5894E-09 2.5869E-09
6.2707E-10 6.5599E-10 6.7731E-10 7.1030E-10 7.4018E-10 7.7230E-10 7.9827E-10 8.3376E-10 8.6425E-10 8.9501E-10 9.3644E-10 9.7065E-10 1.0060E-09 1.0393E-09 1.0735E-09 1.1053E-09 1.1405E-09 1.1730E-09 1.2057E-09 1.2384E-09 1.2707E-09 1.3030E-09 1.3351E-09 1.3669E-09 1.3981E-09 1.4290E-09 1.5058E-09 1.5382E-09 1.5811E-09 1.6126E-09 1.6676E-09 1.7350E-09 1.7668E-09 1.8215E-09 1.8639E-09 1.8948E-09 1.9618E-09 2.0173E-09 2.0589E-09 2.1002E-09 2.1401E-09 2.1671E-09 2.1927E-09 2.2290E-09 2.2518E-09 2.2728E-09 2.2920E-09 2.3216E-09 2.3373E-09 2.3630E-09 2.3748E-09 2.3844E-09 2.3918E-09 2.3971E-09 2.4000E-09 2.4008E-09 2.3992E-09
6.0933E-10 6.2845E-10 6.5788E-10 6.7901E-10 7.1917E-10 7.4271E-10 7.7515E-10 8.0086E-10 8.3867E-10 8.6684E-10 8.9732E-10 9.3879E-10 9.7258E-10 1.0045E-09 1.0374E-09 1.0734E-09 1.1043E-09 1.1385E-09 1.1696E-09 1.2006E-09 1.2315E-09 1.2625E-09 1.2929E-09 1.3231E-09 1.3529E-09 1.3824E-09 1.4110E-09 1.4617E-09 1.5135E-09 1.5428E-09 1.5826E-09 1.6107E-09 1.6733E-09 1.7257E-09 1.7651E-09 1.8050E-09 1.8437E-09 1.8709E-09 1.9087E-09 1.9588E-09 2.0085E-09 2.0447E-09 2.0795E-09 2.1141E-09 2.1352E-09 2.1547E-09 2.1726E-09 2.1888E-09 2.2032E-09 2.2278E-09 2.2385E-09 2.2473E-09 2.2541E-09 2.2588E-09 2.2615E-09 2.2622E-09 2.2607E-09
5.8877E-10 6.1031E-10 6.2925E-10 6.5913E-10 6.8006E-10 7.2300E-10 7.4448E-10 7.7718E-10 8.0257E-10 8.4067E-10 8.6842E-10 8.9854E-10 9.3995E-10 9.7325E-10 1.0045E-09 1.0366E-09 1.0687E-09 1.1012E-09 1.1308E-09 1.1636E-09 1.1932E-09 1.2224E-09 1.2514E-09 1.2803E-09 1.3085E-09 1.3361E-09 1.3632E-09 1.3900E-09 1.4159E-09 1.4638E-09 1.5126E-09 1.5387E-09 1.5756E-09 1.6008E-09 1.6364E-09 1.7085E-09 1.7335E-09 1.7690E-09 1.8156E-09 1.8392E-09 1.8617E-09 1.8948E-09 1.9155E-09 1.9349E-09 1.9892E-09 2.0313E-09 2.0590E-09 2.0740E-09 2.0874E-09 2.0990E-09 2.1089E-09 2.1291E-09 2.1354E-09 2.1398E-09 2.1424E-09 2.1310E-09 2.1298E-09
5.6495E-10 5.8912E-10 6.1072E-10 6.3571E-10 6.5975E-10 6.8042E-10 7.2439E-10 7.4545E-10 7.7834E-10 8.0337E-10 8.4166E-10 8.6894E-10 8.9865E-10 9.3991E-10 9.7264E-10 1.0028E-09 1.0337E-09 1.0647E-09 1.0961E-09 1.1241E-09 1.1552E-09 1.1832E-09 1.2109E-09 1.2378E-09 1.2644E-09 1.2907E-09 1.3165E-09 1.3413E-09 1.3657E-09 1.3896E-09 1.4128E-09 1.4581E-09 1.5042E-09 1.5276E-09 1.5616E-09 1.5839E-09 1.6055E-09 1.6377E-09 1.7059E-09 1.7380E-09 1.7586E-09 1.8009E-09 1.8201E-09 1.8381E-09 1.8550E-09 1.8821E-09 1.8966E-09 1.9098E-09 1.9215E-09 1.9432E-09 1.9521E-09 1.9595E-09 1.9766E-09 1.9809E-09 1.9836E-09 1.9845E-09 1.9839E-09
5.4522E-10 5.6445E-10 5.8891E-10 6.1053E-10 6.3566E-10 6.5969E-10 6.8813E-10 7.2501E-10 7.4560E-10 7.7862E-10 8.0322E-10 8.2796E-10 8.6838E-10 8.9763E-10 9.2545E-10 9.7002E-10 9.9941E-10 1.0290E-09 1.0586E-09 1.0884E-09 1.1151E-09 1.1444E-09 1.1703E-09 1.1959E-09 1.2213E-09 1.2459E-09 1.2699E-09 1.2935E-09 1.3167E-09 1.3392E-09 1.3612E-09 1.3826E-09 1.4035E-09 1.4461E-09 1.4892E-09 1.5099E-09 1.5412E-09 1.5609E-09 1.5800E-09 1.5982E-09 1.6270E-09 1.6675E-09 1.7186E-09 1.7350E-09 1.7612E-09 1.7873E-09 1.8007E-09 1.8129E-09 1.8237E-09 1.8333E-09 1.8414E-09 1.8481E-09 1.8533E-09 1.8571E-09 1.8594E-09 1.8603E-09 1.8596E-09
5.2383E-10 5.4415E-10 5.6524E-10 5.8811E-10 6.0974E-10 6.3496E-10 6.5895E-10 6.8757E-10 7.2481E-10 7.4490E-10 7.7799E-10 8.0212E-10 8.2634E-10 8.6378E-10 8.9280E-10 9.1946E-10 9.6254E-10 9.9381E-10 1.0191E-09 1.0504E-09 1.0751E-09 1.1029E-09 1.1275E-09 1.1548E-09 1.1783E-09 1.2015E-09 1.2244E-09 1.2467E-09 1.2684E-09 1.2898E-09 1.3107E-09 1.3309E-09 1.3506E-09 1.3697E-09 1.3883E-09 1.4064E-09 1.4465E-09 1.4870E-09 1.5046E-09 1.5328E-09 1.5493E-09 1.5651E-09 1.5800E-09 1.6051E-09 1.6184E-09 1.6308E-09 1.6531E-09 1.6869E-09 1.7305E-09 1.7393E-09 1.7468E-09 1.7530E-09 1.7579E-09 1.7614E-09 1.7636E-09 1.7644E-09 1.7638E-09
