Assets/Resources/2015_m01_d28_0800(utc+0800)_l00_csi_1hr_conc.grd
DSAA
         159         159
     -79.000      79.000
     -79.000      79.000
  0.0000E+00  0.9563E-06
[rows 25 to 49 of 159, columns 57 to 113 of 159]
2.5621E-09 3.4054E-09 4.4299E-09 5.6255E-09 6.9790E-09 8.4558E-09 9.9973E-09 1.1525E-08 1.2951E-08 1.4187E-08 1.5139E-08 1.5733E-08 1.5917E-08 1.5675E-08 1.5018E-08 1.3996E-08 1.2681E-08 1.1169E-08 9.5561E-09 7.9412E-09 6.4070E-09 5.0205E-09 3.8191E-09 2.8163E-09 2.0126E-09 1.4008E-09 9.3521E-10 5.9718E-10 2.9920E-10 1.1279E-10 3.8158E-11 3.9712E-12 1.3173E-12 1.4020E-13 0.0000E+00 0.0000E+00 0.0000E+00 0.0000E+00 0.0000E+00 0.0000E+00 0.0000E+00 0.0000E+00 0.0000E+00 0.0000E+00 0.0000E+00 0.0000E+00 0.0000E+00 0.0000E+00 0.0000E+00 0.0000E+00 0.0000E+00 0.0000E+00 0.0000E+00 0.0000E+00 0.0000E+00 0.0000E+00 0.0000E+00
2.3112E-09 3.1033E-09 4.0671E-09 5.2068E-09 6.5146E-09 7.9553E-09 9.4759E-09 1.1010E-08 1.2469E-08 1.3755E-08 1.4776E-08 1.5450E-08 1.5721E-08 1.5558E-08 1.4971E-08 1.3999E-08 1.2714E-08 1.1210E-08 9.5918E-09 7.9601E-09 6.4008E-09 4.9865E-09 3.7619E-09 2.7506E-09 1.9459E-09 1.3214E-09 8.6398E-10 5.2398E-10 2.3470E-10 7.2079E-11 9.7979E-12 1.4500E-12 2.5196E-13 0.0000E+00 0.0000E+00 0.0000E+00 0.0000E+00 0.0000E+00 0.0000E+00 0.0000E+00 0.0000E+00 0.0000E+00 0.0000E+00 0.0000E+00 0.0000E+00 0.0000E+00 0.0000E+00 0.0000E+00 0.0000E+00 0.0000E+00 0.0000E+00 0.0000E+00 0.0000E+00 0.0000E+00 0.0000E+00 0.0000E+00 0.0000E+00
2.0664E-09 2.7952E-09 3.6913E-09 4.7710E-09 6.0163E-09 7.4067E-09 8.8988E-09 1.0429E-08 1.1910E-08 1.3245E-08 1.4342E-08 1.5111E-08 1.5483E-08 1.5422E-08 1.4924E-08 1.4023E-08 1.2787E-08 1.1306E-08 9.6907E-09 8.0446E-09 6.4639E-09 5.0226E-09 3.7747E-09 2.7367E-09 1.9084E-09 1.2809E-09 8.1600E-10 4.8347E-10 2.1833E-10 3.4028E-11 1.3721E-12 2.7853E-13 0.0000E+00 0.0000E+00 0.0000E+00 0.0000E+00 0.0000E+00 0.0000E+00 0.0000E+00 0.0000E+00 0.0000E+00 0.0000E+00 0.0000E+00 0.0000E+00 0.0000E+00 0.0000E+00 0.0000E+00 0.0000E+00 0.0000E+00 0.0000E+00 0.0000E+00 0.0000E+00 0.0000E+00 0.0000E+00 0.0000E+00 0.0000E+00 0.0000E+00
1.8326E-09 2.4942E-09 3.3194E-09 4.3219E-09 5.4999E-09 6.8348E-09 8.2878E-09 9.8004E-09 1.1293E-08 1.2678E-08 1.3852E-08 1.4724E-08 1.5214E-08 1.5273E-08 1.4889E-08 1.4087E-08 1.2923E-08 1.1485E-08 9.8809E-09 8.2261E-09 6.6172E-09 5.1388E-09 3.8481E-09 2.7777E-09 1.9270E-09 1.2714E-09 7.9650E-10 4.6328E-10 1.9050E-10 2.9321E-11 2.2091E-13 0.0000E+00 0.0000E+00 0.0000E+00 0.0000E+00 0.0000E+00 0.0000E+00 0.0000E+00 0.0000E+00 0.0000E+00 0.0000E+00 0.0000E+00 0.0000E+00 0.0000E+00 0.0000E+00 0.0000E+00 0.0000E+00 0.0000E+00 0.0000E+00 0.0000E+00 0.0000E+00 0.0000E+00 0.0000E+00 0.0000E+00 0.0000E+00 0.0000E+00 0.0000E+00
1.6106E-09 2.2044E-09 2.9576E-09 3.8807E-09 4.9810E-09 6.2476E-09 7.6538E-09 9.1377E-09 1.0640E-08 1.2068E-08 1.3320E-08 1.4299E-08 1.4920E-08 1.5123E-08 1.4875E-08 1.4190E-08 1.3116E-08 1.1736E-08 1.0155E-08 8.4925E-09 6.8561E-09 5.3362E-09 4.0014E-09 2.8805E-09 1.9835E-09 1.3067E-09 8.1432E-10 4.6426E-10 2.2063E-10 4.7528E-11 0.0000E+00 0.0000E+00 0.0000E+00 0.0000E+00 0.0000E+00 0.0000E+00 0.0000E+00 0.0000E+00 0.0000E+00 0.0000E+00 0.0000E+00 0.0000E+00 0.0000E+00 0.0000E+00 0.0000E+00 0.0000E+00 0.0000E+00 0.0000E+00 0.0000E+00 0.0000E+00 0.0000E+00 0.0000E+00 0.0000E+00 0.0000E+00 0.0000E+00 0.0000E+00 0.0000E+00
1.3979E-09 1.9286E-09 2.6105E-09 3.4539E-09 4.4710E-09 5.6686E-09 7.0088E-09 8.4617E-09 9.9643E-09 1.1428E-08 1.2756E-08 1.3850E-08 1.4615E-08 1.4975E-08 1.4885E-08 1.4338E-08 1.3379E-08 1.2077E-08 1.0533E-08 8.8662E-09 7.1976E-09 5.6261E-09 4.2241E-09 3.0448E-09 2.1016E-09 1.3817E-09 8.5915E-10 4.9956E-10 2.5064E-10 5.7574E-11 3.5854E-12 0.0000E+00 0.0000E+00 0.0000E+00 0.0000E+00 0.0000E+00 0.0000E+00 0.0000E+00 0.0000E+00 0.0000E+00 0.0000E+00 0.0000E+00 0.0000E+00 0.0000E+00 0.0000E+00 0.0000E+00 0.0000E+00 0.0000E+00 0.0000E+00 0.0000E+00 0.0000E+00 0.0000E+00 0.0000E+00 0.0000E+00 0.0000E+00 0.0000E+00 0.0000E+00
1.1913E-09 1.6655E-09 2.2781E-09 3.0422E-09 3.9847E-09 5.0973E-09 6.3745E-09 7.7893E-09 9.2776E-09 1.0768E-08 1.2172E-08 1.3383E-08 1.4295E-08 1.4826E-08 1.4914E-08 1.4534E-08 1.3705E-08 1.2495E-08 1.1000E-08 9.3378E-09 7.6348E-09 6.0056E-09 4.5364E-09 3.2828E-09 2.2714E-09 1.5001E-09 9.4115E-10 5.4841E-10 2.9096E-10 9.3866E-11 5.5473E-12 0.0000E+00 0.0000E+00 0.0000E+00 0.0000E+00 0.0000E+00 0.0000E+00 0.0000E+00 0.0000E+00 0.0000E+00 0.0000E+00 0.0000E+00 0.0000E+00 0.0000E+00 0.0000E+00 0.0000E+00 0.0000E+00 0.0000E+00 0.0000E+00 0.0000E+00 0.0000E+00 0.0000E+00 0.0000E+00 0.0000E+00 0.0000E+00 0.0000E+00 0.0000E+00
9.9659E-10 1.4157E-09 1.9542E-09 2.6474E-09 3.5113E-09 4.5447E-09 5.7586E-09 7.1201E-09 8.5882E-09 1.0106E-08 1.1576E-08 1.2897E-08 1.3965E-08 1.4677E-08 1.4958E-08 1.4760E-08 1.4089E-08 1.2993E-08 1.1561E-08 9.9102E-09 8.1730E-09 6.4784E-09 4.9256E-09 3.5888E-09 2.5006E-09 1.6627E-09 1.0511E-09 6.3425E-10 3.4695E-10 1.1526E-10 1.6501E-11 1.2587E-12 0.0000E+00 0.0000E+00 0.0000E+00 0.0000E+00 0.0000E+00 0.0000E+00 0.0000E+00 0.0000E+00 0.0000E+00 0.0000E+00 0.0000E+00 0.0000E+00 0.0000E+00 0.0000E+00 0.0000E+00 0.0000E+00 0.0000E+00 0.0000E+00 0.0000E+00 0.0000E+00 0.0000E+00 0.0000E+00 0.0000E+00 0.0000E+00 0.0000E+00
8.1578E-10 1.1789E-09 1.6525E-09 2.2767E-09 3.0497E-09 4.0096E-09 5.1511E-09 6.4571E-09 7.9068E-09 9.4355E-09 1.0964E-08 1.2395E-08 1.3619E-08 1.4521E-08 1.5009E-08 1.5017E-08 1.4524E-08 1.3559E-08 1.2206E-08 1.0577E-08 8.8114E-09 7.0462E-09 5.4053E-09 3.9697E-09 2.7844E-09 1.8660E-09 1.1970E-09 7.2401E-10 4.0364E-10 1.6253E-10 3.5596E-11 4.1186E-12 0.0000E+00 0.0000E+00 0.0000E+00 0.0000E+00 0.0000E+00 0.0000E+00 0.0000E+00 0.0000E+00 0.0000E+00 0.0000E+00 0.0000E+00 0.0000E+00 0.0000E+00 0.0000E+00 0.0000E+00 0.0000E+00 0.0000E+00 0.0000E+00 0.0000E+00 0.0000E+00 0.0000E+00 0.0000E+00 0.0000E+00 0.0000E+00 0.0000E+00
6.5854E-10 9.6352E-10 1.3762E-09 1.9220E-09 2.6171E-09 3.5001E-09 4.5565E-09 5.8067E-09 7.2206E-09 8.7490E-09 1.0330E-08 1.1865E-08 1.3241E-08 1.4336E-08 1.5038E-08 1.5264E-08 1.4971E-08 1.4163E-08 1.2906E-08 1.1314E-08 9.5268E-09 7.6965E-09 5.9562E-09 4.4131E-09 3.1260E-09 2.1175E-09 1.3654E-09 8.3640E-10 4.7395E-10 2.0955E-10 5.3875E-11 9.2856E-12 0.0000E+00 0.0000E+00 0.0000E+00 0.0000E+00 0.0000E+00 0.0000E+00 0.0000E+00 0.0000E+00 0.0000E+00 0.0000E+00 0.0000E+00 0.0000E+00 0.0000E+00 0.0000E+00 0.0000E+00 0.0000E+00 0.0000E+00 0.0000E+00 0.0000E+00 0.0000E+00 0.0000E+00 0.0000E+00 0.0000E+00 0.0000E+00 0.0000E+00
5.1547E-10 7.7366E-10 1.1285E-09 1.5975E-09 2.2188E-09 3.0096E-09 3.9886E-09 5.1699E-09 6.5334E-09 8.0545E-09 9.6716E-09 1.1294E-08 1.2809E-08 1.4095E-08 1.5024E-08 1.5485E-08 1.5411E-08 1.4788E-08 1.3656E-08 1.2121E-08 1.0326E-08 8.4332E-09 6.5929E-09 4.9295E-09 3.5206E-09 2.4018E-09 1.5637E-09 9.6343E-10 5.5909E-10 2.6789E-10 8.0628E-11 1.6478E-11 0.0000E+00 0.0000E+00 0.0000E+00 0.0000E+00 0.0000E+00 0.0000E+00 0.0000E+00 0.0000E+00 0.0000E+00 0.0000E+00 0.0000E+00 0.0000E+00 0.0000E+00 0.0000E+00 0.0000E+00 0.0000E+00 0.0000E+00 0.0000E+00 0.0000E+00 0.0000E+00 0.0000E+00 0.0000E+00 0.0000E+00 0.0000E+00 0.0000E+00
3.8774E-10 6.0977E-10 9.0586E-10 1.3086E-09 1.8533E-09 2.5558E-09 3.4537E-09 4.5529E-09 5.8573E-09 7.3529E-09 8.9834E-09 1.0675E-08 1.2321E-08 1.3790E-08 1.4941E-08 1.5647E-08 1.5810E-08 1.5389E-08 1.4410E-08 1.2961E-08 1.1176E-08 9.2309E-09 7.2940E-09 5.5106E-09 3.9754E-09 2.7331E-09 1.7849E-09 1.1081E-09 6.4438E-10 3.3005E-10 1.1566E-10 2.5396E-11 0.0000E+00 0.0000E+00 0.0000E+00 0.0000E+00 0.0000E+00 0.0000E+00 0.0000E+00 0.0000E+00 0.0000E+00 0.0000E+00 0.0000E+00 0.0000E+00 0.0000E+00 0.0000E+00 0.0000E+00 0.0000E+00 0.0000E+00 0.0000E+00 0.0000E+00 0.0000E+00 0.0000E+00 0.0000E+00 0.0000E+00 0.0000E+00 0.0000E+00
2.8227E-10 4.6229E-10 7.1263E-10 1.0585E-09 1.5224E-09 2.1441E-09 2.9539E-09 3.9634E-09 5.2032E-09 6.6504E-09 8.2737E-09 1.0015E-08 1.1769E-08 1.3404E-08 1.4771E-08 1.5726E-08 1.6154E-08 1.5972E-08 1.5178E-08 1.3840E-08 1.2095E-08 1.0112E-08 8.0788E-09 6.1598E-09 4.4754E-09 3.1012E-09 2.0422E-09 1.2768E-09 7.5116E-10 3.9542E-10 1.5270E-10 4.0023E-11 0.0000E+00 0.0000E+00 0.0000E+00 0.0000E+00 0.0000E+00 0.0000E+00 0.0000E+00 0.0000E+00 0.0000E+00 0.0000E+00 0.0000E+00 0.0000E+00 0.0000E+00 0.0000E+00 0.0000E+00 0.0000E+00 0.0000E+00 0.0000E+00 0.0000E+00 0.0000E+00 0.0000E+00 0.0000E+00 0.0000E+00 0.0000E+00 0.0000E+00
1.9371E-10 3.3853E-10 5.5285E-10 8.3589E-10 1.2340E-09 1.7771E-09 2.4926E-09 3.4160E-09 4.5695E-09 5.9518E-09 7.5542E-09 9.3176E-09 1.1152E-08 1.2935E-08 1.4516E-08 1.5730E-08 1.6427E-08 1.6502E-08 1.5926E-08 1.4736E-08 1.3049E-08 1.1047E-08 8.9294E-09 6.8773E-09 5.0463E-09 3.5197E-09 2.3298E-09 1.4634E-09 8.6595E-10 4.6344E-10 1.9795E-10 5.4505E-11 0.0000E+00 0.0000E+00 0.0000E+00 0.0000E+00 0.0000E+00 0.0000E+00 0.0000E+00 0.0000E+00 0.0000E+00 0.0000E+00 0.0000E+00 0.0000E+00 0.0000E+00 0.0000E+00 0.0000E+00 0.0000E+00 0.0000E+00 0.0000E+00 0.0000E+00 0.0000E+00 0.0000E+00 0.0000E+00 0.0000E+00 0.0000E+00 0.0000E+00
1.2245E-10 2.3216E-10 4.0158E-10 6.5766E-10 9.8855E-10 1.4498E-09 2.0792E-09 2.9108E-09 3.9716E-09 5.2826E-09 6.8348E-09 8.5937E-09 1.0488E-08 1.2400E-08 1.4174E-08 1.5635E-08 1.6615E-08 1.6979E-08 1.6649E-08 1.5641E-08 1.4051E-08 1.2049E-08 9.8476E-09 7.6608E-09 5.6640E-09 3.9817E-09 2.6564E-09 1.6755E-09 9.9661E-10 5.4800E-10 2.4764E-10 6.9470E-11 0.0000E+00 0.0000E+00 0.0000E+00 0.0000E+00 0.0000E+00 0.0000E+00 0.0000E+00 0.0000E+00 0.0000E+00 0.0000E+00 0.0000E+00 0.0000E+00 0.0000E+00 0.0000E+00 0.0000E+00 0.0000E+00 0.0000E+00 0.0000E+00 0.0000E+00 0.0000E+00 0.0000E+00 0.0000E+00 0.0000E+00 0.0000E+00 0.0000E+00
7.1743E-11 1.5073E-10 2.8506E-10 4.8850E-10 7.7719E-10 1.1747E-09 1.7177E-09 2.4544E-09 3.4161E-09 4.6377E-09 6.1246E-09 7.8632E-09 9.7887E-09 1.1802E-08 1.3749E-08 1.5457E-08 1.6730E-08 1.7402E-08 1.7353E-08 1.6557E-08 1.5088E-08 1.3111E-08 1.0843E-08 8.5246E-09 6.3638E-09 4.4990E-09 3.0103E-09 1.9042E-09 1.1359E-09 6.3301E-10 2.9340E-10 8.8928E-11 0.0000E+00 0.0000E+00 0.0000E+00 0.0000E+00 0.0000E+00 0.0000E+00 0.0000E+00 0.0000E+00 0.0000E+00 0.0000E+00 0.0000E+00 0.0000E+00 0.0000E+00 0.0000E+00 0.0000E+00 0.0000E+00 0.0000E+00 0.0000E+00 0.0000E+00 0.0000E+00 0.0000E+00 0.0000E+00 0.0000E+00 0.0000E+00 0.0000E+00
3.6238E-11 9.0802E-11 1.9094E-10 3.4849E-10 5.8977E-10 9.2855E-10 1.3957E-09 2.0456E-09 2.9122E-09 4.0392E-09 5.4465E-09 7.1355E-09 9.0672E-09 1.1153E-08 1.3261E-08 1.5206E-08 1.6767E-08 1.7750E-08 1.8001E-08 1.7453E-08 1.6141E-08 1.4214E-08 1.1898E-08 9.4474E-09 7.1084E-09 5.0640E-09 3.4038E-09 2.1566E-09 1.2853E-09 7.1458E-10 3.5514E-10 8.3258E-11 1.2116E-12 0.0000E+00 0.0000E+00 0.0000E+00 0.0000E+00 0.0000E+00 0.0000E+00 0.0000E+00 0.0000E+00 0.0000E+00 0.0000E+00 0.0000E+00 0.0000E+00 0.0000E+00 0.0000E+00 0.0000E+00 0.0000E+00 0.0000E+00 0.0000E+00 0.0000E+00 0.0000E+00 0.0000E+00 0.0000E+00 0.0000E+00 0.0000E+00
1.3253E-11 4.8336E-11 1.2037E-10 2.4092E-10 4.2788E-10 7.2154E-10 1.1190E-09 1.6832E-09 2.4512E-09 3.4763E-09 4.7967E-09 6.4234E-09 8.3407E-09 1.0482E-08 1.2719E-08 1.4869E-08 1.6718E-08 1.8033E-08 1.8615E-08 1.8350E-08 1.7234E-08 1.5384E-08 1.3033E-08 1.0453E-08 7.9258E-09 5.6702E-09 3.8191E-09 2.4223E-09 1.4379E-09 7.9954E-10 3.9759E-10 7.9103E-11 1.0719E-12 0.0000E+00 0.0000E+00 0.0000E+00 0.0000E+00 0.0000E+00 0.0000E+00 0.0000E+00 0.0000E+00 0.0000E+00 0.0000E+00 0.0000E+00 0.0000E+00 0.0000E+00 0.0000E+00 0.0000E+00 0.0000E+00 0.0000E+00 0.0000E+00 0.0000E+00 0.0000E+00 0.0000E+00 0.0000E+00 0.0000E+00 0.0000E+00
3.7284E-12 2.0708E-11 6.6687E-11 1.5733E-10 3.0307E-10 5.3597E-10 8.7981E-10 1.3649E-09 2.0418E-09 2.9676E-09 4.1889E-09 5.7379E-09 7.6163E-09 9.7783E-09 1.2126E-08 1.4477E-08 1.6606E-08 1.8256E-08 1.9186E-08 1.9224E-08 1.8330E-08 1.6590E-08 1.4219E-08 1.1514E-08 8.7946E-09 6.3186E-09 4.2641E-09 2.6978E-09 1.5948E-09 8.7755E-10 4.4212E-10 7.0766E-11 7.5846E-13 0.0000E+00 0.0000E+00 0.0000E+00 0.0000E+00 0.0000E+00 0.0000E+00 0.0000E+00 0.0000E+00 0.0000E+00 0.0000E+00 0.0000E+00 0.0000E+00 0.0000E+00 0.0000E+00 0.0000E+00 0.0000E+00 0.0000E+00 0.0000E+00 0.0000E+00 0.0000E+00 0.0000E+00 0.0000E+00 0.0000E+00 0.0000E+00
0.0000E+00 7.7264E-12 3.3246E-11 9.3355E-11 2.0510E-10 3.8631E-10 6.7164E-10 1.0893E-09 1.6805E-09 2.5004E-09 3.6210E-09 5.0829E-09 6.9046E-09 9.0734E-09 1.1501E-08 1.4025E-08 1.6417E-08 1.8399E-08 1.9702E-08 2.0090E-08 1.9456E-08 1.7846E-08 1.5468E-08 1.2638E-08 9.7085E-09 6.9936E-09 4.7192E-09 2.9733E-09 1.7475E-09 9.5096E-10 4.7043E-10 5.5003E-11 3.6954E-13 0.0000E+00 0.0000E+00 0.0000E+00 0.0000E+00 0.0000E+00 0.0000E+00 0.0000E+00 0.0000E+00 0.0000E+00 0.0000E+00 0.0000E+00 0.0000E+00 0.0000E+00 0.0000E+00 0.0000E+00 0.0000E+00 0.0000E+00 0.0000E+00 0.0000E+00 0.0000E+00 0.0000E+00 0.0000E+00 0.0000E+00 0.0000E+00
0.0000E+00 2.5400E-12 1.5428E-11 5.0040E-11 1.3128E-10 2.6727E-10 4.9401E-10 8.4736E-10 1.3599E-09 2.0871E-09 3.1005E-09 4.4614E-09 6.2114E-09 8.3574E-09 1.0835E-08 1.3514E-08 1.6165E-08 1.8491E-08 2.0171E-08 2.0921E-08 2.0577E-08 1.9136E-08 1.6770E-08 1.3817E-08 1.0671E-08 7.7090E-09 5.1947E-09 3.2547E-09 1.8946E-09 1.0153E-09 4.9212E-10 5.0109E-11 0.0000E+00 0.0000E+00 0.0000E+00 0.0000E+00 0.0000E+00 0.0000E+00 0.0000E+00 0.0000E+00 0.0000E+00 0.0000E+00 0.0000E+00 0.0000E+00 0.0000E+00 0.0000E+00 0.0000E+00 0.0000E+00 0.0000E+00 0.0000E+00 0.0000E+00 0.0000E+00 0.0000E+00 0.0000E+00 0.0000E+00 0.0000E+00 0.0000E+00
0.0000E+00 0.0000E+00 5.8300E-12 2.4280E-11 7.6868E-11 1.7867E-10 3.5314E-10 6.3399E-10 1.0762E-09 1.7118E-09 2.6188E-09 3.8698E-09 5.5319E-09 7.6332E-09 1.0136E-08 1.2938E-08 1.5818E-08 1.8472E-08 2.0547E-08 2.1703E-08 2.1685E-08 2.0436E-08 1.8110E-08 1.5043E-08 1.1668E-08 8.4360E-09 5.6689E-09 3.5263E-09 2.0272E-09 1.0705E-09 5.0578E-10 3.8369E-11 0.0000E+00 0.0000E+00 0.0000E+00 0.0000E+00 0.0000E+00 0.0000E+00 0.0000E+00 0.0000E+00 0.0000E+00 0.0000E+00 0.0000E+00 0.0000E+00 0.0000E+00 0.0000E+00 0.0000E+00 0.0000E+00 0.0000E+00 0.0000E+00 0.0000E+00 0.0000E+00 0.0000E+00 0.0000E+00 0.0000E+00 0.0000E+00 0.0000E+00
0.0000E+00 0.0000E+00 0.0000E+00 8.5258E-12 3.6062E-11 1.1112E-10 2.4144E-10 4.6134E-10 8.1922E-10 1.3736E-09 2.1789E-09 3.3153E-09 4.8678E-09 6.8902E-09 9.3908E-09 1.2284E-08 1.5368E-08 1.8350E-08 2.0831E-08 2.2411E-08 2.2769E-08 2.1760E-08 1.9492E-08 1.6312E-08 1.2713E-08 9.1883E-09 6.1477E-09 3.7955E-09 2.1518E-09 1.1135E-09 5.0527E-10 3.4671E-11 0.0000E+00 0.0000E+00 0.0000E+00 0.0000E+00 0.0000E+00 0.0000E+00 0.0000E+00 0.0000E+00 0.0000E+00 0.0000E+00 0.0000E+00 0.0000E+00 0.0000E+00 0.0000E+00 0.0000E+00 0.0000E+00 0.0000E+00 0.0000E+00 0.0000E+00 0.0000E+00 0.0000E+00 0.0000E+00 0.0000E+00 0.0000E+00 0.0000E+00
0.0000E+00 0.0000E+00 0.0000E+00 0.0000E+00 1.1505E-11 5.7785E-11 1.5529E-10 3.2611E-10 6.0937E-10 1.0675E-09 1.7708E-09 2.7880E-09 4.2206E-09 6.1441E-09 8.6003E-09 1.1539E-08 1.4795E-08 1.8077E-08 2.0968E-08 2.3003E-08 2.3765E-08 2.3041E-08 2.0880E-08 1.7606E-08 1.3774E-08 9.9585E-09 6.6268E-09 4.0474E-09 2.2559E-09 1.1412E-09 5.0172E-10 2.3578E-11 0.0000E+00 0.0000E+00 0.0000E+00 0.0000E+00 0.0000E+00 0.0000E+00 0.0000E+00 0.0000E+00 0.0000E+00 0.0000E+00 0.0000E+00 0.0000E+00 0.0000E+00 0.0000E+00 0.0000E+00 0.0000E+00 0.0000E+00 0.0000E+00 0.0000E+00 0.0000E+00 0.0000E+00 0.0000E+00 0.0000E+00 0.0000E+00 0.0000E+00
0.0000E+00 0.0000E+00 0.0000E+00 0.0000E+00 0.0000E+00 1.5190E-11 8.7141E-11 2.1920E-10 4.3980E-10 8.1009E-10 1.4012E-09 2.2986E-09 3.5982E-09 5.3928E-09 7.7656E-09 1.0709E-08 1.4099E-08 1.7647E-08 2.0936E-08 2.3442E-08 2.4668E-08 2.4284E-08 2.2270E-08 1.8936E-08 1.4864E-08 1.0737E-08 7.1046E-09 4.2869E-09 2.3540E-09 1.1605E-09 4.8329E-10 1.4251E-11 0.0000E+00 0.0000E+00 0.0000E+00 0.0000E+00 0.0000E+00 0.0000E+00 0.0000E+00 0.0000E+00 0.0000E+00 0.0000E+00 0.0000E+00 0.0000E+00 0.0000E+00 0.0000E+00 0.0000E+00 0.0000E+00 0.0000E+00 0.0000E+00 0.0000E+00 0.0000E+00 0.0000E+00 0.0000E+00 0.0000E+00 0.0000E+00 0.0000E+00
