Assets/Resources/2015_m01_d12_0100(utc+0800)_l00_csi_1hr_conc.grd
DSAA
         159         159
     -79.000      79.000
     -79.000      79.000
  0.0000E+00  0.3637E-05
[rows 0 to 24 of 159, columns 57 to 113 of 159]
2.9553E-09 3.3592E-09 3.8169E-09 4.3136E-09 4.8532E-09 5.4312E-09 6.0535E-09 6.7173E-09 7.4233E-09 8.1633E-09 8.9327E-09 9.7376E-09 1.0564E-08 1.1407E-08 1.2259E-08 1.3123E-08 1.3978E-08 1.4789E-08 1.5555E-08 1.6269E-08 1.6914E-08 1.7477E-08 1.7946E-08 1.8316E-08 1.8538E-08 1.8631E-08 1.8604E-08 1.8453E-08 1.8177E-08 1.7776E-08 1.7256E-08 1.6619E-08 1.5872E-08 1.5029E-08 1.4103E-08 1.3108E-08 1.2064E-08 1.0989E-08 9.9050E-09 8.8297E-09 7.7845E-09 6.7902E-09 5.8607E-09 5.0065E-09 4.2282E-09 3.5281E-09 2.9093E-09 2.3695E-09 1.9027E-09 1.5018E-09 1.1657E-09 8.7651E-10 6.5066E-10 4.6806E-10 3.2327E-10 2.1756E-10 1.3318E-10
2.9892E-09 3.4002E-09 3.8670E-09 4.3718E-09 4.9240E-09 5.5166E-09 6.1558E-09 6.8371E-09 7.5642E-09 8.3316E-09 9.1366E-09 9.9709E-09 1.0835E-08 1.1726E-08 1.2624E-08 1.3539E-08 1.4439E-08 1.5307E-08 1.6136E-08 1.6916E-08 1.7627E-08 1.8263E-08 1.8811E-08 1.9254E-08 1.9538E-08 1.9701E-08 1.9736E-08 1.9639E-08 1.9408E-08 1.9042E-08 1.8539E-08 1.7905E-08 1.7148E-08 1.6278E-08 1.5309E-08 1.4256E-08 1.3142E-08 1.1988E-08 1.0821E-08 9.6591E-09 8.5269E-09 7.4470E-09 6.4335E-09 5.4981E-09 4.6438E-09 3.8762E-09 3.1950E-09 2.5997E-09 2.0863E-09 1.6488E-09 1.2795E-09 9.6403E-10 7.1545E-10 5.0958E-10 3.5653E-10 2.3931E-10 1.4806E-10
3.0006E-09 3.4145E-09 3.8887E-09 4.4013E-09 4.9624E-09 5.5642E-09 6.2146E-09 6.9120E-09 7.6543E-09 8.4371E-09 9.2688E-09 1.0138E-08 1.1040E-08 1.1961E-08 1.2898E-08 1.3859E-08 1.4806E-08 1.5727E-08 1.6618E-08 1.7462E-08 1.8250E-08 1.8965E-08 1.9595E-08 2.0106E-08 2.0470E-08 2.0709E-08 2.0819E-08 2.0789E-08 2.0614E-08 2.0292E-08 1.9820E-08 1.9199E-08 1.8440E-08 1.7548E-08 1.6538E-08 1.5430E-08 1.4249E-08 1.3018E-08 1.1768E-08 1.0519E-08 9.2948E-09 8.1276E-09 7.0275E-09 6.0087E-09 5.0757E-09 4.2353E-09 3.4904E-09 2.8394E-09 2.2755E-09 1.7956E-09 1.3943E-09 1.0542E-09 7.7600E-10 5.5628E-10 3.9160E-10 2.6062E-10 1.6519E-10
2.9896E-09 3.4039E-09 3.8810E-09 4.3955E-09 4.9634E-09 5.5674E-09 6.2255E-09 6.9317E-09 7.6870E-09 8.4896E-09 9.3378E-09 1.0226E-08 1.1159E-08 1.2108E-08 1.3077E-08 1.4074E-08 1.5065E-08 1.6040E-08 1.6991E-08 1.7905E-08 1.8767E-08 1.9565E-08 2.0282E-08 2.0867E-08 2.1321E-08 2.1655E-08 2.1851E-08 2.1903E-08 2.1800E-08 2.1532E-08 2.1101E-08 2.0505E-08 1.9749E-08 1.8839E-08 1.7795E-08 1.6637E-08 1.5392E-08 1.4086E-08 1.2752E-08 1.1414E-08 1.0098E-08 8.8383E-09 7.6455E-09 6.5365E-09 5.5206E-09 4.6040E-09 3.7912E-09 3.0823E-09 2.4699E-09 1.9468E-09 1.5088E-09 1.1452E-09 8.3811E-10 6.0280E-10 4.2309E-10 2.8186E-10 1.8101E-10
2.9565E-09 3.3732E-09 3.8434E-09 4.3565E-09 4.9244E-09 5.5301E-09 6.1892E-09 6.8983E-09 7.6573E-09 8.4732E-09 9.3377E-09 1.0249E-08 1.1189E-08 1.2150E-08 1.3154E-08 1.4182E-08 1.5215E-08 1.6238E-08 1.7251E-08 1.8232E-08 1.9170E-08 2.0053E-08 2.0858E-08 2.1526E-08 2.2081E-08 2.2516E-08 2.2809E-08 2.2946E-08 2.2924E-08 2.2726E-08 2.2347E-08 2.1783E-08 2.1036E-08 2.0117E-08 1.9046E-08 1.7843E-08 1.6539E-08 1.5164E-08 1.3749E-08 1.2321E-08 1.0915E-08 9.5593E-09 8.2729E-09 7.0746E-09 5.9742E-09 4.9798E-09 4.0973E-09 3.3264E-09 2.6632E-09 2.0987E-09 1.6236E-09 1.2300E-09 9.0271E-10 6.4986E-10 4.5406E-10 3.0502E-10 1.9645E-10
2.9041E-09 3.3132E-09 3.7772E-09 4.2877E-09 4.8478E-09 5.4517E-09 6.1035E-09 6.8135E-09 7.5761E-09 8.3921E-09 9.2599E-09 1.0178E-08 1.1126E-08 1.2097E-08 1.3121E-08 1.4180E-08 1.5247E-08 1.6322E-08 1.7387E-08 1.8434E-08 1.9450E-08 2.0417E-08 2.1309E-08 2.2078E-08 2.2741E-08 2.3278E-08 2.3682E-08 2.3928E-08 2.4000E-08 2.3883E-08 2.3565E-08 2.3040E-08 2.2314E-08 2.1396E-08 2.0305E-08 1.9065E-08 1.7704E-08 1.6257E-08 1.4764E-08 1.3246E-08 1.1745E-08 1.0289E-08 8.9078E-09 7.6158E-09 6.4291E-09 5.3571E-09 4.4039E-09 3.5718E-09 2.8547E-09 2.2480E-09 1.7396E-09 1.3134E-09 9.6512E-10 6.9745E-10 4.8389E-10 3.2827E-10 2.1512E-10
2.8287E-09 3.2290E-09 3.6861E-09 4.1846E-09 4.7348E-09 5.3279E-09 5.9736E-09 6.6737E-09 7.4344E-09 8.2484E-09 9.1156E-09 1.0022E-08 1.0963E-08 1.1943E-08 1.2987E-08 1.4064E-08 1.5167E-08 1.6280E-08 1.7397E-08 1.8510E-08 1.9599E-08 2.0658E-08 2.1633E-08 2.2504E-08 2.3284E-08 2.3948E-08 2.4472E-08 2.4831E-08 2.5006E-08 2.4978E-08 2.4731E-08 2.4259E-08 2.3563E-08 2.2656E-08 2.1551E-08 2.0277E-08 1.8868E-08 1.7355E-08 1.5776E-08 1.4172E-08 1.2576E-08 1.1022E-08 9.5439E-09 8.1573E-09 6.8809E-09 5.7284E-09 4.7059E-09 3.8128E-09 3.0439E-09 2.3913E-09 1.8490E-09 1.3963E-09 1.0266E-09 7.4059E-10 5.1650E-10 3.5002E-10 2.3300E-10
2.7330E-09 3.1221E-09 3.5661E-09 4.0506E-09 4.5881E-09 5.1652E-09 5.7985E-09 6.4894E-09 7.2338E-09 8.0374E-09 8.8877E-09 9.7848E-09 1.0719E-08 1.1697E-08 1.2746E-08 1.3843E-08 1.4966E-08 1.6117E-08 1.7282E-08 1.8454E-08 1.9621E-08 2.0759E-08 2.1825E-08 2.2818E-08 2.3720E-08 2.4508E-08 2.5159E-08 2.5644E-08 2.5935E-08 2.6007E-08 2.5844E-08 2.5436E-08 2.4782E-08 2.3892E-08 2.2783E-08 2.1481E-08 2.0022E-08 1.8447E-08 1.6791E-08 1.5096E-08 1.3399E-08 1.1747E-08 1.0169E-08 8.6903E-09 7.3259E-09 6.0915E-09 4.9977E-09 4.0446E-09 3.2259E-09 2.5319E-09 1.9522E-09 1.4738E-09 1.0900E-09 7.8070E-10 5.4602E-10 3.7378E-10 2.4866E-10
2.6195E-09 2.9945E-09 3.4219E-09 3.8889E-09 4.4083E-09 4.9667E-09 5.5830E-09 6.2582E-09 6.9814E-09 7.7629E-09 8.5894E-09 9.4622E-09 1.0384E-08 1.1361E-08 1.2409E-08 1.3511E-08 1.4654E-08 1.5835E-08 1.7042E-08 1.8272E-08 1.9504E-08 2.0735E-08 2.1897E-08 2.3000E-08 2.4031E-08 2.4960E-08 2.5751E-08 2.6369E-08 2.6786E-08 2.6970E-08 2.6901E-08 2.6568E-08 2.5966E-08 2.5097E-08 2.3987E-08 2.2665E-08 2.1164E-08 1.9526E-08 1.7790E-08 1.5998E-08 1.4214E-08 1.2462E-08 1.0782E-08 9.2051E-09 7.7528E-09 6.4415E-09 5.2769E-09 4.2640E-09 3.3962E-09 2.6626E-09 2.0522E-09 1.5489E-09 1.1461E-09 8.1544E-10 5.7574E-10 3.9653E-10 2.6186E-10
2.4906E-09 2.8484E-09 3.2559E-09 3.7025E-09 4.2003E-09 4.7375E-09 5.3284E-09 5.9798E-09 6.6767E-09 7.4281E-09 8.2265E-09 9.0775E-09 9.9733E-09 1.0936E-08 1.1977E-08 1.3079E-08 1.4235E-08 1.5437E-08 1.6684E-08 1.7958E-08 1.9270E-08 2.0571E-08 2.1832E-08 2.3066E-08 2.4236E-08 2.5305E-08 2.6240E-08 2.7004E-08 2.7554E-08 2.7861E-08 2.7899E-08 2.7647E-08 2.7102E-08 2.6269E-08 2.5167E-08 2.3827E-08 2.2283E-08 2.0582E-08 1.8768E-08 1.6890E-08 1.5001E-08 1.3150E-08 1.1373E-08 9.7008E-09 8.1598E-09 6.7699E-09 5.5384E-09 4.4695E-09 3.5515E-09 2.7839E-09 2.1476E-09 1.6203E-09 1.1907E-09 8.5858E-10 6.0424E-10 4.1793E-10 2.7839E-10
2.3494E-09 2.6863E-09 3.0726E-09 3.4945E-09 3.9673E-09 4.4788E-09 5.0419E-09 5.6604E-09 6.3252E-09 7.0391E-09 7.8070E-09 8.6284E-09 9.5023E-09 1.0440E-08 1.1459E-08 1.2555E-08 1.3712E-08 1.4939E-08 1.6205E-08 1.7540E-08 1.8905E-08 2.0283E-08 2.1662E-08 2.3017E-08 2.4323E-08 2.5543E-08 2.6630E-08 2.7544E-08 2.8241E-08 2.8679E-08 2.8831E-08 2.8670E-08 2.8187E-08 2.7395E-08 2.6306E-08 2.4954E-08 2.3378E-08 2.1613E-08 1.9717E-08 1.7744E-08 1.5760E-08 1.3810E-08 1.1933E-08 1.0165E-08 8.5385E-09 7.0738E-09 5.7794E-09 4.6554E-09 3.6963E-09 2.8945E-09 2.2322E-09 1.6785E-09 1.2400E-09 8.9481E-10 6.2808E-10 4.3607E-10 2.9097E-10
2.1973E-09 2.5099E-09 2.8741E-09 3.2697E-09 3.7133E-09 4.1953E-09 4.7303E-09 5.3071E-09 5.9360E-09 6.6110E-09 7.3410E-09 8.1248E-09 8.9658E-09 9.8719E-09 1.0869E-08 1.1951E-08 1.3111E-08 1.4331E-08 1.5639E-08 1.6998E-08 1.8434E-08 1.9895E-08 2.1375E-08 2.2859E-08 2.4310E-08 2.5684E-08 2.6931E-08 2.8002E-08 2.8850E-08 2.9429E-08 2.9698E-08 2.9635E-08 2.9226E-08 2.8478E-08 2.7411E-08 2.6045E-08 2.4423E-08 2.2602E-08 2.0631E-08 1.8568E-08 1.6485E-08 1.4428E-08 1.2451E-08 1.0595E-08 8.8866E-09 7.3481E-09 5.9931E-09 4.8210E-09 3.8251E-09 2.9887E-09 2.2985E-09 1.7346E-09 1.2843E-09 9.2059E-10 6.5465E-10 4.4866E-10 3.0202E-10
2.0364E-09 2.3236E-09 2.6640E-09 3.0315E-09 3.4434E-09 3.8930E-09 4.3907E-09 4.9284E-09 5.5150E-09 6.1527E-09 6.8386E-09 7.5820E-09 8.3837E-09 9.2478E-09 1.0212E-08 1.1279E-08 1.2423E-08 1.3659E-08 1.4964E-08 1.6378E-08 1.7866E-08 1.9401E-08 2.0996E-08 2.2612E-08 2.4204E-08 2.5730E-08 2.7139E-08 2.8375E-08 2.9381E-08 3.0108E-08 3.0502E-08 3.0542E-08 3.0217E-08 2.9520E-08 2.8469E-08 2.7094E-08 2.5435E-08 2.3544E-08 2.1486E-08 1.9333E-08 1.7154E-08 1.5002E-08 1.2925E-08 1.0976E-08 9.1917E-09 7.5907E-09 6.1796E-09 4.9611E-09 3.9300E-09 3.0652E-09 2.3572E-09 1.7796E-09 1.3134E-09 9.4760E-10 6.6832E-10 4.5847E-10 3.0517E-10
1.8678E-09 2.1315E-09 2.4463E-09 2.7848E-09 3.1619E-09 3.5768E-09 4.0352E-09 4.5318E-09 5.0737E-09 5.6673E-09 6.3114E-09 7.0041E-09 7.7655E-09 8.5859E-09 9.5015E-09 1.0549E-08 1.1684E-08 1.2901E-08 1.4236E-08 1.5673E-08 1.7210E-08 1.8842E-08 2.0537E-08 2.2271E-08 2.4009E-08 2.5701E-08 2.7281E-08 2.8690E-08 2.9860E-08 3.0731E-08 3.1261E-08 3.1412E-08 3.1166E-08 3.0521E-08 2.9486E-08 2.8093E-08 2.6388E-08 2.4432E-08 2.2289E-08 2.0044E-08 1.7757E-08 1.5503E-08 1.3341E-08 1.1312E-08 9.4525E-09 7.7892E-09 6.3333E-09 5.0727E-09 4.0086E-09 3.1268E-09 2.3991E-09 1.8083E-09 1.3363E-09 9.6347E-10 6.7638E-10 4.6641E-10 3.0612E-10
1.6953E-09 1.9391E-09 2.2220E-09 2.5330E-09 2.8762E-09 3.2525E-09 3.6695E-09 4.1243E-09 4.6226E-09 5.1671E-09 5.7629E-09 6.4100E-09 7.1204E-09 7.8931E-09 8.7656E-09 9.7808E-09 1.0894E-08 1.2109E-08 1.3442E-08 1.4912E-08 1.6509E-08 1.8203E-08 2.0005E-08 2.1877E-08 2.3764E-08 2.5615E-08 2.7363E-08 2.8942E-08 3.0278E-08 3.1306E-08 3.1976E-08 3.2245E-08 3.2083E-08 3.1482E-08 3.0455E-08 2.9037E-08 2.7278E-08 2.5243E-08 2.3015E-08 2.0671E-08 1.8292E-08 1.5941E-08 1.3689E-08 1.1585E-08 9.6640E-09 7.9470E-09 6.4455E-09 5.1556E-09 4.0652E-09 3.1629E-09 2.4218E-09 1.8263E-09 1.3479E-09 9.7342E-10 6.8235E-10 4.6564E-10 3.0518E-10
1.5259E-09 1.7464E-09 1.9940E-09 2.2796E-09 2.5898E-09 2.9240E-09 3.3015E-09 3.7138E-09 4.1674E-09 4.6630E-09 5.2086E-09 5.8104E-09 6.4633E-09 7.1859E-09 7.9982E-09 8.9898E-09 1.0078E-08 1.1279E-08 1.2620E-08 1.4119E-08 1.5746E-08 1.7533E-08 1.9439E-08 2.1430E-08 2.3464E-08 2.5483E-08 2.7415E-08 2.9173E-08 3.0684E-08 3.1877E-08 3.2683E-08 3.3057E-08 3.2964E-08 3.2397E-08 3.1371E-08 2.9920E-08 2.8095E-08 2.5977E-08 2.3663E-08 2.1219E-08 1.8742E-08 1.6302E-08 1.3968E-08 1.1795E-08 9.8194E-09 8.0566E-09 6.5191E-09 5.2004E-09 4.0913E-09 3.1747E-09 2.4290E-09 1.8240E-09 1.3492E-09 9.6991E-10 6.7578E-10 4.6313E-10 2.9596E-10
1.3588E-09 1.5581E-09 1.7728E-09 2.0292E-09 2.3061E-09 2.5985E-09 2.9376E-09 3.3087E-09 3.7181E-09 4.1673E-09 4.6578E-09 5.2083E-09 5.8083E-09 6.4825E-09 7.2424E-09 8.1900E-09 9.2536E-09 1.0436E-08 1.1786E-08 1.3289E-08 1.4983E-08 1.6836E-08 1.8838E-08 2.0967E-08 2.3163E-08 2.5354E-08 2.7464E-08 2.9406E-08 3.1094E-08 3.2446E-08 3.3390E-08 3.3864E-08 3.3829E-08 3.3281E-08 3.2229E-08 3.0724E-08 2.8832E-08 2.6633E-08 2.4217E-08 2.1675E-08 1.9100E-08 1.6581E-08 1.4174E-08 1.1935E-08 9.9107E-09 8.1144E-09 6.5464E-09 5.2071E-09 4.0883E-09 3.1642E-09 2.4095E-09 1.8099E-09 1.3334E-09 9.5664E-10 6.6414E-10 4.4878E-10 2.8913E-10
1.1967E-09 1.3688E-09 1.5600E-09 1.7879E-09 2.0311E-09 2.2854E-09 2.5872E-09 2.9177E-09 3.2806E-09 3.6813E-09 4.1218E-09 4.6193E-09 5.1691E-09 5.7904E-09 6.4975E-09 7.4045E-09 8.4345E-09 9.6080E-09 1.0937E-08 1.2480E-08 1.4204E-08 1.6137E-08 1.8256E-08 2.0516E-08 2.2864E-08 2.5233E-08 2.7531E-08 2.9667E-08 3.1539E-08 3.3048E-08 3.4109E-08 3.4660E-08 3.4668E-08 3.4125E-08 3.3046E-08 3.1472E-08 2.9492E-08 2.7197E-08 2.4679E-08 2.2041E-08 1.9371E-08 1.6760E-08 1.4294E-08 1.2006E-08 9.9374E-09 8.1107E-09 6.5245E-09 5.1743E-09 4.0476E-09 3.1224E-09 2.3717E-09 1.7782E-09 1.3018E-09 9.3008E-10 6.4202E-10 4.3359E-10 2.7574E-10
1.0401E-09 1.1900E-09 1.3602E-09 1.5516E-09 1.7685E-09 1.9904E-09 2.2463E-09 2.5358E-09 2.8574E-09 3.2142E-09 3.6081E-09 4.0528E-09 4.5544E-09 5.1225E-09 5.7786E-09 6.6260E-09 7.6464E-09 8.7850E-09 1.0136E-08 1.1674E-08 1.3459E-08 1.5474E-08 1.7695E-08 2.0097E-08 2.2619E-08 2.5177E-08 2.7676E-08 3.0005E-08 3.2052E-08 3.3709E-08 3.4882E-08 3.5504E-08 3.5531E-08 3.4952E-08 3.3808E-08 3.2158E-08 3.0084E-08 2.7674E-08 2.5040E-08 2.2290E-08 1.9540E-08 1.6857E-08 1.4321E-08 1.1993E-08 9.8958E-09 8.0443E-09 6.4483E-09 5.0969E-09 3.9745E-09 3.0543E-09 2.3098E-09 1.7209E-09 1.2589E-09 8.9627E-10 6.1631E-10 4.1112E-10 2.6032E-10
8.9345E-10 1.0232E-09 1.1708E-09 1.3308E-09 1.5226E-09 1.7142E-09 1.9266E-09 2.1736E-09 2.4586E-09 2.7759E-09 3.1244E-09 3.5183E-09 3.9687E-09 4.4883E-09 5.0953E-09 5.8932E-09 6.8913E-09 8.0221E-09 9.3475E-09 1.0930E-08 1.2763E-08 1.4854E-08 1.7201E-08 1.9758E-08 2.2454E-08 2.5205E-08 2.7903E-08 3.0425E-08 3.2641E-08 3.4436E-08 3.5705E-08 3.6368E-08 3.6397E-08 3.5786E-08 3.4555E-08 3.2794E-08 3.0586E-08 2.8055E-08 2.5306E-08 2.2445E-08 1.9594E-08 1.6846E-08 1.4259E-08 1.1890E-08 9.7746E-09 7.9133E-09 6.3187E-09 4.9749E-09 3.8612E-09 2.9560E-09 2.2255E-09 1.6493E-09 1.1958E-09 8.5501E-10 5.8036E-10 3.8316E-10 2.4263E-10
7.5799E-10 8.6665E-10 9.9337E-10 1.1304E-09 1.2925E-09 1.4574E-09 1.6361E-09 1.8449E-09 2.0864E-09 2.3659E-09 2.6732E-09 3.0212E-09 3.4279E-09 3.9012E-09 4.4554E-09 5.2019E-09 6.1878E-09 7.2970E-09 8.6398E-09 1.0240E-08 1.2134E-08 1.4333E-08 1.6809E-08 1.9522E-08 2.2409E-08 2.5372E-08 2.8279E-08 3.0998E-08 3.3381E-08 3.5296E-08 3.6630E-08 3.7313E-08 3.7298E-08 3.6596E-08 3.5260E-08 3.3374E-08 3.1026E-08 2.8336E-08 2.5445E-08 2.2485E-08 1.9543E-08 1.6720E-08 1.4095E-08 1.1700E-08 9.5699E-09 7.7167E-09 6.1319E-09 4.8068E-09 3.7150E-09 2.8310E-09 2.1177E-09 1.5551E-09 1.1318E-09 8.0191E-10 5.3622E-10 3.5463E-10 2.2057E-10
6.3284E-10 7.2476E-10 8.3031E-10 9.4405E-10 1.0811E-09 1.2223E-09 1.3742E-09 1.5482E-09 1.7497E-09 1.9855E-09 2.2526E-09 2.5598E-09 2.9320E-09 3.3570E-09 3.8762E-09 4.5790E-09 5.5432E-09 6.6436E-09 7.9973E-09 9.6449E-09 1.1617E-08 1.3915E-08 1.6535E-08 1.9434E-08 2.2528E-08 2.5703E-08 2.8820E-08 3.1726E-08 3.4259E-08 3.6277E-08 3.7661E-08 3.8331E-08 3.8245E-08 3.7431E-08 3.5946E-08 3.3872E-08 3.1351E-08 2.8516E-08 2.5480E-08 2.2390E-08 1.9366E-08 1.6483E-08 1.3822E-08 1.1417E-08 9.2851E-09 7.4521E-09 5.8908E-09 4.5920E-09 3.5317E-09 2.6766E-09 1.9858E-09 1.4568E-09 1.0512E-09 7.3856E-10 4.9315E-10 3.2063E-10 1.9761E-10
5.2063E-10 5.9428E-10 6.8329E-10 7.7933E-10 8.8894E-10 1.0081E-09 1.1377E-09 1.2804E-09 1.4479E-09 1.6429E-09 1.8747E-09 2.1455E-09 2.4760E-09 2.8657E-09 3.3537E-09 4.0240E-09 4.9716E-09 6.0784E-09 7.4551E-09 9.1546E-09 1.1208E-08 1.3644E-08 1.6436E-08 1.9533E-08 2.2843E-08 2.6246E-08 2.9581E-08 3.2669E-08 3.5338E-08 3.7428E-08 3.8809E-08 3.9411E-08 3.9217E-08 3.8249E-08 3.6573E-08 3.4304E-08 3.1575E-08 2.8550E-08 2.5374E-08 2.2167E-08 1.9056E-08 1.6131E-08 1.3439E-08 1.1035E-08 8.9260E-09 7.1171E-09 5.5973E-09 4.3412E-09 3.3215E-09 2.4927E-09 1.8395E-09 1.3438E-09 9.6677E-10 6.7250E-10 4.4053E-10 2.8706E-10 1.6519E-10
4.2323E-10 4.8284E-10 5.5297E-10 6.3219E-10 7.2124E-10 8.1948E-10 9.2792E-10 1.0460E-09 1.1850E-09 1.3459E-09 1.5432E-09 1.7725E-09 2.0583E-09 2.4279E-09 2.8966E-09 3.5358E-09 4.4810E-09 5.6006E-09 7.0198E-09 8.7923E-09 1.0972E-08 1.3559E-08 1.6543E-08 1.9866E-08 2.3421E-08 2.7062E-08 3.0607E-08 3.3865E-08 3.6639E-08 3.8760E-08 4.0112E-08 4.0607E-08 4.0231E-08 3.9035E-08 3.7114E-08 3.4615E-08 3.1670E-08 2.8442E-08 2.5107E-08 2.1798E-08 1.8610E-08 1.5648E-08 1.2950E-08 1.0557E-08 8.4894E-09 6.7218E-09 5.2533E-09 4.0488E-09 3.0737E-09 2.2858E-09 1.6893E-09 1.2233E-09 8.7116E-10 5.9775E-10 3.9277E-10 2.4310E-10 1.3902E-10
3.4090E-10 3.8772E-10 4.4134E-10 5.0307E-10 5.7596E-10 6.5689E-10 7.4586E-10 8.4498E-10 9.5704E-10 1.0865E-09 1.2472E-09 1.4378E-09 1.6799E-09 2.0401E-09 2.5059E-09 3.1307E-09 4.0698E-09 5.2340E-09 6.7125E-09 8.5878E-09 1.0895E-08 1.3673E-08 1.6885E-08 2.0459E-08 2.4275E-08 2.8164E-08 3.1920E-08 3.5321E-08 3.8168E-08 4.0281E-08 4.1530E-08 4.1849E-08 4.1247E-08 3.9788E-08 3.7578E-08 3.4782E-08 3.1595E-08 2.8180E-08 2.4684E-08 2.1262E-08 1.8027E-08 1.5032E-08 1.2352E-08 9.9926E-09 7.9751E-09 6.2714E-09 4.8700E-09 3.7256E-09 2.7957E-09 2.0757E-09 1.5219E-09 1.0914E-09 7.7374E-10 5.2869E-10 3.3375E-10 2.0236E-10 1.0572E-10
