Assets/Resources/2015_m01_d09_0000(utc+0800)_l00_csi_1hr_conc.grd
DSAA
         159         159
     -79.000      79.000
     -79.000      79.000
  0.2711E-09  0.1023E-03
[rows 125 to 149 of 159, columns 57 to 113 of 159]
3.5482E-09 3.6802E-09 3.8152E-09 3.9531E-09 4.0936E-09 4.2364E-09 4.3812E-09 4.5322E-09 4.6801E-09 4.8298E-09 4.9799E-09 5.1307E-09 5.2852E-09 5.4336E-09 5.5800E-09 5.7590E-09 5.9817E-09 6.2112E-09 6.4440E-09 6.6648E-09 6.8704E-09 7.0631E-09 7.2596E-09 7.4437E-09 7.5931E-09 7.7131E-09 7.7813E-09 7.8470E-09 7.8916E-09 7.9184E-09 7.9315E-09 7.9284E-09 7.8948E-09 7.8582E-09 7.8147E-09 7.7019E-09 7.6776E-09 7.6578E-09 7.6361E-09 7.5913E-09 7.5299E-09 7.4562E-09 7.3543E-09 7.2450E-09 7.1485E-09 7.0429E-09 6.9311E-09 6.8024E-09 6.6690E-09 6.5126E-09 6.3612E-09 6.2175E-09 6.0753E-09 5.9326E-09 5.7870E-09 5.6263E-09 5.4727E-09
3.4128E-09 3.5377E-09 3.6655E-09 3.7959E-09 3.9287E-09 4.0638E-09 4.2006E-09 4.3391E-09 4.4787E-09 4.6233E-09 4.7643E-09 4.9052E-09 5.0458E-09 5.1855E-09 5.3238E-09 5.4724E-09 5.6860E-09 5.8855E-09 6.1065E-09 6.3196E-09 6.5268E-09 6.7005E-09 6.8934E-09 7.0747E-09 7.2258E-09 7.3524E-09 7.4508E-09 7.5249E-09 7.5649E-09 7.5873E-09 7.5948E-09 7.5831E-09 7.5328E-09 7.4974E-09 7.4785E-09 7.4553E-09 7.4403E-09 7.4262E-09 7.4148E-09 7.3811E-09 7.3108E-09 7.2270E-09 7.1529E-09 7.0711E-09 6.9822E-09 6.8840E-09 6.7792E-09 6.6403E-09 6.5032E-09 6.3723E-09 6.2383E-09 6.1011E-09 5.9647E-09 5.8275E-09 5.6780E-09 5.5343E-09 5.3767E-09
3.2817E-09 3.3998E-09 3.5206E-09 3.6439E-09 3.7694E-09 3.8970E-09 4.0263E-09 4.1571E-09 4.2890E-09 4.4216E-09 4.5547E-09 4.6878E-09 4.8205E-09 4.9524E-09 5.0832E-09 5.2129E-09 5.3998E-09 5.5911E-09 5.7980E-09 5.9966E-09 6.1875E-09 6.3696E-09 6.5550E-09 6.7409E-09 6.8856E-09 7.0014E-09 7.0923E-09 7.1428E-09 7.2014E-09 7.2233E-09 7.2313E-09 7.2468E-09 7.2502E-09 7.2449E-09 7.2328E-09 7.2155E-09 7.2058E-09 7.1970E-09 7.1555E-09 7.1330E-09 7.0920E-09 7.0371E-09 6.9713E-09 6.8971E-09 6.8155E-09 6.7065E-09 6.6084E-09 6.4850E-09 6.3664E-09 6.2425E-09 6.1147E-09 5.9839E-09 5.8431E-09 5.7115E-09 5.5786E-09 5.4312E-09 5.2903E-09
3.1550E-09 3.2666E-09 3.3807E-09 3.4972E-09 3.6158E-09 3.7362E-09 3.8583E-09 3.9817E-09 4.1062E-09 4.2314E-09 4.3571E-09 4.4827E-09 4.6080E-09 4.7327E-09 4.8562E-09 4.9782E-09 5.1327E-09 5.3175E-09 5.4982E-09 5.6852E-09 5.8629E-09 6.0302E-09 6.1985E-09 6.3761E-09 6.5279E-09 6.6386E-09 6.7216E-09 6.8039E-09 6.8700E-09 6.9214E-09 6.9600E-09 6.9836E-09 6.9948E-09 6.9966E-09 6.9911E-09 6.9798E-09 6.9338E-09 6.9307E-09 6.9378E-09 6.9252E-09 6.8937E-09 6.8477E-09 6.7900E-09 6.7051E-09 6.6308E-09 6.5362E-09 6.4448E-09 6.3405E-09 6.2292E-09 6.1122E-09 5.9907E-09 5.8561E-09 5.7313E-09 5.5950E-09 5.4683E-09 5.3376E-09 5.2030E-09
3.0327E-09 3.1381E-09 3.2459E-09 3.3558E-09 3.4677E-09 3.5814E-09 3.6966E-09 3.8130E-09 3.9305E-09 4.0486E-09 4.1671E-09 4.2857E-09 4.4039E-09 4.5216E-09 4.6382E-09 4.7535E-09 4.8883E-09 5.0592E-09 5.2276E-09 5.3957E-09 5.5513E-09 5.7078E-09 5.8648E-09 6.0379E-09 6.1893E-09 6.3210E-09 6.4289E-09 6.5171E-09 6.5900E-09 6.6485E-09 6.6943E-09 6.7256E-09 6.7441E-09 6.7104E-09 6.7119E-09 6.7072E-09 6.7067E-09 6.7081E-09 6.7221E-09 6.7189E-09 6.6964E-09 6.6408E-09 6.5911E-09 6.5208E-09 6.4536E-09 6.3773E-09 6.2924E-09 6.1959E-09 6.0916E-09 5.9712E-09 5.8561E-09 5.7382E-09 5.6088E-09 5.4885E-09 5.3677E-09 5.2434E-09 5.1151E-09
2.9148E-09 3.0143E-09 3.1160E-09 3.2197E-09 3.3253E-09 3.4325E-09 3.5411E-09 3.6509E-09 3.7616E-09 3.8730E-09 3.9848E-09 4.0966E-09 4.2081E-09 4.3191E-09 4.4292E-09 4.5380E-09 4.6505E-09 4.8083E-09 4.9596E-09 5.1219E-09 5.2774E-09 5.4272E-09 5.5761E-09 5.7465E-09 5.8991E-09 6.0333E-09 6.1447E-09 6.2386E-09 6.3173E-09 6.3617E-09 6.3927E-09 6.4312E-09 6.4567E-09 6.4722E-09 6.4795E-09 6.4803E-09 6.4833E-09 6.4905E-09 6.5086E-09 6.4957E-09 6.4824E-09 6.4422E-09 6.4004E-09 6.3483E-09 6.2880E-09 6.2185E-09 6.1402E-09 6.0409E-09 5.9437E-09 5.8403E-09 5.7214E-09 5.6098E-09 5.4963E-09 5.3817E-09 5.2666E-09 5.1388E-09 5.0073E-09
2.8012E-09 2.8952E-09 2.9911E-09 3.0889E-09 3.1885E-09 3.2895E-09 3.3919E-09 3.4954E-09 3.5997E-09 3.7047E-09 3.8100E-09 3.9154E-09 4.0205E-09 4.1252E-09 4.2290E-09 4.3317E-09 4.4330E-09 4.5699E-09 4.7156E-09 4.8699E-09 5.0165E-09 5.1594E-09 5.2999E-09 5.4667E-09 5.6196E-09 5.7201E-09 5.8324E-09 5.9299E-09 6.0126E-09 6.0824E-09 6.1405E-09 6.1855E-09 6.2174E-09 6.2388E-09 6.2517E-09 6.2577E-09 6.2450E-09 6.2572E-09 6.2792E-09 6.2821E-09 6.2773E-09 6.2562E-09 6.2218E-09 6.1767E-09 6.1230E-09 6.0601E-09 5.9783E-09 5.8965E-09 5.7959E-09 5.6991E-09 5.5971E-09 5.4917E-09 5.3838E-09 5.2748E-09 5.1558E-09 5.0337E-09 4.9184E-09
2.6920E-09 2.7806E-09 2.8711E-09 2.9633E-09 3.0571E-09 3.1524E-09 3.2488E-09 3.3463E-09 3.4446E-09 3.5435E-09 3.6427E-09 3.7420E-09 3.8411E-09 3.9397E-09 4.0376E-09 4.1345E-09 4.2300E-09 4.3489E-09 4.4807E-09 4.6144E-09 4.7526E-09 4.8843E-09 5.0127E-09 5.1711E-09 5.3204E-09 5.4539E-09 5.5681E-09 5.6698E-09 5.7567E-09 5.8314E-09 5.8947E-09 5.9456E-09 5.9834E-09 5.9905E-09 6.0089E-09 6.0200E-09 6.0192E-09 6.0356E-09 6.0604E-09 6.0823E-09 6.0851E-09 6.0717E-09 6.0444E-09 5.9959E-09 5.9486E-09 5.8923E-09 5.8272E-09 5.7422E-09 5.6588E-09 5.5684E-09 5.4728E-09 5.3735E-09 5.2617E-09 5.1485E-09 5.0446E-09 4.9382E-09 4.8291E-09
2.5870E-09 2.6706E-09 2.7559E-09 2.8428E-09 2.9312E-09 3.0209E-09 3.1118E-09 3.2036E-09 3.2961E-09 3.3892E-09 3.4827E-09 3.5762E-09 3.6695E-09 3.7625E-09 3.8547E-09 3.9461E-09 4.0362E-09 4.1382E-09 4.2629E-09 4.3855E-09 4.5187E-09 4.6435E-09 4.7646E-09 4.9166E-09 5.0644E-09 5.1976E-09 5.3130E-09 5.4182E-09 5.5085E-09 5.5685E-09 5.6362E-09 5.6924E-09 5.7355E-09 5.7556E-09 5.7790E-09 5.7950E-09 5.8098E-09 5.8297E-09 5.8568E-09 5.8851E-09 5.8952E-09 5.8785E-09 5.8584E-09 5.8267E-09 5.7857E-09 5.7254E-09 5.6667E-09 5.5988E-09 5.5219E-09 5.4381E-09 5.3487E-09 5.2460E-09 5.1397E-09 5.0419E-09 4.9432E-09 4.8426E-09 4.7395E-09
2.4862E-09 2.5650E-09 2.6455E-09 2.7273E-09 2.8106E-09 2.8951E-09 2.9806E-09 3.0671E-09 3.1542E-09 3.2418E-09 3.3298E-09 3.4178E-09 3.5058E-09 3.5933E-09 3.6802E-09 3.7663E-09 3.8513E-09 3.9349E-09 4.0538E-09 4.1735E-09 4.2967E-09 4.4147E-09 4.5293E-09 4.6735E-09 4.8057E-09 4.9364E-09 5.0521E-09 5.1582E-09 5.2507E-09 5.3211E-09 5.3926E-09 5.4534E-09 5.5014E-09 5.5385E-09 5.5665E-09 5.5868E-09 5.6049E-09 5.6279E-09 5.6572E-09 5.6800E-09 5.6971E-09 5.6978E-09 5.6740E-09 5.6487E-09 5.6138E-09 5.5700E-09 5.5174E-09 5.4561E-09 5.3855E-09 5.2986E-09 5.2057E-09 5.1186E-09 5.0278E-09 4.9353E-09 4.8418E-09 4.7374E-09 4.6312E-09
2.3895E-09 2.4638E-09 2.5396E-09 2.6167E-09 2.6952E-09 2.7747E-09 2.8552E-09 2.9366E-09 3.0186E-09 3.1011E-09 3.1839E-09 3.2668E-09 3.3495E-09 3.4320E-09 3.5139E-09 3.5950E-09 3.6751E-09 3.7540E-09 3.8594E-09 3.9652E-09 4.0764E-09 4.1903E-09 4.2975E-09 4.4317E-09 4.5640E-09 4.6919E-09 4.8078E-09 4.9144E-09 5.0085E-09 5.0930E-09 5.1679E-09 5.2329E-09 5.2853E-09 5.3268E-09 5.3590E-09 5.3833E-09 5.3934E-09 5.4194E-09 5.4508E-09 5.4890E-09 5.5016E-09 5.5090E-09 5.5019E-09 5.4827E-09 5.4537E-09 5.4158E-09 5.3692E-09 5.3046E-09 5.2306E-09 5.1597E-09 5.0827E-09 5.0014E-09 4.9162E-09 4.8290E-09 4.7219E-09 4.6329E-09 4.5415E-09
2.2968E-09 2.3668E-09 2.4382E-09 2.5109E-09 2.5847E-09 2.6596E-09 2.7354E-09 2.8120E-09 2.8892E-09 2.9668E-09 3.0447E-09 3.1227E-09 3.2007E-09 3.2783E-09 3.3554E-09 3.4318E-09 3.5073E-09 3.5817E-09 3.6720E-09 3.7702E-09 3.8757E-09 3.9810E-09 4.0816E-09 4.2066E-09 4.3414E-09 4.4668E-09 4.5828E-09 4.6899E-09 4.7855E-09 4.8723E-09 4.9500E-09 5.0186E-09 5.0750E-09 5.1094E-09 5.1456E-09 5.1737E-09 5.1980E-09 5.2154E-09 5.2484E-09 5.2905E-09 5.3197E-09 5.3330E-09 5.3319E-09 5.3186E-09 5.2952E-09 5.2534E-09 5.2030E-09 5.1540E-09 5.0961E-09 5.0313E-09 4.9603E-09 4.8847E-09 4.7865E-09 4.7047E-09 4.6212E-09 4.5377E-09 4.4517E-09
2.2079E-09 2.2739E-09 2.3412E-09 2.4096E-09 2.4792E-09 2.5497E-09 2.6210E-09 2.6931E-09 2.7657E-09 2.8388E-09 2.9121E-09 2.9855E-09 3.0588E-09 3.1319E-09 3.2045E-09 3.2765E-09 3.3477E-09 3.4178E-09 3.4978E-09 3.5917E-09 3.6854E-09 3.7871E-09 3.8823E-09 3.9992E-09 4.1290E-09 4.2514E-09 4.3670E-09 4.4739E-09 4.5607E-09 4.6488E-09 4.7286E-09 4.8001E-09 4.8599E-09 4.9090E-09 4.9375E-09 4.9691E-09 4.9962E-09 5.0271E-09 5.0615E-09 5.1064E-09 5.1408E-09 5.1597E-09 5.1642E-09 5.1469E-09 5.1192E-09 5.0926E-09 5.0576E-09 5.0143E-09 4.9626E-09 4.9037E-09 4.8290E-09 4.7501E-09 4.6761E-09 4.5995E-09 4.5209E-09 4.4426E-09 4.3440E-09
2.1227E-09 2.1849E-09 2.2483E-09 2.3128E-09 2.3783E-09 2.4447E-09 2.5118E-09 2.5797E-09 2.6480E-09 2.7168E-09 2.7857E-09 2.8548E-09 2.9238E-09 2.9926E-09 3.0610E-09 3.1288E-09 3.1959E-09 3.2620E-09 3.3270E-09 3.4181E-09 3.5075E-09 3.6035E-09 3.6891E-09 3.7970E-09 3.9204E-09 4.0384E-09 4.1521E-09 4.2577E-09 4.3541E-09 4.4434E-09 4.5249E-09 4.5881E-09 4.6509E-09 4.7032E-09 4.7463E-09 4.7811E-09 4.8106E-09 4.8435E-09 4.8788E-09 4.9260E-09 4.9551E-09 4.9792E-09 4.9793E-09 4.9773E-09 4.9648E-09 4.9433E-09 4.9138E-09 4.8758E-09 4.8207E-09 4.7585E-09 4.6992E-09 4.6349E-09 4.5664E-09 4.4948E-09 4.4030E-09 4.3300E-09 4.2546E-09
2.0252E-09 2.0998E-09 2.1595E-09 2.2203E-09 2.2820E-09 2.3445E-09 2.4077E-09 2.4715E-09 2.5358E-09 2.6005E-09 2.6654E-09 2.7304E-09 2.7954E-09 2.8601E-09 2.9245E-09 2.9884E-09 3.0516E-09 3.1139E-09 3.1753E-09 3.2586E-09 3.3377E-09 3.4232E-09 3.5107E-09 3.6108E-09 3.7285E-09 3.8425E-09 3.9464E-09 4.0501E-09 4.1458E-09 4.2353E-09 4.3179E-09 4.3939E-09 4.4592E-09 4.5144E-09 4.5604E-09 4.5981E-09 4.6297E-09 4.6540E-09 4.6904E-09 4.7289E-09 4.7726E-09 4.8016E-09 4.8168E-09 4.8200E-09 4.8124E-09 4.7959E-09 4.7620E-09 4.7202E-09 4.6806E-09 4.6332E-09 4.5795E-09 4.5205E-09 4.4482E-09 4.3727E-09 4.3041E-09 4.2359E-09 4.1654E-09
1.9289E-09 1.9931E-09 2.0746E-09 2.1319E-09 2.1900E-09 2.2488E-09 2.3083E-09 2.3684E-09 2.4289E-09 2.4898E-09 2.5509E-09 2.6121E-09 2.6732E-09 2.7342E-09 2.7948E-09 2.8549E-09 2.9145E-09 2.9733E-09 3.0311E-09 3.1022E-09 3.1756E-09 3.2568E-09 3.3376E-09 3.4293E-09 3.5400E-09 3.6488E-09 3.7582E-09 3.8602E-09 3.9553E-09 4.0450E-09 4.1288E-09 4.2065E-09 4.2739E-09 4.3316E-09 4.3697E-09 4.4100E-09 4.4328E-09 4.4693E-09 4.5065E-09 4.5568E-09 4.6041E-09 4.6373E-09 4.6571E-09 4.6651E-09 4.6435E-09 4.6320E-09 4.6127E-09 4.5849E-09 4.5510E-09 4.5091E-09 4.4607E-09 4.3891E-09 4.3314E-09 4.2695E-09 4.2058E-09 4.1422E-09 4.0615E-09
1.8476E-09 1.8986E-09 1.9545E-09 2.0316E-09 2.1021E-09 2.1575E-09 2.2136E-09 2.2701E-09 2.3271E-09 2.3844E-09 2.4419E-09 2.4995E-09 2.5570E-09 2.6144E-09 2.6715E-09 2.7282E-09 2.7843E-09 2.8397E-09 2.8942E-09 2.9514E-09 3.0279E-09 3.0999E-09 3.1781E-09 3.2627E-09 3.3674E-09 3.4719E-09 3.5785E-09 3.6784E-09 3.7724E-09 3.8619E-09 3.9374E-09 4.0156E-09 4.0846E-09 4.1337E-09 4.1845E-09 4.2271E-09 4.2625E-09 4.3001E-09 4.3379E-09 4.3888E-09 4.4392E-09 4.4762E-09 4.4809E-09 4.4939E-09 4.4960E-09 4.4890E-09 4.4744E-09 4.4515E-09 4.4229E-09 4.3682E-09 4.3253E-09 4.2770E-09 4.2243E-09 4.1671E-09 4.1017E-09 4.0342E-09 3.9732E-09
1.7771E-09 1.8253E-09 1.8743E-09 1.9242E-09 1.9784E-09 2.0622E-09 2.1232E-09 2.1765E-09 2.2301E-09 2.2840E-09 2.3382E-09 2.3924E-09 2.4465E-09 2.5006E-09 2.5543E-09 2.6077E-09 2.6606E-09 2.7128E-09 2.7643E-09 2.8149E-09 2.8856E-09 2.9518E-09 3.0273E-09 3.1052E-09 3.1985E-09 3.2981E-09 3.4002E-09 3.4970E-09 3.5802E-09 3.6689E-09 3.7530E-09 3.8313E-09 3.9014E-09 3.9627E-09 4.0154E-09 4.0601E-09 4.0975E-09 4.1357E-09 4.1739E-09 4.2048E-09 4.2583E-09 4.2991E-09 4.3274E-09 4.3446E-09 4.3509E-09 4.3483E-09 4.3381E-09 4.3019E-09 4.2784E-09 4.2470E-09 4.2091E-09 4.1660E-09 4.1118E-09 4.0506E-09 3.9965E-09 3.9418E-09 3.8854E-09
1.7026E-09 1.7515E-09 1.8014E-09 1.8485E-09 1.8981E-09 1.9464E-09 1.9971E-09 2.0798E-09 2.1377E-09 2.1885E-09 2.2395E-09 2.2905E-09 2.3415E-09 2.3924E-09 2.4430E-09 2.4933E-09 2.5432E-09 2.5924E-09 2.6410E-09 2.6887E-09 2.7497E-09 2.8104E-09 2.8753E-09 2.9480E-09 3.0385E-09 3.1330E-09 3.2303E-09 3.3236E-09 3.4136E-09 3.5016E-09 3.5852E-09 3.6635E-09 3.7345E-09 3.7972E-09 3.8515E-09 3.8980E-09 3.9170E-09 3.9558E-09 3.9946E-09 4.0456E-09 4.1013E-09 4.1451E-09 4.1771E-09 4.1981E-09 4.1990E-09 4.1918E-09 4.1860E-09 4.1726E-09 4.1537E-09 4.1272E-09 4.0878E-09 4.0413E-09 3.9983E-09 3.9503E-09 3.9008E-09 3.8438E-09 3.7858E-09
1.6374E-09 1.6814E-09 1.7247E-09 1.7688E-09 1.8230E-09 1.8686E-09 1.9148E-09 1.9614E-09 2.0102E-09 2.0864E-09 2.1383E-09 2.1899E-09 2.2416E-09 2.2896E-09 2.3373E-09 2.3847E-09 2.4316E-09 2.4781E-09 2.5239E-09 2.5690E-09 2.6224E-09 2.6791E-09 2.7387E-09 2.8080E-09 2.8925E-09 2.9826E-09 3.0757E-09 3.1660E-09 3.2546E-09 3.3411E-09 3.4239E-09 3.5019E-09 3.5542E-09 3.6176E-09 3.6731E-09 3.7212E-09 3.7621E-09 3.8014E-09 3.8412E-09 3.8907E-09 3.9483E-09 3.9946E-09 4.0109E-09 4.0359E-09 4.0504E-09 4.0561E-09 4.0543E-09 4.0452E-09 4.0244E-09 3.9940E-09 3.9659E-09 3.9329E-09 3.8946E-09 3.8512E-09 3.7996E-09 3.7470E-09 3.6993E-09
1.5735E-09 1.6152E-09 1.6608E-09 1.7005E-09 1.7446E-09 1.7854E-09 1.8343E-09 1.8818E-09 1.9262E-09 1.9708E-09 2.0156E-09 2.0868E-09 2.1400E-09 2.1850E-09 2.2297E-09 2.2742E-09 2.3184E-09 2.3620E-09 2.4090E-09 2.4553E-09 2.4971E-09 2.5550E-09 2.6128E-09 2.6758E-09 2.7544E-09 2.8399E-09 2.9287E-09 3.0089E-09 3.0871E-09 3.1708E-09 3.2516E-09 3.3283E-09 3.3996E-09 3.4637E-09 3.5203E-09 3.5697E-09 3.6121E-09 3.6518E-09 3.6925E-09 3.7206E-09 3.7799E-09 3.8288E-09 3.8674E-09 3.8956E-09 3.9136E-09 3.9229E-09 3.9185E-09 3.9050E-09 3.8949E-09 3.8777E-09 3.8544E-09 3.8260E-09 3.7857E-09 3.7409E-09 3.6999E-09 3.6571E-09 3.6139E-09
1.5097E-09 1.5485E-09 1.5881E-09 1.6357E-09 1.6769E-09 1.7153E-09 1.7582E-09 1.7975E-09 1.8409E-09 1.8809E-09 1.9285E-09 1.9727E-09 2.0152E-09 2.0714E-09 2.1353E-09 2.1772E-09 2.2189E-09 2.2600E-09 2.3007E-09 2.3408E-09 2.3802E-09 2.4301E-09 2.4794E-09 2.5441E-09 2.6152E-09 2.6944E-09 2.7771E-09 2.8593E-09 2.9428E-09 3.0244E-09 3.1037E-09 3.1796E-09 3.2506E-09 3.3152E-09 3.3727E-09 3.4230E-09 3.4470E-09 3.4876E-09 3.5289E-09 3.5749E-09 3.6352E-09 3.6860E-09 3.7273E-09 3.7584E-09 3.7729E-09 3.7770E-09 3.7831E-09 3.7822E-09 3.7759E-09 3.7631E-09 3.7381E-09 3.7081E-09 3.6786E-09 3.6442E-09 3.6072E-09 3.5618E-09 3.5172E-09
1.4353E-09 1.4782E-09 1.5261E-09 1.5641E-09 1.6028E-09 1.6454E-09 1.6889E-09 1.7259E-09 1.7671E-09 1.8047E-09 1.8444E-09 1.8842E-09 1.9241E-09 1.9639E-09 2.0018E-09 2.0469E-09 2.1161E-09 2.1631E-09 2.2015E-09 2.2394E-09 2.2766E-09 2.3206E-09 2.3662E-09 2.4185E-09 2.4924E-09 2.5669E-09 2.6452E-09 2.7239E-09 2.8050E-09 2.8843E-09 2.9619E-09 3.0367E-09 3.0890E-09 3.1534E-09 3.2112E-09 3.2623E-09 3.3069E-09 3.3480E-09 3.3896E-09 3.4340E-09 3.4947E-09 3.5401E-09 3.5746E-09 3.6086E-09 3.6331E-09 3.6493E-09 3.6588E-09 3.6616E-09 3.6527E-09 3.6380E-09 3.6239E-09 3.6041E-09 3.5788E-09 3.5425E-09 3.5035E-09 3.4680E-09 3.4336E-09
1.3855E-09 1.4159E-09 1.4503E-09 1.4959E-09 1.5357E-09 1.5762E-09 1.6136E-09 1.6480E-09 1.6895E-09 1.7320E-09 1.7695E-09 1.8071E-09 1.8429E-09 1.8825E-09 1.9182E-09 1.9556E-09 1.9928E-09 2.0279E-09 2.0662E-09 2.1222E-09 2.1670E-09 2.2121E-09 2.2545E-09 2.3002E-09 2.3763E-09 2.4462E-09 2.5090E-09 2.5829E-09 2.6596E-09 2.7353E-09 2.8101E-09 2.8827E-09 2.9519E-09 3.0160E-09 3.0742E-09 3.1259E-09 3.1714E-09 3.2130E-09 3.2477E-09 3.2821E-09 3.3420E-09 3.3960E-09 3.4417E-09 3.4780E-09 3.5052E-09 3.5177E-09 3.5306E-09 3.5310E-09 3.5319E-09 3.5275E-09 3.5174E-09 3.4954E-09 3.4682E-09 3.4425E-09 3.4132E-09 3.3811E-09 3.3447E-09
1.3405E-09 1.3696E-09 1.3991E-09 1.4288E-09 1.4623E-09 1.5000E-09 1.5420E-09 1.5810E-09 1.6206E-09 1.6536E-09 1.6901E-09 1.7268E-09 1.7602E-09 1.7993E-09 1.8385E-09 1.8719E-09 1.9091E-09 1.9421E-09 1.9748E-09 2.0109E-09 2.0428E-09 2.0741E-09 2.1218E-09 2.1755E-09 2.2556E-09 2.3233E-09 2.3911E-09 2.4617E-09 2.5352E-09 2.6083E-09 2.6810E-09 2.7519E-09 2.8200E-09 2.8839E-09 2.9354E-09 2.9783E-09 3.0243E-09 3.0663E-09 3.1082E-09 3.1514E-09 3.2100E-09 3.2651E-09 3.3122E-09 3.3439E-09 3.3673E-09 3.3894E-09 3.4054E-09 3.4152E-09 3.4194E-09 3.4126E-09 3.4005E-09 3.3888E-09 3.3714E-09 3.3497E-09 3.3241E-09 3.2892E-09 3.2572E-09
