Assets/Resources/2015_m01_d16_0000(utc+0800)_l00_csi_1hr_conc.grd
DSAA
         159         159
     -79.000      79.000
     -79.000      79.000
  0.3199E-10  0.1605E-04
[rows 125 to 149 of 159, columns 0 to 56 of 159]
6.1265E-11 6.4352E-11 6.8208E-11 7.1532E-11 7.5634E-11 7.9198E-11 8.3536E-11 8.7340E-11 9.1689E-11 9.5948E-11 1.0034E-10 1.0514E-10 1.0951E-10 1.1482E-10 1.1943E-10 1.2468E-10 1.2979E-10 1.4164E-10 1.5744E-10 1.7384E-10 1.8416E-10 1.9605E-10 2.1956E-10 2.5423E-10 2.7869E-10 3.1568E-10 3.5883E-10 3.9380E-10 4.3252E-10 4.8496E-10 5.4349E-10 5.9367E-10 6.4593E-10 7.1165E-10 7.7341E-10 8.3448E-10 8.9405E-10 9.5539E-10 1.0229E-09 1.0881E-09 1.1577E-09 1.2289E-09 1.3023E-09 1.3740E-09 1.4452E-09 1.5178E-09 1.5893E-09 1.6623E-09 1.7331E-09 1.8052E-09 1.8746E-09 1.9449E-09 2.0120E-09 2.0775E-09 2.1414E-09 2.2066E-09 2.2668E-09
6.0134E-11 6.3158E-11 6.6940E-11 7.0196E-11 7.4219E-11 7.7709E-11 8.1965E-11 8.5689E-11 8.9953E-11 9.4126E-11 9.8431E-11 1.0314E-10 1.0741E-10 1.1262E-10 1.1714E-10 1.2229E-10 1.2730E-10 1.3553E-10 1.5419E-10 1.7011E-10 1.8013E-10 1.9168E-10 2.1316E-10 2.4707E-10 2.6961E-10 3.0591E-10 3.4744E-10 3.8260E-10 4.1897E-10 4.7039E-10 5.2673E-10 5.7496E-10 6.2529E-10 6.8866E-10 7.4820E-10 8.0556E-10 8.6413E-10 9.2310E-10 9.8800E-10 1.0506E-09 1.1176E-09 1.1860E-09 1.2548E-09 1.3246E-09 1.3930E-09 1.4629E-09 1.5317E-09 1.6017E-09 1.6699E-09 1.7374E-09 1.8064E-09 1.8722E-09 1.9392E-09 2.0049E-09 2.0668E-09 2.1270E-09 2.1853E-09
5.9020E-11 6.1982E-11 6.5692E-11 6.8880E-11 7.2827E-11 7.6245E-11 8.0418E-11 8.4065E-11 8.8245E-11 9.2333E-11 9.6551E-11 1.0117E-10 1.0535E-10 1.1046E-10 1.1488E-10 1.1993E-10 1.2484E-10 1.3286E-10 1.5099E-10 1.6489E-10 1.7541E-10 1.8739E-10 2.0700E-10 2.3875E-10 2.6219E-10 2.9563E-10 3.3560E-10 3.7172E-10 4.0584E-10 4.5427E-10 5.1051E-10 5.5687E-10 6.0534E-10 6.6645E-10 7.2387E-10 7.7643E-10 8.3528E-10 8.9198E-10 9.5434E-10 1.0146E-09 1.0789E-09 1.1448E-09 1.2109E-09 1.2770E-09 1.3427E-09 1.4101E-09 1.4762E-09 1.5438E-09 1.6094E-09 1.6763E-09 1.7407E-09 1.8041E-09 1.8690E-09 1.9302E-09 1.9899E-09 2.0509E-09 2.1102E-09
5.7924E-11 6.0824E-11 6.4463E-11 6.7586E-11 7.1456E-11 7.4803E-11 7.8896E-11 8.2468E-11 8.6564E-11 9.0570E-11 9.4702E-11 9.9227E-11 1.0333E-10 1.0834E-10 1.1267E-10 1.1761E-10 1.2243E-10 1.2705E-10 1.4784E-10 1.6136E-10 1.7157E-10 1.8320E-10 2.0101E-10 2.2864E-10 2.5481E-10 2.8719E-10 3.2431E-10 3.6068E-10 3.9406E-10 4.4066E-10 4.9362E-10 5.3821E-10 5.8471E-10 6.4331E-10 7.0038E-10 7.5092E-10 8.0747E-10 8.6199E-10 9.1795E-10 9.7988E-10 1.0418E-09 1.1051E-09 1.1678E-09 1.2314E-09 1.2946E-09 1.3592E-09 1.4228E-09 1.4879E-09 1.5512E-09 1.6157E-09 1.6779E-09 1.7411E-09 1.8014E-09 1.8605E-09 1.9182E-09 1.9775E-09 2.0322E-09
5.6844E-11 5.9685E-11 6.3254E-11 6.6312E-11 7.0107E-11 7.3385E-11 7.7187E-11 8.0896E-11 8.4911E-11 8.8835E-11 9.2884E-11 9.7319E-11 1.0133E-10 1.0625E-10 1.1049E-10 1.1534E-10 1.2005E-10 1.2457E-10 1.4476E-10 1.5557E-10 1.6781E-10 1.7909E-10 1.9411E-10 2.2097E-10 2.4763E-10 2.7803E-10 3.1243E-10 3.4997E-10 3.8186E-10 4.2749E-10 4.7731E-10 5.1909E-10 5.6503E-10 6.2032E-10 6.7721E-10 7.2632E-10 7.8066E-10 8.3310E-10 8.8693E-10 9.4646E-10 1.0033E-09 1.0660E-09 1.1262E-09 1.1875E-09 1.2482E-09 1.3105E-09 1.3716E-09 1.4341E-09 1.4950E-09 1.5554E-09 1.6173E-09 1.6763E-09 1.7368E-09 1.7938E-09 1.8521E-09 1.9067E-09 1.9597E-09
5.5782E-11 5.8563E-11 6.2064E-11 6.5058E-11 6.8780E-11 7.1989E-11 7.5716E-11 7.9350E-11 8.3285E-11 8.7129E-11 9.1096E-11 9.5443E-11 9.9374E-11 1.0419E-10 1.0835E-10 1.1310E-10 1.1772E-10 1.2215E-10 1.3993E-10 1.4993E-10 1.6412E-10 1.7507E-10 1.8672E-10 2.1281E-10 2.4121E-10 2.6933E-10 3.0291E-10 3.3883E-10 3.7036E-10 4.1151E-10 4.6040E-10 5.0291E-10 5.4709E-10 6.0052E-10 6.5535E-10 7.0260E-10 7.5482E-10 8.0526E-10 8.5706E-10 9.1429E-10 9.6902E-10 1.0276E-09 1.0864E-09 1.1451E-09 1.2035E-09 1.2635E-09 1.3224E-09 1.3827E-09 1.4413E-09 1.5012E-09 1.5589E-09 1.6159E-09 1.6744E-09 1.7296E-09 1.7835E-09 1.8389E-09 1.8903E-09
5.4737E-11 5.7460E-11 6.0893E-11 6.3825E-11 6.7475E-11 7.0617E-11 7.4269E-11 7.7829E-11 8.1686E-11 8.5452E-11 8.9338E-11 9.3599E-11 9.7448E-11 1.0217E-10 1.0624E-10 1.1064E-10 1.1542E-10 1.1976E-10 1.3701E-10 1.4596E-10 1.6051E-10 1.7113E-10 1.8144E-10 2.0481E-10 2.3457E-10 2.6014E-10 2.9340E-10 3.2924E-10 3.5802E-10 3.9399E-10 4.4185E-10 4.8727E-10 5.2977E-10 5.8037E-10 6.3426E-10 6.7972E-10 7.2991E-10 7.7844E-10 8.2828E-10 8.8331E-10 9.3600E-10 9.9144E-10 1.0481E-09 1.1046E-09 1.1607E-09 1.2183E-09 1.2749E-09 1.3331E-09 1.3896E-09 1.4475E-09 1.5031E-09 1.5601E-09 1.6143E-09 1.6676E-09 1.7197E-09 1.7736E-09 1.8233E-09
5.3708E-11 5.6375E-11 5.9741E-11 6.2612E-11 6.6191E-11 6.9268E-11 7.2847E-11 7.6334E-11 7.9903E-11 8.3803E-11 8.7609E-11 9.1786E-11 9.5554E-11 1.0019E-10 1.0417E-10 1.0848E-10 1.1317E-10 1.1741E-10 1.3267E-10 1.4287E-10 1.5697E-10 1.6728E-10 1.7729E-10 1.9875E-10 2.2795E-10 2.5084E-10 2.8374E-10 3.1938E-10 3.4770E-10 3.8069E-10 4.2451E-10 4.7216E-10 5.1304E-10 5.6091E-10 6.1343E-10 6.5765E-10 7.0357E-10 7.5260E-10 8.0057E-10 8.5349E-10 9.0421E-10 9.5758E-10 1.0111E-09 1.0656E-09 1.1195E-09 1.1750E-09 1.2295E-09 1.2853E-09 1.3397E-09 1.3936E-09 1.4493E-09 1.5023E-09 1.5568E-09 1.6083E-09 1.6612E-09 1.7106E-09 1.7587E-09
5.2696E-11 5.5307E-11 5.8609E-11 6.1419E-11 6.4929E-11 6.7941E-11 7.1448E-11 7.4865E-11 7.8361E-11 8.2182E-11 8.5911E-11 9.0004E-11 9.3693E-11 9.8237E-11 1.0213E-10 1.0635E-10 1.1095E-10 1.1511E-10 1.2547E-10 1.3983E-10 1.5351E-10 1.6281E-10 1.7253E-10 1.9099E-10 2.2016E-10 2.4305E-10 2.7483E-10 3.0956E-10 3.3769E-10 3.6867E-10 4.1057E-10 4.5685E-10 4.9618E-10 5.4313E-10 5.9380E-10 6.3638E-10 6.7943E-10 7.2771E-10 7.7388E-10 8.2357E-10 8.7362E-10 9.2499E-10 9.7568E-10 1.0279E-09 1.0797E-09 1.1333E-09 1.1857E-09 1.2396E-09 1.2920E-09 1.3457E-09 1.3974E-09 1.4485E-09 1.5014E-09 1.5511E-09 1.5999E-09 1.6503E-09 1.6969E-09
5.1701E-11 5.4258E-11 5.7495E-11 6.0247E-11 6.3687E-11 6.6636E-11 7.0074E-11 7.3420E-11 7.6844E-11 8.0589E-11 8.3996E-11 8.8253E-11 9.1865E-11 9.6319E-11 1.0013E-10 1.0427E-10 1.0877E-10 1.1285E-10 1.1997E-10 1.3686E-10 1.5013E-10 1.5844E-10 1.6859E-10 1.8435E-10 2.1096E-10 2.3473E-10 2.6617E-10 2.9355E-10 3.2800E-10 3.5705E-10 3.9712E-10 4.4276E-10 4.7749E-10 5.2494E-10 5.7164E-10 6.1586E-10 6.5730E-10 7.0373E-10 7.4818E-10 7.9369E-10 8.4283E-10 8.9129E-10 9.4156E-10 9.9190E-10 1.0417E-09 1.0931E-09 1.1435E-09 1.1939E-09 1.2460E-09 1.2980E-09 1.3479E-09 1.3991E-09 1.4480E-09 1.4960E-09 1.5431E-09 1.5921E-09 1.6373E-09
5.0531E-11 5.3226E-11 5.6399E-11 5.9094E-11 6.2467E-11 6.5354E-11 6.8722E-11 7.2000E-11 7.5354E-11 7.9023E-11 8.2359E-11 8.6532E-11 9.0069E-11 9.4435E-11 9.8171E-11 1.0222E-10 1.0663E-10 1.1062E-10 1.1466E-10 1.3394E-10 1.4681E-10 1.5419E-10 1.6474E-10 1.7857E-10 2.0457E-10 2.2694E-10 2.5802E-10 2.8497E-10 3.1790E-10 3.4526E-10 3.8522E-10 4.2809E-10 4.6260E-10 5.0795E-10 5.5352E-10 5.9489E-10 6.3597E-10 6.7945E-10 7.2206E-10 7.6725E-10 8.1455E-10 8.6048E-10 9.0797E-10 9.5526E-10 1.0051E-09 1.0546E-09 1.1031E-09 1.1531E-09 1.2017E-09 1.2499E-09 1.3000E-09 1.3476E-09 1.3969E-09 1.4433E-09 1.4912E-09 1.5360E-09 1.5797E-09
4.9571E-11 5.2211E-11 5.5130E-11 5.7961E-11 6.1073E-11 6.4094E-11 6.7395E-11 7.0605E-11 7.3890E-11 7.7485E-11 8.0751E-11 8.4842E-11 8.8304E-11 9.2585E-11 9.6242E-11 1.0021E-10 1.0453E-10 1.0844E-10 1.1239E-10 1.3109E-10 1.4219E-10 1.5073E-10 1.6097E-10 1.7147E-10 1.9941E-10 2.2011E-10 2.4968E-10 2.7637E-10 3.0798E-10 3.3452E-10 3.6981E-10 4.1142E-10 4.4754E-10 4.9090E-10 5.3432E-10 5.7587E-10 6.1411E-10 6.5724E-10 6.9828E-10 7.4032E-10 7.8444E-10 8.3019E-10 8.7653E-10 9.2296E-10 9.6897E-10 1.0153E-09 1.0642E-09 1.1125E-09 1.1593E-09 1.2075E-09 1.2539E-09 1.2998E-09 1.3451E-09 1.3924E-09 1.4364E-09 1.4823E-09 1.5246E-09
4.8628E-11 5.1214E-11 5.4074E-11 5.6847E-11 5.9896E-11 6.2856E-11 6.6090E-11 6.9234E-11 7.2451E-11 7.5974E-11 7.9171E-11 8.3182E-11 8.6571E-11 9.0767E-11 9.4348E-11 9.8232E-11 1.0247E-10 1.0629E-10 1.1016E-10 1.2829E-10 1.3562E-10 1.4735E-10 1.5729E-10 1.6748E-10 1.8958E-10 2.1398E-10 2.4114E-10 2.6831E-10 2.9675E-10 3.2363E-10 3.5576E-10 3.9566E-10 4.3204E-10 4.7176E-10 5.1753E-10 5.5617E-10 5.9282E-10 6.3338E-10 6.7255E-10 7.1588E-10 7.5838E-10 8.0066E-10 8.4357E-10 8.8923E-10 9.3523E-10 9.8097E-10 1.0258E-09 1.0707E-09 1.1184E-09 1.1651E-09 1.2098E-09 1.2561E-09 1.3000E-09 1.3433E-09 1.3858E-09 1.4276E-09 1.4714E-09
4.7700E-11 5.0234E-11 5.3037E-11 5.5753E-11 5.8740E-11 6.1639E-11 6.4808E-11 6.7888E-11 7.1038E-11 7.4490E-11 7.7620E-11 8.1551E-11 8.4869E-11 8.8982E-11 9.2488E-11 9.6292E-11 1.0045E-10 1.0419E-10 1.0798E-10 1.2419E-10 1.3129E-10 1.4405E-10 1.5370E-10 1.6292E-10 1.8315E-10 2.0712E-10 2.3239E-10 2.6007E-10 2.8836E-10 3.1279E-10 3.4141E-10 3.7733E-10 4.1818E-10 4.5509E-10 4.9731E-10 5.3530E-10 5.7267E-10 6.1024E-10 6.4881E-10 6.8930E-10 7.2877E-10 7.7068E-10 8.1544E-10 8.5734E-10 8.9962E-10 9.4476E-10 9.9002E-10 1.0347E-09 1.0780E-09 1.1212E-09 1.1640E-09 1.2100E-09 1.2545E-09 1.2964E-09 1.3398E-09 1.3804E-09 1.4200E-09
4.6789E-11 4.9270E-11 5.2017E-11 5.4677E-11 5.7605E-11 6.0444E-11 6.3355E-11 6.6565E-11 6.9453E-11 7.3033E-11 7.6096E-11 7.9949E-11 8.3198E-11 8.6994E-11 9.0661E-11 9.4146E-11 9.8457E-11 1.0212E-10 1.0583E-10 1.2021E-10 1.2845E-10 1.4082E-10 1.4994E-10 1.5850E-10 1.7542E-10 1.9883E-10 2.2344E-10 2.5043E-10 2.7899E-10 3.0314E-10 3.3145E-10 3.6148E-10 4.0182E-10 4.4004E-10 4.8091E-10 5.1624E-10 5.5069E-10 5.8675E-10 6.2521E-10 6.6486E-10 7.0273E-10 7.4128E-10 7.8294E-10 8.2637E-10 8.6961E-10 9.1071E-10 9.5198E-10 9.9331E-10 1.0404E-09 1.0837E-09 1.1252E-09 1.1663E-09 1.2070E-09 1.2472E-09 1.2908E-09 1.3325E-09 1.3708E-09
4.5893E-11 4.8324E-11 5.1016E-11 5.3621E-11 5.6489E-11 5.9270E-11 6.2121E-11 6.5266E-11 6.8093E-11 7.1601E-11 7.4600E-11 7.8377E-11 8.1557E-11 8.5277E-11 8.8868E-11 9.2280E-11 9.6505E-11 1.0009E-10 1.0373E-10 1.1636E-10 1.2568E-10 1.3766E-10 1.4586E-10 1.5419E-10 1.6748E-10 1.9278E-10 2.1558E-10 2.4214E-10 2.6567E-10 2.9310E-10 3.1876E-10 3.4972E-10 3.8959E-10 4.1983E-10 4.6029E-10 5.0011E-10 5.3221E-10 5.6653E-10 6.0069E-10 6.3752E-10 6.7804E-10 7.1697E-10 7.5473E-10 7.9296E-10 8.3438E-10 8.7770E-10 9.1737E-10 9.6027E-10 1.0002E-09 1.0400E-09 1.0796E-09 1.1257E-09 1.1671E-09 1.2061E-09 1.2445E-09 1.2821E-09 1.3187E-09
4.4831E-11 4.7394E-11 5.0031E-11 5.2583E-11 5.5394E-11 5.8117E-11 6.0909E-11 6.3990E-11 6.6758E-11 7.0196E-11 7.3131E-11 7.6833E-11 7.9946E-11 8.3590E-11 8.7108E-11 9.0448E-11 9.4589E-11 9.8101E-11 1.0166E-10 1.0843E-10 1.2296E-10 1.3458E-10 1.4190E-10 1.5063E-10 1.6101E-10 1.8625E-10 2.0423E-10 2.3365E-10 2.5755E-10 2.8229E-10 3.0614E-10 3.3427E-10 3.7168E-10 4.0697E-10 4.4616E-10 4.7896E-10 5.0930E-10 5.4739E-10 5.8017E-10 6.1523E-10 6.4969E-10 6.8690E-10 7.2439E-10 7.6470E-10 8.0420E-10 8.4175E-10 8.7947E-10 9.2323E-10 9.6387E-10 1.0022E-09 1.0439E-09 1.0820E-09 1.1196E-09 1.1604E-09 1.2037E-09 1.2401E-09 1.2757E-09
4.3969E-11 4.6481E-11 4.8882E-11 5.1564E-11 5.4132E-11 5.6985E-11 5.9719E-11 6.2738E-11 6.5447E-11 6.8816E-11 7.1690E-11 7.5317E-11 7.8365E-11 8.1935E-11 8.5380E-11 8.8650E-11 9.2708E-11 9.6147E-11 9.9630E-11 1.0365E-10 1.2031E-10 1.3156E-10 1.3806E-10 1.4715E-10 1.5651E-10 1.8154E-10 1.9682E-10 2.2410E-10 2.4686E-10 2.7195E-10 2.9702E-10 3.2450E-10 3.5764E-10 3.8850E-10 4.2731E-10 4.6420E-10 4.9346E-10 5.2362E-10 5.5460E-10 5.8803E-10 6.2719E-10 6.6265E-10 6.9704E-10 7.3186E-10 7.6964E-10 8.0744E-10 8.5062E-10 8.8718E-10 9.2374E-10 9.6020E-10 1.0062E-09 1.0428E-09 1.0792E-09 1.1191E-09 1.1546E-09 1.1893E-09 1.2231E-09
4.3123E-11 4.5584E-11 4.7935E-11 5.0563E-11 5.3078E-11 5.5873E-11 5.8551E-11 6.1508E-11 6.4160E-11 6.7461E-11 7.0274E-11 7.3606E-11 7.6813E-11 8.0311E-11 8.3685E-11 8.6886E-11 9.0863E-11 9.4229E-11 9.7639E-11 1.0158E-10 1.1771E-10 1.2547E-10 1.3493E-10 1.4376E-10 1.5248E-10 1.6947E-10 1.8880E-10 2.1705E-10 2.3975E-10 2.6055E-10 2.8236E-10 3.0933E-10 3.4005E-10 3.7271E-10 4.1083E-10 4.4294E-10 4.7366E-10 5.0727E-10 5.3716E-10 5.6778E-10 5.9906E-10 6.3288E-10 6.6875E-10 7.0819E-10 7.4218E-10 7.7644E-10 8.1374E-10 8.5092E-10 8.8586E-10 9.2890E-10 9.6407E-10 9.9899E-10 1.0336E-09 1.0747E-09 1.1130E-09 1.1464E-09 1.1789E-09
4.2291E-11 4.4703E-11 4.7006E-11 4.9581E-11 5.2043E-11 5.4782E-11 5.7218E-11 6.0301E-11 6.2896E-11 6.6131E-11 6.8885E-11 7.2149E-11 7.5290E-11 7.8491E-11 8.2021E-11 8.5155E-11 8.9052E-11 9.2348E-11 9.5686E-11 9.9547E-11 1.1516E-10 1.2020E-10 1.3164E-10 1.4045E-10 1.4891E-10 1.6109E-10 1.8296E-10 2.0570E-10 2.2914E-10 2.5334E-10 2.7393E-10 2.9674E-10 3.2283E-10 3.5801E-10 3.9571E-10 4.2766E-10 4.5611E-10 4.8352E-10 5.1168E-10 5.4990E-10 5.8010E-10 6.1087E-10 6.4213E-10 6.7603E-10 7.0822E-10 7.4457E-10 7.8467E-10 8.1809E-10 8.5153E-10 8.9095E-10 9.2460E-10 9.5804E-10 9.9481E-10 1.0333E-09 1.0658E-09 1.0975E-09 1.1322E-09
4.1299E-11 4.3838E-11 4.6093E-11 4.8616E-11 5.1028E-11 5.3710E-11 5.6095E-11 5.9116E-11 6.1657E-11 6.4827E-11 6.7522E-11 7.0720E-11 7.3795E-11 7.6930E-11 8.0388E-11 8.3456E-11 8.7275E-11 9.0502E-11 9.3771E-11 9.7552E-11 1.1022E-10 1.1758E-10 1.2866E-10 1.3722E-10 1.4484E-10 1.5444E-10 1.7605E-10 1.9849E-10 2.2116E-10 2.4078E-10 2.6266E-10 2.8793E-10 3.0965E-10 3.4111E-10 3.7462E-10 4.0675E-10 4.3662E-10 4.6649E-10 4.9587E-10 5.2374E-10 5.5222E-10 5.8125E-10 6.2174E-10 6.5236E-10 6.8331E-10 7.1452E-10 7.4858E-10 7.8027E-10 8.1919E-10 8.5132E-10 8.8873E-10 9.2079E-10 9.5570E-10 9.9095E-10 1.0220E-09 1.0524E-09 1.0863E-09
4.0500E-11 4.2988E-11 4.5020E-11 4.7668E-11 4.9851E-11 5.2658E-11 5.4993E-11 5.7953E-11 6.0440E-11 6.3546E-11 6.6185E-11 6.9317E-11 7.2329E-11 7.5399E-11 7.8786E-11 8.1790E-11 8.5532E-11 8.8691E-11 9.1891E-11 9.5367E-11 1.0667E-10 1.1501E-10 1.2575E-10 1.3407E-10 1.4030E-10 1.5078E-10 1.6911E-10 1.8838E-10 2.1102E-10 2.3080E-10 2.5356E-10 2.7234E-10 2.9340E-10 3.2882E-10 3.5907E-10 3.9076E-10 4.1616E-10 4.4056E-10 4.7415E-10 5.0501E-10 5.3504E-10 5.6308E-10 5.9160E-10 6.2052E-10 6.5316E-10 6.8708E-10 7.2220E-10 7.5271E-10 7.8327E-10 8.1688E-10 8.4751E-10 8.8114E-10 9.1650E-10 9.4665E-10 9.7627E-10 1.0110E-09 1.0433E-09
3.9715E-11 4.2154E-11 4.4144E-11 4.6738E-11 4.8875E-11 5.1626E-11 5.3912E-11 5.6811E-11 5.9246E-11 6.2107E-11 6.4872E-11 6.7941E-11 7.0890E-11 7.3897E-11 7.7215E-11 8.0155E-11 8.3601E-11 8.6915E-11 9.0048E-11 9.3452E-11 9.7174E-11 1.1251E-10 1.2291E-10 1.2983E-10 1.3704E-10 1.4688E-10 1.6227E-10 1.7938E-10 2.0312E-10 2.1994E-10 2.4160E-10 2.6350E-10 2.8362E-10 3.0873E-10 3.3796E-10 3.7609E-10 3.9890E-10 4.2531E-10 4.5157E-10 4.7641E-10 5.0473E-10 5.4271E-10 5.7313E-10 6.0109E-10 6.2938E-10 6.5794E-10 6.8670E-10 7.1951E-10 7.4869E-10 7.8274E-10 8.1762E-10 8.4687E-10 8.7929E-10 9.0812E-10 9.3639E-10 9.6791E-10 9.9516E-10
3.8946E-11 4.1336E-11 4.3283E-11 4.5826E-11 4.7917E-11 5.0613E-11 5.2850E-11 5.5691E-11 5.8075E-11 6.0877E-11 6.3585E-11 6.6378E-11 6.9479E-11 7.2206E-11 7.5674E-11 7.8552E-11 8.1927E-11 8.5173E-11 8.8241E-11 9.1574E-11 9.5220E-11 1.1006E-10 1.2014E-10 1.2630E-10 1.3387E-10 1.4275E-10 1.5831E-10 1.6939E-10 1.9464E-10 2.1326E-10 2.3108E-10 2.5003E-10 2.6888E-10 2.9572E-10 3.2192E-10 3.5465E-10 3.7752E-10 4.0423E-10 4.3231E-10 4.5964E-10 4.8652E-10 5.1155E-10 5.4029E-10 5.6636E-10 5.9868E-10 6.3736E-10 6.6521E-10 6.9319E-10 7.2125E-10 7.4933E-10 7.7736E-10 8.0980E-10 8.3768E-10 8.7057E-10 8.9774E-10 9.2442E-10 9.5438E-10
3.8190E-11 4.0532E-11 4.2438E-11 4.4930E-11 4.6978E-11 4.9619E-11 5.1809E-11 5.4593E-11 5.6925E-11 5.9670E-11 6.2322E-11 6.5057E-11 6.8095E-11 7.0764E-11 7.4162E-11 7.6980E-11 8.0286E-11 8.3465E-11 8.6468E-11 8.9508E-11 9.3304E-11 1.0767E-10 1.1339E-10 1.2343E-10 1.3077E-10 1.3874E-10 1.4876E-10 1.6388E-10 1.8678E-10 2.0246E-10 2.2093E-10 2.4046E-10 2.5708E-10 2.7839E-10 3.0326E-10 3.3871E-10 3.6013E-10 3.8546E-10 4.0870E-10 4.3388E-10 4.5925E-10 4.9252E-10 5.2061E-10 5.4560E-10 5.7452E-10 6.0033E-10 6.2879E-10 6.5510E-10 6.9492E-10 7.2600E-10 7.5314E-10 7.8015E-10 8.0692E-10 8.3327E-10 8.5937E-10 8.9007E-10 9.1525E-10
