Assets/Resources/2015_m01_d06_1600(utc+0800)_l00_csi_1hr_conc.grd
DSAA
         159         159
     -79.000      79.000
     -79.000      79.000
  0.0000E+00  0.1011E-04
[rows 25 to 49 of 159, columns 57 to 113 of 159]
9.8460E-10 1.1641E-09 1.3698E-09 1.6022E-09 1.8624E-09 2.1543E-09 2.4778E-09 2.8313E-09 3.2161E-09 3.6331E-09 4.0795E-09 4.5512E-09 5.0452E-09 5.5587E-09 6.0858E-09 6.6210E-09 7.1574E-09 7.6890E-09 8.2088E-09 8.7095E-09 9.1838E-09 9.6243E-09 1.0024E-08 1.0377E-08 1.0678E-08 1.0921E-08 1.1104E-08 1.1223E-08 1.1278E-08 1.1267E-08 1.1192E-08 1.1055E-08 1.0858E-08 1.0607E-08 1.0304E-08 9.9565E-09 9.5694E-09 9.1493E-09 8.7028E-09 8.2361E-09 7.7552E-09 7.2666E-09 6.7768E-09 6.2904E-09 5.8102E-09 5.3432E-09 4.8921E-09 4.4569E-09 4.0458E-09 3.6571E-09 3.2906E-09 2.9518E-09 2.6361E-09 2.3474E-09 2.0826E-09 1.8421E-09 1.6239E-09
9.6667E-10 1.1468E-09 1.3525E-09 1.5852E-09 1.8485E-09 2.1436E-09 2.4694E-09 2.8281E-09 3.2212E-09 3.6464E-09 4.1005E-09 4.5826E-09 5.0901E-09 5.6189E-09 6.1629E-09 6.7157E-09 7.2717E-09 7.8232E-09 8.3631E-09 8.8832E-09 9.3758E-09 9.8334E-09 1.0249E-08 1.0615E-08 1.0927E-08 1.1180E-08 1.1368E-08 1.1491E-08 1.1545E-08 1.1531E-08 1.1450E-08 1.1304E-08 1.1095E-08 1.0829E-08 1.0510E-08 1.0145E-08 9.7399E-09 9.3006E-09 8.8344E-09 8.3481E-09 7.8485E-09 7.3420E-09 6.8333E-09 6.3287E-09 5.8345E-09 5.3546E-09 4.8896E-09 4.4473E-09 4.0254E-09 3.6300E-09 3.2597E-09 2.9135E-09 2.5974E-09 2.3049E-09 2.0392E-09 1.7976E-09 1.5804E-09
9.4745E-10 1.1272E-09 1.3320E-09 1.5658E-09 1.8307E-09 2.1266E-09 2.4556E-09 2.8202E-09 3.2195E-09 3.6506E-09 4.1142E-09 4.6079E-09 5.1284E-09 5.6702E-09 6.2288E-09 6.7978E-09 7.3710E-09 7.9406E-09 8.4982E-09 9.0360E-09 9.5459E-09 1.0020E-08 1.0450E-08 1.0830E-08 1.1153E-08 1.1414E-08 1.1609E-08 1.1734E-08 1.1788E-08 1.1771E-08 1.1684E-08 1.1529E-08 1.1309E-08 1.1030E-08 1.0695E-08 1.0312E-08 9.8877E-09 9.4295E-09 8.9443E-09 8.4391E-09 7.9203E-09 7.3955E-09 6.8715E-09 6.3534E-09 5.8442E-09 5.3510E-09 4.8777E-09 4.4234E-09 3.9959E-09 3.5922E-09 3.2181E-09 2.8702E-09 2.5479E-09 2.2572E-09 1.9902E-09 1.7483E-09 1.5328E-09
9.2683E-10 1.1045E-09 1.3089E-09 1.5432E-09 1.8079E-09 2.1050E-09 2.4383E-09 2.8070E-09 3.2097E-09 3.6475E-09 4.1197E-09 4.6232E-09 5.1539E-09 5.7078E-09 6.2800E-09 6.8646E-09 7.4537E-09 8.0402E-09 8.6158E-09 9.1719E-09 9.6996E-09 1.0191E-08 1.0636E-08 1.1030E-08 1.1364E-08 1.1634E-08 1.1834E-08 1.1962E-08 1.2016E-08 1.1996E-08 1.1902E-08 1.1738E-08 1.1506E-08 1.1212E-08 1.0863E-08 1.0463E-08 1.0021E-08 9.5435E-09 9.0381E-09 8.5142E-09 7.9778E-09 7.4361E-09 6.8943E-09 6.3606E-09 5.8389E-09 5.3351E-09 4.8498E-09 4.3894E-09 3.9536E-09 3.5466E-09 3.1657E-09 2.8163E-09 2.4951E-09 2.1987E-09 1.9342E-09 1.6946E-09 1.4796E-09
9.0359E-10 1.0795E-09 1.2833E-09 1.5166E-09 1.7806E-09 2.0801E-09 2.4153E-09 2.7858E-09 3.1927E-09 3.6370E-09 4.1163E-09 4.6273E-09 5.1682E-09 5.7348E-09 6.3207E-09 6.9196E-09 7.5246E-09 8.1278E-09 8.7204E-09 9.2937E-09 9.8380E-09 1.0345E-08 1.0806E-08 1.1213E-08 1.1558E-08 1.1836E-08 1.2043E-08 1.2173E-08 1.2227E-08 1.2204E-08 1.2104E-08 1.1930E-08 1.1687E-08 1.1380E-08 1.1014E-08 1.0596E-08 1.0135E-08 9.6391E-09 9.1158E-09 8.5718E-09 8.0167E-09 7.4581E-09 6.9019E-09 6.3539E-09 5.8180E-09 5.3025E-09 4.8099E-09 4.3408E-09 3.9005E-09 3.4881E-09 3.1070E-09 2.7531E-09 2.4303E-09 2.1388E-09 1.8726E-09 1.6347E-09 1.4234E-09
8.7837E-10 1.0530E-09 1.2554E-09 1.4864E-09 1.7510E-09 2.0513E-09 2.3862E-09 2.7582E-09 3.1700E-09 3.6203E-09 4.1061E-09 4.6261E-09 5.1771E-09 5.7543E-09 6.3529E-09 6.9658E-09 7.5862E-09 8.2050E-09 8.8140E-09 9.4037E-09 9.9651E-09 1.0488E-08 1.0965E-08 1.1385E-08 1.1742E-08 1.2028E-08 1.2240E-08 1.2373E-08 1.2426E-08 1.2398E-08 1.2291E-08 1.2108E-08 1.1852E-08 1.1529E-08 1.1147E-08 1.0713E-08 1.0234E-08 9.7176E-09 9.1736E-09 8.6116E-09 8.0380E-09 7.4608E-09 6.8880E-09 6.3273E-09 5.7822E-09 5.2556E-09 4.7543E-09 4.2798E-09 3.8344E-09 3.4202E-09 3.0354E-09 2.6842E-09 2.3610E-09 2.0691E-09 1.8084E-09 1.5719E-09 1.3622E-09
8.5183E-10 1.0255E-09 1.2247E-09 1.4547E-09 1.7186E-09 2.0165E-09 2.3508E-09 2.7263E-09 3.1411E-09 3.5937E-09 4.0837E-09 4.6099E-09 5.1690E-09 5.7558E-09 6.3658E-09 6.9916E-09 7.6259E-09 8.2604E-09 8.8860E-09 9.4927E-09 1.0070E-08 1.0609E-08 1.1100E-08 1.1533E-08 1.1900E-08 1.2195E-08 1.2413E-08 1.2549E-08 1.2601E-08 1.2570E-08 1.2456E-08 1.2263E-08 1.1996E-08 1.1659E-08 1.1260E-08 1.0807E-08 1.0308E-08 9.7740E-09 9.2125E-09 8.6317E-09 8.0406E-09 7.4480E-09 6.8598E-09 6.2848E-09 5.7266E-09 5.1932E-09 4.6844E-09 4.2047E-09 3.7562E-09 3.3399E-09 2.9568E-09 2.6038E-09 2.2838E-09 1.9952E-09 1.7342E-09 1.5014E-09 1.2981E-09
8.2366E-10 9.9506E-10 1.1924E-09 1.4213E-09 1.6826E-09 1.9782E-09 2.3146E-09 2.6902E-09 3.1041E-09 3.5580E-09 4.0527E-09 4.5852E-09 5.1516E-09 5.7479E-09 6.3680E-09 7.0062E-09 7.6545E-09 8.3039E-09 8.9450E-09 9.5671E-09 1.0160E-08 1.0714E-08 1.1219E-08 1.1664E-08 1.2043E-08 1.2346E-08 1.2569E-08 1.2708E-08 1.2760E-08 1.2725E-08 1.2604E-08 1.2401E-08 1.2120E-08 1.1769E-08 1.1353E-08 1.0883E-08 1.0366E-08 9.8121E-09 9.2301E-09 8.6310E-09 8.0231E-09 7.4138E-09 6.8123E-09 6.2245E-09 5.6574E-09 5.1138E-09 4.5998E-09 4.1162E-09 3.6653E-09 3.2494E-09 2.8658E-09 2.5177E-09 2.1997E-09 1.9135E-09 1.6590E-09 1.4314E-09 1.2301E-09
7.9476E-10 9.6375E-10 1.1589E-09 1.3846E-09 1.6424E-09 1.9391E-09 2.2742E-09 2.6466E-09 3.0597E-09 3.5165E-09 4.0160E-09 4.5544E-09 5.1264E-09 5.7309E-09 6.3615E-09 7.0109E-09 7.6712E-09 8.3336E-09 8.9887E-09 9.6260E-09 1.0235E-08 1.0804E-08 1.1322E-08 1.1779E-08 1.2168E-08 1.2479E-08 1.2707E-08 1.2848E-08 1.2899E-08 1.2860E-08 1.2732E-08 1.2519E-08 1.2226E-08 1.1859E-08 1.1427E-08 1.0937E-08 1.0400E-08 9.8280E-09 9.2289E-09 8.6124E-09 7.9871E-09 7.3636E-09 6.7496E-09 6.1498E-09 5.5706E-09 5.0209E-09 4.5016E-09 4.0152E-09 3.5636E-09 3.1474E-09 2.7684E-09 2.4212E-09 2.1088E-09 1.8293E-09 1.5768E-09 1.3546E-09 1.1601E-09
7.6505E-10 9.2991E-10 1.1227E-09 1.3449E-09 1.6023E-09 1.8968E-09 2.2275E-09 2.5985E-09 3.0135E-09 3.4702E-09 3.9695E-09 4.5084E-09 5.0847E-09 5.6949E-09 6.3332E-09 6.9922E-09 7.6626E-09 8.3374E-09 9.0058E-09 9.6569E-09 1.0279E-08 1.0861E-08 1.1391E-08 1.1860E-08 1.2258E-08 1.2577E-08 1.2811E-08 1.2954E-08 1.3005E-08 1.2962E-08 1.2828E-08 1.2605E-08 1.2299E-08 1.1918E-08 1.1470E-08 1.0964E-08 1.0411E-08 9.8201E-09 9.2022E-09 8.5692E-09 7.9304E-09 7.2925E-09 6.6650E-09 6.0567E-09 5.4719E-09 4.9125E-09 4.3899E-09 3.9023E-09 3.4509E-09 3.0370E-09 2.6597E-09 2.3204E-09 2.0111E-09 1.7374E-09 1.4949E-09 1.2770E-09 1.0866E-09
7.3090E-10 8.9557E-10 1.0857E-09 1.3052E-09 1.5595E-09 1.8488E-09 2.1764E-09 2.5472E-09 2.9599E-09 3.4151E-09 3.9144E-09 4.4568E-09 5.0394E-09 5.6566E-09 6.3015E-09 6.9695E-09 7.6517E-09 8.3375E-09 9.0176E-09 9.6807E-09 1.0315E-08 1.0910E-08 1.1453E-08 1.1933E-08 1.2340E-08 1.2666E-08 1.2904E-08 1.3049E-08 1.3098E-08 1.3051E-08 1.2909E-08 1.2676E-08 1.2358E-08 1.1962E-08 1.1497E-08 1.0973E-08 1.0401E-08 9.7933E-09 9.1595E-09 8.5106E-09 7.8552E-09 7.2045E-09 6.5684E-09 5.9479E-09 5.3554E-09 4.7956E-09 4.2667E-09 3.7792E-09 3.3300E-09 2.9190E-09 2.5466E-09 2.2110E-09 1.9118E-09 1.6435E-09 1.4061E-09 1.1974E-09 1.0130E-09
6.9579E-10 8.5921E-10 1.0468E-09 1.2638E-09 1.5132E-09 1.7975E-09 2.1242E-09 2.4917E-09 2.8998E-09 3.3538E-09 3.8546E-09 4.3984E-09 4.9818E-09 5.6000E-09 6.2498E-09 6.9245E-09 7.6159E-09 8.3120E-09 9.0022E-09 9.6769E-09 1.0323E-08 1.0930E-08 1.1483E-08 1.1972E-08 1.2387E-08 1.2718E-08 1.2959E-08 1.3104E-08 1.3151E-08 1.3099E-08 1.2950E-08 1.2708E-08 1.2378E-08 1.1969E-08 1.1490E-08 1.0951E-08 1.0364E-08 9.7392E-09 9.0888E-09 8.4252E-09 7.7588E-09 7.0973E-09 6.4494E-09 5.8257E-09 5.2293E-09 4.6630E-09 4.1375E-09 3.6450E-09 3.2012E-09 2.7952E-09 2.4281E-09 2.0996E-09 1.8069E-09 1.5481E-09 1.3181E-09 1.1171E-09 9.3783E-10
6.5778E-10 8.2033E-10 1.0063E-09 1.2196E-09 1.4637E-09 1.7463E-09 2.0677E-09 2.4289E-09 2.8346E-09 3.2891E-09 3.7881E-09 4.3302E-09 4.9145E-09 5.5392E-09 6.1986E-09 6.8824E-09 7.5824E-09 8.2897E-09 8.9898E-09 9.6740E-09 1.0330E-08 1.0945E-08 1.1507E-08 1.2004E-08 1.2426E-08 1.2762E-08 1.3006E-08 1.3152E-08 1.3196E-08 1.3138E-08 1.2980E-08 1.2725E-08 1.2383E-08 1.1960E-08 1.1466E-08 1.0911E-08 1.0308E-08 9.6684E-09 9.0044E-09 8.3275E-09 7.6473E-09 6.9748E-09 6.3221E-09 5.6875E-09 5.0885E-09 4.5249E-09 3.9962E-09 3.5127E-09 3.0650E-09 2.6671E-09 2.3074E-09 1.9844E-09 1.7019E-09 1.4516E-09 1.2276E-09 1.0354E-09 8.6631E-10
6.1864E-10 7.8048E-10 9.6230E-10 1.1731E-09 1.4158E-09 1.6931E-09 2.0082E-09 2.3658E-09 2.7680E-09 3.2189E-09 3.7145E-09 4.2573E-09 4.8459E-09 5.4749E-09 6.1376E-09 6.8245E-09 7.5297E-09 8.2439E-09 8.9540E-09 9.6462E-09 1.0311E-08 1.0934E-08 1.1504E-08 1.2006E-08 1.2433E-08 1.2772E-08 1.3016E-08 1.3159E-08 1.3199E-08 1.3136E-08 1.2970E-08 1.2707E-08 1.2354E-08 1.1915E-08 1.1407E-08 1.0838E-08 1.0221E-08 9.5681E-09 8.8919E-09 8.2043E-09 7.5164E-09 6.8385E-09 6.1768E-09 5.5440E-09 4.9420E-09 4.3755E-09 3.8533E-09 3.3697E-09 2.9337E-09 2.5347E-09 2.1851E-09 1.8727E-09 1.5954E-09 1.3560E-09 1.1417E-09 9.5697E-10 7.9319E-10
5.8179E-10 7.3570E-10 9.1568E-10 1.1269E-09 1.3662E-09 1.6385E-09 1.9484E-09 2.3028E-09 2.7021E-09 3.1480E-09 3.6431E-09 4.1869E-09 4.7762E-09 5.4059E-09 6.0703E-09 6.7641E-09 7.4786E-09 8.2017E-09 8.9222E-09 9.6245E-09 1.0296E-08 1.0926E-08 1.1501E-08 1.2010E-08 1.2439E-08 1.2779E-08 1.3023E-08 1.3163E-08 1.3197E-08 1.3126E-08 1.2951E-08 1.2676E-08 1.2309E-08 1.1859E-08 1.1337E-08 1.0750E-08 1.0120E-08 9.4542E-09 8.7667E-09 8.0690E-09 7.3726E-09 6.6873E-09 6.0250E-09 5.3896E-09 4.7879E-09 4.2274E-09 3.7031E-09 3.2288E-09 2.7929E-09 2.4054E-09 2.0613E-09 1.7586E-09 1.4926E-09 1.2606E-09 1.0546E-09 8.7867E-10 7.2131E-10
5.5007E-10 6.9802E-10 8.7112E-10 1.0782E-09 1.3147E-09 1.5835E-09 1.8921E-09 2.2411E-09 2.6352E-09 3.0803E-09 3.5763E-09 4.1190E-09 4.7083E-09 5.3402E-09 6.0129E-09 6.7156E-09 7.4378E-09 8.1679E-09 8.8961E-09 9.6095E-09 1.0289E-08 1.0926E-08 1.1507E-08 1.2020E-08 1.2452E-08 1.2794E-08 1.3036E-08 1.3172E-08 1.3202E-08 1.3121E-08 1.2934E-08 1.2646E-08 1.2265E-08 1.1799E-08 1.1260E-08 1.0663E-08 1.0016E-08 9.3352E-09 8.6360E-09 7.9289E-09 7.2255E-09 6.5364E-09 5.8694E-09 5.2333E-09 4.6330E-09 4.0718E-09 3.5575E-09 3.0845E-09 2.6623E-09 2.2759E-09 1.9410E-09 1.6482E-09 1.3901E-09 1.1697E-09 9.7019E-10 8.0251E-10 6.5058E-10
5.2052E-10 6.6190E-10 8.2956E-10 1.0313E-09 1.2639E-09 1.5306E-09 1.8362E-09 2.1787E-09 2.5741E-09 3.0184E-09 3.5141E-09 4.0576E-09 4.6509E-09 5.2886E-09 5.9638E-09 6.6701E-09 7.3965E-09 8.1350E-09 8.8737E-09 9.5973E-09 1.0289E-08 1.0933E-08 1.1518E-08 1.2032E-08 1.2464E-08 1.2805E-08 1.3043E-08 1.3173E-08 1.3192E-08 1.3103E-08 1.2904E-08 1.2602E-08 1.2203E-08 1.1724E-08 1.1172E-08 1.0556E-08 9.8969E-09 9.2064E-09 8.4932E-09 7.7782E-09 7.0689E-09 6.3761E-09 5.7080E-09 5.0737E-09 4.4761E-09 3.9228E-09 3.4098E-09 2.9480E-09 2.5289E-09 2.1533E-09 1.8246E-09 1.5390E-09 1.2905E-09 1.0795E-09 8.8689E-10 7.2663E-10 5.8256E-10
4.8969E-10 6.2538E-10 7.9074E-10 9.8609E-10 1.2115E-09 1.4785E-09 1.7753E-09 2.1174E-09 2.5150E-09 2.9636E-09 3.4578E-09 4.0045E-09 4.6021E-09 5.2456E-09 5.9293E-09 6.6455E-09 7.3861E-09 8.1388E-09 8.8881E-09 9.6197E-09 1.0322E-08 1.0975E-08 1.1565E-08 1.2083E-08 1.2515E-08 1.2850E-08 1.3081E-08 1.3204E-08 1.3214E-08 1.3111E-08 1.2897E-08 1.2581E-08 1.2169E-08 1.1670E-08 1.1095E-08 1.0467E-08 9.7914E-09 9.0838E-09 8.3630E-09 7.6352E-09 6.9197E-09 6.2229E-09 5.5539E-09 4.9196E-09 4.3235E-09 3.7729E-09 3.2723E-09 2.8118E-09 2.4048E-09 2.0304E-09 1.7141E-09 1.4369E-09 1.1955E-09 9.9300E-10 8.0646E-10 6.5457E-10 5.2008E-10
4.6115E-10 5.9207E-10 7.4944E-10 9.3646E-10 1.1619E-09 1.4227E-09 1.7158E-09 2.0579E-09 2.4559E-09 2.9041E-09 3.4075E-09 3.9630E-09 4.5670E-09 5.2192E-09 5.9131E-09 6.6407E-09 7.3918E-09 8.1542E-09 8.9144E-09 9.6596E-09 1.0374E-08 1.1040E-08 1.1637E-08 1.2157E-08 1.2589E-08 1.2921E-08 1.3146E-08 1.3256E-08 1.3251E-08 1.3131E-08 1.2901E-08 1.2565E-08 1.2133E-08 1.1616E-08 1.1028E-08 1.0375E-08 9.6854E-09 8.9686E-09 8.2321E-09 7.4974E-09 6.7716E-09 6.0714E-09 5.4015E-09 4.7691E-09 4.1792E-09 3.6327E-09 3.1348E-09 2.6886E-09 2.2835E-09 1.9201E-09 1.6102E-09 1.3386E-09 1.1043E-09 9.0927E-10 7.3088E-10 5.8842E-10 4.6211E-10
4.2336E-10 5.5443E-10 7.0932E-10 8.9064E-10 1.1117E-09 1.3607E-09 1.6568E-09 1.9978E-09 2.3938E-09 2.8459E-09 3.3580E-09 3.9224E-09 4.5382E-09 5.2027E-09 5.9107E-09 6.6557E-09 7.4267E-09 8.2113E-09 8.9909E-09 9.7528E-09 1.0480E-08 1.1156E-08 1.1761E-08 1.2282E-08 1.2711E-08 1.3037E-08 1.3253E-08 1.3351E-08 1.3332E-08 1.3194E-08 1.2942E-08 1.2581E-08 1.2128E-08 1.1589E-08 1.0975E-08 1.0310E-08 9.6001E-09 8.8616E-09 8.1174E-09 7.3697E-09 6.6406E-09 5.9313E-09 5.2585E-09 4.6266E-09 4.0396E-09 3.5005E-09 3.0092E-09 2.5661E-09 2.1735E-09 1.8124E-09 1.5124E-09 1.2496E-09 1.0184E-09 8.3222E-10 6.6123E-10 5.2693E-10 4.0751E-10
3.9474E-10 5.1519E-10 6.5957E-10 8.3969E-10 1.0550E-09 1.3029E-09 1.5971E-09 1.9354E-09 2.3325E-09 2.7908E-09 3.3092E-09 3.8883E-09 4.5199E-09 5.2038E-09 5.9354E-09 6.7041E-09 7.4986E-09 8.3046E-09 9.1041E-09 9.8831E-09 1.0625E-08 1.1314E-08 1.1935E-08 1.2465E-08 1.2894E-08 1.3213E-08 1.3416E-08 1.3500E-08 1.3461E-08 1.3299E-08 1.3024E-08 1.2640E-08 1.2155E-08 1.1590E-08 1.0957E-08 1.0263E-08 9.5316E-09 8.7778E-09 8.0135E-09 7.2575E-09 6.5154E-09 5.8052E-09 5.1271E-09 4.4954E-09 3.9091E-09 3.3741E-09 2.8903E-09 2.4569E-09 2.0692E-09 1.7141E-09 1.4242E-09 1.1646E-09 9.3888E-10 7.6053E-10 5.9633E-10 4.7082E-10 3.5927E-10
3.5655E-10 4.7351E-10 6.1844E-10 7.8879E-10 9.9425E-10 1.2407E-09 1.5323E-09 1.8767E-09 2.2740E-09 2.7360E-09 3.2646E-09 3.8592E-09 4.5174E-09 5.2223E-09 5.9777E-09 6.7715E-09 7.5934E-09 8.4299E-09 9.2602E-09 1.0070E-08 1.0838E-08 1.1547E-08 1.2178E-08 1.2718E-08 1.3146E-08 1.3458E-08 1.3649E-08 1.3710E-08 1.3647E-08 1.3464E-08 1.3158E-08 1.2739E-08 1.2228E-08 1.1629E-08 1.0959E-08 1.0243E-08 9.4904E-09 8.7100E-09 7.9268E-09 7.1568E-09 6.4050E-09 5.6833E-09 5.0030E-09 4.3688E-09 3.7858E-09 3.2543E-09 2.7754E-09 2.3490E-09 1.9708E-09 1.6204E-09 1.3365E-09 1.0850E-09 8.6373E-10 6.9620E-10 5.3725E-10 4.1955E-10 3.1526E-10
3.2175E-10 4.2999E-10 5.6634E-10 7.3446E-10 9.4041E-10 1.1823E-09 1.4640E-09 1.9544E-09 2.2227E-09 2.6874E-09 3.2272E-09 3.8371E-09 4.5173E-09 5.2600E-09 6.0471E-09 6.8785E-09 7.7417E-09 8.6170E-09 9.4837E-09 1.0324E-08 1.1117E-08 1.1845E-08 1.2490E-08 1.3034E-08 1.3464E-08 1.3766E-08 1.3942E-08 1.3989E-08 1.3900E-08 1.3675E-08 1.3336E-08 1.2887E-08 1.2335E-08 1.1698E-08 1.1000E-08 1.0247E-08 9.4576E-09 8.6601E-09 7.8559E-09 7.0625E-09 6.3018E-09 5.5716E-09 4.8842E-09 4.2458E-09 3.6646E-09 3.1375E-09 2.6649E-09 2.2452E-09 1.8777E-09 1.5297E-09 1.2509E-09 1.0066E-09 7.9141E-10 6.3259E-10 4.8261E-10 3.7212E-10 2.7147E-10
2.8841E-10 3.9141E-10 5.1777E-10 6.7691E-10 8.7745E-10 1.1181E-09 1.4001E-09 1.9308E-09 2.5743E-09 2.6490E-09 3.1920E-09 3.8245E-09 4.5338E-09 5.3179E-09 6.1552E-09 7.0292E-09 7.9353E-09 8.8518E-09 9.7584E-09 1.0638E-08 1.1466E-08 1.2221E-08 1.2883E-08 1.3436E-08 1.3867E-08 1.4160E-08 1.4314E-08 1.4328E-08 1.4206E-08 1.3951E-08 1.3567E-08 1.3066E-08 1.2476E-08 1.1805E-08 1.1059E-08 1.0271E-08 9.4518E-09 8.6182E-09 7.7927E-09 6.9834E-09 6.1993E-09 5.4618E-09 4.7708E-09 4.1306E-09 3.5466E-09 3.0222E-09 2.5550E-09 2.1427E-09 1.7820E-09 1.4360E-09 1.1680E-09 9.3136E-10 7.2179E-10 5.7112E-10 4.2977E-10 3.2645E-10 2.3018E-10
2.5404E-10 3.5127E-10 4.7433E-10 6.2422E-10 8.1614E-10 1.0514E-09 1.3403E-09 1.9004E-09 2.5534E-09 2.8299E-09 3.1773E-09 3.8267E-09 4.5726E-09 5.3965E-09 6.2892E-09 7.2207E-09 8.1831E-09 9.1566E-09 1.0120E-08 1.1047E-08 1.1914E-08 1.2697E-08 1.3376E-08 1.3933E-08 1.4356E-08 1.4633E-08 1.4761E-08 1.4744E-08 1.4583E-08 1.4277E-08 1.3848E-08 1.3305E-08 1.2656E-08 1.1926E-08 1.1143E-08 1.0310E-08 9.4478E-09 8.5902E-09 7.7360E-09 6.9007E-09 6.1077E-09 5.3536E-09 4.6543E-09 4.0122E-09 3.4290E-09 2.9099E-09 2.4473E-09 2.0415E-09 1.6873E-09 1.3449E-09 1.0853E-09 8.5580E-10 6.5347E-10 5.1368E-10 3.7984E-10 2.8442E-10 1.9352E-10
