Assets/Resources/2015_m01_d04_0400(utc+0800)_l00_csi_1hr_conc.grd
DSAA
         159         159
     -79.000      79.000
     -79.000      79.000
  0.4761E-11  0.4622E-04
[rows 0 to 24 of 159, columns 57 to 113 of 159]
4.4470E-11 4.5567E-11 4.6680E-11 4.7808E-11 4.8951E-11 5.0109E-11 5.1283E-11 5.2470E-11 5.3672E-11 5.4887E-11 5.6117E-11 5.7359E-11 5.8615E-11 5.9883E-11 6.1164E-11 6.2456E-11 6.3760E-11 6.5075E-11 6.6401E-11 6.7737E-11 6.9083E-11 7.0438E-11 7.1801E-11 7.3173E-11 7.4553E-11 7.5940E-11 7.7333E-11 7.8733E-11 8.0138E-11 8.1548E-11 8.2961E-11 8.4379E-11 8.5799E-11 8.7222E-11 8.8646E-11 9.0071E-11 9.1497E-11 9.2921E-11 9.4345E-11 9.5766E-11 9.7185E-11 9.8600E-11 1.0001E-10 1.0142E-10 1.0282E-10 1.0421E-10 1.0560E-10 1.0697E-10 1.0834E-10 1.0970E-10 1.1105E-10 1.1239E-10 1.1371E-10 1.1503E-10 1.1632E-10 1.1761E-10 1.1888E-10
4.5655E-11 4.6782E-11 4.7925E-11 4.9083E-11 5.0258E-11 5.1447E-11 5.2652E-11 5.3871E-11 5.5105E-11 5.6354E-11 5.7616E-11 5.8892E-11 6.0182E-11 6.1484E-11 6.2800E-11 6.4127E-11 6.5466E-11 6.6817E-11 6.8178E-11 6.9550E-11 7.0932E-11 7.2324E-11 7.3725E-11 7.5134E-11 7.6551E-11 7.7975E-11 7.9406E-11 8.0843E-11 8.2286E-11 8.3734E-11 8.5187E-11 8.6642E-11 8.8101E-11 8.9562E-11 9.1025E-11 9.2489E-11 9.3953E-11 9.5416E-11 9.6878E-11 9.8338E-11 9.9795E-11 1.0125E-10 1.0270E-10 1.0414E-10 1.0558E-10 1.0701E-10 1.0843E-10 1.0985E-10 1.1126E-10 1.1265E-10 1.1404E-10 1.1541E-10 1.1677E-10 1.1812E-10 1.1945E-10 1.2077E-10 1.2207E-10
4.6862E-11 4.8019E-11 4.9192E-11 5.0382E-11 5.1587E-11 5.2809E-11 5.4046E-11 5.5298E-11 5.6565E-11 5.7847E-11 5.9143E-11 6.0453E-11 6.1777E-11 6.3115E-11 6.4465E-11 6.5828E-11 6.7203E-11 6.8590E-11 6.9988E-11 7.1397E-11 7.2816E-11 7.4245E-11 7.5683E-11 7.7130E-11 7.8585E-11 8.0047E-11 8.1517E-11 8.2993E-11 8.4474E-11 8.5961E-11 8.7452E-11 8.8947E-11 9.0445E-11 9.1945E-11 9.3448E-11 9.4950E-11 9.6454E-11 9.7956E-11 9.9457E-11 1.0096E-10 1.0245E-10 1.0395E-10 1.0543E-10 1.0692E-10 1.0839E-10 1.0986E-10 1.1132E-10 1.1278E-10 1.1422E-10 1.1565E-10 1.1708E-10 1.1849E-10 1.1988E-10 1.2127E-10 1.2264E-10 1.2399E-10 1.2533E-10
4.8090E-11 4.9278E-11 5.0482E-11 5.1704E-11 5.2941E-11 5.4195E-11 5.5464E-11 5.6750E-11 5.8050E-11 5.9366E-11 6.0697E-11 6.2042E-11 6.3401E-11 6.4774E-11 6.6160E-11 6.7559E-11 6.8971E-11 7.0395E-11 7.1830E-11 7.3276E-11 7.4733E-11 7.6200E-11 7.7676E-11 7.9161E-11 8.0655E-11 8.2156E-11 8.3665E-11 8.5180E-11 8.6701E-11 8.8228E-11 8.9758E-11 9.1293E-11 9.2831E-11 9.4371E-11 9.5913E-11 9.7456E-11 9.8999E-11 1.0054E-10 1.0208E-10 1.0362E-10 1.0516E-10 1.0669E-10 1.0822E-10 1.0974E-10 1.1126E-10 1.1277E-10 1.1427E-10 1.1576E-10 1.1724E-10 1.1871E-10 1.2017E-10 1.2162E-10 1.2305E-10 1.2448E-10 1.2588E-10 1.2727E-10 1.2864E-10
4.9340E-11 5.0559E-11 5.1795E-11 5.3048E-11 5.4318E-11 5.5605E-11 5.6908E-11 5.8227E-11 5.9562E-11 6.0912E-11 6.2278E-11 6.3658E-11 6.5053E-11 6.6462E-11 6.7885E-11 6.9321E-11 7.0770E-11 7.2231E-11 7.3704E-11 7.5188E-11 7.6684E-11 7.8189E-11 7.9704E-11 8.1229E-11 8.2762E-11 8.4303E-11 8.5851E-11 8.7406E-11 8.8968E-11 9.0534E-11 9.2105E-11 9.3681E-11 9.5259E-11 9.6840E-11 9.8423E-11 1.0001E-10 1.0159E-10 1.0317E-10 1.0476E-10 1.0634E-10 1.0791E-10 1.0948E-10 1.1105E-10 1.1262E-10 1.1417E-10 1.1572E-10 1.1726E-10 1.1879E-10 1.2031E-10 1.2182E-10 1.2332E-10 1.2481E-10 1.2628E-10 1.2774E-10 1.2918E-10 1.3061E-10 1.3202E-10
5.0612E-11 5.1862E-11 5.3130E-11 5.4416E-11 5.5719E-11 5.7039E-11 5.8376E-11 5.9730E-11 6.1099E-11 6.2485E-11 6.3886E-11 6.5303E-11 6.6734E-11 6.8180E-11 6.9640E-11 7.1113E-11 7.2600E-11 7.4099E-11 7.5611E-11 7.7134E-11 7.8668E-11 8.0213E-11 8.1768E-11 8.3332E-11 8.4905E-11 8.6487E-11 8.8075E-11 8.9671E-11 9.1273E-11 9.2881E-11 9.4493E-11 9.6110E-11 9.7729E-11 9.9352E-11 1.0098E-10 1.0260E-10 1.0423E-10 1.0585E-10 1.0747E-10 1.0910E-10 1.1071E-10 1.1233E-10 1.1394E-10 1.1554E-10 1.1714E-10 1.1873E-10 1.2031E-10 1.2188E-10 1.2344E-10 1.2499E-10 1.2653E-10 1.2805E-10 1.2956E-10 1.3106E-10 1.3254E-10 1.3400E-10 1.3545E-10
5.1904E-11 5.3187E-11 5.4488E-11 5.5807E-11 5.7144E-11 5.8498E-11 5.9869E-11 6.1258E-11 6.2663E-11 6.4085E-11 6.5522E-11 6.6975E-11 6.8443E-11 6.9927E-11 7.1424E-11 7.2936E-11 7.4461E-11 7.5999E-11 7.7550E-11 7.9112E-11 8.0686E-11 8.2271E-11 8.3866E-11 8.5471E-11 8.7085E-11 8.8707E-11 9.0338E-11 9.1975E-11 9.3618E-11 9.5268E-11 9.6922E-11 9.8580E-11 1.0024E-10 1.0191E-10 1.0357E-10 1.0524E-10 1.0691E-10 1.0857E-10 1.1024E-10 1.1190E-10 1.1356E-10 1.1522E-10 1.1687E-10 1.1851E-10 1.2015E-10 1.2178E-10 1.2340E-10 1.2502E-10 1.2662E-10 1.2821E-10 1.2979E-10 1.3135E-10 1.3290E-10 1.3444E-10 1.3596E-10 1.3746E-10 1.3894E-10
5.3218E-11 5.4534E-11 5.5868E-11 5.7221E-11 5.8592E-11 5.9981E-11 6.1387E-11 6.2811E-11 6.4253E-11 6.5710E-11 6.7185E-11 6.8675E-11 7.0181E-11 7.1702E-11 7.3238E-11 7.4789E-11 7.6353E-11 7.7931E-11 7.9521E-11 8.1124E-11 8.2738E-11 8.4364E-11 8.6000E-11 8.7646E-11 8.9301E-11 9.0965E-11 9.2637E-11 9.4316E-11 9.6002E-11 9.7694E-11 9.9391E-11 1.0109E-10 1.0280E-10 1.0450E-10 1.0621E-10 1.0792E-10 1.0963E-10 1.1134E-10 1.1305E-10 1.1476E-10 1.1646E-10 1.1816E-10 1.1985E-10 1.2154E-10 1.2322E-10 1.2489E-10 1.2656E-10 1.2821E-10 1.2985E-10 1.3148E-10 1.3310E-10 1.3471E-10 1.3630E-10 1.3787E-10 1.3943E-10 1.4097E-10 1.4249E-10
5.4553E-11 5.5902E-11 5.7271E-11 5.8658E-11 6.0063E-11 6.1488E-11 6.2930E-11 6.4390E-11 6.5868E-11 6.7363E-11 6.8875E-11 7.0403E-11 7.1947E-11 7.3507E-11 7.5082E-11 7.6672E-11 7.8276E-11 7.9894E-11 8.1525E-11 8.3168E-11 8.4824E-11 8.6491E-11 8.8169E-11 8.9856E-11 9.1554E-11 9.3260E-11 9.4975E-11 9.6697E-11 9.8426E-11 1.0016E-10 1.0190E-10 1.0364E-10 1.0539E-10 1.0714E-10 1.0890E-10 1.1065E-10 1.1240E-10 1.1416E-10 1.1591E-10 1.1766E-10 1.1940E-10 1.2115E-10 1.2288E-10 1.2461E-10 1.2634E-10 1.2805E-10 1.2976E-10 1.3145E-10 1.3314E-10 1.3481E-10 1.3647E-10 1.3812E-10 1.3975E-10 1.4136E-10 1.4296E-10 1.4454E-10 1.4610E-10
5.5910E-11 5.7293E-11 5.8695E-11 6.0117E-11 6.1558E-11 6.3019E-11 6.4497E-11 6.5994E-11 6.7509E-11 6.9042E-11 7.0592E-11 7.2158E-11 7.3741E-11 7.5341E-11 7.6956E-11 7.8585E-11 8.0230E-11 8.1888E-11 8.3560E-11 8.5245E-11 8.6943E-11 8.8652E-11 9.0372E-11 9.2102E-11 9.3843E-11 9.5592E-11 9.7350E-11 9.9116E-11 1.0089E-10 1.0267E-10 1.0445E-10 1.0624E-10 1.0803E-10 1.0983E-10 1.1162E-10 1.1342E-10 1.1522E-10 1.1702E-10 1.1881E-10 1.2061E-10 1.2240E-10 1.2418E-10 1.2596E-10 1.2774E-10 1.2950E-10 1.3126E-10 1.3301E-10 1.3475E-10 1.3648E-10 1.3819E-10 1.3990E-10 1.4158E-10 1.4325E-10 1.4491E-10 1.4655E-10 1.4817E-10 1.4977E-10
5.7288E-11 5.8705E-11 6.0142E-11 6.1600E-11 6.3077E-11 6.4573E-11 6.6089E-11 6.7623E-11 6.9176E-11 7.0747E-11 7.2335E-11 7.3941E-11 7.5564E-11 7.7203E-11 7.8858E-11 8.0529E-11 8.2214E-11 8.3914E-11 8.5628E-11 8.7355E-11 8.9095E-11 9.0847E-11 9.2610E-11 9.4384E-11 9.6168E-11 9.7961E-11 9.9763E-11 1.0157E-10 1.0339E-10 1.0521E-10 1.0704E-10 1.0887E-10 1.1071E-10 1.1255E-10 1.1439E-10 1.1624E-10 1.1808E-10 1.1992E-10 1.2176E-10 1.2360E-10 1.2544E-10 1.2727E-10 1.2909E-10 1.3091E-10 1.3272E-10 1.3452E-10 1.3632E-10 1.3810E-10 1.3987E-10 1.4163E-10 1.4337E-10 1.4510E-10 1.4682E-10 1.4851E-10 1.5019E-10 1.5185E-10 1.5349E-10
5.8687E-11 6.0139E-11 6.1612E-11 6.3105E-11 6.4619E-11 6.6152E-11 6.7705E-11 6.9277E-11 7.0868E-11 7.2478E-11 7.4106E-11 7.5752E-11 7.7414E-11 7.9094E-11 8.0790E-11 8.2502E-11 8.4230E-11 8.5972E-11 8.7728E-11 8.9498E-11 9.1281E-11 9.3076E-11 9.4883E-11 9.6701E-11 9.8529E-11 1.0037E-10 1.0221E-10 1.0407E-10 1.0593E-10 1.0780E-10 1.0967E-10 1.1155E-10 1.1343E-10 1.1532E-10 1.1721E-10 1.1910E-10 1.2098E-10 1.2287E-10 1.2476E-10 1.2664E-10 1.2852E-10 1.3040E-10 1.3227E-10 1.3413E-10 1.3599E-10 1.3784E-10 1.3968E-10 1.4150E-10 1.4332E-10 1.4512E-10 1.4691E-10 1.4868E-10 1.5044E-10 1.5217E-10 1.5390E-10 1.5560E-10 1.5728E-10
6.0106E-11 6.1594E-11 6.3103E-11 6.4633E-11 6.6184E-11 6.7755E-11 6.9345E-11 7.0956E-11 7.2586E-11 7.4236E-11 7.5903E-11 7.7589E-11 7.9293E-11 8.1014E-11 8.2752E-11 8.4505E-11 8.6275E-11 8.8060E-11 8.9859E-11 9.1673E-11 9.3499E-11 9.5339E-11 9.7190E-11 9.9052E-11 1.0093E-10 1.0281E-10 1.0470E-10 1.0660E-10 1.0851E-10 1.1042E-10 1.1234E-10 1.1427E-10 1.1620E-10 1.1813E-10 1.2006E-10 1.2200E-10 1.2393E-10 1.2587E-10 1.2780E-10 1.2973E-10 1.3166E-10 1.3358E-10 1.3550E-10 1.3741E-10 1.3931E-10 1.4120E-10 1.4308E-10 1.4496E-10 1.4682E-10 1.4866E-10 1.5049E-10 1.5231E-10 1.5411E-10 1.5589E-10 1.5765E-10 1.5940E-10 1.6112E-10
6.1547E-11 6.3071E-11 6.4616E-11 6.6183E-11 6.7771E-11 6.9380E-11 7.1010E-11 7.2660E-11 7.4330E-11 7.6019E-11 7.7727E-11 7.9454E-11 8.1199E-11 8.2962E-11 8.4742E-11 8.6538E-11 8.8351E-11 9.0179E-11 9.2022E-11 9.3880E-11 9.5751E-11 9.7635E-11 9.9531E-11 1.0144E-10 1.0336E-10 1.0529E-10 1.0722E-10 1.0917E-10 1.1113E-10 1.1309E-10 1.1505E-10 1.1702E-10 1.1900E-10 1.2098E-10 1.2296E-10 1.2494E-10 1.2693E-10 1.2891E-10 1.3089E-10 1.3287E-10 1.3484E-10 1.3681E-10 1.3877E-10 1.4073E-10 1.4268E-10 1.4462E-10 1.4654E-10 1.4846E-10 1.5037E-10 1.5226E-10 1.5413E-10 1.5599E-10 1.5784E-10 1.5966E-10 1.6147E-10 1.6325E-10 1.6502E-10
6.3008E-11 6.4568E-11 6.6151E-11 6.7756E-11 6.9382E-11 7.1030E-11 7.2699E-11 7.4388E-11 7.6098E-11 7.7828E-11 7.9577E-11 8.1346E-11 8.3133E-11 8.4938E-11 8.6761E-11 8.8601E-11 9.0457E-11 9.2329E-11 9.4217E-11 9.6119E-11 9.8035E-11 9.9965E-11 1.0191E-10 1.0386E-10 1.0583E-10 1.0780E-10 1.0979E-10 1.1178E-10 1.1378E-10 1.1579E-10 1.1780E-10 1.1982E-10 1.2185E-10 1.2387E-10 1.2590E-10 1.2793E-10 1.2996E-10 1.3199E-10 1.3402E-10 1.3605E-10 1.3807E-10 1.4008E-10 1.4209E-10 1.4410E-10 1.4609E-10 1.4808E-10 1.5005E-10 1.5202E-10 1.5397E-10 1.5591E-10 1.5783E-10 1.5973E-10 1.6162E-10 1.6349E-10 1.6534E-10 1.6717E-10 1.6898E-10
6.4490E-11 6.6087E-11 6.7708E-11 6.9350E-11 7.1015E-11 7.2702E-11 7.4411E-11 7.6141E-11 7.7891E-11 7.9662E-11 8.1453E-11 8.3264E-11 8.5094E-11 8.6942E-11 8.8808E-11 9.0692E-11 9.2593E-11 9.4509E-11 9.6442E-11 9.8390E-11 1.0035E-10 1.0233E-10 1.0432E-10 1.0632E-10 1.0833E-10 1.1035E-10 1.1238E-10 1.1442E-10 1.1647E-10 1.1853E-10 1.2059E-10 1.2266E-10 1.2473E-10 1.2681E-10 1.2888E-10 1.3096E-10 1.3304E-10 1.3512E-10 1.3720E-10 1.3927E-10 1.4134E-10 1.4341E-10 1.4547E-10 1.4752E-10 1.4956E-10 1.5159E-10 1.5362E-10 1.5563E-10 1.5762E-10 1.5961E-10 1.6157E-10 1.6352E-10 1.6546E-10 1.6737E-10 1.6927E-10 1.7114E-10 1.7299E-10
6.5992E-11 6.7627E-11 6.9285E-11 7.0967E-11 7.2671E-11 7.4398E-11 7.6147E-11 7.7917E-11 7.9709E-11 8.1522E-11 8.3356E-11 8.5209E-11 8.7082E-11 8.8974E-11 9.0884E-11 9.2812E-11 9.4758E-11 9.6720E-11 9.8698E-11 1.0069E-10 1.0270E-10 1.0472E-10 1.0676E-10 1.0881E-10 1.1087E-10 1.1294E-10 1.1502E-10 1.1711E-10 1.1920E-10 1.2131E-10 1.2342E-10 1.2554E-10 1.2766E-10 1.2978E-10 1.3191E-10 1.3404E-10 1.3617E-10 1.3829E-10 1.4042E-10 1.4254E-10 1.4466E-10 1.4677E-10 1.4888E-10 1.5098E-10 1.5307E-10 1.5516E-10 1.5723E-10 1.5928E-10 1.6133E-10 1.6336E-10 1.6537E-10 1.6737E-10 1.6935E-10 1.7131E-10 1.7325E-10 1.7516E-10 1.7706E-10
6.7514E-11 6.9187E-11 7.0884E-11 7.2605E-11 7.4349E-11 7.6116E-11 7.7906E-11 7.9718E-11 8.1552E-11 8.3407E-11 8.5283E-11 8.7180E-11 8.9097E-11 9.1033E-11 9.2988E-11 9.4961E-11 9.6952E-11 9.8961E-11 1.0099E-10 1.0303E-10 1.0508E-10 1.0715E-10 1.0923E-10 1.1133E-10 1.1344E-10 1.1556E-10 1.1769E-10 1.1982E-10 1.2197E-10 1.2412E-10 1.2629E-10 1.2845E-10 1.3062E-10 1.3280E-10 1.3497E-10 1.3715E-10 1.3933E-10 1.4151E-10 1.4368E-10 1.4586E-10 1.4803E-10 1.5019E-10 1.5235E-10 1.5450E-10 1.5664E-10 1.5877E-10 1.6089E-10 1.6299E-10 1.6508E-10 1.6716E-10 1.6922E-10 1.7127E-10 1.7329E-10 1.7530E-10 1.7728E-10 1.7925E-10 1.8118E-10
6.9056E-11 7.0768E-11 7.2504E-11 7.4265E-11 7.6049E-11 7.7857E-11 7.9688E-11 8.1542E-11 8.3418E-11 8.5316E-11 8.7236E-11 8.9177E-11 9.1138E-11 9.3119E-11 9.5119E-11 9.7138E-11 9.9176E-11 1.0123E-10 1.0330E-10 1.0539E-10 1.0749E-10 1.0961E-10 1.1174E-10 1.1389E-10 1.1604E-10 1.1821E-10 1.2039E-10 1.2258E-10 1.2477E-10 1.2698E-10 1.2919E-10 1.3141E-10 1.3363E-10 1.3585E-10 1.3808E-10 1.4031E-10 1.4254E-10 1.4477E-10 1.4699E-10 1.4922E-10 1.5144E-10 1.5365E-10 1.5586E-10 1.5806E-10 1.6025E-10 1.6243E-10 1.6459E-10 1.6675E-10 1.6889E-10 1.7102E-10 1.7313E-10 1.7522E-10 1.7729E-10 1.7934E-10 1.8137E-10 1.8338E-10 1.8536E-10
7.0617E-11 7.2368E-11 7.4145E-11 7.5945E-11 7.7771E-11 7.9620E-11 8.1493E-11 8.3389E-11 8.5309E-11 8.7250E-11 8.9214E-11 9.1199E-11 9.3205E-11 9.5232E-11 9.7278E-11 9.9344E-11 1.0143E-10 1.0353E-10 1.0565E-10 1.0778E-10 1.0994E-10 1.1210E-10 1.1428E-10 1.1648E-10 1.1868E-10 1.2090E-10 1.2313E-10 1.2537E-10 1.2761E-10 1.2987E-10 1.3213E-10 1.3440E-10 1.3667E-10 1.3895E-10 1.4123E-10 1.4351E-10 1.4579E-10 1.4807E-10 1.5034E-10 1.5262E-10 1.5489E-10 1.5715E-10 1.5941E-10 1.6166E-10 1.6390E-10 1.6613E-10 1.6835E-10 1.7056E-10 1.7275E-10 1.7492E-10 1.7708E-10 1.7922E-10 1.8134E-10 1.8344E-10 1.8552E-10 1.8757E-10 1.8960E-10
7.2198E-11 7.3989E-11 7.5805E-11 7.7647E-11 7.9514E-11 8.1405E-11 8.3321E-11 8.5260E-11 8.7223E-11 8.9208E-11 9.1217E-11 9.3247E-11 9.5299E-11 9.7371E-11 9.9464E-11 1.0158E-10 1.0371E-10 1.0586E-10 1.0802E-10 1.1021E-10 1.1241E-10 1.1462E-10 1.1686E-10 1.1910E-10 1.2136E-10 1.2362E-10 1.2590E-10 1.2819E-10 1.3049E-10 1.3280E-10 1.3511E-10 1.3743E-10 1.3975E-10 1.4208E-10 1.4441E-10 1.4674E-10 1.4908E-10 1.5141E-10 1.5374E-10 1.5607E-10 1.5839E-10 1.6070E-10 1.6301E-10 1.6531E-10 1.6761E-10 1.6989E-10 1.7216E-10 1.7441E-10 1.7665E-10 1.7888E-10 1.8108E-10 1.8327E-10 1.8544E-10 1.8759E-10 1.8971E-10 1.9181E-10 1.9389E-10
7.3798E-11 7.5629E-11 7.7486E-11 7.9369E-11 8.1278E-11 8.3211E-11 8.5170E-11 8.7153E-11 8.9160E-11 9.1190E-11 9.3244E-11 9.5320E-11 9.7417E-11 9.9536E-11 1.0168E-10 1.0384E-10 1.0602E-10 1.0821E-10 1.1043E-10 1.1266E-10 1.1491E-10 1.1718E-10 1.1946E-10 1.2175E-10 1.2406E-10 1.2638E-10 1.2871E-10 1.3105E-10 1.3340E-10 1.3576E-10 1.3813E-10 1.4050E-10 1.4287E-10 1.4525E-10 1.4764E-10 1.5002E-10 1.5241E-10 1.5479E-10 1.5717E-10 1.5955E-10 1.6193E-10 1.6430E-10 1.6666E-10 1.6901E-10 1.7135E-10 1.7369E-10 1.7601E-10 1.7831E-10 1.8060E-10 1.8288E-10 1.8514E-10 1.8737E-10 1.8959E-10 1.9179E-10 1.9396E-10 1.9611E-10 1.9823E-10
7.5417E-11 7.7288E-11 7.9187E-11 8.1111E-11 8.3063E-11 8.5039E-11 8.7041E-11 8.9068E-11 9.1120E-11 9.3195E-11 9.5295E-11 9.7417E-11 9.9561E-11 1.0173E-10 1.0391E-10 1.0612E-10 1.0835E-10 1.1060E-10 1.1286E-10 1.1515E-10 1.1745E-10 1.1976E-10 1.2209E-10 1.2444E-10 1.2680E-10 1.2917E-10 1.3155E-10 1.3395E-10 1.3635E-10 1.3876E-10 1.4118E-10 1.4360E-10 1.4603E-10 1.4847E-10 1.5090E-10 1.5334E-10 1.5578E-10 1.5822E-10 1.6065E-10 1.6308E-10 1.6551E-10 1.6793E-10 1.7035E-10 1.7275E-10 1.7515E-10 1.7753E-10 1.7990E-10 1.8226E-10 1.8461E-10 1.8693E-10 1.8924E-10 1.9153E-10 1.9379E-10 1.9604E-10 1.9826E-10 2.0046E-10 2.0263E-10
7.7054E-11 7.8966E-11 8.0907E-11 8.2874E-11 8.4868E-11 8.6888E-11 8.8934E-11 9.1006E-11 9.3102E-11 9.5224E-11 9.7369E-11 9.9538E-11 1.0173E-10 1.0394E-10 1.0618E-10 1.0844E-10 1.1071E-10 1.1301E-10 1.1533E-10 1.1766E-10 1.2001E-10 1.2238E-10 1.2476E-10 1.2716E-10 1.2957E-10 1.3199E-10 1.3443E-10 1.3687E-10 1.3933E-10 1.4179E-10 1.4426E-10 1.4674E-10 1.4923E-10 1.5171E-10 1.5420E-10 1.5670E-10 1.5919E-10 1.6168E-10 1.6417E-10 1.6665E-10 1.6914E-10 1.7161E-10 1.7408E-10 1.7654E-10 1.7899E-10 1.8142E-10 1.8385E-10 1.8626E-10 1.8865E-10 1.9103E-10 1.9339E-10 1.9573E-10 1.9804E-10 2.0034E-10 2.0261E-10 2.0485E-10 2.0707E-10
7.8709E-11 8.0663E-11 8.2646E-11 8.4656E-11 8.6693E-11 8.8757E-11 9.0848E-11 9.2965E-11 9.5107E-11 9.7274E-11 9.9466E-11 1.0168E-10 1.0392E-10 1.0618E-10 1.0847E-10 1.1077E-10 1.1310E-10 1.1545E-10 1.1781E-10 1.2020E-10 1.2260E-10 1.2502E-10 1.2745E-10 1.2990E-10 1.3237E-10 1.3484E-10 1.3733E-10 1.3983E-10 1.4234E-10 1.4486E-10 1.4739E-10 1.4992E-10 1.5246E-10 1.5500E-10 1.5754E-10 1.6009E-10 1.6264E-10 1.6518E-10 1.6773E-10 1.7027E-10 1.7280E-10 1.7533E-10 1.7785E-10 1.8037E-10 1.8287E-10 1.8536E-10 1.8784E-10 1.9030E-10 1.9275E-10 1.9518E-10 1.9759E-10 1.9998E-10 2.0234E-10 2.0469E-10 2.0701E-10 2.0930E-10 2.1157E-10
