Assets/Resources/2015_m01_d31_2200(utc+0800)_l00_csi_1hr_conc.grd
DSAA
         159         159
     -79.000      79.000
     -79.000      79.000
  0.0000E+00  0.4183E-04
[rows 0 to 24 of 159, columns 57 to 113 of 159]
1.5238E-09 1.4885E-09 1.4533E-09 1.4180E-09 1.3825E-09 1.3464E-09 1.3097E-09 1.2727E-09 1.2360E-09 1.1994E-09 1.1628E-09 1.1262E-09 1.0896E-09 1.0528E-09 1.0163E-09 9.8009E-10 9.4468E-10 9.0969E-10 8.7517E-10 8.4076E-10 8.0718E-10 7.7440E-10 7.4186E-10 7.1032E-10 6.7963E-10 6.4938E-10 6.1986E-10 5.9097E-10 5.6291E-10 5.3127E-10 5.0010E-10 4.7060E-10 4.4158E-10 4.0548E-10 3.6615E-10 3.3312E-10 2.9227E-10 2.4598E-10 1.9923E-10 1.6768E-10 1.3470E-10 8.9119E-11 6.9852E-11 5.2144E-11 2.1035E-11 1.4583E-11 1.1220E-11 5.5020E-12 2.6540E-12 0.0000E+00 0.0000E+00 0.0000E+00 0.0000E+00 0.0000E+00 0.0000E+00 0.0000E+00 0.0000E+00
1.5666E-09 1.5296E-09 1.4931E-09 1.4565E-09 1.4198E-09 1.3828E-09 1.3457E-09 1.3083E-09 1.2706E-09 1.2322E-09 1.1937E-09 1.1552E-09 1.1170E-09 1.0796E-09 1.0424E-09 1.0053E-09 9.6847E-10 9.3209E-10 8.9636E-10 8.6142E-10 8.2707E-10 7.9295E-10 7.5972E-10 7.2720E-10 6.9521E-10 6.6443E-10 6.3433E-10 6.0471E-10 5.7609E-10 5.4794E-10 5.1645E-10 4.8563E-10 4.5634E-10 4.1820E-10 3.8321E-10 3.4385E-10 3.0628E-10 2.6752E-10 2.1465E-10 1.8190E-10 1.4746E-10 1.0052E-10 7.7825E-11 5.9624E-11 2.6597E-11 1.7330E-11 1.1240E-11 8.1358E-12 2.6540E-12 0.0000E+00 0.0000E+00 0.0000E+00 0.0000E+00 0.0000E+00 0.0000E+00 0.0000E+00 0.0000E+00
1.6117E-09 1.5732E-09 1.5352E-09 1.4973E-09 1.4593E-09 1.4209E-09 1.3818E-09 1.3429E-09 1.3042E-09 1.2653E-09 1.2259E-09 1.1864E-09 1.1467E-09 1.1073E-09 1.0685E-09 1.0302E-09 9.9257E-10 9.5537E-10 9.1835E-10 8.8214E-10 8.4643E-10 8.1173E-10 7.7769E-10 7.4399E-10 7.1142E-10 6.7935E-10 6.4836E-10 6.1839E-10 5.8887E-10 5.6044E-10 5.3234E-10 5.0105E-10 4.7060E-10 4.3663E-10 3.9949E-10 3.6017E-10 3.2575E-10 2.8941E-10 2.2748E-10 1.8873E-10 1.5776E-10 1.0630E-10 8.3074E-11 5.9987E-11 2.6644E-11 1.7353E-11 1.1252E-11 8.1399E-12 2.6523E-12 0.0000E+00 0.0000E+00 0.0000E+00 0.0000E+00 0.0000E+00 0.0000E+00 0.0000E+00 0.0000E+00
1.6565E-09 1.6164E-09 1.5769E-09 1.5376E-09 1.4982E-09 1.4589E-09 1.4193E-09 1.3794E-09 1.3392E-09 1.2984E-09 1.2576E-09 1.2167E-09 1.1761E-09 1.1359E-09 1.0958E-09 1.0561E-09 1.0170E-09 9.7855E-10 9.4052E-10 9.0331E-10 8.6641E-10 8.3051E-10 7.9517E-10 7.6099E-10 7.2743E-10 6.9443E-10 6.6255E-10 6.3146E-10 6.0161E-10 5.7231E-10 5.4408E-10 5.1625E-10 4.8036E-10 4.5004E-10 4.1666E-10 3.7688E-10 3.4107E-10 3.0354E-10 2.3920E-10 2.0056E-10 1.6844E-10 1.1484E-10 8.8459E-11 6.4807E-11 2.6672E-11 1.7364E-11 1.1257E-11 8.1386E-12 2.6488E-12 0.0000E+00 0.0000E+00 0.0000E+00 0.0000E+00 0.0000E+00 0.0000E+00 0.0000E+00 0.0000E+00
1.7050E-09 1.6633E-09 1.6222E-09 1.5813E-09 1.5406E-09 1.4996E-09 1.4582E-09 1.4172E-09 1.3759E-09 1.3338E-09 1.2920E-09 1.2499E-09 1.2078E-09 1.1654E-09 1.1237E-09 1.0823E-09 1.0419E-09 1.0022E-09 9.6301E-10 9.2458E-10 8.8668E-10 8.4957E-10 8.1320E-10 7.7777E-10 7.4314E-10 7.0974E-10 6.7683E-10 6.4487E-10 6.1378E-10 5.8411E-10 5.5512E-10 5.2711E-10 4.9473E-10 4.6377E-10 4.2912E-10 3.9701E-10 3.5707E-10 3.1271E-10 2.5117E-10 2.1298E-10 1.7880E-10 1.1987E-10 9.3993E-11 6.9738E-11 2.6682E-11 1.7364E-11 1.1254E-11 8.1321E-12 2.6437E-12 0.0000E+00 0.0000E+00 0.0000E+00 0.0000E+00 0.0000E+00 0.0000E+00 0.0000E+00 0.0000E+00
1.7542E-09 1.7107E-09 1.6680E-09 1.6256E-09 1.5834E-09 1.5411E-09 1.4986E-09 1.4559E-09 1.4130E-09 1.3698E-09 1.3261E-09 1.2828E-09 1.2393E-09 1.1967E-09 1.1535E-09 1.1104E-09 1.0679E-09 1.0259E-09 9.8559E-10 9.4600E-10 9.0698E-10 8.6890E-10 8.3145E-10 7.9474E-10 7.5926E-10 7.2449E-10 6.9090E-10 6.5833E-10 6.2641E-10 5.9552E-10 5.6598E-10 5.3732E-10 5.0963E-10 4.7758E-10 4.4178E-10 4.0837E-10 3.6867E-10 3.2750E-10 2.7732E-10 2.2965E-10 1.9043E-10 1.5051E-10 9.8447E-11 7.0111E-11 4.6933E-11 1.7352E-11 1.1244E-11 8.1201E-12 2.6368E-12 0.0000E+00 0.0000E+00 0.0000E+00 0.0000E+00 0.0000E+00 0.0000E+00 0.0000E+00 0.0000E+00
1.8069E-09 1.7616E-09 1.7170E-09 1.6730E-09 1.6292E-09 1.5855E-09 1.5418E-09 1.4974E-09 1.4528E-09 1.4081E-09 1.3633E-09 1.3182E-09 1.2730E-09 1.2278E-09 1.1835E-09 1.1395E-09 1.0951E-09 1.0513E-09 1.0086E-09 9.6743E-10 9.2723E-10 8.8814E-10 8.4956E-10 8.1216E-10 7.7525E-10 7.3943E-10 7.0501E-10 6.7124E-10 6.3899E-10 6.0731E-10 5.7662E-10 5.4734E-10 5.1904E-10 4.9158E-10 4.5456E-10 4.2439E-10 3.8806E-10 3.4245E-10 2.9906E-10 2.3697E-10 2.0220E-10 1.6496E-10 1.0699E-10 7.5189E-11 5.5191E-11 1.7328E-11 1.1227E-11 8.1028E-12 2.6283E-12 0.0000E+00 0.0000E+00 0.0000E+00 0.0000E+00 0.0000E+00 0.0000E+00 0.0000E+00 0.0000E+00
1.8580E-09 1.8108E-09 1.7646E-09 1.7189E-09 1.6736E-09 1.6284E-09 1.5832E-09 1.5379E-09 1.4921E-09 1.4457E-09 1.3993E-09 1.3529E-09 1.3065E-09 1.2601E-09 1.2143E-09 1.1675E-09 1.1227E-09 1.0776E-09 1.0339E-09 9.8941E-10 9.4796E-10 9.0721E-10 8.6759E-10 8.2917E-10 7.9146E-10 7.5497E-10 7.1883E-10 6.8451E-10 6.5105E-10 6.1883E-10 5.8758E-10 5.5713E-10 5.2821E-10 5.0036E-10 4.6760E-10 4.3634E-10 3.9838E-10 3.5770E-10 3.1281E-10 2.4857E-10 2.1005E-10 1.7576E-10 1.1598E-10 8.5312E-11 5.9813E-11 1.7293E-11 1.1202E-11 8.0803E-12 2.6181E-12 0.0000E+00 0.0000E+00 0.0000E+00 0.0000E+00 0.0000E+00 0.0000E+00 0.0000E+00 0.0000E+00
1.9126E-09 1.8635E-09 1.8164E-09 1.7690E-09 1.7221E-09 1.6753E-09 1.6285E-09 1.5816E-09 1.5346E-09 1.4871E-09 1.4384E-09 1.3903E-09 1.3412E-09 1.2932E-09 1.2452E-09 1.1975E-09 1.1500E-09 1.1039E-09 1.0583E-09 1.0136E-09 9.6886E-10 9.2681E-10 8.8620E-10 8.4598E-10 8.0749E-10 7.6980E-10 7.3343E-10 6.9763E-10 6.6311E-10 6.3009E-10 5.9804E-10 5.6731E-10 5.3720E-10 5.0870E-10 4.8034E-10 4.4831E-10 4.1358E-10 3.6833E-10 3.2156E-10 2.5623E-10 2.2170E-10 1.8207E-10 1.2129E-10 9.3417E-11 6.1794E-11 1.7247E-11 1.1169E-11 5.4272E-12 2.6062E-12 0.0000E+00 0.0000E+00 0.0000E+00 0.0000E+00 0.0000E+00 0.0000E+00 0.0000E+00 0.0000E+00
1.9683E-09 1.9173E-09 1.8674E-09 1.8182E-09 1.7696E-09 1.7212E-09 1.6728E-09 1.6243E-09 1.5756E-09 1.5267E-09 1.4774E-09 1.4271E-09 1.3772E-09 1.3272E-09 1.2775E-09 1.2281E-09 1.1794E-09 1.1314E-09 1.0840E-09 1.0372E-09 9.9198E-10 9.4785E-10 9.0432E-10 8.6360E-10 8.2344E-10 7.8458E-10 7.4720E-10 7.1077E-10 6.7559E-10 6.4104E-10 6.0853E-10 5.7679E-10 5.4653E-10 5.1686E-10 4.8857E-10 4.6026E-10 4.2444E-10 3.8671E-10 3.3568E-10 2.6852E-10 2.3306E-10 1.8618E-10 1.2684E-10 1.0199E-10 6.1972E-11 1.7189E-11 1.1130E-11 5.4020E-12 2.5927E-12 0.0000E+00 0.0000E+00 0.0000E+00 0.0000E+00 0.0000E+00 0.0000E+00 0.0000E+00 0.0000E+00
2.0269E-09 1.9739E-09 1.9222E-09 1.8713E-09 1.8209E-09 1.7707E-09 1.7207E-09 1.6706E-09 1.6204E-09 1.5697E-09 1.5187E-09 1.4677E-09 1.4156E-09 1.3628E-09 1.3110E-09 1.2597E-09 1.2096E-09 1.1593E-09 1.1102E-09 1.0621E-09 1.0156E-09 9.6860E-10 9.2407E-10 8.8082E-10 8.3952E-10 7.9981E-10 7.6066E-10 7.2371E-10 6.8747E-10 6.5279E-10 6.1855E-10 5.8641E-10 5.5521E-10 5.2541E-10 4.9595E-10 4.6698E-10 4.3523E-10 3.9640E-10 3.4503E-10 2.7649E-10 2.4431E-10 1.9301E-10 1.3264E-10 1.1102E-10 7.1645E-11 1.7120E-11 1.1083E-11 5.3734E-12 2.5776E-12 0.0000E+00 0.0000E+00 0.0000E+00 0.0000E+00 0.0000E+00 0.0000E+00 0.0000E+00 0.0000E+00
2.0836E-09 2.0286E-09 1.9749E-09 1.9221E-09 1.8699E-09 1.8182E-09 1.7665E-09 1.7150E-09 1.6641E-09 1.6119E-09 1.5593E-09 1.5067E-09 1.4539E-09 1.4007E-09 1.3461E-09 1.2933E-09 1.2398E-09 1.1891E-09 1.1377E-09 1.0884E-09 1.0391E-09 9.9221E-10 9.4536E-10 9.0020E-10 8.5598E-10 8.1450E-10 7.7514E-10 7.3616E-10 6.9929E-10 6.6353E-10 6.2924E-10 5.9562E-10 5.6379E-10 5.3324E-10 5.0379E-10 4.7413E-10 4.4614E-10 4.1088E-10 3.6032E-10 2.7996E-10 2.5589E-10 2.0970E-10 1.3409E-10 1.1615E-10 8.8312E-11 1.7040E-11 1.1029E-11 5.3415E-12 2.5610E-12 0.0000E+00 0.0000E+00 0.0000E+00 0.0000E+00 0.0000E+00 0.0000E+00 0.0000E+00 0.0000E+00
2.1444E-09 2.0882E-09 2.0327E-09 1.9781E-09 1.9241E-09 1.8706E-09 1.8173E-09 1.7640E-09 1.7104E-09 1.6564E-09 1.6020E-09 1.5474E-09 1.4925E-09 1.4382E-09 1.3838E-09 1.3285E-09 1.2737E-09 1.2191E-09 1.1668E-09 1.1153E-09 1.0643E-09 1.0143E-09 9.6706E-10 9.2056E-10 8.7466E-10 8.3015E-10 7.8848E-10 7.4932E-10 7.1091E-10 6.7418E-10 6.3897E-10 6.0514E-10 5.7224E-10 5.4092E-10 5.1106E-10 4.8091E-10 4.5208E-10 4.2064E-10 3.8175E-10 2.8336E-10 2.6038E-10 2.2413E-10 1.4028E-10 1.1876E-10 9.6907E-11 2.5516E-11 8.3010E-12 5.3063E-12 2.5428E-12 0.0000E+00 0.0000E+00 0.0000E+00 0.0000E+00 0.0000E+00 0.0000E+00 0.0000E+00 0.0000E+00
2.2101E-09 2.1511E-09 2.0937E-09 2.0373E-09 1.9827E-09 1.9277E-09 1.8738E-09 1.8189E-09 1.7637E-09 1.7077E-09 1.6512E-09 1.5948E-09 1.5382E-09 1.4817E-09 1.4250E-09 1.3691E-09 1.3125E-09 1.2567E-09 1.2017E-09 1.1479E-09 1.0953E-09 1.0440E-09 9.9398E-10 9.4521E-10 8.9812E-10 8.5251E-10 8.0768E-10 7.6579E-10 7.2654E-10 6.8843E-10 6.5185E-10 6.1701E-10 5.8348E-10 5.5105E-10 5.2010E-10 4.8957E-10 4.5985E-10 4.3132E-10 3.9538E-10 2.9594E-10 2.6308E-10 2.3515E-10 1.4806E-10 1.1984E-10 1.0599E-10 2.7266E-11 8.2453E-12 5.2679E-12 0.0000E+00 0.0000E+00 0.0000E+00 0.0000E+00 0.0000E+00 0.0000E+00 0.0000E+00 0.0000E+00 0.0000E+00
2.2759E-09 2.2149E-09 2.1556E-09 2.0972E-09 2.0397E-09 1.9829E-09 1.9261E-09 1.8694E-09 1.8125E-09 1.7551E-09 1.6973E-09 1.6391E-09 1.5807E-09 1.5224E-09 1.4643E-09 1.4064E-09 1.3488E-09 1.2912E-09 1.2335E-09 1.1774E-09 1.1228E-09 1.0699E-09 1.0176E-09 9.6661E-10 9.1792E-10 8.7134E-10 8.2536E-10 7.8032E-10 7.3898E-10 7.0004E-10 6.6239E-10 6.2592E-10 5.9175E-10 5.5887E-10 5.2723E-10 4.9594E-10 4.6607E-10 4.3681E-10 4.0459E-10 3.0411E-10 2.6567E-10 2.4169E-10 1.4952E-10 1.2098E-10 1.1109E-10 3.1800E-11 8.1845E-12 5.2264E-12 0.0000E+00 0.0000E+00 0.0000E+00 0.0000E+00 0.0000E+00 0.0000E+00 0.0000E+00 0.0000E+00 0.0000E+00
2.3503E-09 2.2876E-09 2.2264E-09 2.1673E-09 2.1085E-09 2.0500E-09 1.9917E-09 1.9334E-09 1.8748E-09 1.8156E-09 1.7560E-09 1.6959E-09 1.6355E-09 1.5752E-09 1.5145E-09 1.4545E-09 1.3953E-09 1.3367E-09 1.2785E-09 1.2193E-09 1.1624E-09 1.1059E-09 1.0526E-09 9.9914E-10 9.4808E-10 8.9870E-10 8.5199E-10 8.0573E-10 7.6094E-10 7.1893E-10 6.7962E-10 6.4190E-10 6.0565E-10 5.7116E-10 5.3825E-10 5.0617E-10 4.7368E-10 4.4375E-10 4.1542E-10 3.2505E-10 2.6804E-10 2.4623E-10 1.7719E-10 1.2209E-10 1.0911E-10 7.0036E-11 8.1189E-12 2.6074E-12 0.0000E+00 0.0000E+00 0.0000E+00 0.0000E+00 0.0000E+00 0.0000E+00 0.0000E+00 0.0000E+00 0.0000E+00
2.4257E-09 2.3612E-09 2.2981E-09 2.2363E-09 2.1755E-09 2.1153E-09 2.0552E-09 1.9951E-09 1.9346E-09 1.8736E-09 1.8120E-09 1.7498E-09 1.6875E-09 1.6251E-09 1.5628E-09 1.5007E-09 1.4390E-09 1.3782E-09 1.3181E-09 1.2586E-09 1.1989E-09 1.1403E-09 1.0829E-09 1.0284E-09 9.7541E-10 9.2317E-10 8.7374E-10 8.2714E-10 7.8119E-10 7.3569E-10 6.9378E-10 6.5463E-10 6.1671E-10 5.7986E-10 5.4603E-10 5.1287E-10 4.8073E-10 4.4952E-10 4.2014E-10 3.5603E-10 2.7049E-10 2.4818E-10 1.9968E-10 1.2312E-10 1.0977E-10 7.6515E-11 8.0485E-12 2.5822E-12 0.0000E+00 0.0000E+00 0.0000E+00 0.0000E+00 0.0000E+00 0.0000E+00 0.0000E+00 0.0000E+00 0.0000E+00
2.5034E-09 2.4370E-09 2.3721E-09 2.3086E-09 2.2460E-09 2.1840E-09 2.1222E-09 2.0603E-09 1.9980E-09 1.9351E-09 1.8714E-09 1.8072E-09 1.7427E-09 1.6780E-09 1.6135E-09 1.5492E-09 1.4855E-09 1.4225E-09 1.3600E-09 1.2985E-09 1.2384E-09 1.1774E-09 1.1178E-09 1.0599E-09 1.0049E-09 9.5131E-10 8.9869E-10 8.4915E-10 8.0219E-10 7.5587E-10 7.1128E-10 6.6899E-10 6.2944E-10 5.9189E-10 5.5620E-10 5.2183E-10 4.8753E-10 4.5477E-10 4.2106E-10 3.7015E-10 2.7010E-10 2.4620E-10 2.0598E-10 1.2131E-10 1.0668E-10 7.7151E-11 5.3458E-12 2.5556E-12 0.0000E+00 0.0000E+00 0.0000E+00 0.0000E+00 0.0000E+00 0.0000E+00 0.0000E+00 0.0000E+00 0.0000E+00
2.5804E-09 2.5120E-09 2.4452E-09 2.3798E-09 2.3153E-09 2.2515E-09 2.1883E-09 2.1257E-09 2.0614E-09 1.9965E-09 1.9307E-09 1.8644E-09 1.7975E-09 1.7305E-09 1.6636E-09 1.5970E-09 1.5308E-09 1.4653E-09 1.4007E-09 1.3371E-09 1.2745E-09 1.2131E-09 1.1518E-09 1.0911E-09 1.0320E-09 9.7558E-10 9.2197E-10 8.6905E-10 8.1924E-10 7.7266E-10 7.2727E-10 6.8269E-10 6.4103E-10 6.0161E-10 5.6498E-10 5.2979E-10 4.9489E-10 4.6102E-10 4.2583E-10 3.7429E-10 2.7324E-10 2.4524E-10 2.0745E-10 1.2253E-10 1.0481E-10 7.7728E-11 1.3532E-11 0.0000E+00 0.0000E+00 0.0000E+00 0.0000E+00 0.0000E+00 0.0000E+00 0.0000E+00 0.0000E+00 0.0000E+00 0.0000E+00
2.6655E-09 2.5953E-09 2.5274E-09 2.4616E-09 2.3954E-09 2.3299E-09 2.2645E-09 2.1988E-09 2.1325E-09 2.0656E-09 1.9977E-09 1.9290E-09 1.8598E-09 1.7917E-09 1.7224E-09 1.6528E-09 1.5834E-09 1.5146E-09 1.4473E-09 1.3811E-09 1.3160E-09 1.2522E-09 1.1898E-09 1.1282E-09 1.0666E-09 1.0075E-09 9.5152E-10 8.9751E-10 8.4413E-10 7.9428E-10 7.4649E-10 7.0077E-10 6.5659E-10 6.1403E-10 5.7494E-10 5.3776E-10 5.0247E-10 4.6790E-10 4.2833E-10 3.7829E-10 2.9442E-10 2.4442E-10 2.0901E-10 1.4488E-10 1.0283E-10 7.8244E-11 3.0278E-11 0.0000E+00 0.0000E+00 0.0000E+00 0.0000E+00 0.0000E+00 0.0000E+00 0.0000E+00 0.0000E+00 0.0000E+00 0.0000E+00
2.7516E-09 2.6798E-09 2.6097E-09 2.5408E-09 2.4728E-09 2.4073E-09 2.3400E-09 2.2725E-09 2.2041E-09 2.1352E-09 2.0668E-09 1.9958E-09 1.9242E-09 1.8522E-09 1.7801E-09 1.7081E-09 1.6366E-09 1.5658E-09 1.4958E-09 1.4267E-09 1.3589E-09 1.2923E-09 1.2273E-09 1.1635E-09 1.0991E-09 1.0357E-09 9.7640E-10 9.2021E-10 8.6561E-10 8.1336E-10 7.6321E-10 7.1523E-10 6.6927E-10 6.2571E-10 5.8479E-10 5.4620E-10 5.1050E-10 4.7457E-10 4.2996E-10 3.8121E-10 3.0925E-10 2.4260E-10 2.0753E-10 1.5213E-10 9.9705E-11 7.6039E-11 3.1876E-11 0.0000E+00 0.0000E+00 0.0000E+00 0.0000E+00 0.0000E+00 0.0000E+00 0.0000E+00 0.0000E+00 0.0000E+00 0.0000E+00
2.8400E-09 2.7676E-09 2.6966E-09 2.6261E-09 2.5564E-09 2.4885E-09 2.4198E-09 2.3503E-09 2.2800E-09 2.2088E-09 2.1384E-09 2.0649E-09 1.9907E-09 1.9161E-09 1.8412E-09 1.7665E-09 1.6914E-09 1.6166E-09 1.5434E-09 1.4715E-09 1.4007E-09 1.3313E-09 1.2636E-09 1.1975E-09 1.1330E-09 1.0700E-09 1.0074E-09 9.4749E-10 8.9056E-10 8.3640E-10 7.8355E-10 7.3374E-10 6.8610E-10 6.4084E-10 5.9554E-10 5.5537E-10 5.1830E-10 4.8060E-10 4.3598E-10 3.8648E-10 3.1356E-10 2.4561E-10 2.0974E-10 1.5296E-10 1.0037E-10 7.6456E-11 3.2252E-11 0.0000E+00 0.0000E+00 0.0000E+00 0.0000E+00 0.0000E+00 0.0000E+00 0.0000E+00 0.0000E+00 0.0000E+00 0.0000E+00
2.9343E-09 2.8593E-09 2.7876E-09 2.7165E-09 2.6464E-09 2.5756E-09 2.5046E-09 2.4332E-09 2.3628E-09 2.2894E-09 2.2146E-09 2.1387E-09 2.0619E-09 1.9845E-09 1.9068E-09 1.8291E-09 1.7538E-09 1.6770E-09 1.6009E-09 1.5258E-09 1.4513E-09 1.3780E-09 1.3061E-09 1.2345E-09 1.1653E-09 1.1002E-09 1.0361E-09 9.7354E-10 9.1389E-10 8.5732E-10 8.0244E-10 7.5046E-10 7.0017E-10 6.5387E-10 6.0874E-10 5.6578E-10 5.2673E-10 4.8879E-10 4.3910E-10 3.8823E-10 3.2087E-10 2.4704E-10 2.0901E-10 1.5617E-10 9.8270E-11 7.4183E-11 3.3835E-11 8.4311E-12 0.0000E+00 0.0000E+00 0.0000E+00 0.0000E+00 0.0000E+00 0.0000E+00 0.0000E+00 0.0000E+00 0.0000E+00
3.0348E-09 2.9588E-09 2.8842E-09 2.8108E-09 2.7397E-09 2.6672E-09 2.5944E-09 2.5210E-09 2.4465E-09 2.3728E-09 2.2957E-09 2.2173E-09 2.1378E-09 2.0576E-09 1.9770E-09 1.8963E-09 1.8158E-09 1.7358E-09 1.6565E-09 1.5781E-09 1.5008E-09 1.4250E-09 1.3504E-09 1.2775E-09 1.2068E-09 1.1381E-09 1.0718E-09 1.0063E-09 9.4223E-10 8.8211E-10 8.2498E-10 7.7066E-10 7.1920E-10 6.7051E-10 6.2316E-10 5.7706E-10 5.3536E-10 4.9728E-10 4.4231E-10 3.8900E-10 3.2425E-10 2.6599E-10 2.0890E-10 1.5821E-10 1.1329E-10 7.0447E-11 3.4212E-11 1.7078E-11 0.0000E+00 0.0000E+00 0.0000E+00 0.0000E+00 0.0000E+00 0.0000E+00 0.0000E+00 0.0000E+00 0.0000E+00
3.1415E-09 3.0664E-09 2.9910E-09 2.9165E-09 2.8423E-09 2.7696E-09 2.6971E-09 2.6233E-09 2.5472E-09 2.4697E-09 2.3905E-09 2.3097E-09 2.2277E-09 2.1467E-09 2.0634E-09 1.9797E-09 1.8961E-09 1.8128E-09 1.7300E-09 1.6481E-09 1.5670E-09 1.4863E-09 1.4064E-09 1.3286E-09 1.2538E-09 1.1817E-09 1.1124E-09 1.0454E-09 9.7967E-10 9.1570E-10 8.5510E-10 7.9771E-10 7.4360E-10 6.9268E-10 6.4554E-10 5.9648E-10 5.5015E-10 5.0605E-10 4.4661E-10 3.9349E-10 3.2927E-10 2.6874E-10 2.0912E-10 1.6152E-10 1.1943E-10 6.8351E-11 3.4557E-11 2.1298E-11 0.0000E+00 0.0000E+00 0.0000E+00 0.0000E+00 0.0000E+00 0.0000E+00 0.0000E+00 0.0000E+00 0.0000E+00
