Assets/Resources/2015_m01_d04_1000(utc+0800)_l00_csi_1hr_conc.grd
DSAA
         159         159
     -79.000      79.000
     -79.000      79.000
  0.6537E-10  0.5004E-05
[rows 125 to 149 of 159, columns 57 to 113 of 159]
1.7492E-09 1.8132E-09 1.8793E-09 1.9543E-09 2.0218E-09 2.0981E-09 2.1705E-09 2.2452E-09 2.3226E-09 2.4028E-09 2.4861E-09 2.5729E-09 2.6636E-09 2.7588E-09 2.8605E-09 2.9696E-09 3.0875E-09 3.2166E-09 3.3605E-09 3.4815E-09 3.6068E-09 3.7529E-09 3.9295E-09 4.1817E-09 4.3761E-09 4.5228E-09 4.5825E-09 4.6385E-09 4.6776E-09 4.7081E-09 4.7426E-09 4.7861E-09 4.8461E-09 4.9400E-09 5.0674E-09 5.1711E-09 5.2406E-09 5.2760E-09 5.3290E-09 5.3418E-09 5.3971E-09 5.3505E-09 5.3024E-09 5.2523E-09 5.2005E-09 5.1474E-09 5.0934E-09 5.0387E-09 4.9842E-09 4.9300E-09 4.8764E-09 4.8231E-09 4.7353E-09 4.6501E-09 4.5604E-09 4.4509E-09 4.3871E-09
1.6697E-09 1.7296E-09 1.8010E-09 1.8653E-09 1.9349E-09 2.0033E-09 2.0742E-09 2.1474E-09 2.2199E-09 2.2950E-09 2.3730E-09 2.4541E-09 2.5389E-09 2.6283E-09 2.7237E-09 2.8259E-09 2.9368E-09 3.0585E-09 3.1880E-09 3.2937E-09 3.4130E-09 3.5532E-09 3.7291E-09 3.9634E-09 4.1279E-09 4.2152E-09 4.2691E-09 4.3173E-09 4.3500E-09 4.3802E-09 4.4158E-09 4.4611E-09 4.5256E-09 4.6298E-09 4.7362E-09 4.8196E-09 4.8712E-09 4.9197E-09 4.9496E-09 4.9767E-09 5.0027E-09 4.9638E-09 4.9241E-09 4.8827E-09 4.8396E-09 4.7959E-09 4.7513E-09 4.7066E-09 4.6622E-09 4.6180E-09 4.5202E-09 4.4596E-09 4.3836E-09 4.2838E-09 4.2090E-09 4.1507E-09 4.0394E-09
1.5901E-09 1.6572E-09 1.7180E-09 1.7844E-09 1.8495E-09 1.9139E-09 1.9832E-09 2.0486E-09 2.1227E-09 2.1930E-09 2.2660E-09 2.3419E-09 2.4213E-09 2.5052E-09 2.5947E-09 2.6906E-09 2.7948E-09 2.9095E-09 3.0184E-09 3.1184E-09 3.2325E-09 3.3670E-09 3.5462E-09 3.7306E-09 3.8797E-09 3.9324E-09 3.9818E-09 4.0228E-09 4.0509E-09 4.0815E-09 4.1183E-09 4.1655E-09 4.2347E-09 4.3468E-09 4.4396E-09 4.5035E-09 4.5377E-09 4.5985E-09 4.6080E-09 4.6531E-09 4.6461E-09 4.6150E-09 4.5825E-09 4.5489E-09 4.5140E-09 4.4787E-09 4.4429E-09 4.4070E-09 4.3181E-09 4.2265E-09 4.1940E-09 4.1074E-09 4.0175E-09 3.9543E-09 3.8583E-09 3.7346E-09 3.6096E-09
1.5163E-09 1.5810E-09 1.6384E-09 1.7050E-09 1.7635E-09 1.8322E-09 1.8914E-09 1.9587E-09 2.0250E-09 2.0937E-09 2.1651E-09 2.2361E-09 2.3104E-09 2.3892E-09 2.4732E-09 2.5633E-09 2.6612E-09 2.7694E-09 2.8602E-09 2.9551E-09 3.0645E-09 3.1954E-09 3.3802E-09 3.5187E-09 3.6237E-09 3.6717E-09 3.7170E-09 3.7504E-09 3.7785E-09 3.8097E-09 3.8476E-09 3.8978E-09 3.9724E-09 4.0687E-09 4.1484E-09 4.2043E-09 4.2384E-09 4.2823E-09 4.3014E-09 4.3483E-09 4.3246E-09 4.3003E-09 4.2747E-09 4.2481E-09 4.2208E-09 4.1383E-09 4.1090E-09 4.0137E-09 3.9197E-09 3.8609E-09 3.7715E-09 3.6527E-09 3.5172E-09 3.4405E-09 3.3458E-09 3.2838E-09 3.2503E-09
1.4468E-09 1.5002E-09 1.5634E-09 1.6206E-09 1.6854E-09 1.7442E-09 1.8055E-09 1.8710E-09 1.9333E-09 2.0004E-09 2.0641E-09 2.1366E-09 2.2063E-09 2.2803E-09 2.3589E-09 2.4436E-09 2.5358E-09 2.6323E-09 2.7130E-09 2.8033E-09 2.9078E-09 3.0378E-09 3.2045E-09 3.3262E-09 3.3897E-09 3.4336E-09 3.4735E-09 3.5027E-09 3.5307E-09 3.5629E-09 3.6022E-09 3.6556E-09 3.7373E-09 3.8187E-09 3.8840E-09 3.9273E-09 3.9705E-09 3.9984E-09 4.0277E-09 4.0533E-09 4.0354E-09 4.0049E-09 3.9439E-09 3.8782E-09 3.7590E-09 3.6776E-09 3.6087E-09 3.4977E-09 3.3766E-09 3.2739E-09 3.1833E-09 3.1053E-09 3.0655E-09 3.0426E-09 3.0146E-09 2.9991E-09 2.9889E-09
1.3704E-09 1.4275E-09 1.4889E-09 1.5403E-09 1.6077E-09 1.6603E-09 1.7246E-09 1.7803E-09 1.8471E-09 1.9071E-09 1.9696E-09 2.0373E-09 2.1026E-09 2.1780E-09 2.2518E-09 2.3314E-09 2.4182E-09 2.4999E-09 2.5763E-09 2.6624E-09 2.7627E-09 2.8941E-09 3.0256E-09 3.1324E-09 3.1754E-09 3.2165E-09 3.2511E-09 3.2776E-09 3.3061E-09 3.3393E-09 3.3801E-09 3.4366E-09 3.5217E-09 3.5952E-09 3.6470E-09 3.6782E-09 3.7276E-09 3.7202E-09 3.7633E-09 3.6830E-09 3.5980E-09 3.4912E-09 3.4123E-09 3.2990E-09 3.1762E-09 3.0894E-09 3.0331E-09 2.9231E-09 2.8836E-09 2.8598E-09 2.8392E-09 2.8421E-09 2.8572E-09 2.8720E-09 2.8860E-09 2.8992E-09 2.9119E-09
1.3006E-09 1.3584E-09 1.4108E-09 1.4704E-09 1.5239E-09 1.5847E-09 1.6420E-09 1.6992E-09 1.7609E-09 1.8173E-09 1.8811E-09 1.9417E-09 2.0059E-09 2.0764E-09 2.1455E-09 2.2262E-09 2.3080E-09 2.3769E-09 2.4494E-09 2.5319E-09 2.6291E-09 2.7640E-09 2.8632E-09 2.9394E-09 2.9792E-09 3.0171E-09 3.0470E-09 3.0736E-09 3.1026E-09 3.1367E-09 3.1601E-09 3.1966E-09 3.2672E-09 3.3068E-09 3.3023E-09 3.2929E-09 3.2614E-09 3.1636E-09 3.1375E-09 3.0402E-09 2.9416E-09 2.8867E-09 2.8306E-09 2.7843E-09 2.7470E-09 2.7100E-09 2.6979E-09 2.7021E-09 2.7208E-09 2.7389E-09 2.7561E-09 2.7729E-09 2.7889E-09 2.7913E-09 2.7932E-09 2.7942E-09 2.8089E-09
1.2395E-09 1.2898E-09 1.3373E-09 1.3964E-09 1.4494E-09 1.5034E-09 1.5589E-09 1.6170E-09 1.6740E-09 1.7365E-09 1.7930E-09 1.8530E-09 1.9156E-09 1.9788E-09 2.0466E-09 2.1222E-09 2.1946E-09 2.2629E-09 2.3318E-09 2.4104E-09 2.5068E-09 2.6254E-09 2.7159E-09 2.7637E-09 2.8007E-09 2.8349E-09 2.8620E-09 2.8331E-09 2.8612E-09 2.8426E-09 2.8252E-09 2.8877E-09 2.8871E-09 2.8723E-09 2.8831E-09 2.7991E-09 2.7299E-09 2.7215E-09 2.7131E-09 2.6556E-09 2.6415E-09 2.6140E-09 2.5740E-09 2.5509E-09 2.5728E-09 2.5807E-09 2.6014E-09 2.6081E-09 2.6140E-09 2.6333E-09 2.6383E-09 2.6424E-09 2.6605E-09 2.6637E-09 2.6663E-09 2.6832E-09 2.6992E-09
1.1782E-09 1.2252E-09 1.2724E-09 1.3249E-09 1.3757E-09 1.4281E-09 1.4808E-09 1.5389E-09 1.5897E-09 1.6475E-09 1.7047E-09 1.7653E-09 1.8260E-09 1.8884E-09 1.9519E-09 2.0227E-09 2.0875E-09 2.1518E-09 2.2173E-09 2.2984E-09 2.3952E-09 2.4895E-09 2.5671E-09 2.6034E-09 2.6386E-09 2.6125E-09 2.5860E-09 2.5915E-09 2.5881E-09 2.5623E-09 2.5739E-09 2.5906E-09 2.5321E-09 2.4844E-09 2.4532E-09 2.4705E-09 2.4396E-09 2.4440E-09 2.4278E-09 2.4184E-09 2.4141E-09 2.4386E-09 2.4624E-09 2.4728E-09 2.4824E-09 2.5048E-09 2.5134E-09 2.5212E-09 2.5423E-09 2.5491E-09 2.5553E-09 2.5606E-09 2.5803E-09 2.5992E-09 2.6171E-09 2.6343E-09 2.6505E-09
1.1159E-09 1.1613E-09 1.2104E-09 1.2590E-09 1.3018E-09 1.3559E-09 1.4062E-09 1.4589E-09 1.5105E-09 1.5641E-09 1.6194E-09 1.6756E-09 1.7345E-09 1.7995E-09 1.8588E-09 1.9308E-09 1.9861E-09 2.0467E-09 2.1122E-09 2.1901E-09 2.2886E-09 2.3449E-09 2.3677E-09 2.3467E-09 2.3588E-09 2.3460E-09 2.3086E-09 2.3064E-09 2.2680E-09 2.2247E-09 2.1981E-09 2.1856E-09 2.1941E-09 2.1801E-09 2.1902E-09 2.1987E-09 2.2305E-09 2.2741E-09 2.3008E-09 2.3267E-09 2.3395E-09 2.3516E-09 2.3764E-09 2.3877E-09 2.3982E-09 2.4218E-09 2.4314E-09 2.4402E-09 2.4625E-09 2.4705E-09 2.4918E-09 2.5123E-09 2.5321E-09 2.5510E-09 2.5691E-09 2.5864E-09 2.6029E-09
1.0550E-09 1.0967E-09 1.1444E-09 1.1927E-09 1.2397E-09 1.2855E-09 1.3343E-09 1.3855E-09 1.4321E-09 1.4880E-09 1.5397E-09 1.5920E-09 1.6469E-09 1.7091E-09 1.7689E-09 1.8325E-09 1.8877E-09 1.9429E-09 1.9882E-09 2.0217E-09 2.0480E-09 2.0838E-09 2.0763E-09 2.0443E-09 2.0088E-09 1.9815E-09 1.9423E-09 1.9181E-09 1.9426E-09 1.9585E-09 1.9701E-09 1.9811E-09 2.0100E-09 2.0407E-09 2.0786E-09 2.1198E-09 2.1708E-09 2.2037E-09 2.2180E-09 2.2445E-09 2.2581E-09 2.2710E-09 2.2834E-09 2.3087E-09 2.3202E-09 2.3310E-09 2.3552E-09 2.3786E-09 2.4013E-09 2.4234E-09 2.4446E-09 2.4652E-09 2.4849E-09 2.5040E-09 2.5222E-09 2.5396E-09 2.5562E-09
1.0124E-09 1.0446E-09 1.0799E-09 1.1302E-09 1.1676E-09 1.2195E-09 1.2696E-09 1.3150E-09 1.3581E-09 1.4039E-09 1.4614E-09 1.5074E-09 1.5628E-09 1.6094E-09 1.6622E-09 1.6808E-09 1.6988E-09 1.7226E-09 1.7412E-09 1.7441E-09 1.7196E-09 1.7196E-09 1.6893E-09 1.6939E-09 1.7087E-09 1.7260E-09 1.7439E-09 1.7692E-09 1.8062E-09 1.8440E-09 1.8828E-09 1.9229E-09 1.9608E-09 1.9919E-09 2.0281E-09 2.0603E-09 2.0967E-09 2.1141E-09 2.1416E-09 2.1561E-09 2.1701E-09 2.1836E-09 2.2100E-09 2.2358E-09 2.2611E-09 2.2856E-09 2.3095E-09 2.3328E-09 2.3554E-09 2.3774E-09 2.3985E-09 2.4157E-09 2.4320E-09 2.4476E-09 2.4587E-09 2.4727E-09 2.4899E-09
9.6298E-10 9.9952E-10 1.0308E-09 1.0731E-09 1.1079E-09 1.1575E-09 1.1905E-09 1.2259E-09 1.2732E-09 1.2991E-09 1.3336E-09 1.3551E-09 1.3810E-09 1.3887E-09 1.3895E-09 1.4000E-09 1.3961E-09 1.4016E-09 1.4323E-09 1.4658E-09 1.4973E-09 1.5294E-09 1.5646E-09 1.5977E-09 1.6313E-09 1.6653E-09 1.6999E-09 1.7352E-09 1.7711E-09 1.8043E-09 1.8380E-09 1.8754E-09 1.9061E-09 1.9339E-09 1.9600E-09 1.9840E-09 2.0033E-09 2.0315E-09 2.0594E-09 2.0869E-09 2.1139E-09 2.1405E-09 2.1666E-09 2.1921E-09 2.2170E-09 2.2379E-09 2.2617E-09 2.2815E-09 2.3006E-09 2.3227E-09 2.3405E-09 2.3577E-09 2.3779E-09 2.3936E-09 2.4087E-09 2.4268E-09 2.4441E-09
9.2688E-10 9.5952E-10 9.8939E-10 1.0114E-09 1.0291E-09 1.0485E-09 1.0572E-09 1.0847E-09 1.1106E-09 1.1389E-09 1.1672E-09 1.1965E-09 1.2239E-09 1.2535E-09 1.2841E-09 1.3147E-09 1.3437E-09 1.3752E-09 1.4050E-09 1.4352E-09 1.4681E-09 1.4992E-09 1.5333E-09 1.5654E-09 1.5981E-09 1.6285E-09 1.6590E-09 1.6898E-09 1.7174E-09 1.7482E-09 1.7831E-09 1.8168E-09 1.8482E-09 1.8779E-09 1.9068E-09 1.9353E-09 1.9634E-09 1.9912E-09 2.0187E-09 2.0457E-09 2.0723E-09 2.0985E-09 2.1242E-09 2.1461E-09 2.1675E-09 2.1918E-09 2.2122E-09 2.2320E-09 2.2511E-09 2.2733E-09 2.2913E-09 2.3085E-09 2.3289E-09 2.3485E-09 2.3674E-09 2.3855E-09 2.4028E-09
8.9086E-10 9.1518E-10 9.4004E-10 9.6517E-10 9.9085E-10 1.0151E-09 1.0397E-09 1.0665E-09 1.0917E-09 1.1193E-09 1.1453E-09 1.1737E-09 1.2003E-09 1.2313E-09 1.2587E-09 1.2883E-09 1.3153E-09 1.3438E-09 1.3727E-09 1.4019E-09 1.4315E-09 1.4615E-09 1.4919E-09 1.5227E-09 1.5539E-09 1.5854E-09 1.6174E-09 1.6498E-09 1.6826E-09 1.7161E-09 1.7500E-09 1.7820E-09 1.8119E-09 1.8408E-09 1.8690E-09 1.8969E-09 1.9246E-09 1.9519E-09 1.9788E-09 2.0054E-09 2.0284E-09 2.0510E-09 2.0766E-09 2.0984E-09 2.1197E-09 2.1405E-09 2.1644E-09 2.1842E-09 2.2033E-09 2.2256E-09 2.2472E-09 2.2681E-09 2.2883E-09 2.3079E-09 2.3266E-09 2.3447E-09 2.3619E-09
8.7860E-10 9.0093E-10 9.2509E-10 9.4809E-10 9.7467E-10 9.9839E-10 1.0242E-09 1.0486E-09 1.0732E-09 1.1001E-09 1.1254E-09 1.1531E-09 1.1791E-09 1.2076E-09 1.2343E-09 1.2635E-09 1.2910E-09 1.3188E-09 1.3493E-09 1.3779E-09 1.4068E-09 1.4361E-09 1.4658E-09 1.4958E-09 1.5262E-09 1.5570E-09 1.5882E-09 1.6198E-09 1.6518E-09 1.6844E-09 1.7168E-09 1.7475E-09 1.7763E-09 1.8044E-09 1.8321E-09 1.8595E-09 1.8866E-09 1.9103E-09 1.9337E-09 1.9568E-09 1.9829E-09 2.0053E-09 2.0274E-09 2.0490E-09 2.0737E-09 2.0945E-09 2.1183E-09 2.1415E-09 2.1641E-09 2.1861E-09 2.2075E-09 2.2282E-09 2.2483E-09 2.2677E-09 2.2863E-09 2.3042E-09 2.3215E-09
8.6495E-10 8.8824E-10 9.1047E-10 9.3445E-10 9.5732E-10 9.8048E-10 1.0071E-09 1.0310E-09 1.0568E-09 1.0813E-09 1.1060E-09 1.1330E-09 1.1584E-09 1.1860E-09 1.2121E-09 1.2405E-09 1.2673E-09 1.2943E-09 1.3240E-09 1.3518E-09 1.3823E-09 1.4110E-09 1.4399E-09 1.4693E-09 1.4989E-09 1.5290E-09 1.5594E-09 1.5902E-09 1.6215E-09 1.6532E-09 1.6842E-09 1.7134E-09 1.7414E-09 1.7658E-09 1.7898E-09 1.8137E-09 1.8405E-09 1.8639E-09 1.8871E-09 1.9099E-09 1.9359E-09 1.9581E-09 1.9834E-09 2.0083E-09 2.0327E-09 2.0567E-09 2.0801E-09 2.1030E-09 2.1254E-09 2.1471E-09 2.1683E-09 2.1888E-09 2.2087E-09 2.2279E-09 2.2464E-09 2.2642E-09 2.2814E-09
8.5146E-10 8.7425E-10 8.9600E-10 9.1946E-10 9.4184E-10 9.6597E-10 9.8896E-10 1.0138E-09 1.0389E-09 1.0629E-09 1.0871E-09 1.1133E-09 1.1381E-09 1.1650E-09 1.1904E-09 1.2180E-09 1.2441E-09 1.2705E-09 1.2993E-09 1.3264E-09 1.3560E-09 1.3839E-09 1.4144E-09 1.4430E-09 1.4720E-09 1.5013E-09 1.5310E-09 1.5610E-09 1.5887E-09 1.6195E-09 1.6460E-09 1.6712E-09 1.6955E-09 1.7194E-09 1.7431E-09 1.7667E-09 1.7932E-09 1.8196E-09 1.8457E-09 1.8716E-09 1.8971E-09 1.9224E-09 1.9472E-09 1.9717E-09 1.9958E-09 2.0194E-09 2.0425E-09 2.0651E-09 2.0871E-09 2.1086E-09 2.1295E-09 2.1498E-09 2.1695E-09 2.1886E-09 2.2070E-09 2.2228E-09 2.2378E-09
8.3938E-10 8.6041E-10 8.8302E-10 9.0465E-10 9.2791E-10 9.5013E-10 9.7263E-10 9.9684E-10 1.0199E-09 1.0448E-09 1.0685E-09 1.0940E-09 1.1182E-09 1.1444E-09 1.1692E-09 1.1943E-09 1.2215E-09 1.2473E-09 1.2752E-09 1.3016E-09 1.3304E-09 1.3575E-09 1.3849E-09 1.4128E-09 1.4364E-09 1.4647E-09 1.4856E-09 1.5141E-09 1.5429E-09 1.5720E-09 1.6007E-09 1.6280E-09 1.6549E-09 1.6815E-09 1.7079E-09 1.7342E-09 1.7603E-09 1.7861E-09 1.8118E-09 1.8372E-09 1.8623E-09 1.8871E-09 1.9115E-09 1.9356E-09 1.9593E-09 1.9825E-09 2.0053E-09 2.0276E-09 2.0474E-09 2.0667E-09 2.0875E-09 2.1057E-09 2.1232E-09 2.1422E-09 2.1586E-09 2.1743E-09 2.1914E-09
8.2613E-10 8.4673E-10 8.6885E-10 8.9003E-10 9.1276E-10 9.3450E-10 9.5785E-10 9.8016E-10 1.0041E-09 1.0270E-09 1.0501E-09 1.0750E-09 1.0988E-09 1.1227E-09 1.1470E-09 1.1715E-09 1.1963E-09 1.2213E-09 1.2467E-09 1.2723E-09 1.2982E-09 1.3245E-09 1.3510E-09 1.3778E-09 1.4048E-09 1.4322E-09 1.4598E-09 1.4876E-09 1.5157E-09 1.5441E-09 1.5716E-09 1.5982E-09 1.6244E-09 1.6505E-09 1.6764E-09 1.7021E-09 1.7277E-09 1.7531E-09 1.7783E-09 1.8032E-09 1.8279E-09 1.8523E-09 1.8763E-09 1.9000E-09 1.9233E-09 1.9443E-09 1.9668E-09 1.9870E-09 2.0066E-09 2.0277E-09 2.0464E-09 2.0644E-09 2.0819E-09 2.1008E-09 2.1171E-09 2.1348E-09 2.1518E-09
8.1304E-10 8.3436E-10 8.5484E-10 8.7558E-10 8.9780E-10 9.1908E-10 9.4188E-10 9.6371E-10 9.8709E-10 1.0095E-09 1.0335E-09 1.0564E-09 1.0795E-09 1.1044E-09 1.1282E-09 1.1522E-09 1.1764E-09 1.2009E-09 1.2257E-09 1.2508E-09 1.2762E-09 1.3018E-09 1.3278E-09 1.3540E-09 1.3804E-09 1.4072E-09 1.4341E-09 1.4613E-09 1.4888E-09 1.5163E-09 1.5428E-09 1.5687E-09 1.5944E-09 1.6199E-09 1.6453E-09 1.6705E-09 1.6956E-09 1.7205E-09 1.7452E-09 1.7697E-09 1.7940E-09 1.8179E-09 1.8397E-09 1.8630E-09 1.8842E-09 1.9049E-09 1.9272E-09 1.9472E-09 1.9666E-09 1.9876E-09 2.0060E-09 2.0239E-09 2.0433E-09 2.0621E-09 2.0802E-09 2.0977E-09 2.1146E-09
8.0010E-10 8.2096E-10 8.4101E-10 8.6244E-10 8.8303E-10 9.0502E-10 9.2613E-10 9.4748E-10 9.7031E-10 9.9218E-10 1.0156E-09 1.0380E-09 1.0620E-09 1.0849E-09 1.1081E-09 1.1330E-09 1.1567E-09 1.1807E-09 1.2050E-09 1.2295E-09 1.2543E-09 1.2794E-09 1.3048E-09 1.3304E-09 1.3562E-09 1.3823E-09 1.4087E-09 1.4353E-09 1.4621E-09 1.4887E-09 1.5143E-09 1.5396E-09 1.5647E-09 1.5897E-09 1.6146E-09 1.6393E-09 1.6639E-09 1.6884E-09 1.7126E-09 1.7349E-09 1.7587E-09 1.7805E-09 1.8020E-09 1.8251E-09 1.8459E-09 1.8664E-09 1.8865E-09 1.9082E-09 1.9274E-09 1.9482E-09 1.9684E-09 1.9881E-09 2.0072E-09 2.0257E-09 2.0436E-09 2.0608E-09 2.0775E-09
7.8831E-10 8.0771E-10 8.2736E-10 8.4830E-10 8.6846E-10 8.8994E-10 9.1060E-10 9.3149E-10 9.5377E-10 9.7516E-10 9.9799E-10 1.0199E-09 1.0433E-09 1.0657E-09 1.0896E-09 1.1125E-09 1.1357E-09 1.1606E-09 1.1843E-09 1.2083E-09 1.2326E-09 1.2571E-09 1.2819E-09 1.3069E-09 1.3322E-09 1.3577E-09 1.3835E-09 1.4095E-09 1.4357E-09 1.4612E-09 1.4862E-09 1.5109E-09 1.5354E-09 1.5599E-09 1.5843E-09 1.6085E-09 1.6309E-09 1.6532E-09 1.6771E-09 1.6990E-09 1.7207E-09 1.7421E-09 1.7652E-09 1.7861E-09 1.8066E-09 1.8288E-09 1.8506E-09 1.8719E-09 1.8928E-09 1.9132E-09 1.9331E-09 1.9524E-09 1.9712E-09 1.9895E-09 2.0071E-09 2.0242E-09 2.0406E-09
7.7541E-10 7.9441E-10 8.1484E-10 8.3434E-10 8.5408E-10 8.7506E-10 8.9528E-10 9.1678E-10 9.3747E-10 9.5839E-10 9.8065E-10 1.0020E-09 1.0248E-09 1.0467E-09 1.0701E-09 1.0925E-09 1.1151E-09 1.1393E-09 1.1625E-09 1.1873E-09 1.2111E-09 1.2350E-09 1.2593E-09 1.2837E-09 1.3084E-09 1.3334E-09 1.3585E-09 1.3839E-09 1.4093E-09 1.4340E-09 1.4584E-09 1.4825E-09 1.5048E-09 1.5271E-09 1.5511E-09 1.5732E-09 1.5952E-09 1.6171E-09 1.6388E-09 1.6622E-09 1.6835E-09 1.7065E-09 1.7292E-09 1.7517E-09 1.7738E-09 1.7955E-09 1.8169E-09 1.8379E-09 1.8584E-09 1.8784E-09 1.8980E-09 1.9170E-09 1.9355E-09 1.9535E-09 1.9708E-09 1.9876E-09 2.0038E-09
7.6264E-10 7.8236E-10 8.0122E-10 8.2146E-10 8.4081E-10 8.6039E-10 8.8018E-10 9.0116E-10 9.2140E-10 9.4187E-10 9.6358E-10 9.8450E-10 1.0067E-09 1.0281E-09 1.0508E-09 1.0727E-09 1.0948E-09 1.1184E-09 1.1410E-09 1.1652E-09 1.1883E-09 1.2131E-09 1.2368E-09 1.2607E-09 1.2849E-09 1.3092E-09 1.3338E-09 1.3569E-09 1.3816E-09 1.4039E-09 1.4260E-09 1.4480E-09 1.4699E-09 1.4918E-09 1.5136E-09 1.5371E-09 1.5605E-09 1.5838E-09 1.6069E-09 1.6299E-09 1.6527E-09 1.6752E-09 1.6975E-09 1.7195E-09 1.7412E-09 1.7625E-09 1.7835E-09 1.8040E-09 1.8242E-09 1.8439E-09 1.8631E-09 1.8818E-09 1.9000E-09 1.9177E-09 1.9348E-09 1.9513E-09 1.9673E-09
