Assets/Resources/2015_m01_d10_0800(utc+0800)_l00_csi_1hr_conc.grd
DSAA
         159         159
     -79.000      79.000
     -79.000      79.000
  0.1717E-08  0.1646E-04
[rows 25 to 49 of 159, columns 0 to 56 of 159]
2.8128E-09 2.8937E-09 2.9755E-09 3.0620E-09 3.1515E-09 3.2439E-09 3.3376E-09 3.4365E-09 3.5387E-09 3.6442E-09 3.7531E-09 3.8659E-09 3.9823E-09 4.1048E-09 4.2312E-09 4.3597E-09 4.4924E-09 4.6317E-09 4.7757E-09 4.9241E-09 5.0774E-09 5.2354E-09 5.3984E-09 5.5663E-09 5.7394E-09 5.9183E-09 6.1019E-09 6.2927E-09 6.4916E-09 6.7046E-09 6.9146E-09 7.1420E-09 7.3729E-09 7.6074E-09 7.8381E-09 8.0753E-09 8.3183E-09 8.5664E-09 8.8214E-09 9.0824E-09 9.3638E-09 9.6535E-09 9.9360E-09 1.0240E-08 1.0552E-08 1.0857E-08 1.1195E-08 1.1563E-08 1.1937E-08 1.2304E-08 1.2662E-08 1.3052E-08 1.3430E-08 1.3815E-08 1.4211E-08 1.4615E-08 1.5024E-08
2.8621E-09 2.9451E-09 3.0310E-09 3.1199E-09 3.2099E-09 3.3050E-09 3.4033E-09 3.5049E-09 3.6080E-09 3.7165E-09 3.8308E-09 3.9469E-09 4.0645E-09 4.1907E-09 4.3210E-09 4.4556E-09 4.5924E-09 4.7361E-09 4.8845E-09 5.0377E-09 5.1958E-09 5.3589E-09 5.5247E-09 5.7006E-09 5.8768E-09 6.0643E-09 6.2548E-09 6.4513E-09 6.6580E-09 6.8820E-09 7.1065E-09 7.3384E-09 7.5673E-09 7.8104E-09 8.0494E-09 8.2958E-09 8.5472E-09 8.8051E-09 9.0703E-09 9.3552E-09 9.6337E-09 9.9358E-09 1.0244E-08 1.0546E-08 1.0873E-08 1.1207E-08 1.1580E-08 1.1968E-08 1.2342E-08 1.2709E-08 1.3107E-08 1.3496E-08 1.3893E-08 1.4301E-08 1.4718E-08 1.5142E-08 1.5576E-08
2.9116E-09 2.9968E-09 3.0850E-09 3.1762E-09 3.2705E-09 3.3663E-09 3.4673E-09 3.5718E-09 3.6797E-09 3.7892E-09 3.9068E-09 4.0262E-09 4.1517E-09 4.2770E-09 4.4111E-09 4.5498E-09 4.6930E-09 4.8411E-09 4.9939E-09 5.1519E-09 5.3125E-09 5.4831E-09 5.6542E-09 5.8356E-09 6.0175E-09 6.2110E-09 6.4088E-09 6.6150E-09 6.8219E-09 7.0536E-09 7.2894E-09 7.5259E-09 7.7733E-09 8.0144E-09 8.2618E-09 8.5171E-09 8.7774E-09 9.0456E-09 9.3197E-09 9.6156E-09 9.9209E-09 1.0219E-08 1.0540E-08 1.0871E-08 1.1194E-08 1.1553E-08 1.1971E-08 1.2341E-08 1.2733E-08 1.3139E-08 1.3537E-08 1.3944E-08 1.4363E-08 1.4792E-08 1.5229E-08 1.5678E-08 1.6136E-08
2.9631E-09 3.0487E-09 3.1391E-09 3.2327E-09 3.3296E-09 3.4278E-09 3.5316E-09 3.6389E-09 3.7497E-09 3.8643E-09 3.9831E-09 4.1058E-09 4.2349E-09 4.3683E-09 4.5040E-09 4.6443E-09 4.7917E-09 4.9442E-09 5.1015E-09 5.2642E-09 5.4321E-09 5.6055E-09 5.7842E-09 5.9687E-09 6.1622E-09 6.3559E-09 6.5625E-09 6.7763E-09 7.0040E-09 7.2259E-09 7.4696E-09 7.7176E-09 7.9700E-09 8.2192E-09 8.4750E-09 8.7389E-09 9.0088E-09 9.2868E-09 9.5847E-09 9.8778E-09 1.0194E-08 1.0519E-08 1.0853E-08 1.1182E-08 1.1535E-08 1.1929E-08 1.2339E-08 1.2736E-08 1.3130E-08 1.3554E-08 1.3969E-08 1.4397E-08 1.4838E-08 1.5286E-08 1.5748E-08 1.6220E-08 1.6705E-08
3.0130E-09 3.1026E-09 3.1953E-09 3.2895E-09 3.3888E-09 3.4917E-09 3.5981E-09 3.7061E-09 3.8200E-09 3.9398E-09 4.0618E-09 4.1856E-09 4.3182E-09 4.4553E-09 4.5972E-09 4.7438E-09 4.8932E-09 5.0499E-09 5.2119E-09 5.3792E-09 5.5521E-09 5.7305E-09 5.9147E-09 6.1047E-09 6.3015E-09 6.5046E-09 6.7174E-09 6.9346E-09 7.1731E-09 7.4128E-09 7.6607E-09 7.9063E-09 8.1669E-09 8.4242E-09 8.6884E-09 8.9612E-09 9.2406E-09 9.5276E-09 9.8367E-09 1.0156E-08 1.0468E-08 1.0806E-08 1.1153E-08 1.1493E-08 1.1880E-08 1.2309E-08 1.2700E-08 1.3117E-08 1.3547E-08 1.3969E-08 1.4405E-08 1.4855E-08 1.5314E-08 1.5786E-08 1.6270E-08 1.6763E-08 1.7278E-08
3.0630E-09 3.1547E-09 3.2498E-09 3.3481E-09 3.4481E-09 3.5536E-09 3.6627E-09 3.7756E-09 3.8903E-09 4.0133E-09 4.1385E-09 4.2678E-09 4.4039E-09 4.5425E-09 4.6883E-09 4.8389E-09 4.9948E-09 5.1558E-09 5.3224E-09 5.4944E-09 5.6722E-09 5.8533E-09 6.0453E-09 6.2383E-09 6.4435E-09 6.6534E-09 6.8726E-09 7.0963E-09 7.3388E-09 7.5895E-09 7.8451E-09 8.1056E-09 8.3638E-09 8.6292E-09 8.9017E-09 9.1833E-09 9.4719E-09 9.7829E-09 1.0089E-08 1.0419E-08 1.0758E-08 1.1108E-08 1.1452E-08 1.1823E-08 1.2226E-08 1.2663E-08 1.3082E-08 1.3499E-08 1.3946E-08 1.4388E-08 1.4844E-08 1.5312E-08 1.5793E-08 1.6288E-08 1.6793E-08 1.7320E-08 1.7860E-08
3.1130E-09 3.2070E-09 3.3043E-09 3.4050E-09 3.5074E-09 3.6155E-09 3.7274E-09 3.8431E-09 3.9627E-09 4.0868E-09 4.2152E-09 4.3501E-09 4.4898E-09 4.6297E-09 4.7793E-09 4.9339E-09 5.0940E-09 5.2594E-09 5.4305E-09 5.6072E-09 5.7899E-09 5.9785E-09 6.1733E-09 6.3777E-09 6.5828E-09 6.8014E-09 7.0244E-09 7.2686E-09 7.5043E-09 7.7626E-09 8.0259E-09 8.2943E-09 8.5603E-09 8.8337E-09 9.1146E-09 9.4048E-09 9.7024E-09 1.0024E-08 1.0356E-08 1.0681E-08 1.1033E-08 1.1394E-08 1.1750E-08 1.2146E-08 1.2599E-08 1.3010E-08 1.3448E-08 1.3898E-08 1.4345E-08 1.4808E-08 1.5282E-08 1.5771E-08 1.6274E-08 1.6789E-08 1.7321E-08 1.7871E-08 1.8430E-08
3.1648E-09 3.2591E-09 3.3588E-09 3.4619E-09 3.5688E-09 3.6774E-09 3.7920E-09 3.9105E-09 4.0353E-09 4.1603E-09 4.2918E-09 4.4301E-09 4.5733E-09 4.7215E-09 4.8749E-09 5.0313E-09 5.1930E-09 5.3652E-09 5.5408E-09 5.7223E-09 5.9098E-09 6.1035E-09 6.3036E-09 6.5111E-09 6.7252E-09 6.9498E-09 7.1792E-09 7.4303E-09 7.6834E-09 7.9454E-09 8.2060E-09 8.4823E-09 8.7560E-09 9.0374E-09 9.3265E-09 9.6254E-09 9.9319E-09 1.0263E-08 1.0606E-08 1.0958E-08 1.1307E-08 1.1679E-08 1.2048E-08 1.2484E-08 1.2937E-08 1.3376E-08 1.3829E-08 1.4279E-08 1.4745E-08 1.5225E-08 1.5719E-08 1.6230E-08 1.6752E-08 1.7287E-08 1.7845E-08 1.8419E-08 1.9004E-08
3.2148E-09 3.3131E-09 3.4150E-09 3.5187E-09 3.6280E-09 3.7413E-09 3.8585E-09 3.9778E-09 4.1056E-09 4.2358E-09 4.3704E-09 4.5100E-09 4.6567E-09 4.8085E-09 4.9657E-09 5.1284E-09 5.2942E-09 5.4708E-09 5.6484E-09 5.8370E-09 6.0269E-09 6.2281E-09 6.4309E-09 6.6464E-09 6.8696E-09 7.0943E-09 7.3333E-09 7.5879E-09 7.8515E-09 8.1207E-09 8.3957E-09 8.6691E-09 8.9504E-09 9.2397E-09 9.5370E-09 9.8444E-09 1.0175E-08 1.0501E-08 1.0855E-08 1.1219E-08 1.1593E-08 1.1963E-08 1.2373E-08 1.2830E-08 1.3267E-08 1.3722E-08 1.4190E-08 1.4659E-08 1.5143E-08 1.5641E-08 1.6156E-08 1.6684E-08 1.7226E-08 1.7784E-08 1.8366E-08 1.8959E-08 1.9570E-08
3.2646E-09 3.3651E-09 3.4693E-09 3.5753E-09 3.6871E-09 3.8029E-09 3.9228E-09 4.0469E-09 4.1757E-09 4.3089E-09 4.4467E-09 4.5917E-09 4.7397E-09 4.8952E-09 5.0561E-09 5.2227E-09 5.3950E-09 5.5734E-09 5.7579E-09 5.9487E-09 6.1458E-09 6.3496E-09 6.5634E-09 6.7785E-09 7.0074E-09 7.2414E-09 7.4865E-09 7.7444E-09 8.0150E-09 8.2914E-09 8.5738E-09 8.8545E-09 9.1433E-09 9.4404E-09 9.7457E-09 1.0062E-08 1.0402E-08 1.0753E-08 1.1116E-08 1.1477E-08 1.1863E-08 1.2245E-08 1.2676E-08 1.3150E-08 1.3613E-08 1.4063E-08 1.4550E-08 1.5036E-08 1.5536E-08 1.6055E-08 1.6587E-08 1.7134E-08 1.7690E-08 1.8277E-08 1.8881E-08 1.9494E-08 2.0125E-08
3.3142E-09 3.4169E-09 3.5233E-09 3.6317E-09 3.7460E-09 3.8643E-09 3.9869E-09 4.1137E-09 4.2454E-09 4.3816E-09 4.5248E-09 4.6732E-09 4.8222E-09 4.9813E-09 5.1460E-09 5.3165E-09 5.4928E-09 5.6755E-09 5.8643E-09 6.0596E-09 6.2640E-09 6.4702E-09 6.6892E-09 6.9129E-09 7.1475E-09 7.3839E-09 7.6351E-09 7.9030E-09 8.1770E-09 8.4605E-09 8.7501E-09 9.0379E-09 9.3342E-09 9.6389E-09 9.9521E-09 1.0276E-08 1.0626E-08 1.0987E-08 1.1361E-08 1.1746E-08 1.2129E-08 1.2542E-08 1.2984E-08 1.3468E-08 1.3937E-08 1.4421E-08 1.4907E-08 1.5408E-08 1.5927E-08 1.6462E-08 1.7011E-08 1.7569E-08 1.8154E-08 1.8766E-08 1.9379E-08 2.0016E-08 2.0666E-08
3.3636E-09 3.4685E-09 3.5771E-09 3.6878E-09 3.8045E-09 3.9254E-09 4.0506E-09 4.1802E-09 4.3146E-09 4.4538E-09 4.6002E-09 4.7519E-09 4.9065E-09 5.0691E-09 5.2352E-09 5.4095E-09 5.5923E-09 5.7791E-09 5.9723E-09 6.1721E-09 6.3787E-09 6.5923E-09 6.8163E-09 7.0428E-09 7.2829E-09 7.5318E-09 7.7964E-09 8.0672E-09 8.3477E-09 8.6276E-09 8.9243E-09 9.2192E-09 9.5227E-09 9.8349E-09 1.0156E-08 1.0503E-08 1.0847E-08 1.1217E-08 1.1602E-08 1.1998E-08 1.2392E-08 1.2825E-08 1.3309E-08 1.3773E-08 1.4255E-08 1.4757E-08 1.5258E-08 1.5776E-08 1.6312E-08 1.6860E-08 1.7420E-08 1.8001E-08 1.8608E-08 1.9229E-08 1.9869E-08 2.0527E-08 2.1202E-08
3.4127E-09 3.5197E-09 3.6306E-09 3.7455E-09 3.8626E-09 3.9860E-09 4.1138E-09 4.2483E-09 4.3856E-09 4.5255E-09 4.6750E-09 4.8299E-09 4.9903E-09 5.1564E-09 5.3284E-09 5.5042E-09 5.6910E-09 5.8793E-09 6.0793E-09 6.2835E-09 6.4947E-09 6.7130E-09 6.9396E-09 7.1737E-09 7.4168E-09 7.6713E-09 7.9420E-09 8.2225E-09 8.5095E-09 8.8031E-09 9.0961E-09 9.3978E-09 9.7084E-09 1.0028E-08 1.0356E-08 1.0712E-08 1.1079E-08 1.1444E-08 1.1839E-08 1.2245E-08 1.2649E-08 1.3104E-08 1.3604E-08 1.4091E-08 1.4587E-08 1.5087E-08 1.5603E-08 1.6138E-08 1.6684E-08 1.7243E-08 1.7823E-08 1.8419E-08 1.9050E-08 1.9681E-08 2.0344E-08 2.1021E-08 2.1729E-08
3.4633E-09 3.5724E-09 3.6836E-09 3.8008E-09 3.9223E-09 4.0481E-09 4.1785E-09 4.3137E-09 4.4538E-09 4.5988E-09 4.7513E-09 4.9072E-09 5.0709E-09 5.2404E-09 5.4160E-09 5.5978E-09 5.7861E-09 5.9809E-09 6.1826E-09 6.3911E-09 6.6069E-09 6.8298E-09 7.0613E-09 7.3039E-09 7.5522E-09 7.8122E-09 8.0854E-09 8.3721E-09 8.6654E-09 8.9656E-09 9.2650E-09 9.5734E-09 9.8908E-09 1.0217E-08 1.0553E-08 1.0918E-08 1.1294E-08 1.1682E-08 1.2086E-08 1.2488E-08 1.2901E-08 1.3378E-08 1.3892E-08 1.4385E-08 1.4897E-08 1.5410E-08 1.5941E-08 1.6485E-08 1.7042E-08 1.7619E-08 1.8212E-08 1.8832E-08 1.9470E-08 2.0125E-08 2.0808E-08 2.1505E-08 2.2228E-08
3.5116E-09 3.6228E-09 3.7361E-09 3.8556E-09 3.9794E-09 4.1077E-09 4.2406E-09 4.3785E-09 4.5213E-09 4.6691E-09 4.8247E-09 4.9836E-09 5.1505E-09 5.3234E-09 5.5026E-09 5.6880E-09 5.8800E-09 6.0788E-09 6.2845E-09 6.4973E-09 6.7174E-09 6.9483E-09 7.1845E-09 7.4288E-09 7.6822E-09 7.9476E-09 8.2299E-09 8.5191E-09 8.8186E-09 9.1251E-09 9.4307E-09 9.7456E-09 1.0070E-08 1.0403E-08 1.0746E-08 1.1119E-08 1.1503E-08 1.1901E-08 1.2314E-08 1.2725E-08 1.3167E-08 1.3664E-08 1.4165E-08 1.4673E-08 1.5199E-08 1.5725E-08 1.6265E-08 1.6818E-08 1.7390E-08 1.7979E-08 1.8586E-08 1.9224E-08 1.9870E-08 2.0555E-08 2.1248E-08 2.1970E-08 2.2703E-08
3.5595E-09 3.6727E-09 3.7881E-09 3.9098E-09 4.0359E-09 4.1666E-09 4.3020E-09 4.4424E-09 4.5879E-09 4.7386E-09 4.8971E-09 5.0590E-09 5.2291E-09 5.4053E-09 5.5878E-09 5.7768E-09 5.9726E-09 6.1751E-09 6.3848E-09 6.6042E-09 6.8286E-09 7.0615E-09 7.3024E-09 7.5548E-09 7.8132E-09 8.0804E-09 8.3683E-09 8.6632E-09 8.9687E-09 9.2812E-09 9.5929E-09 9.9140E-09 1.0245E-08 1.0585E-08 1.0935E-08 1.1315E-08 1.1707E-08 1.2113E-08 1.2536E-08 1.2955E-08 1.3408E-08 1.3935E-08 1.4449E-08 1.4971E-08 1.5492E-08 1.6026E-08 1.6575E-08 1.7140E-08 1.7722E-08 1.8326E-08 1.8947E-08 1.9597E-08 2.0265E-08 2.0964E-08 2.1671E-08 2.2410E-08 2.3160E-08
3.6067E-09 3.7220E-09 3.8395E-09 3.9633E-09 4.0917E-09 4.2247E-09 4.3626E-09 4.5056E-09 4.6537E-09 4.8094E-09 4.9707E-09 5.1356E-09 5.3088E-09 5.4859E-09 5.6718E-09 5.8642E-09 6.0636E-09 6.2723E-09 6.4859E-09 6.7093E-09 6.9354E-09 7.1752E-09 7.4205E-09 7.6751E-09 7.9383E-09 8.2105E-09 8.5037E-09 8.8041E-09 9.1153E-09 9.4338E-09 9.7513E-09 1.0078E-08 1.0415E-08 1.0762E-08 1.1134E-08 1.1521E-08 1.1921E-08 1.2320E-08 1.2751E-08 1.3180E-08 1.3660E-08 1.4189E-08 1.4707E-08 1.5240E-08 1.5768E-08 1.6314E-08 1.6871E-08 1.7445E-08 1.8043E-08 1.8653E-08 1.9290E-08 1.9954E-08 2.0640E-08 2.1345E-08 2.2072E-08 2.2819E-08 2.3591E-08
3.6534E-09 3.7706E-09 3.8901E-09 4.0161E-09 4.1467E-09 4.2820E-09 4.4222E-09 4.5677E-09 4.7184E-09 4.8768E-09 5.0410E-09 5.2087E-09 5.3850E-09 5.5652E-09 5.7543E-09 5.9501E-09 6.1553E-09 6.3678E-09 6.5826E-09 6.8100E-09 7.0425E-09 7.2840E-09 7.5336E-09 7.7927E-09 8.0605E-09 8.3481E-09 8.6465E-09 8.9522E-09 9.2688E-09 9.5823E-09 9.9054E-09 1.0238E-08 1.0581E-08 1.0934E-08 1.1312E-08 1.1707E-08 1.2114E-08 1.2536E-08 1.2960E-08 1.3396E-08 1.3895E-08 1.4436E-08 1.4954E-08 1.5494E-08 1.6033E-08 1.6586E-08 1.7151E-08 1.7741E-08 1.8343E-08 1.8962E-08 1.9619E-08 2.0290E-08 2.0992E-08 2.1703E-08 2.2452E-08 2.3203E-08 2.3995E-08
3.6994E-09 3.8185E-09 3.9400E-09 4.0681E-09 4.2008E-09 4.3384E-09 4.4810E-09 4.6289E-09 4.7821E-09 4.9431E-09 5.1100E-09 5.2805E-09 5.4597E-09 5.6429E-09 5.8351E-09 6.0367E-09 6.2428E-09 6.4588E-09 6.6797E-09 6.9084E-09 7.1448E-09 7.3903E-09 7.6441E-09 7.9075E-09 8.1832E-09 8.4756E-09 8.7788E-09 9.0895E-09 9.4080E-09 9.7266E-09 1.0055E-08 1.0393E-08 1.0742E-08 1.1100E-08 1.1485E-08 1.1886E-08 1.2301E-08 1.2730E-08 1.3162E-08 1.3624E-08 1.4121E-08 1.4662E-08 1.5187E-08 1.5737E-08 1.6282E-08 1.6843E-08 1.7421E-08 1.8015E-08 1.8625E-08 1.9254E-08 1.9928E-08 2.0610E-08 2.1320E-08 2.2040E-08 2.2797E-08 2.3571E-08 2.4370E-08
3.7447E-09 3.8657E-09 3.9891E-09 4.1192E-09 4.2540E-09 4.3938E-09 4.5386E-09 4.6889E-09 4.8445E-09 5.0103E-09 5.1776E-09 5.3509E-09 5.5352E-09 5.7214E-09 5.9191E-09 6.1214E-09 6.3308E-09 6.5477E-09 6.7721E-09 7.0044E-09 7.2445E-09 7.4939E-09 7.7516E-09 8.0192E-09 8.3026E-09 8.5994E-09 8.9039E-09 9.2195E-09 9.5428E-09 9.8664E-09 1.0200E-08 1.0543E-08 1.0897E-08 1.1261E-08 1.1652E-08 1.2059E-08 1.2480E-08 1.2917E-08 1.3355E-08 1.3825E-08 1.4346E-08 1.4894E-08 1.5427E-08 1.5964E-08 1.6517E-08 1.7087E-08 1.7672E-08 1.8273E-08 1.8890E-08 1.9528E-08 2.0213E-08 2.0904E-08 2.1617E-08 2.2359E-08 2.3113E-08 2.3905E-08 2.4710E-08
3.7910E-09 3.9120E-09 4.0373E-09 4.1694E-09 4.3062E-09 4.4502E-09 4.5952E-09 4.7499E-09 4.9079E-09 5.0739E-09 5.2438E-09 5.4197E-09 5.6068E-09 5.7982E-09 5.9964E-09 6.2017E-09 6.4143E-09 6.6344E-09 6.8621E-09 7.0978E-09 7.3415E-09 7.5945E-09 7.8595E-09 8.1310E-09 8.4151E-09 8.7162E-09 9.0251E-09 9.3451E-09 9.6731E-09 1.0001E-08 1.0339E-08 1.0688E-08 1.1046E-08 1.1415E-08 1.1812E-08 1.2225E-08 1.2653E-08 1.3096E-08 1.3540E-08 1.4013E-08 1.4542E-08 1.5097E-08 1.5634E-08 1.6178E-08 1.6737E-08 1.7314E-08 1.7907E-08 1.8511E-08 1.9136E-08 1.9790E-08 2.0472E-08 2.1175E-08 2.1890E-08 2.2645E-08 2.3403E-08 2.4209E-08 2.5031E-08
3.8347E-09 3.9574E-09 4.0846E-09 4.2185E-09 4.3594E-09 4.5034E-09 4.6505E-09 4.8074E-09 4.9677E-09 5.1361E-09 5.3085E-09 5.4892E-09 5.6766E-09 5.8707E-09 6.0717E-09 6.2799E-09 6.4954E-09 6.7186E-09 6.9495E-09 7.1885E-09 7.4356E-09 7.6921E-09 7.9641E-09 8.2393E-09 8.5239E-09 8.8290E-09 9.1419E-09 9.4662E-09 9.7985E-09 1.0131E-08 1.0474E-08 1.0827E-08 1.1190E-08 1.1564E-08 1.1965E-08 1.2384E-08 1.2817E-08 1.3265E-08 1.3712E-08 1.4191E-08 1.4725E-08 1.5285E-08 1.5828E-08 1.6377E-08 1.6940E-08 1.7526E-08 1.8121E-08 1.8731E-08 1.9366E-08 2.0033E-08 2.0708E-08 2.1421E-08 2.2137E-08 2.2899E-08 2.3677E-08 2.4486E-08 2.5328E-08
3.8774E-09 4.0019E-09 4.1308E-09 4.2686E-09 4.4094E-09 4.5554E-09 4.7068E-09 4.8636E-09 5.0261E-09 5.1968E-09 5.3714E-09 5.5547E-09 5.7445E-09 5.9412E-09 6.1449E-09 6.3558E-09 6.5742E-09 6.8003E-09 7.0342E-09 7.2763E-09 7.5266E-09 7.7898E-09 8.0619E-09 8.3406E-09 8.6288E-09 8.9376E-09 9.2543E-09 9.5826E-09 9.9189E-09 1.0255E-08 1.0602E-08 1.0959E-08 1.1327E-08 1.1705E-08 1.2111E-08 1.2535E-08 1.2973E-08 1.3424E-08 1.3875E-08 1.4358E-08 1.4895E-08 1.5461E-08 1.6008E-08 1.6561E-08 1.7130E-08 1.7717E-08 1.8318E-08 1.8935E-08 1.9573E-08 2.0247E-08 2.0920E-08 2.1639E-08 2.2370E-08 2.3128E-08 2.3923E-08 2.4739E-08 2.5598E-08
3.9192E-09 4.0453E-09 4.1759E-09 4.3156E-09 4.4582E-09 4.6061E-09 4.7594E-09 4.9183E-09 5.0829E-09 5.2558E-09 5.4327E-09 5.6182E-09 5.8105E-09 6.0096E-09 6.2158E-09 6.4294E-09 6.6505E-09 6.8793E-09 7.1161E-09 7.3611E-09 7.6204E-09 7.8833E-09 8.1561E-09 8.4381E-09 8.7296E-09 9.0418E-09 9.3621E-09 9.6940E-09 1.0034E-08 1.0374E-08 1.0725E-08 1.1086E-08 1.1457E-08 1.1840E-08 1.2250E-08 1.2692E-08 1.3133E-08 1.3573E-08 1.4026E-08 1.4512E-08 1.5054E-08 1.5622E-08 1.6173E-08 1.6730E-08 1.7300E-08 1.7893E-08 1.8497E-08 1.9120E-08 1.9758E-08 2.0433E-08 2.1110E-08 2.1832E-08 2.2574E-08 2.3336E-08 2.4146E-08 2.4965E-08 2.5842E-08
3.9599E-09 4.0877E-09 4.2199E-09 4.3613E-09 4.5057E-09 4.6554E-09 4.8106E-09 4.9715E-09 5.1381E-09 5.3130E-09 5.4921E-09 5.6798E-09 5.8744E-09 6.0758E-09 6.2844E-09 6.5004E-09 6.7241E-09 6.9556E-09 7.1950E-09 7.4428E-09 7.7049E-09 7.9708E-09 8.2465E-09 8.5315E-09 8.8261E-09 9.1415E-09 9.4650E-09 9.8002E-09 1.0144E-08 1.0487E-08 1.0841E-08 1.1206E-08 1.1581E-08 1.1967E-08 1.2395E-08 1.2825E-08 1.3269E-08 1.3710E-08 1.4167E-08 1.4655E-08 1.5199E-08 1.5770E-08 1.6324E-08 1.6882E-08 1.7456E-08 1.8050E-08 1.8658E-08 1.9285E-08 1.9921E-08 2.0599E-08 2.1282E-08 2.2004E-08 2.2758E-08 2.3522E-08 2.4340E-08 2.5180E-08 2.6052E-08
