Assets/Resources/2015_m01_d22_1300(utc+0800)_l00_csi_1hr_conc.grd
DSAA
         159         159
     -79.000      79.000
     -79.000      79.000
  0.0000E+00  0.1068E-05
[rows 50 to 74 of 159, columns 57 to 113 of 159]
2.8738E-09 3.4980E-09 4.3816E-09 5.4901E-09 6.8241E-09 8.8862E-09 1.1353E-08 1.4473E-08 1.8285E-08 2.2733E-08 2.7638E-08 3.2666E-08 3.7313E-08 4.1092E-08 4.3542E-08 4.4369E-08 4.3556E-08 4.1314E-08 3.8057E-08 3.4354E-08 3.0702E-08 2.7508E-08 2.4971E-08 2.3057E-08 2.1640E-08 2.0584E-08 1.9737E-08 1.9025E-08 1.8459E-08 1.7875E-08 1.7259E-08 1.6628E-08 1.5995E-08 1.5361E-08 1.4739E-08 1.4134E-08 1.3551E-08 1.2990E-08 1.2440E-08 1.1922E-08 1.1438E-08 1.0984E-08 1.0561E-08 1.0164E-08 9.7951E-09 9.5170E-09 9.1188E-09 8.8256E-09 8.5085E-09 8.2217E-09 7.9418E-09 7.6930E-09 7.4297E-09 7.1991E-09 6.9928E-09 6.7897E-09 6.5898E-09
2.5391E-09 3.0590E-09 3.7496E-09 4.7248E-09 5.9778E-09 7.6713E-09 9.8671E-09 1.2702E-08 1.6245E-08 2.0453E-08 2.5168E-08 3.0063E-08 3.4697E-08 3.8539E-08 4.1040E-08 4.1906E-08 4.1074E-08 3.8772E-08 3.5487E-08 3.1792E-08 2.8181E-08 2.5074E-08 2.2639E-08 2.0866E-08 1.9608E-08 1.8705E-08 1.7978E-08 1.7405E-08 1.6946E-08 1.6452E-08 1.5923E-08 1.5382E-08 1.4830E-08 1.4279E-08 1.3730E-08 1.3189E-08 1.2667E-08 1.2165E-08 1.1675E-08 1.1208E-08 1.0771E-08 1.0359E-08 9.9737E-09 9.6135E-09 9.2774E-09 9.0222E-09 8.6521E-09 8.3826E-09 8.0881E-09 7.8160E-09 7.5683E-09 7.3301E-09 7.0827E-09 6.8735E-09 6.6790E-09 6.4873E-09 6.2986E-09
2.2602E-09 2.6914E-09 3.2511E-09 4.0323E-09 5.1013E-09 6.5233E-09 8.3624E-09 1.1121E-08 1.4393E-08 1.8390E-08 2.2953E-08 2.7763E-08 3.2356E-08 3.6175E-08 3.8702E-08 3.9609E-08 3.8758E-08 3.6421E-08 3.3063E-08 2.9305E-08 2.5731E-08 2.2744E-08 2.0442E-08 1.8805E-08 1.7684E-08 1.6883E-08 1.6294E-08 1.5840E-08 1.5470E-08 1.5056E-08 1.4612E-08 1.4152E-08 1.3678E-08 1.3202E-08 1.2723E-08 1.2247E-08 1.1784E-08 1.1340E-08 1.0910E-08 1.0492E-08 1.0101E-08 9.7301E-09 9.3831E-09 9.0593E-09 8.7531E-09 8.5181E-09 8.1782E-09 7.9321E-09 7.6538E-09 7.4048E-09 7.1818E-09 6.9596E-09 6.7282E-09 6.5406E-09 6.3583E-09 6.1783E-09 6.0008E-09
2.0118E-09 2.3685E-09 2.8457E-09 3.4177E-09 4.3815E-09 5.6678E-09 7.4292E-09 9.7694E-09 1.2799E-08 1.6568E-08 2.0950E-08 2.5689E-08 3.0270E-08 3.4103E-08 3.6639E-08 3.7495E-08 3.6591E-08 3.4206E-08 3.0803E-08 2.7028E-08 2.3466E-08 2.0515E-08 1.8338E-08 1.6856E-08 1.5857E-08 1.5177E-08 1.4683E-08 1.4342E-08 1.4045E-08 1.3707E-08 1.3341E-08 1.2954E-08 1.2554E-08 1.2145E-08 1.1731E-08 1.1317E-08 1.0913E-08 1.0525E-08 1.0151E-08 9.7833E-09 9.4341E-09 9.1033E-09 8.7935E-09 8.5027E-09 8.2236E-09 8.0099E-09 7.7021E-09 7.4779E-09 7.2225E-09 6.9927E-09 6.7907E-09 6.5846E-09 6.3776E-09 6.2029E-09 6.0330E-09 5.8651E-09 5.6983E-09
1.7934E-09 2.0889E-09 2.4856E-09 3.0294E-09 3.7789E-09 4.7470E-09 6.4343E-09 8.5813E-09 1.1443E-08 1.5043E-08 1.9317E-08 2.3974E-08 2.8532E-08 3.2411E-08 3.4994E-08 3.5815E-08 3.4819E-08 3.2286E-08 2.8755E-08 2.4942E-08 2.1392E-08 1.8500E-08 1.6427E-08 1.5034E-08 1.4142E-08 1.3569E-08 1.3157E-08 1.2917E-08 1.2688E-08 1.2419E-08 1.2121E-08 1.1801E-08 1.1465E-08 1.1117E-08 1.0764E-08 1.0410E-08 1.0063E-08 9.7279E-09 9.4039E-09 9.0831E-09 8.7755E-09 8.4836E-09 8.2090E-09 7.9468E-09 7.6947E-09 7.4602E-09 7.2820E-09 7.0026E-09 6.8038E-09 6.5887E-09 6.3980E-09 6.2079E-09 6.0246E-09 5.8634E-09 5.7058E-09 5.5493E-09 5.3932E-09
1.5936E-09 1.8487E-09 2.1711E-09 2.6393E-09 3.1941E-09 4.2150E-09 5.6099E-09 7.5793E-09 1.0281E-08 1.3747E-08 1.7960E-08 2.2612E-08 2.7221E-08 3.1142E-08 3.3719E-08 3.4521E-08 3.3453E-08 3.0750E-08 2.7043E-08 2.3094E-08 1.9483E-08 1.6632E-08 1.4654E-08 1.3361E-08 1.2568E-08 1.2052E-08 1.1730E-08 1.1581E-08 1.1410E-08 1.1200E-08 1.0962E-08 1.0699E-08 1.0419E-08 1.0128E-08 9.8314E-09 9.5338E-09 9.2400E-09 8.9523E-09 8.6736E-09 8.3980E-09 8.1304E-09 7.8754E-09 7.6310E-09 7.3972E-09 7.1731E-09 6.9597E-09 6.8010E-09 6.5480E-09 6.3720E-09 6.1816E-09 6.0069E-09 5.8322E-09 5.6715E-09 5.5241E-09 5.3787E-09 5.2332E-09 5.0887E-09
1.4150E-09 1.6306E-09 1.9018E-09 2.2991E-09 2.8504E-09 3.6795E-09 4.8087E-09 6.7328E-09 9.2885E-09 1.2686E-08 1.6854E-08 2.1553E-08 2.6306E-08 3.0373E-08 3.3054E-08 3.3862E-08 3.2599E-08 2.9641E-08 2.5722E-08 2.1550E-08 1.7839E-08 1.4942E-08 1.3026E-08 1.1816E-08 1.1092E-08 1.0664E-08 1.0426E-08 1.0340E-08 1.0218E-08 1.0060E-08 9.8698E-09 9.6564E-09 9.4273E-09 9.1876E-09 8.9421E-09 8.6944E-09 8.4476E-09 8.2039E-09 7.9669E-09 7.7332E-09 7.5028E-09 7.2809E-09 7.0652E-09 6.8600E-09 6.6630E-09 6.4691E-09 6.3287E-09 6.1017E-09 5.9494E-09 5.7793E-09 5.6199E-09 5.4684E-09 5.3220E-09 5.1878E-09 5.0535E-09 4.9193E-09 4.7863E-09
1.2446E-09 1.4381E-09 1.6637E-09 2.0015E-09 2.4790E-09 3.1667E-09 4.3167E-09 6.0217E-09 8.3840E-09 1.1765E-08 1.5972E-08 2.0795E-08 2.5742E-08 3.0045E-08 3.2948E-08 3.3772E-08 3.2398E-08 2.9142E-08 2.4778E-08 2.0279E-08 1.6364E-08 1.3379E-08 1.1524E-08 1.0389E-08 9.7507E-09 9.3935E-09 9.2523E-09 9.2035E-09 9.1165E-09 8.9960E-09 8.8481E-09 8.6785E-09 8.4941E-09 8.3001E-09 8.1001E-09 7.8961E-09 7.6912E-09 7.4880E-09 7.2889E-09 7.0911E-09 6.8953E-09 6.7043E-09 6.5180E-09 6.3389E-09 6.1618E-09 5.9979E-09 5.8748E-09 5.6750E-09 5.5444E-09 5.3845E-09 5.2475E-09 5.1099E-09 4.9784E-09 4.8559E-09 4.7327E-09 4.6102E-09 4.4879E-09
1.0699E-09 1.2574E-09 1.4562E-09 1.7350E-09 2.1524E-09 2.7877E-09 3.7990E-09 5.3607E-09 7.7083E-09 1.0956E-08 1.5214E-08 2.0231E-08 2.5490E-08 3.0189E-08 3.3402E-08 3.4392E-08 3.2869E-08 2.9187E-08 2.4322E-08 1.9313E-08 1.5079E-08 1.1979E-08 1.0163E-08 9.1137E-09 8.5404E-09 8.2420E-09 8.1835E-09 8.1583E-09 8.1006E-09 8.0126E-09 7.9008E-09 7.7689E-09 7.6236E-09 7.4694E-09 7.3084E-09 7.1431E-09 6.9755E-09 6.8074E-09 6.6402E-09 6.4756E-09 6.3122E-09 6.1509E-09 5.9920E-09 5.8321E-09 5.6853E-09 5.5364E-09 5.4300E-09 5.2624E-09 5.1438E-09 5.0128E-09 4.8764E-09 4.7600E-09 4.6424E-09 4.5307E-09 4.4193E-09 4.3074E-09 4.1957E-09
9.2489E-10 1.0806E-09 1.2620E-09 1.5008E-09 1.8557E-09 2.4235E-09 3.3285E-09 4.7804E-09 7.0203E-09 1.0140E-08 1.4541E-08 1.9801E-08 2.5501E-08 3.0785E-08 3.4558E-08 3.5852E-08 3.4225E-08 3.0079E-08 2.4398E-08 1.8674E-08 1.3998E-08 1.0726E-08 8.9242E-09 7.9522E-09 7.4366E-09 7.2036E-09 7.2110E-09 7.2050E-09 7.1709E-09 7.1102E-09 7.0283E-09 6.9296E-09 6.8179E-09 6.6974E-09 6.5698E-09 6.4379E-09 6.3010E-09 6.1632E-09 6.0254E-09 5.8917E-09 5.7572E-09 5.6230E-09 5.4842E-09 5.3547E-09 5.2226E-09 5.0931E-09 4.9707E-09 4.8944E-09 4.7449E-09 4.6464E-09 4.5247E-09 4.4203E-09 4.3156E-09 4.2152E-09 4.1141E-09 4.0125E-09 3.9112E-09
7.9139E-10 9.2612E-10 1.0791E-09 1.2954E-09 1.5932E-09 2.0923E-09 2.8989E-09 4.2384E-09 6.3387E-09 9.5003E-09 1.3867E-08 1.9413E-08 2.5679E-08 3.1745E-08 3.6363E-08 3.8258E-08 3.6728E-08 3.1925E-08 2.5261E-08 1.8528E-08 1.3162E-08 9.6145E-09 7.7961E-09 6.8954E-09 6.4445E-09 6.2939E-09 6.3313E-09 6.3406E-09 6.3252E-09 6.2880E-09 6.2318E-09 6.1610E-09 6.0771E-09 5.9845E-09 5.8836E-09 5.7791E-09 5.6695E-09 5.5599E-09 5.4495E-09 5.3411E-09 5.2326E-09 5.1173E-09 5.0093E-09 4.8952E-09 4.7819E-09 4.6723E-09 4.5706E-09 4.5058E-09 4.3733E-09 4.2871E-09 4.1857E-09 4.0921E-09 4.0003E-09 3.9098E-09 3.8185E-09 3.7270E-09 3.6352E-09
6.8139E-10 7.9235E-10 9.1988E-10 1.1025E-09 1.3630E-09 1.7843E-09 2.5031E-09 3.6814E-09 5.6589E-09 8.7051E-09 1.3062E-08 1.8835E-08 2.5870E-08 3.2990E-08 3.8859E-08 4.1761E-08 4.0485E-08 3.5147E-08 2.7171E-08 1.9000E-08 1.2673E-08 8.7377E-09 6.8097E-09 5.9488E-09 5.5555E-09 5.4954E-09 5.5406E-09 5.5620E-09 5.5625E-09 5.5447E-09 5.5095E-09 5.4597E-09 5.3972E-09 5.3272E-09 5.2495E-09 5.1688E-09 5.0854E-09 5.0003E-09 4.9131E-09 4.8260E-09 4.7342E-09 4.6424E-09 4.5559E-09 4.4605E-09 4.3658E-09 4.2764E-09 4.1978E-09 4.1348E-09 4.0185E-09 3.9505E-09 3.8603E-09 3.7775E-09 3.6968E-09 3.6157E-09 3.5341E-09 3.4519E-09 3.3699E-09
5.7835E-10 6.7850E-10 7.8606E-10 9.3083E-10 1.1562E-09 1.5244E-09 2.1186E-09 3.1364E-09 4.9456E-09 7.8111E-09 1.2168E-08 1.8228E-08 2.5843E-08 3.4194E-08 4.1643E-08 4.6079E-08 4.5772E-08 3.9955E-08 3.0440E-08 2.0496E-08 1.2764E-08 8.1303E-09 6.0066E-09 5.0825E-09 4.7744E-09 4.7856E-09 4.8359E-09 4.8659E-09 4.8775E-09 4.8729E-09 4.8534E-09 4.8209E-09 4.7771E-09 4.7261E-09 4.6704E-09 4.6105E-09 4.5489E-09 4.4833E-09 4.4104E-09 4.3428E-09 4.2700E-09 4.2048E-09 4.1299E-09 4.0527E-09 3.9776E-09 3.9116E-09 3.8378E-09 3.7910E-09 3.6890E-09 3.6294E-09 3.5499E-09 3.4774E-09 3.4063E-09 3.3343E-09 3.2615E-09 3.1881E-09 3.1168E-09
4.9017E-10 5.7471E-10 6.7097E-10 7.9398E-10 9.6992E-10 1.2721E-09 1.7648E-09 2.6311E-09 4.1954E-09 6.8267E-09 1.0903E-08 1.7093E-08 2.5265E-08 3.4834E-08 4.4203E-08 5.0877E-08 5.1973E-08 4.6367E-08 3.5541E-08 2.3266E-08 1.3705E-08 7.9252E-09 5.4203E-09 4.3996E-09 4.1001E-09 4.1542E-09 4.2070E-09 4.2425E-09 4.2620E-09 4.2679E-09 4.2614E-09 4.2443E-09 4.2174E-09 4.1832E-09 4.1453E-09 4.1021E-09 4.0576E-09 4.0032E-09 3.9543E-09 3.8975E-09 3.8403E-09 3.7910E-09 3.7325E-09 3.6738E-09 3.6224E-09 3.5612E-09 3.4984E-09 3.4585E-09 3.3911E-09 3.3164E-09 3.2638E-09 3.1923E-09 3.1297E-09 3.0660E-09 3.0015E-09 2.9378E-09 2.8751E-09
4.0296E-10 4.7911E-10 5.6130E-10 6.7100E-10 8.0634E-10 1.0482E-09 1.4538E-09 2.1075E-09 3.4232E-09 5.6704E-09 9.4824E-09 1.5425E-08 2.3833E-08 3.4433E-08 4.5780E-08 5.4982E-08 5.8743E-08 5.4324E-08 4.2389E-08 2.7942E-08 1.5780E-08 8.3538E-09 5.0476E-09 3.8209E-09 3.5213E-09 3.5897E-09 3.6433E-09 3.6835E-09 3.7099E-09 3.7247E-09 3.7291E-09 3.7252E-09 3.7122E-09 3.6917E-09 3.6676E-09 3.6327E-09 3.6028E-09 3.5633E-09 3.5297E-09 3.4865E-09 3.4490E-09 3.4066E-09 3.3654E-09 3.3297E-09 3.2831E-09 3.2324E-09 3.1788E-09 3.1311E-09 3.1046E-09 3.0291E-09 2.9843E-09 2.9222E-09 2.8673E-09 2.8116E-09 2.7555E-09 2.7002E-09 2.6448E-09
3.0873E-10 3.9143E-10 4.7102E-10 5.5556E-10 6.6926E-10 8.3945E-10 1.1354E-09 1.6618E-09 2.6414E-09 4.5273E-09 7.8343E-09 1.3155E-08 2.1428E-08 3.2527E-08 4.5456E-08 5.7656E-08 6.4769E-08 6.2756E-08 5.1343E-08 3.4448E-08 1.9258E-08 9.3970E-09 4.9422E-09 3.3709E-09 3.0282E-09 3.0938E-09 3.1479E-09 3.1907E-09 3.2224E-09 3.2440E-09 3.2567E-09 3.2625E-09 3.2542E-09 3.2452E-09 3.2324E-09 3.2092E-09 3.1912E-09 3.1641E-09 3.1422E-09 3.1101E-09 3.0853E-09 3.0562E-09 3.0353E-09 3.0034E-09 2.9660E-09 2.9240E-09 2.8868E-09 2.8463E-09 2.8239E-09 2.7592E-09 2.7212E-09 2.6672E-09 2.6200E-09 2.5714E-09 2.5234E-09 2.4754E-09 2.4277E-09
2.2677E-10 3.0857E-10 3.8365E-10 4.5221E-10 5.3996E-10 6.5413E-10 8.7381E-10 1.2229E-09 1.9644E-09 3.3868E-09 6.0113E-09 1.0674E-08 1.8189E-08 2.9124E-08 4.3114E-08 5.7818E-08 6.8914E-08 7.1247E-08 6.1301E-08 4.3133E-08 2.4494E-08 1.1422E-08 5.1699E-09 3.0274E-09 2.6086E-09 2.6615E-09 2.7145E-09 2.7590E-09 2.7938E-09 2.8200E-09 2.8329E-09 2.8454E-09 2.8518E-09 2.8460E-09 2.8427E-09 2.8354E-09 2.8201E-09 2.8090E-09 2.7894E-09 2.7764E-09 2.7565E-09 2.7373E-09 2.7242E-09 2.6990E-09 2.6699E-09 2.6440E-09 2.6131E-09 2.5796E-09 2.5615E-09 2.5061E-09 2.4746E-09 2.4284E-09 2.3875E-09 2.3461E-09 2.3055E-09 2.2642E-09 2.2239E-09
1.7494E-10 2.1627E-10 2.9405E-10 3.7319E-10 4.3745E-10 5.1834E-10 6.4128E-10 8.7071E-10 1.3621E-09 2.3354E-09 4.3815E-09 8.0826E-09 1.4488E-08 2.4680E-08 3.8712E-08 5.5349E-08 7.0603E-08 7.7991E-08 7.2214E-08 5.3811E-08 3.1470E-08 1.4222E-08 5.5608E-09 2.7241E-09 2.2358E-09 2.2797E-09 2.3314E-09 2.3754E-09 2.4122E-09 2.4413E-09 2.4582E-09 2.4763E-09 2.4895E-09 2.4905E-09 2.4948E-09 2.4953E-09 2.4859E-09 2.4838E-09 2.4734E-09 2.4698E-09 2.4574E-09 2.4501E-09 2.4356E-09 2.4167E-09 2.4021E-09 2.3831E-09 2.3580E-09 2.3307E-09 2.3176E-09 2.2708E-09 2.2444E-09 2.2043E-09 2.1701E-09 2.1363E-09 2.1013E-09 2.0671E-09 2.0329E-09
1.2625E-10 1.6225E-10 2.0958E-10 2.8524E-10 3.5293E-10 4.1384E-10 5.0925E-10 6.1077E-10 9.0638E-10 1.5801E-09 2.9152E-09 5.6544E-09 1.0906E-08 1.9671E-08 3.2952E-08 5.0248E-08 6.8695E-08 8.1948E-08 8.2237E-08 6.6143E-08 4.0860E-08 1.8472E-08 6.3084E-09 2.4940E-09 1.9029E-09 1.9539E-09 1.9970E-09 2.0407E-09 2.0781E-09 2.1094E-09 2.1353E-09 2.1504E-09 2.1690E-09 2.1812E-09 2.1836E-09 2.1913E-09 2.1891E-09 2.1938E-09 2.1962E-09 2.1902E-09 2.1816E-09 2.1789E-09 2.1684E-09 2.1625E-09 2.1522E-09 2.1386E-09 2.1205E-09 2.1005E-09 2.0830E-09 2.0668E-09 2.0242E-09 2.0022E-09 1.9688E-09 1.9405E-09 1.9116E-09 1.8834E-09 1.8542E-09
8.9533E-11 1.1733E-10 1.4829E-10 2.0046E-10 2.6395E-10 3.3671E-10 3.8731E-10 4.6540E-10 6.2191E-10 9.9624E-10 1.8939E-09 3.7669E-09 7.5314E-09 1.4726E-08 2.6464E-08 4.3202E-08 6.3439E-08 8.2210E-08 9.0378E-08 8.0432E-08 5.3302E-08 2.3958E-08 7.0461E-09 2.2057E-09 1.6171E-09 1.6674E-09 1.7140E-09 1.7495E-09 1.7871E-09 1.8190E-09 1.8464E-09 1.8631E-09 1.8845E-09 1.9023E-09 1.9099E-09 1.9231E-09 1.9327E-09 1.9333E-09 1.9386E-09 1.9355E-09 1.9378E-09 1.9307E-09 1.9318E-09 1.9287E-09 1.9222E-09 1.9137E-09 1.9019E-09 1.8871E-09 1.8697E-09 1.8616E-09 1.8265E-09 1.8100E-09 1.7821E-09 1.7594E-09 1.7360E-09 1.7124E-09 1.6886E-09
5.4574E-11 8.1473E-11 1.0707E-10 1.3336E-10 1.8905E-10 2.4482E-10 3.0767E-10 3.6540E-10 4.4446E-10 6.4455E-10 1.1542E-09 2.3301E-09 5.0217E-09 1.0208E-08 1.9801E-08 3.4884E-08 5.5242E-08 7.7653E-08 9.4412E-08 9.3820E-08 6.9466E-08 3.1892E-08 8.3206E-09 1.8684E-09 1.3709E-09 1.4198E-09 1.4634E-09 1.4963E-09 1.5325E-09 1.5651E-09 1.5944E-09 1.6202E-09 1.6371E-09 1.6583E-09 1.6757E-09 1.6839E-09 1.6954E-09 1.6975E-09 1.7057E-09 1.7041E-09 1.7096E-09 1.7122E-09 1.7150E-09 1.7158E-09 1.7128E-09 1.7085E-09 1.7019E-09 1.6912E-09 1.6780E-09 1.6735E-09 1.6454E-09 1.6328E-09 1.6103E-09 1.5924E-09 1.5735E-09 1.5545E-09 1.5349E-09
3.0018E-11 4.8898E-11 7.2237E-11 9.5818E-11 1.2108E-10 1.7467E-10 2.2578E-10 2.7728E-10 3.3267E-10 4.3404E-10 6.6937E-10 1.4102E-09 2.9909E-09 6.5235E-09 1.3816E-08 2.6147E-08 4.4717E-08 6.9320E-08 9.3166E-08 1.0620E-07 9.0413E-08 4.4190E-08 9.7766E-09 1.2171E-09 1.1646E-09 1.2087E-09 1.2498E-09 1.2873E-09 1.3152E-09 1.3474E-09 1.3768E-09 1.4033E-09 1.4200E-09 1.4413E-09 1.4597E-09 1.4679E-09 1.4817E-09 1.4923E-09 1.4945E-09 1.5026E-09 1.5093E-09 1.5143E-09 1.5186E-09 1.5232E-09 1.5231E-09 1.5216E-09 1.5189E-09 1.5118E-09 1.5034E-09 1.5023E-09 1.4793E-09 1.4703E-09 1.4529E-09 1.4386E-09 1.4242E-09 1.4088E-09 1.3920E-09
1.5159E-11 2.6593E-11 4.2200E-11 6.2771E-11 8.4138E-11 1.1141E-10 1.5724E-10 2.0492E-10 2.5133E-10 2.9523E-10 4.2518E-10 7.5240E-10 1.7099E-09 3.8374E-09 8.4127E-09 1.7546E-08 3.3548E-08 5.7099E-08 8.4983E-08 1.1078E-07 1.1510E-07 6.2310E-08 1.1674E-08 1.0072E-09 9.9800E-10 1.0374E-09 1.0742E-09 1.1085E-09 1.1401E-09 1.1627E-09 1.1900E-09 1.2155E-09 1.2379E-09 1.2514E-09 1.2699E-09 1.2854E-09 1.2932E-09 1.3045E-09 1.3146E-09 1.3233E-09 1.3314E-09 1.3374E-09 1.3431E-09 1.3486E-09 1.3516E-09 1.3519E-09 1.3513E-09 1.3485E-09 1.3441E-09 1.3453E-09 1.3277E-09 1.3218E-09 1.3122E-09 1.2978E-09 1.2866E-09 1.2727E-09 1.2598E-09
7.7089E-12 1.3868E-11 2.2937E-11 3.5747E-11 5.2868E-11 7.2151E-11 1.0107E-10 1.4086E-10 1.8555E-10 2.2436E-10 2.6814E-10 4.3696E-10 8.4506E-10 1.8647E-09 4.4193E-09 9.9653E-09 2.1148E-08 4.1373E-08 7.0618E-08 1.0584E-07 1.3996E-07 9.3092E-08 1.5092E-08 8.3897E-10 8.4933E-10 8.8436E-10 9.1766E-10 9.4879E-10 9.7785E-10 1.0051E-09 1.0234E-09 1.0475E-09 1.0693E-09 1.0815E-09 1.1005E-09 1.1162E-09 1.1316E-09 1.1433E-09 1.1536E-09 1.1629E-09 1.1713E-09 1.1782E-09 1.1842E-09 1.1917E-09 1.1963E-09 1.1984E-09 1.2000E-09 1.2008E-09 1.1994E-09 1.1956E-09 1.1981E-09 1.1836E-09 1.1800E-09 1.1677E-09 1.1589E-09 1.1492E-09 1.1387E-09
3.3972E-12 7.4177E-12 1.2507E-11 1.9642E-11 2.9695E-11 4.3050E-11 5.9520E-11 8.6753E-11 1.2445E-10 1.5893E-10 1.9798E-10 2.5770E-10 3.8148E-10 7.8370E-10 1.7567E-09 4.1475E-09 9.7466E-09 2.3150E-08 4.9508E-08 8.9534E-08 1.5638E-07 1.4794E-07 2.0780E-08 6.9438E-10 7.1784E-10 7.4937E-10 7.7943E-10 8.0783E-10 8.3461E-10 8.5994E-10 8.7625E-10 8.9915E-10 9.2029E-10 9.3976E-10 9.5740E-10 9.7287E-10 9.8761E-10 9.9976E-10 1.0100E-09 1.0196E-09 1.0280E-09 1.0353E-09 1.0418E-09 1.0494E-09 1.0563E-09 1.0613E-09 1.0645E-09 1.0678E-09 1.0692E-09 1.0678E-09 1.0722E-09 1.0604E-09 1.0582E-09 1.0496E-09 1.0426E-09 1.0358E-09 1.0278E-09
