Assets/Resources/2015_m01_d29_1700(utc+0800)_l00_csi_1hr_conc.grd
DSAA
         159         159
     -79.000      79.000
     -79.000      79.000
  0.0000E+00  0.4751E-05
[rows 50 to 74 of 159, columns 57 to 113 of 159]
1.1126E-10 1.1960E-10 1.2845E-10 1.3784E-10 1.4816E-10 1.5830E-10 1.6941E-10 1.8112E-10 1.9349E-10 2.0615E-10 2.1999E-10 2.3520E-10 2.5081E-10 2.6791E-10 2.8647E-10 3.0537E-10 3.2587E-10 3.4731E-10 3.6847E-10 3.9198E-10 4.1512E-10 4.3918E-10 4.6414E-10 4.9073E-10 5.1748E-10 5.4586E-10 5.7358E-10 6.0379E-10 6.3402E-10 6.6589E-10 6.9779E-10 7.3032E-10 7.6358E-10 7.9751E-10 8.3211E-10 8.6730E-10 9.0238E-10 9.3791E-10 9.7391E-10 1.0103E-09 1.0471E-09 1.0842E-09 1.1217E-09 1.1594E-09 1.1975E-09 1.2357E-09 1.2742E-09 1.3128E-09 1.3517E-09 1.3908E-09 1.4310E-09 1.4729E-09 1.5162E-09 1.5594E-09 1.6020E-09 1.6442E-09 1.6845E-09
1.0935E-10 1.1757E-10 1.2629E-10 1.3555E-10 1.4572E-10 1.5571E-10 1.6667E-10 1.7822E-10 1.9042E-10 2.0294E-10 2.1660E-10 2.3166E-10 2.4770E-10 2.6403E-10 2.8245E-10 3.0118E-10 3.2154E-10 3.4285E-10 3.6446E-10 3.8724E-10 4.1025E-10 4.3495E-10 4.5980E-10 4.8552E-10 5.1217E-10 5.4051E-10 5.6896E-10 5.9912E-10 6.2855E-10 6.6045E-10 6.9238E-10 7.2566E-10 7.5829E-10 7.9303E-10 8.2707E-10 8.6241E-10 8.9766E-10 9.3339E-10 9.6959E-10 1.0062E-09 1.0433E-09 1.0808E-09 1.1185E-09 1.1567E-09 1.1951E-09 1.2338E-09 1.2728E-09 1.3120E-09 1.3518E-09 1.3928E-09 1.4358E-09 1.4797E-09 1.5238E-09 1.5678E-09 1.6106E-09 1.6520E-09 1.6924E-09
1.0738E-10 1.1547E-10 1.2405E-10 1.3316E-10 1.4319E-10 1.5302E-10 1.6382E-10 1.7519E-10 1.8722E-10 1.9959E-10 2.1307E-10 2.2796E-10 2.4384E-10 2.6056E-10 2.7824E-10 2.9742E-10 3.1698E-10 3.3815E-10 3.5960E-10 3.8222E-10 4.0584E-10 4.2964E-10 4.5437E-10 4.7997E-10 5.0728E-10 5.3477E-10 5.6316E-10 5.9326E-10 6.2348E-10 6.5535E-10 6.8716E-10 7.1981E-10 7.5246E-10 7.8729E-10 8.2142E-10 8.5691E-10 8.9227E-10 9.2817E-10 9.6455E-10 1.0014E-09 1.0387E-09 1.0765E-09 1.1146E-09 1.1531E-09 1.1919E-09 1.2310E-09 1.2705E-09 1.3107E-09 1.3527E-09 1.3966E-09 1.4409E-09 1.4853E-09 1.5302E-09 1.5738E-09 1.6163E-09 1.6582E-09 1.6994E-09
1.0534E-10 1.1329E-10 1.2173E-10 1.3070E-10 1.4057E-10 1.5023E-10 1.6086E-10 1.7205E-10 1.8390E-10 1.9611E-10 2.0943E-10 2.2412E-10 2.3982E-10 2.5636E-10 2.7443E-10 2.9286E-10 3.1283E-10 3.3322E-10 3.5528E-10 3.7694E-10 4.0041E-10 4.2406E-10 4.4937E-10 4.7408E-10 5.0127E-10 5.2865E-10 5.5776E-10 5.8697E-10 6.1714E-10 6.4901E-10 6.8078E-10 7.1343E-10 7.4683E-10 7.8099E-10 8.1590E-10 8.5078E-10 8.8624E-10 9.2228E-10 9.5882E-10 9.9589E-10 1.0334E-09 1.0714E-09 1.1098E-09 1.1486E-09 1.1878E-09 1.2273E-09 1.2679E-09 1.3106E-09 1.3550E-09 1.3998E-09 1.4447E-09 1.4897E-09 1.5338E-09 1.5773E-09 1.6207E-09 1.6635E-09 1.7055E-09
1.0324E-10 1.1105E-10 1.1935E-10 1.2815E-10 1.3786E-10 1.4736E-10 1.5780E-10 1.6881E-10 1.8049E-10 1.9251E-10 2.0566E-10 2.2013E-10 2.3566E-10 2.5202E-10 2.6987E-10 2.8811E-10 3.0789E-10 3.2868E-10 3.5058E-10 3.7142E-10 3.9472E-10 4.1820E-10 4.4334E-10 4.6869E-10 4.9572E-10 5.2217E-10 5.5119E-10 5.8032E-10 6.1120E-10 6.4221E-10 6.7463E-10 7.0655E-10 7.4065E-10 7.7415E-10 8.0910E-10 8.4404E-10 8.7957E-10 9.1572E-10 9.5240E-10 9.8962E-10 1.0274E-09 1.0656E-09 1.1042E-09 1.1433E-09 1.1828E-09 1.2236E-09 1.2667E-09 1.3114E-09 1.3565E-09 1.4019E-09 1.4469E-09 1.4913E-09 1.5356E-09 1.5800E-09 1.6242E-09 1.6679E-09 1.7107E-09
1.0109E-10 1.0875E-10 1.1689E-10 1.2554E-10 1.3508E-10 1.4440E-10 1.5466E-10 1.6548E-10 1.7699E-10 1.8879E-10 2.0177E-10 2.1605E-10 2.3135E-10 2.4752E-10 2.6514E-10 2.8378E-10 3.0337E-10 3.2333E-10 3.4506E-10 3.6645E-10 3.8878E-10 4.1207E-10 4.3702E-10 4.6219E-10 4.8908E-10 5.1616E-10 5.4504E-10 5.7327E-10 6.0404E-10 6.3497E-10 6.6735E-10 6.9918E-10 7.3329E-10 7.6677E-10 8.0173E-10 8.3670E-10 8.7229E-10 9.0850E-10 9.4530E-10 9.8263E-10 1.0205E-09 1.0589E-09 1.0978E-09 1.1372E-09 1.1780E-09 1.2213E-09 1.2660E-09 1.3114E-09 1.3569E-09 1.4020E-09 1.4465E-09 1.4914E-09 1.5366E-09 1.5818E-09 1.6269E-09 1.6714E-09 1.7150E-09
9.8886E-11 1.0640E-10 1.1438E-10 1.2286E-10 1.3223E-10 1.4137E-10 1.5143E-10 1.6205E-10 1.7339E-10 1.8498E-10 1.9777E-10 2.1185E-10 2.2692E-10 2.4288E-10 2.6029E-10 2.7870E-10 2.9870E-10 3.1781E-10 3.3933E-10 3.6051E-10 3.8260E-10 4.0646E-10 4.3045E-10 4.5540E-10 4.8214E-10 5.0905E-10 5.3776E-10 5.6667E-10 5.9731E-10 6.2801E-10 6.5963E-10 6.9207E-10 7.2542E-10 7.5887E-10 7.9382E-10 8.2878E-10 8.6440E-10 9.0063E-10 9.3752E-10 9.7493E-10 1.0130E-09 1.0515E-09 1.0906E-09 1.1312E-09 1.1743E-09 1.2191E-09 1.2645E-09 1.3102E-09 1.3554E-09 1.3999E-09 1.4450E-09 1.4907E-09 1.5368E-09 1.5840E-09 1.6312E-09 1.6777E-09 1.7240E-09
9.6640E-11 1.0400E-10 1.1182E-10 1.2013E-10 1.2931E-10 1.3826E-10 1.4813E-10 1.5854E-10 1.6971E-10 1.8112E-10 1.9366E-10 2.0755E-10 2.2237E-10 2.3811E-10 2.5531E-10 2.7405E-10 2.9324E-10 3.1213E-10 3.3340E-10 3.5436E-10 3.7699E-10 3.9985E-10 4.2362E-10 4.4911E-10 4.7489E-10 5.0163E-10 5.3014E-10 5.5890E-10 5.8942E-10 6.1995E-10 6.5147E-10 6.8382E-10 7.1707E-10 7.5119E-10 7.8538E-10 8.2029E-10 8.5591E-10 8.9213E-10 9.2907E-10 9.6658E-10 1.0047E-09 1.0434E-09 1.0835E-09 1.1263E-09 1.1710E-09 1.2163E-09 1.2619E-09 1.3072E-09 1.3517E-09 1.3968E-09 1.4433E-09 1.4912E-09 1.5407E-09 1.5906E-09 1.6413E-09 1.6925E-09 1.7433E-09
9.3984E-11 1.0156E-10 1.0921E-10 1.1735E-10 1.2634E-10 1.3510E-10 1.4477E-10 1.5498E-10 1.6595E-10 1.7717E-10 1.8947E-10 2.0314E-10 2.1775E-10 2.3322E-10 2.5019E-10 2.6868E-10 2.8763E-10 3.0690E-10 3.2729E-10 3.4875E-10 3.7042E-10 3.9300E-10 4.1654E-10 4.4183E-10 4.6736E-10 4.9471E-10 5.2224E-10 5.5159E-10 5.8116E-10 6.1153E-10 6.4289E-10 6.7582E-10 7.0827E-10 7.4230E-10 7.7642E-10 8.1124E-10 8.4683E-10 8.8306E-10 9.1998E-10 9.5754E-10 9.9570E-10 1.0351E-09 1.0774E-09 1.1218E-09 1.1669E-09 1.2124E-09 1.2576E-09 1.3021E-09 1.3477E-09 1.3957E-09 1.4461E-09 1.4981E-09 1.5512E-09 1.6028E-09 1.6524E-09 1.7082E-09 1.7644E-09
9.1669E-11 9.9080E-11 1.0656E-10 1.1452E-10 1.2293E-10 1.3188E-10 1.4134E-10 1.5098E-10 1.6212E-10 1.7314E-10 1.8522E-10 1.9865E-10 2.1303E-10 2.2822E-10 2.4496E-10 2.6321E-10 2.8188E-10 3.0090E-10 3.2104E-10 3.4223E-10 3.6365E-10 3.8669E-10 4.0923E-10 4.3431E-10 4.5957E-10 4.8671E-10 5.1403E-10 5.4316E-10 5.7255E-10 6.0344E-10 6.3391E-10 6.6673E-10 6.9903E-10 7.3292E-10 7.6695E-10 8.0169E-10 8.3719E-10 8.7339E-10 9.1026E-10 9.4784E-10 9.8644E-10 1.0279E-09 1.0718E-09 1.1166E-09 1.1619E-09 1.2069E-09 1.2514E-09 1.2983E-09 1.3500E-09 1.4044E-09 1.4567E-09 1.5114E-09 1.5676E-09 1.6258E-09 1.6868E-09 1.7492E-09 1.8158E-09
8.9325E-11 9.6568E-11 1.0388E-10 1.1165E-10 1.1986E-10 1.2862E-10 1.3787E-10 1.4733E-10 1.5822E-10 1.6904E-10 1.8091E-10 1.9407E-10 2.0822E-10 2.2316E-10 2.3962E-10 2.5762E-10 2.7600E-10 2.9476E-10 3.1464E-10 3.3553E-10 3.5669E-10 3.7948E-10 4.0171E-10 4.2731E-10 4.5155E-10 4.7845E-10 5.0554E-10 5.3445E-10 5.6360E-10 5.9432E-10 6.2456E-10 6.5722E-10 6.8937E-10 7.2311E-10 7.5699E-10 7.9163E-10 8.2700E-10 8.6314E-10 8.9993E-10 9.3773E-10 9.7800E-10 1.0214E-09 1.0657E-09 1.1106E-09 1.1553E-09 1.2024E-09 1.2558E-09 1.3136E-09 1.3715E-09 1.4295E-09 1.4879E-09 1.5481E-09 1.6106E-09 1.6765E-09 1.7352E-09 1.8077E-09 1.9042E-09
8.6957E-11 9.3652E-11 1.0116E-10 1.0875E-10 1.1639E-10 1.2532E-10 1.3434E-10 1.4362E-10 1.5389E-10 1.6489E-10 1.7654E-10 1.8901E-10 2.0333E-10 2.1803E-10 2.3418E-10 2.5192E-10 2.7004E-10 2.8849E-10 3.0810E-10 3.2869E-10 3.4957E-10 3.7208E-10 3.9480E-10 4.1935E-10 4.4332E-10 4.7071E-10 4.9678E-10 5.2625E-10 5.5434E-10 5.8486E-10 6.1561E-10 6.4733E-10 6.8002E-10 7.1288E-10 7.4657E-10 7.8107E-10 8.1628E-10 8.5233E-10 8.8906E-10 9.2818E-10 9.7056E-10 1.0143E-09 1.0590E-09 1.1349E-09 1.2003E-09 1.2706E-09 1.3439E-09 1.4177E-09 1.4878E-09 1.5395E-09 1.5922E-09 1.6548E-09 1.7149E-09 1.7863E-09 1.8601E-09 1.9725E-09 2.0964E-09
8.4571E-11 9.1097E-11 9.8422E-11 1.0582E-10 1.1327E-10 1.2198E-10 1.3079E-10 1.3988E-10 1.4995E-10 1.6069E-10 1.7211E-10 1.8435E-10 1.9838E-10 2.1282E-10 2.2867E-10 2.4613E-10 2.6397E-10 2.8287E-10 3.0144E-10 3.2174E-10 3.4229E-10 3.6452E-10 3.8694E-10 4.1119E-10 4.3571E-10 4.6198E-10 4.8859E-10 5.1700E-10 5.4551E-10 5.7509E-10 6.0561E-10 6.3708E-10 6.6957E-10 7.0224E-10 7.3569E-10 7.7004E-10 8.0509E-10 8.4098E-10 8.7865E-10 9.1973E-10 9.6399E-10 1.0161E-09 1.1262E-09 1.2080E-09 1.3014E-09 1.3960E-09 1.4887E-09 1.5545E-09 1.6266E-09 1.6833E-09 1.7485E-09 1.8174E-09 1.8948E-09 1.9796E-09 2.0964E-09 2.2217E-09 2.3444E-09
8.1805E-11 8.8526E-11 9.5294E-11 1.0287E-10 1.1012E-10 1.1862E-10 1.2724E-10 1.3610E-10 1.4597E-10 1.5646E-10 1.6765E-10 1.7964E-10 1.9279E-10 2.0754E-10 2.2312E-10 2.4026E-10 2.5782E-10 2.7641E-10 2.9466E-10 3.1467E-10 3.3487E-10 3.5680E-10 3.7893E-10 4.0285E-10 4.2708E-10 4.5308E-10 4.7935E-10 5.0750E-10 5.3574E-10 5.6501E-10 5.9529E-10 6.2653E-10 6.5874E-10 6.9119E-10 7.2443E-10 7.5855E-10 7.9343E-10 8.2958E-10 8.6980E-10 9.1904E-10 9.7770E-10 1.0596E-09 1.1856E-09 1.2908E-09 1.4029E-09 1.5098E-09 1.6102E-09 1.6918E-09 1.7775E-09 1.8558E-09 1.9412E-09 2.0113E-09 2.1138E-09 2.2287E-09 2.3726E-09 2.5071E-09 2.6214E-09
7.9402E-11 8.5944E-11 9.2530E-11 9.9907E-11 1.0696E-10 1.1524E-10 1.2368E-10 1.3230E-10 1.4196E-10 1.5223E-10 1.6314E-10 1.7489E-10 1.8776E-10 2.0222E-10 2.1752E-10 2.3372E-10 2.5158E-10 2.6988E-10 2.8778E-10 3.0749E-10 3.2735E-10 3.4895E-10 3.7078E-10 3.9435E-10 4.1826E-10 4.4398E-10 4.6990E-10 4.9776E-10 5.2572E-10 5.5465E-10 5.8536E-10 6.1565E-10 6.4757E-10 6.7977E-10 7.1278E-10 7.4663E-10 7.8143E-10 8.2235E-10 8.7612E-10 9.4114E-10 1.0130E-09 1.1993E-09 1.3432E-09 1.4895E-09 1.6320E-09 1.7926E-09 1.8959E-09 2.0125E-09 2.1070E-09 2.2118E-09 2.2976E-09 2.4019E-09 2.5013E-09 2.6329E-09 2.7672E-09 2.8855E-09 3.0025E-09
7.6996E-11 8.3358E-11 8.9759E-11 9.6558E-11 1.0379E-10 1.1184E-10 1.1971E-10 1.2850E-10 1.3793E-10 1.4798E-10 1.5861E-10 1.7011E-10 1.8271E-10 1.9627E-10 2.1186E-10 2.2775E-10 2.4528E-10 2.6327E-10 2.8081E-10 3.0020E-10 3.1975E-10 3.4097E-10 3.6249E-10 3.8576E-10 4.0929E-10 4.3469E-10 4.6031E-10 4.8781E-10 5.1614E-10 5.4410E-10 5.7447E-10 6.0447E-10 6.3612E-10 6.6800E-10 7.0075E-10 7.3485E-10 7.7598E-10 8.3322E-10 9.0558E-10 9.8664E-10 1.1404E-09 1.3257E-09 1.5294E-09 1.7067E-09 1.8848E-09 2.0826E-09 2.2268E-09 2.3791E-09 2.4953E-09 2.6194E-09 2.7184E-09 2.8261E-09 2.9505E-09 3.0972E-09 3.2219E-09 3.3340E-09 3.4641E-09
7.4591E-11 8.0399E-11 8.6988E-11 9.3590E-11 1.0061E-10 1.0845E-10 1.1612E-10 1.2472E-10 1.3389E-10 1.4371E-10 1.5367E-10 1.6531E-10 1.7765E-10 1.9087E-10 2.0616E-10 2.2176E-10 2.3892E-10 2.5660E-10 2.7381E-10 2.9284E-10 3.1205E-10 3.3291E-10 3.5408E-10 3.7703E-10 4.0017E-10 4.2525E-10 4.5054E-10 4.7765E-10 5.0568E-10 5.3331E-10 5.6331E-10 5.9301E-10 6.2438E-10 6.5590E-10 6.8918E-10 7.2993E-10 7.8936E-10 8.6791E-10 9.5497E-10 1.0447E-09 1.3268E-09 1.5372E-09 1.7925E-09 2.0232E-09 2.2831E-09 2.5127E-09 2.7070E-09 2.8857E-09 3.0325E-09 3.1524E-09 3.2804E-09 3.3862E-09 3.5282E-09 3.6801E-09 3.8090E-09 3.9364E-09 4.0566E-09
7.2190E-11 7.7824E-11 8.4220E-11 9.0626E-11 9.7443E-11 1.0508E-10 1.1254E-10 1.2093E-10 1.2984E-10 1.3944E-10 1.4917E-10 1.6050E-10 1.7256E-10 1.8550E-10 1.9985E-10 2.1573E-10 2.3252E-10 2.4988E-10 2.6676E-10 2.8541E-10 3.0428E-10 3.2480E-10 3.4558E-10 3.6819E-10 3.9178E-10 4.1566E-10 4.4141E-10 4.6739E-10 4.9501E-10 5.2231E-10 5.5198E-10 5.8201E-10 6.1235E-10 6.4423E-10 6.8365E-10 7.4334E-10 8.2441E-10 9.1342E-10 1.0075E-09 1.2444E-09 1.5696E-09 1.8878E-09 2.2289E-09 2.5415E-09 2.8626E-09 3.1321E-09 3.3768E-09 3.5672E-09 3.7413E-09 3.8710E-09 4.0110E-09 4.1518E-09 4.3018E-09 4.4314E-09 4.5491E-09 4.6855E-09 4.7855E-09
6.9800E-11 7.5258E-11 8.1084E-11 8.7671E-11 9.4280E-11 1.0133E-10 1.0896E-10 1.1715E-10 1.2544E-10 1.3516E-10 1.4466E-10 1.5512E-10 1.6747E-10 1.8012E-10 1.9355E-10 2.0967E-10 2.2614E-10 2.4312E-10 2.5967E-10 2.7793E-10 2.9644E-10 3.1662E-10 3.3699E-10 3.5925E-10 3.8249E-10 4.0594E-10 4.3135E-10 4.5696E-10 4.8417E-10 5.1111E-10 5.4045E-10 5.7007E-10 6.0042E-10 6.3738E-10 6.9386E-10 7.7369E-10 8.6487E-10 9.6295E-10 1.0838E-09 1.5698E-09 1.9893E-09 2.4341E-09 2.8558E-09 3.2577E-09 3.6310E-09 3.9716E-09 4.2674E-09 4.4937E-09 4.6915E-09 4.8379E-09 4.9851E-09 5.1408E-09 5.2882E-09 5.3979E-09 5.5070E-09 5.5917E-09 5.6752E-09
6.7055E-11 7.2342E-11 7.8346E-11 8.4357E-11 9.1130E-11 9.7631E-11 1.0540E-10 1.1338E-10 1.2146E-10 1.3048E-10 1.4016E-10 1.5036E-10 1.6180E-10 1.7474E-10 1.8783E-10 2.0301E-10 2.1974E-10 2.3633E-10 2.5254E-10 2.7045E-10 2.8855E-10 3.0839E-10 3.2839E-10 3.5023E-10 3.7311E-10 3.9618E-10 4.2116E-10 4.4641E-10 4.7323E-10 4.9974E-10 5.2872E-10 5.5796E-10 5.9160E-10 6.4242E-10 7.1756E-10 8.0908E-10 9.4474E-10 1.0814E-09 1.5249E-09 2.0552E-09 2.5806E-09 3.1927E-09 3.7454E-09 4.2558E-09 4.7266E-09 5.1361E-09 5.4633E-09 5.7658E-09 5.9535E-09 6.1291E-09 6.2545E-09 6.4026E-09 6.4988E-09 6.5941E-09 6.6676E-09 6.7079E-09 6.7510E-09
6.4704E-11 6.9816E-11 7.5628E-11 8.1442E-11 8.8000E-11 9.4326E-11 1.0190E-10 1.0962E-10 1.1750E-10 1.2626E-10 1.3567E-10 1.4562E-10 1.5632E-10 1.6937E-10 1.8216E-10 1.9637E-10 2.1213E-10 2.2955E-10 2.4539E-10 2.6295E-10 2.8063E-10 3.0011E-10 3.1975E-10 3.4114E-10 3.6365E-10 3.8635E-10 4.1087E-10 4.3573E-10 4.6218E-10 4.8894E-10 5.1682E-10 5.4736E-10 5.9062E-10 6.6761E-10 7.7545E-10 8.9682E-10 1.0885E-09 1.3589E-09 1.9986E-09 2.7202E-09 3.4745E-09 4.2597E-09 5.0016E-09 5.7064E-09 6.2812E-09 6.7542E-09 7.1231E-09 7.4015E-09 7.5755E-09 7.7174E-09 7.8531E-09 7.9543E-09 7.9934E-09 8.0410E-09 8.0444E-09 8.0414E-09 8.0303E-09
6.2011E-11 6.7314E-11 7.2559E-11 7.8552E-11 8.4532E-11 9.1046E-11 9.8414E-11 1.0550E-10 1.1355E-10 1.2209E-10 1.3121E-10 1.4091E-10 1.5131E-10 1.6286E-10 1.7650E-10 1.9033E-10 2.0574E-10 2.2204E-10 2.3824E-10 2.5543E-10 2.7275E-10 2.9180E-10 3.1107E-10 3.3207E-10 3.5413E-10 3.7644E-10 4.0054E-10 4.2496E-10 4.5101E-10 4.7733E-10 5.0498E-10 5.4207E-10 6.1244E-10 7.3670E-10 8.7914E-10 1.0878E-09 1.4021E-09 2.0002E-09 2.7574E-09 3.7192E-09 4.8162E-09 5.8875E-09 6.8621E-09 7.7358E-09 8.4022E-09 8.9097E-09 9.2710E-09 9.4683E-09 9.6218E-09 9.7082E-09 9.7808E-09 9.7925E-09 9.7888E-09 9.7313E-09 9.6459E-09 9.5733E-09 9.5594E-09
5.9716E-11 6.4837E-11 6.9900E-11 7.5690E-11 8.1501E-11 8.7795E-11 9.4961E-11 1.0183E-10 1.0964E-10 1.1794E-10 1.2678E-10 1.3580E-10 1.4635E-10 1.5756E-10 1.7086E-10 1.8435E-10 1.9937E-10 2.1469E-10 2.3110E-10 2.4791E-10 2.6488E-10 2.8348E-10 3.0238E-10 3.2298E-10 3.4457E-10 3.6648E-10 3.9018E-10 4.1411E-10 4.3974E-10 4.6566E-10 4.9973E-10 5.7309E-10 7.0490E-10 9.3154E-10 1.1782E-09 1.5606E-09 2.0321E-09 2.7900E-09 3.9693E-09 5.4274E-09 6.9177E-09 8.3200E-09 9.5219E-09 1.0475E-08 1.1186E-08 1.1647E-08 1.1951E-08 1.2075E-08 1.2123E-08 1.2105E-08 1.2050E-08 1.1949E-08 1.1821E-08 1.1657E-08 1.1470E-08 1.1324E-08 1.1204E-08
5.7094E-11 6.2020E-11 6.6907E-11 7.2486E-11 7.8503E-11 8.4580E-11 9.0772E-11 9.8218E-11 1.0577E-10 1.1344E-10 1.2242E-10 1.3116E-10 1.4085E-10 1.5229E-10 1.6409E-10 1.7841E-10 1.9303E-10 2.0798E-10 2.2402E-10 2.4041E-10 2.5701E-10 2.7521E-10 2.9367E-10 3.1388E-10 3.3424E-10 3.5649E-10 3.7977E-10 4.0324E-10 4.2841E-10 4.6468E-10 5.5210E-10 7.3682E-10 9.9804E-10 1.3510E-09 1.6951E-09 2.3839E-09 3.3528E-09 4.6730E-09 6.2767E-09 8.1429E-09 9.9776E-09 1.1696E-08 1.3065E-08 1.4076E-08 1.4730E-08 1.5104E-08 1.5214E-08 1.5182E-08 1.5060E-08 1.4873E-08 1.4640E-08 1.4377E-08 1.4075E-08 1.3776E-08 1.3483E-08 1.3226E-08 1.2971E-08
5.4870E-11 5.9618E-11 6.4325E-11 6.9704E-11 7.5177E-11 8.1432E-11 8.7411E-11 9.4642E-11 1.0193E-10 1.0939E-10 1.1770E-10 1.2656E-10 1.3598E-10 1.4711E-10 1.5855E-10 1.7074E-10 1.8615E-10 2.0071E-10 2.1697E-10 2.3293E-10 2.4916E-10 2.6698E-10 2.8498E-10 3.0478E-10 3.2473E-10 3.4648E-10 3.6933E-10 3.9237E-10 4.3270E-10 5.5182E-10 7.9170E-10 1.2057E-09 1.8105E-09 2.5778E-09 3.6125E-09 4.8021E-09 6.1973E-09 7.9229E-09 1.0016E-08 1.2289E-08 1.4474E-08 1.6306E-08 1.7697E-08 1.8584E-08 1.9062E-08 1.9224E-08 1.9075E-08 1.8778E-08 1.8375E-08 1.7933E-08 1.7494E-08 1.6990E-08 1.6500E-08 1.6029E-08 1.5627E-08 1.5214E-08 1.4832E-08
