Assets/Resources/2015_m01_d05_0100(utc+0800)_l00_csi_1hr_conc.grd
DSAA
         159         159
     -79.000      79.000
     -79.000      79.000
  0.2889E-09  0.7649E-05
[rows 100 to 124 of 159, columns 57 to 113 of 159]
2.9619E-09 2.9689E-09 2.9744E-09 2.9782E-09 2.9935E-09 2.9977E-09 2.9973E-09 2.9943E-09 2.9873E-09 2.9786E-09 2.9737E-09 2.9667E-09 2.9474E-09 2.9228E-09 2.8767E-09 2.8290E-09 2.7944E-09 2.7533E-09 2.7066E-09 2.6289E-09 2.5741E-09 2.5191E-09 2.4609E-09 2.3978E-09 2.3318E-09 2.2624E-09 2.1492E-09 2.0218E-09 1.9708E-09 1.9217E-09 1.8736E-09 1.8255E-09 1.7801E-09 1.7361E-09 1.6884E-09 1.6368E-09 1.5868E-09 1.5299E-09 1.4875E-09 1.4485E-09 1.4030E-09 1.3683E-09 1.3444E-09 1.3244E-09 1.3062E-09 1.2888E-09 1.2714E-09 1.2529E-09 1.2357E-09 1.2186E-09 1.2015E-09 1.1845E-09 1.1676E-09 1.1508E-09 1.1336E-09 1.1165E-09 1.1001E-09
2.7892E-09 2.7911E-09 2.8052E-09 2.8046E-09 2.8034E-09 2.8000E-09 2.8026E-09 2.8034E-09 2.7947E-09 2.7833E-09 2.7688E-09 2.7324E-09 2.6958E-09 2.6733E-09 2.6513E-09 2.6154E-09 2.5811E-09 2.5396E-09 2.4972E-09 2.4522E-09 2.4057E-09 2.3534E-09 2.2992E-09 2.2096E-09 2.1550E-09 2.1057E-09 2.0156E-09 1.9342E-09 1.8901E-09 1.8466E-09 1.8027E-09 1.7611E-09 1.7192E-09 1.6713E-09 1.6229E-09 1.5637E-09 1.5260E-09 1.4823E-09 1.4463E-09 1.3978E-09 1.3703E-09 1.3474E-09 1.3275E-09 1.3099E-09 1.2927E-09 1.2756E-09 1.2579E-09 1.2404E-09 1.2235E-09 1.2066E-09 1.1899E-09 1.1732E-09 1.1566E-09 1.1400E-09 1.1226E-09 1.1063E-09 1.0901E-09
2.6085E-09 2.6456E-09 2.6426E-09 2.6394E-09 2.6472E-09 2.6414E-09 2.6308E-09 2.6074E-09 2.5831E-09 2.5746E-09 2.5658E-09 2.5490E-09 2.5284E-09 2.5061E-09 2.4799E-09 2.4497E-09 2.4140E-09 2.3793E-09 2.3396E-09 2.2726E-09 2.2261E-09 2.1807E-09 2.1329E-09 2.0584E-09 2.0170E-09 1.9756E-09 1.9280E-09 1.8577E-09 1.8185E-09 1.7792E-09 1.7406E-09 1.6950E-09 1.6510E-09 1.5977E-09 1.5515E-09 1.5159E-09 1.4761E-09 1.4375E-09 1.3959E-09 1.3713E-09 1.3498E-09 1.3299E-09 1.3130E-09 1.2961E-09 1.2792E-09 1.2624E-09 1.2445E-09 1.2278E-09 1.2112E-09 1.1946E-09 1.1782E-09 1.1617E-09 1.1454E-09 1.1287E-09 1.1120E-09 1.0960E-09 1.0801E-09
2.4609E-09 2.4582E-09 2.4820E-09 2.4718E-09 2.4649E-09 2.4567E-09 2.4532E-09 2.4499E-09 2.4377E-09 2.4237E-09 2.4066E-09 2.3885E-09 2.3687E-09 2.3515E-09 2.3278E-09 2.3018E-09 2.2531E-09 2.2168E-09 2.1800E-09 2.1160E-09 2.0730E-09 2.0358E-09 2.0006E-09 1.9644E-09 1.9282E-09 1.8908E-09 1.8251E-09 1.7899E-09 1.7537E-09 1.7105E-09 1.6707E-09 1.6178E-09 1.5743E-09 1.5419E-09 1.5047E-09 1.4683E-09 1.4203E-09 1.3960E-09 1.3723E-09 1.3514E-09 1.3320E-09 1.3154E-09 1.2988E-09 1.2822E-09 1.2656E-09 1.2480E-09 1.2316E-09 1.2152E-09 1.1989E-09 1.1826E-09 1.1664E-09 1.1503E-09 1.1337E-09 1.1173E-09 1.1014E-09 1.0857E-09 1.0700E-09
2.3433E-09 2.3342E-09 2.3264E-09 2.3565E-09 2.3492E-09 2.3394E-09 2.3283E-09 2.3148E-09 2.3009E-09 2.2880E-09 2.2766E-09 2.2631E-09 2.2412E-09 2.2161E-09 2.1902E-09 2.1581E-09 2.1075E-09 2.0761E-09 2.0400E-09 2.0057E-09 1.9767E-09 1.9460E-09 1.9144E-09 1.8826E-09 1.8250E-09 1.7929E-09 1.7573E-09 1.7172E-09 1.6777E-09 1.6275E-09 1.5934E-09 1.5623E-09 1.5256E-09 1.4912E-09 1.4496E-09 1.4152E-09 1.3947E-09 1.3715E-09 1.3513E-09 1.3335E-09 1.3172E-09 1.3008E-09 1.2846E-09 1.2683E-09 1.2515E-09 1.2347E-09 1.2186E-09 1.2026E-09 1.1865E-09 1.1706E-09 1.1546E-09 1.1388E-09 1.1220E-09 1.1063E-09 1.0908E-09 1.0753E-09 1.0599E-09
2.2142E-09 2.2380E-09 2.2310E-09 2.2207E-09 2.2071E-09 2.2055E-09 2.2161E-09 2.2089E-09 2.1948E-09 2.1793E-09 2.1615E-09 2.1398E-09 2.1123E-09 2.0858E-09 2.0611E-09 2.0334E-09 2.0006E-09 1.9724E-09 1.9472E-09 1.9220E-09 1.8734E-09 1.8460E-09 1.8187E-09 1.7867E-09 1.7502E-09 1.7109E-09 1.6683E-09 1.6346E-09 1.6060E-09 1.5759E-09 1.5428E-09 1.5091E-09 1.4663E-09 1.4362E-09 1.4132E-09 1.3924E-09 1.3724E-09 1.3506E-09 1.3343E-09 1.3183E-09 1.3023E-09 1.2863E-09 1.2703E-09 1.2544E-09 1.2373E-09 1.2215E-09 1.2057E-09 1.1899E-09 1.1742E-09 1.1585E-09 1.1428E-09 1.1268E-09 1.1108E-09 1.0954E-09 1.0801E-09 1.0648E-09 1.0492E-09
2.1324E-09 2.1219E-09 2.1376E-09 2.1253E-09 2.1132E-09 2.1026E-09 2.0918E-09 2.0776E-09 2.0615E-09 2.0517E-09 2.0379E-09 2.0243E-09 2.0096E-09 1.9876E-09 1.9600E-09 1.9359E-09 1.9154E-09 1.8765E-09 1.8529E-09 1.8227E-09 1.7864E-09 1.7518E-09 1.7199E-09 1.6918E-09 1.6662E-09 1.6425E-09 1.6143E-09 1.5839E-09 1.5530E-09 1.5166E-09 1.4761E-09 1.4525E-09 1.4324E-09 1.4108E-09 1.3889E-09 1.3709E-09 1.3500E-09 1.3344E-09 1.3188E-09 1.3031E-09 1.2874E-09 1.2718E-09 1.2561E-09 1.2393E-09 1.2238E-09 1.2082E-09 1.1927E-09 1.1772E-09 1.1618E-09 1.1464E-09 1.1305E-09 1.1147E-09 1.0995E-09 1.0844E-09 1.0694E-09 1.0544E-09 1.0385E-09
2.0579E-09 2.0488E-09 2.0362E-09 2.0190E-09 2.0105E-09 2.0122E-09 1.9999E-09 1.9837E-09 1.9624E-09 1.9389E-09 1.9194E-09 1.8949E-09 1.8732E-09 1.8505E-09 1.8327E-09 1.8135E-09 1.7936E-09 1.7745E-09 1.7544E-09 1.7338E-09 1.7113E-09 1.6882E-09 1.6666E-09 1.6442E-09 1.6154E-09 1.5843E-09 1.5508E-09 1.5132E-09 1.4880E-09 1.4659E-09 1.4458E-09 1.4278E-09 1.4055E-09 1.3860E-09 1.3680E-09 1.3507E-09 1.3339E-09 1.3186E-09 1.3033E-09 1.2879E-09 1.2726E-09 1.2572E-09 1.2413E-09 1.2255E-09 1.2102E-09 1.1949E-09 1.1797E-09 1.1645E-09 1.1494E-09 1.1342E-09 1.1181E-09 1.1032E-09 1.0883E-09 1.0734E-09 1.0586E-09 1.0434E-09 1.0283E-09
1.9791E-09 1.9668E-09 1.9542E-09 1.9437E-09 1.9345E-09 1.9205E-09 1.9012E-09 1.8755E-09 1.8607E-09 1.8493E-09 1.8389E-09 1.8255E-09 1.8102E-09 1.7944E-09 1.7768E-09 1.7585E-09 1.7403E-09 1.7213E-09 1.7027E-09 1.6831E-09 1.6587E-09 1.6261E-09 1.5942E-09 1.5667E-09 1.5400E-09 1.5171E-09 1.4982E-09 1.4772E-09 1.4579E-09 1.4406E-09 1.4204E-09 1.4008E-09 1.3819E-09 1.3658E-09 1.3492E-09 1.3327E-09 1.3178E-09 1.3028E-09 1.2878E-09 1.2728E-09 1.2578E-09 1.2421E-09 1.2266E-09 1.2116E-09 1.1966E-09 1.1817E-09 1.1667E-09 1.1518E-09 1.1369E-09 1.1216E-09 1.1063E-09 1.0916E-09 1.0770E-09 1.0624E-09 1.0473E-09 1.0324E-09 1.0180E-09
1.9153E-09 1.9045E-09 1.8897E-09 1.8758E-09 1.8538E-09 1.8331E-09 1.8121E-09 1.7957E-09 1.7816E-09 1.7686E-09 1.7548E-09 1.7406E-09 1.7264E-09 1.7106E-09 1.6934E-09 1.6754E-09 1.6568E-09 1.6382E-09 1.6216E-09 1.6040E-09 1.5853E-09 1.5641E-09 1.5426E-09 1.5236E-09 1.5044E-09 1.4846E-09 1.4682E-09 1.4510E-09 1.4311E-09 1.4140E-09 1.3955E-09 1.3779E-09 1.3633E-09 1.3470E-09 1.3309E-09 1.3163E-09 1.3017E-09 1.2871E-09 1.2724E-09 1.2577E-09 1.2430E-09 1.2271E-09 1.2124E-09 1.1978E-09 1.1831E-09 1.1684E-09 1.1538E-09 1.1391E-09 1.1240E-09 1.1090E-09 1.0945E-09 1.0800E-09 1.0656E-09 1.0513E-09 1.0361E-09 1.0219E-09 1.0077E-09
1.8551E-09 1.8363E-09 1.8157E-09 1.7985E-09 1.7801E-09 1.7692E-09 1.7579E-09 1.7462E-09 1.7341E-09 1.7209E-09 1.7074E-09 1.6941E-09 1.6799E-09 1.6654E-09 1.6512E-09 1.6353E-09 1.6183E-09 1.5999E-09 1.5802E-09 1.5620E-09 1.5454E-09 1.5267E-09 1.5070E-09 1.4907E-09 1.4760E-09 1.4587E-09 1.4406E-09 1.4236E-09 1.4072E-09 1.3900E-09 1.3742E-09 1.3600E-09 1.3458E-09 1.3284E-09 1.3142E-09 1.3000E-09 1.2857E-09 1.2714E-09 1.2570E-09 1.2426E-09 1.2271E-09 1.2127E-09 1.1983E-09 1.1839E-09 1.1695E-09 1.1552E-09 1.1408E-09 1.1264E-09 1.1111E-09 1.0968E-09 1.0826E-09 1.0685E-09 1.0543E-09 1.0393E-09 1.0253E-09 1.0113E-09 9.9744E-10
1.7755E-09 1.7652E-09 1.7567E-09 1.7477E-09 1.7381E-09 1.7277E-09 1.7169E-09 1.7056E-09 1.6928E-09 1.6805E-09 1.6677E-09 1.6539E-09 1.6397E-09 1.6246E-09 1.6084E-09 1.5930E-09 1.5764E-09 1.5589E-09 1.5419E-09 1.5259E-09 1.5108E-09 1.4958E-09 1.4804E-09 1.4634E-09 1.4477E-09 1.4315E-09 1.4151E-09 1.4008E-09 1.3853E-09 1.3699E-09 1.3562E-09 1.3423E-09 1.3253E-09 1.3115E-09 1.2976E-09 1.2837E-09 1.2697E-09 1.2557E-09 1.2417E-09 1.2270E-09 1.2124E-09 1.1983E-09 1.1842E-09 1.1701E-09 1.1560E-09 1.1419E-09 1.1278E-09 1.1127E-09 1.0987E-09 1.0847E-09 1.0708E-09 1.0569E-09 1.0425E-09 1.0282E-09 1.0145E-09 1.0008E-09 9.8619E-10
1.7322E-09 1.7237E-09 1.7148E-09 1.7054E-09 1.6958E-09 1.6861E-09 1.6753E-09 1.6639E-09 1.6521E-09 1.6393E-09 1.6247E-09 1.6108E-09 1.5971E-09 1.5825E-09 1.5676E-09 1.5536E-09 1.5394E-09 1.5261E-09 1.5122E-09 1.4972E-09 1.4818E-09 1.4669E-09 1.4522E-09 1.4369E-09 1.4219E-09 1.4082E-09 1.3949E-09 1.3799E-09 1.3650E-09 1.3516E-09 1.3382E-09 1.3216E-09 1.3082E-09 1.2947E-09 1.2811E-09 1.2675E-09 1.2538E-09 1.2401E-09 1.2258E-09 1.2115E-09 1.1977E-09 1.1839E-09 1.1701E-09 1.1563E-09 1.1425E-09 1.1287E-09 1.1144E-09 1.1001E-09 1.0863E-09 1.0726E-09 1.0589E-09 1.0448E-09 1.0307E-09 1.0172E-09 1.0037E-09 9.8973E-10 9.7589E-10
1.6846E-09 1.6774E-09 1.6693E-09 1.6605E-09 1.6510E-09 1.6406E-09 1.6297E-09 1.6192E-09 1.6078E-09 1.5963E-09 1.5854E-09 1.5742E-09 1.5611E-09 1.5488E-09 1.5364E-09 1.5226E-09 1.5104E-09 1.4970E-09 1.4823E-09 1.4678E-09 1.4536E-09 1.4402E-09 1.4277E-09 1.4145E-09 1.4012E-09 1.3884E-09 1.3755E-09 1.3594E-09 1.3464E-09 1.3334E-09 1.3172E-09 1.3042E-09 1.2911E-09 1.2779E-09 1.2647E-09 1.2513E-09 1.2380E-09 1.2240E-09 1.2100E-09 1.1966E-09 1.1831E-09 1.1696E-09 1.1561E-09 1.1426E-09 1.1290E-09 1.1150E-09 1.1009E-09 1.0875E-09 1.0740E-09 1.0605E-09 1.0471E-09 1.0327E-09 1.0194E-09 1.0061E-09 9.9236E-10 9.7871E-10 9.6558E-10
1.6495E-09 1.6416E-09 1.6334E-09 1.6248E-09 1.6154E-09 1.6057E-09 1.5963E-09 1.5861E-09 1.5756E-09 1.5655E-09 1.5546E-09 1.5434E-09 1.5318E-09 1.5197E-09 1.5056E-09 1.4926E-09 1.4798E-09 1.4668E-09 1.4547E-09 1.4430E-09 1.4311E-09 1.4191E-09 1.4064E-09 1.3936E-09 1.3813E-09 1.3672E-09 1.3531E-09 1.3406E-09 1.3280E-09 1.3122E-09 1.2996E-09 1.2869E-09 1.2741E-09 1.2612E-09 1.2483E-09 1.2353E-09 1.2216E-09 1.2080E-09 1.1949E-09 1.1817E-09 1.1685E-09 1.1553E-09 1.1421E-09 1.1288E-09 1.1151E-09 1.1013E-09 1.0881E-09 1.0749E-09 1.0616E-09 1.0484E-09 1.0343E-09 1.0212E-09 1.0081E-09 9.9503E-10 9.8110E-10 9.6816E-10 9.5480E-10
1.6144E-09 1.6075E-09 1.5995E-09 1.5910E-09 1.5825E-09 1.5735E-09 1.5628E-09 1.5528E-09 1.5424E-09 1.5315E-09 1.5205E-09 1.5100E-09 1.4992E-09 1.4883E-09 1.4778E-09 1.4670E-09 1.4556E-09 1.4439E-09 1.4327E-09 1.4214E-09 1.4099E-09 1.3971E-09 1.3854E-09 1.3735E-09 1.3598E-09 1.3462E-09 1.3341E-09 1.3220E-09 1.3082E-09 1.2944E-09 1.2821E-09 1.2697E-09 1.2572E-09 1.2446E-09 1.2320E-09 1.2193E-09 1.2054E-09 1.1926E-09 1.1798E-09 1.1669E-09 1.1540E-09 1.1411E-09 1.1281E-09 1.1152E-09 1.1012E-09 1.0882E-09 1.0752E-09 1.0623E-09 1.0493E-09 1.0359E-09 1.0225E-09 1.0096E-09 9.9680E-10 9.8306E-10 9.7032E-10 9.5715E-10 9.4405E-10
1.5828E-09 1.5749E-09 1.5668E-09 1.5590E-09 1.5503E-09 1.5414E-09 1.5329E-09 1.5241E-09 1.5140E-09 1.5048E-09 1.4954E-09 1.4852E-09 1.4748E-09 1.4648E-09 1.4546E-09 1.4436E-09 1.4326E-09 1.4219E-09 1.4110E-09 1.4000E-09 1.3877E-09 1.3765E-09 1.3651E-09 1.3519E-09 1.3387E-09 1.3271E-09 1.3153E-09 1.3020E-09 1.2886E-09 1.2767E-09 1.2647E-09 1.2526E-09 1.2404E-09 1.2281E-09 1.2158E-09 1.2022E-09 1.1898E-09 1.1773E-09 1.1648E-09 1.1522E-09 1.1396E-09 1.1269E-09 1.1142E-09 1.1005E-09 1.0878E-09 1.0751E-09 1.0624E-09 1.0497E-09 1.0365E-09 1.0234E-09 1.0108E-09 9.9813E-10 9.8506E-10 9.7205E-10 9.5953E-10 9.4616E-10 9.3375E-10
1.5537E-09 1.5468E-09 1.5396E-09 1.5316E-09 1.5233E-09 1.5154E-09 1.5066E-09 1.4976E-09 1.4890E-09 1.4801E-09 1.4699E-09 1.4606E-09 1.4512E-09 1.4410E-09 1.4306E-09 1.4206E-09 1.4104E-09 1.4000E-09 1.3889E-09 1.3777E-09 1.3669E-09 1.3560E-09 1.3433E-09 1.3306E-09 1.3194E-09 1.3081E-09 1.2951E-09 1.2822E-09 1.2707E-09 1.2591E-09 1.2474E-09 1.2356E-09 1.2237E-09 1.2117E-09 1.1985E-09 1.1864E-09 1.1743E-09 1.1621E-09 1.1498E-09 1.1375E-09 1.1252E-09 1.1128E-09 1.0993E-09 1.0870E-09 1.0745E-09 1.0621E-09 1.0497E-09 1.0367E-09 1.0238E-09 1.0114E-09 9.9901E-10 9.8616E-10 9.7336E-10 9.6105E-10 9.4786E-10 9.3565E-10 9.2272E-10
1.5263E-09 1.5191E-09 1.5117E-09 1.5046E-09 1.4972E-09 1.4890E-09 1.4806E-09 1.4726E-09 1.4637E-09 1.4546E-09 1.4459E-09 1.4370E-09 1.4273E-09 1.4174E-09 1.4080E-09 1.3983E-09 1.3884E-09 1.3779E-09 1.3671E-09 1.3568E-09 1.3464E-09 1.3341E-09 1.3219E-09 1.3112E-09 1.3003E-09 1.2862E-09 1.2752E-09 1.2641E-09 1.2529E-09 1.2416E-09 1.2302E-09 1.2187E-09 1.2071E-09 1.1942E-09 1.1825E-09 1.1707E-09 1.1589E-09 1.1469E-09 1.1350E-09 1.1229E-09 1.1108E-09 1.0977E-09 1.0856E-09 1.0735E-09 1.0613E-09 1.0491E-09 1.0364E-09 1.0238E-09 1.0116E-09 9.9945E-10 9.8682E-10 9.7424E-10 9.6214E-10 9.4961E-10 9.3714E-10 9.2440E-10 9.1173E-10
1.4987E-09 1.4919E-09 1.4854E-09 1.4780E-09 1.4704E-09 1.4631E-09 1.4556E-09 1.4473E-09 1.4388E-09 1.4306E-09 1.4223E-09 1.4131E-09 1.4038E-09 1.3948E-09 1.3856E-09 1.3763E-09 1.3662E-09 1.3560E-09 1.3461E-09 1.3361E-09 1.3244E-09 1.3126E-09 1.3023E-09 1.2919E-09 1.2782E-09 1.2677E-09 1.2570E-09 1.2462E-09 1.2353E-09 1.2243E-09 1.2131E-09 1.2019E-09 1.1894E-09 1.1781E-09 1.1666E-09 1.1551E-09 1.1435E-09 1.1319E-09 1.1202E-09 1.1084E-09 1.0961E-09 1.0837E-09 1.0719E-09 1.0600E-09 1.0481E-09 1.0362E-09 1.0233E-09 1.0114E-09 9.9944E-10 9.8705E-10 9.7469E-10 9.6281E-10 9.5049E-10 9.3822E-10 9.2642E-10 9.1320E-10 9.0151E-10
1.4716E-09 1.4657E-09 1.4589E-09 1.4518E-09 1.4451E-09 1.4376E-09 1.4298E-09 1.4225E-09 1.4148E-09 1.4064E-09 1.3978E-09 1.3895E-09 1.3811E-09 1.3724E-09 1.3636E-09 1.3534E-09 1.3442E-09 1.3349E-09 1.3254E-09 1.3125E-09 1.3028E-09 1.2929E-09 1.2829E-09 1.2697E-09 1.2596E-09 1.2494E-09 1.2390E-09 1.2285E-09 1.2178E-09 1.2071E-09 1.1962E-09 1.1841E-09 1.1731E-09 1.1620E-09 1.1509E-09 1.1396E-09 1.1283E-09 1.1169E-09 1.1054E-09 1.0934E-09 1.0814E-09 1.0698E-09 1.0582E-09 1.0466E-09 1.0350E-09 1.0223E-09 1.0107E-09 9.9899E-10 9.8684E-10 9.7471E-10 9.6306E-10 9.5096E-10 9.3890E-10 9.2730E-10 9.1427E-10 9.0278E-10 8.9059E-10
1.4449E-09 1.4387E-09 1.4328E-09 1.4266E-09 1.4197E-09 1.4125E-09 1.4056E-09 1.3985E-09 1.3906E-09 1.3825E-09 1.3748E-09 1.3668E-09 1.3587E-09 1.3498E-09 1.3407E-09 1.3320E-09 1.3231E-09 1.3124E-09 1.3016E-09 1.2924E-09 1.2830E-09 1.2719E-09 1.2607E-09 1.2510E-09 1.2412E-09 1.2312E-09 1.2211E-09 1.2108E-09 1.2005E-09 1.1900E-09 1.1783E-09 1.1676E-09 1.1569E-09 1.1461E-09 1.1352E-09 1.1242E-09 1.1131E-09 1.1020E-09 1.0903E-09 1.0786E-09 1.0673E-09 1.0560E-09 1.0447E-09 1.0333E-09 1.0209E-09 1.0095E-09 9.9810E-10 9.8666E-10 9.7430E-10 9.6288E-10 9.5101E-10 9.3916E-10 9.2778E-10 9.1495E-10 9.0365E-10 8.9165E-10 8.7971E-10
1.4187E-09 1.4133E-09 1.4071E-09 1.4007E-09 1.3946E-09 1.3883E-09 1.3811E-09 1.3738E-09 1.3667E-09 1.3595E-09 1.3521E-09 1.3444E-09 1.3360E-09 1.3274E-09 1.3192E-09 1.3108E-09 1.3006E-09 1.2903E-09 1.2815E-09 1.2725E-09 1.2619E-09 1.2511E-09 1.2419E-09 1.2324E-09 1.2229E-09 1.2132E-09 1.2033E-09 1.1933E-09 1.1832E-09 1.1719E-09 1.1616E-09 1.1513E-09 1.1408E-09 1.1302E-09 1.1196E-09 1.1089E-09 1.0981E-09 1.0867E-09 1.0753E-09 1.0643E-09 1.0533E-09 1.0423E-09 1.0312E-09 1.0191E-09 1.0079E-09 9.9677E-10 9.8559E-10 9.7347E-10 9.6229E-10 9.5065E-10 9.3902E-10 9.2786E-10 9.1523E-10 9.0414E-10 8.9233E-10 8.8058E-10 8.6886E-10
1.3929E-09 1.3872E-09 1.3819E-09 1.3763E-09 1.3705E-09 1.3639E-09 1.3570E-09 1.3505E-09 1.3438E-09 1.3368E-09 1.3291E-09 1.3212E-09 1.3136E-09 1.3059E-09 1.2980E-09 1.2882E-09 1.2784E-09 1.2701E-09 1.2616E-09 1.2514E-09 1.2411E-09 1.2322E-09 1.2232E-09 1.2140E-09 1.2047E-09 1.1953E-09 1.1857E-09 1.1760E-09 1.1650E-09 1.1551E-09 1.1451E-09 1.1350E-09 1.1248E-09 1.1145E-09 1.1041E-09 1.0936E-09 1.0826E-09 1.0715E-09 1.0608E-09 1.0501E-09 1.0394E-09 1.0286E-09 1.0167E-09 1.0059E-09 9.9500E-10 9.8408E-10 9.7221E-10 9.6128E-10 9.4987E-10 9.3848E-10 9.2754E-10 9.1587E-10 9.0424E-10 8.9264E-10 8.8108E-10 8.7028E-10 8.5807E-10
1.3675E-09 1.3627E-09 1.3576E-09 1.3517E-09 1.3456E-09 1.3399E-09 1.3339E-09 1.3276E-09 1.3211E-09 1.3139E-09 1.3065E-09 1.2994E-09 1.2921E-09 1.2830E-09 1.2738E-09 1.2661E-09 1.2582E-09 1.2501E-09 1.2404E-09 1.2305E-09 1.2221E-09 1.2135E-09 1.2047E-09 1.1958E-09 1.1868E-09 1.1776E-09 1.1677E-09 1.1577E-09 1.1482E-09 1.1385E-09 1.1288E-09 1.1189E-09 1.1090E-09 1.0989E-09 1.0888E-09 1.0780E-09 1.0672E-09 1.0569E-09 1.0465E-09 1.0361E-09 1.0255E-09 1.0140E-09 1.0034E-09 9.9280E-10 9.8214E-10 9.7053E-10 9.5984E-10 9.4868E-10 9.3752E-10 9.2681E-10 9.1537E-10 9.0396E-10 8.9256E-10 8.8120E-10 8.7060E-10 8.5858E-10 8.4804E-10
