Assets/Resources/2015_m01_d24_1400(utc+0800)_l00_csi_1hr_conc.grd
DSAA
         159         159
     -79.000      79.000
     -79.000      79.000
  0.1688E-10  0.9374E-06
[rows 75 to 99 of 159, columns 57 to 113 of 159]
8.2654E-09 8.3287E-09 8.4132E-09 8.5440E-09 8.6870E-09 8.9258E-09 9.2242E-09 9.7134E-09 1.0327E-08 1.1380E-08 1.2908E-08 1.5453E-08 1.9494E-08 2.5339E-08 3.3426E-08 4.3110E-08 5.4190E-08 6.6603E-08 9.2140E-08 1.6761E-07 1.6008E-07 1.4720E-08 2.0380E-09 2.0123E-09 1.9865E-09 1.9599E-09 1.9332E-09 1.9059E-09 1.8784E-09 1.8506E-09 1.8225E-09 1.7940E-09 1.7653E-09 1.7363E-09 1.7070E-09 1.6776E-09 1.6477E-09 1.6177E-09 1.5878E-09 1.5576E-09 1.5272E-09 1.4971E-09 1.4667E-09 1.4366E-09 1.4062E-09 1.3756E-09 1.3456E-09 1.3150E-09 1.2847E-09 1.2548E-09 1.2248E-09 1.1950E-09 1.1653E-09 1.1360E-09 1.1068E-09 1.0779E-09 1.0491E-09
6.0313E-09 6.0420E-09 6.0353E-09 6.0437E-09 6.0628E-09 6.1153E-09 6.2092E-09 6.3436E-09 6.5844E-09 6.9527E-09 7.4671E-09 8.5393E-09 1.0194E-08 1.3104E-08 1.7201E-08 2.3622E-08 3.3663E-08 4.8232E-08 6.7573E-08 1.2078E-07 3.4835E-07 9.5880E-08 2.0201E-09 1.9942E-09 1.9688E-09 1.9426E-09 1.9163E-09 1.8895E-09 1.8624E-09 1.8349E-09 1.8070E-09 1.7789E-09 1.7504E-09 1.7217E-09 1.6926E-09 1.6634E-09 1.6338E-09 1.6044E-09 1.5745E-09 1.5445E-09 1.5147E-09 1.4847E-09 1.4548E-09 1.4246E-09 1.3943E-09 1.3645E-09 1.3343E-09 1.3039E-09 1.2741E-09 1.2442E-09 1.2144E-09 1.1848E-09 1.1555E-09 1.1263E-09 1.0974E-09 1.0688E-09 1.0404E-09
4.4371E-09 4.4009E-09 4.3642E-09 4.3175E-09 4.2615E-09 4.2243E-09 4.2016E-09 4.1918E-09 4.1946E-09 4.2029E-09 4.2740E-09 4.4204E-09 4.7333E-09 5.3640E-09 6.3449E-09 8.3104E-09 1.1760E-08 1.9475E-08 3.8942E-08 7.6853E-08 2.4576E-07 7.3911E-07 2.0065E-09 1.9760E-09 1.9506E-09 1.9250E-09 1.8990E-09 1.8726E-09 1.8458E-09 1.8186E-09 1.7911E-09 1.7632E-09 1.7351E-09 1.7064E-09 1.6778E-09 1.6487E-09 1.6197E-09 1.5903E-09 1.5607E-09 1.5313E-09 1.5015E-09 1.4719E-09 1.4421E-09 1.4120E-09 1.3824E-09 1.3524E-09 1.3222E-09 1.2925E-09 1.2630E-09 1.2331E-09 1.2039E-09 1.1743E-09 1.1455E-09 1.1163E-09 1.0876E-09 1.0592E-09 1.0312E-09
3.4140E-09 3.3574E-09 3.2966E-09 3.2476E-09 3.1889E-09 3.1230E-09 3.0703E-09 3.0141E-09 2.9473E-09 2.8665E-09 2.7841E-09 2.7172E-09 2.6437E-09 2.6286E-09 2.6148E-09 2.7053E-09 2.9387E-09 3.4119E-09 5.2504E-09 1.6760E-08 7.4141E-08 9.3736E-07 2.1808E-09 1.9569E-09 1.9321E-09 1.9069E-09 1.8812E-09 1.8551E-09 1.8286E-09 1.8018E-09 1.7746E-09 1.7470E-09 1.7190E-09 1.6909E-09 1.6623E-09 1.6335E-09 1.6048E-09 1.5757E-09 1.5466E-09 1.5173E-09 1.4880E-09 1.4585E-09 1.4288E-09 1.3994E-09 1.3696E-09 1.3396E-09 1.3102E-09 1.2808E-09 1.2513E-09 1.2219E-09 1.1927E-09 1.1637E-09 1.1345E-09 1.1059E-09 1.0775E-09 1.0496E-09 1.0218E-09
2.7986E-09 2.7538E-09 2.7098E-09 2.6550E-09 2.6089E-09 2.5684E-09 2.5234E-09 2.4728E-09 2.4164E-09 2.3569E-09 2.3042E-09 2.2532E-09 2.2017E-09 2.1726E-09 2.1421E-09 2.1160E-09 2.0945E-09 2.0737E-09 2.0525E-09 2.0305E-09 2.0081E-09 1.9865E-09 1.9615E-09 1.9376E-09 1.9132E-09 1.8882E-09 1.8629E-09 1.8371E-09 1.8109E-09 1.7844E-09 1.7575E-09 1.7301E-09 1.7026E-09 1.6746E-09 1.6463E-09 1.6181E-09 1.5894E-09 1.5608E-09 1.5319E-09 1.5030E-09 1.4739E-09 1.4444E-09 1.4154E-09 1.3859E-09 1.3561E-09 1.3269E-09 1.2977E-09 1.2684E-09 1.2392E-09 1.2101E-09 1.1811E-09 1.1523E-09 1.1238E-09 1.0954E-09 1.0673E-09 1.0395E-09 1.0117E-09
2.4615E-09 2.4287E-09 2.4044E-09 2.3735E-09 2.3420E-09 2.3128E-09 2.2825E-09 2.2577E-09 2.2294E-09 2.1999E-09 2.1796E-09 2.1635E-09 2.1485E-09 2.1296E-09 2.1108E-09 2.0916E-09 2.0720E-09 2.0515E-09 2.0307E-09 2.0090E-09 1.9870E-09 1.9645E-09 1.9414E-09 1.9177E-09 1.8936E-09 1.8691E-09 1.8440E-09 1.8186E-09 1.7927E-09 1.7663E-09 1.7397E-09 1.7126E-09 1.6854E-09 1.6577E-09 1.6300E-09 1.6019E-09 1.5738E-09 1.5453E-09 1.5166E-09 1.4881E-09 1.4590E-09 1.4303E-09 1.4008E-09 1.3717E-09 1.3427E-09 1.3138E-09 1.2846E-09 1.2556E-09 1.2267E-09 1.1978E-09 1.1692E-09 1.1407E-09 1.1124E-09 1.0845E-09 1.0565E-09 1.0290E-09 1.0019E-09
2.2961E-09 2.2785E-09 2.2601E-09 2.2439E-09 2.2329E-09 2.2219E-09 2.2100E-09 2.1974E-09 2.1839E-09 2.1697E-09 2.1547E-09 2.1389E-09 2.1225E-09 2.1050E-09 2.0871E-09 2.0685E-09 2.0490E-09 2.0292E-09 2.0084E-09 1.9873E-09 1.9657E-09 1.9434E-09 1.9207E-09 1.8974E-09 1.8736E-09 1.8494E-09 1.8247E-09 1.7995E-09 1.7738E-09 1.7479E-09 1.7214E-09 1.6949E-09 1.6678E-09 1.6406E-09 1.6130E-09 1.5854E-09 1.5574E-09 1.5292E-09 1.5011E-09 1.4724E-09 1.4441E-09 1.4150E-09 1.3862E-09 1.3575E-09 1.3288E-09 1.2999E-09 1.2711E-09 1.2424E-09 1.2137E-09 1.1852E-09 1.1568E-09 1.1286E-09 1.1009E-09 1.0729E-09 1.0454E-09 1.0183E-09 9.9131E-10
2.2410E-09 2.2332E-09 2.2249E-09 2.2158E-09 2.2059E-09 2.1952E-09 2.1836E-09 2.1713E-09 2.1581E-09 2.1442E-09 2.1295E-09 2.1138E-09 2.0976E-09 2.0808E-09 2.0629E-09 2.0447E-09 2.0255E-09 2.0060E-09 1.9859E-09 1.9651E-09 1.9438E-09 1.9219E-09 1.8995E-09 1.8765E-09 1.8531E-09 1.8292E-09 1.8048E-09 1.7798E-09 1.7546E-09 1.7288E-09 1.7029E-09 1.6764E-09 1.6496E-09 1.6228E-09 1.5956E-09 1.5683E-09 1.5406E-09 1.5129E-09 1.4847E-09 1.4568E-09 1.4281E-09 1.3996E-09 1.3712E-09 1.3429E-09 1.3142E-09 1.2857E-09 1.2572E-09 1.2287E-09 1.2004E-09 1.1722E-09 1.1441E-09 1.1165E-09 1.0886E-09 1.0613E-09 1.0341E-09 1.0071E-09 9.8069E-10
2.2121E-09 2.2049E-09 2.1970E-09 2.1881E-09 2.1785E-09 2.1680E-09 2.1568E-09 2.1447E-09 2.1319E-09 2.1180E-09 2.1036E-09 2.0885E-09 2.0724E-09 2.0558E-09 2.0383E-09 2.0204E-09 2.0019E-09 1.9827E-09 1.9629E-09 1.9424E-09 1.9214E-09 1.8999E-09 1.8778E-09 1.8552E-09 1.8320E-09 1.8082E-09 1.7842E-09 1.7595E-09 1.7346E-09 1.7092E-09 1.6836E-09 1.6575E-09 1.6313E-09 1.6046E-09 1.5778E-09 1.5507E-09 1.5235E-09 1.4957E-09 1.4678E-09 1.4400E-09 1.4119E-09 1.3839E-09 1.3559E-09 1.3273E-09 1.2993E-09 1.2711E-09 1.2429E-09 1.2147E-09 1.1870E-09 1.1588E-09 1.1313E-09 1.1035E-09 1.0764E-09 1.0493E-09 1.0223E-09 9.9611E-10 9.6950E-10
2.1832E-09 2.1763E-09 2.1686E-09 2.1601E-09 2.1507E-09 2.1405E-09 2.1295E-09 2.1175E-09 2.1049E-09 2.0916E-09 2.0773E-09 2.0625E-09 2.0467E-09 2.0305E-09 2.0136E-09 1.9960E-09 1.9777E-09 1.9589E-09 1.9394E-09 1.9193E-09 1.8986E-09 1.8774E-09 1.8556E-09 1.8333E-09 1.8103E-09 1.7870E-09 1.7631E-09 1.7390E-09 1.7142E-09 1.6893E-09 1.6638E-09 1.6383E-09 1.6122E-09 1.5860E-09 1.5594E-09 1.5324E-09 1.5055E-09 1.4781E-09 1.4507E-09 1.4230E-09 1.3954E-09 1.3675E-09 1.3396E-09 1.3119E-09 1.2840E-09 1.2560E-09 1.2282E-09 1.2006E-09 1.1726E-09 1.1453E-09 1.1180E-09 1.0907E-09 1.0637E-09 1.0369E-09 1.0107E-09 9.8413E-10 9.5807E-10
2.1540E-09 2.1474E-09 2.1399E-09 2.1316E-09 2.1225E-09 2.1123E-09 2.1016E-09 2.0901E-09 2.0776E-09 2.0646E-09 2.0505E-09 2.0360E-09 2.0208E-09 2.0049E-09 1.9883E-09 1.9711E-09 1.9532E-09 1.9346E-09 1.9154E-09 1.8956E-09 1.8753E-09 1.8544E-09 1.8327E-09 1.8107E-09 1.7880E-09 1.7651E-09 1.7415E-09 1.7178E-09 1.6933E-09 1.6688E-09 1.6437E-09 1.6184E-09 1.5927E-09 1.5669E-09 1.5404E-09 1.5141E-09 1.4872E-09 1.4602E-09 1.4330E-09 1.4058E-09 1.3784E-09 1.3508E-09 1.3235E-09 1.2959E-09 1.2682E-09 1.2406E-09 1.2134E-09 1.1856E-09 1.1585E-09 1.1313E-09 1.1042E-09 1.0774E-09 1.0509E-09 1.0246E-09 9.9811E-10 9.7211E-10 9.4672E-10
2.1245E-09 2.1181E-09 2.1106E-09 2.1025E-09 2.0937E-09 2.0837E-09 2.0733E-09 2.0621E-09 2.0498E-09 2.0371E-09 2.0237E-09 2.0095E-09 1.9946E-09 1.9790E-09 1.9627E-09 1.9457E-09 1.9281E-09 1.9099E-09 1.8910E-09 1.8716E-09 1.8515E-09 1.8307E-09 1.8096E-09 1.7877E-09 1.7656E-09 1.7428E-09 1.7198E-09 1.6961E-09 1.6722E-09 1.6478E-09 1.6232E-09 1.5981E-09 1.5729E-09 1.5470E-09 1.5213E-09 1.4949E-09 1.4685E-09 1.4415E-09 1.4149E-09 1.3880E-09 1.3609E-09 1.3337E-09 1.3067E-09 1.2794E-09 1.2521E-09 1.2249E-09 1.1977E-09 1.1708E-09 1.1439E-09 1.1169E-09 1.0903E-09 1.0640E-09 1.0378E-09 1.0114E-09 9.8548E-10 9.6016E-10 9.3470E-10
2.0943E-09 2.0882E-09 2.0812E-09 2.0731E-09 2.0645E-09 2.0551E-09 2.0446E-09 2.0337E-09 2.0220E-09 2.0096E-09 1.9964E-09 1.9825E-09 1.9679E-09 1.9526E-09 1.9366E-09 1.9199E-09 1.9026E-09 1.8847E-09 1.8662E-09 1.8468E-09 1.8271E-09 1.8066E-09 1.7858E-09 1.7643E-09 1.7425E-09 1.7200E-09 1.6973E-09 1.6742E-09 1.6505E-09 1.6266E-09 1.6021E-09 1.5776E-09 1.5523E-09 1.5267E-09 1.5011E-09 1.4751E-09 1.4490E-09 1.4229E-09 1.3965E-09 1.3699E-09 1.3430E-09 1.3162E-09 1.2895E-09 1.2626E-09 1.2357E-09 1.2088E-09 1.1822E-09 1.1555E-09 1.1288E-09 1.1023E-09 1.0762E-09 1.0502E-09 1.0239E-09 9.9814E-10 9.7293E-10 9.4755E-10 9.2221E-10
2.0639E-09 2.0579E-09 2.0512E-09 2.0433E-09 2.0350E-09 2.0258E-09 2.0159E-09 2.0052E-09 1.9938E-09 1.9816E-09 1.9687E-09 1.9551E-09 1.9408E-09 1.9258E-09 1.9101E-09 1.8937E-09 1.8767E-09 1.8589E-09 1.8406E-09 1.8216E-09 1.8022E-09 1.7823E-09 1.7616E-09 1.7406E-09 1.7189E-09 1.6970E-09 1.6744E-09 1.6517E-09 1.6283E-09 1.6047E-09 1.5804E-09 1.5562E-09 1.5313E-09 1.5062E-09 1.4808E-09 1.4553E-09 1.4297E-09 1.4036E-09 1.3773E-09 1.3510E-09 1.3248E-09 1.2986E-09 1.2720E-09 1.2455E-09 1.2189E-09 1.1926E-09 1.1662E-09 1.1398E-09 1.1135E-09 1.0876E-09 1.0618E-09 1.0357E-09 1.0103E-09 9.8499E-10 9.5972E-10 9.3448E-10 9.1004E-10
2.0334E-09 2.0274E-09 2.0209E-09 2.0135E-09 2.0054E-09 1.9965E-09 1.9868E-09 1.9764E-09 1.9652E-09 1.9533E-09 1.9407E-09 1.9274E-09 1.9133E-09 1.8986E-09 1.8832E-09 1.8669E-09 1.8502E-09 1.8329E-09 1.8147E-09 1.7962E-09 1.7769E-09 1.7573E-09 1.7369E-09 1.7163E-09 1.6952E-09 1.6734E-09 1.6514E-09 1.6287E-09 1.6059E-09 1.5823E-09 1.5587E-09 1.5344E-09 1.5100E-09 1.4849E-09 1.4603E-09 1.4349E-09 1.4094E-09 1.3839E-09 1.3581E-09 1.3323E-09 1.3065E-09 1.2801E-09 1.2539E-09 1.2280E-09 1.2020E-09 1.1759E-09 1.1498E-09 1.1238E-09 1.0982E-09 1.0726E-09 1.0467E-09 1.0214E-09 9.9631E-10 9.7118E-10 9.4625E-10 9.2172E-10 8.9724E-10
2.0024E-09 1.9969E-09 1.9905E-09 1.9834E-09 1.9755E-09 1.9668E-09 1.9574E-09 1.9472E-09 1.9363E-09 1.9247E-09 1.9123E-09 1.8992E-09 1.8854E-09 1.8708E-09 1.8557E-09 1.8399E-09 1.8233E-09 1.8063E-09 1.7884E-09 1.7702E-09 1.7515E-09 1.7320E-09 1.7122E-09 1.6916E-09 1.6708E-09 1.6494E-09 1.6277E-09 1.6052E-09 1.5827E-09 1.5594E-09 1.5359E-09 1.5120E-09 1.4880E-09 1.4637E-09 1.4392E-09 1.4142E-09 1.3892E-09 1.3639E-09 1.3384E-09 1.3131E-09 1.2873E-09 1.2616E-09 1.2360E-09 1.2105E-09 1.1844E-09 1.1589E-09 1.1332E-09 1.1078E-09 1.0825E-09 1.0568E-09 1.0318E-09 1.0069E-09 9.8190E-10 9.5748E-10 9.3272E-10 9.0834E-10 8.8456E-10
1.9714E-09 1.9660E-09 1.9599E-09 1.9530E-09 1.9453E-09 1.9368E-09 1.9276E-09 1.9177E-09 1.9070E-09 1.8956E-09 1.8835E-09 1.8705E-09 1.8570E-09 1.8428E-09 1.8278E-09 1.8123E-09 1.7960E-09 1.7793E-09 1.7620E-09 1.7439E-09 1.7254E-09 1.7063E-09 1.6868E-09 1.6666E-09 1.6461E-09 1.6252E-09 1.6034E-09 1.5816E-09 1.5591E-09 1.5363E-09 1.5131E-09 1.4897E-09 1.4660E-09 1.4421E-09 1.4177E-09 1.3931E-09 1.3683E-09 1.3435E-09 1.3184E-09 1.2934E-09 1.2681E-09 1.2430E-09 1.2178E-09 1.1922E-09 1.1670E-09 1.1416E-09 1.1166E-09 1.0915E-09 1.0661E-09 1.0413E-09 1.0166E-09 9.9183E-10 9.6760E-10 9.4299E-10 9.1876E-10 8.9509E-10 8.7128E-10
1.9401E-09 1.9349E-09 1.9290E-09 1.9223E-09 1.9148E-09 1.9065E-09 1.8976E-09 1.8879E-09 1.8774E-09 1.8660E-09 1.8542E-09 1.8417E-09 1.8282E-09 1.8143E-09 1.7995E-09 1.7844E-09 1.7686E-09 1.7519E-09 1.7349E-09 1.7171E-09 1.6990E-09 1.6804E-09 1.6610E-09 1.6413E-09 1.6208E-09 1.6002E-09 1.5788E-09 1.5571E-09 1.5349E-09 1.5125E-09 1.4898E-09 1.4668E-09 1.4433E-09 1.4197E-09 1.3957E-09 1.3717E-09 1.3475E-09 1.3229E-09 1.2984E-09 1.2735E-09 1.2486E-09 1.2238E-09 1.1989E-09 1.1739E-09 1.1491E-09 1.1243E-09 1.0996E-09 1.0745E-09 1.0498E-09 1.0255E-09 1.0010E-09 9.7694E-10 9.5252E-10 9.2846E-10 9.0494E-10 8.8126E-10 8.5762E-10
1.9086E-09 1.9036E-09 1.8978E-09 1.8913E-09 1.8840E-09 1.8760E-09 1.8672E-09 1.8575E-09 1.8473E-09 1.8364E-09 1.8246E-09 1.8123E-09 1.7991E-09 1.7855E-09 1.7712E-09 1.7561E-09 1.7406E-09 1.7245E-09 1.7076E-09 1.6903E-09 1.6723E-09 1.6539E-09 1.6347E-09 1.6153E-09 1.5955E-09 1.5749E-09 1.5540E-09 1.5325E-09 1.5108E-09 1.4888E-09 1.4664E-09 1.4436E-09 1.4206E-09 1.3972E-09 1.3738E-09 1.3502E-09 1.3259E-09 1.3019E-09 1.2775E-09 1.2534E-09 1.2291E-09 1.2045E-09 1.1799E-09 1.1555E-09 1.1309E-09 1.1067E-09 1.0820E-09 1.0575E-09 1.0335E-09 1.0093E-09 9.8530E-10 9.6127E-10 9.3740E-10 9.1406E-10 8.9054E-10 8.6704E-10 8.4413E-10
1.8768E-09 1.8719E-09 1.8663E-09 1.8600E-09 1.8527E-09 1.8449E-09 1.8363E-09 1.8268E-09 1.8169E-09 1.8062E-09 1.7946E-09 1.7826E-09 1.7699E-09 1.7563E-09 1.7423E-09 1.7277E-09 1.7123E-09 1.6965E-09 1.6799E-09 1.6629E-09 1.6454E-09 1.6270E-09 1.6084E-09 1.5890E-09 1.5693E-09 1.5490E-09 1.5284E-09 1.5075E-09 1.4862E-09 1.4643E-09 1.4423E-09 1.4200E-09 1.3972E-09 1.3745E-09 1.3512E-09 1.3279E-09 1.3042E-09 1.2807E-09 1.2570E-09 1.2330E-09 1.2091E-09 1.1849E-09 1.1609E-09 1.1367E-09 1.1129E-09 1.0885E-09 1.0644E-09 1.0407E-09 1.0167E-09 9.9300E-10 9.6921E-10 9.4557E-10 9.2244E-10 8.9910E-10 8.7576E-10 8.5300E-10 8.3045E-10
1.8448E-09 1.8398E-09 1.8344E-09 1.8283E-09 1.8214E-09 1.8135E-09 1.8052E-09 1.7962E-09 1.7862E-09 1.7757E-09 1.7646E-09 1.7526E-09 1.7402E-09 1.7271E-09 1.7132E-09 1.6988E-09 1.6837E-09 1.6682E-09 1.6521E-09 1.6350E-09 1.6178E-09 1.5997E-09 1.5812E-09 1.5621E-09 1.5430E-09 1.5232E-09 1.5031E-09 1.4824E-09 1.4613E-09 1.4400E-09 1.4182E-09 1.3963E-09 1.3741E-09 1.3514E-09 1.3288E-09 1.3056E-09 1.2826E-09 1.2595E-09 1.2360E-09 1.2123E-09 1.1886E-09 1.1653E-09 1.1414E-09 1.1177E-09 1.0940E-09 1.0703E-09 1.0469E-09 1.0232E-09 9.9946E-10 9.7633E-10 9.5294E-10 9.3003E-10 9.0691E-10 8.8377E-10 8.6118E-10 8.3878E-10 8.1631E-10
1.8123E-09 1.8078E-09 1.8023E-09 1.7963E-09 1.7896E-09 1.7819E-09 1.7738E-09 1.7650E-09 1.7552E-09 1.7450E-09 1.7342E-09 1.7226E-09 1.7102E-09 1.6974E-09 1.6838E-09 1.6697E-09 1.6550E-09 1.6394E-09 1.6236E-09 1.6068E-09 1.5899E-09 1.5723E-09 1.5540E-09 1.5354E-09 1.5164E-09 1.4970E-09 1.4769E-09 1.4567E-09 1.4359E-09 1.4149E-09 1.3937E-09 1.3719E-09 1.3501E-09 1.3278E-09 1.3056E-09 1.2831E-09 1.2605E-09 1.2375E-09 1.2146E-09 1.1914E-09 1.1684E-09 1.1452E-09 1.1219E-09 1.0986E-09 1.0752E-09 1.0522E-09 1.0289E-09 1.0054E-09 9.8259E-10 9.5948E-10 9.3665E-10 9.1394E-10 8.9103E-10 8.6864E-10 8.4642E-10 8.2412E-10 8.0229E-10
1.7797E-09 1.7753E-09 1.7700E-09 1.7642E-09 1.7576E-09 1.7504E-09 1.7422E-09 1.7336E-09 1.7243E-09 1.7141E-09 1.7035E-09 1.6922E-09 1.6800E-09 1.6675E-09 1.6543E-09 1.6401E-09 1.6257E-09 1.6103E-09 1.5948E-09 1.5785E-09 1.5615E-09 1.5442E-09 1.5265E-09 1.5082E-09 1.4898E-09 1.4705E-09 1.4510E-09 1.4309E-09 1.4107E-09 1.3901E-09 1.3690E-09 1.3479E-09 1.3262E-09 1.3046E-09 1.2827E-09 1.2605E-09 1.2383E-09 1.2157E-09 1.1932E-09 1.1706E-09 1.1479E-09 1.1247E-09 1.1022E-09 1.0792E-09 1.0564E-09 1.0336E-09 1.0105E-09 9.8798E-10 9.6518E-10 9.4263E-10 9.2019E-10 8.9752E-10 8.7536E-10 8.5335E-10 8.3123E-10 8.0958E-10 7.8803E-10
1.7469E-09 1.7427E-09 1.7377E-09 1.7318E-09 1.7255E-09 1.7184E-09 1.7107E-09 1.7020E-09 1.6930E-09 1.6832E-09 1.6726E-09 1.6615E-09 1.6498E-09 1.6371E-09 1.6241E-09 1.6102E-09 1.5961E-09 1.5812E-09 1.5655E-09 1.5496E-09 1.5331E-09 1.5164E-09 1.4989E-09 1.4808E-09 1.4625E-09 1.4435E-09 1.4244E-09 1.4049E-09 1.3848E-09 1.3646E-09 1.3441E-09 1.3231E-09 1.3024E-09 1.2808E-09 1.2595E-09 1.2375E-09 1.2155E-09 1.1938E-09 1.1715E-09 1.1495E-09 1.1269E-09 1.1046E-09 1.0822E-09 1.0596E-09 1.0374E-09 1.0147E-09 9.9249E-10 9.7001E-10 9.4758E-10 9.2545E-10 9.0322E-10 8.8131E-10 8.5953E-10 8.3762E-10 8.1617E-10 7.9480E-10 7.7354E-10
1.7140E-09 1.7099E-09 1.7051E-09 1.6996E-09 1.6932E-09 1.6863E-09 1.6787E-09 1.6703E-09 1.6614E-09 1.6519E-09 1.6412E-09 1.6304E-09 1.6190E-09 1.6065E-09 1.5938E-09 1.5803E-09 1.5660E-09 1.5514E-09 1.5363E-09 1.5209E-09 1.5047E-09 1.4878E-09 1.4707E-09 1.4529E-09 1.4350E-09 1.4168E-09 1.3981E-09 1.3787E-09 1.3592E-09 1.3391E-09 1.3190E-09 1.2987E-09 1.2781E-09 1.2570E-09 1.2360E-09 1.2145E-09 1.1933E-09 1.1716E-09 1.1498E-09 1.1279E-09 1.1059E-09 1.0842E-09 1.0620E-09 1.0402E-09 1.0179E-09 9.9591E-10 9.7396E-10 9.5187E-10 9.3005E-10 9.0812E-10 8.8630E-10 8.6496E-10 8.4329E-10 8.2206E-10 8.0089E-10 7.7981E-10 7.5913E-10
