Assets/Resources/2015_m01_d03_0800(utc+0800)_l00_csi_1hr_conc.grd
DSAA
         159         159
     -79.000      79.000
     -79.000      79.000
  0.0000E+00  0.2951E-05
[rows 0 to 24 of 159, columns 57 to 113 of 159]
9.7108E-10 9.8759E-10 1.0023E-09 1.0158E-09 1.0283E-09 1.0401E-09 1.0513E-09 1.0630E-09 1.0740E-09 1.0829E-09 1.0906E-09 1.0969E-09 1.1021E-09 1.1061E-09 1.1089E-09 1.1106E-09 1.1126E-09 1.1134E-09 1.1120E-09 1.1096E-09 1.1063E-09 1.1021E-09 1.0970E-09 1.0911E-09 1.0845E-09 1.0771E-09 1.0691E-09 1.0604E-09 1.0512E-09 1.0415E-09 1.0313E-09 1.0207E-09 1.0096E-09 9.9892E-10 9.8787E-10 9.7650E-10 9.6484E-10 9.5228E-10 9.3946E-10 9.2709E-10 9.1454E-10 9.0186E-10 8.8906E-10 8.7553E-10 8.6191E-10 8.4821E-10 8.3509E-10 8.2196E-10 8.0884E-10 7.9574E-10 7.8207E-10 7.6843E-10 7.5484E-10 7.4130E-10 7.4956E-10 7.5858E-10 7.4764E-10
1.0034E-09 1.0196E-09 1.0345E-09 1.0488E-09 1.0625E-09 1.0760E-09 1.0876E-09 1.0985E-09 1.1086E-09 1.1174E-09 1.1249E-09 1.1319E-09 1.1382E-09 1.1427E-09 1.1454E-09 1.1469E-09 1.1473E-09 1.1466E-09 1.1448E-09 1.1421E-09 1.1384E-09 1.1338E-09 1.1283E-09 1.1226E-09 1.1169E-09 1.1091E-09 1.1014E-09 1.0923E-09 1.0826E-09 1.0725E-09 1.0618E-09 1.0508E-09 1.0393E-09 1.0275E-09 1.0154E-09 1.0029E-09 9.9018E-10 9.7783E-10 9.6525E-10 9.5249E-10 9.3955E-10 9.2582E-10 9.1194E-10 8.9794E-10 8.8453E-10 8.7107E-10 8.5758E-10 8.4408E-10 8.2995E-10 8.1582E-10 8.0171E-10 8.1007E-10 8.1924E-10 8.0795E-10 7.9669E-10 7.8473E-10 7.7280E-10
1.0355E-09 1.0532E-09 1.0690E-09 1.0838E-09 1.0974E-09 1.1101E-09 1.1222E-09 1.1340E-09 1.1448E-09 1.1549E-09 1.1624E-09 1.1687E-09 1.1736E-09 1.1772E-09 1.1797E-09 1.1809E-09 1.1810E-09 1.1820E-09 1.1807E-09 1.1776E-09 1.1736E-09 1.1686E-09 1.1628E-09 1.1561E-09 1.1486E-09 1.1404E-09 1.1315E-09 1.1219E-09 1.1118E-09 1.1012E-09 1.0901E-09 1.0786E-09 1.0668E-09 1.0545E-09 1.0419E-09 1.0297E-09 1.0172E-09 1.0045E-09 9.9148E-10 9.7764E-10 9.6360E-10 9.4939E-10 9.3642E-10 9.2268E-10 9.0887E-10 8.9438E-10 8.7984E-10 8.6527E-10 8.5068E-10 8.6013E-10 8.7122E-10 8.5967E-10 8.4739E-10 8.3510E-10 8.2281E-10 8.1052E-10 7.9826E-10
1.0705E-09 1.0873E-09 1.1028E-09 1.1176E-09 1.1323E-09 1.1462E-09 1.1599E-09 1.1714E-09 1.1816E-09 1.1904E-09 1.1978E-09 1.2039E-09 1.2093E-09 1.2142E-09 1.2171E-09 1.2181E-09 1.2180E-09 1.2167E-09 1.2144E-09 1.2110E-09 1.2065E-09 1.2012E-09 1.1949E-09 1.1878E-09 1.1798E-09 1.1712E-09 1.1625E-09 1.1532E-09 1.1434E-09 1.1323E-09 1.1208E-09 1.1089E-09 1.0966E-09 1.0846E-09 1.0716E-09 1.0583E-09 1.0447E-09 1.0308E-09 1.0167E-09 1.0031E-09 9.8932E-10 9.7539E-10 9.6135E-10 9.4656E-10 9.3167E-10 9.1671E-10 9.2606E-10 9.3635E-10 9.2465E-10 9.1293E-10 9.0040E-10 8.8784E-10 8.7525E-10 8.6264E-10 8.7272E-10 8.8353E-10 8.9503E-10
1.1035E-09 1.1205E-09 1.1380E-09 1.1540E-09 1.1692E-09 1.1830E-09 1.1958E-09 1.2074E-09 1.2176E-09 1.2277E-09 1.2363E-09 1.2423E-09 1.2470E-09 1.2503E-09 1.2523E-09 1.2531E-09 1.2527E-09 1.2511E-09 1.2483E-09 1.2460E-09 1.2425E-09 1.2368E-09 1.2302E-09 1.2227E-09 1.2143E-09 1.2053E-09 1.1955E-09 1.1851E-09 1.1741E-09 1.1626E-09 1.1507E-09 1.1383E-09 1.1255E-09 1.1124E-09 1.0990E-09 1.0852E-09 1.0711E-09 1.0575E-09 1.0437E-09 1.0297E-09 1.0155E-09 1.0005E-09 9.8534E-10 9.7006E-10 9.8050E-10 9.9194E-10 9.8017E-10 9.6836E-10 9.5567E-10 9.4291E-10 9.3009E-10 9.1722E-10 9.5189E-10 9.6396E-10 9.5487E-10 9.4491E-10 9.3484E-10
1.1382E-09 1.1570E-09 1.1738E-09 1.1898E-09 1.2048E-09 1.2190E-09 1.2335E-09 1.2465E-09 1.2567E-09 1.2654E-09 1.2727E-09 1.2785E-09 1.2830E-09 1.2861E-09 1.2886E-09 1.2905E-09 1.2905E-09 1.2886E-09 1.2856E-09 1.2815E-09 1.2764E-09 1.2702E-09 1.2632E-09 1.2552E-09 1.2464E-09 1.2369E-09 1.2267E-09 1.2159E-09 1.2045E-09 1.1925E-09 1.1801E-09 1.1673E-09 1.1548E-09 1.1412E-09 1.1273E-09 1.1138E-09 1.1001E-09 1.0861E-09 1.0711E-09 1.0560E-09 1.0407E-09 1.0252E-09 1.0368E-09 1.0494E-09 1.0385E-09 1.0258E-09 1.0131E-09 1.0002E-09 9.8726E-10 9.9922E-10 1.0120E-09 1.0256E-09 1.0168E-09 1.0069E-09 9.9692E-10 9.8676E-10 9.7644E-10
1.1733E-09 1.1916E-09 1.2090E-09 1.2262E-09 1.2431E-09 1.2584E-09 1.2717E-09 1.2834E-09 1.2936E-09 1.3022E-09 1.3094E-09 1.3165E-09 1.3221E-09 1.3251E-09 1.3267E-09 1.3270E-09 1.3260E-09 1.3238E-09 1.3205E-09 1.3160E-09 1.3105E-09 1.3039E-09 1.2964E-09 1.2902E-09 1.2817E-09 1.2718E-09 1.2612E-09 1.2500E-09 1.2381E-09 1.2258E-09 1.2130E-09 1.1997E-09 1.1861E-09 1.1720E-09 1.1577E-09 1.1430E-09 1.1281E-09 1.1130E-09 1.0976E-09 1.1086E-09 1.1209E-09 1.1094E-09 1.0978E-09 1.0852E-09 1.0725E-09 1.0596E-09 1.0719E-09 1.0851E-09 1.0991E-09 1.0907E-09 1.0813E-09 1.0718E-09 1.0620E-09 1.0520E-09 1.0418E-09 1.0790E-09 1.0934E-09
1.2078E-09 1.2281E-09 1.2468E-09 1.2646E-09 1.2807E-09 1.2956E-09 1.3090E-09 1.3207E-09 1.3322E-09 1.3415E-09 1.3493E-09 1.3549E-09 1.3591E-09 1.3618E-09 1.3631E-09 1.3631E-09 1.3618E-09 1.3593E-09 1.3578E-09 1.3537E-09 1.3478E-09 1.3409E-09 1.3330E-09 1.3243E-09 1.3147E-09 1.3043E-09 1.2933E-09 1.2816E-09 1.2694E-09 1.2566E-09 1.2433E-09 1.2296E-09 1.2155E-09 1.2010E-09 1.1862E-09 1.1711E-09 1.1558E-09 1.1678E-09 1.1811E-09 1.1700E-09 1.1587E-09 1.1463E-09 1.1338E-09 1.1210E-09 1.1348E-09 1.1495E-09 1.1653E-09 1.1574E-09 1.1485E-09 1.1393E-09 1.1299E-09 1.1202E-09 1.1354E-09 1.1513E-09 1.1686E-09 1.1613E-09 1.1535E-09
1.2449E-09 1.2653E-09 1.2839E-09 1.3016E-09 1.3182E-09 1.3339E-09 1.3486E-09 1.3611E-09 1.3713E-09 1.3798E-09 1.3869E-09 1.3923E-09 1.3963E-09 1.3987E-09 1.4013E-09 1.4025E-09 1.4009E-09 1.3982E-09 1.3941E-09 1.3890E-09 1.3827E-09 1.3754E-09 1.3671E-09 1.3579E-09 1.3479E-09 1.3371E-09 1.3257E-09 1.3136E-09 1.3299E-09 1.3451E-09 1.3319E-09 1.3182E-09 1.3040E-09 1.2893E-09 1.2741E-09 1.2586E-09 1.2449E-09 1.2327E-09 1.2208E-09 1.2088E-09 1.1966E-09 1.1841E-09 1.1995E-09 1.2159E-09 1.2334E-09 1.2262E-09 1.2179E-09 1.2093E-09 1.2004E-09 1.2169E-09 1.2341E-09 1.2520E-09 1.2466E-09 1.2399E-09 1.2328E-09 1.2253E-09 1.2173E-09
1.2814E-09 1.3017E-09 1.3210E-09 1.3406E-09 1.3581E-09 1.3739E-09 1.3874E-09 1.3992E-09 1.4093E-09 1.4178E-09 1.4254E-09 1.4314E-09 1.4366E-09 1.4390E-09 1.4399E-09 1.4394E-09 1.4376E-09 1.4345E-09 1.4301E-09 1.4246E-09 1.4179E-09 1.4379E-09 1.4593E-09 1.4511E-09 1.4420E-09 1.4320E-09 1.4213E-09 1.4098E-09 1.3976E-09 1.3847E-09 1.3712E-09 1.3571E-09 1.3425E-09 1.3273E-09 1.3117E-09 1.2971E-09 1.2841E-09 1.2725E-09 1.2607E-09 1.2486E-09 1.2656E-09 1.2838E-09 1.3032E-09 1.2969E-09 1.2894E-09 1.2816E-09 1.2734E-09 1.2923E-09 1.3118E-09 1.3321E-09 1.3278E-09 1.3221E-09 1.3159E-09 1.3092E-09 1.3019E-09 1.3193E-09 1.3370E-09
1.3177E-09 1.3400E-09 1.3606E-09 1.3800E-09 1.3970E-09 1.4123E-09 1.4258E-09 1.4375E-09 1.4491E-09 1.4582E-09 1.4657E-09 1.4710E-09 1.4746E-09 1.4767E-09 1.4774E-09 1.4766E-09 1.4745E-09 1.5261E-09 1.5251E-09 1.5211E-09 1.5158E-09 1.5095E-09 1.5021E-09 1.4936E-09 1.4843E-09 1.4741E-09 1.4631E-09 1.4513E-09 1.4388E-09 1.4256E-09 1.4117E-09 1.3972E-09 1.3822E-09 1.3667E-09 1.3511E-09 1.3383E-09 1.3268E-09 1.3152E-09 1.3339E-09 1.3539E-09 1.3751E-09 1.3690E-09 1.3626E-09 1.3558E-09 1.3486E-09 1.3699E-09 1.4184E-09 1.4159E-09 1.4120E-09 1.4076E-09 1.4026E-09 1.3969E-09 1.4165E-09 1.4365E-09 1.4567E-09 1.4531E-09 1.4478E-09
1.3566E-09 1.3790E-09 1.3995E-09 1.4184E-09 1.4355E-09 1.4516E-09 1.4659E-09 1.4791E-09 1.4892E-09 1.4976E-09 1.5043E-09 1.5094E-09 1.5128E-09 1.5423E-09 1.5711E-09 1.5741E-09 1.5740E-09 1.5725E-09 1.5696E-09 1.5655E-09 1.5601E-09 1.5536E-09 1.5460E-09 1.5374E-09 1.5279E-09 1.5175E-09 1.5913E-09 1.5809E-09 1.5697E-09 1.5576E-09 1.5446E-09 1.5309E-09 1.5164E-09 1.5011E-09 1.4874E-09 1.4753E-09 1.4644E-09 1.4554E-09 1.4481E-09 1.4422E-09 1.4370E-09 1.4314E-09 1.4540E-09 1.4775E-09 1.5019E-09 1.5011E-09 1.4989E-09 1.4960E-09 1.4924E-09 1.4882E-09 1.5109E-09 1.5340E-09 1.5582E-09 1.5553E-09 1.5514E-09 1.5467E-09 1.5411E-09
1.3947E-09 1.4170E-09 1.4379E-09 1.4578E-09 1.4757E-09 1.4926E-09 1.5063E-09 1.5181E-09 1.5282E-09 1.5365E-09 1.5704E-09 1.6037E-09 1.6114E-09 1.6158E-09 1.6186E-09 1.6199E-09 1.6198E-09 1.6182E-09 1.6153E-09 1.6111E-09 1.6056E-09 1.6835E-09 1.6793E-09 1.6731E-09 1.6658E-09 1.6575E-09 1.6481E-09 1.6378E-09 1.6265E-09 1.6143E-09 1.6012E-09 1.5873E-09 1.5725E-09 1.5579E-09 1.5452E-09 1.5348E-09 1.5257E-09 1.5182E-09 1.5122E-09 1.5081E-09 1.5333E-09 1.5596E-09 1.5869E-09 1.5882E-09 1.5879E-09 1.5869E-09 1.5852E-09 1.6105E-09 1.6363E-09 1.6624E-09 1.6632E-09 1.6621E-09 1.6600E-09 1.6569E-09 1.6662E-09 1.6750E-09 1.6833E-09
1.4326E-09 1.4562E-09 1.4781E-09 1.4987E-09 1.5162E-09 1.5318E-09 1.5455E-09 1.5574E-09 1.5954E-09 1.6338E-09 1.6441E-09 1.6519E-09 1.6580E-09 1.6625E-09 1.6654E-09 1.6668E-09 1.6667E-09 1.7224E-09 1.7502E-09 1.7492E-09 1.7468E-09 1.7433E-09 1.7385E-09 1.7326E-09 1.7255E-09 1.7173E-09 1.7081E-09 1.6978E-09 1.6865E-09 1.6743E-09 1.6611E-09 1.6470E-09 1.6329E-09 1.6488E-09 1.6675E-09 1.6585E-09 1.6512E-09 1.6461E-09 1.6732E-09 1.6729E-09 1.6738E-09 1.6764E-09 1.6784E-09 1.6797E-09 1.6802E-09 1.7092E-09 1.7387E-09 1.7686E-09 1.7718E-09 1.7731E-09 1.7732E-09 1.7722E-09 1.7844E-09 1.7960E-09 1.8077E-09 1.8041E-09 1.7992E-09
1.4723E-09 1.4970E-09 1.5184E-09 1.5380E-09 1.5555E-09 1.5712E-09 1.6400E-09 1.6559E-09 1.6701E-09 1.6816E-09 1.6913E-09 1.6993E-09 1.7056E-09 1.7103E-09 1.7709E-09 1.8036E-09 1.8074E-09 1.8098E-09 1.8106E-09 1.8101E-09 1.8083E-09 1.8051E-09 1.8007E-09 1.7951E-09 1.7883E-09 1.8102E-09 1.8609E-09 1.8529E-09 1.8436E-09 1.8332E-09 1.8215E-09 1.8087E-09 1.7966E-09 1.7862E-09 1.7779E-09 1.7713E-09 1.7664E-09 1.7631E-09 1.7639E-09 1.7663E-09 1.7698E-09 1.7737E-09 1.7768E-09 1.8098E-09 1.8434E-09 1.8774E-09 1.8837E-09 1.8877E-09 1.8905E-09 1.9066E-09 1.9220E-09 1.9367E-09 1.9374E-09 1.9360E-09 1.9331E-09 1.9428E-09 1.9517E-09
1.5123E-09 1.5359E-09 1.5576E-09 1.5772E-09 1.6502E-09 1.6703E-09 1.6885E-09 1.7040E-09 1.7176E-09 1.7295E-09 1.7395E-09 1.7770E-09 1.8411E-09 1.8513E-09 1.8590E-09 1.8650E-09 1.8696E-09 1.8725E-09 1.8740E-09 1.8741E-09 1.8728E-09 1.9298E-09 1.9578E-09 1.9556E-09 1.9520E-09 1.9471E-09 1.9409E-09 1.9334E-09 1.9245E-09 1.9144E-09 1.9030E-09 1.8904E-09 1.8807E-09 1.8731E-09 1.8666E-09 1.8618E-09 1.8591E-09 1.8605E-09 1.8636E-09 1.8682E-09 1.8742E-09 1.9116E-09 1.9496E-09 1.9881E-09 1.9978E-09 2.0053E-09 2.0114E-09 2.0314E-09 2.0507E-09 2.0691E-09 2.0728E-09 2.0741E-09 2.0737E-09 2.0867E-09 2.0988E-09 2.1105E-09 2.1060E-09
1.5510E-09 1.5749E-09 1.6517E-09 1.6761E-09 1.6986E-09 1.7183E-09 1.7361E-09 1.7521E-09 1.7944E-09 1.8362E-09 1.8775E-09 1.8919E-09 1.9037E-09 1.9139E-09 1.9224E-09 1.9293E-09 1.9346E-09 1.9683E-09 2.0298E-09 2.0352E-09 2.0382E-09 2.0398E-09 2.0400E-09 2.0388E-09 2.0361E-09 2.0320E-09 2.0265E-09 2.0196E-09 2.0112E-09 2.0015E-09 1.9904E-09 2.0109E-09 2.0343E-09 2.0605E-09 2.0580E-09 2.0570E-09 2.0583E-09 2.0629E-09 2.0695E-09 2.0785E-09 2.0892E-09 2.1007E-09 2.1134E-09 2.1249E-09 2.1348E-09 2.1594E-09 2.1831E-09 2.2059E-09 2.2131E-09 2.2177E-09 2.2356E-09 2.2524E-09 2.2679E-09 2.2685E-09 2.2665E-09 2.2627E-09 2.2715E-09
1.6179E-09 1.6726E-09 1.6996E-09 1.7237E-09 1.7460E-09 1.7663E-09 1.8131E-09 1.8595E-09 1.9063E-09 1.9243E-09 1.9406E-09 1.9551E-09 1.9680E-09 1.9791E-09 2.0186E-09 2.0855E-09 2.0969E-09 2.1059E-09 2.1133E-09 2.1191E-09 2.1235E-09 2.1264E-09 2.1278E-09 2.1276E-09 2.1260E-09 2.1840E-09 2.2118E-09 2.2081E-09 2.2028E-09 2.1959E-09 2.1881E-09 2.1825E-09 2.1798E-09 2.1780E-09 2.1779E-09 2.1793E-09 2.1861E-09 2.1941E-09 2.2034E-09 2.2165E-09 2.2306E-09 2.2453E-09 2.2597E-09 2.2894E-09 2.3182E-09 2.3460E-09 2.3575E-09 2.3662E-09 2.3888E-09 2.4101E-09 2.4300E-09 2.4341E-09 2.4352E-09 2.4342E-09 2.4467E-09 2.4578E-09 2.4681E-09
1.6901E-09 1.7197E-09 1.7465E-09 1.7713E-09 1.8226E-09 1.8734E-09 1.9239E-09 1.9476E-09 1.9686E-09 1.9878E-09 2.0052E-09 2.0502E-09 2.0948E-09 2.1390E-09 2.1554E-09 2.1692E-09 2.1814E-09 2.1920E-09 2.2010E-09 2.2085E-09 2.2144E-09 2.2801E-09 2.3158E-09 2.3205E-09 2.3234E-09 2.3245E-09 2.3239E-09 2.3215E-09 2.3173E-09 2.3113E-09 2.3073E-09 2.3054E-09 2.3044E-09 2.3060E-09 2.3104E-09 2.3326E-09 2.3584E-09 2.3700E-09 2.3852E-09 2.4016E-09 2.4185E-09 2.4539E-09 2.4721E-09 2.4892E-09 2.5049E-09 2.5184E-09 2.5465E-09 2.5731E-09 2.5981E-09 2.6064E-09 2.6115E-09 2.6298E-09 2.6464E-09 2.6613E-09 2.6603E-09 2.6562E-09 2.6498E-09
1.7371E-09 1.7666E-09 1.7941E-09 1.8773E-09 1.9323E-09 1.9609E-09 1.9868E-09 2.0109E-09 2.0332E-09 2.0834E-09 2.1334E-09 2.1840E-09 2.2048E-09 2.2238E-09 2.2412E-09 2.2569E-09 2.2711E-09 2.3141E-09 2.3565E-09 2.3994E-09 2.4113E-09 2.4214E-09 2.4298E-09 2.4363E-09 2.4411E-09 2.4440E-09 2.4450E-09 2.4440E-09 2.4891E-09 2.4881E-09 2.4883E-09 2.4913E-09 2.4956E-09 2.5014E-09 2.5087E-09 2.5218E-09 2.5360E-09 2.5520E-09 2.5709E-09 2.5911E-09 2.6125E-09 2.6338E-09 2.6540E-09 2.6731E-09 2.7074E-09 2.7401E-09 2.7710E-09 2.7845E-09 2.7943E-09 2.8180E-09 2.8398E-09 2.8595E-09 2.8624E-09 2.8618E-09 2.8584E-09 2.8687E-09 2.8772E-09
1.7838E-09 1.8435E-09 1.9299E-09 1.9634E-09 1.9943E-09 2.0235E-09 2.0508E-09 2.1063E-09 2.1615E-09 2.2176E-09 2.2438E-09 2.2683E-09 2.2912E-09 2.3125E-09 2.3320E-09 2.4115E-09 2.4604E-09 2.4808E-09 2.4985E-09 2.5147E-09 2.5290E-09 2.5416E-09 2.5523E-09 2.5775E-09 2.6166E-09 2.6240E-09 2.6286E-09 2.6309E-09 2.6310E-09 2.6342E-09 2.6394E-09 2.6453E-09 2.6529E-09 2.6634E-09 2.7107E-09 2.7449E-09 2.7631E-09 2.7862E-09 2.8097E-09 2.8336E-09 2.8590E-09 2.8831E-09 2.9061E-09 2.9281E-09 2.9484E-09 2.9670E-09 2.9826E-09 3.0126E-09 3.0404E-09 3.0659E-09 3.0736E-09 3.0773E-09 3.0943E-09 3.1090E-09 3.1216E-09 3.1319E-09 3.1248E-09
1.8901E-09 1.9546E-09 1.9906E-09 2.0249E-09 2.0574E-09 2.1178E-09 2.1782E-09 2.2395E-09 2.2713E-09 2.3015E-09 2.3302E-09 2.3572E-09 2.4133E-09 2.4693E-09 2.5259E-09 2.5517E-09 2.5759E-09 2.5984E-09 2.6191E-09 2.6382E-09 2.6879E-09 2.7202E-09 2.7366E-09 2.7502E-09 2.7616E-09 2.7707E-09 2.7776E-09 2.7821E-09 2.8041E-09 2.8453E-09 2.8558E-09 2.8684E-09 2.8824E-09 2.8981E-09 2.9191E-09 2.9414E-09 2.9659E-09 2.9926E-09 3.0200E-09 3.0492E-09 3.0771E-09 3.1032E-09 3.1292E-09 3.1540E-09 3.1757E-09 3.2129E-09 3.2477E-09 3.2800E-09 3.2927E-09 3.3018E-09 3.3248E-09 3.3451E-09 3.3628E-09 3.3780E-09 3.3746E-09 3.3681E-09 3.3916E-09
1.9751E-09 2.0145E-09 2.0523E-09 2.1174E-09 2.1826E-09 2.2481E-09 2.2865E-09 2.3225E-09 2.3569E-09 2.3899E-09 2.4523E-09 2.5148E-09 2.5782E-09 2.6106E-09 2.6415E-09 2.6707E-09 2.6983E-09 2.7409E-09 2.7976E-09 2.8233E-09 2.8464E-09 2.8674E-09 2.8863E-09 2.9031E-09 2.9344E-09 2.9797E-09 2.9921E-09 3.0014E-09 3.0139E-09 3.0287E-09 3.0441E-09 3.0610E-09 3.0797E-09 3.1039E-09 3.1812E-09 3.2085E-09 3.2409E-09 3.2734E-09 3.3060E-09 3.3390E-09 3.3703E-09 3.4002E-09 3.4281E-09 3.4534E-09 3.4778E-09 3.4994E-09 3.5182E-09 3.5340E-09 3.5639E-09 3.5909E-09 3.6149E-09 3.6359E-09 3.6374E-09 3.6524E-09 3.6646E-09 3.6740E-09 3.3816E-09
2.0349E-09 2.0762E-09 2.1463E-09 2.2444E-09 2.2885E-09 2.3303E-09 2.3707E-09 2.4095E-09 2.4780E-09 2.5468E-09 2.6168E-09 2.6560E-09 2.6938E-09 2.7300E-09 2.7809E-09 2.8309E-09 2.8799E-09 2.9134E-09 2.9443E-09 2.9733E-09 3.0004E-09 3.0585E-09 3.0987E-09 3.1222E-09 3.1423E-09 3.1598E-09 3.1746E-09 3.1908E-09 3.2089E-09 3.2624E-09 3.3030E-09 3.3278E-09 3.3549E-09 3.3857E-09 3.4184E-09 3.4539E-09 3.4905E-09 3.5268E-09 3.5654E-09 3.6015E-09 3.6351E-09 3.6841E-09 3.7312E-09 3.7592E-09 3.7846E-09 3.8068E-09 3.8450E-09 3.8799E-09 3.8938E-09 3.9044E-09 3.9120E-09 3.9334E-09 3.9517E-09 3.9667E-09 3.9786E-09 3.8903E-09 3.6031E-09
2.1257E-09 2.2006E-09 2.2759E-09 2.3244E-09 2.3705E-09 2.4154E-09 2.4896E-09 2.5643E-09 2.6405E-09 2.6866E-09 2.7313E-09 2.7748E-09 2.8331E-09 2.8907E-09 2.9486E-09 2.9892E-09 3.0283E-09 3.0656E-09 3.1181E-09 3.1849E-09 3.2198E-09 3.2518E-09 3.2814E-09 3.3083E-09 3.3325E-09 3.3882E-09 3.4261E-09 3.4513E-09 3.4789E-09 3.5068E-09 3.5359E-09 3.5659E-09 3.6028E-09 3.6400E-09 3.7302E-09 3.7903E-09 3.8344E-09 3.8784E-09 3.9214E-09 3.9614E-09 4.0000E-09 4.0354E-09 4.0671E-09 4.0972E-09 4.1236E-09 4.1469E-09 4.1673E-09 4.1841E-09 4.1974E-09 4.2260E-09 4.2515E-09 4.2733E-09 4.2915E-09 4.2888E-09 4.3300E-09 3.9878E-09 3.9468E-09
