Assets/Resources/2015_m01_d10_1500(utc+0800)_l00_csi_1hr_conc.grd
DSAA
         159         159
     -79.000      79.000
     -79.000      79.000
  0.2104E-09  0.5309E-05
[rows 75 to 99 of 159, columns 57 to 113 of 159]
2.6400E-09 2.7231E-09 2.8141E-09 2.9064E-09 2.9967E-09 3.0896E-09 3.1852E-09 3.2913E-09 3.4040E-09 3.5163E-09 3.6263E-09 3.7500E-09 3.8712E-09 3.9927E-09 4.1180E-09 4.2470E-09 4.3789E-09 4.5139E-09 4.6522E-09 4.7910E-09 4.9304E-09 5.0708E-09 5.2126E-09 5.3541E-09 5.4963E-09 5.6389E-09 5.7820E-09 5.9254E-09 6.0694E-09 6.2138E-09 6.3588E-09 6.5042E-09 6.6498E-09 6.7957E-09 6.9419E-09 7.0882E-09 7.2339E-09 7.3806E-09 7.5256E-09 7.6710E-09 7.8158E-09 7.9597E-09 8.1040E-09 8.2472E-09 8.3905E-09 8.5330E-09 8.6735E-09 8.8126E-09 8.9473E-09 9.0771E-09 9.2029E-09 9.3198E-09 9.4307E-09 9.5362E-09 9.6429E-09 9.7428E-09 9.8255E-09
2.6783E-09 2.7628E-09 2.8578E-09 2.9493E-09 3.0411E-09 3.1357E-09 3.2329E-09 3.3409E-09 3.4586E-09 3.5700E-09 3.6854E-09 3.8079E-09 3.9311E-09 4.0549E-09 4.1823E-09 4.3133E-09 4.4471E-09 4.5845E-09 4.7235E-09 4.8636E-09 5.0052E-09 5.1467E-09 5.2890E-09 5.4318E-09 5.5760E-09 5.7199E-09 5.8641E-09 6.0088E-09 6.1541E-09 6.2998E-09 6.4462E-09 6.5928E-09 6.7398E-09 6.8870E-09 7.0346E-09 7.1824E-09 7.3301E-09 7.4773E-09 7.6237E-09 7.7705E-09 7.9168E-09 8.0631E-09 8.2083E-09 8.3540E-09 8.4990E-09 8.6417E-09 8.7855E-09 8.9260E-09 9.0636E-09 9.1977E-09 9.3243E-09 9.4446E-09 9.5596E-09 9.6801E-09 9.7833E-09 9.8738E-09 9.9561E-09
2.7161E-09 2.8054E-09 2.8985E-09 2.9915E-09 3.0850E-09 3.1811E-09 3.2800E-09 3.3942E-09 3.5095E-09 3.6227E-09 3.7401E-09 3.8647E-09 3.9900E-09 4.1159E-09 4.2454E-09 4.3783E-09 4.5138E-09 4.6527E-09 4.7938E-09 4.9350E-09 5.0771E-09 5.2205E-09 5.3640E-09 5.5079E-09 5.6525E-09 5.7975E-09 5.9429E-09 6.0895E-09 6.2359E-09 6.3829E-09 6.5315E-09 6.6811E-09 6.8270E-09 6.9750E-09 7.1238E-09 7.2729E-09 7.4217E-09 7.5694E-09 7.7185E-09 7.8658E-09 8.0136E-09 8.1613E-09 8.3081E-09 8.4555E-09 8.6014E-09 8.7488E-09 8.8972E-09 9.0440E-09 9.1884E-09 9.3263E-09 9.4591E-09 9.5848E-09 9.7146E-09 9.8268E-09 9.9884E-09 1.0097E-08 1.0167E-08
2.7541E-09 2.8440E-09 2.9386E-09 3.0331E-09 3.1280E-09 3.2257E-09 3.3293E-09 3.4423E-09 3.5594E-09 3.6745E-09 3.7971E-09 3.9236E-09 4.0477E-09 4.1756E-09 4.3072E-09 4.4418E-09 4.5795E-09 4.7198E-09 4.8613E-09 5.0036E-09 5.1476E-09 5.2913E-09 5.4358E-09 5.5816E-09 5.7272E-09 5.8732E-09 6.0196E-09 6.1673E-09 6.3174E-09 6.4842E-09 6.6633E-09 6.8497E-09 7.0392E-09 7.1861E-09 7.3041E-09 7.4193E-09 7.5340E-09 7.6732E-09 7.8092E-09 7.9569E-09 8.1060E-09 8.2551E-09 8.4042E-09 8.5528E-09 8.7055E-09 8.8623E-09 9.0199E-09 9.1771E-09 9.3298E-09 9.4765E-09 9.7240E-09 9.8688E-09 1.0077E-08 1.0167E-08 1.0296E-08 1.0353E-08 1.0415E-08
2.7907E-09 2.8819E-09 2.9780E-09 3.0740E-09 3.1704E-09 3.2695E-09 3.3747E-09 3.4895E-09 3.6099E-09 3.7253E-09 3.8498E-09 3.9782E-09 4.1042E-09 4.2340E-09 4.3674E-09 4.5036E-09 4.6427E-09 4.7842E-09 4.9275E-09 5.0708E-09 5.2150E-09 5.3606E-09 5.5059E-09 5.6519E-09 5.7985E-09 5.9461E-09 6.0934E-09 6.2470E-09 6.4471E-09 6.7231E-09 7.0954E-09 7.4718E-09 7.7542E-09 7.9182E-09 8.1805E-09 8.1621E-09 8.0922E-09 8.0639E-09 8.0936E-09 8.1623E-09 8.2493E-09 8.3694E-09 8.5008E-09 8.6544E-09 8.8214E-09 8.9917E-09 9.1687E-09 9.4748E-09 9.6719E-09 1.0001E-08 1.0280E-08 1.0413E-08 1.0574E-08 1.0610E-08 1.0677E-08 1.0715E-08 1.0743E-08
2.8266E-09 2.9192E-09 3.0190E-09 3.1140E-09 3.2118E-09 3.3125E-09 3.4192E-09 3.5400E-09 3.6578E-09 3.7750E-09 3.9013E-09 4.0315E-09 4.1594E-09 4.2910E-09 4.4260E-09 4.5637E-09 4.7040E-09 4.8472E-09 4.9908E-09 5.1358E-09 5.2808E-09 5.4265E-09 5.5727E-09 8.0236E-09 1.0139E-06 5.3086E-06 2.2780E-06 2.7606E-07 1.7916E-08 7.9937E-09 9.4659E-09 1.0910E-08 1.2526E-08 1.2399E-08 1.1268E-08 1.0228E-08 9.4740E-09 9.0181E-09 8.7639E-09 8.6559E-09 8.6217E-09 8.6636E-09 8.7516E-09 8.9549E-09 9.1606E-09 9.5301E-09 9.8145E-09 1.0253E-08 1.0531E-08 1.0872E-08 1.1074E-08 1.1172E-08 1.1245E-08 1.1239E-08 1.1253E-08 1.1198E-08 1.1126E-08
2.8618E-09 2.9565E-09 3.0569E-09 3.1532E-09 3.2524E-09 3.3545E-09 3.4672E-09 3.5867E-09 3.7046E-09 3.8235E-09 3.9546E-09 4.0834E-09 4.2131E-09 4.3464E-09 4.4829E-09 4.6219E-09 4.7641E-09 4.9075E-09 5.0518E-09 5.1977E-09 5.3435E-09 5.4907E-09 5.6376E-09 5.7852E-09 6.5864E-09 1.4558E-07 4.9280E-07 7.0658E-07 4.2278E-07 1.3286E-07 5.5542E-08 4.1391E-08 3.0474E-08 2.3016E-08 1.8072E-08 1.4713E-08 1.2522E-08 1.1138E-08 1.0241E-08 9.7561E-09 9.4949E-09 9.4899E-09 9.5694E-09 9.9922E-09 1.0267E-08 1.0836E-08 1.1249E-08 1.1587E-08 1.1927E-08 1.2146E-08 1.2256E-08 1.2272E-08 1.2245E-08 1.2143E-08 1.2006E-08 1.1846E-08 1.1692E-08
2.8963E-09 2.9947E-09 3.0939E-09 3.1915E-09 3.2921E-09 3.3955E-09 3.5097E-09 3.6307E-09 3.7503E-09 3.8707E-09 4.0035E-09 4.1340E-09 4.2652E-09 4.4002E-09 4.5380E-09 4.6781E-09 4.8213E-09 4.9662E-09 5.1113E-09 5.2571E-09 5.4043E-09 5.5514E-09 5.6998E-09 5.8480E-09 5.9967E-09 6.2450E-09 3.9932E-08 1.9015E-07 3.5550E-07 3.3923E-07 1.8034E-07 9.3484E-08 5.7831E-08 4.0421E-08 2.9876E-08 2.2868E-08 1.8265E-08 1.5214E-08 1.3286E-08 1.2090E-08 1.1672E-08 1.1530E-08 1.1738E-08 1.2088E-08 1.2428E-08 1.2928E-08 1.3380E-08 1.3754E-08 1.4012E-08 1.4105E-08 1.4076E-08 1.3902E-08 1.3670E-08 1.3384E-08 1.3072E-08 1.2734E-08 1.2447E-08
2.9307E-09 3.0295E-09 3.1300E-09 3.2289E-09 3.3307E-09 3.4355E-09 3.5511E-09 3.6736E-09 3.7947E-09 3.9199E-09 4.0509E-09 4.1830E-09 4.3159E-09 4.4522E-09 4.5913E-09 4.7323E-09 4.8762E-09 5.0219E-09 5.1676E-09 5.3147E-09 5.4617E-09 5.6102E-09 5.7583E-09 5.9071E-09 6.0569E-09 6.2071E-09 6.5903E-09 2.1228E-08 9.2842E-08 1.6815E-07 1.6292E-07 1.1743E-07 8.4010E-08 6.1854E-08 4.6372E-08 3.5264E-08 2.7588E-08 2.2283E-08 1.8950E-08 1.6921E-08 1.5999E-08 1.5883E-08 1.5516E-08 1.5777E-08 1.6123E-08 1.6556E-08 1.6888E-08 1.7130E-08 1.7151E-08 1.6975E-08 1.6611E-08 1.6173E-08 1.5628E-08 1.5058E-08 1.4502E-08 1.3952E-08 1.3478E-08
2.9635E-09 3.0635E-09 3.1652E-09 3.2653E-09 3.3683E-09 3.4743E-09 3.5913E-09 3.7167E-09 3.8377E-09 3.9644E-09 4.0968E-09 4.2305E-09 4.3648E-09 4.5024E-09 4.6425E-09 4.7844E-09 4.9290E-09 5.0751E-09 5.2214E-09 5.3690E-09 5.5173E-09 5.6654E-09 5.8148E-09 5.9639E-09 6.1133E-09 6.2640E-09 6.4745E-09 7.5608E-09 2.4461E-08 7.2639E-08 1.0719E-07 1.0814E-07 9.5212E-08 7.8807E-08 6.3066E-08 5.0163E-08 3.9941E-08 3.2675E-08 2.7820E-08 2.5554E-08 2.3342E-08 2.3056E-08 2.1995E-08 2.1923E-08 2.1958E-08 2.2120E-08 2.2087E-08 2.1924E-08 2.1435E-08 2.0827E-08 1.9979E-08 1.9119E-08 1.8172E-08 1.7228E-08 1.6358E-08 1.5543E-08 1.4792E-08
2.9955E-09 3.0965E-09 3.1994E-09 3.3006E-09 3.4048E-09 3.5120E-09 3.6303E-09 3.7570E-09 3.8808E-09 4.0074E-09 4.1413E-09 4.2763E-09 4.4120E-09 4.5506E-09 4.6917E-09 4.8342E-09 4.9801E-09 5.1260E-09 5.2733E-09 5.4207E-09 5.5693E-09 5.7177E-09 5.8674E-09 6.0175E-09 6.1672E-09 6.3182E-09 6.4890E-09 6.9612E-09 1.0337E-08 2.9149E-08 5.5842E-08 7.4854E-08 8.2169E-08 7.9813E-08 7.1922E-08 6.2049E-08 5.2597E-08 4.5132E-08 3.9850E-08 3.6660E-08 3.4148E-08 3.2978E-08 3.2233E-08 3.0659E-08 3.0096E-08 2.9591E-08 2.8894E-08 2.8020E-08 2.6838E-08 2.5567E-08 2.4132E-08 2.2703E-08 2.1249E-08 1.9916E-08 1.8642E-08 1.7488E-08 1.6439E-08
3.0265E-09 3.1286E-09 3.2325E-09 3.3348E-09 3.4401E-09 3.5485E-09 3.6680E-09 3.7960E-09 3.9211E-09 4.0488E-09 4.1841E-09 4.3204E-09 4.4573E-09 4.5969E-09 4.7387E-09 4.8817E-09 5.0280E-09 5.1750E-09 5.3219E-09 5.4704E-09 5.6184E-09 5.7678E-09 5.9170E-09 6.0673E-09 6.2172E-09 6.3684E-09 6.5200E-09 6.7686E-09 7.3728E-09 1.3917E-08 2.6625E-08 4.2059E-08 5.5837E-08 6.4261E-08 6.6943E-08 6.4728E-08 6.0420E-08 5.6120E-08 5.2508E-08 4.9722E-08 4.7026E-08 4.4900E-08 4.3934E-08 4.1110E-08 3.9669E-08 3.8318E-08 3.6690E-08 3.4920E-08 3.2936E-08 3.0899E-08 2.8787E-08 2.6760E-08 2.4819E-08 2.3016E-08 2.1306E-08 1.9809E-08 1.8452E-08
3.0565E-09 3.1596E-09 3.2646E-09 3.3679E-09 3.4743E-09 3.5838E-09 3.7072E-09 3.8336E-09 3.9598E-09 4.0887E-09 4.2283E-09 4.3628E-09 4.5006E-09 4.6412E-09 4.7835E-09 4.9269E-09 5.0735E-09 5.2208E-09 5.3687E-09 5.5165E-09 5.6655E-09 5.8142E-09 5.9643E-09 6.1139E-09 6.2645E-09 6.4158E-09 6.5669E-09 6.7232E-09 6.9454E-09 8.6027E-09 1.4127E-08 2.2354E-08 3.2700E-08 4.3397E-08 5.1857E-08 5.7032E-08 5.9744E-08 6.0971E-08 6.1202E-08 6.0330E-08 6.0399E-08 5.6034E-08 5.3858E-08 5.1262E-08 4.9057E-08 4.6852E-08 4.4375E-08 4.1783E-08 3.9008E-08 3.6265E-08 3.3577E-08 3.1024E-08 2.8632E-08 2.6407E-08 2.4330E-08 2.2482E-08 2.0813E-08
3.0856E-09 3.1896E-09 3.2955E-09 3.3998E-09 3.5072E-09 3.6177E-09 3.7423E-09 3.8697E-09 3.9970E-09 4.1270E-09 4.2677E-09 4.4033E-09 4.5420E-09 4.6832E-09 4.8260E-09 4.9698E-09 5.1165E-09 5.2640E-09 5.4120E-09 5.5598E-09 5.7089E-09 5.8585E-09 6.0077E-09 6.1580E-09 6.3086E-09 6.4591E-09 6.6109E-09 6.7630E-09 6.9166E-09 7.3906E-09 9.5258E-09 1.3238E-08 1.9018E-08 2.6782E-08 3.5296E-08 4.3599E-08 5.1044E-08 5.7401E-08 6.2347E-08 6.6640E-08 6.6453E-08 6.2713E-08 6.0830E-08 5.8497E-08 5.6152E-08 5.3562E-08 5.0603E-08 4.7488E-08 4.4252E-08 4.1066E-08 3.8026E-08 3.5127E-08 3.2419E-08 2.9902E-08 2.7534E-08 2.5401E-08 2.3447E-08
3.1136E-09 3.2185E-09 3.3253E-09 3.4305E-09 3.5389E-09 3.6503E-09 3.7759E-09 3.9044E-09 4.0325E-09 4.1636E-09 4.3054E-09 4.4419E-09 4.5814E-09 4.7231E-09 4.8662E-09 5.0101E-09 5.1570E-09 5.3044E-09 5.4525E-09 5.6003E-09 5.7494E-09 5.8988E-09 6.0480E-09 6.1981E-09 6.3487E-09 6.4990E-09 6.6505E-09 6.8024E-09 6.9539E-09 7.1072E-09 7.7050E-09 9.3527E-09 1.2388E-08 1.6771E-08 2.2877E-08 3.0291E-08 3.8550E-08 4.7280E-08 5.4946E-08 6.0346E-08 6.4689E-08 6.2742E-08 6.2311E-08 6.1013E-08 5.9295E-08 5.7013E-08 5.4227E-08 5.1154E-08 4.7898E-08 4.4720E-08 4.1623E-08 3.8658E-08 3.5876E-08 3.3239E-08 3.0730E-08 2.8401E-08 2.6238E-08
3.1405E-09 3.2462E-09 3.3538E-09 3.4600E-09 3.5692E-09 3.6815E-09 3.8080E-09 3.9374E-09 4.0665E-09 4.1985E-09 4.3412E-09 4.4785E-09 4.6187E-09 4.7607E-09 4.9040E-09 5.0480E-09 5.1948E-09 5.3423E-09 5.4903E-09 5.6379E-09 5.7868E-09 5.9361E-09 6.0850E-09 6.2350E-09 6.3853E-09 6.5367E-09 6.6872E-09 6.8387E-09 6.9898E-09 7.1421E-09 7.3017E-09 7.8830E-09 9.3598E-09 1.1715E-08 1.5347E-08 2.0377E-08 2.6964E-08 3.5169E-08 4.4241E-08 4.9716E-08 5.6342E-08 5.8467E-08 5.8031E-08 5.8346E-08 5.7944E-08 5.6648E-08 5.4681E-08 5.2229E-08 4.9517E-08 4.6762E-08 4.3983E-08 4.1307E-08 3.8689E-08 3.6176E-08 3.3676E-08 3.1312E-08 2.9053E-08
3.1655E-09 3.2728E-09 3.3812E-09 3.4881E-09 3.5982E-09 3.7113E-09 3.8387E-09 3.9689E-09 4.0973E-09 4.2316E-09 4.3752E-09 4.5132E-09 4.6538E-09 4.7961E-09 4.9395E-09 5.0834E-09 5.2301E-09 5.3774E-09 5.5252E-09 5.6726E-09 5.8213E-09 5.9703E-09 6.1197E-09 6.2692E-09 6.4192E-09 6.5696E-09 6.7196E-09 6.8706E-09 7.0219E-09 7.1729E-09 7.3250E-09 7.4817E-09 8.1961E-09 9.3246E-09 1.1350E-08 1.4268E-08 1.8581E-08 2.4338E-08 3.1332E-08 3.7470E-08 4.3198E-08 4.8309E-08 4.9668E-08 5.1648E-08 5.2754E-08 5.2837E-08 5.2123E-08 5.0755E-08 4.9011E-08 4.7030E-08 4.4970E-08 4.2836E-08 4.0675E-08 3.8480E-08 3.6202E-08 3.3977E-08 3.1758E-08
3.1902E-09 3.2957E-09 3.4073E-09 3.5149E-09 3.6257E-09 3.7397E-09 3.8649E-09 3.9987E-09 4.1279E-09 4.2629E-09 4.4072E-09 4.5458E-09 4.6867E-09 4.8292E-09 4.9725E-09 5.1163E-09 5.2628E-09 5.4099E-09 5.5574E-09 5.7052E-09 5.8535E-09 6.0014E-09 6.1504E-09 6.2995E-09 6.4490E-09 6.5989E-09 6.7483E-09 6.8994E-09 7.0494E-09 7.2005E-09 7.3511E-09 7.5022E-09 7.6549E-09 8.3225E-09 9.3056E-09 1.0998E-08 1.3434E-08 1.7004E-08 2.1748E-08 2.6729E-08 3.1709E-08 3.7237E-08 3.9777E-08 4.2894E-08 4.5291E-08 4.6694E-08 4.7322E-08 4.7232E-08 4.6637E-08 4.5725E-08 4.4577E-08 4.3244E-08 4.1735E-08 4.0051E-08 3.8188E-08 3.6260E-08 3.4277E-08
3.2138E-09 3.3199E-09 3.4321E-09 3.5404E-09 3.6519E-09 3.7666E-09 3.8925E-09 4.0253E-09 4.1567E-09 4.2925E-09 4.4343E-09 4.5763E-09 4.7174E-09 4.8599E-09 5.0030E-09 5.1466E-09 5.2928E-09 5.4396E-09 5.5867E-09 5.7342E-09 5.8820E-09 6.0303E-09 6.1786E-09 6.3265E-09 6.4754E-09 6.6254E-09 6.7748E-09 6.9238E-09 7.0738E-09 7.2242E-09 7.3739E-09 7.5238E-09 7.6733E-09 7.8326E-09 8.4682E-09 9.3343E-09 1.0653E-08 1.2709E-08 1.6121E-08 1.9923E-08 2.2818E-08 2.6828E-08 3.0521E-08 3.4059E-08 3.7162E-08 3.9577E-08 4.1336E-08 4.2418E-08 4.3029E-08 4.3203E-08 4.3076E-08 4.2624E-08 4.1894E-08 4.0875E-08 3.9576E-08 3.8129E-08 3.6502E-08
3.2361E-09 3.3428E-09 3.4555E-09 3.5645E-09 3.6766E-09 3.7920E-09 3.9184E-09 4.0504E-09 4.1838E-09 4.3202E-09 4.4624E-09 4.6048E-09 4.7459E-09 4.8882E-09 5.0312E-09 5.1744E-09 5.3203E-09 5.4666E-09 5.6133E-09 5.7602E-09 5.9076E-09 6.0552E-09 6.2030E-09 6.3502E-09 6.4992E-09 6.6477E-09 6.7964E-09 6.9445E-09 7.0937E-09 7.2431E-09 7.3917E-09 7.5404E-09 7.6895E-09 7.8380E-09 8.1143E-09 8.5652E-09 9.2707E-09 1.0339E-08 1.2227E-08 1.4763E-08 1.6789E-08 1.9847E-08 2.3058E-08 2.6473E-08 2.9696E-08 3.2674E-08 3.5179E-08 3.7187E-08 3.8769E-08 3.9947E-08 4.0766E-08 4.1209E-08 4.1312E-08 4.1009E-08 4.0428E-08 3.9526E-08 3.8307E-08
3.2573E-09 3.3637E-09 3.4753E-09 3.5872E-09 3.6999E-09 3.8159E-09 3.9412E-09 4.0751E-09 4.2091E-09 4.3427E-09 4.4885E-09 4.6310E-09 4.7722E-09 4.9143E-09 5.0568E-09 5.1997E-09 5.3444E-09 5.4909E-09 5.6370E-09 5.7834E-09 5.9301E-09 6.0771E-09 6.2242E-09 6.3707E-09 6.5189E-09 6.6666E-09 6.8143E-09 6.9622E-09 7.1105E-09 7.2588E-09 7.4068E-09 7.5534E-09 7.7006E-09 7.8478E-09 7.9944E-09 8.2626E-09 8.6575E-09 9.2107E-09 1.0145E-08 1.1739E-08 1.3148E-08 1.5278E-08 1.7786E-08 2.0697E-08 2.3691E-08 2.6749E-08 2.9554E-08 3.2177E-08 3.4447E-08 3.6395E-08 3.8018E-08 3.9280E-08 4.0146E-08 4.0633E-08 4.0747E-08 4.0407E-08 3.9729E-08
3.2764E-09 3.3816E-09 3.4961E-09 3.6085E-09 3.7217E-09 3.8382E-09 3.9639E-09 4.0982E-09 4.2312E-09 4.3667E-09 4.5126E-09 4.6552E-09 4.7961E-09 4.9379E-09 5.0800E-09 5.2224E-09 5.3666E-09 5.5125E-09 5.6580E-09 5.8029E-09 5.9497E-09 6.0959E-09 6.2423E-09 6.3880E-09 6.5353E-09 6.6820E-09 6.8294E-09 6.9764E-09 7.1228E-09 7.2700E-09 7.4165E-09 7.5623E-09 7.7081E-09 7.8541E-09 8.0000E-09 8.1458E-09 8.3820E-09 8.7100E-09 9.2177E-09 1.0033E-08 1.1169E-08 1.2540E-08 1.4390E-08 1.6668E-08 1.9245E-08 2.2080E-08 2.4927E-08 2.7765E-08 3.0417E-08 3.2929E-08 3.5139E-08 3.7073E-08 3.8644E-08 3.9841E-08 4.0575E-08 4.0870E-08 4.0776E-08
3.2951E-09 3.4007E-09 3.5156E-09 3.6283E-09 3.7420E-09 3.8589E-09 3.9820E-09 4.1196E-09 4.2530E-09 4.3887E-09 4.5348E-09 4.6771E-09 4.8178E-09 4.9591E-09 5.1008E-09 5.2426E-09 5.3862E-09 5.5307E-09 5.6762E-09 5.8204E-09 5.9664E-09 6.1118E-09 6.2573E-09 6.4028E-09 6.5484E-09 6.6940E-09 6.8404E-09 6.9862E-09 7.1315E-09 7.2772E-09 7.4228E-09 7.5671E-09 7.7108E-09 7.8552E-09 8.0004E-09 8.1457E-09 8.2909E-09 8.5067E-09 8.8007E-09 9.2359E-09 9.9463E-09 1.0870E-08 1.2279E-08 1.4063E-08 1.6185E-08 1.8645E-08 2.1315E-08 2.4142E-08 2.6950E-08 2.9759E-08 3.2366E-08 3.4818E-08 3.6949E-08 3.8739E-08 4.0063E-08 4.0987E-08 4.1503E-08
3.3125E-09 3.4176E-09 3.5312E-09 3.6467E-09 3.7608E-09 3.8780E-09 4.0014E-09 4.1378E-09 4.2729E-09 4.4089E-09 4.5517E-09 4.6970E-09 4.8372E-09 4.9780E-09 5.1191E-09 5.2604E-09 5.4032E-09 5.5469E-09 5.6909E-09 5.8351E-09 5.9794E-09 6.1247E-09 6.2692E-09 6.4138E-09 6.5582E-09 6.7034E-09 6.8479E-09 6.9925E-09 7.1370E-09 7.2812E-09 7.4245E-09 7.5680E-09 7.7108E-09 7.8528E-09 7.9958E-09 8.1395E-09 8.2851E-09 8.4359E-09 8.6440E-09 8.8822E-09 9.2911E-09 1.0018E-08 1.1035E-08 1.2400E-08 1.4157E-08 1.6239E-08 1.8634E-08 2.1294E-08 2.4101E-08 2.6999E-08 2.9836E-08 3.2647E-08 3.5200E-08 3.7446E-08 3.9326E-08 4.0850E-08 4.1950E-08
3.3287E-09 3.4341E-09 3.5478E-09 3.6636E-09 3.7780E-09 3.8955E-09 4.0191E-09 4.1557E-09 4.2896E-09 4.4271E-09 4.5697E-09 4.7146E-09 4.8544E-09 4.9946E-09 5.1351E-09 5.2756E-09 5.4169E-09 5.5606E-09 5.7036E-09 5.8470E-09 5.9903E-09 6.1339E-09 6.2782E-09 6.4216E-09 6.5649E-09 6.7088E-09 6.8520E-09 6.9953E-09 7.1392E-09 7.2808E-09 7.4223E-09 7.5642E-09 7.7053E-09 7.8471E-09 7.9878E-09 8.1300E-09 8.2733E-09 8.4289E-09 8.5869E-09 8.7749E-09 9.0092E-09 9.5396E-09 1.0335E-08 1.1389E-08 1.2796E-08 1.4585E-08 1.6705E-08 1.9130E-08 2.1806E-08 2.4663E-08 2.7653E-08 3.0641E-08 3.3460E-08 3.6101E-08 3.8462E-08 4.0507E-08 4.2183E-08
