Assets/Resources/2015_m01_d30_0800(utc+0800)_l00_csi_1hr_conc.grd
DSAA
         159         159
     -79.000      79.000
     -79.000      79.000
  0.0000E+00  0.6866E-05
[rows 50 to 74 of 159, columns 57 to 113 of 159]
0.0000E+00 0.0000E+00 0.0000E+00 0.0000E+00 0.0000E+00 0.0000E+00 0.0000E+00 0.0000E+00 0.0000E+00 0.0000E+00 0.0000E+00 0.0000E+00 0.0000E+00 0.0000E+00 0.0000E+00 0.0000E+00 0.0000E+00 0.0000E+00 0.0000E+00 0.0000E+00 0.0000E+00 0.0000E+00 0.0000E+00 0.0000E+00 0.0000E+00 0.0000E+00 6.4870E-12 3.7562E-11 1.1278E-10 2.5254E-10 4.6924E-10 7.9421E-10 1.2317E-09 1.8388E-09 2.7278E-09 3.8866E-09 5.3091E-09 7.0669E-09 9.1907E-09 1.1692E-08 1.4539E-08 1.7675E-08 2.1017E-08 2.4447E-08 2.7823E-08 3.1012E-08 3.3868E-08 3.6316E-08 3.8249E-08 3.9660E-08 4.0524E-08 4.0903E-08 4.0782E-08 4.0246E-08 3.9340E-08 3.8209E-08 3.6871E-08
0.0000E+00 0.0000E+00 0.0000E+00 0.0000E+00 0.0000E+00 0.0000E+00 0.0000E+00 0.0000E+00 0.0000E+00 0.0000E+00 0.0000E+00 0.0000E+00 0.0000E+00 0.0000E+00 0.0000E+00 0.0000E+00 0.0000E+00 0.0000E+00 0.0000E+00 0.0000E+00 0.0000E+00 0.0000E+00 0.0000E+00 0.0000E+00 0.0000E+00 0.0000E+00 5.9198E-12 3.4919E-11 1.1126E-10 2.6155E-10 5.1257E-10 8.9159E-10 1.3947E-09 2.1359E-09 3.2141E-09 4.5609E-09 6.2547E-09 8.3680E-09 1.0916E-08 1.3886E-08 1.7225E-08 2.0868E-08 2.4690E-08 2.8551E-08 3.2268E-08 3.5671E-08 3.8619E-08 4.0972E-08 4.2754E-08 4.3865E-08 4.4366E-08 4.4284E-08 4.3723E-08 4.2727E-08 4.1413E-08 3.9830E-08 3.8087E-08
0.0000E+00 0.0000E+00 0.0000E+00 0.0000E+00 0.0000E+00 0.0000E+00 0.0000E+00 0.0000E+00 0.0000E+00 0.0000E+00 0.0000E+00 0.0000E+00 0.0000E+00 0.0000E+00 0.0000E+00 0.0000E+00 0.0000E+00 0.0000E+00 0.0000E+00 0.0000E+00 0.0000E+00 0.0000E+00 0.0000E+00 0.0000E+00 0.0000E+00 0.0000E+00 6.5350E-12 3.4515E-11 1.0990E-10 2.8922E-10 5.5387E-10 9.9232E-10 1.6184E-09 2.4913E-09 3.7544E-09 5.3438E-09 7.3785E-09 9.9019E-09 1.2934E-08 1.6441E-08 2.0347E-08 2.4550E-08 2.8883E-08 3.3159E-08 3.7180E-08 4.0745E-08 4.3715E-08 4.5931E-08 4.7410E-08 4.8119E-08 4.8154E-08 4.7589E-08 4.6526E-08 4.5026E-08 4.3179E-08 4.1117E-08 3.8953E-08
0.0000E+00 0.0000E+00 0.0000E+00 0.0000E+00 0.0000E+00 0.0000E+00 0.0000E+00 0.0000E+00 0.0000E+00 0.0000E+00 0.0000E+00 0.0000E+00 0.0000E+00 0.0000E+00 0.0000E+00 0.0000E+00 0.0000E+00 0.0000E+00 0.0000E+00 0.0000E+00 0.0000E+00 0.0000E+00 0.0000E+00 0.0000E+00 0.0000E+00 0.0000E+00 5.6019E-12 3.0366E-11 1.1321E-10 3.0331E-10 6.4334E-10 1.1074E-09 1.8334E-09 2.8983E-09 4.3541E-09 6.2518E-09 8.6816E-09 1.1678E-08 1.5256E-08 1.9353E-08 2.3868E-08 2.8647E-08 3.3490E-08 3.8165E-08 4.2433E-08 4.6086E-08 4.8947E-08 5.0947E-08 5.1992E-08 5.2272E-08 5.1734E-08 5.0602E-08 4.8917E-08 4.6892E-08 4.4560E-08 4.2078E-08 3.9484E-08
0.0000E+00 0.0000E+00 0.0000E+00 0.0000E+00 0.0000E+00 0.0000E+00 0.0000E+00 0.0000E+00 0.0000E+00 0.0000E+00 0.0000E+00 0.0000E+00 0.0000E+00 0.0000E+00 0.0000E+00 0.0000E+00 0.0000E+00 0.0000E+00 0.0000E+00 0.0000E+00 0.0000E+00 0.0000E+00 0.0000E+00 0.0000E+00 0.0000E+00 0.0000E+00 4.3701E-12 2.5904E-11 1.3136E-10 3.2151E-10 7.1081E-10 1.2357E-09 2.0755E-09 3.3421E-09 5.0330E-09 7.2763E-09 1.0134E-08 1.3656E-08 1.7835E-08 2.2575E-08 2.7733E-08 3.3119E-08 3.8446E-08 4.3450E-08 4.7885E-08 5.1498E-08 5.4161E-08 5.5785E-08 5.6363E-08 5.6015E-08 5.4866E-08 5.3076E-08 5.0847E-08 4.8254E-08 4.5408E-08 4.2477E-08 3.9517E-08
0.0000E+00 0.0000E+00 0.0000E+00 0.0000E+00 0.0000E+00 0.0000E+00 0.0000E+00 0.0000E+00 0.0000E+00 0.0000E+00 0.0000E+00 0.0000E+00 0.0000E+00 0.0000E+00 0.0000E+00 0.0000E+00 0.0000E+00 0.0000E+00 0.0000E+00 0.0000E+00 0.0000E+00 0.0000E+00 0.0000E+00 0.0000E+00 0.0000E+00 0.0000E+00 2.9022E-12 2.2117E-11 1.4015E-10 3.7595E-10 7.5878E-10 1.4048E-09 2.3525E-09 3.8031E-09 5.7495E-09 8.3868E-09 1.1723E-08 1.5820E-08 2.0642E-08 2.6071E-08 3.1887E-08 3.7828E-08 4.3585E-08 4.8841E-08 5.3335E-08 5.6772E-08 5.9064E-08 6.0183E-08 6.0206E-08 5.9158E-08 5.7383E-08 5.4913E-08 5.2056E-08 4.8908E-08 4.5654E-08 4.2328E-08 3.9023E-08
0.0000E+00 0.0000E+00 0.0000E+00 0.0000E+00 0.0000E+00 0.0000E+00 0.0000E+00 0.0000E+00 0.0000E+00 0.0000E+00 0.0000E+00 0.0000E+00 0.0000E+00 0.0000E+00 0.0000E+00 0.0000E+00 0.0000E+00 0.0000E+00 0.0000E+00 0.0000E+00 0.0000E+00 0.0000E+00 0.0000E+00 0.0000E+00 0.0000E+00 0.0000E+00 1.7604E-12 2.8003E-11 1.3774E-10 4.0011E-10 8.0511E-10 1.5445E-09 2.6090E-09 4.2574E-09 6.5202E-09 9.5543E-09 1.3427E-08 1.8195E-08 2.3714E-08 2.9843E-08 3.6326E-08 4.2791E-08 4.8860E-08 5.4215E-08 5.8525E-08 6.1651E-08 6.3384E-08 6.3896E-08 6.3182E-08 6.1476E-08 5.8939E-08 5.5887E-08 5.2413E-08 4.8828E-08 4.5103E-08 4.1499E-08 3.7982E-08
0.0000E+00 0.0000E+00 0.0000E+00 0.0000E+00 0.0000E+00 0.0000E+00 0.0000E+00 0.0000E+00 0.0000E+00 0.0000E+00 0.0000E+00 0.0000E+00 0.0000E+00 0.0000E+00 0.0000E+00 0.0000E+00 0.0000E+00 0.0000E+00 0.0000E+00 0.0000E+00 0.0000E+00 0.0000E+00 0.0000E+00 0.0000E+00 0.0000E+00 0.0000E+00 8.2145E-13 3.1375E-11 1.3524E-10 4.1019E-10 8.5525E-10 1.6475E-09 2.8846E-09 4.7037E-09 7.3136E-09 1.0844E-08 1.5313E-08 2.0759E-08 2.7042E-08 3.3913E-08 4.1028E-08 4.7904E-08 5.4125E-08 5.9346E-08 6.3306E-08 6.5824E-08 6.6879E-08 6.6561E-08 6.5108E-08 6.2694E-08 5.9466E-08 5.5825E-08 5.1834E-08 4.7808E-08 4.3850E-08 4.0029E-08 3.6340E-08
0.0000E+00 0.0000E+00 0.0000E+00 0.0000E+00 0.0000E+00 0.0000E+00 0.0000E+00 0.0000E+00 0.0000E+00 0.0000E+00 0.0000E+00 0.0000E+00 0.0000E+00 0.0000E+00 0.0000E+00 0.0000E+00 0.0000E+00 0.0000E+00 0.0000E+00 0.0000E+00 0.0000E+00 0.0000E+00 0.0000E+00 0.0000E+00 0.0000E+00 0.0000E+00 2.3166E-13 3.2248E-11 1.3353E-10 3.9793E-10 9.1839E-10 1.7208E-09 3.0997E-09 5.1258E-09 8.1693E-09 1.2249E-08 1.7469E-08 2.3717E-08 3.0859E-08 3.8527E-08 4.6195E-08 5.3315E-08 5.9434E-08 6.4225E-08 6.7495E-08 6.9134E-08 6.9282E-08 6.8043E-08 6.5759E-08 6.2568E-08 5.8788E-08 5.4560E-08 5.0270E-08 4.5923E-08 4.1771E-08 3.7832E-08 3.4178E-08
0.0000E+00 0.0000E+00 0.0000E+00 0.0000E+00 0.0000E+00 0.0000E+00 0.0000E+00 0.0000E+00 0.0000E+00 0.0000E+00 0.0000E+00 0.0000E+00 0.0000E+00 0.0000E+00 0.0000E+00 0.0000E+00 0.0000E+00 0.0000E+00 0.0000E+00 0.0000E+00 0.0000E+00 0.0000E+00 0.0000E+00 0.0000E+00 0.0000E+00 0.0000E+00 0.0000E+00 3.0699E-11 1.1756E-10 3.6418E-10 9.0740E-10 1.7370E-09 3.2674E-09 5.6306E-09 9.2008E-09 1.3987E-08 2.0130E-08 2.7467E-08 3.5641E-08 4.4085E-08 5.2144E-08 5.9228E-08 6.4860E-08 6.8784E-08 7.0938E-08 7.1464E-08 7.0418E-08 6.8196E-08 6.4957E-08 6.1103E-08 5.6782E-08 5.2220E-08 4.7615E-08 4.3184E-08 3.8969E-08 3.5080E-08 3.1456E-08
0.0000E+00 0.0000E+00 0.0000E+00 0.0000E+00 0.0000E+00 0.0000E+00 0.0000E+00 0.0000E+00 0.0000E+00 0.0000E+00 0.0000E+00 0.0000E+00 0.0000E+00 0.0000E+00 0.0000E+00 0.0000E+00 0.0000E+00 0.0000E+00 0.0000E+00 0.0000E+00 0.0000E+00 0.0000E+00 0.0000E+00 0.0000E+00 0.0000E+00 0.0000E+00 0.0000E+00 2.7686E-11 1.0340E-10 3.5597E-10 8.5846E-10 1.7957E-09 3.3725E-09 6.2912E-09 1.0592E-08 1.6519E-08 2.3989E-08 3.2747E-08 4.2126E-08 5.1284E-08 5.9437E-08 6.5974E-08 7.0519E-08 7.3032E-08 7.3627E-08 7.2593E-08 7.0211E-08 6.6822E-08 6.2744E-08 5.8230E-08 5.3507E-08 4.8780E-08 4.4093E-08 3.9696E-08 3.5561E-08 3.1821E-08 2.8434E-08
0.0000E+00 0.0000E+00 0.0000E+00 0.0000E+00 0.0000E+00 0.0000E+00 0.0000E+00 0.0000E+00 0.0000E+00 0.0000E+00 0.0000E+00 0.0000E+00 0.0000E+00 0.0000E+00 0.0000E+00 0.0000E+00 0.0000E+00 0.0000E+00 0.0000E+00 0.0000E+00 0.0000E+00 0.0000E+00 0.0000E+00 0.0000E+00 0.0000E+00 0.0000E+00 0.0000E+00 2.2800E-11 8.8381E-11 3.1654E-10 7.7889E-10 1.7610E-09 3.6864E-09 7.3824E-09 1.2886E-08 2.0489E-08 2.9975E-08 4.0636E-08 5.1284E-08 6.0753E-08 6.8341E-08 7.3616E-08 7.6402E-08 7.6843E-08 7.5364E-08 7.2451E-08 6.8579E-08 6.3980E-08 5.9116E-08 5.4069E-08 4.9135E-08 4.4332E-08 3.9815E-08 3.5547E-08 3.1738E-08 2.8222E-08 2.5112E-08
0.0000E+00 0.0000E+00 0.0000E+00 0.0000E+00 0.0000E+00 0.0000E+00 0.0000E+00 0.0000E+00 0.0000E+00 0.0000E+00 0.0000E+00 0.0000E+00 0.0000E+00 0.0000E+00 0.0000E+00 0.0000E+00 0.0000E+00 0.0000E+00 0.0000E+00 0.0000E+00 0.0000E+00 0.0000E+00 0.0000E+00 0.0000E+00 0.0000E+00 0.0000E+00 0.0000E+00 1.7671E-11 7.1229E-11 2.6543E-10 6.8778E-10 1.7459E-09 4.4953E-09 9.4183E-09 1.6993E-08 2.7242E-08 3.9519E-08 5.2207E-08 6.3629E-08 7.2700E-08 7.8884E-08 8.1947E-08 8.2090E-08 7.9828E-08 7.5870E-08 7.0886E-08 6.5392E-08 5.9741E-08 5.4123E-08 4.8813E-08 4.3787E-08 3.9170E-08 3.4950E-08 3.1063E-08 2.7552E-08 2.4473E-08 2.1700E-08
0.0000E+00 0.0000E+00 0.0000E+00 0.0000E+00 0.0000E+00 0.0000E+00 0.0000E+00 0.0000E+00 0.0000E+00 0.0000E+00 0.0000E+00 0.0000E+00 0.0000E+00 0.0000E+00 0.0000E+00 0.0000E+00 0.0000E+00 0.0000E+00 0.0000E+00 0.0000E+00 0.0000E+00 0.0000E+00 0.0000E+00 0.0000E+00 0.0000E+00 0.0000E+00 0.0000E+00 1.1636E-11 6.5721E-11 2.2078E-10 6.5715E-10 2.2483E-09 6.2866E-09 1.3527E-08 2.4550E-08 3.8586E-08 5.3889E-08 6.8033E-08 7.9181E-08 8.6583E-08 9.0130E-08 8.9968E-08 8.6741E-08 8.1349E-08 7.4730E-08 6.7695E-08 6.0683E-08 5.4115E-08 4.8071E-08 4.2669E-08 3.7851E-08 3.3560E-08 2.9772E-08 2.6385E-08 2.3354E-08 2.0675E-08 1.8334E-08
0.0000E+00 0.0000E+00 0.0000E+00 0.0000E+00 0.0000E+00 0.0000E+00 0.0000E+00 0.0000E+00 0.0000E+00 0.0000E+00 0.0000E+00 0.0000E+00 0.0000E+00 0.0000E+00 0.0000E+00 0.0000E+00 0.0000E+00 0.0000E+00 0.0000E+00 0.0000E+00 0.0000E+00 0.0000E+00 0.0000E+00 0.0000E+00 0.0000E+00 0.0000E+00 0.0000E+00 6.7550E-12 4.7374E-11 1.7051E-10 6.9525E-10 3.6099E-09 1.0390E-08 2.1905E-08 3.8031E-08 5.6528E-08 7.3935E-08 8.7563E-08 9.6540E-08 1.0071E-07 1.0038E-07 9.6181E-08 8.9167E-08 8.0579E-08 7.1433E-08 6.2599E-08 5.4480E-08 4.7352E-08 4.1241E-08 3.5999E-08 3.1625E-08 2.7829E-08 2.4601E-08 2.1766E-08 1.9264E-08 1.7056E-08 1.5111E-08
0.0000E+00 0.0000E+00 0.0000E+00 0.0000E+00 0.0000E+00 0.0000E+00 0.0000E+00 0.0000E+00 0.0000E+00 0.0000E+00 0.0000E+00 0.0000E+00 0.0000E+00 0.0000E+00 0.0000E+00 0.0000E+00 0.0000E+00 0.0000E+00 0.0000E+00 0.0000E+00 0.0000E+00 0.0000E+00 0.0000E+00 0.0000E+00 0.0000E+00 0.0000E+00 0.0000E+00 2.4471E-12 3.0146E-11 1.5034E-10 1.5475E-09 7.4052E-09 1.9332E-08 3.8157E-08 6.0823E-08 8.2188E-08 9.8418E-08 1.0868E-07 1.1325E-07 1.1263E-07 1.0745E-07 9.8882E-08 8.8185E-08 7.6741E-08 6.5621E-08 5.5627E-08 4.6963E-08 3.9761E-08 3.3939E-08 2.9242E-08 2.5448E-08 2.2313E-08 1.9686E-08 1.7429E-08 1.5457E-08 1.3715E-08 1.2187E-08
0.0000E+00 0.0000E+00 0.0000E+00 0.0000E+00 0.0000E+00 0.0000E+00 0.0000E+00 0.0000E+00 0.0000E+00 0.0000E+00 0.0000E+00 0.0000E+00 0.0000E+00 0.0000E+00 0.0000E+00 0.0000E+00 0.0000E+00 0.0000E+00 0.0000E+00 0.0000E+00 0.0000E+00 0.0000E+00 0.0000E+00 0.0000E+00 0.0000E+00 0.0000E+00 0.0000E+00 0.0000E+00 1.5786E-11 3.2680E-10 4.5904E-09 1.6551E-08 3.8768E-08 6.7663E-08 9.4653E-08 1.1362E-07 1.2400E-07 1.2779E-07 1.2616E-07 1.1976E-07 1.0952E-07 9.6749E-08 8.2942E-08 6.9537E-08 5.7337E-08 4.6975E-08 3.8515E-08 3.1858E-08 2.6723E-08 2.2772E-08 1.9703E-08 1.7282E-08 1.5245E-08 1.3531E-08 1.2068E-08 1.0783E-08 9.6416E-09
0.0000E+00 0.0000E+00 0.0000E+00 0.0000E+00 0.0000E+00 0.0000E+00 0.0000E+00 0.0000E+00 0.0000E+00 0.0000E+00 0.0000E+00 0.0000E+00 0.0000E+00 0.0000E+00 0.0000E+00 0.0000E+00 0.0000E+00 0.0000E+00 0.0000E+00 0.0000E+00 0.0000E+00 0.0000E+00 0.0000E+00 0.0000E+00 0.0000E+00 0.0000E+00 0.0000E+00 0.0000E+00 9.4148E-12 1.7229E-09 1.2940E-08 3.8724E-08 7.7712E-08 1.1468E-07 1.3720E-07 1.4544E-07 1.4558E-07 1.4087E-07 1.3237E-07 1.2018E-07 1.0526E-07 8.9186E-08 7.3442E-08 5.9200E-08 4.7080E-08 3.7324E-08 2.9815E-08 2.4165E-08 2.0014E-08 1.6977E-08 1.4675E-08 1.2861E-08 1.1438E-08 1.0252E-08 9.2327E-09 8.3024E-09 7.4849E-09
0.0000E+00 0.0000E+00 0.0000E+00 0.0000E+00 0.0000E+00 0.0000E+00 0.0000E+00 0.0000E+00 0.0000E+00 0.0000E+00 0.0000E+00 0.0000E+00 0.0000E+00 0.0000E+00 0.0000E+00 0.0000E+00 0.0000E+00 0.0000E+00 0.0000E+00 0.0000E+00 0.0000E+00 0.0000E+00 0.0000E+00 0.0000E+00 0.0000E+00 0.0000E+00 0.0000E+00 0.0000E+00 4.1298E-10 7.9697E-09 3.6421E-08 9.0067E-08 1.4636E-07 1.7504E-07 1.7795E-07 1.6930E-07 1.5784E-07 1.4513E-07 1.3009E-07 1.1295E-07 9.4613E-08 7.6791E-08 6.0530E-08 4.6781E-08 3.5823E-08 2.7579E-08 2.1547E-08 1.7265E-08 1.4233E-08 1.2047E-08 1.0480E-08 9.3302E-09 8.3944E-09 7.5997E-09 6.9062E-09 6.2641E-09 5.6866E-09
0.0000E+00 0.0000E+00 0.0000E+00 0.0000E+00 0.0000E+00 0.0000E+00 0.0000E+00 0.0000E+00 0.0000E+00 0.0000E+00 0.0000E+00 0.0000E+00 0.0000E+00 0.0000E+00 0.0000E+00 0.0000E+00 0.0000E+00 0.0000E+00 0.0000E+00 0.0000E+00 0.0000E+00 0.0000E+00 0.0000E+00 0.0000E+00 0.0000E+00 0.0000E+00 0.0000E+00 2.0152E-11 2.6124E-09 2.8897E-08 1.0151E-07 1.9201E-07 2.3344E-07 2.2567E-07 2.0021E-07 1.7678E-07 1.5710E-07 1.3841E-07 1.1887E-07 9.8598E-08 7.8667E-08 6.0611E-08 4.5548E-08 3.3758E-08 2.5029E-08 1.8796E-08 1.4487E-08 1.1524E-08 9.5675E-09 8.2409E-09 7.2977E-09 6.5780E-09 6.0105E-09 5.5171E-09 5.0486E-09 4.6366E-09 4.2506E-09
0.0000E+00 0.0000E+00 0.0000E+00 0.0000E+00 0.0000E+00 0.0000E+00 0.0000E+00 0.0000E+00 0.0000E+00 0.0000E+00 0.0000E+00 0.0000E+00 0.0000E+00 0.0000E+00 0.0000E+00 0.0000E+00 0.0000E+00 0.0000E+00 0.0000E+00 0.0000E+00 0.0000E+00 0.0000E+00 0.0000E+00 0.0000E+00 0.0000E+00 0.0000E+00 0.0000E+00 5.7460E-10 1.5256E-08 9.7032E-08 2.4123E-07 3.0995E-07 2.7962E-07 2.2788E-07 1.8811E-07 1.6145E-07 1.4049E-07 1.2006E-07 9.9084E-08 7.8202E-08 5.9086E-08 4.3141E-08 3.0831E-08 2.1932E-08 1.5828E-08 1.1701E-08 9.0153E-09 7.2966E-09 6.1920E-09 5.4450E-09 4.9482E-09 4.5478E-09 4.2208E-09 3.9105E-09 3.6316E-09 3.3735E-09 3.1116E-09
0.0000E+00 0.0000E+00 0.0000E+00 0.0000E+00 0.0000E+00 0.0000E+00 0.0000E+00 0.0000E+00 0.0000E+00 0.0000E+00 0.0000E+00 0.0000E+00 0.0000E+00 0.0000E+00 0.0000E+00 0.0000E+00 0.0000E+00 0.0000E+00 0.0000E+00 0.0000E+00 0.0000E+00 0.0000E+00 0.0000E+00 0.0000E+00 0.0000E+00 0.0000E+00 1.7235E-11 4.6782E-09 6.7405E-08 2.5969E-07 3.6311E-07 2.9474E-07 2.1584E-07 1.6585E-07 1.3980E-07 1.2344E-07 1.0797E-07 9.0803E-08 7.2606E-08 5.4720E-08 3.9095E-08 2.6906E-08 1.8359E-08 1.2655E-08 8.9805E-09 6.6430E-09 5.2591E-09 4.3978E-09 3.8879E-09 3.5463E-09 3.2887E-09 3.0989E-09 2.8988E-09 2.7145E-09 2.5601E-09 2.3934E-09 2.2364E-09
0.0000E+00 0.0000E+00 0.0000E+00 0.0000E+00 0.0000E+00 0.0000E+00 0.0000E+00 0.0000E+00 0.0000E+00 0.0000E+00 0.0000E+00 0.0000E+00 0.0000E+00 0.0000E+00 0.0000E+00 0.0000E+00 0.0000E+00 0.0000E+00 0.0000E+00 0.0000E+00 0.0000E+00 0.0000E+00 0.0000E+00 0.0000E+00 0.0000E+00 0.0000E+00 1.5221E-10 3.6797E-08 2.6540E-07 4.1744E-07 2.6167E-07 1.4089E-07 9.6186E-08 8.1472E-08 7.7426E-08 7.4226E-08 6.7322E-08 5.7071E-08 4.4727E-08 3.2241E-08 2.1730E-08 1.4256E-08 9.4345E-09 6.3829E-09 4.5403E-09 3.4874E-09 2.8988E-09 2.5616E-09 2.3512E-09 2.2153E-09 2.1201E-09 2.0129E-09 1.9234E-09 1.8489E-09 1.7569E-09 1.6694E-09 1.5654E-09
0.0000E+00 0.0000E+00 0.0000E+00 0.0000E+00 0.0000E+00 0.0000E+00 0.0000E+00 0.0000E+00 0.0000E+00 0.0000E+00 0.0000E+00 0.0000E+00 0.0000E+00 0.0000E+00 0.0000E+00 0.0000E+00 0.0000E+00 0.0000E+00 0.0000E+00 0.0000E+00 0.0000E+00 0.0000E+00 0.0000E+00 0.0000E+00 0.0000E+00 0.0000E+00 1.0700E-08 2.5209E-07 5.2148E-07 2.6852E-07 9.0509E-08 3.6134E-08 2.4565E-08 2.6361E-08 3.0773E-08 3.3398E-08 3.2350E-08 2.8180E-08 2.1804E-08 1.5077E-08 9.8008E-09 6.2677E-09 4.0714E-09 2.7621E-09 2.1024E-09 1.7038E-09 1.4654E-09 1.3417E-09 1.3074E-09 1.2639E-09 1.2493E-09 1.2529E-09 1.2221E-09 1.1939E-09 1.1261E-09 1.0711E-09 1.0030E-09
0.0000E+00 0.0000E+00 0.0000E+00 0.0000E+00 0.0000E+00 0.0000E+00 0.0000E+00 0.0000E+00 0.0000E+00 0.0000E+00 0.0000E+00 0.0000E+00 0.0000E+00 0.0000E+00 0.0000E+00 0.0000E+00 0.0000E+00 0.0000E+00 0.0000E+00 0.0000E+00 0.0000E+00 0.0000E+00 0.0000E+00 0.0000E+00 0.0000E+00 1.8882E-11 2.0662E-07 6.7796E-07 2.9730E-07 7.4278E-08 1.8811E-08 5.4336E-09 3.3737E-09 5.3253E-09 8.4730E-09 1.1061E-08 1.1859E-08 1.0689E-08 8.0538E-09 5.5368E-09 3.5187E-09 2.1399E-09 1.3943E-09 9.5471E-10 7.3771E-10 6.5131E-10 6.4061E-10 6.4931E-10 6.7732E-10 7.0390E-10 7.2023E-10 7.3529E-10 7.1694E-10 6.9539E-10 6.7015E-10 6.6508E-10 6.4837E-10
