Assets/Resources/2015_m01_d25_0800(utc+0800)_l00_csi_1hr_conc.grd
DSAA
         159         159
     -79.000      79.000
     -79.000      79.000
  0.0000E+00  0.3709E-05
[rows 25 to 49 of 159, columns 57 to 113 of 159]
0.0000E+00 0.0000E+00 0.0000E+00 0.0000E+00 0.0000E+00 0.0000E+00 0.0000E+00 0.0000E+00 0.0000E+00 0.0000E+00 0.0000E+00 1.6625E-11 7.6755E-11 2.7823E-10 5.8223E-10 1.0600E-09 1.7382E-09 2.6377E-09 3.8352E-09 5.4095E-09 7.4607E-09 1.0050E-08 1.3205E-08 1.6930E-08 2.1142E-08 2.5691E-08 3.0377E-08 3.4905E-08 3.8946E-08 4.2157E-08 4.4243E-08 4.4982E-08 4.4282E-08 4.2196E-08 3.8900E-08 3.4680E-08 2.9883E-08 2.4891E-08 2.0029E-08 1.5575E-08 1.1705E-08 8.5094E-09 5.9841E-09 4.0530E-09 2.6180E-09 1.5572E-09 8.7896E-10 4.5379E-10 1.9388E-10 6.6197E-11 1.0451E-11 2.2759E-14 0.0000E+00 0.0000E+00 0.0000E+00 0.0000E+00 0.0000E+00
0.0000E+00 0.0000E+00 0.0000E+00 0.0000E+00 0.0000E+00 0.0000E+00 0.0000E+00 0.0000E+00 0.0000E+00 0.0000E+00 0.0000E+00 1.6722E-12 2.9798E-11 1.3020E-10 3.9264E-10 7.8541E-10 1.3573E-09 2.1613E-09 3.2523E-09 4.6941E-09 6.6058E-09 9.0484E-09 1.2098E-08 1.5752E-08 1.9959E-08 2.4594E-08 2.9436E-08 3.4184E-08 3.8483E-08 4.1975E-08 4.4337E-08 4.5319E-08 4.4791E-08 4.2779E-08 3.9459E-08 3.5135E-08 3.0188E-08 2.5022E-08 2.0008E-08 1.5431E-08 1.1476E-08 8.2352E-09 5.6935E-09 3.7849E-09 2.3757E-09 1.3697E-09 7.2969E-10 3.5049E-10 1.3921E-10 2.9586E-11 1.5233E-12 0.0000E+00 0.0000E+00 0.0000E+00 0.0000E+00 0.0000E+00 0.0000E+00
0.0000E+00 0.0000E+00 0.0000E+00 0.0000E+00 0.0000E+00 0.0000E+00 0.0000E+00 0.0000E+00 0.0000E+00 0.0000E+00 0.0000E+00 0.0000E+00 5.3795E-12 4.4406E-11 2.0921E-10 5.5480E-10 1.0248E-09 1.7156E-09 2.6841E-09 3.9954E-09 5.7541E-09 8.0645E-09 1.0999E-08 1.4576E-08 1.8781E-08 2.3481E-08 2.8462E-08 3.3436E-08 3.8031E-08 4.1850E-08 4.4520E-08 4.5751E-08 4.5384E-08 4.3439E-08 4.0103E-08 3.5682E-08 3.0594E-08 2.5249E-08 2.0054E-08 1.5328E-08 1.1271E-08 7.9683E-09 5.4191E-09 3.5272E-09 2.1664E-09 1.1917E-09 6.0201E-10 2.5621E-10 8.6423E-11 1.0436E-11 0.0000E+00 0.0000E+00 0.0000E+00 0.0000E+00 0.0000E+00 0.0000E+00 0.0000E+00
0.0000E+00 0.0000E+00 0.0000E+00 0.0000E+00 0.0000E+00 0.0000E+00 0.0000E+00 0.0000E+00 0.0000E+00 0.0000E+00 0.0000E+00 0.0000E+00 0.0000E+00 1.0821E-11 8.0542E-11 3.2727E-10 7.3767E-10 1.3242E-09 2.1683E-09 3.3460E-09 4.9553E-09 7.1143E-09 9.9086E-09 1.3413E-08 1.7594E-08 2.2352E-08 2.7501E-08 3.2721E-08 3.7623E-08 4.1762E-08 4.4742E-08 4.6249E-08 4.6084E-08 4.4242E-08 4.0889E-08 3.6359E-08 3.1085E-08 2.5537E-08 2.0152E-08 1.5280E-08 1.1121E-08 7.7537E-09 5.1823E-09 3.3017E-09 1.9522E-09 1.0316E-09 4.8384E-10 1.7677E-10 4.7617E-11 9.6168E-13 0.0000E+00 0.0000E+00 0.0000E+00 0.0000E+00 0.0000E+00 0.0000E+00 0.0000E+00
0.0000E+00 0.0000E+00 0.0000E+00 0.0000E+00 0.0000E+00 0.0000E+00 0.0000E+00 0.0000E+00 0.0000E+00 0.0000E+00 0.0000E+00 0.0000E+00 0.0000E+00 0.0000E+00 1.7707E-11 1.4170E-10 4.6049E-10 9.8074E-10 1.7063E-09 2.7516E-09 4.2005E-09 6.2075E-09 8.8740E-09 1.2283E-08 1.6436E-08 2.1265E-08 2.6569E-08 3.2029E-08 3.7235E-08 4.1733E-08 4.5070E-08 4.6874E-08 4.6918E-08 4.5157E-08 4.1778E-08 3.7144E-08 3.1693E-08 2.5934E-08 2.0335E-08 1.5273E-08 1.0973E-08 7.5357E-09 4.9510E-09 3.0892E-09 1.7797E-09 8.9505E-10 3.7858E-10 1.1710E-10 2.0717E-11 0.0000E+00 0.0000E+00 0.0000E+00 0.0000E+00 0.0000E+00 0.0000E+00 0.0000E+00 0.0000E+00
0.0000E+00 0.0000E+00 0.0000E+00 0.0000E+00 0.0000E+00 0.0000E+00 0.0000E+00 0.0000E+00 0.0000E+00 0.0000E+00 0.0000E+00 0.0000E+00 0.0000E+00 0.0000E+00 0.0000E+00 3.2574E-11 2.2178E-10 6.5978E-10 1.3013E-09 2.2185E-09 3.5268E-09 5.3781E-09 7.9113E-09 1.1216E-08 1.5335E-08 2.0221E-08 2.5671E-08 3.1381E-08 3.6918E-08 4.1783E-08 4.5462E-08 4.7554E-08 4.7807E-08 4.6158E-08 4.2776E-08 3.8006E-08 3.2351E-08 2.6365E-08 2.0557E-08 1.5318E-08 1.0896E-08 7.3877E-09 4.7549E-09 2.8909E-09 1.6015E-09 7.6400E-10 2.8501E-10 7.2902E-11 8.7911E-12 0.0000E+00 0.0000E+00 0.0000E+00 0.0000E+00 0.0000E+00 0.0000E+00 0.0000E+00 0.0000E+00
0.0000E+00 0.0000E+00 0.0000E+00 0.0000E+00 0.0000E+00 0.0000E+00 0.0000E+00 0.0000E+00 0.0000E+00 0.0000E+00 0.0000E+00 0.0000E+00 0.0000E+00 0.0000E+00 0.0000E+00 2.3899E-13 7.1443E-11 3.5705E-10 9.3883E-10 1.7611E-09 2.9257E-09 4.6269E-09 7.0160E-09 1.0218E-08 1.4313E-08 1.9259E-08 2.4866E-08 3.0821E-08 3.6674E-08 4.1889E-08 4.5931E-08 4.8340E-08 4.8812E-08 4.7265E-08 4.3855E-08 3.8963E-08 3.3115E-08 2.6885E-08 2.0827E-08 1.5370E-08 1.0800E-08 7.2207E-09 4.5710E-09 2.7142E-09 1.4568E-09 6.5565E-10 2.0297E-10 4.3849E-11 2.4723E-12 0.0000E+00 0.0000E+00 0.0000E+00 0.0000E+00 0.0000E+00 0.0000E+00 0.0000E+00 0.0000E+00
0.0000E+00 0.0000E+00 0.0000E+00 0.0000E+00 0.0000E+00 0.0000E+00 0.0000E+00 0.0000E+00 0.0000E+00 0.0000E+00 0.0000E+00 0.0000E+00 0.0000E+00 0.0000E+00 0.0000E+00 0.0000E+00 1.2368E-12 1.3850E-10 5.6919E-10 1.3443E-09 2.4081E-09 3.9870E-09 6.2517E-09 9.3565E-09 1.3407E-08 1.8381E-08 2.4130E-08 3.0315E-08 3.6486E-08 4.2068E-08 4.6461E-08 4.9160E-08 4.9839E-08 4.8394E-08 4.4966E-08 3.9945E-08 3.3893E-08 2.7434E-08 2.1138E-08 1.5483E-08 1.0775E-08 7.0902E-09 4.3912E-09 2.5475E-09 1.3267E-09 5.7084E-10 1.3696E-10 2.2199E-11 0.0000E+00 0.0000E+00 0.0000E+00 0.0000E+00 0.0000E+00 0.0000E+00 0.0000E+00 0.0000E+00 0.0000E+00
0.0000E+00 0.0000E+00 0.0000E+00 0.0000E+00 0.0000E+00 0.0000E+00 0.0000E+00 0.0000E+00 0.0000E+00 0.0000E+00 0.0000E+00 0.0000E+00 0.0000E+00 0.0000E+00 0.0000E+00 0.0000E+00 0.0000E+00 3.7016E-11 3.0791E-10 9.6043E-10 1.9786E-09 3.4278E-09 5.5708E-09 8.5965E-09 1.2635E-08 1.7668E-08 2.3550E-08 2.9956E-08 3.6411E-08 4.2308E-08 4.7021E-08 5.0007E-08 5.0893E-08 4.9546E-08 4.6105E-08 4.0954E-08 3.4690E-08 2.7972E-08 2.1426E-08 1.5575E-08 1.0722E-08 6.9656E-09 4.2457E-09 2.4037E-09 1.1966E-09 4.9509E-10 9.1768E-11 8.9307E-12 0.0000E+00 0.0000E+00 0.0000E+00 0.0000E+00 0.0000E+00 0.0000E+00 0.0000E+00 0.0000E+00 0.0000E+00
0.0000E+00 0.0000E+00 0.0000E+00 0.0000E+00 0.0000E+00 0.0000E+00 0.0000E+00 0.0000E+00 0.0000E+00 0.0000E+00 0.0000E+00 0.0000E+00 0.0000E+00 0.0000E+00 0.0000E+00 0.0000E+00 7.0753E-14 3.6841E-11 1.7418E-10 6.4596E-10 1.5922E-09 3.0090E-09 5.0596E-09 8.0151E-09 1.2004E-08 1.7063E-08 2.3068E-08 2.9696E-08 3.6413E-08 4.2593E-08 4.7594E-08 5.0833E-08 5.1891E-08 5.0619E-08 4.7153E-08 4.1898E-08 3.5471E-08 2.8524E-08 2.1754E-08 1.5692E-08 1.0677E-08 6.8319E-09 4.0900E-09 2.2754E-09 1.1024E-09 4.3221E-10 5.2972E-11 2.6010E-12 0.0000E+00 0.0000E+00 0.0000E+00 0.0000E+00 0.0000E+00 0.0000E+00 0.0000E+00 0.0000E+00 0.0000E+00
0.0000E+00 0.0000E+00 0.0000E+00 0.0000E+00 0.0000E+00 0.0000E+00 0.0000E+00 0.0000E+00 0.0000E+00 0.0000E+00 0.0000E+00 0.0000E+00 0.0000E+00 0.0000E+00 0.0000E+00 0.0000E+00 5.1165E-13 4.9784E-11 1.6658E-10 4.8680E-10 1.2889E-09 2.6724E-09 4.6843E-09 7.6029E-09 1.1575E-08 1.6679E-08 2.2799E-08 2.9573E-08 3.6495E-08 4.2935E-08 4.8194E-08 5.1646E-08 5.2847E-08 5.1645E-08 4.8165E-08 4.2791E-08 3.6149E-08 2.8979E-08 2.2008E-08 1.5784E-08 1.0641E-08 6.7224E-09 3.9467E-09 2.1310E-09 1.0024E-09 3.6980E-10 1.9506E-11 0.0000E+00 0.0000E+00 0.0000E+00 0.0000E+00 0.0000E+00 0.0000E+00 0.0000E+00 0.0000E+00 0.0000E+00 0.0000E+00
0.0000E+00 0.0000E+00 0.0000E+00 0.0000E+00 0.0000E+00 0.0000E+00 0.0000E+00 0.0000E+00 0.0000E+00 0.0000E+00 0.0000E+00 0.0000E+00 0.0000E+00 0.0000E+00 0.0000E+00 0.0000E+00 1.3006E-12 6.0800E-11 1.9655E-10 4.8286E-10 1.1325E-09 2.4305E-09 4.4673E-09 7.3676E-09 1.1342E-08 1.6485E-08 2.2694E-08 2.9614E-08 3.6720E-08 4.3339E-08 4.8765E-08 5.2354E-08 5.3679E-08 5.2535E-08 4.9025E-08 4.3570E-08 3.6778E-08 2.9424E-08 2.2228E-08 1.5800E-08 1.0531E-08 6.5761E-09 3.8072E-09 2.0159E-09 9.1739E-10 3.1677E-10 2.2267E-12 0.0000E+00 0.0000E+00 0.0000E+00 0.0000E+00 0.0000E+00 0.0000E+00 0.0000E+00 0.0000E+00 0.0000E+00 0.0000E+00
0.0000E+00 0.0000E+00 0.0000E+00 0.0000E+00 0.0000E+00 0.0000E+00 0.0000E+00 0.0000E+00 0.0000E+00 0.0000E+00 0.0000E+00 0.0000E+00 0.0000E+00 0.0000E+00 0.0000E+00 0.0000E+00 2.3812E-12 7.4388E-11 2.3546E-10 5.5642E-10 1.1568E-09 2.3536E-09 4.3937E-09 7.3692E-09 1.1387E-08 1.6555E-08 2.2806E-08 2.9804E-08 3.7029E-08 4.3785E-08 4.9356E-08 5.3073E-08 5.4466E-08 5.3331E-08 4.9774E-08 4.4197E-08 3.7243E-08 2.9709E-08 2.2362E-08 1.5802E-08 1.0440E-08 6.3961E-09 3.6245E-09 1.8675E-09 8.3699E-10 2.7145E-10 0.0000E+00 0.0000E+00 0.0000E+00 0.0000E+00 0.0000E+00 0.0000E+00 0.0000E+00 0.0000E+00 0.0000E+00 0.0000E+00 0.0000E+00
0.0000E+00 0.0000E+00 0.0000E+00 0.0000E+00 0.0000E+00 0.0000E+00 0.0000E+00 0.0000E+00 0.0000E+00 0.0000E+00 0.0000E+00 0.0000E+00 0.0000E+00 0.0000E+00 0.0000E+00 0.0000E+00 4.0491E-12 8.5410E-11 2.7567E-10 6.4118E-10 1.3124E-09 2.4673E-09 4.4671E-09 7.5357E-09 1.1657E-08 1.6918E-08 2.3212E-08 3.0248E-08 3.7495E-08 4.4290E-08 4.9894E-08 5.3665E-08 5.5097E-08 5.3966E-08 5.0361E-08 4.4680E-08 3.7593E-08 2.9877E-08 2.2338E-08 1.5639E-08 1.0233E-08 6.2037E-09 3.4540E-09 1.7502E-09 7.5884E-10 2.2857E-10 0.0000E+00 0.0000E+00 0.0000E+00 0.0000E+00 0.0000E+00 0.0000E+00 0.0000E+00 0.0000E+00 0.0000E+00 0.0000E+00 0.0000E+00
0.0000E+00 0.0000E+00 0.0000E+00 0.0000E+00 0.0000E+00 0.0000E+00 0.0000E+00 0.0000E+00 0.0000E+00 0.0000E+00 0.0000E+00 0.0000E+00 0.0000E+00 0.0000E+00 0.0000E+00 0.0000E+00 5.2270E-12 9.2300E-11 3.1283E-10 7.2870E-10 1.4884E-09 2.7598E-09 4.7635E-09 7.8801E-09 1.2169E-08 1.7518E-08 2.3854E-08 3.0900E-08 3.8157E-08 4.4919E-08 5.0500E-08 5.4234E-08 5.5648E-08 5.4479E-08 5.0783E-08 4.4980E-08 3.7740E-08 2.9879E-08 2.2212E-08 1.5434E-08 9.9460E-09 5.9192E-09 3.2336E-09 1.5957E-09 7.0002E-10 1.9606E-10 0.0000E+00 0.0000E+00 0.0000E+00 0.0000E+00 0.0000E+00 0.0000E+00 0.0000E+00 0.0000E+00 0.0000E+00 0.0000E+00 0.0000E+00
0.0000E+00 0.0000E+00 0.0000E+00 0.0000E+00 0.0000E+00 0.0000E+00 0.0000E+00 0.0000E+00 0.0000E+00 0.0000E+00 0.0000E+00 0.0000E+00 0.0000E+00 0.0000E+00 0.0000E+00 0.0000E+00 7.0517E-12 1.0701E-10 3.5039E-10 8.2035E-10 1.6636E-09 3.0901E-09 5.2597E-09 8.4285E-09 1.2880E-08 1.8411E-08 2.4812E-08 3.1813E-08 3.8945E-08 4.5584E-08 5.1083E-08 5.4774E-08 5.6134E-08 5.4878E-08 5.1071E-08 4.5129E-08 3.7698E-08 2.9637E-08 2.1846E-08 1.5034E-08 9.5781E-09 5.6265E-09 3.0317E-09 1.4606E-09 6.0734E-10 1.5809E-10 0.0000E+00 0.0000E+00 0.0000E+00 0.0000E+00 0.0000E+00 0.0000E+00 0.0000E+00 0.0000E+00 0.0000E+00 0.0000E+00 0.0000E+00
0.0000E+00 0.0000E+00 0.0000E+00 0.0000E+00 0.0000E+00 0.0000E+00 0.0000E+00 0.0000E+00 0.0000E+00 0.0000E+00 0.0000E+00 0.0000E+00 0.0000E+00 0.0000E+00 0.0000E+00 0.0000E+00 1.0052E-11 1.1559E-10 3.8965E-10 9.2084E-10 1.8705E-09 3.4495E-09 5.8487E-09 9.2232E-09 1.3750E-08 1.9476E-08 2.5970E-08 3.2948E-08 3.9961E-08 4.6427E-08 5.1737E-08 5.5275E-08 5.6497E-08 5.5131E-08 5.1219E-08 4.5076E-08 3.7448E-08 2.9229E-08 2.1333E-08 1.4464E-08 9.0657E-09 5.2108E-09 2.7507E-09 1.3046E-09 5.3922E-10 1.2741E-10 0.0000E+00 0.0000E+00 0.0000E+00 0.0000E+00 0.0000E+00 0.0000E+00 0.0000E+00 0.0000E+00 0.0000E+00 0.0000E+00 0.0000E+00
0.0000E+00 0.0000E+00 0.0000E+00 0.0000E+00 0.0000E+00 0.0000E+00 0.0000E+00 0.0000E+00 0.0000E+00 0.0000E+00 0.0000E+00 0.0000E+00 0.0000E+00 0.0000E+00 0.0000E+00 0.0000E+00 1.1448E-11 1.3914E-10 4.3126E-10 1.0298E-09 2.0955E-09 3.8482E-09 6.4864E-09 1.0158E-08 1.4875E-08 2.0694E-08 2.7315E-08 3.4242E-08 4.1083E-08 4.7314E-08 5.2427E-08 5.5776E-08 5.6885E-08 5.5380E-08 5.1232E-08 4.4830E-08 3.6937E-08 2.8522E-08 2.0551E-08 1.3710E-08 8.4382E-09 4.7746E-09 2.4535E-09 1.1267E-09 4.4442E-10 1.0334E-10 0.0000E+00 0.0000E+00 0.0000E+00 0.0000E+00 0.0000E+00 0.0000E+00 0.0000E+00 0.0000E+00 0.0000E+00 0.0000E+00 0.0000E+00
0.0000E+00 0.0000E+00 0.0000E+00 0.0000E+00 0.0000E+00 0.0000E+00 0.0000E+00 0.0000E+00 0.0000E+00 0.0000E+00 0.0000E+00 0.0000E+00 0.0000E+00 0.0000E+00 0.0000E+00 0.0000E+00 2.1192E-11 1.5989E-10 4.9669E-10 1.1575E-09 2.3486E-09 4.3001E-09 7.1837E-09 1.1146E-08 1.6167E-08 2.2090E-08 2.8804E-08 3.5694E-08 4.2349E-08 4.8314E-08 5.3110E-08 5.6231E-08 5.7158E-08 5.5493E-08 5.1098E-08 4.4425E-08 3.6249E-08 2.7585E-08 1.9493E-08 1.2728E-08 7.6418E-09 4.2375E-09 2.1147E-09 9.3614E-10 3.5954E-10 7.2351E-11 0.0000E+00 0.0000E+00 0.0000E+00 0.0000E+00 0.0000E+00 0.0000E+00 0.0000E+00 0.0000E+00 0.0000E+00 0.0000E+00 0.0000E+00
0.0000E+00 0.0000E+00 0.0000E+00 0.0000E+00 0.0000E+00 0.0000E+00 0.0000E+00 0.0000E+00 0.0000E+00 0.0000E+00 0.0000E+00 0.0000E+00 0.0000E+00 0.0000E+00 0.0000E+00 0.0000E+00 3.1975E-11 2.0001E-10 5.7687E-10 1.3275E-09 2.6645E-09 4.8280E-09 7.9797E-09 1.2210E-08 1.7499E-08 2.3625E-08 3.0254E-08 3.7117E-08 4.3632E-08 4.9348E-08 5.3874E-08 5.6749E-08 5.7430E-08 5.5502E-08 5.0846E-08 4.3799E-08 3.5258E-08 2.6349E-08 1.8206E-08 1.1597E-08 6.7742E-09 3.6023E-09 1.7348E-09 7.3163E-10 2.8041E-10 5.0741E-11 0.0000E+00 0.0000E+00 0.0000E+00 0.0000E+00 0.0000E+00 0.0000E+00 0.0000E+00 0.0000E+00 0.0000E+00 0.0000E+00 0.0000E+00
0.0000E+00 0.0000E+00 0.0000E+00 0.0000E+00 0.0000E+00 0.0000E+00 0.0000E+00 0.0000E+00 0.0000E+00 0.0000E+00 0.0000E+00 0.0000E+00 0.0000E+00 0.0000E+00 0.0000E+00 0.0000E+00 5.1299E-11 2.4494E-10 6.9456E-10 1.5577E-09 3.0666E-09 5.4617E-09 8.8953E-09 1.3404E-08 1.8889E-08 2.5159E-08 3.1823E-08 3.8501E-08 4.4876E-08 5.0348E-08 5.4585E-08 5.7185E-08 5.7661E-08 5.5481E-08 5.0441E-08 4.2936E-08 3.3976E-08 2.4796E-08 1.6654E-08 1.0261E-08 5.7896E-09 2.9563E-09 1.3630E-09 5.4257E-10 1.8174E-10 2.9882E-11 0.0000E+00 0.0000E+00 0.0000E+00 0.0000E+00 0.0000E+00 0.0000E+00 0.0000E+00 0.0000E+00 0.0000E+00 0.0000E+00 0.0000E+00
0.0000E+00 0.0000E+00 0.0000E+00 0.0000E+00 0.0000E+00 0.0000E+00 0.0000E+00 0.0000E+00 0.0000E+00 0.0000E+00 0.0000E+00 0.0000E+00 0.0000E+00 0.0000E+00 0.0000E+00 8.8452E-13 7.7535E-11 3.2023E-10 8.4997E-10 1.8618E-09 3.6030E-09 6.2685E-09 9.9857E-09 1.4748E-08 2.0384E-08 2.6667E-08 3.3278E-08 3.9796E-08 4.5953E-08 5.1269E-08 5.5306E-08 5.7647E-08 5.7819E-08 5.5239E-08 4.9682E-08 4.1726E-08 3.2325E-08 2.2944E-08 1.4921E-08 8.8343E-09 4.7392E-09 2.2973E-09 9.8128E-10 3.7045E-10 1.0874E-10 1.0515E-11 0.0000E+00 0.0000E+00 0.0000E+00 0.0000E+00 0.0000E+00 0.0000E+00 0.0000E+00 0.0000E+00 0.0000E+00 0.0000E+00 0.0000E+00
0.0000E+00 0.0000E+00 0.0000E+00 0.0000E+00 0.0000E+00 0.0000E+00 0.0000E+00 0.0000E+00 0.0000E+00 0.0000E+00 0.0000E+00 0.0000E+00 0.0000E+00 0.0000E+00 0.0000E+00 1.1111E-11 1.1692E-10 4.1528E-10 1.0735E-09 2.2912E-09 4.2909E-09 7.2919E-09 1.1326E-08 1.6285E-08 2.2001E-08 2.8193E-08 3.4575E-08 4.0904E-08 4.6836E-08 5.1994E-08 5.5912E-08 5.8079E-08 5.7927E-08 5.4877E-08 4.8763E-08 4.0160E-08 3.0286E-08 2.0756E-08 1.2957E-08 7.3135E-09 3.7276E-09 1.6918E-09 6.7055E-10 2.1930E-10 4.6772E-11 0.0000E+00 0.0000E+00 0.0000E+00 0.0000E+00 0.0000E+00 0.0000E+00 0.0000E+00 0.0000E+00 0.0000E+00 0.0000E+00 0.0000E+00 0.0000E+00
0.0000E+00 0.0000E+00 0.0000E+00 0.0000E+00 0.0000E+00 0.0000E+00 0.0000E+00 0.0000E+00 0.0000E+00 0.0000E+00 0.0000E+00 0.0000E+00 0.0000E+00 0.0000E+00 0.0000E+00 2.7347E-11 1.7842E-10 5.6037E-10 1.3737E-09 2.8478E-09 5.2090E-09 8.5806E-09 1.2929E-08 1.8077E-08 2.3750E-08 2.9719E-08 3.5765E-08 4.1739E-08 4.7426E-08 5.2488E-08 5.6389E-08 5.8428E-08 5.7909E-08 5.4277E-08 4.7468E-08 3.8170E-08 2.7861E-08 1.8388E-08 1.0911E-08 5.8148E-09 2.7675E-09 1.1493E-09 4.0116E-10 9.6344E-11 1.5139E-12 0.0000E+00 0.0000E+00 0.0000E+00 0.0000E+00 0.0000E+00 0.0000E+00 0.0000E+00 0.0000E+00 0.0000E+00 0.0000E+00 0.0000E+00 0.0000E+00
0.0000E+00 0.0000E+00 0.0000E+00 0.0000E+00 0.0000E+00 0.0000E+00 0.0000E+00 0.0000E+00 0.0000E+00 0.0000E+00 0.0000E+00 0.0000E+00 0.0000E+00 0.0000E+00 0.0000E+00 5.0707E-11 2.5133E-10 7.4955E-10 1.7848E-09 3.5984E-09 6.3661E-09 1.0177E-08 1.4847E-08 2.0101E-08 2.5637E-08 3.1222E-08 3.6788E-08 4.2275E-08 4.7692E-08 5.2693E-08 5.6621E-08 5.8615E-08 5.7830E-08 5.3542E-08 4.5833E-08 3.5773E-08 2.5177E-08 1.5811E-08 8.8735E-09 4.4144E-09 1.9213E-09 6.9841E-10 1.9702E-10 1.9255E-11 0.0000E+00 0.0000E+00 0.0000E+00 0.0000E+00 0.0000E+00 0.0000E+00 0.0000E+00 0.0000E+00 0.0000E+00 0.0000E+00 0.0000E+00 0.0000E+00 0.0000E+00
