Assets/Resources/2015_m01_d12_0300(utc+0800)_l00_csi_1hr_conc.grd
DSAA
         159         159
     -79.000      79.000
     -79.000      79.000
  0.0000E+00  0.2435E-05
[rows 25 to 49 of 159, columns 57 to 113 of 159]
0.0000E+00 0.0000E+00 0.0000E+00 3.2385E-12 2.6318E-11 1.5108E-10 3.3340E-10 5.5574E-10 8.1569E-10 1.2007E-09 1.7342E-09 2.4393E-09 3.3537E-09 4.5224E-09 5.9747E-09 7.7381E-09 9.8221E-09 1.2209E-08 1.4855E-08 1.7681E-08 2.0582E-08 2.3417E-08 2.6026E-08 2.8258E-08 2.9958E-08 3.1001E-08 3.1310E-08 3.0864E-08 2.9683E-08 2.7852E-08 2.5500E-08 2.2776E-08 1.9848E-08 1.6883E-08 1.4015E-08 1.1357E-08 8.9885E-09 6.9572E-09 5.2601E-09 3.8902E-09 2.8170E-09 1.9872E-09 1.3449E-09 8.3904E-10 4.7101E-10 2.4455E-10 9.6442E-11 1.8395E-11 2.9801E-12 0.0000E+00 0.0000E+00 0.0000E+00 0.0000E+00 0.0000E+00 0.0000E+00 0.0000E+00 0.0000E+00
0.0000E+00 0.0000E+00 0.0000E+00 0.0000E+00 9.6929E-12 3.8497E-11 2.3793E-10 4.2455E-10 6.7465E-10 1.0153E-09 1.4991E-09 2.1561E-09 3.0171E-09 4.1385E-09 5.5520E-09 7.2925E-09 9.3777E-09 1.1793E-08 1.4501E-08 1.7426E-08 2.0452E-08 2.3429E-08 2.6193E-08 2.8567E-08 3.0390E-08 3.1529E-08 3.1903E-08 3.1475E-08 3.0271E-08 2.8386E-08 2.5953E-08 2.3137E-08 2.0110E-08 1.7045E-08 1.4092E-08 1.1370E-08 8.9529E-09 6.8834E-09 5.1735E-09 3.7920E-09 2.7115E-09 1.8806E-09 1.2460E-09 7.5082E-10 4.1868E-10 2.0709E-10 6.8930E-11 8.2120E-12 0.0000E+00 0.0000E+00 0.0000E+00 0.0000E+00 0.0000E+00 0.0000E+00 0.0000E+00 0.0000E+00 0.0000E+00
0.0000E+00 0.0000E+00 0.0000E+00 0.0000E+00 0.0000E+00 2.2316E-11 7.7808E-11 3.0696E-10 5.2779E-10 8.4309E-10 1.2848E-09 1.8915E-09 2.7052E-09 3.7777E-09 5.1558E-09 6.8818E-09 8.9692E-09 1.1420E-08 1.4198E-08 1.7225E-08 2.0383E-08 2.3513E-08 2.6438E-08 2.8969E-08 3.0924E-08 3.2158E-08 3.2577E-08 3.2155E-08 3.0920E-08 2.8967E-08 2.6437E-08 2.3506E-08 2.0373E-08 1.7212E-08 1.4174E-08 1.1380E-08 8.9147E-09 6.8090E-09 5.0717E-09 3.6863E-09 2.6062E-09 1.7817E-09 1.1611E-09 6.8393E-10 3.7871E-10 1.8033E-10 5.1850E-11 5.8110E-12 0.0000E+00 0.0000E+00 0.0000E+00 0.0000E+00 0.0000E+00 0.0000E+00 0.0000E+00 0.0000E+00 0.0000E+00
0.0000E+00 0.0000E+00 0.0000E+00 0.0000E+00 0.0000E+00 1.9125E-12 3.4325E-11 1.7568E-10 3.9241E-10 6.8659E-10 1.0866E-09 1.6481E-09 2.4207E-09 3.4485E-09 4.7982E-09 6.5088E-09 8.6099E-09 1.1111E-08 1.3973E-08 1.7114E-08 2.0419E-08 2.3718E-08 2.6816E-08 2.9503E-08 3.1585E-08 3.2907E-08 3.3369E-08 3.2927E-08 3.1625E-08 2.9571E-08 2.6934E-08 2.3888E-08 2.0629E-08 1.7355E-08 1.4228E-08 1.1365E-08 8.8503E-09 6.7177E-09 4.9664E-09 3.5757E-09 2.5018E-09 1.6883E-09 1.0787E-09 6.4178E-10 3.5554E-10 1.6459E-10 4.2116E-11 5.1273E-12 0.0000E+00 0.0000E+00 0.0000E+00 0.0000E+00 0.0000E+00 0.0000E+00 0.0000E+00 0.0000E+00 0.0000E+00
0.0000E+00 0.0000E+00 0.0000E+00 0.0000E+00 0.0000E+00 0.0000E+00 9.9171E-12 5.2523E-11 2.6511E-10 5.2831E-10 9.0834E-10 1.4340E-09 2.1605E-09 3.1552E-09 4.4814E-09 6.1909E-09 8.3175E-09 1.0874E-08 1.3833E-08 1.7114E-08 2.0583E-08 2.4061E-08 2.7327E-08 3.0169E-08 3.2370E-08 3.3764E-08 3.4236E-08 3.3761E-08 3.2385E-08 3.0215E-08 2.7429E-08 2.4234E-08 2.0844E-08 1.7459E-08 1.4242E-08 1.1314E-08 8.7543E-09 6.5999E-09 4.8450E-09 3.4563E-09 2.3884E-09 1.5905E-09 1.0034E-09 6.1787E-10 3.4721E-10 1.4609E-10 3.2523E-11 2.5949E-12 0.0000E+00 0.0000E+00 0.0000E+00 0.0000E+00 0.0000E+00 0.0000E+00 0.0000E+00 0.0000E+00 0.0000E+00
0.0000E+00 0.0000E+00 0.0000E+00 0.0000E+00 0.0000E+00 0.0000E+00 9.0721E-13 2.5077E-11 1.2751E-10 3.8381E-10 7.4252E-10 1.2386E-09 1.9349E-09 2.9011E-09 4.2103E-09 5.9295E-09 8.0952E-09 1.0727E-08 1.3805E-08 1.7241E-08 2.0895E-08 2.4571E-08 2.8031E-08 3.1034E-08 3.3348E-08 3.4789E-08 3.5244E-08 3.4684E-08 3.3175E-08 3.0849E-08 2.7899E-08 2.4554E-08 2.1021E-08 1.7511E-08 1.4201E-08 1.1213E-08 8.6169E-09 6.4503E-09 4.6951E-09 3.3231E-09 2.2749E-09 1.4966E-09 9.5164E-10 5.9141E-10 3.3019E-10 1.2435E-10 2.3974E-11 0.0000E+00 0.0000E+00 0.0000E+00 0.0000E+00 0.0000E+00 0.0000E+00 0.0000E+00 0.0000E+00 0.0000E+00 0.0000E+00
0.0000E+00 0.0000E+00 0.0000E+00 0.0000E+00 0.0000E+00 0.0000E+00 0.0000E+00 6.7244E-12 7.0257E-11 2.4295E-10 5.9074E-10 1.0709E-09 1.7447E-09 2.6894E-09 3.9918E-09 5.7325E-09 7.9485E-09 1.0680E-08 1.3903E-08 1.7527E-08 2.1393E-08 2.5286E-08 2.8944E-08 3.2101E-08 3.4504E-08 3.5961E-08 3.6369E-08 3.5701E-08 3.4032E-08 3.1510E-08 2.8352E-08 2.4802E-08 2.1106E-08 1.7480E-08 1.4088E-08 1.1048E-08 8.4346E-09 6.2656E-09 4.5283E-09 3.1745E-09 2.1547E-09 1.4205E-09 9.0582E-10 5.6094E-10 3.0122E-10 1.0094E-10 1.2649E-11 0.0000E+00 0.0000E+00 0.0000E+00 0.0000E+00 0.0000E+00 0.0000E+00 0.0000E+00 0.0000E+00 0.0000E+00 0.0000E+00
0.0000E+00 0.0000E+00 0.0000E+00 0.0000E+00 0.0000E+00 0.0000E+00 0.0000E+00 0.0000E+00 3.9195E-11 1.5001E-10 4.6112E-10 9.2062E-10 1.5788E-09 2.5161E-09 3.8285E-09 5.6116E-09 7.8997E-09 1.0749E-08 1.4136E-08 1.7964E-08 2.2065E-08 2.6194E-08 3.0063E-08 3.3373E-08 3.5861E-08 3.7318E-08 3.7628E-08 3.6783E-08 3.4885E-08 3.2124E-08 2.8744E-08 2.4998E-08 2.1122E-08 1.7362E-08 1.3888E-08 1.0809E-08 8.1884E-09 6.0281E-09 4.3172E-09 3.0015E-09 2.0340E-09 1.3405E-09 8.5460E-10 5.1573E-10 2.6191E-10 7.0208E-11 3.4927E-12 0.0000E+00 0.0000E+00 0.0000E+00 0.0000E+00 0.0000E+00 0.0000E+00 0.0000E+00 0.0000E+00 0.0000E+00 0.0000E+00
0.0000E+00 0.0000E+00 0.0000E+00 0.0000E+00 0.0000E+00 0.0000E+00 0.0000E+00 0.0000E+00 2.4312E-11 1.1167E-10 3.6285E-10 8.0449E-10 1.4518E-09 2.3955E-09 3.7271E-09 5.5591E-09 7.9460E-09 1.0948E-08 1.4538E-08 1.8610E-08 2.2975E-08 2.7361E-08 3.1449E-08 3.4912E-08 3.7451E-08 3.8849E-08 3.9001E-08 3.7939E-08 3.5781E-08 3.2725E-08 2.9051E-08 2.5058E-08 2.1012E-08 1.7131E-08 1.3588E-08 1.0478E-08 7.8652E-09 5.7412E-09 4.0768E-09 2.8119E-09 1.8911E-09 1.2368E-09 7.8520E-10 4.6091E-10 2.1275E-10 3.7652E-11 0.0000E+00 0.0000E+00 0.0000E+00 0.0000E+00 0.0000E+00 0.0000E+00 0.0000E+00 0.0000E+00 0.0000E+00 0.0000E+00 0.0000E+00
0.0000E+00 0.0000E+00 0.0000E+00 0.0000E+00 0.0000E+00 0.0000E+00 0.0000E+00 0.0000E+00 2.0922E-11 8.9636E-11 3.0567E-10 6.9811E-10 1.3483E-09 2.3092E-09 3.6862E-09 5.5996E-09 8.1163E-09 1.1296E-08 1.5120E-08 1.9471E-08 2.4126E-08 2.8784E-08 3.3090E-08 3.6678E-08 3.9233E-08 4.0536E-08 4.0490E-08 3.9129E-08 3.6620E-08 3.3228E-08 2.9258E-08 2.5008E-08 2.0765E-08 1.6759E-08 1.3160E-08 1.0056E-08 7.4706E-09 5.4034E-09 3.8061E-09 2.6070E-09 1.7373E-09 1.1259E-09 7.0366E-10 3.9662E-10 1.5135E-10 1.8401E-11 0.0000E+00 0.0000E+00 0.0000E+00 0.0000E+00 0.0000E+00 0.0000E+00 0.0000E+00 0.0000E+00 0.0000E+00 0.0000E+00 0.0000E+00
0.0000E+00 0.0000E+00 0.0000E+00 0.0000E+00 0.0000E+00 0.0000E+00 0.0000E+00 0.0000E+00 2.2191E-11 7.7706E-11 2.6322E-10 6.4413E-10 1.2857E-09 2.2787E-09 3.7129E-09 5.7359E-09 8.4097E-09 1.1808E-08 1.5914E-08 2.0585E-08 2.5570E-08 3.0529E-08 3.5049E-08 3.8736E-08 4.1256E-08 4.2381E-08 4.2041E-08 4.0313E-08 3.7405E-08 3.3613E-08 2.9292E-08 2.4772E-08 2.0342E-08 1.6245E-08 1.2606E-08 9.5260E-09 7.0030E-09 5.0160E-09 3.5021E-09 2.3709E-09 1.5619E-09 1.0010E-09 6.0906E-10 3.1150E-10 9.8248E-11 4.7227E-12 0.0000E+00 0.0000E+00 0.0000E+00 0.0000E+00 0.0000E+00 0.0000E+00 0.0000E+00 0.0000E+00 0.0000E+00 0.0000E+00 0.0000E+00
0.0000E+00 0.0000E+00 0.0000E+00 0.0000E+00 0.0000E+00 0.0000E+00 0.0000E+00 0.0000E+00 2.2513E-11 8.0096E-11 2.3363E-10 6.0460E-10 1.2688E-09 2.2829E-09 3.7998E-09 5.9615E-09 8.8368E-09 1.2521E-08 1.6963E-08 2.2007E-08 2.7359E-08 3.2622E-08 3.7347E-08 4.1094E-08 4.3501E-08 4.4355E-08 4.3625E-08 4.1437E-08 3.8058E-08 3.3831E-08 2.9131E-08 2.4338E-08 1.9737E-08 1.5559E-08 1.1921E-08 8.8965E-09 6.4603E-09 4.5703E-09 3.1457E-09 2.1060E-09 1.3690E-09 8.5869E-10 4.7994E-10 2.2683E-10 5.3872E-11 0.0000E+00 0.0000E+00 0.0000E+00 0.0000E+00 0.0000E+00 0.0000E+00 0.0000E+00 0.0000E+00 0.0000E+00 0.0000E+00 0.0000E+00 0.0000E+00
0.0000E+00 0.0000E+00 0.0000E+00 0.0000E+00 0.0000E+00 0.0000E+00 0.0000E+00 0.0000E+00 1.8581E-11 8.3941E-11 2.4351E-10 5.8625E-10 1.2739E-09 2.3464E-09 3.9614E-09 6.3007E-09 9.4339E-09 1.3443E-08 1.8285E-08 2.3756E-08 2.9514E-08 3.5098E-08 3.9996E-08 4.3723E-08 4.5926E-08 4.6424E-08 4.5210E-08 4.2463E-08 3.8519E-08 3.3811E-08 2.8741E-08 2.3677E-08 1.8941E-08 1.4716E-08 1.1126E-08 8.1792E-09 5.8522E-09 4.0810E-09 2.7648E-09 1.8196E-09 1.1554E-09 6.9173E-10 3.6576E-10 1.4812E-10 2.5205E-11 0.0000E+00 0.0000E+00 0.0000E+00 0.0000E+00 0.0000E+00 0.0000E+00 0.0000E+00 0.0000E+00 0.0000E+00 0.0000E+00 0.0000E+00 0.0000E+00
0.0000E+00 0.0000E+00 0.0000E+00 0.0000E+00 0.0000E+00 0.0000E+00 0.0000E+00 0.0000E+00 2.6555E-12 8.1092E-11 2.5393E-10 5.9255E-10 1.2626E-09 2.4184E-09 4.1830E-09 6.7368E-09 1.0184E-08 1.4607E-08 1.9934E-08 2.5920E-08 3.2143E-08 3.8060E-08 4.3094E-08 4.6735E-08 4.8617E-08 4.8586E-08 4.6722E-08 4.3317E-08 3.8770E-08 3.3532E-08 2.8078E-08 2.2782E-08 1.7943E-08 1.3719E-08 1.0205E-08 7.3865E-09 5.2023E-09 3.5695E-09 2.3789E-09 1.5362E-09 9.3801E-10 5.3157E-10 2.6006E-10 8.5412E-11 6.8526E-12 0.0000E+00 0.0000E+00 0.0000E+00 0.0000E+00 0.0000E+00 0.0000E+00 0.0000E+00 0.0000E+00 0.0000E+00 0.0000E+00 0.0000E+00 0.0000E+00
0.0000E+00 0.0000E+00 0.0000E+00 0.0000E+00 0.0000E+00 0.0000E+00 0.0000E+00 0.0000E+00 0.0000E+00 6.6746E-11 2.6097E-10 6.2679E-10 1.2998E-09 2.5233E-09 4.4651E-09 7.2839E-09 1.1113E-08 1.6030E-08 2.1935E-08 2.8508E-08 3.5250E-08 4.1503E-08 4.6634E-08 5.0084E-08 5.1502E-08 5.0809E-08 4.8182E-08 4.3988E-08 3.8738E-08 3.2955E-08 2.7126E-08 2.1640E-08 1.6737E-08 1.2569E-08 9.1830E-09 6.5265E-09 4.5138E-09 3.0361E-09 1.9837E-09 1.2358E-09 7.1969E-10 3.6645E-10 1.6786E-10 3.7582E-11 0.0000E+00 0.0000E+00 0.0000E+00 0.0000E+00 0.0000E+00 0.0000E+00 0.0000E+00 0.0000E+00 0.0000E+00 0.0000E+00 0.0000E+00 0.0000E+00 0.0000E+00
0.0000E+00 0.0000E+00 0.0000E+00 0.0000E+00 0.0000E+00 0.0000E+00 0.0000E+00 0.0000E+00 0.0000E+00 5.0074E-11 2.5251E-10 6.5811E-10 1.3738E-09 2.6444E-09 4.7662E-09 7.9158E-09 1.2213E-08 1.7727E-08 2.4329E-08 3.1608E-08 3.8940E-08 4.5566E-08 5.0732E-08 5.3851E-08 5.4621E-08 5.3070E-08 4.9496E-08 4.4396E-08 3.8382E-08 3.2057E-08 2.5881E-08 2.0241E-08 1.5348E-08 1.1307E-08 8.0844E-09 5.6240E-09 3.8080E-09 2.4962E-09 1.5726E-09 9.3221E-10 5.0842E-10 2.4438E-10 8.9310E-11 8.0838E-12 0.0000E+00 0.0000E+00 0.0000E+00 0.0000E+00 0.0000E+00 0.0000E+00 0.0000E+00 0.0000E+00 0.0000E+00 0.0000E+00 0.0000E+00 0.0000E+00 0.0000E+00
0.0000E+00 0.0000E+00 0.0000E+00 0.0000E+00 0.0000E+00 0.0000E+00 0.0000E+00 0.0000E+00 0.0000E+00 4.2357E-11 2.2454E-10 6.7583E-10 1.4599E-09 2.8286E-09 5.1088E-09 8.6281E-09 1.3488E-08 1.9709E-08 2.7129E-08 3.5237E-08 4.3246E-08 5.0253E-08 5.5385E-08 5.8046E-08 5.7991E-08 5.5366E-08 5.0653E-08 4.4535E-08 3.7707E-08 3.0801E-08 2.4332E-08 1.8612E-08 1.3807E-08 9.9531E-09 6.9627E-09 4.7331E-09 3.1295E-09 1.9866E-09 1.2013E-09 6.7786E-10 3.4274E-10 1.4351E-10 3.2283E-11 9.3193E-13 0.0000E+00 0.0000E+00 0.0000E+00 0.0000E+00 0.0000E+00 0.0000E+00 0.0000E+00 0.0000E+00 0.0000E+00 0.0000E+00 0.0000E+00 0.0000E+00 0.0000E+00
0.0000E+00 0.0000E+00 0.0000E+00 0.0000E+00 0.0000E+00 0.0000E+00 0.0000E+00 0.0000E+00 0.0000E+00 3.2961E-11 2.1193E-10 6.7378E-10 1.5411E-09 3.0310E-09 5.5274E-09 9.4332E-09 1.4908E-08 2.1960E-08 3.0345E-08 3.9426E-08 4.8204E-08 5.5595E-08 6.0621E-08 6.2642E-08 6.1529E-08 5.7607E-08 5.1605E-08 4.4336E-08 3.6648E-08 2.9212E-08 2.2518E-08 1.6808E-08 1.2169E-08 8.5439E-09 5.8210E-09 3.8681E-09 2.4735E-09 1.5141E-09 8.6992E-10 4.5350E-10 1.9626E-10 6.4636E-11 7.6671E-12 0.0000E+00 0.0000E+00 0.0000E+00 0.0000E+00 0.0000E+00 0.0000E+00 0.0000E+00 0.0000E+00 0.0000E+00 0.0000E+00 0.0000E+00 0.0000E+00 0.0000E+00 0.0000E+00
0.0000E+00 0.0000E+00 0.0000E+00 0.0000E+00 0.0000E+00 0.0000E+00 0.0000E+00 0.0000E+00 0.0000E+00 2.1421E-11 1.9597E-10 6.5601E-10 1.5962E-09 3.2471E-09 5.9971E-09 1.0290E-08 1.6466E-08 2.4476E-08 3.3978E-08 4.4159E-08 5.3828E-08 6.1641E-08 6.6462E-08 6.7659E-08 6.5245E-08 5.9798E-08 5.2288E-08 4.3786E-08 3.5229E-08 2.7330E-08 2.0478E-08 1.4848E-08 1.0458E-08 7.1309E-09 4.6983E-09 3.0205E-09 1.8471E-09 1.0684E-09 5.6223E-10 2.5270E-10 8.9328E-11 1.4202E-11 1.4044E-12 0.0000E+00 0.0000E+00 0.0000E+00 0.0000E+00 0.0000E+00 0.0000E+00 0.0000E+00 0.0000E+00 0.0000E+00 0.0000E+00 0.0000E+00 0.0000E+00 0.0000E+00 0.0000E+00
0.0000E+00 0.0000E+00 0.0000E+00 0.0000E+00 0.0000E+00 0.0000E+00 0.0000E+00 0.0000E+00 0.0000E+00 0.0000E+00 1.7667E-10 6.4497E-10 1.6285E-09 3.4494E-09 6.4762E-09 1.1250E-08 1.8176E-08 2.7241E-08 3.8010E-08 4.9450E-08 6.0112E-08 6.8346E-08 7.2853E-08 7.3031E-08 6.9066E-08 6.1857E-08 5.2664E-08 4.2848E-08 3.3445E-08 2.5147E-08 1.8264E-08 1.2845E-08 8.7541E-09 5.7521E-09 3.6733E-09 2.2704E-09 1.3292E-09 7.2571E-10 3.4742E-10 1.2732E-10 1.9473E-11 4.1030E-12 0.0000E+00 0.0000E+00 0.0000E+00 0.0000E+00 0.0000E+00 0.0000E+00 0.0000E+00 0.0000E+00 0.0000E+00 0.0000E+00 0.0000E+00 0.0000E+00 0.0000E+00 0.0000E+00 0.0000E+00
0.0000E+00 0.0000E+00 0.0000E+00 0.0000E+00 0.0000E+00 0.0000E+00 0.0000E+00 0.0000E+00 0.0000E+00 0.0000E+00 1.3792E-10 6.4008E-10 1.6551E-09 3.5911E-09 6.9583E-09 1.2269E-08 2.0017E-08 3.0239E-08 4.2411E-08 5.5278E-08 6.7021E-08 7.5692E-08 7.9787E-08 7.8698E-08 7.2858E-08 6.3631E-08 5.2672E-08 4.1522E-08 3.1335E-08 2.2741E-08 1.5937E-08 1.0838E-08 7.1019E-09 4.4900E-09 2.7734E-09 1.6322E-09 9.0191E-10 4.5259E-10 1.8252E-10 3.2409E-11 5.7840E-12 4.5037E-13 0.0000E+00 0.0000E+00 0.0000E+00 0.0000E+00 0.0000E+00 0.0000E+00 0.0000E+00 0.0000E+00 0.0000E+00 0.0000E+00 0.0000E+00 0.0000E+00 0.0000E+00 0.0000E+00 0.0000E+00
0.0000E+00 0.0000E+00 0.0000E+00 0.0000E+00 0.0000E+00 0.0000E+00 0.0000E+00 0.0000E+00 0.0000E+00 0.0000E+00 1.2315E-10 6.1514E-10 1.6661E-09 3.7300E-09 7.4087E-09 1.3280E-08 2.1918E-08 3.3420E-08 4.7146E-08 6.1581E-08 7.4506E-08 8.3602E-08 8.7135E-08 8.4539E-08 7.6624E-08 6.5150E-08 5.2239E-08 3.9765E-08 2.8908E-08 2.0192E-08 1.3614E-08 8.8768E-09 5.5707E-09 3.3263E-09 1.9774E-09 1.0828E-09 5.2793E-10 2.1125E-10 4.5029E-11 6.0356E-12 1.0238E-12 0.0000E+00 0.0000E+00 0.0000E+00 0.0000E+00 0.0000E+00 0.0000E+00 0.0000E+00 0.0000E+00 0.0000E+00 0.0000E+00 0.0000E+00 0.0000E+00 0.0000E+00 0.0000E+00 0.0000E+00 0.0000E+00
0.0000E+00 0.0000E+00 0.0000E+00 0.0000E+00 0.0000E+00 0.0000E+00 0.0000E+00 0.0000E+00 0.0000E+00 0.0000E+00 1.1845E-10 5.8026E-10 1.6728E-09 3.8411E-09 7.7655E-09 1.4254E-08 2.3880E-08 3.6748E-08 5.2149E-08 6.8275E-08 8.2493E-08 9.1990E-08 9.4778E-08 9.0396E-08 8.0085E-08 6.6154E-08 5.1313E-08 3.7584E-08 2.6209E-08 1.7517E-08 1.1319E-08 7.0296E-09 4.1517E-09 2.3910E-09 1.3301E-09 6.7196E-10 2.8595E-10 8.2695E-11 4.8813E-12 1.0849E-12 0.0000E+00 0.0000E+00 0.0000E+00 0.0000E+00 0.0000E+00 0.0000E+00 0.0000E+00 0.0000E+00 0.0000E+00 0.0000E+00 0.0000E+00 0.0000E+00 0.0000E+00 0.0000E+00 0.0000E+00 0.0000E+00 0.0000E+00
0.0000E+00 0.0000E+00 0.0000E+00 0.0000E+00 0.0000E+00 0.0000E+00 0.0000E+00 0.0000E+00 0.0000E+00 0.0000E+00 1.1396E-10 5.6822E-10 1.6513E-09 3.9057E-09 8.0990E-09 1.5160E-08 2.5747E-08 4.0047E-08 5.7246E-08 7.5227E-08 9.0809E-08 1.0068E-07 1.0254E-07 9.6097E-08 8.3080E-08 6.6562E-08 4.9745E-08 3.4954E-08 2.3291E-08 1.4843E-08 9.1197E-09 5.3562E-09 2.9362E-09 1.6202E-09 8.4342E-10 3.8209E-10 1.2966E-10 2.3485E-11 7.2423E-13 0.0000E+00 0.0000E+00 0.0000E+00 0.0000E+00 0.0000E+00 0.0000E+00 0.0000E+00 0.0000E+00 0.0000E+00 0.0000E+00 0.0000E+00 0.0000E+00 0.0000E+00 0.0000E+00 0.0000E+00 0.0000E+00 0.0000E+00 0.0000E+00
0.0000E+00 0.0000E+00 0.0000E+00 0.0000E+00 0.0000E+00 0.0000E+00 0.0000E+00 0.0000E+00 0.0000E+00 0.0000E+00 1.0802E-10 5.3579E-10 1.5970E-09 3.9071E-09 8.3121E-09 1.5852E-08 2.7446E-08 4.3284E-08 6.2426E-08 8.2370E-08 9.9368E-08 1.0952E-07 1.1021E-07 1.0134E-07 8.5396E-08 6.6217E-08 4.7500E-08 3.1864E-08 2.0161E-08 1.2176E-08 7.0330E-09 3.7945E-09 1.9173E-09 1.0084E-09 4.6123E-10 1.5655E-10 2.9264E-11 8.8210E-14 0.0000E+00 0.0000E+00 0.0000E+00 0.0000E+00 0.0000E+00 0.0000E+00 0.0000E+00 0.0000E+00 0.0000E+00 0.0000E+00 0.0000E+00 0.0000E+00 0.0000E+00 0.0000E+00 0.0000E+00 0.0000E+00 0.0000E+00 0.0000E+00 0.0000E+00
