Assets/Resources/2015_m01_d30_1900(utc+0800)_l00_csi_1hr_conc.grd
DSAA
         159         159
     -79.000      79.000
     -79.000      79.000
  0.0000E+00  0.4961E-05
[rows 50 to 74 of 159, columns 57 to 113 of 159]
3.2520E-11 5.2177E-11 9.8049E-11 1.5146E-10 2.3839E-10 3.6935E-10 5.2876E-10 7.5650E-10 1.0474E-09 1.4703E-09 2.0154E-09 2.7979E-09 3.7553E-09 5.0645E-09 7.0025E-09 9.7118E-09 1.3973E-08 1.8961E-08 2.6771E-08 3.5495E-08 4.6951E-08 6.1474E-08 7.5686E-08 9.3637E-08 1.0580E-07 1.2034E-07 1.2405E-07 1.2338E-07 1.2028E-07 1.0749E-07 9.4883E-08 7.7636E-08 6.1322E-08 4.7127E-08 3.5354E-08 2.5975E-08 1.8831E-08 1.3571E-08 9.5438E-09 6.8508E-09 4.8033E-09 3.6845E-09 2.9317E-09 2.3606E-09 2.0004E-09 1.7399E-09 1.5233E-09 1.3670E-09 1.2331E-09 1.1155E-09 1.0147E-09 9.2667E-10 8.4305E-10 7.6665E-10 7.0610E-10 6.4690E-10 5.8537E-10
1.7936E-11 3.4893E-11 6.7498E-11 1.0274E-10 1.6715E-10 2.7487E-10 4.1003E-10 6.0320E-10 8.5236E-10 1.2170E-09 1.6864E-09 2.3870E-09 3.2768E-09 4.4807E-09 6.4058E-09 9.0326E-09 1.3327E-08 1.8406E-08 2.5861E-08 3.6329E-08 4.8613E-08 6.5753E-08 8.1693E-08 1.0267E-07 1.1596E-07 1.2688E-07 1.3496E-07 1.3128E-07 1.2538E-07 1.0985E-07 9.2271E-08 7.4537E-08 5.8251E-08 4.4011E-08 3.2477E-08 2.3496E-08 1.6739E-08 1.1724E-08 8.1941E-09 5.5269E-09 4.0484E-09 3.0731E-09 2.3724E-09 1.9596E-09 1.6631E-09 1.4357E-09 1.2731E-09 1.1451E-09 1.0336E-09 9.4001E-10 8.5739E-10 7.7892E-10 7.0586E-10 6.5084E-10 5.9780E-10 5.4004E-10 4.9425E-10
7.2615E-12 1.9861E-11 4.2782E-11 6.8354E-11 1.1314E-10 1.9138E-10 3.0197E-10 4.6110E-10 6.6738E-10 9.7960E-10 1.3738E-09 1.9728E-09 2.7592E-09 3.8325E-09 5.7038E-09 8.1133E-09 1.2015E-08 1.7537E-08 2.5049E-08 3.6823E-08 5.0331E-08 7.0211E-08 8.8289E-08 1.0791E-07 1.2720E-07 1.3712E-07 1.4415E-07 1.3773E-07 1.2521E-07 1.0833E-07 8.9764E-08 7.1415E-08 5.4728E-08 4.0702E-08 2.9424E-08 2.0820E-08 1.4553E-08 9.9900E-09 6.5036E-09 4.5655E-09 3.3245E-09 2.4197E-09 1.9247E-09 1.5943E-09 1.3526E-09 1.1740E-09 1.0524E-09 9.5058E-10 8.6193E-10 7.8515E-10 7.1076E-10 6.4360E-10 5.9206E-10 5.4711E-10 4.9050E-10 4.4952E-10 4.1968E-10
1.8068E-12 8.4994E-12 2.1020E-11 4.1045E-11 7.1959E-11 1.2355E-10 2.1321E-10 3.3142E-10 5.0203E-10 7.5529E-10 1.0889E-09 1.5819E-09 2.2652E-09 3.1900E-09 4.7415E-09 7.0895E-09 1.0693E-08 1.6476E-08 2.4079E-08 3.7156E-08 5.2017E-08 7.1920E-08 9.5706E-08 1.1664E-07 1.3787E-07 1.4692E-07 1.4775E-07 1.4010E-07 1.2578E-07 1.0732E-07 8.7171E-08 6.7888E-08 5.0916E-08 3.6920E-08 2.6079E-08 1.8054E-08 1.2298E-08 7.8580E-09 5.2464E-09 3.6975E-09 2.5441E-09 1.9189E-09 1.5461E-09 1.2749E-09 1.0756E-09 9.5680E-10 8.6263E-10 7.8125E-10 7.0908E-10 6.3958E-10 5.8005E-10 5.3088E-10 4.9294E-10 4.4012E-10 4.0234E-10 3.7714E-10 3.5247E-10
1.9662E-13 2.4343E-12 8.7590E-12 1.9983E-11 3.9222E-11 7.4979E-11 1.3868E-10 2.2313E-10 3.5961E-10 5.4898E-10 8.2761E-10 1.2171E-09 1.7841E-09 2.5811E-09 3.8093E-09 6.1031E-09 9.2992E-09 1.5201E-08 2.2899E-08 3.5634E-08 5.3726E-08 7.5234E-08 1.0278E-07 1.2569E-07 1.4404E-07 1.5412E-07 1.5391E-07 1.4436E-07 1.2724E-07 1.0607E-07 8.4123E-08 6.3794E-08 4.6462E-08 3.2804E-08 2.2514E-08 1.5122E-08 9.6737E-09 6.1884E-09 4.1766E-09 2.7457E-09 1.9630E-09 1.5064E-09 1.2074E-09 9.8928E-10 8.6055E-10 7.7488E-10 6.9684E-10 6.3178E-10 5.6553E-10 5.1528E-10 4.6944E-10 4.3526E-10 3.8765E-10 3.5268E-10 3.3018E-10 3.0990E-10 2.7857E-10
0.0000E+00 4.2495E-13 2.8411E-12 8.7472E-12 1.7879E-11 3.8960E-11 7.7043E-11 1.3919E-10 2.3712E-10 3.7538E-10 5.9461E-10 8.8993E-10 1.3435E-09 2.0322E-09 3.0337E-09 5.1461E-09 7.9197E-09 1.3192E-08 2.1450E-08 3.4305E-08 5.4703E-08 7.8610E-08 1.0641E-07 1.3367E-07 1.5468E-07 1.6504E-07 1.6302E-07 1.4969E-07 1.2865E-07 1.0436E-07 8.0141E-08 5.8784E-08 4.1398E-08 2.8207E-08 1.8654E-08 1.2009E-08 7.4290E-09 4.8308E-09 3.1125E-09 2.0448E-09 1.5105E-09 1.1583E-09 9.0647E-10 7.5931E-10 6.8616E-10 6.1049E-10 5.5296E-10 4.8871E-10 4.4644E-10 4.0297E-10 3.7075E-10 3.3039E-10 2.9953E-10 2.8102E-10 2.6213E-10 2.3553E-10 2.1980E-10
0.0000E+00 0.0000E+00 5.6503E-13 2.9123E-12 7.6433E-12 1.7826E-11 3.7626E-11 7.3078E-11 1.3416E-10 2.4158E-10 3.9701E-10 6.1770E-10 9.6445E-10 1.5602E-09 2.3828E-09 4.0278E-09 6.6426E-09 1.1079E-08 1.9523E-08 3.2491E-08 5.2837E-08 8.1021E-08 1.1427E-07 1.4637E-07 1.6998E-07 1.7958E-07 1.7370E-07 1.5527E-07 1.2922E-07 1.0089E-07 7.4565E-08 5.2529E-08 3.5542E-08 2.3286E-08 1.4749E-08 9.0000E-09 5.6637E-09 3.5354E-09 2.1638E-09 1.5172E-09 1.0997E-09 8.1781E-10 6.5064E-10 5.8967E-10 5.1898E-10 4.7127E-10 4.1272E-10 3.7765E-10 3.3767E-10 3.0774E-10 2.7375E-10 2.4719E-10 2.3220E-10 2.1403E-10 1.9193E-10 1.8075E-10 1.6784E-10
0.0000E+00 0.0000E+00 0.0000E+00 5.9672E-13 2.7257E-12 7.1708E-12 1.6641E-11 3.6388E-11 6.8095E-11 1.3402E-10 2.3381E-10 4.0245E-10 6.4781E-10 1.1389E-09 1.8024E-09 2.9394E-09 5.2599E-09 8.9390E-09 1.5897E-08 2.9886E-08 5.3180E-08 8.7044E-08 1.2730E-07 1.6514E-07 1.9055E-07 1.9706E-07 1.8503E-07 1.5918E-07 1.2694E-07 9.4915E-08 6.7035E-08 4.5135E-08 2.9209E-08 1.8181E-08 1.0891E-08 6.6849E-09 4.0350E-09 2.3368E-09 1.5491E-09 1.0632E-09 7.3038E-10 5.4681E-10 4.9465E-10 4.3438E-10 3.9118E-10 3.4324E-10 3.1324E-10 2.7809E-10 2.5028E-10 2.2235E-10 2.0001E-10 1.8663E-10 1.6863E-10 1.5196E-10 1.4378E-10 1.3287E-10 1.2729E-10
0.0000E+00 0.0000E+00 0.0000E+00 0.0000E+00 5.2380E-13 2.3834E-12 6.2512E-12 1.6176E-11 3.4150E-11 6.8983E-11 1.3201E-10 2.3242E-10 3.8766E-10 6.6727E-10 1.2598E-09 2.0531E-09 3.3755E-09 6.4545E-09 1.3034E-08 2.8237E-08 5.5635E-08 9.7250E-08 1.4676E-07 1.9081E-07 2.1606E-07 2.1642E-07 1.9464E-07 1.5965E-07 1.2104E-07 8.5803E-08 5.7473E-08 3.6707E-08 2.2542E-08 1.3393E-08 7.8759E-09 4.6568E-09 2.5578E-09 1.5927E-09 1.0364E-09 6.3191E-10 4.4856E-10 4.0273E-10 3.5486E-10 3.1581E-10 2.7854E-10 2.5086E-10 2.2348E-10 1.9940E-10 1.7641E-10 1.5840E-10 1.4536E-10 1.2876E-10 1.1771E-10 1.1240E-10 1.0352E-10 1.0021E-10 9.5890E-11
0.0000E+00 0.0000E+00 0.0000E+00 0.0000E+00 0.0000E+00 3.5462E-13 1.8813E-12 5.8278E-12 1.4402E-11 3.1175E-11 7.2639E-11 1.2801E-10 2.2227E-10 3.4681E-10 6.4453E-10 1.1922E-09 2.0709E-09 4.6464E-09 1.0859E-08 2.7467E-08 6.0569E-08 1.1256E-07 1.7378E-07 2.2416E-07 2.4640E-07 2.3562E-07 2.0066E-07 1.5515E-07 1.1054E-07 7.3639E-08 4.6500E-08 2.8061E-08 1.6346E-08 9.3426E-09 5.2834E-09 2.7272E-09 1.6477E-09 1.0247E-09 5.2943E-10 3.5591E-10 3.1704E-10 2.7973E-10 2.4757E-10 2.1842E-10 1.9399E-10 1.7381E-10 1.5351E-10 1.3505E-10 1.2082E-10 1.0933E-10 9.6893E-11 9.0451E-11 8.5871E-11 7.9546E-11 7.6761E-11 7.2668E-11 6.6419E-11
0.0000E+00 0.0000E+00 0.0000E+00 0.0000E+00 0.0000E+00 0.0000E+00 1.6834E-13 1.3340E-12 4.9431E-12 1.2752E-11 3.2006E-11 6.7799E-11 1.2548E-10 1.9846E-10 3.2514E-10 5.9364E-10 1.1963E-09 2.9905E-09 8.9533E-09 2.7765E-08 6.7919E-08 1.3362E-07 2.0904E-07 2.6530E-07 2.7989E-07 2.5284E-07 2.0070E-07 1.4371E-07 9.5137E-08 5.8974E-08 3.4856E-08 1.9782E-08 1.1014E-08 5.9399E-09 2.9894E-09 1.5860E-09 9.6065E-10 4.2047E-10 2.6922E-10 2.3716E-10 2.1050E-10 1.8170E-10 1.6386E-10 1.4514E-10 1.2876E-10 1.1258E-10 9.9715E-11 9.0326E-11 8.1241E-11 7.1967E-11 6.7762E-11 6.3537E-11 5.8975E-11 5.6351E-11 5.2343E-11 4.8184E-11 4.6570E-11
0.0000E+00 0.0000E+00 0.0000E+00 0.0000E+00 0.0000E+00 0.0000E+00 0.0000E+00 3.2486E-14 8.1251E-13 3.6451E-12 1.0141E-11 2.8415E-11 5.7327E-11 1.0530E-10 1.7825E-10 2.8469E-10 5.9826E-10 1.8961E-09 7.7068E-09 2.8424E-08 7.7711E-08 1.6073E-07 2.5341E-07 3.1294E-07 3.1358E-07 2.6348E-07 1.9179E-07 1.2543E-07 7.5792E-08 4.3320E-08 2.3825E-08 1.2699E-08 6.6470E-09 3.1184E-09 1.5019E-09 8.5391E-10 3.0942E-10 1.9242E-10 1.6696E-10 1.5129E-10 1.3024E-10 1.1895E-10 1.0743E-10 9.5650E-11 8.4674E-11 7.5455E-11 6.7722E-11 5.9041E-11 5.3478E-11 5.0588E-11 4.6212E-11 4.3560E-11 4.1604E-11 3.7851E-11 3.6128E-11 3.4990E-11 3.3340E-11
0.0000E+00 0.0000E+00 0.0000E+00 0.0000E+00 0.0000E+00 0.0000E+00 0.0000E+00 0.0000E+00 0.0000E+00 3.2428E-13 2.2409E-12 7.7294E-12 2.0814E-11 4.4301E-11 8.1316E-11 1.4093E-10 2.7414E-10 1.1113E-09 6.3148E-09 2.9592E-08 8.9931E-08 1.9477E-07 3.0616E-07 3.6514E-07 3.4360E-07 2.6455E-07 1.7319E-07 1.0089E-07 5.4684E-08 2.8564E-08 1.4553E-08 7.1964E-09 3.0402E-09 1.3526E-09 7.0208E-10 2.1848E-10 1.3958E-10 1.2231E-10 1.1161E-10 9.7708E-11 8.9163E-11 8.0897E-11 7.2343E-11 6.4700E-11 5.8084E-11 5.1816E-11 4.5426E-11 4.1997E-11 3.8951E-11 3.4957E-11 3.3029E-11 3.0739E-11 2.7153E-11 2.6004E-11 2.4528E-11 2.2904E-11 2.0619E-11
0.0000E+00 0.0000E+00 0.0000E+00 0.0000E+00 0.0000E+00 0.0000E+00 0.0000E+00 0.0000E+00 0.0000E+00 0.0000E+00 4.9693E-14 8.9247E-13 3.5423E-12 1.2124E-11 2.8512E-11 5.6304E-11 1.0289E-10 4.3233E-10 5.2720E-09 3.0546E-08 1.0480E-07 2.3591E-07 3.6618E-07 4.1633E-07 3.6362E-07 2.5290E-07 1.4517E-07 7.3466E-08 3.4969E-08 1.6490E-08 7.3603E-09 3.0059E-09 1.2017E-09 5.3013E-10 1.4065E-10 9.5461E-11 8.5560E-11 7.7508E-11 6.9534E-11 6.3838E-11 5.7960E-11 5.2516E-11 4.7269E-11 4.2321E-11 3.7833E-11 3.4242E-11 3.1955E-11 2.9231E-11 2.6746E-11 2.4817E-11 2.2464E-11 2.0191E-11 1.8848E-11 1.7514E-11 1.5763E-11 1.3792E-11 1.1113E-11
0.0000E+00 0.0000E+00 0.0000E+00 0.0000E+00 0.0000E+00 0.0000E+00 0.0000E+00 0.0000E+00 0.0000E+00 0.0000E+00 0.0000E+00 0.0000E+00 1.2061E-13 1.2134E-12 4.4223E-12 1.3565E-11 2.9819E-11 1.3334E-10 4.0690E-09 3.1520E-08 1.2338E-07 2.8625E-07 4.2902E-07 4.5737E-07 3.6845E-07 2.3027E-07 1.1420E-07 4.7967E-08 1.8757E-08 7.4922E-09 2.6373E-09 9.3644E-10 3.4016E-10 7.6336E-11 5.8273E-11 5.3552E-11 4.8633E-11 4.5411E-11 4.1873E-11 3.8180E-11 3.4868E-11 3.1225E-11 2.8121E-11 2.5555E-11 2.3854E-11 2.1976E-11 2.0145E-11 1.8517E-11 1.6804E-11 1.5202E-11 1.3950E-11 1.2861E-11 1.1680E-11 1.0115E-11 8.2274E-12 6.8703E-12 5.4885E-12
0.0000E+00 0.0000E+00 0.0000E+00 0.0000E+00 0.0000E+00 0.0000E+00 0.0000E+00 0.0000E+00 0.0000E+00 0.0000E+00 0.0000E+00 0.0000E+00 0.0000E+00 0.0000E+00 1.2349E-13 7.8759E-13 3.7859E-12 1.9240E-11 2.9600E-09 3.2466E-08 1.4699E-07 3.4535E-07 4.8646E-07 4.7766E-07 3.5704E-07 2.0520E-07 8.7116E-08 2.7879E-08 7.8115E-09 2.3495E-09 6.3405E-10 1.8698E-10 3.4285E-11 3.1589E-11 2.9891E-11 2.8407E-11 2.6859E-11 2.4757E-11 2.2863E-11 2.0772E-11 1.9040E-11 1.7585E-11 1.6289E-11 1.5085E-11 1.3824E-11 1.2777E-11 1.1535E-11 1.0399E-11 9.4753E-12 8.6286E-12 7.8190E-12 6.6460E-12 5.5441E-12 4.3921E-12 3.6473E-12 3.0172E-12 2.7299E-12
0.0000E+00 0.0000E+00 0.0000E+00 0.0000E+00 0.0000E+00 0.0000E+00 0.0000E+00 0.0000E+00 0.0000E+00 0.0000E+00 0.0000E+00 0.0000E+00 0.0000E+00 0.0000E+00 0.0000E+00 0.0000E+00 5.8586E-14 3.0640E-13 1.8441E-09 3.2833E-08 1.7834E-07 4.1108E-07 5.2333E-07 4.6647E-07 3.3729E-07 1.9167E-07 7.2058E-08 1.5600E-08 2.1546E-09 3.4776E-10 8.2543E-11 1.5326E-11 1.5275E-11 1.4931E-11 1.4366E-11 1.3542E-11 1.2890E-11 1.2004E-11 1.1144E-11 1.0593E-11 9.8043E-12 9.1433E-12 8.4015E-12 7.6932E-12 6.9023E-12 6.2290E-12 5.6024E-12 5.0215E-12 4.3793E-12 3.6578E-12 2.9508E-12 2.3207E-12 1.9551E-12 1.6149E-12 1.4591E-12 1.2641E-12 1.0604E-12
0.0000E+00 0.0000E+00 0.0000E+00 0.0000E+00 0.0000E+00 0.0000E+00 0.0000E+00 0.0000E+00 0.0000E+00 0.0000E+00 0.0000E+00 0.0000E+00 0.0000E+00 0.0000E+00 0.0000E+00 0.0000E+00 0.0000E+00 0.0000E+00 7.5673E-10 3.3430E-08 2.2132E-07 4.7578E-07 5.1771E-07 4.2416E-07 3.2458E-07 2.0239E-07 7.1242E-08 1.0138E-08 3.0153E-10 2.3647E-11 5.3170E-12 5.5204E-12 5.5485E-12 5.4393E-12 5.4361E-12 5.2944E-12 5.1046E-12 4.8493E-12 4.4493E-12 4.1297E-12 3.8319E-12 3.4524E-12 3.1344E-12 2.7582E-12 2.4573E-12 2.0954E-12 1.7248E-12 1.3690E-12 1.0198E-12 8.6423E-13 6.9076E-13 6.4923E-13 5.8037E-13 4.9620E-13 3.9743E-13 2.8496E-13 1.7761E-13
0.0000E+00 0.0000E+00 0.0000E+00 0.0000E+00 0.0000E+00 0.0000E+00 0.0000E+00 0.0000E+00 0.0000E+00 0.0000E+00 0.0000E+00 0.0000E+00 0.0000E+00 0.0000E+00 0.0000E+00 0.0000E+00 0.0000E+00 0.0000E+00 2.1536E-10 3.3156E-08 2.8055E-07 5.1057E-07 4.5636E-07 3.7639E-07 3.3113E-07 2.4477E-07 8.7517E-08 7.6546E-09 1.8909E-12 6.8663E-13 7.9209E-13 9.2040E-13 9.9776E-13 1.0494E-12 1.0897E-12 1.0897E-12 1.0483E-12 9.6520E-13 8.4078E-13 7.0269E-13 6.4833E-13 5.8752E-13 4.9758E-13 3.7918E-13 2.7333E-13 2.0313E-13 1.4683E-13 1.4673E-13 1.4169E-13 1.3165E-13 1.1663E-13 9.6694E-14 7.1985E-14 4.2708E-14 9.1230E-15 0.0000E+00 0.0000E+00
0.0000E+00 0.0000E+00 0.0000E+00 0.0000E+00 0.0000E+00 0.0000E+00 0.0000E+00 0.0000E+00 0.0000E+00 0.0000E+00 0.0000E+00 0.0000E+00 0.0000E+00 0.0000E+00 0.0000E+00 0.0000E+00 0.0000E+00 0.0000E+00 5.4203E-11 3.7610E-08 3.3682E-07 4.7531E-07 3.9517E-07 3.6184E-07 3.5436E-07 3.1484E-07 9.4715E-08 5.8893E-09 0.0000E+00 0.0000E+00 0.0000E+00 0.0000E+00 0.0000E+00 0.0000E+00 0.0000E+00 0.0000E+00 0.0000E+00 0.0000E+00 0.0000E+00 0.0000E+00 0.0000E+00 0.0000E+00 0.0000E+00 0.0000E+00 0.0000E+00 0.0000E+00 0.0000E+00 0.0000E+00 0.0000E+00 0.0000E+00 0.0000E+00 0.0000E+00 0.0000E+00 0.0000E+00 0.0000E+00 0.0000E+00 0.0000E+00
0.0000E+00 0.0000E+00 0.0000E+00 0.0000E+00 0.0000E+00 0.0000E+00 0.0000E+00 0.0000E+00 0.0000E+00 0.0000E+00 0.0000E+00 0.0000E+00 0.0000E+00 0.0000E+00 0.0000E+00 0.0000E+00 0.0000E+00 0.0000E+00 3.8834E-11 3.6622E-08 3.1760E-07 3.9227E-07 3.7170E-07 3.7009E-07 3.9395E-07 4.2243E-07 6.6970E-08 3.7201E-10 0.0000E+00 0.0000E+00 0.0000E+00 0.0000E+00 0.0000E+00 0.0000E+00 0.0000E+00 0.0000E+00 0.0000E+00 0.0000E+00 0.0000E+00 0.0000E+00 0.0000E+00 0.0000E+00 0.0000E+00 0.0000E+00 0.0000E+00 0.0000E+00 0.0000E+00 0.0000E+00 0.0000E+00 0.0000E+00 0.0000E+00 0.0000E+00 0.0000E+00 0.0000E+00 0.0000E+00 0.0000E+00 0.0000E+00
0.0000E+00 0.0000E+00 0.0000E+00 0.0000E+00 0.0000E+00 0.0000E+00 0.0000E+00 0.0000E+00 0.0000E+00 0.0000E+00 0.0000E+00 0.0000E+00 0.0000E+00 0.0000E+00 0.0000E+00 0.0000E+00 0.0000E+00 0.0000E+00 3.3879E-12 1.5480E-08 2.4423E-07 3.9075E-07 3.9092E-07 3.8932E-07 5.0173E-07 4.6130E-07 2.0413E-08 5.3326E-13 0.0000E+00 0.0000E+00 0.0000E+00 0.0000E+00 0.0000E+00 0.0000E+00 0.0000E+00 0.0000E+00 0.0000E+00 0.0000E+00 0.0000E+00 0.0000E+00 0.0000E+00 0.0000E+00 0.0000E+00 0.0000E+00 0.0000E+00 0.0000E+00 0.0000E+00 0.0000E+00 0.0000E+00 0.0000E+00 0.0000E+00 0.0000E+00 0.0000E+00 0.0000E+00 0.0000E+00 0.0000E+00 0.0000E+00
0.0000E+00 0.0000E+00 0.0000E+00 0.0000E+00 0.0000E+00 0.0000E+00 0.0000E+00 0.0000E+00 0.0000E+00 0.0000E+00 0.0000E+00 0.0000E+00 0.0000E+00 0.0000E+00 0.0000E+00 0.0000E+00 0.0000E+00 0.0000E+00 0.0000E+00 1.6805E-09 1.6408E-07 4.1614E-07 4.2034E-07 4.1796E-07 8.0253E-07 3.0293E-07 4.4525E-11 0.0000E+00 0.0000E+00 0.0000E+00 0.0000E+00 0.0000E+00 0.0000E+00 0.0000E+00 0.0000E+00 0.0000E+00 0.0000E+00 0.0000E+00 0.0000E+00 0.0000E+00 0.0000E+00 0.0000E+00 0.0000E+00 0.0000E+00 0.0000E+00 0.0000E+00 0.0000E+00 0.0000E+00 0.0000E+00 0.0000E+00 0.0000E+00 0.0000E+00 0.0000E+00 0.0000E+00 0.0000E+00 0.0000E+00 0.0000E+00
0.0000E+00 0.0000E+00 0.0000E+00 0.0000E+00 0.0000E+00 0.0000E+00 0.0000E+00 0.0000E+00 0.0000E+00 0.0000E+00 0.0000E+00 0.0000E+00 0.0000E+00 0.0000E+00 0.0000E+00 0.0000E+00 0.0000E+00 0.0000E+00 0.0000E+00 0.0000E+00 6.7557E-08 4.3861E-07 4.5372E-07 4.6748E-07 1.3291E-06 6.6588E-08 0.0000E+00 0.0000E+00 0.0000E+00 0.0000E+00 0.0000E+00 0.0000E+00 0.0000E+00 0.0000E+00 0.0000E+00 0.0000E+00 0.0000E+00 0.0000E+00 0.0000E+00 0.0000E+00 0.0000E+00 0.0000E+00 0.0000E+00 0.0000E+00 0.0000E+00 0.0000E+00 0.0000E+00 0.0000E+00 0.0000E+00 0.0000E+00 0.0000E+00 0.0000E+00 0.0000E+00 0.0000E+00 0.0000E+00 0.0000E+00 0.0000E+00
0.0000E+00 0.0000E+00 0.0000E+00 0.0000E+00 0.0000E+00 0.0000E+00 0.0000E+00 0.0000E+00 0.0000E+00 0.0000E+00 0.0000E+00 0.0000E+00 0.0000E+00 0.0000E+00 0.0000E+00 0.0000E+00 0.0000E+00 0.0000E+00 0.0000E+00 0.0000E+00 1.0255E-08 4.3330E-07 4.9890E-07 6.3148E-07 1.2446E-06 0.0000E+00 0.0000E+00 0.0000E+00 0.0000E+00 0.0000E+00 0.0000E+00 0.0000E+00 0.0000E+00 0.0000E+00 0.0000E+00 0.0000E+00 0.0000E+00 0.0000E+00 0.0000E+00 0.0000E+00 0.0000E+00 0.0000E+00 0.0000E+00 0.0000E+00 0.0000E+00 0.0000E+00 0.0000E+00 0.0000E+00 0.0000E+00 0.0000E+00 0.0000E+00 0.0000E+00 0.0000E+00 0.0000E+00 0.0000E+00 0.0000E+00 0.0000E+00
