Assets/Resources/2015_m01_d07_0800(utc+0800)_l00_csi_1hr_conc.grd
DSAA
         159         159
     -79.000      79.000
     -79.000      79.000
  0.0000E+00  0.5291E-05
[rows 50 to 74 of 159, columns 57 to 113 of 159]
1.8434E-09 2.0273E-09 2.2256E-09 2.4390E-09 2.6675E-09 2.9117E-09 3.1715E-09 3.4470E-09 3.7612E-09 4.1662E-09 4.6149E-09 5.1363E-09 5.8244E-09 7.1013E-09 8.8682E-09 1.0651E-08 1.2825E-08 1.5306E-08 1.8084E-08 2.1021E-08 2.4458E-08 2.7367E-08 3.0153E-08 3.2674E-08 3.4852E-08 3.6810E-08 3.7324E-08 3.1546E-08 3.0733E-08 3.0786E-08 3.1025E-08 3.1245E-08 3.1366E-08 3.1358E-08 3.1205E-08 3.0908E-08 3.0466E-08 2.9885E-08 2.9176E-08 2.7966E-08 2.7076E-08 2.6107E-08 2.5048E-08 2.3943E-08 2.2818E-08 2.6556E-08 2.2441E-08 2.0502E-08 1.9036E-08 1.7755E-08 1.6598E-08 1.5516E-08 1.4504E-08 1.3568E-08 1.2692E-08 1.1871E-08 1.1099E-08
1.7685E-09 1.9459E-09 2.1369E-09 2.3424E-09 2.5628E-09 2.7981E-09 3.0486E-09 3.3334E-09 3.6204E-09 3.9745E-09 4.4670E-09 4.9449E-09 5.4874E-09 6.6541E-09 8.0903E-09 9.6743E-09 1.1651E-08 1.4032E-08 1.7199E-08 2.0226E-08 2.3427E-08 2.6623E-08 2.9662E-08 3.2525E-08 3.5090E-08 3.7271E-08 3.9083E-08 4.0616E-08 3.7329E-08 3.3581E-08 3.2811E-08 3.2621E-08 3.2532E-08 3.2389E-08 3.2133E-08 3.1742E-08 3.1213E-08 3.0552E-08 2.9766E-08 2.8868E-08 2.7462E-08 2.6424E-08 2.5326E-08 2.4185E-08 2.2995E-08 2.1806E-08 3.2297E-08 2.2542E-08 1.9763E-08 1.8070E-08 1.6720E-08 1.5542E-08 1.4467E-08 1.3474E-08 1.2559E-08 1.1713E-08 1.0928E-08
1.6927E-09 1.8627E-09 2.0465E-09 2.2440E-09 2.4554E-09 2.6816E-09 2.9227E-09 3.1986E-09 3.4756E-09 3.8167E-09 4.2636E-09 4.7307E-09 5.6260E-09 6.2960E-09 7.2677E-09 8.8309E-09 1.0572E-08 1.3208E-08 1.5834E-08 1.8839E-08 2.2085E-08 2.5455E-08 2.8820E-08 3.1960E-08 3.4862E-08 3.7409E-08 3.9585E-08 4.1251E-08 4.2554E-08 4.3537E-08 3.7774E-08 3.5087E-08 3.4212E-08 3.3712E-08 3.3249E-08 3.2708E-08 3.2051E-08 3.1270E-08 3.0379E-08 2.9383E-08 2.8297E-08 2.7141E-08 2.5536E-08 2.4329E-08 2.3102E-08 2.1865E-08 2.0631E-08 1.9421E-08 2.5148E-08 1.9280E-08 1.7120E-08 1.5649E-08 1.4448E-08 1.3382E-08 1.2419E-08 1.1541E-08 1.0732E-08
1.6156E-09 1.7786E-09 1.9544E-09 2.1434E-09 2.3464E-09 2.5630E-09 2.8102E-09 3.0609E-09 3.3274E-09 3.6618E-09 4.0601E-09 4.8074E-09 5.4390E-09 6.1220E-09 6.9497E-09 8.4742E-09 9.7099E-09 1.2106E-08 1.4492E-08 1.7326E-08 2.0543E-08 2.3989E-08 2.7529E-08 3.0996E-08 3.4196E-08 3.7092E-08 3.9572E-08 4.1626E-08 4.3241E-08 4.4251E-08 4.4939E-08 4.5288E-08 3.8034E-08 3.5840E-08 3.4756E-08 3.3894E-08 3.3027E-08 3.2084E-08 3.1045E-08 2.9916E-08 2.8716E-08 2.7458E-08 2.6157E-08 2.4425E-08 2.3131E-08 2.1839E-08 2.0563E-08 1.9316E-08 1.8102E-08 1.6616E-08 2.0005E-08 1.6313E-08 1.4597E-08 1.3344E-08 1.2287E-08 1.1360E-08 1.0522E-08
1.5381E-09 1.6936E-09 1.8612E-09 2.0419E-09 2.2355E-09 2.4427E-09 2.6806E-09 2.9210E-09 3.2181E-09 3.5041E-09 4.0551E-09 4.6670E-09 5.2718E-09 5.9428E-09 7.1650E-09 8.2229E-09 9.4728E-09 1.0863E-08 1.3368E-08 1.5928E-08 1.8942E-08 2.2331E-08 2.5928E-08 2.9553E-08 3.3066E-08 3.6291E-08 3.9130E-08 4.1491E-08 4.3377E-08 4.4777E-08 4.5651E-08 4.5975E-08 4.5991E-08 4.3724E-08 3.7684E-08 3.5642E-08 3.4275E-08 3.3042E-08 3.1798E-08 3.0503E-08 2.9156E-08 2.7767E-08 2.6356E-08 2.4934E-08 2.3106E-08 2.1751E-08 2.0420E-08 1.9128E-08 1.7887E-08 1.6692E-08 1.5246E-08 1.4236E-08 1.6086E-08 1.3640E-08 1.2264E-08 1.1209E-08 1.0316E-08
1.4602E-09 1.6079E-09 1.7677E-09 1.9395E-09 2.1240E-09 2.3346E-09 2.5499E-09 2.7797E-09 3.0684E-09 3.3696E-09 3.8871E-09 4.4387E-09 5.1079E-09 6.1570E-09 7.0258E-09 8.0982E-09 9.3358E-09 1.0655E-08 1.2768E-08 1.4844E-08 1.7548E-08 2.0702E-08 2.4204E-08 2.7884E-08 3.1550E-08 3.5048E-08 3.8189E-08 4.0896E-08 4.3104E-08 4.4774E-08 4.5918E-08 4.6554E-08 4.6609E-08 4.6230E-08 4.5568E-08 4.0603E-08 3.6439E-08 3.4369E-08 3.2722E-08 3.1175E-08 2.9638E-08 2.8093E-08 2.6543E-08 2.5009E-08 2.3495E-08 2.1607E-08 2.0220E-08 1.8880E-08 1.7597E-08 1.6380E-08 1.4887E-08 1.3838E-08 1.2850E-08 1.8479E-08 1.2993E-08 1.1264E-08 1.0172E-08
1.3821E-09 1.5225E-09 1.6738E-09 1.8370E-09 2.0123E-09 2.2136E-09 2.4185E-09 2.6714E-09 2.9173E-09 3.3045E-09 3.7571E-09 4.2320E-09 5.1934E-09 6.0086E-09 6.9100E-09 7.9955E-09 9.2504E-09 1.0623E-08 1.2162E-08 1.4464E-08 1.6754E-08 1.9397E-08 2.2628E-08 2.6168E-08 2.9845E-08 3.3493E-08 3.6876E-08 3.9863E-08 4.2353E-08 4.4298E-08 4.5704E-08 4.6540E-08 4.6863E-08 4.6699E-08 4.5954E-08 4.4905E-08 4.3622E-08 3.7517E-08 3.4211E-08 3.2067E-08 3.0211E-08 2.8453E-08 2.6742E-08 2.5070E-08 2.3444E-08 2.1875E-08 1.9966E-08 1.8577E-08 1.7255E-08 1.6007E-08 1.4833E-08 1.3408E-08 1.2422E-08 1.1499E-08 1.0652E-08 1.3568E-08 1.0459E-08
1.3046E-09 1.4371E-09 1.5805E-09 1.7350E-09 1.9112E-09 2.0926E-09 2.2872E-09 2.5305E-09 2.7872E-09 3.1466E-09 3.5754E-09 4.0676E-09 4.9888E-09 5.8217E-09 6.7603E-09 7.8836E-09 9.1846E-09 1.0591E-08 1.2194E-08 1.3973E-08 1.6458E-08 1.8936E-08 2.1659E-08 2.4783E-08 2.8278E-08 3.1859E-08 3.5322E-08 3.8515E-08 4.1266E-08 4.3478E-08 4.5094E-08 4.6119E-08 4.6582E-08 4.6528E-08 4.6052E-08 4.5129E-08 4.3665E-08 4.2067E-08 4.0303E-08 3.3974E-08 3.1105E-08 2.8925E-08 2.6971E-08 2.5131E-08 2.3377E-08 2.1704E-08 2.0116E-08 1.8225E-08 1.6863E-08 1.5583E-08 1.4394E-08 1.3282E-08 1.1949E-08 1.1029E-08 1.0186E-08 9.4125E-09 8.6969E-09
1.2277E-09 1.3527E-09 1.4880E-09 1.6338E-09 1.8008E-09 1.9724E-09 2.1827E-09 2.3898E-09 2.6366E-09 2.9569E-09 3.4181E-09 4.0503E-09 4.7741E-09 5.6676E-09 6.6003E-09 7.7580E-09 9.1067E-09 1.0576E-08 1.2223E-08 1.4076E-08 1.6100E-08 1.8842E-08 2.1404E-08 2.4252E-08 2.7206E-08 3.0529E-08 3.3898E-08 3.7097E-08 3.9962E-08 4.2370E-08 4.4204E-08 4.5429E-08 4.6047E-08 4.6094E-08 4.5630E-08 4.4763E-08 4.3524E-08 4.1894E-08 3.9956E-08 3.7985E-08 3.4456E-08 2.9938E-08 2.7360E-08 2.5232E-08 2.3305E-08 2.1512E-08 1.9834E-08 1.8265E-08 1.6428E-08 1.5120E-08 1.3910E-08 1.2794E-08 1.1438E-08 1.0531E-08 9.6899E-09 8.9270E-09 8.2264E-09
1.1520E-09 1.2696E-09 1.3968E-09 1.5360E-09 1.6918E-09 1.8535E-09 2.0538E-09 2.2672E-09 2.5045E-09 2.8002E-09 3.3497E-09 3.8680E-09 4.5762E-09 5.4270E-09 6.4321E-09 7.6269E-09 9.0167E-09 1.0548E-08 1.2266E-08 1.4196E-08 1.6295E-08 1.8590E-08 2.1031E-08 2.4223E-08 2.7062E-08 3.0036E-08 3.2948E-08 3.6022E-08 3.8832E-08 4.1244E-08 4.3173E-08 4.4527E-08 4.5269E-08 4.5420E-08 4.5036E-08 4.4182E-08 4.2923E-08 4.1375E-08 3.9576E-08 3.7463E-08 3.5244E-08 3.3054E-08 2.8884E-08 2.5594E-08 2.3297E-08 2.1319E-08 1.9529E-08 1.7885E-08 1.5962E-08 1.4623E-08 1.3391E-08 1.2271E-08 1.1241E-08 1.0002E-08 9.1762E-09 8.4315E-09 7.7413E-09
1.0778E-09 1.1880E-09 1.3073E-09 1.4380E-09 1.5845E-09 1.7492E-09 1.9263E-09 2.1293E-09 2.3935E-09 2.6696E-09 3.0262E-09 3.6898E-09 4.4009E-09 5.2283E-09 6.2358E-09 7.4794E-09 8.8542E-09 1.0512E-08 1.2303E-08 1.4322E-08 1.6508E-08 1.8870E-08 2.1377E-08 2.4041E-08 2.7284E-08 3.0131E-08 3.2966E-08 3.5657E-08 3.8149E-08 4.0466E-08 4.2306E-08 4.3608E-08 4.4390E-08 4.4571E-08 4.4219E-08 4.3378E-08 4.2132E-08 4.0571E-08 3.8730E-08 3.6734E-08 3.4615E-08 3.2265E-08 2.9984E-08 2.7801E-08 2.3772E-08 2.1225E-08 1.9218E-08 1.7480E-08 1.5911E-08 1.4101E-08 1.2853E-08 1.1722E-08 1.0697E-08 9.4489E-09 8.6444E-09 7.9158E-09 7.2527E-09
1.0054E-09 1.1084E-09 1.2199E-09 1.3418E-09 1.4794E-09 1.6344E-09 1.8138E-09 2.0200E-09 2.2482E-09 2.5676E-09 2.8941E-09 3.2875E-09 4.1891E-09 5.0136E-09 6.0389E-09 7.2540E-09 8.7439E-09 1.0464E-08 1.2330E-08 1.4450E-08 1.6729E-08 1.9185E-08 2.1811E-08 2.4539E-08 2.7323E-08 3.0124E-08 3.3334E-08 3.5948E-08 3.8325E-08 4.0291E-08 4.1905E-08 4.3081E-08 4.3691E-08 4.3749E-08 4.3327E-08 4.2439E-08 4.1154E-08 3.9543E-08 3.7686E-08 3.5643E-08 3.3504E-08 3.1330E-08 2.9116E-08 2.6806E-08 2.4649E-08 2.2552E-08 1.9130E-08 1.7075E-08 1.5401E-08 1.3523E-08 1.2278E-08 1.1151E-08 1.0132E-08 8.8817E-09 8.0994E-09 7.3890E-09 6.7537E-09
9.3511E-10 1.0310E-09 1.1348E-09 1.2480E-09 1.3770E-09 1.5219E-09 1.6911E-09 1.9019E-09 2.1267E-09 2.4183E-09 2.7647E-09 3.1656E-09 3.9818E-09 4.8006E-09 5.8423E-09 7.0953E-09 8.6292E-09 1.0402E-08 1.2345E-08 1.4586E-08 1.6958E-08 1.9548E-08 2.2270E-08 2.5106E-08 2.8016E-08 3.0900E-08 3.3668E-08 3.6200E-08 3.8406E-08 4.0217E-08 4.2105E-08 4.2914E-08 4.3339E-08 4.3241E-08 4.2610E-08 4.1561E-08 4.0170E-08 3.8476E-08 3.6540E-08 3.4455E-08 3.2297E-08 3.0094E-08 2.7866E-08 2.5724E-08 2.3598E-08 2.1527E-08 1.9622E-08 1.7305E-08 1.5034E-08 1.3418E-08 1.1684E-08 1.0533E-08 9.5319E-09 8.6263E-09 7.5207E-09 6.8448E-09 6.2474E-09
8.6707E-10 9.5605E-10 1.0524E-09 1.1569E-09 1.2775E-09 1.4120E-09 1.5817E-09 1.7716E-09 2.0272E-09 2.2889E-09 2.6082E-09 3.0494E-09 3.5030E-09 4.5848E-09 5.6547E-09 6.9452E-09 8.5239E-09 1.0298E-08 1.2459E-08 1.4734E-08 1.7216E-08 1.9950E-08 2.2790E-08 2.5796E-08 2.8834E-08 3.1846E-08 3.4726E-08 3.7336E-08 3.9558E-08 4.1265E-08 4.2414E-08 4.3021E-08 4.3059E-08 4.2556E-08 4.2044E-08 4.0792E-08 3.9205E-08 3.7374E-08 3.5366E-08 3.3225E-08 3.1010E-08 2.8770E-08 2.6553E-08 2.4399E-08 2.2352E-08 2.0403E-08 1.8504E-08 1.6752E-08 1.5165E-08 1.3153E-08 1.1163E-08 9.9732E-09 8.9569E-09 8.0624E-09 6.9594E-09 6.2972E-09 5.7207E-09
8.0152E-10 8.8382E-10 9.7293E-10 1.0691E-09 1.1814E-09 1.3042E-09 1.4763E-09 1.6611E-09 1.8904E-09 2.1628E-09 2.4844E-09 2.8912E-09 3.3386E-09 3.8875E-09 5.4463E-09 6.8238E-09 8.4181E-09 1.0329E-08 1.2580E-08 1.4958E-08 1.7541E-08 2.0447E-08 2.3485E-08 2.6635E-08 2.9869E-08 3.3077E-08 3.6120E-08 3.8838E-08 4.1074E-08 4.2681E-08 4.3607E-08 4.3849E-08 4.3496E-08 4.2682E-08 4.1451E-08 3.9840E-08 3.7930E-08 3.5819E-08 3.4087E-08 3.1891E-08 2.9651E-08 2.7404E-08 2.5192E-08 2.3046E-08 2.1012E-08 1.9099E-08 1.7312E-08 1.5681E-08 1.4096E-08 1.2692E-08 1.1015E-08 9.4861E-09 8.3955E-09 7.5209E-09 6.4286E-09 5.7904E-09 5.2379E-09
7.3332E-10 8.1450E-10 8.9663E-10 9.8528E-10 1.0876E-09 1.2015E-09 1.3629E-09 1.5553E-09 1.7694E-09 2.0171E-09 2.3671E-09 2.7297E-09 3.1678E-09 3.6996E-09 5.1895E-09 6.6792E-09 8.4600E-09 1.0524E-08 1.2845E-08 1.5374E-08 1.8175E-08 2.1123E-08 2.4378E-08 2.7756E-08 3.1243E-08 3.4755E-08 3.8081E-08 4.1000E-08 4.3268E-08 4.4720E-08 4.5306E-08 4.5079E-08 4.4196E-08 4.2799E-08 4.1071E-08 3.9183E-08 3.7136E-08 3.4920E-08 3.2592E-08 3.0217E-08 2.7845E-08 2.5540E-08 2.3716E-08 2.1646E-08 1.9649E-08 1.7794E-08 1.6073E-08 1.4489E-08 1.3045E-08 1.1714E-08 1.0462E-08 9.0134E-09 8.0599E-09 6.9914E-09 5.8815E-09 5.2669E-09 4.7574E-09
6.6154E-10 7.4282E-10 8.2369E-10 9.0500E-10 9.9680E-10 1.1043E-09 1.2647E-09 1.4338E-09 1.6525E-09 1.8983E-09 2.2148E-09 2.5650E-09 2.9901E-09 3.5051E-09 4.1419E-09 6.4672E-09 8.4914E-09 1.0817E-08 1.3546E-08 1.6198E-08 1.9196E-08 2.2226E-08 2.5676E-08 2.9295E-08 3.3178E-08 3.7124E-08 4.0881E-08 4.4104E-08 4.6463E-08 4.7710E-08 4.7788E-08 4.6870E-08 4.5221E-08 4.3109E-08 4.0771E-08 3.8338E-08 3.5899E-08 3.3553E-08 3.1207E-08 2.8837E-08 2.6491E-08 2.4218E-08 2.2031E-08 1.9951E-08 1.7985E-08 1.6170E-08 1.4495E-08 1.3259E-08 1.1916E-08 1.0697E-08 9.5893E-09 8.1761E-09 7.2979E-09 6.5461E-09 5.4229E-09 4.7656E-09 4.2726E-09
6.0097E-10 6.6781E-10 7.4855E-10 8.2806E-10 9.1019E-10 1.0084E-09 1.1721E-09 1.3183E-09 1.5239E-09 1.7871E-09 2.0622E-09 2.3973E-09 2.8059E-09 3.3029E-09 3.9086E-09 4.6692E-09 8.5618E-09 1.1330E-08 1.4524E-08 1.7745E-08 2.1148E-08 2.4289E-08 2.7849E-08 3.1611E-08 3.5900E-08 4.0457E-08 4.4869E-08 4.8631E-08 5.1168E-08 5.2090E-08 5.1402E-08 4.9448E-08 4.6694E-08 4.3610E-08 4.0485E-08 3.7474E-08 3.4644E-08 3.1934E-08 2.9414E-08 2.7061E-08 2.4798E-08 2.2611E-08 2.0511E-08 1.8519E-08 1.6661E-08 1.4955E-08 1.3383E-08 1.1949E-08 1.0652E-08 9.4873E-09 8.4454E-09 7.1220E-09 6.3516E-09 5.6363E-09 4.6608E-09 4.3667E-09 3.8378E-09
5.3667E-10 6.0437E-10 6.6999E-10 7.4939E-10 8.2824E-10 9.2223E-10 1.0680E-09 1.2087E-09 1.4165E-09 1.6499E-09 1.9096E-09 2.2273E-09 2.6160E-09 3.0903E-09 3.6656E-09 4.3723E-09 7.7836E-09 1.2475E-08 1.6245E-08 2.0222E-08 2.4268E-08 2.7843E-08 3.1684E-08 3.5395E-08 4.0114E-08 4.5426E-08 5.0714E-08 5.5290E-08 5.8138E-08 5.8557E-08 5.6627E-08 5.3052E-08 4.8708E-08 4.4304E-08 4.0207E-08 3.6515E-08 3.3257E-08 3.0331E-08 2.7627E-08 2.5089E-08 2.2825E-08 2.0752E-08 1.8783E-08 1.6922E-08 1.5184E-08 1.3597E-08 1.2151E-08 1.0834E-08 9.6447E-09 8.5794E-09 7.6302E-09 6.3814E-09 5.6859E-09 5.0799E-09 4.5402E-09 3.7168E-09 3.3202E-09
4.8894E-10 5.3717E-10 6.0383E-10 6.6818E-10 7.4607E-10 8.4417E-10 9.6696E-10 1.1071E-09 1.3139E-09 1.5150E-09 1.7579E-09 2.0559E-09 2.4215E-09 2.8690E-09 3.4135E-09 4.0722E-09 4.8849E-09 1.5186E-08 2.1524E-08 2.5204E-08 2.9841E-08 3.3749E-08 3.8023E-08 4.1916E-08 4.7116E-08 5.3418E-08 6.0164E-08 6.6151E-08 6.9447E-08 6.8739E-08 6.4411E-08 5.8083E-08 5.1301E-08 4.5143E-08 3.9857E-08 3.5454E-08 3.1737E-08 2.8597E-08 2.5800E-08 2.3262E-08 2.0927E-08 1.8780E-08 1.6923E-08 1.5214E-08 1.3624E-08 1.2178E-08 1.0856E-08 9.6636E-09 8.5943E-09 7.6376E-09 6.7862E-09 5.6215E-09 5.0089E-09 4.4746E-09 3.9977E-09 3.2703E-09 2.9286E-09
4.4376E-10 4.8744E-10 5.3459E-10 6.0004E-10 6.6295E-10 7.5646E-10 8.7086E-10 1.0008E-09 1.1919E-09 1.3832E-09 1.6078E-09 1.8841E-09 2.2243E-09 2.6418E-09 3.1508E-09 3.7651E-09 4.5048E-09 5.4117E-09 2.0348E-08 4.6042E-08 4.4817E-08 4.6661E-08 4.9284E-08 5.2467E-08 5.9287E-08 6.7218E-08 7.6589E-08 8.5275E-08 8.8814E-08 8.5303E-08 7.6254E-08 6.5444E-08 5.5000E-08 4.6321E-08 3.9486E-08 3.4216E-08 3.0053E-08 2.6752E-08 2.3906E-08 2.1390E-08 1.9136E-08 1.7083E-08 1.5194E-08 1.3507E-08 1.2058E-08 1.0753E-08 9.5680E-09 8.5018E-09 7.5492E-09 6.7024E-09 5.9518E-09 4.8735E-09 4.3402E-09 3.8771E-09 3.1157E-09 2.7973E-09 2.5149E-09
4.0144E-10 4.4087E-10 4.8345E-10 5.2949E-10 5.9382E-10 6.6710E-10 7.7629E-10 9.1367E-10 1.0726E-09 1.2550E-09 1.4605E-09 1.7141E-09 2.0270E-09 2.4117E-09 2.8814E-09 3.4491E-09 4.1268E-09 4.9375E-09 5.9115E-09 2.6942E-08 6.2725E-08 9.9867E-08 7.8672E-08 7.4546E-08 7.8478E-08 8.8619E-08 1.0423E-07 1.1930E-07 1.2375E-07 1.1481E-07 9.6490E-08 7.6545E-08 5.9785E-08 4.7400E-08 3.8721E-08 3.2621E-08 2.8155E-08 2.4683E-08 2.1848E-08 1.9433E-08 1.7308E-08 1.5395E-08 1.3652E-08 1.2062E-08 1.0631E-08 9.4044E-09 8.3459E-09 7.3976E-09 6.5573E-09 5.8159E-09 5.1633E-09 4.1688E-09 3.7111E-09 3.3119E-09 2.6159E-09 2.3488E-09 2.1182E-09
3.6200E-10 3.9751E-10 4.3606E-10 4.7773E-10 5.2246E-10 5.9285E-10 6.7876E-10 8.0776E-10 9.5868E-10 1.1301E-09 1.3174E-09 1.5476E-09 1.8320E-09 2.1820E-09 2.6100E-09 3.1275E-09 3.7453E-09 4.4727E-09 5.3307E-09 1.0622E-08 3.4367E-08 8.2102E-08 1.4998E-07 1.5212E-07 1.1952E-07 1.2175E-07 1.4897E-07 1.8103E-07 1.8897E-07 1.6436E-07 1.2513E-07 8.9516E-08 6.3662E-08 4.6937E-08 3.6494E-08 2.9861E-08 2.5419E-08 2.2198E-08 1.9594E-08 1.7407E-08 1.5407E-08 1.3716E-08 1.2159E-08 1.0729E-08 9.4354E-09 8.2786E-09 7.2522E-09 6.4025E-09 5.6619E-09 5.0096E-09 4.4398E-09 3.5286E-09 3.1463E-09 2.8059E-09 2.1638E-09 1.9447E-09 1.7562E-09
3.2549E-10 3.5758E-10 3.9231E-10 4.2970E-10 4.6981E-10 5.1764E-10 5.9902E-10 7.0225E-10 8.4494E-10 1.0045E-09 1.1801E-09 1.3866E-09 1.6419E-09 1.9565E-09 2.3410E-09 2.8060E-09 3.3612E-09 4.0138E-09 4.7697E-09 5.6443E-09 1.1897E-08 4.0974E-08 9.9325E-08 1.8004E-07 2.6508E-07 2.0779E-07 2.3300E-07 3.0477E-07 3.0940E-07 2.3995E-07 1.5759E-07 9.7469E-08 6.1941E-08 4.2617E-08 3.2087E-08 2.6125E-08 2.2160E-08 1.9469E-08 1.7375E-08 1.5499E-08 1.3798E-08 1.2232E-08 1.0791E-08 9.4858E-09 8.3205E-09 7.2810E-09 6.3654E-09 5.5063E-09 4.8250E-09 4.2546E-09 3.8111E-09 2.9653E-09 2.6417E-09 2.3651E-09 1.7750E-09 1.5769E-09 1.4061E-09
2.9207E-10 3.2084E-10 3.5188E-10 3.8529E-10 4.2109E-10 4.6214E-10 5.1845E-10 6.0961E-10 7.3126E-10 8.7978E-10 1.0441E-09 1.2328E-09 1.4593E-09 1.7381E-09 2.0787E-09 2.4907E-09 2.9823E-09 3.5602E-09 4.2277E-09 4.9859E-09 5.8434E-09 1.2323E-08 4.2892E-08 1.0718E-07 1.9529E-07 3.0373E-07 5.1508E-07 6.0439E-07 5.4990E-07 3.2955E-07 1.7176E-07 9.1123E-08 5.3863E-08 3.6466E-08 2.7890E-08 2.3072E-08 1.9892E-08 1.7527E-08 1.5541E-08 1.3785E-08 1.2223E-08 1.0794E-08 9.4959E-09 8.3251E-09 7.2106E-09 6.2952E-09 5.4995E-09 4.7462E-09 4.1571E-09 3.6512E-09 3.1966E-09 2.4107E-09 2.1029E-09 1.8444E-09 1.3144E-09 1.1580E-09 1.0773E-09
