Assets/Resources/2015_m01_d20_1500(utc+0800)_l00_csi_1hr_conc.grd
DSAA
         159         159
     -79.000      79.000
     -79.000      79.000
  0.4781E-09  0.9446E-06
[rows 75 to 99 of 159, columns 57 to 113 of 159]
9.7165E-09 8.7672E-09 8.0019E-09 7.4600E-09 7.0302E-09 6.6991E-09 6.4714E-09 6.3304E-09 6.2860E-09 6.3325E-09 6.4001E-09 6.4734E-09 6.5450E-09 6.6140E-09 6.6801E-09 6.7428E-09 6.8021E-09 6.8581E-09 6.9107E-09 6.9598E-09 7.0055E-09 7.0472E-09 7.0850E-09 7.1184E-09 7.1472E-09 7.1715E-09 7.1917E-09 7.2077E-09 7.2192E-09 7.2264E-09 7.2294E-09 7.2278E-09 7.2222E-09 7.2124E-09 7.1985E-09 7.1806E-09 7.1593E-09 7.1342E-09 7.1041E-09 7.0714E-09 7.0336E-09 6.9915E-09 6.9453E-09 6.8965E-09 6.8419E-09 6.7845E-09 6.7237E-09 6.6578E-09 6.5898E-09 6.5195E-09 6.4447E-09 6.3658E-09 6.2848E-09 6.2010E-09 6.1137E-09 6.0234E-09 5.9316E-09
1.3575E-08 1.2312E-08 1.1211E-08 1.0320E-08 9.4976E-09 8.7618E-09 8.1191E-09 7.6096E-09 7.1865E-09 6.9413E-09 6.8014E-09 6.7239E-09 6.7510E-09 6.8218E-09 6.8898E-09 6.9546E-09 7.0161E-09 7.0740E-09 7.1279E-09 7.1783E-09 7.2250E-09 7.2676E-09 7.3063E-09 7.3408E-09 7.3709E-09 7.3964E-09 7.4171E-09 7.4330E-09 7.4447E-09 7.4517E-09 7.4541E-09 7.4519E-09 7.4451E-09 7.4339E-09 7.4185E-09 7.3988E-09 7.3746E-09 7.3468E-09 7.3153E-09 7.2796E-09 7.2394E-09 7.1952E-09 7.1476E-09 7.0949E-09 7.0384E-09 6.9780E-09 6.9141E-09 6.8454E-09 6.7728E-09 6.6989E-09 6.6209E-09 6.5395E-09 6.4541E-09 6.3664E-09 6.2761E-09 6.1825E-09 6.0871E-09
2.0258E-08 1.8856E-08 1.7510E-08 1.6303E-08 1.5016E-08 1.3722E-08 1.2480E-08 1.1335E-08 1.0361E-08 9.6068E-09 8.9924E-09 8.4472E-09 8.0431E-09 7.6418E-09 7.3833E-09 7.2173E-09 7.2436E-09 7.3030E-09 7.3587E-09 7.4104E-09 7.4576E-09 7.5009E-09 7.5402E-09 7.5751E-09 7.6055E-09 7.6314E-09 7.6526E-09 7.6688E-09 7.6801E-09 7.6863E-09 7.6878E-09 7.6849E-09 7.6771E-09 7.6645E-09 7.6470E-09 7.6252E-09 7.5991E-09 7.5689E-09 7.5345E-09 7.4958E-09 7.4534E-09 7.4060E-09 7.3557E-09 7.3003E-09 7.2406E-09 7.1768E-09 7.1104E-09 7.0384E-09 6.9625E-09 6.8839E-09 6.8020E-09 6.7169E-09 6.6288E-09 6.5375E-09 6.4420E-09 6.3451E-09 6.2450E-09
3.0601E-08 2.9404E-08 2.8090E-08 2.6585E-08 2.5055E-08 2.3311E-08 2.1564E-08 1.9922E-08 1.8545E-08 1.7386E-08 1.6443E-08 1.5406E-08 1.4505E-08 1.3404E-08 1.2346E-08 1.1089E-08 9.8464E-09 8.7509E-09 8.0944E-09 7.6586E-09 7.7041E-09 7.7480E-09 7.7872E-09 7.8221E-09 7.8526E-09 7.8781E-09 7.8990E-09 7.9151E-09 7.9260E-09 7.9315E-09 7.9319E-09 7.9274E-09 7.9181E-09 7.9038E-09 7.8846E-09 7.8606E-09 7.8320E-09 7.7991E-09 7.7618E-09 7.7202E-09 7.6746E-09 7.6247E-09 7.5697E-09 7.5120E-09 7.4493E-09 7.3821E-09 7.3119E-09 7.2371E-09 7.1575E-09 7.0743E-09 6.9894E-09 6.8991E-09 6.8068E-09 6.7116E-09 6.6133E-09 6.5110E-09 6.4072E-09
4.4121E-08 4.3517E-08 4.2512E-08 4.1035E-08 3.9483E-08 3.7701E-08 3.6027E-08 3.4588E-08 3.3770E-08 3.3366E-08 3.3336E-08 3.3454E-08 3.3796E-08 3.4123E-08 3.4591E-08 3.3494E-08 3.4811E-08 3.8356E-08 5.4158E-08 7.8257E-08 1.4708E-07 4.7900E-07 8.0481E-09 8.0827E-09 8.1123E-09 8.1374E-09 8.1576E-09 8.1726E-09 8.1824E-09 8.1871E-09 8.1864E-09 8.1803E-09 8.1690E-09 8.1525E-09 8.1311E-09 8.1050E-09 8.0738E-09 8.0377E-09 7.9975E-09 7.9526E-09 7.9033E-09 7.8501E-09 7.7924E-09 7.7305E-09 7.6640E-09 7.5934E-09 7.5184E-09 7.4404E-09 7.3577E-09 7.2706E-09 7.1807E-09 7.0872E-09 6.9892E-09 6.8895E-09 6.7871E-09 6.6817E-09 6.5723E-09
5.8270E-08 5.8329E-08 5.7617E-08 5.6421E-08 5.5007E-08 5.3630E-08 5.2612E-08 5.2292E-08 5.3094E-08 5.4916E-08 5.8257E-08 6.2957E-08 7.0448E-08 8.2000E-08 1.0294E-07 1.4156E-07 2.2492E-07 4.0079E-07 7.1747E-07 9.4459E-07 2.4281E-07 8.2841E-09 8.3229E-09 8.3570E-09 8.3858E-09 8.4096E-09 8.4286E-09 8.4424E-09 8.4506E-09 8.4534E-09 8.4512E-09 8.4433E-09 8.4300E-09 8.4110E-09 8.3869E-09 8.3579E-09 8.3240E-09 8.2851E-09 8.2411E-09 8.1927E-09 8.1399E-09 8.0825E-09 8.0211E-09 7.9551E-09 7.8850E-09 7.8102E-09 7.7314E-09 7.6494E-09 7.5622E-09 7.4714E-09 7.3762E-09 7.2785E-09 7.1771E-09 7.0714E-09 6.9642E-09 6.8544E-09 6.7419E-09
6.9152E-08 6.9400E-08 6.8681E-08 6.7456E-08 6.5956E-08 6.4875E-08 6.4478E-08 6.5207E-08 6.7734E-08 7.2051E-08 7.9257E-08 8.9621E-08 1.0631E-07 1.3104E-07 1.6845E-07 2.1381E-07 2.3368E-07 1.6755E-07 5.1813E-08 8.4872E-09 8.5306E-09 8.5738E-09 8.6121E-09 8.6453E-09 8.6730E-09 8.6953E-09 8.7125E-09 8.7243E-09 8.7306E-09 8.7313E-09 8.7265E-09 8.7164E-09 8.7007E-09 8.6792E-09 8.6522E-09 8.6198E-09 8.5825E-09 8.5404E-09 8.4930E-09 8.4405E-09 8.3837E-09 8.3223E-09 8.2562E-09 8.1862E-09 8.1116E-09 8.0329E-09 7.9495E-09 7.8621E-09 7.7717E-09 7.6760E-09 7.5770E-09 7.4736E-09 7.3677E-09 7.2584E-09 7.1449E-09 7.0300E-09 6.9127E-09
7.3304E-08 7.2909E-08 7.1521E-08 6.9640E-08 6.7481E-08 6.6099E-08 6.5464E-08 6.6050E-08 6.8267E-08 7.1951E-08 7.7733E-08 8.4112E-08 9.1371E-08 9.3952E-08 8.5447E-08 5.9354E-08 2.4608E-08 8.7384E-09 8.7368E-09 8.7897E-09 8.8371E-09 8.8793E-09 8.9163E-09 8.9478E-09 8.9740E-09 8.9945E-09 9.0093E-09 9.0188E-09 9.0225E-09 9.0206E-09 9.0131E-09 8.9998E-09 8.9811E-09 8.9568E-09 8.9266E-09 8.8908E-09 8.8496E-09 8.8035E-09 8.7523E-09 8.6960E-09 8.6346E-09 8.5687E-09 8.4982E-09 8.4231E-09 8.3440E-09 8.2605E-09 8.1729E-09 8.0805E-09 7.9843E-09 7.8851E-09 7.7810E-09 7.6733E-09 7.5614E-09 7.4473E-09 7.3301E-09 7.2088E-09 7.0860E-09
6.9661E-08 6.7873E-08 6.5391E-08 6.2439E-08 5.9420E-08 5.7011E-08 5.5255E-08 5.4135E-08 5.3905E-08 5.3652E-08 5.3070E-08 4.9833E-08 4.3152E-08 3.2632E-08 1.9754E-08 1.1084E-08 8.9450E-09 9.0040E-09 9.0614E-09 9.1134E-09 9.1597E-09 9.2004E-09 9.2355E-09 9.2651E-09 9.2889E-09 9.3071E-09 9.3194E-09 9.3258E-09 9.3266E-09 9.3214E-09 9.3105E-09 9.2940E-09 9.2715E-09 9.2435E-09 9.2098E-09 9.1703E-09 9.1251E-09 9.0745E-09 9.0188E-09 8.9583E-09 8.8924E-09 8.8215E-09 8.7462E-09 8.6662E-09 8.5817E-09 8.4932E-09 8.4004E-09 8.3036E-09 8.2020E-09 8.0967E-09 7.9886E-09 7.8757E-09 7.7595E-09 7.6389E-09 7.5164E-09 7.3902E-09 7.2622E-09
5.9899E-08 5.6786E-08 5.3218E-08 4.9359E-08 4.5669E-08 4.2378E-08 3.9548E-08 3.6881E-08 3.4429E-08 3.1289E-08 2.7252E-08 2.2088E-08 1.6379E-08 1.1897E-08 9.2250E-09 9.2225E-09 9.2868E-09 9.3473E-09 9.4030E-09 9.4537E-09 9.4984E-09 9.5371E-09 9.5700E-09 9.5971E-09 9.6182E-09 9.6332E-09 9.6424E-09 9.6455E-09 9.6425E-09 9.6338E-09 9.6189E-09 9.5983E-09 9.5719E-09 9.5396E-09 9.5016E-09 9.4580E-09 9.4085E-09 9.3532E-09 9.2926E-09 9.2270E-09 9.1563E-09 9.0805E-09 8.9997E-09 8.9145E-09 8.8247E-09 8.7305E-09 8.6323E-09 8.5299E-09 8.4236E-09 8.3128E-09 8.1981E-09 8.0798E-09 7.9592E-09 7.8344E-09 7.7051E-09 7.5741E-09 7.4399E-09
4.7380E-08 4.3540E-08 3.9520E-08 3.5451E-08 3.1745E-08 2.8415E-08 2.5456E-08 2.2596E-08 1.9840E-08 1.7014E-08 1.4181E-08 1.1781E-08 1.0044E-08 9.4716E-09 9.5237E-09 9.5881E-09 9.6503E-09 9.7087E-09 9.7622E-09 9.8104E-09 9.8532E-09 9.8896E-09 9.9196E-09 9.9436E-09 9.9614E-09 9.9729E-09 9.9782E-09 9.9773E-09 9.9703E-09 9.9571E-09 9.9380E-09 9.9127E-09 9.8817E-09 9.8448E-09 9.8020E-09 9.7535E-09 9.6992E-09 9.6390E-09 9.5732E-09 9.5022E-09 9.4260E-09 9.3450E-09 9.2587E-09 9.1674E-09 9.0721E-09 8.9722E-09 8.8680E-09 8.7598E-09 8.6476E-09 8.5318E-09 8.4116E-09 8.2875E-09 8.1598E-09 8.0303E-09 7.8961E-09 7.7592E-09 7.6187E-09
3.5443E-08 3.1679E-08 2.7970E-08 2.4480E-08 2.1427E-08 1.8817E-08 1.6528E-08 1.4528E-08 1.2790E-08 1.1461E-08 1.0469E-08 9.7993E-09 9.7843E-09 9.8476E-09 9.9121E-09 9.9732E-09 1.0032E-08 1.0088E-08 1.0139E-08 1.0184E-08 1.0224E-08 1.0257E-08 1.0284E-08 1.0304E-08 1.0318E-08 1.0326E-08 1.0327E-08 1.0321E-08 1.0309E-08 1.0291E-08 1.0267E-08 1.0237E-08 1.0201E-08 1.0158E-08 1.0111E-08 1.0056E-08 9.9968E-09 9.9313E-09 9.8601E-09 9.7832E-09 9.7010E-09 9.6141E-09 9.5222E-09 9.4251E-09 9.3233E-09 9.2173E-09 9.1071E-09 8.9928E-09 8.8745E-09 8.7523E-09 8.6258E-09 8.4972E-09 8.3638E-09 8.2268E-09 8.0872E-09 7.9453E-09 7.7992E-09
2.6220E-08 2.3051E-08 2.0133E-08 1.7582E-08 1.5482E-08 1.3788E-08 1.2345E-08 1.1364E-08 1.0718E-08 1.0270E-08 1.0147E-08 1.0154E-08 1.0204E-08 1.0262E-08 1.0321E-08 1.0379E-08 1.0433E-08 1.0485E-08 1.0533E-08 1.0575E-08 1.0610E-08 1.0640E-08 1.0663E-08 1.0679E-08 1.0689E-08 1.0691E-08 1.0687E-08 1.0677E-08 1.0660E-08 1.0636E-08 1.0606E-08 1.0570E-08 1.0528E-08 1.0480E-08 1.0426E-08 1.0367E-08 1.0301E-08 1.0229E-08 1.0152E-08 1.0069E-08 9.9811E-09 9.8876E-09 9.7893E-09 9.6862E-09 9.5781E-09 9.4656E-09 9.3488E-09 9.2280E-09 9.1036E-09 8.9751E-09 8.8430E-09 8.7067E-09 8.5684E-09 8.4258E-09 8.2799E-09 8.1314E-09 7.9805E-09
2.0171E-08 1.7820E-08 1.5786E-08 1.4080E-08 1.2712E-08 1.1753E-08 1.1148E-08 1.0793E-08 1.0624E-08 1.0592E-08 1.0594E-08 1.0612E-08 1.0652E-08 1.0701E-08 1.0753E-08 1.0804E-08 1.0853E-08 1.0900E-08 1.0944E-08 1.0981E-08 1.1012E-08 1.1037E-08 1.1056E-08 1.1067E-08 1.1072E-08 1.1069E-08 1.1059E-08 1.1043E-08 1.1020E-08 1.0990E-08 1.0955E-08 1.0912E-08 1.0864E-08 1.0810E-08 1.0749E-08 1.0683E-08 1.0611E-08 1.0533E-08 1.0449E-08 1.0360E-08 1.0265E-08 1.0165E-08 1.0060E-08 9.9500E-09 9.8353E-09 9.7161E-09 9.5928E-09 9.4652E-09 9.3338E-09 9.1989E-09 9.0604E-09 8.9185E-09 8.7724E-09 8.6234E-09 8.4725E-09 8.3180E-09 8.1601E-09
1.6810E-08 1.5178E-08 1.3739E-08 1.2657E-08 1.1943E-08 1.1518E-08 1.1271E-08 1.1178E-08 1.1122E-08 1.1093E-08 1.1086E-08 1.1094E-08 1.1124E-08 1.1162E-08 1.1207E-08 1.1251E-08 1.1293E-08 1.1332E-08 1.1370E-08 1.1403E-08 1.1429E-08 1.1449E-08 1.1462E-08 1.1468E-08 1.1466E-08 1.1458E-08 1.1442E-08 1.1419E-08 1.1389E-08 1.1353E-08 1.1311E-08 1.1262E-08 1.1207E-08 1.1145E-08 1.1078E-08 1.1005E-08 1.0926E-08 1.0841E-08 1.0750E-08 1.0654E-08 1.0552E-08 1.0445E-08 1.0333E-08 1.0216E-08 1.0094E-08 9.9682E-09 9.8376E-09 9.7034E-09 9.5652E-09 9.4231E-09 9.2777E-09 9.1290E-09 8.9775E-09 8.8222E-09 8.6637E-09 8.5024E-09 8.3402E-09
1.5252E-08 1.4024E-08 1.3129E-08 1.2541E-08 1.2181E-08 1.1979E-08 1.1834E-08 1.1729E-08 1.1660E-08 1.1619E-08 1.1601E-08 1.1599E-08 1.1619E-08 1.1647E-08 1.1682E-08 1.1718E-08 1.1752E-08 1.1784E-08 1.1812E-08 1.1840E-08 1.1860E-08 1.1873E-08 1.1879E-08 1.1879E-08 1.1872E-08 1.1857E-08 1.1834E-08 1.1804E-08 1.1768E-08 1.1724E-08 1.1674E-08 1.1618E-08 1.1555E-08 1.1487E-08 1.1412E-08 1.1331E-08 1.1244E-08 1.1152E-08 1.1054E-08 1.0950E-08 1.0842E-08 1.0727E-08 1.0607E-08 1.0483E-08 1.0354E-08 1.0221E-08 1.0083E-08 9.9415E-09 9.7961E-09 9.6471E-09 9.4950E-09 9.3393E-09 9.1805E-09 9.0183E-09 8.8546E-09 8.6873E-09 8.5174E-09
1.4701E-08 1.3912E-08 1.3394E-08 1.3043E-08 1.2779E-08 1.2573E-08 1.2415E-08 1.2302E-08 1.2222E-08 1.2169E-08 1.2138E-08 1.2127E-08 1.2137E-08 1.2153E-08 1.2176E-08 1.2204E-08 1.2229E-08 1.2252E-08 1.2272E-08 1.2289E-08 1.2303E-08 1.2309E-08 1.2309E-08 1.2301E-08 1.2287E-08 1.2265E-08 1.2235E-08 1.2197E-08 1.2153E-08 1.2102E-08 1.2044E-08 1.1980E-08 1.1909E-08 1.1832E-08 1.1749E-08 1.1661E-08 1.1566E-08 1.1466E-08 1.1360E-08 1.1249E-08 1.1132E-08 1.1010E-08 1.0883E-08 1.0751E-08 1.0614E-08 1.0473E-08 1.0328E-08 1.0179E-08 1.0026E-08 9.8700E-09 9.7104E-09 9.5479E-09 9.3824E-09 9.2142E-09 9.0426E-09 8.8684E-09 8.6931E-09
1.4892E-08 1.4387E-08 1.3996E-08 1.3666E-08 1.3399E-08 1.3184E-08 1.3018E-08 1.2895E-08 1.2805E-08 1.2740E-08 1.2699E-08 1.2677E-08 1.2674E-08 1.2679E-08 1.2690E-08 1.2707E-08 1.2723E-08 1.2735E-08 1.2745E-08 1.2753E-08 1.2757E-08 1.2756E-08 1.2747E-08 1.2732E-08 1.2710E-08 1.2680E-08 1.2642E-08 1.2597E-08 1.2544E-08 1.2485E-08 1.2418E-08 1.2346E-08 1.2267E-08 1.2182E-08 1.2090E-08 1.1993E-08 1.1890E-08 1.1781E-08 1.1667E-08 1.1548E-08 1.1423E-08 1.1293E-08 1.1158E-08 1.1017E-08 1.0873E-08 1.0724E-08 1.0572E-08 1.0415E-08 1.0254E-08 1.0091E-08 9.9241E-09 9.7543E-09 9.5815E-09 9.4062E-09 9.2279E-09 9.0484E-09 8.8656E-09
1.5454E-08 1.5012E-08 1.4633E-08 1.4308E-08 1.4035E-08 1.3815E-08 1.3642E-08 1.3509E-08 1.3408E-08 1.3334E-08 1.3280E-08 1.3246E-08 1.3230E-08 1.3223E-08 1.3222E-08 1.3226E-08 1.3231E-08 1.3233E-08 1.3233E-08 1.3230E-08 1.3223E-08 1.3211E-08 1.3194E-08 1.3170E-08 1.3139E-08 1.3101E-08 1.3055E-08 1.3001E-08 1.2940E-08 1.2871E-08 1.2796E-08 1.2715E-08 1.2627E-08 1.2532E-08 1.2432E-08 1.2326E-08 1.2214E-08 1.2097E-08 1.1974E-08 1.1846E-08 1.1712E-08 1.1574E-08 1.1431E-08 1.1282E-08 1.1130E-08 1.0973E-08 1.0812E-08 1.0648E-08 1.0480E-08 1.0309E-08 1.0134E-08 9.9573E-09 9.7777E-09 9.5955E-09 9.4108E-09 9.2233E-09 9.0340E-09
1.6086E-08 1.5657E-08 1.5288E-08 1.4965E-08 1.4690E-08 1.4466E-08 1.4285E-08 1.4143E-08 1.4031E-08 1.3944E-08 1.3879E-08 1.3831E-08 1.3802E-08 1.3782E-08 1.3769E-08 1.3758E-08 1.3752E-08 1.3743E-08 1.3732E-08 1.3717E-08 1.3698E-08 1.3676E-08 1.3647E-08 1.3614E-08 1.3574E-08 1.3526E-08 1.3471E-08 1.3409E-08 1.3338E-08 1.3260E-08 1.3176E-08 1.3084E-08 1.2987E-08 1.2883E-08 1.2774E-08 1.2658E-08 1.2537E-08 1.2411E-08 1.2279E-08 1.2142E-08 1.2000E-08 1.1853E-08 1.1701E-08 1.1544E-08 1.1383E-08 1.1218E-08 1.1050E-08 1.0878E-08 1.0702E-08 1.0523E-08 1.0341E-08 1.0157E-08 9.9694E-09 9.7799E-09 9.5885E-09 9.3953E-09 9.1996E-09
1.6735E-08 1.6322E-08 1.5957E-08 1.5635E-08 1.5363E-08 1.5133E-08 1.4944E-08 1.4790E-08 1.4666E-08 1.4568E-08 1.4492E-08 1.4432E-08 1.4389E-08 1.4355E-08 1.4328E-08 1.4303E-08 1.4283E-08 1.4261E-08 1.4238E-08 1.4212E-08 1.4183E-08 1.4148E-08 1.4107E-08 1.4061E-08 1.4011E-08 1.3954E-08 1.3889E-08 1.3817E-08 1.3737E-08 1.3649E-08 1.3555E-08 1.3454E-08 1.3346E-08 1.3233E-08 1.3113E-08 1.2988E-08 1.2857E-08 1.2722E-08 1.2581E-08 1.2434E-08 1.2284E-08 1.2127E-08 1.1967E-08 1.1802E-08 1.1633E-08 1.1459E-08 1.1283E-08 1.1102E-08 1.0919E-08 1.0732E-08 1.0542E-08 1.0350E-08 1.0156E-08 9.9599E-09 9.7615E-09 9.5612E-09 9.3586E-09
1.7396E-08 1.6994E-08 1.6634E-08 1.6320E-08 1.6047E-08 1.5810E-08 1.5612E-08 1.5447E-08 1.5313E-08 1.5204E-08 1.5116E-08 1.5043E-08 1.4987E-08 1.4938E-08 1.4896E-08 1.4856E-08 1.4821E-08 1.4786E-08 1.4750E-08 1.4712E-08 1.4670E-08 1.4623E-08 1.4571E-08 1.4512E-08 1.4449E-08 1.4381E-08 1.4307E-08 1.4224E-08 1.4134E-08 1.4037E-08 1.3932E-08 1.3820E-08 1.3703E-08 1.3579E-08 1.3450E-08 1.3314E-08 1.3174E-08 1.3028E-08 1.2878E-08 1.2722E-08 1.2562E-08 1.2397E-08 1.2227E-08 1.2054E-08 1.1876E-08 1.1694E-08 1.1509E-08 1.1321E-08 1.1129E-08 1.0935E-08 1.0738E-08 1.0539E-08 1.0337E-08 1.0133E-08 9.9281E-09 9.7211E-09 9.5131E-09
1.8059E-08 1.7667E-08 1.7321E-08 1.7008E-08 1.6734E-08 1.6493E-08 1.6287E-08 1.6112E-08 1.5967E-08 1.5847E-08 1.5745E-08 1.5660E-08 1.5590E-08 1.5527E-08 1.5469E-08 1.5414E-08 1.5363E-08 1.5314E-08 1.5265E-08 1.5213E-08 1.5159E-08 1.5099E-08 1.5035E-08 1.4964E-08 1.4887E-08 1.4806E-08 1.4721E-08 1.4628E-08 1.4528E-08 1.4420E-08 1.4304E-08 1.4183E-08 1.4055E-08 1.3920E-08 1.3780E-08 1.3635E-08 1.3484E-08 1.3329E-08 1.3169E-08 1.3003E-08 1.2834E-08 1.2660E-08 1.2481E-08 1.2299E-08 1.2112E-08 1.1922E-08 1.1729E-08 1.1533E-08 1.1333E-08 1.1131E-08 1.0926E-08 1.0720E-08 1.0511E-08 1.0300E-08 1.0088E-08 9.8748E-09 9.6600E-09
1.8718E-08 1.8347E-08 1.8007E-08 1.7697E-08 1.7420E-08 1.7176E-08 1.6962E-08 1.6779E-08 1.6624E-08 1.6491E-08 1.6377E-08 1.6278E-08 1.6193E-08 1.6117E-08 1.6045E-08 1.5974E-08 1.5908E-08 1.5844E-08 1.5780E-08 1.5714E-08 1.5646E-08 1.5573E-08 1.5495E-08 1.5411E-08 1.5323E-08 1.5230E-08 1.5130E-08 1.5026E-08 1.4915E-08 1.4796E-08 1.4671E-08 1.4538E-08 1.4399E-08 1.4254E-08 1.4104E-08 1.3948E-08 1.3787E-08 1.3621E-08 1.3451E-08 1.3277E-08 1.3098E-08 1.2914E-08 1.2727E-08 1.2535E-08 1.2341E-08 1.2142E-08 1.1940E-08 1.1736E-08 1.1529E-08 1.1319E-08 1.1107E-08 1.0893E-08 1.0677E-08 1.0460E-08 1.0241E-08 1.0021E-08 9.7992E-09
1.9380E-08 1.9014E-08 1.8681E-08 1.8374E-08 1.8098E-08 1.7851E-08 1.7633E-08 1.7442E-08 1.7277E-08 1.7132E-08 1.7005E-08 1.6894E-08 1.6796E-08 1.6703E-08 1.6619E-08 1.6534E-08 1.6450E-08 1.6370E-08 1.6291E-08 1.6210E-08 1.6127E-08 1.6041E-08 1.5950E-08 1.5853E-08 1.5752E-08 1.5646E-08 1.5535E-08 1.5417E-08 1.5294E-08 1.5164E-08 1.5028E-08 1.4884E-08 1.4734E-08 1.4579E-08 1.4418E-08 1.4252E-08 1.4080E-08 1.3904E-08 1.3724E-08 1.3540E-08 1.3352E-08 1.3159E-08 1.2963E-08 1.2763E-08 1.2559E-08 1.2352E-08 1.2142E-08 1.1930E-08 1.1715E-08 1.1497E-08 1.1278E-08 1.1057E-08 1.0834E-08 1.0610E-08 1.0384E-08 1.0158E-08 9.9308E-09
