Assets/Resources/2015_m01_d28_0500(utc+0800)_l00_csi_1hr_conc.grd
DSAA
         159         159
     -79.000      79.000
     -79.000      79.000
  0.0000E+00  0.2810E-05
[rows 0 to 24 of 159, columns 57 to 113 of 159]
3.2752E-09 3.8888E-09 4.5565E-09 5.2678E-09 6.0070E-09 6.7587E-09 7.5014E-09 8.2149E-09 8.8769E-09 9.4655E-09 9.9584E-09 1.0342E-08 1.0598E-08 1.0718E-08 1.0697E-08 1.0534E-08 1.0239E-08 9.8164E-09 9.2832E-09 8.6583E-09 7.9612E-09 7.2156E-09 6.4446E-09 5.6709E-09 4.9145E-09 4.1966E-09 3.5295E-09 2.9266E-09 2.3915E-09 1.9341E-09 1.5425E-09 1.2182E-09 9.5388E-10 7.4035E-10 5.6364E-10 4.2302E-10 3.0781E-10 2.1781E-10 1.7390E-10 1.3972E-10 1.1632E-10 9.6558E-11 6.4253E-11 4.8484E-11 3.6619E-11 3.0644E-11 2.1585E-11 1.0888E-11 8.3330E-12 0.0000E+00 0.0000E+00 0.0000E+00 0.0000E+00 0.0000E+00 0.0000E+00 0.0000E+00 0.0000E+00
3.3975E-09 4.0558E-09 4.7761E-09 5.5463E-09 6.3514E-09 7.1734E-09 7.9905E-09 8.7782E-09 9.5121E-09 1.0167E-08 1.0721E-08 1.1151E-08 1.1441E-08 1.1582E-08 1.1566E-08 1.1394E-08 1.1070E-08 1.0605E-08 1.0021E-08 9.3337E-09 8.5681E-09 7.7498E-09 6.9044E-09 6.0587E-09 5.2357E-09 4.4548E-09 3.7332E-09 3.0848E-09 2.5132E-09 2.0194E-09 1.6026E-09 1.2618E-09 9.8326E-10 7.5621E-10 5.7253E-10 4.2614E-10 3.0935E-10 2.1731E-10 1.7336E-10 1.3875E-10 1.1431E-10 9.5053E-11 6.2968E-11 4.7123E-11 3.6257E-11 3.0191E-11 2.1431E-11 1.0910E-11 8.2635E-12 0.0000E+00 0.0000E+00 0.0000E+00 0.0000E+00 0.0000E+00 0.0000E+00 0.0000E+00 0.0000E+00
3.4940E-09 4.1921E-09 4.9604E-09 5.7876E-09 6.6580E-09 7.5501E-09 8.4409E-09 9.3022E-09 1.0109E-08 1.0833E-08 1.1447E-08 1.1928E-08 1.2259E-08 1.2423E-08 1.2413E-08 1.2231E-08 1.1882E-08 1.1380E-08 1.0742E-08 9.9904E-09 9.1561E-09 8.2649E-09 7.3466E-09 6.4290E-09 5.5386E-09 4.6991E-09 3.9281E-09 3.2331E-09 2.6203E-09 2.0984E-09 1.6583E-09 1.2951E-09 1.0042E-09 7.6837E-10 5.7355E-10 4.2450E-10 3.0836E-10 2.1580E-10 1.7136E-10 1.3561E-10 1.1070E-10 9.2428E-11 6.0684E-11 4.4960E-11 3.4878E-11 2.9078E-11 2.0975E-11 1.0441E-11 8.1449E-12 0.0000E+00 0.0000E+00 0.0000E+00 0.0000E+00 0.0000E+00 0.0000E+00 0.0000E+00 0.0000E+00
3.5606E-09 4.2932E-09 5.1069E-09 5.9881E-09 6.9194E-09 7.8793E-09 8.8419E-09 9.7783E-09 1.0658E-08 1.1449E-08 1.2126E-08 1.2659E-08 1.3028E-08 1.3216E-08 1.3218E-08 1.3030E-08 1.2657E-08 1.2117E-08 1.1427E-08 1.0618E-08 9.7146E-09 8.7509E-09 7.7604E-09 6.7744E-09 5.8245E-09 4.9271E-09 4.1019E-09 3.3672E-09 2.7214E-09 2.1650E-09 1.7014E-09 1.3232E-09 1.0178E-09 7.7204E-10 5.7389E-10 4.2206E-10 3.0638E-10 2.1253E-10 1.6724E-10 1.3158E-10 1.0600E-10 8.7985E-11 5.7651E-11 4.2360E-11 3.2735E-11 2.7424E-11 2.0022E-11 9.8741E-12 7.8572E-12 0.0000E+00 0.0000E+00 0.0000E+00 0.0000E+00 0.0000E+00 0.0000E+00 0.0000E+00 0.0000E+00
3.6032E-09 4.3640E-09 5.2135E-09 6.1405E-09 7.1283E-09 8.1523E-09 9.1839E-09 1.0192E-08 1.1143E-08 1.2003E-08 1.2740E-08 1.3325E-08 1.3734E-08 1.3950E-08 1.3964E-08 1.3770E-08 1.3378E-08 1.2803E-08 1.2067E-08 1.1199E-08 1.0230E-08 9.1989E-09 8.1457E-09 7.0950E-09 6.0808E-09 5.1301E-09 4.2609E-09 3.4809E-09 2.8000E-09 2.2237E-09 1.7378E-09 1.3383E-09 1.0253E-09 7.7114E-10 5.6558E-10 4.1233E-10 2.9819E-10 2.0626E-10 1.6135E-10 1.2577E-10 9.9820E-11 8.2937E-11 5.3772E-11 3.8826E-11 3.0250E-11 2.5457E-11 1.8570E-11 8.9844E-12 7.1178E-12 0.0000E+00 0.0000E+00 0.0000E+00 0.0000E+00 0.0000E+00 0.0000E+00 0.0000E+00 0.0000E+00
3.6216E-09 4.4022E-09 5.2788E-09 6.2449E-09 7.2802E-09 8.3603E-09 9.4552E-09 1.0531E-08 1.1551E-08 1.2476E-08 1.3274E-08 1.3911E-08 1.4361E-08 1.4603E-08 1.4628E-08 1.4434E-08 1.4027E-08 1.3421E-08 1.2642E-08 1.1721E-08 1.0697E-08 9.6067E-09 8.4860E-09 7.3757E-09 6.3096E-09 5.3071E-09 4.3883E-09 3.5780E-09 2.8666E-09 2.2619E-09 1.7591E-09 1.3494E-09 1.0228E-09 7.6014E-10 5.5680E-10 4.0208E-10 2.8714E-10 1.9894E-10 1.5412E-10 1.1871E-10 9.2960E-11 7.7160E-11 4.9542E-11 3.5024E-11 2.7286E-11 2.2944E-11 1.6973E-11 8.0259E-12 6.2748E-12 0.0000E+00 0.0000E+00 0.0000E+00 0.0000E+00 0.0000E+00 0.0000E+00 0.0000E+00 0.0000E+00
3.6112E-09 4.4096E-09 5.3112E-09 6.3072E-09 7.3784E-09 8.5062E-09 9.6564E-09 1.0793E-08 1.1877E-08 1.2865E-08 1.3721E-08 1.4408E-08 1.4897E-08 1.5169E-08 1.5208E-08 1.5013E-08 1.4589E-08 1.3958E-08 1.3144E-08 1.2180E-08 1.1104E-08 9.9572E-09 8.7850E-09 7.6205E-09 6.4975E-09 5.4538E-09 4.4987E-09 3.6474E-09 2.9121E-09 2.2906E-09 1.7701E-09 1.3468E-09 1.0153E-09 7.4726E-10 5.4212E-10 3.8894E-10 2.7451E-10 1.8835E-10 1.4498E-10 1.1034E-10 8.5318E-11 7.0339E-11 4.4794E-11 3.1152E-11 2.4195E-11 2.0380E-11 1.5089E-11 6.9697E-12 5.5038E-12 0.0000E+00 0.0000E+00 0.0000E+00 0.0000E+00 0.0000E+00 0.0000E+00 0.0000E+00 0.0000E+00
3.5794E-09 4.3891E-09 5.3050E-09 6.3225E-09 7.4258E-09 8.5917E-09 9.7851E-09 1.0973E-08 1.2111E-08 1.3156E-08 1.4066E-08 1.4802E-08 1.5332E-08 1.5632E-08 1.5686E-08 1.5493E-08 1.5062E-08 1.4409E-08 1.3564E-08 1.2560E-08 1.1444E-08 1.0250E-08 9.0268E-09 7.8158E-09 6.6531E-09 5.5636E-09 4.5721E-09 3.6995E-09 2.9398E-09 2.2968E-09 1.7699E-09 1.3383E-09 9.9397E-10 7.2605E-10 5.2457E-10 3.7124E-10 2.5926E-10 1.7727E-10 1.3520E-10 1.0167E-10 7.7665E-11 6.2884E-11 4.0093E-11 2.7227E-11 2.1198E-11 1.7816E-11 1.3206E-11 5.9284E-12 4.7481E-12 0.0000E+00 0.0000E+00 0.0000E+00 0.0000E+00 0.0000E+00 0.0000E+00 0.0000E+00 0.0000E+00
3.5263E-09 4.3403E-09 5.2679E-09 6.3040E-09 7.4296E-09 8.6216E-09 9.8514E-09 1.1081E-08 1.2264E-08 1.3358E-08 1.4315E-08 1.5096E-08 1.5663E-08 1.5991E-08 1.6063E-08 1.5879E-08 1.5443E-08 1.4774E-08 1.3904E-08 1.2869E-08 1.1712E-08 1.0479E-08 9.2167E-09 7.9642E-09 6.7586E-09 5.6412E-09 4.6226E-09 3.7198E-09 2.9458E-09 2.2920E-09 1.7520E-09 1.3112E-09 9.6873E-10 7.0218E-10 5.0154E-10 3.5343E-10 2.4383E-10 1.6891E-10 1.2398E-10 9.2797E-11 6.8902E-11 5.4372E-11 3.4960E-11 2.3145E-11 1.8282E-11 1.5306E-11 1.1362E-11 4.9226E-12 4.0223E-12 0.0000E+00 0.0000E+00 0.0000E+00 0.0000E+00 0.0000E+00 0.0000E+00 0.0000E+00 0.0000E+00
3.4562E-09 4.2739E-09 5.2089E-09 6.2545E-09 7.3955E-09 8.6110E-09 9.8687E-09 1.1129E-08 1.2349E-08 1.3481E-08 1.4477E-08 1.5294E-08 1.5894E-08 1.6253E-08 1.6344E-08 1.6168E-08 1.5731E-08 1.5052E-08 1.4162E-08 1.3100E-08 1.1913E-08 1.0646E-08 9.3460E-09 8.0629E-09 6.8303E-09 5.6788E-09 4.6377E-09 3.7231E-09 2.9317E-09 2.2656E-09 1.7245E-09 1.2798E-09 9.3179E-10 6.7148E-10 4.7628E-10 3.3108E-10 2.2521E-10 1.5624E-10 1.1253E-10 8.1860E-11 5.9225E-11 4.5685E-11 2.9472E-11 1.9326E-11 1.5471E-11 1.2692E-11 9.4823E-12 3.9718E-12 3.3399E-12 0.0000E+00 0.0000E+00 0.0000E+00 0.0000E+00 0.0000E+00 0.0000E+00 0.0000E+00 0.0000E+00
3.3738E-09 4.1916E-09 5.1283E-09 6.1806E-09 7.3341E-09 8.5661E-09 9.8440E-09 1.1131E-08 1.2379E-08 1.3543E-08 1.4571E-08 1.5424E-08 1.6052E-08 1.6431E-08 1.6539E-08 1.6373E-08 1.5936E-08 1.5249E-08 1.4345E-08 1.3263E-08 1.2048E-08 1.0752E-08 9.4262E-09 8.1121E-09 6.8519E-09 5.6873E-09 4.6279E-09 3.6948E-09 2.9013E-09 2.2312E-09 1.6823E-09 1.2382E-09 8.9414E-10 6.3648E-10 4.4605E-10 3.0781E-10 2.0696E-10 1.4150E-10 1.0059E-10 7.0993E-11 4.9546E-11 3.7452E-11 2.4654E-11 1.5592E-11 1.2265E-11 9.8602E-12 7.5486E-12 2.9355E-12 2.1541E-12 0.0000E+00 0.0000E+00 0.0000E+00 0.0000E+00 0.0000E+00 0.0000E+00 0.0000E+00 0.0000E+00
3.2806E-09 4.0973E-09 5.0385E-09 6.0974E-09 7.2577E-09 8.5016E-09 9.7960E-09 1.1103E-08 1.2375E-08 1.3567E-08 1.4623E-08 1.5498E-08 1.6148E-08 1.6548E-08 1.6668E-08 1.6505E-08 1.6067E-08 1.5374E-08 1.4456E-08 1.3356E-08 1.2121E-08 1.0803E-08 9.4495E-09 8.1196E-09 6.8428E-09 5.6555E-09 4.5902E-09 3.6529E-09 2.8487E-09 2.1766E-09 1.6325E-09 1.1917E-09 8.4926E-10 6.0123E-10 4.1722E-10 2.8172E-10 1.8541E-10 1.2501E-10 8.6950E-11 5.9353E-11 4.0312E-11 2.9464E-11 1.9044E-11 1.1652E-11 9.2064E-12 6.8723E-12 4.5791E-12 1.6130E-12 1.0568E-12 0.0000E+00 0.0000E+00 0.0000E+00 0.0000E+00 0.0000E+00 0.0000E+00 0.0000E+00 0.0000E+00
3.1866E-09 4.0024E-09 4.9427E-09 6.0032E-09 7.1733E-09 8.4291E-09 9.7371E-09 1.1062E-08 1.2357E-08 1.3568E-08 1.4644E-08 1.5544E-08 1.6212E-08 1.6620E-08 1.6750E-08 1.6591E-08 1.6148E-08 1.5444E-08 1.4513E-08 1.3395E-08 1.2142E-08 1.0805E-08 9.4365E-09 8.0829E-09 6.7935E-09 5.6011E-09 4.5259E-09 3.5835E-09 2.7836E-09 2.1146E-09 1.5705E-09 1.1388E-09 8.0362E-10 5.6179E-10 3.8392E-10 2.5714E-10 1.6514E-10 1.1085E-10 7.3673E-11 4.8081E-11 3.1185E-11 2.1922E-11 1.4033E-11 7.9988E-12 5.8131E-12 3.8756E-12 2.2402E-12 6.6226E-13 1.7396E-13 0.0000E+00 0.0000E+00 0.0000E+00 0.0000E+00 0.0000E+00 0.0000E+00 0.0000E+00 0.0000E+00
3.0917E-09 3.9044E-09 4.8474E-09 5.9148E-09 7.0936E-09 8.3597E-09 9.6867E-09 1.1027E-08 1.2336E-08 1.3569E-08 1.4662E-08 1.5570E-08 1.6251E-08 1.6671E-08 1.6800E-08 1.6636E-08 1.6189E-08 1.5472E-08 1.4523E-08 1.3389E-08 1.2116E-08 1.0762E-08 9.3760E-09 8.0158E-09 6.7157E-09 5.5158E-09 4.4446E-09 3.5028E-09 2.7029E-09 2.0412E-09 1.5086E-09 1.0816E-09 7.5342E-10 5.2266E-10 3.5247E-10 2.3074E-10 1.4548E-10 9.4847E-11 6.0079E-11 3.7119E-11 2.2726E-11 1.4623E-11 8.7907E-12 4.6994E-12 3.0566E-12 1.4200E-12 2.3305E-13 0.0000E+00 0.0000E+00 0.0000E+00 0.0000E+00 0.0000E+00 0.0000E+00 0.0000E+00 0.0000E+00 0.0000E+00 0.0000E+00
2.9995E-09 3.8128E-09 4.7607E-09 5.8361E-09 7.0276E-09 8.3097E-09 9.6494E-09 1.1010E-08 1.2336E-08 1.3578E-08 1.4683E-08 1.5605E-08 1.6291E-08 1.6707E-08 1.6839E-08 1.6669E-08 1.6205E-08 1.5474E-08 1.4509E-08 1.3352E-08 1.2058E-08 1.0689E-08 9.2902E-09 7.9166E-09 6.6152E-09 5.4147E-09 4.3388E-09 3.4014E-09 2.6128E-09 1.9601E-09 1.4352E-09 1.0236E-09 7.0638E-10 4.8021E-10 3.2148E-10 2.0584E-10 1.2508E-10 7.9571E-11 4.7229E-11 2.6698E-11 1.4759E-11 8.3650E-12 4.6697E-12 2.0563E-12 6.5255E-13 2.0517E-15 0.0000E+00 0.0000E+00 0.0000E+00 0.0000E+00 0.0000E+00 0.0000E+00 0.0000E+00 0.0000E+00 0.0000E+00 0.0000E+00 0.0000E+00
2.9106E-09 3.7306E-09 4.6862E-09 5.7744E-09 6.9800E-09 8.2802E-09 9.6409E-09 1.1016E-08 1.2357E-08 1.3619E-08 1.4734E-08 1.5654E-08 1.6344E-08 1.6755E-08 1.6872E-08 1.6687E-08 1.6210E-08 1.5458E-08 1.4467E-08 1.3292E-08 1.1979E-08 1.0589E-08 9.1776E-09 7.7988E-09 6.4896E-09 5.2888E-09 4.2204E-09 3.2935E-09 2.5112E-09 1.8764E-09 1.3635E-09 9.6166E-10 6.5537E-10 4.4133E-10 2.8736E-10 1.8032E-10 1.0582E-10 6.4662E-11 3.5201E-11 1.7536E-11 7.8620E-12 3.0809E-12 1.1136E-12 6.1991E-13 1.7618E-13 0.0000E+00 0.0000E+00 0.0000E+00 0.0000E+00 0.0000E+00 0.0000E+00 0.0000E+00 0.0000E+00 0.0000E+00 0.0000E+00 0.0000E+00 0.0000E+00
2.8252E-09 3.6545E-09 4.6236E-09 5.7272E-09 6.9569E-09 8.2787E-09 9.6605E-09 1.1063E-08 1.2426E-08 1.3694E-08 1.4819E-08 1.5744E-08 1.6422E-08 1.6821E-08 1.6924E-08 1.6714E-08 1.6209E-08 1.5431E-08 1.4419E-08 1.3216E-08 1.1881E-08 1.0473E-08 9.0504E-09 7.6611E-09 6.3520E-09 5.1543E-09 4.0897E-09 3.1751E-09 2.4119E-09 1.7854E-09 1.2851E-09 9.0256E-10 6.0830E-10 4.0007E-10 2.5628E-10 1.5560E-10 8.7433E-11 5.1375E-11 2.4977E-11 9.5929E-12 2.1037E-12 9.4341E-13 7.4838E-13 3.3010E-13 0.0000E+00 0.0000E+00 0.0000E+00 0.0000E+00 0.0000E+00 0.0000E+00 0.0000E+00 0.0000E+00 0.0000E+00 0.0000E+00 0.0000E+00 0.0000E+00 0.0000E+00
2.7386E-09 3.5763E-09 4.5686E-09 5.6986E-09 6.9514E-09 8.3068E-09 9.7209E-09 1.1144E-08 1.2529E-08 1.3818E-08 1.4947E-08 1.5867E-08 1.6539E-08 1.6917E-08 1.6989E-08 1.6752E-08 1.6216E-08 1.5401E-08 1.4353E-08 1.3127E-08 1.1769E-08 1.0337E-08 8.9060E-09 7.5114E-09 6.2026E-09 5.0078E-09 3.9575E-09 3.0557E-09 2.3008E-09 1.6953E-09 1.2102E-09 8.4048E-10 5.6275E-10 3.6318E-10 2.2770E-10 1.3408E-10 7.2367E-11 3.9117E-11 1.6439E-11 4.7875E-12 9.9242E-13 7.9470E-13 4.5837E-13 8.5961E-14 0.0000E+00 0.0000E+00 0.0000E+00 0.0000E+00 0.0000E+00 0.0000E+00 0.0000E+00 0.0000E+00 0.0000E+00 0.0000E+00 0.0000E+00 0.0000E+00 0.0000E+00
2.6553E-09 3.5112E-09 4.5152E-09 5.6756E-09 6.9685E-09 8.3598E-09 9.8092E-09 1.1275E-08 1.2687E-08 1.3992E-08 1.5131E-08 1.6047E-08 1.6696E-08 1.7047E-08 1.7091E-08 1.6812E-08 1.6228E-08 1.5376E-08 1.4293E-08 1.3025E-08 1.1640E-08 1.0192E-08 8.7442E-09 7.3473E-09 6.0422E-09 4.8576E-09 3.8158E-09 2.9327E-09 2.1972E-09 1.6017E-09 1.1389E-09 7.8376E-10 5.1840E-10 3.2760E-10 2.0038E-10 1.1440E-10 6.0249E-11 3.0657E-11 1.1850E-11 3.0160E-12 8.2818E-13 5.5639E-13 1.8280E-13 0.0000E+00 0.0000E+00 0.0000E+00 0.0000E+00 0.0000E+00 0.0000E+00 0.0000E+00 0.0000E+00 0.0000E+00 0.0000E+00 0.0000E+00 0.0000E+00 0.0000E+00 0.0000E+00
2.5674E-09 3.4374E-09 4.4673E-09 5.6579E-09 6.9889E-09 8.4305E-09 9.9308E-09 1.1436E-08 1.2884E-08 1.4214E-08 1.5360E-08 1.6267E-08 1.6903E-08 1.7222E-08 1.7214E-08 1.6890E-08 1.6261E-08 1.5356E-08 1.4223E-08 1.2921E-08 1.1506E-08 1.0033E-08 8.5727E-09 7.1763E-09 5.8758E-09 4.7000E-09 3.6781E-09 2.8059E-09 2.0871E-09 1.5150E-09 1.0656E-09 7.2702E-10 4.7506E-10 2.9401E-10 1.7515E-10 9.8500E-11 5.0456E-11 2.3890E-11 8.1907E-12 1.3592E-12 6.2090E-13 2.5390E-13 0.0000E+00 0.0000E+00 0.0000E+00 0.0000E+00 0.0000E+00 0.0000E+00 0.0000E+00 0.0000E+00 0.0000E+00 0.0000E+00 0.0000E+00 0.0000E+00 0.0000E+00 0.0000E+00 0.0000E+00
2.4755E-09 3.3581E-09 4.4160E-09 5.6427E-09 7.0191E-09 8.5118E-09 1.0068E-08 1.1630E-08 1.3125E-08 1.4484E-08 1.5650E-08 1.6555E-08 1.7159E-08 1.7439E-08 1.7386E-08 1.6996E-08 1.6299E-08 1.5339E-08 1.4156E-08 1.2811E-08 1.1361E-08 9.8705E-09 8.3906E-09 6.9944E-09 5.7051E-09 4.5414E-09 3.5329E-09 2.6807E-09 1.9811E-09 1.4267E-09 9.9845E-10 6.7348E-10 4.3616E-10 2.6414E-10 1.5421E-10 8.3402E-11 4.0687E-11 1.7910E-11 5.1458E-12 6.5026E-13 2.9728E-13 7.9128E-15 0.0000E+00 0.0000E+00 0.0000E+00 0.0000E+00 0.0000E+00 0.0000E+00 0.0000E+00 0.0000E+00 0.0000E+00 0.0000E+00 0.0000E+00 0.0000E+00 0.0000E+00 0.0000E+00 0.0000E+00
2.3753E-09 3.2714E-09 4.3549E-09 5.6179E-09 7.0443E-09 8.5989E-09 1.0220E-08 1.1843E-08 1.3395E-08 1.4795E-08 1.5974E-08 1.6875E-08 1.7464E-08 1.7699E-08 1.7581E-08 1.7132E-08 1.6369E-08 1.5340E-08 1.4097E-08 1.2700E-08 1.1216E-08 9.7016E-09 8.2040E-09 6.8106E-09 5.5287E-09 4.3805E-09 3.3862E-09 2.5528E-09 1.8761E-09 1.3410E-09 9.3095E-10 6.2425E-10 3.9774E-10 2.3516E-10 1.3200E-10 6.8495E-11 3.1518E-11 1.2274E-11 2.2752E-12 3.1235E-13 3.6700E-14 0.0000E+00 0.0000E+00 0.0000E+00 0.0000E+00 0.0000E+00 0.0000E+00 0.0000E+00 0.0000E+00 0.0000E+00 0.0000E+00 0.0000E+00 0.0000E+00 0.0000E+00 0.0000E+00 0.0000E+00 0.0000E+00
2.2663E-09 3.1684E-09 4.2738E-09 5.5763E-09 7.0564E-09 8.6759E-09 1.0369E-08 1.2069E-08 1.3685E-08 1.5135E-08 1.6350E-08 1.7257E-08 1.7815E-08 1.8010E-08 1.7832E-08 1.7300E-08 1.6456E-08 1.5352E-08 1.4041E-08 1.2595E-08 1.1069E-08 9.5284E-09 8.0102E-09 6.6209E-09 5.3502E-09 4.2161E-09 3.2390E-09 2.4270E-09 1.7714E-09 1.2569E-09 8.6510E-10 5.7283E-10 3.6145E-10 2.1046E-10 1.1278E-10 5.5948E-11 2.4349E-11 7.7639E-12 3.0002E-13 4.3092E-14 0.0000E+00 0.0000E+00 0.0000E+00 0.0000E+00 0.0000E+00 0.0000E+00 0.0000E+00 0.0000E+00 0.0000E+00 0.0000E+00 0.0000E+00 0.0000E+00 0.0000E+00 0.0000E+00 0.0000E+00 0.0000E+00 0.0000E+00
2.1439E-09 3.0415E-09 4.1685E-09 5.5098E-09 7.0393E-09 8.7297E-09 1.0506E-08 1.2288E-08 1.3985E-08 1.5502E-08 1.6754E-08 1.7676E-08 1.8221E-08 1.8367E-08 1.8119E-08 1.7513E-08 1.6582E-08 1.5394E-08 1.4009E-08 1.2495E-08 1.0924E-08 9.3590E-09 7.8357E-09 6.4275E-09 5.1682E-09 4.0489E-09 3.0926E-09 2.3027E-09 1.6678E-09 1.1747E-09 8.0218E-10 5.2440E-10 3.2847E-10 1.8792E-10 9.5620E-11 4.5617E-11 1.7573E-11 3.2561E-12 2.8389E-14 0.0000E+00 0.0000E+00 0.0000E+00 0.0000E+00 0.0000E+00 0.0000E+00 0.0000E+00 0.0000E+00 0.0000E+00 0.0000E+00 0.0000E+00 0.0000E+00 0.0000E+00 0.0000E+00 0.0000E+00 0.0000E+00 0.0000E+00 0.0000E+00
2.0110E-09 2.9014E-09 4.0334E-09 5.4050E-09 6.9885E-09 8.7416E-09 1.0604E-08 1.2483E-08 1.4274E-08 1.5870E-08 1.7183E-08 1.8131E-08 1.8667E-08 1.8777E-08 1.8463E-08 1.7769E-08 1.6745E-08 1.5459E-08 1.3987E-08 1.2408E-08 1.0788E-08 9.1863E-09 7.6546E-09 6.2298E-09 4.9803E-09 3.8801E-09 2.9445E-09 2.1750E-09 1.5654E-09 1.0931E-09 7.3748E-10 4.7957E-10 2.9411E-10 1.6557E-10 8.0467E-11 3.6126E-11 1.1320E-11 2.7402E-13 0.0000E+00 0.0000E+00 0.0000E+00 0.0000E+00 0.0000E+00 0.0000E+00 0.0000E+00 0.0000E+00 0.0000E+00 0.0000E+00 0.0000E+00 0.0000E+00 0.0000E+00 0.0000E+00 0.0000E+00 0.0000E+00 0.0000E+00 0.0000E+00 0.0000E+00
