Assets/Resources/2015_m01_d04_1200(utc+0800)_l00_csi_1hr_conc.grd
DSAA
         159         159
     -79.000      79.000
     -79.000      79.000
  0.1274E-09  0.6336E-05
[rows 0 to 24 of 159, columns 57 to 113 of 159]
1.0670E-09 1.0731E-09 1.0784E-09 1.0827E-09 1.0862E-09 1.0878E-09 1.0896E-09 1.0906E-09 1.0887E-09 1.0870E-09 1.0855E-09 1.0831E-09 1.0771E-09 1.0732E-09 1.0683E-09 1.0625E-09 1.0558E-09 1.0482E-09 1.0398E-09 1.0305E-09 1.0203E-09 1.0094E-09 9.9769E-10 9.8525E-10 9.7212E-10 9.5834E-10 9.4394E-10 9.2898E-10 9.1350E-10 8.9756E-10 8.8119E-10 8.6445E-10 8.4738E-10 8.3004E-10 8.1029E-10 7.8725E-10 7.6454E-10 7.4349E-10 7.2390E-10 7.0576E-10 6.8712E-10 6.6931E-10 6.5289E-10 6.3545E-10 6.1825E-10 6.0249E-10 5.8582E-10 5.6949E-10 5.5357E-10 5.3635E-10 5.2033E-10 5.0600E-10 4.8973E-10 4.7793E-10 4.6563E-10 4.5525E-10 4.4129E-10
1.1217E-09 1.1283E-09 1.1340E-09 1.1387E-09 1.1441E-09 1.1469E-09 1.1469E-09 1.1481E-09 1.1470E-09 1.1464E-09 1.1421E-09 1.1399E-09 1.1367E-09 1.1286E-09 1.1238E-09 1.1180E-09 1.1112E-09 1.1035E-09 1.0948E-09 1.0852E-09 1.0748E-09 1.0634E-09 1.0513E-09 1.0383E-09 1.0246E-09 1.0102E-09 9.9506E-10 9.7934E-10 9.6305E-10 9.4624E-10 9.2896E-10 9.1126E-10 8.9320E-10 8.7483E-10 8.5620E-10 8.3284E-10 8.1096E-10 7.8586E-10 7.6485E-10 7.4299E-10 7.2498E-10 7.0532E-10 6.8653E-10 6.6796E-10 6.5083E-10 6.3277E-10 6.1619E-10 5.9875E-10 5.8226E-10 5.6392E-10 5.4848E-10 5.2946E-10 5.1463E-10 5.0145E-10 4.8684E-10 4.7414E-10 4.6341E-10
1.1820E-09 1.1890E-09 1.1951E-09 1.1995E-09 1.2037E-09 1.2068E-09 1.2091E-09 1.2103E-09 1.2078E-09 1.2074E-09 1.2059E-09 1.1996E-09 1.1964E-09 1.1923E-09 1.1851E-09 1.1762E-09 1.1694E-09 1.1615E-09 1.1526E-09 1.1428E-09 1.1320E-09 1.1203E-09 1.1076E-09 1.0941E-09 1.0798E-09 1.0647E-09 1.0489E-09 1.0324E-09 1.0153E-09 9.9758E-10 9.7936E-10 9.6067E-10 9.4157E-10 9.2212E-10 9.0237E-10 8.8240E-10 8.5776E-10 8.3462E-10 8.0831E-10 7.8611E-10 7.6314E-10 7.4282E-10 7.2275E-10 7.0358E-10 6.8404E-10 6.6601E-10 6.4706E-10 6.2907E-10 6.1267E-10 5.9436E-10 5.7651E-10 5.5934E-10 5.4082E-10 5.2438E-10 5.1081E-10 4.9727E-10 4.8258E-10
1.2460E-09 1.2534E-09 1.2599E-09 1.2653E-09 1.2697E-09 1.2719E-09 1.2743E-09 1.2758E-09 1.2763E-09 1.2716E-09 1.2703E-09 1.2680E-09 1.2625E-09 1.2552E-09 1.2500E-09 1.2426E-09 1.2303E-09 1.2223E-09 1.2133E-09 1.2032E-09 1.1921E-09 1.1800E-09 1.1669E-09 1.1529E-09 1.1379E-09 1.1222E-09 1.1056E-09 1.0883E-09 1.0703E-09 1.0517E-09 1.0325E-09 1.0128E-09 9.9259E-10 9.7201E-10 9.5110E-10 9.2993E-10 9.0616E-10 8.8259E-10 8.5449E-10 8.3063E-10 8.0603E-10 7.8312E-10 7.6172E-10 7.4180E-10 7.1978E-10 7.0110E-10 6.8033E-10 6.6235E-10 6.4239E-10 6.2532E-10 6.0634E-10 5.8966E-10 5.6883E-10 5.5346E-10 5.3408E-10 5.2008E-10 5.0767E-10
1.3113E-09 1.3193E-09 1.3263E-09 1.3321E-09 1.3369E-09 1.3406E-09 1.3415E-09 1.3432E-09 1.3439E-09 1.3435E-09 1.3409E-09 1.3344E-09 1.3310E-09 1.3265E-09 1.3147E-09 1.3084E-09 1.3010E-09 1.2883E-09 1.2769E-09 1.2666E-09 1.2552E-09 1.2426E-09 1.2291E-09 1.2145E-09 1.1990E-09 1.1826E-09 1.1653E-09 1.1471E-09 1.1283E-09 1.1087E-09 1.0885E-09 1.0677E-09 1.0464E-09 1.0246E-09 1.0025E-09 9.8006E-10 9.5738E-10 9.3462E-10 9.0729E-10 8.7787E-10 8.5278E-10 8.2703E-10 8.0532E-10 7.8039E-10 7.5815E-10 7.3634E-10 7.1674E-10 6.9628E-10 6.7563E-10 6.5739E-10 6.3720E-10 6.2004E-10 6.0099E-10 5.8321E-10 5.6373E-10 5.4742E-10 5.2930E-10
1.3787E-09 1.3873E-09 1.3942E-09 1.4006E-09 1.4059E-09 1.4101E-09 1.4132E-09 1.4138E-09 1.4135E-09 1.4134E-09 1.4121E-09 1.4095E-09 1.3995E-09 1.3951E-09 1.3895E-09 1.3785E-09 1.3687E-09 1.3600E-09 1.3469E-09 1.3330E-09 1.3213E-09 1.3084E-09 1.2944E-09 1.2793E-09 1.2632E-09 1.2460E-09 1.2280E-09 1.2090E-09 1.1892E-09 1.1686E-09 1.1474E-09 1.1255E-09 1.1030E-09 1.0800E-09 1.0566E-09 1.0329E-09 1.0089E-09 9.8475E-10 9.6062E-10 9.2932E-10 9.0352E-10 8.7090E-10 8.4779E-10 8.2494E-10 7.9878E-10 7.7549E-10 7.5514E-10 7.3148E-10 7.1205E-10 6.8942E-10 6.7107E-10 6.4962E-10 6.3248E-10 6.1224E-10 5.9636E-10 5.7392E-10 5.5835E-10
1.4475E-09 1.4568E-09 1.4649E-09 1.4706E-09 1.4766E-09 1.4813E-09 1.4849E-09 1.4873E-09 1.4885E-09 1.4853E-09 1.4843E-09 1.4820E-09 1.4784E-09 1.4692E-09 1.4614E-09 1.4545E-09 1.4432E-09 1.4308E-09 1.4207E-09 1.4072E-09 1.3905E-09 1.3773E-09 1.3628E-09 1.3472E-09 1.3305E-09 1.3126E-09 1.2938E-09 1.2740E-09 1.2532E-09 1.2317E-09 1.2093E-09 1.1863E-09 1.1626E-09 1.1384E-09 1.1137E-09 1.0885E-09 1.0631E-09 1.0376E-09 1.0120E-09 9.8649E-10 9.6112E-10 9.2658E-10 8.9512E-10 8.6826E-10 8.4431E-10 8.2186E-10 7.9253E-10 7.7127E-10 7.4861E-10 7.2646E-10 7.0497E-10 6.8407E-10 6.6387E-10 6.4428E-10 6.2601E-10 6.0716E-10 5.8789E-10
1.5196E-09 1.5296E-09 1.5385E-09 1.5461E-09 1.5526E-09 1.5559E-09 1.5600E-09 1.5629E-09 1.5645E-09 1.5648E-09 1.5598E-09 1.5578E-09 1.5544E-09 1.5497E-09 1.5414E-09 1.5298E-09 1.5216E-09 1.5098E-09 1.4947E-09 1.4831E-09 1.4679E-09 1.4506E-09 1.4345E-09 1.4184E-09 1.4010E-09 1.3825E-09 1.3629E-09 1.3422E-09 1.3205E-09 1.2979E-09 1.2744E-09 1.2502E-09 1.2253E-09 1.1997E-09 1.1736E-09 1.1471E-09 1.1202E-09 1.0932E-09 1.0661E-09 1.0391E-09 1.0122E-09 9.8552E-10 9.4676E-10 9.1905E-10 8.8712E-10 8.6334E-10 8.3979E-10 8.0931E-10 7.8718E-10 7.6489E-10 7.4074E-10 7.1974E-10 6.9697E-10 6.7741E-10 6.5601E-10 6.3788E-10 6.1787E-10
1.5937E-09 1.6047E-09 1.6143E-09 1.6228E-09 1.6299E-09 1.6357E-09 1.6376E-09 1.6411E-09 1.6432E-09 1.6440E-09 1.6433E-09 1.6399E-09 1.6338E-09 1.6293E-09 1.6232E-09 1.6135E-09 1.6002E-09 1.5905E-09 1.5771E-09 1.5614E-09 1.5469E-09 1.5311E-09 1.5120E-09 1.4929E-09 1.4749E-09 1.4557E-09 1.4353E-09 1.4137E-09 1.3911E-09 1.3674E-09 1.3428E-09 1.3173E-09 1.2911E-09 1.2642E-09 1.2367E-09 1.2087E-09 1.1803E-09 1.1517E-09 1.1230E-09 1.0944E-09 1.0660E-09 1.0377E-09 1.0097E-09 9.7956E-10 9.4026E-10 9.1090E-10 8.8200E-10 8.5747E-10 8.3109E-10 8.0285E-10 7.8037E-10 7.5612E-10 7.3321E-10 7.1108E-10 6.8964E-10 6.6900E-10 6.4903E-10
1.6725E-09 1.6837E-09 1.6942E-09 1.7030E-09 1.7107E-09 1.7173E-09 1.7225E-09 1.7256E-09 1.7254E-09 1.7266E-09 1.7264E-09 1.7246E-09 1.7206E-09 1.7125E-09 1.7065E-09 1.6990E-09 1.6889E-09 1.6751E-09 1.6613E-09 1.6473E-09 1.6297E-09 1.6121E-09 1.5945E-09 1.5734E-09 1.5523E-09 1.5323E-09 1.5111E-09 1.4886E-09 1.4650E-09 1.4403E-09 1.4145E-09 1.3878E-09 1.3602E-09 1.3319E-09 1.3029E-09 1.2734E-09 1.2434E-09 1.2132E-09 1.1829E-09 1.1527E-09 1.1225E-09 1.0925E-09 1.0629E-09 1.0335E-09 1.0045E-09 9.6381E-10 9.3293E-10 9.0034E-10 8.7484E-10 8.4870E-10 8.1833E-10 7.9508E-10 7.7076E-10 7.4715E-10 7.2441E-10 7.0237E-10 6.8116E-10
1.7550E-09 1.7677E-09 1.7776E-09 1.7875E-09 1.7959E-09 1.8032E-09 1.8091E-09 1.8135E-09 1.8164E-09 1.8136E-09 1.8133E-09 1.8117E-09 1.8087E-09 1.8033E-09 1.7951E-09 1.7861E-09 1.7770E-09 1.7651E-09 1.7494E-09 1.7337E-09 1.7179E-09 1.6983E-09 1.6786E-09 1.6590E-09 1.6357E-09 1.6125E-09 1.5904E-09 1.5671E-09 1.5424E-09 1.5166E-09 1.4896E-09 1.4616E-09 1.4327E-09 1.4029E-09 1.3724E-09 1.3412E-09 1.3096E-09 1.2778E-09 1.2458E-09 1.2138E-09 1.1819E-09 1.1502E-09 1.1188E-09 1.0877E-09 1.0570E-09 1.0267E-09 9.9210E-10 9.5214E-10 9.2101E-10 8.9186E-10 8.6485E-10 8.3621E-10 8.0958E-10 7.8523E-10 7.6032E-10 7.3697E-10 7.1431E-10
1.8403E-09 1.8541E-09 1.8664E-09 1.8761E-09 1.8839E-09 1.8921E-09 1.8987E-09 1.9038E-09 1.9073E-09 1.9091E-09 1.9065E-09 1.9036E-09 1.9006E-09 1.8961E-09 1.8889E-09 1.8793E-09 1.8678E-09 1.8570E-09 1.8432E-09 1.8268E-09 1.8077E-09 1.7898E-09 1.7693E-09 1.7463E-09 1.7244E-09 1.7001E-09 1.6734E-09 1.6491E-09 1.6234E-09 1.5964E-09 1.5682E-09 1.5389E-09 1.5086E-09 1.4773E-09 1.4452E-09 1.4124E-09 1.3791E-09 1.3455E-09 1.3117E-09 1.2780E-09 1.2443E-09 1.2107E-09 1.1775E-09 1.1446E-09 1.1121E-09 1.0799E-09 1.0482E-09 1.0123E-09 9.7214E-10 9.3997E-10 9.0851E-10 8.8077E-10 8.5246E-10 8.2390E-10 7.9884E-10 7.7390E-10 7.4990E-10
1.9287E-09 1.9436E-09 1.9570E-09 1.9689E-09 1.9790E-09 1.9854E-09 1.9929E-09 1.9984E-09 2.0022E-09 2.0046E-09 2.0053E-09 2.0028E-09 1.9968E-09 1.9922E-09 1.9862E-09 1.9780E-09 1.9658E-09 1.9521E-09 1.9388E-09 1.9230E-09 1.9045E-09 1.8832E-09 1.8630E-09 1.8403E-09 1.8148E-09 1.7894E-09 1.7639E-09 1.7347E-09 1.7080E-09 1.6799E-09 1.6504E-09 1.6198E-09 1.5880E-09 1.5552E-09 1.5214E-09 1.4869E-09 1.4519E-09 1.4165E-09 1.3809E-09 1.3453E-09 1.3097E-09 1.2742E-09 1.2391E-09 1.2043E-09 1.1700E-09 1.1359E-09 1.1023E-09 1.0692E-09 1.0344E-09 9.9579E-10 9.5721E-10 9.2480E-10 8.9736E-10 8.6723E-10 8.3787E-10 8.1212E-10 7.8715E-10
2.0202E-09 2.0363E-09 2.0509E-09 2.0640E-09 2.0754E-09 2.0849E-09 2.0904E-09 2.0970E-09 2.1017E-09 2.1042E-09 2.1052E-09 2.1041E-09 2.1000E-09 2.0926E-09 2.0867E-09 2.0788E-09 2.0689E-09 2.0544E-09 2.0394E-09 2.0231E-09 2.0046E-09 1.9835E-09 1.9611E-09 1.9373E-09 1.9120E-09 1.8853E-09 1.8562E-09 1.8269E-09 1.7963E-09 1.7670E-09 1.7363E-09 1.7043E-09 1.6710E-09 1.6366E-09 1.6012E-09 1.5649E-09 1.5280E-09 1.4908E-09 1.4533E-09 1.4157E-09 1.3782E-09 1.3408E-09 1.3036E-09 1.2668E-09 1.2304E-09 1.1945E-09 1.1589E-09 1.1239E-09 1.0895E-09 1.0535E-09 1.0137E-09 9.7524E-10 9.4199E-10 9.1251E-10 8.8161E-10 8.5279E-10 8.2499E-10
2.1154E-09 2.1329E-09 2.1488E-09 2.1630E-09 2.1755E-09 2.1864E-09 2.1951E-09 2.2003E-09 2.2051E-09 2.2087E-09 2.2098E-09 2.2095E-09 2.2066E-09 2.2004E-09 2.1917E-09 2.1830E-09 2.1731E-09 2.1612E-09 2.1458E-09 2.1278E-09 2.1090E-09 2.0881E-09 2.0641E-09 2.0387E-09 2.0111E-09 1.9845E-09 1.9551E-09 1.9232E-09 1.8912E-09 1.8579E-09 1.8259E-09 1.7924E-09 1.7576E-09 1.7216E-09 1.6845E-09 1.6464E-09 1.6077E-09 1.5685E-09 1.5290E-09 1.4895E-09 1.4499E-09 1.4104E-09 1.3712E-09 1.3324E-09 1.2939E-09 1.2557E-09 1.2183E-09 1.1812E-09 1.1447E-09 1.1091E-09 1.0719E-09 1.0335E-09 9.9157E-10 9.5760E-10 9.2606E-10 8.9554E-10 8.6588E-10
2.2145E-09 2.2334E-09 2.2506E-09 2.2661E-09 2.2798E-09 2.2917E-09 2.3017E-09 2.3095E-09 2.3144E-09 2.3171E-09 2.3193E-09 2.3189E-09 2.3168E-09 2.3123E-09 2.3049E-09 2.2937E-09 2.2816E-09 2.2695E-09 2.2545E-09 2.2375E-09 2.2169E-09 2.1961E-09 2.1728E-09 2.1461E-09 2.1176E-09 2.0867E-09 2.0559E-09 2.0238E-09 1.9903E-09 1.9555E-09 1.9192E-09 1.8843E-09 1.8480E-09 1.8103E-09 1.7714E-09 1.7314E-09 1.6908E-09 1.6497E-09 1.6082E-09 1.5666E-09 1.5249E-09 1.4833E-09 1.4419E-09 1.4009E-09 1.3602E-09 1.3199E-09 1.2802E-09 1.2412E-09 1.2026E-09 1.1648E-09 1.1279E-09 1.0896E-09 1.0503E-09 1.0074E-09 9.7398E-10 9.4023E-10 9.0885E-10
2.3174E-09 2.3378E-09 2.3565E-09 2.3734E-09 2.3884E-09 2.4015E-09 2.4125E-09 2.4215E-09 2.4280E-09 2.4325E-09 2.4328E-09 2.4335E-09 2.4314E-09 2.4273E-09 2.4208E-09 2.4112E-09 2.3978E-09 2.3830E-09 2.3679E-09 2.3503E-09 2.3298E-09 2.3074E-09 2.2838E-09 2.2565E-09 2.2287E-09 2.1974E-09 2.1630E-09 2.1288E-09 2.0937E-09 2.0572E-09 2.0193E-09 1.9800E-09 1.9421E-09 1.9027E-09 1.8620E-09 1.8201E-09 1.7775E-09 1.7343E-09 1.6909E-09 1.6470E-09 1.6032E-09 1.5594E-09 1.5158E-09 1.4725E-09 1.4296E-09 1.3870E-09 1.3449E-09 1.3037E-09 1.2630E-09 1.2231E-09 1.1840E-09 1.1459E-09 1.1067E-09 1.0664E-09 1.0253E-09 9.8834E-10 9.5369E-10
2.4244E-09 2.4464E-09 2.4666E-09 2.4848E-09 2.5005E-09 2.5148E-09 2.5270E-09 2.5371E-09 2.5449E-09 2.5504E-09 2.5537E-09 2.5522E-09 2.5510E-09 2.5470E-09 2.5406E-09 2.5320E-09 2.5199E-09 2.5048E-09 2.4865E-09 2.4684E-09 2.4475E-09 2.4241E-09 2.3987E-09 2.3721E-09 2.3418E-09 2.3110E-09 2.2757E-09 2.2398E-09 2.2018E-09 2.1631E-09 2.1222E-09 2.0825E-09 2.0399E-09 1.9988E-09 1.9562E-09 1.9124E-09 1.8678E-09 1.8225E-09 1.7768E-09 1.7310E-09 1.6848E-09 1.6388E-09 1.5928E-09 1.5472E-09 1.5020E-09 1.4570E-09 1.4126E-09 1.3688E-09 1.3261E-09 1.2838E-09 1.2425E-09 1.2022E-09 1.1631E-09 1.1229E-09 1.0818E-09 1.0398E-09 1.0019E-09
2.5362E-09 2.5591E-09 2.5809E-09 2.6007E-09 2.6184E-09 2.6333E-09 2.6467E-09 2.6573E-09 2.6659E-09 2.6723E-09 2.6762E-09 2.6777E-09 2.6742E-09 2.6709E-09 2.6650E-09 2.6566E-09 2.6456E-09 2.6306E-09 2.6129E-09 2.5916E-09 2.5706E-09 2.5461E-09 2.5193E-09 2.4907E-09 2.4596E-09 2.4274E-09 2.3918E-09 2.3560E-09 2.3145E-09 2.2749E-09 2.2321E-09 2.1877E-09 2.1446E-09 2.0987E-09 2.0542E-09 2.0085E-09 1.9617E-09 1.9143E-09 1.8664E-09 1.8183E-09 1.7698E-09 1.7214E-09 1.6731E-09 1.6251E-09 1.5774E-09 1.5300E-09 1.4831E-09 1.4369E-09 1.3915E-09 1.3472E-09 1.3036E-09 1.2610E-09 1.2196E-09 1.1795E-09 1.1383E-09 1.0951E-09 1.0534E-09
2.6515E-09 2.6768E-09 2.6997E-09 2.7211E-09 2.7403E-09 2.7572E-09 2.7712E-09 2.7833E-09 2.7927E-09 2.7996E-09 2.8036E-09 2.8056E-09 2.8050E-09 2.8002E-09 2.7936E-09 2.7852E-09 2.7742E-09 2.7604E-09 2.7423E-09 2.7225E-09 2.6980E-09 2.6738E-09 2.6460E-09 2.6151E-09 2.5830E-09 2.5498E-09 2.5128E-09 2.4738E-09 2.4330E-09 2.3895E-09 2.3471E-09 2.3005E-09 2.2559E-09 2.2039E-09 2.1560E-09 2.1082E-09 2.0593E-09 2.0097E-09 1.9595E-09 1.9089E-09 1.8582E-09 1.8074E-09 1.7567E-09 1.7062E-09 1.6559E-09 1.6060E-09 1.5565E-09 1.5078E-09 1.4599E-09 1.4129E-09 1.3671E-09 1.3221E-09 1.2785E-09 1.2360E-09 1.1948E-09 1.1504E-09 1.1086E-09
2.7712E-09 2.7985E-09 2.8229E-09 2.8460E-09 2.8668E-09 2.8852E-09 2.9011E-09 2.9140E-09 2.9245E-09 2.9324E-09 2.9373E-09 2.9394E-09 2.9387E-09 2.9354E-09 2.9280E-09 2.9188E-09 2.9077E-09 2.8936E-09 2.8768E-09 2.8556E-09 2.8317E-09 2.8063E-09 2.7778E-09 2.7456E-09 2.7115E-09 2.6752E-09 2.6384E-09 2.5963E-09 2.5552E-09 2.5108E-09 2.4676E-09 2.4160E-09 2.3678E-09 2.3189E-09 2.2630E-09 2.2116E-09 2.1606E-09 2.1087E-09 2.0562E-09 2.0032E-09 1.9498E-09 1.8968E-09 1.8435E-09 1.7904E-09 1.7375E-09 1.6850E-09 1.6329E-09 1.5815E-09 1.5310E-09 1.4814E-09 1.4330E-09 1.3857E-09 1.3396E-09 1.2948E-09 1.2513E-09 1.2091E-09 1.1636E-09
2.8951E-09 2.9243E-09 2.9512E-09 2.9757E-09 2.9981E-09 3.0180E-09 3.0354E-09 3.0500E-09 3.0614E-09 3.0701E-09 3.0762E-09 3.0787E-09 3.0787E-09 3.0753E-09 3.0689E-09 3.0583E-09 3.0461E-09 3.0319E-09 3.0146E-09 2.9944E-09 2.9697E-09 2.9423E-09 2.9123E-09 2.8816E-09 2.8461E-09 2.8081E-09 2.7672E-09 2.7265E-09 2.6847E-09 2.6356E-09 2.5874E-09 2.5404E-09 2.4848E-09 2.4332E-09 2.3803E-09 2.3244E-09 2.2655E-09 2.2113E-09 2.1563E-09 2.1009E-09 2.0450E-09 1.9891E-09 1.9336E-09 1.8779E-09 1.8222E-09 1.7670E-09 1.7122E-09 1.6581E-09 1.6048E-09 1.5526E-09 1.5015E-09 1.4517E-09 1.4031E-09 1.3558E-09 1.3099E-09 1.2653E-09 1.2197E-09
3.0227E-09 3.0541E-09 3.0833E-09 3.1101E-09 3.1343E-09 3.1558E-09 3.1746E-09 3.1905E-09 3.2036E-09 3.2133E-09 3.2198E-09 3.2236E-09 3.2238E-09 3.2210E-09 3.2148E-09 3.2044E-09 3.1909E-09 3.1752E-09 3.1575E-09 3.1367E-09 3.1120E-09 3.0844E-09 3.0532E-09 3.0193E-09 2.9846E-09 2.9474E-09 2.9035E-09 2.8588E-09 2.8136E-09 2.7679E-09 2.7131E-09 2.6625E-09 2.6115E-09 2.5559E-09 2.4961E-09 2.4398E-09 2.3813E-09 2.3174E-09 2.2600E-09 2.2020E-09 2.1436E-09 2.0850E-09 2.0266E-09 1.9684E-09 1.9100E-09 1.8519E-09 1.7944E-09 1.7374E-09 1.6814E-09 1.6264E-09 1.5726E-09 1.5200E-09 1.4689E-09 1.4191E-09 1.3706E-09 1.3235E-09 1.2779E-09
3.1545E-09 3.1882E-09 3.2195E-09 3.2483E-09 3.2743E-09 3.2976E-09 3.3180E-09 3.3353E-09 3.3496E-09 3.3607E-09 3.3686E-09 3.3732E-09 3.3744E-09 3.3719E-09 3.3661E-09 3.3566E-09 3.3429E-09 3.3248E-09 3.3056E-09 3.2840E-09 3.2594E-09 3.2316E-09 3.1982E-09 3.1638E-09 3.1258E-09 3.0870E-09 3.0457E-09 2.9983E-09 2.9486E-09 2.8994E-09 2.8495E-09 2.7963E-09 2.7355E-09 2.6803E-09 2.6219E-09 2.5567E-09 2.4971E-09 2.4346E-09 2.3701E-09 2.3066E-09 2.2455E-09 2.1842E-09 2.1229E-09 2.0619E-09 2.0008E-09 1.9398E-09 1.8794E-09 1.8195E-09 1.7607E-09 1.7028E-09 1.6462E-09 1.5908E-09 1.5368E-09 1.4845E-09 1.4334E-09 1.3838E-09 1.3356E-09
3.2908E-09 3.3268E-09 3.3603E-09 3.3911E-09 3.4191E-09 3.4442E-09 3.4662E-09 3.4851E-09 3.5007E-09 3.5129E-09 3.5218E-09 3.5271E-09 3.5290E-09 3.5273E-09 3.5220E-09 3.5132E-09 3.5003E-09 3.4829E-09 3.4609E-09 3.4372E-09 3.4109E-09 3.3822E-09 3.3501E-09 3.3124E-09 3.2737E-09 3.2314E-09 3.1884E-09 3.1427E-09 3.0938E-09 3.0380E-09 2.9834E-09 2.9291E-09 2.8715E-09 2.8076E-09 2.7465E-09 2.6842E-09 2.6179E-09 2.5517E-09 2.4869E-09 2.4189E-09 2.3507E-09 2.2866E-09 2.2225E-09 2.1584E-09 2.0944E-09 2.0306E-09 1.9672E-09 1.9044E-09 1.8425E-09 1.7817E-09 1.7222E-09 1.6640E-09 1.6072E-09 1.5521E-09 1.4984E-09 1.4461E-09 1.3953E-09
