Assets/Resources/2015_m01_d16_1200(utc+0800)_l00_csi_1hr_conc.grd
DSAA
         159         159
     -79.000      79.000
     -79.000      79.000
  0.0000E+00  0.1180E-05
[rows 125 to 149 of 159, columns 0 to 56 of 159]
4.3475E-13 4.4911E-13 4.6385E-13 4.7897E-13 4.9448E-13 5.1039E-13 5.2671E-13 5.4344E-13 5.6058E-13 5.7815E-13 5.9614E-13 6.1457E-13 6.3344E-13 6.5275E-13 6.7251E-13 6.9274E-13 7.1342E-13 7.3457E-13 7.5620E-13 7.7829E-13 8.0087E-13 8.2394E-13 8.4750E-13 8.7155E-13 8.9610E-13 9.2116E-13 9.4673E-13 9.7280E-13 9.9938E-13 1.0265E-12 1.0541E-12 1.0823E-12 1.1109E-12 1.1401E-12 1.1698E-12 1.2001E-12 1.2309E-12 1.2622E-12 1.2940E-12 1.3264E-12 1.3593E-12 1.3927E-12 1.4267E-12 3.6984E-12 4.5506E-12 5.0030E-12 5.2580E-12 5.5253E-12 6.3442E-12 8.1778E-12 1.0391E-11 1.3234E-11 1.6128E-11 1.8173E-11 2.0418E-11 2.2083E-11 2.3847E-11
4.2467E-13 4.3870E-13 4.5309E-13 4.6787E-13 4.8302E-13 4.9856E-13 5.1450E-13 5.3084E-13 5.4759E-13 5.6475E-13 5.8232E-13 6.0033E-13 6.1876E-13 6.3762E-13 6.5693E-13 6.7668E-13 6.9688E-13 7.1755E-13 7.3866E-13 7.6025E-13 7.8231E-13 8.0484E-13 8.2786E-13 8.5135E-13 8.7534E-13 8.9981E-13 9.2478E-13 9.5025E-13 9.7622E-13 1.0027E-12 1.0297E-12 1.0572E-12 1.0852E-12 1.1137E-12 1.1427E-12 1.1723E-12 1.2023E-12 1.2329E-12 1.2640E-12 1.2956E-12 1.3278E-12 1.3604E-12 1.3936E-12 2.7584E-12 4.2065E-12 4.6455E-12 5.1089E-12 5.3682E-12 5.6398E-12 7.1574E-12 8.9190E-12 1.1839E-11 1.4769E-11 1.7481E-11 1.9065E-11 2.1011E-11 2.2715E-11
4.1475E-13 4.2844E-13 4.4250E-13 4.5693E-13 4.7173E-13 4.8691E-13 5.0248E-13 5.1843E-13 5.3479E-13 5.5154E-13 5.6871E-13 5.8629E-13 6.0429E-13 6.2271E-13 6.4157E-13 6.6086E-13 6.8059E-13 7.0077E-13 7.2140E-13 7.4248E-13 7.6402E-13 7.8603E-13 8.0850E-13 8.3145E-13 8.5488E-13 8.7878E-13 9.0316E-13 9.2803E-13 9.5340E-13 9.7926E-13 1.0056E-12 1.0325E-12 1.0598E-12 1.0876E-12 1.1160E-12 1.1449E-12 1.1742E-12 1.2041E-12 1.2345E-12 1.2654E-12 1.2967E-12 1.3286E-12 1.3610E-12 1.3940E-12 3.6633E-12 4.5127E-12 4.9618E-12 5.2134E-12 5.4768E-12 6.4269E-12 8.1303E-12 1.0597E-11 1.3184E-11 1.6193E-11 1.8101E-11 1.9979E-11 2.1973E-11
4.0497E-13 4.1834E-13 4.3207E-13 4.4615E-13 4.6061E-13 4.7543E-13 4.9063E-13 5.0621E-13 5.2218E-13 5.3854E-13 5.5530E-13 5.7247E-13 5.9004E-13 6.0803E-13 6.2644E-13 6.4528E-13 6.6455E-13 6.8425E-13 7.0439E-13 7.2498E-13 7.4601E-13 7.6750E-13 7.8944E-13 8.1185E-13 8.3472E-13 8.5806E-13 8.8187E-13 9.0616E-13 9.3092E-13 9.5617E-13 9.8190E-13 1.0081E-12 1.0348E-12 1.0620E-12 1.0897E-12 1.1179E-12 1.1465E-12 1.1757E-12 1.2054E-12 1.2355E-12 1.2662E-12 1.2973E-12 1.3290E-12 1.3611E-12 2.7225E-12 4.1660E-12 4.6015E-12 5.0608E-12 5.3162E-12 5.8482E-12 7.1014E-12 8.9871E-12 1.1902E-11 1.4697E-11 1.7390E-11 1.8957E-11 2.0880E-11
3.9534E-13 4.0839E-13 4.2180E-13 4.3555E-13 4.4966E-13 4.6412E-13 4.7896E-13 4.9417E-13 5.0976E-13 5.2574E-13 5.4210E-13 5.5885E-13 5.7601E-13 5.9358E-13 6.1155E-13 6.2994E-13 6.4874E-13 6.6798E-13 6.8764E-13 7.0774E-13 7.2827E-13 7.4925E-13 7.7067E-13 7.9254E-13 8.1487E-13 8.3765E-13 8.6090E-13 8.8461E-13 9.0879E-13 9.3343E-13 9.5855E-13 9.8414E-13 1.0102E-12 1.0368E-12 1.0638E-12 1.0913E-12 1.1193E-12 1.1478E-12 1.1767E-12 1.2061E-12 1.2361E-12 1.2665E-12 1.2974E-12 1.3287E-12 1.3606E-12 3.6215E-12 4.4659E-12 4.9106E-12 5.1581E-12 5.4172E-12 6.3648E-12 8.0629E-12 1.0523E-11 1.3098E-11 1.6089E-11 1.7977E-11 1.9458E-11
3.8586E-13 3.9860E-13 4.1168E-13 4.2510E-13 4.3887E-13 4.5300E-13 4.6748E-13 4.8232E-13 4.9754E-13 5.1313E-13 5.2910E-13 5.4545E-13 5.6220E-13 5.7934E-13 5.9688E-13 6.1483E-13 6.3319E-13 6.5196E-13 6.7115E-13 6.9077E-13 7.1081E-13 7.3128E-13 7.5219E-13 7.7354E-13 7.9533E-13 8.1757E-13 8.4026E-13 8.6340E-13 8.8699E-13 9.1105E-13 9.3556E-13 9.6055E-13 9.8599E-13 1.0119E-12 1.0383E-12 1.0651E-12 1.0924E-12 1.1202E-12 1.1485E-12 1.1772E-12 1.2064E-12 1.2361E-12 1.2663E-12 1.2969E-12 1.3279E-12 2.6824E-12 4.1175E-12 4.5484E-12 5.0025E-12 5.2535E-12 5.7814E-12 7.0290E-12 8.9061E-12 1.1543E-11 1.4583E-11 1.6894E-11 1.8794E-11
3.7653E-13 3.8897E-13 4.0173E-13 4.1483E-13 4.2826E-13 4.4204E-13 4.5618E-13 4.7066E-13 4.8551E-13 5.0072E-13 5.1631E-13 5.3227E-13 5.4861E-13 5.6534E-13 5.8245E-13 5.9997E-13 6.1788E-13 6.3620E-13 6.5493E-13 6.7407E-13 6.9362E-13 7.1361E-13 7.3401E-13 7.5484E-13 7.7610E-13 7.9781E-13 8.1994E-13 8.4252E-13 8.6555E-13 8.8902E-13 9.1295E-13 9.3732E-13 9.6215E-13 9.8743E-13 1.0132E-12 1.0394E-12 1.0660E-12 1.0931E-12 1.1207E-12 1.1488E-12 1.1773E-12 1.2062E-12 1.2356E-12 1.2655E-12 1.2958E-12 1.3266E-12 2.7173E-12 4.4103E-12 4.8496E-12 5.0925E-12 5.3466E-12 6.2888E-12 7.9761E-12 1.0161E-11 1.2607E-11 1.5818E-11 1.7801E-11
3.6735E-13 3.7948E-13 3.9194E-13 4.0471E-13 4.1782E-13 4.3127E-13 4.4506E-13 4.5919E-13 4.7367E-13 4.8852E-13 5.0372E-13 5.1929E-13 5.3523E-13 5.5155E-13 5.6825E-13 5.8534E-13 6.0282E-13 6.2069E-13 6.3896E-13 6.5763E-13 6.7672E-13 6.9621E-13 7.1611E-13 7.3644E-13 7.5719E-13 7.7836E-13 7.9996E-13 8.2199E-13 8.4445E-13 8.6735E-13 8.9069E-13 9.1447E-13 9.3869E-13 9.6336E-13 9.8848E-13 1.0140E-12 1.0400E-12 1.0665E-12 1.0934E-12 1.1208E-12 1.1486E-12 1.1768E-12 1.2055E-12 1.2347E-12 1.2643E-12 1.2943E-12 2.6383E-12 4.0613E-12 4.4865E-12 4.9344E-12 5.1802E-12 5.7026E-12 6.9407E-12 8.8030E-12 1.1169E-11 1.4169E-11 1.6709E-11
3.5832E-13 3.7016E-13 3.8230E-13 3.9477E-13 4.0755E-13 4.2067E-13 4.3412E-13 4.4790E-13 4.6203E-13 4.7651E-13 4.9134E-13 5.0653E-13 5.2208E-13 5.3800E-13 5.5429E-13 5.7096E-13 5.8800E-13 6.0544E-13 6.2326E-13 6.4147E-13 6.6008E-13 6.7910E-13 6.9851E-13 7.1834E-13 7.3858E-13 7.5923E-13 7.8030E-13 8.0178E-13 8.2370E-13 8.4604E-13 8.6880E-13 8.9200E-13 9.1563E-13 9.3969E-13 9.6418E-13 9.8911E-13 1.0145E-12 1.0403E-12 1.0665E-12 1.0932E-12 1.1203E-12 1.1479E-12 1.1759E-12 1.2043E-12 1.2332E-12 1.2625E-12 1.2922E-12 2.6699E-12 4.1274E-12 4.7791E-12 5.0169E-12 5.2655E-12 6.1993E-12 7.6008E-12 1.0034E-11 1.2197E-11 1.5020E-11
3.4944E-13 3.6098E-13 3.7283E-13 3.8499E-13 3.9746E-13 4.1025E-13 4.2336E-13 4.3681E-13 4.5058E-13 4.6471E-13 4.7917E-13 4.9398E-13 5.0915E-13 5.2467E-13 5.4056E-13 5.5681E-13 5.7344E-13 5.9044E-13 6.0782E-13 6.2558E-13 6.4373E-13 6.6227E-13 6.8121E-13 7.0054E-13 7.2027E-13 7.4041E-13 7.6096E-13 7.8192E-13 8.0329E-13 8.2507E-13 8.4727E-13 8.6990E-13 8.9294E-13 9.1641E-13 9.4029E-13 9.6460E-13 9.8935E-13 1.0145E-12 1.0401E-12 1.0661E-12 1.0926E-12 1.1195E-12 1.1468E-12 1.1745E-12 1.2026E-12 1.2312E-12 1.2602E-12 2.1616E-12 3.9976E-12 4.4160E-12 4.8566E-12 5.0969E-12 5.3481E-12 6.5698E-12 8.5512E-12 1.0637E-11 1.3979E-11
3.4072E-13 3.5197E-13 3.6352E-13 3.7537E-13 3.8753E-13 4.0000E-13 4.1279E-13 4.2590E-13 4.3933E-13 4.5310E-13 4.6720E-13 4.8164E-13 4.9643E-13 5.1157E-13 5.2705E-13 5.4290E-13 5.5911E-13 5.7569E-13 5.9263E-13 6.0995E-13 6.2765E-13 6.4573E-13 6.6419E-13 6.8304E-13 7.0229E-13 7.2192E-13 7.4196E-13 7.6239E-13 7.8322E-13 8.0447E-13 8.2611E-13 8.4817E-13 8.7063E-13 8.9351E-13 9.1681E-13 9.4052E-13 9.6464E-13 9.8917E-13 1.0141E-12 1.0395E-12 1.0653E-12 1.0915E-12 1.1181E-12 1.1451E-12 1.1726E-12 1.2005E-12 1.2287E-12 1.2574E-12 2.6186E-12 4.0578E-12 4.4836E-12 4.9316E-12 5.1743E-12 5.8321E-12 7.3516E-12 9.3659E-12 1.1752E-11
3.3214E-13 3.4311E-13 3.5437E-13 3.6592E-13 3.7777E-13 3.8993E-13 4.0240E-13 4.1517E-13 4.2827E-13 4.4169E-13 4.5544E-13 4.6952E-13 4.8393E-13 4.9869E-13 5.1379E-13 5.2924E-13 5.4504E-13 5.6120E-13 5.7771E-13 5.9460E-13 6.1185E-13 6.2947E-13 6.4747E-13 6.6585E-13 6.8460E-13 7.0375E-13 7.2328E-13 7.4320E-13 7.6351E-13 7.8421E-13 8.0532E-13 8.2682E-13 8.4872E-13 8.7102E-13 8.9373E-13 9.1684E-13 9.4035E-13 9.6427E-13 9.8860E-13 1.0133E-12 1.0385E-12 1.0640E-12 1.0900E-12 1.1163E-12 1.1431E-12 1.1702E-12 1.1978E-12 1.2257E-12 1.2541E-12 3.5042E-12 4.3374E-12 4.7696E-12 5.0039E-12 5.2487E-12 6.4549E-12 7.8725E-12 1.0199E-11
3.2371E-13 3.3440E-13 3.4537E-13 3.5664E-13 3.6819E-13 3.8004E-13 3.9218E-13 4.0464E-13 4.1740E-13 4.3048E-13 4.4388E-13 4.5760E-13 4.7165E-13 4.8603E-13 5.0075E-13 5.1580E-13 5.3120E-13 5.4695E-13 5.6305E-13 5.7951E-13 5.9632E-13 6.1350E-13 6.3104E-13 6.4895E-13 6.6724E-13 6.8589E-13 7.0492E-13 7.2434E-13 7.4413E-13 7.6431E-13 7.8488E-13 8.0583E-13 8.2718E-13 8.4892E-13 8.7105E-13 8.9357E-13 9.1649E-13 9.3980E-13 9.6351E-13 9.8762E-13 1.0121E-12 1.0370E-12 1.0623E-12 1.0880E-12 1.1141E-12 1.1405E-12 1.1674E-12 1.1946E-12 1.2223E-12 2.5636E-12 3.9809E-12 4.3983E-12 4.8372E-12 5.0734E-12 5.5900E-12 6.9558E-12 9.0709E-12
3.1543E-13 3.2585E-13 3.3654E-13 3.4751E-13 3.5877E-13 3.7031E-13 3.8215E-13 3.9429E-13 4.0673E-13 4.1947E-13 4.3253E-13 4.4590E-13 4.5959E-13 4.7360E-13 4.8794E-13 5.0261E-13 5.1762E-13 5.3297E-13 5.4866E-13 5.6469E-13 5.8107E-13 5.9781E-13 6.1490E-13 6.3235E-13 6.5017E-13 6.6835E-13 6.8689E-13 7.0581E-13 7.2510E-13 7.4476E-13 7.6481E-13 7.8522E-13 8.0603E-13 8.2721E-13 8.4877E-13 8.7072E-13 8.9305E-13 9.1577E-13 9.3887E-13 9.6236E-13 9.8623E-13 1.0105E-12 1.0351E-12 1.0602E-12 1.0856E-12 1.1114E-12 1.1375E-12 1.1641E-12 1.1910E-12 1.2183E-12 2.5874E-12 4.0330E-12 4.4566E-12 4.9018E-12 5.1397E-12 6.0682E-12 7.7195E-12
3.0730E-13 3.1745E-13 3.2787E-13 3.3856E-13 3.4952E-13 3.6077E-13 3.7230E-13 3.8413E-13 3.9625E-13 4.0866E-13 4.2138E-13 4.3441E-13 4.4774E-13 4.6139E-13 4.7536E-13 4.8966E-13 5.0428E-13 5.1923E-13 5.3451E-13 5.5013E-13 5.6609E-13 5.8240E-13 5.9905E-13 6.1605E-13 6.3341E-13 6.5112E-13 6.6919E-13 6.8762E-13 7.0641E-13 7.2557E-13 7.4509E-13 7.6499E-13 7.8525E-13 8.0588E-13 8.2689E-13 8.4827E-13 8.7003E-13 8.9216E-13 9.1467E-13 9.3755E-13 9.6081E-13 9.8445E-13 1.0085E-12 1.0328E-12 1.0576E-12 1.0827E-12 1.1082E-12 1.1341E-12 1.1603E-12 1.1869E-12 1.2139E-12 3.8973E-12 4.3052E-12 4.7340E-12 4.9634E-12 5.4691E-12 6.4163E-12
2.9932E-13 3.0920E-13 3.1935E-13 3.2976E-13 3.4044E-13 3.5140E-13 3.6263E-13 3.7415E-13 3.8595E-13 3.9805E-13 4.1043E-13 4.2312E-13 4.3611E-13 4.4941E-13 4.6302E-13 4.7694E-13 4.9118E-13 5.0574E-13 5.2063E-13 5.3584E-13 5.5139E-13 5.6727E-13 5.8349E-13 6.0005E-13 6.1696E-13 6.3421E-13 6.5181E-13 6.6976E-13 6.8806E-13 7.0672E-13 7.2574E-13 7.4512E-13 7.6485E-13 7.8495E-13 8.0541E-13 8.2624E-13 8.4743E-13 8.6899E-13 8.9091E-13 9.1320E-13 9.3586E-13 9.5888E-13 9.8226E-13 1.0060E-12 1.0301E-12 1.0546E-12 1.0794E-12 1.1046E-12 1.1302E-12 1.1561E-12 1.1823E-12 2.5257E-12 3.9434E-12 4.3568E-12 4.7911E-12 5.0218E-12 5.6681E-12
2.9149E-13 3.0111E-13 3.1099E-13 3.2113E-13 3.3153E-13 3.4220E-13 3.5314E-13 3.6436E-13 3.7585E-13 3.8763E-13 3.9969E-13 4.1205E-13 4.2470E-13 4.3765E-13 4.5090E-13 4.6446E-13 4.7832E-13 4.9250E-13 5.0700E-13 5.2182E-13 5.3696E-13 5.5242E-13 5.6822E-13 5.8435E-13 6.0081E-13 6.1761E-13 6.3475E-13 6.5223E-13 6.7005E-13 6.8823E-13 7.0675E-13 7.2561E-13 7.4483E-13 7.6441E-13 7.8433E-13 8.0462E-13 8.2525E-13 8.4624E-13 8.6759E-13 8.8930E-13 9.1136E-13 9.3377E-13 9.5655E-13 9.7968E-13 1.0032E-12 1.0270E-12 1.0512E-12 1.0757E-12 1.1006E-12 1.1258E-12 1.1514E-12 1.1773E-12 2.5449E-12 3.9870E-12 4.4056E-12 4.8450E-12 5.0767E-12
2.8380E-13 2.9317E-13 3.0279E-13 3.1266E-13 3.2279E-13 3.3318E-13 3.4383E-13 3.5475E-13 3.6594E-13 3.7741E-13 3.8915E-13 4.0118E-13 4.1350E-13 4.2611E-13 4.3901E-13 4.5221E-13 4.6571E-13 4.7951E-13 4.9363E-13 5.0806E-13 5.2280E-13 5.3786E-13 5.5323E-13 5.6894E-13 5.8496E-13 6.0132E-13 6.1801E-13 6.3503E-13 6.5238E-13 6.7008E-13 6.8810E-13 7.0648E-13 7.2519E-13 7.4425E-13 7.6365E-13 7.8339E-13 8.0349E-13 8.2393E-13 8.4471E-13 8.6585E-13 8.8732E-13 9.0915E-13 9.3132E-13 9.5384E-13 9.7670E-13 9.9991E-13 1.0235E-12 1.0473E-12 1.0716E-12 1.0961E-12 1.1210E-12 1.1462E-12 1.1718E-12 3.4231E-12 4.2499E-12 4.6724E-12 4.8955E-12
2.7626E-13 2.8538E-13 2.9474E-13 3.0435E-13 3.1421E-13 3.2432E-13 3.3469E-13 3.4532E-13 3.5621E-13 3.6738E-13 3.7881E-13 3.9052E-13 4.0251E-13 4.1478E-13 4.2734E-13 4.4019E-13 4.5333E-13 4.6677E-13 4.8051E-13 4.9456E-13 5.0890E-13 5.2356E-13 5.3853E-13 5.5382E-13 5.6942E-13 5.8534E-13 6.0158E-13 6.1816E-13 6.3505E-13 6.5227E-13 6.6982E-13 6.8771E-13 7.0592E-13 7.2447E-13 7.4336E-13 7.6257E-13 7.8214E-13 8.0203E-13 8.2227E-13 8.4284E-13 8.6374E-13 8.8499E-13 9.0658E-13 9.2849E-13 9.5075E-13 9.7334E-13 9.9626E-13 1.0195E-12 1.0431E-12 1.0670E-12 1.0912E-12 1.1158E-12 1.1407E-12 2.4768E-12 3.8851E-12 4.2919E-12 4.7187E-12
2.6886E-13 2.7774E-13 2.8685E-13 2.9621E-13 3.0580E-13 3.1564E-13 3.2573E-13 3.3608E-13 3.4668E-13 3.5754E-13 3.6867E-13 3.8007E-13 3.9173E-13 4.0368E-13 4.1590E-13 4.2841E-13 4.4120E-13 4.5428E-13 4.6765E-13 4.8131E-13 4.9528E-13 5.0955E-13 5.2412E-13 5.3899E-13 5.5417E-13 5.6967E-13 5.8548E-13 6.0160E-13 6.1804E-13 6.3481E-13 6.5189E-13 6.6929E-13 6.8702E-13 7.0507E-13 7.2345E-13 7.4216E-13 7.6120E-13 7.8056E-13 8.0025E-13 8.2027E-13 8.4062E-13 8.6130E-13 8.8231E-13 9.0363E-13 9.2530E-13 9.4728E-13 9.6959E-13 9.9222E-13 1.0152E-12 1.0384E-12 1.0620E-12 1.0859E-12 1.1101E-12 1.1346E-12 2.4912E-12 3.9201E-12 4.3308E-12
2.6161E-13 2.7025E-13 2.7912E-13 2.8822E-13 2.9755E-13 3.0713E-13 3.1695E-13 3.2701E-13 3.3733E-13 3.4790E-13 3.5873E-13 3.6982E-13 3.8117E-13 3.9279E-13 4.0468E-13 4.1685E-13 4.2930E-13 4.4202E-13 4.5503E-13 4.6833E-13 4.8192E-13 4.9580E-13 5.0998E-13 5.2445E-13 5.3923E-13 5.5431E-13 5.6969E-13 5.8538E-13 6.0138E-13 6.1768E-13 6.3431E-13 6.5124E-13 6.6849E-13 6.8606E-13 7.0394E-13 7.2215E-13 7.4067E-13 7.5951E-13 7.7867E-13 7.9815E-13 8.1795E-13 8.3807E-13 8.5851E-13 8.7926E-13 9.0034E-13 9.2173E-13 9.4344E-13 9.6546E-13 9.8779E-13 1.0104E-12 1.0334E-12 1.0566E-12 1.0802E-12 1.1040E-12 1.1282E-12 2.5041E-12 3.9523E-12
2.5450E-13 2.6291E-13 2.7153E-13 2.8038E-13 2.8947E-13 2.9878E-13 3.0833E-13 3.1813E-13 3.2816E-13 3.3844E-13 3.4898E-13 3.5977E-13 3.7081E-13 3.8212E-13 3.9369E-13 4.0553E-13 4.1763E-13 4.3001E-13 4.4267E-13 4.5561E-13 4.6883E-13 4.8233E-13 4.9612E-13 5.1020E-13 5.2458E-13 5.3925E-13 5.5421E-13 5.6947E-13 5.8503E-13 6.0090E-13 6.1707E-13 6.3355E-13 6.5033E-13 6.6742E-13 6.8482E-13 7.0252E-13 7.2054E-13 7.3887E-13 7.5751E-13 7.7646E-13 7.9572E-13 8.1530E-13 8.3518E-13 8.5538E-13 8.7588E-13 8.9669E-13 9.1780E-13 9.3922E-13 9.6095E-13 9.8298E-13 1.0053E-12 1.0279E-12 1.0508E-12 1.0740E-12 1.0975E-12 1.1213E-12 3.8066E-12
1.6587E-13 2.5571E-13 2.6410E-13 2.7271E-13 2.8155E-13 2.9060E-13 2.9989E-13 3.0942E-13 3.1918E-13 3.2918E-13 3.3943E-13 3.4992E-13 3.6066E-13 3.7166E-13 3.8291E-13 3.9442E-13 4.0620E-13 4.1824E-13 4.3056E-13 4.4314E-13 4.5600E-13 4.6913E-13 4.8254E-13 4.9624E-13 5.1022E-13 5.2449E-13 5.3904E-13 5.5389E-13 5.6902E-13 5.8446E-13 6.0018E-13 6.1621E-13 6.3253E-13 6.4915E-13 6.6607E-13 6.8329E-13 7.0082E-13 7.1865E-13 7.3678E-13 7.5521E-13 7.7394E-13 7.9298E-13 8.1232E-13 8.3196E-13 8.5190E-13 8.7214E-13 8.9268E-13 9.1352E-13 9.3465E-13 9.5607E-13 9.7778E-13 9.9979E-13 1.0221E-12 1.0446E-12 1.0675E-12 1.0906E-12 2.4270E-12
8.2048E-14 2.4866E-13 2.5682E-13 2.6519E-13 2.7378E-13 2.8259E-13 2.9163E-13 3.0089E-13 3.1038E-13 3.2011E-13 3.3007E-13 3.4027E-13 3.5072E-13 3.6141E-13 3.7235E-13 3.8355E-13 3.9500E-13 4.0671E-13 4.1869E-13 4.3092E-13 4.4342E-13 4.5620E-13 4.6924E-13 4.8256E-13 4.9615E-13 5.1003E-13 5.2418E-13 5.3862E-13 5.5334E-13 5.6834E-13 5.8363E-13 5.9922E-13 6.1509E-13 6.3125E-13 6.4771E-13 6.6446E-13 6.8150E-13 6.9884E-13 7.1646E-13 7.3439E-13 7.5261E-13 7.7112E-13 7.8993E-13 8.0903E-13 8.2842E-13 8.4810E-13 8.6807E-13 8.8833E-13 9.0888E-13 9.2971E-13 9.5083E-13 9.7222E-13 9.9390E-13 1.0158E-12 1.0381E-12 1.0606E-12 1.0833E-12
0.0000E+00 8.2383E-14 2.4969E-13 2.5783E-13 2.6618E-13 2.7475E-13 2.8353E-13 2.9253E-13 3.0176E-13 3.1122E-13 3.2090E-13 3.3082E-13 3.4098E-13 3.5138E-13 3.6201E-13 3.7290E-13 3.8404E-13 3.9542E-13 4.0706E-13 4.1896E-13 4.3111E-13 4.4353E-13 4.5621E-13 4.6916E-13 4.8238E-13 4.9586E-13 5.0963E-13 5.2366E-13 5.3797E-13 5.5256E-13 5.6743E-13 5.8258E-13 5.9801E-13 6.1372E-13 6.2972E-13 6.4601E-13 6.6258E-13 6.7943E-13 6.9657E-13 7.1399E-13 7.3171E-13 7.4971E-13 7.6799E-13 7.8656E-13 8.0541E-13 8.2455E-13 8.4397E-13 8.6366E-13 8.8364E-13 9.0390E-13 9.2443E-13 9.4523E-13 9.6630E-13 9.8764E-13 1.0092E-12 1.0311E-12 1.0532E-12
