Assets/Resources/2015_m01_d12_1000(utc+0800)_l00_csi_1hr_conc.grd
DSAA
         159         159
     -79.000      79.000
     -79.000      79.000
  0.0000E+00  0.5447E-05
[rows 0 to 24 of 159, columns 0 to 56 of 159]
3.4743E-09 3.5505E-09 3.6126E-09 3.6596E-09 3.6911E-09 3.7065E-09 3.7055E-09 3.6872E-09 3.6533E-09 3.6029E-09 3.5382E-09 3.4594E-09 3.3672E-09 3.2628E-09 3.1475E-09 3.0226E-09 2.8896E-09 2.7501E-09 2.6055E-09 2.4573E-09 2.3071E-09 2.1563E-09 2.0061E-09 1.8578E-09 1.7126E-09 1.5711E-09 1.4342E-09 1.3028E-09 1.1779E-09 1.0606E-09 9.5048E-10 8.4742E-10 7.5157E-10 6.6324E-10 5.8283E-10 5.0935E-10 4.4231E-10 3.8188E-10 3.2797E-10 2.7962E-10 2.3653E-10 1.9882E-10 1.6574E-10 1.3745E-10 1.1279E-10 9.1364E-11 7.3471E-11 5.8217E-11 4.5441E-11 3.4914E-11 2.5944E-11 1.8973E-11 1.3086E-11 8.0643E-12 4.8377E-12 2.6372E-12 1.1508E-12
3.6563E-09 3.7374E-09 3.8036E-09 3.8541E-09 3.8879E-09 3.9037E-09 3.9028E-09 3.8839E-09 3.8481E-09 3.7961E-09 3.7273E-09 3.6425E-09 3.5433E-09 3.4328E-09 3.3107E-09 3.1784E-09 3.0376E-09 2.8897E-09 2.7365E-09 2.5796E-09 2.4206E-09 2.2611E-09 2.1024E-09 1.9459E-09 1.7928E-09 1.6442E-09 1.5006E-09 1.3628E-09 1.2317E-09 1.1074E-09 9.9092E-10 8.8318E-10 7.8311E-10 6.9085E-10 6.0607E-10 5.2913E-10 4.5956E-10 3.9651E-10 3.3987E-10 2.8971E-10 2.4492E-10 2.0559E-10 1.7127E-10 1.4149E-10 1.1576E-10 9.3555E-11 7.4991E-11 5.9243E-11 4.5947E-11 3.5085E-11 2.5969E-11 1.8940E-11 1.3019E-11 8.0794E-12 4.8498E-12 2.6153E-12 1.1317E-12
3.8392E-09 3.9255E-09 3.9962E-09 4.0501E-09 4.0864E-09 4.1043E-09 4.1031E-09 4.0842E-09 4.0471E-09 3.9912E-09 3.9186E-09 3.8291E-09 3.7253E-09 3.6076E-09 3.4756E-09 3.3352E-09 3.1865E-09 3.0305E-09 2.8688E-09 2.7032E-09 2.5354E-09 2.3671E-09 2.1997E-09 2.0347E-09 1.8734E-09 1.7169E-09 1.5662E-09 1.4219E-09 1.2844E-09 1.1548E-09 1.0328E-09 9.1883E-10 8.1356E-10 7.1727E-10 6.2923E-10 5.4871E-10 4.7592E-10 4.1062E-10 3.5166E-10 2.9927E-10 2.5282E-10 2.1212E-10 1.7627E-10 1.4533E-10 1.1853E-10 9.5642E-11 7.6359E-11 5.9922E-11 4.6119E-11 3.4971E-11 2.5869E-11 1.8775E-11 1.2860E-11 7.9201E-12 4.8085E-12 2.5543E-12 1.0746E-12
4.0217E-09 4.1130E-09 4.1881E-09 4.2458E-09 4.2848E-09 4.3043E-09 4.3042E-09 4.2846E-09 4.2456E-09 4.1868E-09 4.1098E-09 4.0162E-09 3.9067E-09 3.7813E-09 3.6441E-09 3.4954E-09 3.3351E-09 3.1687E-09 2.9986E-09 2.8244E-09 2.6480E-09 2.4710E-09 2.2950E-09 2.1217E-09 1.9523E-09 1.7880E-09 1.6300E-09 1.4789E-09 1.3354E-09 1.1998E-09 1.0728E-09 9.5417E-10 8.4436E-10 7.4316E-10 6.5108E-10 5.6779E-10 4.9215E-10 4.2391E-10 3.6272E-10 3.0842E-10 2.5994E-10 2.1797E-10 1.8084E-10 1.4860E-10 1.2111E-10 9.7297E-11 7.7430E-11 6.0296E-11 4.6034E-11 3.4803E-11 2.5566E-11 1.8381E-11 1.2579E-11 7.7157E-12 4.7186E-12 2.4099E-12 9.6064E-13
4.2042E-09 4.3016E-09 4.3817E-09 4.4437E-09 4.4857E-09 4.5067E-09 4.5070E-09 4.4865E-09 4.4454E-09 4.3851E-09 4.3049E-09 4.2059E-09 4.0910E-09 3.9592E-09 3.8138E-09 3.6564E-09 3.4873E-09 3.3128E-09 3.1307E-09 2.9444E-09 2.7588E-09 2.5731E-09 2.3887E-09 2.2071E-09 2.0296E-09 1.8576E-09 1.6922E-09 1.5343E-09 1.3846E-09 1.2433E-09 1.1108E-09 9.8767E-10 8.7357E-10 7.6861E-10 6.7253E-10 5.8548E-10 5.0724E-10 4.3676E-10 3.7294E-10 3.1671E-10 2.6660E-10 2.2324E-10 1.8505E-10 1.5163E-10 1.2320E-10 9.8538E-11 7.7895E-11 6.0313E-11 4.5769E-11 3.4432E-11 2.5174E-11 1.7939E-11 1.2064E-11 7.5419E-12 4.5520E-12 2.2827E-12 7.9608E-13
4.3834E-09 4.4875E-09 4.5727E-09 4.6386E-09 4.6839E-09 4.7075E-09 4.7088E-09 4.6881E-09 4.6462E-09 4.5824E-09 4.4993E-09 4.3965E-09 4.2754E-09 4.1374E-09 3.9845E-09 3.8197E-09 3.6431E-09 3.4579E-09 3.2651E-09 3.0703E-09 2.8730E-09 2.6746E-09 2.4801E-09 2.2901E-09 2.1047E-09 1.9250E-09 1.7524E-09 1.5876E-09 1.4314E-09 1.2846E-09 1.1470E-09 1.0189E-09 9.0071E-10 7.9201E-10 6.9268E-10 6.0250E-10 5.2106E-10 4.4833E-10 3.8257E-10 3.2410E-10 2.7250E-10 2.2823E-10 1.8878E-10 1.5408E-10 1.2485E-10 9.9389E-11 7.8289E-11 6.0240E-11 4.5286E-11 3.3834E-11 2.4570E-11 1.7219E-11 1.1486E-11 7.2249E-12 4.3301E-12 2.0670E-12 7.0616E-13
4.5591E-09 4.6693E-09 4.7599E-09 4.8297E-09 4.8784E-09 4.9047E-09 4.9077E-09 4.8877E-09 4.8451E-09 4.7806E-09 4.6945E-09 4.5874E-09 4.4601E-09 4.3160E-09 4.1569E-09 3.9830E-09 3.7980E-09 3.6050E-09 3.4019E-09 3.1951E-09 2.9865E-09 2.7788E-09 2.5750E-09 2.3736E-09 2.1772E-09 1.9898E-09 1.8099E-09 1.6384E-09 1.4760E-09 1.3233E-09 1.1807E-09 1.0481E-09 9.2566E-10 8.1326E-10 7.1078E-10 6.1777E-10 5.3391E-10 4.5831E-10 3.9039E-10 3.3066E-10 2.7742E-10 2.3208E-10 1.9152E-10 1.5562E-10 1.2578E-10 9.9791E-11 7.8523E-11 5.9870E-11 4.4305E-11 3.2952E-11 2.3800E-11 1.6371E-11 1.0665E-11 6.8068E-12 3.9812E-12 1.7758E-12 5.2371E-13
4.7338E-09 4.8496E-09 4.9455E-09 5.0200E-09 5.0714E-09 5.1002E-09 5.1051E-09 5.0859E-09 5.0428E-09 4.9762E-09 4.8862E-09 4.7753E-09 4.6442E-09 4.4932E-09 4.3276E-09 4.1474E-09 3.9535E-09 3.7514E-09 3.5407E-09 3.3238E-09 3.1040E-09 2.8841E-09 2.6684E-09 2.4559E-09 2.2517E-09 2.0546E-09 1.8652E-09 1.6864E-09 1.5179E-09 1.3596E-09 1.2118E-09 1.0748E-09 9.4830E-10 8.3239E-10 7.2670E-10 6.3098E-10 5.4476E-10 4.6712E-10 3.9699E-10 3.3563E-10 2.8127E-10 2.3462E-10 1.9295E-10 1.5631E-10 1.2607E-10 9.9820E-11 7.8218E-11 5.8943E-11 4.3158E-11 3.1983E-11 2.2786E-11 1.5559E-11 9.9506E-12 6.4069E-12 3.5524E-12 1.5384E-12 2.8129E-13
4.9083E-09 5.0302E-09 5.1314E-09 5.2100E-09 5.2654E-09 5.2966E-09 5.3029E-09 5.2840E-09 5.2398E-09 5.1710E-09 5.0782E-09 4.9629E-09 4.8266E-09 4.6712E-09 4.4985E-09 4.3109E-09 4.1098E-09 3.8986E-09 3.6796E-09 3.4543E-09 3.2248E-09 2.9930E-09 2.7659E-09 2.5411E-09 2.3258E-09 2.1179E-09 1.9203E-09 1.7334E-09 1.5571E-09 1.3928E-09 1.2401E-09 1.0987E-09 9.6848E-10 8.4910E-10 7.4054E-10 6.4232E-10 5.5394E-10 4.7432E-10 4.0266E-10 3.3968E-10 2.8378E-10 2.3623E-10 1.9346E-10 1.5641E-10 1.2571E-10 9.8980E-11 7.7168E-11 5.7451E-11 4.1672E-11 3.0671E-11 2.1682E-11 1.4526E-11 9.1250E-12 5.9002E-12 3.1716E-12 1.1744E-12 1.7200E-13
5.0793E-09 5.2081E-09 5.3146E-09 5.3982E-09 5.4574E-09 5.4915E-09 5.4993E-09 5.4805E-09 5.4352E-09 5.3647E-09 5.2691E-09 5.1500E-09 5.0092E-09 4.8483E-09 4.6690E-09 4.4739E-09 4.2655E-09 4.0461E-09 3.8167E-09 3.5822E-09 3.3456E-09 3.1041E-09 2.8662E-09 2.6301E-09 2.4039E-09 2.1839E-09 1.9750E-09 1.7792E-09 1.5952E-09 1.4239E-09 1.2652E-09 1.1196E-09 9.8574E-10 8.6329E-10 7.5197E-10 6.5134E-10 5.6096E-10 4.7959E-10 4.0647E-10 3.4226E-10 2.8508E-10 2.3682E-10 1.9305E-10 1.5540E-10 1.2443E-10 9.7280E-11 7.5049E-11 5.5557E-11 3.9596E-11 2.8693E-11 1.9954E-11 1.3150E-11 8.2704E-12 5.0767E-12 2.4679E-12 6.6826E-13 0.0000E+00
5.2506E-09 5.3863E-09 5.4999E-09 5.5889E-09 5.6524E-09 5.6892E-09 5.6992E-09 5.6815E-09 5.6365E-09 5.5640E-09 5.4657E-09 5.3428E-09 5.1971E-09 5.0301E-09 4.8438E-09 4.6407E-09 4.4235E-09 4.1951E-09 3.9581E-09 3.7144E-09 3.4684E-09 3.2190E-09 2.9709E-09 2.7245E-09 2.4847E-09 2.2540E-09 2.0350E-09 1.8280E-09 1.6330E-09 1.4536E-09 1.2886E-09 1.1372E-09 9.9974E-10 8.7438E-10 7.6057E-10 6.5783E-10 5.6563E-10 4.8261E-10 4.0842E-10 3.4323E-10 2.8536E-10 2.3608E-10 1.9163E-10 1.5370E-10 1.2244E-10 9.4963E-11 7.2562E-11 5.3073E-11 3.7510E-11 2.6617E-11 1.8011E-11 1.1449E-11 7.3296E-12 4.2547E-12 1.7937E-12 2.8703E-13 0.0000E+00
5.4217E-09 5.5646E-09 5.6847E-09 5.7796E-09 5.8480E-09 5.8889E-09 5.9012E-09 5.8848E-09 5.8393E-09 5.7659E-09 5.6654E-09 5.5387E-09 5.3878E-09 5.2144E-09 5.0206E-09 4.8090E-09 4.5829E-09 4.3449E-09 4.0982E-09 3.8452E-09 3.5892E-09 3.3324E-09 3.0763E-09 2.8210E-09 2.5711E-09 2.3293E-09 2.0980E-09 1.8809E-09 1.6765E-09 1.4864E-09 1.3119E-09 1.1534E-09 1.0110E-09 8.8269E-10 7.6660E-10 6.6199E-10 5.6806E-10 4.8364E-10 4.0871E-10 3.4280E-10 2.8442E-10 2.3443E-10 1.8946E-10 1.5133E-10 1.1997E-10 9.2092E-11 6.9786E-11 5.0371E-11 3.5123E-11 2.4625E-11 1.6089E-11 9.9634E-12 6.2764E-12 3.4596E-12 1.1403E-12 2.8972E-14 0.0000E+00
5.5961E-09 5.7473E-09 5.8745E-09 5.9764E-09 6.0507E-09 6.0958E-09 6.1110E-09 6.0965E-09 6.0521E-09 5.9774E-09 5.8740E-09 5.7434E-09 5.5874E-09 5.4076E-09 5.2065E-09 4.9865E-09 4.7513E-09 4.5035E-09 4.2461E-09 3.9821E-09 3.7145E-09 3.4464E-09 3.1806E-09 2.9191E-09 2.6619E-09 2.4097E-09 2.1668E-09 1.9390E-09 1.7232E-09 1.5239E-09 1.3408E-09 1.1731E-09 1.0216E-09 8.8827E-10 7.7017E-10 6.6398E-10 5.6854E-10 4.8281E-10 4.0731E-10 3.4090E-10 2.8207E-10 2.3147E-10 1.8655E-10 1.4822E-10 1.1678E-10 8.8742E-11 6.6604E-11 4.7387E-11 3.2508E-11 2.2518E-11 1.4364E-11 8.6509E-12 5.3052E-12 2.6162E-12 5.2629E-13 0.0000E+00 0.0000E+00
5.7710E-09 5.9317E-09 6.0678E-09 6.1765E-09 6.2567E-09 6.3072E-09 6.3269E-09 6.3145E-09 6.2705E-09 6.1959E-09 6.0909E-09 5.9570E-09 5.7958E-09 5.6097E-09 5.4007E-09 5.1721E-09 4.9272E-09 4.6691E-09 4.4007E-09 4.1251E-09 3.8458E-09 3.5659E-09 3.2884E-09 3.0158E-09 2.7506E-09 2.4931E-09 2.2435E-09 2.0035E-09 1.7778E-09 1.5680E-09 1.3752E-09 1.1983E-09 1.0397E-09 8.9761E-10 7.7235E-10 6.6389E-10 5.6716E-10 4.8045E-10 4.0433E-10 3.3747E-10 2.7824E-10 2.2742E-10 1.8272E-10 1.4481E-10 1.1273E-10 8.4976E-11 6.3199E-11 4.4322E-11 2.9796E-11 2.0017E-11 1.2636E-11 7.5401E-12 4.4019E-12 1.8443E-12 3.4401E-13 0.0000E+00 0.0000E+00
5.9496E-09 6.1202E-09 6.2650E-09 6.3823E-09 6.4698E-09 6.5260E-09 6.5497E-09 6.5407E-09 6.4984E-09 6.4234E-09 6.3167E-09 6.1792E-09 6.0130E-09 5.8205E-09 5.6042E-09 5.3667E-09 5.1117E-09 4.8422E-09 4.5619E-09 4.2741E-09 3.9825E-09 3.6900E-09 3.4001E-09 3.1152E-09 2.8383E-09 2.5708E-09 2.3136E-09 2.0673E-09 1.8342E-09 1.6160E-09 1.4140E-09 1.2284E-09 1.0616E-09 9.1170E-10 7.7967E-10 6.6490E-10 5.6502E-10 4.7648E-10 3.9994E-10 3.3283E-10 2.7359E-10 2.2270E-10 1.7824E-10 1.4072E-10 1.0845E-10 8.0785E-11 5.9361E-11 4.0994E-11 2.7231E-11 1.7721E-11 1.0932E-11 6.5598E-12 3.4428E-12 1.1118E-12 1.7268E-13 0.0000E+00 0.0000E+00
6.1297E-09 6.3109E-09 6.4662E-09 6.5927E-09 6.6879E-09 6.7509E-09 6.7803E-09 6.7753E-09 6.7354E-09 6.6606E-09 6.5529E-09 6.4130E-09 6.2421E-09 6.0431E-09 5.8187E-09 5.5722E-09 5.3067E-09 5.0260E-09 4.7336E-09 4.4332E-09 4.1283E-09 3.8228E-09 3.5195E-09 3.2217E-09 2.9320E-09 2.6530E-09 2.3865E-09 2.1326E-09 1.8896E-09 1.6639E-09 1.4545E-09 1.2620E-09 1.0876E-09 9.3060E-10 7.9100E-10 6.6808E-10 5.6292E-10 4.7252E-10 3.9446E-10 3.2654E-10 2.6757E-10 2.1696E-10 1.7307E-10 1.3582E-10 1.0388E-10 7.6627E-11 5.5387E-11 3.7561E-11 2.4690E-11 1.5573E-11 9.4901E-12 5.4471E-12 2.6336E-12 7.1333E-13 5.6361E-14 0.0000E+00 0.0000E+00
6.3138E-09 6.5074E-09 6.6742E-09 6.8107E-09 6.9153E-09 6.9865E-09 7.0221E-09 7.0212E-09 6.9846E-09 6.9116E-09 6.8024E-09 6.6593E-09 6.4841E-09 6.2789E-09 6.0467E-09 5.7909E-09 5.5148E-09 5.2223E-09 4.9171E-09 4.6032E-09 4.2846E-09 3.9648E-09 3.6474E-09 3.3355E-09 3.0324E-09 2.7402E-09 2.4611E-09 2.1967E-09 1.9483E-09 1.7130E-09 1.4941E-09 1.2950E-09 1.1143E-09 9.5163E-10 8.0615E-10 6.7784E-10 5.6472E-10 4.6833E-10 3.8872E-10 3.1981E-10 2.6061E-10 2.1035E-10 1.6709E-10 1.3039E-10 9.8876E-11 7.2428E-11 5.1408E-11 3.4485E-11 2.2275E-11 1.3862E-11 8.4095E-12 4.6184E-12 1.9152E-12 4.3893E-13 0.0000E+00 0.0000E+00 0.0000E+00
6.5020E-09 6.7087E-09 6.8871E-09 7.0356E-09 7.1509E-09 7.2306E-09 7.2737E-09 7.2792E-09 7.2463E-09 7.1749E-09 7.0661E-09 6.9212E-09 6.7420E-09 6.5310E-09 6.2913E-09 6.0259E-09 5.7389E-09 5.4341E-09 5.1159E-09 4.7878E-09 4.4542E-09 4.1194E-09 3.7869E-09 3.4601E-09 3.1422E-09 2.8362E-09 2.5441E-09 2.2680E-09 2.0085E-09 1.7656E-09 1.5396E-09 1.3316E-09 1.1421E-09 9.7383E-10 8.2356E-10 6.9050E-10 5.7089E-10 4.6825E-10 3.8268E-10 3.1236E-10 2.5345E-10 2.0259E-10 1.6014E-10 1.2409E-10 9.3220E-11 6.7853E-11 4.7082E-11 3.1065E-11 1.9938E-11 1.2325E-11 7.2948E-12 3.7324E-12 1.3026E-12 1.8589E-13 0.0000E+00 0.0000E+00 0.0000E+00
6.6949E-09 6.9154E-09 7.1081E-09 7.2693E-09 7.3959E-09 7.4864E-09 7.5383E-09 7.5498E-09 7.5217E-09 7.4536E-09 7.3455E-09 7.1990E-09 7.0160E-09 6.7995E-09 6.5519E-09 6.2771E-09 5.9781E-09 5.6607E-09 5.3282E-09 4.9854E-09 4.6363E-09 4.2853E-09 3.9365E-09 3.5937E-09 3.2603E-09 2.9391E-09 2.6328E-09 2.3434E-09 2.0726E-09 1.8208E-09 1.5862E-09 1.3693E-09 1.1731E-09 9.9776E-10 8.4091E-10 7.0334E-10 5.8108E-10 4.7423E-10 3.8055E-10 3.0548E-10 2.4522E-10 1.9524E-10 1.5273E-10 1.1707E-10 8.7258E-11 6.2893E-11 4.2697E-11 2.7387E-11 1.7731E-11 1.0838E-11 6.2037E-12 2.9223E-12 7.5223E-13 4.8414E-14 0.0000E+00 0.0000E+00 0.0000E+00
6.8924E-09 7.1294E-09 7.3371E-09 7.5120E-09 7.6523E-09 7.7545E-09 7.8163E-09 7.8363E-09 7.8144E-09 7.7503E-09 7.6440E-09 7.4972E-09 7.3112E-09 7.0894E-09 6.8345E-09 6.5500E-09 6.2401E-09 5.9093E-09 5.5623E-09 5.2034E-09 4.8371E-09 4.4684E-09 4.1023E-09 3.7422E-09 3.3919E-09 3.0545E-09 2.7326E-09 2.4286E-09 2.1443E-09 1.8810E-09 1.6381E-09 1.4137E-09 1.2078E-09 1.0235E-09 8.6157E-10 7.1854E-10 5.9081E-10 4.7999E-10 3.8497E-10 3.0314E-10 2.3788E-10 1.8752E-10 1.4467E-10 1.0963E-10 8.0702E-11 5.7596E-11 3.8255E-11 2.4325E-11 1.5656E-11 9.4978E-12 4.9667E-12 1.9614E-12 3.6279E-13 0.0000E+00 0.0000E+00 0.0000E+00 0.0000E+00
7.0959E-09 7.3502E-09 7.5744E-09 7.7660E-09 7.9206E-09 8.0355E-09 8.1089E-09 8.1388E-09 8.1240E-09 8.0646E-09 7.9609E-09 7.8143E-09 7.6260E-09 7.3987E-09 7.1361E-09 6.8421E-09 6.5208E-09 6.1765E-09 5.8142E-09 5.4389E-09 5.0550E-09 4.6688E-09 4.2841E-09 3.9045E-09 3.5348E-09 3.1798E-09 2.8413E-09 2.5220E-09 2.2233E-09 1.9467E-09 1.6925E-09 1.4601E-09 1.2468E-09 1.0546E-09 8.8502E-10 7.3449E-10 6.0295E-10 4.8908E-10 3.9115E-10 3.0666E-10 2.3621E-10 1.8032E-10 1.3736E-10 1.0255E-10 7.4476E-11 5.2124E-11 3.3958E-11 2.1572E-11 1.3913E-11 8.1694E-12 3.8942E-12 1.0848E-12 6.6799E-14 0.0000E+00 0.0000E+00 0.0000E+00 0.0000E+00
7.3048E-09 7.5774E-09 7.8205E-09 8.0294E-09 8.2000E-09 8.3295E-09 8.4160E-09 8.4571E-09 8.4515E-09 8.3983E-09 8.2982E-09 8.1524E-09 7.9629E-09 7.7316E-09 7.4623E-09 7.1591E-09 6.8260E-09 6.4676E-09 6.0894E-09 5.6961E-09 5.2945E-09 4.8884E-09 4.4843E-09 4.0861E-09 3.6977E-09 3.3231E-09 2.9645E-09 2.6273E-09 2.3130E-09 2.0221E-09 1.7552E-09 1.5120E-09 1.2907E-09 1.0901E-09 9.1287E-10 7.5604E-10 6.1811E-10 4.9843E-10 3.9743E-10 3.1197E-10 2.3978E-10 1.7865E-10 1.3107E-10 9.5878E-11 6.8312E-11 4.6763E-11 2.9690E-11 1.9240E-11 1.2099E-11 6.5906E-12 2.6583E-12 4.7850E-13 0.0000E+00 0.0000E+00 0.0000E+00 0.0000E+00 0.0000E+00
7.5148E-09 7.8084E-09 8.0709E-09 8.2980E-09 8.4871E-09 8.6335E-09 8.7341E-09 8.7877E-09 8.7927E-09 8.7477E-09 8.6521E-09 8.5084E-09 8.3184E-09 8.0837E-09 7.8076E-09 7.4947E-09 7.1500E-09 6.7783E-09 6.3842E-09 5.9739E-09 5.5533E-09 5.1280E-09 4.7033E-09 4.2838E-09 3.8740E-09 3.4799E-09 3.1041E-09 2.7489E-09 2.4148E-09 2.1063E-09 1.8255E-09 1.5702E-09 1.3393E-09 1.1297E-09 9.4393E-10 7.7923E-10 6.3569E-10 5.1228E-10 4.0707E-10 3.1815E-10 2.4340E-10 1.8035E-10 1.2835E-10 8.9599E-11 6.2132E-11 4.1551E-11 2.5545E-11 1.6996E-11 1.0184E-11 5.1569E-12 1.5388E-12 5.5643E-14 0.0000E+00 0.0000E+00 0.0000E+00 0.0000E+00 0.0000E+00
7.7242E-09 8.0391E-09 8.3227E-09 8.5708E-09 8.7785E-09 8.9429E-09 9.0606E-09 9.1284E-09 9.1446E-09 9.1091E-09 9.0212E-09 8.8814E-09 8.6916E-09 8.4544E-09 8.1735E-09 7.8522E-09 7.4960E-09 7.1103E-09 6.7006E-09 6.2725E-09 5.8323E-09 5.3868E-09 4.9413E-09 4.5004E-09 4.0703E-09 3.6549E-09 3.2564E-09 2.8807E-09 2.5307E-09 2.2054E-09 1.9070E-09 1.6349E-09 1.3920E-09 1.1734E-09 9.7785E-10 8.0422E-10 6.5417E-10 5.2624E-10 4.1759E-10 3.2607E-10 2.4863E-10 1.8312E-10 1.2895E-10 8.6716E-11 5.6412E-11 3.6505E-11 2.2739E-11 1.4819E-11 8.1805E-12 3.4297E-12 6.8287E-13 0.0000E+00 0.0000E+00 0.0000E+00 0.0000E+00 0.0000E+00 0.0000E+00
7.9318E-09 8.2690E-09 8.5750E-09 8.8450E-09 9.0742E-09 9.2582E-09 9.3944E-09 9.4790E-09 9.5095E-09 9.4847E-09 9.4054E-09 9.2709E-09 9.0830E-09 8.8446E-09 8.5592E-09 8.2305E-09 7.8634E-09 7.4644E-09 7.0393E-09 6.5937E-09 6.1342E-09 5.6676E-09 5.2000E-09 4.7362E-09 4.2829E-09 3.8453E-09 3.4269E-09 3.0308E-09 2.6591E-09 2.3139E-09 2.0001E-09 1.7153E-09 1.4572E-09 1.2243E-09 1.0163E-09 8.3403E-10 6.7678E-10 5.4302E-10 4.2958E-10 3.3436E-10 2.5365E-10 1.8650E-10 1.3122E-10 8.6629E-11 5.3037E-11 3.0992E-11 1.9690E-11 1.2480E-11 6.5488E-12 2.0661E-12 7.7756E-14 0.0000E+00 0.0000E+00 0.0000E+00 0.0000E+00 0.0000E+00 0.0000E+00
