Assets/Resources/2015_m01_d14_1900(utc+0800)_l00_csi_1hr_conc.grd
DSAA
         159         159
     -79.000      79.000
     -79.000      79.000
  0.0000E+00  0.1568E-04
[rows 0 to 24 of 159, columns 57 to 113 of 159]
4.7026E-09 4.5224E-09 4.3491E-09 4.1855E-09 4.0248E-09 3.8676E-09 3.7152E-09 3.5680E-09 3.4246E-09 3.2884E-09 3.1559E-09 3.0300E-09 2.9095E-09 2.7937E-09 2.6825E-09 2.5761E-09 2.4732E-09 2.3737E-09 2.2776E-09 2.1849E-09 2.0959E-09 2.0093E-09 1.9243E-09 1.8445E-09 1.7702E-09 1.6953E-09 1.6230E-09 1.5575E-09 1.4938E-09 1.4327E-09 1.3706E-09 1.3125E-09 1.2559E-09 1.2066E-09 1.1590E-09 1.0982E-09 1.0363E-09 9.8572E-10 8.9951E-10 8.3916E-10 7.7136E-10 7.0394E-10 6.2222E-10 5.7960E-10 5.3813E-10 5.2155E-10 4.5964E-10 4.4593E-10 4.3244E-10 4.1918E-10 4.0614E-10 3.9334E-10 3.8078E-10 3.6846E-10 3.5638E-10 3.4455E-10 3.3296E-10
4.8299E-09 4.6451E-09 4.4680E-09 4.2988E-09 4.1327E-09 3.9700E-09 3.8128E-09 3.6597E-09 3.5117E-09 3.3702E-09 3.2332E-09 3.1021E-09 2.9765E-09 2.8558E-09 2.7399E-09 2.6289E-09 2.5214E-09 2.4173E-09 2.3170E-09 2.2208E-09 2.1286E-09 2.0388E-09 1.9516E-09 1.8700E-09 1.7922E-09 1.7152E-09 1.6412E-09 1.5732E-09 1.5086E-09 1.4462E-09 1.3824E-09 1.3247E-09 1.2663E-09 1.2134E-09 1.1651E-09 1.1198E-09 1.0431E-09 9.8934E-10 9.1816E-10 8.5644E-10 7.7332E-10 7.1567E-10 6.2346E-10 5.8071E-10 5.3912E-10 5.2250E-10 4.6039E-10 4.4666E-10 4.3315E-10 4.1986E-10 4.0681E-10 3.9399E-10 3.8140E-10 3.6906E-10 3.5696E-10 3.4511E-10 3.3350E-10
4.9607E-09 4.7714E-09 4.5902E-09 4.4156E-09 4.2439E-09 4.0756E-09 3.9132E-09 3.7544E-09 3.6019E-09 3.4548E-09 3.3123E-09 3.1760E-09 3.0453E-09 2.9193E-09 2.7985E-09 2.6824E-09 2.5698E-09 2.4613E-09 2.3572E-09 2.2572E-09 2.1612E-09 2.0686E-09 1.9783E-09 1.8941E-09 1.8151E-09 1.7348E-09 1.6579E-09 1.5888E-09 1.5221E-09 1.4587E-09 1.3932E-09 1.3344E-09 1.2759E-09 1.2214E-09 1.1712E-09 1.1259E-09 1.0483E-09 1.0054E-09 9.4716E-10 8.7369E-10 7.8919E-10 7.2735E-10 6.2439E-10 5.8153E-10 5.3984E-10 5.2320E-10 4.6094E-10 4.4719E-10 4.3366E-10 4.2036E-10 4.0729E-10 3.9445E-10 3.8185E-10 3.6949E-10 3.5738E-10 3.4551E-10 3.3390E-10
5.1102E-09 4.9165E-09 4.7312E-09 4.5506E-09 4.3732E-09 4.1989E-09 4.0311E-09 3.8662E-09 3.7080E-09 3.5542E-09 3.4059E-09 3.2637E-09 3.1268E-09 2.9947E-09 2.8683E-09 2.7461E-09 2.6282E-09 2.5148E-09 2.4058E-09 2.3011E-09 2.2010E-09 2.1046E-09 2.0105E-09 1.9226E-09 1.8403E-09 1.7578E-09 1.6764E-09 1.6032E-09 1.5352E-09 1.4700E-09 1.4053E-09 1.3423E-09 1.2841E-09 1.2290E-09 1.1767E-09 1.1300E-09 1.0679E-09 1.0097E-09 9.4941E-10 8.7553E-10 7.9048E-10 7.2824E-10 6.2501E-10 5.8208E-10 5.4031E-10 5.2366E-10 4.6128E-10 4.4752E-10 4.3399E-10 4.2067E-10 4.0759E-10 3.9474E-10 3.8213E-10 3.6977E-10 3.5764E-10 3.4577E-10 3.3414E-10
5.2512E-09 5.0527E-09 4.8631E-09 4.6771E-09 4.4940E-09 4.3142E-09 4.1403E-09 3.9696E-09 3.8056E-09 3.6456E-09 3.4916E-09 3.3433E-09 3.2006E-09 3.0626E-09 2.9305E-09 2.8031E-09 2.6803E-09 2.5618E-09 2.4481E-09 2.3392E-09 2.2354E-09 2.1350E-09 2.0375E-09 1.9467E-09 1.8622E-09 1.7773E-09 1.6936E-09 1.6173E-09 1.5478E-09 1.4808E-09 1.4146E-09 1.3515E-09 1.2918E-09 1.2363E-09 1.1821E-09 1.1335E-09 1.0716E-09 1.0130E-09 9.5273E-10 8.9250E-10 7.9133E-10 7.3955E-10 6.2532E-10 5.8234E-10 5.4053E-10 5.2387E-10 4.6142E-10 4.4766E-10 4.3411E-10 4.2080E-10 4.0771E-10 3.9486E-10 3.8225E-10 3.6987E-10 3.5775E-10 3.4587E-10 3.3424E-10
5.4098E-09 5.2066E-09 5.0129E-09 4.8213E-09 4.6319E-09 4.4463E-09 4.2661E-09 4.0890E-09 3.9187E-09 3.7517E-09 3.5913E-09 3.4365E-09 3.2869E-09 3.1425E-09 3.0044E-09 2.8709E-09 2.7418E-09 2.6177E-09 2.4988E-09 2.3851E-09 2.2764E-09 2.1709E-09 2.0692E-09 1.9735E-09 1.8858E-09 1.7988E-09 1.7133E-09 1.6322E-09 1.5590E-09 1.4913E-09 1.4237E-09 1.3599E-09 1.2988E-09 1.2422E-09 1.1881E-09 1.1367E-09 1.0906E-09 1.0147E-09 9.5550E-10 8.9358E-10 8.0662E-10 7.3973E-10 6.2532E-10 5.8233E-10 5.4049E-10 5.2383E-10 4.6135E-10 4.4759E-10 4.3405E-10 4.2073E-10 4.0765E-10 3.9480E-10 3.8219E-10 3.6982E-10 3.5769E-10 3.4581E-10 3.3418E-10
5.5616E-09 5.3547E-09 5.1558E-09 4.9581E-09 4.7627E-09 4.5716E-09 4.3847E-09 4.2013E-09 4.0244E-09 3.8510E-09 3.6840E-09 3.5223E-09 3.3664E-09 3.2160E-09 3.0717E-09 2.9317E-09 2.7970E-09 2.6677E-09 2.5436E-09 2.4251E-09 2.3119E-09 2.2033E-09 2.0968E-09 1.9983E-09 1.9071E-09 1.8188E-09 1.7293E-09 1.6478E-09 1.5708E-09 1.5006E-09 1.4320E-09 1.3668E-09 1.3044E-09 1.2474E-09 1.1933E-09 1.1404E-09 1.0928E-09 1.0162E-09 9.5757E-10 8.9490E-10 8.0675E-10 7.5065E-10 6.2501E-10 5.8202E-10 5.4020E-10 5.2354E-10 4.6108E-10 4.4732E-10 4.3379E-10 4.2048E-10 4.0741E-10 3.9456E-10 3.8196E-10 3.6960E-10 3.5748E-10 3.4561E-10 3.3398E-10
5.7315E-09 5.5214E-09 5.3168E-09 5.1133E-09 4.9116E-09 4.7145E-09 4.5203E-09 4.3306E-09 4.1464E-09 3.9660E-09 3.7913E-09 3.6227E-09 3.4597E-09 3.3022E-09 3.1504E-09 3.0039E-09 2.8629E-09 2.7271E-09 2.5973E-09 2.4733E-09 2.3553E-09 2.2429E-09 2.1316E-09 2.0271E-09 1.9310E-09 1.8404E-09 1.7481E-09 1.6633E-09 1.5828E-09 1.5095E-09 1.4403E-09 1.3722E-09 1.3097E-09 1.2518E-09 1.1986E-09 1.1442E-09 1.0940E-09 1.0173E-09 9.5833E-10 8.9640E-10 8.2174E-10 7.5011E-10 6.2439E-10 5.8144E-10 5.3964E-10 5.2301E-10 4.6060E-10 4.4686E-10 4.3334E-10 4.2005E-10 4.0698E-10 3.9415E-10 3.8156E-10 3.6921E-10 3.5710E-10 3.4524E-10 3.3363E-10
5.8956E-09 5.6816E-09 5.4712E-09 5.2615E-09 5.0534E-09 4.8501E-09 4.6487E-09 4.4529E-09 4.2608E-09 4.0732E-09 3.8916E-09 3.7160E-09 3.5453E-09 3.3809E-09 3.2225E-09 3.0694E-09 2.9216E-09 2.7803E-09 2.6448E-09 2.5157E-09 2.3929E-09 2.2760E-09 2.1628E-09 2.0531E-09 1.9526E-09 1.8595E-09 1.7667E-09 1.6770E-09 1.5952E-09 1.5184E-09 1.4474E-09 1.3782E-09 1.3149E-09 1.2549E-09 1.2011E-09 1.1475E-09 1.0950E-09 1.0178E-09 9.5811E-10 8.9725E-10 8.3675E-10 7.6345E-10 6.2346E-10 5.8057E-10 5.3884E-10 5.2223E-10 4.5992E-10 4.4620E-10 4.3270E-10 4.1942E-10 4.0638E-10 3.9357E-10 3.8099E-10 3.6866E-10 3.5657E-10 3.4473E-10 3.3314E-10
6.0778E-09 5.8600E-09 5.6438E-09 5.4281E-09 5.2134E-09 5.0037E-09 4.7953E-09 4.5919E-09 4.3917E-09 4.1968E-09 4.0076E-09 3.8236E-09 3.6450E-09 3.4733E-09 3.3072E-09 3.1463E-09 2.9920E-09 2.8438E-09 2.7019E-09 2.5670E-09 2.4385E-09 2.3168E-09 2.1999E-09 2.0844E-09 1.9780E-09 1.8803E-09 1.7860E-09 1.6914E-09 1.6065E-09 1.5264E-09 1.4537E-09 1.3839E-09 1.3206E-09 1.2575E-09 1.2043E-09 1.1511E-09 1.0972E-09 1.0331E-09 9.5734E-10 8.9745E-10 8.3668E-10 7.6217E-10 6.2222E-10 5.7942E-10 5.3778E-10 5.2120E-10 4.5903E-10 4.4534E-10 4.3186E-10 4.1861E-10 4.0559E-10 3.9281E-10 3.8026E-10 3.6795E-10 3.5588E-10 3.4406E-10 3.3249E-10
6.2538E-09 6.0320E-09 5.8098E-09 5.5877E-09 5.3668E-09 5.1500E-09 4.9339E-09 4.7234E-09 4.5153E-09 4.3129E-09 4.1153E-09 3.9237E-09 3.7377E-09 3.5582E-09 3.3842E-09 3.2168E-09 3.0555E-09 2.9004E-09 2.7529E-09 2.6122E-09 2.4786E-09 2.3517E-09 2.2311E-09 2.1124E-09 2.0007E-09 1.8986E-09 1.8035E-09 1.7062E-09 1.6181E-09 1.5350E-09 1.4608E-09 1.3885E-09 1.3237E-09 1.2595E-09 1.2050E-09 1.1524E-09 1.0987E-09 1.0323E-09 9.2985E-10 8.9660E-10 8.3648E-10 7.6047E-10 6.2067E-10 5.7800E-10 5.3647E-10 5.1993E-10 4.5794E-10 4.4428E-10 4.3084E-10 4.1762E-10 4.0463E-10 3.9187E-10 3.7935E-10 3.6707E-10 3.5504E-10 3.4325E-10 3.3170E-10
6.4476E-09 6.2214E-09 5.9935E-09 5.7650E-09 5.5379E-09 5.3136E-09 5.0902E-09 4.8723E-09 4.6559E-09 4.4450E-09 4.2394E-09 4.0395E-09 3.8448E-09 3.6568E-09 3.4753E-09 3.2997E-09 3.1302E-09 2.9686E-09 2.8141E-09 2.6669E-09 2.5271E-09 2.3942E-09 2.2686E-09 2.1466E-09 2.0283E-09 1.9210E-09 1.8214E-09 1.7211E-09 1.6280E-09 1.5433E-09 1.4659E-09 1.3937E-09 1.3255E-09 1.2629E-09 1.2049E-09 1.1533E-09 1.0996E-09 1.0309E-09 9.2807E-10 8.9483E-10 8.3570E-10 7.7309E-10 6.1882E-10 5.7629E-10 5.3491E-10 5.1842E-10 4.5665E-10 4.4303E-10 4.2962E-10 4.1644E-10 4.0349E-10 3.9077E-10 3.7828E-10 3.6604E-10 3.5404E-10 3.4228E-10 3.3077E-10
6.6358E-09 6.4043E-09 6.1703E-09 5.9353E-09 5.7021E-09 5.4702E-09 5.2399E-09 5.0134E-09 4.7891E-09 4.5700E-09 4.3562E-09 4.1473E-09 3.9444E-09 3.7489E-09 3.5589E-09 3.3748E-09 3.1989E-09 3.0303E-09 2.8687E-09 2.7154E-09 2.5695E-09 2.4312E-09 2.3006E-09 2.1747E-09 2.0520E-09 1.9411E-09 1.8370E-09 1.7355E-09 1.6381E-09 1.5520E-09 1.4707E-09 1.3963E-09 1.3270E-09 1.2633E-09 1.2039E-09 1.1521E-09 1.0993E-09 1.0291E-09 9.2575E-10 8.9255E-10 8.3435E-10 7.7110E-10 5.9258E-10 5.7432E-10 5.3310E-10 5.1666E-10 4.5516E-10 4.4158E-10 4.2822E-10 4.1508E-10 4.0217E-10 3.8949E-10 3.7705E-10 3.6484E-10 3.5288E-10 3.4116E-10 3.2969E-10
6.8338E-09 6.5969E-09 6.3573E-09 6.1164E-09 5.8771E-09 5.6376E-09 5.4000E-09 5.1652E-09 4.9330E-09 4.7052E-09 4.4825E-09 4.2650E-09 4.0541E-09 3.8494E-09 3.6503E-09 3.4591E-09 3.2753E-09 3.0985E-09 2.9303E-09 2.7699E-09 2.6175E-09 2.4733E-09 2.3368E-09 2.2072E-09 2.0799E-09 1.9625E-09 1.8554E-09 1.7519E-09 1.6512E-09 1.5596E-09 1.4754E-09 1.3978E-09 1.3288E-09 1.2627E-09 1.2026E-09 1.1504E-09 1.0986E-09 1.0323E-09 9.2289E-10 8.8976E-10 8.3226E-10 7.8402E-10 5.9025E-10 5.7207E-10 5.3104E-10 5.1467E-10 4.5347E-10 4.3994E-10 4.2663E-10 4.1354E-10 4.0068E-10 3.8805E-10 3.7565E-10 3.6349E-10 3.5157E-10 3.3990E-10 3.2846E-10
7.0380E-09 6.7964E-09 6.5516E-09 6.3048E-09 6.0591E-09 5.8119E-09 5.5671E-09 5.3239E-09 5.0829E-09 4.8463E-09 4.6148E-09 4.3884E-09 4.1682E-09 3.9539E-09 3.7470E-09 3.5472E-09 3.3542E-09 3.1702E-09 2.9942E-09 2.8264E-09 2.6673E-09 2.5164E-09 2.3738E-09 2.2394E-09 2.1075E-09 1.9835E-09 1.8718E-09 1.7653E-09 1.6604E-09 1.5678E-09 1.4788E-09 1.4004E-09 1.3283E-09 1.2624E-09 1.2006E-09 1.1473E-09 1.0963E-09 1.0301E-09 9.1974E-10 8.8645E-10 8.2949E-10 7.8163E-10 5.8765E-10 5.6955E-10 5.2874E-10 5.1245E-10 4.5159E-10 4.3812E-10 4.2486E-10 4.1183E-10 3.9902E-10 3.8644E-10 3.7409E-10 3.6198E-10 3.5011E-10 3.3849E-10 3.2710E-10
7.2450E-09 6.9990E-09 6.7492E-09 6.4964E-09 6.2445E-09 5.9902E-09 5.7380E-09 5.4856E-09 5.2365E-09 4.9914E-09 4.7508E-09 4.5149E-09 4.2852E-09 4.0628E-09 3.8468E-09 3.6373E-09 3.4369E-09 3.2445E-09 3.0604E-09 2.8853E-09 2.7188E-09 2.5610E-09 2.4122E-09 2.2721E-09 2.1369E-09 2.0070E-09 1.8912E-09 1.7797E-09 1.6731E-09 1.5747E-09 1.4872E-09 1.4013E-09 1.3266E-09 1.2617E-09 1.1977E-09 1.1448E-09 1.0932E-09 1.0160E-09 9.1607E-10 8.8263E-10 8.2608E-10 7.3419E-10 5.8478E-10 5.6677E-10 5.2621E-10 5.0999E-10 4.4952E-10 4.3611E-10 4.2291E-10 4.0994E-10 3.9718E-10 3.8466E-10 3.7237E-10 3.6032E-10 3.4850E-10 3.3693E-10 3.2560E-10
7.4586E-09 7.2087E-09 6.9539E-09 6.6959E-09 6.4375E-09 6.1759E-09 5.9159E-09 5.6551E-09 5.3977E-09 5.1432E-09 4.8934E-09 4.6477E-09 4.4094E-09 4.1773E-09 3.9511E-09 3.7336E-09 3.5241E-09 3.3227E-09 3.1305E-09 2.9471E-09 2.7726E-09 2.6077E-09 2.4520E-09 2.3056E-09 2.1666E-09 2.0310E-09 1.9067E-09 1.7925E-09 1.6818E-09 1.5800E-09 1.4904E-09 1.4059E-09 1.3272E-09 1.2586E-09 1.1958E-09 1.1407E-09 1.0892E-09 1.0125E-09 9.1249E-10 8.5300E-10 8.2209E-10 7.2119E-10 5.8187E-10 5.6373E-10 5.2343E-10 4.6080E-10 4.4725E-10 4.3391E-10 4.2078E-10 4.0787E-10 3.9518E-10 3.8272E-10 3.7050E-10 3.5851E-10 3.4675E-10 3.3523E-10 3.2396E-10
7.6694E-09 7.4156E-09 7.1559E-09 6.8928E-09 6.6275E-09 6.3588E-09 6.0913E-09 5.8224E-09 5.5558E-09 5.2926E-09 5.0329E-09 4.7784E-09 4.5308E-09 4.2884E-09 4.0540E-09 3.8274E-09 3.6083E-09 3.3986E-09 3.1976E-09 3.0057E-09 2.8237E-09 2.6513E-09 2.4887E-09 2.3362E-09 2.1916E-09 2.0511E-09 1.9232E-09 1.8056E-09 1.6898E-09 1.5857E-09 1.4927E-09 1.4074E-09 1.3267E-09 1.2562E-09 1.1924E-09 1.1369E-09 1.0849E-09 1.0089E-09 9.0832E-10 8.4878E-10 8.1765E-10 7.1793E-10 5.7880E-10 5.3674E-10 5.2043E-10 4.5828E-10 4.4480E-10 4.3153E-10 4.1847E-10 4.0563E-10 3.9302E-10 3.8063E-10 3.6847E-10 3.5654E-10 3.4485E-10 3.3340E-10 3.2218E-10
7.8960E-09 7.6390E-09 7.3752E-09 7.1078E-09 6.8361E-09 6.5613E-09 6.2858E-09 6.0086E-09 5.7336E-09 5.4610E-09 5.1919E-09 4.9283E-09 4.6701E-09 4.4187E-09 4.1745E-09 3.9371E-09 3.7087E-09 3.4888E-09 3.2779E-09 3.0770E-09 2.8859E-09 2.7050E-09 2.5346E-09 2.3745E-09 2.2234E-09 2.0792E-09 1.9444E-09 1.8236E-09 1.7038E-09 1.5940E-09 1.4971E-09 1.4093E-09 1.3253E-09 1.2539E-09 1.1904E-09 1.1325E-09 1.0793E-09 9.7791E-10 9.0374E-10 8.4431E-10 8.1316E-10 7.0372E-10 5.7543E-10 5.3341E-10 5.1720E-10 4.5556E-10 4.4216E-10 4.2897E-10 4.1599E-10 4.0323E-10 3.9069E-10 3.7837E-10 3.6628E-10 3.5443E-10 3.4281E-10 3.3142E-10 3.2028E-10
8.1150E-09 7.8547E-09 7.5871E-09 7.3152E-09 7.0371E-09 6.7560E-09 6.4723E-09 6.1875E-09 5.9036E-09 5.6219E-09 5.3440E-09 5.0705E-09 4.8033E-09 4.5423E-09 4.2873E-09 4.0406E-09 3.8019E-09 3.5719E-09 3.3517E-09 3.1413E-09 2.9411E-09 2.7520E-09 2.5737E-09 2.4065E-09 2.2495E-09 2.1016E-09 1.9616E-09 1.8351E-09 1.7153E-09 1.6024E-09 1.5019E-09 1.4104E-09 1.3263E-09 1.2501E-09 1.1862E-09 1.1287E-09 1.0745E-09 9.7274E-10 8.9889E-10 8.3941E-10 8.0799E-10 6.7547E-10 5.7179E-10 5.2984E-10 5.1374E-10 4.5266E-10 4.3935E-10 4.2624E-10 4.1335E-10 4.0066E-10 3.8820E-10 3.7596E-10 3.6395E-10 3.5217E-10 3.4063E-10 3.2931E-10 3.1824E-10
8.3362E-09 8.0738E-09 7.8024E-09 7.5261E-09 7.2420E-09 6.9547E-09 6.6635E-09 6.3707E-09 6.0782E-09 5.7884E-09 5.5007E-09 5.2185E-09 4.9418E-09 4.6699E-09 4.4051E-09 4.1477E-09 3.8982E-09 3.6580E-09 3.4275E-09 3.2070E-09 2.9979E-09 2.7999E-09 2.6135E-09 2.4393E-09 2.2761E-09 2.1229E-09 1.9794E-09 1.8487E-09 1.7262E-09 1.6086E-09 1.5071E-09 1.4135E-09 1.3281E-09 1.2475E-09 1.1815E-09 1.1230E-09 1.0579E-09 9.6805E-10 8.9343E-10 8.3407E-10 7.5243E-10 6.6041E-10 5.6800E-10 5.2605E-10 5.1007E-10 4.4958E-10 4.3636E-10 4.2334E-10 4.1053E-10 3.9794E-10 3.8556E-10 3.7340E-10 3.6148E-10 3.4978E-10 3.3831E-10 3.2707E-10 3.1607E-10
8.5735E-09 8.3095E-09 8.0356E-09 7.7556E-09 7.4666E-09 7.1737E-09 6.8751E-09 6.5749E-09 6.2751E-09 5.9763E-09 5.6797E-09 5.3883E-09 5.1004E-09 4.8181E-09 4.5419E-09 4.2725E-09 4.0116E-09 3.7597E-09 3.5175E-09 3.2865E-09 3.0668E-09 2.8590E-09 2.6638E-09 2.4816E-09 2.3112E-09 2.1517E-09 2.0049E-09 1.8679E-09 1.7395E-09 1.6188E-09 1.5103E-09 1.4148E-09 1.3292E-09 1.2458E-09 1.1778E-09 1.1174E-09 1.0398E-09 9.3104E-10 8.6348E-10 8.2817E-10 7.3776E-10 6.5623E-10 5.6390E-10 5.2204E-10 4.5964E-10 4.4631E-10 4.3319E-10 4.2027E-10 4.0755E-10 3.9505E-10 3.8276E-10 3.7070E-10 3.5886E-10 3.4724E-10 3.3585E-10 3.2470E-10 3.1378E-10
8.8014E-09 8.5358E-09 8.2601E-09 7.9762E-09 7.6825E-09 7.3840E-09 7.0787E-09 6.7721E-09 6.4644E-09 6.1572E-09 5.8524E-09 5.5505E-09 5.2525E-09 4.9591E-09 4.6711E-09 4.3904E-09 4.1177E-09 3.8540E-09 3.6011E-09 3.3593E-09 3.1292E-09 2.9123E-09 2.7087E-09 2.5189E-09 2.3417E-09 2.1760E-09 2.0245E-09 1.8827E-09 1.7516E-09 1.6270E-09 1.5147E-09 1.4171E-09 1.3258E-09 1.2452E-09 1.1722E-09 1.1127E-09 1.0060E-09 9.2437E-10 8.5802E-10 8.2397E-10 7.2220E-10 6.2641E-10 5.3586E-10 5.1781E-10 4.5610E-10 4.4288E-10 4.2986E-10 4.1703E-10 4.0442E-10 3.9201E-10 3.7982E-10 3.6785E-10 3.5609E-10 3.4457E-10 3.3327E-10 3.2220E-10 3.1137E-10
9.0370E-09 8.7713E-09 8.4944E-09 8.2072E-09 7.9100E-09 7.6064E-09 7.2960E-09 6.9829E-09 6.6677E-09 6.3528E-09 6.0383E-09 5.7265E-09 5.4176E-09 5.1121E-09 4.8123E-09 4.5192E-09 4.2338E-09 3.9583E-09 3.6933E-09 3.4398E-09 3.1992E-09 2.9725E-09 2.7599E-09 2.5616E-09 2.3766E-09 2.2039E-09 2.0450E-09 1.8988E-09 1.7626E-09 1.6352E-09 1.5206E-09 1.4197E-09 1.3274E-09 1.2436E-09 1.1681E-09 1.1057E-09 1.0002E-09 9.1807E-10 8.5153E-10 8.1809E-10 6.9433E-10 6.0718E-10 5.3144E-10 5.1338E-10 4.5239E-10 4.3928E-10 4.2636E-10 4.1364E-10 4.0113E-10 3.8882E-10 3.7673E-10 3.6485E-10 3.5320E-10 3.4177E-10 3.3056E-10 3.1958E-10 3.0884E-10
9.2752E-09 9.0099E-09 8.7326E-09 8.4435E-09 8.1438E-09 7.8360E-09 7.5211E-09 7.2016E-09 6.8801E-09 6.5567E-09 6.2332E-09 5.9114E-09 5.5907E-09 5.2736E-09 4.9613E-09 4.6551E-09 4.3573E-09 4.0690E-09 3.7914E-09 3.5263E-09 3.2749E-09 3.0378E-09 2.8153E-09 2.6079E-09 2.4144E-09 2.2344E-09 2.0701E-09 1.9220E-09 1.7777E-09 1.6463E-09 1.5267E-09 1.4224E-09 1.3272E-09 1.2418E-09 1.1669E-09 1.0895E-09 9.9299E-10 9.1245E-10 8.4564E-10 7.6121E-10 6.7946E-10 5.8901E-10 5.2705E-10 5.0875E-10 4.4850E-10 4.3551E-10 4.2270E-10 4.1009E-10 3.9769E-10 3.8549E-10 3.7350E-10 3.6173E-10 3.5017E-10 3.3884E-10 3.2773E-10 3.1685E-10 3.0619E-10
