Assets/Resources/2015_m01_d14_0200(utc+0800)_l00_csi_1hr_conc.grd
DSAA
         159         159
     -79.000      79.000
     -79.000      79.000
  0.0000E+00  0.1244E-04
[rows 50 to 74 of 159, columns 57 to 113 of 159]
8.9353E-09 8.7348E-09 8.5086E-09 8.2819E-09 8.0240E-09 7.7249E-09 7.3974E-09 7.0038E-09 6.6244E-09 6.1774E-09 5.7817E-09 5.3780E-09 4.9261E-09 4.5361E-09 4.1529E-09 3.7771E-09 3.4389E-09 3.0858E-09 2.7499E-09 2.4304E-09 2.1040E-09 1.7978E-09 1.5423E-09 1.2993E-09 1.0664E-09 8.6421E-10 6.8671E-10 5.2501E-10 4.0857E-10 3.0726E-10 2.2615E-10 1.6241E-10 1.1233E-10 7.4128E-11 4.5913E-11 2.5564E-11 1.2479E-11 7.7325E-12 3.8355E-12 8.3036E-13 0.0000E+00 0.0000E+00 0.0000E+00 0.0000E+00 0.0000E+00 0.0000E+00 0.0000E+00 0.0000E+00 0.0000E+00 0.0000E+00 0.0000E+00 0.0000E+00 0.0000E+00 0.0000E+00 0.0000E+00 0.0000E+00 0.0000E+00
9.7501E-09 9.5713E-09 9.3755E-09 9.1499E-09 8.8926E-09 8.6050E-09 8.2858E-09 7.9245E-09 7.4902E-09 7.1309E-09 6.6627E-09 6.2292E-09 5.7243E-09 5.3021E-09 4.8842E-09 4.4687E-09 4.0599E-09 3.6622E-09 3.2715E-09 2.8777E-09 2.4754E-09 2.1037E-09 1.7509E-09 1.4342E-09 1.1698E-09 9.5989E-10 7.6606E-10 5.8809E-10 4.5193E-10 3.4847E-10 2.5769E-10 1.8622E-10 1.3308E-10 8.8021E-11 5.3813E-11 3.1645E-11 1.6582E-11 8.9148E-12 4.8879E-12 1.5710E-12 0.0000E+00 0.0000E+00 0.0000E+00 0.0000E+00 0.0000E+00 0.0000E+00 0.0000E+00 0.0000E+00 0.0000E+00 0.0000E+00 0.0000E+00 0.0000E+00 0.0000E+00 0.0000E+00 0.0000E+00 0.0000E+00 0.0000E+00
1.0590E-08 1.0444E-08 1.0261E-08 1.0066E-08 9.8279E-09 9.5572E-09 9.2514E-09 8.8940E-09 8.4322E-09 8.0228E-09 7.5731E-09 7.0425E-09 6.5632E-09 5.9935E-09 5.5641E-09 5.0954E-09 4.6309E-09 4.1752E-09 3.7074E-09 3.2424E-09 2.7826E-09 2.3762E-09 1.9720E-09 1.6054E-09 1.2991E-09 1.0646E-09 8.5067E-10 6.6499E-10 5.1337E-10 3.9219E-10 2.8659E-10 2.1193E-10 1.5440E-10 1.0574E-10 6.4266E-11 3.7469E-11 2.1493E-11 1.0510E-11 6.1544E-12 2.5544E-12 2.1385E-13 0.0000E+00 0.0000E+00 0.0000E+00 0.0000E+00 0.0000E+00 0.0000E+00 0.0000E+00 0.0000E+00 0.0000E+00 0.0000E+00 0.0000E+00 0.0000E+00 0.0000E+00 0.0000E+00 0.0000E+00 0.0000E+00
1.1495E-08 1.1405E-08 1.1270E-08 1.1098E-08 1.0897E-08 1.0665E-08 1.0392E-08 1.0067E-08 9.7529E-09 9.2796E-09 8.8243E-09 8.2482E-09 7.7450E-09 7.2099E-09 6.6707E-09 6.1340E-09 5.6039E-09 5.0383E-09 4.4454E-09 3.8428E-09 3.2333E-09 2.6982E-09 2.2367E-09 1.8224E-09 1.4735E-09 1.1921E-09 9.4588E-10 7.4135E-10 5.7973E-10 4.4782E-10 3.2484E-10 2.4057E-10 1.7776E-10 1.2346E-10 7.6907E-11 4.5249E-11 2.6140E-11 1.3348E-11 7.5260E-12 3.7602E-12 8.2192E-13 0.0000E+00 0.0000E+00 0.0000E+00 0.0000E+00 0.0000E+00 0.0000E+00 0.0000E+00 0.0000E+00 0.0000E+00 0.0000E+00 0.0000E+00 0.0000E+00 0.0000E+00 0.0000E+00 0.0000E+00 0.0000E+00
1.2451E-08 1.2410E-08 1.2330E-08 1.2206E-08 1.2054E-08 1.1871E-08 1.1645E-08 1.1364E-08 1.1027E-08 1.0527E-08 1.0070E-08 9.5654E-09 8.8906E-09 8.3114E-09 7.7075E-09 7.0946E-09 6.4803E-09 5.8145E-09 5.1266E-09 4.4643E-09 3.7385E-09 3.1020E-09 2.5399E-09 2.0533E-09 1.6632E-09 1.3558E-09 1.0671E-09 8.2955E-10 6.4879E-10 5.0124E-10 3.7322E-10 2.7103E-10 2.0166E-10 1.4421E-10 9.2308E-11 5.6186E-11 3.1059E-11 1.6677E-11 8.4683E-12 4.5742E-12 1.3832E-12 0.0000E+00 0.0000E+00 0.0000E+00 0.0000E+00 0.0000E+00 0.0000E+00 0.0000E+00 0.0000E+00 0.0000E+00 0.0000E+00 0.0000E+00 0.0000E+00 0.0000E+00 0.0000E+00 0.0000E+00 0.0000E+00
1.3458E-08 1.3522E-08 1.3493E-08 1.3441E-08 1.3367E-08 1.3265E-08 1.3120E-08 1.2924E-08 1.2663E-08 1.2316E-08 1.1758E-08 1.1274E-08 1.0520E-08 1.0043E-08 9.3574E-09 8.6292E-09 7.8749E-09 7.0121E-09 6.1236E-09 5.2404E-09 4.3933E-09 3.6204E-09 2.9417E-09 2.3430E-09 1.8771E-09 1.5190E-09 1.2220E-09 9.4251E-10 7.2032E-10 5.6067E-10 4.2311E-10 3.1433E-10 2.2749E-10 1.6315E-10 1.0855E-10 6.7811E-11 3.7071E-11 1.9933E-11 9.6514E-12 5.2411E-12 1.9059E-12 0.0000E+00 0.0000E+00 0.0000E+00 0.0000E+00 0.0000E+00 0.0000E+00 0.0000E+00 0.0000E+00 0.0000E+00 0.0000E+00 0.0000E+00 0.0000E+00 0.0000E+00 0.0000E+00 0.0000E+00 0.0000E+00
1.4512E-08 1.4654E-08 1.4698E-08 1.4723E-08 1.4731E-08 1.4712E-08 1.4652E-08 1.4543E-08 1.4360E-08 1.4087E-08 1.3692E-08 1.3028E-08 1.2443E-08 1.1807E-08 1.1056E-08 1.0216E-08 9.3089E-09 8.3224E-09 7.3109E-09 6.2374E-09 5.2264E-09 4.2962E-09 3.4678E-09 2.7441E-09 2.1422E-09 1.7112E-09 1.3613E-09 1.0757E-09 8.2610E-10 6.2172E-10 4.7136E-10 3.5796E-10 2.6045E-10 1.8136E-10 1.2396E-10 7.9284E-11 4.6272E-11 2.3156E-11 1.1983E-11 6.1571E-12 2.6781E-12 3.0851E-13 0.0000E+00 0.0000E+00 0.0000E+00 0.0000E+00 0.0000E+00 0.0000E+00 0.0000E+00 0.0000E+00 0.0000E+00 0.0000E+00 0.0000E+00 0.0000E+00 0.0000E+00 0.0000E+00 0.0000E+00
1.5587E-08 1.5836E-08 1.5967E-08 1.6087E-08 1.6195E-08 1.6280E-08 1.6328E-08 1.6328E-08 1.6254E-08 1.6087E-08 1.5769E-08 1.5068E-08 1.4720E-08 1.4022E-08 1.3194E-08 1.2304E-08 1.1262E-08 1.0109E-08 8.8482E-09 7.5738E-09 6.3256E-09 5.1697E-09 4.1418E-09 3.2129E-09 2.4869E-09 1.9451E-09 1.5298E-09 1.2065E-09 9.3701E-10 7.0723E-10 5.2169E-10 3.9841E-10 2.9489E-10 2.0125E-10 1.3829E-10 9.2600E-11 5.6408E-11 2.6306E-11 1.4233E-11 7.0411E-12 3.4579E-12 7.0297E-13 0.0000E+00 0.0000E+00 0.0000E+00 0.0000E+00 0.0000E+00 0.0000E+00 0.0000E+00 0.0000E+00 0.0000E+00 0.0000E+00 0.0000E+00 0.0000E+00 0.0000E+00 0.0000E+00 0.0000E+00
1.6681E-08 1.7054E-08 1.7288E-08 1.7520E-08 1.7748E-08 1.7958E-08 1.8138E-08 1.8270E-08 1.8335E-08 1.8313E-08 1.8162E-08 1.7790E-08 1.7313E-08 1.6706E-08 1.5804E-08 1.4832E-08 1.3697E-08 1.2380E-08 1.0880E-08 9.3318E-09 7.7999E-09 6.3398E-09 5.0134E-09 3.8090E-09 2.8647E-09 2.2150E-09 1.7237E-09 1.3401E-09 1.0488E-09 8.0005E-10 5.8647E-10 4.3868E-10 3.2674E-10 2.2961E-10 1.5019E-10 1.0420E-10 6.6617E-11 3.3240E-11 1.6478E-11 7.7653E-12 4.0580E-12 1.0494E-12 0.0000E+00 0.0000E+00 0.0000E+00 0.0000E+00 0.0000E+00 0.0000E+00 0.0000E+00 0.0000E+00 0.0000E+00 0.0000E+00 0.0000E+00 0.0000E+00 0.0000E+00 0.0000E+00 0.0000E+00
1.7778E-08 1.8291E-08 1.8643E-08 1.9002E-08 1.9370E-08 1.9725E-08 2.0057E-08 2.0346E-08 2.0591E-08 2.0775E-08 2.0824E-08 2.0666E-08 2.0299E-08 1.9734E-08 1.9038E-08 1.8115E-08 1.6904E-08 1.5399E-08 1.3655E-08 1.1791E-08 9.8870E-09 7.9731E-09 6.1413E-09 4.5430E-09 3.3099E-09 2.4965E-09 1.9517E-09 1.5029E-09 1.1657E-09 8.9323E-10 6.5835E-10 4.7458E-10 3.5867E-10 2.5738E-10 1.6830E-10 1.1469E-10 7.6677E-11 4.0527E-11 1.8317E-11 9.1047E-12 4.4320E-12 1.3473E-12 0.0000E+00 0.0000E+00 0.0000E+00 0.0000E+00 0.0000E+00 0.0000E+00 0.0000E+00 0.0000E+00 0.0000E+00 0.0000E+00 0.0000E+00 0.0000E+00 0.0000E+00 0.0000E+00 0.0000E+00
1.8858E-08 1.9526E-08 2.0006E-08 2.0508E-08 2.1031E-08 2.1551E-08 2.2053E-08 2.2535E-08 2.3011E-08 2.3437E-08 2.3746E-08 2.3915E-08 2.3832E-08 2.3536E-08 2.3109E-08 2.2385E-08 2.1266E-08 1.9617E-08 1.7527E-08 1.5159E-08 1.2679E-08 1.0165E-08 7.6997E-09 5.5790E-09 3.9679E-09 2.8719E-09 2.1851E-09 1.6885E-09 1.2799E-09 9.8096E-10 7.3449E-10 5.2920E-10 3.8923E-10 2.8402E-10 1.8883E-10 1.2334E-10 8.5533E-11 4.7993E-11 2.0044E-11 1.0280E-11 4.7440E-12 1.6043E-12 0.0000E+00 0.0000E+00 0.0000E+00 0.0000E+00 0.0000E+00 0.0000E+00 0.0000E+00 0.0000E+00 0.0000E+00 0.0000E+00 0.0000E+00 0.0000E+00 0.0000E+00 0.0000E+00 0.0000E+00
1.9897E-08 2.0730E-08 2.1347E-08 2.2003E-08 2.2693E-08 2.3392E-08 2.4086E-08 2.4811E-08 2.5541E-08 2.6237E-08 2.6930E-08 2.7468E-08 2.7850E-08 2.8105E-08 2.8314E-08 2.8019E-08 2.7087E-08 2.5452E-08 2.2988E-08 1.9977E-08 1.6587E-08 1.3097E-08 9.8015E-09 6.9855E-09 4.8520E-09 3.4546E-09 2.5680E-09 1.8728E-09 1.4152E-09 1.0739E-09 8.0725E-10 5.8554E-10 4.1884E-10 3.0685E-10 2.0867E-10 1.3128E-10 9.2778E-11 5.5094E-11 2.4236E-11 1.1261E-11 4.9996E-12 1.8028E-12 0.0000E+00 0.0000E+00 0.0000E+00 0.0000E+00 0.0000E+00 0.0000E+00 0.0000E+00 0.0000E+00 0.0000E+00 0.0000E+00 0.0000E+00 0.0000E+00 0.0000E+00 0.0000E+00 0.0000E+00
2.0870E-08 2.1873E-08 2.2631E-08 2.3445E-08 2.4312E-08 2.5208E-08 2.6127E-08 2.7115E-08 2.8117E-08 2.9147E-08 3.0233E-08 3.1313E-08 3.2463E-08 3.3791E-08 3.4866E-08 3.5473E-08 3.5120E-08 3.3581E-08 3.0716E-08 2.6872E-08 2.2426E-08 1.7716E-08 1.3206E-08 9.3590E-09 6.4192E-09 4.3890E-09 3.1188E-09 2.2210E-09 1.5568E-09 1.1650E-09 8.7452E-10 6.3972E-10 4.5188E-10 3.2773E-10 2.2673E-10 1.4370E-10 9.9176E-11 6.2539E-11 2.8342E-11 1.2054E-11 5.1814E-12 1.9506E-12 0.0000E+00 0.0000E+00 0.0000E+00 0.0000E+00 0.0000E+00 0.0000E+00 0.0000E+00 0.0000E+00 0.0000E+00 0.0000E+00 0.0000E+00 0.0000E+00 0.0000E+00 0.0000E+00 0.0000E+00
2.1749E-08 2.2919E-08 2.3816E-08 2.4794E-08 2.5850E-08 2.6954E-08 2.8122E-08 2.9372E-08 3.0659E-08 3.2048E-08 3.3615E-08 3.5428E-08 3.7815E-08 4.0616E-08 4.3223E-08 4.5239E-08 4.6194E-08 4.5189E-08 4.1894E-08 3.6780E-08 3.0980E-08 2.4748E-08 1.8543E-08 1.3174E-08 8.9444E-09 5.8521E-09 3.9166E-09 2.5708E-09 1.7715E-09 1.2542E-09 9.3663E-10 6.8699E-10 4.8612E-10 3.4614E-10 2.4001E-10 1.5532E-10 1.0412E-10 6.7224E-11 3.2535E-11 1.2659E-11 5.2959E-12 2.0472E-12 0.0000E+00 0.0000E+00 0.0000E+00 0.0000E+00 0.0000E+00 0.0000E+00 0.0000E+00 0.0000E+00 0.0000E+00 0.0000E+00 0.0000E+00 0.0000E+00 0.0000E+00 0.0000E+00 0.0000E+00
2.2504E-08 2.3831E-08 2.4872E-08 2.6019E-08 2.7260E-08 2.8568E-08 2.9973E-08 3.1483E-08 3.3037E-08 3.4843E-08 3.6965E-08 3.9793E-08 4.3908E-08 4.8704E-08 5.3762E-08 5.8385E-08 6.1372E-08 6.1749E-08 5.8557E-08 5.2431E-08 4.4894E-08 3.6690E-08 2.7956E-08 1.9746E-08 1.3180E-08 7.9956E-09 5.1152E-09 3.0382E-09 1.9776E-09 1.3827E-09 9.8822E-10 7.2631E-10 5.1403E-10 3.6228E-10 2.5289E-10 1.6575E-10 1.0776E-10 7.0885E-11 3.5916E-11 1.3073E-11 5.4307E-12 2.0922E-12 0.0000E+00 0.0000E+00 0.0000E+00 0.0000E+00 0.0000E+00 0.0000E+00 0.0000E+00 0.0000E+00 0.0000E+00 0.0000E+00 0.0000E+00 0.0000E+00 0.0000E+00 0.0000E+00 0.0000E+00
2.3111E-08 2.4593E-08 2.5774E-08 2.7077E-08 2.8479E-08 2.9971E-08 3.1589E-08 3.3302E-08 3.5144E-08 3.7389E-08 4.0426E-08 4.4397E-08 5.0585E-08 5.8146E-08 6.6746E-08 7.5528E-08 8.2463E-08 8.6057E-08 8.4121E-08 7.7390E-08 6.7820E-08 5.6256E-08 4.3156E-08 3.0461E-08 1.9591E-08 1.1113E-08 6.4868E-09 3.6950E-09 2.2749E-09 1.5062E-09 1.0340E-09 7.6081E-10 5.3943E-10 3.7379E-10 2.6231E-10 1.7404E-10 1.1045E-10 7.3176E-11 3.8480E-11 1.3294E-11 5.6629E-12 2.0851E-12 0.0000E+00 0.0000E+00 0.0000E+00 0.0000E+00 0.0000E+00 0.0000E+00 0.0000E+00 0.0000E+00 0.0000E+00 0.0000E+00 0.0000E+00 0.0000E+00 0.0000E+00 0.0000E+00 0.0000E+00
2.3566E-08 2.5190E-08 2.6489E-08 2.7914E-08 2.9440E-08 3.1075E-08 3.2852E-08 3.4730E-08 3.6858E-08 3.9528E-08 4.3149E-08 4.8914E-08 5.7434E-08 6.8539E-08 8.2310E-08 9.7414E-08 1.1232E-07 1.2284E-07 1.2485E-07 1.1846E-07 1.0538E-07 8.7349E-08 6.6236E-08 4.5872E-08 3.3034E-08 1.5773E-08 8.7069E-09 4.6521E-09 2.6505E-09 1.6902E-09 1.1028E-09 7.8517E-10 5.5830E-10 3.8423E-10 2.6889E-10 1.7990E-10 1.1318E-10 7.4553E-11 4.0524E-11 1.4027E-11 5.7283E-12 2.0258E-12 0.0000E+00 0.0000E+00 0.0000E+00 0.0000E+00 0.0000E+00 0.0000E+00 0.0000E+00 0.0000E+00 0.0000E+00 0.0000E+00 0.0000E+00 0.0000E+00 0.0000E+00 0.0000E+00 0.0000E+00
2.3860E-08 2.5589E-08 2.6971E-08 2.8479E-08 3.0073E-08 3.1789E-08 3.3667E-08 3.5666E-08 3.8040E-08 4.1956E-08 4.5646E-08 5.2924E-08 6.3809E-08 7.9206E-08 9.9927E-08 1.2488E-07 1.5424E-07 1.7971E-07 1.8863E-07 1.8221E-07 1.6196E-07 1.3189E-07 1.0155E-07 6.8958E-08 4.5018E-08 2.3050E-08 1.2004E-08 6.1267E-09 3.1319E-09 1.8420E-09 1.1477E-09 7.9922E-10 5.6918E-10 3.8967E-10 2.7215E-10 1.8317E-10 1.1436E-10 7.4963E-11 4.1897E-11 1.4667E-11 5.6276E-12 1.9141E-12 0.0000E+00 0.0000E+00 0.0000E+00 0.0000E+00 0.0000E+00 0.0000E+00 0.0000E+00 0.0000E+00 0.0000E+00 0.0000E+00 0.0000E+00 0.0000E+00 0.0000E+00 0.0000E+00 0.0000E+00
2.3971E-08 2.5757E-08 2.7178E-08 2.8709E-08 3.0313E-08 3.2052E-08 3.3976E-08 3.6055E-08 3.8584E-08 4.1953E-08 4.7271E-08 5.5834E-08 6.8862E-08 8.8703E-08 1.1775E-07 1.5721E-07 2.0877E-07 2.6052E-07 2.8272E-07 2.7260E-07 2.4032E-07 1.9549E-07 1.5016E-07 1.0688E-07 6.2054E-08 3.2716E-08 1.5968E-08 7.1747E-09 3.6194E-09 2.0478E-09 1.1955E-09 8.0236E-10 5.7157E-10 3.8611E-10 2.7222E-10 1.8377E-10 1.1386E-10 7.4448E-11 4.2153E-11 1.4758E-11 5.3537E-12 1.7498E-12 0.0000E+00 0.0000E+00 0.0000E+00 0.0000E+00 0.0000E+00 0.0000E+00 0.0000E+00 0.0000E+00 0.0000E+00 0.0000E+00 0.0000E+00 0.0000E+00 0.0000E+00 0.0000E+00 0.0000E+00
2.3875E-08 2.5662E-08 2.7064E-08 2.8562E-08 3.0133E-08 3.1851E-08 3.3773E-08 3.5861E-08 3.8407E-08 4.1973E-08 4.7741E-08 5.6956E-08 7.1395E-08 9.4711E-08 1.3103E-07 1.8849E-07 2.7064E-07 3.5381E-07 4.0464E-07 3.9853E-07 3.4620E-07 2.8267E-07 2.1208E-07 1.5163E-07 8.3740E-08 4.2109E-08 1.8311E-08 7.7973E-09 3.9603E-09 2.1747E-09 1.2163E-09 7.9091E-10 5.6184E-10 3.8066E-10 2.6892E-10 1.8160E-10 1.1168E-10 7.3047E-11 4.1228E-11 1.4220E-11 4.9236E-12 1.5329E-12 0.0000E+00 0.0000E+00 0.0000E+00 0.0000E+00 0.0000E+00 0.0000E+00 0.0000E+00 0.0000E+00 0.0000E+00 0.0000E+00 0.0000E+00 0.0000E+00 0.0000E+00 0.0000E+00 0.0000E+00
2.3547E-08 2.5270E-08 2.6609E-08 2.8041E-08 2.9553E-08 3.1207E-08 3.3065E-08 3.5071E-08 3.7543E-08 4.1078E-08 4.6821E-08 5.5919E-08 7.0452E-08 9.4798E-08 1.3477E-07 2.0437E-07 3.1498E-07 4.4296E-07 5.4870E-07 5.6344E-07 4.8569E-07 3.9183E-07 2.8564E-07 1.9032E-07 1.0878E-07 5.1273E-08 1.9773E-08 8.1226E-09 4.0682E-09 2.1873E-09 1.1913E-09 7.7208E-10 5.4707E-10 3.6977E-10 2.6252E-10 1.7659E-10 1.0752E-10 7.0626E-11 3.9184E-11 1.3054E-11 4.3310E-12 1.2546E-12 0.0000E+00 0.0000E+00 0.0000E+00 0.0000E+00 0.0000E+00 0.0000E+00 0.0000E+00 0.0000E+00 0.0000E+00 0.0000E+00 0.0000E+00 0.0000E+00 0.0000E+00 0.0000E+00 0.0000E+00
2.2964E-08 2.4582E-08 2.5836E-08 2.7185E-08 2.8612E-08 3.0150E-08 3.1883E-08 3.3725E-08 3.6015E-08 3.9305E-08 4.4526E-08 5.2749E-08 6.5804E-08 8.7786E-08 1.2535E-07 1.9217E-07 3.0549E-07 4.7415E-07 6.8946E-07 7.6185E-07 6.3926E-07 5.0224E-07 4.0149E-07 2.8119E-07 1.5921E-07 6.4958E-08 1.9606E-08 7.9962E-09 3.8635E-09 2.0801E-09 1.1284E-09 7.4325E-10 5.2393E-10 3.5339E-10 2.5306E-10 1.6890E-10 1.0203E-10 6.7030E-11 3.6068E-11 1.1265E-11 3.7492E-12 9.3185E-13 0.0000E+00 0.0000E+00 0.0000E+00 0.0000E+00 0.0000E+00 0.0000E+00 0.0000E+00 0.0000E+00 0.0000E+00 0.0000E+00 0.0000E+00 0.0000E+00 0.0000E+00 0.0000E+00 0.0000E+00
2.2140E-08 2.3633E-08 2.4793E-08 2.6039E-08 2.7347E-08 2.8731E-08 3.0274E-08 3.1920E-08 3.3933E-08 3.6776E-08 4.1055E-08 4.7560E-08 5.8221E-08 7.4786E-08 1.0293E-07 1.4988E-07 2.2864E-07 3.7755E-07 6.6941E-07 9.7692E-07 1.0323E-06 8.6235E-07 7.3881E-07 4.9474E-07 2.5507E-07 7.7877E-08 1.7416E-08 7.0635E-09 3.4070E-09 1.8684E-09 1.0282E-09 7.0586E-10 4.8990E-10 3.3553E-10 2.4092E-10 1.5888E-10 9.6459E-11 6.2697E-11 3.2487E-11 9.2514E-12 3.0607E-12 5.5567E-13 0.0000E+00 0.0000E+00 0.0000E+00 0.0000E+00 0.0000E+00 0.0000E+00 0.0000E+00 0.0000E+00 0.0000E+00 0.0000E+00 0.0000E+00 0.0000E+00 0.0000E+00 0.0000E+00 0.0000E+00
2.1115E-08 2.2472E-08 2.3523E-08 2.4643E-08 2.5809E-08 2.7013E-08 2.8326E-08 2.9745E-08 3.1402E-08 3.3662E-08 3.6848E-08 4.1508E-08 4.8407E-08 5.9450E-08 7.3218E-08 9.4242E-08 1.2561E-07 1.7231E-07 3.1126E-07 8.5328E-07 1.7071E-06 1.6377E-06 1.4945E-06 9.4292E-07 5.4112E-07 8.7439E-08 1.3010E-08 5.5415E-09 2.8171E-09 1.5971E-09 9.0815E-10 6.5690E-10 4.5239E-10 3.1633E-10 2.2629E-10 1.4637E-10 9.0041E-11 5.8230E-11 2.8765E-11 7.9065E-12 2.2564E-12 1.2510E-13 0.0000E+00 0.0000E+00 0.0000E+00 0.0000E+00 0.0000E+00 0.0000E+00 0.0000E+00 0.0000E+00 0.0000E+00 0.0000E+00 0.0000E+00 0.0000E+00 0.0000E+00 0.0000E+00 0.0000E+00
1.9936E-08 2.1142E-08 2.2068E-08 2.3046E-08 2.4054E-08 2.5071E-08 2.6149E-08 2.7290E-08 2.8564E-08 3.0194E-08 3.2351E-08 3.5199E-08 3.9165E-08 4.3840E-08 4.7909E-08 5.0970E-08 6.2264E-08 7.2272E-08 8.8706E-08 1.4719E-07 1.2127E-06 1.8500E-06 1.7466E-06 1.5045E-06 1.0472E-06 2.2540E-07 9.0876E-09 3.9814E-09 2.2299E-09 1.3039E-09 8.2748E-10 6.0175E-10 4.0877E-10 2.9370E-10 2.0878E-10 1.3123E-10 8.3131E-11 5.2604E-11 2.4453E-11 6.5997E-12 1.7611E-12 0.0000E+00 0.0000E+00 0.0000E+00 0.0000E+00 0.0000E+00 0.0000E+00 0.0000E+00 0.0000E+00 0.0000E+00 0.0000E+00 0.0000E+00 0.0000E+00 0.0000E+00 0.0000E+00 0.0000E+00 0.0000E+00
