Assets/Resources/2015_m01_d09_1700(utc+0800)_l00_csi_1hr_conc.grd
DSAA
         159         159
     -79.000      79.000
     -79.000      79.000
  0.1018E-08  0.7293E-04
[rows 25 to 49 of 159, columns 0 to 56 of 159]
1.3637E-09 1.3889E-09 1.4141E-09 1.4393E-09 1.4645E-09 1.4896E-09 1.5145E-09 1.5393E-09 1.5638E-09 1.5882E-09 1.6123E-09 1.6621E-09 1.6946E-09 1.7276E-09 1.7997E-09 1.8270E-09 1.8628E-09 1.9073E-09 1.9818E-09 2.0108E-09 2.0497E-09 2.0890E-09 2.1396E-09 2.1685E-09 2.1969E-09 2.2248E-09 2.2521E-09 2.2788E-09 2.3048E-09 2.3301E-09 2.3546E-09 2.3784E-09 2.4013E-09 2.4233E-09 2.4445E-09 2.4645E-09 2.4839E-09 2.5023E-09 2.5199E-09 2.5366E-09 2.5526E-09 2.5679E-09 2.5824E-09 2.5963E-09 2.6096E-09 2.6223E-09 2.6345E-09 2.6462E-09 2.6575E-09 2.6684E-09 2.6788E-09 2.6888E-09 2.6983E-09 2.7072E-09 2.7156E-09 2.7235E-09 2.7309E-09
1.3768E-09 1.4025E-09 1.4281E-09 1.4536E-09 1.4792E-09 1.5048E-09 1.5302E-09 1.5555E-09 1.5805E-09 1.6164E-09 1.6547E-09 1.6876E-09 1.7212E-09 1.7924E-09 1.8287E-09 1.8570E-09 1.9283E-09 1.9760E-09 2.0157E-09 2.0458E-09 2.0860E-09 2.1373E-09 2.1673E-09 2.1968E-09 2.2258E-09 2.2543E-09 2.2822E-09 2.3096E-09 2.3362E-09 2.3623E-09 2.3875E-09 2.4119E-09 2.4356E-09 2.4583E-09 2.4801E-09 2.5011E-09 2.5210E-09 2.5401E-09 2.5582E-09 2.5756E-09 2.5921E-09 2.6077E-09 2.6227E-09 2.6369E-09 2.6505E-09 2.6634E-09 2.6758E-09 2.6876E-09 2.6990E-09 2.7100E-09 2.7205E-09 2.7306E-09 2.7403E-09 2.7495E-09 2.7581E-09 2.7661E-09 2.7737E-09
1.3900E-09 1.4161E-09 1.4422E-09 1.4683E-09 1.4942E-09 1.5201E-09 1.5461E-09 1.5718E-09 1.6194E-09 1.6526E-09 1.6796E-09 1.7409E-09 1.7839E-09 1.8208E-09 1.8583E-09 1.9376E-09 1.9779E-09 2.0094E-09 2.0503E-09 2.1020E-09 2.1336E-09 2.1647E-09 2.1953E-09 2.2255E-09 2.2551E-09 2.2842E-09 2.3128E-09 2.3408E-09 2.3682E-09 2.3948E-09 2.4207E-09 2.4459E-09 2.4702E-09 2.4937E-09 2.5162E-09 2.5378E-09 2.5586E-09 2.5782E-09 2.5971E-09 2.6149E-09 2.6320E-09 2.6482E-09 2.6635E-09 2.6782E-09 2.6920E-09 2.7053E-09 2.7179E-09 2.7299E-09 2.7413E-09 2.7524E-09 2.7630E-09 2.7731E-09 2.7829E-09 2.7922E-09 2.8010E-09 2.8093E-09 2.8170E-09
1.4033E-09 1.4299E-09 1.4564E-09 1.4830E-09 1.5094E-09 1.5357E-09 1.5620E-09 1.6091E-09 1.6427E-09 1.6770E-09 1.7442E-09 1.7814E-09 1.8116E-09 1.8802E-09 1.9282E-09 1.9692E-09 2.0109E-09 2.0627E-09 2.0957E-09 2.1284E-09 2.1606E-09 2.1924E-09 2.2238E-09 2.2546E-09 2.2849E-09 2.3147E-09 2.3439E-09 2.3725E-09 2.4005E-09 2.4278E-09 2.4544E-09 2.4802E-09 2.5052E-09 2.5294E-09 2.5527E-09 2.5750E-09 2.5964E-09 2.6169E-09 2.6363E-09 2.6548E-09 2.6724E-09 2.6891E-09 2.7050E-09 2.7200E-09 2.7343E-09 2.7478E-09 2.7606E-09 2.7728E-09 2.7845E-09 2.7955E-09 2.8062E-09 2.8164E-09 2.8261E-09 2.8355E-09 2.8445E-09 2.8529E-09 2.8608E-09
1.4167E-09 1.4437E-09 1.4708E-09 1.4978E-09 1.5247E-09 1.5516E-09 1.5978E-09 1.6317E-09 1.6664E-09 1.7324E-09 1.7701E-09 1.8086E-09 1.8839E-09 1.9254E-09 1.9591E-09 2.0015E-09 2.0538E-09 2.0879E-09 2.1217E-09 2.1551E-09 2.1881E-09 2.2206E-09 2.2527E-09 2.2842E-09 2.3152E-09 2.3456E-09 2.3755E-09 2.4048E-09 2.4333E-09 2.4613E-09 2.4886E-09 2.5150E-09 2.5408E-09 2.5656E-09 2.5895E-09 2.6126E-09 2.6347E-09 2.6558E-09 2.6760E-09 2.6951E-09 2.7133E-09 2.7305E-09 2.7469E-09 2.7625E-09 2.7771E-09 2.7910E-09 2.8041E-09 2.8165E-09 2.8283E-09 2.8395E-09 2.8502E-09 2.8604E-09 2.8702E-09 2.8796E-09 2.8885E-09 2.8971E-09 2.9052E-09
1.4303E-09 1.4577E-09 1.4852E-09 1.5127E-09 1.5401E-09 1.5857E-09 1.6198E-09 1.6721E-09 1.7195E-09 1.7576E-09 1.7965E-09 1.8708E-09 1.9129E-09 1.9558E-09 2.0080E-09 2.0435E-09 2.0786E-09 2.1135E-09 2.1480E-09 2.1822E-09 2.2159E-09 2.2492E-09 2.2820E-09 2.3142E-09 2.3460E-09 2.3771E-09 2.4076E-09 2.4375E-09 2.4668E-09 2.4954E-09 2.5233E-09 2.5504E-09 2.5768E-09 2.6023E-09 2.6269E-09 2.6506E-09 2.6734E-09 2.6952E-09 2.7160E-09 2.7359E-09 2.7547E-09 2.7725E-09 2.7894E-09 2.8054E-09 2.8205E-09 2.8347E-09 2.8482E-09 2.8609E-09 2.8730E-09 2.8843E-09 2.8951E-09 2.9053E-09 2.9151E-09 2.9244E-09 2.9334E-09 2.9419E-09 2.9501E-09
1.4439E-09 1.4718E-09 1.4998E-09 1.5316E-09 1.5774E-09 1.6123E-09 1.6631E-09 1.7115E-09 1.7439E-09 1.8083E-09 1.8563E-09 1.8990E-09 1.9425E-09 1.9951E-09 2.0316E-09 2.0678E-09 2.1037E-09 2.1394E-09 2.1747E-09 2.2096E-09 2.2441E-09 2.2782E-09 2.3117E-09 2.3447E-09 2.3772E-09 2.4091E-09 2.4403E-09 2.4709E-09 2.5008E-09 2.5300E-09 2.5585E-09 2.5863E-09 2.6133E-09 2.6395E-09 2.6648E-09 2.6892E-09 2.7126E-09 2.7351E-09 2.7566E-09 2.7771E-09 2.7966E-09 2.8150E-09 2.8324E-09 2.8489E-09 2.8645E-09 2.8792E-09 2.8930E-09 2.9061E-09 2.9183E-09 2.9299E-09 2.9408E-09 2.9511E-09 2.9608E-09 2.9701E-09 2.9790E-09 2.9875E-09 2.9956E-09
1.4578E-09 1.4860E-09 1.5288E-09 1.5630E-09 1.5981E-09 1.6579E-09 1.6962E-09 1.7354E-09 1.8047E-09 1.8472E-09 1.8836E-09 1.9431E-09 1.9806E-09 2.0181E-09 2.0553E-09 2.0924E-09 2.1292E-09 2.1656E-09 2.2017E-09 2.2374E-09 2.2727E-09 2.3075E-09 2.3419E-09 2.3757E-09 2.4089E-09 2.4415E-09 2.4735E-09 2.5047E-09 2.5354E-09 2.5652E-09 2.5944E-09 2.6228E-09 2.6505E-09 2.6773E-09 2.7033E-09 2.7283E-09 2.7524E-09 2.7755E-09 2.7977E-09 2.8188E-09 2.8389E-09 2.8581E-09 2.8760E-09 2.8930E-09 2.9091E-09 2.9242E-09 2.9385E-09 2.9518E-09 2.9644E-09 2.9762E-09 2.9873E-09 2.9977E-09 3.0075E-09 3.0168E-09 3.0256E-09 3.0340E-09 3.1254E-09
1.4718E-09 1.5136E-09 1.5478E-09 1.5830E-09 1.6413E-09 1.6797E-09 1.7192E-09 1.7872E-09 1.8301E-09 1.8740E-09 1.9263E-09 1.9646E-09 2.0030E-09 2.0413E-09 2.0794E-09 2.1173E-09 2.1549E-09 2.1922E-09 2.2291E-09 2.2656E-09 2.3017E-09 2.3374E-09 2.3725E-09 2.4071E-09 2.4411E-09 2.4745E-09 2.5072E-09 2.5392E-09 2.5705E-09 2.6011E-09 2.6309E-09 2.6600E-09 2.6883E-09 2.7157E-09 2.7424E-09 2.7680E-09 2.7928E-09 2.8166E-09 2.8393E-09 2.8611E-09 2.8818E-09 2.9015E-09 2.9202E-09 2.9377E-09 2.9543E-09 2.9699E-09 2.9845E-09 2.9983E-09 3.0112E-09 3.1075E-09 3.1197E-09 3.1311E-09 3.1417E-09 3.1793E-09 3.1888E-09 3.1978E-09 3.2062E-09
1.4978E-09 1.5320E-09 1.5760E-09 1.6238E-09 1.6623E-09 1.7130E-09 1.7684E-09 1.8116E-09 1.8559E-09 1.9083E-09 1.9474E-09 1.9865E-09 2.0256E-09 2.0647E-09 2.1037E-09 2.1424E-09 2.1809E-09 2.2190E-09 2.2568E-09 2.2942E-09 2.3312E-09 2.3676E-09 2.4036E-09 2.4390E-09 2.4738E-09 2.5079E-09 2.5414E-09 2.5742E-09 2.6063E-09 2.6376E-09 2.6681E-09 2.6978E-09 2.7267E-09 2.7548E-09 2.7821E-09 2.8084E-09 2.8338E-09 2.8582E-09 2.8816E-09 2.9040E-09 2.9253E-09 2.9456E-09 2.9648E-09 2.9831E-09 3.0001E-09 3.1011E-09 3.1175E-09 3.1603E-09 3.1751E-09 3.1889E-09 3.2018E-09 3.2137E-09 3.2249E-09 3.2352E-09 3.2447E-09 3.2807E-09 3.2892E-09
1.5155E-09 1.5589E-09 1.6056E-09 1.6440E-09 1.6940E-09 1.7485E-09 1.7919E-09 1.8491E-09 1.8888E-09 1.9287E-09 1.9687E-09 2.0087E-09 2.0485E-09 2.0884E-09 2.1282E-09 2.1678E-09 2.2072E-09 2.2462E-09 2.2849E-09 2.3232E-09 2.3610E-09 2.3983E-09 2.4351E-09 2.4713E-09 2.5069E-09 2.5419E-09 2.5762E-09 2.6098E-09 2.6426E-09 2.6747E-09 2.7059E-09 2.7363E-09 2.7659E-09 2.7946E-09 2.8225E-09 2.8494E-09 2.8755E-09 2.9005E-09 2.9245E-09 2.9475E-09 2.9695E-09 3.0746E-09 3.0960E-09 3.1163E-09 3.1634E-09 3.1818E-09 3.1992E-09 3.2155E-09 3.2307E-09 3.2720E-09 3.2856E-09 3.2982E-09 3.3984E-09 3.4099E-09 3.4398E-09 3.4696E-09 3.4788E-09
1.5411E-09 1.5868E-09 1.6295E-09 1.6782E-09 1.7326E-09 1.7765E-09 1.8277E-09 1.8680E-09 1.9086E-09 1.9493E-09 1.9901E-09 2.0310E-09 2.0718E-09 2.1124E-09 2.1530E-09 2.1935E-09 2.2338E-09 2.2738E-09 2.3133E-09 2.3525E-09 2.3912E-09 2.4294E-09 2.4671E-09 2.5042E-09 2.5407E-09 2.5765E-09 2.6116E-09 2.6459E-09 2.6796E-09 2.7124E-09 2.7444E-09 2.7755E-09 2.8058E-09 2.8352E-09 2.8637E-09 2.8912E-09 2.9179E-09 2.9436E-09 3.0522E-09 3.0777E-09 3.1021E-09 3.1533E-09 3.1760E-09 3.1975E-09 3.2178E-09 3.2641E-09 3.2825E-09 3.3894E-09 3.4067E-09 3.4227E-09 3.4669E-09 3.5474E-09 3.5612E-09 3.5739E-09 3.6244E-09 3.6737E-09 3.7655E-09
1.5707E-09 1.6095E-09 1.6575E-09 1.7107E-09 1.7545E-09 1.8053E-09 1.8460E-09 1.8872E-09 1.9285E-09 1.9701E-09 2.0118E-09 2.0535E-09 2.0952E-09 2.1368E-09 2.1782E-09 2.2195E-09 2.2607E-09 2.3016E-09 2.3421E-09 2.3822E-09 2.4219E-09 2.4610E-09 2.4995E-09 2.5375E-09 2.5749E-09 2.6115E-09 2.6475E-09 2.6827E-09 2.7171E-09 2.7507E-09 2.7835E-09 2.8154E-09 2.8464E-09 2.8765E-09 2.9056E-09 2.9338E-09 3.0461E-09 3.0745E-09 3.1297E-09 3.1566E-09 3.1823E-09 3.2068E-09 3.2574E-09 3.3700E-09 3.3930E-09 3.4439E-09 3.4649E-09 3.5113E-09 3.5697E-09 3.5877E-09 3.7221E-09 3.7390E-09 3.8636E-09 3.8791E-09 3.9006E-09 3.9137E-09 3.9715E-09
1.5888E-09 1.6430E-09 1.6880E-09 1.7318E-09 1.7821E-09 1.8231E-09 1.8646E-09 1.9064E-09 1.9486E-09 1.9910E-09 2.0336E-09 2.0762E-09 2.1188E-09 2.1613E-09 2.2038E-09 2.2460E-09 2.2880E-09 2.3298E-09 2.3713E-09 2.4123E-09 2.4529E-09 2.4930E-09 2.5325E-09 2.5714E-09 2.6096E-09 2.6472E-09 2.6840E-09 2.7201E-09 2.7553E-09 2.7898E-09 2.8233E-09 2.8560E-09 2.8877E-09 2.9185E-09 3.0340E-09 3.0651E-09 3.1235E-09 3.1533E-09 3.1820E-09 3.2096E-09 3.3542E-09 3.3819E-09 3.4378E-09 3.4635E-09 3.5149E-09 3.5782E-09 3.6804E-09 3.7704E-09 3.8342E-09 4.0149E-09 4.0448E-09 4.0658E-09 4.0851E-09 4.1441E-09 4.1683E-09 4.2117E-09 4.2656E-09
1.6200E-09 1.6646E-09 1.7171E-09 1.7580E-09 1.7993E-09 1.8411E-09 1.8833E-09 1.9259E-09 1.9688E-09 2.0121E-09 2.0555E-09 2.0991E-09 2.1426E-09 2.1861E-09 2.2295E-09 2.2727E-09 2.3156E-09 2.3583E-09 2.4008E-09 2.4428E-09 2.4844E-09 2.5254E-09 2.5659E-09 2.6057E-09 2.6449E-09 2.6834E-09 2.7211E-09 2.7580E-09 2.7942E-09 2.8294E-09 2.8638E-09 2.8973E-09 3.0131E-09 3.0490E-09 3.1110E-09 3.1437E-09 3.1754E-09 3.3232E-09 3.3555E-09 3.4161E-09 3.4467E-09 3.5030E-09 3.5710E-09 3.6790E-09 3.7363E-09 3.9676E-09 4.0362E-09 4.0720E-09 4.0981E-09 4.1712E-09 4.2233E-09 4.2711E-09 4.3330E-09 4.3953E-09 4.5393E-09 4.5573E-09 4.5809E-09
1.6404E-09 1.6920E-09 1.7330E-09 1.7745E-09 1.8166E-09 1.8592E-09 1.9022E-09 1.9455E-09 1.9893E-09 2.0333E-09 2.0777E-09 2.1221E-09 2.1666E-09 2.2111E-09 2.2555E-09 2.2997E-09 2.3437E-09 2.3873E-09 2.4306E-09 2.4737E-09 2.5162E-09 2.5583E-09 2.5998E-09 2.6406E-09 2.6807E-09 2.7201E-09 2.7588E-09 2.7966E-09 2.8336E-09 2.8698E-09 2.9817E-09 3.0208E-09 3.0857E-09 3.1242E-09 3.1615E-09 3.3142E-09 3.3499E-09 3.4142E-09 3.4482E-09 3.5084E-09 3.6604E-09 3.8453E-09 3.9628E-09 3.9986E-09 4.0779E-09 4.1101E-09 4.2366E-09 4.2764E-09 4.3904E-09 4.4602E-09 4.5706E-09 4.5964E-09 4.6552E-09 4.7114E-09 4.7537E-09 4.7950E-09 4.8127E-09
1.6661E-09 1.7072E-09 1.7489E-09 1.7912E-09 1.8340E-09 1.8774E-09 1.9212E-09 1.9654E-09 2.0099E-09 2.0548E-09 2.1000E-09 2.1453E-09 2.1908E-09 2.2363E-09 2.2817E-09 2.3269E-09 2.3719E-09 2.4167E-09 2.4610E-09 2.5049E-09 2.5485E-09 2.5916E-09 2.6341E-09 2.6759E-09 2.7171E-09 2.7575E-09 2.7971E-09 2.8359E-09 2.9430E-09 2.9851E-09 3.0509E-09 3.0926E-09 3.1333E-09 3.2902E-09 3.3620E-09 3.4039E-09 3.4424E-09 3.5460E-09 3.7881E-09 3.8577E-09 3.9786E-09 4.0637E-09 4.1024E-09 4.1960E-09 4.3259E-09 4.4058E-09 4.4813E-09 4.6265E-09 4.6931E-09 4.7350E-09 4.7662E-09 4.8380E-09 4.8729E-09 4.8971E-09 4.9801E-09 5.0692E-09 5.1335E-09
1.6808E-09 1.7225E-09 1.7649E-09 1.8079E-09 1.8515E-09 1.8956E-09 1.9403E-09 1.9853E-09 2.0307E-09 2.0765E-09 2.1225E-09 2.1688E-09 2.2152E-09 2.2617E-09 2.3081E-09 2.3544E-09 2.4005E-09 2.4463E-09 2.4917E-09 2.5367E-09 2.5813E-09 2.6254E-09 2.6689E-09 2.7118E-09 2.7540E-09 2.7954E-09 2.8360E-09 2.9418E-09 3.0081E-09 3.0530E-09 3.0970E-09 3.2490E-09 3.3255E-09 3.3743E-09 3.4211E-09 3.5315E-09 3.8108E-09 3.8590E-09 3.9842E-09 4.0741E-09 4.1741E-09 4.3111E-09 4.3974E-09 4.4674E-09 4.6187E-09 4.7093E-09 4.7593E-09 4.7977E-09 4.8847E-09 4.9650E-09 5.0839E-09 5.1593E-09 5.2760E-09 5.3039E-09 5.3656E-09 5.3981E-09 5.4192E-09
1.6955E-09 1.7378E-09 1.7809E-09 1.8247E-09 1.8691E-09 1.9140E-09 1.9595E-09 2.0054E-09 2.0517E-09 2.0983E-09 2.1453E-09 2.1924E-09 2.2399E-09 2.2873E-09 2.3348E-09 2.3822E-09 2.4293E-09 2.4762E-09 2.5228E-09 2.5689E-09 2.6145E-09 2.6596E-09 2.7042E-09 2.7482E-09 2.7914E-09 2.8911E-09 2.9381E-09 3.0054E-09 3.0525E-09 3.1760E-09 3.2498E-09 3.3284E-09 3.3801E-09 3.4950E-09 3.7805E-09 3.8391E-09 3.9800E-09 4.0973E-09 4.2234E-09 4.3660E-09 4.4432E-09 4.6012E-09 4.6997E-09 4.7579E-09 4.8307E-09 4.9452E-09 5.0773E-09 5.1615E-09 5.2473E-09 5.3754E-09 5.4570E-09 5.5012E-09 5.5339E-09 5.5640E-09 5.6183E-09 5.6434E-09 5.6659E-09
1.7039E-09 1.7533E-09 1.7971E-09 1.8415E-09 1.8867E-09 1.9325E-09 1.9788E-09 2.0256E-09 2.0728E-09 2.1204E-09 2.1683E-09 2.2164E-09 2.2647E-09 2.3132E-09 2.3617E-09 2.4102E-09 2.4585E-09 2.5065E-09 2.5542E-09 2.6014E-09 2.6483E-09 2.6944E-09 2.7401E-09 2.7851E-09 2.8827E-09 2.9498E-09 2.9999E-09 3.0492E-09 3.1924E-09 3.2721E-09 3.3279E-09 3.4418E-09 3.7217E-09 3.7899E-09 3.9384E-09 4.0664E-09 4.2050E-09 4.3863E-09 4.4725E-09 4.6161E-09 4.7217E-09 4.8111E-09 4.9777E-09 5.0751E-09 5.1262E-09 5.3110E-09 5.4363E-09 5.5022E-09 5.5471E-09 5.6077E-09 5.6560E-09 5.7130E-09 5.7764E-09 5.8192E-09 5.8667E-09 5.8934E-09 5.9389E-09
1.7209E-09 1.7694E-09 1.8133E-09 1.8585E-09 1.9044E-09 1.9510E-09 1.9982E-09 2.0459E-09 2.0940E-09 2.1426E-09 2.1914E-09 2.2406E-09 2.2899E-09 2.3393E-09 2.3889E-09 2.4385E-09 2.4879E-09 2.5371E-09 2.5859E-09 2.6344E-09 2.6823E-09 2.7297E-09 2.7765E-09 2.8716E-09 2.9393E-09 2.9915E-09 3.1078E-09 3.2056E-09 3.2651E-09 3.3570E-09 3.6267E-09 3.7165E-09 3.8350E-09 3.9701E-09 4.1515E-09 4.3447E-09 4.4452E-09 4.6111E-09 4.7563E-09 4.8406E-09 5.0441E-09 5.1338E-09 5.3250E-09 5.3912E-09 5.5085E-09 5.5633E-09 5.6628E-09 5.7418E-09 5.7897E-09 5.8637E-09 5.9063E-09 5.9772E-09 6.0245E-09 6.0681E-09 6.1276E-09 6.1560E-09 6.1814E-09
1.7456E-09 1.7871E-09 1.8302E-09 1.8756E-09 1.9223E-09 1.9697E-09 2.0177E-09 2.0663E-09 2.1154E-09 2.1649E-09 2.2148E-09 2.2649E-09 2.3153E-09 2.3658E-09 2.4164E-09 2.4670E-09 2.5176E-09 2.5679E-09 2.6180E-09 2.6676E-09 2.7168E-09 2.8046E-09 2.8579E-09 2.9260E-09 2.9801E-09 3.1108E-09 3.1921E-09 3.2543E-09 3.4681E-09 3.6285E-09 3.7430E-09 3.8852E-09 4.0672E-09 4.2653E-09 4.3787E-09 4.5576E-09 4.7159E-09 4.8614E-09 5.0372E-09 5.1413E-09 5.3460E-09 5.4739E-09 5.5482E-09 5.6779E-09 5.7475E-09 5.8060E-09 5.8908E-09 5.9641E-09 6.0653E-09 6.1233E-09 6.1688E-09 6.2305E-09 6.2700E-09 6.3061E-09 6.3391E-09 6.4009E-09 6.4276E-09
1.7640E-09 1.8059E-09 1.8488E-09 1.8934E-09 1.9403E-09 1.9884E-09 2.0373E-09 2.0869E-09 2.1369E-09 2.1874E-09 2.2382E-09 2.2895E-09 2.3409E-09 2.3925E-09 2.4442E-09 2.4959E-09 2.5476E-09 2.5991E-09 2.6504E-09 2.7013E-09 2.7863E-09 2.8534E-09 2.9099E-09 3.0162E-09 3.0927E-09 3.1748E-09 3.2675E-09 3.5125E-09 3.6429E-09 3.7839E-09 3.9639E-09 4.1601E-09 4.2803E-09 4.4646E-09 4.6340E-09 4.7949E-09 5.0161E-09 5.1353E-09 5.3387E-09 5.4844E-09 5.6317E-09 5.7164E-09 5.7881E-09 5.8843E-09 5.9970E-09 6.0813E-09 6.1509E-09 6.2273E-09 6.2817E-09 6.3540E-09 6.4020E-09 6.4772E-09 6.5189E-09 6.5694E-09 6.6150E-09 6.6673E-09 6.6955E-09
1.7831E-09 1.8251E-09 1.8685E-09 1.9129E-09 1.9590E-09 2.0074E-09 2.0571E-09 2.1075E-09 2.1585E-09 2.2100E-09 2.2619E-09 2.3142E-09 2.3667E-09 2.4194E-09 2.4722E-09 2.5251E-09 2.5779E-09 2.6306E-09 2.6831E-09 2.7653E-09 2.8326E-09 2.8907E-09 2.9940E-09 3.0868E-09 3.1540E-09 3.3464E-09 3.4981E-09 3.6223E-09 3.7631E-09 3.9881E-09 4.1605E-09 4.3124E-09 4.4866E-09 4.6899E-09 4.9204E-09 5.1208E-09 5.2764E-09 5.4681E-09 5.6065E-09 5.7098E-09 5.7982E-09 5.9580E-09 6.0580E-09 6.1416E-09 6.2306E-09 6.3179E-09 6.3813E-09 6.4529E-09 6.5294E-09 6.6167E-09 6.6787E-09 6.7263E-09 6.7703E-09 6.8107E-09 6.8678E-09 6.9010E-09 6.9305E-09
1.8029E-09 1.8452E-09 1.8886E-09 1.9335E-09 1.9795E-09 2.0270E-09 2.0770E-09 2.1283E-09 2.1802E-09 2.2328E-09 2.2857E-09 2.3391E-09 2.3927E-09 2.4466E-09 2.5005E-09 2.5545E-09 2.6086E-09 2.6624E-09 2.7417E-09 2.8089E-09 2.8686E-09 2.9687E-09 3.0601E-09 3.1293E-09 3.3287E-09 3.4942E-09 3.6344E-09 3.8091E-09 4.0014E-09 4.1672E-09 4.3448E-09 4.5555E-09 4.7879E-09 4.9799E-09 5.1658E-09 5.3725E-09 5.5386E-09 5.6531E-09 5.7897E-09 5.9416E-09 6.0703E-09 6.1615E-09 6.2873E-09 6.3672E-09 6.4535E-09 6.5642E-09 6.6543E-09 6.7185E-09 6.7793E-09 6.8570E-09 6.9109E-09 6.9611E-09 7.0073E-09 7.0615E-09 7.1203E-09 7.1551E-09 7.1988E-09
