Assets/Resources/2015_m01_d09_1000(utc+0800)_l00_csi_1hr_conc.grd
DSAA
         159         159
     -79.000      79.000
     -79.000      79.000
  0.4933E-09  0.3610E-04
[rows 75 to 99 of 159, columns 57 to 113 of 159]
7.1809E-09 7.4737E-09 7.7936E-09 8.2144E-09 8.6890E-09 9.3747E-09 1.0353E-08 1.1625E-08 1.2955E-08 1.4414E-08 1.7051E-08 1.9398E-08 2.2125E-08 2.5234E-08 2.8707E-08 3.2476E-08 3.6444E-08 4.0486E-08 4.4455E-08 4.8205E-08 5.1563E-08 5.4375E-08 5.6495E-08 5.7819E-08 5.8299E-08 5.7943E-08 5.6808E-08 5.4996E-08 5.2640E-08 4.9894E-08 4.6971E-08 4.3904E-08 4.0885E-08 3.8068E-08 3.5423E-08 3.3045E-08 3.0400E-08 2.8746E-08 2.7218E-08 2.6000E-08 2.4964E-08 2.4244E-08 2.3564E-08 2.2557E-08 2.2267E-08 2.2113E-08 2.1954E-08 2.1704E-08 2.1471E-08 2.1203E-08 2.0852E-08 2.0537E-08 2.0203E-08 1.9845E-08 1.9464E-08 1.9062E-08 1.8649E-08
7.4201E-09 7.7307E-09 8.1126E-09 8.5765E-09 9.1737E-09 1.0184E-08 1.1393E-08 1.2775E-08 1.4252E-08 1.6928E-08 1.9395E-08 2.2327E-08 2.5759E-08 2.9693E-08 3.4085E-08 3.8873E-08 4.3926E-08 4.9086E-08 5.4149E-08 5.8912E-08 6.3158E-08 6.6681E-08 6.9298E-08 7.0880E-08 7.1368E-08 7.0772E-08 6.9172E-08 6.6762E-08 6.3603E-08 6.0003E-08 5.6056E-08 5.2016E-08 4.8103E-08 4.4352E-08 4.0909E-08 3.7829E-08 3.5134E-08 3.2294E-08 3.0488E-08 2.8789E-08 2.7419E-08 2.6274E-08 2.5538E-08 2.4758E-08 2.3862E-08 2.3548E-08 2.3346E-08 2.3122E-08 2.2813E-08 2.2521E-08 2.2197E-08 2.1788E-08 2.1412E-08 2.0966E-08 2.0559E-08 2.0129E-08 1.9678E-08
7.6766E-09 8.0248E-09 8.4524E-09 8.9994E-09 9.9393E-09 1.1072E-08 1.2500E-08 1.3961E-08 1.6576E-08 1.9076E-08 2.2114E-08 2.5753E-08 3.0021E-08 3.4923E-08 4.0422E-08 4.6426E-08 5.2777E-08 5.9255E-08 6.5607E-08 7.1565E-08 7.6856E-08 8.1222E-08 8.4431E-08 8.6312E-08 8.6798E-08 8.5969E-08 8.3865E-08 8.0611E-08 7.6527E-08 7.1774E-08 6.6668E-08 6.1510E-08 5.6418E-08 5.1608E-08 4.7202E-08 4.3269E-08 3.9889E-08 3.6246E-08 3.4026E-08 3.2122E-08 3.0321E-08 2.8761E-08 2.7627E-08 2.6851E-08 2.5937E-08 2.5162E-08 2.4838E-08 2.4574E-08 2.4278E-08 2.3907E-08 2.3553E-08 2.3115E-08 2.2699E-08 2.2203E-08 2.1753E-08 2.1233E-08 2.0754E-08
7.9439E-09 8.3409E-09 8.8167E-09 9.6344E-09 1.0744E-08 1.2080E-08 1.3562E-08 1.6034E-08 1.8498E-08 2.1569E-08 2.5375E-08 3.0044E-08 3.5733E-08 4.2606E-08 5.0803E-08 6.0389E-08 7.1332E-08 8.3430E-08 9.6277E-08 1.0911E-07 1.2135E-07 1.3217E-07 1.4078E-07 1.4655E-07 1.4896E-07 1.4785E-07 1.4348E-07 1.3619E-07 1.2674E-07 1.1580E-07 1.0424E-07 9.2667E-08 8.1688E-08 7.1694E-08 6.2911E-08 5.5423E-08 4.9199E-08 4.4136E-08 3.9059E-08 3.5450E-08 3.3505E-08 3.1684E-08 2.9940E-08 2.8891E-08 2.7989E-08 2.7200E-08 2.6475E-08 2.6128E-08 2.5790E-08 2.5418E-08 2.4978E-08 2.4557E-08 2.4056E-08 2.3575E-08 2.3014E-08 2.2498E-08 2.1922E-08
8.2294E-09 8.6638E-09 9.3169E-09 1.0361E-08 1.1583E-08 1.3075E-08 1.6762E-08 2.0961E-08 2.5711E-08 3.1950E-08 3.9970E-08 5.0047E-08 6.2389E-08 7.7049E-08 9.3886E-08 1.1253E-07 1.3235E-07 1.5253E-07 1.7201E-07 1.8971E-07 2.0453E-07 2.1555E-07 2.2201E-07 2.2348E-07 2.1992E-07 2.1181E-07 1.9976E-07 1.8484E-07 1.6797E-07 1.5026E-07 1.3264E-07 1.1586E-07 1.0049E-07 8.6848E-08 7.5089E-08 6.5203E-08 5.7073E-08 5.0507E-08 4.5291E-08 4.0251E-08 3.6696E-08 3.4758E-08 3.2869E-08 3.1144E-08 3.0072E-08 2.9212E-08 2.8392E-08 2.7736E-08 2.7347E-08 2.6935E-08 2.6485E-08 2.6016E-08 2.5522E-08 2.4953E-08 2.4405E-08 2.3777E-08 2.3142E-08
8.5283E-09 9.0714E-09 9.9286E-09 1.1063E-08 1.2463E-08 1.5626E-08 1.9219E-08 2.3289E-08 2.8647E-08 3.5557E-08 4.4301E-08 5.5127E-08 6.8161E-08 8.3398E-08 1.0064E-07 1.1949E-07 1.3936E-07 1.5943E-07 1.7872E-07 1.9628E-07 2.1108E-07 2.2216E-07 3.6095E-05 2.3102E-07 2.2822E-07 2.2096E-07 2.0981E-07 1.9558E-07 1.7928E-07 1.6185E-07 1.4419E-07 1.2708E-07 1.1109E-07 9.6635E-08 8.3935E-08 7.3053E-08 6.3934E-08 5.6445E-08 5.0396E-08 4.5296E-08 4.1021E-08 3.7821E-08 3.5856E-08 3.4002E-08 3.2366E-08 3.1274E-08 3.0400E-08 2.9554E-08 2.8981E-08 2.8530E-08 2.8040E-08 2.7508E-08 2.6961E-08 2.6392E-08 2.5798E-08 2.5131E-08 2.4484E-08
8.8792E-09 9.5687E-09 1.0555E-08 1.1816E-08 1.4174E-08 1.7287E-08 2.1010E-08 2.5545E-08 3.1389E-08 3.8837E-08 4.8152E-08 5.9502E-08 7.2978E-08 8.8517E-08 1.0592E-07 1.2481E-07 1.4458E-07 1.6447E-07 1.8364E-07 2.7950E-07 5.8382E-07 2.8343E-06 1.4763E-05 2.3749E-07 2.3545E-07 2.2913E-07 2.1891E-07 2.0557E-07 1.8994E-07 1.7293E-07 1.5539E-07 1.3809E-07 1.2165E-07 1.0652E-07 9.2993E-08 8.1195E-08 7.1140E-08 6.2746E-08 5.5866E-08 5.0315E-08 4.5638E-08 4.1760E-08 3.8876E-08 3.6846E-08 3.5111E-08 3.3561E-08 3.2474E-08 3.1523E-08 3.0771E-08 3.0194E-08 2.9662E-08 2.9089E-08 2.8472E-08 2.7845E-08 2.7200E-08 2.6533E-08 2.5844E-08
9.2773E-09 1.0080E-08 1.1217E-08 1.3186E-08 1.5875E-08 1.9063E-08 2.2896E-08 2.7829E-08 3.4155E-08 4.2133E-08 5.1955E-08 6.3774E-08 7.7623E-08 9.3453E-08 1.1105E-07 1.3003E-07 1.4980E-07 1.6970E-07 1.8889E-07 6.6626E-07 4.7229E-06 5.3724E-06 9.2007E-06 2.5026E-07 2.4330E-07 2.3783E-07 2.2848E-07 2.1589E-07 2.0085E-07 1.8417E-07 1.6671E-07 1.4922E-07 1.3234E-07 1.1656E-07 1.0224E-07 8.9564E-08 7.8601E-08 6.9321E-08 6.1616E-08 5.5322E-08 5.0257E-08 4.5998E-08 4.2033E-08 3.9780E-08 3.7829E-08 3.6226E-08 3.4771E-08 3.3571E-08 3.2735E-08 3.1967E-08 3.1346E-08 3.0728E-08 3.0068E-08 2.9361E-08 2.8656E-08 2.7934E-08 2.7193E-08
9.7055E-09 1.0592E-08 1.1885E-08 1.4589E-08 1.7355E-08 2.0581E-08 2.4723E-08 3.0065E-08 3.6831E-08 4.5252E-08 5.5509E-08 6.7697E-08 8.1878E-08 9.7980E-08 1.1577E-07 1.3486E-07 1.5482E-07 1.7478E-07 1.9399E-07 7.4057E-07 4.1538E-06 4.5533E-06 6.1750E-06 2.6852E-07 2.5121E-07 2.4657E-07 2.3799E-07 2.2607E-07 2.1152E-07 1.9515E-07 1.7776E-07 1.6010E-07 1.4283E-07 1.2648E-07 1.1144E-07 9.7949E-08 8.6143E-08 7.6031E-08 6.7535E-08 6.0523E-08 5.4820E-08 5.0237E-08 4.6402E-08 4.2923E-08 4.0611E-08 3.8876E-08 3.7264E-08 3.5861E-08 3.4736E-08 3.3883E-08 3.3130E-08 3.2416E-08 3.1707E-08 3.0958E-08 3.0163E-08 2.9380E-08 2.8581E-08
1.0144E-08 1.1143E-08 1.3462E-08 1.5806E-08 1.8575E-08 2.2043E-08 2.6499E-08 3.2183E-08 3.9328E-08 4.8119E-08 5.8699E-08 7.1200E-08 8.5663E-08 1.0199E-07 1.1996E-07 1.3930E-07 1.5932E-07 1.7944E-07 1.9875E-07 7.8192E-07 3.7088E-06 4.1661E-06 4.5805E-06 2.9244E-07 2.5879E-07 2.5498E-07 2.4709E-07 2.3578E-07 2.2169E-07 2.0562E-07 1.8831E-07 1.7054E-07 1.5294E-07 1.3609E-07 1.2041E-07 1.0621E-07 9.3638E-08 8.2760E-08 7.3530E-08 6.5839E-08 5.9526E-08 5.4410E-08 5.0307E-08 4.6672E-08 4.3559E-08 4.1532E-08 3.9792E-08 3.8268E-08 3.6995E-08 3.5846E-08 3.4988E-08 3.4187E-08 3.3390E-08 3.2587E-08 3.1736E-08 3.0868E-08 3.0007E-08
1.0583E-08 1.1733E-08 1.4194E-08 1.6822E-08 1.9743E-08 2.3430E-08 2.8163E-08 3.4156E-08 4.1588E-08 5.0649E-08 6.1489E-08 7.4243E-08 8.8923E-08 1.0543E-07 1.2367E-07 1.4314E-07 1.6327E-07 1.8343E-07 2.0379E-07 8.0778E-07 3.3293E-06 3.7589E-06 3.4719E-06 3.6184E-07 2.6576E-07 2.6270E-07 2.5552E-07 2.4476E-07 2.3116E-07 2.1537E-07 1.9821E-07 1.8034E-07 1.6250E-07 1.4523E-07 1.2902E-07 1.1420E-07 1.0096E-07 8.9407E-08 7.9514E-08 7.1196E-08 6.4309E-08 5.8681E-08 5.4132E-08 5.0256E-08 4.6672E-08 4.4320E-08 4.2354E-08 4.0672E-08 3.9313E-08 3.8022E-08 3.6900E-08 3.6045E-08 3.5130E-08 3.4251E-08 3.3356E-08 3.2408E-08 3.1468E-08
1.1070E-08 1.3088E-08 1.5023E-08 1.7783E-08 2.0850E-08 2.4745E-08 2.9709E-08 3.5917E-08 4.3574E-08 5.2824E-08 6.3867E-08 7.6799E-08 9.1630E-08 1.0839E-07 1.2674E-07 1.4625E-07 1.6644E-07 1.8673E-07 2.0979E-07 8.2022E-07 3.0324E-06 3.5158E-06 2.8323E-06 4.1656E-07 2.7275E-07 2.6951E-07 2.6301E-07 2.5284E-07 2.3967E-07 2.2423E-07 2.0721E-07 1.8935E-07 1.7133E-07 1.5376E-07 1.3713E-07 1.2180E-07 1.0800E-07 9.5861E-08 8.5388E-08 7.6511E-08 6.9101E-08 6.2997E-08 5.8020E-08 5.3758E-08 5.0340E-08 4.7229E-08 4.4961E-08 4.3107E-08 4.1650E-08 4.0276E-08 3.9015E-08 3.7899E-08 3.6922E-08 3.5952E-08 3.4984E-08 3.3984E-08 3.2963E-08
1.2027E-08 1.3575E-08 1.5814E-08 1.8664E-08 2.1883E-08 2.5958E-08 3.1085E-08 3.7465E-08 4.5245E-08 5.4641E-08 6.5813E-08 7.8850E-08 9.3887E-08 1.1072E-07 1.2907E-07 1.4859E-07 1.6883E-07 1.8920E-07 2.2153E-07 8.5165E-07 2.8049E-06 3.2800E-06 2.2343E-06 4.6445E-07 2.8534E-07 2.7537E-07 2.6930E-07 2.5972E-07 2.4706E-07 2.3197E-07 2.1516E-07 1.9737E-07 1.7929E-07 1.6152E-07 1.4459E-07 1.2888E-07 1.1465E-07 1.0203E-07 9.1068E-08 8.1706E-08 7.3835E-08 6.7298E-08 6.1927E-08 5.7303E-08 5.3562E-08 5.0491E-08 4.7731E-08 4.5656E-08 4.4017E-08 4.2527E-08 4.1185E-08 3.9886E-08 3.8763E-08 3.7690E-08 3.6634E-08 3.5578E-08 3.4484E-08
1.2597E-08 1.4226E-08 1.6541E-08 1.9497E-08 2.2836E-08 2.7035E-08 3.2289E-08 3.8754E-08 4.6619E-08 5.6094E-08 6.7322E-08 8.0514E-08 9.5575E-08 1.1236E-07 1.3064E-07 1.5014E-07 1.7038E-07 1.9142E-07 2.4752E-07 8.7348E-07 2.4705E-06 2.8421E-06 1.4642E-06 4.4730E-07 3.0059E-07 2.8071E-07 2.7425E-07 2.6529E-07 2.5312E-07 2.3843E-07 2.2192E-07 2.0430E-07 1.8627E-07 1.6844E-07 1.5135E-07 1.3538E-07 1.2083E-07 1.0785E-07 9.6491E-08 8.6728E-08 7.8457E-08 7.1538E-08 6.5482E-08 6.0857E-08 5.6816E-08 5.3511E-08 5.0534E-08 4.8226E-08 4.6365E-08 4.4791E-08 4.3330E-08 4.1967E-08 4.0680E-08 3.9468E-08 3.8314E-08 3.7172E-08 3.6028E-08
1.2980E-08 1.4824E-08 1.7208E-08 2.0250E-08 2.3713E-08 2.7988E-08 3.3303E-08 3.9807E-08 4.7711E-08 5.7201E-08 6.8480E-08 8.1708E-08 9.6665E-08 1.1331E-07 1.3150E-07 1.5090E-07 1.7104E-07 1.9316E-07 2.6147E-07 7.0263E-07 1.6260E-06 1.8416E-06 8.4047E-07 4.0695E-07 3.0636E-07 2.8429E-07 2.7755E-07 2.6930E-07 2.5767E-07 2.4345E-07 2.2731E-07 2.0998E-07 1.9213E-07 1.7439E-07 1.5727E-07 1.4119E-07 1.2645E-07 1.1322E-07 1.0158E-07 9.1507E-08 8.2912E-08 7.5670E-08 6.9305E-08 6.4383E-08 6.0070E-08 5.6553E-08 5.3462E-08 5.0834E-08 4.8775E-08 4.7039E-08 4.5479E-08 4.4053E-08 4.2635E-08 4.1322E-08 4.0026E-08 3.8785E-08 3.7565E-08
1.3497E-08 1.5390E-08 1.7855E-08 2.0547E-08 2.4458E-08 2.8792E-08 3.4108E-08 4.0606E-08 4.8487E-08 5.7924E-08 6.9304E-08 8.2318E-08 9.7076E-08 1.1355E-07 1.3154E-07 1.5072E-07 1.7067E-07 1.9190E-07 2.4126E-07 4.1582E-07 7.4869E-07 7.8163E-07 4.9155E-07 3.4732E-07 2.9814E-07 2.8473E-07 2.7911E-07 2.7151E-07 2.6053E-07 2.4685E-07 2.3123E-07 2.1431E-07 1.9678E-07 1.7926E-07 1.6227E-07 1.4622E-07 1.3143E-07 1.1808E-07 1.0626E-07 9.5974E-08 8.7134E-08 7.9634E-08 7.3028E-08 6.7552E-08 6.3301E-08 5.9533E-08 5.6329E-08 5.3467E-08 5.1249E-08 4.9305E-08 4.7620E-08 4.6092E-08 4.4606E-08 4.3170E-08 4.1754E-08 4.0413E-08 3.9098E-08
1.3998E-08 1.5882E-08 1.8423E-08 2.1141E-08 2.5021E-08 2.9401E-08 3.4690E-08 4.1139E-08 4.8945E-08 5.8458E-08 6.9598E-08 8.2381E-08 9.6923E-08 1.1314E-07 1.3085E-07 1.4975E-07 1.6940E-07 1.8928E-07 2.1305E-07 2.5769E-07 3.1919E-07 3.4270E-07 3.2200E-07 2.9893E-07 2.8703E-07 2.8290E-07 2.7896E-07 2.7203E-07 2.6172E-07 2.4869E-07 2.3365E-07 2.1726E-07 2.0019E-07 1.8302E-07 1.6629E-07 1.5042E-07 1.3572E-07 1.2237E-07 1.1049E-07 1.0008E-07 9.1080E-08 8.3029E-08 7.6624E-08 7.0920E-08 6.6480E-08 6.2501E-08 5.9105E-08 5.6150E-08 5.3710E-08 5.1616E-08 4.9767E-08 4.8113E-08 4.6526E-08 4.5022E-08 4.3526E-08 4.2041E-08 4.0622E-08
1.4458E-08 1.6345E-08 1.8606E-08 2.1670E-08 2.5468E-08 2.9797E-08 3.5068E-08 4.1423E-08 4.9096E-08 5.8576E-08 6.9397E-08 8.1913E-08 9.6136E-08 1.1199E-07 1.2930E-07 1.4777E-07 1.6699E-07 1.8644E-07 2.0554E-07 2.2432E-07 2.4325E-07 2.6086E-07 2.7286E-07 2.7738E-07 2.7938E-07 2.7951E-07 2.7683E-07 2.7059E-07 2.6107E-07 2.4878E-07 2.3444E-07 2.1873E-07 2.0226E-07 1.8561E-07 1.6931E-07 1.5376E-07 1.3929E-07 1.2608E-07 1.1425E-07 1.0381E-07 9.4732E-08 8.6608E-08 8.0042E-08 7.4205E-08 6.9339E-08 6.5423E-08 6.1866E-08 5.8783E-08 5.6189E-08 5.3904E-08 5.1932E-08 5.0145E-08 4.8436E-08 4.6825E-08 4.5236E-08 4.3663E-08 4.2159E-08
1.4830E-08 1.6774E-08 1.9025E-08 2.2077E-08 2.5491E-08 3.0014E-08 3.5216E-08 4.1467E-08 4.9269E-08 5.8252E-08 6.8794E-08 8.0973E-08 9.4802E-08 1.1021E-07 1.2702E-07 1.4497E-07 1.6365E-07 1.8258E-07 2.0119E-07 2.1888E-07 2.3501E-07 2.4899E-07 2.6074E-07 2.6883E-07 2.7348E-07 2.7499E-07 2.7296E-07 2.6743E-07 2.5871E-07 2.4726E-07 2.3374E-07 2.1880E-07 2.0305E-07 1.8707E-07 1.7133E-07 1.5625E-07 1.4213E-07 1.2916E-07 1.1748E-07 1.0713E-07 9.7690E-08 8.9928E-08 8.2945E-08 7.7353E-08 7.2317E-08 6.8245E-08 6.4529E-08 6.1343E-08 5.8650E-08 5.6224E-08 5.4085E-08 5.2157E-08 5.0327E-08 4.8603E-08 4.6918E-08 4.5264E-08 4.3657E-08
1.5197E-08 1.6903E-08 1.9387E-08 2.2391E-08 2.5753E-08 2.9773E-08 3.5174E-08 4.1439E-08 4.8907E-08 5.7609E-08 6.7804E-08 7.9565E-08 9.2906E-08 1.0776E-07 1.2396E-07 1.4125E-07 1.5927E-07 1.7756E-07 1.9557E-07 2.1274E-07 2.2848E-07 2.4222E-07 2.5344E-07 2.6174E-07 2.6690E-07 2.6877E-07 2.6730E-07 2.6251E-07 2.5463E-07 2.4409E-07 2.3150E-07 2.1747E-07 2.0260E-07 1.8740E-07 1.7238E-07 1.5787E-07 1.4421E-07 1.3162E-07 1.2020E-07 1.1001E-07 1.0071E-07 9.2953E-08 8.5983E-08 8.0329E-08 7.5193E-08 7.0992E-08 6.7133E-08 6.3853E-08 6.1039E-08 5.8465E-08 5.6199E-08 5.4145E-08 5.2210E-08 5.0354E-08 4.8568E-08 4.6842E-08 4.5119E-08
1.5549E-08 1.7240E-08 1.9652E-08 2.2375E-08 2.5872E-08 2.9845E-08 3.4971E-08 4.1177E-08 4.8312E-08 5.6696E-08 6.6493E-08 7.7780E-08 9.0568E-08 1.0479E-07 1.2031E-07 1.3687E-07 1.5414E-07 1.7169E-07 1.8902E-07 2.0560E-07 2.2087E-07 2.3428E-07 2.4534E-07 2.5365E-07 2.5896E-07 2.6115E-07 2.6020E-07 2.5614E-07 2.4912E-07 2.3955E-07 2.2794E-07 2.1491E-07 2.0100E-07 1.8669E-07 1.7244E-07 1.5863E-07 1.4555E-07 1.3341E-07 1.2235E-07 1.1208E-07 1.0333E-07 9.5336E-08 8.8761E-08 8.2789E-08 7.7925E-08 7.3408E-08 6.9657E-08 6.6256E-08 6.3363E-08 6.0723E-08 5.8304E-08 5.6102E-08 5.4051E-08 5.2083E-08 5.0190E-08 4.8364E-08 4.6561E-08
1.5647E-08 1.7536E-08 1.9854E-08 2.2552E-08 2.5629E-08 2.9775E-08 3.4647E-08 4.0652E-08 4.7475E-08 5.5549E-08 6.4898E-08 7.5650E-08 8.7819E-08 1.0134E-07 1.1609E-07 1.3184E-07 1.4826E-07 1.6498E-07 1.8153E-07 1.9743E-07 2.1214E-07 2.2515E-07 2.3597E-07 2.4421E-07 2.4966E-07 2.5218E-07 2.5173E-07 2.4837E-07 2.4223E-07 2.3366E-07 2.2314E-07 2.1114E-07 1.9826E-07 1.8494E-07 1.7157E-07 1.5853E-07 1.4611E-07 1.3454E-07 1.2358E-07 1.1404E-07 1.0549E-07 9.7717E-08 9.1226E-08 8.5292E-08 8.0408E-08 7.5825E-08 7.2045E-08 6.8530E-08 6.5584E-08 6.2850E-08 6.0326E-08 5.8000E-08 5.5839E-08 5.3762E-08 5.1770E-08 4.9849E-08 4.7954E-08
1.5927E-08 1.7776E-08 1.9823E-08 2.2606E-08 2.5677E-08 2.9697E-08 3.4331E-08 3.9690E-08 4.6504E-08 5.4181E-08 6.3093E-08 7.3276E-08 8.4785E-08 9.7568E-08 1.1150E-07 1.2637E-07 1.4191E-07 1.5775E-07 1.7348E-07 1.8862E-07 2.0269E-07 2.1523E-07 2.2574E-07 2.3389E-07 2.3941E-07 2.4221E-07 2.4225E-07 2.3957E-07 2.3431E-07 2.2670E-07 2.1721E-07 2.0636E-07 1.9454E-07 1.8221E-07 1.6980E-07 1.5762E-07 1.4595E-07 1.3465E-07 1.2462E-07 1.1545E-07 1.0691E-07 9.9698E-08 9.3306E-08 8.7526E-08 8.2595E-08 7.8077E-08 7.4086E-08 7.0676E-08 6.7658E-08 6.4859E-08 6.2198E-08 5.9805E-08 5.7546E-08 5.5371E-08 5.3283E-08 5.1272E-08 4.9291E-08
1.6190E-08 1.7967E-08 1.9977E-08 2.2347E-08 2.5759E-08 2.9361E-08 3.3927E-08 3.9031E-08 4.5104E-08 5.2660E-08 6.1088E-08 7.0694E-08 8.1506E-08 9.3504E-08 1.0658E-07 1.2054E-07 1.3513E-07 1.5004E-07 1.6488E-07 1.7921E-07 1.9260E-07 2.0457E-07 2.1473E-07 2.2274E-07 2.2832E-07 2.3138E-07 2.3187E-07 2.2980E-07 2.2536E-07 2.1877E-07 2.1037E-07 2.0057E-07 1.8986E-07 1.7863E-07 1.6720E-07 1.5593E-07 1.4472E-07 1.3453E-07 1.2504E-07 1.1600E-07 1.0820E-07 1.0122E-07 9.4804E-08 8.9390E-08 8.4268E-08 8.0063E-08 7.6051E-08 7.2626E-08 6.9520E-08 6.6699E-08 6.3971E-08 6.1495E-08 5.9144E-08 5.6881E-08 5.4728E-08 5.2615E-08 5.0555E-08
1.6409E-08 1.7959E-08 2.0052E-08 2.2508E-08 2.5685E-08 2.9156E-08 3.3145E-08 3.8287E-08 4.4020E-08 5.0756E-08 5.8954E-08 6.7983E-08 7.8098E-08 8.9300E-08 1.0150E-07 1.1454E-07 1.2818E-07 1.4213E-07 1.5605E-07 1.6955E-07 1.8220E-07 1.9360E-07 2.0336E-07 2.1115E-07 2.1676E-07 2.1999E-07 2.2087E-07 2.1944E-07 2.1577E-07 2.1009E-07 2.0273E-07 1.9406E-07 1.8443E-07 1.7426E-07 1.6386E-07 1.5320E-07 1.4324E-07 1.3376E-07 1.2486E-07 1.1639E-07 1.0898E-07 1.0205E-07 9.6206E-08 9.0920E-08 8.6109E-08 8.2045E-08 7.8294E-08 7.5144E-08 7.2272E-08 6.9754E-08 6.7335E-08 6.5078E-08 6.2959E-08 6.0840E-08 5.8744E-08 5.6610E-08 5.4465E-08
