Assets/Resources/2015_m01_d25_1200(utc+0800)_l00_csi_1hr_conc.grd
DSAA
         159         159
     -79.000      79.000
     -79.000      79.000
  0.0000E+00  0.3058E-05
[rows 0 to 24 of 159, columns 57 to 113 of 159]
0.0000E+00 0.0000E+00 0.0000E+00 0.0000E+00 0.0000E+00 0.0000E+00 0.0000E+00 0.0000E+00 3.8564E-12 8.8069E-12 2.5260E-11 4.0081E-11 6.0825E-11 8.3299E-11 1.0483E-10 1.3545E-10 1.7082E-10 2.0846E-10 2.5179E-10 2.9871E-10 3.6041E-10 4.2430E-10 5.0619E-10 5.9061E-10 6.8913E-10 7.9717E-10 9.1978E-10 1.0590E-09 1.2065E-09 1.3721E-09 1.5500E-09 1.7430E-09 1.9476E-09 2.1619E-09 2.3903E-09 2.6267E-09 2.8717E-09 3.1181E-09 3.3724E-09 3.6222E-09 3.8681E-09 4.1065E-09 4.3337E-09 4.5476E-09 4.7440E-09 4.9193E-09 5.0706E-09 5.1941E-09 5.2901E-09 5.3549E-09 5.3870E-09 5.3860E-09 5.3505E-09 5.2830E-09 5.1834E-09 5.0533E-09 4.8951E-09
0.0000E+00 0.0000E+00 0.0000E+00 0.0000E+00 0.0000E+00 0.0000E+00 0.0000E+00 0.0000E+00 3.7114E-12 8.5299E-12 2.4812E-11 3.9500E-11 6.0488E-11 8.3421E-11 1.0533E-10 1.3680E-10 1.7328E-10 2.1203E-10 2.5672E-10 3.0493E-10 3.6866E-10 4.3471E-10 5.1973E-10 6.0728E-10 7.1012E-10 8.2551E-10 9.5769E-10 1.0994E-09 1.2616E-09 1.4331E-09 1.6228E-09 1.8272E-09 2.0442E-09 2.2786E-09 2.5245E-09 2.7769E-09 3.0421E-09 3.3113E-09 3.5815E-09 3.8522E-09 4.1194E-09 4.3794E-09 4.6315E-09 4.8662E-09 5.0822E-09 5.2756E-09 5.4429E-09 5.5810E-09 5.6863E-09 5.7586E-09 5.7951E-09 5.7949E-09 5.7578E-09 5.6833E-09 5.5748E-09 5.4314E-09 5.2574E-09
0.0000E+00 0.0000E+00 0.0000E+00 0.0000E+00 0.0000E+00 0.0000E+00 0.0000E+00 0.0000E+00 3.5504E-12 8.2136E-12 2.4127E-11 3.8720E-11 5.9592E-11 8.2848E-11 1.0500E-10 1.3713E-10 1.7435E-10 2.1423E-10 2.6003E-10 3.0921E-10 3.7459E-10 4.4196E-10 5.3005E-10 6.2033E-10 7.3064E-10 8.4892E-10 9.8715E-10 1.1424E-09 1.3067E-09 1.4932E-09 1.6938E-09 1.9145E-09 2.1488E-09 2.3950E-09 2.6602E-09 2.9325E-09 3.2144E-09 3.5032E-09 3.7995E-09 4.0957E-09 4.3862E-09 4.6691E-09 4.9406E-09 5.1955E-09 5.4306E-09 5.6411E-09 5.8238E-09 5.9745E-09 6.0886E-09 6.1673E-09 6.2071E-09 6.2070E-09 6.1667E-09 6.0859E-09 5.9681E-09 5.8141E-09 5.6266E-09
0.0000E+00 0.0000E+00 0.0000E+00 0.0000E+00 0.0000E+00 0.0000E+00 0.0000E+00 0.0000E+00 3.3751E-12 7.8609E-12 2.3150E-11 3.7431E-11 5.7588E-11 8.1009E-11 1.0313E-10 1.3562E-10 1.7341E-10 2.1384E-10 2.6043E-10 3.1029E-10 3.7700E-10 4.4573E-10 5.3637E-10 6.3350E-10 7.4420E-10 8.6903E-10 1.0195E-09 1.1752E-09 1.3558E-09 1.5492E-09 1.7632E-09 1.9948E-09 2.2439E-09 2.5100E-09 2.7881E-09 3.0819E-09 3.3886E-09 3.6988E-09 4.0139E-09 4.3302E-09 4.6433E-09 4.9486E-09 5.2417E-09 5.5165E-09 5.7711E-09 6.0004E-09 6.1988E-09 6.3628E-09 6.4892E-09 6.5746E-09 6.6201E-09 6.6215E-09 6.5792E-09 6.4939E-09 6.3660E-09 6.2005E-09 5.9986E-09
0.0000E+00 0.0000E+00 0.0000E+00 0.0000E+00 0.0000E+00 0.0000E+00 0.0000E+00 0.0000E+00 3.1874E-12 7.4754E-12 1.7078E-11 3.5748E-11 4.8601E-11 7.8261E-11 1.0025E-10 1.3298E-10 1.7125E-10 2.1193E-10 2.5942E-10 3.0989E-10 3.7784E-10 4.4780E-10 5.4036E-10 6.4074E-10 7.5847E-10 8.9217E-10 1.0420E-09 1.2120E-09 1.3962E-09 1.6031E-09 1.8284E-09 2.0742E-09 2.3352E-09 2.6169E-09 2.9194E-09 3.2310E-09 3.5550E-09 3.8907E-09 4.2297E-09 4.5697E-09 4.9072E-09 5.2370E-09 5.5542E-09 5.8534E-09 6.1287E-09 6.3766E-09 6.5925E-09 6.7708E-09 6.9098E-09 7.0029E-09 7.0522E-09 7.0545E-09 7.0094E-09 6.9192E-09 6.7829E-09 6.6040E-09 6.3855E-09
0.0000E+00 0.0000E+00 0.0000E+00 0.0000E+00 0.0000E+00 0.0000E+00 0.0000E+00 0.0000E+00 0.0000E+00 7.0616E-12 1.2425E-11 3.4174E-11 4.6605E-11 7.5458E-11 9.7358E-11 1.3033E-10 1.6898E-10 2.0993E-10 2.5793E-10 3.0858E-10 3.6741E-10 4.4783E-10 5.4203E-10 6.4936E-10 7.6721E-10 9.0601E-10 1.0684E-09 1.2403E-09 1.4381E-09 1.6520E-09 1.8895E-09 2.1465E-09 2.4254E-09 2.7257E-09 3.0410E-09 3.3755E-09 3.7215E-09 4.0781E-09 4.4416E-09 4.8071E-09 5.1704E-09 5.5260E-09 5.8683E-09 6.1913E-09 6.4892E-09 6.7583E-09 6.9921E-09 7.1860E-09 7.3358E-09 7.4396E-09 7.4931E-09 7.4955E-09 7.4494E-09 7.3509E-09 7.2035E-09 7.0101E-09 6.7744E-09
0.0000E+00 0.0000E+00 0.0000E+00 0.0000E+00 0.0000E+00 0.0000E+00 0.0000E+00 0.0000E+00 0.0000E+00 6.6242E-12 1.1738E-11 2.4093E-11 4.4453E-11 7.2448E-11 9.4179E-11 1.2675E-10 1.6545E-10 2.0640E-10 2.5435E-10 3.0517E-10 3.6402E-10 4.4504E-10 5.4035E-10 6.4987E-10 7.7373E-10 9.2347E-10 1.0860E-09 1.2712E-09 1.4712E-09 1.6976E-09 1.9470E-09 2.2198E-09 2.5116E-09 2.8282E-09 3.1651E-09 3.5183E-09 3.8872E-09 4.2683E-09 4.6575E-09 5.0500E-09 5.4399E-09 5.8229E-09 6.1922E-09 6.5414E-09 6.8645E-09 7.1552E-09 7.4077E-09 7.6185E-09 7.7810E-09 7.8924E-09 7.9500E-09 7.9524E-09 7.8993E-09 7.7935E-09 7.6337E-09 7.4269E-09 7.1727E-09
0.0000E+00 0.0000E+00 0.0000E+00 0.0000E+00 0.0000E+00 0.0000E+00 0.0000E+00 0.0000E+00 0.0000E+00 0.0000E+00 1.1011E-11 2.2887E-11 4.2080E-11 6.9045E-11 9.0136E-11 1.2215E-10 1.6078E-10 2.0145E-10 2.4924E-10 2.9964E-10 3.5812E-10 4.3927E-10 5.2697E-10 6.5158E-10 7.7542E-10 9.2907E-10 1.1076E-09 1.2912E-09 1.5045E-09 1.7390E-09 2.0006E-09 2.2877E-09 2.5954E-09 2.9272E-09 3.2843E-09 3.6595E-09 4.0522E-09 4.4589E-09 4.8752E-09 5.2959E-09 5.7153E-09 6.1270E-09 6.5246E-09 6.9010E-09 7.2495E-09 7.5632E-09 7.8361E-09 8.0623E-09 8.2370E-09 8.3564E-09 8.4172E-09 8.4215E-09 8.3638E-09 8.2472E-09 8.0749E-09 7.8493E-09 7.5758E-09
0.0000E+00 0.0000E+00 0.0000E+00 0.0000E+00 0.0000E+00 0.0000E+00 0.0000E+00 0.0000E+00 0.0000E+00 0.0000E+00 0.0000E+00 2.1596E-11 2.6457E-11 6.5340E-11 8.5672E-11 1.1704E-10 1.5496E-10 1.9509E-10 2.4244E-10 2.9187E-10 3.4989E-10 4.3065E-10 5.1855E-10 6.4533E-10 7.8113E-10 9.4252E-10 1.1161E-09 1.3125E-09 1.5305E-09 1.7781E-09 2.0509E-09 2.3470E-09 2.6730E-09 3.0250E-09 3.4001E-09 3.7980E-09 4.2155E-09 4.6487E-09 5.0931E-09 5.5429E-09 5.9920E-09 6.4336E-09 6.8604E-09 7.2649E-09 7.6396E-09 7.9772E-09 8.2709E-09 8.5143E-09 8.7021E-09 8.8302E-09 8.8975E-09 8.8986E-09 8.8347E-09 8.7072E-09 8.5215E-09 8.2771E-09 7.9804E-09
0.0000E+00 0.0000E+00 0.0000E+00 0.0000E+00 0.0000E+00 0.0000E+00 0.0000E+00 0.0000E+00 0.0000E+00 0.0000E+00 0.0000E+00 2.0237E-11 2.4853E-11 6.1384E-11 8.0848E-11 1.1103E-10 1.4804E-10 1.8745E-10 2.3403E-10 2.8235E-10 3.3923E-10 4.1907E-10 5.1277E-10 6.4013E-10 7.7657E-10 9.4360E-10 1.1271E-09 1.3266E-09 1.5594E-09 1.8110E-09 2.0917E-09 2.4063E-09 2.7460E-09 3.1144E-09 3.5130E-09 3.9341E-09 4.3771E-09 4.8377E-09 5.3110E-09 5.7909E-09 6.2707E-09 6.7431E-09 7.2001E-09 7.6336E-09 8.0354E-09 8.3993E-09 8.7144E-09 8.9753E-09 9.1764E-09 9.3130E-09 9.3819E-09 9.3814E-09 9.3113E-09 9.1730E-09 8.9693E-09 8.7045E-09 8.3841E-09
0.0000E+00 0.0000E+00 0.0000E+00 0.0000E+00 0.0000E+00 0.0000E+00 0.0000E+00 0.0000E+00 0.0000E+00 0.0000E+00 0.0000E+00 4.8339E-12 2.3180E-11 3.9294E-11 7.5732E-11 1.0456E-10 1.4056E-10 1.7857E-10 2.2409E-10 2.7098E-10 3.2611E-10 4.1109E-10 4.9842E-10 6.3141E-10 7.7542E-10 9.4679E-10 1.1278E-09 1.3404E-09 1.5747E-09 1.8408E-09 2.1332E-09 2.4568E-09 2.8154E-09 3.2048E-09 3.6220E-09 4.0666E-09 4.5353E-09 5.0237E-09 5.5264E-09 6.0369E-09 6.5491E-09 7.0535E-09 7.5415E-09 8.0046E-09 8.4340E-09 8.8210E-09 9.1573E-09 9.4356E-09 9.6497E-09 9.7945E-09 9.8666E-09 9.8641E-09 9.7869E-09 9.6365E-09 9.4163E-09 9.1307E-09 8.7853E-09
0.0000E+00 0.0000E+00 0.0000E+00 0.0000E+00 0.0000E+00 0.0000E+00 0.0000E+00 0.0000E+00 0.0000E+00 0.0000E+00 0.0000E+00 4.5711E-12 2.1461E-11 3.6619E-11 4.9910E-11 9.7728E-11 1.3212E-10 1.6853E-10 2.1278E-10 2.5793E-10 3.1114E-10 3.9443E-10 4.8716E-10 6.2404E-10 7.7659E-10 9.4670E-10 1.1355E-09 1.3485E-09 1.5919E-09 1.8624E-09 2.1683E-09 2.5084E-09 2.8806E-09 3.2861E-09 3.7273E-09 4.1957E-09 4.6916E-09 5.2083E-09 5.7410E-09 6.2829E-09 6.8260E-09 7.3618E-09 7.8810E-09 8.3740E-09 8.8311E-09 9.2430E-09 9.6006E-09 9.8962E-09 1.0123E-08 1.0275E-08 1.0350E-08 1.0344E-08 1.0259E-08 1.0095E-08 9.8572E-09 9.5492E-09 9.1784E-09
0.0000E+00 0.0000E+00 0.0000E+00 0.0000E+00 0.0000E+00 0.0000E+00 0.0000E+00 0.0000E+00 0.0000E+00 0.0000E+00 0.0000E+00 4.2984E-12 5.3113E-12 3.3874E-11 4.6382E-11 9.0625E-11 1.2325E-10 1.5785E-10 2.0016E-10 2.4334E-10 2.9438E-10 3.8214E-10 4.7379E-10 6.1039E-10 7.6490E-10 9.3673E-10 1.1365E-09 1.3541E-09 1.6004E-09 1.8849E-09 2.2000E-09 2.5544E-09 2.9425E-09 3.3672E-09 3.8265E-09 4.3182E-09 4.8389E-09 5.3836E-09 5.9461E-09 6.5189E-09 7.0938E-09 7.6615E-09 8.2118E-09 8.7346E-09 9.2193E-09 9.6558E-09 1.0035E-08 1.0347E-08 1.0586E-08 1.0745E-08 1.0821E-08 1.0812E-08 1.0718E-08 1.0540E-08 1.0284E-08 9.9542E-09 9.5588E-09
0.0000E+00 0.0000E+00 0.0000E+00 0.0000E+00 0.0000E+00 0.0000E+00 0.0000E+00 0.0000E+00 0.0000E+00 0.0000E+00 0.0000E+00 4.0194E-12 4.9664E-12 1.1208E-11 4.2779E-11 5.7554E-11 1.1405E-10 1.4668E-10 1.8683E-10 2.2780E-10 2.7638E-10 3.6199E-10 4.5264E-10 5.9880E-10 7.5857E-10 9.3203E-10 1.1293E-09 1.3580E-09 1.6110E-09 1.8991E-09 2.2279E-09 2.5926E-09 2.9966E-09 3.4420E-09 3.9222E-09 4.4379E-09 4.9847E-09 5.5590E-09 6.1515E-09 6.7555E-09 7.3622E-09 7.9616E-09 8.5429E-09 9.0951E-09 9.6068E-09 1.0067E-08 1.0466E-08 1.0794E-08 1.1044E-08 1.1208E-08 1.1283E-08 1.1268E-08 1.1164E-08 1.0971E-08 1.0694E-08 1.0340E-08 9.9179E-09
0.0000E+00 0.0000E+00 0.0000E+00 0.0000E+00 0.0000E+00 0.0000E+00 0.0000E+00 0.0000E+00 0.0000E+00 0.0000E+00 0.0000E+00 3.7374E-12 4.6179E-12 5.6742E-12 3.9149E-11 5.2945E-11 1.0467E-10 1.3518E-10 1.7296E-10 2.1153E-10 2.5741E-10 3.4741E-10 4.3626E-10 5.7608E-10 7.4206E-10 9.1676E-10 1.1251E-09 1.3531E-09 1.6157E-09 1.9128E-09 2.2488E-09 2.6287E-09 3.0479E-09 3.5087E-09 4.0123E-09 4.5511E-09 5.1229E-09 5.7233E-09 6.3449E-09 6.9790E-09 7.6167E-09 8.2459E-09 8.8573E-09 9.4380E-09 9.9759E-09 1.0459E-08 1.0877E-08 1.1220E-08 1.1480E-08 1.1650E-08 1.1725E-08 1.1705E-08 1.1589E-08 1.1379E-08 1.1081E-08 1.0704E-08 1.0254E-08
0.0000E+00 0.0000E+00 0.0000E+00 0.0000E+00 0.0000E+00 0.0000E+00 0.0000E+00 0.0000E+00 0.0000E+00 0.0000E+00 0.0000E+00 0.0000E+00 4.2699E-12 5.2464E-12 1.1813E-11 4.8320E-11 6.4473E-11 1.2355E-10 1.5882E-10 1.9483E-10 2.3781E-10 3.2543E-10 4.1877E-10 5.7808E-10 7.3258E-10 9.0121E-10 1.1162E-09 1.3481E-09 1.6136E-09 1.9211E-09 2.2678E-09 2.6606E-09 3.0948E-09 3.5726E-09 4.0935E-09 4.6546E-09 5.2512E-09 5.8803E-09 6.5302E-09 7.1940E-09 7.8616E-09 8.5215E-09 9.1618E-09 9.7697E-09 1.0331E-08 1.0836E-08 1.1272E-08 1.1628E-08 1.1894E-08 1.2066E-08 1.2140E-08 1.2112E-08 1.1984E-08 1.1758E-08 1.1440E-08 1.1038E-08 1.0559E-08
0.0000E+00 0.0000E+00 0.0000E+00 0.0000E+00 0.0000E+00 0.0000E+00 0.0000E+00 0.0000E+00 0.0000E+00 0.0000E+00 0.0000E+00 0.0000E+00 3.9260E-12 4.8238E-12 1.0809E-11 4.3737E-11 5.8697E-11 7.2077E-11 1.4452E-10 1.7783E-10 2.2428E-10 3.0998E-10 3.9500E-10 5.5839E-10 7.2052E-10 9.0488E-10 1.1058E-09 1.3382E-09 1.6121E-09 1.9266E-09 2.2828E-09 2.6842E-09 3.1328E-09 3.6295E-09 4.1711E-09 4.7533E-09 5.3738E-09 6.0300E-09 6.7068E-09 7.3988E-09 8.0945E-09 8.7827E-09 9.4501E-09 1.0083E-08 1.0669E-08 1.1194E-08 1.1645E-08 1.2012E-08 1.2284E-08 1.2456E-08 1.2525E-08 1.2488E-08 1.2345E-08 1.2100E-08 1.1761E-08 1.1334E-08 1.0831E-08
0.0000E+00 0.0000E+00 0.0000E+00 0.0000E+00 0.0000E+00 0.0000E+00 0.0000E+00 0.0000E+00 0.0000E+00 0.0000E+00 0.0000E+00 0.0000E+00 3.5896E-12 4.4104E-12 9.8313E-12 1.2082E-11 5.2995E-11 6.5245E-11 1.3030E-10 1.6084E-10 2.0435E-10 2.9447E-10 3.7995E-10 5.4869E-10 6.9984E-10 8.8780E-10 1.0948E-09 1.3307E-09 1.6090E-09 1.9278E-09 2.2924E-09 2.7076E-09 3.1696E-09 3.6802E-09 4.2431E-09 4.8472E-09 5.4907E-09 6.1674E-09 6.8715E-09 7.5900E-09 8.3120E-09 9.0258E-09 9.7180E-09 1.0374E-08 1.0979E-08 1.1521E-08 1.1984E-08 1.2360E-08 1.2638E-08 1.2812E-08 1.2876E-08 1.2827E-08 1.2668E-08 1.2404E-08 1.2044E-08 1.1593E-08 1.1064E-08
0.0000E+00 0.0000E+00 0.0000E+00 0.0000E+00 0.0000E+00 0.0000E+00 0.0000E+00 0.0000E+00 0.0000E+00 0.0000E+00 0.0000E+00 0.0000E+00 3.2637E-12 4.0099E-12 8.8893E-12 1.0923E-11 1.3345E-11 5.8555E-11 7.1919E-11 1.4410E-10 1.9152E-10 2.7233E-10 3.6513E-10 5.3673E-10 6.7828E-10 8.7486E-10 1.0829E-09 1.3223E-09 1.6027E-09 1.9303E-09 2.3028E-09 2.7295E-09 3.2045E-09 3.7311E-09 4.3101E-09 4.9331E-09 5.5987E-09 6.3032E-09 7.0301E-09 7.7725E-09 8.5187E-09 9.2549E-09 9.9678E-09 1.0642E-08 1.1265E-08 1.1820E-08 1.2294E-08 1.2675E-08 1.2953E-08 1.3124E-08 1.3182E-08 1.3124E-08 1.2951E-08 1.2670E-08 1.2285E-08 1.1807E-08 1.1250E-08
0.0000E+00 0.0000E+00 0.0000E+00 0.0000E+00 0.0000E+00 0.0000E+00 0.0000E+00 0.0000E+00 0.0000E+00 0.0000E+00 0.0000E+00 0.0000E+00 2.3194E-12 3.6254E-12 6.3186E-12 9.8172E-12 1.1992E-11 5.2085E-11 6.4142E-11 1.3331E-10 1.7950E-10 2.5800E-10 3.7041E-10 5.1494E-10 6.5620E-10 8.6507E-10 1.0688E-09 1.3137E-09 1.5980E-09 1.9308E-09 2.3140E-09 2.7499E-09 3.2364E-09 3.7807E-09 4.3741E-09 5.0160E-09 5.7018E-09 6.4236E-09 7.1734E-09 7.9400E-09 8.7096E-09 9.4680E-09 1.0200E-08 1.0890E-08 1.1524E-08 1.2089E-08 1.2570E-08 1.2953E-08 1.3231E-08 1.3397E-08 1.3443E-08 1.3369E-08 1.3179E-08 1.2876E-08 1.2472E-08 1.1973E-08 1.1392E-08
0.0000E+00 0.0000E+00 0.0000E+00 0.0000E+00 0.0000E+00 0.0000E+00 0.0000E+00 0.0000E+00 0.0000E+00 0.0000E+00 0.0000E+00 0.0000E+00 4.7644E-13 3.2594E-12 3.9822E-12 8.7707E-12 1.0713E-11 1.3009E-11 5.6682E-11 7.5200E-11 1.6134E-10 2.3534E-10 3.6059E-10 5.0450E-10 6.7607E-10 8.4960E-10 1.0579E-09 1.3028E-09 1.5954E-09 1.9356E-09 2.3239E-09 2.7708E-09 3.2697E-09 3.8238E-09 4.4347E-09 5.0939E-09 5.7983E-09 6.5412E-09 7.3130E-09 8.0994E-09 8.8898E-09 9.6680E-09 1.0418E-08 1.1124E-08 1.1769E-08 1.2337E-08 1.2818E-08 1.3197E-08 1.3466E-08 1.3618E-08 1.3650E-08 1.3563E-08 1.3356E-08 1.3033E-08 1.2606E-08 1.2083E-08 1.1482E-08
0.0000E+00 0.0000E+00 0.0000E+00 0.0000E+00 0.0000E+00 0.0000E+00 0.0000E+00 0.0000E+00 0.0000E+00 0.0000E+00 0.0000E+00 0.0000E+00 0.0000E+00 2.2466E-12 3.5601E-12 5.8603E-12 9.5134E-12 1.1551E-11 2.4997E-11 7.2531E-11 1.0515E-10 2.1615E-10 3.4156E-10 4.8429E-10 6.6421E-10 8.3851E-10 1.0456E-09 1.3004E-09 1.5941E-09 1.9415E-09 2.3380E-09 2.7935E-09 3.3026E-09 3.8726E-09 4.4970E-09 5.1722E-09 5.8935E-09 6.6532E-09 7.4409E-09 8.2442E-09 9.0495E-09 9.8418E-09 1.0604E-08 1.1321E-08 1.1974E-08 1.2550E-08 1.3032E-08 1.3408E-08 1.3670E-08 1.3809E-08 1.3823E-08 1.3711E-08 1.3480E-08 1.3136E-08 1.2687E-08 1.2142E-08 1.1519E-08
0.0000E+00 0.0000E+00 0.0000E+00 0.0000E+00 0.0000E+00 0.0000E+00 0.0000E+00 0.0000E+00 0.0000E+00 0.0000E+00 0.0000E+00 0.0000E+00 0.0000E+00 2.6744E-13 3.1651E-12 3.8452E-12 8.1751E-12 1.0196E-11 1.2307E-11 6.4588E-11 1.0386E-10 2.0677E-10 3.3487E-10 4.5728E-10 6.5444E-10 8.2629E-10 1.0432E-09 1.2963E-09 1.5976E-09 1.9500E-09 2.3543E-09 2.8207E-09 3.3416E-09 3.9208E-09 4.5598E-09 5.2494E-09 5.9855E-09 6.7599E-09 7.5620E-09 8.3805E-09 9.1989E-09 1.0002E-08 1.0772E-08 1.1494E-08 1.2150E-08 1.2723E-08 1.3200E-08 1.3570E-08 1.3822E-08 1.3948E-08 1.3948E-08 1.3819E-08 1.3565E-08 1.3196E-08 1.2720E-08 1.2154E-08 1.1508E-08
0.0000E+00 0.0000E+00 0.0000E+00 0.0000E+00 0.0000E+00 0.0000E+00 0.0000E+00 0.0000E+00 0.0000E+00 0.0000E+00 0.0000E+00 0.0000E+00 0.0000E+00 0.0000E+00 1.6259E-12 3.3993E-12 4.6972E-12 8.9468E-12 1.4984E-11 3.0567E-11 9.5787E-11 1.8224E-10 3.3030E-10 4.4493E-10 6.4786E-10 8.2091E-10 1.0426E-09 1.3014E-09 1.6049E-09 1.9652E-09 2.3777E-09 2.8515E-09 3.3830E-09 3.9754E-09 4.6274E-09 5.3296E-09 6.0792E-09 6.8668E-09 7.6812E-09 8.5089E-09 9.3360E-09 1.0146E-08 1.0920E-08 1.1643E-08 1.2297E-08 1.2865E-08 1.3333E-08 1.3688E-08 1.3924E-08 1.4034E-08 1.4013E-08 1.3864E-08 1.3592E-08 1.3204E-08 1.2707E-08 1.2118E-08 1.1453E-08
0.0000E+00 0.0000E+00 0.0000E+00 0.0000E+00 0.0000E+00 0.0000E+00 0.0000E+00 0.0000E+00 0.0000E+00 0.0000E+00 0.0000E+00 0.0000E+00 0.0000E+00 0.0000E+00 0.0000E+00 2.9884E-12 3.6101E-12 6.2295E-12 1.3522E-11 3.5282E-11 1.0004E-10 1.8599E-10 2.7840E-10 4.9120E-10 6.4148E-10 8.2616E-10 1.0471E-09 1.3109E-09 1.6203E-09 1.9864E-09 2.4065E-09 2.8912E-09 3.4333E-09 4.0353E-09 4.6970E-09 5.4141E-09 6.1753E-09 6.9734E-09 7.7973E-09 8.6331E-09 9.4653E-09 1.0277E-08 1.1051E-08 1.1769E-08 1.2413E-08 1.2970E-08 1.3426E-08 1.3766E-08 1.3983E-08 1.4070E-08 1.4025E-08 1.3856E-08 1.3559E-08 1.3148E-08 1.2634E-08 1.2029E-08 1.1347E-08
