Assets/Resources/2015_m01_d30_1500(utc+0800)_l00_csi_1hr_conc.grd
DSAA
         159         159
     -79.000      79.000
     -79.000      79.000
  0.0000E+00  0.3383E-05
[rows 0 to 24 of 159, columns 57 to 113 of 159]
0.0000E+00 0.0000E+00 0.0000E+00 0.0000E+00 0.0000E+00 0.0000E+00 0.0000E+00 0.0000E+00 0.0000E+00 0.0000E+00 0.0000E+00 0.0000E+00 0.0000E+00 0.0000E+00 0.0000E+00 0.0000E+00 0.0000E+00 0.0000E+00 0.0000E+00 0.0000E+00 0.0000E+00 0.0000E+00 0.0000E+00 0.0000E+00 0.0000E+00 0.0000E+00 0.0000E+00 0.0000E+00 1.4911E-13 1.3424E-12 5.5640E-12 1.7270E-11 3.5987E-11 5.7177E-11 8.9260E-11 1.3525E-10 1.7562E-10 2.3016E-10 2.8017E-10 3.4940E-10 4.1502E-10 4.9665E-10 5.8025E-10 6.7137E-10 7.7219E-10 8.8261E-10 1.0025E-09 1.1317E-09 1.2720E-09 1.4242E-09 1.5889E-09 1.7661E-09 1.9554E-09 2.1566E-09 2.3696E-09 2.5938E-09 2.8286E-09
0.0000E+00 0.0000E+00 0.0000E+00 0.0000E+00 0.0000E+00 0.0000E+00 0.0000E+00 0.0000E+00 0.0000E+00 0.0000E+00 0.0000E+00 0.0000E+00 0.0000E+00 0.0000E+00 0.0000E+00 0.0000E+00 0.0000E+00 0.0000E+00 0.0000E+00 0.0000E+00 0.0000E+00 0.0000E+00 0.0000E+00 0.0000E+00 0.0000E+00 0.0000E+00 0.0000E+00 0.0000E+00 2.1676E-13 1.3537E-12 6.9835E-12 2.0469E-11 3.8084E-11 6.2857E-11 9.8318E-11 1.4414E-10 1.8906E-10 2.4785E-10 2.9976E-10 3.7386E-10 4.4161E-10 5.2995E-10 6.1888E-10 7.1611E-10 8.2297E-10 9.3984E-10 1.0664E-09 1.2035E-09 1.3535E-09 1.5163E-09 1.6919E-09 1.8806E-09 2.0822E-09 2.2964E-09 2.5228E-09 2.7611E-09 3.0104E-09
0.0000E+00 0.0000E+00 0.0000E+00 0.0000E+00 0.0000E+00 0.0000E+00 0.0000E+00 0.0000E+00 0.0000E+00 0.0000E+00 0.0000E+00 0.0000E+00 0.0000E+00 0.0000E+00 0.0000E+00 0.0000E+00 0.0000E+00 0.0000E+00 0.0000E+00 0.0000E+00 0.0000E+00 0.0000E+00 0.0000E+00 0.0000E+00 0.0000E+00 0.0000E+00 0.0000E+00 0.0000E+00 2.5893E-13 1.3610E-12 9.2416E-12 2.2667E-11 4.1186E-11 7.0398E-11 1.0643E-10 1.5546E-10 2.0378E-10 2.6414E-10 3.2153E-10 3.9873E-10 4.7130E-10 5.6664E-10 6.6051E-10 7.6418E-10 8.7669E-10 1.0001E-09 1.1338E-09 1.2804E-09 1.4402E-09 1.6137E-09 1.8007E-09 2.0011E-09 2.2152E-09 2.4427E-09 2.6831E-09 2.9360E-09 3.2006E-09
0.0000E+00 0.0000E+00 0.0000E+00 0.0000E+00 0.0000E+00 0.0000E+00 0.0000E+00 0.0000E+00 0.0000E+00 0.0000E+00 0.0000E+00 0.0000E+00 0.0000E+00 0.0000E+00 0.0000E+00 0.0000E+00 0.0000E+00 0.0000E+00 0.0000E+00 0.0000E+00 0.0000E+00 0.0000E+00 0.0000E+00 0.0000E+00 0.0000E+00 0.0000E+00 0.0000E+00 0.0000E+00 2.7303E-13 2.1828E-12 1.1883E-11 2.4887E-11 4.6483E-11 7.8089E-11 1.1510E-10 1.6899E-10 2.1839E-10 2.8220E-10 3.4443E-10 4.2493E-10 5.0361E-10 6.0497E-10 7.0395E-10 8.1407E-10 9.3325E-10 1.0640E-09 1.2064E-09 1.3627E-09 1.5330E-09 1.7173E-09 1.9160E-09 2.1293E-09 2.3568E-09 2.5982E-09 2.8533E-09 3.1212E-09 3.4010E-09
0.0000E+00 0.0000E+00 0.0000E+00 0.0000E+00 0.0000E+00 0.0000E+00 0.0000E+00 0.0000E+00 0.0000E+00 0.0000E+00 0.0000E+00 0.0000E+00 0.0000E+00 0.0000E+00 0.0000E+00 0.0000E+00 0.0000E+00 0.0000E+00 0.0000E+00 0.0000E+00 0.0000E+00 0.0000E+00 0.0000E+00 0.0000E+00 0.0000E+00 0.0000E+00 0.0000E+00 0.0000E+00 2.5604E-13 3.6588E-12 1.4263E-11 2.5198E-11 5.1089E-11 8.5797E-11 1.2617E-10 1.8045E-10 2.3285E-10 3.0274E-10 3.6730E-10 4.5188E-10 5.3853E-10 6.4411E-10 7.4940E-10 8.6577E-10 9.9246E-10 1.1306E-09 1.2823E-09 1.4486E-09 1.6297E-09 1.8256E-09 2.0365E-09 2.2627E-09 2.5039E-09 2.7593E-09 3.0290E-09 3.3120E-09 3.6075E-09
0.0000E+00 0.0000E+00 0.0000E+00 0.0000E+00 0.0000E+00 0.0000E+00 0.0000E+00 0.0000E+00 0.0000E+00 0.0000E+00 0.0000E+00 0.0000E+00 0.0000E+00 0.0000E+00 0.0000E+00 0.0000E+00 0.0000E+00 0.0000E+00 0.0000E+00 0.0000E+00 0.0000E+00 0.0000E+00 0.0000E+00 0.0000E+00 0.0000E+00 0.0000E+00 0.0000E+00 0.0000E+00 6.4395E-13 5.5773E-12 1.6782E-11 3.0357E-11 5.8121E-11 9.3584E-11 1.3812E-10 1.9371E-10 2.4866E-10 3.2349E-10 3.9106E-10 4.8311E-10 5.7779E-10 6.8507E-10 7.9832E-10 9.2142E-10 1.0565E-09 1.2036E-09 1.3654E-09 1.5422E-09 1.7342E-09 1.9423E-09 2.1662E-09 2.4057E-09 2.6607E-09 2.9310E-09 3.2158E-09 3.5144E-09 3.8256E-09
0.0000E+00 0.0000E+00 0.0000E+00 0.0000E+00 0.0000E+00 0.0000E+00 0.0000E+00 0.0000E+00 0.0000E+00 0.0000E+00 0.0000E+00 0.0000E+00 0.0000E+00 0.0000E+00 0.0000E+00 0.0000E+00 0.0000E+00 0.0000E+00 0.0000E+00 0.0000E+00 0.0000E+00 0.0000E+00 0.0000E+00 0.0000E+00 0.0000E+00 0.0000E+00 0.0000E+00 0.0000E+00 1.5345E-12 7.9326E-12 1.9819E-11 3.6016E-11 6.5552E-11 1.0100E-10 1.5084E-10 2.0669E-10 2.6691E-10 3.4533E-10 4.1576E-10 5.1492E-10 6.1457E-10 7.2872E-10 8.4791E-10 9.7949E-10 1.1228E-09 1.2799E-09 1.4519E-09 1.6396E-09 1.8430E-09 2.0630E-09 2.2999E-09 2.5535E-09 2.8232E-09 3.1085E-09 3.4089E-09 3.7233E-09 4.0507E-09
0.0000E+00 0.0000E+00 0.0000E+00 0.0000E+00 0.0000E+00 0.0000E+00 0.0000E+00 0.0000E+00 0.0000E+00 0.0000E+00 0.0000E+00 0.0000E+00 0.0000E+00 0.0000E+00 0.0000E+00 0.0000E+00 0.0000E+00 0.0000E+00 0.0000E+00 0.0000E+00 0.0000E+00 0.0000E+00 0.0000E+00 0.0000E+00 0.0000E+00 0.0000E+00 0.0000E+00 1.0941E-13 3.2002E-12 1.0795E-11 2.4220E-11 4.2351E-11 7.2556E-11 1.0843E-10 1.6282E-10 2.2146E-10 2.8634E-10 3.6650E-10 4.4353E-10 5.4863E-10 6.5331E-10 7.7348E-10 9.0084E-10 1.0414E-09 1.1939E-09 1.3611E-09 1.5437E-09 1.7425E-09 1.9585E-09 2.1918E-09 2.4426E-09 2.7106E-09 2.9954E-09 3.2962E-09 3.6122E-09 3.9425E-09 4.2856E-09
0.0000E+00 0.0000E+00 0.0000E+00 0.0000E+00 0.0000E+00 0.0000E+00 0.0000E+00 0.0000E+00 0.0000E+00 0.0000E+00 0.0000E+00 0.0000E+00 0.0000E+00 0.0000E+00 0.0000E+00 0.0000E+00 0.0000E+00 0.0000E+00 0.0000E+00 0.0000E+00 0.0000E+00 0.0000E+00 0.0000E+00 0.0000E+00 0.0000E+00 0.0000E+00 0.0000E+00 6.9049E-13 5.8984E-12 1.3560E-11 2.9180E-11 4.9494E-11 7.8868E-11 1.1687E-10 1.7300E-10 2.3593E-10 3.0666E-10 3.8959E-10 4.7389E-10 5.8373E-10 6.9378E-10 8.2094E-10 9.5682E-10 1.1061E-09 1.2685E-09 1.4461E-09 1.6400E-09 1.8513E-09 2.0803E-09 2.3274E-09 2.5925E-09 2.8754E-09 3.1756E-09 3.4923E-09 3.8243E-09 4.1707E-09 4.5301E-09
0.0000E+00 0.0000E+00 0.0000E+00 0.0000E+00 0.0000E+00 0.0000E+00 0.0000E+00 0.0000E+00 0.0000E+00 0.0000E+00 0.0000E+00 0.0000E+00 0.0000E+00 0.0000E+00 0.0000E+00 0.0000E+00 0.0000E+00 0.0000E+00 0.0000E+00 0.0000E+00 0.0000E+00 0.0000E+00 0.0000E+00 0.0000E+00 0.0000E+00 0.0000E+00 0.0000E+00 2.3611E-12 8.6573E-12 1.7735E-11 3.4700E-11 5.6113E-11 8.5409E-11 1.2871E-10 1.8705E-10 2.4950E-10 3.2768E-10 4.1311E-10 5.0539E-10 6.1997E-10 7.3613E-10 8.7171E-10 1.0164E-09 1.1735E-09 1.3459E-09 1.5344E-09 1.7405E-09 1.9646E-09 2.2071E-09 2.4682E-09 2.7480E-09 3.0461E-09 3.3618E-09 3.6943E-09 4.0425E-09 4.4048E-09 4.7800E-09
0.0000E+00 0.0000E+00 0.0000E+00 0.0000E+00 0.0000E+00 0.0000E+00 0.0000E+00 0.0000E+00 0.0000E+00 0.0000E+00 0.0000E+00 0.0000E+00 0.0000E+00 0.0000E+00 0.0000E+00 0.0000E+00 0.0000E+00 0.0000E+00 0.0000E+00 0.0000E+00 0.0000E+00 0.0000E+00 0.0000E+00 0.0000E+00 0.0000E+00 0.0000E+00 1.9402E-13 5.0778E-12 1.1526E-11 2.2234E-11 3.8849E-11 6.1486E-11 9.6255E-11 1.3909E-10 2.0288E-10 2.6569E-10 3.5045E-10 4.4239E-10 5.3930E-10 6.5875E-10 7.8197E-10 9.2631E-10 1.0784E-09 1.2447E-09 1.4278E-09 1.6285E-09 1.8477E-09 2.0855E-09 2.3424E-09 2.6185E-09 2.9134E-09 3.2270E-09 3.5586E-09 3.9072E-09 4.2718E-09 4.6504E-09 5.0413E-09
0.0000E+00 0.0000E+00 0.0000E+00 0.0000E+00 0.0000E+00 0.0000E+00 0.0000E+00 0.0000E+00 0.0000E+00 0.0000E+00 0.0000E+00 0.0000E+00 0.0000E+00 0.0000E+00 0.0000E+00 0.0000E+00 0.0000E+00 0.0000E+00 0.0000E+00 0.0000E+00 0.0000E+00 0.0000E+00 0.0000E+00 0.0000E+00 0.0000E+00 0.0000E+00 1.8152E-12 7.6038E-12 1.4537E-11 2.8330E-11 4.5403E-11 7.0627E-11 1.0796E-10 1.5279E-10 2.1804E-10 2.8377E-10 3.7573E-10 4.7075E-10 5.7505E-10 6.9996E-10 8.3164E-10 9.8422E-10 1.1434E-09 1.3193E-09 1.5138E-09 1.7266E-09 1.9591E-09 2.2110E-09 2.4825E-09 2.7736E-09 3.0843E-09 3.4137E-09 3.7613E-09 4.1258E-09 4.5061E-09 4.9004E-09 5.3066E-09
0.0000E+00 0.0000E+00 0.0000E+00 0.0000E+00 0.0000E+00 0.0000E+00 0.0000E+00 0.0000E+00 0.0000E+00 0.0000E+00 0.0000E+00 0.0000E+00 0.0000E+00 0.0000E+00 0.0000E+00 0.0000E+00 0.0000E+00 0.0000E+00 0.0000E+00 0.0000E+00 0.0000E+00 0.0000E+00 0.0000E+00 0.0000E+00 0.0000E+00 8.0499E-15 3.9454E-12 1.0050E-11 1.8511E-11 3.4758E-11 5.2537E-11 8.0998E-11 1.2123E-10 1.6901E-10 2.3131E-10 3.0644E-10 4.0127E-10 5.0332E-10 6.1303E-10 7.4510E-10 8.8579E-10 1.0448E-09 1.2117E-09 1.3982E-09 1.6051E-09 1.8305E-09 2.0765E-09 2.3432E-09 2.6303E-09 2.9370E-09 3.2634E-09 3.6090E-09 3.9727E-09 4.3534E-09 4.7496E-09 5.1593E-09 5.5804E-09
0.0000E+00 0.0000E+00 0.0000E+00 0.0000E+00 0.0000E+00 0.0000E+00 0.0000E+00 0.0000E+00 0.0000E+00 0.0000E+00 0.0000E+00 0.0000E+00 0.0000E+00 0.0000E+00 0.0000E+00 0.0000E+00 0.0000E+00 0.0000E+00 0.0000E+00 0.0000E+00 0.0000E+00 0.0000E+00 0.0000E+00 0.0000E+00 0.0000E+00 1.3533E-12 6.3135E-12 1.2922E-11 2.4859E-11 4.1613E-11 6.0765E-11 9.4246E-11 1.3445E-10 1.8686E-10 2.5603E-10 3.3201E-10 4.3562E-10 5.3957E-10 6.5855E-10 7.9554E-10 9.4315E-10 1.1117E-09 1.2886E-09 1.4860E-09 1.7053E-09 1.9440E-09 2.2040E-09 2.4852E-09 2.7878E-09 3.1106E-09 3.4529E-09 3.8145E-09 4.1940E-09 4.5900E-09 5.0010E-09 5.4251E-09 5.8602E-09
0.0000E+00 0.0000E+00 0.0000E+00 0.0000E+00 0.0000E+00 0.0000E+00 0.0000E+00 0.0000E+00 0.0000E+00 0.0000E+00 0.0000E+00 0.0000E+00 0.0000E+00 0.0000E+00 0.0000E+00 0.0000E+00 0.0000E+00 0.0000E+00 0.0000E+00 0.0000E+00 0.0000E+00 0.0000E+00 0.0000E+00 0.0000E+00 0.0000E+00 2.8869E-12 8.6586E-12 1.6950E-11 3.1899E-11 4.8212E-11 7.2442E-11 1.0987E-10 1.5308E-10 2.0877E-10 2.8042E-10 3.6394E-10 4.6753E-10 5.7989E-10 7.0785E-10 8.4847E-10 1.0067E-09 1.1835E-09 1.3708E-09 1.5799E-09 1.8104E-09 2.0635E-09 2.3376E-09 2.6338E-09 2.9518E-09 3.2906E-09 3.6490E-09 4.0262E-09 4.4214E-09 4.8330E-09 5.2588E-09 5.6968E-09 6.1445E-09
0.0000E+00 0.0000E+00 0.0000E+00 0.0000E+00 0.0000E+00 0.0000E+00 0.0000E+00 0.0000E+00 0.0000E+00 0.0000E+00 0.0000E+00 0.0000E+00 0.0000E+00 0.0000E+00 0.0000E+00 0.0000E+00 0.0000E+00 0.0000E+00 0.0000E+00 0.0000E+00 0.0000E+00 0.0000E+00 0.0000E+00 0.0000E+00 7.6624E-13 5.1240E-12 1.1442E-11 2.3543E-11 3.8501E-11 5.7191E-11 8.6166E-11 1.2385E-10 1.7045E-10 2.3236E-10 3.0643E-10 3.9746E-10 5.0471E-10 6.2287E-10 7.6239E-10 9.0945E-10 1.0751E-09 1.2616E-09 1.4599E-09 1.6801E-09 1.9234E-09 2.1905E-09 2.4794E-09 2.7910E-09 3.1247E-09 3.4796E-09 3.8542E-09 4.2472E-09 4.6574E-09 5.0831E-09 5.5227E-09 5.9737E-09 6.4337E-09
0.0000E+00 0.0000E+00 0.0000E+00 0.0000E+00 0.0000E+00 0.0000E+00 0.0000E+00 0.0000E+00 0.0000E+00 0.0000E+00 0.0000E+00 0.0000E+00 0.0000E+00 0.0000E+00 0.0000E+00 0.0000E+00 0.0000E+00 0.0000E+00 0.0000E+00 0.0000E+00 0.0000E+00 0.0000E+00 0.0000E+00 0.0000E+00 2.1362E-12 7.4899E-12 1.5660E-11 3.0639E-11 4.6313E-11 7.0192E-11 1.0266E-10 1.4219E-10 1.9597E-10 2.6221E-10 3.3778E-10 4.3679E-10 5.4828E-10 6.7446E-10 8.2227E-10 9.7297E-10 1.1494E-09 1.3455E-09 1.5546E-09 1.7867E-09 2.0433E-09 2.3252E-09 2.6288E-09 2.9557E-09 3.3049E-09 3.6757E-09 4.0664E-09 4.4750E-09 4.8998E-09 5.3392E-09 5.7916E-09 6.2538E-09 6.7232E-09
0.0000E+00 0.0000E+00 0.0000E+00 0.0000E+00 0.0000E+00 0.0000E+00 0.0000E+00 0.0000E+00 0.0000E+00 0.0000E+00 0.0000E+00 0.0000E+00 0.0000E+00 0.0000E+00 0.0000E+00 0.0000E+00 0.0000E+00 0.0000E+00 0.0000E+00 0.0000E+00 0.0000E+00 0.0000E+00 0.0000E+00 1.0365E-13 4.5385E-12 1.0624E-11 2.2178E-11 3.7398E-11 5.6606E-11 8.4758E-11 1.1883E-10 1.6304E-10 2.2256E-10 2.9235E-10 3.7397E-10 4.7706E-10 5.9537E-10 7.3173E-10 8.8150E-10 1.0450E-09 1.2303E-09 1.4337E-09 1.6575E-09 1.9019E-09 2.1725E-09 2.4686E-09 2.7872E-09 3.1294E-09 3.4943E-09 3.8805E-09 4.2863E-09 4.7099E-09 5.1489E-09 5.6011E-09 6.0651E-09 6.5385E-09 7.0177E-09
0.0000E+00 0.0000E+00 0.0000E+00 0.0000E+00 0.0000E+00 0.0000E+00 0.0000E+00 0.0000E+00 0.0000E+00 0.0000E+00 0.0000E+00 0.0000E+00 0.0000E+00 0.0000E+00 0.0000E+00 0.0000E+00 0.0000E+00 0.0000E+00 0.0000E+00 0.0000E+00 0.0000E+00 0.0000E+00 8.4288E-14 1.5529E-12 7.6917E-12 1.4926E-11 2.8964E-11 4.6135E-11 7.0849E-11 1.0248E-10 1.3928E-10 1.9102E-10 2.5385E-10 3.2746E-10 4.1689E-10 5.2835E-10 6.5093E-10 7.9595E-10 9.5377E-10 1.1263E-09 1.3247E-09 1.5354E-09 1.7730E-09 2.0309E-09 2.3143E-09 2.6236E-09 2.9575E-09 3.3151E-09 3.6952E-09 4.0966E-09 4.5172E-09 4.9548E-09 5.4071E-09 5.8708E-09 6.3436E-09 6.8244E-09 7.3108E-09
0.0000E+00 0.0000E+00 0.0000E+00 0.0000E+00 0.0000E+00 0.0000E+00 0.0000E+00 0.0000E+00 0.0000E+00 0.0000E+00 0.0000E+00 0.0000E+00 0.0000E+00 0.0000E+00 0.0000E+00 0.0000E+00 0.0000E+00 0.0000E+00 0.0000E+00 0.0000E+00 0.0000E+00 0.0000E+00 4.3717E-13 4.1300E-12 1.1071E-11 2.0384E-11 3.6704E-11 5.7181E-11 8.6494E-11 1.1940E-10 1.6297E-10 2.1994E-10 2.8631E-10 3.6735E-10 4.6644E-10 5.8307E-10 7.1253E-10 8.6187E-10 1.0307E-09 1.2167E-09 1.4194E-09 1.6455E-09 1.8935E-09 2.1643E-09 2.4616E-09 2.7846E-09 3.1336E-09 3.5061E-09 3.9015E-09 4.3174E-09 4.7522E-09 5.2031E-09 5.6676E-09 6.1429E-09 6.6256E-09 7.1133E-09 7.6033E-09
0.0000E+00 0.0000E+00 0.0000E+00 0.0000E+00 0.0000E+00 0.0000E+00 0.0000E+00 0.0000E+00 0.0000E+00 0.0000E+00 0.0000E+00 0.0000E+00 0.0000E+00 0.0000E+00 0.0000E+00 0.0000E+00 0.0000E+00 0.0000E+00 0.0000E+00 0.0000E+00 0.0000E+00 3.8760E-13 1.8535E-12 7.5152E-12 1.5078E-11 2.6885E-11 4.6730E-11 7.1058E-11 1.0375E-10 1.3900E-10 1.8896E-10 2.4935E-10 3.2155E-10 4.1368E-10 5.1976E-10 6.3974E-10 7.7882E-10 9.4057E-10 1.1194E-09 1.3190E-09 1.5320E-09 1.7669E-09 2.0307E-09 2.3131E-09 2.6238E-09 2.9608E-09 3.3245E-09 3.7110E-09 4.1210E-09 4.5511E-09 4.9988E-09 5.4618E-09 5.9369E-09 6.4211E-09 6.9110E-09 7.4036E-09 7.8969E-09
0.0000E+00 0.0000E+00 0.0000E+00 0.0000E+00 0.0000E+00 0.0000E+00 0.0000E+00 0.0000E+00 0.0000E+00 0.0000E+00 0.0000E+00 0.0000E+00 0.0000E+00 0.0000E+00 0.0000E+00 0.0000E+00 0.0000E+00 0.0000E+00 0.0000E+00 0.0000E+00 8.9807E-14 1.7408E-12 4.0360E-12 1.1631E-11 1.9708E-11 3.6770E-11 5.8496E-11 8.6788E-11 1.2176E-10 1.6424E-10 2.2152E-10 2.8668E-10 3.6947E-10 4.7084E-10 5.8352E-10 7.0940E-10 8.6176E-10 1.0307E-09 1.2209E-09 1.4302E-09 1.6556E-09 1.9050E-09 2.1771E-09 2.4748E-09 2.7964E-09 3.1465E-09 3.5241E-09 3.9247E-09 4.3477E-09 4.7912E-09 5.2511E-09 5.7248E-09 6.2093E-09 6.7010E-09 7.1963E-09 7.6911E-09 8.1830E-09
0.0000E+00 0.0000E+00 0.0000E+00 0.0000E+00 0.0000E+00 0.0000E+00 0.0000E+00 0.0000E+00 0.0000E+00 0.0000E+00 0.0000E+00 0.0000E+00 0.0000E+00 0.0000E+00 0.0000E+00 0.0000E+00 0.0000E+00 0.0000E+00 0.0000E+00 0.0000E+00 1.1988E-12 3.3635E-12 7.2409E-12 1.5763E-11 2.6738E-11 4.8218E-11 7.1975E-11 1.0530E-10 1.4404E-10 1.9402E-10 2.5573E-10 3.2782E-10 4.1887E-10 5.2517E-10 6.4724E-10 7.8724E-10 9.4737E-10 1.1267E-09 1.3258E-09 1.5499E-09 1.7864E-09 2.0504E-09 2.3357E-09 2.6449E-09 2.9808E-09 3.3418E-09 3.7320E-09 4.1460E-09 4.5814E-09 5.0367E-09 5.5082E-09 5.9915E-09 6.4832E-09 6.9807E-09 7.4796E-09 7.9769E-09 8.4683E-09
0.0000E+00 0.0000E+00 0.0000E+00 0.0000E+00 0.0000E+00 0.0000E+00 0.0000E+00 0.0000E+00 0.0000E+00 0.0000E+00 0.0000E+00 0.0000E+00 0.0000E+00 0.0000E+00 0.0000E+00 0.0000E+00 0.0000E+00 0.0000E+00 0.0000E+00 6.1348E-13 3.0025E-12 5.4026E-12 1.0669E-11 2.0655E-11 3.7278E-11 6.1879E-11 8.8866E-11 1.2695E-10 1.7021E-10 2.2741E-10 2.9505E-10 3.7839E-10 4.7746E-10 5.9095E-10 7.2641E-10 8.7617E-10 1.0452E-09 1.2318E-09 1.4503E-09 1.6831E-09 1.9372E-09 2.2084E-09 2.5081E-09 2.8334E-09 3.1808E-09 3.5555E-09 3.9566E-09 4.3821E-09 4.8284E-09 5.2930E-09 5.7738E-09 6.2658E-09 6.7636E-09 7.2638E-09 7.7632E-09 8.2579E-09 8.7454E-09
0.0000E+00 0.0000E+00 0.0000E+00 0.0000E+00 0.0000E+00 0.0000E+00 0.0000E+00 0.0000E+00 0.0000E+00 0.0000E+00 0.0000E+00 0.0000E+00 0.0000E+00 0.0000E+00 0.0000E+00 0.0000E+00 0.0000E+00 0.0000E+00 8.9331E-14 2.4739E-12 5.5470E-12 9.7523E-12 1.8009E-11 3.3650E-11 5.4346E-11 8.2104E-11 1.1474E-10 1.5857E-10 2.0740E-10 2.7218E-10 3.4624E-10 4.4066E-10 5.4693E-10 6.7289E-10 8.1745E-10 9.7848E-10 1.1556E-09 1.3602E-09 1.5885E-09 1.8320E-09 2.1019E-09 2.3878E-09 2.6989E-09 3.0376E-09 3.3954E-09 3.7790E-09 4.1906E-09 4.6261E-09 5.0823E-09 5.5550E-09 6.0419E-09 6.5391E-09 7.0420E-09 7.5439E-09 8.0425E-09 8.5339E-09 9.0132E-09
