Assets/Resources/2015_m01_d11_1800(utc+0800)_l00_csi_1hr_conc.grd
DSAA
         159         159
     -79.000      79.000
     -79.000      79.000
  0.0000E+00  0.5247E-05
[rows 0 to 24 of 159, columns 0 to 56 of 159]
3.4740E-09 3.6351E-09 3.7900E-09 3.9355E-09 4.0735E-09 4.1997E-09 4.3132E-09 4.4126E-09 4.4973E-09 4.5660E-09 4.6154E-09 4.6467E-09 4.6589E-09 4.6518E-09 4.6240E-09 4.5745E-09 4.5044E-09 4.4139E-09 4.3043E-09 4.1762E-09 4.0308E-09 3.8700E-09 3.6955E-09 3.5095E-09 3.3146E-09 3.1129E-09 2.9068E-09 2.6986E-09 2.4905E-09 2.2848E-09 2.0833E-09 1.8881E-09 1.7004E-09 1.5220E-09 1.3540E-09 1.1961E-09 1.0506E-09 9.1707E-10 7.9348E-10 6.8311E-10 5.8385E-10 4.9208E-10 4.0962E-10 3.3780E-10 2.7810E-10 2.2701E-10 1.8371E-10 1.4718E-10 1.1582E-10 8.9345E-11 6.5777E-11 4.5210E-11 2.0888E-11 3.8772E-12 0.0000E+00 0.0000E+00 0.0000E+00
3.5767E-09 3.7477E-09 3.9112E-09 4.0687E-09 4.2169E-09 4.3529E-09 4.4777E-09 4.5886E-09 4.6845E-09 4.7624E-09 4.8234E-09 4.8661E-09 4.8885E-09 4.8892E-09 4.8680E-09 4.8254E-09 4.7615E-09 4.6762E-09 4.5692E-09 4.4419E-09 4.2962E-09 4.1334E-09 3.9559E-09 3.7653E-09 3.5641E-09 3.3547E-09 3.1394E-09 2.9210E-09 2.7018E-09 2.4840E-09 2.2702E-09 2.0618E-09 1.8611E-09 1.6690E-09 1.4875E-09 1.3175E-09 1.1597E-09 1.0141E-09 8.8009E-10 7.5900E-10 6.5019E-10 5.4817E-10 4.5863E-10 3.7820E-10 3.1152E-10 2.5493E-10 2.0600E-10 1.6496E-10 1.3092E-10 1.0201E-10 7.7140E-11 5.4996E-11 2.9709E-11 7.4600E-12 0.0000E+00 0.0000E+00 0.0000E+00
3.6656E-09 3.8451E-09 4.0189E-09 4.1863E-09 4.3436E-09 4.4916E-09 4.6279E-09 4.7498E-09 4.8564E-09 4.9469E-09 5.0204E-09 5.0730E-09 5.1048E-09 5.1153E-09 5.1044E-09 5.0709E-09 5.0132E-09 4.9322E-09 4.8294E-09 4.7051E-09 4.5609E-09 4.3978E-09 4.2179E-09 4.0233E-09 3.8163E-09 3.6000E-09 3.3767E-09 3.1489E-09 2.9191E-09 2.6900E-09 2.4637E-09 2.2425E-09 2.0286E-09 1.8236E-09 1.6289E-09 1.4458E-09 1.2750E-09 1.1163E-09 9.7117E-10 8.3960E-10 7.2040E-10 6.1051E-10 5.1206E-10 4.2336E-10 3.4815E-10 2.8460E-10 2.3046E-10 1.8417E-10 1.4598E-10 1.1451E-10 8.8073E-11 6.4926E-11 3.9599E-11 1.3146E-11 0.0000E+00 0.0000E+00 0.0000E+00
3.7386E-09 3.9263E-09 4.1100E-09 4.2864E-09 4.4545E-09 4.6141E-09 4.7602E-09 4.8939E-09 5.0134E-09 5.1168E-09 5.2006E-09 5.2643E-09 5.3088E-09 5.3310E-09 5.3293E-09 5.3032E-09 5.2537E-09 5.1808E-09 5.0845E-09 4.9646E-09 4.8222E-09 4.6597E-09 4.4790E-09 4.2823E-09 4.0721E-09 3.8502E-09 3.6198E-09 3.3833E-09 3.1436E-09 2.9034E-09 2.6653E-09 2.4316E-09 2.2044E-09 1.9862E-09 1.7778E-09 1.5814E-09 1.3976E-09 1.2269E-09 1.0695E-09 9.2645E-10 7.9625E-10 6.7639E-10 5.6901E-10 4.7247E-10 3.8907E-10 3.1718E-10 2.5699E-10 2.0555E-10 1.6234E-10 1.2699E-10 9.8164E-11 7.4167E-11 5.1546E-11 1.9811E-11 0.0000E+00 0.0000E+00 0.0000E+00
3.7948E-09 3.9909E-09 4.1829E-09 4.3683E-09 4.5478E-09 4.7163E-09 4.8748E-09 5.0216E-09 5.1527E-09 5.2667E-09 5.3633E-09 5.4413E-09 5.4970E-09 5.5294E-09 5.5385E-09 5.5245E-09 5.4856E-09 5.4205E-09 5.3296E-09 5.2147E-09 5.0770E-09 4.9178E-09 4.7385E-09 4.5407E-09 4.3273E-09 4.1008E-09 3.8642E-09 3.6201E-09 3.3718E-09 3.1215E-09 2.8723E-09 2.6265E-09 2.3868E-09 2.1551E-09 1.9335E-09 1.7233E-09 1.5257E-09 1.3421E-09 1.1728E-09 1.0179E-09 8.7646E-10 7.4672E-10 6.2980E-10 5.2521E-10 4.3477E-10 3.5378E-10 2.8567E-10 2.2884E-10 1.8055E-10 1.4077E-10 1.0852E-10 8.2329E-11 6.0528E-11 2.7675E-11 4.1063E-12 0.0000E+00 0.0000E+00
3.8332E-09 4.0369E-09 4.2368E-09 4.4321E-09 4.6204E-09 4.7999E-09 4.9706E-09 5.1276E-09 5.2705E-09 5.3983E-09 5.5085E-09 5.5979E-09 5.6652E-09 5.7116E-09 5.7345E-09 5.7311E-09 5.7008E-09 5.6446E-09 5.5635E-09 5.4574E-09 5.3262E-09 5.1706E-09 4.9931E-09 4.7959E-09 4.5817E-09 4.3529E-09 4.1121E-09 3.8618E-09 3.6054E-09 3.3457E-09 3.0859E-09 2.8285E-09 2.5764E-09 2.3318E-09 2.0967E-09 1.8731E-09 1.6623E-09 1.4658E-09 1.2836E-09 1.1158E-09 9.6287E-10 8.2162E-10 6.9462E-10 5.8158E-10 4.8263E-10 3.9630E-10 3.1749E-10 2.5334E-10 2.0106E-10 1.5640E-10 1.1954E-10 9.0484E-11 6.7162E-11 3.8109E-11 8.4816E-12 0.0000E+00 0.0000E+00
3.8537E-09 4.0642E-09 4.2715E-09 4.4751E-09 4.6724E-09 4.8635E-09 5.0437E-09 5.2121E-09 5.3687E-09 5.5087E-09 5.6305E-09 5.7329E-09 5.8160E-09 5.8759E-09 5.9096E-09 5.9173E-09 5.9005E-09 5.8570E-09 5.7859E-09 5.6867E-09 5.5613E-09 5.4119E-09 5.2395E-09 5.0457E-09 4.8320E-09 4.6016E-09 4.3573E-09 4.1021E-09 3.8391E-09 3.5714E-09 3.3019E-09 3.0339E-09 2.7698E-09 2.5128E-09 2.2645E-09 2.0277E-09 1.8034E-09 1.5933E-09 1.3980E-09 1.2177E-09 1.0524E-09 9.0062E-10 7.6298E-10 6.4132E-10 5.3440E-10 4.4089E-10 3.5638E-10 2.8001E-10 2.2192E-10 1.7387E-10 1.3276E-10 9.9278E-11 7.3381E-11 4.6615E-11 1.5622E-11 0.0000E+00 0.0000E+00
3.8559E-09 4.0716E-09 4.2862E-09 4.4977E-09 4.7044E-09 4.9039E-09 5.0944E-09 5.2756E-09 5.4429E-09 5.5945E-09 5.7305E-09 5.8482E-09 5.9440E-09 6.0156E-09 6.0639E-09 6.0874E-09 6.0837E-09 6.0506E-09 5.9892E-09 5.9015E-09 5.7871E-09 5.6465E-09 5.4798E-09 5.2892E-09 5.0780E-09 4.8481E-09 4.6025E-09 4.3440E-09 4.0758E-09 3.8012E-09 3.5232E-09 3.2453E-09 2.9702E-09 2.7010E-09 2.4402E-09 2.1898E-09 1.9523E-09 1.7284E-09 1.5199E-09 1.3264E-09 1.1481E-09 9.8439E-10 8.3553E-10 7.0416E-10 5.8893E-10 4.8722E-10 3.9748E-10 3.1548E-10 2.4475E-10 1.9122E-10 1.4742E-10 1.1020E-10 7.9547E-11 5.5402E-11 2.2461E-11 0.0000E+00 0.0000E+00
3.8392E-09 4.0601E-09 4.2810E-09 4.4992E-09 4.7136E-09 4.9218E-09 5.1234E-09 5.3144E-09 5.4923E-09 5.6580E-09 5.8077E-09 5.9376E-09 6.0463E-09 6.1344E-09 6.1985E-09 6.2349E-09 6.2433E-09 6.2246E-09 6.1784E-09 6.1032E-09 5.9983E-09 5.8649E-09 5.7059E-09 5.5223E-09 5.3159E-09 5.0887E-09 4.8432E-09 4.5831E-09 4.3112E-09 4.0310E-09 3.7459E-09 3.4590E-09 3.1738E-09 2.8932E-09 2.6201E-09 2.3570E-09 2.1059E-09 1.8687E-09 1.6464E-09 1.4394E-09 1.2484E-09 1.0720E-09 9.1196E-10 7.7016E-10 6.4504E-10 5.3598E-10 4.3948E-10 3.5355E-10 2.7486E-10 2.1058E-10 1.6226E-10 1.2227E-10 8.8525E-11 6.0683E-11 2.9646E-11 3.4077E-12 0.0000E+00
3.8039E-09 4.0295E-09 4.2552E-09 4.4794E-09 4.7008E-09 4.9178E-09 5.1277E-09 5.3278E-09 5.5187E-09 5.6967E-09 5.8578E-09 6.0012E-09 6.1267E-09 6.2295E-09 6.3065E-09 6.3575E-09 6.3834E-09 6.3809E-09 6.3478E-09 6.2839E-09 6.1915E-09 6.0713E-09 5.9235E-09 5.7484E-09 5.5476E-09 5.3245E-09 5.0815E-09 4.8215E-09 4.5477E-09 4.2635E-09 3.9725E-09 3.6780E-09 3.3836E-09 3.0924E-09 2.8077E-09 2.5319E-09 2.2677E-09 2.0168E-09 1.7806E-09 1.5603E-09 1.3556E-09 1.1661E-09 9.9442E-10 8.4152E-10 7.0648E-10 5.8764E-10 4.8274E-10 3.9219E-10 3.1059E-10 2.3014E-10 1.7828E-10 1.3496E-10 9.8639E-11 6.6047E-11 3.5638E-11 8.1255E-12 0.0000E+00
3.7514E-09 3.9800E-09 4.2091E-09 4.4386E-09 4.6662E-09 4.8899E-09 5.1076E-09 5.3184E-09 5.5201E-09 5.7081E-09 5.8824E-09 6.0414E-09 6.1804E-09 6.2963E-09 6.3900E-09 6.4594E-09 6.5011E-09 6.5122E-09 6.4940E-09 6.4474E-09 6.3709E-09 6.2632E-09 6.1252E-09 5.9594E-09 5.7678E-09 5.5521E-09 5.3141E-09 5.0563E-09 4.7825E-09 4.4962E-09 4.2008E-09 3.9001E-09 3.5976E-09 3.2970E-09 3.0011E-09 2.7136E-09 2.4365E-09 2.1720E-09 1.9224E-09 1.6879E-09 1.4690E-09 1.2667E-09 1.0828E-09 9.1835E-10 7.7260E-10 6.4357E-10 5.3103E-10 4.3213E-10 3.4556E-10 2.6796E-10 1.9422E-10 1.4830E-10 1.0894E-10 7.4817E-11 4.0938E-11 1.3408E-11 0.0000E+00
3.6816E-09 3.9115E-09 4.1438E-09 4.3773E-09 4.6094E-09 4.8389E-09 5.0646E-09 5.2845E-09 5.4945E-09 5.6945E-09 5.8826E-09 6.0538E-09 6.2055E-09 6.3389E-09 6.4501E-09 6.5346E-09 6.5914E-09 6.6212E-09 6.6220E-09 6.5920E-09 6.5292E-09 6.4356E-09 6.3128E-09 6.1610E-09 5.9803E-09 5.7724E-09 5.5398E-09 5.2862E-09 5.0141E-09 4.7272E-09 4.4290E-09 4.1233E-09 3.8140E-09 3.5045E-09 3.1987E-09 2.8994E-09 2.6096E-09 2.3325E-09 2.0686E-09 1.8201E-09 1.5874E-09 1.3712E-09 1.1749E-09 9.9868E-10 8.4154E-10 7.0239E-10 5.8038E-10 4.7308E-10 3.8191E-10 3.0107E-10 2.1789E-10 1.6159E-10 1.2000E-10 8.3387E-11 4.8052E-11 1.7731E-11 0.0000E+00
3.5950E-09 3.8255E-09 4.0597E-09 4.2953E-09 4.5312E-09 4.7663E-09 4.9987E-09 5.2252E-09 5.4451E-09 5.6566E-09 5.8552E-09 6.0383E-09 6.2069E-09 6.3562E-09 6.4816E-09 6.5825E-09 6.6595E-09 6.7085E-09 6.7260E-09 6.7123E-09 6.6686E-09 6.5940E-09 6.4871E-09 6.3480E-09 6.1783E-09 5.9813E-09 5.7585E-09 5.5120E-09 5.2440E-09 4.9586E-09 4.6595E-09 4.3508E-09 4.0359E-09 3.7190E-09 3.4042E-09 3.0940E-09 2.7928E-09 2.5023E-09 2.2247E-09 1.9624E-09 1.7147E-09 1.4853E-09 1.2761E-09 1.0871E-09 9.1819E-10 7.6799E-10 6.3558E-10 5.2061E-10 4.2056E-10 3.3414E-10 2.5794E-10 1.7339E-10 1.3144E-10 9.2381E-11 5.7602E-11 2.2377E-11 1.3743E-12
3.4927E-09 3.7230E-09 3.9574E-09 4.1944E-09 4.4333E-09 4.6725E-09 4.9096E-09 5.1432E-09 5.3722E-09 5.5924E-09 5.8013E-09 5.9993E-09 6.1819E-09 6.3445E-09 6.4868E-09 6.6077E-09 6.7029E-09 6.7686E-09 6.8059E-09 6.8140E-09 6.7906E-09 6.7330E-09 6.6421E-09 6.5197E-09 6.3665E-09 6.1829E-09 5.9701E-09 5.7307E-09 5.4685E-09 5.1867E-09 4.8889E-09 4.5785E-09 4.2597E-09 3.9368E-09 3.6134E-09 3.2937E-09 2.9809E-09 2.6775E-09 2.3871E-09 2.1096E-09 1.8478E-09 1.6048E-09 1.3820E-09 1.1802E-09 9.9884E-10 8.3698E-10 6.9416E-10 5.6969E-10 4.6209E-10 3.6905E-10 2.8955E-10 2.1377E-10 1.4089E-10 1.0281E-10 6.5974E-11 2.8830E-11 5.8315E-12
3.3766E-09 3.6052E-09 3.8383E-09 4.0759E-09 4.3166E-09 4.5580E-09 4.7996E-09 5.0396E-09 5.2751E-09 5.5034E-09 5.7245E-09 5.9347E-09 6.1290E-09 6.3076E-09 6.4683E-09 6.6062E-09 6.7188E-09 6.8058E-09 6.8654E-09 6.8941E-09 6.8891E-09 6.8518E-09 6.7822E-09 6.6788E-09 6.5415E-09 6.3714E-09 6.1710E-09 5.9432E-09 5.6900E-09 5.4143E-09 5.1193E-09 4.8092E-09 4.4885E-09 4.1605E-09 3.8303E-09 3.5017E-09 3.1778E-09 2.8630E-09 2.5584E-09 2.2669E-09 1.9908E-09 1.7335E-09 1.4971E-09 1.2819E-09 1.0858E-09 9.1183E-10 7.5805E-10 6.2323E-10 5.0687E-10 4.0646E-10 3.2168E-10 2.4662E-10 1.5452E-10 1.1039E-10 7.4531E-11 3.6186E-11 8.5061E-12
3.2476E-09 3.4729E-09 3.7046E-09 3.9413E-09 4.1818E-09 4.4251E-09 4.6701E-09 4.9146E-09 5.1554E-09 5.3929E-09 5.6240E-09 5.8438E-09 6.0522E-09 6.2470E-09 6.4234E-09 6.5782E-09 6.7119E-09 6.8209E-09 6.9006E-09 6.9498E-09 6.9682E-09 6.9539E-09 6.9053E-09 6.8207E-09 6.7014E-09 6.5497E-09 6.3655E-09 6.1506E-09 5.9067E-09 5.6375E-09 5.3469E-09 5.0390E-09 4.7171E-09 4.3864E-09 4.0507E-09 3.7142E-09 3.3813E-09 3.0546E-09 2.7372E-09 2.4314E-09 2.1407E-09 1.8688E-09 1.6179E-09 1.3878E-09 1.1797E-09 9.9308E-10 8.2721E-10 6.8049E-10 5.5454E-10 4.4645E-10 3.5396E-10 2.7647E-10 2.0566E-10 1.1755E-10 8.2231E-11 4.4984E-11 1.3766E-11
3.1072E-09 3.3287E-09 3.5574E-09 3.7919E-09 4.0313E-09 4.2757E-09 4.5226E-09 4.7694E-09 5.0164E-09 5.2613E-09 5.4997E-09 5.7307E-09 5.9530E-09 6.1614E-09 6.3528E-09 6.5280E-09 6.6822E-09 6.8105E-09 6.9119E-09 6.9854E-09 7.0281E-09 7.0359E-09 7.0086E-09 6.9469E-09 6.8502E-09 6.7177E-09 6.5495E-09 6.3483E-09 6.1169E-09 5.8581E-09 5.5757E-09 5.2720E-09 4.9518E-09 4.6192E-09 4.2785E-09 3.9351E-09 3.5925E-09 3.2544E-09 2.9238E-09 2.6040E-09 2.2997E-09 2.0146E-09 1.7492E-09 1.5053E-09 1.2834E-09 1.0828E-09 9.0305E-10 7.4490E-10 6.0831E-10 4.9044E-10 3.9025E-10 3.0634E-10 2.3422E-10 1.4553E-10 8.7536E-11 5.4435E-11 1.9154E-11
2.9574E-09 3.1741E-09 3.3984E-09 3.6295E-09 3.8677E-09 4.1111E-09 4.3579E-09 4.6077E-09 4.8594E-09 5.1090E-09 5.3552E-09 5.5974E-09 5.8307E-09 6.0519E-09 6.2617E-09 6.4553E-09 6.6276E-09 6.7770E-09 6.9030E-09 7.0004E-09 7.0654E-09 7.0975E-09 7.0962E-09 7.0592E-09 6.9837E-09 6.8710E-09 6.7222E-09 6.5395E-09 6.3239E-09 6.0768E-09 5.8017E-09 5.5031E-09 5.1857E-09 4.8534E-09 4.5116E-09 4.1635E-09 3.8135E-09 3.4656E-09 3.1227E-09 2.7900E-09 2.4728E-09 2.1727E-09 1.8925E-09 1.6335E-09 1.3956E-09 1.1796E-09 9.8731E-10 8.1709E-10 6.6924E-10 5.4005E-10 4.3042E-10 3.3738E-10 2.6011E-10 1.9283E-10 9.2793E-11 6.0623E-11 2.6207E-11
2.8000E-09 3.0109E-09 3.2298E-09 3.4568E-09 3.6922E-09 3.9331E-09 4.1796E-09 4.4312E-09 4.6850E-09 4.9390E-09 5.1934E-09 5.4438E-09 5.6870E-09 5.9236E-09 6.1494E-09 6.3589E-09 6.5509E-09 6.7238E-09 6.8722E-09 6.9922E-09 7.0827E-09 7.1423E-09 7.1663E-09 7.1526E-09 7.1009E-09 7.0127E-09 6.8867E-09 6.7224E-09 6.5220E-09 6.2887E-09 6.0265E-09 5.7381E-09 5.4264E-09 5.0962E-09 4.7520E-09 4.3989E-09 4.0415E-09 3.6836E-09 3.3297E-09 2.9854E-09 2.6546E-09 2.3407E-09 2.0462E-09 1.7711E-09 1.5184E-09 1.2886E-09 1.0819E-09 8.9896E-10 7.3748E-10 5.9703E-10 4.7719E-10 3.7533E-10 2.8885E-10 2.1703E-10 1.4145E-10 6.4530E-11 3.4672E-11
2.6371E-09 2.8408E-09 3.0533E-09 3.2758E-09 3.5065E-09 3.7444E-09 3.9898E-09 4.2412E-09 4.4962E-09 4.7548E-09 5.0146E-09 5.2717E-09 5.5267E-09 5.7765E-09 6.0156E-09 6.2422E-09 6.4551E-09 6.6490E-09 6.8188E-09 6.9643E-09 7.0819E-09 7.1667E-09 7.2158E-09 7.2293E-09 7.2053E-09 7.1416E-09 7.0372E-09 6.8937E-09 6.7143E-09 6.4988E-09 6.2496E-09 5.9696E-09 5.6640E-09 5.3376E-09 4.9951E-09 4.6409E-09 4.2787E-09 3.9125E-09 3.5483E-09 3.1921E-09 2.8483E-09 2.5201E-09 2.2098E-09 1.9195E-09 1.6517E-09 1.4063E-09 1.1852E-09 9.8781E-10 8.1286E-10 6.6024E-10 5.2946E-10 4.1704E-10 3.2296E-10 2.4148E-10 1.7410E-10 7.3970E-11 3.9896E-11
2.4699E-09 2.6658E-09 2.8718E-09 3.0884E-09 3.3133E-09 3.5474E-09 3.7905E-09 4.0400E-09 4.2960E-09 4.5575E-09 4.8207E-09 5.0855E-09 5.3506E-09 5.6107E-09 5.8633E-09 6.1082E-09 6.3395E-09 6.5525E-09 6.7467E-09 6.9177E-09 7.0599E-09 7.1701E-09 7.2486E-09 7.2903E-09 7.2923E-09 7.2538E-09 7.1759E-09 7.0575E-09 6.8983E-09 6.6999E-09 6.4664E-09 6.2017E-09 5.9076E-09 5.5882E-09 5.2481E-09 4.8924E-09 4.5254E-09 4.1534E-09 3.7823E-09 3.4170E-09 3.0619E-09 2.7201E-09 2.3947E-09 2.0887E-09 1.8038E-09 1.5423E-09 1.3045E-09 1.0908E-09 9.0160E-10 7.3542E-10 5.9318E-10 4.7026E-10 3.6548E-10 2.7756E-10 1.9646E-10 1.3041E-10 4.4439E-11
2.3010E-09 2.4883E-09 2.6871E-09 2.8961E-09 3.1151E-09 3.3447E-09 3.5834E-09 3.8307E-09 4.0867E-09 4.3488E-09 4.6154E-09 4.8870E-09 5.1594E-09 5.4290E-09 5.6964E-09 5.9565E-09 6.2042E-09 6.4388E-09 6.6560E-09 6.8499E-09 7.0172E-09 7.1568E-09 7.2627E-09 7.3315E-09 7.3620E-09 7.3528E-09 7.3019E-09 7.2067E-09 7.0705E-09 6.8954E-09 6.6810E-09 6.4303E-09 6.1466E-09 5.8357E-09 5.5023E-09 5.1499E-09 4.7828E-09 4.4063E-09 4.0278E-09 3.6527E-09 3.2853E-09 2.9295E-09 2.5890E-09 2.2664E-09 1.9651E-09 1.6867E-09 1.4320E-09 1.2032E-09 9.9956E-10 8.2002E-10 6.6470E-10 5.2916E-10 4.1325E-10 3.1715E-10 2.3277E-10 1.5254E-10 6.9982E-11
2.1312E-09 2.3099E-09 2.5007E-09 2.7016E-09 2.9139E-09 3.1375E-09 3.3713E-09 3.6159E-09 3.8700E-09 4.1315E-09 4.4015E-09 4.6773E-09 4.9553E-09 5.2355E-09 5.5147E-09 5.7877E-09 6.0532E-09 6.3079E-09 6.5455E-09 6.7626E-09 6.9573E-09 7.1231E-09 7.2562E-09 7.3549E-09 7.4153E-09 7.4344E-09 7.4102E-09 7.3439E-09 7.2345E-09 7.0811E-09 6.8862E-09 6.6544E-09 6.3891E-09 6.0917E-09 5.7657E-09 5.4159E-09 5.0487E-09 4.6709E-09 4.2892E-09 3.9074E-09 3.5304E-09 3.1621E-09 2.8064E-09 2.4679E-09 2.1495E-09 1.8529E-09 1.5812E-09 1.3349E-09 1.1137E-09 9.1862E-10 7.4664E-10 5.9765E-10 4.7290E-10 3.6629E-10 2.7489E-10 1.8987E-10 1.0975E-10
1.9629E-09 2.1330E-09 2.3144E-09 2.5070E-09 2.7119E-09 2.9286E-09 3.1570E-09 3.3973E-09 3.6479E-09 3.9090E-09 4.1804E-09 4.4585E-09 4.7419E-09 5.0306E-09 5.3191E-09 5.6054E-09 5.8874E-09 6.1594E-09 6.4170E-09 6.6584E-09 6.8772E-09 7.0690E-09 7.2317E-09 7.3594E-09 7.4489E-09 7.4974E-09 7.5046E-09 7.4671E-09 7.3827E-09 7.2556E-09 7.0871E-09 6.8770E-09 6.6277E-09 6.3426E-09 6.0287E-09 5.6898E-09 5.3297E-09 4.9544E-09 4.5699E-09 4.1820E-09 3.7958E-09 3.4152E-09 3.0462E-09 2.6924E-09 2.3564E-09 2.0424E-09 1.7521E-09 1.4868E-09 1.2475E-09 1.0342E-09 8.4700E-10 6.8484E-10 5.4572E-10 4.2653E-10 3.2609E-10 2.4048E-10 1.4916E-10
1.7978E-09 1.9582E-09 2.1302E-09 2.3143E-09 2.5111E-09 2.7199E-09 2.9423E-09 3.1770E-09 3.4237E-09 3.6833E-09 3.9536E-09 4.2328E-09 4.5213E-09 4.8159E-09 5.1126E-09 5.4114E-09 5.7070E-09 5.9948E-09 6.2729E-09 6.5354E-09 6.7778E-09 6.9970E-09 7.1867E-09 7.3433E-09 7.4630E-09 7.5434E-09 7.5805E-09 7.5716E-09 7.5191E-09 7.4221E-09 7.2780E-09 7.0899E-09 6.8627E-09 6.5990E-09 6.2995E-09 5.9689E-09 5.6147E-09 5.2429E-09 4.8592E-09 4.4685E-09 4.0748E-09 3.6842E-09 3.3016E-09 2.9310E-09 2.5780E-09 2.2450E-09 1.9351E-09 1.6504E-09 1.3925E-09 1.1604E-09 9.5531E-10 7.7700E-10 6.2241E-10 4.8989E-10 3.7930E-10 2.8615E-10 2.0200E-10
