Assets/Resources/2015_m01_d01_2000(utc+0800)_l00_csi_1hr_conc.grd
DSAA
         159         159
     -79.000      79.000
     -79.000      79.000
  0.0000E+00  0.7117E-05
[rows 75 to 99 of 159, columns 57 to 113 of 159]
0.0000E+00 0.0000E+00 0.0000E+00 0.0000E+00 0.0000E+00 0.0000E+00 0.0000E+00 0.0000E+00 0.0000E+00 0.0000E+00 0.0000E+00 0.0000E+00 1.0017E-10 4.2308E-10 1.3980E-09 2.7372E-09 4.8200E-09 7.9894E-09 1.2744E-08 1.9626E-08 2.9283E-08 4.2426E-08 5.9812E-08 8.1712E-08 1.1579E-07 2.2740E-07 3.8498E-07 6.4419E-07 8.5945E-07 8.9087E-07 8.2040E-07 7.2610E-07 6.3547E-07 5.5802E-07 4.9319E-07 4.4575E-07 3.9477E-07 3.5703E-07 3.2432E-07 2.9450E-07 2.6634E-07 2.2654E-07 2.0671E-07 1.8885E-07 1.7245E-07 1.5725E-07 1.3664E-07 1.2083E-07 1.1330E-07 9.0612E-08 5.5266E-08 4.4363E-08 2.7422E-08 2.4369E-08 2.2649E-08 2.1139E-08 1.9955E-08
0.0000E+00 0.0000E+00 0.0000E+00 0.0000E+00 0.0000E+00 0.0000E+00 0.0000E+00 0.0000E+00 0.0000E+00 0.0000E+00 0.0000E+00 0.0000E+00 1.3551E-10 4.5613E-10 1.5736E-09 3.0528E-09 5.3021E-09 8.7870E-09 1.4026E-08 2.1612E-08 3.2286E-08 4.6850E-08 6.6108E-08 9.0309E-08 1.2924E-07 2.6994E-07 4.7191E-07 8.5532E-07 1.1130E-06 1.0932E-06 9.6278E-07 8.2478E-07 7.0726E-07 6.1290E-07 5.3666E-07 4.8240E-07 4.2410E-07 3.8272E-07 3.4624E-07 3.1363E-07 2.8294E-07 2.5422E-07 2.1783E-07 1.9783E-07 1.8011E-07 1.6361E-07 1.4171E-07 1.2514E-07 1.0115E-07 9.3440E-08 5.6399E-08 3.1441E-08 2.8257E-08 2.5118E-08 2.3319E-08 2.1721E-08 2.0477E-08
0.0000E+00 0.0000E+00 0.0000E+00 0.0000E+00 0.0000E+00 0.0000E+00 0.0000E+00 0.0000E+00 0.0000E+00 0.0000E+00 0.0000E+00 0.0000E+00 1.5985E-10 4.7810E-10 1.6660E-09 3.2705E-09 5.6448E-09 9.3541E-09 1.4937E-08 2.3032E-08 3.4442E-08 5.0031E-08 7.0646E-08 9.6502E-08 1.3982E-07 3.0175E-07 5.4992E-07 1.0842E-06 1.3771E-06 1.2901E-06 1.0928E-06 9.0985E-07 7.6653E-07 6.5670E-07 5.7046E-07 5.0993E-07 4.4613E-07 4.0125E-07 3.6170E-07 3.2705E-07 2.9456E-07 2.6407E-07 2.2554E-07 2.0412E-07 1.8481E-07 1.6779E-07 1.4499E-07 1.2797E-07 1.0266E-07 7.9897E-08 5.7330E-08 3.1763E-08 2.7975E-08 2.5620E-08 2.3768E-08 2.2115E-08 2.0833E-08
0.0000E+00 0.0000E+00 0.0000E+00 0.0000E+00 0.0000E+00 0.0000E+00 0.0000E+00 0.0000E+00 0.0000E+00 0.0000E+00 0.0000E+00 0.0000E+00 1.6938E-10 4.8716E-10 1.7094E-09 3.3636E-09 5.8114E-09 9.6340E-09 1.5391E-08 2.3747E-08 3.5533E-08 5.1646E-08 7.2966E-08 9.9678E-08 1.4730E-07 3.1010E-07 7.4450E-07 2.4384E-06 4.9444E-06 7.1167E-06 6.9816E-06 3.5622E-06 8.5022E-07 6.8536E-07 5.9375E-07 5.2632E-07 4.5907E-07 4.1133E-07 3.6999E-07 3.3384E-07 3.0031E-07 2.6902E-07 2.2928E-07 2.0720E-07 1.8697E-07 1.6957E-07 1.4652E-07 1.2917E-07 1.0348E-07 6.4014E-08 5.6621E-08 3.1940E-08 2.8234E-08 2.5853E-08 2.3984E-08 2.2317E-08 2.1016E-08
0.0000E+00 0.0000E+00 0.0000E+00 0.0000E+00 0.0000E+00 0.0000E+00 0.0000E+00 0.0000E+00 0.0000E+00 0.0000E+00 0.0000E+00 0.0000E+00 1.6287E-10 4.8254E-10 1.6996E-09 3.3496E-09 5.7891E-09 9.6010E-09 1.5344E-08 2.3681E-08 3.5443E-08 5.1527E-08 7.2826E-08 2.0925E-06 9.0619E-07 7.9373E-07 9.0737E-07 1.4492E-06 1.8244E-06 1.6007E-06 1.2312E-06 9.9551E-07 8.2101E-07 6.9535E-07 6.0463E-07 5.2994E-07 4.6132E-07 4.1285E-07 3.7016E-07 3.3350E-07 2.9994E-07 2.6878E-07 2.2866E-07 2.0652E-07 1.8629E-07 1.6890E-07 1.4614E-07 1.1188E-07 1.0316E-07 6.3243E-08 4.1422E-08 3.1780E-08 2.8171E-08 2.5812E-08 2.3961E-08 2.2308E-08 2.1019E-08
0.0000E+00 0.0000E+00 0.0000E+00 0.0000E+00 0.0000E+00 0.0000E+00 0.0000E+00 0.0000E+00 0.0000E+00 0.0000E+00 0.0000E+00 0.0000E+00 1.4172E-10 4.6463E-10 1.6373E-09 3.2295E-09 5.5811E-09 9.2568E-09 1.4797E-08 2.2840E-08 3.4180E-08 4.9681E-08 7.0233E-08 9.6010E-08 1.3817E-07 2.3719E-07 4.8136E-07 9.2663E-07 1.4194E-06 1.4087E-06 1.1960E-06 9.7576E-07 8.0697E-07 6.8436E-07 5.9541E-07 5.2020E-07 4.5349E-07 4.0525E-07 3.6212E-07 3.2604E-07 2.9351E-07 2.6338E-07 2.2426E-07 2.0225E-07 1.8275E-07 1.6586E-07 1.4384E-07 1.0962E-07 8.6043E-08 6.2084E-08 4.0451E-08 3.0418E-08 2.7783E-08 2.5502E-08 2.3702E-08 2.2092E-08 2.0845E-08
0.0000E+00 0.0000E+00 0.0000E+00 0.0000E+00 0.0000E+00 0.0000E+00 0.0000E+00 0.0000E+00 0.0000E+00 0.0000E+00 0.0000E+00 0.0000E+00 1.0963E-10 4.3492E-10 1.5200E-09 2.9836E-09 5.2019E-09 8.6330E-09 1.3801E-08 2.1306E-08 3.1870E-08 4.6296E-08 6.5450E-08 8.9530E-08 1.2458E-07 1.8599E-07 3.7971E-07 6.2470E-07 1.0488E-06 1.1862E-06 1.0766E-06 9.0761E-07 7.6227E-07 6.5161E-07 5.6983E-07 4.9762E-07 4.3554E-07 3.8719E-07 3.4648E-07 3.1200E-07 2.8146E-07 2.3856E-07 2.1622E-07 1.9506E-07 1.7662E-07 1.6073E-07 1.3981E-07 1.0650E-07 6.7088E-08 5.9250E-08 3.9192E-08 2.9602E-08 2.7091E-08 2.4935E-08 2.3220E-08 2.1688E-08 2.0499E-08
0.0000E+00 0.0000E+00 0.0000E+00 0.0000E+00 0.0000E+00 0.0000E+00 0.0000E+00 0.0000E+00 0.0000E+00 0.0000E+00 0.0000E+00 0.0000E+00 7.1867E-11 3.9574E-10 1.3008E-09 2.6513E-09 4.6887E-09 7.7889E-09 1.2453E-08 1.9225E-08 2.8742E-08 4.1706E-08 5.8951E-08 8.0708E-08 1.0658E-07 1.4676E-07 2.7056E-07 4.3875E-07 6.8382E-07 8.8676E-07 8.9174E-07 7.9603E-07 6.8897E-07 5.9885E-07 5.2914E-07 4.6375E-07 4.0909E-07 3.6243E-07 3.2440E-07 2.9244E-07 2.6464E-07 2.2514E-07 2.0460E-07 1.8526E-07 1.6816E-07 1.4466E-07 1.1793E-07 1.0234E-07 6.3852E-08 4.2396E-08 3.7551E-08 2.8474E-08 2.6120E-08 2.4142E-08 2.2529E-08 2.1107E-08 1.9995E-08
0.0000E+00 0.0000E+00 0.0000E+00 0.0000E+00 0.0000E+00 0.0000E+00 0.0000E+00 0.0000E+00 0.0000E+00 0.0000E+00 0.0000E+00 0.0000E+00 3.4269E-11 3.0118E-10 1.0199E-09 2.2634E-09 4.0837E-09 6.7959E-09 1.0871E-08 1.6785E-08 2.5074E-08 3.6340E-08 5.1335E-08 7.0341E-08 9.2929E-08 1.1877E-07 1.8536E-07 3.1513E-07 4.4145E-07 6.0467E-07 6.7930E-07 6.5576E-07 5.9364E-07 5.3025E-07 4.7602E-07 4.2093E-07 3.7984E-07 3.3173E-07 2.9741E-07 2.6902E-07 2.4414E-07 2.0899E-07 1.9041E-07 1.7328E-07 1.5801E-07 1.3670E-07 1.0429E-07 8.2701E-08 6.0295E-08 3.9839E-08 3.4764E-08 2.7076E-08 2.4904E-08 2.3152E-08 2.1654E-08 2.0368E-08 1.9348E-08
0.0000E+00 0.0000E+00 0.0000E+00 0.0000E+00 0.0000E+00 0.0000E+00 0.0000E+00 0.0000E+00 0.0000E+00 0.0000E+00 0.0000E+00 0.0000E+00 2.4385E-12 1.9094E-10 7.5147E-10 1.8636E-09 3.4410E-09 5.7382E-09 9.1852E-09 1.4182E-08 2.1172E-08 3.0636E-08 4.3206E-08 5.9266E-08 7.8405E-08 1.0021E-07 1.3177E-07 2.1303E-07 3.0650E-07 4.0127E-07 4.8328E-07 5.0729E-07 4.8664E-07 4.5109E-07 4.1404E-07 3.7235E-07 3.3795E-07 2.9709E-07 2.6725E-07 2.4281E-07 2.0716E-07 1.9087E-07 1.7459E-07 1.5982E-07 1.3693E-07 1.2768E-07 9.7502E-08 6.2300E-08 5.5423E-08 3.7112E-08 2.7626E-08 2.5454E-08 2.3490E-08 2.1992E-08 2.0618E-08 1.9504E-08 1.8577E-08
0.0000E+00 0.0000E+00 0.0000E+00 0.0000E+00 0.0000E+00 0.0000E+00 0.0000E+00 0.0000E+00 0.0000E+00 0.0000E+00 0.0000E+00 0.0000E+00 0.0000E+00 9.7481E-11 5.2521E-10 1.4018E-09 2.7453E-09 4.6830E-09 7.5088E-09 1.1601E-08 1.7314E-08 2.5023E-08 3.5188E-08 4.8310E-08 6.4038E-08 8.1883E-08 1.0150E-07 1.4376E-07 2.1165E-07 2.6579E-07 3.3162E-07 3.7183E-07 3.7962E-07 3.6809E-07 3.4785E-07 3.2004E-07 2.9345E-07 2.6062E-07 2.3566E-07 1.9985E-07 1.8499E-07 1.7135E-07 1.5789E-07 1.4539E-07 1.2575E-07 1.0380E-07 9.0255E-08 5.7041E-08 3.8308E-08 3.4201E-08 2.5566E-08 2.3668E-08 2.2000E-08 2.0692E-08 1.9466E-08 1.8532E-08 1.7699E-08
0.0000E+00 0.0000E+00 0.0000E+00 0.0000E+00 0.0000E+00 0.0000E+00 0.0000E+00 0.0000E+00 0.0000E+00 0.0000E+00 0.0000E+00 0.0000E+00 0.0000E+00 2.8007E-11 2.9127E-10 9.2309E-10 2.0821E-09 3.6866E-09 5.9404E-09 9.1925E-09 1.3721E-08 1.9808E-08 2.7789E-08 3.8126E-08 5.0669E-08 6.4857E-08 8.0430E-08 9.6792E-08 1.4179E-07 1.8675E-07 2.2216E-07 2.6226E-07 2.8313E-07 2.8817E-07 2.8213E-07 2.6758E-07 2.4870E-07 2.2384E-07 2.0422E-07 1.7503E-07 1.6284E-07 1.5166E-07 1.4086E-07 1.2130E-07 1.1419E-07 8.7539E-08 7.0287E-08 5.1826E-08 3.4610E-08 3.0469E-08 2.3434E-08 2.1766E-08 2.0438E-08 1.9288E-08 1.8269E-08 1.7474E-08 1.6743E-08
0.0000E+00 0.0000E+00 0.0000E+00 0.0000E+00 0.0000E+00 0.0000E+00 0.0000E+00 0.0000E+00 0.0000E+00 0.0000E+00 0.0000E+00 0.0000E+00 0.0000E+00 0.0000E+00 1.2007E-10 5.6700E-10 1.4240E-09 2.7489E-09 4.5487E-09 7.0525E-09 1.0538E-08 1.5208E-08 2.1287E-08 2.9128E-08 3.8848E-08 4.9857E-08 6.1864E-08 7.4530E-08 9.2772E-08 1.2650E-07 1.5310E-07 1.8130E-07 2.0363E-07 2.1696E-07 2.2091E-07 2.1761E-07 2.0573E-07 1.7223E-07 1.6131E-07 1.5091E-07 1.4152E-07 1.3259E-07 1.1427E-07 1.0821E-07 1.0270E-07 7.8918E-08 5.0858E-08 4.5994E-08 3.1014E-08 2.2765E-08 2.1238E-08 1.9855E-08 1.8821E-08 1.7807E-08 1.7035E-08 1.6352E-08 1.5738E-08
0.0000E+00 0.0000E+00 0.0000E+00 0.0000E+00 0.0000E+00 0.0000E+00 0.0000E+00 0.0000E+00 0.0000E+00 0.0000E+00 0.0000E+00 0.0000E+00 0.0000E+00 0.0000E+00 2.3790E-11 2.7279E-10 8.4503E-10 1.9263E-09 3.3538E-09 5.2379E-09 7.8468E-09 1.1337E-08 1.5832E-08 2.1598E-08 2.8845E-08 3.7194E-08 4.6257E-08 5.5802E-08 6.4898E-08 8.4709E-08 1.0452E-07 1.2133E-07 1.4273E-07 1.5793E-07 1.6722E-07 1.7041E-07 1.5107E-07 1.4287E-07 1.3647E-07 1.2839E-07 1.2134E-07 1.0453E-07 9.9941E-08 9.5643E-08 7.3908E-08 7.0565E-08 4.4897E-08 3.0392E-08 2.2394E-08 2.0321E-08 1.9029E-08 1.8031E-08 1.7165E-08 1.6369E-08 1.5769E-08 1.5190E-08 1.4713E-08
0.0000E+00 0.0000E+00 0.0000E+00 0.0000E+00 0.0000E+00 0.0000E+00 0.0000E+00 0.0000E+00 0.0000E+00 0.0000E+00 0.0000E+00 0.0000E+00 0.0000E+00 0.0000E+00 0.0000E+00 7.8277E-11 4.6876E-10 1.1184E-09 2.2720E-09 3.7589E-09 5.6591E-09 8.1970E-09 1.1459E-08 1.5625E-08 2.0937E-08 2.6963E-08 3.3643E-08 4.0700E-08 4.7413E-08 5.3477E-08 6.9771E-08 8.3548E-08 9.4891E-08 1.0729E-07 1.1531E-07 1.2011E-07 1.1989E-07 1.1638E-07 1.1313E-07 1.0802E-07 9.2975E-08 8.9803E-08 8.6729E-08 7.6940E-08 6.4870E-08 5.2759E-08 3.9556E-08 2.6437E-08 1.9027E-08 1.7928E-08 1.6955E-08 1.6245E-08 1.5490E-08 1.4979E-08 1.4486E-08 1.4040E-08 1.3662E-08
0.0000E+00 0.0000E+00 0.0000E+00 0.0000E+00 0.0000E+00 0.0000E+00 0.0000E+00 0.0000E+00 0.0000E+00 0.0000E+00 0.0000E+00 0.0000E+00 0.0000E+00 0.0000E+00 0.0000E+00 0.0000E+00 1.3639E-10 5.8684E-10 1.2898E-09 2.4909E-09 3.9495E-09 5.7538E-09 8.0696E-09 1.0970E-08 1.4657E-08 1.8990E-08 2.3835E-08 2.8944E-08 3.3869E-08 3.8340E-08 4.1760E-08 5.6025E-08 6.5916E-08 7.4027E-08 8.4107E-08 9.0385E-08 9.3145E-08 9.3230E-08 9.2300E-08 8.0452E-08 7.8457E-08 7.6639E-08 6.7720E-08 6.6981E-08 5.6549E-08 3.6716E-08 3.3972E-08 1.7979E-08 1.6535E-08 1.5632E-08 1.5071E-08 1.4471E-08 1.3988E-08 1.3606E-08 1.3218E-08 1.2911E-08 1.2605E-08
0.0000E+00 0.0000E+00 0.0000E+00 0.0000E+00 0.0000E+00 0.0000E+00 0.0000E+00 0.0000E+00 0.0000E+00 0.0000E+00 0.0000E+00 0.0000E+00 0.0000E+00 0.0000E+00 0.0000E+00 0.0000E+00 3.7106E-12 1.9564E-10 6.7368E-10 1.3506E-09 2.5440E-09 3.9067E-09 5.5096E-09 7.5134E-09 9.9869E-09 1.3001E-08 1.6476E-08 2.0093E-08 2.3658E-08 2.6973E-08 2.9769E-08 3.7121E-08 4.4612E-08 5.1879E-08 5.8217E-08 6.6575E-08 6.5862E-08 6.7698E-08 6.7157E-08 6.6494E-08 6.5775E-08 5.7945E-08 5.8028E-08 4.9940E-08 4.9166E-08 3.1541E-08 1.6189E-08 1.4934E-08 1.4140E-08 1.3686E-08 1.3252E-08 1.2830E-08 1.2564E-08 1.2259E-08 1.2026E-08 1.1793E-08 1.1583E-08
0.0000E+00 0.0000E+00 0.0000E+00 0.0000E+00 0.0000E+00 0.0000E+00 0.0000E+00 0.0000E+00 0.0000E+00 0.0000E+00 0.0000E+00 0.0000E+00 0.0000E+00 0.0000E+00 0.0000E+00 0.0000E+00 0.0000E+00 9.3870E-12 2.1832E-10 7.1308E-10 1.1948E-09 1.7458E-09 2.9261E-09 4.0156E-09 5.3654E-09 7.0649E-09 1.1124E-08 1.3673E-08 1.6209E-08 1.8589E-08 2.0884E-08 2.2793E-08 2.9740E-08 3.5548E-08 4.1362E-08 4.6514E-08 5.0247E-08 5.3234E-08 5.4044E-08 5.4627E-08 4.7948E-08 4.8862E-08 4.9267E-08 4.2710E-08 3.5509E-08 2.1895E-08 1.3592E-08 1.2476E-08 1.2173E-08 1.1875E-08 1.1546E-08 1.1396E-08 1.1178E-08 1.1026E-08 1.0873E-08 1.0719E-08 1.0589E-08
0.0000E+00 0.0000E+00 0.0000E+00 0.0000E+00 0.0000E+00 0.0000E+00 0.0000E+00 0.0000E+00 0.0000E+00 0.0000E+00 0.0000E+00 0.0000E+00 0.0000E+00 0.0000E+00 0.0000E+00 0.0000E+00 0.0000E+00 6.1437E-13 5.4484E-12 1.9038E-10 6.9029E-10 1.1513E-09 1.6365E-09 2.2778E-09 3.0485E-09 4.0121E-09 5.3561E-09 6.8494E-09 8.3194E-09 9.8661E-09 1.4358E-08 1.5939E-08 1.7654E-08 2.4025E-08 2.8829E-08 3.3702E-08 3.7777E-08 4.1182E-08 3.6602E-08 3.8132E-08 3.9608E-08 4.0856E-08 4.1966E-08 3.6432E-08 1.8708E-08 1.8148E-08 1.1155E-08 1.0560E-08 1.0407E-08 1.0178E-08 1.0122E-08 1.0009E-08 9.9332E-09 9.8612E-09 9.7761E-09 9.7072E-09 9.6138E-09
0.0000E+00 0.0000E+00 0.0000E+00 0.0000E+00 0.0000E+00 0.0000E+00 0.0000E+00 0.0000E+00 0.0000E+00 0.0000E+00 0.0000E+00 0.0000E+00 0.0000E+00 0.0000E+00 0.0000E+00 0.0000E+00 0.0000E+00 0.0000E+00 2.4919E-12 1.2967E-11 4.1454E-11 2.1605E-10 5.2933E-10 7.9106E-10 1.9732E-09 2.6124E-09 3.4980E-09 4.6780E-09 5.8470E-09 6.9125E-09 8.1024E-09 9.1119E-09 1.0363E-08 1.1894E-08 1.8726E-08 1.9813E-08 2.3620E-08 2.6302E-08 2.8442E-08 3.0501E-08 3.2377E-08 3.4139E-08 3.0154E-08 2.5925E-08 1.5482E-08 9.3109E-09 8.8850E-09 8.8537E-09 8.7860E-09 8.7715E-09 8.7679E-09 8.7958E-09 8.7866E-09 8.7689E-09 8.7647E-09 8.7272E-09 8.7035E-09
0.0000E+00 0.0000E+00 0.0000E+00 0.0000E+00 0.0000E+00 0.0000E+00 0.0000E+00 0.0000E+00 0.0000E+00 0.0000E+00 0.0000E+00 0.0000E+00 0.0000E+00 0.0000E+00 0.0000E+00 0.0000E+00 0.0000E+00 0.0000E+00 5.1353E-13 5.8754E-12 2.1215E-11 4.5527E-11 9.0199E-11 1.8104E-10 3.2940E-10 4.9030E-10 7.3126E-10 1.2928E-09 2.8257E-09 3.6005E-09 5.5021E-09 6.3917E-09 7.4267E-09 8.7882E-09 1.0133E-08 1.3868E-08 1.6678E-08 1.9457E-08 2.1803E-08 2.4348E-08 2.6379E-08 2.3378E-08 2.0691E-08 1.7140E-08 1.2409E-08 7.5908E-09 7.2537E-09 7.3531E-09 7.4755E-09 7.5528E-09 7.6315E-09 7.6905E-09 7.7306E-09 7.7809E-09 7.7950E-09 7.8268E-09 7.8416E-09
0.0000E+00 0.0000E+00 0.0000E+00 0.0000E+00 0.0000E+00 0.0000E+00 0.0000E+00 0.0000E+00 0.0000E+00 0.0000E+00 0.0000E+00 0.0000E+00 0.0000E+00 0.0000E+00 0.0000E+00 0.0000E+00 0.0000E+00 0.0000E+00 0.0000E+00 2.2962E-12 1.1221E-11 2.9949E-11 5.6155E-11 9.8579E-11 1.6444E-10 3.0561E-10 4.6107E-10 7.5649E-10 1.3372E-09 1.9753E-09 2.5248E-09 3.1669E-09 4.6849E-09 5.7132E-09 7.0155E-09 8.5213E-09 1.1898E-08 1.5202E-08 1.4436E-08 1.6107E-08 1.7732E-08 1.9223E-08 1.7164E-08 1.0189E-08 6.2005E-09 6.0556E-09 5.9835E-09 6.1159E-09 6.3009E-09 6.4591E-09 6.5845E-09 6.7021E-09 6.7873E-09 6.8498E-09 6.9283E-09 6.9826E-09 7.0065E-09
0.0000E+00 0.0000E+00 0.0000E+00 0.0000E+00 0.0000E+00 0.0000E+00 0.0000E+00 0.0000E+00 0.0000E+00 0.0000E+00 0.0000E+00 0.0000E+00 0.0000E+00 0.0000E+00 0.0000E+00 0.0000E+00 0.0000E+00 0.0000E+00 0.0000E+00 0.0000E+00 5.1820E-12 1.7218E-11 3.8493E-11 6.5832E-11 1.1107E-10 1.5586E-10 2.3226E-10 4.0801E-10 6.9056E-10 1.2631E-09 1.8547E-09 2.3277E-09 2.9834E-09 3.6975E-09 4.7934E-09 6.0662E-09 7.4825E-09 9.0162E-09 1.0642E-08 1.2162E-08 1.4411E-08 1.3083E-08 1.1292E-08 8.1902E-09 4.6432E-09 4.7027E-09 4.8822E-09 5.1151E-09 5.3211E-09 5.5030E-09 5.6559E-09 5.7990E-09 5.9205E-09 6.0011E-09 6.0983E-09 6.1852E-09 6.2661E-09
0.0000E+00 0.0000E+00 0.0000E+00 0.0000E+00 0.0000E+00 0.0000E+00 0.0000E+00 0.0000E+00 0.0000E+00 0.0000E+00 0.0000E+00 0.0000E+00 0.0000E+00 0.0000E+00 0.0000E+00 0.0000E+00 0.0000E+00 0.0000E+00 0.0000E+00 0.0000E+00 1.3202E-12 8.9611E-12 2.2753E-11 4.7001E-11 7.3566E-11 1.2000E-10 1.6242E-10 2.1350E-10 3.0660E-10 6.0437E-10 1.1933E-09 1.7298E-09 2.2672E-09 2.9679E-09 3.8797E-09 4.9480E-09 6.1469E-09 7.4509E-09 8.8441E-09 1.0292E-08 1.1777E-08 1.0717E-08 6.3833E-09 6.6123E-09 3.7658E-09 3.7179E-09 3.9899E-09 4.2219E-09 4.4813E-09 4.6699E-09 4.8045E-09 4.9712E-09 5.1159E-09 5.2510E-09 5.3753E-09 5.4845E-09 5.5790E-09
0.0000E+00 0.0000E+00 0.0000E+00 0.0000E+00 0.0000E+00 0.0000E+00 0.0000E+00 0.0000E+00 0.0000E+00 0.0000E+00 0.0000E+00 0.0000E+00 0.0000E+00 0.0000E+00 0.0000E+00 0.0000E+00 0.0000E+00 0.0000E+00 0.0000E+00 0.0000E+00 0.0000E+00 3.2877E-12 1.2825E-11 2.7718E-11 5.4365E-11 7.2888E-11 1.0845E-10 1.6751E-10 2.1460E-10 3.2546E-10 6.2168E-10 1.1482E-09 1.7438E-09 2.4317E-09 3.1924E-09 4.0865E-09 5.0626E-09 6.1122E-09 7.3090E-09 8.5511E-09 8.1578E-09 8.9812E-09 5.1335E-09 2.7698E-09 3.0137E-09 3.0565E-09 3.3701E-09 3.5863E-09 3.7868E-09 3.9706E-09 4.1440E-09 4.3071E-09 4.4564E-09 4.5974E-09 4.7254E-09 4.8418E-09 4.9444E-09
