Assets/Resources/2015_m01_d17_0100(utc+0800)_l00_csi_1hr_conc.grd
DSAA
         159         159
     -79.000      79.000
     -79.000      79.000
  0.0000E+00  0.4973E-05
[rows 0 to 24 of 159, columns 57 to 113 of 159]
4.9131E-10 5.8497E-10 6.9237E-10 8.1009E-10 9.4204E-10 1.0844E-09 1.2387E-09 1.4060E-09 1.5792E-09 1.7597E-09 1.9460E-09 2.1348E-09 2.3216E-09 2.5031E-09 2.6773E-09 2.8409E-09 2.9906E-09 3.1234E-09 3.2358E-09 3.3253E-09 3.3902E-09 3.4288E-09 3.4406E-09 3.4255E-09 3.3838E-09 3.3168E-09 3.2261E-09 3.1138E-09 2.9825E-09 2.8351E-09 2.6754E-09 2.5063E-09 2.3312E-09 2.1524E-09 1.9725E-09 1.7940E-09 1.6202E-09 1.4539E-09 1.2958E-09 1.1463E-09 1.0064E-09 8.7839E-10 7.6233E-10 6.5620E-10 5.6081E-10 4.7731E-10 4.0301E-10 3.3708E-10 2.8074E-10 2.3216E-10 1.8979E-10 1.5430E-10 1.2441E-10 9.8547E-11 7.6830E-11 5.8964E-11 4.3255E-11
5.1404E-10 6.1521E-10 7.2685E-10 8.5441E-10 9.9289E-10 1.1470E-09 1.3139E-09 1.4899E-09 1.6777E-09 1.8732E-09 2.0734E-09 2.2747E-09 2.4758E-09 2.6733E-09 2.8631E-09 3.0408E-09 3.2025E-09 3.3451E-09 3.4650E-09 3.5604E-09 3.6291E-09 3.6697E-09 3.6813E-09 3.6639E-09 3.6180E-09 3.5449E-09 3.4465E-09 3.3249E-09 3.1828E-09 3.0233E-09 2.8496E-09 2.6653E-09 2.4744E-09 2.2810E-09 2.0878E-09 1.8966E-09 1.7104E-09 1.5307E-09 1.3610E-09 1.2023E-09 1.0541E-09 9.1704E-10 7.9304E-10 6.8225E-10 5.8186E-10 4.9295E-10 4.1603E-10 3.4767E-10 2.8810E-10 2.3806E-10 1.9441E-10 1.5737E-10 1.2689E-10 1.0001E-10 7.7464E-11 5.9327E-11 4.3282E-11
5.3762E-10 6.4159E-10 7.6233E-10 8.9477E-10 1.0457E-09 1.2087E-09 1.3855E-09 1.5759E-09 1.7767E-09 1.9852E-09 2.2000E-09 2.4184E-09 2.6356E-09 2.8479E-09 3.0511E-09 3.2413E-09 3.4153E-09 3.5691E-09 3.6993E-09 3.8032E-09 3.8778E-09 3.9215E-09 3.9336E-09 3.9135E-09 3.8622E-09 3.7813E-09 3.6725E-09 3.5387E-09 3.3838E-09 3.2109E-09 3.0237E-09 2.8255E-09 2.6201E-09 2.4111E-09 2.2018E-09 1.9970E-09 1.7981E-09 1.6067E-09 1.4250E-09 1.2551E-09 1.0989E-09 9.5456E-10 8.2282E-10 7.0502E-10 6.0102E-10 5.0768E-10 4.2641E-10 3.5662E-10 2.9476E-10 2.4210E-10 1.9807E-10 1.5973E-10 1.2799E-10 1.0076E-10 7.7389E-11 5.8923E-11 4.2862E-11
5.5712E-10 6.6903E-10 7.9329E-10 9.3795E-10 1.0949E-09 1.2694E-09 1.4576E-09 1.6603E-09 1.8749E-09 2.0989E-09 2.3292E-09 2.5629E-09 2.7957E-09 3.0238E-09 3.2430E-09 3.4491E-09 3.6375E-09 3.8035E-09 3.9434E-09 4.0541E-09 4.1331E-09 4.1788E-09 4.1905E-09 4.1680E-09 4.1121E-09 4.0239E-09 3.9058E-09 3.7607E-09 3.5920E-09 3.4035E-09 3.1996E-09 2.9856E-09 2.7648E-09 2.5404E-09 2.3165E-09 2.0962E-09 1.8832E-09 1.6800E-09 1.4874E-09 1.3067E-09 1.1397E-09 9.8870E-10 8.5048E-10 7.2607E-10 6.1658E-10 5.2042E-10 4.3543E-10 3.6281E-10 3.0002E-10 2.4543E-10 2.0006E-10 1.6121E-10 1.2825E-10 1.0093E-10 7.7177E-11 5.7811E-11 4.1931E-11
5.7782E-10 6.9250E-10 8.2742E-10 9.7625E-10 1.1445E-09 1.3277E-09 1.5294E-09 1.7446E-09 1.9728E-09 2.2123E-09 2.4590E-09 2.7092E-09 2.9587E-09 3.2033E-09 3.4392E-09 3.6601E-09 3.8614E-09 4.0391E-09 4.1890E-09 4.3077E-09 4.3927E-09 4.4414E-09 4.4528E-09 4.4269E-09 4.3648E-09 4.2681E-09 4.1397E-09 3.9832E-09 3.8016E-09 3.5990E-09 3.3800E-09 3.1491E-09 2.9107E-09 2.6701E-09 2.4306E-09 2.1950E-09 1.9671E-09 1.7497E-09 1.5464E-09 1.3559E-09 1.1797E-09 1.0190E-09 8.7566E-10 7.4560E-10 6.3030E-10 5.3046E-10 4.4296E-10 3.6702E-10 3.0341E-10 2.4766E-10 2.0055E-10 1.6183E-10 1.2818E-10 9.9551E-11 7.6192E-11 5.6382E-11 4.0341E-11
5.9440E-10 7.1658E-10 8.5667E-10 1.0156E-09 1.1908E-09 1.3874E-09 1.5987E-09 1.8267E-09 2.0721E-09 2.3263E-09 2.5887E-09 2.8553E-09 3.1240E-09 3.3874E-09 3.6399E-09 3.8773E-09 4.0945E-09 4.2861E-09 4.4473E-09 4.5746E-09 4.6649E-09 4.7161E-09 4.7271E-09 4.6977E-09 4.6291E-09 4.5231E-09 4.3826E-09 4.2112E-09 4.0133E-09 3.7944E-09 3.5587E-09 3.3106E-09 3.0555E-09 2.7976E-09 2.5417E-09 2.2922E-09 2.0502E-09 1.8192E-09 1.6020E-09 1.4015E-09 1.2166E-09 1.0480E-09 8.9619E-10 7.6253E-10 6.4231E-10 5.3774E-10 4.4829E-10 3.7031E-10 3.0432E-10 2.4862E-10 2.0056E-10 1.6120E-10 1.2731E-10 9.7526E-11 7.4308E-11 5.4579E-11 3.8766E-11
6.1114E-10 7.3934E-10 8.8644E-10 1.0510E-09 1.2388E-09 1.4429E-09 1.6679E-09 1.9113E-09 2.1683E-09 2.4393E-09 2.7205E-09 3.0081E-09 3.2941E-09 3.5748E-09 3.8454E-09 4.0993E-09 4.3312E-09 4.5354E-09 4.7076E-09 4.8431E-09 4.9391E-09 4.9931E-09 5.0039E-09 4.9716E-09 4.8972E-09 4.7831E-09 4.6320E-09 4.4476E-09 4.2345E-09 3.9979E-09 3.7431E-09 3.4763E-09 3.2026E-09 2.9265E-09 2.6529E-09 2.3856E-09 2.1302E-09 1.8868E-09 1.6572E-09 1.4444E-09 1.2508E-09 1.0744E-09 9.1579E-10 7.7525E-10 6.5270E-10 5.4374E-10 4.5098E-10 3.7170E-10 3.0390E-10 2.4796E-10 1.9952E-10 1.5918E-10 1.2550E-10 9.5080E-11 7.1915E-11 5.2743E-11 3.6935E-11
6.2716E-10 7.6101E-10 9.1126E-10 1.0879E-09 1.2822E-09 1.4993E-09 1.7365E-09 1.9921E-09 2.2666E-09 2.5568E-09 2.8556E-09 3.1591E-09 3.4651E-09 3.7659E-09 4.0555E-09 4.3282E-09 4.5773E-09 4.7973E-09 4.9823E-09 5.1279E-09 5.2305E-09 5.2876E-09 5.2977E-09 5.2608E-09 5.1782E-09 5.0524E-09 4.8868E-09 4.6867E-09 4.4568E-09 4.2021E-09 3.9289E-09 3.6428E-09 3.3497E-09 3.0557E-09 2.7641E-09 2.4800E-09 2.2074E-09 1.9499E-09 1.7099E-09 1.4866E-09 1.2816E-09 1.0982E-09 9.3274E-10 7.8645E-10 6.5916E-10 5.4856E-10 4.5166E-10 3.7122E-10 3.0252E-10 2.4513E-10 1.9738E-10 1.5648E-10 1.2239E-10 9.2374E-11 6.9018E-11 5.0022E-11 3.4353E-11
6.3929E-10 7.7822E-10 9.3996E-10 1.1210E-09 1.3256E-09 1.5541E-09 1.8043E-09 2.0753E-09 2.3671E-09 2.6724E-09 2.9904E-09 3.3164E-09 3.6431E-09 3.9647E-09 4.2750E-09 4.5667E-09 4.8332E-09 5.0684E-09 5.2663E-09 5.4219E-09 5.5311E-09 5.5913E-09 5.6013E-09 5.5610E-09 5.4714E-09 5.3352E-09 5.1561E-09 4.9388E-09 4.6893E-09 4.4141E-09 4.1198E-09 3.8126E-09 3.4987E-09 3.1836E-09 2.8743E-09 2.5739E-09 2.2849E-09 2.0121E-09 1.7586E-09 1.5254E-09 1.3122E-09 1.1189E-09 9.4813E-10 7.9573E-10 6.6402E-10 5.5040E-10 4.5202E-10 3.6890E-10 2.9946E-10 2.4122E-10 1.9411E-10 1.5329E-10 1.1805E-10 8.9136E-11 6.5759E-11 4.6926E-11 3.1189E-11
6.5276E-10 7.9852E-10 9.6329E-10 1.1520E-09 1.3689E-09 1.6090E-09 1.8715E-09 2.1597E-09 2.4665E-09 2.7935E-09 3.1312E-09 3.4769E-09 3.8247E-09 4.1672E-09 4.4984E-09 4.8110E-09 5.0972E-09 5.3499E-09 5.5622E-09 5.7288E-09 5.8454E-09 5.9091E-09 5.9182E-09 5.8727E-09 5.7741E-09 5.6253E-09 5.4316E-09 5.1974E-09 4.9291E-09 4.6334E-09 4.3171E-09 3.9879E-09 3.6519E-09 3.3157E-09 2.9852E-09 2.6653E-09 2.3617E-09 2.0745E-09 1.8066E-09 1.5616E-09 1.3393E-09 1.1389E-09 9.6028E-10 8.0410E-10 6.6660E-10 5.5062E-10 4.5058E-10 3.6475E-10 2.9515E-10 2.3682E-10 1.8922E-10 1.4920E-10 1.1325E-10 8.5000E-11 6.2122E-11 4.2616E-11 2.7500E-11
6.6683E-10 8.1146E-10 9.8553E-10 1.1868E-09 1.4110E-09 1.6612E-09 1.9423E-09 2.2449E-09 2.5712E-09 2.9145E-09 3.2730E-09 3.6414E-09 4.0125E-09 4.3799E-09 4.7363E-09 5.0712E-09 5.3779E-09 5.6488E-09 5.8767E-09 6.0556E-09 6.1806E-09 6.2482E-09 6.2569E-09 6.2065E-09 6.0987E-09 5.9370E-09 5.7259E-09 5.4716E-09 5.1810E-09 4.8622E-09 4.5222E-09 4.1685E-09 3.8094E-09 3.4517E-09 3.0997E-09 2.7600E-09 2.4371E-09 2.1349E-09 1.8546E-09 1.5972E-09 1.3644E-09 1.1562E-09 9.7161E-10 8.0956E-10 6.6961E-10 5.4835E-10 4.4731E-10 3.6124E-10 2.8959E-10 2.3115E-10 1.8329E-10 1.4386E-10 1.0809E-10 8.0256E-11 5.7918E-11 3.8714E-11 2.3886E-11
6.7355E-10 8.2867E-10 1.0115E-09 1.2166E-09 1.4511E-09 1.7198E-09 2.0120E-09 2.3316E-09 2.6742E-09 3.0407E-09 3.4223E-09 3.8149E-09 4.2120E-09 4.6041E-09 4.9833E-09 5.3419E-09 5.6714E-09 5.9625E-09 6.2075E-09 6.3993E-09 6.5328E-09 6.6042E-09 6.6120E-09 6.5562E-09 6.4386E-09 6.2634E-09 6.0359E-09 5.7618E-09 5.4487E-09 5.1047E-09 4.7383E-09 4.3588E-09 3.9738E-09 3.5905E-09 3.2174E-09 2.8578E-09 2.5156E-09 2.1956E-09 1.9013E-09 1.6319E-09 1.3893E-09 1.1726E-09 9.8099E-10 8.1457E-10 6.6999E-10 5.4659E-10 4.4301E-10 3.5560E-10 2.8271E-10 2.2455E-10 1.7693E-10 1.3733E-10 1.0264E-10 7.5155E-11 5.1691E-11 3.4563E-11 2.0638E-11
6.8458E-10 8.4672E-10 1.0294E-09 1.2478E-09 1.4974E-09 1.7744E-09 2.0823E-09 2.4197E-09 2.7849E-09 3.1716E-09 3.5779E-09 3.9963E-09 4.4186E-09 4.8385E-09 5.2470E-09 5.6335E-09 5.9874E-09 6.3001E-09 6.5635E-09 6.7698E-09 6.9135E-09 6.9901E-09 6.9973E-09 6.9352E-09 6.8063E-09 6.6149E-09 6.3667E-09 6.0691E-09 5.7310E-09 5.3606E-09 4.9680E-09 4.5611E-09 4.1485E-09 3.7391E-09 3.3399E-09 2.9575E-09 2.5965E-09 2.2595E-09 1.9480E-09 1.6669E-09 1.4132E-09 1.1882E-09 9.9039E-10 8.1702E-10 6.7036E-10 5.4363E-10 4.3704E-10 3.4977E-10 2.7572E-10 2.1743E-10 1.7010E-10 1.2935E-10 9.6539E-11 6.8528E-11 4.6475E-11 2.9958E-11 1.7816E-11
6.8847E-10 8.5731E-10 1.0544E-09 1.2823E-09 1.5383E-09 1.8300E-09 2.1562E-09 2.5123E-09 2.8975E-09 3.3087E-09 3.7409E-09 4.1876E-09 4.6419E-09 5.0926E-09 5.5304E-09 5.9446E-09 6.3257E-09 6.6627E-09 6.9465E-09 7.1684E-09 7.3220E-09 7.4031E-09 7.4094E-09 7.3417E-09 7.2019E-09 6.9944E-09 6.7252E-09 6.4027E-09 6.0361E-09 5.6356E-09 5.2117E-09 4.7743E-09 4.3335E-09 3.8968E-09 3.4709E-09 3.0636E-09 2.6809E-09 2.3247E-09 1.9986E-09 1.7021E-09 1.4380E-09 1.2034E-09 9.9875E-10 8.2175E-10 6.6823E-10 5.4018E-10 4.3134E-10 3.4274E-10 2.6849E-10 2.0918E-10 1.6252E-10 1.2134E-10 8.8890E-11 6.1751E-11 4.1223E-11 2.5564E-11 1.5291E-11
7.0113E-10 8.7509E-10 1.0783E-09 1.3097E-09 1.5828E-09 1.8898E-09 2.2309E-09 2.6067E-09 3.0152E-09 3.4534E-09 3.9154E-09 4.3933E-09 4.8783E-09 5.3612E-09 5.8320E-09 6.2790E-09 6.6901E-09 7.0536E-09 7.3591E-09 7.5982E-09 7.7640E-09 7.8513E-09 7.8575E-09 7.7824E-09 7.6286E-09 7.4017E-09 7.1090E-09 6.7600E-09 6.3648E-09 5.9331E-09 5.4762E-09 5.0056E-09 4.5320E-09 4.0644E-09 3.6114E-09 3.1786E-09 2.7704E-09 2.3946E-09 2.0505E-09 1.7406E-09 1.4634E-09 1.2200E-09 1.0074E-09 8.2425E-10 6.6783E-10 5.3604E-10 4.2510E-10 3.3542E-10 2.6115E-10 2.0083E-10 1.5318E-10 1.1298E-10 8.0770E-11 5.5157E-11 3.6624E-11 2.2012E-11 1.2068E-11
7.0878E-10 8.8273E-10 1.0968E-09 1.3453E-09 1.6276E-09 1.9480E-09 2.3081E-09 2.7061E-09 3.1414E-09 3.6075E-09 4.0987E-09 4.6099E-09 5.1314E-09 5.6517E-09 6.1594E-09 6.6418E-09 7.0853E-09 7.4786E-09 7.8100E-09 8.0691E-09 8.2479E-09 8.3408E-09 8.3455E-09 8.2623E-09 8.0945E-09 7.8469E-09 7.5283E-09 7.1484E-09 6.7187E-09 6.2514E-09 5.7597E-09 5.2540E-09 4.7453E-09 4.2441E-09 3.7599E-09 3.2992E-09 2.8679E-09 2.4684E-09 2.1061E-09 1.7800E-09 1.4917E-09 1.2375E-09 1.0160E-09 8.2839E-10 6.6733E-10 5.3179E-10 4.1936E-10 3.2738E-10 2.5350E-10 1.9231E-10 1.4332E-10 1.0287E-10 7.2824E-11 4.8761E-11 3.1839E-11 1.8876E-11 9.1687E-12
7.1460E-10 9.0143E-10 1.1227E-09 1.3755E-09 1.6718E-09 2.0098E-09 2.3887E-09 2.8120E-09 3.2719E-09 3.7674E-09 4.2952E-09 4.8437E-09 5.4032E-09 5.9630E-09 6.5103E-09 7.0305E-09 7.5101E-09 7.9352E-09 8.2932E-09 8.5724E-09 8.7651E-09 8.8656E-09 8.8703E-09 8.7792E-09 8.5960E-09 8.3269E-09 7.9811E-09 7.5695E-09 7.1046E-09 6.5996E-09 6.0679E-09 5.5229E-09 4.9776E-09 4.4418E-09 3.9233E-09 3.4318E-09 2.9725E-09 2.5501E-09 2.1656E-09 1.8243E-09 1.5200E-09 1.2560E-09 1.0278E-09 8.3152E-10 6.6737E-10 5.2801E-10 4.1293E-10 3.1870E-10 2.4547E-10 1.8320E-10 1.3168E-10 9.2767E-11 6.5258E-11 4.3394E-11 2.7089E-11 1.5342E-11 6.8938E-12
7.2315E-10 9.1377E-10 1.1392E-09 1.4089E-09 1.7196E-09 2.0717E-09 2.4748E-09 2.9189E-09 3.4099E-09 3.9408E-09 4.5029E-09 5.0906E-09 5.6923E-09 6.2952E-09 6.8850E-09 7.4475E-09 7.9672E-09 8.4282E-09 8.8168E-09 9.1211E-09 9.3302E-09 9.4378E-09 9.4409E-09 9.3402E-09 9.1396E-09 8.8466E-09 8.4710E-09 8.0245E-09 7.5210E-09 6.9752E-09 6.4012E-09 5.8141E-09 5.2267E-09 4.6510E-09 4.0986E-09 3.5747E-09 3.0859E-09 2.6377E-09 2.2335E-09 1.8713E-09 1.5537E-09 1.2766E-09 1.0389E-09 8.3636E-10 6.6623E-10 5.2461E-10 4.0802E-10 3.1129E-10 2.3665E-10 1.7277E-10 1.2010E-10 8.2899E-11 5.7129E-11 3.7677E-11 2.2912E-11 1.1849E-11 4.6953E-12
7.2686E-10 9.2739E-10 1.1642E-09 1.4422E-09 1.7642E-09 2.1391E-09 2.5586E-09 3.0345E-09 3.5557E-09 4.1196E-09 4.7217E-09 5.3519E-09 5.9986E-09 6.6483E-09 7.2857E-09 7.8951E-09 8.4572E-09 8.9562E-09 9.3766E-09 9.7046E-09 9.9302E-09 1.0046E-08 1.0050E-08 9.9411E-09 9.7233E-09 9.4046E-09 8.9962E-09 8.5119E-09 7.9668E-09 7.3772E-09 6.7592E-09 6.1280E-09 5.4963E-09 4.8792E-09 4.2865E-09 3.7279E-09 3.2089E-09 2.7336E-09 2.3038E-09 1.9241E-09 1.5904E-09 1.2997E-09 1.0523E-09 8.4248E-10 6.6670E-10 5.2052E-10 4.0211E-10 3.0338E-10 2.2562E-10 1.6036E-10 1.0902E-10 7.3591E-11 4.8972E-11 3.2302E-11 1.8568E-11 8.3569E-12 2.7813E-12
7.3695E-10 9.4257E-10 1.1850E-09 1.4735E-09 1.8133E-09 2.2028E-09 2.6511E-09 3.1517E-09 3.7045E-09 4.3064E-09 4.9498E-09 5.6260E-09 6.3217E-09 7.0216E-09 7.7101E-09 8.3671E-09 8.9754E-09 9.5159E-09 9.9719E-09 1.0329E-08 1.0575E-08 1.0701E-08 1.0704E-08 1.0584E-08 1.0346E-08 9.9993E-09 9.5570E-09 9.0330E-09 8.4440E-09 7.8070E-09 7.1405E-09 6.4609E-09 5.7844E-09 5.1232E-09 4.4892E-09 3.8934E-09 3.3418E-09 2.8372E-09 2.3841E-09 1.9804E-09 1.6299E-09 1.3260E-09 1.0669E-09 8.4907E-10 6.6721E-10 5.1657E-10 3.9613E-10 2.9689E-10 2.1490E-10 1.4911E-10 9.8739E-11 6.5181E-11 4.2043E-11 2.5460E-11 1.4121E-11 5.5103E-12 1.6150E-12
7.3915E-10 9.4957E-10 1.2060E-09 1.5068E-09 1.8593E-09 2.2722E-09 2.7402E-09 3.2700E-09 3.8576E-09 4.4982E-09 5.1871E-09 5.9113E-09 6.6574E-09 7.4111E-09 8.1523E-09 8.8628E-09 9.5202E-09 1.0105E-08 1.0598E-08 1.0984E-08 1.1250E-08 1.1385E-08 1.1387E-08 1.1257E-08 1.1001E-08 1.0627E-08 1.0148E-08 9.5816E-09 8.9458E-09 8.2595E-09 7.5424E-09 6.8125E-09 6.0874E-09 5.3807E-09 4.7053E-09 4.0694E-09 3.4824E-09 2.9485E-09 2.4685E-09 2.0433E-09 1.6729E-09 1.3545E-09 1.0839E-09 8.5683E-10 6.6968E-10 5.1452E-10 3.8881E-10 2.8729E-10 2.0396E-10 1.3751E-10 9.0037E-11 5.6649E-11 3.5512E-11 1.9636E-11 9.1242E-12 3.9183E-12 8.1171E-13
7.4769E-10 9.6541E-10 1.2256E-09 1.5365E-09 1.9086E-09 2.3358E-09 2.8307E-09 3.3897E-09 4.0115E-09 4.6946E-09 5.4279E-09 6.2011E-09 7.0024E-09 7.8111E-09 8.6090E-09 9.3732E-09 1.0082E-08 1.0712E-08 1.1246E-08 1.1664E-08 1.1951E-08 1.2099E-08 1.2104E-08 1.1963E-08 1.1685E-08 1.1281E-08 1.0766E-08 1.0156E-08 9.4733E-09 8.7373E-09 7.9684E-09 7.1864E-09 6.4099E-09 5.6554E-09 4.9350E-09 4.2585E-09 3.6340E-09 3.0666E-09 2.5598E-09 2.1108E-09 1.7200E-09 1.3858E-09 1.1034E-09 8.6561E-10 6.7130E-10 5.1347E-10 3.8215E-10 2.7834E-10 1.9446E-10 1.2877E-10 8.1678E-11 4.8528E-11 2.8380E-11 1.5051E-11 6.6638E-12 2.6476E-12 7.4313E-13
7.5034E-10 9.7180E-10 1.2417E-09 1.5687E-09 1.9505E-09 2.4002E-09 2.9181E-09 3.5065E-09 4.1660E-09 4.8883E-09 5.6677E-09 6.4939E-09 7.3484E-09 8.2142E-09 9.0683E-09 9.8891E-09 1.0651E-08 1.1332E-08 1.1906E-08 1.2357E-08 1.2667E-08 1.2827E-08 1.2831E-08 1.2681E-08 1.2384E-08 1.1953E-08 1.1402E-08 1.0750E-08 1.0018E-08 9.2297E-09 8.4077E-09 7.5728E-09 6.7445E-09 5.9402E-09 5.1734E-09 4.4552E-09 3.7936E-09 3.1932E-09 2.6559E-09 2.1829E-09 1.7717E-09 1.4196E-09 1.1248E-09 8.7901E-10 6.7496E-10 5.1092E-10 3.7693E-10 2.7111E-10 1.8566E-10 1.2036E-10 7.2694E-11 4.0606E-11 2.1885E-11 1.1520E-11 5.0217E-12 1.6814E-12 6.2449E-13
7.5307E-10 9.8113E-10 1.2603E-09 1.5938E-09 1.9913E-09 2.4587E-09 3.0014E-09 3.6208E-09 4.3120E-09 5.0767E-09 5.9035E-09 6.7784E-09 7.6883E-09 8.6104E-09 9.5235E-09 1.0401E-08 1.1218E-08 1.1946E-08 1.2563E-08 1.3047E-08 1.3382E-08 1.3557E-08 1.3566E-08 1.3409E-08 1.3095E-08 1.2636E-08 1.2050E-08 1.1356E-08 1.0578E-08 9.7386E-09 8.8637E-09 7.9756E-09 7.0943E-09 6.2387E-09 5.4244E-09 4.6624E-09 3.9605E-09 3.3263E-09 2.7599E-09 2.2602E-09 1.8278E-09 1.4583E-09 1.1492E-09 8.9251E-10 6.8067E-10 5.1028E-10 3.7465E-10 2.6650E-10 1.7993E-10 1.1295E-10 6.5228E-11 3.4081E-11 1.6643E-11 8.5935E-12 3.7687E-12 1.3253E-12 4.7363E-13
7.5371E-10 9.8812E-10 1.2719E-09 1.6151E-09 2.0259E-09 2.5132E-09 3.0781E-09 3.7230E-09 4.4514E-09 5.2541E-09 6.1246E-09 7.0506E-09 8.0134E-09 8.9922E-09 9.9615E-09 1.0896E-08 1.1766E-08 1.2544E-08 1.3205E-08 1.3725E-08 1.4085E-08 1.4275E-08 1.4290E-08 1.4131E-08 1.3803E-08 1.3319E-08 1.2701E-08 1.1967E-08 1.1144E-08 1.0255E-08 9.3270E-09 8.3853E-09 7.4511E-09 6.5450E-09 5.6829E-09 4.8770E-09 4.1354E-09 3.4654E-09 2.8695E-09 2.3443E-09 1.8895E-09 1.5023E-09 1.1763E-09 9.0877E-10 6.9053E-10 5.1406E-10 3.7407E-10 2.6181E-10 1.7444E-10 1.0905E-10 5.9804E-11 2.9149E-11 1.3252E-11 6.2404E-12 2.7826E-12 9.0560E-13 0.0000E+00
