Assets/Resources/2015_m01_d22_2300(utc+0800)_l00_csi_1hr_conc.grd
DSAA
         159         159
     -79.000      79.000
     -79.000      79.000
  0.0000E+00  0.7092E-04
[rows 100 to 124 of 159, columns 57 to 113 of 159]
3.4939E-11 3.6960E-11 4.0503E-11 4.3137E-11 4.5772E-11 4.7148E-11 5.0359E-11 5.0461E-11 6.2698E-11 9.8913E-11 1.8272E-10 2.6958E-10 4.1878E-10 5.2841E-10 6.1061E-10 7.5990E-10 8.0681E-10 8.5572E-10 9.3603E-10 9.9183E-10 1.0468E-09 1.0969E-09 1.1539E-09 1.2148E-09 1.2798E-09 1.3441E-09 1.4196E-09 1.4944E-09 1.5696E-09 1.6414E-09 1.6913E-09 1.7394E-09 1.7816E-09 1.8147E-09 1.8184E-09 1.8289E-09 1.8423E-09 1.8466E-09 1.8234E-09 1.7939E-09 1.7755E-09 1.7401E-09 1.7083E-09 2.4476E-09 2.5742E-09 2.7055E-09 2.8043E-09 2.9212E-09 3.0163E-09 3.0714E-09 3.0915E-09 3.1011E-09 3.1081E-09 3.0977E-09 3.0617E-09 2.9937E-09 2.4311E-09
2.1959E-11 2.3566E-11 2.5307E-11 2.7056E-11 2.9091E-11 3.1139E-11 3.3282E-11 3.4081E-11 3.6193E-11 3.6835E-11 3.9308E-11 1.1389E-10 1.5728E-10 2.9682E-10 3.5390E-10 4.7473E-10 5.0815E-10 5.8436E-10 6.3344E-10 6.7936E-10 7.4052E-10 7.9340E-10 8.4068E-10 8.8528E-10 9.3683E-10 1.0054E-09 1.0749E-09 1.1378E-09 1.2004E-09 1.2605E-09 1.3160E-09 1.3685E-09 1.4028E-09 1.4040E-09 1.4253E-09 1.4442E-09 1.4480E-09 1.4320E-09 1.4142E-09 1.3960E-09 1.3860E-09 1.3565E-09 1.2818E-09 1.2457E-09 1.8967E-09 2.0246E-09 2.1296E-09 2.2304E-09 2.3518E-09 2.4093E-09 2.4619E-09 2.4979E-09 2.4931E-09 2.0879E-09 2.0646E-09 2.0567E-09 2.0311E-09
1.3099E-11 1.3428E-11 1.3730E-11 1.5096E-11 1.5438E-11 1.8110E-11 1.8584E-11 2.0267E-11 2.0679E-11 2.2393E-11 2.4071E-11 2.5868E-11 2.6362E-11 3.1198E-11 1.6324E-10 1.7393E-10 2.6234E-10 3.0671E-10 3.7770E-10 4.1250E-10 5.1112E-10 5.1912E-10 5.5752E-10 5.9816E-10 6.3534E-10 6.9365E-10 7.5052E-10 7.8916E-10 8.3538E-10 8.9118E-10 9.3754E-10 9.8098E-10 1.0202E-09 1.0467E-09 1.0674E-09 1.0788E-09 1.0689E-09 1.0633E-09 1.0431E-09 1.0250E-09 9.8165E-10 9.5613E-10 9.4476E-10 9.3095E-10 9.0212E-10 1.4991E-09 1.5856E-09 1.6788E-09 1.5407E-09 1.5784E-09 1.6129E-09 1.6418E-09 1.6569E-09 1.6858E-09 1.6901E-09 1.6671E-09 1.2698E-09
5.8664E-12 6.0128E-12 6.1480E-12 6.2703E-12 6.3780E-12 7.5847E-12 7.7551E-12 7.9042E-12 9.2339E-12 1.0642E-11 1.0836E-11 1.3599E-11 1.5186E-11 1.6930E-11 1.8811E-11 2.3644E-11 2.6035E-11 1.0948E-10 1.2231E-10 2.1203E-10 2.4088E-10 2.9083E-10 3.4524E-10 3.7267E-10 4.0212E-10 4.2895E-10 4.6311E-10 4.9898E-10 5.3024E-10 5.6052E-10 5.9637E-10 6.3174E-10 6.6528E-10 6.9126E-10 7.0892E-10 7.2351E-10 7.3343E-10 7.4152E-10 7.2176E-10 7.0205E-10 6.8667E-10 6.6170E-10 6.1738E-10 6.2656E-10 6.1001E-10 6.0610E-10 1.0052E-09 1.0771E-09 1.1367E-09 1.1722E-09 1.2211E-09 1.2695E-09 1.0230E-09 1.0254E-09 1.0380E-09 1.0477E-09 1.0529E-09
0.0000E+00 0.0000E+00 0.0000E+00 0.0000E+00 0.0000E+00 0.0000E+00 0.0000E+00 0.0000E+00 0.0000E+00 0.0000E+00 1.2211E-12 2.5064E-12 3.9083E-12 5.3640E-12 6.9649E-12 1.1024E-11 1.3872E-11 1.6832E-11 1.8618E-11 2.3970E-11 8.4292E-11 1.2704E-10 1.4889E-10 1.6505E-10 2.0203E-10 2.2486E-10 2.4848E-10 2.6953E-10 2.8999E-10 3.1938E-10 3.6867E-10 4.1132E-10 4.3360E-10 4.5919E-10 4.6802E-10 4.7012E-10 4.8195E-10 4.7072E-10 4.6559E-10 4.8791E-10 4.7478E-10 4.6316E-10 4.4627E-10 4.2939E-10 3.9237E-10 3.8810E-10 3.6908E-10 3.6759E-10 6.6559E-10 6.8618E-10 7.0914E-10 7.4066E-10 7.6754E-10 7.9404E-10 8.1696E-10 5.5638E-10 5.5058E-10
0.0000E+00 0.0000E+00 0.0000E+00 0.0000E+00 0.0000E+00 0.0000E+00 0.0000E+00 0.0000E+00 0.0000E+00 0.0000E+00 0.0000E+00 0.0000E+00 1.1708E-12 1.2424E-12 3.6871E-12 4.9823E-12 6.4239E-12 9.1408E-12 1.1779E-11 1.3038E-11 1.7359E-11 2.3894E-11 5.8437E-11 6.8867E-11 8.2100E-11 9.3934E-11 1.0847E-10 1.2303E-10 1.3398E-10 1.4369E-10 1.7277E-10 2.1310E-10 2.2716E-10 2.4559E-10 2.6002E-10 2.7847E-10 2.9293E-10 3.0013E-10 2.9321E-10 2.9800E-10 2.9017E-10 2.7561E-10 2.6125E-10 2.6224E-10 2.6255E-10 2.5312E-10 2.0589E-10 2.0513E-10 2.0361E-10 3.3352E-10 3.5055E-10 3.6551E-10 3.7975E-10 4.3229E-10 4.4044E-10 4.4577E-10 4.5325E-10
0.0000E+00 0.0000E+00 0.0000E+00 0.0000E+00 0.0000E+00 0.0000E+00 0.0000E+00 0.0000E+00 0.0000E+00 0.0000E+00 0.0000E+00 0.0000E+00 0.0000E+00 0.0000E+00 1.1013E-12 1.1597E-12 2.2948E-12 3.5693E-12 7.3243E-12 8.4157E-12 1.1533E-11 1.3937E-11 1.7415E-11 3.0878E-11 3.9787E-11 4.9310E-11 5.4689E-11 6.2336E-11 7.4845E-11 8.3413E-11 9.5244E-11 1.0248E-10 1.0890E-10 1.1989E-10 1.3034E-10 1.3879E-10 1.4474E-10 1.4977E-10 1.5429E-10 1.5758E-10 1.6073E-10 1.5052E-10 1.5194E-10 1.5436E-10 1.3715E-10 1.3855E-10 1.3851E-10 1.3643E-10 1.3475E-10 1.3442E-10 2.5419E-10 2.7155E-10 1.3350E-10 1.3259E-10 1.3003E-10 1.2661E-10 1.2686E-10
0.0000E+00 0.0000E+00 0.0000E+00 0.0000E+00 0.0000E+00 0.0000E+00 0.0000E+00 0.0000E+00 0.0000E+00 0.0000E+00 0.0000E+00 0.0000E+00 0.0000E+00 0.0000E+00 0.0000E+00 0.0000E+00 0.0000E+00 1.0619E-12 2.0672E-12 3.7375E-12 5.5711E-12 7.4042E-12 8.2907E-12 1.2330E-11 2.3612E-11 3.0835E-11 3.9762E-11 4.4193E-11 4.8240E-11 5.4618E-11 6.3518E-11 7.2231E-11 7.6777E-11 8.1313E-11 8.6802E-11 9.3799E-11 9.9252E-11 1.0165E-10 1.0419E-10 1.0647E-10 1.0877E-10 1.1130E-10 1.1242E-10 1.0050E-10 1.0146E-10 1.0243E-10 1.0342E-10 1.0446E-10 1.0478E-10 1.0608E-10 1.0569E-10 1.0339E-10 1.0376E-10 1.1192E-10 1.0646E-10 1.0642E-10 1.0621E-10
0.0000E+00 0.0000E+00 0.0000E+00 0.0000E+00 0.0000E+00 0.0000E+00 0.0000E+00 0.0000E+00 0.0000E+00 0.0000E+00 0.0000E+00 0.0000E+00 0.0000E+00 0.0000E+00 0.0000E+00 0.0000E+00 0.0000E+00 0.0000E+00 0.0000E+00 8.6396E-13 9.8536E-13 2.3233E-12 3.9990E-12 4.4855E-12 6.8780E-12 1.6967E-11 2.4183E-11 3.2511E-11 3.4966E-11 3.8740E-11 4.4933E-11 4.8257E-11 5.1926E-11 5.5629E-11 5.8878E-11 6.2268E-11 6.7768E-11 7.2306E-11 7.5560E-11 7.7852E-11 7.9131E-11 8.1232E-11 8.2610E-11 8.4083E-11 8.6009E-11 8.8091E-11 8.8321E-11 8.8542E-11 9.0016E-11 9.0927E-11 9.2132E-11 9.2717E-11 9.4366E-11 9.4268E-11 9.3029E-11 9.3696E-11 9.5045E-11
0.0000E+00 0.0000E+00 0.0000E+00 0.0000E+00 0.0000E+00 0.0000E+00 0.0000E+00 0.0000E+00 0.0000E+00 0.0000E+00 0.0000E+00 0.0000E+00 0.0000E+00 0.0000E+00 0.0000E+00 0.0000E+00 0.0000E+00 0.0000E+00 0.0000E+00 0.0000E+00 0.0000E+00 0.0000E+00 8.3730E-13 8.9504E-13 1.5145E-12 2.5135E-12 1.2640E-11 1.9182E-11 2.6652E-11 2.9241E-11 3.2208E-11 3.5015E-11 3.7670E-11 3.9695E-11 4.3691E-11 4.6909E-11 5.0562E-11 5.5763E-11 6.1147E-11 6.5176E-11 6.7337E-11 6.8887E-11 7.1128E-11 7.2449E-11 7.4178E-11 7.6299E-11 7.6955E-11 7.7985E-11 7.8323E-11 7.9990E-11 7.9972E-11 8.1419E-11 8.2440E-11 8.2845E-11 8.3749E-11 8.5734E-11 8.7674E-11
0.0000E+00 0.0000E+00 0.0000E+00 0.0000E+00 0.0000E+00 0.0000E+00 0.0000E+00 0.0000E+00 0.0000E+00 0.0000E+00 0.0000E+00 0.0000E+00 0.0000E+00 0.0000E+00 0.0000E+00 0.0000E+00 0.0000E+00 0.0000E+00 0.0000E+00 0.0000E+00 0.0000E+00 0.0000E+00 0.0000E+00 8.3158E-13 8.8791E-13 9.4361E-13 1.9307E-12 9.7961E-12 1.6012E-11 2.1890E-11 2.3089E-11 2.5988E-11 2.8506E-11 3.1104E-11 3.3790E-11 3.7227E-11 4.0507E-11 4.3911E-11 4.8109E-11 5.1829E-11 5.4244E-11 5.6441E-11 5.8631E-11 6.0811E-11 6.2978E-11 6.4325E-11 6.6438E-11 6.7735E-11 6.9423E-11 6.9316E-11 7.0860E-11 7.2925E-11 7.4961E-11 7.6003E-11 7.7956E-11 7.9873E-11 8.0731E-11
0.0000E+00 0.0000E+00 0.0000E+00 0.0000E+00 0.0000E+00 0.0000E+00 0.0000E+00 0.0000E+00 0.0000E+00 0.0000E+00 0.0000E+00 0.0000E+00 0.0000E+00 0.0000E+00 0.0000E+00 0.0000E+00 0.0000E+00 0.0000E+00 0.0000E+00 0.0000E+00 0.0000E+00 0.0000E+00 0.0000E+00 0.0000E+00 0.0000E+00 0.0000E+00 0.0000E+00 0.0000E+00 5.5746E-12 1.2695E-11 1.7878E-11 1.9702E-11 2.2302E-11 2.5436E-11 2.8243E-11 3.0779E-11 3.3636E-11 3.5759E-11 3.9246E-11 4.4054E-11 4.8107E-11 5.0408E-11 5.2498E-11 5.3162E-11 5.4521E-11 5.6295E-11 5.8367E-11 6.0431E-11 6.2483E-11 6.3679E-11 6.5679E-11 6.7657E-11 6.8707E-11 7.0617E-11 7.1558E-11 7.3392E-11 7.5192E-11
0.0000E+00 0.0000E+00 0.0000E+00 0.0000E+00 0.0000E+00 0.0000E+00 0.0000E+00 0.0000E+00 0.0000E+00 0.0000E+00 0.0000E+00 0.0000E+00 0.0000E+00 0.0000E+00 0.0000E+00 0.0000E+00 0.0000E+00 0.0000E+00 0.0000E+00 0.0000E+00 0.0000E+00 0.0000E+00 0.0000E+00 0.0000E+00 0.0000E+00 0.0000E+00 0.0000E+00 0.0000E+00 0.0000E+00 3.5174E-12 1.0737E-11 1.5425E-11 1.7824E-11 1.9929E-11 2.2590E-11 2.4877E-11 2.7256E-11 2.9957E-11 3.2748E-11 3.6098E-11 4.0990E-11 4.4459E-11 4.5990E-11 4.7950E-11 4.9916E-11 5.1884E-11 5.3851E-11 5.5047E-11 5.6982E-11 5.8100E-11 5.9993E-11 6.1869E-11 6.2871E-11 6.4688E-11 6.6480E-11 6.7330E-11 6.9050E-11
0.0000E+00 0.0000E+00 0.0000E+00 0.0000E+00 0.0000E+00 0.0000E+00 0.0000E+00 0.0000E+00 0.0000E+00 0.0000E+00 0.0000E+00 0.0000E+00 0.0000E+00 0.0000E+00 0.0000E+00 0.0000E+00 0.0000E+00 0.0000E+00 0.0000E+00 0.0000E+00 0.0000E+00 0.0000E+00 0.0000E+00 0.0000E+00 0.0000E+00 0.0000E+00 0.0000E+00 0.0000E+00 0.0000E+00 0.0000E+00 1.1503E-12 9.7128E-12 1.3538E-11 1.6882E-11 1.8902E-11 2.1239E-11 2.3436E-11 2.6174E-11 2.8009E-11 3.0679E-11 3.3901E-11 3.8649E-11 4.1356E-11 4.3398E-11 4.5237E-11 4.7080E-11 4.8231E-11 5.0056E-11 5.1877E-11 5.3692E-11 5.4714E-11 5.6487E-11 5.7425E-11 5.9148E-11 5.9999E-11 6.1664E-11 6.1670E-11
0.0000E+00 0.0000E+00 0.0000E+00 0.0000E+00 0.0000E+00 0.0000E+00 0.0000E+00 0.0000E+00 0.0000E+00 0.0000E+00 0.0000E+00 0.0000E+00 0.0000E+00 0.0000E+00 0.0000E+00 0.0000E+00 0.0000E+00 0.0000E+00 0.0000E+00 0.0000E+00 0.0000E+00 0.0000E+00 0.0000E+00 0.0000E+00 0.0000E+00 0.0000E+00 0.0000E+00 0.0000E+00 0.0000E+00 0.0000E+00 0.0000E+00 0.0000E+00 6.5326E-12 1.1653E-11 1.4902E-11 1.7021E-11 1.9229E-11 2.1300E-11 2.3679E-11 2.6147E-11 2.8701E-11 3.1799E-11 3.6406E-11 3.9010E-11 4.0935E-11 4.2657E-11 4.3716E-11 4.5427E-11 4.6431E-11 4.8120E-11 4.9803E-11 5.0081E-11 5.1712E-11 5.1086E-11 5.1830E-11 5.3354E-11 5.4011E-11
0.0000E+00 0.0000E+00 0.0000E+00 0.0000E+00 0.0000E+00 0.0000E+00 0.0000E+00 0.0000E+00 0.0000E+00 0.0000E+00 0.0000E+00 0.0000E+00 0.0000E+00 0.0000E+00 0.0000E+00 0.0000E+00 0.0000E+00 0.0000E+00 0.0000E+00 0.0000E+00 0.0000E+00 0.0000E+00 0.0000E+00 0.0000E+00 0.0000E+00 0.0000E+00 0.0000E+00 0.0000E+00 0.0000E+00 0.0000E+00 0.0000E+00 0.0000E+00 0.0000E+00 5.5963E-12 8.7770E-12 1.3417E-11 1.5435E-11 1.7759E-11 1.9728E-11 2.2000E-11 2.3843E-11 2.6045E-11 2.9229E-11 3.3068E-11 3.5668E-11 3.7448E-11 3.7256E-11 3.8789E-11 3.9662E-11 4.1181E-11 4.1995E-11 4.3491E-11 4.4242E-11 4.5707E-11 4.6498E-11 4.6472E-11 4.5575E-11
0.0000E+00 0.0000E+00 0.0000E+00 0.0000E+00 0.0000E+00 0.0000E+00 0.0000E+00 0.0000E+00 0.0000E+00 0.0000E+00 0.0000E+00 0.0000E+00 0.0000E+00 0.0000E+00 0.0000E+00 0.0000E+00 0.0000E+00 0.0000E+00 0.0000E+00 0.0000E+00 0.0000E+00 0.0000E+00 0.0000E+00 0.0000E+00 0.0000E+00 0.0000E+00 0.0000E+00 0.0000E+00 0.0000E+00 0.0000E+00 0.0000E+00 0.0000E+00 0.0000E+00 0.0000E+00 3.9811E-12 6.2949E-12 1.0343E-11 1.2177E-11 1.4094E-11 1.6097E-11 1.7962E-11 2.0348E-11 2.1863E-11 2.4844E-11 2.9506E-11 3.1368E-11 3.2977E-11 3.3869E-11 3.4116E-11 3.5487E-11 3.4984E-11 3.6308E-11 3.7631E-11 3.8949E-11 3.9525E-11 4.0813E-11 4.1323E-11
0.0000E+00 0.0000E+00 0.0000E+00 0.0000E+00 0.0000E+00 0.0000E+00 0.0000E+00 0.0000E+00 0.0000E+00 0.0000E+00 0.0000E+00 0.0000E+00 0.0000E+00 0.0000E+00 0.0000E+00 0.0000E+00 0.0000E+00 0.0000E+00 0.0000E+00 0.0000E+00 0.0000E+00 0.0000E+00 0.0000E+00 0.0000E+00 0.0000E+00 0.0000E+00 0.0000E+00 0.0000E+00 0.0000E+00 0.0000E+00 0.0000E+00 0.0000E+00 0.0000E+00 0.0000E+00 0.0000E+00 7.1623E-13 4.6768E-12 6.8926E-12 9.3402E-12 1.1102E-11 1.3160E-11 1.3963E-11 1.6149E-11 1.7987E-11 2.0777E-11 2.5228E-11 2.7585E-11 2.8358E-11 2.9595E-11 3.0228E-11 3.1460E-11 3.2143E-11 3.2144E-11 3.2753E-11 3.1953E-11 3.3076E-11 3.4193E-11
0.0000E+00 0.0000E+00 0.0000E+00 0.0000E+00 0.0000E+00 0.0000E+00 0.0000E+00 0.0000E+00 0.0000E+00 0.0000E+00 0.0000E+00 0.0000E+00 0.0000E+00 0.0000E+00 0.0000E+00 0.0000E+00 0.0000E+00 0.0000E+00 0.0000E+00 0.0000E+00 0.0000E+00 0.0000E+00 0.0000E+00 0.0000E+00 0.0000E+00 0.0000E+00 0.0000E+00 0.0000E+00 0.0000E+00 0.0000E+00 0.0000E+00 0.0000E+00 0.0000E+00 0.0000E+00 0.0000E+00 0.0000E+00 0.0000E+00 1.7799E-12 4.5518E-12 6.9527E-12 8.7916E-12 1.0135E-11 1.1081E-11 1.2900E-11 1.4800E-11 1.6986E-11 2.0216E-11 2.2365E-11 2.3516E-11 2.4577E-11 2.5645E-11 2.6719E-11 2.7796E-11 2.8229E-11 2.9293E-11 2.9773E-11 2.9539E-11
0.0000E+00 0.0000E+00 0.0000E+00 0.0000E+00 0.0000E+00 0.0000E+00 0.0000E+00 0.0000E+00 0.0000E+00 0.0000E+00 0.0000E+00 0.0000E+00 0.0000E+00 0.0000E+00 0.0000E+00 0.0000E+00 0.0000E+00 0.0000E+00 0.0000E+00 0.0000E+00 0.0000E+00 0.0000E+00 0.0000E+00 0.0000E+00 0.0000E+00 0.0000E+00 0.0000E+00 0.0000E+00 0.0000E+00 0.0000E+00 0.0000E+00 0.0000E+00 0.0000E+00 0.0000E+00 0.0000E+00 0.0000E+00 0.0000E+00 0.0000E+00 1.0409E-12 1.7665E-12 4.4302E-12 6.1253E-12 7.6914E-12 9.3371E-12 1.0812E-11 1.2598E-11 1.4684E-11 1.8783E-11 1.9437E-11 2.0468E-11 2.1409E-11 2.0730E-11 2.1638E-11 2.2551E-11 2.3467E-11 2.4385E-11 2.5304E-11
0.0000E+00 0.0000E+00 0.0000E+00 0.0000E+00 0.0000E+00 0.0000E+00 0.0000E+00 0.0000E+00 0.0000E+00 0.0000E+00 0.0000E+00 0.0000E+00 0.0000E+00 0.0000E+00 0.0000E+00 0.0000E+00 0.0000E+00 0.0000E+00 0.0000E+00 0.0000E+00 0.0000E+00 0.0000E+00 0.0000E+00 0.0000E+00 0.0000E+00 0.0000E+00 0.0000E+00 0.0000E+00 0.0000E+00 0.0000E+00 0.0000E+00 0.0000E+00 0.0000E+00 0.0000E+00 0.0000E+00 0.0000E+00 0.0000E+00 0.0000E+00 0.0000E+00 0.0000E+00 0.0000E+00 1.3533E-12 2.8800E-12 4.4862E-12 5.9657E-12 7.5197E-12 9.1565E-12 1.1286E-11 1.5625E-11 1.7545E-11 1.8492E-11 1.8887E-11 1.9738E-11 2.0104E-11 2.0951E-11 2.1802E-11 2.2654E-11
0.0000E+00 0.0000E+00 0.0000E+00 0.0000E+00 0.0000E+00 0.0000E+00 0.0000E+00 0.0000E+00 0.0000E+00 0.0000E+00 0.0000E+00 0.0000E+00 0.0000E+00 0.0000E+00 0.0000E+00 0.0000E+00 0.0000E+00 0.0000E+00 0.0000E+00 0.0000E+00 0.0000E+00 0.0000E+00 0.0000E+00 0.0000E+00 0.0000E+00 0.0000E+00 0.0000E+00 0.0000E+00 0.0000E+00 0.0000E+00 0.0000E+00 0.0000E+00 0.0000E+00 0.0000E+00 0.0000E+00 0.0000E+00 0.0000E+00 0.0000E+00 0.0000E+00 0.0000E+00 0.0000E+00 0.0000E+00 3.0653E-13 1.9646E-12 3.5042E-12 4.9168E-12 6.4056E-12 8.1756E-12 1.0026E-11 1.4455E-11 1.6201E-11 1.7185E-11 1.7981E-11 1.8785E-11 1.9594E-11 2.0407E-11 2.1223E-11
0.0000E+00 0.0000E+00 0.0000E+00 0.0000E+00 0.0000E+00 0.0000E+00 0.0000E+00 0.0000E+00 0.0000E+00 0.0000E+00 0.0000E+00 0.0000E+00 0.0000E+00 0.0000E+00 0.0000E+00 0.0000E+00 0.0000E+00 0.0000E+00 0.0000E+00 0.0000E+00 0.0000E+00 0.0000E+00 0.0000E+00 0.0000E+00 0.0000E+00 0.0000E+00 0.0000E+00 0.0000E+00 0.0000E+00 0.0000E+00 0.0000E+00 0.0000E+00 0.0000E+00 0.0000E+00 0.0000E+00 0.0000E+00 0.0000E+00 0.0000E+00 0.0000E+00 0.0000E+00 0.0000E+00 0.0000E+00 0.0000E+00 2.9800E-13 1.7178E-12 2.8932E-12 4.2553E-12 5.8935E-12 7.4073E-12 9.4009E-12 1.3729E-11 1.5418E-11 1.6355E-11 1.7107E-11 1.7865E-11 1.8628E-11 1.9395E-11
0.0000E+00 0.0000E+00 0.0000E+00 0.0000E+00 0.0000E+00 0.0000E+00 0.0000E+00 0.0000E+00 0.0000E+00 0.0000E+00 0.0000E+00 0.0000E+00 0.0000E+00 0.0000E+00 0.0000E+00 0.0000E+00 0.0000E+00 0.0000E+00 0.0000E+00 0.0000E+00 0.0000E+00 0.0000E+00 0.0000E+00 0.0000E+00 0.0000E+00 0.0000E+00 0.0000E+00 0.0000E+00 0.0000E+00 0.0000E+00 0.0000E+00 0.0000E+00 0.0000E+00 0.0000E+00 0.0000E+00 0.0000E+00 0.0000E+00 0.0000E+00 0.0000E+00 0.0000E+00 0.0000E+00 0.0000E+00 0.0000E+00 0.0000E+00 0.0000E+00 7.8890E-13 2.4306E-12 3.9532E-12 5.5511E-12 7.2239E-12 8.7754E-12 1.3022E-11 1.5059E-11 1.5964E-11 1.6687E-11 1.7415E-11 1.8148E-11
0.0000E+00 0.0000E+00 0.0000E+00 0.0000E+00 0.0000E+00 0.0000E+00 0.0000E+00 0.0000E+00 0.0000E+00 0.0000E+00 0.0000E+00 0.0000E+00 0.0000E+00 0.0000E+00 0.0000E+00 0.0000E+00 0.0000E+00 0.0000E+00 0.0000E+00 0.0000E+00 0.0000E+00 0.0000E+00 0.0000E+00 0.0000E+00 0.0000E+00 0.0000E+00 0.0000E+00 0.0000E+00 0.0000E+00 0.0000E+00 0.0000E+00 0.0000E+00 0.0000E+00 0.0000E+00 0.0000E+00 0.0000E+00 0.0000E+00 0.0000E+00 0.0000E+00 0.0000E+00 0.0000E+00 0.0000E+00 0.0000E+00 0.0000E+00 0.0000E+00 0.0000E+00 5.7598E-13 2.1670E-12 3.4499E-12 4.9987E-12 6.6215E-12 8.1258E-12 1.2084E-11 1.4451E-11 1.5316E-11 1.6002E-11 1.6693E-11
