Assets/Resources/2015_m01_d12_1400(utc+0800)_l00_csi_1hr_conc.grd
DSAA
         159         159
     -79.000      79.000
     -79.000      79.000
  0.0000E+00  0.2904E-05
[rows 25 to 49 of 159, columns 0 to 56 of 159]
3.5990E-11 3.3791E-11 3.1175E-11 2.8336E-11 2.5023E-11 2.1261E-11 1.6574E-11 1.2813E-11 8.5139E-12 4.6464E-12 3.5894E-12 3.1879E-12 2.4755E-12 1.4573E-12 2.0937E-13 0.0000E+00 0.0000E+00 0.0000E+00 0.0000E+00 0.0000E+00 0.0000E+00 0.0000E+00 0.0000E+00 0.0000E+00 0.0000E+00 0.0000E+00 0.0000E+00 0.0000E+00 0.0000E+00 0.0000E+00 0.0000E+00 0.0000E+00 0.0000E+00 0.0000E+00 0.0000E+00 0.0000E+00 0.0000E+00 0.0000E+00 0.0000E+00 0.0000E+00 0.0000E+00 0.0000E+00 0.0000E+00 0.0000E+00 0.0000E+00 0.0000E+00 0.0000E+00 0.0000E+00 0.0000E+00 0.0000E+00 0.0000E+00 0.0000E+00 0.0000E+00 0.0000E+00 0.0000E+00 0.0000E+00 0.0000E+00
5.5283E-11 5.3654E-11 5.1100E-11 4.7786E-11 4.3981E-11 3.9046E-11 3.4051E-11 2.8134E-11 2.2309E-11 1.7310E-11 1.2202E-11 8.7757E-12 6.0170E-12 4.8931E-12 4.1370E-12 2.4902E-12 2.3895E-13 0.0000E+00 0.0000E+00 0.0000E+00 0.0000E+00 0.0000E+00 0.0000E+00 0.0000E+00 0.0000E+00 0.0000E+00 0.0000E+00 0.0000E+00 0.0000E+00 0.0000E+00 0.0000E+00 0.0000E+00 0.0000E+00 0.0000E+00 0.0000E+00 0.0000E+00 0.0000E+00 0.0000E+00 0.0000E+00 0.0000E+00 0.0000E+00 0.0000E+00 0.0000E+00 0.0000E+00 0.0000E+00 0.0000E+00 0.0000E+00 0.0000E+00 0.0000E+00 0.0000E+00 0.0000E+00 0.0000E+00 0.0000E+00 0.0000E+00 0.0000E+00 0.0000E+00 0.0000E+00
8.2367E-11 8.1414E-11 7.8683E-11 7.4931E-11 7.0164E-11 6.5071E-11 5.9290E-11 5.2202E-11 4.5277E-11 3.7375E-11 3.0513E-11 2.4133E-11 1.8782E-11 1.4342E-11 9.2244E-12 5.8668E-12 4.9282E-12 3.1784E-12 0.0000E+00 0.0000E+00 0.0000E+00 0.0000E+00 0.0000E+00 0.0000E+00 0.0000E+00 0.0000E+00 0.0000E+00 0.0000E+00 0.0000E+00 0.0000E+00 0.0000E+00 0.0000E+00 0.0000E+00 0.0000E+00 0.0000E+00 0.0000E+00 0.0000E+00 0.0000E+00 0.0000E+00 0.0000E+00 0.0000E+00 0.0000E+00 0.0000E+00 0.0000E+00 0.0000E+00 0.0000E+00 0.0000E+00 0.0000E+00 0.0000E+00 0.0000E+00 0.0000E+00 0.0000E+00 0.0000E+00 0.0000E+00 0.0000E+00 0.0000E+00 0.0000E+00
1.1820E-10 1.1696E-10 1.1456E-10 1.1088E-10 1.0604E-10 9.9587E-11 9.1488E-11 8.3663E-11 7.4592E-11 6.5209E-11 5.5756E-11 4.7100E-11 3.9647E-11 3.1395E-11 2.5115E-11 1.9013E-11 1.1803E-11 5.9079E-12 4.8821E-12 2.3104E-12 0.0000E+00 0.0000E+00 0.0000E+00 0.0000E+00 0.0000E+00 0.0000E+00 0.0000E+00 0.0000E+00 0.0000E+00 0.0000E+00 0.0000E+00 0.0000E+00 0.0000E+00 0.0000E+00 0.0000E+00 0.0000E+00 0.0000E+00 0.0000E+00 0.0000E+00 0.0000E+00 0.0000E+00 0.0000E+00 0.0000E+00 0.0000E+00 0.0000E+00 0.0000E+00 0.0000E+00 0.0000E+00 0.0000E+00 0.0000E+00 0.0000E+00 0.0000E+00 0.0000E+00 0.0000E+00 0.0000E+00 0.0000E+00 0.0000E+00
1.6451E-10 1.6488E-10 1.6371E-10 1.5968E-10 1.5381E-10 1.4602E-10 1.3758E-10 1.2696E-10 1.1578E-10 1.0419E-10 9.1956E-11 7.9706E-11 6.8120E-11 5.8253E-11 4.8063E-11 3.7576E-11 2.9159E-11 2.1031E-11 1.3268E-11 6.3803E-12 4.4680E-12 0.0000E+00 0.0000E+00 0.0000E+00 0.0000E+00 0.0000E+00 0.0000E+00 0.0000E+00 0.0000E+00 0.0000E+00 0.0000E+00 0.0000E+00 0.0000E+00 0.0000E+00 0.0000E+00 0.0000E+00 0.0000E+00 0.0000E+00 0.0000E+00 0.0000E+00 0.0000E+00 0.0000E+00 0.0000E+00 0.0000E+00 0.0000E+00 0.0000E+00 0.0000E+00 0.0000E+00 0.0000E+00 0.0000E+00 0.0000E+00 0.0000E+00 0.0000E+00 0.0000E+00 0.0000E+00 0.0000E+00 0.0000E+00
2.2409E-10 2.2565E-10 2.2380E-10 2.2030E-10 2.1449E-10 2.0676E-10 1.9542E-10 1.8279E-10 1.6914E-10 1.5373E-10 1.3919E-10 1.2360E-10 1.0948E-10 9.5222E-11 8.1542E-11 6.9987E-11 5.5962E-11 4.3586E-11 3.2066E-11 2.3463E-11 1.3579E-11 7.5602E-12 2.2153E-12 2.5048E-13 3.4950E-14 0.0000E+00 0.0000E+00 0.0000E+00 0.0000E+00 0.0000E+00 0.0000E+00 0.0000E+00 0.0000E+00 0.0000E+00 0.0000E+00 0.0000E+00 0.0000E+00 0.0000E+00 0.0000E+00 0.0000E+00 0.0000E+00 0.0000E+00 0.0000E+00 0.0000E+00 0.0000E+00 0.0000E+00 0.0000E+00 0.0000E+00 0.0000E+00 0.0000E+00 0.0000E+00 0.0000E+00 0.0000E+00 0.0000E+00 0.0000E+00 0.0000E+00 0.0000E+00
2.9621E-10 3.0147E-10 3.0384E-10 3.0320E-10 2.9707E-10 2.8783E-10 2.7518E-10 2.6007E-10 2.4198E-10 2.2328E-10 2.0336E-10 1.8366E-10 1.6485E-10 1.4677E-10 1.3056E-10 1.1309E-10 9.6800E-11 8.1853E-11 6.6489E-11 5.1938E-11 3.9265E-11 3.0766E-11 1.8996E-11 1.2598E-11 7.2442E-12 5.5787E-12 3.5055E-12 1.3978E-12 0.0000E+00 0.0000E+00 0.0000E+00 0.0000E+00 0.0000E+00 0.0000E+00 0.0000E+00 0.0000E+00 0.0000E+00 0.0000E+00 0.0000E+00 0.0000E+00 0.0000E+00 0.0000E+00 0.0000E+00 0.0000E+00 0.0000E+00 0.0000E+00 0.0000E+00 0.0000E+00 0.0000E+00 0.0000E+00 0.0000E+00 0.0000E+00 0.0000E+00 0.0000E+00 0.0000E+00 0.0000E+00 0.0000E+00
3.8374E-10 3.9257E-10 3.9729E-10 3.9834E-10 3.9470E-10 3.8761E-10 3.7419E-10 3.5716E-10 3.3713E-10 3.1374E-10 2.9021E-10 2.6529E-10 2.4190E-10 2.1987E-10 1.9828E-10 1.7614E-10 1.5555E-10 1.3383E-10 1.1299E-10 9.3773E-11 7.9124E-11 6.1167E-11 4.8143E-11 3.5097E-11 2.6290E-11 1.8376E-11 1.5422E-11 1.2266E-11 8.2406E-12 4.3429E-12 1.4014E-12 0.0000E+00 0.0000E+00 0.0000E+00 0.0000E+00 0.0000E+00 0.0000E+00 0.0000E+00 0.0000E+00 0.0000E+00 0.0000E+00 0.0000E+00 0.0000E+00 0.0000E+00 0.0000E+00 0.0000E+00 0.0000E+00 0.0000E+00 0.0000E+00 0.0000E+00 0.0000E+00 0.0000E+00 0.0000E+00 0.0000E+00 0.0000E+00 0.0000E+00 0.0000E+00
4.9119E-10 5.0450E-10 5.1306E-10 5.1751E-10 5.1684E-10 5.1100E-10 5.0044E-10 4.8431E-10 4.6163E-10 4.3428E-10 4.0411E-10 3.7450E-10 3.4544E-10 3.1517E-10 2.8704E-10 2.6084E-10 2.3334E-10 2.0527E-10 1.8114E-10 1.5596E-10 1.3221E-10 1.1261E-10 9.6194E-11 7.7125E-11 6.0599E-11 4.7220E-11 3.6825E-11 2.9840E-11 2.4745E-11 1.7798E-11 1.1674E-11 6.5563E-12 3.0088E-12 4.0356E-13 0.0000E+00 0.0000E+00 0.0000E+00 0.0000E+00 0.0000E+00 0.0000E+00 0.0000E+00 0.0000E+00 0.0000E+00 0.0000E+00 0.0000E+00 0.0000E+00 0.0000E+00 0.0000E+00 0.0000E+00 0.0000E+00 0.0000E+00 0.0000E+00 0.0000E+00 0.0000E+00 0.0000E+00 0.0000E+00 0.0000E+00
6.2220E-10 6.4111E-10 6.5504E-10 6.6363E-10 6.6591E-10 6.6163E-10 6.5073E-10 6.3386E-10 6.1185E-10 5.8580E-10 5.5298E-10 5.1740E-10 4.7987E-10 4.4392E-10 4.0891E-10 3.7379E-10 3.3930E-10 3.0615E-10 2.7099E-10 2.3873E-10 2.0897E-10 1.8368E-10 1.5791E-10 1.3561E-10 1.1192E-10 9.3065E-11 7.6028E-11 6.3277E-11 5.1433E-11 4.2956E-11 3.3777E-11 2.1748E-11 1.1754E-11 6.2249E-12 3.0049E-12 2.1050E-13 0.0000E+00 0.0000E+00 0.0000E+00 0.0000E+00 0.0000E+00 0.0000E+00 0.0000E+00 0.0000E+00 0.0000E+00 0.0000E+00 0.0000E+00 0.0000E+00 0.0000E+00 0.0000E+00 0.0000E+00 0.0000E+00 0.0000E+00 0.0000E+00 0.0000E+00 0.0000E+00 0.0000E+00
7.7892E-10 8.0526E-10 8.2611E-10 8.4079E-10 8.4772E-10 8.4724E-10 8.3874E-10 8.2285E-10 7.9985E-10 7.7083E-10 7.3653E-10 6.9740E-10 6.5607E-10 6.1215E-10 5.6580E-10 5.2209E-10 4.7961E-10 4.3719E-10 3.9420E-10 3.5447E-10 3.1694E-10 2.7822E-10 2.4730E-10 2.1881E-10 1.9136E-10 1.6227E-10 1.3666E-10 1.1543E-10 9.7310E-11 8.3042E-11 6.7007E-11 5.3549E-11 3.9671E-11 2.3576E-11 9.9164E-12 4.7615E-12 2.1202E-12 0.0000E+00 0.0000E+00 0.0000E+00 0.0000E+00 0.0000E+00 0.0000E+00 0.0000E+00 0.0000E+00 0.0000E+00 0.0000E+00 0.0000E+00 0.0000E+00 0.0000E+00 0.0000E+00 0.0000E+00 0.0000E+00 0.0000E+00 0.0000E+00 0.0000E+00 0.0000E+00
9.6347E-10 1.0005E-09 1.0307E-09 1.0529E-09 1.0662E-09 1.0704E-09 1.0649E-09 1.0499E-09 1.0263E-09 9.9513E-10 9.5746E-10 9.1677E-10 8.7252E-10 8.2279E-10 7.7066E-10 7.1690E-10 6.6373E-10 6.1061E-10 5.5966E-10 5.0736E-10 4.5768E-10 4.1125E-10 3.7061E-10 3.3034E-10 2.9368E-10 2.5864E-10 2.2599E-10 1.9468E-10 1.6881E-10 1.4541E-10 1.2314E-10 1.0244E-10 7.8640E-11 5.8699E-11 3.9824E-11 2.0305E-11 5.9397E-12 2.3275E-12 0.0000E+00 0.0000E+00 0.0000E+00 0.0000E+00 0.0000E+00 0.0000E+00 0.0000E+00 0.0000E+00 0.0000E+00 0.0000E+00 0.0000E+00 0.0000E+00 0.0000E+00 0.0000E+00 0.0000E+00 0.0000E+00 0.0000E+00 0.0000E+00 0.0000E+00
1.1800E-09 1.2297E-09 1.2715E-09 1.3035E-09 1.3250E-09 1.3361E-09 1.3352E-09 1.3239E-09 1.3007E-09 1.2679E-09 1.2273E-09 1.1816E-09 1.1314E-09 1.0786E-09 1.0231E-09 9.6258E-10 8.9818E-10 8.3471E-10 7.7051E-10 7.0894E-10 6.4982E-10 5.9161E-10 5.3372E-10 4.8353E-10 4.3763E-10 3.9386E-10 3.4924E-10 3.0813E-10 2.7085E-10 2.3579E-10 2.0678E-10 1.7506E-10 1.4532E-10 1.1539E-10 8.5595E-11 5.9296E-11 3.5244E-11 1.4619E-11 2.4483E-12 0.0000E+00 0.0000E+00 0.0000E+00 0.0000E+00 0.0000E+00 0.0000E+00 0.0000E+00 0.0000E+00 0.0000E+00 0.0000E+00 0.0000E+00 0.0000E+00 0.0000E+00 0.0000E+00 0.0000E+00 0.0000E+00 0.0000E+00 0.0000E+00
1.4295E-09 1.4943E-09 1.5501E-09 1.5954E-09 1.6283E-09 1.6485E-09 1.6553E-09 1.6491E-09 1.6283E-09 1.5959E-09 1.5529E-09 1.5029E-09 1.4484E-09 1.3901E-09 1.3274E-09 1.2615E-09 1.1912E-09 1.1163E-09 1.0418E-09 9.6751E-10 8.9291E-10 8.2272E-10 7.5424E-10 6.9104E-10 6.2942E-10 5.7326E-10 5.1732E-10 4.6481E-10 4.1477E-10 3.6579E-10 3.2213E-10 2.7885E-10 2.3814E-10 1.9298E-10 1.5239E-10 1.1492E-10 7.8839E-11 4.7184E-11 2.2886E-11 6.3586E-12 0.0000E+00 0.0000E+00 0.0000E+00 0.0000E+00 0.0000E+00 0.0000E+00 0.0000E+00 0.0000E+00 0.0000E+00 0.0000E+00 0.0000E+00 0.0000E+00 0.0000E+00 0.0000E+00 0.0000E+00 0.0000E+00 0.0000E+00
1.7126E-09 1.7963E-09 1.8699E-09 1.9315E-09 1.9788E-09 2.0114E-09 2.0289E-09 2.0294E-09 2.0139E-09 1.9838E-09 1.9400E-09 1.8889E-09 1.8302E-09 1.7654E-09 1.6963E-09 1.6234E-09 1.5468E-09 1.4646E-09 1.3793E-09 1.2942E-09 1.2083E-09 1.1237E-09 1.0390E-09 9.6019E-10 8.8466E-10 8.1364E-10 7.4680E-10 6.7789E-10 6.1088E-10 5.4646E-10 4.8634E-10 4.2687E-10 3.6971E-10 3.1424E-10 2.5858E-10 2.0292E-10 1.5439E-10 1.1055E-10 6.8978E-11 3.8526E-11 1.7575E-11 4.6563E-12 3.0060E-12 1.5834E-12 0.0000E+00 0.0000E+00 0.0000E+00 0.0000E+00 0.0000E+00 0.0000E+00 0.0000E+00 0.0000E+00 0.0000E+00 0.0000E+00 0.0000E+00 0.0000E+00 0.0000E+00
2.0304E-09 2.1364E-09 2.2316E-09 2.3122E-09 2.3780E-09 2.4280E-09 2.4573E-09 2.4685E-09 2.4614E-09 2.4362E-09 2.3952E-09 2.3442E-09 2.2822E-09 2.2139E-09 2.1409E-09 2.0609E-09 1.9752E-09 1.8853E-09 1.7899E-09 1.6920E-09 1.5927E-09 1.4961E-09 1.4000E-09 1.3060E-09 1.2144E-09 1.1287E-09 1.0421E-09 9.5922E-10 8.7598E-10 7.9241E-10 7.1342E-10 6.3609E-10 5.6056E-10 4.8223E-10 4.0431E-10 3.3044E-10 2.6058E-10 1.9770E-10 1.4274E-10 9.8316E-11 5.9153E-11 3.1308E-11 1.4131E-11 8.2661E-12 5.6664E-12 1.0698E-12 0.0000E+00 0.0000E+00 0.0000E+00 0.0000E+00 0.0000E+00 0.0000E+00 0.0000E+00 0.0000E+00 0.0000E+00 0.0000E+00 0.0000E+00
2.3817E-09 2.5140E-09 2.6337E-09 2.7381E-09 2.8268E-09 2.8952E-09 2.9418E-09 2.9682E-09 2.9722E-09 2.9542E-09 2.9194E-09 2.8711E-09 2.8095E-09 2.7411E-09 2.6647E-09 2.5793E-09 2.4878E-09 2.3907E-09 2.2868E-09 2.1782E-09 2.0672E-09 1.9564E-09 1.8434E-09 1.7369E-09 1.6315E-09 1.5273E-09 1.4296E-09 1.3285E-09 1.2263E-09 1.1222E-09 1.0200E-09 9.1947E-10 8.1985E-10 7.1714E-10 6.1828E-10 5.1705E-10 4.1987E-10 3.3432E-10 2.5732E-10 1.8848E-10 1.3143E-10 8.4137E-11 5.0412E-11 2.7404E-11 1.6774E-11 1.1766E-11 5.2691E-12 0.0000E+00 0.0000E+00 0.0000E+00 0.0000E+00 0.0000E+00 0.0000E+00 0.0000E+00 0.0000E+00 0.0000E+00 0.0000E+00
2.7641E-09 2.9260E-09 3.0743E-09 3.2075E-09 3.3214E-09 3.4125E-09 3.4822E-09 3.5274E-09 3.5447E-09 3.5399E-09 3.5144E-09 3.4714E-09 3.4157E-09 3.3498E-09 3.2715E-09 3.1860E-09 3.0927E-09 2.9891E-09 2.8784E-09 2.7620E-09 2.6380E-09 2.5141E-09 2.3899E-09 2.2635E-09 2.1421E-09 2.0244E-09 1.9099E-09 1.7946E-09 1.6768E-09 1.5536E-09 1.4261E-09 1.2997E-09 1.1720E-09 1.0432E-09 9.0876E-10 7.7808E-10 6.5011E-10 5.3021E-10 4.1865E-10 3.2474E-10 2.4563E-10 1.7142E-10 1.1385E-10 7.4212E-11 4.4555E-11 3.0764E-11 2.1293E-11 1.0411E-11 2.1122E-12 0.0000E+00 0.0000E+00 0.0000E+00 0.0000E+00 0.0000E+00 0.0000E+00 0.0000E+00 0.0000E+00
3.1730E-09 3.3687E-09 3.5499E-09 3.7147E-09 3.8574E-09 3.9773E-09 4.0734E-09 4.1389E-09 4.1774E-09 4.1898E-09 4.1760E-09 4.1443E-09 4.0977E-09 4.0366E-09 3.9640E-09 3.8827E-09 3.7892E-09 3.6848E-09 3.5702E-09 3.4470E-09 3.3164E-09 3.1813E-09 3.0431E-09 2.9036E-09 2.7653E-09 2.6293E-09 2.4957E-09 2.3675E-09 2.2350E-09 2.0949E-09 1.9434E-09 1.7906E-09 1.6359E-09 1.4790E-09 1.3092E-09 1.1413E-09 9.7232E-10 8.1257E-10 6.6668E-10 5.3288E-10 4.1563E-10 3.1145E-10 2.2532E-10 1.5795E-10 1.0836E-10 7.6973E-11 4.9669E-11 3.3098E-11 1.5379E-11 4.2246E-12 0.0000E+00 0.0000E+00 0.0000E+00 0.0000E+00 0.0000E+00 0.0000E+00 0.0000E+00
3.6034E-09 3.8355E-09 4.0535E-09 4.2532E-09 4.4291E-09 4.5821E-09 4.7065E-09 4.7988E-09 4.8635E-09 4.8963E-09 4.8993E-09 4.8843E-09 4.8504E-09 4.7999E-09 4.7389E-09 4.6650E-09 4.5765E-09 4.4768E-09 4.3639E-09 4.2378E-09 4.1044E-09 3.9612E-09 3.8135E-09 3.6620E-09 3.5093E-09 3.3563E-09 3.2057E-09 3.0599E-09 2.9128E-09 2.7584E-09 2.5906E-09 2.4115E-09 2.2261E-09 2.0354E-09 1.8351E-09 1.6276E-09 1.4158E-09 1.2096E-09 1.0121E-09 8.3051E-10 6.6375E-10 5.1852E-10 3.9394E-10 2.8691E-10 2.0791E-10 1.4610E-10 1.0588E-10 7.1401E-11 4.5167E-11 2.1587E-11 4.4533E-12 0.0000E+00 0.0000E+00 0.0000E+00 0.0000E+00 0.0000E+00 0.0000E+00
4.0481E-09 4.3184E-09 4.5757E-09 4.8137E-09 5.0270E-09 5.2159E-09 5.3726E-09 5.4977E-09 5.5914E-09 5.6473E-09 5.6760E-09 5.6820E-09 5.6640E-09 5.6322E-09 5.5867E-09 5.5247E-09 5.4490E-09 5.3609E-09 5.2528E-09 5.1319E-09 4.9999E-09 4.8541E-09 4.7013E-09 4.5431E-09 4.3811E-09 4.2154E-09 4.0510E-09 3.8896E-09 3.7268E-09 3.5608E-09 3.3805E-09 3.1782E-09 2.9656E-09 2.7453E-09 2.5093E-09 2.2572E-09 2.0025E-09 1.7458E-09 1.4932E-09 1.2560E-09 1.0320E-09 8.2919E-10 6.4720E-10 4.9753E-10 3.6999E-10 2.7290E-10 2.0218E-10 1.4365E-10 9.9704E-11 5.9689E-11 3.1163E-11 5.0638E-12 0.0000E+00 0.0000E+00 0.0000E+00 0.0000E+00 0.0000E+00
4.4967E-09 4.8079E-09 5.1074E-09 5.3847E-09 5.6385E-09 5.8664E-09 6.0587E-09 6.2210E-09 6.3453E-09 6.4309E-09 6.4899E-09 6.5197E-09 6.5257E-09 6.5180E-09 6.4917E-09 6.4496E-09 6.3954E-09 6.3222E-09 6.2280E-09 6.1197E-09 5.9934E-09 5.8524E-09 5.7013E-09 5.5415E-09 5.3754E-09 5.2072E-09 5.0344E-09 4.8589E-09 4.6880E-09 4.5121E-09 4.3220E-09 4.1077E-09 3.8763E-09 3.6235E-09 3.3537E-09 3.0640E-09 2.7603E-09 2.4485E-09 2.1420E-09 1.8349E-09 1.5442E-09 1.2683E-09 1.0168E-09 8.0251E-10 6.1455E-10 4.6879E-10 3.4956E-10 2.6143E-10 1.8706E-10 1.2480E-10 7.4421E-11 3.8213E-11 6.6947E-12 0.0000E+00 0.0000E+00 0.0000E+00 0.0000E+00
4.9387E-09 5.2925E-09 5.6346E-09 5.9534E-09 6.2496E-09 6.5172E-09 6.7502E-09 6.9510E-09 7.1083E-09 7.2303E-09 7.3223E-09 7.3794E-09 7.4180E-09 7.4375E-09 7.4345E-09 7.4233E-09 7.3941E-09 7.3421E-09 7.2729E-09 7.1834E-09 7.0705E-09 6.9440E-09 6.8019E-09 6.6478E-09 6.4871E-09 6.3191E-09 6.1437E-09 5.9683E-09 5.7944E-09 5.6152E-09 5.4221E-09 5.2085E-09 4.9611E-09 4.6898E-09 4.3953E-09 4.0698E-09 3.7177E-09 3.3470E-09 2.9742E-09 2.6015E-09 2.2410E-09 1.8828E-09 1.5515E-09 1.2447E-09 9.8320E-10 7.6140E-10 5.8545E-10 4.4743E-10 3.2909E-10 2.3416E-10 1.5068E-10 9.1877E-11 4.2750E-11 7.5444E-12 0.0000E+00 0.0000E+00 0.0000E+00
5.3626E-09 5.7596E-09 6.1433E-09 6.5049E-09 6.8441E-09 7.1518E-09 7.4268E-09 7.6669E-09 7.8615E-09 8.0226E-09 8.1482E-09 8.2400E-09 8.3135E-09 8.3625E-09 8.3945E-09 8.4171E-09 8.4172E-09 8.3991E-09 8.3605E-09 8.2953E-09 8.2088E-09 8.1049E-09 7.9797E-09 7.8409E-09 7.6919E-09 7.5332E-09 7.3679E-09 7.2017E-09 7.0329E-09 6.8626E-09 6.6790E-09 6.4741E-09 6.2270E-09 5.9521E-09 5.6435E-09 5.2887E-09 4.8990E-09 4.4782E-09 4.0353E-09 3.5862E-09 3.1402E-09 2.7061E-09 2.2795E-09 1.8702E-09 1.5099E-09 1.1912E-09 9.3583E-10 7.2547E-10 5.4745E-10 3.9848E-10 2.7430E-10 1.7697E-10 1.0226E-10 4.7742E-11 8.8048E-12 0.0000E+00 0.0000E+00
5.7576E-09 6.1956E-09 6.6188E-09 7.0228E-09 7.4029E-09 7.7523E-09 8.0680E-09 8.3468E-09 8.5827E-09 8.7830E-09 8.9437E-09 9.0744E-09 9.1846E-09 9.2673E-09 9.3404E-09 9.3996E-09 9.4350E-09 9.4590E-09 9.4564E-09 9.4248E-09 9.3751E-09 9.2993E-09 9.2007E-09 9.0890E-09 8.9621E-09 8.8222E-09 8.6780E-09 8.5305E-09 8.3784E-09 8.2303E-09 8.0685E-09 7.8880E-09 7.6625E-09 7.4008E-09 7.0873E-09 6.7283E-09 6.3142E-09 5.8531E-09 5.3479E-09 4.8230E-09 4.2879E-09 3.7591E-09 3.2302E-09 2.7229E-09 2.2451E-09 1.8121E-09 1.4353E-09 1.1307E-09 8.7902E-10 6.5742E-10 4.7037E-10 3.2096E-10 2.0403E-10 1.2002E-10 5.1739E-11 1.1244E-11 0.0000E+00
