Assets/Resources/2015_m01_d28_0000(utc+0800)_l00_csi_1hr_conc.grd
DSAA
         159         159
     -79.000      79.000
     -79.000      79.000
  0.0000E+00  0.2579E-05
[rows 25 to 49 of 159, columns 57 to 113 of 159]
3.4839E-09 4.2804E-09 5.2016E-09 6.2476E-09 7.4165E-09 8.6932E-09 1.0055E-08 1.1475E-08 1.2906E-08 1.4303E-08 1.5611E-08 1.6767E-08 1.7711E-08 1.8389E-08 1.8756E-08 1.8783E-08 1.8458E-08 1.7786E-08 1.6795E-08 1.5534E-08 1.4064E-08 1.2459E-08 1.0790E-08 9.1330E-09 7.5492E-09 6.0941E-09 4.8009E-09 3.6897E-09 2.7624E-09 2.0182E-09 1.4347E-09 9.8792E-10 6.5205E-10 3.8422E-10 1.5968E-10 5.1454E-11 1.4360E-11 0.0000E+00 0.0000E+00 0.0000E+00 0.0000E+00 0.0000E+00 0.0000E+00 0.0000E+00 0.0000E+00 0.0000E+00 0.0000E+00 0.0000E+00 0.0000E+00 0.0000E+00 0.0000E+00 0.0000E+00 0.0000E+00 0.0000E+00 0.0000E+00 0.0000E+00 0.0000E+00
3.0881E-09 3.8308E-09 4.6986E-09 5.6967E-09 6.8215E-09 8.0666E-09 9.4124E-09 1.0831E-08 1.2286E-08 1.3725E-08 1.5091E-08 1.6322E-08 1.7357E-08 1.8135E-08 1.8603E-08 1.8723E-08 1.8476E-08 1.7870E-08 1.6925E-08 1.5688E-08 1.4223E-08 1.2605E-08 1.0913E-08 9.2250E-09 7.6077E-09 6.1177E-09 4.7963E-09 3.6668E-09 2.7301E-09 1.9754E-09 1.3887E-09 9.4637E-10 6.0809E-10 3.4658E-10 1.2325E-10 3.5933E-11 7.0861E-12 0.0000E+00 0.0000E+00 0.0000E+00 0.0000E+00 0.0000E+00 0.0000E+00 0.0000E+00 0.0000E+00 0.0000E+00 0.0000E+00 0.0000E+00 0.0000E+00 0.0000E+00 0.0000E+00 0.0000E+00 0.0000E+00 0.0000E+00 0.0000E+00 0.0000E+00 0.0000E+00
2.7030E-09 3.3898E-09 4.1988E-09 5.1410E-09 6.2206E-09 7.4275E-09 8.7477E-09 1.0159E-08 1.1624E-08 1.3094E-08 1.4514E-08 1.5821E-08 1.6944E-08 1.7819E-08 1.8388E-08 1.8606E-08 1.8448E-08 1.7913E-08 1.7020E-08 1.5814E-08 1.4360E-08 1.2733E-08 1.1021E-08 9.3051E-09 7.6600E-09 6.1429E-09 4.7956E-09 3.6435E-09 2.6925E-09 1.9357E-09 1.3477E-09 9.0394E-10 5.6891E-10 3.1177E-10 9.0819E-11 2.3125E-11 2.9100E-12 0.0000E+00 0.0000E+00 0.0000E+00 0.0000E+00 0.0000E+00 0.0000E+00 0.0000E+00 0.0000E+00 0.0000E+00 0.0000E+00 0.0000E+00 0.0000E+00 0.0000E+00 0.0000E+00 0.0000E+00 0.0000E+00 0.0000E+00 0.0000E+00 0.0000E+00 0.0000E+00
2.3301E-09 2.9595E-09 3.7080E-09 4.5917E-09 5.6136E-09 6.7722E-09 8.0582E-09 9.4509E-09 1.0920E-08 1.2416E-08 1.3883E-08 1.5257E-08 1.6464E-08 1.7438E-08 1.8114E-08 1.8438E-08 1.8376E-08 1.7921E-08 1.7091E-08 1.5924E-08 1.4489E-08 1.2863E-08 1.1133E-08 9.3891E-09 7.7130E-09 6.1654E-09 4.7953E-09 3.6268E-09 2.6619E-09 1.8948E-09 1.3060E-09 8.6457E-10 5.3058E-10 2.7850E-10 6.3004E-11 1.3238E-11 7.6421E-13 0.0000E+00 0.0000E+00 0.0000E+00 0.0000E+00 0.0000E+00 0.0000E+00 0.0000E+00 0.0000E+00 0.0000E+00 0.0000E+00 0.0000E+00 0.0000E+00 0.0000E+00 0.0000E+00 0.0000E+00 0.0000E+00 0.0000E+00 0.0000E+00 0.0000E+00 0.0000E+00
1.9802E-09 2.5485E-09 3.2338E-09 4.0518E-09 5.0133E-09 6.1201E-09 7.3634E-09 8.7277E-09 1.0184E-08 1.1693E-08 1.3196E-08 1.4630E-08 1.5920E-08 1.6992E-08 1.7772E-08 1.8203E-08 1.8242E-08 1.7876E-08 1.7116E-08 1.5997E-08 1.4587E-08 1.2968E-08 1.1232E-08 9.4716E-09 7.7687E-09 6.1950E-09 4.8007E-09 3.6095E-09 2.6336E-09 1.8645E-09 1.2697E-09 8.2620E-10 4.9496E-10 2.5503E-10 3.8962E-11 6.1744E-12 0.0000E+00 0.0000E+00 0.0000E+00 0.0000E+00 0.0000E+00 0.0000E+00 0.0000E+00 0.0000E+00 0.0000E+00 0.0000E+00 0.0000E+00 0.0000E+00 0.0000E+00 0.0000E+00 0.0000E+00 0.0000E+00 0.0000E+00 0.0000E+00 0.0000E+00 0.0000E+00 0.0000E+00
1.6561E-09 2.1645E-09 2.7880E-09 3.5385E-09 4.4319E-09 5.4719E-09 6.6619E-09 7.9869E-09 9.4250E-09 1.0934E-08 1.2461E-08 1.3945E-08 1.5309E-08 1.6471E-08 1.7356E-08 1.7899E-08 1.8047E-08 1.7779E-08 1.7100E-08 1.6043E-08 1.4671E-08 1.3068E-08 1.1327E-08 9.5508E-09 7.8258E-09 6.2274E-09 4.8105E-09 3.6049E-09 2.6159E-09 1.8326E-09 1.2367E-09 7.9392E-10 4.6626E-10 2.3401E-10 2.0773E-11 2.2380E-12 0.0000E+00 0.0000E+00 0.0000E+00 0.0000E+00 0.0000E+00 0.0000E+00 0.0000E+00 0.0000E+00 0.0000E+00 0.0000E+00 0.0000E+00 0.0000E+00 0.0000E+00 0.0000E+00 0.0000E+00 0.0000E+00 0.0000E+00 0.0000E+00 0.0000E+00 0.0000E+00 0.0000E+00
1.3828E-09 1.8214E-09 2.3701E-09 3.0523E-09 3.8750E-09 4.8471E-09 5.9739E-09 7.2474E-09 8.6492E-09 1.0145E-08 1.1686E-08 1.3206E-08 1.4633E-08 1.5882E-08 1.6872E-08 1.7526E-08 1.7788E-08 1.7626E-08 1.7037E-08 1.6050E-08 1.4726E-08 1.3149E-08 1.1417E-08 9.6335E-09 7.8917E-09 6.2719E-09 4.8326E-09 3.6040E-09 2.6015E-09 1.8136E-09 1.2113E-09 7.6889E-10 4.4677E-10 2.1887E-10 7.2054E-12 4.9169E-13 0.0000E+00 0.0000E+00 0.0000E+00 0.0000E+00 0.0000E+00 0.0000E+00 0.0000E+00 0.0000E+00 0.0000E+00 0.0000E+00 0.0000E+00 0.0000E+00 0.0000E+00 0.0000E+00 0.0000E+00 0.0000E+00 0.0000E+00 0.0000E+00 0.0000E+00 0.0000E+00 0.0000E+00
1.1365E-09 1.5194E-09 2.0021E-09 2.6067E-09 3.3518E-09 4.2500E-09 5.3063E-09 6.5173E-09 7.8718E-09 9.3430E-09 1.0882E-08 1.2427E-08 1.3906E-08 1.5232E-08 1.6320E-08 1.7085E-08 1.7463E-08 1.7413E-08 1.6926E-08 1.6022E-08 1.4758E-08 1.3218E-08 1.1501E-08 9.7159E-09 7.9613E-09 6.3220E-09 4.8652E-09 3.6219E-09 2.6030E-09 1.7997E-09 1.1946E-09 7.5075E-10 4.2875E-10 2.1183E-10 2.3206E-12 0.0000E+00 0.0000E+00 0.0000E+00 0.0000E+00 0.0000E+00 0.0000E+00 0.0000E+00 0.0000E+00 0.0000E+00 0.0000E+00 0.0000E+00 0.0000E+00 0.0000E+00 0.0000E+00 0.0000E+00 0.0000E+00 0.0000E+00 0.0000E+00 0.0000E+00 0.0000E+00 0.0000E+00 0.0000E+00
9.1791E-10 1.2479E-09 1.6699E-09 2.2049E-09 2.8714E-09 3.6888E-09 4.6692E-09 5.8132E-09 7.1106E-09 8.5394E-09 1.0060E-08 1.1619E-08 1.3139E-08 1.4532E-08 1.5710E-08 1.6586E-08 1.7085E-08 1.7155E-08 1.6779E-08 1.5969E-08 1.4777E-08 1.3284E-08 1.1593E-08 9.8151E-09 8.0534E-09 6.3974E-09 4.9147E-09 3.6449E-09 2.6118E-09 1.8029E-09 1.1891E-09 7.4162E-10 4.2381E-10 2.0835E-10 4.9444E-13 0.0000E+00 0.0000E+00 0.0000E+00 0.0000E+00 0.0000E+00 0.0000E+00 0.0000E+00 0.0000E+00 0.0000E+00 0.0000E+00 0.0000E+00 0.0000E+00 0.0000E+00 0.0000E+00 0.0000E+00 0.0000E+00 0.0000E+00 0.0000E+00 0.0000E+00 0.0000E+00 0.0000E+00 0.0000E+00
7.1798E-10 1.0049E-09 1.3704E-09 1.8411E-09 2.4366E-09 3.1754E-09 4.0729E-09 5.1368E-09 6.3683E-09 7.7480E-09 9.2417E-09 1.0795E-08 1.2339E-08 1.3789E-08 1.5054E-08 1.6036E-08 1.6654E-08 1.6847E-08 1.6587E-08 1.5879E-08 1.4772E-08 1.3339E-08 1.1683E-08 9.9147E-09 8.1482E-09 6.4793E-09 4.9827E-09 3.6993E-09 2.6437E-09 1.8129E-09 1.1922E-09 7.4051E-10 4.2540E-10 2.1001E-10 0.0000E+00 0.0000E+00 0.0000E+00 0.0000E+00 0.0000E+00 0.0000E+00 0.0000E+00 0.0000E+00 0.0000E+00 0.0000E+00 0.0000E+00 0.0000E+00 0.0000E+00 0.0000E+00 0.0000E+00 0.0000E+00 0.0000E+00 0.0000E+00 0.0000E+00 0.0000E+00 0.0000E+00 0.0000E+00 0.0000E+00
5.1998E-10 7.9070E-10 1.1078E-09 1.5167E-09 2.0406E-09 2.7028E-09 3.5225E-09 4.5087E-09 5.6652E-09 6.9832E-09 8.4329E-09 9.9708E-09 1.1530E-08 1.3027E-08 1.4367E-08 1.5451E-08 1.6190E-08 1.6515E-08 1.6385E-08 1.5794E-08 1.4780E-08 1.3415E-08 1.1800E-08 1.0054E-08 8.2843E-09 6.5975E-09 5.0727E-09 3.7603E-09 2.6876E-09 1.8476E-09 1.2089E-09 7.4908E-10 4.3040E-10 2.2034E-10 0.0000E+00 0.0000E+00 0.0000E+00 0.0000E+00 0.0000E+00 0.0000E+00 0.0000E+00 0.0000E+00 0.0000E+00 0.0000E+00 0.0000E+00 0.0000E+00 0.0000E+00 0.0000E+00 0.0000E+00 0.0000E+00 0.0000E+00 0.0000E+00 0.0000E+00 0.0000E+00 0.0000E+00 0.0000E+00 0.0000E+00
3.5208E-10 5.8439E-10 8.6957E-10 1.2321E-09 1.6929E-09 2.2823E-09 3.0206E-09 3.9252E-09 5.0059E-09 6.2568E-09 7.6551E-09 9.1697E-09 1.0731E-08 1.2261E-08 1.3667E-08 1.4848E-08 1.5705E-08 1.6161E-08 1.6159E-08 1.5688E-08 1.4776E-08 1.3489E-08 1.1924E-08 1.0200E-08 8.4345E-09 6.7397E-09 5.1958E-09 3.8592E-09 2.7588E-09 1.8895E-09 1.2392E-09 7.7179E-10 4.4426E-10 2.2942E-10 6.6728E-12 0.0000E+00 0.0000E+00 0.0000E+00 0.0000E+00 0.0000E+00 0.0000E+00 0.0000E+00 0.0000E+00 0.0000E+00 0.0000E+00 0.0000E+00 0.0000E+00 0.0000E+00 0.0000E+00 0.0000E+00 0.0000E+00 0.0000E+00 0.0000E+00 0.0000E+00 0.0000E+00 0.0000E+00 0.0000E+00
2.2218E-10 4.0224E-10 6.6289E-10 9.8052E-10 1.3849E-09 1.9067E-09 2.5699E-09 3.3958E-09 4.3993E-09 5.5772E-09 6.9210E-09 8.3954E-09 9.9461E-09 1.1502E-08 1.2970E-08 1.4240E-08 1.5212E-08 1.5798E-08 1.5936E-08 1.5598E-08 1.4799E-08 1.3601E-08 1.2094E-08 1.0397E-08 8.6338E-09 6.9229E-09 5.3493E-09 3.9781E-09 2.8460E-09 1.9540E-09 1.2799E-09 7.9912E-10 4.6939E-10 2.4530E-10 7.0523E-11 0.0000E+00 0.0000E+00 0.0000E+00 0.0000E+00 0.0000E+00 0.0000E+00 0.0000E+00 0.0000E+00 0.0000E+00 0.0000E+00 0.0000E+00 0.0000E+00 0.0000E+00 0.0000E+00 0.0000E+00 0.0000E+00 0.0000E+00 0.0000E+00 0.0000E+00 0.0000E+00 0.0000E+00 0.0000E+00
1.3271E-10 2.7111E-10 4.7319E-10 7.5364E-10 1.1188E-09 1.5813E-09 2.1750E-09 2.9229E-09 3.8435E-09 4.9484E-09 6.2313E-09 7.6651E-09 9.2026E-09 1.0773E-08 1.2286E-08 1.3643E-08 1.4731E-08 1.5453E-08 1.5731E-08 1.5527E-08 1.4846E-08 1.3740E-08 1.2300E-08 1.0635E-08 8.8761E-09 7.1432E-09 5.5385E-09 4.1351E-09 2.9631E-09 2.0354E-09 1.3391E-09 8.3725E-10 4.8661E-10 2.6106E-10 9.2266E-11 0.0000E+00 0.0000E+00 0.0000E+00 0.0000E+00 0.0000E+00 0.0000E+00 0.0000E+00 0.0000E+00 0.0000E+00 0.0000E+00 0.0000E+00 0.0000E+00 0.0000E+00 0.0000E+00 0.0000E+00 0.0000E+00 0.0000E+00 0.0000E+00 0.0000E+00 0.0000E+00 0.0000E+00 0.0000E+00
8.9494E-11 1.7151E-10 3.2929E-10 5.6894E-10 8.8511E-10 1.2946E-09 1.8255E-09 2.5028E-09 3.3534E-09 4.3856E-09 5.5991E-09 6.9835E-09 8.4977E-09 1.0078E-08 1.1639E-08 1.3072E-08 1.4268E-08 1.5121E-08 1.5545E-08 1.5487E-08 1.4937E-08 1.3933E-08 1.2557E-08 1.0927E-08 9.1725E-09 7.4180E-09 5.7728E-09 4.3169E-09 3.0993E-09 2.1383E-09 1.4071E-09 8.8037E-10 5.2038E-10 2.7726E-10 9.9785E-11 0.0000E+00 0.0000E+00 0.0000E+00 0.0000E+00 0.0000E+00 0.0000E+00 0.0000E+00 0.0000E+00 0.0000E+00 0.0000E+00 0.0000E+00 0.0000E+00 0.0000E+00 0.0000E+00 0.0000E+00 0.0000E+00 0.0000E+00 0.0000E+00 0.0000E+00 0.0000E+00 0.0000E+00 0.0000E+00
6.4997E-11 1.2957E-10 2.3335E-10 4.1045E-10 6.9092E-10 1.0533E-09 1.5244E-09 2.1331E-09 2.9102E-09 3.8701E-09 5.0242E-09 6.3608E-09 7.8447E-09 9.4264E-09 1.1025E-08 1.2535E-08 1.3842E-08 1.4833E-08 1.5407E-08 1.5496E-08 1.5079E-08 1.4182E-08 1.2879E-08 1.1282E-08 9.5216E-09 7.7395E-09 6.0500E-09 4.5424E-09 3.2740E-09 2.2573E-09 1.4866E-09 9.3123E-10 5.4735E-10 2.9537E-10 1.0825E-10 0.0000E+00 0.0000E+00 0.0000E+00 0.0000E+00 0.0000E+00 0.0000E+00 0.0000E+00 0.0000E+00 0.0000E+00 0.0000E+00 0.0000E+00 0.0000E+00 0.0000E+00 0.0000E+00 0.0000E+00 0.0000E+00 0.0000E+00 0.0000E+00 0.0000E+00 0.0000E+00 0.0000E+00 0.0000E+00
4.1185E-11 9.5003E-11 1.8050E-10 3.1460E-10 5.3235E-10 8.4921E-10 1.2679E-09 1.8159E-09 2.5232E-09 3.4144E-09 4.5052E-09 5.7875E-09 7.2415E-09 8.8226E-09 1.0453E-08 1.2035E-08 1.3451E-08 1.4574E-08 1.5298E-08 1.5542E-08 1.5266E-08 1.4481E-08 1.3255E-08 1.1694E-08 9.9331E-09 8.1166E-09 6.3695E-09 4.7959E-09 3.4621E-09 2.3911E-09 1.5764E-09 9.8667E-10 5.8583E-10 3.1401E-10 1.2463E-10 0.0000E+00 0.0000E+00 0.0000E+00 0.0000E+00 0.0000E+00 0.0000E+00 0.0000E+00 0.0000E+00 0.0000E+00 0.0000E+00 0.0000E+00 0.0000E+00 0.0000E+00 0.0000E+00 0.0000E+00 0.0000E+00 0.0000E+00 0.0000E+00 0.0000E+00 0.0000E+00 0.0000E+00 0.0000E+00
2.1928E-11 6.4329E-11 1.3688E-10 2.4517E-10 4.1834E-10 6.8076E-10 1.0533E-09 1.5449E-09 2.1877E-09 3.0120E-09 4.0338E-09 5.2634E-09 6.6898E-09 8.2656E-09 9.9233E-09 1.1569E-08 1.3089E-08 1.4351E-08 1.5238E-08 1.5645E-08 1.5516E-08 1.4851E-08 1.3703E-08 1.2176E-08 1.0406E-08 8.5443E-09 6.7359E-09 5.0924E-09 3.6838E-09 2.5451E-09 1.6774E-09 1.0532E-09 6.1913E-10 3.3613E-10 1.2954E-10 0.0000E+00 0.0000E+00 0.0000E+00 0.0000E+00 0.0000E+00 0.0000E+00 0.0000E+00 0.0000E+00 0.0000E+00 0.0000E+00 0.0000E+00 0.0000E+00 0.0000E+00 0.0000E+00 0.0000E+00 0.0000E+00 0.0000E+00 0.0000E+00 0.0000E+00 0.0000E+00 0.0000E+00 0.0000E+00
8.6675E-12 3.8629E-11 9.8092E-11 1.9396E-10 3.3593E-10 5.5026E-10 8.6470E-10 1.3069E-09 1.8969E-09 2.6571E-09 3.6183E-09 4.7961E-09 6.1786E-09 7.7388E-09 9.4274E-09 1.1139E-08 1.2762E-08 1.4160E-08 1.5201E-08 1.5772E-08 1.5797E-08 1.5257E-08 1.4193E-08 1.2703E-08 1.0928E-08 9.0227E-09 7.1431E-09 5.4139E-09 3.9247E-09 2.7187E-09 1.7935E-09 1.1237E-09 6.6843E-10 3.5653E-10 1.5030E-10 0.0000E+00 0.0000E+00 0.0000E+00 0.0000E+00 0.0000E+00 0.0000E+00 0.0000E+00 0.0000E+00 0.0000E+00 0.0000E+00 0.0000E+00 0.0000E+00 0.0000E+00 0.0000E+00 0.0000E+00 0.0000E+00 0.0000E+00 0.0000E+00 0.0000E+00 0.0000E+00 0.0000E+00 0.0000E+00
1.5470E-13 2.0594E-11 6.3404E-11 1.4090E-10 2.6535E-10 4.4984E-10 7.2327E-10 1.1076E-09 1.6407E-09 2.3388E-09 3.2409E-09 4.3626E-09 5.7071E-09 7.2574E-09 8.9596E-09 1.0728E-08 1.2447E-08 1.3983E-08 1.5189E-08 1.5935E-08 1.6125E-08 1.5720E-08 1.4748E-08 1.3298E-08 1.1511E-08 9.5533E-09 7.5959E-09 5.7768E-09 4.1981E-09 2.9079E-09 1.9183E-09 1.2022E-09 7.0665E-10 3.8476E-10 1.6073E-10 0.0000E+00 0.0000E+00 0.0000E+00 0.0000E+00 0.0000E+00 0.0000E+00 0.0000E+00 0.0000E+00 0.0000E+00 0.0000E+00 0.0000E+00 0.0000E+00 0.0000E+00 0.0000E+00 0.0000E+00 0.0000E+00 0.0000E+00 0.0000E+00 0.0000E+00 0.0000E+00 0.0000E+00 0.0000E+00
0.0000E+00 8.0306E-12 3.8659E-11 9.8669E-11 2.0140E-10 3.5978E-10 5.9939E-10 9.3937E-10 1.4092E-09 2.0566E-09 2.8979E-09 3.9630E-09 5.2654E-09 6.7964E-09 8.5091E-09 1.0333E-08 1.2153E-08 1.3823E-08 1.5191E-08 1.6111E-08 1.6471E-08 1.6210E-08 1.5337E-08 1.3935E-08 1.2142E-08 1.0134E-08 8.0898E-09 6.1705E-09 4.4934E-09 3.1180E-09 2.0589E-09 1.2909E-09 7.6134E-10 4.0972E-10 1.7551E-10 0.0000E+00 0.0000E+00 0.0000E+00 0.0000E+00 0.0000E+00 0.0000E+00 0.0000E+00 0.0000E+00 0.0000E+00 0.0000E+00 0.0000E+00 0.0000E+00 0.0000E+00 0.0000E+00 0.0000E+00 0.0000E+00 0.0000E+00 0.0000E+00 0.0000E+00 0.0000E+00 0.0000E+00 0.0000E+00
0.0000E+00 0.0000E+00 2.0332E-11 6.5590E-11 1.4724E-10 2.7765E-10 4.8735E-10 7.9747E-10 1.2180E-09 1.7962E-09 2.5770E-09 3.5892E-09 4.8499E-09 6.3578E-09 8.0797E-09 9.9473E-09 1.1858E-08 1.3661E-08 1.5197E-08 1.6305E-08 1.6845E-08 1.6737E-08 1.5973E-08 1.4622E-08 1.2822E-08 1.0758E-08 8.6252E-09 6.6009E-09 4.8146E-09 3.3425E-09 2.2058E-09 1.3800E-09 8.1038E-10 4.3993E-10 1.9127E-10 0.0000E+00 0.0000E+00 0.0000E+00 0.0000E+00 0.0000E+00 0.0000E+00 0.0000E+00 0.0000E+00 0.0000E+00 0.0000E+00 0.0000E+00 0.0000E+00 0.0000E+00 0.0000E+00 0.0000E+00 0.0000E+00 0.0000E+00 0.0000E+00 0.0000E+00 0.0000E+00 0.0000E+00 0.0000E+00
0.0000E+00 0.0000E+00 6.1808E-12 3.7892E-11 1.0167E-10 2.1133E-10 3.8582E-10 6.5449E-10 1.0458E-09 1.5758E-09 2.2942E-09 3.2500E-09 4.4598E-09 5.9381E-09 7.6655E-09 9.5792E-09 1.1575E-08 1.3512E-08 1.5215E-08 1.6510E-08 1.7238E-08 1.7294E-08 1.6648E-08 1.5358E-08 1.3557E-08 1.1437E-08 9.2088E-09 7.0665E-09 5.1647E-09 3.5874E-09 2.3659E-09 1.4783E-09 8.6822E-10 4.6647E-10 1.9988E-10 0.0000E+00 0.0000E+00 0.0000E+00 0.0000E+00 0.0000E+00 0.0000E+00 0.0000E+00 0.0000E+00 0.0000E+00 0.0000E+00 0.0000E+00 0.0000E+00 0.0000E+00 0.0000E+00 0.0000E+00 0.0000E+00 0.0000E+00 0.0000E+00 0.0000E+00 0.0000E+00 0.0000E+00 0.0000E+00
0.0000E+00 0.0000E+00 0.0000E+00 1.9472E-11 6.2776E-11 1.5202E-10 2.9786E-10 5.2932E-10 8.7660E-10 1.3659E-09 2.0356E-09 2.9293E-09 4.0923E-09 5.5451E-09 7.2694E-09 9.2174E-09 1.1297E-08 1.3366E-08 1.5242E-08 1.6732E-08 1.7655E-08 1.7882E-08 1.7361E-08 1.6135E-08 1.4334E-08 1.2156E-08 9.8256E-09 7.5622E-09 5.5335E-09 3.8452E-09 2.5302E-09 1.5775E-09 9.2509E-10 4.9564E-10 2.1529E-10 0.0000E+00 0.0000E+00 0.0000E+00 0.0000E+00 0.0000E+00 0.0000E+00 0.0000E+00 0.0000E+00 0.0000E+00 0.0000E+00 0.0000E+00 0.0000E+00 0.0000E+00 0.0000E+00 0.0000E+00 0.0000E+00 0.0000E+00 0.0000E+00 0.0000E+00 0.0000E+00 0.0000E+00 0.0000E+00
0.0000E+00 0.0000E+00 0.0000E+00 5.5762E-12 3.3384E-11 1.0333E-10 2.2791E-10 4.2253E-10 7.2281E-10 1.1736E-09 1.7954E-09 2.6384E-09 3.7570E-09 5.1743E-09 6.8917E-09 8.8785E-09 1.1046E-08 1.3245E-08 1.5292E-08 1.6983E-08 1.8112E-08 1.8522E-08 1.8138E-08 1.6982E-08 1.5178E-08 1.2935E-08 1.0495E-08 8.0950E-09 5.9260E-09 4.1130E-09 2.7031E-09 1.6770E-09 9.7998E-10 5.1765E-10 2.2068E-10 0.0000E+00 0.0000E+00 0.0000E+00 0.0000E+00 0.0000E+00 0.0000E+00 0.0000E+00 0.0000E+00 0.0000E+00 0.0000E+00 0.0000E+00 0.0000E+00 0.0000E+00 0.0000E+00 0.0000E+00 0.0000E+00 0.0000E+00 0.0000E+00 0.0000E+00 0.0000E+00 0.0000E+00 0.0000E+00
