Assets/Resources/2015_m01_d23_2300(utc+0800)_l00_csi_1hr_conc.grd
DSAA
         159         159
     -79.000      79.000
     -79.000      79.000
  0.3836E-10  0.2494E-04
[rows 100 to 124 of 159, columns 0 to 56 of 159]
7.7108E-11 7.9998E-11 8.2978E-11 8.6049E-11 8.9215E-11 9.2476E-11 9.5836E-11 9.9295E-11 1.0286E-10 1.0652E-10 1.1029E-10 1.1417E-10 1.1816E-10 1.2226E-10 1.2648E-10 1.3081E-10 1.3526E-10 1.3983E-10 1.4452E-10 1.4934E-10 1.5428E-10 1.5934E-10 1.6454E-10 1.6987E-10 1.7533E-10 1.8092E-10 1.8665E-10 1.9252E-10 1.9853E-10 2.0468E-10 2.1097E-10 2.1740E-10 2.2398E-10 2.3070E-10 2.3757E-10 2.4459E-10 2.5176E-10 2.5907E-10 2.6654E-10 2.7416E-10 2.8194E-10 2.8986E-10 2.9794E-10 3.0618E-10 3.1456E-10 3.2311E-10 3.3180E-10 3.4065E-10 3.4966E-10 3.5882E-10 3.6955E-10 3.9325E-10 4.2195E-10 4.4118E-10 4.6004E-10 4.8256E-10 5.0765E-10
7.6694E-11 7.9569E-11 8.2533E-11 8.5589E-11 8.8739E-11 9.1984E-11 9.5327E-11 9.8769E-11 1.0231E-10 1.0596E-10 1.0971E-10 1.1357E-10 1.1754E-10 1.2162E-10 1.2582E-10 1.3013E-10 1.3456E-10 1.3910E-10 1.4377E-10 1.4856E-10 1.5348E-10 1.5852E-10 1.6370E-10 1.6900E-10 1.7443E-10 1.8000E-10 1.8570E-10 1.9154E-10 1.9752E-10 2.0364E-10 2.0990E-10 2.1630E-10 2.2285E-10 2.2954E-10 2.3638E-10 2.4337E-10 2.5050E-10 2.5779E-10 2.6522E-10 2.7281E-10 2.8054E-10 2.8843E-10 2.9648E-10 3.0467E-10 3.1302E-10 3.2153E-10 3.3018E-10 3.3899E-10 3.4796E-10 3.5708E-10 3.6743E-10 3.9096E-10 4.1957E-10 4.3874E-10 4.5748E-10 4.7945E-10 5.0270E-10
7.6264E-11 7.9123E-11 8.2072E-11 8.5112E-11 8.8245E-11 9.1474E-11 9.4799E-11 9.8223E-11 1.0175E-10 1.0538E-10 1.0911E-10 1.1295E-10 1.1690E-10 1.2096E-10 1.2513E-10 1.2942E-10 1.3383E-10 1.3835E-10 1.4300E-10 1.4776E-10 1.5265E-10 1.5767E-10 1.6282E-10 1.6809E-10 1.7350E-10 1.7904E-10 1.8471E-10 1.9053E-10 1.9647E-10 2.0256E-10 2.0879E-10 2.1516E-10 2.2168E-10 2.2834E-10 2.3514E-10 2.4209E-10 2.4919E-10 2.5644E-10 2.6384E-10 2.7139E-10 2.7909E-10 2.8694E-10 2.9495E-10 3.0311E-10 3.1142E-10 3.1988E-10 3.2849E-10 3.3726E-10 3.4619E-10 3.5526E-10 3.6522E-10 3.8855E-10 4.1661E-10 4.3553E-10 4.5465E-10 4.7583E-10 4.9830E-10
7.5819E-11 7.8663E-11 8.1595E-11 8.4618E-11 8.7734E-11 9.0945E-11 9.4252E-11 9.7657E-11 1.0116E-10 1.0477E-10 1.0849E-10 1.1230E-10 1.1623E-10 1.2027E-10 1.2442E-10 1.2869E-10 1.3307E-10 1.3757E-10 1.4219E-10 1.4693E-10 1.5180E-10 1.5679E-10 1.6191E-10 1.6715E-10 1.7253E-10 1.7804E-10 1.8369E-10 1.8947E-10 1.9539E-10 2.0144E-10 2.0764E-10 2.1398E-10 2.2046E-10 2.2709E-10 2.3386E-10 2.4077E-10 2.4784E-10 2.5505E-10 2.6241E-10 2.6992E-10 2.7758E-10 2.8540E-10 2.9336E-10 3.0148E-10 3.0974E-10 3.1817E-10 3.2674E-10 3.3546E-10 3.4434E-10 3.5337E-10 3.6293E-10 3.8573E-10 4.1342E-10 4.3239E-10 4.5164E-10 4.7208E-10 4.9392E-10
7.5359E-11 7.8186E-11 8.1102E-11 8.4108E-11 8.7206E-11 9.0398E-11 9.3686E-11 9.7072E-11 1.0056E-10 1.0415E-10 1.0784E-10 1.1164E-10 1.1554E-10 1.1956E-10 1.2369E-10 1.2793E-10 1.3229E-10 1.3676E-10 1.4135E-10 1.4607E-10 1.5091E-10 1.5587E-10 1.6096E-10 1.6618E-10 1.7153E-10 1.7701E-10 1.8263E-10 1.8838E-10 1.9426E-10 2.0029E-10 2.0645E-10 2.1275E-10 2.1920E-10 2.2579E-10 2.3252E-10 2.3940E-10 2.4643E-10 2.5360E-10 2.6093E-10 2.6840E-10 2.7602E-10 2.8379E-10 2.9171E-10 2.9978E-10 3.0801E-10 3.1639E-10 3.2492E-10 3.3360E-10 3.4243E-10 3.5141E-10 3.6058E-10 3.8323E-10 4.1069E-10 4.2911E-10 4.4846E-10 4.6769E-10 4.8904E-10
7.4885E-11 7.7695E-11 8.0593E-11 8.3581E-11 8.6661E-11 8.9834E-11 9.3103E-11 9.6469E-11 9.9934E-11 1.0350E-10 1.0717E-10 1.1095E-10 1.1483E-10 1.1882E-10 1.2293E-10 1.2714E-10 1.3148E-10 1.3592E-10 1.4049E-10 1.4518E-10 1.4999E-10 1.5493E-10 1.5999E-10 1.6518E-10 1.7050E-10 1.7594E-10 1.8153E-10 1.8724E-10 1.9310E-10 1.9909E-10 2.0522E-10 2.1148E-10 2.1789E-10 2.2445E-10 2.3114E-10 2.3799E-10 2.4497E-10 2.5211E-10 2.5939E-10 2.6682E-10 2.7440E-10 2.8213E-10 2.9000E-10 2.9803E-10 3.0621E-10 3.1455E-10 3.2303E-10 3.3166E-10 3.4044E-10 3.4938E-10 3.5846E-10 3.8085E-10 4.0719E-10 4.2494E-10 4.4359E-10 4.6257E-10 4.8340E-10
7.4396E-11 7.7189E-11 8.0069E-11 8.3039E-11 8.6099E-11 8.9253E-11 9.2501E-11 9.5846E-11 9.9291E-11 1.0284E-10 1.0648E-10 1.1024E-10 1.1410E-10 1.1806E-10 1.2214E-10 1.2633E-10 1.3064E-10 1.3506E-10 1.3960E-10 1.4426E-10 1.4904E-10 1.5395E-10 1.5898E-10 1.6414E-10 1.6943E-10 1.7484E-10 1.8039E-10 1.8608E-10 1.9189E-10 1.9785E-10 2.0394E-10 2.1017E-10 2.1655E-10 2.2306E-10 2.2972E-10 2.3652E-10 2.4347E-10 2.5056E-10 2.5780E-10 2.6519E-10 2.7272E-10 2.8041E-10 2.8824E-10 2.9622E-10 3.0436E-10 3.1264E-10 3.2108E-10 3.2966E-10 3.3839E-10 3.4728E-10 3.5631E-10 3.7768E-10 4.0267E-10 4.1915E-10 4.3770E-10 4.5585E-10 4.7883E-10
7.3894E-11 7.6669E-11 7.9530E-11 8.2480E-11 8.5521E-11 8.8655E-11 9.1882E-11 9.5206E-11 9.8629E-11 1.0215E-10 1.0578E-10 1.0951E-10 1.1334E-10 1.1728E-10 1.2134E-10 1.2550E-10 1.2978E-10 1.3417E-10 1.3869E-10 1.4332E-10 1.4807E-10 1.5294E-10 1.5794E-10 1.6307E-10 1.6833E-10 1.7371E-10 1.7922E-10 1.8487E-10 1.9066E-10 1.9657E-10 2.0263E-10 2.0882E-10 2.1516E-10 2.2163E-10 2.2825E-10 2.3501E-10 2.4191E-10 2.4896E-10 2.5616E-10 2.6350E-10 2.7099E-10 2.7863E-10 2.8642E-10 2.9436E-10 3.0244E-10 3.1068E-10 3.1906E-10 3.2759E-10 3.3628E-10 3.4511E-10 3.5409E-10 3.7447E-10 3.9808E-10 4.1403E-10 4.3021E-10 4.5089E-10 4.6946E-10
7.3377E-11 7.6134E-11 7.8977E-11 8.1907E-11 8.4928E-11 8.8040E-11 9.1246E-11 9.4548E-11 9.7948E-11 1.0145E-10 1.0505E-10 1.0875E-10 1.1256E-10 1.1648E-10 1.2051E-10 1.2464E-10 1.2890E-10 1.3326E-10 1.3774E-10 1.4235E-10 1.4707E-10 1.5191E-10 1.5688E-10 1.6197E-10 1.6719E-10 1.7254E-10 1.7802E-10 1.8363E-10 1.8938E-10 1.9526E-10 2.0128E-10 2.0743E-10 2.1373E-10 2.2016E-10 2.2674E-10 2.3345E-10 2.4032E-10 2.4732E-10 2.5447E-10 2.6177E-10 2.6921E-10 2.7681E-10 2.8454E-10 2.9243E-10 3.0047E-10 3.0865E-10 3.1698E-10 3.2546E-10 3.3409E-10 3.4287E-10 3.5180E-10 3.7143E-10 3.9399E-10 4.0891E-10 4.2581E-10 4.4223E-10 4.6624E-10
7.2848E-11 7.5586E-11 7.8408E-11 8.1319E-11 8.4319E-11 8.7410E-11 9.0594E-11 9.3873E-11 9.7250E-11 1.0073E-10 1.0430E-10 1.0798E-10 1.1177E-10 1.1566E-10 1.1966E-10 1.2377E-10 1.2799E-10 1.3232E-10 1.3678E-10 1.4135E-10 1.4604E-10 1.5085E-10 1.5578E-10 1.6084E-10 1.6603E-10 1.7134E-10 1.7679E-10 1.8236E-10 1.8807E-10 1.9391E-10 1.9989E-10 2.0600E-10 2.1226E-10 2.1865E-10 2.2518E-10 2.3186E-10 2.3867E-10 2.4563E-10 2.5274E-10 2.5999E-10 2.6738E-10 2.7493E-10 2.8261E-10 2.9045E-10 2.9843E-10 3.0657E-10 3.1485E-10 3.2327E-10 3.3185E-10 3.4057E-10 3.4944E-10 3.6854E-10 3.8985E-10 4.0350E-10 4.1999E-10 4.3753E-10 4.5985E-10
7.2306E-11 7.5024E-11 7.7826E-11 8.0716E-11 8.3694E-11 8.6764E-11 8.9925E-11 9.3181E-11 9.6534E-11 9.9985E-11 1.0354E-10 1.0719E-10 1.1095E-10 1.1481E-10 1.1878E-10 1.2286E-10 1.2706E-10 1.3136E-10 1.3578E-10 1.4032E-10 1.4498E-10 1.4976E-10 1.5466E-10 1.5968E-10 1.6483E-10 1.7011E-10 1.7552E-10 1.8105E-10 1.8672E-10 1.9253E-10 1.9846E-10 2.0454E-10 2.1075E-10 2.1709E-10 2.2358E-10 2.3021E-10 2.3698E-10 2.4390E-10 2.5095E-10 2.5816E-10 2.6550E-10 2.7299E-10 2.8063E-10 2.8842E-10 2.9635E-10 3.0442E-10 3.1265E-10 3.2102E-10 3.2954E-10 3.3820E-10 3.4701E-10 3.6559E-10 3.8555E-10 3.9893E-10 4.1191E-10 4.3285E-10 4.5595E-10
7.1751E-11 7.4449E-11 7.7231E-11 8.0099E-11 8.3056E-11 8.6102E-11 8.9241E-11 9.2473E-11 9.5801E-11 9.9227E-11 1.0275E-10 1.0638E-10 1.1011E-10 1.1395E-10 1.1789E-10 1.2194E-10 1.2610E-10 1.3038E-10 1.3477E-10 1.3927E-10 1.4390E-10 1.4864E-10 1.5351E-10 1.5850E-10 1.6361E-10 1.6885E-10 1.7422E-10 1.7972E-10 1.8534E-10 1.9111E-10 1.9700E-10 2.0303E-10 2.0920E-10 2.1550E-10 2.2195E-10 2.2853E-10 2.3525E-10 2.4212E-10 2.4913E-10 2.5628E-10 2.6357E-10 2.7101E-10 2.7860E-10 2.8633E-10 2.9420E-10 3.0223E-10 3.1039E-10 3.1871E-10 3.2717E-10 3.3577E-10 3.4453E-10 3.6257E-10 3.8189E-10 3.9326E-10 4.0771E-10 4.2707E-10 4.5390E-10
7.1184E-11 7.3861E-11 7.6622E-11 7.9469E-11 8.2403E-11 8.5426E-11 8.8541E-11 9.1749E-11 9.5052E-11 9.8452E-11 1.0195E-10 1.0555E-10 1.0925E-10 1.1306E-10 1.1697E-10 1.2099E-10 1.2513E-10 1.2937E-10 1.3373E-10 1.3820E-10 1.4279E-10 1.4750E-10 1.5233E-10 1.5728E-10 1.6236E-10 1.6756E-10 1.7289E-10 1.7834E-10 1.8393E-10 1.8965E-10 1.9550E-10 2.0149E-10 2.0761E-10 2.1387E-10 2.2027E-10 2.2680E-10 2.3348E-10 2.4029E-10 2.4725E-10 2.5435E-10 2.6160E-10 2.6898E-10 2.7651E-10 2.8419E-10 2.9201E-10 2.9997E-10 3.0808E-10 3.1634E-10 3.2474E-10 3.3328E-10 3.4197E-10 3.5950E-10 3.7819E-10 3.8937E-10 4.0520E-10 4.2235E-10 4.4840E-10
7.0605E-11 7.3261E-11 7.6000E-11 7.8825E-11 8.1736E-11 8.4736E-11 8.7826E-11 9.1009E-11 9.4286E-11 9.7660E-11 1.0113E-10 1.0470E-10 1.0838E-10 1.1215E-10 1.1604E-10 1.2003E-10 1.2413E-10 1.2834E-10 1.3266E-10 1.3710E-10 1.4166E-10 1.4633E-10 1.5112E-10 1.5604E-10 1.6107E-10 1.6624E-10 1.7153E-10 1.7694E-10 1.8249E-10 1.8816E-10 1.9397E-10 1.9991E-10 2.0599E-10 2.1220E-10 2.1855E-10 2.2504E-10 2.3166E-10 2.3843E-10 2.4534E-10 2.5238E-10 2.5957E-10 2.6690E-10 2.7438E-10 2.8200E-10 2.8976E-10 2.9767E-10 3.0572E-10 3.1391E-10 3.2225E-10 3.3074E-10 3.3936E-10 3.5636E-10 3.7443E-10 3.8543E-10 3.9893E-10 4.2009E-10 4.4368E-10
7.0014E-11 7.2649E-11 7.5366E-11 7.8168E-11 8.1055E-11 8.4031E-11 8.7097E-11 9.0254E-11 9.3505E-11 9.6852E-11 1.0030E-10 1.0384E-10 1.0748E-10 1.1123E-10 1.1508E-10 1.1904E-10 1.2311E-10 1.2729E-10 1.3158E-10 1.3598E-10 1.4050E-10 1.4514E-10 1.4989E-10 1.5477E-10 1.5977E-10 1.6489E-10 1.7014E-10 1.7551E-10 1.8101E-10 1.8664E-10 1.9241E-10 1.9830E-10 2.0433E-10 2.1050E-10 2.1680E-10 2.2323E-10 2.2981E-10 2.3652E-10 2.4338E-10 2.5037E-10 2.5750E-10 2.6478E-10 2.7220E-10 2.7976E-10 2.8746E-10 2.9531E-10 3.0330E-10 3.1143E-10 3.1971E-10 3.2813E-10 3.3669E-10 3.5318E-10 3.7063E-10 3.8145E-10 3.9688E-10 4.1796E-10 4.4587E-10
6.9413E-11 7.2025E-11 7.4720E-11 7.7498E-11 8.0362E-11 8.3313E-11 8.6353E-11 8.9485E-11 9.2709E-11 9.6028E-11 9.9444E-11 1.0296E-10 1.0657E-10 1.1029E-10 1.1411E-10 1.1804E-10 1.2207E-10 1.2622E-10 1.3047E-10 1.3484E-10 1.3932E-10 1.4392E-10 1.4864E-10 1.5347E-10 1.5843E-10 1.6351E-10 1.6872E-10 1.7405E-10 1.7951E-10 1.8509E-10 1.9081E-10 1.9666E-10 2.0264E-10 2.0876E-10 2.1501E-10 2.2139E-10 2.2792E-10 2.3458E-10 2.4138E-10 2.4831E-10 2.5539E-10 2.6261E-10 2.6997E-10 2.7747E-10 2.8512E-10 2.9290E-10 3.0083E-10 3.0890E-10 3.1711E-10 3.2546E-10 3.3396E-10 3.4994E-10 3.6679E-10 3.7744E-10 3.9282E-10 4.1405E-10 4.4200E-10
6.8800E-11 7.1390E-11 7.4062E-11 7.6817E-11 7.9656E-11 8.2582E-11 8.5596E-11 8.8701E-11 9.1898E-11 9.5190E-11 9.8576E-11 1.0206E-10 1.0565E-10 1.0933E-10 1.1312E-10 1.1701E-10 1.2101E-10 1.2512E-10 1.2934E-10 1.3367E-10 1.3812E-10 1.4268E-10 1.4736E-10 1.5215E-10 1.5707E-10 1.6211E-10 1.6727E-10 1.7256E-10 1.7797E-10 1.8351E-10 1.8918E-10 1.9498E-10 2.0092E-10 2.0698E-10 2.1318E-10 2.1951E-10 2.2598E-10 2.3259E-10 2.3933E-10 2.4622E-10 2.5324E-10 2.6040E-10 2.6770E-10 2.7514E-10 2.8272E-10 2.9045E-10 2.9831E-10 3.0631E-10 3.1446E-10 3.2275E-10 3.3117E-10 3.4666E-10 3.6292E-10 3.7547E-10 3.9273E-10 4.1216E-10 4.4076E-10
6.8177E-11 7.0745E-11 7.3393E-11 7.6123E-11 7.8938E-11 8.1838E-11 8.4826E-11 8.7904E-11 9.1073E-11 9.4336E-11 9.7693E-11 1.0115E-10 1.0470E-10 1.0835E-10 1.1211E-10 1.1597E-10 1.1994E-10 1.2401E-10 1.2819E-10 1.3249E-10 1.3689E-10 1.4142E-10 1.4605E-10 1.5081E-10 1.5569E-10 1.6068E-10 1.6580E-10 1.7104E-10 1.7641E-10 1.8190E-10 1.8753E-10 1.9328E-10 1.9916E-10 2.0517E-10 2.1132E-10 2.1760E-10 2.2402E-10 2.3057E-10 2.3726E-10 2.4408E-10 2.5104E-10 2.5814E-10 2.6538E-10 2.7276E-10 2.8028E-10 2.8794E-10 2.9574E-10 3.0368E-10 3.1176E-10 3.1997E-10 3.2833E-10 3.4333E-10 3.5902E-10 3.7145E-10 3.9126E-10 4.1269E-10 4.3710E-10
6.7544E-11 7.0088E-11 7.2713E-11 7.5418E-11 7.8208E-11 8.1082E-11 8.4044E-11 8.7094E-11 9.0235E-11 9.3468E-11 9.6796E-11 1.0022E-10 1.0374E-10 1.0736E-10 1.1108E-10 1.1491E-10 1.1884E-10 1.2288E-10 1.2703E-10 1.3128E-10 1.3565E-10 1.4013E-10 1.4473E-10 1.4944E-10 1.5428E-10 1.5923E-10 1.6430E-10 1.6950E-10 1.7482E-10 1.8027E-10 1.8584E-10 1.9154E-10 1.9737E-10 2.0333E-10 2.0943E-10 2.1565E-10 2.2201E-10 2.2851E-10 2.3514E-10 2.4190E-10 2.4881E-10 2.5585E-10 2.6303E-10 2.7034E-10 2.7780E-10 2.8539E-10 2.9312E-10 3.0099E-10 3.0900E-10 3.1715E-10 3.2544E-10 3.3996E-10 3.5510E-10 3.6740E-10 3.8731E-10 4.1090E-10 4.3585E-10
6.6901E-11 6.9422E-11 7.2022E-11 7.4703E-11 7.7466E-11 8.0314E-11 8.3248E-11 8.6271E-11 8.9383E-11 9.2587E-11 9.5884E-11 9.9276E-11 1.0277E-10 1.0635E-10 1.1004E-10 1.1383E-10 1.1773E-10 1.2173E-10 1.2584E-10 1.3006E-10 1.3439E-10 1.3883E-10 1.4338E-10 1.4805E-10 1.5284E-10 1.5775E-10 1.6278E-10 1.6793E-10 1.7320E-10 1.7860E-10 1.8412E-10 1.8977E-10 1.9555E-10 2.0146E-10 2.0750E-10 2.1367E-10 2.1998E-10 2.2641E-10 2.3299E-10 2.3969E-10 2.4653E-10 2.5351E-10 2.6063E-10 2.6788E-10 2.7527E-10 2.8280E-10 2.9046E-10 2.9826E-10 3.0620E-10 3.1428E-10 3.2249E-10 3.3655E-10 3.5115E-10 3.6540E-10 3.8544E-10 4.0963E-10 4.3187E-10
6.6249E-11 6.8746E-11 7.1321E-11 7.3977E-11 7.6714E-11 7.9535E-11 8.2442E-11 8.5435E-11 8.8518E-11 9.1692E-11 9.4958E-11 9.8319E-11 1.0178E-10 1.0533E-10 1.0898E-10 1.1274E-10 1.1660E-10 1.2056E-10 1.2463E-10 1.2881E-10 1.3310E-10 1.3750E-10 1.4201E-10 1.4664E-10 1.5139E-10 1.5625E-10 1.6123E-10 1.6633E-10 1.7156E-10 1.7691E-10 1.8238E-10 1.8798E-10 1.9371E-10 1.9956E-10 2.0555E-10 2.1166E-10 2.1791E-10 2.2429E-10 2.3080E-10 2.3744E-10 2.4422E-10 2.5114E-10 2.5819E-10 2.6538E-10 2.7270E-10 2.8016E-10 2.8775E-10 2.9549E-10 3.0336E-10 3.1136E-10 3.1950E-10 3.3311E-10 3.4719E-10 3.6330E-10 3.8147E-10 4.0582E-10 4.2731E-10
6.5588E-11 6.8061E-11 7.0611E-11 7.3241E-11 7.5951E-11 7.8745E-11 8.1624E-11 8.4589E-11 8.7642E-11 9.0785E-11 9.4019E-11 9.7348E-11 1.0077E-10 1.0429E-10 1.0791E-10 1.1163E-10 1.1545E-10 1.1938E-10 1.2341E-10 1.2755E-10 1.3180E-10 1.3616E-10 1.4063E-10 1.4521E-10 1.4991E-10 1.5473E-10 1.5966E-10 1.6472E-10 1.6989E-10 1.7519E-10 1.8061E-10 1.8616E-10 1.9183E-10 1.9763E-10 2.0356E-10 2.0962E-10 2.1581E-10 2.2213E-10 2.2858E-10 2.3516E-10 2.4188E-10 2.4873E-10 2.5571E-10 2.6283E-10 2.7009E-10 2.7748E-10 2.8501E-10 2.9267E-10 3.0046E-10 3.0839E-10 3.1646E-10 3.2963E-10 3.4321E-10 3.6131E-10 3.7994E-10 4.0443E-10 4.2384E-10
6.4918E-11 6.7366E-11 6.9891E-11 7.2495E-11 7.5179E-11 7.7945E-11 8.0795E-11 8.3730E-11 8.6753E-11 8.9865E-11 9.3068E-11 9.6364E-11 9.9754E-11 1.0324E-10 1.0682E-10 1.1051E-10 1.1429E-10 1.1818E-10 1.2217E-10 1.2627E-10 1.3048E-10 1.3479E-10 1.3922E-10 1.4376E-10 1.4841E-10 1.5318E-10 1.5807E-10 1.6308E-10 1.6820E-10 1.7345E-10 1.7882E-10 1.8431E-10 1.8993E-10 1.9568E-10 2.0155E-10 2.0755E-10 2.1368E-10 2.1993E-10 2.2632E-10 2.3284E-10 2.3950E-10 2.4628E-10 2.5320E-10 2.6026E-10 2.6744E-10 2.7476E-10 2.8222E-10 2.8981E-10 2.9753E-10 3.0538E-10 3.1337E-10 3.2612E-10 3.3922E-10 3.5987E-10 3.7995E-10 4.0057E-10 4.1999E-10
6.4240E-11 6.6663E-11 6.9163E-11 7.1740E-11 7.4397E-11 7.7135E-11 7.9956E-11 8.2861E-11 8.5854E-11 8.8934E-11 9.2105E-11 9.5367E-11 9.8723E-11 1.0217E-10 1.0572E-10 1.0937E-10 1.1311E-10 1.1696E-10 1.2092E-10 1.2497E-10 1.2914E-10 1.3341E-10 1.3779E-10 1.4229E-10 1.4690E-10 1.5162E-10 1.5646E-10 1.6141E-10 1.6649E-10 1.7168E-10 1.7700E-10 1.8244E-10 1.8800E-10 1.9369E-10 1.9951E-10 2.0545E-10 2.1151E-10 2.1771E-10 2.2404E-10 2.3050E-10 2.3708E-10 2.4380E-10 2.5066E-10 2.5764E-10 2.6476E-10 2.7201E-10 2.7939E-10 2.8690E-10 2.9455E-10 3.0233E-10 3.1024E-10 3.2258E-10 3.3728E-10 3.5591E-10 3.7800E-10 3.9666E-10 4.1851E-10
6.3555E-11 6.5953E-11 6.8426E-11 7.0976E-11 7.3605E-11 7.6315E-11 7.9107E-11 8.1982E-11 8.4944E-11 8.7993E-11 9.1130E-11 9.4359E-11 9.7680E-11 1.0110E-10 1.0461E-10 1.0822E-10 1.1192E-10 1.1573E-10 1.1965E-10 1.2366E-10 1.2778E-10 1.3201E-10 1.3635E-10 1.4080E-10 1.4536E-10 1.5004E-10 1.5483E-10 1.5973E-10 1.6476E-10 1.6990E-10 1.7516E-10 1.8054E-10 1.8605E-10 1.9168E-10 1.9744E-10 2.0332E-10 2.0933E-10 2.1546E-10 2.2173E-10 2.2812E-10 2.3464E-10 2.4129E-10 2.4808E-10 2.5499E-10 2.6204E-10 2.6921E-10 2.7652E-10 2.8396E-10 2.9153E-10 2.9924E-10 3.0707E-10 3.1901E-10 3.3330E-10 3.5192E-10 3.7655E-10 3.9518E-10 4.1457E-10
