Assets/Resources/2015_m01_d24_0800(utc+0800)_l00_csi_1hr_conc.grd
DSAA
         159         159
     -79.000      79.000
     -79.000      79.000
  0.5679E-11  0.3788E-05
[rows 25 to 49 of 159, columns 57 to 113 of 159]
1.0533E-08 1.1075E-08 1.1581E-08 1.2038E-08 1.2450E-08 1.2796E-08 1.3073E-08 1.3283E-08 1.3433E-08 1.3520E-08 1.3548E-08 1.3521E-08 1.3444E-08 1.3320E-08 1.3155E-08 1.2959E-08 1.2741E-08 1.2510E-08 1.2266E-08 1.2015E-08 1.1769E-08 1.1521E-08 1.1279E-08 1.1050E-08 1.0822E-08 1.0608E-08 1.0410E-08 1.0223E-08 1.0040E-08 9.8863E-09 9.7016E-09 9.5535E-09 9.3707E-09 9.2093E-09 9.0444E-09 8.8800E-09 8.7096E-09 8.5377E-09 8.3591E-09 8.1802E-09 7.9899E-09 7.7990E-09 7.6035E-09 7.4018E-09 7.1987E-09 6.9911E-09 6.7801E-09 6.5666E-09 6.3515E-09 6.1356E-09 5.9199E-09 5.7051E-09 5.4920E-09 5.2814E-09 5.0738E-09 4.8699E-09 4.6702E-09
1.1658E-08 1.2266E-08 1.2828E-08 1.3334E-08 1.3776E-08 1.4152E-08 1.4449E-08 1.4663E-08 1.4803E-08 1.4872E-08 1.4872E-08 1.4809E-08 1.4689E-08 1.4516E-08 1.4300E-08 1.4049E-08 1.3770E-08 1.3475E-08 1.3169E-08 1.2864E-08 1.2555E-08 1.2255E-08 1.1963E-08 1.1682E-08 1.1413E-08 1.1156E-08 1.0923E-08 1.0699E-08 1.0487E-08 1.0292E-08 1.0098E-08 9.9161E-09 9.7338E-09 9.5550E-09 9.3745E-09 9.2018E-09 9.0158E-09 8.8349E-09 8.6577E-09 8.4572E-09 8.2729E-09 8.0583E-09 7.8659E-09 7.6436E-09 7.4329E-09 7.2176E-09 6.9987E-09 6.7772E-09 6.5540E-09 6.3302E-09 6.1065E-09 5.8839E-09 5.6631E-09 5.4448E-09 5.2298E-09 5.0186E-09 4.8118E-09
1.2899E-08 1.3577E-08 1.4195E-08 1.4753E-08 1.5235E-08 1.5645E-08 1.5960E-08 1.6177E-08 1.6307E-08 1.6355E-08 1.6323E-08 1.6220E-08 1.6052E-08 1.5826E-08 1.5549E-08 1.5231E-08 1.4885E-08 1.4522E-08 1.4151E-08 1.3773E-08 1.3401E-08 1.3041E-08 1.2690E-08 1.2352E-08 1.2038E-08 1.1738E-08 1.1455E-08 1.1195E-08 1.0951E-08 1.0724E-08 1.0506E-08 1.0303E-08 1.0099E-08 9.9051E-09 9.7099E-09 9.5203E-09 9.3242E-09 9.1308E-09 8.9473E-09 8.7321E-09 8.5396E-09 8.3153E-09 8.1151E-09 7.8828E-09 7.6645E-09 7.4414E-09 7.2147E-09 6.9853E-09 6.7542E-09 6.5225E-09 6.2909E-09 6.0605E-09 5.8320E-09 5.6062E-09 5.3838E-09 5.1655E-09 4.9518E-09
1.4253E-08 1.5008E-08 1.5694E-08 1.6305E-08 1.6827E-08 1.7270E-08 1.7606E-08 1.7832E-08 1.7951E-08 1.7973E-08 1.7906E-08 1.7755E-08 1.7532E-08 1.7244E-08 1.6901E-08 1.6514E-08 1.6094E-08 1.5651E-08 1.5200E-08 1.4748E-08 1.4306E-08 1.3870E-08 1.3458E-08 1.3064E-08 1.2691E-08 1.2343E-08 1.2010E-08 1.1708E-08 1.1429E-08 1.1170E-08 1.0946E-08 1.0693E-08 1.0492E-08 1.0257E-08 1.0048E-08 9.8396E-09 9.6343E-09 9.4237E-09 9.2309E-09 9.0049E-09 8.8003E-09 8.5687E-09 8.3533E-09 8.1183E-09 7.8924E-09 7.6617E-09 7.4273E-09 7.1901E-09 6.9512E-09 6.7116E-09 6.4724E-09 6.2343E-09 5.9982E-09 5.7650E-09 5.5354E-09 5.3100E-09 5.0895E-09
1.5724E-08 1.6568E-08 1.7326E-08 1.7991E-08 1.8563E-08 1.9028E-08 1.9389E-08 1.9620E-08 1.9728E-08 1.9724E-08 1.9617E-08 1.9417E-08 1.9133E-08 1.8777E-08 1.8360E-08 1.7892E-08 1.7386E-08 1.6858E-08 1.6325E-08 1.5791E-08 1.5263E-08 1.4757E-08 1.4271E-08 1.3809E-08 1.3376E-08 1.2974E-08 1.2586E-08 1.2241E-08 1.1919E-08 1.1620E-08 1.1354E-08 1.1089E-08 1.0867E-08 1.0607E-08 1.0386E-08 1.0157E-08 9.9396E-09 9.7139E-09 9.4998E-09 9.2738E-09 9.0514E-09 8.8207E-09 8.5909E-09 8.3595E-09 8.1159E-09 7.8777E-09 7.6356E-09 7.3907E-09 7.1442E-09 6.8970E-09 6.6501E-09 6.4045E-09 6.1611E-09 5.9206E-09 5.6839E-09 5.4516E-09 5.2244E-09
1.7306E-08 1.8237E-08 1.9073E-08 1.9801E-08 2.0420E-08 2.0911E-08 2.1294E-08 2.1536E-08 2.1637E-08 2.1606E-08 2.1457E-08 2.1197E-08 2.0847E-08 2.0417E-08 1.9917E-08 1.9363E-08 1.8770E-08 1.8149E-08 1.7520E-08 1.6893E-08 1.6282E-08 1.5689E-08 1.5123E-08 1.4591E-08 1.4090E-08 1.3624E-08 1.3191E-08 1.2783E-08 1.2415E-08 1.2082E-08 1.1779E-08 1.1486E-08 1.1220E-08 1.0958E-08 1.0718E-08 1.0470E-08 1.0242E-08 1.0001E-08 9.7746E-09 9.5550E-09 9.3061E-09 9.0828E-09 8.8261E-09 8.5961E-09 8.3337E-09 8.0882E-09 7.8387E-09 7.5864E-09 7.3323E-09 7.0777E-09 6.8234E-09 6.5705E-09 6.3198E-09 6.0723E-09 5.8287E-09 5.5897E-09 5.3560E-09
1.8996E-08 2.0015E-08 2.0939E-08 2.1735E-08 2.2399E-08 2.2914E-08 2.3319E-08 2.3574E-08 2.3667E-08 2.3609E-08 2.3413E-08 2.3095E-08 2.2672E-08 2.2161E-08 2.1573E-08 2.0923E-08 2.0231E-08 1.9510E-08 1.8780E-08 1.8060E-08 1.7351E-08 1.6664E-08 1.6019E-08 1.5405E-08 1.4830E-08 1.4299E-08 1.3807E-08 1.3339E-08 1.2928E-08 1.2553E-08 1.2207E-08 1.1896E-08 1.1594E-08 1.1310E-08 1.1048E-08 1.0786E-08 1.0537E-08 1.0289E-08 1.0045E-08 9.8152E-09 9.5535E-09 9.3221E-09 9.0545E-09 8.8173E-09 8.5451E-09 8.2924E-09 8.0357E-09 7.7761E-09 7.5148E-09 7.2529E-09 6.9914E-09 6.7314E-09 6.4738E-09 6.2195E-09 5.9693E-09 5.7238E-09 5.4839E-09
2.0772E-08 2.1891E-08 2.2901E-08 2.3768E-08 2.4484E-08 2.5052E-08 2.5451E-08 2.5713E-08 2.5800E-08 2.5715E-08 2.5472E-08 2.5092E-08 2.4589E-08 2.3992E-08 2.3311E-08 2.2562E-08 2.1768E-08 2.0945E-08 2.0108E-08 1.9278E-08 1.8467E-08 1.7692E-08 1.6946E-08 1.6250E-08 1.5600E-08 1.4993E-08 1.4439E-08 1.3916E-08 1.3452E-08 1.3027E-08 1.2641E-08 1.2318E-08 1.1964E-08 1.1689E-08 1.1373E-08 1.1098E-08 1.0827E-08 1.0568E-08 1.0306E-08 1.0060E-08 9.7935E-09 9.5425E-09 9.2750E-09 9.0202E-09 8.7488E-09 8.4893E-09 8.2257E-09 7.9591E-09 7.6908E-09 7.4219E-09 7.1535E-09 6.8867E-09 6.6224E-09 6.3615E-09 6.1049E-09 5.8533E-09 5.6074E-09
2.2649E-08 2.3862E-08 2.4953E-08 2.5896E-08 2.6669E-08 2.7270E-08 2.7677E-08 2.7940E-08 2.8019E-08 2.7908E-08 2.7621E-08 2.7176E-08 2.6597E-08 2.5908E-08 2.5129E-08 2.4278E-08 2.3372E-08 2.2436E-08 2.1489E-08 2.0548E-08 1.9632E-08 1.8749E-08 1.7908E-08 1.7124E-08 1.6387E-08 1.5706E-08 1.5086E-08 1.4507E-08 1.3978E-08 1.3504E-08 1.3073E-08 1.2694E-08 1.2330E-08 1.2017E-08 1.1689E-08 1.1399E-08 1.1107E-08 1.0836E-08 1.0558E-08 1.0298E-08 1.0028E-08 9.7633E-09 9.4947E-09 9.2233E-09 8.9595E-09 8.6779E-09 8.4076E-09 8.1344E-09 7.8594E-09 7.5838E-09 7.3089E-09 7.0356E-09 6.7649E-09 6.4978E-09 6.2351E-09 5.9776E-09 5.7260E-09
2.4589E-08 2.5892E-08 2.7073E-08 2.8093E-08 2.8925E-08 2.9556E-08 2.9971E-08 3.0230E-08 3.0302E-08 3.0168E-08 2.9838E-08 2.9330E-08 2.8673E-08 2.7889E-08 2.7010E-08 2.6050E-08 2.5031E-08 2.3983E-08 2.2919E-08 2.1859E-08 2.0830E-08 1.9839E-08 1.8897E-08 1.8012E-08 1.7194E-08 1.6433E-08 1.5738E-08 1.5099E-08 1.4503E-08 1.3977E-08 1.3508E-08 1.3090E-08 1.2693E-08 1.2342E-08 1.1996E-08 1.1690E-08 1.1381E-08 1.1093E-08 1.0803E-08 1.0530E-08 1.0270E-08 9.9771E-09 9.7121E-09 9.4189E-09 9.1518E-09 8.8573E-09 8.5807E-09 8.3011E-09 8.0197E-09 7.7379E-09 7.4567E-09 7.1773E-09 6.9006E-09 6.6277E-09 6.3593E-09 6.0963E-09 5.8394E-09
2.6626E-08 2.8008E-08 2.9263E-08 3.0342E-08 3.1221E-08 3.1889E-08 3.2343E-08 3.2577E-08 3.2632E-08 3.2474E-08 3.2105E-08 3.1539E-08 3.0803E-08 2.9926E-08 2.8943E-08 2.7872E-08 2.6736E-08 2.5565E-08 2.4381E-08 2.3202E-08 2.2057E-08 2.0953E-08 1.9902E-08 1.8922E-08 1.8007E-08 1.7165E-08 1.6395E-08 1.5688E-08 1.5025E-08 1.4452E-08 1.3939E-08 1.3475E-08 1.3065E-08 1.2667E-08 1.2301E-08 1.1968E-08 1.1647E-08 1.1340E-08 1.1041E-08 1.0751E-08 1.0481E-08 1.0177E-08 9.9069E-09 9.6038E-09 9.3294E-09 9.0264E-09 8.7439E-09 8.4584E-09 8.1711E-09 7.8834E-09 7.5964E-09 7.3112E-09 7.0289E-09 6.7505E-09 6.4769E-09 6.2089E-09 5.9472E-09
2.8743E-08 3.0168E-08 3.1482E-08 3.2619E-08 3.3548E-08 3.4250E-08 3.4716E-08 3.4945E-08 3.4986E-08 3.4801E-08 3.4391E-08 3.3770E-08 3.2960E-08 3.1991E-08 3.0901E-08 2.9720E-08 2.8466E-08 2.7173E-08 2.5868E-08 2.4568E-08 2.3296E-08 2.2079E-08 2.0923E-08 1.9833E-08 1.8826E-08 1.7900E-08 1.7046E-08 1.6275E-08 1.5554E-08 1.4922E-08 1.4359E-08 1.3848E-08 1.3421E-08 1.2979E-08 1.2620E-08 1.2237E-08 1.1899E-08 1.1573E-08 1.1266E-08 1.0958E-08 1.0669E-08 1.0366E-08 1.0077E-08 9.7773E-09 9.4845E-09 9.1852E-09 8.8965E-09 8.6054E-09 8.3127E-09 8.0195E-09 7.7271E-09 7.4367E-09 7.1493E-09 6.8660E-09 6.5876E-09 6.3149E-09 6.0488E-09
3.0929E-08 3.2401E-08 3.3744E-08 3.4923E-08 3.5889E-08 3.6615E-08 3.7096E-08 3.7310E-08 3.7332E-08 3.7128E-08 3.6673E-08 3.5999E-08 3.5119E-08 3.4062E-08 3.2868E-08 3.1573E-08 3.0202E-08 2.8783E-08 2.7354E-08 2.5934E-08 2.4541E-08 2.3208E-08 2.1939E-08 2.0743E-08 1.9644E-08 1.8627E-08 1.7693E-08 1.6853E-08 1.6077E-08 1.5381E-08 1.4761E-08 1.4210E-08 1.3729E-08 1.3274E-08 1.2877E-08 1.2488E-08 1.2137E-08 1.1791E-08 1.1474E-08 1.1152E-08 1.0850E-08 1.0544E-08 1.0245E-08 9.9460E-09 9.6394E-09 9.3493E-09 9.0375E-09 8.7414E-09 8.4437E-09 8.1455E-09 7.8483E-09 7.5532E-09 7.2613E-09 6.9734E-09 6.6908E-09 6.4140E-09 6.1439E-09
3.3151E-08 3.4682E-08 3.6016E-08 3.7227E-08 3.8215E-08 3.8961E-08 3.9445E-08 3.9673E-08 3.9647E-08 3.9414E-08 3.8924E-08 3.8193E-08 3.7250E-08 3.6111E-08 3.4814E-08 3.3411E-08 3.1924E-08 3.0381E-08 2.8830E-08 2.7286E-08 2.5771E-08 2.4321E-08 2.2944E-08 2.1644E-08 2.0442E-08 1.9342E-08 1.8329E-08 1.7416E-08 1.6586E-08 1.5817E-08 1.5151E-08 1.4563E-08 1.4041E-08 1.3558E-08 1.3131E-08 1.2723E-08 1.2355E-08 1.1998E-08 1.1665E-08 1.1333E-08 1.1019E-08 1.0721E-08 1.0400E-08 1.0101E-08 9.7813E-09 9.4845E-09 9.1662E-09 8.8657E-09 8.5635E-09 8.2610E-09 7.9596E-09 7.6602E-09 7.3642E-09 7.0726E-09 6.7861E-09 6.5057E-09 6.2322E-09
3.5405E-08 3.7009E-08 3.8353E-08 3.9528E-08 4.0524E-08 4.1273E-08 4.1758E-08 4.1969E-08 4.1910E-08 4.1638E-08 4.1115E-08 4.0330E-08 3.9324E-08 3.8109E-08 3.6721E-08 3.5209E-08 3.3607E-08 3.1947E-08 3.0271E-08 2.8607E-08 2.6975E-08 2.5405E-08 2.3918E-08 2.2518E-08 2.1221E-08 2.0030E-08 1.8943E-08 1.7955E-08 1.7064E-08 1.6235E-08 1.5524E-08 1.4895E-08 1.4331E-08 1.3847E-08 1.3368E-08 1.2946E-08 1.2556E-08 1.2188E-08 1.1838E-08 1.1501E-08 1.1173E-08 1.0865E-08 1.0537E-08 1.0231E-08 9.9069E-09 9.6036E-09 9.2820E-09 8.9776E-09 8.6716E-09 8.3653E-09 8.0602E-09 7.7573E-09 7.4578E-09 7.1628E-09 6.8732E-09 6.5898E-09 6.3134E-09
3.7677E-08 3.9358E-08 4.0704E-08 4.1802E-08 4.2785E-08 4.3525E-08 4.3998E-08 4.4183E-08 4.4082E-08 4.3771E-08 4.3205E-08 4.2371E-08 4.1303E-08 4.0024E-08 3.8553E-08 3.6937E-08 3.5227E-08 3.3452E-08 3.1655E-08 2.9876E-08 2.8128E-08 2.6445E-08 2.4851E-08 2.3350E-08 2.1956E-08 2.0684E-08 1.9518E-08 1.8463E-08 1.7510E-08 1.6635E-08 1.5870E-08 1.5195E-08 1.4597E-08 1.4077E-08 1.3584E-08 1.3165E-08 1.2736E-08 1.2359E-08 1.1990E-08 1.1648E-08 1.1306E-08 1.0987E-08 1.0658E-08 1.0343E-08 1.0019E-08 9.7067E-09 9.3862E-09 9.0765E-09 8.7673E-09 8.4580E-09 8.1498E-09 7.8439E-09 7.5416E-09 7.2439E-09 6.9516E-09 6.6658E-09 6.3871E-09
3.9998E-08 4.1711E-08 4.3092E-08 4.4152E-08 4.5014E-08 4.5711E-08 4.6142E-08 4.6304E-08 4.6175E-08 4.5784E-08 4.5174E-08 4.4295E-08 4.3158E-08 4.1818E-08 4.0272E-08 3.8563E-08 3.6753E-08 3.4872E-08 3.2960E-08 3.1068E-08 2.9212E-08 2.7419E-08 2.5724E-08 2.4128E-08 2.2644E-08 2.1288E-08 2.0055E-08 1.8929E-08 1.7918E-08 1.7003E-08 1.6182E-08 1.5465E-08 1.4836E-08 1.4283E-08 1.3772E-08 1.3320E-08 1.2890E-08 1.2505E-08 1.2122E-08 1.1776E-08 1.1423E-08 1.1097E-08 1.0768E-08 1.0443E-08 1.0129E-08 9.7989E-09 9.4881E-09 9.1621E-09 8.8503E-09 8.5384E-09 8.2278E-09 7.9197E-09 7.6152E-09 7.3153E-09 7.0212E-09 6.7335E-09 6.4529E-09
4.2352E-08 4.4079E-08 4.5482E-08 4.6487E-08 4.7205E-08 4.7811E-08 4.8184E-08 4.8285E-08 4.8096E-08 4.7647E-08 4.6975E-08 4.6048E-08 4.4854E-08 4.3455E-08 4.1848E-08 4.0055E-08 3.8153E-08 3.6174E-08 3.4157E-08 3.2162E-08 3.0205E-08 2.8312E-08 2.6520E-08 2.4836E-08 2.3270E-08 2.1835E-08 2.0533E-08 1.9352E-08 1.8282E-08 1.7325E-08 1.6453E-08 1.5707E-08 1.5050E-08 1.4469E-08 1.3940E-08 1.3469E-08 1.3024E-08 1.2626E-08 1.2239E-08 1.1879E-08 1.1526E-08 1.1188E-08 1.0864E-08 1.0526E-08 1.0209E-08 9.8756E-09 9.5629E-09 9.2337E-09 8.9200E-09 8.6064E-09 8.2941E-09 7.9843E-09 7.6783E-09 7.3771E-09 7.0815E-09 6.7925E-09 6.5108E-09
4.4765E-08 4.6503E-08 4.7866E-08 4.8853E-08 4.9455E-08 4.9847E-08 5.0106E-08 5.0119E-08 4.9860E-08 4.9323E-08 4.8589E-08 4.7604E-08 4.6349E-08 4.4896E-08 4.3239E-08 4.1383E-08 3.9399E-08 3.7331E-08 3.5226E-08 3.3131E-08 3.1083E-08 2.9105E-08 2.7221E-08 2.5457E-08 2.3818E-08 2.2314E-08 2.0948E-08 1.9711E-08 1.8596E-08 1.7599E-08 1.6691E-08 1.5914E-08 1.5226E-08 1.4617E-08 1.4098E-08 1.3586E-08 1.3146E-08 1.2721E-08 1.2336E-08 1.1960E-08 1.1609E-08 1.1259E-08 1.0930E-08 1.0591E-08 1.0269E-08 9.9364E-09 9.6166E-09 9.2910E-09 8.9762E-09 8.6615E-09 8.3481E-09 8.0375E-09 7.7306E-09 7.4286E-09 7.1324E-09 6.8428E-09 6.5606E-09
4.7210E-08 4.8961E-08 5.0281E-08 5.1203E-08 5.1681E-08 5.1844E-08 5.1918E-08 5.1794E-08 5.1431E-08 5.0794E-08 4.9979E-08 4.8929E-08 4.7621E-08 4.6110E-08 4.4410E-08 4.2505E-08 4.0452E-08 3.8313E-08 3.6131E-08 3.3951E-08 3.1823E-08 2.9770E-08 2.7810E-08 2.5976E-08 2.4274E-08 2.2707E-08 2.1289E-08 2.0004E-08 1.8846E-08 1.7822E-08 1.6889E-08 1.6072E-08 1.5362E-08 1.4730E-08 1.4183E-08 1.3673E-08 1.3230E-08 1.2791E-08 1.2401E-08 1.2019E-08 1.1665E-08 1.1310E-08 1.0977E-08 1.0640E-08 1.0313E-08 9.9835E-09 9.6607E-09 9.3367E-09 9.0185E-09 8.7035E-09 8.3899E-09 8.0790E-09 7.7721E-09 7.4700E-09 7.1738E-09 6.8842E-09 6.6021E-09
4.9706E-08 5.1504E-08 5.2770E-08 5.3572E-08 5.3936E-08 5.3885E-08 5.3621E-08 5.3309E-08 5.2802E-08 5.2069E-08 5.1116E-08 4.9984E-08 4.8629E-08 4.7066E-08 4.5329E-08 4.3388E-08 4.1283E-08 3.9088E-08 3.6845E-08 3.4597E-08 3.2404E-08 3.0288E-08 2.8266E-08 2.6378E-08 2.4623E-08 2.3006E-08 2.1546E-08 2.0221E-08 1.9031E-08 1.7976E-08 1.7031E-08 1.6184E-08 1.5452E-08 1.4812E-08 1.4249E-08 1.3731E-08 1.3272E-08 1.2835E-08 1.2441E-08 1.2057E-08 1.1699E-08 1.1344E-08 1.1007E-08 1.0678E-08 1.0342E-08 1.0020E-08 9.6890E-09 9.3725E-09 9.0469E-09 8.7322E-09 8.4192E-09 8.1089E-09 7.8025E-09 7.5010E-09 7.2055E-09 6.9166E-09 6.6352E-09
5.2231E-08 5.4089E-08 5.5312E-08 5.5983E-08 5.6171E-08 5.5894E-08 5.5312E-08 5.4682E-08 5.3963E-08 5.3073E-08 5.1996E-08 5.0779E-08 4.9343E-08 4.7731E-08 4.5961E-08 4.4002E-08 4.1863E-08 3.9629E-08 3.7343E-08 3.5047E-08 3.2804E-08 3.0642E-08 2.8578E-08 2.6645E-08 2.4853E-08 2.3204E-08 2.1707E-08 2.0355E-08 1.9144E-08 1.8067E-08 1.7113E-08 1.6241E-08 1.5504E-08 1.4857E-08 1.4278E-08 1.3762E-08 1.3291E-08 1.2856E-08 1.2455E-08 1.2074E-08 1.1710E-08 1.1359E-08 1.1016E-08 1.0689E-08 1.0353E-08 1.0032E-08 9.7015E-09 9.3863E-09 9.0612E-09 8.7478E-09 8.4360E-09 8.1269E-09 7.8219E-09 7.5218E-09 7.2276E-09 6.9401E-09 6.6600E-09
5.4753E-08 5.6734E-08 5.7977E-08 5.8505E-08 5.8460E-08 5.7940E-08 5.7009E-08 5.5915E-08 5.4919E-08 5.3834E-08 5.2591E-08 5.1260E-08 4.9755E-08 4.8089E-08 4.6281E-08 4.4316E-08 4.2170E-08 3.9911E-08 3.7602E-08 3.5281E-08 3.3005E-08 3.0814E-08 2.8728E-08 2.6767E-08 2.4954E-08 2.3286E-08 2.1766E-08 2.0401E-08 1.9178E-08 1.8089E-08 1.7128E-08 1.6258E-08 1.5511E-08 1.4853E-08 1.4268E-08 1.3763E-08 1.3278E-08 1.2858E-08 1.2442E-08 1.2064E-08 1.1698E-08 1.1350E-08 1.1007E-08 1.0677E-08 1.0346E-08 1.0023E-08 9.6982E-09 9.3803E-09 9.0617E-09 8.7501E-09 8.4403E-09 8.1334E-09 7.8303E-09 7.5323E-09 7.2401E-09 6.9546E-09 6.6765E-09
5.7252E-08 5.9446E-08 6.0713E-08 6.1143E-08 6.0835E-08 5.9992E-08 5.8697E-08 5.7177E-08 5.5719E-08 5.4349E-08 5.2933E-08 5.1420E-08 4.9837E-08 4.8127E-08 4.6271E-08 4.4312E-08 4.2174E-08 3.9915E-08 3.7604E-08 3.5279E-08 3.2992E-08 3.0794E-08 2.8703E-08 2.6735E-08 2.4917E-08 2.3246E-08 2.1716E-08 2.0352E-08 1.9131E-08 1.8039E-08 1.7080E-08 1.6225E-08 1.5463E-08 1.4804E-08 1.4224E-08 1.3710E-08 1.3235E-08 1.2808E-08 1.2403E-08 1.2028E-08 1.1663E-08 1.1319E-08 1.0978E-08 1.0650E-08 1.0323E-08 1.0002E-08 9.6803E-09 9.3644E-09 9.0488E-09 8.7395E-09 8.4324E-09 8.1282E-09 7.8280E-09 7.5327E-09 7.2432E-09 6.9604E-09 6.6849E-09
5.9650E-08 6.2109E-08 6.3546E-08 6.3917E-08 6.3385E-08 6.2141E-08 6.0460E-08 5.8419E-08 5.6383E-08 5.4642E-08 5.2977E-08 5.1278E-08 4.9580E-08 4.7795E-08 4.5927E-08 4.3973E-08 4.1864E-08 3.9628E-08 3.7339E-08 3.5034E-08 3.2758E-08 3.0572E-08 2.8498E-08 2.6543E-08 2.4737E-08 2.3076E-08 2.1562E-08 2.0206E-08 1.8998E-08 1.7918E-08 1.6965E-08 1.6123E-08 1.5367E-08 1.4714E-08 1.4141E-08 1.3630E-08 1.3162E-08 1.2738E-08 1.2338E-08 1.1967E-08 1.1607E-08 1.1266E-08 1.0929E-08 1.0605E-08 1.0286E-08 9.9640E-09 9.6509E-09 9.3340E-09 9.0264E-09 8.7160E-09 8.4125E-09 8.1118E-09 7.8150E-09 7.5231E-09 7.2371E-09 6.9576E-09 6.6853E-09
