Assets/Resources/2015_m01_d18_0800(utc+0800)_l00_csi_1hr_conc.grd
DSAA
         159         159
     -79.000      79.000
     -79.000      79.000
  0.3201E-10  0.2643E-05
[rows 100 to 124 of 159, columns 0 to 56 of 159]
1.6650E-10 1.7621E-10 1.8600E-10 1.9669E-10 2.0789E-10 2.1963E-10 2.3196E-10 2.4487E-10 2.5824E-10 2.7239E-10 2.8705E-10 3.0237E-10 3.1855E-10 3.3526E-10 3.5271E-10 3.7092E-10 3.9007E-10 4.1002E-10 4.3063E-10 4.5208E-10 4.7441E-10 4.9784E-10 5.2218E-10 5.4708E-10 5.7335E-10 6.0044E-10 6.2853E-10 6.5765E-10 6.8782E-10 7.1905E-10 7.5137E-10 7.8480E-10 8.1912E-10 8.5480E-10 8.9164E-10 9.2965E-10 9.6883E-10 1.0092E-09 1.0508E-09 1.0934E-09 1.1377E-09 1.1828E-09 1.2293E-09 1.2773E-09 1.3261E-09 1.3764E-09 1.4280E-09 1.4805E-09 1.5346E-09 1.5899E-09 1.6462E-09 1.7037E-09 1.7626E-09 1.8225E-09 1.8835E-09 1.9462E-09 2.0099E-09
1.6542E-10 1.7507E-10 1.8481E-10 1.9543E-10 2.0658E-10 2.1826E-10 2.3052E-10 2.4336E-10 2.5666E-10 2.7074E-10 2.8533E-10 3.0074E-10 3.1667E-10 3.3331E-10 3.5084E-10 3.6880E-10 3.8786E-10 4.0772E-10 4.2823E-10 4.4975E-10 4.7181E-10 4.9513E-10 5.1937E-10 5.4437E-10 5.7032E-10 5.9730E-10 6.2528E-10 6.5428E-10 6.8433E-10 7.1543E-10 7.4763E-10 7.8093E-10 8.1534E-10 8.5089E-10 8.8737E-10 9.2524E-10 9.6429E-10 1.0045E-09 1.0460E-09 1.0887E-09 1.1326E-09 1.1777E-09 1.2239E-09 1.2718E-09 1.3207E-09 1.3706E-09 1.4223E-09 1.4747E-09 1.5284E-09 1.5836E-09 1.6397E-09 1.6973E-09 1.7559E-09 1.8159E-09 1.8765E-09 1.9390E-09 2.0026E-09
1.6426E-10 1.7386E-10 1.8392E-10 1.9410E-10 2.0518E-10 2.1679E-10 2.2898E-10 2.4175E-10 2.5514E-10 2.6898E-10 2.8348E-10 2.9881E-10 3.1466E-10 3.3120E-10 3.4864E-10 3.6666E-10 3.8546E-10 4.0522E-10 4.2580E-10 4.4704E-10 4.6899E-10 4.9220E-10 5.1632E-10 5.4119E-10 5.6703E-10 5.9388E-10 6.2172E-10 6.5080E-10 6.8050E-10 7.1147E-10 7.4373E-10 7.7667E-10 8.1094E-10 8.4634E-10 8.8266E-10 9.2038E-10 9.5950E-10 9.9936E-10 1.0407E-09 1.0834E-09 1.1271E-09 1.1719E-09 1.2181E-09 1.2656E-09 1.3143E-09 1.3643E-09 1.4156E-09 1.4679E-09 1.5214E-09 1.5764E-09 1.6324E-09 1.6898E-09 1.7482E-09 1.8080E-09 1.8692E-09 1.9308E-09 1.9942E-09
1.6304E-10 1.7257E-10 1.8257E-10 1.9267E-10 2.0369E-10 2.1523E-10 2.2734E-10 2.4003E-10 2.5333E-10 2.6709E-10 2.8151E-10 2.9674E-10 3.1250E-10 3.2894E-10 3.4628E-10 3.6420E-10 3.8289E-10 4.0254E-10 4.2300E-10 4.4413E-10 4.6612E-10 4.8903E-10 5.1302E-10 5.3776E-10 5.6367E-10 5.9017E-10 6.1787E-10 6.4680E-10 6.7635E-10 7.0716E-10 7.3927E-10 7.7226E-10 8.0614E-10 8.4159E-10 8.7775E-10 9.1506E-10 9.5401E-10 9.9369E-10 1.0348E-09 1.0774E-09 1.1209E-09 1.1655E-09 1.2117E-09 1.2590E-09 1.3073E-09 1.3571E-09 1.4082E-09 1.4606E-09 1.5139E-09 1.5684E-09 1.6242E-09 1.6814E-09 1.7399E-09 1.7992E-09 1.8602E-09 1.9216E-09 1.9848E-09
1.6174E-10 1.7121E-10 1.8114E-10 1.9117E-10 2.0211E-10 2.1357E-10 2.2560E-10 2.3821E-10 2.5142E-10 2.6509E-10 2.7941E-10 2.9454E-10 3.1020E-10 3.2654E-10 3.4377E-10 3.6157E-10 3.8031E-10 3.9967E-10 4.2001E-10 4.4118E-10 4.6286E-10 4.8564E-10 5.0949E-10 5.3408E-10 5.5984E-10 5.8639E-10 6.1373E-10 6.4250E-10 6.7209E-10 7.0252E-10 7.3445E-10 7.6726E-10 8.0096E-10 8.3623E-10 8.7241E-10 9.0953E-10 9.4805E-10 9.8776E-10 1.0284E-09 1.0708E-09 1.1141E-09 1.1587E-09 1.2045E-09 1.2516E-09 1.2997E-09 1.3493E-09 1.4002E-09 1.4523E-09 1.5056E-09 1.5597E-09 1.6155E-09 1.6723E-09 1.7305E-09 1.7896E-09 1.8503E-09 1.9121E-09 1.9743E-09
1.6038E-10 1.6977E-10 1.7963E-10 1.8972E-10 2.0044E-10 2.1182E-10 2.2377E-10 2.3628E-10 2.4940E-10 2.6313E-10 2.7719E-10 2.9222E-10 3.0776E-10 3.2399E-10 3.4110E-10 3.5878E-10 3.7739E-10 3.9663E-10 4.1683E-10 4.3786E-10 4.5940E-10 4.8219E-10 5.0572E-10 5.3016E-10 5.5575E-10 5.8214E-10 6.0930E-10 6.3789E-10 6.6730E-10 6.9775E-10 7.2929E-10 7.6190E-10 7.9561E-10 8.3046E-10 8.6644E-10 9.0334E-10 9.4164E-10 9.8112E-10 1.0216E-09 1.0637E-09 1.1068E-09 1.1511E-09 1.1967E-09 1.2436E-09 1.2917E-09 1.3408E-09 1.3914E-09 1.4433E-09 1.4964E-09 1.5502E-09 1.6058E-09 1.6622E-09 1.7202E-09 1.7790E-09 1.8395E-09 1.9010E-09 1.9636E-09
1.5895E-10 1.6814E-10 1.7792E-10 1.8806E-10 1.9869E-10 2.0998E-10 2.2184E-10 2.3426E-10 2.4728E-10 2.6090E-10 2.7485E-10 2.8977E-10 3.0519E-10 3.2130E-10 3.3828E-10 3.5584E-10 3.7431E-10 3.9340E-10 4.1346E-10 4.3434E-10 4.5590E-10 4.7836E-10 5.0172E-10 5.2599E-10 5.5141E-10 5.7762E-10 6.0480E-10 6.3299E-10 6.6221E-10 6.9246E-10 7.2378E-10 7.5619E-10 7.8968E-10 8.2430E-10 8.6005E-10 8.9694E-10 9.3500E-10 9.7402E-10 1.0144E-09 1.0561E-09 1.0990E-09 1.1430E-09 1.1886E-09 1.2350E-09 1.2828E-09 1.3319E-09 1.3820E-09 1.4336E-09 1.4864E-09 1.5402E-09 1.5952E-09 1.6517E-09 1.7091E-09 1.7676E-09 1.8277E-09 1.8889E-09 1.9511E-09
1.5746E-10 1.6657E-10 1.7627E-10 1.8632E-10 1.9686E-10 2.0806E-10 2.1982E-10 2.3213E-10 2.4505E-10 2.5856E-10 2.7240E-10 2.8719E-10 3.0250E-10 3.1847E-10 3.3532E-10 3.5274E-10 3.7107E-10 3.9001E-10 4.0991E-10 4.3063E-10 4.5203E-10 4.7432E-10 4.9751E-10 5.2159E-10 5.4682E-10 5.7284E-10 5.9981E-10 6.2781E-10 6.5681E-10 6.8684E-10 7.1794E-10 7.5012E-10 7.8338E-10 8.1776E-10 8.5326E-10 8.8990E-10 9.2770E-10 9.6645E-10 1.0066E-09 1.0482E-09 1.0906E-09 1.1344E-09 1.1798E-09 1.2261E-09 1.2734E-09 1.3222E-09 1.3720E-09 1.4233E-09 1.4758E-09 1.5293E-09 1.5842E-09 1.6401E-09 1.6974E-09 1.7553E-09 1.8150E-09 1.8758E-09 1.9375E-09
1.5591E-10 1.6493E-10 1.7455E-10 1.8450E-10 1.9496E-10 2.0605E-10 2.1771E-10 2.2992E-10 2.4256E-10 2.5596E-10 2.6983E-10 2.8450E-10 2.9967E-10 3.1551E-10 3.3222E-10 3.4949E-10 3.6767E-10 3.8645E-10 4.0619E-10 4.2674E-10 4.4796E-10 4.7024E-10 4.9307E-10 5.1696E-10 5.4199E-10 5.6780E-10 5.9457E-10 6.2234E-10 6.5112E-10 6.8092E-10 7.1178E-10 7.4371E-10 7.7672E-10 8.1084E-10 8.4608E-10 8.8245E-10 9.1998E-10 9.5868E-10 9.9834E-10 1.0397E-09 1.0818E-09 1.1253E-09 1.1703E-09 1.2164E-09 1.2634E-09 1.3118E-09 1.3616E-09 1.4123E-09 1.4645E-09 1.5176E-09 1.5722E-09 1.6278E-09 1.6847E-09 1.7421E-09 1.8014E-09 1.8617E-09 1.9230E-09
1.5417E-10 1.6310E-10 1.7276E-10 1.8249E-10 1.9297E-10 2.0397E-10 2.1551E-10 2.2761E-10 2.4013E-10 2.5341E-10 2.6715E-10 2.8169E-10 2.9672E-10 3.1242E-10 3.2898E-10 3.4609E-10 3.6411E-10 3.8273E-10 4.0229E-10 4.2267E-10 4.4370E-10 4.6579E-10 4.8842E-10 5.1211E-10 5.3693E-10 5.6252E-10 5.8906E-10 6.1660E-10 6.4514E-10 6.7469E-10 7.0530E-10 7.3697E-10 7.6971E-10 8.0356E-10 8.3851E-10 8.7459E-10 9.1184E-10 9.5026E-10 9.8986E-10 1.0307E-09 1.0727E-09 1.1157E-09 1.1604E-09 1.2061E-09 1.2530E-09 1.3009E-09 1.3503E-09 1.4007E-09 1.4525E-09 1.5053E-09 1.5595E-09 1.6149E-09 1.6711E-09 1.7284E-09 1.7869E-09 1.8467E-09 1.9075E-09
1.5250E-10 1.6134E-10 1.7077E-10 1.8053E-10 1.9092E-10 2.0180E-10 2.1323E-10 2.2521E-10 2.3761E-10 2.5076E-10 2.6437E-10 2.7877E-10 2.9366E-10 3.0920E-10 3.2561E-10 3.4256E-10 3.6041E-10 3.7885E-10 3.9823E-10 4.1842E-10 4.3926E-10 4.6114E-10 4.8373E-10 5.0704E-10 5.3163E-10 5.5699E-10 5.8330E-10 6.1059E-10 6.3888E-10 6.6817E-10 6.9851E-10 7.2991E-10 7.6236E-10 7.9592E-10 8.3058E-10 8.6637E-10 9.0332E-10 9.4144E-10 9.8072E-10 1.0212E-09 1.0629E-09 1.1056E-09 1.1499E-09 1.1953E-09 1.2418E-09 1.2894E-09 1.3384E-09 1.3887E-09 1.4399E-09 1.4923E-09 1.5461E-09 1.6010E-09 1.6567E-09 1.7135E-09 1.7718E-09 1.8309E-09 1.8911E-09
1.5077E-10 1.5953E-10 1.6885E-10 1.7851E-10 1.8879E-10 1.9956E-10 2.1087E-10 2.2273E-10 2.3500E-10 2.4801E-10 2.6149E-10 2.7574E-10 2.9048E-10 3.0586E-10 3.2211E-10 3.3889E-10 3.5656E-10 3.7482E-10 3.9401E-10 4.1400E-10 4.3463E-10 4.5631E-10 4.7868E-10 5.0175E-10 5.2612E-10 5.5123E-10 5.7729E-10 6.0433E-10 6.3235E-10 6.6137E-10 6.9143E-10 7.2253E-10 7.5469E-10 7.8794E-10 8.2231E-10 8.5779E-10 8.9444E-10 9.3223E-10 9.7118E-10 1.0113E-09 1.0527E-09 1.0952E-09 1.1390E-09 1.1840E-09 1.2302E-09 1.2774E-09 1.3260E-09 1.3759E-09 1.4267E-09 1.4786E-09 1.5319E-09 1.5864E-09 1.6416E-09 1.6979E-09 1.7557E-09 1.8142E-09 1.8739E-09
1.4887E-10 1.5765E-10 1.6688E-10 1.7643E-10 1.8659E-10 1.9724E-10 2.0844E-10 2.2016E-10 2.3230E-10 2.4517E-10 2.5850E-10 2.7260E-10 2.8718E-10 3.0241E-10 3.1848E-10 3.3508E-10 3.5257E-10 3.7064E-10 3.8963E-10 4.0942E-10 4.2984E-10 4.5129E-10 4.7343E-10 4.9627E-10 5.2039E-10 5.4525E-10 5.7105E-10 5.9781E-10 6.2555E-10 6.5429E-10 6.8405E-10 7.1485E-10 7.4670E-10 7.7966E-10 8.1371E-10 8.4888E-10 8.8519E-10 9.2264E-10 9.6126E-10 1.0011E-09 1.0420E-09 1.0842E-09 1.1276E-09 1.1722E-09 1.2180E-09 1.2648E-09 1.3131E-09 1.3625E-09 1.4128E-09 1.4643E-09 1.5171E-09 1.5711E-09 1.6258E-09 1.6820E-09 1.7388E-09 1.7969E-09 1.8555E-09
1.4704E-10 1.5559E-10 1.6471E-10 1.7428E-10 1.8433E-10 1.9486E-10 2.0592E-10 2.1752E-10 2.2952E-10 2.4225E-10 2.5543E-10 2.6937E-10 2.8378E-10 2.9884E-10 3.1473E-10 3.3115E-10 3.4845E-10 3.6632E-10 3.8511E-10 4.0468E-10 4.2487E-10 4.4610E-10 4.6800E-10 4.9059E-10 5.1446E-10 5.3905E-10 5.6458E-10 5.9106E-10 6.1851E-10 6.4694E-10 6.7640E-10 7.0689E-10 7.3844E-10 7.7107E-10 8.0480E-10 8.3963E-10 8.7559E-10 9.1270E-10 9.5094E-10 9.9038E-10 1.0310E-09 1.0728E-09 1.1158E-09 1.1600E-09 1.2054E-09 1.2521E-09 1.2996E-09 1.3485E-09 1.3984E-09 1.4494E-09 1.5017E-09 1.5551E-09 1.6093E-09 1.6649E-09 1.7211E-09 1.7785E-09 1.8364E-09
1.4516E-10 1.5361E-10 1.6262E-10 1.7208E-10 1.8200E-10 1.9241E-10 2.0334E-10 2.1480E-10 2.2665E-10 2.3923E-10 2.5226E-10 2.6604E-10 2.8028E-10 2.9516E-10 3.1087E-10 3.2710E-10 3.4420E-10 3.6186E-10 3.8044E-10 3.9978E-10 4.1975E-10 4.4074E-10 4.6239E-10 4.8473E-10 5.0832E-10 5.3265E-10 5.5789E-10 5.8408E-10 6.1122E-10 6.3934E-10 6.6849E-10 6.9867E-10 7.2990E-10 7.6220E-10 7.9559E-10 8.3006E-10 8.6568E-10 9.0240E-10 9.4028E-10 9.7931E-10 1.0195E-09 1.0609E-09 1.1036E-09 1.1474E-09 1.1924E-09 1.2385E-09 1.2856E-09 1.3340E-09 1.3834E-09 1.4339E-09 1.4857E-09 1.5385E-09 1.5921E-09 1.6472E-09 1.7031E-09 1.7593E-09 1.8165E-09
1.4324E-10 1.5158E-10 1.6048E-10 1.6982E-10 1.7962E-10 1.8989E-10 2.0069E-10 2.1200E-10 2.2372E-10 2.3614E-10 2.4900E-10 2.6262E-10 2.7669E-10 2.9139E-10 3.0691E-10 3.2294E-10 3.3983E-10 3.5728E-10 3.7546E-10 3.9457E-10 4.1447E-10 4.3521E-10 4.5661E-10 4.7868E-10 5.0200E-10 5.2604E-10 5.5098E-10 5.7687E-10 6.0370E-10 6.3152E-10 6.6035E-10 6.9021E-10 7.2110E-10 7.5306E-10 7.8609E-10 8.2021E-10 8.5544E-10 8.9179E-10 9.2926E-10 9.6790E-10 1.0077E-09 1.0488E-09 1.0910E-09 1.1343E-09 1.1788E-09 1.2245E-09 1.2711E-09 1.3191E-09 1.3679E-09 1.4178E-09 1.4691E-09 1.5214E-09 1.5744E-09 1.6288E-09 1.6840E-09 1.7396E-09 1.7959E-09
1.4115E-10 1.4951E-10 1.5828E-10 1.6750E-10 1.7717E-10 1.8732E-10 1.9782E-10 2.0914E-10 2.2070E-10 2.3297E-10 2.4567E-10 2.5894E-10 2.7300E-10 2.8751E-10 3.0283E-10 3.1866E-10 3.3534E-10 3.5257E-10 3.7052E-10 3.8940E-10 4.0888E-10 4.2936E-10 4.5050E-10 4.7246E-10 4.9550E-10 5.1924E-10 5.4388E-10 5.6946E-10 5.9598E-10 6.2349E-10 6.5199E-10 6.8151E-10 7.1206E-10 7.4366E-10 7.7633E-10 8.1007E-10 8.4491E-10 8.8086E-10 9.1793E-10 9.5621E-10 9.9565E-10 1.0362E-09 1.0780E-09 1.1209E-09 1.1649E-09 1.2101E-09 1.2562E-09 1.3037E-09 1.3520E-09 1.4013E-09 1.4520E-09 1.5037E-09 1.5561E-09 1.6099E-09 1.6644E-09 1.7192E-09 1.7748E-09
1.3914E-10 1.4739E-10 1.5604E-10 1.6514E-10 1.7468E-10 1.8469E-10 1.9504E-10 2.0606E-10 2.1746E-10 2.2972E-10 2.4225E-10 2.5535E-10 2.6906E-10 2.8354E-10 2.9866E-10 3.1428E-10 3.3074E-10 3.4774E-10 3.6546E-10 3.8409E-10 4.0332E-10 4.2354E-10 4.4440E-10 4.6608E-10 4.8882E-10 5.1226E-10 5.3660E-10 5.6187E-10 5.8808E-10 6.1525E-10 6.4343E-10 6.7259E-10 7.0279E-10 7.3402E-10 7.6631E-10 7.9966E-10 8.3410E-10 8.6965E-10 9.0637E-10 9.4424E-10 9.8324E-10 1.0234E-09 1.0646E-09 1.1070E-09 1.1506E-09 1.1951E-09 1.2409E-09 1.2878E-09 1.3355E-09 1.3843E-09 1.4345E-09 1.4857E-09 1.5375E-09 1.5905E-09 1.6443E-09 1.6988E-09 1.7531E-09
1.3696E-10 1.4522E-10 1.5363E-10 1.6272E-10 1.7200E-10 1.8200E-10 1.9221E-10 2.0307E-10 2.1432E-10 2.2625E-10 2.3876E-10 2.5168E-10 2.6520E-10 2.7932E-10 2.9439E-10 3.0980E-10 3.2587E-10 3.4281E-10 3.6028E-10 3.7866E-10 3.9763E-10 4.1758E-10 4.3815E-10 4.5954E-10 4.8199E-10 5.0512E-10 5.2915E-10 5.5411E-10 5.8000E-10 6.0684E-10 6.3465E-10 6.6348E-10 6.9329E-10 7.2416E-10 7.5605E-10 7.8900E-10 8.2305E-10 8.5825E-10 8.9456E-10 9.3198E-10 9.7051E-10 1.0101E-09 1.0509E-09 1.0929E-09 1.1360E-09 1.1799E-09 1.2252E-09 1.2715E-09 1.3187E-09 1.3671E-09 1.4167E-09 1.4673E-09 1.5184E-09 1.5707E-09 1.6237E-09 1.6774E-09 1.7309E-09
1.3488E-10 1.4289E-10 1.5130E-10 1.6014E-10 1.6940E-10 1.7913E-10 1.8932E-10 2.0003E-10 2.1111E-10 2.2287E-10 2.3505E-10 2.4794E-10 2.6126E-10 2.7518E-10 2.8988E-10 3.0506E-10 3.2106E-10 3.3760E-10 3.5499E-10 3.7312E-10 3.9182E-10 4.1148E-10 4.3177E-10 4.5286E-10 4.7501E-10 4.9784E-10 5.2156E-10 5.4619E-10 5.7175E-10 5.9824E-10 6.2572E-10 6.5416E-10 6.8362E-10 7.1407E-10 7.4557E-10 7.7814E-10 8.1184E-10 8.4662E-10 8.8248E-10 9.1943E-10 9.5748E-10 9.9666E-10 1.0370E-09 1.0785E-09 1.1210E-09 1.1644E-09 1.2091E-09 1.2550E-09 1.3018E-09 1.3497E-09 1.3987E-09 1.4486E-09 1.4990E-09 1.5505E-09 1.6027E-09 1.6555E-09 1.7082E-09
1.3277E-10 1.4066E-10 1.4881E-10 1.5764E-10 1.6664E-10 1.7635E-10 1.8625E-10 1.9693E-10 2.0785E-10 2.1927E-10 2.3143E-10 2.4397E-10 2.5725E-10 2.7096E-10 2.8544E-10 3.0040E-10 3.1601E-10 3.3246E-10 3.4943E-10 3.6746E-10 3.8588E-10 4.0506E-10 4.2526E-10 4.4606E-10 4.6791E-10 4.9043E-10 5.1383E-10 5.3814E-10 5.6335E-10 5.8950E-10 6.1660E-10 6.4468E-10 6.7373E-10 7.0380E-10 7.3493E-10 7.6716E-10 8.0043E-10 8.3476E-10 8.7015E-10 9.0663E-10 9.4425E-10 9.8299E-10 1.0229E-09 1.0638E-09 1.1058E-09 1.1486E-09 1.1929E-09 1.2384E-09 1.2848E-09 1.3320E-09 1.3804E-09 1.4295E-09 1.4791E-09 1.5294E-09 1.5807E-09 1.6328E-09 1.6851E-09
1.3049E-10 1.3839E-10 1.4641E-10 1.5497E-10 1.6396E-10 1.7339E-10 1.8327E-10 1.9366E-10 2.0453E-10 2.1578E-10 2.2758E-10 2.4009E-10 2.5317E-10 2.6667E-10 2.8077E-10 2.9566E-10 3.1103E-10 3.2723E-10 3.4394E-10 3.6153E-10 3.7967E-10 3.9873E-10 4.1844E-10 4.3916E-10 4.6070E-10 4.8291E-10 5.0598E-10 5.2995E-10 5.5482E-10 5.8060E-10 6.0734E-10 6.3502E-10 6.6369E-10 6.9341E-10 7.2419E-10 7.5598E-10 7.8882E-10 8.2268E-10 8.5760E-10 8.9368E-10 9.3085E-10 9.6912E-10 1.0084E-09 1.0488E-09 1.0903E-09 1.1328E-09 1.1768E-09 1.2218E-09 1.2675E-09 1.3141E-09 1.3617E-09 1.4101E-09 1.4589E-09 1.5084E-09 1.5589E-09 1.6101E-09 1.6616E-09
1.2832E-10 1.3596E-10 1.4398E-10 1.5240E-10 1.6112E-10 1.7052E-10 1.8012E-10 1.9046E-10 2.0103E-10 2.1210E-10 2.2385E-10 2.3600E-10 2.4903E-10 2.6231E-10 2.7619E-10 2.9068E-10 3.0597E-10 3.2191E-10 3.3836E-10 3.5567E-10 3.7354E-10 3.9215E-10 4.1174E-10 4.3195E-10 4.5296E-10 4.7527E-10 4.9802E-10 5.2164E-10 5.4616E-10 5.7158E-10 5.9793E-10 6.2524E-10 6.5358E-10 6.8293E-10 7.1329E-10 7.4464E-10 7.7701E-10 8.1042E-10 8.4497E-10 8.8059E-10 9.1729E-10 9.5500E-10 9.9382E-10 1.0337E-09 1.0749E-09 1.1171E-09 1.1605E-09 1.2050E-09 1.2501E-09 1.2959E-09 1.3428E-09 1.3904E-09 1.4384E-09 1.4870E-09 1.5368E-09 1.5871E-09 1.6378E-09
1.2612E-10 1.3363E-10 1.4139E-10 1.4980E-10 1.5837E-10 1.6749E-10 1.7705E-10 1.8694E-10 1.9763E-10 2.0851E-10 2.2006E-10 2.3201E-10 2.4467E-10 2.5790E-10 2.7154E-10 2.8580E-10 3.0067E-10 3.1652E-10 3.3270E-10 3.4974E-10 3.6734E-10 3.8566E-10 4.0496E-10 4.2487E-10 4.4556E-10 4.6713E-10 4.8995E-10 5.1323E-10 5.3738E-10 5.6243E-10 5.8841E-10 6.1541E-10 6.4338E-10 6.7209E-10 7.0223E-10 7.3313E-10 7.6483E-10 7.9812E-10 8.3222E-10 8.6736E-10 9.0352E-10 9.4073E-10 9.7908E-10 1.0188E-09 1.0597E-09 1.1013E-09 1.1442E-09 1.1880E-09 1.2324E-09 1.2775E-09 1.3235E-09 1.3704E-09 1.4176E-09 1.4654E-09 1.5143E-09 1.5638E-09 1.6136E-09
1.2378E-10 1.3115E-10 1.3891E-10 1.4691E-10 1.5559E-10 1.6442E-10 1.7396E-10 1.8367E-10 1.9402E-10 2.0487E-10 2.1623E-10 2.2798E-10 2.4026E-10 2.5326E-10 2.6684E-10 2.8085E-10 2.9547E-10 3.1089E-10 3.2698E-10 3.4358E-10 3.6107E-10 3.7911E-10 3.9811E-10 4.1770E-10 4.3809E-10 4.5931E-10 4.8139E-10 5.0450E-10 5.2851E-10 5.5320E-10 5.7889E-10 6.0551E-10 6.3306E-10 6.6134E-10 6.9081E-10 7.2154E-10 7.5288E-10 7.8550E-10 8.1934E-10 8.5397E-10 8.8962E-10 9.2647E-10 9.6468E-10 1.0040E-09 1.0443E-09 1.0855E-09 1.1278E-09 1.1709E-09 1.2144E-09 1.2588E-09 1.3041E-09 1.3501E-09 1.3965E-09 1.4435E-09 1.4916E-09 1.5403E-09 1.5892E-09
