Assets/Resources/2015_m01_d25_0500(utc+0800)_l00_csi_1hr_conc.grd
DSAA
         159         159
     -79.000      79.000
     -79.000      79.000
  0.0000E+00  0.2383E-05
[rows 0 to 24 of 159, columns 57 to 113 of 159]
1.1677E-08 1.1664E-08 1.1606E-08 1.1567E-08 1.2208E-08 1.4802E-08 1.5681E-08 1.6896E-08 1.7447E-08 1.7566E-08 1.6601E-08 1.5250E-08 1.3159E-08 1.1498E-08 9.7232E-09 8.0181E-09 6.5189E-09 5.1378E-09 4.0360E-09 3.1098E-09 2.3797E-09 1.5936E-09 9.4826E-10 7.2154E-10 5.5267E-10 4.1397E-10 2.9889E-10 2.0222E-10 1.2141E-10 5.9841E-11 2.2726E-11 3.5446E-12 0.0000E+00 0.0000E+00 0.0000E+00 0.0000E+00 0.0000E+00 0.0000E+00 0.0000E+00 0.0000E+00 0.0000E+00 0.0000E+00 0.0000E+00 0.0000E+00 0.0000E+00 0.0000E+00 0.0000E+00 0.0000E+00 0.0000E+00 0.0000E+00 0.0000E+00 0.0000E+00 0.0000E+00 0.0000E+00 0.0000E+00 0.0000E+00 0.0000E+00
1.2660E-08 1.2703E-08 1.2746E-08 1.3098E-08 1.4126E-08 1.7162E-08 1.9305E-08 2.0741E-08 2.0925E-08 1.9392E-08 1.8272E-08 1.6727E-08 1.4847E-08 1.2794E-08 1.0719E-08 8.7630E-09 7.0581E-09 5.6258E-09 4.4165E-09 3.4225E-09 2.5691E-09 1.7733E-09 1.0545E-09 8.0981E-10 6.3319E-10 4.7462E-10 3.4212E-10 2.3504E-10 1.4484E-10 7.7577E-11 3.0492E-11 5.9904E-12 1.0577E-13 0.0000E+00 0.0000E+00 0.0000E+00 0.0000E+00 0.0000E+00 0.0000E+00 0.0000E+00 0.0000E+00 0.0000E+00 0.0000E+00 0.0000E+00 0.0000E+00 0.0000E+00 0.0000E+00 0.0000E+00 0.0000E+00 0.0000E+00 0.0000E+00 0.0000E+00 0.0000E+00 0.0000E+00 0.0000E+00 0.0000E+00 0.0000E+00
1.3681E-08 1.3847E-08 1.4216E-08 1.5237E-08 1.8981E-08 2.1257E-08 2.2244E-08 2.2917E-08 2.2931E-08 2.2368E-08 2.0804E-08 1.8556E-08 1.6100E-08 1.3863E-08 1.1580E-08 9.4526E-09 7.5963E-09 6.0813E-09 4.7554E-09 3.6868E-09 2.8363E-09 1.9595E-09 1.1725E-09 9.0815E-10 7.1172E-10 5.3916E-10 3.9424E-10 2.7401E-10 1.6985E-10 9.6260E-11 4.1804E-11 1.1800E-11 2.1749E-12 0.0000E+00 0.0000E+00 0.0000E+00 0.0000E+00 0.0000E+00 0.0000E+00 0.0000E+00 0.0000E+00 0.0000E+00 0.0000E+00 0.0000E+00 0.0000E+00 0.0000E+00 0.0000E+00 0.0000E+00 0.0000E+00 0.0000E+00 0.0000E+00 0.0000E+00 0.0000E+00 0.0000E+00 0.0000E+00 0.0000E+00 0.0000E+00
1.4829E-08 1.5313E-08 1.6261E-08 1.8496E-08 2.1936E-08 2.4442E-08 2.6036E-08 2.7058E-08 2.5808E-08 2.4157E-08 2.2581E-08 2.0120E-08 1.7709E-08 1.5031E-08 1.2395E-08 1.0039E-08 8.1022E-09 6.4908E-09 5.1467E-09 4.0058E-09 3.0371E-09 2.1481E-09 1.2937E-09 1.0131E-09 7.9724E-10 6.1386E-10 4.4809E-10 3.1345E-10 2.0010E-10 1.1292E-10 5.3779E-11 1.8910E-11 4.8735E-12 5.0035E-13 0.0000E+00 0.0000E+00 0.0000E+00 0.0000E+00 0.0000E+00 0.0000E+00 0.0000E+00 0.0000E+00 0.0000E+00 0.0000E+00 0.0000E+00 0.0000E+00 0.0000E+00 0.0000E+00 0.0000E+00 0.0000E+00 0.0000E+00 0.0000E+00 0.0000E+00 0.0000E+00 0.0000E+00 0.0000E+00 0.0000E+00
1.6222E-08 1.7119E-08 1.9777E-08 2.3505E-08 2.6812E-08 2.7987E-08 2.8720E-08 2.8862E-08 2.8558E-08 2.7133E-08 2.4774E-08 2.1810E-08 1.8799E-08 1.5975E-08 1.3051E-08 1.0622E-08 8.5927E-09 6.9039E-09 5.5088E-09 4.2953E-09 3.3251E-09 2.3708E-09 1.4249E-09 1.1275E-09 8.8707E-10 6.8816E-10 5.1193E-10 3.6003E-10 2.3020E-10 1.4173E-10 6.8817E-11 2.7770E-11 9.2252E-12 2.5086E-12 0.0000E+00 0.0000E+00 0.0000E+00 0.0000E+00 0.0000E+00 0.0000E+00 0.0000E+00 0.0000E+00 0.0000E+00 0.0000E+00 0.0000E+00 0.0000E+00 0.0000E+00 0.0000E+00 0.0000E+00 0.0000E+00 0.0000E+00 0.0000E+00 0.0000E+00 0.0000E+00 0.0000E+00 0.0000E+00 0.0000E+00
1.8725E-08 2.0722E-08 2.3453E-08 2.6680E-08 2.9405E-08 3.1444E-08 3.2535E-08 3.2964E-08 3.0771E-08 2.8550E-08 2.6317E-08 2.3289E-08 2.0176E-08 1.6641E-08 1.3666E-08 1.1170E-08 9.0618E-09 7.3021E-09 5.8446E-09 4.6261E-09 3.5420E-09 2.5343E-09 1.5683E-09 1.2533E-09 9.8813E-10 7.6680E-10 5.7635E-10 4.0957E-10 2.6809E-10 1.6496E-10 9.0110E-11 3.7991E-11 1.6088E-11 5.2710E-12 4.3925E-14 0.0000E+00 0.0000E+00 0.0000E+00 0.0000E+00 0.0000E+00 0.0000E+00 0.0000E+00 0.0000E+00 0.0000E+00 0.0000E+00 0.0000E+00 0.0000E+00 0.0000E+00 0.0000E+00 0.0000E+00 0.0000E+00 0.0000E+00 0.0000E+00 0.0000E+00 0.0000E+00 0.0000E+00 0.0000E+00
2.1074E-08 2.3532E-08 2.7884E-08 3.1238E-08 3.4179E-08 3.4504E-08 3.4798E-08 3.4453E-08 3.3386E-08 3.1295E-08 2.8385E-08 2.4517E-08 2.0880E-08 1.7302E-08 1.4268E-08 1.1695E-08 9.5219E-09 7.7013E-09 6.1873E-09 4.9365E-09 3.8430E-09 2.7163E-09 1.7350E-09 1.3882E-09 1.0960E-09 8.5404E-10 6.4994E-10 4.6553E-10 3.0937E-10 1.9531E-10 1.0619E-10 5.2192E-11 2.3386E-11 1.0361E-11 7.4502E-13 0.0000E+00 0.0000E+00 0.0000E+00 0.0000E+00 0.0000E+00 0.0000E+00 0.0000E+00 0.0000E+00 0.0000E+00 0.0000E+00 0.0000E+00 0.0000E+00 0.0000E+00 0.0000E+00 0.0000E+00 0.0000E+00 0.0000E+00 0.0000E+00 0.0000E+00 0.0000E+00 0.0000E+00 0.0000E+00
2.4560E-08 2.8807E-08 3.0863E-08 3.4051E-08 3.6182E-08 3.7821E-08 3.8354E-08 3.8004E-08 3.4939E-08 3.2533E-08 2.9314E-08 2.5625E-08 2.1455E-08 1.7861E-08 1.4807E-08 1.2182E-08 9.9555E-09 8.0829E-09 6.5192E-09 5.2225E-09 4.0660E-09 2.8751E-09 1.9179E-09 1.5381E-09 1.2156E-09 9.4648E-10 7.2622E-10 5.2710E-10 3.5067E-10 2.2697E-10 1.2743E-10 6.6455E-11 3.6414E-11 1.5993E-11 1.5472E-12 0.0000E+00 0.0000E+00 0.0000E+00 0.0000E+00 0.0000E+00 0.0000E+00 0.0000E+00 0.0000E+00 0.0000E+00 0.0000E+00 0.0000E+00 0.0000E+00 0.0000E+00 0.0000E+00 0.0000E+00 0.0000E+00 0.0000E+00 0.0000E+00 0.0000E+00 0.0000E+00 0.0000E+00 0.0000E+00
2.6943E-08 3.1536E-08 3.5001E-08 3.8054E-08 4.0944E-08 3.9639E-08 3.9724E-08 3.8840E-08 3.7299E-08 3.4477E-08 3.0853E-08 2.6139E-08 2.1988E-08 1.8403E-08 1.5305E-08 1.2645E-08 1.0381E-08 8.4669E-09 6.8603E-09 5.5198E-09 4.3666E-09 3.0107E-09 2.1123E-09 1.6971E-09 1.3458E-09 1.0511E-09 8.0646E-10 5.8783E-10 4.0711E-10 2.5838E-10 1.5068E-10 8.3020E-11 4.6134E-11 2.5365E-11 4.0981E-12 0.0000E+00 0.0000E+00 0.0000E+00 0.0000E+00 0.0000E+00 0.0000E+00 0.0000E+00 0.0000E+00 0.0000E+00 0.0000E+00 0.0000E+00 0.0000E+00 0.0000E+00 0.0000E+00 0.0000E+00 0.0000E+00 0.0000E+00 0.0000E+00 0.0000E+00 0.0000E+00 0.0000E+00 0.0000E+00
3.1698E-08 3.5676E-08 3.7360E-08 4.0065E-08 4.1375E-08 4.2763E-08 4.2713E-08 4.1709E-08 3.7923E-08 3.4869E-08 3.1148E-08 2.6503E-08 2.2380E-08 1.8842E-08 1.5741E-08 1.3066E-08 1.0778E-08 8.8331E-09 7.1923E-09 5.8166E-09 4.5853E-09 3.1820E-09 2.3265E-09 1.8721E-09 1.4856E-09 1.1630E-09 8.9729E-10 6.5818E-10 4.5995E-10 2.9932E-10 1.8003E-10 9.9690E-11 6.1758E-11 3.2667E-11 1.0317E-11 0.0000E+00 0.0000E+00 0.0000E+00 0.0000E+00 0.0000E+00 0.0000E+00 0.0000E+00 0.0000E+00 0.0000E+00 0.0000E+00 0.0000E+00 0.0000E+00 0.0000E+00 0.0000E+00 0.0000E+00 0.0000E+00 0.0000E+00 0.0000E+00 0.0000E+00 0.0000E+00 0.0000E+00 0.0000E+00
3.3315E-08 3.7574E-08 4.0752E-08 4.3033E-08 4.4874E-08 4.3469E-08 4.3229E-08 4.1766E-08 3.9590E-08 3.6285E-08 3.1266E-08 2.6736E-08 2.2742E-08 1.9218E-08 1.6137E-08 1.3467E-08 1.1169E-08 9.2041E-09 7.5342E-09 6.1155E-09 4.7962E-09 3.3646E-09 2.5525E-09 2.0605E-09 1.6404E-09 1.2858E-09 9.9237E-10 7.3373E-10 5.2413E-10 3.3990E-10 2.0833E-10 1.2118E-10 7.5684E-11 4.5283E-11 1.5217E-11 0.0000E+00 0.0000E+00 0.0000E+00 0.0000E+00 0.0000E+00 0.0000E+00 0.0000E+00 0.0000E+00 0.0000E+00 0.0000E+00 0.0000E+00 0.0000E+00 0.0000E+00 0.0000E+00 0.0000E+00 0.0000E+00 0.0000E+00 0.0000E+00 0.0000E+00 0.0000E+00 0.0000E+00 0.0000E+00
3.7247E-08 4.0076E-08 4.1946E-08 4.3893E-08 4.4946E-08 4.5817E-08 4.5344E-08 4.2792E-08 3.9645E-08 3.6086E-08 3.1242E-08 2.6868E-08 2.2972E-08 1.9519E-08 1.6485E-08 1.3837E-08 1.1544E-08 9.5693E-09 7.8804E-09 6.4114E-09 5.0151E-09 3.5773E-09 2.8007E-09 2.2634E-09 1.8049E-09 1.4202E-09 1.0988E-09 8.1385E-10 5.8900E-10 3.8983E-10 2.4348E-10 1.4587E-10 9.2985E-11 5.6177E-11 2.2779E-11 0.0000E+00 0.0000E+00 0.0000E+00 0.0000E+00 0.0000E+00 0.0000E+00 0.0000E+00 0.0000E+00 0.0000E+00 0.0000E+00 0.0000E+00 0.0000E+00 0.0000E+00 0.0000E+00 0.0000E+00 0.0000E+00 0.0000E+00 0.0000E+00 0.0000E+00 0.0000E+00 0.0000E+00 0.0000E+00
3.7849E-08 4.1219E-08 4.4004E-08 4.6312E-08 4.6029E-08 4.5287E-08 4.4634E-08 4.3313E-08 4.0654E-08 3.5670E-08 3.1048E-08 2.6877E-08 2.3116E-08 1.9762E-08 1.6793E-08 1.4188E-08 1.1913E-08 9.9378E-09 8.2296E-09 6.6841E-09 5.2485E-09 3.8294E-09 3.0667E-09 2.4863E-09 1.9867E-09 1.5632E-09 1.2095E-09 9.0663E-10 6.5940E-10 4.4362E-10 2.8202E-10 1.7251E-10 1.1167E-10 6.8027E-11 3.0938E-11 0.0000E+00 0.0000E+00 0.0000E+00 0.0000E+00 0.0000E+00 0.0000E+00 0.0000E+00 0.0000E+00 0.0000E+00 0.0000E+00 0.0000E+00 0.0000E+00 0.0000E+00 0.0000E+00 0.0000E+00 0.0000E+00 0.0000E+00 0.0000E+00 0.0000E+00 0.0000E+00 0.0000E+00 0.0000E+00
4.0232E-08 4.1931E-08 4.3892E-08 4.5106E-08 4.6121E-08 4.6665E-08 4.6460E-08 4.3257E-08 3.9813E-08 3.5117E-08 3.0765E-08 2.6790E-08 2.3193E-08 1.9964E-08 1.7086E-08 1.4537E-08 1.2292E-08 1.0324E-08 8.5886E-09 6.9633E-09 5.5213E-09 4.1213E-09 3.3531E-09 2.7224E-09 2.1815E-09 1.7231E-09 1.3328E-09 1.0023E-09 7.3674E-10 5.0068E-10 3.2095E-10 2.0352E-10 1.3195E-10 8.1697E-11 3.7484E-11 4.4521E-12 0.0000E+00 0.0000E+00 0.0000E+00 0.0000E+00 0.0000E+00 0.0000E+00 0.0000E+00 0.0000E+00 0.0000E+00 0.0000E+00 0.0000E+00 0.0000E+00 0.0000E+00 0.0000E+00 0.0000E+00 0.0000E+00 0.0000E+00 0.0000E+00 0.0000E+00 0.0000E+00 0.0000E+00
3.9429E-08 4.2489E-08 4.4487E-08 4.6345E-08 4.5612E-08 4.5515E-08 4.5132E-08 4.3331E-08 3.8755E-08 3.4387E-08 3.0343E-08 2.6609E-08 2.3205E-08 2.0123E-08 1.7350E-08 1.4872E-08 1.2668E-08 1.0714E-08 8.9258E-09 7.2657E-09 5.8208E-09 4.4510E-09 3.6657E-09 2.9846E-09 2.3937E-09 1.8893E-09 1.4648E-09 1.1133E-09 8.1563E-10 5.5958E-10 3.6179E-10 2.3684E-10 1.5564E-10 9.5319E-11 4.6552E-11 5.9592E-12 0.0000E+00 0.0000E+00 0.0000E+00 0.0000E+00 0.0000E+00 0.0000E+00 0.0000E+00 0.0000E+00 0.0000E+00 0.0000E+00 0.0000E+00 0.0000E+00 0.0000E+00 0.0000E+00 0.0000E+00 0.0000E+00 0.0000E+00 0.0000E+00 0.0000E+00 0.0000E+00 0.0000E+00
4.0685E-08 4.1231E-08 4.2645E-08 4.4285E-08 4.5718E-08 4.6620E-08 4.5999E-08 4.1760E-08 3.7573E-08 3.3580E-08 2.9842E-08 2.6372E-08 2.3181E-08 2.0268E-08 1.7621E-08 1.5227E-08 1.3072E-08 1.1110E-08 9.2709E-09 7.6225E-09 6.1672E-09 4.8315E-09 3.9966E-09 3.2616E-09 2.6258E-09 2.0775E-09 1.6090E-09 1.2252E-09 9.0416E-10 6.2322E-10 4.1176E-10 2.7182E-10 1.8071E-10 1.1190E-10 5.4817E-11 6.4237E-12 0.0000E+00 0.0000E+00 0.0000E+00 0.0000E+00 0.0000E+00 0.0000E+00 0.0000E+00 0.0000E+00 0.0000E+00 0.0000E+00 0.0000E+00 0.0000E+00 0.0000E+00 0.0000E+00 0.0000E+00 0.0000E+00 0.0000E+00 0.0000E+00 0.0000E+00 0.0000E+00 0.0000E+00
3.8261E-08 4.0546E-08 4.2922E-08 4.5199E-08 4.4445E-08 4.4763E-08 4.3864E-08 4.0044E-08 3.6262E-08 3.2672E-08 2.9272E-08 2.6090E-08 2.3136E-08 2.0404E-08 1.7890E-08 1.5589E-08 1.3481E-08 1.1497E-08 9.6532E-09 8.0118E-09 6.5541E-09 5.2564E-09 4.3615E-09 3.5661E-09 2.8701E-09 2.2735E-09 1.7686E-09 1.3527E-09 9.9430E-10 6.9855E-10 4.6432E-10 3.1158E-10 2.0745E-10 1.2833E-10 6.1250E-11 1.1231E-11 0.0000E+00 0.0000E+00 0.0000E+00 0.0000E+00 0.0000E+00 0.0000E+00 0.0000E+00 0.0000E+00 0.0000E+00 0.0000E+00 0.0000E+00 0.0000E+00 0.0000E+00 0.0000E+00 0.0000E+00 0.0000E+00 0.0000E+00 0.0000E+00 0.0000E+00 0.0000E+00 0.0000E+00
3.8046E-08 3.8666E-08 4.0599E-08 4.2637E-08 4.4443E-08 4.4895E-08 4.1602E-08 3.8234E-08 3.4919E-08 3.1725E-08 2.8684E-08 2.5804E-08 2.3096E-08 2.0563E-08 1.8199E-08 1.6000E-08 1.3912E-08 1.1931E-08 1.0109E-08 8.4657E-09 6.9997E-09 5.7171E-09 4.7550E-09 3.8988E-09 3.1483E-09 2.4971E-09 1.9394E-09 1.4856E-09 1.0993E-09 7.7374E-10 5.2542E-10 3.5366E-10 2.3716E-10 1.4636E-10 7.1295E-11 1.1977E-11 0.0000E+00 0.0000E+00 0.0000E+00 0.0000E+00 0.0000E+00 0.0000E+00 0.0000E+00 0.0000E+00 0.0000E+00 0.0000E+00 0.0000E+00 0.0000E+00 0.0000E+00 0.0000E+00 0.0000E+00 0.0000E+00 0.0000E+00 0.0000E+00 0.0000E+00 0.0000E+00 0.0000E+00
3.5269E-08 3.7872E-08 4.0614E-08 4.2623E-08 4.2336E-08 4.2122E-08 3.9288E-08 3.6393E-08 3.3536E-08 3.0761E-08 2.8085E-08 2.5520E-08 2.3072E-08 2.0742E-08 1.8528E-08 1.6399E-08 1.4342E-08 1.2400E-08 1.0611E-08 8.9697E-09 7.4873E-09 6.2141E-09 5.1820E-09 4.2538E-09 3.4361E-09 2.7310E-09 2.1305E-09 1.6316E-09 1.2091E-09 8.6424E-10 5.8840E-10 4.0027E-10 2.6929E-10 1.6433E-10 7.9304E-11 1.2190E-11 1.3216E-12 0.0000E+00 0.0000E+00 0.0000E+00 0.0000E+00 0.0000E+00 0.0000E+00 0.0000E+00 0.0000E+00 0.0000E+00 0.0000E+00 0.0000E+00 0.0000E+00 0.0000E+00 0.0000E+00 0.0000E+00 0.0000E+00 0.0000E+00 0.0000E+00 0.0000E+00 0.0000E+00
3.4116E-08 3.5569E-08 3.7896E-08 4.0234E-08 4.1535E-08 3.9320E-08 3.6965E-08 3.4566E-08 3.2176E-08 2.9822E-08 2.7519E-08 2.5270E-08 2.3085E-08 2.0967E-08 1.8887E-08 1.6834E-08 1.4845E-08 1.2955E-08 1.1182E-08 9.5438E-09 8.0300E-09 6.7503E-09 5.6431E-09 4.6453E-09 3.7623E-09 2.9894E-09 2.3314E-09 1.7874E-09 1.3277E-09 9.5389E-10 6.6232E-10 4.5117E-10 3.0042E-10 1.8729E-10 8.5010E-11 1.5932E-11 1.6422E-12 0.0000E+00 0.0000E+00 0.0000E+00 0.0000E+00 0.0000E+00 0.0000E+00 0.0000E+00 0.0000E+00 0.0000E+00 0.0000E+00 0.0000E+00 0.0000E+00 0.0000E+00 0.0000E+00 0.0000E+00 0.0000E+00 0.0000E+00 0.0000E+00 0.0000E+00 0.0000E+00
3.1830E-08 3.4695E-08 3.7719E-08 3.8540E-08 3.8342E-08 3.6584E-08 3.4713E-08 3.2796E-08 3.0859E-08 2.8922E-08 2.6991E-08 2.5065E-08 2.3147E-08 2.1218E-08 1.9262E-08 1.7321E-08 1.5420E-08 1.3583E-08 1.1827E-08 1.0181E-08 8.6386E-09 7.3289E-09 6.1390E-09 5.0597E-09 4.1010E-09 3.2660E-09 2.5537E-09 1.9522E-09 1.4554E-09 1.0526E-09 7.3540E-10 5.0440E-10 3.3937E-10 2.0457E-10 9.4709E-11 1.6115E-11 1.6956E-12 0.0000E+00 0.0000E+00 0.0000E+00 0.0000E+00 0.0000E+00 0.0000E+00 0.0000E+00 0.0000E+00 0.0000E+00 0.0000E+00 0.0000E+00 0.0000E+00 0.0000E+00 0.0000E+00 0.0000E+00 0.0000E+00 0.0000E+00 0.0000E+00 0.0000E+00 0.0000E+00
3.0022E-08 3.2098E-08 3.4622E-08 3.6409E-08 3.5235E-08 3.3936E-08 3.2555E-08 3.1112E-08 2.9625E-08 2.8098E-08 2.6534E-08 2.4916E-08 2.3247E-08 2.1503E-08 1.9716E-08 1.7903E-08 1.6085E-08 1.4296E-08 1.2557E-08 1.0892E-08 9.3259E-09 7.9558E-09 6.6806E-09 5.5181E-09 4.4770E-09 3.5636E-09 2.7859E-09 2.1326E-09 1.5878E-09 1.1538E-09 8.1408E-10 5.6432E-10 3.6968E-10 2.2720E-10 9.8044E-11 1.7108E-11 1.9168E-12 0.0000E+00 0.0000E+00 0.0000E+00 0.0000E+00 0.0000E+00 0.0000E+00 0.0000E+00 0.0000E+00 0.0000E+00 0.0000E+00 0.0000E+00 0.0000E+00 0.0000E+00 0.0000E+00 0.0000E+00 0.0000E+00 0.0000E+00 0.0000E+00 0.0000E+00 0.0000E+00
2.8162E-08 3.1169E-08 3.3663E-08 3.3058E-08 3.2311E-08 3.1463E-08 3.0538E-08 2.9544E-08 2.8481E-08 2.7351E-08 2.6131E-08 2.4824E-08 2.3389E-08 2.1859E-08 2.0240E-08 1.8549E-08 1.6824E-08 1.5080E-08 1.3360E-08 1.1669E-08 1.0086E-08 8.6305E-09 7.2619E-09 6.0043E-09 4.8756E-09 3.8868E-09 3.0378E-09 2.3207E-09 1.7342E-09 1.2587E-09 8.9677E-10 6.1642E-10 4.1882E-10 2.4654E-10 9.3421E-11 1.9236E-11 1.9412E-12 0.0000E+00 0.0000E+00 0.0000E+00 0.0000E+00 0.0000E+00 0.0000E+00 0.0000E+00 0.0000E+00 0.0000E+00 0.0000E+00 0.0000E+00 0.0000E+00 0.0000E+00 0.0000E+00 0.0000E+00 0.0000E+00 0.0000E+00 0.0000E+00 0.0000E+00 0.0000E+00
2.6029E-08 2.8280E-08 3.0197E-08 2.9936E-08 2.9564E-08 2.9162E-08 2.8667E-08 2.8099E-08 2.7441E-08 2.6681E-08 2.5803E-08 2.4772E-08 2.3598E-08 2.2296E-08 2.0852E-08 1.9305E-08 1.7666E-08 1.5968E-08 1.4245E-08 1.2527E-08 1.0908E-08 9.3597E-09 7.8931E-09 6.5366E-09 5.3118E-09 4.2325E-09 3.3065E-09 2.5257E-09 1.8811E-09 1.3734E-09 9.7423E-10 6.8277E-10 4.5299E-10 2.6426E-10 9.8397E-11 1.9809E-11 1.6210E-12 0.0000E+00 0.0000E+00 0.0000E+00 0.0000E+00 0.0000E+00 0.0000E+00 0.0000E+00 0.0000E+00 0.0000E+00 0.0000E+00 0.0000E+00 0.0000E+00 0.0000E+00 0.0000E+00 0.0000E+00 0.0000E+00 0.0000E+00 0.0000E+00 0.0000E+00 0.0000E+00
2.4396E-08 2.6839E-08 2.6972E-08 2.7047E-08 2.7084E-08 2.7055E-08 2.6954E-08 2.6772E-08 2.6490E-08 2.6079E-08 2.5529E-08 2.4790E-08 2.3904E-08 2.2819E-08 2.1561E-08 2.0147E-08 1.8601E-08 1.6947E-08 1.5218E-08 1.3475E-08 1.1792E-08 1.0141E-08 8.5642E-09 7.0990E-09 5.7748E-09 4.6059E-09 3.5944E-09 2.7417E-09 2.0457E-09 1.4869E-09 1.0615E-09 7.3515E-10 4.9714E-10 2.8890E-10 9.4568E-11 2.1217E-11 1.1139E-12 0.0000E+00 0.0000E+00 0.0000E+00 0.0000E+00 0.0000E+00 0.0000E+00 0.0000E+00 0.0000E+00 0.0000E+00 0.0000E+00 0.0000E+00 0.0000E+00 0.0000E+00 0.0000E+00 0.0000E+00 0.0000E+00 0.0000E+00 0.0000E+00 0.0000E+00 0.0000E+00
