Assets/Resources/2015_m01_d05_0300(utc+0800)_l00_csi_1hr_conc.grd
DSAA
         159         159
     -79.000      79.000
     -79.000      79.000
  0.2750E-09  0.5011E-05
[rows 50 to 74 of 159, columns 57 to 113 of 159]
1.6383E-08 1.6588E-08 1.6773E-08 1.6941E-08 1.7085E-08 1.7219E-08 1.7316E-08 1.7390E-08 1.7429E-08 1.7441E-08 1.7414E-08 1.7353E-08 1.7250E-08 1.7086E-08 1.6872E-08 1.6601E-08 1.6283E-08 1.5913E-08 1.5494E-08 1.5028E-08 1.4514E-08 1.3956E-08 1.3363E-08 1.2729E-08 1.2058E-08 1.1366E-08 1.0675E-08 9.9871E-09 9.3108E-09 8.6522E-09 8.0131E-09 7.3958E-09 6.8021E-09 6.2379E-09 5.7062E-09 5.2062E-09 4.7421E-09 4.3194E-09 3.9381E-09 3.5910E-09 3.2784E-09 3.0045E-09 2.7619E-09 2.5443E-09 2.3543E-09 2.1921E-09 2.0533E-09 1.9234E-09 1.7981E-09 1.6838E-09 1.5827E-09 1.5018E-09 1.4394E-09 1.3819E-09 1.3309E-09 1.2898E-09 1.2519E-09
1.7028E-08 1.7268E-08 1.7507E-08 1.7714E-08 1.7918E-08 1.8090E-08 1.8236E-08 1.8357E-08 1.8446E-08 1.8504E-08 1.8525E-08 1.8510E-08 1.8435E-08 1.8314E-08 1.8121E-08 1.7880E-08 1.7570E-08 1.7195E-08 1.6769E-08 1.6287E-08 1.5748E-08 1.5161E-08 1.4532E-08 1.3853E-08 1.3135E-08 1.2376E-08 1.1613E-08 1.0852E-08 1.0099E-08 9.3624E-09 8.6511E-09 7.9689E-09 7.3159E-09 6.6931E-09 6.1060E-09 5.5545E-09 5.0426E-09 4.5739E-09 4.1517E-09 3.7735E-09 3.4340E-09 3.1301E-09 2.8604E-09 2.6227E-09 2.4286E-09 2.2597E-09 2.1046E-09 1.9623E-09 1.8337E-09 1.7206E-09 1.6214E-09 1.5252E-09 1.4489E-09 1.3906E-09 1.3415E-09 1.2978E-09 1.2560E-09
1.7684E-08 1.7977E-08 1.8258E-08 1.8525E-08 1.8770E-08 1.8996E-08 1.9197E-08 1.9371E-08 1.9516E-08 1.9633E-08 1.9703E-08 1.9732E-08 1.9712E-08 1.9632E-08 1.9475E-08 1.9247E-08 1.8950E-08 1.8582E-08 1.8153E-08 1.7653E-08 1.7098E-08 1.6485E-08 1.5812E-08 1.5089E-08 1.4317E-08 1.3489E-08 1.2649E-08 1.1810E-08 1.0981E-08 1.0167E-08 9.3746E-09 8.6086E-09 7.8784E-09 7.1880E-09 6.5411E-09 5.9316E-09 5.3684E-09 4.8528E-09 4.3865E-09 3.9690E-09 3.5986E-09 3.2702E-09 2.9782E-09 2.7218E-09 2.5057E-09 2.3173E-09 2.1535E-09 2.0119E-09 1.8818E-09 1.7544E-09 1.6413E-09 1.5379E-09 1.4631E-09 1.4054E-09 1.3499E-09 1.3026E-09 1.2611E-09
1.8355E-08 1.8694E-08 1.9030E-08 1.9350E-08 1.9654E-08 1.9937E-08 2.0201E-08 2.0440E-08 2.0651E-08 2.0820E-08 2.0955E-08 2.1051E-08 2.1083E-08 2.1046E-08 2.0928E-08 2.0737E-08 2.0459E-08 2.0105E-08 1.9673E-08 1.9163E-08 1.8588E-08 1.7939E-08 1.7226E-08 1.6457E-08 1.5616E-08 1.4726E-08 1.3800E-08 1.2874E-08 1.1956E-08 1.1054E-08 1.0174E-08 9.3225E-09 8.5068E-09 7.7358E-09 7.0153E-09 6.3400E-09 5.7198E-09 5.1531E-09 4.6404E-09 4.1815E-09 3.7746E-09 3.4167E-09 3.1038E-09 2.8206E-09 2.5847E-09 2.3875E-09 2.2152E-09 2.0563E-09 1.9150E-09 1.7816E-09 1.6729E-09 1.5705E-09 1.4862E-09 1.4138E-09 1.3564E-09 1.3077E-09 1.2680E-09
1.9029E-08 1.9418E-08 1.9815E-08 2.0190E-08 2.0570E-08 2.0917E-08 2.1267E-08 2.1576E-08 2.1863E-08 2.2109E-08 2.2334E-08 2.2493E-08 2.2599E-08 2.2621E-08 2.2567E-08 2.2412E-08 2.2169E-08 2.1829E-08 2.1400E-08 2.0880E-08 2.0274E-08 1.9579E-08 1.8811E-08 1.7967E-08 1.7058E-08 1.6100E-08 1.5080E-08 1.4055E-08 1.3037E-08 1.2033E-08 1.1052E-08 1.0105E-08 9.1981E-09 8.3399E-09 7.5376E-09 6.7865E-09 6.0983E-09 5.4753E-09 4.9126E-09 4.4094E-09 3.9637E-09 3.5727E-09 3.2325E-09 2.9369E-09 2.6849E-09 2.4590E-09 2.2673E-09 2.0977E-09 1.9560E-09 1.8245E-09 1.7069E-09 1.5955E-09 1.4972E-09 1.4222E-09 1.3626E-09 1.3138E-09 1.2717E-09
1.9706E-08 2.0169E-08 2.0624E-08 2.1081E-08 2.1524E-08 2.1966E-08 2.2387E-08 2.2786E-08 2.3161E-08 2.3505E-08 2.3799E-08 2.4049E-08 2.4234E-08 2.4334E-08 2.4355E-08 2.4265E-08 2.4063E-08 2.3748E-08 2.3322E-08 2.2796E-08 2.2161E-08 2.1428E-08 2.0601E-08 1.9682E-08 1.8695E-08 1.7637E-08 1.6516E-08 1.5371E-08 1.4233E-08 1.3110E-08 1.2016E-08 1.0960E-08 9.9520E-09 8.9990E-09 8.1049E-09 7.2747E-09 6.5119E-09 5.8212E-09 5.2027E-09 4.6522E-09 4.1652E-09 3.7385E-09 3.3673E-09 3.0513E-09 2.7801E-09 2.5343E-09 2.3302E-09 2.1492E-09 1.9992E-09 1.8589E-09 1.7281E-09 1.6127E-09 1.5201E-09 1.4308E-09 1.3707E-09 1.3188E-09 1.2770E-09
2.0402E-08 2.0930E-08 2.1452E-08 2.2007E-08 2.2541E-08 2.3093E-08 2.3603E-08 2.4128E-08 2.4599E-08 2.5057E-08 2.5455E-08 2.5822E-08 2.6097E-08 2.6317E-08 2.6393E-08 2.6386E-08 2.6219E-08 2.5961E-08 2.5541E-08 2.4992E-08 2.4313E-08 2.3518E-08 2.2601E-08 2.1590E-08 2.0503E-08 1.9335E-08 1.8116E-08 1.6841E-08 1.5564E-08 1.4300E-08 1.3073E-08 1.1894E-08 1.0771E-08 9.7123E-09 8.7188E-09 7.7978E-09 6.9580E-09 6.1958E-09 5.5126E-09 4.9086E-09 4.3780E-09 3.9141E-09 3.5105E-09 3.1706E-09 2.8831E-09 2.6227E-09 2.3981E-09 2.2007E-09 2.0330E-09 1.8835E-09 1.7616E-09 1.6401E-09 1.5423E-09 1.4509E-09 1.3793E-09 1.3278E-09 1.2819E-09
2.1110E-08 2.1715E-08 2.2356E-08 2.2996E-08 2.3661E-08 2.4328E-08 2.4991E-08 2.5617E-08 2.6239E-08 2.6817E-08 2.7368E-08 2.7857E-08 2.8277E-08 2.8587E-08 2.8796E-08 2.8867E-08 2.8750E-08 2.8482E-08 2.8062E-08 2.7480E-08 2.6751E-08 2.5874E-08 2.4868E-08 2.3753E-08 2.2534E-08 2.1241E-08 1.9885E-08 1.8454E-08 1.7023E-08 1.5613E-08 1.4238E-08 1.2914E-08 1.1658E-08 1.0480E-08 9.3769E-09 8.3585E-09 7.4307E-09 6.5941E-09 5.8436E-09 5.1810E-09 4.6014E-09 4.0968E-09 3.6607E-09 3.2968E-09 2.9847E-09 2.7096E-09 2.4629E-09 2.2478E-09 2.0757E-09 1.9218E-09 1.7832E-09 1.6678E-09 1.5562E-09 1.4605E-09 1.3886E-09 1.3319E-09 1.2841E-09
2.1888E-08 2.2641E-08 2.3362E-08 2.4167E-08 2.4927E-08 2.5762E-08 2.6531E-08 2.7355E-08 2.8097E-08 2.8887E-08 2.9606E-08 3.0254E-08 3.0876E-08 3.1290E-08 3.1564E-08 3.1669E-08 3.1601E-08 3.1354E-08 3.0918E-08 3.0298E-08 2.9496E-08 2.8528E-08 2.7418E-08 2.6171E-08 2.4807E-08 2.3361E-08 2.1828E-08 2.0238E-08 1.8622E-08 1.7039E-08 1.5503E-08 1.4027E-08 1.2620E-08 1.1305E-08 1.0078E-08 8.9531E-09 7.9300E-09 7.0108E-09 6.1926E-09 5.4665E-09 4.8342E-09 4.2892E-09 3.8165E-09 3.4280E-09 3.0890E-09 2.7926E-09 2.5388E-09 2.3096E-09 2.1133E-09 1.9552E-09 1.8121E-09 1.6844E-09 1.5713E-09 1.4822E-09 1.3941E-09 1.3367E-09 1.2878E-09
2.2823E-08 2.3653E-08 2.4552E-08 2.5460E-08 2.6432E-08 2.7396E-08 2.8404E-08 2.9389E-08 3.0404E-08 3.1370E-08 3.2312E-08 3.3149E-08 3.3814E-08 3.4351E-08 3.4723E-08 3.4913E-08 3.4891E-08 3.4653E-08 3.4184E-08 3.3500E-08 3.2600E-08 3.1520E-08 3.0274E-08 2.8866E-08 2.7333E-08 2.5693E-08 2.3967E-08 2.2192E-08 2.0371E-08 1.8592E-08 1.6868E-08 1.5217E-08 1.3654E-08 1.2186E-08 1.0823E-08 9.5790E-09 8.4536E-09 7.4444E-09 6.5503E-09 5.7639E-09 5.0757E-09 4.4838E-09 3.9798E-09 3.5605E-09 3.1973E-09 2.8844E-09 2.6066E-09 2.3687E-09 2.1588E-09 1.9820E-09 1.8331E-09 1.7113E-09 1.5947E-09 1.4907E-09 1.3996E-09 1.3414E-09 1.2911E-09
2.3816E-08 2.4793E-08 2.5871E-08 2.6973E-08 2.8138E-08 2.9346E-08 3.0574E-08 3.1843E-08 3.3086E-08 3.4235E-08 3.5299E-08 3.6277E-08 3.7120E-08 3.7817E-08 3.8312E-08 3.8601E-08 3.8636E-08 3.8397E-08 3.7897E-08 3.7138E-08 3.6131E-08 3.4909E-08 3.3469E-08 3.1865E-08 3.0118E-08 2.8244E-08 2.6300E-08 2.4304E-08 2.2268E-08 2.0266E-08 1.8334E-08 1.6487E-08 1.4744E-08 1.3116E-08 1.1606E-08 1.0234E-08 8.9985E-09 7.8946E-09 6.9181E-09 6.0650E-09 5.3221E-09 4.6814E-09 4.1459E-09 3.6952E-09 3.3061E-09 2.9703E-09 2.6792E-09 2.4232E-09 2.1989E-09 2.0184E-09 1.8622E-09 1.7285E-09 1.6072E-09 1.5074E-09 1.4134E-09 1.3446E-09 1.2933E-09
2.4950E-08 2.6094E-08 2.7391E-08 2.8687E-08 3.0130E-08 3.1575E-08 3.3127E-08 3.4622E-08 3.6061E-08 3.7501E-08 3.8824E-08 4.0080E-08 4.1133E-08 4.2007E-08 4.2639E-08 4.3003E-08 4.3070E-08 4.2804E-08 4.2227E-08 4.1331E-08 4.0154E-08 3.8722E-08 3.7058E-08 3.5201E-08 3.3165E-08 3.1023E-08 2.8829E-08 2.6571E-08 2.4302E-08 2.2052E-08 1.9887E-08 1.7828E-08 1.5889E-08 1.4081E-08 1.2421E-08 1.0908E-08 9.5536E-09 8.3538E-09 7.2951E-09 6.3716E-09 5.5723E-09 4.8820E-09 4.3114E-09 3.8283E-09 3.4129E-09 3.0562E-09 2.7455E-09 2.4739E-09 2.2460E-09 2.0456E-09 1.8824E-09 1.7479E-09 1.6249E-09 1.5150E-09 1.4173E-09 1.3477E-09 1.2960E-09
2.6171E-08 2.7579E-08 2.9058E-08 3.0674E-08 3.2362E-08 3.4164E-08 3.5939E-08 3.7748E-08 3.9536E-08 4.1293E-08 4.2930E-08 4.4429E-08 4.5731E-08 4.6806E-08 4.7595E-08 4.8048E-08 4.8132E-08 4.7823E-08 4.7144E-08 4.6088E-08 4.4719E-08 4.3024E-08 4.1077E-08 3.8892E-08 3.6526E-08 3.4053E-08 3.1521E-08 2.8990E-08 2.6460E-08 2.3934E-08 2.1516E-08 1.9223E-08 1.7075E-08 1.5075E-08 1.3247E-08 1.1596E-08 1.0117E-08 8.8112E-09 7.6697E-09 6.6772E-09 5.8231E-09 5.0856E-09 4.4779E-09 3.9593E-09 3.5178E-09 3.1403E-09 2.8168E-09 2.5296E-09 2.2874E-09 2.0750E-09 1.9058E-09 1.7604E-09 1.6336E-09 1.5217E-09 1.4343E-09 1.3505E-09 1.2985E-09
2.7608E-08 2.9277E-08 3.1078E-08 3.3039E-08 3.5137E-08 3.7293E-08 3.9529E-08 4.1777E-08 4.3996E-08 4.6159E-08 4.8230E-08 5.0134E-08 5.1805E-08 5.3090E-08 5.4173E-08 5.4622E-08 5.4662E-08 5.4271E-08 5.3435E-08 5.2151E-08 5.0372E-08 4.8298E-08 4.5843E-08 4.3137E-08 4.0296E-08 3.7356E-08 3.4413E-08 3.1531E-08 2.8694E-08 2.5895E-08 2.3197E-08 2.0652E-08 1.8280E-08 1.6084E-08 1.4080E-08 1.2277E-08 1.0674E-08 9.2622E-09 8.0346E-09 6.9736E-09 6.0631E-09 5.2892E-09 4.6396E-09 4.0860E-09 3.6175E-09 3.2186E-09 2.8784E-09 2.5793E-09 2.3290E-09 2.1077E-09 1.9221E-09 1.7709E-09 1.6409E-09 1.5386E-09 1.4388E-09 1.3540E-09 1.3003E-09
2.9332E-08 3.1318E-08 3.3578E-08 3.5946E-08 3.8494E-08 4.1121E-08 4.3877E-08 4.6649E-08 4.9457E-08 5.2171E-08 5.4791E-08 5.7162E-08 5.9207E-08 6.0908E-08 6.2081E-08 6.2739E-08 6.2766E-08 6.2179E-08 6.0973E-08 5.9243E-08 5.7020E-08 5.4386E-08 5.1409E-08 4.8171E-08 4.4780E-08 4.1251E-08 3.7718E-08 3.4262E-08 3.1001E-08 2.7897E-08 2.4904E-08 2.2096E-08 1.9484E-08 1.7080E-08 1.4903E-08 1.2949E-08 1.1219E-08 9.6989E-09 8.3841E-09 7.2553E-09 6.2874E-09 5.4803E-09 4.7939E-09 4.2068E-09 3.7114E-09 3.2922E-09 2.9362E-09 2.6285E-09 2.3604E-09 2.1318E-09 1.9379E-09 1.7892E-09 1.6573E-09 1.5453E-09 1.4439E-09 1.3555E-09 1.3008E-09
3.1291E-08 3.3728E-08 3.6408E-08 3.9271E-08 4.2376E-08 4.5599E-08 4.8995E-08 5.2423E-08 5.5921E-08 5.9290E-08 6.2511E-08 6.5452E-08 6.8017E-08 7.0032E-08 7.1463E-08 7.2179E-08 7.2141E-08 7.1404E-08 6.9900E-08 6.7689E-08 6.4857E-08 6.1551E-08 5.7855E-08 5.3891E-08 4.9766E-08 4.5570E-08 4.1422E-08 3.7375E-08 3.3518E-08 2.9955E-08 2.6602E-08 2.3513E-08 2.0659E-08 1.8047E-08 1.5692E-08 1.3587E-08 1.1732E-08 1.0116E-08 8.7171E-09 7.5200E-09 6.4980E-09 5.6593E-09 4.9374E-09 4.3179E-09 3.7973E-09 3.3595E-09 2.9889E-09 2.6669E-09 2.3886E-09 2.1533E-09 1.9597E-09 1.7972E-09 1.6636E-09 1.5484E-09 1.4464E-09 1.3565E-09 1.2997E-09
3.3577E-08 3.6499E-08 3.9716E-08 4.3198E-08 4.6954E-08 5.0909E-08 5.5045E-08 5.9311E-08 6.3581E-08 6.7745E-08 7.1727E-08 7.5329E-08 7.8444E-08 8.0905E-08 8.2543E-08 8.3381E-08 8.3250E-08 8.2184E-08 8.0229E-08 7.7427E-08 7.3888E-08 6.9762E-08 6.5199E-08 6.0372E-08 5.5389E-08 5.0398E-08 4.5479E-08 4.0746E-08 3.6282E-08 3.2134E-08 2.8354E-08 2.4899E-08 2.1772E-08 1.8953E-08 1.6421E-08 1.4175E-08 1.2202E-08 1.0491E-08 9.0160E-09 7.7605E-09 6.7004E-09 5.8194E-09 5.0647E-09 4.4182E-09 3.8730E-09 3.4178E-09 3.0334E-09 2.7001E-09 2.4196E-09 2.1789E-09 1.9710E-09 1.8048E-09 1.6665E-09 1.5498E-09 1.4475E-09 1.3563E-09 1.2998E-09
3.6224E-08 3.9700E-08 4.3551E-08 4.7755E-08 5.2293E-08 5.7101E-08 6.2163E-08 6.7365E-08 7.2567E-08 7.7731E-08 8.2549E-08 8.7021E-08 9.0771E-08 9.3755E-08 9.5727E-08 9.6616E-08 9.6364E-08 9.4943E-08 9.2406E-08 8.8860E-08 8.4411E-08 7.9299E-08 7.3648E-08 6.7758E-08 6.1695E-08 5.5718E-08 4.9898E-08 4.4383E-08 3.9229E-08 3.4454E-08 3.0158E-08 2.6271E-08 2.2825E-08 1.9779E-08 1.7079E-08 1.4697E-08 1.2613E-08 1.0813E-08 9.2723E-09 7.9617E-09 6.8742E-09 5.9560E-09 5.1727E-09 4.5031E-09 3.9379E-09 3.4665E-09 3.0702E-09 2.7348E-09 2.4399E-09 2.1920E-09 1.9804E-09 1.8078E-09 1.6680E-09 1.5503E-09 1.4462E-09 1.3554E-09 1.2993E-09
3.9196E-08 4.3413E-08 4.8036E-08 5.3197E-08 5.8681E-08 6.4658E-08 7.0835E-08 7.7285E-08 8.3900E-08 9.0133E-08 9.6343E-08 1.0161E-07 1.0637E-07 1.1001E-07 1.1257E-07 1.1372E-07 1.1324E-07 1.1124E-07 1.0810E-07 1.0335E-07 9.7873E-08 9.1106E-08 8.4161E-08 7.6866E-08 6.9437E-08 6.2145E-08 5.4712E-08 4.8255E-08 4.2289E-08 3.6880E-08 3.1990E-08 2.7654E-08 2.3814E-08 2.0508E-08 1.7640E-08 1.5136E-08 1.2959E-08 1.1083E-08 9.4863E-09 8.1283E-09 7.0169E-09 6.0676E-09 5.2601E-09 4.5718E-09 3.9889E-09 3.5041E-09 3.0986E-09 2.7552E-09 2.4530E-09 2.2006E-09 1.9845E-09 1.8089E-09 1.6677E-09 1.5475E-09 1.4455E-09 1.3529E-09 1.2982E-09
4.2610E-08 4.7648E-08 5.3117E-08 5.9322E-08 6.5879E-08 7.3149E-08 8.0538E-08 8.8488E-08 9.6231E-08 1.0417E-07 1.1143E-07 1.1837E-07 1.2403E-07 1.2887E-07 1.3192E-07 1.3336E-07 1.3288E-07 1.3076E-07 1.2672E-07 1.2106E-07 1.1428E-07 1.0623E-07 9.7352E-08 8.8167E-08 7.8652E-08 6.9196E-08 6.0802E-08 5.3008E-08 4.5504E-08 3.9327E-08 3.3820E-08 2.8982E-08 2.4778E-08 2.1145E-08 1.8077E-08 1.5470E-08 1.3217E-08 1.1285E-08 9.6461E-09 8.2691E-09 7.1236E-09 6.1506E-09 5.3229E-09 4.6203E-09 4.0245E-09 3.5296E-09 3.1160E-09 2.7659E-09 2.4599E-09 2.2040E-09 1.9854E-09 1.8063E-09 1.6629E-09 1.5444E-09 1.4424E-09 1.3513E-09 1.2964E-09
4.6415E-08 5.2160E-08 5.8804E-08 6.5936E-08 7.3987E-08 8.2379E-08 9.1549E-08 1.0103E-07 1.1046E-07 1.2001E-07 1.2891E-07 1.3731E-07 1.4434E-07 1.4993E-07 1.5379E-07 1.5568E-07 1.5542E-07 1.5298E-07 1.4829E-07 1.4171E-07 1.3332E-07 1.2358E-07 1.1307E-07 1.0144E-07 8.9708E-08 7.8566E-08 6.7850E-08 5.7943E-08 4.9646E-08 4.2330E-08 3.5624E-08 3.0250E-08 2.5621E-08 2.1711E-08 1.8426E-08 1.5689E-08 1.3388E-08 1.1423E-08 9.7660E-09 8.3621E-09 7.1906E-09 6.2006E-09 5.3599E-09 4.6479E-09 4.0431E-09 3.5413E-09 3.1217E-09 2.7695E-09 2.4596E-09 2.1991E-09 1.9804E-09 1.8016E-09 1.6579E-09 1.5412E-09 1.4395E-09 1.3481E-09 1.2915E-09
5.0339E-08 5.7214E-08 6.4745E-08 7.3335E-08 8.2751E-08 9.2711E-08 1.0354E-07 1.1457E-07 1.2607E-07 1.3723E-07 1.4821E-07 1.5804E-07 1.6662E-07 1.7348E-07 1.7836E-07 1.8089E-07 1.8094E-07 1.7839E-07 1.7326E-07 1.6565E-07 1.5576E-07 1.4431E-07 1.3179E-07 1.1747E-07 1.0317E-07 8.9173E-08 7.6110E-08 6.4238E-08 5.4163E-08 4.5159E-08 3.7902E-08 3.1401E-08 2.6385E-08 2.2158E-08 1.8657E-08 1.5807E-08 1.3475E-08 1.1501E-08 9.8208E-09 8.3990E-09 7.2137E-09 6.2155E-09 5.3688E-09 4.6525E-09 4.0442E-09 3.5389E-09 3.1180E-09 2.7645E-09 2.4508E-09 2.1920E-09 1.9727E-09 1.7947E-09 1.6527E-09 1.5361E-09 1.4355E-09 1.3404E-09 1.2856E-09
5.4607E-08 6.2314E-08 7.1182E-08 8.0904E-08 9.1788E-08 1.0341E-07 1.1602E-07 1.2921E-07 1.4243E-07 1.5590E-07 1.6859E-07 1.8035E-07 1.9068E-07 1.9906E-07 2.0517E-07 2.0861E-07 2.0917E-07 2.0675E-07 2.0122E-07 1.9285E-07 1.8158E-07 1.6821E-07 1.5344E-07 1.3669E-07 1.1884E-07 1.0170E-07 8.5724E-08 7.1369E-08 5.9170E-08 4.8670E-08 3.9843E-08 3.2952E-08 2.6961E-08 2.2475E-08 1.8808E-08 1.5845E-08 1.3474E-08 1.1494E-08 9.8060E-09 8.3800E-09 7.1925E-09 6.1952E-09 5.3483E-09 4.6336E-09 4.0271E-09 3.5234E-09 3.1024E-09 2.7487E-09 2.4372E-09 2.1789E-09 1.9611E-09 1.7861E-09 1.6450E-09 1.5259E-09 1.4244E-09 1.3349E-09 1.2817E-09
5.8758E-08 6.7641E-08 7.7528E-08 8.8789E-08 1.0100E-07 1.1454E-07 1.2876E-07 1.4393E-07 1.5925E-07 1.7487E-07 1.8968E-07 2.0351E-07 2.1577E-07 2.2590E-07 2.3346E-07 2.3802E-07 2.3941E-07 2.3732E-07 2.3172E-07 2.2269E-07 2.1014E-07 1.9505E-07 1.7783E-07 1.5938E-07 1.3739E-07 1.1619E-07 9.6769E-08 7.9413E-08 6.4501E-08 5.2057E-08 4.2241E-08 3.4070E-08 2.7884E-08 2.2650E-08 1.8839E-08 1.5781E-08 1.3369E-08 1.1400E-08 9.7207E-09 8.3054E-09 7.1272E-09 6.1391E-09 5.3000E-09 4.5923E-09 3.9917E-09 3.4929E-09 3.0752E-09 2.7241E-09 2.4162E-09 2.1623E-09 1.9459E-09 1.7714E-09 1.6296E-09 1.5157E-09 1.4165E-09 1.3283E-09 1.2773E-09
6.2949E-08 7.2660E-08 8.3912E-08 9.6305E-08 1.1025E-07 1.2522E-07 1.4154E-07 1.5842E-07 1.7615E-07 1.9362E-07 2.1062E-07 2.2660E-07 2.4090E-07 2.5292E-07 2.6215E-07 2.6805E-07 2.7052E-07 2.6896E-07 2.6354E-07 2.5394E-07 2.4043E-07 2.2362E-07 2.0407E-07 1.8419E-07 1.5847E-07 1.3273E-07 1.0898E-07 8.8228E-08 7.0521E-08 5.5988E-08 4.4333E-08 3.5470E-08 2.8328E-08 2.2647E-08 1.8733E-08 1.5607E-08 1.3163E-08 1.1219E-08 9.5665E-09 8.1744E-09 7.0198E-09 6.0491E-09 5.2251E-09 4.5293E-09 3.9391E-09 3.4479E-09 3.0371E-09 2.6918E-09 2.3899E-09 2.1386E-09 1.9201E-09 1.7530E-09 1.6187E-09 1.5057E-09 1.4093E-09 1.3226E-09 1.2722E-09
