Assets/Resources/2015_m01_d01_1000(utc+0800)_l00_csi_1hr_conc.grd
DSAA
         159         159
     -79.000      79.000
     -79.000      79.000
  0.0000E+00  0.4581E-05
[rows 25 to 49 of 159, columns 57 to 113 of 159]
0.0000E+00 0.0000E+00 0.0000E+00 0.0000E+00 0.0000E+00 0.0000E+00 0.0000E+00 0.0000E+00 0.0000E+00 0.0000E+00 0.0000E+00 0.0000E+00 0.0000E+00 0.0000E+00 0.0000E+00 0.0000E+00 0.0000E+00 0.0000E+00 0.0000E+00 0.0000E+00 0.0000E+00 0.0000E+00 0.0000E+00 0.0000E+00 0.0000E+00 5.9331E-13 6.9356E-12 1.6942E-11 4.4758E-11 8.4446E-11 1.4899E-10 2.2123E-10 3.1322E-10 4.1058E-10 5.2677E-10 6.6596E-10 8.3413E-10 1.0324E-09 1.2617E-09 1.5257E-09 1.8249E-09 2.1602E-09 2.5293E-09 2.9278E-09 3.3547E-09 3.8026E-09 4.2661E-09 4.7399E-09 5.2174E-09 5.6898E-09 6.1503E-09 6.5944E-09 7.0135E-09 7.4034E-09 7.7579E-09 8.0732E-09 8.3456E-09
0.0000E+00 0.0000E+00 0.0000E+00 0.0000E+00 0.0000E+00 0.0000E+00 0.0000E+00 0.0000E+00 0.0000E+00 0.0000E+00 0.0000E+00 0.0000E+00 0.0000E+00 0.0000E+00 0.0000E+00 0.0000E+00 0.0000E+00 0.0000E+00 0.0000E+00 0.0000E+00 0.0000E+00 0.0000E+00 0.0000E+00 0.0000E+00 0.0000E+00 2.7657E-12 1.0080E-11 2.4091E-11 5.4106E-11 1.0524E-10 1.6619E-10 2.4701E-10 3.4589E-10 4.5699E-10 5.8420E-10 7.3661E-10 9.1917E-10 1.1391E-09 1.3895E-09 1.6758E-09 1.9991E-09 2.3627E-09 2.7596E-09 3.1872E-09 3.6402E-09 4.1130E-09 4.6014E-09 5.0975E-09 5.5932E-09 6.0811E-09 6.5515E-09 6.9977E-09 7.4145E-09 7.7946E-09 8.1352E-09 8.4286E-09 8.6724E-09
0.0000E+00 0.0000E+00 0.0000E+00 0.0000E+00 0.0000E+00 0.0000E+00 0.0000E+00 0.0000E+00 0.0000E+00 0.0000E+00 0.0000E+00 0.0000E+00 0.0000E+00 0.0000E+00 0.0000E+00 0.0000E+00 0.0000E+00 0.0000E+00 0.0000E+00 0.0000E+00 0.0000E+00 0.0000E+00 0.0000E+00 0.0000E+00 0.0000E+00 6.5700E-12 1.2073E-11 2.5808E-11 5.7700E-11 1.1692E-10 1.8827E-10 2.8429E-10 3.8744E-10 5.0761E-10 6.4769E-10 8.1833E-10 1.0179E-09 1.2531E-09 1.5271E-09 1.8380E-09 2.1864E-09 2.5742E-09 2.9973E-09 3.4533E-09 3.9352E-09 4.4372E-09 4.9509E-09 5.4685E-09 5.9821E-09 6.4826E-09 6.9605E-09 7.4080E-09 7.8198E-09 8.1880E-09 8.5088E-09 8.7780E-09 8.9956E-09
0.0000E+00 0.0000E+00 0.0000E+00 0.0000E+00 0.0000E+00 0.0000E+00 0.0000E+00 0.0000E+00 0.0000E+00 0.0000E+00 0.0000E+00 0.0000E+00 0.0000E+00 0.0000E+00 0.0000E+00 0.0000E+00 0.0000E+00 0.0000E+00 0.0000E+00 0.0000E+00 0.0000E+00 0.0000E+00 0.0000E+00 0.0000E+00 0.0000E+00 8.1232E-12 1.8700E-11 3.1439E-11 7.3699E-11 1.3446E-10 2.1619E-10 3.0893E-10 4.2605E-10 5.6161E-10 7.2054E-10 9.0362E-10 1.1227E-09 1.3799E-09 1.6766E-09 2.0123E-09 2.3878E-09 2.8056E-09 3.2612E-09 3.7479E-09 4.2587E-09 4.7882E-09 5.3267E-09 5.8658E-09 6.3958E-09 6.9082E-09 7.3926E-09 7.8394E-09 8.2401E-09 8.5925E-09 8.8903E-09 9.1308E-09 9.3112E-09
0.0000E+00 0.0000E+00 0.0000E+00 0.0000E+00 0.0000E+00 0.0000E+00 0.0000E+00 0.0000E+00 0.0000E+00 0.0000E+00 0.0000E+00 0.0000E+00 0.0000E+00 0.0000E+00 0.0000E+00 0.0000E+00 0.0000E+00 0.0000E+00 0.0000E+00 0.0000E+00 0.0000E+00 0.0000E+00 0.0000E+00 0.0000E+00 0.0000E+00 1.1179E-11 2.3585E-11 3.9250E-11 8.7192E-11 1.5529E-10 2.4310E-10 3.4922E-10 4.7713E-10 6.2237E-10 7.9444E-10 9.9910E-10 1.2395E-09 1.5207E-09 1.8443E-09 2.2110E-09 2.6169E-09 3.0641E-09 3.5495E-09 4.0678E-09 4.6099E-09 5.1679E-09 5.7318E-09 6.2906E-09 6.8357E-09 7.3561E-09 7.8419E-09 8.2855E-09 8.6776E-09 9.0095E-09 9.2799E-09 9.4861E-09 9.6291E-09
0.0000E+00 0.0000E+00 0.0000E+00 0.0000E+00 0.0000E+00 0.0000E+00 0.0000E+00 0.0000E+00 0.0000E+00 0.0000E+00 0.0000E+00 0.0000E+00 0.0000E+00 0.0000E+00 0.0000E+00 0.0000E+00 0.0000E+00 0.0000E+00 0.0000E+00 0.0000E+00 0.0000E+00 0.0000E+00 0.0000E+00 0.0000E+00 8.7372E-13 1.1685E-11 2.4887E-11 4.9054E-11 1.0626E-10 1.7909E-10 2.6588E-10 3.8723E-10 5.2535E-10 6.8427E-10 8.7681E-10 1.1032E-09 1.3670E-09 1.6739E-09 2.0236E-09 2.4187E-09 2.8572E-09 3.3368E-09 3.8547E-09 4.4052E-09 4.9785E-09 5.5649E-09 6.1532E-09 6.7318E-09 7.2901E-09 7.8177E-09 8.3032E-09 8.7375E-09 9.1131E-09 9.4243E-09 9.6666E-09 9.8363E-09 9.9357E-09
0.0000E+00 0.0000E+00 0.0000E+00 0.0000E+00 0.0000E+00 0.0000E+00 0.0000E+00 0.0000E+00 0.0000E+00 0.0000E+00 0.0000E+00 0.0000E+00 0.0000E+00 0.0000E+00 0.0000E+00 0.0000E+00 0.0000E+00 0.0000E+00 0.0000E+00 0.0000E+00 0.0000E+00 0.0000E+00 0.0000E+00 0.0000E+00 2.8922E-12 1.2280E-11 2.8846E-11 6.7722E-11 1.1620E-10 1.9717E-10 2.9689E-10 4.2630E-10 5.7640E-10 7.5712E-10 9.6513E-10 1.2144E-09 1.5021E-09 1.8355E-09 2.2186E-09 2.6489E-09 3.1231E-09 3.6387E-09 4.1919E-09 4.7758E-09 5.3818E-09 5.9972E-09 6.6102E-09 7.2072E-09 7.7767E-09 8.3070E-09 8.7873E-09 9.2102E-09 9.5653E-09 9.8479E-09 1.0053E-08 1.0182E-08 1.0236E-08
0.0000E+00 0.0000E+00 0.0000E+00 0.0000E+00 0.0000E+00 0.0000E+00 0.0000E+00 0.0000E+00 0.0000E+00 0.0000E+00 0.0000E+00 0.0000E+00 0.0000E+00 0.0000E+00 0.0000E+00 0.0000E+00 0.0000E+00 0.0000E+00 0.0000E+00 0.0000E+00 0.0000E+00 0.0000E+00 0.0000E+00 0.0000E+00 4.6152E-12 1.4600E-11 3.2129E-11 7.9877E-11 1.3615E-10 2.2592E-10 3.3297E-10 4.7358E-10 6.3865E-10 8.2848E-10 1.0595E-09 1.3297E-09 1.6484E-09 2.0133E-09 2.4275E-09 2.8923E-09 3.4046E-09 3.9599E-09 4.5509E-09 5.1708E-09 5.8094E-09 6.4540E-09 7.0900E-09 7.7042E-09 8.2827E-09 8.8135E-09 9.2861E-09 9.6904E-09 1.0020E-08 1.0271E-08 1.0438E-08 1.0522E-08 1.0524E-08
0.0000E+00 0.0000E+00 0.0000E+00 0.0000E+00 0.0000E+00 0.0000E+00 0.0000E+00 0.0000E+00 0.0000E+00 0.0000E+00 0.0000E+00 0.0000E+00 0.0000E+00 0.0000E+00 0.0000E+00 0.0000E+00 0.0000E+00 0.0000E+00 0.0000E+00 0.0000E+00 0.0000E+00 0.0000E+00 0.0000E+00 0.0000E+00 5.3914E-12 1.8844E-11 3.4151E-11 8.3193E-11 1.5328E-10 2.4750E-10 3.6822E-10 5.1833E-10 6.9598E-10 9.0634E-10 1.1594E-09 1.4564E-09 1.8016E-09 2.1988E-09 2.6494E-09 3.1542E-09 3.7076E-09 4.3035E-09 4.9342E-09 5.5900E-09 6.2616E-09 6.9348E-09 7.5944E-09 8.2234E-09 8.8095E-09 9.3376E-09 9.7977E-09 1.0181E-08 1.0480E-08 1.0692E-08 1.0815E-08 1.0851E-08 1.0801E-08
0.0000E+00 0.0000E+00 0.0000E+00 0.0000E+00 0.0000E+00 0.0000E+00 0.0000E+00 0.0000E+00 0.0000E+00 0.0000E+00 0.0000E+00 0.0000E+00 0.0000E+00 0.0000E+00 0.0000E+00 0.0000E+00 0.0000E+00 0.0000E+00 0.0000E+00 0.0000E+00 0.0000E+00 0.0000E+00 0.0000E+00 0.0000E+00 5.6961E-12 2.0526E-11 3.7680E-11 9.8216E-11 1.6938E-10 2.7484E-10 4.0605E-10 5.6619E-10 7.5766E-10 9.8928E-10 1.2624E-09 1.5857E-09 1.9630E-09 2.3996E-09 2.8901E-09 3.4342E-09 4.0299E-09 4.6698E-09 5.3431E-09 6.0398E-09 6.7463E-09 7.4489E-09 8.1302E-09 8.7743E-09 9.3640E-09 9.8864E-09 1.0329E-08 1.0684E-08 1.0947E-08 1.1114E-08 1.1186E-08 1.1165E-08 1.1055E-08
0.0000E+00 0.0000E+00 0.0000E+00 0.0000E+00 0.0000E+00 0.0000E+00 0.0000E+00 0.0000E+00 0.0000E+00 0.0000E+00 0.0000E+00 0.0000E+00 0.0000E+00 0.0000E+00 0.0000E+00 0.0000E+00 0.0000E+00 0.0000E+00 0.0000E+00 0.0000E+00 0.0000E+00 0.0000E+00 0.0000E+00 0.0000E+00 8.2449E-12 2.1304E-11 5.1409E-11 1.0925E-10 1.9547E-10 3.1296E-10 4.4416E-10 6.1805E-10 8.2249E-10 1.0705E-09 1.3683E-09 1.7248E-09 2.1368E-09 2.6079E-09 3.1383E-09 3.7259E-09 4.3688E-09 5.0562E-09 5.7751E-09 6.5123E-09 7.2534E-09 7.9826E-09 8.6840E-09 9.3397E-09 9.9314E-09 1.0446E-08 1.0869E-08 1.1194E-08 1.1415E-08 1.1533E-08 1.1547E-08 1.1464E-08 1.1292E-08
0.0000E+00 0.0000E+00 0.0000E+00 0.0000E+00 0.0000E+00 0.0000E+00 0.0000E+00 0.0000E+00 0.0000E+00 0.0000E+00 0.0000E+00 0.0000E+00 0.0000E+00 0.0000E+00 0.0000E+00 0.0000E+00 0.0000E+00 0.0000E+00 0.0000E+00 0.0000E+00 0.0000E+00 0.0000E+00 0.0000E+00 4.6607E-13 8.6459E-12 2.4189E-11 6.0470E-11 1.2303E-10 2.1323E-10 3.4106E-10 4.8734E-10 6.6783E-10 8.8538E-10 1.1544E-09 1.4828E-09 1.8656E-09 2.3121E-09 2.8229E-09 3.4014E-09 4.0365E-09 4.7239E-09 5.4557E-09 6.2192E-09 6.9982E-09 7.7752E-09 8.5324E-09 9.2521E-09 9.9156E-09 1.0508E-08 1.1008E-08 1.1409E-08 1.1698E-08 1.1876E-08 1.1939E-08 1.1894E-08 1.1747E-08 1.1506E-08
0.0000E+00 0.0000E+00 0.0000E+00 0.0000E+00 0.0000E+00 0.0000E+00 0.0000E+00 0.0000E+00 0.0000E+00 0.0000E+00 0.0000E+00 0.0000E+00 0.0000E+00 0.0000E+00 0.0000E+00 0.0000E+00 0.0000E+00 0.0000E+00 0.0000E+00 0.0000E+00 0.0000E+00 0.0000E+00 0.0000E+00 2.6411E-12 8.9871E-12 3.2853E-11 6.3315E-11 1.4070E-10 2.3457E-10 3.7583E-10 5.3222E-10 7.1626E-10 9.5416E-10 1.2448E-09 1.5949E-09 2.0088E-09 2.4966E-09 3.0496E-09 3.6693E-09 4.3513E-09 5.0875E-09 5.8668E-09 6.6789E-09 7.5027E-09 8.3169E-09 9.1022E-09 9.8387E-09 1.0508E-08 1.1092E-08 1.1577E-08 1.1947E-08 1.2197E-08 1.2323E-08 1.2328E-08 1.2218E-08 1.2002E-08 1.1692E-08
0.0000E+00 0.0000E+00 0.0000E+00 0.0000E+00 0.0000E+00 0.0000E+00 0.0000E+00 0.0000E+00 0.0000E+00 0.0000E+00 0.0000E+00 0.0000E+00 0.0000E+00 0.0000E+00 0.0000E+00 0.0000E+00 0.0000E+00 0.0000E+00 0.0000E+00 0.0000E+00 0.0000E+00 0.0000E+00 0.0000E+00 3.0831E-12 1.2773E-11 3.9257E-11 8.4197E-11 1.5547E-10 2.6689E-10 4.1322E-10 5.6980E-10 7.7180E-10 1.0224E-09 1.3324E-09 1.7106E-09 2.1608E-09 2.6801E-09 3.2743E-09 3.9401E-09 4.6752E-09 5.4668E-09 6.2974E-09 7.1534E-09 8.0164E-09 8.8644E-09 9.6751E-09 1.0426E-08 1.1097E-08 1.1672E-08 1.2134E-08 1.2474E-08 1.2682E-08 1.2755E-08 1.2699E-08 1.2518E-08 1.2229E-08 1.1843E-08
0.0000E+00 0.0000E+00 0.0000E+00 0.0000E+00 0.0000E+00 0.0000E+00 0.0000E+00 0.0000E+00 0.0000E+00 0.0000E+00 0.0000E+00 0.0000E+00 0.0000E+00 0.0000E+00 0.0000E+00 0.0000E+00 0.0000E+00 0.0000E+00 0.0000E+00 0.0000E+00 0.0000E+00 0.0000E+00 0.0000E+00 3.5462E-12 1.9475E-11 4.3358E-11 9.8883E-11 1.7551E-10 2.9456E-10 4.4045E-10 6.1438E-10 8.2383E-10 1.0905E-09 1.4264E-09 1.8292E-09 2.3076E-09 2.8636E-09 3.5054E-09 4.2223E-09 5.0043E-09 5.8430E-09 6.7232E-09 7.6256E-09 8.5287E-09 9.4108E-09 1.0245E-08 1.1008E-08 1.1679E-08 1.2238E-08 1.2673E-08 1.2974E-08 1.3134E-08 1.3153E-08 1.3032E-08 1.2786E-08 1.2423E-08 1.1963E-08
0.0000E+00 0.0000E+00 0.0000E+00 0.0000E+00 0.0000E+00 0.0000E+00 0.0000E+00 0.0000E+00 0.0000E+00 0.0000E+00 0.0000E+00 0.0000E+00 0.0000E+00 0.0000E+00 0.0000E+00 0.0000E+00 0.0000E+00 0.0000E+00 0.0000E+00 0.0000E+00 0.0000E+00 0.0000E+00 0.0000E+00 3.7216E-12 2.0808E-11 5.5852E-11 1.1747E-10 1.9373E-10 3.2204E-10 4.7818E-10 6.5339E-10 8.7400E-10 1.1633E-09 1.5154E-09 1.9432E-09 2.4563E-09 3.0567E-09 3.7349E-09 4.4942E-09 5.3252E-09 6.2150E-09 7.1475E-09 8.1000E-09 9.0459E-09 9.9607E-09 1.0817E-08 1.1590E-08 1.2256E-08 1.2796E-08 1.3198E-08 1.3452E-08 1.3555E-08 1.3509E-08 1.3322E-08 1.3003E-08 1.2570E-08 1.2040E-08
0.0000E+00 0.0000E+00 0.0000E+00 0.0000E+00 0.0000E+00 0.0000E+00 0.0000E+00 0.0000E+00 0.0000E+00 0.0000E+00 0.0000E+00 0.0000E+00 0.0000E+00 0.0000E+00 0.0000E+00 0.0000E+00 0.0000E+00 0.0000E+00 0.0000E+00 0.0000E+00 0.0000E+00 0.0000E+00 0.0000E+00 4.8986E-12 2.8514E-11 7.0773E-11 1.3364E-10 2.3071E-10 3.5329E-10 5.1197E-10 6.9354E-10 9.3297E-10 1.2305E-09 1.6016E-09 2.0629E-09 2.6056E-09 3.2366E-09 3.9548E-09 4.7603E-09 5.6449E-09 6.5869E-09 7.5668E-09 8.5622E-09 9.5460E-09 1.0489E-08 1.1364E-08 1.2143E-08 1.2802E-08 1.3321E-08 1.3688E-08 1.3893E-08 1.3938E-08 1.3827E-08 1.3568E-08 1.3174E-08 1.2667E-08 1.2063E-08
0.0000E+00 0.0000E+00 0.0000E+00 0.0000E+00 0.0000E+00 0.0000E+00 0.0000E+00 0.0000E+00 0.0000E+00 0.0000E+00 0.0000E+00 0.0000E+00 0.0000E+00 0.0000E+00 0.0000E+00 0.0000E+00 0.0000E+00 0.0000E+00 0.0000E+00 0.0000E+00 0.0000E+00 0.0000E+00 0.0000E+00 5.1916E-12 3.4056E-11 7.9365E-11 1.4719E-10 2.4210E-10 3.8688E-10 5.4109E-10 7.3811E-10 9.8359E-10 1.2958E-09 1.6964E-09 2.1733E-09 2.7420E-09 3.4088E-09 4.1748E-09 5.0240E-09 5.9493E-09 6.9360E-09 7.9616E-09 8.9992E-09 1.0019E-08 1.0992E-08 1.1884E-08 1.2667E-08 1.3315E-08 1.3810E-08 1.4137E-08 1.4291E-08 1.4274E-08 1.4092E-08 1.3758E-08 1.3293E-08 1.2712E-08 1.2038E-08
0.0000E+00 0.0000E+00 0.0000E+00 0.0000E+00 0.0000E+00 0.0000E+00 0.0000E+00 0.0000E+00 0.0000E+00 0.0000E+00 0.0000E+00 0.0000E+00 0.0000E+00 0.0000E+00 0.0000E+00 0.0000E+00 0.0000E+00 0.0000E+00 0.0000E+00 0.0000E+00 0.0000E+00 0.0000E+00 0.0000E+00 7.1797E-12 3.5478E-11 9.0807E-11 1.6013E-10 2.6506E-10 4.0540E-10 5.7372E-10 7.7814E-10 1.0353E-09 1.3717E-09 1.7818E-09 2.2804E-09 2.8815E-09 3.5822E-09 4.3780E-09 5.2662E-09 6.2338E-09 7.2659E-09 8.3383E-09 9.4191E-09 1.0474E-08 1.1471E-08 1.2377E-08 1.3160E-08 1.3795E-08 1.4262E-08 1.4547E-08 1.4647E-08 1.4563E-08 1.4305E-08 1.3895E-08 1.3351E-08 1.2698E-08 1.1958E-08
0.0000E+00 0.0000E+00 0.0000E+00 0.0000E+00 0.0000E+00 0.0000E+00 0.0000E+00 0.0000E+00 0.0000E+00 0.0000E+00 0.0000E+00 0.0000E+00 0.0000E+00 0.0000E+00 0.0000E+00 0.0000E+00 0.0000E+00 0.0000E+00 0.0000E+00 0.0000E+00 0.0000E+00 0.0000E+00 0.0000E+00 5.7964E-12 4.2551E-11 9.7432E-11 1.7907E-10 2.8379E-10 4.1928E-10 5.9833E-10 8.1135E-10 1.0920E-09 1.4348E-09 1.8605E-09 2.3896E-09 3.0132E-09 3.7391E-09 4.5672E-09 5.4962E-09 6.5096E-09 7.5808E-09 8.6886E-09 9.8012E-09 1.0884E-08 1.1900E-08 1.2814E-08 1.3594E-08 1.4211E-08 1.4650E-08 1.4893E-08 1.4939E-08 1.4793E-08 1.4468E-08 1.3983E-08 1.3360E-08 1.2630E-08 1.1823E-08
0.0000E+00 0.0000E+00 0.0000E+00 0.0000E+00 0.0000E+00 0.0000E+00 0.0000E+00 0.0000E+00 0.0000E+00 0.0000E+00 0.0000E+00 0.0000E+00 0.0000E+00 0.0000E+00 0.0000E+00 0.0000E+00 0.0000E+00 0.0000E+00 0.0000E+00 0.0000E+00 0.0000E+00 0.0000E+00 0.0000E+00 5.7454E-12 4.3582E-11 1.0423E-10 1.8939E-10 2.8907E-10 4.3660E-10 6.1654E-10 8.5168E-10 1.1358E-09 1.4929E-09 1.9479E-09 2.4901E-09 3.1351E-09 3.8906E-09 4.7575E-09 5.7176E-09 6.7612E-09 7.8675E-09 9.0076E-09 1.0150E-08 1.1258E-08 1.2291E-08 1.3210E-08 1.3982E-08 1.4578E-08 1.4978E-08 1.5173E-08 1.5160E-08 1.4951E-08 1.4557E-08 1.4001E-08 1.3311E-08 1.2515E-08 1.1641E-08
0.0000E+00 0.0000E+00 0.0000E+00 0.0000E+00 0.0000E+00 0.0000E+00 0.0000E+00 0.0000E+00 0.0000E+00 0.0000E+00 0.0000E+00 0.0000E+00 0.0000E+00 0.0000E+00 0.0000E+00 0.0000E+00 0.0000E+00 0.0000E+00 0.0000E+00 0.0000E+00 0.0000E+00 0.0000E+00 0.0000E+00 9.1073E-12 4.5788E-11 1.0697E-10 2.0145E-10 3.0322E-10 4.4355E-10 6.3022E-10 8.7492E-10 1.1699E-09 1.5529E-09 2.0144E-09 2.5761E-09 3.2528E-09 4.0375E-09 4.9278E-09 5.9184E-09 6.9949E-09 8.1371E-09 9.3121E-09 1.0481E-08 1.1605E-08 1.2646E-08 1.3562E-08 1.4319E-08 1.4888E-08 1.5252E-08 1.5397E-08 1.5325E-08 1.5047E-08 1.4580E-08 1.3952E-08 1.3193E-08 1.2334E-08 1.1408E-08
0.0000E+00 0.0000E+00 0.0000E+00 0.0000E+00 0.0000E+00 0.0000E+00 0.0000E+00 0.0000E+00 0.0000E+00 0.0000E+00 0.0000E+00 0.0000E+00 0.0000E+00 0.0000E+00 0.0000E+00 0.0000E+00 0.0000E+00 0.0000E+00 0.0000E+00 0.0000E+00 0.0000E+00 0.0000E+00 0.0000E+00 1.2441E-11 4.8711E-11 1.0811E-10 2.0013E-10 3.1019E-10 4.4546E-10 6.4462E-10 8.8988E-10 1.2083E-09 1.5948E-09 2.0721E-09 2.6632E-09 3.3580E-09 4.1655E-09 5.0847E-09 6.1126E-09 7.2243E-09 8.3933E-09 9.5922E-09 1.0780E-08 1.1917E-08 1.2962E-08 1.3870E-08 1.4608E-08 1.5145E-08 1.5462E-08 1.5553E-08 1.5419E-08 1.5073E-08 1.4538E-08 1.3841E-08 1.3015E-08 1.2095E-08 1.1119E-08
0.0000E+00 0.0000E+00 0.0000E+00 0.0000E+00 0.0000E+00 0.0000E+00 0.0000E+00 0.0000E+00 0.0000E+00 0.0000E+00 0.0000E+00 0.0000E+00 0.0000E+00 0.0000E+00 0.0000E+00 0.0000E+00 0.0000E+00 0.0000E+00 0.0000E+00 0.0000E+00 0.0000E+00 0.0000E+00 0.0000E+00 1.1514E-11 3.2028E-11 1.0562E-10 2.0507E-10 3.0794E-10 4.4886E-10 6.4413E-10 9.0370E-10 1.2262E-09 1.6238E-09 2.1287E-09 2.7290E-09 3.4435E-09 4.2814E-09 5.2357E-09 6.2889E-09 7.4277E-09 8.6260E-09 9.8488E-09 1.1058E-08 1.2209E-08 1.3255E-08 1.4151E-08 1.4864E-08 1.5363E-08 1.5629E-08 1.5657E-08 1.5453E-08 1.5035E-08 1.4430E-08 1.3666E-08 1.2778E-08 1.1805E-08 1.0780E-08
0.0000E+00 0.0000E+00 0.0000E+00 0.0000E+00 0.0000E+00 0.0000E+00 0.0000E+00 0.0000E+00 0.0000E+00 0.0000E+00 0.0000E+00 0.0000E+00 0.0000E+00 0.0000E+00 0.0000E+00 0.0000E+00 0.0000E+00 0.0000E+00 0.0000E+00 0.0000E+00 0.0000E+00 0.0000E+00 0.0000E+00 1.0290E-11 3.4187E-11 8.7840E-11 1.9966E-10 3.0273E-10 4.4938E-10 6.3842E-10 9.0649E-10 1.2340E-09 1.6545E-09 2.1629E-09 2.7800E-09 3.5241E-09 4.3858E-09 5.3627E-09 6.4451E-09 7.6156E-09 8.8502E-09 1.0104E-08 1.1333E-08 1.2492E-08 1.3532E-08 1.4413E-08 1.5095E-08 1.5549E-08 1.5762E-08 1.5726E-08 1.5452E-08 1.4959E-08 1.4275E-08 1.3437E-08 1.2488E-08 1.1464E-08 1.0402E-08
