Assets/Resources/2015_m01_d15_1700(utc+0800)_l00_csi_1hr_conc.grd
DSAA
         159         159
     -79.000      79.000
     -79.000      79.000
  0.0000E+00  0.4864E-05
[rows 25 to 49 of 159, columns 0 to 56 of 159]
1.6114E-09 1.6589E-09 1.7155E-09 1.7636E-09 1.8125E-09 1.8719E-09 1.9245E-09 1.9778E-09 2.0964E-09 2.1732E-09 2.2528E-09 2.3440E-09 2.4664E-09 2.5496E-09 2.6231E-09 2.7612E-09 2.8549E-09 2.9508E-09 3.0337E-09 3.1173E-09 3.2024E-09 3.2883E-09 3.3770E-09 3.4669E-09 3.5559E-09 3.6440E-09 3.7331E-09 3.8217E-09 3.9104E-09 3.9990E-09 4.0871E-09 4.1742E-09 4.2603E-09 4.3461E-09 4.4318E-09 4.5156E-09 4.5973E-09 4.6769E-09 4.7549E-09 4.8290E-09 4.9013E-09 4.9705E-09 5.0361E-09 5.0995E-09 5.1609E-09 5.2213E-09 5.2782E-09 5.3348E-09 5.3884E-09 5.4385E-09 5.4852E-09 5.5281E-09 5.5676E-09 5.6037E-09 5.6361E-09 5.6645E-09 5.6901E-09
1.6338E-09 1.6819E-09 1.7387E-09 1.7877E-09 1.8472E-09 1.8999E-09 1.9530E-09 2.0485E-09 2.1479E-09 2.2276E-09 2.2973E-09 2.4273E-09 2.5246E-09 2.5989E-09 2.7146E-09 2.8328E-09 2.9308E-09 3.0149E-09 3.1005E-09 3.1874E-09 3.2770E-09 3.3689E-09 3.4607E-09 3.5526E-09 3.6459E-09 3.7385E-09 3.8311E-09 3.9239E-09 4.0168E-09 4.1085E-09 4.1999E-09 4.2923E-09 4.3837E-09 4.4730E-09 4.5606E-09 4.6475E-09 4.7327E-09 4.8156E-09 4.8965E-09 4.9751E-09 5.0504E-09 5.1220E-09 5.1895E-09 5.2545E-09 5.3165E-09 5.3777E-09 5.4368E-09 5.4917E-09 5.5458E-09 5.5966E-09 5.6440E-09 5.6876E-09 5.7281E-09 5.7644E-09 5.7973E-09 5.8267E-09 5.8532E-09
1.6558E-09 1.7126E-09 1.7615E-09 1.8119E-09 1.8738E-09 1.9267E-09 1.9813E-09 2.1078E-09 2.2006E-09 2.2701E-09 2.3944E-09 2.4836E-09 2.5721E-09 2.6730E-09 2.8074E-09 2.9064E-09 2.9925E-09 3.0809E-09 3.1727E-09 3.2665E-09 3.3607E-09 3.4549E-09 3.5510E-09 3.6482E-09 3.7463E-09 3.8446E-09 3.9418E-09 4.0383E-09 4.1357E-09 4.2340E-09 4.3313E-09 4.4273E-09 4.5232E-09 4.6174E-09 4.7099E-09 4.8009E-09 4.8902E-09 4.9781E-09 5.0634E-09 5.1463E-09 5.2261E-09 5.3017E-09 5.3724E-09 5.4392E-09 5.5035E-09 5.5661E-09 5.6266E-09 5.6845E-09 5.7368E-09 5.7885E-09 5.8364E-09 5.8808E-09 5.9210E-09 5.9569E-09 5.9885E-09 6.0160E-09 6.0415E-09
1.6853E-09 1.7342E-09 1.7845E-09 1.8463E-09 1.8991E-09 1.9536E-09 2.0791E-09 2.1716E-09 2.2409E-09 2.3509E-09 2.4541E-09 2.5423E-09 2.6214E-09 2.7641E-09 2.8781E-09 2.9663E-09 3.0569E-09 3.1516E-09 3.2475E-09 3.3430E-09 3.4396E-09 3.5388E-09 3.6397E-09 3.7422E-09 3.8446E-09 3.9456E-09 4.0472E-09 4.1498E-09 4.2520E-09 4.3542E-09 4.4560E-09 4.5566E-09 4.6557E-09 4.7542E-09 4.8530E-09 4.9507E-09 5.0452E-09 5.1367E-09 5.2265E-09 5.3137E-09 5.3977E-09 5.4779E-09 5.5529E-09 5.6212E-09 5.6871E-09 5.7515E-09 5.8154E-09 5.8746E-09 5.9319E-09 5.9817E-09 6.0304E-09 6.0752E-09 6.1155E-09 6.1508E-09 6.1813E-09 6.2108E-09 6.2374E-09
1.7058E-09 1.7559E-09 1.8174E-09 1.8703E-09 1.9243E-09 2.0210E-09 2.1282E-09 2.2096E-09 2.2764E-09 2.4086E-09 2.5102E-09 2.5898E-09 2.7323E-09 2.8325E-09 2.9361E-09 3.0291E-09 3.1261E-09 3.2233E-09 3.3209E-09 3.4202E-09 3.5229E-09 3.6287E-09 3.7345E-09 3.8401E-09 3.9468E-09 4.0546E-09 4.1619E-09 4.2693E-09 4.3768E-09 4.4833E-09 4.5893E-09 4.6960E-09 4.8017E-09 4.9069E-09 5.0101E-09 5.1116E-09 5.2111E-09 5.3084E-09 5.4023E-09 5.4929E-09 5.5805E-09 5.6644E-09 5.7465E-09 5.8257E-09 5.9001E-09 5.9691E-09 6.0352E-09 6.0975E-09 6.1534E-09 6.2078E-09 6.2534E-09 6.2985E-09 6.3388E-09 6.3747E-09 6.4077E-09 6.4359E-09 6.4590E-09
1.7259E-09 1.7782E-09 1.8401E-09 1.8936E-09 1.9495E-09 2.0776E-09 2.1714E-09 2.2433E-09 2.3748E-09 2.4758E-09 2.5555E-09 2.6827E-09 2.7983E-09 2.9021E-09 2.9980E-09 3.0963E-09 3.1943E-09 3.2938E-09 3.3957E-09 3.5025E-09 3.6106E-09 3.7186E-09 3.8273E-09 3.9391E-09 4.0520E-09 4.1651E-09 4.2770E-09 4.3884E-09 4.5001E-09 4.6133E-09 4.7255E-09 4.8369E-09 4.9483E-09 5.0590E-09 5.1675E-09 5.2737E-09 5.3774E-09 5.4808E-09 5.5820E-09 5.6825E-09 5.7822E-09 5.8793E-09 5.9689E-09 6.0523E-09 6.1295E-09 6.2023E-09 6.2708E-09 6.3340E-09 6.3937E-09 6.4458E-09 6.4962E-09 6.5366E-09 6.5791E-09 6.6172E-09 6.6506E-09 6.6814E-09 6.7087E-09
1.7470E-09 1.8086E-09 1.8621E-09 1.9173E-09 2.0306E-09 2.1245E-09 2.2081E-09 2.3195E-09 2.4260E-09 2.5183E-09 2.5998E-09 2.7464E-09 2.8650E-09 2.9621E-09 3.0624E-09 3.1613E-09 3.2620E-09 3.3666E-09 3.4767E-09 3.5871E-09 3.6972E-09 3.8094E-09 3.9247E-09 4.0430E-09 4.1606E-09 4.2772E-09 4.3939E-09 4.5122E-09 4.6305E-09 4.7479E-09 4.8654E-09 4.9848E-09 5.1022E-09 5.2174E-09 5.3307E-09 5.4434E-09 5.5559E-09 5.6681E-09 5.7830E-09 5.8954E-09 6.0013E-09 6.1003E-09 6.1923E-09 6.2791E-09 6.3610E-09 6.4422E-09 6.5186E-09 6.5881E-09 6.6504E-09 6.7087E-09 6.7569E-09 6.8053E-09 6.8420E-09 6.8790E-09 6.9112E-09 6.9399E-09 6.9633E-09
1.7670E-09 1.8292E-09 1.8838E-09 1.9406E-09 2.0889E-09 2.1711E-09 2.2395E-09 2.3733E-09 2.4790E-09 2.5602E-09 2.7060E-09 2.8248E-09 2.9226E-09 3.0240E-09 3.1245E-09 3.2259E-09 3.3336E-09 3.4457E-09 3.5575E-09 3.6702E-09 3.7857E-09 3.9056E-09 4.0264E-09 4.1482E-09 4.2703E-09 4.3933E-09 4.5171E-09 4.6403E-09 4.7633E-09 4.8885E-09 5.0148E-09 5.1387E-09 5.2612E-09 5.3824E-09 5.5051E-09 5.6276E-09 5.7551E-09 5.8825E-09 6.0032E-09 6.1180E-09 6.2305E-09 6.3377E-09 6.4430E-09 6.5432E-09 6.6386E-09 6.7273E-09 6.8107E-09 6.8862E-09 6.9525E-09 7.0111E-09 7.0676E-09 7.1125E-09 7.1583E-09 7.1931E-09 7.2274E-09 7.2556E-09 7.2798E-09
1.7952E-09 1.8494E-09 1.9056E-09 2.0189E-09 2.1278E-09 2.2006E-09 2.3187E-09 2.4241E-09 2.5180E-09 2.6480E-09 2.7670E-09 2.8790E-09 2.9813E-09 3.0832E-09 3.1859E-09 3.2958E-09 3.4097E-09 3.5231E-09 3.6374E-09 3.7565E-09 3.8797E-09 4.0035E-09 4.1282E-09 4.2552E-09 4.3842E-09 4.5139E-09 4.6427E-09 4.7722E-09 4.9042E-09 5.0372E-09 5.1680E-09 5.2984E-09 5.4282E-09 5.5613E-09 5.6963E-09 5.8379E-09 5.9752E-09 6.1046E-09 6.2333E-09 6.3617E-09 6.4909E-09 6.6188E-09 6.7367E-09 6.8461E-09 6.9473E-09 7.0420E-09 7.1332E-09 7.2178E-09 7.2946E-09 7.3619E-09 7.4184E-09 7.4729E-09 7.5138E-09 7.5540E-09 7.5830E-09 7.6114E-09 7.6329E-09
1.8140E-09 1.8692E-09 1.9267E-09 2.0743E-09 2.1599E-09 2.2294E-09 2.3661E-09 2.4740E-09 2.5572E-09 2.7060E-09 2.8320E-09 2.9347E-09 3.0369E-09 3.1418E-09 3.2529E-09 3.3686E-09 3.4835E-09 3.5996E-09 3.7217E-09 3.8474E-09 3.9738E-09 4.1018E-09 4.2326E-09 4.3672E-09 4.5014E-09 4.6366E-09 4.7736E-09 4.9119E-09 5.0513E-09 5.1897E-09 5.3280E-09 5.4673E-09 5.6104E-09 5.7587E-09 5.9129E-09 6.0585E-09 6.2005E-09 6.3445E-09 6.4941E-09 6.6444E-09 6.7883E-09 6.9235E-09 7.0507E-09 7.1718E-09 7.2866E-09 7.3984E-09 7.5046E-09 7.6031E-09 7.6914E-09 7.7705E-09 7.8378E-09 7.8894E-09 7.9380E-09 7.9708E-09 7.9986E-09 8.0130E-09 8.0197E-09
1.8321E-09 1.8890E-09 2.0029E-09 2.1162E-09 2.1870E-09 2.3068E-09 2.4269E-09 2.5105E-09 2.6424E-09 2.7672E-09 2.8847E-09 2.9871E-09 3.0921E-09 3.2051E-09 3.3221E-09 3.4387E-09 3.5566E-09 3.6813E-09 3.8089E-09 3.9377E-09 4.0683E-09 4.2033E-09 4.3413E-09 4.4802E-09 4.6214E-09 4.7655E-09 4.9103E-09 5.0568E-09 5.2028E-09 5.3494E-09 5.4981E-09 5.6507E-09 5.8115E-09 5.9770E-09 6.1329E-09 6.2903E-09 6.4535E-09 6.6233E-09 6.7912E-09 6.9505E-09 7.1059E-09 7.2595E-09 7.4111E-09 7.5560E-09 7.6952E-09 7.8246E-09 7.9457E-09 8.0565E-09 8.1561E-09 8.2444E-09 8.3208E-09 8.3851E-09 8.4295E-09 8.4680E-09 8.4886E-09 8.4966E-09 8.4970E-09
1.8500E-09 1.9080E-09 2.0428E-09 2.1404E-09 2.2133E-09 2.3508E-09 2.4601E-09 2.5467E-09 2.6989E-09 2.8315E-09 2.9337E-09 3.0388E-09 3.1520E-09 3.2705E-09 3.3884E-09 3.5081E-09 3.6347E-09 3.7645E-09 3.8954E-09 4.0282E-09 4.1668E-09 4.3080E-09 4.4510E-09 4.5974E-09 4.7476E-09 4.8987E-09 5.0525E-09 5.2064E-09 5.3618E-09 5.5189E-09 5.6813E-09 5.8531E-09 6.0295E-09 6.1975E-09 6.3714E-09 6.5533E-09 6.7436E-09 6.9267E-09 7.1047E-09 7.2831E-09 7.4672E-09 7.6527E-09 7.8287E-09 7.9957E-09 8.1519E-09 8.2997E-09 8.4459E-09 8.5799E-09 8.6983E-09 8.8013E-09 8.8862E-09 8.9534E-09 9.0023E-09 9.0306E-09 9.0439E-09 9.0413E-09 9.0301E-09
1.8676E-09 1.9614E-09 2.0954E-09 2.1647E-09 2.2887E-09 2.4082E-09 2.4937E-09 2.6295E-09 2.7724E-09 2.8777E-09 2.9821E-09 3.0944E-09 3.2139E-09 3.3332E-09 3.4536E-09 3.5822E-09 3.7138E-09 3.8465E-09 3.9816E-09 4.1231E-09 4.2672E-09 4.4139E-09 4.5647E-09 4.7200E-09 4.8770E-09 5.0372E-09 5.1995E-09 5.3634E-09 5.5289E-09 5.7003E-09 5.8812E-09 6.0697E-09 6.2519E-09 6.4401E-09 6.6413E-09 6.8492E-09 7.0485E-09 7.2472E-09 7.4533E-09 7.6707E-09 7.8860E-09 8.0959E-09 8.2976E-09 8.4918E-09 8.6838E-09 8.8659E-09 9.0340E-09 9.1874E-09 9.3238E-09 9.4398E-09 9.5338E-09 9.6043E-09 9.6523E-09 9.6786E-09 9.6790E-09 9.6631E-09 9.6316E-09
1.8844E-09 2.0191E-09 2.1169E-09 2.1890E-09 2.3298E-09 2.4384E-09 2.5267E-09 2.6851E-09 2.8150E-09 2.9228E-09 3.0331E-09 3.1528E-09 3.2730E-09 3.3946E-09 3.5235E-09 3.6567E-09 3.7908E-09 3.9280E-09 4.0721E-09 4.2190E-09 4.3689E-09 4.5235E-09 4.6833E-09 4.8453E-09 5.0108E-09 5.1814E-09 5.3538E-09 5.5276E-09 5.7069E-09 5.8944E-09 6.0970E-09 6.2926E-09 6.4949E-09 6.7128E-09 6.9375E-09 7.1543E-09 7.3756E-09 7.6106E-09 7.8607E-09 8.1071E-09 8.3507E-09 8.5922E-09 8.8357E-09 9.0730E-09 9.2986E-09 9.5098E-09 9.7101E-09 9.8927E-09 1.0052E-08 1.0189E-08 1.0298E-08 1.0377E-08 1.0429E-08 1.0451E-08 1.0444E-08 1.0409E-08 1.0356E-08
1.9148E-09 2.0562E-09 2.1390E-09 2.2396E-09 2.3707E-09 2.4688E-09 2.5850E-09 2.7540E-09 2.8564E-09 2.9686E-09 3.0875E-09 3.2084E-09 3.3306E-09 3.4594E-09 3.5940E-09 3.7290E-09 3.8674E-09 4.0134E-09 4.1627E-09 4.3156E-09 4.4737E-09 4.6374E-09 4.8039E-09 4.9742E-09 5.1509E-09 5.3314E-09 5.5141E-09 5.7002E-09 5.8918E-09 6.1079E-09 6.3178E-09 6.5335E-09 6.7654E-09 7.0067E-09 7.2423E-09 7.4854E-09 7.7504E-09 8.0307E-09 8.3076E-09 8.5865E-09 8.8717E-09 9.1661E-09 9.4549E-09 9.7333E-09 1.0002E-08 1.0258E-08 1.0501E-08 1.0723E-08 1.0916E-08 1.1078E-08 1.1203E-08 1.1291E-08 1.1340E-08 1.1353E-08 1.1330E-08 1.1274E-08 1.1192E-08
1.9767E-09 2.0873E-09 2.1609E-09 2.2847E-09 2.4115E-09 2.4995E-09 2.6593E-09 2.7919E-09 2.8974E-09 3.0188E-09 3.1383E-09 3.2623E-09 3.3899E-09 3.5259E-09 3.6617E-09 3.8009E-09 3.9476E-09 4.0987E-09 4.2539E-09 4.4145E-09 4.5819E-09 4.7527E-09 4.9277E-09 5.1077E-09 5.2966E-09 5.4868E-09 5.6804E-09 5.8802E-09 6.1013E-09 6.3268E-09 6.5540E-09 6.7960E-09 7.0552E-09 7.3093E-09 7.5734E-09 7.8649E-09 8.1746E-09 8.4814E-09 8.7974E-09 9.1283E-09 9.4717E-09 9.8147E-09 1.0156E-08 1.0490E-08 1.0818E-08 1.1132E-08 1.1424E-08 1.1688E-08 1.1917E-08 1.2105E-08 1.2248E-08 1.2343E-08 1.2395E-08 1.2399E-08 1.2360E-08 1.2278E-08 1.2158E-08
2.0112E-09 2.1070E-09 2.1812E-09 2.3362E-09 2.4391E-09 2.5548E-09 2.7083E-09 2.8295E-09 2.9420E-09 3.0669E-09 3.1878E-09 3.3161E-09 3.4521E-09 3.5889E-09 3.7286E-09 3.8754E-09 4.0278E-09 4.1843E-09 4.3466E-09 4.5167E-09 4.6911E-09 4.8703E-09 5.0552E-09 5.2465E-09 5.4462E-09 5.6474E-09 5.8543E-09 6.0765E-09 6.3186E-09 6.5566E-09 6.8035E-09 7.0800E-09 7.3531E-09 7.6375E-09 7.9500E-09 8.2871E-09 8.6235E-09 8.9765E-09 9.3514E-09 9.7430E-09 1.0141E-08 1.0546E-08 1.0954E-08 1.1361E-08 1.1757E-08 1.2133E-08 1.2482E-08 1.2797E-08 1.3069E-08 1.3294E-08 1.3466E-08 1.3582E-08 1.3638E-08 1.3637E-08 1.3576E-08 1.3460E-08 1.3303E-08
2.0525E-09 2.1262E-09 2.2285E-09 2.3730E-09 2.4675E-09 2.6085E-09 2.7564E-09 2.8681E-09 2.9873E-09 3.1119E-09 3.2366E-09 3.3737E-09 3.5110E-09 3.6510E-09 3.7971E-09 3.9503E-09 4.1076E-09 4.2710E-09 4.4425E-09 4.6196E-09 4.8020E-09 4.9908E-09 5.1872E-09 5.3888E-09 5.6002E-09 5.8122E-09 6.0367E-09 6.2884E-09 6.5414E-09 6.7972E-09 7.0802E-09 7.3731E-09 7.6745E-09 8.0024E-09 8.3658E-09 8.7308E-09 9.1185E-09 9.5324E-09 9.9705E-09 1.0422E-08 1.0890E-08 1.1372E-08 1.1863E-08 1.2348E-08 1.2821E-08 1.3270E-08 1.3689E-08 1.4072E-08 1.4403E-08 1.4680E-08 1.4888E-08 1.5028E-08 1.5092E-08 1.5082E-08 1.4995E-08 1.4839E-08 1.4627E-08
2.0688E-09 2.1440E-09 2.2700E-09 2.3976E-09 2.4953E-09 2.6674E-09 2.7900E-09 2.9098E-09 3.0282E-09 3.1567E-09 3.2881E-09 3.4291E-09 3.5681E-09 3.7132E-09 3.8666E-09 4.0240E-09 4.1879E-09 4.3598E-09 4.5390E-09 4.7236E-09 4.9149E-09 5.1153E-09 5.3217E-09 5.5347E-09 5.7573E-09 5.9837E-09 6.2345E-09 6.5065E-09 6.7703E-09 7.0549E-09 7.3682E-09 7.6859E-09 8.0202E-09 8.4066E-09 8.8000E-09 9.2182E-09 9.6653E-09 1.0145E-08 1.0648E-08 1.1174E-08 1.1727E-08 1.2299E-08 1.2879E-08 1.3456E-08 1.4019E-08 1.4561E-08 1.5068E-08 1.5533E-08 1.5938E-08 1.6275E-08 1.6529E-08 1.6694E-08 1.6765E-08 1.6740E-08 1.6623E-08 1.6423E-08 1.6149E-08
2.0849E-09 2.1661E-09 2.3175E-09 2.4225E-09 2.5440E-09 2.7108E-09 2.8249E-09 2.9489E-09 3.0679E-09 3.2011E-09 3.3403E-09 3.4812E-09 3.6247E-09 3.7769E-09 3.9344E-09 4.0980E-09 4.2692E-09 4.4498E-09 4.6357E-09 4.8290E-09 5.0316E-09 5.2415E-09 5.4594E-09 5.6828E-09 5.9201E-09 6.1601E-09 6.4477E-09 6.7256E-09 7.0081E-09 7.3331E-09 7.6702E-09 8.0168E-09 8.4099E-09 8.8307E-09 9.2732E-09 9.7476E-09 1.0264E-08 1.0810E-08 1.1389E-08 1.2004E-08 1.2652E-08 1.3322E-08 1.4005E-08 1.4687E-08 1.5362E-08 1.6014E-08 1.6628E-08 1.7190E-08 1.7683E-08 1.8087E-08 1.8393E-08 1.8592E-08 1.8679E-08 1.8650E-08 1.8511E-08 1.8265E-08 1.7925E-08
2.1004E-09 2.2040E-09 2.3518E-09 2.4459E-09 2.5915E-09 2.7401E-09 2.8606E-09 2.9842E-09 3.1067E-09 3.2486E-09 3.3876E-09 3.5326E-09 3.6826E-09 3.8395E-09 4.0019E-09 4.1719E-09 4.3519E-09 4.5388E-09 4.7331E-09 4.9368E-09 5.1491E-09 5.3706E-09 5.5983E-09 5.8357E-09 6.0862E-09 6.3505E-09 6.6603E-09 6.9473E-09 7.2678E-09 7.6266E-09 7.9846E-09 8.3750E-09 8.8223E-09 9.2836E-09 9.7793E-09 1.0322E-08 1.0905E-08 1.1527E-08 1.2195E-08 1.2911E-08 1.3662E-08 1.4444E-08 1.5242E-08 1.6051E-08 1.6855E-08 1.7634E-08 1.8370E-08 1.9046E-08 1.9634E-08 2.0126E-08 2.0504E-08 2.0755E-08 2.0869E-08 2.0849E-08 2.0688E-08 2.0395E-08 1.9985E-08
2.1140E-09 2.2410E-09 2.3729E-09 2.4667E-09 2.6302E-09 2.7705E-09 2.8932E-09 3.0187E-09 3.1457E-09 3.2933E-09 3.4334E-09 3.5834E-09 3.7400E-09 3.9008E-09 4.0692E-09 4.2469E-09 4.4339E-09 4.6281E-09 4.8315E-09 5.0458E-09 5.2689E-09 5.5003E-09 5.7414E-09 5.9911E-09 6.2566E-09 6.5551E-09 6.8693E-09 7.1803E-09 7.5501E-09 7.9251E-09 8.3133E-09 8.7685E-09 9.2513E-09 9.7640E-09 1.0321E-08 1.0933E-08 1.1588E-08 1.2296E-08 1.3066E-08 1.3887E-08 1.4754E-08 1.5657E-08 1.6593E-08 1.7543E-08 1.8491E-08 1.9414E-08 2.0290E-08 2.1091E-08 2.1805E-08 2.2406E-08 2.2870E-08 2.3195E-08 2.3351E-08 2.3335E-08 2.3150E-08 2.2805E-08 2.2316E-08
2.1264E-09 2.2713E-09 2.3923E-09 2.5094E-09 2.6842E-09 2.8003E-09 2.9231E-09 3.0518E-09 3.1854E-09 3.3337E-09 3.4781E-09 3.6348E-09 3.7949E-09 3.9613E-09 4.1360E-09 4.3220E-09 4.5150E-09 4.7172E-09 4.9314E-09 5.1550E-09 5.3890E-09 5.6323E-09 5.8858E-09 6.1496E-09 6.4366E-09 6.7589E-09 7.0878E-09 7.4314E-09 7.8386E-09 8.2346E-09 8.6672E-09 9.1791E-09 9.7026E-09 1.0268E-08 1.0895E-08 1.1573E-08 1.2309E-08 1.3117E-08 1.3990E-08 1.4927E-08 1.5917E-08 1.6962E-08 1.8046E-08 1.9153E-08 2.0261E-08 2.1344E-08 2.2375E-08 2.3331E-08 2.4189E-08 2.4922E-08 2.5502E-08 2.5899E-08 2.6105E-08 2.6110E-08 2.5922E-08 2.5548E-08 2.4997E-08
2.1435E-09 2.3147E-09 2.4094E-09 2.5276E-09 2.7087E-09 2.8272E-09 2.9514E-09 3.0855E-09 3.2220E-09 3.3728E-09 3.5215E-09 3.6847E-09 3.8484E-09 4.0206E-09 4.2032E-09 4.3953E-09 4.5958E-09 4.8075E-09 5.0303E-09 5.2651E-09 5.5092E-09 5.7656E-09 6.0323E-09 6.3103E-09 6.6286E-09 6.9641E-09 7.3141E-09 7.7031E-09 8.1271E-09 8.5548E-09 9.0546E-09 9.5997E-09 1.0170E-08 1.0797E-08 1.1490E-08 1.2241E-08 1.3068E-08 1.3977E-08 1.4962E-08 1.6019E-08 1.7150E-08 1.8343E-08 1.9587E-08 2.0863E-08 2.2144E-08 2.3403E-08 2.4614E-08 2.5746E-08 2.6775E-08 2.7659E-08 2.8358E-08 2.8862E-08 2.9158E-08 2.9233E-08 2.9072E-08 2.8672E-08 2.8052E-08
2.1769E-09 2.3301E-09 2.4244E-09 2.5692E-09 2.7330E-09 2.8515E-09 2.9784E-09 3.1183E-09 3.2549E-09 3.4100E-09 3.5647E-09 3.7315E-09 3.9005E-09 4.0786E-09 4.2691E-09 4.4673E-09 4.6757E-09 4.8976E-09 5.1301E-09 5.3740E-09 5.6306E-09 5.8989E-09 6.1813E-09 6.4807E-09 6.8192E-09 7.1742E-09 7.5550E-09 7.9785E-09 8.4241E-09 8.8959E-09 9.4517E-09 1.0029E-08 1.0651E-08 1.1343E-08 1.2102E-08 1.2933E-08 1.3857E-08 1.4868E-08 1.5969E-08 1.7157E-08 1.8431E-08 1.9785E-08 2.1197E-08 2.2649E-08 2.4117E-08 2.5570E-08 2.6981E-08 2.8316E-08 2.9530E-08 3.0576E-08 3.1445E-08 3.2111E-08 3.2531E-08 3.2675E-08 3.2540E-08 3.2131E-08 3.1465E-08
