Assets/Resources/2015_m01_d30_1900(utc+0800)_l00_csi_1hr_conc.grd
DSAA
         159         159
     -79.000      79.000
     -79.000      79.000
  0.0000E+00  0.4961E-05
[rows 0 to 24 of 159, columns 57 to 113 of 159]
1.0109E-10 1.3004E-10 1.6128E-10 1.9777E-10 2.4613E-10 3.0458E-10 3.7029E-10 4.4518E-10 5.2808E-10 6.1818E-10 7.1604E-10 8.2028E-10 9.3162E-10 1.0518E-09 1.1807E-09 1.3183E-09 1.4640E-09 1.6174E-09 1.7787E-09 1.9466E-09 2.1170E-09 2.2902E-09 2.4648E-09 2.6398E-09 2.8133E-09 2.9837E-09 3.1497E-09 3.3100E-09 3.4632E-09 3.6080E-09 3.7434E-09 3.8687E-09 3.9830E-09 4.0863E-09 4.1783E-09 4.2589E-09 4.3283E-09 4.3865E-09 4.4337E-09 4.4704E-09 4.4972E-09 4.5148E-09 4.5222E-09 4.5207E-09 4.5111E-09 4.4925E-09 4.4630E-09 4.4246E-09 4.3788E-09 4.3266E-09 4.2685E-09 4.2041E-09 4.1349E-09 4.0601E-09 3.9801E-09 3.8966E-09 3.8093E-09
1.2231E-10 1.5268E-10 1.8720E-10 2.3184E-10 2.8598E-10 3.5224E-10 4.2573E-10 5.0746E-10 5.9841E-10 6.9958E-10 8.0469E-10 9.2006E-10 1.0443E-09 1.1780E-09 1.3214E-09 1.4739E-09 1.6356E-09 1.8050E-09 1.9837E-09 2.1675E-09 2.3548E-09 2.5444E-09 2.7350E-09 2.9245E-09 3.1117E-09 3.2948E-09 3.4722E-09 3.6423E-09 3.8038E-09 3.9552E-09 4.0956E-09 4.2241E-09 4.3401E-09 4.4429E-09 4.5328E-09 4.6097E-09 4.6740E-09 4.7257E-09 4.7654E-09 4.7949E-09 4.8138E-09 4.8224E-09 4.8200E-09 4.8084E-09 4.7869E-09 4.7544E-09 4.7123E-09 4.6626E-09 4.6058E-09 4.5412E-09 4.4714E-09 4.3956E-09 4.3151E-09 4.2302E-09 4.1414E-09 4.0482E-09 3.9514E-09
1.4189E-10 1.7815E-10 2.2057E-10 2.7023E-10 3.2962E-10 4.0426E-10 4.8521E-10 5.7526E-10 6.7579E-10 7.8373E-10 9.0146E-10 1.0295E-09 1.1672E-09 1.3156E-09 1.4745E-09 1.6437E-09 1.8216E-09 2.0092E-09 2.2061E-09 2.4074E-09 2.6115E-09 2.8176E-09 3.0245E-09 3.2295E-09 3.4312E-09 3.6276E-09 3.8165E-09 3.9966E-09 4.1662E-09 4.3241E-09 4.4689E-09 4.6000E-09 4.7166E-09 4.8183E-09 4.9053E-09 4.9779E-09 5.0361E-09 5.0807E-09 5.1128E-09 5.1334E-09 5.1421E-09 5.1392E-09 5.1257E-09 5.1025E-09 5.0683E-09 5.0217E-09 4.9661E-09 4.9031E-09 4.8332E-09 4.7574E-09 4.6749E-09 4.5879E-09 4.4957E-09 4.3991E-09 4.2998E-09 4.1972E-09 4.0907E-09
1.6640E-10 2.0513E-10 2.5248E-10 3.0941E-10 3.7866E-10 4.6205E-10 5.4909E-10 6.4691E-10 7.5669E-10 8.7670E-10 1.0063E-09 1.1484E-09 1.3010E-09 1.4657E-09 1.6415E-09 1.8277E-09 2.0243E-09 2.2325E-09 2.4480E-09 2.6688E-09 2.8929E-09 3.1182E-09 3.3433E-09 3.5653E-09 3.7825E-09 3.9928E-09 4.1948E-09 4.3856E-09 4.5641E-09 4.7286E-09 4.8779E-09 5.0112E-09 5.1279E-09 5.2275E-09 5.3100E-09 5.3759E-09 5.4259E-09 5.4608E-09 5.4827E-09 5.4926E-09 5.4894E-09 5.4737E-09 5.4467E-09 5.4088E-09 5.3580E-09 5.2967E-09 5.2273E-09 5.1499E-09 5.0654E-09 4.9746E-09 4.8786E-09 4.7784E-09 4.6745E-09 4.5666E-09 4.4555E-09 4.3414E-09 4.2258E-09
1.9086E-10 2.3770E-10 2.9194E-10 3.5568E-10 4.3102E-10 5.2089E-10 6.1580E-10 7.2411E-10 8.4467E-10 9.7598E-10 1.1200E-09 1.2767E-09 1.4462E-09 1.6279E-09 1.8218E-09 2.0275E-09 2.2452E-09 2.4731E-09 2.7094E-09 2.9507E-09 3.1941E-09 3.4387E-09 3.6825E-09 3.9227E-09 4.1565E-09 4.3819E-09 4.5963E-09 4.7980E-09 4.9847E-09 5.1555E-09 5.3088E-09 5.4436E-09 5.5597E-09 5.6565E-09 5.7343E-09 5.7930E-09 5.8338E-09 5.8583E-09 5.8686E-09 5.8645E-09 5.8459E-09 5.8151E-09 5.7736E-09 5.7189E-09 5.6513E-09 5.5739E-09 5.4886E-09 5.3963E-09 5.2978E-09 5.1927E-09 5.0825E-09 4.9679E-09 4.8502E-09 4.7301E-09 4.6078E-09 4.4824E-09 4.3554E-09
2.1919E-10 2.7078E-10 3.3099E-10 4.0208E-10 4.8649E-10 5.8443E-10 6.8849E-10 8.0729E-10 9.3794E-10 1.0835E-09 1.2418E-09 1.4160E-09 1.6023E-09 1.8028E-09 2.0164E-09 2.2426E-09 2.4828E-09 2.7334E-09 2.9913E-09 3.2549E-09 3.5218E-09 3.7885E-09 4.0528E-09 4.3121E-09 4.5630E-09 4.8041E-09 5.0317E-09 5.2452E-09 5.4411E-09 5.6184E-09 5.7754E-09 5.9114E-09 6.0255E-09 6.1179E-09 6.1884E-09 6.2378E-09 6.2673E-09 6.2801E-09 6.2773E-09 6.2578E-09 6.2231E-09 6.1750E-09 6.1141E-09 6.0389E-09 5.9530E-09 5.8581E-09 5.7552E-09 5.6450E-09 5.5296E-09 5.4090E-09 5.2838E-09 5.1552E-09 5.0230E-09 4.8895E-09 4.7544E-09 4.6182E-09 4.4806E-09
2.4869E-10 3.0849E-10 3.7508E-10 4.5316E-10 5.4472E-10 6.5013E-10 7.6616E-10 8.9395E-10 1.0388E-09 1.1979E-09 1.3737E-09 1.5639E-09 1.7697E-09 1.9897E-09 2.2241E-09 2.4745E-09 2.7380E-09 3.0109E-09 3.2935E-09 3.5811E-09 3.8701E-09 4.1587E-09 4.4442E-09 4.7235E-09 4.9936E-09 5.2508E-09 5.4934E-09 5.7179E-09 5.9229E-09 6.1062E-09 6.2665E-09 6.4031E-09 6.5149E-09 6.6022E-09 6.6651E-09 6.7039E-09 6.7206E-09 6.7187E-09 6.6981E-09 6.6603E-09 6.6075E-09 6.5419E-09 6.4609E-09 6.3649E-09 6.2578E-09 6.1428E-09 6.0212E-09 5.8942E-09 5.7611E-09 5.6239E-09 5.4817E-09 5.3374E-09 5.1917E-09 5.0443E-09 4.8957E-09 4.7468E-09 4.5984E-09
2.8215E-10 3.4465E-10 4.1868E-10 5.0471E-10 6.0640E-10 7.2215E-10 8.4678E-10 9.8759E-10 1.1449E-09 1.3212E-09 1.5125E-09 1.7221E-09 1.9474E-09 2.1888E-09 2.4462E-09 2.7210E-09 3.0095E-09 3.3092E-09 3.6166E-09 3.9296E-09 4.2449E-09 4.5582E-09 4.8664E-09 5.1671E-09 5.4558E-09 5.7300E-09 5.9867E-09 6.2235E-09 6.4377E-09 6.6274E-09 6.7904E-09 6.9265E-09 7.0350E-09 7.1160E-09 7.1698E-09 7.1965E-09 7.1999E-09 7.1823E-09 7.1432E-09 7.0847E-09 7.0104E-09 6.9215E-09 6.8169E-09 6.6991E-09 6.5713E-09 6.4339E-09 6.2897E-09 6.1412E-09 5.9898E-09 5.8355E-09 5.6769E-09 5.5151E-09 5.3540E-09 5.1926E-09 5.0304E-09 4.8696E-09 4.7083E-09
3.1445E-10 3.8540E-10 4.6604E-10 5.6031E-10 6.7231E-10 7.9577E-10 9.3361E-10 1.0849E-09 1.2592E-09 1.4500E-09 1.6608E-09 1.8887E-09 2.1354E-09 2.3991E-09 2.6817E-09 2.9833E-09 3.2980E-09 3.6238E-09 3.9586E-09 4.2988E-09 4.6389E-09 4.9765E-09 5.3091E-09 5.6320E-09 5.9420E-09 6.2348E-09 6.5072E-09 6.7565E-09 6.9800E-09 7.1753E-09 7.3415E-09 7.4763E-09 7.5803E-09 7.6532E-09 7.6949E-09 7.7070E-09 7.6939E-09 7.6566E-09 7.5968E-09 7.5172E-09 7.4220E-09 7.3089E-09 7.1786E-09 7.0358E-09 6.8840E-09 6.7253E-09 6.5600E-09 6.3894E-09 6.2157E-09 6.0414E-09 5.8662E-09 5.6882E-09 5.5096E-09 5.3334E-09 5.1576E-09 4.9839E-09 4.8109E-09
3.4919E-10 4.2471E-10 5.1373E-10 6.1807E-10 7.3912E-10 8.7432E-10 1.0221E-09 1.1895E-09 1.3772E-09 1.5869E-09 1.8148E-09 2.0641E-09 2.3325E-09 2.6199E-09 2.9311E-09 3.2589E-09 3.6017E-09 3.9567E-09 4.3199E-09 4.6881E-09 5.0568E-09 5.4225E-09 5.7810E-09 6.1269E-09 6.4577E-09 6.7686E-09 7.0561E-09 7.3175E-09 7.5502E-09 7.7514E-09 7.9195E-09 8.0535E-09 8.1522E-09 8.2165E-09 8.2454E-09 8.2429E-09 8.2117E-09 8.1529E-09 8.0685E-09 7.9643E-09 7.8429E-09 7.7034E-09 7.5479E-09 7.3800E-09 7.2013E-09 7.0160E-09 6.8264E-09 6.6343E-09 6.4395E-09 6.2431E-09 6.0479E-09 5.8527E-09 5.6588E-09 5.4651E-09 5.2761E-09 5.0887E-09 4.9048E-09
3.8429E-10 4.6710E-10 5.6382E-10 6.7814E-10 8.1006E-10 9.5424E-10 1.1164E-09 1.2967E-09 1.5022E-09 1.7277E-09 1.9770E-09 2.2465E-09 2.5382E-09 2.8529E-09 3.1907E-09 3.5476E-09 3.9201E-09 4.3049E-09 4.6990E-09 5.0981E-09 5.4957E-09 5.8893E-09 6.2735E-09 6.6458E-09 6.9990E-09 7.3304E-09 7.6347E-09 7.9102E-09 8.1517E-09 8.3588E-09 8.5279E-09 8.6591E-09 8.7510E-09 8.8026E-09 8.8157E-09 8.7960E-09 8.7450E-09 8.6632E-09 8.5544E-09 8.4253E-09 8.2755E-09 8.1054E-09 7.9212E-09 7.7254E-09 7.5215E-09 7.3094E-09 7.0924E-09 6.8739E-09 6.6565E-09 6.4398E-09 6.2238E-09 6.0087E-09 5.7977E-09 5.5892E-09 5.3845E-09 5.1839E-09 4.9873E-09
4.1960E-10 5.0902E-10 6.1589E-10 7.4102E-10 8.8210E-10 1.0377E-09 1.2123E-09 1.4091E-09 1.6291E-09 1.8753E-09 2.1445E-09 2.4375E-09 2.7525E-09 3.0971E-09 3.4646E-09 3.8519E-09 4.2555E-09 4.6725E-09 5.0976E-09 5.5271E-09 5.9566E-09 6.3815E-09 6.7959E-09 7.1938E-09 7.5709E-09 7.9218E-09 8.2429E-09 8.5304E-09 8.7815E-09 8.9932E-09 9.1639E-09 9.2919E-09 9.3759E-09 9.4134E-09 9.4104E-09 9.3706E-09 9.2946E-09 9.1853E-09 9.0500E-09 8.8930E-09 8.7128E-09 8.5127E-09 8.2977E-09 8.0715E-09 7.8372E-09 7.5980E-09 7.3557E-09 7.1107E-09 6.8668E-09 6.6267E-09 6.3907E-09 6.1570E-09 5.9260E-09 5.7020E-09 5.4827E-09 5.2686E-09 5.0591E-09
4.5577E-10 5.5312E-10 6.6890E-10 8.0376E-10 9.5453E-10 1.1231E-09 1.3114E-09 1.5226E-09 1.7618E-09 2.0264E-09 2.3168E-09 2.6309E-09 2.9736E-09 3.3482E-09 3.7444E-09 4.1630E-09 4.5996E-09 5.0498E-09 5.5100E-09 5.9748E-09 6.4380E-09 6.8936E-09 7.3365E-09 7.7627E-09 8.1648E-09 8.5378E-09 8.8767E-09 9.1784E-09 9.4384E-09 9.6549E-09 9.8255E-09 9.9484E-09 1.0020E-08 1.0044E-08 1.0024E-08 9.9626E-09 9.8613E-09 9.7245E-09 9.5615E-09 9.3721E-09 9.1585E-09 8.9262E-09 8.6789E-09 8.4205E-09 8.1538E-09 7.8826E-09 7.6106E-09 7.3400E-09 7.0714E-09 6.8059E-09 6.5469E-09 6.2944E-09 6.0452E-09 5.8029E-09 5.5686E-09 5.3411E-09 5.1201E-09
4.9178E-10 5.9679E-10 7.2338E-10 8.6612E-10 1.0283E-09 1.2096E-09 1.4113E-09 1.6407E-09 1.8957E-09 2.1797E-09 2.4902E-09 2.8290E-09 3.2016E-09 3.6043E-09 4.0325E-09 4.4834E-09 4.9542E-09 5.4392E-09 5.9335E-09 6.4312E-09 6.9286E-09 7.4182E-09 7.8944E-09 8.3497E-09 8.7779E-09 9.1732E-09 9.5307E-09 9.8456E-09 1.0115E-08 1.0336E-08 1.0505E-08 1.0621E-08 1.0680E-08 1.0687E-08 1.0647E-08 1.0560E-08 1.0430E-08 1.0266E-08 1.0075E-08 9.8530E-09 9.6052E-09 9.3378E-09 9.0563E-09 8.7639E-09 8.4651E-09 8.1631E-09 7.8597E-09 7.5595E-09 7.2642E-09 6.9755E-09 6.6927E-09 6.4189E-09 6.1510E-09 5.8923E-09 5.6421E-09 5.4009E-09 5.1683E-09
5.2814E-10 6.4193E-10 7.7693E-10 9.2901E-10 1.1026E-09 1.2957E-09 1.5135E-09 1.7580E-09 2.0303E-09 2.3342E-09 2.6686E-09 3.0315E-09 3.4347E-09 3.8691E-09 4.3290E-09 4.8141E-09 5.3197E-09 5.8419E-09 6.3742E-09 6.9102E-09 7.4438E-09 7.9677E-09 8.4761E-09 8.9611E-09 9.4175E-09 9.8360E-09 1.0213E-08 1.0542E-08 1.0820E-08 1.1043E-08 1.1211E-08 1.1316E-08 1.1361E-08 1.1351E-08 1.1289E-08 1.1175E-08 1.1015E-08 1.0822E-08 1.0597E-08 1.0339E-08 1.0055E-08 9.7511E-09 9.4318E-09 9.1036E-09 8.7693E-09 8.4340E-09 8.1000E-09 7.7701E-09 7.4463E-09 7.1315E-09 6.8265E-09 6.5310E-09 6.2432E-09 5.9673E-09 5.7023E-09 5.4476E-09 5.2022E-09
5.6387E-10 6.8571E-10 8.2879E-10 9.8997E-10 1.1754E-09 1.3833E-09 1.6138E-09 1.8748E-09 2.1653E-09 2.4894E-09 2.8448E-09 3.2354E-09 3.6688E-09 4.1333E-09 4.6258E-09 5.1459E-09 5.6887E-09 6.2479E-09 6.8164E-09 7.3892E-09 7.9612E-09 8.5234E-09 9.0681E-09 9.5869E-09 1.0072E-08 1.0517E-08 1.0912E-08 1.1257E-08 1.1542E-08 1.1769E-08 1.1929E-08 1.2021E-08 1.2049E-08 1.2019E-08 1.1930E-08 1.1786E-08 1.1600E-08 1.1378E-08 1.1117E-08 1.0823E-08 1.0501E-08 1.0159E-08 9.8017E-09 9.4350E-09 9.0655E-09 8.6947E-09 8.3276E-09 7.9670E-09 7.6161E-09 7.2742E-09 6.9447E-09 6.6280E-09 6.3218E-09 6.0276E-09 5.7479E-09 5.4801E-09 5.2234E-09
5.9952E-10 7.2860E-10 8.7903E-10 1.0514E-09 1.2484E-09 1.4672E-09 1.7127E-09 1.9895E-09 2.2989E-09 2.6426E-09 3.0215E-09 3.4414E-09 3.9048E-09 4.4015E-09 4.9280E-09 5.4833E-09 6.0631E-09 6.6623E-09 7.2720E-09 7.8877E-09 8.4994E-09 9.1001E-09 9.6795E-09 1.0231E-08 1.0745E-08 1.1214E-08 1.1632E-08 1.1989E-08 1.2284E-08 1.2512E-08 1.2664E-08 1.2743E-08 1.2755E-08 1.2702E-08 1.2584E-08 1.2409E-08 1.2193E-08 1.1936E-08 1.1637E-08 1.1304E-08 1.0942E-08 1.0560E-08 1.0163E-08 9.7573E-09 9.3491E-09 8.9433E-09 8.5427E-09 8.1500E-09 7.7690E-09 7.4020E-09 7.0482E-09 6.7091E-09 6.3840E-09 6.0733E-09 5.7781E-09 5.4977E-09 5.2310E-09
6.3327E-10 7.6936E-10 9.2728E-10 1.1094E-09 1.3173E-09 1.5494E-09 1.8088E-09 2.1020E-09 2.4298E-09 2.7935E-09 3.1946E-09 3.6455E-09 4.1375E-09 4.6648E-09 5.2248E-09 5.8180E-09 6.4396E-09 7.0776E-09 7.7278E-09 8.3830E-09 9.0357E-09 9.6768E-09 1.0297E-08 1.0884E-08 1.1430E-08 1.1927E-08 1.2364E-08 1.2738E-08 1.3040E-08 1.3264E-08 1.3403E-08 1.3467E-08 1.3459E-08 1.3381E-08 1.3233E-08 1.3032E-08 1.2785E-08 1.2491E-08 1.2152E-08 1.1778E-08 1.1375E-08 1.0950E-08 1.0511E-08 1.0066E-08 9.6185E-09 9.1753E-09 8.7410E-09 8.3164E-09 7.9053E-09 7.5109E-09 7.1345E-09 6.7739E-09 6.4299E-09 6.1021E-09 5.7931E-09 5.5003E-09 5.2240E-09
6.6505E-10 8.0664E-10 9.7424E-10 1.1651E-09 1.3826E-09 1.6265E-09 1.9008E-09 2.2110E-09 2.5566E-09 2.9399E-09 3.3652E-09 3.8465E-09 4.3674E-09 4.9270E-09 5.5255E-09 6.1582E-09 6.8157E-09 7.4950E-09 8.1902E-09 8.8920E-09 9.5902E-09 1.0275E-08 1.0934E-08 1.1558E-08 1.2136E-08 1.2659E-08 1.3117E-08 1.3505E-08 1.3814E-08 1.4032E-08 1.4161E-08 1.4208E-08 1.4177E-08 1.4066E-08 1.3885E-08 1.3657E-08 1.3375E-08 1.3041E-08 1.2659E-08 1.2241E-08 1.1795E-08 1.1327E-08 1.0845E-08 1.0358E-08 9.8718E-09 9.3902E-09 8.9192E-09 8.4625E-09 8.0231E-09 7.6016E-09 7.2001E-09 6.8203E-09 6.4587E-09 6.1149E-09 5.7913E-09 5.4884E-09 5.2021E-09
6.9572E-10 8.4220E-10 1.0173E-09 1.2166E-09 1.4440E-09 1.6993E-09 1.9892E-09 2.3138E-09 2.6780E-09 3.0829E-09 3.5320E-09 4.0418E-09 4.5919E-09 5.1859E-09 5.8185E-09 6.4887E-09 7.1882E-09 7.9120E-09 8.6527E-09 9.3996E-09 1.0143E-08 1.0870E-08 1.1571E-08 1.2233E-08 1.2844E-08 1.3394E-08 1.3875E-08 1.4276E-08 1.4586E-08 1.4796E-08 1.4914E-08 1.4945E-08 1.4888E-08 1.4746E-08 1.4541E-08 1.4278E-08 1.3956E-08 1.3579E-08 1.3156E-08 1.2692E-08 1.2198E-08 1.1685E-08 1.1161E-08 1.0630E-08 1.0102E-08 9.5844E-09 9.0770E-09 8.5869E-09 8.1179E-09 7.6723E-09 7.2472E-09 6.8465E-09 6.4692E-09 6.1106E-09 5.7740E-09 5.4606E-09 5.1672E-09
7.2170E-10 8.7425E-10 1.0559E-09 1.2622E-09 1.4981E-09 1.7679E-09 2.0697E-09 2.4118E-09 2.7935E-09 3.2162E-09 3.6991E-09 4.2364E-09 4.8117E-09 5.4364E-09 6.1074E-09 6.8161E-09 7.5568E-09 8.3258E-09 9.1143E-09 9.9095E-09 1.0700E-08 1.1474E-08 1.2218E-08 1.2919E-08 1.3565E-08 1.4142E-08 1.4644E-08 1.5057E-08 1.5365E-08 1.5569E-08 1.5673E-08 1.5682E-08 1.5592E-08 1.5422E-08 1.5189E-08 1.4892E-08 1.4528E-08 1.4105E-08 1.3633E-08 1.3123E-08 1.2584E-08 1.2023E-08 1.1452E-08 1.0880E-08 1.0311E-08 9.7528E-09 9.2110E-09 8.6887E-09 8.1902E-09 7.7191E-09 7.2733E-09 6.8531E-09 6.4603E-09 6.0884E-09 5.7414E-09 5.4178E-09 5.1173E-09
7.4633E-10 9.0221E-10 1.0905E-09 1.3040E-09 1.5492E-09 1.8290E-09 2.1457E-09 2.5015E-09 2.8993E-09 3.3415E-09 3.8653E-09 4.4198E-09 5.0312E-09 5.6881E-09 6.3945E-09 7.1435E-09 7.9315E-09 8.7472E-09 9.5829E-09 1.0427E-08 1.1266E-08 1.2088E-08 1.2877E-08 1.3620E-08 1.4301E-08 1.4908E-08 1.5429E-08 1.5848E-08 1.6153E-08 1.6349E-08 1.6442E-08 1.6424E-08 1.6304E-08 1.6104E-08 1.5835E-08 1.5493E-08 1.5084E-08 1.4615E-08 1.4093E-08 1.3532E-08 1.2943E-08 1.2337E-08 1.1720E-08 1.1102E-08 1.0493E-08 9.8955E-09 9.3178E-09 8.7646E-09 8.2383E-09 7.7423E-09 7.2771E-09 6.8401E-09 6.4322E-09 6.0486E-09 5.6921E-09 5.3608E-09 5.0535E-09
7.6461E-10 9.2660E-10 1.1176E-09 1.3389E-09 1.5915E-09 1.8852E-09 2.2130E-09 2.5825E-09 2.9965E-09 3.4965E-09 4.0311E-09 4.6165E-09 5.2612E-09 5.9324E-09 6.6758E-09 7.4656E-09 8.2947E-09 9.1571E-09 1.0043E-08 1.0941E-08 1.1833E-08 1.2705E-08 1.3541E-08 1.4324E-08 1.5041E-08 1.5676E-08 1.6214E-08 1.6636E-08 1.6937E-08 1.7125E-08 1.7196E-08 1.7150E-08 1.7004E-08 1.6778E-08 1.6472E-08 1.6083E-08 1.5621E-08 1.5097E-08 1.4527E-08 1.3916E-08 1.3276E-08 1.2619E-08 1.1958E-08 1.1295E-08 1.0643E-08 1.0009E-08 9.3969E-09 8.8124E-09 8.2605E-09 7.7416E-09 7.2572E-09 6.8062E-09 6.3857E-09 5.9910E-09 5.6264E-09 5.2893E-09 4.9763E-09
7.8031E-10 9.4624E-10 1.1418E-09 1.3679E-09 1.6303E-09 1.9331E-09 2.2710E-09 2.6540E-09 3.0825E-09 3.6068E-09 4.1906E-09 4.7970E-09 5.4756E-09 6.2130E-09 6.9566E-09 7.7852E-09 8.6635E-09 9.5775E-09 1.0517E-08 1.1467E-08 1.2410E-08 1.3332E-08 1.4216E-08 1.5042E-08 1.5795E-08 1.6458E-08 1.7010E-08 1.7434E-08 1.7733E-08 1.7910E-08 1.7957E-08 1.7880E-08 1.7705E-08 1.7442E-08 1.7090E-08 1.6653E-08 1.6139E-08 1.5561E-08 1.4931E-08 1.4267E-08 1.3578E-08 1.2870E-08 1.2158E-08 1.1456E-08 1.0761E-08 1.0089E-08 9.4448E-09 8.8315E-09 8.2552E-09 7.7169E-09 7.2153E-09 6.7507E-09 6.3201E-09 5.9164E-09 5.5448E-09 5.2027E-09 4.8867E-09
7.8984E-10 9.6025E-10 1.1584E-09 1.3908E-09 1.6598E-09 1.9715E-09 2.3203E-09 2.7135E-09 3.1887E-09 3.7250E-09 4.3213E-09 5.0053E-09 5.6844E-09 6.4334E-09 7.2817E-09 8.1052E-09 9.0282E-09 9.9931E-09 1.0984E-08 1.1989E-08 1.2988E-08 1.3963E-08 1.4897E-08 1.5768E-08 1.6559E-08 1.7246E-08 1.7807E-08 1.8234E-08 1.8528E-08 1.8688E-08 1.8707E-08 1.8606E-08 1.8404E-08 1.8100E-08 1.7692E-08 1.7196E-08 1.6624E-08 1.5994E-08 1.5309E-08 1.4586E-08 1.3839E-08 1.3086E-08 1.2326E-08 1.1575E-08 1.0844E-08 1.0134E-08 9.4590E-09 8.8452E-09 8.2221E-09 7.6662E-09 7.1502E-09 6.6743E-09 6.2351E-09 5.8246E-09 5.4483E-09 5.1018E-09 4.7835E-09
