Assets/Resources/2015_m01_d29_1600(utc+0800)_l00_csi_1hr_conc.grd
DSAA
         159         159
     -79.000      79.000
     -79.000      79.000
  0.0000E+00  0.1931E-04
[rows 100 to 124 of 159, columns 57 to 113 of 159]
2.7572E-11 3.0084E-11 3.2508E-11 3.5341E-11 3.8064E-11 4.0962E-11 4.4010E-11 4.6735E-11 5.0182E-11 5.7313E-11 6.4973E-11 7.2558E-11 7.8927E-11 8.5712E-11 9.2514E-11 1.0030E-10 1.0811E-10 1.1646E-10 1.2620E-10 1.3560E-10 1.4645E-10 1.5714E-10 1.6942E-10 1.8160E-10 1.9452E-10 2.0916E-10 2.2404E-10 2.4181E-10 2.6889E-10 2.9820E-10 3.3161E-10 3.6124E-10 3.8933E-10 4.1967E-10 4.6834E-10 5.4841E-10 6.2474E-10 6.9368E-10 7.5990E-10 8.3147E-10 9.0997E-10 1.0096E-09 1.1405E-09 1.3112E-09 1.4985E-09 1.7472E-09 2.0720E-09 2.4599E-09 2.8595E-09 3.3106E-09 3.8594E-09 4.5219E-09 5.2330E-09 6.0488E-09 6.9869E-09 8.0328E-09 9.1885E-09
2.5728E-11 2.7863E-11 3.0388E-11 3.3058E-11 3.5639E-11 3.8365E-11 4.1256E-11 4.4064E-11 4.7061E-11 5.1660E-11 5.9204E-11 6.8122E-11 7.4158E-11 8.0153E-11 8.7083E-11 9.4471E-11 1.0189E-10 1.1032E-10 1.1921E-10 1.2857E-10 1.3809E-10 1.4913E-10 1.6003E-10 1.7205E-10 1.8485E-10 1.9842E-10 2.1311E-10 2.2969E-10 2.5457E-10 2.8367E-10 3.1705E-10 3.4586E-10 3.7303E-10 4.0240E-10 4.4791E-10 5.2490E-10 5.9953E-10 6.6934E-10 7.3385E-10 8.0360E-10 8.8014E-10 9.6405E-10 1.1032E-09 1.2554E-09 1.4370E-09 1.6459E-09 1.9481E-09 2.2883E-09 2.7021E-09 3.1114E-09 3.5750E-09 4.1347E-09 4.8212E-09 5.5858E-09 6.4434E-09 7.4189E-09 8.4881E-09
2.3515E-11 2.5988E-11 2.8361E-11 3.0643E-11 3.3319E-11 3.5880E-11 3.8364E-11 4.1507E-11 4.4073E-11 4.7347E-11 5.3182E-11 6.2211E-11 6.9600E-11 7.5275E-11 8.1842E-11 8.8403E-11 9.5925E-11 1.0393E-10 1.1200E-10 1.2097E-10 1.3086E-10 1.4057E-10 1.5178E-10 1.6284E-10 1.7504E-10 1.8805E-10 2.0138E-10 2.1717E-10 2.4114E-10 2.6996E-10 3.0192E-10 3.3073E-10 3.5696E-10 3.8534E-10 4.2685E-10 4.9663E-10 5.7435E-10 6.4372E-10 7.0750E-10 7.7532E-10 8.4978E-10 9.3145E-10 1.0407E-09 1.2006E-09 1.3815E-09 1.5746E-09 1.8410E-09 2.1578E-09 2.5343E-09 2.9379E-09 3.3718E-09 3.8809E-09 4.4709E-09 5.1816E-09 5.9839E-09 6.8702E-09 7.8584E-09
2.1636E-11 2.3731E-11 2.5969E-11 2.8585E-11 3.1101E-11 3.3525E-11 3.5841E-11 3.8583E-11 4.1480E-11 4.4044E-11 4.7601E-11 5.6069E-11 6.5208E-11 7.0577E-11 7.6349E-11 8.3044E-11 9.0170E-11 9.7310E-11 1.0546E-10 1.1405E-10 1.2308E-10 1.3312E-10 1.4298E-10 1.5436E-10 1.6559E-10 1.7797E-10 1.9116E-10 2.0569E-10 2.2722E-10 2.5564E-10 2.8469E-10 3.1586E-10 3.4114E-10 3.6851E-10 4.0782E-10 4.6776E-10 5.5069E-10 6.1800E-10 6.8093E-10 7.4672E-10 8.1899E-10 8.9827E-10 1.0034E-09 1.1441E-09 1.3255E-09 1.5102E-09 1.7378E-09 2.0246E-09 2.3790E-09 2.7605E-09 3.1843E-09 3.6572E-09 4.1830E-09 4.7944E-09 5.5063E-09 6.3337E-09 7.2622E-09
1.9849E-11 2.1819E-11 2.3924E-11 2.6149E-11 2.8523E-11 3.1031E-11 3.3452E-11 3.6025E-11 3.8764E-11 4.1418E-11 4.4265E-11 4.9534E-11 5.8942E-11 6.6541E-11 7.1553E-11 7.7884E-11 8.4179E-11 9.1429E-11 9.9154E-11 1.0734E-10 1.1556E-10 1.2512E-10 1.3532E-10 1.4535E-10 1.5643E-10 1.6827E-10 1.8083E-10 1.9444E-10 2.1427E-10 2.4215E-10 2.7070E-10 2.9825E-10 3.2560E-10 3.5195E-10 3.8618E-10 4.4305E-10 5.1961E-10 5.9125E-10 6.5421E-10 7.1789E-10 7.8786E-10 8.6464E-10 9.5300E-10 1.0888E-09 1.2677E-09 1.4463E-09 1.6496E-09 1.9118E-09 2.2429E-09 2.6132E-09 2.9897E-09 3.4233E-09 3.9226E-09 4.4715E-09 5.1139E-09 5.8410E-09 6.6816E-09
1.7925E-11 1.9775E-11 2.1980E-11 2.4070E-11 2.6535E-11 2.8658E-11 3.1175E-11 3.3587E-11 3.6173E-11 3.8912E-11 4.1330E-11 4.4454E-11 5.2558E-11 6.1452E-11 6.6947E-11 7.2968E-11 7.8913E-11 8.5770E-11 9.2624E-11 1.0047E-10 1.0915E-10 1.1744E-10 1.2715E-10 1.3704E-10 1.4763E-10 1.5888E-10 1.7089E-10 1.8314E-10 2.0087E-10 2.2767E-10 2.5603E-10 2.8405E-10 3.1034E-10 3.3567E-10 3.6312E-10 4.1767E-10 4.9281E-10 5.6091E-10 6.2639E-10 6.8891E-10 7.5649E-10 8.3068E-10 9.1199E-10 1.0287E-09 1.1934E-09 1.3811E-09 1.5697E-09 1.8092E-09 2.0962E-09 2.4520E-09 2.8176E-09 3.2121E-09 3.6601E-09 4.1775E-09 4.7636E-09 5.4155E-09 6.1622E-09
1.6113E-11 1.7827E-11 1.9904E-11 2.1867E-11 2.4192E-11 2.6404E-11 2.8756E-11 3.1284E-11 3.3451E-11 3.6044E-11 3.8797E-11 4.1215E-11 4.6165E-11 5.4953E-11 6.2567E-11 6.7786E-11 7.3857E-11 8.0377E-11 8.6852E-11 9.4274E-11 1.0214E-10 1.1086E-10 1.1926E-10 1.2909E-10 1.3913E-10 1.4987E-10 1.6083E-10 1.7338E-10 1.8848E-10 2.1283E-10 2.4148E-10 2.6934E-10 2.9541E-10 3.1970E-10 3.4604E-10 3.9242E-10 4.5663E-10 5.3394E-10 5.9967E-10 6.5989E-10 7.2501E-10 7.9651E-10 8.7489E-10 9.6534E-10 1.1222E-09 1.3108E-09 1.4954E-09 1.6936E-09 1.9554E-09 2.2946E-09 2.6554E-09 3.0175E-09 3.4277E-09 3.8982E-09 4.4172E-09 5.0149E-09 5.6902E-09
1.4175E-11 1.6223E-11 1.8175E-11 1.9768E-11 2.1957E-11 2.4033E-11 2.6489E-11 2.8849E-11 3.1123E-11 3.3550E-11 3.6147E-11 3.8658E-11 4.1341E-11 4.8081E-11 5.6887E-11 6.3287E-11 6.8565E-11 7.4732E-11 8.1311E-11 8.8366E-11 9.5388E-11 1.0375E-10 1.1251E-10 1.2104E-10 1.3100E-10 1.4074E-10 1.5202E-10 1.6311E-10 1.7671E-10 1.9872E-10 2.2777E-10 2.5262E-10 2.8080E-10 3.0407E-10 3.2930E-10 3.6676E-10 4.2978E-10 5.0500E-10 5.7090E-10 6.3091E-10 6.9350E-10 7.6224E-10 8.3762E-10 9.2439E-10 1.0433E-09 1.2310E-09 1.4209E-09 1.6020E-09 1.8205E-09 2.1382E-09 2.4782E-09 2.8325E-09 3.2092E-09 3.6329E-09 4.1117E-09 4.6466E-09 5.2404E-09
1.0809E-11 1.3890E-11 1.6321E-11 1.8025E-11 2.0081E-11 2.1776E-11 2.4087E-11 2.6303E-11 2.8913E-11 3.1181E-11 3.3376E-11 3.5981E-11 3.8487E-11 4.2214E-11 5.0163E-11 5.8202E-11 6.3989E-11 6.9799E-11 7.5550E-11 8.2221E-11 8.9324E-11 9.6871E-11 1.0526E-10 1.1328E-10 1.2274E-10 1.3283E-10 1.4271E-10 1.5363E-10 1.6546E-10 1.8385E-10 2.1291E-10 2.3842E-10 2.6359E-10 2.8878E-10 3.1291E-10 3.4690E-10 3.9898E-10 4.7560E-10 5.4246E-10 6.0206E-10 6.6208E-10 7.2801E-10 8.0031E-10 8.7948E-10 9.7510E-10 1.1448E-09 1.3426E-09 1.5225E-09 1.7086E-09 1.9667E-09 2.2961E-09 2.6408E-09 2.9994E-09 3.3888E-09 3.8241E-09 4.3084E-09 4.8491E-09
6.7321E-12 1.0096E-11 1.3382E-11 1.6158E-11 1.8086E-11 1.9888E-11 2.2057E-11 2.4364E-11 2.6337E-11 2.8711E-11 3.0988E-11 3.3440E-11 3.6036E-11 3.8288E-11 4.3198E-11 5.2087E-11 5.9616E-11 6.4641E-11 7.0535E-11 7.6818E-11 8.3057E-11 9.0267E-11 9.8296E-11 1.0670E-10 1.1484E-10 1.2442E-10 1.3416E-10 1.4456E-10 1.5562E-10 1.7047E-10 1.9565E-10 2.2432E-10 2.4908E-10 2.7388E-10 2.9690E-10 3.2759E-10 3.7051E-10 4.4333E-10 5.0970E-10 5.7243E-10 6.3086E-10 6.9393E-10 7.6317E-10 8.3904E-10 9.2649E-10 1.0597E-09 1.2553E-09 1.4388E-09 1.6126E-09 1.8196E-09 2.1310E-09 2.4579E-09 2.7888E-09 3.1540E-09 3.5524E-09 3.9947E-09 4.4833E-09
7.7173E-13 5.8235E-12 9.5972E-12 1.3159E-11 1.5524E-11 1.7881E-11 1.9914E-11 2.1835E-11 2.4142E-11 2.6350E-11 2.8743E-11 3.0778E-11 3.3226E-11 3.5823E-11 3.8068E-11 4.4542E-11 5.3635E-11 6.0201E-11 6.5743E-11 7.1207E-11 7.7567E-11 8.4360E-11 9.1577E-11 9.9607E-11 1.0767E-10 1.1633E-10 1.2601E-10 1.3585E-10 1.4636E-10 1.5903E-10 1.8011E-10 2.1076E-10 2.3271E-10 2.5937E-10 2.8129E-10 3.0508E-10 3.4887E-10 4.0743E-10 4.7951E-10 5.4312E-10 5.9997E-10 6.6024E-10 7.2644E-10 7.9895E-10 8.7822E-10 9.8344E-10 1.1574E-09 1.3570E-09 1.5239E-09 1.7013E-09 1.9273E-09 2.2510E-09 2.5843E-09 2.9215E-09 3.2927E-09 3.6963E-09 4.1407E-09
0.0000E+00 0.0000E+00 4.9853E-12 8.8758E-12 1.2406E-11 1.5117E-11 1.7507E-11 1.9682E-11 2.1842E-11 2.3905E-11 2.6376E-11 2.8519E-11 3.0545E-11 3.3245E-11 3.5590E-11 3.8882E-11 4.6364E-11 5.5281E-11 6.0738E-11 6.6343E-11 7.2323E-11 7.8261E-11 8.5144E-11 9.2815E-11 1.0085E-10 1.0862E-10 1.1778E-10 1.2708E-10 1.3703E-10 1.4841E-10 1.6618E-10 1.9373E-10 2.1898E-10 2.4231E-10 2.6611E-10 2.8873E-10 3.2141E-10 3.7583E-10 4.4744E-10 5.1228E-10 5.6962E-10 6.2709E-10 6.9015E-10 7.5923E-10 8.3475E-10 9.2159E-10 1.0556E-09 1.2413E-09 1.4364E-09 1.6025E-09 1.7894E-09 2.0378E-09 2.3797E-09 2.6996E-09 3.0384E-09 3.4124E-09 3.8174E-09
0.0000E+00 0.0000E+00 0.0000E+00 3.5484E-12 7.9319E-12 1.1647E-11 1.4321E-11 1.7065E-11 1.9434E-11 2.1594E-11 2.3911E-11 2.6138E-11 2.8515E-11 3.0558E-11 3.2999E-11 3.5334E-11 3.9404E-11 4.8782E-11 5.6105E-11 6.1709E-11 6.6883E-11 7.2942E-11 7.9414E-11 8.6281E-11 9.3949E-11 1.0122E-10 1.0989E-10 1.1913E-10 1.2852E-10 1.3857E-10 1.5337E-10 1.7676E-10 2.0541E-10 2.2493E-10 2.5137E-10 2.7284E-10 3.0204E-10 3.4781E-10 4.1131E-10 4.7864E-10 5.3881E-10 5.9444E-10 6.5437E-10 7.1995E-10 7.9159E-10 8.6971E-10 9.7841E-10 1.1472E-09 1.3351E-09 1.5059E-09 1.6780E-09 1.8750E-09 2.1391E-09 2.4757E-09 2.7985E-09 3.1376E-09 3.5101E-09
0.0000E+00 0.0000E+00 0.0000E+00 0.0000E+00 2.4353E-12 6.9759E-12 1.0882E-11 1.3518E-11 1.6377E-11 1.9417E-11 2.1343E-11 2.3661E-11 2.5884E-11 2.8261E-11 3.0299E-11 3.2978E-11 3.5051E-11 4.0774E-11 4.9399E-11 5.6418E-11 6.1712E-11 6.7418E-11 7.3505E-11 8.0042E-11 8.6940E-11 9.4203E-11 1.0239E-10 1.1112E-10 1.1998E-10 1.2946E-10 1.4123E-10 1.6201E-10 1.8895E-10 2.1124E-10 2.3710E-10 2.5746E-10 2.7960E-10 3.2180E-10 3.7804E-10 4.4307E-10 5.0753E-10 5.6235E-10 6.1907E-10 6.8109E-10 7.4889E-10 8.2291E-10 9.1730E-10 1.0413E-09 1.2187E-09 1.4118E-09 1.5719E-09 1.7490E-09 1.9540E-09 2.2234E-09 2.5733E-09 2.8811E-09 3.2175E-09
0.0000E+00 0.0000E+00 0.0000E+00 0.0000E+00 0.0000E+00 4.4791E-13 6.4098E-12 1.0113E-11 1.2857E-11 1.5837E-11 1.9017E-11 2.1326E-11 2.3398E-11 2.5869E-11 2.7995E-11 3.0021E-11 3.2691E-11 3.5148E-11 4.2027E-11 5.0913E-11 5.6805E-11 6.2162E-11 6.7889E-11 7.4045E-11 8.0608E-11 8.7502E-11 9.5218E-11 1.0346E-10 1.1226E-10 1.2120E-10 1.3091E-10 1.4772E-10 1.7228E-10 1.9808E-10 2.1972E-10 2.4266E-10 2.6363E-10 3.0000E-10 3.4692E-10 4.0875E-10 4.7126E-10 5.2973E-10 5.8431E-10 6.4292E-10 7.0700E-10 7.7695E-10 8.5324E-10 9.6499E-10 1.1089E-09 1.2953E-09 1.4693E-09 1.6334E-09 1.8140E-09 2.0260E-09 2.2923E-09 2.6420E-09 2.9455E-09
0.0000E+00 0.0000E+00 0.0000E+00 0.0000E+00 0.0000E+00 0.0000E+00 0.0000E+00 5.2303E-12 9.3413E-12 1.2044E-11 1.5289E-11 1.8757E-11 2.1059E-11 2.3371E-11 2.5599E-11 2.7715E-11 2.9982E-11 3.2390E-11 3.5616E-11 4.2613E-11 5.1606E-11 5.7647E-11 6.2563E-11 6.8341E-11 7.4517E-11 8.1081E-11 8.8428E-11 9.6193E-11 1.0450E-10 1.1290E-10 1.2189E-10 1.3451E-10 1.5736E-10 1.8267E-10 2.0367E-10 2.2839E-10 2.4820E-10 2.7556E-10 3.1910E-10 3.7725E-10 4.3787E-10 4.9784E-10 5.5037E-10 6.0563E-10 6.6604E-10 7.3199E-10 8.0390E-10 8.9190E-10 1.0222E-09 1.1723E-09 1.3439E-09 1.5221E-09 1.6890E-09 1.8719E-09 2.0837E-09 2.3453E-09 2.6927E-09
0.0000E+00 0.0000E+00 0.0000E+00 0.0000E+00 0.0000E+00 0.0000E+00 0.0000E+00 0.0000E+00 3.3907E-12 8.4996E-12 1.1533E-11 1.4744E-11 1.8344E-11 2.0789E-11 2.3098E-11 2.5315E-11 2.7419E-11 2.9677E-11 3.2074E-11 3.5783E-11 4.3482E-11 5.1446E-11 5.7523E-11 6.3407E-11 6.8740E-11 7.4975E-11 8.1964E-11 8.9269E-11 9.7092E-11 1.0501E-10 1.1349E-10 1.2342E-10 1.4206E-10 1.6620E-10 1.8984E-10 2.1171E-10 2.3328E-10 2.5347E-10 2.8949E-10 3.4119E-10 4.0382E-10 4.6371E-10 5.1735E-10 5.6933E-10 6.2614E-10 6.8815E-10 7.5577E-10 8.2945E-10 9.3398E-10 1.0784E-09 1.2180E-09 1.3923E-09 1.5692E-09 1.7376E-09 1.9214E-09 2.1309E-09 2.3821E-09
0.0000E+00 0.0000E+00 0.0000E+00 0.0000E+00 0.0000E+00 0.0000E+00 0.0000E+00 0.0000E+00 0.0000E+00 0.0000E+00 7.2654E-12 1.0861E-11 1.4329E-11 1.8078E-11 2.0518E-11 2.2815E-11 2.5020E-11 2.7115E-11 2.9362E-11 3.1740E-11 3.6612E-11 4.4063E-11 5.2072E-11 5.7840E-11 6.3274E-11 6.9595E-11 7.5364E-11 8.1891E-11 8.9647E-11 9.7091E-11 1.0547E-10 1.1439E-10 1.2759E-10 1.5147E-10 1.7592E-10 1.9481E-10 2.1884E-10 2.3778E-10 2.6626E-10 3.0747E-10 3.6504E-10 4.2722E-10 4.8326E-10 5.3411E-10 5.8741E-10 6.4557E-10 7.0900E-10 7.7811E-10 8.6298E-10 9.8487E-10 1.1212E-09 1.2595E-09 1.4316E-09 1.6097E-09 1.7784E-09 1.9617E-09 2.1653E-09
0.0000E+00 0.0000E+00 0.0000E+00 0.0000E+00 0.0000E+00 0.0000E+00 0.0000E+00 0.0000E+00 0.0000E+00 0.0000E+00 0.0000E+00 5.8065E-12 1.0105E-11 1.3929E-11 1.7811E-11 2.0240E-11 2.2523E-11 2.4719E-11 2.6803E-11 2.9030E-11 3.1791E-11 3.6776E-11 4.5291E-11 5.1850E-11 5.8114E-11 6.3594E-11 6.9443E-11 7.5645E-11 8.2619E-11 9.0000E-11 9.7879E-11 1.0628E-10 1.1586E-10 1.3511E-10 1.6164E-10 1.8089E-10 2.0199E-10 2.2272E-10 2.4199E-10 2.7914E-10 3.2839E-10 3.8862E-10 4.4920E-10 5.0005E-10 5.4993E-10 6.0436E-10 6.6371E-10 7.2837E-10 7.9871E-10 8.9924E-10 1.0295E-09 1.1610E-09 1.2929E-09 1.4519E-09 1.6427E-09 1.8104E-09 1.9919E-09
0.0000E+00 0.0000E+00 0.0000E+00 0.0000E+00 0.0000E+00 0.0000E+00 0.0000E+00 0.0000E+00 0.0000E+00 0.0000E+00 0.0000E+00 0.0000E+00 5.7588E-13 9.1932E-12 1.3303E-11 1.7244E-11 1.9957E-11 2.2230E-11 2.4413E-11 2.6479E-11 2.8693E-11 3.1451E-11 3.7666E-11 4.5499E-11 5.2557E-11 5.7890E-11 6.3853E-11 6.9730E-11 7.6348E-11 8.3270E-11 9.0670E-11 9.8574E-11 1.0699E-10 1.1970E-10 1.4426E-10 1.6580E-10 1.8508E-10 2.0829E-10 2.2632E-10 2.5389E-10 2.9421E-10 3.5058E-10 4.1106E-10 4.6515E-10 5.1380E-10 5.6461E-10 6.2001E-10 6.8036E-10 7.4602E-10 8.2676E-10 9.3438E-10 1.0677E-09 1.1886E-09 1.3211E-09 1.4658E-09 1.6677E-09 1.8332E-09
0.0000E+00 0.0000E+00 0.0000E+00 0.0000E+00 0.0000E+00 0.0000E+00 0.0000E+00 0.0000E+00 0.0000E+00 0.0000E+00 0.0000E+00 0.0000E+00 0.0000E+00 2.8479E-13 8.5323E-12 1.2654E-11 1.6583E-11 1.9436E-11 2.1934E-11 2.4098E-11 2.6152E-11 2.8357E-11 3.1493E-11 3.7737E-11 4.4961E-11 5.2296E-11 5.8587E-11 6.3591E-11 6.9961E-11 7.6106E-11 8.3438E-11 9.0851E-11 9.8759E-11 1.0719E-10 1.2657E-10 1.5083E-10 1.7130E-10 1.9154E-10 2.1135E-10 2.3528E-10 2.6571E-10 3.1373E-10 3.6458E-10 4.2585E-10 4.7802E-10 5.2640E-10 5.7798E-10 6.3418E-10 6.9531E-10 7.6167E-10 8.4799E-10 9.6249E-10 1.0899E-09 1.2114E-09 1.3436E-09 1.4830E-09 1.6841E-09
0.0000E+00 0.0000E+00 0.0000E+00 0.0000E+00 0.0000E+00 0.0000E+00 0.0000E+00 0.0000E+00 0.0000E+00 0.0000E+00 0.0000E+00 0.0000E+00 0.0000E+00 0.0000E+00 4.2303E-13 3.9559E-12 1.1807E-11 1.5687E-11 1.8912E-11 2.1390E-11 2.3532E-11 2.5828E-11 2.7764E-11 3.1631E-11 3.8237E-11 4.5133E-11 5.2481E-11 5.8289E-11 6.4266E-11 7.0092E-11 7.6645E-11 8.3579E-11 9.0990E-11 9.8891E-11 1.1092E-10 1.3491E-10 1.5656E-10 1.7404E-10 1.9706E-10 2.1405E-10 2.4047E-10 2.8121E-10 3.2634E-10 3.8360E-10 4.4267E-10 4.8978E-10 5.3770E-10 5.8990E-10 6.4669E-10 7.0833E-10 7.7499E-10 8.7176E-10 9.9302E-10 1.1084E-09 1.2290E-09 1.3598E-09 1.4889E-09
0.0000E+00 0.0000E+00 0.0000E+00 0.0000E+00 0.0000E+00 0.0000E+00 0.0000E+00 0.0000E+00 0.0000E+00 0.0000E+00 0.0000E+00 0.0000E+00 0.0000E+00 0.0000E+00 0.0000E+00 5.6609E-13 1.7732E-12 1.0475E-11 1.5111E-11 1.8384E-11 2.0846E-11 2.2967E-11 2.5507E-11 2.7166E-11 3.1688E-11 3.7932E-11 4.4175E-11 5.1787E-11 5.8447E-11 6.3931E-11 7.0211E-11 7.7105E-11 8.4044E-11 9.1451E-11 9.9338E-11 1.1728E-10 1.4117E-10 1.6064E-10 1.7979E-10 1.9928E-10 2.1637E-10 2.4929E-10 2.9476E-10 3.4371E-10 4.0116E-10 4.5377E-10 4.9922E-10 5.4760E-10 6.0023E-10 6.5736E-10 7.1914E-10 7.9042E-10 8.9664E-10 1.0153E-09 1.1173E-09 1.2410E-09 1.3696E-09
0.0000E+00 0.0000E+00 0.0000E+00 0.0000E+00 0.0000E+00 0.0000E+00 0.0000E+00 0.0000E+00 0.0000E+00 0.0000E+00 0.0000E+00 0.0000E+00 0.0000E+00 0.0000E+00 0.0000E+00 0.0000E+00 7.0441E-13 2.2031E-12 7.0092E-12 1.4137E-11 1.8116E-11 2.0309E-11 2.2667E-11 2.5188E-11 2.6845E-11 3.1738E-11 3.8097E-11 4.3572E-11 5.1535E-11 5.8079E-11 6.4037E-11 7.0227E-11 7.6686E-11 8.3598E-11 9.0970E-11 1.0062E-10 1.2388E-10 1.4594E-10 1.6230E-10 1.8525E-10 2.0112E-10 2.2429E-10 2.6066E-10 3.0456E-10 3.6016E-10 4.1620E-10 4.6259E-10 5.0731E-10 5.5597E-10 6.0880E-10 6.6593E-10 7.2751E-10 8.0362E-10 9.1513E-10 1.0248E-09 1.1258E-09 1.2471E-09
0.0000E+00 0.0000E+00 0.0000E+00 0.0000E+00 0.0000E+00 0.0000E+00 0.0000E+00 0.0000E+00 0.0000E+00 0.0000E+00 0.0000E+00 0.0000E+00 0.0000E+00 0.0000E+00 0.0000E+00 0.0000E+00 1.3335E-13 9.7899E-13 2.4932E-12 4.0561E-12 1.1150E-11 1.7235E-11 2.0035E-11 2.2373E-11 2.4882E-11 2.6536E-11 3.1878E-11 3.7771E-11 4.3691E-11 5.1161E-11 5.8141E-11 6.3603E-11 6.9767E-11 7.6610E-11 8.3944E-11 9.1290E-11 1.0569E-10 1.3017E-10 1.4875E-10 1.6514E-10 1.8667E-10 2.0253E-10 2.3376E-10 2.7445E-10 3.1403E-10 3.7032E-10 4.2571E-10 4.6907E-10 5.1396E-10 5.6270E-10 6.1541E-10 6.7223E-10 7.3321E-10 8.1808E-10 9.2920E-10 1.0345E-09 1.1291E-09
