Assets/Resources/2015_m01_d10_1900(utc+0800)_l00_csi_1hr_conc.grd
DSAA
         159         159
     -79.000      79.000
     -79.000      79.000
  0.1296E-10  0.3218E-05
[rows 75 to 99 of 159, columns 0 to 56 of 159]
5.8307E-11 6.0123E-11 6.1993E-11 6.3916E-11 6.5895E-11 6.8642E-11 7.1722E-11 7.5158E-11 7.9065E-11 8.3424E-11 8.8163E-11 9.3522E-11 9.8620E-11 1.0363E-10 1.0872E-10 1.1338E-10 1.1818E-10 1.2320E-10 1.2772E-10 1.3254E-10 1.3753E-10 1.4270E-10 1.4806E-10 1.5347E-10 1.5906E-10 1.6514E-10 1.7129E-10 1.7751E-10 1.8394E-10 1.9074E-10 1.9777E-10 2.0490E-10 2.1227E-10 2.2004E-10 2.2807E-10 2.3653E-10 2.4511E-10 2.5398E-10 2.6298E-10 2.7226E-10 2.8168E-10 2.9139E-10 3.0138E-10 3.1168E-10 3.2228E-10 3.3319E-10 3.4442E-10 3.5597E-10 3.6784E-10 3.8005E-10 3.9259E-10 4.0548E-10 4.1871E-10 4.3230E-10 4.4624E-10 4.6054E-10 4.7520E-10
5.8995E-11 6.0835E-11 6.2729E-11 6.4678E-11 6.6684E-11 6.9471E-11 7.2598E-11 7.6321E-11 8.0847E-11 8.5371E-11 9.0181E-11 9.5504E-11 1.0058E-10 1.0544E-10 1.1028E-10 1.1525E-10 1.2013E-10 1.2488E-10 1.2947E-10 1.3436E-10 1.3943E-10 1.4481E-10 1.5012E-10 1.5561E-10 1.6157E-10 1.6760E-10 1.7371E-10 1.8002E-10 1.8655E-10 1.9346E-10 2.0060E-10 2.0784E-10 2.1532E-10 2.2352E-10 2.3153E-10 2.3997E-10 2.4869E-10 2.5770E-10 2.6684E-10 2.7628E-10 2.8584E-10 2.9570E-10 3.0586E-10 3.1632E-10 3.2709E-10 3.3818E-10 3.4959E-10 3.6132E-10 3.7339E-10 3.8579E-10 3.9854E-10 4.1163E-10 4.2508E-10 4.3888E-10 4.5305E-10 4.6758E-10 4.8248E-10
5.9680E-11 6.1544E-11 6.3463E-11 6.5437E-11 6.7704E-11 7.0762E-11 7.4172E-11 7.7952E-11 8.2174E-11 8.6768E-11 9.2202E-11 9.7159E-11 1.0208E-10 1.0702E-10 1.1216E-10 1.1688E-10 1.2173E-10 1.2655E-10 1.3121E-10 1.3630E-10 1.4145E-10 1.4678E-10 1.5230E-10 1.5787E-10 1.6379E-10 1.6991E-10 1.7611E-10 1.8253E-10 1.8915E-10 1.9630E-10 2.0342E-10 2.1092E-10 2.1867E-10 2.2669E-10 2.3483E-10 2.4339E-10 2.5225E-10 2.6140E-10 2.7068E-10 2.8027E-10 2.8998E-10 3.0000E-10 3.1031E-10 3.2094E-10 3.3188E-10 3.4314E-10 3.5472E-10 3.6664E-10 3.7890E-10 3.9150E-10 4.0445E-10 4.1775E-10 4.3141E-10 4.4543E-10 4.5982E-10 4.7458E-10 4.8972E-10
6.0361E-11 6.2249E-11 6.4193E-11 6.6192E-11 6.8959E-11 7.2059E-11 7.5517E-11 7.9351E-11 8.3730E-11 8.8489E-11 9.3759E-11 9.8685E-11 1.0359E-10 1.0893E-10 1.1371E-10 1.1850E-10 1.2342E-10 1.2835E-10 1.3321E-10 1.3811E-10 1.4333E-10 1.4887E-10 1.5434E-10 1.6000E-10 1.6600E-10 1.7221E-10 1.7850E-10 1.8515E-10 1.9188E-10 1.9915E-10 2.0637E-10 2.1383E-10 2.2170E-10 2.2984E-10 2.3810E-10 2.4696E-10 2.5594E-10 2.6508E-10 2.7450E-10 2.8423E-10 2.9410E-10 3.0426E-10 3.1474E-10 3.2552E-10 3.3663E-10 3.4807E-10 3.5983E-10 3.7193E-10 3.8438E-10 3.9717E-10 4.1032E-10 4.2383E-10 4.3770E-10 4.5194E-10 4.6655E-10 4.8154E-10 4.9692E-10
6.1039E-11 6.2951E-11 6.4919E-11 6.6943E-11 6.9748E-11 7.2893E-11 7.6401E-11 8.0620E-11 8.5524E-11 9.0450E-11 9.5471E-11 1.0067E-10 1.0555E-10 1.1060E-10 1.1537E-10 1.2012E-10 1.2514E-10 1.3000E-10 1.3493E-10 1.4004E-10 1.4534E-10 1.5082E-10 1.5637E-10 1.6210E-10 1.6819E-10 1.7464E-10 1.8102E-10 1.8763E-10 1.9461E-10 2.0183E-10 2.0915E-10 2.1673E-10 2.2471E-10 2.3297E-10 2.4151E-10 2.5049E-10 2.5946E-10 2.6889E-10 2.7846E-10 2.8817E-10 2.9818E-10 3.0850E-10 3.1913E-10 3.3008E-10 3.4135E-10 3.5296E-10 3.6490E-10 3.7719E-10 3.8982E-10 4.0281E-10 4.1615E-10 4.2986E-10 4.4394E-10 4.5840E-10 4.7323E-10 4.8845E-10 5.0406E-10
6.1713E-11 6.3648E-11 6.5640E-11 6.7923E-11 7.0765E-11 7.4420E-11 7.8214E-11 8.2354E-11 8.6862E-11 9.2306E-11 9.7160E-11 1.0221E-10 1.0705E-10 1.1208E-10 1.1690E-10 1.2177E-10 1.2695E-10 1.3165E-10 1.3664E-10 1.4182E-10 1.4719E-10 1.5275E-10 1.5838E-10 1.6420E-10 1.7065E-10 1.7691E-10 1.8339E-10 1.9008E-10 1.9716E-10 2.0449E-10 2.1192E-10 2.1960E-10 2.2785E-10 2.3623E-10 2.4490E-10 2.5385E-10 2.6311E-10 2.7252E-10 2.8222E-10 2.9208E-10 3.0223E-10 3.1270E-10 3.2349E-10 3.3460E-10 3.4604E-10 3.5781E-10 3.6993E-10 3.8240E-10 3.9521E-10 4.0839E-10 4.2193E-10 4.3585E-10 4.5014E-10 4.6481E-10 4.7986E-10 4.9530E-10 5.1114E-10
6.2383E-11 6.4341E-11 6.6357E-11 6.8669E-11 7.2247E-11 7.5716E-11 7.9562E-11 8.3857E-11 8.8529E-11 9.3592E-11 9.8626E-11 1.0363E-10 1.0875E-10 1.1364E-10 1.1855E-10 1.2361E-10 1.2852E-10 1.3328E-10 1.3834E-10 1.4372E-10 1.4917E-10 1.5467E-10 1.6037E-10 1.6656E-10 1.7282E-10 1.7916E-10 1.8573E-10 1.9252E-10 1.9970E-10 2.0713E-10 2.1466E-10 2.2260E-10 2.3097E-10 2.3932E-10 2.4810E-10 2.5719E-10 2.6658E-10 2.7611E-10 2.8596E-10 2.9595E-10 3.0625E-10 3.1687E-10 3.2781E-10 3.3908E-10 3.5068E-10 3.6263E-10 3.7492E-10 3.8756E-10 4.0056E-10 4.1393E-10 4.2767E-10 4.4178E-10 4.5627E-10 4.7115E-10 4.8642E-10 5.0209E-10 5.1816E-10
6.3047E-11 6.5029E-11 6.7069E-11 6.9883E-11 7.3036E-11 7.6553E-11 8.0548E-11 8.4903E-11 9.0090E-11 9.5340E-11 1.0053E-10 1.0528E-10 1.1024E-10 1.1520E-10 1.2010E-10 1.2510E-10 1.3008E-10 1.3490E-10 1.4016E-10 1.4548E-10 1.5100E-10 1.5671E-10 1.6249E-10 1.6862E-10 1.7496E-10 1.8140E-10 1.8805E-10 1.9507E-10 2.0235E-10 2.0989E-10 2.1753E-10 2.2558E-10 2.3391E-10 2.4237E-10 2.5128E-10 2.6064E-10 2.7001E-10 2.7968E-10 2.8966E-10 2.9979E-10 3.1024E-10 3.2100E-10 3.3209E-10 3.4352E-10 3.5528E-10 3.6739E-10 3.7986E-10 3.9268E-10 4.0586E-10 4.1941E-10 4.3334E-10 4.4766E-10 4.6235E-10 4.7744E-10 4.9293E-10 5.0881E-10 5.2510E-10
6.3707E-11 6.5711E-11 6.7775E-11 7.0625E-11 7.4284E-11 7.7846E-11 8.2355E-11 8.6866E-11 9.1761E-11 9.6851E-11 1.0179E-10 1.0680E-10 1.1171E-10 1.1678E-10 1.2161E-10 1.2668E-10 1.3162E-10 1.3677E-10 1.4183E-10 1.4722E-10 1.5295E-10 1.5860E-10 1.6446E-10 1.7066E-10 1.7709E-10 1.8361E-10 1.9049E-10 1.9747E-10 2.0499E-10 2.1248E-10 2.2022E-10 2.2838E-10 2.3682E-10 2.4540E-10 2.5459E-10 2.6392E-10 2.7341E-10 2.8321E-10 2.9332E-10 3.0359E-10 3.1418E-10 3.2509E-10 3.3633E-10 3.4791E-10 3.5984E-10 3.7211E-10 3.8474E-10 3.9774E-10 4.1110E-10 4.2484E-10 4.3896E-10 4.5347E-10 4.6837E-10 4.8366E-10 4.9936E-10 5.1546E-10 5.3198E-10
6.4361E-11 6.6388E-11 6.8710E-11 7.1826E-11 7.5299E-11 7.9602E-11 8.3798E-11 8.8367E-11 9.3332E-11 9.8237E-11 1.0324E-10 1.0810E-10 1.1342E-10 1.1822E-10 1.2312E-10 1.2814E-10 1.3328E-10 1.3836E-10 1.4349E-10 1.4895E-10 1.5474E-10 1.6047E-10 1.6640E-10 1.7269E-10 1.7920E-10 1.8594E-10 1.9277E-10 1.9999E-10 2.0746E-10 2.1505E-10 2.2289E-10 2.3116E-10 2.3971E-10 2.4855E-10 2.5785E-10 2.6715E-10 2.7677E-10 2.8670E-10 2.9695E-10 3.0735E-10 3.1808E-10 3.2913E-10 3.4052E-10 3.5226E-10 3.6434E-10 3.7677E-10 3.8957E-10 4.0274E-10 4.1628E-10 4.3020E-10 4.4451E-10 4.5921E-10 4.7431E-10 4.8981E-10 5.0571E-10 5.2203E-10 5.3877E-10
6.5009E-11 6.7059E-11 6.9408E-11 7.3028E-11 7.6544E-11 8.0440E-11 8.4690E-11 8.9417E-11 9.4642E-11 9.9742E-11 1.0468E-10 1.0961E-10 1.1479E-10 1.1965E-10 1.2461E-10 1.2969E-10 1.3479E-10 1.3993E-10 1.4512E-10 1.5079E-10 1.5652E-10 1.6232E-10 1.6832E-10 1.7482E-10 1.8143E-10 1.8811E-10 1.9503E-10 2.0234E-10 2.0990E-10 2.1758E-10 2.2552E-10 2.3404E-10 2.4256E-10 2.5167E-10 2.6093E-10 2.7035E-10 2.8025E-10 2.9031E-10 3.0053E-10 3.1106E-10 3.2193E-10 3.3312E-10 3.4466E-10 3.5655E-10 3.6878E-10 3.8138E-10 3.9435E-10 4.0768E-10 4.2140E-10 4.3550E-10 4.4999E-10 4.6488E-10 4.8018E-10 4.9587E-10 5.1199E-10 5.2852E-10 5.4547E-10
6.5651E-11 6.7724E-11 7.0573E-11 7.3765E-11 7.7323E-11 8.1493E-11 8.6222E-11 9.1010E-11 9.6333E-11 1.0134E-10 1.0614E-10 1.1113E-10 1.1625E-10 1.2107E-10 1.2609E-10 1.3139E-10 1.3628E-10 1.4149E-10 1.4688E-10 1.5261E-10 1.5828E-10 1.6415E-10 1.7036E-10 1.7695E-10 1.8349E-10 1.9025E-10 1.9726E-10 2.0465E-10 2.1231E-10 2.2009E-10 2.2827E-10 2.3675E-10 2.4553E-10 2.5460E-10 2.6397E-10 2.7367E-10 2.8353E-10 2.9371E-10 3.0406E-10 3.1473E-10 3.2573E-10 3.3707E-10 3.4875E-10 3.6078E-10 3.7317E-10 3.8593E-10 3.9905E-10 4.1256E-10 4.2645E-10 4.4073E-10 4.5540E-10 4.7048E-10 4.8596E-10 5.0186E-10 5.1818E-10 5.3491E-10 5.5208E-10
6.6287E-11 6.8382E-11 7.1264E-11 7.4723E-11 7.8559E-11 8.3110E-11 8.7566E-11 9.3052E-11 9.7538E-11 1.0251E-10 1.0747E-10 1.1262E-10 1.1760E-10 1.2237E-10 1.2758E-10 1.3281E-10 1.3776E-10 1.4302E-10 1.4862E-10 1.5428E-10 1.6001E-10 1.6595E-10 1.7224E-10 1.7890E-10 1.8552E-10 1.9237E-10 1.9945E-10 2.0708E-10 2.1469E-10 2.2271E-10 2.3084E-10 2.3958E-10 2.4830E-10 2.5748E-10 2.6697E-10 2.7679E-10 2.8677E-10 2.9707E-10 3.0754E-10 3.1834E-10 3.2948E-10 3.4095E-10 3.5278E-10 3.6496E-10 3.7750E-10 3.9041E-10 4.0370E-10 4.1737E-10 4.3142E-10 4.4588E-10 4.6073E-10 4.7599E-10 4.9167E-10 5.0776E-10 5.2427E-10 5.4122E-10 5.5859E-10
6.6916E-11 6.9266E-11 7.2180E-11 7.5916E-11 8.0254E-11 8.4391E-11 8.9096E-11 9.4001E-11 9.8747E-11 1.0367E-10 1.0887E-10 1.1389E-10 1.1893E-10 1.2386E-10 1.2906E-10 1.3421E-10 1.3922E-10 1.4454E-10 1.5020E-10 1.5592E-10 1.6173E-10 1.6787E-10 1.7424E-10 1.8083E-10 1.8753E-10 1.9445E-10 2.0176E-10 2.0934E-10 2.1703E-10 2.2515E-10 2.3354E-10 2.4222E-10 2.5104E-10 2.6033E-10 2.6993E-10 2.7986E-10 2.8996E-10 3.0038E-10 3.1098E-10 3.2190E-10 3.3317E-10 3.4478E-10 3.5674E-10 3.6907E-10 3.8176E-10 3.9482E-10 4.0827E-10 4.2210E-10 4.3632E-10 4.5095E-10 4.6598E-10 4.8142E-10 4.9728E-10 5.1356E-10 5.3027E-10 5.4742E-10 5.6500E-10
6.7537E-11 6.9912E-11 7.3558E-11 7.7101E-11 8.1028E-11 8.5311E-11 8.9974E-11 9.4938E-11 1.0015E-10 1.0524E-10 1.0998E-10 1.1525E-10 1.2014E-10 1.2526E-10 1.3049E-10 1.3560E-10 1.4065E-10 1.4617E-10 1.5176E-10 1.5755E-10 1.6355E-10 1.6963E-10 1.7606E-10 1.8273E-10 1.8950E-10 1.9665E-10 2.0390E-10 2.1156E-10 2.1950E-10 2.2755E-10 2.3603E-10 2.4481E-10 2.5374E-10 2.6313E-10 2.7300E-10 2.8289E-10 2.9310E-10 3.0364E-10 3.1436E-10 3.2541E-10 3.3680E-10 3.4855E-10 3.6065E-10 3.7311E-10 3.8595E-10 3.9916E-10 4.1276E-10 4.2675E-10 4.4114E-10 4.5593E-10 4.7114E-10 4.8676E-10 5.0280E-10 5.1927E-10 5.3617E-10 5.5351E-10 5.7130E-10
6.8151E-11 7.1022E-11 7.4237E-11 7.7820E-11 8.2016E-11 8.6578E-11 9.1708E-11 9.6838E-11 1.0147E-10 1.0647E-10 1.1136E-10 1.1649E-10 1.2144E-10 1.2662E-10 1.3179E-10 1.3696E-10 1.4221E-10 1.4765E-10 1.5329E-10 1.5914E-10 1.6521E-10 1.7136E-10 1.7786E-10 1.8461E-10 1.9145E-10 1.9868E-10 2.0601E-10 2.1390E-10 2.2177E-10 2.2991E-10 2.3849E-10 2.4737E-10 2.5639E-10 2.6620E-10 2.7587E-10 2.8586E-10 2.9618E-10 3.0685E-10 3.1768E-10 3.2885E-10 3.4037E-10 3.5225E-10 3.6448E-10 3.7709E-10 3.9007E-10 4.0343E-10 4.1718E-10 4.3132E-10 4.4587E-10 4.6083E-10 4.7620E-10 4.9200E-10 5.0822E-10 5.2487E-10 5.4196E-10 5.5950E-10 5.7748E-10
6.8757E-11 7.1658E-11 7.4907E-11 7.8758E-11 8.3231E-11 8.7805E-11 9.3253E-11 9.7862E-11 1.0263E-10 1.0760E-10 1.1254E-10 1.1762E-10 1.2275E-10 1.2785E-10 1.3308E-10 1.3830E-10 1.4373E-10 1.4910E-10 1.5480E-10 1.6086E-10 1.6685E-10 1.7306E-10 1.7963E-10 1.8645E-10 1.9351E-10 2.0067E-10 2.0807E-10 2.1605E-10 2.2401E-10 2.3224E-10 2.4091E-10 2.4988E-10 2.5915E-10 2.6891E-10 2.7868E-10 2.8878E-10 2.9922E-10 3.0999E-10 3.2094E-10 3.3224E-10 3.4388E-10 3.5588E-10 3.6825E-10 3.8099E-10 3.9411E-10 4.0761E-10 4.2151E-10 4.3581E-10 4.5052E-10 4.6563E-10 4.8117E-10 4.9714E-10 5.1353E-10 5.3037E-10 5.4764E-10 5.6537E-10 5.8354E-10
6.9355E-11 7.2517E-11 7.6036E-11 7.9925E-11 8.4769E-11 8.9295E-11 9.4217E-11 9.8967E-11 1.0359E-10 1.0882E-10 1.1380E-10 1.1894E-10 1.2402E-10 1.2917E-10 1.3434E-10 1.3962E-10 1.4511E-10 1.5053E-10 1.5629E-10 1.6240E-10 1.6846E-10 1.7473E-10 1.8151E-10 1.8826E-10 1.9539E-10 2.0262E-10 2.1026E-10 2.1817E-10 2.2621E-10 2.3452E-10 2.4342E-10 2.5234E-10 2.6171E-10 2.7157E-10 2.8144E-10 2.9181E-10 3.0219E-10 3.1308E-10 3.2414E-10 3.3555E-10 3.4732E-10 3.5945E-10 3.7194E-10 3.8481E-10 3.9807E-10 4.1172E-10 4.2576E-10 4.4021E-10 4.5507E-10 4.7034E-10 4.8604E-10 5.0217E-10 5.1874E-10 5.3575E-10 5.5320E-10 5.7111E-10 5.8948E-10
7.0178E-11 7.3370E-11 7.7384E-11 8.1321E-11 8.5519E-11 9.0093E-11 9.5164E-11 1.0009E-10 1.0473E-10 1.1010E-10 1.1494E-10 1.2003E-10 1.2527E-10 1.3036E-10 1.3569E-10 1.4105E-10 1.4646E-10 1.5193E-10 1.5775E-10 1.6392E-10 1.7004E-10 1.7637E-10 1.8322E-10 1.9018E-10 1.9724E-10 2.0454E-10 2.1225E-10 2.2024E-10 2.2836E-10 2.3690E-10 2.4575E-10 2.5491E-10 2.6438E-10 2.7418E-10 2.8415E-10 2.9462E-10 3.0510E-10 3.1610E-10 3.2728E-10 3.3880E-10 3.5069E-10 3.6294E-10 3.7556E-10 3.8856E-10 4.0195E-10 4.1573E-10 4.2992E-10 4.4451E-10 4.5952E-10 4.7495E-10 4.9081E-10 5.0710E-10 5.2383E-10 5.4101E-10 5.5865E-10 5.7673E-10 5.9528E-10
7.0761E-11 7.4449E-11 7.8039E-11 8.2016E-11 8.6479E-11 9.1198E-11 9.6548E-11 1.0140E-10 1.0630E-10 1.1119E-10 1.1606E-10 1.2121E-10 1.2649E-10 1.3153E-10 1.3692E-10 1.4232E-10 1.4778E-10 1.5331E-10 1.5945E-10 1.6541E-10 1.7159E-10 1.7812E-10 1.8489E-10 1.9192E-10 1.9905E-10 2.0642E-10 2.1435E-10 2.2227E-10 2.3047E-10 2.3910E-10 2.4803E-10 2.5728E-10 2.6684E-10 2.7673E-10 2.8680E-10 2.9737E-10 3.0812E-10 3.1906E-10 3.3034E-10 3.4198E-10 3.5398E-10 3.6635E-10 3.7909E-10 3.9222E-10 4.0574E-10 4.1966E-10 4.3398E-10 4.4872E-10 4.6387E-10 4.7945E-10 4.9546E-10 5.1191E-10 5.2881E-10 5.4616E-10 5.6396E-10 5.8222E-10 6.0095E-10
7.1805E-11 7.5058E-11 7.8683E-11 8.2924E-11 8.7535E-11 9.2526E-11 9.7702E-11 1.0227E-10 1.0732E-10 1.1234E-10 1.1707E-10 1.2261E-10 1.2759E-10 1.3279E-10 1.3824E-10 1.4356E-10 1.4908E-10 1.5465E-10 1.6086E-10 1.6687E-10 1.7310E-10 1.7969E-10 1.8653E-10 1.9363E-10 2.0082E-10 2.0826E-10 2.1626E-10 2.2426E-10 2.3254E-10 2.4124E-10 2.5026E-10 2.5959E-10 2.6924E-10 2.7922E-10 2.8955E-10 3.0005E-10 3.1091E-10 3.2195E-10 3.3334E-10 3.4509E-10 3.5720E-10 3.6968E-10 3.8255E-10 3.9580E-10 4.0944E-10 4.2349E-10 4.3795E-10 4.5282E-10 4.6812E-10 4.8384E-10 5.0001E-10 5.1661E-10 5.3367E-10 5.5117E-10 5.6914E-10 5.8758E-10 6.0648E-10
7.2374E-11 7.5657E-11 7.9544E-11 8.4057E-11 8.8928E-11 9.4070E-11 9.8617E-11 1.0323E-10 1.0832E-10 1.1329E-10 1.1817E-10 1.2374E-10 1.2868E-10 1.3392E-10 1.3942E-10 1.4479E-10 1.5035E-10 1.5597E-10 1.6223E-10 1.6830E-10 1.7459E-10 1.8124E-10 1.8828E-10 1.9529E-10 2.0255E-10 2.1020E-10 2.1813E-10 2.2620E-10 2.3470E-10 2.4334E-10 2.5259E-10 2.6185E-10 2.7159E-10 2.8166E-10 2.9208E-10 3.0268E-10 3.1363E-10 3.2477E-10 3.3626E-10 3.4812E-10 3.6034E-10 3.7294E-10 3.8592E-10 3.9929E-10 4.1305E-10 4.2723E-10 4.4182E-10 4.5682E-10 4.7226E-10 4.8812E-10 5.0443E-10 5.2119E-10 5.3839E-10 5.5606E-10 5.7419E-10 5.9279E-10 6.1186E-10
7.2932E-11 7.6475E-11 8.0630E-11 8.5176E-11 8.9972E-11 9.4929E-11 9.9420E-11 1.0438E-10 1.0931E-10 1.1431E-10 1.1955E-10 1.2476E-10 1.2973E-10 1.3512E-10 1.4057E-10 1.4598E-10 1.5159E-10 1.5740E-10 1.6357E-10 1.6970E-10 1.7618E-10 1.8275E-10 1.8985E-10 1.9692E-10 2.0424E-10 2.1196E-10 2.1996E-10 2.2810E-10 2.3667E-10 2.4538E-10 2.5472E-10 2.6406E-10 2.7388E-10 2.8404E-10 2.9454E-10 3.0523E-10 3.1628E-10 3.2752E-10 3.3911E-10 3.5107E-10 3.6340E-10 3.7610E-10 3.8919E-10 4.0268E-10 4.1657E-10 4.3087E-10 4.4558E-10 4.6072E-10 4.7628E-10 4.9229E-10 5.0874E-10 5.2564E-10 5.4299E-10 5.6081E-10 5.7909E-10 5.9785E-10 6.1709E-10
7.3713E-11 7.7521E-11 8.1705E-11 8.6167E-11 9.0673E-11 9.5676E-11 1.0053E-10 1.0530E-10 1.1027E-10 1.1522E-10 1.2060E-10 1.2575E-10 1.3077E-10 1.3620E-10 1.4182E-10 1.4715E-10 1.5280E-10 1.5866E-10 1.6488E-10 1.7106E-10 1.7759E-10 1.8422E-10 1.9138E-10 1.9851E-10 2.0589E-10 2.1368E-10 2.2174E-10 2.2995E-10 2.3859E-10 2.4738E-10 2.5679E-10 2.6621E-10 2.7611E-10 2.8635E-10 2.9694E-10 3.0772E-10 3.1886E-10 3.3019E-10 3.4188E-10 3.5394E-10 3.6637E-10 3.7918E-10 3.9238E-10 4.0598E-10 4.1999E-10 4.3440E-10 4.4924E-10 4.6450E-10 4.8020E-10 4.9633E-10 5.1292E-10 5.2996E-10 5.4745E-10 5.6542E-10 5.8386E-10 6.0277E-10 6.2216E-10
7.4484E-11 7.8555E-11 8.2551E-11 8.6814E-11 9.1681E-11 9.6949E-11 1.0150E-10 1.0643E-10 1.1121E-10 1.1611E-10 1.2153E-10 1.2672E-10 1.3189E-10 1.3738E-10 1.4292E-10 1.4828E-10 1.5398E-10 1.6003E-10 1.6616E-10 1.7239E-10 1.7897E-10 1.8565E-10 1.9287E-10 2.0006E-10 2.0764E-10 2.1535E-10 2.2348E-10 2.3175E-10 2.4046E-10 2.4932E-10 2.5880E-10 2.6829E-10 2.7827E-10 2.8860E-10 2.9927E-10 3.1014E-10 3.2136E-10 3.3279E-10 3.4457E-10 3.5672E-10 3.6925E-10 3.8217E-10 3.9548E-10 4.0918E-10 4.2330E-10 4.3783E-10 4.5278E-10 4.6817E-10 4.8399E-10 5.0025E-10 5.1697E-10 5.3414E-10 5.5178E-10 5.6989E-10 5.8847E-10 6.0753E-10 6.2707E-10
