Assets/Resources/2015_m01_d10_0400(utc+0800)_l00_csi_1hr_conc.grd
DSAA
         159         159
     -79.000      79.000
     -79.000      79.000
  0.2128E-08  0.9224E-05
[rows 100 to 124 of 159, columns 0 to 56 of 159]
5.3474E-09 5.4850E-09 5.6253E-09 5.7682E-09 5.9209E-09 6.0695E-09 6.2207E-09 6.3744E-09 6.5380E-09 6.6971E-09 6.8584E-09 7.0218E-09 7.1874E-09 7.3631E-09 7.5331E-09 7.7049E-09 7.8783E-09 8.0532E-09 8.2294E-09 8.4156E-09 8.5946E-09 8.7745E-09 8.9550E-09 9.1360E-09 9.3172E-09 9.5083E-09 9.6901E-09 9.8715E-09 1.0062E-08 1.0243E-08 1.0423E-08 1.0601E-08 1.0789E-08 1.0975E-08 1.1160E-08 1.1344E-08 1.1526E-08 1.1696E-08 1.1877E-08 1.2041E-08 1.2202E-08 1.2360E-08 1.2528E-08 1.2678E-08 1.2824E-08 1.2965E-08 1.3117E-08 1.3249E-08 1.3423E-08 1.3548E-08 1.3666E-08 1.3779E-08 1.3885E-08 1.3985E-08 1.4078E-08 1.4165E-08 1.4244E-08
5.2877E-09 5.4288E-09 5.5667E-09 5.7071E-09 5.8501E-09 6.0027E-09 6.1512E-09 6.3020E-09 6.4552E-09 6.6181E-09 6.7764E-09 6.9367E-09 7.0990E-09 7.2632E-09 7.4374E-09 7.6057E-09 7.7755E-09 7.9468E-09 8.1193E-09 8.2930E-09 8.4763E-09 8.6523E-09 8.8289E-09 9.0059E-09 9.1831E-09 9.3604E-09 9.5471E-09 9.7244E-09 9.9011E-09 1.0077E-08 1.0262E-08 1.0436E-08 1.0609E-08 1.0790E-08 1.0960E-08 1.1138E-08 1.1314E-08 1.1489E-08 1.1662E-08 1.1821E-08 1.1992E-08 1.2145E-08 1.2294E-08 1.2440E-08 1.2596E-08 1.2733E-08 1.2865E-08 1.3008E-08 1.3131E-08 1.3248E-08 1.3408E-08 1.3517E-08 1.3620E-08 1.3716E-08 1.3807E-08 1.3890E-08 1.3967E-08
5.2338E-09 5.3663E-09 5.5013E-09 5.6456E-09 5.7860E-09 5.9289E-09 6.0811E-09 6.2292E-09 6.3795E-09 6.5320E-09 6.6940E-09 6.8512E-09 7.0103E-09 7.1713E-09 7.3340E-09 7.5062E-09 7.6726E-09 7.8403E-09 8.0092E-09 8.1792E-09 8.3501E-09 8.5216E-09 8.7029E-09 8.8761E-09 9.0494E-09 9.2227E-09 9.3958E-09 9.5685E-09 9.7505E-09 9.9224E-09 1.0093E-08 1.0272E-08 1.0441E-08 1.0608E-08 1.0773E-08 1.0946E-08 1.1107E-08 1.1286E-08 1.1454E-08 1.1619E-08 1.1771E-08 1.1933E-08 1.2079E-08 1.2220E-08 1.2357E-08 1.2504E-08 1.2633E-08 1.2757E-08 1.2875E-08 1.3003E-08 1.3112E-08 1.3260E-08 1.3360E-08 1.3453E-08 1.3541E-08 1.3622E-08 1.3696E-08
5.1745E-09 5.3096E-09 5.4422E-09 5.5773E-09 5.7215E-09 5.8617E-09 6.0042E-09 6.1560E-09 6.3034E-09 6.4530E-09 6.6046E-09 6.7654E-09 6.9214E-09 7.0791E-09 7.2385E-09 7.3994E-09 7.5696E-09 7.7338E-09 7.8991E-09 8.0655E-09 8.2327E-09 8.4006E-09 8.5689E-09 8.7465E-09 8.9160E-09 9.0855E-09 9.2547E-09 9.4235E-09 9.5916E-09 9.7685E-09 9.9353E-09 1.0101E-08 1.0265E-08 1.0437E-08 1.0598E-08 1.0757E-08 1.0923E-08 1.1078E-08 1.1240E-08 1.1399E-08 1.1556E-08 1.1711E-08 1.1852E-08 1.2003E-08 1.2136E-08 1.2265E-08 1.2390E-08 1.2524E-08 1.2639E-08 1.2749E-08 1.2854E-08 1.2968E-08 1.3062E-08 1.3151E-08 1.3281E-08 1.3359E-08 1.3431E-08
5.1200E-09 5.2476E-09 5.3827E-09 5.5153E-09 5.6503E-09 5.7941E-09 5.9340E-09 6.0760E-09 6.2271E-09 6.3737E-09 6.5224E-09 6.6729E-09 6.8323E-09 6.9868E-09 7.1429E-09 7.3005E-09 7.4595E-09 7.6196E-09 7.7891E-09 7.9519E-09 8.1155E-09 8.2797E-09 8.4444E-09 8.6094E-09 8.7745E-09 8.9488E-09 9.1142E-09 9.2792E-09 9.4435E-09 9.6069E-09 9.7693E-09 9.9402E-09 1.0100E-08 1.0259E-08 1.0415E-08 1.0580E-08 1.0733E-08 1.0882E-08 1.1040E-08 1.1185E-08 1.1336E-08 1.1486E-08 1.1643E-08 1.1776E-08 1.1905E-08 1.2045E-08 1.2166E-08 1.2282E-08 1.2393E-08 1.2515E-08 1.2616E-08 1.2713E-08 1.2804E-08 1.2904E-08 1.2984E-08 1.3057E-08 1.3172E-08
5.0651E-09 5.1904E-09 5.3180E-09 5.4530E-09 5.5855E-09 5.7201E-09 5.8635E-09 6.0028E-09 6.1442E-09 6.2943E-09 6.4399E-09 6.5874E-09 6.7366E-09 6.8875E-09 7.0474E-09 7.2017E-09 7.3573E-09 7.5140E-09 7.6719E-09 7.8386E-09 7.9986E-09 8.1592E-09 8.3203E-09 8.4816E-09 8.6431E-09 8.8044E-09 8.9744E-09 9.1356E-09 9.2961E-09 9.4558E-09 9.6144E-09 9.7718E-09 9.9277E-09 1.0092E-08 1.0245E-08 1.0395E-08 1.0544E-08 1.0700E-08 1.0843E-08 1.0984E-08 1.1132E-08 1.1266E-08 1.1408E-08 1.1546E-08 1.1692E-08 1.1814E-08 1.1931E-08 1.2058E-08 1.2167E-08 1.2270E-08 1.2369E-08 1.2477E-08 1.2565E-08 1.2648E-08 1.2725E-08 1.2796E-08 1.2877E-08
5.0098E-09 5.1329E-09 5.2582E-09 5.3857E-09 5.5204E-09 5.6525E-09 5.7867E-09 5.9294E-09 6.0680E-09 6.2085E-09 6.3508E-09 6.5019E-09 6.6481E-09 6.7958E-09 6.9450E-09 7.1029E-09 7.2552E-09 7.4087E-09 7.5631E-09 7.7183E-09 7.8821E-09 8.0392E-09 8.1967E-09 8.3544E-09 8.5122E-09 8.6699E-09 8.8273E-09 8.9843E-09 9.1497E-09 9.3057E-09 9.4606E-09 9.6143E-09 9.7666E-09 9.9172E-09 1.0075E-08 1.0222E-08 1.0367E-08 1.0510E-08 1.0649E-08 1.0796E-08 1.0930E-08 1.1061E-08 1.1188E-08 1.1323E-08 1.1443E-08 1.1580E-08 1.1715E-08 1.1825E-08 1.1929E-08 1.2045E-08 1.2140E-08 1.2231E-08 1.2317E-08 1.2411E-08 1.2487E-08 1.2556E-08 1.2620E-08
4.9498E-09 5.0751E-09 5.1981E-09 5.3232E-09 5.4505E-09 5.5847E-09 5.7163E-09 5.8499E-09 5.9853E-09 6.1293E-09 6.2688E-09 6.4099E-09 6.5596E-09 6.7042E-09 6.8503E-09 6.9977E-09 7.1534E-09 7.3035E-09 7.4546E-09 7.6065E-09 7.7590E-09 7.9121E-09 8.0736E-09 8.2278E-09 8.3820E-09 8.5361E-09 8.6900E-09 8.8433E-09 8.9961E-09 9.1566E-09 9.3079E-09 9.4581E-09 9.6068E-09 9.7538E-09 9.8990E-09 1.0042E-08 1.0193E-08 1.0332E-08 1.0468E-08 1.0601E-08 1.0732E-08 1.0869E-08 1.0993E-08 1.1114E-08 1.1231E-08 1.1354E-08 1.1463E-08 1.1589E-08 1.1712E-08 1.1809E-08 1.1902E-08 1.2005E-08 1.2088E-08 1.2166E-08 1.2239E-08 1.2306E-08 1.2383E-08
4.8943E-09 5.0126E-09 5.1377E-09 5.2605E-09 5.3854E-09 5.5122E-09 5.6458E-09 5.7767E-09 5.9095E-09 6.0440E-09 6.1868E-09 6.3250E-09 6.4648E-09 6.6128E-09 6.7558E-09 6.9000E-09 7.0454E-09 7.1918E-09 7.3465E-09 7.4950E-09 7.6442E-09 7.7939E-09 7.9439E-09 8.1019E-09 8.2526E-09 8.4032E-09 8.5535E-09 8.7033E-09 8.8525E-09 9.0009E-09 9.1482E-09 9.3030E-09 9.4482E-09 9.5919E-09 9.7337E-09 9.8735E-09 1.0011E-08 1.0146E-08 1.0279E-08 1.0419E-08 1.0546E-08 1.0670E-08 1.0791E-08 1.0918E-08 1.1032E-08 1.1143E-08 1.1249E-08 1.1350E-08 1.1458E-08 1.1552E-08 1.1672E-08 1.1768E-08 1.1849E-08 1.1939E-08 1.2010E-08 1.2076E-08 1.2136E-08
4.8385E-09 4.9547E-09 5.0729E-09 5.1977E-09 5.3201E-09 5.4445E-09 5.5707E-09 5.6987E-09 5.8336E-09 5.9654E-09 6.0989E-09 6.2403E-09 6.3771E-09 6.5154E-09 6.6549E-09 6.8026E-09 6.9449E-09 7.0881E-09 7.2321E-09 7.3841E-09 7.5300E-09 7.6763E-09 7.8229E-09 7.9697E-09 8.1165E-09 8.2711E-09 8.4180E-09 8.5643E-09 8.7100E-09 8.8549E-09 8.9988E-09 9.1415E-09 9.2829E-09 9.4314E-09 9.5698E-09 9.7064E-09 9.8408E-09 9.9728E-09 1.0102E-08 1.0229E-08 1.0353E-08 1.0484E-08 1.0602E-08 1.0716E-08 1.0827E-08 1.0935E-08 1.1048E-08 1.1147E-08 1.1243E-08 1.1333E-08 1.1420E-08 1.1512E-08 1.1589E-08 1.1704E-08 1.1773E-08 1.1836E-08 1.1909E-08
4.7826E-09 4.8966E-09 5.0125E-09 5.1304E-09 5.2502E-09 5.3767E-09 5.5004E-09 5.6259E-09 5.7531E-09 5.8869E-09 6.0176E-09 6.1498E-09 6.2834E-09 6.4249E-09 6.5615E-09 6.6992E-09 6.8447E-09 6.9848E-09 7.1257E-09 7.2673E-09 7.4094E-09 7.5593E-09 7.7027E-09 7.8461E-09 7.9896E-09 8.1329E-09 8.2759E-09 8.4264E-09 8.5687E-09 8.7102E-09 8.8508E-09 8.9901E-09 9.1281E-09 9.2646E-09 9.3994E-09 9.5409E-09 9.6721E-09 9.8011E-09 9.9276E-09 1.0052E-08 1.0173E-08 1.0291E-08 1.0406E-08 1.0517E-08 1.0635E-08 1.0740E-08 1.0841E-08 1.0938E-08 1.1030E-08 1.1119E-08 1.1213E-08 1.1293E-08 1.1369E-08 1.1439E-08 1.1505E-08 1.1576E-08 1.1632E-08
4.7225E-09 4.8340E-09 4.9521E-09 5.0677E-09 5.1851E-09 5.3044E-09 5.4301E-09 5.5531E-09 5.6777E-09 5.8039E-09 5.9316E-09 6.0659E-09 6.1967E-09 6.3288E-09 6.4684E-09 6.6031E-09 6.7389E-09 6.8755E-09 7.0198E-09 7.1582E-09 7.2972E-09 7.4365E-09 7.5762E-09 7.7234E-09 7.8635E-09 8.0035E-09 8.1432E-09 8.2824E-09 8.4210E-09 8.5668E-09 8.7040E-09 8.8401E-09 8.9749E-09 9.1081E-09 9.2397E-09 9.3695E-09 9.4972E-09 9.6227E-09 9.7548E-09 9.8758E-09 9.9940E-09 1.0109E-08 1.0222E-08 1.0331E-08 1.0436E-08 1.0538E-08 1.0637E-08 1.0741E-08 1.0832E-08 1.0918E-08 1.1001E-08 1.1079E-08 1.1152E-08 1.1221E-08 1.1296E-08 1.1355E-08 1.1410E-08
4.6666E-09 4.7760E-09 4.8873E-09 5.0050E-09 5.1201E-09 5.2370E-09 5.3555E-09 5.4804E-09 5.6025E-09 5.7261E-09 5.8511E-09 5.9775E-09 6.1103E-09 6.2395E-09 6.3699E-09 6.5014E-09 6.6403E-09 6.7739E-09 6.9082E-09 7.0431E-09 7.1856E-09 7.3218E-09 7.4583E-09 7.5949E-09 7.7314E-09 7.8752E-09 8.0117E-09 8.1476E-09 8.2830E-09 8.4175E-09 8.5511E-09 8.6915E-09 8.8231E-09 8.9532E-09 9.0817E-09 9.2084E-09 9.3331E-09 9.4557E-09 9.5759E-09 9.6937E-09 9.8175E-09 9.9302E-09 1.0040E-08 1.0146E-08 1.0250E-08 1.0349E-08 1.0446E-08 1.0538E-08 1.0627E-08 1.0711E-08 1.0792E-08 1.0878E-08 1.0950E-08 1.1017E-08 1.1080E-08 1.1139E-08 1.1193E-08
4.6106E-09 4.7180E-09 4.8271E-09 4.9380E-09 5.0551E-09 5.1696E-09 5.2858E-09 5.4035E-09 5.5228E-09 5.6484E-09 5.7708E-09 5.8946E-09 6.0196E-09 6.1458E-09 6.2782E-09 6.4068E-09 6.5363E-09 6.6666E-09 6.8041E-09 6.9361E-09 7.0685E-09 7.2079E-09 7.3412E-09 7.4747E-09 7.6081E-09 7.7413E-09 7.8741E-09 8.0140E-09 8.1462E-09 8.2775E-09 8.4080E-09 8.5373E-09 8.6654E-09 8.7999E-09 8.9254E-09 9.0491E-09 9.1708E-09 9.2905E-09 9.4080E-09 9.5230E-09 9.6355E-09 9.7452E-09 9.8520E-09 9.9645E-09 1.0065E-08 1.0163E-08 1.0257E-08 1.0347E-08 1.0434E-08 1.0517E-08 1.0596E-08 1.0671E-08 1.0741E-08 1.0807E-08 1.0869E-08 1.0926E-08 1.0979E-08
4.5506E-09 4.6599E-09 4.7669E-09 4.8756E-09 4.9860E-09 5.1023E-09 5.2161E-09 5.3315E-09 5.4483E-09 5.5665E-09 5.6908E-09 5.8119E-09 5.9343E-09 6.0578E-09 6.1823E-09 6.3127E-09 6.4393E-09 6.5667E-09 6.6948E-09 6.8234E-09 6.9591E-09 7.0888E-09 7.2187E-09 7.3555E-09 7.4858E-09 7.6159E-09 7.7456E-09 7.8749E-09 8.0036E-09 8.1390E-09 8.2663E-09 8.3926E-09 8.5176E-09 8.6413E-09 8.7634E-09 8.8838E-09 9.0105E-09 9.1273E-09 9.2420E-09 9.3543E-09 9.4642E-09 9.5714E-09 9.6757E-09 9.7772E-09 9.8755E-09 9.9706E-09 1.0062E-08 1.0159E-08 1.0244E-08 1.0325E-08 1.0402E-08 1.0476E-08 1.0545E-08 1.0610E-08 1.0671E-08 1.0727E-08 1.0779E-08
4.4949E-09 4.5979E-09 4.7068E-09 4.8133E-09 4.9214E-09 5.0311E-09 5.1423E-09 5.2596E-09 5.3740E-09 5.4897E-09 5.6068E-09 5.7250E-09 5.8493E-09 5.9701E-09 6.0920E-09 6.2147E-09 6.3383E-09 6.4675E-09 6.5927E-09 6.7184E-09 6.8445E-09 6.9710E-09 7.1042E-09 7.2312E-09 7.3582E-09 7.4916E-09 7.6183E-09 7.7446E-09 7.8703E-09 7.9952E-09 8.1192E-09 8.2494E-09 8.3715E-09 8.4922E-09 8.6115E-09 8.7290E-09 8.8448E-09 8.9586E-09 9.0780E-09 9.1877E-09 9.2950E-09 9.3997E-09 9.5017E-09 9.6008E-09 9.6969E-09 9.7899E-09 9.8796E-09 9.9660E-09 1.0049E-08 1.0128E-08 1.0203E-08 1.0275E-08 1.0351E-08 1.0415E-08 1.0475E-08 1.0530E-08 1.0581E-08
4.4393E-09 4.5402E-09 4.6428E-09 4.7511E-09 4.8571E-09 4.9645E-09 5.0734E-09 5.1838E-09 5.3000E-09 5.4133E-09 5.5278E-09 5.6436E-09 5.7604E-09 5.8830E-09 6.0021E-09 6.1222E-09 6.2430E-09 6.3645E-09 6.4866E-09 6.6142E-09 6.7374E-09 6.8610E-09 6.9847E-09 7.1085E-09 7.2387E-09 7.3625E-09 7.4859E-09 7.6089E-09 7.7383E-09 7.8602E-09 7.9813E-09 8.1013E-09 8.2202E-09 8.3449E-09 8.4613E-09 8.5760E-09 8.6890E-09 8.8001E-09 8.9092E-09 9.0160E-09 9.1205E-09 9.2303E-09 9.3299E-09 9.4268E-09 9.5207E-09 9.6116E-09 9.6994E-09 9.7838E-09 9.8649E-09 9.9424E-09 1.0016E-08 1.0086E-08 1.0153E-08 1.0215E-08 1.0274E-08 1.0328E-08 1.0378E-08
4.3837E-09 4.4827E-09 4.5832E-09 4.6852E-09 4.7929E-09 4.8981E-09 5.0048E-09 5.1128E-09 5.2222E-09 5.3372E-09 5.4493E-09 5.5625E-09 5.6768E-09 5.7921E-09 5.9084E-09 6.0302E-09 6.1483E-09 6.2671E-09 6.3865E-09 6.5063E-09 6.6265E-09 6.7519E-09 6.8728E-09 6.9937E-09 7.1145E-09 7.2351E-09 7.3618E-09 7.4819E-09 7.6014E-09 7.7202E-09 7.8449E-09 7.9621E-09 8.0781E-09 8.1929E-09 8.3062E-09 8.4180E-09 8.5352E-09 8.6437E-09 8.7502E-09 8.8545E-09 8.9566E-09 9.0562E-09 9.1533E-09 9.2477E-09 9.3393E-09 9.4358E-09 9.5216E-09 9.6042E-09 9.6835E-09 9.7594E-09 9.8318E-09 9.9006E-09 9.9657E-09 1.0027E-08 1.0084E-08 1.0138E-08 1.0187E-08
4.3245E-09 4.4252E-09 4.5237E-09 4.6237E-09 4.7251E-09 4.8279E-09 4.9364E-09 5.0422E-09 5.1492E-09 5.2574E-09 5.3669E-09 5.4819E-09 5.5937E-09 5.7065E-09 5.8201E-09 5.9346E-09 6.0498E-09 6.1705E-09 6.2871E-09 6.4042E-09 6.5216E-09 6.6393E-09 6.7572E-09 6.8799E-09 6.9979E-09 7.1157E-09 7.2331E-09 7.3501E-09 7.4666E-09 7.5888E-09 7.7039E-09 7.8181E-09 7.9311E-09 8.0497E-09 8.1604E-09 8.2695E-09 8.3769E-09 8.4826E-09 8.5863E-09 8.6880E-09 8.7948E-09 8.8921E-09 8.9869E-09 9.0792E-09 9.1687E-09 9.2554E-09 9.3391E-09 9.4197E-09 9.4972E-09 9.5713E-09 9.6499E-09 9.7173E-09 9.7812E-09 9.8414E-09 9.8978E-09 9.9504E-09 9.9992E-09
4.2694E-09 4.3642E-09 4.4644E-09 4.5623E-09 4.6616E-09 4.7623E-09 4.8643E-09 4.9718E-09 5.0766E-09 5.1825E-09 5.2895E-09 5.3976E-09 5.5111E-09 5.6214E-09 5.7325E-09 5.8444E-09 5.9570E-09 6.0702E-09 6.1886E-09 6.3030E-09 6.4177E-09 6.5327E-09 6.6478E-09 6.7629E-09 6.8779E-09 6.9927E-09 7.1122E-09 7.2264E-09 7.3401E-09 7.4530E-09 7.5652E-09 7.6764E-09 7.7931E-09 7.9022E-09 8.0100E-09 8.1163E-09 8.2278E-09 8.3309E-09 8.4322E-09 8.5315E-09 8.6286E-09 8.7234E-09 8.8159E-09 8.9130E-09 9.0005E-09 9.0853E-09 9.1671E-09 9.2460E-09 9.3218E-09 9.3944E-09 9.4637E-09 9.5297E-09 9.5922E-09 9.6511E-09 9.7065E-09 9.7581E-09 9.8060E-09
4.2144E-09 4.3073E-09 4.4016E-09 4.5012E-09 4.5985E-09 4.6971E-09 4.7969E-09 4.8980E-09 5.0044E-09 5.1080E-09 5.2127E-09 5.3184E-09 5.4251E-09 5.5327E-09 5.6456E-09 5.7549E-09 5.8650E-09 5.9756E-09 6.0867E-09 6.1983E-09 6.3147E-09 6.4270E-09 6.5394E-09 6.6518E-09 6.7641E-09 6.8762E-09 6.9880E-09 7.0993E-09 7.2150E-09 7.3253E-09 7.4348E-09 7.5433E-09 7.6508E-09 7.7571E-09 7.8621E-09 7.9722E-09 8.0744E-09 8.1749E-09 8.2736E-09 8.3771E-09 8.4719E-09 8.5646E-09 8.6549E-09 8.7428E-09 8.8282E-09 8.9108E-09 8.9907E-09 9.0678E-09 9.1489E-09 9.2200E-09 9.2879E-09 9.3526E-09 9.4139E-09 9.4717E-09 9.5261E-09 9.5769E-09 9.6241E-09
4.1560E-09 4.2507E-09 4.3431E-09 4.4368E-09 4.5318E-09 4.6321E-09 4.7298E-09 4.8288E-09 4.9288E-09 5.0300E-09 5.1364E-09 5.2398E-09 5.3441E-09 5.4493E-09 5.5552E-09 5.6619E-09 5.7737E-09 5.8818E-09 5.9904E-09 6.0993E-09 6.2086E-09 6.3180E-09 6.4276E-09 6.5419E-09 6.6516E-09 6.7610E-09 6.8702E-09 6.9788E-09 7.0870E-09 7.1945E-09 7.3012E-09 7.4119E-09 7.5168E-09 7.6206E-09 7.7231E-09 7.8242E-09 7.9238E-09 8.0218E-09 8.1180E-09 8.2188E-09 8.3113E-09 8.4016E-09 8.4897E-09 8.5754E-09 8.6655E-09 8.7463E-09 8.8244E-09 8.8998E-09 8.9723E-09 9.0417E-09 9.1082E-09 9.1714E-09 9.2314E-09 9.2881E-09 9.3415E-09 9.3914E-09 9.4378E-09
4.1016E-09 4.1906E-09 4.2847E-09 4.3765E-09 4.4695E-09 4.5638E-09 4.6631E-09 4.7599E-09 4.8578E-09 4.9568E-09 5.0567E-09 5.1617E-09 5.2637E-09 5.3665E-09 5.4701E-09 5.5743E-09 5.6792E-09 5.7846E-09 5.8950E-09 6.0014E-09 6.1081E-09 6.2150E-09 6.3219E-09 6.4289E-09 6.5358E-09 6.6471E-09 6.7537E-09 6.8598E-09 6.9653E-09 7.0702E-09 7.1744E-09 7.2776E-09 7.3799E-09 7.4810E-09 7.5809E-09 7.6845E-09 7.7818E-09 7.8774E-09 7.9713E-09 8.0634E-09 8.1536E-09 8.2417E-09 8.3277E-09 8.4113E-09 8.4991E-09 8.5780E-09 8.6543E-09 8.7279E-09 8.7987E-09 8.8666E-09 8.9316E-09 9.0003E-09 9.0591E-09 9.1148E-09 9.1672E-09 9.2162E-09 9.2619E-09
4.0475E-09 4.1347E-09 4.2231E-09 4.3165E-09 4.4076E-09 4.4998E-09 4.5932E-09 4.6916E-09 4.7873E-09 4.8841E-09 4.9819E-09 5.0805E-09 5.1800E-09 5.2844E-09 5.3857E-09 5.4875E-09 5.5900E-09 5.6929E-09 5.7963E-09 5.9000E-09 6.0086E-09 6.1130E-09 6.2174E-09 6.3218E-09 6.4262E-09 6.5303E-09 6.6341E-09 6.7421E-09 6.8451E-09 6.9475E-09 7.0491E-09 7.1499E-09 7.2497E-09 7.3485E-09 7.4460E-09 7.5422E-09 7.6370E-09 7.7303E-09 7.8218E-09 7.9167E-09 8.0047E-09 8.0908E-09 8.1748E-09 8.2565E-09 8.3360E-09 8.4130E-09 8.4875E-09 8.5594E-09 8.6287E-09 8.6951E-09 8.7587E-09 8.8193E-09 8.8833E-09 8.9379E-09 8.9893E-09 9.0375E-09 9.0824E-09
3.9901E-09 4.0790E-09 4.1656E-09 4.2534E-09 4.3460E-09 4.4363E-09 4.5277E-09 4.6201E-09 4.7136E-09 4.8120E-09 4.9076E-09 5.0040E-09 5.1012E-09 5.1993E-09 5.2979E-09 5.4015E-09 5.5016E-09 5.6022E-09 5.7032E-09 5.8045E-09 5.9060E-09 6.0077E-09 6.1140E-09 6.2160E-09 6.3178E-09 6.4194E-09 6.5208E-09 6.6217E-09 6.7220E-09 6.8218E-09 6.9255E-09 7.0239E-09 7.1213E-09 7.2176E-09 7.3128E-09 7.4068E-09 7.4993E-09 7.5903E-09 7.6798E-09 7.7675E-09 7.8534E-09 7.9373E-09 8.0193E-09 8.0991E-09 8.1816E-09 8.2569E-09 8.3298E-09 8.4001E-09 8.4679E-09 8.5329E-09 8.5952E-09 8.6546E-09 8.7111E-09 8.7646E-09 8.8151E-09 8.8624E-09 8.9066E-09
