Assets/Resources/2015_m01_d21_1500(utc+0800)_l00_csi_1hr_conc.grd
DSAA
         159         159
     -79.000      79.000
     -79.000      79.000
  0.1357E-10  0.2698E-05
[rows 25 to 49 of 159, columns 0 to 56 of 159]
1.4467E-10 1.5190E-10 1.5915E-10 1.6727E-10 1.7637E-10 1.8646E-10 1.9747E-10 2.0862E-10 2.1945E-10 2.3071E-10 2.4194E-10 2.5428E-10 2.6775E-10 2.8150E-10 2.9751E-10 3.2009E-10 3.4112E-10 3.6112E-10 3.7971E-10 3.9862E-10 4.1988E-10 4.4126E-10 4.6277E-10 4.8584E-10 5.0999E-10 5.3534E-10 5.6188E-10 5.8971E-10 6.1883E-10 6.4862E-10 6.7999E-10 7.1254E-10 7.4678E-10 7.8252E-10 8.1957E-10 8.5844E-10 8.9871E-10 9.4091E-10 9.8482E-10 1.0303E-09 1.0778E-09 1.1269E-09 1.1781E-09 1.2313E-09 1.2862E-09 1.3433E-09 1.4022E-09 1.4632E-09 1.5265E-09 1.5915E-09 1.6590E-09 1.7287E-09 1.8002E-09 1.8739E-09 1.9489E-09 2.0256E-09 2.1035E-09
1.4454E-10 1.5176E-10 1.5902E-10 1.6671E-10 1.7538E-10 1.8620E-10 1.9729E-10 2.0812E-10 2.1925E-10 2.3019E-10 2.4141E-10 2.5413E-10 2.6721E-10 2.8124E-10 2.9787E-10 3.2022E-10 3.4189E-10 3.6066E-10 3.7924E-10 3.9844E-10 4.1923E-10 4.4106E-10 4.6255E-10 4.8559E-10 5.0971E-10 5.3503E-10 5.6109E-10 5.8887E-10 6.1796E-10 6.4816E-10 6.7950E-10 7.1200E-10 7.4620E-10 7.8188E-10 8.1888E-10 8.5769E-10 8.9790E-10 9.4003E-10 9.8387E-10 1.0292E-09 1.0767E-09 1.1257E-09 1.1768E-09 1.2299E-09 1.2847E-09 1.3414E-09 1.4005E-09 1.4613E-09 1.5245E-09 1.5894E-09 1.6567E-09 1.7262E-09 1.7976E-09 1.8711E-09 1.9459E-09 2.0225E-09 2.1003E-09
1.4411E-10 1.5159E-10 1.5916E-10 1.6653E-10 1.7551E-10 1.8555E-10 1.9693E-10 2.0785E-10 2.1897E-10 2.2989E-10 2.4181E-10 2.5380E-10 2.6687E-10 2.8088E-10 2.9941E-10 3.2086E-10 3.4197E-10 3.6005E-10 3.7892E-10 3.9810E-10 4.1887E-10 4.4067E-10 4.6213E-10 4.8513E-10 5.0922E-10 5.3403E-10 5.6050E-10 5.8823E-10 6.1726E-10 6.4717E-10 6.7846E-10 7.1113E-10 7.4503E-10 7.8065E-10 8.1756E-10 8.5630E-10 8.9666E-10 9.3846E-10 9.8221E-10 1.0275E-09 1.0748E-09 1.1239E-09 1.1747E-09 1.2276E-09 1.2823E-09 1.3392E-09 1.3980E-09 1.4587E-09 1.5217E-09 1.5865E-09 1.6533E-09 1.7226E-09 1.7937E-09 1.8670E-09 1.9420E-09 2.0181E-09 2.0957E-09
1.4422E-10 1.5143E-10 1.5840E-10 1.6603E-10 1.7527E-10 1.8560E-10 1.9577E-10 2.0740E-10 2.1831E-10 2.2953E-10 2.4111E-10 2.5310E-10 2.6613E-10 2.8086E-10 2.9865E-10 3.2079E-10 3.4177E-10 3.5984E-10 3.7844E-10 3.9760E-10 4.1787E-10 4.3965E-10 4.6152E-10 4.8401E-10 5.0806E-10 5.3326E-10 5.5967E-10 5.8685E-10 6.1583E-10 6.4612E-10 6.7734E-10 7.0993E-10 7.4375E-10 7.7928E-10 8.1610E-10 8.5474E-10 8.9499E-10 9.3668E-10 9.8031E-10 1.0254E-09 1.0726E-09 1.1216E-09 1.1722E-09 1.2250E-09 1.2795E-09 1.3362E-09 1.3949E-09 1.4551E-09 1.5179E-09 1.5827E-09 1.6493E-09 1.7183E-09 1.7892E-09 1.8623E-09 1.9370E-09 2.0129E-09 2.0904E-09
1.4397E-10 1.5117E-10 1.5813E-10 1.6607E-10 1.7456E-10 1.8477E-10 1.9531E-10 2.0659E-10 2.1788E-10 2.2908E-10 2.4064E-10 2.5299E-10 2.6600E-10 2.8036E-10 2.9809E-10 3.2048E-10 3.4121E-10 3.5895E-10 3.7775E-10 3.9717E-10 4.1748E-10 4.3890E-10 4.6071E-10 4.8315E-10 5.0713E-10 5.3179E-10 5.5814E-10 5.8570E-10 6.1459E-10 6.4479E-10 6.7568E-10 7.0819E-10 7.4189E-10 7.7732E-10 8.1426E-10 8.5254E-10 8.9267E-10 9.3421E-10 9.7770E-10 1.0229E-09 1.0697E-09 1.1185E-09 1.1690E-09 1.2216E-09 1.2761E-09 1.3323E-09 1.3908E-09 1.4511E-09 1.5136E-09 1.5780E-09 1.6442E-09 1.7130E-09 1.7838E-09 1.8563E-09 1.9308E-09 2.0064E-09 2.0837E-09
1.4368E-10 1.5087E-10 1.5815E-10 1.6575E-10 1.7454E-10 1.8440E-10 1.9491E-10 2.0570E-10 2.1697E-10 2.2826E-10 2.4018E-10 2.5252E-10 2.6507E-10 2.7941E-10 2.9801E-10 3.1987E-10 3.4046E-10 3.5846E-10 3.7721E-10 3.9666E-10 4.1662E-10 4.3797E-10 4.5928E-10 4.8161E-10 5.0553E-10 5.3057E-10 5.5683E-10 5.8429E-10 6.1261E-10 6.4272E-10 6.7395E-10 7.0635E-10 7.3993E-10 7.7524E-10 8.1204E-10 8.5018E-10 8.9016E-10 9.3155E-10 9.7487E-10 1.0199E-09 1.0665E-09 1.1151E-09 1.1654E-09 1.2178E-09 1.2720E-09 1.3281E-09 1.3863E-09 1.4463E-09 1.5083E-09 1.5726E-09 1.6386E-09 1.7070E-09 1.7775E-09 1.8497E-09 1.9239E-09 1.9993E-09 2.0762E-09
1.4309E-10 1.5000E-10 1.5753E-10 1.6510E-10 1.7345E-10 1.8313E-10 1.9359E-10 2.0507E-10 2.1641E-10 2.2766E-10 2.3954E-10 2.5184E-10 2.6436E-10 2.7866E-10 2.9760E-10 3.1956E-10 3.4000E-10 3.5760E-10 3.7569E-10 3.9539E-10 4.1559E-10 4.3641E-10 4.5809E-10 4.8036E-10 5.0418E-10 5.2912E-10 5.5481E-10 5.8219E-10 6.1084E-10 6.4082E-10 6.7169E-10 7.0396E-10 7.3765E-10 7.7256E-10 8.0923E-10 8.4719E-10 8.8701E-10 9.2845E-10 9.7134E-10 1.0162E-09 1.0626E-09 1.1110E-09 1.1612E-09 1.2131E-09 1.2672E-09 1.3229E-09 1.3808E-09 1.4408E-09 1.5025E-09 1.5663E-09 1.6322E-09 1.7000E-09 1.7701E-09 1.8419E-09 1.9157E-09 1.9911E-09 2.0674E-09
1.4247E-10 1.4962E-10 1.5713E-10 1.6468E-10 1.7333E-10 1.8267E-10 1.9307E-10 2.0406E-10 2.1536E-10 2.2699E-10 2.3854E-10 2.5079E-10 2.6327E-10 2.7751E-10 2.9739E-10 3.1872E-10 3.3883E-10 3.5659E-10 3.7462E-10 3.9425E-10 4.1439E-10 4.3513E-10 4.5672E-10 4.7890E-10 5.0216E-10 5.2701E-10 5.5303E-10 5.8028E-10 6.0832E-10 6.3818E-10 6.6937E-10 7.0150E-10 7.3503E-10 7.6979E-10 8.0627E-10 8.4406E-10 8.8369E-10 9.2493E-10 9.6761E-10 1.0122E-09 1.0584E-09 1.1065E-09 1.1565E-09 1.2082E-09 1.2619E-09 1.3173E-09 1.3747E-09 1.4344E-09 1.4958E-09 1.5594E-09 1.6250E-09 1.6924E-09 1.7621E-09 1.8335E-09 1.9069E-09 1.9819E-09 2.0579E-09
1.4207E-10 1.4920E-10 1.5669E-10 1.6426E-10 1.7257E-10 1.8172E-10 1.9198E-10 2.0259E-10 2.1412E-10 2.2582E-10 2.3746E-10 2.4995E-10 2.6237E-10 2.7696E-10 2.9643E-10 3.1828E-10 3.3776E-10 3.5545E-10 3.7311E-10 3.9266E-10 4.1302E-10 4.3322E-10 4.5472E-10 4.7724E-10 5.0040E-10 5.2513E-10 5.5055E-10 5.7768E-10 6.0603E-10 6.3574E-10 6.6676E-10 6.9849E-10 7.3186E-10 7.6642E-10 8.0273E-10 8.4056E-10 8.7973E-10 9.2075E-10 9.6318E-10 1.0076E-09 1.0537E-09 1.1013E-09 1.1511E-09 1.2024E-09 1.2558E-09 1.3112E-09 1.3682E-09 1.4275E-09 1.4885E-09 1.5516E-09 1.6168E-09 1.6837E-09 1.7530E-09 1.8242E-09 1.8970E-09 1.9715E-09 2.0472E-09
1.4168E-10 1.4880E-10 1.5593E-10 1.6349E-10 1.7203E-10 1.8146E-10 1.9136E-10 2.0222E-10 2.1338E-10 2.2471E-10 2.3659E-10 2.4872E-10 2.6190E-10 2.7610E-10 2.9599E-10 3.1753E-10 3.3627E-10 3.5388E-10 3.7177E-10 3.9123E-10 4.1149E-10 4.3130E-10 4.5299E-10 4.7495E-10 4.9796E-10 5.2257E-10 5.4831E-10 5.7529E-10 6.0349E-10 6.3255E-10 6.6342E-10 6.9542E-10 7.2860E-10 7.6297E-10 7.9907E-10 8.3667E-10 8.7562E-10 9.1640E-10 9.5858E-10 1.0027E-09 1.0483E-09 1.0959E-09 1.1453E-09 1.1963E-09 1.2494E-09 1.3042E-09 1.3608E-09 1.4197E-09 1.4806E-09 1.5432E-09 1.6081E-09 1.6745E-09 1.7430E-09 1.8138E-09 1.8861E-09 1.9602E-09 2.0357E-09
1.4094E-10 1.4830E-10 1.5540E-10 1.6293E-10 1.7117E-10 1.8057E-10 1.8984E-10 2.0063E-10 2.1170E-10 2.2340E-10 2.3535E-10 2.4783E-10 2.6053E-10 2.7502E-10 2.9513E-10 3.1598E-10 3.3495E-10 3.5218E-10 3.7028E-10 3.8904E-10 4.0952E-10 4.2951E-10 4.5063E-10 4.7292E-10 4.9580E-10 5.2027E-10 5.4585E-10 5.7221E-10 6.0025E-10 6.2958E-10 6.6025E-10 6.9182E-10 7.2480E-10 7.5919E-10 7.9482E-10 8.3220E-10 8.7088E-10 9.1140E-10 9.5355E-10 9.9713E-10 1.0427E-09 1.0897E-09 1.1388E-09 1.1897E-09 1.2422E-09 1.2968E-09 1.3531E-09 1.4116E-09 1.4720E-09 1.5339E-09 1.5983E-09 1.6646E-09 1.7326E-09 1.8028E-09 1.8746E-09 1.9483E-09 2.0233E-09
1.4077E-10 1.4749E-10 1.5429E-10 1.6206E-10 1.7053E-10 1.7947E-10 1.8943E-10 1.9984E-10 2.1043E-10 2.2204E-10 2.3430E-10 2.4675E-10 2.5938E-10 2.7415E-10 2.9413E-10 3.1462E-10 3.3321E-10 3.5035E-10 3.6864E-10 3.8731E-10 4.0767E-10 4.2756E-10 4.4855E-10 4.7025E-10 4.9344E-10 5.1729E-10 5.4273E-10 5.6936E-10 5.9675E-10 6.2587E-10 6.5635E-10 6.8816E-10 7.2068E-10 7.5485E-10 7.9023E-10 8.2736E-10 8.6601E-10 9.0601E-10 9.4786E-10 9.9113E-10 1.0363E-09 1.0833E-09 1.1318E-09 1.1823E-09 1.2344E-09 1.2886E-09 1.3447E-09 1.4025E-09 1.4625E-09 1.5242E-09 1.5878E-09 1.6536E-09 1.7210E-09 1.7907E-09 1.8623E-09 1.9351E-09 2.0097E-09
1.4022E-10 1.4691E-10 1.5368E-10 1.6141E-10 1.6984E-10 1.7847E-10 1.8823E-10 1.9817E-10 2.0938E-10 2.2060E-10 2.3292E-10 2.4530E-10 2.5784E-10 2.7315E-10 2.9243E-10 3.1257E-10 3.3165E-10 3.4839E-10 3.6687E-10 3.8514E-10 4.0538E-10 4.2544E-10 4.4553E-10 4.6785E-10 4.9089E-10 5.1458E-10 5.3984E-10 5.6581E-10 5.9349E-10 6.2239E-10 6.5218E-10 6.8377E-10 7.1651E-10 7.5043E-10 7.8556E-10 8.2241E-10 8.6077E-10 9.0048E-10 9.4201E-10 9.8495E-10 1.0298E-09 1.0764E-09 1.1245E-09 1.1746E-09 1.2263E-09 1.2801E-09 1.3355E-09 1.3928E-09 1.4523E-09 1.5137E-09 1.5769E-09 1.6421E-09 1.7090E-09 1.7779E-09 1.8488E-09 1.9212E-09 1.9952E-09
1.3937E-10 1.4603E-10 1.5302E-10 1.6044E-10 1.6857E-10 1.7770E-10 1.8740E-10 1.9684E-10 2.0755E-10 2.1908E-10 2.3135E-10 2.4377E-10 2.5624E-10 2.7179E-10 2.9066E-10 3.1100E-10 3.3021E-10 3.4662E-10 3.6468E-10 3.8313E-10 4.0264E-10 4.2287E-10 4.4313E-10 4.6483E-10 4.8771E-10 5.1121E-10 5.3630E-10 5.6252E-10 5.8952E-10 6.1822E-10 6.4822E-10 6.7957E-10 7.1181E-10 7.4548E-10 7.8056E-10 8.1688E-10 8.5495E-10 8.9432E-10 9.3553E-10 9.7836E-10 1.0226E-09 1.0688E-09 1.1165E-09 1.1662E-09 1.2177E-09 1.2708E-09 1.3260E-09 1.3828E-09 1.4418E-09 1.5024E-09 1.5650E-09 1.6297E-09 1.6963E-09 1.7645E-09 1.8348E-09 1.9066E-09 1.9798E-09
1.3850E-10 1.4511E-10 1.5207E-10 1.5971E-10 1.6779E-10 1.7660E-10 1.8583E-10 1.9579E-10 2.0653E-10 2.1797E-10 2.2927E-10 2.4204E-10 2.5456E-10 2.7031E-10 2.8909E-10 3.0902E-10 3.2813E-10 3.4441E-10 3.6207E-10 3.8098E-10 4.0036E-10 4.2044E-10 4.4055E-10 4.6209E-10 4.8479E-10 5.0811E-10 5.3254E-10 5.5857E-10 5.8580E-10 6.1380E-10 6.4353E-10 6.7463E-10 7.0707E-10 7.4022E-10 7.7502E-10 8.1102E-10 8.4878E-10 8.8805E-10 9.2866E-10 9.7113E-10 1.0150E-09 1.0608E-09 1.1083E-09 1.1573E-09 1.2083E-09 1.2609E-09 1.3156E-09 1.3722E-09 1.4304E-09 1.4907E-09 1.5527E-09 1.6166E-09 1.6825E-09 1.7501E-09 1.8198E-09 1.8912E-09 1.9638E-09
1.3759E-10 1.4416E-10 1.5134E-10 1.5865E-10 1.6670E-10 1.7572E-10 1.8490E-10 1.9480E-10 2.0503E-10 2.1596E-10 2.2801E-10 2.4037E-10 2.5309E-10 2.6843E-10 2.8713E-10 3.0694E-10 3.2565E-10 3.4240E-10 3.5963E-10 3.7869E-10 3.9763E-10 4.1756E-10 4.3781E-10 4.5841E-10 4.8125E-10 5.0482E-10 5.2905E-10 5.5486E-10 5.8138E-10 6.0961E-10 6.3909E-10 6.6943E-10 7.0160E-10 7.3491E-10 7.6940E-10 8.0509E-10 8.4250E-10 8.8119E-10 9.2167E-10 9.6350E-10 1.0072E-09 1.0526E-09 1.0994E-09 1.1482E-09 1.1985E-09 1.2508E-09 1.3047E-09 1.3607E-09 1.4184E-09 1.4781E-09 1.5398E-09 1.6028E-09 1.6681E-09 1.7353E-09 1.8040E-09 1.8748E-09 1.9467E-09
1.3665E-10 1.4344E-10 1.5030E-10 1.5758E-10 1.6583E-10 1.7452E-10 1.8366E-10 1.9333E-10 2.0306E-10 2.1388E-10 2.2582E-10 2.3850E-10 2.5125E-10 2.6650E-10 2.8507E-10 3.0478E-10 3.2311E-10 3.3997E-10 3.5736E-10 3.7568E-10 3.9507E-10 4.1423E-10 4.3462E-10 4.5535E-10 4.7753E-10 5.0091E-10 5.2490E-10 5.5049E-10 5.7723E-10 6.0474E-10 6.3395E-10 6.6446E-10 6.9632E-10 7.2908E-10 7.6326E-10 7.9884E-10 8.3567E-10 8.7422E-10 9.1407E-10 9.5574E-10 9.9901E-10 1.0437E-09 1.0903E-09 1.1384E-09 1.1884E-09 1.2402E-09 1.2936E-09 1.3490E-09 1.4061E-09 1.4649E-09 1.5260E-09 1.5886E-09 1.6533E-09 1.7195E-09 1.7875E-09 1.8576E-09 1.9291E-09
1.3594E-10 1.4242E-10 1.4924E-10 1.5673E-10 1.6465E-10 1.7330E-10 1.8263E-10 1.9154E-10 2.0148E-10 2.1262E-10 2.2400E-10 2.3615E-10 2.4891E-10 2.6415E-10 2.8292E-10 3.0252E-10 3.2101E-10 3.3744E-10 3.5468E-10 3.7285E-10 3.9237E-10 4.1107E-10 4.3158E-10 4.5213E-10 4.7410E-10 4.9681E-10 5.2103E-10 5.4593E-10 5.7242E-10 5.9963E-10 6.2858E-10 6.5877E-10 6.9033E-10 7.2322E-10 7.5683E-10 7.9207E-10 8.2851E-10 8.6669E-10 9.0637E-10 9.4738E-10 9.9021E-10 1.0344E-09 1.0805E-09 1.1283E-09 1.1776E-09 1.2289E-09 1.2817E-09 1.3365E-09 1.3932E-09 1.4512E-09 1.5116E-09 1.5738E-09 1.6375E-09 1.7033E-09 1.7706E-09 1.8396E-09 1.9104E-09
1.3493E-10 1.4137E-10 1.4813E-10 1.5557E-10 1.6370E-10 1.7228E-10 1.8128E-10 1.9040E-10 2.0025E-10 2.1086E-10 2.2216E-10 2.3415E-10 2.4681E-10 2.6206E-10 2.8039E-10 3.0046E-10 3.1850E-10 3.3480E-10 3.5218E-10 3.6990E-10 3.8925E-10 4.0807E-10 4.2809E-10 4.4874E-10 4.6975E-10 4.9300E-10 5.1698E-10 5.4116E-10 5.6741E-10 5.9480E-10 6.2345E-10 6.5288E-10 6.8409E-10 7.1665E-10 7.5012E-10 7.8500E-10 8.2130E-10 8.5883E-10 8.9810E-10 9.3866E-10 9.8104E-10 1.0250E-09 1.0704E-09 1.1177E-09 1.1664E-09 1.2171E-09 1.2696E-09 1.3236E-09 1.3796E-09 1.4372E-09 1.4968E-09 1.5581E-09 1.6211E-09 1.6861E-09 1.7529E-09 1.8210E-09 1.8911E-09
1.3391E-10 1.4028E-10 1.4699E-10 1.5437E-10 1.6217E-10 1.7096E-10 1.7987E-10 1.8863E-10 1.9856E-10 2.0865E-10 2.1983E-10 2.3213E-10 2.4507E-10 2.5941E-10 2.7775E-10 2.9801E-10 3.1592E-10 3.3205E-10 3.4928E-10 3.6682E-10 3.8600E-10 4.0494E-10 4.2416E-10 4.4492E-10 4.6602E-10 4.8857E-10 5.1232E-10 5.3669E-10 5.6266E-10 5.8931E-10 6.1764E-10 6.4722E-10 6.7761E-10 7.0983E-10 7.4339E-10 7.7765E-10 8.1356E-10 8.5067E-10 8.8951E-10 9.2985E-10 9.7152E-10 1.0150E-09 1.0599E-09 1.1066E-09 1.1550E-09 1.2049E-09 1.2567E-09 1.3101E-09 1.3655E-09 1.4226E-09 1.4813E-09 1.5421E-09 1.6044E-09 1.6684E-09 1.7344E-09 1.8019E-09 1.8712E-09
1.3245E-10 1.3917E-10 1.4608E-10 1.5340E-10 1.6114E-10 1.6959E-10 1.7844E-10 1.8739E-10 1.9651E-10 2.0683E-10 2.1787E-10 2.2963E-10 2.4243E-10 2.5685E-10 2.7535E-10 2.9518E-10 3.1324E-10 3.2920E-10 3.4598E-10 3.6394E-10 3.8233E-10 4.0167E-10 4.2040E-10 4.4094E-10 4.6213E-10 4.8398E-10 5.0749E-10 5.3204E-10 5.5727E-10 5.8409E-10 6.1163E-10 6.4088E-10 6.7138E-10 7.0276E-10 7.3595E-10 7.7028E-10 8.0577E-10 8.4246E-10 8.8085E-10 9.2049E-10 9.6165E-10 1.0046E-09 1.0492E-09 1.0951E-09 1.1430E-09 1.1922E-09 1.2435E-09 1.2964E-09 1.3509E-09 1.4073E-09 1.4653E-09 1.5253E-09 1.5871E-09 1.6501E-09 1.7153E-09 1.7822E-09 1.8505E-09
1.3135E-10 1.3796E-10 1.4488E-10 1.5187E-10 1.5981E-10 1.6814E-10 1.7662E-10 1.8553E-10 1.9488E-10 2.0494E-10 2.1588E-10 2.2749E-10 2.3972E-10 2.5443E-10 2.7290E-10 2.9287E-10 3.1047E-10 3.2628E-10 3.4287E-10 3.6065E-10 3.7915E-10 3.9770E-10 4.1682E-10 4.3653E-10 4.5779E-10 4.7940E-10 5.0249E-10 5.2678E-10 5.5169E-10 5.7822E-10 6.0589E-10 6.3434E-10 6.6449E-10 6.9594E-10 7.2826E-10 7.6240E-10 7.9748E-10 8.3396E-10 8.7165E-10 9.1105E-10 9.5171E-10 9.9416E-10 1.0379E-09 1.0833E-09 1.1306E-09 1.1795E-09 1.2298E-09 1.2821E-09 1.3358E-09 1.3915E-09 1.4490E-09 1.5080E-09 1.5691E-09 1.6315E-09 1.6956E-09 1.7617E-09 1.8291E-09
1.3024E-10 1.3679E-10 1.4365E-10 1.5051E-10 1.5839E-10 1.6643E-10 1.7510E-10 1.8391E-10 1.9319E-10 2.0343E-10 2.1383E-10 2.2533E-10 2.3740E-10 2.5044E-10 2.6890E-10 2.8980E-10 3.0760E-10 3.2325E-10 3.3996E-10 3.5696E-10 3.7556E-10 3.9390E-10 4.1310E-10 4.3229E-10 4.5361E-10 4.7498E-10 4.9779E-10 5.2135E-10 5.4642E-10 5.7217E-10 5.9952E-10 6.2759E-10 6.5739E-10 6.8843E-10 7.2082E-10 7.5453E-10 7.8894E-10 8.2497E-10 8.6217E-10 9.0108E-10 9.4146E-10 9.8314E-10 1.0266E-09 1.0714E-09 1.1178E-09 1.1660E-09 1.2157E-09 1.2673E-09 1.3206E-09 1.3753E-09 1.4320E-09 1.4902E-09 1.5505E-09 1.6123E-09 1.6753E-09 1.7405E-09 1.8073E-09
1.2912E-10 1.3560E-10 1.4238E-10 1.4918E-10 1.5698E-10 1.6522E-10 1.7354E-10 1.8228E-10 1.9145E-10 2.0076E-10 2.1135E-10 2.2310E-10 2.3461E-10 2.4748E-10 2.6619E-10 2.8667E-10 3.0394E-10 3.2014E-10 3.3637E-10 3.5377E-10 3.7187E-10 3.9000E-10 4.0897E-10 4.2823E-10 4.4870E-10 4.7041E-10 4.9220E-10 5.1622E-10 5.4054E-10 5.6594E-10 5.9296E-10 6.2114E-10 6.5008E-10 6.8074E-10 7.1269E-10 7.4598E-10 7.8015E-10 8.1572E-10 8.5267E-10 8.9083E-10 9.3069E-10 9.7180E-10 1.0147E-09 1.0591E-09 1.1049E-09 1.1522E-09 1.2015E-09 1.2521E-09 1.3047E-09 1.3587E-09 1.4146E-09 1.4723E-09 1.5314E-09 1.5924E-09 1.6548E-09 1.7189E-09 1.7848E-09
1.2772E-10 1.3437E-10 1.4110E-10 1.4782E-10 1.5529E-10 1.6370E-10 1.7220E-10 1.8086E-10 1.8994E-10 1.9916E-10 2.0922E-10 2.2042E-10 2.3222E-10 2.4491E-10 2.6156E-10 2.8249E-10 3.0094E-10 3.1694E-10 3.3276E-10 3.4964E-10 3.6777E-10 3.8598E-10 4.0443E-10 4.2405E-10 4.4397E-10 4.6541E-10 4.8723E-10 5.1049E-10 5.3495E-10 5.6003E-10 5.8624E-10 6.1405E-10 6.4259E-10 6.7285E-10 7.0436E-10 7.3720E-10 7.7137E-10 8.0623E-10 8.4269E-10 8.8032E-10 9.1964E-10 9.6042E-10 1.0025E-09 1.0463E-09 1.0914E-09 1.1384E-09 1.1867E-09 1.2366E-09 1.2884E-09 1.3419E-09 1.3968E-09 1.4536E-09 1.5118E-09 1.5720E-09 1.6338E-09 1.6967E-09 1.7617E-09
