Assets/Resources/2015_m01_d12_1900(utc+0800)_l00_csi_1hr_conc.grd
DSAA
         159         159
     -79.000      79.000
     -79.000      79.000
  0.0000E+00  0.3461E-05
[rows 75 to 99 of 159, columns 0 to 56 of 159]
1.0521E-10 1.1528E-10 1.2585E-10 1.3669E-10 1.4808E-10 1.5911E-10 1.7058E-10 1.8329E-10 1.9669E-10 2.1011E-10 2.2540E-10 2.4078E-10 2.5801E-10 2.7626E-10 2.9605E-10 3.1773E-10 3.3961E-10 3.6369E-10 3.8853E-10 4.1304E-10 4.3725E-10 4.6755E-10 5.0273E-10 5.4033E-10 5.8522E-10 6.3747E-10 7.0360E-10 7.8609E-10 8.8680E-10 1.0182E-09 1.1896E-09 1.4004E-09 1.6748E-09 2.0359E-09 2.4818E-09 3.0564E-09 3.7596E-09 4.6314E-09 5.6674E-09 6.8774E-09 8.2518E-09 9.7604E-09 1.1413E-08 1.3151E-08 1.4965E-08 1.6794E-08 1.8607E-08 2.0332E-08 2.1907E-08 2.3277E-08 2.4412E-08 2.5203E-08 2.5662E-08 2.5784E-08 2.5600E-08 2.5121E-08 2.4373E-08
7.9694E-11 8.6214E-11 9.3525E-11 1.0146E-10 1.0991E-10 1.1922E-10 1.2890E-10 1.3841E-10 1.4813E-10 1.5900E-10 1.6973E-10 1.8195E-10 1.9376E-10 2.0696E-10 2.2133E-10 2.3784E-10 2.5486E-10 2.7251E-10 2.9049E-10 3.0751E-10 3.2556E-10 3.4417E-10 3.6530E-10 3.8747E-10 4.1322E-10 4.4988E-10 4.9665E-10 5.5705E-10 6.3203E-10 7.2731E-10 8.5572E-10 1.0166E-09 1.2271E-09 1.5141E-09 1.8808E-09 2.3650E-09 2.9646E-09 3.7211E-09 4.6121E-09 5.6709E-09 6.8958E-09 8.2721E-09 9.8088E-09 1.1447E-08 1.3190E-08 1.4969E-08 1.6774E-08 1.8549E-08 2.0231E-08 2.1795E-08 2.3153E-08 2.4296E-08 2.5219E-08 2.5911E-08 2.6362E-08 2.6597E-08 2.6606E-08
5.8472E-11 6.3358E-11 6.8628E-11 7.4211E-11 8.0137E-11 8.6555E-11 9.3852E-11 1.0086E-10 1.0824E-10 1.1592E-10 1.2417E-10 1.3242E-10 1.4171E-10 1.5183E-10 1.6248E-10 1.7375E-10 1.8662E-10 1.9898E-10 2.1041E-10 2.2206E-10 2.3436E-10 2.4705E-10 2.6127E-10 2.7678E-10 2.9560E-10 3.1997E-10 3.5089E-10 3.8936E-10 4.4275E-10 5.1166E-10 6.0721E-10 7.3555E-10 9.0363E-10 1.1395E-09 1.4347E-09 1.8332E-09 2.3273E-09 2.9648E-09 3.7358E-09 4.6615E-09 5.7458E-09 6.9628E-09 8.3482E-09 9.8502E-09 1.1475E-08 1.3168E-08 1.4904E-08 1.6657E-08 1.8363E-08 2.0008E-08 2.1554E-08 2.2986E-08 2.4278E-08 2.5429E-08 2.6422E-08 2.7277E-08 2.7976E-08
4.1380E-11 4.4758E-11 4.8106E-11 5.1869E-11 5.6220E-11 6.0840E-11 6.5360E-11 7.0812E-11 7.6328E-11 8.1777E-11 8.7534E-11 9.3750E-11 9.9768E-11 1.0669E-10 1.1494E-10 1.2348E-10 1.3160E-10 1.3964E-10 1.4761E-10 1.5591E-10 1.6518E-10 1.7541E-10 1.8573E-10 1.9749E-10 2.1070E-10 2.2689E-10 2.4859E-10 2.7571E-10 3.1363E-10 3.6557E-10 4.3902E-10 5.3291E-10 6.5892E-10 8.4293E-10 1.0815E-09 1.4131E-09 1.8240E-09 2.3537E-09 2.9988E-09 3.7794E-09 4.7186E-09 5.7885E-09 7.0115E-09 8.3533E-09 9.8236E-09 1.1388E-08 1.3025E-08 1.4686E-08 1.6363E-08 1.8026E-08 1.9675E-08 2.1281E-08 2.2841E-08 2.4319E-08 2.5724E-08 2.7036E-08 2.8282E-08
2.6910E-11 2.9726E-11 3.2705E-11 3.5692E-11 3.8361E-11 4.1006E-11 4.4083E-11 4.7544E-11 5.1105E-11 5.4740E-11 5.8301E-11 6.2938E-11 6.7336E-11 7.2592E-11 7.7900E-11 8.3425E-11 8.7860E-11 9.3085E-11 9.8223E-11 1.0356E-10 1.0990E-10 1.1695E-10 1.2514E-10 1.3523E-10 1.4574E-10 1.5728E-10 1.7113E-10 1.9233E-10 2.2101E-10 2.6012E-10 3.1647E-10 3.8639E-10 4.8316E-10 6.2834E-10 8.1006E-10 1.0684E-09 1.3983E-09 1.8364E-09 2.3799E-09 3.0318E-09 3.8242E-09 4.7392E-09 5.7959E-09 6.9685E-09 8.2763E-09 9.6747E-09 1.1154E-08 1.2690E-08 1.4283E-08 1.5915E-08 1.7580E-08 1.9254E-08 2.0941E-08 2.2611E-08 2.4269E-08 2.5919E-08 2.7631E-08
1.5391E-11 1.7188E-11 1.9158E-11 2.1430E-11 2.3574E-11 2.5836E-11 2.8560E-11 3.0924E-11 3.3503E-11 3.6406E-11 3.9142E-11 4.1537E-11 4.4106E-11 4.6434E-11 4.9054E-11 5.2005E-11 5.5021E-11 5.8034E-11 6.1375E-11 6.5650E-11 7.1023E-11 7.7077E-11 8.3420E-11 9.0040E-11 9.7994E-11 1.0674E-10 1.1565E-10 1.2692E-10 1.4580E-10 1.7525E-10 2.1774E-10 2.7426E-10 3.4734E-10 4.5855E-10 6.0361E-10 8.1207E-10 1.0751E-09 1.4182E-09 1.8607E-09 2.3969E-09 3.0544E-09 3.8195E-09 4.7121E-09 5.7207E-09 6.8347E-09 8.0480E-09 9.3495E-09 1.0734E-08 1.2188E-08 1.3716E-08 1.5319E-08 1.6977E-08 1.8673E-08 2.0412E-08 2.2178E-08 2.4063E-08 2.6131E-08
7.6853E-12 9.3511E-12 1.0754E-11 1.2291E-11 1.3316E-11 1.4456E-11 1.5943E-11 1.7813E-11 1.9325E-11 2.1532E-11 2.3684E-11 2.5620E-11 2.7414E-11 2.9149E-11 3.0744E-11 3.1704E-11 3.2521E-11 3.3725E-11 3.5639E-11 3.7990E-11 4.1302E-11 4.5430E-11 5.0238E-11 5.5454E-11 6.1178E-11 6.7642E-11 7.5309E-11 8.3787E-11 9.5790E-11 1.1282E-10 1.4249E-10 1.8458E-10 2.4098E-10 3.2929E-10 4.3869E-10 6.0122E-10 8.0930E-10 1.0826E-09 1.4319E-09 1.8620E-09 2.3972E-09 3.0240E-09 3.7583E-09 4.5910E-09 5.5185E-09 6.5379E-09 7.6496E-09 8.8540E-09 1.0148E-08 1.1517E-08 1.2982E-08 1.4527E-08 1.6141E-08 1.7848E-08 1.9647E-08 2.1685E-08 2.4018E-08
1.7697E-12 2.7296E-12 3.9832E-12 5.1546E-12 6.2417E-12 7.2705E-12 8.3635E-12 9.2347E-12 1.0240E-11 1.1543E-11 1.2621E-11 1.4040E-11 1.5401E-11 1.6582E-11 1.7308E-11 1.7753E-11 1.8453E-11 1.8937E-11 2.0490E-11 2.1812E-11 2.3879E-11 2.6380E-11 2.8878E-11 3.2913E-11 3.7111E-11 4.1894E-11 4.6238E-11 5.1063E-11 5.7139E-11 6.8118E-11 8.9021E-11 1.1896E-10 1.5851E-10 2.2637E-10 3.1123E-10 4.3240E-10 5.9254E-10 8.0340E-10 1.0824E-09 1.4163E-09 1.8381E-09 2.3404E-09 2.9220E-09 3.5925E-09 4.3441E-09 5.1790E-09 6.0930E-09 7.0919E-09 8.1863E-09 9.3666E-09 1.0643E-08 1.2019E-08 1.3480E-08 1.5072E-08 1.6883E-08 1.8957E-08 2.1441E-08
0.0000E+00 6.2744E-14 3.1096E-13 4.8928E-13 7.9089E-13 1.3323E-12 2.0184E-12 2.6298E-12 3.1831E-12 3.8362E-12 4.6560E-12 5.4316E-12 6.3617E-12 6.8837E-12 7.2961E-12 7.9450E-12 8.3335E-12 8.8633E-12 9.6096E-12 1.0512E-11 1.1974E-11 1.3611E-11 1.5724E-11 1.7740E-11 2.0715E-11 2.4369E-11 2.7819E-11 3.1604E-11 3.4498E-11 3.7777E-11 5.0333E-11 7.2504E-11 1.0132E-10 1.4793E-10 2.1225E-10 3.0470E-10 4.2347E-10 5.8118E-10 7.9376E-10 1.0549E-09 1.3780E-09 1.7647E-09 2.2150E-09 2.7335E-09 3.3215E-09 3.9781E-09 4.7120E-09 5.5109E-09 6.3935E-09 7.3619E-09 8.4166E-09 9.5749E-09 1.0853E-08 1.2286E-08 1.3992E-08 1.5999E-08 1.8458E-08
0.0000E+00 0.0000E+00 0.0000E+00 9.3028E-14 2.6632E-13 4.5433E-13 6.2863E-13 7.6319E-13 8.2911E-13 8.6833E-13 9.0364E-13 9.7060E-13 1.1828E-12 1.3382E-12 1.7737E-12 2.2095E-12 2.5538E-12 3.2674E-12 3.8198E-12 4.3919E-12 4.9464E-12 6.3156E-12 7.7148E-12 9.5371E-12 1.1616E-11 1.3546E-11 1.6361E-11 1.9183E-11 2.1749E-11 2.4224E-11 2.7025E-11 4.0732E-11 6.3175E-11 9.6755E-11 1.4037E-10 2.0646E-10 2.9645E-10 4.1164E-10 5.7020E-10 7.6350E-10 1.0029E-09 1.2889E-09 1.6277E-09 2.0179E-09 2.4598E-09 2.9524E-09 3.5093E-09 4.1272E-09 4.8080E-09 5.5639E-09 6.3992E-09 7.3237E-09 8.4005E-09 9.6469E-09 1.1155E-08 1.2973E-08 1.5231E-08
0.0000E+00 0.0000E+00 0.0000E+00 0.0000E+00 0.0000E+00 0.0000E+00 7.5845E-14 2.2578E-13 3.6402E-13 4.9440E-13 6.1542E-13 7.2553E-13 7.5887E-13 7.7480E-13 7.8605E-13 7.9241E-13 9.5951E-13 1.2645E-12 1.6402E-12 2.2222E-12 2.8351E-12 3.3761E-12 3.7572E-12 4.7820E-12 5.7521E-12 6.9060E-12 8.2720E-12 9.5834E-12 1.1445E-11 1.3572E-11 1.5447E-11 1.9398E-11 3.3880E-11 5.7321E-11 9.0451E-11 1.3336E-10 1.9789E-10 2.8392E-10 3.9521E-10 5.3519E-10 7.0579E-10 9.1324E-10 1.1530E-09 1.4338E-09 1.7607E-09 2.1175E-09 2.5200E-09 2.9680E-09 3.4618E-09 4.0236E-09 4.6557E-09 5.3658E-09 6.2227E-09 7.2340E-09 8.4779E-09 1.0019E-08 1.1940E-08
0.0000E+00 0.0000E+00 0.0000E+00 0.0000E+00 0.0000E+00 0.0000E+00 0.0000E+00 0.0000E+00 0.0000E+00 0.0000E+00 9.0615E-15 9.5980E-14 1.7156E-13 2.3452E-13 2.8357E-13 3.1746E-13 3.3494E-13 3.3473E-13 3.1549E-13 4.7228E-13 6.8978E-13 9.5433E-13 1.3952E-12 1.8801E-12 2.3063E-12 3.0537E-12 3.9010E-12 4.6167E-12 5.7846E-12 6.7408E-12 7.4581E-12 9.5755E-12 1.3512E-11 2.7779E-11 5.2121E-11 8.4723E-11 1.2792E-10 1.8623E-10 2.6593E-10 3.5922E-10 4.7705E-10 6.2258E-10 7.9118E-10 9.8214E-10 1.2025E-09 1.4496E-09 1.7249E-09 2.0396E-09 2.3846E-09 2.7751E-09 3.2252E-09 3.7452E-09 4.3914E-09 5.1511E-09 6.0933E-09 7.2911E-09 8.7746E-09
0.0000E+00 0.0000E+00 0.0000E+00 0.0000E+00 0.0000E+00 0.0000E+00 0.0000E+00 0.0000E+00 0.0000E+00 0.0000E+00 0.0000E+00 0.0000E+00 0.0000E+00 0.0000E+00 0.0000E+00 0.0000E+00 0.0000E+00 0.0000E+00 0.0000E+00 0.0000E+00 0.0000E+00 0.0000E+00 0.0000E+00 1.0672E-13 2.6303E-13 3.9437E-13 6.2419E-13 8.2456E-13 1.3320E-12 1.8214E-12 2.1939E-12 2.5451E-12 5.0380E-12 8.4741E-12 2.2844E-11 4.6499E-11 7.6432E-11 1.1426E-10 1.6605E-10 2.3261E-10 3.0907E-10 4.0143E-10 5.1501E-10 6.4222E-10 7.8737E-10 9.4810E-10 1.1252E-09 1.3282E-09 1.5569E-09 1.8134E-09 2.1243E-09 2.4760E-09 2.9175E-09 3.4504E-09 4.1066E-09 4.9380E-09 5.9867E-09
0.0000E+00 0.0000E+00 0.0000E+00 0.0000E+00 0.0000E+00 0.0000E+00 0.0000E+00 0.0000E+00 0.0000E+00 0.0000E+00 0.0000E+00 0.0000E+00 0.0000E+00 0.0000E+00 0.0000E+00 0.0000E+00 0.0000E+00 0.0000E+00 0.0000E+00 0.0000E+00 0.0000E+00 0.0000E+00 0.0000E+00 0.0000E+00 0.0000E+00 0.0000E+00 0.0000E+00 0.0000E+00 0.0000E+00 0.0000E+00 0.0000E+00 0.0000E+00 5.2066E-13 2.9251E-12 6.7771E-12 2.0279E-11 3.9699E-11 6.5350E-11 9.6511E-11 1.3795E-10 1.8999E-10 2.4785E-10 3.1730E-10 3.9676E-10 4.8420E-10 5.8528E-10 6.9535E-10 8.1807E-10 9.5884E-10 1.1179E-09 1.3165E-09 1.5428E-09 1.8145E-09 2.1507E-09 2.5688E-09 3.0849E-09 3.7500E-09
0.0000E+00 0.0000E+00 0.0000E+00 0.0000E+00 0.0000E+00 0.0000E+00 0.0000E+00 0.0000E+00 0.0000E+00 0.0000E+00 0.0000E+00 0.0000E+00 0.0000E+00 0.0000E+00 0.0000E+00 0.0000E+00 0.0000E+00 0.0000E+00 0.0000E+00 0.0000E+00 0.0000E+00 0.0000E+00 0.0000E+00 0.0000E+00 0.0000E+00 0.0000E+00 0.0000E+00 0.0000E+00 0.0000E+00 0.0000E+00 0.0000E+00 0.0000E+00 0.0000E+00 1.0400E-12 3.4162E-12 7.1704E-12 1.8092E-11 3.3591E-11 5.2422E-11 7.6129E-11 1.0647E-10 1.4173E-10 1.8243E-10 2.2874E-10 2.7909E-10 3.3566E-10 3.9989E-10 4.6856E-10 5.5176E-10 6.4853E-10 7.5445E-10 8.8875E-10 1.0442E-09 1.2322E-09 1.4648E-09 1.7660E-09 2.1231E-09
0.0000E+00 0.0000E+00 0.0000E+00 0.0000E+00 0.0000E+00 0.0000E+00 0.0000E+00 0.0000E+00 0.0000E+00 0.0000E+00 0.0000E+00 0.0000E+00 0.0000E+00 0.0000E+00 0.0000E+00 0.0000E+00 0.0000E+00 0.0000E+00 0.0000E+00 0.0000E+00 0.0000E+00 0.0000E+00 0.0000E+00 0.0000E+00 0.0000E+00 0.0000E+00 0.0000E+00 0.0000E+00 0.0000E+00 0.0000E+00 0.0000E+00 0.0000E+00 0.0000E+00 0.0000E+00 5.8447E-13 1.9290E-12 5.0042E-12 1.1727E-11 2.3596E-11 3.6956E-11 5.3457E-11 7.3329E-11 9.3876E-11 1.1795E-10 1.4694E-10 1.7622E-10 2.0967E-10 2.4638E-10 2.9183E-10 3.4572E-10 4.0019E-10 4.6470E-10 5.4737E-10 6.4346E-10 7.6123E-10 9.0345E-10 1.0755E-09
0.0000E+00 0.0000E+00 0.0000E+00 0.0000E+00 0.0000E+00 0.0000E+00 0.0000E+00 0.0000E+00 0.0000E+00 0.0000E+00 0.0000E+00 0.0000E+00 0.0000E+00 0.0000E+00 0.0000E+00 0.0000E+00 0.0000E+00 0.0000E+00 0.0000E+00 0.0000E+00 0.0000E+00 0.0000E+00 0.0000E+00 0.0000E+00 0.0000E+00 0.0000E+00 0.0000E+00 0.0000E+00 0.0000E+00 0.0000E+00 0.0000E+00 0.0000E+00 0.0000E+00 0.0000E+00 0.0000E+00 0.0000E+00 6.2220E-14 1.0848E-12 4.6343E-12 1.1248E-11 2.0297E-11 3.0194E-11 4.1250E-11 5.2005E-11 6.3996E-11 7.9501E-11 9.6670E-11 1.1592E-10 1.3650E-10 1.6115E-10 1.8740E-10 2.1335E-10 2.4607E-10 2.9121E-10 3.4887E-10 4.0889E-10 4.7464E-10
0.0000E+00 0.0000E+00 0.0000E+00 0.0000E+00 0.0000E+00 0.0000E+00 0.0000E+00 0.0000E+00 0.0000E+00 0.0000E+00 0.0000E+00 0.0000E+00 0.0000E+00 0.0000E+00 0.0000E+00 0.0000E+00 0.0000E+00 0.0000E+00 0.0000E+00 0.0000E+00 0.0000E+00 0.0000E+00 0.0000E+00 0.0000E+00 0.0000E+00 0.0000E+00 0.0000E+00 0.0000E+00 0.0000E+00 0.0000E+00 0.0000E+00 0.0000E+00 0.0000E+00 0.0000E+00 0.0000E+00 0.0000E+00 0.0000E+00 0.0000E+00 0.0000E+00 1.7818E-14 1.6683E-12 4.2670E-12 9.7815E-12 1.5893E-11 2.0512E-11 2.5693E-11 3.2234E-11 4.1493E-11 4.9915E-11 5.8344E-11 6.8523E-11 8.1164E-11 9.3772E-11 1.0918E-10 1.3337E-10 1.6164E-10 1.8622E-10
0.0000E+00 0.0000E+00 0.0000E+00 0.0000E+00 0.0000E+00 0.0000E+00 0.0000E+00 0.0000E+00 0.0000E+00 0.0000E+00 0.0000E+00 0.0000E+00 0.0000E+00 0.0000E+00 0.0000E+00 0.0000E+00 0.0000E+00 0.0000E+00 0.0000E+00 0.0000E+00 0.0000E+00 0.0000E+00 0.0000E+00 0.0000E+00 0.0000E+00 0.0000E+00 0.0000E+00 0.0000E+00 0.0000E+00 0.0000E+00 0.0000E+00 0.0000E+00 0.0000E+00 0.0000E+00 0.0000E+00 0.0000E+00 0.0000E+00 0.0000E+00 0.0000E+00 0.0000E+00 0.0000E+00 0.0000E+00 5.9009E-13 1.5741E-12 2.4080E-12 3.0111E-12 3.5313E-12 5.8882E-12 7.1190E-12 1.0542E-11 1.2319E-11 1.4286E-11 2.1096E-11 2.8405E-11 3.5223E-11 4.7604E-11 6.0143E-11
0.0000E+00 0.0000E+00 0.0000E+00 0.0000E+00 0.0000E+00 0.0000E+00 0.0000E+00 0.0000E+00 0.0000E+00 0.0000E+00 0.0000E+00 0.0000E+00 0.0000E+00 0.0000E+00 0.0000E+00 0.0000E+00 0.0000E+00 0.0000E+00 0.0000E+00 0.0000E+00 0.0000E+00 0.0000E+00 0.0000E+00 0.0000E+00 0.0000E+00 0.0000E+00 0.0000E+00 0.0000E+00 0.0000E+00 0.0000E+00 0.0000E+00 0.0000E+00 0.0000E+00 0.0000E+00 0.0000E+00 0.0000E+00 0.0000E+00 0.0000E+00 0.0000E+00 0.0000E+00 0.0000E+00 0.0000E+00 0.0000E+00 0.0000E+00 0.0000E+00 0.0000E+00 0.0000E+00 0.0000E+00 0.0000E+00 0.0000E+00 4.9887E-13 2.8789E-12 4.9651E-12 6.8582E-12 1.0096E-11 1.1889E-11 1.3610E-11
0.0000E+00 0.0000E+00 0.0000E+00 0.0000E+00 0.0000E+00 0.0000E+00 0.0000E+00 0.0000E+00 0.0000E+00 0.0000E+00 0.0000E+00 0.0000E+00 0.0000E+00 0.0000E+00 0.0000E+00 0.0000E+00 0.0000E+00 0.0000E+00 0.0000E+00 0.0000E+00 0.0000E+00 0.0000E+00 0.0000E+00 0.0000E+00 0.0000E+00 0.0000E+00 0.0000E+00 0.0000E+00 0.0000E+00 0.0000E+00 0.0000E+00 0.0000E+00 0.0000E+00 0.0000E+00 0.0000E+00 0.0000E+00 0.0000E+00 0.0000E+00 0.0000E+00 0.0000E+00 0.0000E+00 0.0000E+00 0.0000E+00 0.0000E+00 0.0000E+00 0.0000E+00 0.0000E+00 0.0000E+00 0.0000E+00 0.0000E+00 0.0000E+00 0.0000E+00 0.0000E+00 0.0000E+00 0.0000E+00 0.0000E+00 0.0000E+00
0.0000E+00 0.0000E+00 0.0000E+00 0.0000E+00 0.0000E+00 0.0000E+00 0.0000E+00 0.0000E+00 0.0000E+00 0.0000E+00 0.0000E+00 0.0000E+00 0.0000E+00 0.0000E+00 0.0000E+00 0.0000E+00 0.0000E+00 0.0000E+00 0.0000E+00 0.0000E+00 0.0000E+00 0.0000E+00 0.0000E+00 0.0000E+00 0.0000E+00 0.0000E+00 0.0000E+00 0.0000E+00 0.0000E+00 0.0000E+00 0.0000E+00 0.0000E+00 0.0000E+00 0.0000E+00 0.0000E+00 0.0000E+00 0.0000E+00 0.0000E+00 0.0000E+00 0.0000E+00 0.0000E+00 0.0000E+00 0.0000E+00 0.0000E+00 0.0000E+00 0.0000E+00 0.0000E+00 0.0000E+00 0.0000E+00 0.0000E+00 0.0000E+00 0.0000E+00 0.0000E+00 0.0000E+00 0.0000E+00 0.0000E+00 0.0000E+00
0.0000E+00 0.0000E+00 0.0000E+00 0.0000E+00 0.0000E+00 0.0000E+00 0.0000E+00 0.0000E+00 0.0000E+00 0.0000E+00 0.0000E+00 0.0000E+00 0.0000E+00 0.0000E+00 0.0000E+00 0.0000E+00 0.0000E+00 0.0000E+00 0.0000E+00 0.0000E+00 0.0000E+00 0.0000E+00 0.0000E+00 0.0000E+00 0.0000E+00 0.0000E+00 0.0000E+00 0.0000E+00 0.0000E+00 0.0000E+00 0.0000E+00 0.0000E+00 0.0000E+00 0.0000E+00 0.0000E+00 0.0000E+00 0.0000E+00 0.0000E+00 0.0000E+00 0.0000E+00 0.0000E+00 0.0000E+00 0.0000E+00 0.0000E+00 0.0000E+00 0.0000E+00 0.0000E+00 0.0000E+00 0.0000E+00 0.0000E+00 0.0000E+00 0.0000E+00 0.0000E+00 0.0000E+00 0.0000E+00 0.0000E+00 0.0000E+00
0.0000E+00 0.0000E+00 0.0000E+00 0.0000E+00 0.0000E+00 0.0000E+00 0.0000E+00 0.0000E+00 0.0000E+00 0.0000E+00 0.0000E+00 0.0000E+00 0.0000E+00 0.0000E+00 0.0000E+00 0.0000E+00 0.0000E+00 0.0000E+00 0.0000E+00 0.0000E+00 0.0000E+00 0.0000E+00 0.0000E+00 0.0000E+00 0.0000E+00 0.0000E+00 0.0000E+00 0.0000E+00 0.0000E+00 0.0000E+00 0.0000E+00 0.0000E+00 0.0000E+00 0.0000E+00 0.0000E+00 0.0000E+00 0.0000E+00 0.0000E+00 0.0000E+00 0.0000E+00 0.0000E+00 0.0000E+00 0.0000E+00 0.0000E+00 0.0000E+00 0.0000E+00 0.0000E+00 0.0000E+00 0.0000E+00 0.0000E+00 0.0000E+00 0.0000E+00 0.0000E+00 0.0000E+00 0.0000E+00 0.0000E+00 0.0000E+00
0.0000E+00 0.0000E+00 0.0000E+00 0.0000E+00 0.0000E+00 0.0000E+00 0.0000E+00 0.0000E+00 0.0000E+00 0.0000E+00 0.0000E+00 0.0000E+00 0.0000E+00 0.0000E+00 0.0000E+00 0.0000E+00 0.0000E+00 0.0000E+00 0.0000E+00 0.0000E+00 0.0000E+00 0.0000E+00 0.0000E+00 0.0000E+00 0.0000E+00 0.0000E+00 0.0000E+00 0.0000E+00 0.0000E+00 0.0000E+00 0.0000E+00 0.0000E+00 0.0000E+00 0.0000E+00 0.0000E+00 0.0000E+00 0.0000E+00 0.0000E+00 0.0000E+00 0.0000E+00 0.0000E+00 0.0000E+00 0.0000E+00 0.0000E+00 0.0000E+00 0.0000E+00 0.0000E+00 0.0000E+00 0.0000E+00 0.0000E+00 0.0000E+00 0.0000E+00 0.0000E+00 0.0000E+00 0.0000E+00 0.0000E+00 0.0000E+00
