Assets/Resources/2015_m01_d24_0100(utc+0800)_l00_csi_1hr_conc.grd
DSAA
         159         159
     -79.000      79.000
     -79.000      79.000
  0.1494E-10  0.1450E-04
[rows 125 to 149 of 159, columns 0 to 56 of 159]
2.5578E-11 2.6614E-11 2.7685E-11 2.8792E-11 2.9935E-11 3.1116E-11 3.2336E-11 3.3595E-11 3.4895E-11 3.6235E-11 3.7618E-11 3.9044E-11 4.0513E-11 4.2028E-11 4.3588E-11 4.5194E-11 4.6848E-11 4.8551E-11 5.0302E-11 5.2104E-11 5.3957E-11 5.5861E-11 5.7819E-11 5.9829E-11 6.1895E-11 6.4015E-11 6.6191E-11 6.8424E-11 7.0715E-11 7.3064E-11 7.5471E-11 7.7939E-11 8.0466E-11 8.3055E-11 8.5705E-11 8.8418E-11 9.1193E-11 9.4032E-11 9.6935E-11 9.9902E-11 1.0293E-10 1.0603E-10 1.0919E-10 1.1242E-10 1.1571E-10 1.1907E-10 1.2250E-10 1.2599E-10 1.2955E-10 1.3318E-10 1.3687E-10 1.4063E-10 1.4446E-10 1.4835E-10 1.5231E-10 1.5634E-10 1.6043E-10
2.5266E-11 2.6289E-11 2.7347E-11 2.8441E-11 2.9571E-11 3.0738E-11 3.1943E-11 3.3187E-11 3.4471E-11 3.5795E-11 3.7161E-11 3.8570E-11 4.0022E-11 4.1518E-11 4.3059E-11 4.4647E-11 4.6281E-11 4.7963E-11 4.9694E-11 5.1474E-11 5.3305E-11 5.5187E-11 5.7121E-11 5.9108E-11 6.1149E-11 6.3244E-11 6.5394E-11 6.7601E-11 6.9864E-11 7.2185E-11 7.4564E-11 7.7002E-11 7.9500E-11 8.2058E-11 8.4677E-11 8.7358E-11 9.0100E-11 9.2906E-11 9.5774E-11 9.8706E-11 1.0170E-10 1.0476E-10 1.0789E-10 1.1108E-10 1.1433E-10 1.1765E-10 1.2104E-10 1.2449E-10 1.2801E-10 1.3159E-10 1.3524E-10 1.3896E-10 1.4274E-10 1.4659E-10 1.5050E-10 1.5448E-10 1.5852E-10
2.4952E-11 2.5962E-11 2.7007E-11 2.8087E-11 2.9203E-11 3.0356E-11 3.1546E-11 3.2775E-11 3.4043E-11 3.5351E-11 3.6701E-11 3.8092E-11 3.9527E-11 4.1005E-11 4.2527E-11 4.4095E-11 4.5710E-11 4.7371E-11 4.9081E-11 5.0840E-11 5.2648E-11 5.4507E-11 5.6418E-11 5.8380E-11 6.0396E-11 6.2466E-11 6.4590E-11 6.6770E-11 6.9006E-11 7.1299E-11 7.3649E-11 7.6058E-11 7.8526E-11 8.1053E-11 8.3640E-11 8.6289E-11 8.8998E-11 9.1769E-11 9.4603E-11 9.7500E-11 1.0046E-10 1.0348E-10 1.0657E-10 1.0972E-10 1.1294E-10 1.1622E-10 1.1956E-10 1.2298E-10 1.2645E-10 1.2999E-10 1.3360E-10 1.3727E-10 1.4101E-10 1.4481E-10 1.4867E-10 1.5261E-10 1.5660E-10
2.4635E-11 2.5633E-11 2.6665E-11 2.7731E-11 2.8833E-11 2.9972E-11 3.1147E-11 3.2360E-11 3.3613E-11 3.4905E-11 3.6237E-11 3.7611E-11 3.9028E-11 4.0487E-11 4.1991E-11 4.3540E-11 4.5134E-11 4.6775E-11 4.8463E-11 5.0200E-11 5.1986E-11 5.3822E-11 5.5709E-11 5.7647E-11 5.9638E-11 6.1682E-11 6.3780E-11 6.5933E-11 6.8142E-11 7.0406E-11 7.2728E-11 7.5107E-11 7.7544E-11 8.0040E-11 8.2595E-11 8.5211E-11 8.7887E-11 9.0624E-11 9.3423E-11 9.6284E-11 9.9207E-11 1.0219E-10 1.0524E-10 1.0836E-10 1.1153E-10 1.1477E-10 1.1808E-10 1.2145E-10 1.2488E-10 1.2838E-10 1.3194E-10 1.3557E-10 1.3926E-10 1.4301E-10 1.4683E-10 1.5071E-10 1.5466E-10
2.4316E-11 2.5301E-11 2.6320E-11 2.7373E-11 2.8461E-11 2.9584E-11 3.0745E-11 3.1943E-11 3.3179E-11 3.4455E-11 3.5770E-11 3.7127E-11 3.8525E-11 3.9967E-11 4.1451E-11 4.2980E-11 4.4554E-11 4.6174E-11 4.7841E-11 4.9556E-11 5.1320E-11 5.3132E-11 5.4995E-11 5.6909E-11 5.8875E-11 6.0893E-11 6.2965E-11 6.5091E-11 6.7271E-11 6.9507E-11 7.1799E-11 7.4148E-11 7.6555E-11 7.9019E-11 8.1543E-11 8.4126E-11 8.6768E-11 8.9471E-11 9.2235E-11 9.5060E-11 9.7946E-11 1.0090E-10 1.0391E-10 1.0698E-10 1.1012E-10 1.1332E-10 1.1658E-10 1.1991E-10 1.2330E-10 1.2675E-10 1.3027E-10 1.3385E-10 1.3750E-10 1.4121E-10 1.4498E-10 1.4881E-10 1.5271E-10
2.3995E-11 2.4968E-11 2.5973E-11 2.7012E-11 2.8086E-11 2.9195E-11 3.0341E-11 3.1523E-11 3.2743E-11 3.4002E-11 3.5301E-11 3.6640E-11 3.8020E-11 3.9443E-11 4.0908E-11 4.2417E-11 4.3971E-11 4.5570E-11 4.7216E-11 4.8908E-11 5.0649E-11 5.2438E-11 5.4277E-11 5.6167E-11 5.8107E-11 6.0099E-11 6.2144E-11 6.4243E-11 6.6395E-11 6.8602E-11 7.0865E-11 7.3184E-11 7.5560E-11 7.7993E-11 8.0484E-11 8.3033E-11 8.5642E-11 8.8310E-11 9.1039E-11 9.3828E-11 9.6677E-11 9.9588E-11 1.0256E-10 1.0560E-10 1.0869E-10 1.1185E-10 1.1507E-10 1.1836E-10 1.2171E-10 1.2512E-10 1.2859E-10 1.3213E-10 1.3572E-10 1.3938E-10 1.4311E-10 1.4689E-10 1.5074E-10
2.3673E-11 2.4632E-11 2.5624E-11 2.6650E-11 2.7709E-11 2.8804E-11 2.9934E-11 3.1101E-11 3.2305E-11 3.3547E-11 3.4829E-11 3.6150E-11 3.7512E-11 3.8916E-11 4.0362E-11 4.1851E-11 4.3384E-11 4.4962E-11 4.6586E-11 4.8257E-11 4.9974E-11 5.1740E-11 5.3555E-11 5.5420E-11 5.7335E-11 5.9301E-11 6.1319E-11 6.3390E-11 6.5514E-11 6.7692E-11 6.9925E-11 7.2214E-11 7.4558E-11 7.6960E-11 7.9418E-11 8.1935E-11 8.4509E-11 8.7143E-11 8.9835E-11 9.2588E-11 9.5401E-11 9.8274E-11 1.0121E-10 1.0420E-10 1.0726E-10 1.1038E-10 1.1356E-10 1.1680E-10 1.2010E-10 1.2347E-10 1.2690E-10 1.3039E-10 1.3394E-10 1.3755E-10 1.4123E-10 1.4496E-10 1.4876E-10
2.3349E-11 2.4295E-11 2.5274E-11 2.6286E-11 2.7331E-11 2.8410E-11 2.9525E-11 3.0676E-11 3.1864E-11 3.3090E-11 3.4354E-11 3.5658E-11 3.7001E-11 3.8386E-11 3.9813E-11 4.1282E-11 4.2795E-11 4.4352E-11 4.5954E-11 4.7602E-11 4.9297E-11 5.1039E-11 5.2829E-11 5.4669E-11 5.6558E-11 5.8498E-11 6.0489E-11 6.2532E-11 6.4628E-11 6.6778E-11 6.8981E-11 7.1239E-11 7.3552E-11 7.5922E-11 7.8347E-11 8.0830E-11 8.3371E-11 8.5969E-11 8.8626E-11 9.1342E-11 9.4117E-11 9.6952E-11 9.9847E-11 1.0280E-10 1.0582E-10 1.0890E-10 1.1203E-10 1.1523E-10 1.1849E-10 1.2181E-10 1.2520E-10 1.2864E-10 1.3215E-10 1.3571E-10 1.3934E-10 1.4302E-10 1.4677E-10
2.3023E-11 2.3957E-11 2.4922E-11 2.5920E-11 2.6951E-11 2.8016E-11 2.9115E-11 3.0250E-11 3.1422E-11 3.2631E-11 3.3878E-11 3.5163E-11 3.6489E-11 3.7854E-11 3.9261E-11 4.0711E-11 4.2203E-11 4.3738E-11 4.5319E-11 4.6944E-11 4.8616E-11 5.0334E-11 5.2100E-11 5.3915E-11 5.5778E-11 5.7692E-11 5.9656E-11 6.1671E-11 6.3739E-11 6.5859E-11 6.8032E-11 7.0259E-11 7.2541E-11 7.4878E-11 7.7271E-11 7.9720E-11 8.2226E-11 8.4790E-11 8.7411E-11 9.0090E-11 9.2827E-11 9.5624E-11 9.8480E-11 1.0140E-10 1.0437E-10 1.0741E-10 1.1050E-10 1.1366E-10 1.1687E-10 1.2015E-10 1.2349E-10 1.2689E-10 1.3034E-10 1.3386E-10 1.3744E-10 1.4108E-10 1.4477E-10
2.2697E-11 2.3617E-11 2.4569E-11 2.5553E-11 2.6569E-11 2.7619E-11 2.8703E-11 2.9823E-11 3.0978E-11 3.2170E-11 3.3399E-11 3.4667E-11 3.5974E-11 3.7321E-11 3.8708E-11 4.0137E-11 4.1608E-11 4.3123E-11 4.4681E-11 4.6284E-11 4.7932E-11 4.9627E-11 5.1368E-11 5.3158E-11 5.4995E-11 5.6882E-11 5.8819E-11 6.0807E-11 6.2845E-11 6.4936E-11 6.7079E-11 6.9276E-11 7.1526E-11 7.3831E-11 7.6191E-11 7.8606E-11 8.1078E-11 8.3605E-11 8.6190E-11 8.8832E-11 9.1532E-11 9.4291E-11 9.7107E-11 9.9983E-11 1.0292E-10 1.0591E-10 1.0896E-10 1.1208E-10 1.1525E-10 1.1848E-10 1.2177E-10 1.2512E-10 1.2853E-10 1.3200E-10 1.3553E-10 1.3912E-10 1.4276E-10
2.2370E-11 2.3277E-11 2.4215E-11 2.5185E-11 2.6187E-11 2.7221E-11 2.8290E-11 2.9394E-11 3.0533E-11 3.1708E-11 3.2920E-11 3.4169E-11 3.5458E-11 3.6785E-11 3.8153E-11 3.9562E-11 4.1012E-11 4.2505E-11 4.4041E-11 4.5621E-11 4.7246E-11 4.8917E-11 5.0634E-11 5.2398E-11 5.4210E-11 5.6070E-11 5.7980E-11 5.9939E-11 6.1949E-11 6.4010E-11 6.6123E-11 6.8289E-11 7.0508E-11 7.2780E-11 7.5107E-11 7.7488E-11 7.9925E-11 8.2417E-11 8.4965E-11 8.7570E-11 9.0233E-11 9.2952E-11 9.5729E-11 9.8564E-11 1.0146E-10 1.0441E-10 1.0742E-10 1.1049E-10 1.1362E-10 1.1680E-10 1.2005E-10 1.2335E-10 1.2671E-10 1.3014E-10 1.3361E-10 1.3715E-10 1.4075E-10
2.2041E-11 2.2935E-11 2.3860E-11 2.4816E-11 2.5803E-11 2.6823E-11 2.7876E-11 2.8964E-11 3.0086E-11 3.1244E-11 3.2439E-11 3.3670E-11 3.4940E-11 3.6248E-11 3.7596E-11 3.8985E-11 4.0414E-11 4.1886E-11 4.3400E-11 4.4957E-11 4.6559E-11 4.8205E-11 4.9898E-11 5.1636E-11 5.3422E-11 5.5255E-11 5.7138E-11 5.9069E-11 6.1050E-11 6.3082E-11 6.5165E-11 6.7299E-11 6.9486E-11 7.1726E-11 7.4019E-11 7.6366E-11 7.8768E-11 8.1225E-11 8.3737E-11 8.6305E-11 8.8929E-11 9.1610E-11 9.4347E-11 9.7142E-11 9.9994E-11 1.0290E-10 1.0587E-10 1.0890E-10 1.1198E-10 1.1512E-10 1.1832E-10 1.2158E-10 1.2489E-10 1.2826E-10 1.3169E-10 1.3518E-10 1.3872E-10
2.1712E-11 2.2593E-11 2.3504E-11 2.4446E-11 2.5419E-11 2.6423E-11 2.7461E-11 2.8533E-11 2.9639E-11 3.0780E-11 3.1956E-11 3.3170E-11 3.4421E-11 3.5710E-11 3.7039E-11 3.8406E-11 3.9815E-11 4.1265E-11 4.2757E-11 4.4291E-11 4.5870E-11 4.7492E-11 4.9159E-11 5.0873E-11 5.2632E-11 5.4439E-11 5.6294E-11 5.8197E-11 6.0149E-11 6.2151E-11 6.4203E-11 6.6307E-11 6.8462E-11 7.0669E-11 7.2929E-11 7.5242E-11 7.7609E-11 8.0030E-11 8.2506E-11 8.5036E-11 8.7622E-11 9.0264E-11 9.2961E-11 9.5716E-11 9.8526E-11 1.0139E-10 1.0432E-10 1.0730E-10 1.1034E-10 1.1343E-10 1.1659E-10 1.1980E-10 1.2306E-10 1.2639E-10 1.2977E-10 1.3320E-10 1.3670E-10
2.1383E-11 2.2251E-11 2.3148E-11 2.4075E-11 2.5034E-11 2.6023E-11 2.7046E-11 2.8101E-11 2.9190E-11 3.0314E-11 3.1474E-11 3.2669E-11 3.3901E-11 3.5171E-11 3.6480E-11 3.7827E-11 3.9215E-11 4.0643E-11 4.2113E-11 4.3625E-11 4.5179E-11 4.6777E-11 4.8420E-11 5.0108E-11 5.1841E-11 5.3621E-11 5.5448E-11 5.7323E-11 5.9246E-11 6.1219E-11 6.3241E-11 6.5313E-11 6.7436E-11 6.9610E-11 7.1837E-11 7.4116E-11 7.6448E-11 7.8833E-11 8.1272E-11 8.3765E-11 8.6313E-11 8.8915E-11 9.1573E-11 9.4287E-11 9.7056E-11 9.9881E-11 1.0276E-10 1.0570E-10 1.0869E-10 1.1174E-10 1.1485E-10 1.1801E-10 1.2123E-10 1.2451E-10 1.2784E-10 1.3122E-10 1.3466E-10
2.1053E-11 2.1908E-11 2.2791E-11 2.3705E-11 2.4648E-11 2.5623E-11 2.6630E-11 2.7669E-11 2.8742E-11 2.9849E-11 3.0990E-11 3.2168E-11 3.3381E-11 3.4632E-11 3.5920E-11 3.7248E-11 3.8614E-11 4.0021E-11 4.1468E-11 4.2957E-11 4.4488E-11 4.6062E-11 4.7680E-11 4.9342E-11 5.1049E-11 5.2802E-11 5.4602E-11 5.6448E-11 5.8343E-11 6.0285E-11 6.2277E-11 6.4318E-11 6.6409E-11 6.8550E-11 7.0743E-11 7.2988E-11 7.5284E-11 7.7634E-11 8.0036E-11 8.2492E-11 8.5001E-11 8.7565E-11 9.0183E-11 9.2855E-11 9.5583E-11 9.8366E-11 1.0120E-10 1.0410E-10 1.0705E-10 1.1005E-10 1.1311E-10 1.1623E-10 1.1940E-10 1.2262E-10 1.2590E-10 1.2924E-10 1.3263E-10
2.0724E-11 2.1565E-11 2.2435E-11 2.3334E-11 2.4263E-11 2.5223E-11 2.6214E-11 2.7237E-11 2.8293E-11 2.9383E-11 3.0507E-11 3.1666E-11 3.2861E-11 3.4092E-11 3.5361E-11 3.6667E-11 3.8013E-11 3.9398E-11 4.0823E-11 4.2289E-11 4.3796E-11 4.5346E-11 4.6939E-11 4.8576E-11 5.0257E-11 5.1983E-11 5.3755E-11 5.5573E-11 5.7438E-11 5.9351E-11 6.1312E-11 6.3321E-11 6.5380E-11 6.7489E-11 6.9649E-11 7.1859E-11 7.4120E-11 7.6434E-11 7.8799E-11 8.1217E-11 8.3689E-11 8.6213E-11 8.8791E-11 9.1423E-11 9.4109E-11 9.6849E-11 9.9644E-11 1.0249E-10 1.0540E-10 1.0836E-10 1.1137E-10 1.1444E-10 1.1756E-10 1.2074E-10 1.2397E-10 1.2725E-10 1.3059E-10
2.0394E-11 2.1222E-11 2.2078E-11 2.2963E-11 2.3877E-11 2.4822E-11 2.5798E-11 2.6805E-11 2.7844E-11 2.8917E-11 3.0023E-11 3.1164E-11 3.2340E-11 3.3552E-11 3.4801E-11 3.6087E-11 3.7412E-11 3.8775E-11 4.0178E-11 4.1621E-11 4.3105E-11 4.4630E-11 4.6198E-11 4.7809E-11 4.9464E-11 5.1163E-11 5.2907E-11 5.4697E-11 5.6533E-11 5.8416E-11 6.0347E-11 6.2325E-11 6.4352E-11 6.6428E-11 6.8554E-11 7.0730E-11 7.2956E-11 7.5233E-11 7.7562E-11 7.9943E-11 8.2375E-11 8.4861E-11 8.7399E-11 8.9990E-11 9.2634E-11 9.5332E-11 9.8083E-11 1.0089E-10 1.0375E-10 1.0666E-10 1.0963E-10 1.1265E-10 1.1572E-10 1.1885E-10 1.2203E-10 1.2526E-10 1.2855E-10
2.0064E-11 2.0879E-11 2.1722E-11 2.2592E-11 2.3492E-11 2.4422E-11 2.5382E-11 2.6373E-11 2.7396E-11 2.8451E-11 2.9540E-11 3.0662E-11 3.1820E-11 3.3013E-11 3.4242E-11 3.5507E-11 3.6811E-11 3.8152E-11 3.9532E-11 4.0953E-11 4.2413E-11 4.3914E-11 4.5458E-11 4.7043E-11 4.8672E-11 5.0344E-11 5.2060E-11 5.3822E-11 5.5629E-11 5.7482E-11 5.9382E-11 6.1329E-11 6.3324E-11 6.5367E-11 6.7459E-11 6.9600E-11 7.1792E-11 7.4033E-11 7.6325E-11 7.8668E-11 8.1062E-11 8.3508E-11 8.6006E-11 8.8557E-11 9.1159E-11 9.3815E-11 9.6523E-11 9.9284E-11 1.0210E-10 1.0496E-10 1.0788E-10 1.1086E-10 1.1388E-10 1.1696E-10 1.2009E-10 1.2328E-10 1.2651E-10
1.9735E-11 2.0537E-11 2.1365E-11 2.2222E-11 2.3107E-11 2.4022E-11 2.4966E-11 2.5941E-11 2.6947E-11 2.7986E-11 2.9057E-11 3.0161E-11 3.1300E-11 3.2474E-11 3.3683E-11 3.4928E-11 3.6210E-11 3.7530E-11 3.8888E-11 4.0285E-11 4.1722E-11 4.3199E-11 4.4717E-11 4.6277E-11 4.7880E-11 4.9525E-11 5.1214E-11 5.2947E-11 5.4725E-11 5.6548E-11 5.8417E-11 6.0333E-11 6.2296E-11 6.4306E-11 6.6365E-11 6.8472E-11 7.0628E-11 7.2834E-11 7.5089E-11 7.7394E-11 7.9750E-11 8.2157E-11 8.4615E-11 8.7124E-11 8.9685E-11 9.2298E-11 9.4963E-11 9.7680E-11 1.0045E-10 1.0327E-10 1.0614E-10 1.0907E-10 1.1205E-10 1.1508E-10 1.1816E-10 1.2129E-10 1.2447E-10
1.9407E-11 2.0195E-11 2.1010E-11 2.1852E-11 2.2723E-11 2.3622E-11 2.4551E-11 2.5510E-11 2.6500E-11 2.7521E-11 2.8575E-11 2.9661E-11 3.0781E-11 3.1935E-11 3.3124E-11 3.4349E-11 3.5610E-11 3.6908E-11 3.8244E-11 3.9619E-11 4.1032E-11 4.2485E-11 4.3978E-11 4.5513E-11 4.7089E-11 4.8707E-11 5.0368E-11 5.2073E-11 5.3822E-11 5.5615E-11 5.7454E-11 5.9339E-11 6.1270E-11 6.3247E-11 6.5272E-11 6.7345E-11 6.9466E-11 7.1635E-11 7.3854E-11 7.6122E-11 7.8439E-11 8.0807E-11 8.3225E-11 8.5694E-11 8.8213E-11 9.0783E-11 9.3405E-11 9.6077E-11 9.8801E-11 1.0158E-10 1.0440E-10 1.0728E-10 1.1021E-10 1.1319E-10 1.1622E-10 1.1930E-10 1.2244E-10
1.9079E-11 1.9854E-11 2.0655E-11 2.1483E-11 2.2339E-11 2.3224E-11 2.4137E-11 2.5080E-11 2.6053E-11 2.7057E-11 2.8093E-11 2.9162E-11 3.0263E-11 3.1398E-11 3.2567E-11 3.3772E-11 3.5012E-11 3.6288E-11 3.7602E-11 3.8953E-11 4.0343E-11 4.1772E-11 4.3241E-11 4.4749E-11 4.6299E-11 4.7891E-11 4.9524E-11 5.1201E-11 5.2921E-11 5.4684E-11 5.6493E-11 5.8346E-11 6.0245E-11 6.2190E-11 6.4181E-11 6.6219E-11 6.8305E-11 7.0439E-11 7.2621E-11 7.4851E-11 7.7131E-11 7.9459E-11 8.1837E-11 8.4265E-11 8.6743E-11 8.9271E-11 9.1849E-11 9.4477E-11 9.7156E-11 9.9886E-11 1.0267E-10 1.0550E-10 1.0838E-10 1.1131E-10 1.1429E-10 1.1732E-10 1.2040E-10
1.8751E-11 1.9513E-11 2.0301E-11 2.1115E-11 2.1957E-11 2.2826E-11 2.3724E-11 2.4651E-11 2.5608E-11 2.6595E-11 2.7613E-11 2.8663E-11 2.9746E-11 3.0862E-11 3.2011E-11 3.3195E-11 3.4414E-11 3.5669E-11 3.6961E-11 3.8290E-11 3.9656E-11 4.1061E-11 4.2504E-11 4.3988E-11 4.5512E-11 4.7076E-11 4.8682E-11 5.0330E-11 5.2021E-11 5.3755E-11 5.5533E-11 5.7355E-11 5.9222E-11 6.1134E-11 6.3092E-11 6.5096E-11 6.7147E-11 6.9245E-11 7.1390E-11 7.3583E-11 7.5824E-11 7.8114E-11 8.0452E-11 8.2839E-11 8.5275E-11 8.7761E-11 9.0296E-11 9.2880E-11 9.5515E-11 9.8199E-11 1.0093E-10 1.0372E-10 1.0655E-10 1.0943E-10 1.1236E-10 1.1534E-10 1.1837E-10
1.8425E-11 1.9174E-11 1.9948E-11 2.0748E-11 2.1575E-11 2.2430E-11 2.3312E-11 2.4223E-11 2.5163E-11 2.6134E-11 2.7134E-11 2.8167E-11 2.9231E-11 3.0327E-11 3.1457E-11 3.2621E-11 3.3819E-11 3.5052E-11 3.6322E-11 3.7627E-11 3.8970E-11 4.0351E-11 4.1770E-11 4.3228E-11 4.4726E-11 4.6264E-11 4.7842E-11 4.9462E-11 5.1124E-11 5.2829E-11 5.4576E-11 5.6367E-11 5.8202E-11 6.0082E-11 6.2006E-11 6.3976E-11 6.5992E-11 6.8054E-11 7.0163E-11 7.2318E-11 7.4521E-11 7.6772E-11 7.9070E-11 8.1417E-11 8.3812E-11 8.6255E-11 8.8747E-11 9.1288E-11 9.3877E-11 9.6515E-11 9.9202E-11 1.0194E-10 1.0472E-10 1.0756E-10 1.1044E-10 1.1337E-10 1.1635E-10
1.8100E-11 1.8836E-11 1.9596E-11 2.0383E-11 2.1195E-11 2.2035E-11 2.2902E-11 2.3797E-11 2.4721E-11 2.5674E-11 2.6657E-11 2.7671E-11 2.8717E-11 2.9794E-11 3.0904E-11 3.2048E-11 3.3225E-11 3.4437E-11 3.5684E-11 3.6968E-11 3.8287E-11 3.9644E-11 4.1038E-11 4.2471E-11 4.3943E-11 4.5454E-11 4.7005E-11 4.8597E-11 5.0230E-11 5.1905E-11 5.3622E-11 5.5382E-11 5.7185E-11 5.9032E-11 6.0924E-11 6.2860E-11 6.4840E-11 6.6867E-11 6.8939E-11 7.1057E-11 7.3222E-11 7.5434E-11 7.7693E-11 7.9999E-11 8.2352E-11 8.4753E-11 8.7202E-11 8.9699E-11 9.2244E-11 9.4837E-11 9.7478E-11 1.0017E-10 1.0290E-10 1.0569E-10 1.0852E-10 1.1140E-10 1.1433E-10
1.7776E-11 1.8499E-11 1.9246E-11 2.0018E-11 2.0817E-11 2.1641E-11 2.2493E-11 2.3372E-11 2.4279E-11 2.5216E-11 2.6182E-11 2.7178E-11 2.8205E-11 2.9263E-11 3.0354E-11 3.1477E-11 3.2634E-11 3.3824E-11 3.5050E-11 3.6310E-11 3.7606E-11 3.8939E-11 4.0309E-11 4.1716E-11 4.3162E-11 4.4647E-11 4.6171E-11 4.7735E-11 4.9339E-11 5.0985E-11 5.2671E-11 5.4400E-11 5.6172E-11 5.7987E-11 5.9845E-11 6.1747E-11 6.3693E-11 6.5684E-11 6.7719E-11 6.9801E-11 7.1928E-11 7.4101E-11 7.6320E-11 7.8585E-11 8.0898E-11 8.3257E-11 8.5663E-11 8.8116E-11 9.0616E-11 9.3164E-11 9.5758E-11 9.8401E-11 1.0109E-10 1.0383E-10 1.0661E-10 1.0944E-10 1.1231E-10
