Assets/Resources/2015_m01_d28_2200(utc+0800)_l00_csi_1hr_conc.grd
DSAA
         159         159
     -79.000      79.000
     -79.000      79.000
  0.0000E+00  0.9692E-05
[rows 0 to 24 of 159, columns 57 to 113 of 159]
1.2584E-09 1.1327E-09 1.0151E-09 9.0600E-10 8.0529E-10 7.1250E-10 6.2730E-10 5.4861E-10 4.7569E-10 4.1189E-10 3.5263E-10 3.0077E-10 2.4986E-10 2.0424E-10 1.6611E-10 1.2934E-10 1.0120E-10 7.7202E-11 5.7297E-11 4.1691E-11 2.8089E-11 1.7491E-11 8.7505E-12 1.6887E-12 0.0000E+00 0.0000E+00 0.0000E+00 0.0000E+00 0.0000E+00 0.0000E+00 0.0000E+00 0.0000E+00 0.0000E+00 0.0000E+00 0.0000E+00 0.0000E+00 0.0000E+00 0.0000E+00 0.0000E+00 0.0000E+00 0.0000E+00 0.0000E+00 0.0000E+00 0.0000E+00 0.0000E+00 0.0000E+00 0.0000E+00 0.0000E+00 0.0000E+00 0.0000E+00 0.0000E+00 0.0000E+00 0.0000E+00 0.0000E+00 0.0000E+00 0.0000E+00 0.0000E+00
1.3436E-09 1.2115E-09 1.0881E-09 9.7295E-10 8.6616E-10 7.6807E-10 6.7805E-10 5.9414E-10 5.1655E-10 4.4887E-10 3.8527E-10 3.2996E-10 2.7707E-10 2.2699E-10 1.8452E-10 1.4531E-10 1.1393E-10 8.7595E-11 6.5221E-11 4.7705E-11 3.2310E-11 2.0886E-11 1.1830E-11 3.3767E-12 1.4146E-13 0.0000E+00 0.0000E+00 0.0000E+00 0.0000E+00 0.0000E+00 0.0000E+00 0.0000E+00 0.0000E+00 0.0000E+00 0.0000E+00 0.0000E+00 0.0000E+00 0.0000E+00 0.0000E+00 0.0000E+00 0.0000E+00 0.0000E+00 0.0000E+00 0.0000E+00 0.0000E+00 0.0000E+00 0.0000E+00 0.0000E+00 0.0000E+00 0.0000E+00 0.0000E+00 0.0000E+00 0.0000E+00 0.0000E+00 0.0000E+00 0.0000E+00 0.0000E+00
1.4362E-09 1.2976E-09 1.1674E-09 1.0461E-09 9.3347E-10 8.2921E-10 7.3331E-10 6.4405E-10 5.6083E-10 4.8823E-10 4.1963E-10 3.5994E-10 3.0522E-10 2.5181E-10 2.0547E-10 1.6234E-10 1.2825E-10 9.9018E-11 7.3683E-11 5.4530E-11 3.7269E-11 2.4537E-11 1.5149E-11 6.0042E-12 4.6723E-13 0.0000E+00 0.0000E+00 0.0000E+00 0.0000E+00 0.0000E+00 0.0000E+00 0.0000E+00 0.0000E+00 0.0000E+00 0.0000E+00 0.0000E+00 0.0000E+00 0.0000E+00 0.0000E+00 0.0000E+00 0.0000E+00 0.0000E+00 0.0000E+00 0.0000E+00 0.0000E+00 0.0000E+00 0.0000E+00 0.0000E+00 0.0000E+00 0.0000E+00 0.0000E+00 0.0000E+00 0.0000E+00 0.0000E+00 0.0000E+00 0.0000E+00 0.0000E+00
1.5308E-09 1.3856E-09 1.2492E-09 1.1213E-09 1.0022E-09 8.9214E-10 7.9057E-10 6.9580E-10 6.0720E-10 5.2988E-10 4.5697E-10 3.9270E-10 3.3352E-10 2.7761E-10 2.2704E-10 1.7966E-10 1.4260E-10 1.1127E-10 8.3301E-11 6.2161E-11 4.3024E-11 2.8180E-11 1.7990E-11 8.5835E-12 1.4691E-12 0.0000E+00 0.0000E+00 0.0000E+00 0.0000E+00 0.0000E+00 0.0000E+00 0.0000E+00 0.0000E+00 0.0000E+00 0.0000E+00 0.0000E+00 0.0000E+00 0.0000E+00 0.0000E+00 0.0000E+00 0.0000E+00 0.0000E+00 0.0000E+00 0.0000E+00 0.0000E+00 0.0000E+00 0.0000E+00 0.0000E+00 0.0000E+00 0.0000E+00 0.0000E+00 0.0000E+00 0.0000E+00 0.0000E+00 0.0000E+00 0.0000E+00 0.0000E+00
1.6361E-09 1.4840E-09 1.3404E-09 1.2061E-09 1.0805E-09 9.6365E-10 8.5577E-10 7.5474E-10 6.5971E-10 5.7626E-10 4.9830E-10 4.2893E-10 3.6498E-10 3.0541E-10 2.5115E-10 1.9994E-10 1.5970E-10 1.2569E-10 9.4893E-11 7.1060E-11 4.9807E-11 3.2459E-11 2.1146E-11 1.1113E-11 3.6011E-12 1.1468E-13 0.0000E+00 0.0000E+00 0.0000E+00 0.0000E+00 0.0000E+00 0.0000E+00 0.0000E+00 0.0000E+00 0.0000E+00 0.0000E+00 0.0000E+00 0.0000E+00 0.0000E+00 0.0000E+00 0.0000E+00 0.0000E+00 0.0000E+00 0.0000E+00 0.0000E+00 0.0000E+00 0.0000E+00 0.0000E+00 0.0000E+00 0.0000E+00 0.0000E+00 0.0000E+00 0.0000E+00 0.0000E+00 0.0000E+00 0.0000E+00 0.0000E+00
1.7437E-09 1.5851E-09 1.4349E-09 1.2933E-09 1.1609E-09 1.0376E-09 9.2311E-10 8.1548E-10 7.1454E-10 6.2462E-10 5.4066E-10 4.6706E-10 3.9845E-10 3.3591E-10 2.7711E-10 2.2157E-10 1.7718E-10 1.4031E-10 1.0710E-10 8.0349E-11 5.7834E-11 3.7762E-11 2.4822E-11 1.3661E-11 5.4986E-12 3.9732E-13 0.0000E+00 0.0000E+00 0.0000E+00 0.0000E+00 0.0000E+00 0.0000E+00 0.0000E+00 0.0000E+00 0.0000E+00 0.0000E+00 0.0000E+00 0.0000E+00 0.0000E+00 0.0000E+00 0.0000E+00 0.0000E+00 0.0000E+00 0.0000E+00 0.0000E+00 0.0000E+00 0.0000E+00 0.0000E+00 0.0000E+00 0.0000E+00 0.0000E+00 0.0000E+00 0.0000E+00 0.0000E+00 0.0000E+00 0.0000E+00 0.0000E+00
1.8613E-09 1.6952E-09 1.5376E-09 1.3892E-09 1.2496E-09 1.1189E-09 9.9665E-10 8.8186E-10 7.7439E-10 6.7730E-10 5.8666E-10 5.0664E-10 4.3323E-10 3.6636E-10 3.0352E-10 2.4393E-10 1.9563E-10 1.5579E-10 1.1960E-10 9.0547E-11 6.6041E-11 4.4576E-11 2.8103E-11 1.6457E-11 7.6527E-12 1.7156E-12 0.0000E+00 0.0000E+00 0.0000E+00 0.0000E+00 0.0000E+00 0.0000E+00 0.0000E+00 0.0000E+00 0.0000E+00 0.0000E+00 0.0000E+00 0.0000E+00 0.0000E+00 0.0000E+00 0.0000E+00 0.0000E+00 0.0000E+00 0.0000E+00 0.0000E+00 0.0000E+00 0.0000E+00 0.0000E+00 0.0000E+00 0.0000E+00 0.0000E+00 0.0000E+00 0.0000E+00 0.0000E+00 0.0000E+00 0.0000E+00 0.0000E+00
1.9867E-09 1.8141E-09 1.6496E-09 1.4936E-09 1.3463E-09 1.2074E-09 1.0777E-09 9.5510E-10 8.4039E-10 7.3657E-10 6.3949E-10 5.5251E-10 4.7323E-10 4.0099E-10 3.3388E-10 2.6970E-10 2.1737E-10 1.7266E-10 1.3355E-10 1.0206E-10 7.5285E-11 5.1642E-11 3.3835E-11 1.9521E-11 9.7855E-12 3.0939E-12 0.0000E+00 0.0000E+00 0.0000E+00 0.0000E+00 0.0000E+00 0.0000E+00 0.0000E+00 0.0000E+00 0.0000E+00 0.0000E+00 0.0000E+00 0.0000E+00 0.0000E+00 0.0000E+00 0.0000E+00 0.0000E+00 0.0000E+00 0.0000E+00 0.0000E+00 0.0000E+00 0.0000E+00 0.0000E+00 0.0000E+00 0.0000E+00 0.0000E+00 0.0000E+00 0.0000E+00 0.0000E+00 0.0000E+00 0.0000E+00 0.0000E+00
2.1186E-09 1.9382E-09 1.7658E-09 1.6018E-09 1.4460E-09 1.2991E-09 1.1613E-09 1.0303E-09 9.0868E-10 7.9755E-10 6.9344E-10 5.9972E-10 5.1366E-10 4.3706E-10 3.6595E-10 2.9732E-10 2.3985E-10 1.9153E-10 1.4884E-10 1.1420E-10 8.4756E-11 6.0071E-11 4.0164E-11 2.3350E-11 1.2974E-11 4.7740E-12 2.5750E-13 0.0000E+00 0.0000E+00 0.0000E+00 0.0000E+00 0.0000E+00 0.0000E+00 0.0000E+00 0.0000E+00 0.0000E+00 0.0000E+00 0.0000E+00 0.0000E+00 0.0000E+00 0.0000E+00 0.0000E+00 0.0000E+00 0.0000E+00 0.0000E+00 0.0000E+00 0.0000E+00 0.0000E+00 0.0000E+00 0.0000E+00 0.0000E+00 0.0000E+00 0.0000E+00 0.0000E+00 0.0000E+00 0.0000E+00 0.0000E+00
2.2574E-09 2.0700E-09 1.8902E-09 1.7179E-09 1.5538E-09 1.3986E-09 1.2521E-09 1.1125E-09 9.8301E-10 8.6317E-10 7.5294E-10 6.5192E-10 5.5946E-10 4.7605E-10 3.9981E-10 3.2792E-10 2.6520E-10 2.1236E-10 1.6601E-10 1.2806E-10 9.5117E-11 6.8471E-11 4.6704E-11 2.8364E-11 1.5692E-11 6.5953E-12 1.1874E-12 0.0000E+00 0.0000E+00 0.0000E+00 0.0000E+00 0.0000E+00 0.0000E+00 0.0000E+00 0.0000E+00 0.0000E+00 0.0000E+00 0.0000E+00 0.0000E+00 0.0000E+00 0.0000E+00 0.0000E+00 0.0000E+00 0.0000E+00 0.0000E+00 0.0000E+00 0.0000E+00 0.0000E+00 0.0000E+00 0.0000E+00 0.0000E+00 0.0000E+00 0.0000E+00 0.0000E+00 0.0000E+00 0.0000E+00 0.0000E+00
2.4075E-09 2.2121E-09 2.0236E-09 1.8424E-09 1.6697E-09 1.5054E-09 1.3498E-09 1.2016E-09 1.0634E-09 9.3533E-10 8.1772E-10 7.0897E-10 6.0945E-10 5.1812E-10 4.3608E-10 3.6115E-10 2.9304E-10 2.3504E-10 1.8467E-10 1.4324E-10 1.0753E-10 7.7087E-11 5.3785E-11 3.3728E-11 2.0000E-11 8.6388E-12 2.3971E-12 0.0000E+00 0.0000E+00 0.0000E+00 0.0000E+00 0.0000E+00 0.0000E+00 0.0000E+00 0.0000E+00 0.0000E+00 0.0000E+00 0.0000E+00 0.0000E+00 0.0000E+00 0.0000E+00 0.0000E+00 0.0000E+00 0.0000E+00 0.0000E+00 0.0000E+00 0.0000E+00 0.0000E+00 0.0000E+00 0.0000E+00 0.0000E+00 0.0000E+00 0.0000E+00 0.0000E+00 0.0000E+00 0.0000E+00 0.0000E+00
2.5606E-09 2.3575E-09 2.1605E-09 1.9709E-09 1.7892E-09 1.6157E-09 1.4508E-09 1.2932E-09 1.1465E-09 1.0100E-09 8.8434E-10 7.6896E-10 6.6264E-10 5.6456E-10 4.7545E-10 3.9723E-10 3.2432E-10 2.6101E-10 2.0548E-10 1.6078E-10 1.2083E-10 8.8342E-11 6.3027E-11 3.9707E-11 2.4134E-11 1.1456E-11 3.7671E-12 2.1260E-13 0.0000E+00 0.0000E+00 0.0000E+00 0.0000E+00 0.0000E+00 0.0000E+00 0.0000E+00 0.0000E+00 0.0000E+00 0.0000E+00 0.0000E+00 0.0000E+00 0.0000E+00 0.0000E+00 0.0000E+00 0.0000E+00 0.0000E+00 0.0000E+00 0.0000E+00 0.0000E+00 0.0000E+00 0.0000E+00 0.0000E+00 0.0000E+00 0.0000E+00 0.0000E+00 0.0000E+00 0.0000E+00 0.0000E+00
2.7277E-09 2.5168E-09 2.3116E-09 2.1132E-09 1.9219E-09 1.7388E-09 1.5635E-09 1.3965E-09 1.2402E-09 1.0941E-09 9.5916E-10 8.3495E-10 7.2151E-10 6.1493E-10 5.1881E-10 4.3440E-10 3.5674E-10 2.8873E-10 2.2840E-10 1.7981E-10 1.3602E-10 1.0003E-10 7.2158E-11 4.6530E-11 2.9368E-11 1.5733E-11 5.2805E-12 8.8840E-13 0.0000E+00 0.0000E+00 0.0000E+00 0.0000E+00 0.0000E+00 0.0000E+00 0.0000E+00 0.0000E+00 0.0000E+00 0.0000E+00 0.0000E+00 0.0000E+00 0.0000E+00 0.0000E+00 0.0000E+00 0.0000E+00 0.0000E+00 0.0000E+00 0.0000E+00 0.0000E+00 0.0000E+00 0.0000E+00 0.0000E+00 0.0000E+00 0.0000E+00 0.0000E+00 0.0000E+00 0.0000E+00 0.0000E+00
2.8996E-09 2.6812E-09 2.4681E-09 2.2606E-09 2.0602E-09 1.8677E-09 1.6818E-09 1.5059E-09 1.3395E-09 1.1846E-09 1.0401E-09 9.0707E-10 7.8481E-10 6.7100E-10 5.6763E-10 4.7588E-10 3.9404E-10 3.1936E-10 2.5321E-10 2.0056E-10 1.5259E-10 1.1320E-10 8.3282E-11 5.5563E-11 3.5560E-11 2.0743E-11 7.8167E-12 1.7305E-12 0.0000E+00 0.0000E+00 0.0000E+00 0.0000E+00 0.0000E+00 0.0000E+00 0.0000E+00 0.0000E+00 0.0000E+00 0.0000E+00 0.0000E+00 0.0000E+00 0.0000E+00 0.0000E+00 0.0000E+00 0.0000E+00 0.0000E+00 0.0000E+00 0.0000E+00 0.0000E+00 0.0000E+00 0.0000E+00 0.0000E+00 0.0000E+00 0.0000E+00 0.0000E+00 0.0000E+00 0.0000E+00 0.0000E+00
3.0827E-09 2.8568E-09 2.6348E-09 2.4180E-09 2.2078E-09 2.0044E-09 1.8083E-09 1.6217E-09 1.4449E-09 1.2801E-09 1.1254E-09 9.8339E-10 8.5216E-10 7.3139E-10 6.2158E-10 5.2235E-10 4.3394E-10 3.5387E-10 2.8175E-10 2.2230E-10 1.7079E-10 1.2809E-10 9.4346E-11 6.4810E-11 4.2873E-11 2.6138E-11 1.1990E-11 2.7704E-12 1.8155E-13 0.0000E+00 0.0000E+00 0.0000E+00 0.0000E+00 0.0000E+00 0.0000E+00 0.0000E+00 0.0000E+00 0.0000E+00 0.0000E+00 0.0000E+00 0.0000E+00 0.0000E+00 0.0000E+00 0.0000E+00 0.0000E+00 0.0000E+00 0.0000E+00 0.0000E+00 0.0000E+00 0.0000E+00 0.0000E+00 0.0000E+00 0.0000E+00 0.0000E+00 0.0000E+00 0.0000E+00 0.0000E+00
3.2755E-09 3.0420E-09 2.8116E-09 2.5862E-09 2.3662E-09 2.1525E-09 1.9459E-09 1.7482E-09 1.5608E-09 1.3847E-09 1.2192E-09 1.0664E-09 9.2531E-10 7.9503E-10 6.7921E-10 5.7115E-10 4.7699E-10 3.9160E-10 3.1312E-10 2.4830E-10 1.9222E-10 1.4470E-10 1.0665E-10 7.5548E-11 5.0708E-11 3.2232E-11 1.7062E-11 5.1730E-12 5.9969E-13 0.0000E+00 0.0000E+00 0.0000E+00 0.0000E+00 0.0000E+00 0.0000E+00 0.0000E+00 0.0000E+00 0.0000E+00 0.0000E+00 0.0000E+00 0.0000E+00 0.0000E+00 0.0000E+00 0.0000E+00 0.0000E+00 0.0000E+00 0.0000E+00 0.0000E+00 0.0000E+00 0.0000E+00 0.0000E+00 0.0000E+00 0.0000E+00 0.0000E+00 0.0000E+00 0.0000E+00 0.0000E+00
3.4779E-09 3.2373E-09 2.9988E-09 2.7639E-09 2.5340E-09 2.3095E-09 2.0925E-09 1.8838E-09 1.6861E-09 1.4984E-09 1.3227E-09 1.1591E-09 1.0071E-09 8.6778E-10 7.4281E-10 6.2628E-10 5.2345E-10 4.3162E-10 3.4739E-10 2.7626E-10 2.1561E-10 1.6368E-10 1.2180E-10 8.8076E-11 5.9710E-11 3.9502E-11 2.2570E-11 9.0358E-12 1.4132E-12 0.0000E+00 0.0000E+00 0.0000E+00 0.0000E+00 0.0000E+00 0.0000E+00 0.0000E+00 0.0000E+00 0.0000E+00 0.0000E+00 0.0000E+00 0.0000E+00 0.0000E+00 0.0000E+00 0.0000E+00 0.0000E+00 0.0000E+00 0.0000E+00 0.0000E+00 0.0000E+00 0.0000E+00 0.0000E+00 0.0000E+00 0.0000E+00 0.0000E+00 0.0000E+00 0.0000E+00 0.0000E+00
3.6911E-09 3.4438E-09 3.1984E-09 2.9550E-09 2.7156E-09 2.4802E-09 2.2515E-09 2.0308E-09 1.8206E-09 1.6208E-09 1.4336E-09 1.2587E-09 1.0956E-09 9.4764E-10 8.1285E-10 6.8944E-10 5.7818E-10 4.7733E-10 3.8588E-10 3.0607E-10 2.4023E-10 1.8484E-10 1.3833E-10 1.0170E-10 7.0635E-11 4.6737E-11 2.8473E-11 1.3352E-11 3.5645E-12 2.4532E-13 0.0000E+00 0.0000E+00 0.0000E+00 0.0000E+00 0.0000E+00 0.0000E+00 0.0000E+00 0.0000E+00 0.0000E+00 0.0000E+00 0.0000E+00 0.0000E+00 0.0000E+00 0.0000E+00 0.0000E+00 0.0000E+00 0.0000E+00 0.0000E+00 0.0000E+00 0.0000E+00 0.0000E+00 0.0000E+00 0.0000E+00 0.0000E+00 0.0000E+00 0.0000E+00 0.0000E+00
3.9171E-09 3.6640E-09 3.4100E-09 3.1576E-09 2.9073E-09 2.6608E-09 2.4207E-09 2.1883E-09 1.9660E-09 1.7543E-09 1.5548E-09 1.3675E-09 1.1924E-09 1.0330E-09 8.8657E-10 7.5450E-10 6.3649E-10 5.2778E-10 4.3029E-10 3.4274E-10 2.6967E-10 2.0840E-10 1.5663E-10 1.1656E-10 8.2626E-11 5.5278E-11 3.4787E-11 1.7473E-11 6.5103E-12 1.0906E-12 3.6328E-13 0.0000E+00 0.0000E+00 0.0000E+00 0.0000E+00 0.0000E+00 0.0000E+00 0.0000E+00 0.0000E+00 0.0000E+00 0.0000E+00 0.0000E+00 0.0000E+00 0.0000E+00 0.0000E+00 0.0000E+00 0.0000E+00 0.0000E+00 0.0000E+00 0.0000E+00 0.0000E+00 0.0000E+00 0.0000E+00 0.0000E+00 0.0000E+00 0.0000E+00 0.0000E+00
4.1526E-09 3.8930E-09 3.6322E-09 3.3726E-09 3.1127E-09 2.8566E-09 2.6050E-09 2.3609E-09 2.1258E-09 1.9015E-09 1.6893E-09 1.4887E-09 1.3028E-09 1.1312E-09 9.7274E-10 8.2858E-10 6.9954E-10 5.8164E-10 4.7783E-10 3.8220E-10 3.0308E-10 2.3643E-10 1.7885E-10 1.3306E-10 9.5587E-11 6.4913E-11 4.1491E-11 2.3325E-11 9.8105E-12 3.0207E-12 9.7167E-13 3.5021E-13 0.0000E+00 0.0000E+00 0.0000E+00 0.0000E+00 0.0000E+00 0.0000E+00 0.0000E+00 0.0000E+00 0.0000E+00 0.0000E+00 0.0000E+00 0.0000E+00 0.0000E+00 0.0000E+00 0.0000E+00 0.0000E+00 0.0000E+00 0.0000E+00 0.0000E+00 0.0000E+00 0.0000E+00 0.0000E+00 0.0000E+00 0.0000E+00 0.0000E+00
4.4016E-09 4.1392E-09 3.8722E-09 3.6020E-09 3.3319E-09 3.0637E-09 2.7996E-09 2.5426E-09 2.2945E-09 2.0566E-09 1.8307E-09 1.6168E-09 1.4188E-09 1.2354E-09 1.0659E-09 9.1174E-10 7.7199E-10 6.4595E-10 5.3123E-10 4.2654E-10 3.3990E-10 2.6615E-10 2.0341E-10 1.5209E-10 1.1089E-10 7.5487E-11 4.9364E-11 2.8900E-11 1.4251E-11 5.4163E-12 1.8123E-12 1.0548E-12 2.7404E-13 0.0000E+00 0.0000E+00 0.0000E+00 0.0000E+00 0.0000E+00 0.0000E+00 0.0000E+00 0.0000E+00 0.0000E+00 0.0000E+00 0.0000E+00 0.0000E+00 0.0000E+00 0.0000E+00 0.0000E+00 0.0000E+00 0.0000E+00 0.0000E+00 0.0000E+00 0.0000E+00 0.0000E+00 0.0000E+00 0.0000E+00 0.0000E+00
4.6637E-09 4.3953E-09 4.1214E-09 3.8432E-09 3.5655E-09 3.2877E-09 3.0129E-09 2.7445E-09 2.4829E-09 2.2316E-09 1.9901E-09 1.7624E-09 1.5489E-09 1.3505E-09 1.1667E-09 1.0006E-09 8.4950E-10 7.1430E-10 5.9157E-10 4.7925E-10 3.8219E-10 2.9989E-10 2.3052E-10 1.7296E-10 1.2647E-10 8.8610E-11 5.8525E-11 3.5308E-11 1.9815E-11 8.5843E-12 3.4611E-12 1.7057E-12 1.0236E-12 1.3852E-13 0.0000E+00 0.0000E+00 0.0000E+00 0.0000E+00 0.0000E+00 0.0000E+00 0.0000E+00 0.0000E+00 0.0000E+00 0.0000E+00 0.0000E+00 0.0000E+00 0.0000E+00 0.0000E+00 0.0000E+00 0.0000E+00 0.0000E+00 0.0000E+00 0.0000E+00 0.0000E+00 0.0000E+00 0.0000E+00 0.0000E+00
4.9359E-09 4.6671E-09 4.3895E-09 4.1056E-09 3.8165E-09 3.5277E-09 3.2407E-09 2.9592E-09 2.6840E-09 2.4186E-09 2.1622E-09 1.9210E-09 1.6931E-09 1.4802E-09 1.2820E-09 1.1018E-09 9.3673E-10 7.9032E-10 6.5811E-10 5.3715E-10 4.2900E-10 3.3750E-10 2.6144E-10 1.9633E-10 1.4438E-10 1.0246E-10 6.9645E-11 4.3852E-11 2.5192E-11 1.3134E-11 5.6302E-12 2.7615E-12 1.7089E-12 8.2710E-13 0.0000E+00 0.0000E+00 0.0000E+00 0.0000E+00 0.0000E+00 0.0000E+00 0.0000E+00 0.0000E+00 0.0000E+00 0.0000E+00 0.0000E+00 0.0000E+00 0.0000E+00 0.0000E+00 0.0000E+00 0.0000E+00 0.0000E+00 0.0000E+00 0.0000E+00 0.0000E+00 0.0000E+00 0.0000E+00 0.0000E+00
5.2252E-09 4.9517E-09 4.6677E-09 4.3760E-09 4.0793E-09 3.7799E-09 3.4839E-09 3.1892E-09 2.9017E-09 2.6203E-09 2.3505E-09 2.0926E-09 1.8490E-09 1.6205E-09 1.4082E-09 1.2134E-09 1.0351E-09 8.7532E-10 7.3097E-10 6.0161E-10 4.8126E-10 3.8033E-10 2.9487E-10 2.2299E-10 1.6513E-10 1.1836E-10 8.2606E-11 5.4129E-11 3.3597E-11 1.8427E-11 8.9097E-12 4.1900E-12 2.5240E-12 1.5654E-12 5.8381E-13 0.0000E+00 0.0000E+00 0.0000E+00 0.0000E+00 0.0000E+00 0.0000E+00 0.0000E+00 0.0000E+00 0.0000E+00 0.0000E+00 0.0000E+00 0.0000E+00 0.0000E+00 0.0000E+00 0.0000E+00 0.0000E+00 0.0000E+00 0.0000E+00 0.0000E+00 0.0000E+00 0.0000E+00 0.0000E+00
5.5210E-09 5.2477E-09 4.9640E-09 4.6694E-09 4.3680E-09 4.0607E-09 3.7524E-09 3.4450E-09 3.1423E-09 2.8445E-09 2.5588E-09 2.2837E-09 2.0236E-09 1.7770E-09 1.5490E-09 1.3376E-09 1.1447E-09 9.7036E-10 8.1282E-10 6.7122E-10 5.4017E-10 4.2778E-10 3.3223E-10 2.5426E-10 1.8942E-10 1.3715E-10 9.7794E-11 6.6606E-11 4.2846E-11 2.5866E-11 1.3730E-11 6.4451E-12 3.7437E-12 2.1857E-12 1.2497E-12 2.6893E-13 0.0000E+00 0.0000E+00 0.0000E+00 0.0000E+00 0.0000E+00 0.0000E+00 0.0000E+00 0.0000E+00 0.0000E+00 0.0000E+00 0.0000E+00 0.0000E+00 0.0000E+00 0.0000E+00 0.0000E+00 0.0000E+00 0.0000E+00 0.0000E+00 0.0000E+00 0.0000E+00 0.0000E+00
