Assets/Resources/2015_m01_d08_0600(utc+0800)_l00_csi_1hr_conc.grd
DSAA
         159         159
     -79.000      79.000
     -79.000      79.000
  0.0000E+00  0.2265E-04
[rows 0 to 24 of 159, columns 0 to 56 of 159]
4.4266E-10 4.6624E-10 4.9062E-10 5.1639E-10 5.4343E-10 5.7132E-10 6.0071E-10 6.3141E-10 6.6306E-10 6.9628E-10 7.3021E-10 7.6642E-10 8.0363E-10 8.4154E-10 8.8178E-10 9.2275E-10 9.6498E-10 1.0090E-09 1.0539E-09 1.1005E-09 1.1476E-09 1.1974E-09 1.2472E-09 1.2992E-09 1.3519E-09 1.4064E-09 1.4622E-09 1.5177E-09 1.5755E-09 1.6338E-09 1.6936E-09 1.7535E-09 1.8151E-09 1.8766E-09 1.9388E-09 2.0014E-09 2.0656E-09 2.1293E-09 2.1934E-09 2.2578E-09 2.3224E-09 2.3871E-09 2.4528E-09 2.5166E-09 2.5812E-09 2.6465E-09 2.7106E-09 2.7755E-09 2.8375E-09 2.9000E-09 2.9620E-09 3.0229E-09 3.0846E-09 3.1439E-09 3.2007E-09 3.2581E-09 3.3139E-09
4.4563E-10 4.6917E-10 4.9430E-10 5.2020E-10 5.4744E-10 5.7596E-10 6.0525E-10 6.3656E-10 6.6891E-10 7.0209E-10 7.3742E-10 7.7354E-10 8.1099E-10 8.5046E-10 8.9038E-10 9.3229E-10 9.7568E-10 1.0200E-09 1.0660E-09 1.1128E-09 1.1621E-09 1.2114E-09 1.2630E-09 1.3153E-09 1.3697E-09 1.4254E-09 1.4810E-09 1.5396E-09 1.5975E-09 1.6576E-09 1.7180E-09 1.7801E-09 1.8422E-09 1.9051E-09 1.9694E-09 2.0337E-09 2.0985E-09 2.1637E-09 2.2293E-09 2.2962E-09 2.3614E-09 2.4287E-09 2.4951E-09 2.5614E-09 2.6276E-09 2.6937E-09 2.7607E-09 2.8249E-09 2.8897E-09 2.9552E-09 3.0175E-09 3.0820E-09 3.1441E-09 3.2054E-09 3.2651E-09 3.3239E-09 3.3800E-09
4.4842E-10 4.7225E-10 4.9738E-10 5.2380E-10 5.5139E-10 5.7999E-10 6.1036E-10 6.4162E-10 6.7415E-10 7.0855E-10 7.4355E-10 7.8050E-10 8.1887E-10 8.5826E-10 8.9946E-10 9.4181E-10 9.8577E-10 1.0309E-09 1.0774E-09 1.1261E-09 1.1751E-09 1.2263E-09 1.2779E-09 1.3322E-09 1.3870E-09 1.4431E-09 1.5017E-09 1.5597E-09 1.6200E-09 1.6807E-09 1.7432E-09 1.8058E-09 1.8694E-09 1.9344E-09 1.9996E-09 2.0653E-09 2.1316E-09 2.1991E-09 2.2664E-09 2.3339E-09 2.4017E-09 2.4696E-09 2.5377E-09 2.6057E-09 2.6736E-09 2.7425E-09 2.8100E-09 2.8772E-09 2.9437E-09 3.0113E-09 3.0768E-09 3.1401E-09 3.2055E-09 3.2684E-09 3.3287E-09 3.3895E-09 3.4495E-09
4.5087E-10 4.7491E-10 5.0081E-10 5.2704E-10 5.5513E-10 5.8439E-10 6.1463E-10 6.4647E-10 6.7974E-10 7.1408E-10 7.5010E-10 7.8730E-10 8.2619E-10 8.6655E-10 9.0776E-10 9.5134E-10 9.9582E-10 1.0417E-09 1.0894E-09 1.1382E-09 1.1889E-09 1.2401E-09 1.2941E-09 1.3485E-09 1.4044E-09 1.4626E-09 1.5205E-09 1.5809E-09 1.6417E-09 1.7045E-09 1.7676E-09 1.8317E-09 1.8973E-09 1.9632E-09 2.0305E-09 2.0970E-09 2.1655E-09 2.2340E-09 2.3028E-09 2.3719E-09 2.4413E-09 2.5119E-09 2.5816E-09 2.6514E-09 2.7211E-09 2.7906E-09 2.8610E-09 2.9287E-09 2.9986E-09 3.0665E-09 3.1324E-09 3.2004E-09 3.2660E-09 3.3291E-09 3.3930E-09 3.4577E-09 3.5173E-09
4.5340E-10 4.7772E-10 5.0360E-10 5.3035E-10 5.5880E-10 5.8811E-10 6.1917E-10 6.5124E-10 6.8464E-10 7.1989E-10 7.5593E-10 7.9419E-10 8.3339E-10 8.7404E-10 9.1656E-10 9.6018E-10 1.0056E-09 1.0523E-09 1.1009E-09 1.1509E-09 1.2017E-09 1.2552E-09 1.3088E-09 1.3648E-09 1.4222E-09 1.4805E-09 1.5406E-09 1.6009E-09 1.6642E-09 1.7276E-09 1.7921E-09 1.8581E-09 1.9246E-09 1.9926E-09 2.0600E-09 2.1294E-09 2.1990E-09 2.2698E-09 2.3394E-09 2.4101E-09 2.4822E-09 2.5535E-09 2.6250E-09 2.6965E-09 2.7679E-09 2.8404E-09 2.9114E-09 2.9822E-09 3.0525E-09 3.1238E-09 3.1928E-09 3.2597E-09 3.3274E-09 3.3937E-09 3.4598E-09 3.5244E-09 3.5882E-09
4.5558E-10 4.8011E-10 5.0649E-10 5.3328E-10 5.6222E-10 5.9191E-10 6.2310E-10 6.5577E-10 6.8962E-10 7.2511E-10 7.6214E-10 8.0034E-10 8.4039E-10 8.8199E-10 9.2474E-10 9.6940E-10 1.0154E-09 1.0631E-09 1.1121E-09 1.1627E-09 1.2156E-09 1.2687E-09 1.3243E-09 1.3813E-09 1.4394E-09 1.4994E-09 1.5596E-09 1.6228E-09 1.6861E-09 1.7507E-09 1.8170E-09 1.8840E-09 1.9526E-09 2.0206E-09 2.0917E-09 2.1614E-09 2.2332E-09 2.3040E-09 2.3770E-09 2.4495E-09 2.5224E-09 2.5954E-09 2.6697E-09 2.7430E-09 2.8163E-09 2.8894E-09 2.9637E-09 3.0349E-09 3.1085E-09 3.1801E-09 3.2495E-09 3.3199E-09 3.3912E-09 3.4580E-09 3.5255E-09 3.5923E-09 3.6555E-09
4.5785E-10 4.8237E-10 5.0897E-10 5.3628E-10 5.6530E-10 5.9528E-10 6.2730E-10 6.5990E-10 6.9416E-10 7.3060E-10 7.6763E-10 8.0686E-10 8.4721E-10 8.8935E-10 9.3285E-10 9.7785E-10 1.0248E-09 1.0731E-09 1.1233E-09 1.1751E-09 1.2281E-09 1.2831E-09 1.3388E-09 1.3974E-09 1.4570E-09 1.5171E-09 1.5801E-09 1.6429E-09 1.7081E-09 1.7744E-09 1.8416E-09 1.9105E-09 1.9791E-09 2.0508E-09 2.1213E-09 2.1940E-09 2.2659E-09 2.3400E-09 2.4139E-09 2.4882E-09 2.5628E-09 2.6387E-09 2.7137E-09 2.7888E-09 2.8639E-09 2.9403E-09 3.0149E-09 3.0895E-09 3.1636E-09 3.2355E-09 3.3099E-09 3.3824E-09 3.4539E-09 3.5224E-09 3.5923E-09 3.6604E-09 3.7277E-09
4.5973E-10 4.8446E-10 5.1155E-10 5.3888E-10 5.6839E-10 5.9873E-10 6.3086E-10 6.6404E-10 6.9876E-10 7.3540E-10 7.7314E-10 8.1294E-10 8.5385E-10 8.9656E-10 9.4064E-10 9.8672E-10 1.0341E-09 1.0835E-09 1.1341E-09 1.1869E-09 1.2413E-09 1.2964E-09 1.3545E-09 1.4137E-09 1.4734E-09 1.5362E-09 1.5989E-09 1.6640E-09 1.7299E-09 1.7977E-09 1.8668E-09 1.9357E-09 2.0078E-09 2.0789E-09 2.1524E-09 2.2252E-09 2.3012E-09 2.3753E-09 2.4518E-09 2.5269E-09 2.6043E-09 2.6811E-09 2.7591E-09 2.8349E-09 2.9133E-09 2.9901E-09 3.0683E-09 3.1432E-09 3.2193E-09 3.2946E-09 3.3697E-09 3.4439E-09 3.5175E-09 3.5880E-09 3.6591E-09 3.7297E-09 3.7964E-09
4.6155E-10 4.8641E-10 5.1369E-10 5.4130E-10 5.7111E-10 6.0173E-10 6.3443E-10 6.6779E-10 7.0289E-10 7.4020E-10 7.7821E-10 8.1874E-10 8.5996E-10 9.0352E-10 9.4833E-10 9.9502E-10 1.0432E-09 1.0930E-09 1.1452E-09 1.1985E-09 1.2534E-09 1.3108E-09 1.3685E-09 1.4288E-09 1.4912E-09 1.5536E-09 1.6185E-09 1.6838E-09 1.7522E-09 1.8213E-09 1.8906E-09 1.9629E-09 2.0345E-09 2.1085E-09 2.1820E-09 2.2588E-09 2.3340E-09 2.4116E-09 2.4880E-09 2.5668E-09 2.6451E-09 2.7248E-09 2.8025E-09 2.8826E-09 2.9616E-09 3.0418E-09 3.1191E-09 3.1975E-09 3.2753E-09 3.3529E-09 3.4298E-09 3.5062E-09 3.5814E-09 3.6537E-09 3.7273E-09 3.7972E-09 3.8656E-09
4.6347E-10 4.8837E-10 5.1571E-10 5.4353E-10 5.7384E-10 6.0456E-10 6.3758E-10 6.7153E-10 7.0681E-10 7.4457E-10 7.8328E-10 8.2409E-10 8.6613E-10 9.1028E-10 9.5570E-10 1.0031E-09 1.0520E-09 1.1030E-09 1.1554E-09 1.2099E-09 1.2665E-09 1.3237E-09 1.3834E-09 1.4448E-09 1.5072E-09 1.5719E-09 1.6370E-09 1.7052E-09 1.7738E-09 1.8437E-09 1.9156E-09 1.9881E-09 2.0625E-09 2.1366E-09 2.2140E-09 2.2900E-09 2.3686E-09 2.4462E-09 2.5271E-09 2.6058E-09 2.6870E-09 2.7664E-09 2.8484E-09 2.9292E-09 3.0116E-09 3.0910E-09 3.1732E-09 3.2520E-09 3.3339E-09 3.4116E-09 3.4907E-09 3.5688E-09 3.6463E-09 3.7206E-09 3.7936E-09 3.8678E-09 3.9381E-09
4.6527E-10 4.9035E-10 5.1785E-10 5.4569E-10 5.7617E-10 6.0714E-10 6.4074E-10 6.7484E-10 7.1047E-10 7.4892E-10 7.8788E-10 8.2941E-10 8.7175E-10 9.1677E-10 9.6258E-10 1.0110E-09 1.0606E-09 1.1124E-09 1.1659E-09 1.2210E-09 1.2782E-09 1.3372E-09 1.3970E-09 1.4599E-09 1.5241E-09 1.5889E-09 1.6568E-09 1.7247E-09 1.7952E-09 1.8672E-09 1.9399E-09 2.0145E-09 2.0891E-09 2.1669E-09 2.2437E-09 2.3229E-09 2.4015E-09 2.4834E-09 2.5635E-09 2.6460E-09 2.7270E-09 2.8117E-09 2.8932E-09 2.9774E-09 3.0591E-09 3.1434E-09 3.2246E-09 3.3089E-09 3.3892E-09 3.4709E-09 3.5518E-09 3.6322E-09 3.7095E-09 3.7855E-09 3.8629E-09 3.9365E-09 4.0086E-09
4.6690E-10 4.9217E-10 5.1990E-10 5.4793E-10 5.7852E-10 6.0957E-10 6.4323E-10 6.7789E-10 7.1393E-10 7.5280E-10 7.9219E-10 8.3425E-10 8.7741E-10 9.2271E-10 9.6943E-10 1.0186E-09 1.0690E-09 1.1218E-09 1.1756E-09 1.2322E-09 1.2904E-09 1.3496E-09 1.4117E-09 1.4749E-09 1.5397E-09 1.6072E-09 1.6749E-09 1.7451E-09 1.8165E-09 1.8898E-09 1.9640E-09 2.0395E-09 2.1176E-09 2.1950E-09 2.2749E-09 2.3543E-09 2.4370E-09 2.5181E-09 2.6018E-09 2.6842E-09 2.7703E-09 2.8536E-09 2.9396E-09 3.0232E-09 3.1095E-09 3.1930E-09 3.2796E-09 3.3625E-09 3.4486E-09 3.5305E-09 3.6137E-09 3.6939E-09 3.7754E-09 3.8536E-09 3.9304E-09 4.0084E-09 4.0824E-09
4.6840E-10 4.9384E-10 5.2174E-10 5.5002E-10 5.8062E-10 6.1211E-10 6.4563E-10 6.8073E-10 7.1710E-10 7.5641E-10 7.9627E-10 8.3904E-10 8.8249E-10 9.2864E-10 9.7573E-10 1.0258E-09 1.0767E-09 1.1303E-09 1.1856E-09 1.2424E-09 1.3015E-09 1.3629E-09 1.4249E-09 1.4895E-09 1.5560E-09 1.6237E-09 1.6937E-09 1.7642E-09 1.8380E-09 1.9122E-09 1.9879E-09 2.0656E-09 2.1440E-09 2.2244E-09 2.3045E-09 2.3879E-09 2.4700E-09 2.5547E-09 2.6383E-09 2.7256E-09 2.8105E-09 2.8980E-09 2.9835E-09 3.0718E-09 3.1574E-09 3.2461E-09 3.3314E-09 3.4200E-09 3.5046E-09 3.5905E-09 3.6737E-09 3.7582E-09 3.8395E-09 3.9195E-09 4.0009E-09 4.0783E-09 4.1575E-09
4.6972E-10 4.9533E-10 5.2345E-10 5.5190E-10 5.8274E-10 6.1453E-10 6.4830E-10 6.8358E-10 7.2007E-10 7.5975E-10 8.0004E-10 8.4334E-10 8.8730E-10 9.3400E-10 9.8200E-10 1.0325E-09 1.0844E-09 1.1392E-09 1.1947E-09 1.2531E-09 1.3131E-09 1.3747E-09 1.4386E-09 1.5039E-09 1.5715E-09 1.6410E-09 1.7112E-09 1.7847E-09 1.8582E-09 1.9344E-09 2.0116E-09 2.0909E-09 2.1716E-09 2.2522E-09 2.3362E-09 2.4191E-09 2.5046E-09 2.5893E-09 2.6778E-09 2.7640E-09 2.8529E-09 2.9402E-09 3.0302E-09 3.1178E-09 3.2085E-09 3.2962E-09 3.3870E-09 3.4741E-09 3.5627E-09 3.6488E-09 3.7362E-09 3.8206E-09 3.9039E-09 3.9886E-09 4.0694E-09 4.1518E-09 4.2299E-09
4.7068E-10 4.9666E-10 5.2470E-10 5.5361E-10 5.8446E-10 6.1668E-10 6.5055E-10 6.8637E-10 7.2316E-10 7.6299E-10 8.0356E-10 8.4729E-10 8.9180E-10 9.3933E-10 9.8767E-10 1.0392E-09 1.0915E-09 1.1471E-09 1.2037E-09 1.2626E-09 1.3239E-09 1.3869E-09 1.4511E-09 1.5184E-09 1.5868E-09 1.6569E-09 1.7295E-09 1.8033E-09 1.8792E-09 1.9564E-09 2.0357E-09 2.1159E-09 2.1976E-09 2.2820E-09 2.3655E-09 2.4518E-09 2.5374E-09 2.6268E-09 2.7142E-09 2.8044E-09 2.8932E-09 2.9848E-09 3.0743E-09 3.1669E-09 3.2567E-09 3.3497E-09 3.4393E-09 3.5304E-09 3.6192E-09 3.7094E-09 3.7968E-09 3.8856E-09 3.9711E-09 4.0553E-09 4.1412E-09 4.2228E-09 4.3061E-09
4.7173E-10 4.9780E-10 5.2581E-10 5.5511E-10 5.8617E-10 6.1868E-10 6.5278E-10 6.8890E-10 7.2607E-10 7.6623E-10 8.0707E-10 8.5101E-10 8.9597E-10 9.4405E-10 9.9302E-10 1.0452E-09 1.0985E-09 1.1549E-09 1.2120E-09 1.2725E-09 1.3344E-09 1.3980E-09 1.4641E-09 1.5316E-09 1.6016E-09 1.6736E-09 1.7468E-09 1.8225E-09 1.8989E-09 1.9786E-09 2.0583E-09 2.1408E-09 2.2247E-09 2.3094E-09 2.3962E-09 2.4827E-09 2.5728E-09 2.6613E-09 2.7526E-09 2.8427E-09 2.9357E-09 3.0269E-09 3.1212E-09 3.2130E-09 3.3081E-09 3.4001E-09 3.4936E-09 3.5850E-09 3.6779E-09 3.7681E-09 3.8599E-09 3.9486E-09 4.0361E-09 4.1253E-09 4.2103E-09 4.2973E-09 4.3795E-09
4.7242E-10 4.9886E-10 5.2697E-10 5.5643E-10 5.8746E-10 6.2040E-10 6.5456E-10 6.9122E-10 7.2866E-10 7.6923E-10 8.1047E-10 8.5480E-10 9.0001E-10 9.4822E-10 9.9798E-10 1.0508E-09 1.1049E-09 1.1620E-09 1.2203E-09 1.2813E-09 1.3445E-09 1.4095E-09 1.4762E-09 1.5453E-09 1.6161E-09 1.6893E-09 1.7640E-09 1.8404E-09 1.9193E-09 1.9994E-09 2.0818E-09 2.1653E-09 2.2509E-09 2.3381E-09 2.4251E-09 2.5150E-09 2.6053E-09 2.6976E-09 2.7889E-09 2.8831E-09 2.9759E-09 3.0716E-09 3.1653E-09 3.2622E-09 3.3563E-09 3.4522E-09 3.5461E-09 3.6416E-09 3.7347E-09 3.8293E-09 3.9210E-09 4.0117E-09 4.1041E-09 4.1926E-09 4.2830E-09 4.3689E-09 4.4567E-09
4.7324E-10 4.9979E-10 5.2774E-10 5.5760E-10 5.8875E-10 6.2195E-10 6.5632E-10 6.9325E-10 7.3105E-10 7.7193E-10 8.1355E-10 8.5837E-10 9.0400E-10 9.5236E-10 1.0027E-09 1.0561E-09 1.1108E-09 1.1690E-09 1.2278E-09 1.2900E-09 1.3542E-09 1.4199E-09 1.4880E-09 1.5578E-09 1.6302E-09 1.7046E-09 1.7806E-09 1.8590E-09 1.9388E-09 2.0209E-09 2.1038E-09 2.1901E-09 2.2768E-09 2.3649E-09 2.4554E-09 2.5463E-09 2.6393E-09 2.7317E-09 2.8271E-09 2.9212E-09 3.0183E-09 3.1137E-09 3.2122E-09 3.3084E-09 3.4063E-09 3.5025E-09 3.6005E-09 3.6963E-09 3.7938E-09 3.8884E-09 3.9822E-09 4.0777E-09 4.1696E-09 4.2633E-09 4.3528E-09 4.4442E-09 4.5308E-09
4.7372E-10 5.0056E-10 5.2867E-10 5.5862E-10 5.8970E-10 6.2326E-10 6.5761E-10 6.9505E-10 7.3310E-10 7.7437E-10 8.1637E-10 8.6155E-10 9.0768E-10 9.5656E-10 1.0074E-09 1.0608E-09 1.1164E-09 1.1753E-09 1.2349E-09 1.2980E-09 1.3634E-09 1.4301E-09 1.4992E-09 1.5707E-09 1.6438E-09 1.7195E-09 1.7968E-09 1.8766E-09 1.9579E-09 2.0410E-09 2.1271E-09 2.2132E-09 2.3023E-09 2.3930E-09 2.4844E-09 2.5773E-09 2.6714E-09 2.7676E-09 2.8629E-09 2.9602E-09 3.0582E-09 3.1583E-09 3.2563E-09 3.3561E-09 3.4545E-09 3.5547E-09 3.6530E-09 3.7531E-09 3.8507E-09 3.9476E-09 4.0461E-09 4.1413E-09 4.2382E-09 4.3312E-09 4.4261E-09 4.5165E-09 4.6088E-09
4.7427E-10 5.0124E-10 5.2919E-10 5.5948E-10 5.9072E-10 6.2441E-10 6.5895E-10 6.9657E-10 7.3494E-10 7.7649E-10 8.1883E-10 8.6448E-10 9.1101E-10 9.6012E-10 1.0118E-09 1.0658E-09 1.1218E-09 1.1812E-09 1.2415E-09 1.3058E-09 1.3718E-09 1.4395E-09 1.5100E-09 1.5822E-09 1.6569E-09 1.7339E-09 1.8125E-09 1.8937E-09 1.9765E-09 2.0617E-09 2.1483E-09 2.2373E-09 2.3274E-09 2.4192E-09 2.5132E-09 2.6079E-09 2.7049E-09 2.8013E-09 2.8996E-09 2.9989E-09 3.1004E-09 3.2001E-09 3.3016E-09 3.4021E-09 3.5043E-09 3.6050E-09 3.7075E-09 3.8077E-09 3.9075E-09 4.0089E-09 4.1075E-09 4.2077E-09 4.3042E-09 4.4025E-09 4.4965E-09 4.5926E-09 4.6836E-09
4.7449E-10 5.0176E-10 5.2978E-10 5.6023E-10 5.9131E-10 6.2543E-10 6.6011E-10 6.9794E-10 7.3650E-10 7.7832E-10 8.2103E-10 8.6676E-10 9.1400E-10 9.6361E-10 1.0157E-09 1.0700E-09 1.1271E-09 1.1871E-09 1.2479E-09 1.3128E-09 1.3800E-09 1.4487E-09 1.5203E-09 1.5936E-09 1.6695E-09 1.7478E-09 1.8277E-09 1.9103E-09 1.9946E-09 2.0813E-09 2.1701E-09 2.2596E-09 2.3521E-09 2.4463E-09 2.5415E-09 2.6382E-09 2.7362E-09 2.8355E-09 2.9359E-09 3.0374E-09 3.1398E-09 3.2429E-09 3.3453E-09 3.4495E-09 3.5524E-09 3.6571E-09 3.7599E-09 3.8623E-09 3.9664E-09 4.0680E-09 4.1713E-09 4.2713E-09 4.3732E-09 4.4709E-09 4.5705E-09 4.6654E-09 4.7642E-09
4.7407E-10 5.0213E-10 5.3003E-10 5.6077E-10 5.9200E-10 6.2626E-10 6.6107E-10 6.9912E-10 7.3785E-10 7.7994E-10 8.2287E-10 8.6901E-10 9.1663E-10 9.6641E-10 1.0193E-09 1.0742E-09 1.1318E-09 1.1926E-09 1.2541E-09 1.3197E-09 1.3875E-09 1.4570E-09 1.5297E-09 1.6041E-09 1.6816E-09 1.7606E-09 1.8428E-09 1.9264E-09 2.0121E-09 2.1004E-09 2.1902E-09 2.2826E-09 2.3762E-09 2.4716E-09 2.5694E-09 2.6680E-09 2.7680E-09 2.8684E-09 2.9719E-09 3.0755E-09 3.1801E-09 3.2842E-09 3.3902E-09 3.4951E-09 3.6019E-09 3.7071E-09 3.8122E-09 3.9168E-09 4.0232E-09 4.1294E-09 4.2326E-09 4.3376E-09 4.4390E-09 4.5424E-09 4.6414E-09 4.7439E-09 4.8397E-09
4.7325E-10 5.0239E-10 5.3032E-10 5.6119E-10 5.9251E-10 6.2686E-10 6.6189E-10 7.0006E-10 7.3903E-10 7.8107E-10 8.2451E-10 8.7068E-10 9.1888E-10 9.6914E-10 1.0225E-09 1.0776E-09 1.1362E-09 1.1975E-09 1.2598E-09 1.3263E-09 1.3949E-09 1.4651E-09 1.5388E-09 1.6144E-09 1.6930E-09 1.7734E-09 1.8564E-09 1.9418E-09 2.0285E-09 2.1189E-09 2.2109E-09 2.3038E-09 2.3998E-09 2.4977E-09 2.5967E-09 2.6964E-09 2.7984E-09 2.9028E-09 3.0074E-09 3.1121E-09 3.2188E-09 3.3264E-09 3.4332E-09 3.5420E-09 3.6495E-09 3.7569E-09 3.8642E-09 3.9732E-09 4.0821E-09 4.1883E-09 4.2965E-09 4.4012E-09 4.5080E-09 4.6106E-09 4.7171E-09 4.8172E-09 4.9172E-09
4.7407E-10 5.0221E-10 5.3050E-10 5.6118E-10 5.9282E-10 6.2709E-10 6.6244E-10 7.0056E-10 7.3997E-10 7.8218E-10 8.2593E-10 8.7232E-10 9.2088E-10 9.7118E-10 1.0253E-09 1.0809E-09 1.1400E-09 1.2021E-09 1.2650E-09 1.3322E-09 1.4017E-09 1.4728E-09 1.5474E-09 1.6238E-09 1.7034E-09 1.7850E-09 1.8702E-09 1.9562E-09 2.0448E-09 2.1368E-09 2.2299E-09 2.3250E-09 2.4227E-09 2.5226E-09 2.6227E-09 2.7251E-09 2.8301E-09 2.9346E-09 3.0413E-09 3.1493E-09 3.2583E-09 3.3668E-09 3.4774E-09 3.5869E-09 3.6966E-09 3.8064E-09 3.9178E-09 4.0273E-09 4.1386E-09 4.2496E-09 4.3576E-09 4.4676E-09 4.5739E-09 4.6839E-09 4.7878E-09 4.8920E-09 4.9928E-09
4.7398E-10 5.0219E-10 5.3050E-10 5.6123E-10 5.9300E-10 6.2731E-10 6.6283E-10 7.0108E-10 7.4062E-10 7.8286E-10 8.2704E-10 8.7348E-10 9.2258E-10 9.7321E-10 1.0277E-09 1.0833E-09 1.1434E-09 1.2057E-09 1.2697E-09 1.3377E-09 1.4076E-09 1.4799E-09 1.5560E-09 1.6328E-09 1.7138E-09 1.7964E-09 1.8825E-09 1.9703E-09 2.0599E-09 2.1539E-09 2.2486E-09 2.3449E-09 2.4450E-09 2.5459E-09 2.6487E-09 2.7524E-09 2.8593E-09 2.9668E-09 3.0758E-09 3.1848E-09 3.2960E-09 3.4082E-09 3.5196E-09 3.6314E-09 3.7434E-09 3.8571E-09 3.9692E-09 4.0832E-09 4.1970E-09 4.3082E-09 4.4214E-09 4.5310E-09 4.6445E-09 4.7522E-09 4.8603E-09 4.9651E-09 5.0701E-09
