Assets/Resources/2015_m01_d16_0900(utc+0800)_l00_csi_1hr_conc.grd
DSAA
         159         159
     -79.000      79.000
     -79.000      79.000
  0.2429E-10  0.2660E-05
[rows 125 to 149 of 159, columns 0 to 56 of 159]
5.7187E-11 6.0892E-11 6.4379E-11 6.7985E-11 7.1972E-11 7.6008E-11 8.0452E-11 8.5663E-11 9.0701E-11 9.5904E-11 1.0115E-10 1.0685E-10 1.1268E-10 1.1900E-10 1.2542E-10 1.3206E-10 1.3909E-10 1.4636E-10 1.5389E-10 1.6192E-10 1.6994E-10 1.7796E-10 1.8664E-10 1.9547E-10 2.0448E-10 2.1392E-10 2.2332E-10 2.3295E-10 2.4332E-10 2.5365E-10 2.6441E-10 2.7605E-10 2.8738E-10 2.9979E-10 3.1252E-10 3.2545E-10 3.3915E-10 3.5331E-10 3.6785E-10 3.8330E-10 3.9902E-10 4.1570E-10 4.3291E-10 4.5056E-10 4.6889E-10 4.8790E-10 5.0788E-10 5.2805E-10 5.4914E-10 5.7056E-10 5.9314E-10 6.1616E-10 6.4005E-10 6.6454E-10 6.8953E-10 7.1549E-10 7.4180E-10
5.5737E-11 5.8975E-11 6.2364E-11 6.6268E-11 6.9789E-11 7.3736E-11 7.8486E-11 8.3039E-11 8.8058E-11 9.3487E-11 9.8523E-11 1.0407E-10 1.0978E-10 1.1574E-10 1.2203E-10 1.2870E-10 1.3540E-10 1.4251E-10 1.5000E-10 1.5762E-10 1.6533E-10 1.7371E-10 1.8215E-10 1.9056E-10 1.9943E-10 2.0854E-10 2.1805E-10 2.2770E-10 2.3737E-10 2.4752E-10 2.5836E-10 2.6923E-10 2.8065E-10 2.9273E-10 3.0476E-10 3.1763E-10 3.3096E-10 3.4461E-10 3.5881E-10 3.7371E-10 3.8905E-10 4.0522E-10 4.2188E-10 4.3901E-10 4.5687E-10 4.7555E-10 4.9462E-10 5.1448E-10 5.3460E-10 5.5576E-10 5.7712E-10 5.9974E-10 6.2305E-10 6.4669E-10 6.7118E-10 6.9615E-10 7.2219E-10
5.3867E-11 5.7153E-11 6.0889E-11 6.4213E-11 6.7981E-11 7.1985E-11 7.5944E-11 8.0664E-11 8.5570E-11 9.0544E-11 9.5910E-11 1.0095E-10 1.0670E-10 1.1271E-10 1.1873E-10 1.2519E-10 1.3175E-10 1.3871E-10 1.4602E-10 1.5341E-10 1.6128E-10 1.6923E-10 1.7718E-10 1.8578E-10 1.9436E-10 2.0344E-10 2.1277E-10 2.2206E-10 2.3156E-10 2.4181E-10 2.5210E-10 2.6260E-10 2.7408E-10 2.8524E-10 2.9745E-10 3.0987E-10 3.2269E-10 3.3604E-10 3.5006E-10 3.6412E-10 3.7947E-10 3.9477E-10 4.1086E-10 4.2762E-10 4.4508E-10 4.6311E-10 4.8167E-10 5.0069E-10 5.2061E-10 5.4068E-10 5.6200E-10 5.8394E-10 6.0622E-10 6.2932E-10 6.5283E-10 6.7741E-10 7.0245E-10
5.2182E-11 5.5694E-11 5.8785E-11 6.2503E-11 6.6205E-11 6.9572E-11 7.3862E-11 7.8337E-11 8.2707E-11 8.7920E-11 9.3243E-11 9.8385E-11 1.0372E-10 1.0947E-10 1.1552E-10 1.2167E-10 1.2817E-10 1.3506E-10 1.4202E-10 1.4932E-10 1.5701E-10 1.6451E-10 1.7262E-10 1.8100E-10 1.8949E-10 1.9826E-10 2.0726E-10 2.1665E-10 2.2617E-10 2.3571E-10 2.4571E-10 2.5639E-10 2.6696E-10 2.7833E-10 2.8998E-10 3.0203E-10 3.1457E-10 3.2776E-10 3.4105E-10 3.5507E-10 3.6943E-10 3.8469E-10 4.0008E-10 4.1660E-10 4.3343E-10 4.5085E-10 4.6873E-10 4.8745E-10 5.0631E-10 5.2627E-10 5.4704E-10 5.6803E-10 5.8976E-10 6.1191E-10 6.3520E-10 6.5857E-10 6.8309E-10
5.0641E-11 5.4233E-11 5.7272E-11 6.0664E-11 6.3938E-11 6.7732E-11 7.1842E-11 7.5629E-11 8.0393E-11 8.5298E-11 9.0293E-11 9.5477E-11 1.0049E-10 1.0643E-10 1.1219E-10 1.1817E-10 1.2475E-10 1.3110E-10 1.3801E-10 1.4525E-10 1.5258E-10 1.6005E-10 1.6824E-10 1.7610E-10 1.8460E-10 1.9307E-10 2.0184E-10 2.1124E-10 2.2040E-10 2.2976E-10 2.3985E-10 2.4988E-10 2.6031E-10 2.7136E-10 2.8256E-10 2.9445E-10 3.0674E-10 3.1920E-10 3.3240E-10 3.4588E-10 3.5989E-10 3.7447E-10 3.8967E-10 4.0548E-10 4.2183E-10 4.3862E-10 4.5621E-10 4.7392E-10 4.9268E-10 5.1225E-10 5.3197E-10 5.5244E-10 5.7329E-10 5.9523E-10 6.1724E-10 6.4035E-10 6.6387E-10
4.9359E-11 5.2328E-11 5.5576E-11 5.9114E-11 6.2254E-11 6.5970E-11 6.9239E-11 7.3467E-11 7.8088E-11 8.2434E-11 8.7624E-11 9.2816E-11 9.7987E-11 1.0323E-10 1.0889E-10 1.1501E-10 1.2092E-10 1.2745E-10 1.3434E-10 1.4101E-10 1.4815E-10 1.5602E-10 1.6343E-10 1.7144E-10 1.7956E-10 1.8790E-10 1.9675E-10 2.0562E-10 2.1487E-10 2.2424E-10 2.3363E-10 2.4346E-10 2.5383E-10 2.6421E-10 2.7550E-10 2.8693E-10 2.9874E-10 3.1103E-10 3.2381E-10 3.3685E-10 3.5056E-10 3.6449E-10 3.7949E-10 3.9451E-10 4.1037E-10 4.2679E-10 4.4342E-10 4.6104E-10 4.7935E-10 4.9799E-10 5.1725E-10 5.3684E-10 5.5752E-10 5.7810E-10 5.9999E-10 6.2205E-10 6.4495E-10
4.7540E-11 5.0510E-11 5.3971E-11 5.7088E-11 6.0419E-11 6.3988E-11 6.7422E-11 7.1459E-11 7.5240E-11 7.9981E-11 8.4957E-11 8.9827E-11 9.5075E-11 1.0000E-10 1.0579E-10 1.1157E-10 1.1744E-10 1.2396E-10 1.3009E-10 1.3695E-10 1.4426E-10 1.5123E-10 1.5888E-10 1.6663E-10 1.7472E-10 1.8311E-10 1.9146E-10 2.0009E-10 2.0935E-10 2.1835E-10 2.2756E-10 2.3718E-10 2.4705E-10 2.5755E-10 2.6839E-10 2.7936E-10 2.9101E-10 3.0290E-10 3.1514E-10 3.2803E-10 3.4110E-10 3.5488E-10 3.6911E-10 3.8402E-10 3.9899E-10 4.1480E-10 4.3125E-10 4.4845E-10 4.6598E-10 4.8386E-10 5.0249E-10 5.2184E-10 5.4129E-10 5.6193E-10 5.8267E-10 6.0426E-10 6.2634E-10
4.5896E-11 4.9086E-11 5.1959E-11 5.5281E-11 5.8717E-11 6.2014E-11 6.5536E-11 6.8867E-11 7.3085E-11 7.7700E-11 8.1901E-11 8.7059E-11 9.2330E-11 9.7345E-11 1.0255E-10 1.0827E-10 1.1422E-10 1.2002E-10 1.2649E-10 1.3330E-10 1.3981E-10 1.4679E-10 1.5418E-10 1.6208E-10 1.6998E-10 1.7798E-10 1.8619E-10 1.9490E-10 2.0362E-10 2.1238E-10 2.2176E-10 2.3087E-10 2.4077E-10 2.5094E-10 2.6111E-10 2.7217E-10 2.8321E-10 2.9481E-10 3.0681E-10 3.1906E-10 3.3203E-10 3.4539E-10 3.5908E-10 3.7325E-10 3.8811E-10 4.0321E-10 4.1903E-10 4.3540E-10 4.5261E-10 4.7013E-10 4.8832E-10 5.0660E-10 5.2592E-10 5.4553E-10 5.6587E-10 5.8664E-10 6.0834E-10
4.4525E-11 4.7163E-11 5.0416E-11 5.3656E-11 5.6671E-11 6.0063E-11 6.3176E-11 6.6940E-11 7.1011E-11 7.4704E-11 7.9414E-11 8.4326E-11 8.9187E-11 9.4391E-11 9.9332E-11 1.0501E-10 1.1065E-10 1.1665E-10 1.2299E-10 1.2905E-10 1.3550E-10 1.4245E-10 1.4991E-10 1.5746E-10 1.6509E-10 1.7286E-10 1.8131E-10 1.8947E-10 1.9766E-10 2.0677E-10 2.1566E-10 2.2495E-10 2.3438E-10 2.4405E-10 2.5433E-10 2.6493E-10 2.7556E-10 2.8681E-10 2.9843E-10 3.1049E-10 3.2318E-10 3.3591E-10 3.4922E-10 3.6284E-10 3.7715E-10 3.9202E-10 4.0714E-10 4.2333E-10 4.3968E-10 4.5666E-10 4.7393E-10 4.9209E-10 5.1031E-10 5.2966E-10 5.4910E-10 5.6935E-10 5.9001E-10
4.2939E-11 4.5759E-11 4.8726E-11 5.1620E-11 5.4974E-11 5.8260E-11 6.1361E-11 6.5030E-11 6.8248E-11 7.2425E-11 7.7014E-11 8.1268E-11 8.6384E-11 9.1608E-11 9.6574E-11 1.0164E-10 1.0738E-10 1.1313E-10 1.1884E-10 1.2492E-10 1.3180E-10 1.3840E-10 1.4541E-10 1.5269E-10 1.6027E-10 1.6824E-10 1.7589E-10 1.8383E-10 1.9239E-10 2.0088E-10 2.0987E-10 2.1892E-10 2.2797E-10 2.3766E-10 2.4761E-10 2.5745E-10 2.6812E-10 2.7890E-10 2.9034E-10 3.0215E-10 3.1408E-10 3.2671E-10 3.3938E-10 3.5283E-10 3.6659E-10 3.8078E-10 3.9567E-10 4.1111E-10 4.2696E-10 4.4328E-10 4.6024E-10 4.7736E-10 4.9556E-10 5.1384E-10 5.3288E-10 5.5233E-10 5.7267E-10
4.1617E-11 4.4163E-11 4.6912E-11 5.0194E-11 5.3327E-11 5.6196E-11 5.9647E-11 6.2650E-11 6.6384E-11 7.0422E-11 7.4082E-11 7.8752E-11 8.3620E-11 8.8434E-11 9.3483E-11 9.8416E-11 1.0400E-10 1.0938E-10 1.1500E-10 1.2159E-10 1.2767E-10 1.3416E-10 1.4095E-10 1.4804E-10 1.5578E-10 1.6298E-10 1.7052E-10 1.7883E-10 1.8695E-10 1.9524E-10 2.0403E-10 2.1287E-10 2.2196E-10 2.3118E-10 2.4053E-10 2.5054E-10 2.6052E-10 2.7138E-10 2.8235E-10 2.9366E-10 3.0531E-10 3.1727E-10 3.2993E-10 3.4285E-10 3.5617E-10 3.6996E-10 3.8448E-10 3.9902E-10 4.1444E-10 4.3027E-10 4.4644E-10 4.6335E-10 4.8061E-10 4.9852E-10 5.1671E-10 5.3564E-10 5.5497E-10
4.0202E-11 4.2522E-11 4.5493E-11 4.8355E-11 5.1239E-11 5.4561E-11 5.7211E-11 6.0817E-11 6.4537E-11 6.7639E-11 7.1779E-11 7.6326E-11 8.0537E-11 8.5601E-11 9.0769E-11 9.5676E-11 1.0038E-10 1.0585E-10 1.1197E-10 1.1751E-10 1.2364E-10 1.2988E-10 1.3659E-10 1.4380E-10 1.5066E-10 1.5789E-10 1.6579E-10 1.7347E-10 1.8151E-10 1.8963E-10 1.9801E-10 2.0684E-10 2.1585E-10 2.2459E-10 2.3386E-10 2.4336E-10 2.5345E-10 2.6385E-10 2.7435E-10 2.8525E-10 2.9660E-10 3.0837E-10 3.2063E-10 3.3302E-10 3.4596E-10 3.5928E-10 3.7305E-10 3.8756E-10 4.0217E-10 4.1736E-10 4.3313E-10 4.4945E-10 4.6619E-10 4.8326E-10 5.0108E-10 5.1927E-10 5.3828E-10
3.8554E-11 4.1190E-11 4.3886E-11 4.6451E-11 4.9712E-11 5.2284E-11 5.5490E-11 5.9086E-11 6.1972E-11 6.5659E-11 6.9665E-11 7.3374E-11 7.7997E-11 8.2768E-11 8.7486E-11 9.2169E-11 9.7116E-11 1.0283E-10 1.0810E-10 1.1372E-10 1.1961E-10 1.2592E-10 1.3263E-10 1.3899E-10 1.4575E-10 1.5331E-10 1.6060E-10 1.6831E-10 1.7593E-10 1.8406E-10 1.9234E-10 2.0110E-10 2.0940E-10 2.1831E-10 2.2719E-10 2.3670E-10 2.4646E-10 2.5617E-10 2.6651E-10 2.7704E-10 2.8820E-10 2.9971E-10 3.1122E-10 3.2350E-10 3.3589E-10 3.4882E-10 3.6226E-10 3.7586E-10 3.9024E-10 4.0481E-10 4.2005E-10 4.3586E-10 4.5190E-10 4.6854E-10 4.8551E-10 5.0321E-10 5.2127E-10
3.7735E-11 3.9851E-11 4.2069E-11 4.5021E-11 4.7584E-11 5.0458E-11 5.4016E-11 5.6637E-11 6.0112E-11 6.3801E-11 6.7078E-11 7.1053E-11 7.5550E-11 7.9581E-11 8.4276E-11 8.8994E-11 9.4296E-11 9.9003E-11 1.0440E-10 1.1009E-10 1.1582E-10 1.2218E-10 1.2800E-10 1.3438E-10 1.4142E-10 1.4838E-10 1.5574E-10 1.6301E-10 1.7070E-10 1.7874E-10 1.8679E-10 1.9469E-10 2.0334E-10 2.1202E-10 2.2094E-10 2.2997E-10 2.3921E-10 2.4890E-10 2.5864E-10 2.6924E-10 2.7993E-10 2.9083E-10 3.0225E-10 3.1386E-10 3.2613E-10 3.3864E-10 3.5141E-10 3.6473E-10 3.7840E-10 3.9262E-10 4.0724E-10 4.2241E-10 4.3803E-10 4.5398E-10 4.7051E-10 4.8736E-10 5.0492E-10
3.6496E-11 3.8111E-11 4.0729E-11 4.3403E-11 4.5948E-11 4.9096E-11 5.1644E-11 5.4905E-11 5.8374E-11 6.1316E-11 6.4961E-11 6.8922E-11 7.2454E-11 7.6966E-11 8.1085E-11 8.6208E-11 9.0984E-11 9.5944E-11 1.0100E-10 1.0648E-10 1.1233E-10 1.1773E-10 1.2380E-10 1.3025E-10 1.3682E-10 1.4371E-10 1.5064E-10 1.5798E-10 1.6567E-10 1.7323E-10 1.8089E-10 1.8901E-10 1.9710E-10 2.0577E-10 2.1460E-10 2.2325E-10 2.3221E-10 2.4148E-10 2.5132E-10 2.6133E-10 2.7166E-10 2.8226E-10 2.9327E-10 3.0468E-10 3.1655E-10 3.2853E-10 3.4091E-10 3.5376E-10 3.6692E-10 3.8064E-10 3.9490E-10 4.0934E-10 4.2432E-10 4.3984E-10 4.5568E-10 4.7208E-10 4.8879E-10
3.5530E-11 3.7286E-11 3.9468E-11 4.1581E-11 4.4422E-11 4.6908E-11 4.9894E-11 5.3280E-11 5.5921E-11 5.9443E-11 6.3089E-11 6.6072E-11 7.0165E-11 7.4126E-11 7.8409E-11 8.2977E-11 8.7743E-11 9.2841E-11 9.7571E-11 1.0309E-10 1.0823E-10 1.1379E-10 1.1989E-10 1.2607E-10 1.3245E-10 1.3890E-10 1.4577E-10 1.5323E-10 1.6036E-10 1.6763E-10 1.7526E-10 1.8311E-10 1.9108E-10 1.9983E-10 2.0795E-10 2.1665E-10 2.2532E-10 2.3443E-10 2.4397E-10 2.5354E-10 2.6359E-10 2.7380E-10 2.8462E-10 2.9577E-10 3.0688E-10 3.1863E-10 3.3058E-10 3.4293E-10 3.5586E-10 3.6903E-10 3.8258E-10 3.9676E-10 4.1100E-10 4.2588E-10 4.4129E-10 4.5700E-10 4.7325E-10
3.4841E-11 3.6042E-11 3.7639E-11 4.0317E-11 4.2469E-11 4.5140E-11 4.8463E-11 5.0909E-11 5.4266E-11 5.7695E-11 6.0597E-11 6.4195E-11 6.7538E-11 7.1331E-11 7.5691E-11 7.9843E-11 8.4677E-11 8.9318E-11 9.4482E-11 9.9102E-11 1.0444E-10 1.1028E-10 1.1589E-10 1.2193E-10 1.2784E-10 1.3434E-10 1.4129E-10 1.4808E-10 1.5507E-10 1.6229E-10 1.6938E-10 1.7745E-10 1.8538E-10 1.9323E-10 2.0170E-10 2.0983E-10 2.1870E-10 2.2753E-10 2.3664E-10 2.4605E-10 2.5550E-10 2.6578E-10 2.7612E-10 2.8665E-10 2.9768E-10 3.0876E-10 3.2048E-10 3.3252E-10 3.4478E-10 3.5775E-10 3.7074E-10 3.8411E-10 3.9819E-10 4.1233E-10 4.2709E-10 4.4236E-10 4.5793E-10
3.4160E-11 3.5072E-11 3.6720E-11 3.8544E-11 4.0882E-11 4.3861E-11 4.6114E-11 4.9286E-11 5.2633E-11 5.5238E-11 5.8715E-11 6.1743E-11 6.4993E-11 6.8940E-11 7.2875E-11 7.7044E-11 8.1333E-11 8.6355E-11 9.0875E-11 9.5859E-11 1.0114E-10 1.0649E-10 1.1202E-10 1.1759E-10 1.2357E-10 1.3007E-10 1.3648E-10 1.4301E-10 1.4990E-10 1.5665E-10 1.6437E-10 1.7182E-10 1.7944E-10 1.8738E-10 1.9495E-10 2.0357E-10 2.1222E-10 2.2074E-10 2.2945E-10 2.3843E-10 2.4797E-10 2.5766E-10 2.6764E-10 2.7787E-10 2.8838E-10 2.9937E-10 3.1055E-10 3.2208E-10 3.3427E-10 3.4646E-10 3.5916E-10 3.7206E-10 3.8533E-10 3.9931E-10 4.1332E-10 4.2795E-10 4.4307E-10
3.3485E-11 3.4379E-11 3.5645E-11 3.7139E-11 3.9792E-11 4.1920E-11 4.4560E-11 4.7848E-11 5.0261E-11 5.3576E-11 5.6430E-11 5.9429E-11 6.3104E-11 6.6466E-11 7.0081E-11 7.4054E-11 7.8486E-11 8.2927E-11 8.7689E-11 9.2785E-11 9.7410E-11 1.0273E-10 1.0804E-10 1.1351E-10 1.1968E-10 1.2557E-10 1.3172E-10 1.3814E-10 1.4442E-10 1.5193E-10 1.5882E-10 1.6620E-10 1.7366E-10 1.8099E-10 1.8910E-10 1.9717E-10 2.0536E-10 2.1398E-10 2.2238E-10 2.3121E-10 2.4044E-10 2.4959E-10 2.5926E-10 2.6922E-10 2.7942E-10 2.8989E-10 3.0084E-10 3.1220E-10 3.2364E-10 3.3556E-10 3.4767E-10 3.6027E-10 3.7308E-10 3.8623E-10 4.0008E-10 4.1396E-10 4.2853E-10
3.2818E-11 3.3694E-11 3.4588E-11 3.6130E-11 3.8021E-11 4.0242E-11 4.3229E-11 4.5500E-11 4.8633E-11 5.1405E-11 5.4112E-11 5.7670E-11 6.0638E-11 6.3924E-11 6.7420E-11 7.1360E-11 7.5539E-11 7.9787E-11 8.4665E-11 8.8960E-11 9.4250E-11 9.8830E-11 1.0393E-10 1.0982E-10 1.1537E-10 1.2118E-10 1.2708E-10 1.3299E-10 1.3967E-10 1.4635E-10 1.5367E-10 1.6068E-10 1.6760E-10 1.7532E-10 1.8292E-10 1.9073E-10 1.9911E-10 2.0700E-10 2.1560E-10 2.2414E-10 2.3268E-10 2.4190E-10 2.5113E-10 2.6080E-10 2.7060E-10 2.8089E-10 2.9145E-10 3.0228E-10 3.1349E-10 3.2485E-10 3.3658E-10 3.4859E-10 3.6110E-10 3.7379E-10 3.8682E-10 4.0063E-10 4.1426E-10
3.2158E-11 3.3017E-11 3.3893E-11 3.5140E-11 3.6524E-11 3.9189E-11 4.1118E-11 4.3943E-11 4.6656E-11 4.9175E-11 5.2575E-11 5.5411E-11 5.8411E-11 6.1468E-11 6.5155E-11 6.8750E-11 7.2641E-11 7.6894E-11 8.1157E-11 8.6096E-11 9.0579E-11 9.5322E-11 1.0065E-10 1.0596E-10 1.1127E-10 1.1683E-10 1.2236E-10 1.2846E-10 1.3466E-10 1.4164E-10 1.4824E-10 1.5492E-10 1.6231E-10 1.6944E-10 1.7669E-10 1.8472E-10 1.9224E-10 2.0047E-10 2.0864E-10 2.1694E-10 2.2548E-10 2.3410E-10 2.4332E-10 2.5239E-10 2.6202E-10 2.7206E-10 2.8212E-10 2.9274E-10 3.0328E-10 3.1442E-10 3.2569E-10 3.3733E-10 3.4938E-10 3.6163E-10 3.7419E-10 3.8718E-10 4.0074E-10
3.1505E-11 3.2347E-11 3.3206E-11 3.4081E-11 3.5553E-11 3.7162E-11 3.9660E-11 4.2071E-11 4.4540E-11 4.7759E-11 5.0489E-11 5.3244E-11 5.6084E-11 5.9445E-11 6.2717E-11 6.6205E-11 6.9849E-11 7.3855E-11 7.8080E-11 8.2615E-11 8.7140E-11 9.2293E-11 9.6737E-11 1.0199E-10 1.0729E-10 1.1232E-10 1.1808E-10 1.2390E-10 1.3040E-10 1.3640E-10 1.4276E-10 1.4983E-10 1.5648E-10 1.6355E-10 1.7111E-10 1.7840E-10 1.8613E-10 1.9374E-10 2.0182E-10 2.1018E-10 2.1824E-10 2.2665E-10 2.3541E-10 2.4443E-10 2.5374E-10 2.6318E-10 2.7314E-10 2.8313E-10 2.9358E-10 3.0405E-10 3.1510E-10 3.2642E-10 3.3781E-10 3.4974E-10 3.6186E-10 3.7438E-10 3.8712E-10
3.0861E-11 3.1685E-11 3.2526E-11 3.3384E-11 3.4390E-11 3.5972E-11 3.8061E-11 4.0195E-11 4.3111E-11 4.5785E-11 4.8356E-11 5.1037E-11 5.4192E-11 5.7348E-11 6.0442E-11 6.3549E-11 6.7148E-11 7.1081E-11 7.5216E-11 7.9231E-11 8.4117E-11 8.8234E-11 9.3342E-11 9.8095E-11 1.0297E-10 1.0843E-10 1.1374E-10 1.1973E-10 1.2539E-10 1.3139E-10 1.3791E-10 1.4431E-10 1.5105E-10 1.5795E-10 1.6497E-10 1.7249E-10 1.7950E-10 1.8736E-10 1.9517E-10 2.0291E-10 2.1125E-10 2.1945E-10 2.2779E-10 2.3653E-10 2.4550E-10 2.5473E-10 2.6421E-10 2.7390E-10 2.8383E-10 2.9420E-10 3.0457E-10 3.1553E-10 3.2674E-10 3.3801E-10 3.4981E-10 3.6189E-10 3.7416E-10
3.0223E-11 3.1031E-11 3.1855E-11 3.2695E-11 3.3551E-11 3.5001E-11 3.6452E-11 3.9049E-11 4.1384E-11 4.3768E-11 4.6268E-11 4.9322E-11 5.2238E-11 5.5121E-11 5.8027E-11 6.1187E-11 6.4727E-11 6.8320E-11 7.2027E-11 7.6226E-11 8.0439E-11 8.5202E-11 8.9862E-11 9.4387E-11 9.9290E-11 1.0436E-10 1.0987E-10 1.1511E-10 1.2083E-10 1.2678E-10 1.3261E-10 1.3913E-10 1.4572E-10 1.5242E-10 1.5951E-10 1.6617E-10 1.7362E-10 1.8076E-10 1.8834E-10 1.9627E-10 2.0385E-10 2.1230E-10 2.2048E-10 2.2877E-10 2.3747E-10 2.4635E-10 2.5542E-10 2.6484E-10 2.7446E-10 2.8430E-10 2.9458E-10 3.0500E-10 3.1570E-10 3.2669E-10 3.3794E-10 3.4960E-10 3.6141E-10
2.9594E-11 3.0385E-11 3.1192E-11 3.2014E-11 3.2853E-11 3.3755E-11 3.5397E-11 3.7414E-11 3.9557E-11 4.1664E-11 4.4669E-11 4.7407E-11 5.0135E-11 5.2934E-11 5.5800E-11 5.9038E-11 6.2227E-11 6.5593E-11 6.9187E-11 7.3148E-11 7.7372E-11 8.1681E-11 8.6180E-11 9.0961E-11 9.5322E-11 1.0063E-10 1.0563E-10 1.1086E-10 1.1649E-10 1.2181E-10 1.2778E-10 1.3391E-10 1.4038E-10 1.4707E-10 1.5347E-10 1.6064E-10 1.6720E-10 1.7455E-10 1.8196E-10 1.8919E-10 1.9743E-10 2.0496E-10 2.1307E-10 2.2134E-10 2.2945E-10 2.3820E-10 2.4692E-10 2.5592E-10 2.6526E-10 2.7480E-10 2.8469E-10 2.9473E-10 3.0517E-10 3.1562E-10 3.2648E-10 3.3769E-10 3.4909E-10
