Assets/Resources/2015_m01_d26_1200(utc+0800)_l00_csi_1hr_conc.grd
DSAA
         159         159
     -79.000      79.000
     -79.000      79.000
  0.0000E+00  0.1276E-05
[rows 100 to 124 of 159, columns 0 to 56 of 159]
4.7737E-10 4.8670E-10 5.0179E-10 5.1131E-10 5.2666E-10 5.3632E-10 5.5188E-10 5.6164E-10 5.7737E-10 5.8719E-10 6.0304E-10 6.1286E-10 6.2261E-10 6.3229E-10 6.4188E-10 6.5137E-10 6.6073E-10 6.6996E-10 6.7903E-10 6.8793E-10 6.9664E-10 7.0515E-10 7.1344E-10 7.2148E-10 7.2926E-10 7.3677E-10 7.4123E-10 7.4536E-10 7.4730E-10 7.5089E-10 7.5123E-10 7.5317E-10 7.5277E-10 7.5501E-10 7.5786E-10 7.6137E-10 7.6547E-10 7.6912E-10 7.7231E-10 7.7501E-10 7.7722E-10 7.7892E-10 7.8009E-10 7.8073E-10 7.8081E-10 7.8033E-10 7.7931E-10 7.7779E-10 7.7583E-10 7.7339E-10 7.7050E-10 7.6720E-10 7.6351E-10 7.5947E-10 7.5509E-10 7.5033E-10 7.4515E-10
4.5328E-10 4.6290E-10 4.7610E-10 4.8589E-10 4.9928E-10 5.0919E-10 5.2275E-10 5.3275E-10 5.4642E-10 5.5646E-10 5.7019E-10 5.8022E-10 5.9396E-10 6.0301E-10 6.1196E-10 6.2081E-10 6.2954E-10 6.3813E-10 6.4657E-10 6.5484E-10 6.6116E-10 6.6821E-10 6.7328E-10 6.7545E-10 6.7734E-10 6.7987E-10 6.8120E-10 6.8506E-10 6.8862E-10 6.9383E-10 6.9968E-10 7.0521E-10 7.1039E-10 7.1522E-10 7.1966E-10 7.2370E-10 7.2733E-10 7.3054E-10 7.3329E-10 7.3559E-10 7.3741E-10 7.3874E-10 7.3958E-10 7.3990E-10 7.3969E-10 7.3895E-10 7.3776E-10 7.3611E-10 7.3400E-10 7.3149E-10 7.2855E-10 7.2524E-10 7.2158E-10 7.1762E-10 7.1330E-10 7.0863E-10 7.0357E-10
4.3523E-10 4.4355E-10 4.5192E-10 4.6110E-10 4.7353E-10 4.8281E-10 4.9536E-10 5.0470E-10 5.1734E-10 5.2669E-10 5.3935E-10 5.4867E-10 5.5969E-10 5.6649E-10 5.7414E-10 5.7823E-10 5.8307E-10 5.8690E-10 5.9225E-10 5.9659E-10 6.0159E-10 6.0818E-10 6.1548E-10 6.2258E-10 6.2948E-10 6.3616E-10 6.4261E-10 6.4880E-10 6.5473E-10 6.6037E-10 6.6571E-10 6.7073E-10 6.7542E-10 6.7976E-10 6.8373E-10 6.8732E-10 6.9052E-10 6.9330E-10 6.9566E-10 6.9758E-10 6.9904E-10 7.0004E-10 7.0056E-10 7.0060E-10 7.0013E-10 6.9920E-10 6.9782E-10 6.9606E-10 6.9386E-10 6.9127E-10 6.8832E-10 6.8502E-10 6.8142E-10 6.7751E-10 6.7327E-10 6.6867E-10 6.6373E-10
4.1761E-10 4.2548E-10 4.3340E-10 4.4135E-10 4.4932E-10 4.5731E-10 4.6531E-10 4.7332E-10 4.8131E-10 4.8930E-10 4.9725E-10 5.0517E-10 5.1305E-10 5.2087E-10 5.2862E-10 5.3630E-10 5.4388E-10 5.5136E-10 5.5872E-10 5.6595E-10 5.7304E-10 5.7997E-10 5.8673E-10 5.9331E-10 5.9968E-10 6.0584E-10 6.1177E-10 6.1745E-10 6.2287E-10 6.2802E-10 6.3287E-10 6.3742E-10 6.4164E-10 6.4553E-10 6.4906E-10 6.5223E-10 6.5502E-10 6.5741E-10 6.5940E-10 6.6097E-10 6.6210E-10 6.6280E-10 6.6304E-10 6.6281E-10 6.6212E-10 6.6102E-10 6.5953E-10 6.5762E-10 6.5536E-10 6.5273E-10 6.4977E-10 6.4649E-10 6.4296E-10 6.3910E-10 6.3494E-10 6.3044E-10 6.2563E-10
4.0043E-10 4.0787E-10 4.1534E-10 4.2285E-10 4.3037E-10 4.3790E-10 4.4544E-10 4.5297E-10 4.6049E-10 4.6799E-10 4.7546E-10 4.8289E-10 4.9027E-10 4.9759E-10 5.0484E-10 5.1201E-10 5.1909E-10 5.2606E-10 5.3291E-10 5.3963E-10 5.4621E-10 5.5264E-10 5.5889E-10 5.6496E-10 5.7084E-10 5.7650E-10 5.8194E-10 5.8714E-10 5.9209E-10 5.9676E-10 6.0116E-10 6.0526E-10 6.0905E-10 6.1251E-10 6.1564E-10 6.1841E-10 6.2082E-10 6.2286E-10 6.2450E-10 6.2575E-10 6.2658E-10 6.2700E-10 6.2698E-10 6.2653E-10 6.2566E-10 6.2440E-10 6.2280E-10 6.2082E-10 6.1849E-10 6.1583E-10 6.1288E-10 6.0965E-10 6.0615E-10 6.0237E-10 5.9827E-10 5.9387E-10 5.8921E-10
3.8368E-10 3.9071E-10 3.9776E-10 4.0484E-10 4.1192E-10 4.1901E-10 4.2610E-10 4.3318E-10 4.4025E-10 4.4729E-10 4.5429E-10 4.6125E-10 4.6816E-10 4.7500E-10 4.8177E-10 4.8846E-10 4.9505E-10 5.0154E-10 5.0791E-10 5.1414E-10 5.2024E-10 5.2618E-10 5.3196E-10 5.3755E-10 5.4295E-10 5.4815E-10 5.5313E-10 5.5787E-10 5.6237E-10 5.6661E-10 5.7057E-10 5.7425E-10 5.7764E-10 5.8071E-10 5.8345E-10 5.8586E-10 5.8792E-10 5.8962E-10 5.9095E-10 5.9191E-10 5.9247E-10 5.9263E-10 5.9238E-10 5.9172E-10 5.9071E-10 5.8934E-10 5.8761E-10 5.8557E-10 5.8320E-10 5.8054E-10 5.7760E-10 5.7443E-10 5.7097E-10 5.6726E-10 5.6324E-10 5.5897E-10 5.5441E-10
3.6739E-10 3.7402E-10 3.8066E-10 3.8732E-10 3.9399E-10 4.0066E-10 4.0732E-10 4.1396E-10 4.2059E-10 4.2719E-10 4.3374E-10 4.4025E-10 4.4671E-10 4.5310E-10 4.5941E-10 4.6564E-10 4.7177E-10 4.7779E-10 4.8370E-10 4.8948E-10 4.9512E-10 5.0060E-10 5.0592E-10 5.1107E-10 5.1602E-10 5.2078E-10 5.2532E-10 5.2963E-10 5.3371E-10 5.3754E-10 5.4110E-10 5.4439E-10 5.4739E-10 5.5010E-10 5.5249E-10 5.5456E-10 5.5630E-10 5.5769E-10 5.5874E-10 5.5942E-10 5.5973E-10 5.5966E-10 5.5921E-10 5.5840E-10 5.5723E-10 5.5577E-10 5.5397E-10 5.5187E-10 5.4947E-10 5.4681E-10 5.4392E-10 5.4078E-10 5.3739E-10 5.3373E-10 5.2980E-10 5.2565E-10 5.1969E-10
3.5154E-10 3.5778E-10 3.6404E-10 3.7030E-10 3.7657E-10 3.8283E-10 3.8908E-10 3.9531E-10 4.0152E-10 4.0769E-10 4.1382E-10 4.1990E-10 4.2593E-10 4.3188E-10 4.3776E-10 4.4355E-10 4.4924E-10 4.5483E-10 4.6030E-10 4.6564E-10 4.7084E-10 4.7589E-10 4.8078E-10 4.8550E-10 4.9004E-10 4.9437E-10 4.9851E-10 5.0242E-10 5.0610E-10 5.0954E-10 5.1273E-10 5.1566E-10 5.1831E-10 5.2067E-10 5.2273E-10 5.2449E-10 5.2593E-10 5.2705E-10 5.2783E-10 5.2827E-10 5.2835E-10 5.2651E-10 5.2593E-10 5.2342E-10 5.2057E-10 5.1738E-10 5.1558E-10 5.1180E-10 5.0774E-10 5.0516E-10 5.0233E-10 4.9924E-10 4.9594E-10 4.9240E-10 4.8863E-10 4.8464E-10 4.7972E-10
3.3615E-10 3.4202E-10 3.4790E-10 3.5378E-10 3.5966E-10 3.6553E-10 3.7139E-10 3.7723E-10 3.8303E-10 3.8880E-10 3.9453E-10 4.0020E-10 4.0581E-10 4.1135E-10 4.1681E-10 4.2218E-10 4.2746E-10 4.3263E-10 4.3769E-10 4.4261E-10 4.4740E-10 4.5205E-10 4.5653E-10 4.6085E-10 4.6499E-10 4.6894E-10 4.7269E-10 4.7622E-10 4.7954E-10 4.8262E-10 4.8546E-10 4.8804E-10 4.9036E-10 4.9241E-10 4.9417E-10 4.9564E-10 4.9681E-10 4.9767E-10 4.9667E-10 4.9694E-10 4.9534E-10 4.9341E-10 4.9038E-10 4.8869E-10 4.8586E-10 4.8189E-10 4.7934E-10 4.7647E-10 4.7417E-10 4.7078E-10 4.6798E-10 4.6496E-10 4.6171E-10 4.5825E-10 4.5462E-10 4.5081E-10 4.4684E-10
3.2120E-10 3.2672E-10 3.3224E-10 3.3776E-10 3.4327E-10 3.4877E-10 3.5425E-10 3.5971E-10 3.6513E-10 3.7051E-10 3.7585E-10 3.8113E-10 3.8635E-10 3.9150E-10 3.9657E-10 4.0154E-10 4.0643E-10 4.1120E-10 4.1587E-10 4.2040E-10 4.2481E-10 4.2906E-10 4.3317E-10 4.3711E-10 4.4087E-10 4.4446E-10 4.4784E-10 4.5103E-10 4.5400E-10 4.5674E-10 4.5926E-10 4.6152E-10 4.6354E-10 4.6530E-10 4.6678E-10 4.6649E-10 4.6746E-10 4.6664E-10 4.6553E-10 4.6336E-10 4.6250E-10 4.6056E-10 4.5754E-10 4.5586E-10 4.5386E-10 4.5239E-10 4.4980E-10 4.4777E-10 4.4548E-10 4.4294E-10 4.4017E-10 4.3719E-10 4.3401E-10 4.3065E-10 4.2709E-10 4.2342E-10 4.1967E-10
3.0670E-10 3.1188E-10 3.1706E-10 3.2223E-10 3.2739E-10 3.3254E-10 3.3766E-10 3.4275E-10 3.4781E-10 3.5283E-10 3.5779E-10 3.6270E-10 3.6755E-10 3.7232E-10 3.7702E-10 3.8163E-10 3.8613E-10 3.9054E-10 3.9483E-10 3.9900E-10 4.0303E-10 4.0693E-10 4.1067E-10 4.1426E-10 4.1768E-10 4.2091E-10 4.2397E-10 4.2682E-10 4.2947E-10 4.3190E-10 4.3411E-10 4.3609E-10 4.3639E-10 4.3645E-10 4.3625E-10 4.3733E-10 4.3590E-10 4.3421E-10 4.3301E-10 4.3240E-10 4.3150E-10 4.3031E-10 4.2964E-10 4.2711E-10 4.2588E-10 4.2358E-10 4.2099E-10 4.1813E-10 4.1586E-10 4.1252E-10 4.0897E-10 4.0607E-10 4.0296E-10 3.9970E-10 3.9629E-10 3.9277E-10 3.8924E-10
2.9266E-10 2.9751E-10 3.0236E-10 3.0720E-10 3.1202E-10 3.1683E-10 3.2161E-10 3.2636E-10 3.3107E-10 3.3574E-10 3.4035E-10 3.4491E-10 3.4941E-10 3.5383E-10 3.5817E-10 3.6242E-10 3.6657E-10 3.7063E-10 3.7457E-10 3.7839E-10 3.8208E-10 3.8563E-10 3.8904E-10 3.9229E-10 3.9538E-10 3.9830E-10 4.0104E-10 4.0359E-10 4.0454E-10 4.0529E-10 4.0728E-10 4.0762E-10 4.0702E-10 4.0691E-10 4.0738E-10 4.0610E-10 4.0610E-10 4.0662E-10 4.0613E-10 4.0537E-10 4.0438E-10 4.0390E-10 4.0238E-10 4.0059E-10 3.9931E-10 3.9698E-10 3.9438E-10 3.9153E-10 3.8930E-10 3.8683E-10 3.8417E-10 3.8132E-10 3.7829E-10 3.7510E-10 3.7183E-10 3.6850E-10 3.6511E-10
2.7762E-10 2.8360E-10 2.8814E-10 2.9266E-10 2.9716E-10 3.0165E-10 3.0610E-10 3.1052E-10 3.1491E-10 3.1924E-10 3.2352E-10 3.2775E-10 3.3191E-10 3.3599E-10 3.4000E-10 3.4392E-10 3.4774E-10 3.5146E-10 3.5507E-10 3.5856E-10 3.6193E-10 3.6517E-10 3.6826E-10 3.7120E-10 3.7265E-10 3.7392E-10 3.7502E-10 3.7594E-10 3.7811E-10 3.7798E-10 3.7765E-10 3.7859E-10 3.8004E-10 3.8057E-10 3.8087E-10 3.8094E-10 3.8154E-10 3.8118E-10 3.8132E-10 3.8048E-10 3.7939E-10 3.7804E-10 3.7722E-10 3.7537E-10 3.7275E-10 3.7119E-10 3.6888E-10 3.6632E-10 3.6408E-10 3.6112E-10 3.5795E-10 3.5459E-10 3.5167E-10 3.4861E-10 3.4545E-10 3.4232E-10 3.3916E-10
2.6254E-10 2.6810E-10 2.7304E-10 2.7861E-10 2.8281E-10 2.8699E-10 2.9113E-10 2.9524E-10 2.9931E-10 3.0333E-10 3.0730E-10 3.1121E-10 3.1505E-10 3.1882E-10 3.2251E-10 3.2611E-10 3.2962E-10 3.3303E-10 3.3633E-10 3.3823E-10 3.4001E-10 3.4165E-10 3.4315E-10 3.4450E-10 3.4642E-10 3.4749E-10 3.4911E-10 3.5057E-10 3.5186E-10 3.5297E-10 3.5461E-10 3.5535E-10 3.5661E-10 3.5768E-10 3.5783E-10 3.5776E-10 3.5821E-10 3.5772E-10 3.5700E-10 3.5604E-10 3.5561E-10 3.5420E-10 3.5282E-10 3.5120E-10 3.4933E-10 3.4775E-10 3.4542E-10 3.4289E-10 3.4014E-10 3.3776E-10 3.3521E-10 3.3249E-10 3.2962E-10 3.2668E-10 3.2371E-10 3.2071E-10 3.1775E-10
2.4748E-10 2.5405E-10 2.5798E-10 2.6380E-10 2.6770E-10 2.7284E-10 2.7669E-10 2.8050E-10 2.8428E-10 2.8800E-10 2.9167E-10 2.9528E-10 2.9760E-10 2.9984E-10 3.0199E-10 3.0405E-10 3.0602E-10 3.0788E-10 3.1095E-10 3.1326E-10 3.1547E-10 3.1821E-10 3.2018E-10 3.2201E-10 3.2370E-10 3.2524E-10 3.2733E-10 3.2926E-10 3.3103E-10 3.3263E-10 3.3337E-10 3.3393E-10 3.3501E-10 3.3520E-10 3.3519E-10 3.3498E-10 3.3531E-10 3.3469E-10 3.3460E-10 3.3382E-10 3.3282E-10 3.3159E-10 3.3064E-10 3.2897E-10 3.2707E-10 3.2494E-10 3.2314E-10 3.2114E-10 3.1897E-10 3.1662E-10 3.1409E-10 3.1145E-10 3.0870E-10 3.0586E-10 3.0306E-10 3.0025E-10 2.9744E-10
2.3398E-10 2.3935E-10 2.4370E-10 2.4456E-10 2.4816E-10 2.5237E-10 2.5592E-10 2.5945E-10 2.6293E-10 2.6637E-10 2.6976E-10 2.7310E-10 2.7638E-10 2.7898E-10 2.8151E-10 2.8396E-10 2.8633E-10 2.8860E-10 2.9077E-10 2.9349E-10 2.9610E-10 2.9860E-10 3.0099E-10 3.0325E-10 3.0538E-10 3.0737E-10 3.0856E-10 3.0960E-10 3.1048E-10 3.1190E-10 3.1247E-10 3.1286E-10 3.1307E-10 3.1382E-10 3.1439E-10 3.1430E-10 3.1449E-10 3.1402E-10 3.1334E-10 3.1245E-10 3.1186E-10 3.1057E-10 3.0906E-10 3.0737E-10 3.0546E-10 3.0334E-10 3.0155E-10 2.9905E-10 2.9639E-10 2.9409E-10 2.9113E-10 2.8856E-10 2.8592E-10 2.8326E-10 2.8059E-10 2.7798E-10 2.7537E-10
2.1952E-10 2.2345E-10 2.2748E-10 2.3085E-10 2.3317E-10 2.3649E-10 2.3978E-10 2.4304E-10 2.4626E-10 2.4944E-10 2.5257E-10 2.5565E-10 2.5867E-10 2.6163E-10 2.6453E-10 2.6735E-10 2.7009E-10 2.7274E-10 2.7531E-10 2.7777E-10 2.8014E-10 2.8177E-10 2.8328E-10 2.8466E-10 2.8659E-10 2.8772E-10 2.8872E-10 2.8957E-10 2.9096E-10 2.9220E-10 2.9329E-10 2.9421E-10 2.9451E-10 2.9465E-10 2.9460E-10 2.9486E-10 2.9446E-10 2.9387E-10 2.9309E-10 2.9262E-10 2.9148E-10 2.9014E-10 2.8910E-10 2.8738E-10 2.8545E-10 2.8334E-10 2.8155E-10 2.7910E-10 2.7701E-10 2.7476E-10 2.7239E-10 2.6991E-10 2.6737E-10 2.6487E-10 2.6237E-10 2.5990E-10 2.5745E-10
2.0689E-10 2.1003E-10 2.1424E-10 2.1736E-10 2.2107E-10 2.2415E-10 2.2781E-10 2.3083E-10 2.3381E-10 2.3675E-10 2.3964E-10 2.4247E-10 2.4525E-10 2.4797E-10 2.5062E-10 2.5260E-10 2.5450E-10 2.5631E-10 2.5803E-10 2.5965E-10 2.6118E-10 2.6324E-10 2.6519E-10 2.6703E-10 2.6875E-10 2.7035E-10 2.7182E-10 2.7316E-10 2.7392E-10 2.7454E-10 2.7500E-10 2.7532E-10 2.7594E-10 2.7594E-10 2.7577E-10 2.7591E-10 2.7588E-10 2.7521E-10 2.7436E-10 2.7334E-10 2.7262E-10 2.7124E-10 2.6967E-10 2.6791E-10 2.6648E-10 2.6488E-10 2.6311E-10 2.6119E-10 2.5912E-10 2.5692E-10 2.5460E-10 2.5222E-10 2.4983E-10 2.4744E-10 2.4512E-10 2.4281E-10 2.4052E-10
1.9590E-10 1.9925E-10 2.0271E-10 2.0605E-10 2.0948E-10 2.1233E-10 2.1515E-10 2.1681E-10 2.1842E-10 2.2113E-10 2.2378E-10 2.2639E-10 2.2895E-10 2.3144E-10 2.3387E-10 2.3624E-10 2.3853E-10 2.4074E-10 2.4287E-10 2.4491E-10 2.4685E-10 2.4870E-10 2.5044E-10 2.5166E-10 2.5276E-10 2.5375E-10 2.5504E-10 2.5578E-10 2.5638E-10 2.5684E-10 2.5762E-10 2.5825E-10 2.5873E-10 2.5861E-10 2.5879E-10 2.5837E-10 2.5778E-10 2.5702E-10 2.5658E-10 2.5550E-10 2.5424E-10 2.5331E-10 2.5172E-10 2.5045E-10 2.4853E-10 2.4644E-10 2.4420E-10 2.4231E-10 2.3978E-10 2.3715E-10 2.3493E-10 2.3266E-10 2.3042E-10 2.2820E-10 2.2601E-10 2.2386E-10 2.2177E-10
1.8491E-10 1.8802E-10 1.9071E-10 1.9380E-10 1.9645E-10 1.9949E-10 2.0210E-10 2.0467E-10 2.0720E-10 2.0969E-10 2.1213E-10 2.1453E-10 2.1687E-10 2.1915E-10 2.2137E-10 2.2352E-10 2.2560E-10 2.2720E-10 2.2872E-10 2.3057E-10 2.3191E-10 2.3316E-10 2.3431E-10 2.3535E-10 2.3671E-10 2.3796E-10 2.3909E-10 2.4011E-10 2.4099E-10 2.4131E-10 2.4195E-10 2.4200E-10 2.4192E-10 2.4169E-10 2.4178E-10 2.4126E-10 2.4058E-10 2.4023E-10 2.3972E-10 2.3859E-10 2.3777E-10 2.3633E-10 2.3473E-10 2.3345E-10 2.3154E-10 2.2947E-10 2.2726E-10 2.2543E-10 2.2348E-10 2.2140E-10 2.1927E-10 2.1714E-10 2.1501E-10 2.1294E-10 2.1090E-10 2.0890E-10 2.0695E-10
1.7496E-10 1.7829E-10 1.8079E-10 1.8364E-10 1.8610E-10 1.8891E-10 1.9131E-10 1.9406E-10 1.9639E-10 1.9868E-10 2.0054E-10 2.0236E-10 2.0373E-10 2.0543E-10 2.0706E-10 2.0903E-10 2.1092E-10 2.1274E-10 2.1448E-10 2.1615E-10 2.1772E-10 2.1921E-10 2.2060E-10 2.2189E-10 2.2308E-10 2.2374E-10 2.2429E-10 2.2516E-10 2.2548E-10 2.2568E-10 2.2575E-10 2.2614E-10 2.2595E-10 2.2608E-10 2.2608E-10 2.2593E-10 2.2519E-10 2.2476E-10 2.2374E-10 2.2257E-10 2.2125E-10 2.2026E-10 2.1865E-10 2.1689E-10 2.1547E-10 2.1392E-10 2.1223E-10 2.1042E-10 2.0851E-10 2.0651E-10 2.0447E-10 2.0246E-10 2.0048E-10 1.9854E-10 1.9663E-10 1.9479E-10 1.9298E-10
1.6513E-10 1.6787E-10 1.7017E-10 1.7288E-10 1.7515E-10 1.7739E-10 1.7960E-10 1.8177E-10 1.8391E-10 1.8601E-10 1.8806E-10 1.9007E-10 1.9202E-10 1.9392E-10 1.9576E-10 1.9754E-10 1.9925E-10 2.0089E-10 2.0245E-10 2.0394E-10 2.0494E-10 2.0585E-10 2.0708E-10 2.0781E-10 2.0844E-10 2.0897E-10 2.0938E-10 2.1013E-10 2.1076E-10 2.1128E-10 2.1168E-10 2.1195E-10 2.1210E-10 2.1170E-10 2.1116E-10 2.1094E-10 2.1014E-10 2.0921E-10 2.0814E-10 2.0740E-10 2.0607E-10 2.0506E-10 2.0391E-10 2.0195E-10 2.0054E-10 1.9832E-10 1.9596E-10 1.9349E-10 1.9164E-10 1.8901E-10 1.8637E-10 1.8449E-10 1.8265E-10 1.8085E-10 1.7909E-10 1.7739E-10 1.7576E-10
1.5641E-10 1.5895E-10 1.6108E-10 1.6358E-10 1.6567E-10 1.6812E-10 1.7015E-10 1.7215E-10 1.7411E-10 1.7603E-10 1.7791E-10 1.7974E-10 1.8152E-10 1.8325E-10 1.8453E-10 1.8575E-10 1.8691E-10 1.8799E-10 1.8900E-10 1.8993E-10 1.9119E-10 1.9237E-10 1.9346E-10 1.9446E-10 1.9537E-10 1.9619E-10 1.9690E-10 1.9752E-10 1.9802E-10 1.9799E-10 1.9785E-10 1.9804E-10 1.9767E-10 1.9719E-10 1.9658E-10 1.9630E-10 1.9546E-10 1.9494E-10 1.9429E-10 1.9352E-10 1.9194E-10 1.9093E-10 1.8912E-10 1.8718E-10 1.8511E-10 1.8363E-10 1.8133E-10 1.7894E-10 1.7719E-10 1.7539E-10 1.7362E-10 1.7186E-10 1.7013E-10 1.6845E-10 1.6684E-10 1.6526E-10 1.6375E-10
1.4807E-10 1.5040E-10 1.5237E-10 1.5467E-10 1.5659E-10 1.5849E-10 1.6000E-10 1.6074E-10 1.6253E-10 1.6429E-10 1.6600E-10 1.6767E-10 1.6929E-10 1.7085E-10 1.7236E-10 1.7382E-10 1.7521E-10 1.7654E-10 1.7780E-10 1.7898E-10 1.8010E-10 1.8113E-10 1.8208E-10 1.8294E-10 1.8372E-10 1.8400E-10 1.8418E-10 1.8426E-10 1.8467E-10 1.8455E-10 1.8433E-10 1.8400E-10 1.8400E-10 1.8389E-10 1.8367E-10 1.8333E-10 1.8288E-10 1.8165E-10 1.8097E-10 1.7953E-10 1.7796E-10 1.7628E-10 1.7517E-10 1.7327E-10 1.7124E-10 1.6982E-10 1.6829E-10 1.6666E-10 1.6497E-10 1.6328E-10 1.6159E-10 1.5995E-10 1.5835E-10 1.5679E-10 1.5529E-10 1.5386E-10 1.5246E-10
1.3935E-10 1.4159E-10 1.4340E-10 1.4519E-10 1.4695E-10 1.4869E-10 1.5039E-10 1.5207E-10 1.5370E-10 1.5530E-10 1.5686E-10 1.5838E-10 1.5984E-10 1.6126E-10 1.6262E-10 1.6393E-10 1.6517E-10 1.6635E-10 1.6747E-10 1.6852E-10 1.6910E-10 1.6960E-10 1.7043E-10 1.7078E-10 1.7104E-10 1.7122E-10 1.7130E-10 1.7171E-10 1.7203E-10 1.7226E-10 1.7238E-10 1.7241E-10 1.7233E-10 1.7214E-10 1.7122E-10 1.7019E-10 1.6971E-10 1.6848E-10 1.6714E-10 1.6568E-10 1.6481E-10 1.6315E-10 1.6206E-10 1.6087E-10 1.5892E-10 1.5686E-10 1.5471E-10 1.5315E-10 1.5087E-10 1.4861E-10 1.4635E-10 1.4485E-10 1.4338E-10 1.4196E-10 1.4057E-10 1.3926E-10 1.3799E-10
