Assets/Resources/2015_m01_d08_2100(utc+0800)_l00_csi_1hr_conc.grd
DSAA
         159         159
     -79.000      79.000
     -79.000      79.000
  0.2883E-09  0.5171E-05
[rows 50 to 74 of 159, columns 0 to 56 of 159]
1.0702E-09 1.0974E-09 1.1251E-09 1.1534E-09 1.1824E-09 1.2217E-09 1.2534E-09 1.2859E-09 1.3239E-09 1.3559E-09 1.3982E-09 1.4397E-09 1.4824E-09 1.5297E-09 1.5790E-09 1.6209E-09 1.6655E-09 1.7228E-09 1.7765E-09 1.8571E-09 1.9149E-09 1.9757E-09 2.0398E-09 2.1075E-09 2.1790E-09 2.2593E-09 2.3406E-09 2.4269E-09 2.5310E-09 2.6335E-09 2.7409E-09 2.8773E-09 3.0132E-09 3.1581E-09 3.3250E-09 3.5015E-09 3.6775E-09 3.8731E-09 4.0725E-09 4.3103E-09 4.5447E-09 4.8009E-09 5.0584E-09 5.3340E-09 5.6318E-09 5.9349E-09 6.2520E-09 6.5824E-09 6.9283E-09 7.3041E-09 7.6754E-09 8.0570E-09 8.4474E-09 8.8531E-09 9.2822E-09 9.6999E-09 1.0121E-08
1.0708E-09 1.0981E-09 1.1260E-09 1.1544E-09 1.1921E-09 1.2233E-09 1.2552E-09 1.2879E-09 1.3263E-09 1.3623E-09 1.4049E-09 1.4433E-09 1.4865E-09 1.5377E-09 1.5844E-09 1.6275E-09 1.6753E-09 1.7320E-09 1.7951E-09 1.8687E-09 1.9278E-09 1.9900E-09 2.0557E-09 2.1251E-09 2.2004E-09 2.2814E-09 2.3652E-09 2.4576E-09 2.5648E-09 2.6692E-09 2.7974E-09 2.9330E-09 3.0741E-09 3.2356E-09 3.4095E-09 3.5823E-09 3.7751E-09 3.9702E-09 4.2005E-09 4.4399E-09 4.6957E-09 4.9537E-09 5.2267E-09 5.5304E-09 5.8377E-09 6.1607E-09 6.4989E-09 6.8518E-09 7.2414E-09 7.6271E-09 8.0258E-09 8.4361E-09 8.8618E-09 9.3213E-09 9.7655E-09 1.0219E-08 1.0712E-08
1.0731E-09 1.0986E-09 1.1284E-09 1.1570E-09 1.1957E-09 1.2270E-09 1.2592E-09 1.2896E-09 1.3285E-09 1.3683E-09 1.4079E-09 1.4466E-09 1.4934E-09 1.5491E-09 1.5903E-09 1.6338E-09 1.6820E-09 1.7403E-09 1.8116E-09 1.8800E-09 1.9403E-09 2.0039E-09 2.0712E-09 2.1423E-09 2.2221E-09 2.3031E-09 2.3894E-09 2.4932E-09 2.5963E-09 2.7044E-09 2.8406E-09 2.9793E-09 3.1343E-09 3.3048E-09 3.4789E-09 3.6676E-09 3.8628E-09 4.0825E-09 4.3252E-09 4.5789E-09 4.8355E-09 5.1083E-09 5.4088E-09 5.7206E-09 6.0470E-09 6.3903E-09 6.7503E-09 7.1477E-09 7.5449E-09 7.9576E-09 8.3848E-09 8.8264E-09 9.3117E-09 9.7816E-09 1.0265E-08 1.0794E-08 1.1301E-08
1.0733E-09 1.1008E-09 1.1288E-09 1.1575E-09 1.1966E-09 1.2282E-09 1.2605E-09 1.2985E-09 1.3340E-09 1.3706E-09 1.4141E-09 1.4567E-09 1.5041E-09 1.5535E-09 1.5962E-09 1.6417E-09 1.6895E-09 1.7514E-09 1.8230E-09 1.8908E-09 1.9524E-09 2.0174E-09 2.0862E-09 2.1591E-09 2.2410E-09 2.3243E-09 2.4146E-09 2.5230E-09 2.6273E-09 2.7556E-09 2.8918E-09 3.0416E-09 3.2055E-09 3.3751E-09 3.5593E-09 3.7498E-09 3.9618E-09 4.2022E-09 4.4522E-09 4.7057E-09 4.9762E-09 5.2659E-09 5.5854E-09 5.9126E-09 6.2584E-09 6.6225E-09 7.0123E-09 7.4299E-09 7.8533E-09 8.2939E-09 8.7506E-09 9.2549E-09 9.7471E-09 1.0257E-08 1.0807E-08 1.1356E-08 1.1912E-08
1.0733E-09 1.1008E-09 1.1289E-09 1.1663E-09 1.1973E-09 1.2290E-09 1.2615E-09 1.2999E-09 1.3357E-09 1.3782E-09 1.4165E-09 1.4596E-09 1.5108E-09 1.5578E-09 1.6010E-09 1.6486E-09 1.6955E-09 1.7642E-09 1.8320E-09 1.9012E-09 1.9640E-09 2.0303E-09 2.1006E-09 2.1767E-09 2.2594E-09 2.3448E-09 2.4446E-09 2.5500E-09 2.6576E-09 2.7916E-09 2.9393E-09 3.0955E-09 3.2596E-09 3.4476E-09 3.6325E-09 3.8389E-09 4.0595E-09 4.3173E-09 4.5662E-09 4.8325E-09 5.1168E-09 5.4341E-09 5.7598E-09 6.1052E-09 6.4707E-09 6.8560E-09 7.2841E-09 7.7146E-09 8.1648E-09 8.6340E-09 9.1460E-09 9.6618E-09 1.0194E-08 1.0755E-08 1.1347E-08 1.1937E-08 1.2546E-08
1.0730E-09 1.1006E-09 1.1307E-09 1.1691E-09 1.2002E-09 1.2320E-09 1.2623E-09 1.3010E-09 1.3407E-09 1.3800E-09 1.4187E-09 1.4622E-09 1.5208E-09 1.5626E-09 1.6063E-09 1.6548E-09 1.7021E-09 1.7768E-09 1.8404E-09 1.9111E-09 1.9751E-09 2.0427E-09 2.1145E-09 2.1940E-09 2.2771E-09 2.3650E-09 2.4719E-09 2.5761E-09 2.7032E-09 2.8367E-09 2.9954E-09 3.1528E-09 3.3269E-09 3.5087E-09 3.7085E-09 3.9235E-09 4.1761E-09 4.4187E-09 4.6793E-09 4.9583E-09 5.2592E-09 5.5910E-09 5.9335E-09 6.2973E-09 6.6826E-09 7.1049E-09 7.5439E-09 7.9999E-09 8.4775E-09 8.9825E-09 9.5302E-09 1.0077E-08 1.0649E-08 1.1273E-08 1.1893E-08 1.2531E-08 1.3230E-08
1.0725E-09 1.1020E-09 1.1304E-09 1.1691E-09 1.2003E-09 1.2324E-09 1.2702E-09 1.3055E-09 1.3419E-09 1.3851E-09 1.4275E-09 1.4746E-09 1.5238E-09 1.5665E-09 1.6113E-09 1.6600E-09 1.7090E-09 1.7874E-09 1.8484E-09 1.9204E-09 1.9855E-09 2.0545E-09 2.1277E-09 2.2100E-09 2.2939E-09 2.3875E-09 2.4952E-09 2.6013E-09 2.7323E-09 2.8868E-09 3.0426E-09 3.2091E-09 3.3870E-09 3.5794E-09 3.7805E-09 4.0156E-09 4.2655E-09 4.5187E-09 4.7908E-09 5.0825E-09 5.4086E-09 5.7460E-09 6.1054E-09 6.4875E-09 6.8942E-09 7.3445E-09 7.8023E-09 8.2839E-09 8.7890E-09 9.3497E-09 9.9087E-09 1.0495E-08 1.1139E-08 1.1780E-08 1.2446E-08 1.3171E-08 1.3894E-08
1.0736E-09 1.1014E-09 1.1383E-09 1.1689E-09 1.2003E-09 1.2325E-09 1.2706E-09 1.3061E-09 1.3463E-09 1.3864E-09 1.4292E-09 1.4800E-09 1.5269E-09 1.5702E-09 1.6166E-09 1.6649E-09 1.7154E-09 1.7959E-09 1.8559E-09 1.9292E-09 1.9954E-09 2.0656E-09 2.1403E-09 2.2243E-09 2.3099E-09 2.4108E-09 2.5165E-09 2.6411E-09 2.7767E-09 2.9363E-09 3.0922E-09 3.2552E-09 3.4492E-09 3.6422E-09 3.8676E-09 4.1043E-09 4.3530E-09 4.6165E-09 4.8999E-09 5.2051E-09 5.5459E-09 5.8983E-09 6.2743E-09 6.6745E-09 7.1164E-09 7.5757E-09 8.0572E-09 8.5645E-09 9.1130E-09 9.6922E-09 1.0289E-08 1.0921E-08 1.1600E-08 1.2288E-08 1.3011E-08 1.3789E-08 1.4564E-08
1.0727E-09 1.1023E-09 1.1377E-09 1.1709E-09 1.2024E-09 1.2323E-09 1.2707E-09 1.3100E-09 1.3490E-09 1.3873E-09 1.4305E-09 1.4852E-09 1.5302E-09 1.5739E-09 1.6222E-09 1.6700E-09 1.7223E-09 1.8035E-09 1.8628E-09 1.9373E-09 2.0046E-09 2.0760E-09 2.1528E-09 2.2376E-09 2.3253E-09 2.4304E-09 2.5366E-09 2.6645E-09 2.8135E-09 2.9696E-09 3.1340E-09 3.3052E-09 3.4998E-09 3.7129E-09 3.9408E-09 4.1841E-09 4.4379E-09 4.7115E-09 5.0060E-09 5.3305E-09 5.6792E-09 6.0465E-09 6.4389E-09 6.8577E-09 7.3246E-09 7.8019E-09 8.3073E-09 8.8402E-09 9.4326E-09 1.0033E-08 1.0663E-08 1.1359E-08 1.2061E-08 1.2793E-08 1.3598E-08 1.4401E-08 1.5234E-08
1.0715E-09 1.1012E-09 1.1393E-09 1.1702E-09 1.2018E-09 1.2392E-09 1.2741E-09 1.3102E-09 1.3494E-09 1.3880E-09 1.4315E-09 1.4902E-09 1.5326E-09 1.5766E-09 1.6257E-09 1.6735E-09 1.7287E-09 1.8099E-09 1.8691E-09 1.9447E-09 2.0130E-09 2.0855E-09 2.1645E-09 2.2500E-09 2.3424E-09 2.4482E-09 2.5554E-09 2.7014E-09 2.8585E-09 3.0120E-09 3.1707E-09 3.3622E-09 3.5522E-09 3.7827E-09 4.0061E-09 4.2570E-09 4.5196E-09 4.8030E-09 5.1082E-09 5.4515E-09 5.8078E-09 6.1897E-09 6.5981E-09 7.0454E-09 7.5236E-09 8.0223E-09 8.5504E-09 9.1227E-09 9.7352E-09 1.0367E-08 1.1042E-08 1.1770E-08 1.2513E-08 1.3306E-08 1.4150E-08 1.5007E-08 1.5926E-08
1.0701E-09 1.0999E-09 1.1382E-09 1.1692E-09 1.2010E-09 1.2386E-09 1.2737E-09 1.3100E-09 1.3530E-09 1.3954E-09 1.4423E-09 1.4917E-09 1.5348E-09 1.5794E-09 1.6292E-09 1.6766E-09 1.7345E-09 1.8148E-09 1.8747E-09 1.9515E-09 2.0207E-09 2.0942E-09 2.1753E-09 2.2613E-09 2.3594E-09 2.4651E-09 2.5960E-09 2.7387E-09 2.8924E-09 3.0460E-09 3.2162E-09 3.4029E-09 3.6192E-09 3.8372E-09 4.0708E-09 4.3266E-09 4.5976E-09 4.8904E-09 5.2080E-09 5.5620E-09 5.9314E-09 6.3277E-09 6.7516E-09 7.2265E-09 7.7151E-09 8.2348E-09 8.7856E-09 9.4007E-09 1.0028E-08 1.0687E-08 1.1423E-08 1.2168E-08 1.2951E-08 1.3816E-08 1.4687E-08 1.5599E-08 1.6605E-08
1.0702E-09 1.0983E-09 1.1369E-09 1.1704E-09 1.1998E-09 1.2377E-09 1.2730E-09 1.3131E-09 1.3528E-09 1.3955E-09 1.4428E-09 1.4933E-09 1.5369E-09 1.5826E-09 1.6322E-09 1.6793E-09 1.7397E-09 1.8191E-09 1.8797E-09 1.9574E-09 2.0275E-09 2.1020E-09 2.1852E-09 2.2715E-09 2.3733E-09 2.4790E-09 2.6204E-09 2.7597E-09 2.9209E-09 3.0747E-09 3.2542E-09 3.4585E-09 3.6714E-09 3.8887E-09 4.1337E-09 4.3924E-09 4.6716E-09 4.9735E-09 5.3068E-09 5.6676E-09 6.0492E-09 6.4591E-09 6.9021E-09 7.3921E-09 7.8987E-09 8.4376E-09 9.0179E-09 9.6536E-09 1.0307E-08 1.1005E-08 1.1769E-08 1.2550E-08 1.3385E-08 1.4286E-08 1.5206E-08 1.6200E-08 1.7246E-08
1.0702E-09 1.1075E-09 1.1378E-09 1.1689E-09 1.2057E-09 1.2365E-09 1.2756E-09 1.3123E-09 1.3523E-09 1.3952E-09 1.4462E-09 1.4946E-09 1.5383E-09 1.5847E-09 1.6341E-09 1.6815E-09 1.7437E-09 1.8228E-09 1.8841E-09 1.9626E-09 2.0335E-09 2.1089E-09 2.1937E-09 2.2810E-09 2.3841E-09 2.4988E-09 2.6519E-09 2.7955E-09 2.9441E-09 3.1121E-09 3.2907E-09 3.5090E-09 3.7141E-09 3.9369E-09 4.1898E-09 4.4547E-09 4.7417E-09 5.0520E-09 5.4021E-09 5.7679E-09 6.1616E-09 6.5843E-09 7.0504E-09 7.5480E-09 8.0714E-09 8.6276E-09 9.2520E-09 9.8913E-09 1.0568E-08 1.1323E-08 1.2095E-08 1.2911E-08 1.3813E-08 1.4733E-08 1.5701E-08 1.6774E-08 1.7862E-08
1.0681E-09 1.1056E-09 1.1359E-09 1.1672E-09 1.2042E-09 1.2387E-09 1.2744E-09 1.3133E-09 1.3515E-09 1.3947E-09 1.4529E-09 1.4952E-09 1.5394E-09 1.5853E-09 1.6355E-09 1.6832E-09 1.7423E-09 1.8258E-09 1.8877E-09 1.9669E-09 2.0385E-09 2.1147E-09 2.2005E-09 2.2911E-09 2.3938E-09 2.5403E-09 2.6738E-09 2.8146E-09 2.9756E-09 3.1407E-09 3.3417E-09 3.5443E-09 3.7543E-09 3.9829E-09 4.2414E-09 4.5131E-09 4.8078E-09 5.1266E-09 5.4865E-09 5.8619E-09 6.2664E-09 6.7008E-09 7.1886E-09 7.6928E-09 8.2302E-09 8.8060E-09 9.4512E-09 1.0110E-08 1.0814E-08 1.1598E-08 1.2399E-08 1.3251E-08 1.4190E-08 1.5152E-08 1.6180E-08 1.7297E-08 1.8446E-08
1.0657E-09 1.1034E-09 1.1338E-09 1.1651E-09 1.2023E-09 1.2370E-09 1.2729E-09 1.3154E-09 1.3573E-09 1.4007E-09 1.4525E-09 1.4955E-09 1.5402E-09 1.5866E-09 1.6364E-09 1.6845E-09 1.7443E-09 1.8282E-09 1.8905E-09 1.9704E-09 2.0427E-09 2.1196E-09 2.2062E-09 2.3000E-09 2.4094E-09 2.5517E-09 2.6877E-09 2.8352E-09 2.9990E-09 3.1743E-09 3.3788E-09 3.5770E-09 3.7915E-09 4.0271E-09 4.2902E-09 4.5681E-09 4.8692E-09 5.1976E-09 5.5644E-09 5.9488E-09 6.3627E-09 6.8082E-09 7.3078E-09 7.8245E-09 8.3767E-09 8.9759E-09 9.6311E-09 1.0312E-08 1.1048E-08 1.1849E-08 1.2677E-08 1.3576E-08 1.4537E-08 1.5538E-08 1.6644E-08 1.7784E-08 1.8989E-08
1.0631E-09 1.1010E-09 1.1339E-09 1.1629E-09 1.2002E-09 1.2350E-09 1.2746E-09 1.3138E-09 1.3559E-09 1.3995E-09 1.4521E-09 1.4955E-09 1.5406E-09 1.5867E-09 1.6368E-09 1.6853E-09 1.7455E-09 1.8298E-09 1.8926E-09 1.9730E-09 2.0458E-09 2.1233E-09 2.2106E-09 2.3077E-09 2.4310E-09 2.5685E-09 2.7087E-09 2.8577E-09 3.0207E-09 3.2091E-09 3.4067E-09 3.6077E-09 3.8263E-09 4.0680E-09 4.3348E-09 4.6183E-09 4.9257E-09 5.2632E-09 5.6348E-09 6.0268E-09 6.4490E-09 6.9076E-09 7.4143E-09 7.9418E-09 8.5074E-09 9.1327E-09 9.7943E-09 1.0493E-08 1.1266E-08 1.2073E-08 1.2926E-08 1.3874E-08 1.4850E-08 1.5886E-08 1.7041E-08 1.8227E-08 1.9487E-08
1.0603E-09 1.1008E-09 1.1313E-09 1.1675E-09 1.1978E-09 1.2364E-09 1.2725E-09 1.3118E-09 1.3541E-09 1.4011E-09 1.4514E-09 1.4952E-09 1.5403E-09 1.5864E-09 1.6327E-09 1.6855E-09 1.7459E-09 1.8254E-09 1.8939E-09 1.9748E-09 2.0480E-09 2.1260E-09 2.2139E-09 2.3142E-09 2.4379E-09 2.5857E-09 2.7199E-09 2.8757E-09 3.0442E-09 3.2369E-09 3.4311E-09 3.6355E-09 3.8579E-09 4.1057E-09 4.3751E-09 4.6633E-09 4.9756E-09 5.3220E-09 5.6968E-09 6.0953E-09 6.5245E-09 6.9967E-09 7.5070E-09 8.0451E-09 8.6211E-09 9.2681E-09 9.9364E-09 1.0650E-08 1.1447E-08 1.2269E-08 1.3145E-08 1.4120E-08 1.5125E-08 1.6204E-08 1.7391E-08 1.8621E-08 1.9931E-08
1.0681E-09 1.0979E-09 1.1285E-09 1.1648E-09 1.1988E-09 1.2338E-09 1.2700E-09 1.3095E-09 1.3520E-09 1.4025E-09 1.4502E-09 1.4942E-09 1.5398E-09 1.5856E-09 1.6321E-09 1.6853E-09 1.7456E-09 1.8256E-09 1.8944E-09 1.9755E-09 2.0492E-09 2.1276E-09 2.2159E-09 2.3334E-09 2.4661E-09 2.5939E-09 2.7403E-09 2.8918E-09 3.0828E-09 3.2559E-09 3.4530E-09 3.6602E-09 3.8857E-09 4.1386E-09 4.4101E-09 4.7022E-09 5.0187E-09 5.3733E-09 5.7500E-09 6.1539E-09 6.5889E-09 7.0740E-09 7.5864E-09 8.1324E-09 8.7171E-09 9.3767E-09 1.0056E-08 1.0785E-08 1.1596E-08 1.2435E-08 1.3336E-08 1.4329E-08 1.5359E-08 1.6484E-08 1.7691E-08 1.8960E-08 2.0315E-08
1.0650E-09 1.0947E-09 1.1254E-09 1.1618E-09 1.1958E-09 1.2310E-09 1.2673E-09 1.3069E-09 1.3496E-09 1.4038E-09 1.4488E-09 1.4929E-09 1.5390E-09 1.5843E-09 1.6311E-09 1.6845E-09 1.7446E-09 1.8250E-09 1.8941E-09 1.9754E-09 2.0493E-09 2.1280E-09 2.2166E-09 2.3427E-09 2.4713E-09 2.6004E-09 2.7490E-09 2.9131E-09 3.0972E-09 3.2723E-09 3.4717E-09 3.6813E-09 3.9093E-09 4.1663E-09 4.4396E-09 4.7349E-09 5.0548E-09 5.4159E-09 5.7941E-09 6.2022E-09 6.6416E-09 7.1366E-09 7.6511E-09 8.2029E-09 8.7997E-09 9.4645E-09 1.0153E-08 1.0897E-08 1.1717E-08 1.2568E-08 1.3496E-08 1.4499E-08 1.5549E-08 1.6721E-08 1.7938E-08 1.9241E-08 2.0635E-08
1.0616E-09 1.0913E-09 1.1220E-09 1.1585E-09 1.1926E-09 1.2278E-09 1.2642E-09 1.3039E-09 1.3467E-09 1.4046E-09 1.4468E-09 1.4912E-09 1.5372E-09 1.5826E-09 1.6295E-09 1.6782E-09 1.7428E-09 1.8224E-09 1.8866E-09 1.9743E-09 2.0484E-09 2.1273E-09 2.2233E-09 2.3519E-09 2.4751E-09 2.6211E-09 2.7595E-09 2.9257E-09 3.1090E-09 3.2859E-09 3.4870E-09 3.6985E-09 3.9286E-09 4.1887E-09 4.4635E-09 4.7612E-09 5.0837E-09 5.4477E-09 5.8289E-09 6.2401E-09 6.6829E-09 7.1822E-09 7.7006E-09 8.2576E-09 8.8633E-09 9.5311E-09 1.0226E-08 1.0984E-08 1.1807E-08 1.2669E-08 1.3621E-08 1.4627E-08 1.5695E-08 1.6889E-08 1.8129E-08 1.9459E-08 2.0875E-08
1.0579E-09 1.0901E-09 1.1183E-09 1.1550E-09 1.1891E-09 1.2279E-09 1.2644E-09 1.3077E-09 1.3505E-09 1.4017E-09 1.4443E-09 1.4891E-09 1.5348E-09 1.5803E-09 1.6275E-09 1.6763E-09 1.7404E-09 1.8189E-09 1.8847E-09 1.9723E-09 2.0465E-09 2.1255E-09 2.2360E-09 2.3534E-09 2.4772E-09 2.6251E-09 2.7749E-09 2.9526E-09 3.1183E-09 3.2964E-09 3.4990E-09 3.7119E-09 3.9435E-09 4.2055E-09 4.4817E-09 4.7811E-09 5.1053E-09 5.4713E-09 5.8543E-09 6.2675E-09 6.7123E-09 7.2143E-09 7.7354E-09 8.2951E-09 8.9083E-09 9.5761E-09 1.0275E-08 1.1045E-08 1.1868E-08 1.2736E-08 1.3706E-08 1.4714E-08 1.5793E-08 1.7003E-08 1.8261E-08 1.9596E-08 2.1024E-08
1.0540E-09 1.0862E-09 1.1216E-09 1.1511E-09 1.1889E-09 1.2242E-09 1.2627E-09 1.3041E-09 1.3471E-09 1.3984E-09 1.4414E-09 1.4866E-09 1.5320E-09 1.5776E-09 1.6249E-09 1.6739E-09 1.7362E-09 1.8147E-09 1.8820E-09 1.9694E-09 2.0436E-09 2.1225E-09 2.2332E-09 2.3535E-09 2.4929E-09 2.6307E-09 2.7821E-09 2.9577E-09 3.1249E-09 3.3040E-09 3.5075E-09 3.7214E-09 3.9540E-09 4.2166E-09 4.4942E-09 4.7945E-09 5.1196E-09 5.4866E-09 5.8706E-09 6.2842E-09 6.7298E-09 7.2330E-09 7.7550E-09 8.3157E-09 8.9337E-09 9.5997E-09 1.0300E-08 1.1078E-08 1.1899E-08 1.2770E-08 1.3745E-08 1.4758E-08 1.5848E-08 1.7062E-08 1.8313E-08 1.9650E-08 2.1088E-08
1.0523E-09 1.0820E-09 1.1175E-09 1.1506E-09 1.1848E-09 1.2202E-09 1.2587E-09 1.3002E-09 1.3432E-09 1.3947E-09 1.4381E-09 1.4834E-09 1.5287E-09 1.5744E-09 1.6218E-09 1.6710E-09 1.7261E-09 1.8090E-09 1.8785E-09 1.9580E-09 2.0396E-09 2.1185E-09 2.2507E-09 2.3522E-09 2.4926E-09 2.6311E-09 2.8071E-09 2.9604E-09 3.1288E-09 3.3086E-09 3.5125E-09 3.7270E-09 3.9601E-09 4.2222E-09 4.5010E-09 4.8015E-09 5.1267E-09 5.4941E-09 5.8771E-09 6.2905E-09 6.7358E-09 7.2383E-09 7.7595E-09 8.3195E-09 8.9390E-09 9.6021E-09 1.0302E-08 1.1083E-08 1.1899E-08 1.2770E-08 1.3746E-08 1.4758E-08 1.5843E-08 1.7040E-08 1.8289E-08 1.9633E-08 2.1078E-08
1.0479E-09 1.0776E-09 1.1131E-09 1.1462E-09 1.1804E-09 1.2158E-09 1.2544E-09 1.2959E-09 1.3390E-09 1.3907E-09 1.4344E-09 1.4799E-09 1.5249E-09 1.5707E-09 1.6182E-09 1.6675E-09 1.7214E-09 1.8048E-09 1.8741E-09 1.9533E-09 2.0346E-09 2.1353E-09 2.2471E-09 2.3652E-09 2.4909E-09 2.6401E-09 2.8078E-09 2.9607E-09 3.1301E-09 3.3101E-09 3.5142E-09 3.7288E-09 3.9618E-09 4.2223E-09 4.5021E-09 4.8022E-09 5.1267E-09 5.4926E-09 5.8746E-09 6.2870E-09 6.7299E-09 7.2304E-09 7.7495E-09 8.3069E-09 8.9244E-09 9.5838E-09 1.0280E-08 1.1060E-08 1.1870E-08 1.2734E-08 1.3703E-08 1.4702E-08 1.5775E-08 1.6968E-08 1.8214E-08 1.9557E-08 2.1002E-08
1.0433E-09 1.0730E-09 1.1085E-09 1.1416E-09 1.1758E-09 1.2111E-09 1.2497E-09 1.2913E-09 1.3376E-09 1.3862E-09 1.4303E-09 1.4759E-09 1.5206E-09 1.5665E-09 1.6141E-09 1.6635E-09 1.7162E-09 1.7979E-09 1.8618E-09 1.9478E-09 2.0286E-09 2.1300E-09 2.2424E-09 2.3683E-09 2.4960E-09 2.6400E-09 2.8064E-09 2.9586E-09 3.1287E-09 3.3087E-09 3.5109E-09 3.7267E-09 3.9593E-09 4.2173E-09 4.4978E-09 4.7968E-09 5.1200E-09 5.4830E-09 5.8639E-09 6.2727E-09 6.7128E-09 7.2100E-09 7.7254E-09 8.2787E-09 8.8905E-09 9.5456E-09 1.0235E-08 1.1005E-08 1.1808E-08 1.2663E-08 1.3616E-08 1.4603E-08 1.5668E-08 1.6852E-08 1.8089E-08 1.9421E-08 2.0858E-08
