Assets/Resources/2015_m01_d15_0800(utc+0800)_l00_csi_1hr_conc.grd
DSAA
         159         159
     -79.000      79.000
     -79.000      79.000
  0.0000E+00  0.3993E-05
[rows 75 to 99 of 159, columns 0 to 56 of 159]
5.2236E-11 5.5868E-11 5.9395E-11 6.3919E-11 6.7589E-11 7.2791E-11 7.6890E-11 8.2549E-11 8.7109E-11 9.2985E-11 9.8313E-11 1.0428E-10 1.1030E-10 1.1655E-10 1.2334E-10 1.2988E-10 1.3748E-10 1.4435E-10 1.5280E-10 1.6027E-10 1.6908E-10 1.7745E-10 1.8665E-10 1.9595E-10 2.0647E-10 2.1720E-10 2.2871E-10 2.4045E-10 2.5307E-10 2.6628E-10 2.7905E-10 2.9284E-10 3.0625E-10 3.2044E-10 3.3548E-10 3.5043E-10 3.6655E-10 3.8261E-10 3.9986E-10 4.1740E-10 4.3550E-10 4.5455E-10 4.7322E-10 4.9349E-10 5.1408E-10 5.3493E-10 5.5678E-10 5.7930E-10 6.0263E-10 6.2669E-10 6.5097E-10 6.7703E-10 7.0334E-10 7.2928E-10 7.5776E-10 7.8644E-10 8.1461E-10
5.1732E-11 5.5053E-11 5.8763E-11 6.2961E-11 6.6551E-11 7.1673E-11 7.5683E-11 8.1252E-11 8.5711E-11 9.1762E-11 9.6703E-11 1.0279E-10 1.0845E-10 1.1481E-10 1.2123E-10 1.2788E-10 1.3509E-10 1.4180E-10 1.5009E-10 1.5738E-10 1.6629E-10 1.7420E-10 1.8349E-10 1.9260E-10 2.0293E-10 2.1374E-10 2.2475E-10 2.3628E-10 2.4868E-10 2.6167E-10 2.7415E-10 2.8737E-10 3.0050E-10 3.1471E-10 3.2914E-10 3.4408E-10 3.5987E-10 3.7559E-10 3.9249E-10 4.0933E-10 4.2737E-10 4.4571E-10 4.6428E-10 4.8412E-10 5.0392E-10 5.2430E-10 5.4604E-10 5.6769E-10 5.9052E-10 6.1451E-10 6.3829E-10 6.6329E-10 6.8903E-10 7.1496E-10 7.4224E-10 7.7030E-10 7.9779E-10
5.1224E-11 5.4236E-11 5.8129E-11 6.2003E-11 6.5774E-11 7.0556E-11 7.4477E-11 7.9957E-11 8.4317E-11 9.0268E-11 9.5099E-11 1.0131E-10 1.0662E-10 1.1309E-10 1.1913E-10 1.2589E-10 1.3271E-10 1.3952E-10 1.4740E-10 1.5452E-10 1.6326E-10 1.7098E-10 1.8035E-10 1.8927E-10 1.9941E-10 2.1003E-10 2.2084E-10 2.3247E-10 2.4465E-10 2.5677E-10 2.6928E-10 2.8225E-10 2.9509E-10 3.0902E-10 3.2285E-10 3.3777E-10 3.5294E-10 3.6862E-10 3.8517E-10 4.0133E-10 4.1899E-10 4.3693E-10 4.5541E-10 4.7450E-10 4.9385E-10 5.1411E-10 5.3538E-10 5.5617E-10 5.7895E-10 6.0197E-10 6.2520E-10 6.5017E-10 6.7482E-10 7.0014E-10 7.2742E-10 7.5426E-10 7.8108E-10
5.0473E-11 5.3420E-11 5.7739E-11 6.1046E-11 6.4996E-11 6.9442E-11 7.3276E-11 7.8666E-11 8.2928E-11 8.8781E-11 9.3502E-11 9.9602E-11 1.0479E-10 1.1137E-10 1.1705E-10 1.2391E-10 1.3035E-10 1.3725E-10 1.4473E-10 1.5194E-10 1.6025E-10 1.6806E-10 1.7698E-10 1.8597E-10 1.9593E-10 2.0606E-10 2.1696E-10 2.2839E-10 2.4036E-10 2.5224E-10 2.6447E-10 2.7689E-10 2.8945E-10 3.0338E-10 3.1661E-10 3.3153E-10 3.4608E-10 3.6172E-10 3.7762E-10 3.9372E-10 4.1100E-10 4.2822E-10 4.4628E-10 4.6528E-10 4.8384E-10 5.0400E-10 5.2445E-10 5.4519E-10 5.6747E-10 5.8952E-10 6.1272E-10 6.3714E-10 6.6070E-10 6.8603E-10 7.1271E-10 7.3832E-10 7.6448E-10
4.9721E-11 5.2605E-11 5.6856E-11 6.0091E-11 6.4469E-11 6.8330E-11 7.2600E-11 7.7379E-11 8.1545E-11 8.7300E-11 9.1914E-11 9.7904E-11 1.0297E-10 1.0944E-10 1.1498E-10 1.2195E-10 1.2800E-10 1.3501E-10 1.4208E-10 1.4938E-10 1.5727E-10 1.6515E-10 1.7363E-10 1.8271E-10 1.9247E-10 2.0242E-10 2.1313E-10 2.2435E-10 2.3579E-10 2.4744E-10 2.5941E-10 2.7157E-10 2.8415E-10 2.9751E-10 3.1074E-10 3.2505E-10 3.3927E-10 3.5458E-10 3.7013E-10 3.8616E-10 4.0308E-10 4.1958E-10 4.3756E-10 4.5581E-10 4.7426E-10 4.9397E-10 5.1360E-10 5.3429E-10 5.5608E-10 5.7716E-10 6.0033E-10 6.2371E-10 6.4668E-10 6.7202E-10 6.9753E-10 7.2250E-10 7.4799E-10
4.8970E-11 5.1790E-11 5.5975E-11 5.9139E-11 6.3690E-11 6.7223E-11 7.1665E-11 7.6099E-11 8.0700E-11 8.5826E-11 9.0335E-11 9.6216E-11 1.0117E-10 1.0751E-10 1.1293E-10 1.1976E-10 1.2567E-10 1.3278E-10 1.3945E-10 1.4685E-10 1.5431E-10 1.6228E-10 1.7032E-10 1.7947E-10 1.8879E-10 1.9882E-10 2.0933E-10 2.2004E-10 2.3159E-10 2.4268E-10 2.5469E-10 2.6631E-10 2.7890E-10 2.9170E-10 3.0492E-10 3.1893E-10 3.3282E-10 3.4780E-10 3.6269E-10 3.7868E-10 3.9491E-10 4.1132E-10 4.2891E-10 4.4642E-10 4.6442E-10 4.8403E-10 5.0284E-10 5.2305E-10 5.4435E-10 5.6539E-10 5.8804E-10 6.1039E-10 6.3334E-10 6.5811E-10 6.8247E-10 7.0680E-10 7.3163E-10
4.8220E-11 5.0978E-11 5.5096E-11 5.8190E-11 6.2666E-11 6.6120E-11 7.0733E-11 7.4825E-11 7.9594E-11 8.4361E-11 8.8991E-11 9.4540E-11 9.9374E-11 1.0560E-10 1.1089E-10 1.1760E-10 1.2336E-10 1.3057E-10 1.3684E-10 1.4434E-10 1.5139E-10 1.5943E-10 1.6704E-10 1.7601E-10 1.8541E-10 1.9525E-10 2.0557E-10 2.1609E-10 2.2743E-10 2.3825E-10 2.5002E-10 2.6109E-10 2.7371E-10 2.8593E-10 2.9915E-10 3.1257E-10 3.2613E-10 3.4108E-10 3.5533E-10 3.7126E-10 3.8681E-10 4.0283E-10 4.2033E-10 4.3710E-10 4.5500E-10 4.7383E-10 4.9216E-10 5.1234E-10 5.3271E-10 5.5323E-10 5.7584E-10 5.9717E-10 6.1956E-10 6.4431E-10 6.6752E-10 6.9122E-10 7.1611E-10
4.7471E-11 5.0168E-11 5.4220E-11 5.7244E-11 6.1647E-11 6.5023E-11 6.9805E-11 7.3558E-11 7.8494E-11 8.2906E-11 8.7656E-11 9.2875E-11 9.7823E-11 1.0371E-10 1.0887E-10 1.1545E-10 1.2108E-10 1.2814E-10 1.3427E-10 1.4185E-10 1.4849E-10 1.5637E-10 1.6380E-10 1.7259E-10 1.8180E-10 1.9145E-10 2.0157E-10 2.1249E-10 2.2332E-10 2.3387E-10 2.4513E-10 2.5621E-10 2.6856E-10 2.8023E-10 2.9315E-10 3.0626E-10 3.1981E-10 3.3414E-10 3.4832E-10 3.6361E-10 3.7878E-10 3.9472E-10 4.1152E-10 4.2785E-10 4.4567E-10 4.6372E-10 4.8200E-10 5.0172E-10 5.2117E-10 5.4166E-10 5.6329E-10 5.8406E-10 6.0645E-10 6.3010E-10 6.5270E-10 6.7577E-10 7.0070E-10
4.6725E-11 4.9362E-11 5.3348E-11 5.6304E-11 6.0633E-11 6.3932E-11 6.8633E-11 7.2299E-11 7.7401E-11 8.1461E-11 8.6549E-11 9.1224E-11 9.6285E-11 1.0183E-10 1.0687E-10 1.1332E-10 1.1881E-10 1.2574E-10 1.3171E-10 1.3915E-10 1.4562E-10 1.5359E-10 1.6085E-10 1.6974E-10 1.7851E-10 1.8798E-10 1.9791E-10 2.0833E-10 2.1895E-10 2.2954E-10 2.4028E-10 2.5138E-10 2.6320E-10 2.7457E-10 2.8749E-10 3.0002E-10 3.1353E-10 3.2725E-10 3.4109E-10 3.5632E-10 3.7082E-10 3.8668E-10 4.0278E-10 4.1869E-10 4.3641E-10 4.5369E-10 4.7151E-10 4.9118E-10 5.0973E-10 5.3020E-10 5.5084E-10 5.7106E-10 5.9346E-10 6.1600E-10 6.3800E-10 6.6046E-10 6.8544E-10
4.5982E-11 4.8559E-11 5.2479E-11 5.5368E-11 5.9625E-11 6.2848E-11 6.7468E-11 7.1049E-11 7.6061E-11 8.0027E-11 8.5233E-11 8.9586E-11 9.4761E-11 9.9965E-11 1.0534E-10 1.1121E-10 1.1657E-10 1.2336E-10 1.2919E-10 1.3647E-10 1.4279E-10 1.5059E-10 1.5819E-10 1.6666E-10 1.7526E-10 1.8455E-10 1.9430E-10 2.0453E-10 2.1462E-10 2.2525E-10 2.3548E-10 2.4632E-10 2.5787E-10 2.6925E-10 2.8189E-10 2.9382E-10 3.0731E-10 3.2041E-10 3.3421E-10 3.4880E-10 3.6292E-10 3.7872E-10 3.9410E-10 4.0993E-10 4.2723E-10 4.4374E-10 4.6153E-10 4.8033E-10 4.9838E-10 5.1882E-10 5.3850E-10 5.5818E-10 5.8058E-10 6.0204E-10 6.2345E-10 6.4530E-10 6.7031E-10
4.5242E-11 4.7761E-11 5.1616E-11 5.4439E-11 5.8622E-11 6.1771E-11 6.6311E-11 6.9809E-11 7.4732E-11 7.8605E-11 8.3713E-11 8.7963E-11 9.3251E-11 9.8120E-11 1.0360E-10 1.0912E-10 1.1458E-10 1.2101E-10 1.2669E-10 1.3383E-10 1.3999E-10 1.4763E-10 1.5532E-10 1.6362E-10 1.7205E-10 1.8116E-10 1.9072E-10 2.0076E-10 2.1034E-10 2.2100E-10 2.3072E-10 2.4159E-10 2.5260E-10 2.6397E-10 2.7605E-10 2.8768E-10 3.0115E-10 3.1364E-10 3.2739E-10 3.4134E-10 3.5509E-10 3.7081E-10 3.8551E-10 4.0124E-10 4.1781E-10 4.3389E-10 4.5164E-10 4.6958E-10 4.8760E-10 5.0756E-10 5.2628E-10 5.4596E-10 5.6782E-10 5.8821E-10 6.0903E-10 6.3028E-10 6.5471E-10
4.4506E-11 4.6968E-11 5.0757E-11 5.3515E-11 5.7627E-11 6.0703E-11 6.5162E-11 6.8579E-11 7.3414E-11 7.7196E-11 8.2206E-11 8.6356E-11 9.1756E-11 9.6295E-11 1.0188E-10 1.0705E-10 1.1285E-10 1.1868E-10 1.2446E-10 1.3122E-10 1.3722E-10 1.4471E-10 1.5247E-10 1.6036E-10 1.6888E-10 1.7781E-10 1.8719E-10 1.9703E-10 2.0635E-10 2.1653E-10 2.2601E-10 2.3689E-10 2.4737E-10 2.5874E-10 2.7027E-10 2.8188E-10 2.9476E-10 3.0692E-10 3.2063E-10 3.3393E-10 3.4762E-10 3.6268E-10 3.7698E-10 3.9263E-10 4.0848E-10 4.2411E-10 4.4184E-10 4.5892E-10 4.7692E-10 4.9596E-10 5.1417E-10 5.3385E-10 5.5468E-10 5.7451E-10 5.9477E-10 6.1606E-10 6.3990E-10
4.3531E-11 4.6631E-11 4.9904E-11 5.2599E-11 5.6639E-11 5.9643E-11 6.4023E-11 6.7360E-11 7.2107E-11 7.5799E-11 8.0714E-11 8.4764E-11 9.0060E-11 9.4488E-11 1.0018E-10 1.0501E-10 1.1091E-10 1.1638E-10 1.2226E-10 1.2863E-10 1.3473E-10 1.4182E-10 1.4942E-10 1.5739E-10 1.6574E-10 1.7450E-10 1.8368E-10 1.9333E-10 2.0240E-10 2.1210E-10 2.2132E-10 2.3223E-10 2.4219E-10 2.5355E-10 2.6453E-10 2.7612E-10 2.8842E-10 3.0025E-10 3.1391E-10 3.2659E-10 3.4022E-10 3.5461E-10 3.6853E-10 3.8378E-10 3.9922E-10 4.1443E-10 4.3214E-10 4.4837E-10 4.6634E-10 4.8448E-10 5.0219E-10 5.2136E-10 5.4169E-10 5.6097E-10 5.8065E-10 6.0200E-10 6.2465E-10
4.2806E-11 4.6294E-11 4.8813E-11 5.1690E-11 5.5658E-11 5.8592E-11 6.2894E-11 6.6152E-11 7.0812E-11 7.4417E-11 7.9237E-11 8.3190E-11 8.8381E-11 9.2702E-11 9.8285E-11 1.0299E-10 1.0899E-10 1.1411E-10 1.2031E-10 1.2608E-10 1.3251E-10 1.3897E-10 1.4640E-10 1.5420E-10 1.6237E-10 1.7094E-10 1.7994E-10 1.8939E-10 1.9823E-10 2.0770E-10 2.1695E-10 2.2735E-10 2.3704E-10 2.4814E-10 2.5883E-10 2.7040E-10 2.8212E-10 2.9392E-10 3.0698E-10 3.1931E-10 3.3288E-10 3.4662E-10 3.6015E-10 3.7533E-10 3.9006E-10 4.0525E-10 4.2214E-10 4.3792E-10 4.5545E-10 4.7312E-10 4.9034E-10 5.0952E-10 5.2883E-10 5.4756E-10 5.6670E-10 5.8809E-10 6.0956E-10
4.1650E-11 4.5030E-11 4.7975E-11 5.0788E-11 5.4439E-11 5.7551E-11 6.1775E-11 6.4956E-11 6.9530E-11 7.3049E-11 7.7775E-11 8.1632E-11 8.6721E-11 9.0936E-11 9.6407E-11 1.0100E-10 1.0687E-10 1.1186E-10 1.1816E-10 1.2357E-10 1.3007E-10 1.3614E-10 1.4342E-10 1.5104E-10 1.5903E-10 1.6742E-10 1.7650E-10 1.8546E-10 1.9435E-10 2.0334E-10 2.1260E-10 2.2250E-10 2.3193E-10 2.4303E-10 2.5317E-10 2.6472E-10 2.7588E-10 2.8763E-10 3.0010E-10 3.1209E-10 3.2560E-10 3.3869E-10 3.5185E-10 3.6696E-10 3.8099E-10 3.9616E-10 4.1225E-10 4.2758E-10 4.4510E-10 4.6188E-10 4.7861E-10 4.9781E-10 5.1611E-10 5.3432E-10 5.5290E-10 5.7434E-10 5.9465E-10
4.0939E-11 4.4260E-11 4.6621E-11 5.0308E-11 5.3478E-11 5.6252E-11 6.0417E-11 6.3772E-11 6.8262E-11 7.1695E-11 7.6329E-11 8.0092E-11 8.5080E-11 8.9192E-11 9.4552E-11 9.9031E-11 1.0478E-10 1.0965E-10 1.1581E-10 1.2107E-10 1.2766E-10 1.3335E-10 1.4045E-10 1.4791E-10 1.5599E-10 1.6419E-10 1.7310E-10 1.8157E-10 1.9049E-10 1.9900E-10 2.0829E-10 2.1769E-10 2.2712E-10 2.3770E-10 2.4756E-10 2.5909E-10 2.6968E-10 2.8140E-10 2.9328E-10 3.0493E-10 3.1838E-10 3.3085E-10 3.4393E-10 3.5837E-10 3.7201E-10 3.8716E-10 4.0245E-10 4.1736E-10 4.3487E-10 4.5076E-10 4.6702E-10 4.8623E-10 5.0355E-10 5.2123E-10 5.3928E-10 5.6076E-10 5.7993E-10
3.9590E-11 4.2811E-11 4.5802E-11 4.9198E-11 5.1998E-11 5.5234E-11 5.9322E-11 6.2329E-11 6.6752E-11 7.0357E-11 7.4899E-11 7.8571E-11 8.3458E-11 8.7469E-11 9.2719E-11 9.7088E-11 1.0272E-10 1.0745E-10 1.1348E-10 1.1861E-10 1.2504E-10 1.3057E-10 1.3752E-10 1.4505E-10 1.5296E-10 1.6100E-10 1.6972E-10 1.7771E-10 1.8666E-10 1.9470E-10 2.0400E-10 2.1291E-10 2.2234E-10 2.3240E-10 2.4198E-10 2.5324E-10 2.6353E-10 2.7522E-10 2.8651E-10 2.9784E-10 3.1096E-10 3.2307E-10 3.3610E-10 3.4987E-10 3.6312E-10 3.7826E-10 3.9278E-10 4.0767E-10 4.2434E-10 4.3979E-10 4.5606E-10 4.7432E-10 4.9114E-10 5.0832E-10 5.2640E-10 5.4679E-10 5.6541E-10
3.8666E-11 4.1833E-11 4.4254E-11 4.7766E-11 5.1060E-11 5.4113E-11 5.7704E-11 6.1173E-11 6.5512E-11 6.8758E-11 7.3271E-11 7.7068E-11 8.1638E-11 8.5768E-11 9.0911E-11 9.5163E-11 1.0067E-10 1.0529E-10 1.1117E-10 1.1616E-10 1.2245E-10 1.2783E-10 1.3485E-10 1.4247E-10 1.4996E-10 1.5809E-10 1.6636E-10 1.7387E-10 1.8261E-10 1.9042E-10 1.9949E-10 2.0816E-10 2.1759E-10 2.2714E-10 2.3671E-10 2.4743E-10 2.5743E-10 2.6909E-10 2.7981E-10 2.9108E-10 3.0361E-10 3.1538E-10 3.2834E-10 3.4146E-10 3.5433E-10 3.6946E-10 3.8320E-10 3.9811E-10 4.1394E-10 4.2894E-10 4.4523E-10 4.6256E-10 4.7889E-10 4.9556E-10 5.1314E-10 5.3300E-10 5.5105E-10
3.6837E-11 4.0170E-11 4.3218E-11 4.6448E-11 4.9294E-11 5.3121E-11 5.6638E-11 5.9916E-11 6.3744E-11 6.7454E-11 7.1877E-11 7.5351E-11 8.0058E-11 8.4086E-11 8.8893E-11 9.3259E-11 9.8643E-11 1.0313E-10 1.0888E-10 1.1373E-10 1.1987E-10 1.2510E-10 1.3244E-10 1.3965E-10 1.4698E-10 1.5492E-10 1.6301E-10 1.7004E-10 1.7858E-10 1.8617E-10 1.9526E-10 2.0343E-10 2.1287E-10 2.2192E-10 2.3148E-10 2.4167E-10 2.5138E-10 2.6275E-10 2.7316E-10 2.8441E-10 2.9634E-10 3.0776E-10 3.2067E-10 3.3315E-10 3.4564E-10 3.6041E-10 3.7375E-10 3.8865E-10 4.0367E-10 4.1823E-10 4.3454E-10 4.5095E-10 4.6681E-10 4.8299E-10 5.0060E-10 5.1939E-10 5.3691E-10
3.5377E-11 3.8686E-11 4.1448E-11 4.5053E-11 4.8386E-11 5.1017E-11 5.4735E-11 5.8792E-11 6.2539E-11 6.5581E-11 6.9992E-11 7.3887E-11 7.8274E-11 8.2181E-11 8.7118E-11 9.1124E-11 9.6402E-11 1.0099E-10 1.0638E-10 1.1132E-10 1.1731E-10 1.2330E-10 1.3003E-10 1.3685E-10 1.4401E-10 1.5152E-10 1.5941E-10 1.6648E-10 1.7457E-10 1.8193E-10 1.9080E-10 1.9875E-10 2.0819E-10 2.1673E-10 2.2629E-10 2.3596E-10 2.4539E-10 2.5648E-10 2.6659E-10 2.7779E-10 2.8913E-10 3.0023E-10 3.1309E-10 3.2493E-10 3.3743E-10 3.5146E-10 3.6442E-10 3.7932E-10 3.9353E-10 4.0766E-10 4.2400E-10 4.3950E-10 4.5488E-10 4.7057E-10 4.8825E-10 5.0598E-10 5.2298E-10
3.3065E-11 3.6478E-11 4.0175E-11 4.3518E-11 4.6415E-11 5.0059E-11 5.3703E-11 5.6543E-11 6.0488E-11 6.4703E-11 6.8633E-11 7.1884E-11 7.6475E-11 8.0529E-11 8.4875E-11 8.9250E-11 9.4404E-11 9.8618E-11 1.0412E-10 1.0892E-10 1.1453E-10 1.2082E-10 1.2716E-10 1.3382E-10 1.4080E-10 1.4812E-10 1.5583E-10 1.6293E-10 1.7058E-10 1.7773E-10 1.8638E-10 1.9409E-10 2.0330E-10 2.1159E-10 2.2114E-10 2.3030E-10 2.3971E-10 2.5027E-10 2.6008E-10 2.7125E-10 2.8202E-10 2.9279E-10 3.0533E-10 3.1682E-10 3.2932E-10 3.4263E-10 3.5521E-10 3.7011E-10 3.8353E-10 3.9725E-10 4.1360E-10 4.2820E-10 4.4312E-10 4.5835E-10 4.7608E-10 4.9278E-10 5.0926E-10
3.1670E-11 3.4495E-11 3.7554E-11 4.1611E-11 4.5276E-11 4.7746E-11 5.1494E-11 5.5458E-11 5.8958E-11 6.2327E-11 6.6453E-11 7.0450E-11 7.4718E-11 7.8383E-11 8.3128E-11 8.7143E-11 9.1932E-11 9.6506E-11 1.0164E-10 1.0628E-10 1.1200E-10 1.1790E-10 1.2431E-10 1.3079E-10 1.3760E-10 1.4475E-10 1.5226E-10 1.5940E-10 1.6661E-10 1.7355E-10 1.8198E-10 1.8947E-10 1.9844E-10 2.0649E-10 2.1604E-10 2.2470E-10 2.3409E-10 2.4412E-10 2.5365E-10 2.6479E-10 2.7498E-10 2.8544E-10 2.9765E-10 3.0881E-10 3.2132E-10 3.3392E-10 3.4612E-10 3.6065E-10 3.7367E-10 3.8698E-10 4.0290E-10 4.1707E-10 4.3154E-10 4.4630E-10 4.6409E-10 4.7976E-10 4.9574E-10
2.9101E-11 3.2582E-11 3.5764E-11 3.9411E-11 4.2780E-11 4.6550E-11 5.0229E-11 5.2885E-11 5.6952E-11 6.1093E-11 6.4753E-11 6.8320E-11 7.2608E-11 7.6754E-11 8.0623E-11 8.5015E-11 8.9953E-11 9.3879E-11 9.9141E-11 1.0390E-10 1.0897E-10 1.1497E-10 1.2098E-10 1.2779E-10 1.3441E-10 1.4138E-10 1.4872E-10 1.5612E-10 1.6267E-10 1.6987E-10 1.7762E-10 1.8488E-10 1.9363E-10 2.0144E-10 2.1075E-10 2.1914E-10 2.2854E-10 2.3804E-10 2.4728E-10 2.5815E-10 2.6804E-10 2.7818E-10 2.9008E-10 3.0091E-10 3.1342E-10 3.2533E-10 3.3717E-10 3.5132E-10 3.6395E-10 3.7686E-10 3.9237E-10 4.0611E-10 4.2014E-10 4.3444E-10 4.5176E-10 4.6695E-10 4.8242E-10
2.7178E-11 3.0096E-11 3.3470E-11 3.6982E-11 4.0723E-11 4.4205E-11 4.7779E-11 5.1549E-11 5.5067E-11 5.8379E-11 6.2613E-11 6.6910E-11 7.0502E-11 7.4470E-11 7.8894E-11 8.3165E-11 8.7212E-11 9.1782E-11 9.6685E-11 1.0101E-10 1.0645E-10 1.1207E-10 1.1788E-10 1.2478E-10 1.3124E-10 1.3804E-10 1.4518E-10 1.5240E-10 1.5875E-10 1.6599E-10 1.7329E-10 1.8034E-10 1.8886E-10 1.9644E-10 2.0551E-10 2.1366E-10 2.2305E-10 2.3203E-10 2.4101E-10 2.5158E-10 2.6118E-10 2.7130E-10 2.8261E-10 2.9312E-10 3.0564E-10 3.1686E-10 3.2834E-10 3.4213E-10 3.5438E-10 3.6689E-10 3.8199E-10 3.9531E-10 4.0891E-10 4.2277E-10 4.3961E-10 4.5433E-10 4.6932E-10
2.4897E-11 2.7898E-11 3.1162E-11 3.4248E-11 3.7931E-11 4.1761E-11 4.5927E-11 4.8950E-11 5.2801E-11 5.6760E-11 6.0545E-11 6.4041E-11 6.8421E-11 7.2264E-11 7.6036E-11 8.0513E-11 8.5248E-11 8.8867E-11 9.3901E-11 9.8641E-11 1.0315E-10 1.0887E-10 1.1458E-10 1.2103E-10 1.2809E-10 1.3521E-10 1.4167E-10 1.4871E-10 1.5486E-10 1.6213E-10 1.6901E-10 1.7584E-10 1.8414E-10 1.9150E-10 2.0034E-10 2.0824E-10 2.1762E-10 2.2610E-10 2.3480E-10 2.4511E-10 2.5442E-10 2.6478E-10 2.7525E-10 2.8544E-10 2.9763E-10 3.0851E-10 3.2002E-10 3.3307E-10 3.4494E-10 3.5749E-10 3.7177E-10 3.8468E-10 3.9785E-10 4.1127E-10 4.2766E-10 4.4191E-10 4.5642E-10
