Assets/Resources/2015_m01_d02_1200(utc+0800)_l00_csi_1hr_conc.grd
DSAA
         159         159
     -79.000      79.000
     -79.000      79.000
  0.0000E+00  0.1368E-05
[rows 50 to 74 of 159, columns 57 to 113 of 159]
0.0000E+00 4.2229E-13 2.1109E-11 5.7713E-11 1.2356E-10 2.3101E-10 4.0039E-10 6.5923E-10 1.0308E-09 1.5416E-09 2.2163E-09 3.0683E-09 4.1024E-09 5.3073E-09 6.6466E-09 8.0783E-09 9.5643E-09 1.1041E-08 1.2435E-08 1.3702E-08 1.4798E-08 1.5679E-08 1.6293E-08 1.6586E-08 1.6510E-08 1.6031E-08 1.5117E-08 1.3803E-08 1.2154E-08 1.0275E-08 8.3170E-09 6.4136E-09 4.7064E-09 3.2750E-09 2.1557E-09 1.3342E-09 7.7440E-10 4.0750E-10 1.9077E-10 6.8003E-11 1.1464E-11 0.0000E+00 0.0000E+00 0.0000E+00 0.0000E+00 0.0000E+00 0.0000E+00 0.0000E+00 0.0000E+00 0.0000E+00 0.0000E+00 0.0000E+00 0.0000E+00 0.0000E+00 0.0000E+00 0.0000E+00 1.0011E-12
0.0000E+00 0.0000E+00 1.2516E-11 4.6524E-11 1.0659E-10 2.0558E-10 3.6593E-10 6.1249E-10 9.6988E-10 1.4720E-09 2.1423E-09 2.9910E-09 4.0237E-09 5.2280E-09 6.5665E-09 8.0004E-09 9.4745E-09 1.0922E-08 1.2293E-08 1.3527E-08 1.4582E-08 1.5411E-08 1.5979E-08 1.6243E-08 1.6152E-08 1.5662E-08 1.4764E-08 1.3463E-08 1.1840E-08 9.9936E-09 8.0549E-09 6.1881E-09 4.5137E-09 3.1198E-09 2.0320E-09 1.2486E-09 7.1052E-10 3.7174E-10 1.6812E-10 6.0379E-11 9.7574E-12 0.0000E+00 0.0000E+00 0.0000E+00 0.0000E+00 0.0000E+00 0.0000E+00 0.0000E+00 0.0000E+00 0.0000E+00 0.0000E+00 0.0000E+00 0.0000E+00 0.0000E+00 0.0000E+00 0.0000E+00 0.0000E+00
0.0000E+00 0.0000E+00 6.6784E-12 3.4692E-11 8.8566E-11 1.8230E-10 3.3282E-10 5.6656E-10 9.1667E-10 1.4087E-09 2.0697E-09 2.9186E-09 3.9579E-09 5.1715E-09 6.5192E-09 7.9564E-09 9.4193E-09 1.0852E-08 1.2201E-08 1.3398E-08 1.4404E-08 1.5190E-08 1.5717E-08 1.5945E-08 1.5827E-08 1.5320E-08 1.4415E-08 1.3123E-08 1.1508E-08 9.6864E-09 7.7744E-09 5.9392E-09 4.3073E-09 2.9533E-09 1.9072E-09 1.1550E-09 6.5207E-10 3.3707E-10 1.5195E-10 5.4154E-11 7.6617E-12 0.0000E+00 0.0000E+00 0.0000E+00 0.0000E+00 0.0000E+00 0.0000E+00 0.0000E+00 0.0000E+00 0.0000E+00 0.0000E+00 0.0000E+00 0.0000E+00 0.0000E+00 0.0000E+00 0.0000E+00 0.0000E+00
0.0000E+00 0.0000E+00 3.8188E-12 2.5279E-11 7.2808E-11 1.5861E-10 3.0059E-10 5.2739E-10 8.6413E-10 1.3471E-09 2.0069E-09 2.8603E-09 3.9069E-09 5.1303E-09 6.4909E-09 7.9365E-09 9.4028E-09 1.0828E-08 1.2144E-08 1.3304E-08 1.4271E-08 1.5017E-08 1.5500E-08 1.5687E-08 1.5540E-08 1.5019E-08 1.4097E-08 1.2802E-08 1.1187E-08 9.3709E-09 7.4839E-09 5.6786E-09 4.0903E-09 2.7761E-09 1.7779E-09 1.0606E-09 5.9177E-10 2.9956E-10 1.3505E-10 4.6390E-11 5.9053E-12 0.0000E+00 0.0000E+00 0.0000E+00 0.0000E+00 0.0000E+00 0.0000E+00 0.0000E+00 0.0000E+00 0.0000E+00 0.0000E+00 0.0000E+00 0.0000E+00 0.0000E+00 0.0000E+00 0.0000E+00 0.0000E+00
0.0000E+00 0.0000E+00 1.7720E-12 1.8373E-11 5.9849E-11 1.3694E-10 2.7145E-10 4.8681E-10 8.1572E-10 1.3009E-09 1.9625E-09 2.8235E-09 3.8839E-09 5.1265E-09 6.5107E-09 7.9695E-09 9.4335E-09 1.0845E-08 1.2138E-08 1.3265E-08 1.4189E-08 1.4877E-08 1.5320E-08 1.5476E-08 1.5297E-08 1.4754E-08 1.3814E-08 1.2499E-08 1.0879E-08 9.0527E-09 7.1822E-09 5.4092E-09 3.8499E-09 2.5909E-09 1.6336E-09 9.6655E-10 5.2598E-10 2.6270E-10 1.1452E-10 3.5716E-11 3.3662E-12 0.0000E+00 0.0000E+00 0.0000E+00 0.0000E+00 0.0000E+00 0.0000E+00 0.0000E+00 0.0000E+00 0.0000E+00 0.0000E+00 0.0000E+00 0.0000E+00 0.0000E+00 0.0000E+00 0.0000E+00 0.0000E+00
0.0000E+00 0.0000E+00 5.2266E-13 1.3790E-11 4.9018E-11 1.1804E-10 2.4451E-10 4.4873E-10 7.7178E-10 1.2547E-09 1.9259E-09 2.7979E-09 3.8763E-09 5.1413E-09 6.5448E-09 8.0162E-09 9.4946E-09 1.0895E-08 1.2161E-08 1.3252E-08 1.4129E-08 1.4778E-08 1.5175E-08 1.5300E-08 1.5097E-08 1.4526E-08 1.3567E-08 1.2225E-08 1.0583E-08 8.7409E-09 6.8739E-09 5.1266E-09 3.6013E-09 2.3856E-09 1.4795E-09 8.5787E-10 4.5671E-10 2.2114E-10 9.1360E-11 2.5063E-11 1.2452E-12 0.0000E+00 0.0000E+00 0.0000E+00 0.0000E+00 0.0000E+00 0.0000E+00 0.0000E+00 0.0000E+00 0.0000E+00 0.0000E+00 0.0000E+00 0.0000E+00 0.0000E+00 0.0000E+00 0.0000E+00 0.0000E+00
0.0000E+00 0.0000E+00 0.0000E+00 1.0422E-11 4.1611E-11 1.0260E-10 2.1852E-10 4.1676E-10 7.3268E-10 1.2113E-09 1.8912E-09 2.7946E-09 3.9049E-09 5.2049E-09 6.6385E-09 8.1378E-09 9.6193E-09 1.1006E-08 1.2245E-08 1.3295E-08 1.4117E-08 1.4711E-08 1.5067E-08 1.5145E-08 1.4922E-08 1.4331E-08 1.3346E-08 1.1985E-08 1.0304E-08 8.4474E-09 6.5671E-09 4.8318E-09 3.3475E-09 2.1709E-09 1.3225E-09 7.4327E-10 3.8690E-10 1.7841E-10 6.8827E-11 1.3925E-11 1.6778E-13 0.0000E+00 0.0000E+00 0.0000E+00 0.0000E+00 0.0000E+00 0.0000E+00 0.0000E+00 0.0000E+00 0.0000E+00 0.0000E+00 0.0000E+00 0.0000E+00 0.0000E+00 0.0000E+00 0.0000E+00 0.0000E+00
0.0000E+00 0.0000E+00 0.0000E+00 6.7688E-12 3.3957E-11 9.0238E-11 1.9798E-10 3.8330E-10 6.9225E-10 1.1754E-09 1.8685E-09 2.7959E-09 3.9611E-09 5.3000E-09 6.7702E-09 8.2990E-09 9.7868E-09 1.1163E-08 1.2368E-08 1.3370E-08 1.4136E-08 1.4679E-08 1.4986E-08 1.5030E-08 1.4765E-08 1.4158E-08 1.3144E-08 1.1754E-08 1.0039E-08 8.1521E-09 6.2661E-09 4.5328E-09 3.0787E-09 1.9544E-09 1.1526E-09 6.3192E-10 3.1260E-10 1.3654E-10 4.6377E-11 5.0062E-12 0.0000E+00 0.0000E+00 0.0000E+00 0.0000E+00 0.0000E+00 0.0000E+00 0.0000E+00 0.0000E+00 0.0000E+00 0.0000E+00 0.0000E+00 0.0000E+00 0.0000E+00 0.0000E+00 0.0000E+00 0.0000E+00 0.0000E+00
0.0000E+00 0.0000E+00 0.0000E+00 3.5771E-12 2.6231E-11 7.7285E-11 1.7690E-10 3.5386E-10 6.5571E-10 1.1444E-09 1.8658E-09 2.8394E-09 4.0613E-09 5.4884E-09 7.0065E-09 8.5614E-09 1.0060E-08 1.1418E-08 1.2583E-08 1.3527E-08 1.4231E-08 1.4701E-08 1.4948E-08 1.4947E-08 1.4642E-08 1.3995E-08 1.2956E-08 1.1522E-08 9.7723E-09 7.8508E-09 5.9497E-09 4.2246E-09 2.8063E-09 1.7376E-09 9.9000E-10 5.2138E-10 2.4472E-10 9.8339E-11 2.5748E-11 1.9144E-12 0.0000E+00 0.0000E+00 0.0000E+00 0.0000E+00 0.0000E+00 0.0000E+00 0.0000E+00 0.0000E+00 0.0000E+00 0.0000E+00 0.0000E+00 0.0000E+00 0.0000E+00 0.0000E+00 0.0000E+00 0.0000E+00 0.0000E+00
0.0000E+00 0.0000E+00 0.0000E+00 1.7634E-12 1.9102E-11 6.4538E-11 1.5488E-10 3.2010E-10 6.2406E-10 1.1327E-09 1.8920E-09 2.9293E-09 4.2255E-09 5.7267E-09 7.3463E-09 8.9359E-09 1.0428E-08 1.1752E-08 1.2848E-08 1.3726E-08 1.4363E-08 1.4766E-08 1.4951E-08 1.4902E-08 1.4567E-08 1.3862E-08 1.2784E-08 1.1300E-08 9.5052E-09 7.5511E-09 5.6242E-09 3.9161E-09 2.5289E-09 1.5173E-09 8.3798E-10 4.1596E-10 1.8402E-10 6.2607E-11 9.5705E-12 3.7657E-13 0.0000E+00 0.0000E+00 0.0000E+00 0.0000E+00 0.0000E+00 0.0000E+00 0.0000E+00 0.0000E+00 0.0000E+00 0.0000E+00 0.0000E+00 0.0000E+00 0.0000E+00 0.0000E+00 0.0000E+00 0.0000E+00 0.0000E+00
0.0000E+00 0.0000E+00 0.0000E+00 1.6080E-12 1.2722E-11 5.3055E-11 1.3307E-10 2.8629E-10 6.0768E-10 1.1520E-09 1.9868E-09 3.1288E-09 4.5382E-09 6.1336E-09 7.8202E-09 9.4791E-09 1.0977E-08 1.2261E-08 1.3285E-08 1.4049E-08 1.4585E-08 1.4898E-08 1.5014E-08 1.4907E-08 1.4526E-08 1.3779E-08 1.2636E-08 1.1102E-08 9.2392E-09 7.2441E-09 5.2988E-09 3.6037E-09 2.2682E-09 1.3103E-09 6.9360E-10 3.2828E-10 1.3190E-10 3.7518E-11 1.2566E-12 0.0000E+00 0.0000E+00 0.0000E+00 0.0000E+00 0.0000E+00 0.0000E+00 0.0000E+00 0.0000E+00 0.0000E+00 0.0000E+00 0.0000E+00 0.0000E+00 0.0000E+00 0.0000E+00 0.0000E+00 0.0000E+00 0.0000E+00 0.0000E+00
0.0000E+00 0.0000E+00 0.0000E+00 8.9760E-13 8.8370E-12 4.2220E-11 1.1164E-10 2.5858E-10 6.0351E-10 1.2421E-09 2.2174E-09 3.5288E-09 5.1088E-09 6.8287E-09 8.5655E-09 1.0209E-08 1.1690E-08 1.2919E-08 1.3849E-08 1.4500E-08 1.4900E-08 1.5108E-08 1.5131E-08 1.4956E-08 1.4523E-08 1.3729E-08 1.2518E-08 1.0918E-08 8.9959E-09 6.9383E-09 4.9742E-09 3.2906E-09 2.0057E-09 1.1139E-09 5.6039E-10 2.4855E-10 8.7755E-11 1.7367E-11 0.0000E+00 0.0000E+00 0.0000E+00 0.0000E+00 0.0000E+00 0.0000E+00 0.0000E+00 0.0000E+00 0.0000E+00 0.0000E+00 0.0000E+00 0.0000E+00 0.0000E+00 0.0000E+00 0.0000E+00 0.0000E+00 0.0000E+00 0.0000E+00 0.0000E+00
0.0000E+00 0.0000E+00 0.0000E+00 0.0000E+00 7.3980E-12 3.1347E-11 9.3025E-11 2.6267E-10 6.5716E-10 1.4315E-09 2.6790E-09 4.3017E-09 6.1537E-09 8.0383E-09 9.8028E-09 1.1365E-08 1.2682E-08 1.3768E-08 1.4571E-08 1.5085E-08 1.5350E-08 1.5406E-08 1.5311E-08 1.5053E-08 1.4559E-08 1.3708E-08 1.2437E-08 1.0751E-08 8.7585E-09 6.6393E-09 4.6564E-09 2.9941E-09 1.7547E-09 9.3627E-10 4.4359E-10 1.8293E-10 5.5907E-11 4.0938E-12 0.0000E+00 0.0000E+00 0.0000E+00 0.0000E+00 0.0000E+00 0.0000E+00 0.0000E+00 0.0000E+00 0.0000E+00 0.0000E+00 0.0000E+00 0.0000E+00 0.0000E+00 0.0000E+00 0.0000E+00 0.0000E+00 0.0000E+00 0.0000E+00 0.0000E+00
0.0000E+00 0.0000E+00 0.0000E+00 0.0000E+00 4.2840E-12 2.1307E-11 1.0447E-10 3.3199E-10 8.5295E-10 1.8598E-09 3.4966E-09 5.6225E-09 7.9056E-09 1.0018E-08 1.1789E-08 1.3149E-08 1.4164E-08 1.4916E-08 1.5486E-08 1.5835E-08 1.5942E-08 1.5851E-08 1.5625E-08 1.5255E-08 1.4664E-08 1.3734E-08 1.2390E-08 1.0620E-08 8.5346E-09 6.3549E-09 4.3359E-09 2.7018E-09 1.5216E-09 7.6813E-10 3.4008E-10 1.2555E-10 3.1578E-11 0.0000E+00 0.0000E+00 0.0000E+00 0.0000E+00 0.0000E+00 0.0000E+00 0.0000E+00 0.0000E+00 0.0000E+00 0.0000E+00 0.0000E+00 0.0000E+00 0.0000E+00 0.0000E+00 0.0000E+00 0.0000E+00 0.0000E+00 0.0000E+00 0.0000E+00 0.0000E+00
0.0000E+00 0.0000E+00 0.0000E+00 0.0000E+00 8.2390E-13 2.7965E-11 1.6841E-10 5.2946E-10 1.3029E-09 2.7092E-09 4.9535E-09 7.7510E-09 1.0558E-08 1.3031E-08 1.4789E-08 1.5839E-08 1.6366E-08 1.6589E-08 1.6665E-08 1.6728E-08 1.6677E-08 1.6448E-08 1.6054E-08 1.5547E-08 1.4845E-08 1.3813E-08 1.2376E-08 1.0511E-08 8.3113E-09 6.0662E-09 4.0276E-09 2.4144E-09 1.3010E-09 6.1775E-10 2.5498E-10 8.2142E-11 1.3935E-11 0.0000E+00 0.0000E+00 0.0000E+00 0.0000E+00 0.0000E+00 0.0000E+00 0.0000E+00 0.0000E+00 0.0000E+00 0.0000E+00 0.0000E+00 0.0000E+00 0.0000E+00 0.0000E+00 0.0000E+00 0.0000E+00 0.0000E+00 0.0000E+00 0.0000E+00 0.0000E+00
0.0000E+00 0.0000E+00 0.0000E+00 0.0000E+00 2.1666E-12 6.7771E-11 2.9968E-10 9.0663E-10 2.1540E-09 4.2320E-09 7.2542E-09 1.0907E-08 1.4388E-08 1.6980E-08 1.8785E-08 1.9510E-08 1.9453E-08 1.8977E-08 1.8407E-08 1.7881E-08 1.7557E-08 1.7188E-08 1.6670E-08 1.6022E-08 1.5177E-08 1.3996E-08 1.2417E-08 1.0408E-08 8.0883E-09 5.7591E-09 3.7147E-09 2.1367E-09 1.0950E-09 4.9121E-10 1.8309E-10 4.9700E-11 1.7475E-12 0.0000E+00 0.0000E+00 0.0000E+00 0.0000E+00 0.0000E+00 0.0000E+00 0.0000E+00 0.0000E+00 0.0000E+00 0.0000E+00 0.0000E+00 0.0000E+00 0.0000E+00 0.0000E+00 0.0000E+00 0.0000E+00 0.0000E+00 0.0000E+00 0.0000E+00 0.0000E+00
0.0000E+00 0.0000E+00 0.0000E+00 3.7823E-13 1.9111E-11 1.3578E-10 5.1649E-10 1.4822E-09 3.4322E-09 6.5146E-09 1.0481E-08 1.5008E-08 1.9195E-08 2.2074E-08 2.3432E-08 2.3935E-08 2.3388E-08 2.2186E-08 2.0830E-08 1.9656E-08 1.8668E-08 1.8061E-08 1.7436E-08 1.6654E-08 1.5653E-08 1.4303E-08 1.2533E-08 1.0335E-08 7.8707E-09 5.4360E-09 3.3767E-09 1.8667E-09 8.9875E-10 3.7659E-10 1.2642E-10 2.5647E-11 0.0000E+00 0.0000E+00 0.0000E+00 0.0000E+00 0.0000E+00 0.0000E+00 0.0000E+00 0.0000E+00 0.0000E+00 0.0000E+00 0.0000E+00 0.0000E+00 0.0000E+00 0.0000E+00 0.0000E+00 0.0000E+00 0.0000E+00 0.0000E+00 0.0000E+00 0.0000E+00 0.0000E+00
0.0000E+00 0.0000E+00 0.0000E+00 2.4429E-12 4.3506E-11 2.2450E-10 7.9041E-10 2.2033E-09 5.0083E-09 9.2084E-09 1.4408E-08 1.9685E-08 2.4178E-08 2.7379E-08 2.8711E-08 2.8549E-08 2.7713E-08 2.6133E-08 2.4100E-08 2.2091E-08 2.0455E-08 1.9202E-08 1.8369E-08 1.7507E-08 1.6365E-08 1.4835E-08 1.2825E-08 1.0366E-08 7.6789E-09 5.1182E-09 3.0317E-09 1.5895E-09 7.2134E-10 2.7439E-10 8.0127E-11 9.6668E-12 0.0000E+00 0.0000E+00 0.0000E+00 0.0000E+00 0.0000E+00 0.0000E+00 0.0000E+00 0.0000E+00 0.0000E+00 0.0000E+00 0.0000E+00 0.0000E+00 0.0000E+00 0.0000E+00 0.0000E+00 0.0000E+00 0.0000E+00 0.0000E+00 0.0000E+00 0.0000E+00 0.0000E+00
0.0000E+00 0.0000E+00 0.0000E+00 4.4714E-12 6.1969E-11 2.9065E-10 1.0111E-09 2.8423E-09 6.3951E-09 1.1803E-08 1.8298E-08 2.4440E-08 2.9145E-08 3.1827E-08 3.3147E-08 3.2988E-08 3.1951E-08 3.0202E-08 2.8045E-08 2.5488E-08 2.3016E-08 2.0983E-08 1.9558E-08 1.8515E-08 1.7314E-08 1.5609E-08 1.3322E-08 1.0528E-08 7.5422E-09 4.8110E-09 2.6879E-09 1.3137E-09 5.5122E-10 1.8571E-10 4.1935E-11 0.0000E+00 0.0000E+00 0.0000E+00 0.0000E+00 0.0000E+00 0.0000E+00 0.0000E+00 0.0000E+00 0.0000E+00 0.0000E+00 0.0000E+00 0.0000E+00 0.0000E+00 0.0000E+00 0.0000E+00 0.0000E+00 0.0000E+00 0.0000E+00 0.0000E+00 0.0000E+00 0.0000E+00 0.0000E+00
0.0000E+00 0.0000E+00 0.0000E+00 5.5254E-12 6.4658E-11 2.9854E-10 1.0754E-09 2.9660E-09 6.8297E-09 1.3219E-08 2.0991E-08 2.8404E-08 3.3855E-08 3.6211E-08 3.6440E-08 3.6151E-08 3.5439E-08 3.4064E-08 3.1869E-08 2.9538E-08 2.6683E-08 2.3832E-08 2.1482E-08 1.9804E-08 1.8462E-08 1.6669E-08 1.4118E-08 1.0903E-08 7.5064E-09 4.5257E-09 2.3365E-09 1.0494E-09 3.9699E-10 1.1620E-10 1.7922E-11 0.0000E+00 0.0000E+00 0.0000E+00 0.0000E+00 0.0000E+00 0.0000E+00 0.0000E+00 0.0000E+00 0.0000E+00 0.0000E+00 0.0000E+00 0.0000E+00 0.0000E+00 0.0000E+00 0.0000E+00 0.0000E+00 0.0000E+00 0.0000E+00 0.0000E+00 0.0000E+00 0.0000E+00 0.0000E+00
0.0000E+00 0.0000E+00 0.0000E+00 4.8097E-12 5.3233E-11 2.4576E-10 8.8451E-10 2.4986E-09 6.0331E-09 1.2088E-08 2.0760E-08 3.0323E-08 3.7669E-08 4.1119E-08 4.0873E-08 3.8552E-08 3.7175E-08 3.6638E-08 3.5439E-08 3.3209E-08 3.0892E-08 2.7880E-08 2.4672E-08 2.1929E-08 1.9872E-08 1.7961E-08 1.4483E-08 1.1553E-08 7.6257E-09 4.2955E-09 2.0216E-09 8.0091E-10 2.6478E-10 6.2574E-11 4.4963E-12 0.0000E+00 0.0000E+00 0.0000E+00 0.0000E+00 0.0000E+00 0.0000E+00 0.0000E+00 0.0000E+00 0.0000E+00 0.0000E+00 0.0000E+00 0.0000E+00 0.0000E+00 0.0000E+00 0.0000E+00 0.0000E+00 0.0000E+00 0.0000E+00 0.0000E+00 0.0000E+00 0.0000E+00 0.0000E+00
0.0000E+00 0.0000E+00 0.0000E+00 1.9605E-12 3.3729E-11 1.6308E-10 5.7103E-10 1.6691E-09 4.1957E-09 8.9567E-09 1.6835E-08 2.7296E-08 3.8416E-08 4.6168E-08 4.7542E-08 4.4155E-08 3.9562E-08 3.6955E-08 3.7169E-08 3.6381E-08 3.4423E-08 3.2270E-08 2.9244E-08 2.5565E-08 2.2265E-08 1.9514E-08 1.6485E-08 1.1438E-08 7.8654E-09 4.1089E-09 1.7169E-09 5.8572E-10 1.5568E-10 2.4561E-11 1.4638E-12 0.0000E+00 0.0000E+00 0.0000E+00 0.0000E+00 0.0000E+00 0.0000E+00 0.0000E+00 0.0000E+00 0.0000E+00 0.0000E+00 0.0000E+00 0.0000E+00 0.0000E+00 0.0000E+00 0.0000E+00 0.0000E+00 0.0000E+00 0.0000E+00 0.0000E+00 0.0000E+00 0.0000E+00 0.0000E+00
0.0000E+00 0.0000E+00 0.0000E+00 0.0000E+00 1.2075E-11 7.3774E-11 2.8064E-10 8.6152E-10 2.2417E-09 5.2188E-09 1.0617E-08 1.9514E-08 3.2309E-08 4.6272E-08 5.5251E-08 5.4660E-08 4.6631E-08 3.9901E-08 3.7066E-08 3.7309E-08 3.6999E-08 3.5470E-08 3.3634E-08 3.0813E-08 2.6545E-08 2.2238E-08 1.7927E-08 1.3092E-08 7.0883E-09 3.8992E-09 1.4440E-09 4.0159E-10 7.2646E-11 7.4158E-12 2.2976E-13 0.0000E+00 0.0000E+00 0.0000E+00 0.0000E+00 0.0000E+00 0.0000E+00 0.0000E+00 0.0000E+00 0.0000E+00 0.0000E+00 0.0000E+00 0.0000E+00 0.0000E+00 0.0000E+00 0.0000E+00 0.0000E+00 0.0000E+00 0.0000E+00 0.0000E+00 0.0000E+00 0.0000E+00 0.0000E+00
0.0000E+00 0.0000E+00 0.0000E+00 0.0000E+00 0.0000E+00 4.5670E-12 9.0867E-11 3.0459E-10 8.5899E-10 2.1456E-09 4.8500E-09 1.0359E-08 2.0141E-08 3.5446E-08 5.4516E-08 6.7130E-08 6.3591E-08 4.8931E-08 3.9771E-08 3.7323E-08 3.7336E-08 3.7338E-08 3.6192E-08 3.4892E-08 3.2564E-08 2.7220E-08 2.0367E-08 1.3539E-08 7.7592E-09 3.5207E-09 1.1663E-09 2.6789E-10 2.0157E-11 1.5304E-12 0.0000E+00 0.0000E+00 0.0000E+00 0.0000E+00 0.0000E+00 0.0000E+00 0.0000E+00 0.0000E+00 0.0000E+00 0.0000E+00 0.0000E+00 0.0000E+00 0.0000E+00 0.0000E+00 0.0000E+00 0.0000E+00 0.0000E+00 0.0000E+00 0.0000E+00 0.0000E+00 0.0000E+00 0.0000E+00 0.0000E+00
0.0000E+00 0.0000E+00 0.0000E+00 0.0000E+00 0.0000E+00 0.0000E+00 0.0000E+00 2.0722E-11 1.9359E-10 5.7279E-10 1.4717E-09 3.5168E-09 8.1557E-09 1.8178E-08 3.6429E-08 6.2392E-08 8.3530E-08 7.5852E-08 5.0498E-08 3.8500E-08 3.7737E-08 3.7426E-08 3.7695E-08 3.6498E-08 3.6164E-08 3.3532E-08 2.3739E-08 1.3296E-08 6.6106E-09 2.8497E-09 8.7823E-10 1.7049E-10 4.3575E-12 0.0000E+00 0.0000E+00 0.0000E+00 0.0000E+00 0.0000E+00 0.0000E+00 0.0000E+00 0.0000E+00 0.0000E+00 0.0000E+00 0.0000E+00 0.0000E+00 0.0000E+00 0.0000E+00 0.0000E+00 0.0000E+00 0.0000E+00 0.0000E+00 0.0000E+00 0.0000E+00 0.0000E+00 0.0000E+00 0.0000E+00 0.0000E+00
