Assets/Resources/2015_m01_d15_1200(utc+0800)_l00_csi_1hr_conc.grd
DSAA
         159         159
     -79.000      79.000
     -79.000      79.000
  0.0000E+00  0.6258E-05
[rows 100 to 124 of 159, columns 57 to 113 of 159]
3.9469E-09 4.4920E-09 5.1697E-09 5.9433E-09 6.8743E-09 7.9577E-09 9.1987E-09 1.0592E-08 1.2113E-08 1.3725E-08 1.5379E-08 1.7039E-08 1.8643E-08 2.0129E-08 2.1422E-08 2.2451E-08 2.3154E-08 2.3539E-08 2.3661E-08 2.3554E-08 2.3284E-08 2.2920E-08 2.2415E-08 2.1795E-08 2.1078E-08 2.0293E-08 1.9481E-08 1.8702E-08 1.7944E-08 1.7230E-08 1.6527E-08 1.5882E-08 1.5237E-08 1.4613E-08 1.4002E-08 1.3386E-08 1.2803E-08 1.2221E-08 1.1666E-08 1.1134E-08 1.0612E-08 1.0121E-08 9.6613E-09 9.2311E-09 8.8306E-09 8.4608E-09 8.1228E-09 7.8118E-09 7.5271E-09 7.2618E-09 7.0237E-09 6.8002E-09 6.5958E-09 6.4047E-09 6.2375E-09 6.0816E-09 5.8560E-09
3.6974E-09 4.1722E-09 4.7501E-09 5.4265E-09 6.1995E-09 7.0988E-09 8.1410E-09 9.2878E-09 1.0543E-08 1.1849E-08 1.3199E-08 1.4556E-08 1.5869E-08 1.7075E-08 1.8125E-08 1.8976E-08 1.9611E-08 1.9985E-08 2.0163E-08 2.0154E-08 2.0003E-08 1.9737E-08 1.9351E-08 1.8890E-08 1.8350E-08 1.7764E-08 1.7167E-08 1.6572E-08 1.5975E-08 1.5378E-08 1.4832E-08 1.4294E-08 1.3750E-08 1.3234E-08 1.2709E-08 1.2197E-08 1.1701E-08 1.1204E-08 1.0735E-08 1.0275E-08 9.8318E-09 9.4129E-09 9.0084E-09 8.6371E-09 8.2887E-09 7.9661E-09 7.6694E-09 7.3973E-09 7.1423E-09 6.9114E-09 6.6948E-09 6.4955E-09 6.3129E-09 6.1439E-09 5.9933E-09 5.7695E-09 5.6448E-09
3.4787E-09 3.8811E-09 4.3636E-09 4.9462E-09 5.6085E-09 6.3481E-09 7.1917E-09 8.1422E-09 9.1752E-09 1.0248E-08 1.1340E-08 1.2433E-08 1.3498E-08 1.4473E-08 1.5336E-08 1.6064E-08 1.6629E-08 1.6994E-08 1.7196E-08 1.7251E-08 1.7191E-08 1.7027E-08 1.6772E-08 1.6429E-08 1.6032E-08 1.5601E-08 1.5146E-08 1.4671E-08 1.4187E-08 1.3738E-08 1.3293E-08 1.2840E-08 1.2405E-08 1.1972E-08 1.1528E-08 1.1107E-08 1.0688E-08 1.0272E-08 9.8761E-09 9.4849E-09 9.1141E-09 8.7570E-09 8.4058E-09 8.0866E-09 7.7854E-09 7.5080E-09 7.2472E-09 7.0052E-09 6.7855E-09 6.5778E-09 6.3869E-09 6.2095E-09 6.0435E-09 5.8982E-09 5.7616E-09 5.5525E-09 5.4419E-09
3.2751E-09 3.6208E-09 4.0385E-09 4.5128E-09 5.0694E-09 5.6932E-09 6.3867E-09 7.1564E-09 7.9929E-09 8.8708E-09 9.7553E-09 1.0642E-08 1.1487E-08 1.2275E-08 1.2985E-08 1.3602E-08 1.4101E-08 1.4444E-08 1.4661E-08 1.4762E-08 1.4759E-08 1.4679E-08 1.4517E-08 1.4285E-08 1.4005E-08 1.3693E-08 1.3345E-08 1.2978E-08 1.2628E-08 1.2271E-08 1.1903E-08 1.1540E-08 1.1187E-08 1.0824E-08 1.0467E-08 1.0121E-08 9.7651E-09 9.4266E-09 9.0932E-09 8.7650E-09 8.4514E-09 8.1486E-09 7.8515E-09 7.5768E-09 7.3226E-09 7.0804E-09 6.8520E-09 6.6440E-09 6.4472E-09 6.2640E-09 6.0951E-09 5.9363E-09 5.7966E-09 5.6638E-09 5.4592E-09 5.3499E-09 5.2476E-09
3.0940E-09 3.3860E-09 3.7215E-09 4.1239E-09 4.5749E-09 5.0910E-09 5.6579E-09 6.2804E-09 6.9577E-09 7.6501E-09 8.3684E-09 9.0853E-09 9.7860E-09 1.0437E-08 1.1023E-08 1.1539E-08 1.1972E-08 1.2291E-08 1.2508E-08 1.2639E-08 1.2685E-08 1.2667E-08 1.2581E-08 1.2438E-08 1.2244E-08 1.2014E-08 1.1765E-08 1.1511E-08 1.1245E-08 1.0962E-08 1.0667E-08 1.0385E-08 1.0098E-08 9.7990E-09 9.5175E-09 9.2294E-09 8.9380E-09 8.6599E-09 8.3817E-09 8.1119E-09 7.8470E-09 7.5906E-09 7.3406E-09 7.1120E-09 6.8908E-09 6.6811E-09 6.4881E-09 6.3034E-09 6.1299E-09 5.9696E-09 5.8202E-09 5.6862E-09 5.5606E-09 5.3589E-09 5.2528E-09 5.1552E-09 5.0624E-09
2.9283E-09 3.1809E-09 3.4674E-09 3.7925E-09 4.1741E-09 4.5935E-09 5.0622E-09 5.5758E-09 6.1283E-09 6.6864E-09 7.2550E-09 7.8216E-09 8.3800E-09 8.9044E-09 9.3925E-09 9.8281E-09 1.0198E-08 1.0486E-08 1.0699E-08 1.0846E-08 1.0931E-08 1.0958E-08 1.0927E-08 1.0842E-08 1.0718E-08 1.0569E-08 1.0407E-08 1.0226E-08 1.0023E-08 9.8033E-09 9.5869E-09 9.3635E-09 9.1238E-09 8.8959E-09 8.6680E-09 8.4301E-09 8.2022E-09 7.9751E-09 7.7415E-09 7.5132E-09 7.2869E-09 7.0810E-09 6.8790E-09 6.6800E-09 6.4923E-09 6.3145E-09 6.1460E-09 5.9841E-09 5.8339E-09 5.6954E-09 5.5684E-09 5.4501E-09 5.3377E-09 5.1519E-09 5.0596E-09 4.9704E-09 4.8097E-09
2.7790E-09 3.0010E-09 3.2415E-09 3.5177E-09 3.8238E-09 4.1756E-09 4.5580E-09 4.9758E-09 5.4199E-09 5.8797E-09 6.3362E-09 6.7875E-09 7.2190E-09 7.6407E-09 8.0436E-09 8.4131E-09 8.7361E-09 8.9969E-09 9.2024E-09 9.3622E-09 9.4672E-09 9.5201E-09 9.5232E-09 9.4872E-09 9.4226E-09 9.3361E-09 9.2290E-09 9.0979E-09 8.9508E-09 8.8005E-09 8.6367E-09 8.4544E-09 8.2761E-09 8.1011E-09 7.9167E-09 7.7285E-09 7.5420E-09 7.3481E-09 7.1540E-09 6.9701E-09 6.7928E-09 6.6216E-09 6.4508E-09 6.2862E-09 6.1258E-09 5.9736E-09 5.8268E-09 5.6898E-09 5.5613E-09 5.4428E-09 5.3325E-09 5.2269E-09 5.0472E-09 4.9592E-09 4.8755E-09 4.7174E-09 4.6486E-09
2.6402E-09 2.8213E-09 3.0324E-09 3.2590E-09 3.5123E-09 3.7937E-09 4.1035E-09 4.4393E-09 4.8014E-09 5.1589E-09 5.5330E-09 5.9006E-09 6.2712E-09 6.6295E-09 6.9615E-09 7.2685E-09 7.5442E-09 7.7778E-09 7.9800E-09 8.1350E-09 8.2446E-09 8.3114E-09 8.3452E-09 8.3483E-09 8.3244E-09 8.2753E-09 8.2057E-09 8.1219E-09 8.0326E-09 7.9272E-09 7.7993E-09 7.6669E-09 7.5383E-09 7.3984E-09 7.2434E-09 7.0928E-09 6.9400E-09 6.7859E-09 6.6403E-09 6.4934E-09 6.3460E-09 6.2004E-09 6.0614E-09 5.9237E-09 5.7894E-09 5.6592E-09 5.5362E-09 5.4173E-09 5.3096E-09 5.2078E-09 5.1093E-09 4.9366E-09 4.8537E-09 4.7767E-09 4.7001E-09 4.5555E-09 4.4980E-09
2.5218E-09 2.6813E-09 2.8572E-09 3.0537E-09 3.2675E-09 3.4994E-09 3.7564E-09 4.0297E-09 4.3184E-09 4.6134E-09 4.9075E-09 5.2073E-09 5.5101E-09 5.8015E-09 6.0835E-09 6.3429E-09 6.5736E-09 6.7852E-09 6.9673E-09 7.1143E-09 7.2283E-09 7.3118E-09 7.3640E-09 7.3882E-09 7.3853E-09 7.3619E-09 7.3341E-09 7.2960E-09 7.2397E-09 7.1616E-09 7.0702E-09 6.9777E-09 6.8759E-09 6.7588E-09 6.6476E-09 6.5368E-09 6.4199E-09 6.3021E-09 6.1825E-09 6.0614E-09 5.9377E-09 5.8142E-09 5.7067E-09 5.5954E-09 5.4828E-09 5.3728E-09 5.2642E-09 5.1685E-09 5.0762E-09 4.9863E-09 4.8208E-09 4.7442E-09 4.6729E-09 4.6023E-09 4.4609E-09 4.4072E-09 4.3501E-09
2.4133E-09 2.5533E-09 2.7054E-09 2.8757E-09 3.0541E-09 3.2526E-09 3.4581E-09 3.6875E-09 3.9234E-09 4.1578E-09 4.3956E-09 4.6418E-09 4.8864E-09 5.1342E-09 5.3713E-09 5.5928E-09 5.8042E-09 5.9928E-09 6.1521E-09 6.2842E-09 6.3902E-09 6.4736E-09 6.5317E-09 6.5667E-09 6.5880E-09 6.5976E-09 6.5975E-09 6.5770E-09 6.5358E-09 6.4903E-09 6.4349E-09 6.3689E-09 6.2927E-09 6.2185E-09 6.1400E-09 6.0529E-09 5.9603E-09 5.8652E-09 5.7661E-09 5.6664E-09 5.5701E-09 5.4740E-09 5.3871E-09 5.2967E-09 5.1998E-09 5.1040E-09 5.0205E-09 4.9377E-09 4.8570E-09 4.6992E-09 4.6300E-09 4.5653E-09 4.5006E-09 4.3638E-09 4.3137E-09 4.2625E-09 4.1384E-09
2.3083E-09 2.4258E-09 2.5590E-09 2.6961E-09 2.8545E-09 3.0142E-09 3.1881E-09 3.3630E-09 3.5546E-09 3.7495E-09 3.9523E-09 4.1561E-09 4.3683E-09 4.5787E-09 4.7817E-09 4.9794E-09 5.1623E-09 5.3267E-09 5.4729E-09 5.5965E-09 5.6995E-09 5.7827E-09 5.8478E-09 5.8988E-09 5.9339E-09 5.9507E-09 5.9565E-09 5.9502E-09 5.9421E-09 5.9274E-09 5.8965E-09 5.8506E-09 5.8025E-09 5.7507E-09 5.6893E-09 5.6157E-09 5.5419E-09 5.4690E-09 5.3966E-09 5.3212E-09 5.2447E-09 5.1682E-09 5.0912E-09 5.0141E-09 4.9388E-09 4.8649E-09 4.7933E-09 4.7224E-09 4.5730E-09 4.5115E-09 4.4535E-09 4.3946E-09 4.2631E-09 4.2174E-09 4.1716E-09 4.1222E-09 4.0137E-09
2.2212E-09 2.3283E-09 2.4414E-09 2.5678E-09 2.6943E-09 2.8388E-09 2.9854E-09 3.1349E-09 3.2854E-09 3.4418E-09 3.6087E-09 3.7885E-09 3.9674E-09 4.1407E-09 4.3124E-09 4.4760E-09 4.6297E-09 4.7739E-09 4.9056E-09 5.0215E-09 5.1225E-09 5.2104E-09 5.2802E-09 5.3333E-09 5.3696E-09 5.3951E-09 5.4209E-09 5.4433E-09 5.4545E-09 5.4508E-09 5.4269E-09 5.3980E-09 5.3640E-09 5.3235E-09 5.2754E-09 5.2279E-09 5.1791E-09 5.1274E-09 5.0708E-09 5.0117E-09 4.9463E-09 4.8790E-09 4.8167E-09 4.7652E-09 4.7058E-09 4.6436E-09 4.5827E-09 4.4414E-09 4.3888E-09 4.3376E-09 4.2848E-09 4.1593E-09 4.1188E-09 4.0778E-09 4.0330E-09 3.9274E-09 3.8942E-09
2.1384E-09 2.2346E-09 2.3388E-09 2.4473E-09 2.5622E-09 2.6794E-09 2.8038E-09 2.9341E-09 3.0672E-09 3.1984E-09 3.3364E-09 3.4820E-09 3.6322E-09 3.7850E-09 3.9314E-09 4.0725E-09 4.2075E-09 4.3341E-09 4.4505E-09 4.5537E-09 4.6445E-09 4.7252E-09 4.7924E-09 4.8484E-09 4.8970E-09 4.9382E-09 4.9748E-09 5.0011E-09 5.0125E-09 5.0129E-09 5.0082E-09 4.9945E-09 4.9762E-09 4.9528E-09 4.9270E-09 4.8956E-09 4.8608E-09 4.8193E-09 4.7721E-09 4.7209E-09 4.6707E-09 4.6245E-09 4.5770E-09 4.5367E-09 4.4896E-09 4.4387E-09 4.3073E-09 4.2625E-09 4.2182E-09 4.1713E-09 4.0523E-09 4.0174E-09 3.9811E-09 3.9413E-09 3.8392E-09 3.8101E-09 3.7778E-09
2.0565E-09 2.1489E-09 2.2411E-09 2.3409E-09 2.4420E-09 2.5434E-09 2.6504E-09 2.7586E-09 2.8720E-09 2.9912E-09 3.1144E-09 3.2364E-09 3.3613E-09 3.4860E-09 3.6113E-09 3.7355E-09 3.8534E-09 3.9631E-09 4.0666E-09 4.1608E-09 4.2477E-09 4.3284E-09 4.3985E-09 4.4605E-09 4.5128E-09 4.5535E-09 4.5847E-09 4.6081E-09 4.6293E-09 4.6488E-09 4.6583E-09 4.6566E-09 4.6455E-09 4.6331E-09 4.6165E-09 4.5935E-09 4.5643E-09 4.5315E-09 4.5003E-09 4.4680E-09 4.4333E-09 4.3963E-09 4.3572E-09 4.3255E-09 4.2902E-09 4.1705E-09 4.1333E-09 4.0952E-09 4.0543E-09 3.9425E-09 3.9133E-09 3.8816E-09 3.8471E-09 3.7492E-09 3.7240E-09 3.6961E-09 3.6657E-09
1.8938E-09 2.0618E-09 2.1525E-09 2.2405E-09 2.3316E-09 2.4267E-09 2.5171E-09 2.6110E-09 2.7081E-09 2.8106E-09 2.9209E-09 3.0336E-09 3.1415E-09 3.2476E-09 3.3537E-09 3.4584E-09 3.5601E-09 3.6589E-09 3.7528E-09 3.8398E-09 3.9198E-09 3.9939E-09 4.0585E-09 4.1138E-09 4.1594E-09 4.1987E-09 4.2382E-09 4.2783E-09 4.3106E-09 4.3356E-09 4.3475E-09 4.3474E-09 4.3446E-09 4.3394E-09 4.3317E-09 4.3199E-09 4.3047E-09 4.2877E-09 4.2667E-09 4.2425E-09 4.2156E-09 4.1862E-09 4.1553E-09 4.0505E-09 4.0305E-09 4.0019E-09 3.9692E-09 3.9351E-09 3.8310E-09 3.8070E-09 3.7796E-09 3.7511E-09 3.6574E-09 3.6362E-09 3.6124E-09 3.5858E-09 3.5613E-09
1.8316E-09 1.9024E-09 1.9787E-09 2.1475E-09 2.2312E-09 2.3132E-09 2.4004E-09 2.4855E-09 2.5700E-09 2.6586E-09 2.7529E-09 2.8482E-09 2.9474E-09 3.0470E-09 3.1409E-09 3.2329E-09 3.3233E-09 3.4099E-09 3.4938E-09 3.5708E-09 3.6422E-09 3.7077E-09 3.7676E-09 3.8221E-09 3.8725E-09 3.9186E-09 3.9606E-09 4.0001E-09 4.0305E-09 4.0528E-09 4.0683E-09 4.0782E-09 4.0846E-09 4.0884E-09 4.0898E-09 4.0865E-09 4.0788E-09 4.0679E-09 4.0525E-09 4.0351E-09 4.0146E-09 3.9123E-09 3.8939E-09 3.8795E-09 3.8653E-09 3.8398E-09 3.8143E-09 3.7188E-09 3.6990E-09 3.6760E-09 3.6529E-09 3.5638E-09 3.5462E-09 3.5265E-09 3.5036E-09 3.4827E-09 3.4622E-09
1.7710E-09 1.8386E-09 1.9069E-09 1.9754E-09 2.0495E-09 2.2130E-09 2.2909E-09 2.3689E-09 2.4514E-09 2.5330E-09 2.6142E-09 2.6967E-09 2.7801E-09 2.8649E-09 2.9525E-09 3.0374E-09 3.1171E-09 3.1930E-09 3.2674E-09 3.3377E-09 3.4052E-09 3.4711E-09 3.5316E-09 3.5870E-09 3.6370E-09 3.6804E-09 3.7175E-09 3.7519E-09 3.7812E-09 3.8098E-09 3.8336E-09 3.8495E-09 3.8609E-09 3.8685E-09 3.8738E-09 3.8746E-09 3.8719E-09 3.8648E-09 3.8574E-09 3.8474E-09 3.7557E-09 3.7454E-09 3.7320E-09 3.7162E-09 3.7062E-09 3.6179E-09 3.6045E-09 3.5891E-09 3.5711E-09 3.5524E-09 3.4685E-09 3.4546E-09 3.4381E-09 3.4192E-09 3.4020E-09 3.3850E-09 3.3639E-09
1.6305E-09 1.7735E-09 1.8402E-09 1.9048E-09 1.9693E-09 2.0339E-09 2.1028E-09 2.2626E-09 2.3400E-09 2.4163E-09 2.4931E-09 2.5679E-09 2.6418E-09 2.7167E-09 2.7910E-09 2.8657E-09 2.9410E-09 3.0139E-09 3.0819E-09 3.1464E-09 3.2073E-09 3.2651E-09 3.3187E-09 3.3674E-09 3.4113E-09 3.4513E-09 3.4901E-09 3.5308E-09 3.5669E-09 3.5985E-09 3.6249E-09 3.6431E-09 3.6570E-09 3.6673E-09 3.6766E-09 3.6831E-09 3.6860E-09 3.6032E-09 3.6042E-09 3.6019E-09 3.5966E-09 3.5861E-09 3.5747E-09 3.5659E-09 3.4919E-09 3.4889E-09 3.4775E-09 3.4643E-09 3.4510E-09 3.3718E-09 3.3612E-09 3.3470E-09 3.3326E-09 3.3193E-09 3.3047E-09 3.2871E-09 3.2697E-09
1.5833E-09 1.6362E-09 1.6944E-09 1.8352E-09 1.8970E-09 1.9582E-09 2.0204E-09 2.0828E-09 2.1498E-09 2.3047E-09 2.3795E-09 2.4503E-09 2.5182E-09 2.5861E-09 2.6526E-09 2.7180E-09 2.7829E-09 2.8477E-09 2.9132E-09 2.9750E-09 3.0334E-09 3.0873E-09 3.1374E-09 3.1839E-09 3.2284E-09 3.2698E-09 3.3076E-09 3.3472E-09 3.3822E-09 3.4132E-09 3.4402E-09 3.4607E-09 3.4775E-09 3.4911E-09 3.5029E-09 3.4308E-09 3.4395E-09 3.4453E-09 3.4467E-09 3.4448E-09 3.4413E-09 3.4396E-09 3.3625E-09 3.3609E-09 3.3641E-09 3.3646E-09 3.3553E-09 3.2782E-09 3.2731E-09 3.2653E-09 3.2550E-09 3.2443E-09 3.2344E-09 3.2221E-09 3.2079E-09 3.1939E-09 3.1786E-09
1.5382E-09 1.5888E-09 1.6392E-09 1.6900E-09 1.7462E-09 1.8855E-09 1.9463E-09 2.0067E-09 2.0663E-09 2.1246E-09 2.1849E-09 2.2516E-09 2.3194E-09 2.4690E-09 2.5317E-09 2.5920E-09 2.6504E-09 2.7073E-09 2.7624E-09 2.8169E-09 2.8705E-09 2.9238E-09 2.9740E-09 3.0215E-09 3.0649E-09 3.1053E-09 3.1428E-09 3.1799E-09 3.2144E-09 3.2463E-09 3.2743E-09 3.2954E-09 3.2312E-09 3.2471E-09 3.2623E-09 3.2749E-09 3.2847E-09 3.2906E-09 3.2963E-09 3.3023E-09 3.2317E-09 3.2361E-09 3.2391E-09 3.2386E-09 3.2410E-09 3.2457E-09 3.1754E-09 3.1727E-09 3.1673E-09 3.1611E-09 3.1542E-09 3.1471E-09 3.1373E-09 3.1262E-09 3.1151E-09 3.1028E-09 3.0892E-09
1.4200E-09 1.5405E-09 1.5899E-09 1.6387E-09 1.6879E-09 1.7370E-09 1.7927E-09 1.9289E-09 1.9886E-09 2.0460E-09 2.1016E-09 2.1564E-09 2.2107E-09 2.2691E-09 2.3304E-09 2.3909E-09 2.4476E-09 2.5020E-09 2.6366E-09 2.6868E-09 2.7354E-09 2.7820E-09 2.8260E-09 2.8683E-09 2.9084E-09 2.9459E-09 2.9003E-09 2.9369E-09 2.9725E-09 3.0048E-09 3.0349E-09 3.0592E-09 3.0795E-09 3.0972E-09 3.1134E-09 3.1294E-09 3.1444E-09 3.1569E-09 3.0924E-09 3.1020E-09 3.1111E-09 3.1163E-09 3.1196E-09 3.1214E-09 3.1274E-09 3.0678E-09 3.0704E-09 3.0686E-09 3.0655E-09 3.0619E-09 3.0572E-09 3.0508E-09 3.0424E-09 3.0340E-09 3.0249E-09 3.0137E-09 3.0017E-09
1.3847E-09 1.4231E-09 1.4674E-09 1.5881E-09 1.6361E-09 1.6838E-09 1.7316E-09 1.7779E-09 1.8301E-09 1.9622E-09 2.0211E-09 2.0757E-09 2.1276E-09 2.1785E-09 2.2289E-09 2.2797E-09 2.3328E-09 2.3858E-09 2.4376E-09 2.4865E-09 2.5335E-09 2.5787E-09 2.6214E-09 2.6620E-09 2.7005E-09 2.7373E-09 2.7719E-09 2.8062E-09 2.8396E-09 2.8710E-09 2.8998E-09 2.9254E-09 2.9473E-09 2.9670E-09 2.9845E-09 2.9270E-09 2.9444E-09 2.9606E-09 2.9743E-09 2.9848E-09 2.9929E-09 3.0008E-09 3.0086E-09 2.9454E-09 2.9522E-09 2.9631E-09 2.9689E-09 2.9685E-09 2.9680E-09 2.9662E-09 2.9619E-09 2.9568E-09 2.9519E-09 2.9449E-09 2.9363E-09 2.9271E-09 2.9163E-09
1.3271E-09 1.3894E-09 1.4268E-09 1.4651E-09 1.5800E-09 1.6297E-09 1.6763E-09 1.7228E-09 1.7679E-09 1.8124E-09 1.8594E-09 1.9121E-09 1.9660E-09 2.0943E-09 2.1436E-09 2.1915E-09 2.2377E-09 2.2833E-09 2.3289E-09 2.3757E-09 2.4210E-09 2.4644E-09 2.5058E-09 2.5457E-09 2.5830E-09 2.6188E-09 2.6526E-09 2.6853E-09 2.7183E-09 2.7488E-09 2.7778E-09 2.8036E-09 2.7515E-09 2.7731E-09 2.7934E-09 2.8130E-09 2.8306E-09 2.8454E-09 2.8584E-09 2.8719E-09 2.8835E-09 2.8254E-09 2.8352E-09 2.8445E-09 2.8514E-09 2.8618E-09 2.8712E-09 2.8735E-09 2.8733E-09 2.8714E-09 2.8709E-09 2.8681E-09 2.8631E-09 2.8574E-09 2.8509E-09 2.8420E-09 2.8324E-09
1.2698E-09 1.3203E-09 1.3754E-09 1.4282E-09 1.4649E-09 1.5025E-09 1.5463E-09 1.6642E-09 1.7110E-09 1.7553E-09 1.7980E-09 1.8406E-09 1.8833E-09 1.9297E-09 1.9791E-09 2.0278E-09 2.0736E-09 2.1179E-09 2.1606E-09 2.2775E-09 2.3180E-09 2.3581E-09 2.3972E-09 2.4358E-09 2.4725E-09 2.5074E-09 2.4661E-09 2.4987E-09 2.5316E-09 2.5629E-09 2.5925E-09 2.6193E-09 2.6427E-09 2.6642E-09 2.6842E-09 2.7023E-09 2.7211E-09 2.7384E-09 2.7539E-09 2.7000E-09 2.7141E-09 2.7272E-09 2.7378E-09 2.7468E-09 2.7555E-09 2.7675E-09 2.7779E-09 2.7796E-09 2.7822E-09 2.7837E-09 2.7825E-09 2.7806E-09 2.7777E-09 2.7729E-09 2.7663E-09 2.7596E-09 2.7509E-09
1.2197E-09 1.2663E-09 1.3216E-09 1.3756E-09 1.4273E-09 1.4630E-09 1.4991E-09 1.5354E-09 1.5770E-09 1.6914E-09 1.7386E-09 1.7816E-09 1.8223E-09 1.8628E-09 1.9032E-09 1.9443E-09 1.9877E-09 2.0312E-09 2.0741E-09 2.1152E-09 2.1548E-09 2.1934E-09 2.2305E-09 2.2663E-09 2.3006E-09 2.3342E-09 2.3666E-09 2.3979E-09 2.4304E-09 2.4599E-09 2.4883E-09 2.5153E-09 2.5394E-09 2.5615E-09 2.5821E-09 2.6013E-09 2.5516E-09 2.5715E-09 2.5894E-09 2.6057E-09 2.6201E-09 2.6319E-09 2.6447E-09 2.6553E-09 2.6638E-09 2.6741E-09 2.6866E-09 2.6926E-09 2.6952E-09 2.6967E-09 2.6978E-09 2.6965E-09 2.6932E-09 2.6902E-09 2.6852E-09 2.6782E-09 2.6707E-09
