Assets/Resources/2015_m01_d13_1700(utc+0800)_l00_csi_1hr_conc.grd
DSAA
         159         159
     -79.000      79.000
     -79.000      79.000
  0.0000E+00  0.1016E-04
[rows 50 to 74 of 159, columns 0 to 56 of 159]
9.0242E-09 9.5277E-09 1.0049E-08 1.0577E-08 1.1124E-08 1.1679E-08 1.2240E-08 1.2818E-08 1.3394E-08 1.3991E-08 1.4579E-08 1.5190E-08 1.5816E-08 1.6449E-08 1.7098E-08 1.7735E-08 1.8379E-08 1.9011E-08 1.9641E-08 2.0243E-08 2.0830E-08 2.1419E-08 2.1974E-08 2.2536E-08 2.3070E-08 2.3606E-08 2.4131E-08 2.4631E-08 2.5153E-08 2.5651E-08 2.6125E-08 2.6586E-08 2.7000E-08 2.7386E-08 2.7732E-08 2.8015E-08 2.8235E-08 2.8355E-08 2.8352E-08 2.8233E-08 2.7965E-08 2.7555E-08 2.6982E-08 2.6230E-08 2.5302E-08 2.4222E-08 2.2990E-08 2.1629E-08 2.0149E-08 1.8558E-08 1.6864E-08 1.5081E-08 1.3234E-08 1.1368E-08 9.5235E-09 7.7503E-09 6.1073E-09
9.2003E-09 9.7165E-09 1.0250E-08 1.0793E-08 1.1354E-08 1.1926E-08 1.2503E-08 1.3098E-08 1.3692E-08 1.4304E-08 1.4909E-08 1.5540E-08 1.6187E-08 1.6847E-08 1.7524E-08 1.8188E-08 1.8868E-08 1.9534E-08 2.0206E-08 2.0847E-08 2.1471E-08 2.2101E-08 2.2698E-08 2.3307E-08 2.3890E-08 2.4474E-08 2.5056E-08 2.5614E-08 2.6199E-08 2.6765E-08 2.7307E-08 2.7844E-08 2.8339E-08 2.8806E-08 2.9237E-08 2.9624E-08 2.9946E-08 3.0183E-08 3.0305E-08 3.0304E-08 3.0178E-08 2.9909E-08 2.9462E-08 2.8837E-08 2.8012E-08 2.6996E-08 2.5803E-08 2.4450E-08 2.2932E-08 2.1269E-08 1.9478E-08 1.7560E-08 1.5536E-08 1.3447E-08 1.1360E-08 9.3188E-09 7.4038E-09
9.3515E-09 9.8782E-09 1.0423E-08 1.0979E-08 1.1552E-08 1.2138E-08 1.2728E-08 1.3339E-08 1.3948E-08 1.4575E-08 1.5196E-08 1.5842E-08 1.6504E-08 1.7185E-08 1.7888E-08 1.8571E-08 1.9280E-08 1.9977E-08 2.0682E-08 2.1359E-08 2.2020E-08 2.2687E-08 2.3322E-08 2.3969E-08 2.4594E-08 2.5223E-08 2.5852E-08 2.6461E-08 2.7102E-08 2.7726E-08 2.8331E-08 2.8935E-08 2.9498E-08 3.0047E-08 3.0553E-08 3.1024E-08 3.1444E-08 3.1781E-08 3.2028E-08 3.2151E-08 3.2166E-08 3.2051E-08 3.1768E-08 3.1298E-08 3.0626E-08 2.9741E-08 2.8651E-08 2.7357E-08 2.5866E-08 2.4197E-08 2.2341E-08 2.0318E-08 1.8142E-08 1.5862E-08 1.3527E-08 1.1207E-08 8.9923E-09
9.4760E-09 1.0011E-08 1.0566E-08 1.1131E-08 1.1714E-08 1.2312E-08 1.2913E-08 1.3536E-08 1.4158E-08 1.4798E-08 1.5434E-08 1.6095E-08 1.6769E-08 1.7460E-08 1.8182E-08 1.8884E-08 1.9613E-08 2.0335E-08 2.1064E-08 2.1767E-08 2.2463E-08 2.3165E-08 2.3831E-08 2.4512E-08 2.5170E-08 2.5835E-08 2.6505E-08 2.7155E-08 2.7840E-08 2.8511E-08 2.9169E-08 2.9829E-08 3.0456E-08 3.1070E-08 3.1647E-08 3.2188E-08 3.2691E-08 3.3119E-08 3.3467E-08 3.3725E-08 3.3879E-08 3.3911E-08 3.3811E-08 3.3536E-08 3.3056E-08 3.2366E-08 3.1440E-08 3.0288E-08 2.8906E-08 2.7284E-08 2.5435E-08 2.3366E-08 2.1082E-08 1.8624E-08 1.6061E-08 1.3468E-08 1.0937E-08
9.5725E-09 1.0114E-08 1.0676E-08 1.1249E-08 1.1840E-08 1.2446E-08 1.3055E-08 1.3688E-08 1.4319E-08 1.4970E-08 1.5618E-08 1.6292E-08 1.6978E-08 1.7677E-08 1.8407E-08 1.9121E-08 1.9864E-08 2.0603E-08 2.1351E-08 2.2069E-08 2.2790E-08 2.3518E-08 2.4214E-08 2.4925E-08 2.5610E-08 2.6301E-08 2.7000E-08 2.7680E-08 2.8399E-08 2.9105E-08 2.9804E-08 3.0507E-08 3.1184E-08 3.1859E-08 3.2487E-08 3.3090E-08 3.3660E-08 3.4157E-08 3.4609E-08 3.4970E-08 3.5259E-08 3.5453E-08 3.5525E-08 3.5457E-08 3.5215E-08 3.4770E-08 3.4082E-08 3.3152E-08 3.1946E-08 3.0466E-08 2.8703E-08 2.6651E-08 2.4320E-08 2.1752E-08 1.8994E-08 1.6135E-08 1.3282E-08
9.6400E-09 1.0185E-08 1.0753E-08 1.1331E-08 1.1926E-08 1.2539E-08 1.3152E-08 1.3793E-08 1.4430E-08 1.5088E-08 1.5744E-08 1.6426E-08 1.7125E-08 1.7830E-08 1.8565E-08 1.9284E-08 2.0031E-08 2.0780E-08 2.1540E-08 2.2268E-08 2.3000E-08 2.3744E-08 2.4458E-08 2.5195E-08 2.5901E-08 2.6612E-08 2.7328E-08 2.8027E-08 2.8768E-08 2.9494E-08 3.0222E-08 3.0958E-08 3.1664E-08 3.2387E-08 3.3056E-08 3.3703E-08 3.4329E-08 3.4877E-08 3.5408E-08 3.5867E-08 3.6275E-08 3.6615E-08 3.6869E-08 3.7018E-08 3.7030E-08 3.6853E-08 3.6483E-08 3.5832E-08 3.4893E-08 3.3642E-08 3.2052E-08 3.0105E-08 2.7810E-08 2.5193E-08 2.2294E-08 1.9206E-08 1.6052E-08
9.6779E-09 1.0225E-08 1.0796E-08 1.1376E-08 1.1974E-08 1.2589E-08 1.3205E-08 1.3849E-08 1.4489E-08 1.5150E-08 1.5811E-08 1.6499E-08 1.7204E-08 1.7914E-08 1.8651E-08 1.9373E-08 2.0117E-08 2.0866E-08 2.1627E-08 2.2360E-08 2.3095E-08 2.3843E-08 2.4564E-08 2.5312E-08 2.6033E-08 2.6756E-08 2.7484E-08 2.8190E-08 2.8939E-08 2.9674E-08 3.0414E-08 3.1167E-08 3.1891E-08 3.2638E-08 3.3336E-08 3.4010E-08 3.4668E-08 3.5271E-08 3.5847E-08 3.6380E-08 3.6898E-08 3.7369E-08 3.7794E-08 3.8158E-08 3.8424E-08 3.8559E-08 3.8511E-08 3.8215E-08 3.7619E-08 3.6675E-08 3.5344E-08 3.3612E-08 3.1448E-08 2.8862E-08 2.5911E-08 2.2658E-08 1.9236E-08
9.6858E-09 1.0233E-08 1.0804E-08 1.1384E-08 1.1981E-08 1.2597E-08 1.3212E-08 1.3856E-08 1.4495E-08 1.5157E-08 1.5820E-08 1.6508E-08 1.7215E-08 1.7925E-08 1.8659E-08 1.9382E-08 2.0122E-08 2.0863E-08 2.1614E-08 2.2343E-08 2.3073E-08 2.3819E-08 2.4536E-08 2.5282E-08 2.6001E-08 2.6729E-08 2.7458E-08 2.8164E-08 2.8910E-08 2.9639E-08 3.0381E-08 3.1128E-08 3.1856E-08 3.2610E-08 3.3312E-08 3.4001E-08 3.4673E-08 3.5298E-08 3.5914E-08 3.6497E-08 3.7096E-08 3.7681E-08 3.8269E-08 3.8823E-08 3.9344E-08 3.9783E-08 4.0091E-08 4.0166E-08 3.9965E-08 3.9397E-08 3.8428E-08 3.6998E-08 3.5064E-08 3.2623E-08 2.9702E-08 2.6381E-08 2.2781E-08
9.6637E-09 1.0209E-08 1.0777E-08 1.1354E-08 1.1949E-08 1.2561E-08 1.3173E-08 1.3814E-08 1.4449E-08 1.5109E-08 1.5770E-08 1.6454E-08 1.7156E-08 1.7863E-08 1.8590E-08 1.9307E-08 2.0040E-08 2.0772E-08 2.1508E-08 2.2224E-08 2.2938E-08 2.3672E-08 2.4378E-08 2.5110E-08 2.5816E-08 2.6531E-08 2.7250E-08 2.7948E-08 2.8682E-08 2.9395E-08 3.0117E-08 3.0855E-08 3.1557E-08 3.2297E-08 3.2994E-08 3.3660E-08 3.4338E-08 3.4966E-08 3.5585E-08 3.6215E-08 3.6859E-08 3.7529E-08 3.8252E-08 3.8981E-08 3.9729E-08 4.0450E-08 4.1086E-08 4.1555E-08 4.1762E-08 4.1624E-08 4.1072E-08 4.0027E-08 3.8428E-08 3.6234E-08 3.3480E-08 3.0202E-08 2.6519E-08
9.6117E-09 1.0153E-08 1.0715E-08 1.1288E-08 1.1877E-08 1.2483E-08 1.3089E-08 1.3723E-08 1.4351E-08 1.5004E-08 1.5660E-08 1.6336E-08 1.7030E-08 1.7728E-08 1.8443E-08 1.9148E-08 1.9870E-08 2.0587E-08 2.1307E-08 2.2005E-08 2.2695E-08 2.3406E-08 2.4093E-08 2.4803E-08 2.5484E-08 2.6173E-08 2.6869E-08 2.7543E-08 2.8257E-08 2.8948E-08 2.9636E-08 3.0342E-08 3.1014E-08 3.1710E-08 3.2377E-08 3.3011E-08 3.3658E-08 3.4271E-08 3.4877E-08 3.5506E-08 3.6179E-08 3.6907E-08 3.7716E-08 3.8585E-08 3.9523E-08 4.0483E-08 4.1411E-08 4.2232E-08 4.2841E-08 4.3147E-08 4.3049E-08 4.2447E-08 4.1259E-08 3.9439E-08 3.6957E-08 3.3867E-08 3.0255E-08
9.5306E-09 1.0065E-08 1.0620E-08 1.1185E-08 1.1766E-08 1.2364E-08 1.2960E-08 1.3584E-08 1.4203E-08 1.4846E-08 1.5492E-08 1.6158E-08 1.6837E-08 1.7522E-08 1.8220E-08 1.8910E-08 1.9614E-08 2.0311E-08 2.1010E-08 2.1686E-08 2.2349E-08 2.3031E-08 2.3687E-08 2.4364E-08 2.5015E-08 2.5670E-08 2.6329E-08 2.6966E-08 2.7644E-08 2.8298E-08 2.8945E-08 2.9605E-08 3.0229E-08 3.0870E-08 3.1477E-08 3.2059E-08 3.2660E-08 3.3220E-08 3.3794E-08 3.4402E-08 3.5056E-08 3.5811E-08 3.6661E-08 3.7620E-08 3.8689E-08 3.9825E-08 4.0986E-08 4.2092E-08 4.3053E-08 4.3769E-08 4.4119E-08 4.3988E-08 4.3269E-08 4.1897E-08 3.9836E-08 3.7068E-08 3.3691E-08
9.4211E-09 9.9478E-09 1.0492E-08 1.1047E-08 1.1618E-08 1.2204E-08 1.2790E-08 1.3400E-08 1.4007E-08 1.4635E-08 1.5268E-08 1.5921E-08 1.6580E-08 1.7247E-08 1.7928E-08 1.8594E-08 1.9274E-08 1.9949E-08 2.0619E-08 2.1268E-08 2.1902E-08 2.2550E-08 2.3170E-08 2.3808E-08 2.4418E-08 2.5030E-08 2.5646E-08 2.6234E-08 2.6862E-08 2.7464E-08 2.8056E-08 2.8665E-08 2.9220E-08 2.9791E-08 3.0327E-08 3.0828E-08 3.1357E-08 3.1848E-08 3.2358E-08 3.2912E-08 3.3523E-08 3.4253E-08 3.5098E-08 3.6087E-08 3.7217E-08 3.8449E-08 3.9754E-08 4.1066E-08 4.2298E-08 4.3353E-08 4.4104E-08 4.4416E-08 4.4195E-08 4.3339E-08 4.1776E-08 3.9505E-08 3.6515E-08
9.2845E-09 9.8010E-09 1.0333E-08 1.0876E-08 1.1435E-08 1.2006E-08 1.2578E-08 1.3172E-08 1.3763E-08 1.4376E-08 1.4992E-08 1.5626E-08 1.6265E-08 1.6908E-08 1.7566E-08 1.8207E-08 1.8857E-08 1.9504E-08 2.0142E-08 2.0756E-08 2.1358E-08 2.1969E-08 2.2552E-08 2.3141E-08 2.3708E-08 2.4268E-08 2.4832E-08 2.5367E-08 2.5929E-08 2.6472E-08 2.6998E-08 2.7529E-08 2.8019E-08 2.8498E-08 2.8946E-08 2.9361E-08 2.9789E-08 3.0189E-08 3.0613E-08 3.1079E-08 3.1616E-08 3.2279E-08 3.3066E-08 3.4020E-08 3.5123E-08 3.6372E-08 3.7731E-08 3.9134E-08 4.0542E-08 4.1837E-08 4.2885E-08 4.3606E-08 4.3857E-08 4.3524E-08 4.2559E-08 4.0864E-08 3.8438E-08
9.1224E-09 9.6263E-09 1.0145E-08 1.0673E-08 1.1218E-08 1.1772E-08 1.2328E-08 1.2903E-08 1.3476E-08 1.4072E-08 1.4664E-08 1.5279E-08 1.5895E-08 1.6510E-08 1.7141E-08 1.7753E-08 1.8369E-08 1.8983E-08 1.9585E-08 2.0160E-08 2.0726E-08 2.1294E-08 2.1834E-08 2.2379E-08 2.2893E-08 2.3398E-08 2.3904E-08 2.4377E-08 2.4874E-08 2.5345E-08 2.5792E-08 2.6240E-08 2.6639E-08 2.7030E-08 2.7376E-08 2.7688E-08 2.8005E-08 2.8292E-08 2.8606E-08 2.8963E-08 2.9395E-08 2.9945E-08 3.0630E-08 3.1484E-08 3.2487E-08 3.3664E-08 3.4974E-08 3.6380E-08 3.7837E-08 3.9244E-08 4.0516E-08 4.1534E-08 4.2194E-08 4.2390E-08 4.2008E-08 4.0974E-08 3.9246E-08
8.9362E-09 9.4256E-09 9.9305E-09 1.0441E-08 1.0970E-08 1.1504E-08 1.2043E-08 1.2597E-08 1.3148E-08 1.3725E-08 1.4294E-08 1.4883E-08 1.5473E-08 1.6058E-08 1.6658E-08 1.7238E-08 1.7818E-08 1.8393E-08 1.8957E-08 1.9490E-08 2.0015E-08 2.0538E-08 2.1030E-08 2.1526E-08 2.1988E-08 2.2434E-08 2.2879E-08 2.3287E-08 2.3710E-08 2.4106E-08 2.4466E-08 2.4824E-08 2.5126E-08 2.5415E-08 2.5657E-08 2.5855E-08 2.6052E-08 2.6221E-08 2.6410E-08 2.6637E-08 2.6936E-08 2.7345E-08 2.7884E-08 2.8580E-08 2.9430E-08 3.0453E-08 3.1637E-08 3.2937E-08 3.4338E-08 3.5753E-08 3.7119E-08 3.8340E-08 3.9320E-08 3.9966E-08 4.0173E-08 3.9813E-08 3.8863E-08
8.7285E-09 9.2010E-09 9.6906E-09 1.0181E-08 1.0692E-08 1.1206E-08 1.1724E-08 1.2257E-08 1.2785E-08 1.3339E-08 1.3883E-08 1.4444E-08 1.5004E-08 1.5558E-08 1.6123E-08 1.6668E-08 1.7210E-08 1.7743E-08 1.8266E-08 1.8757E-08 1.9237E-08 1.9710E-08 2.0154E-08 2.0596E-08 2.1005E-08 2.1391E-08 2.1776E-08 2.2117E-08 2.2461E-08 2.2775E-08 2.3052E-08 2.3310E-08 2.3517E-08 2.3704E-08 2.3826E-08 2.3919E-08 2.3995E-08 2.4035E-08 2.4097E-08 2.4185E-08 2.4335E-08 2.4588E-08 2.4942E-08 2.5454E-08 2.6104E-08 2.6926E-08 2.7906E-08 2.9032E-08 3.0282E-08 3.1606E-08 3.2968E-08 3.4278E-08 3.5484E-08 3.6500E-08 3.7201E-08 3.7522E-08 3.7398E-08
8.5014E-09 8.9549E-09 9.4276E-09 9.8978E-09 1.0388E-08 1.0882E-08 1.1376E-08 1.1888E-08 1.2389E-08 1.2919E-08 1.3436E-08 1.3966E-08 1.4495E-08 1.5016E-08 1.5544E-08 1.6052E-08 1.6555E-08 1.7044E-08 1.7523E-08 1.7970E-08 1.8400E-08 1.8825E-08 1.9218E-08 1.9605E-08 1.9959E-08 2.0287E-08 2.0605E-08 2.0883E-08 2.1149E-08 2.1378E-08 2.1571E-08 2.1737E-08 2.1847E-08 2.1926E-08 2.1947E-08 2.1922E-08 2.1887E-08 2.1807E-08 2.1742E-08 2.1691E-08 2.1695E-08 2.1773E-08 2.1945E-08 2.2252E-08 2.2682E-08 2.3274E-08 2.4023E-08 2.4913E-08 2.5970E-08 2.7131E-08 2.8395E-08 2.9718E-08 3.1039E-08 3.2304E-08 3.3448E-08 3.4375E-08 3.5007E-08
8.2560E-09 8.6899E-09 9.1432E-09 9.5937E-09 1.0060E-08 1.0534E-08 1.1003E-08 1.1492E-08 1.1965E-08 1.2468E-08 1.2958E-08 1.3455E-08 1.3952E-08 1.4438E-08 1.4928E-08 1.5396E-08 1.5859E-08 1.6304E-08 1.6736E-08 1.7138E-08 1.7520E-08 1.7895E-08 1.8235E-08 1.8567E-08 1.8866E-08 1.9134E-08 1.9389E-08 1.9600E-08 1.9793E-08 1.9946E-08 2.0050E-08 2.0131E-08 2.0146E-08 2.0131E-08 2.0053E-08 1.9928E-08 1.9782E-08 1.9596E-08 1.9413E-08 1.9241E-08 1.9098E-08 1.9024E-08 1.9014E-08 1.9126E-08 1.9342E-08 1.9702E-08 2.0212E-08 2.0862E-08 2.1685E-08 2.2656E-08 2.3766E-08 2.5015E-08 2.6377E-08 2.7804E-08 2.9251E-08 3.0645E-08 3.1909E-08
7.9944E-09 8.4085E-09 8.8404E-09 9.2723E-09 9.7134E-09 1.0165E-08 1.0607E-08 1.1071E-08 1.1521E-08 1.1991E-08 1.2454E-08 1.2917E-08 1.3380E-08 1.3829E-08 1.4281E-08 1.4710E-08 1.5130E-08 1.5532E-08 1.5917E-08 1.6274E-08 1.6608E-08 1.6931E-08 1.7221E-08 1.7497E-08 1.7740E-08 1.7949E-08 1.8142E-08 1.8291E-08 1.8412E-08 1.8493E-08 1.8522E-08 1.8519E-08 1.8454E-08 1.8353E-08 1.8191E-08 1.7977E-08 1.7742E-08 1.7464E-08 1.7179E-08 1.6904E-08 1.6642E-08 1.6431E-08 1.6269E-08 1.6206E-08 1.6237E-08 1.6386E-08 1.6671E-08 1.7094E-08 1.7695E-08 1.8447E-08 1.9398E-08 2.0523E-08 2.1835E-08 2.3315E-08 2.4891E-08 2.6593E-08 2.8302E-08
7.7187E-09 8.1146E-09 8.5224E-09 8.9346E-09 9.3504E-09 9.7772E-09 1.0196E-08 1.0631E-08 1.1057E-08 1.1494E-08 1.1928E-08 1.2358E-08 1.2784E-08 1.3198E-08 1.3611E-08 1.4001E-08 1.4378E-08 1.4737E-08 1.5074E-08 1.5388E-08 1.5674E-08 1.5948E-08 1.6189E-08 1.6406E-08 1.6598E-08 1.6751E-08 1.6883E-08 1.6971E-08 1.7025E-08 1.7042E-08 1.7005E-08 1.6929E-08 1.6800E-08 1.6620E-08 1.6395E-08 1.6114E-08 1.5803E-08 1.5455E-08 1.5095E-08 1.4739E-08 1.4386E-08 1.4067E-08 1.3788E-08 1.3589E-08 1.3469E-08 1.3444E-08 1.3543E-08 1.3775E-08 1.4166E-08 1.4731E-08 1.5495E-08 1.6465E-08 1.7636E-08 1.9047E-08 2.0652E-08 2.2435E-08 2.4357E-08
7.4322E-09 7.8083E-09 8.1927E-09 8.5822E-09 8.9764E-09 9.3748E-09 9.7714E-09 1.0176E-08 1.0577E-08 1.0983E-08 1.1383E-08 1.1783E-08 1.2172E-08 1.2551E-08 1.2924E-08 1.3274E-08 1.3608E-08 1.3927E-08 1.4217E-08 1.4489E-08 1.4730E-08 1.4953E-08 1.5149E-08 1.5312E-08 1.5453E-08 1.5552E-08 1.5626E-08 1.5660E-08 1.5650E-08 1.5612E-08 1.5519E-08 1.5383E-08 1.5200E-08 1.4964E-08 1.4685E-08 1.4361E-08 1.3994E-08 1.3605E-08 1.3192E-08 1.2777E-08 1.2371E-08 1.1982E-08 1.1625E-08 1.1323E-08 1.1090E-08 1.0944E-08 1.0898E-08 1.0970E-08 1.1196E-08 1.1584E-08 1.2152E-08 1.2935E-08 1.3934E-08 1.5174E-08 1.6626E-08 1.8337E-08 2.0289E-08
7.1372E-09 7.4915E-09 7.8553E-09 8.2192E-09 8.5923E-09 8.9627E-09 9.3344E-09 9.7120E-09 1.0084E-08 1.0463E-08 1.0828E-08 1.1197E-08 1.1549E-08 1.1892E-08 1.2228E-08 1.2539E-08 1.2832E-08 1.3110E-08 1.3358E-08 1.3584E-08 1.3785E-08 1.3960E-08 1.4110E-08 1.4225E-08 1.4314E-08 1.4368E-08 1.4386E-08 1.4372E-08 1.4313E-08 1.4218E-08 1.4081E-08 1.3896E-08 1.3668E-08 1.3392E-08 1.3074E-08 1.2715E-08 1.2321E-08 1.1902E-08 1.1469E-08 1.1027E-08 1.0587E-08 1.0163E-08 9.7612E-09 9.4032E-09 9.0955E-09 8.8600E-09 8.7091E-09 8.6586E-09 8.7477E-09 8.9781E-09 9.3758E-09 9.9405E-09 1.0723E-08 1.1708E-08 1.2965E-08 1.4480E-08 1.6287E-08
6.8370E-09 7.1682E-09 7.5106E-09 7.8498E-09 8.1991E-09 8.5460E-09 8.8889E-09 9.2424E-09 9.5833E-09 9.9348E-09 1.0267E-08 1.0601E-08 1.0924E-08 1.1227E-08 1.1529E-08 1.1800E-08 1.2054E-08 1.2292E-08 1.2501E-08 1.2685E-08 1.2846E-08 1.2978E-08 1.3083E-08 1.3157E-08 1.3198E-08 1.3206E-08 1.3180E-08 1.3120E-08 1.3021E-08 1.2882E-08 1.2705E-08 1.2488E-08 1.2228E-08 1.1924E-08 1.1584E-08 1.1211E-08 1.0803E-08 1.0374E-08 9.9300E-09 9.4803E-09 9.0289E-09 8.5887E-09 8.1699E-09 7.7829E-09 7.4356E-09 7.1494E-09 6.9291E-09 6.7951E-09 6.7639E-09 6.8452E-09 7.0678E-09 7.4585E-09 8.0220E-09 8.7911E-09 9.7612E-09 1.0999E-08 1.2545E-08
6.5315E-09 6.8412E-09 7.1602E-09 7.4785E-09 7.8004E-09 8.1258E-09 8.4403E-09 8.7669E-09 9.0823E-09 9.4014E-09 9.7076E-09 1.0004E-08 1.0296E-08 1.0565E-08 1.0829E-08 1.1069E-08 1.1283E-08 1.1482E-08 1.1653E-08 1.1800E-08 1.1920E-08 1.2014E-08 1.2079E-08 1.2111E-08 1.2113E-08 1.2082E-08 1.2015E-08 1.1917E-08 1.1782E-08 1.1614E-08 1.1410E-08 1.1168E-08 1.0892E-08 1.0578E-08 1.0228E-08 9.8497E-09 9.4447E-09 9.0197E-09 8.5852E-09 8.1470E-09 7.7108E-09 7.2867E-09 6.8726E-09 6.4865E-09 6.1356E-09 5.8188E-09 5.5451E-09 5.3435E-09 5.2376E-09 5.2171E-09 5.3021E-09 5.5223E-09 5.8771E-09 6.3949E-09 7.1125E-09 8.0506E-09 9.2920E-09
6.2232E-09 6.5134E-09 6.8083E-09 7.1047E-09 7.4013E-09 7.7015E-09 7.9948E-09 8.2904E-09 8.5822E-09 8.8690E-09 9.1469E-09 9.4139E-09 9.6702E-09 9.9117E-09 1.0137E-08 1.0345E-08 1.0526E-08 1.0690E-08 1.0828E-08 1.0939E-08 1.1025E-08 1.1081E-08 1.1108E-08 1.1106E-08 1.1070E-08 1.1005E-08 1.0907E-08 1.0776E-08 1.0618E-08 1.0426E-08 1.0205E-08 9.9500E-09 9.6635E-09 9.3472E-09 9.0029E-09 8.6328E-09 8.2425E-09 7.8384E-09 7.4300E-09 7.0166E-09 6.6098E-09 6.2053E-09 5.8107E-09 5.4359E-09 5.0992E-09 4.7831E-09 4.4997E-09 4.2644E-09 4.0858E-09 3.9883E-09 3.9701E-09 4.0429E-09 4.2287E-09 4.5369E-09 4.9978E-09 5.6444E-09 6.5335E-09
