Assets/Resources/2015_m01_d12_0900(utc+0800)_l00_csi_1hr_conc.grd
DSAA
         159         159
     -79.000      79.000
     -79.000      79.000
  0.0000E+00  0.3273E-05
[rows 25 to 49 of 159, columns 0 to 56 of 159]
2.0758E-09 2.3847E-09 2.7221E-09 3.0907E-09 3.4913E-09 3.9202E-09 4.3813E-09 4.8702E-09 5.3817E-09 5.9175E-09 6.4684E-09 7.0303E-09 7.5985E-09 8.1624E-09 8.7175E-09 9.2546E-09 9.7617E-09 1.0234E-08 1.0661E-08 1.1031E-08 1.1340E-08 1.1580E-08 1.1741E-08 1.1822E-08 1.1819E-08 1.1728E-08 1.1550E-08 1.1288E-08 1.0946E-08 1.0530E-08 1.0047E-08 9.5067E-09 8.9184E-09 8.2945E-09 7.6446E-09 6.9826E-09 6.3193E-09 5.6657E-09 5.0310E-09 4.4242E-09 3.8528E-09 3.3219E-09 2.8357E-09 2.3966E-09 2.0037E-09 1.6534E-09 1.3383E-09 1.0695E-09 8.4233E-10 6.5150E-10 4.9286E-10 3.6104E-10 2.5304E-10 1.7332E-10 1.1905E-10 7.6862E-11 4.5913E-11
2.0158E-09 2.3235E-09 2.6590E-09 3.0304E-09 3.4327E-09 3.8670E-09 4.3358E-09 4.8317E-09 5.3579E-09 5.9091E-09 6.4767E-09 7.0612E-09 7.6519E-09 8.2436E-09 8.8300E-09 9.3982E-09 9.9421E-09 1.0452E-08 1.0914E-08 1.1325E-08 1.1672E-08 1.1945E-08 1.2141E-08 1.2254E-08 1.2276E-08 1.2207E-08 1.2046E-08 1.1796E-08 1.1459E-08 1.1041E-08 1.0550E-08 9.9955E-09 9.3880E-09 8.7390E-09 8.0607E-09 7.3660E-09 6.6680E-09 5.9771E-09 5.3059E-09 4.6632E-09 4.0575E-09 3.4948E-09 2.9788E-09 2.5124E-09 2.0963E-09 1.7265E-09 1.3969E-09 1.1111E-09 8.7128E-10 6.7093E-10 5.0301E-10 3.6673E-10 2.5826E-10 1.7028E-10 1.0725E-10 6.6010E-11 3.6932E-11
1.9506E-09 2.2553E-09 2.5910E-09 2.9628E-09 3.3647E-09 3.8055E-09 4.2797E-09 4.7852E-09 5.3246E-09 5.8878E-09 6.4761E-09 7.0835E-09 7.6991E-09 8.3214E-09 8.9387E-09 9.5419E-09 1.0124E-08 1.0670E-08 1.1174E-08 1.1625E-08 1.2010E-08 1.2324E-08 1.2558E-08 1.2704E-08 1.2758E-08 1.2716E-08 1.2576E-08 1.2339E-08 1.2010E-08 1.1594E-08 1.1097E-08 1.0530E-08 9.9040E-09 9.2312E-09 8.5249E-09 7.7983E-09 7.0649E-09 6.3376E-09 5.6282E-09 4.9469E-09 4.3017E-09 3.7013E-09 3.1518E-09 2.6548E-09 2.2106E-09 1.8167E-09 1.4701E-09 1.1693E-09 9.1487E-10 6.9934E-10 5.2185E-10 3.8001E-10 2.6540E-10 1.7463E-10 1.0605E-10 5.6912E-11 2.8664E-11
1.8782E-09 2.1789E-09 2.5150E-09 2.8849E-09 3.2894E-09 3.7330E-09 4.2094E-09 4.7260E-09 5.2756E-09 5.8533E-09 6.4610E-09 7.0877E-09 7.7308E-09 8.3836E-09 9.0317E-09 9.6721E-09 1.0292E-08 1.0880E-08 1.1427E-08 1.1921E-08 1.2352E-08 1.2710E-08 1.2985E-08 1.3170E-08 1.3258E-08 1.3245E-08 1.3130E-08 1.2911E-08 1.2592E-08 1.2179E-08 1.1680E-08 1.1103E-08 1.0461E-08 9.7655E-09 9.0311E-09 8.2724E-09 7.5018E-09 6.7360E-09 5.9853E-09 5.2631E-09 4.5789E-09 3.9406E-09 3.3531E-09 2.8194E-09 2.3446E-09 1.9227E-09 1.5556E-09 1.2355E-09 9.6400E-10 7.3613E-10 5.4985E-10 3.9647E-10 2.7411E-10 1.8093E-10 1.0855E-10 5.6494E-11 2.4216E-11
1.7999E-09 2.0967E-09 2.4296E-09 2.7971E-09 3.2032E-09 3.6476E-09 4.1299E-09 4.6538E-09 5.2106E-09 5.8044E-09 6.4290E-09 7.0755E-09 7.7445E-09 8.4230E-09 9.1037E-09 9.7801E-09 1.0438E-08 1.1069E-08 1.1662E-08 1.2201E-08 1.2680E-08 1.3085E-08 1.3404E-08 1.3631E-08 1.3758E-08 1.3779E-08 1.3691E-08 1.3496E-08 1.3194E-08 1.2789E-08 1.2290E-08 1.1707E-08 1.1051E-08 1.0335E-08 9.5734E-09 8.7835E-09 7.9753E-09 7.1634E-09 6.3680E-09 5.6051E-09 4.8794E-09 4.2061E-09 3.5850E-09 3.0184E-09 2.5066E-09 2.0505E-09 1.6573E-09 1.3172E-09 1.0257E-09 7.8202E-10 5.8280E-10 4.2198E-10 2.9456E-10 1.9262E-10 1.1520E-10 5.9711E-11 2.4758E-11
1.7139E-09 2.0081E-09 2.3355E-09 2.7001E-09 3.1050E-09 3.5482E-09 4.0347E-09 4.5627E-09 5.1281E-09 5.7342E-09 6.3713E-09 7.0394E-09 7.7313E-09 8.4359E-09 9.1507E-09 9.8614E-09 1.0559E-08 1.1234E-08 1.1868E-08 1.2456E-08 1.2982E-08 1.3434E-08 1.3789E-08 1.4042E-08 1.4211E-08 1.4271E-08 1.4218E-08 1.4065E-08 1.3796E-08 1.3406E-08 1.2914E-08 1.2327E-08 1.1662E-08 1.0930E-08 1.0147E-08 9.3261E-09 8.4870E-09 7.6433E-09 6.8115E-09 6.0054E-09 5.2368E-09 4.5157E-09 3.8485E-09 3.2371E-09 2.6870E-09 2.1988E-09 1.7761E-09 1.4077E-09 1.0980E-09 8.3747E-10 6.2358E-10 4.5204E-10 3.1544E-10 2.0877E-10 1.2655E-10 6.6162E-11 3.0543E-11
1.6233E-09 1.9106E-09 2.2327E-09 2.5934E-09 2.9941E-09 3.4358E-09 3.9235E-09 4.4496E-09 5.0124E-09 5.6202E-09 6.2682E-09 6.9521E-09 7.6621E-09 8.4022E-09 9.1591E-09 9.9021E-09 1.0638E-08 1.1351E-08 1.2032E-08 1.2667E-08 1.3241E-08 1.3741E-08 1.4159E-08 1.4477E-08 1.4692E-08 1.4794E-08 1.4777E-08 1.4640E-08 1.4384E-08 1.4005E-08 1.3506E-08 1.2921E-08 1.2253E-08 1.1517E-08 1.0732E-08 9.8920E-09 9.0216E-09 8.1431E-09 7.2735E-09 6.4268E-09 5.6148E-09 4.8499E-09 4.1415E-09 3.4919E-09 2.9064E-09 2.3828E-09 1.9266E-09 1.5334E-09 1.1957E-09 9.0779E-10 6.7476E-10 4.8794E-10 3.4097E-10 2.2681E-10 1.4195E-10 7.9722E-11 4.0175E-11
1.5280E-09 1.8063E-09 2.1217E-09 2.4758E-09 2.8707E-09 3.3090E-09 3.7934E-09 4.3227E-09 4.8987E-09 5.5166E-09 6.1763E-09 6.8735E-09 7.5998E-09 8.3532E-09 9.1206E-09 9.8742E-09 1.0631E-08 1.1381E-08 1.2103E-08 1.2794E-08 1.3436E-08 1.3991E-08 1.4456E-08 1.4826E-08 1.5088E-08 1.5235E-08 1.5259E-08 1.5161E-08 1.4936E-08 1.4589E-08 1.4126E-08 1.3557E-08 1.2892E-08 1.2144E-08 1.1330E-08 1.0468E-08 9.5700E-09 8.6489E-09 7.7418E-09 6.8594E-09 6.0214E-09 5.2174E-09 4.4653E-09 3.7715E-09 3.1458E-09 2.5890E-09 2.0988E-09 1.6717E-09 1.3044E-09 9.9823E-10 7.4553E-10 5.3817E-10 3.7425E-10 2.5213E-10 1.6063E-10 9.6243E-11 5.1661E-11
1.4260E-09 1.6876E-09 1.9901E-09 2.3360E-09 2.7210E-09 3.1547E-09 3.6455E-09 4.1713E-09 4.7454E-09 5.3647E-09 6.0299E-09 6.7337E-09 7.4733E-09 8.2425E-09 9.0296E-09 9.8294E-09 1.0628E-08 1.1415E-08 1.2177E-08 1.2897E-08 1.3564E-08 1.4162E-08 1.4658E-08 1.5057E-08 1.5370E-08 1.5570E-08 1.5665E-08 1.5617E-08 1.5431E-08 1.5117E-08 1.4682E-08 1.4130E-08 1.3478E-08 1.2736E-08 1.1919E-08 1.1045E-08 1.0133E-08 9.2013E-09 8.2665E-09 7.3464E-09 6.4573E-09 5.6119E-09 4.8190E-09 4.0841E-09 3.4085E-09 2.8099E-09 2.2895E-09 1.8353E-09 1.4402E-09 1.1015E-09 8.2284E-10 6.0048E-10 4.2487E-10 2.8644E-10 1.8454E-10 1.1434E-10 6.3456E-11
1.3242E-09 1.5804E-09 1.8735E-09 2.2092E-09 2.5862E-09 3.0081E-09 3.4782E-09 3.9907E-09 4.5484E-09 5.1592E-09 5.8221E-09 6.5316E-09 7.2912E-09 8.0772E-09 8.8797E-09 9.6985E-09 1.0520E-08 1.1336E-08 1.2131E-08 1.2889E-08 1.3599E-08 1.4241E-08 1.4803E-08 1.5272E-08 1.5634E-08 1.5880E-08 1.6001E-08 1.5993E-08 1.5848E-08 1.5563E-08 1.5144E-08 1.4625E-08 1.4013E-08 1.3298E-08 1.2488E-08 1.1614E-08 1.0692E-08 9.7452E-09 8.7897E-09 7.8430E-09 6.9219E-09 6.0396E-09 5.2044E-09 4.4256E-09 3.7179E-09 3.0820E-09 2.5179E-09 2.0192E-09 1.5916E-09 1.2272E-09 9.2623E-10 6.7789E-10 4.7910E-10 3.2952E-10 2.1834E-10 1.3652E-10 7.6862E-11
1.2162E-09 1.4604E-09 1.7397E-09 2.0609E-09 2.4267E-09 2.8353E-09 3.2931E-09 3.8005E-09 4.3583E-09 4.9668E-09 5.6244E-09 6.3278E-09 7.0747E-09 7.8552E-09 8.6572E-09 9.4671E-09 1.0299E-08 1.1140E-08 1.1981E-08 1.2786E-08 1.3529E-08 1.4212E-08 1.4819E-08 1.5336E-08 1.5749E-08 1.6048E-08 1.6221E-08 1.6265E-08 1.6175E-08 1.5951E-08 1.5595E-08 1.5114E-08 1.4517E-08 1.3814E-08 1.3023E-08 1.2158E-08 1.1231E-08 1.0268E-08 9.3125E-09 8.3550E-09 7.4088E-09 6.4925E-09 5.6207E-09 4.8061E-09 4.0537E-09 3.3715E-09 2.7662E-09 2.2341E-09 1.7716E-09 1.3707E-09 1.0363E-09 7.6673E-10 5.5155E-10 3.8332E-10 2.5533E-10 1.6237E-10 9.5116E-11
1.1019E-09 1.3273E-09 1.5913E-09 1.8951E-09 2.2484E-09 2.6502E-09 3.0914E-09 3.5823E-09 4.1256E-09 4.7198E-09 5.3656E-09 6.0599E-09 6.7982E-09 7.5748E-09 8.3868E-09 9.2203E-09 1.0069E-08 1.0921E-08 1.1761E-08 1.2576E-08 1.3349E-08 1.4059E-08 1.4683E-08 1.5234E-08 1.5721E-08 1.6091E-08 1.6322E-08 1.6423E-08 1.6391E-08 1.6223E-08 1.5923E-08 1.5492E-08 1.4940E-08 1.4278E-08 1.3517E-08 1.2677E-08 1.1775E-08 1.0831E-08 9.8598E-09 8.8829E-09 7.9161E-09 6.9737E-09 6.0685E-09 5.2127E-09 4.4201E-09 3.7017E-09 3.0512E-09 2.4713E-09 1.9713E-09 1.5411E-09 1.1755E-09 8.7057E-10 6.2777E-10 4.4288E-10 3.0140E-10 1.9433E-10 1.1520E-10
9.9824E-10 1.2108E-09 1.4599E-09 1.7467E-09 2.0748E-09 2.4511E-09 2.8748E-09 3.3338E-09 3.8489E-09 4.4218E-09 5.0605E-09 5.7498E-09 6.4735E-09 7.2391E-09 8.0425E-09 8.8718E-09 9.7217E-09 1.0579E-08 1.1430E-08 1.2261E-08 1.3057E-08 1.3806E-08 1.4488E-08 1.5092E-08 1.5602E-08 1.6007E-08 1.6294E-08 1.6458E-08 1.6478E-08 1.6354E-08 1.6122E-08 1.5775E-08 1.5284E-08 1.4674E-08 1.3959E-08 1.3157E-08 1.2285E-08 1.1359E-08 1.0398E-08 9.4203E-09 8.4412E-09 7.4787E-09 6.5480E-09 5.6627E-09 4.8339E-09 4.0681E-09 3.3707E-09 2.7510E-09 2.2030E-09 1.7272E-09 1.3254E-09 9.9240E-10 7.2489E-10 5.1441E-10 3.4956E-10 2.2806E-10 1.4082E-10
8.9080E-10 1.0861E-09 1.3171E-09 1.5844E-09 1.8928E-09 2.2454E-09 2.6467E-09 3.0974E-09 3.5951E-09 4.1459E-09 4.7508E-09 5.4043E-09 6.1078E-09 6.8549E-09 7.6214E-09 8.4223E-09 9.2749E-09 1.0153E-08 1.1005E-08 1.1843E-08 1.2656E-08 1.3426E-08 1.4138E-08 1.4779E-08 1.5334E-08 1.5791E-08 1.6137E-08 1.6363E-08 1.6463E-08 1.6430E-08 1.6265E-08 1.5967E-08 1.5542E-08 1.4996E-08 1.4343E-08 1.3595E-08 1.2767E-08 1.1874E-08 1.0937E-08 9.9700E-09 8.9921E-09 8.0173E-09 7.0671E-09 6.1535E-09 5.2880E-09 4.4814E-09 3.7382E-09 3.0683E-09 2.4728E-09 1.9534E-09 1.5057E-09 1.1291E-09 8.2765E-10 5.9295E-10 4.1002E-10 2.7022E-10 1.6754E-10
7.8021E-10 9.5758E-10 1.1689E-09 1.4248E-09 1.7101E-09 2.0382E-09 2.4139E-09 2.8383E-09 3.3093E-09 3.8323E-09 4.4069E-09 5.0319E-09 5.7084E-09 6.4277E-09 7.1907E-09 7.9877E-09 8.8105E-09 9.6502E-09 1.0496E-08 1.1334E-08 1.2153E-08 1.2935E-08 1.3672E-08 1.4344E-08 1.4940E-08 1.5447E-08 1.5850E-08 1.6142E-08 1.6313E-08 1.6357E-08 1.6271E-08 1.6054E-08 1.5708E-08 1.5241E-08 1.4661E-08 1.3978E-08 1.3208E-08 1.2368E-08 1.1466E-08 1.0525E-08 9.5576E-09 8.5822E-09 7.6174E-09 6.6774E-09 5.7774E-09 4.9288E-09 4.1439E-09 3.4226E-09 2.7772E-09 2.2070E-09 1.7107E-09 1.2952E-09 9.5698E-10 6.8536E-10 4.7397E-10 3.1661E-10 2.0058E-10
6.8904E-10 8.4975E-10 1.0430E-09 1.2681E-09 1.5302E-09 1.8336E-09 2.1805E-09 2.5747E-09 3.0168E-09 3.5078E-09 4.0487E-09 4.6404E-09 5.2830E-09 5.9689E-09 6.7014E-09 7.4691E-09 8.2650E-09 9.0838E-09 9.9136E-09 1.0743E-08 1.1559E-08 1.2348E-08 1.3100E-08 1.3798E-08 1.4430E-08 1.4983E-08 1.5442E-08 1.5800E-08 1.6043E-08 1.6168E-08 1.6168E-08 1.6039E-08 1.5784E-08 1.5408E-08 1.4914E-08 1.4312E-08 1.3617E-08 1.2839E-08 1.1990E-08 1.1087E-08 1.0142E-08 9.1769E-09 8.2068E-09 7.2477E-09 6.3164E-09 5.4281E-09 4.5892E-09 3.8177E-09 3.1173E-09 2.4934E-09 1.9478E-09 1.4847E-09 1.1033E-09 7.9706E-10 5.5593E-10 3.7211E-10 2.3554E-10
5.9681E-10 7.4105E-10 9.1570E-10 1.1178E-09 1.3573E-09 1.6344E-09 1.9511E-09 2.3151E-09 2.7217E-09 3.1790E-09 3.6844E-09 4.2377E-09 4.8410E-09 5.4889E-09 6.1832E-09 6.9143E-09 7.6776E-09 8.4672E-09 9.2730E-09 1.0083E-08 1.0889E-08 1.1678E-08 1.2439E-08 1.3155E-08 1.3819E-08 1.4411E-08 1.4925E-08 1.5345E-08 1.5664E-08 1.5872E-08 1.5960E-08 1.5927E-08 1.5775E-08 1.5500E-08 1.5106E-08 1.4601E-08 1.3993E-08 1.3291E-08 1.2509E-08 1.1654E-08 1.0746E-08 9.7997E-09 8.8330E-09 7.8621E-09 6.9052E-09 5.9789E-09 5.0922E-09 4.2678E-09 3.5019E-09 2.8193E-09 2.2193E-09 1.7073E-09 1.2785E-09 9.2931E-10 6.5105E-10 4.3967E-10 2.8064E-10
5.1213E-10 6.4104E-10 7.9465E-10 9.7731E-10 1.1916E-09 1.4417E-09 1.7299E-09 2.0612E-09 2.4333E-09 2.8530E-09 3.3204E-09 3.8332E-09 4.3937E-09 4.9981E-09 5.6495E-09 6.3377E-09 7.0617E-09 7.8149E-09 8.5886E-09 9.3744E-09 1.0163E-08 1.0942E-08 1.1703E-08 1.2433E-08 1.3119E-08 1.3749E-08 1.4310E-08 1.4792E-08 1.5184E-08 1.5478E-08 1.5662E-08 1.5733E-08 1.5688E-08 1.5523E-08 1.5240E-08 1.4844E-08 1.4336E-08 1.3727E-08 1.3019E-08 1.2229E-08 1.1368E-08 1.0452E-08 9.4992E-09 8.5227E-09 7.5467E-09 6.5853E-09 5.6556E-09 4.7724E-09 3.9518E-09 3.2000E-09 2.5335E-09 1.9596E-09 1.4809E-09 1.0855E-09 7.6806E-10 5.2104E-10 3.3499E-10
4.3564E-10 5.4790E-10 6.8414E-10 8.4578E-10 1.0375E-09 1.2593E-09 1.5194E-09 1.8174E-09 2.1541E-09 2.5355E-09 2.9620E-09 3.4346E-09 3.9509E-09 4.5088E-09 5.1117E-09 5.7540E-09 6.4342E-09 7.1453E-09 7.8810E-09 8.6352E-09 9.3987E-09 1.0162E-08 1.0916E-08 1.1650E-08 1.2354E-08 1.3016E-08 1.3623E-08 1.4163E-08 1.4626E-08 1.5003E-08 1.5284E-08 1.5462E-08 1.5529E-08 1.5484E-08 1.5322E-08 1.5040E-08 1.4644E-08 1.4137E-08 1.3522E-08 1.2807E-08 1.2006E-08 1.1132E-08 1.0200E-08 9.2315E-09 8.2381E-09 7.2434E-09 6.2687E-09 5.3316E-09 4.4489E-09 3.6344E-09 2.8963E-09 2.2544E-09 1.7090E-09 1.2552E-09 8.9559E-10 6.1343E-10 3.9962E-10
3.6805E-10 4.6394E-10 5.8396E-10 7.2656E-10 8.9414E-10 1.0926E-09 1.3213E-09 1.5890E-09 1.8890E-09 2.2328E-09 2.6179E-09 3.0459E-09 3.5190E-09 4.0287E-09 4.5831E-09 5.1774E-09 5.8083E-09 6.4720E-09 7.1667E-09 7.8830E-09 8.6156E-09 9.3584E-09 1.0101E-08 1.0833E-08 1.1549E-08 1.2234E-08 1.2880E-08 1.3473E-08 1.4007E-08 1.4464E-08 1.4840E-08 1.5123E-08 1.5306E-08 1.5382E-08 1.5344E-08 1.5188E-08 1.4914E-08 1.4518E-08 1.4004E-08 1.3377E-08 1.2648E-08 1.1828E-08 1.0933E-08 9.9785E-09 8.9782E-09 7.9610E-09 6.9459E-09 5.9575E-09 5.0109E-09 4.1322E-09 3.3241E-09 2.6070E-09 1.9877E-09 1.4698E-09 1.0517E-09 7.1872E-10 4.7408E-10
3.0696E-10 3.9143E-10 4.9438E-10 6.1955E-10 7.6509E-10 9.3960E-10 1.1407E-09 1.3769E-09 1.6449E-09 1.9497E-09 2.2942E-09 2.6766E-09 3.1064E-09 3.5707E-09 4.0747E-09 4.6187E-09 5.1991E-09 5.8154E-09 6.4646E-09 7.1397E-09 7.8377E-09 8.5516E-09 9.2764E-09 1.0002E-08 1.0722E-08 1.1424E-08 1.2100E-08 1.2742E-08 1.3335E-08 1.3872E-08 1.4340E-08 1.4727E-08 1.5023E-08 1.5219E-08 1.5307E-08 1.5279E-08 1.5132E-08 1.4856E-08 1.4454E-08 1.3930E-08 1.3289E-08 1.2540E-08 1.1694E-08 1.0765E-08 9.7782E-09 8.7437E-09 7.6970E-09 6.6572E-09 5.6536E-09 4.7035E-09 3.8260E-09 3.0285E-09 2.3310E-09 1.7342E-09 1.2505E-09 8.6411E-10 5.7343E-10
2.5446E-10 3.2745E-10 4.1613E-10 5.2397E-10 6.5135E-10 8.0184E-10 9.7937E-10 1.1849E-09 1.4201E-09 1.6897E-09 1.9960E-09 2.3363E-09 2.7187E-09 3.1359E-09 3.5934E-09 4.0897E-09 4.6190E-09 5.1871E-09 5.7885E-09 6.4203E-09 7.0804E-09 7.7613E-09 8.4621E-09 9.1728E-09 9.8904E-09 1.0604E-08 1.1305E-08 1.1985E-08 1.2632E-08 1.3238E-08 1.3800E-08 1.4268E-08 1.4673E-08 1.4987E-08 1.5200E-08 1.5301E-08 1.5285E-08 1.5141E-08 1.4867E-08 1.4458E-08 1.3921E-08 1.3258E-08 1.2478E-08 1.1597E-08 1.0629E-08 9.6000E-09 8.5301E-09 7.4511E-09 6.3887E-09 5.3687E-09 4.4127E-09 3.5341E-09 2.7518E-09 2.0724E-09 1.5096E-09 1.0521E-09 7.0505E-10
2.0990E-10 2.7168E-10 3.4861E-10 4.4061E-10 5.5109E-10 6.8054E-10 8.3407E-10 1.0145E-09 1.2190E-09 1.4555E-09 1.7226E-09 2.0241E-09 2.3618E-09 2.7330E-09 3.1449E-09 3.5925E-09 4.0724E-09 4.5923E-09 5.1440E-09 5.7319E-09 6.3499E-09 6.9947E-09 7.6682E-09 8.3579E-09 9.0786E-09 9.7810E-09 1.0497E-08 1.1204E-08 1.1895E-08 1.2557E-08 1.3178E-08 1.3752E-08 1.4253E-08 1.4679E-08 1.5015E-08 1.5250E-08 1.5370E-08 1.5363E-08 1.5225E-08 1.4952E-08 1.4536E-08 1.3979E-08 1.3288E-08 1.2471E-08 1.1547E-08 1.0534E-08 9.4590E-09 8.3484E-09 7.2354E-09 6.1495E-09 5.1085E-09 4.1426E-09 3.2672E-09 2.4966E-09 1.8384E-09 1.3034E-09 8.8383E-10
1.7164E-10 2.2394E-10 2.8942E-10 3.6853E-10 4.6234E-10 5.7523E-10 7.0562E-10 8.6157E-10 1.0379E-09 1.2423E-09 1.4759E-09 1.7384E-09 2.0364E-09 2.3620E-09 2.7276E-09 3.1287E-09 3.5603E-09 4.0365E-09 4.5404E-09 5.0775E-09 5.6509E-09 6.2570E-09 6.8966E-09 7.5590E-09 8.2505E-09 8.9754E-09 9.6768E-09 1.0405E-08 1.1127E-08 1.1834E-08 1.2518E-08 1.3163E-08 1.3759E-08 1.4293E-08 1.4748E-08 1.5113E-08 1.5372E-08 1.5514E-08 1.5526E-08 1.5397E-08 1.5118E-08 1.4691E-08 1.4109E-08 1.3383E-08 1.2522E-08 1.1549E-08 1.0485E-08 9.3622E-09 8.2102E-09 7.0571E-09 5.9372E-09 4.8786E-09 3.9065E-09 3.0316E-09 2.2752E-09 1.6392E-09 1.1319E-09
1.3718E-10 1.8212E-10 2.3674E-10 3.0403E-10 3.8407E-10 4.7921E-10 5.9091E-10 7.2373E-10 8.7513E-10 1.0499E-09 1.2519E-09 1.4865E-09 1.7377E-09 2.0227E-09 2.3430E-09 2.6981E-09 3.0830E-09 3.5079E-09 3.9634E-09 4.4654E-09 4.9852E-09 5.5496E-09 6.1519E-09 6.7816E-09 7.4501E-09 8.1412E-09 8.8681E-09 9.5907E-09 1.0329E-08 1.1074E-08 1.1804E-08 1.2512E-08 1.3193E-08 1.3824E-08 1.4394E-08 1.4888E-08 1.5290E-08 1.5583E-08 1.5753E-08 1.5782E-08 1.5663E-08 1.5378E-08 1.4931E-08 1.4320E-08 1.3553E-08 1.2643E-08 1.1619E-08 1.0502E-08 9.3249E-09 8.1212E-09 6.9284E-09 5.7756E-09 4.6965E-09 3.7145E-09 2.8458E-09 2.0969E-09 1.4807E-09
