Assets/Resources/2015_m01_d11_1000(utc+0800)_l00_csi_1hr_conc.grd
DSAA
         159         159
     -79.000      79.000
     -79.000      79.000
  0.0000E+00  0.2839E-05
[rows 75 to 99 of 159, columns 57 to 113 of 159]
0.0000E+00 0.0000E+00 0.0000E+00 0.0000E+00 0.0000E+00 0.0000E+00 3.2053E-13 3.7045E-12 9.0637E-12 1.6538E-11 2.5683E-11 4.0038E-11 5.7830E-11 7.9733E-11 1.0714E-10 1.3465E-10 1.8411E-10 1.6766E-08 1.9596E-07 3.7558E-07 5.0834E-08 1.6671E-09 3.8618E-10 4.3332E-10 4.8417E-10 5.3839E-10 5.9593E-10 6.5656E-10 7.2120E-10 7.8894E-10 8.6006E-10 9.3455E-10 1.0124E-09 1.0931E-09 1.1766E-09 1.2626E-09 1.3511E-09 1.4415E-09 1.5337E-09 1.6272E-09 1.7217E-09 1.8170E-09 1.9123E-09 2.0074E-09 2.1019E-09 2.1953E-09 2.2871E-09 2.3771E-09 2.4645E-09 2.5491E-09 2.6302E-09 2.7076E-09 2.7807E-09 2.8490E-09 2.9122E-09 2.9697E-09 3.0214E-09
0.0000E+00 0.0000E+00 0.0000E+00 0.0000E+00 0.0000E+00 0.0000E+00 0.0000E+00 1.3496E-12 4.8279E-12 1.0109E-11 1.7479E-11 2.7815E-11 4.0660E-11 5.7910E-11 8.2173E-11 1.0814E-10 1.3500E-10 1.6334E-10 1.3246E-08 3.5416E-07 4.4005E-07 9.0931E-09 3.3806E-10 3.8099E-10 4.2697E-10 4.7629E-10 5.2881E-10 5.8429E-10 6.4344E-10 7.0559E-10 7.7104E-10 8.3982E-10 9.1193E-10 9.8678E-10 1.0645E-09 1.1448E-09 1.2274E-09 1.3124E-09 1.3990E-09 1.4872E-09 1.5766E-09 1.6667E-09 1.7574E-09 1.8482E-09 1.9385E-09 2.0282E-09 2.1166E-09 2.2034E-09 2.2882E-09 2.3704E-09 2.4497E-09 2.5256E-09 2.5977E-09 2.6653E-09 2.7283E-09 2.7862E-09 2.8383E-09
0.0000E+00 0.0000E+00 0.0000E+00 0.0000E+00 0.0000E+00 0.0000E+00 0.0000E+00 1.7096E-13 1.9818E-12 5.7985E-12 1.1538E-11 1.9883E-11 3.0222E-11 4.2159E-11 6.1791E-11 8.5526E-11 1.0991E-10 1.3503E-10 1.6456E-10 3.4949E-10 7.8692E-07 1.6063E-07 2.9496E-10 3.3332E-10 3.7536E-10 4.2078E-10 4.6828E-10 5.1930E-10 5.7330E-10 6.3023E-10 6.9044E-10 7.5386E-10 8.2034E-10 8.8970E-10 9.6184E-10 1.0365E-09 1.1136E-09 1.1928E-09 1.2741E-09 1.3569E-09 1.4411E-09 1.5264E-09 1.6122E-09 1.6984E-09 1.7845E-09 1.8702E-09 1.9549E-09 2.0383E-09 2.1201E-09 2.1997E-09 2.2767E-09 2.3507E-09 2.4213E-09 2.4879E-09 2.5502E-09 2.6078E-09 2.6602E-09
0.0000E+00 0.0000E+00 0.0000E+00 0.0000E+00 0.0000E+00 0.0000E+00 0.0000E+00 0.0000E+00 1.0250E-12 3.1057E-12 7.2733E-12 1.3376E-11 2.1041E-11 3.0172E-11 4.4210E-11 6.3355E-11 8.6424E-11 1.1085E-10 1.3616E-10 1.6367E-10 1.9334E-10 2.8390E-06 2.5709E-10 2.9172E-10 3.2966E-10 3.7072E-10 4.1425E-10 4.6064E-10 5.0996E-10 5.6202E-10 6.1740E-10 6.7559E-10 7.3681E-10 8.0095E-10 8.6773E-10 9.3700E-10 1.0087E-09 1.0826E-09 1.1585E-09 1.2361E-09 1.3152E-09 1.3953E-09 1.4764E-09 1.5580E-09 1.6396E-09 1.7211E-09 1.8020E-09 1.8818E-09 1.9603E-09 2.0369E-09 2.1114E-09 2.1832E-09 2.2519E-09 2.3171E-09 2.3783E-09 2.4352E-09 2.4875E-09
0.0000E+00 0.0000E+00 0.0000E+00 0.0000E+00 0.0000E+00 0.0000E+00 0.0000E+00 0.0000E+00 3.6118E-14 1.4435E-12 3.7840E-12 8.1595E-12 1.4399E-11 2.2333E-11 3.3709E-11 4.7304E-11 6.6116E-11 8.9804E-11 1.1154E-10 1.3739E-10 1.6280E-10 1.9197E-10 2.2191E-10 2.5446E-10 2.8892E-10 3.2616E-10 3.6571E-10 4.0773E-10 4.5296E-10 5.0067E-10 5.5135E-10 6.0465E-10 6.6096E-10 7.2005E-10 7.8182E-10 8.4586E-10 9.1232E-10 9.8100E-10 1.0516E-09 1.1241E-09 1.1981E-09 1.2734E-09 1.3496E-09 1.4265E-09 1.5037E-09 1.5808E-09 1.6576E-09 1.7337E-09 1.8088E-09 1.8823E-09 1.9538E-09 2.0231E-09 2.0896E-09 2.1531E-09 2.2130E-09 2.2688E-09 2.3205E-09
0.0000E+00 0.0000E+00 0.0000E+00 0.0000E+00 0.0000E+00 0.0000E+00 0.0000E+00 0.0000E+00 0.0000E+00 7.0466E-13 2.2970E-12 5.4772E-12 9.7295E-12 1.6046E-11 2.4513E-11 3.4920E-11 4.9119E-11 6.7510E-11 9.0223E-11 1.1296E-10 1.3721E-10 1.6233E-10 1.9055E-10 2.2025E-10 2.5206E-10 2.8568E-10 3.2198E-10 3.6054E-10 4.0146E-10 4.4533E-10 4.9151E-10 5.4042E-10 5.9205E-10 6.4653E-10 7.0337E-10 7.6245E-10 8.2395E-10 8.8757E-10 9.5319E-10 1.0206E-09 1.0897E-09 1.1600E-09 1.2315E-09 1.3037E-09 1.3763E-09 1.4492E-09 1.5219E-09 1.5941E-09 1.6654E-09 1.7356E-09 1.8041E-09 1.8707E-09 1.9348E-09 1.9962E-09 2.0544E-09 2.1088E-09 2.1595E-09
0.0000E+00 0.0000E+00 0.0000E+00 0.0000E+00 0.0000E+00 0.0000E+00 0.0000E+00 0.0000E+00 0.0000E+00 0.0000E+00 1.0255E-12 2.8068E-12 5.9611E-12 1.0168E-11 1.6872E-11 2.6038E-11 3.7955E-11 5.2664E-11 7.2005E-11 9.1800E-11 1.1468E-10 1.3657E-10 1.6301E-10 1.9017E-10 2.1919E-10 2.4974E-10 2.8284E-10 3.1839E-10 3.5546E-10 3.9535E-10 4.3746E-10 4.8221E-10 5.2958E-10 5.7955E-10 6.3171E-10 6.8623E-10 7.4290E-10 8.0175E-10 8.6255E-10 9.2513E-10 9.8937E-10 1.0549E-09 1.1217E-09 1.1892E-09 1.2574E-09 1.3259E-09 1.3945E-09 1.4627E-09 1.5304E-09 1.5970E-09 1.6623E-09 1.7259E-09 1.7875E-09 1.8464E-09 1.9027E-09 1.9557E-09 2.0049E-09
0.0000E+00 0.0000E+00 0.0000E+00 0.0000E+00 0.0000E+00 0.0000E+00 0.0000E+00 0.0000E+00 0.0000E+00 0.0000E+00 4.0023E-13 1.6415E-12 4.2970E-12 6.9610E-12 1.2333E-11 1.9320E-11 2.7885E-11 3.9541E-11 5.5551E-11 7.3438E-11 9.3914E-11 1.1466E-10 1.3722E-10 1.6295E-10 1.8853E-10 2.1777E-10 2.4791E-10 2.7997E-10 3.1396E-10 3.5030E-10 3.8871E-10 4.2980E-10 4.7308E-10 5.1867E-10 5.6659E-10 6.1672E-10 6.6886E-10 7.2310E-10 7.7924E-10 8.3717E-10 8.9672E-10 9.5765E-10 1.0197E-09 1.0828E-09 1.1465E-09 1.2107E-09 1.2752E-09 1.3394E-09 1.4033E-09 1.4664E-09 1.5283E-09 1.5888E-09 1.6476E-09 1.7041E-09 1.7581E-09 1.8092E-09 1.8570E-09
0.0000E+00 0.0000E+00 0.0000E+00 0.0000E+00 0.0000E+00 0.0000E+00 0.0000E+00 0.0000E+00 0.0000E+00 0.0000E+00 0.0000E+00 6.8850E-13 1.9184E-12 4.3967E-12 7.4791E-12 1.2765E-11 2.0022E-11 2.9923E-11 4.2663E-11 5.8652E-11 7.6559E-11 9.5653E-11 1.1467E-10 1.3807E-10 1.6267E-10 1.8884E-10 2.1667E-10 2.4560E-10 2.7660E-10 3.1008E-10 3.4519E-10 3.8244E-10 4.2178E-10 4.6347E-10 5.0740E-10 5.5341E-10 6.0127E-10 6.5111E-10 7.0287E-10 7.5631E-10 8.1136E-10 8.6779E-10 9.2540E-10 9.8402E-10 1.0434E-09 1.1034E-09 1.1637E-09 1.2239E-09 1.2839E-09 1.3435E-09 1.4021E-09 1.4593E-09 1.5151E-09 1.5690E-09 1.6206E-09 1.6697E-09 1.7159E-09
0.0000E+00 0.0000E+00 0.0000E+00 0.0000E+00 0.0000E+00 0.0000E+00 0.0000E+00 0.0000E+00 0.0000E+00 0.0000E+00 0.0000E+00 3.6648E-13 1.0701E-12 2.8798E-12 5.3304E-12 9.4680E-12 1.5006E-11 2.2341E-11 3.2282E-11 4.4115E-11 6.0017E-11 7.8695E-11 9.6571E-11 1.1609E-10 1.3895E-10 1.6247E-10 1.8764E-10 2.1481E-10 2.4391E-10 2.7409E-10 3.0565E-10 3.3947E-10 3.7545E-10 4.1345E-10 4.5371E-10 4.9579E-10 5.3964E-10 5.8536E-10 6.3288E-10 6.8205E-10 7.3276E-10 7.8489E-10 8.3819E-10 8.9252E-10 9.4779E-10 1.0035E-09 1.0598E-09 1.1161E-09 1.1723E-09 1.2282E-09 1.2833E-09 1.3373E-09 1.3901E-09 1.4413E-09 1.4905E-09 1.5373E-09 1.5815E-09
0.0000E+00 0.0000E+00 0.0000E+00 0.0000E+00 0.0000E+00 0.0000E+00 0.0000E+00 0.0000E+00 0.0000E+00 0.0000E+00 0.0000E+00 0.0000E+00 3.7026E-13 1.0874E-12 3.2256E-12 5.6929E-12 1.0295E-11 1.6373E-11 2.3547E-11 3.3774E-11 4.6927E-11 6.3413E-11 8.1151E-11 9.7997E-11 1.1694E-10 1.3850E-10 1.6301E-10 1.8776E-10 2.1402E-10 2.4081E-10 2.7015E-10 3.0087E-10 3.3376E-10 3.6846E-10 4.0508E-10 4.4343E-10 4.8358E-10 5.2540E-10 5.6891E-10 6.1407E-10 6.6067E-10 7.0868E-10 7.5780E-10 8.0801E-10 8.5913E-10 9.1091E-10 9.6312E-10 1.0156E-09 1.0680E-09 1.1203E-09 1.1720E-09 1.2228E-09 1.2725E-09 1.3208E-09 1.3675E-09 1.4120E-09 1.4542E-09
0.0000E+00 0.0000E+00 0.0000E+00 0.0000E+00 0.0000E+00 0.0000E+00 0.0000E+00 0.0000E+00 0.0000E+00 0.0000E+00 0.0000E+00 0.0000E+00 0.0000E+00 7.0927E-13 2.0853E-12 3.9752E-12 7.0442E-12 1.2483E-11 1.8638E-11 2.6385E-11 3.5931E-11 4.8082E-11 6.4467E-11 8.1361E-11 9.9009E-11 1.1821E-10 1.3939E-10 1.6189E-10 1.8664E-10 2.1188E-10 2.3863E-10 2.6660E-10 2.9630E-10 3.2759E-10 3.6075E-10 3.9585E-10 4.3259E-10 4.7073E-10 5.1050E-10 5.5181E-10 5.9455E-10 6.3856E-10 6.8378E-10 7.3002E-10 7.7722E-10 8.2513E-10 8.7348E-10 9.2219E-10 9.7091E-10 1.0196E-09 1.0678E-09 1.1154E-09 1.1621E-09 1.2076E-09 1.2516E-09 1.2938E-09 1.3338E-09
0.0000E+00 0.0000E+00 0.0000E+00 0.0000E+00 0.0000E+00 0.0000E+00 0.0000E+00 0.0000E+00 0.0000E+00 0.0000E+00 0.0000E+00 0.0000E+00 0.0000E+00 3.3646E-13 7.1101E-13 2.1049E-12 4.0171E-12 7.9451E-12 1.3129E-11 2.0026E-11 2.7528E-11 3.7196E-11 5.0537E-11 6.6301E-11 8.3550E-11 1.0061E-10 1.1904E-10 1.3970E-10 1.6300E-10 1.8610E-10 2.1003E-10 2.3520E-10 2.6199E-10 2.9072E-10 3.2104E-10 3.5292E-10 3.8628E-10 4.2100E-10 4.5727E-10 4.9498E-10 5.3403E-10 5.7433E-10 6.1579E-10 6.5825E-10 7.0166E-10 7.4577E-10 7.9042E-10 8.3547E-10 8.8065E-10 9.2579E-10 9.7077E-10 1.0151E-09 1.0588E-09 1.1014E-09 1.1427E-09 1.1825E-09 1.2204E-09
0.0000E+00 0.0000E+00 0.0000E+00 0.0000E+00 0.0000E+00 0.0000E+00 0.0000E+00 0.0000E+00 0.0000E+00 0.0000E+00 0.0000E+00 0.0000E+00 0.0000E+00 0.0000E+00 3.3541E-13 7.0926E-13 2.1139E-12 4.2161E-12 9.5914E-12 1.5236E-11 2.3144E-11 3.0364E-11 3.9365E-11 5.2294E-11 6.7150E-11 8.3483E-11 1.0071E-10 1.1988E-10 1.4006E-10 1.6226E-10 1.8388E-10 2.0743E-10 2.3179E-10 2.5778E-10 2.8509E-10 3.1399E-10 3.4437E-10 3.7596E-10 4.0886E-10 4.4315E-10 4.7874E-10 5.1553E-10 5.5344E-10 5.9236E-10 6.3214E-10 6.7270E-10 7.1377E-10 7.5528E-10 7.9702E-10 8.3874E-10 8.8038E-10 9.2164E-10 9.6232E-10 1.0021E-09 1.0408E-09 1.0782E-09 1.1139E-09
0.0000E+00 0.0000E+00 0.0000E+00 0.0000E+00 0.0000E+00 0.0000E+00 0.0000E+00 0.0000E+00 0.0000E+00 0.0000E+00 0.0000E+00 0.0000E+00 0.0000E+00 0.0000E+00 0.0000E+00 6.3695E-13 1.3384E-12 2.7508E-12 5.9505E-12 1.0345E-11 1.6766E-11 2.4057E-11 3.2571E-11 4.1317E-11 5.2968E-11 6.8506E-11 8.4545E-11 1.0215E-10 1.1978E-10 1.4034E-10 1.6131E-10 1.8223E-10 2.0439E-10 2.2762E-10 2.5242E-10 2.7849E-10 3.0621E-10 3.3509E-10 3.6498E-10 3.9609E-10 4.2839E-10 4.6183E-10 4.9638E-10 5.3189E-10 5.6826E-10 6.0540E-10 6.4307E-10 6.8122E-10 7.1962E-10 7.5812E-10 7.9661E-10 8.3483E-10 8.7256E-10 9.0963E-10 9.4564E-10 9.8053E-10 1.0140E-09
0.0000E+00 0.0000E+00 0.0000E+00 0.0000E+00 0.0000E+00 0.0000E+00 0.0000E+00 0.0000E+00 0.0000E+00 0.0000E+00 0.0000E+00 0.0000E+00 0.0000E+00 0.0000E+00 0.0000E+00 2.9693E-13 6.2957E-13 1.3260E-12 2.7356E-12 6.3479E-12 1.1183E-11 1.7418E-11 2.5254E-11 3.3744E-11 4.3671E-11 5.4463E-11 6.8820E-11 8.3947E-11 1.0176E-10 1.1992E-10 1.3971E-10 1.5944E-10 1.7973E-10 2.0084E-10 2.2344E-10 2.4707E-10 2.7196E-10 2.9789E-10 3.2501E-10 3.5323E-10 3.8257E-10 4.1298E-10 4.4437E-10 4.7668E-10 5.0982E-10 5.4369E-10 5.7815E-10 6.1305E-10 6.4828E-10 6.8363E-10 7.1904E-10 7.5432E-10 7.8921E-10 8.2359E-10 8.5710E-10 8.8960E-10 9.2089E-10
0.0000E+00 0.0000E+00 0.0000E+00 0.0000E+00 0.0000E+00 0.0000E+00 0.0000E+00 0.0000E+00 0.0000E+00 0.0000E+00 0.0000E+00 0.0000E+00 0.0000E+00 0.0000E+00 0.0000E+00 0.0000E+00 2.9163E-13 6.1889E-13 1.3067E-12 3.3264E-12 7.3019E-12 1.2569E-11 1.9264E-11 2.7518E-11 3.6414E-11 4.5747E-11 5.6497E-11 6.9198E-11 8.4440E-11 1.0162E-10 1.1936E-10 1.3803E-10 1.5712E-10 1.7640E-10 1.9666E-10 2.1815E-10 2.4060E-10 2.6429E-10 2.8887E-10 3.1429E-10 3.4084E-10 3.6837E-10 3.9685E-10 4.2622E-10 4.5632E-10 4.8716E-10 5.1855E-10 5.5040E-10 5.8263E-10 6.1503E-10 6.4753E-10 6.8000E-10 7.1215E-10 7.4391E-10 7.7491E-10 8.0498E-10 8.3407E-10
0.0000E+00 0.0000E+00 0.0000E+00 0.0000E+00 0.0000E+00 0.0000E+00 0.0000E+00 0.0000E+00 0.0000E+00 0.0000E+00 0.0000E+00 0.0000E+00 0.0000E+00 0.0000E+00 0.0000E+00 0.0000E+00 0.0000E+00 2.8477E-13 8.9272E-13 1.8472E-12 4.5644E-12 8.6623E-12 1.3694E-11 2.0799E-11 2.7955E-11 3.7729E-11 4.7116E-11 5.7651E-11 6.9615E-11 8.4309E-11 1.0064E-10 1.1829E-10 1.3641E-10 1.5448E-10 1.7294E-10 1.9232E-10 2.1261E-10 2.3400E-10 2.5622E-10 2.7915E-10 3.0296E-10 3.2780E-10 3.5357E-10 3.8015E-10 4.0744E-10 4.3543E-10 4.6397E-10 4.9296E-10 5.2234E-10 5.5194E-10 5.8166E-10 6.1141E-10 6.4094E-10 6.7015E-10 6.9877E-10 7.2659E-10 7.5354E-10
0.0000E+00 0.0000E+00 0.0000E+00 0.0000E+00 0.0000E+00 0.0000E+00 0.0000E+00 0.0000E+00 0.0000E+00 0.0000E+00 0.0000E+00 0.0000E+00 0.0000E+00 0.0000E+00 0.0000E+00 0.0000E+00 0.0000E+00 0.0000E+00 2.7641E-13 1.1339E-12 1.8050E-12 4.5625E-12 8.0879E-12 1.4110E-11 2.1556E-11 2.9693E-11 3.8556E-11 4.8774E-11 5.9397E-11 7.1223E-11 8.4357E-11 9.9848E-11 1.1616E-10 1.3388E-10 1.5072E-10 1.6830E-10 1.8681E-10 2.0604E-10 2.2627E-10 2.4722E-10 2.6876E-10 2.9109E-10 3.1419E-10 3.3819E-10 3.6288E-10 3.8820E-10 4.1409E-10 4.4041E-10 4.6712E-10 4.9411E-10 5.2120E-10 5.4841E-10 5.7543E-10 6.0218E-10 6.2848E-10 6.5406E-10 6.7892E-10
0.0000E+00 0.0000E+00 0.0000E+00 0.0000E+00 0.0000E+00 0.0000E+00 0.0000E+00 0.0000E+00 0.0000E+00 0.0000E+00 0.0000E+00 0.0000E+00 0.0000E+00 0.0000E+00 0.0000E+00 0.0000E+00 0.0000E+00 0.0000E+00 0.0000E+00 0.0000E+00 8.4304E-13 3.0193E-12 5.8319E-12 1.0555E-11 1.6312E-11 2.2394E-11 3.0417E-11 3.8969E-11 4.9567E-11 6.0036E-11 7.1803E-11 8.4311E-11 9.8047E-11 1.1457E-10 1.3119E-10 1.4728E-10 1.6390E-10 1.8131E-10 1.9939E-10 2.1818E-10 2.3759E-10 2.5779E-10 2.7868E-10 3.0022E-10 3.2239E-10 3.4519E-10 3.6860E-10 3.9243E-10 4.1665E-10 4.4114E-10 4.6578E-10 4.9054E-10 5.1519E-10 5.3965E-10 5.6375E-10 5.8726E-10 6.1013E-10
0.0000E+00 0.0000E+00 0.0000E+00 0.0000E+00 0.0000E+00 0.0000E+00 0.0000E+00 0.0000E+00 0.0000E+00 0.0000E+00 0.0000E+00 0.0000E+00 0.0000E+00 0.0000E+00 0.0000E+00 0.0000E+00 0.0000E+00 0.0000E+00 0.0000E+00 0.0000E+00 0.0000E+00 2.8020E-13 3.2737E-12 6.3412E-12 1.0547E-11 1.5768E-11 2.2615E-11 2.9909E-11 4.0068E-11 4.8844E-11 6.0553E-11 7.2808E-11 8.4384E-11 9.6471E-11 1.1257E-10 1.2803E-10 1.4290E-10 1.5867E-10 1.7491E-10 1.9199E-10 2.0956E-10 2.2756E-10 2.4632E-10 2.6576E-10 2.8580E-10 3.0630E-10 3.2736E-10 3.4887E-10 3.7071E-10 3.9290E-10 4.1523E-10 4.3770E-10 4.6017E-10 4.8241E-10 5.0443E-10 5.2593E-10 5.4689E-10
0.0000E+00 0.0000E+00 0.0000E+00 0.0000E+00 0.0000E+00 0.0000E+00 0.0000E+00 0.0000E+00 0.0000E+00 0.0000E+00 0.0000E+00 0.0000E+00 0.0000E+00 0.0000E+00 0.0000E+00 0.0000E+00 0.0000E+00 0.0000E+00 0.0000E+00 0.0000E+00 0.0000E+00 0.0000E+00 9.2417E-13 2.8647E-12 7.3625E-12 1.1524E-11 1.6719E-11 2.4007E-11 3.1491E-11 4.0249E-11 4.8752E-11 6.0040E-11 7.1729E-11 8.3487E-11 9.5828E-11 1.0981E-10 1.2443E-10 1.3844E-10 1.5318E-10 1.6841E-10 1.8433E-10 2.0063E-10 2.1731E-10 2.3469E-10 2.5267E-10 2.7115E-10 2.9016E-10 3.0950E-10 3.2917E-10 3.4916E-10 3.6933E-10 3.8966E-10 4.1001E-10 4.3023E-10 4.5026E-10 4.6990E-10 4.8906E-10
0.0000E+00 0.0000E+00 0.0000E+00 0.0000E+00 0.0000E+00 0.0000E+00 0.0000E+00 0.0000E+00 0.0000E+00 0.0000E+00 0.0000E+00 0.0000E+00 0.0000E+00 0.0000E+00 0.0000E+00 0.0000E+00 0.0000E+00 0.0000E+00 0.0000E+00 0.0000E+00 0.0000E+00 0.0000E+00 0.0000E+00 9.6364E-13 2.0995E-12 6.2801E-12 1.1523E-11 1.7353E-11 2.3631E-11 3.1522E-11 3.9119E-11 4.8166E-11 5.8398E-11 6.9973E-11 8.1309E-11 9.3640E-11 1.0668E-10 1.2044E-10 1.3354E-10 1.4740E-10 1.6156E-10 1.7613E-10 1.9109E-10 2.0655E-10 2.2252E-10 2.3905E-10 2.5606E-10 2.7346E-10 2.9115E-10 3.0916E-10 3.2736E-10 3.4566E-10 3.6407E-10 3.8236E-10 4.0053E-10 4.1841E-10 4.3586E-10
0.0000E+00 0.0000E+00 0.0000E+00 0.0000E+00 0.0000E+00 0.0000E+00 0.0000E+00 0.0000E+00 0.0000E+00 0.0000E+00 0.0000E+00 0.0000E+00 0.0000E+00 0.0000E+00 0.0000E+00 0.0000E+00 0.0000E+00 0.0000E+00 0.0000E+00 0.0000E+00 0.0000E+00 0.0000E+00 0.0000E+00 2.9033E-13 1.9133E-12 3.1251E-12 5.0804E-12 1.1985E-11 1.8112E-11 2.3914E-11 3.1796E-11 3.9350E-11 4.7940E-11 5.6464E-11 6.7500E-11 7.9125E-11 9.0774E-11 1.0282E-10 1.1544E-10 1.2786E-10 1.4046E-10 1.5369E-10 1.6722E-10 1.8098E-10 1.9531E-10 2.0998E-10 2.2510E-10 2.4066E-10 2.5650E-10 2.7265E-10 2.8900E-10 3.0548E-10 3.2206E-10 3.3860E-10 3.5504E-10 3.7125E-10 3.8714E-10
0.0000E+00 0.0000E+00 0.0000E+00 0.0000E+00 0.0000E+00 0.0000E+00 0.0000E+00 0.0000E+00 0.0000E+00 0.0000E+00 0.0000E+00 0.0000E+00 0.0000E+00 0.0000E+00 0.0000E+00 0.0000E+00 0.0000E+00 0.0000E+00 0.0000E+00 0.0000E+00 0.0000E+00 0.0000E+00 0.0000E+00 0.0000E+00 9.0831E-13 1.9782E-12 3.2294E-12 4.9089E-12 8.4232E-12 1.6685E-11 2.4138E-11 3.1174E-11 3.8800E-11 4.7038E-11 5.4341E-11 6.3774E-11 7.5354E-11 8.6663E-11 9.8488E-11 1.1002E-10 1.2128E-10 1.3299E-10 1.4529E-10 1.5765E-10 1.7031E-10 1.8343E-10 1.9693E-10 2.1073E-10 2.2481E-10 2.3923E-10 2.5388E-10 2.6862E-10 2.8354E-10 2.9842E-10 3.1323E-10 3.2791E-10 3.4227E-10
