Assets/Resources/2015_m01_d05_0900(utc+0800)_l00_csi_1hr_conc.grd
DSAA
         159         159
     -79.000      79.000
     -79.000      79.000
  0.1565E-09  0.1045E-04
[rows 75 to 99 of 159, columns 0 to 56 of 159]
5.1697E-09 5.4275E-09 5.7429E-09 6.0431E-09 6.4017E-09 6.7516E-09 7.1235E-09 7.5725E-09 8.0269E-09 8.5466E-09 9.0762E-09 9.6783E-09 1.0295E-08 1.0972E-08 1.1687E-08 1.2476E-08 1.3286E-08 1.4159E-08 1.5102E-08 1.6111E-08 1.7197E-08 1.8355E-08 1.9589E-08 2.0888E-08 2.2271E-08 2.3744E-08 2.5309E-08 2.6971E-08 2.8736E-08 3.0605E-08 3.2579E-08 3.4670E-08 3.6859E-08 3.9157E-08 4.1541E-08 4.4014E-08 4.6549E-08 4.9140E-08 5.1752E-08 5.4373E-08 5.6969E-08 5.9515E-08 6.1971E-08 6.4310E-08 6.6500E-08 6.8475E-08 7.0218E-08 7.1682E-08 7.2808E-08 7.3585E-08 7.3953E-08 7.3902E-08 7.3367E-08 7.2385E-08 7.0944E-08 6.9056E-08 6.6767E-08
5.0594E-09 5.3100E-09 5.6164E-09 5.9080E-09 6.2375E-09 6.5957E-09 6.9564E-09 7.3905E-09 7.8301E-09 8.3324E-09 8.8444E-09 9.4082E-09 1.0022E-08 1.0674E-08 1.1364E-08 1.2085E-08 1.2906E-08 1.3746E-08 1.4652E-08 1.5625E-08 1.6671E-08 1.7786E-08 1.8974E-08 2.0224E-08 2.1553E-08 2.2967E-08 2.4468E-08 2.6061E-08 2.7753E-08 2.9542E-08 3.1434E-08 3.3424E-08 3.5519E-08 3.7702E-08 3.9974E-08 4.2316E-08 4.4726E-08 4.7172E-08 4.9643E-08 5.2113E-08 5.4555E-08 5.6940E-08 5.9243E-08 6.1424E-08 6.3454E-08 6.5280E-08 6.6877E-08 6.8199E-08 6.9208E-08 6.9863E-08 7.0143E-08 6.9999E-08 6.9421E-08 6.8412E-08 6.6976E-08 6.5122E-08 6.2917E-08
4.9457E-09 5.1890E-09 5.4857E-09 5.7687E-09 6.0690E-09 6.4343E-09 6.7833E-09 7.1869E-09 7.6261E-09 8.0946E-09 8.6036E-09 9.1125E-09 9.7184E-09 1.0330E-08 1.1026E-08 1.1721E-08 1.2508E-08 1.3315E-08 1.4182E-08 1.5115E-08 1.6118E-08 1.7187E-08 1.8328E-08 1.9525E-08 2.0796E-08 2.2146E-08 2.3581E-08 2.5101E-08 2.6713E-08 2.8417E-08 3.0217E-08 3.2107E-08 3.4090E-08 3.6158E-08 3.8303E-08 4.0515E-08 4.2781E-08 4.5084E-08 4.7402E-08 4.9714E-08 5.1995E-08 5.4219E-08 5.6355E-08 5.8376E-08 6.0246E-08 6.1927E-08 6.3381E-08 6.4564E-08 6.5446E-08 6.5995E-08 6.6178E-08 6.5960E-08 6.5345E-08 6.4324E-08 6.2913E-08 6.1139E-08 5.8997E-08
4.8287E-09 5.0646E-09 5.3157E-09 5.6255E-09 5.9154E-09 6.2683E-09 6.6051E-09 6.9640E-09 7.4005E-09 7.8357E-09 8.3391E-09 8.8446E-09 9.4250E-09 1.0012E-08 1.0677E-08 1.1345E-08 1.2096E-08 1.2871E-08 1.3694E-08 1.4587E-08 1.5543E-08 1.6566E-08 1.7656E-08 1.8800E-08 2.0007E-08 2.1294E-08 2.2654E-08 2.4100E-08 2.5626E-08 2.7243E-08 2.8943E-08 3.0730E-08 3.2595E-08 3.4539E-08 3.6553E-08 3.8626E-08 4.0746E-08 4.2896E-08 4.5058E-08 4.7207E-08 4.9324E-08 5.1380E-08 5.3349E-08 5.5210E-08 5.6914E-08 5.8451E-08 5.9762E-08 6.0817E-08 6.1584E-08 6.2035E-08 6.2136E-08 6.1880E-08 6.1251E-08 6.0259E-08 5.8896E-08 5.7203E-08 5.5186E-08
4.6758E-09 4.9376E-09 5.1792E-09 5.4784E-09 5.7582E-09 6.0981E-09 6.4225E-09 6.7679E-09 7.1861E-09 7.6036E-09 8.0691E-09 8.5698E-09 9.1070E-09 9.6860E-09 1.0304E-08 1.0957E-08 1.1673E-08 1.2412E-08 1.3197E-08 1.4043E-08 1.4956E-08 1.5922E-08 1.6959E-08 1.8051E-08 1.9195E-08 2.0411E-08 2.1700E-08 2.3064E-08 2.4504E-08 2.6026E-08 2.7626E-08 2.9302E-08 3.1050E-08 3.2867E-08 3.4743E-08 3.6677E-08 3.8643E-08 4.0641E-08 4.2639E-08 4.4625E-08 4.6573E-08 4.8460E-08 5.0268E-08 5.1957E-08 5.3509E-08 5.4890E-08 5.6066E-08 5.6995E-08 5.7653E-08 5.8013E-08 5.8049E-08 5.7760E-08 5.7130E-08 5.6166E-08 5.4882E-08 5.3268E-08 5.1391E-08
4.5557E-09 4.8079E-09 5.0404E-09 5.3285E-09 5.5983E-09 5.9245E-09 6.2363E-09 6.5680E-09 6.9530E-09 7.3514E-09 7.7797E-09 8.2731E-09 8.7682E-09 9.3354E-09 9.9076E-09 1.0560E-08 1.1208E-08 1.1942E-08 1.2692E-08 1.3489E-08 1.4355E-08 1.5268E-08 1.6249E-08 1.7284E-08 1.8367E-08 1.9508E-08 2.0724E-08 2.2003E-08 2.3357E-08 2.4779E-08 2.6277E-08 2.7839E-08 2.9469E-08 3.1155E-08 3.2899E-08 3.4681E-08 3.6503E-08 3.8337E-08 4.0180E-08 4.1998E-08 4.3780E-08 4.5498E-08 4.7141E-08 4.8667E-08 5.0067E-08 5.1300E-08 5.2335E-08 5.3148E-08 5.3702E-08 5.3977E-08 5.3965E-08 5.3651E-08 5.3038E-08 5.2113E-08 5.0897E-08 4.9391E-08 4.7630E-08
4.4233E-09 4.6764E-09 4.9000E-09 5.1761E-09 5.4360E-09 5.7105E-09 6.0474E-09 6.3650E-09 6.7039E-09 7.1125E-09 7.5204E-09 7.9900E-09 8.4607E-09 8.9994E-09 9.5428E-09 1.0143E-08 1.0773E-08 1.1468E-08 1.2177E-08 1.2927E-08 1.3744E-08 1.4604E-08 1.5526E-08 1.6508E-08 1.7523E-08 1.8596E-08 1.9730E-08 2.0929E-08 2.2190E-08 2.3518E-08 2.4906E-08 2.6359E-08 2.7865E-08 2.9427E-08 3.1030E-08 3.2674E-08 3.4339E-08 3.6019E-08 3.7699E-08 3.9356E-08 4.0973E-08 4.2531E-08 4.4007E-08 4.5382E-08 4.6628E-08 4.7718E-08 4.8619E-08 4.9318E-08 4.9776E-08 4.9986E-08 4.9932E-08 4.9606E-08 4.9008E-08 4.8142E-08 4.6990E-08 4.5604E-08 4.3970E-08
4.3013E-09 4.5095E-09 4.7588E-09 4.9867E-09 5.2720E-09 5.5344E-09 5.8561E-09 6.1599E-09 6.4827E-09 6.8565E-09 7.2429E-09 7.6563E-09 8.1338E-09 8.6103E-09 9.1569E-09 9.7072E-09 1.0333E-08 1.0953E-08 1.1653E-08 1.2364E-08 1.3124E-08 1.3941E-08 1.4796E-08 1.5720E-08 1.6672E-08 1.7677E-08 1.8731E-08 1.9847E-08 2.1018E-08 2.2246E-08 2.3531E-08 2.4870E-08 2.6260E-08 2.7690E-08 2.9164E-08 3.0663E-08 3.2184E-08 3.3709E-08 3.5230E-08 3.6725E-08 3.8188E-08 3.9584E-08 4.0904E-08 4.2131E-08 4.3230E-08 4.4185E-08 4.4962E-08 4.5553E-08 4.5921E-08 4.6075E-08 4.5994E-08 4.5667E-08 4.5093E-08 4.4275E-08 4.3212E-08 4.1923E-08 4.0437E-08
4.1779E-09 4.3720E-09 4.6159E-09 4.8333E-09 5.1060E-09 5.3574E-09 5.6635E-09 5.9532E-09 6.2601E-09 6.5867E-09 6.9811E-09 7.3725E-09 7.8238E-09 8.2739E-09 8.7898E-09 9.3069E-09 9.8789E-09 1.0475E-08 1.1136E-08 1.1798E-08 1.2507E-08 1.3268E-08 1.4068E-08 1.4926E-08 1.5825E-08 1.6755E-08 1.7736E-08 1.8766E-08 1.9848E-08 2.0979E-08 2.2161E-08 2.3389E-08 2.4661E-08 2.5971E-08 2.7309E-08 2.8674E-08 3.0049E-08 3.1430E-08 3.2797E-08 3.4141E-08 3.5446E-08 3.6692E-08 3.7862E-08 3.8944E-08 3.9907E-08 4.0732E-08 4.1400E-08 4.1889E-08 4.2188E-08 4.2290E-08 4.2177E-08 4.1857E-08 4.1321E-08 4.0555E-08 3.9582E-08 3.8393E-08 3.7037E-08
4.0455E-09 4.2340E-09 4.4728E-09 4.6805E-09 4.9301E-09 5.1800E-09 5.4521E-09 5.7456E-09 6.0374E-09 6.3466E-09 6.6747E-09 7.0733E-09 7.4667E-09 7.9214E-09 8.3727E-09 8.8911E-09 9.4087E-09 1.0000E-08 1.0578E-08 1.1233E-08 1.1890E-08 1.2598E-08 1.3344E-08 1.4136E-08 1.4977E-08 1.5841E-08 1.6746E-08 1.7695E-08 1.8689E-08 1.9726E-08 2.0806E-08 2.1927E-08 2.3085E-08 2.4274E-08 2.5489E-08 2.6718E-08 2.7959E-08 2.9195E-08 3.0421E-08 3.1618E-08 3.2779E-08 3.3880E-08 3.4917E-08 3.5860E-08 3.6692E-08 3.7397E-08 3.7957E-08 3.8359E-08 3.8594E-08 3.8650E-08 3.8521E-08 3.8202E-08 3.7689E-08 3.6980E-08 3.6084E-08 3.5015E-08 3.3788E-08
3.8988E-09 4.1024E-09 4.2903E-09 4.5279E-09 4.7369E-09 5.0022E-09 5.2422E-09 5.5382E-09 5.8147E-09 6.1071E-09 6.4172E-09 6.7768E-09 7.1459E-09 7.5724E-09 7.9948E-09 8.4800E-09 8.9624E-09 9.5148E-09 1.0065E-08 1.0677E-08 1.1284E-08 1.1932E-08 1.2631E-08 1.3354E-08 1.4136E-08 1.4939E-08 1.5769E-08 1.6641E-08 1.7548E-08 1.8498E-08 1.9479E-08 2.0496E-08 2.1544E-08 2.2617E-08 2.3711E-08 2.4814E-08 2.5925E-08 2.7029E-08 2.8116E-08 2.9181E-08 3.0199E-08 3.1172E-08 3.2075E-08 3.2898E-08 3.3614E-08 3.4213E-08 3.4682E-08 3.5012E-08 3.5194E-08 3.5217E-08 3.5076E-08 3.4769E-08 3.4284E-08 3.3635E-08 3.2815E-08 3.1847E-08 3.0743E-08
3.7541E-09 3.9616E-09 4.1430E-09 4.3750E-09 4.5732E-09 4.8235E-09 5.0525E-09 5.3228E-09 5.5926E-09 5.8694E-09 6.1610E-09 6.4701E-09 6.8449E-09 7.1968E-09 7.6389E-09 8.0413E-09 8.5417E-09 9.0176E-09 9.5629E-09 1.0087E-08 1.0688E-08 1.1280E-08 1.1920E-08 1.2590E-08 1.3302E-08 1.4048E-08 1.4815E-08 1.5608E-08 1.6437E-08 1.7295E-08 1.8188E-08 1.9105E-08 2.0048E-08 2.1009E-08 2.1991E-08 2.2976E-08 2.3962E-08 2.4942E-08 2.5901E-08 2.6838E-08 2.7730E-08 2.8581E-08 2.9366E-08 3.0070E-08 3.0685E-08 3.1189E-08 3.1580E-08 3.1848E-08 3.1986E-08 3.1984E-08 3.1839E-08 3.1543E-08 3.1097E-08 3.0500E-08 2.9762E-08 2.8887E-08 2.7897E-08
3.6227E-09 3.8158E-09 4.0001E-09 4.2013E-09 4.4112E-09 4.6098E-09 4.8642E-09 5.0906E-09 5.3732E-09 5.6330E-09 5.9078E-09 6.1974E-09 6.5032E-09 6.8766E-09 7.2405E-09 7.6629E-09 8.0763E-09 8.5505E-09 9.0161E-09 9.5504E-09 1.0062E-08 1.0649E-08 1.1222E-08 1.1848E-08 1.2485E-08 1.3178E-08 1.3882E-08 1.4605E-08 1.5355E-08 1.6133E-08 1.6936E-08 1.7763E-08 1.8606E-08 1.9467E-08 2.0334E-08 2.1210E-08 2.2083E-08 2.2946E-08 2.3789E-08 2.4607E-08 2.5385E-08 2.6123E-08 2.6798E-08 2.7397E-08 2.7916E-08 2.8336E-08 2.8665E-08 2.8881E-08 2.8982E-08 2.8961E-08 2.8813E-08 2.8531E-08 2.8120E-08 2.7577E-08 2.6910E-08 2.6127E-08 2.5234E-08
3.4993E-09 3.6558E-09 3.8559E-09 4.0281E-09 4.2504E-09 4.4369E-09 4.6757E-09 4.8910E-09 5.1566E-09 5.3998E-09 5.6576E-09 5.9287E-09 6.2149E-09 6.5154E-09 6.8852E-09 7.2758E-09 7.6573E-09 8.0948E-09 8.5237E-09 9.0123E-09 9.4956E-09 1.0033E-08 1.0556E-08 1.1115E-08 1.1705E-08 1.2323E-08 1.2972E-08 1.3634E-08 1.4311E-08 1.5011E-08 1.5732E-08 1.6471E-08 1.7226E-08 1.7988E-08 1.8760E-08 1.9529E-08 2.0298E-08 2.1051E-08 2.1788E-08 2.2495E-08 2.3174E-08 2.3806E-08 2.4380E-08 2.4889E-08 2.5319E-08 2.5673E-08 2.5941E-08 2.6113E-08 2.6188E-08 2.6152E-08 2.6002E-08 2.5739E-08 2.5359E-08 2.4869E-08 2.4265E-08 2.3564E-08 2.2761E-08
3.3630E-09 3.5188E-09 3.6977E-09 3.8783E-09 4.0629E-09 4.2673E-09 4.4720E-09 4.6938E-09 4.9246E-09 5.1710E-09 5.4107E-09 5.6649E-09 5.9310E-09 6.2119E-09 6.5378E-09 6.8691E-09 7.2489E-09 7.6199E-09 8.0443E-09 8.4582E-09 8.9307E-09 9.3954E-09 9.9136E-09 1.0410E-08 1.0949E-08 1.1501E-08 1.2092E-08 1.2695E-08 1.3310E-08 1.3936E-08 1.4581E-08 1.5238E-08 1.5908E-08 1.6584E-08 1.7263E-08 1.7941E-08 1.8609E-08 1.9270E-08 1.9906E-08 2.0519E-08 2.1099E-08 2.1637E-08 2.2122E-08 2.2548E-08 2.2908E-08 2.3199E-08 2.3417E-08 2.3551E-08 2.3597E-08 2.3550E-08 2.3405E-08 2.3162E-08 2.2814E-08 2.2366E-08 2.1824E-08 2.1189E-08 2.0476E-08
3.2166E-09 3.3884E-09 3.5294E-09 3.7260E-09 3.8898E-09 4.1002E-09 4.2736E-09 4.4981E-09 4.6980E-09 4.9365E-09 5.1699E-09 5.4051E-09 5.6538E-09 5.9137E-09 6.1874E-09 6.5047E-09 6.8252E-09 7.1931E-09 7.5503E-09 7.9590E-09 8.3554E-09 8.8268E-09 9.2499E-09 9.7441E-09 1.0212E-08 1.0725E-08 1.1236E-08 1.1794E-08 1.2350E-08 1.2912E-08 1.3485E-08 1.4069E-08 1.4658E-08 1.5256E-08 1.5850E-08 1.6443E-08 1.7025E-08 1.7596E-08 1.8148E-08 1.8677E-08 1.9172E-08 1.9627E-08 2.0034E-08 2.0387E-08 2.0684E-08 2.0920E-08 2.1091E-08 2.1189E-08 2.1212E-08 2.1150E-08 2.1005E-08 2.0771E-08 2.0454E-08 2.0047E-08 1.9563E-08 1.8999E-08 1.8363E-08
3.0987E-09 3.2411E-09 3.3916E-09 3.5561E-09 3.7301E-09 3.9073E-09 4.0992E-09 4.2885E-09 4.4944E-09 4.7078E-09 4.9342E-09 5.1526E-09 5.3820E-09 5.6238E-09 5.8758E-09 6.1410E-09 6.4469E-09 6.7557E-09 7.0938E-09 7.4501E-09 7.8392E-09 8.2155E-09 8.6621E-09 9.0583E-09 9.5274E-09 9.9616E-09 1.0445E-08 1.0918E-08 1.1433E-08 1.1941E-08 1.2447E-08 1.2964E-08 1.3480E-08 1.4004E-08 1.4523E-08 1.5040E-08 1.5546E-08 1.6035E-08 1.6512E-08 1.6962E-08 1.7386E-08 1.7769E-08 1.8109E-08 1.8402E-08 1.8648E-08 1.8841E-08 1.8976E-08 1.9048E-08 1.9051E-08 1.8984E-08 1.8843E-08 1.8627E-08 1.8334E-08 1.7969E-08 1.7530E-08 1.7027E-08 1.6457E-08
2.9712E-09 3.0980E-09 3.2437E-09 3.3905E-09 3.5587E-09 3.7273E-09 3.9105E-09 4.0862E-09 4.2846E-09 4.4758E-09 4.6951E-09 4.9066E-09 5.1188E-09 5.3407E-09 5.5745E-09 5.8175E-09 6.0728E-09 6.3658E-09 6.6608E-09 6.9827E-09 7.3197E-09 7.6723E-09 8.0403E-09 8.4583E-09 8.8267E-09 9.2647E-09 9.6657E-09 1.0112E-08 1.0546E-08 1.1015E-08 1.1469E-08 1.1924E-08 1.2378E-08 1.2833E-08 1.3284E-08 1.3730E-08 1.4169E-08 1.4589E-08 1.4997E-08 1.5378E-08 1.5735E-08 1.6057E-08 1.6341E-08 1.6585E-08 1.6785E-08 1.6941E-08 1.7045E-08 1.7095E-08 1.7084E-08 1.7013E-08 1.6876E-08 1.6676E-08 1.6407E-08 1.6077E-08 1.5683E-08 1.5219E-08 1.4700E-08
2.8327E-09 2.9728E-09 3.0851E-09 3.2448E-09 3.3763E-09 3.5589E-09 3.7103E-09 3.9033E-09 4.0621E-09 4.2680E-09 4.4435E-09 4.6679E-09 4.8633E-09 5.0676E-09 5.2814E-09 5.5059E-09 5.7389E-09 5.9831E-09 6.2353E-09 6.5408E-09 6.8441E-09 7.1601E-09 7.4895E-09 7.8318E-09 8.1878E-09 8.5561E-09 8.9595E-09 9.3238E-09 9.7323E-09 1.0124E-08 1.0547E-08 1.0948E-08 1.1347E-08 1.1740E-08 1.2132E-08 1.2516E-08 1.2889E-08 1.3254E-08 1.3599E-08 1.3922E-08 1.4221E-08 1.4486E-08 1.4723E-08 1.4925E-08 1.5091E-08 1.5214E-08 1.5292E-08 1.5321E-08 1.5301E-08 1.5225E-08 1.5095E-08 1.4907E-08 1.4649E-08 1.4350E-08 1.3986E-08 1.3584E-08 1.3082E-08
2.7217E-09 2.8363E-09 2.9631E-09 3.0910E-09 3.2335E-09 3.3810E-09 3.5442E-09 3.7051E-09 3.8781E-09 4.0561E-09 4.2287E-09 4.4276E-09 4.6162E-09 4.8039E-09 4.9998E-09 5.2043E-09 5.4187E-09 5.6403E-09 5.8720E-09 6.1101E-09 6.3960E-09 6.6529E-09 6.9613E-09 7.2775E-09 7.5925E-09 7.9188E-09 8.2538E-09 8.6202E-09 8.9424E-09 9.3155E-09 9.6536E-09 1.0036E-08 1.0384E-08 1.0730E-08 1.1066E-08 1.1392E-08 1.1712E-08 1.2022E-08 1.2313E-08 1.2587E-08 1.2835E-08 1.3056E-08 1.3249E-08 1.3414E-08 1.3548E-08 1.3644E-08 1.3704E-08 1.3703E-08 1.3674E-08 1.3598E-08 1.3459E-08 1.3285E-08 1.3048E-08 1.2766E-08 1.2428E-08 1.2061E-08 1.1635E-08
2.6035E-09 2.7063E-09 2.8256E-09 2.9402E-09 3.0746E-09 3.2066E-09 3.3606E-09 3.5115E-09 3.6779E-09 3.8355E-09 4.0107E-09 4.1759E-09 4.3685E-09 4.5498E-09 4.7289E-09 4.9157E-09 5.1098E-09 5.3129E-09 5.5220E-09 5.7395E-09 5.9626E-09 6.2163E-09 6.4659E-09 6.7375E-09 7.0128E-09 7.3146E-09 7.5919E-09 7.9095E-09 8.2417E-09 8.5346E-09 8.8627E-09 9.1546E-09 9.4922E-09 9.7847E-09 1.0085E-08 1.0364E-08 1.0636E-08 1.0880E-08 1.1125E-08 1.1353E-08 1.1541E-08 1.1725E-08 1.1866E-08 1.2000E-08 1.2105E-08 1.2179E-08 1.2218E-08 1.2223E-08 1.2189E-08 1.2116E-08 1.1986E-08 1.1802E-08 1.1587E-08 1.1322E-08 1.1029E-08 1.0687E-08 1.0321E-08
2.4788E-09 2.5822E-09 2.6822E-09 2.7982E-09 2.9105E-09 3.0430E-09 3.1719E-09 3.3224E-09 3.4748E-09 3.6310E-09 3.7819E-09 3.9530E-09 4.1102E-09 4.2960E-09 4.4691E-09 4.6390E-09 4.8155E-09 4.9985E-09 5.1881E-09 5.3844E-09 5.5860E-09 5.7938E-09 6.0071E-09 6.2465E-09 6.4816E-09 6.7447E-09 7.0032E-09 7.2533E-09 7.5204E-09 7.7773E-09 8.0690E-09 8.3346E-09 8.6017E-09 8.8801E-09 9.1355E-09 9.3822E-09 9.6139E-09 9.8331E-09 1.0037E-08 1.0224E-08 1.0380E-08 1.0528E-08 1.0643E-08 1.0750E-08 1.0831E-08 1.0855E-08 1.0879E-08 1.0872E-08 1.0786E-08 1.0715E-08 1.0608E-08 1.0435E-08 1.0241E-08 9.9961E-09 9.7561E-09 9.4791E-09 9.1398E-09
2.3723E-09 2.4539E-09 2.5536E-09 2.6510E-09 2.7652E-09 2.8900E-09 3.0037E-09 3.1499E-09 3.2794E-09 3.4403E-09 3.5890E-09 3.7365E-09 3.8929E-09 4.0527E-09 4.2206E-09 4.3746E-09 4.5345E-09 4.6998E-09 4.8705E-09 5.0463E-09 5.2285E-09 5.4143E-09 5.6063E-09 5.8009E-09 6.0008E-09 6.2208E-09 6.4466E-09 6.6535E-09 6.9050E-09 7.1247E-09 7.3585E-09 7.5871E-09 7.8188E-09 8.0552E-09 8.2656E-09 8.5098E-09 8.6640E-09 8.8580E-09 9.0007E-09 9.1425E-09 9.2832E-09 9.3762E-09 9.4664E-09 9.5179E-09 9.5812E-09 9.6212E-09 9.5980E-09 9.5864E-09 9.5457E-09 9.4750E-09 9.3752E-09 9.2449E-09 9.0865E-09 8.8977E-09 8.6800E-09 8.4359E-09 8.1637E-09
2.2778E-09 2.3451E-09 2.4379E-09 2.5216E-09 2.6308E-09 2.7269E-09 2.8468E-09 2.9576E-09 3.0980E-09 3.2346E-09 3.3783E-09 3.5213E-09 3.6721E-09 3.8112E-09 3.9737E-09 4.1227E-09 4.2670E-09 4.4158E-09 4.5694E-09 4.7270E-09 4.8890E-09 5.0552E-09 5.2268E-09 5.4006E-09 5.5781E-09 5.7575E-09 5.9384E-09 6.1205E-09 6.3016E-09 6.4830E-09 6.6608E-09 6.8374E-09 7.0077E-09 7.1857E-09 7.3558E-09 7.5480E-09 7.7467E-09 7.8996E-09 8.0430E-09 8.1807E-09 8.2935E-09 8.3921E-09 8.4749E-09 8.5390E-09 8.5835E-09 8.6073E-09 8.6092E-09 8.5878E-09 8.5426E-09 8.4727E-09 8.3781E-09 8.2588E-09 8.1130E-09 7.9428E-09 7.7474E-09 7.5307E-09 7.2906E-09
2.1898E-09 2.2489E-09 2.3141E-09 2.4001E-09 2.4829E-09 2.5897E-09 2.6834E-09 2.7977E-09 2.9052E-09 3.0478E-09 3.1735E-09 3.3166E-09 3.4438E-09 3.5885E-09 3.7190E-09 3.8734E-09 4.0129E-09 4.1466E-09 4.2840E-09 4.4251E-09 4.5699E-09 4.7181E-09 4.8694E-09 5.0248E-09 5.1810E-09 5.3402E-09 5.4989E-09 5.6594E-09 5.8178E-09 5.9766E-09 6.1314E-09 6.2848E-09 6.4321E-09 6.5762E-09 6.7132E-09 6.8565E-09 6.9971E-09 7.1392E-09 7.2883E-09 7.3950E-09 7.4945E-09 7.5759E-09 7.6495E-09 7.6969E-09 7.7273E-09 7.7399E-09 7.7333E-09 7.7070E-09 7.6595E-09 7.5917E-09 7.5021E-09 7.3904E-09 7.2566E-09 7.1025E-09 6.9273E-09 6.7310E-09 6.5178E-09
