Assets/Resources/2015_m01_d19_0600(utc+0800)_l00_csi_1hr_conc.grd
DSAA
         159         159
     -79.000      79.000
     -79.000      79.000
  0.0000E+00  0.2342E-04
[rows 50 to 74 of 159, columns 57 to 113 of 159]
0.0000E+00 0.0000E+00 0.0000E+00 0.0000E+00 0.0000E+00 0.0000E+00 0.0000E+00 0.0000E+00 0.0000E+00 0.0000E+00 0.0000E+00 0.0000E+00 0.0000E+00 0.0000E+00 0.0000E+00 0.0000E+00 0.0000E+00 0.0000E+00 0.0000E+00 0.0000E+00 0.0000E+00 0.0000E+00 3.0739E-11 4.3244E-11 9.3069E-11 1.2807E-10 2.4515E-10 3.8587E-10 6.0524E-10 1.0815E-09 1.4184E-09 1.7933E-09 2.2096E-09 2.6390E-09 3.1017E-09 3.5997E-09 4.1278E-09 4.6924E-09 5.2757E-09 5.8593E-09 6.4321E-09 6.9849E-09 7.4954E-09 7.9690E-09 8.3830E-09 8.7270E-09 8.9829E-09 9.1699E-09 9.2738E-09 9.2971E-09 9.2382E-09 9.1198E-09 8.9489E-09 8.7214E-09 8.4708E-09 8.1986E-09 7.9219E-09
0.0000E+00 0.0000E+00 0.0000E+00 0.0000E+00 0.0000E+00 0.0000E+00 0.0000E+00 0.0000E+00 0.0000E+00 0.0000E+00 0.0000E+00 0.0000E+00 0.0000E+00 0.0000E+00 0.0000E+00 0.0000E+00 0.0000E+00 0.0000E+00 0.0000E+00 0.0000E+00 0.0000E+00 0.0000E+00 3.7253E-11 8.1288E-11 1.3821E-10 2.6329E-10 4.2191E-10 6.6550E-10 1.0829E-09 1.5526E-09 1.9454E-09 2.3786E-09 2.8570E-09 3.3634E-09 3.9662E-09 4.5796E-09 5.2320E-09 5.9243E-09 6.6354E-09 7.3549E-09 8.0581E-09 8.7383E-09 9.3754E-09 9.9529E-09 1.0448E-08 1.0865E-08 1.1184E-08 1.1399E-08 1.1505E-08 1.1518E-08 1.1437E-08 1.1266E-08 1.1029E-08 1.0735E-08 1.0391E-08 1.0034E-08 9.6657E-09
0.0000E+00 0.0000E+00 0.0000E+00 0.0000E+00 0.0000E+00 0.0000E+00 0.0000E+00 0.0000E+00 0.0000E+00 0.0000E+00 0.0000E+00 0.0000E+00 0.0000E+00 0.0000E+00 0.0000E+00 0.0000E+00 0.0000E+00 0.0000E+00 0.0000E+00 0.0000E+00 0.0000E+00 3.1166E-11 6.0039E-11 1.4821E-10 2.8176E-10 4.5924E-10 8.3268E-10 1.1865E-09 1.6080E-09 2.0548E-09 2.4955E-09 3.0182E-09 3.6391E-09 4.2922E-09 4.9879E-09 5.7390E-09 6.5481E-09 7.3894E-09 8.2522E-09 9.1071E-09 9.9647E-09 1.0790E-08 1.1561E-08 1.2258E-08 1.2860E-08 1.3348E-08 1.3728E-08 1.3980E-08 1.4103E-08 1.4092E-08 1.3976E-08 1.3756E-08 1.3436E-08 1.3054E-08 1.2621E-08 1.2150E-08 1.1673E-08
0.0000E+00 0.0000E+00 0.0000E+00 0.0000E+00 0.0000E+00 0.0000E+00 0.0000E+00 0.0000E+00 0.0000E+00 0.0000E+00 0.0000E+00 0.0000E+00 0.0000E+00 0.0000E+00 0.0000E+00 0.0000E+00 0.0000E+00 0.0000E+00 0.0000E+00 0.0000E+00 0.0000E+00 6.7947E-11 1.5948E-10 2.7991E-10 5.0088E-10 9.0107E-10 1.2965E-09 1.7431E-09 2.1411E-09 2.6144E-09 3.2287E-09 3.8671E-09 4.5532E-09 5.3464E-09 6.1882E-09 7.1042E-09 8.0716E-09 9.0775E-09 1.0111E-08 1.1144E-08 1.2153E-08 1.3139E-08 1.4060E-08 1.4890E-08 1.5609E-08 1.6193E-08 1.6626E-08 1.6917E-08 1.7052E-08 1.7034E-08 1.6864E-08 1.6580E-08 1.6183E-08 1.5691E-08 1.5146E-08 1.4560E-08 1.3946E-08
0.0000E+00 0.0000E+00 0.0000E+00 0.0000E+00 0.0000E+00 0.0000E+00 0.0000E+00 0.0000E+00 0.0000E+00 0.0000E+00 0.0000E+00 0.0000E+00 0.0000E+00 0.0000E+00 0.0000E+00 0.0000E+00 0.0000E+00 0.0000E+00 0.0000E+00 7.2561E-12 5.5291E-11 1.4985E-10 3.1004E-10 5.5036E-10 9.9495E-10 1.4162E-09 1.7702E-09 2.2019E-09 2.7747E-09 3.3824E-09 4.0469E-09 4.8308E-09 5.6851E-09 6.6054E-09 7.6058E-09 8.6776E-09 9.8235E-09 1.1016E-08 1.2230E-08 1.3447E-08 1.4642E-08 1.5796E-08 1.6866E-08 1.7841E-08 1.8682E-08 1.9368E-08 1.9881E-08 2.0199E-08 2.0345E-08 2.0309E-08 2.0104E-08 1.9734E-08 1.9243E-08 1.8644E-08 1.7962E-08 1.7237E-08 1.6486E-08
0.0000E+00 0.0000E+00 0.0000E+00 0.0000E+00 0.0000E+00 0.0000E+00 0.0000E+00 0.0000E+00 0.0000E+00 0.0000E+00 0.0000E+00 0.0000E+00 0.0000E+00 0.0000E+00 0.0000E+00 0.0000E+00 0.0000E+00 0.0000E+00 8.5978E-12 3.9198E-11 1.7312E-10 3.2022E-10 5.8952E-10 1.1014E-09 1.4053E-09 1.7859E-09 2.3530E-09 2.8737E-09 3.4858E-09 4.2049E-09 5.0662E-09 5.9463E-09 6.9568E-09 8.0398E-09 9.2224E-09 1.0479E-08 1.1811E-08 1.3182E-08 1.4592E-08 1.6004E-08 1.7386E-08 1.8719E-08 1.9968E-08 2.1080E-08 2.2052E-08 2.2842E-08 2.3430E-08 2.3804E-08 2.3947E-08 2.3892E-08 2.3637E-08 2.3197E-08 2.2588E-08 2.1866E-08 2.1051E-08 2.0164E-08 1.9257E-08
0.0000E+00 0.0000E+00 0.0000E+00 0.0000E+00 0.0000E+00 0.0000E+00 0.0000E+00 0.0000E+00 0.0000E+00 0.0000E+00 0.0000E+00 0.0000E+00 0.0000E+00 0.0000E+00 0.0000E+00 0.0000E+00 0.0000E+00 1.0270E-11 4.6847E-11 1.1954E-10 3.7393E-10 6.6923E-10 1.0368E-09 1.3853E-09 1.7739E-09 2.3912E-09 2.9486E-09 3.5796E-09 4.4270E-09 5.2620E-09 6.2084E-09 7.2884E-09 8.4232E-09 9.6772E-09 1.1040E-08 1.2489E-08 1.4013E-08 1.5586E-08 1.7192E-08 1.8789E-08 2.0365E-08 2.1871E-08 2.3295E-08 2.4576E-08 2.5666E-08 2.6564E-08 2.7231E-08 2.7650E-08 2.7816E-08 2.7729E-08 2.7422E-08 2.6891E-08 2.6170E-08 2.5320E-08 2.4352E-08 2.3302E-08 2.2228E-08
0.0000E+00 0.0000E+00 0.0000E+00 0.0000E+00 0.0000E+00 0.0000E+00 0.0000E+00 0.0000E+00 0.0000E+00 0.0000E+00 0.0000E+00 0.0000E+00 0.0000E+00 0.0000E+00 0.0000E+00 0.0000E+00 2.0356E-11 6.3915E-11 1.5067E-10 3.3065E-10 5.9263E-10 8.2487E-10 1.3147E-09 1.9100E-09 2.4137E-09 2.9825E-09 3.7921E-09 4.5608E-09 5.4489E-09 6.4857E-09 7.5731E-09 8.7835E-09 1.0097E-08 1.1521E-08 1.3048E-08 1.4685E-08 1.6400E-08 1.8171E-08 1.9974E-08 2.1776E-08 2.3525E-08 2.5212E-08 2.6793E-08 2.8230E-08 2.9467E-08 3.0458E-08 3.1204E-08 3.1672E-08 3.1855E-08 3.1755E-08 3.1375E-08 3.0755E-08 2.9935E-08 2.8941E-08 2.7813E-08 2.6607E-08 2.5352E-08
0.0000E+00 0.0000E+00 0.0000E+00 0.0000E+00 0.0000E+00 0.0000E+00 0.0000E+00 0.0000E+00 0.0000E+00 0.0000E+00 0.0000E+00 0.0000E+00 0.0000E+00 0.0000E+00 0.0000E+00 2.4554E-11 7.7203E-11 1.8186E-10 3.6954E-10 5.3578E-10 7.2411E-10 1.2023E-09 1.8503E-09 2.3710E-09 3.1884E-09 3.8987E-09 4.6954E-09 5.6157E-09 6.7268E-09 7.8603E-09 9.1204E-09 1.0473E-08 1.1949E-08 1.3551E-08 1.5255E-08 1.7065E-08 1.8946E-08 2.0900E-08 2.2887E-08 2.4872E-08 2.6816E-08 2.8671E-08 3.0383E-08 3.1966E-08 3.3333E-08 3.4443E-08 3.5252E-08 3.5769E-08 3.5969E-08 3.5849E-08 3.5407E-08 3.4699E-08 3.3776E-08 3.2646E-08 3.1359E-08 2.9991E-08 2.8569E-08
0.0000E+00 0.0000E+00 0.0000E+00 0.0000E+00 0.0000E+00 0.0000E+00 0.0000E+00 0.0000E+00 0.0000E+00 0.0000E+00 0.0000E+00 0.0000E+00 0.0000E+00 0.0000E+00 2.9801E-11 9.3817E-11 2.1935E-10 3.1758E-10 4.4840E-10 8.1280E-10 1.1162E-09 1.7247E-09 2.5206E-09 3.1945E-09 3.9566E-09 4.8167E-09 5.9127E-09 6.9843E-09 8.1489E-09 9.4360E-09 1.0850E-08 1.2362E-08 1.3991E-08 1.5746E-08 1.7610E-08 1.9572E-08 2.1621E-08 2.3717E-08 2.5868E-08 2.8015E-08 3.0118E-08 3.2128E-08 3.3995E-08 3.5677E-08 3.7166E-08 3.8376E-08 3.9273E-08 3.9824E-08 4.0045E-08 3.9881E-08 3.9397E-08 3.8619E-08 3.7602E-08 3.6330E-08 3.4902E-08 3.3387E-08 3.1814E-08
0.0000E+00 0.0000E+00 0.0000E+00 0.0000E+00 0.0000E+00 0.0000E+00 0.0000E+00 0.0000E+00 0.0000E+00 0.0000E+00 0.0000E+00 0.0000E+00 0.0000E+00 4.5315E-11 1.2195E-10 1.7666E-10 2.6310E-10 5.0420E-10 7.0324E-10 9.8805E-10 1.3512E-09 2.4171E-09 3.1362E-09 3.9521E-09 5.0984E-09 6.1320E-09 7.2365E-09 8.4652E-09 9.8018E-09 1.1230E-08 1.2778E-08 1.4426E-08 1.6190E-08 1.8075E-08 2.0068E-08 2.2160E-08 2.4336E-08 2.6574E-08 2.8849E-08 3.1115E-08 3.3349E-08 3.5489E-08 3.7480E-08 3.9256E-08 4.0842E-08 4.2144E-08 4.3113E-08 4.3722E-08 4.3912E-08 4.3744E-08 4.3232E-08 4.2407E-08 4.1273E-08 3.9894E-08 3.8357E-08 3.6704E-08 3.4985E-08
0.0000E+00 0.0000E+00 0.0000E+00 0.0000E+00 0.0000E+00 0.0000E+00 0.0000E+00 0.0000E+00 0.0000E+00 0.0000E+00 0.0000E+00 1.1560E-11 5.5016E-11 9.1907E-11 1.4414E-10 2.1705E-10 4.3362E-10 6.0770E-10 8.4615E-10 1.4545E-09 2.2890E-09 3.0262E-09 4.1960E-09 5.2014E-09 6.3091E-09 7.5004E-09 8.8006E-09 1.0181E-08 1.1657E-08 1.3239E-08 1.4895E-08 1.6656E-08 1.8522E-08 2.0504E-08 2.2586E-08 2.4768E-08 2.7029E-08 2.9358E-08 3.1719E-08 3.4086E-08 3.6402E-08 3.8638E-08 4.0725E-08 4.2607E-08 4.4233E-08 4.5614E-08 4.6648E-08 4.7271E-08 4.7471E-08 4.7311E-08 4.6783E-08 4.5921E-08 4.4689E-08 4.3232E-08 4.1610E-08 3.9842E-08 3.7997E-08
0.0000E+00 0.0000E+00 0.0000E+00 0.0000E+00 0.0000E+00 0.0000E+00 0.0000E+00 0.0000E+00 0.0000E+00 0.0000E+00 0.0000E+00 3.4558E-11 6.4425E-11 1.0709E-10 2.3916E-10 3.5514E-10 5.1370E-10 9.2497E-10 1.2800E-09 1.7631E-09 3.2054E-09 4.1611E-09 5.2280E-09 6.4284E-09 7.7325E-09 9.1055E-09 1.0594E-08 1.2119E-08 1.3731E-08 1.5430E-08 1.7181E-08 1.9022E-08 2.0958E-08 2.2983E-08 2.5112E-08 2.7326E-08 2.9622E-08 3.1987E-08 3.4394E-08 3.6803E-08 3.9165E-08 4.1460E-08 4.3610E-08 4.5556E-08 4.7243E-08 4.8656E-08 4.9723E-08 5.0363E-08 5.0607E-08 5.0453E-08 4.9927E-08 4.9019E-08 4.7746E-08 4.6252E-08 4.4558E-08 4.2708E-08 4.0761E-08
0.0000E+00 0.0000E+00 0.0000E+00 0.0000E+00 0.0000E+00 0.0000E+00 0.0000E+00 0.0000E+00 0.0000E+00 0.0000E+00 1.6188E-11 3.9977E-11 1.1374E-10 1.8233E-10 2.7919E-10 5.4856E-10 7.9115E-10 1.1087E-09 1.8836E-09 2.5672E-09 4.0077E-09 5.1724E-09 6.4751E-09 7.8826E-09 9.3978E-09 1.0977E-08 1.2620E-08 1.4306E-08 1.6024E-08 1.7833E-08 1.9636E-08 2.1487E-08 2.3435E-08 2.5458E-08 2.7564E-08 2.9755E-08 3.2032E-08 3.4375E-08 3.6769E-08 3.9175E-08 4.1551E-08 4.3843E-08 4.6018E-08 4.8000E-08 4.9729E-08 5.1139E-08 5.2208E-08 5.2894E-08 5.3178E-08 5.3053E-08 5.2548E-08 5.1601E-08 5.0354E-08 4.8833E-08 4.7102E-08 4.5203E-08 4.3188E-08
0.0000E+00 0.0000E+00 0.0000E+00 0.0000E+00 0.0000E+00 0.0000E+00 0.0000E+00 0.0000E+00 0.0000E+00 1.1927E-11 4.9273E-11 8.6024E-11 1.3958E-10 2.8695E-10 4.3685E-10 6.4580E-10 9.3116E-10 1.6640E-09 2.2943E-09 3.1188E-09 4.8777E-09 6.3725E-09 7.9241E-09 9.5798E-09 1.1317E-08 1.3096E-08 1.4895E-08 1.6816E-08 1.8584E-08 2.0378E-08 2.2180E-08 2.4012E-08 2.5887E-08 2.7841E-08 2.9870E-08 3.1975E-08 3.4166E-08 3.6432E-08 3.8752E-08 4.1101E-08 4.3434E-08 4.5705E-08 4.7850E-08 4.9835E-08 5.1581E-08 5.2967E-08 5.4035E-08 5.4766E-08 5.5099E-08 5.5025E-08 5.4523E-08 5.3613E-08 5.2400E-08 5.0895E-08 4.9154E-08 4.7240E-08 4.5199E-08
0.0000E+00 0.0000E+00 0.0000E+00 0.0000E+00 0.0000E+00 0.0000E+00 0.0000E+00 0.0000E+00 0.0000E+00 2.7774E-11 5.5922E-11 9.7138E-11 2.1925E-10 3.3204E-10 5.0497E-10 9.8093E-10 1.4178E-09 1.9934E-09 2.7491E-09 3.7297E-09 5.8109E-09 7.7725E-09 9.5993E-09 1.1520E-08 1.3490E-08 1.5456E-08 1.7706E-08 1.9526E-08 2.1297E-08 2.3042E-08 2.4775E-08 2.6506E-08 2.8273E-08 3.0082E-08 3.1947E-08 3.3903E-08 3.5944E-08 3.8071E-08 4.0263E-08 4.2500E-08 4.4740E-08 4.6937E-08 4.9028E-08 5.0984E-08 5.2676E-08 5.4067E-08 5.5130E-08 5.5903E-08 5.6288E-08 5.6271E-08 5.5795E-08 5.4971E-08 5.3808E-08 5.2349E-08 5.0641E-08 4.8754E-08 4.6727E-08
0.0000E+00 0.0000E+00 0.0000E+00 0.0000E+00 0.0000E+00 0.0000E+00 0.0000E+00 0.0000E+00 0.0000E+00 3.1139E-11 9.1357E-11 1.5475E-10 2.4827E-10 5.0783E-10 7.7510E-10 1.1505E-09 1.6648E-09 2.3446E-09 3.2347E-09 4.3824E-09 6.8251E-09 9.2415E-09 1.1496E-08 1.3683E-08 1.6651E-08 1.8747E-08 2.0690E-08 2.2483E-08 2.4159E-08 2.5769E-08 2.7351E-08 2.8905E-08 3.0471E-08 3.2072E-08 3.3711E-08 3.5458E-08 3.7289E-08 3.9219E-08 4.1233E-08 4.3309E-08 4.5414E-08 4.7500E-08 4.9516E-08 5.1368E-08 5.3011E-08 5.4401E-08 5.5494E-08 5.6264E-08 5.6706E-08 5.6749E-08 5.6356E-08 5.5616E-08 5.4532E-08 5.3155E-08 5.1518E-08 4.9698E-08 4.7734E-08
0.0000E+00 0.0000E+00 0.0000E+00 0.0000E+00 0.0000E+00 0.0000E+00 0.0000E+00 0.0000E+00 0.0000E+00 5.4741E-11 1.0185E-10 2.3499E-10 3.7845E-10 5.8254E-10 8.8986E-10 1.3225E-09 1.9162E-09 2.7029E-09 3.7312E-09 5.0501E-09 6.6592E-09 1.0841E-08 1.4971E-08 1.7495E-08 1.9881E-08 2.2065E-08 2.3975E-08 2.5664E-08 2.7154E-08 2.8489E-08 2.9829E-08 3.1121E-08 3.2412E-08 3.3731E-08 3.5111E-08 3.6559E-08 3.8136E-08 3.9821E-08 4.1614E-08 4.3489E-08 4.5420E-08 4.7362E-08 4.9249E-08 5.0989E-08 5.2584E-08 5.3960E-08 5.5062E-08 5.5846E-08 5.6342E-08 5.6464E-08 5.6177E-08 5.5527E-08 5.4555E-08 5.3289E-08 5.1760E-08 5.0044E-08 4.8174E-08
0.0000E+00 0.0000E+00 0.0000E+00 0.0000E+00 0.0000E+00 0.0000E+00 0.0000E+00 0.0000E+00 3.6601E-11 8.6353E-11 1.5633E-10 2.6297E-10 4.2361E-10 6.5387E-10 9.9975E-10 1.4877E-09 2.1585E-09 3.0491E-09 4.2118E-09 5.6966E-09 9.2160E-09 1.4760E-08 1.8288E-08 2.1127E-08 2.3651E-08 2.5836E-08 2.7591E-08 2.9031E-08 3.0208E-08 3.1171E-08 3.2114E-08 3.3056E-08 3.4003E-08 3.4979E-08 3.6032E-08 3.7176E-08 3.8434E-08 3.9843E-08 4.1379E-08 4.3027E-08 4.4755E-08 4.6528E-08 4.8247E-08 4.9899E-08 5.1416E-08 5.2762E-08 5.3870E-08 5.4686E-08 5.5260E-08 5.5429E-08 5.5252E-08 5.4722E-08 5.3886E-08 5.2757E-08 5.1369E-08 4.9789E-08 4.8049E-08
0.0000E+00 0.0000E+00 0.0000E+00 0.0000E+00 0.0000E+00 0.0000E+00 0.0000E+00 0.0000E+00 5.6495E-11 9.5007E-11 1.7123E-10 2.8766E-10 4.6354E-10 7.1729E-10 1.0977E-09 1.6355E-09 2.3758E-09 3.3605E-09 5.7445E-09 8.0380E-09 1.0915E-08 1.8131E-08 2.2500E-08 2.5506E-08 2.8044E-08 3.0071E-08 3.1521E-08 3.2522E-08 3.3233E-08 3.3705E-08 3.4098E-08 3.4612E-08 3.5151E-08 3.5741E-08 3.6425E-08 3.7229E-08 3.8158E-08 3.9271E-08 4.0533E-08 4.1936E-08 4.3448E-08 4.5010E-08 4.6582E-08 4.8122E-08 4.9561E-08 5.0869E-08 5.1973E-08 5.2856E-08 5.3441E-08 5.3698E-08 5.3638E-08 5.3244E-08 5.2561E-08 5.1592E-08 5.0380E-08 4.8954E-08 4.7354E-08
0.0000E+00 0.0000E+00 0.0000E+00 0.0000E+00 0.0000E+00 0.0000E+00 0.0000E+00 0.0000E+00 6.0512E-11 1.0200E-10 1.8312E-10 3.0731E-10 4.9533E-10 7.6812E-10 1.1765E-09 1.7547E-09 2.5453E-09 4.5238E-09 6.5539E-09 9.3610E-09 1.2932E-08 2.2437E-08 2.8317E-08 3.1453E-08 3.3066E-08 3.4755E-08 3.5689E-08 3.6046E-08 3.6094E-08 3.5947E-08 3.5756E-08 3.5686E-08 3.5774E-08 3.5954E-08 3.6256E-08 3.6708E-08 3.7326E-08 3.8115E-08 3.9105E-08 4.0257E-08 4.1539E-08 4.2907E-08 4.4327E-08 4.5747E-08 4.7101E-08 4.8363E-08 4.9468E-08 5.0406E-08 5.1011E-08 5.1350E-08 5.1410E-08 5.1163E-08 5.0641E-08 4.9851E-08 4.8821E-08 4.7580E-08 4.5960E-08
0.0000E+00 0.0000E+00 0.0000E+00 0.0000E+00 0.0000E+00 0.0000E+00 0.0000E+00 0.0000E+00 6.3235E-11 1.0680E-10 1.9107E-10 3.2031E-10 5.1639E-10 8.0215E-10 1.2293E-09 2.1808E-09 3.3217E-09 4.9776E-09 7.4788E-09 1.0908E-08 1.5492E-08 2.8324E-08 3.6722E-08 3.9746E-08 3.8827E-08 3.9709E-08 3.9858E-08 3.9408E-08 3.8616E-08 3.7736E-08 3.6897E-08 3.6192E-08 3.5804E-08 3.5571E-08 3.5503E-08 3.5612E-08 3.5922E-08 3.6419E-08 3.7148E-08 3.8057E-08 3.9121E-08 4.0308E-08 4.1574E-08 4.2875E-08 4.4140E-08 4.5352E-08 4.6473E-08 4.7404E-08 4.8062E-08 4.8490E-08 4.8665E-08 4.8567E-08 4.8212E-08 4.7607E-08 4.6770E-08 4.5729E-08 4.4134E-08
0.0000E+00 0.0000E+00 0.0000E+00 0.0000E+00 0.0000E+00 0.0000E+00 0.0000E+00 0.0000E+00 6.4436E-11 1.0898E-10 1.9438E-10 3.2552E-10 5.1699E-10 9.1640E-10 1.4598E-09 2.2781E-09 3.5120E-09 5.4840E-09 8.4749E-09 1.3069E-08 1.9706E-08 2.8123E-08 5.2012E-08 5.3748E-08 4.5478E-08 4.4498E-08 4.3712E-08 4.2277E-08 4.0557E-08 3.8865E-08 3.7376E-08 3.6120E-08 3.5193E-08 3.4579E-08 3.4174E-08 3.3977E-08 3.4008E-08 3.4245E-08 3.4736E-08 3.5427E-08 3.6296E-08 3.7315E-08 3.8435E-08 3.9621E-08 4.0814E-08 4.1981E-08 4.3081E-08 4.3995E-08 4.4711E-08 4.5226E-08 4.5512E-08 4.5556E-08 4.5369E-08 4.4948E-08 4.4309E-08 4.3314E-08 4.1951E-08
0.0000E+00 0.0000E+00 0.0000E+00 0.0000E+00 0.0000E+00 0.0000E+00 0.0000E+00 0.0000E+00 6.3997E-11 1.0834E-10 1.9269E-10 3.4500E-10 5.6381E-10 9.2048E-10 1.4732E-09 2.3137E-09 3.5918E-09 5.9090E-09 9.8056E-09 1.6975E-08 2.8971E-08 4.5385E-08 8.7878E-08 8.2943E-08 5.2344E-08 4.9061E-08 4.6665E-08 4.4204E-08 4.1604E-08 3.9145E-08 3.7063E-08 3.5329E-08 3.3952E-08 3.2991E-08 3.2305E-08 3.1859E-08 3.1653E-08 3.1698E-08 3.1968E-08 3.2476E-08 3.3175E-08 3.4041E-08 3.5031E-08 3.6106E-08 3.7229E-08 3.8342E-08 3.9404E-08 4.0319E-08 4.1083E-08 4.1676E-08 4.2070E-08 4.2244E-08 4.2217E-08 4.1973E-08 4.1517E-08 4.0590E-08 3.9487E-08
0.0000E+00 0.0000E+00 0.0000E+00 0.0000E+00 0.0000E+00 0.0000E+00 0.0000E+00 0.0000E+00 5.2172E-11 1.0489E-10 1.8606E-10 3.3456E-10 5.4808E-10 8.9663E-10 1.4322E-09 2.2700E-09 3.6702E-09 6.2743E-09 1.1793E-08 2.3921E-08 4.8934E-08 9.0989E-08 1.8744E-07 1.5862E-07 5.8654E-08 5.2867E-08 4.8056E-08 4.4761E-08 4.1434E-08 3.8402E-08 3.5854E-08 3.3786E-08 3.2126E-08 3.0858E-08 2.9967E-08 2.9337E-08 2.8958E-08 2.8840E-08 2.8955E-08 2.9312E-08 2.9873E-08 3.0605E-08 3.1483E-08 3.2462E-08 3.3511E-08 3.4565E-08 3.5578E-08 3.6500E-08 3.7298E-08 3.7959E-08 3.8448E-08 3.8741E-08 3.8859E-08 3.8781E-08 3.8420E-08 3.7676E-08 3.6836E-08
