Assets/Resources/2015_m01_d10_1600(utc+0800)_l00_csi_1hr_conc.grd
DSAA
         159         159
     -79.000      79.000
     -79.000      79.000
  0.1357E-09  0.1034E-04
[rows 100 to 124 of 159, columns 57 to 113 of 159]
2.7268E-09 2.8193E-09 2.9133E-09 3.0058E-09 3.1007E-09 3.2007E-09 3.3088E-09 3.4189E-09 3.5296E-09 3.6424E-09 3.7638E-09 3.8802E-09 3.9992E-09 4.1206E-09 4.2436E-09 4.3678E-09 4.4948E-09 4.6226E-09 4.7518E-09 4.8809E-09 5.0097E-09 5.1401E-09 5.2698E-09 5.4002E-09 5.5300E-09 5.6595E-09 5.7885E-09 5.9173E-09 6.0458E-09 6.1739E-09 6.3026E-09 6.4300E-09 6.5587E-09 6.6868E-09 6.8151E-09 6.9434E-09 7.0762E-09 7.2834E-09 7.8693E-09 9.4291E-09 1.0880E-08 1.2188E-08 1.3035E-08 1.2448E-08 1.2981E-08 1.2917E-08 1.3914E-08 1.5367E-08 1.6966E-08 1.8637E-08 2.0395E-08 2.2143E-08 2.3862E-08 2.5547E-08 2.7203E-08 2.8774E-08 3.0281E-08
2.7398E-09 2.8325E-09 2.9267E-09 3.0194E-09 3.1145E-09 3.2121E-09 3.3216E-09 3.4330E-09 3.5426E-09 3.6566E-09 3.7754E-09 3.8946E-09 4.0137E-09 4.1349E-09 4.2577E-09 4.3816E-09 4.5075E-09 4.6354E-09 4.7633E-09 4.8925E-09 5.0206E-09 5.1495E-09 5.2791E-09 5.4086E-09 5.5375E-09 5.6658E-09 5.7938E-09 5.9215E-09 6.0493E-09 6.1763E-09 6.3032E-09 6.4300E-09 6.5569E-09 6.6845E-09 6.8115E-09 6.9386E-09 7.0700E-09 7.2051E-09 7.3967E-09 7.9605E-09 9.0947E-09 1.0232E-08 1.1064E-08 1.0887E-08 1.0910E-08 1.1692E-08 1.2619E-08 1.3927E-08 1.5388E-08 1.6986E-08 1.8686E-08 2.0427E-08 2.2206E-08 2.3978E-08 2.5753E-08 2.7478E-08 2.9180E-08
2.7517E-09 2.8424E-09 2.9389E-09 3.0318E-09 3.1271E-09 3.2249E-09 3.3319E-09 3.4433E-09 3.5554E-09 3.6666E-09 3.7882E-09 3.9074E-09 4.0264E-09 4.1475E-09 4.2700E-09 4.3934E-09 4.5189E-09 4.6461E-09 4.7735E-09 4.9018E-09 5.0291E-09 5.1573E-09 5.2861E-09 5.4146E-09 5.5424E-09 5.6695E-09 5.7964E-09 5.9228E-09 6.0494E-09 6.1752E-09 6.3009E-09 6.4271E-09 6.5526E-09 6.6782E-09 6.8046E-09 6.9302E-09 7.0641E-09 7.1980E-09 7.3255E-09 7.5152E-09 7.8424E-09 8.7087E-09 9.6038E-09 9.9053E-09 1.0069E-08 1.0844E-08 1.1682E-08 1.2837E-08 1.4162E-08 1.5652E-08 1.7276E-08 1.8978E-08 2.0746E-08 2.2563E-08 2.4399E-08 2.6255E-08 2.8091E-08
2.7619E-09 2.8535E-09 2.9500E-09 3.0431E-09 3.1385E-09 3.2364E-09 3.3421E-09 3.4547E-09 3.5656E-09 3.6779E-09 3.7994E-09 3.9185E-09 4.0375E-09 4.1583E-09 4.2804E-09 4.4034E-09 4.5282E-09 4.6542E-09 4.7815E-09 4.9077E-09 5.0355E-09 5.1628E-09 5.2906E-09 5.4176E-09 5.5447E-09 5.6707E-09 5.7963E-09 5.9220E-09 6.0467E-09 6.1719E-09 6.2962E-09 6.4205E-09 6.5454E-09 6.6696E-09 6.7939E-09 6.9231E-09 7.0554E-09 7.1836E-09 7.3087E-09 7.4449E-09 7.6547E-09 7.9147E-09 8.7675E-09 9.2157E-09 9.4701E-09 1.0131E-08 1.0990E-08 1.2015E-08 1.3226E-08 1.4608E-08 1.6123E-08 1.7756E-08 1.9477E-08 2.1305E-08 2.3179E-08 2.5107E-08 2.7050E-08
2.7719E-09 2.8606E-09 2.9580E-09 3.0531E-09 3.1487E-09 3.2466E-09 3.3523E-09 3.4648E-09 3.5755E-09 3.6878E-09 3.8064E-09 3.9281E-09 4.0469E-09 4.1674E-09 4.2891E-09 4.4115E-09 4.5350E-09 4.6609E-09 4.7861E-09 4.9129E-09 5.0390E-09 5.1661E-09 5.2923E-09 5.4187E-09 5.5445E-09 5.6693E-09 5.7942E-09 5.9180E-09 6.0414E-09 6.1652E-09 6.2888E-09 6.4116E-09 6.5345E-09 6.6580E-09 6.7807E-09 6.9078E-09 7.0390E-09 7.1659E-09 7.2897E-09 7.4212E-09 7.5813E-09 7.8303E-09 8.1420E-09 8.5920E-09 9.0893E-09 9.6634E-09 1.0441E-08 1.1397E-08 1.2493E-08 1.3771E-08 1.5171E-08 1.6728E-08 1.8404E-08 2.0204E-08 2.2079E-08 2.4039E-08 2.6075E-08
2.7801E-09 2.8696E-09 2.9670E-09 3.0621E-09 3.1576E-09 3.2556E-09 3.3586E-09 3.4722E-09 3.5827E-09 3.6963E-09 3.8146E-09 3.9361E-09 4.0547E-09 4.1748E-09 4.2959E-09 4.4177E-09 4.5405E-09 4.6645E-09 4.7901E-09 4.9158E-09 5.0411E-09 5.1671E-09 5.2923E-09 5.4175E-09 5.5420E-09 5.6654E-09 5.7891E-09 5.9114E-09 6.0334E-09 6.1558E-09 6.2780E-09 6.4000E-09 6.5214E-09 6.6427E-09 6.7646E-09 6.8943E-09 7.0233E-09 7.1450E-09 7.2674E-09 7.4012E-09 7.5632E-09 7.7575E-09 8.0545E-09 8.4176E-09 8.8298E-09 9.3657E-09 1.0037E-08 1.0889E-08 1.1925E-08 1.3084E-08 1.4391E-08 1.5860E-08 1.7467E-08 1.9220E-08 2.1075E-08 2.3075E-08 2.5188E-08
2.7880E-09 2.8768E-09 2.9727E-09 3.0698E-09 3.1654E-09 3.2633E-09 3.3662E-09 3.4771E-09 3.5898E-09 3.7020E-09 3.8186E-09 3.9426E-09 4.0608E-09 4.1804E-09 4.3010E-09 4.4221E-09 4.5435E-09 4.6673E-09 4.7920E-09 4.9161E-09 5.0410E-09 5.1653E-09 5.2901E-09 5.4134E-09 5.5365E-09 5.6592E-09 5.7814E-09 5.9023E-09 6.0229E-09 6.1438E-09 6.2645E-09 6.3851E-09 6.5055E-09 6.6259E-09 6.7448E-09 6.8731E-09 7.0009E-09 7.1210E-09 7.2469E-09 7.3856E-09 7.5315E-09 7.7192E-09 7.9343E-09 8.3138E-09 8.7016E-09 9.1542E-09 9.7412E-09 1.0518E-08 1.1459E-08 1.2530E-08 1.3751E-08 1.5125E-08 1.6660E-08 1.8353E-08 2.0182E-08 2.2196E-08 2.4336E-08
2.7949E-09 2.8837E-09 2.9794E-09 3.0764E-09 3.1719E-09 3.2697E-09 3.3699E-09 3.4818E-09 3.5943E-09 3.7075E-09 3.8239E-09 3.9448E-09 4.0652E-09 4.1843E-09 4.3042E-09 4.4246E-09 4.5453E-09 4.6676E-09 4.7913E-09 4.9151E-09 5.0383E-09 5.1621E-09 5.2856E-09 5.4075E-09 5.5293E-09 5.6506E-09 5.7706E-09 5.8907E-09 6.0098E-09 6.1293E-09 6.2484E-09 6.3674E-09 6.4863E-09 6.6050E-09 6.7279E-09 6.8537E-09 6.9755E-09 7.0940E-09 7.2186E-09 7.3564E-09 7.5073E-09 7.6852E-09 7.8804E-09 8.2326E-09 8.6105E-09 9.0312E-09 9.5507E-09 1.0236E-08 1.1072E-08 1.2051E-08 1.3188E-08 1.4485E-08 1.5940E-08 1.7558E-08 1.9365E-08 2.1375E-08 2.3502E-08
2.8008E-09 2.8888E-09 2.9829E-09 3.0818E-09 3.1772E-09 3.2749E-09 3.3750E-09 3.4827E-09 3.5975E-09 3.7104E-09 3.8250E-09 3.9482E-09 4.0681E-09 4.1866E-09 4.3058E-09 4.4254E-09 4.5453E-09 4.6660E-09 4.7887E-09 4.9114E-09 5.0342E-09 5.1568E-09 5.2777E-09 5.3994E-09 5.5198E-09 5.6397E-09 5.7582E-09 5.8768E-09 5.9944E-09 6.1123E-09 6.2298E-09 6.3472E-09 6.4645E-09 6.5815E-09 6.7026E-09 6.8270E-09 6.9472E-09 7.0642E-09 7.1874E-09 7.3306E-09 7.4783E-09 7.6471E-09 7.8370E-09 8.1447E-09 8.5025E-09 8.9109E-09 9.4193E-09 1.0027E-08 1.0758E-08 1.1653E-08 1.2704E-08 1.3920E-08 1.5296E-08 1.6845E-08 1.8627E-08 2.0591E-08 2.2668E-08
2.8049E-09 2.8929E-09 2.9846E-09 3.0841E-09 3.1813E-09 3.2789E-09 3.3787E-09 3.4861E-09 3.6006E-09 3.7119E-09 3.8275E-09 3.9474E-09 4.0694E-09 4.1872E-09 4.3057E-09 4.4244E-09 4.5436E-09 4.6633E-09 4.7848E-09 4.9065E-09 5.0268E-09 5.1482E-09 5.2690E-09 5.3887E-09 5.5076E-09 5.6260E-09 5.7435E-09 5.8606E-09 5.9767E-09 6.0929E-09 6.2089E-09 6.3246E-09 6.4401E-09 6.5553E-09 6.6746E-09 6.7977E-09 6.9163E-09 7.0317E-09 7.1582E-09 7.3023E-09 7.4437E-09 7.6042E-09 7.7968E-09 8.0173E-09 8.4059E-09 8.8031E-09 9.2823E-09 9.8579E-09 1.0521E-08 1.1312E-08 1.2286E-08 1.3421E-08 1.4721E-08 1.6222E-08 1.7959E-08 1.9843E-08 2.1866E-08
2.8088E-09 2.8966E-09 2.9881E-09 3.0851E-09 3.1842E-09 3.2816E-09 3.3812E-09 3.4858E-09 3.6010E-09 3.7121E-09 3.8285E-09 3.9451E-09 4.0691E-09 4.1862E-09 4.3039E-09 4.4218E-09 4.5400E-09 4.6581E-09 4.7779E-09 4.8984E-09 5.0187E-09 5.1389E-09 5.2576E-09 5.3759E-09 5.4933E-09 5.6106E-09 5.7267E-09 5.8416E-09 5.9567E-09 6.0713E-09 6.1869E-09 6.3009E-09 6.4147E-09 6.5281E-09 6.6492E-09 6.7698E-09 6.8827E-09 6.9965E-09 7.1280E-09 7.2711E-09 7.4061E-09 7.5568E-09 7.7468E-09 7.9578E-09 8.3163E-09 8.6832E-09 9.1511E-09 9.6875E-09 1.0306E-08 1.1042E-08 1.1915E-08 1.2964E-08 1.4188E-08 1.5642E-08 1.7295E-08 1.9090E-08 2.1056E-08
2.8110E-09 2.8992E-09 2.9898E-09 3.0872E-09 3.1860E-09 3.2831E-09 3.3824E-09 3.4842E-09 3.5978E-09 3.7122E-09 3.8270E-09 3.9413E-09 4.0673E-09 4.1837E-09 4.3004E-09 4.4175E-09 4.5347E-09 4.6518E-09 4.7698E-09 4.8892E-09 5.0082E-09 5.1270E-09 5.2448E-09 5.3616E-09 5.4776E-09 5.5927E-09 5.7071E-09 5.8211E-09 5.9345E-09 6.0474E-09 6.1613E-09 6.2736E-09 6.3856E-09 6.4970E-09 6.6165E-09 6.7355E-09 6.8468E-09 6.9637E-09 7.0937E-09 7.2331E-09 7.3689E-09 7.5087E-09 7.6927E-09 7.9005E-09 8.2271E-09 8.5854E-09 9.0236E-09 9.5158E-09 1.0094E-08 1.0784E-08 1.1601E-08 1.2557E-08 1.3705E-08 1.5102E-08 1.6661E-08 1.8367E-08 2.0258E-08
2.8121E-09 2.9008E-09 2.9905E-09 3.0861E-09 3.1866E-09 3.2834E-09 3.3824E-09 3.4839E-09 3.5933E-09 3.7099E-09 3.8241E-09 3.9391E-09 4.0614E-09 4.1795E-09 4.2954E-09 4.4116E-09 4.5278E-09 4.6438E-09 4.7601E-09 4.8781E-09 4.9959E-09 5.1132E-09 5.2295E-09 5.3449E-09 5.4599E-09 5.5733E-09 5.6862E-09 5.7985E-09 5.9102E-09 6.0215E-09 6.1336E-09 6.2442E-09 6.3542E-09 6.4637E-09 6.5815E-09 6.6989E-09 6.8085E-09 6.9238E-09 7.0527E-09 7.1914E-09 7.3263E-09 7.4603E-09 7.6249E-09 7.8380E-09 8.0791E-09 8.4816E-09 8.8847E-09 9.3472E-09 9.8861E-09 1.0529E-08 1.1289E-08 1.2187E-08 1.3277E-08 1.4590E-08 1.6058E-08 1.7679E-08 1.9494E-08
2.8123E-09 2.9014E-09 2.9900E-09 3.0831E-09 3.1839E-09 3.2825E-09 3.3812E-09 3.4824E-09 3.5889E-09 3.7062E-09 3.8199E-09 3.9354E-09 4.0540E-09 4.1738E-09 4.2888E-09 4.4040E-09 4.5192E-09 4.6341E-09 4.7486E-09 4.8648E-09 4.9819E-09 5.0983E-09 5.2123E-09 5.3262E-09 5.4391E-09 5.5521E-09 5.6633E-09 5.7740E-09 5.8840E-09 5.9935E-09 6.1039E-09 6.2126E-09 6.3208E-09 6.4332E-09 6.5492E-09 6.6601E-09 6.7680E-09 6.8817E-09 7.0156E-09 7.1530E-09 7.2813E-09 7.4123E-09 7.5607E-09 7.7571E-09 7.9985E-09 8.3889E-09 8.7542E-09 9.1818E-09 9.6816E-09 1.0280E-08 1.0990E-08 1.1831E-08 1.2878E-08 1.4097E-08 1.5452E-08 1.6992E-08 1.8723E-08
2.8121E-09 2.9002E-09 2.9893E-09 3.0813E-09 3.1802E-09 3.2804E-09 3.3788E-09 3.4798E-09 3.5833E-09 3.7013E-09 3.8143E-09 3.9291E-09 4.0452E-09 4.1667E-09 4.2807E-09 4.3949E-09 4.5090E-09 4.6228E-09 4.7362E-09 4.8504E-09 4.9661E-09 5.0802E-09 5.1934E-09 5.3058E-09 5.4176E-09 5.5278E-09 5.6380E-09 5.7476E-09 5.8559E-09 5.9636E-09 6.0722E-09 6.1790E-09 6.2852E-09 6.3958E-09 6.5100E-09 6.6192E-09 6.7253E-09 6.8373E-09 6.9717E-09 7.1081E-09 7.2338E-09 7.3637E-09 7.5015E-09 7.6692E-09 7.9221E-09 8.2882E-09 8.6328E-09 9.0239E-09 9.4867E-09 1.0040E-08 1.0694E-08 1.1492E-08 1.2488E-08 1.3619E-08 1.4886E-08 1.6329E-08 1.7967E-08
2.8110E-09 2.8981E-09 2.9875E-09 3.0784E-09 3.1754E-09 3.2771E-09 3.3753E-09 3.4760E-09 3.5792E-09 3.6928E-09 3.8088E-09 3.9215E-09 4.0351E-09 4.1554E-09 4.2711E-09 4.3843E-09 4.4973E-09 4.6099E-09 4.7222E-09 4.8345E-09 4.9480E-09 5.0612E-09 5.1728E-09 5.2836E-09 5.3932E-09 5.5030E-09 5.6109E-09 5.7187E-09 5.8253E-09 5.9319E-09 6.0380E-09 6.1435E-09 6.2477E-09 6.3571E-09 6.4690E-09 6.5765E-09 6.6808E-09 6.7958E-09 6.9288E-09 7.0599E-09 7.1858E-09 7.3157E-09 7.4478E-09 7.5950E-09 7.8134E-09 8.1168E-09 8.5099E-09 8.8698E-09 9.2998E-09 9.8095E-09 1.0412E-08 1.1167E-08 1.2103E-08 1.3152E-08 1.4330E-08 1.5682E-08 1.7225E-08
2.8090E-09 2.8950E-09 2.9846E-09 3.0745E-09 3.1695E-09 3.2707E-09 3.3706E-09 3.4710E-09 3.5740E-09 3.6844E-09 3.8008E-09 3.9126E-09 4.0264E-09 4.1428E-09 4.2602E-09 4.3722E-09 4.4841E-09 4.5956E-09 4.7066E-09 4.8170E-09 4.9290E-09 5.0405E-09 5.1506E-09 5.2598E-09 5.3678E-09 5.4753E-09 5.5827E-09 5.6882E-09 5.7930E-09 5.8984E-09 6.0027E-09 6.1062E-09 6.2090E-09 6.3160E-09 6.4261E-09 6.5319E-09 6.6343E-09 6.7478E-09 6.8798E-09 7.0097E-09 7.1342E-09 7.2626E-09 7.3929E-09 7.5280E-09 7.7123E-09 7.9860E-09 8.3843E-09 8.7233E-09 9.1211E-09 9.5883E-09 1.0144E-08 1.0860E-08 1.1727E-08 1.2699E-08 1.3794E-08 1.5060E-08 1.6504E-08
2.8060E-09 2.8909E-09 2.9801E-09 3.0702E-09 3.1634E-09 3.2633E-09 3.3648E-09 3.4649E-09 3.5676E-09 3.6722E-09 3.7903E-09 3.9023E-09 4.0152E-09 4.1260E-09 4.2478E-09 4.3587E-09 4.4694E-09 4.5797E-09 4.6895E-09 4.7986E-09 4.9078E-09 5.0177E-09 5.1262E-09 5.2337E-09 5.3407E-09 5.4472E-09 5.5518E-09 5.6561E-09 5.7597E-09 5.8620E-09 5.9649E-09 6.0673E-09 6.1680E-09 6.2731E-09 6.3814E-09 6.4855E-09 6.5861E-09 6.7044E-09 6.8347E-09 6.9574E-09 7.0805E-09 7.2072E-09 7.3358E-09 7.4690E-09 7.6359E-09 7.8664E-09 8.2174E-09 8.5770E-09 8.9472E-09 9.3780E-09 9.8890E-09 1.0566E-08 1.1367E-08 1.2267E-08 1.3281E-08 1.4454E-08 1.5804E-08
2.8006E-09 2.8865E-09 2.9746E-09 3.0650E-09 3.1569E-09 3.2549E-09 3.3581E-09 3.4578E-09 3.5601E-09 3.6642E-09 3.7774E-09 3.8922E-09 4.0027E-09 4.1138E-09 4.2314E-09 4.3438E-09 4.4533E-09 4.5625E-09 4.6710E-09 4.7787E-09 4.8850E-09 4.9934E-09 5.1009E-09 5.2067E-09 5.3116E-09 5.4165E-09 5.5205E-09 5.6224E-09 5.7242E-09 5.8254E-09 5.9263E-09 6.0266E-09 6.1254E-09 6.2287E-09 6.3392E-09 6.4375E-09 6.5363E-09 6.6530E-09 6.7821E-09 6.9034E-09 7.0250E-09 7.1498E-09 7.2765E-09 7.4077E-09 7.5735E-09 7.7573E-09 8.0021E-09 8.4074E-09 8.7771E-09 9.1761E-09 9.6435E-09 1.0284E-08 1.1021E-08 1.1850E-08 1.2784E-08 1.3872E-08 1.5129E-08
2.7951E-09 2.8812E-09 2.9674E-09 3.0587E-09 3.1494E-09 3.2455E-09 3.3482E-09 3.4497E-09 3.5515E-09 3.6550E-09 3.7622E-09 3.8784E-09 3.9878E-09 4.1003E-09 4.2109E-09 4.3276E-09 4.4359E-09 4.5439E-09 4.6512E-09 4.7575E-09 4.8622E-09 4.9678E-09 5.0736E-09 5.1784E-09 5.2816E-09 5.3844E-09 5.4865E-09 5.5879E-09 5.6873E-09 5.7872E-09 5.8856E-09 5.9837E-09 6.0813E-09 6.1828E-09 6.2916E-09 6.3880E-09 6.4851E-09 6.6004E-09 6.7281E-09 6.8479E-09 6.9677E-09 7.0906E-09 7.2152E-09 7.3529E-09 7.5166E-09 7.6836E-09 7.8670E-09 8.2014E-09 8.6106E-09 8.9836E-09 9.4147E-09 1.0024E-08 1.0695E-08 1.1460E-08 1.2326E-08 1.3330E-08 1.4490E-08
2.7887E-09 2.8750E-09 2.9607E-09 3.0508E-09 3.1417E-09 3.2360E-09 3.3374E-09 3.4405E-09 3.5418E-09 3.6447E-09 3.7485E-09 3.8646E-09 3.9742E-09 4.0831E-09 4.1921E-09 4.3100E-09 4.4172E-09 4.5239E-09 4.6299E-09 4.7348E-09 4.8381E-09 4.9408E-09 5.0450E-09 5.1481E-09 5.2496E-09 5.3514E-09 5.4513E-09 5.5509E-09 5.6497E-09 5.7464E-09 5.8435E-09 5.9402E-09 6.0352E-09 6.1397E-09 6.2425E-09 6.3372E-09 6.4327E-09 6.5463E-09 6.6725E-09 6.7921E-09 6.9086E-09 7.0295E-09 7.1519E-09 7.2876E-09 7.4497E-09 7.6152E-09 7.7701E-09 8.0226E-09 8.3791E-09 8.7962E-09 9.1917E-09 9.7672E-09 1.0385E-08 1.1089E-08 1.1881E-08 1.2805E-08 1.3878E-08
2.7821E-09 2.8665E-09 2.9531E-09 3.0413E-09 3.1332E-09 3.2255E-09 3.3235E-09 3.4304E-09 3.5311E-09 3.6333E-09 3.7362E-09 3.8448E-09 3.9582E-09 4.0646E-09 4.1750E-09 4.2860E-09 4.3973E-09 4.5027E-09 4.6074E-09 4.7107E-09 4.8126E-09 4.9132E-09 5.0151E-09 5.1165E-09 5.2170E-09 5.3166E-09 5.4148E-09 5.5125E-09 5.6095E-09 5.7055E-09 5.8000E-09 5.8946E-09 5.9885E-09 6.0869E-09 6.1922E-09 6.2850E-09 6.3788E-09 6.4909E-09 6.6155E-09 6.7334E-09 6.8479E-09 6.9667E-09 7.0868E-09 7.2204E-09 7.3807E-09 7.5443E-09 7.6973E-09 7.8560E-09 8.1599E-09 8.5588E-09 8.9844E-09 9.5263E-09 1.0100E-08 1.0749E-08 1.1476E-08 1.2327E-08 1.3313E-08
2.7747E-09 2.8578E-09 2.9446E-09 3.0315E-09 3.1236E-09 3.2156E-09 3.3126E-09 3.4152E-09 3.5194E-09 3.6208E-09 3.7229E-09 3.8252E-09 3.9399E-09 4.0477E-09 4.1555E-09 4.2607E-09 4.3761E-09 4.4803E-09 4.5835E-09 4.6853E-09 4.7859E-09 4.8851E-09 4.9834E-09 5.0838E-09 5.1826E-09 5.2804E-09 5.3770E-09 5.4730E-09 5.5681E-09 5.6623E-09 5.7559E-09 5.8480E-09 5.9406E-09 6.0366E-09 6.1407E-09 6.2318E-09 6.3240E-09 6.4344E-09 6.5573E-09 6.6734E-09 6.7858E-09 6.9023E-09 7.0201E-09 7.1514E-09 7.3096E-09 7.4711E-09 7.6220E-09 7.7768E-09 7.9832E-09 8.3131E-09 8.7530E-09 9.2909E-09 9.8200E-09 1.0421E-08 1.1088E-08 1.1867E-08 1.2774E-08
2.7659E-09 2.8483E-09 2.9346E-09 3.0216E-09 3.1118E-09 3.2048E-09 3.2999E-09 3.3990E-09 3.5067E-09 3.6073E-09 3.7084E-09 3.8098E-09 3.9194E-09 4.0296E-09 4.1336E-09 4.2401E-09 4.3511E-09 4.4567E-09 4.5585E-09 4.6588E-09 4.7580E-09 4.8557E-09 4.9518E-09 5.0493E-09 5.1471E-09 5.2432E-09 5.3388E-09 5.4324E-09 5.5263E-09 5.6178E-09 5.7087E-09 5.8003E-09 5.8910E-09 5.9859E-09 6.0881E-09 6.1776E-09 6.2681E-09 6.3769E-09 6.4979E-09 6.6120E-09 6.7222E-09 6.8364E-09 6.9518E-09 7.0807E-09 7.2366E-09 7.3958E-09 7.5443E-09 7.6967E-09 7.8701E-09 8.1073E-09 8.4675E-09 9.0452E-09 9.5640E-09 1.0119E-08 1.0733E-08 1.1448E-08 1.2279E-08
2.7558E-09 2.8387E-09 2.9237E-09 3.0109E-09 3.0992E-09 3.1932E-09 3.2872E-09 3.3863E-09 3.4910E-09 3.5927E-09 3.6929E-09 3.7934E-09 3.8966E-09 4.0080E-09 4.1120E-09 4.2184E-09 4.3196E-09 4.4319E-09 4.5323E-09 4.6312E-09 4.7289E-09 4.8251E-09 4.9198E-09 5.0138E-09 5.1099E-09 5.2049E-09 5.2983E-09 5.3908E-09 5.4827E-09 5.5736E-09 5.6619E-09 5.7516E-09 5.8404E-09 5.9341E-09 6.0345E-09 6.1223E-09 6.2113E-09 6.3183E-09 6.4375E-09 6.5480E-09 6.6574E-09 6.7691E-09 6.8821E-09 7.0085E-09 7.1618E-09 7.3184E-09 7.4643E-09 7.6142E-09 7.7724E-09 7.9587E-09 8.2340E-09 8.7620E-09 9.3027E-09 9.8245E-09 1.0397E-08 1.1051E-08 1.1813E-08
