Assets/Resources/2015_m01_d25_0900(utc+0800)_l00_csi_1hr_conc.grd
DSAA
         159         159
     -79.000      79.000
     -79.000      79.000
  0.0000E+00  0.5231E-05
[rows 0 to 24 of 159, columns 57 to 113 of 159]
0.0000E+00 3.5268E-12 1.7539E-11 5.9747E-11 1.1030E-10 1.8638E-10 2.9364E-10 4.5726E-10 6.4942E-10 8.9292E-10 1.2002E-09 1.5876E-09 2.0595E-09 2.6275E-09 3.3051E-09 4.0959E-09 4.9989E-09 6.0128E-09 7.1297E-09 8.3285E-09 9.5888E-09 1.0881E-08 1.2167E-08 1.3410E-08 1.4567E-08 1.5595E-08 1.6455E-08 1.7117E-08 1.7550E-08 1.7740E-08 1.7677E-08 1.7366E-08 1.6821E-08 1.6061E-08 1.5121E-08 1.4036E-08 1.2848E-08 1.1594E-08 1.0316E-08 9.0493E-09 7.8258E-09 6.6720E-09 5.6065E-09 4.6441E-09 3.7900E-09 3.0454E-09 2.4076E-09 1.8727E-09 1.4305E-09 1.0727E-09 7.8331E-10 5.5692E-10 3.7747E-10 2.3907E-10 1.3622E-10 7.0956E-11 2.7208E-11
0.0000E+00 3.0144E-12 1.6963E-11 5.6947E-11 1.0876E-10 1.8651E-10 2.9266E-10 4.6659E-10 6.6503E-10 9.1649E-10 1.2315E-09 1.6338E-09 2.1288E-09 2.7275E-09 3.4364E-09 4.2670E-09 5.2217E-09 6.2977E-09 7.4816E-09 8.7591E-09 1.0108E-08 1.1490E-08 1.2874E-08 1.4215E-08 1.5465E-08 1.6584E-08 1.7525E-08 1.8251E-08 1.8732E-08 1.8952E-08 1.8898E-08 1.8579E-08 1.8005E-08 1.7202E-08 1.6200E-08 1.5042E-08 1.3766E-08 1.2421E-08 1.1047E-08 9.6834E-09 8.3658E-09 7.1212E-09 5.9736E-09 4.9358E-09 4.0177E-09 3.2194E-09 2.5388E-09 1.9688E-09 1.4979E-09 1.1172E-09 8.1113E-10 5.7189E-10 3.8434E-10 2.3626E-10 1.3544E-10 6.8910E-11 2.4878E-11
0.0000E+00 2.3749E-12 1.6134E-11 5.3516E-11 1.0519E-10 1.8177E-10 2.8901E-10 4.6792E-10 6.7252E-10 9.2614E-10 1.2535E-09 1.6679E-09 2.1784E-09 2.7964E-09 3.5366E-09 4.4031E-09 5.4017E-09 6.5283E-09 7.7751E-09 9.1253E-09 1.0550E-08 1.2022E-08 1.3497E-08 1.4931E-08 1.6277E-08 1.7482E-08 1.8504E-08 1.9300E-08 1.9840E-08 2.0099E-08 2.0069E-08 1.9747E-08 1.9153E-08 1.8308E-08 1.7248E-08 1.6014E-08 1.4653E-08 1.3215E-08 1.1744E-08 1.0285E-08 8.8752E-09 7.5448E-09 6.3183E-09 5.2100E-09 4.2304E-09 3.3802E-09 2.6568E-09 2.0518E-09 1.5552E-09 1.1521E-09 8.3045E-10 5.8002E-10 3.8211E-10 2.3131E-10 1.3380E-10 6.5555E-11 2.1721E-11
0.0000E+00 1.6555E-12 1.5339E-11 4.7622E-11 9.8516E-11 1.7526E-10 2.8155E-10 4.6296E-10 6.7046E-10 9.2899E-10 1.2577E-09 1.6782E-09 2.2045E-09 2.8422E-09 3.6025E-09 4.4949E-09 5.5318E-09 6.7033E-09 8.0037E-09 9.4143E-09 1.0914E-08 1.2463E-08 1.4023E-08 1.5546E-08 1.6979E-08 1.8272E-08 1.9377E-08 2.0247E-08 2.0847E-08 2.1147E-08 2.1141E-08 2.0824E-08 2.0217E-08 1.9340E-08 1.8232E-08 1.6935E-08 1.5501E-08 1.3978E-08 1.2417E-08 1.0865E-08 9.3627E-09 7.9463E-09 6.6397E-09 5.4624E-09 4.4228E-09 3.5245E-09 2.7606E-09 2.1219E-09 1.6012E-09 1.1794E-09 8.4389E-10 5.8273E-10 3.7620E-10 2.2906E-10 1.2974E-10 6.1785E-11 1.8705E-11
0.0000E+00 8.9871E-13 1.4534E-11 4.0912E-11 9.1376E-11 1.6390E-10 2.6984E-10 4.4953E-10 6.5839E-10 9.1763E-10 1.2501E-09 1.6754E-09 2.2079E-09 2.8522E-09 3.6320E-09 4.5495E-09 5.6115E-09 6.8159E-09 8.1631E-09 9.6310E-09 1.1191E-08 1.2811E-08 1.4449E-08 1.6054E-08 1.7572E-08 1.8952E-08 2.0135E-08 2.1078E-08 2.1737E-08 2.2091E-08 2.2117E-08 2.1818E-08 2.1204E-08 2.0304E-08 1.9153E-08 1.7798E-08 1.6292E-08 1.4687E-08 1.3042E-08 1.1404E-08 9.8169E-09 8.3196E-09 6.9384E-09 5.6946E-09 4.5966E-09 3.6504E-09 2.8492E-09 2.1817E-09 1.6369E-09 1.1974E-09 8.5088E-10 5.7700E-10 3.7139E-10 2.2419E-10 1.2492E-10 5.6436E-11 1.6391E-11
0.0000E+00 1.4270E-13 1.0390E-11 3.5017E-11 7.9852E-11 1.5022E-10 2.5377E-10 4.3068E-10 6.4090E-10 8.9713E-10 1.2263E-09 1.6494E-09 2.1842E-09 2.8403E-09 3.6267E-09 4.5531E-09 5.6351E-09 6.8688E-09 8.2524E-09 9.7618E-09 1.1377E-08 1.3058E-08 1.4768E-08 1.6451E-08 1.8055E-08 1.9518E-08 2.0786E-08 2.1809E-08 2.2542E-08 2.2954E-08 2.3020E-08 2.2745E-08 2.2134E-08 2.1217E-08 2.0031E-08 1.8625E-08 1.7052E-08 1.5371E-08 1.3641E-08 1.1914E-08 1.0243E-08 8.6638E-09 7.2109E-09 5.9025E-09 4.7512E-09 3.7579E-09 2.9209E-09 2.2258E-09 1.6601E-09 1.2053E-09 8.4792E-10 5.7142E-10 3.6213E-10 2.1669E-10 1.1803E-10 5.0718E-11 1.4513E-11
0.0000E+00 0.0000E+00 6.3153E-12 2.7434E-11 6.9440E-11 1.3545E-10 2.3436E-10 4.0561E-10 6.1315E-10 8.6563E-10 1.1924E-09 1.6105E-09 2.1411E-09 2.7914E-09 3.5804E-09 4.5184E-09 5.6080E-09 6.8548E-09 8.2668E-09 9.8134E-09 1.1470E-08 1.3207E-08 1.4980E-08 1.6736E-08 1.8418E-08 1.9967E-08 2.1322E-08 2.2424E-08 2.3228E-08 2.3700E-08 2.3820E-08 2.3575E-08 2.2980E-08 2.2054E-08 2.0842E-08 1.9392E-08 1.7759E-08 1.6008E-08 1.4198E-08 1.2391E-08 1.0638E-08 8.9811E-09 7.4559E-09 6.0838E-09 4.8805E-09 3.8463E-09 2.9762E-09 2.2545E-09 1.6698E-09 1.2031E-09 8.3700E-10 5.5742E-10 3.4882E-10 2.0580E-10 1.0631E-10 4.2240E-11 1.0018E-11
0.0000E+00 0.0000E+00 2.9769E-12 2.1543E-11 5.6316E-11 1.1886E-10 2.1371E-10 3.7591E-10 5.7718E-10 8.2680E-10 1.1442E-09 1.5510E-09 2.0732E-09 2.7197E-09 3.5045E-09 4.4343E-09 5.5256E-09 6.7819E-09 8.2111E-09 9.7780E-09 1.1473E-08 1.3254E-08 1.5087E-08 1.6914E-08 1.8675E-08 2.0310E-08 2.1753E-08 2.2948E-08 2.3839E-08 2.4386E-08 2.4564E-08 2.4358E-08 2.3783E-08 2.2855E-08 2.1621E-08 2.0127E-08 1.8437E-08 1.6613E-08 1.4725E-08 1.2836E-08 1.1001E-08 9.2693E-09 7.6747E-09 6.2434E-09 4.9871E-09 3.9124E-09 3.0116E-09 2.2683E-09 1.6663E-09 1.1905E-09 8.2009E-10 5.3923E-10 3.2982E-10 1.8897E-10 9.1957E-11 3.3938E-11 7.4359E-12
0.0000E+00 0.0000E+00 7.7004E-13 1.4667E-11 4.3589E-11 1.0208E-10 1.8988E-10 3.4233E-10 5.3551E-10 7.7630E-10 1.0847E-09 1.4813E-09 1.9858E-09 2.6182E-09 3.3896E-09 4.3148E-09 5.3954E-09 6.6495E-09 8.0852E-09 9.6689E-09 1.1383E-08 1.3209E-08 1.5093E-08 1.6987E-08 1.8823E-08 2.0546E-08 2.2083E-08 2.3369E-08 2.4344E-08 2.4972E-08 2.5216E-08 2.5065E-08 2.4518E-08 2.3601E-08 2.2350E-08 2.0824E-08 1.9081E-08 1.7189E-08 1.5226E-08 1.3254E-08 1.1337E-08 9.5272E-09 7.8630E-09 6.3730E-09 5.0709E-09 3.9584E-09 3.0287E-09 2.2658E-09 1.6520E-09 1.1688E-09 7.9736E-10 5.1451E-10 3.1216E-10 1.7755E-10 8.3276E-11 2.9295E-11 7.5659E-12
0.0000E+00 0.0000E+00 0.0000E+00 7.7768E-12 3.2860E-11 8.3766E-11 1.6608E-10 3.0661E-10 4.8747E-10 7.1866E-10 1.0158E-09 1.3942E-09 1.8791E-09 2.4961E-09 3.2496E-09 4.1526E-09 5.2163E-09 6.4634E-09 7.8940E-09 9.4803E-09 1.1221E-08 1.3074E-08 1.5008E-08 1.6958E-08 1.8877E-08 2.0685E-08 2.2314E-08 2.3702E-08 2.4782E-08 2.5501E-08 2.5823E-08 2.5731E-08 2.5220E-08 2.4317E-08 2.3056E-08 2.1493E-08 1.9694E-08 1.7735E-08 1.5695E-08 1.3641E-08 1.1644E-08 9.7580E-09 8.0259E-09 6.4762E-09 5.1275E-09 3.9816E-09 3.0289E-09 2.2474E-09 1.6258E-09 1.1398E-09 7.6573E-10 4.8609E-10 2.9430E-10 1.6059E-10 7.2078E-11 2.1602E-11 4.5964E-12
0.0000E+00 0.0000E+00 0.0000E+00 3.2920E-12 2.2955E-11 6.6029E-11 1.3874E-10 2.6797E-10 4.3729E-10 6.5496E-10 9.3469E-10 1.2983E-09 1.7622E-09 2.3501E-09 3.0776E-09 3.9617E-09 5.0000E-09 6.2242E-09 7.6443E-09 9.2332E-09 1.0974E-08 1.2858E-08 1.4830E-08 1.6847E-08 1.8837E-08 2.0739E-08 2.2480E-08 2.3973E-08 2.5162E-08 2.5981E-08 2.6393E-08 2.6367E-08 2.5904E-08 2.5015E-08 2.3747E-08 2.2152E-08 2.0299E-08 1.8270E-08 1.6144E-08 1.4003E-08 1.1920E-08 9.9555E-09 8.1589E-09 6.5554E-09 5.1632E-09 3.9851E-09 3.0106E-09 2.2172E-09 1.5870E-09 1.1016E-09 7.2034E-10 4.4718E-10 2.6509E-10 1.3748E-10 5.7652E-11 1.3448E-11 3.3775E-12
0.0000E+00 0.0000E+00 0.0000E+00 0.0000E+00 1.2365E-11 4.7933E-11 1.1157E-10 2.2948E-10 3.8403E-10 5.8542E-10 8.4826E-10 1.1867E-09 1.6295E-09 2.1887E-09 2.8899E-09 3.7397E-09 4.7420E-09 5.9465E-09 7.3444E-09 8.9168E-09 1.0672E-08 1.2568E-08 1.4583E-08 1.6648E-08 1.8722E-08 2.0719E-08 2.2558E-08 2.4172E-08 2.5482E-08 2.6417E-08 2.6926E-08 2.6980E-08 2.6570E-08 2.5706E-08 2.4429E-08 2.2797E-08 2.0883E-08 1.8776E-08 1.6570E-08 1.4342E-08 1.2173E-08 1.0130E-08 8.2628E-09 6.6056E-09 5.1752E-09 3.9699E-09 2.9757E-09 2.1750E-09 1.5437E-09 1.0506E-09 6.7733E-10 4.1859E-10 2.4309E-10 1.2381E-10 5.0213E-11 9.8527E-12 3.8447E-12
0.0000E+00 0.0000E+00 0.0000E+00 0.0000E+00 5.0615E-12 3.2312E-11 8.6750E-11 1.8962E-10 3.3021E-10 5.1405E-10 7.5773E-10 1.0736E-09 1.4871E-09 2.0157E-09 2.6785E-09 3.4949E-09 4.4602E-09 5.6303E-09 6.9956E-09 8.5578E-09 1.0298E-08 1.2216E-08 1.4260E-08 1.6393E-08 1.8538E-08 2.0638E-08 2.2600E-08 2.4343E-08 2.5780E-08 2.6839E-08 2.7455E-08 2.7596E-08 2.7238E-08 2.6399E-08 2.5117E-08 2.3447E-08 2.1473E-08 1.9283E-08 1.6978E-08 1.4654E-08 1.2395E-08 1.0275E-08 8.3422E-09 6.6324E-09 5.1632E-09 3.9352E-09 2.9261E-09 2.1181E-09 1.4925E-09 9.9317E-10 6.3648E-10 3.8793E-10 2.1632E-10 1.0698E-10 4.0608E-11 6.2787E-12 4.2570E-12
0.0000E+00 0.0000E+00 0.0000E+00 0.0000E+00 4.4877E-13 1.6834E-11 6.1377E-11 1.5108E-10 2.7693E-10 4.4182E-10 6.6513E-10 9.5515E-10 1.3329E-09 1.8316E-09 2.4588E-09 3.2343E-09 4.1492E-09 5.2811E-09 6.6158E-09 8.1474E-09 9.8890E-09 1.1807E-08 1.3884E-08 1.6060E-08 1.8298E-08 2.0502E-08 2.2586E-08 2.4462E-08 2.6046E-08 2.7243E-08 2.7982E-08 2.8217E-08 2.7926E-08 2.7112E-08 2.5815E-08 2.4099E-08 2.2050E-08 1.9775E-08 1.7376E-08 1.4951E-08 1.2596E-08 1.0390E-08 8.3911E-09 6.6333E-09 5.1310E-09 3.8814E-09 2.8624E-09 2.0525E-09 1.4229E-09 9.3184E-10 5.8935E-10 3.5329E-10 1.8751E-10 8.9510E-11 3.1684E-11 6.8223E-12 4.6247E-12
0.0000E+00 0.0000E+00 0.0000E+00 0.0000E+00 0.0000E+00 5.7579E-12 3.9164E-11 1.1407E-10 2.2495E-10 3.7134E-10 5.7243E-10 8.3643E-10 1.1829E-09 1.6365E-09 2.2268E-09 2.9588E-09 3.8250E-09 4.9083E-09 6.2000E-09 7.7140E-09 9.4240E-09 1.1354E-08 1.3458E-08 1.5705E-08 1.8016E-08 2.0330E-08 2.2552E-08 2.4582E-08 2.6320E-08 2.7663E-08 2.8533E-08 2.8866E-08 2.8639E-08 2.7850E-08 2.6541E-08 2.4774E-08 2.2645E-08 2.0266E-08 1.7751E-08 1.5219E-08 1.2768E-08 1.0483E-08 8.4146E-09 6.6077E-09 5.0748E-09 3.8106E-09 2.7825E-09 1.9794E-09 1.3308E-09 8.7124E-10 5.4205E-10 3.1861E-10 1.6400E-10 7.5701E-11 2.7460E-11 7.8240E-12 4.9297E-12
0.0000E+00 0.0000E+00 0.0000E+00 0.0000E+00 0.0000E+00 5.9514E-13 1.9472E-11 7.6603E-11 1.7553E-10 3.0284E-10 4.8057E-10 7.1783E-10 1.0308E-09 1.4434E-09 1.9928E-09 2.6773E-09 3.4857E-09 4.5181E-09 5.7752E-09 7.2385E-09 8.9467E-09 1.0871E-08 1.3000E-08 1.5291E-08 1.7705E-08 2.0146E-08 2.2513E-08 2.4704E-08 2.6606E-08 2.8111E-08 2.9122E-08 2.9565E-08 2.9400E-08 2.8630E-08 2.7292E-08 2.5461E-08 2.3239E-08 2.0755E-08 1.8121E-08 1.5469E-08 1.2911E-08 1.0536E-08 8.4066E-09 6.5564E-09 4.9982E-09 3.7224E-09 2.6892E-09 1.8745E-09 1.2556E-09 8.1232E-10 5.0230E-10 2.8562E-10 1.4283E-10 6.3188E-11 2.5382E-11 7.5463E-12 5.2441E-12
0.0000E+00 0.0000E+00 0.0000E+00 0.0000E+00 0.0000E+00 0.0000E+00 7.0203E-12 4.5638E-11 1.2849E-10 2.3833E-10 3.9322E-10 6.0486E-10 8.8314E-10 1.2522E-09 1.7502E-09 2.3898E-09 3.1434E-09 4.1191E-09 5.3248E-09 6.7694E-09 8.4354E-09 1.0361E-08 1.2520E-08 1.4889E-08 1.7389E-08 1.9951E-08 2.2479E-08 2.4852E-08 2.6936E-08 2.8612E-08 2.9765E-08 3.0314E-08 3.0209E-08 2.9457E-08 2.8083E-08 2.6172E-08 2.3839E-08 2.1220E-08 1.8459E-08 1.5687E-08 1.3025E-08 1.0561E-08 8.3663E-09 6.4764E-09 4.8964E-09 3.6141E-09 2.5773E-09 1.7722E-09 1.1761E-09 7.4744E-10 4.5122E-10 2.4715E-10 1.2311E-10 5.7376E-11 2.5268E-11 7.1191E-12 4.8915E-12
0.0000E+00 0.0000E+00 0.0000E+00 0.0000E+00 0.0000E+00 0.0000E+00 1.0591E-12 2.1160E-11 8.5368E-11 1.7696E-10 3.0907E-10 4.9445E-10 7.3928E-10 1.0700E-09 1.5123E-09 2.1042E-09 2.7981E-09 3.7137E-09 4.8834E-09 6.2696E-09 7.9246E-09 9.8460E-09 1.2037E-08 1.4452E-08 1.7066E-08 1.9776E-08 2.2475E-08 2.5028E-08 2.7304E-08 2.9159E-08 3.0466E-08 3.1126E-08 3.1080E-08 3.0323E-08 2.8898E-08 2.6893E-08 2.4439E-08 2.1679E-08 1.8769E-08 1.5866E-08 1.3091E-08 1.0545E-08 8.2904E-09 6.3666E-09 4.7706E-09 3.4810E-09 2.4403E-09 1.6573E-09 1.0816E-09 6.7445E-10 4.0320E-10 2.1924E-10 1.0674E-10 5.1262E-11 2.3901E-11 6.5553E-12 4.4518E-12
0.0000E+00 0.0000E+00 0.0000E+00 0.0000E+00 0.0000E+00 0.0000E+00 0.0000E+00 7.6445E-12 4.9349E-11 1.2207E-10 2.3236E-10 3.9106E-10 6.0537E-10 8.9313E-10 1.2837E-09 1.8164E-09 2.4528E-09 3.3104E-09 4.4404E-09 5.7904E-09 7.4076E-09 9.3263E-09 1.1543E-08 1.4047E-08 1.6763E-08 1.9610E-08 2.2494E-08 2.5256E-08 2.7741E-08 2.9782E-08 3.1240E-08 3.1999E-08 3.2000E-08 3.1232E-08 2.9734E-08 2.7614E-08 2.5014E-08 2.2098E-08 1.9039E-08 1.5997E-08 1.3111E-08 1.0483E-08 8.1779E-09 6.2222E-09 4.6189E-09 3.3182E-09 2.3119E-09 1.5424E-09 9.9036E-10 6.1013E-10 3.5550E-10 1.9489E-10 9.2156E-11 4.6571E-11 2.2052E-11 5.8780E-12 2.4675E-12
0.0000E+00 0.0000E+00 0.0000E+00 0.0000E+00 0.0000E+00 0.0000E+00 0.0000E+00 1.8404E-12 2.3174E-11 7.6134E-11 1.6268E-10 2.9405E-10 4.7913E-10 7.2671E-10 1.0669E-09 1.5425E-09 2.1148E-09 2.9191E-09 3.9993E-09 5.3030E-09 6.9004E-09 8.8150E-09 1.1069E-08 1.3631E-08 1.6473E-08 1.9498E-08 2.2575E-08 2.5550E-08 2.8245E-08 3.0483E-08 3.2097E-08 3.2958E-08 3.2989E-08 3.2179E-08 3.0585E-08 2.8323E-08 2.5560E-08 2.2471E-08 1.9251E-08 1.6071E-08 1.3072E-08 1.0365E-08 8.0184E-09 6.0407E-09 4.4269E-09 3.1472E-09 2.1597E-09 1.4209E-09 9.0042E-10 5.4301E-10 3.1227E-10 1.7121E-10 7.8977E-11 4.2811E-11 1.9798E-11 5.1196E-12 0.0000E+00
0.0000E+00 0.0000E+00 0.0000E+00 0.0000E+00 0.0000E+00 0.0000E+00 0.0000E+00 0.0000E+00 9.1741E-12 3.9692E-11 1.0538E-10 2.0872E-10 3.6410E-10 5.7421E-10 8.6334E-10 1.2830E-09 1.7881E-09 2.5473E-09 3.5774E-09 4.8435E-09 6.4111E-09 8.3251E-09 1.0612E-08 1.3271E-08 1.6237E-08 1.9419E-08 2.2704E-08 2.5909E-08 2.8831E-08 3.1266E-08 3.3022E-08 3.3963E-08 3.4010E-08 3.3143E-08 3.1433E-08 2.9011E-08 2.6057E-08 2.2778E-08 1.9381E-08 1.6063E-08 1.2964E-08 1.0191E-08 7.7949E-09 5.8128E-09 4.2190E-09 2.9629E-09 1.9937E-09 1.2967E-09 8.0626E-10 4.8197E-10 2.8026E-10 1.5132E-10 6.9949E-11 3.8137E-11 1.7250E-11 1.8833E-12 0.0000E+00
0.0000E+00 0.0000E+00 0.0000E+00 0.0000E+00 0.0000E+00 0.0000E+00 0.0000E+00 0.0000E+00 2.5684E-12 1.8428E-11 6.0172E-11 1.3880E-10 2.6159E-10 4.3592E-10 6.7763E-10 1.0421E-09 1.4816E-09 2.1794E-09 3.1684E-09 4.3991E-09 5.9406E-09 7.8627E-09 1.0197E-08 1.2928E-08 1.6040E-08 1.9420E-08 2.2928E-08 2.6366E-08 2.9516E-08 3.2144E-08 3.4045E-08 3.5052E-08 3.5077E-08 3.4116E-08 3.2248E-08 2.9634E-08 2.6475E-08 2.3000E-08 1.9432E-08 1.5967E-08 1.2770E-08 9.9380E-09 7.5325E-09 5.5551E-09 3.9853E-09 2.7506E-09 1.8269E-09 1.1728E-09 7.2095E-10 4.3446E-10 2.4864E-10 1.2585E-10 5.8714E-11 3.1824E-11 1.0279E-11 0.0000E+00 0.0000E+00
0.0000E+00 0.0000E+00 0.0000E+00 0.0000E+00 0.0000E+00 0.0000E+00 0.0000E+00 0.0000E+00 0.0000E+00 6.9570E-12 2.5847E-11 8.1549E-11 1.7627E-10 3.1765E-10 5.1150E-10 8.2101E-10 1.1963E-09 1.8606E-09 2.7846E-09 3.9777E-09 5.5174E-09 7.4439E-09 9.8248E-09 1.2674E-08 1.5925E-08 1.9499E-08 2.3234E-08 2.6918E-08 3.0295E-08 3.3108E-08 3.5124E-08 3.6170E-08 3.6152E-08 3.5067E-08 3.3020E-08 3.0185E-08 2.6794E-08 2.3102E-08 1.9361E-08 1.5764E-08 1.2480E-08 9.6149E-09 7.2141E-09 5.2636E-09 3.7231E-09 2.5270E-09 1.6587E-09 1.0510E-09 6.5090E-10 3.8435E-10 2.1391E-10 1.1035E-10 4.7528E-11 2.0973E-11 0.0000E+00 0.0000E+00 0.0000E+00
0.0000E+00 0.0000E+00 0.0000E+00 0.0000E+00 0.0000E+00 0.0000E+00 0.0000E+00 0.0000E+00 0.0000E+00 1.6984E-12 1.1554E-11 3.9600E-11 1.0899E-10 2.2080E-10 3.7247E-10 6.2815E-10 9.4413E-10 1.5626E-09 2.4515E-09 3.6101E-09 5.1168E-09 7.0752E-09 9.5217E-09 1.2470E-08 1.5899E-08 1.9695E-08 2.3670E-08 2.7599E-08 3.1195E-08 3.4176E-08 3.6282E-08 3.7325E-08 3.7211E-08 3.5955E-08 3.3682E-08 3.0604E-08 2.6970E-08 2.3064E-08 1.9147E-08 1.5447E-08 1.2111E-08 9.2315E-09 6.8437E-09 4.9321E-09 3.4332E-09 2.2997E-09 1.4985E-09 9.4546E-10 5.7752E-10 3.3166E-10 1.8513E-10 9.0242E-11 3.7107E-11 1.5873E-13 0.0000E+00 0.0000E+00 0.0000E+00
0.0000E+00 0.0000E+00 0.0000E+00 0.0000E+00 0.0000E+00 0.0000E+00 0.0000E+00 0.0000E+00 0.0000E+00 0.0000E+00 3.6317E-12 1.4779E-11 5.5929E-11 1.4108E-10 2.5874E-10 4.6661E-10 7.2574E-10 1.2991E-09 2.1446E-09 3.2756E-09 4.7912E-09 6.7678E-09 9.2916E-09 1.2378E-08 1.5992E-08 2.0002E-08 2.4227E-08 2.8399E-08 3.2204E-08 3.5325E-08 3.7481E-08 3.8478E-08 3.8220E-08 3.6746E-08 3.4211E-08 3.0854E-08 2.6972E-08 2.2865E-08 1.8804E-08 1.5005E-08 1.1635E-08 8.7710E-09 6.4228E-09 4.5661E-09 3.1395E-09 2.0798E-09 1.3425E-09 8.3664E-10 4.9723E-10 2.8102E-10 1.5322E-10 6.6627E-11 1.3439E-11 0.0000E+00 0.0000E+00 0.0000E+00 0.0000E+00
