Assets/Resources/2015_m01_d22_1300(utc+0800)_l00_csi_1hr_conc.grd
DSAA
         159         159
     -79.000      79.000
     -79.000      79.000
  0.0000E+00  0.1068E-05
[rows 0 to 24 of 159, columns 57 to 113 of 159]
6.3386E-10 7.0374E-10 7.7001E-10 8.3559E-10 9.0766E-10 9.8241E-10 1.0711E-09 1.1543E-09 1.2408E-09 1.3286E-09 1.4165E-09 1.5048E-09 1.5952E-09 1.6861E-09 1.7782E-09 1.8822E-09 1.9747E-09 2.0663E-09 2.1565E-09 2.2448E-09 2.3309E-09 2.4146E-09 2.4960E-09 2.5740E-09 2.6486E-09 2.7213E-09 2.7796E-09 2.8481E-09 2.9139E-09 2.9738E-09 3.0298E-09 3.0809E-09 3.1280E-09 3.1710E-09 3.2213E-09 3.2354E-09 3.2711E-09 3.2994E-09 3.3266E-09 3.3399E-09 3.3616E-09 3.3807E-09 3.3962E-09 3.3979E-09 3.4077E-09 3.4152E-09 3.4093E-09 3.4106E-09 3.4096E-09 3.4059E-09 3.4012E-09 3.3926E-09 3.3832E-09 3.3725E-09 3.3579E-09 3.3430E-09 3.3254E-09
6.9624E-10 7.5942E-10 8.2938E-10 9.0337E-10 9.9123E-10 1.0718E-09 1.1574E-09 1.2482E-09 1.3434E-09 1.4398E-09 1.5371E-09 1.6465E-09 1.7460E-09 1.8460E-09 1.9461E-09 2.0458E-09 2.1447E-09 2.2423E-09 2.3386E-09 2.4328E-09 2.5250E-09 2.6143E-09 2.7007E-09 2.7833E-09 2.8616E-09 2.9365E-09 3.0080E-09 3.0768E-09 3.1425E-09 3.2022E-09 3.2574E-09 3.2968E-09 3.3434E-09 3.3859E-09 3.4368E-09 3.4594E-09 3.4932E-09 3.5077E-09 3.5325E-09 3.5545E-09 3.5728E-09 3.5777E-09 3.5902E-09 3.5997E-09 3.5949E-09 3.5979E-09 3.5985E-09 3.5870E-09 3.5825E-09 3.5764E-09 3.5660E-09 3.5570E-09 3.5435E-09 3.5282E-09 3.5120E-09 3.4930E-09 3.4733E-09
7.5013E-10 8.2153E-10 9.0779E-10 9.8681E-10 1.0698E-09 1.1588E-09 1.2535E-09 1.3521E-09 1.4677E-09 1.5753E-09 1.6836E-09 1.7915E-09 1.8986E-09 2.0072E-09 2.1151E-09 2.2225E-09 2.3295E-09 2.4352E-09 2.5390E-09 2.6520E-09 2.7502E-09 2.8451E-09 2.9361E-09 3.0226E-09 3.0927E-09 3.1701E-09 3.2443E-09 3.3142E-09 3.3821E-09 3.4437E-09 3.4978E-09 3.5463E-09 3.5896E-09 3.6298E-09 3.6649E-09 3.7003E-09 3.7158E-09 3.7439E-09 3.7624E-09 3.7697E-09 3.7850E-09 3.7974E-09 3.8053E-09 3.7999E-09 3.8021E-09 3.7913E-09 3.7872E-09 3.7812E-09 3.7627E-09 3.7528E-09 3.7414E-09 3.7245E-09 3.7094E-09 3.6916E-09 3.6709E-09 3.6489E-09 3.6249E-09
8.2031E-10 9.0020E-10 9.7962E-10 1.0651E-09 1.1581E-09 1.2672E-09 1.3709E-09 1.4797E-09 1.5938E-09 1.7117E-09 1.8307E-09 1.9493E-09 2.0781E-09 2.1963E-09 2.3142E-09 2.4315E-09 2.5475E-09 2.6616E-09 2.7730E-09 2.8812E-09 2.9858E-09 3.0861E-09 3.1825E-09 3.2732E-09 3.3578E-09 3.4374E-09 3.5127E-09 3.5829E-09 3.6504E-09 3.7117E-09 3.7546E-09 3.8035E-09 3.8453E-09 3.8821E-09 3.9139E-09 3.9598E-09 3.9689E-09 3.9824E-09 3.9971E-09 4.0116E-09 4.0220E-09 4.0185E-09 4.0225E-09 4.0238E-09 4.0100E-09 4.0048E-09 3.9852E-09 3.9747E-09 3.9615E-09 3.9370E-09 3.9199E-09 3.9036E-09 3.8808E-09 3.8592E-09 3.8360E-09 3.8101E-09 3.7822E-09
8.9020E-10 9.7069E-10 1.0588E-09 1.1651E-09 1.2675E-09 1.3747E-09 1.4885E-09 1.6083E-09 1.7325E-09 1.8724E-09 2.0040E-09 2.1351E-09 2.2643E-09 2.3925E-09 2.5203E-09 2.6476E-09 2.7729E-09 2.8958E-09 3.0156E-09 3.1317E-09 3.2435E-09 3.3501E-09 3.4516E-09 3.5469E-09 3.6352E-09 3.7174E-09 3.7948E-09 3.8659E-09 3.9334E-09 3.9951E-09 4.0476E-09 4.0935E-09 4.1334E-09 4.1678E-09 4.1843E-09 4.2252E-09 4.2268E-09 4.2481E-09 4.2582E-09 4.2566E-09 4.2627E-09 4.2649E-09 4.2514E-09 4.2469E-09 4.2390E-09 4.2176E-09 4.2039E-09 4.1877E-09 4.1589E-09 4.1394E-09 4.1087E-09 4.0840E-09 4.0617E-09 4.0333E-09 4.0055E-09 3.9760E-09 3.9451E-09
9.5895E-10 1.0611E-09 1.1592E-09 1.2635E-09 1.3739E-09 1.4938E-09 1.6295E-09 1.7610E-09 1.8972E-09 2.0374E-09 2.1804E-09 2.3250E-09 2.4683E-09 2.6093E-09 2.7607E-09 2.8990E-09 3.0349E-09 3.1681E-09 3.2972E-09 3.4214E-09 3.5403E-09 3.6534E-09 3.7598E-09 3.8587E-09 3.9492E-09 4.0337E-09 4.1128E-09 4.1851E-09 4.2523E-09 4.3017E-09 4.3543E-09 4.3982E-09 4.4340E-09 4.4629E-09 4.4867E-09 4.5255E-09 4.5083E-09 4.5207E-09 4.5235E-09 4.5277E-09 4.5164E-09 4.5133E-09 4.5062E-09 4.4955E-09 4.4699E-09 4.4528E-09 4.4214E-09 4.3996E-09 4.3755E-09 4.3396E-09 4.3021E-09 4.2765E-09 4.2447E-09 4.2153E-09 4.1813E-09 4.1475E-09 4.1112E-09
1.0482E-09 1.1503E-09 1.2561E-09 1.3710E-09 1.5050E-09 1.6364E-09 1.7733E-09 1.9170E-09 2.0678E-09 2.2226E-09 2.3802E-09 2.5527E-09 2.7116E-09 2.8669E-09 3.0190E-09 3.1686E-09 3.3151E-09 3.4576E-09 3.5953E-09 3.7270E-09 3.8523E-09 3.9713E-09 4.0849E-09 4.1892E-09 4.2841E-09 4.3704E-09 4.4508E-09 4.5235E-09 4.5897E-09 4.6491E-09 4.6975E-09 4.7377E-09 4.7699E-09 4.7821E-09 4.8000E-09 4.8323E-09 4.8197E-09 4.8288E-09 4.8102E-09 4.8037E-09 4.7976E-09 4.7872E-09 4.7614E-09 4.7443E-09 4.7236E-09 4.6884E-09 4.6614E-09 4.6211E-09 4.5911E-09 4.5484E-09 4.5163E-09 4.4711E-09 4.4390E-09 4.4006E-09 4.3636E-09 4.3239E-09 4.2842E-09
1.1350E-09 1.2445E-09 1.3751E-09 1.5022E-09 1.6377E-09 1.7820E-09 1.9348E-09 2.0939E-09 2.2716E-09 2.4434E-09 2.6164E-09 2.7912E-09 2.9657E-09 3.1366E-09 3.3026E-09 3.4651E-09 3.6242E-09 3.7916E-09 3.9406E-09 4.0819E-09 4.2159E-09 4.3416E-09 4.4581E-09 4.5636E-09 4.6612E-09 4.7502E-09 4.8323E-09 4.9049E-09 4.9566E-09 5.0131E-09 5.0602E-09 5.0955E-09 5.1208E-09 5.1374E-09 5.1485E-09 5.1600E-09 5.1659E-09 5.1352E-09 5.1328E-09 5.1150E-09 5.0840E-09 5.0648E-09 5.0433E-09 5.0061E-09 4.9781E-09 4.9469E-09 4.9012E-09 4.8649E-09 4.8159E-09 4.7773E-09 4.7265E-09 4.6875E-09 4.6349E-09 4.5955E-09 4.5506E-09 4.5059E-09 4.4598E-09
1.2294E-09 1.3645E-09 1.4971E-09 1.6386E-09 1.7893E-09 1.9493E-09 2.1324E-09 2.3106E-09 2.4924E-09 2.6796E-09 2.8712E-09 3.0637E-09 3.2683E-09 3.4575E-09 3.6404E-09 3.8178E-09 3.9892E-09 4.1542E-09 4.3115E-09 4.4616E-09 4.6037E-09 4.7367E-09 4.8584E-09 4.9677E-09 5.0671E-09 5.1557E-09 5.2375E-09 5.3094E-09 5.3705E-09 5.4220E-09 5.4621E-09 5.4922E-09 5.5000E-09 5.5102E-09 5.5125E-09 5.5070E-09 5.5239E-09 5.4847E-09 5.4568E-09 5.4281E-09 5.4044E-09 5.3723E-09 5.3281E-09 5.2941E-09 5.2570E-09 5.2050E-09 5.1625E-09 5.1074E-09 5.0623E-09 5.0043E-09 4.9577E-09 4.8981E-09 4.8519E-09 4.7920E-09 4.7450E-09 4.6938E-09 4.6419E-09
1.3449E-09 1.4825E-09 1.6299E-09 1.7903E-09 1.9700E-09 2.1492E-09 2.3373E-09 2.5345E-09 2.7366E-09 2.9542E-09 3.1652E-09 3.3781E-09 3.5903E-09 3.7981E-09 3.9994E-09 4.1930E-09 4.3797E-09 4.5585E-09 4.7279E-09 4.8868E-09 5.0348E-09 5.1721E-09 5.2972E-09 5.4105E-09 5.5131E-09 5.6023E-09 5.6814E-09 5.7498E-09 5.8077E-09 5.8545E-09 5.8894E-09 5.9097E-09 5.9194E-09 5.9198E-09 5.9138E-09 5.8880E-09 5.8939E-09 5.8393E-09 5.8184E-09 5.7770E-09 5.7246E-09 5.6868E-09 5.6418E-09 5.5837E-09 5.5374E-09 5.4879E-09 5.4244E-09 5.3709E-09 5.3062E-09 5.2520E-09 5.1851E-09 5.1303E-09 5.0621E-09 4.9982E-09 4.9419E-09 4.8866E-09 4.8287E-09
1.4586E-09 1.6128E-09 1.7918E-09 1.9711E-09 2.1588E-09 2.3570E-09 2.5650E-09 2.7961E-09 3.0214E-09 3.2501E-09 3.4815E-09 3.7166E-09 3.9507E-09 4.1800E-09 4.4009E-09 4.6116E-09 4.8130E-09 5.0046E-09 5.1853E-09 5.3551E-09 5.5152E-09 5.6602E-09 5.7884E-09 5.9015E-09 6.0025E-09 6.0920E-09 6.1696E-09 6.2337E-09 6.2831E-09 6.3219E-09 6.3481E-09 6.3623E-09 6.3623E-09 6.3510E-09 6.3314E-09 6.3036E-09 6.3027E-09 6.2349E-09 6.1839E-09 6.1329E-09 6.0842E-09 6.0153E-09 5.9621E-09 5.9022E-09 5.8428E-09 5.7712E-09 5.7088E-09 5.6346E-09 5.5704E-09 5.4957E-09 5.4324E-09 5.3568E-09 5.2936E-09 5.2179E-09 5.1468E-09 5.0836E-09 5.0207E-09
1.5895E-09 1.7758E-09 1.9637E-09 2.1645E-09 2.3770E-09 2.6115E-09 2.8452E-09 3.0877E-09 3.3392E-09 3.5957E-09 3.8534E-09 4.1118E-09 4.3695E-09 4.6224E-09 4.8650E-09 5.0949E-09 5.3123E-09 5.5175E-09 5.7091E-09 5.8873E-09 6.0499E-09 6.1963E-09 6.3285E-09 6.4456E-09 6.5460E-09 6.6307E-09 6.7021E-09 6.7602E-09 6.8041E-09 6.8311E-09 6.8471E-09 6.8469E-09 6.8347E-09 6.8119E-09 6.7800E-09 6.7402E-09 6.7224E-09 6.6466E-09 6.5910E-09 6.5282E-09 6.4439E-09 6.3799E-09 6.3078E-09 6.2253E-09 6.1496E-09 6.0768E-09 5.9928E-09 5.9187E-09 5.8341E-09 5.7597E-09 5.6751E-09 5.6026E-09 5.5188E-09 5.4360E-09 5.3646E-09 5.2862E-09 5.2148E-09
1.7458E-09 1.9396E-09 2.1493E-09 2.3868E-09 2.6259E-09 2.8756E-09 3.1384E-09 3.4090E-09 3.6888E-09 3.9753E-09 4.2623E-09 4.5482E-09 4.8314E-09 5.1093E-09 5.3761E-09 5.6265E-09 5.8605E-09 6.0797E-09 6.2847E-09 6.4745E-09 6.6472E-09 6.8003E-09 6.9332E-09 7.0458E-09 7.1431E-09 7.2240E-09 7.2879E-09 7.3362E-09 7.3680E-09 7.3848E-09 7.3846E-09 7.3728E-09 7.3457E-09 7.3068E-09 7.2570E-09 7.1994E-09 7.1404E-09 7.1066E-09 6.9952E-09 6.9277E-09 6.8398E-09 6.7430E-09 6.6617E-09 6.5731E-09 6.4753E-09 6.3843E-09 6.2978E-09 6.2021E-09 6.1169E-09 6.0219E-09 5.9373E-09 5.8434E-09 5.7500E-09 5.6687E-09 5.5797E-09 5.4923E-09 5.4155E-09
1.9043E-09 2.1218E-09 2.3703E-09 2.6235E-09 2.8943E-09 3.1787E-09 3.4728E-09 3.7775E-09 4.0902E-09 4.4106E-09 4.7336E-09 5.0530E-09 5.3662E-09 5.6718E-09 5.9652E-09 6.2392E-09 6.4914E-09 6.7241E-09 6.9392E-09 7.1346E-09 7.3089E-09 7.4627E-09 7.5983E-09 7.7127E-09 7.8046E-09 7.8764E-09 7.9295E-09 7.9649E-09 7.9837E-09 7.9826E-09 7.9691E-09 7.9334E-09 7.8904E-09 7.8350E-09 7.7691E-09 7.6930E-09 7.6090E-09 7.5625E-09 7.4344E-09 7.3463E-09 7.2401E-09 7.1424E-09 7.0389E-09 6.9258E-09 6.8211E-09 6.7207E-09 6.6033E-09 6.5050E-09 6.3979E-09 6.3015E-09 6.1963E-09 6.1018E-09 5.9992E-09 5.8957E-09 5.7990E-09 5.7121E-09 5.6170E-09
2.0949E-09 2.3382E-09 2.6041E-09 2.8912E-09 3.1994E-09 3.5223E-09 3.8559E-09 4.2011E-09 4.5556E-09 4.9146E-09 5.2754E-09 5.6329E-09 5.9800E-09 6.3150E-09 6.6351E-09 6.9332E-09 7.2051E-09 7.4516E-09 7.6779E-09 7.8816E-09 8.0600E-09 8.2135E-09 8.3435E-09 8.4473E-09 8.5306E-09 8.5919E-09 8.6309E-09 8.6506E-09 8.6490E-09 8.6328E-09 8.5939E-09 8.5448E-09 8.4749E-09 8.3978E-09 8.3086E-09 8.2136E-09 8.1120E-09 8.0427E-09 7.8900E-09 7.7877E-09 7.6619E-09 7.5418E-09 7.4250E-09 7.3030E-09 7.1718E-09 7.0512E-09 6.9355E-09 6.8073E-09 6.6966E-09 6.5782E-09 6.4710E-09 6.3563E-09 6.2404E-09 6.1383E-09 6.0303E-09 5.9263E-09 5.8244E-09
2.2915E-09 2.5628E-09 2.8623E-09 3.1880E-09 3.5361E-09 3.9045E-09 4.2865E-09 4.6779E-09 5.0787E-09 5.4843E-09 5.8890E-09 6.2892E-09 6.6770E-09 7.0465E-09 7.3962E-09 7.7210E-09 8.0151E-09 8.2762E-09 8.5076E-09 8.7126E-09 8.8909E-09 9.0426E-09 9.1691E-09 9.2648E-09 9.3323E-09 9.3768E-09 9.3972E-09 9.3972E-09 9.3753E-09 9.3303E-09 9.2718E-09 9.1898E-09 9.1025E-09 8.9973E-09 8.8862E-09 8.7644E-09 8.6361E-09 8.5489E-09 8.3736E-09 8.2456E-09 8.1000E-09 7.9618E-09 7.8209E-09 7.6843E-09 7.5442E-09 7.3965E-09 7.2618E-09 7.1304E-09 6.9935E-09 6.8711E-09 6.7419E-09 6.6122E-09 6.4993E-09 6.3730E-09 6.2565E-09 6.1510E-09 6.0391E-09
2.5066E-09 2.8132E-09 3.1500E-09 3.5193E-09 3.9149E-09 4.3369E-09 4.7751E-09 5.2211E-09 5.6769E-09 6.1370E-09 6.5937E-09 7.0405E-09 7.4729E-09 7.8826E-09 8.2642E-09 8.6155E-09 8.9318E-09 9.2083E-09 9.4467E-09 9.6518E-09 9.8255E-09 9.9696E-09 1.0082E-08 1.0162E-08 1.0214E-08 1.0237E-08 1.0232E-08 1.0206E-08 1.0158E-08 1.0089E-08 9.9943E-09 9.8902E-09 9.7656E-09 9.6339E-09 9.4912E-09 9.3468E-09 9.1930E-09 9.0723E-09 8.9101E-09 8.7176E-09 8.5663E-09 8.3947E-09 8.2340E-09 8.0741E-09 7.9191E-09 7.7608E-09 7.6109E-09 7.4520E-09 7.3067E-09 7.1604E-09 7.0269E-09 6.8876E-09 6.7471E-09 6.6232E-09 6.4937E-09 6.3693E-09 6.2487E-09
2.7446E-09 3.0918E-09 3.4728E-09 3.8917E-09 4.3458E-09 4.8266E-09 5.3298E-09 5.8441E-09 6.3624E-09 6.8845E-09 7.4026E-09 7.9051E-09 8.3871E-09 8.8416E-09 9.2590E-09 9.6384E-09 9.9759E-09 1.0265E-08 1.0506E-08 1.0705E-08 1.0871E-08 1.1005E-08 1.1100E-08 1.1157E-08 1.1180E-08 1.1175E-08 1.1142E-08 1.1083E-08 1.1003E-08 1.0898E-08 1.0776E-08 1.0629E-08 1.0476E-08 1.0310E-08 1.0134E-08 9.9545E-09 9.7715E-09 9.5884E-09 9.4496E-09 9.2117E-09 9.0401E-09 8.8424E-09 8.6592E-09 8.4784E-09 8.2991E-09 8.1270E-09 7.9549E-09 7.7891E-09 7.6171E-09 7.4639E-09 7.3066E-09 7.1506E-09 7.0113E-09 6.8618E-09 6.7239E-09 6.5886E-09 6.4581E-09
3.0065E-09 3.4010E-09 3.8342E-09 4.3101E-09 4.8274E-09 5.3787E-09 5.9582E-09 6.5495E-09 7.1438E-09 7.7372E-09 8.3251E-09 8.8936E-09 9.4318E-09 9.9354E-09 1.0395E-08 1.0804E-08 1.1163E-08 1.1465E-08 1.1706E-08 1.1894E-08 1.2040E-08 1.2147E-08 1.2216E-08 1.2244E-08 1.2238E-08 1.2198E-08 1.2128E-08 1.2032E-08 1.1912E-08 1.1770E-08 1.1605E-08 1.1421E-08 1.1221E-08 1.1019E-08 1.0810E-08 1.0597E-08 1.0379E-08 1.0160E-08 9.9964E-09 9.7283E-09 9.5247E-09 9.3038E-09 9.0943E-09 8.8883E-09 8.6908E-09 8.4943E-09 8.3043E-09 8.1221E-09 7.9439E-09 7.7585E-09 7.5858E-09 7.4310E-09 7.2629E-09 7.1027E-09 6.9627E-09 6.8169E-09 6.6750E-09
3.2937E-09 3.7429E-09 4.2351E-09 4.7745E-09 5.3643E-09 5.9968E-09 6.6593E-09 7.3392E-09 8.0222E-09 8.6983E-09 9.3633E-09 1.0007E-08 1.0612E-08 1.1169E-08 1.1672E-08 1.2114E-08 1.2490E-08 1.2799E-08 1.3037E-08 1.3209E-08 1.3330E-08 1.3412E-08 1.3448E-08 1.3438E-08 1.3388E-08 1.3303E-08 1.3189E-08 1.3049E-08 1.2885E-08 1.2695E-08 1.2488E-08 1.2259E-08 1.2012E-08 1.1768E-08 1.1517E-08 1.1258E-08 1.1008E-08 1.0758E-08 1.0559E-08 1.0255E-08 1.0028E-08 9.7739E-09 9.5407E-09 9.3113E-09 9.0860E-09 8.8706E-09 8.6606E-09 8.4556E-09 8.2604E-09 8.0582E-09 7.8796E-09 7.6976E-09 7.5287E-09 7.3533E-09 7.1913E-09 7.0355E-09 6.8840E-09
3.6099E-09 4.1176E-09 4.6803E-09 5.2964E-09 5.9694E-09 6.6930E-09 7.4533E-09 8.2374E-09 9.0226E-09 9.7962E-09 1.0552E-08 1.1280E-08 1.1960E-08 1.2579E-08 1.3130E-08 1.3605E-08 1.4000E-08 1.4313E-08 1.4541E-08 1.4688E-08 1.4770E-08 1.4801E-08 1.4789E-08 1.4733E-08 1.4635E-08 1.4498E-08 1.4329E-08 1.4135E-08 1.3918E-08 1.3677E-08 1.3415E-08 1.3136E-08 1.2839E-08 1.2546E-08 1.2252E-08 1.1958E-08 1.1660E-08 1.1368E-08 1.1140E-08 1.0803E-08 1.0536E-08 1.0257E-08 9.9920E-09 9.7355E-09 9.4874E-09 9.2481E-09 9.0150E-09 8.7923E-09 8.5795E-09 8.3717E-09 8.1601E-09 7.9756E-09 7.7797E-09 7.5920E-09 7.4282E-09 7.2589E-09 7.0972E-09
3.9497E-09 4.5277E-09 5.1696E-09 5.8729E-09 6.6383E-09 7.4656E-09 8.3384E-09 9.2352E-09 1.0137E-08 1.1023E-08 1.1881E-08 1.2699E-08 1.3464E-08 1.4154E-08 1.4757E-08 1.5266E-08 1.5677E-08 1.5988E-08 1.6197E-08 1.6314E-08 1.6351E-08 1.6328E-08 1.6260E-08 1.6142E-08 1.5977E-08 1.5778E-08 1.5548E-08 1.5291E-08 1.5011E-08 1.4710E-08 1.4389E-08 1.4058E-08 1.3700E-08 1.3355E-08 1.3013E-08 1.2668E-08 1.2331E-08 1.2001E-08 1.1694E-08 1.1416E-08 1.1044E-08 1.0754E-08 1.0449E-08 1.0165E-08 9.8895E-09 9.6251E-09 9.3744E-09 9.1287E-09 8.8938E-09 8.6713E-09 8.4552E-09 8.2393E-09 8.0398E-09 7.8389E-09 7.6514E-09 7.4725E-09 7.2990E-09
4.3174E-09 4.9745E-09 5.7018E-09 6.5025E-09 7.3760E-09 8.3199E-09 9.3161E-09 1.0344E-08 1.1376E-08 1.2386E-08 1.3358E-08 1.4282E-08 1.5139E-08 1.5907E-08 1.6569E-08 1.7116E-08 1.7543E-08 1.7846E-08 1.8028E-08 1.8099E-08 1.8078E-08 1.7986E-08 1.7843E-08 1.7657E-08 1.7423E-08 1.7146E-08 1.6841E-08 1.6513E-08 1.6164E-08 1.5794E-08 1.5411E-08 1.5009E-08 1.4594E-08 1.4185E-08 1.3789E-08 1.3398E-08 1.3010E-08 1.2637E-08 1.2275E-08 1.1982E-08 1.1564E-08 1.1248E-08 1.0906E-08 1.0593E-08 1.0292E-08 1.0003E-08 9.7249E-09 9.4614E-09 9.2078E-09 8.9651E-09 8.7306E-09 8.5114E-09 8.2832E-09 8.0689E-09 7.8711E-09 7.6881E-09 7.5033E-09
4.7133E-09 5.4500E-09 6.2767E-09 7.1893E-09 8.1834E-09 9.2547E-09 1.0393E-08 1.1566E-08 1.2743E-08 1.3893E-08 1.4995E-08 1.6036E-08 1.6996E-08 1.7850E-08 1.8577E-08 1.9162E-08 1.9600E-08 1.9887E-08 2.0031E-08 2.0048E-08 1.9958E-08 1.9785E-08 1.9555E-08 1.9277E-08 1.8956E-08 1.8600E-08 1.8212E-08 1.7799E-08 1.7368E-08 1.6922E-08 1.6460E-08 1.5997E-08 1.5510E-08 1.5044E-08 1.4587E-08 1.4139E-08 1.3706E-08 1.3283E-08 1.2874E-08 1.2545E-08 1.2094E-08 1.1734E-08 1.1363E-08 1.1018E-08 1.0689E-08 1.0372E-08 1.0076E-08 9.7887E-09 9.5134E-09 9.2537E-09 9.0036E-09 8.7647E-09 8.5203E-09 8.3045E-09 8.0935E-09 7.8907E-09 7.6951E-09
5.1262E-09 5.9558E-09 6.8914E-09 7.9244E-09 9.0516E-09 1.0267E-08 1.1560E-08 1.2893E-08 1.4235E-08 1.5545E-08 1.6791E-08 1.7957E-08 1.9032E-08 1.9977E-08 2.0770E-08 2.1394E-08 2.1839E-08 2.2102E-08 2.2197E-08 2.2146E-08 2.1974E-08 2.1712E-08 2.1384E-08 2.1005E-08 2.0583E-08 2.0122E-08 1.9639E-08 1.9136E-08 1.8617E-08 1.8083E-08 1.7546E-08 1.6994E-08 1.6446E-08 1.5909E-08 1.5389E-08 1.4887E-08 1.4399E-08 1.3927E-08 1.3476E-08 1.3105E-08 1.2613E-08 1.2224E-08 1.1814E-08 1.1440E-08 1.1081E-08 1.0740E-08 1.0414E-08 1.0107E-08 9.8139E-09 9.5331E-09 9.2668E-09 9.0138E-09 8.7630E-09 8.5209E-09 8.2979E-09 8.0845E-09 7.8778E-09
