Assets/Resources/2015_m01_d16_0600(utc+0800)_l00_csi_1hr_conc.grd
DSAA
         159         159
     -79.000      79.000
     -79.000      79.000
  0.3571E-11  0.4208E-05
[rows 125 to 149 of 159, columns 57 to 113 of 159]
1.1576E-09 1.2372E-09 1.3197E-09 1.4068E-09 1.4963E-09 1.7194E-09 2.0278E-09 2.2941E-09 2.3956E-09 2.6059E-09 2.8365E-09 2.8474E-09 2.9112E-09 3.0945E-09 3.1887E-09 3.3479E-09 3.5697E-09 3.7948E-09 3.8913E-09 4.1004E-09 4.3542E-09 4.5149E-09 4.6873E-09 4.9562E-09 5.3106E-09 5.3556E-09 5.6210E-09 6.0110E-09 6.0139E-09 6.3433E-09 6.6085E-09 6.7038E-09 7.0813E-09 7.1992E-09 7.4380E-09 7.6571E-09 7.8360E-09 8.0480E-09 8.0816E-09 8.4549E-09 8.4783E-09 8.7313E-09 8.7127E-09 8.9837E-09 8.8954E-09 9.3600E-09 9.2344E-09 9.5382E-09 9.3564E-09 9.6262E-09 9.5170E-09 9.7820E-09 9.4283E-09 9.5772E-09 9.2396E-09 9.2854E-09 9.3249E-09
1.1210E-09 1.1989E-09 1.2791E-09 1.3634E-09 1.4503E-09 1.6615E-09 1.9020E-09 2.1810E-09 2.2893E-09 2.4827E-09 2.7044E-09 2.6575E-09 2.7619E-09 2.9480E-09 3.0321E-09 3.1895E-09 3.4286E-09 3.5890E-09 3.6978E-09 3.9167E-09 4.1626E-09 4.2486E-09 4.4686E-09 4.7336E-09 4.8956E-09 5.0729E-09 5.3798E-09 5.5665E-09 5.7086E-09 6.0398E-09 6.1006E-09 6.3861E-09 6.6049E-09 6.8405E-09 6.9530E-09 7.1788E-09 7.3635E-09 7.6355E-09 7.6324E-09 7.7342E-09 8.0088E-09 8.0745E-09 8.2280E-09 8.2819E-09 8.4035E-09 8.5131E-09 8.7015E-09 8.7316E-09 8.7915E-09 8.7972E-09 8.8688E-09 8.9006E-09 8.7895E-09 8.7796E-09 8.5879E-09 8.6356E-09 8.7069E-09
1.0864E-09 1.1603E-09 1.2399E-09 1.3198E-09 1.4059E-09 1.5521E-09 1.8352E-09 2.0338E-09 2.1766E-09 2.3847E-09 2.5542E-09 2.4992E-09 2.6456E-09 2.8064E-09 2.8994E-09 3.0627E-09 3.2734E-09 3.3552E-09 3.5433E-09 3.7425E-09 3.9973E-09 4.0504E-09 4.2640E-09 4.5405E-09 4.6220E-09 4.8317E-09 5.1332E-09 5.2075E-09 5.4510E-09 5.7369E-09 5.7779E-09 6.0285E-09 6.2179E-09 6.4240E-09 6.5715E-09 6.7715E-09 6.8775E-09 7.0772E-09 7.2353E-09 7.2466E-09 7.5448E-09 7.5763E-09 7.7910E-09 7.7613E-09 7.9501E-09 7.9540E-09 8.2210E-09 8.1305E-09 8.2901E-09 8.1674E-09 8.2904E-09 8.1896E-09 8.2319E-09 8.0639E-09 8.0323E-09 8.0216E-09 8.1560E-09
1.0514E-09 1.1243E-09 1.1989E-09 1.2788E-09 1.3606E-09 1.5022E-09 1.7177E-09 1.9178E-09 2.0899E-09 2.2735E-09 2.3112E-09 2.3647E-09 2.5378E-09 2.6195E-09 2.7794E-09 2.9221E-09 3.1459E-09 3.1979E-09 3.3788E-09 3.5946E-09 3.7072E-09 3.8577E-09 4.0725E-09 4.3381E-09 4.3836E-09 4.6082E-09 4.8996E-09 4.9265E-09 5.1921E-09 5.3482E-09 5.4815E-09 5.7395E-09 5.8992E-09 6.0621E-09 6.1975E-09 6.3244E-09 6.4912E-09 6.6175E-09 6.8673E-09 6.8437E-09 7.0367E-09 7.1468E-09 7.3372E-09 7.3115E-09 7.4959E-09 7.4411E-09 7.7157E-09 7.6330E-09 7.8325E-09 7.6510E-09 7.8227E-09 7.6219E-09 7.7350E-09 7.5000E-09 7.5383E-09 7.5174E-09 7.6589E-09
1.0173E-09 1.0885E-09 1.1613E-09 1.2375E-09 1.3180E-09 1.4014E-09 1.5930E-09 1.7874E-09 1.9913E-09 2.1673E-09 2.1532E-09 2.2635E-09 2.4182E-09 2.4778E-09 2.6495E-09 2.8092E-09 2.9540E-09 3.0616E-09 3.2236E-09 3.4534E-09 3.4986E-09 3.6800E-09 3.9085E-09 4.0368E-09 4.1715E-09 4.4164E-09 4.5558E-09 4.7016E-09 4.9490E-09 5.0184E-09 5.2134E-09 5.4125E-09 5.5759E-09 5.7009E-09 5.8824E-09 5.9788E-09 6.1482E-09 6.2232E-09 6.3720E-09 6.4834E-09 6.5138E-09 6.7297E-09 6.8097E-09 6.9108E-09 6.9275E-09 6.9892E-09 7.0938E-09 7.1896E-09 7.1879E-09 7.2049E-09 7.1544E-09 7.1507E-09 7.1382E-09 7.0252E-09 7.0589E-09 7.0651E-09 7.1409E-09
9.8513E-10 1.0523E-09 1.1246E-09 1.1979E-09 1.2758E-09 1.3561E-09 1.4964E-09 1.6674E-09 1.8978E-09 2.0364E-09 2.0298E-09 2.1531E-09 2.2998E-09 2.3736E-09 2.5269E-09 2.7012E-09 2.7731E-09 2.9370E-09 3.0766E-09 3.2980E-09 3.3423E-09 3.5147E-09 3.7356E-09 3.8077E-09 3.9777E-09 4.2167E-09 4.2979E-09 4.4778E-09 4.7199E-09 4.7655E-09 4.9643E-09 5.1155E-09 5.2997E-09 5.4068E-09 5.5638E-09 5.6611E-09 5.7391E-09 5.8766E-09 5.9743E-09 6.1491E-09 6.1316E-09 6.3578E-09 6.3978E-09 6.5555E-09 6.4947E-09 6.6216E-09 6.6028E-09 6.7931E-09 6.7093E-09 6.7967E-09 6.6295E-09 6.6959E-09 6.6246E-09 6.6149E-09 6.6203E-09 6.6594E-09 6.7438E-09
9.5194E-10 1.0187E-09 1.0863E-09 1.1591E-09 1.2340E-09 1.3129E-09 1.4127E-09 1.5555E-09 1.8088E-09 1.8516E-09 1.9233E-09 2.0680E-09 2.1570E-09 2.2787E-09 2.4109E-09 2.5979E-09 2.6293E-09 2.8014E-09 2.9581E-09 3.0599E-09 3.1865E-09 3.3751E-09 3.5705E-09 3.6173E-09 3.8141E-09 4.0267E-09 4.0748E-09 4.2881E-09 4.4212E-09 4.5276E-09 4.7509E-09 4.8470E-09 5.0047E-09 5.1275E-09 5.2071E-09 5.3952E-09 5.4287E-09 5.5928E-09 5.6204E-09 5.7733E-09 5.7990E-09 5.9856E-09 6.0411E-09 6.1813E-09 6.1306E-09 6.2456E-09 6.1850E-09 6.4197E-09 6.3043E-09 6.4328E-09 6.2202E-09 6.2768E-09 6.2146E-09 6.2479E-09 6.2434E-09 6.2977E-09 6.3734E-09
9.2085E-10 9.8471E-10 1.0513E-09 1.1206E-09 1.1938E-09 1.2696E-09 1.3486E-09 1.4488E-09 1.6925E-09 1.7323E-09 1.8273E-09 1.9711E-09 2.0442E-09 2.1901E-09 2.3007E-09 2.4390E-09 2.5215E-09 2.6733E-09 2.8446E-09 2.8911E-09 3.0583E-09 3.2269E-09 3.3147E-09 3.4476E-09 3.6430E-09 3.7673E-09 3.8784E-09 4.0918E-09 4.1511E-09 4.3304E-09 4.4656E-09 4.6255E-09 4.7062E-09 4.8945E-09 4.9398E-09 5.0979E-09 5.1624E-09 5.1993E-09 5.3125E-09 5.3894E-09 5.4913E-09 5.5495E-09 5.7323E-09 5.7446E-09 5.8060E-09 5.7959E-09 5.8134E-09 5.8982E-09 5.9557E-09 5.9168E-09 5.8623E-09 5.8348E-09 5.8556E-09 5.8843E-09 5.9078E-09 5.9661E-09 6.0388E-09
8.9101E-10 9.5167E-10 1.0167E-09 1.0837E-09 1.1545E-09 1.2279E-09 1.3043E-09 1.3973E-09 1.5592E-09 1.6363E-09 1.7557E-09 1.8586E-09 1.9442E-09 2.0894E-09 2.2147E-09 2.2977E-09 2.4223E-09 2.5520E-09 2.7270E-09 2.7475E-09 2.9180E-09 3.0859E-09 3.1523E-09 3.2906E-09 3.4808E-09 3.5524E-09 3.7155E-09 3.9062E-09 3.9543E-09 4.1290E-09 4.2359E-09 4.4026E-09 4.4770E-09 4.6138E-09 4.7064E-09 4.7687E-09 4.9219E-09 4.9202E-09 5.0651E-09 5.0897E-09 5.2151E-09 5.1904E-09 5.4097E-09 5.4066E-09 5.5145E-09 5.4456E-09 5.5130E-09 5.5071E-09 5.6438E-09 5.5362E-09 5.5516E-09 5.4735E-09 5.5017E-09 5.5538E-09 5.5974E-09 5.6554E-09 5.7297E-09
8.5962E-10 9.2058E-10 9.8231E-10 1.0483E-09 1.1162E-09 1.1872E-09 1.2605E-09 1.3429E-09 1.4508E-09 1.5524E-09 1.6728E-09 1.7495E-09 1.8692E-09 1.9941E-09 2.1321E-09 2.1816E-09 2.3291E-09 2.4367E-09 2.5449E-09 2.6374E-09 2.7854E-09 2.9411E-09 3.0008E-09 3.1435E-09 3.3269E-09 3.3761E-09 3.5470E-09 3.6485E-09 3.7638E-09 3.9400E-09 4.0404E-09 4.1450E-09 4.2727E-09 4.3381E-09 4.4954E-09 4.5044E-09 4.6711E-09 4.6814E-09 4.7659E-09 4.8389E-09 4.9141E-09 4.9153E-09 5.0576E-09 5.1130E-09 5.1951E-09 5.1525E-09 5.2199E-09 5.1662E-09 5.3534E-09 5.2240E-09 5.2736E-09 5.1735E-09 5.1849E-09 5.2722E-09 5.3150E-09 5.3775E-09 5.4390E-09
8.3141E-10 8.8853E-10 9.4937E-10 1.0120E-09 1.0789E-09 1.1476E-09 1.2184E-09 1.2913E-09 1.3769E-09 1.4829E-09 1.5947E-09 1.6603E-09 1.7826E-09 1.9035E-09 2.0199E-09 2.0773E-09 2.2407E-09 2.3459E-09 2.4103E-09 2.5350E-09 2.6598E-09 2.7639E-09 2.8637E-09 3.0047E-09 3.1215E-09 3.2183E-09 3.3882E-09 3.4580E-09 3.5891E-09 3.7106E-09 3.8468E-09 3.9124E-09 4.0681E-09 4.1081E-09 4.2504E-09 4.2961E-09 4.3670E-09 4.4680E-09 4.4728E-09 4.5986E-09 4.6205E-09 4.6752E-09 4.6999E-09 4.8464E-09 4.8527E-09 4.8819E-09 4.8631E-09 4.8661E-09 4.9684E-09 4.9445E-09 4.9429E-09 4.9127E-09 4.9363E-09 5.0136E-09 5.0579E-09 5.1158E-09 5.1719E-09
8.0391E-10 8.5861E-10 9.1790E-10 9.7847E-10 1.0426E-09 1.1089E-09 1.1774E-09 1.2479E-09 1.3286E-09 1.4206E-09 1.5163E-09 1.5963E-09 1.7009E-09 1.8174E-09 1.9091E-09 1.9985E-09 2.1398E-09 2.2453E-09 2.2933E-09 2.4382E-09 2.5406E-09 2.6369E-09 2.7364E-09 2.8893E-09 2.9549E-09 3.0727E-09 3.2382E-09 3.2873E-09 3.4262E-09 3.5325E-09 3.6679E-09 3.7335E-09 3.8399E-09 3.9245E-09 3.9961E-09 4.1078E-09 4.1484E-09 4.2727E-09 4.2549E-09 4.3767E-09 4.3927E-09 4.4626E-09 4.4177E-09 4.5785E-09 4.5725E-09 4.6410E-09 4.5929E-09 4.6207E-09 4.6418E-09 4.6944E-09 4.6748E-09 4.6787E-09 4.7143E-09 4.7671E-09 4.8267E-09 4.8754E-09 4.9261E-09
7.7377E-10 8.3000E-10 8.8560E-10 9.4522E-10 1.0071E-09 1.0713E-09 1.1374E-09 1.2056E-09 1.2794E-09 1.3634E-09 1.4511E-09 1.5336E-09 1.6235E-09 1.7515E-09 1.8152E-09 1.9240E-09 2.0267E-09 2.1242E-09 2.1865E-09 2.3462E-09 2.4310E-09 2.5100E-09 2.6170E-09 2.7646E-09 2.8142E-09 2.9365E-09 3.0330E-09 3.1345E-09 3.2731E-09 3.3613E-09 3.4603E-09 3.5729E-09 3.6261E-09 3.7575E-09 3.7870E-09 3.9173E-09 3.9406E-09 4.0471E-09 4.0639E-09 4.1266E-09 4.1932E-09 4.2330E-09 4.2079E-09 4.3029E-09 4.3410E-09 4.3870E-09 4.3440E-09 4.3943E-09 4.3310E-09 4.4629E-09 4.4213E-09 4.4644E-09 4.5045E-09 4.5436E-09 4.6087E-09 4.6534E-09 4.7043E-09
7.4793E-10 8.0129E-10 8.5527E-10 9.1289E-10 9.7269E-10 1.0341E-09 1.0980E-09 1.1640E-09 1.2318E-09 1.3102E-09 1.3950E-09 1.4754E-09 1.5501E-09 1.6534E-09 1.7135E-09 1.8531E-09 1.9358E-09 2.0326E-09 2.1046E-09 2.2241E-09 2.2997E-09 2.3756E-09 2.5184E-09 2.5888E-09 2.6719E-09 2.8237E-09 2.8720E-09 2.9938E-09 3.1063E-09 3.2055E-09 3.2780E-09 3.4079E-09 3.4449E-09 3.5573E-09 3.6030E-09 3.7028E-09 3.7517E-09 3.8193E-09 3.8906E-09 3.8894E-09 3.9924E-09 4.0062E-09 4.0284E-09 4.0287E-09 4.1366E-09 4.1302E-09 4.1376E-09 4.1045E-09 4.0907E-09 4.2076E-09 4.2116E-09 4.2592E-09 4.2993E-09 4.3484E-09 4.4066E-09 4.4477E-09 4.4949E-09
7.2278E-10 7.7346E-10 8.2637E-10 8.8088E-10 9.3919E-10 9.9900E-10 1.0602E-09 1.1240E-09 1.1897E-09 1.2624E-09 1.3419E-09 1.4181E-09 1.4954E-09 1.5784E-09 1.6507E-09 1.7698E-09 1.8522E-09 1.9196E-09 2.0268E-09 2.1251E-09 2.2006E-09 2.2682E-09 2.4243E-09 2.4437E-09 2.5693E-09 2.7023E-09 2.7363E-09 2.8623E-09 2.9517E-09 3.0610E-09 3.1369E-09 3.2232E-09 3.3003E-09 3.3616E-09 3.4540E-09 3.5137E-09 3.5969E-09 3.6265E-09 3.7311E-09 3.7131E-09 3.8076E-09 3.8217E-09 3.8662E-09 3.8154E-09 3.9298E-09 3.9235E-09 3.9540E-09 3.8962E-09 3.9010E-09 3.9533E-09 4.0134E-09 4.0524E-09 4.1166E-09 4.1604E-09 4.2011E-09 4.2621E-09 4.3004E-09
6.9830E-10 7.4639E-10 7.9826E-10 8.5088E-10 9.0662E-10 9.6438E-10 1.0241E-09 1.0852E-09 1.1487E-09 1.2164E-09 1.2874E-09 1.3685E-09 1.4411E-09 1.5105E-09 1.5912E-09 1.6905E-09 1.7617E-09 1.8312E-09 1.9527E-09 2.0158E-09 2.1135E-09 2.1848E-09 2.2960E-09 2.3458E-09 2.4588E-09 2.5247E-09 2.6137E-09 2.7386E-09 2.8150E-09 2.8949E-09 3.0088E-09 3.0556E-09 3.1670E-09 3.1964E-09 3.2996E-09 3.3285E-09 3.4183E-09 3.4354E-09 3.5458E-09 3.5565E-09 3.6013E-09 3.6597E-09 3.6823E-09 3.6571E-09 3.7227E-09 3.7490E-09 3.7744E-09 3.7202E-09 3.7324E-09 3.7643E-09 3.8282E-09 3.8671E-09 3.9274E-09 3.9727E-09 4.0260E-09 4.0760E-09 4.1134E-09
6.7449E-10 7.2007E-10 7.7016E-10 8.2119E-10 8.7498E-10 9.3075E-10 9.8846E-10 1.0475E-09 1.1085E-09 1.1717E-09 1.2432E-09 1.3176E-09 1.3875E-09 1.4577E-09 1.5319E-09 1.5999E-09 1.6900E-09 1.7487E-09 1.8816E-09 1.9175E-09 2.0009E-09 2.1052E-09 2.1564E-09 2.2563E-09 2.3403E-09 2.3991E-09 2.5145E-09 2.5923E-09 2.6742E-09 2.7671E-09 2.8594E-09 2.9108E-09 3.0038E-09 3.0486E-09 3.1203E-09 3.1768E-09 3.2578E-09 3.2991E-09 3.3586E-09 3.4137E-09 3.4087E-09 3.4910E-09 3.5039E-09 3.5138E-09 3.5174E-09 3.6012E-09 3.5807E-09 3.5672E-09 3.5855E-09 3.6155E-09 3.6584E-09 3.7084E-09 3.7449E-09 3.7882E-09 3.8462E-09 3.8920E-09 3.9435E-09
6.5136E-10 6.9534E-10 7.4285E-10 7.9234E-10 8.4373E-10 8.9759E-10 9.5338E-10 1.0110E-09 1.0699E-09 1.1311E-09 1.1975E-09 1.2658E-09 1.3376E-09 1.4067E-09 1.4735E-09 1.5437E-09 1.6217E-09 1.6861E-09 1.7828E-09 1.8397E-09 1.8949E-09 2.0290E-09 2.0495E-09 2.1555E-09 2.2419E-09 2.3045E-09 2.3936E-09 2.4552E-09 2.5730E-09 2.6402E-09 2.7109E-09 2.7952E-09 2.8504E-09 2.9294E-09 2.9700E-09 3.0540E-09 3.0865E-09 3.1721E-09 3.1810E-09 3.2822E-09 3.2654E-09 3.3382E-09 3.3544E-09 3.3808E-09 3.3474E-09 3.4403E-09 3.4325E-09 3.4348E-09 3.4482E-09 3.4783E-09 3.5102E-09 3.5566E-09 3.5798E-09 3.6332E-09 3.6628E-09 3.7151E-09 3.7729E-09
6.2816E-10 6.7134E-10 7.1715E-10 7.6489E-10 8.1395E-10 8.6596E-10 9.1987E-10 9.7560E-10 1.0326E-09 1.0918E-09 1.1541E-09 1.2192E-09 1.2909E-09 1.3553E-09 1.4201E-09 1.4895E-09 1.5561E-09 1.6262E-09 1.6885E-09 1.7701E-09 1.8276E-09 1.9346E-09 1.9715E-09 2.0606E-09 2.1267E-09 2.1915E-09 2.2908E-09 2.3605E-09 2.4402E-09 2.5093E-09 2.5791E-09 2.6727E-09 2.7018E-09 2.8036E-09 2.8356E-09 2.9119E-09 2.9481E-09 3.0258E-09 3.0388E-09 3.1321E-09 3.1385E-09 3.1507E-09 3.2226E-09 3.2373E-09 3.2196E-09 3.2829E-09 3.3023E-09 3.3143E-09 3.3313E-09 3.3515E-09 3.3783E-09 3.4221E-09 3.4550E-09 3.4798E-09 3.5091E-09 3.5546E-09 3.5905E-09
6.0639E-10 6.4804E-10 6.9144E-10 7.3825E-10 7.8561E-10 8.3529E-10 8.8738E-10 9.4125E-10 9.9638E-10 1.0531E-09 1.1117E-09 1.1756E-09 1.2411E-09 1.3058E-09 1.3704E-09 1.4345E-09 1.4986E-09 1.5687E-09 1.6296E-09 1.7018E-09 1.7631E-09 1.8312E-09 1.8994E-09 1.9547E-09 2.0394E-09 2.0993E-09 2.1767E-09 2.2592E-09 2.3123E-09 2.4018E-09 2.4773E-09 2.5406E-09 2.5981E-09 2.6630E-09 2.7124E-09 2.7709E-09 2.8208E-09 2.8952E-09 2.9255E-09 2.9789E-09 3.0215E-09 3.0161E-09 3.0846E-09 3.0988E-09 3.1038E-09 3.1238E-09 3.1816E-09 3.2011E-09 3.2186E-09 3.2403E-09 3.2600E-09 3.2889E-09 3.3272E-09 3.3480E-09 3.3809E-09 3.4073E-09 3.4337E-09
5.8456E-10 6.2543E-10 6.6651E-10 7.1168E-10 7.5762E-10 8.0560E-10 8.5591E-10 9.0749E-10 9.6130E-10 1.0161E-09 1.0728E-09 1.1333E-09 1.1934E-09 1.2601E-09 1.3216E-09 1.3818E-09 1.4462E-09 1.5098E-09 1.5727E-09 1.6353E-09 1.7012E-09 1.7595E-09 1.8313E-09 1.8867E-09 1.9579E-09 2.0125E-09 2.0919E-09 2.1643E-09 2.2111E-09 2.2970E-09 2.3560E-09 2.4049E-09 2.5015E-09 2.5265E-09 2.6128E-09 2.6470E-09 2.7180E-09 2.7496E-09 2.8193E-09 2.8287E-09 2.9120E-09 2.9008E-09 2.9380E-09 2.9815E-09 2.9970E-09 3.0190E-09 3.0641E-09 3.0921E-09 3.1148E-09 3.1360E-09 3.1563E-09 3.1760E-09 3.2084E-09 3.2311E-09 3.2577E-09 3.2766E-09 3.3107E-09
5.6341E-10 6.0351E-10 6.4314E-10 6.8593E-10 7.3052E-10 7.7685E-10 8.2547E-10 8.7533E-10 9.2735E-10 9.8033E-10 1.0346E-09 1.0905E-09 1.1519E-09 1.2140E-09 1.2737E-09 1.3335E-09 1.3946E-09 1.4537E-09 1.5177E-09 1.5758E-09 1.6415E-09 1.6986E-09 1.7612E-09 1.8212E-09 1.8803E-09 1.9424E-09 2.0051E-09 2.0621E-09 2.1308E-09 2.1913E-09 2.2428E-09 2.3131E-09 2.3874E-09 2.4175E-09 2.4992E-09 2.5186E-09 2.6011E-09 2.6160E-09 2.6992E-09 2.7090E-09 2.7905E-09 2.7960E-09 2.8194E-09 2.8749E-09 2.8960E-09 2.9204E-09 2.9511E-09 2.9898E-09 3.0122E-09 3.0343E-09 3.0570E-09 3.0773E-09 3.1053E-09 3.1265E-09 3.1453E-09 3.1679E-09 3.1927E-09
5.4292E-10 5.8157E-10 6.2049E-10 6.6099E-10 7.0478E-10 7.4902E-10 7.9598E-10 8.4418E-10 8.9396E-10 9.4564E-10 9.9807E-10 1.0520E-09 1.1102E-09 1.1677E-09 1.2282E-09 1.2868E-09 1.3439E-09 1.4030E-09 1.4634E-09 1.5210E-09 1.5808E-09 1.6397E-09 1.6953E-09 1.7581E-09 1.8122E-09 1.8750E-09 1.9269E-09 1.9905E-09 2.0477E-09 2.1015E-09 2.1639E-09 2.2238E-09 2.2770E-09 2.3308E-09 2.3851E-09 2.4293E-09 2.4902E-09 2.5239E-09 2.5836E-09 2.6140E-09 2.6624E-09 2.6985E-09 2.7252E-09 2.7650E-09 2.8000E-09 2.8259E-09 2.8516E-09 2.8936E-09 2.9170E-09 2.9398E-09 2.9615E-09 2.9822E-09 3.0031E-09 3.0304E-09 3.0478E-09 3.0640E-09 3.0808E-09
5.2381E-10 5.6033E-10 5.9856E-10 6.3763E-10 6.7914E-10 7.2211E-10 7.6747E-10 8.1404E-10 8.6213E-10 9.1206E-10 9.6270E-10 1.0144E-09 1.0685E-09 1.1251E-09 1.1850E-09 1.2403E-09 1.2960E-09 1.3539E-09 1.4089E-09 1.4680E-09 1.5228E-09 1.5828E-09 1.6369E-09 1.6957E-09 1.7501E-09 1.8045E-09 1.8612E-09 1.9169E-09 1.9706E-09 2.0295E-09 2.0857E-09 2.1374E-09 2.1906E-09 2.2489E-09 2.2884E-09 2.3448E-09 2.3881E-09 2.4367E-09 2.4776E-09 2.5243E-09 2.5556E-09 2.6065E-09 2.6351E-09 2.6644E-09 2.7083E-09 2.7352E-09 2.7615E-09 2.7907E-09 2.8253E-09 2.8486E-09 2.8708E-09 2.8918E-09 2.9115E-09 2.9393E-09 2.9571E-09 2.9737E-09 2.9890E-09
5.0532E-10 5.4048E-10 5.7732E-10 6.1431E-10 6.5507E-10 6.9608E-10 7.3945E-10 7.8491E-10 8.3134E-10 8.7908E-10 9.2798E-10 9.7834E-10 1.0296E-09 1.0856E-09 1.1401E-09 1.1955E-09 1.2505E-09 1.3050E-09 1.3597E-09 1.4168E-09 1.4700E-09 1.5267E-09 1.5805E-09 1.6343E-09 1.6900E-09 1.7412E-09 1.7977E-09 1.8472E-09 1.9037E-09 1.9580E-09 2.0089E-09 2.0610E-09 2.1157E-09 2.1647E-09 2.2109E-09 2.2611E-09 2.3019E-09 2.3537E-09 2.3887E-09 2.4389E-09 2.4712E-09 2.5153E-09 2.5488E-09 2.5785E-09 2.6173E-09 2.6478E-09 2.6745E-09 2.7003E-09 2.7369E-09 2.7605E-09 2.7830E-09 2.8043E-09 2.8243E-09 2.8431E-09 2.8693E-09 2.8861E-09 2.9017E-09
