Assets/Resources/2015_m01_d11_2000(utc+0800)_l00_csi_1hr_conc.grd
DSAA
         159         159
     -79.000      79.000
     -79.000      79.000
  0.0000E+00  0.8392E-05
[rows 0 to 24 of 159, columns 0 to 56 of 159]
2.4063E-09 2.5249E-09 2.6394E-09 2.7491E-09 2.8528E-09 2.9493E-09 3.0371E-09 3.1156E-09 3.1843E-09 3.2414E-09 3.2859E-09 3.3174E-09 3.3365E-09 3.3421E-09 3.3337E-09 3.3109E-09 3.2743E-09 3.2250E-09 3.1630E-09 3.0889E-09 3.0029E-09 2.9063E-09 2.8003E-09 2.6858E-09 2.5645E-09 2.4376E-09 2.3064E-09 2.1723E-09 2.0364E-09 1.9000E-09 1.7643E-09 1.6302E-09 1.4988E-09 1.3711E-09 1.2478E-09 1.1296E-09 1.0172E-09 9.1070E-10 8.1083E-10 7.1785E-10 6.3140E-10 5.5233E-10 4.7993E-10 4.1430E-10 3.5499E-10 3.0197E-10 2.5420E-10 2.0987E-10 1.6871E-10 1.3253E-10 9.6418E-11 6.2332E-11 3.0620E-11 9.4856E-12 3.6945E-12 7.9285E-13 0.0000E+00
2.4955E-09 2.6209E-09 2.7425E-09 2.8599E-09 2.9709E-09 3.0743E-09 3.1694E-09 3.2553E-09 3.3301E-09 3.3927E-09 3.4431E-09 3.4809E-09 3.5048E-09 3.5137E-09 3.5080E-09 3.4885E-09 3.4547E-09 3.4070E-09 3.3452E-09 3.2699E-09 3.1825E-09 3.0841E-09 2.9755E-09 2.8580E-09 2.7326E-09 2.6010E-09 2.4646E-09 2.3246E-09 2.1822E-09 2.0393E-09 1.8965E-09 1.7552E-09 1.6165E-09 1.4811E-09 1.3502E-09 1.2245E-09 1.1044E-09 9.9058E-10 8.8361E-10 7.8347E-10 6.9078E-10 6.0514E-10 5.2674E-10 4.5570E-10 3.9116E-10 3.3326E-10 2.8122E-10 2.3507E-10 1.9124E-10 1.5104E-10 1.1215E-10 7.5133E-11 4.2075E-11 1.6811E-11 5.9032E-12 2.1914E-12 0.0000E+00
2.5798E-09 2.7125E-09 2.8421E-09 2.9666E-09 3.0847E-09 3.1958E-09 3.2988E-09 3.3912E-09 3.4724E-09 3.5420E-09 3.5994E-09 3.6426E-09 3.6705E-09 3.6845E-09 3.6838E-09 3.6679E-09 3.6363E-09 3.5893E-09 3.5282E-09 3.4536E-09 3.3660E-09 3.2663E-09 3.1554E-09 3.0346E-09 2.9054E-09 2.7693E-09 2.6278E-09 2.4823E-09 2.3342E-09 2.1846E-09 2.0348E-09 1.8862E-09 1.7398E-09 1.5967E-09 1.4580E-09 1.3243E-09 1.1964E-09 1.0752E-09 9.6077E-10 8.5367E-10 7.5413E-10 6.6186E-10 5.7743E-10 5.0042E-10 4.3047E-10 3.6774E-10 3.1142E-10 2.6087E-10 2.1554E-10 1.7152E-10 1.2958E-10 9.0334E-11 5.4553E-11 2.5052E-11 1.0568E-11 4.4205E-12 9.2167E-13
2.6593E-09 2.7996E-09 2.9362E-09 3.0679E-09 3.1941E-09 3.3131E-09 3.4228E-09 3.5222E-09 3.6116E-09 3.6886E-09 3.7518E-09 3.8005E-09 3.8354E-09 3.8552E-09 3.8586E-09 3.8455E-09 3.8169E-09 3.7731E-09 3.7143E-09 3.6406E-09 3.5527E-09 3.4520E-09 3.3396E-09 3.2167E-09 3.0850E-09 2.9456E-09 2.7997E-09 2.6492E-09 2.4952E-09 2.3391E-09 2.1827E-09 2.0269E-09 1.8733E-09 1.7226E-09 1.5760E-09 1.4344E-09 1.2987E-09 1.1695E-09 1.0472E-09 9.3263E-10 8.2549E-10 7.2648E-10 6.3540E-10 5.5208E-10 4.7607E-10 4.0745E-10 3.4566E-10 2.9060E-10 2.4163E-10 1.9543E-10 1.4938E-10 1.0659E-10 6.9612E-11 3.5756E-11 1.8244E-11 6.6281E-12 2.4446E-12
2.7332E-09 2.8803E-09 3.0242E-09 3.1639E-09 3.2978E-09 3.4237E-09 3.5411E-09 3.6494E-09 3.7460E-09 3.8297E-09 3.8996E-09 3.9564E-09 3.9977E-09 4.0221E-09 4.0302E-09 4.0224E-09 3.9983E-09 3.9577E-09 3.9004E-09 3.8276E-09 3.7408E-09 3.6403E-09 3.5274E-09 3.4032E-09 3.2690E-09 3.1259E-09 2.9759E-09 2.8205E-09 2.6612E-09 2.4995E-09 2.3365E-09 2.1737E-09 2.0126E-09 1.8541E-09 1.6995E-09 1.5497E-09 1.4059E-09 1.2684E-09 1.1384E-09 1.0157E-09 9.0129E-10 7.9498E-10 6.9672E-10 6.0690E-10 5.2481E-10 4.5058E-10 3.8379E-10 3.2315E-10 2.6915E-10 2.2150E-10 1.7187E-10 1.2594E-10 8.4915E-11 4.7622E-11 2.7209E-11 1.3463E-11 4.9618E-12
2.8004E-09 2.9544E-09 3.1058E-09 3.2530E-09 3.3941E-09 3.5280E-09 3.6542E-09 3.7698E-09 3.8737E-09 3.9653E-09 4.0440E-09 4.1073E-09 4.1542E-09 4.1852E-09 4.2001E-09 4.1977E-09 4.1775E-09 4.1399E-09 4.0860E-09 4.0164E-09 3.9315E-09 3.8318E-09 3.7185E-09 3.5930E-09 3.4566E-09 3.3115E-09 3.1586E-09 2.9991E-09 2.8351E-09 2.6675E-09 2.4980E-09 2.3283E-09 2.1595E-09 1.9935E-09 1.8311E-09 1.6735E-09 1.5212E-09 1.3757E-09 1.2372E-09 1.1065E-09 9.8398E-10 8.6984E-10 7.6439E-10 6.6730E-10 5.7827E-10 4.9754E-10 4.2501E-10 3.5979E-10 3.0104E-10 2.4881E-10 1.9806E-10 1.4732E-10 1.0354E-10 6.2769E-11 3.7873E-11 2.0131E-11 8.3259E-12
2.8602E-09 3.0210E-09 3.1799E-09 3.3342E-09 3.4829E-09 3.6255E-09 3.7590E-09 3.8825E-09 3.9949E-09 4.0953E-09 4.1811E-09 4.2510E-09 4.3062E-09 4.3448E-09 4.3657E-09 4.3683E-09 4.3534E-09 4.3212E-09 4.2720E-09 4.2054E-09 4.1222E-09 4.0239E-09 3.9115E-09 3.7867E-09 3.6502E-09 3.5034E-09 3.3478E-09 3.1849E-09 3.0162E-09 2.8438E-09 2.6691E-09 2.4932E-09 2.3179E-09 2.1445E-09 1.9743E-09 1.8084E-09 1.6478E-09 1.4936E-09 1.3465E-09 1.2075E-09 1.0764E-09 9.5415E-10 8.4074E-10 7.3615E-10 6.4017E-10 5.5248E-10 4.7372E-10 4.0244E-10 3.3861E-10 2.8121E-10 2.2747E-10 1.7342E-10 1.2579E-10 8.0799E-11 5.2330E-11 3.1575E-11 1.5576E-11
2.9119E-09 3.0799E-09 3.2453E-09 3.4068E-09 3.5639E-09 3.7139E-09 3.8554E-09 3.9875E-09 4.1086E-09 4.2166E-09 4.3097E-09 4.3892E-09 4.4522E-09 4.4976E-09 4.5249E-09 4.5350E-09 4.5268E-09 4.5003E-09 4.4552E-09 4.3925E-09 4.3133E-09 4.2183E-09 4.1083E-09 3.9842E-09 3.8476E-09 3.6997E-09 3.5424E-09 3.3771E-09 3.2052E-09 3.0285E-09 2.8482E-09 2.6663E-09 2.4838E-09 2.3027E-09 2.1244E-09 1.9503E-09 1.7815E-09 1.6184E-09 1.4628E-09 1.3147E-09 1.1751E-09 1.0441E-09 9.2221E-10 8.0928E-10 7.0530E-10 6.1037E-10 5.2491E-10 4.4794E-10 3.7902E-10 3.1668E-10 2.5854E-10 2.0291E-10 1.4959E-10 1.0229E-10 6.8747E-11 4.3140E-11 2.4401E-11
2.9556E-09 3.1295E-09 3.3014E-09 3.4708E-09 3.6351E-09 3.7928E-09 3.9428E-09 4.0835E-09 4.2126E-09 4.3283E-09 4.4316E-09 4.5192E-09 4.5897E-09 4.6430E-09 4.6792E-09 4.6968E-09 4.6953E-09 4.6747E-09 4.6360E-09 4.5792E-09 4.5048E-09 4.4132E-09 4.3059E-09 4.1840E-09 4.0487E-09 3.9017E-09 3.7438E-09 3.5765E-09 3.4016E-09 3.2203E-09 3.0349E-09 2.8475E-09 2.6591E-09 2.4713E-09 2.2855E-09 2.1035E-09 1.9259E-09 1.7543E-09 1.5895E-09 1.4324E-09 1.2836E-09 1.1434E-09 1.0126E-09 8.9088E-10 7.7874E-10 6.7579E-10 5.8251E-10 4.9846E-10 4.2274E-10 3.5486E-10 2.9247E-10 2.3409E-10 1.7783E-10 1.2606E-10 8.7494E-11 5.7854E-11 3.5261E-11
2.9896E-09 3.1695E-09 3.3485E-09 3.5246E-09 3.6962E-09 3.8618E-09 4.0202E-09 4.1688E-09 4.3058E-09 4.4318E-09 4.5435E-09 4.6390E-09 4.7187E-09 4.7816E-09 4.8263E-09 4.8514E-09 4.8580E-09 4.8455E-09 4.8141E-09 4.7635E-09 4.6945E-09 4.6081E-09 4.5051E-09 4.3867E-09 4.2537E-09 4.1075E-09 3.9494E-09 3.7810E-09 3.6044E-09 3.4208E-09 3.2319E-09 3.0394E-09 2.8454E-09 2.6508E-09 2.4576E-09 2.2671E-09 2.0812E-09 1.9009E-09 1.7268E-09 1.5604E-09 1.4022E-09 1.2528E-09 1.1125E-09 9.8161E-10 8.6071E-10 7.4941E-10 6.4853E-10 5.5697E-10 4.7474E-10 4.0044E-10 3.3295E-10 2.7136E-10 2.1273E-10 1.5604E-10 1.1221E-10 7.8149E-11 5.0961E-11
3.0143E-09 3.2000E-09 3.3851E-09 3.5679E-09 3.7465E-09 3.9201E-09 4.0862E-09 4.2425E-09 4.3896E-09 4.5241E-09 4.6438E-09 4.7493E-09 4.8389E-09 4.9109E-09 4.9640E-09 4.9992E-09 5.0148E-09 5.0111E-09 4.9873E-09 4.9445E-09 4.8826E-09 4.8028E-09 4.7052E-09 4.5908E-09 4.4611E-09 4.3172E-09 4.1610E-09 3.9932E-09 3.8153E-09 3.6295E-09 3.4369E-09 3.2398E-09 3.0400E-09 2.8396E-09 2.6397E-09 2.4419E-09 2.2479E-09 2.0586E-09 1.8755E-09 1.6995E-09 1.5315E-09 1.3721E-09 1.2218E-09 1.0814E-09 9.5069E-10 8.3082E-10 7.2061E-10 6.2066E-10 5.3057E-10 4.4866E-10 3.7554E-10 3.1016E-10 2.4823E-10 1.8683E-10 1.3814E-10 9.8996E-11 6.7555E-11
3.0289E-09 3.2201E-09 3.4112E-09 3.5998E-09 3.7859E-09 3.9667E-09 4.1398E-09 4.3057E-09 4.4611E-09 4.6036E-09 4.7337E-09 4.8491E-09 4.9482E-09 5.0297E-09 5.0938E-09 5.1389E-09 5.1644E-09 5.1700E-09 5.1558E-09 5.1218E-09 5.0685E-09 4.9956E-09 4.9045E-09 4.7958E-09 4.6713E-09 4.5311E-09 4.3764E-09 4.2096E-09 4.0320E-09 3.8452E-09 3.6514E-09 3.4516E-09 3.2478E-09 3.0420E-09 2.8356E-09 2.6306E-09 2.4281E-09 2.2303E-09 2.0378E-09 1.8519E-09 1.6740E-09 1.5045E-09 1.3445E-09 1.1937E-09 1.0533E-09 9.2400E-10 8.0478E-10 6.9632E-10 5.9766E-10 5.0802E-10 4.2732E-10 3.5576E-10 2.9010E-10 2.2645E-10 1.7289E-10 1.2795E-10 9.0092E-11
3.0337E-09 3.2299E-09 3.4256E-09 3.6209E-09 3.8134E-09 4.0004E-09 4.1823E-09 4.3562E-09 4.5192E-09 4.6717E-09 4.8117E-09 4.9368E-09 5.0459E-09 5.1388E-09 5.2137E-09 5.2693E-09 5.3057E-09 5.3220E-09 5.3186E-09 5.2944E-09 5.2499E-09 5.1860E-09 5.1030E-09 5.0019E-09 4.8823E-09 4.7465E-09 4.5960E-09 4.4320E-09 4.2560E-09 4.0693E-09 3.8736E-09 3.6708E-09 3.4628E-09 3.2514E-09 3.0392E-09 2.8273E-09 2.6174E-09 2.4109E-09 2.2094E-09 2.0140E-09 1.8256E-09 1.6459E-09 1.4749E-09 1.3137E-09 1.1629E-09 1.0229E-09 8.9397E-10 7.7535E-10 6.6756E-10 5.6925E-10 4.8146E-10 4.0337E-10 3.3262E-10 2.6544E-10 2.0757E-10 1.5579E-10 1.1287E-10
3.0283E-09 3.2282E-09 3.4292E-09 3.6301E-09 3.8279E-09 4.0226E-09 4.2118E-09 4.3927E-09 4.5653E-09 4.7273E-09 4.8765E-09 5.0116E-09 5.1325E-09 5.2365E-09 5.3222E-09 5.3897E-09 5.4380E-09 5.4663E-09 5.4736E-09 5.4605E-09 5.4271E-09 5.3735E-09 5.2994E-09 5.2057E-09 5.0938E-09 4.9647E-09 4.8196E-09 4.6590E-09 4.4849E-09 4.2992E-09 4.1034E-09 3.9000E-09 3.6901E-09 3.4756E-09 3.2583E-09 3.0403E-09 2.8232E-09 2.6085E-09 2.3978E-09 2.1923E-09 1.9940E-09 1.8036E-09 1.6217E-09 1.4498E-09 1.2881E-09 1.1376E-09 9.9791E-10 8.6941E-10 7.5146E-10 6.4383E-10 5.4708E-10 4.6060E-10 3.8383E-10 3.1172E-10 2.4997E-10 1.9323E-10 1.4454E-10
3.0124E-09 3.2159E-09 3.4215E-09 3.6268E-09 3.8307E-09 4.0319E-09 4.2276E-09 4.4168E-09 4.5980E-09 4.7688E-09 4.9277E-09 5.0745E-09 5.2061E-09 5.3209E-09 5.4195E-09 5.4995E-09 5.5601E-09 5.6006E-09 5.6209E-09 5.6202E-09 5.5986E-09 5.5557E-09 5.4920E-09 5.4083E-09 5.3057E-09 5.1842E-09 5.0447E-09 4.8890E-09 4.7188E-09 4.5360E-09 4.3417E-09 4.1373E-09 3.9252E-09 3.7068E-09 3.4846E-09 3.2605E-09 3.0361E-09 2.8136E-09 2.5942E-09 2.3796E-09 2.1712E-09 1.9696E-09 1.7770E-09 1.5934E-09 1.4205E-09 1.2582E-09 1.1070E-09 9.6737E-10 8.3848E-10 7.2136E-10 6.1569E-10 5.2122E-10 4.3662E-10 3.5880E-10 2.9298E-10 2.3071E-10 1.7513E-10
2.9861E-09 3.1929E-09 3.4021E-09 3.6117E-09 3.8212E-09 4.0280E-09 4.2302E-09 4.4273E-09 4.6167E-09 4.7964E-09 4.9662E-09 5.1231E-09 5.2655E-09 5.3934E-09 5.5042E-09 5.5971E-09 5.6711E-09 5.7252E-09 5.7589E-09 5.7717E-09 5.7628E-09 5.7320E-09 5.6808E-09 5.6089E-09 5.5157E-09 5.4023E-09 5.2710E-09 5.1226E-09 4.9581E-09 4.7784E-09 4.5858E-09 4.3818E-09 4.1688E-09 3.9489E-09 3.7237E-09 3.4950E-09 3.2653E-09 3.0357E-09 2.8080E-09 2.5840E-09 2.3651E-09 2.1530E-09 1.9488E-09 1.7537E-09 1.5690E-09 1.3946E-09 1.2319E-09 1.0803E-09 9.4023E-10 8.1181E-10 6.9554E-10 5.9077E-10 4.9705E-10 4.1228E-10 3.4017E-10 2.7400E-10 2.1223E-10
2.9498E-09 3.1592E-09 3.3712E-09 3.5850E-09 3.7990E-09 4.0107E-09 4.2199E-09 4.4241E-09 4.6208E-09 4.8104E-09 4.9900E-09 5.1571E-09 5.3118E-09 5.4519E-09 5.5757E-09 5.6821E-09 5.7699E-09 5.8387E-09 5.8868E-09 5.9134E-09 5.9183E-09 5.9025E-09 5.8646E-09 5.8038E-09 5.7218E-09 5.6202E-09 5.4988E-09 5.3578E-09 5.1993E-09 5.0249E-09 4.8369E-09 4.6364E-09 4.4247E-09 4.2045E-09 3.9773E-09 3.7450E-09 3.5095E-09 3.2729E-09 3.0375E-09 2.8045E-09 2.5760E-09 2.3530E-09 2.1371E-09 1.9306E-09 1.7331E-09 1.5467E-09 1.3709E-09 1.2066E-09 1.0545E-09 9.1506E-10 7.8824E-10 6.7354E-10 5.7008E-10 4.7564E-10 3.9540E-10 3.2187E-10 2.5667E-10
2.9038E-09 3.1150E-09 3.3294E-09 3.5466E-09 3.7641E-09 3.9810E-09 4.1960E-09 4.4061E-09 4.6116E-09 4.8101E-09 4.9984E-09 5.1771E-09 5.3436E-09 5.4960E-09 5.6329E-09 5.7536E-09 5.8564E-09 5.9397E-09 6.0027E-09 6.0447E-09 6.0660E-09 6.0645E-09 6.0397E-09 5.9934E-09 5.9255E-09 5.8355E-09 5.7239E-09 5.5927E-09 5.4432E-09 5.2766E-09 5.0937E-09 4.8966E-09 4.6869E-09 4.4666E-09 4.2381E-09 4.0029E-09 3.7631E-09 3.5213E-09 3.2786E-09 3.0373E-09 2.7992E-09 2.5657E-09 2.3390E-09 2.1199E-09 1.9101E-09 1.7104E-09 1.5215E-09 1.3440E-09 1.1789E-09 1.0266E-09 8.8727E-10 7.6062E-10 6.4620E-10 5.4313E-10 4.5513E-10 3.7350E-10 3.0128E-10
2.8488E-09 3.0606E-09 3.2770E-09 3.4965E-09 3.7170E-09 3.9387E-09 4.1584E-09 4.3752E-09 4.5884E-09 4.7943E-09 4.9929E-09 5.1824E-09 5.3600E-09 5.5251E-09 5.6761E-09 5.8110E-09 5.9286E-09 6.0275E-09 6.1064E-09 6.1653E-09 6.2021E-09 6.2156E-09 6.2074E-09 6.1768E-09 6.1227E-09 6.0452E-09 5.9471E-09 5.8278E-09 5.6885E-09 5.5300E-09 5.3541E-09 5.1633E-09 4.9585E-09 4.7413E-09 4.5138E-09 4.2779E-09 4.0359E-09 3.7897E-09 3.5411E-09 3.2927E-09 3.0454E-09 2.8021E-09 2.5639E-09 2.3327E-09 2.1102E-09 1.8968E-09 1.6942E-09 1.5030E-09 1.3243E-09 1.1589E-09 1.0066E-09 8.6754E-10 7.4064E-10 6.2534E-10 5.2602E-10 4.3494E-10 3.5466E-10
2.7846E-09 2.9967E-09 3.2143E-09 3.4350E-09 3.6588E-09 3.8838E-09 4.1075E-09 4.3311E-09 4.5505E-09 4.7644E-09 4.9727E-09 5.1721E-09 5.3613E-09 5.5394E-09 5.7039E-09 5.8534E-09 5.9865E-09 6.1009E-09 6.1972E-09 6.2725E-09 6.3252E-09 6.3569E-09 6.3657E-09 6.3505E-09 6.3115E-09 6.2505E-09 6.1666E-09 6.0600E-09 5.9321E-09 5.7845E-09 5.6185E-09 5.4348E-09 5.2352E-09 5.0217E-09 4.7962E-09 4.5606E-09 4.3172E-09 4.0674E-09 3.8140E-09 3.5581E-09 3.3026E-09 3.0492E-09 2.8001E-09 2.5570E-09 2.3211E-09 2.0941E-09 1.8770E-09 1.6712E-09 1.4781E-09 1.2980E-09 1.1316E-09 9.7872E-10 8.3888E-10 7.1272E-10 6.0328E-10 5.0174E-10 4.1117E-10
2.7122E-09 2.9239E-09 3.1415E-09 3.3633E-09 3.5893E-09 3.8164E-09 4.0451E-09 4.2735E-09 4.4983E-09 4.7208E-09 4.9376E-09 5.1465E-09 5.3477E-09 5.5381E-09 5.7161E-09 5.8804E-09 6.0284E-09 6.1601E-09 6.2731E-09 6.3642E-09 6.4361E-09 6.4857E-09 6.5111E-09 6.5133E-09 6.4929E-09 6.4484E-09 6.3790E-09 6.2876E-09 6.1741E-09 6.0391E-09 5.8834E-09 5.7086E-09 5.5178E-09 5.3114E-09 5.0910E-09 4.8584E-09 4.6151E-09 4.3640E-09 4.1070E-09 3.8461E-09 3.5836E-09 3.3216E-09 3.0623E-09 2.8070E-09 2.5580E-09 2.3169E-09 2.0852E-09 1.8646E-09 1.6561E-09 1.4607E-09 1.2790E-09 1.1108E-09 9.5638E-10 8.1566E-10 6.9275E-10 5.7947E-10 4.8019E-10
2.6320E-09 2.8426E-09 3.0596E-09 3.2821E-09 3.5088E-09 3.7380E-09 3.9705E-09 4.2023E-09 4.4337E-09 4.6631E-09 4.8872E-09 5.1068E-09 5.3185E-09 5.5207E-09 5.7127E-09 5.8906E-09 6.0549E-09 6.2031E-09 6.3313E-09 6.4422E-09 6.5321E-09 6.5989E-09 6.6436E-09 6.6656E-09 6.6628E-09 6.6349E-09 6.5845E-09 6.5100E-09 6.4114E-09 6.2902E-09 6.1480E-09 5.9863E-09 5.8054E-09 5.6065E-09 5.3916E-09 5.1624E-09 4.9214E-09 4.6704E-09 4.4105E-09 4.1451E-09 3.8762E-09 3.6063E-09 3.3369E-09 3.0702E-09 2.8085E-09 2.5530E-09 2.3064E-09 2.0699E-09 1.8453E-09 1.6334E-09 1.4348E-09 1.2503E-09 1.0801E-09 9.2574E-10 7.8974E-10 6.6344E-10 5.5037E-10
2.5448E-09 2.7535E-09 2.9694E-09 3.1916E-09 3.4180E-09 3.6496E-09 3.8842E-09 4.1193E-09 4.3562E-09 4.5909E-09 4.8235E-09 5.0518E-09 5.2736E-09 5.4883E-09 5.6920E-09 5.8847E-09 6.0647E-09 6.2274E-09 6.3744E-09 6.5033E-09 6.6105E-09 6.6973E-09 6.7620E-09 6.8029E-09 6.8189E-09 6.8121E-09 6.7804E-09 6.7230E-09 6.6417E-09 6.5382E-09 6.4121E-09 6.2637E-09 6.0938E-09 5.9051E-09 5.6991E-09 5.4770E-09 5.2403E-09 4.9913E-09 4.7320E-09 4.4644E-09 4.1916E-09 3.9150E-09 3.6370E-09 3.3597E-09 3.0850E-09 2.8157E-09 2.5538E-09 2.3014E-09 2.0600E-09 1.8303E-09 1.6141E-09 1.4115E-09 1.2240E-09 1.0527E-09 8.9944E-10 7.5872E-10 6.3389E-10
2.4516E-09 2.6576E-09 2.8717E-09 3.0925E-09 3.3187E-09 3.5512E-09 3.7864E-09 4.0253E-09 4.2662E-09 4.5055E-09 4.7458E-09 4.9817E-09 5.2137E-09 5.4388E-09 5.6549E-09 5.8622E-09 6.0553E-09 6.2350E-09 6.3999E-09 6.5453E-09 6.6722E-09 6.7788E-09 6.8633E-09 6.9240E-09 6.9622E-09 6.9755E-09 6.9628E-09 6.9262E-09 6.8659E-09 6.7806E-09 6.6709E-09 6.5375E-09 6.3833E-09 6.2075E-09 6.0119E-09 5.7986E-09 5.5681E-09 5.3236E-09 5.0661E-09 4.7979E-09 4.5213E-09 4.2383E-09 3.9520E-09 3.6641E-09 3.3774E-09 3.0943E-09 2.8171E-09 2.5481E-09 2.2885E-09 2.0406E-09 1.8056E-09 1.5847E-09 1.3795E-09 1.1913E-09 1.0219E-09 8.6507E-10 7.2305E-10
2.3529E-09 2.5556E-09 2.7672E-09 2.9859E-09 3.2112E-09 3.4434E-09 3.6793E-09 3.9208E-09 4.1637E-09 4.4083E-09 4.6543E-09 4.8977E-09 5.1386E-09 5.3730E-09 5.6017E-09 5.8210E-09 6.0285E-09 6.2249E-09 6.4049E-09 6.5688E-09 6.7154E-09 6.8416E-09 6.9456E-09 7.0290E-09 7.0886E-09 7.1223E-09 7.1327E-09 7.1188E-09 7.0787E-09 7.0130E-09 6.9227E-09 6.8091E-09 6.6708E-09 6.5105E-09 6.3284E-09 6.1262E-09 5.9051E-09 5.6659E-09 5.4118E-09 5.1453E-09 4.8673E-09 4.5807E-09 4.2878E-09 3.9911E-09 3.6932E-09 3.3967E-09 3.1044E-09 2.8181E-09 2.5404E-09 2.2734E-09 2.0181E-09 1.7768E-09 1.5511E-09 1.3446E-09 1.1550E-09 9.8087E-10 8.2472E-10
