Assets/Resources/2015_m01_d08_0800(utc+0800)_l00_csi_1hr_conc.grd
DSAA
         159         159
     -79.000      79.000
     -79.000      79.000
  0.0000E+00  0.3385E-04
[rows 0 to 24 of 159, columns 57 to 113 of 159]
2.7633E-09 2.8455E-09 2.9288E-09 3.0126E-09 3.0967E-09 3.1810E-09 3.2648E-09 3.3490E-09 3.4331E-09 3.5168E-09 3.6001E-09 3.6821E-09 3.7633E-09 3.8441E-09 3.9233E-09 4.0025E-09 4.0794E-09 4.1559E-09 4.2303E-09 4.3031E-09 4.3747E-09 4.4440E-09 4.5103E-09 4.5746E-09 4.6366E-09 4.6948E-09 4.7494E-09 4.8021E-09 4.8498E-09 4.8911E-09 4.9254E-09 4.9573E-09 4.9835E-09 5.0063E-09 5.0270E-09 5.0433E-09 5.0566E-09 5.0668E-09 5.0610E-09 5.0486E-09 5.0311E-09 5.0102E-09 4.9861E-09 4.9603E-09 4.9304E-09 4.8979E-09 4.8630E-09 4.8256E-09 4.7863E-09 4.7448E-09 4.7017E-09 4.6567E-09 4.6115E-09 4.5650E-09 4.5159E-09 4.4656E-09 4.4142E-09
2.8335E-09 2.9194E-09 3.0049E-09 3.0919E-09 3.1781E-09 3.2650E-09 3.3521E-09 3.4385E-09 3.5252E-09 3.6116E-09 3.6969E-09 3.7821E-09 3.8665E-09 3.9499E-09 4.0316E-09 4.1126E-09 4.1920E-09 4.2706E-09 4.3476E-09 4.4220E-09 4.4949E-09 4.5655E-09 4.6328E-09 4.6974E-09 4.7610E-09 4.8194E-09 4.8744E-09 4.9273E-09 4.9742E-09 5.0133E-09 5.0481E-09 5.0777E-09 5.1050E-09 5.1276E-09 5.1479E-09 5.1637E-09 5.1769E-09 5.1801E-09 5.1694E-09 5.1535E-09 5.1337E-09 5.1119E-09 5.0856E-09 5.0564E-09 5.0244E-09 4.9897E-09 4.9526E-09 4.9132E-09 4.8717E-09 4.8282E-09 4.7830E-09 4.7374E-09 4.6892E-09 4.6396E-09 4.5886E-09 4.5380E-09 4.4881E-09
2.9059E-09 2.9940E-09 3.0827E-09 3.1713E-09 3.2608E-09 3.3505E-09 3.4403E-09 3.5301E-09 3.6190E-09 3.7081E-09 3.7967E-09 3.8846E-09 3.9710E-09 4.0570E-09 4.1413E-09 4.2249E-09 4.3073E-09 4.3871E-09 4.4657E-09 4.5424E-09 4.6159E-09 4.6886E-09 4.7568E-09 4.8224E-09 4.8865E-09 4.9453E-09 5.0003E-09 5.0527E-09 5.0987E-09 5.1365E-09 5.1710E-09 5.2005E-09 5.2274E-09 5.2500E-09 5.2687E-09 5.2849E-09 5.2952E-09 5.2897E-09 5.2760E-09 5.2576E-09 5.2369E-09 5.2116E-09 5.1833E-09 5.1518E-09 5.1176E-09 5.0809E-09 5.0415E-09 5.0001E-09 4.9565E-09 4.9111E-09 4.8638E-09 4.8151E-09 4.7650E-09 4.7151E-09 4.6640E-09 4.6136E-09 4.5590E-09
2.9794E-09 3.0697E-09 3.1605E-09 3.2531E-09 3.3448E-09 3.4380E-09 3.5300E-09 3.6220E-09 3.7142E-09 3.8062E-09 3.8975E-09 3.9882E-09 4.0773E-09 4.1660E-09 4.2536E-09 4.3391E-09 4.4233E-09 4.5058E-09 4.5853E-09 4.6644E-09 4.7391E-09 4.8111E-09 4.8821E-09 4.9485E-09 5.0121E-09 5.0724E-09 5.1276E-09 5.1793E-09 5.2232E-09 5.2607E-09 5.2938E-09 5.3232E-09 5.3500E-09 5.3721E-09 5.3901E-09 5.4049E-09 5.4089E-09 5.3982E-09 5.3817E-09 5.3610E-09 5.3370E-09 5.3095E-09 5.2788E-09 5.2453E-09 5.2088E-09 5.1699E-09 5.1285E-09 5.0849E-09 5.0392E-09 4.9917E-09 4.9425E-09 4.8920E-09 4.8435E-09 4.7920E-09 4.7394E-09 4.6840E-09 4.6276E-09
3.0527E-09 3.1464E-09 3.2407E-09 3.3355E-09 3.4307E-09 3.5256E-09 3.6210E-09 3.7165E-09 3.8117E-09 3.9065E-09 4.0000E-09 4.0935E-09 4.1861E-09 4.2769E-09 4.3677E-09 4.4554E-09 4.5408E-09 4.6259E-09 4.7072E-09 4.7874E-09 4.8634E-09 4.9365E-09 5.0076E-09 5.0758E-09 5.1389E-09 5.1990E-09 5.2557E-09 5.3045E-09 5.3473E-09 5.3845E-09 5.4175E-09 5.4477E-09 5.4732E-09 5.4946E-09 5.5116E-09 5.5233E-09 5.5181E-09 5.5041E-09 5.4851E-09 5.4623E-09 5.4359E-09 5.4062E-09 5.3734E-09 5.3375E-09 5.2990E-09 5.2578E-09 5.2144E-09 5.1685E-09 5.1209E-09 5.0714E-09 5.0223E-09 4.9736E-09 4.9218E-09 4.8670E-09 4.8110E-09 4.7537E-09 4.6955E-09
3.1281E-09 3.2241E-09 3.3219E-09 3.4190E-09 3.5165E-09 3.6156E-09 3.7134E-09 3.8117E-09 3.9099E-09 4.0069E-09 4.1048E-09 4.2005E-09 4.2958E-09 4.3902E-09 4.4819E-09 4.5731E-09 4.6605E-09 4.7472E-09 4.8299E-09 4.9098E-09 4.9878E-09 5.0631E-09 5.1351E-09 5.2036E-09 5.2672E-09 5.3267E-09 5.3826E-09 5.4294E-09 5.4708E-09 5.5087E-09 5.5417E-09 5.5705E-09 5.5955E-09 5.6159E-09 5.6313E-09 5.6362E-09 5.6256E-09 5.6086E-09 5.5873E-09 5.5623E-09 5.5337E-09 5.5017E-09 5.4667E-09 5.4287E-09 5.3880E-09 5.3447E-09 5.2991E-09 5.2512E-09 5.2035E-09 5.1541E-09 5.1053E-09 5.0516E-09 4.9963E-09 4.9396E-09 4.8817E-09 4.8226E-09 4.7626E-09
3.2032E-09 3.3033E-09 3.4028E-09 3.5035E-09 3.6047E-09 3.7060E-09 3.8075E-09 3.9082E-09 4.0094E-09 4.1101E-09 4.2102E-09 4.3096E-09 4.4072E-09 4.5049E-09 4.5988E-09 4.6919E-09 4.7810E-09 4.8677E-09 4.9538E-09 5.0350E-09 5.1140E-09 5.1904E-09 5.2622E-09 5.3311E-09 5.3948E-09 5.4546E-09 5.5087E-09 5.5544E-09 5.5955E-09 5.6323E-09 5.6649E-09 5.6935E-09 5.7177E-09 5.7368E-09 5.7500E-09 5.7453E-09 5.7313E-09 5.7118E-09 5.6883E-09 5.6610E-09 5.6302E-09 5.5961E-09 5.5587E-09 5.5186E-09 5.4756E-09 5.4321E-09 5.3861E-09 5.3404E-09 5.2891E-09 5.2367E-09 5.1827E-09 5.1270E-09 5.0698E-09 5.0113E-09 4.9515E-09 4.8906E-09 4.8287E-09
3.2803E-09 3.3821E-09 3.4852E-09 3.5890E-09 3.6931E-09 3.7976E-09 3.9014E-09 4.0066E-09 4.1101E-09 4.2146E-09 4.3171E-09 4.4203E-09 4.5209E-09 4.6192E-09 4.7165E-09 4.8098E-09 4.9015E-09 4.9909E-09 5.0771E-09 5.1607E-09 5.2400E-09 5.3173E-09 5.3894E-09 5.4577E-09 5.5228E-09 5.5820E-09 5.6330E-09 5.6785E-09 5.7192E-09 5.7559E-09 5.7882E-09 5.8164E-09 5.8394E-09 5.8567E-09 5.8626E-09 5.8525E-09 5.8353E-09 5.8135E-09 5.7878E-09 5.7619E-09 5.7327E-09 5.6966E-09 5.6573E-09 5.6152E-09 5.5703E-09 5.5229E-09 5.4734E-09 5.4221E-09 5.3691E-09 5.3150E-09 5.2591E-09 5.2015E-09 5.1424E-09 5.0820E-09 5.0204E-09 4.9633E-09 4.9030E-09
3.3568E-09 3.4628E-09 3.5684E-09 3.6758E-09 3.7825E-09 3.8900E-09 3.9977E-09 4.1053E-09 4.2127E-09 4.3188E-09 4.4260E-09 4.5307E-09 4.6353E-09 4.7356E-09 4.8341E-09 4.9303E-09 5.0237E-09 5.1145E-09 5.2011E-09 5.2858E-09 5.3662E-09 5.4430E-09 5.5168E-09 5.5852E-09 5.6496E-09 5.7068E-09 5.7569E-09 5.8022E-09 5.8429E-09 5.8794E-09 5.9114E-09 5.9387E-09 5.9600E-09 5.9751E-09 5.9711E-09 5.9646E-09 5.9452E-09 5.9216E-09 5.8938E-09 5.8625E-09 5.8275E-09 5.7891E-09 5.7478E-09 5.7034E-09 5.6566E-09 5.6070E-09 5.5559E-09 5.5027E-09 5.4483E-09 5.3922E-09 5.3344E-09 5.2750E-09 5.2140E-09 5.1547E-09 5.0973E-09 5.0365E-09 4.9723E-09
3.4351E-09 3.5435E-09 3.6528E-09 3.7621E-09 3.8733E-09 3.9833E-09 4.0949E-09 4.2049E-09 4.3164E-09 4.4257E-09 4.5360E-09 4.6438E-09 4.7489E-09 4.8529E-09 4.9523E-09 5.0511E-09 5.1452E-09 5.2362E-09 5.3253E-09 5.4099E-09 5.4924E-09 5.5696E-09 5.6428E-09 5.7115E-09 5.7752E-09 5.8307E-09 5.8806E-09 5.9256E-09 5.9664E-09 6.0025E-09 6.0340E-09 6.0599E-09 6.0867E-09 6.0944E-09 6.0853E-09 6.0686E-09 6.0470E-09 6.0213E-09 5.9915E-09 5.9578E-09 5.9208E-09 5.8804E-09 5.8369E-09 5.7905E-09 5.7415E-09 5.6902E-09 5.6372E-09 5.5823E-09 5.5263E-09 5.4684E-09 5.4087E-09 5.3503E-09 5.2908E-09 5.2332E-09 5.1693E-09 5.1043E-09 5.0384E-09
3.5131E-09 3.6248E-09 3.7365E-09 3.8504E-09 3.9633E-09 4.0780E-09 4.1913E-09 4.3063E-09 4.4193E-09 4.5335E-09 4.6454E-09 4.7563E-09 4.8644E-09 4.9692E-09 5.0715E-09 5.1700E-09 5.2666E-09 5.3589E-09 5.4491E-09 5.5349E-09 5.6170E-09 5.6947E-09 5.7681E-09 5.8372E-09 5.8992E-09 5.9538E-09 6.0036E-09 6.0487E-09 6.0893E-09 6.1289E-09 6.1634E-09 6.1877E-09 6.2052E-09 6.2028E-09 6.1899E-09 6.1708E-09 6.1472E-09 6.1192E-09 6.0874E-09 6.0517E-09 6.0124E-09 5.9701E-09 5.9243E-09 5.8761E-09 5.8249E-09 5.7722E-09 5.7172E-09 5.6610E-09 5.6032E-09 5.5433E-09 5.4881E-09 5.4286E-09 5.3681E-09 5.3037E-09 5.2380E-09 5.1714E-09 5.1039E-09
3.5916E-09 3.7063E-09 3.8220E-09 3.9383E-09 4.0552E-09 4.1717E-09 4.2900E-09 4.4066E-09 4.5246E-09 4.6403E-09 4.7575E-09 4.8695E-09 4.9799E-09 5.0857E-09 5.1897E-09 5.2898E-09 5.3865E-09 5.4814E-09 5.5716E-09 5.6584E-09 5.7408E-09 5.8191E-09 5.8929E-09 5.9614E-09 6.0217E-09 6.0764E-09 6.1279E-09 6.1768E-09 6.2192E-09 6.2550E-09 6.2956E-09 6.3191E-09 6.3296E-09 6.3229E-09 6.3079E-09 6.2712E-09 6.2455E-09 6.2156E-09 6.1815E-09 6.1438E-09 6.1026E-09 6.0580E-09 6.0105E-09 5.9600E-09 5.9101E-09 5.8585E-09 5.8052E-09 5.7477E-09 5.6914E-09 5.6318E-09 5.5710E-09 5.5088E-09 5.4454E-09 5.3805E-09 5.3144E-09 5.2471E-09 5.1783E-09
3.6702E-09 3.7882E-09 3.9078E-09 4.0267E-09 4.1477E-09 4.2675E-09 4.3891E-09 4.5091E-09 4.6295E-09 4.7499E-09 4.8679E-09 4.9828E-09 5.0933E-09 5.2018E-09 5.3064E-09 5.4089E-09 5.5072E-09 5.6020E-09 5.6933E-09 5.7809E-09 5.8639E-09 5.9425E-09 6.0167E-09 6.0836E-09 6.1451E-09 6.2053E-09 6.2555E-09 6.3011E-09 6.3416E-09 6.4112E-09 6.4418E-09 6.4653E-09 6.4681E-09 6.4600E-09 6.3929E-09 6.3697E-09 6.3419E-09 6.3100E-09 6.2739E-09 6.2341E-09 6.2029E-09 6.1566E-09 6.1077E-09 6.0556E-09 6.0037E-09 5.9499E-09 5.8960E-09 5.8413E-09 5.7828E-09 5.7224E-09 5.6608E-09 5.5984E-09 5.5331E-09 5.4663E-09 5.3980E-09 5.3284E-09 5.2576E-09
3.7490E-09 3.8708E-09 3.9922E-09 4.1161E-09 4.2388E-09 4.3636E-09 4.4869E-09 4.6110E-09 4.7352E-09 4.8585E-09 4.9787E-09 5.0936E-09 5.2070E-09 5.3161E-09 5.4234E-09 5.5262E-09 5.6258E-09 5.7217E-09 5.8141E-09 5.9021E-09 5.9858E-09 6.0648E-09 6.1403E-09 6.2097E-09 6.2716E-09 6.3268E-09 6.3772E-09 6.4225E-09 6.5000E-09 6.5368E-09 6.5661E-09 6.5818E-09 6.5799E-09 6.5315E-09 6.4912E-09 6.4661E-09 6.4425E-09 6.4145E-09 6.3773E-09 6.3361E-09 6.2923E-09 6.2472E-09 6.2013E-09 6.1535E-09 6.1032E-09 6.0510E-09 5.9953E-09 5.9375E-09 5.8772E-09 5.8140E-09 5.7494E-09 5.6835E-09 5.6159E-09 5.5471E-09 5.4769E-09 5.4057E-09 5.3334E-09
3.8283E-09 3.9520E-09 4.0783E-09 4.2038E-09 4.3316E-09 4.4581E-09 4.5868E-09 4.7135E-09 4.8420E-09 4.9664E-09 5.0880E-09 5.2050E-09 5.3199E-09 5.4307E-09 5.5382E-09 5.6424E-09 5.7431E-09 5.8402E-09 5.9335E-09 6.0221E-09 6.1081E-09 6.1914E-09 6.2658E-09 6.3313E-09 6.3918E-09 6.4472E-09 6.4978E-09 6.5428E-09 6.6262E-09 6.6612E-09 6.6887E-09 6.6948E-09 6.6896E-09 6.6157E-09 6.5997E-09 6.5732E-09 6.5423E-09 6.5076E-09 6.4717E-09 6.4352E-09 6.3968E-09 6.3542E-09 6.3056E-09 6.2543E-09 6.1985E-09 6.1414E-09 6.0822E-09 6.0210E-09 5.9581E-09 5.8936E-09 5.8278E-09 5.7603E-09 5.6913E-09 5.6209E-09 5.5492E-09 5.4763E-09 5.4025E-09
3.9061E-09 4.0347E-09 4.1626E-09 4.2931E-09 4.4226E-09 4.5545E-09 4.6846E-09 4.8168E-09 4.9466E-09 5.0736E-09 5.1952E-09 5.3150E-09 5.4305E-09 5.5429E-09 5.6517E-09 5.7573E-09 5.8591E-09 5.9575E-09 6.0511E-09 6.1443E-09 6.2328E-09 6.3125E-09 6.3842E-09 6.4500E-09 6.5106E-09 6.5663E-09 6.6166E-09 6.7085E-09 6.7505E-09 6.7844E-09 6.8039E-09 6.8148E-09 6.7371E-09 6.7188E-09 6.6955E-09 6.6694E-09 6.6426E-09 6.6158E-09 6.5830E-09 6.5434E-09 6.4976E-09 6.4478E-09 6.3955E-09 6.3409E-09 6.2843E-09 6.2261E-09 6.1656E-09 6.1031E-09 6.0390E-09 5.9734E-09 5.9062E-09 5.8373E-09 5.7668E-09 5.6948E-09 5.6216E-09 5.5472E-09 5.4717E-09
3.9851E-09 4.1153E-09 4.2482E-09 4.3804E-09 4.5153E-09 4.6495E-09 4.7843E-09 4.9179E-09 5.0505E-09 5.1777E-09 5.3025E-09 5.4227E-09 5.5397E-09 5.6534E-09 5.7637E-09 5.8705E-09 5.9736E-09 6.0746E-09 6.1729E-09 6.2651E-09 6.3509E-09 6.4294E-09 6.5007E-09 6.5669E-09 6.6279E-09 6.6838E-09 6.7841E-09 6.8331E-09 6.8763E-09 6.9148E-09 6.9285E-09 6.8485E-09 6.8340E-09 6.8173E-09 6.8009E-09 6.7821E-09 6.7550E-09 6.7196E-09 6.6793E-09 6.6348E-09 6.5872E-09 6.5360E-09 6.4830E-09 6.4272E-09 6.3700E-09 6.3104E-09 6.2488E-09 6.1852E-09 6.1200E-09 6.0533E-09 5.9848E-09 5.9144E-09 5.8424E-09 5.7690E-09 5.6942E-09 5.6182E-09 5.5411E-09
4.0619E-09 4.1970E-09 4.3325E-09 4.4692E-09 4.6064E-09 4.7444E-09 4.8815E-09 5.0195E-09 5.1522E-09 5.2815E-09 5.4067E-09 5.5285E-09 5.6471E-09 5.7621E-09 5.8740E-09 5.9818E-09 6.0900E-09 6.1935E-09 6.2895E-09 6.3807E-09 6.4663E-09 6.5439E-09 6.6156E-09 6.6820E-09 6.7435E-09 6.8522E-09 6.9107E-09 6.9646E-09 7.0075E-09 7.0328E-09 6.9548E-09 6.9480E-09 6.9420E-09 6.9322E-09 6.9126E-09 6.8834E-09 6.8500E-09 6.8122E-09 6.7704E-09 6.7249E-09 6.6759E-09 6.6241E-09 6.5700E-09 6.5135E-09 6.4554E-09 6.3948E-09 6.3321E-09 6.2676E-09 6.2014E-09 6.1334E-09 6.0635E-09 5.9918E-09 5.9183E-09 5.8434E-09 5.7671E-09 5.6954E-09 5.6235E-09
4.1397E-09 4.2773E-09 4.4164E-09 4.5563E-09 4.6972E-09 4.8374E-09 4.9791E-09 5.1174E-09 5.2524E-09 5.3826E-09 5.5091E-09 5.6325E-09 5.7524E-09 5.8689E-09 5.9819E-09 6.0950E-09 6.2043E-09 6.3055E-09 6.4022E-09 6.4940E-09 6.5787E-09 6.6561E-09 6.7284E-09 6.7952E-09 6.8944E-09 6.9835E-09 7.0426E-09 7.0896E-09 7.1286E-09 7.1147E-09 7.0624E-09 7.0633E-09 7.0528E-09 7.0324E-09 7.0071E-09 6.9770E-09 6.9422E-09 6.9035E-09 6.8605E-09 6.8141E-09 6.7639E-09 6.7118E-09 6.6565E-09 6.5999E-09 6.5406E-09 6.4790E-09 6.4155E-09 6.3501E-09 6.2830E-09 6.2138E-09 6.1425E-09 6.0694E-09 5.9946E-09 5.9181E-09 5.8531E-09 5.7818E-09 5.7102E-09
4.2158E-09 4.3570E-09 4.4992E-09 4.6427E-09 4.7859E-09 4.9307E-09 5.0755E-09 5.2150E-09 5.3496E-09 5.4811E-09 5.6093E-09 5.7342E-09 5.8554E-09 5.9754E-09 6.0933E-09 6.2063E-09 6.3128E-09 6.4152E-09 6.5125E-09 6.6043E-09 6.6882E-09 6.7662E-09 6.8388E-09 6.9124E-09 7.0449E-09 7.1085E-09 7.1640E-09 7.2105E-09 7.2417E-09 7.1721E-09 7.1738E-09 7.1635E-09 7.1475E-09 7.1263E-09 7.0999E-09 7.0690E-09 7.0334E-09 6.9936E-09 6.9499E-09 6.9023E-09 6.8519E-09 6.7989E-09 6.7434E-09 6.6861E-09 6.6259E-09 6.5636E-09 6.4993E-09 6.4331E-09 6.3649E-09 6.2945E-09 6.2219E-09 6.1475E-09 6.0780E-09 6.0141E-09 5.9454E-09 5.8700E-09 5.7933E-09
4.2911E-09 4.4353E-09 4.5812E-09 4.7269E-09 4.8746E-09 5.0229E-09 5.1678E-09 5.3081E-09 5.4446E-09 5.5775E-09 5.7071E-09 5.8333E-09 5.9580E-09 6.0812E-09 6.1991E-09 6.3114E-09 6.4190E-09 6.5221E-09 6.6202E-09 6.7112E-09 6.7950E-09 6.8768E-09 6.9562E-09 7.0953E-09 7.1655E-09 7.2295E-09 7.2834E-09 7.3291E-09 7.2699E-09 7.2734E-09 7.2682E-09 7.2572E-09 7.2404E-09 7.2184E-09 7.1914E-09 7.1595E-09 7.1234E-09 7.0826E-09 7.0383E-09 6.9900E-09 6.9395E-09 6.8857E-09 6.8303E-09 6.7720E-09 6.7112E-09 6.6483E-09 6.5833E-09 6.5282E-09 6.4669E-09 6.4053E-09 6.3354E-09 6.2665E-09 6.1958E-09 6.1224E-09 6.0482E-09 5.9723E-09 5.8949E-09
4.3650E-09 4.5128E-09 4.6607E-09 4.8110E-09 4.9621E-09 5.1122E-09 5.2580E-09 5.3989E-09 5.5367E-09 5.6711E-09 5.8022E-09 5.9334E-09 6.0600E-09 6.1829E-09 6.3007E-09 6.4136E-09 6.5224E-09 6.6261E-09 6.7243E-09 6.8147E-09 6.9054E-09 6.9909E-09 7.1358E-09 7.2130E-09 7.2844E-09 7.3475E-09 7.4013E-09 7.3545E-09 7.3658E-09 7.3663E-09 7.3604E-09 7.3487E-09 7.3315E-09 7.3088E-09 7.2813E-09 7.2489E-09 7.2120E-09 7.1710E-09 7.1258E-09 7.0776E-09 7.0265E-09 6.9729E-09 6.9170E-09 6.8829E-09 6.8229E-09 6.7641E-09 6.7053E-09 6.6462E-09 6.5833E-09 6.5186E-09 6.4498E-09 6.3789E-09 6.3078E-09 6.2355E-09 6.1600E-09 6.0826E-09 6.0032E-09
4.4377E-09 4.5876E-09 4.7400E-09 4.8924E-09 5.0469E-09 5.1979E-09 5.3443E-09 5.4871E-09 5.6261E-09 5.7619E-09 5.8980E-09 6.0310E-09 6.1574E-09 6.2801E-09 6.3988E-09 6.5129E-09 6.6225E-09 6.7271E-09 6.8248E-09 6.9216E-09 7.0136E-09 7.1663E-09 7.2509E-09 7.3295E-09 7.4016E-09 7.4631E-09 7.4280E-09 7.4486E-09 7.4568E-09 7.4566E-09 7.4505E-09 7.4383E-09 7.4207E-09 7.3977E-09 7.3696E-09 7.3370E-09 7.2996E-09 7.2583E-09 7.2128E-09 7.1773E-09 7.1386E-09 7.0869E-09 7.0350E-09 6.9848E-09 6.9355E-09 6.8828E-09 6.8277E-09 6.7695E-09 6.7050E-09 6.6379E-09 6.5682E-09 6.4954E-09 6.4216E-09 6.3467E-09 6.2698E-09 6.1910E-09 6.1105E-09
4.5077E-09 4.6619E-09 4.8164E-09 4.9732E-09 5.1293E-09 5.2811E-09 5.4279E-09 5.5718E-09 5.7122E-09 5.8533E-09 5.9909E-09 6.1224E-09 6.2499E-09 6.3743E-09 6.4936E-09 6.6090E-09 6.7193E-09 6.8272E-09 6.9307E-09 7.0261E-09 7.1377E-09 7.2780E-09 7.3638E-09 7.4439E-09 7.5152E-09 7.5463E-09 7.5215E-09 7.5389E-09 7.5450E-09 7.5447E-09 7.5382E-09 7.5259E-09 7.5080E-09 7.4849E-09 7.4567E-09 7.4237E-09 7.3927E-09 7.3693E-09 7.3262E-09 7.2805E-09 7.2376E-09 7.1977E-09 7.1570E-09 7.1126E-09 7.0624E-09 7.0077E-09 6.9461E-09 6.8814E-09 6.8136E-09 6.7438E-09 6.6727E-09 6.6003E-09 6.5268E-09 6.4515E-09 6.3741E-09 6.2946E-09 6.2131E-09
4.5770E-09 4.7332E-09 4.8920E-09 5.0510E-09 5.2077E-09 5.3599E-09 5.5085E-09 5.6535E-09 5.7990E-09 5.9414E-09 6.0775E-09 6.2102E-09 6.3393E-09 6.4646E-09 6.5852E-09 6.7014E-09 6.8157E-09 6.9266E-09 7.0281E-09 7.1221E-09 7.2942E-09 7.3878E-09 7.4752E-09 7.5561E-09 7.6263E-09 7.5831E-09 7.6102E-09 7.6246E-09 7.6306E-09 7.6303E-09 7.6238E-09 7.6115E-09 7.5936E-09 7.5703E-09 7.5548E-09 7.5345E-09 7.4994E-09 7.4610E-09 7.4267E-09 7.3963E-09 7.3665E-09 7.3273E-09 7.2810E-09 7.2282E-09 7.1729E-09 7.1150E-09 7.0537E-09 6.9891E-09 6.9215E-09 6.8525E-09 6.7821E-09 6.7107E-09 6.6427E-09 6.5723E-09 6.4994E-09 6.4258E-09 6.3495E-09
