Assets/Resources/2015_m01_d14_2200(utc+0800)_l00_csi_1hr_conc.grd
DSAA
         159         159
     -79.000      79.000
     -79.000      79.000
  0.0000E+00  0.1063E-04
[rows 50 to 74 of 159, columns 57 to 113 of 159]
7.8177E-09 7.9959E-09 8.1704E-09 8.3405E-09 8.5053E-09 8.6638E-09 8.8149E-09 8.9576E-09 9.0948E-09 9.2236E-09 9.3370E-09 9.4381E-09 9.5258E-09 9.6019E-09 9.6669E-09 9.7150E-09 9.7437E-09 9.7553E-09 9.7490E-09 9.7244E-09 9.6806E-09 9.6174E-09 9.5400E-09 9.4442E-09 9.3278E-09 9.1868E-09 9.0262E-09 8.8463E-09 8.6474E-09 8.4332E-09 8.2051E-09 7.9617E-09 7.7043E-09 7.4324E-09 7.1462E-09 6.8505E-09 6.5475E-09 6.2390E-09 5.9271E-09 5.6142E-09 5.3834E-09 5.7791E-09 6.0250E-09 5.6062E-09 5.6840E-09 5.7068E-09 5.6904E-09 5.8865E-09 5.6067E-09 5.4874E-09 5.0626E-09 4.5993E-09 3.9977E-09 3.4610E-09 2.9833E-09 2.4916E-09 2.0290E-09
7.7416E-09 7.9265E-09 8.1085E-09 8.2867E-09 8.4601E-09 8.6275E-09 8.7881E-09 8.9441E-09 9.0940E-09 9.2297E-09 9.3542E-09 9.4667E-09 9.5689E-09 9.6611E-09 9.7364E-09 9.7937E-09 9.8347E-09 9.8583E-09 9.8638E-09 9.8503E-09 9.8199E-09 9.7744E-09 9.7099E-09 9.6192E-09 9.5071E-09 9.3740E-09 9.2201E-09 9.0496E-09 8.8629E-09 8.6584E-09 8.4348E-09 8.1895E-09 7.9283E-09 7.6531E-09 7.3656E-09 7.0676E-09 6.7608E-09 6.4477E-09 6.1301E-09 5.9039E-09 6.4452E-09 6.0548E-09 6.3441E-09 6.5017E-09 6.5826E-09 6.5967E-09 6.1276E-09 6.3805E-09 6.4428E-09 6.3080E-09 5.7831E-09 5.0285E-09 4.3472E-09 3.7258E-09 3.2064E-09 2.7212E-09 2.2319E-09
7.6612E-09 7.8530E-09 8.0423E-09 8.2283E-09 8.4101E-09 8.5866E-09 8.7591E-09 8.9280E-09 9.0848E-09 9.2313E-09 9.3673E-09 9.4939E-09 9.6122E-09 9.7145E-09 9.8000E-09 9.8700E-09 9.9234E-09 9.9595E-09 9.9774E-09 9.9806E-09 9.9678E-09 9.9335E-09 9.8740E-09 9.7930E-09 9.6903E-09 9.5679E-09 9.4301E-09 9.2727E-09 9.0927E-09 8.8878E-09 8.6637E-09 8.4216E-09 8.1626E-09 7.8953E-09 7.6219E-09 7.3379E-09 7.0448E-09 6.7437E-09 6.5102E-09 6.2030E-09 6.8479E-09 7.2687E-09 7.5213E-09 6.9935E-09 7.1095E-09 7.1776E-09 7.1915E-09 7.4665E-09 7.4417E-09 6.9263E-09 6.3421E-09 5.5108E-09 4.7559E-09 4.0693E-09 3.4711E-09 2.9563E-09 2.4240E-09
7.5765E-09 7.7747E-09 7.9712E-09 8.1650E-09 8.3551E-09 8.5416E-09 8.7272E-09 8.9035E-09 9.0703E-09 9.2278E-09 9.3769E-09 9.5200E-09 9.6487E-09 9.7613E-09 9.8595E-09 9.9426E-09 1.0009E-08 1.0058E-08 1.0095E-08 1.0116E-08 1.0113E-08 1.0087E-08 1.0039E-08 9.9689E-09 9.8835E-09 9.7792E-09 9.6525E-09 9.4973E-09 9.3204E-09 9.1224E-09 8.9048E-09 8.6812E-09 8.4458E-09 8.1967E-09 7.9322E-09 7.6431E-09 7.3452E-09 7.0456E-09 6.8303E-09 7.6542E-09 7.2955E-09 7.7775E-09 8.0848E-09 8.1853E-09 7.7227E-09 7.9375E-09 8.5259E-09 8.7782E-09 8.7169E-09 7.7208E-09 7.0318E-09 6.0758E-09 5.2064E-09 4.4344E-09 3.7745E-09 3.2041E-09 2.7152E-09
7.4869E-09 7.6915E-09 7.8949E-09 8.0961E-09 8.2946E-09 8.4940E-09 8.6879E-09 8.8724E-09 9.0496E-09 9.2190E-09 9.3849E-09 9.5386E-09 9.6770E-09 9.8026E-09 9.9144E-09 1.0011E-08 1.0091E-08 1.0160E-08 1.0215E-08 1.0244E-08 1.0252E-08 1.0239E-08 1.0205E-08 1.0157E-08 1.0089E-08 9.9920E-09 9.8697E-09 9.7246E-09 9.5569E-09 9.3816E-09 9.1947E-09 8.9924E-09 8.7621E-09 8.5082E-09 8.2519E-09 7.9847E-09 7.7069E-09 7.5184E-09 7.2456E-09 8.1453E-09 8.8009E-09 9.2626E-09 8.6885E-09 8.9195E-09 9.2068E-09 9.4171E-09 1.0037E-08 9.7526E-09 9.6950E-09 8.9973E-09 7.8564E-09 6.7930E-09 5.8038E-09 4.8928E-09 4.1267E-09 3.4591E-09 2.9290E-09
7.3922E-09 7.6027E-09 7.8127E-09 8.0213E-09 8.2309E-09 8.4397E-09 8.6399E-09 8.8345E-09 9.0223E-09 9.2078E-09 9.3852E-09 9.5477E-09 9.6989E-09 9.8376E-09 9.9627E-09 1.0073E-08 1.0174E-08 1.0262E-08 1.0324E-08 1.0367E-08 1.0389E-08 1.0393E-08 1.0383E-08 1.0351E-08 1.0288E-08 1.0202E-08 1.0092E-08 9.9650E-09 9.8336E-09 9.6863E-09 9.5079E-09 9.3024E-09 9.0952E-09 8.8750E-09 8.6411E-09 8.3793E-09 8.0968E-09 7.9220E-09 9.0688E-09 9.9184E-09 9.4141E-09 9.9074E-09 1.0151E-08 9.6416E-09 1.0149E-08 1.1253E-08 1.1104E-08 1.1323E-08 1.0744E-08 9.9703E-09 8.7304E-09 7.5722E-09 6.4472E-09 5.4450E-09 4.5556E-09 3.8005E-09 3.1918E-09
7.2918E-09 7.5080E-09 7.7242E-09 7.9411E-09 8.1614E-09 8.3757E-09 8.5848E-09 8.7889E-09 8.9908E-09 9.1897E-09 9.3742E-09 9.5490E-09 9.7131E-09 9.8653E-09 1.0004E-08 1.0134E-08 1.0254E-08 1.0350E-08 1.0427E-08 1.0485E-08 1.0526E-08 1.0554E-08 1.0560E-08 1.0535E-08 1.0487E-08 1.0414E-08 1.0336E-08 1.0247E-08 1.0137E-08 9.9857E-09 9.8325E-09 9.6688E-09 9.4900E-09 9.2744E-09 9.0377E-09 8.7838E-09 8.6419E-09 1.0057E-08 9.6896E-09 1.0655E-08 1.1348E-08 1.1736E-08 1.1224E-08 1.1841E-08 1.1300E-08 1.2521E-08 1.3249E-08 1.3437E-08 1.2626E-08 1.1144E-08 9.7324E-09 8.4178E-09 7.1673E-09 6.0686E-09 5.0955E-09 4.2728E-09 3.5558E-09
7.1853E-09 7.4066E-09 7.6291E-09 7.8561E-09 8.0824E-09 8.3034E-09 8.5215E-09 8.7367E-09 8.9530E-09 9.1585E-09 9.3545E-09 9.5417E-09 9.7187E-09 9.8842E-09 1.0041E-08 1.0192E-08 1.0320E-08 1.0431E-08 1.0524E-08 1.0601E-08 1.0668E-08 1.0711E-08 1.0725E-08 1.0717E-08 1.0685E-08 1.0654E-08 1.0612E-08 1.0533E-08 1.0430E-08 1.0328E-08 1.0213E-08 1.0062E-08 9.8847E-09 9.6876E-09 9.4744E-09 9.2627E-09 9.1953E-09 1.0767E-08 1.1981E-08 1.1534E-08 1.2265E-08 1.2701E-08 1.2197E-08 1.2962E-08 1.3579E-08 1.4876E-08 1.5490E-08 1.4924E-08 1.4049E-08 1.2439E-08 1.0909E-08 9.4599E-09 8.0814E-09 6.8017E-09 5.6595E-09 4.7336E-09 3.9482E-09
7.0723E-09 7.2985E-09 7.5283E-09 7.7632E-09 7.9941E-09 8.2229E-09 8.4495E-09 8.6784E-09 8.9031E-09 9.1176E-09 9.3252E-09 9.5245E-09 9.7144E-09 9.8956E-09 1.0074E-08 1.0234E-08 1.0377E-08 1.0503E-08 1.0615E-08 1.0719E-08 1.0800E-08 1.0855E-08 1.0887E-08 1.0896E-08 1.0913E-08 1.0918E-08 1.0875E-08 1.0824E-08 1.0773E-08 1.0704E-08 1.0593E-08 1.0463E-08 1.0314E-08 1.0167E-08 1.0011E-08 1.0002E-08 1.1861E-08 1.1562E-08 1.2871E-08 1.3863E-08 1.4477E-08 1.3794E-08 1.3357E-08 1.4443E-08 1.6476E-08 1.7767E-08 1.8308E-08 1.6662E-08 1.5633E-08 1.3866E-08 1.2161E-08 1.0553E-08 9.0379E-09 7.6376E-09 6.3761E-09 5.2822E-09 4.3800E-09
6.9523E-09 7.1833E-09 7.4214E-09 7.6603E-09 7.8969E-09 8.1330E-09 8.3703E-09 8.6105E-09 8.8411E-09 9.0661E-09 9.2851E-09 9.4967E-09 9.6997E-09 9.9017E-09 1.0093E-08 1.0265E-08 1.0423E-08 1.0566E-08 1.0705E-08 1.0826E-08 1.0919E-08 1.0992E-08 1.1043E-08 1.1104E-08 1.1153E-08 1.1154E-08 1.1155E-08 1.1157E-08 1.1131E-08 1.1071E-08 1.0994E-08 1.0909E-08 1.0828E-08 1.0739E-08 1.0777E-08 1.0663E-08 1.2675E-08 1.4289E-08 1.5536E-08 1.4985E-08 1.5674E-08 1.5276E-08 1.6572E-08 1.7648E-08 1.9744E-08 1.9926E-08 2.0441E-08 1.9507E-08 1.7517E-08 1.5559E-08 1.3668E-08 1.1847E-08 1.0152E-08 8.5511E-09 7.1568E-09 5.9603E-09 4.9489E-09
6.8254E-09 7.0618E-09 7.3055E-09 7.5478E-09 7.7906E-09 8.0341E-09 8.2832E-09 8.5287E-09 8.7682E-09 9.0035E-09 9.2333E-09 9.4566E-09 9.6779E-09 9.8961E-09 1.0095E-08 1.0283E-08 1.0457E-08 1.0627E-08 1.0785E-08 1.0916E-08 1.1028E-08 1.1120E-08 1.1222E-08 1.1316E-08 1.1363E-08 1.1413E-08 1.1468E-08 1.1488E-08 1.1483E-08 1.1462E-08 1.1447E-08 1.1435E-08 1.1404E-08 1.1334E-08 1.1442E-08 1.3795E-08 1.5716E-08 1.5367E-08 1.6746E-08 1.7760E-08 1.7139E-08 1.6781E-08 1.8525E-08 2.1573E-08 2.2017E-08 2.3249E-08 2.2750E-08 2.1719E-08 1.9546E-08 1.7388E-08 1.5280E-08 1.3271E-08 1.1380E-08 9.6030E-09 8.0300E-09 6.6841E-09 5.5429E-09
6.6910E-09 6.9335E-09 7.1799E-09 7.4261E-09 7.6742E-09 7.9267E-09 8.1841E-09 8.4350E-09 8.6832E-09 8.9283E-09 9.1690E-09 9.4057E-09 9.6453E-09 9.8713E-09 1.0085E-08 1.0287E-08 1.0483E-08 1.0677E-08 1.0844E-08 1.0994E-08 1.1125E-08 1.1263E-08 1.1403E-08 1.1495E-08 1.1590E-08 1.1697E-08 1.1768E-08 1.1817E-08 1.1853E-08 1.1907E-08 1.1967E-08 1.1994E-08 1.1998E-08 1.2184E-08 1.2252E-08 1.4747E-08 1.6842E-08 1.8530E-08 1.8274E-08 1.9296E-08 1.8998E-08 2.0913E-08 2.0684E-08 2.3914E-08 2.6209E-08 2.7399E-08 2.6525E-08 2.4176E-08 2.1794E-08 1.9425E-08 1.7094E-08 1.4858E-08 1.2744E-08 1.0821E-08 9.1241E-09 7.6017E-09 6.3066E-09
6.5502E-09 6.7965E-09 7.0444E-09 7.2948E-09 7.5484E-09 7.8099E-09 8.0713E-09 8.3291E-09 8.5858E-09 8.8400E-09 9.0909E-09 9.3445E-09 9.5952E-09 9.8314E-09 1.0059E-08 1.0278E-08 1.0500E-08 1.0704E-08 1.0888E-08 1.1057E-08 1.1224E-08 1.1407E-08 1.1547E-08 1.1682E-08 1.1836E-08 1.1960E-08 1.2063E-08 1.2156E-08 1.2275E-08 1.2407E-08 1.2497E-08 1.2576E-08 1.2647E-08 1.2939E-08 1.5830E-08 1.8267E-08 1.8101E-08 1.9966E-08 2.1491E-08 2.0960E-08 2.0772E-08 2.2990E-08 2.4985E-08 2.8418E-08 3.0549E-08 3.0355E-08 2.9425E-08 2.6881E-08 2.4283E-08 2.1679E-08 1.9110E-08 1.6629E-08 1.4277E-08 1.2132E-08 1.0247E-08 8.6045E-09 7.1901E-09
6.4024E-09 6.6503E-09 6.9000E-09 7.1535E-09 7.4133E-09 7.6811E-09 7.9460E-09 8.2105E-09 8.4747E-09 8.7376E-09 9.0005E-09 9.2690E-09 9.5264E-09 9.7754E-09 1.0017E-08 1.0260E-08 1.0497E-08 1.0713E-08 1.0916E-08 1.1109E-08 1.1326E-08 1.1517E-08 1.1685E-08 1.1883E-08 1.2060E-08 1.2214E-08 1.2362E-08 1.2537E-08 1.2737E-08 1.2895E-08 1.3051E-08 1.3204E-08 1.3581E-08 1.6809E-08 1.6893E-08 1.9519E-08 2.1720E-08 2.3537E-08 2.3236E-08 2.2866E-08 2.2872E-08 2.5789E-08 3.0541E-08 3.3990E-08 3.6026E-08 3.3899E-08 3.2746E-08 2.9988E-08 2.7138E-08 2.4259E-08 2.1406E-08 1.8604E-08 1.6005E-08 1.3620E-08 1.1515E-08 9.6773E-09 8.0900E-09
6.2469E-09 6.4949E-09 6.7461E-09 7.0027E-09 7.2684E-09 7.5392E-09 7.8080E-09 8.0785E-09 8.3497E-09 8.6206E-09 8.8975E-09 9.1748E-09 9.4412E-09 9.7024E-09 9.9607E-09 1.0225E-08 1.0471E-08 1.0704E-08 1.0925E-08 1.1164E-08 1.1404E-08 1.1606E-08 1.1835E-08 1.2066E-08 1.2266E-08 1.2464E-08 1.2687E-08 1.2948E-08 1.3176E-08 1.3406E-08 1.3639E-08 1.3881E-08 1.4391E-08 1.7827E-08 2.0818E-08 2.1029E-08 2.3275E-08 2.5278E-08 2.5084E-08 2.5432E-08 2.8528E-08 3.1364E-08 3.6198E-08 3.7912E-08 3.9752E-08 3.9093E-08 3.6290E-08 3.3314E-08 3.0245E-08 2.7106E-08 2.3959E-08 2.0884E-08 1.7971E-08 1.5326E-08 1.2945E-08 1.0890E-08 9.1157E-09
6.0834E-09 6.3307E-09 6.5828E-09 6.8423E-09 7.1121E-09 7.3842E-09 7.6572E-09 7.9328E-09 8.2101E-09 8.4903E-09 8.7789E-09 9.0614E-09 9.3380E-09 9.6113E-09 9.8900E-09 1.0166E-08 1.0424E-08 1.0674E-08 1.0926E-08 1.1204E-08 1.1446E-08 1.1696E-08 1.1974E-08 1.2219E-08 1.2461E-08 1.2722E-08 1.3035E-08 1.3332E-08 1.3628E-08 1.3936E-08 1.4257E-08 1.4846E-08 1.8604E-08 1.8967E-08 2.2128E-08 2.4897E-08 2.7097E-08 2.7330E-08 2.7332E-08 2.7841E-08 3.1762E-08 3.8099E-08 4.0137E-08 4.3481E-08 4.3843E-08 4.3146E-08 4.0148E-08 3.6968E-08 3.3627E-08 3.0204E-08 2.6746E-08 2.3375E-08 2.0170E-08 1.7240E-08 1.4600E-08 1.2275E-08 1.0268E-08
5.9118E-09 6.1578E-09 6.4101E-09 6.6724E-09 6.9440E-09 7.2170E-09 7.4934E-09 7.7735E-09 8.0559E-09 8.3459E-09 8.6416E-09 8.9304E-09 9.2167E-09 9.5037E-09 9.7993E-09 1.0083E-08 1.0356E-08 1.0624E-08 1.0918E-08 1.1207E-08 1.1474E-08 1.1780E-08 1.2073E-08 1.2354E-08 1.2646E-08 1.2996E-08 1.3358E-08 1.3712E-08 1.4086E-08 1.4482E-08 1.5120E-08 1.5667E-08 1.9609E-08 2.3156E-08 2.6303E-08 2.6700E-08 2.9125E-08 2.9378E-08 3.0064E-08 3.4355E-08 3.8338E-08 4.1867E-08 4.7072E-08 5.0489E-08 5.0374E-08 4.7506E-08 4.4346E-08 4.0931E-08 3.7322E-08 3.3587E-08 2.9804E-08 2.6107E-08 2.2587E-08 1.9347E-08 1.6434E-08 1.3837E-08 1.1555E-08
5.7326E-09 5.9768E-09 6.2287E-09 6.4925E-09 6.7643E-09 7.0381E-09 7.3168E-09 7.5999E-09 7.8876E-09 8.1860E-09 8.4859E-09 8.7812E-09 9.0765E-09 9.3792E-09 9.6852E-09 9.9782E-09 1.0265E-08 1.0561E-08 1.0884E-08 1.1179E-08 1.1492E-08 1.1833E-08 1.2148E-08 1.2470E-08 1.2837E-08 1.3255E-08 1.3658E-08 1.4087E-08 1.4545E-08 1.5034E-08 1.5816E-08 2.0070E-08 2.3932E-08 2.4553E-08 2.7982E-08 3.0827E-08 3.1074E-08 3.1551E-08 3.2566E-08 3.7391E-08 4.2036E-08 4.9080E-08 5.4107E-08 5.5391E-08 5.5310E-08 5.2311E-08 4.8939E-08 4.5252E-08 4.1340E-08 3.7279E-08 3.3164E-08 2.9083E-08 2.5235E-08 2.1658E-08 1.8424E-08 1.5536E-08 1.2972E-08
5.5459E-09 5.7878E-09 6.0391E-09 6.3025E-09 6.5733E-09 6.8473E-09 7.1274E-09 7.4126E-09 7.7057E-09 8.0093E-09 8.3123E-09 8.6140E-09 8.9186E-09 9.2344E-09 9.5466E-09 9.8503E-09 1.0152E-08 1.0481E-08 1.0816E-08 1.1134E-08 1.1494E-08 1.1847E-08 1.2197E-08 1.2573E-08 1.3020E-08 1.3472E-08 1.3943E-08 1.4450E-08 1.4997E-08 1.5825E-08 1.6677E-08 2.1015E-08 2.5164E-08 2.8937E-08 2.9691E-08 3.2658E-08 3.3094E-08 3.4375E-08 3.5448E-08 4.1468E-08 5.0418E-08 5.7538E-08 6.2531E-08 6.1015E-08 6.0628E-08 5.7507E-08 5.3948E-08 5.0015E-08 4.5787E-08 4.1355E-08 3.6830E-08 3.2377E-08 2.8128E-08 2.4181E-08 2.0580E-08 1.7363E-08 1.4507E-08
5.3528E-09 5.5915E-09 5.8415E-09 6.1032E-09 6.3717E-09 6.6451E-09 6.9254E-09 7.2118E-09 7.5097E-09 7.8160E-09 8.1214E-09 8.4281E-09 8.7425E-09 9.0671E-09 9.3848E-09 9.6985E-09 1.0021E-08 1.0374E-08 1.0715E-08 1.1070E-08 1.1458E-08 1.1832E-08 1.2219E-08 1.2663E-08 1.3162E-08 1.3662E-08 1.4203E-08 1.4791E-08 1.5431E-08 1.6411E-08 2.1055E-08 2.5452E-08 2.6385E-08 3.0345E-08 3.3808E-08 3.4501E-08 3.5181E-08 3.7160E-08 4.3249E-08 4.9325E-08 5.8516E-08 6.5514E-08 6.8022E-08 6.8931E-08 6.6256E-08 6.3011E-08 5.9249E-08 5.5059E-08 5.0544E-08 4.5770E-08 4.0857E-08 3.5972E-08 3.1275E-08 2.6890E-08 2.2902E-08 1.9311E-08 1.6126E-08
5.1536E-09 5.3884E-09 5.6362E-09 5.8950E-09 6.1604E-09 6.4323E-09 6.7117E-09 6.9989E-09 7.2991E-09 7.6064E-09 7.9135E-09 8.2245E-09 8.5473E-09 8.8767E-09 9.2001E-09 9.5227E-09 9.8692E-09 1.0236E-08 1.0590E-08 1.0981E-08 1.1386E-08 1.1786E-08 1.2219E-08 1.2728E-08 1.3259E-08 1.3820E-08 1.4432E-08 1.5103E-08 1.6088E-08 2.0812E-08 2.1862E-08 2.6413E-08 3.0687E-08 3.4481E-08 3.5455E-08 3.6641E-08 3.7692E-08 3.9979E-08 4.7337E-08 5.8509E-08 6.4246E-08 7.1211E-08 7.3963E-08 7.4981E-08 7.2259E-08 6.8894E-08 6.4925E-08 6.0463E-08 5.5603E-08 5.0469E-08 4.5141E-08 3.9809E-08 3.4637E-08 2.9792E-08 2.5364E-08 2.1363E-08 1.7824E-08
4.9495E-09 5.1799E-09 5.4237E-09 5.6787E-09 5.9405E-09 6.2095E-09 6.4867E-09 6.7738E-09 7.0738E-09 7.3812E-09 7.6887E-09 8.0035E-09 8.3318E-09 8.6648E-09 8.9927E-09 9.3267E-09 9.6911E-09 1.0067E-08 1.0441E-08 1.0858E-08 1.1277E-08 1.1705E-08 1.2192E-08 1.2747E-08 1.3318E-08 1.3939E-08 1.4622E-08 1.5604E-08 1.6517E-08 2.1383E-08 2.6139E-08 3.0617E-08 3.1815E-08 3.5980E-08 3.7287E-08 3.8598E-08 4.0622E-08 4.8003E-08 5.5732E-08 6.3386E-08 7.3445E-08 8.1015E-08 8.3320E-08 8.1374E-08 7.8643E-08 7.5131E-08 7.0943E-08 6.6185E-08 6.1006E-08 5.5449E-08 4.9649E-08 4.3817E-08 3.8164E-08 3.2834E-08 2.7933E-08 2.3510E-08 1.9572E-08
4.7412E-09 4.9666E-09 5.2058E-09 5.4554E-09 5.7123E-09 5.9776E-09 6.2514E-09 6.5377E-09 6.8353E-09 7.1409E-09 7.4485E-09 7.7665E-09 8.0962E-09 8.4310E-09 8.7629E-09 9.1094E-09 9.4842E-09 9.8656E-09 1.0266E-08 1.0699E-08 1.1133E-08 1.1594E-08 1.2130E-08 1.2718E-08 1.3334E-08 1.4012E-08 1.4762E-08 1.5853E-08 2.0709E-08 2.2021E-08 2.6775E-08 3.1454E-08 3.5843E-08 3.7339E-08 3.8889E-08 4.0558E-08 4.3064E-08 5.1310E-08 6.0097E-08 7.2699E-08 8.3067E-08 8.7928E-08 9.0432E-08 8.8402E-08 8.5546E-08 8.1801E-08 7.7298E-08 7.2227E-08 6.6663E-08 6.0655E-08 5.4326E-08 4.7949E-08 4.1760E-08 3.5913E-08 3.0541E-08 2.5683E-08 2.1356E-08
4.5300E-09 4.7496E-09 4.9824E-09 5.2265E-09 5.4776E-09 5.7376E-09 6.0070E-09 6.2907E-09 6.5854E-09 6.8877E-09 7.1935E-09 7.5131E-09 7.8431E-09 8.1769E-09 8.5109E-09 8.8703E-09 9.2516E-09 9.6394E-09 1.0059E-08 1.0505E-08 1.0954E-08 1.1451E-08 1.2023E-08 1.2639E-08 1.3299E-08 1.4032E-08 1.5077E-08 1.6113E-08 2.1012E-08 2.5924E-08 3.0683E-08 3.2277E-08 3.6840E-08 3.8548E-08 4.0397E-08 4.3080E-08 4.5811E-08 5.5457E-08 7.0498E-08 8.3900E-08 9.4542E-08 9.9034E-08 9.8210E-08 9.5946E-08 9.2944E-08 8.8949E-08 8.4107E-08 7.8622E-08 7.2554E-08 6.5948E-08 5.9048E-08 5.2101E-08 4.5341E-08 3.8983E-08 3.3103E-08 2.7818E-08 2.3118E-08
4.3168E-09 4.5297E-09 4.7555E-09 4.9928E-09 5.2372E-09 5.4913E-09 5.7555E-09 6.0345E-09 6.3246E-09 6.6225E-09 6.9255E-09 7.2434E-09 7.5713E-09 7.9037E-09 8.2399E-09 8.6040E-09 8.9896E-09 9.3877E-09 9.8169E-09 1.0273E-08 1.0738E-08 1.1268E-08 1.1869E-08 1.2511E-08 1.3212E-08 1.3993E-08 1.5128E-08 1.9952E-08 2.4806E-08 2.6204E-08 3.1115E-08 3.5838E-08 3.7630E-08 3.9593E-08 4.1786E-08 4.5144E-08 5.4078E-08 6.4710E-08 8.0564E-08 9.4683E-08 1.0269E-07 1.0767E-07 1.0690E-07 1.0438E-07 1.0075E-07 9.6395E-08 9.1169E-08 8.5255E-08 7.8604E-08 7.1331E-08 6.3744E-08 5.6145E-08 4.8812E-08 4.1925E-08 3.5601E-08 2.9862E-08 2.4774E-08
