Assets/Resources/2015_m01_d25_0200(utc+0800)_l00_csi_1hr_conc.grd
DSAA
         159         159
     -79.000      79.000
     -79.000      79.000
  0.0000E+00  0.3792E-05
[rows 25 to 49 of 159, columns 0 to 56 of 159]
9.3333E-11 1.1169E-10 1.3389E-10 1.5741E-10 1.8509E-10 2.1490E-10 2.4864E-10 2.8571E-10 3.2580E-10 3.6848E-10 4.1347E-10 4.6050E-10 5.1037E-10 5.6221E-10 6.5232E-10 7.3440E-10 8.1639E-10 9.0494E-10 1.0049E-09 1.1173E-09 1.2406E-09 1.3811E-09 1.5396E-09 1.7198E-09 1.9268E-09 2.1614E-09 2.4251E-09 2.7266E-09 3.0677E-09 3.4477E-09 3.8738E-09 4.3470E-09 4.8678E-09 5.4365E-09 6.0590E-09 6.7250E-09 7.4246E-09 8.1626E-09 8.9190E-09 9.6901E-09 1.0463E-08 1.1219E-08 1.1950E-08 1.2634E-08 1.3248E-08 1.3788E-08 1.4232E-08 1.4554E-08 1.4749E-08 1.4802E-08 1.4698E-08 1.4438E-08 1.4037E-08 1.3484E-08 1.2787E-08 1.1966E-08 1.1028E-08
7.6127E-11 9.1864E-11 1.0946E-10 1.3019E-10 1.5244E-10 1.7786E-10 2.0583E-10 2.3642E-10 2.7073E-10 3.0642E-10 3.4475E-10 3.8380E-10 4.2484E-10 4.6783E-10 5.1238E-10 6.0130E-10 6.7766E-10 7.5202E-10 8.3636E-10 9.3159E-10 1.0371E-09 1.1589E-09 1.2976E-09 1.4562E-09 1.6410E-09 1.8541E-09 2.0954E-09 2.3718E-09 2.6894E-09 3.0472E-09 3.4528E-09 3.9044E-09 4.4092E-09 4.9660E-09 5.5830E-09 6.2510E-09 6.9624E-09 7.7211E-09 8.5125E-09 9.3350E-09 1.0168E-08 1.1006E-08 1.1834E-08 1.2627E-08 1.3378E-08 1.4066E-08 1.4660E-08 1.5153E-08 1.5526E-08 1.5745E-08 1.5821E-08 1.5742E-08 1.5492E-08 1.5074E-08 1.4489E-08 1.3737E-08 1.2838E-08
6.0529E-11 7.4078E-11 8.8643E-11 1.0550E-10 1.2435E-10 1.4521E-10 1.6815E-10 1.9394E-10 2.2137E-10 2.5215E-10 2.8375E-10 3.1672E-10 3.5028E-10 3.8537E-10 4.2172E-10 4.5895E-10 5.4658E-10 6.1653E-10 6.8751E-10 7.6765E-10 8.5692E-10 9.6098E-10 1.0805E-09 1.2195E-09 1.3836E-09 1.5740E-09 1.7911E-09 2.0435E-09 2.3384E-09 2.6702E-09 3.0502E-09 3.4793E-09 3.9624E-09 4.5019E-09 5.1074E-09 5.7700E-09 6.4834E-09 7.2552E-09 8.0748E-09 8.9348E-09 9.8247E-09 1.0737E-08 1.1652E-08 1.2561E-08 1.3444E-08 1.4274E-08 1.5041E-08 1.5721E-08 1.6278E-08 1.6706E-08 1.6993E-08 1.7115E-08 1.7061E-08 1.6829E-08 1.6403E-08 1.5785E-08 1.4954E-08
4.3826E-11 5.6729E-11 6.9701E-11 8.3374E-11 9.8891E-11 1.1634E-10 1.3517E-10 1.5621E-10 1.7917E-10 2.0396E-10 2.3095E-10 2.5861E-10 2.8596E-10 3.1424E-10 3.4340E-10 3.7332E-10 4.0361E-10 4.8983E-10 5.5631E-10 6.2406E-10 6.9874E-10 7.8715E-10 8.8979E-10 1.0099E-09 1.1537E-09 1.3222E-09 1.5165E-09 1.7456E-09 2.0129E-09 2.3185E-09 2.6742E-09 3.0754E-09 3.5321E-09 4.0504E-09 4.6359E-09 5.2864E-09 5.9933E-09 6.7687E-09 7.6055E-09 8.4943E-09 9.4300E-09 1.0403E-08 1.1408E-08 1.2423E-08 1.3428E-08 1.4416E-08 1.5359E-08 1.6223E-08 1.6992E-08 1.7662E-08 1.8178E-08 1.8549E-08 1.8756E-08 1.8760E-08 1.8557E-08 1.8102E-08 1.7414E-08
2.2137E-11 3.7178E-11 5.0536E-11 6.3019E-11 7.5739E-11 8.9519E-11 1.0600E-10 1.2281E-10 1.4194E-10 1.6217E-10 1.8404E-10 2.0771E-10 2.3088E-10 2.5351E-10 2.7680E-10 3.0045E-10 3.2434E-10 3.4833E-10 4.3419E-10 4.9773E-10 5.6132E-10 6.3676E-10 7.2339E-10 8.2645E-10 9.5118E-10 1.0992E-09 1.2712E-09 1.4746E-09 1.7171E-09 1.9970E-09 2.3212E-09 2.6942E-09 3.1223E-09 3.6113E-09 4.1752E-09 4.8044E-09 5.4945E-09 6.2660E-09 7.1085E-09 8.0142E-09 8.9837E-09 1.0015E-08 1.1092E-08 1.2196E-08 1.3333E-08 1.4468E-08 1.5580E-08 1.6641E-08 1.7653E-08 1.8557E-08 1.9367E-08 2.0035E-08 2.0536E-08 2.0842E-08 2.0896E-08 2.0707E-08 2.0174E-08
9.6356E-12 1.7053E-11 2.8854E-11 4.1387E-11 5.3188E-11 6.5626E-11 7.7725E-11 9.1860E-11 1.0649E-10 1.2330E-10 1.4213E-10 1.6116E-10 1.8280E-10 2.0180E-10 2.2048E-10 2.3911E-10 2.5778E-10 2.7625E-10 2.9469E-10 3.8262E-10 4.4103E-10 5.0536E-10 5.8061E-10 6.6803E-10 7.7535E-10 9.0383E-10 1.0535E-09 1.2342E-09 1.4504E-09 1.7007E-09 1.9975E-09 2.3382E-09 2.7335E-09 3.1918E-09 3.7247E-09 4.3266E-09 4.9949E-09 5.7502E-09 6.5879E-09 7.5014E-09 8.4918E-09 9.5654E-09 1.0697E-08 1.1893E-08 1.3141E-08 1.4411E-08 1.5695E-08 1.6966E-08 1.8209E-08 1.9396E-08 2.0507E-08 2.1512E-08 2.2364E-08 2.3018E-08 2.3449E-08 2.3522E-08 2.3291E-08
4.0046E-12 6.7720E-12 1.2093E-11 2.0876E-11 3.1207E-11 4.1795E-11 5.3414E-11 6.4306E-11 7.6367E-11 8.8478E-11 1.0228E-10 1.1835E-10 1.3362E-10 1.5168E-10 1.6784E-10 1.8423E-10 1.9964E-10 2.1438E-10 2.2817E-10 2.4521E-10 3.3281E-10 3.8964E-10 4.5356E-10 5.2995E-10 6.2155E-10 7.3229E-10 8.6261E-10 1.0194E-09 1.2096E-09 1.4342E-09 1.6998E-09 2.0074E-09 2.3700E-09 2.7918E-09 3.2914E-09 3.8607E-09 4.4966E-09 5.2283E-09 6.0502E-09 6.9589E-09 7.9583E-09 9.0532E-09 1.0231E-08 1.1498E-08 1.2833E-08 1.4237E-08 1.5674E-08 1.7155E-08 1.8635E-08 2.0118E-08 2.1558E-08 2.2926E-08 2.4178E-08 2.5271E-08 2.6050E-08 2.6565E-08 2.6612E-08
9.4740E-13 2.1579E-12 3.9128E-12 7.4984E-12 1.3598E-11 2.1260E-11 2.9775E-11 3.9525E-11 4.9734E-11 5.9943E-11 7.0309E-11 8.1549E-11 9.4517E-11 1.0670E-10 1.2063E-10 1.3328E-10 1.4601E-10 1.5738E-10 1.6822E-10 1.8162E-10 1.9754E-10 2.8512E-10 3.4200E-10 4.0761E-10 4.8754E-10 5.8338E-10 6.9449E-10 8.3006E-10 9.9753E-10 1.1929E-09 1.4281E-09 1.7042E-09 2.0286E-09 2.4155E-09 2.8764E-09 3.4072E-09 4.0083E-09 4.7056E-09 5.5005E-09 6.3928E-09 7.3857E-09 8.4838E-09 9.6932E-09 1.1007E-08 1.2418E-08 1.3930E-08 1.5516E-08 1.7178E-08 1.8906E-08 2.0675E-08 2.2445E-08 2.4219E-08 2.5904E-08 2.7408E-08 2.8725E-08 2.9614E-08 3.0154E-08
0.0000E+00 1.6377E-13 6.2292E-13 1.4270E-12 3.3714E-12 7.1687E-12 1.2437E-11 1.8595E-11 2.5974E-11 3.4270E-11 4.2669E-11 5.1374E-11 6.0771E-11 7.1203E-11 8.1011E-11 9.1653E-11 1.0137E-10 1.1081E-10 1.1923E-10 1.2882E-10 1.3931E-10 1.5391E-10 2.4168E-10 2.9736E-10 3.6874E-10 4.5228E-10 5.4553E-10 6.6191E-10 8.0458E-10 9.7694E-10 1.1818E-09 1.4243E-09 1.7163E-09 2.0648E-09 2.4846E-09 2.9756E-09 3.5325E-09 4.1876E-09 4.9486E-09 5.8090E-09 6.7800E-09 7.8647E-09 9.0833E-09 1.0423E-08 1.1884E-08 1.3477E-08 1.5196E-08 1.7025E-08 1.8974E-08 2.1012E-08 2.3143E-08 2.5310E-08 2.7410E-08 2.9472E-08 3.1208E-08 3.2731E-08 3.3764E-08
0.0000E+00 0.0000E+00 0.0000E+00 0.0000E+00 3.7245E-14 6.7640E-13 2.3361E-12 5.1985E-12 9.2357E-12 1.4200E-11 2.0055E-11 2.6114E-11 3.2565E-11 3.9882E-11 4.7704E-11 5.5658E-11 6.3431E-11 7.1086E-11 7.8126E-11 8.4475E-11 9.3468E-11 1.0193E-10 1.1892E-10 2.0387E-10 2.6185E-10 3.3595E-10 4.1725E-10 5.1553E-10 6.3723E-10 7.8388E-10 9.6163E-10 1.1761E-09 1.4320E-09 1.7418E-09 2.1207E-09 2.5660E-09 3.0762E-09 3.6842E-09 4.3970E-09 5.2156E-09 6.1490E-09 7.2035E-09 8.4080E-09 9.7516E-09 1.1240E-08 1.2886E-08 1.4702E-08 1.6673E-08 1.8809E-08 2.1116E-08 2.3534E-08 2.6071E-08 2.8667E-08 3.1157E-08 3.3545E-08 3.5609E-08 3.7370E-08
0.0000E+00 0.0000E+00 0.0000E+00 0.0000E+00 0.0000E+00 0.0000E+00 0.0000E+00 1.8829E-13 8.1652E-13 2.3084E-12 5.0252E-12 8.8044E-12 1.2363E-11 1.6211E-11 2.1349E-11 2.6722E-11 3.2150E-11 3.7521E-11 4.3209E-11 4.8272E-11 5.3097E-11 6.0647E-11 7.1823E-11 9.0083E-11 1.7373E-10 2.3368E-10 3.0518E-10 3.9128E-10 4.9477E-10 6.1899E-10 7.7290E-10 9.5601E-10 1.1794E-09 1.4519E-09 1.7854E-09 2.1842E-09 2.6452E-09 3.1984E-09 3.8566E-09 4.6218E-09 5.5026E-09 6.5108E-09 7.6787E-09 9.0029E-09 1.0486E-08 1.2159E-08 1.4034E-08 1.6094E-08 1.8403E-08 2.0884E-08 2.3616E-08 2.6501E-08 2.9476E-08 3.2525E-08 3.5477E-08 3.8313E-08 4.0744E-08
0.0000E+00 0.0000E+00 0.0000E+00 0.0000E+00 0.0000E+00 0.0000E+00 0.0000E+00 0.0000E+00 0.0000E+00 1.6526E-13 5.6646E-13 1.3741E-12 2.3389E-12 3.3152E-12 4.3212E-12 7.2460E-12 1.0282E-11 1.3632E-11 1.6647E-11 2.0628E-11 2.4257E-11 2.7454E-11 3.6709E-11 4.8368E-11 7.2480E-11 1.5086E-10 2.0963E-10 2.8386E-10 3.7467E-10 4.7936E-10 6.0940E-10 7.6509E-10 9.5746E-10 1.1902E-09 1.4820E-09 1.8344E-09 2.2416E-09 2.7376E-09 3.3343E-09 4.0361E-09 4.8527E-09 5.8002E-09 6.9117E-09 8.1900E-09 9.6441E-09 1.1302E-08 1.3188E-08 1.5321E-08 1.7685E-08 2.0374E-08 2.3248E-08 2.6462E-08 2.9813E-08 3.3367E-08 3.6953E-08 4.0495E-08 4.3740E-08
0.0000E+00 0.0000E+00 0.0000E+00 0.0000E+00 0.0000E+00 0.0000E+00 0.0000E+00 0.0000E+00 0.0000E+00 0.0000E+00 0.0000E+00 7.9072E-15 3.0278E-13 5.9267E-13 1.0390E-12 1.6401E-12 2.1802E-12 2.6362E-12 2.9055E-12 3.1073E-12 5.2077E-12 7.6116E-12 1.0222E-11 1.8918E-11 3.5508E-11 6.6933E-11 1.3466E-10 1.9450E-10 2.7217E-10 3.6121E-10 4.7147E-10 6.0143E-10 7.6152E-10 9.5987E-10 1.2088E-09 1.5153E-09 1.8704E-09 2.3076E-09 2.8306E-09 3.4687E-09 4.2144E-09 5.0853E-09 6.1231E-09 7.3320E-09 8.7243E-09 1.0332E-08 1.2191E-08 1.4312E-08 1.6742E-08 1.9461E-08 2.2542E-08 2.5925E-08 2.9655E-08 3.3642E-08 3.7851E-08 4.2072E-08 4.6141E-08
0.0000E+00 0.0000E+00 0.0000E+00 0.0000E+00 0.0000E+00 0.0000E+00 0.0000E+00 0.0000E+00 0.0000E+00 0.0000E+00 0.0000E+00 0.0000E+00 0.0000E+00 0.0000E+00 0.0000E+00 1.5312E-13 3.2525E-13 4.7678E-13 6.0394E-13 7.0372E-13 7.7386E-13 8.1301E-13 8.2079E-13 1.7021E-12 9.7179E-12 2.8724E-11 6.5634E-11 1.2643E-10 1.8600E-10 2.6359E-10 3.5385E-10 4.6132E-10 5.9731E-10 7.5905E-10 9.6951E-10 1.2278E-09 1.5322E-09 1.9099E-09 2.3672E-09 2.9241E-09 3.5953E-09 4.3815E-09 5.3340E-09 6.4476E-09 7.7570E-09 9.2788E-09 1.1061E-08 1.3136E-08 1.5508E-08 1.8273E-08 2.1393E-08 2.4951E-08 2.8903E-08 3.3303E-08 3.7983E-08 4.2906E-08 4.7738E-08
0.0000E+00 0.0000E+00 0.0000E+00 0.0000E+00 0.0000E+00 0.0000E+00 0.0000E+00 0.0000E+00 0.0000E+00 0.0000E+00 0.0000E+00 0.0000E+00 0.0000E+00 0.0000E+00 0.0000E+00 0.0000E+00 0.0000E+00 0.0000E+00 0.0000E+00 0.0000E+00 0.0000E+00 0.0000E+00 0.0000E+00 0.0000E+00 1.4564E-12 1.0575E-11 2.7713E-11 6.6023E-11 1.2248E-10 1.7760E-10 2.5760E-10 3.4547E-10 4.5302E-10 5.9027E-10 7.5910E-10 9.7835E-10 1.2294E-09 1.5509E-09 1.9428E-09 2.4250E-09 3.0103E-09 3.7049E-09 4.5582E-09 5.5586E-09 6.7537E-09 8.1696E-09 9.8375E-09 1.1787E-08 1.4093E-08 1.6769E-08 1.9887E-08 2.3487E-08 2.7602E-08 3.2238E-08 3.7341E-08 4.2762E-08 4.8343E-08
0.0000E+00 0.0000E+00 0.0000E+00 0.0000E+00 0.0000E+00 0.0000E+00 0.0000E+00 0.0000E+00 0.0000E+00 0.0000E+00 0.0000E+00 0.0000E+00 0.0000E+00 0.0000E+00 0.0000E+00 0.0000E+00 0.0000E+00 0.0000E+00 0.0000E+00 0.0000E+00 0.0000E+00 0.0000E+00 0.0000E+00 0.0000E+00 0.0000E+00 2.4724E-12 1.2748E-11 2.8460E-11 6.5971E-11 1.1526E-10 1.7206E-10 2.4872E-10 3.3576E-10 4.4224E-10 5.8535E-10 7.5817E-10 9.6748E-10 1.2343E-09 1.5641E-09 1.9665E-09 2.4740E-09 3.0657E-09 3.8189E-09 4.6983E-09 5.7659E-09 7.0387E-09 8.5552E-09 1.0363E-08 1.2511E-08 1.5059E-08 1.8067E-08 2.1611E-08 2.5747E-08 3.0492E-08 3.5836E-08 4.1662E-08 4.7798E-08
0.0000E+00 0.0000E+00 0.0000E+00 0.0000E+00 0.0000E+00 0.0000E+00 0.0000E+00 0.0000E+00 0.0000E+00 0.0000E+00 0.0000E+00 0.0000E+00 0.0000E+00 0.0000E+00 0.0000E+00 0.0000E+00 0.0000E+00 0.0000E+00 0.0000E+00 0.0000E+00 0.0000E+00 0.0000E+00 0.0000E+00 0.0000E+00 0.0000E+00 0.0000E+00 3.4081E-12 1.2460E-11 2.8890E-11 6.1826E-11 1.0556E-10 1.5597E-10 2.3436E-10 3.2253E-10 4.3141E-10 5.7318E-10 7.4098E-10 9.6065E-10 1.2316E-09 1.5646E-09 1.9857E-09 2.4878E-09 3.1248E-09 3.8815E-09 4.8122E-09 5.9232E-09 7.2742E-09 8.8854E-09 1.0844E-08 1.3197E-08 1.5997E-08 1.9393E-08 2.3389E-08 2.8116E-08 3.3456E-08 3.9497E-08 4.6051E-08
0.0000E+00 0.0000E+00 0.0000E+00 0.0000E+00 0.0000E+00 0.0000E+00 0.0000E+00 0.0000E+00 0.0000E+00 0.0000E+00 0.0000E+00 0.0000E+00 0.0000E+00 0.0000E+00 0.0000E+00 0.0000E+00 0.0000E+00 0.0000E+00 0.0000E+00 0.0000E+00 0.0000E+00 0.0000E+00 0.0000E+00 0.0000E+00 0.0000E+00 0.0000E+00 0.0000E+00 1.6222E-12 1.1181E-11 2.5843E-11 5.5101E-11 8.9485E-11 1.3566E-10 2.1044E-10 3.0479E-10 4.1564E-10 5.4818E-10 7.2510E-10 9.4674E-10 1.2165E-09 1.5546E-09 1.9641E-09 2.4953E-09 3.1340E-09 3.9013E-09 4.8635E-09 6.0134E-09 7.4289E-09 9.1624E-09 1.1252E-08 1.3805E-08 1.6920E-08 2.0689E-08 2.5144E-08 3.0406E-08 3.6371E-08 4.3262E-08
0.0000E+00 0.0000E+00 0.0000E+00 0.0000E+00 0.0000E+00 0.0000E+00 0.0000E+00 0.0000E+00 0.0000E+00 0.0000E+00 0.0000E+00 0.0000E+00 0.0000E+00 0.0000E+00 0.0000E+00 0.0000E+00 0.0000E+00 0.0000E+00 0.0000E+00 0.0000E+00 0.0000E+00 0.0000E+00 0.0000E+00 0.0000E+00 0.0000E+00 0.0000E+00 0.0000E+00 0.0000E+00 4.3815E-13 7.1606E-12 2.2065E-11 4.4019E-11 7.2835E-11 1.1763E-10 1.8802E-10 2.7814E-10 3.8472E-10 5.1904E-10 7.0029E-10 9.2180E-10 1.1908E-09 1.5123E-09 1.9413E-09 2.4569E-09 3.1009E-09 3.8796E-09 4.8488E-09 6.0295E-09 7.5252E-09 9.3374E-09 1.1561E-08 1.4346E-08 1.7720E-08 2.1848E-08 2.6689E-08 3.2428E-08 3.9157E-08
0.0000E+00 0.0000E+00 0.0000E+00 0.0000E+00 0.0000E+00 0.0000E+00 0.0000E+00 0.0000E+00 0.0000E+00 0.0000E+00 0.0000E+00 0.0000E+00 0.0000E+00 0.0000E+00 0.0000E+00 0.0000E+00 0.0000E+00 0.0000E+00 0.0000E+00 0.0000E+00 0.0000E+00 0.0000E+00 0.0000E+00 0.0000E+00 0.0000E+00 0.0000E+00 0.0000E+00 0.0000E+00 0.0000E+00 0.0000E+00 3.2052E-12 1.4973E-11 3.3034E-11 5.7238E-11 1.0051E-10 1.6595E-10 2.4487E-10 3.5249E-10 4.8061E-10 6.6153E-10 8.8340E-10 1.1306E-09 1.4695E-09 1.8712E-09 2.3855E-09 3.0213E-09 3.7979E-09 4.7677E-09 5.9607E-09 7.4981E-09 9.3912E-09 1.1753E-08 1.4690E-08 1.8273E-08 2.2668E-08 2.7979E-08 3.4048E-08
0.0000E+00 0.0000E+00 0.0000E+00 0.0000E+00 0.0000E+00 0.0000E+00 0.0000E+00 0.0000E+00 0.0000E+00 0.0000E+00 0.0000E+00 0.0000E+00 0.0000E+00 0.0000E+00 0.0000E+00 0.0000E+00 0.0000E+00 0.0000E+00 0.0000E+00 0.0000E+00 0.0000E+00 0.0000E+00 0.0000E+00 0.0000E+00 0.0000E+00 0.0000E+00 0.0000E+00 0.0000E+00 0.0000E+00 0.0000E+00 0.0000E+00 1.4794E-13 7.2107E-12 2.1424E-11 4.1296E-11 8.2971E-11 1.3845E-10 2.1477E-10 3.2002E-10 4.4050E-10 6.1581E-10 8.1576E-10 1.0680E-09 1.3845E-09 1.7668E-09 2.2711E-09 2.8769E-09 3.6491E-09 4.6020E-09 5.7803E-09 7.3631E-09 9.3028E-09 1.1714E-08 1.4749E-08 1.8495E-08 2.3100E-08 2.8599E-08
0.0000E+00 0.0000E+00 0.0000E+00 0.0000E+00 0.0000E+00 0.0000E+00 0.0000E+00 0.0000E+00 0.0000E+00 0.0000E+00 0.0000E+00 0.0000E+00 0.0000E+00 0.0000E+00 0.0000E+00 0.0000E+00 0.0000E+00 0.0000E+00 0.0000E+00 0.0000E+00 0.0000E+00 0.0000E+00 0.0000E+00 0.0000E+00 0.0000E+00 0.0000E+00 0.0000E+00 0.0000E+00 0.0000E+00 0.0000E+00 0.0000E+00 0.0000E+00 0.0000E+00 5.7717E-13 1.0448E-11 2.5624E-11 6.2934E-11 1.2357E-10 1.8467E-10 2.8598E-10 4.0130E-10 5.5559E-10 7.5436E-10 9.7200E-10 1.2757E-09 1.6310E-09 2.1146E-09 2.6810E-09 3.4310E-09 4.3216E-09 5.4844E-09 7.0720E-09 8.9870E-09 1.1402E-08 1.4462E-08 1.8285E-08 2.2833E-08
0.0000E+00 0.0000E+00 0.0000E+00 0.0000E+00 0.0000E+00 0.0000E+00 0.0000E+00 0.0000E+00 0.0000E+00 0.0000E+00 0.0000E+00 0.0000E+00 0.0000E+00 0.0000E+00 0.0000E+00 0.0000E+00 0.0000E+00 0.0000E+00 0.0000E+00 0.0000E+00 0.0000E+00 0.0000E+00 0.0000E+00 0.0000E+00 0.0000E+00 0.0000E+00 0.0000E+00 0.0000E+00 0.0000E+00 0.0000E+00 0.0000E+00 0.0000E+00 0.0000E+00 0.0000E+00 0.0000E+00 1.1864E-12 1.1879E-11 4.2597E-11 1.0070E-10 1.5338E-10 2.4673E-10 3.5533E-10 5.0029E-10 6.7241E-10 8.6334E-10 1.1410E-09 1.4708E-09 1.9021E-09 2.4293E-09 3.1174E-09 3.9518E-09 5.0401E-09 6.5816E-09 8.4095E-09 1.0766E-08 1.3708E-08 1.7455E-08
0.0000E+00 0.0000E+00 0.0000E+00 0.0000E+00 0.0000E+00 0.0000E+00 0.0000E+00 0.0000E+00 0.0000E+00 0.0000E+00 0.0000E+00 0.0000E+00 0.0000E+00 0.0000E+00 0.0000E+00 0.0000E+00 0.0000E+00 0.0000E+00 0.0000E+00 0.0000E+00 0.0000E+00 0.0000E+00 0.0000E+00 0.0000E+00 0.0000E+00 0.0000E+00 0.0000E+00 0.0000E+00 0.0000E+00 0.0000E+00 0.0000E+00 0.0000E+00 0.0000E+00 0.0000E+00 0.0000E+00 0.0000E+00 0.0000E+00 1.5727E-12 2.0350E-11 7.1743E-11 1.1975E-10 1.9521E-10 3.1033E-10 4.2309E-10 5.7444E-10 7.3730E-10 9.7809E-10 1.2554E-09 1.6310E-09 2.0948E-09 2.7225E-09 3.4848E-09 4.4654E-09 5.9001E-09 7.5970E-09 9.7960E-09 1.2573E-08
0.0000E+00 0.0000E+00 0.0000E+00 0.0000E+00 0.0000E+00 0.0000E+00 0.0000E+00 0.0000E+00 0.0000E+00 0.0000E+00 0.0000E+00 0.0000E+00 0.0000E+00 0.0000E+00 0.0000E+00 0.0000E+00 0.0000E+00 0.0000E+00 0.0000E+00 0.0000E+00 0.0000E+00 0.0000E+00 0.0000E+00 0.0000E+00 0.0000E+00 0.0000E+00 0.0000E+00 0.0000E+00 0.0000E+00 0.0000E+00 0.0000E+00 0.0000E+00 0.0000E+00 0.0000E+00 0.0000E+00 0.0000E+00 0.0000E+00 0.0000E+00 7.9488E-14 6.1774E-12 4.6642E-11 8.5848E-11 1.5511E-10 2.4683E-10 3.4087E-10 4.6860E-10 6.0183E-10 8.0308E-10 1.0244E-09 1.3482E-09 1.7262E-09 2.2774E-09 2.9027E-09 3.7575E-09 5.0556E-09 6.5720E-09 8.5380E-09
