Assets/Resources/2015_m01_d12_0000(utc+0800)_l00_csi_1hr_conc.grd
DSAA
         159         159
     -79.000      79.000
     -79.000      79.000
  0.0000E+00  0.3678E-05
[rows 0 to 24 of 159, columns 57 to 113 of 159]
1.1293E-08 1.1919E-08 1.2545E-08 1.3154E-08 1.3745E-08 1.4310E-08 1.4834E-08 1.5322E-08 1.5805E-08 1.6344E-08 1.6821E-08 1.7835E-08 1.8242E-08 1.8142E-08 1.8321E-08 1.7752E-08 1.7159E-08 1.6536E-08 1.5659E-08 1.4716E-08 1.3725E-08 1.2704E-08 1.1675E-08 1.0657E-08 9.6583E-09 8.6914E-09 7.7698E-09 6.8967E-09 6.0808E-09 5.3210E-09 4.6290E-09 4.0011E-09 3.4296E-09 2.8727E-09 2.3855E-09 1.9789E-09 1.6255E-09 1.3215E-09 1.0583E-09 8.3654E-10 6.5308E-10 5.0036E-10 3.7535E-10 2.7332E-10 1.9411E-10 1.3267E-10 8.4315E-11 4.8843E-11 2.3967E-11 5.9249E-12 0.0000E+00 0.0000E+00 0.0000E+00 0.0000E+00 0.0000E+00 0.0000E+00 0.0000E+00
1.1984E-08 1.2680E-08 1.3373E-08 1.4060E-08 1.4733E-08 1.5387E-08 1.6047E-08 1.6841E-08 1.7556E-08 1.8799E-08 1.9852E-08 1.9911E-08 2.0261E-08 2.0206E-08 1.9786E-08 1.9428E-08 1.8708E-08 1.7894E-08 1.6990E-08 1.6012E-08 1.4979E-08 1.3912E-08 1.2835E-08 1.1766E-08 1.0706E-08 9.6788E-09 8.6881E-09 7.7481E-09 6.8630E-09 6.0368E-09 5.2770E-09 4.5780E-09 3.9372E-09 3.3145E-09 2.7664E-09 2.2957E-09 1.8934E-09 1.5410E-09 1.2405E-09 9.8283E-10 7.6838E-10 5.9036E-10 4.4307E-10 3.2615E-10 2.3242E-10 1.6192E-10 1.0423E-10 6.2460E-11 3.1166E-11 1.2024E-11 0.0000E+00 0.0000E+00 0.0000E+00 0.0000E+00 0.0000E+00 0.0000E+00 0.0000E+00
1.2679E-08 1.3443E-08 1.4219E-08 1.4999E-08 1.5795E-08 1.6804E-08 1.7730E-08 1.9134E-08 2.0463E-08 2.1123E-08 2.1791E-08 2.2170E-08 2.2003E-08 2.1965E-08 2.1445E-08 2.0840E-08 2.0122E-08 1.9293E-08 1.8366E-08 1.7356E-08 1.6291E-08 1.5188E-08 1.4067E-08 1.2945E-08 1.1827E-08 1.0735E-08 9.6762E-09 8.6658E-09 7.7049E-09 6.8130E-09 5.9819E-09 5.2116E-09 4.4908E-09 3.7999E-09 3.1901E-09 2.6522E-09 2.1955E-09 1.7906E-09 1.4413E-09 1.1453E-09 8.9789E-10 6.9095E-10 5.2032E-10 3.8547E-10 2.7768E-10 1.9282E-10 1.2786E-10 7.8241E-11 3.9840E-11 1.8614E-11 1.3773E-13 0.0000E+00 0.0000E+00 0.0000E+00 0.0000E+00 0.0000E+00 0.0000E+00
1.3367E-08 1.4225E-08 1.5115E-08 1.6198E-08 1.7355E-08 1.8749E-08 2.0540E-08 2.1694E-08 2.2702E-08 2.3498E-08 2.3607E-08 2.3953E-08 2.3706E-08 2.3334E-08 2.2853E-08 2.2264E-08 2.1550E-08 2.0716E-08 1.9780E-08 1.8754E-08 1.7663E-08 1.6529E-08 1.5371E-08 1.4196E-08 1.3017E-08 1.1863E-08 1.0738E-08 9.6570E-09 8.6268E-09 7.6598E-09 6.7539E-09 5.9099E-09 5.1034E-09 4.3370E-09 3.6521E-09 3.0473E-09 2.5253E-09 2.0687E-09 1.6685E-09 1.3279E-09 1.0423E-09 8.0354E-10 6.0826E-10 4.4994E-10 3.2796E-10 2.2799E-10 1.5266E-10 9.4118E-11 5.2258E-11 2.4688E-11 2.8419E-12 0.0000E+00 0.0000E+00 0.0000E+00 0.0000E+00 0.0000E+00 0.0000E+00
1.4096E-08 1.5229E-08 1.6438E-08 1.7840E-08 2.0109E-08 2.1622E-08 2.2941E-08 2.4121E-08 2.4500E-08 2.5076E-08 2.5289E-08 2.5248E-08 2.5014E-08 2.4689E-08 2.4251E-08 2.3691E-08 2.2994E-08 2.2167E-08 2.1225E-08 2.0194E-08 1.9087E-08 1.7931E-08 1.6742E-08 1.5512E-08 1.4279E-08 1.3064E-08 1.1881E-08 1.0730E-08 9.6302E-09 8.5839E-09 7.5986E-09 6.6679E-09 5.7791E-09 4.9352E-09 4.1676E-09 3.4897E-09 2.8957E-09 2.3737E-09 1.9203E-09 1.5299E-09 1.2036E-09 9.2945E-10 7.0607E-10 5.2540E-10 3.8173E-10 2.6740E-10 1.8206E-10 1.1156E-10 6.4531E-11 2.9606E-11 7.6567E-12 0.0000E+00 0.0000E+00 0.0000E+00 0.0000E+00 0.0000E+00 0.0000E+00
1.5217E-08 1.6631E-08 1.9205E-08 2.0962E-08 2.2138E-08 2.4045E-08 2.4660E-08 2.5354E-08 2.6095E-08 2.6325E-08 2.6438E-08 2.6424E-08 2.6284E-08 2.6009E-08 2.5628E-08 2.5097E-08 2.4422E-08 2.3610E-08 2.2681E-08 2.1651E-08 2.0539E-08 1.9369E-08 1.8148E-08 1.6872E-08 1.5594E-08 1.4329E-08 1.3089E-08 1.1876E-08 1.0703E-08 9.5795E-09 8.5105E-09 7.4885E-09 6.5098E-09 5.5807E-09 4.7343E-09 3.9747E-09 3.3111E-09 2.7193E-09 2.2016E-09 1.7598E-09 1.3862E-09 1.0735E-09 8.1398E-10 6.0960E-10 4.4191E-10 3.1193E-10 2.1121E-10 1.3223E-10 7.8879E-11 3.4983E-11 1.2898E-11 0.0000E+00 0.0000E+00 0.0000E+00 0.0000E+00 0.0000E+00 0.0000E+00
1.7643E-08 1.9828E-08 2.1008E-08 2.2836E-08 2.4124E-08 2.4990E-08 2.6122E-08 2.6620E-08 2.7025E-08 2.7326E-08 2.7509E-08 2.7565E-08 2.7486E-08 2.7279E-08 2.6950E-08 2.6465E-08 2.5827E-08 2.5046E-08 2.4137E-08 2.3121E-08 2.2014E-08 2.0839E-08 1.9587E-08 1.8285E-08 1.6970E-08 1.5660E-08 1.4369E-08 1.3100E-08 1.1855E-08 1.0654E-08 9.4936E-09 8.3824E-09 7.3064E-09 6.2816E-09 5.3548E-09 4.5072E-09 3.7584E-09 3.0950E-09 2.5086E-09 2.0095E-09 1.5856E-09 1.2321E-09 9.3752E-10 7.0075E-10 5.0948E-10 3.6233E-10 2.4314E-10 1.5533E-10 9.1392E-11 4.4135E-11 1.7874E-11 7.7687E-13 0.0000E+00 0.0000E+00 0.0000E+00 0.0000E+00 0.0000E+00
1.9514E-08 2.1402E-08 2.3032E-08 2.3995E-08 2.5427E-08 2.6147E-08 2.6797E-08 2.7368E-08 2.7850E-08 2.8225E-08 2.8480E-08 2.8612E-08 2.8605E-08 2.8472E-08 2.8207E-08 2.7773E-08 2.7176E-08 2.6436E-08 2.5559E-08 2.4567E-08 2.3479E-08 2.2312E-08 2.1041E-08 1.9721E-08 1.8384E-08 1.7042E-08 1.5711E-08 1.4390E-08 1.3079E-08 1.1798E-08 1.0548E-08 9.3441E-09 8.1647E-09 7.0531E-09 6.0276E-09 5.1026E-09 4.2628E-09 3.5104E-09 2.8552E-09 2.2887E-09 1.8082E-09 1.4037E-09 1.0724E-09 8.0133E-10 5.8520E-10 4.1474E-10 2.8000E-10 1.8210E-10 1.0396E-10 5.4050E-11 2.0368E-11 3.5235E-12 0.0000E+00 0.0000E+00 0.0000E+00 0.0000E+00 0.0000E+00
2.1494E-08 2.2518E-08 2.4156E-08 2.5008E-08 2.5826E-08 2.6623E-08 2.7342E-08 2.7987E-08 2.8633E-08 2.8995E-08 2.9334E-08 2.9543E-08 2.9609E-08 2.9568E-08 2.9361E-08 2.8987E-08 2.8454E-08 2.7763E-08 2.6933E-08 2.5982E-08 2.4930E-08 2.3776E-08 2.2508E-08 2.1191E-08 1.9847E-08 1.8486E-08 1.7118E-08 1.5749E-08 1.4376E-08 1.3014E-08 1.1676E-08 1.0378E-08 9.0957E-09 7.8764E-09 6.7543E-09 5.7346E-09 4.8005E-09 3.9621E-09 3.2289E-09 2.5936E-09 2.0536E-09 1.5955E-09 1.2189E-09 9.1026E-10 6.6780E-10 4.7202E-10 3.2182E-10 2.0740E-10 1.1975E-10 6.5226E-11 2.2993E-11 6.2502E-12 0.0000E+00 0.0000E+00 0.0000E+00 0.0000E+00 0.0000E+00
2.2276E-08 2.3377E-08 2.4301E-08 2.5207E-08 2.6091E-08 2.6952E-08 2.7742E-08 2.8457E-08 2.9091E-08 2.9624E-08 3.0045E-08 3.0332E-08 3.0487E-08 3.0522E-08 3.0396E-08 3.0095E-08 2.9624E-08 2.8998E-08 2.8230E-08 2.7339E-08 2.6333E-08 2.5204E-08 2.3965E-08 2.2667E-08 2.1327E-08 1.9963E-08 1.8574E-08 1.7162E-08 1.5735E-08 1.4294E-08 1.2873E-08 1.1464E-08 1.0091E-08 8.7718E-09 7.5524E-09 6.4277E-09 5.3880E-09 4.4591E-09 3.6358E-09 2.9234E-09 2.3141E-09 1.8020E-09 1.3786E-09 1.0318E-09 7.5543E-10 5.3274E-10 3.6650E-10 2.3443E-10 1.3978E-10 7.3786E-11 2.7408E-11 8.7671E-12 0.0000E+00 0.0000E+00 0.0000E+00 0.0000E+00 0.0000E+00
2.2360E-08 2.3331E-08 2.4302E-08 2.5264E-08 2.6200E-08 2.7127E-08 2.7979E-08 2.8765E-08 2.9473E-08 3.0086E-08 3.0590E-08 3.0955E-08 3.1208E-08 3.1332E-08 3.1279E-08 3.1057E-08 3.0666E-08 3.0117E-08 2.9431E-08 2.8613E-08 2.7686E-08 2.6592E-08 2.5399E-08 2.4144E-08 2.2835E-08 2.1478E-08 2.0078E-08 1.8637E-08 1.7157E-08 1.5650E-08 1.4146E-08 1.2637E-08 1.1141E-08 9.7378E-09 8.4063E-09 7.1698E-09 6.0293E-09 4.9954E-09 4.0800E-09 3.2864E-09 2.6018E-09 2.0273E-09 1.5480E-09 1.1610E-09 8.4916E-10 6.0088E-10 4.1107E-10 2.6198E-10 1.6034E-10 8.3493E-11 3.3410E-11 1.1455E-11 2.1391E-13 0.0000E+00 0.0000E+00 0.0000E+00 0.0000E+00
2.2136E-08 2.3148E-08 2.4157E-08 2.5161E-08 2.6147E-08 2.7127E-08 2.8039E-08 2.8895E-08 2.9679E-08 3.0426E-08 3.0947E-08 3.1396E-08 3.1751E-08 3.1951E-08 3.1990E-08 3.1854E-08 3.1552E-08 3.1106E-08 3.0514E-08 2.9802E-08 2.8947E-08 2.7922E-08 2.6805E-08 2.5607E-08 2.4344E-08 2.3012E-08 2.1612E-08 2.0149E-08 1.8629E-08 1.7065E-08 1.5479E-08 1.3875E-08 1.2286E-08 1.0753E-08 9.3142E-09 7.9621E-09 6.7092E-09 5.5689E-09 4.5546E-09 3.6720E-09 2.9132E-09 2.2698E-09 1.7333E-09 1.2993E-09 9.4543E-10 6.7310E-10 4.5804E-10 2.9612E-10 1.8064E-10 9.3502E-11 4.1533E-11 1.3264E-11 7.7374E-13 0.0000E+00 0.0000E+00 0.0000E+00 0.0000E+00
2.1782E-08 2.2816E-08 2.3853E-08 2.4896E-08 2.5919E-08 2.6951E-08 2.7919E-08 2.8840E-08 2.9687E-08 3.0451E-08 3.1105E-08 3.1640E-08 3.2083E-08 3.2377E-08 3.2501E-08 3.2463E-08 3.2272E-08 3.1937E-08 3.1467E-08 3.0866E-08 3.0104E-08 2.9179E-08 2.8157E-08 2.7048E-08 2.5849E-08 2.4564E-08 2.3185E-08 2.1715E-08 2.0164E-08 1.8549E-08 1.6885E-08 1.5186E-08 1.3493E-08 1.1848E-08 1.0293E-08 8.8179E-09 7.4444E-09 6.1954E-09 5.0756E-09 4.0900E-09 3.2433E-09 2.5240E-09 1.9296E-09 1.4435E-09 1.0501E-09 7.4636E-10 5.0488E-10 3.3027E-10 1.9982E-10 1.0653E-10 4.9696E-11 1.6820E-11 1.2496E-12 0.0000E+00 0.0000E+00 0.0000E+00 0.0000E+00
2.1285E-08 2.2337E-08 2.3395E-08 2.4462E-08 2.5518E-08 2.6596E-08 2.7612E-08 2.8585E-08 2.9495E-08 3.0323E-08 3.1039E-08 3.1669E-08 3.2201E-08 3.2576E-08 3.2800E-08 3.2871E-08 3.2798E-08 3.2600E-08 3.2262E-08 3.1802E-08 3.1141E-08 3.0347E-08 2.9448E-08 2.8450E-08 2.7341E-08 2.6113E-08 2.4765E-08 2.3305E-08 2.1739E-08 2.0082E-08 1.8341E-08 1.6548E-08 1.4753E-08 1.2996E-08 1.1314E-08 9.7108E-09 8.2191E-09 6.8518E-09 5.6273E-09 4.5383E-09 3.5979E-09 2.7982E-09 2.1362E-09 1.5914E-09 1.1598E-09 8.2232E-10 5.5774E-10 3.6447E-10 2.1994E-10 1.2088E-10 5.7739E-11 2.0878E-11 2.1459E-12 0.0000E+00 0.0000E+00 0.0000E+00 0.0000E+00
2.0654E-08 2.1711E-08 2.2781E-08 2.3868E-08 2.4949E-08 2.6062E-08 2.7115E-08 2.8134E-08 2.9091E-08 2.9972E-08 3.0768E-08 3.1474E-08 3.2075E-08 3.2546E-08 3.2870E-08 3.3064E-08 3.3126E-08 3.3070E-08 3.2891E-08 3.2569E-08 3.2048E-08 3.1411E-08 3.0659E-08 2.9790E-08 2.8787E-08 2.7644E-08 2.6357E-08 2.4923E-08 2.3355E-08 2.1668E-08 1.9866E-08 1.7971E-08 1.6068E-08 1.4216E-08 1.2406E-08 1.0671E-08 9.0516E-09 7.5557E-09 6.2057E-09 5.0086E-09 3.9691E-09 3.0867E-09 2.3529E-09 1.7483E-09 1.2738E-09 8.9716E-10 6.0889E-10 3.9860E-10 2.4352E-10 1.3611E-10 6.6901E-11 2.5288E-11 4.4076E-12 0.0000E+00 0.0000E+00 0.0000E+00 0.0000E+00
1.9896E-08 2.0953E-08 2.2025E-08 2.3120E-08 2.4213E-08 2.5349E-08 2.6482E-08 2.7480E-08 2.8473E-08 2.9398E-08 3.0242E-08 3.1035E-08 3.1717E-08 3.2271E-08 3.2710E-08 3.3032E-08 3.3234E-08 3.3344E-08 3.3324E-08 3.3159E-08 3.2811E-08 3.2355E-08 3.1774E-08 3.1062E-08 3.0189E-08 2.9148E-08 2.7937E-08 2.6551E-08 2.4995E-08 2.3264E-08 2.1408E-08 1.9443E-08 1.7455E-08 1.5475E-08 1.3535E-08 1.1674E-08 9.9181E-09 8.2937E-09 6.8187E-09 5.5021E-09 4.3532E-09 3.3859E-09 2.5734E-09 1.9119E-09 1.3888E-09 9.7165E-10 6.6516E-10 4.3364E-10 2.6538E-10 1.5213E-10 7.8405E-11 3.0326E-11 7.2221E-12 6.5620E-13 0.0000E+00 0.0000E+00 0.0000E+00
1.9022E-08 2.0070E-08 2.1131E-08 2.2227E-08 2.3320E-08 2.4465E-08 2.5556E-08 2.6622E-08 2.7644E-08 2.8606E-08 2.9510E-08 3.0358E-08 3.1106E-08 3.1764E-08 3.2316E-08 3.2767E-08 3.3125E-08 3.3398E-08 3.3572E-08 3.3563E-08 3.3420E-08 3.3165E-08 3.2779E-08 3.2235E-08 3.1516E-08 3.0607E-08 2.9494E-08 2.8170E-08 2.6643E-08 2.4907E-08 2.2996E-08 2.0958E-08 1.8895E-08 1.6800E-08 1.4726E-08 1.2722E-08 1.0821E-08 9.0575E-09 7.4489E-09 6.0154E-09 4.7557E-09 3.6930E-09 2.7958E-09 2.0787E-09 1.5010E-09 1.0528E-09 7.1925E-10 4.6629E-10 2.8716E-10 1.6776E-10 8.8640E-11 3.5961E-11 9.7027E-12 1.8179E-12 0.0000E+00 0.0000E+00 0.0000E+00
1.8052E-08 1.9075E-08 2.0119E-08 2.1199E-08 2.2274E-08 2.3418E-08 2.4505E-08 2.5580E-08 2.6617E-08 2.7596E-08 2.8550E-08 2.9447E-08 3.0276E-08 3.1017E-08 3.1684E-08 3.2271E-08 3.2787E-08 3.3247E-08 3.3597E-08 3.3782E-08 3.3857E-08 3.3825E-08 3.3651E-08 3.3306E-08 3.2764E-08 3.2012E-08 3.1023E-08 2.9786E-08 2.8287E-08 2.6553E-08 2.4615E-08 2.2536E-08 2.0373E-08 1.8165E-08 1.5961E-08 1.3813E-08 1.1767E-08 9.8500E-09 8.0961E-09 6.5348E-09 5.1657E-09 3.9993E-09 3.0234E-09 2.2402E-09 1.6152E-09 1.1341E-09 7.6615E-10 5.0002E-10 3.1564E-10 1.8310E-10 9.9249E-11 4.3514E-11 1.2436E-11 3.0880E-12 0.0000E+00 0.0000E+00 0.0000E+00
1.6994E-08 1.7985E-08 1.8998E-08 2.0044E-08 2.1097E-08 2.2222E-08 2.3293E-08 2.4388E-08 2.5401E-08 2.6392E-08 2.7382E-08 2.8324E-08 2.9213E-08 3.0050E-08 3.0828E-08 3.1547E-08 3.2234E-08 3.2868E-08 3.3409E-08 3.3804E-08 3.4126E-08 3.4326E-08 3.4378E-08 3.4256E-08 3.3920E-08 3.3344E-08 3.2493E-08 3.1355E-08 2.9926E-08 2.8211E-08 2.6251E-08 2.4138E-08 2.1889E-08 1.9566E-08 1.7224E-08 1.4925E-08 1.2724E-08 1.0657E-08 8.7565E-09 7.0590E-09 5.5740E-09 4.3006E-09 3.2519E-09 2.4026E-09 1.7241E-09 1.2088E-09 8.2014E-10 5.3811E-10 3.3606E-10 2.0180E-10 1.0898E-10 5.1887E-11 1.6167E-11 3.9434E-12 0.0000E+00 0.0000E+00 0.0000E+00
1.5865E-08 1.6810E-08 1.7781E-08 1.8787E-08 1.9799E-08 2.0895E-08 2.1941E-08 2.2990E-08 2.4013E-08 2.5010E-08 2.6026E-08 2.7006E-08 2.7958E-08 2.8872E-08 2.9759E-08 3.0612E-08 3.1456E-08 3.2288E-08 3.3002E-08 3.3645E-08 3.4200E-08 3.4653E-08 3.4958E-08 3.5071E-08 3.4964E-08 3.4592E-08 3.3921E-08 3.2902E-08 3.1555E-08 2.9885E-08 2.7938E-08 2.5776E-08 2.3445E-08 2.1007E-08 1.8523E-08 1.6068E-08 1.3694E-08 1.1461E-08 9.4114E-09 7.5805E-09 5.9786E-09 4.5996E-09 3.4727E-09 2.5560E-09 1.8330E-09 1.2834E-09 8.7027E-10 5.7162E-10 3.6297E-10 2.1632E-10 1.2077E-10 5.9046E-11 2.1085E-11 4.5346E-12 0.0000E+00 0.0000E+00 0.0000E+00
1.4679E-08 1.5573E-08 1.6489E-08 1.7442E-08 1.8411E-08 1.9464E-08 2.0470E-08 2.1481E-08 2.2481E-08 2.3486E-08 2.4511E-08 2.5519E-08 2.6519E-08 2.7512E-08 2.8495E-08 2.9469E-08 3.0483E-08 3.1489E-08 3.2408E-08 3.3278E-08 3.4091E-08 3.4796E-08 3.5367E-08 3.5752E-08 3.5900E-08 3.5751E-08 3.5262E-08 3.4404E-08 3.3158E-08 3.1541E-08 2.9627E-08 2.7429E-08 2.5011E-08 2.2452E-08 1.9825E-08 1.7207E-08 1.4665E-08 1.2269E-08 1.0060E-08 8.0830E-09 6.3657E-09 4.8963E-09 3.6839E-09 2.6999E-09 1.9393E-09 1.3553E-09 9.2006E-10 6.0697E-10 3.8255E-10 2.3159E-10 1.3150E-10 6.3578E-11 2.6152E-11 5.1151E-12 0.0000E+00 0.0000E+00 0.0000E+00
1.3456E-08 1.4289E-08 1.5142E-08 1.6039E-08 1.6951E-08 1.7951E-08 1.8904E-08 1.9871E-08 2.0842E-08 2.1840E-08 2.2863E-08 2.3891E-08 2.4931E-08 2.5985E-08 2.7060E-08 2.8156E-08 2.9319E-08 3.0498E-08 3.1610E-08 3.2720E-08 3.3782E-08 3.4766E-08 3.5624E-08 3.6286E-08 3.6708E-08 3.6815E-08 3.6540E-08 3.5855E-08 3.4748E-08 3.3222E-08 3.1329E-08 2.9103E-08 2.6607E-08 2.3926E-08 2.1146E-08 1.8346E-08 1.5617E-08 1.3048E-08 1.0689E-08 8.5771E-09 6.7377E-09 5.1699E-09 3.8742E-09 2.8399E-09 2.0352E-09 1.4143E-09 9.6571E-10 6.3672E-10 4.0577E-10 2.4542E-10 1.3852E-10 6.8941E-11 2.9061E-11 5.6598E-12 0.0000E+00 0.0000E+00 0.0000E+00
1.2214E-08 1.2981E-08 1.3766E-08 1.4598E-08 1.5469E-08 1.6384E-08 1.7272E-08 1.8187E-08 1.9132E-08 2.0110E-08 2.1123E-08 2.2158E-08 2.3224E-08 2.4334E-08 2.5484E-08 2.6678E-08 2.7994E-08 2.9310E-08 3.0638E-08 3.1972E-08 3.3293E-08 3.4553E-08 3.5704E-08 3.6680E-08 3.7400E-08 3.7769E-08 3.7749E-08 3.7271E-08 3.6300E-08 3.4894E-08 3.3035E-08 3.0777E-08 2.8196E-08 2.5391E-08 2.2446E-08 1.9472E-08 1.6563E-08 1.3813E-08 1.1287E-08 9.0360E-09 7.0821E-09 5.4223E-09 4.0510E-09 2.9620E-09 2.1148E-09 1.4796E-09 1.0024E-09 6.6206E-10 4.2074E-10 2.5634E-10 1.4599E-10 7.0345E-11 3.0918E-11 6.1430E-12 0.0000E+00 0.0000E+00 0.0000E+00
1.0973E-08 1.1668E-08 1.2385E-08 1.3150E-08 1.3926E-08 1.4790E-08 1.5613E-08 1.6478E-08 1.7385E-08 1.8328E-08 1.9322E-08 2.0351E-08 2.1432E-08 2.2579E-08 2.3794E-08 2.5077E-08 2.6515E-08 2.7979E-08 2.9482E-08 3.1042E-08 3.2620E-08 3.4172E-08 3.5633E-08 3.6925E-08 3.7955E-08 3.8630E-08 3.8872E-08 3.8616E-08 3.7856E-08 3.6558E-08 3.4733E-08 3.2451E-08 2.9798E-08 2.6862E-08 2.3739E-08 2.0565E-08 1.7468E-08 1.4542E-08 1.1858E-08 9.4628E-09 7.3899E-09 5.6398E-09 4.2031E-09 3.0635E-09 2.1881E-09 1.5231E-09 1.0339E-09 6.8192E-10 4.3408E-10 2.6481E-10 1.4664E-10 7.3956E-11 3.1666E-11 6.5401E-12 0.0000E+00 0.0000E+00 0.0000E+00
9.7521E-09 1.0376E-08 1.1023E-08 1.1713E-08 1.2414E-08 1.3200E-08 1.3959E-08 1.4765E-08 1.5630E-08 1.6530E-08 1.7495E-08 1.8508E-08 1.9592E-08 2.0767E-08 2.2019E-08 2.3365E-08 2.4901E-08 2.6492E-08 2.8181E-08 2.9955E-08 3.1782E-08 3.3627E-08 3.5407E-08 3.7033E-08 3.8396E-08 3.9397E-08 3.9942E-08 3.9951E-08 3.9392E-08 3.8215E-08 3.6446E-08 3.4144E-08 3.1392E-08 2.8301E-08 2.5006E-08 2.1636E-08 1.8340E-08 1.5221E-08 1.2366E-08 9.8402E-09 7.6626E-09 5.8218E-09 4.3237E-09 3.1452E-09 2.2373E-09 1.5554E-09 1.0521E-09 6.9243E-10 4.4520E-10 2.6737E-10 1.4970E-10 7.5004E-11 3.0578E-11 6.8300E-12 0.0000E+00 0.0000E+00 0.0000E+00
