Assets/Resources/2015_m01_d22_2000(utc+0800)_l00_csi_1hr_conc.grd
DSAA
         159         159
     -79.000      79.000
     -79.000      79.000
  0.0000E+00  0.1060E-04
[rows 0 to 24 of 159, columns 0 to 56 of 159]
2.1711E-10 2.5718E-10 3.0988E-10 3.5197E-10 3.9972E-10 4.5712E-10 5.2948E-10 5.9819E-10 6.7498E-10 7.6055E-10 8.5486E-10 9.5783E-10 1.0650E-09 1.2005E-09 1.3401E-09 1.4845E-09 1.6426E-09 1.8142E-09 2.0009E-09 2.2002E-09 2.4158E-09 2.6488E-09 2.8979E-09 3.1671E-09 3.4533E-09 3.7601E-09 4.0848E-09 4.4292E-09 4.7909E-09 5.1724E-09 5.5714E-09 5.9814E-09 6.3980E-09 6.8186E-09 7.2408E-09 7.6615E-09 8.0778E-09 8.4866E-09 8.8865E-09 9.2725E-09 9.6432E-09 9.9962E-09 1.0331E-08 1.0642E-08 1.0931E-08 1.1196E-08 1.1436E-08 1.1650E-08 1.1840E-08 1.2004E-08 1.2144E-08 1.2261E-08 1.2350E-08 1.2414E-08 1.2453E-08 1.2467E-08 1.2456E-08
2.2275E-10 2.6769E-10 3.1716E-10 3.6100E-10 4.0995E-10 4.7148E-10 5.4554E-10 6.1688E-10 6.9520E-10 7.8009E-10 8.7639E-10 9.8257E-10 1.0977E-09 1.2325E-09 1.3758E-09 1.5256E-09 1.6884E-09 1.8662E-09 2.0562E-09 2.2626E-09 2.4845E-09 2.7225E-09 2.9803E-09 3.2547E-09 3.5496E-09 3.8632E-09 4.1970E-09 4.5500E-09 4.9228E-09 5.3125E-09 5.7208E-09 6.1433E-09 6.5738E-09 7.0084E-09 7.4445E-09 7.8796E-09 8.3114E-09 8.7346E-09 9.1469E-09 9.5466E-09 9.9316E-09 1.0297E-08 1.0643E-08 1.0965E-08 1.1263E-08 1.1536E-08 1.1784E-08 1.2004E-08 1.2199E-08 1.2367E-08 1.2511E-08 1.2627E-08 1.2718E-08 1.2782E-08 1.2819E-08 1.2830E-08 1.2813E-08
2.2834E-10 2.7320E-10 3.2377E-10 3.6956E-10 4.1949E-10 4.8228E-10 5.5831E-10 6.3099E-10 7.1115E-10 8.0099E-10 8.9669E-10 1.0058E-09 1.1304E-09 1.2662E-09 1.4106E-09 1.5642E-09 1.7327E-09 1.9131E-09 2.1099E-09 2.3214E-09 2.5492E-09 2.7947E-09 3.0573E-09 3.3397E-09 3.6410E-09 3.9624E-09 4.3043E-09 4.6665E-09 5.0479E-09 5.4478E-09 5.8650E-09 6.2979E-09 6.7421E-09 7.1908E-09 7.6425E-09 8.0920E-09 8.5366E-09 8.9751E-09 9.4023E-09 9.8150E-09 1.0212E-08 1.0590E-08 1.0948E-08 1.1282E-08 1.1590E-08 1.1872E-08 1.2127E-08 1.2354E-08 1.2552E-08 1.2724E-08 1.2868E-08 1.2985E-08 1.3077E-08 1.3141E-08 1.3177E-08 1.3185E-08 1.3163E-08
2.3340E-10 2.7822E-10 3.2982E-10 3.7699E-10 4.2822E-10 4.9778E-10 5.6995E-10 6.4402E-10 7.2901E-10 8.1733E-10 9.1581E-10 1.0275E-09 1.1564E-09 1.2966E-09 1.4429E-09 1.6014E-09 1.7721E-09 1.9585E-09 2.1594E-09 2.3766E-09 2.6106E-09 2.8616E-09 3.1309E-09 3.4196E-09 3.7277E-09 4.0569E-09 4.4064E-09 4.7765E-09 5.1670E-09 5.5765E-09 6.0034E-09 6.4467E-09 6.9023E-09 7.3663E-09 7.8307E-09 8.2955E-09 8.7555E-09 9.2069E-09 9.6490E-09 1.0076E-08 1.0486E-08 1.0877E-08 1.1246E-08 1.1591E-08 1.1910E-08 1.2201E-08 1.2463E-08 1.2697E-08 1.2901E-08 1.3077E-08 1.3223E-08 1.3343E-08 1.3433E-08 1.3498E-08 1.3532E-08 1.3536E-08 1.3509E-08
2.4002E-10 2.8261E-10 3.3514E-10 3.8370E-10 4.3865E-10 5.0719E-10 5.8021E-10 6.5573E-10 7.4193E-10 8.3595E-10 9.3607E-10 1.0466E-09 1.1816E-09 1.3231E-09 1.4734E-09 1.6342E-09 1.8098E-09 1.9997E-09 2.2056E-09 2.4279E-09 2.6672E-09 2.9238E-09 3.1992E-09 3.4939E-09 3.8094E-09 4.1450E-09 4.5018E-09 4.8801E-09 5.2787E-09 5.6974E-09 6.1346E-09 6.5887E-09 7.0550E-09 7.5310E-09 8.0115E-09 8.4891E-09 8.9641E-09 9.4320E-09 9.8869E-09 1.0329E-08 1.0752E-08 1.1157E-08 1.1538E-08 1.1894E-08 1.2224E-08 1.2525E-08 1.2797E-08 1.3035E-08 1.3246E-08 1.3423E-08 1.3573E-08 1.3692E-08 1.3783E-08 1.3846E-08 1.3879E-08 1.3880E-08 1.3848E-08
2.4326E-10 2.8634E-10 3.3961E-10 3.8938E-10 4.4524E-10 5.1775E-10 5.9220E-10 6.6557E-10 7.5378E-10 8.4922E-10 9.5130E-10 1.0648E-09 1.2026E-09 1.3494E-09 1.5002E-09 1.6647E-09 1.8434E-09 2.0377E-09 2.2477E-09 2.4747E-09 2.7186E-09 2.9811E-09 3.2621E-09 3.5632E-09 3.8844E-09 4.2269E-09 4.5906E-09 4.9761E-09 5.3830E-09 5.8101E-09 6.2578E-09 6.7213E-09 7.1998E-09 7.6877E-09 8.1812E-09 8.6742E-09 9.1626E-09 9.6445E-09 1.0115E-08 1.0572E-08 1.1007E-08 1.1425E-08 1.1817E-08 1.2186E-08 1.2525E-08 1.2836E-08 1.3114E-08 1.3361E-08 1.3576E-08 1.3760E-08 1.3912E-08 1.4033E-08 1.4125E-08 1.4186E-08 1.4217E-08 1.4213E-08 1.4177E-08
2.4644E-10 2.8923E-10 3.4306E-10 3.9371E-10 4.5343E-10 5.2428E-10 5.9967E-10 6.7380E-10 7.6363E-10 8.6094E-10 9.6807E-10 1.0805E-09 1.2251E-09 1.3707E-09 1.5242E-09 1.6913E-09 1.8739E-09 2.0713E-09 2.2854E-09 2.5162E-09 2.7652E-09 3.0327E-09 3.3193E-09 3.6256E-09 3.9530E-09 4.3015E-09 4.6720E-09 5.0644E-09 5.4792E-09 5.9151E-09 6.3711E-09 6.8457E-09 7.3338E-09 7.8348E-09 8.3404E-09 8.8471E-09 9.3508E-09 9.8476E-09 1.0332E-08 1.0801E-08 1.1253E-08 1.1682E-08 1.2086E-08 1.2466E-08 1.2817E-08 1.3138E-08 1.3426E-08 1.3681E-08 1.3901E-08 1.4089E-08 1.4243E-08 1.4367E-08 1.4457E-08 1.4518E-08 1.4544E-08 1.4537E-08 1.4498E-08
2.4875E-10 2.9107E-10 3.4533E-10 3.9696E-10 4.5767E-10 5.2952E-10 6.0534E-10 6.8333E-10 7.7220E-10 8.7043E-10 9.7956E-10 1.0966E-09 1.2414E-09 1.3888E-09 1.5445E-09 1.7152E-09 1.8998E-09 2.1008E-09 2.3181E-09 2.5531E-09 2.8063E-09 3.0782E-09 3.3697E-09 3.6815E-09 4.0143E-09 4.3688E-09 4.7455E-09 5.1454E-09 5.5666E-09 6.0109E-09 6.4747E-09 6.9587E-09 7.4588E-09 7.9684E-09 8.4877E-09 9.0083E-09 9.5256E-09 1.0034E-08 1.0534E-08 1.1016E-08 1.1482E-08 1.1924E-08 1.2342E-08 1.2732E-08 1.3094E-08 1.3424E-08 1.3721E-08 1.3983E-08 1.4211E-08 1.4404E-08 1.4563E-08 1.4687E-08 1.4780E-08 1.4838E-08 1.4860E-08 1.4850E-08 1.4807E-08
2.5189E-10 2.9309E-10 3.4687E-10 3.9898E-10 4.6063E-10 5.3577E-10 6.0952E-10 6.8812E-10 7.7839E-10 8.7808E-10 9.8997E-10 1.1083E-09 1.2561E-09 1.4035E-09 1.5624E-09 1.7342E-09 1.9218E-09 2.1256E-09 2.3461E-09 2.5845E-09 2.8412E-09 3.1172E-09 3.4134E-09 3.7301E-09 4.0680E-09 4.4280E-09 4.8114E-09 5.2165E-09 5.6452E-09 6.0956E-09 6.5691E-09 7.0601E-09 7.5703E-09 8.0926E-09 8.6228E-09 9.1551E-09 9.6843E-09 1.0208E-08 1.0721E-08 1.1218E-08 1.1696E-08 1.2152E-08 1.2580E-08 1.2982E-08 1.3355E-08 1.3696E-08 1.4002E-08 1.4274E-08 1.4508E-08 1.4706E-08 1.4869E-08 1.4995E-08 1.5088E-08 1.5143E-08 1.5163E-08 1.5148E-08 1.5105E-08
2.5211E-10 2.9344E-10 3.4740E-10 3.9970E-10 4.6258E-10 5.3782E-10 6.1200E-10 6.9109E-10 7.8240E-10 8.8402E-10 9.9707E-10 1.1167E-09 1.2661E-09 1.4163E-09 1.5754E-09 1.7497E-09 1.9396E-09 2.1455E-09 2.3688E-09 2.6100E-09 2.8700E-09 3.1497E-09 3.4499E-09 3.7711E-09 4.1138E-09 4.4797E-09 4.8674E-09 5.2792E-09 5.7141E-09 6.1718E-09 6.6501E-09 7.1503E-09 7.6675E-09 8.2010E-09 8.7426E-09 9.2873E-09 9.8300E-09 1.0366E-08 1.0891E-08 1.1401E-08 1.1892E-08 1.2361E-08 1.2805E-08 1.3219E-08 1.3602E-08 1.3953E-08 1.4269E-08 1.4549E-08 1.4791E-08 1.4996E-08 1.5162E-08 1.5294E-08 1.5385E-08 1.5440E-08 1.5456E-08 1.5438E-08 1.5394E-08
2.5166E-10 2.9298E-10 3.4694E-10 3.9919E-10 4.6273E-10 5.3825E-10 6.1274E-10 6.9535E-10 7.8483E-10 8.8742E-10 1.0020E-09 1.1260E-09 1.2737E-09 1.4241E-09 1.5848E-09 1.7611E-09 1.9525E-09 2.1606E-09 2.3861E-09 2.6298E-09 2.8926E-09 3.1756E-09 3.4792E-09 3.8042E-09 4.1523E-09 4.5220E-09 4.9152E-09 5.3327E-09 5.7731E-09 6.2366E-09 6.7212E-09 7.2273E-09 7.7524E-09 8.2928E-09 8.8469E-09 9.4030E-09 9.9585E-09 1.0505E-08 1.1042E-08 1.1566E-08 1.2072E-08 1.2552E-08 1.3008E-08 1.3433E-08 1.3827E-08 1.4188E-08 1.4514E-08 1.4803E-08 1.5053E-08 1.5264E-08 1.5436E-08 1.5569E-08 1.5661E-08 1.5714E-08 1.5728E-08 1.5710E-08 1.5664E-08
2.4764E-10 2.9077E-10 3.4547E-10 3.9776E-10 4.6150E-10 5.3697E-10 6.1129E-10 6.9458E-10 7.8560E-10 8.8832E-10 1.0048E-09 1.1309E-09 1.2776E-09 1.4285E-09 1.5911E-09 1.7681E-09 1.9610E-09 2.1707E-09 2.3978E-09 2.6436E-09 2.9088E-09 3.1944E-09 3.5010E-09 3.8302E-09 4.1814E-09 4.5557E-09 4.9540E-09 5.3758E-09 5.8216E-09 6.2897E-09 6.7810E-09 7.2916E-09 7.8250E-09 8.3707E-09 8.9330E-09 9.5014E-09 1.0067E-08 1.0628E-08 1.1177E-08 1.1712E-08 1.2229E-08 1.2724E-08 1.3191E-08 1.3630E-08 1.4035E-08 1.4407E-08 1.4743E-08 1.5040E-08 1.5299E-08 1.5517E-08 1.5696E-08 1.5831E-08 1.5925E-08 1.5976E-08 1.5990E-08 1.5971E-08 1.5926E-08
2.4482E-10 2.8856E-10 3.4299E-10 3.9508E-10 4.5873E-10 5.3388E-10 6.0826E-10 6.9188E-10 7.8392E-10 8.8718E-10 1.0043E-09 1.1315E-09 1.2779E-09 1.4299E-09 1.5930E-09 1.7709E-09 1.9650E-09 2.1756E-09 2.4041E-09 2.6515E-09 2.9187E-09 3.2063E-09 3.5159E-09 3.8477E-09 4.2023E-09 4.5810E-09 4.9831E-09 5.4090E-09 5.8581E-09 6.3313E-09 6.8264E-09 7.3441E-09 7.8796E-09 8.4333E-09 8.9990E-09 9.5788E-09 1.0158E-08 1.0730E-08 1.1291E-08 1.1837E-08 1.2366E-08 1.2873E-08 1.3354E-08 1.3804E-08 1.4222E-08 1.4604E-08 1.4950E-08 1.5257E-08 1.5525E-08 1.5751E-08 1.5934E-08 1.6074E-08 1.6169E-08 1.6221E-08 1.6235E-08 1.6218E-08 1.6173E-08
2.4175E-10 2.8542E-10 3.3936E-10 3.9123E-10 4.5481E-10 5.2703E-10 6.0369E-10 6.8729E-10 7.8020E-10 8.8370E-10 1.0021E-09 1.1235E-09 1.2752E-09 1.4278E-09 1.5911E-09 1.7698E-09 1.9640E-09 2.1754E-09 2.4049E-09 2.6536E-09 2.9220E-09 3.2114E-09 3.5232E-09 3.8575E-09 4.2155E-09 4.5974E-09 5.0022E-09 5.4305E-09 5.8836E-09 6.3599E-09 6.8597E-09 7.3803E-09 7.9203E-09 8.4778E-09 9.0518E-09 9.6349E-09 1.0226E-08 1.0810E-08 1.1384E-08 1.1942E-08 1.2482E-08 1.3000E-08 1.3494E-08 1.3955E-08 1.4386E-08 1.4778E-08 1.5134E-08 1.5451E-08 1.5727E-08 1.5962E-08 1.6151E-08 1.6294E-08 1.6391E-08 1.6445E-08 1.6461E-08 1.6447E-08 1.6401E-08
2.3507E-10 2.8112E-10 3.3453E-10 3.8633E-10 4.4904E-10 5.2144E-10 5.9761E-10 6.8116E-10 7.7404E-10 8.7782E-10 9.9673E-10 1.1180E-09 1.2698E-09 1.4222E-09 1.5857E-09 1.7641E-09 1.9586E-09 2.1704E-09 2.4004E-09 2.6495E-09 2.9187E-09 3.2101E-09 3.5234E-09 3.8600E-09 4.2203E-09 4.6033E-09 5.0102E-09 5.4417E-09 5.8982E-09 6.3766E-09 6.8796E-09 7.4015E-09 7.9471E-09 8.5078E-09 9.0856E-09 9.6737E-09 1.0270E-08 1.0870E-08 1.1454E-08 1.2024E-08 1.2575E-08 1.3104E-08 1.3610E-08 1.4085E-08 1.4525E-08 1.4931E-08 1.5296E-08 1.5623E-08 1.5909E-08 1.6150E-08 1.6346E-08 1.6494E-08 1.6594E-08 1.6651E-08 1.6672E-08 1.6660E-08 1.6613E-08
2.3023E-10 2.7605E-10 3.2908E-10 3.7998E-10 4.4260E-10 5.1439E-10 5.9004E-10 6.7291E-10 7.6669E-10 8.6995E-10 9.8889E-10 1.1101E-09 1.2576E-09 1.4133E-09 1.5764E-09 1.7543E-09 1.9486E-09 2.1603E-09 2.3903E-09 2.6395E-09 2.9101E-09 3.2021E-09 3.5168E-09 3.8542E-09 4.2151E-09 4.5996E-09 5.0084E-09 5.4432E-09 5.8993E-09 6.3811E-09 6.8830E-09 7.4107E-09 7.9554E-09 8.5207E-09 9.1003E-09 9.6933E-09 1.0295E-08 1.0902E-08 1.1502E-08 1.2083E-08 1.2645E-08 1.3185E-08 1.3701E-08 1.4188E-08 1.4640E-08 1.5056E-08 1.5433E-08 1.5769E-08 1.6063E-08 1.6313E-08 1.6515E-08 1.6667E-08 1.6773E-08 1.6835E-08 1.6861E-08 1.6851E-08 1.6804E-08
2.2444E-10 2.7051E-10 3.2250E-10 3.7309E-10 4.3487E-10 5.0551E-10 5.8129E-10 6.6389E-10 7.5736E-10 8.6013E-10 9.7889E-10 1.0998E-09 1.2445E-09 1.4013E-09 1.5632E-09 1.7405E-09 1.9342E-09 2.1453E-09 2.3748E-09 2.6242E-09 2.8949E-09 3.1872E-09 3.5019E-09 3.8402E-09 4.2014E-09 4.5868E-09 4.9982E-09 5.4314E-09 5.8903E-09 6.3703E-09 6.8765E-09 7.4019E-09 7.9502E-09 8.5154E-09 9.0992E-09 9.6946E-09 1.0301E-08 1.0912E-08 1.1522E-08 1.2117E-08 1.2692E-08 1.3242E-08 1.3767E-08 1.4264E-08 1.4730E-08 1.5156E-08 1.5545E-08 1.5890E-08 1.6194E-08 1.6451E-08 1.6658E-08 1.6818E-08 1.6928E-08 1.6997E-08 1.7028E-08 1.7021E-08 1.6974E-08
2.1882E-10 2.6411E-10 3.1523E-10 3.6513E-10 4.2630E-10 4.9582E-10 5.7136E-10 6.5330E-10 7.4594E-10 8.4829E-10 9.6687E-10 1.0868E-09 1.2305E-09 1.3855E-09 1.5464E-09 1.7227E-09 1.9154E-09 2.1255E-09 2.3540E-09 2.6035E-09 2.8735E-09 3.1653E-09 3.4806E-09 3.8181E-09 4.1792E-09 4.5666E-09 4.9756E-09 5.4103E-09 5.8678E-09 6.3498E-09 6.8538E-09 7.3807E-09 7.9279E-09 8.4958E-09 9.0793E-09 9.6782E-09 1.0286E-08 1.0900E-08 1.1517E-08 1.2127E-08 1.2712E-08 1.3273E-08 1.3809E-08 1.4316E-08 1.4793E-08 1.5231E-08 1.5630E-08 1.5988E-08 1.6299E-08 1.6564E-08 1.6779E-08 1.6945E-08 1.7063E-08 1.7140E-08 1.7177E-08 1.7172E-08 1.7126E-08
2.1204E-10 2.5721E-10 3.0365E-10 3.5640E-10 4.1613E-10 4.8529E-10 5.5766E-10 6.3754E-10 7.3347E-10 8.3467E-10 9.5278E-10 1.0716E-09 1.2118E-09 1.3650E-09 1.5262E-09 1.7011E-09 1.8923E-09 2.1009E-09 2.3289E-09 2.5772E-09 2.8465E-09 3.1385E-09 3.4518E-09 3.7885E-09 4.1509E-09 4.5347E-09 4.9443E-09 5.3773E-09 5.8343E-09 6.3148E-09 6.8182E-09 7.3453E-09 7.8920E-09 8.4598E-09 9.0436E-09 9.6419E-09 1.0253E-08 1.0870E-08 1.1489E-08 1.2106E-08 1.2706E-08 1.3279E-08 1.3824E-08 1.4340E-08 1.4825E-08 1.5276E-08 1.5684E-08 1.6053E-08 1.6373E-08 1.6645E-08 1.6867E-08 1.7039E-08 1.7168E-08 1.7253E-08 1.7295E-08 1.7293E-08 1.7249E-08
2.0594E-10 2.4941E-10 2.9184E-10 3.4724E-10 4.0327E-10 4.6866E-10 5.4550E-10 6.2123E-10 7.1941E-10 8.1925E-10 9.3058E-10 1.0522E-09 1.1884E-09 1.3433E-09 1.5027E-09 1.6758E-09 1.8652E-09 2.0722E-09 2.2991E-09 2.5462E-09 2.8144E-09 3.1037E-09 3.4159E-09 3.7523E-09 4.1112E-09 4.4947E-09 4.9021E-09 5.3335E-09 5.7887E-09 6.2672E-09 6.7705E-09 7.2943E-09 7.8416E-09 8.4067E-09 8.9910E-09 9.5891E-09 1.0200E-08 1.0818E-08 1.1439E-08 1.2058E-08 1.2672E-08 1.3258E-08 1.3814E-08 1.4339E-08 1.4833E-08 1.5293E-08 1.5714E-08 1.6090E-08 1.6421E-08 1.6700E-08 1.6930E-08 1.7113E-08 1.7250E-08 1.7343E-08 1.7392E-08 1.7394E-08 1.7353E-08
1.9794E-10 2.4189E-10 2.8327E-10 3.3715E-10 3.9221E-10 4.5671E-10 5.3156E-10 6.0656E-10 7.0394E-10 8.0178E-10 9.1274E-10 1.0324E-09 1.1663E-09 1.3169E-09 1.4761E-09 1.6470E-09 1.8341E-09 2.0398E-09 2.2646E-09 2.5099E-09 2.7757E-09 3.0633E-09 3.3739E-09 3.7074E-09 4.0644E-09 4.4454E-09 4.8505E-09 5.2789E-09 5.7313E-09 6.2090E-09 6.7080E-09 7.2316E-09 7.7747E-09 8.3399E-09 8.9215E-09 9.5193E-09 1.0128E-08 1.0746E-08 1.1368E-08 1.1990E-08 1.2607E-08 1.3206E-08 1.3775E-08 1.4309E-08 1.4812E-08 1.5282E-08 1.5713E-08 1.6100E-08 1.6438E-08 1.6727E-08 1.6966E-08 1.7158E-08 1.7305E-08 1.7407E-08 1.7461E-08 1.7469E-08 1.7431E-08
1.9121E-10 2.2906E-10 2.7394E-10 3.2675E-10 3.7964E-10 4.4376E-10 5.1472E-10 5.9001E-10 6.8697E-10 7.8308E-10 8.9321E-10 1.0103E-09 1.1399E-09 1.2846E-09 1.4464E-09 1.6147E-09 1.7996E-09 2.0033E-09 2.2256E-09 2.4688E-09 2.7320E-09 3.0173E-09 3.3254E-09 3.6556E-09 4.0097E-09 4.3880E-09 4.7886E-09 5.2140E-09 5.6645E-09 6.1372E-09 6.6352E-09 7.1538E-09 7.6960E-09 8.2571E-09 8.8366E-09 9.4315E-09 1.0039E-08 1.0655E-08 1.1278E-08 1.1900E-08 1.2517E-08 1.3126E-08 1.3706E-08 1.4253E-08 1.4765E-08 1.5241E-08 1.5681E-08 1.6078E-08 1.6424E-08 1.6723E-08 1.6970E-08 1.7173E-08 1.7331E-08 1.7441E-08 1.7503E-08 1.7516E-08 1.7482E-08
1.8290E-10 2.1281E-10 2.6373E-10 3.1553E-10 3.6429E-10 4.2514E-10 4.9604E-10 5.7315E-10 6.6885E-10 7.5652E-10 8.7175E-10 9.8617E-10 1.1086E-09 1.2552E-09 1.4139E-09 1.5793E-09 1.7622E-09 1.9631E-09 2.1821E-09 2.4229E-09 2.6835E-09 2.9661E-09 3.2698E-09 3.5973E-09 3.9483E-09 4.3207E-09 4.7182E-09 5.1404E-09 5.5855E-09 6.0563E-09 6.5486E-09 7.0655E-09 7.6029E-09 8.1603E-09 8.7361E-09 9.3279E-09 9.9335E-09 1.0547E-08 1.1166E-08 1.1789E-08 1.2406E-08 1.3016E-08 1.3610E-08 1.4166E-08 1.4689E-08 1.5174E-08 1.5622E-08 1.6027E-08 1.6384E-08 1.6691E-08 1.6952E-08 1.7165E-08 1.7333E-08 1.7451E-08 1.7521E-08 1.7541E-08 1.7514E-08
1.7571E-10 2.0374E-10 2.5220E-10 2.9991E-10 3.5124E-10 4.1029E-10 4.8023E-10 5.5292E-10 6.4906E-10 7.3505E-10 8.4847E-10 9.6032E-10 1.0801E-09 1.2181E-09 1.3752E-09 1.5413E-09 1.7218E-09 1.9194E-09 2.1342E-09 2.3727E-09 2.6302E-09 2.9084E-09 3.2088E-09 3.5327E-09 3.8773E-09 4.2463E-09 4.6397E-09 5.0563E-09 5.4984E-09 5.9632E-09 6.4526E-09 6.9644E-09 7.4968E-09 8.0502E-09 8.6212E-09 9.2097E-09 9.8096E-09 1.0421E-08 1.1038E-08 1.1657E-08 1.2275E-08 1.2883E-08 1.3479E-08 1.4052E-08 1.4584E-08 1.5077E-08 1.5531E-08 1.5942E-08 1.6309E-08 1.6627E-08 1.6900E-08 1.7125E-08 1.7302E-08 1.7429E-08 1.7507E-08 1.7535E-08 1.7512E-08
1.6228E-10 1.9434E-10 2.4055E-10 2.8460E-10 3.3800E-10 3.9529E-10 4.5786E-10 5.3429E-10 6.2873E-10 7.1277E-10 8.2376E-10 9.2688E-10 1.0480E-09 1.1845E-09 1.3360E-09 1.5011E-09 1.6784E-09 1.8717E-09 2.0831E-09 2.3186E-09 2.5720E-09 2.8459E-09 3.1427E-09 3.4601E-09 3.8003E-09 4.1647E-09 4.5522E-09 4.9647E-09 5.4007E-09 5.8614E-09 6.3454E-09 6.8510E-09 7.3796E-09 7.9263E-09 8.4934E-09 9.0748E-09 9.6720E-09 1.0278E-08 1.0892E-08 1.1508E-08 1.2122E-08 1.2730E-08 1.3328E-08 1.3907E-08 1.4449E-08 1.4953E-08 1.5414E-08 1.5834E-08 1.6208E-08 1.6540E-08 1.6823E-08 1.7061E-08 1.7247E-08 1.7384E-08 1.7469E-08 1.7504E-08 1.7489E-08
