Assets/Resources/2015_m01_d24_0400(utc+0800)_l00_csi_1hr_conc.grd
DSAA
         159         159
     -79.000      79.000
     -79.000      79.000
  0.0000E+00  0.3457E-05
[rows 100 to 124 of 159, columns 0 to 56 of 159]
0.0000E+00 0.0000E+00 0.0000E+00 0.0000E+00 0.0000E+00 0.0000E+00 0.0000E+00 0.0000E+00 0.0000E+00 0.0000E+00 0.0000E+00 0.0000E+00 0.0000E+00 0.0000E+00 0.0000E+00 0.0000E+00 0.0000E+00 0.0000E+00 0.0000E+00 2.5593E-12 7.7578E-12 1.0030E-11 2.0146E-11 2.7388E-11 3.7578E-11 4.7954E-11 6.0118E-11 7.4320E-11 8.6684E-11 1.0767E-10 1.2156E-10 1.4211E-10 1.5820E-10 1.8085E-10 2.0229E-10 2.2706E-10 2.5122E-10 2.7838E-10 3.0360E-10 3.3652E-10 3.6406E-10 4.0080E-10 4.3022E-10 4.6907E-10 4.9830E-10 5.3890E-10 5.7291E-10 6.1209E-10 6.4874E-10 6.8796E-10 7.2640E-10 7.6620E-10 8.1155E-10 8.5260E-10 9.0143E-10 9.4578E-10 9.9532E-10
0.0000E+00 0.0000E+00 0.0000E+00 0.0000E+00 0.0000E+00 0.0000E+00 0.0000E+00 0.0000E+00 0.0000E+00 0.0000E+00 0.0000E+00 0.0000E+00 0.0000E+00 0.0000E+00 0.0000E+00 0.0000E+00 0.0000E+00 0.0000E+00 0.0000E+00 2.5629E-12 7.7547E-12 1.1143E-11 2.0150E-11 2.7436E-11 3.7644E-11 4.8996E-11 6.0833E-11 7.5044E-11 8.8287E-11 1.0796E-10 1.2364E-10 1.4258E-10 1.5989E-10 1.8275E-10 2.0580E-10 2.2927E-10 2.5373E-10 2.8083E-10 3.0458E-10 3.3802E-10 3.6386E-10 4.0142E-10 4.3236E-10 4.6648E-10 4.9938E-10 5.3165E-10 5.7274E-10 6.0504E-10 6.4813E-10 6.8222E-10 7.2530E-10 7.6270E-10 8.0977E-10 8.5050E-10 8.9879E-10 9.4271E-10 9.9168E-10
0.0000E+00 0.0000E+00 0.0000E+00 0.0000E+00 0.0000E+00 0.0000E+00 0.0000E+00 0.0000E+00 0.0000E+00 0.0000E+00 0.0000E+00 0.0000E+00 0.0000E+00 0.0000E+00 0.0000E+00 0.0000E+00 0.0000E+00 0.0000E+00 0.0000E+00 2.5649E-12 7.7466E-12 1.1138E-11 2.0141E-11 2.7468E-11 3.7494E-11 5.0573E-11 6.0949E-11 7.6408E-11 8.9406E-11 1.0828E-10 1.2652E-10 1.4380E-10 1.6160E-10 1.8670E-10 2.0485E-10 2.2994E-10 2.5368E-10 2.8140E-10 3.0691E-10 3.3589E-10 3.6596E-10 3.9432E-10 4.3178E-10 4.6070E-10 5.0015E-10 5.2978E-10 5.7096E-10 6.0453E-10 6.4497E-10 6.8117E-10 7.2154E-10 7.6108E-10 8.0192E-10 8.4797E-10 8.8977E-10 9.3909E-10 9.8393E-10
0.0000E+00 0.0000E+00 0.0000E+00 0.0000E+00 0.0000E+00 0.0000E+00 0.0000E+00 0.0000E+00 0.0000E+00 0.0000E+00 0.0000E+00 0.0000E+00 0.0000E+00 0.0000E+00 0.0000E+00 0.0000E+00 0.0000E+00 0.0000E+00 0.0000E+00 2.5652E-12 7.7335E-12 1.1125E-11 1.9887E-11 2.7483E-11 3.7523E-11 5.1136E-11 6.2276E-11 7.6755E-11 9.1295E-11 1.1040E-10 1.2729E-10 1.4593E-10 1.6237E-10 1.8575E-10 2.0644E-10 2.2890E-10 2.5334E-10 2.7785E-10 3.0838E-10 3.3333E-10 3.6733E-10 3.9560E-10 4.3021E-10 4.6160E-10 4.9712E-10 5.3117E-10 5.6574E-10 6.0151E-10 6.3908E-10 6.7979E-10 7.1495E-10 7.5906E-10 7.9739E-10 8.4184E-10 8.8639E-10 9.3169E-10 9.7937E-10
0.0000E+00 0.0000E+00 0.0000E+00 0.0000E+00 0.0000E+00 0.0000E+00 0.0000E+00 0.0000E+00 0.0000E+00 0.0000E+00 0.0000E+00 0.0000E+00 0.0000E+00 0.0000E+00 0.0000E+00 0.0000E+00 0.0000E+00 0.0000E+00 0.0000E+00 2.5639E-12 7.7155E-12 1.1105E-11 2.0809E-11 2.7994E-11 3.7544E-11 5.0432E-11 6.1864E-11 7.7802E-11 9.0637E-11 1.1053E-10 1.3011E-10 1.4376E-10 1.6445E-10 1.8533E-10 2.0686E-10 2.3108E-10 2.5537E-10 2.7914E-10 3.0876E-10 3.3458E-10 3.6517E-10 3.9658E-10 4.2940E-10 4.6234E-10 4.9429E-10 5.3066E-10 5.6242E-10 6.0132E-10 6.3514E-10 6.7590E-10 7.1305E-10 7.5436E-10 7.9470E-10 8.3624E-10 8.8256E-10 9.2486E-10 9.7427E-10
0.0000E+00 0.0000E+00 0.0000E+00 0.0000E+00 0.0000E+00 0.0000E+00 0.0000E+00 0.0000E+00 0.0000E+00 0.0000E+00 0.0000E+00 0.0000E+00 0.0000E+00 0.0000E+00 0.0000E+00 0.0000E+00 0.0000E+00 0.0000E+00 0.0000E+00 2.5611E-12 7.2241E-12 1.1574E-11 2.0767E-11 2.7253E-11 3.8742E-11 5.1348E-11 6.1131E-11 7.8071E-11 9.1968E-11 1.1029E-10 1.3120E-10 1.4487E-10 1.6676E-10 1.8721E-10 2.0919E-10 2.3322E-10 2.5581E-10 2.8129E-10 3.0590E-10 3.3397E-10 3.6467E-10 3.9663E-10 4.2597E-10 4.5777E-10 4.9030E-10 5.2543E-10 5.5976E-10 5.9545E-10 6.3146E-10 6.6921E-10 7.0852E-10 7.4676E-10 7.8920E-10 8.3049E-10 8.7298E-10 9.2008E-10 9.6572E-10
0.0000E+00 0.0000E+00 0.0000E+00 0.0000E+00 0.0000E+00 0.0000E+00 0.0000E+00 0.0000E+00 0.0000E+00 0.0000E+00 0.0000E+00 0.0000E+00 0.0000E+00 0.0000E+00 0.0000E+00 0.0000E+00 0.0000E+00 0.0000E+00 0.0000E+00 2.5566E-12 7.2060E-12 1.0268E-11 2.1976E-11 2.8446E-11 3.7985E-11 5.1346E-11 6.2016E-11 7.9362E-11 9.1998E-11 1.1007E-10 1.3268E-10 1.4594E-10 1.6997E-10 1.8730E-10 2.0873E-10 2.3041E-10 2.5545E-10 2.7835E-10 3.0688E-10 3.3401E-10 3.6312E-10 3.9330E-10 4.2411E-10 4.5568E-10 4.9137E-10 5.2287E-10 5.5669E-10 5.9147E-10 6.2774E-10 6.6443E-10 7.0601E-10 7.4383E-10 7.8573E-10 8.2653E-10 8.6851E-10 9.1212E-10 9.5741E-10
0.0000E+00 0.0000E+00 0.0000E+00 0.0000E+00 0.0000E+00 0.0000E+00 0.0000E+00 0.0000E+00 0.0000E+00 0.0000E+00 0.0000E+00 0.0000E+00 0.0000E+00 0.0000E+00 0.0000E+00 0.0000E+00 0.0000E+00 0.0000E+00 0.0000E+00 1.6486E-12 6.2249E-12 1.0238E-11 2.0991E-11 2.8413E-11 3.8940E-11 5.1314E-11 6.1983E-11 8.0004E-11 9.1973E-11 1.1174E-10 1.3114E-10 1.4707E-10 1.7102E-10 1.8831E-10 2.1069E-10 2.3148E-10 2.5620E-10 2.8117E-10 3.0523E-10 3.3269E-10 3.6306E-10 3.8973E-10 4.2454E-10 4.5257E-10 4.8811E-10 5.1751E-10 5.5287E-10 5.8733E-10 6.2322E-10 6.6006E-10 6.9841E-10 7.3835E-10 7.7696E-10 8.1989E-10 8.6142E-10 9.0423E-10 9.4852E-10
0.0000E+00 0.0000E+00 0.0000E+00 0.0000E+00 0.0000E+00 0.0000E+00 0.0000E+00 0.0000E+00 0.0000E+00 0.0000E+00 0.0000E+00 0.0000E+00 0.0000E+00 0.0000E+00 0.0000E+00 0.0000E+00 0.0000E+00 0.0000E+00 0.0000E+00 1.6450E-12 6.2059E-12 1.0201E-11 2.0965E-11 2.8362E-11 3.9848E-11 5.0510E-11 6.2185E-11 7.9816E-11 9.2539E-11 1.1272E-10 1.3112E-10 1.4914E-10 1.6959E-10 1.8848E-10 2.0829E-10 2.3391E-10 2.5626E-10 2.8123E-10 3.0537E-10 3.3264E-10 3.6193E-10 3.9109E-10 4.1910E-10 4.5194E-10 4.8295E-10 5.1639E-10 5.4969E-10 5.8364E-10 6.1849E-10 6.5552E-10 6.9066E-10 7.3269E-10 7.7081E-10 8.1304E-10 8.5395E-10 8.9839E-10 9.4201E-10
0.0000E+00 0.0000E+00 0.0000E+00 0.0000E+00 0.0000E+00 0.0000E+00 0.0000E+00 0.0000E+00 0.0000E+00 0.0000E+00 0.0000E+00 0.0000E+00 0.0000E+00 0.0000E+00 0.0000E+00 0.0000E+00 0.0000E+00 0.0000E+00 0.0000E+00 1.6403E-12 5.2391E-12 9.6081E-12 2.0927E-11 2.7574E-11 3.9794E-11 5.1162E-11 6.3328E-11 7.9734E-11 9.1203E-11 1.1563E-10 1.3075E-10 1.4827E-10 1.7045E-10 1.8941E-10 2.1017E-10 2.3237E-10 2.5317E-10 2.8048E-10 3.0372E-10 3.3161E-10 3.5937E-10 3.8989E-10 4.1612E-10 4.4942E-10 4.7946E-10 5.1340E-10 5.4809E-10 5.7920E-10 6.1615E-10 6.5013E-10 6.8748E-10 7.2420E-10 7.6646E-10 8.0525E-10 8.4840E-10 8.8995E-10 9.3287E-10
0.0000E+00 0.0000E+00 0.0000E+00 0.0000E+00 0.0000E+00 0.0000E+00 0.0000E+00 0.0000E+00 0.0000E+00 0.0000E+00 0.0000E+00 0.0000E+00 0.0000E+00 0.0000E+00 0.0000E+00 0.0000E+00 0.0000E+00 0.0000E+00 0.0000E+00 1.6347E-12 5.2204E-12 1.0539E-11 2.0876E-11 2.7001E-11 4.0969E-11 5.1069E-11 6.1503E-11 7.7825E-11 9.1070E-11 1.1459E-10 1.3144E-10 1.5094E-10 1.7192E-10 1.9085E-10 2.1106E-10 2.3229E-10 2.5490E-10 2.7944E-10 3.0419E-10 3.3309E-10 3.5817E-10 3.8841E-10 4.1368E-10 4.4682E-10 4.7734E-10 5.0947E-10 5.3948E-10 5.7456E-10 6.0660E-10 6.4452E-10 6.7938E-10 7.1753E-10 7.5977E-10 7.9808E-10 8.4036E-10 8.8132E-10 9.2339E-10
0.0000E+00 0.0000E+00 0.0000E+00 0.0000E+00 0.0000E+00 0.0000E+00 0.0000E+00 0.0000E+00 0.0000E+00 0.0000E+00 0.0000E+00 0.0000E+00 0.0000E+00 0.0000E+00 0.0000E+00 0.0000E+00 0.0000E+00 0.0000E+00 0.0000E+00 1.0779E-12 5.1986E-12 9.5079E-12 1.9156E-11 2.6924E-11 4.0151E-11 4.9209E-11 6.1364E-11 7.7673E-11 9.0885E-11 1.1442E-10 1.3135E-10 1.5096E-10 1.7096E-10 1.8987E-10 2.1187E-10 2.3135E-10 2.5467E-10 2.7827E-10 3.0471E-10 3.2860E-10 3.5765E-10 3.8210E-10 4.1363E-10 4.4164E-10 4.7430E-10 5.0364E-10 5.3763E-10 5.7223E-10 6.0395E-10 6.3952E-10 6.7572E-10 7.1148E-10 7.5040E-10 7.9063E-10 8.2952E-10 8.7239E-10 9.1387E-10
0.0000E+00 0.0000E+00 0.0000E+00 0.0000E+00 0.0000E+00 0.0000E+00 0.0000E+00 0.0000E+00 0.0000E+00 0.0000E+00 0.0000E+00 0.0000E+00 0.0000E+00 0.0000E+00 0.0000E+00 0.0000E+00 0.0000E+00 0.0000E+00 0.0000E+00 1.0735E-12 5.1737E-12 9.4642E-12 1.9098E-11 2.5848E-11 4.0044E-11 4.9081E-11 6.3176E-11 7.5719E-11 8.9300E-11 1.1442E-10 1.3109E-10 1.5268E-10 1.7202E-10 1.8932E-10 2.1248E-10 2.2976E-10 2.5623E-10 2.7643E-10 3.0270E-10 3.2736E-10 3.5615E-10 3.8131E-10 4.1263E-10 4.3876E-10 4.7044E-10 5.0013E-10 5.3310E-10 5.6300E-10 5.9851E-10 6.3110E-10 6.6745E-10 7.0444E-10 7.4263E-10 7.8049E-10 8.2312E-10 8.6064E-10 9.0597E-10
0.0000E+00 0.0000E+00 0.0000E+00 0.0000E+00 0.0000E+00 0.0000E+00 0.0000E+00 0.0000E+00 0.0000E+00 0.0000E+00 0.0000E+00 0.0000E+00 0.0000E+00 0.0000E+00 0.0000E+00 0.0000E+00 0.0000E+00 0.0000E+00 0.0000E+00 0.0000E+00 4.2276E-12 8.4534E-12 1.9030E-11 2.5752E-11 3.8249E-11 4.7934E-11 6.2240E-11 7.5502E-11 9.1322E-11 1.1416E-10 1.3114E-10 1.5293E-10 1.7173E-10 1.9080E-10 2.1208E-10 2.3173E-10 2.5593E-10 2.7685E-10 3.0155E-10 3.2673E-10 3.5447E-10 3.8041E-10 4.0659E-10 4.3745E-10 4.6472E-10 4.9663E-10 5.2660E-10 5.5792E-10 5.9056E-10 6.2499E-10 6.5838E-10 6.9977E-10 7.3565E-10 7.7462E-10 8.1300E-10 8.5336E-10 8.9415E-10
0.0000E+00 0.0000E+00 0.0000E+00 0.0000E+00 0.0000E+00 0.0000E+00 0.0000E+00 0.0000E+00 0.0000E+00 0.0000E+00 0.0000E+00 0.0000E+00 0.0000E+00 0.0000E+00 0.0000E+00 0.0000E+00 0.0000E+00 0.0000E+00 0.0000E+00 0.0000E+00 4.2055E-12 9.3465E-12 1.8951E-11 2.5641E-11 3.8116E-11 4.7760E-11 6.2958E-11 7.6510E-11 9.0938E-11 1.1207E-10 1.3080E-10 1.5348E-10 1.7132E-10 1.9038E-10 2.1077E-10 2.3211E-10 2.5229E-10 2.7570E-10 2.9855E-10 3.2684E-10 3.5040E-10 3.7775E-10 4.0211E-10 4.3431E-10 4.6048E-10 4.9293E-10 5.2242E-10 5.5516E-10 5.8551E-10 6.2127E-10 6.5423E-10 6.9071E-10 7.2776E-10 7.6413E-10 8.0367E-10 8.4249E-10 8.8317E-10
0.0000E+00 0.0000E+00 0.0000E+00 0.0000E+00 0.0000E+00 0.0000E+00 0.0000E+00 0.0000E+00 0.0000E+00 0.0000E+00 0.0000E+00 0.0000E+00 0.0000E+00 0.0000E+00 0.0000E+00 0.0000E+00 0.0000E+00 0.0000E+00 0.0000E+00 0.0000E+00 4.1810E-12 8.3552E-12 1.7943E-11 2.3840E-11 3.7853E-11 4.7717E-11 6.1708E-11 7.4482E-11 8.9860E-11 1.1170E-10 1.2777E-10 1.5389E-10 1.6939E-10 1.9064E-10 2.0946E-10 2.3154E-10 2.5177E-10 2.7502E-10 3.0043E-10 3.2439E-10 3.4944E-10 3.7325E-10 4.0079E-10 4.2954E-10 4.5866E-10 4.8664E-10 5.1759E-10 5.4795E-10 5.7977E-10 6.1269E-10 6.4731E-10 6.8087E-10 7.1799E-10 7.5550E-10 7.9238E-10 8.3230E-10 8.7296E-10
0.0000E+00 0.0000E+00 0.0000E+00 0.0000E+00 0.0000E+00 0.0000E+00 0.0000E+00 0.0000E+00 0.0000E+00 0.0000E+00 0.0000E+00 0.0000E+00 0.0000E+00 0.0000E+00 0.0000E+00 0.0000E+00 0.0000E+00 0.0000E+00 0.0000E+00 0.0000E+00 3.2534E-12 8.3170E-12 1.6876E-11 2.4929E-11 3.7120E-11 4.7505E-11 6.0184E-11 7.4292E-11 8.8472E-11 1.1052E-10 1.2731E-10 1.5259E-10 1.7039E-10 1.9182E-10 2.0972E-10 2.2922E-10 2.5109E-10 2.7426E-10 2.9807E-10 3.2193E-10 3.4677E-10 3.6956E-10 4.0013E-10 4.2369E-10 4.5268E-10 4.8098E-10 5.1081E-10 5.4086E-10 5.7621E-10 6.0454E-10 6.4068E-10 6.7335E-10 7.1008E-10 7.4758E-10 7.8299E-10 8.2287E-10 8.6056E-10
0.0000E+00 0.0000E+00 0.0000E+00 0.0000E+00 0.0000E+00 0.0000E+00 0.0000E+00 0.0000E+00 0.0000E+00 0.0000E+00 0.0000E+00 0.0000E+00 0.0000E+00 0.0000E+00 0.0000E+00 0.0000E+00 0.0000E+00 0.0000E+00 0.0000E+00 0.0000E+00 2.7255E-12 8.2742E-12 1.5700E-11 2.3855E-11 3.5418E-11 4.5590E-11 5.9923E-11 7.3210E-11 9.0775E-11 1.0912E-10 1.2574E-10 1.5279E-10 1.7060E-10 1.8957E-10 2.0902E-10 2.2867E-10 2.5190E-10 2.7258E-10 2.9711E-10 3.2001E-10 3.4396E-10 3.6979E-10 3.9524E-10 4.2190E-10 4.4722E-10 4.7854E-10 5.0455E-10 5.3765E-10 5.6825E-10 6.0040E-10 6.3343E-10 6.6610E-10 7.0154E-10 7.3647E-10 7.7431E-10 8.1226E-10 8.5175E-10
0.0000E+00 0.0000E+00 0.0000E+00 0.0000E+00 0.0000E+00 0.0000E+00 0.0000E+00 0.0000E+00 0.0000E+00 0.0000E+00 0.0000E+00 0.0000E+00 0.0000E+00 0.0000E+00 0.0000E+00 0.0000E+00 0.0000E+00 0.0000E+00 0.0000E+00 0.0000E+00 2.7057E-12 7.3020E-12 1.5872E-11 2.3726E-11 3.4679E-11 4.5352E-11 5.9630E-11 7.2846E-11 8.8580E-11 1.0681E-10 1.2615E-10 1.5050E-10 1.7006E-10 1.8726E-10 2.0820E-10 2.2785E-10 2.5093E-10 2.7079E-10 2.9460E-10 3.1646E-10 3.4189E-10 3.6672E-10 3.9112E-10 4.1833E-10 4.4252E-10 4.7212E-10 4.9999E-10 5.3030E-10 5.6062E-10 5.9366E-10 6.2460E-10 6.5819E-10 6.9134E-10 7.2717E-10 7.6449E-10 8.0071E-10 8.3898E-10
0.0000E+00 0.0000E+00 0.0000E+00 0.0000E+00 0.0000E+00 0.0000E+00 0.0000E+00 0.0000E+00 0.0000E+00 0.0000E+00 0.0000E+00 0.0000E+00 0.0000E+00 0.0000E+00 0.0000E+00 0.0000E+00 0.0000E+00 0.0000E+00 0.0000E+00 0.0000E+00 2.1359E-12 7.2621E-12 1.4706E-11 2.2598E-11 3.2258E-11 4.4086E-11 5.7598E-11 7.0461E-11 8.8126E-11 1.0629E-10 1.2683E-10 1.4983E-10 1.6851E-10 1.8826E-10 2.0662E-10 2.2769E-10 2.4908E-10 2.6970E-10 2.9259E-10 3.1678E-10 3.3959E-10 3.6353E-10 3.8843E-10 4.1300E-10 4.4098E-10 4.6610E-10 4.9482E-10 5.2335E-10 5.5448E-10 5.8365E-10 6.1955E-10 6.4870E-10 6.8516E-10 7.1815E-10 7.5500E-10 7.9017E-10 8.2796E-10
0.0000E+00 0.0000E+00 0.0000E+00 0.0000E+00 0.0000E+00 0.0000E+00 0.0000E+00 0.0000E+00 0.0000E+00 0.0000E+00 0.0000E+00 0.0000E+00 0.0000E+00 0.0000E+00 0.0000E+00 0.0000E+00 0.0000E+00 0.0000E+00 0.0000E+00 0.0000E+00 1.6053E-12 7.2182E-12 1.3144E-11 2.1030E-11 3.2082E-11 4.2356E-11 5.6551E-11 6.9507E-11 8.6153E-11 1.0480E-10 1.2363E-10 1.4804E-10 1.6535E-10 1.8737E-10 2.0327E-10 2.2846E-10 2.4640E-10 2.6767E-10 2.9129E-10 3.1468E-10 3.3567E-10 3.5941E-10 3.8335E-10 4.0919E-10 4.3366E-10 4.6081E-10 4.8666E-10 5.1809E-10 5.4868E-10 5.7909E-10 6.1026E-10 6.4298E-10 6.7452E-10 7.0944E-10 7.4482E-10 7.7997E-10 8.1762E-10
0.0000E+00 0.0000E+00 0.0000E+00 0.0000E+00 0.0000E+00 0.0000E+00 0.0000E+00 0.0000E+00 0.0000E+00 0.0000E+00 0.0000E+00 0.0000E+00 0.0000E+00 0.0000E+00 0.0000E+00 0.0000E+00 0.0000E+00 0.0000E+00 0.0000E+00 0.0000E+00 5.3212E-13 5.2885E-12 1.3077E-11 1.9929E-11 3.1889E-11 4.1095E-11 5.6209E-11 6.7469E-11 8.5490E-11 1.0419E-10 1.2294E-10 1.4729E-10 1.6448E-10 1.8719E-10 2.0382E-10 2.2651E-10 2.4521E-10 2.6821E-10 2.8990E-10 3.1317E-10 3.3400E-10 3.5602E-10 3.8132E-10 4.0530E-10 4.3113E-10 4.5787E-10 4.8344E-10 5.1240E-10 5.4107E-10 5.7230E-10 6.0149E-10 6.3317E-10 6.6625E-10 7.0005E-10 7.3343E-10 7.6910E-10 8.0462E-10
0.0000E+00 0.0000E+00 0.0000E+00 0.0000E+00 0.0000E+00 0.0000E+00 0.0000E+00 0.0000E+00 0.0000E+00 0.0000E+00 0.0000E+00 0.0000E+00 0.0000E+00 0.0000E+00 0.0000E+00 0.0000E+00 0.0000E+00 0.0000E+00 0.0000E+00 0.0000E+00 0.0000E+00 5.2524E-12 1.3003E-11 1.9802E-11 3.0736E-11 3.9523E-11 5.3869E-11 6.5553E-11 8.3920E-11 9.9861E-11 1.2287E-10 1.4464E-10 1.6246E-10 1.8458E-10 2.0429E-10 2.2448E-10 2.4390E-10 2.6599E-10 2.8834E-10 3.1069E-10 3.2989E-10 3.5322E-10 3.7758E-10 4.0051E-10 4.2596E-10 4.5015E-10 4.7748E-10 5.0370E-10 5.3320E-10 5.6239E-10 5.9415E-10 6.2375E-10 6.5757E-10 6.8926E-10 7.2337E-10 7.5712E-10 7.9523E-10
0.0000E+00 0.0000E+00 0.0000E+00 0.0000E+00 0.0000E+00 0.0000E+00 0.0000E+00 0.0000E+00 0.0000E+00 0.0000E+00 0.0000E+00 0.0000E+00 0.0000E+00 0.0000E+00 0.0000E+00 0.0000E+00 0.0000E+00 0.0000E+00 0.0000E+00 0.0000E+00 0.0000E+00 5.2135E-12 1.0791E-11 1.8588E-11 2.9553E-11 3.7746E-11 5.3504E-11 6.2984E-11 8.3358E-11 9.7897E-11 1.2055E-10 1.4224E-10 1.6144E-10 1.8194E-10 2.0307E-10 2.2082E-10 2.4167E-10 2.6287E-10 2.8671E-10 3.0728E-10 3.2799E-10 3.5195E-10 3.7378E-10 3.9798E-10 4.2009E-10 4.4702E-10 4.6934E-10 4.9976E-10 5.2559E-10 5.5567E-10 5.8531E-10 6.1584E-10 6.4920E-10 6.8185E-10 7.1365E-10 7.4840E-10 7.8048E-10
0.0000E+00 0.0000E+00 0.0000E+00 0.0000E+00 0.0000E+00 0.0000E+00 0.0000E+00 0.0000E+00 0.0000E+00 0.0000E+00 0.0000E+00 0.0000E+00 0.0000E+00 0.0000E+00 0.0000E+00 0.0000E+00 0.0000E+00 0.0000E+00 0.0000E+00 0.0000E+00 0.0000E+00 4.1297E-12 1.0720E-11 1.7515E-11 2.9347E-11 3.6363E-11 5.1173E-11 6.1397E-11 7.9741E-11 9.7218E-11 1.1868E-10 1.4131E-10 1.5853E-10 1.8078E-10 2.0098E-10 2.2033E-10 2.4016E-10 2.6205E-10 2.8503E-10 3.0459E-10 3.2680E-10 3.4744E-10 3.7055E-10 3.9145E-10 4.1633E-10 4.4125E-10 4.6575E-10 4.9172E-10 5.1952E-10 5.4892E-10 5.7638E-10 6.0962E-10 6.3909E-10 6.7094E-10 7.0386E-10 7.3601E-10 7.7100E-10
