Assets/Resources/2015_m01_d14_1800(utc+0800)_l00_csi_1hr_conc.grd
DSAA
         159         159
     -79.000      79.000
     -79.000      79.000
  0.0000E+00  0.4965E-04
[rows 25 to 49 of 159, columns 57 to 113 of 159]
9.6006E-09 9.1300E-09 8.6558E-09 8.1809E-09 7.7074E-09 7.2378E-09 6.7742E-09 6.3183E-09 5.8727E-09 5.4395E-09 5.0201E-09 4.6181E-09 4.2354E-09 3.8730E-09 3.5335E-09 3.2174E-09 2.9227E-09 2.6526E-09 2.4077E-09 2.1859E-09 1.9797E-09 1.7960E-09 1.6295E-09 1.4796E-09 1.3535E-09 1.2218E-09 1.1255E-09 1.0177E-09 9.3006E-10 8.3495E-10 7.7325E-10 7.1721E-10 6.4562E-10 6.0184E-10 5.7687E-10 5.2265E-10 5.0543E-10 4.8852E-10 4.7191E-10 4.5562E-10 4.3965E-10 4.2401E-10 4.0871E-10 3.9374E-10 3.7912E-10 3.6484E-10 3.2724E-10 3.1478E-10 3.0263E-10 2.6823E-10 2.5776E-10 2.4756E-10 1.9583E-10 1.8138E-10 1.7413E-10 1.4111E-10 1.2901E-10
9.8675E-09 9.3961E-09 8.9187E-09 8.4379E-09 7.9566E-09 7.4769E-09 7.0001E-09 6.5303E-09 6.0691E-09 5.6184E-09 5.1823E-09 4.7633E-09 4.3629E-09 3.9843E-09 3.6287E-09 3.2966E-09 2.9877E-09 2.7050E-09 2.4488E-09 2.2168E-09 2.0030E-09 1.8117E-09 1.6386E-09 1.4876E-09 1.3528E-09 1.2169E-09 1.0976E-09 1.0115E-09 8.8413E-10 8.2295E-10 7.6342E-10 6.7232E-10 6.3837E-10 5.9488E-10 5.3579E-10 5.1634E-10 4.9934E-10 4.8263E-10 4.6622E-10 4.5013E-10 4.3435E-10 4.1890E-10 4.0379E-10 3.8900E-10 3.7455E-10 3.6045E-10 3.2334E-10 3.1103E-10 2.9903E-10 2.6507E-10 2.5472E-10 2.4464E-10 1.8662E-10 1.7926E-10 1.6529E-10 1.3285E-10 1.1438E-10
1.0132E-08 9.6613E-09 9.1812E-09 8.6959E-09 8.2070E-09 7.7162E-09 7.2270E-09 6.7428E-09 6.2651E-09 5.7981E-09 5.3449E-09 4.9076E-09 4.4901E-09 4.0943E-09 3.7213E-09 3.3738E-09 3.0505E-09 2.7552E-09 2.4876E-09 2.2465E-09 2.0281E-09 1.8280E-09 1.6478E-09 1.4898E-09 1.3346E-09 1.2166E-09 1.0907E-09 9.8507E-10 8.7492E-10 7.9670E-10 7.3596E-10 6.6372E-10 6.1308E-10 5.8897E-10 5.2947E-10 5.0983E-10 4.9304E-10 4.7654E-10 4.6034E-10 4.4445E-10 4.2888E-10 4.1363E-10 3.9870E-10 3.8410E-10 3.6984E-10 3.5591E-10 3.1932E-10 3.0716E-10 2.9531E-10 2.6180E-10 2.5158E-10 2.2093E-10 1.8434E-10 1.7707E-10 1.4349E-10 1.3122E-10 1.0646E-10
1.0413E-08 9.9452E-09 9.4644E-09 8.9747E-09 8.4774E-09 7.9766E-09 7.4748E-09 6.9752E-09 6.4815E-09 5.9972E-09 5.5248E-09 5.0691E-09 4.6328E-09 4.2174E-09 3.8268E-09 3.4623E-09 3.1240E-09 2.8142E-09 2.5340E-09 2.2818E-09 2.0568E-09 1.8492E-09 1.6612E-09 1.4942E-09 1.3330E-09 1.2133E-09 1.0897E-09 9.7903E-10 8.6591E-10 7.8646E-10 7.2959E-10 6.5548E-10 6.0485E-10 5.8207E-10 5.2434E-10 5.0312E-10 4.8655E-10 4.7027E-10 4.5429E-10 4.3861E-10 4.2324E-10 4.0819E-10 3.9346E-10 3.7905E-10 3.6498E-10 3.2746E-10 3.1517E-10 3.0317E-10 2.6879E-10 2.5843E-10 2.4834E-10 1.9642E-10 1.8200E-10 1.7482E-10 1.4166E-10 1.2955E-10 9.8468E-11
1.0714E-08 1.0249E-08 9.7682E-09 9.2743E-09 8.7700E-09 8.2592E-09 7.7440E-09 7.2297E-09 6.7191E-09 6.2156E-09 5.7243E-09 5.2485E-09 4.7909E-09 4.3560E-09 3.9464E-09 3.5632E-09 3.2083E-09 2.8831E-09 2.5886E-09 2.3230E-09 2.0862E-09 1.8726E-09 1.6777E-09 1.4860E-09 1.3355E-09 1.1910E-09 1.0850E-09 9.3920E-10 8.4179E-10 7.7619E-10 6.8465E-10 6.3205E-10 5.9749E-10 5.4036E-10 5.1884E-10 4.9713E-10 4.7988E-10 4.6382E-10 4.4806E-10 4.3260E-10 4.1744E-10 4.0260E-10 3.8807E-10 3.7386E-10 3.5998E-10 3.2303E-10 3.1090E-10 2.9907E-10 2.6518E-10 2.5497E-10 2.4501E-10 1.9382E-10 1.7959E-10 1.6567E-10 1.3978E-10 1.1469E-10 9.0646E-11
1.1021E-08 1.0561E-08 1.0080E-08 9.5829E-09 9.0717E-09 8.5503E-09 8.0227E-09 7.4933E-09 6.9651E-09 6.4433E-09 5.9321E-09 5.4348E-09 4.9566E-09 4.5013E-09 4.0719E-09 3.6692E-09 3.2967E-09 2.9554E-09 2.6460E-09 2.3685E-09 2.1209E-09 1.8965E-09 1.6918E-09 1.4942E-09 1.3430E-09 1.1933E-09 1.0607E-09 9.3476E-10 8.3908E-10 7.5202E-10 6.7564E-10 6.2414E-10 5.9245E-10 5.3382E-10 5.1220E-10 4.9167E-10 4.7344E-10 4.5721E-10 4.4167E-10 4.2643E-10 4.1149E-10 3.9686E-10 3.8254E-10 3.6854E-10 3.5486E-10 3.1849E-10 3.0653E-10 2.9486E-10 2.6149E-10 2.5141E-10 2.2084E-10 1.8429E-10 1.7711E-10 1.4351E-10 1.3129E-10 1.0660E-10 7.0383E-11
1.1334E-08 1.0879E-08 1.0399E-08 9.8988E-09 9.3809E-09 8.8503E-09 8.3108E-09 7.7661E-09 7.2211E-09 6.6805E-09 6.1480E-09 5.6298E-09 5.1304E-09 4.6540E-09 4.2038E-09 3.7806E-09 3.3896E-09 3.0313E-09 2.7069E-09 2.4151E-09 2.1561E-09 1.9282E-09 1.7138E-09 1.5054E-09 1.3288E-09 1.1965E-09 1.0257E-09 9.1136E-10 8.3344E-10 7.1264E-10 6.6971E-10 6.1584E-10 5.5207E-10 5.2905E-10 5.0560E-10 4.8500E-10 4.6809E-10 4.5044E-10 4.3514E-10 4.2012E-10 4.0540E-10 3.9099E-10 3.7688E-10 3.6309E-10 3.2590E-10 3.1383E-10 3.0205E-10 2.6789E-10 2.5770E-10 2.4778E-10 1.9598E-10 1.8166E-10 1.7458E-10 1.4147E-10 1.2942E-10 9.8446E-11 6.9388E-11
1.1671E-08 1.1222E-08 1.0744E-08 1.0243E-08 9.7206E-09 9.1820E-09 8.6304E-09 8.0713E-09 7.5088E-09 6.9474E-09 6.3937E-09 5.8531E-09 5.3305E-09 4.8307E-09 4.3571E-09 3.9119E-09 3.4998E-09 3.1223E-09 2.7805E-09 2.4712E-09 2.1986E-09 1.9588E-09 1.7198E-09 1.5250E-09 1.3348E-09 1.1805E-09 1.0279E-09 9.1376E-10 8.1157E-10 7.0891E-10 6.4688E-10 6.1059E-10 5.4606E-10 5.2373E-10 5.0050E-10 4.7819E-10 4.6148E-10 4.4488E-10 4.2846E-10 4.1367E-10 3.9918E-10 3.8499E-10 3.7110E-10 3.5752E-10 3.2096E-10 3.0907E-10 2.9747E-10 2.6387E-10 2.5384E-10 2.4406E-10 1.9307E-10 1.7896E-10 1.6517E-10 1.3937E-10 1.1441E-10 9.0472E-11 6.8373E-11
1.2009E-08 1.1568E-08 1.1096E-08 1.0596E-08 1.0071E-08 9.5244E-09 8.9623E-09 8.3886E-09 7.8078E-09 7.2267E-09 6.6512E-09 6.0873E-09 5.5408E-09 5.0167E-09 4.5182E-09 4.0505E-09 3.6162E-09 3.2182E-09 2.8584E-09 2.5351E-09 2.2460E-09 1.9711E-09 1.7476E-09 1.5252E-09 1.3505E-09 1.1471E-09 1.0112E-09 9.1245E-10 7.7687E-10 7.0609E-10 6.4111E-10 5.7121E-10 5.4240E-10 5.1701E-10 4.9540E-10 4.7313E-10 4.5458E-10 4.3891E-10 4.2215E-10 4.0710E-10 3.9284E-10 3.7887E-10 3.6521E-10 3.2789E-10 3.1592E-10 3.0422E-10 2.9280E-10 2.5977E-10 2.4989E-10 2.1956E-10 1.8326E-10 1.7622E-10 1.4279E-10 1.3068E-10 1.0619E-10 7.0076E-11 6.1046E-11
1.2355E-08 1.1926E-08 1.1461E-08 1.0964E-08 1.0437E-08 9.8854E-09 9.3128E-09 8.7246E-09 8.1265E-09 7.5252E-09 6.9273E-09 6.3393E-09 5.7675E-09 5.2177E-09 4.6929E-09 4.2009E-09 3.7434E-09 3.3247E-09 2.9446E-09 2.6043E-09 2.3025E-09 2.0157E-09 1.7774E-09 1.5462E-09 1.3454E-09 1.1615E-09 1.0171E-09 8.9411E-10 7.7763E-10 6.8965E-10 6.3665E-10 5.6730E-10 5.3893E-10 5.1190E-10 4.8926E-10 4.6806E-10 4.4862E-10 4.3208E-10 4.1658E-10 4.0040E-10 3.8638E-10 3.7265E-10 3.5921E-10 3.2256E-10 3.1079E-10 2.9928E-10 2.6555E-10 2.5559E-10 2.4588E-10 1.9449E-10 1.8036E-10 1.7343E-10 1.4053E-10 1.2220E-10 9.7916E-11 6.8979E-11 5.3920E-11
1.2713E-08 1.2299E-08 1.1843E-08 1.1351E-08 1.0824E-08 1.0267E-08 9.6842E-09 9.0821E-09 8.4665E-09 7.8445E-09 7.2230E-09 6.6095E-09 6.0110E-09 5.4332E-09 4.8817E-09 4.3632E-09 3.8813E-09 3.4398E-09 3.0378E-09 2.6771E-09 2.3395E-09 2.0621E-09 1.7976E-09 1.5537E-09 1.3241E-09 1.1545E-09 1.0270E-09 8.6336E-10 7.5958E-10 6.8971E-10 6.0160E-10 5.6427E-10 5.3529E-10 5.0774E-10 4.8420E-10 4.6287E-10 4.4299E-10 4.2534E-10 4.1022E-10 3.9444E-10 3.7982E-10 3.6632E-10 3.5311E-10 3.1715E-10 3.0557E-10 2.9426E-10 2.6114E-10 2.5135E-10 2.2090E-10 1.8440E-10 1.7740E-10 1.6380E-10 1.3161E-10 1.0701E-10 8.9833E-11 6.1506E-11 4.0366E-11
1.3080E-08 1.2681E-08 1.2238E-08 1.1753E-08 1.1227E-08 1.0666E-08 1.0075E-08 9.4598E-09 8.8267E-09 8.1834E-09 7.5378E-09 6.8980E-09 6.2715E-09 5.6642E-09 5.0853E-09 4.5387E-09 4.0308E-09 3.5658E-09 3.1425E-09 2.7641E-09 2.4032E-09 2.0922E-09 1.8362E-09 1.5495E-09 1.3502E-09 1.1693E-09 1.0180E-09 8.7374E-10 7.6532E-10 6.8827E-10 6.0178E-10 5.6363E-10 5.3237E-10 5.0320E-10 4.7980E-10 4.5724E-10 4.3755E-10 4.1986E-10 4.0340E-10 3.8871E-10 3.7316E-10 3.5989E-10 3.2329E-10 3.1166E-10 3.0028E-10 2.6652E-10 2.5666E-10 2.4704E-10 1.9541E-10 1.8128E-10 1.7441E-10 1.4133E-10 1.2296E-10 9.8568E-11 6.9413E-11 6.0478E-11 3.9702E-11
1.3452E-08 1.3073E-08 1.2645E-08 1.2167E-08 1.1645E-08 1.1083E-08 1.0484E-08 9.8561E-09 9.2057E-09 8.5412E-09 7.8709E-09 7.2039E-09 6.5481E-09 5.9106E-09 5.3017E-09 4.7260E-09 4.1909E-09 3.6981E-09 3.2519E-09 2.8327E-09 2.4801E-09 2.1518E-09 1.8591E-09 1.5842E-09 1.3589E-09 1.1937E-09 9.9395E-10 8.6437E-10 7.7471E-10 6.5828E-10 6.0154E-10 5.6289E-10 5.3043E-10 4.9971E-10 4.7555E-10 4.5249E-10 4.3202E-10 4.1375E-10 3.9713E-10 3.8230E-10 3.6641E-10 3.5339E-10 3.1751E-10 3.0609E-10 2.9492E-10 2.6181E-10 2.5213E-10 2.4268E-10 1.9200E-10 1.7812E-10 1.6454E-10 1.3887E-10 1.0756E-10 9.0326E-11 6.8222E-11 4.6898E-11 3.2740E-11
1.3833E-08 1.3476E-08 1.3064E-08 1.2598E-08 1.2082E-08 1.1518E-08 1.0912E-08 1.0272E-08 9.6040E-09 8.9175E-09 8.2219E-09 7.5266E-09 6.8397E-09 6.1722E-09 5.5322E-09 4.9271E-09 4.3636E-09 3.8440E-09 3.3504E-09 2.9291E-09 2.5388E-09 2.2147E-09 1.8747E-09 1.6038E-09 1.3905E-09 1.1618E-09 1.0161E-09 8.7510E-10 7.8206E-10 6.6628E-10 6.0471E-10 5.6314E-10 5.2794E-10 4.9759E-10 4.7049E-10 4.4767E-10 4.2703E-10 4.0698E-10 3.9147E-10 3.7552E-10 3.5958E-10 3.2313E-10 3.1167E-10 3.0046E-10 2.6677E-10 2.5704E-10 2.4754E-10 1.9580E-10 1.8173E-10 1.7493E-10 1.4176E-10 1.2983E-10 1.0566E-10 6.9671E-11 6.0715E-11 3.9882E-11 2.5975E-11
1.4222E-08 1.3890E-08 1.3498E-08 1.3047E-08 1.2538E-08 1.1975E-08 1.1364E-08 1.0712E-08 1.0027E-08 9.3190E-09 8.5978E-09 7.8728E-09 7.1536E-09 6.4546E-09 5.7797E-09 5.1433E-09 4.5484E-09 3.9982E-09 3.4815E-09 3.0153E-09 2.6233E-09 2.2246E-09 1.9289E-09 1.6530E-09 1.4093E-09 1.1879E-09 1.0202E-09 8.9500E-10 7.5730E-10 6.7510E-10 6.1036E-10 5.6422E-10 5.2628E-10 4.9544E-10 4.6698E-10 4.4296E-10 4.2178E-10 4.0054E-10 3.8522E-10 3.6868E-10 3.5269E-10 3.1701E-10 3.0577E-10 2.9477E-10 2.6177E-10 2.5223E-10 2.4290E-10 1.9218E-10 1.7837E-10 1.6484E-10 1.3915E-10 1.1439E-10 9.7178E-11 6.8405E-11 5.3522E-11 3.2851E-11 2.5510E-11
1.4614E-08 1.4313E-08 1.3945E-08 1.3510E-08 1.3010E-08 1.2450E-08 1.1835E-08 1.1173E-08 1.0471E-08 9.7421E-09 8.9942E-09 8.2370E-09 7.4868E-09 6.7507E-09 6.0437E-09 5.3727E-09 4.7441E-09 4.1453E-09 3.6190E-09 3.1302E-09 2.6978E-09 2.2990E-09 1.9704E-09 1.6993E-09 1.4195E-09 1.1999E-09 1.0422E-09 8.8025E-10 7.7157E-10 6.8458E-10 6.1819E-10 5.6710E-10 5.2572E-10 4.9276E-10 4.6370E-10 4.3830E-10 4.1567E-10 3.9514E-10 3.7848E-10 3.6179E-10 3.2208E-10 3.1083E-10 2.9982E-10 2.6630E-10 2.5673E-10 2.4737E-10 1.9568E-10 1.8169E-10 1.7499E-10 1.4182E-10 1.2351E-10 1.0581E-10 6.9750E-11 6.0797E-11 3.9960E-11 2.6023E-11 2.5040E-11
1.4991E-08 1.4720E-08 1.4376E-08 1.3959E-08 1.3470E-08 1.2913E-08 1.2296E-08 1.1624E-08 1.0908E-08 1.0157E-08 9.3827E-09 8.5983E-09 7.8160E-09 7.0485E-09 6.3091E-09 5.6046E-09 4.9242E-09 4.3171E-09 3.7444E-09 3.2324E-09 2.7574E-09 2.3622E-09 2.0353E-09 1.6972E-09 1.4630E-09 1.2392E-09 1.0676E-09 9.0136E-10 7.8680E-10 6.9620E-10 6.2707E-10 5.7024E-10 5.2652E-10 4.9002E-10 4.6056E-10 4.3414E-10 4.0957E-10 3.8927E-10 3.7170E-10 3.5486E-10 3.1563E-10 3.0461E-10 2.9382E-10 2.6103E-10 2.5165E-10 2.4247E-10 1.9186E-10 1.7815E-10 1.6471E-10 1.3906E-10 1.0782E-10 9.7220E-11 6.8412E-11 5.3552E-11 3.2879E-11 2.5531E-11 1.8698E-11
1.5375E-08 1.5138E-08 1.4822E-08 1.4426E-08 1.3952E-08 1.3402E-08 1.2784E-08 1.2106E-08 1.1375E-08 1.0605E-08 9.8042E-09 8.9922E-09 8.1778E-09 7.3747E-09 6.5994E-09 5.8372E-09 5.1448E-09 4.4841E-09 3.9029E-09 3.3254E-09 2.8663E-09 2.4461E-09 2.0498E-09 1.7546E-09 1.4909E-09 1.2757E-09 1.0646E-09 9.2353E-10 8.0342E-10 7.0926E-10 6.3686E-10 5.7548E-10 5.2625E-10 4.8890E-10 4.5616E-10 4.2855E-10 4.0448E-10 3.8244E-10 3.6462E-10 3.2410E-10 3.0915E-10 2.9835E-10 2.6511E-10 2.5572E-10 2.4653E-10 1.9505E-10 1.8118E-10 1.7458E-10 1.4150E-10 1.2330E-10 1.0569E-10 8.8840E-11 6.0723E-11 3.9938E-11 2.6006E-11 2.5036E-11 6.2179E-12
1.5735E-08 1.5534E-08 1.5247E-08 1.4874E-08 1.4415E-08 1.3874E-08 1.3257E-08 1.2572E-08 1.1830E-08 1.1038E-08 1.0216E-08 9.3740E-09 8.5287E-09 7.6966E-09 6.8625E-09 6.0888E-09 5.3440E-09 4.6717E-09 4.0045E-09 3.4606E-09 2.9579E-09 2.5196E-09 2.1185E-09 1.7950E-09 1.5370E-09 1.2775E-09 1.0953E-09 9.4520E-10 8.2024E-10 7.2145E-10 6.4520E-10 5.8048E-10 5.2418E-10 4.8700E-10 4.5183E-10 4.2236E-10 3.9879E-10 3.7540E-10 3.3338E-10 3.1730E-10 3.0263E-10 2.9206E-10 2.5958E-10 2.5039E-10 2.4139E-10 1.9103E-10 1.7746E-10 1.6415E-10 1.3861E-10 1.0753E-10 9.7010E-11 6.8244E-11 5.3444E-11 3.2825E-11 2.5489E-11 1.8687E-11 0.0000E+00
1.6091E-08 1.5930E-08 1.5677E-08 1.5330E-08 1.4891E-08 1.4362E-08 1.3749E-08 1.3062E-08 1.2306E-08 1.1502E-08 1.0656E-08 9.7865E-09 8.9120E-09 8.0220E-09 7.1748E-09 6.3428E-09 5.5793E-09 4.8128E-09 4.1731E-09 3.5803E-09 3.0727E-09 2.5754E-09 2.1761E-09 1.8515E-09 1.5484E-09 1.3158E-09 1.1255E-09 9.6598E-10 8.3822E-10 7.3421E-10 6.5241E-10 5.8515E-10 5.2596E-10 4.8381E-10 4.4747E-10 4.1613E-10 3.9184E-10 3.6813E-10 3.2651E-10 3.1046E-10 2.9608E-10 2.6321E-10 2.5403E-10 2.4503E-10 1.9389E-10 1.8019E-10 1.7372E-10 1.4082E-10 1.2277E-10 9.8636E-11 6.9373E-11 5.4347E-11 3.9814E-11 2.5923E-11 2.4969E-11 6.2082E-12 0.0000E+00
1.6423E-08 1.6303E-08 1.6086E-08 1.5768E-08 1.5351E-08 1.4839E-08 1.4235E-08 1.3545E-08 1.2782E-08 1.1960E-08 1.1091E-08 1.0196E-08 9.2685E-09 8.3666E-09 7.4662E-09 6.6180E-09 5.7580E-09 5.0198E-09 4.3281E-09 3.7255E-09 3.1359E-09 2.6709E-09 2.2512E-09 1.9099E-09 1.5922E-09 1.3530E-09 1.1550E-09 9.8633E-10 8.5456E-10 7.4660E-10 6.5643E-10 5.8685E-10 5.2615E-10 4.7983E-10 4.4075E-10 4.1044E-10 3.8439E-10 3.3679E-10 3.1935E-10 3.0338E-10 2.6661E-10 2.5744E-10 2.4846E-10 2.3966E-10 1.8277E-10 1.7630E-10 1.6316E-10 1.3779E-10 1.0696E-10 9.6550E-11 6.7903E-11 4.0456E-11 3.2687E-11 2.5383E-11 1.8629E-11 0.0000E+00 0.0000E+00
1.6728E-08 1.6653E-08 1.6475E-08 1.6192E-08 1.5800E-08 1.5303E-08 1.4708E-08 1.4020E-08 1.3252E-08 1.2416E-08 1.1532E-08 1.0612E-08 9.6537E-09 8.7181E-09 7.7849E-09 6.8442E-09 6.0094E-09 5.2131E-09 4.5066E-09 3.8171E-09 3.2571E-09 2.7507E-09 2.3284E-09 1.9362E-09 1.6348E-09 1.3866E-09 1.1828E-09 1.0060E-09 8.6752E-10 7.5681E-10 6.6212E-10 5.8654E-10 5.2579E-10 4.7549E-10 4.3381E-10 4.0414E-10 3.7612E-10 3.2965E-10 3.1211E-10 2.9600E-10 2.6062E-10 2.5166E-10 2.4288E-10 1.9224E-10 1.7873E-10 1.7241E-10 1.3977E-10 1.2193E-10 9.8016E-11 6.8919E-11 5.4016E-11 3.3193E-11 2.5777E-11 1.8935E-11 6.1828E-12 0.0000E+00 0.0000E+00
1.7003E-08 1.6977E-08 1.6840E-08 1.6591E-08 1.6230E-08 1.5755E-08 1.5171E-08 1.4491E-08 1.3718E-08 1.2870E-08 1.1947E-08 1.1001E-08 1.0015E-08 9.0503E-09 8.0396E-09 7.1280E-09 6.2421E-09 5.4306E-09 4.6348E-09 3.9717E-09 3.3658E-09 2.8509E-09 2.3737E-09 1.9986E-09 1.6816E-09 1.4167E-09 1.2059E-09 1.0256E-09 8.7669E-10 7.6367E-10 6.6574E-10 5.8487E-10 5.2303E-10 4.6869E-10 4.2745E-10 3.9611E-10 3.4410E-10 3.2207E-10 3.0468E-10 2.6596E-10 2.5463E-10 2.4588E-10 1.9460E-10 1.8100E-10 1.7469E-10 1.6175E-10 1.2361E-10 1.0612E-10 8.9307E-11 6.1211E-11 4.0167E-11 3.2469E-11 2.5214E-11 1.2505E-11 0.0000E+00 0.0000E+00 0.0000E+00
1.7247E-08 1.7271E-08 1.7182E-08 1.6971E-08 1.6644E-08 1.6196E-08 1.5631E-08 1.4957E-08 1.4187E-08 1.3315E-08 1.2395E-08 1.1407E-08 1.0418E-08 9.3611E-09 8.3783E-09 7.4080E-09 6.5065E-09 5.6034E-09 4.8273E-09 4.1093E-09 3.4913E-09 2.9166E-09 2.4533E-09 2.0617E-09 1.7262E-09 1.4489E-09 1.2242E-09 1.0392E-09 8.8553E-10 7.6634E-10 6.6596E-10 5.8272E-10 5.1721E-10 4.6134E-10 4.2050E-10 3.6326E-10 3.3595E-10 3.1436E-10 2.9599E-10 2.5922E-10 2.4865E-10 2.4010E-10 1.9009E-10 1.7682E-10 1.6379E-10 1.3837E-10 1.0751E-10 9.7149E-11 6.8293E-11 5.3550E-11 3.2921E-11 2.5567E-11 1.8799E-11 6.1420E-12 0.0000E+00 0.0000E+00 0.0000E+00
1.7454E-08 1.7529E-08 1.7492E-08 1.7328E-08 1.7034E-08 1.6617E-08 1.6072E-08 1.5410E-08 1.4624E-08 1.3770E-08 1.2819E-08 1.1838E-08 1.0761E-08 9.7335E-09 8.6921E-09 7.7065E-09 6.7117E-09 5.8351E-09 5.0065E-09 4.2750E-09 3.5913E-09 3.0240E-09 2.5377E-09 2.1218E-09 1.7717E-09 1.4822E-09 1.2409E-09 1.0463E-09 8.9156E-10 7.6591E-10 6.6266E-10 5.7763E-10 5.1028E-10 4.5233E-10 3.8784E-10 3.5390E-10 3.2713E-10 3.0635E-10 2.6540E-10 2.5246E-10 2.4267E-10 1.9212E-10 1.7878E-10 1.7263E-10 1.3999E-10 1.2224E-10 9.8369E-11 8.8418E-11 6.0606E-11 3.9779E-11 2.5899E-11 1.9060E-11 6.2299E-12 0.0000E+00 0.0000E+00 0.0000E+00 0.0000E+00
