Assets/Resources/2015_m01_d30_1300(utc+0800)_l00_csi_1hr_conc.grd
DSAA
         159         159
     -79.000      79.000
     -79.000      79.000
  0.0000E+00  0.4970E-05
[rows 50 to 74 of 159, columns 57 to 113 of 159]
0.0000E+00 0.0000E+00 0.0000E+00 0.0000E+00 0.0000E+00 0.0000E+00 0.0000E+00 0.0000E+00 0.0000E+00 0.0000E+00 0.0000E+00 0.0000E+00 0.0000E+00 0.0000E+00 0.0000E+00 0.0000E+00 0.0000E+00 0.0000E+00 0.0000E+00 4.3693E-13 6.0252E-12 1.6873E-11 3.9756E-11 7.6273E-11 1.2540E-10 1.9174E-10 2.7984E-10 3.8847E-10 5.2868E-10 6.9657E-10 8.9451E-10 1.1248E-09 1.3855E-09 1.6773E-09 1.9993E-09 2.3538E-09 2.7460E-09 3.1779E-09 3.6520E-09 4.1655E-09 4.7099E-09 5.2853E-09 5.8964E-09 6.5382E-09 7.2026E-09 7.8831E-09 8.5633E-09 9.2424E-09 9.9122E-09 1.0570E-08 1.1199E-08 1.1804E-08 1.2372E-08 1.2901E-08 1.3385E-08 1.3813E-08 1.4176E-08
0.0000E+00 0.0000E+00 0.0000E+00 0.0000E+00 0.0000E+00 0.0000E+00 0.0000E+00 0.0000E+00 0.0000E+00 0.0000E+00 0.0000E+00 0.0000E+00 0.0000E+00 0.0000E+00 0.0000E+00 0.0000E+00 0.0000E+00 0.0000E+00 0.0000E+00 3.0596E-12 1.5670E-11 3.6735E-11 7.2563E-11 1.2429E-10 1.9199E-10 2.8307E-10 3.9475E-10 5.3402E-10 7.0594E-10 9.0805E-10 1.1450E-09 1.4146E-09 1.7122E-09 2.0436E-09 2.4039E-09 2.7931E-09 3.2198E-09 3.6789E-09 4.1791E-09 4.7175E-09 5.2816E-09 5.8775E-09 6.4980E-09 7.1376E-09 7.7929E-09 8.4528E-09 9.1105E-09 9.7477E-09 1.0364E-08 1.0952E-08 1.1505E-08 1.2015E-08 1.2486E-08 1.2907E-08 1.3284E-08 1.3598E-08 1.3852E-08
0.0000E+00 0.0000E+00 0.0000E+00 0.0000E+00 0.0000E+00 0.0000E+00 0.0000E+00 0.0000E+00 0.0000E+00 0.0000E+00 0.0000E+00 0.0000E+00 0.0000E+00 0.0000E+00 0.0000E+00 0.0000E+00 0.0000E+00 0.0000E+00 1.3386E-12 1.2056E-11 2.9260E-11 6.0615E-11 1.1221E-10 1.7686E-10 2.6728E-10 3.8495E-10 5.2877E-10 7.0572E-10 9.1539E-10 1.1609E-09 1.4438E-09 1.7565E-09 2.1007E-09 2.4747E-09 2.8774E-09 3.3035E-09 3.7600E-09 4.2502E-09 4.7739E-09 5.3286E-09 5.9070E-09 6.5124E-09 7.1279E-09 7.7602E-09 8.3945E-09 9.0260E-09 9.6447E-09 1.0237E-08 1.0789E-08 1.1306E-08 1.1770E-08 1.2187E-08 1.2550E-08 1.2860E-08 1.3113E-08 1.3309E-08 1.3451E-08
0.0000E+00 0.0000E+00 0.0000E+00 0.0000E+00 0.0000E+00 0.0000E+00 0.0000E+00 0.0000E+00 0.0000E+00 0.0000E+00 0.0000E+00 0.0000E+00 0.0000E+00 0.0000E+00 0.0000E+00 0.0000E+00 0.0000E+00 8.9871E-13 7.6487E-12 2.7662E-11 5.6794E-11 1.0674E-10 1.7442E-10 2.6537E-10 3.8815E-10 5.4134E-10 7.3181E-10 9.5489E-10 1.2108E-09 1.5087E-09 1.8414E-09 2.2016E-09 2.5927E-09 3.0085E-09 3.4465E-09 3.9089E-09 4.3924E-09 4.9073E-09 5.4433E-09 6.0082E-09 6.5911E-09 7.1898E-09 7.8044E-09 8.4144E-09 9.0258E-09 9.6173E-09 1.0183E-08 1.0714E-08 1.1197E-08 1.1625E-08 1.1997E-08 1.2304E-08 1.2555E-08 1.2745E-08 1.2881E-08 1.2952E-08 1.2975E-08
0.0000E+00 0.0000E+00 0.0000E+00 0.0000E+00 0.0000E+00 0.0000E+00 0.0000E+00 0.0000E+00 0.0000E+00 0.0000E+00 0.0000E+00 0.0000E+00 0.0000E+00 0.0000E+00 0.0000E+00 0.0000E+00 3.0120E-13 5.3886E-12 2.0699E-11 4.7133E-11 9.2355E-11 1.6249E-10 2.4773E-10 3.7152E-10 5.2954E-10 7.2568E-10 9.6783E-10 1.2478E-09 1.5648E-09 1.9208E-09 2.3078E-09 2.7274E-09 3.1718E-09 3.6321E-09 4.1090E-09 4.6010E-09 5.1077E-09 5.6337E-09 6.1805E-09 6.7391E-09 7.3141E-09 7.9024E-09 8.4917E-09 9.0848E-09 9.6550E-09 1.0198E-08 1.0703E-08 1.1158E-08 1.1564E-08 1.1902E-08 1.2170E-08 1.2370E-08 1.2503E-08 1.2568E-08 1.2580E-08 1.2530E-08 1.2439E-08
0.0000E+00 0.0000E+00 0.0000E+00 0.0000E+00 0.0000E+00 0.0000E+00 0.0000E+00 0.0000E+00 0.0000E+00 0.0000E+00 0.0000E+00 0.0000E+00 0.0000E+00 0.0000E+00 0.0000E+00 0.0000E+00 3.9443E-12 1.2065E-11 3.6229E-11 7.6594E-11 1.4384E-10 2.3679E-10 3.5933E-10 5.2140E-10 7.2942E-10 9.8219E-10 1.2860E-09 1.6345E-09 2.0247E-09 2.4481E-09 2.9025E-09 3.3835E-09 3.8811E-09 4.3861E-09 4.8973E-09 5.4152E-09 5.9391E-09 6.4676E-09 7.0079E-09 7.5539E-09 8.1105E-09 8.6644E-09 9.2258E-09 9.7711E-09 1.0286E-08 1.0772E-08 1.1206E-08 1.1577E-08 1.1880E-08 1.2121E-08 1.2286E-08 1.2369E-08 1.2385E-08 1.2329E-08 1.2215E-08 1.2050E-08 1.1844E-08
0.0000E+00 0.0000E+00 0.0000E+00 0.0000E+00 0.0000E+00 0.0000E+00 0.0000E+00 0.0000E+00 0.0000E+00 0.0000E+00 0.0000E+00 0.0000E+00 0.0000E+00 0.0000E+00 0.0000E+00 1.7707E-12 8.7339E-12 2.4362E-11 5.7768E-11 1.2055E-10 2.1491E-10 3.3815E-10 5.0747E-10 7.1500E-10 9.7928E-10 1.3058E-09 1.6831E-09 2.1150E-09 2.5915E-09 3.0924E-09 3.6263E-09 4.1728E-09 4.7229E-09 5.2744E-09 5.8194E-09 6.3537E-09 6.8789E-09 7.3952E-09 7.9093E-09 8.4241E-09 8.9398E-09 9.4553E-09 9.9580E-09 1.0451E-08 1.0904E-08 1.1314E-08 1.1668E-08 1.1950E-08 1.2150E-08 1.2276E-08 1.2329E-08 1.2300E-08 1.2195E-08 1.2017E-08 1.1793E-08 1.1510E-08 1.1201E-08
0.0000E+00 0.0000E+00 0.0000E+00 0.0000E+00 0.0000E+00 0.0000E+00 0.0000E+00 0.0000E+00 0.0000E+00 0.0000E+00 0.0000E+00 0.0000E+00 0.0000E+00 0.0000E+00 0.0000E+00 5.4023E-12 1.4313E-11 4.0859E-11 9.4679E-11 1.8248E-10 3.0554E-10 4.7520E-10 6.9780E-10 9.7269E-10 1.3047E-09 1.7149E-09 2.1808E-09 2.7063E-09 3.2736E-09 3.8749E-09 4.4909E-09 5.1069E-09 5.7161E-09 6.3078E-09 6.8763E-09 7.4207E-09 7.9397E-09 8.4267E-09 8.9044E-09 9.3713E-09 9.8282E-09 1.0279E-08 1.0713E-08 1.1125E-08 1.1497E-08 1.1823E-08 1.2081E-08 1.2259E-08 1.2355E-08 1.2367E-08 1.2294E-08 1.2146E-08 1.1929E-08 1.1638E-08 1.1305E-08 1.0921E-08 1.0513E-08
0.0000E+00 0.0000E+00 0.0000E+00 0.0000E+00 0.0000E+00 0.0000E+00 0.0000E+00 0.0000E+00 0.0000E+00 0.0000E+00 0.0000E+00 0.0000E+00 0.0000E+00 0.0000E+00 1.7318E-12 9.4003E-12 2.4235E-11 6.8242E-11 1.4425E-10 2.6200E-10 4.3175E-10 6.6124E-10 9.4967E-10 1.3075E-09 1.7356E-09 2.2330E-09 2.8081E-09 3.4372E-09 4.1114E-09 4.8162E-09 5.5221E-09 6.2194E-09 6.8896E-09 7.5185E-09 8.1016E-09 8.6381E-09 9.1248E-09 9.5738E-09 9.9838E-09 1.0381E-08 1.0755E-08 1.1121E-08 1.1465E-08 1.1774E-08 1.2054E-08 1.2268E-08 1.2429E-08 1.2504E-08 1.2484E-08 1.2376E-08 1.2186E-08 1.1916E-08 1.1577E-08 1.1182E-08 1.0758E-08 1.0282E-08 9.7934E-09
0.0000E+00 0.0000E+00 0.0000E+00 0.0000E+00 0.0000E+00 0.0000E+00 0.0000E+00 0.0000E+00 0.0000E+00 0.0000E+00 0.0000E+00 0.0000E+00 0.0000E+00 0.0000E+00 4.4302E-12 1.3249E-11 3.9595E-11 1.0776E-10 2.1252E-10 3.7284E-10 6.0289E-10 9.0407E-10 1.2798E-09 1.7337E-09 2.2675E-09 2.8736E-09 3.5637E-09 4.3070E-09 5.0952E-09 5.8971E-09 6.6990E-09 7.4793E-09 8.2112E-09 8.8778E-09 9.4660E-09 9.9831E-09 1.0428E-08 1.0812E-08 1.1147E-08 1.1444E-08 1.1723E-08 1.1972E-08 1.2202E-08 1.2399E-08 1.2560E-08 1.2659E-08 1.2691E-08 1.2660E-08 1.2525E-08 1.2295E-08 1.1990E-08 1.1609E-08 1.1163E-08 1.0649E-08 1.0136E-08 9.5967E-09 9.0441E-09
0.0000E+00 0.0000E+00 0.0000E+00 0.0000E+00 0.0000E+00 0.0000E+00 0.0000E+00 0.0000E+00 0.0000E+00 0.0000E+00 0.0000E+00 0.0000E+00 0.0000E+00 4.5713E-13 7.1267E-12 1.8210E-11 6.5123E-11 1.5735E-10 3.0358E-10 5.1991E-10 8.2296E-10 1.2146E-09 1.7019E-09 2.2772E-09 2.9370E-09 3.6807E-09 4.4891E-09 5.3613E-09 6.2678E-09 7.1777E-09 8.0666E-09 8.9307E-09 9.7224E-09 1.0416E-08 1.1006E-08 1.1479E-08 1.1859E-08 1.2161E-08 1.2391E-08 1.2572E-08 1.2712E-08 1.2832E-08 1.2924E-08 1.2978E-08 1.3005E-08 1.2967E-08 1.2875E-08 1.2712E-08 1.2463E-08 1.2123E-08 1.1702E-08 1.1215E-08 1.0675E-08 1.0072E-08 9.4748E-09 8.8546E-09 8.2658E-09
0.0000E+00 0.0000E+00 0.0000E+00 0.0000E+00 0.0000E+00 0.0000E+00 0.0000E+00 0.0000E+00 0.0000E+00 0.0000E+00 0.0000E+00 0.0000E+00 0.0000E+00 1.4635E-12 1.1469E-11 2.9268E-11 9.7411E-11 2.1658E-10 4.2404E-10 7.2332E-10 1.1212E-09 1.6329E-09 2.2550E-09 2.9681E-09 3.7691E-09 4.6505E-09 5.5934E-09 6.5858E-09 7.6015E-09 8.6110E-09 9.5920E-09 1.0511E-08 1.1354E-08 1.2082E-08 1.2657E-08 1.3090E-08 1.3394E-08 1.3585E-08 1.3693E-08 1.3727E-08 1.3717E-08 1.3676E-08 1.3610E-08 1.3507E-08 1.3373E-08 1.3186E-08 1.2962E-08 1.2664E-08 1.2299E-08 1.1843E-08 1.1321E-08 1.0740E-08 1.0113E-08 9.4367E-09 8.7819E-09 8.1122E-09 7.4566E-09
0.0000E+00 0.0000E+00 0.0000E+00 0.0000E+00 0.0000E+00 0.0000E+00 0.0000E+00 0.0000E+00 0.0000E+00 0.0000E+00 0.0000E+00 0.0000E+00 0.0000E+00 3.1175E-12 1.8045E-11 4.7299E-11 1.4228E-10 3.0516E-10 5.8055E-10 9.8551E-10 1.5115E-09 2.1676E-09 2.9459E-09 3.8272E-09 4.7901E-09 5.8159E-09 6.8981E-09 8.0073E-09 9.1293E-09 1.0230E-08 1.1280E-08 1.2241E-08 1.3127E-08 1.3870E-08 1.4432E-08 1.4806E-08 1.5010E-08 1.5077E-08 1.5029E-08 1.4903E-08 1.4705E-08 1.4492E-08 1.4240E-08 1.3963E-08 1.3666E-08 1.3313E-08 1.2942E-08 1.2510E-08 1.2025E-08 1.1466E-08 1.0844E-08 1.0183E-08 9.4888E-09 8.7534E-09 8.0537E-09 7.3588E-09 6.6811E-09
0.0000E+00 0.0000E+00 0.0000E+00 0.0000E+00 0.0000E+00 0.0000E+00 0.0000E+00 0.0000E+00 0.0000E+00 0.0000E+00 0.0000E+00 0.0000E+00 0.0000E+00 9.5268E-12 3.1918E-11 8.7036E-11 2.1097E-10 4.2981E-10 7.9279E-10 1.3133E-09 2.0155E-09 2.8539E-09 3.8250E-09 4.8993E-09 6.0341E-09 7.2091E-09 8.4185E-09 9.6419E-09 1.0832E-08 1.2000E-08 1.3102E-08 1.4110E-08 1.4987E-08 1.5732E-08 1.6273E-08 1.6589E-08 1.6691E-08 1.6611E-08 1.6391E-08 1.6064E-08 1.5662E-08 1.5246E-08 1.4802E-08 1.4324E-08 1.3859E-08 1.3335E-08 1.2819E-08 1.2245E-08 1.1643E-08 1.0991E-08 1.0284E-08 9.5531E-09 8.8059E-09 8.0255E-09 7.3044E-09 6.5943E-09 5.9169E-09
0.0000E+00 0.0000E+00 0.0000E+00 0.0000E+00 0.0000E+00 0.0000E+00 0.0000E+00 0.0000E+00 0.0000E+00 0.0000E+00 0.0000E+00 0.0000E+00 7.2150E-12 4.0359E-11 1.1277E-10 2.4329E-10 4.4393E-10 7.4085E-10 1.1798E-09 1.8214E-09 2.6727E-09 3.7223E-09 4.9184E-09 6.2045E-09 7.5222E-09 8.8492E-09 1.0161E-08 1.1455E-08 1.2727E-08 1.3910E-08 1.5039E-08 1.6057E-08 1.6914E-08 1.7620E-08 1.8123E-08 1.8370E-08 1.8359E-08 1.8124E-08 1.7713E-08 1.7177E-08 1.6550E-08 1.5915E-08 1.5263E-08 1.4582E-08 1.3931E-08 1.3245E-08 1.2578E-08 1.1884E-08 1.1165E-08 1.0426E-08 9.6490E-09 8.8674E-09 8.0799E-09 7.2773E-09 6.5408E-09 5.8377E-09 5.1703E-09
0.0000E+00 0.0000E+00 0.0000E+00 0.0000E+00 0.0000E+00 0.0000E+00 0.0000E+00 0.0000E+00 0.0000E+00 0.0000E+00 0.0000E+00 6.1219E-12 4.6953E-11 1.6516E-10 4.0118E-10 7.6413E-10 1.1720E-09 1.5974E-09 2.1289E-09 2.8088E-09 3.7268E-09 4.9382E-09 6.3274E-09 7.8156E-09 9.3099E-09 1.0758E-08 1.2140E-08 1.3479E-08 1.4766E-08 1.5950E-08 1.7044E-08 1.8030E-08 1.8844E-08 1.9460E-08 1.9917E-08 2.0096E-08 1.9970E-08 1.9567E-08 1.8957E-08 1.8194E-08 1.7333E-08 1.6457E-08 1.5597E-08 1.4712E-08 1.3882E-08 1.3030E-08 1.2224E-08 1.1416E-08 1.0606E-08 9.7830E-09 8.9526E-09 8.1365E-09 7.3297E-09 6.5190E-09 5.7845E-09 5.0997E-09 4.4554E-09
0.0000E+00 0.0000E+00 0.0000E+00 0.0000E+00 0.0000E+00 0.0000E+00 0.0000E+00 0.0000E+00 0.0000E+00 0.0000E+00 2.1720E-12 3.0148E-11 1.5149E-10 4.9518E-10 1.2160E-09 2.2654E-09 3.3433E-09 4.0262E-09 4.4094E-09 4.8393E-09 5.5676E-09 6.7567E-09 8.2085E-09 9.8091E-09 1.1424E-08 1.2951E-08 1.4357E-08 1.5673E-08 1.6909E-08 1.8083E-08 1.9082E-08 1.9978E-08 2.0730E-08 2.1258E-08 2.1584E-08 2.1675E-08 2.1433E-08 2.0866E-08 2.0056E-08 1.9067E-08 1.7955E-08 1.6844E-08 1.5761E-08 1.4685E-08 1.3683E-08 1.2690E-08 1.1757E-08 1.0845E-08 9.9629E-09 9.0831E-09 8.2122E-09 7.3782E-09 6.5709E-09 5.7682E-09 5.0549E-09 4.3960E-09 3.7862E-09
0.0000E+00 0.0000E+00 0.0000E+00 0.0000E+00 0.0000E+00 0.0000E+00 0.0000E+00 0.0000E+00 0.0000E+00 0.0000E+00 8.0382E-12 7.6234E-11 3.5174E-10 1.1726E-09 2.9497E-09 5.6887E-09 8.3461E-09 9.6759E-09 9.5935E-09 9.1666E-09 8.9563E-09 9.6122E-09 1.0803E-08 1.2271E-08 1.3884E-08 1.5390E-08 1.6784E-08 1.8017E-08 1.9158E-08 2.0192E-08 2.1102E-08 2.1858E-08 2.2483E-08 2.2910E-08 2.3062E-08 2.3023E-08 2.2656E-08 2.1936E-08 2.0928E-08 1.9719E-08 1.8379E-08 1.7033E-08 1.5737E-08 1.4481E-08 1.3330E-08 1.2202E-08 1.1172E-08 1.0181E-08 9.2458E-09 8.3370E-09 7.4476E-09 6.6140E-09 5.8183E-09 5.0418E-09 4.3592E-09 3.7426E-09 3.1726E-09
0.0000E+00 0.0000E+00 0.0000E+00 0.0000E+00 0.0000E+00 0.0000E+00 0.0000E+00 0.0000E+00 0.0000E+00 0.0000E+00 1.4341E-11 1.2811E-10 6.1485E-10 2.1804E-09 5.6333E-09 1.1372E-08 1.7428E-08 2.0622E-08 1.9822E-08 1.7042E-08 1.4826E-08 1.3972E-08 1.4327E-08 1.5365E-08 1.6635E-08 1.8061E-08 1.9363E-08 2.0478E-08 2.1435E-08 2.2284E-08 2.3044E-08 2.3611E-08 2.4048E-08 2.4312E-08 2.4312E-08 2.4048E-08 2.3550E-08 2.2679E-08 2.1488E-08 2.0082E-08 1.8531E-08 1.6980E-08 1.5500E-08 1.4071E-08 1.2807E-08 1.1581E-08 1.0474E-08 9.4381E-09 8.4668E-09 7.5505E-09 6.6666E-09 5.8552E-09 5.0916E-09 4.3525E-09 3.7120E-09 3.1448E-09 2.6228E-09
0.0000E+00 0.0000E+00 0.0000E+00 0.0000E+00 0.0000E+00 0.0000E+00 0.0000E+00 0.0000E+00 0.0000E+00 0.0000E+00 1.8195E-11 1.8698E-10 8.3425E-10 2.9476E-09 8.2858E-09 1.8353E-08 2.9878E-08 3.7268E-08 3.6092E-08 3.0053E-08 2.3876E-08 2.0336E-08 1.9022E-08 1.9044E-08 1.9816E-08 2.0841E-08 2.1977E-08 2.2942E-08 2.3688E-08 2.4293E-08 2.4792E-08 2.5184E-08 2.5368E-08 2.5400E-08 2.5212E-08 2.4709E-08 2.4009E-08 2.2993E-08 2.1649E-08 2.0078E-08 1.8362E-08 1.6643E-08 1.5021E-08 1.3455E-08 1.2107E-08 1.0822E-08 9.6704E-09 8.6173E-09 7.6376E-09 6.7405E-09 5.8880E-09 5.1090E-09 4.3951E-09 3.7097E-09 3.1218E-09 2.6077E-09 2.1387E-09
0.0000E+00 0.0000E+00 0.0000E+00 0.0000E+00 0.0000E+00 0.0000E+00 0.0000E+00 0.0000E+00 0.0000E+00 0.0000E+00 1.5138E-11 1.4512E-10 7.7358E-10 3.0367E-09 9.5259E-09 2.2755E-08 4.1851E-08 5.7270E-08 5.9133E-08 4.8466E-08 3.6483E-08 2.8873E-08 2.4955E-08 2.3367E-08 2.3260E-08 2.3688E-08 2.4512E-08 2.5306E-08 2.5843E-08 2.6182E-08 2.6360E-08 2.6446E-08 2.6372E-08 2.6107E-08 2.5659E-08 2.4936E-08 2.3950E-08 2.2795E-08 2.1327E-08 1.9642E-08 1.7813E-08 1.5983E-08 1.4281E-08 1.2645E-08 1.1241E-08 9.9347E-09 8.7734E-09 7.7414E-09 6.7822E-09 5.9178E-09 5.1192E-09 4.3889E-09 3.7362E-09 3.1137E-09 2.5847E-09 2.1315E-09 1.7165E-09
0.0000E+00 0.0000E+00 0.0000E+00 0.0000E+00 0.0000E+00 0.0000E+00 0.0000E+00 0.0000E+00 0.0000E+00 0.0000E+00 0.0000E+00 6.6621E-11 5.4684E-10 2.3372E-09 8.0021E-09 2.1963E-08 4.7407E-08 7.5282E-08 8.6450E-08 7.2494E-08 5.3068E-08 3.9539E-08 3.2275E-08 2.8340E-08 2.6803E-08 2.6585E-08 2.6835E-08 2.7438E-08 2.7789E-08 2.7860E-08 2.7682E-08 2.7372E-08 2.6994E-08 2.6367E-08 2.5589E-08 2.4621E-08 2.3415E-08 2.2034E-08 2.0479E-08 1.8733E-08 1.6858E-08 1.4987E-08 1.3265E-08 1.1627E-08 1.0223E-08 8.9459E-09 7.8106E-09 6.8235E-09 5.9164E-09 5.1083E-09 4.3744E-09 3.7088E-09 3.1228E-09 2.5714E-09 2.1048E-09 1.7118E-09 1.3539E-09
0.0000E+00 0.0000E+00 0.0000E+00 0.0000E+00 0.0000E+00 0.0000E+00 0.0000E+00 0.0000E+00 0.0000E+00 0.0000E+00 0.0000E+00 0.0000E+00 1.6152E-10 1.2168E-09 4.9727E-09 1.5805E-08 4.0959E-08 8.1394E-08 1.1352E-07 1.0513E-07 7.3804E-08 5.2627E-08 4.0876E-08 3.3894E-08 3.0516E-08 2.9275E-08 2.8987E-08 2.9187E-08 2.9393E-08 2.9251E-08 2.8720E-08 2.7939E-08 2.7069E-08 2.6136E-08 2.4972E-08 2.3703E-08 2.2312E-08 2.0719E-08 1.9091E-08 1.7351E-08 1.5506E-08 1.3666E-08 1.2001E-08 1.0418E-08 9.0806E-09 7.8727E-09 6.8089E-09 5.8920E-09 5.0645E-09 4.3294E-09 3.6711E-09 3.0814E-09 2.5652E-09 2.0876E-09 1.6847E-09 1.3516E-09 1.0471E-09
0.0000E+00 0.0000E+00 0.0000E+00 0.0000E+00 0.0000E+00 0.0000E+00 0.0000E+00 0.0000E+00 0.0000E+00 0.0000E+00 0.0000E+00 0.0000E+00 1.0010E-11 3.7195E-10 2.0853E-09 7.8779E-09 2.5302E-08 6.7548E-08 1.2750E-07 1.4564E-07 1.0201E-07 6.8064E-08 5.1175E-08 4.0274E-08 3.4417E-08 3.1726E-08 3.0859E-08 3.0550E-08 3.0562E-08 3.0235E-08 2.9367E-08 2.8097E-08 2.6672E-08 2.5295E-08 2.3788E-08 2.2201E-08 2.0625E-08 1.8945E-08 1.7224E-08 1.5544E-08 1.3801E-08 1.2072E-08 1.0526E-08 9.0682E-09 7.8420E-09 6.7462E-09 5.7910E-09 4.9725E-09 4.2430E-09 3.5974E-09 3.0210E-09 2.5140E-09 2.0700E-09 1.6668E-09 1.3254E-09 1.0471E-09 7.9090E-10
0.0000E+00 0.0000E+00 0.0000E+00 0.0000E+00 0.0000E+00 0.0000E+00 0.0000E+00 0.0000E+00 0.0000E+00 0.0000E+00 0.0000E+00 0.0000E+00 0.0000E+00 6.6864E-11 4.4517E-10 2.3480E-09 1.0455E-08 3.6742E-08 1.0639E-07 1.8831E-07 1.5229E-07 8.7814E-08 6.4291E-08 4.7796E-08 3.8660E-08 3.4237E-08 3.2303E-08 3.1622E-08 3.1162E-08 3.0657E-08 2.9488E-08 2.7745E-08 2.5753E-08 2.3824E-08 2.2023E-08 2.0165E-08 1.8419E-08 1.6724E-08 1.5011E-08 1.3414E-08 1.1839E-08 1.0281E-08 8.9180E-09 7.6313E-09 6.5592E-09 5.6114E-09 4.7854E-09 4.0875E-09 3.4669E-09 2.9233E-09 2.4357E-09 2.0117E-09 1.6409E-09 1.3068E-09 1.0244E-09 7.9522E-10 5.8436E-10
