Assets/Resources/2015_m01_d30_1400(utc+0800)_l00_csi_1hr_conc.grd
DSAA
         159         159
     -79.000      79.000
     -79.000      79.000
  0.0000E+00  0.3296E-05
[rows 25 to 49 of 159, columns 57 to 113 of 159]
0.0000E+00 0.0000E+00 0.0000E+00 0.0000E+00 0.0000E+00 0.0000E+00 0.0000E+00 0.0000E+00 0.0000E+00 0.0000E+00 0.0000E+00 0.0000E+00 0.0000E+00 0.0000E+00 0.0000E+00 0.0000E+00 0.0000E+00 0.0000E+00 0.0000E+00 0.0000E+00 0.0000E+00 0.0000E+00 0.0000E+00 0.0000E+00 0.0000E+00 0.0000E+00 0.0000E+00 0.0000E+00 0.0000E+00 0.0000E+00 0.0000E+00 0.0000E+00 2.1051E-11 5.6701E-11 1.3038E-10 2.0934E-10 2.9294E-10 4.0897E-10 5.6417E-10 7.2715E-10 9.1041E-10 1.1209E-09 1.3637E-09 1.6451E-09 1.9643E-09 2.3246E-09 2.7291E-09 3.1741E-09 3.6646E-09 4.1935E-09 4.7575E-09 5.3548E-09 5.9751E-09 6.6170E-09 7.2739E-09 7.9403E-09 8.6126E-09
0.0000E+00 0.0000E+00 0.0000E+00 0.0000E+00 0.0000E+00 0.0000E+00 0.0000E+00 0.0000E+00 0.0000E+00 0.0000E+00 0.0000E+00 0.0000E+00 0.0000E+00 0.0000E+00 0.0000E+00 0.0000E+00 0.0000E+00 0.0000E+00 0.0000E+00 0.0000E+00 0.0000E+00 0.0000E+00 0.0000E+00 0.0000E+00 0.0000E+00 0.0000E+00 0.0000E+00 0.0000E+00 0.0000E+00 0.0000E+00 0.0000E+00 2.8951E-12 3.8250E-11 8.9209E-11 1.7055E-10 2.4250E-10 3.3445E-10 4.7203E-10 6.2829E-10 8.0317E-10 1.0042E-09 1.2342E-09 1.4967E-09 1.7988E-09 2.1432E-09 2.5272E-09 2.9547E-09 3.4292E-09 3.9455E-09 4.5013E-09 5.0922E-09 5.7133E-09 6.3616E-09 7.0263E-09 7.6998E-09 8.3781E-09 9.0594E-09
0.0000E+00 0.0000E+00 0.0000E+00 0.0000E+00 0.0000E+00 0.0000E+00 0.0000E+00 0.0000E+00 0.0000E+00 0.0000E+00 0.0000E+00 0.0000E+00 0.0000E+00 0.0000E+00 0.0000E+00 0.0000E+00 0.0000E+00 0.0000E+00 0.0000E+00 0.0000E+00 0.0000E+00 0.0000E+00 0.0000E+00 0.0000E+00 0.0000E+00 0.0000E+00 0.0000E+00 0.0000E+00 0.0000E+00 0.0000E+00 0.0000E+00 1.5189E-11 5.2543E-11 1.2932E-10 2.0324E-10 2.7984E-10 3.9139E-10 5.3916E-10 7.0674E-10 8.9629E-10 1.1150E-09 1.3640E-09 1.6499E-09 1.9741E-09 2.3435E-09 2.7557E-09 3.2092E-09 3.7109E-09 4.2542E-09 4.8361E-09 5.4527E-09 6.0977E-09 6.7622E-09 7.4427E-09 8.1332E-09 8.8236E-09 9.5091E-09
0.0000E+00 0.0000E+00 0.0000E+00 0.0000E+00 0.0000E+00 0.0000E+00 0.0000E+00 0.0000E+00 0.0000E+00 0.0000E+00 0.0000E+00 0.0000E+00 0.0000E+00 0.0000E+00 0.0000E+00 0.0000E+00 0.0000E+00 0.0000E+00 0.0000E+00 0.0000E+00 0.0000E+00 0.0000E+00 0.0000E+00 0.0000E+00 0.0000E+00 0.0000E+00 0.0000E+00 0.0000E+00 0.0000E+00 0.0000E+00 2.4061E-13 3.2241E-11 8.0604E-11 1.6698E-10 2.3748E-10 3.2713E-10 4.5284E-10 6.0790E-10 7.8684E-10 9.9421E-10 1.2321E-09 1.5022E-09 1.8096E-09 2.1596E-09 2.5518E-09 2.9910E-09 3.4740E-09 4.0014E-09 4.5710E-09 5.1790E-09 5.8172E-09 6.4820E-09 7.1680E-09 7.8666E-09 8.5684E-09 9.2648E-09 9.9505E-09
0.0000E+00 0.0000E+00 0.0000E+00 0.0000E+00 0.0000E+00 0.0000E+00 0.0000E+00 0.0000E+00 0.0000E+00 0.0000E+00 0.0000E+00 0.0000E+00 0.0000E+00 0.0000E+00 0.0000E+00 0.0000E+00 0.0000E+00 0.0000E+00 0.0000E+00 0.0000E+00 0.0000E+00 0.0000E+00 0.0000E+00 0.0000E+00 0.0000E+00 0.0000E+00 0.0000E+00 0.0000E+00 0.0000E+00 0.0000E+00 8.9369E-12 4.6939E-11 1.2817E-10 2.0059E-10 2.8182E-10 3.8712E-10 5.2770E-10 6.9235E-10 8.8667E-10 1.1094E-09 1.3689E-09 1.6631E-09 1.9946E-09 2.3688E-09 2.7889E-09 3.2530E-09 3.7641E-09 4.3158E-09 4.9087E-09 5.5399E-09 6.2022E-09 6.8869E-09 7.5870E-09 8.2962E-09 9.0028E-09 9.7018E-09 1.0386E-08
0.0000E+00 0.0000E+00 0.0000E+00 0.0000E+00 0.0000E+00 0.0000E+00 0.0000E+00 0.0000E+00 0.0000E+00 0.0000E+00 0.0000E+00 0.0000E+00 0.0000E+00 0.0000E+00 0.0000E+00 0.0000E+00 0.0000E+00 0.0000E+00 0.0000E+00 0.0000E+00 0.0000E+00 0.0000E+00 0.0000E+00 0.0000E+00 0.0000E+00 0.0000E+00 0.0000E+00 0.0000E+00 0.0000E+00 0.0000E+00 2.3440E-11 7.9503E-11 1.6218E-10 2.3960E-10 3.3598E-10 4.5483E-10 6.0521E-10 7.8489E-10 9.9544E-10 1.2404E-09 1.5174E-09 1.8365E-09 2.1929E-09 2.5930E-09 3.0382E-09 3.5322E-09 4.0670E-09 4.6462E-09 5.2646E-09 5.9165E-09 6.5968E-09 7.2953E-09 8.0077E-09 8.7216E-09 9.4358E-09 1.0133E-08 1.0808E-08
0.0000E+00 0.0000E+00 0.0000E+00 0.0000E+00 0.0000E+00 0.0000E+00 0.0000E+00 0.0000E+00 0.0000E+00 0.0000E+00 0.0000E+00 0.0000E+00 0.0000E+00 0.0000E+00 0.0000E+00 0.0000E+00 0.0000E+00 0.0000E+00 0.0000E+00 0.0000E+00 0.0000E+00 0.0000E+00 0.0000E+00 0.0000E+00 0.0000E+00 0.0000E+00 0.0000E+00 0.0000E+00 0.0000E+00 4.7885E-12 4.4600E-11 1.2272E-10 1.9673E-10 2.9585E-10 4.0315E-10 5.3768E-10 7.0163E-10 8.9774E-10 1.1266E-09 1.3921E-09 1.6966E-09 2.0367E-09 2.4221E-09 2.8466E-09 3.3197E-09 3.8370E-09 4.4002E-09 4.9997E-09 5.6398E-09 6.3065E-09 7.0025E-09 7.7160E-09 8.4354E-09 9.1501E-09 9.8569E-09 1.0547E-08 1.1210E-08
0.0000E+00 0.0000E+00 0.0000E+00 0.0000E+00 0.0000E+00 0.0000E+00 0.0000E+00 0.0000E+00 0.0000E+00 0.0000E+00 0.0000E+00 0.0000E+00 0.0000E+00 0.0000E+00 0.0000E+00 0.0000E+00 0.0000E+00 0.0000E+00 0.0000E+00 0.0000E+00 0.0000E+00 0.0000E+00 0.0000E+00 0.0000E+00 0.0000E+00 0.0000E+00 0.0000E+00 0.0000E+00 1.3415E-12 1.9368E-11 7.4723E-11 1.5829E-10 2.5408E-10 3.5631E-10 4.7253E-10 6.2315E-10 8.0445E-10 1.0186E-09 1.2687E-09 1.5551E-09 1.8830E-09 2.2513E-09 2.6606E-09 3.1154E-09 3.6124E-09 4.1578E-09 4.7425E-09 5.3684E-09 6.0230E-09 6.7096E-09 7.4166E-09 8.1334E-09 8.8556E-09 9.5697E-09 1.0269E-08 1.0945E-08 1.1589E-08
0.0000E+00 0.0000E+00 0.0000E+00 0.0000E+00 0.0000E+00 0.0000E+00 0.0000E+00 0.0000E+00 0.0000E+00 0.0000E+00 0.0000E+00 0.0000E+00 0.0000E+00 0.0000E+00 0.0000E+00 0.0000E+00 0.0000E+00 0.0000E+00 0.0000E+00 0.0000E+00 0.0000E+00 0.0000E+00 0.0000E+00 0.0000E+00 0.0000E+00 0.0000E+00 0.0000E+00 9.1136E-13 6.7428E-12 4.2441E-11 1.1932E-10 2.1011E-10 3.1639E-10 4.2943E-10 5.6291E-10 7.3029E-10 9.3118E-10 1.1648E-09 1.4387E-09 1.7493E-09 2.1031E-09 2.4983E-09 2.9354E-09 3.4143E-09 3.9380E-09 4.5046E-09 5.1134E-09 5.7545E-09 6.4282E-09 7.1228E-09 7.8337E-09 8.5538E-09 9.2719E-09 9.9766E-09 1.0660E-08 1.1320E-08 1.1938E-08
0.0000E+00 0.0000E+00 0.0000E+00 0.0000E+00 0.0000E+00 0.0000E+00 0.0000E+00 0.0000E+00 0.0000E+00 0.0000E+00 0.0000E+00 0.0000E+00 0.0000E+00 0.0000E+00 0.0000E+00 0.0000E+00 0.0000E+00 0.0000E+00 0.0000E+00 0.0000E+00 0.0000E+00 0.0000E+00 0.0000E+00 0.0000E+00 0.0000E+00 0.0000E+00 2.2014E-13 5.7919E-12 2.2018E-11 7.5594E-11 1.5977E-10 2.7581E-10 3.8286E-10 5.0649E-10 6.6068E-10 8.4850E-10 1.0703E-09 1.3268E-09 1.6232E-09 1.9612E-09 2.3400E-09 2.7637E-09 3.2264E-09 3.7340E-09 4.2805E-09 4.8691E-09 5.4955E-09 6.1543E-09 6.8379E-09 7.5412E-09 8.2537E-09 8.9706E-09 9.6792E-09 1.0370E-08 1.1032E-08 1.1660E-08 1.2252E-08
0.0000E+00 0.0000E+00 0.0000E+00 0.0000E+00 0.0000E+00 0.0000E+00 0.0000E+00 0.0000E+00 0.0000E+00 0.0000E+00 0.0000E+00 0.0000E+00 0.0000E+00 0.0000E+00 0.0000E+00 0.0000E+00 0.0000E+00 0.0000E+00 0.0000E+00 0.0000E+00 0.0000E+00 0.0000E+00 0.0000E+00 0.0000E+00 0.0000E+00 0.0000E+00 4.4075E-12 1.5585E-11 4.2420E-11 1.1577E-10 2.2878E-10 3.4689E-10 4.6869E-10 6.0898E-10 7.8374E-10 9.9328E-10 1.2383E-09 1.5227E-09 1.8426E-09 2.2084E-09 2.6133E-09 3.0629E-09 3.5550E-09 4.0844E-09 4.6555E-09 5.2603E-09 5.9030E-09 6.5722E-09 7.2621E-09 7.9637E-09 8.6721E-09 9.3757E-09 1.0069E-08 1.0739E-08 1.1377E-08 1.1976E-08 1.2522E-08
0.0000E+00 0.0000E+00 0.0000E+00 0.0000E+00 0.0000E+00 0.0000E+00 0.0000E+00 0.0000E+00 0.0000E+00 0.0000E+00 0.0000E+00 0.0000E+00 0.0000E+00 0.0000E+00 0.0000E+00 0.0000E+00 0.0000E+00 0.0000E+00 0.0000E+00 0.0000E+00 0.0000E+00 0.0000E+00 0.0000E+00 0.0000E+00 0.0000E+00 1.6829E-12 1.3936E-11 3.0785E-11 7.9606E-11 1.7226E-10 3.0387E-10 4.2476E-10 5.6125E-10 7.2450E-10 9.2321E-10 1.1592E-09 1.4281E-09 1.7383E-09 2.0885E-09 2.4799E-09 2.9166E-09 3.3885E-09 3.9065E-09 4.4586E-09 5.0484E-09 5.6708E-09 6.3216E-09 6.9984E-09 7.6905E-09 8.3896E-09 9.0858E-09 9.7720E-09 1.0441E-08 1.1082E-08 1.1684E-08 1.2244E-08 1.2752E-08
0.0000E+00 0.0000E+00 0.0000E+00 0.0000E+00 0.0000E+00 0.0000E+00 0.0000E+00 0.0000E+00 0.0000E+00 0.0000E+00 0.0000E+00 0.0000E+00 0.0000E+00 0.0000E+00 0.0000E+00 0.0000E+00 0.0000E+00 0.0000E+00 0.0000E+00 0.0000E+00 0.0000E+00 0.0000E+00 0.0000E+00 0.0000E+00 1.5339E-13 1.0576E-11 2.7826E-11 5.5637E-11 1.2586E-10 2.6129E-10 3.9677E-10 5.3487E-10 6.9024E-10 8.7745E-10 1.1005E-09 1.3635E-09 1.6643E-09 2.0009E-09 2.3810E-09 2.7983E-09 3.2612E-09 3.7623E-09 4.3001E-09 4.8767E-09 5.4790E-09 6.1119E-09 6.7668E-09 7.4393E-09 8.1225E-09 8.8086E-09 9.4871E-09 1.0150E-08 1.0787E-08 1.1391E-08 1.1955E-08 1.2467E-08 1.2926E-08
0.0000E+00 0.0000E+00 0.0000E+00 0.0000E+00 0.0000E+00 0.0000E+00 0.0000E+00 0.0000E+00 0.0000E+00 0.0000E+00 0.0000E+00 0.0000E+00 0.0000E+00 0.0000E+00 0.0000E+00 0.0000E+00 0.0000E+00 0.0000E+00 0.0000E+00 0.0000E+00 0.0000E+00 0.0000E+00 0.0000E+00 0.0000E+00 5.2735E-12 2.2343E-11 4.7492E-11 9.0335E-11 2.0173E-10 3.5196E-10 4.8997E-10 6.4451E-10 8.2539E-10 1.0406E-09 1.2950E-09 1.5851E-09 1.9168E-09 2.2843E-09 2.6939E-09 3.1425E-09 3.6298E-09 4.1575E-09 4.7147E-09 5.3053E-09 5.9230E-09 6.5616E-09 7.2195E-09 7.8864E-09 8.5580E-09 9.2227E-09 9.8754E-09 1.0504E-08 1.1105E-08 1.1665E-08 1.2178E-08 1.2641E-08 1.3043E-08
0.0000E+00 0.0000E+00 0.0000E+00 0.0000E+00 0.0000E+00 0.0000E+00 0.0000E+00 0.0000E+00 0.0000E+00 0.0000E+00 0.0000E+00 0.0000E+00 0.0000E+00 0.0000E+00 0.0000E+00 0.0000E+00 0.0000E+00 0.0000E+00 0.0000E+00 0.0000E+00 0.0000E+00 0.0000E+00 0.0000E+00 6.8258E-13 1.5702E-11 4.4353E-11 8.5276E-11 1.5860E-10 3.1444E-10 4.6640E-10 6.2463E-10 8.0377E-10 1.0138E-09 1.2579E-09 1.5447E-09 1.8682E-09 2.2321E-09 2.6351E-09 3.0699E-09 3.5479E-09 4.0581E-09 4.6066E-09 5.1836E-09 5.7838E-09 6.4062E-09 7.0412E-09 7.6859E-09 8.3376E-09 8.9872E-09 9.6270E-09 1.0245E-08 1.0834E-08 1.1385E-08 1.1895E-08 1.2357E-08 1.2760E-08 1.3100E-08
0.0000E+00 0.0000E+00 0.0000E+00 0.0000E+00 0.0000E+00 0.0000E+00 0.0000E+00 0.0000E+00 0.0000E+00 0.0000E+00 0.0000E+00 0.0000E+00 0.0000E+00 0.0000E+00 0.0000E+00 0.0000E+00 0.0000E+00 0.0000E+00 0.0000E+00 0.0000E+00 0.0000E+00 0.0000E+00 0.0000E+00 8.0211E-12 3.2204E-11 7.4873E-11 1.2101E-10 2.4995E-10 4.2077E-10 5.7820E-10 7.6263E-10 9.7578E-10 1.2185E-09 1.4976E-09 1.8185E-09 2.1807E-09 2.5760E-09 3.0124E-09 3.4802E-09 3.9829E-09 4.5191E-09 5.0806E-09 5.6718E-09 6.2790E-09 6.9040E-09 7.5355E-09 8.1677E-09 8.7945E-09 9.4117E-09 1.0012E-08 1.0589E-08 1.1131E-08 1.1630E-08 1.2077E-08 1.2475E-08 1.2817E-08 1.3095E-08
0.0000E+00 0.0000E+00 0.0000E+00 0.0000E+00 0.0000E+00 0.0000E+00 0.0000E+00 0.0000E+00 0.0000E+00 0.0000E+00 0.0000E+00 0.0000E+00 0.0000E+00 0.0000E+00 0.0000E+00 0.0000E+00 0.0000E+00 0.0000E+00 0.0000E+00 0.0000E+00 0.0000E+00 0.0000E+00 2.3284E-12 2.1917E-11 7.2697E-11 1.2428E-10 2.1573E-10 3.9153E-10 5.5748E-10 7.4699E-10 9.6165E-10 1.2100E-09 1.4932E-09 1.8118E-09 2.1691E-09 2.5677E-09 3.0000E-09 3.4659E-09 3.9670E-09 4.4895E-09 5.0445E-09 5.6176E-09 6.2128E-09 6.8204E-09 7.4299E-09 8.0439E-09 8.6509E-09 9.2503E-09 9.8289E-09 1.0382E-08 1.0904E-08 1.1389E-08 1.1828E-08 1.2213E-08 1.2539E-08 1.2810E-08 1.3020E-08
0.0000E+00 0.0000E+00 0.0000E+00 0.0000E+00 0.0000E+00 0.0000E+00 0.0000E+00 0.0000E+00 0.0000E+00 0.0000E+00 0.0000E+00 0.0000E+00 0.0000E+00 0.0000E+00 0.0000E+00 0.0000E+00 0.0000E+00 0.0000E+00 0.0000E+00 0.0000E+00 0.0000E+00 1.3028E-13 1.2581E-11 4.4452E-11 1.1463E-10 1.7281E-10 3.2797E-10 5.1305E-10 6.9849E-10 9.2288E-10 1.1826E-09 1.4712E-09 1.7975E-09 2.1612E-09 2.5602E-09 2.9964E-09 3.4682E-09 3.9636E-09 4.4899E-09 5.0363E-09 5.6021E-09 6.1877E-09 6.7797E-09 7.3817E-09 7.9788E-09 8.5679E-09 9.1424E-09 9.6969E-09 1.0229E-08 1.0729E-08 1.1188E-08 1.1605E-08 1.1975E-08 1.2291E-08 1.2546E-08 1.2741E-08 1.2878E-08
0.0000E+00 0.0000E+00 0.0000E+00 0.0000E+00 0.0000E+00 0.0000E+00 0.0000E+00 0.0000E+00 0.0000E+00 0.0000E+00 0.0000E+00 0.0000E+00 0.0000E+00 0.0000E+00 0.0000E+00 0.0000E+00 0.0000E+00 0.0000E+00 0.0000E+00 0.0000E+00 0.0000E+00 5.7431E-12 3.2509E-11 1.0897E-10 1.7270E-10 2.9014E-10 4.9035E-10 6.7489E-10 9.0151E-10 1.1639E-09 1.4692E-09 1.8127E-09 2.1857E-09 2.5951E-09 3.0393E-09 3.5134E-09 4.0193E-09 4.5487E-09 5.0939E-09 5.6592E-09 6.2290E-09 6.8094E-09 7.3900E-09 7.9688E-09 8.5417E-09 9.0990E-09 9.6329E-09 1.0137E-08 1.0607E-08 1.1042E-08 1.1436E-08 1.1778E-08 1.2070E-08 1.2308E-08 1.2489E-08 1.2608E-08 1.2668E-08
0.0000E+00 0.0000E+00 0.0000E+00 0.0000E+00 0.0000E+00 0.0000E+00 0.0000E+00 0.0000E+00 0.0000E+00 0.0000E+00 0.0000E+00 0.0000E+00 0.0000E+00 0.0000E+00 0.0000E+00 0.0000E+00 0.0000E+00 0.0000E+00 0.0000E+00 0.0000E+00 2.4125E-12 2.1306E-11 5.9368E-11 1.6021E-10 2.3653E-10 4.3793E-10 6.3426E-10 8.5656E-10 1.1297E-09 1.4490E-09 1.8028E-09 2.2009E-09 2.6322E-09 3.0913E-09 3.5843E-09 4.1021E-09 4.6376E-09 5.1929E-09 5.7537E-09 6.3249E-09 6.8994E-09 7.4702E-09 8.0359E-09 8.5852E-09 9.1189E-09 9.6296E-09 1.0113E-08 1.0559E-08 1.0963E-08 1.1322E-08 1.1638E-08 1.1903E-08 1.2111E-08 1.2267E-08 1.2367E-08 1.2411E-08 1.2395E-08
0.0000E+00 0.0000E+00 0.0000E+00 0.0000E+00 0.0000E+00 0.0000E+00 0.0000E+00 0.0000E+00 0.0000E+00 0.0000E+00 0.0000E+00 0.0000E+00 0.0000E+00 0.0000E+00 0.0000E+00 0.0000E+00 0.0000E+00 0.0000E+00 0.0000E+00 8.7719E-13 1.3168E-11 4.4954E-11 1.4620E-10 2.2837E-10 3.9332E-10 6.1503E-10 8.3800E-10 1.1117E-09 1.4335E-09 1.8102E-09 2.2353E-09 2.6883E-09 3.1805E-09 3.6953E-09 4.2324E-09 4.7907E-09 5.3560E-09 5.9315E-09 6.5055E-09 7.0706E-09 7.6302E-09 8.1736E-09 8.7056E-09 9.2197E-09 9.7055E-09 1.0158E-08 1.0576E-08 1.0953E-08 1.1286E-08 1.1565E-08 1.1792E-08 1.1972E-08 1.2097E-08 1.2166E-08 1.2183E-08 1.2148E-08 1.2061E-08
0.0000E+00 0.0000E+00 0.0000E+00 0.0000E+00 0.0000E+00 0.0000E+00 0.0000E+00 0.0000E+00 0.0000E+00 0.0000E+00 0.0000E+00 0.0000E+00 0.0000E+00 0.0000E+00 0.0000E+00 0.0000E+00 0.0000E+00 0.0000E+00 0.0000E+00 9.4144E-12 3.0396E-11 7.2870E-11 2.0835E-10 3.2667E-10 5.6186E-10 7.9744E-10 1.0696E-09 1.4050E-09 1.7967E-09 2.2367E-09 2.7287E-09 3.2538E-09 3.8104E-09 4.3866E-09 4.9687E-09 5.5614E-09 6.1562E-09 6.7380E-09 7.3148E-09 7.8716E-09 8.4106E-09 8.9237E-09 9.4070E-09 9.8622E-09 1.0288E-08 1.0676E-08 1.1020E-08 1.1315E-08 1.1562E-08 1.1760E-08 1.1898E-08 1.1985E-08 1.2022E-08 1.2006E-08 1.1938E-08 1.1824E-08 1.1666E-08
0.0000E+00 0.0000E+00 0.0000E+00 0.0000E+00 0.0000E+00 0.0000E+00 0.0000E+00 0.0000E+00 0.0000E+00 0.0000E+00 0.0000E+00 0.0000E+00 0.0000E+00 0.0000E+00 0.0000E+00 0.0000E+00 0.0000E+00 0.0000E+00 4.3226E-12 2.1847E-11 5.6975E-11 1.8217E-10 3.0159E-10 5.1171E-10 7.7562E-10 1.0525E-09 1.3941E-09 1.7904E-09 2.2583E-09 2.7815E-09 3.3446E-09 3.9504E-09 4.5693E-09 5.2019E-09 5.8352E-09 6.4548E-09 7.0641E-09 7.6478E-09 8.2064E-09 8.7364E-09 9.2318E-09 9.7003E-09 1.0129E-08 1.0516E-08 1.0862E-08 1.1169E-08 1.1429E-08 1.1639E-08 1.1793E-08 1.1897E-08 1.1947E-08 1.1940E-08 1.1885E-08 1.1784E-08 1.1636E-08 1.1443E-08 1.1216E-08
0.0000E+00 0.0000E+00 0.0000E+00 0.0000E+00 0.0000E+00 0.0000E+00 0.0000E+00 0.0000E+00 0.0000E+00 0.0000E+00 0.0000E+00 0.0000E+00 0.0000E+00 0.0000E+00 0.0000E+00 0.0000E+00 0.0000E+00 2.8805E-13 1.6981E-11 4.0644E-11 8.4367E-11 2.6602E-10 4.4022E-10 7.1513E-10 1.0046E-09 1.3468E-09 1.7632E-09 2.2511E-09 2.7984E-09 3.4100E-09 4.0617E-09 4.7443E-09 5.4399E-09 6.1238E-09 6.7962E-09 7.4417E-09 8.0547E-09 8.6347E-09 9.1698E-09 9.6593E-09 1.0101E-08 1.0497E-08 1.0854E-08 1.1164E-08 1.1421E-08 1.1633E-08 1.1795E-08 1.1911E-08 1.1970E-08 1.1972E-08 1.1931E-08 1.1834E-08 1.1690E-08 1.1501E-08 1.1276E-08 1.1013E-08 1.0718E-08
0.0000E+00 0.0000E+00 0.0000E+00 0.0000E+00 0.0000E+00 0.0000E+00 0.0000E+00 0.0000E+00 0.0000E+00 0.0000E+00 0.0000E+00 0.0000E+00 0.0000E+00 0.0000E+00 0.0000E+00 0.0000E+00 0.0000E+00 7.1211E-12 3.1447E-11 6.6586E-11 2.1305E-10 3.8551E-10 6.4905E-10 9.5640E-10 1.3080E-09 1.7431E-09 2.2419E-09 2.8309E-09 3.4765E-09 4.1866E-09 4.9342E-09 5.6920E-09 6.4531E-09 7.1944E-09 7.8927E-09 8.5494E-09 9.1507E-09 9.7001E-09 1.0189E-08 1.0626E-08 1.1001E-08 1.1315E-08 1.1575E-08 1.1788E-08 1.1950E-08 1.2056E-08 1.2113E-08 1.2119E-08 1.2084E-08 1.1988E-08 1.1846E-08 1.1662E-08 1.1430E-08 1.1162E-08 1.0863E-08 1.0536E-08 1.0180E-08
