Assets/Resources/2015_m01_d13_0500(utc+0800)_l00_csi_1hr_conc.grd
DSAA
         159         159
     -79.000      79.000
     -79.000      79.000
  0.0000E+00  0.1523E-04
[rows 100 to 124 of 159, columns 0 to 56 of 159]
1.4979E-09 1.5464E-09 1.5919E-09 1.6358E-09 1.6766E-09 1.7150E-09 1.7511E-09 1.7853E-09 1.8184E-09 1.8483E-09 1.8751E-09 1.8987E-09 1.9199E-09 1.9407E-09 1.9572E-09 1.9746E-09 1.9881E-09 2.0043E-09 2.0178E-09 2.0308E-09 2.0485E-09 2.0670E-09 2.0860E-09 2.1082E-09 2.1370E-09 2.1671E-09 2.2023E-09 2.2453E-09 2.2914E-09 2.3407E-09 2.3982E-09 2.4585E-09 2.5228E-09 2.5951E-09 2.6697E-09 2.7473E-09 2.8316E-09 2.9123E-09 2.9928E-09 3.0700E-09 3.1404E-09 3.2066E-09 3.2737E-09 3.3204E-09 3.3597E-09 3.3965E-09 3.4205E-09 3.4143E-09 3.3864E-09 3.3539E-09 3.3012E-09 3.2207E-09 3.1131E-09 2.9827E-09 2.8401E-09 2.6904E-09 2.5239E-09
1.3557E-09 1.3983E-09 1.4377E-09 1.4741E-09 1.5081E-09 1.5399E-09 1.5697E-09 1.5973E-09 1.6222E-09 1.6460E-09 1.6675E-09 1.6861E-09 1.7026E-09 1.7152E-09 1.7286E-09 1.7378E-09 1.7465E-09 1.7559E-09 1.7640E-09 1.7733E-09 1.7807E-09 1.7945E-09 1.8079E-09 1.8209E-09 1.8411E-09 1.8654E-09 1.8908E-09 1.9200E-09 1.9549E-09 1.9910E-09 2.0318E-09 2.0786E-09 2.1265E-09 2.1799E-09 2.2393E-09 2.2983E-09 2.3604E-09 2.4227E-09 2.4807E-09 2.5394E-09 2.5962E-09 2.6433E-09 2.6828E-09 2.7186E-09 2.7423E-09 2.7537E-09 2.7536E-09 2.7479E-09 2.7130E-09 2.6568E-09 2.5844E-09 2.5102E-09 2.4139E-09 2.2936E-09 2.1678E-09 2.0393E-09 1.9061E-09
1.2259E-09 1.2605E-09 1.2943E-09 1.3260E-09 1.3538E-09 1.3794E-09 1.4032E-09 1.4246E-09 1.4444E-09 1.4607E-09 1.4766E-09 1.4899E-09 1.4998E-09 1.5096E-09 1.5171E-09 1.5233E-09 1.5282E-09 1.5303E-09 1.5365E-09 1.5397E-09 1.5441E-09 1.5495E-09 1.5594E-09 1.5685E-09 1.5787E-09 1.5972E-09 1.6165E-09 1.6351E-09 1.6583E-09 1.6852E-09 1.7125E-09 1.7451E-09 1.7822E-09 1.8202E-09 1.8629E-09 1.9075E-09 1.9512E-09 1.9962E-09 2.0435E-09 2.0838E-09 2.1234E-09 2.1588E-09 2.1834E-09 2.1933E-09 2.2090E-09 2.2116E-09 2.1938E-09 2.1579E-09 2.1273E-09 2.0801E-09 2.0089E-09 1.9222E-09 1.8278E-09 1.7360E-09 1.6529E-09 1.5467E-09 1.4370E-09
1.1057E-09 1.1357E-09 1.1617E-09 1.1874E-09 1.2124E-09 1.2327E-09 1.2508E-09 1.2680E-09 1.2826E-09 1.2949E-09 1.3043E-09 1.3129E-09 1.3181E-09 1.3216E-09 1.3246E-09 1.3278E-09 1.3285E-09 1.3297E-09 1.3297E-09 1.3319E-09 1.3338E-09 1.3335E-09 1.3373E-09 1.3446E-09 1.3513E-09 1.3593E-09 1.3735E-09 1.3872E-09 1.4002E-09 1.4176E-09 1.4375E-09 1.4577E-09 1.4824E-09 1.5100E-09 1.5379E-09 1.5687E-09 1.6031E-09 1.6350E-09 1.6678E-09 1.6977E-09 1.7208E-09 1.7414E-09 1.7556E-09 1.7585E-09 1.7544E-09 1.7479E-09 1.7293E-09 1.6979E-09 1.6548E-09 1.5948E-09 1.5399E-09 1.4709E-09 1.3937E-09 1.3144E-09 1.2303E-09 1.1400E-09 1.0462E-09
9.9406E-10 1.0199E-09 1.0427E-09 1.0627E-09 1.0804E-09 1.0984E-09 1.1131E-09 1.1260E-09 1.1364E-09 1.1442E-09 1.1504E-09 1.1544E-09 1.1565E-09 1.1575E-09 1.1571E-09 1.1561E-09 1.1551E-09 1.1510E-09 1.1471E-09 1.1446E-09 1.1423E-09 1.1384E-09 1.1363E-09 1.1432E-09 1.1489E-09 1.1531E-09 1.1593E-09 1.1695E-09 1.1780E-09 1.1860E-09 1.1975E-09 1.2109E-09 1.2244E-09 1.2424E-09 1.2638E-09 1.2840E-09 1.3066E-09 1.3294E-09 1.3504E-09 1.3667E-09 1.3808E-09 1.3923E-09 1.3918E-09 1.3896E-09 1.3821E-09 1.3643E-09 1.3380E-09 1.3137E-09 1.2726E-09 1.2202E-09 1.1587E-09 1.0953E-09 1.0349E-09 9.8860E-10 9.2055E-10 8.4573E-10 7.6841E-10
8.9518E-10 9.1455E-10 9.3337E-10 9.5123E-10 9.6481E-10 9.7589E-10 9.8684E-10 9.9775E-10 1.0053E-09 1.0114E-09 1.0152E-09 1.0166E-09 1.0150E-09 1.0127E-09 1.0086E-09 1.0037E-09 9.9969E-10 9.9489E-10 9.8704E-10 9.8060E-10 9.7903E-10 9.7393E-10 9.6845E-10 9.6341E-10 9.6406E-10 9.6577E-10 9.6823E-10 9.6953E-10 9.7789E-10 9.8260E-10 9.8709E-10 9.9631E-10 1.0065E-09 1.0167E-09 1.0301E-09 1.0443E-09 1.0570E-09 1.0688E-09 1.0825E-09 1.0917E-09 1.0957E-09 1.0983E-09 1.0929E-09 1.0824E-09 1.0677E-09 1.0521E-09 1.0243E-09 9.9578E-10 9.5270E-10 9.1364E-10 8.6867E-10 8.2015E-10 7.6895E-10 7.1292E-10 6.5152E-10 5.8767E-10 5.2406E-10
8.0160E-10 8.2037E-10 8.3507E-10 8.4765E-10 8.6039E-10 8.7112E-10 8.7828E-10 8.8384E-10 8.8922E-10 8.9299E-10 8.9366E-10 8.9248E-10 8.8997E-10 8.8500E-10 8.7979E-10 8.7205E-10 8.6419E-10 8.5858E-10 8.5105E-10 8.4120E-10 8.3180E-10 8.2542E-10 8.1677E-10 8.1085E-10 8.0713E-10 8.0642E-10 8.0485E-10 8.0266E-10 8.0278E-10 8.0537E-10 8.0749E-10 8.1024E-10 8.1676E-10 8.2550E-10 8.3413E-10 8.4018E-10 8.4755E-10 8.5378E-10 8.5937E-10 8.6299E-10 8.6204E-10 8.5427E-10 8.3942E-10 8.2820E-10 8.1349E-10 7.9311E-10 7.7222E-10 7.4555E-10 7.1074E-10 6.7328E-10 6.3472E-10 5.9372E-10 5.4644E-10 5.0564E-10 4.5567E-10 3.9606E-10 3.4334E-10
7.1589E-10 7.3126E-10 7.4495E-10 7.5669E-10 7.6466E-10 7.7247E-10 7.7996E-10 7.8530E-10 7.8757E-10 7.8817E-10 7.8775E-10 7.8695E-10 7.8181E-10 7.7631E-10 7.6821E-10 7.5923E-10 7.4844E-10 7.3715E-10 7.2859E-10 7.1688E-10 7.1035E-10 6.9726E-10 6.8903E-10 6.8161E-10 6.7368E-10 6.6740E-10 6.6363E-10 6.6083E-10 6.5961E-10 6.5876E-10 6.6032E-10 6.6264E-10 6.6307E-10 6.6533E-10 6.7017E-10 6.7384E-10 6.7534E-10 6.7694E-10 6.7479E-10 6.7066E-10 6.6222E-10 6.4809E-10 6.3195E-10 6.2192E-10 6.0612E-10 5.9134E-10 5.7081E-10 5.4302E-10 5.1420E-10 4.8669E-10 4.5269E-10 4.1577E-10 3.7785E-10 3.2932E-10 2.8564E-10 2.3918E-10 1.9827E-10
6.3815E-10 6.5117E-10 6.6136E-10 6.7088E-10 6.7926E-10 6.8599E-10 6.8950E-10 6.9318E-10 6.9585E-10 6.9672E-10 6.9469E-10 6.9052E-10 6.8549E-10 6.8125E-10 6.7266E-10 6.6380E-10 6.5239E-10 6.4142E-10 6.2784E-10 6.1405E-10 5.9985E-10 5.8424E-10 5.7567E-10 5.6777E-10 5.6079E-10 5.5362E-10 5.4505E-10 5.4135E-10 5.4046E-10 5.3740E-10 5.3512E-10 5.3445E-10 5.3570E-10 5.3594E-10 5.3602E-10 5.3150E-10 5.2764E-10 5.2349E-10 5.1771E-10 5.0925E-10 4.9197E-10 4.8145E-10 4.6910E-10 4.5587E-10 4.4283E-10 4.2445E-10 4.0730E-10 3.8647E-10 3.5996E-10 3.3175E-10 3.0334E-10 2.7226E-10 2.3317E-10 1.9950E-10 1.6970E-10 1.3764E-10 1.1170E-10
5.6505E-10 5.7628E-10 5.8562E-10 5.9341E-10 5.9967E-10 6.0551E-10 6.0963E-10 6.1290E-10 6.1255E-10 6.1156E-10 6.0978E-10 6.0752E-10 6.0236E-10 5.9501E-10 5.8682E-10 5.7568E-10 5.6571E-10 5.5480E-10 5.3884E-10 5.2545E-10 5.1350E-10 5.0067E-10 4.8918E-10 4.7796E-10 4.6896E-10 4.6047E-10 4.5258E-10 4.4487E-10 4.4114E-10 4.3624E-10 4.3224E-10 4.2573E-10 4.2391E-10 4.1968E-10 4.1676E-10 4.1042E-10 4.0128E-10 3.9746E-10 3.8796E-10 3.7497E-10 3.6164E-10 3.4397E-10 3.3894E-10 3.2632E-10 3.1399E-10 3.0080E-10 2.8184E-10 2.6285E-10 2.4162E-10 2.1835E-10 1.8321E-10 1.5405E-10 1.2907E-10 1.0399E-10 8.5978E-11 7.1863E-11 5.8168E-11
5.0291E-10 5.0960E-10 5.1593E-10 5.2249E-10 5.2766E-10 5.3240E-10 5.3552E-10 5.3750E-10 5.3875E-10 5.3845E-10 5.3494E-10 5.2924E-10 5.2377E-10 5.1575E-10 5.1024E-10 5.0060E-10 4.8846E-10 4.7473E-10 4.6228E-10 4.5100E-10 4.3814E-10 4.3001E-10 4.1829E-10 4.0482E-10 3.9413E-10 3.8406E-10 3.7509E-10 3.6720E-10 3.5648E-10 3.5188E-10 3.4278E-10 3.3887E-10 3.2843E-10 3.1603E-10 3.0323E-10 2.9605E-10 2.9471E-10 2.8598E-10 2.8098E-10 2.6678E-10 2.5425E-10 2.3970E-10 2.3182E-10 2.2106E-10 2.1153E-10 2.0093E-10 1.8354E-10 1.5980E-10 1.4457E-10 1.2100E-10 1.0068E-10 8.1484E-11 6.5925E-11 5.4731E-11 4.4526E-11 3.4746E-11 2.5706E-11
4.4292E-10 4.5021E-10 4.5619E-10 4.5954E-10 4.6326E-10 4.6576E-10 4.6813E-10 4.6866E-10 4.6810E-10 4.6701E-10 4.6380E-10 4.5963E-10 4.5497E-10 4.4734E-10 4.3911E-10 4.2706E-10 4.2123E-10 4.1012E-10 3.9938E-10 3.9027E-10 3.7729E-10 3.6539E-10 3.5446E-10 3.4191E-10 3.2972E-10 3.1945E-10 3.0589E-10 2.9651E-10 2.8375E-10 2.7060E-10 2.5786E-10 2.5284E-10 2.4914E-10 2.3656E-10 2.2334E-10 2.1550E-10 2.0237E-10 1.9483E-10 1.8160E-10 1.6844E-10 1.5636E-10 1.5213E-10 1.5186E-10 1.4282E-10 1.3201E-10 1.1696E-10 1.0545E-10 8.6787E-11 7.6358E-11 6.1245E-11 4.8427E-11 4.0437E-11 3.2489E-11 2.5774E-11 1.9983E-11 1.4761E-11 9.7488E-12
3.9013E-10 3.9456E-10 3.9858E-10 4.0173E-10 4.0448E-10 4.0432E-10 4.0401E-10 4.0563E-10 4.0403E-10 4.0265E-10 3.9924E-10 3.9630E-10 3.9280E-10 3.8419E-10 3.7944E-10 3.7104E-10 3.6178E-10 3.5458E-10 3.4437E-10 3.3342E-10 3.2102E-10 3.0999E-10 2.9804E-10 2.8841E-10 2.7348E-10 2.5704E-10 2.4272E-10 2.3116E-10 2.2377E-10 2.1115E-10 1.9987E-10 1.8581E-10 1.7246E-10 1.5954E-10 1.4679E-10 1.3752E-10 1.3127E-10 1.3218E-10 1.2444E-10 1.1105E-10 9.8695E-11 9.5277E-11 8.9494E-11 8.1912E-11 7.2443E-11 5.7745E-11 5.0698E-11 3.4863E-11 3.0138E-11 2.5688E-11 2.1263E-11 1.6809E-11 1.2651E-11 8.4950E-12 5.1266E-12 3.2222E-12 1.1752E-12
3.4030E-10 3.4432E-10 3.4574E-10 3.4641E-10 3.4682E-10 3.4939E-10 3.4956E-10 3.5049E-10 3.4852E-10 3.4601E-10 3.4427E-10 3.3980E-10 3.3676E-10 3.3108E-10 3.2386E-10 3.1932E-10 3.1348E-10 3.0407E-10 2.9407E-10 2.8356E-10 2.7279E-10 2.6321E-10 2.5019E-10 2.3523E-10 2.2432E-10 2.1101E-10 1.9436E-10 1.7672E-10 1.6189E-10 1.5128E-10 1.3774E-10 1.3034E-10 1.2486E-10 1.1776E-10 1.1162E-10 1.0308E-10 9.3015E-11 8.7239E-11 7.9879E-11 6.1910E-11 5.2904E-11 4.7884E-11 4.3048E-11 3.5575E-11 3.0830E-11 2.1506E-11 1.9049E-11 1.5801E-11 1.2741E-11 9.7705E-12 7.6809E-12 5.8047E-12 3.9344E-12 2.2132E-12 5.6622E-13 0.0000E+00 0.0000E+00
2.9485E-10 2.9617E-10 2.9697E-10 2.9973E-10 3.0086E-10 3.0081E-10 3.0014E-10 2.9943E-10 3.0039E-10 2.9909E-10 2.9735E-10 2.9448E-10 2.8943E-10 2.8368E-10 2.7955E-10 2.7216E-10 2.6412E-10 2.5549E-10 2.4611E-10 2.3786E-10 2.2840E-10 2.1561E-10 2.0492E-10 1.8999E-10 1.7534E-10 1.6373E-10 1.5089E-10 1.4006E-10 1.2672E-10 1.1490E-10 1.0479E-10 9.5345E-11 8.3641E-11 7.3215E-11 6.6058E-11 5.5869E-11 4.8096E-11 5.2318E-11 4.5515E-11 3.1180E-11 2.7789E-11 2.5136E-11 2.1334E-11 1.3456E-11 1.0111E-11 8.0100E-12 6.8442E-12 5.6522E-12 4.1843E-12 3.1853E-12 1.5102E-12 2.0277E-13 0.0000E+00 0.0000E+00 0.0000E+00 0.0000E+00 0.0000E+00
2.5552E-10 2.5664E-10 2.5758E-10 2.5870E-10 2.5937E-10 2.5948E-10 2.6052E-10 2.6116E-10 2.5967E-10 2.5787E-10 2.5520E-10 2.5171E-10 2.4851E-10 2.4400E-10 2.3766E-10 2.3074E-10 2.2310E-10 2.1605E-10 2.0934E-10 2.0121E-10 1.8968E-10 1.7943E-10 1.6852E-10 1.5500E-10 1.4478E-10 1.3150E-10 1.2113E-10 1.1252E-10 1.0485E-10 9.4985E-11 8.4606E-11 7.5776E-11 6.7987E-11 6.0663E-11 5.3918E-11 4.7104E-11 4.0672E-11 3.4581E-11 2.2042E-11 1.5242E-11 1.3110E-11 6.2021E-12 3.3021E-12 1.0857E-12 1.0402E-13 0.0000E+00 0.0000E+00 0.0000E+00 0.0000E+00 0.0000E+00 0.0000E+00 0.0000E+00 0.0000E+00 0.0000E+00 0.0000E+00 0.0000E+00 0.0000E+00
2.2277E-10 2.2479E-10 2.2611E-10 2.2665E-10 2.2711E-10 2.2706E-10 2.2635E-10 2.2513E-10 2.2345E-10 2.2166E-10 2.1888E-10 2.1786E-10 2.1386E-10 2.0871E-10 2.0314E-10 1.9695E-10 1.9034E-10 1.8317E-10 1.7566E-10 1.6736E-10 1.5877E-10 1.4724E-10 1.3871E-10 1.2987E-10 1.2095E-10 1.1174E-10 1.0196E-10 9.2442E-11 8.4758E-11 7.8054E-11 6.9894E-11 6.2528E-11 5.3483E-11 4.8482E-11 4.2103E-11 3.4272E-11 3.0560E-11 2.3522E-11 1.0999E-11 9.1276E-12 6.2019E-12 3.3426E-12 1.1695E-12 1.3492E-13 0.0000E+00 0.0000E+00 0.0000E+00 0.0000E+00 0.0000E+00 0.0000E+00 0.0000E+00 0.0000E+00 0.0000E+00 0.0000E+00 0.0000E+00 0.0000E+00 0.0000E+00
1.9658E-10 1.9794E-10 1.9868E-10 1.9899E-10 1.9913E-10 1.9872E-10 1.9747E-10 1.9588E-10 1.9418E-10 1.9275E-10 1.8980E-10 1.8746E-10 1.8356E-10 1.7903E-10 1.7377E-10 1.6770E-10 1.6104E-10 1.5377E-10 1.4618E-10 1.3888E-10 1.3156E-10 1.2456E-10 1.1680E-10 1.0895E-10 1.0119E-10 9.3307E-11 8.6000E-11 7.9519E-11 7.3039E-11 6.6380E-11 6.0569E-11 5.2155E-11 4.5721E-11 4.1415E-11 3.4020E-11 2.8793E-11 2.3892E-11 1.7858E-11 8.9839E-12 6.0279E-12 3.2346E-12 1.1608E-12 1.3871E-13 0.0000E+00 0.0000E+00 0.0000E+00 0.0000E+00 0.0000E+00 0.0000E+00 0.0000E+00 0.0000E+00 0.0000E+00 0.0000E+00 0.0000E+00 0.0000E+00 0.0000E+00 0.0000E+00
1.7337E-10 1.7436E-10 1.7486E-10 1.7527E-10 1.7488E-10 1.7402E-10 1.7305E-10 1.7163E-10 1.6984E-10 1.6743E-10 1.6462E-10 1.6125E-10 1.5799E-10 1.5387E-10 1.4910E-10 1.4368E-10 1.3797E-10 1.3234E-10 1.2653E-10 1.2007E-10 1.1337E-10 1.0671E-10 9.9856E-11 9.3192E-11 8.7285E-11 8.1468E-11 7.5772E-11 7.0225E-11 6.3386E-11 5.6780E-11 5.0599E-11 4.4589E-11 3.8896E-11 3.3548E-11 2.8565E-11 2.2258E-11 1.8079E-11 1.0266E-11 5.6761E-12 2.9727E-12 1.0539E-12 1.1346E-13 0.0000E+00 0.0000E+00 0.0000E+00 0.0000E+00 0.0000E+00 0.0000E+00 0.0000E+00 0.0000E+00 0.0000E+00 0.0000E+00 0.0000E+00 0.0000E+00 0.0000E+00 0.0000E+00 0.0000E+00
1.5194E-10 1.5273E-10 1.5295E-10 1.5268E-10 1.5364E-10 1.5268E-10 1.5145E-10 1.4994E-10 1.4810E-10 1.4595E-10 1.4360E-10 1.4057E-10 1.3740E-10 1.3355E-10 1.2943E-10 1.2508E-10 1.1984E-10 1.1428E-10 1.0862E-10 1.0342E-10 9.8159E-11 9.2854E-11 8.7496E-11 8.1406E-11 7.5517E-11 7.0445E-11 6.5482E-11 6.0654E-11 5.4622E-11 4.8460E-11 4.3264E-11 3.6267E-11 3.2913E-11 2.8191E-11 2.2179E-11 1.8037E-11 1.3370E-11 5.1480E-12 2.7030E-12 8.5956E-13 5.8064E-14 0.0000E+00 0.0000E+00 0.0000E+00 0.0000E+00 0.0000E+00 0.0000E+00 0.0000E+00 0.0000E+00 0.0000E+00 0.0000E+00 0.0000E+00 0.0000E+00 0.0000E+00 0.0000E+00 0.0000E+00 0.0000E+00
1.3417E-10 1.3484E-10 1.3499E-10 1.3470E-10 1.3408E-10 1.3315E-10 1.3201E-10 1.3061E-10 1.2896E-10 1.2704E-10 1.2481E-10 1.2240E-10 1.1943E-10 1.1634E-10 1.1269E-10 1.0899E-10 1.0476E-10 1.0037E-10 9.5758E-11 9.0445E-11 8.5156E-11 8.0425E-11 7.5779E-11 7.0992E-11 6.4840E-11 5.9209E-11 5.6294E-11 5.0307E-11 4.5613E-11 4.1639E-11 3.5282E-11 3.0537E-11 2.6015E-11 2.1986E-11 1.7856E-11 1.2881E-11 6.1356E-12 2.3175E-12 6.8190E-13 0.0000E+00 0.0000E+00 0.0000E+00 0.0000E+00 0.0000E+00 0.0000E+00 0.0000E+00 0.0000E+00 0.0000E+00 0.0000E+00 0.0000E+00 0.0000E+00 0.0000E+00 0.0000E+00 0.0000E+00 0.0000E+00 0.0000E+00 0.0000E+00
1.1691E-10 1.1744E-10 1.1750E-10 1.1716E-10 1.1654E-10 1.1565E-10 1.1511E-10 1.1444E-10 1.1314E-10 1.1141E-10 1.0926E-10 1.0677E-10 1.0407E-10 1.0087E-10 9.7793E-11 9.4397E-11 9.0964E-11 8.7098E-11 8.3130E-11 7.9085E-11 7.4048E-11 6.8575E-11 6.3921E-11 5.9967E-11 5.6065E-11 5.2233E-11 4.8493E-11 4.3329E-11 3.8355E-11 3.4157E-11 2.9736E-11 2.3979E-11 2.0105E-11 1.7374E-11 1.2212E-11 8.7639E-12 1.9341E-12 4.3733E-13 0.0000E+00 0.0000E+00 0.0000E+00 0.0000E+00 0.0000E+00 0.0000E+00 0.0000E+00 0.0000E+00 0.0000E+00 0.0000E+00 0.0000E+00 0.0000E+00 0.0000E+00 0.0000E+00 0.0000E+00 0.0000E+00 0.0000E+00 0.0000E+00 0.0000E+00
1.0146E-10 1.0186E-10 1.0184E-10 1.0299E-10 1.0240E-10 1.0159E-10 1.0064E-10 9.9496E-11 9.8181E-11 9.6685E-11 9.4955E-11 9.3002E-11 9.0842E-11 8.8541E-11 8.5658E-11 8.2003E-11 7.7762E-11 7.3881E-11 7.0447E-11 6.6956E-11 6.3430E-11 5.9564E-11 5.5329E-11 5.1475E-11 4.8091E-11 4.4773E-11 4.1537E-11 3.7136E-11 3.2417E-11 2.8753E-11 2.3452E-11 1.9636E-11 1.4959E-11 1.1328E-11 8.3794E-12 4.4142E-12 2.4176E-13 0.0000E+00 0.0000E+00 0.0000E+00 0.0000E+00 0.0000E+00 0.0000E+00 0.0000E+00 0.0000E+00 0.0000E+00 0.0000E+00 0.0000E+00 0.0000E+00 0.0000E+00 0.0000E+00 0.0000E+00 0.0000E+00 0.0000E+00 0.0000E+00 0.0000E+00 0.0000E+00
8.7938E-11 8.8240E-11 8.8172E-11 8.7797E-11 8.7198E-11 8.6425E-11 8.5528E-11 8.4487E-11 8.3314E-11 8.1995E-11 8.0484E-11 7.8789E-11 7.6924E-11 7.4901E-11 7.2750E-11 7.0304E-11 6.7771E-11 6.4551E-11 6.1087E-11 5.7628E-11 5.4556E-11 5.1476E-11 4.7750E-11 4.3306E-11 3.9697E-11 3.6912E-11 3.3495E-11 3.0123E-11 2.6124E-11 2.2829E-11 1.8716E-11 1.3638E-11 1.0472E-11 7.8266E-12 5.7005E-12 2.9317E-14 0.0000E+00 0.0000E+00 0.0000E+00 0.0000E+00 0.0000E+00 0.0000E+00 0.0000E+00 0.0000E+00 0.0000E+00 0.0000E+00 0.0000E+00 0.0000E+00 0.0000E+00 0.0000E+00 0.0000E+00 0.0000E+00 0.0000E+00 0.0000E+00 0.0000E+00 0.0000E+00 0.0000E+00
7.5859E-11 7.6082E-11 7.5973E-11 7.5596E-11 7.5023E-11 7.4874E-11 7.4423E-11 7.3573E-11 7.2459E-11 7.1114E-11 6.9541E-11 6.7769E-11 6.5966E-11 6.4220E-11 6.2486E-11 6.0363E-11 5.8294E-11 5.5848E-11 5.3456E-11 4.9379E-11 4.5459E-11 4.2716E-11 4.0121E-11 3.7554E-11 3.5030E-11 3.2560E-11 2.8579E-11 2.4350E-11 2.0478E-11 1.6954E-11 1.2369E-11 9.5158E-12 7.3148E-12 5.3887E-12 4.3993E-12 0.0000E+00 0.0000E+00 0.0000E+00 0.0000E+00 0.0000E+00 0.0000E+00 0.0000E+00 0.0000E+00 0.0000E+00 0.0000E+00 0.0000E+00 0.0000E+00 0.0000E+00 0.0000E+00 0.0000E+00 0.0000E+00 0.0000E+00 0.0000E+00 0.0000E+00 0.0000E+00 0.0000E+00 0.0000E+00
