Assets/Resources/2015_m01_d02_1700(utc+0800)_l00_csi_1hr_conc.grd
DSAA
         159         159
     -79.000      79.000
     -79.000      79.000
  0.0000E+00  0.2256E-05
[rows 0 to 24 of 159, columns 57 to 113 of 159]
3.0616E-09 2.9619E-09 2.8552E-09 2.7425E-09 2.6250E-09 2.5038E-09 2.3801E-09 2.2549E-09 2.1290E-09 2.0030E-09 1.8785E-09 1.7567E-09 1.6382E-09 1.5224E-09 1.4105E-09 1.3039E-09 1.2019E-09 1.1041E-09 1.0121E-09 9.2463E-10 8.4044E-10 7.6346E-10 6.9026E-10 6.2284E-10 5.6065E-10 5.0526E-10 4.5475E-10 4.0822E-10 3.6549E-10 3.2635E-10 2.9022E-10 2.5488E-10 2.1992E-10 1.9028E-10 1.6190E-10 1.4146E-10 1.2325E-10 1.0770E-10 9.3168E-11 8.0765E-11 6.9328E-11 5.9539E-11 5.0653E-11 4.3396E-11 3.5701E-11 3.0064E-11 2.3264E-11 1.7211E-11 1.3882E-11 9.1559E-12 5.9704E-12 3.2683E-12 9.7580E-13 0.0000E+00 0.0000E+00 0.0000E+00 0.0000E+00
3.2126E-09 3.1060E-09 2.9921E-09 2.8719E-09 2.7469E-09 2.6177E-09 2.4856E-09 2.3522E-09 2.2188E-09 2.0866E-09 1.9556E-09 1.8265E-09 1.7009E-09 1.5799E-09 1.4627E-09 1.3499E-09 1.2428E-09 1.1413E-09 1.0445E-09 9.5375E-10 8.6783E-10 7.8568E-10 7.1081E-10 6.4005E-10 5.7520E-10 5.1624E-10 4.6420E-10 4.1643E-10 3.7259E-10 3.3250E-10 2.9593E-10 2.5971E-10 2.2348E-10 1.9327E-10 1.6443E-10 1.4343E-10 1.2515E-10 1.0906E-10 9.4549E-11 8.1717E-11 7.0286E-11 6.0187E-11 5.1276E-11 4.3745E-11 3.5960E-11 3.0268E-11 2.3397E-11 1.7288E-11 1.3941E-11 9.1836E-12 5.9842E-12 3.2763E-12 9.8117E-13 0.0000E+00 0.0000E+00 0.0000E+00 0.0000E+00
3.3590E-09 3.2456E-09 3.1245E-09 2.9970E-09 2.8644E-09 2.7281E-09 2.5893E-09 2.4488E-09 2.3076E-09 2.1673E-09 2.0294E-09 1.8947E-09 1.7626E-09 1.6346E-09 1.5119E-09 1.3946E-09 1.2820E-09 1.1755E-09 1.0755E-09 9.8052E-10 8.9191E-10 8.0805E-10 7.2871E-10 6.5654E-10 5.8898E-10 5.2703E-10 4.7224E-10 4.2334E-10 3.7853E-10 3.3758E-10 3.0028E-10 2.6334E-10 2.2641E-10 1.9556E-10 1.6654E-10 1.4499E-10 1.2658E-10 1.1020E-10 9.5525E-11 8.2517E-11 7.0953E-11 6.0720E-11 5.1716E-11 4.4039E-11 3.6110E-11 3.0381E-11 2.3461E-11 1.7314E-11 1.3958E-11 9.1842E-12 5.9804E-12 3.2748E-12 9.8384E-13 0.0000E+00 0.0000E+00 0.0000E+00 0.0000E+00
3.5070E-09 3.3863E-09 3.2577E-09 3.1224E-09 2.9819E-09 2.8371E-09 2.6899E-09 2.5416E-09 2.3939E-09 2.2468E-09 2.1013E-09 1.9590E-09 1.8213E-09 1.6879E-09 1.5589E-09 1.4358E-09 1.3194E-09 1.2081E-09 1.1033E-09 1.0057E-09 9.1332E-10 8.2769E-10 7.4633E-10 6.7075E-10 6.0145E-10 5.3740E-10 4.7917E-10 4.2885E-10 3.8320E-10 3.4153E-10 3.0361E-10 2.6595E-10 2.2859E-10 1.9706E-10 1.6813E-10 1.4605E-10 1.2765E-10 1.1090E-10 9.6191E-11 8.3015E-11 7.1385E-11 6.1055E-11 5.1985E-11 4.4195E-11 3.6151E-11 3.0402E-11 2.3453E-11 1.7288E-11 1.3933E-11 9.1575E-12 5.9590E-12 3.2638E-12 9.8380E-13 0.0000E+00 0.0000E+00 0.0000E+00 0.0000E+00
3.6517E-09 3.5237E-09 3.3874E-09 3.2444E-09 3.0961E-09 2.9440E-09 2.7892E-09 2.6327E-09 2.4765E-09 2.3221E-09 2.1706E-09 2.0217E-09 1.8768E-09 1.7372E-09 1.6037E-09 1.4751E-09 1.3530E-09 1.2384E-09 1.1295E-09 1.0275E-09 9.3292E-10 8.4399E-10 7.6187E-10 6.8365E-10 6.1212E-10 5.4644E-10 4.8600E-10 4.3291E-10 3.8654E-10 3.4429E-10 3.0588E-10 2.6761E-10 2.2980E-10 1.9794E-10 1.6908E-10 1.4679E-10 1.2824E-10 1.1138E-10 9.6521E-11 8.3286E-11 7.1492E-11 6.1196E-11 5.2057E-11 4.4211E-11 3.6083E-11 3.0331E-11 2.3376E-11 1.7211E-11 1.3868E-11 9.1038E-12 5.9203E-12 3.2434E-12 9.8103E-13 0.0000E+00 0.0000E+00 0.0000E+00 0.0000E+00
3.7927E-09 3.6572E-09 3.5132E-09 3.3623E-09 3.2061E-09 3.0461E-09 2.8837E-09 2.7204E-09 2.5571E-09 2.3949E-09 2.2354E-09 2.0805E-09 1.9300E-09 1.7840E-09 1.6442E-09 1.5116E-09 1.3848E-09 1.2650E-09 1.1532E-09 1.0476E-09 9.4927E-10 8.5857E-10 7.7371E-10 6.9518E-10 6.2105E-10 5.5375E-10 4.9215E-10 4.3607E-10 3.8848E-10 3.4577E-10 3.0702E-10 2.6834E-10 2.3021E-10 1.9817E-10 1.6947E-10 1.4709E-10 1.2841E-10 1.1150E-10 9.6536E-11 8.3303E-11 7.1368E-11 6.1181E-11 5.1900E-11 4.4085E-11 3.5906E-11 3.0169E-11 2.3228E-11 1.7082E-11 1.3761E-11 9.0236E-12 5.8646E-12 3.2137E-12 9.7557E-13 0.0000E+00 0.0000E+00 0.0000E+00 0.0000E+00
3.9305E-09 3.7873E-09 3.6355E-09 3.4766E-09 3.3123E-09 3.1443E-09 2.9740E-09 2.8030E-09 2.6326E-09 2.4641E-09 2.2979E-09 2.1354E-09 1.9783E-09 1.8276E-09 1.6823E-09 1.5438E-09 1.4133E-09 1.2896E-09 1.1731E-09 1.0651E-09 9.6382E-10 8.6995E-10 7.8372E-10 7.0353E-10 6.2881E-10 5.5949E-10 4.9664E-10 4.3914E-10 3.8899E-10 3.4598E-10 3.0700E-10 2.6812E-10 2.2983E-10 1.9772E-10 1.6917E-10 1.4695E-10 1.2807E-10 1.1125E-10 9.6232E-11 8.3053E-11 7.1014E-11 6.0938E-11 5.1571E-11 4.3817E-11 3.5622E-11 2.9917E-11 2.3012E-11 1.6904E-11 1.3614E-11 8.9177E-12 5.7924E-12 3.1751E-12 9.6746E-13 0.0000E+00 0.0000E+00 0.0000E+00 0.0000E+00
4.0660E-09 3.9142E-09 3.7536E-09 3.5866E-09 3.4143E-09 3.2382E-09 3.0600E-09 2.8812E-09 2.7033E-09 2.5276E-09 2.3553E-09 2.1872E-09 2.0236E-09 1.8663E-09 1.7166E-09 1.5736E-09 1.4378E-09 1.3107E-09 1.1911E-09 1.0791E-09 9.7585E-10 8.7946E-10 7.9085E-10 7.0954E-10 6.3430E-10 5.6384E-10 4.9947E-10 4.4141E-10 3.8884E-10 3.4492E-10 3.0585E-10 2.6688E-10 2.2862E-10 1.9658E-10 1.6827E-10 1.4624E-10 1.2739E-10 1.1055E-10 9.5591E-11 8.2453E-11 7.0429E-11 6.0483E-11 5.1071E-11 4.3408E-11 3.5233E-11 2.9577E-11 2.2730E-11 1.6677E-11 1.3430E-11 8.7870E-12 5.7043E-12 3.1279E-12 9.5676E-13 0.0000E+00 0.0000E+00 0.0000E+00 0.0000E+00
4.1979E-09 4.0386E-09 3.8694E-09 3.6931E-09 3.5116E-09 3.3272E-09 3.1410E-09 2.9546E-09 2.7693E-09 2.5865E-09 2.4075E-09 2.2333E-09 2.0649E-09 1.9022E-09 1.7465E-09 1.5992E-09 1.4599E-09 1.3282E-09 1.2056E-09 1.0911E-09 9.8449E-10 8.8677E-10 7.9594E-10 7.1315E-10 6.3717E-10 5.6654E-10 5.0118E-10 4.4203E-10 3.8850E-10 3.4265E-10 3.0362E-10 2.6470E-10 2.2658E-10 1.9474E-10 1.6677E-10 1.4502E-10 1.2627E-10 1.0949E-10 9.4661E-11 8.1584E-11 6.9618E-11 5.9768E-11 5.0403E-11 4.2861E-11 3.4744E-11 2.9153E-11 2.2384E-11 1.6404E-11 1.3208E-11 8.6327E-12 5.6012E-12 3.0724E-12 9.4357E-13 0.0000E+00 0.0000E+00 0.0000E+00 0.0000E+00
4.3235E-09 4.1560E-09 3.9795E-09 3.7958E-09 3.6058E-09 3.4122E-09 3.2170E-09 3.0228E-09 2.8302E-09 2.6404E-09 2.4549E-09 2.2746E-09 2.1006E-09 1.9336E-09 1.7736E-09 1.6211E-09 1.4778E-09 1.3434E-09 1.2169E-09 1.1000E-09 9.9142E-10 8.9092E-10 7.9928E-10 7.1452E-10 6.3791E-10 5.6738E-10 5.0150E-10 4.4141E-10 3.8752E-10 3.3975E-10 3.0029E-10 2.6158E-10 2.2249E-10 1.9110E-10 1.6462E-10 1.4321E-10 1.2469E-10 1.0805E-10 9.3399E-11 8.0462E-11 6.8585E-11 5.8813E-11 4.9571E-11 4.2179E-11 3.4157E-11 2.8648E-11 2.1977E-11 1.6088E-11 1.2951E-11 8.4560E-12 5.4839E-12 3.0092E-12 9.2799E-13 0.0000E+00 0.0000E+00 0.0000E+00 0.0000E+00
4.4461E-09 4.2693E-09 4.0835E-09 3.8907E-09 3.6934E-09 3.4927E-09 3.2895E-09 3.0865E-09 2.8856E-09 2.6892E-09 2.4973E-09 2.3111E-09 2.1316E-09 1.9596E-09 1.7957E-09 1.6401E-09 1.4924E-09 1.3544E-09 1.2260E-09 1.1058E-09 9.9549E-10 8.9338E-10 7.9974E-10 7.1449E-10 6.3632E-10 5.6588E-10 5.0027E-10 4.3982E-10 3.8517E-10 3.3648E-10 2.9598E-10 2.5753E-10 2.1891E-10 1.8793E-10 1.6186E-10 1.4084E-10 1.2265E-10 1.0623E-10 9.1793E-11 7.9067E-11 6.7335E-11 5.7650E-11 4.8580E-11 4.1367E-11 3.3480E-11 2.8068E-11 2.1513E-11 1.5731E-11 1.2662E-11 8.2585E-12 5.3534E-12 2.9387E-12 9.1014E-13 0.0000E+00 0.0000E+00 0.0000E+00 0.0000E+00
4.5615E-09 4.3771E-09 4.1833E-09 3.9816E-09 3.7749E-09 3.5652E-09 3.3553E-09 3.1459E-09 2.9374E-09 2.7329E-09 2.5343E-09 2.3425E-09 2.1579E-09 1.9812E-09 1.8130E-09 1.6540E-09 1.5040E-09 1.3625E-09 1.2310E-09 1.1095E-09 9.9646E-10 8.9343E-10 7.9834E-10 7.1202E-10 6.3334E-10 5.6213E-10 4.9745E-10 4.3680E-10 3.8177E-10 3.3239E-10 2.9080E-10 2.5258E-10 2.1457E-10 1.8410E-10 1.5855E-10 1.3797E-10 1.2015E-10 1.0399E-10 8.9852E-11 7.7394E-11 6.5855E-11 5.6279E-11 4.7438E-11 4.0429E-11 3.2717E-11 2.7416E-11 2.0996E-11 1.5336E-11 1.2343E-11 8.0419E-12 5.2108E-12 2.8616E-12 8.9017E-13 0.0000E+00 0.0000E+00 0.0000E+00 0.0000E+00
4.6700E-09 4.4767E-09 4.2747E-09 4.0656E-09 3.8514E-09 3.6334E-09 3.4145E-09 3.1971E-09 2.9831E-09 2.7725E-09 2.5670E-09 2.3686E-09 2.1790E-09 1.9979E-09 1.8259E-09 1.6633E-09 1.5106E-09 1.3676E-09 1.2333E-09 1.1095E-09 9.9559E-10 8.9041E-10 7.9507E-10 7.0741E-10 6.2860E-10 5.5672E-10 4.9243E-10 4.3253E-10 3.7729E-10 3.2716E-10 2.8491E-10 2.4675E-10 2.0705E-10 1.7745E-10 1.5367E-10 1.3462E-10 1.1720E-10 1.0138E-10 8.7565E-11 7.5454E-11 6.4134E-11 5.4693E-11 4.6144E-11 3.9372E-11 3.1875E-11 2.6699E-11 2.0430E-11 1.4906E-11 1.1996E-11 7.8078E-12 5.0572E-12 2.7785E-12 8.6824E-13 0.0000E+00 0.0000E+00 0.0000E+00 0.0000E+00
4.7736E-09 4.5711E-09 4.3596E-09 4.1412E-09 3.9191E-09 3.6944E-09 3.4687E-09 3.2435E-09 3.0215E-09 2.8052E-09 2.5951E-09 2.3908E-09 2.1951E-09 2.0098E-09 1.8342E-09 1.6685E-09 1.5131E-09 1.3680E-09 1.2329E-09 1.1069E-09 9.9158E-10 8.8574E-10 7.8898E-10 7.0146E-10 6.2169E-10 5.5017E-10 4.8548E-10 4.2697E-10 3.7146E-10 3.2098E-10 2.7795E-10 2.3621E-10 2.0138E-10 1.7250E-10 1.4935E-10 1.3080E-10 1.1385E-10 9.8448E-11 8.4936E-11 7.3240E-11 6.2185E-11 5.2880E-11 4.4813E-11 3.8194E-11 3.0961E-11 2.5922E-11 1.9820E-11 1.4445E-11 1.1624E-11 7.5583E-12 4.8939E-12 2.6900E-12 8.4450E-13 0.0000E+00 0.0000E+00 0.0000E+00 0.0000E+00
4.8677E-09 4.6579E-09 4.4387E-09 4.2117E-09 3.9803E-09 3.7468E-09 3.5143E-09 3.2835E-09 3.0552E-09 2.8318E-09 2.6155E-09 2.4079E-09 2.2077E-09 2.0171E-09 1.8378E-09 1.6694E-09 1.5116E-09 1.3646E-09 1.2282E-09 1.1020E-09 9.8486E-10 8.7857E-10 7.8121E-10 6.9319E-10 6.1347E-10 5.4179E-10 4.7727E-10 4.1959E-10 3.6465E-10 3.1357E-10 2.7003E-10 2.2898E-10 1.9509E-10 1.6701E-10 1.4458E-10 1.2657E-10 1.1008E-10 9.5213E-11 8.2073E-11 7.0602E-11 6.0012E-11 5.0994E-11 4.3291E-11 3.6890E-11 2.9971E-11 2.5092E-11 1.9170E-11 1.3957E-11 1.1230E-11 7.2953E-12 4.7221E-12 2.5968E-12 8.1915E-13 0.0000E+00 0.0000E+00 0.0000E+00 0.0000E+00
4.9538E-09 4.7348E-09 4.5076E-09 4.2737E-09 4.0355E-09 3.7940E-09 3.5531E-09 3.3148E-09 3.0815E-09 2.8534E-09 2.6313E-09 2.4177E-09 2.2149E-09 2.0209E-09 1.8373E-09 1.6659E-09 1.5062E-09 1.3575E-09 1.2200E-09 1.0932E-09 9.7629E-10 8.6866E-10 7.7164E-10 6.8302E-10 6.0374E-10 5.3193E-10 4.6803E-10 4.1064E-10 3.5656E-10 3.0505E-10 2.6115E-10 2.2104E-10 1.8461E-10 1.5776E-10 1.3937E-10 1.2195E-10 1.0596E-10 9.1689E-11 7.8976E-11 6.7699E-11 5.7625E-11 4.9103E-11 4.1570E-11 3.5461E-11 2.8901E-11 2.4203E-11 1.8487E-11 1.3446E-11 1.0818E-11 7.0208E-12 4.5431E-12 2.4995E-12 7.9236E-13 0.0000E+00 0.0000E+00 0.0000E+00 0.0000E+00
5.0531E-09 4.8243E-09 4.5864E-09 4.3423E-09 4.0951E-09 3.8465E-09 3.5982E-09 3.3518E-09 3.1101E-09 2.8759E-09 2.6496E-09 2.4307E-09 2.2217E-09 2.0235E-09 1.8350E-09 1.6588E-09 1.4968E-09 1.3470E-09 1.2085E-09 1.0812E-09 9.6457E-10 8.5728E-10 7.5956E-10 6.7170E-10 5.9215E-10 5.2113E-10 4.5738E-10 4.0057E-10 3.4681E-10 2.9551E-10 2.4443E-10 2.0742E-10 1.7736E-10 1.5148E-10 1.3378E-10 1.1697E-10 1.0152E-10 8.7926E-11 7.5544E-11 6.4557E-11 5.5097E-11 4.6784E-11 3.9697E-11 3.3907E-11 2.7756E-11 2.3252E-11 1.7762E-11 1.2914E-11 1.0391E-11 6.7367E-12 4.3582E-12 2.3990E-12 7.6433E-13 0.0000E+00 0.0000E+00 0.0000E+00 0.0000E+00
5.1335E-09 4.8969E-09 4.6514E-09 4.3985E-09 4.1420E-09 3.8845E-09 3.6293E-09 3.3775E-09 3.1298E-09 2.8886E-09 2.6566E-09 2.4349E-09 2.2225E-09 2.0205E-09 1.8302E-09 1.6507E-09 1.4843E-09 1.3330E-09 1.1940E-09 1.0664E-09 9.4975E-10 8.4356E-10 7.4606E-10 6.5837E-10 5.7940E-10 5.0888E-10 4.4572E-10 3.8944E-10 3.3590E-10 2.8516E-10 2.3642E-10 1.9859E-10 1.6968E-10 1.4482E-10 1.2776E-10 1.1169E-10 9.6785E-11 8.3752E-11 7.1880E-11 6.1413E-11 5.2218E-11 4.4267E-11 3.7694E-11 3.2353E-11 2.6535E-11 2.2245E-11 1.6992E-11 1.2354E-11 9.9484E-12 6.4453E-12 4.1688E-12 2.2959E-12 7.3525E-13 0.0000E+00 0.0000E+00 0.0000E+00 0.0000E+00
5.1974E-09 4.9528E-09 4.6994E-09 4.4399E-09 4.1771E-09 3.9123E-09 3.6492E-09 3.3906E-09 3.1386E-09 2.8936E-09 2.6564E-09 2.4297E-09 2.2155E-09 2.0119E-09 1.8198E-09 1.6402E-09 1.4713E-09 1.3160E-09 1.1764E-09 1.0489E-09 9.3256E-10 8.2695E-10 7.3105E-10 6.4347E-10 5.6554E-10 4.9544E-10 4.3308E-10 3.7735E-10 3.2414E-10 2.7608E-10 2.2620E-10 1.8934E-10 1.6052E-10 1.3785E-10 1.2143E-10 1.0615E-10 9.1999E-11 7.9229E-11 6.8016E-11 5.8252E-11 4.9150E-11 4.1736E-11 3.5792E-11 3.0756E-11 2.5236E-11 2.1178E-11 1.6182E-11 1.1761E-11 9.4878E-12 6.1454E-12 3.9761E-12 2.1909E-12 7.0533E-13 0.0000E+00 0.0000E+00 0.0000E+00 0.0000E+00
5.2522E-09 4.9998E-09 4.7387E-09 4.4718E-09 4.2020E-09 3.9318E-09 3.6634E-09 3.3983E-09 3.1398E-09 2.8908E-09 2.6513E-09 2.4208E-09 2.2022E-09 1.9976E-09 1.8046E-09 1.6239E-09 1.4563E-09 1.2992E-09 1.1561E-09 1.0287E-09 9.1306E-10 8.0823E-10 7.1362E-10 6.2765E-10 5.5015E-10 4.8121E-10 4.1931E-10 3.6450E-10 3.1300E-10 2.6593E-10 2.0865E-10 1.7363E-10 1.4777E-10 1.3067E-10 1.1485E-10 1.0040E-10 8.6936E-11 7.4525E-11 6.3924E-11 5.4805E-11 4.6239E-11 3.9281E-11 3.3813E-11 2.9099E-11 2.3885E-11 2.0055E-11 1.5330E-11 1.1141E-11 9.0001E-12 5.8332E-12 3.7778E-12 2.0847E-12 6.7476E-13 0.0000E+00 0.0000E+00 0.0000E+00 0.0000E+00
5.2977E-09 5.0376E-09 4.7691E-09 4.4952E-09 4.2187E-09 3.9423E-09 3.6685E-09 3.3997E-09 3.1365E-09 2.8819E-09 2.6384E-09 2.4069E-09 2.1858E-09 1.9777E-09 1.7846E-09 1.6036E-09 1.4355E-09 1.2809E-09 1.1362E-09 1.0063E-09 8.9128E-10 7.8754E-10 6.9409E-10 6.1010E-10 5.3369E-10 4.6591E-10 4.0466E-10 3.5086E-10 2.9975E-10 2.4526E-10 1.9791E-10 1.6415E-10 1.3955E-10 1.2334E-10 1.0814E-10 9.4497E-11 8.1604E-11 7.0010E-11 5.9636E-11 5.0925E-11 4.3143E-11 3.6716E-11 3.1570E-11 2.7392E-11 2.2495E-11 1.8893E-11 1.4438E-11 1.0492E-11 8.4908E-12 5.5040E-12 3.5700E-12 1.9779E-12 6.4373E-13 0.0000E+00 0.0000E+00 0.0000E+00 0.0000E+00
5.3359E-09 5.0663E-09 4.7907E-09 4.5100E-09 4.2271E-09 3.9449E-09 3.6658E-09 3.3922E-09 3.1262E-09 2.8686E-09 2.6209E-09 2.3858E-09 2.1647E-09 1.9552E-09 1.7594E-09 1.5793E-09 1.4114E-09 1.2569E-09 1.1154E-09 9.8385E-10 8.6760E-10 7.6493E-10 6.7290E-10 5.9053E-10 5.1637E-10 4.4959E-10 3.8922E-10 3.3634E-10 2.8592E-10 2.3302E-10 1.8695E-10 1.5455E-10 1.3125E-10 1.1593E-10 1.0158E-10 8.8248E-11 7.6146E-11 6.5424E-11 5.5625E-11 4.6938E-11 3.9893E-11 3.3985E-11 2.9269E-11 2.5657E-11 2.1073E-11 1.7710E-11 1.3521E-11 9.8143E-12 7.9593E-12 5.1598E-12 2.8426E-12 1.8683E-12 6.1243E-13 0.0000E+00 0.0000E+00 0.0000E+00 0.0000E+00
5.3723E-09 5.0925E-09 4.8056E-09 4.5165E-09 4.2276E-09 3.9399E-09 3.6559E-09 3.3780E-09 3.1082E-09 2.8482E-09 2.5991E-09 2.3611E-09 2.1371E-09 1.9284E-09 1.7321E-09 1.5501E-09 1.3842E-09 1.2301E-09 1.0900E-09 9.6143E-10 8.4342E-10 7.4071E-10 6.5019E-10 5.6950E-10 4.9756E-10 4.3244E-10 3.7276E-10 3.2118E-10 2.7159E-10 2.2048E-10 1.7585E-10 1.3901E-10 1.2293E-10 1.0852E-10 9.4914E-11 8.2102E-11 7.0388E-11 6.0634E-11 5.1544E-11 4.3492E-11 3.7046E-11 3.1579E-11 2.7231E-11 2.3914E-11 1.9638E-11 1.6507E-11 1.2593E-11 9.1248E-12 6.9546E-12 4.2805E-12 2.6626E-12 1.2587E-12 5.8105E-13 0.0000E+00 0.0000E+00 0.0000E+00 0.0000E+00
5.3962E-09 5.1124E-09 4.8191E-09 4.5201E-09 4.2210E-09 3.9276E-09 3.6390E-09 3.3572E-09 3.0840E-09 2.8214E-09 2.5706E-09 2.3326E-09 2.1067E-09 1.8959E-09 1.7013E-09 1.5193E-09 1.3525E-09 1.2010E-09 1.0613E-09 9.3586E-10 8.1997E-10 7.1602E-10 6.2613E-10 5.4732E-10 4.7737E-10 4.1446E-10 3.5567E-10 3.0554E-10 2.5176E-10 2.0136E-10 1.5736E-10 1.2974E-10 1.1467E-10 1.0084E-10 8.8101E-11 7.6159E-11 6.5046E-11 5.5242E-11 4.6851E-11 3.9856E-11 3.3995E-11 2.9248E-11 2.5222E-11 2.2168E-11 1.8208E-11 1.5302E-11 1.1657E-11 8.1574E-12 5.8270E-12 3.9718E-12 1.9887E-12 1.1797E-12 5.4975E-13 0.0000E+00 0.0000E+00 0.0000E+00 0.0000E+00
5.4119E-09 5.1196E-09 4.8215E-09 4.5198E-09 4.2140E-09 3.9107E-09 3.6154E-09 3.3300E-09 3.0539E-09 2.7890E-09 2.5365E-09 2.2976E-09 2.0729E-09 1.8611E-09 1.6654E-09 1.4860E-09 1.3193E-09 1.1683E-09 1.0313E-09 9.0643E-10 7.9493E-10 6.9165E-10 6.0166E-10 5.2421E-10 4.5628E-10 3.9545E-10 3.3813E-10 2.8923E-10 2.3587E-10 1.8752E-10 1.4792E-10 1.2057E-10 1.0651E-10 9.3204E-11 8.1117E-11 7.0167E-11 5.9874E-11 5.0780E-11 4.2697E-11 3.5887E-11 3.0625E-11 2.6573E-11 2.3240E-11 2.0439E-11 1.6784E-11 1.3562E-11 9.9390E-12 6.7019E-12 5.3842E-12 2.7741E-12 1.8184E-12 1.0883E-12 5.1763E-13 0.0000E+00 0.0000E+00 0.0000E+00 0.0000E+00
