Assets/Resources/2015_m01_d10_0900(utc+0800)_l00_csi_1hr_conc.grd
DSAA
         159         159
     -79.000      79.000
     -79.000      79.000
  0.1457E-08  0.1722E-04
[rows 50 to 74 of 159, columns 57 to 113 of 159]
2.2854E-08 2.3606E-08 2.4399E-08 2.5223E-08 2.6057E-08 2.6907E-08 2.7762E-08 2.8635E-08 2.9499E-08 3.0365E-08 3.1222E-08 3.2067E-08 3.2907E-08 3.3724E-08 3.4516E-08 3.5291E-08 3.6033E-08 3.6745E-08 3.7423E-08 3.8062E-08 3.8661E-08 3.9215E-08 3.9721E-08 4.0176E-08 4.0577E-08 4.0927E-08 4.1242E-08 4.1530E-08 4.1792E-08 4.1999E-08 4.2156E-08 4.2184E-08 4.2131E-08 4.2015E-08 4.1838E-08 4.1600E-08 4.1305E-08 4.0955E-08 4.0551E-08 4.0098E-08 3.9599E-08 3.9055E-08 3.8471E-08 3.7849E-08 3.7192E-08 3.6503E-08 3.5788E-08 3.5053E-08 3.4299E-08 3.3522E-08 3.2733E-08 3.1931E-08 3.1118E-08 3.0300E-08 2.9486E-08 2.8671E-08 2.7862E-08
2.3072E-08 2.3861E-08 2.4669E-08 2.5489E-08 2.6327E-08 2.7178E-08 2.8037E-08 2.8902E-08 2.9761E-08 3.0625E-08 3.1476E-08 3.2326E-08 3.3157E-08 3.3969E-08 3.4760E-08 3.5537E-08 3.6282E-08 3.6997E-08 3.7678E-08 3.8323E-08 3.8928E-08 3.9489E-08 4.0003E-08 4.0485E-08 4.0945E-08 4.1389E-08 4.1809E-08 4.2150E-08 4.2398E-08 4.2555E-08 4.2646E-08 4.2673E-08 4.2637E-08 4.2537E-08 4.2373E-08 4.2149E-08 4.2018E-08 4.1684E-08 4.1443E-08 4.1143E-08 4.0663E-08 4.0261E-08 3.9690E-08 3.9073E-08 3.8414E-08 3.7719E-08 3.6993E-08 3.6238E-08 3.5459E-08 3.4660E-08 3.3841E-08 3.3008E-08 3.1609E-08 3.0781E-08 2.9959E-08 2.9128E-08 2.8311E-08
2.3300E-08 2.4094E-08 2.4903E-08 2.5719E-08 2.6562E-08 2.7405E-08 2.8266E-08 2.9118E-08 2.9980E-08 3.0830E-08 3.1685E-08 3.2531E-08 3.3356E-08 3.4165E-08 3.4964E-08 3.5735E-08 3.6482E-08 3.7199E-08 3.7885E-08 3.8535E-08 3.9145E-08 3.9736E-08 4.0316E-08 4.0885E-08 4.1425E-08 4.1893E-08 4.2275E-08 4.2572E-08 4.2808E-08 4.2982E-08 4.3094E-08 4.3141E-08 4.3124E-08 4.3200E-08 4.3212E-08 4.3161E-08 4.3045E-08 4.2754E-08 4.2404E-08 4.1995E-08 4.1529E-08 4.1011E-08 4.0441E-08 3.9821E-08 3.9159E-08 3.8457E-08 3.7719E-08 3.6950E-08 3.6154E-08 3.5332E-08 3.4490E-08 3.3636E-08 3.2773E-08 3.1905E-08 3.1036E-08 2.9998E-08 2.8870E-08
2.3518E-08 2.4299E-08 2.5108E-08 2.5924E-08 2.6762E-08 2.7605E-08 2.8451E-08 2.9300E-08 3.0153E-08 3.0999E-08 3.1850E-08 3.2687E-08 3.3509E-08 3.4324E-08 3.5115E-08 3.5886E-08 3.6633E-08 3.7353E-08 3.8043E-08 3.8717E-08 3.9387E-08 4.0058E-08 4.0699E-08 4.1289E-08 4.1806E-08 4.2237E-08 4.2613E-08 4.2932E-08 4.3191E-08 4.3388E-08 4.3676E-08 4.3904E-08 4.4072E-08 4.4176E-08 4.4102E-08 4.3962E-08 4.3756E-08 4.3488E-08 4.3155E-08 4.2761E-08 4.2307E-08 4.1794E-08 4.1226E-08 4.0608E-08 3.9942E-08 3.9232E-08 3.8484E-08 3.7700E-08 3.6882E-08 3.6039E-08 3.5176E-08 3.4299E-08 3.3412E-08 3.2518E-08 3.1623E-08 3.0747E-08 2.9886E-08
2.3693E-08 2.4477E-08 2.5278E-08 2.6099E-08 2.6919E-08 2.7756E-08 2.8588E-08 2.9439E-08 3.0279E-08 3.1127E-08 3.1973E-08 3.2801E-08 3.3625E-08 3.4431E-08 3.5221E-08 3.5992E-08 3.6740E-08 3.7470E-08 3.8203E-08 3.8944E-08 3.9671E-08 4.0369E-08 4.1006E-08 4.1571E-08 4.2073E-08 4.2526E-08 4.2926E-08 4.3269E-08 4.3709E-08 4.4097E-08 4.4430E-08 4.4705E-08 4.4800E-08 4.4827E-08 4.4787E-08 4.4678E-08 4.4501E-08 4.4257E-08 4.3946E-08 4.3569E-08 4.3307E-08 4.2810E-08 4.2420E-08 4.1810E-08 4.1143E-08 4.0580E-08 3.9660E-08 3.8850E-08 3.7660E-08 3.6797E-08 3.5913E-08 3.5011E-08 3.4097E-08 3.3176E-08 3.2277E-08 3.1391E-08 3.0520E-08
2.3841E-08 2.4625E-08 2.5416E-08 2.6233E-08 2.7041E-08 2.7870E-08 2.8696E-08 2.9538E-08 3.0374E-08 3.1222E-08 3.2050E-08 3.2872E-08 3.3693E-08 3.4496E-08 3.5284E-08 3.6054E-08 3.6828E-08 3.7615E-08 3.8406E-08 3.9178E-08 3.9921E-08 4.0604E-08 4.1216E-08 4.1787E-08 4.2314E-08 4.2792E-08 4.3369E-08 4.3906E-08 4.4396E-08 4.4836E-08 4.5102E-08 4.5304E-08 4.5440E-08 4.5509E-08 4.5507E-08 4.5613E-08 4.5646E-08 4.5457E-08 4.5355E-08 4.5175E-08 4.4786E-08 4.4328E-08 4.3801E-08 4.3205E-08 4.2547E-08 4.1824E-08 4.1044E-08 4.0215E-08 3.9343E-08 3.8434E-08 3.7493E-08 3.6528E-08 3.5549E-08 3.4241E-08 3.3019E-08 3.2123E-08 3.1240E-08
2.3962E-08 2.4745E-08 2.5525E-08 2.6323E-08 2.7129E-08 2.7944E-08 2.8773E-08 2.9597E-08 3.0438E-08 3.1267E-08 3.2089E-08 3.2912E-08 3.3722E-08 3.4521E-08 3.5307E-08 3.6116E-08 3.6947E-08 3.7769E-08 3.8578E-08 3.9357E-08 4.0082E-08 4.0751E-08 4.1385E-08 4.1980E-08 4.2533E-08 4.3203E-08 4.3972E-08 4.4565E-08 4.4995E-08 4.5369E-08 4.5684E-08 4.5934E-08 4.6295E-08 4.6593E-08 4.6823E-08 4.6982E-08 4.6940E-08 4.6819E-08 4.6619E-08 4.6341E-08 4.5986E-08 4.5553E-08 4.5044E-08 4.4460E-08 4.3801E-08 4.3071E-08 4.2279E-08 4.1432E-08 4.0536E-08 3.9596E-08 3.8619E-08 3.7626E-08 3.6631E-08 3.5649E-08 3.4684E-08 3.3740E-08 3.2829E-08
2.4060E-08 2.4826E-08 2.5603E-08 2.6382E-08 2.7190E-08 2.7990E-08 2.8811E-08 2.9627E-08 3.0460E-08 3.1276E-08 3.2097E-08 3.2908E-08 3.3712E-08 3.4517E-08 3.5344E-08 3.6203E-08 3.7054E-08 3.7892E-08 3.8703E-08 3.9464E-08 4.0183E-08 4.0874E-08 4.1533E-08 4.2306E-08 4.3059E-08 4.3787E-08 4.4485E-08 4.5019E-08 4.5503E-08 4.5932E-08 4.6482E-08 4.6982E-08 4.7425E-08 4.7805E-08 4.7981E-08 4.8080E-08 4.8099E-08 4.8035E-08 4.7888E-08 4.7658E-08 4.7342E-08 4.6942E-08 4.6456E-08 4.5882E-08 4.5225E-08 4.4493E-08 4.3691E-08 4.2826E-08 4.1902E-08 4.0927E-08 3.9930E-08 3.8920E-08 3.7910E-08 3.6924E-08 3.5953E-08 3.5001E-08 3.4059E-08
2.4125E-08 2.4873E-08 2.5646E-08 2.6417E-08 2.7209E-08 2.8006E-08 2.8811E-08 2.9624E-08 3.0443E-08 3.1250E-08 3.2064E-08 3.2868E-08 3.3682E-08 3.4524E-08 3.5392E-08 3.6264E-08 3.7129E-08 3.7967E-08 3.8760E-08 3.9523E-08 4.0264E-08 4.0979E-08 4.1823E-08 4.2785E-08 4.3599E-08 4.4273E-08 4.4908E-08 4.5500E-08 4.6221E-08 4.6907E-08 4.7551E-08 4.8148E-08 4.8549E-08 4.8880E-08 4.9137E-08 4.9313E-08 4.9405E-08 4.9412E-08 4.9329E-08 4.9155E-08 4.8888E-08 4.8525E-08 4.8064E-08 4.7507E-08 4.6861E-08 4.6129E-08 4.5316E-08 4.4429E-08 4.3474E-08 4.2492E-08 4.1480E-08 4.0448E-08 3.9450E-08 3.8456E-08 3.7467E-08 3.6479E-08 3.5490E-08
2.4161E-08 2.4895E-08 2.5657E-08 2.6422E-08 2.7198E-08 2.7991E-08 2.8787E-08 2.9597E-08 3.0394E-08 3.1199E-08 3.1998E-08 3.2813E-08 3.3662E-08 3.4534E-08 3.5417E-08 3.6301E-08 3.7161E-08 3.7981E-08 3.8779E-08 3.9563E-08 4.0328E-08 4.1233E-08 4.2271E-08 4.3168E-08 4.3929E-08 4.4662E-08 4.5359E-08 4.6370E-08 4.7193E-08 4.7985E-08 4.8603E-08 4.9168E-08 4.9692E-08 5.0156E-08 5.0541E-08 5.0841E-08 5.1050E-08 5.1157E-08 5.1157E-08 5.1052E-08 5.0833E-08 5.0498E-08 5.0050E-08 4.9492E-08 4.8836E-08 4.8074E-08 4.7224E-08 4.6294E-08 4.5333E-08 4.4338E-08 4.3307E-08 4.2296E-08 4.1288E-08 4.0266E-08 3.9228E-08 3.8187E-08 3.7130E-08
2.4172E-08 2.4895E-08 2.5642E-08 2.6406E-08 2.7166E-08 2.7948E-08 2.8735E-08 2.9529E-08 3.0315E-08 3.1111E-08 3.1920E-08 3.2765E-08 3.3638E-08 3.4525E-08 3.5418E-08 3.6294E-08 3.7138E-08 3.7964E-08 3.8782E-08 3.9588E-08 4.0682E-08 4.1647E-08 4.2619E-08 4.3460E-08 4.4282E-08 4.5256E-08 4.6227E-08 4.7190E-08 4.8140E-08 4.8970E-08 4.9774E-08 5.0534E-08 5.1245E-08 5.1857E-08 5.2372E-08 5.2785E-08 5.3099E-08 5.3304E-08 5.3397E-08 5.3364E-08 5.3204E-08 5.2917E-08 5.2487E-08 5.1926E-08 5.1238E-08 5.0436E-08 4.9546E-08 4.8599E-08 4.7604E-08 4.6561E-08 4.5512E-08 4.4481E-08 4.3431E-08 4.2348E-08 4.1248E-08 4.0124E-08 3.8973E-08
2.4154E-08 2.4876E-08 2.5600E-08 2.6354E-08 2.7109E-08 2.7873E-08 2.8656E-08 2.9433E-08 3.0216E-08 3.1009E-08 3.1844E-08 3.2715E-08 3.3598E-08 3.4491E-08 3.5379E-08 3.6241E-08 3.7088E-08 3.7932E-08 3.8771E-08 3.9906E-08 4.0923E-08 4.1957E-08 4.2870E-08 4.3774E-08 4.4850E-08 4.6085E-08 4.7198E-08 4.8245E-08 4.9292E-08 5.0365E-08 5.1345E-08 5.2260E-08 5.3106E-08 5.3856E-08 5.4503E-08 5.5051E-08 5.5484E-08 5.5798E-08 5.5983E-08 5.6029E-08 5.5932E-08 5.5692E-08 5.5308E-08 5.4765E-08 5.4095E-08 5.3305E-08 5.2396E-08 5.1395E-08 5.0344E-08 4.9253E-08 4.8183E-08 4.7060E-08 4.5904E-08 4.4706E-08 4.3510E-08 4.2270E-08 4.0998E-08
2.4114E-08 2.4829E-08 2.5535E-08 2.6277E-08 2.7026E-08 2.7773E-08 2.8551E-08 2.9312E-08 3.0090E-08 3.0913E-08 3.1772E-08 3.2647E-08 3.3529E-08 3.4425E-08 3.5300E-08 3.6160E-08 3.7023E-08 3.7887E-08 3.8913E-08 4.0107E-08 4.1193E-08 4.2167E-08 4.3143E-08 4.4308E-08 4.5670E-08 4.6997E-08 4.8267E-08 4.9566E-08 5.0787E-08 5.1977E-08 5.3069E-08 5.4099E-08 5.5376E-08 5.6567E-08 5.7408E-08 5.8397E-08 5.9240E-08 5.9716E-08 6.0031E-08 6.0182E-08 6.0161E-08 5.9963E-08 5.9278E-08 5.8002E-08 5.7378E-08 5.6583E-08 5.5668E-08 5.4691E-08 5.3637E-08 5.2476E-08 5.1297E-08 5.0009E-08 4.8950E-08 4.7607E-08 4.6234E-08 4.4806E-08 4.3383E-08
2.4051E-08 2.4755E-08 2.5460E-08 2.6179E-08 2.6921E-08 2.7657E-08 2.8418E-08 2.9165E-08 2.9976E-08 3.0819E-08 3.1676E-08 3.2544E-08 3.3442E-08 3.4328E-08 3.5193E-08 3.6067E-08 3.6947E-08 3.7992E-08 3.9211E-08 4.0336E-08 4.1361E-08 4.2398E-08 4.3637E-08 4.5171E-08 4.6699E-08 4.8182E-08 4.9606E-08 5.0983E-08 5.2309E-08 5.3941E-08 5.5553E-08 5.7124E-08 5.8633E-08 5.9839E-08 6.0939E-08 6.1910E-08 6.2726E-08 6.3370E-08 6.3834E-08 6.4105E-08 6.4175E-08 6.4038E-08 6.3691E-08 6.3160E-08 6.2443E-08 6.1585E-08 6.0662E-08 5.9392E-08 5.8011E-08 5.7071E-08 5.5743E-08 5.4509E-08 5.3036E-08 5.1446E-08 4.9835E-08 4.8202E-08 4.6536E-08
2.3970E-08 2.4660E-08 2.5359E-08 2.6058E-08 2.6789E-08 2.7527E-08 2.8262E-08 2.9039E-08 2.9863E-08 3.0692E-08 3.1554E-08 3.2441E-08 3.3332E-08 3.4197E-08 3.5074E-08 3.5962E-08 3.7015E-08 3.8246E-08 3.9396E-08 4.0461E-08 4.1548E-08 4.2857E-08 4.4573E-08 4.6288E-08 4.7865E-08 4.9401E-08 5.1205E-08 5.3061E-08 5.4949E-08 5.6852E-08 5.8536E-08 6.0179E-08 6.1755E-08 6.3241E-08 6.4605E-08 6.5820E-08 6.6862E-08 6.7709E-08 6.8344E-08 6.8752E-08 6.8922E-08 6.8846E-08 6.8542E-08 6.8001E-08 6.7300E-08 6.6485E-08 6.5538E-08 6.4460E-08 6.3241E-08 6.1896E-08 6.0351E-08 5.8751E-08 5.6987E-08 5.5149E-08 5.3258E-08 5.1362E-08 4.9444E-08
2.3868E-08 2.4546E-08 2.5238E-08 2.5925E-08 2.6638E-08 2.7369E-08 2.8103E-08 2.8899E-08 2.9717E-08 3.0561E-08 3.1430E-08 3.2312E-08 3.3180E-08 3.4054E-08 3.4943E-08 3.5850E-08 3.7099E-08 3.8388E-08 3.9480E-08 4.0603E-08 4.1942E-08 4.3872E-08 4.5730E-08 4.7410E-08 4.8981E-08 5.1250E-08 5.3346E-08 5.5516E-08 5.7525E-08 5.9550E-08 6.1566E-08 6.3546E-08 6.5460E-08 6.7270E-08 6.8943E-08 7.0450E-08 7.1761E-08 7.2842E-08 7.3670E-08 7.4229E-08 7.4507E-08 7.4500E-08 7.4200E-08 7.3728E-08 7.3062E-08 7.2217E-08 7.1181E-08 6.9954E-08 6.8545E-08 6.6964E-08 6.5220E-08 6.3294E-08 6.1270E-08 5.9147E-08 5.6972E-08 5.4787E-08 5.2616E-08
2.3750E-08 2.4415E-08 2.5094E-08 2.5774E-08 2.6467E-08 2.7189E-08 2.7948E-08 2.8751E-08 2.9571E-08 3.0409E-08 3.1281E-08 3.2152E-08 3.3016E-08 3.3900E-08 3.4806E-08 3.6038E-08 3.7322E-08 3.8429E-08 3.9576E-08 4.0940E-08 4.3017E-08 4.4987E-08 4.6733E-08 4.8774E-08 5.0959E-08 5.3495E-08 5.5642E-08 5.7956E-08 6.0328E-08 6.2734E-08 6.5143E-08 6.7522E-08 6.9826E-08 7.2018E-08 7.4059E-08 7.5911E-08 7.7532E-08 7.8880E-08 7.9927E-08 8.0653E-08 8.1033E-08 8.1074E-08 8.0891E-08 8.0444E-08 7.9742E-08 7.8771E-08 7.7563E-08 7.6085E-08 7.4397E-08 7.2489E-08 7.0398E-08 6.8164E-08 6.5832E-08 6.3364E-08 6.0924E-08 5.8374E-08 5.5920E-08
2.3615E-08 2.4267E-08 2.4932E-08 2.5612E-08 2.6280E-08 2.7020E-08 2.7796E-08 2.8582E-08 2.9401E-08 3.0250E-08 3.1121E-08 3.1971E-08 3.2843E-08 3.3740E-08 3.4815E-08 3.6096E-08 3.7321E-08 3.8480E-08 3.9686E-08 4.1717E-08 4.4048E-08 4.5827E-08 4.8044E-08 5.0701E-08 5.3243E-08 5.5662E-08 5.8295E-08 6.0818E-08 6.3617E-08 6.6472E-08 6.9342E-08 7.2183E-08 7.4947E-08 7.7591E-08 8.0063E-08 8.2313E-08 8.4289E-08 8.5941E-08 8.7225E-08 8.8102E-08 8.8603E-08 8.8788E-08 8.8649E-08 8.8140E-08 8.7282E-08 8.6109E-08 8.4581E-08 8.2782E-08 8.0700E-08 7.8386E-08 7.5892E-08 7.3273E-08 7.0566E-08 6.7804E-08 6.4949E-08 6.2190E-08 5.9325E-08
2.3466E-08 2.4104E-08 2.4756E-08 2.5423E-08 2.6092E-08 2.6845E-08 2.7615E-08 2.8406E-08 2.9226E-08 3.0076E-08 3.0925E-08 3.1780E-08 3.2662E-08 3.3573E-08 3.4836E-08 3.6170E-08 3.7328E-08 3.8540E-08 4.0171E-08 4.2932E-08 4.4761E-08 4.7338E-08 4.9877E-08 5.2646E-08 5.5395E-08 5.8328E-08 6.1214E-08 6.4153E-08 6.7452E-08 7.0828E-08 7.4231E-08 7.7613E-08 8.0919E-08 8.4088E-08 8.7057E-08 8.9763E-08 9.2144E-08 9.4117E-08 9.5623E-08 9.6717E-08 9.7388E-08 9.7634E-08 9.7407E-08 9.6718E-08 9.5605E-08 9.4056E-08 9.2152E-08 8.9894E-08 8.7348E-08 8.4573E-08 8.1642E-08 7.8594E-08 7.5471E-08 7.2315E-08 6.9161E-08 6.5965E-08 6.2914E-08
2.3302E-08 2.3927E-08 2.4566E-08 2.5219E-08 2.5915E-08 2.6661E-08 2.7427E-08 2.8215E-08 2.9038E-08 2.9885E-08 3.0719E-08 3.1581E-08 3.2474E-08 3.3558E-08 3.4989E-08 3.6134E-08 3.7340E-08 3.8791E-08 4.1558E-08 4.3550E-08 4.6183E-08 4.8819E-08 5.1731E-08 5.4666E-08 5.7840E-08 6.0981E-08 6.4558E-08 6.8132E-08 7.1884E-08 7.5859E-08 7.9883E-08 8.3896E-08 8.7827E-08 9.1600E-08 9.5137E-08 9.8362E-08 1.0116E-07 1.0345E-07 1.0529E-07 1.0658E-07 1.0731E-07 1.0747E-07 1.0703E-07 1.0602E-07 1.0449E-07 1.0250E-07 1.0008E-07 9.7304E-08 9.4241E-08 9.0979E-08 8.7562E-08 8.4045E-08 8.0479E-08 7.6906E-08 7.3361E-08 6.9875E-08 6.6398E-08
2.3125E-08 2.3737E-08 2.4362E-08 2.5013E-08 2.5737E-08 2.6462E-08 2.7227E-08 2.8018E-08 2.8841E-08 2.9667E-08 3.0505E-08 3.1375E-08 3.2281E-08 3.3551E-08 3.4912E-08 3.6100E-08 3.7360E-08 4.0081E-08 4.2211E-08 4.4852E-08 4.7538E-08 5.0542E-08 5.3616E-08 5.6981E-08 6.0362E-08 6.4260E-08 6.8423E-08 7.2420E-08 7.6952E-08 8.1621E-08 8.6363E-08 9.1099E-08 9.5744E-08 1.0020E-07 1.0438E-07 1.0813E-07 1.1136E-07 1.1410E-07 1.1617E-07 1.1752E-07 1.1817E-07 1.1809E-07 1.1727E-07 1.1582E-07 1.1379E-07 1.1123E-07 1.0824E-07 1.0490E-07 1.0130E-07 9.7496E-08 9.3561E-08 8.9552E-08 8.5522E-08 8.1515E-08 7.7567E-08 7.3707E-08 6.9959E-08
2.2938E-08 2.3536E-08 2.4148E-08 2.4814E-08 2.5532E-08 2.6257E-08 2.7018E-08 2.7807E-08 2.8630E-08 2.9441E-08 3.0284E-08 3.1164E-08 3.2239E-08 3.3676E-08 3.4836E-08 3.6071E-08 3.7788E-08 4.0768E-08 4.3117E-08 4.6056E-08 4.9098E-08 5.2254E-08 5.5753E-08 5.9318E-08 6.3474E-08 6.7599E-08 7.2364E-08 7.7412E-08 8.2698E-08 8.8159E-08 9.3714E-08 9.9269E-08 1.0526E-07 1.1054E-07 1.1591E-07 1.2071E-07 1.2451E-07 1.2752E-07 1.2960E-07 1.2928E-07 1.2968E-07 1.2917E-07 1.2791E-07 1.2591E-07 1.2327E-07 1.2009E-07 1.1650E-07 1.1299E-07 1.0879E-07 1.0440E-07 9.9902E-08 9.5038E-08 9.0534E-08 8.6085E-08 8.1727E-08 7.7491E-08 7.3398E-08
2.2739E-08 2.3324E-08 2.3929E-08 2.4610E-08 2.5320E-08 2.6046E-08 2.6802E-08 2.7592E-08 2.8396E-08 2.9208E-08 3.0058E-08 3.0947E-08 3.2200E-08 3.3561E-08 3.4761E-08 3.6043E-08 3.8959E-08 4.1524E-08 4.4403E-08 4.7427E-08 5.0607E-08 5.4172E-08 5.7855E-08 6.2194E-08 6.6560E-08 7.1668E-08 7.7161E-08 8.3004E-08 8.9140E-08 9.6046E-08 1.0313E-07 1.1026E-07 1.1726E-07 1.2358E-07 1.2938E-07 1.3448E-07 1.3869E-07 1.4180E-07 1.4375E-07 1.4459E-07 1.4428E-07 1.4317E-07 1.4121E-07 1.3850E-07 1.3479E-07 1.3099E-07 1.2715E-07 1.2255E-07 1.1766E-07 1.1261E-07 1.0746E-07 1.0230E-07 9.7177E-08 9.2147E-08 8.7249E-08 8.2511E-08 7.7954E-08
2.2532E-08 2.3104E-08 2.3717E-08 2.4393E-08 2.5102E-08 2.5822E-08 2.6574E-08 2.7368E-08 2.8153E-08 2.8969E-08 2.9825E-08 3.0724E-08 3.2289E-08 3.3444E-08 3.4683E-08 3.7251E-08 3.9576E-08 4.2376E-08 4.5559E-08 4.8710E-08 5.2274E-08 5.6004E-08 6.0440E-08 6.4961E-08 7.0316E-08 7.6157E-08 8.2464E-08 8.9747E-08 9.7508E-08 1.0564E-07 1.1401E-07 1.2203E-07 1.2982E-07 1.3718E-07 1.4378E-07 1.4938E-07 1.5377E-07 1.5681E-07 1.5847E-07 1.5876E-07 1.5813E-07 1.5647E-07 1.5388E-07 1.5054E-07 1.4658E-07 1.4204E-07 1.3701E-07 1.3161E-07 1.2597E-07 1.2020E-07 1.1437E-07 1.0857E-07 1.0285E-07 9.7279E-08 9.1881E-08 8.6689E-08 8.1725E-08
2.2316E-08 2.2877E-08 2.3503E-08 2.4166E-08 2.4872E-08 2.5593E-08 2.6342E-08 2.7124E-08 2.7904E-08 2.8724E-08 2.9587E-08 3.0801E-08 3.2135E-08 3.3323E-08 3.4934E-08 3.7610E-08 4.0258E-08 4.3322E-08 4.6603E-08 5.0102E-08 5.3902E-08 5.8256E-08 6.2839E-08 6.8329E-08 7.4400E-08 8.1049E-08 8.9362E-08 9.7885E-08 1.0700E-07 1.1620E-07 1.2560E-07 1.3496E-07 1.4401E-07 1.5234E-07 1.5961E-07 1.6556E-07 1.6999E-07 1.7278E-07 1.7403E-07 1.7414E-07 1.7302E-07 1.7074E-07 1.6747E-07 1.6346E-07 1.5863E-07 1.5318E-07 1.4724E-07 1.4097E-07 1.3451E-07 1.2795E-07 1.2138E-07 1.1490E-07 1.0857E-07 1.0242E-07 9.6507E-08 9.0852E-08 8.5466E-08
