Assets/Resources/2015_m01_d31_1200(utc+0800)_l00_csi_1hr_conc.grd
DSAA
         159         159
     -79.000      79.000
     -79.000      79.000
  0.0000E+00  0.1869E-05
[rows 0 to 24 of 159, columns 57 to 113 of 159]
6.5034E-09 6.5283E-09 6.5041E-09 6.4322E-09 6.3148E-09 6.1553E-09 5.9570E-09 5.7241E-09 5.4614E-09 5.1747E-09 4.8697E-09 4.5512E-09 4.2248E-09 3.8953E-09 3.5671E-09 3.2442E-09 2.9321E-09 2.6316E-09 2.3461E-09 2.0787E-09 1.8295E-09 1.6010E-09 1.3903E-09 1.1997E-09 1.0271E-09 8.7435E-10 7.3881E-10 6.1814E-10 5.1515E-10 4.2420E-10 3.4780E-10 2.8215E-10 2.2776E-10 1.8183E-10 1.4405E-10 1.1188E-10 7.6892E-11 4.9910E-11 3.0159E-11 1.7178E-11 9.6848E-12 5.5961E-12 4.1495E-12 1.7485E-12 2.2799E-13 0.0000E+00 0.0000E+00 0.0000E+00 0.0000E+00 0.0000E+00 0.0000E+00 0.0000E+00 0.0000E+00 0.0000E+00 0.0000E+00 0.0000E+00 0.0000E+00
7.0064E-09 7.0272E-09 6.9947E-09 6.9104E-09 6.7765E-09 6.5964E-09 6.3744E-09 6.1166E-09 5.8282E-09 5.5147E-09 5.1819E-09 4.8352E-09 4.4811E-09 4.1251E-09 3.7705E-09 3.4241E-09 3.0878E-09 2.7667E-09 2.4621E-09 2.1761E-09 1.9120E-09 1.6700E-09 1.4485E-09 1.2475E-09 1.0669E-09 9.0561E-10 7.6408E-10 6.3830E-10 5.3135E-10 4.3694E-10 3.5753E-10 2.9022E-10 2.3268E-10 1.8583E-10 1.4597E-10 1.1373E-10 7.8736E-11 4.9003E-11 2.8643E-11 1.5879E-11 8.8128E-12 5.5421E-12 3.9978E-12 1.6514E-12 1.8263E-13 0.0000E+00 0.0000E+00 0.0000E+00 0.0000E+00 0.0000E+00 0.0000E+00 0.0000E+00 0.0000E+00 0.0000E+00 0.0000E+00 0.0000E+00 0.0000E+00
7.5271E-09 7.5419E-09 7.4987E-09 7.3992E-09 7.2465E-09 7.0449E-09 6.7993E-09 6.5147E-09 6.1973E-09 5.8541E-09 5.4917E-09 5.1160E-09 4.7337E-09 4.3491E-09 3.9699E-09 3.5978E-09 3.2385E-09 2.8958E-09 2.5719E-09 2.2686E-09 1.9892E-09 1.7330E-09 1.5004E-09 1.2903E-09 1.1022E-09 9.3330E-10 7.8607E-10 6.5572E-10 5.4492E-10 4.4795E-10 3.6492E-10 2.9668E-10 2.3573E-10 1.8864E-10 1.4708E-10 1.1584E-10 7.9562E-11 4.8575E-11 2.6946E-11 1.4479E-11 7.8540E-12 5.4536E-12 3.6443E-12 1.4966E-12 6.9429E-14 0.0000E+00 0.0000E+00 0.0000E+00 0.0000E+00 0.0000E+00 0.0000E+00 0.0000E+00 0.0000E+00 0.0000E+00 0.0000E+00 0.0000E+00 0.0000E+00
8.0636E-09 8.0706E-09 8.0149E-09 7.8985E-09 7.7248E-09 7.4985E-09 7.2251E-09 6.9113E-09 6.5645E-09 6.1906E-09 5.7972E-09 5.3911E-09 4.9790E-09 4.5672E-09 4.1603E-09 3.7637E-09 3.3820E-09 3.0168E-09 2.6739E-09 2.3532E-09 2.0582E-09 1.7895E-09 1.5469E-09 1.3269E-09 1.1315E-09 9.5664E-10 8.0436E-10 6.7039E-10 5.5490E-10 4.5582E-10 3.7026E-10 3.0057E-10 2.3823E-10 1.9022E-10 1.4736E-10 1.1601E-10 8.0692E-11 4.8962E-11 2.6362E-11 1.3027E-11 6.8500E-12 5.3323E-12 3.3490E-12 1.1262E-12 0.0000E+00 0.0000E+00 0.0000E+00 0.0000E+00 0.0000E+00 0.0000E+00 0.0000E+00 0.0000E+00 0.0000E+00 0.0000E+00 0.0000E+00 0.0000E+00 0.0000E+00
8.6140E-09 8.6113E-09 8.5413E-09 8.4058E-09 8.2093E-09 7.9569E-09 7.6548E-09 7.3101E-09 6.9304E-09 6.5231E-09 6.0973E-09 5.6587E-09 5.2161E-09 4.7748E-09 4.3407E-09 3.9201E-09 3.5143E-09 3.1301E-09 2.7683E-09 2.4309E-09 2.1198E-09 1.8384E-09 1.5867E-09 1.3577E-09 1.1553E-09 9.7549E-10 8.1856E-10 6.8161E-10 5.6136E-10 4.6158E-10 3.7336E-10 3.0245E-10 2.3948E-10 1.9071E-10 1.4716E-10 1.1472E-10 7.9874E-11 4.7904E-11 2.5391E-11 1.1931E-11 6.4991E-12 5.1805E-12 3.0099E-12 7.4853E-13 0.0000E+00 0.0000E+00 0.0000E+00 0.0000E+00 0.0000E+00 0.0000E+00 0.0000E+00 0.0000E+00 0.0000E+00 0.0000E+00 0.0000E+00 0.0000E+00 0.0000E+00
9.1785E-09 9.1643E-09 9.0774E-09 8.9201E-09 8.6979E-09 8.4163E-09 8.0824E-09 7.7042E-09 7.2899E-09 6.8491E-09 6.3889E-09 5.9179E-09 5.4434E-09 4.9721E-09 4.5114E-09 4.0642E-09 3.6370E-09 3.2306E-09 2.8509E-09 2.4984E-09 2.1732E-09 1.8795E-09 1.6178E-09 1.3824E-09 1.1738E-09 9.8970E-10 8.2782E-10 6.8823E-10 5.6514E-10 4.6377E-10 3.7428E-10 3.0266E-10 2.3922E-10 1.8996E-10 1.4661E-10 1.1268E-10 7.7366E-11 4.5772E-11 2.4076E-11 1.1080E-11 6.2208E-12 4.6114E-12 2.4716E-12 4.8380E-13 0.0000E+00 0.0000E+00 0.0000E+00 0.0000E+00 0.0000E+00 0.0000E+00 0.0000E+00 0.0000E+00 0.0000E+00 0.0000E+00 0.0000E+00 0.0000E+00 0.0000E+00
9.7548E-09 9.7279E-09 9.6222E-09 9.4411E-09 9.1905E-09 8.8771E-09 8.5097E-09 8.0965E-09 7.6461E-09 7.1680E-09 6.6708E-09 6.1656E-09 5.6585E-09 5.1576E-09 4.6684E-09 4.1969E-09 3.7466E-09 3.3221E-09 2.9238E-09 2.5557E-09 2.2182E-09 1.9118E-09 1.6400E-09 1.3994E-09 1.1860E-09 9.9849E-10 8.3215E-10 6.9153E-10 5.6593E-10 4.6348E-10 3.7305E-10 3.0114E-10 2.3798E-10 1.8816E-10 1.4531E-10 1.0936E-10 7.4654E-11 4.3043E-11 2.1496E-11 9.8765E-12 5.8050E-12 4.0748E-12 1.8121E-12 1.8113E-13 0.0000E+00 0.0000E+00 0.0000E+00 0.0000E+00 0.0000E+00 0.0000E+00 0.0000E+00 0.0000E+00 0.0000E+00 0.0000E+00 0.0000E+00 0.0000E+00 0.0000E+00
1.0339E-08 1.0297E-08 1.0171E-08 9.9640E-09 9.6833E-09 9.3363E-09 8.9320E-09 8.4802E-09 7.9913E-09 7.4759E-09 6.9433E-09 6.4020E-09 5.8614E-09 5.3291E-09 4.8118E-09 4.3153E-09 3.8431E-09 3.3987E-09 2.9852E-09 2.6019E-09 2.2525E-09 1.9369E-09 1.6535E-09 1.4091E-09 1.1910E-09 1.0011E-09 8.3154E-10 6.9035E-10 5.6413E-10 4.6064E-10 3.7054E-10 2.9818E-10 2.3592E-10 1.8442E-10 1.4276E-10 1.0554E-10 7.1132E-11 4.0870E-11 1.9302E-11 8.6947E-12 5.1245E-12 3.2693E-12 9.2596E-13 0.0000E+00 0.0000E+00 0.0000E+00 0.0000E+00 0.0000E+00 0.0000E+00 0.0000E+00 0.0000E+00 0.0000E+00 0.0000E+00 0.0000E+00 0.0000E+00 0.0000E+00 0.0000E+00
1.0931E-08 1.0873E-08 1.0723E-08 1.0488E-08 1.0174E-08 9.7908E-09 9.3484E-09 8.8577E-09 8.3289E-09 7.7731E-09 7.2008E-09 6.6237E-09 6.0490E-09 5.4864E-09 4.9408E-09 4.4187E-09 3.9258E-09 3.4623E-09 3.0324E-09 2.6378E-09 2.2765E-09 1.9507E-09 1.6588E-09 1.4109E-09 1.1893E-09 9.9831E-10 8.2708E-10 6.8530E-10 5.5901E-10 4.5543E-10 3.6653E-10 2.9280E-10 2.3229E-10 1.7964E-10 1.3900E-10 1.0127E-10 6.9079E-11 3.9492E-11 1.6658E-11 8.0594E-12 4.1939E-12 2.3370E-12 3.1856E-13 0.0000E+00 0.0000E+00 0.0000E+00 0.0000E+00 0.0000E+00 0.0000E+00 0.0000E+00 0.0000E+00 0.0000E+00 0.0000E+00 0.0000E+00 0.0000E+00 0.0000E+00 0.0000E+00
1.1526E-08 1.1451E-08 1.1277E-08 1.1012E-08 1.0663E-08 1.0241E-08 9.7569E-09 9.2230E-09 8.6515E-09 8.0545E-09 7.4439E-09 6.8296E-09 6.2206E-09 5.6258E-09 5.0532E-09 4.5076E-09 3.9916E-09 3.5127E-09 3.0677E-09 2.6609E-09 2.2898E-09 1.9541E-09 1.6543E-09 1.4045E-09 1.1803E-09 9.8931E-10 8.1898E-10 6.7559E-10 5.5144E-10 4.4803E-10 3.6038E-10 2.8615E-10 2.2758E-10 1.7420E-10 1.3424E-10 9.6563E-11 6.5887E-11 3.7323E-11 1.5362E-11 7.4122E-12 3.6960E-12 1.4781E-12 0.0000E+00 0.0000E+00 0.0000E+00 0.0000E+00 0.0000E+00 0.0000E+00 0.0000E+00 0.0000E+00 0.0000E+00 0.0000E+00 0.0000E+00 0.0000E+00 0.0000E+00 0.0000E+00 0.0000E+00
1.2123E-08 1.2027E-08 1.1827E-08 1.1529E-08 1.1143E-08 1.0681E-08 1.0154E-08 9.5771E-09 8.9621E-09 8.3222E-09 7.6701E-09 7.0164E-09 6.3737E-09 5.7487E-09 5.1477E-09 4.5785E-09 4.0445E-09 3.5463E-09 3.0897E-09 2.6713E-09 2.2924E-09 1.9513E-09 1.6448E-09 1.3907E-09 1.1661E-09 9.7553E-10 8.0665E-10 6.6358E-10 5.4143E-10 4.3772E-10 3.5228E-10 2.7804E-10 2.2068E-10 1.6793E-10 1.2865E-10 9.2437E-11 6.2368E-11 3.4534E-11 1.4807E-11 6.6552E-12 2.9839E-12 7.0088E-13 0.0000E+00 0.0000E+00 0.0000E+00 0.0000E+00 0.0000E+00 0.0000E+00 0.0000E+00 0.0000E+00 0.0000E+00 0.0000E+00 0.0000E+00 0.0000E+00 0.0000E+00 0.0000E+00 0.0000E+00
1.2715E-08 1.2599E-08 1.2372E-08 1.2040E-08 1.1615E-08 1.1110E-08 1.0538E-08 9.9143E-09 9.2532E-09 8.5693E-09 7.8765E-09 7.1862E-09 6.5071E-09 5.8513E-09 5.2251E-09 4.6325E-09 4.0800E-09 3.5684E-09 3.0982E-09 2.6706E-09 2.2853E-09 1.9381E-09 1.6247E-09 1.3689E-09 1.1469E-09 9.5646E-10 7.9042E-10 6.4846E-10 5.2828E-10 4.2509E-10 3.4276E-10 2.6893E-10 2.1297E-10 1.6200E-10 1.2230E-10 8.8245E-11 5.8538E-11 3.1807E-11 1.3699E-11 6.4611E-12 2.3021E-12 3.3774E-13 0.0000E+00 0.0000E+00 0.0000E+00 0.0000E+00 0.0000E+00 0.0000E+00 0.0000E+00 0.0000E+00 0.0000E+00 0.0000E+00 0.0000E+00 0.0000E+00 0.0000E+00 0.0000E+00 0.0000E+00
1.3299E-08 1.3162E-08 1.2906E-08 1.2539E-08 1.2074E-08 1.1524E-08 1.0907E-08 1.0236E-08 9.5292E-09 8.8006E-09 8.0642E-09 7.3340E-09 6.6222E-09 5.9353E-09 5.2829E-09 4.6695E-09 4.0983E-09 3.5735E-09 3.0938E-09 2.6593E-09 2.2682E-09 1.9152E-09 1.5972E-09 1.3406E-09 1.1219E-09 9.3255E-10 7.6960E-10 6.2897E-10 5.1230E-10 4.1059E-10 3.3076E-10 2.5927E-10 2.0396E-10 1.5571E-10 1.1554E-10 8.3735E-11 5.4727E-11 2.9619E-11 1.2541E-11 5.3940E-12 1.6213E-12 3.6642E-14 0.0000E+00 0.0000E+00 0.0000E+00 0.0000E+00 0.0000E+00 0.0000E+00 0.0000E+00 0.0000E+00 0.0000E+00 0.0000E+00 0.0000E+00 0.0000E+00 0.0000E+00 0.0000E+00 0.0000E+00
1.3878E-08 1.3718E-08 1.3431E-08 1.3027E-08 1.2520E-08 1.1924E-08 1.1258E-08 1.0538E-08 9.7828E-09 9.0086E-09 8.2314E-09 7.4633E-09 6.7165E-09 6.0004E-09 5.3226E-09 4.6894E-09 4.1027E-09 3.5644E-09 3.0764E-09 2.6361E-09 2.2387E-09 1.8859E-09 1.5664E-09 1.3057E-09 1.0911E-09 9.0405E-10 7.4559E-10 6.0681E-10 4.9469E-10 3.9486E-10 3.1704E-10 2.4898E-10 1.9391E-10 1.4783E-10 1.0871E-10 7.8267E-11 5.0825E-11 2.7906E-11 1.1081E-11 4.3976E-12 8.4534E-13 0.0000E+00 0.0000E+00 0.0000E+00 0.0000E+00 0.0000E+00 0.0000E+00 0.0000E+00 0.0000E+00 0.0000E+00 0.0000E+00 0.0000E+00 0.0000E+00 0.0000E+00 0.0000E+00 0.0000E+00 0.0000E+00
1.4438E-08 1.4256E-08 1.3939E-08 1.3498E-08 1.2948E-08 1.2306E-08 1.1592E-08 1.0822E-08 1.0018E-08 9.1979E-09 8.3774E-09 7.5709E-09 6.7895E-09 6.0459E-09 5.3445E-09 4.6907E-09 4.0905E-09 3.5421E-09 3.0466E-09 2.6018E-09 2.2048E-09 1.8446E-09 1.5279E-09 1.2642E-09 1.0544E-09 8.7103E-10 7.1840E-10 5.8244E-10 4.7406E-10 3.7873E-10 3.0225E-10 2.3826E-10 1.8302E-10 1.3892E-10 1.0069E-10 7.1996E-11 4.7684E-11 2.6746E-11 9.5941E-12 3.2746E-12 3.8456E-13 0.0000E+00 0.0000E+00 0.0000E+00 0.0000E+00 0.0000E+00 0.0000E+00 0.0000E+00 0.0000E+00 0.0000E+00 0.0000E+00 0.0000E+00 0.0000E+00 0.0000E+00 0.0000E+00 0.0000E+00 0.0000E+00
1.4984E-08 1.4780E-08 1.4431E-08 1.3952E-08 1.3358E-08 1.2668E-08 1.1902E-08 1.1083E-08 1.0230E-08 9.3646E-09 8.5018E-09 7.6579E-09 6.8447E-09 6.0708E-09 5.3478E-09 4.6776E-09 4.0616E-09 3.5056E-09 3.0042E-09 2.5564E-09 2.1592E-09 1.8016E-09 1.4804E-09 1.2173E-09 1.0139E-09 8.3421E-10 6.8695E-10 5.5644E-10 4.5122E-10 3.6145E-10 2.8628E-10 2.2474E-10 1.7116E-10 1.2936E-10 9.3097E-11 6.6374E-11 4.4229E-11 2.4582E-11 8.1934E-12 2.0328E-12 1.4503E-13 0.0000E+00 0.0000E+00 0.0000E+00 0.0000E+00 0.0000E+00 0.0000E+00 0.0000E+00 0.0000E+00 0.0000E+00 0.0000E+00 0.0000E+00 0.0000E+00 0.0000E+00 0.0000E+00 0.0000E+00 0.0000E+00
1.5504E-08 1.5278E-08 1.4899E-08 1.4382E-08 1.3744E-08 1.3007E-08 1.2192E-08 1.1323E-08 1.0419E-08 9.5071E-09 8.6032E-09 7.7209E-09 6.8762E-09 6.0786E-09 5.3324E-09 4.6460E-09 4.0211E-09 3.4551E-09 2.9501E-09 2.5011E-09 2.1054E-09 1.7526E-09 1.4300E-09 1.1684E-09 9.6911E-10 7.9519E-10 6.5301E-10 5.2933E-10 4.2678E-10 3.4197E-10 2.6870E-10 2.0967E-10 1.5843E-10 1.1906E-10 8.5134E-11 6.0533E-11 4.0769E-11 2.2285E-11 6.4145E-12 1.0426E-12 0.0000E+00 0.0000E+00 0.0000E+00 0.0000E+00 0.0000E+00 0.0000E+00 0.0000E+00 0.0000E+00 0.0000E+00 0.0000E+00 0.0000E+00 0.0000E+00 0.0000E+00 0.0000E+00 0.0000E+00 0.0000E+00 0.0000E+00
1.6004E-08 1.5756E-08 1.5347E-08 1.4792E-08 1.4110E-08 1.3324E-08 1.2457E-08 1.1538E-08 1.0585E-08 9.6276E-09 8.6821E-09 7.7653E-09 6.8885E-09 6.0650E-09 5.3016E-09 4.6002E-09 3.9641E-09 3.3944E-09 2.8846E-09 2.4374E-09 2.0439E-09 1.6960E-09 1.3757E-09 1.1131E-09 9.1906E-10 7.5363E-10 6.1652E-10 5.0042E-10 4.0072E-10 3.2016E-10 2.4947E-10 1.9375E-10 1.4539E-10 1.0874E-10 7.7438E-11 5.5102E-11 3.6901E-11 1.9439E-11 4.5105E-12 3.0817E-13 0.0000E+00 0.0000E+00 0.0000E+00 0.0000E+00 0.0000E+00 0.0000E+00 0.0000E+00 0.0000E+00 0.0000E+00 0.0000E+00 0.0000E+00 0.0000E+00 0.0000E+00 0.0000E+00 0.0000E+00 0.0000E+00 0.0000E+00
1.6467E-08 1.6199E-08 1.5760E-08 1.5167E-08 1.4444E-08 1.3611E-08 1.2697E-08 1.1729E-08 1.0726E-08 9.7224E-09 8.7380E-09 7.7863E-09 6.8822E-09 6.0344E-09 5.2517E-09 4.5387E-09 3.8954E-09 3.3198E-09 2.8127E-09 2.3638E-09 1.9748E-09 1.6311E-09 1.3145E-09 1.0549E-09 8.6611E-10 7.1057E-10 5.7782E-10 4.6826E-10 3.7284E-10 2.9613E-10 2.2946E-10 1.7704E-10 1.3246E-10 9.8130E-11 6.9659E-11 4.9196E-11 3.2477E-11 1.6749E-11 2.7030E-12 0.0000E+00 0.0000E+00 0.0000E+00 0.0000E+00 0.0000E+00 0.0000E+00 0.0000E+00 0.0000E+00 0.0000E+00 0.0000E+00 0.0000E+00 0.0000E+00 0.0000E+00 0.0000E+00 0.0000E+00 0.0000E+00 0.0000E+00 0.0000E+00
1.6910E-08 1.6618E-08 1.6150E-08 1.5521E-08 1.4754E-08 1.3875E-08 1.2911E-08 1.1892E-08 1.0847E-08 9.7945E-09 8.7721E-09 7.7877E-09 6.8550E-09 5.9871E-09 5.1881E-09 4.4631E-09 3.8137E-09 3.2368E-09 2.7278E-09 2.2851E-09 1.8985E-09 1.5626E-09 1.2534E-09 9.9860E-10 8.1000E-10 6.6413E-10 5.3766E-10 4.3381E-10 3.4332E-10 2.7150E-10 2.0913E-10 1.6030E-10 1.1916E-10 8.7216E-11 6.1919E-11 4.3347E-11 2.7822E-11 1.3499E-11 1.2782E-12 0.0000E+00 0.0000E+00 0.0000E+00 0.0000E+00 0.0000E+00 0.0000E+00 0.0000E+00 0.0000E+00 0.0000E+00 0.0000E+00 0.0000E+00 0.0000E+00 0.0000E+00 0.0000E+00 0.0000E+00 0.0000E+00 0.0000E+00 0.0000E+00
1.7303E-08 1.6992E-08 1.6496E-08 1.5831E-08 1.5023E-08 1.4102E-08 1.3094E-08 1.2030E-08 1.0940E-08 9.8404E-09 8.7825E-09 7.7680E-09 6.8105E-09 5.9216E-09 5.1090E-09 4.3756E-09 3.7199E-09 3.1434E-09 2.6354E-09 2.1956E-09 1.8170E-09 1.4889E-09 1.1864E-09 9.3702E-10 7.5206E-10 6.1501E-10 4.9483E-10 3.9770E-10 3.1349E-10 2.4629E-10 1.8907E-10 1.4375E-10 1.0611E-10 7.7109E-11 5.4408E-11 3.7102E-11 2.2897E-11 1.0824E-11 5.1998E-13 0.0000E+00 0.0000E+00 0.0000E+00 0.0000E+00 0.0000E+00 0.0000E+00 0.0000E+00 0.0000E+00 0.0000E+00 0.0000E+00 0.0000E+00 0.0000E+00 0.0000E+00 0.0000E+00 0.0000E+00 0.0000E+00 0.0000E+00 0.0000E+00
1.7667E-08 1.7336E-08 1.6808E-08 1.6108E-08 1.5262E-08 1.4295E-08 1.3241E-08 1.2134E-08 1.1002E-08 9.8616E-09 8.7687E-09 7.7258E-09 6.7466E-09 5.8409E-09 5.0151E-09 4.2743E-09 3.6167E-09 3.0397E-09 2.5366E-09 2.1029E-09 1.7301E-09 1.4107E-09 1.1170E-09 8.7314E-10 6.9255E-10 5.6377E-10 4.5185E-10 3.6151E-10 2.8362E-10 2.2126E-10 1.6903E-10 1.2724E-10 9.3076E-11 6.7169E-11 4.6927E-11 3.1029E-11 1.8301E-11 8.0500E-12 5.9622E-14 0.0000E+00 0.0000E+00 0.0000E+00 0.0000E+00 0.0000E+00 0.0000E+00 0.0000E+00 0.0000E+00 0.0000E+00 0.0000E+00 0.0000E+00 0.0000E+00 0.0000E+00 0.0000E+00 0.0000E+00 0.0000E+00 0.0000E+00 0.0000E+00
1.7993E-08 1.7638E-08 1.7083E-08 1.6350E-08 1.5461E-08 1.4454E-08 1.3359E-08 1.2208E-08 1.1036E-08 9.8637E-09 8.7277E-09 7.6614E-09 6.6622E-09 5.7429E-09 4.9089E-09 4.1611E-09 3.5043E-09 2.9279E-09 2.4291E-09 2.0029E-09 1.6398E-09 1.3277E-09 1.0474E-09 8.0912E-10 6.3532E-10 5.1231E-10 4.0896E-10 3.2493E-10 2.5395E-10 1.9667E-10 1.4926E-10 1.1157E-10 8.1043E-11 5.8159E-11 3.9380E-11 2.5176E-11 1.3877E-11 5.9742E-12 0.0000E+00 0.0000E+00 0.0000E+00 0.0000E+00 0.0000E+00 0.0000E+00 0.0000E+00 0.0000E+00 0.0000E+00 0.0000E+00 0.0000E+00 0.0000E+00 0.0000E+00 0.0000E+00 0.0000E+00 0.0000E+00 0.0000E+00 0.0000E+00 0.0000E+00
1.8274E-08 1.7901E-08 1.7315E-08 1.6545E-08 1.5621E-08 1.4572E-08 1.3433E-08 1.2243E-08 1.1034E-08 9.8322E-09 8.6592E-09 7.5724E-09 6.5583E-09 5.6274E-09 4.7875E-09 4.0388E-09 3.3813E-09 2.8106E-09 2.3169E-09 1.8981E-09 1.5451E-09 1.2393E-09 9.7633E-10 7.4479E-10 5.7410E-10 4.6060E-10 3.6640E-10 2.8959E-10 2.2473E-10 1.7299E-10 1.3037E-10 9.6419E-11 6.9438E-11 4.8778E-11 3.2211E-11 1.9695E-11 1.0442E-11 4.4022E-12 0.0000E+00 0.0000E+00 0.0000E+00 0.0000E+00 0.0000E+00 0.0000E+00 0.0000E+00 0.0000E+00 0.0000E+00 0.0000E+00 0.0000E+00 0.0000E+00 0.0000E+00 0.0000E+00 0.0000E+00 0.0000E+00 0.0000E+00 0.0000E+00 0.0000E+00
1.8529E-08 1.8128E-08 1.7513E-08 1.6712E-08 1.5745E-08 1.4655E-08 1.3479E-08 1.2249E-08 1.1002E-08 9.7717E-09 8.5612E-09 7.4582E-09 6.4331E-09 5.4958E-09 4.6518E-09 3.9055E-09 3.2504E-09 2.6853E-09 2.2001E-09 1.7915E-09 1.4461E-09 1.1518E-09 9.0022E-10 6.7790E-10 5.1410E-10 4.0998E-10 3.2464E-10 2.5449E-10 1.9669E-10 1.5009E-10 1.1208E-10 8.2516E-11 5.8601E-11 4.0397E-11 2.5606E-11 1.4862E-11 7.2132E-12 2.7248E-12 0.0000E+00 0.0000E+00 0.0000E+00 0.0000E+00 0.0000E+00 0.0000E+00 0.0000E+00 0.0000E+00 0.0000E+00 0.0000E+00 0.0000E+00 0.0000E+00 0.0000E+00 0.0000E+00 0.0000E+00 0.0000E+00 0.0000E+00 0.0000E+00 0.0000E+00
