Assets/Resources/2015_m01_d21_2000(utc+0800)_l00_csi_1hr_conc.grd
DSAA
         159         159
     -79.000      79.000
     -79.000      79.000
  0.0000E+00  0.3190E-05
[rows 25 to 49 of 159, columns 57 to 113 of 159]
0.0000E+00 0.0000E+00 0.0000E+00 0.0000E+00 0.0000E+00 0.0000E+00 0.0000E+00 0.0000E+00 0.0000E+00 0.0000E+00 0.0000E+00 0.0000E+00 0.0000E+00 0.0000E+00 0.0000E+00 0.0000E+00 0.0000E+00 0.0000E+00 0.0000E+00 0.0000E+00 0.0000E+00 0.0000E+00 0.0000E+00 0.0000E+00 0.0000E+00 0.0000E+00 0.0000E+00 0.0000E+00 0.0000E+00 0.0000E+00 0.0000E+00 0.0000E+00 0.0000E+00 0.0000E+00 9.4473E-13 1.8608E-11 5.8700E-11 1.2818E-10 2.3893E-10 4.0360E-10 6.3884E-10 9.5816E-10 1.3748E-09 1.9130E-09 2.5789E-09 3.3816E-09 4.3182E-09 5.3957E-09 6.5987E-09 7.8923E-09 9.2583E-09 1.0662E-08 1.2064E-08 1.3416E-08 1.4661E-08 1.5747E-08 1.6622E-08
0.0000E+00 0.0000E+00 0.0000E+00 0.0000E+00 0.0000E+00 0.0000E+00 0.0000E+00 0.0000E+00 0.0000E+00 0.0000E+00 0.0000E+00 0.0000E+00 0.0000E+00 0.0000E+00 0.0000E+00 0.0000E+00 0.0000E+00 0.0000E+00 0.0000E+00 0.0000E+00 0.0000E+00 0.0000E+00 0.0000E+00 0.0000E+00 0.0000E+00 0.0000E+00 0.0000E+00 0.0000E+00 0.0000E+00 0.0000E+00 0.0000E+00 0.0000E+00 0.0000E+00 3.0057E-13 1.1971E-11 4.7170E-11 1.1140E-10 2.1495E-10 3.7301E-10 6.0208E-10 9.1691E-10 1.3364E-09 1.8675E-09 2.5375E-09 3.3443E-09 4.2893E-09 5.3711E-09 6.5837E-09 7.8916E-09 9.2705E-09 1.0692E-08 1.2115E-08 1.3490E-08 1.4770E-08 1.5897E-08 1.6820E-08 1.7487E-08
0.0000E+00 0.0000E+00 0.0000E+00 0.0000E+00 0.0000E+00 0.0000E+00 0.0000E+00 0.0000E+00 0.0000E+00 0.0000E+00 0.0000E+00 0.0000E+00 0.0000E+00 0.0000E+00 0.0000E+00 0.0000E+00 0.0000E+00 0.0000E+00 0.0000E+00 0.0000E+00 0.0000E+00 0.0000E+00 0.0000E+00 0.0000E+00 0.0000E+00 0.0000E+00 0.0000E+00 0.0000E+00 0.0000E+00 0.0000E+00 0.0000E+00 0.0000E+00 0.0000E+00 6.4803E-12 3.6154E-11 9.4801E-11 1.9162E-10 3.4276E-10 5.6370E-10 8.7449E-10 1.2924E-09 1.8287E-09 2.5017E-09 3.3156E-09 4.2710E-09 5.3632E-09 6.5861E-09 7.9135E-09 9.3102E-09 1.0745E-08 1.2185E-08 1.3584E-08 1.4892E-08 1.6055E-08 1.7016E-08 1.7728E-08 1.8154E-08
0.0000E+00 0.0000E+00 0.0000E+00 0.0000E+00 0.0000E+00 0.0000E+00 0.0000E+00 0.0000E+00 0.0000E+00 0.0000E+00 0.0000E+00 0.0000E+00 0.0000E+00 0.0000E+00 0.0000E+00 0.0000E+00 0.0000E+00 0.0000E+00 0.0000E+00 0.0000E+00 0.0000E+00 0.0000E+00 0.0000E+00 0.0000E+00 0.0000E+00 0.0000E+00 0.0000E+00 0.0000E+00 0.0000E+00 0.0000E+00 0.0000E+00 0.0000E+00 4.0540E-12 2.5899E-11 7.7926E-11 1.6809E-10 3.1058E-10 5.2427E-10 8.2897E-10 1.2426E-09 1.7864E-09 2.4674E-09 3.2909E-09 4.2674E-09 5.3726E-09 6.6124E-09 7.9596E-09 9.3745E-09 1.0827E-08 1.2284E-08 1.3702E-08 1.5032E-08 1.6220E-08 1.7217E-08 1.7973E-08 1.8437E-08 1.8583E-08
0.0000E+00 0.0000E+00 0.0000E+00 0.0000E+00 0.0000E+00 0.0000E+00 0.0000E+00 0.0000E+00 0.0000E+00 0.0000E+00 0.0000E+00 0.0000E+00 0.0000E+00 0.0000E+00 0.0000E+00 0.0000E+00 0.0000E+00 0.0000E+00 0.0000E+00 0.0000E+00 0.0000E+00 0.0000E+00 0.0000E+00 0.0000E+00 0.0000E+00 0.0000E+00 0.0000E+00 0.0000E+00 0.0000E+00 0.0000E+00 0.0000E+00 0.0000E+00 1.6615E-11 6.1680E-11 1.4403E-10 2.7814E-10 4.8244E-10 7.8033E-10 1.1934E-09 1.7398E-09 2.4295E-09 3.2702E-09 4.2636E-09 5.3954E-09 6.6582E-09 8.0253E-09 9.4717E-09 1.0940E-08 1.2413E-08 1.3846E-08 1.5193E-08 1.6405E-08 1.7430E-08 1.8213E-08 1.8715E-08 1.8902E-08 1.8753E-08
0.0000E+00 0.0000E+00 0.0000E+00 0.0000E+00 0.0000E+00 0.0000E+00 0.0000E+00 0.0000E+00 0.0000E+00 0.0000E+00 0.0000E+00 0.0000E+00 0.0000E+00 0.0000E+00 0.0000E+00 0.0000E+00 0.0000E+00 0.0000E+00 0.0000E+00 0.0000E+00 0.0000E+00 0.0000E+00 0.0000E+00 0.0000E+00 0.0000E+00 0.0000E+00 0.0000E+00 0.0000E+00 0.0000E+00 0.0000E+00 0.0000E+00 9.9916E-12 4.6838E-11 1.1987E-10 2.4315E-10 4.3840E-10 7.2984E-10 1.1384E-09 1.6857E-09 2.3846E-09 3.2459E-09 4.2630E-09 5.4320E-09 6.7225E-09 8.1198E-09 9.5941E-09 1.1090E-08 1.2579E-08 1.4026E-08 1.5386E-08 1.6611E-08 1.7652E-08 1.8461E-08 1.8997E-08 1.9212E-08 1.9094E-08 1.8633E-08
0.0000E+00 0.0000E+00 0.0000E+00 0.0000E+00 0.0000E+00 0.0000E+00 0.0000E+00 0.0000E+00 0.0000E+00 0.0000E+00 0.0000E+00 0.0000E+00 0.0000E+00 0.0000E+00 0.0000E+00 0.0000E+00 0.0000E+00 0.0000E+00 0.0000E+00 0.0000E+00 0.0000E+00 0.0000E+00 0.0000E+00 0.0000E+00 0.0000E+00 0.0000E+00 0.0000E+00 0.0000E+00 0.0000E+00 0.0000E+00 1.6771E-12 3.2590E-11 9.4329E-11 2.1053E-10 3.9793E-10 6.7931E-10 1.0820E-09 1.6281E-09 2.3371E-09 3.2162E-09 4.2623E-09 5.4634E-09 6.7927E-09 8.2313E-09 9.7441E-09 1.1278E-08 1.2789E-08 1.4248E-08 1.5616E-08 1.6848E-08 1.7902E-08 1.8727E-08 1.9276E-08 1.9518E-08 1.9425E-08 1.8991E-08 1.8221E-08
0.0000E+00 0.0000E+00 0.0000E+00 0.0000E+00 0.0000E+00 0.0000E+00 0.0000E+00 0.0000E+00 0.0000E+00 0.0000E+00 0.0000E+00 0.0000E+00 0.0000E+00 0.0000E+00 0.0000E+00 0.0000E+00 0.0000E+00 0.0000E+00 0.0000E+00 0.0000E+00 0.0000E+00 0.0000E+00 0.0000E+00 0.0000E+00 0.0000E+00 0.0000E+00 0.0000E+00 0.0000E+00 0.0000E+00 0.0000E+00 1.7695E-11 7.6173E-11 1.8024E-10 3.5583E-10 6.2737E-10 1.0222E-09 1.5682E-09 2.2861E-09 3.1844E-09 4.2612E-09 5.5021E-09 6.8781E-09 8.3626E-09 9.9127E-09 1.1493E-08 1.3038E-08 1.4517E-08 1.5892E-08 1.7130E-08 1.8181E-08 1.9009E-08 1.9569E-08 1.9828E-08 1.9752E-08 1.9334E-08 1.8578E-08 1.7520E-08
0.0000E+00 0.0000E+00 0.0000E+00 0.0000E+00 0.0000E+00 0.0000E+00 0.0000E+00 0.0000E+00 0.0000E+00 0.0000E+00 0.0000E+00 0.0000E+00 0.0000E+00 0.0000E+00 0.0000E+00 0.0000E+00 0.0000E+00 0.0000E+00 0.0000E+00 0.0000E+00 0.0000E+00 0.0000E+00 0.0000E+00 0.0000E+00 0.0000E+00 0.0000E+00 0.0000E+00 0.0000E+00 0.0000E+00 8.8823E-12 5.7470E-11 1.4965E-10 3.1108E-10 5.7064E-10 9.6106E-10 1.5079E-09 2.2339E-09 3.1516E-09 4.2595E-09 5.5437E-09 6.9725E-09 8.5066E-09 1.0103E-08 1.1738E-08 1.3325E-08 1.4829E-08 1.6218E-08 1.7452E-08 1.8501E-08 1.9325E-08 1.9884E-08 2.0144E-08 2.0076E-08 1.9669E-08 1.8924E-08 1.7866E-08 1.6540E-08
0.0000E+00 0.0000E+00 0.0000E+00 0.0000E+00 0.0000E+00 0.0000E+00 0.0000E+00 0.0000E+00 0.0000E+00 0.0000E+00 0.0000E+00 0.0000E+00 0.0000E+00 0.0000E+00 0.0000E+00 0.0000E+00 0.0000E+00 0.0000E+00 0.0000E+00 0.0000E+00 0.0000E+00 0.0000E+00 0.0000E+00 0.0000E+00 0.0000E+00 0.0000E+00 0.0000E+00 0.0000E+00 6.0515E-12 3.4292E-11 1.1943E-10 2.7087E-10 5.1862E-10 9.0337E-10 1.4506E-09 2.1880E-09 3.1276E-09 4.2688E-09 5.5967E-09 7.0803E-09 8.6732E-09 1.0327E-08 1.2003E-08 1.3640E-08 1.5181E-08 1.6586E-08 1.7827E-08 1.8869E-08 1.9679E-08 2.0226E-08 2.0475E-08 2.0408E-08 1.9999E-08 1.9256E-08 1.8197E-08 1.6866E-08 1.5320E-08
0.0000E+00 0.0000E+00 0.0000E+00 0.0000E+00 0.0000E+00 0.0000E+00 0.0000E+00 0.0000E+00 0.0000E+00 0.0000E+00 0.0000E+00 0.0000E+00 0.0000E+00 0.0000E+00 0.0000E+00 0.0000E+00 0.0000E+00 0.0000E+00 0.0000E+00 0.0000E+00 0.0000E+00 0.0000E+00 0.0000E+00 0.0000E+00 0.0000E+00 0.0000E+00 0.0000E+00 5.5252E-12 2.6588E-11 8.8970E-11 2.3002E-10 4.5955E-10 8.3296E-10 1.3845E-09 2.1401E-09 3.1110E-09 4.2976E-09 5.6769E-09 7.2161E-09 8.8697E-09 1.0587E-08 1.2307E-08 1.4000E-08 1.5576E-08 1.7001E-08 1.8247E-08 1.9283E-08 2.0078E-08 2.0604E-08 2.0839E-08 2.0752E-08 2.0331E-08 1.9582E-08 1.8516E-08 1.7173E-08 1.5609E-08 1.3899E-08
0.0000E+00 0.0000E+00 0.0000E+00 0.0000E+00 0.0000E+00 0.0000E+00 0.0000E+00 0.0000E+00 0.0000E+00 0.0000E+00 0.0000E+00 0.0000E+00 0.0000E+00 0.0000E+00 0.0000E+00 0.0000E+00 0.0000E+00 0.0000E+00 0.0000E+00 0.0000E+00 0.0000E+00 0.0000E+00 0.0000E+00 0.0000E+00 0.0000E+00 0.0000E+00 0.0000E+00 1.2871E-11 6.2395E-11 1.7852E-10 4.0231E-10 7.6047E-10 1.3078E-09 2.0850E-09 3.0995E-09 4.3443E-09 5.7924E-09 7.4019E-09 9.1237E-09 1.0901E-08 1.2677E-08 1.4405E-08 1.6015E-08 1.7465E-08 1.8716E-08 1.9746E-08 2.0523E-08 2.1027E-08 2.1232E-08 2.1118E-08 2.0678E-08 1.9907E-08 1.8823E-08 1.7461E-08 1.5881E-08 1.4145E-08 1.2332E-08
0.0000E+00 0.0000E+00 0.0000E+00 0.0000E+00 0.0000E+00 0.0000E+00 0.0000E+00 0.0000E+00 0.0000E+00 0.0000E+00 0.0000E+00 0.0000E+00 0.0000E+00 0.0000E+00 0.0000E+00 0.0000E+00 0.0000E+00 0.0000E+00 0.0000E+00 0.0000E+00 0.0000E+00 0.0000E+00 0.0000E+00 0.0000E+00 0.0000E+00 0.0000E+00 0.0000E+00 4.4582E-11 1.2867E-10 3.1492E-10 6.5997E-10 1.1995E-09 1.9953E-09 3.0636E-09 4.3918E-09 5.9401E-09 7.6551E-09 9.4629E-09 1.1309E-08 1.3132E-08 1.4891E-08 1.6527E-08 1.7991E-08 1.9242E-08 2.0260E-08 2.1014E-08 2.1493E-08 2.1663E-08 2.1517E-08 2.1042E-08 2.0237E-08 1.9125E-08 1.7740E-08 1.6131E-08 1.4366E-08 1.2525E-08 1.0682E-08
0.0000E+00 0.0000E+00 0.0000E+00 0.0000E+00 0.0000E+00 0.0000E+00 0.0000E+00 0.0000E+00 0.0000E+00 0.0000E+00 0.0000E+00 0.0000E+00 0.0000E+00 0.0000E+00 0.0000E+00 0.0000E+00 0.0000E+00 0.0000E+00 0.0000E+00 0.0000E+00 0.0000E+00 0.0000E+00 0.0000E+00 0.0000E+00 0.0000E+00 0.0000E+00 0.0000E+00 7.5217E-11 2.3037E-10 5.3241E-10 1.0546E-09 1.8459E-09 2.9603E-09 4.3961E-09 6.0875E-09 7.9472E-09 9.8964E-09 1.1848E-08 1.3738E-08 1.5517E-08 1.7152E-08 1.8602E-08 1.9836E-08 2.0830E-08 2.1562E-08 2.2001E-08 2.2135E-08 2.1949E-08 2.1429E-08 2.0584E-08 1.9432E-08 1.8007E-08 1.6362E-08 1.4566E-08 1.2691E-08 1.0814E-08 9.0140E-09
0.0000E+00 0.0000E+00 0.0000E+00 0.0000E+00 0.0000E+00 0.0000E+00 0.0000E+00 0.0000E+00 0.0000E+00 0.0000E+00 0.0000E+00 0.0000E+00 0.0000E+00 0.0000E+00 0.0000E+00 0.0000E+00 0.0000E+00 0.0000E+00 0.0000E+00 0.0000E+00 0.0000E+00 0.0000E+00 0.0000E+00 0.0000E+00 0.0000E+00 0.0000E+00 3.0648E-12 1.4417E-10 3.7331E-10 8.2616E-10 1.6037E-09 2.7531E-09 4.2994E-09 6.1776E-09 8.2713E-09 1.0434E-08 1.2547E-08 1.4526E-08 1.6334E-08 1.7960E-08 1.9369E-08 2.0543E-08 2.1488E-08 2.2167E-08 2.2562E-08 2.2651E-08 2.2415E-08 2.1846E-08 2.0952E-08 1.9746E-08 1.8271E-08 1.6581E-08 1.4741E-08 1.2830E-08 1.0919E-08 9.0877E-09 7.3933E-09
0.0000E+00 0.0000E+00 0.0000E+00 0.0000E+00 0.0000E+00 0.0000E+00 0.0000E+00 0.0000E+00 0.0000E+00 0.0000E+00 0.0000E+00 0.0000E+00 0.0000E+00 0.0000E+00 0.0000E+00 0.0000E+00 0.0000E+00 0.0000E+00 0.0000E+00 0.0000E+00 0.0000E+00 0.0000E+00 0.0000E+00 0.0000E+00 0.0000E+00 0.0000E+00 5.1738E-12 2.2020E-10 5.8436E-10 1.2685E-09 2.3995E-09 4.0005E-09 6.0794E-09 8.4882E-09 1.0998E-08 1.3407E-08 1.5573E-08 1.7448E-08 1.9035E-08 2.0349E-08 2.1429E-08 2.2272E-08 2.2863E-08 2.3194E-08 2.3213E-08 2.2921E-08 2.2295E-08 2.1340E-08 2.0074E-08 1.8539E-08 1.6788E-08 1.4898E-08 1.2940E-08 1.0995E-08 9.1343E-09 7.4113E-09 5.8647E-09
0.0000E+00 0.0000E+00 0.0000E+00 0.0000E+00 0.0000E+00 0.0000E+00 0.0000E+00 0.0000E+00 0.0000E+00 0.0000E+00 0.0000E+00 0.0000E+00 0.0000E+00 0.0000E+00 0.0000E+00 0.0000E+00 0.0000E+00 0.0000E+00 0.0000E+00 0.0000E+00 0.0000E+00 0.0000E+00 0.0000E+00 0.0000E+00 0.0000E+00 0.0000E+00 1.1543E-11 3.3997E-10 8.6359E-10 1.8434E-09 3.4435E-09 5.6816E-09 8.4449E-09 1.1450E-08 1.4350E-08 1.6886E-08 1.8935E-08 2.0509E-08 2.1707E-08 2.2613E-08 2.3260E-08 2.3699E-08 2.3905E-08 2.3838E-08 2.3470E-08 2.2780E-08 2.1752E-08 2.0418E-08 1.8811E-08 1.6994E-08 1.5037E-08 1.3027E-08 1.1038E-08 9.1434E-09 7.3944E-09 5.8375E-09 4.4954E-09
0.0000E+00 0.0000E+00 0.0000E+00 0.0000E+00 0.0000E+00 0.0000E+00 0.0000E+00 0.0000E+00 0.0000E+00 0.0000E+00 0.0000E+00 0.0000E+00 0.0000E+00 0.0000E+00 0.0000E+00 0.0000E+00 0.0000E+00 0.0000E+00 0.0000E+00 0.0000E+00 0.0000E+00 0.0000E+00 0.0000E+00 0.0000E+00 0.0000E+00 0.0000E+00 2.7351E-11 4.8038E-10 1.2333E-09 2.6497E-09 4.8779E-09 7.8902E-09 1.1458E-08 1.5099E-08 1.8327E-08 2.0828E-08 2.2545E-08 2.3618E-08 2.4234E-08 2.4585E-08 2.4767E-08 2.4765E-08 2.4565E-08 2.4081E-08 2.3291E-08 2.2188E-08 2.0778E-08 1.9094E-08 1.7194E-08 1.5166E-08 1.3091E-08 1.1052E-08 9.1170E-09 7.3421E-09 5.7808E-09 4.4321E-09 3.3199E-09
0.0000E+00 0.0000E+00 0.0000E+00 0.0000E+00 0.0000E+00 0.0000E+00 0.0000E+00 0.0000E+00 0.0000E+00 0.0000E+00 0.0000E+00 0.0000E+00 0.0000E+00 0.0000E+00 0.0000E+00 0.0000E+00 0.0000E+00 0.0000E+00 0.0000E+00 0.0000E+00 0.0000E+00 0.0000E+00 0.0000E+00 0.0000E+00 0.0000E+00 0.0000E+00 5.2542E-11 6.7310E-10 1.7088E-09 3.6571E-09 6.7086E-09 1.0746E-08 1.5270E-08 1.9548E-08 2.2940E-08 2.5146E-08 2.6255E-08 2.6582E-08 2.6499E-08 2.6231E-08 2.5874E-08 2.5410E-08 2.4764E-08 2.3863E-08 2.2659E-08 2.1154E-08 1.9380E-08 1.7397E-08 1.5287E-08 1.3135E-08 1.1037E-08 9.0607E-09 7.2629E-09 5.6880E-09 4.3450E-09 3.2369E-09 2.3492E-09
0.0000E+00 0.0000E+00 0.0000E+00 0.0000E+00 0.0000E+00 0.0000E+00 0.0000E+00 0.0000E+00 0.0000E+00 0.0000E+00 0.0000E+00 0.0000E+00 0.0000E+00 0.0000E+00 0.0000E+00 0.0000E+00 0.0000E+00 0.0000E+00 0.0000E+00 0.0000E+00 0.0000E+00 0.0000E+00 0.0000E+00 0.0000E+00 0.0000E+00 0.0000E+00 1.4034E-10 8.9008E-10 2.3411E-09 5.0147E-09 9.0905E-09 1.4331E-08 1.9910E-08 2.4753E-08 2.8090E-08 2.9685E-08 2.9879E-08 2.9231E-08 2.8313E-08 2.7393E-08 2.6517E-08 2.5595E-08 2.4511E-08 2.3164E-08 2.1537E-08 1.9680E-08 1.7602E-08 1.5393E-08 1.3165E-08 1.0997E-08 8.9707E-09 7.1468E-09 5.5646E-09 4.2273E-09 3.1321E-09 2.2612E-09 1.5914E-09
0.0000E+00 0.0000E+00 0.0000E+00 0.0000E+00 0.0000E+00 0.0000E+00 0.0000E+00 0.0000E+00 0.0000E+00 0.0000E+00 0.0000E+00 0.0000E+00 0.0000E+00 0.0000E+00 0.0000E+00 0.0000E+00 0.0000E+00 0.0000E+00 0.0000E+00 0.0000E+00 0.0000E+00 0.0000E+00 0.0000E+00 0.0000E+00 0.0000E+00 0.0000E+00 2.2371E-10 1.2082E-09 3.1235E-09 6.7042E-09 1.2120E-08 1.8825E-08 2.5518E-08 3.0746E-08 3.3607E-08 3.4175E-08 3.3124E-08 3.1404E-08 2.9630E-08 2.8040E-08 2.6630E-08 2.5256E-08 2.3731E-08 2.1951E-08 1.9983E-08 1.7800E-08 1.5500E-08 1.3179E-08 1.0934E-08 8.8578E-09 7.0077E-09 5.4128E-09 4.0854E-09 3.0007E-09 2.1503E-09 1.5023E-09 1.0178E-09
0.0000E+00 0.0000E+00 0.0000E+00 0.0000E+00 0.0000E+00 0.0000E+00 0.0000E+00 0.0000E+00 0.0000E+00 0.0000E+00 0.0000E+00 0.0000E+00 0.0000E+00 0.0000E+00 0.0000E+00 0.0000E+00 0.0000E+00 0.0000E+00 0.0000E+00 0.0000E+00 0.0000E+00 0.0000E+00 0.0000E+00 0.0000E+00 0.0000E+00 5.0189E-13 3.1384E-10 1.5856E-09 4.1987E-09 8.9759E-09 1.6005E-08 2.4336E-08 3.2079E-08 3.7330E-08 3.9274E-08 3.8344E-08 3.5795E-08 3.2839E-08 3.0229E-08 2.8073E-08 2.6219E-08 2.4406E-08 2.2452E-08 2.0281E-08 1.8002E-08 1.5595E-08 1.3174E-08 1.0852E-08 8.7278E-09 6.8446E-09 5.2410E-09 3.9157E-09 2.8536E-09 2.0242E-09 1.4005E-09 9.3774E-10 6.0777E-10
0.0000E+00 0.0000E+00 0.0000E+00 0.0000E+00 0.0000E+00 0.0000E+00 0.0000E+00 0.0000E+00 0.0000E+00 0.0000E+00 0.0000E+00 0.0000E+00 0.0000E+00 0.0000E+00 0.0000E+00 0.0000E+00 0.0000E+00 0.0000E+00 0.0000E+00 0.0000E+00 0.0000E+00 0.0000E+00 0.0000E+00 0.0000E+00 0.0000E+00 2.4478E-12 4.7517E-10 2.1113E-09 5.5589E-09 1.1848E-08 2.0893E-08 3.1086E-08 3.9689E-08 4.4411E-08 4.4704E-08 4.1799E-08 3.7589E-08 3.3512E-08 3.0168E-08 2.7498E-08 2.5204E-08 2.2988E-08 2.0582E-08 1.8197E-08 1.5671E-08 1.3152E-08 1.0759E-08 8.5724E-09 6.6617E-09 5.0423E-09 3.7269E-09 2.6882E-09 1.8876E-09 1.2910E-09 8.5683E-10 5.4720E-10 3.3574E-10
0.0000E+00 0.0000E+00 0.0000E+00 0.0000E+00 0.0000E+00 0.0000E+00 0.0000E+00 0.0000E+00 0.0000E+00 0.0000E+00 0.0000E+00 0.0000E+00 0.0000E+00 0.0000E+00 0.0000E+00 0.0000E+00 0.0000E+00 0.0000E+00 0.0000E+00 0.0000E+00 0.0000E+00 0.0000E+00 0.0000E+00 0.0000E+00 0.0000E+00 3.8433E-12 6.9055E-10 2.7899E-09 7.4116E-09 1.5679E-08 2.7105E-08 3.9135E-08 4.8091E-08 5.1517E-08 4.9541E-08 4.4327E-08 3.8383E-08 3.3255E-08 2.9327E-08 2.6294E-08 2.3641E-08 2.0959E-08 1.8377E-08 1.5737E-08 1.3120E-08 1.0643E-08 8.3998E-09 6.4550E-09 4.8316E-09 3.5270E-09 2.5117E-09 1.7387E-09 1.1676E-09 7.6627E-10 4.8402E-10 2.8784E-10 1.6325E-10
0.0000E+00 0.0000E+00 0.0000E+00 0.0000E+00 0.0000E+00 0.0000E+00 0.0000E+00 0.0000E+00 0.0000E+00 0.0000E+00 0.0000E+00 0.0000E+00 0.0000E+00 0.0000E+00 0.0000E+00 0.0000E+00 0.0000E+00 0.0000E+00 0.0000E+00 0.0000E+00 0.0000E+00 0.0000E+00 0.0000E+00 0.0000E+00 0.0000E+00 8.8101E-12 9.9342E-10 3.7353E-09 9.8418E-09 2.0578E-08 3.4742E-08 4.8554E-08 5.7222E-08 5.8344E-08 5.3280E-08 4.5480E-08 3.8023E-08 3.2153E-08 2.7857E-08 2.4490E-08 2.1492E-08 1.8554E-08 1.5796E-08 1.3068E-08 1.0502E-08 8.2045E-09 6.2352E-09 4.6049E-09 3.3131E-09 2.3242E-09 1.5820E-09 1.0491E-09 6.7373E-10 4.1234E-10 2.4176E-10 1.3078E-10 5.8263E-11
