Assets/Resources/2015_m01_d14_0200(utc+0800)_l00_csi_1hr_conc.grd
DSAA
         159         159
     -79.000      79.000
     -79.000      79.000
  0.0000E+00  0.1244E-04
[rows 100 to 124 of 159, columns 0 to 56 of 159]
5.3852E-11 6.2013E-11 7.3112E-11 8.9155E-11 1.0244E-10 1.1718E-10 1.2930E-10 1.4778E-10 1.6221E-10 1.7936E-10 1.9528E-10 2.1334E-10 2.3291E-10 2.5183E-10 2.7077E-10 2.9343E-10 3.1667E-10 3.3996E-10 3.6527E-10 3.9253E-10 4.2225E-10 4.4929E-10 4.7623E-10 5.0123E-10 5.2655E-10 5.5018E-10 5.7342E-10 5.9731E-10 6.1948E-10 6.4111E-10 6.6205E-10 6.8241E-10 7.0171E-10 7.1844E-10 7.3548E-10 7.5116E-10 7.6350E-10 7.7283E-10 7.8065E-10 7.8389E-10 7.8821E-10 7.8573E-10 7.7589E-10 7.5894E-10 7.4677E-10 7.3244E-10 7.1238E-10 7.0091E-10 6.7702E-10 6.4809E-10 6.1900E-10 5.8907E-10 5.5990E-10 5.2786E-10 4.9556E-10 4.6545E-10 4.2703E-10
4.0266E-11 4.8447E-11 5.8256E-11 6.6920E-11 8.1559E-11 9.7068E-11 1.0967E-10 1.2131E-10 1.4098E-10 1.5170E-10 1.7018E-10 1.8476E-10 2.0133E-10 2.1966E-10 2.3846E-10 2.5442E-10 2.7510E-10 2.9662E-10 3.1863E-10 3.4183E-10 3.6844E-10 3.9457E-10 4.1885E-10 4.4246E-10 4.6445E-10 4.8680E-10 5.0745E-10 5.2760E-10 5.4732E-10 5.6745E-10 5.8525E-10 6.0331E-10 6.1916E-10 6.3311E-10 6.4766E-10 6.5953E-10 6.7291E-10 6.8282E-10 6.8964E-10 6.9185E-10 6.8672E-10 6.7300E-10 6.7112E-10 6.5962E-10 6.4594E-10 6.2106E-10 5.9236E-10 5.7809E-10 5.5484E-10 5.3157E-10 5.0947E-10 4.7279E-10 4.4209E-10 4.1354E-10 3.9304E-10 3.6835E-10 3.4144E-10
3.1452E-11 3.6462E-11 4.4861E-11 5.3858E-11 6.1247E-11 7.7323E-11 8.7260E-11 9.9103E-11 1.1170E-10 1.2845E-10 1.4366E-10 1.6069E-10 1.7528E-10 1.8918E-10 2.0621E-10 2.2378E-10 2.3812E-10 2.5719E-10 2.7711E-10 2.9796E-10 3.1888E-10 3.4273E-10 3.6631E-10 3.8816E-10 4.0897E-10 4.2902E-10 4.4856E-10 4.6660E-10 4.8379E-10 5.0043E-10 5.1658E-10 5.3273E-10 5.4703E-10 5.6149E-10 5.7368E-10 5.8273E-10 5.9154E-10 5.9866E-10 6.0087E-10 5.9313E-10 5.8935E-10 5.8168E-10 5.7116E-10 5.5004E-10 5.3186E-10 5.1855E-10 4.9399E-10 4.7941E-10 4.4957E-10 4.1640E-10 3.9127E-10 3.7003E-10 3.4607E-10 3.2167E-10 2.9988E-10 2.8002E-10 2.7339E-10
2.4931E-11 2.8802E-11 3.6567E-11 4.3270E-11 4.8557E-11 5.8022E-11 6.8810E-11 8.0430E-11 9.0618E-11 1.0111E-10 1.1689E-10 1.2818E-10 1.4460E-10 1.6403E-10 1.7708E-10 1.9287E-10 2.0933E-10 2.2227E-10 2.4001E-10 2.5834E-10 2.7712E-10 2.9634E-10 3.1760E-10 3.3987E-10 3.5835E-10 3.7698E-10 3.9432E-10 4.1190E-10 4.2769E-10 4.4251E-10 4.5641E-10 4.6988E-10 4.8263E-10 4.9427E-10 5.0267E-10 5.1172E-10 5.1579E-10 5.1108E-10 5.0925E-10 5.0513E-10 5.0137E-10 4.8882E-10 4.6902E-10 4.5907E-10 4.4295E-10 4.2603E-10 4.0222E-10 3.7479E-10 3.4695E-10 3.2400E-10 3.0673E-10 2.8236E-10 2.6101E-10 2.4373E-10 2.3026E-10 2.1997E-10 1.9191E-10
2.0872E-11 2.4336E-11 2.7988E-11 3.4894E-11 4.1039E-11 4.6650E-11 5.2467E-11 6.5043E-11 7.3396E-11 7.9125E-11 9.0789E-11 1.0519E-10 1.1777E-10 1.3432E-10 1.4736E-10 1.6077E-10 1.7852E-10 1.9387E-10 2.0633E-10 2.2259E-10 2.3927E-10 2.5602E-10 2.7344E-10 2.9453E-10 3.1351E-10 3.2975E-10 3.4645E-10 3.6100E-10 3.7526E-10 3.8936E-10 4.0292E-10 4.1499E-10 4.2532E-10 4.3103E-10 4.3467E-10 4.3286E-10 4.4009E-10 4.4035E-10 4.3836E-10 4.3003E-10 4.1396E-10 4.0341E-10 3.9407E-10 3.7987E-10 3.5540E-10 3.3346E-10 3.0780E-10 2.8570E-10 2.7025E-10 2.4443E-10 2.2880E-10 2.1042E-10 1.9374E-10 1.8898E-10 1.7156E-10 1.5843E-10 1.4174E-10
1.3107E-11 2.0414E-11 2.3690E-11 2.7124E-11 3.4896E-11 3.9549E-11 4.3938E-11 4.8999E-11 5.8908E-11 6.6428E-11 7.4154E-11 8.4408E-11 9.4068E-11 1.0511E-10 1.1800E-10 1.3496E-10 1.4733E-10 1.6315E-10 1.7956E-10 1.8978E-10 2.0518E-10 2.2002E-10 2.3517E-10 2.5114E-10 2.7036E-10 2.8749E-10 3.0140E-10 3.1584E-10 3.2938E-10 3.4297E-10 3.5065E-10 3.5744E-10 3.6402E-10 3.6462E-10 3.6862E-10 3.7130E-10 3.7275E-10 3.6875E-10 3.5666E-10 3.4889E-10 3.4341E-10 3.2688E-10 3.1882E-10 2.9478E-10 2.7542E-10 2.6206E-10 2.3451E-10 2.1817E-10 2.0589E-10 1.9091E-10 1.7851E-10 1.6880E-10 1.5444E-10 1.4231E-10 1.2139E-10 1.1463E-10 1.0425E-10
1.0189E-11 1.2841E-11 1.9593E-11 2.3000E-11 2.6047E-11 3.3231E-11 3.7702E-11 4.1693E-11 4.6992E-11 5.5654E-11 6.1187E-11 6.5240E-11 7.5358E-11 8.4070E-11 9.1750E-11 1.0613E-10 1.2089E-10 1.3386E-10 1.5049E-10 1.6336E-10 1.7520E-10 1.8850E-10 2.0299E-10 2.1615E-10 2.3025E-10 2.4803E-10 2.6089E-10 2.7216E-10 2.8303E-10 2.9193E-10 2.9579E-10 3.0168E-10 3.0675E-10 3.1087E-10 3.1391E-10 3.1850E-10 3.0659E-10 3.0539E-10 3.0327E-10 2.9277E-10 2.7921E-10 2.6115E-10 2.4965E-10 2.3354E-10 2.1193E-10 1.9668E-10 1.8125E-10 1.6814E-10 1.5364E-10 1.4527E-10 1.3296E-10 1.2678E-10 1.1092E-10 9.7870E-11 9.2925E-11 8.3013E-11 7.8517E-11
8.1431E-12 9.9213E-12 1.2331E-11 1.8646E-11 2.1844E-11 2.4720E-11 3.2530E-11 3.6058E-11 3.9599E-11 4.3520E-11 5.2817E-11 5.7162E-11 6.2452E-11 6.9545E-11 7.7653E-11 8.6921E-11 9.7404E-11 1.1008E-10 1.2159E-10 1.3471E-10 1.5050E-10 1.5831E-10 1.7176E-10 1.8202E-10 1.9312E-10 2.0115E-10 2.1621E-10 2.2356E-10 2.3345E-10 2.4127E-10 2.4988E-10 2.5662E-10 2.5817E-10 2.5284E-10 2.5518E-10 2.5365E-10 2.5403E-10 2.4992E-10 2.3608E-10 2.2366E-10 2.1572E-10 1.9994E-10 1.9019E-10 1.7657E-10 1.5959E-10 1.5290E-10 1.4402E-10 1.2751E-10 1.1761E-10 1.1464E-10 9.8196E-11 8.7958E-11 8.4416E-11 7.5223E-11 7.2260E-11 6.2790E-11 5.7577E-11
1.3171E-12 7.9324E-12 9.5901E-12 1.2988E-11 1.8597E-11 2.1070E-11 2.3587E-11 3.0774E-11 3.3981E-11 3.6650E-11 4.0951E-11 4.9053E-11 5.3925E-11 5.7513E-11 6.3595E-11 7.1427E-11 7.6064E-11 8.7239E-11 9.6593E-11 1.0651E-10 1.2136E-10 1.3208E-10 1.3937E-10 1.4788E-10 1.5615E-10 1.6446E-10 1.7487E-10 1.8563E-10 1.9232E-10 1.9812E-10 2.0384E-10 2.0103E-10 2.0495E-10 2.1198E-10 2.0834E-10 2.0896E-10 1.9639E-10 1.8554E-10 1.8147E-10 1.7010E-10 1.6909E-10 1.5325E-10 1.4063E-10 1.3258E-10 1.2608E-10 1.2162E-10 1.0230E-10 9.9772E-11 8.9113E-11 8.2049E-11 6.7917E-11 6.4467E-11 6.0397E-11 5.3558E-11 4.9443E-11 4.5585E-11 3.8156E-11
4.9973E-13 1.2044E-12 7.6649E-12 9.2005E-12 1.2321E-11 1.6931E-11 1.9108E-11 2.2197E-11 2.8757E-11 3.1718E-11 3.4615E-11 3.7560E-11 4.4783E-11 4.8556E-11 5.2907E-11 5.9155E-11 6.4434E-11 7.0610E-11 7.7017E-11 8.5232E-11 9.4049E-11 1.0353E-10 1.1321E-10 1.2041E-10 1.2773E-10 1.3445E-10 1.4055E-10 1.4432E-10 1.4936E-10 1.5690E-10 1.6295E-10 1.6671E-10 1.6731E-10 1.6369E-10 1.5658E-10 1.5144E-10 1.5072E-10 1.5206E-10 1.4208E-10 1.2824E-10 1.1782E-10 1.1700E-10 1.0618E-10 1.0079E-10 8.8043E-11 7.9986E-11 7.8226E-11 7.0019E-11 5.7114E-11 5.4230E-11 5.2045E-11 4.6055E-11 4.4496E-11 4.1792E-11 3.4082E-11 3.2525E-11 2.4078E-11
0.0000E+00 4.0689E-13 1.0958E-12 7.3446E-12 8.7595E-12 1.3627E-11 1.7006E-11 1.8703E-11 2.1131E-11 2.6907E-11 2.9212E-11 3.2283E-11 3.5196E-11 4.3056E-11 4.6227E-11 4.9142E-11 5.2028E-11 5.8035E-11 6.1917E-11 6.8540E-11 7.4938E-11 7.9784E-11 8.7783E-11 9.4065E-11 9.4823E-11 1.0237E-10 1.0889E-10 1.1442E-10 1.1943E-10 1.2609E-10 1.2733E-10 1.1729E-10 1.2131E-10 1.2002E-10 1.2108E-10 1.2281E-10 1.1931E-10 1.0524E-10 1.0087E-10 9.7519E-11 9.7277E-11 8.7366E-11 6.7710E-11 6.7210E-11 6.5842E-11 5.3947E-11 5.3090E-11 4.5378E-11 3.9779E-11 3.7925E-11 3.4598E-11 2.8845E-11 2.7972E-11 2.5304E-11 2.0582E-11 1.7082E-11 1.2417E-11
0.0000E+00 0.0000E+00 2.8164E-13 9.6801E-13 6.9766E-12 8.4892E-12 1.2338E-11 1.5756E-11 1.7384E-11 1.9606E-11 2.5107E-11 2.6875E-11 2.9760E-11 3.2298E-11 3.8296E-11 4.1002E-11 4.4463E-11 4.8153E-11 5.2444E-11 5.5466E-11 5.8594E-11 6.1821E-11 6.5122E-11 6.8877E-11 7.2507E-11 7.9107E-11 8.2600E-11 8.4862E-11 8.0167E-11 8.2522E-11 8.5333E-11 8.6373E-11 8.8558E-11 8.8116E-11 8.7461E-11 7.8801E-11 7.7058E-11 7.6843E-11 7.5044E-11 7.0108E-11 5.2947E-11 5.0919E-11 4.8800E-11 4.7578E-11 3.9810E-11 3.1392E-11 3.0326E-11 2.8106E-11 2.4599E-11 2.3158E-11 2.3778E-11 1.9645E-11 1.6358E-11 1.5290E-11 9.3719E-12 7.8263E-12 5.2073E-12
0.0000E+00 0.0000E+00 0.0000E+00 1.2602E-13 7.6989E-13 6.5675E-12 7.9718E-12 1.1580E-11 1.4104E-11 1.5452E-11 1.6826E-11 2.1945E-11 2.3755E-11 2.5577E-11 2.7642E-11 3.2649E-11 3.5271E-11 3.7357E-11 3.9409E-11 4.2650E-11 4.5245E-11 4.7874E-11 4.9102E-11 5.2004E-11 5.3696E-11 5.4531E-11 5.7651E-11 5.8820E-11 5.9210E-11 6.0750E-11 6.4145E-11 6.5101E-11 6.1700E-11 5.6166E-11 5.6022E-11 5.7620E-11 5.7385E-11 5.2678E-11 4.5324E-11 3.9553E-11 3.8902E-11 3.7563E-11 3.0937E-11 2.4932E-11 2.2668E-11 2.0291E-11 2.0083E-11 1.7694E-11 1.6825E-11 1.3415E-11 1.0767E-11 6.2454E-12 5.9928E-12 4.9210E-12 3.8919E-12 3.4410E-12 1.8850E-12
0.0000E+00 0.0000E+00 0.0000E+00 0.0000E+00 0.0000E+00 5.3780E-13 6.2390E-12 7.4163E-12 1.2378E-11 1.3612E-11 1.4875E-11 1.6160E-11 2.1071E-11 2.2761E-11 2.4459E-11 2.6156E-11 3.0225E-11 3.2131E-11 3.4234E-11 3.6717E-11 3.7313E-11 3.6446E-11 3.7627E-11 3.8738E-11 3.9867E-11 4.1769E-11 4.3212E-11 4.5544E-11 4.4660E-11 4.2070E-11 4.3853E-11 3.8885E-11 3.7824E-11 3.8162E-11 3.4397E-11 3.1766E-11 2.4961E-11 2.5231E-11 2.5586E-11 2.5895E-11 2.1051E-11 1.9650E-11 1.3679E-11 1.3091E-11 1.2451E-11 1.0585E-11 9.5161E-12 8.1007E-12 5.8291E-12 4.6162E-12 3.8565E-12 3.7203E-12 1.9030E-12 1.8271E-12 1.0170E-12 0.0000E+00 0.0000E+00
0.0000E+00 0.0000E+00 0.0000E+00 0.0000E+00 0.0000E+00 0.0000E+00 2.7684E-13 5.9255E-12 6.6962E-12 1.0833E-11 1.1895E-11 1.2977E-11 1.4072E-11 1.8672E-11 2.0135E-11 2.1601E-11 2.1536E-11 2.4012E-11 2.5428E-11 2.6820E-11 2.8151E-11 2.9356E-11 3.0484E-11 3.1684E-11 3.1626E-11 2.7057E-11 2.7114E-11 2.7678E-11 2.3293E-11 2.3673E-11 2.4700E-11 2.4991E-11 1.8258E-11 1.9396E-11 1.3625E-11 1.4744E-11 1.5259E-11 1.6553E-11 1.3781E-11 1.4084E-11 8.3914E-12 6.0608E-12 5.1806E-12 5.2568E-12 3.7323E-12 3.6749E-12 1.8916E-12 1.8542E-12 1.8113E-12 4.2439E-13 0.0000E+00 0.0000E+00 0.0000E+00 0.0000E+00 0.0000E+00 0.0000E+00 0.0000E+00
0.0000E+00 0.0000E+00 0.0000E+00 0.0000E+00 0.0000E+00 0.0000E+00 0.0000E+00 0.0000E+00 4.8365E-12 5.3497E-12 9.2535E-12 1.0153E-11 1.1065E-11 1.1985E-11 1.5162E-11 1.6308E-11 1.7448E-11 1.8577E-11 2.0802E-11 2.0779E-11 2.1841E-11 2.0935E-11 1.9244E-11 1.9987E-11 2.0697E-11 2.1372E-11 1.7644E-11 1.8146E-11 1.8616E-11 1.2975E-11 1.3224E-11 1.4119E-11 9.3418E-12 8.8025E-12 8.9168E-12 5.2869E-12 5.3324E-12 0.0000E+00 0.0000E+00 0.0000E+00 0.0000E+00 0.0000E+00 0.0000E+00 0.0000E+00 0.0000E+00 0.0000E+00 0.0000E+00 0.0000E+00 0.0000E+00 0.0000E+00 0.0000E+00 0.0000E+00 0.0000E+00 0.0000E+00 0.0000E+00 0.0000E+00 0.0000E+00
0.0000E+00 0.0000E+00 0.0000E+00 0.0000E+00 0.0000E+00 0.0000E+00 0.0000E+00 0.0000E+00 0.0000E+00 4.6922E-12 5.1756E-12 8.9476E-12 9.7933E-12 1.0650E-11 1.1512E-11 1.3468E-11 1.4435E-11 1.5395E-11 1.4436E-11 1.5254E-11 1.6053E-11 1.6831E-11 1.4013E-11 1.4612E-11 1.5187E-11 1.5739E-11 1.1183E-11 1.1495E-11 1.1788E-11 7.6328E-12 7.8017E-12 7.9584E-12 8.1029E-12 4.8506E-12 4.9136E-12 0.0000E+00 0.0000E+00 0.0000E+00 0.0000E+00 0.0000E+00 0.0000E+00 0.0000E+00 0.0000E+00 0.0000E+00 0.0000E+00 0.0000E+00 0.0000E+00 0.0000E+00 0.0000E+00 0.0000E+00 0.0000E+00 0.0000E+00 0.0000E+00 0.0000E+00 0.0000E+00 0.0000E+00 0.0000E+00
0.0000E+00 0.0000E+00 0.0000E+00 0.0000E+00 0.0000E+00 0.0000E+00 0.0000E+00 0.0000E+00 0.0000E+00 0.0000E+00 4.5485E-12 5.0038E-12 7.5862E-12 8.2753E-12 8.9719E-12 9.6717E-12 1.1428E-11 1.2225E-11 1.0294E-11 1.0931E-11 1.1557E-11 1.0589E-11 8.9124E-12 9.2863E-12 9.6457E-12 9.9896E-12 6.5010E-12 6.7051E-12 6.8983E-12 7.0803E-12 4.3024E-12 4.3883E-12 4.4676E-12 0.0000E+00 0.0000E+00 0.0000E+00 0.0000E+00 0.0000E+00 0.0000E+00 0.0000E+00 0.0000E+00 0.0000E+00 0.0000E+00 0.0000E+00 0.0000E+00 0.0000E+00 0.0000E+00 0.0000E+00 0.0000E+00 0.0000E+00 0.0000E+00 0.0000E+00 0.0000E+00 0.0000E+00 0.0000E+00 0.0000E+00 0.0000E+00
0.0000E+00 0.0000E+00 0.0000E+00 0.0000E+00 0.0000E+00 0.0000E+00 0.0000E+00 0.0000E+00 0.0000E+00 0.0000E+00 0.0000E+00 4.4059E-12 4.8349E-12 5.5755E-12 6.0809E-12 6.5922E-12 7.1064E-12 6.1738E-12 6.5785E-12 6.9783E-12 7.3714E-12 7.7559E-12 8.1305E-12 5.3243E-12 5.5525E-12 5.7725E-12 3.5911E-12 3.7026E-12 3.8082E-12 3.9078E-12 0.0000E+00 0.0000E+00 0.0000E+00 0.0000E+00 0.0000E+00 0.0000E+00 0.0000E+00 0.0000E+00 0.0000E+00 0.0000E+00 0.0000E+00 0.0000E+00 0.0000E+00 0.0000E+00 0.0000E+00 0.0000E+00 0.0000E+00 0.0000E+00 0.0000E+00 0.0000E+00 0.0000E+00 0.0000E+00 0.0000E+00 0.0000E+00 0.0000E+00 0.0000E+00 0.0000E+00
0.0000E+00 0.0000E+00 0.0000E+00 0.0000E+00 0.0000E+00 0.0000E+00 0.0000E+00 0.0000E+00 0.0000E+00 0.0000E+00 0.0000E+00 0.0000E+00 2.8459E-12 3.1187E-12 4.3920E-12 4.7712E-12 5.1538E-12 5.5374E-12 3.6723E-12 3.9163E-12 4.1577E-12 4.3956E-12 2.8190E-12 2.9478E-12 3.0725E-12 3.1926E-12 3.3079E-12 0.0000E+00 0.0000E+00 0.0000E+00 0.0000E+00 0.0000E+00 0.0000E+00 0.0000E+00 0.0000E+00 0.0000E+00 0.0000E+00 0.0000E+00 0.0000E+00 0.0000E+00 0.0000E+00 0.0000E+00 0.0000E+00 0.0000E+00 0.0000E+00 0.0000E+00 0.0000E+00 0.0000E+00 0.0000E+00 0.0000E+00 0.0000E+00 0.0000E+00 0.0000E+00 0.0000E+00 0.0000E+00 0.0000E+00 0.0000E+00
0.0000E+00 0.0000E+00 0.0000E+00 0.0000E+00 0.0000E+00 0.0000E+00 0.0000E+00 0.0000E+00 0.0000E+00 0.0000E+00 0.0000E+00 0.0000E+00 0.0000E+00 1.3789E-12 1.5091E-12 1.6415E-12 1.7752E-12 1.9096E-12 2.0439E-12 2.1774E-12 2.3095E-12 2.4396E-12 2.5671E-12 0.0000E+00 0.0000E+00 0.0000E+00 0.0000E+00 0.0000E+00 0.0000E+00 0.0000E+00 0.0000E+00 0.0000E+00 0.0000E+00 0.0000E+00 0.0000E+00 0.0000E+00 0.0000E+00 0.0000E+00 0.0000E+00 0.0000E+00 0.0000E+00 0.0000E+00 0.0000E+00 0.0000E+00 0.0000E+00 0.0000E+00 0.0000E+00 0.0000E+00 0.0000E+00 0.0000E+00 0.0000E+00 0.0000E+00 0.0000E+00 0.0000E+00 0.0000E+00 0.0000E+00 0.0000E+00
0.0000E+00 0.0000E+00 0.0000E+00 0.0000E+00 0.0000E+00 0.0000E+00 0.0000E+00 0.0000E+00 0.0000E+00 0.0000E+00 0.0000E+00 0.0000E+00 0.0000E+00 0.0000E+00 1.3356E-12 1.4585E-12 1.5832E-12 1.7092E-12 0.0000E+00 0.0000E+00 0.0000E+00 0.0000E+00 0.0000E+00 0.0000E+00 0.0000E+00 0.0000E+00 0.0000E+00 0.0000E+00 0.0000E+00 0.0000E+00 0.0000E+00 0.0000E+00 0.0000E+00 0.0000E+00 0.0000E+00 0.0000E+00 0.0000E+00 0.0000E+00 0.0000E+00 0.0000E+00 0.0000E+00 0.0000E+00 0.0000E+00 0.0000E+00 0.0000E+00 0.0000E+00 0.0000E+00 0.0000E+00 0.0000E+00 0.0000E+00 0.0000E+00 0.0000E+00 0.0000E+00 0.0000E+00 0.0000E+00 0.0000E+00 0.0000E+00
0.0000E+00 0.0000E+00 0.0000E+00 0.0000E+00 0.0000E+00 0.0000E+00 0.0000E+00 0.0000E+00 0.0000E+00 0.0000E+00 0.0000E+00 0.0000E+00 0.0000E+00 0.0000E+00 0.0000E+00 0.0000E+00 0.0000E+00 0.0000E+00 0.0000E+00 0.0000E+00 0.0000E+00 0.0000E+00 0.0000E+00 0.0000E+00 0.0000E+00 0.0000E+00 0.0000E+00 0.0000E+00 0.0000E+00 0.0000E+00 0.0000E+00 0.0000E+00 0.0000E+00 0.0000E+00 0.0000E+00 0.0000E+00 0.0000E+00 0.0000E+00 0.0000E+00 0.0000E+00 0.0000E+00 0.0000E+00 0.0000E+00 0.0000E+00 0.0000E+00 0.0000E+00 0.0000E+00 0.0000E+00 0.0000E+00 0.0000E+00 0.0000E+00 0.0000E+00 0.0000E+00 0.0000E+00 0.0000E+00 0.0000E+00 0.0000E+00
0.0000E+00 0.0000E+00 0.0000E+00 0.0000E+00 0.0000E+00 0.0000E+00 0.0000E+00 0.0000E+00 0.0000E+00 0.0000E+00 0.0000E+00 0.0000E+00 0.0000E+00 0.0000E+00 0.0000E+00 0.0000E+00 0.0000E+00 0.0000E+00 0.0000E+00 0.0000E+00 0.0000E+00 0.0000E+00 0.0000E+00 0.0000E+00 0.0000E+00 0.0000E+00 0.0000E+00 0.0000E+00 0.0000E+00 0.0000E+00 0.0000E+00 0.0000E+00 0.0000E+00 0.0000E+00 0.0000E+00 0.0000E+00 0.0000E+00 0.0000E+00 0.0000E+00 0.0000E+00 0.0000E+00 0.0000E+00 0.0000E+00 0.0000E+00 0.0000E+00 0.0000E+00 0.0000E+00 0.0000E+00 0.0000E+00 0.0000E+00 0.0000E+00 0.0000E+00 0.0000E+00 0.0000E+00 0.0000E+00 0.0000E+00 0.0000E+00
0.0000E+00 0.0000E+00 0.0000E+00 0.0000E+00 0.0000E+00 0.0000E+00 0.0000E+00 0.0000E+00 0.0000E+00 0.0000E+00 0.0000E+00 0.0000E+00 0.0000E+00 0.0000E+00 0.0000E+00 0.0000E+00 0.0000E+00 0.0000E+00 0.0000E+00 0.0000E+00 0.0000E+00 0.0000E+00 0.0000E+00 0.0000E+00 0.0000E+00 0.0000E+00 0.0000E+00 0.0000E+00 0.0000E+00 0.0000E+00 0.0000E+00 0.0000E+00 0.0000E+00 0.0000E+00 0.0000E+00 0.0000E+00 0.0000E+00 0.0000E+00 0.0000E+00 0.0000E+00 0.0000E+00 0.0000E+00 0.0000E+00 0.0000E+00 0.0000E+00 0.0000E+00 0.0000E+00 0.0000E+00 0.0000E+00 0.0000E+00 0.0000E+00 0.0000E+00 0.0000E+00 0.0000E+00 0.0000E+00 0.0000E+00 0.0000E+00
