Assets/Resources/2015_m01_d28_1300(utc+0800)_l00_csi_1hr_conc.grd
DSAA
         159         159
     -79.000      79.000
     -79.000      79.000
  0.0000E+00  0.1038E-05
[rows 25 to 49 of 159, columns 57 to 113 of 159]
6.6805E-09 7.6469E-09 8.6728E-09 9.7525E-09 1.0867E-08 1.1991E-08 1.3101E-08 1.4170E-08 1.5168E-08 1.6065E-08 1.6829E-08 1.7430E-08 1.7847E-08 1.8059E-08 1.8052E-08 1.7822E-08 1.7374E-08 1.6715E-08 1.5869E-08 1.4864E-08 1.3729E-08 1.2505E-08 1.1230E-08 9.9421E-09 8.6781E-09 7.4662E-09 6.3389E-09 5.3071E-09 4.3832E-09 3.5794E-09 2.8863E-09 2.3046E-09 1.8188E-09 1.4169E-09 1.0722E-09 7.9791E-10 6.0384E-10 4.4220E-10 3.0277E-10 1.8321E-10 1.0832E-10 6.7389E-11 3.8369E-11 1.9939E-11 1.0057E-11 2.3748E-12 0.0000E+00 0.0000E+00 0.0000E+00 0.0000E+00 0.0000E+00 0.0000E+00 0.0000E+00 0.0000E+00 0.0000E+00 0.0000E+00 0.0000E+00
6.5648E-09 7.5370E-09 8.5836E-09 9.6891E-09 1.0832E-08 1.1993E-08 1.3150E-08 1.4272E-08 1.5328E-08 1.6282E-08 1.7103E-08 1.7763E-08 1.8229E-08 1.8481E-08 1.8508E-08 1.8296E-08 1.7850E-08 1.7187E-08 1.6320E-08 1.5281E-08 1.4109E-08 1.2838E-08 1.1515E-08 1.0177E-08 8.8635E-09 7.6109E-09 6.4387E-09 5.3762E-09 4.4274E-09 3.5973E-09 2.8910E-09 2.2943E-09 1.8024E-09 1.3943E-09 1.0441E-09 7.7094E-10 5.7637E-10 4.1544E-10 2.7856E-10 1.5945E-10 8.5948E-11 5.0831E-11 2.6802E-11 1.2436E-11 4.3536E-12 0.0000E+00 0.0000E+00 0.0000E+00 0.0000E+00 0.0000E+00 0.0000E+00 0.0000E+00 0.0000E+00 0.0000E+00 0.0000E+00 0.0000E+00 0.0000E+00
6.4176E-09 7.4007E-09 8.4620E-09 9.5842E-09 1.0755E-08 1.1955E-08 1.3157E-08 1.4331E-08 1.5440E-08 1.6455E-08 1.7337E-08 1.8053E-08 1.8573E-08 1.8871E-08 1.8927E-08 1.8738E-08 1.8304E-08 1.7632E-08 1.6748E-08 1.5682E-08 1.4472E-08 1.3157E-08 1.1785E-08 1.0401E-08 9.0406E-09 7.7421E-09 6.5369E-09 5.4368E-09 4.4624E-09 3.6151E-09 2.8892E-09 2.2839E-09 1.7817E-09 1.3693E-09 1.0253E-09 7.3981E-10 5.4635E-10 3.8604E-10 2.4996E-10 1.3745E-10 6.5225E-11 3.5914E-11 1.6390E-11 5.5953E-12 0.0000E+00 0.0000E+00 0.0000E+00 0.0000E+00 0.0000E+00 0.0000E+00 0.0000E+00 0.0000E+00 0.0000E+00 0.0000E+00 0.0000E+00 0.0000E+00 0.0000E+00
6.2444E-09 7.2322E-09 8.2994E-09 9.4399E-09 1.0641E-08 1.1877E-08 1.3120E-08 1.4342E-08 1.5510E-08 1.6584E-08 1.7525E-08 1.8302E-08 1.8873E-08 1.9214E-08 1.9312E-08 1.9146E-08 1.8721E-08 1.8051E-08 1.7152E-08 1.6062E-08 1.4817E-08 1.3462E-08 1.2047E-08 1.0613E-08 9.2114E-09 7.8694E-09 6.6231E-09 5.4973E-09 4.4936E-09 3.6260E-09 2.8881E-09 2.2691E-09 1.7622E-09 1.3437E-09 9.9745E-10 7.0980E-10 5.1629E-10 3.5867E-10 2.1977E-10 1.1741E-10 4.7101E-11 2.2590E-11 7.0787E-12 1.4078E-13 0.0000E+00 0.0000E+00 0.0000E+00 0.0000E+00 0.0000E+00 0.0000E+00 0.0000E+00 0.0000E+00 0.0000E+00 0.0000E+00 0.0000E+00 0.0000E+00 0.0000E+00
6.0403E-09 7.0239E-09 8.0995E-09 9.2596E-09 1.0482E-08 1.1747E-08 1.3032E-08 1.4304E-08 1.5525E-08 1.6658E-08 1.7661E-08 1.8493E-08 1.9121E-08 1.9513E-08 1.9646E-08 1.9509E-08 1.9101E-08 1.8431E-08 1.7523E-08 1.6410E-08 1.5135E-08 1.3742E-08 1.2285E-08 1.0809E-08 9.3606E-09 7.9857E-09 6.7035E-09 5.5449E-09 4.5241E-09 3.6345E-09 2.8821E-09 2.2555E-09 1.7366E-09 1.3154E-09 9.6648E-10 6.7649E-10 4.8255E-10 3.2762E-10 1.9043E-10 9.9130E-11 3.0885E-11 1.1181E-11 1.2396E-12 0.0000E+00 0.0000E+00 0.0000E+00 0.0000E+00 0.0000E+00 0.0000E+00 0.0000E+00 0.0000E+00 0.0000E+00 0.0000E+00 0.0000E+00 0.0000E+00 0.0000E+00 0.0000E+00
5.8001E-09 6.7823E-09 7.8650E-09 9.0338E-09 1.0273E-08 1.1571E-08 1.2896E-08 1.4214E-08 1.5490E-08 1.6680E-08 1.7743E-08 1.8640E-08 1.9325E-08 1.9769E-08 1.9947E-08 1.9841E-08 1.9450E-08 1.8790E-08 1.7875E-08 1.6743E-08 1.5440E-08 1.4013E-08 1.2513E-08 1.0997E-08 9.5084E-09 8.0877E-09 6.7779E-09 5.5893E-09 4.5399E-09 3.6393E-09 2.8736E-09 2.2354E-09 1.7109E-09 1.2812E-09 9.3432E-10 6.4566E-10 4.5277E-10 2.9454E-10 1.6248E-10 8.1836E-11 1.7204E-11 3.6880E-12 0.0000E+00 0.0000E+00 0.0000E+00 0.0000E+00 0.0000E+00 0.0000E+00 0.0000E+00 0.0000E+00 0.0000E+00 0.0000E+00 0.0000E+00 0.0000E+00 0.0000E+00 0.0000E+00 0.0000E+00
5.5289E-09 6.5068E-09 7.5864E-09 8.7589E-09 1.0020E-08 1.1344E-08 1.2703E-08 1.4064E-08 1.5392E-08 1.6644E-08 1.7771E-08 1.8727E-08 1.9476E-08 1.9975E-08 2.0198E-08 2.0131E-08 1.9764E-08 1.9111E-08 1.8194E-08 1.7048E-08 1.5716E-08 1.4253E-08 1.2719E-08 1.1160E-08 9.6357E-09 8.1861E-09 6.8385E-09 5.6301E-09 4.5604E-09 3.6372E-09 2.8612E-09 2.2108E-09 1.6761E-09 1.2442E-09 8.9736E-10 6.1239E-10 4.1826E-10 2.6108E-10 1.3639E-10 6.3097E-11 6.4647E-12 0.0000E+00 0.0000E+00 0.0000E+00 0.0000E+00 0.0000E+00 0.0000E+00 0.0000E+00 0.0000E+00 0.0000E+00 0.0000E+00 0.0000E+00 0.0000E+00 0.0000E+00 0.0000E+00 0.0000E+00 0.0000E+00
5.2312E-09 6.1948E-09 7.2651E-09 8.4452E-09 9.7179E-09 1.1061E-08 1.2452E-08 1.3860E-08 1.5243E-08 1.6554E-08 1.7747E-08 1.8774E-08 1.9587E-08 2.0147E-08 2.0425E-08 2.0396E-08 2.0057E-08 1.9417E-08 1.8497E-08 1.7335E-08 1.5981E-08 1.4484E-08 1.2908E-08 1.1317E-08 9.7510E-09 8.2659E-09 6.8951E-09 5.6560E-09 4.5694E-09 3.6307E-09 2.8351E-09 2.1779E-09 1.6397E-09 1.2038E-09 8.5671E-10 5.7785E-10 3.8067E-10 2.2875E-10 1.1227E-10 4.5564E-11 8.6238E-13 0.0000E+00 0.0000E+00 0.0000E+00 0.0000E+00 0.0000E+00 0.0000E+00 0.0000E+00 0.0000E+00 0.0000E+00 0.0000E+00 0.0000E+00 0.0000E+00 0.0000E+00 0.0000E+00 0.0000E+00 0.0000E+00
4.9076E-09 5.8478E-09 6.9112E-09 8.0880E-09 9.3628E-09 1.0724E-08 1.2149E-08 1.3599E-08 1.5034E-08 1.6407E-08 1.7668E-08 1.8768E-08 1.9654E-08 2.0280E-08 2.0614E-08 2.0634E-08 2.0326E-08 1.9702E-08 1.8785E-08 1.7611E-08 1.6229E-08 1.4703E-08 1.3092E-08 1.1458E-08 9.8635E-09 8.3435E-09 6.9404E-09 5.6782E-09 4.5679E-09 3.6126E-09 2.8060E-09 2.1368E-09 1.5960E-09 1.1584E-09 8.1539E-10 5.3918E-10 3.3859E-10 1.9676E-10 9.0577E-11 3.2320E-11 0.0000E+00 0.0000E+00 0.0000E+00 0.0000E+00 0.0000E+00 0.0000E+00 0.0000E+00 0.0000E+00 0.0000E+00 0.0000E+00 0.0000E+00 0.0000E+00 0.0000E+00 0.0000E+00 0.0000E+00 0.0000E+00 0.0000E+00
4.5571E-09 5.4785E-09 6.5256E-09 7.6882E-09 8.9668E-09 1.0346E-08 1.1798E-08 1.3288E-08 1.4775E-08 1.6215E-08 1.7549E-08 1.8724E-08 1.9687E-08 2.0386E-08 2.0786E-08 2.0853E-08 2.0582E-08 1.9979E-08 1.9061E-08 1.7875E-08 1.6474E-08 1.4915E-08 1.3269E-08 1.1600E-08 9.9589E-09 8.4077E-09 6.9730E-09 5.6821E-09 4.5506E-09 3.5777E-09 2.7604E-09 2.0879E-09 1.5450E-09 1.1054E-09 7.6731E-10 4.9597E-10 2.9727E-10 1.6645E-10 7.2535E-11 2.3361E-11 0.0000E+00 0.0000E+00 0.0000E+00 0.0000E+00 0.0000E+00 0.0000E+00 0.0000E+00 0.0000E+00 0.0000E+00 0.0000E+00 0.0000E+00 0.0000E+00 0.0000E+00 0.0000E+00 0.0000E+00 0.0000E+00 0.0000E+00
4.1965E-09 5.0893E-09 6.1072E-09 7.2566E-09 8.5355E-09 9.9253E-09 1.1398E-08 1.2928E-08 1.4472E-08 1.5977E-08 1.7389E-08 1.8643E-08 1.9689E-08 2.0468E-08 2.0935E-08 2.1061E-08 2.0829E-08 2.0244E-08 1.9337E-08 1.8141E-08 1.6716E-08 1.5129E-08 1.3444E-08 1.1733E-08 1.0058E-08 8.4604E-09 6.9915E-09 5.6737E-09 4.5195E-09 3.5291E-09 2.7044E-09 2.0276E-09 1.4872E-09 1.0485E-09 7.1482E-10 4.4882E-10 2.5745E-10 1.3990E-10 5.7270E-11 1.7607E-11 0.0000E+00 0.0000E+00 0.0000E+00 0.0000E+00 0.0000E+00 0.0000E+00 0.0000E+00 0.0000E+00 0.0000E+00 0.0000E+00 0.0000E+00 0.0000E+00 0.0000E+00 0.0000E+00 0.0000E+00 0.0000E+00 0.0000E+00
3.8260E-09 4.6806E-09 5.6693E-09 6.8087E-09 8.0780E-09 9.4665E-09 1.0965E-08 1.2533E-08 1.4129E-08 1.5702E-08 1.7190E-08 1.8536E-08 1.9669E-08 2.0532E-08 2.1076E-08 2.1261E-08 2.1076E-08 2.0522E-08 1.9618E-08 1.8416E-08 1.6969E-08 1.5345E-08 1.3623E-08 1.1865E-08 1.0137E-08 8.5026E-09 6.9958E-09 5.6431E-09 4.4679E-09 3.4673E-09 2.6343E-09 1.9594E-09 1.4189E-09 9.8513E-10 6.5520E-10 3.9809E-10 2.2135E-10 1.1514E-10 4.3210E-11 1.2687E-11 0.0000E+00 0.0000E+00 0.0000E+00 0.0000E+00 0.0000E+00 0.0000E+00 0.0000E+00 0.0000E+00 0.0000E+00 0.0000E+00 0.0000E+00 0.0000E+00 0.0000E+00 0.0000E+00 0.0000E+00 0.0000E+00 0.0000E+00
3.4505E-09 4.2627E-09 5.2269E-09 6.3361E-09 7.5890E-09 8.9833E-09 1.0500E-08 1.2106E-08 1.3754E-08 1.5397E-08 1.6974E-08 1.8409E-08 1.9641E-08 2.0596E-08 2.1217E-08 2.1478E-08 2.1342E-08 2.0818E-08 1.9927E-08 1.8713E-08 1.7240E-08 1.5578E-08 1.3803E-08 1.1994E-08 1.0219E-08 8.5325E-09 6.9820E-09 5.5990E-09 4.3992E-09 3.3844E-09 2.5504E-09 1.8784E-09 1.3459E-09 9.1305E-10 5.9085E-10 3.4908E-10 1.8583E-10 8.9473E-11 3.0065E-11 9.0584E-12 0.0000E+00 0.0000E+00 0.0000E+00 0.0000E+00 0.0000E+00 0.0000E+00 0.0000E+00 0.0000E+00 0.0000E+00 0.0000E+00 0.0000E+00 0.0000E+00 0.0000E+00 0.0000E+00 0.0000E+00 0.0000E+00 0.0000E+00
3.0728E-09 3.8519E-09 4.7782E-09 5.8545E-09 7.0929E-09 8.4889E-09 1.0018E-08 1.1650E-08 1.3356E-08 1.5070E-08 1.6729E-08 1.8264E-08 1.9591E-08 2.0649E-08 2.1369E-08 2.1702E-08 2.1627E-08 2.1139E-08 2.0260E-08 1.9037E-08 1.7532E-08 1.5824E-08 1.3993E-08 1.2122E-08 1.0286E-08 8.5467E-09 6.9524E-09 5.5366E-09 4.3160E-09 3.2920E-09 2.4549E-09 1.7910E-09 1.2617E-09 8.3966E-10 5.2283E-10 3.0061E-10 1.5022E-10 6.5373E-11 2.2890E-11 5.7555E-12 0.0000E+00 0.0000E+00 0.0000E+00 0.0000E+00 0.0000E+00 0.0000E+00 0.0000E+00 0.0000E+00 0.0000E+00 0.0000E+00 0.0000E+00 0.0000E+00 0.0000E+00 0.0000E+00 0.0000E+00 0.0000E+00 0.0000E+00
2.7082E-09 3.4475E-09 4.3282E-09 5.3705E-09 6.5943E-09 7.9754E-09 9.5116E-09 1.1181E-08 1.2937E-08 1.4728E-08 1.6478E-08 1.8117E-08 1.9563E-08 2.0730E-08 2.1553E-08 2.1975E-08 2.1961E-08 2.1512E-08 2.0643E-08 1.9401E-08 1.7859E-08 1.6093E-08 1.4194E-08 1.2251E-08 1.0349E-08 8.5501E-09 6.9076E-09 5.4594E-09 4.2151E-09 3.1809E-09 2.3455E-09 1.6888E-09 1.1705E-09 7.6090E-10 4.5140E-10 2.5133E-10 1.1604E-10 4.4284E-11 1.6972E-11 3.1476E-12 0.0000E+00 0.0000E+00 0.0000E+00 0.0000E+00 0.0000E+00 0.0000E+00 0.0000E+00 0.0000E+00 0.0000E+00 0.0000E+00 0.0000E+00 0.0000E+00 0.0000E+00 0.0000E+00 0.0000E+00 0.0000E+00 0.0000E+00
2.3710E-09 3.0570E-09 3.8906E-09 4.9019E-09 6.0896E-09 7.4595E-09 9.0048E-09 1.0703E-08 1.2509E-08 1.4368E-08 1.6220E-08 1.7969E-08 1.9528E-08 2.0819E-08 2.1749E-08 2.2265E-08 2.2326E-08 2.1916E-08 2.1057E-08 1.9795E-08 1.8204E-08 1.6373E-08 1.4398E-08 1.2380E-08 1.0398E-08 8.5367E-09 6.8482E-09 5.3636E-09 4.1014E-09 3.0616E-09 2.2294E-09 1.5824E-09 1.0737E-09 6.7541E-10 3.8121E-10 2.0314E-10 8.3313E-11 2.7259E-11 1.1644E-11 1.4408E-12 0.0000E+00 0.0000E+00 0.0000E+00 0.0000E+00 0.0000E+00 0.0000E+00 0.0000E+00 0.0000E+00 0.0000E+00 0.0000E+00 0.0000E+00 0.0000E+00 0.0000E+00 0.0000E+00 0.0000E+00 0.0000E+00 0.0000E+00
2.0541E-09 2.6892E-09 3.4802E-09 4.4479E-09 5.5967E-09 6.9500E-09 8.5027E-09 1.0216E-08 1.2071E-08 1.4011E-08 1.5957E-08 1.7828E-08 1.9521E-08 2.0940E-08 2.1999E-08 2.2619E-08 2.2753E-08 2.2385E-08 2.1532E-08 2.0243E-08 1.8596E-08 1.6685E-08 1.4622E-08 1.2509E-08 1.0447E-08 8.5165E-09 6.7686E-09 5.2520E-09 3.9722E-09 2.9269E-09 2.0996E-09 1.4672E-09 9.7206E-10 5.8280E-10 3.1312E-10 1.5586E-10 5.5485E-11 2.0307E-11 7.3314E-12 5.1622E-13 0.0000E+00 0.0000E+00 0.0000E+00 0.0000E+00 0.0000E+00 0.0000E+00 0.0000E+00 0.0000E+00 0.0000E+00 0.0000E+00 0.0000E+00 0.0000E+00 0.0000E+00 0.0000E+00 0.0000E+00 0.0000E+00 0.0000E+00
1.7612E-09 2.3469E-09 3.0929E-09 4.0043E-09 5.1233E-09 6.4556E-09 7.9912E-09 9.7321E-09 1.1637E-08 1.3655E-08 1.5705E-08 1.7695E-08 1.9529E-08 2.1089E-08 2.2276E-08 2.3008E-08 2.3223E-08 2.2896E-08 2.2047E-08 2.0723E-08 1.9010E-08 1.7014E-08 1.4852E-08 1.2641E-08 1.0486E-08 8.4820E-09 6.6851E-09 5.1295E-09 3.8334E-09 2.7899E-09 1.9721E-09 1.3495E-09 8.6720E-10 4.9879E-10 2.4744E-10 1.1133E-10 3.4211E-11 1.4084E-11 3.6422E-12 0.0000E+00 0.0000E+00 0.0000E+00 0.0000E+00 0.0000E+00 0.0000E+00 0.0000E+00 0.0000E+00 0.0000E+00 0.0000E+00 0.0000E+00 0.0000E+00 0.0000E+00 0.0000E+00 0.0000E+00 0.0000E+00 0.0000E+00 0.0000E+00
1.4899E-09 2.0336E-09 2.7264E-09 3.5935E-09 4.6721E-09 5.9695E-09 7.5002E-09 9.2549E-09 1.1206E-08 1.3292E-08 1.5444E-08 1.7570E-08 1.9547E-08 2.1259E-08 2.2592E-08 2.3446E-08 2.3750E-08 2.3471E-08 2.2624E-08 2.1259E-08 1.9473E-08 1.7376E-08 1.5103E-08 1.2782E-08 1.0533E-08 8.4435E-09 6.5875E-09 5.0026E-09 3.6875E-09 2.6434E-09 1.8329E-09 1.2214E-09 7.4966E-10 4.1378E-10 1.8579E-10 7.4869E-11 2.0187E-11 8.5721E-12 1.3547E-12 0.0000E+00 0.0000E+00 0.0000E+00 0.0000E+00 0.0000E+00 0.0000E+00 0.0000E+00 0.0000E+00 0.0000E+00 0.0000E+00 0.0000E+00 0.0000E+00 0.0000E+00 0.0000E+00 0.0000E+00 0.0000E+00 0.0000E+00 0.0000E+00
1.2182E-09 1.7391E-09 2.3777E-09 3.2016E-09 4.2323E-09 5.4970E-09 7.0177E-09 8.7809E-09 1.0760E-08 1.2925E-08 1.5187E-08 1.7444E-08 1.9578E-08 2.1453E-08 2.2940E-08 2.3924E-08 2.4324E-08 2.4096E-08 2.3253E-08 2.1845E-08 1.9976E-08 1.7770E-08 1.5374E-08 1.2938E-08 1.0578E-08 8.4034E-09 6.4837E-09 4.8578E-09 3.5346E-09 2.4908E-09 1.6961E-09 1.0952E-09 6.4130E-10 3.3528E-10 1.3206E-10 4.4545E-11 1.3410E-11 4.3100E-12 3.6405E-13 0.0000E+00 0.0000E+00 0.0000E+00 0.0000E+00 0.0000E+00 0.0000E+00 0.0000E+00 0.0000E+00 0.0000E+00 0.0000E+00 0.0000E+00 0.0000E+00 0.0000E+00 0.0000E+00 0.0000E+00 0.0000E+00 0.0000E+00 0.0000E+00
9.8613E-10 1.4494E-09 2.0524E-09 2.8292E-09 3.8064E-09 5.0400E-09 6.5340E-09 8.2940E-09 1.0317E-08 1.2548E-08 1.4909E-08 1.7301E-08 1.9592E-08 2.1641E-08 2.3297E-08 2.4428E-08 2.4940E-08 2.4778E-08 2.3941E-08 2.2489E-08 2.0529E-08 1.8202E-08 1.5672E-08 1.3099E-08 1.0625E-08 8.3566E-09 6.3819E-09 4.7165E-09 3.3780E-09 2.3380E-09 1.5538E-09 9.6219E-10 5.3221E-10 2.5820E-10 8.7595E-11 2.2448E-11 7.5887E-12 1.5114E-12 0.0000E+00 0.0000E+00 0.0000E+00 0.0000E+00 0.0000E+00 0.0000E+00 0.0000E+00 0.0000E+00 0.0000E+00 0.0000E+00 0.0000E+00 0.0000E+00 0.0000E+00 0.0000E+00 0.0000E+00 0.0000E+00 0.0000E+00 0.0000E+00 0.0000E+00
7.8034E-10 1.2017E-09 1.7467E-09 2.4733E-09 3.4051E-09 4.5910E-09 6.0460E-09 7.8073E-09 9.8511E-09 1.2136E-08 1.4595E-08 1.7130E-08 1.9597E-08 2.1833E-08 2.3677E-08 2.4975E-08 2.5609E-08 2.5518E-08 2.4688E-08 2.3189E-08 2.1132E-08 1.8675E-08 1.5999E-08 1.3281E-08 1.0677E-08 8.3130E-09 6.2599E-09 4.5613E-09 3.2081E-09 2.1729E-09 1.4016E-09 8.2732E-10 4.3187E-10 1.8702E-10 5.1264E-11 1.0427E-11 3.4174E-12 3.6227E-13 0.0000E+00 0.0000E+00 0.0000E+00 0.0000E+00 0.0000E+00 0.0000E+00 0.0000E+00 0.0000E+00 0.0000E+00 0.0000E+00 0.0000E+00 0.0000E+00 0.0000E+00 0.0000E+00 0.0000E+00 0.0000E+00 0.0000E+00 0.0000E+00 0.0000E+00
6.0965E-10 9.7176E-10 1.4759E-09 2.1391E-09 3.0105E-09 4.1425E-09 5.5647E-09 7.3083E-09 9.3590E-09 1.1700E-08 1.4261E-08 1.6930E-08 1.9565E-08 2.1993E-08 2.4033E-08 2.5513E-08 2.6292E-08 2.6287E-08 2.5482E-08 2.3937E-08 2.1778E-08 1.9183E-08 1.6347E-08 1.3472E-08 1.0738E-08 8.2687E-09 6.1468E-09 4.4078E-09 3.0474E-09 2.0123E-09 1.2510E-09 6.9684E-10 3.4009E-10 1.2900E-10 2.2378E-11 5.1899E-12 1.0209E-12 0.0000E+00 0.0000E+00 0.0000E+00 0.0000E+00 0.0000E+00 0.0000E+00 0.0000E+00 0.0000E+00 0.0000E+00 0.0000E+00 0.0000E+00 0.0000E+00 0.0000E+00 0.0000E+00 0.0000E+00 0.0000E+00 0.0000E+00 0.0000E+00 0.0000E+00 0.0000E+00
4.5145E-10 7.6869E-10 1.2195E-09 1.8435E-09 2.6479E-09 3.7104E-09 5.0866E-09 6.7888E-09 8.8388E-09 1.1221E-08 1.3867E-08 1.6667E-08 1.9483E-08 2.2129E-08 2.4393E-08 2.6081E-08 2.7026E-08 2.7121E-08 2.6347E-08 2.4757E-08 2.2488E-08 1.9737E-08 1.6727E-08 1.3686E-08 1.0795E-08 8.2108E-09 6.0141E-09 4.2399E-09 2.8620E-09 1.8437E-09 1.1038E-09 5.7256E-10 2.5512E-10 7.8993E-11 7.2575E-12 1.6616E-12 0.0000E+00 0.0000E+00 0.0000E+00 0.0000E+00 0.0000E+00 0.0000E+00 0.0000E+00 0.0000E+00 0.0000E+00 0.0000E+00 0.0000E+00 0.0000E+00 0.0000E+00 0.0000E+00 0.0000E+00 0.0000E+00 0.0000E+00 0.0000E+00 0.0000E+00 0.0000E+00 0.0000E+00
3.1651E-10 5.8398E-10 9.7353E-10 1.5464E-09 2.2908E-09 3.2933E-09 4.6013E-09 6.2531E-09 8.2995E-09 1.0707E-08 1.3422E-08 1.6363E-08 1.9368E-08 2.2233E-08 2.4732E-08 2.6645E-08 2.7779E-08 2.8003E-08 2.7273E-08 2.5643E-08 2.3258E-08 2.0336E-08 1.7136E-08 1.3906E-08 1.0858E-08 8.1472E-09 5.8867E-09 4.0801E-09 2.6952E-09 1.6696E-09 9.4890E-10 4.6045E-10 1.7778E-10 3.7654E-11 2.1952E-12 3.1708E-13 0.0000E+00 0.0000E+00 0.0000E+00 0.0000E+00 0.0000E+00 0.0000E+00 0.0000E+00 0.0000E+00 0.0000E+00 0.0000E+00 0.0000E+00 0.0000E+00 0.0000E+00 0.0000E+00 0.0000E+00 0.0000E+00 0.0000E+00 0.0000E+00 0.0000E+00 0.0000E+00 0.0000E+00
