Assets/Resources/2015_m01_d17_1800(utc+0800)_l00_csi_1hr_conc.grd
DSAA
         159         159
     -79.000      79.000
     -79.000      79.000
  0.0000E+00  0.1250E-04
[rows 50 to 74 of 159, columns 0 to 56 of 159]
1.8794E-09 2.2509E-09 2.6563E-09 3.1476E-09 3.7091E-09 4.3878E-09 5.2235E-09 6.1938E-09 7.2541E-09 8.3634E-09 9.4918E-09 1.0623E-08 1.1774E-08 1.2941E-08 1.4085E-08 1.5139E-08 1.6074E-08 1.6875E-08 1.7543E-08 1.8093E-08 1.8519E-08 1.8844E-08 1.9075E-08 1.9226E-08 1.9315E-08 1.9341E-08 1.9325E-08 1.9274E-08 1.9202E-08 1.9110E-08 1.9007E-08 1.8897E-08 1.8780E-08 1.8655E-08 1.8522E-08 1.8393E-08 1.8261E-08 1.8127E-08 1.7993E-08 1.7852E-08 1.7718E-08 1.7581E-08 1.7433E-08 1.7295E-08 1.7140E-08 1.6984E-08 1.6847E-08 1.6695E-08 1.6550E-08 1.6393E-08 1.6246E-08 1.6086E-08 1.5927E-08 1.5763E-08 1.5588E-08 1.5414E-08 1.5239E-08
1.7542E-09 2.1020E-09 2.4825E-09 2.9455E-09 3.4550E-09 4.0550E-09 4.7829E-09 5.6615E-09 6.6576E-09 7.7202E-09 8.8086E-09 9.9091E-09 1.0983E-08 1.2082E-08 1.3196E-08 1.4260E-08 1.5230E-08 1.6075E-08 1.6796E-08 1.7395E-08 1.7876E-08 1.8253E-08 1.8532E-08 1.8732E-08 1.8865E-08 1.8931E-08 1.8954E-08 1.8941E-08 1.8898E-08 1.8836E-08 1.8762E-08 1.8679E-08 1.8587E-08 1.8487E-08 1.8383E-08 1.8278E-08 1.8174E-08 1.8069E-08 1.7958E-08 1.7853E-08 1.7744E-08 1.7638E-08 1.7532E-08 1.7418E-08 1.7304E-08 1.7186E-08 1.7089E-08 1.6991E-08 1.6884E-08 1.6786E-08 1.6687E-08 1.6581E-08 1.6487E-08 1.6380E-08 1.6276E-08 1.6177E-08 1.6071E-08
1.6141E-09 1.9448E-09 2.3235E-09 2.7227E-09 3.2097E-09 3.7480E-09 4.3822E-09 5.1475E-09 6.0529E-09 7.0526E-09 8.0983E-09 9.1569E-09 1.0194E-08 1.1216E-08 1.2255E-08 1.3301E-08 1.4288E-08 1.5172E-08 1.5936E-08 1.6587E-08 1.7123E-08 1.7551E-08 1.7885E-08 1.8136E-08 1.8314E-08 1.8425E-08 1.8492E-08 1.8517E-08 1.8513E-08 1.8487E-08 1.8445E-08 1.8386E-08 1.8322E-08 1.8249E-08 1.8179E-08 1.8104E-08 1.8025E-08 1.7947E-08 1.7864E-08 1.7792E-08 1.7720E-08 1.7640E-08 1.7572E-08 1.7496E-08 1.7416E-08 1.7352E-08 1.7291E-08 1.7240E-08 1.7192E-08 1.7142E-08 1.7104E-08 1.7058E-08 1.7032E-08 1.6994E-08 1.6975E-08 1.6953E-08 1.6937E-08
1.4927E-09 1.7971E-09 2.1465E-09 2.5185E-09 2.9588E-09 3.4571E-09 4.0172E-09 4.6772E-09 5.4650E-09 6.3801E-09 7.3603E-09 8.3796E-09 9.3796E-09 1.0355E-08 1.1315E-08 1.2292E-08 1.3266E-08 1.4176E-08 1.4980E-08 1.5677E-08 1.6263E-08 1.6744E-08 1.7134E-08 1.7436E-08 1.7665E-08 1.7828E-08 1.7937E-08 1.8005E-08 1.8043E-08 1.8057E-08 1.8048E-08 1.8023E-08 1.7986E-08 1.7947E-08 1.7905E-08 1.7860E-08 1.7813E-08 1.7760E-08 1.7714E-08 1.7670E-08 1.7632E-08 1.7596E-08 1.7554E-08 1.7516E-08 1.7484E-08 1.7456E-08 1.7450E-08 1.7446E-08 1.7449E-08 1.7459E-08 1.7487E-08 1.7506E-08 1.7555E-08 1.7601E-08 1.7665E-08 1.7742E-08 1.7813E-08
1.3556E-09 1.6396E-09 1.9689E-09 2.3346E-09 2.7064E-09 3.1773E-09 3.6802E-09 4.2525E-09 4.9267E-09 5.7212E-09 6.6286E-09 7.5850E-09 8.5448E-09 9.4874E-09 1.0392E-08 1.1295E-08 1.2205E-08 1.3103E-08 1.3936E-08 1.4677E-08 1.5308E-08 1.5843E-08 1.6283E-08 1.6638E-08 1.6923E-08 1.7135E-08 1.7293E-08 1.7408E-08 1.7491E-08 1.7543E-08 1.7573E-08 1.7585E-08 1.7583E-08 1.7575E-08 1.7563E-08 1.7548E-08 1.7532E-08 1.7510E-08 1.7501E-08 1.7493E-08 1.7483E-08 1.7484E-08 1.7478E-08 1.7476E-08 1.7494E-08 1.7506E-08 1.7549E-08 1.7602E-08 1.7659E-08 1.7730E-08 1.7828E-08 1.7918E-08 1.8046E-08 1.8180E-08 1.8341E-08 1.8517E-08 1.8689E-08
1.2449E-09 1.4872E-09 1.7669E-09 2.1328E-09 2.4931E-09 2.8903E-09 3.3588E-09 3.8690E-09 4.4423E-09 5.1224E-09 5.9115E-09 6.7993E-09 7.7005E-09 8.6033E-09 9.4808E-09 1.0317E-08 1.1153E-08 1.2003E-08 1.2827E-08 1.3595E-08 1.4269E-08 1.4853E-08 1.5344E-08 1.5754E-08 1.6091E-08 1.6354E-08 1.6562E-08 1.6730E-08 1.6856E-08 1.6950E-08 1.7020E-08 1.7072E-08 1.7106E-08 1.7133E-08 1.7152E-08 1.7170E-08 1.7185E-08 1.7200E-08 1.7221E-08 1.7246E-08 1.7275E-08 1.7305E-08 1.7339E-08 1.7383E-08 1.7438E-08 1.7501E-08 1.7592E-08 1.7693E-08 1.7811E-08 1.7947E-08 1.8116E-08 1.8280E-08 1.8493E-08 1.8722E-08 1.8985E-08 1.9266E-08 1.9555E-08
1.1551E-09 1.3470E-09 1.6092E-09 1.9057E-09 2.2822E-09 2.6345E-09 3.0513E-09 3.5104E-09 4.0165E-09 4.5849E-09 5.2564E-09 6.0366E-09 6.8709E-09 7.7234E-09 8.5588E-09 9.3654E-09 1.0139E-08 1.0912E-08 1.1703E-08 1.2468E-08 1.3169E-08 1.3786E-08 1.4328E-08 1.4790E-08 1.5178E-08 1.5492E-08 1.5756E-08 1.5970E-08 1.6142E-08 1.6281E-08 1.6395E-08 1.6485E-08 1.6558E-08 1.6621E-08 1.6675E-08 1.6726E-08 1.6773E-08 1.6825E-08 1.6879E-08 1.6935E-08 1.6999E-08 1.7063E-08 1.7136E-08 1.7223E-08 1.7316E-08 1.7427E-08 1.7567E-08 1.7721E-08 1.7899E-08 1.8099E-08 1.8342E-08 1.8581E-08 1.8883E-08 1.9212E-08 1.9578E-08 1.9968E-08 2.0369E-08
1.0764E-09 1.2453E-09 1.4394E-09 1.7221E-09 2.0276E-09 2.3967E-09 2.7553E-09 3.1700E-09 3.6263E-09 4.1213E-09 4.6769E-09 5.3353E-09 6.0761E-09 6.8604E-09 7.6533E-09 8.4225E-09 9.1564E-09 9.8701E-09 1.0592E-08 1.1329E-08 1.2039E-08 1.2680E-08 1.3250E-08 1.3754E-08 1.4191E-08 1.4557E-08 1.4873E-08 1.5137E-08 1.5356E-08 1.5542E-08 1.5699E-08 1.5829E-08 1.5941E-08 1.6041E-08 1.6131E-08 1.6217E-08 1.6296E-08 1.6383E-08 1.6471E-08 1.6561E-08 1.6657E-08 1.6759E-08 1.6870E-08 1.6995E-08 1.7132E-08 1.7283E-08 1.7469E-08 1.7677E-08 1.7914E-08 1.8178E-08 1.8494E-08 1.8809E-08 1.9204E-08 1.9632E-08 2.0101E-08 2.0601E-08 2.1112E-08
1.0023E-09 1.1539E-09 1.3320E-09 1.5278E-09 1.8120E-09 2.1340E-09 2.5060E-09 2.8488E-09 3.2576E-09 3.7039E-09 4.1772E-09 4.7220E-09 5.3395E-09 6.0439E-09 6.7754E-09 7.4995E-09 8.2090E-09 8.8776E-09 9.5305E-09 1.0216E-08 1.0901E-08 1.1552E-08 1.2150E-08 1.2683E-08 1.3153E-08 1.3569E-08 1.3924E-08 1.4236E-08 1.4503E-08 1.4731E-08 1.4937E-08 1.5108E-08 1.5261E-08 1.5398E-08 1.5527E-08 1.5645E-08 1.5757E-08 1.5876E-08 1.5997E-08 1.6122E-08 1.6251E-08 1.6388E-08 1.6537E-08 1.6698E-08 1.6877E-08 1.7070E-08 1.7299E-08 1.7558E-08 1.7850E-08 1.8175E-08 1.8561E-08 1.8952E-08 1.9439E-08 1.9963E-08 2.0533E-08 2.1139E-08 2.1755E-08
9.2645E-10 1.0642E-09 1.2216E-09 1.4162E-09 1.6047E-09 1.8796E-09 2.2258E-09 2.5820E-09 2.9160E-09 3.3147E-09 3.7394E-09 4.1960E-09 4.7020E-09 5.2930E-09 5.9463E-09 6.6240E-09 7.2873E-09 7.9272E-09 8.5411E-09 9.1542E-09 9.7878E-09 1.0431E-08 1.1037E-08 1.1591E-08 1.2095E-08 1.2543E-08 1.2938E-08 1.3284E-08 1.3599E-08 1.3867E-08 1.4106E-08 1.4326E-08 1.4517E-08 1.4691E-08 1.4853E-08 1.5013E-08 1.5160E-08 1.5310E-08 1.5462E-08 1.5619E-08 1.5780E-08 1.5951E-08 1.6135E-08 1.6331E-08 1.6548E-08 1.6780E-08 1.7052E-08 1.7358E-08 1.7703E-08 1.8085E-08 1.8537E-08 1.9000E-08 1.9574E-08 2.0188E-08 2.0853E-08 2.1557E-08 2.2268E-08
8.7858E-10 9.7319E-10 1.1311E-09 1.2779E-09 1.4893E-09 1.6668E-09 1.9420E-09 2.2749E-09 2.6338E-09 2.9567E-09 3.3384E-09 3.7427E-09 4.1616E-09 4.6387E-09 5.1955E-09 5.8014E-09 6.4169E-09 7.0272E-09 7.6053E-09 8.1667E-09 8.7451E-09 9.3408E-09 9.9349E-09 1.0501E-08 1.1029E-08 1.1500E-08 1.1926E-08 1.2309E-08 1.2656E-08 1.2963E-08 1.3240E-08 1.3488E-08 1.3723E-08 1.3934E-08 1.4130E-08 1.4315E-08 1.4494E-08 1.4681E-08 1.4865E-08 1.5053E-08 1.5249E-08 1.5451E-08 1.5665E-08 1.5897E-08 1.6147E-08 1.6413E-08 1.6725E-08 1.7074E-08 1.7467E-08 1.7901E-08 1.8413E-08 1.8946E-08 1.9597E-08 2.0289E-08 2.1040E-08 2.1826E-08 2.2629E-08
8.3760E-10 9.2039E-10 1.0173E-09 1.1786E-09 1.3488E-09 1.5381E-09 1.7246E-09 1.9696E-09 2.2851E-09 2.6488E-09 2.9722E-09 3.3239E-09 3.7035E-09 4.0918E-09 4.5429E-09 5.0564E-09 5.6162E-09 6.1761E-09 6.7223E-09 7.2612E-09 7.7786E-09 8.3137E-09 8.8761E-09 9.4373E-09 9.9681E-09 1.0456E-08 1.0907E-08 1.1320E-08 1.1693E-08 1.2032E-08 1.2343E-08 1.2627E-08 1.2891E-08 1.3134E-08 1.3362E-08 1.3579E-08 1.3789E-08 1.3998E-08 1.4213E-08 1.4427E-08 1.4656E-08 1.4889E-08 1.5133E-08 1.5396E-08 1.5673E-08 1.5973E-08 1.6319E-08 1.6705E-08 1.7140E-08 1.7616E-08 1.8185E-08 1.8779E-08 1.9493E-08 2.0257E-08 2.1077E-08 2.1929E-08 2.2816E-08
7.9597E-10 8.7490E-10 9.5950E-10 1.0586E-09 1.2253E-09 1.4052E-09 1.5871E-09 1.7706E-09 1.9868E-09 2.2774E-09 2.6287E-09 2.9691E-09 3.2725E-09 3.6252E-09 3.9968E-09 4.4127E-09 4.8924E-09 5.3983E-09 5.9087E-09 6.4113E-09 6.8960E-09 7.3789E-09 7.8881E-09 8.4159E-09 8.9389E-09 9.4343E-09 9.9003E-09 1.0326E-08 1.0721E-08 1.1087E-08 1.1426E-08 1.1742E-08 1.2031E-08 1.2303E-08 1.2562E-08 1.2806E-08 1.3043E-08 1.3279E-08 1.3521E-08 1.3752E-08 1.4005E-08 1.4268E-08 1.4538E-08 1.4828E-08 1.5133E-08 1.5459E-08 1.5833E-08 1.6250E-08 1.6718E-08 1.7232E-08 1.7851E-08 1.8491E-08 1.9259E-08 2.0077E-08 2.0945E-08 2.1855E-08 2.2812E-08
7.5398E-10 8.2899E-10 9.0944E-10 9.9551E-10 1.1009E-09 1.2666E-09 1.4473E-09 1.6174E-09 1.8059E-09 1.9936E-09 2.2555E-09 2.5769E-09 2.9224E-09 3.2169E-09 3.5116E-09 3.8786E-09 4.2651E-09 4.7034E-09 5.1675E-09 5.6320E-09 6.0907E-09 6.5379E-09 6.9875E-09 7.4648E-09 7.9645E-09 8.4538E-09 8.9161E-09 9.3502E-09 9.7586E-09 1.0142E-08 1.0510E-08 1.0841E-08 1.1153E-08 1.1450E-08 1.1734E-08 1.2002E-08 1.2266E-08 1.2528E-08 1.2788E-08 1.3044E-08 1.3317E-08 1.3595E-08 1.3888E-08 1.4192E-08 1.4526E-08 1.4875E-08 1.5272E-08 1.5712E-08 1.6205E-08 1.6751E-08 1.7406E-08 1.8081E-08 1.8886E-08 1.9740E-08 2.0642E-08 2.1594E-08 2.2604E-08
7.1199E-10 7.8275E-10 8.5918E-10 9.4049E-10 1.0330E-09 1.1311E-09 1.2944E-09 1.4808E-09 1.6390E-09 1.8229E-09 2.0112E-09 2.2284E-09 2.5012E-09 2.8125E-09 3.1300E-09 3.4126E-09 3.7110E-09 4.1053E-09 4.5094E-09 4.9294E-09 5.3545E-09 5.7752E-09 6.1835E-09 6.6077E-09 7.0649E-09 7.5242E-09 7.9766E-09 8.4087E-09 8.8215E-09 9.2221E-09 9.5937E-09 9.9408E-09 1.0271E-08 1.0586E-08 1.0890E-08 1.1180E-08 1.1466E-08 1.1744E-08 1.2024E-08 1.2301E-08 1.2587E-08 1.2886E-08 1.3188E-08 1.3508E-08 1.3855E-08 1.4223E-08 1.4636E-08 1.5095E-08 1.5607E-08 1.6173E-08 1.6852E-08 1.7548E-08 1.8375E-08 1.9247E-08 2.0164E-08 2.1142E-08 2.2186E-08
6.7027E-10 7.3685E-10 8.0859E-10 8.8564E-10 9.7301E-10 1.0661E-09 1.1658E-09 1.2949E-09 1.4990E-09 1.6622E-09 1.8203E-09 2.0160E-09 2.2029E-09 2.4083E-09 2.6825E-09 2.9806E-09 3.2714E-09 3.5808E-09 3.9086E-09 4.2877E-09 4.6971E-09 5.0846E-09 5.4650E-09 5.8455E-09 6.2509E-09 6.6701E-09 7.0991E-09 7.5193E-09 7.9284E-09 8.3248E-09 8.7003E-09 9.0554E-09 9.3957E-09 9.7245E-09 1.0045E-08 1.0352E-08 1.0646E-08 1.0944E-08 1.1239E-08 1.1526E-08 1.1830E-08 1.2140E-08 1.2452E-08 1.2780E-08 1.3133E-08 1.3508E-08 1.3931E-08 1.4401E-08 1.4926E-08 1.5506E-08 1.6195E-08 1.6897E-08 1.7730E-08 1.8599E-08 1.9517E-08 2.0506E-08 2.1567E-08
6.2900E-10 6.9137E-10 7.5854E-10 8.3088E-10 9.1347E-10 1.0016E-09 1.0955E-09 1.1951E-09 1.3018E-09 1.4744E-09 1.6675E-09 1.8349E-09 1.9921E-09 2.1773E-09 2.3639E-09 2.5736E-09 2.7867E-09 3.0914E-09 3.3868E-09 3.7156E-09 4.0892E-09 4.4371E-09 4.7852E-09 5.1331E-09 5.5315E-09 5.9008E-09 6.2942E-09 6.6915E-09 7.0841E-09 7.4733E-09 7.8450E-09 8.2002E-09 8.5435E-09 8.8799E-09 9.2082E-09 9.5184E-09 9.8266E-09 1.0132E-08 1.0437E-08 1.0737E-08 1.1047E-08 1.1364E-08 1.1684E-08 1.2017E-08 1.2374E-08 1.2752E-08 1.3174E-08 1.3638E-08 1.4168E-08 1.4752E-08 1.5440E-08 1.6137E-08 1.6955E-08 1.7806E-08 1.8715E-08 1.9694E-08 2.0754E-08
5.8859E-10 6.4612E-10 7.0929E-10 7.7695E-10 8.5431E-10 9.3775E-10 1.0259E-09 1.1195E-09 1.2198E-09 1.3272E-09 1.4405E-09 1.6505E-09 1.8030E-09 1.9792E-09 2.1376E-09 2.3030E-09 2.4818E-09 2.6936E-09 2.8953E-09 3.1655E-09 3.4665E-09 3.7931E-09 4.1510E-09 4.4885E-09 4.8332E-09 5.1836E-09 5.5391E-09 5.9128E-09 6.3036E-09 6.6720E-09 7.0360E-09 7.3837E-09 7.7245E-09 8.0593E-09 8.3865E-09 8.7034E-09 9.0111E-09 9.3209E-09 9.6338E-09 9.9361E-09 1.0249E-08 1.0570E-08 1.0889E-08 1.1223E-08 1.1582E-08 1.1954E-08 1.2372E-08 1.2831E-08 1.3349E-08 1.3922E-08 1.4593E-08 1.5276E-08 1.6066E-08 1.6890E-08 1.7772E-08 1.8724E-08 1.9766E-08
5.4899E-10 6.0202E-10 6.6064E-10 7.2412E-10 7.9628E-10 8.7459E-10 9.5750E-10 1.0451E-09 1.1390E-09 1.2396E-09 1.3457E-09 1.4642E-09 1.5874E-09 1.7668E-09 1.9354E-09 2.0832E-09 2.2350E-09 2.4232E-09 2.5890E-09 2.7741E-09 3.0124E-09 3.2710E-09 3.5566E-09 3.8575E-09 4.1966E-09 4.4892E-09 4.8162E-09 5.1995E-09 5.5634E-09 5.9246E-09 6.2802E-09 6.6153E-09 6.9464E-09 7.2730E-09 7.5943E-09 7.9084E-09 8.2138E-09 8.5237E-09 8.8312E-09 9.1384E-09 9.4481E-09 9.7614E-09 1.0083E-08 1.0411E-08 1.0760E-08 1.1129E-08 1.1535E-08 1.1981E-08 1.2486E-08 1.3035E-08 1.3677E-08 1.4327E-08 1.5074E-08 1.5864E-08 1.6707E-08 1.7622E-08 1.8624E-08
5.1026E-10 5.5916E-10 6.1346E-10 6.7219E-10 7.3963E-10 8.1278E-10 8.9055E-10 9.7218E-10 1.0598E-09 1.1536E-09 1.2527E-09 1.3634E-09 1.4701E-09 1.5814E-09 1.7084E-09 1.8677E-09 2.0103E-09 2.1750E-09 2.3241E-09 2.5061E-09 2.6896E-09 2.9109E-09 3.1389E-09 3.3999E-09 3.6626E-09 3.9375E-09 4.2215E-09 4.5230E-09 4.8679E-09 5.2203E-09 5.5693E-09 5.8935E-09 6.2154E-09 6.5292E-09 6.8390E-09 7.1429E-09 7.4423E-09 7.7439E-09 8.0473E-09 8.3486E-09 8.6464E-09 8.9574E-09 9.2703E-09 9.5860E-09 9.9261E-09 1.0283E-08 1.0672E-08 1.1105E-08 1.1585E-08 1.2103E-08 1.2711E-08 1.3312E-08 1.4012E-08 1.4751E-08 1.5543E-08 1.6409E-08 1.7355E-08
4.7269E-10 5.1778E-10 5.6735E-10 6.2201E-10 6.8442E-10 7.5234E-10 8.2539E-10 9.0121E-10 9.8258E-10 1.0698E-09 1.1619E-09 1.2650E-09 1.3637E-09 1.4671E-09 1.5760E-09 1.6917E-09 1.8125E-09 1.9448E-09 2.0934E-09 2.2445E-09 2.4093E-09 2.6011E-09 2.8196E-09 3.0388E-09 3.2706E-09 3.5026E-09 3.7423E-09 3.9940E-09 4.2750E-09 4.5567E-09 4.8876E-09 5.2173E-09 5.5213E-09 5.8324E-09 6.1279E-09 6.4183E-09 6.7057E-09 6.9936E-09 7.2867E-09 7.5773E-09 7.8654E-09 8.1600E-09 8.4628E-09 8.7665E-09 9.0879E-09 9.4268E-09 9.8009E-09 1.0209E-08 1.0659E-08 1.1145E-08 1.1706E-08 1.2258E-08 1.2901E-08 1.3580E-08 1.4311E-08 1.5114E-08 1.5987E-08
4.3641E-10 4.7803E-10 5.2317E-10 5.7320E-10 6.3115E-10 6.9388E-10 7.6179E-10 8.3246E-10 9.0777E-10 9.8854E-10 1.0738E-09 1.1693E-09 1.2604E-09 1.3560E-09 1.4557E-09 1.5623E-09 1.6738E-09 1.7880E-09 1.9082E-09 2.0387E-09 2.1733E-09 2.3137E-09 2.4915E-09 2.6971E-09 2.9270E-09 3.1307E-09 3.3427E-09 3.5700E-09 3.7834E-09 4.0294E-09 4.2877E-09 4.5583E-09 4.8649E-09 5.1652E-09 5.4461E-09 5.7390E-09 6.0083E-09 6.2804E-09 6.5561E-09 6.8338E-09 7.1060E-09 7.3841E-09 7.6697E-09 7.9565E-09 8.2564E-09 8.5769E-09 8.9277E-09 9.3070E-09 9.7247E-09 1.0170E-08 1.0679E-08 1.1182E-08 1.1765E-08 1.2380E-08 1.3044E-08 1.3768E-08 1.4554E-08
4.0156E-10 4.3982E-10 4.8088E-10 5.2645E-10 5.7979E-10 6.3753E-10 7.0041E-10 7.6621E-10 8.3565E-10 9.1013E-10 9.8876E-10 1.0766E-09 1.1605E-09 1.2483E-09 1.3395E-09 1.4368E-09 1.5393E-09 1.6446E-09 1.7537E-09 1.8739E-09 1.9984E-09 2.1274E-09 2.2609E-09 2.4003E-09 2.5793E-09 2.8021E-09 2.9872E-09 3.1818E-09 3.3800E-09 3.5878E-09 3.7862E-09 4.0169E-09 4.2535E-09 4.5246E-09 4.8027E-09 5.0842E-09 5.3413E-09 5.6077E-09 5.8630E-09 6.1229E-09 6.3761E-09 6.6332E-09 6.9017E-09 7.1702E-09 7.4453E-09 7.7369E-09 8.0659E-09 8.4149E-09 8.7909E-09 9.1940E-09 9.6523E-09 1.0099E-08 1.0623E-08 1.1173E-08 1.1765E-08 1.2407E-08 1.3091E-08
3.6822E-10 4.0328E-10 4.4087E-10 4.8174E-10 5.3047E-10 5.8366E-10 6.4114E-10 7.0239E-10 7.6647E-10 8.3489E-10 9.0710E-10 9.8747E-10 1.0644E-09 1.1445E-09 1.2281E-09 1.3158E-09 1.4091E-09 1.5064E-09 1.6048E-09 1.7142E-09 1.8293E-09 1.9473E-09 2.0693E-09 2.1967E-09 2.3293E-09 2.4585E-09 2.6391E-09 2.8408E-09 3.0233E-09 3.1943E-09 3.3770E-09 3.5718E-09 3.7605E-09 3.9642E-09 4.1964E-09 4.4500E-09 4.7225E-09 4.9603E-09 5.1976E-09 5.4522E-09 5.6862E-09 5.9191E-09 6.1622E-09 6.4130E-09 6.6615E-09 6.9263E-09 7.2252E-09 7.5387E-09 7.8769E-09 8.2365E-09 8.6384E-09 9.0343E-09 9.4968E-09 9.9778E-09 1.0496E-08 1.1049E-08 1.1634E-08
3.3650E-10 3.6848E-10 4.0279E-10 4.3958E-10 4.8359E-10 5.3210E-10 5.8479E-10 6.4118E-10 7.0047E-10 7.6307E-10 8.2876E-10 9.0232E-10 9.7242E-10 1.0452E-09 1.1215E-09 1.2003E-09 1.2846E-09 1.3729E-09 1.4624E-09 1.5612E-09 1.6661E-09 1.7744E-09 1.8853E-09 2.0011E-09 2.1209E-09 2.2381E-09 2.3581E-09 2.4897E-09 2.6688E-09 2.8453E-09 3.0119E-09 3.1730E-09 3.3423E-09 3.5189E-09 3.6930E-09 3.8919E-09 4.1089E-09 4.3312E-09 4.5803E-09 4.8015E-09 5.0218E-09 5.2472E-09 5.4641E-09 5.6906E-09 5.9147E-09 6.1490E-09 6.4140E-09 6.6969E-09 6.9950E-09 7.3066E-09 7.6586E-09 8.0048E-09 8.4021E-09 8.8177E-09 9.2614E-09 9.7193E-09 1.0210E-08
