Assets/Resources/2015_m01_d09_0700(utc+0800)_l00_csi_1hr_conc.grd
DSAA
         159         159
     -79.000      79.000
     -79.000      79.000
  0.5174E-09  0.3306E-05
[rows 0 to 24 of 159, columns 0 to 56 of 159]
5.1736E-10 5.2557E-10 5.3428E-10 5.4306E-10 5.5312E-10 5.6367E-10 5.7318E-10 5.8199E-10 5.9166E-10 6.0063E-10 6.1046E-10 6.1959E-10 6.3190E-10 6.4344E-10 6.5402E-10 6.6366E-10 6.7512E-10 6.8636E-10 7.0222E-10 7.1853E-10 7.3592E-10 7.4758E-10 7.5859E-10 7.6968E-10 7.8085E-10 7.9209E-10 8.0340E-10 8.1478E-10 8.2624E-10 8.3775E-10 8.4934E-10 8.6098E-10 8.7268E-10 8.8444E-10 8.9626E-10 9.0812E-10 9.2004E-10 9.3200E-10 9.4400E-10 9.5604E-10 9.6812E-10 9.8023E-10 9.9237E-10 1.0045E-09 1.0167E-09 1.0289E-09 1.0412E-09 1.0534E-09 1.0657E-09 1.0779E-09 1.0902E-09 1.1024E-09 1.1146E-09 1.1292E-09 1.1415E-09 1.1561E-09 1.1684E-09
5.2246E-10 5.3119E-10 5.3957E-10 5.5008E-10 5.6066E-10 5.7020E-10 5.7905E-10 5.8876E-10 5.9778E-10 6.0764E-10 6.1851E-10 6.2920E-10 6.4079E-10 6.5143E-10 6.6113E-10 6.7266E-10 6.8601E-10 7.0068E-10 7.1707E-10 7.3381E-10 7.4556E-10 7.5667E-10 7.6786E-10 7.7913E-10 7.9048E-10 8.0190E-10 8.1340E-10 8.2497E-10 8.3662E-10 8.4833E-10 8.6011E-10 8.7195E-10 8.8385E-10 8.9582E-10 9.0784E-10 9.1991E-10 9.3204E-10 9.4421E-10 9.5643E-10 9.6868E-10 9.8098E-10 9.9331E-10 1.0057E-09 1.0181E-09 1.0305E-09 1.0429E-09 1.0554E-09 1.0678E-09 1.0803E-09 1.0928E-09 1.1053E-09 1.1201E-09 1.1327E-09 1.1476E-09 1.1602E-09 1.1741E-09 1.1880E-09
5.2797E-10 5.3638E-10 5.4691E-10 5.5752E-10 5.6709E-10 5.7598E-10 5.8572E-10 5.9477E-10 6.0468E-10 6.1559E-10 6.2633E-10 6.3753E-10 6.4868E-10 6.5894E-10 6.7003E-10 6.8344E-10 6.9819E-10 7.1466E-10 7.3150E-10 7.4334E-10 7.5453E-10 7.6582E-10 7.7719E-10 7.8864E-10 8.0017E-10 8.1178E-10 8.2347E-10 8.3524E-10 8.4708E-10 8.5898E-10 8.7096E-10 8.8301E-10 8.9512E-10 9.0729E-10 9.1952E-10 9.3180E-10 9.4414E-10 9.5653E-10 9.6896E-10 9.8144E-10 9.9396E-10 1.0065E-09 1.0191E-09 1.0317E-09 1.0444E-09 1.0570E-09 1.0697E-09 1.0824E-09 1.0952E-09 1.1079E-09 1.1230E-09 1.1382E-09 1.1524E-09 1.1653E-09 1.1815E-09 1.1964E-09 1.2101E-09
5.3307E-10 5.4362E-10 5.5425E-10 5.6385E-10 5.7276E-10 5.8254E-10 5.9163E-10 6.0158E-10 6.1253E-10 6.2331E-10 6.3456E-10 6.4576E-10 6.5608E-10 6.6722E-10 6.8070E-10 6.9552E-10 7.1206E-10 7.2898E-10 7.4090E-10 7.5218E-10 7.6356E-10 7.7502E-10 7.8657E-10 7.9821E-10 8.0993E-10 8.2173E-10 8.3362E-10 8.4558E-10 8.5761E-10 8.6972E-10 8.8190E-10 8.9416E-10 9.0647E-10 9.1885E-10 9.3129E-10 9.4380E-10 9.5635E-10 9.6896E-10 9.8162E-10 9.9432E-10 1.0071E-09 1.0199E-09 1.0327E-09 1.0455E-09 1.0584E-09 1.0713E-09 1.0842E-09 1.0972E-09 1.1125E-09 1.1269E-09 1.1425E-09 1.1577E-09 1.1729E-09 1.1913E-09 1.2068E-09 1.2248E-09 1.2402E-09
5.4020E-10 5.5086E-10 5.6048E-10 5.6942E-10 5.7922E-10 5.8834E-10 5.9833E-10 6.0932E-10 6.2014E-10 6.3143E-10 6.4268E-10 6.5305E-10 6.6424E-10 6.7709E-10 6.9266E-10 7.1003E-10 7.2626E-10 7.3826E-10 7.4962E-10 7.6109E-10 7.7264E-10 7.8429E-10 7.9602E-10 8.0785E-10 8.1976E-10 8.3175E-10 8.4383E-10 8.5599E-10 8.6823E-10 8.8054E-10 8.9293E-10 9.0539E-10 9.1792E-10 9.3051E-10 9.4317E-10 9.5589E-10 9.6867E-10 9.8150E-10 9.9438E-10 1.0073E-09 1.0203E-09 1.0333E-09 1.0464E-09 1.0595E-09 1.0726E-09 1.0857E-09 1.1013E-09 1.1159E-09 1.1317E-09 1.1479E-09 1.1653E-09 1.1835E-09 1.2019E-09 1.2176E-09 1.2316E-09 1.2481E-09 1.2621E-09
5.4733E-10 5.5697E-10 5.6594E-10 5.7577E-10 5.8492E-10 5.9493E-10 6.0596E-10 6.1681E-10 6.2815E-10 6.3943E-10 6.5036E-10 6.6109E-10 6.7399E-10 6.8962E-10 7.0705E-10 7.2186E-10 7.3541E-10 7.4685E-10 7.5840E-10 7.7004E-10 7.8178E-10 7.9361E-10 8.0553E-10 8.1754E-10 8.2965E-10 8.4184E-10 8.5412E-10 8.6648E-10 8.7892E-10 8.9144E-10 9.0404E-10 9.1671E-10 9.2945E-10 9.4226E-10 9.5514E-10 9.6808E-10 9.8108E-10 9.9414E-10 1.0073E-09 1.0204E-09 1.0336E-09 1.0469E-09 1.0602E-09 1.0735E-09 1.0906E-09 1.1041E-09 1.1228E-09 1.1365E-09 1.1576E-09 1.1716E-09 1.1920E-09 1.2084E-09 1.2232E-09 1.2397E-09 1.2546E-09 1.2695E-09 1.2844E-09
5.5296E-10 5.6233E-10 5.7218E-10 5.8136E-10 5.9140E-10 6.0245E-10 6.1289E-10 6.2471E-10 6.3603E-10 6.4700E-10 6.5777E-10 6.7002E-10 6.8640E-10 7.0387E-10 7.1875E-10 7.3236E-10 7.4388E-10 7.5550E-10 7.6722E-10 7.7904E-10 7.9096E-10 8.0298E-10 8.1510E-10 8.2730E-10 8.3961E-10 8.5199E-10 8.6447E-10 8.7704E-10 8.8969E-10 9.0242E-10 9.1523E-10 9.2811E-10 9.4108E-10 9.5411E-10 9.6721E-10 9.8038E-10 9.9361E-10 1.0069E-09 1.0202E-09 1.0336E-09 1.0471E-09 1.0606E-09 1.0755E-09 1.0915E-09 1.1104E-09 1.1296E-09 1.1457E-09 1.1646E-09 1.1808E-09 1.1975E-09 1.2126E-09 1.2299E-09 1.2447E-09 1.2604E-09 1.2752E-09 1.2910E-09 1.3058E-09
5.5860E-10 5.6846E-10 5.7766E-10 5.8772E-10 5.9881E-10 6.0927E-10 6.2112E-10 6.3247E-10 6.4348E-10 6.5429E-10 6.6659E-10 6.8300E-10 6.9977E-10 7.1472E-10 7.2911E-10 7.4069E-10 7.5239E-10 7.6419E-10 7.7609E-10 7.8810E-10 8.0021E-10 8.1242E-10 8.2472E-10 8.3713E-10 8.4962E-10 8.6222E-10 8.7490E-10 8.8767E-10 9.0053E-10 9.1347E-10 9.2650E-10 9.3961E-10 9.5279E-10 9.6604E-10 9.7937E-10 9.9277E-10 1.0062E-09 1.0198E-09 1.0333E-09 1.0470E-09 1.0620E-09 1.0788E-09 1.0949E-09 1.1166E-09 1.1330E-09 1.1526E-09 1.1695E-09 1.1860E-09 1.2019E-09 1.2186E-09 1.2337E-09 1.2498E-09 1.2655E-09 1.2812E-09 1.2977E-09 1.3129E-09 1.3300E-09
5.6423E-10 5.7383E-10 5.8392E-10 5.9502E-10 6.0551E-10 6.1738E-10 6.2831E-10 6.3981E-10 6.4996E-10 6.6299E-10 6.7942E-10 6.9622E-10 7.1122E-10 7.2565E-10 7.3731E-10 7.4907E-10 7.6094E-10 7.7292E-10 7.8501E-10 7.9720E-10 8.0950E-10 8.2190E-10 8.3440E-10 8.4701E-10 8.5971E-10 8.7250E-10 8.8539E-10 8.9838E-10 9.1145E-10 9.2461E-10 9.3785E-10 9.5118E-10 9.6459E-10 9.7807E-10 9.9163E-10 1.0053E-09 1.0190E-09 1.0327E-09 1.0479E-09 1.0625E-09 1.0811E-09 1.1029E-09 1.1183E-09 1.1394E-09 1.1552E-09 1.1720E-09 1.1898E-09 1.2064E-09 1.2222E-09 1.2382E-09 1.2542E-09 1.2711E-09 1.2872E-09 1.3041E-09 1.3203E-09 1.3370E-09 1.3531E-09
5.6988E-10 5.7998E-10 5.9110E-10 6.0160E-10 6.1349E-10 6.2445E-10 6.3597E-10 6.4616E-10 6.5922E-10 6.7567E-10 6.9106E-10 7.0753E-10 7.2201E-10 7.3372E-10 7.4554E-10 7.5748E-10 7.6953E-10 7.8170E-10 7.9397E-10 8.0635E-10 8.1884E-10 8.3144E-10 8.4414E-10 8.5694E-10 8.6985E-10 8.8285E-10 8.9595E-10 9.0915E-10 9.2244E-10 9.3582E-10 9.4929E-10 9.6284E-10 9.7648E-10 9.9019E-10 1.0040E-09 1.0179E-09 1.0332E-09 1.0479E-09 1.0665E-09 1.0862E-09 1.1053E-09 1.1252E-09 1.1413E-09 1.1592E-09 1.1763E-09 1.1919E-09 1.2093E-09 1.2260E-09 1.2427E-09 1.2596E-09 1.2769E-09 1.2929E-09 1.3099E-09 1.3265E-09 1.3431E-09 1.3601E-09 1.3772E-09
5.7591E-10 5.8704E-10 5.9756E-10 6.0946E-10 6.2044E-10 6.3148E-10 6.4220E-10 6.5528E-10 6.6957E-10 6.8641E-10 7.0365E-10 7.1816E-10 7.2993E-10 7.4181E-10 7.5381E-10 7.6593E-10 7.7817E-10 7.9052E-10 8.0298E-10 8.1555E-10 8.2824E-10 8.4103E-10 8.5393E-10 8.6694E-10 8.8005E-10 8.9327E-10 9.0658E-10 9.1999E-10 9.3350E-10 9.4711E-10 9.6080E-10 9.7458E-10 9.8845E-10 1.0024E-09 1.0178E-09 1.0320E-09 1.0490E-09 1.0711E-09 1.0866E-09 1.1091E-09 1.1266E-09 1.1446E-09 1.1620E-09 1.1778E-09 1.1954E-09 1.2119E-09 1.2294E-09 1.2466E-09 1.2642E-09 1.2806E-09 1.2980E-09 1.3154E-09 1.3319E-09 1.3503E-09 1.3673E-09 1.3854E-09 1.4024E-09
5.8117E-10 5.9338E-10 6.0485E-10 6.1629E-10 6.2683E-10 6.3809E-10 6.5119E-10 6.6549E-10 6.8014E-10 6.9959E-10 7.1413E-10 7.2595E-10 7.3788E-10 7.4994E-10 7.6212E-10 7.7442E-10 7.8684E-10 7.9938E-10 8.1203E-10 8.2480E-10 8.3768E-10 8.5067E-10 8.6378E-10 8.7699E-10 8.9031E-10 9.0374E-10 9.1727E-10 9.3091E-10 9.4464E-10 9.5847E-10 9.7239E-10 9.8640E-10 1.0005E-09 1.0161E-09 1.0332E-09 1.0552E-09 1.0710E-09 1.0935E-09 1.1111E-09 1.1281E-09 1.1456E-09 1.1628E-09 1.1794E-09 1.1973E-09 1.2151E-09 1.2320E-09 1.2505E-09 1.2676E-09 1.2853E-09 1.3021E-09 1.3199E-09 1.3388E-09 1.3558E-09 1.3747E-09 1.3922E-09 1.4099E-09 1.4274E-09
5.8907E-10 6.0054E-10 6.1199E-10 6.2255E-10 6.3383E-10 6.4694E-10 6.5980E-10 6.7591E-10 6.9535E-10 7.0918E-10 7.2177E-10 7.3375E-10 7.4586E-10 7.5810E-10 7.7046E-10 7.8294E-10 7.9555E-10 8.0828E-10 8.2112E-10 8.3409E-10 8.4717E-10 8.6036E-10 8.7368E-10 8.8710E-10 9.0064E-10 9.1428E-10 9.2803E-10 9.4189E-10 9.5584E-10 9.6990E-10 9.8406E-10 9.9968E-10 1.0147E-09 1.0347E-09 1.0546E-09 1.0748E-09 1.0936E-09 1.1111E-09 1.1284E-09 1.1470E-09 1.1637E-09 1.1819E-09 1.1998E-09 1.2170E-09 1.2357E-09 1.2531E-09 1.2711E-09 1.2883E-09 1.3074E-09 1.3256E-09 1.3440E-09 1.3624E-09 1.3804E-09 1.3989E-09 1.4174E-09 1.4355E-09 1.4552E-09
5.9610E-10 6.0756E-10 6.1768E-10 6.2942E-10 6.4185E-10 6.5392E-10 6.7151E-10 6.8945E-10 7.0406E-10 7.1740E-10 7.2943E-10 7.4159E-10 7.5388E-10 7.6629E-10 7.7883E-10 7.9150E-10 8.0429E-10 8.1721E-10 8.3025E-10 8.4342E-10 8.5670E-10 8.7010E-10 8.8363E-10 8.9726E-10 9.1101E-10 9.2488E-10 9.3885E-10 9.5293E-10 9.6712E-10 9.8275E-10 9.9786E-10 1.0145E-09 1.0346E-09 1.0553E-09 1.0743E-09 1.0930E-09 1.1116E-09 1.1291E-09 1.1472E-09 1.1643E-09 1.1832E-09 1.2015E-09 1.2200E-09 1.2376E-09 1.2559E-09 1.2733E-09 1.2927E-09 1.3114E-09 1.3305E-09 1.3493E-09 1.3672E-09 1.3861E-09 1.4051E-09 1.4248E-09 1.4449E-09 1.4647E-09 1.4839E-09
6.0298E-10 6.1312E-10 6.2486E-10 6.3731E-10 6.4938E-10 6.6695E-10 6.8416E-10 6.9801E-10 7.1285E-10 7.2491E-10 7.3711E-10 7.4945E-10 7.6191E-10 7.7451E-10 7.8723E-10 8.0009E-10 8.1307E-10 8.2619E-10 8.3943E-10 8.5279E-10 8.6628E-10 8.7989E-10 8.9362E-10 9.0748E-10 9.2144E-10 9.3553E-10 9.4973E-10 9.6404E-10 9.7984E-10 9.9647E-10 1.0165E-09 1.0331E-09 1.0560E-09 1.0755E-09 1.0941E-09 1.1105E-09 1.1287E-09 1.1471E-09 1.1661E-09 1.1842E-09 1.2028E-09 1.2212E-09 1.2392E-09 1.2574E-09 1.2775E-09 1.2954E-09 1.3154E-09 1.3345E-09 1.3528E-09 1.3731E-09 1.3916E-09 1.4126E-09 1.4322E-09 1.4525E-09 1.4737E-09 1.4925E-09 1.5132E-09
6.0843E-10 6.2017E-10 6.3059E-10 6.4469E-10 6.6155E-10 6.7719E-10 6.9327E-10 7.0811E-10 7.2021E-10 7.3245E-10 7.4482E-10 7.5733E-10 7.6997E-10 7.8275E-10 7.9566E-10 8.0871E-10 8.2189E-10 8.3520E-10 8.4864E-10 8.6221E-10 8.7590E-10 8.8972E-10 9.0367E-10 9.1774E-10 9.3193E-10 9.4624E-10 9.6201E-10 9.7727E-10 9.9476E-10 1.0144E-09 1.0366E-09 1.0546E-09 1.0735E-09 1.0924E-09 1.1095E-09 1.1292E-09 1.1471E-09 1.1660E-09 1.1852E-09 1.2038E-09 1.2220E-09 1.2404E-09 1.2602E-09 1.2789E-09 1.2992E-09 1.3181E-09 1.3372E-09 1.3579E-09 1.3767E-09 1.3991E-09 1.4193E-09 1.4399E-09 1.4607E-09 1.4800E-09 1.5022E-09 1.5225E-09 1.5441E-09
6.1489E-10 6.2576E-10 6.3910E-10 6.5449E-10 6.7083E-10 6.8835E-10 7.0319E-10 7.1532E-10 7.2759E-10 7.4000E-10 7.5254E-10 7.6523E-10 7.7806E-10 7.9102E-10 8.0412E-10 8.1736E-10 8.3073E-10 8.4424E-10 8.5788E-10 8.7166E-10 8.8556E-10 8.9960E-10 9.1376E-10 9.2805E-10 9.4247E-10 9.5838E-10 9.7377E-10 9.9408E-10 1.0121E-09 1.0359E-09 1.0525E-09 1.0725E-09 1.0904E-09 1.1093E-09 1.1276E-09 1.1474E-09 1.1668E-09 1.1846E-09 1.2038E-09 1.2219E-09 1.2424E-09 1.2614E-09 1.2819E-09 1.3011E-09 1.3205E-09 1.3414E-09 1.3616E-09 1.3834E-09 1.4039E-09 1.4260E-09 1.4462E-09 1.4679E-09 1.4887E-09 1.5108E-09 1.5327E-09 1.5550E-09 1.5761E-09
6.2080E-10 6.3344E-10 6.4949E-10 6.6432E-10 6.8327E-10 6.9737E-10 7.1025E-10 7.2254E-10 7.3498E-10 7.4756E-10 7.6029E-10 7.7315E-10 7.8616E-10 7.9931E-10 8.1260E-10 8.2604E-10 8.3961E-10 8.5332E-10 8.6717E-10 8.8115E-10 8.9527E-10 9.0952E-10 9.2390E-10 9.3842E-10 9.5510E-10 9.7268E-10 9.9244E-10 1.0111E-09 1.0328E-09 1.0501E-09 1.0710E-09 1.0884E-09 1.1071E-09 1.1266E-09 1.1462E-09 1.1655E-09 1.1843E-09 1.2031E-09 1.2224E-09 1.2424E-09 1.2630E-09 1.2830E-09 1.3026E-09 1.3233E-09 1.3443E-09 1.3664E-09 1.3873E-09 1.4097E-09 1.4304E-09 1.4534E-09 1.4738E-09 1.4973E-09 1.5198E-09 1.5417E-09 1.5643E-09 1.5870E-09 1.6080E-09
6.2833E-10 6.4133E-10 6.5845E-10 6.7584E-10 6.9140E-10 7.0500E-10 7.1732E-10 7.2978E-10 7.4239E-10 7.5514E-10 7.6805E-10 7.8109E-10 7.9429E-10 8.0763E-10 8.2111E-10 8.3474E-10 8.4851E-10 8.6242E-10 8.7648E-10 8.9067E-10 9.0501E-10 9.1948E-10 9.3543E-10 9.5090E-10 9.6996E-10 9.8860E-10 1.0100E-09 1.0299E-09 1.0477E-09 1.0681E-09 1.0860E-09 1.1058E-09 1.1247E-09 1.1451E-09 1.1641E-09 1.1834E-09 1.2023E-09 1.2229E-09 1.2424E-09 1.2638E-09 1.2832E-09 1.3046E-09 1.3249E-09 1.3477E-09 1.3694E-09 1.3922E-09 1.4127E-09 1.4357E-09 1.4574E-09 1.4814E-09 1.5043E-09 1.5268E-09 1.5509E-09 1.5733E-09 1.5957E-09 1.6182E-09 1.6417E-09
6.3531E-10 6.5238E-10 6.6973E-10 6.8452E-10 6.9958E-10 7.1191E-10 7.2439E-10 7.3702E-10 7.4981E-10 7.6274E-10 7.7582E-10 7.8905E-10 8.0243E-10 8.1596E-10 8.2964E-10 8.4347E-10 8.5744E-10 8.7156E-10 8.8583E-10 9.0023E-10 9.1478E-10 9.3084E-10 9.4641E-10 9.6880E-10 9.8626E-10 1.0069E-09 1.0262E-09 1.0465E-09 1.0652E-09 1.0829E-09 1.1042E-09 1.1225E-09 1.1432E-09 1.1624E-09 1.1815E-09 1.2026E-09 1.2217E-09 1.2432E-09 1.2633E-09 1.2849E-09 1.3053E-09 1.3284E-09 1.3493E-09 1.3734E-09 1.3942E-09 1.4176E-09 1.4397E-09 1.4640E-09 1.4874E-09 1.5103E-09 1.5359E-09 1.5579E-09 1.5818E-09 1.6040E-09 1.6281E-09 1.6504E-09 1.6747E-09
6.4473E-10 6.6200E-10 6.7896E-10 6.9399E-10 7.0633E-10 7.1883E-10 7.3148E-10 7.4428E-10 7.5723E-10 7.7034E-10 7.8361E-10 7.9702E-10 8.1060E-10 8.2432E-10 8.3819E-10 8.5222E-10 8.6640E-10 8.8072E-10 8.9520E-10 9.0982E-10 9.2598E-10 9.4433E-10 9.6423E-10 9.8183E-10 1.0027E-09 1.0225E-09 1.0426E-09 1.0619E-09 1.0794E-09 1.1009E-09 1.1203E-09 1.1408E-09 1.1599E-09 1.1796E-09 1.2006E-09 1.2204E-09 1.2424E-09 1.2636E-09 1.2842E-09 1.3080E-09 1.3286E-09 1.3529E-09 1.3745E-09 1.3981E-09 1.4205E-09 1.4444E-09 1.4690E-09 1.4924E-09 1.5183E-09 1.5408E-09 1.5653E-09 1.5880E-09 1.6128E-09 1.6375E-09 1.6606E-09 1.6837E-09 1.7068E-09
6.5344E-10 6.7254E-10 6.8752E-10 7.0059E-10 7.1309E-10 7.2575E-10 7.3856E-10 7.5154E-10 7.6467E-10 7.7796E-10 7.9141E-10 8.0501E-10 8.1877E-10 8.3269E-10 8.4676E-10 8.6099E-10 8.7538E-10 8.8991E-10 9.0460E-10 9.2149E-10 9.3931E-10 9.5937E-10 9.7842E-10 9.9860E-10 1.0189E-09 1.0388E-09 1.0578E-09 1.0775E-09 1.0977E-09 1.1180E-09 1.1380E-09 1.1569E-09 1.1783E-09 1.1982E-09 1.2201E-09 1.2406E-09 1.2622E-09 1.2846E-09 1.3073E-09 1.3317E-09 1.3536E-09 1.3769E-09 1.4001E-09 1.4242E-09 1.4492E-09 1.4729E-09 1.4993E-09 1.5222E-09 1.5471E-09 1.5704E-09 1.5956E-09 1.6210E-09 1.6447E-09 1.6684E-09 1.6922E-09 1.7160E-09 1.7398E-09
6.6521E-10 6.7943E-10 6.9468E-10 7.0718E-10 7.1985E-10 7.3267E-10 7.4566E-10 7.5880E-10 7.7211E-10 7.8558E-10 7.9922E-10 8.1301E-10 8.2696E-10 8.4108E-10 8.5535E-10 8.6978E-10 8.8438E-10 8.9978E-10 9.1610E-10 9.3402E-10 9.5465E-10 9.7467E-10 9.9416E-10 1.0142E-09 1.0342E-09 1.0534E-09 1.0737E-09 1.0936E-09 1.1146E-09 1.1344E-09 1.1544E-09 1.1757E-09 1.1962E-09 1.2176E-09 1.2397E-09 1.2607E-09 1.2850E-09 1.3080E-09 1.3315E-09 1.3551E-09 1.3776E-09 1.4016E-09 1.4280E-09 1.4521E-09 1.4787E-09 1.5021E-09 1.5274E-09 1.5511E-09 1.5768E-09 1.6027E-09 1.6269E-09 1.6513E-09 1.6757E-09 1.7001E-09 1.7247E-09 1.7516E-09 1.7763E-09
6.7341E-10 6.8861E-10 7.0111E-10 7.1377E-10 7.2660E-10 7.3959E-10 7.5275E-10 7.6607E-10 7.7956E-10 7.9322E-10 8.0703E-10 8.2102E-10 8.3516E-10 8.4948E-10 8.6395E-10 8.7859E-10 8.9473E-10 9.1044E-10 9.2977E-10 9.5053E-10 9.7140E-10 9.8897E-10 1.0091E-09 1.0297E-09 1.0486E-09 1.0708E-09 1.0892E-09 1.1109E-09 1.1304E-09 1.1511E-09 1.1721E-09 1.1938E-09 1.2151E-09 1.2370E-09 1.2603E-09 1.2830E-09 1.3079E-09 1.3312E-09 1.3543E-09 1.3790E-09 1.4038E-09 1.4287E-09 1.4550E-09 1.4805E-09 1.5061E-09 1.5302E-09 1.5563E-09 1.5808E-09 1.6074E-09 1.6323E-09 1.6572E-09 1.6823E-09 1.7075E-09 1.7352E-09 1.7606E-09 1.7885E-09 1.8140E-09
6.8165E-10 6.9488E-10 7.0754E-10 7.2036E-10 7.3335E-10 7.4652E-10 7.5985E-10 7.7335E-10 7.8701E-10 8.0085E-10 8.1486E-10 8.2903E-10 8.4338E-10 8.5789E-10 8.7257E-10 8.8876E-10 9.0452E-10 9.2457E-10 9.4481E-10 9.6578E-10 9.8346E-10 1.0037E-09 1.0244E-09 1.0435E-09 1.0658E-09 1.0852E-09 1.1067E-09 1.1260E-09 1.1478E-09 1.1686E-09 1.1901E-09 1.2130E-09 1.2339E-09 1.2590E-09 1.2824E-09 1.3058E-09 1.3304E-09 1.3544E-09 1.3793E-09 1.4052E-09 1.4308E-09 1.4574E-09 1.4816E-09 1.5078E-09 1.5343E-09 1.5592E-09 1.5862E-09 1.6115E-09 1.6370E-09 1.6626E-09 1.6884E-09 1.7167E-09 1.7427E-09 1.7714E-09 1.7977E-09 1.8241E-09 1.8505E-09
