Assets/Resources/2015_m01_d14_0300(utc+0800)_l00_csi_1hr_conc.grd
DSAA
         159         159
     -79.000      79.000
     -79.000      79.000
  0.0000E+00  0.2237E-04
[rows 75 to 99 of 159, columns 0 to 56 of 159]
1.9381E-09 2.0228E-09 2.1068E-09 2.1928E-09 2.2856E-09 2.3767E-09 2.4701E-09 2.5709E-09 2.6698E-09 2.7758E-09 2.8803E-09 2.9873E-09 3.1023E-09 3.2203E-09 3.3379E-09 3.4585E-09 3.5872E-09 3.7155E-09 3.8478E-09 3.9896E-09 4.1305E-09 4.2749E-09 4.4230E-09 4.5811E-09 4.7384E-09 4.9003E-09 5.0730E-09 5.2472E-09 5.4276E-09 5.6137E-09 5.8134E-09 6.0136E-09 6.2205E-09 6.4415E-09 6.6644E-09 6.8950E-09 7.1300E-09 7.3837E-09 7.6373E-09 7.8995E-09 8.1704E-09 8.4619E-09 8.7596E-09 9.0685E-09 9.3908E-09 9.7259E-09 1.0078E-08 1.0461E-08 1.0847E-08 1.1246E-08 1.1659E-08 1.2087E-08 1.2529E-08 1.2987E-08 1.3487E-08 1.3960E-08 1.4449E-08
1.8413E-09 1.9220E-09 2.0020E-09 2.0840E-09 2.1724E-09 2.2594E-09 2.3485E-09 2.4446E-09 2.5390E-09 2.6402E-09 2.7400E-09 2.8423E-09 2.9521E-09 3.0640E-09 3.1767E-09 3.2919E-09 3.4153E-09 3.5382E-09 3.6652E-09 3.8002E-09 3.9348E-09 4.0733E-09 4.2146E-09 4.3658E-09 4.5163E-09 4.6711E-09 4.8366E-09 5.0037E-09 5.1761E-09 5.3539E-09 5.5446E-09 5.7358E-09 5.9333E-09 6.1442E-09 6.3570E-09 6.5754E-09 6.7993E-09 7.0409E-09 7.2826E-09 7.5324E-09 7.7902E-09 8.0561E-09 8.3505E-09 8.6439E-09 8.9510E-09 9.2711E-09 9.6050E-09 9.9665E-09 1.0332E-08 1.0707E-08 1.1098E-08 1.1500E-08 1.1916E-08 1.2325E-08 1.2775E-08 1.3211E-08 1.3657E-08
1.7461E-09 1.8196E-09 1.8988E-09 1.9768E-09 2.0567E-09 2.1436E-09 2.2284E-09 2.3199E-09 2.4097E-09 2.5017E-09 2.6012E-09 2.6986E-09 2.8032E-09 2.9094E-09 3.0117E-09 3.1266E-09 3.2436E-09 3.3618E-09 3.4820E-09 3.6103E-09 3.7391E-09 3.8708E-09 4.0060E-09 4.1501E-09 4.2935E-09 4.4410E-09 4.5936E-09 4.7584E-09 4.9224E-09 5.0915E-09 5.2728E-09 5.4545E-09 5.6422E-09 5.8358E-09 6.0441E-09 6.2501E-09 6.4625E-09 6.6914E-09 6.9204E-09 7.1569E-09 7.4008E-09 7.6524E-09 7.9301E-09 8.2072E-09 8.4969E-09 8.7981E-09 9.1120E-09 9.4369E-09 9.7923E-09 1.0143E-08 1.0509E-08 1.0881E-08 1.1250E-08 1.1625E-08 1.2034E-08 1.2431E-08 1.2834E-08
1.6527E-09 1.7224E-09 1.7975E-09 1.8715E-09 1.9473E-09 2.0297E-09 2.1102E-09 2.1971E-09 2.2824E-09 2.3698E-09 2.4642E-09 2.5568E-09 2.6561E-09 2.7565E-09 2.8543E-09 2.9627E-09 3.0734E-09 3.1803E-09 3.3003E-09 3.4215E-09 3.5440E-09 3.6691E-09 3.7978E-09 3.9350E-09 4.0712E-09 4.2115E-09 4.3565E-09 4.5125E-09 4.6679E-09 4.8280E-09 4.9995E-09 5.1715E-09 5.3489E-09 5.5319E-09 5.7273E-09 5.9218E-09 6.1222E-09 6.3287E-09 6.5535E-09 6.7761E-09 7.0055E-09 7.2419E-09 7.5005E-09 7.7600E-09 8.0305E-09 8.3117E-09 8.6039E-09 8.9059E-09 9.2345E-09 9.5592E-09 9.8938E-09 1.0227E-08 1.0566E-08 1.0907E-08 1.1249E-08 1.1632E-08 1.1992E-08
1.5614E-09 1.6274E-09 1.6984E-09 1.7684E-09 1.8402E-09 1.9182E-09 1.9944E-09 2.0725E-09 2.1574E-09 2.2402E-09 2.3296E-09 2.4173E-09 2.5071E-09 2.6058E-09 2.6990E-09 2.8008E-09 2.9049E-09 3.0068E-09 3.1202E-09 3.2345E-09 3.3454E-09 3.4692E-09 3.5907E-09 3.7163E-09 3.8504E-09 3.9834E-09 4.1203E-09 4.2675E-09 4.4141E-09 4.5651E-09 4.7205E-09 4.8884E-09 5.0554E-09 5.2272E-09 5.4100E-09 5.5926E-09 5.7808E-09 5.9744E-09 6.1847E-09 6.3930E-09 6.6059E-09 6.8248E-09 7.0537E-09 7.3056E-09 7.5560E-09 7.8161E-09 8.0855E-09 8.3636E-09 8.6648E-09 8.9601E-09 9.2623E-09 9.5658E-09 9.8724E-09 1.0181E-08 1.0488E-08 1.0794E-08 1.1141E-08
1.4725E-09 1.5347E-09 1.5985E-09 1.6678E-09 1.7356E-09 1.8050E-09 1.8812E-09 1.9549E-09 2.0351E-09 2.1133E-09 2.1934E-09 2.2806E-09 2.3654E-09 2.4571E-09 2.5463E-09 2.6380E-09 2.7389E-09 2.8362E-09 2.9418E-09 3.0496E-09 3.1554E-09 3.2715E-09 3.3869E-09 3.5048E-09 3.6323E-09 3.7577E-09 3.8864E-09 4.0246E-09 4.1623E-09 4.3040E-09 4.4498E-09 4.6071E-09 4.7635E-09 4.9234E-09 5.0942E-09 5.2649E-09 5.4406E-09 5.6212E-09 5.8168E-09 6.0074E-09 6.2032E-09 6.4059E-09 6.6167E-09 6.8481E-09 7.0778E-09 7.3160E-09 7.5622E-09 7.8160E-09 8.0776E-09 8.3572E-09 8.6303E-09 8.9039E-09 9.1792E-09 9.4546E-09 9.7283E-09 9.9983E-09 1.0296E-08
1.3860E-09 1.4446E-09 1.5047E-09 1.5699E-09 1.6337E-09 1.6992E-09 1.7709E-09 1.8403E-09 1.9159E-09 1.9895E-09 2.0650E-09 2.1471E-09 2.2267E-09 2.3128E-09 2.3968E-09 2.4832E-09 2.5763E-09 2.6684E-09 2.7636E-09 2.8679E-09 2.9691E-09 3.0775E-09 3.1862E-09 3.2971E-09 3.4166E-09 3.5352E-09 3.6558E-09 3.7796E-09 3.9138E-09 4.0462E-09 4.1824E-09 4.3290E-09 4.4743E-09 4.6231E-09 4.7758E-09 4.9406E-09 5.1037E-09 5.2710E-09 5.4384E-09 5.6222E-09 5.8022E-09 5.9879E-09 6.1806E-09 6.3912E-09 6.6001E-09 6.8162E-09 7.0405E-09 7.2733E-09 7.5091E-09 7.7454E-09 8.0043E-09 8.2487E-09 8.4934E-09 8.7370E-09 8.9776E-09 9.2134E-09 9.4420E-09
1.3021E-09 1.3572E-09 1.4136E-09 1.4749E-09 1.5349E-09 1.5964E-09 1.6637E-09 1.7290E-09 1.7959E-09 1.8692E-09 1.9401E-09 2.0168E-09 2.0913E-09 2.1676E-09 2.2510E-09 2.3321E-09 2.4185E-09 2.5053E-09 2.5943E-09 2.6902E-09 2.7855E-09 2.8841E-09 2.9891E-09 3.0935E-09 3.1997E-09 3.3158E-09 3.4295E-09 3.5449E-09 3.6698E-09 3.7930E-09 3.9196E-09 4.0496E-09 4.1900E-09 4.3279E-09 4.4693E-09 4.6216E-09 4.7707E-09 4.9205E-09 5.0741E-09 5.2416E-09 5.4053E-09 5.5744E-09 5.7491E-09 5.9289E-09 6.1271E-09 6.3253E-09 6.5308E-09 6.7396E-09 6.9504E-09 7.1616E-09 7.3901E-09 7.6063E-09 7.8217E-09 8.0348E-09 8.2440E-09 8.4475E-09 8.6429E-09
1.2211E-09 1.2727E-09 1.3256E-09 1.3799E-09 1.4392E-09 1.4969E-09 1.5559E-09 1.6211E-09 1.6838E-09 1.7525E-09 1.8186E-09 1.8859E-09 1.9598E-09 2.0313E-09 2.1093E-09 2.1852E-09 2.2631E-09 2.3464E-09 2.4298E-09 2.5176E-09 2.6074E-09 2.6994E-09 2.7967E-09 2.8939E-09 2.9941E-09 3.1017E-09 3.2077E-09 3.3157E-09 3.4255E-09 3.5455E-09 3.6626E-09 3.7825E-09 3.9120E-09 4.0393E-09 4.1697E-09 4.3003E-09 4.4404E-09 4.5771E-09 4.7165E-09 4.8586E-09 5.0159E-09 5.1685E-09 5.3254E-09 5.4865E-09 5.6697E-09 5.8500E-09 6.0334E-09 6.2191E-09 6.4060E-09 6.5930E-09 6.7796E-09 6.9822E-09 7.1698E-09 7.3543E-09 7.5341E-09 7.7074E-09 7.8721E-09
1.1430E-09 1.1912E-09 1.2407E-09 1.2915E-09 1.3469E-09 1.4008E-09 1.4560E-09 1.5170E-09 1.5755E-09 1.6352E-09 1.7007E-09 1.7635E-09 1.8326E-09 1.8994E-09 1.9678E-09 2.0433E-09 2.1160E-09 2.1924E-09 2.2701E-09 2.3492E-09 2.4346E-09 2.5198E-09 2.6070E-09 2.7001E-09 2.7930E-09 2.8936E-09 2.9910E-09 3.0925E-09 3.1942E-09 3.3047E-09 3.4126E-09 3.5229E-09 3.6356E-09 3.7587E-09 3.8743E-09 3.9917E-09 4.1188E-09 4.2421E-09 4.3678E-09 4.4959E-09 4.6366E-09 4.7731E-09 4.9139E-09 5.0653E-09 5.2195E-09 5.3894E-09 5.5517E-09 5.7155E-09 5.8798E-09 6.0437E-09 6.2063E-09 6.3664E-09 6.5427E-09 6.7006E-09 6.8532E-09 6.9988E-09 7.1356E-09
1.0648E-09 1.1129E-09 1.1590E-09 1.2064E-09 1.2549E-09 1.3084E-09 1.3598E-09 1.4125E-09 1.4711E-09 1.5262E-09 1.5871E-09 1.6456E-09 1.7056E-09 1.7721E-09 1.8362E-09 1.9063E-09 1.9739E-09 2.0428E-09 2.1160E-09 2.1893E-09 2.2674E-09 2.3462E-09 2.4268E-09 2.5129E-09 2.5977E-09 2.6866E-09 2.7828E-09 2.8749E-09 2.9699E-09 3.0716E-09 3.1705E-09 3.2716E-09 3.3741E-09 3.4823E-09 3.5868E-09 3.6930E-09 3.8004E-09 3.9178E-09 4.0305E-09 4.1448E-09 4.2607E-09 4.3942E-09 4.5259E-09 4.6605E-09 4.7971E-09 4.9352E-09 5.0887E-09 5.2318E-09 5.3748E-09 5.5170E-09 5.6575E-09 5.7952E-09 5.9444E-09 6.0779E-09 6.2057E-09 6.3263E-09 6.4381E-09
9.9301E-10 1.0377E-09 1.0807E-09 1.1248E-09 1.1699E-09 1.2196E-09 1.2675E-09 1.3165E-09 1.3702E-09 1.4213E-09 1.4737E-09 1.5324E-09 1.5881E-09 1.6501E-09 1.7096E-09 1.7702E-09 1.8372E-09 1.9011E-09 1.9676E-09 2.0364E-09 2.1056E-09 2.1791E-09 2.2531E-09 2.3288E-09 2.4111E-09 2.4917E-09 2.5807E-09 2.6656E-09 2.7524E-09 2.8415E-09 2.9374E-09 3.0281E-09 3.1183E-09 3.2097E-09 3.3100E-09 3.4051E-09 3.5014E-09 3.6060E-09 3.7062E-09 3.8076E-09 3.9153E-09 4.0375E-09 4.1542E-09 4.2729E-09 4.3928E-09 4.5136E-09 4.6465E-09 4.7705E-09 4.8939E-09 5.0159E-09 5.1360E-09 5.2531E-09 5.3659E-09 5.4894E-09 5.5949E-09 5.6931E-09 5.7828E-09
9.2436E-10 9.6278E-10 1.0058E-09 1.0467E-09 1.0886E-09 1.1315E-09 1.1792E-09 1.2238E-09 1.2694E-09 1.3209E-09 1.3696E-09 1.4239E-09 1.4758E-09 1.5290E-09 1.5883E-09 1.6443E-09 1.7062E-09 1.7652E-09 1.8252E-09 1.8888E-09 1.9523E-09 2.0183E-09 2.0862E-09 2.1560E-09 2.2295E-09 2.3049E-09 2.3807E-09 2.4648E-09 2.5440E-09 2.6254E-09 2.7116E-09 2.7919E-09 2.8733E-09 2.9553E-09 3.0448E-09 3.1298E-09 3.2155E-09 3.3018E-09 3.3967E-09 3.4925E-09 3.5900E-09 3.6889E-09 3.8000E-09 3.9038E-09 4.0083E-09 4.1130E-09 4.2173E-09 4.3333E-09 4.4388E-09 4.5423E-09 4.6439E-09 4.7423E-09 4.8363E-09 4.9248E-09 5.0228E-09 5.1014E-09 5.1720E-09
8.5887E-10 8.9448E-10 9.3428E-10 9.7219E-10 1.0110E-09 1.0507E-09 1.0941E-09 1.1353E-09 1.1775E-09 1.2252E-09 1.2702E-09 1.3164E-09 1.3687E-09 1.4177E-09 1.4723E-09 1.5240E-09 1.5767E-09 1.6353E-09 1.6906E-09 1.7470E-09 1.8056E-09 1.8649E-09 1.9269E-09 1.9908E-09 2.0563E-09 2.1264E-09 2.1954E-09 2.2715E-09 2.3446E-09 2.4156E-09 2.4890E-09 2.5669E-09 2.6396E-09 2.7128E-09 2.7864E-09 2.8678E-09 2.9437E-09 3.0212E-09 3.1034E-09 3.1952E-09 3.2812E-09 3.3679E-09 3.4552E-09 3.5546E-09 3.6448E-09 3.7347E-09 3.8237E-09 3.9113E-09 4.0110E-09 4.0976E-09 4.1826E-09 4.2643E-09 4.3416E-09 4.4134E-09 4.4787E-09 4.5523E-09 4.6065E-09
7.9657E-10 8.2948E-10 8.6319E-10 9.0127E-10 9.3714E-10 9.7329E-10 1.0099E-09 1.0511E-09 1.0902E-09 1.1300E-09 1.1758E-09 1.2185E-09 1.2666E-09 1.3118E-09 1.3578E-09 1.4095E-09 1.4578E-09 1.5116E-09 1.5623E-09 1.6133E-09 1.6652E-09 1.7202E-09 1.7758E-09 1.8334E-09 1.8933E-09 1.9537E-09 2.0181E-09 2.0815E-09 2.1515E-09 2.2167E-09 2.2813E-09 2.3470E-09 2.4180E-09 2.4831E-09 2.5484E-09 2.6202E-09 2.6894E-09 2.7613E-09 2.8338E-09 2.9143E-09 2.9896E-09 3.0651E-09 3.1407E-09 3.2159E-09 3.3030E-09 3.3794E-09 3.4547E-09 3.5283E-09 3.6005E-09 3.6828E-09 3.7531E-09 3.8199E-09 3.8823E-09 3.9395E-09 3.9906E-09 4.0345E-09 4.0713E-09
7.3743E-10 7.6779E-10 7.9888E-10 8.3395E-10 8.6660E-10 8.9959E-10 9.3326E-10 9.7131E-10 1.0072E-09 1.0441E-09 1.0863E-09 1.1256E-09 1.1657E-09 1.2112E-09 1.2534E-09 1.2962E-09 1.3450E-09 1.3900E-09 1.4403E-09 1.4866E-09 1.5335E-09 1.5826E-09 1.6323E-09 1.6842E-09 1.7378E-09 1.7924E-09 1.8475E-09 1.9038E-09 1.9612E-09 2.0261E-09 2.0845E-09 2.1424E-09 2.2070E-09 2.2650E-09 2.3226E-09 2.3847E-09 2.4531E-09 2.5164E-09 2.5800E-09 2.6439E-09 2.7156E-09 2.7808E-09 2.8457E-09 2.9100E-09 2.9834E-09 3.0477E-09 3.1106E-09 3.1716E-09 3.2314E-09 3.2874E-09 3.3554E-09 3.4091E-09 3.4587E-09 3.5033E-09 3.5421E-09 3.5743E-09 3.6005E-09
6.8144E-10 7.0939E-10 7.3799E-10 7.6695E-10 7.9954E-10 8.2979E-10 8.6094E-10 8.9275E-10 9.2887E-10 9.6300E-10 9.9775E-10 1.0377E-09 1.0744E-09 1.1116E-09 1.1545E-09 1.1937E-09 1.2382E-09 1.2793E-09 1.3202E-09 1.3667E-09 1.4093E-09 1.4527E-09 1.4974E-09 1.5436E-09 1.5906E-09 1.6386E-09 1.6860E-09 1.7353E-09 1.7864E-09 1.8446E-09 1.8974E-09 1.9485E-09 2.0001E-09 2.0585E-09 2.1137E-09 2.1697E-09 2.2253E-09 2.2866E-09 2.3421E-09 2.3976E-09 2.4528E-09 2.5152E-09 2.5705E-09 2.6248E-09 2.6778E-09 2.7396E-09 2.7915E-09 2.8414E-09 2.8902E-09 2.9352E-09 2.9787E-09 3.0318E-09 3.0702E-09 3.1040E-09 3.1324E-09 3.1548E-09 3.1723E-09
6.2857E-10 6.5423E-10 6.8030E-10 7.0642E-10 7.3620E-10 7.6410E-10 7.9265E-10 8.2182E-10 8.5197E-10 8.8642E-10 9.1822E-10 9.5052E-10 9.8814E-10 1.0222E-09 1.0612E-09 1.0970E-09 1.1332E-09 1.1744E-09 1.2115E-09 1.2489E-09 1.2921E-09 1.3310E-09 1.3706E-09 1.4123E-09 1.4522E-09 1.4930E-09 1.5355E-09 1.5794E-09 1.6243E-09 1.6686E-09 1.7208E-09 1.7677E-09 1.8146E-09 1.8637E-09 1.9194E-09 1.9678E-09 2.0185E-09 2.0658E-09 2.1202E-09 2.1681E-09 2.2153E-09 2.2614E-09 2.3148E-09 2.3603E-09 2.4042E-09 2.4463E-09 2.4970E-09 2.5374E-09 2.5763E-09 2.6120E-09 2.6462E-09 2.6767E-09 2.7160E-09 2.7406E-09 2.7604E-09 2.7748E-09 2.7851E-09
5.7596E-10 6.0216E-10 6.2554E-10 6.4940E-10 6.7389E-10 7.0227E-10 7.2834E-10 7.5539E-10 7.8293E-10 8.1431E-10 8.4332E-10 8.7279E-10 9.0268E-10 9.3797E-10 9.6939E-10 1.0059E-09 1.0388E-09 1.0712E-09 1.1092E-09 1.1430E-09 1.1819E-09 1.2169E-09 1.2521E-09 1.2874E-09 1.3227E-09 1.3586E-09 1.3958E-09 1.4340E-09 1.4725E-09 1.5135E-09 1.5535E-09 1.6005E-09 1.6455E-09 1.6873E-09 1.7320E-09 1.7817E-09 1.8240E-09 1.8669E-09 1.9075E-09 1.9550E-09 1.9952E-09 2.0341E-09 2.0716E-09 2.1162E-09 2.1520E-09 2.1861E-09 2.2182E-09 2.2588E-09 2.2892E-09 2.3169E-09 2.3431E-09 2.3659E-09 2.3849E-09 2.3996E-09 2.4244E-09 2.4324E-09 2.4368E-09
5.2940E-10 5.4985E-10 5.7409E-10 5.9595E-10 6.1838E-10 6.4122E-10 6.6833E-10 6.9298E-10 7.1808E-10 7.4358E-10 7.7299E-10 7.9979E-10 8.2697E-10 8.5892E-10 8.8744E-10 9.1626E-10 9.4977E-10 9.7910E-10 1.0086E-09 1.0437E-09 1.0743E-09 1.1100E-09 1.1416E-09 1.1732E-09 1.2047E-09 1.2369E-09 1.2694E-09 1.3036E-09 1.3370E-09 1.3710E-09 1.4071E-09 1.4419E-09 1.4872E-09 1.5256E-09 1.5629E-09 1.6072E-09 1.6444E-09 1.6811E-09 1.7177E-09 1.7515E-09 1.7919E-09 1.8244E-09 1.8554E-09 1.8849E-09 1.9207E-09 1.9478E-09 1.9730E-09 1.9965E-09 2.0176E-09 2.0487E-09 2.0682E-09 2.0845E-09 2.0974E-09 2.1065E-09 2.1113E-09 2.1255E-09 2.1253E-09
4.8525E-10 5.0386E-10 5.2596E-10 5.4597E-10 5.6637E-10 5.8745E-10 6.0900E-10 6.3452E-10 6.5732E-10 6.8049E-10 7.0400E-10 7.3143E-10 7.5607E-10 7.8098E-10 8.1073E-10 8.3666E-10 8.6221E-10 8.9291E-10 9.1947E-10 9.5080E-10 9.7826E-10 1.0057E-09 1.0383E-09 1.0665E-09 1.0951E-09 1.1239E-09 1.1524E-09 1.1810E-09 1.2112E-09 1.2407E-09 1.2716E-09 1.3026E-09 1.3403E-09 1.3740E-09 1.4073E-09 1.4399E-09 1.4786E-09 1.5102E-09 1.5410E-09 1.5714E-09 1.5984E-09 1.6319E-09 1.6571E-09 1.6809E-09 1.7025E-09 1.7304E-09 1.7497E-09 1.7676E-09 1.7830E-09 1.7966E-09 1.8201E-09 1.8311E-09 1.8390E-09 1.8435E-09 1.8442E-09 1.8417E-09 1.8360E-09
4.4397E-10 4.6091E-10 4.7833E-10 4.9925E-10 5.1799E-10 5.3722E-10 5.5679E-10 5.7987E-10 6.0055E-10 6.2154E-10 6.4283E-10 6.6437E-10 6.8986E-10 7.1238E-10 7.3508E-10 7.6210E-10 7.8506E-10 8.0811E-10 8.3631E-10 8.6016E-10 8.8878E-10 9.1331E-10 9.3777E-10 9.6734E-10 9.9315E-10 1.0188E-09 1.0441E-09 1.0690E-09 1.0952E-09 1.1209E-09 1.1465E-09 1.1734E-09 1.2009E-09 1.2341E-09 1.2642E-09 1.2921E-09 1.3191E-09 1.3527E-09 1.3790E-09 1.4051E-09 1.4284E-09 1.4492E-09 1.4760E-09 1.4948E-09 1.5115E-09 1.5264E-09 1.5474E-09 1.5605E-09 1.5711E-09 1.5805E-09 1.5881E-09 1.6038E-09 1.6077E-09 1.6085E-09 1.6060E-09 1.6011E-09 1.5933E-09
4.0547E-10 4.2099E-10 4.3678E-10 4.5300E-10 4.7296E-10 4.9038E-10 5.0810E-10 5.2609E-10 5.4763E-10 5.6660E-10 5.8583E-10 6.0528E-10 6.2491E-10 6.4848E-10 6.6870E-10 6.8859E-10 7.1328E-10 7.3391E-10 7.5454E-10 7.8028E-10 8.0151E-10 8.2747E-10 8.4918E-10 8.7124E-10 8.9867E-10 9.2137E-10 9.4377E-10 9.6578E-10 9.8730E-10 1.0100E-09 1.0321E-09 1.0546E-09 1.0788E-09 1.1012E-09 1.1300E-09 1.1559E-09 1.1795E-09 1.2028E-09 1.2313E-09 1.2527E-09 1.2729E-09 1.2900E-09 1.3049E-09 1.3258E-09 1.3383E-09 1.3493E-09 1.3584E-09 1.3740E-09 1.3805E-09 1.3865E-09 1.3908E-09 1.3926E-09 1.3918E-09 1.3996E-09 1.3947E-09 1.3881E-09 1.3788E-09
3.6707E-10 3.8384E-10 3.9822E-10 4.1305E-10 4.2812E-10 4.4681E-10 4.6281E-10 4.7905E-10 4.9551E-10 5.1553E-10 5.3285E-10 5.5036E-10 5.6803E-10 5.8581E-10 6.0692E-10 6.2472E-10 6.4252E-10 6.6508E-10 6.8346E-10 7.0175E-10 7.2510E-10 7.4382E-10 7.6737E-10 7.8720E-10 8.0682E-10 8.3139E-10 8.5114E-10 8.7051E-10 8.8941E-10 9.0773E-10 9.2811E-10 9.4686E-10 9.6493E-10 9.8576E-10 1.0049E-09 1.0302E-09 1.0523E-09 1.0719E-09 1.0904E-09 1.1084E-09 1.1304E-09 1.1451E-09 1.1568E-09 1.1667E-09 1.1819E-09 1.1895E-09 1.1955E-09 1.2006E-09 1.2029E-09 1.2131E-09 1.2147E-09 1.2141E-09 1.2112E-09 1.2059E-09 1.1979E-09 1.2002E-09 1.1900E-09
3.3409E-10 3.4660E-10 3.6257E-10 3.7596E-10 3.8956E-10 4.0636E-10 4.2078E-10 4.3541E-10 4.5023E-10 4.6521E-10 4.8374E-10 4.9946E-10 5.1531E-10 5.3097E-10 5.4636E-10 5.6559E-10 5.8145E-10 5.9725E-10 6.1774E-10 6.3397E-10 6.5004E-10 6.7106E-10 6.8800E-10 7.0970E-10 7.2701E-10 7.4402E-10 7.6586E-10 7.8284E-10 7.9936E-10 8.1535E-10 8.3072E-10 8.4802E-10 8.6366E-10 8.7895E-10 8.9696E-10 9.1237E-10 9.2758E-10 9.5240E-10 9.6891E-10 9.8341E-10 9.9533E-10 1.0131E-09 1.0229E-09 1.0301E-09 1.0354E-09 1.0393E-09 1.0494E-09 1.0521E-09 1.0522E-09 1.0524E-09 1.0509E-09 1.0553E-09 1.0507E-09 1.0439E-09 1.0349E-09 1.0251E-09 1.0130E-09
