Assets/Resources/2015_m01_d20_0400(utc+0800)_l00_csi_1hr_conc.grd
DSAA
         159         159
     -79.000      79.000
     -79.000      79.000
  0.0000E+00  0.9441E-05
[rows 0 to 24 of 159, columns 0 to 56 of 159]
4.7180E-10 5.1291E-10 5.5748E-10 6.0733E-10 6.5820E-10 7.1425E-10 7.7174E-10 8.3268E-10 8.9817E-10 9.6574E-10 1.0390E-09 1.1142E-09 1.1933E-09 1.2792E-09 1.3695E-09 1.4665E-09 1.5723E-09 1.6809E-09 1.7925E-09 1.9070E-09 2.0204E-09 2.1337E-09 2.2492E-09 2.3618E-09 2.4736E-09 2.5862E-09 2.6946E-09 2.8011E-09 2.9059E-09 3.0094E-09 3.1083E-09 3.2040E-09 3.2989E-09 3.3882E-09 3.4746E-09 3.5578E-09 3.6366E-09 3.7120E-09 3.7834E-09 3.8501E-09 3.9139E-09 3.9721E-09 4.0274E-09 4.0788E-09 4.1251E-09 4.1695E-09 4.2089E-09 4.2443E-09 4.2772E-09 4.3046E-09 4.3295E-09 4.3510E-09 4.3677E-09 4.3823E-09 4.3938E-09 4.4009E-09 4.4069E-09
4.8376E-10 5.2593E-10 5.7391E-10 6.2296E-10 6.7589E-10 7.3345E-10 7.9198E-10 8.5594E-10 9.2170E-10 9.9216E-10 1.0664E-09 1.1437E-09 1.2271E-09 1.3131E-09 1.4054E-09 1.5066E-09 1.6123E-09 1.7229E-09 1.8386E-09 1.9537E-09 2.0693E-09 2.1873E-09 2.3027E-09 2.4172E-09 2.5333E-09 2.6456E-09 2.7558E-09 2.8651E-09 2.9723E-09 3.0756E-09 3.1758E-09 3.2752E-09 3.3691E-09 3.4595E-09 3.5480E-09 3.6316E-09 3.7111E-09 3.7872E-09 3.8586E-09 3.9264E-09 3.9901E-09 4.0490E-09 4.1046E-09 4.1555E-09 4.2031E-09 4.2468E-09 4.2853E-09 4.3212E-09 4.3533E-09 4.3802E-09 4.4054E-09 4.4258E-09 4.4426E-09 4.4575E-09 4.4671E-09 4.4742E-09 4.4796E-09
4.9541E-10 5.3953E-10 5.8877E-10 6.3820E-10 6.9400E-10 7.5153E-10 8.1312E-10 8.7724E-10 9.4469E-10 1.0181E-09 1.0933E-09 1.1748E-09 1.2584E-09 1.3464E-09 1.4427E-09 1.5439E-09 1.6515E-09 1.7665E-09 1.8823E-09 1.9996E-09 2.1198E-09 2.2378E-09 2.3553E-09 2.4741E-09 2.5899E-09 2.7041E-09 2.8177E-09 2.9283E-09 3.0359E-09 3.1407E-09 3.2448E-09 3.3432E-09 3.4382E-09 3.5314E-09 3.6198E-09 3.7037E-09 3.7846E-09 3.8614E-09 3.9333E-09 4.0016E-09 4.0651E-09 4.1249E-09 4.1807E-09 4.2310E-09 4.2794E-09 4.3224E-09 4.3614E-09 4.3978E-09 4.4283E-09 4.4562E-09 4.4805E-09 4.4997E-09 4.5168E-09 4.5305E-09 4.5395E-09 4.5473E-09 4.5509E-09
5.0671E-10 5.5474E-10 6.0239E-10 6.5405E-10 7.1043E-10 7.6964E-10 8.3277E-10 8.9797E-10 9.6920E-10 1.0424E-09 1.1206E-09 1.2031E-09 1.2888E-09 1.3810E-09 1.4773E-09 1.5804E-09 1.6922E-09 1.8070E-09 1.9250E-09 2.0469E-09 2.1671E-09 2.2873E-09 2.4091E-09 2.5278E-09 2.6455E-09 2.7632E-09 2.8776E-09 2.9893E-09 3.0990E-09 3.2071E-09 3.3103E-09 3.4100E-09 3.5073E-09 3.6012E-09 3.6899E-09 3.7752E-09 3.8576E-09 3.9338E-09 4.0069E-09 4.0757E-09 4.1395E-09 4.1997E-09 4.2550E-09 4.3068E-09 4.3546E-09 4.3969E-09 4.4364E-09 4.4720E-09 4.5022E-09 4.5306E-09 4.5538E-09 4.5733E-09 4.5906E-09 4.6024E-09 4.6115E-09 4.6189E-09 4.6211E-09
5.1962E-10 5.6684E-10 6.1556E-10 6.6944E-10 7.2612E-10 7.8822E-10 8.5134E-10 9.1913E-10 9.9105E-10 1.0659E-09 1.1473E-09 1.2306E-09 1.3199E-09 1.4128E-09 1.5109E-09 1.6182E-09 1.7297E-09 1.8466E-09 1.9690E-09 2.0909E-09 2.2133E-09 2.3379E-09 2.4597E-09 2.5803E-09 2.7022E-09 2.8202E-09 2.9357E-09 3.0495E-09 3.1621E-09 3.2700E-09 3.3745E-09 3.4773E-09 3.5754E-09 3.6690E-09 3.7592E-09 3.8467E-09 3.9280E-09 4.0055E-09 4.0798E-09 4.1479E-09 4.2127E-09 4.2732E-09 4.3280E-09 4.3807E-09 4.4279E-09 4.4707E-09 4.5109E-09 4.5450E-09 4.5763E-09 4.6038E-09 4.6260E-09 4.6457E-09 4.6620E-09 4.6733E-09 4.6833E-09 4.6888E-09 4.6903E-09
5.3190E-10 5.7848E-10 6.2929E-10 6.8378E-10 7.4228E-10 8.0476E-10 8.6925E-10 9.3982E-10 1.0123E-09 1.0910E-09 1.1720E-09 1.2577E-09 1.3491E-09 1.4436E-09 1.5457E-09 1.6529E-09 1.7662E-09 1.8873E-09 2.0097E-09 2.1337E-09 2.2605E-09 2.3852E-09 2.5090E-09 2.6338E-09 2.7555E-09 2.8752E-09 2.9929E-09 3.1097E-09 3.2221E-09 3.3314E-09 3.4397E-09 3.5421E-09 3.6407E-09 3.7365E-09 3.8284E-09 3.9149E-09 3.9970E-09 4.0770E-09 4.1501E-09 4.2186E-09 4.2844E-09 4.3446E-09 4.4004E-09 4.4533E-09 4.4998E-09 4.5433E-09 4.5828E-09 4.6166E-09 4.6485E-09 4.6750E-09 4.6975E-09 4.7177E-09 4.7322E-09 4.7437E-09 4.7533E-09 4.7575E-09 4.7599E-09
5.4211E-10 5.8961E-10 6.4249E-10 6.9710E-10 7.5803E-10 8.2061E-10 8.8805E-10 9.5856E-10 1.0336E-09 1.1130E-09 1.1957E-09 1.2849E-09 1.3768E-09 1.4749E-09 1.5774E-09 1.6864E-09 1.8038E-09 1.9248E-09 2.0491E-09 2.1775E-09 2.3043E-09 2.4309E-09 2.5591E-09 2.6838E-09 2.8072E-09 2.9292E-09 3.0500E-09 3.1666E-09 3.2805E-09 3.3936E-09 3.5011E-09 3.6047E-09 3.7056E-09 3.8026E-09 3.8943E-09 3.9815E-09 4.0662E-09 4.1451E-09 4.2188E-09 4.2890E-09 4.3547E-09 4.4145E-09 4.4719E-09 4.5236E-09 4.5708E-09 4.6145E-09 4.6531E-09 4.6882E-09 4.7193E-09 4.7449E-09 4.7678E-09 4.7870E-09 4.8010E-09 4.8136E-09 4.8214E-09 4.8250E-09 4.8276E-09
5.5181E-10 6.0125E-10 6.5414E-10 7.1085E-10 7.7215E-10 8.3626E-10 9.0506E-10 9.7645E-10 1.0541E-09 1.1340E-09 1.2206E-09 1.3095E-09 1.4033E-09 1.5040E-09 1.6080E-09 1.7209E-09 1.8380E-09 1.9608E-09 2.0894E-09 2.2177E-09 2.3466E-09 2.4775E-09 2.6055E-09 2.7321E-09 2.8573E-09 2.9830E-09 3.1037E-09 3.2218E-09 3.3396E-09 3.4519E-09 3.5607E-09 3.6674E-09 3.7690E-09 3.8658E-09 3.9583E-09 4.0489E-09 4.1326E-09 4.2116E-09 4.2869E-09 4.3578E-09 4.4226E-09 4.4834E-09 4.5412E-09 4.5923E-09 4.6403E-09 4.6840E-09 4.7219E-09 4.7577E-09 4.7879E-09 4.8139E-09 4.8374E-09 4.8549E-09 4.8692E-09 4.8815E-09 4.8881E-09 4.8927E-09 4.8942E-09
5.6097E-10 6.1231E-10 6.6538E-10 7.2393E-10 7.8534E-10 8.5218E-10 9.2074E-10 9.9520E-10 1.0726E-09 1.1546E-09 1.2423E-09 1.3330E-09 1.4307E-09 1.5312E-09 1.6377E-09 1.7519E-09 1.8707E-09 1.9975E-09 2.1260E-09 2.2562E-09 2.3889E-09 2.5202E-09 2.6501E-09 2.7786E-09 2.9082E-09 3.0332E-09 3.1555E-09 3.2777E-09 3.3947E-09 3.5084E-09 3.6208E-09 3.7271E-09 3.8293E-09 3.9276E-09 4.0231E-09 4.1121E-09 4.1965E-09 4.2773E-09 4.3534E-09 4.4235E-09 4.4886E-09 4.5521E-09 4.6080E-09 4.6599E-09 4.7081E-09 4.7512E-09 4.7898E-09 4.8256E-09 4.8549E-09 4.8815E-09 4.9041E-09 4.9213E-09 4.9368E-09 4.9473E-09 4.9534E-09 4.9584E-09 4.9588E-09
5.7061E-10 6.2180E-10 6.7680E-10 7.3532E-10 7.9881E-10 8.6598E-10 9.3624E-10 1.0118E-09 1.0901E-09 1.1752E-09 1.2629E-09 1.3568E-09 1.4547E-09 1.5571E-09 1.6670E-09 1.7814E-09 1.9019E-09 2.0305E-09 2.1608E-09 2.2930E-09 2.4284E-09 2.5611E-09 2.6929E-09 2.8257E-09 2.9548E-09 3.0815E-09 3.2079E-09 3.3292E-09 3.4477E-09 3.5652E-09 3.6767E-09 3.7842E-09 3.8880E-09 3.9889E-09 4.0834E-09 4.1733E-09 4.2602E-09 4.3413E-09 4.4167E-09 4.4872E-09 4.5558E-09 4.6167E-09 4.6728E-09 4.7265E-09 4.7742E-09 4.8165E-09 4.8566E-09 4.8910E-09 4.9209E-09 4.9474E-09 4.9692E-09 4.9868E-09 5.0021E-09 5.0116E-09 5.0188E-09 5.0227E-09 5.0219E-09
5.7962E-10 6.3063E-10 6.8749E-10 7.4594E-10 8.1145E-10 8.7869E-10 9.5165E-10 1.0269E-09 1.1081E-09 1.1930E-09 1.2827E-09 1.3783E-09 1.4773E-09 1.5836E-09 1.6932E-09 1.8091E-09 1.9336E-09 2.0618E-09 2.1938E-09 2.3303E-09 2.4654E-09 2.6000E-09 2.7361E-09 2.8684E-09 2.9992E-09 3.1301E-09 3.2558E-09 3.3787E-09 3.5009E-09 3.6176E-09 3.7305E-09 3.8397E-09 3.9461E-09 4.0461E-09 4.1416E-09 4.2348E-09 4.3208E-09 4.4019E-09 4.4786E-09 4.5519E-09 4.6181E-09 4.6793E-09 4.7371E-09 4.7905E-09 4.8375E-09 4.8807E-09 4.9209E-09 4.9545E-09 4.9852E-09 5.0117E-09 5.0324E-09 5.0514E-09 5.0651E-09 5.0742E-09 5.0819E-09 5.0849E-09 5.0845E-09
5.8705E-10 6.3981E-10 6.9648E-10 7.5682E-10 8.2226E-10 8.9152E-10 9.6456E-10 1.0415E-09 1.1239E-09 1.2096E-09 1.3023E-09 1.3978E-09 1.5000E-09 1.6065E-09 1.7176E-09 1.8374E-09 1.9614E-09 2.0911E-09 2.2272E-09 2.3634E-09 2.5003E-09 2.6391E-09 2.7749E-09 2.9090E-09 3.0439E-09 3.1742E-09 3.3014E-09 3.4282E-09 3.5497E-09 3.6677E-09 3.7818E-09 3.8944E-09 4.0000E-09 4.1010E-09 4.1999E-09 4.2917E-09 4.3785E-09 4.4609E-09 4.5399E-09 4.6116E-09 4.6781E-09 4.7419E-09 4.7996E-09 4.8516E-09 4.8988E-09 4.9444E-09 4.9825E-09 5.0168E-09 5.0476E-09 5.0733E-09 5.0947E-09 5.1136E-09 5.1263E-09 5.1367E-09 5.1435E-09 5.1454E-09 5.1457E-09
5.9382E-10 6.4777E-10 7.0468E-10 7.6684E-10 8.3214E-10 9.0337E-10 9.7639E-10 1.0555E-09 1.1380E-09 1.2260E-09 1.3190E-09 1.4158E-09 1.5202E-09 1.6276E-09 1.7420E-09 1.8617E-09 1.9872E-09 2.1207E-09 2.2563E-09 2.3942E-09 2.5351E-09 2.6738E-09 2.8113E-09 2.9495E-09 3.0839E-09 3.2159E-09 3.3470E-09 3.4731E-09 3.5960E-09 3.7153E-09 3.8333E-09 3.9447E-09 4.0514E-09 4.1560E-09 4.2535E-09 4.3461E-09 4.4351E-09 4.5192E-09 4.5966E-09 4.6688E-09 4.7381E-09 4.8011E-09 4.8582E-09 4.9111E-09 4.9610E-09 5.0039E-09 5.0420E-09 5.0779E-09 5.1080E-09 5.1329E-09 5.1551E-09 5.1732E-09 5.1857E-09 5.1967E-09 5.2027E-09 5.2051E-09 5.2063E-09
6.0041E-10 6.5500E-10 7.1312E-10 7.7502E-10 8.4214E-10 9.1303E-10 9.8767E-10 1.0678E-09 1.1508E-09 1.2410E-09 1.3342E-09 1.4345E-09 1.5381E-09 1.6469E-09 1.7635E-09 1.8839E-09 2.0115E-09 2.1460E-09 2.2832E-09 2.4240E-09 2.5656E-09 2.7060E-09 2.8465E-09 2.9854E-09 3.1215E-09 3.2550E-09 3.3879E-09 3.5154E-09 3.6396E-09 3.7629E-09 3.8798E-09 3.9923E-09 4.1028E-09 4.2061E-09 4.3045E-09 4.3994E-09 4.4895E-09 4.5728E-09 4.6509E-09 4.7267E-09 4.7945E-09 4.8570E-09 4.9152E-09 4.9702E-09 5.0180E-09 5.0610E-09 5.1008E-09 5.1363E-09 5.1656E-09 5.1912E-09 5.2143E-09 5.2308E-09 5.2440E-09 5.2550E-09 5.2600E-09 5.2633E-09 5.2634E-09
6.0680E-10 6.6095E-10 7.2000E-10 7.8227E-10 8.5064E-10 9.2179E-10 9.9815E-10 1.0782E-09 1.1639E-09 1.2536E-09 1.3490E-09 1.4494E-09 1.5542E-09 1.6667E-09 1.7823E-09 1.9041E-09 2.0349E-09 2.1691E-09 2.3078E-09 2.4515E-09 2.5936E-09 2.7357E-09 2.8792E-09 3.0187E-09 3.1564E-09 3.2940E-09 3.4260E-09 3.5550E-09 3.6831E-09 3.8053E-09 3.9235E-09 4.0398E-09 4.1491E-09 4.2534E-09 4.3542E-09 4.4503E-09 4.5397E-09 4.6238E-09 4.7056E-09 4.7792E-09 4.8475E-09 4.9119E-09 4.9716E-09 5.0246E-09 5.0726E-09 5.1181E-09 5.1576E-09 5.1916E-09 5.2209E-09 5.2491E-09 5.2699E-09 5.2864E-09 5.3004E-09 5.3106E-09 5.3164E-09 5.3198E-09 5.3188E-09
6.1194E-10 6.6663E-10 7.2622E-10 7.8911E-10 8.5774E-10 9.3000E-10 1.0071E-09 1.0880E-09 1.1746E-09 1.2647E-09 1.3622E-09 1.4627E-09 1.5697E-09 1.6823E-09 1.7993E-09 1.9246E-09 2.0544E-09 2.1897E-09 2.3323E-09 2.4753E-09 2.6190E-09 2.7652E-09 2.9081E-09 3.0492E-09 3.1910E-09 3.3278E-09 3.4613E-09 3.5942E-09 3.7214E-09 3.8449E-09 3.9669E-09 4.0820E-09 4.1924E-09 4.2993E-09 4.4014E-09 4.4969E-09 4.5871E-09 4.6751E-09 4.7547E-09 4.8289E-09 4.8992E-09 4.9645E-09 5.0230E-09 5.0764E-09 5.1279E-09 5.1716E-09 5.2104E-09 5.2445E-09 5.2773E-09 5.3025E-09 5.3234E-09 5.3406E-09 5.3556E-09 5.3642E-09 5.3710E-09 5.3744E-09 5.3735E-09
6.1585E-10 6.7149E-10 7.3105E-10 7.9530E-10 8.6367E-10 9.3761E-10 1.0144E-09 1.0970E-09 1.1834E-09 1.2760E-09 1.3727E-09 1.4741E-09 1.5834E-09 1.6960E-09 1.8146E-09 1.9406E-09 2.0715E-09 2.2098E-09 2.3520E-09 2.4964E-09 2.6440E-09 2.7896E-09 2.9341E-09 3.0792E-09 3.2203E-09 3.3587E-09 3.4961E-09 3.6281E-09 3.7567E-09 3.8839E-09 4.0049E-09 4.1213E-09 4.2328E-09 4.3425E-09 4.4441E-09 4.5405E-09 4.6347E-09 4.7206E-09 4.8010E-09 4.8781E-09 4.9486E-09 5.0128E-09 5.0718E-09 5.1288E-09 5.1777E-09 5.2217E-09 5.2615E-09 5.2984E-09 5.3283E-09 5.3536E-09 5.3753E-09 5.3945E-09 5.4072E-09 5.4167E-09 5.4247E-09 5.4262E-09 5.4263E-09
6.1875E-10 6.7599E-10 7.3550E-10 8.0019E-10 8.6907E-10 9.4354E-10 1.0209E-09 1.1040E-09 1.1911E-09 1.2845E-09 1.3816E-09 1.4855E-09 1.5941E-09 1.7076E-09 1.8290E-09 1.9543E-09 2.0862E-09 2.2262E-09 2.3690E-09 2.5160E-09 2.6641E-09 2.8112E-09 2.9583E-09 3.1039E-09 3.2466E-09 3.3883E-09 3.5256E-09 3.6589E-09 3.7900E-09 3.9176E-09 4.0397E-09 4.1573E-09 4.2732E-09 4.3810E-09 4.4836E-09 4.5841E-09 4.6763E-09 4.7631E-09 4.8465E-09 4.9231E-09 4.9934E-09 5.0583E-09 5.1210E-09 5.1755E-09 5.2248E-09 5.2699E-09 5.3119E-09 5.3467E-09 5.3768E-09 5.4039E-09 5.4268E-09 5.4437E-09 5.4564E-09 5.4693E-09 5.4745E-09 5.4760E-09 5.4785E-09
6.2213E-10 6.7866E-10 7.3901E-10 8.0335E-10 8.7389E-10 9.4777E-10 1.0267E-09 1.1092E-09 1.1980E-09 1.2910E-09 1.3892E-09 1.4940E-09 1.6027E-09 1.7188E-09 1.8395E-09 1.9657E-09 2.1007E-09 2.2395E-09 2.3834E-09 2.5328E-09 2.6812E-09 2.8297E-09 2.9795E-09 3.1256E-09 3.2697E-09 3.4136E-09 3.5517E-09 3.6865E-09 3.8203E-09 3.9479E-09 4.0713E-09 4.1932E-09 4.3074E-09 4.4163E-09 4.5230E-09 4.6217E-09 4.7148E-09 4.8046E-09 4.8877E-09 4.9643E-09 5.0353E-09 5.1040E-09 5.1643E-09 5.2193E-09 5.2706E-09 5.3172E-09 5.3572E-09 5.3923E-09 5.4251E-09 5.4520E-09 5.4735E-09 5.4915E-09 5.5077E-09 5.5169E-09 5.5232E-09 5.5282E-09 5.5267E-09
6.2418E-10 6.8021E-10 7.4158E-10 8.0622E-10 8.7687E-10 9.5133E-10 1.0306E-09 1.1137E-09 1.2029E-09 1.2958E-09 1.3956E-09 1.4999E-09 1.6094E-09 1.7268E-09 1.8477E-09 1.9757E-09 2.1105E-09 2.2501E-09 2.3967E-09 2.5455E-09 2.6952E-09 2.8474E-09 2.9965E-09 3.1438E-09 3.2918E-09 3.4350E-09 3.5745E-09 3.7132E-09 3.8459E-09 3.9748E-09 4.1025E-09 4.2229E-09 4.3382E-09 4.4513E-09 4.5563E-09 4.6559E-09 4.7500E-09 4.8418E-09 4.9249E-09 5.0023E-09 5.0773E-09 5.1437E-09 5.2046E-09 5.2617E-09 5.3139E-09 5.3594E-09 5.3998E-09 5.4377E-09 5.4696E-09 5.4959E-09 5.5186E-09 5.5393E-09 5.5528E-09 5.5642E-09 5.5721E-09 5.5742E-09 5.5749E-09
6.2541E-10 6.8164E-10 7.4297E-10 8.0806E-10 8.7843E-10 9.5368E-10 1.0328E-09 1.1172E-09 1.2058E-09 1.2996E-09 1.3998E-09 1.5040E-09 1.6156E-09 1.7319E-09 1.8535E-09 1.9834E-09 2.1174E-09 2.2585E-09 2.4058E-09 2.5552E-09 2.7072E-09 2.8597E-09 3.0100E-09 3.1608E-09 3.3083E-09 3.4527E-09 3.5963E-09 3.7340E-09 3.8681E-09 4.0012E-09 4.1274E-09 4.2490E-09 4.3670E-09 4.4800E-09 4.5861E-09 4.6867E-09 4.7850E-09 4.8748E-09 4.9588E-09 5.0403E-09 5.1131E-09 5.1802E-09 5.2433E-09 5.3014E-09 5.3526E-09 5.3986E-09 5.4428E-09 5.4790E-09 5.5105E-09 5.5391E-09 5.5637E-09 5.5817E-09 5.5986E-09 5.6096E-09 5.6158E-09 5.6213E-09 5.6217E-09
6.2533E-10 6.8218E-10 7.4288E-10 8.0885E-10 8.7862E-10 9.5511E-10 1.0339E-09 1.1187E-09 1.2070E-09 1.3022E-09 1.4017E-09 1.5068E-09 1.6188E-09 1.7348E-09 1.8580E-09 1.9873E-09 2.1219E-09 2.2652E-09 2.4116E-09 2.5618E-09 2.7163E-09 2.8687E-09 3.0210E-09 3.1731E-09 3.3214E-09 3.4684E-09 3.6123E-09 3.7513E-09 3.8874E-09 4.0212E-09 4.1486E-09 4.2714E-09 4.3924E-09 4.5051E-09 4.6123E-09 4.7172E-09 4.8136E-09 4.9043E-09 4.9924E-09 5.0719E-09 5.1456E-09 5.2135E-09 5.2792E-09 5.3364E-09 5.3882E-09 5.4381E-09 5.4799E-09 5.5166E-09 5.5505E-09 5.5801E-09 5.6031E-09 5.6246E-09 5.6403E-09 5.6507E-09 5.6615E-09 5.6646E-09 5.6641E-09
6.2474E-10 6.8182E-10 7.4257E-10 8.0836E-10 8.7878E-10 9.5428E-10 1.0337E-09 1.1181E-09 1.2073E-09 1.3027E-09 1.4018E-09 1.5082E-09 1.6194E-09 1.7357E-09 1.8603E-09 1.9888E-09 2.1247E-09 2.2675E-09 2.4145E-09 2.5672E-09 2.7209E-09 2.8744E-09 3.0297E-09 3.1814E-09 3.3310E-09 3.4806E-09 3.6245E-09 3.7648E-09 3.9045E-09 4.0375E-09 4.1662E-09 4.2933E-09 4.4126E-09 4.5265E-09 4.6380E-09 4.7410E-09 4.8385E-09 4.9334E-09 5.0196E-09 5.1000E-09 5.1746E-09 5.2468E-09 5.3102E-09 5.3681E-09 5.4239E-09 5.4715E-09 5.5139E-09 5.5532E-09 5.5882E-09 5.6163E-09 5.6440E-09 5.6634E-09 5.6784E-09 5.6936E-09 5.7010E-09 5.7044E-09 5.7089E-09
6.2302E-10 6.8012E-10 7.4129E-10 8.0652E-10 8.7723E-10 9.5219E-10 1.0329E-09 1.1163E-09 1.2064E-09 1.3006E-09 1.4006E-09 1.5072E-09 1.6179E-09 1.7360E-09 1.8591E-09 1.9878E-09 2.1251E-09 2.2669E-09 2.4148E-09 2.5683E-09 2.7223E-09 2.8780E-09 3.0332E-09 3.1860E-09 3.3385E-09 3.4878E-09 3.6330E-09 3.7776E-09 3.9158E-09 4.0500E-09 4.1829E-09 4.3085E-09 4.4290E-09 4.5471E-09 4.6570E-09 4.7612E-09 4.8613E-09 4.9559E-09 5.0432E-09 5.1246E-09 5.2035E-09 5.2735E-09 5.3378E-09 5.3998E-09 5.4534E-09 5.5018E-09 5.5468E-09 5.5873E-09 5.6208E-09 5.6538E-09 5.6783E-09 5.6983E-09 5.7183E-09 5.7302E-09 5.7380E-09 5.7466E-09 5.7475E-09
6.2101E-10 6.7746E-10 7.3883E-10 8.0417E-10 8.7474E-10 9.4996E-10 1.0297E-09 1.1135E-09 1.2036E-09 1.2971E-09 1.3980E-09 1.5035E-09 1.6147E-09 1.7329E-09 1.8556E-09 1.9854E-09 2.1216E-09 2.2634E-09 2.4133E-09 2.5656E-09 2.7202E-09 2.8780E-09 3.0331E-09 3.1875E-09 3.3413E-09 3.4911E-09 3.6392E-09 3.7837E-09 3.9231E-09 4.0601E-09 4.1930E-09 4.3198E-09 4.4423E-09 4.5611E-09 4.6722E-09 4.7775E-09 4.8805E-09 4.9747E-09 5.0631E-09 5.1489E-09 5.2257E-09 5.2967E-09 5.3644E-09 5.4251E-09 5.4796E-09 5.5287E-09 5.5770E-09 5.6163E-09 5.6547E-09 5.6846E-09 5.7098E-09 5.7349E-09 5.7517E-09 5.7642E-09 5.7772E-09 5.7823E-09 5.7839E-09
