Assets/Resources/2015_m01_d11_2300(utc+0800)_l00_csi_1hr_conc.grd
DSAA
         159         159
     -79.000      79.000
     -79.000      79.000
  0.0000E+00  0.2192E-05
[rows 50 to 74 of 159, columns 57 to 113 of 159]
8.2799E-10 8.6749E-10 9.2031E-10 9.7756E-10 1.0400E-09 1.1150E-09 1.1905E-09 1.2730E-09 1.3602E-09 1.4616E-09 1.5786E-09 1.7095E-09 1.8700E-09 2.0538E-09 2.2898E-09 2.5672E-09 3.1220E-09 4.2792E-09 6.4748E-09 1.0292E-08 1.6232E-08 2.4541E-08 3.4956E-08 4.6683E-08 5.8670E-08 6.9770E-08 7.8920E-08 8.5166E-08 8.7823E-08 8.6542E-08 8.1351E-08 7.2787E-08 6.1793E-08 4.9657E-08 3.7599E-08 2.6767E-08 1.7827E-08 1.1072E-08 6.3949E-09 3.3898E-09 1.6598E-09 5.8619E-10 1.0579E-10 0.0000E+00 0.0000E+00 0.0000E+00 0.0000E+00 0.0000E+00 0.0000E+00 0.0000E+00 0.0000E+00 0.0000E+00 0.0000E+00 0.0000E+00 0.0000E+00 0.0000E+00 0.0000E+00
5.4745E-10 5.8154E-10 6.1220E-10 6.5383E-10 6.9634E-10 7.4646E-10 8.0519E-10 8.6573E-10 9.2057E-10 9.8330E-10 1.0646E-09 1.1541E-09 1.2548E-09 1.3868E-09 1.5515E-09 1.7472E-09 2.1416E-09 3.2459E-09 5.5031E-09 9.7235E-09 1.6381E-08 2.5565E-08 3.6707E-08 4.8696E-08 6.0379E-08 7.0806E-08 7.9237E-08 8.4951E-08 8.7389E-08 8.6104E-08 8.1035E-08 7.2644E-08 6.1823E-08 4.9794E-08 3.7736E-08 2.6824E-08 1.7814E-08 1.0986E-08 6.2987E-09 3.3113E-09 1.6165E-09 5.7748E-10 1.0095E-10 0.0000E+00 0.0000E+00 0.0000E+00 0.0000E+00 0.0000E+00 0.0000E+00 0.0000E+00 0.0000E+00 0.0000E+00 0.0000E+00 0.0000E+00 0.0000E+00 0.0000E+00 0.0000E+00
3.3931E-10 3.5676E-10 3.8223E-10 4.0840E-10 4.4269E-10 4.7435E-10 5.1171E-10 5.5870E-10 6.0362E-10 6.4026E-10 6.8701E-10 7.4595E-10 8.1912E-10 9.0272E-10 1.0077E-09 1.1449E-09 1.5097E-09 2.5981E-09 5.1466E-09 9.9978E-09 1.7813E-08 2.8225E-08 4.0148E-08 5.2194E-08 6.3182E-08 7.2461E-08 7.9692E-08 8.4527E-08 8.6467E-08 8.5015E-08 8.0094E-08 7.1936E-08 6.1265E-08 4.9345E-08 3.7365E-08 2.6512E-08 1.7524E-08 1.0758E-08 6.1234E-09 3.1742E-09 1.5324E-09 5.4303E-10 9.1390E-11 0.0000E+00 0.0000E+00 0.0000E+00 0.0000E+00 0.0000E+00 0.0000E+00 0.0000E+00 0.0000E+00 0.0000E+00 0.0000E+00 0.0000E+00 0.0000E+00 0.0000E+00 0.0000E+00
1.8788E-10 1.9999E-10 2.1429E-10 2.3618E-10 2.5875E-10 2.8488E-10 3.1080E-10 3.4065E-10 3.7508E-10 4.0661E-10 4.3526E-10 4.6846E-10 5.1073E-10 5.6203E-10 6.2694E-10 7.1298E-10 1.1452E-09 2.4000E-09 5.4555E-09 1.1427E-08 2.0703E-08 3.2671E-08 4.5396E-08 5.7246E-08 6.7024E-08 7.4649E-08 8.0288E-08 8.3935E-08 8.5201E-08 8.3633E-08 7.8672E-08 7.0585E-08 6.0095E-08 4.8335E-08 3.6483E-08 2.5786E-08 1.6954E-08 1.0314E-08 5.8160E-09 2.9900E-09 1.4204E-09 5.0656E-10 8.4046E-11 0.0000E+00 0.0000E+00 0.0000E+00 0.0000E+00 0.0000E+00 0.0000E+00 0.0000E+00 0.0000E+00 0.0000E+00 0.0000E+00 0.0000E+00 0.0000E+00 0.0000E+00 0.0000E+00
9.6074E-11 1.0626E-10 1.1700E-10 1.3052E-10 1.4683E-10 1.6404E-10 1.8441E-10 2.0468E-10 2.2547E-10 2.4902E-10 2.7144E-10 2.9073E-10 3.1118E-10 3.3760E-10 3.6966E-10 4.3859E-10 9.9295E-10 2.6888E-09 6.6478E-09 1.4152E-08 2.5337E-08 3.8959E-08 5.2354E-08 6.3492E-08 7.1660E-08 7.7218E-08 8.0992E-08 8.3324E-08 8.3910E-08 8.1939E-08 7.6902E-08 6.8888E-08 5.8412E-08 4.6716E-08 3.5050E-08 2.4584E-08 1.6014E-08 9.6590E-09 5.3926E-09 2.7523E-09 1.2927E-09 4.5047E-10 6.4934E-11 0.0000E+00 0.0000E+00 0.0000E+00 0.0000E+00 0.0000E+00 0.0000E+00 0.0000E+00 0.0000E+00 0.0000E+00 0.0000E+00 0.0000E+00 0.0000E+00 0.0000E+00 0.0000E+00
4.6562E-11 5.5767E-11 6.2697E-11 7.3076E-11 8.2682E-11 9.6207E-11 1.1115E-10 1.2407E-10 1.3667E-10 1.4950E-10 1.6280E-10 1.7492E-10 1.8507E-10 1.9595E-10 2.0933E-10 3.2029E-10 1.1024E-09 3.5128E-09 8.9453E-09 1.8483E-08 3.1882E-08 4.6888E-08 6.0574E-08 7.0531E-08 7.6655E-08 8.0026E-08 8.1891E-08 8.2839E-08 8.2583E-08 8.0162E-08 7.4939E-08 6.6745E-08 5.6189E-08 4.4559E-08 3.3073E-08 2.2885E-08 1.4735E-08 8.7600E-09 4.8316E-09 2.4318E-09 1.1166E-09 3.8216E-10 5.0392E-11 0.0000E+00 0.0000E+00 0.0000E+00 0.0000E+00 0.0000E+00 0.0000E+00 0.0000E+00 0.0000E+00 0.0000E+00 0.0000E+00 0.0000E+00 0.0000E+00 0.0000E+00 0.0000E+00
2.4915E-11 2.7260E-11 3.2539E-11 3.9641E-11 4.6148E-11 5.4143E-11 6.2939E-11 6.9674E-11 7.5698E-11 8.3522E-11 9.0190E-11 9.6269E-11 1.0109E-10 1.0677E-10 1.0991E-10 3.3268E-10 1.5259E-09 5.0555E-09 1.2597E-08 2.4774E-08 4.0284E-08 5.6162E-08 6.9234E-08 7.7675E-08 8.1635E-08 8.2878E-08 8.2901E-08 8.2578E-08 8.1471E-08 7.8553E-08 7.2904E-08 6.4340E-08 5.3511E-08 4.1789E-08 3.0465E-08 2.0727E-08 1.3080E-08 7.6497E-09 4.1441E-09 2.0459E-09 9.2462E-10 3.0446E-10 2.7705E-11 0.0000E+00 0.0000E+00 0.0000E+00 0.0000E+00 0.0000E+00 0.0000E+00 0.0000E+00 0.0000E+00 0.0000E+00 0.0000E+00 0.0000E+00 0.0000E+00 0.0000E+00 0.0000E+00
1.6498E-11 1.6079E-11 1.5944E-11 1.8777E-11 2.1827E-11 2.6202E-11 3.0930E-11 3.3882E-11 3.5690E-11 3.9041E-11 4.2371E-11 4.4715E-11 4.6681E-11 4.8513E-11 4.8535E-11 4.8887E-10 2.3899E-09 7.6460E-09 1.8037E-08 3.3227E-08 5.0450E-08 6.6254E-08 7.7829E-08 8.4365E-08 8.6289E-08 8.5686E-08 8.4219E-08 8.2699E-08 8.0687E-08 7.7095E-08 7.0701E-08 6.1624E-08 5.0397E-08 3.8503E-08 2.7388E-08 1.8121E-08 1.1168E-08 6.3720E-09 3.3891E-09 1.6110E-09 7.0747E-10 2.1308E-10 8.6787E-12 0.0000E+00 0.0000E+00 0.0000E+00 0.0000E+00 0.0000E+00 0.0000E+00 0.0000E+00 0.0000E+00 0.0000E+00 0.0000E+00 0.0000E+00 0.0000E+00 0.0000E+00 0.0000E+00
9.8880E-12 9.6104E-12 9.2376E-12 8.7826E-12 8.4422E-12 9.1024E-12 1.1100E-11 1.2350E-11 1.2625E-11 1.2789E-11 1.4083E-11 1.5126E-11 1.6414E-11 1.7957E-11 4.1957E-11 8.3179E-10 3.9076E-09 1.1768E-08 2.5757E-08 4.3958E-08 6.1956E-08 7.6305E-08 8.5632E-08 9.0046E-08 9.0516E-08 8.8575E-08 8.5919E-08 8.3250E-08 8.0366E-08 7.5790E-08 6.8605E-08 5.8631E-08 4.6683E-08 3.4623E-08 2.3829E-08 1.5225E-08 9.0676E-09 4.9858E-09 2.5684E-09 1.1792E-09 4.9717E-10 1.2788E-10 0.0000E+00 0.0000E+00 0.0000E+00 0.0000E+00 0.0000E+00 0.0000E+00 0.0000E+00 0.0000E+00 0.0000E+00 0.0000E+00 0.0000E+00 0.0000E+00 0.0000E+00 0.0000E+00 0.0000E+00
4.9977E-12 4.8854E-12 4.6701E-12 4.3567E-12 3.9017E-12 3.4106E-12 2.8272E-12 2.5907E-12 2.7352E-12 2.8199E-12 2.8044E-12 2.8285E-12 3.2542E-12 4.1688E-12 1.1706E-10 1.4335E-09 6.3346E-09 1.7934E-08 3.6189E-08 5.6709E-08 7.3965E-08 8.5537E-08 9.2219E-08 9.4875E-08 9.4337E-08 9.1648E-08 8.8042E-08 8.4483E-08 8.0452E-08 7.4801E-08 6.6229E-08 5.4957E-08 4.2395E-08 3.0224E-08 1.9935E-08 1.2182E-08 6.9158E-09 3.6283E-09 1.7786E-09 7.6885E-10 2.9980E-10 6.1485E-11 0.0000E+00 0.0000E+00 0.0000E+00 0.0000E+00 0.0000E+00 0.0000E+00 0.0000E+00 0.0000E+00 0.0000E+00 0.0000E+00 0.0000E+00 0.0000E+00 0.0000E+00 0.0000E+00 0.0000E+00
1.6165E-12 1.5392E-12 1.3890E-12 1.1950E-12 9.6114E-13 7.3355E-13 4.8465E-13 2.8279E-13 1.0530E-13 1.0314E-14 0.0000E+00 0.0000E+00 0.0000E+00 2.1346E-12 2.7047E-10 2.2521E-09 9.7894E-09 2.6307E-08 4.9114E-08 7.0646E-08 8.5395E-08 9.3467E-08 9.7451E-08 9.8951E-08 9.7946E-08 9.4860E-08 9.0704E-08 8.6286E-08 8.1138E-08 7.3841E-08 6.3512E-08 5.0816E-08 3.7379E-08 2.5274E-08 1.5769E-08 9.0714E-09 4.8746E-09 2.3958E-09 1.0990E-09 4.3462E-10 1.4392E-10 1.4832E-11 0.0000E+00 0.0000E+00 0.0000E+00 0.0000E+00 0.0000E+00 0.0000E+00 0.0000E+00 0.0000E+00 0.0000E+00 0.0000E+00 0.0000E+00 0.0000E+00 0.0000E+00 0.0000E+00 0.0000E+00
1.7570E-13 1.5269E-13 1.2026E-13 7.9235E-14 3.0597E-14 0.0000E+00 0.0000E+00 0.0000E+00 0.0000E+00 0.0000E+00 0.0000E+00 0.0000E+00 0.0000E+00 2.1491E-11 4.8092E-10 3.2296E-09 1.3654E-08 3.5877E-08 6.3274E-08 8.4446E-08 9.5372E-08 9.9742E-08 1.0145E-07 1.0232E-07 1.0148E-07 9.8366E-08 9.3925E-08 8.8590E-08 8.2057E-08 7.2763E-08 6.0223E-08 4.5771E-08 3.1649E-08 2.0006E-08 1.1599E-08 6.1993E-09 3.0965E-09 1.3825E-09 5.7636E-10 1.8986E-10 3.3802E-11 1.0131E-12 0.0000E+00 0.0000E+00 0.0000E+00 0.0000E+00 0.0000E+00 0.0000E+00 0.0000E+00 0.0000E+00 0.0000E+00 0.0000E+00 0.0000E+00 0.0000E+00 0.0000E+00 0.0000E+00 0.0000E+00
0.0000E+00 0.0000E+00 0.0000E+00 0.0000E+00 0.0000E+00 0.0000E+00 0.0000E+00 0.0000E+00 0.0000E+00 0.0000E+00 0.0000E+00 0.0000E+00 0.0000E+00 0.0000E+00 4.8220E-10 3.6254E-09 1.6166E-08 4.4598E-08 7.8047E-08 9.7731E-08 1.0362E-07 1.0466E-07 1.0503E-07 1.0538E-07 1.0517E-07 1.0237E-07 9.7543E-08 9.1363E-08 8.3119E-08 7.1319E-08 5.6116E-08 3.9920E-08 2.5499E-08 1.4737E-08 7.7838E-09 3.7514E-09 1.6759E-09 6.6836E-10 2.2557E-10 4.3727E-11 5.1135E-12 0.0000E+00 0.0000E+00 0.0000E+00 0.0000E+00 0.0000E+00 0.0000E+00 0.0000E+00 0.0000E+00 0.0000E+00 0.0000E+00 0.0000E+00 0.0000E+00 0.0000E+00 0.0000E+00 0.0000E+00 0.0000E+00
0.0000E+00 0.0000E+00 0.0000E+00 0.0000E+00 0.0000E+00 0.0000E+00 0.0000E+00 0.0000E+00 0.0000E+00 0.0000E+00 0.0000E+00 0.0000E+00 0.0000E+00 0.0000E+00 3.5508E-10 3.2881E-09 1.6495E-08 5.0639E-08 9.2576E-08 1.1153E-07 1.1116E-07 1.0905E-07 1.0843E-07 1.0840E-07 1.0862E-07 1.0660E-07 1.0146E-07 9.4270E-08 8.3963E-08 6.9118E-08 5.0837E-08 3.3068E-08 1.9139E-08 9.9045E-09 4.6490E-09 1.9343E-09 7.4558E-10 2.2928E-10 3.2530E-11 6.2717E-12 0.0000E+00 0.0000E+00 0.0000E+00 0.0000E+00 0.0000E+00 0.0000E+00 0.0000E+00 0.0000E+00 0.0000E+00 0.0000E+00 0.0000E+00 0.0000E+00 0.0000E+00 0.0000E+00 0.0000E+00 0.0000E+00 0.0000E+00
0.0000E+00 0.0000E+00 0.0000E+00 0.0000E+00 0.0000E+00 0.0000E+00 0.0000E+00 0.0000E+00 0.0000E+00 0.0000E+00 0.0000E+00 0.0000E+00 0.0000E+00 0.0000E+00 3.4223E-11 2.0086E-09 1.3529E-08 5.1630E-08 1.0761E-07 1.2904E-07 1.1941E-07 1.1303E-07 1.1198E-07 1.1182E-07 1.1220E-07 1.1116E-07 1.0613E-07 9.7456E-08 8.4301E-08 6.5424E-08 4.4151E-08 2.5700E-08 1.3086E-08 5.9094E-09 2.3740E-09 8.3017E-10 2.2479E-10 2.2954E-11 4.3947E-12 0.0000E+00 0.0000E+00 0.0000E+00 0.0000E+00 0.0000E+00 0.0000E+00 0.0000E+00 0.0000E+00 0.0000E+00 0.0000E+00 0.0000E+00 0.0000E+00 0.0000E+00 0.0000E+00 0.0000E+00 0.0000E+00 0.0000E+00 0.0000E+00
0.0000E+00 0.0000E+00 0.0000E+00 0.0000E+00 0.0000E+00 0.0000E+00 0.0000E+00 0.0000E+00 0.0000E+00 0.0000E+00 0.0000E+00 0.0000E+00 0.0000E+00 0.0000E+00 0.0000E+00 7.1460E-10 8.7238E-09 4.6384E-08 1.2095E-07 1.5315E-07 1.3027E-07 1.1785E-07 1.1636E-07 1.1590E-07 1.1593E-07 1.1573E-07 1.1098E-07 1.0056E-07 8.3137E-08 5.9568E-08 3.5630E-08 1.7861E-08 7.7598E-09 2.9528E-09 9.8445E-10 2.4384E-10 5.0917E-12 1.1646E-12 0.0000E+00 0.0000E+00 0.0000E+00 0.0000E+00 0.0000E+00 0.0000E+00 0.0000E+00 0.0000E+00 0.0000E+00 0.0000E+00 0.0000E+00 0.0000E+00 0.0000E+00 0.0000E+00 0.0000E+00 0.0000E+00 0.0000E+00 0.0000E+00 0.0000E+00
0.0000E+00 0.0000E+00 0.0000E+00 0.0000E+00 0.0000E+00 0.0000E+00 0.0000E+00 0.0000E+00 0.0000E+00 0.0000E+00 0.0000E+00 0.0000E+00 0.0000E+00 0.0000E+00 0.0000E+00 1.1250E-11 3.6829E-09 3.3408E-08 1.2827E-07 1.8921E-07 1.4637E-07 1.2272E-07 1.2074E-07 1.2010E-07 1.1991E-07 1.2022E-07 1.1634E-07 1.0384E-07 8.0400E-08 5.0597E-08 2.5471E-08 1.0495E-08 3.6986E-09 1.0987E-09 2.7210E-10 3.0642E-11 0.0000E+00 0.0000E+00 0.0000E+00 0.0000E+00 0.0000E+00 0.0000E+00 0.0000E+00 0.0000E+00 0.0000E+00 0.0000E+00 0.0000E+00 0.0000E+00 0.0000E+00 0.0000E+00 0.0000E+00 0.0000E+00 0.0000E+00 0.0000E+00 0.0000E+00 0.0000E+00 0.0000E+00
0.0000E+00 0.0000E+00 0.0000E+00 0.0000E+00 0.0000E+00 0.0000E+00 0.0000E+00 0.0000E+00 0.0000E+00 0.0000E+00 0.0000E+00 0.0000E+00 0.0000E+00 0.0000E+00 0.0000E+00 0.0000E+00 9.4481E-11 1.7555E-08 1.1736E-07 2.3642E-07 1.7058E-07 1.2810E-07 1.2604E-07 1.2564E-07 1.2500E-07 1.2516E-07 1.2237E-07 1.0646E-07 7.4115E-08 3.8430E-08 1.4957E-08 4.6867E-09 1.2521E-09 2.3409E-10 2.0465E-11 1.8422E-12 0.0000E+00 0.0000E+00 0.0000E+00 0.0000E+00 0.0000E+00 0.0000E+00 0.0000E+00 0.0000E+00 0.0000E+00 0.0000E+00 0.0000E+00 0.0000E+00 0.0000E+00 0.0000E+00 0.0000E+00 0.0000E+00 0.0000E+00 0.0000E+00 0.0000E+00 0.0000E+00 0.0000E+00
0.0000E+00 0.0000E+00 0.0000E+00 0.0000E+00 0.0000E+00 0.0000E+00 0.0000E+00 0.0000E+00 0.0000E+00 0.0000E+00 0.0000E+00 0.0000E+00 0.0000E+00 0.0000E+00 0.0000E+00 0.0000E+00 0.0000E+00 5.0582E-09 8.2231E-08 2.9112E-07 2.1478E-07 1.3485E-07 1.3206E-07 1.3093E-07 1.2988E-07 1.3006E-07 1.2842E-07 1.0754E-07 6.1958E-08 2.3499E-08 6.3461E-09 1.2931E-09 1.9951E-10 2.1661E-11 0.0000E+00 0.0000E+00 0.0000E+00 0.0000E+00 0.0000E+00 0.0000E+00 0.0000E+00 0.0000E+00 0.0000E+00 0.0000E+00 0.0000E+00 0.0000E+00 0.0000E+00 0.0000E+00 0.0000E+00 0.0000E+00 0.0000E+00 0.0000E+00 0.0000E+00 0.0000E+00 0.0000E+00 0.0000E+00 0.0000E+00
0.0000E+00 0.0000E+00 0.0000E+00 0.0000E+00 0.0000E+00 0.0000E+00 0.0000E+00 0.0000E+00 0.0000E+00 0.0000E+00 0.0000E+00 0.0000E+00 0.0000E+00 0.0000E+00 0.0000E+00 0.0000E+00 0.0000E+00 2.3084E-11 3.4569E-08 3.1524E-07 2.9532E-07 1.4357E-07 1.3872E-07 1.3716E-07 1.3668E-07 1.3703E-07 1.3551E-07 1.0491E-07 4.3763E-08 9.4908E-09 1.4420E-09 6.6093E-11 5.0895E-12 0.0000E+00 0.0000E+00 0.0000E+00 0.0000E+00 0.0000E+00 0.0000E+00 0.0000E+00 0.0000E+00 0.0000E+00 0.0000E+00 0.0000E+00 0.0000E+00 0.0000E+00 0.0000E+00 0.0000E+00 0.0000E+00 0.0000E+00 0.0000E+00 0.0000E+00 0.0000E+00 0.0000E+00 0.0000E+00 0.0000E+00 0.0000E+00
0.0000E+00 0.0000E+00 0.0000E+00 0.0000E+00 0.0000E+00 0.0000E+00 0.0000E+00 0.0000E+00 0.0000E+00 0.0000E+00 0.0000E+00 0.0000E+00 0.0000E+00 0.0000E+00 0.0000E+00 0.0000E+00 0.0000E+00 0.0000E+00 6.0464E-09 2.4970E-07 4.4515E-07 1.5785E-07 1.4702E-07 1.4652E-07 1.4499E-07 1.4318E-07 1.3874E-07 8.5163E-08 1.9066E-08 1.5605E-09 5.3750E-11 1.0499E-12 0.0000E+00 0.0000E+00 0.0000E+00 0.0000E+00 0.0000E+00 0.0000E+00 0.0000E+00 0.0000E+00 0.0000E+00 0.0000E+00 0.0000E+00 0.0000E+00 0.0000E+00 0.0000E+00 0.0000E+00 0.0000E+00 0.0000E+00 0.0000E+00 0.0000E+00 0.0000E+00 0.0000E+00 0.0000E+00 0.0000E+00 0.0000E+00 0.0000E+00
0.0000E+00 0.0000E+00 0.0000E+00 0.0000E+00 0.0000E+00 0.0000E+00 0.0000E+00 0.0000E+00 0.0000E+00 0.0000E+00 0.0000E+00 0.0000E+00 0.0000E+00 0.0000E+00 0.0000E+00 0.0000E+00 0.0000E+00 0.0000E+00 3.5074E-12 1.2222E-07 6.4739E-07 1.8368E-07 1.5464E-07 1.5367E-07 1.5258E-07 1.5066E-07 1.2944E-07 3.9672E-08 2.4032E-09 3.9146E-12 0.0000E+00 0.0000E+00 0.0000E+00 0.0000E+00 0.0000E+00 0.0000E+00 0.0000E+00 0.0000E+00 0.0000E+00 0.0000E+00 0.0000E+00 0.0000E+00 0.0000E+00 0.0000E+00 0.0000E+00 0.0000E+00 0.0000E+00 0.0000E+00 0.0000E+00 0.0000E+00 0.0000E+00 0.0000E+00 0.0000E+00 0.0000E+00 0.0000E+00 0.0000E+00 0.0000E+00
0.0000E+00 0.0000E+00 0.0000E+00 0.0000E+00 0.0000E+00 0.0000E+00 0.0000E+00 0.0000E+00 0.0000E+00 0.0000E+00 0.0000E+00 0.0000E+00 0.0000E+00 0.0000E+00 0.0000E+00 0.0000E+00 0.0000E+00 0.0000E+00 0.0000E+00 2.6979E-08 7.8827E-07 2.4930E-07 1.6593E-07 1.6460E-07 1.6367E-07 1.5989E-07 8.4470E-08 6.4996E-09 8.2043E-13 0.0000E+00 0.0000E+00 0.0000E+00 0.0000E+00 0.0000E+00 0.0000E+00 0.0000E+00 0.0000E+00 0.0000E+00 0.0000E+00 0.0000E+00 0.0000E+00 0.0000E+00 0.0000E+00 0.0000E+00 0.0000E+00 0.0000E+00 0.0000E+00 0.0000E+00 0.0000E+00 0.0000E+00 0.0000E+00 0.0000E+00 0.0000E+00 0.0000E+00 0.0000E+00 0.0000E+00 0.0000E+00
0.0000E+00 0.0000E+00 0.0000E+00 0.0000E+00 0.0000E+00 0.0000E+00 0.0000E+00 0.0000E+00 0.0000E+00 0.0000E+00 0.0000E+00 0.0000E+00 0.0000E+00 0.0000E+00 0.0000E+00 0.0000E+00 0.0000E+00 0.0000E+00 0.0000E+00 0.0000E+00 6.0690E-07 4.3685E-07 1.7700E-07 1.7778E-07 1.7661E-07 1.4873E-07 2.2286E-08 9.5446E-14 0.0000E+00 0.0000E+00 0.0000E+00 0.0000E+00 0.0000E+00 0.0000E+00 0.0000E+00 0.0000E+00 0.0000E+00 0.0000E+00 0.0000E+00 0.0000E+00 0.0000E+00 0.0000E+00 0.0000E+00 0.0000E+00 0.0000E+00 0.0000E+00 0.0000E+00 0.0000E+00 0.0000E+00 0.0000E+00 0.0000E+00 0.0000E+00 0.0000E+00 0.0000E+00 0.0000E+00 0.0000E+00 0.0000E+00
0.0000E+00 0.0000E+00 0.0000E+00 0.0000E+00 0.0000E+00 0.0000E+00 0.0000E+00 0.0000E+00 0.0000E+00 0.0000E+00 0.0000E+00 0.0000E+00 0.0000E+00 0.0000E+00 0.0000E+00 0.0000E+00 0.0000E+00 0.0000E+00 0.0000E+00 0.0000E+00 1.7426E-07 9.8890E-07 1.9703E-07 1.9478E-07 1.9148E-07 7.2985E-08 5.2988E-10 0.0000E+00 0.0000E+00 0.0000E+00 0.0000E+00 0.0000E+00 0.0000E+00 0.0000E+00 0.0000E+00 0.0000E+00 0.0000E+00 0.0000E+00 0.0000E+00 0.0000E+00 0.0000E+00 0.0000E+00 0.0000E+00 0.0000E+00 0.0000E+00 0.0000E+00 0.0000E+00 0.0000E+00 0.0000E+00 0.0000E+00 0.0000E+00 0.0000E+00 0.0000E+00 0.0000E+00 0.0000E+00 0.0000E+00 0.0000E+00
