Assets/Resources/2015_m01_d10_0700(utc+0800)_l00_csi_1hr_conc.grd
DSAA
         159         159
     -79.000      79.000
     -79.000      79.000
  0.2001E-08  0.1877E-04
[rows 100 to 124 of 159, columns 57 to 113 of 159]
1.3710E-08 1.4073E-08 1.4230E-08 1.4679E-08 1.4914E-08 1.5332E-08 1.5671E-08 1.6333E-08 1.6843E-08 1.7880E-08 1.8645E-08 2.0377E-08 2.1516E-08 2.2677E-08 2.5293E-08 2.6855E-08 2.8364E-08 3.1409E-08 3.3200E-08 3.4993E-08 3.6781E-08 3.8558E-08 4.0346E-08 4.2076E-08 4.6653E-08 4.8594E-08 5.0420E-08 5.2153E-08 5.3717E-08 5.5112E-08 5.6300E-08 5.7254E-08 5.7956E-08 5.8439E-08 5.8675E-08 5.8642E-08 5.8348E-08 5.7811E-08 5.7036E-08 5.6039E-08 5.4898E-08 5.1458E-08 5.0331E-08 4.9071E-08 4.7694E-08 4.6222E-08 4.4674E-08 4.1769E-08 4.0232E-08 3.8661E-08 3.7095E-08 3.5519E-08 3.2843E-08 3.1416E-08 3.0019E-08 2.8669E-08 2.7362E-08
1.3429E-08 1.3795E-08 1.3947E-08 1.4333E-08 1.4599E-08 1.5034E-08 1.5348E-08 1.5726E-08 1.6437E-08 1.6959E-08 1.8067E-08 1.8825E-08 2.0654E-08 2.1752E-08 2.2847E-08 2.5398E-08 2.6777E-08 2.8168E-08 2.9579E-08 3.2502E-08 3.4067E-08 3.5627E-08 3.7182E-08 3.8711E-08 4.0185E-08 4.1571E-08 4.5540E-08 4.7000E-08 4.8324E-08 4.9489E-08 5.0477E-08 5.1296E-08 5.1935E-08 5.2362E-08 5.2574E-08 5.2581E-08 5.2385E-08 5.1979E-08 4.9020E-08 4.8492E-08 4.7804E-08 4.6965E-08 4.5990E-08 4.4897E-08 4.3698E-08 4.2402E-08 3.9810E-08 3.8489E-08 3.7144E-08 3.5759E-08 3.4382E-08 3.1876E-08 3.0598E-08 2.9335E-08 2.8109E-08 2.6897E-08 2.4773E-08
1.3173E-08 1.3362E-08 1.3672E-08 1.3825E-08 1.4269E-08 1.4518E-08 1.5017E-08 1.5360E-08 1.6077E-08 1.6535E-08 1.7051E-08 1.8201E-08 1.9881E-08 2.0826E-08 2.1853E-08 2.2880E-08 2.5265E-08 2.6477E-08 2.7726E-08 2.8975E-08 3.0218E-08 3.2967E-08 3.4299E-08 3.5609E-08 3.6892E-08 3.8132E-08 3.9302E-08 4.0381E-08 4.1365E-08 4.2259E-08 4.3058E-08 4.3737E-08 4.4287E-08 4.4704E-08 4.4996E-08 4.5141E-08 4.5132E-08 4.4972E-08 4.4652E-08 4.4197E-08 4.3605E-08 4.2875E-08 4.2024E-08 4.1071E-08 3.8766E-08 3.7725E-08 3.6629E-08 3.5490E-08 3.4314E-08 3.3109E-08 3.0795E-08 2.9666E-08 2.8539E-08 2.7429E-08 2.6311E-08 2.4287E-08 2.3302E-08
1.2905E-08 1.3005E-08 1.3352E-08 1.3548E-08 1.3704E-08 1.4211E-08 1.4452E-08 1.4991E-08 1.5340E-08 1.6139E-08 1.6595E-08 1.7099E-08 1.8272E-08 1.8954E-08 2.0888E-08 2.1790E-08 2.2701E-08 2.4908E-08 2.6020E-08 2.7106E-08 2.8205E-08 2.9295E-08 3.0366E-08 3.2822E-08 3.3915E-08 3.4970E-08 3.5977E-08 3.6927E-08 3.7809E-08 3.8601E-08 3.9283E-08 3.9859E-08 4.0344E-08 4.0716E-08 4.0960E-08 4.1078E-08 4.1072E-08 4.0932E-08 4.0661E-08 4.0270E-08 3.9760E-08 3.7820E-08 3.7159E-08 3.6411E-08 3.5594E-08 3.4705E-08 3.3761E-08 3.2769E-08 3.1735E-08 2.9624E-08 2.8628E-08 2.7649E-08 2.6631E-08 2.5643E-08 2.3714E-08 2.2798E-08 2.1917E-08
1.2509E-08 1.2745E-08 1.2837E-08 1.3193E-08 1.3406E-08 1.3580E-08 1.4141E-08 1.4662E-08 1.4968E-08 1.5296E-08 1.6134E-08 1.6596E-08 1.7098E-08 1.8284E-08 1.8911E-08 2.0766E-08 2.1581E-08 2.2417E-08 2.3266E-08 2.5397E-08 2.6348E-08 2.7282E-08 2.8227E-08 2.9147E-08 3.0036E-08 3.0867E-08 3.3029E-08 3.3839E-08 3.4595E-08 3.5278E-08 3.5898E-08 3.6422E-08 3.6840E-08 3.7154E-08 3.7360E-08 3.7465E-08 3.7452E-08 3.7330E-08 3.5794E-08 3.5518E-08 3.5137E-08 3.4671E-08 3.4109E-08 3.3475E-08 3.2766E-08 3.2001E-08 3.1171E-08 2.9202E-08 2.8383E-08 2.7518E-08 2.6653E-08 2.5777E-08 2.4869E-08 2.3048E-08 2.2240E-08 2.1457E-08 2.0686E-08
1.2254E-08 1.2473E-08 1.2578E-08 1.2667E-08 1.3056E-08 1.3243E-08 1.3800E-08 1.4057E-08 1.4628E-08 1.4929E-08 1.5246E-08 1.6128E-08 1.6552E-08 1.7029E-08 1.8216E-08 1.8820E-08 2.0539E-08 2.1256E-08 2.1997E-08 2.2744E-08 2.3475E-08 2.5475E-08 2.6270E-08 2.7052E-08 2.7838E-08 2.8602E-08 2.9318E-08 2.9976E-08 3.0593E-08 3.1152E-08 3.1651E-08 3.2082E-08 3.2432E-08 3.2711E-08 3.2909E-08 3.3021E-08 3.3046E-08 3.2987E-08 3.2832E-08 3.2588E-08 3.2265E-08 3.1860E-08 3.1378E-08 3.0825E-08 3.0211E-08 2.8430E-08 2.7767E-08 2.7073E-08 2.6359E-08 2.5612E-08 2.4828E-08 2.3054E-08 2.2348E-08 2.1632E-08 2.0941E-08 2.0216E-08 1.9518E-08
1.1935E-08 1.1983E-08 1.2311E-08 1.2407E-08 1.2494E-08 1.2928E-08 1.3072E-08 1.3675E-08 1.3924E-08 1.4560E-08 1.4870E-08 1.5173E-08 1.6087E-08 1.6483E-08 1.6920E-08 1.8069E-08 1.8583E-08 2.0188E-08 2.0816E-08 2.1450E-08 2.2101E-08 2.2739E-08 2.3378E-08 2.5193E-08 2.5839E-08 2.6484E-08 2.7105E-08 2.7703E-08 2.8270E-08 2.8765E-08 2.9191E-08 2.9558E-08 2.9859E-08 3.0089E-08 3.0252E-08 3.0342E-08 3.0358E-08 3.0298E-08 3.0165E-08 2.9957E-08 2.9678E-08 2.9325E-08 2.8891E-08 2.7317E-08 2.6841E-08 2.6320E-08 2.5733E-08 2.5134E-08 2.4503E-08 2.3847E-08 2.2220E-08 2.1610E-08 2.0990E-08 2.0343E-08 1.9709E-08 1.9072E-08 1.8349E-08
1.1693E-08 1.1739E-08 1.1781E-08 1.2081E-08 1.2163E-08 1.2640E-08 1.2792E-08 1.2933E-08 1.3554E-08 1.3792E-08 1.4471E-08 1.4770E-08 1.5074E-08 1.6011E-08 1.6377E-08 1.6771E-08 1.7852E-08 1.8283E-08 1.8731E-08 2.0272E-08 2.0817E-08 2.1384E-08 2.1926E-08 2.2469E-08 2.3002E-08 2.3506E-08 2.3978E-08 2.5636E-08 2.6115E-08 2.6546E-08 2.6932E-08 2.7265E-08 2.7531E-08 2.7713E-08 2.7851E-08 2.7926E-08 2.7937E-08 2.7883E-08 2.7763E-08 2.6444E-08 2.6246E-08 2.5984E-08 2.5651E-08 2.5283E-08 2.4873E-08 2.4422E-08 2.3933E-08 2.3411E-08 2.1884E-08 2.1374E-08 2.0825E-08 2.0280E-08 1.9719E-08 1.9154E-08 1.8492E-08 1.7930E-08 1.7368E-08
1.1387E-08 1.1499E-08 1.1539E-08 1.1576E-08 1.1913E-08 1.1992E-08 1.2436E-08 1.2652E-08 1.2788E-08 1.3417E-08 1.3645E-08 1.4361E-08 1.4643E-08 1.4910E-08 1.5862E-08 1.6181E-08 1.6521E-08 1.7533E-08 1.7919E-08 1.8292E-08 1.8672E-08 2.0136E-08 2.0603E-08 2.1079E-08 2.1543E-08 2.1992E-08 2.2433E-08 2.2839E-08 2.3202E-08 2.3537E-08 2.3837E-08 2.4091E-08 2.4304E-08 2.4470E-08 2.4590E-08 2.4668E-08 2.4703E-08 2.4679E-08 2.4603E-08 2.4479E-08 2.4305E-08 2.4082E-08 2.3814E-08 2.3503E-08 2.3147E-08 2.2750E-08 2.1337E-08 2.0916E-08 2.0476E-08 2.0024E-08 1.9542E-08 1.9048E-08 1.8476E-08 1.7976E-08 1.7457E-08 1.6965E-08 1.6470E-08
1.1128E-08 1.1198E-08 1.1235E-08 1.1339E-08 1.1655E-08 1.1744E-08 1.1819E-08 1.2298E-08 1.2435E-08 1.2563E-08 1.3283E-08 1.3954E-08 1.4219E-08 1.4454E-08 1.4709E-08 1.5612E-08 1.5912E-08 1.6196E-08 1.6480E-08 1.7461E-08 1.7805E-08 1.8131E-08 1.8462E-08 1.9826E-08 2.0215E-08 2.0605E-08 2.0982E-08 2.1339E-08 2.1670E-08 2.1970E-08 2.2234E-08 2.2455E-08 2.2639E-08 2.2781E-08 2.2881E-08 2.2938E-08 2.2962E-08 2.2937E-08 2.2864E-08 2.2754E-08 2.2599E-08 2.2396E-08 2.2156E-08 2.1860E-08 2.0584E-08 2.0271E-08 1.9933E-08 1.9563E-08 1.9186E-08 1.8718E-08 1.8301E-08 1.7859E-08 1.7423E-08 1.6990E-08 1.6544E-08 1.6076E-08 1.5627E-08
1.0905E-08 1.0944E-08 1.0980E-08 1.1042E-08 1.1073E-08 1.1492E-08 1.1573E-08 1.1644E-08 1.2150E-08 1.2279E-08 1.2400E-08 1.3048E-08 1.3216E-08 1.3956E-08 1.4243E-08 1.4462E-08 1.5295E-08 1.5559E-08 1.5819E-08 1.6055E-08 1.6971E-08 1.7280E-08 1.7563E-08 1.7842E-08 1.8122E-08 1.8398E-08 1.8658E-08 1.9978E-08 2.0258E-08 2.0512E-08 2.0745E-08 2.0953E-08 2.1113E-08 2.1232E-08 2.1311E-08 2.1339E-08 2.1353E-08 2.1327E-08 2.1261E-08 2.1158E-08 2.0023E-08 1.9885E-08 1.9708E-08 1.9488E-08 1.9252E-08 1.8916E-08 1.8625E-08 1.8313E-08 1.7970E-08 1.7616E-08 1.7256E-08 1.6881E-08 1.6478E-08 1.6080E-08 1.5678E-08 1.5182E-08 1.4772E-08
1.0594E-08 1.0695E-08 1.0760E-08 1.0792E-08 1.0820E-08 1.0845E-08 1.1254E-08 1.1397E-08 1.1463E-08 1.1992E-08 1.2113E-08 1.2227E-08 1.2852E-08 1.3002E-08 1.3727E-08 1.3906E-08 1.4081E-08 1.4854E-08 1.5164E-08 1.5391E-08 1.5618E-08 1.5829E-08 1.6714E-08 1.6986E-08 1.7227E-08 1.7459E-08 1.7680E-08 1.7896E-08 1.8103E-08 1.8287E-08 1.8452E-08 1.8619E-08 1.8746E-08 1.8846E-08 1.8902E-08 1.8951E-08 1.8976E-08 1.8967E-08 1.8927E-08 1.8859E-08 1.8693E-08 1.8572E-08 1.8423E-08 1.8226E-08 1.8020E-08 1.7786E-08 1.7532E-08 1.7256E-08 1.6946E-08 1.6636E-08 1.6306E-08 1.5968E-08 1.5598E-08 1.5172E-08 1.4809E-08 1.4438E-08 1.3456E-08
1.0301E-08 1.0361E-08 1.0391E-08 1.0545E-08 1.0602E-08 1.0626E-08 1.0647E-08 1.1053E-08 1.1153E-08 1.1212E-08 1.1824E-08 1.1929E-08 1.2028E-08 1.2118E-08 1.2753E-08 1.3449E-08 1.3610E-08 1.3763E-08 1.3914E-08 1.4683E-08 1.4885E-08 1.5102E-08 1.5282E-08 1.5460E-08 1.6302E-08 1.6528E-08 1.6728E-08 1.6911E-08 1.7083E-08 1.7238E-08 1.7378E-08 1.7503E-08 1.7612E-08 1.7700E-08 1.7761E-08 1.7799E-08 1.7812E-08 1.7800E-08 1.7763E-08 1.7699E-08 1.7611E-08 1.7497E-08 1.7358E-08 1.7194E-08 1.6988E-08 1.6777E-08 1.6545E-08 1.6296E-08 1.6031E-08 1.5730E-08 1.5366E-08 1.5061E-08 1.4745E-08 1.4416E-08 1.3447E-08 1.3144E-08 1.2750E-08
1.0102E-08 1.0133E-08 1.0160E-08 1.0213E-08 1.0236E-08 1.0383E-08 1.0403E-08 1.0450E-08 1.0879E-08 1.0944E-08 1.0997E-08 1.1528E-08 1.1648E-08 1.1739E-08 1.1879E-08 1.2476E-08 1.3146E-08 1.3289E-08 1.3433E-08 1.3568E-08 1.3701E-08 1.4457E-08 1.4634E-08 1.4804E-08 1.4955E-08 1.5098E-08 1.5262E-08 1.6063E-08 1.6214E-08 1.6356E-08 1.6477E-08 1.6580E-08 1.6666E-08 1.6737E-08 1.6785E-08 1.6813E-08 1.6818E-08 1.6802E-08 1.6763E-08 1.6702E-08 1.6619E-08 1.6513E-08 1.6385E-08 1.6236E-08 1.6045E-08 1.5853E-08 1.5575E-08 1.5351E-08 1.5111E-08 1.4853E-08 1.4581E-08 1.3649E-08 1.3388E-08 1.3089E-08 1.2761E-08 1.2486E-08 1.2140E-08
9.8210E-09 9.9081E-09 9.9632E-09 9.9873E-09 1.0009E-08 1.0027E-08 1.0072E-08 1.0085E-08 1.0222E-08 1.0670E-08 1.0757E-08 1.0807E-08 1.1311E-08 1.1388E-08 1.1460E-08 1.1558E-08 1.1622E-08 1.2764E-08 1.2892E-08 1.3088E-08 1.3214E-08 1.3331E-08 1.4038E-08 1.4176E-08 1.4321E-08 1.4460E-08 1.4587E-08 1.4698E-08 1.4799E-08 1.4895E-08 1.4981E-08 1.5720E-08 1.5793E-08 1.5854E-08 1.5896E-08 1.5917E-08 1.5918E-08 1.5898E-08 1.5859E-08 1.5799E-08 1.5719E-08 1.5618E-08 1.5432E-08 1.5293E-08 1.5134E-08 1.4956E-08 1.4764E-08 1.4529E-08 1.3689E-08 1.3476E-08 1.3223E-08 1.2937E-08 1.2702E-08 1.2455E-08 1.2139E-08 1.1882E-08 1.1620E-08
9.6076E-09 9.6609E-09 9.6849E-09 9.7654E-09 9.7853E-09 9.8316E-09 9.8465E-09 9.8586E-09 9.8678E-09 9.9031E-09 1.0356E-08 1.0522E-08 1.0561E-08 1.0592E-08 1.1145E-08 1.1208E-08 1.1273E-08 1.1329E-08 1.1892E-08 1.2533E-08 1.2673E-08 1.2782E-08 1.2887E-08 1.2986E-08 1.3077E-08 1.3775E-08 1.3883E-08 1.3990E-08 1.4087E-08 1.4240E-08 1.4309E-08 1.4298E-08 1.4343E-08 1.4374E-08 1.4394E-08 1.4401E-08 1.4392E-08 1.4367E-08 1.4326E-08 1.4269E-08 1.4195E-08 1.4106E-08 1.3972E-08 1.3853E-08 1.3718E-08 1.3570E-08 1.3381E-08 1.3151E-08 1.2970E-08 1.2776E-08 1.2571E-08 1.2293E-08 1.2072E-08 1.1843E-08 1.1612E-08 1.0795E-08 1.0585E-08
9.4258E-09 9.4512E-09 9.4738E-09 9.4937E-09 9.5385E-09 9.6119E-09 9.6256E-09 9.6651E-09 9.6742E-09 9.6805E-09 9.6842E-09 1.0123E-08 1.0186E-08 1.0222E-08 1.0312E-08 1.0809E-08 1.0929E-08 1.0982E-08 1.1035E-08 1.1111E-08 1.1664E-08 1.2295E-08 1.2389E-08 1.2476E-08 1.2561E-08 1.2640E-08 1.2711E-08 1.3366E-08 1.3442E-08 1.3510E-08 1.3575E-08 1.3629E-08 1.3670E-08 1.3698E-08 1.3713E-08 1.3714E-08 1.3700E-08 1.3672E-08 1.3630E-08 1.3574E-08 1.3504E-08 1.3391E-08 1.3294E-08 1.3122E-08 1.2997E-08 1.2859E-08 1.2709E-08 1.2485E-08 1.2314E-08 1.2133E-08 1.1942E-08 1.1747E-08 1.0951E-08 1.0767E-08 1.0549E-08 1.0300E-08 1.0105E-08
9.1661E-09 9.2451E-09 9.2936E-09 9.3128E-09 9.3293E-09 9.3432E-09 9.3819E-09 9.3915E-09 9.4567E-09 9.4622E-09 9.4938E-09 9.4948E-09 9.9188E-09 9.9528E-09 9.9799E-09 1.0005E-08 1.0051E-08 1.0553E-08 1.0599E-08 1.0707E-08 1.0749E-08 1.0784E-08 1.1379E-08 1.1992E-08 1.2068E-08 1.2136E-08 1.2198E-08 1.2256E-08 1.2306E-08 1.2349E-08 1.2382E-08 1.3002E-08 1.3030E-08 1.3048E-08 1.3055E-08 1.3053E-08 1.2978E-08 1.2951E-08 1.2910E-08 1.2857E-08 1.2790E-08 1.2710E-08 1.2617E-08 1.2449E-08 1.2333E-08 1.2205E-08 1.2068E-08 1.1921E-08 1.1737E-08 1.1010E-08 1.0854E-08 1.0664E-08 1.0440E-08 1.0269E-08 1.0094E-08 9.9151E-09 9.2675E-09
8.9950E-09 9.0167E-09 9.0358E-09 9.1084E-09 9.1238E-09 9.1645E-09 9.1757E-09 9.1843E-09 9.1905E-09 9.2217E-09 9.2236E-09 9.2232E-09 9.2790E-09 9.2747E-09 9.7442E-09 9.7663E-09 9.7896E-09 9.8057E-09 1.0276E-08 1.0317E-08 1.0353E-08 1.0414E-08 1.0445E-08 1.0471E-08 1.0491E-08 1.1565E-08 1.1621E-08 1.1671E-08 1.1778E-08 1.1811E-08 1.1840E-08 1.1860E-08 1.1873E-08 1.1876E-08 1.1807E-08 1.1792E-08 1.1768E-08 1.1734E-08 1.2271E-08 1.2219E-08 1.2154E-08 1.1501E-08 1.1419E-08 1.1299E-08 1.1199E-08 1.1090E-08 1.0972E-08 1.0819E-08 1.0629E-08 1.0491E-08 1.0347E-08 1.0197E-08 1.0041E-08 9.4033E-09 9.2613E-09 9.1141E-09 8.4294E-09
8.8268E-09 8.8477E-09 8.8663E-09 8.8825E-09 8.8964E-09 8.9078E-09 8.9733E-09 8.9812E-09 9.0145E-09 9.0183E-09 9.0197E-09 9.0189E-09 9.0428E-09 9.0379E-09 9.0308E-09 9.4503E-09 9.5296E-09 9.5445E-09 9.5601E-09 9.5975E-09 1.0062E-08 1.0093E-08 1.0120E-08 1.0141E-08 1.0162E-08 1.0178E-08 1.0190E-08 1.0195E-08 1.1245E-08 1.1276E-08 1.1299E-08 1.1314E-08 1.1322E-08 1.1322E-08 1.1314E-08 1.1297E-08 1.1271E-08 1.1236E-08 1.1193E-08 1.1141E-08 1.1081E-08 1.1012E-08 1.0905E-08 1.0819E-08 1.0667E-08 1.0565E-08 1.0455E-08 1.0339E-08 1.0215E-08 1.0086E-08 9.4743E-09 9.3512E-09 9.2221E-09 8.5464E-09 8.4301E-09 8.2849E-09 8.1104E-09
8.6176E-09 8.6372E-09 8.6543E-09 8.7158E-09 8.7292E-09 8.7405E-09 8.7494E-09 8.7561E-09 8.7605E-09 8.8191E-09 8.8200E-09 8.8465E-09 8.8435E-09 8.8385E-09 8.8313E-09 8.8219E-09 8.8374E-09 9.2632E-09 9.2765E-09 9.2850E-09 9.2933E-09 9.2962E-09 9.3530E-09 9.8259E-09 9.8430E-09 9.8555E-09 9.8631E-09 9.8688E-09 9.8703E-09 9.8674E-09 9.8597E-09 1.0381E-08 1.0375E-08 1.0857E-08 1.0847E-08 1.0829E-08 1.0803E-08 1.0768E-08 1.0669E-08 1.0619E-08 1.0561E-08 1.0494E-08 1.0420E-08 1.0339E-08 1.0249E-08 9.6714E-09 9.5788E-09 9.4807E-09 9.3763E-09 9.2670E-09 8.6161E-09 8.5135E-09 8.3813E-09 8.2190E-09 8.1102E-09 7.9995E-09 7.8768E-09
8.4433E-09 8.4620E-09 8.4934E-09 8.5080E-09 8.5203E-09 8.5763E-09 8.5851E-09 8.5917E-09 8.5961E-09 8.5985E-09 8.5986E-09 8.5968E-09 8.6486E-09 8.6434E-09 8.6632E-09 8.6542E-09 8.6432E-09 8.6301E-09 8.6149E-09 9.0400E-09 9.0467E-09 9.0755E-09 9.0774E-09 9.0759E-09 9.0688E-09 9.5178E-09 9.5248E-09 9.5279E-09 9.5270E-09 9.5204E-09 9.5109E-09 9.4977E-09 9.4802E-09 9.4580E-09 9.4313E-09 9.4000E-09 9.3640E-09 9.3232E-09 9.8052E-09 9.7566E-09 9.7019E-09 9.6410E-09 9.5742E-09 8.9803E-09 8.8808E-09 8.8041E-09 8.7233E-09 8.6387E-09 8.5237E-09 8.4325E-09 8.2843E-09 8.1881E-09 8.0893E-09 7.9880E-09 7.4355E-09 7.3295E-09 7.2317E-09
8.2871E-09 8.3053E-09 8.3214E-09 8.3353E-09 8.3471E-09 8.3718E-09 8.3797E-09 8.3855E-09 8.4350E-09 8.4375E-09 8.4379E-09 8.4362E-09 8.4325E-09 8.4268E-09 8.4191E-09 8.4095E-09 8.4532E-09 8.4402E-09 8.4254E-09 8.4358E-09 8.4174E-09 8.8358E-09 8.8366E-09 8.8316E-09 8.8269E-09 8.8194E-09 8.8087E-09 8.7930E-09 8.7746E-09 9.2192E-09 9.2088E-09 9.1943E-09 9.1756E-09 9.1528E-09 9.1257E-09 9.0938E-09 9.0573E-09 9.0167E-09 8.9720E-09 8.9231E-09 8.8701E-09 8.8131E-09 8.7520E-09 8.6599E-09 8.5904E-09 8.4626E-09 8.3863E-09 8.3066E-09 8.2236E-09 8.1376E-09 8.0486E-09 7.5210E-09 7.4222E-09 7.3306E-09 7.2384E-09 7.1441E-09 7.0150E-09
8.0778E-09 8.0944E-09 8.1090E-09 8.1809E-09 8.1925E-09 8.2021E-09 8.2096E-09 8.2152E-09 8.2338E-09 8.2356E-09 8.2355E-09 8.2333E-09 8.2754E-09 8.2700E-09 8.2627E-09 8.2534E-09 8.2424E-09 8.2295E-09 8.2146E-09 8.1978E-09 8.1791E-09 8.1586E-09 8.1363E-09 8.5969E-09 8.5914E-09 8.5830E-09 8.5694E-09 8.5557E-09 8.5392E-09 8.5198E-09 8.4976E-09 8.4711E-09 8.4420E-09 8.4102E-09 8.8321E-09 8.8010E-09 8.7658E-09 8.7265E-09 8.6830E-09 8.5811E-09 8.5301E-09 8.4752E-09 8.4165E-09 8.3540E-09 8.2879E-09 8.2183E-09 7.7047E-09 7.6380E-09 7.5692E-09 7.4870E-09 7.3930E-09 7.3084E-09 7.1871E-09 7.0994E-09 7.0059E-09 6.9160E-09 6.8126E-09
7.9165E-09 7.9324E-09 7.9465E-09 7.9731E-09 7.9835E-09 8.0357E-09 8.0581E-09 8.0636E-09 8.0673E-09 8.0689E-09 8.0688E-09 8.0668E-09 8.0779E-09 8.0722E-09 8.0647E-09 8.0555E-09 8.0901E-09 8.0775E-09 8.0631E-09 8.0469E-09 8.0287E-09 8.0088E-09 7.9870E-09 7.9636E-09 7.9383E-09 8.3259E-09 8.3144E-09 8.3001E-09 8.2831E-09 8.2625E-09 8.2393E-09 8.2145E-09 8.1869E-09 8.1567E-09 8.1238E-09 8.0881E-09 8.0497E-09 8.0087E-09 7.9650E-09 7.9186E-09 7.8696E-09 7.8181E-09 7.7640E-09 7.7075E-09 7.6487E-09 7.5875E-09 7.5139E-09 7.4282E-09 7.3167E-09 7.2389E-09 7.1439E-09 7.0729E-09 7.0004E-09 6.9015E-09 6.8180E-09 6.3032E-09 6.2245E-09
