Assets/Resources/2015_m01_d13_1300(utc+0800)_l00_csi_1hr_conc.grd
DSAA
         159         159
     -79.000      79.000
     -79.000      79.000
  0.0000E+00  0.2270E-05
[rows 0 to 24 of 159, columns 0 to 56 of 159]
0.0000E+00 0.0000E+00 0.0000E+00 0.0000E+00 0.0000E+00 0.0000E+00 0.0000E+00 0.0000E+00 0.0000E+00 0.0000E+00 0.0000E+00 0.0000E+00 0.0000E+00 0.0000E+00 0.0000E+00 0.0000E+00 0.0000E+00 0.0000E+00 0.0000E+00 0.0000E+00 0.0000E+00 0.0000E+00 0.0000E+00 0.0000E+00 0.0000E+00 0.0000E+00 0.0000E+00 0.0000E+00 0.0000E+00 0.0000E+00 0.0000E+00 0.0000E+00 0.0000E+00 0.0000E+00 0.0000E+00 0.0000E+00 0.0000E+00 0.0000E+00 0.0000E+00 0.0000E+00 0.0000E+00 0.0000E+00 0.0000E+00 0.0000E+00 0.0000E+00 0.0000E+00 0.0000E+00 0.0000E+00 0.0000E+00 0.0000E+00 0.0000E+00 0.0000E+00 0.0000E+00 0.0000E+00 0.0000E+00 0.0000E+00 0.0000E+00
1.7301E-12 1.7266E-12 1.7213E-12 8.0864E-13 8.0467E-13 7.9988E-13 7.9427E-13 7.8786E-13 7.8067E-13 0.0000E+00 0.0000E+00 0.0000E+00 0.0000E+00 0.0000E+00 0.0000E+00 0.0000E+00 0.0000E+00 0.0000E+00 0.0000E+00 0.0000E+00 0.0000E+00 0.0000E+00 0.0000E+00 0.0000E+00 0.0000E+00 0.0000E+00 0.0000E+00 0.0000E+00 0.0000E+00 0.0000E+00 0.0000E+00 0.0000E+00 0.0000E+00 0.0000E+00 0.0000E+00 0.0000E+00 0.0000E+00 0.0000E+00 0.0000E+00 0.0000E+00 0.0000E+00 0.0000E+00 0.0000E+00 0.0000E+00 0.0000E+00 0.0000E+00 0.0000E+00 0.0000E+00 0.0000E+00 0.0000E+00 0.0000E+00 0.0000E+00 0.0000E+00 0.0000E+00 0.0000E+00 0.0000E+00 0.0000E+00
2.7088E-12 2.7037E-12 2.6958E-12 2.6850E-12 2.6714E-12 2.6550E-12 2.6359E-12 2.6141E-12 2.5897E-12 2.5628E-12 1.7529E-12 8.1804E-13 8.0714E-13 7.9554E-13 7.8328E-13 0.0000E+00 0.0000E+00 0.0000E+00 0.0000E+00 0.0000E+00 0.0000E+00 0.0000E+00 0.0000E+00 0.0000E+00 0.0000E+00 0.0000E+00 0.0000E+00 0.0000E+00 0.0000E+00 0.0000E+00 0.0000E+00 0.0000E+00 0.0000E+00 0.0000E+00 0.0000E+00 0.0000E+00 0.0000E+00 0.0000E+00 0.0000E+00 0.0000E+00 0.0000E+00 0.0000E+00 0.0000E+00 0.0000E+00 0.0000E+00 0.0000E+00 0.0000E+00 0.0000E+00 0.0000E+00 0.0000E+00 0.0000E+00 0.0000E+00 0.0000E+00 0.0000E+00 0.0000E+00 0.0000E+00 0.0000E+00
7.4498E-12 6.6411E-12 6.6245E-12 6.6007E-12 6.5699E-12 6.5321E-12 6.4875E-12 3.6556E-12 3.6218E-12 3.5844E-12 2.7458E-12 2.7114E-12 2.6746E-12 2.6355E-12 2.5942E-12 1.7635E-12 8.1958E-13 8.0438E-13 7.8862E-13 0.0000E+00 0.0000E+00 0.0000E+00 0.0000E+00 0.0000E+00 0.0000E+00 0.0000E+00 0.0000E+00 0.0000E+00 0.0000E+00 0.0000E+00 0.0000E+00 0.0000E+00 0.0000E+00 0.0000E+00 0.0000E+00 0.0000E+00 0.0000E+00 0.0000E+00 0.0000E+00 0.0000E+00 0.0000E+00 0.0000E+00 0.0000E+00 0.0000E+00 0.0000E+00 0.0000E+00 0.0000E+00 0.0000E+00 0.0000E+00 0.0000E+00 0.0000E+00 0.0000E+00 0.0000E+00 0.0000E+00 0.0000E+00 0.0000E+00 0.0000E+00
8.8962E-12 8.8857E-12 8.8656E-12 8.0229E-12 7.9864E-12 7.9414E-12 7.8881E-12 7.8266E-12 7.7572E-12 7.6799E-12 7.5952E-12 7.5032E-12 6.5993E-12 6.5046E-12 3.6273E-12 3.5667E-12 2.7125E-12 2.6614E-12 2.6085E-12 1.7644E-12 8.1145E-13 7.7512E-13 0.0000E+00 0.0000E+00 0.0000E+00 0.0000E+00 0.0000E+00 0.0000E+00 0.0000E+00 0.0000E+00 0.0000E+00 0.0000E+00 0.0000E+00 0.0000E+00 0.0000E+00 0.0000E+00 0.0000E+00 0.0000E+00 0.0000E+00 0.0000E+00 0.0000E+00 0.0000E+00 0.0000E+00 0.0000E+00 0.0000E+00 0.0000E+00 0.0000E+00 0.0000E+00 0.0000E+00 0.0000E+00 0.0000E+00 0.0000E+00 0.0000E+00 0.0000E+00 0.0000E+00 0.0000E+00 0.0000E+00
1.3616E-11 1.3607E-11 1.3582E-11 1.3543E-11 1.3489E-11 1.3421E-11 1.3338E-11 1.3241E-11 1.3130E-11 1.3006E-11 9.0720E-12 8.9629E-12 8.8454E-12 7.9080E-12 7.7867E-12 7.6590E-12 7.5252E-12 6.5780E-12 3.6456E-12 3.5637E-12 2.6484E-12 2.5286E-12 2.4091E-12 7.4848E-13 7.1063E-13 0.0000E+00 0.0000E+00 0.0000E+00 0.0000E+00 0.0000E+00 0.0000E+00 0.0000E+00 0.0000E+00 0.0000E+00 0.0000E+00 0.0000E+00 0.0000E+00 0.0000E+00 0.0000E+00 0.0000E+00 0.0000E+00 0.0000E+00 0.0000E+00 0.0000E+00 0.0000E+00 0.0000E+00 0.0000E+00 0.0000E+00 0.0000E+00 0.0000E+00 0.0000E+00 0.0000E+00 0.0000E+00 0.0000E+00 0.0000E+00 0.0000E+00 0.0000E+00
1.5608E-11 1.5599E-11 1.5572E-11 1.5529E-11 1.5469E-11 1.5392E-11 1.5298E-11 1.5188E-11 1.4231E-11 1.4096E-11 1.3948E-11 1.3785E-11 1.3610E-11 1.3422E-11 1.3222E-11 1.3010E-11 8.9856E-12 8.8195E-12 7.8367E-12 7.6361E-12 7.4002E-12 6.2982E-12 3.3357E-12 2.4397E-12 2.3149E-12 2.1915E-12 6.7801E-13 6.3942E-13 0.0000E+00 0.0000E+00 0.0000E+00 0.0000E+00 0.0000E+00 0.0000E+00 0.0000E+00 0.0000E+00 0.0000E+00 0.0000E+00 0.0000E+00 0.0000E+00 0.0000E+00 0.0000E+00 0.0000E+00 0.0000E+00 0.0000E+00 0.0000E+00 0.0000E+00 0.0000E+00 0.0000E+00 0.0000E+00 0.0000E+00 0.0000E+00 0.0000E+00 0.0000E+00 0.0000E+00 0.0000E+00 0.0000E+00
2.2064E-11 2.2064E-11 2.2040E-11 2.1992E-11 2.1919E-11 2.1822E-11 2.1702E-11 2.1558E-11 2.1391E-11 2.1202E-11 2.0991E-11 2.0759E-11 2.0506E-11 1.5392E-11 1.5163E-11 1.4086E-11 1.3846E-11 1.3594E-11 1.3307E-11 1.2972E-11 8.7573E-12 8.3933E-12 7.2161E-12 6.8649E-12 5.7723E-12 3.0360E-12 2.2063E-12 2.0792E-12 6.4128E-13 6.0191E-13 0.0000E+00 0.0000E+00 0.0000E+00 0.0000E+00 0.0000E+00 0.0000E+00 0.0000E+00 0.0000E+00 0.0000E+00 0.0000E+00 0.0000E+00 0.0000E+00 0.0000E+00 0.0000E+00 0.0000E+00 0.0000E+00 0.0000E+00 0.0000E+00 0.0000E+00 0.0000E+00 0.0000E+00 0.0000E+00 0.0000E+00 0.0000E+00 0.0000E+00 0.0000E+00 0.0000E+00
2.3897E-11 2.4897E-11 2.4873E-11 2.5818E-11 2.4742E-11 2.3636E-11 2.3506E-11 2.3350E-11 2.3169E-11 2.2964E-11 2.2736E-11 2.2485E-11 2.2211E-11 2.1917E-11 2.1602E-11 2.1269E-11 2.0917E-11 2.0533E-11 1.6185E-11 1.4803E-11 1.3492E-11 1.2991E-11 1.2414E-11 9.9793E-12 7.7048E-12 6.5791E-12 6.2173E-12 3.6582E-12 2.0842E-12 1.9546E-12 6.0086E-13 5.6108E-13 0.0000E+00 0.0000E+00 0.0000E+00 0.0000E+00 0.0000E+00 0.0000E+00 0.0000E+00 0.0000E+00 0.0000E+00 0.0000E+00 0.0000E+00 0.0000E+00 0.0000E+00 0.0000E+00 0.0000E+00 0.0000E+00 0.0000E+00 0.0000E+00 0.0000E+00 0.0000E+00 0.0000E+00 0.0000E+00 0.0000E+00 0.0000E+00 0.0000E+00
3.2280E-11 3.2304E-11 3.2292E-11 3.2243E-11 3.2159E-11 3.2038E-11 3.1882E-11 3.1691E-11 3.1466E-11 3.1207E-11 3.0916E-11 3.0593E-11 3.0239E-11 2.9855E-11 2.9443E-11 2.5003E-11 2.2628E-11 2.2175E-11 2.1673E-11 2.1086E-11 2.0448E-11 1.9735E-11 1.5063E-11 1.2596E-11 1.1968E-11 1.1345E-11 9.0570E-12 6.2514E-12 5.8797E-12 5.5157E-12 2.5341E-12 1.8192E-12 1.6923E-12 5.1752E-13 0.0000E+00 0.0000E+00 0.0000E+00 0.0000E+00 0.0000E+00 0.0000E+00 0.0000E+00 0.0000E+00 0.0000E+00 0.0000E+00 0.0000E+00 0.0000E+00 0.0000E+00 0.0000E+00 0.0000E+00 0.0000E+00 0.0000E+00 0.0000E+00 0.0000E+00 0.0000E+00 0.0000E+00 0.0000E+00 0.0000E+00
4.0916E-11 4.0975E-11 4.0987E-11 4.0953E-11 4.0872E-11 4.0745E-11 4.0573E-11 4.0355E-11 4.0093E-11 3.9788E-11 3.4362E-11 3.4007E-11 3.3618E-11 3.3196E-11 3.2742E-11 3.2258E-11 3.0851E-11 3.0242E-11 2.9547E-11 2.8781E-11 2.3937E-11 2.1134E-11 2.0293E-11 1.9363E-11 1.8415E-11 1.4741E-11 1.1443E-11 1.0798E-11 1.0163E-11 6.5311E-12 5.5070E-12 5.1390E-12 2.3459E-12 1.6749E-12 5.1115E-13 4.7188E-13 0.0000E+00 0.0000E+00 0.0000E+00 0.0000E+00 0.0000E+00 0.0000E+00 0.0000E+00 0.0000E+00 0.0000E+00 0.0000E+00 0.0000E+00 0.0000E+00 0.0000E+00 0.0000E+00 0.0000E+00 0.0000E+00 0.0000E+00 0.0000E+00 0.0000E+00 0.0000E+00 0.0000E+00
4.5205E-11 4.5277E-11 4.5297E-11 4.5266E-11 4.5184E-11 4.5050E-11 4.4866E-11 4.5534E-11 4.5253E-11 4.4922E-11 4.4543E-11 4.3215E-11 4.2746E-11 4.2234E-11 4.1680E-11 4.1062E-11 4.0362E-11 3.9570E-11 3.3611E-11 3.1856E-11 3.0887E-11 2.9008E-11 2.7915E-11 2.6769E-11 2.0634E-11 1.8635E-11 1.7644E-11 1.6664E-11 1.2399E-11 1.0183E-11 9.5353E-12 7.5130E-12 5.1041E-12 4.7361E-12 2.1472E-12 1.5240E-12 4.6323E-13 4.2492E-13 0.0000E+00 0.0000E+00 0.0000E+00 0.0000E+00 0.0000E+00 0.0000E+00 0.0000E+00 0.0000E+00 0.0000E+00 0.0000E+00 0.0000E+00 0.0000E+00 0.0000E+00 0.0000E+00 0.0000E+00 0.0000E+00 0.0000E+00 0.0000E+00 0.0000E+00
5.4950E-11 5.5075E-11 5.5137E-11 5.5137E-11 5.5972E-11 5.5850E-11 5.6588E-11 5.6345E-11 5.6039E-11 5.5670E-11 5.5241E-11 5.4752E-11 5.4205E-11 5.2701E-11 4.7894E-11 4.6242E-11 4.5437E-11 4.4512E-11 4.2627E-11 4.1521E-11 4.0348E-11 3.8178E-11 3.3754E-11 3.0419E-11 2.8162E-11 2.5914E-11 2.4560E-11 1.9624E-11 1.6756E-11 1.5749E-11 1.3995E-11 9.5058E-12 8.8530E-12 6.9342E-12 4.6770E-12 4.3134E-12 1.4945E-12 1.3691E-12 4.1435E-13 3.7748E-13 0.0000E+00 0.0000E+00 0.0000E+00 0.0000E+00 0.0000E+00 0.0000E+00 0.0000E+00 0.0000E+00 0.0000E+00 0.0000E+00 0.0000E+00 0.0000E+00 0.0000E+00 0.0000E+00 0.0000E+00 0.0000E+00 0.0000E+00
6.1318E-11 6.1476E-11 6.1564E-11 6.1582E-11 6.3357E-11 6.3245E-11 6.3061E-11 6.3758E-11 6.3438E-11 6.3047E-11 6.2587E-11 6.2058E-11 6.0558E-11 5.9904E-11 5.9133E-11 5.8267E-11 5.6338E-11 5.5242E-11 5.4027E-11 5.1760E-11 4.6183E-11 4.3823E-11 4.2332E-11 3.8911E-11 3.7283E-11 3.5600E-11 2.8017E-11 2.5637E-11 2.3376E-11 2.1150E-11 1.5760E-11 1.4735E-11 1.3736E-11 9.3571E-12 8.1265E-12 6.3248E-12 4.2329E-12 3.3773E-12 1.3334E-12 1.2129E-12 3.6540E-13 0.0000E+00 0.0000E+00 0.0000E+00 0.0000E+00 0.0000E+00 0.0000E+00 0.0000E+00 0.0000E+00 0.0000E+00 0.0000E+00 0.0000E+00 0.0000E+00 0.0000E+00 0.0000E+00 0.0000E+00 0.0000E+00
7.2383E-11 7.2621E-11 7.2776E-11 7.3773E-11 7.3768E-11 7.4628E-11 7.4462E-11 7.5183E-11 7.4856E-11 7.4445E-11 7.3950E-11 7.3374E-11 7.2718E-11 7.1947E-11 7.1054E-11 7.0019E-11 6.8855E-11 6.3463E-11 6.2076E-11 5.9650E-11 5.8036E-11 5.4467E-11 5.2689E-11 4.9873E-11 4.5852E-11 4.1812E-11 3.8016E-11 3.5214E-11 3.2398E-11 2.6077E-11 2.3636E-11 2.0626E-11 1.6231E-11 1.3637E-11 1.2638E-11 9.1857E-12 7.3679E-12 5.1513E-12 3.7797E-12 2.1411E-12 1.1725E-12 3.5227E-13 3.1729E-13 0.0000E+00 0.0000E+00 0.0000E+00 0.0000E+00 0.0000E+00 0.0000E+00 0.0000E+00 0.0000E+00 0.0000E+00 0.0000E+00 0.0000E+00 0.0000E+00 0.0000E+00 0.0000E+00
8.0149E-11 8.1415E-11 8.2550E-11 8.3619E-11 8.3660E-11 8.3604E-11 8.4428E-11 8.4189E-11 8.4854E-11 8.4434E-11 8.3919E-11 8.3311E-11 8.2588E-11 8.1726E-11 8.0719E-11 7.9548E-11 7.7325E-11 7.5863E-11 7.4296E-11 7.1617E-11 6.9777E-11 6.7832E-11 6.2618E-11 5.8529E-11 5.5330E-11 5.2174E-11 4.8935E-11 4.6576E-11 3.8432E-11 3.5425E-11 3.1629E-11 2.7083E-11 2.2908E-11 1.9826E-11 1.5669E-11 1.2472E-11 1.1486E-11 7.2133E-12 6.5908E-12 3.6697E-12 3.3259E-12 1.1286E-12 1.0147E-12 3.0331E-13 0.0000E+00 0.0000E+00 0.0000E+00 0.0000E+00 0.0000E+00 0.0000E+00 0.0000E+00 0.0000E+00 0.0000E+00 0.0000E+00 0.0000E+00 0.0000E+00 0.0000E+00
9.2756E-11 9.3155E-11 9.5393E-11 9.5607E-11 9.6681E-11 9.6686E-11 9.8372E-11 9.9186E-11 1.0074E-10 1.0037E-10 1.0179E-10 1.0315E-10 1.0243E-10 1.0155E-10 1.0046E-10 9.9227E-11 9.7791E-11 9.6201E-11 9.4445E-11 9.1404E-11 8.7331E-11 8.5122E-11 8.1833E-11 7.8465E-11 7.4904E-11 7.2295E-11 6.6443E-11 6.2685E-11 5.8055E-11 5.2684E-11 4.5315E-11 3.7369E-11 3.1385E-11 2.7659E-11 2.1186E-11 1.8883E-11 1.4912E-11 1.1261E-11 9.7604E-12 6.4057E-12 5.3570E-12 3.2034E-12 1.7919E-12 6.2852E-13 0.0000E+00 0.0000E+00 0.0000E+00 0.0000E+00 0.0000E+00 0.0000E+00 0.0000E+00 0.0000E+00 0.0000E+00 0.0000E+00 0.0000E+00 0.0000E+00 0.0000E+00
1.0316E-10 1.0642E-10 1.0781E-10 1.1094E-10 1.1119E-10 1.1421E-10 1.1620E-10 1.1727E-10 1.1814E-10 1.1785E-10 1.1742E-10 1.1681E-10 1.1804E-10 1.1596E-10 1.1666E-10 1.1532E-10 1.1568E-10 1.1397E-10 1.1399E-10 1.1296E-10 1.1069E-10 1.0824E-10 1.0467E-10 1.0189E-10 9.7170E-11 8.6151E-11 8.1116E-11 7.6031E-11 7.1889E-11 6.8709E-11 6.0664E-11 5.6792E-11 5.2088E-11 4.5878E-11 3.6860E-11 3.0375E-11 2.2855E-11 1.7812E-11 1.2817E-11 1.0025E-11 8.1373E-12 5.6017E-12 3.8344E-12 2.7498E-12 3.0727E-13 0.0000E+00 0.0000E+00 0.0000E+00 0.0000E+00 0.0000E+00 0.0000E+00 0.0000E+00 0.0000E+00 0.0000E+00 0.0000E+00 0.0000E+00 0.0000E+00
1.2027E-10 1.2287E-10 1.2550E-10 1.2800E-10 1.2944E-10 1.2975E-10 1.3277E-10 1.3283E-10 1.3667E-10 1.3650E-10 1.3811E-10 1.3958E-10 1.3886E-10 1.3790E-10 1.3673E-10 1.3530E-10 1.3368E-10 1.3179E-10 1.2972E-10 1.2949E-10 1.2698E-10 1.2432E-10 1.1932E-10 1.1631E-10 1.1310E-10 1.0780E-10 1.0436E-10 9.9732E-11 9.2925E-11 8.7171E-11 8.1564E-11 7.5166E-11 6.5845E-11 5.8724E-11 5.2989E-11 4.6280E-11 4.0459E-11 3.3165E-11 2.5779E-11 1.8003E-11 1.2759E-11 8.7895E-12 5.8316E-12 4.4413E-12 9.4566E-13 0.0000E+00 0.0000E+00 0.0000E+00 0.0000E+00 0.0000E+00 0.0000E+00 0.0000E+00 0.0000E+00 0.0000E+00 0.0000E+00 0.0000E+00 0.0000E+00
1.3680E-10 1.3976E-10 1.4246E-10 1.4420E-10 1.4872E-10 1.5222E-10 1.5265E-10 1.5492E-10 1.5611E-10 1.5606E-10 1.5577E-10 1.5524E-10 1.5651E-10 1.5744E-10 1.5721E-10 1.5983E-10 1.6119E-10 1.5822E-10 1.5812E-10 1.5566E-10 1.5196E-10 1.4903E-10 1.4492E-10 1.4160E-10 1.3804E-10 1.3335E-10 1.2943E-10 1.2137E-10 1.1430E-10 1.0608E-10 9.8787E-11 9.3575E-11 8.6430E-11 8.0667E-11 7.3539E-11 6.6348E-11 5.6201E-11 4.8659E-11 4.0763E-11 3.3352E-11 2.5627E-11 2.0043E-11 1.0311E-11 8.5153E-12 3.8662E-12 3.0925E-13 0.0000E+00 0.0000E+00 0.0000E+00 0.0000E+00 0.0000E+00 0.0000E+00 0.0000E+00 0.0000E+00 0.0000E+00 0.0000E+00 0.0000E+00
1.5550E-10 1.5875E-10 1.6286E-10 1.6695E-10 1.6892E-10 1.6970E-10 1.7134E-10 1.7366E-10 1.7792E-10 1.7800E-10 1.8196E-10 1.8465E-10 1.8405E-10 1.8420E-10 1.8301E-10 1.8261E-10 1.8082E-10 1.7877E-10 1.7851E-10 1.7488E-10 1.7200E-10 1.6882E-10 1.6439E-10 1.6071E-10 1.5578E-10 1.5067E-10 1.4642E-10 1.3997E-10 1.3541E-10 1.2966E-10 1.2274E-10 1.1695E-10 1.1017E-10 1.0131E-10 9.0718E-11 8.5296E-11 7.6281E-11 6.6756E-11 6.1160E-11 5.0554E-11 4.1853E-11 3.1415E-11 2.5447E-11 1.7568E-11 1.2408E-11 2.3372E-12 0.0000E+00 0.0000E+00 0.0000E+00 0.0000E+00 0.0000E+00 0.0000E+00 0.0000E+00 0.0000E+00 0.0000E+00 0.0000E+00 0.0000E+00
1.7492E-10 1.7854E-10 1.8106E-10 1.8530E-10 1.8839E-10 1.9253E-10 1.9541E-10 2.0031E-10 2.0196E-10 2.0225E-10 2.0222E-10 2.0295E-10 2.0426E-10 2.0656E-10 2.0738E-10 2.0805E-10 2.0835E-10 2.0836E-10 2.0594E-10 2.0323E-10 2.0015E-10 1.9682E-10 1.9208E-10 1.8816E-10 1.8396E-10 1.7841E-10 1.7375E-10 1.6779E-10 1.6275E-10 1.5640E-10 1.4808E-10 1.3959E-10 1.2993E-10 1.2027E-10 1.1289E-10 1.0668E-10 9.9488E-11 8.7567E-11 8.0106E-11 6.8216E-11 6.0168E-11 5.0972E-11 4.2910E-11 3.1702E-11 2.4204E-11 1.0400E-11 4.8515E-12 3.1289E-12 0.0000E+00 0.0000E+00 0.0000E+00 0.0000E+00 0.0000E+00 0.0000E+00 0.0000E+00 0.0000E+00 0.0000E+00
1.9474E-10 1.9966E-10 2.0352E-10 2.0827E-10 2.1505E-10 2.1649E-10 2.1769E-10 2.2167E-10 2.2236E-10 2.2692E-10 2.2910E-10 2.3117E-10 2.3392E-10 2.3319E-10 2.3316E-10 2.3168E-10 2.2985E-10 2.2994E-10 2.2962E-10 2.2673E-10 2.2352E-10 2.1995E-10 2.1829E-10 2.1412E-10 2.0957E-10 2.0372E-10 1.9862E-10 1.9333E-10 1.8664E-10 1.7984E-10 1.7391E-10 1.6784E-10 1.5723E-10 1.4997E-10 1.4171E-10 1.3211E-10 1.1862E-10 1.0961E-10 9.9748E-11 8.8475E-11 8.0819E-11 6.7812E-11 5.9687E-11 4.7555E-11 3.8487E-11 2.9562E-11 1.6103E-11 7.7476E-12 4.4731E-12 2.8713E-12 0.0000E+00 0.0000E+00 0.0000E+00 0.0000E+00 0.0000E+00 0.0000E+00 0.0000E+00
2.1919E-10 2.2573E-10 2.2912E-10 2.3318E-10 2.3510E-10 2.3986E-10 2.4554E-10 2.4899E-10 2.5325E-10 2.5397E-10 2.5435E-10 2.5432E-10 2.5825E-10 2.6088E-10 2.6189E-10 2.6486E-10 2.6309E-10 2.6313E-10 2.6059E-10 2.5763E-10 2.5430E-10 2.5053E-10 2.4644E-10 2.4191E-10 2.3710E-10 2.3190E-10 2.2881E-10 2.2303E-10 2.1586E-10 2.0718E-10 2.0064E-10 1.9395E-10 1.8596E-10 1.7693E-10 1.6549E-10 1.5515E-10 1.4369E-10 1.3467E-10 1.2572E-10 1.1253E-10 1.0138E-10 8.8155E-11 7.7438E-11 6.5452E-11 5.5651E-11 4.6738E-11 3.2161E-11 1.9584E-11 1.4007E-11 7.0820E-12 4.0614E-12 2.5932E-12 0.0000E+00 0.0000E+00 0.0000E+00 0.0000E+00 0.0000E+00
2.4341E-10 2.4736E-10 2.5204E-10 2.5869E-10 2.6215E-10 2.6862E-10 2.7052E-10 2.7520E-10 2.7873E-10 2.8393E-10 2.8458E-10 2.8921E-10 2.9133E-10 2.9085E-10 2.9112E-10 2.8976E-10 2.8796E-10 2.8812E-10 2.8771E-10 2.8468E-10 2.8113E-10 2.8161E-10 2.7727E-10 2.7465E-10 2.6953E-10 2.6399E-10 2.5813E-10 2.4768E-10 2.4118E-10 2.3433E-10 2.2728E-10 2.1879E-10 2.1128E-10 2.0350E-10 1.9443E-10 1.8393E-10 1.7457E-10 1.6519E-10 1.4807E-10 1.3525E-10 1.2337E-10 1.1182E-10 1.0027E-10 8.6178E-11 7.2365E-11 6.3769E-11 4.8490E-11 3.3305E-11 2.1949E-11 1.7137E-11 1.0838E-11 6.3697E-12 3.6257E-12 2.3011E-12 0.0000E+00 0.0000E+00 0.0000E+00
