Assets/Resources/2015_m01_d18_1200(utc+0800)_l00_csi_1hr_conc.grd
DSAA
         159         159
     -79.000      79.000
     -79.000      79.000
  0.0000E+00  0.6444E-06
[rows 50 to 74 of 159, columns 57 to 113 of 159]
1.7313E-13 3.0846E-13 3.2534E-13 3.4296E-13 3.6135E-13 3.8052E-13 4.0050E-13 4.2131E-13 4.4296E-13 4.6547E-13 4.8887E-13 5.1318E-13 5.3841E-13 5.6459E-13 5.9172E-13 6.1983E-13 6.4893E-13 6.7903E-13 7.1016E-13 7.4232E-13 7.7553E-13 8.0980E-13 8.4513E-13 8.8154E-13 9.1903E-13 9.5761E-13 9.9727E-13 1.0380E-12 1.0799E-12 1.1228E-12 1.1669E-12 1.2120E-12 1.2582E-12 1.3055E-12 1.3538E-12 1.4032E-12 1.4536E-12 1.5051E-12 1.5575E-12 1.6109E-12 1.6653E-12 1.7205E-12 1.7767E-12 1.8338E-12 1.8916E-12 1.9503E-12 2.0097E-12 2.0698E-12 2.1306E-12 2.1920E-12 2.2541E-12 2.3166E-12 2.3796E-12 2.4430E-12 2.5068E-12 2.5709E-12 2.6353E-12
1.8068E-13 3.2207E-13 3.3969E-13 3.5810E-13 3.7730E-13 3.9731E-13 4.1817E-13 4.3990E-13 4.6250E-13 4.8601E-13 5.1045E-13 5.3583E-13 5.6217E-13 5.8950E-13 6.1783E-13 6.4718E-13 6.7756E-13 7.0900E-13 7.4150E-13 7.7508E-13 8.0975E-13 8.4553E-13 8.8243E-13 9.2044E-13 9.5958E-13 9.9986E-13 1.0413E-12 1.0838E-12 1.1275E-12 1.1724E-12 1.2184E-12 1.2655E-12 1.3137E-12 1.3631E-12 1.4136E-12 1.4652E-12 1.5178E-12 1.5715E-12 1.6262E-12 1.6820E-12 1.7388E-12 1.7965E-12 1.8551E-12 1.9147E-12 1.9751E-12 2.0363E-12 2.0984E-12 2.1612E-12 2.2247E-12 2.2888E-12 2.3535E-12 2.4188E-12 2.4846E-12 2.5508E-12 2.6174E-12 2.6844E-12 2.7516E-12
3.1849E-13 3.3610E-13 3.5450E-13 3.7370E-13 3.9374E-13 4.1463E-13 4.3640E-13 4.5906E-13 4.8265E-13 5.0719E-13 5.3269E-13 5.5917E-13 5.8667E-13 6.1519E-13 6.4475E-13 6.7538E-13 7.0709E-13 7.3989E-13 7.7381E-13 8.0886E-13 8.4504E-13 8.8238E-13 9.2088E-13 9.6055E-13 1.0014E-12 1.0434E-12 1.0867E-12 1.1311E-12 1.1767E-12 1.2235E-12 1.2715E-12 1.3206E-12 1.3710E-12 1.4225E-12 1.4752E-12 1.5290E-12 1.5839E-12 1.6400E-12 1.6971E-12 1.7553E-12 1.8145E-12 1.8748E-12 1.9360E-12 1.9981E-12 2.0612E-12 2.1251E-12 2.1898E-12 2.2553E-12 2.3216E-12 2.3885E-12 2.4561E-12 2.5242E-12 2.5929E-12 2.6620E-12 2.7315E-12 2.8014E-12 2.8715E-12
3.3219E-13 3.5056E-13 3.6975E-13 3.8978E-13 4.1067E-13 4.3246E-13 4.5517E-13 4.7881E-13 5.0342E-13 5.2901E-13 5.5561E-13 5.8323E-13 6.1191E-13 6.4165E-13 6.7249E-13 7.0443E-13 7.3751E-13 7.7172E-13 8.0710E-13 8.4365E-13 8.8140E-13 9.2034E-13 9.6050E-13 1.0019E-12 1.0445E-12 1.0883E-12 1.1334E-12 1.1797E-12 1.2273E-12 1.2761E-12 1.3262E-12 1.3775E-12 1.4300E-12 1.4837E-12 1.5387E-12 1.5948E-12 1.6521E-12 1.7105E-12 1.7701E-12 1.8308E-12 1.8926E-12 1.9554E-12 2.0193E-12 2.0841E-12 2.1499E-12 2.2165E-12 2.2841E-12 2.3524E-12 2.4215E-12 2.4913E-12 2.5618E-12 2.6329E-12 2.7045E-12 2.7765E-12 2.8490E-12 2.9219E-12 2.9950E-12
3.4630E-13 3.6545E-13 3.8545E-13 4.0633E-13 4.2812E-13 4.5083E-13 4.7450E-13 4.9915E-13 5.2480E-13 5.5148E-13 5.7920E-13 6.0800E-13 6.3790E-13 6.6891E-13 7.0105E-13 7.3435E-13 7.6883E-13 8.0450E-13 8.4138E-13 8.7949E-13 9.1883E-13 9.5943E-13 1.0013E-12 1.0444E-12 1.0888E-12 1.1346E-12 1.1816E-12 1.2298E-12 1.2794E-12 1.3303E-12 1.3825E-12 1.4360E-12 1.4907E-12 1.5467E-12 1.6040E-12 1.6625E-12 1.7223E-12 1.7832E-12 1.8453E-12 1.9086E-12 1.9730E-12 2.0385E-12 2.1050E-12 2.1726E-12 2.2412E-12 2.3107E-12 2.3811E-12 2.4523E-12 2.5244E-12 2.5971E-12 2.6706E-12 2.7447E-12 2.8193E-12 2.8945E-12 2.9701E-12 3.0460E-12 3.1223E-12
3.6082E-13 3.8077E-13 4.0161E-13 4.2336E-13 4.4606E-13 4.6973E-13 4.9439E-13 5.2007E-13 5.4680E-13 5.7459E-13 6.0349E-13 6.3349E-13 6.6464E-13 6.9695E-13 7.3044E-13 7.6514E-13 8.0106E-13 8.3823E-13 8.7665E-13 9.1636E-13 9.5735E-13 9.9965E-13 1.0433E-12 1.0882E-12 1.1345E-12 1.1821E-12 1.2311E-12 1.2814E-12 1.3331E-12 1.3861E-12 1.4405E-12 1.4962E-12 1.5532E-12 1.6116E-12 1.6713E-12 1.7322E-12 1.7945E-12 1.8580E-12 1.9227E-12 1.9886E-12 2.0557E-12 2.1240E-12 2.1933E-12 2.2637E-12 2.3351E-12 2.4076E-12 2.4809E-12 2.5551E-12 2.6302E-12 2.7060E-12 2.7826E-12 2.8598E-12 2.9375E-12 3.0158E-12 3.0946E-12 3.1737E-12 3.2532E-12
3.7574E-13 3.9652E-13 4.1822E-13 4.4088E-13 4.6451E-13 4.8916E-13 5.1484E-13 5.4159E-13 5.6942E-13 5.9836E-13 6.2845E-13 6.5970E-13 6.9213E-13 7.2578E-13 7.6066E-13 7.9679E-13 8.3420E-13 8.7290E-13 9.1292E-13 9.5427E-13 9.9696E-13 1.0410E-12 1.0864E-12 1.1332E-12 1.1814E-12 1.2310E-12 1.2820E-12 1.3344E-12 1.3882E-12 1.4434E-12 1.5001E-12 1.5581E-12 1.6175E-12 1.6783E-12 1.7404E-12 1.8039E-12 1.8687E-12 1.9348E-12 2.0022E-12 2.0709E-12 2.1408E-12 2.2118E-12 2.2840E-12 2.3574E-12 2.4317E-12 2.5072E-12 2.5835E-12 2.6608E-12 2.7390E-12 2.8180E-12 2.8977E-12 2.9781E-12 3.0591E-12 3.1406E-12 3.2226E-12 3.3050E-12 3.3878E-12
3.9108E-13 4.1270E-13 4.3529E-13 4.5887E-13 4.8348E-13 5.0913E-13 5.3586E-13 5.6369E-13 5.9266E-13 6.2279E-13 6.5410E-13 6.8662E-13 7.2038E-13 7.5541E-13 7.9171E-13 8.2932E-13 8.6825E-13 9.0854E-13 9.5019E-13 9.9322E-13 1.0377E-12 1.0835E-12 1.1308E-12 1.1795E-12 1.2297E-12 1.2813E-12 1.3344E-12 1.3889E-12 1.4449E-12 1.5024E-12 1.5613E-12 1.6217E-12 1.6835E-12 1.7468E-12 1.8115E-12 1.8775E-12 1.9450E-12 2.0138E-12 2.0840E-12 2.1554E-12 2.2282E-12 2.3021E-12 2.3773E-12 2.4536E-12 2.5310E-12 2.6095E-12 2.6890E-12 2.7695E-12 2.8508E-12 2.9330E-12 3.0160E-12 3.0997E-12 3.1840E-12 3.2688E-12 3.3542E-12 3.4400E-12 3.5261E-12
4.0683E-13 4.2932E-13 4.5282E-13 4.7735E-13 5.0294E-13 5.2963E-13 5.5744E-13 5.8639E-13 6.1653E-13 6.4787E-13 6.8044E-13 7.1428E-13 7.4939E-13 7.8582E-13 8.2359E-13 8.6271E-13 9.0322E-13 9.4512E-13 9.8845E-13 1.0332E-12 1.0794E-12 1.1271E-12 1.1763E-12 1.2270E-12 1.2792E-12 1.3329E-12 1.3881E-12 1.4448E-12 1.5031E-12 1.5629E-12 1.6242E-12 1.6870E-12 1.7513E-12 1.8171E-12 1.8844E-12 1.9531E-12 2.0233E-12 2.0949E-12 2.1679E-12 2.2422E-12 2.3179E-12 2.3948E-12 2.4730E-12 2.5524E-12 2.6329E-12 2.7146E-12 2.7973E-12 2.8810E-12 2.9656E-12 3.0511E-12 3.1374E-12 3.2245E-12 3.3122E-12 3.4005E-12 3.4893E-12 3.5785E-12 3.6681E-12
4.2298E-13 4.4637E-13 4.7080E-13 4.9631E-13 5.2292E-13 5.5066E-13 5.7958E-13 6.0968E-13 6.4101E-13 6.7360E-13 7.0747E-13 7.4265E-13 7.7916E-13 8.1704E-13 8.5630E-13 8.9698E-13 9.3909E-13 9.8266E-13 1.0277E-12 1.0743E-12 1.1223E-12 1.1719E-12 1.2230E-12 1.2757E-12 1.3300E-12 1.3858E-12 1.4432E-12 1.5022E-12 1.5628E-12 1.6250E-12 1.6887E-12 1.7540E-12 1.8209E-12 1.8893E-12 1.9593E-12 2.0307E-12 2.1037E-12 2.1781E-12 2.2540E-12 2.3313E-12 2.4100E-12 2.4900E-12 2.5713E-12 2.6538E-12 2.7375E-12 2.8224E-12 2.9084E-12 2.9954E-12 3.0834E-12 3.1723E-12 3.2621E-12 3.3526E-12 3.4438E-12 3.5356E-12 3.6279E-12 3.7207E-12 3.8138E-12
4.3955E-13 4.6385E-13 4.8924E-13 5.1575E-13 5.4340E-13 5.7223E-13 6.0228E-13 6.3356E-13 6.6612E-13 6.9998E-13 7.3518E-13 7.7173E-13 8.0968E-13 8.4904E-13 8.8984E-13 9.3211E-13 9.7588E-13 1.0212E-12 1.0680E-12 1.1163E-12 1.1663E-12 1.2178E-12 1.2709E-12 1.3257E-12 1.3821E-12 1.4401E-12 1.4998E-12 1.5611E-12 1.6240E-12 1.6886E-12 1.7548E-12 1.8227E-12 1.8922E-12 1.9633E-12 2.0360E-12 2.1103E-12 2.1861E-12 2.2635E-12 2.3423E-12 2.4226E-12 2.5044E-12 2.5875E-12 2.6720E-12 2.7578E-12 2.8448E-12 2.9330E-12 3.0224E-12 3.1128E-12 3.2042E-12 3.2966E-12 3.3899E-12 3.4839E-12 3.5787E-12 3.6741E-12 3.7700E-12 3.8664E-12 3.9632E-12
4.5653E-13 4.8177E-13 5.0814E-13 5.3566E-13 5.6438E-13 5.9433E-13 6.2554E-13 6.5803E-13 6.9185E-13 7.2702E-13 7.6357E-13 8.0154E-13 8.4095E-13 8.8183E-13 9.2421E-13 9.6811E-13 1.0136E-12 1.0606E-12 1.1092E-12 1.1594E-12 1.2113E-12 1.2648E-12 1.3200E-12 1.3769E-12 1.4355E-12 1.4957E-12 1.5577E-12 1.6214E-12 1.6867E-12 1.7538E-12 1.8226E-12 1.8931E-12 1.9653E-12 2.0391E-12 2.1146E-12 2.1918E-12 2.2705E-12 2.3509E-12 2.4328E-12 2.5162E-12 2.6011E-12 2.6874E-12 2.7752E-12 2.8643E-12 2.9547E-12 3.0463E-12 3.1391E-12 3.2330E-12 3.3280E-12 3.4239E-12 3.5208E-12 3.6185E-12 3.7169E-12 3.8160E-12 3.9156E-12 4.0158E-12 4.1163E-12
4.7391E-13 5.0011E-13 5.2748E-13 5.5606E-13 5.8587E-13 6.1696E-13 6.4935E-13 6.8308E-13 7.1819E-13 7.5469E-13 7.9264E-13 8.3205E-13 8.7296E-13 9.1540E-13 9.5939E-13 1.0050E-12 1.0522E-12 1.1010E-12 1.1514E-12 1.2036E-12 1.2574E-12 1.3130E-12 1.3703E-12 1.4293E-12 1.4901E-12 1.5527E-12 1.6170E-12 1.6831E-12 1.7509E-12 1.8206E-12 1.8920E-12 1.9652E-12 2.0401E-12 2.1168E-12 2.1952E-12 2.2752E-12 2.3570E-12 2.4404E-12 2.5254E-12 2.6120E-12 2.7001E-12 2.7898E-12 2.8808E-12 2.9733E-12 3.0672E-12 3.1623E-12 3.2586E-12 3.3561E-12 3.4547E-12 3.5543E-12 3.6549E-12 3.7563E-12 3.8584E-12 3.9613E-12 4.0647E-12 4.1687E-12 4.2730E-12
4.9169E-13 5.1887E-13 5.4727E-13 5.7692E-13 6.0785E-13 6.4011E-13 6.7371E-13 7.0871E-13 7.4513E-13 7.8301E-13 8.2238E-13 8.6327E-13 9.0572E-13 9.4975E-13 9.9539E-13 1.0427E-12 1.0916E-12 1.1423E-12 1.1946E-12 1.2488E-12 1.3046E-12 1.3623E-12 1.4217E-12 1.4830E-12 1.5460E-12 1.6109E-12 1.6777E-12 1.7462E-12 1.8167E-12 1.8889E-12 1.9630E-12 2.0389E-12 2.1167E-12 2.1962E-12 2.2775E-12 2.3606E-12 2.4454E-12 2.5320E-12 2.6202E-12 2.7100E-12 2.8015E-12 2.8944E-12 2.9889E-12 3.0849E-12 3.1823E-12 3.2809E-12 3.3809E-12 3.4821E-12 3.5844E-12 3.6877E-12 3.7920E-12 3.8972E-12 4.0032E-12 4.1099E-12 4.2173E-12 4.3251E-12 4.4334E-12
5.0986E-13 5.3806E-13 5.6750E-13 5.9825E-13 6.3033E-13 6.6377E-13 6.9862E-13 7.3491E-13 7.7268E-13 8.1196E-13 8.5279E-13 8.9519E-13 9.3920E-13 9.8486E-13 1.0322E-12 1.0812E-12 1.1320E-12 1.1845E-12 1.2388E-12 1.2949E-12 1.3529E-12 1.4126E-12 1.4743E-12 1.5378E-12 1.6032E-12 1.6705E-12 1.7397E-12 1.8108E-12 1.8838E-12 1.9588E-12 2.0356E-12 2.1143E-12 2.1949E-12 2.2774E-12 2.3617E-12 2.4479E-12 2.5359E-12 2.6256E-12 2.7171E-12 2.8102E-12 2.9051E-12 3.0015E-12 3.0995E-12 3.1990E-12 3.2999E-12 3.4023E-12 3.5059E-12 3.6108E-12 3.7169E-12 3.8241E-12 3.9322E-12 4.0413E-12 4.1512E-12 4.2619E-12 4.3732E-12 4.4850E-12 4.5973E-12
5.2843E-13 5.5765E-13 5.8818E-13 6.2004E-13 6.5328E-13 6.8795E-13 7.2407E-13 7.6168E-13 8.0083E-13 8.4154E-13 8.8385E-13 9.2780E-13 9.7341E-13 1.0207E-12 1.0698E-12 1.1206E-12 1.1732E-12 1.2277E-12 1.2839E-12 1.3421E-12 1.4021E-12 1.4641E-12 1.5280E-12 1.5938E-12 1.6616E-12 1.7313E-12 1.8031E-12 1.8768E-12 1.9524E-12 2.0301E-12 2.1097E-12 2.1913E-12 2.2749E-12 2.3604E-12 2.4478E-12 2.5371E-12 2.6282E-12 2.7212E-12 2.8160E-12 2.9126E-12 3.0109E-12 3.1108E-12 3.2124E-12 3.3155E-12 3.4201E-12 3.5262E-12 3.6336E-12 3.7424E-12 3.8523E-12 3.9634E-12 4.0755E-12 4.1886E-12 4.3025E-12 4.4172E-12 4.5325E-12 4.6484E-12 4.7648E-12
5.4739E-13 5.7766E-13 6.0928E-13 6.4228E-13 6.7672E-13 7.1263E-13 7.5004E-13 7.8901E-13 8.2956E-13 8.7173E-13 9.1556E-13 9.6108E-13 1.0083E-12 1.0574E-12 1.1082E-12 1.1608E-12 1.2153E-12 1.2717E-12 1.3300E-12 1.3902E-12 1.4524E-12 1.5166E-12 1.5828E-12 1.6510E-12 1.7212E-12 1.7935E-12 1.8678E-12 1.9441E-12 2.0225E-12 2.1029E-12 2.1854E-12 2.2700E-12 2.3565E-12 2.4451E-12 2.5356E-12 2.6281E-12 2.7225E-12 2.8189E-12 2.9171E-12 3.0171E-12 3.1189E-12 3.2224E-12 3.3276E-12 3.4345E-12 3.5429E-12 3.6527E-12 3.7640E-12 3.8766E-12 3.9905E-12 4.1056E-12 4.2217E-12 4.3388E-12 4.4569E-12 4.5757E-12 4.6952E-12 4.8152E-12 4.9357E-12
5.6673E-13 5.9807E-13 6.3080E-13 6.6497E-13 7.0063E-13 7.3781E-13 7.7654E-13 8.1688E-13 8.5886E-13 9.0253E-13 9.4790E-13 9.9504E-13 1.0440E-12 1.0947E-12 1.1473E-12 1.2018E-12 1.2583E-12 1.3166E-12 1.3770E-12 1.4394E-12 1.5038E-12 1.5702E-12 1.6387E-12 1.7093E-12 1.7820E-12 1.8568E-12 1.9337E-12 2.0128E-12 2.0940E-12 2.1772E-12 2.2627E-12 2.3502E-12 2.4398E-12 2.5315E-12 2.6252E-12 2.7210E-12 2.8187E-12 2.9185E-12 3.0201E-12 3.1237E-12 3.2291E-12 3.3363E-12 3.4452E-12 3.5558E-12 3.6680E-12 3.7818E-12 3.8970E-12 4.0136E-12 4.1315E-12 4.2507E-12 4.3709E-12 4.4922E-12 4.6143E-12 4.7374E-12 4.8611E-12 4.9854E-12 5.1101E-12
5.8644E-13 6.1887E-13 6.5274E-13 6.8810E-13 7.2500E-13 7.6347E-13 8.0355E-13 8.4529E-13 8.8874E-13 9.3392E-13 9.8087E-13 1.0296E-12 1.0803E-12 1.1328E-12 1.1872E-12 1.2436E-12 1.3020E-12 1.3624E-12 1.4249E-12 1.4894E-12 1.5561E-12 1.6248E-12 1.6957E-12 1.7688E-12 1.8440E-12 1.9214E-12 2.0010E-12 2.0828E-12 2.1668E-12 2.2530E-12 2.3414E-12 2.4319E-12 2.5246E-12 2.6195E-12 2.7165E-12 2.8156E-12 2.9168E-12 3.0200E-12 3.1252E-12 3.2324E-12 3.3414E-12 3.4524E-12 3.5651E-12 3.6795E-12 3.7956E-12 3.9133E-12 4.0326E-12 4.1532E-12 4.2752E-12 4.3985E-12 4.5229E-12 4.6484E-12 4.7749E-12 4.9022E-12 5.0302E-12 5.1588E-12 5.2879E-12
6.0652E-13 6.4005E-13 6.7508E-13 7.1166E-13 7.4982E-13 7.8960E-13 8.3106E-13 8.7423E-13 9.1916E-13 9.6589E-13 1.0145E-12 1.0649E-12 1.1173E-12 1.1716E-12 1.2279E-12 1.2862E-12 1.3466E-12 1.4091E-12 1.4737E-12 1.5404E-12 1.6093E-12 1.6805E-12 1.7538E-12 1.8293E-12 1.9071E-12 1.9872E-12 2.0695E-12 2.1541E-12 2.2410E-12 2.3301E-12 2.4215E-12 2.5152E-12 2.6111E-12 2.7092E-12 2.8095E-12 2.9120E-12 3.0166E-12 3.1234E-12 3.2322E-12 3.3430E-12 3.4558E-12 3.5706E-12 3.6871E-12 3.8055E-12 3.9256E-12 4.0473E-12 4.1706E-12 4.2954E-12 4.4216E-12 4.5491E-12 4.6778E-12 4.8076E-12 4.9384E-12 5.0700E-12 5.2024E-12 5.3354E-12 5.4690E-12
6.2695E-13 6.6161E-13 6.9782E-13 7.3563E-13 7.7507E-13 8.1620E-13 8.5906E-13 9.0368E-13 9.5012E-13 9.9843E-13 1.0486E-12 1.1008E-12 1.1549E-12 1.2110E-12 1.2692E-12 1.3295E-12 1.3920E-12 1.4565E-12 1.5233E-12 1.5923E-12 1.6636E-12 1.7371E-12 1.8129E-12 1.8910E-12 1.9714E-12 2.0541E-12 2.1392E-12 2.2267E-12 2.3165E-12 2.4086E-12 2.5031E-12 2.5999E-12 2.6990E-12 2.8005E-12 2.9042E-12 3.0101E-12 3.1183E-12 3.2286E-12 3.3411E-12 3.4557E-12 3.5723E-12 3.6909E-12 3.8114E-12 3.9337E-12 4.0579E-12 4.1837E-12 4.3112E-12 4.4402E-12 4.5706E-12 4.7024E-12 4.8354E-12 4.9696E-12 5.1047E-12 5.2408E-12 5.3777E-12 5.5152E-12 5.6532E-12
6.4772E-13 6.8354E-13 7.2095E-13 7.6001E-13 8.0076E-13 8.4325E-13 8.8753E-13 9.3363E-13 9.8161E-13 1.0315E-12 1.0834E-12 1.1373E-12 1.1932E-12 1.2512E-12 1.3113E-12 1.3736E-12 1.4381E-12 1.5048E-12 1.5738E-12 1.6451E-12 1.7187E-12 1.7946E-12 1.8729E-12 1.9536E-12 2.0367E-12 2.1222E-12 2.2101E-12 2.3005E-12 2.3933E-12 2.4885E-12 2.5861E-12 2.6861E-12 2.7885E-12 2.8933E-12 3.0004E-12 3.1099E-12 3.2216E-12 3.3356E-12 3.4518E-12 3.5702E-12 3.6907E-12 3.8132E-12 3.9377E-12 4.0641E-12 4.1924E-12 4.3224E-12 4.4541E-12 4.5873E-12 4.7221E-12 4.8583E-12 4.9957E-12 5.1343E-12 5.2739E-12 5.4145E-12 5.5559E-12 5.6980E-12 5.8406E-12
6.6883E-13 7.0582E-13 7.4445E-13 7.8478E-13 8.2686E-13 8.7074E-13 9.1645E-13 9.6406E-13 1.0136E-12 1.0651E-12 1.1187E-12 1.1743E-12 1.2321E-12 1.2920E-12 1.3540E-12 1.4184E-12 1.4850E-12 1.5539E-12 1.6251E-12 1.6987E-12 1.7747E-12 1.8531E-12 1.9340E-12 2.0173E-12 2.1031E-12 2.1914E-12 2.2822E-12 2.3755E-12 2.4713E-12 2.5696E-12 2.6704E-12 2.7736E-12 2.8794E-12 2.9876E-12 3.0982E-12 3.2113E-12 3.3267E-12 3.4444E-12 3.5644E-12 3.6866E-12 3.8110E-12 3.9375E-12 4.0661E-12 4.1966E-12 4.3290E-12 4.4633E-12 4.5993E-12 4.7369E-12 4.8760E-12 5.0166E-12 5.1585E-12 5.3017E-12 5.4459E-12 5.5911E-12 5.7371E-12 5.8838E-12 6.0311E-12
6.9027E-13 7.2844E-13 7.6831E-13 8.0993E-13 8.5336E-13 8.9864E-13 9.4582E-13 9.9496E-13 1.0461E-12 1.0993E-12 1.1545E-12 1.2120E-12 1.2715E-12 1.3334E-12 1.3974E-12 1.4638E-12 1.5326E-12 1.6037E-12 1.6772E-12 1.7532E-12 1.8316E-12 1.9125E-12 1.9960E-12 2.0820E-12 2.1705E-12 2.2616E-12 2.3553E-12 2.4516E-12 2.5505E-12 2.6519E-12 2.7560E-12 2.8626E-12 2.9717E-12 3.0834E-12 3.1975E-12 3.3142E-12 3.4333E-12 3.5548E-12 3.6786E-12 3.8048E-12 3.9331E-12 4.0637E-12 4.1964E-12 4.3311E-12 4.4678E-12 4.6063E-12 4.7467E-12 4.8887E-12 5.0323E-12 5.1774E-12 5.3239E-12 5.4716E-12 5.6204E-12 5.7703E-12 5.9210E-12 6.0724E-12 6.2244E-12
7.1201E-13 7.5138E-13 7.9251E-13 8.3545E-13 8.8024E-13 9.2695E-13 9.7562E-13 1.0263E-12 1.0790E-12 1.1339E-12 1.1909E-12 1.2501E-12 1.3116E-12 1.3754E-12 1.4415E-12 1.5100E-12 1.5808E-12 1.6542E-12 1.7300E-12 1.8084E-12 1.8893E-12 1.9728E-12 2.0589E-12 2.1476E-12 2.2389E-12 2.3329E-12 2.4295E-12 2.5288E-12 2.6308E-12 2.7355E-12 2.8428E-12 2.9527E-12 3.0653E-12 3.1805E-12 3.2983E-12 3.4186E-12 3.5415E-12 3.6668E-12 3.7945E-12 3.9246E-12 4.0571E-12 4.1918E-12 4.3286E-12 4.4676E-12 4.6086E-12 4.7515E-12 4.8963E-12 5.0428E-12 5.1909E-12 5.3406E-12 5.4917E-12 5.6440E-12 5.7975E-12 5.9521E-12 6.1075E-12 6.2637E-12 6.4205E-12
