Assets/Resources/2015_m01_d03_0700(utc+0800)_l00_csi_1hr_conc.grd
DSAA
         159         159
     -79.000      79.000
     -79.000      79.000
  0.0000E+00  0.1484E-04
[rows 75 to 99 of 159, columns 0 to 56 of 159]
3.2628E-11 3.9411E-11 4.6682E-11 5.5756E-11 6.3563E-11 7.3493E-11 8.3299E-11 9.3735E-11 1.0447E-10 1.1639E-10 1.2911E-10 1.4313E-10 1.5753E-10 1.7338E-10 1.9158E-10 2.1094E-10 2.3254E-10 2.5404E-10 2.7797E-10 3.0450E-10 3.3183E-10 3.6107E-10 3.9241E-10 4.2586E-10 4.6150E-10 4.9829E-10 5.3868E-10 5.8154E-10 6.2696E-10 6.7369E-10 7.2295E-10 7.7479E-10 8.2924E-10 8.8635E-10 9.4613E-10 1.0094E-09 1.0762E-09 1.1468E-09 1.2210E-09 1.2988E-09 1.3798E-09 1.4630E-09 1.5473E-09 1.6398E-09 1.7240E-09 1.8151E-09 1.8970E-09 1.9835E-09 2.0665E-09 2.1519E-09 2.2341E-09 2.3128E-09 2.4000E-09 2.4799E-09 2.5662E-09 2.6520E-09 2.7414E-09
3.0891E-11 3.6557E-11 4.3538E-11 5.1404E-11 6.0045E-11 6.9165E-11 7.8696E-11 8.9509E-11 9.9937E-11 1.1172E-10 1.2368E-10 1.3695E-10 1.5108E-10 1.6665E-10 1.8422E-10 2.0262E-10 2.2273E-10 2.4423E-10 2.6734E-10 2.9357E-10 3.2000E-10 3.4828E-10 3.7861E-10 4.1099E-10 4.4549E-10 4.8109E-10 5.2022E-10 5.6175E-10 6.0576E-10 6.5104E-10 6.9878E-10 7.4903E-10 8.0184E-10 8.5722E-10 9.1536E-10 9.7695E-10 1.0421E-09 1.1109E-09 1.1833E-09 1.2592E-09 1.3383E-09 1.4196E-09 1.5021E-09 1.5902E-09 1.6753E-09 1.7648E-09 1.8454E-09 1.9308E-09 2.0126E-09 2.0974E-09 2.1789E-09 2.2597E-09 2.3439E-09 2.4234E-09 2.5126E-09 2.5956E-09 2.6867E-09
2.8410E-11 3.4340E-11 4.0465E-11 4.7927E-11 5.6222E-11 6.5371E-11 7.4867E-11 8.4963E-11 9.5742E-11 1.0679E-10 1.1860E-10 1.3108E-10 1.4497E-10 1.5967E-10 1.7690E-10 1.9463E-10 2.1373E-10 2.3475E-10 2.5704E-10 2.8209E-10 3.0816E-10 3.3548E-10 3.6478E-10 3.9607E-10 4.2829E-10 4.6381E-10 5.0166E-10 5.4184E-10 5.8444E-10 6.2825E-10 6.7444E-10 7.2308E-10 7.7420E-10 8.2784E-10 8.8433E-10 9.4428E-10 1.0077E-09 1.0747E-09 1.1452E-09 1.2192E-09 1.2963E-09 1.3757E-09 1.4564E-09 1.5428E-09 1.6261E-09 1.7114E-09 1.7931E-09 1.8773E-09 1.9580E-09 2.0417E-09 2.1225E-09 2.2026E-09 2.2864E-09 2.3652E-09 2.4544E-09 2.5376E-09 2.6292E-09
2.6100E-11 3.1671E-11 3.7939E-11 4.4609E-11 5.1973E-11 6.1174E-11 7.0379E-11 8.0401E-11 9.0464E-11 1.0222E-10 1.1274E-10 1.2503E-10 1.3861E-10 1.5304E-10 1.6934E-10 1.8640E-10 2.0407E-10 2.2504E-10 2.4650E-10 2.7094E-10 2.9579E-10 3.2133E-10 3.5096E-10 3.8001E-10 4.1222E-10 4.4652E-10 4.8307E-10 5.2189E-10 5.6305E-10 6.0536E-10 6.5000E-10 6.9700E-10 7.4642E-10 7.9828E-10 8.5315E-10 9.1139E-10 9.7306E-10 1.0382E-09 1.1068E-09 1.1788E-09 1.2541E-09 1.3317E-09 1.4107E-09 1.4952E-09 1.5766E-09 1.6602E-09 1.7405E-09 1.8231E-09 1.9027E-09 1.9852E-09 2.0651E-09 2.1443E-09 2.2275E-09 2.3056E-09 2.3943E-09 2.4777E-09 2.5728E-09
2.2593E-11 2.9529E-11 3.5562E-11 4.1677E-11 4.8819E-11 5.6256E-11 6.5868E-11 7.5472E-11 8.5451E-11 9.5915E-11 1.0778E-10 1.1928E-10 1.3262E-10 1.4618E-10 1.6215E-10 1.7753E-10 1.9522E-10 2.1569E-10 2.3633E-10 2.5849E-10 2.8271E-10 3.0833E-10 3.3574E-10 3.6514E-10 3.9618E-10 4.2924E-10 4.6449E-10 5.0193E-10 5.4165E-10 5.8246E-10 6.2552E-10 6.7087E-10 7.1857E-10 7.6868E-10 8.2193E-10 8.7843E-10 9.3829E-10 1.0015E-09 1.0682E-09 1.1383E-09 1.2117E-09 1.2876E-09 1.3649E-09 1.4447E-09 1.5270E-09 1.6087E-09 1.6874E-09 1.7686E-09 1.8469E-09 1.9281E-09 2.0069E-09 2.0851E-09 2.1673E-09 2.2447E-09 2.3326E-09 2.4164E-09 2.5114E-09
1.9644E-11 2.7732E-11 3.3052E-11 3.9102E-11 4.5840E-11 5.2848E-11 6.1576E-11 7.0274E-11 8.0297E-11 9.0693E-11 1.0213E-10 1.1391E-10 1.2641E-10 1.3971E-10 1.5375E-10 1.6978E-10 1.8675E-10 2.0614E-10 2.2596E-10 2.4754E-10 2.7053E-10 2.9515E-10 3.2179E-10 3.5005E-10 3.8021E-10 4.1203E-10 4.4597E-10 4.8202E-10 5.2029E-10 5.5958E-10 6.0106E-10 6.4476E-10 6.9072E-10 7.3918E-10 7.9071E-10 8.4546E-10 9.0343E-10 9.6477E-10 1.0294E-09 1.0977E-09 1.1693E-09 1.2435E-09 1.3192E-09 1.3942E-09 1.4772E-09 1.5543E-09 1.6342E-09 1.7137E-09 1.7906E-09 1.8705E-09 1.9480E-09 2.0251E-09 2.1061E-09 2.1826E-09 2.2697E-09 2.3537E-09 2.4481E-09
1.5784E-11 2.3241E-11 3.0774E-11 3.6080E-11 4.2434E-11 4.9820E-11 5.7379E-11 6.6084E-11 7.5286E-11 8.5602E-11 9.6526E-11 1.0826E-10 1.2060E-10 1.3249E-10 1.4623E-10 1.6185E-10 1.7811E-10 1.9701E-10 2.1601E-10 2.3642E-10 2.5877E-10 2.8240E-10 3.0769E-10 3.3482E-10 3.6407E-10 3.9493E-10 4.2755E-10 4.6222E-10 4.9902E-10 5.3681E-10 5.7670E-10 6.1873E-10 6.6295E-10 7.0975E-10 7.5960E-10 8.1252E-10 8.6869E-10 9.2803E-10 9.9067E-10 1.0572E-09 1.1272E-09 1.1998E-09 1.2736E-09 1.3466E-09 1.4275E-09 1.5028E-09 1.5809E-09 1.6558E-09 1.7340E-09 1.8092E-09 1.8886E-09 1.9644E-09 2.0442E-09 2.1196E-09 2.2060E-09 2.2895E-09 2.3835E-09
1.3792E-11 2.1644E-11 2.8064E-11 3.3918E-11 3.9507E-11 4.6184E-11 5.3290E-11 6.1601E-11 7.1182E-11 7.9850E-11 9.1065E-11 1.0187E-10 1.1398E-10 1.2624E-10 1.3909E-10 1.5433E-10 1.6989E-10 1.8771E-10 2.0486E-10 2.2472E-10 2.4687E-10 2.6951E-10 2.9375E-10 3.2005E-10 3.4782E-10 3.7742E-10 4.0928E-10 4.4257E-10 4.7670E-10 5.1418E-10 5.5248E-10 5.9286E-10 6.3534E-10 6.8054E-10 7.2865E-10 7.7982E-10 8.3404E-10 8.9146E-10 9.5227E-10 1.0172E-09 1.0854E-09 1.1564E-09 1.2282E-09 1.2992E-09 1.3780E-09 1.4486E-09 1.5276E-09 1.6008E-09 1.6774E-09 1.7511E-09 1.8289E-09 1.9004E-09 1.9817E-09 2.0557E-09 2.1414E-09 2.2245E-09 2.3178E-09
1.0442E-11 1.7644E-11 2.4890E-11 3.1505E-11 3.6845E-11 4.3234E-11 4.9400E-11 5.7237E-11 6.6300E-11 7.4919E-11 8.4326E-11 9.5520E-11 1.0668E-10 1.1936E-10 1.3237E-10 1.4665E-10 1.6152E-10 1.7784E-10 1.9524E-10 2.1394E-10 2.3515E-10 2.5711E-10 2.8030E-10 3.0520E-10 3.3178E-10 3.6042E-10 3.8945E-10 4.2163E-10 4.5582E-10 4.9177E-10 5.2848E-10 5.6720E-10 6.0805E-10 6.5159E-10 6.9799E-10 7.4730E-10 7.9965E-10 8.5506E-10 9.1421E-10 9.7748E-10 1.0441E-09 1.1135E-09 1.1832E-09 1.2522E-09 1.3288E-09 1.3975E-09 1.4746E-09 1.5430E-09 1.6208E-09 1.6895E-09 1.7690E-09 1.8391E-09 1.9187E-09 1.9912E-09 2.0765E-09 2.1584E-09 2.2480E-09
9.0344E-12 1.5126E-11 2.1724E-11 2.8993E-11 3.4558E-11 3.9854E-11 4.6217E-11 5.3595E-11 6.1546E-11 7.0243E-11 7.9190E-11 8.9484E-11 1.0049E-10 1.1255E-10 1.2505E-10 1.3840E-10 1.5260E-10 1.6790E-10 1.8550E-10 2.0365E-10 2.2392E-10 2.4353E-10 2.6570E-10 2.9086E-10 3.1513E-10 3.4225E-10 3.7113E-10 4.0192E-10 4.3462E-10 4.6961E-10 5.0476E-10 5.4182E-10 5.8106E-10 6.2297E-10 6.6761E-10 7.1512E-10 7.6556E-10 8.1898E-10 8.7658E-10 9.3817E-10 1.0033E-09 1.0709E-09 1.1386E-09 1.2056E-09 1.2775E-09 1.3469E-09 1.4218E-09 1.4885E-09 1.5644E-09 1.6315E-09 1.7091E-09 1.7776E-09 1.8555E-09 1.9269E-09 2.0082E-09 2.0918E-09 2.1805E-09
5.1496E-12 1.1471E-11 1.8753E-11 2.5574E-11 3.1544E-11 3.6547E-11 4.3216E-11 5.0163E-11 5.7539E-11 6.5701E-11 7.4201E-11 8.3991E-11 9.4087E-11 1.0557E-10 1.1689E-10 1.2970E-10 1.4420E-10 1.5946E-10 1.7626E-10 1.9328E-10 2.1155E-10 2.3131E-10 2.5275E-10 2.7538E-10 2.9965E-10 3.2553E-10 3.5312E-10 3.8281E-10 4.1406E-10 4.4721E-10 4.8106E-10 5.1677E-10 5.5446E-10 5.9471E-10 6.3764E-10 6.8333E-10 7.3186E-10 7.8351E-10 8.3965E-10 8.9966E-10 9.6334E-10 1.0289E-09 1.0945E-09 1.1596E-09 1.2240E-09 1.2967E-09 1.3668E-09 1.4345E-09 1.5083E-09 1.5737E-09 1.6494E-09 1.7163E-09 1.7922E-09 1.8624E-09 1.9428E-09 2.0251E-09 2.1093E-09
4.4469E-12 9.1865E-12 1.5810E-11 2.1956E-11 2.8601E-11 3.4456E-11 4.0527E-11 4.6334E-11 5.3244E-11 6.0897E-11 6.9358E-11 7.8658E-11 8.8245E-11 9.8091E-11 1.0991E-10 1.2208E-10 1.3625E-10 1.5055E-10 1.6692E-10 1.8343E-10 1.9978E-10 2.1963E-10 2.3979E-10 2.6134E-10 2.8476E-10 3.0914E-10 3.3573E-10 3.6378E-10 3.9358E-10 4.2521E-10 4.5750E-10 4.9159E-10 5.2831E-10 5.6693E-10 6.0813E-10 6.5199E-10 6.9863E-10 7.4871E-10 8.0340E-10 8.6192E-10 9.2409E-10 9.8759E-10 1.0510E-09 1.1142E-09 1.1766E-09 1.2472E-09 1.3095E-09 1.3810E-09 1.4498E-09 1.5164E-09 1.5900E-09 1.6551E-09 1.7291E-09 1.7983E-09 1.8744E-09 1.9580E-09 2.0413E-09
2.7548E-12 6.2730E-12 1.1600E-11 1.8591E-11 2.5398E-11 3.1333E-11 3.7117E-11 4.3115E-11 4.9680E-11 5.6337E-11 6.4264E-11 7.2470E-11 8.2068E-11 9.1914E-11 1.0313E-10 1.1468E-10 1.2815E-10 1.4210E-10 1.5672E-10 1.7250E-10 1.8905E-10 2.0794E-10 2.2740E-10 2.4791E-10 2.6991E-10 2.9339E-10 3.1843E-10 3.4512E-10 3.7258E-10 4.0243E-10 4.3467E-10 4.6726E-10 5.0181E-10 5.3937E-10 5.7910E-10 6.2119E-10 6.6594E-10 7.1466E-10 7.6779E-10 8.2495E-10 8.8548E-10 9.4691E-10 1.0082E-09 1.0695E-09 1.1300E-09 1.1983E-09 1.2589E-09 1.3281E-09 1.3889E-09 1.4596E-09 1.5280E-09 1.5944E-09 1.6639E-09 1.7345E-09 1.8060E-09 1.8915E-09 1.9731E-09
1.6152E-12 4.4882E-12 9.2642E-12 1.5575E-11 2.2190E-11 2.8796E-11 3.3800E-11 3.9488E-11 4.5718E-11 5.2525E-11 5.9941E-11 6.7610E-11 7.6601E-11 8.5932E-11 9.6569E-11 1.0752E-10 1.1930E-10 1.3255E-10 1.4679E-10 1.6282E-10 1.7860E-10 1.9684E-10 2.1396E-10 2.3344E-10 2.5541E-10 2.7773E-10 3.0067E-10 3.2601E-10 3.5271E-10 3.8167E-10 4.1207E-10 4.4315E-10 4.7648E-10 5.1208E-10 5.5014E-10 5.9096E-10 6.3390E-10 6.8136E-10 7.3306E-10 7.8892E-10 8.4757E-10 9.0696E-10 9.6623E-10 1.0255E-09 1.0842E-09 1.1423E-09 1.2090E-09 1.2759E-09 1.3350E-09 1.4034E-09 1.4633E-09 1.5343E-09 1.5965E-09 1.6714E-09 1.7414E-09 1.8252E-09 1.9049E-09
1.0611E-12 2.7721E-12 6.3090E-12 1.1291E-11 1.8258E-11 2.5191E-11 3.1082E-11 3.6466E-11 4.1867E-11 4.8633E-11 5.5665E-11 6.3316E-11 7.1421E-11 8.0144E-11 8.9155E-11 1.0005E-10 1.1121E-10 1.2430E-10 1.3779E-10 1.5260E-10 1.6829E-10 1.8471E-10 2.0196E-10 2.2074E-10 2.4018E-10 2.6166E-10 2.8424E-10 3.0828E-10 3.3390E-10 3.6113E-10 3.8998E-10 4.1997E-10 4.5145E-10 4.8548E-10 5.2210E-10 5.6142E-10 6.0293E-10 6.4915E-10 6.9943E-10 7.5392E-10 8.1058E-10 8.6780E-10 9.2512E-10 9.8233E-10 1.0393E-09 1.0955E-09 1.1600E-09 1.2162E-09 1.2820E-09 1.3481E-09 1.4062E-09 1.4749E-09 1.5357E-09 1.6090E-09 1.6774E-09 1.7595E-09 1.8374E-09
0.0000E+00 1.6189E-12 4.4924E-12 9.2654E-12 1.5210E-11 2.1441E-11 2.7972E-11 3.3691E-11 3.9591E-11 4.5383E-11 5.1538E-11 5.8782E-11 6.5818E-11 7.4454E-11 8.3068E-11 9.3382E-11 1.0394E-10 1.1632E-10 1.2871E-10 1.4204E-10 1.5691E-10 1.7244E-10 1.9024E-10 2.0811E-10 2.2681E-10 2.4687E-10 2.6825E-10 2.9133E-10 3.1532E-10 3.4111E-10 3.6885E-10 3.9681E-10 4.2740E-10 4.5982E-10 4.9504E-10 5.3199E-10 5.7284E-10 6.1774E-10 6.6678E-10 7.1979E-10 7.7442E-10 8.2948E-10 8.8489E-10 9.4007E-10 9.9523E-10 1.0497E-09 1.1119E-09 1.1665E-09 1.2299E-09 1.2880E-09 1.3500E-09 1.4164E-09 1.4759E-09 1.5474E-09 1.6143E-09 1.6917E-09 1.7707E-09
0.0000E+00 1.0586E-12 2.7662E-12 6.7654E-12 1.1234E-11 1.7802E-11 2.4636E-11 3.0413E-11 3.6008E-11 4.1264E-11 4.7556E-11 5.4100E-11 6.1547E-11 6.9300E-11 7.7609E-11 8.6944E-11 9.6920E-11 1.0709E-10 1.1933E-10 1.3231E-10 1.4696E-10 1.6162E-10 1.7845E-10 1.9432E-10 2.1246E-10 2.3251E-10 2.5304E-10 2.7429E-10 2.9636E-10 3.2079E-10 3.4655E-10 3.7491E-10 4.0373E-10 4.3515E-10 4.6839E-10 5.0363E-10 5.4363E-10 5.8718E-10 6.3501E-10 6.8648E-10 7.3913E-10 7.9206E-10 8.4557E-10 8.9889E-10 9.5216E-10 1.0049E-09 1.0571E-09 1.1177E-09 1.1787E-09 1.2321E-09 1.2948E-09 1.3528E-09 1.4172E-09 1.4813E-09 1.5524E-09 1.6217E-09 1.7049E-09
0.0000E+00 0.0000E+00 1.6090E-12 4.4592E-12 9.1902E-12 1.4723E-11 2.0847E-11 2.6921E-11 3.2551E-11 3.7990E-11 4.3932E-11 4.9890E-11 5.6921E-11 6.3703E-11 7.1644E-11 8.0105E-11 8.9629E-11 9.9749E-11 1.1129E-10 1.2354E-10 1.3695E-10 1.5119E-10 1.6602E-10 1.8203E-10 1.9954E-10 2.1743E-10 2.3661E-10 2.5727E-10 2.7893E-10 3.0199E-10 3.2673E-10 3.5338E-10 3.8132E-10 4.1117E-10 4.4222E-10 4.7664E-10 5.1558E-10 5.5786E-10 6.0457E-10 6.5411E-10 7.0474E-10 7.5577E-10 8.0723E-10 8.5876E-10 9.1011E-10 9.6123E-10 1.0116E-09 1.0701E-09 1.1205E-09 1.1804E-09 1.2409E-09 1.2939E-09 1.3601E-09 1.4194E-09 1.4916E-09 1.5589E-09 1.6401E-09
0.0000E+00 0.0000E+00 0.0000E+00 2.7375E-12 6.2240E-12 1.0116E-11 1.6230E-11 2.2597E-11 2.9221E-11 3.4344E-11 3.9947E-11 4.6051E-11 5.2687E-11 5.9367E-11 6.6843E-11 7.4406E-11 8.3561E-11 9.2687E-11 1.0252E-10 1.1409E-10 1.2609E-10 1.4012E-10 1.5410E-10 1.7019E-10 1.8671E-10 2.0355E-10 2.2200E-10 2.4164E-10 2.6206E-10 2.8415E-10 3.0729E-10 3.3313E-10 3.5962E-10 3.8765E-10 4.1743E-10 4.5068E-10 4.8853E-10 5.2968E-10 5.7513E-10 6.2277E-10 6.7129E-10 7.2046E-10 7.6990E-10 8.1967E-10 8.6912E-10 9.1862E-10 9.6739E-10 1.0157E-09 1.0725E-09 1.1299E-09 1.1793E-09 1.2398E-09 1.3040E-09 1.3616E-09 1.4320E-09 1.4976E-09 1.5765E-09
0.0000E+00 0.0000E+00 0.0000E+00 1.5858E-12 3.3542E-12 8.0370E-12 1.3110E-11 1.9773E-11 2.5359E-11 3.0842E-11 3.6432E-11 4.2180E-11 4.7596E-11 5.4382E-11 6.1178E-11 6.8804E-11 7.6479E-11 8.5778E-11 9.5003E-11 1.0603E-10 1.1731E-10 1.3051E-10 1.4366E-10 1.5812E-10 1.7330E-10 1.8911E-10 2.0640E-10 2.2529E-10 2.4458E-10 2.6546E-10 2.8792E-10 3.1238E-10 3.3862E-10 3.6466E-10 3.9345E-10 4.2576E-10 4.6186E-10 5.0251E-10 5.4658E-10 5.9234E-10 6.3880E-10 6.8617E-10 7.3367E-10 7.8166E-10 8.2943E-10 8.7714E-10 9.2439E-10 9.7107E-10 1.0257E-09 1.0723E-09 1.1286E-09 1.1869E-09 1.2396E-09 1.3056E-09 1.3653E-09 1.4377E-09 1.5056E-09
0.0000E+00 0.0000E+00 0.0000E+00 0.0000E+00 1.6538E-12 5.0674E-12 9.9072E-12 1.5531E-11 2.1388E-11 2.7473E-11 3.3085E-11 3.8487E-11 4.4046E-11 5.0430E-11 5.6509E-11 6.3972E-11 7.1176E-11 7.9516E-11 8.8363E-11 9.8299E-11 1.0929E-10 1.2066E-10 1.3259E-10 1.4621E-10 1.6150E-10 1.7633E-10 1.9258E-10 2.1036E-10 2.2848E-10 2.4896E-10 2.7047E-10 2.9355E-10 3.1784E-10 3.4300E-10 3.7036E-10 4.0156E-10 4.3659E-10 4.7650E-10 5.1892E-10 5.6287E-10 6.0744E-10 6.5291E-10 6.9868E-10 7.4477E-10 7.9091E-10 8.3682E-10 8.8257E-10 9.2760E-10 9.7229E-10 1.0252E-09 1.0794E-09 1.1270E-09 1.1871E-09 1.2511E-09 1.3088E-09 1.3794E-09 1.4452E-09
0.0000E+00 0.0000E+00 0.0000E+00 0.0000E+00 1.5500E-12 3.2776E-12 6.8317E-12 1.0781E-11 1.6941E-11 2.4302E-11 2.9579E-11 3.4966E-11 4.0166E-11 4.5640E-11 5.1824E-11 5.8523E-11 6.5793E-11 7.3376E-11 8.1280E-11 8.9470E-11 1.0024E-10 1.1090E-10 1.2345E-10 1.3584E-10 1.5019E-10 1.6408E-10 1.7972E-10 1.9604E-10 2.1302E-10 2.3303E-10 2.5244E-10 2.7396E-10 2.9688E-10 3.2217E-10 3.4852E-10 3.7835E-10 4.1283E-10 4.5165E-10 4.9238E-10 5.3436E-10 5.7719E-10 6.2071E-10 6.6479E-10 7.0901E-10 7.5355E-10 7.9771E-10 8.4198E-10 8.8554E-10 9.2873E-10 9.7951E-10 1.0232E-09 1.0783E-09 1.1360E-09 1.1883E-09 1.2540E-09 1.3224E-09 1.3864E-09
0.0000E+00 0.0000E+00 0.0000E+00 0.0000E+00 0.0000E+00 1.6083E-12 4.9263E-12 8.6170E-12 1.3709E-11 2.0038E-11 2.5572E-11 3.1309E-11 3.6480E-11 4.1781E-11 4.7879E-11 5.3641E-11 6.0436E-11 6.7246E-11 7.5459E-11 8.3410E-11 9.2690E-11 1.0256E-10 1.1367E-10 1.2486E-10 1.3728E-10 1.5131E-10 1.6600E-10 1.8122E-10 1.9710E-10 2.1515E-10 2.3641E-10 2.5611E-10 2.7829E-10 3.0215E-10 3.2743E-10 3.5660E-10 3.9015E-10 4.2776E-10 4.6677E-10 5.0683E-10 5.4796E-10 5.8958E-10 6.3202E-10 6.7450E-10 7.1739E-10 7.6005E-10 8.0263E-10 8.4482E-10 8.8646E-10 9.2760E-10 9.7773E-10 1.0310E-09 1.0776E-09 1.1376E-09 1.2012E-09 1.2592E-09 1.3296E-09
0.0000E+00 0.0000E+00 0.0000E+00 0.0000E+00 0.0000E+00 0.0000E+00 1.6633E-12 5.0924E-12 9.9375E-12 1.5186E-11 2.1822E-11 2.6996E-11 3.2660E-11 3.7923E-11 4.2801E-11 4.8984E-11 5.5334E-11 6.2206E-11 6.9058E-11 7.6488E-11 8.4765E-11 9.4123E-11 1.0402E-10 1.1544E-10 1.2747E-10 1.4098E-10 1.5394E-10 1.6818E-10 1.8300E-10 1.9919E-10 2.2048E-10 2.3835E-10 2.5922E-10 2.8173E-10 3.0705E-10 3.3574E-10 3.6841E-10 4.0426E-10 4.4210E-10 4.8032E-10 5.1978E-10 5.5972E-10 6.0038E-10 6.4130E-10 6.8243E-10 7.2363E-10 7.6455E-10 8.0540E-10 8.4551E-10 8.8544E-10 9.3386E-10 9.7694E-10 1.0309E-09 1.0884E-09 1.1402E-09 1.2062E-09 1.2743E-09
0.0000E+00 0.0000E+00 0.0000E+00 0.0000E+00 0.0000E+00 0.0000E+00 1.5511E-12 3.2775E-12 6.8217E-12 1.0736E-11 1.6479E-11 2.2408E-11 2.8201E-11 3.3444E-11 3.8783E-11 4.4250E-11 5.0502E-11 5.6917E-11 6.3296E-11 7.0743E-11 7.8186E-11 8.6900E-11 9.6339E-11 1.0623E-10 1.1666E-10 1.2824E-10 1.4178E-10 1.5468E-10 1.6843E-10 1.8396E-10 2.0444E-10 2.2261E-10 2.4224E-10 2.6322E-10 2.8837E-10 3.1612E-10 3.4772E-10 3.8200E-10 4.1837E-10 4.5499E-10 4.9263E-10 5.3100E-10 5.6988E-10 6.0927E-10 6.4869E-10 6.8845E-10 7.2781E-10 7.6728E-10 8.0612E-10 8.4463E-10 8.8921E-10 9.3331E-10 9.8569E-10 1.0319E-09 1.0915E-09 1.1548E-09 1.2129E-09
