Assets/Resources/2015_m01_d19_1300(utc+0800)_l00_csi_1hr_conc.grd
DSAA
         159         159
     -79.000      79.000
     -79.000      79.000
  0.0000E+00  0.8988E-06
[rows 0 to 24 of 159, columns 57 to 113 of 159]
2.9142E-09 2.9572E-09 2.9950E-09 3.0292E-09 3.0555E-09 3.0724E-09 3.0819E-09 3.0857E-09 3.0803E-09 3.0682E-09 3.0499E-09 3.0257E-09 2.9972E-09 2.9657E-09 2.9312E-09 2.8897E-09 2.8451E-09 2.7961E-09 2.7426E-09 2.6858E-09 2.6275E-09 2.5672E-09 2.5051E-09 2.4427E-09 2.3803E-09 2.3171E-09 2.2553E-09 2.1935E-09 2.1311E-09 2.0721E-09 2.0138E-09 1.9550E-09 1.8984E-09 1.8440E-09 1.7898E-09 1.7383E-09 1.6868E-09 1.6367E-09 1.5871E-09 1.5275E-09 1.4738E-09 1.4262E-09 1.3849E-09 1.3439E-09 1.3058E-09 1.2659E-09 1.2312E-09 1.1969E-09 1.1630E-09 1.1282E-09 1.0946E-09 1.0627E-09 1.0289E-09 9.9477E-10 9.6177E-10 9.2900E-10 8.9405E-10
3.1721E-09 3.2262E-09 3.2724E-09 3.3120E-09 3.3460E-09 3.3743E-09 3.3906E-09 3.3983E-09 3.3994E-09 3.3905E-09 3.3736E-09 3.3489E-09 3.3174E-09 3.2807E-09 3.2438E-09 3.1944E-09 3.1445E-09 3.0903E-09 3.0315E-09 2.9685E-09 2.9023E-09 2.8348E-09 2.7654E-09 2.6943E-09 2.6232E-09 2.5523E-09 2.4811E-09 2.4115E-09 2.3421E-09 2.2728E-09 2.2071E-09 2.1417E-09 2.0773E-09 2.0152E-09 1.9548E-09 1.8961E-09 1.8393E-09 1.7826E-09 1.7291E-09 1.6697E-09 1.6066E-09 1.5513E-09 1.5036E-09 1.4584E-09 1.4140E-09 1.3729E-09 1.3314E-09 1.2920E-09 1.2562E-09 1.2180E-09 1.1816E-09 1.1452E-09 1.1110E-09 1.0743E-09 1.0380E-09 1.0028E-09 9.6498E-10
3.4315E-09 3.4909E-09 3.5471E-09 3.5975E-09 3.6383E-09 3.6719E-09 3.6998E-09 3.7159E-09 3.7214E-09 3.7187E-09 3.7057E-09 3.6830E-09 3.6512E-09 3.6116E-09 3.5656E-09 3.5172E-09 3.4588E-09 3.3985E-09 3.3338E-09 3.2646E-09 3.1916E-09 3.1156E-09 3.0386E-09 2.9597E-09 2.8796E-09 2.7996E-09 2.7201E-09 2.6408E-09 2.5630E-09 2.4853E-09 2.4099E-09 2.3374E-09 2.2656E-09 2.1949E-09 2.1274E-09 2.0608E-09 1.9977E-09 1.9357E-09 1.8741E-09 1.8142E-09 1.7510E-09 1.6814E-09 1.6262E-09 1.5766E-09 1.5292E-09 1.4819E-09 1.4376E-09 1.3929E-09 1.3504E-09 1.3116E-09 1.2706E-09 1.2297E-09 1.1924E-09 1.1542E-09 1.1149E-09 1.0779E-09 1.0399E-09
3.6895E-09 3.7568E-09 3.8188E-09 3.8753E-09 3.9281E-09 3.9703E-09 4.0035E-09 4.0295E-09 4.0442E-09 4.0466E-09 4.0395E-09 4.0215E-09 3.9921E-09 3.9524E-09 3.9039E-09 3.8508E-09 3.7857E-09 3.7192E-09 3.6479E-09 3.5722E-09 3.4922E-09 3.4088E-09 3.3228E-09 3.2360E-09 3.1477E-09 3.0582E-09 2.9694E-09 2.8806E-09 2.7939E-09 2.7078E-09 2.6228E-09 2.5405E-09 2.4613E-09 2.3821E-09 2.3062E-09 2.2334E-09 2.1615E-09 2.0931E-09 2.0256E-09 1.9607E-09 1.8938E-09 1.8240E-09 1.7545E-09 1.6981E-09 1.6445E-09 1.5937E-09 1.5436E-09 1.4945E-09 1.4483E-09 1.4043E-09 1.3612E-09 1.3171E-09 1.2750E-09 1.2353E-09 1.1943E-09 1.1530E-09 1.1134E-09
3.9794E-09 4.0305E-09 4.0869E-09 4.1509E-09 4.2086E-09 4.2607E-09 4.3039E-09 4.3359E-09 4.3591E-09 4.3713E-09 4.3695E-09 4.3573E-09 4.3334E-09 4.2964E-09 4.2481E-09 4.1900E-09 4.1279E-09 4.0496E-09 3.9716E-09 3.8888E-09 3.8020E-09 3.7108E-09 3.6163E-09 3.5209E-09 3.4243E-09 3.3257E-09 3.2278E-09 3.1303E-09 3.0330E-09 2.9382E-09 2.8441E-09 2.7515E-09 2.6630E-09 2.5764E-09 2.4915E-09 2.4102E-09 2.3306E-09 2.2550E-09 2.1812E-09 2.1082E-09 2.0376E-09 1.9641E-09 1.8911E-09 1.8204E-09 1.7638E-09 1.7065E-09 1.6514E-09 1.5996E-09 1.5490E-09 1.4982E-09 1.4529E-09 1.4070E-09 1.3599E-09 1.3157E-09 1.2731E-09 1.2287E-09 1.1851E-09
4.2656E-09 4.3284E-09 4.3756E-09 4.4246E-09 4.4836E-09 4.5414E-09 4.5919E-09 4.6350E-09 4.6647E-09 4.6843E-09 4.6926E-09 4.6857E-09 4.6676E-09 4.6367E-09 4.5913E-09 4.5337E-09 4.4668E-09 4.3873E-09 4.3020E-09 4.2122E-09 4.1177E-09 4.0194E-09 3.9171E-09 3.8124E-09 3.7070E-09 3.6006E-09 3.4929E-09 3.3860E-09 3.2800E-09 3.1746E-09 3.0715E-09 2.9693E-09 2.8708E-09 2.7757E-09 2.6818E-09 2.5917E-09 2.5052E-09 2.4205E-09 2.3397E-09 2.2605E-09 2.1844E-09 2.1070E-09 2.0272E-09 1.9514E-09 1.8829E-09 1.8223E-09 1.7621E-09 1.7057E-09 1.6493E-09 1.5961E-09 1.5440E-09 1.4958E-09 1.4453E-09 1.3963E-09 1.3508E-09 1.3046E-09 1.2580E-09
4.5328E-09 4.6020E-09 4.6680E-09 4.7191E-09 4.7629E-09 4.8127E-09 4.8696E-09 4.9179E-09 4.9590E-09 4.9853E-09 5.0005E-09 5.0035E-09 4.9904E-09 4.9656E-09 4.9268E-09 4.8724E-09 4.8048E-09 4.7321E-09 4.6359E-09 4.5389E-09 4.4371E-09 4.3310E-09 4.2212E-09 4.1082E-09 3.9935E-09 3.8783E-09 3.7625E-09 3.6459E-09 3.5305E-09 3.4158E-09 3.3033E-09 3.1924E-09 3.0828E-09 2.9785E-09 2.8771E-09 2.7769E-09 2.6816E-09 2.5887E-09 2.5006E-09 2.4147E-09 2.3303E-09 2.2489E-09 2.1620E-09 2.0793E-09 2.0043E-09 1.9376E-09 1.8736E-09 1.8107E-09 1.7516E-09 1.6925E-09 1.6365E-09 1.5833E-09 1.5306E-09 1.4781E-09 1.4281E-09 1.3801E-09 1.3319E-09
4.7822E-09 4.8611E-09 4.9341E-09 4.9996E-09 5.0565E-09 5.0946E-09 5.1351E-09 5.1887E-09 5.2343E-09 5.2716E-09 5.2934E-09 5.3033E-09 5.2995E-09 5.2792E-09 5.2471E-09 5.1994E-09 5.1353E-09 5.0571E-09 4.9681E-09 4.8653E-09 4.7565E-09 4.6429E-09 4.5255E-09 4.4044E-09 4.2813E-09 4.1570E-09 4.0325E-09 3.9071E-09 3.7829E-09 3.6595E-09 3.5372E-09 3.4172E-09 3.2992E-09 3.1838E-09 3.0732E-09 2.9644E-09 2.8600E-09 2.7601E-09 2.6625E-09 2.5695E-09 2.4781E-09 2.3918E-09 2.3009E-09 2.2114E-09 2.1266E-09 2.0526E-09 1.9836E-09 1.9157E-09 1.8519E-09 1.7900E-09 1.7285E-09 1.6699E-09 1.6151E-09 1.5592E-09 1.5044E-09 1.4535E-09 1.4036E-09
5.0236E-09 5.1035E-09 5.1819E-09 5.2559E-09 5.3202E-09 5.3786E-09 5.4138E-09 5.4484E-09 5.4946E-09 5.5362E-09 5.5685E-09 5.5846E-09 5.5883E-09 5.5763E-09 5.5480E-09 5.5077E-09 5.4503E-09 5.3759E-09 5.2939E-09 5.1846E-09 5.0720E-09 4.9517E-09 4.8266E-09 4.6983E-09 4.5665E-09 4.4334E-09 4.3006E-09 4.1675E-09 4.0339E-09 3.9020E-09 3.7706E-09 3.6421E-09 3.5149E-09 3.3897E-09 3.2700E-09 3.1538E-09 3.0393E-09 2.9304E-09 2.8247E-09 2.7243E-09 2.6261E-09 2.5316E-09 2.4398E-09 2.3435E-09 2.2517E-09 2.1682E-09 2.0929E-09 2.0213E-09 1.9511E-09 1.8850E-09 1.8192E-09 1.7569E-09 1.6970E-09 1.6404E-09 1.5810E-09 1.5255E-09 1.4729E-09
5.2607E-09 5.3379E-09 5.4150E-09 5.4914E-09 5.5635E-09 5.6273E-09 5.6824E-09 5.7159E-09 5.7440E-09 5.7831E-09 5.8194E-09 5.8454E-09 5.8547E-09 5.8514E-09 5.8301E-09 5.7938E-09 5.7437E-09 5.6760E-09 5.5909E-09 5.4923E-09 5.3769E-09 5.2530E-09 5.1216E-09 4.9855E-09 4.8466E-09 4.7055E-09 4.5638E-09 4.4226E-09 4.2809E-09 4.1407E-09 4.0019E-09 3.8640E-09 3.7289E-09 3.5958E-09 3.4656E-09 3.3406E-09 3.2177E-09 3.1001E-09 2.9866E-09 2.8777E-09 2.7731E-09 2.6702E-09 2.5744E-09 2.4708E-09 2.3758E-09 2.2828E-09 2.2006E-09 2.1237E-09 2.0488E-09 1.9781E-09 1.9081E-09 1.8420E-09 1.7770E-09 1.7170E-09 1.6557E-09 1.5957E-09 1.5402E-09
5.4892E-09 5.5652E-09 5.6394E-09 5.7127E-09 5.7857E-09 5.8548E-09 5.9166E-09 5.9674E-09 5.9966E-09 6.0178E-09 6.0502E-09 6.0802E-09 6.0987E-09 6.1001E-09 6.0880E-09 6.0571E-09 6.0124E-09 5.9519E-09 5.8733E-09 5.7828E-09 5.6655E-09 5.5408E-09 5.4060E-09 5.2641E-09 5.1178E-09 4.9692E-09 4.8192E-09 4.6703E-09 4.5216E-09 4.3731E-09 4.2263E-09 4.0807E-09 3.9379E-09 3.7969E-09 3.6578E-09 3.5245E-09 3.3943E-09 3.2674E-09 3.1463E-09 3.0286E-09 2.9169E-09 2.8074E-09 2.7038E-09 2.5966E-09 2.4949E-09 2.3952E-09 2.3058E-09 2.2224E-09 2.1440E-09 2.0688E-09 1.9963E-09 1.9260E-09 1.8560E-09 1.7912E-09 1.7294E-09 1.6649E-09 1.6052E-09
5.7112E-09 5.7816E-09 5.8537E-09 5.9240E-09 5.9928E-09 6.0613E-09 6.1261E-09 6.1844E-09 6.2297E-09 6.2522E-09 6.2663E-09 6.2926E-09 6.3152E-09 6.3249E-09 6.3175E-09 6.2954E-09 6.2547E-09 6.2010E-09 6.1295E-09 6.0399E-09 5.9365E-09 5.8099E-09 5.6744E-09 5.5294E-09 5.3777E-09 5.2217E-09 5.0649E-09 4.9079E-09 4.7520E-09 4.5961E-09 4.4424E-09 4.2902E-09 4.1395E-09 3.9916E-09 3.8452E-09 3.7034E-09 3.5660E-09 3.4310E-09 3.3015E-09 3.1762E-09 3.0571E-09 2.9413E-09 2.8299E-09 2.7191E-09 2.6109E-09 2.5047E-09 2.4077E-09 2.3198E-09 2.2377E-09 2.1549E-09 2.0798E-09 2.0041E-09 1.9319E-09 1.8624E-09 1.7976E-09 1.7315E-09 1.6674E-09
5.9292E-09 5.9915E-09 6.0557E-09 6.1225E-09 6.1881E-09 6.2517E-09 6.3147E-09 6.3741E-09 6.4270E-09 6.4659E-09 6.4796E-09 6.4864E-09 6.5072E-09 6.5218E-09 6.5213E-09 6.5050E-09 6.4715E-09 6.4218E-09 6.3574E-09 6.2747E-09 6.1776E-09 6.0560E-09 5.9224E-09 5.7767E-09 5.6222E-09 5.4615E-09 5.2969E-09 5.1328E-09 4.9703E-09 4.8085E-09 4.6473E-09 4.4888E-09 4.3314E-09 4.1773E-09 4.0249E-09 3.8750E-09 3.7306E-09 3.5885E-09 3.4517E-09 3.3194E-09 3.1925E-09 3.0708E-09 2.9515E-09 2.8404E-09 2.7226E-09 2.6105E-09 2.5077E-09 2.4132E-09 2.3248E-09 2.2406E-09 2.1597E-09 2.0803E-09 2.0044E-09 1.9300E-09 1.8623E-09 1.7947E-09 1.7265E-09
6.1392E-09 6.1944E-09 6.2505E-09 6.3080E-09 6.3684E-09 6.4284E-09 6.4860E-09 6.5429E-09 6.5958E-09 6.6419E-09 6.6732E-09 6.6759E-09 6.6753E-09 6.6915E-09 6.6974E-09 6.6857E-09 6.6595E-09 6.6144E-09 6.5558E-09 6.4801E-09 6.3861E-09 6.2797E-09 6.1460E-09 6.0022E-09 5.8473E-09 5.6842E-09 5.5151E-09 5.3436E-09 5.1741E-09 5.0063E-09 4.8391E-09 4.6746E-09 4.5123E-09 4.3516E-09 4.1938E-09 4.0373E-09 3.8867E-09 3.7391E-09 3.5950E-09 3.4565E-09 3.3219E-09 3.1939E-09 3.0680E-09 2.9504E-09 2.8264E-09 2.7119E-09 2.6032E-09 2.5035E-09 2.4076E-09 2.3204E-09 2.2339E-09 2.1523E-09 2.0728E-09 1.9953E-09 1.9232E-09 1.8542E-09 1.7848E-09
6.3462E-09 6.3882E-09 6.4355E-09 6.4848E-09 6.5353E-09 6.5886E-09 6.6422E-09 6.6931E-09 6.7433E-09 6.7886E-09 6.8266E-09 6.8494E-09 6.8394E-09 6.8348E-09 6.8435E-09 6.8386E-09 6.8166E-09 6.7788E-09 6.7238E-09 6.6553E-09 6.5683E-09 6.4651E-09 6.3411E-09 6.2027E-09 6.0496E-09 5.8863E-09 5.7155E-09 5.5392E-09 5.3621E-09 5.1884E-09 5.0167E-09 4.8461E-09 4.6786E-09 4.5128E-09 4.3504E-09 4.1893E-09 4.0325E-09 3.8800E-09 3.7299E-09 3.5849E-09 3.4443E-09 3.3101E-09 3.1791E-09 3.0546E-09 2.9276E-09 2.8077E-09 2.6934E-09 2.5857E-09 2.4871E-09 2.3954E-09 2.3035E-09 2.2197E-09 2.1353E-09 2.0561E-09 1.9797E-09 1.9083E-09 1.8377E-09
6.5500E-09 6.5783E-09 6.6110E-09 6.6496E-09 6.6917E-09 6.7347E-09 6.7808E-09 6.8271E-09 6.8707E-09 6.9136E-09 6.9507E-09 6.9792E-09 6.9908E-09 6.9687E-09 6.9633E-09 6.9619E-09 6.9457E-09 6.9137E-09 6.8635E-09 6.7999E-09 6.7199E-09 6.6218E-09 6.5131E-09 6.3741E-09 6.2266E-09 6.0653E-09 5.8946E-09 5.7167E-09 5.5354E-09 5.3546E-09 5.1769E-09 5.0017E-09 4.8296E-09 4.6595E-09 4.4929E-09 4.3284E-09 4.1661E-09 4.0093E-09 3.8544E-09 3.7044E-09 3.5580E-09 3.4185E-09 3.2829E-09 3.1518E-09 3.0225E-09 2.8970E-09 2.7777E-09 2.6620E-09 2.5610E-09 2.4637E-09 2.3695E-09 2.2823E-09 2.1930E-09 2.1138E-09 2.0316E-09 1.9579E-09 1.8864E-09
6.7486E-09 6.7623E-09 6.7814E-09 6.8049E-09 6.8346E-09 6.8689E-09 6.9043E-09 6.9429E-09 6.9813E-09 7.0174E-09 7.0523E-09 7.0806E-09 7.0988E-09 7.0902E-09 7.0639E-09 7.0581E-09 7.0466E-09 7.0182E-09 6.9745E-09 6.9144E-09 6.8412E-09 6.7501E-09 6.6413E-09 6.5174E-09 6.3745E-09 6.2188E-09 6.0505E-09 5.8733E-09 5.6897E-09 5.5046E-09 5.3214E-09 5.1404E-09 4.9644E-09 4.7911E-09 4.6201E-09 4.4524E-09 4.2863E-09 4.1257E-09 3.9673E-09 3.8132E-09 3.6631E-09 3.5180E-09 3.3785E-09 3.2416E-09 3.1101E-09 2.9797E-09 2.8524E-09 2.7320E-09 2.6288E-09 2.5263E-09 2.4300E-09 2.3379E-09 2.2472E-09 2.1636E-09 2.0803E-09 2.0026E-09 1.9292E-09
6.9478E-09 6.9410E-09 6.9433E-09 6.9531E-09 6.9675E-09 6.9886E-09 7.0149E-09 7.0425E-09 7.0735E-09 7.1036E-09 7.1321E-09 7.1582E-09 7.1776E-09 7.1847E-09 7.1551E-09 7.1279E-09 7.1188E-09 7.0955E-09 7.0567E-09 7.0009E-09 6.9328E-09 6.8484E-09 6.7466E-09 6.6346E-09 6.4932E-09 6.3438E-09 6.1811E-09 6.0070E-09 5.8240E-09 5.6365E-09 5.4499E-09 5.2646E-09 5.0820E-09 4.9056E-09 4.7315E-09 4.5612E-09 4.3919E-09 4.2287E-09 4.0679E-09 3.9105E-09 3.7573E-09 3.6078E-09 3.4643E-09 3.3230E-09 3.1901E-09 3.0518E-09 2.9204E-09 2.7985E-09 2.6900E-09 2.5826E-09 2.4846E-09 2.3880E-09 2.2973E-09 2.2082E-09 2.1238E-09 2.0425E-09 1.9672E-09
7.1445E-09 7.1184E-09 7.0999E-09 7.0912E-09 7.0918E-09 7.0976E-09 7.1105E-09 7.1287E-09 7.1485E-09 7.1717E-09 7.1935E-09 7.2143E-09 7.2298E-09 7.2415E-09 7.2332E-09 7.1881E-09 7.1655E-09 7.1460E-09 7.1107E-09 7.0603E-09 6.9956E-09 6.9179E-09 6.8228E-09 6.7111E-09 6.5847E-09 6.4404E-09 6.2840E-09 6.1155E-09 5.9363E-09 5.7495E-09 5.5604E-09 5.3723E-09 5.1855E-09 5.0034E-09 4.8267E-09 4.6541E-09 4.4833E-09 4.3169E-09 4.1551E-09 3.9948E-09 3.8392E-09 3.6868E-09 3.5402E-09 3.3956E-09 3.2586E-09 3.1164E-09 2.9808E-09 2.8584E-09 2.7430E-09 2.6324E-09 2.5329E-09 2.4320E-09 2.3404E-09 2.2472E-09 2.1622E-09 2.0773E-09 2.0002E-09
7.3396E-09 7.2905E-09 7.2528E-09 7.2235E-09 7.2049E-09 7.1966E-09 7.1942E-09 7.1995E-09 7.2096E-09 7.2220E-09 7.2373E-09 7.2509E-09 7.2610E-09 7.2692E-09 7.2697E-09 7.2351E-09 7.1896E-09 7.1703E-09 7.1392E-09 7.0932E-09 7.0318E-09 6.9597E-09 6.8712E-09 6.7662E-09 6.6501E-09 6.5093E-09 6.3595E-09 6.1973E-09 6.0241E-09 5.8411E-09 5.6522E-09 5.4628E-09 5.2737E-09 5.0879E-09 4.9058E-09 4.7312E-09 4.5595E-09 4.3904E-09 4.2272E-09 4.0659E-09 3.9085E-09 3.7543E-09 3.6056E-09 3.4585E-09 3.3186E-09 3.1727E-09 3.0339E-09 2.9110E-09 2.7891E-09 2.6756E-09 2.5733E-09 2.4699E-09 2.3760E-09 2.2807E-09 2.1951E-09 2.1070E-09 2.0283E-09
7.5366E-09 7.4610E-09 7.3987E-09 7.3502E-09 7.3113E-09 7.2839E-09 7.2675E-09 7.2575E-09 7.2556E-09 7.2580E-09 7.2636E-09 7.2700E-09 7.2728E-09 7.2764E-09 7.2787E-09 7.2642E-09 7.2068E-09 7.1710E-09 7.1431E-09 7.1008E-09 7.0428E-09 6.9752E-09 6.8932E-09 6.7948E-09 6.6807E-09 6.5546E-09 6.4087E-09 6.2531E-09 6.0864E-09 5.9092E-09 5.7243E-09 5.5355E-09 5.3455E-09 5.1579E-09 4.9733E-09 4.7934E-09 4.6201E-09 4.4494E-09 4.2851E-09 4.1231E-09 3.9652E-09 3.8097E-09 3.6599E-09 3.5114E-09 3.3691E-09 3.2209E-09 3.0790E-09 2.9566E-09 2.8283E-09 2.7121E-09 2.6073E-09 2.5014E-09 2.4058E-09 2.3084E-09 2.2214E-09 2.1313E-09 2.0514E-09
7.7563E-09 7.6303E-09 7.5422E-09 7.4686E-09 7.4105E-09 7.3633E-09 7.3284E-09 7.3046E-09 7.2878E-09 7.2794E-09 7.2745E-09 7.2720E-09 7.2668E-09 7.2650E-09 7.2640E-09 7.2552E-09 7.2112E-09 7.1527E-09 7.1241E-09 7.0846E-09 7.0301E-09 6.9665E-09 6.8904E-09 6.7984E-09 6.6910E-09 6.5719E-09 6.4329E-09 6.2841E-09 6.1240E-09 5.9534E-09 5.7737E-09 5.5897E-09 5.4013E-09 5.2126E-09 5.0267E-09 4.8438E-09 4.6671E-09 4.4945E-09 4.3293E-09 4.1667E-09 4.0088E-09 3.8529E-09 3.7027E-09 3.5536E-09 3.4104E-09 3.2601E-09 3.1164E-09 2.9917E-09 2.8609E-09 2.7438E-09 2.6351E-09 2.5270E-09 2.4293E-09 2.3305E-09 2.2419E-09 2.1506E-09 2.0695E-09
7.9835E-09 7.7947E-09 7.6819E-09 7.5834E-09 7.5006E-09 7.4346E-09 7.3804E-09 7.3394E-09 7.3092E-09 7.2866E-09 7.2719E-09 7.2585E-09 7.2448E-09 7.2363E-09 7.2314E-09 7.2220E-09 7.1968E-09 7.1273E-09 7.0845E-09 7.0467E-09 6.9967E-09 6.9353E-09 6.8647E-09 6.7788E-09 6.6779E-09 6.5625E-09 6.4374E-09 6.2916E-09 6.1383E-09 5.9745E-09 5.8016E-09 5.6224E-09 5.4390E-09 5.2516E-09 5.0657E-09 4.8818E-09 4.7030E-09 4.5276E-09 4.3604E-09 4.1976E-09 4.0398E-09 3.8840E-09 3.7339E-09 3.5851E-09 3.4415E-09 3.2907E-09 3.1455E-09 3.0197E-09 2.8866E-09 2.7692E-09 2.6568E-09 2.5498E-09 2.4475E-09 2.3483E-09 2.2572E-09 2.1646E-09 2.0827E-09
8.2182E-09 7.9881E-09 7.8153E-09 7.6924E-09 7.5857E-09 7.4960E-09 7.4239E-09 7.3641E-09 7.3183E-09 7.2825E-09 7.2553E-09 7.2311E-09 7.2072E-09 7.1921E-09 7.1824E-09 7.1697E-09 7.1501E-09 7.0913E-09 7.0271E-09 6.9913E-09 6.9420E-09 6.8833E-09 6.8181E-09 6.7379E-09 6.6431E-09 6.5342E-09 6.4134E-09 6.2771E-09 6.1307E-09 5.9741E-09 5.8076E-09 5.6343E-09 5.4565E-09 5.2741E-09 5.0902E-09 4.9067E-09 4.7271E-09 4.5502E-09 4.3809E-09 4.2164E-09 4.0590E-09 3.9035E-09 3.7539E-09 3.6057E-09 3.4629E-09 3.3118E-09 3.1666E-09 3.0400E-09 2.9057E-09 2.7898E-09 2.6727E-09 2.5655E-09 2.4599E-09 2.3612E-09 2.2670E-09 2.1769E-09 2.0911E-09
8.4555E-09 8.2078E-09 7.9726E-09 7.7940E-09 7.6638E-09 7.5512E-09 7.4568E-09 7.3802E-09 7.3165E-09 7.2671E-09 7.2267E-09 7.1903E-09 7.1560E-09 7.1336E-09 7.1188E-09 7.1021E-09 7.0818E-09 7.0417E-09 6.9611E-09 6.9169E-09 6.8684E-09 6.8144E-09 6.7522E-09 6.6776E-09 6.5887E-09 6.4861E-09 6.3704E-09 6.2474E-09 6.1030E-09 5.9533E-09 5.7938E-09 5.6266E-09 5.4549E-09 5.2781E-09 5.0992E-09 4.9182E-09 4.7394E-09 4.5621E-09 4.3918E-09 4.2259E-09 4.0671E-09 3.9121E-09 3.7633E-09 3.6161E-09 3.4742E-09 3.3242E-09 3.1791E-09 3.0529E-09 2.9180E-09 2.8013E-09 2.6829E-09 2.5758E-09 2.4675E-09 2.3688E-09 2.2723E-09 2.1824E-09 2.0947E-09
