Assets/Resources/2015_m01_d17_1200(utc+0800)_l00_csi_1hr_conc.grd
DSAA
         159         159
     -79.000      79.000
     -79.000      79.000
  0.0000E+00  0.1185E-05
[rows 50 to 74 of 159, columns 0 to 56 of 159]
1.7755E-10 2.0770E-10 2.4461E-10 2.8268E-10 3.2638E-10 3.7516E-10 4.1657E-10 4.6819E-10 5.1932E-10 5.7933E-10 6.4259E-10 7.1714E-10 8.0831E-10 9.0200E-10 1.0161E-09 1.1630E-09 1.3282E-09 1.5368E-09 1.7707E-09 2.0599E-09 2.3966E-09 2.7982E-09 3.2758E-09 3.8398E-09 4.5079E-09 5.2937E-09 6.2054E-09 7.2642E-09 8.5022E-09 9.9050E-09 1.1482E-08 1.3253E-08 1.5205E-08 1.7327E-08 1.9622E-08 2.2051E-08 2.4583E-08 2.7176E-08 2.9783E-08 3.2349E-08 3.4799E-08 3.7072E-08 3.9102E-08 4.0829E-08 4.2208E-08 4.3176E-08 4.3741E-08 4.3870E-08 4.3567E-08 4.2838E-08 4.1718E-08 4.0235E-08 3.8477E-08 3.6505E-08 3.4393E-08 3.2173E-08 2.9897E-08
1.6453E-10 1.9823E-10 2.2960E-10 2.7167E-10 3.0897E-10 3.5986E-10 4.0410E-10 4.5446E-10 5.0439E-10 5.6307E-10 6.2491E-10 6.9794E-10 7.8835E-10 8.8031E-10 9.9098E-10 1.1349E-09 1.3023E-09 1.5106E-09 1.7430E-09 2.0385E-09 2.3761E-09 2.7856E-09 3.2756E-09 3.8479E-09 4.5496E-09 5.3643E-09 6.3097E-09 7.4315E-09 8.7317E-09 1.0208E-08 1.1894E-08 1.3782E-08 1.5869E-08 1.8169E-08 2.0651E-08 2.3288E-08 2.6043E-08 2.8871E-08 3.1725E-08 3.4519E-08 3.7195E-08 3.9690E-08 4.1904E-08 4.3779E-08 4.5253E-08 4.6281E-08 4.6841E-08 4.6926E-08 4.6528E-08 4.5680E-08 4.4409E-08 4.2740E-08 4.0762E-08 3.8534E-08 3.6140E-08 3.3682E-08 3.1142E-08
1.5284E-10 1.8744E-10 2.1778E-10 2.5790E-10 2.9547E-10 3.4728E-10 3.9112E-10 4.4012E-10 4.8871E-10 5.4586E-10 6.0641E-10 6.7737E-10 7.6669E-10 8.5716E-10 9.6743E-10 1.1071E-09 1.2752E-09 1.4818E-09 1.7140E-09 2.0130E-09 2.3488E-09 2.7694E-09 3.2659E-09 3.8508E-09 4.5744E-09 5.4137E-09 6.4014E-09 7.5723E-09 8.9219E-09 1.0477E-08 1.2250E-08 1.4243E-08 1.6470E-08 1.8924E-08 2.1586E-08 2.4422E-08 2.7402E-08 3.0470E-08 3.3551E-08 3.6598E-08 3.9518E-08 4.2225E-08 4.4641E-08 4.6673E-08 4.8275E-08 4.9386E-08 4.9946E-08 4.9985E-08 4.9483E-08 4.8482E-08 4.7025E-08 4.5167E-08 4.2949E-08 4.0475E-08 3.7799E-08 3.5048E-08 3.2299E-08
1.3895E-10 1.7915E-10 2.0260E-10 2.4707E-10 2.8140E-10 3.3196E-10 3.7615E-10 4.2213E-10 4.7228E-10 5.2772E-10 5.8714E-10 6.5546E-10 7.4374E-10 8.3209E-10 9.4172E-10 1.0800E-09 1.2432E-09 1.4481E-09 1.6819E-09 1.9809E-09 2.3157E-09 2.7448E-09 3.2420E-09 3.8419E-09 4.5807E-09 5.4361E-09 6.4666E-09 7.6716E-09 9.0705E-09 1.0692E-08 1.2547E-08 1.4640E-08 1.6988E-08 1.9584E-08 2.2403E-08 2.5437E-08 2.8627E-08 3.1904E-08 3.5219E-08 3.8492E-08 4.1638E-08 4.4555E-08 4.7168E-08 4.9383E-08 5.1110E-08 5.2304E-08 5.2916E-08 5.2930E-08 5.2353E-08 5.1202E-08 4.9544E-08 4.7462E-08 4.5005E-08 4.2273E-08 3.9350E-08 3.6335E-08 3.3307E-08
1.3062E-10 1.6575E-10 1.9082E-10 2.3183E-10 2.6640E-10 3.1026E-10 3.5874E-10 4.0511E-10 4.5560E-10 5.0880E-10 5.6719E-10 6.3239E-10 7.1959E-10 8.0537E-10 9.1343E-10 1.0498E-09 1.2111E-09 1.4072E-09 1.6406E-09 1.9359E-09 2.2716E-09 2.7033E-09 3.1979E-09 3.8088E-09 4.5543E-09 5.4283E-09 6.4827E-09 7.7154E-09 9.1611E-09 1.0842E-08 1.2758E-08 1.4942E-08 1.7399E-08 2.0110E-08 2.3088E-08 2.6289E-08 2.9653E-08 3.3141E-08 3.6662E-08 4.0147E-08 4.3499E-08 4.6616E-08 4.9414E-08 5.1783E-08 5.3644E-08 5.4928E-08 5.5589E-08 5.5575E-08 5.4928E-08 5.3654E-08 5.1825E-08 4.9519E-08 4.6841E-08 4.3875E-08 4.0713E-08 3.7464E-08 3.4204E-08
1.1649E-10 1.5380E-10 1.8164E-10 2.1211E-10 2.5369E-10 2.8988E-10 3.4343E-10 3.8913E-10 4.3871E-10 4.8916E-10 5.4641E-10 6.0830E-10 6.9426E-10 7.7730E-10 8.8290E-10 1.0169E-09 1.1748E-09 1.3677E-09 1.5918E-09 1.8832E-09 2.2147E-09 2.6425E-09 3.1338E-09 3.7470E-09 4.4909E-09 5.3772E-09 6.4405E-09 7.6897E-09 9.1770E-09 1.0890E-08 1.2865E-08 1.5126E-08 1.7663E-08 2.0490E-08 2.3594E-08 2.6930E-08 3.0465E-08 3.4130E-08 3.7851E-08 4.1528E-08 4.5076E-08 4.8385E-08 5.1341E-08 5.3865E-08 5.5845E-08 5.7205E-08 5.7889E-08 5.7879E-08 5.7160E-08 5.5767E-08 5.3769E-08 5.1258E-08 4.8359E-08 4.5165E-08 4.1800E-08 3.8331E-08 3.4893E-08
1.0548E-10 1.3030E-10 1.6618E-10 1.9469E-10 2.3566E-10 2.7241E-10 3.2233E-10 3.6865E-10 4.1714E-10 4.6896E-10 5.2486E-10 5.8375E-10 6.6763E-10 7.4786E-10 8.4973E-10 9.8141E-10 1.1340E-09 1.3252E-09 1.5430E-09 1.8217E-09 2.1496E-09 2.5685E-09 3.0532E-09 3.6602E-09 4.3930E-09 5.2814E-09 6.3385E-09 7.5960E-09 9.0984E-09 1.0832E-08 1.2846E-08 1.5150E-08 1.7753E-08 2.0665E-08 2.3867E-08 2.7324E-08 3.1001E-08 3.4833E-08 3.8723E-08 4.2599E-08 4.6340E-08 4.9830E-08 5.2968E-08 5.5635E-08 5.7730E-08 5.9175E-08 5.9910E-08 5.9889E-08 5.9101E-08 5.7608E-08 5.5466E-08 5.2783E-08 4.9662E-08 4.6240E-08 4.2644E-08 3.8983E-08 3.5359E-08
9.2480E-11 1.2069E-10 1.5498E-10 1.8270E-10 2.2101E-10 2.5961E-10 3.0412E-10 3.5146E-10 3.9825E-10 4.4734E-10 5.0248E-10 5.5859E-10 6.3965E-10 7.1727E-10 8.1420E-10 9.4403E-10 1.0894E-09 1.2789E-09 1.4896E-09 1.7604E-09 2.0744E-09 2.4827E-09 2.9558E-09 3.5483E-09 4.2687E-09 5.1432E-09 6.1843E-09 7.4309E-09 8.9255E-09 1.0662E-08 1.2688E-08 1.5009E-08 1.7646E-08 2.0611E-08 2.3874E-08 2.7418E-08 3.1206E-08 3.5158E-08 3.9216E-08 4.3268E-08 4.7190E-08 5.0879E-08 5.4207E-08 5.7035E-08 5.9282E-08 6.0846E-08 6.1647E-08 6.1648E-08 6.0850E-08 5.9289E-08 5.7023E-08 5.4172E-08 5.0851E-08 4.7211E-08 4.3392E-08 3.9518E-08 3.5696E-08
8.4143E-11 1.1005E-10 1.4196E-10 1.7130E-10 2.0599E-10 2.3994E-10 2.7887E-10 3.2688E-10 3.7610E-10 4.2382E-10 4.7934E-10 5.3345E-10 6.1034E-10 6.8669E-10 7.7720E-10 9.0445E-10 1.0413E-09 1.2277E-09 1.4307E-09 1.6923E-09 1.9965E-09 2.3826E-09 2.8422E-09 3.4122E-09 4.1145E-09 4.9669E-09 5.9797E-09 7.2029E-09 8.6700E-09 1.0384E-08 1.2401E-08 1.4706E-08 1.7349E-08 2.0319E-08 2.3605E-08 2.7199E-08 3.1042E-08 3.5092E-08 3.9262E-08 4.3456E-08 4.7546E-08 5.1429E-08 5.4937E-08 5.7976E-08 6.0402E-08 6.2118E-08 6.3043E-08 6.3143E-08 6.2392E-08 6.0809E-08 5.8489E-08 5.5526E-08 5.2054E-08 4.8219E-08 4.4181E-08 4.0094E-08 3.6057E-08
6.5788E-11 8.9570E-11 1.1807E-10 1.5251E-10 1.7931E-10 2.2106E-10 2.5904E-10 3.0569E-10 3.5387E-10 4.0195E-10 4.5412E-10 5.0828E-10 5.8045E-10 6.5455E-10 7.3918E-10 8.6166E-10 9.9104E-10 1.1693E-09 1.3659E-09 1.6144E-09 1.9084E-09 2.2758E-09 2.7118E-09 3.2548E-09 3.9325E-09 4.7529E-09 5.7325E-09 6.9153E-09 8.3393E-09 1.0011E-08 1.1979E-08 1.4250E-08 1.6858E-08 1.9794E-08 2.3066E-08 2.6653E-08 3.0513E-08 3.4600E-08 3.8841E-08 4.3122E-08 4.7362E-08 5.1387E-08 5.5091E-08 5.8325E-08 6.0955E-08 6.2851E-08 6.3962E-08 6.4203E-08 6.3567E-08 6.2070E-08 5.9778E-08 5.6787E-08 5.3232E-08 4.9276E-08 4.5088E-08 4.0830E-08 3.6613E-08
5.4798E-11 8.1271E-11 1.0723E-10 1.4088E-10 1.6837E-10 2.0346E-10 2.4058E-10 2.8358E-10 3.2874E-10 3.7592E-10 4.2702E-10 4.8110E-10 5.5045E-10 6.2117E-10 7.0096E-10 8.1601E-10 9.3880E-10 1.1046E-09 1.2944E-09 1.5276E-09 1.8087E-09 2.1572E-09 2.5745E-09 3.0817E-09 3.7287E-09 4.5087E-09 5.4444E-09 6.5780E-09 7.9404E-09 9.5478E-09 1.1447E-08 1.3642E-08 1.6186E-08 1.9049E-08 2.2259E-08 2.5789E-08 2.9616E-08 3.3691E-08 3.7933E-08 4.2271E-08 4.6581E-08 5.0726E-08 5.4583E-08 5.8000E-08 6.0817E-08 6.2944E-08 6.4246E-08 6.4696E-08 6.4242E-08 6.2912E-08 6.0737E-08 5.7811E-08 5.4290E-08 5.0315E-08 4.6055E-08 4.1662E-08 3.7310E-08
4.0727E-11 6.8425E-11 9.2076E-11 1.2555E-10 1.5002E-10 1.8282E-10 2.1977E-10 2.6269E-10 3.0575E-10 3.5393E-10 4.0253E-10 4.5514E-10 5.1956E-10 5.8627E-10 6.6091E-10 7.6696E-10 8.8322E-10 1.0348E-09 1.2165E-09 1.4334E-09 1.7019E-09 2.0266E-09 2.4245E-09 2.9017E-09 3.5065E-09 4.2429E-09 5.1238E-09 6.1962E-09 7.4860E-09 9.0129E-09 1.0817E-08 1.2914E-08 1.5346E-08 1.8106E-08 2.1206E-08 2.4628E-08 2.8361E-08 3.2363E-08 3.6553E-08 4.0873E-08 4.5193E-08 4.9404E-08 5.3371E-08 5.6910E-08 5.9929E-08 6.2252E-08 6.3809E-08 6.4487E-08 6.4300E-08 6.3203E-08 6.1251E-08 5.8526E-08 5.5147E-08 5.1252E-08 4.7032E-08 4.2644E-08 3.8237E-08
3.3921E-11 5.2270E-11 7.6556E-11 1.0153E-10 1.3420E-10 1.6193E-10 1.9778E-10 2.3360E-10 2.8068E-10 3.2252E-10 3.7265E-10 4.2404E-10 4.8801E-10 5.4935E-10 6.2000E-10 7.1574E-10 8.2498E-10 9.6237E-10 1.1354E-09 1.3364E-09 1.5854E-09 1.8936E-09 2.2601E-09 2.7108E-09 3.2754E-09 3.9628E-09 4.7792E-09 5.7819E-09 6.9873E-09 8.4213E-09 1.0112E-08 1.2087E-08 1.4378E-08 1.6985E-08 1.9938E-08 2.3205E-08 2.6789E-08 3.0648E-08 3.4717E-08 3.8949E-08 4.3204E-08 4.7411E-08 5.1394E-08 5.5036E-08 5.8178E-08 6.0718E-08 6.2499E-08 6.3481E-08 6.3588E-08 6.2827E-08 6.1199E-08 5.8800E-08 5.5675E-08 5.2035E-08 4.8011E-08 4.3751E-08 3.9392E-08
2.5146E-11 3.7511E-11 6.5953E-11 8.7238E-11 1.2071E-10 1.4421E-10 1.8091E-10 2.1252E-10 2.5446E-10 2.9806E-10 3.4572E-10 3.9406E-10 4.5562E-10 5.1068E-10 5.7795E-10 6.6465E-10 7.6577E-10 8.9426E-10 1.0495E-09 1.2398E-09 1.4674E-09 1.7545E-09 2.0910E-09 2.5120E-09 3.0284E-09 3.6720E-09 4.4206E-09 5.3490E-09 6.4662E-09 7.7957E-09 9.3646E-09 1.1195E-08 1.3322E-08 1.5747E-08 1.8496E-08 2.1563E-08 2.4944E-08 2.8591E-08 3.2475E-08 3.6531E-08 4.0649E-08 4.4753E-08 4.8685E-08 5.2337E-08 5.5573E-08 5.8252E-08 6.0278E-08 6.1550E-08 6.2004E-08 6.1624E-08 6.0442E-08 5.8453E-08 5.5779E-08 5.2547E-08 4.8875E-08 4.4914E-08 4.0766E-08
1.5092E-11 2.7079E-11 4.5527E-11 7.0453E-11 9.6202E-11 1.2886E-10 1.5102E-10 1.9251E-10 2.2240E-10 2.6988E-10 3.0623E-10 3.5550E-10 4.1304E-10 4.6597E-10 5.3143E-10 6.1211E-10 7.0788E-10 8.2494E-10 9.6284E-10 1.1441E-09 1.3446E-09 1.6164E-09 1.9146E-09 2.3055E-09 2.7743E-09 3.3654E-09 4.0519E-09 4.8966E-09 5.9257E-09 7.1401E-09 8.5853E-09 1.0258E-08 1.2211E-08 1.4438E-08 1.6967E-08 1.9796E-08 2.2925E-08 2.6317E-08 2.9942E-08 3.3735E-08 3.7627E-08 4.1522E-08 4.5311E-08 4.8878E-08 5.2116E-08 5.4883E-08 5.7096E-08 5.8642E-08 5.9455E-08 5.9527E-08 5.8821E-08 5.7380E-08 5.5293E-08 5.2641E-08 4.9508E-08 4.6019E-08 4.2278E-08
9.0942E-12 2.3124E-11 3.4764E-11 6.1380E-11 8.2806E-11 1.1528E-10 1.3572E-10 1.7394E-10 2.0240E-10 2.4196E-10 2.8094E-10 3.2422E-10 3.7955E-10 4.3065E-10 4.8938E-10 5.6599E-10 6.4449E-10 7.5641E-10 8.7061E-10 1.0390E-09 1.2159E-09 1.4660E-09 1.7352E-09 2.0953E-09 2.5187E-09 3.0530E-09 3.6742E-09 4.4332E-09 5.3625E-09 6.4588E-09 7.7668E-09 9.2805E-09 1.1056E-08 1.3073E-08 1.5378E-08 1.7948E-08 2.0795E-08 2.3899E-08 2.7211E-08 3.0700E-08 3.4278E-08 3.7909E-08 4.1454E-08 4.4859E-08 4.7999E-08 5.0765E-08 5.3086E-08 5.4848E-08 5.5997E-08 5.6501E-08 5.6308E-08 5.5508E-08 5.4101E-08 5.2156E-08 4.9716E-08 4.6900E-08 4.3767E-08
6.6050E-12 1.1467E-11 2.4063E-11 4.3105E-11 6.5302E-11 9.1656E-11 1.2188E-10 1.4837E-10 1.8341E-10 2.1287E-10 2.5821E-10 2.9490E-10 3.4987E-10 3.9845E-10 4.5224E-10 5.2389E-10 5.9202E-10 6.9423E-10 7.9410E-10 9.4331E-10 1.1036E-09 1.3233E-09 1.5674E-09 1.8794E-09 2.2667E-09 2.7350E-09 3.2946E-09 3.9649E-09 4.7930E-09 5.7614E-09 6.9280E-09 8.2820E-09 9.8566E-09 1.1661E-08 1.3716E-08 1.6012E-08 1.8569E-08 2.1345E-08 2.4335E-08 2.7478E-08 3.0729E-08 3.4031E-08 3.7295E-08 4.0458E-08 4.3430E-08 4.6119E-08 4.8472E-08 5.0357E-08 5.1796E-08 5.2692E-08 5.3036E-08 5.2872E-08 5.2190E-08 5.1000E-08 4.9386E-08 4.7376E-08 4.5054E-08
4.8571E-12 8.9956E-12 1.8358E-11 2.9268E-11 5.1269E-11 7.4901E-11 1.0330E-10 1.2593E-10 1.5714E-10 1.8990E-10 2.2638E-10 2.6736E-10 3.1411E-10 3.6322E-10 4.1342E-10 4.8112E-10 5.4399E-10 6.3076E-10 7.2396E-10 8.4774E-10 9.9524E-10 1.1836E-09 1.4017E-09 1.6738E-09 2.0152E-09 2.4249E-09 2.9177E-09 3.5009E-09 4.2276E-09 5.0710E-09 6.0933E-09 7.2736E-09 8.6581E-09 1.0233E-08 1.2029E-08 1.4047E-08 1.6279E-08 1.8724E-08 2.1347E-08 2.4132E-08 2.7009E-08 2.9960E-08 3.2903E-08 3.5799E-08 3.8553E-08 4.1126E-08 4.3420E-08 4.5411E-08 4.7053E-08 4.8272E-08 4.9121E-08 4.9535E-08 4.9545E-08 4.9134E-08 4.8375E-08 4.7276E-08 4.5918E-08
1.6365E-12 6.5236E-12 1.1281E-11 2.2746E-11 3.6056E-11 5.8844E-11 8.2480E-11 1.0964E-10 1.3722E-10 1.6813E-10 1.9820E-10 2.3906E-10 2.8397E-10 3.2599E-10 3.7426E-10 4.3309E-10 4.9653E-10 5.6920E-10 6.5681E-10 7.5811E-10 8.8678E-10 1.0500E-09 1.2414E-09 1.4748E-09 1.7728E-09 2.1249E-09 2.5490E-09 3.0536E-09 3.6779E-09 4.4045E-09 5.2746E-09 6.2933E-09 7.4780E-09 8.8288E-09 1.0371E-08 1.2093E-08 1.4014E-08 1.6107E-08 1.8358E-08 2.0767E-08 2.3259E-08 2.5850E-08 2.8446E-08 3.1020E-08 3.3536E-08 3.5910E-08 3.8126E-08 4.0113E-08 4.1878E-08 4.3372E-08 4.4579E-08 4.5493E-08 4.6091E-08 4.6422E-08 4.6490E-08 4.6343E-08 4.6027E-08
0.0000E+00 3.2977E-12 6.7595E-12 1.3568E-11 2.3618E-11 4.3407E-11 6.6978E-11 9.1714E-11 1.1646E-10 1.4693E-10 1.7720E-10 2.1282E-10 2.5585E-10 2.9232E-10 3.3776E-10 3.9066E-10 4.4642E-10 5.1418E-10 5.8517E-10 6.7831E-10 7.8200E-10 9.2586E-10 1.0872E-09 1.2884E-09 1.5407E-09 1.8423E-09 2.1993E-09 2.6290E-09 3.1568E-09 3.7701E-09 4.5094E-09 5.3493E-09 6.3594E-09 7.4865E-09 8.7830E-09 1.0225E-08 1.1834E-08 1.3588E-08 1.5483E-08 1.7511E-08 1.9643E-08 2.1855E-08 2.4084E-08 2.6337E-08 2.8562E-08 3.0700E-08 3.2769E-08 3.4690E-08 3.6490E-08 3.8097E-08 3.9530E-08 4.0797E-08 4.1859E-08 4.2795E-08 4.3595E-08 4.4321E-08 4.5001E-08
0.0000E+00 0.0000E+00 6.3844E-12 9.2728E-12 1.7676E-11 2.6868E-11 4.8432E-11 6.9430E-11 9.7941E-11 1.1978E-10 1.5281E-10 1.8198E-10 2.2456E-10 2.6189E-10 3.0044E-10 3.5046E-10 3.9925E-10 4.5942E-10 5.1927E-10 6.0072E-10 6.8556E-10 8.0579E-10 9.4182E-10 1.1127E-09 1.3233E-09 1.5778E-09 1.8747E-09 2.2334E-09 2.6716E-09 3.1808E-09 3.7936E-09 4.4899E-09 5.3143E-09 6.2418E-09 7.3112E-09 8.4878E-09 9.8119E-09 1.1245E-08 1.2815E-08 1.4486E-08 1.6259E-08 1.8116E-08 1.9996E-08 2.1909E-08 2.3819E-08 2.5705E-08 2.7560E-08 2.9327E-08 3.1042E-08 3.2641E-08 3.4163E-08 3.5609E-08 3.6982E-08 3.8341E-08 3.9706E-08 4.1130E-08 4.2651E-08
0.0000E+00 0.0000E+00 1.6688E-12 6.5791E-12 1.1476E-11 1.9679E-11 3.7160E-11 5.6069E-11 8.1148E-11 1.0116E-10 1.3010E-10 1.5663E-10 1.9705E-10 2.2844E-10 2.6699E-10 3.0676E-10 3.5406E-10 4.0547E-10 4.6072E-10 5.2603E-10 6.0150E-10 6.9659E-10 8.1141E-10 9.5318E-10 1.1270E-09 1.3349E-09 1.5813E-09 1.8715E-09 2.2329E-09 2.6464E-09 3.1447E-09 3.7157E-09 4.3783E-09 5.1330E-09 5.9862E-09 6.9367E-09 7.9926E-09 9.1645E-09 1.0415E-08 1.1785E-08 1.3216E-08 1.4730E-08 1.6278E-08 1.7870E-08 1.9469E-08 2.1066E-08 2.2656E-08 2.4200E-08 2.5740E-08 2.7227E-08 2.8706E-08 3.0190E-08 3.1687E-08 3.3280E-08 3.4982E-08 3.6857E-08 3.8968E-08
0.0000E+00 0.0000E+00 0.0000E+00 3.3218E-12 6.7549E-12 1.3606E-11 2.0392E-11 3.9931E-11 5.9655E-11 8.4828E-11 1.0448E-10 1.3597E-10 1.6106E-10 1.9677E-10 2.3013E-10 2.6874E-10 3.0440E-10 3.5376E-10 4.0091E-10 4.5725E-10 5.1804E-10 5.9714E-10 6.8616E-10 8.0653E-10 9.4653E-10 1.1148E-09 1.3176E-09 1.5524E-09 1.8420E-09 2.1742E-09 2.5731E-09 3.0314E-09 3.5604E-09 4.1631E-09 4.8378E-09 5.5882E-09 6.4259E-09 7.3573E-09 8.3385E-09 9.4333E-09 1.0561E-08 1.1773E-08 1.3005E-08 1.4290E-08 1.5590E-08 1.6883E-08 1.8185E-08 1.9470E-08 2.0783E-08 2.2074E-08 2.3414E-08 2.4812E-08 2.6274E-08 2.7899E-08 2.9707E-08 3.1752E-08 3.4121E-08
0.0000E+00 0.0000E+00 0.0000E+00 0.0000E+00 4.9340E-12 7.1073E-12 1.5484E-11 2.1204E-11 4.2339E-11 6.1314E-11 8.7944E-11 1.0645E-10 1.3933E-10 1.6235E-10 2.0091E-10 2.2853E-10 2.6578E-10 2.9763E-10 3.4259E-10 3.8429E-10 4.3800E-10 4.9727E-10 5.7316E-10 6.5905E-10 7.7741E-10 9.0828E-10 1.0746E-09 1.2646E-09 1.4943E-09 1.7632E-09 2.0794E-09 2.4452E-09 2.8611E-09 3.3366E-09 3.8650E-09 4.4654E-09 5.1150E-09 5.8265E-09 6.5973E-09 7.4402E-09 8.3098E-09 9.2555E-09 1.0204E-08 1.1197E-08 1.2209E-08 1.3221E-08 1.4250E-08 1.5261E-08 1.6330E-08 1.7386E-08 1.8522E-08 1.9730E-08 2.1044E-08 2.2531E-08 2.4232E-08 2.6190E-08 2.8493E-08
0.0000E+00 0.0000E+00 0.0000E+00 0.0000E+00 1.6590E-12 6.4791E-12 1.1232E-11 1.5783E-11 3.0356E-11 4.3024E-11 6.9168E-11 8.8951E-11 1.1314E-10 1.3962E-10 1.6845E-10 1.9896E-10 2.2784E-10 2.6199E-10 2.9333E-10 3.3595E-10 3.7738E-10 4.2686E-10 4.8005E-10 5.4493E-10 6.2499E-10 7.3215E-10 8.5416E-10 1.0064E-09 1.1777E-09 1.3884E-09 1.6268E-09 1.9098E-09 2.2308E-09 2.6018E-09 3.0208E-09 3.4880E-09 4.0042E-09 4.5531E-09 5.1416E-09 5.7763E-09 6.4469E-09 7.1438E-09 7.8723E-09 8.6000E-09 9.3500E-09 1.0092E-08 1.0869E-08 1.1627E-08 1.2453E-08 1.3276E-08 1.4177E-08 1.5154E-08 1.6242E-08 1.7495E-08 1.8940E-08 2.0601E-08 2.2595E-08
