Assets/Resources/2015_m01_d21_0800(utc+0800)_l00_csi_1hr_conc.grd
DSAA
         159         159
     -79.000      79.000
     -79.000      79.000
  0.1110E-08  0.2341E-04
[rows 100 to 124 of 159, columns 0 to 56 of 159]
4.0023E-09 4.1213E-09 4.2416E-09 4.3624E-09 4.4838E-09 4.6057E-09 4.7282E-09 4.8503E-09 4.9726E-09 5.0951E-09 5.2168E-09 5.3387E-09 5.4594E-09 5.5795E-09 5.6986E-09 5.8167E-09 5.9332E-09 6.0484E-09 6.1620E-09 6.2735E-09 6.3833E-09 6.4908E-09 6.5960E-09 6.6985E-09 6.7984E-09 6.8959E-09 6.9903E-09 7.0814E-09 7.1701E-09 7.2549E-09 7.3368E-09 7.4156E-09 7.4911E-09 7.5633E-09 7.6323E-09 7.6978E-09 7.7595E-09 7.8182E-09 7.8735E-09 7.9253E-09 7.9735E-09 8.0178E-09 8.0589E-09 8.0965E-09 8.1301E-09 8.1598E-09 8.1859E-09 8.2104E-09 8.2316E-09 8.2484E-09 8.2620E-09 8.2714E-09 8.2777E-09 8.2822E-09 8.2862E-09 8.2863E-09 8.2815E-09
3.9616E-09 4.0797E-09 4.1983E-09 4.3178E-09 4.4382E-09 4.5585E-09 4.6799E-09 4.8008E-09 4.9221E-09 5.0431E-09 5.1638E-09 5.2840E-09 5.4037E-09 5.5227E-09 5.6404E-09 5.7576E-09 5.8730E-09 5.9872E-09 6.0998E-09 6.2103E-09 6.3191E-09 6.4254E-09 6.5296E-09 6.6315E-09 6.7306E-09 6.8271E-09 6.9204E-09 7.0111E-09 7.0987E-09 7.1832E-09 7.2645E-09 7.3422E-09 7.4176E-09 7.4888E-09 7.5572E-09 7.6222E-09 7.6839E-09 7.7422E-09 7.7966E-09 7.8480E-09 7.8959E-09 7.9401E-09 7.9810E-09 8.0183E-09 8.0516E-09 8.0815E-09 8.1074E-09 8.1298E-09 8.1507E-09 8.1682E-09 8.1825E-09 8.1918E-09 8.1981E-09 8.2012E-09 8.2026E-09 8.2025E-09 8.2009E-09
3.9196E-09 4.0367E-09 4.1539E-09 4.2723E-09 4.3911E-09 4.5104E-09 4.6300E-09 4.7498E-09 4.8696E-09 4.9893E-09 5.1090E-09 5.2277E-09 5.3464E-09 5.4642E-09 5.5808E-09 5.6968E-09 5.8111E-09 5.9242E-09 6.0355E-09 6.1452E-09 6.2530E-09 6.3586E-09 6.4617E-09 6.5626E-09 6.6609E-09 6.7562E-09 6.8490E-09 6.9389E-09 7.0258E-09 7.1095E-09 7.1902E-09 7.2674E-09 7.3416E-09 7.4128E-09 7.4807E-09 7.5452E-09 7.6060E-09 7.6638E-09 7.7182E-09 7.7692E-09 7.8167E-09 7.8607E-09 7.9008E-09 7.9378E-09 7.9714E-09 8.0014E-09 8.0272E-09 8.0495E-09 8.0682E-09 8.0855E-09 8.0996E-09 8.1107E-09 8.1169E-09 8.1200E-09 8.1202E-09 8.1174E-09 8.1157E-09
3.8770E-09 3.9921E-09 4.1082E-09 4.2251E-09 4.3425E-09 4.4607E-09 4.5787E-09 4.6976E-09 4.8159E-09 4.9340E-09 5.0526E-09 5.1701E-09 5.2873E-09 5.4041E-09 5.5195E-09 5.6341E-09 5.7475E-09 5.8595E-09 5.9697E-09 6.0784E-09 6.1852E-09 6.2896E-09 6.3919E-09 6.4920E-09 6.5891E-09 6.6838E-09 6.7757E-09 6.8648E-09 6.9506E-09 7.0337E-09 7.1137E-09 7.1906E-09 7.2644E-09 7.3349E-09 7.4019E-09 7.4659E-09 7.5266E-09 7.5841E-09 7.6381E-09 7.6883E-09 7.7355E-09 7.7791E-09 7.8193E-09 7.8557E-09 7.8890E-09 7.9189E-09 7.9454E-09 7.9675E-09 7.9862E-09 8.0014E-09 8.0144E-09 8.0263E-09 8.0342E-09 8.0374E-09 8.0376E-09 8.0350E-09 8.0294E-09
3.8329E-09 3.9465E-09 4.0617E-09 4.1769E-09 4.2929E-09 4.4097E-09 4.5264E-09 4.6437E-09 4.7608E-09 4.8778E-09 4.9947E-09 5.1111E-09 5.2271E-09 5.3423E-09 5.4568E-09 5.5702E-09 5.6822E-09 5.7933E-09 5.9024E-09 6.0100E-09 6.1157E-09 6.2191E-09 6.3205E-09 6.4196E-09 6.5159E-09 6.6098E-09 6.7008E-09 6.7887E-09 6.8741E-09 6.9565E-09 7.0358E-09 7.1122E-09 7.1849E-09 7.2549E-09 7.3218E-09 7.3854E-09 7.4457E-09 7.5022E-09 7.5559E-09 7.6061E-09 7.6530E-09 7.6959E-09 7.7359E-09 7.7724E-09 7.8051E-09 7.8348E-09 7.8611E-09 7.8840E-09 7.9027E-09 7.9179E-09 7.9299E-09 7.9397E-09 7.9485E-09 7.9535E-09 7.9538E-09 7.9512E-09 7.9458E-09
3.7879E-09 3.9002E-09 4.0135E-09 4.1275E-09 4.2422E-09 4.3573E-09 4.4728E-09 4.5885E-09 4.7042E-09 4.8201E-09 4.9354E-09 5.0508E-09 5.1654E-09 5.2792E-09 5.3926E-09 5.5048E-09 5.6156E-09 5.7256E-09 5.8335E-09 5.9400E-09 6.0447E-09 6.1471E-09 6.2476E-09 6.3454E-09 6.4410E-09 6.5341E-09 6.6240E-09 6.7114E-09 6.7960E-09 6.8773E-09 6.9560E-09 7.0317E-09 7.1043E-09 7.1737E-09 7.2397E-09 7.3028E-09 7.3627E-09 7.4192E-09 7.4721E-09 7.5220E-09 7.5686E-09 7.6116E-09 7.6509E-09 7.6872E-09 7.7201E-09 7.7492E-09 7.7755E-09 7.7982E-09 7.8177E-09 7.8330E-09 7.8450E-09 7.8539E-09 7.8597E-09 7.8667E-09 7.8688E-09 7.8664E-09 7.8612E-09
3.7418E-09 3.8527E-09 3.9643E-09 4.0771E-09 4.1903E-09 4.3038E-09 4.4180E-09 4.5323E-09 4.6465E-09 4.7612E-09 4.8751E-09 4.9889E-09 5.1025E-09 5.2149E-09 5.3269E-09 5.4381E-09 5.5476E-09 5.6562E-09 5.7632E-09 5.8687E-09 5.9720E-09 6.0736E-09 6.1731E-09 6.2700E-09 6.3647E-09 6.4566E-09 6.5460E-09 6.6326E-09 6.7161E-09 6.7970E-09 6.8750E-09 6.9501E-09 7.0217E-09 7.0906E-09 7.1565E-09 7.2191E-09 7.2782E-09 7.3344E-09 7.3873E-09 7.4364E-09 7.4827E-09 7.5255E-09 7.5650E-09 7.6007E-09 7.6334E-09 7.6628E-09 7.6885E-09 7.7112E-09 7.7307E-09 7.7468E-09 7.7589E-09 7.7679E-09 7.7739E-09 7.7769E-09 7.7800E-09 7.7804E-09 7.7754E-09
3.6945E-09 3.8042E-09 3.9144E-09 4.0255E-09 4.1374E-09 4.2494E-09 4.3620E-09 4.4751E-09 4.5881E-09 4.7007E-09 4.8137E-09 4.9261E-09 5.0381E-09 5.1495E-09 5.2601E-09 5.3698E-09 5.4784E-09 5.5858E-09 5.6916E-09 5.7957E-09 5.8982E-09 5.9988E-09 6.0970E-09 6.1932E-09 6.2870E-09 6.3780E-09 6.4663E-09 6.5521E-09 6.6351E-09 6.7152E-09 6.7923E-09 6.8667E-09 6.9381E-09 7.0061E-09 7.0715E-09 7.1337E-09 7.1927E-09 7.2481E-09 7.3007E-09 7.3499E-09 7.3954E-09 7.4381E-09 7.4773E-09 7.5133E-09 7.5450E-09 7.5748E-09 7.6012E-09 7.6230E-09 7.6420E-09 7.6586E-09 7.6716E-09 7.6808E-09 7.6869E-09 7.6901E-09 7.6904E-09 7.6899E-09 7.6887E-09
3.6467E-09 3.7547E-09 3.8635E-09 3.9731E-09 4.0834E-09 4.1942E-09 4.3053E-09 4.4167E-09 4.5282E-09 4.6396E-09 4.7512E-09 4.8623E-09 4.9726E-09 5.0829E-09 5.1923E-09 5.3004E-09 5.4080E-09 5.5142E-09 5.6186E-09 5.7217E-09 5.8232E-09 5.9227E-09 6.0199E-09 6.1148E-09 6.2077E-09 6.2981E-09 6.3858E-09 6.4706E-09 6.5529E-09 6.6320E-09 6.7085E-09 6.7820E-09 6.8529E-09 6.9207E-09 6.9851E-09 7.0469E-09 7.1055E-09 7.1609E-09 7.2128E-09 7.2617E-09 7.3078E-09 7.3494E-09 7.3885E-09 7.4242E-09 7.4567E-09 7.4851E-09 7.5115E-09 7.5345E-09 7.5531E-09 7.5689E-09 7.5824E-09 7.5926E-09 7.5989E-09 7.6023E-09 7.6029E-09 7.6006E-09 7.5956E-09
3.5981E-09 3.7043E-09 3.8118E-09 3.9200E-09 4.0285E-09 4.1380E-09 4.2476E-09 4.3573E-09 4.4676E-09 4.5776E-09 4.6875E-09 4.7971E-09 4.9064E-09 5.0151E-09 5.1231E-09 5.2302E-09 5.3363E-09 5.4412E-09 5.5447E-09 5.6467E-09 5.7467E-09 5.8452E-09 5.9416E-09 6.0358E-09 6.1275E-09 6.2167E-09 6.3036E-09 6.3879E-09 6.4691E-09 6.5478E-09 6.6237E-09 6.6964E-09 6.7664E-09 6.8337E-09 6.8980E-09 6.9589E-09 7.0172E-09 7.0726E-09 7.1241E-09 7.1724E-09 7.2178E-09 7.2604E-09 7.2985E-09 7.3341E-09 7.3665E-09 7.3957E-09 7.4207E-09 7.4438E-09 7.4632E-09 7.4791E-09 7.4914E-09 7.5021E-09 7.5099E-09 7.5136E-09 7.5144E-09 7.5124E-09 7.5077E-09
3.5487E-09 3.6534E-09 3.7592E-09 3.8660E-09 3.9730E-09 4.0808E-09 4.1891E-09 4.2973E-09 4.4059E-09 4.5147E-09 4.6229E-09 4.7311E-09 4.8392E-09 4.9463E-09 5.0529E-09 5.1590E-09 5.2638E-09 5.3672E-09 5.4698E-09 5.5703E-09 5.6695E-09 5.7668E-09 5.8619E-09 5.9552E-09 6.0462E-09 6.1345E-09 6.2205E-09 6.3040E-09 6.3845E-09 6.4622E-09 6.5375E-09 6.6099E-09 6.6791E-09 6.7456E-09 6.8098E-09 6.8706E-09 6.9277E-09 6.9824E-09 7.0343E-09 7.0823E-09 7.1267E-09 7.1691E-09 7.2083E-09 7.2430E-09 7.2749E-09 7.3044E-09 7.3303E-09 7.3521E-09 7.3716E-09 7.3883E-09 7.4013E-09 7.4108E-09 7.4183E-09 7.4239E-09 7.4250E-09 7.4234E-09 7.4190E-09
3.4985E-09 3.6018E-09 3.7061E-09 3.8111E-09 3.9168E-09 4.0230E-09 4.1294E-09 4.2365E-09 4.3436E-09 4.4505E-09 4.5577E-09 4.6645E-09 4.7707E-09 4.8769E-09 4.9822E-09 5.0866E-09 5.1902E-09 5.2925E-09 5.3936E-09 5.4933E-09 5.5912E-09 5.6875E-09 5.7816E-09 5.8738E-09 5.9638E-09 6.0512E-09 6.1362E-09 6.2188E-09 6.2988E-09 6.3759E-09 6.4502E-09 6.5220E-09 6.5910E-09 6.6568E-09 6.7197E-09 6.7806E-09 6.8380E-09 6.8915E-09 6.9428E-09 6.9913E-09 7.0359E-09 7.0769E-09 7.1159E-09 7.1517E-09 7.1832E-09 7.2113E-09 7.2381E-09 7.2608E-09 7.2795E-09 7.2951E-09 7.3099E-09 7.3201E-09 7.3269E-09 7.3310E-09 7.3345E-09 7.3336E-09 7.3296E-09
3.4477E-09 3.5497E-09 3.6524E-09 3.7556E-09 3.8600E-09 3.9644E-09 4.0695E-09 4.1751E-09 4.2804E-09 4.3860E-09 4.4918E-09 4.5969E-09 4.7019E-09 4.8067E-09 4.9104E-09 5.0135E-09 5.1159E-09 5.2168E-09 5.3166E-09 5.4150E-09 5.5119E-09 5.6070E-09 5.7003E-09 5.7913E-09 5.8803E-09 5.9670E-09 6.0511E-09 6.1327E-09 6.2119E-09 6.2886E-09 6.3622E-09 6.4331E-09 6.5016E-09 6.5672E-09 6.6296E-09 6.6891E-09 6.7466E-09 6.8006E-09 6.8507E-09 6.8986E-09 6.9437E-09 6.9850E-09 7.0226E-09 7.0579E-09 7.0906E-09 7.1192E-09 7.1442E-09 7.1675E-09 7.1875E-09 7.2033E-09 7.2161E-09 7.2277E-09 7.2357E-09 7.2400E-09 7.2416E-09 7.2423E-09 7.2395E-09
3.3965E-09 3.4967E-09 3.5978E-09 3.6997E-09 3.8023E-09 3.9054E-09 4.0089E-09 4.1127E-09 4.2168E-09 4.3209E-09 4.4247E-09 4.5288E-09 4.6324E-09 4.7355E-09 4.8380E-09 4.9398E-09 5.0407E-09 5.1405E-09 5.2391E-09 5.3363E-09 5.4317E-09 5.5258E-09 5.6180E-09 5.7081E-09 5.7960E-09 5.8818E-09 5.9653E-09 6.0460E-09 6.1242E-09 6.2001E-09 6.2734E-09 6.3437E-09 6.4110E-09 6.4764E-09 6.5386E-09 6.5977E-09 6.6535E-09 6.7076E-09 6.7586E-09 6.8055E-09 6.8496E-09 6.8914E-09 6.9298E-09 6.9642E-09 6.9964E-09 7.0258E-09 7.0514E-09 7.0734E-09 7.0931E-09 7.1107E-09 7.1237E-09 7.1339E-09 7.1412E-09 7.1484E-09 7.1503E-09 7.1496E-09 7.1462E-09
3.3449E-09 3.4435E-09 3.5428E-09 3.6433E-09 3.7443E-09 3.8456E-09 3.9476E-09 4.0499E-09 4.1524E-09 4.2550E-09 4.3575E-09 4.4599E-09 4.5620E-09 4.6638E-09 4.7649E-09 4.8653E-09 4.9648E-09 5.0633E-09 5.1606E-09 5.2567E-09 5.3511E-09 5.4438E-09 5.5349E-09 5.6243E-09 5.7111E-09 5.7958E-09 5.8783E-09 5.9586E-09 6.0360E-09 6.1109E-09 6.1835E-09 6.2535E-09 6.3205E-09 6.3845E-09 6.4466E-09 6.5055E-09 6.5613E-09 6.6138E-09 6.6646E-09 6.7124E-09 6.7559E-09 6.7964E-09 6.8354E-09 6.8706E-09 6.9019E-09 6.9301E-09 6.9570E-09 6.9799E-09 6.9990E-09 7.0150E-09 7.0303E-09 7.0412E-09 7.0488E-09 7.0536E-09 7.0580E-09 7.0581E-09 7.0551E-09
3.2924E-09 3.3897E-09 3.4876E-09 3.5863E-09 3.6857E-09 3.7856E-09 3.8860E-09 3.9867E-09 4.0877E-09 4.1885E-09 4.2896E-09 4.3905E-09 4.4912E-09 4.5914E-09 4.6911E-09 4.7902E-09 4.8883E-09 4.9856E-09 5.0816E-09 5.1763E-09 5.2697E-09 5.3614E-09 5.4512E-09 5.5395E-09 5.6256E-09 5.7093E-09 5.7908E-09 5.8701E-09 5.9471E-09 6.0213E-09 6.0927E-09 6.1623E-09 6.2291E-09 6.2928E-09 6.3536E-09 6.4121E-09 6.4681E-09 6.5206E-09 6.5699E-09 6.6170E-09 6.6619E-09 6.7023E-09 6.7396E-09 6.7751E-09 6.8076E-09 6.8359E-09 6.8611E-09 6.8846E-09 6.9050E-09 6.9213E-09 6.9348E-09 6.9466E-09 6.9558E-09 6.9610E-09 6.9636E-09 6.9635E-09 6.9635E-09
3.2400E-09 3.3357E-09 3.4317E-09 3.5288E-09 3.6266E-09 3.7250E-09 3.8238E-09 3.9229E-09 4.0224E-09 4.1219E-09 4.2214E-09 4.3208E-09 4.4200E-09 4.5188E-09 4.6169E-09 4.7148E-09 4.8116E-09 4.9072E-09 5.0020E-09 5.0955E-09 5.1876E-09 5.2782E-09 5.3672E-09 5.4539E-09 5.5393E-09 5.6223E-09 5.7029E-09 5.7809E-09 5.8573E-09 5.9311E-09 6.0021E-09 6.0703E-09 6.1367E-09 6.2002E-09 6.2608E-09 6.3183E-09 6.3737E-09 6.4264E-09 6.4758E-09 6.5219E-09 6.5654E-09 6.6072E-09 6.6449E-09 6.6791E-09 6.7108E-09 6.7411E-09 6.7665E-09 6.7888E-09 6.8081E-09 6.8271E-09 6.8408E-09 6.8517E-09 6.8599E-09 6.8679E-09 6.8709E-09 6.8712E-09 6.8690E-09
3.1871E-09 3.2809E-09 3.3758E-09 3.4713E-09 3.5675E-09 3.6642E-09 3.7615E-09 3.8590E-09 3.9566E-09 4.0546E-09 4.1526E-09 4.2505E-09 4.3483E-09 4.4456E-09 4.5425E-09 4.6387E-09 4.7342E-09 4.8287E-09 4.9220E-09 5.0143E-09 5.1054E-09 5.1946E-09 5.2824E-09 5.3684E-09 5.4522E-09 5.5343E-09 5.6145E-09 5.6919E-09 5.7667E-09 5.8400E-09 5.9106E-09 5.9785E-09 6.0435E-09 6.1065E-09 6.1672E-09 6.2246E-09 6.2790E-09 6.3306E-09 6.3805E-09 6.4270E-09 6.4700E-09 6.5101E-09 6.5488E-09 6.5838E-09 6.6151E-09 6.6435E-09 6.6708E-09 6.6938E-09 6.7133E-09 6.7300E-09 6.7455E-09 6.7576E-09 6.7661E-09 6.7720E-09 6.7756E-09 6.7785E-09 6.7768E-09
3.1342E-09 3.2264E-09 3.3194E-09 3.4133E-09 3.5078E-09 3.6030E-09 3.6986E-09 3.7946E-09 3.8909E-09 3.9871E-09 4.0835E-09 4.1800E-09 4.2762E-09 4.3721E-09 4.4675E-09 4.5623E-09 4.6564E-09 4.7497E-09 4.8418E-09 4.9326E-09 5.0226E-09 5.1108E-09 5.1970E-09 5.2822E-09 5.3653E-09 5.4461E-09 5.5251E-09 5.6022E-09 5.6766E-09 5.7483E-09 5.8182E-09 5.8860E-09 5.9507E-09 6.0127E-09 6.0723E-09 6.1301E-09 6.1845E-09 6.2358E-09 6.2842E-09 6.3311E-09 6.3745E-09 6.4145E-09 6.4515E-09 6.4869E-09 6.5194E-09 6.5478E-09 6.5733E-09 6.5958E-09 6.6180E-09 6.6350E-09 6.6492E-09 6.6606E-09 6.6719E-09 6.6782E-09 6.6818E-09 6.6834E-09 6.6841E-09
3.0809E-09 3.1714E-09 3.2628E-09 3.3550E-09 3.4480E-09 3.5415E-09 3.6355E-09 3.7299E-09 3.8246E-09 3.9195E-09 4.0142E-09 4.1091E-09 4.2041E-09 4.2983E-09 4.3923E-09 4.4857E-09 4.5784E-09 4.6700E-09 4.7611E-09 4.8509E-09 4.9391E-09 5.0262E-09 5.1120E-09 5.1954E-09 5.2777E-09 5.3578E-09 5.4357E-09 5.5117E-09 5.5857E-09 5.6570E-09 5.7257E-09 5.7926E-09 5.8573E-09 5.9190E-09 5.9779E-09 6.0342E-09 6.0889E-09 6.1405E-09 6.1887E-09 6.2342E-09 6.2774E-09 6.3184E-09 6.3555E-09 6.3896E-09 6.4209E-09 6.4517E-09 6.4774E-09 6.5001E-09 6.5200E-09 6.5396E-09 6.5541E-09 6.5659E-09 6.5754E-09 6.5824E-09 6.5881E-09 6.5897E-09 6.5896E-09
3.0274E-09 3.1163E-09 3.2061E-09 3.2967E-09 3.3880E-09 3.4799E-09 3.5723E-09 3.6651E-09 3.7582E-09 3.8515E-09 3.9449E-09 4.0381E-09 4.1313E-09 4.2245E-09 4.3168E-09 4.4088E-09 4.5001E-09 4.5906E-09 4.6799E-09 4.7687E-09 4.8559E-09 4.9413E-09 5.0260E-09 5.1091E-09 5.1896E-09 5.2690E-09 5.3462E-09 5.4211E-09 5.4938E-09 5.5649E-09 5.6334E-09 5.6991E-09 5.7624E-09 5.8247E-09 5.8834E-09 5.9393E-09 5.9926E-09 6.0441E-09 6.0929E-09 6.1382E-09 6.1807E-09 6.2204E-09 6.2588E-09 6.2932E-09 6.3246E-09 6.3531E-09 6.3787E-09 6.4040E-09 6.4242E-09 6.4416E-09 6.4567E-09 6.4708E-09 6.4803E-09 6.4877E-09 6.4925E-09 6.4961E-09 6.4957E-09
2.9738E-09 3.0611E-09 3.1492E-09 3.2382E-09 3.3279E-09 3.4181E-09 3.5089E-09 3.6002E-09 3.6919E-09 3.7834E-09 3.8753E-09 3.9672E-09 4.0586E-09 4.1501E-09 4.2414E-09 4.3317E-09 4.4217E-09 4.5108E-09 4.5991E-09 4.6860E-09 4.7723E-09 4.8571E-09 4.9399E-09 5.0219E-09 5.1021E-09 5.1798E-09 5.2561E-09 5.3306E-09 5.4025E-09 5.4720E-09 5.5404E-09 5.6060E-09 5.6687E-09 5.7291E-09 5.7881E-09 5.8441E-09 5.8971E-09 5.9474E-09 5.9951E-09 6.0418E-09 6.0842E-09 6.1238E-09 6.1607E-09 6.1948E-09 6.2279E-09 6.2566E-09 6.2824E-09 6.3054E-09 6.3281E-09 6.3458E-09 6.3608E-09 6.3739E-09 6.3850E-09 6.3927E-09 6.3980E-09 6.4012E-09 6.4016E-09
2.9202E-09 3.0058E-09 3.0923E-09 3.1797E-09 3.2677E-09 3.3564E-09 3.4456E-09 3.5352E-09 3.6254E-09 3.7155E-09 3.8056E-09 3.8959E-09 3.9861E-09 4.0759E-09 4.1655E-09 4.2549E-09 4.3432E-09 4.4307E-09 4.5179E-09 4.6038E-09 4.6881E-09 4.7720E-09 4.8544E-09 4.9345E-09 5.0135E-09 5.0909E-09 5.1660E-09 5.2392E-09 5.3111E-09 5.3801E-09 5.4467E-09 5.5119E-09 5.5748E-09 5.6347E-09 5.6921E-09 5.7474E-09 5.8013E-09 5.8514E-09 5.8988E-09 5.9436E-09 5.9869E-09 6.0270E-09 6.0639E-09 6.0980E-09 6.1294E-09 6.1598E-09 6.1858E-09 6.2090E-09 6.2299E-09 6.2482E-09 6.2650E-09 6.2777E-09 6.2887E-09 6.2968E-09 6.3033E-09 6.3065E-09 6.3078E-09
2.8666E-09 2.9506E-09 3.0355E-09 3.1212E-09 3.2076E-09 3.2946E-09 3.3822E-09 3.4704E-09 3.5586E-09 3.6472E-09 3.7361E-09 3.8244E-09 3.9134E-09 4.0021E-09 4.0898E-09 4.1775E-09 4.2649E-09 4.3511E-09 4.4364E-09 4.5213E-09 4.6049E-09 4.6868E-09 4.7681E-09 4.8478E-09 4.9253E-09 5.0013E-09 5.0762E-09 5.1485E-09 5.2185E-09 5.2876E-09 5.3540E-09 5.4177E-09 5.4793E-09 5.5401E-09 5.5971E-09 5.6517E-09 5.7039E-09 5.7549E-09 5.8024E-09 5.8470E-09 5.8890E-09 5.9284E-09 5.9668E-09 6.0010E-09 6.0325E-09 6.0612E-09 6.0879E-09 6.1124E-09 6.1332E-09 6.1517E-09 6.1680E-09 6.1822E-09 6.1927E-09 6.2016E-09 6.2081E-09 6.2118E-09 6.2135E-09
2.8128E-09 2.8954E-09 2.9787E-09 3.0625E-09 3.1475E-09 3.2329E-09 3.3186E-09 3.4053E-09 3.4923E-09 3.5788E-09 3.6663E-09 3.7537E-09 3.8405E-09 3.9277E-09 4.0144E-09 4.1004E-09 4.1859E-09 4.2712E-09 4.3555E-09 4.4384E-09 4.5210E-09 4.6024E-09 4.6818E-09 4.7602E-09 4.8374E-09 4.9124E-09 4.9854E-09 5.0575E-09 5.1273E-09 5.1945E-09 5.2602E-09 5.3243E-09 5.3853E-09 5.4440E-09 5.5015E-09 5.5562E-09 5.6080E-09 5.6574E-09 5.7043E-09 5.7503E-09 5.7922E-09 5.8315E-09 5.8681E-09 5.9030E-09 5.9354E-09 5.9643E-09 5.9905E-09 6.0146E-09 6.0367E-09 6.0551E-09 6.0713E-09 6.0855E-09 6.0967E-09 6.1063E-09 6.1128E-09 6.1173E-09 6.1195E-09
