Assets/Resources/2015_m01_d01_1300(utc+0800)_l00_csi_1hr_conc.grd
DSAA
         159         159
     -79.000      79.000
     -79.000      79.000
  0.0000E+00  0.7194E-05
[rows 50 to 74 of 159, columns 57 to 113 of 159]
0.0000E+00 0.0000E+00 0.0000E+00 0.0000E+00 0.0000E+00 0.0000E+00 0.0000E+00 0.0000E+00 0.0000E+00 0.0000E+00 0.0000E+00 0.0000E+00 0.0000E+00 0.0000E+00 0.0000E+00 0.0000E+00 0.0000E+00 0.0000E+00 0.0000E+00 0.0000E+00 0.0000E+00 0.0000E+00 0.0000E+00 0.0000E+00 0.0000E+00 0.0000E+00 0.0000E+00 0.0000E+00 8.9481E-13 5.2216E-12 1.4882E-11 3.6734E-11 6.5456E-11 1.0135E-10 1.4002E-10 1.8435E-10 2.3970E-10 3.1872E-10 4.3926E-10 6.0204E-10 7.5772E-10 9.2595E-10 1.1271E-09 1.3851E-09 1.7096E-09 2.0536E-09 2.4241E-09 2.8395E-09 3.2825E-09 3.7760E-09 4.3147E-09 4.8718E-09 5.4442E-09 6.0332E-09 6.6236E-09 7.2135E-09 7.7839E-09
0.0000E+00 0.0000E+00 0.0000E+00 0.0000E+00 0.0000E+00 0.0000E+00 0.0000E+00 0.0000E+00 0.0000E+00 0.0000E+00 0.0000E+00 0.0000E+00 0.0000E+00 0.0000E+00 0.0000E+00 0.0000E+00 0.0000E+00 0.0000E+00 0.0000E+00 0.0000E+00 0.0000E+00 0.0000E+00 0.0000E+00 0.0000E+00 0.0000E+00 0.0000E+00 0.0000E+00 0.0000E+00 4.8407E-13 3.8701E-12 1.2720E-11 3.0358E-11 5.9501E-11 9.3741E-11 1.3263E-10 1.7741E-10 2.3758E-10 3.3855E-10 4.8739E-10 6.3025E-10 7.8671E-10 9.7185E-10 1.2160E-09 1.5214E-09 1.8574E-09 2.2213E-09 2.6268E-09 3.0740E-09 3.5749E-09 4.1242E-09 4.6849E-09 5.2694E-09 5.8787E-09 6.5003E-09 7.1173E-09 7.7321E-09 8.3211E-09
0.0000E+00 0.0000E+00 0.0000E+00 0.0000E+00 0.0000E+00 0.0000E+00 0.0000E+00 0.0000E+00 0.0000E+00 0.0000E+00 0.0000E+00 0.0000E+00 0.0000E+00 0.0000E+00 0.0000E+00 0.0000E+00 0.0000E+00 0.0000E+00 0.0000E+00 0.0000E+00 0.0000E+00 0.0000E+00 0.0000E+00 0.0000E+00 0.0000E+00 0.0000E+00 0.0000E+00 0.0000E+00 2.5659E-13 2.7509E-12 1.0232E-11 2.6185E-11 5.2224E-11 8.5539E-11 1.2458E-10 1.7202E-10 2.5393E-10 3.8262E-10 5.1892E-10 6.6142E-10 8.3218E-10 1.0690E-09 1.3477E-09 1.6715E-09 2.0346E-09 2.4356E-09 2.8993E-09 3.4061E-09 3.9500E-09 4.5165E-09 5.1175E-09 5.7434E-09 6.3907E-09 7.0511E-09 7.7016E-09 8.3344E-09 8.9390E-09
0.0000E+00 0.0000E+00 0.0000E+00 0.0000E+00 0.0000E+00 0.0000E+00 0.0000E+00 0.0000E+00 0.0000E+00 0.0000E+00 0.0000E+00 0.0000E+00 0.0000E+00 0.0000E+00 0.0000E+00 0.0000E+00 0.0000E+00 0.0000E+00 0.0000E+00 0.0000E+00 0.0000E+00 0.0000E+00 0.0000E+00 0.0000E+00 0.0000E+00 0.0000E+00 0.0000E+00 0.0000E+00 9.0761E-14 1.6730E-12 8.0009E-12 2.1722E-11 4.4854E-11 7.7626E-11 1.1671E-10 1.8151E-10 2.9168E-10 4.2327E-10 5.5364E-10 7.0811E-10 9.1493E-10 1.1828E-09 1.5013E-09 1.8624E-09 2.2664E-09 2.7458E-09 3.2582E-09 3.8067E-09 4.3823E-09 4.9941E-09 5.6435E-09 6.3146E-09 7.0032E-09 7.6942E-09 8.3755E-09 9.0229E-09 9.6382E-09
0.0000E+00 0.0000E+00 0.0000E+00 0.0000E+00 0.0000E+00 0.0000E+00 0.0000E+00 0.0000E+00 0.0000E+00 0.0000E+00 0.0000E+00 0.0000E+00 0.0000E+00 0.0000E+00 0.0000E+00 0.0000E+00 0.0000E+00 0.0000E+00 0.0000E+00 0.0000E+00 0.0000E+00 0.0000E+00 0.0000E+00 0.0000E+00 0.0000E+00 0.0000E+00 0.0000E+00 0.0000E+00 0.0000E+00 9.9864E-13 5.9818E-12 1.7879E-11 3.8392E-11 6.8736E-11 1.1846E-10 2.1312E-10 3.3949E-10 4.7180E-10 6.0622E-10 7.8227E-10 1.0241E-09 1.3367E-09 1.6903E-09 2.1178E-09 2.6058E-09 3.1358E-09 3.6969E-09 4.2910E-09 4.9239E-09 5.5917E-09 6.2915E-09 7.0037E-09 7.7240E-09 8.4428E-09 9.1434E-09 9.8063E-09 1.0426E-08
0.0000E+00 0.0000E+00 0.0000E+00 0.0000E+00 0.0000E+00 0.0000E+00 0.0000E+00 0.0000E+00 0.0000E+00 0.0000E+00 0.0000E+00 0.0000E+00 0.0000E+00 0.0000E+00 0.0000E+00 0.0000E+00 0.0000E+00 0.0000E+00 0.0000E+00 0.0000E+00 0.0000E+00 0.0000E+00 0.0000E+00 0.0000E+00 0.0000E+00 0.0000E+00 0.0000E+00 0.0000E+00 0.0000E+00 4.2313E-13 4.4147E-12 1.4701E-11 3.2702E-11 6.4890E-11 1.4426E-10 2.6016E-10 3.8329E-10 5.1405E-10 6.7120E-10 8.8949E-10 1.1947E-09 1.5416E-09 1.9796E-09 2.4865E-09 3.0323E-09 3.6207E-09 4.2437E-09 4.9023E-09 5.5948E-09 6.3153E-09 7.0545E-09 7.8122E-09 8.5773E-09 9.3251E-09 1.0036E-08 1.0690E-08 1.1297E-08
0.0000E+00 0.0000E+00 0.0000E+00 0.0000E+00 0.0000E+00 0.0000E+00 0.0000E+00 0.0000E+00 0.0000E+00 0.0000E+00 0.0000E+00 0.0000E+00 0.0000E+00 0.0000E+00 0.0000E+00 0.0000E+00 0.0000E+00 0.0000E+00 0.0000E+00 0.0000E+00 0.0000E+00 0.0000E+00 0.0000E+00 0.0000E+00 0.0000E+00 0.0000E+00 0.0000E+00 0.0000E+00 0.0000E+00 1.6087E-13 2.9084E-12 1.2005E-11 3.0614E-11 8.4685E-11 1.7979E-10 2.9480E-10 4.3016E-10 5.7931E-10 7.7728E-10 1.0754E-09 1.4281E-09 1.8615E-09 2.3794E-09 2.9482E-09 3.5675E-09 4.2311E-09 4.9252E-09 5.6476E-09 6.3972E-09 7.1821E-09 7.9790E-09 8.7786E-09 9.5644E-09 1.0318E-08 1.1037E-08 1.1695E-08 1.2276E-08
0.0000E+00 0.0000E+00 0.0000E+00 0.0000E+00 0.0000E+00 0.0000E+00 0.0000E+00 0.0000E+00 0.0000E+00 0.0000E+00 0.0000E+00 0.0000E+00 0.0000E+00 0.0000E+00 0.0000E+00 0.0000E+00 0.0000E+00 0.0000E+00 0.0000E+00 0.0000E+00 0.0000E+00 0.0000E+00 0.0000E+00 0.0000E+00 0.0000E+00 0.0000E+00 0.0000E+00 0.0000E+00 0.0000E+00 0.0000E+00 1.7052E-12 1.0267E-11 4.6006E-11 1.1355E-10 2.0961E-10 3.4511E-10 4.9810E-10 6.9947E-10 9.9261E-10 1.3489E-09 1.7736E-09 2.2826E-09 2.8926E-09 3.5453E-09 4.2543E-09 4.9967E-09 5.7801E-09 6.5859E-09 7.4080E-09 8.2513E-09 9.0809E-09 9.8946E-09 1.0696E-08 1.1463E-08 1.2161E-08 1.2787E-08 1.3338E-08
0.0000E+00 0.0000E+00 0.0000E+00 0.0000E+00 0.0000E+00 0.0000E+00 0.0000E+00 0.0000E+00 0.0000E+00 0.0000E+00 0.0000E+00 0.0000E+00 0.0000E+00 0.0000E+00 0.0000E+00 0.0000E+00 0.0000E+00 0.0000E+00 0.0000E+00 0.0000E+00 0.0000E+00 0.0000E+00 0.0000E+00 0.0000E+00 0.0000E+00 0.0000E+00 0.0000E+00 0.0000E+00 0.0000E+00 0.0000E+00 1.1614E-12 1.9481E-11 6.8029E-11 1.4032E-10 2.6286E-10 4.1781E-10 6.2776E-10 9.3169E-10 1.2763E-09 1.7083E-09 2.2295E-09 2.8515E-09 3.5483E-09 4.3113E-09 5.1353E-09 5.9864E-09 6.8595E-09 7.7378E-09 8.6141E-09 9.4947E-09 1.0358E-08 1.1201E-08 1.1997E-08 1.2738E-08 1.3407E-08 1.3989E-08 1.4478E-08
0.0000E+00 0.0000E+00 0.0000E+00 0.0000E+00 0.0000E+00 0.0000E+00 0.0000E+00 0.0000E+00 0.0000E+00 0.0000E+00 0.0000E+00 0.0000E+00 0.0000E+00 0.0000E+00 0.0000E+00 0.0000E+00 0.0000E+00 0.0000E+00 0.0000E+00 0.0000E+00 0.0000E+00 0.0000E+00 0.0000E+00 0.0000E+00 0.0000E+00 0.0000E+00 0.0000E+00 0.0000E+00 0.0000E+00 0.0000E+00 6.8730E-12 3.6802E-11 9.1205E-11 1.8894E-10 3.2412E-10 5.4017E-10 8.9018E-10 1.2492E-09 1.7027E-09 2.2441E-09 2.8950E-09 3.6432E-09 4.4694E-09 5.3667E-09 6.3022E-09 7.2549E-09 8.2065E-09 9.1398E-09 1.0065E-08 1.0989E-08 1.1864E-08 1.2693E-08 1.3465E-08 1.4162E-08 1.4769E-08 1.5287E-08 1.5699E-08
0.0000E+00 0.0000E+00 0.0000E+00 0.0000E+00 0.0000E+00 0.0000E+00 0.0000E+00 0.0000E+00 0.0000E+00 0.0000E+00 0.0000E+00 0.0000E+00 0.0000E+00 0.0000E+00 0.0000E+00 0.0000E+00 0.0000E+00 0.0000E+00 0.0000E+00 0.0000E+00 0.0000E+00 0.0000E+00 0.0000E+00 0.0000E+00 0.0000E+00 0.0000E+00 0.0000E+00 0.0000E+00 0.0000E+00 2.6390E-12 1.8643E-11 5.6065E-11 1.2882E-10 2.4166E-10 4.5935E-10 8.3073E-10 1.2169E-09 1.7067E-09 2.2775E-09 2.9672E-09 3.7731E-09 4.6868E-09 5.6727E-09 6.7171E-09 7.7743E-09 8.8246E-09 9.8504E-09 1.0848E-08 1.1800E-08 1.2720E-08 1.3577E-08 1.4370E-08 1.5083E-08 1.5712E-08 1.6230E-08 1.6645E-08 1.6965E-08
0.0000E+00 0.0000E+00 0.0000E+00 0.0000E+00 0.0000E+00 0.0000E+00 0.0000E+00 0.0000E+00 0.0000E+00 0.0000E+00 0.0000E+00 0.0000E+00 0.0000E+00 0.0000E+00 0.0000E+00 0.0000E+00 0.0000E+00 0.0000E+00 0.0000E+00 0.0000E+00 0.0000E+00 0.0000E+00 0.0000E+00 0.0000E+00 0.0000E+00 0.0000E+00 0.0000E+00 0.0000E+00 6.7560E-13 8.7038E-12 3.2744E-11 8.4622E-11 1.7224E-10 3.6565E-10 7.2865E-10 1.1526E-09 1.7181E-09 2.3406E-09 3.1007E-09 3.9744E-09 4.9916E-09 6.1076E-09 7.2816E-09 8.4709E-09 9.6436E-09 1.0795E-08 1.1881E-08 1.2894E-08 1.3836E-08 1.4722E-08 1.5517E-08 1.6235E-08 1.6847E-08 1.7365E-08 1.7774E-08 1.8062E-08 1.8245E-08
0.0000E+00 0.0000E+00 0.0000E+00 0.0000E+00 0.0000E+00 0.0000E+00 0.0000E+00 0.0000E+00 0.0000E+00 0.0000E+00 0.0000E+00 0.0000E+00 0.0000E+00 0.0000E+00 0.0000E+00 0.0000E+00 0.0000E+00 0.0000E+00 0.0000E+00 0.0000E+00 0.0000E+00 0.0000E+00 0.0000E+00 0.0000E+00 0.0000E+00 0.0000E+00 0.0000E+00 0.0000E+00 3.2849E-12 1.6979E-11 5.2954E-11 1.1991E-10 2.5301E-10 5.8333E-10 1.0265E-09 1.7002E-09 2.3846E-09 3.2219E-09 4.2078E-09 5.3473E-09 6.6286E-09 7.9740E-09 9.3620E-09 1.0719E-08 1.2011E-08 1.3213E-08 1.4303E-08 1.5292E-08 1.6182E-08 1.6981E-08 1.7665E-08 1.8256E-08 1.8735E-08 1.9100E-08 1.9354E-08 1.9503E-08 1.9533E-08
0.0000E+00 0.0000E+00 0.0000E+00 0.0000E+00 0.0000E+00 0.0000E+00 0.0000E+00 0.0000E+00 0.0000E+00 0.0000E+00 0.0000E+00 0.0000E+00 0.0000E+00 0.0000E+00 0.0000E+00 0.0000E+00 0.0000E+00 0.0000E+00 0.0000E+00 0.0000E+00 0.0000E+00 0.0000E+00 0.0000E+00 0.0000E+00 0.0000E+00 0.0000E+00 0.0000E+00 6.2501E-13 7.3038E-12 2.8482E-11 7.7703E-11 1.6536E-10 4.2849E-10 8.4353E-10 1.5496E-09 2.3386E-09 3.2809E-09 4.4084E-09 5.7266E-09 7.2027E-09 8.7839E-09 1.0419E-08 1.2018E-08 1.3526E-08 1.4908E-08 1.6128E-08 1.7180E-08 1.8068E-08 1.8830E-08 1.9482E-08 2.0006E-08 2.0411E-08 2.0702E-08 2.0887E-08 2.0947E-08 2.0910E-08 2.0785E-08
0.0000E+00 0.0000E+00 0.0000E+00 0.0000E+00 0.0000E+00 0.0000E+00 0.0000E+00 0.0000E+00 0.0000E+00 0.0000E+00 0.0000E+00 0.0000E+00 0.0000E+00 0.0000E+00 0.0000E+00 0.0000E+00 0.0000E+00 0.0000E+00 0.0000E+00 0.0000E+00 0.0000E+00 0.0000E+00 0.0000E+00 0.0000E+00 0.0000E+00 0.0000E+00 0.0000E+00 2.1091E-12 1.2797E-11 4.2177E-11 1.0836E-10 2.5641E-10 5.9961E-10 1.2802E-09 2.1197E-09 3.1755E-09 4.4539E-09 5.9776E-09 7.7016E-09 9.6018E-09 1.1570E-08 1.3508E-08 1.5340E-08 1.6981E-08 1.8398E-08 1.9576E-08 2.0510E-08 2.1229E-08 2.1778E-08 2.2197E-08 2.2491E-08 2.2658E-08 2.2705E-08 2.2658E-08 2.2509E-08 2.2254E-08 2.1943E-08
0.0000E+00 0.0000E+00 0.0000E+00 0.0000E+00 0.0000E+00 0.0000E+00 0.0000E+00 0.0000E+00 0.0000E+00 0.0000E+00 0.0000E+00 0.0000E+00 0.0000E+00 0.0000E+00 0.0000E+00 0.0000E+00 0.0000E+00 0.0000E+00 0.0000E+00 0.0000E+00 0.0000E+00 0.0000E+00 0.0000E+00 0.0000E+00 0.0000E+00 0.0000E+00 0.0000E+00 4.1106E-12 1.9132E-11 5.9345E-11 1.4202E-10 3.2951E-10 9.1816E-10 1.7111E-09 2.8330E-09 4.2272E-09 5.9416E-09 7.9639E-09 1.0221E-08 1.2628E-08 1.5029E-08 1.7315E-08 1.9366E-08 2.1108E-08 2.2490E-08 2.3544E-08 2.4265E-08 2.4737E-08 2.4987E-08 2.5083E-08 2.5055E-08 2.4925E-08 2.4682E-08 2.4355E-08 2.3968E-08 2.3492E-08 2.2965E-08
0.0000E+00 0.0000E+00 0.0000E+00 0.0000E+00 0.0000E+00 0.0000E+00 0.0000E+00 0.0000E+00 0.0000E+00 0.0000E+00 0.0000E+00 0.0000E+00 0.0000E+00 0.0000E+00 0.0000E+00 0.0000E+00 0.0000E+00 0.0000E+00 0.0000E+00 0.0000E+00 0.0000E+00 0.0000E+00 0.0000E+00 0.0000E+00 0.0000E+00 0.0000E+00 5.3097E-13 6.0735E-12 2.6180E-11 7.7558E-11 1.7364E-10 5.5840E-10 1.2412E-09 2.2901E-09 3.7188E-09 5.5821E-09 7.8631E-09 1.0511E-08 1.3379E-08 1.6367E-08 1.9263E-08 2.1898E-08 2.4141E-08 2.5891E-08 2.7167E-08 2.7979E-08 2.8384E-08 2.8492E-08 2.8339E-08 2.8048E-08 2.7622E-08 2.7125E-08 2.6557E-08 2.5917E-08 2.5252E-08 2.4554E-08 2.3818E-08
0.0000E+00 0.0000E+00 0.0000E+00 0.0000E+00 0.0000E+00 0.0000E+00 0.0000E+00 0.0000E+00 0.0000E+00 0.0000E+00 0.0000E+00 0.0000E+00 0.0000E+00 0.0000E+00 0.0000E+00 0.0000E+00 0.0000E+00 0.0000E+00 0.0000E+00 0.0000E+00 0.0000E+00 0.0000E+00 0.0000E+00 0.0000E+00 0.0000E+00 0.0000E+00 1.0811E-12 8.4337E-12 3.3370E-11 9.5245E-11 2.8900E-10 7.4544E-10 1.6257E-09 2.9222E-09 4.7486E-09 7.2068E-09 1.0164E-08 1.3504E-08 1.7122E-08 2.0757E-08 2.4164E-08 2.7137E-08 2.9511E-08 3.1201E-08 3.2273E-08 3.2735E-08 3.2728E-08 3.2353E-08 3.1719E-08 3.0948E-08 3.0068E-08 2.9160E-08 2.8223E-08 2.7268E-08 2.6309E-08 2.5375E-08 2.4441E-08
0.0000E+00 0.0000E+00 0.0000E+00 0.0000E+00 0.0000E+00 0.0000E+00 0.0000E+00 0.0000E+00 0.0000E+00 0.0000E+00 0.0000E+00 0.0000E+00 0.0000E+00 0.0000E+00 0.0000E+00 0.0000E+00 0.0000E+00 0.0000E+00 0.0000E+00 0.0000E+00 0.0000E+00 0.0000E+00 0.0000E+00 0.0000E+00 0.0000E+00 0.0000E+00 1.5255E-12 1.0513E-11 3.9611E-11 1.4298E-10 3.7851E-10 1.0211E-09 2.0490E-09 3.6387E-09 6.0365E-09 9.1060E-09 1.2849E-08 1.7044E-08 2.1427E-08 2.5746E-08 2.9662E-08 3.2927E-08 3.5336E-08 3.6861E-08 3.7589E-08 3.7585E-08 3.7066E-08 3.6110E-08 3.4930E-08 3.3626E-08 3.2255E-08 3.0910E-08 2.9588E-08 2.8318E-08 2.7076E-08 2.5908E-08 2.4789E-08
0.0000E+00 0.0000E+00 0.0000E+00 0.0000E+00 0.0000E+00 0.0000E+00 0.0000E+00 0.0000E+00 0.0000E+00 0.0000E+00 0.0000E+00 0.0000E+00 0.0000E+00 0.0000E+00 0.0000E+00 0.0000E+00 0.0000E+00 0.0000E+00 0.0000E+00 0.0000E+00 0.0000E+00 0.0000E+00 0.0000E+00 0.0000E+00 0.0000E+00 0.0000E+00 1.8199E-12 1.1882E-11 5.2049E-11 1.8636E-10 5.6509E-10 1.2811E-09 2.5014E-09 4.5264E-09 7.4784E-09 1.1353E-08 1.6003E-08 2.1073E-08 2.6291E-08 3.1236E-08 3.5618E-08 3.9064E-08 4.1369E-08 4.2616E-08 4.2829E-08 4.2254E-08 4.1124E-08 3.9525E-08 3.7746E-08 3.5885E-08 3.4031E-08 3.2247E-08 3.0549E-08 2.8989E-08 2.7491E-08 2.6107E-08 2.4831E-08
0.0000E+00 0.0000E+00 0.0000E+00 0.0000E+00 0.0000E+00 0.0000E+00 0.0000E+00 0.0000E+00 0.0000E+00 0.0000E+00 0.0000E+00 0.0000E+00 0.0000E+00 0.0000E+00 0.0000E+00 0.0000E+00 0.0000E+00 0.0000E+00 0.0000E+00 0.0000E+00 0.0000E+00 0.0000E+00 0.0000E+00 0.0000E+00 0.0000E+00 0.0000E+00 1.9243E-12 1.2397E-11 6.0165E-11 2.6394E-10 6.9088E-10 1.5266E-09 3.0612E-09 5.5290E-09 9.1939E-09 1.3935E-08 1.9555E-08 2.5647E-08 3.1672E-08 3.7214E-08 4.1839E-08 4.5312E-08 4.7356E-08 4.8180E-08 4.7755E-08 4.6485E-08 4.4598E-08 4.2334E-08 3.9970E-08 3.7532E-08 3.5235E-08 3.3053E-08 3.1027E-08 2.9202E-08 2.7501E-08 2.5946E-08 2.4545E-08
0.0000E+00 0.0000E+00 0.0000E+00 0.0000E+00 0.0000E+00 0.0000E+00 0.0000E+00 0.0000E+00 0.0000E+00 0.0000E+00 0.0000E+00 0.0000E+00 0.0000E+00 0.0000E+00 0.0000E+00 0.0000E+00 0.0000E+00 0.0000E+00 0.0000E+00 0.0000E+00 0.0000E+00 0.0000E+00 0.0000E+00 0.0000E+00 0.0000E+00 0.0000E+00 1.8506E-12 1.2228E-11 7.4457E-11 3.1272E-10 7.7528E-10 1.8021E-09 3.6451E-09 6.7354E-09 1.1189E-08 1.6897E-08 2.3583E-08 3.0660E-08 3.7497E-08 4.3507E-08 4.8298E-08 5.1527E-08 5.3143E-08 5.3218E-08 5.2047E-08 4.9974E-08 4.7300E-08 4.4353E-08 4.1361E-08 3.8446E-08 3.5727E-08 3.3224E-08 3.0952E-08 2.8916E-08 2.7073E-08 2.5405E-08 2.3923E-08
0.0000E+00 0.0000E+00 0.0000E+00 0.0000E+00 0.0000E+00 0.0000E+00 0.0000E+00 0.0000E+00 0.0000E+00 0.0000E+00 0.0000E+00 0.0000E+00 0.0000E+00 0.0000E+00 0.0000E+00 0.0000E+00 0.0000E+00 0.0000E+00 0.0000E+00 0.0000E+00 0.0000E+00 0.0000E+00 0.0000E+00 0.0000E+00 0.0000E+00 0.0000E+00 1.6087E-12 1.1266E-11 7.9925E-11 3.3541E-10 8.4819E-10 2.0434E-09 4.3405E-09 8.1054E-09 1.3443E-08 2.0246E-08 2.8036E-08 3.6155E-08 4.3723E-08 5.0086E-08 5.4739E-08 5.7401E-08 5.8339E-08 5.7502E-08 5.5428E-08 5.2514E-08 4.9000E-08 4.5423E-08 4.1828E-08 3.8507E-08 3.5455E-08 3.2707E-08 3.0278E-08 2.8119E-08 2.6198E-08 2.4482E-08 2.2971E-08
0.0000E+00 0.0000E+00 0.0000E+00 0.0000E+00 0.0000E+00 0.0000E+00 0.0000E+00 0.0000E+00 0.0000E+00 0.0000E+00 0.0000E+00 0.0000E+00 0.0000E+00 0.0000E+00 0.0000E+00 0.0000E+00 0.0000E+00 0.0000E+00 0.0000E+00 0.0000E+00 0.0000E+00 0.0000E+00 0.0000E+00 0.0000E+00 0.0000E+00 0.0000E+00 1.2066E-12 9.4736E-12 7.8117E-11 3.3313E-10 8.9555E-10 2.3586E-09 5.1784E-09 9.7065E-09 1.6102E-08 2.4199E-08 3.3291E-08 4.2331E-08 5.0346E-08 5.6493E-08 6.0643E-08 6.2516E-08 6.2443E-08 6.0657E-08 5.7615E-08 5.3817E-08 4.9614E-08 4.5396E-08 4.1360E-08 3.7673E-08 3.4403E-08 3.1508E-08 2.9011E-08 2.6827E-08 2.4899E-08 2.3200E-08 2.1718E-08
0.0000E+00 0.0000E+00 0.0000E+00 0.0000E+00 0.0000E+00 0.0000E+00 0.0000E+00 0.0000E+00 0.0000E+00 0.0000E+00 0.0000E+00 0.0000E+00 0.0000E+00 0.0000E+00 0.0000E+00 0.0000E+00 0.0000E+00 0.0000E+00 0.0000E+00 0.0000E+00 0.0000E+00 0.0000E+00 0.0000E+00 0.0000E+00 0.0000E+00 0.0000E+00 6.9889E-13 7.1975E-12 6.9071E-11 3.1354E-10 1.0960E-09 2.9403E-09 6.3654E-09 1.2095E-08 2.0071E-08 2.9741E-08 3.9791E-08 4.9155E-08 5.6959E-08 6.2475E-08 6.5560E-08 6.6294E-08 6.5001E-08 6.2173E-08 5.8253E-08 5.3658E-08 4.8905E-08 4.4225E-08 3.9885E-08 3.6011E-08 3.2615E-08 2.9696E-08 2.7200E-08 2.5085E-08 2.3224E-08 2.1608E-08 2.0204E-08
