Assets/Resources/2015_m01_d30_1900(utc+0800)_l00_csi_1hr_conc.grd
DSAA
         159         159
     -79.000      79.000
     -79.000      79.000
  0.0000E+00  0.4961E-05
[rows 25 to 49 of 159, columns 57 to 113 of 159]
7.9385E-10 9.6998E-10 1.1699E-09 1.4058E-09 1.6833E-09 2.0013E-09 2.3570E-09 2.7663E-09 3.2603E-09 3.8141E-09 4.4547E-09 5.1761E-09 5.9557E-09 6.7393E-09 7.5221E-09 8.4529E-09 9.4052E-09 1.0420E-08 1.1468E-08 1.2530E-08 1.3587E-08 1.4618E-08 1.5602E-08 1.6518E-08 1.7342E-08 1.8049E-08 1.8618E-08 1.9048E-08 1.9336E-08 1.9471E-08 1.9461E-08 1.9331E-08 1.9092E-08 1.8741E-08 1.8281E-08 1.7725E-08 1.7089E-08 1.6389E-08 1.5647E-08 1.4870E-08 1.4067E-08 1.3255E-08 1.2452E-08 1.1656E-08 1.0885E-08 1.0144E-08 9.4386E-09 8.7777E-09 8.1617E-09 7.5905E-09 7.0628E-09 6.5774E-09 6.1306E-09 5.7171E-09 5.3366E-09 4.9873E-09 4.6682E-09
7.9375E-10 9.7199E-10 1.1732E-09 1.4145E-09 1.6962E-09 2.0196E-09 2.3882E-09 2.8027E-09 3.3307E-09 3.9073E-09 4.5621E-09 5.3244E-09 6.1530E-09 7.0131E-09 7.9095E-09 8.8522E-09 9.7978E-09 1.0855E-08 1.1958E-08 1.3079E-08 1.4195E-08 1.5281E-08 1.6316E-08 1.7276E-08 1.8133E-08 1.8858E-08 1.9437E-08 1.9870E-08 2.0145E-08 2.0257E-08 2.0223E-08 2.0062E-08 1.9775E-08 1.9361E-08 1.8838E-08 1.8220E-08 1.7525E-08 1.6760E-08 1.5947E-08 1.5105E-08 1.4251E-08 1.3386E-08 1.2528E-08 1.1694E-08 1.0884E-08 1.0114E-08 9.3851E-09 8.7024E-09 8.0721E-09 7.4889E-09 6.9523E-09 6.4602E-09 6.0088E-09 5.5923E-09 5.2093E-09 4.8603E-09 4.5399E-09
7.8720E-10 9.6842E-10 1.1694E-09 1.4167E-09 1.7021E-09 2.0289E-09 2.4034E-09 2.8332E-09 3.3783E-09 3.9768E-09 4.6716E-09 5.4418E-09 6.3334E-09 7.2843E-09 8.2056E-09 9.2100E-09 1.0289E-08 1.1316E-08 1.2471E-08 1.3650E-08 1.4825E-08 1.5970E-08 1.7057E-08 1.8062E-08 1.8950E-08 1.9691E-08 2.0285E-08 2.0716E-08 2.0973E-08 2.1057E-08 2.0996E-08 2.0797E-08 2.0455E-08 1.9979E-08 1.9383E-08 1.8689E-08 1.7913E-08 1.7087E-08 1.6211E-08 1.5301E-08 1.4379E-08 1.3466E-08 1.2561E-08 1.1683E-08 1.0843E-08 1.0044E-08 9.2952E-09 8.5952E-09 7.9542E-09 7.3631E-09 6.8199E-09 6.3231E-09 5.8691E-09 5.4510E-09 5.0677E-09 4.7197E-09 4.4004E-09
7.7577E-10 9.5854E-10 1.1645E-09 1.4088E-09 1.6965E-09 2.0297E-09 2.4137E-09 2.8703E-09 3.4265E-09 4.0423E-09 4.7520E-09 5.5838E-09 6.5116E-09 7.4742E-09 8.6284E-09 9.5879E-09 1.0732E-08 1.1924E-08 1.3015E-08 1.4250E-08 1.5487E-08 1.6692E-08 1.7835E-08 1.8879E-08 1.9796E-08 2.0559E-08 2.1162E-08 2.1586E-08 2.1822E-08 2.1884E-08 2.1790E-08 2.1534E-08 2.1123E-08 2.0572E-08 1.9907E-08 1.9137E-08 1.8285E-08 1.7368E-08 1.6419E-08 1.5449E-08 1.4465E-08 1.3490E-08 1.2545E-08 1.1628E-08 1.0757E-08 9.9356E-09 9.1678E-09 8.4561E-09 7.8077E-09 7.2114E-09 6.6652E-09 6.1665E-09 5.7125E-09 5.2941E-09 4.9131E-09 4.5671E-09 4.2493E-09
7.5952E-10 9.4160E-10 1.1503E-09 1.3960E-09 1.6839E-09 2.0209E-09 2.4086E-09 2.8826E-09 3.4489E-09 4.0871E-09 4.8354E-09 5.6777E-09 6.6365E-09 7.7329E-09 8.8375E-09 1.0165E-08 1.1309E-08 1.2353E-08 1.3701E-08 1.4896E-08 1.6196E-08 1.7459E-08 1.8655E-08 1.9743E-08 2.0686E-08 2.1475E-08 2.2085E-08 2.2498E-08 2.2711E-08 2.2746E-08 2.2606E-08 2.2289E-08 2.1800E-08 2.1164E-08 2.0403E-08 1.9542E-08 1.8613E-08 1.7617E-08 1.6582E-08 1.5533E-08 1.4497E-08 1.3469E-08 1.2473E-08 1.1527E-08 1.0627E-08 9.7868E-09 9.0052E-09 8.2862E-09 7.6341E-09 7.0362E-09 6.4892E-09 5.9912E-09 5.5384E-09 5.1220E-09 4.7448E-09 4.4029E-09 4.0886E-09
7.3756E-10 9.1843E-10 1.1301E-09 1.3754E-09 1.6656E-09 2.0031E-09 2.3947E-09 2.8867E-09 3.4708E-09 4.1249E-09 4.8904E-09 5.7887E-09 6.7577E-09 7.8753E-09 9.2032E-09 1.0549E-08 1.1942E-08 1.3174E-08 1.4247E-08 1.5640E-08 1.6959E-08 1.8285E-08 1.9532E-08 2.0663E-08 2.1648E-08 2.2460E-08 2.3073E-08 2.3473E-08 2.3664E-08 2.3662E-08 2.3457E-08 2.3057E-08 2.2481E-08 2.1753E-08 2.0892E-08 1.9928E-08 1.8888E-08 1.7806E-08 1.6698E-08 1.5574E-08 1.4465E-08 1.3394E-08 1.2358E-08 1.1375E-08 1.0455E-08 9.5977E-09 8.8053E-09 8.0842E-09 7.4327E-09 6.8362E-09 6.2915E-09 5.7973E-09 5.3476E-09 4.9362E-09 4.5657E-09 4.2278E-09 3.9182E-09
7.1157E-10 8.8922E-10 1.1070E-09 1.3482E-09 1.6364E-09 1.9737E-09 2.3698E-09 2.8762E-09 3.4661E-09 4.1440E-09 4.9327E-09 5.8471E-09 6.8859E-09 8.1227E-09 9.3661E-09 1.0911E-08 1.2429E-08 1.3855E-08 1.5184E-08 1.6605E-08 1.7815E-08 1.9182E-08 2.0489E-08 2.1667E-08 2.2689E-08 2.3523E-08 2.4137E-08 2.4521E-08 2.4687E-08 2.4634E-08 2.4355E-08 2.3863E-08 2.3178E-08 2.2334E-08 2.1358E-08 2.0289E-08 1.9139E-08 1.7948E-08 1.6747E-08 1.5561E-08 1.4387E-08 1.3259E-08 1.2190E-08 1.1239E-08 1.0238E-08 9.3693E-09 8.5701E-09 7.8538E-09 7.2046E-09 6.6133E-09 6.0744E-09 5.5860E-09 5.1427E-09 4.7384E-09 4.3742E-09 4.0433E-09 3.7403E-09
6.8127E-10 8.5637E-10 1.0728E-09 1.3119E-09 1.6020E-09 1.9390E-09 2.3405E-09 2.8532E-09 3.4616E-09 4.1574E-09 4.9712E-09 5.9283E-09 6.9869E-09 8.2273E-09 9.6949E-09 1.1129E-08 1.2837E-08 1.4768E-08 1.5971E-08 1.7476E-08 1.8985E-08 2.0191E-08 2.1541E-08 2.2771E-08 2.3835E-08 2.4687E-08 2.5301E-08 2.5671E-08 2.5798E-08 2.5674E-08 2.5301E-08 2.4704E-08 2.3902E-08 2.2928E-08 2.1817E-08 2.0611E-08 1.9349E-08 1.8058E-08 1.6754E-08 1.5484E-08 1.4258E-08 1.3080E-08 1.1969E-08 1.0937E-08 9.9809E-09 9.1017E-09 8.3027E-09 7.5942E-09 6.9516E-09 6.3681E-09 5.8386E-09 5.3583E-09 4.9240E-09 4.5289E-09 4.1732E-09 3.8505E-09 3.5557E-09
6.4722E-10 8.1899E-10 1.0363E-09 1.2750E-09 1.5587E-09 1.8932E-09 2.2962E-09 2.8173E-09 3.4304E-09 4.1492E-09 4.9800E-09 5.9527E-09 7.0868E-09 8.3702E-09 9.8328E-09 1.1588E-08 1.3382E-08 1.5084E-08 1.7157E-08 1.8424E-08 1.9938E-08 2.1569E-08 2.2717E-08 2.3999E-08 2.5105E-08 2.5982E-08 2.6599E-08 2.6952E-08 2.7030E-08 2.6818E-08 2.6333E-08 2.5598E-08 2.4650E-08 2.3529E-08 2.2278E-08 2.0924E-08 1.9525E-08 1.8115E-08 1.6727E-08 1.5365E-08 1.4067E-08 1.2848E-08 1.1706E-08 1.0649E-08 9.6815E-09 8.7977E-09 8.0056E-09 7.3081E-09 6.6744E-09 6.1028E-09 5.5855E-09 5.1160E-09 4.6934E-09 4.3094E-09 3.9638E-09 3.6500E-09 3.3670E-09
6.0997E-10 7.7537E-10 9.9529E-10 1.2287E-09 1.5064E-09 1.8431E-09 2.2437E-09 2.7688E-09 3.4014E-09 4.1296E-09 4.9790E-09 5.9777E-09 7.1494E-09 8.5042E-09 1.0137E-08 1.1761E-08 1.3698E-08 1.5830E-08 1.7971E-08 1.9934E-08 2.1456E-08 2.2566E-08 2.4139E-08 2.5379E-08 2.6528E-08 2.7428E-08 2.8050E-08 2.8376E-08 2.8383E-08 2.8071E-08 2.7461E-08 2.6575E-08 2.5460E-08 2.4161E-08 2.2736E-08 2.1235E-08 1.9693E-08 1.8146E-08 1.6644E-08 1.5209E-08 1.3837E-08 1.2563E-08 1.1394E-08 1.0321E-08 9.3430E-09 8.4644E-09 7.6822E-09 6.9970E-09 6.3774E-09 5.8194E-09 5.3169E-09 4.8612E-09 4.4518E-09 4.0809E-09 3.7468E-09 3.4458E-09 3.1738E-09
5.7075E-10 7.2906E-10 9.4526E-10 1.1772E-09 1.4545E-09 1.7857E-09 2.1849E-09 2.7059E-09 3.3452E-09 4.0920E-09 4.9555E-09 5.9902E-09 7.2101E-09 8.6080E-09 1.0237E-08 1.2182E-08 1.4257E-08 1.6224E-08 1.8716E-08 2.0904E-08 2.2838E-08 2.4485E-08 2.5523E-08 2.6984E-08 2.8131E-08 2.9062E-08 2.9689E-08 2.9975E-08 2.9899E-08 2.9463E-08 2.8695E-08 2.7633E-08 2.6340E-08 2.4856E-08 2.3241E-08 2.1552E-08 1.9848E-08 1.8166E-08 1.6534E-08 1.4997E-08 1.3566E-08 1.2243E-08 1.1042E-08 9.9611E-09 9.0131E-09 8.1095E-09 7.3322E-09 6.6645E-09 6.0617E-09 5.5202E-09 5.0348E-09 4.5961E-09 4.2017E-09 3.8460E-09 3.5260E-09 3.2367E-09 2.9778E-09
5.3017E-10 6.8036E-10 8.9704E-10 1.1224E-09 1.3954E-09 1.7221E-09 2.1107E-09 2.6217E-09 3.2827E-09 4.0309E-09 4.9135E-09 5.9743E-09 7.2278E-09 8.7007E-09 1.0385E-08 1.2314E-08 1.4502E-08 1.6984E-08 1.9167E-08 2.1909E-08 2.4204E-08 2.5956E-08 2.7553E-08 2.9039E-08 2.9969E-08 3.0915E-08 3.1544E-08 3.1786E-08 3.1613E-08 3.1042E-08 3.0105E-08 2.8843E-08 2.7327E-08 2.5622E-08 2.3796E-08 2.1907E-08 2.0009E-08 1.8162E-08 1.6410E-08 1.4764E-08 1.3258E-08 1.1903E-08 1.0741E-08 9.6226E-09 8.6555E-09 7.6874E-09 6.9621E-09 6.3111E-09 5.7293E-09 5.2080E-09 4.7425E-09 4.3228E-09 3.9466E-09 3.6071E-09 3.3005E-09 3.0270E-09 2.7817E-09
4.8889E-10 6.2965E-10 8.4215E-10 1.0666E-09 1.3331E-09 1.6516E-09 2.0403E-09 2.5348E-09 3.2087E-09 3.9595E-09 4.8615E-09 5.9474E-09 7.2311E-09 8.7530E-09 1.0529E-08 1.2634E-08 1.4810E-08 1.7308E-08 2.0158E-08 2.2918E-08 2.5257E-08 2.8050E-08 2.9383E-08 3.1009E-08 3.2346E-08 3.3034E-08 3.3651E-08 3.3835E-08 3.3568E-08 3.2847E-08 3.1722E-08 3.0249E-08 2.8480E-08 2.6517E-08 2.4425E-08 2.2300E-08 2.0198E-08 1.8173E-08 1.6277E-08 1.4551E-08 1.3111E-08 1.1664E-08 1.0465E-08 9.3790E-09 8.2343E-09 7.2801E-09 6.5710E-09 5.9421E-09 5.3841E-09 4.8857E-09 4.4421E-09 4.0436E-09 3.6872E-09 3.3634E-09 3.0757E-09 2.8162E-09 2.5837E-09
4.4664E-10 5.7895E-10 7.8304E-10 1.0047E-09 1.2640E-09 1.5719E-09 1.9522E-09 2.4377E-09 3.1060E-09 3.8634E-09 4.7801E-09 5.8833E-09 7.2006E-09 8.7714E-09 1.0612E-08 1.2751E-08 1.5187E-08 1.8063E-08 2.0608E-08 2.3768E-08 2.6743E-08 2.9175E-08 3.1951E-08 3.3557E-08 3.4440E-08 3.5751E-08 3.6066E-08 3.6204E-08 3.5833E-08 3.4956E-08 3.3604E-08 3.1868E-08 2.9817E-08 2.7558E-08 2.5178E-08 2.2779E-08 2.0449E-08 1.8276E-08 1.6497E-08 1.4596E-08 1.3115E-08 1.1702E-08 1.0188E-08 8.9489E-09 7.6315E-09 6.8540E-09 6.1630E-09 5.5603E-09 5.0282E-09 4.5566E-09 4.1367E-09 3.7619E-09 3.4238E-09 3.1221E-09 2.8493E-09 2.6059E-09 2.3903E-09
4.0397E-10 5.2865E-10 7.2578E-10 9.3863E-10 1.1869E-09 1.4921E-09 1.8663E-09 2.3355E-09 3.0021E-09 3.7590E-09 4.6879E-09 5.8014E-09 7.1436E-09 8.7686E-09 1.0686E-08 1.2898E-08 1.5435E-08 1.8292E-08 2.1600E-08 2.4454E-08 2.7740E-08 3.1086E-08 3.3938E-08 3.6272E-08 3.7644E-08 3.8218E-08 3.8961E-08 3.8995E-08 3.8510E-08 3.7456E-08 3.5853E-08 3.3804E-08 3.1414E-08 2.8807E-08 2.6122E-08 2.3495E-08 2.1348E-08 1.8898E-08 1.7180E-08 1.5274E-08 1.3114E-08 1.1443E-08 9.7498E-09 8.2915E-09 7.2615E-09 6.4113E-09 5.7430E-09 5.1697E-09 4.6665E-09 4.2231E-09 3.8296E-09 3.4775E-09 3.1633E-09 2.8790E-09 2.6250E-09 2.4007E-09 2.1992E-09
3.6206E-10 4.7737E-10 6.6441E-10 8.7879E-10 1.1106E-09 1.4017E-09 1.7662E-09 2.2189E-09 2.8615E-09 3.6294E-09 4.5555E-09 5.6821E-09 7.0448E-09 8.7153E-09 1.0690E-08 1.3003E-08 1.5731E-08 1.8671E-08 2.1972E-08 2.5574E-08 2.9361E-08 3.2421E-08 3.6034E-08 3.8696E-08 4.0664E-08 4.1793E-08 4.2459E-08 4.2247E-08 4.1613E-08 4.0344E-08 3.8466E-08 3.6083E-08 3.3356E-08 3.0482E-08 2.8092E-08 2.5119E-08 2.3385E-08 2.0757E-08 1.7753E-08 1.5459E-08 1.2867E-08 1.0999E-08 9.1475E-09 7.8133E-09 6.7547E-09 5.9549E-09 5.3210E-09 4.7755E-09 4.3031E-09 3.8894E-09 3.5235E-09 3.1969E-09 2.9023E-09 2.6398E-09 2.4067E-09 2.1995E-09 2.0150E-09
3.2101E-10 4.2575E-10 6.0153E-10 8.0877E-10 1.0278E-09 1.3124E-09 1.6589E-09 2.1044E-09 2.7164E-09 3.4870E-09 4.4103E-09 5.5393E-09 6.9143E-09 8.6033E-09 1.0666E-08 1.3064E-08 1.5857E-08 1.9084E-08 2.2945E-08 2.6375E-08 3.0368E-08 3.4544E-08 3.7814E-08 4.1320E-08 4.4379E-08 4.5374E-08 4.6200E-08 4.6281E-08 4.5294E-08 4.3791E-08 4.1638E-08 3.9041E-08 3.6772E-08 3.3551E-08 3.2482E-08 2.8794E-08 2.4911E-08 2.1907E-08 1.8035E-08 1.5278E-08 1.2465E-08 1.0332E-08 8.5159E-09 7.2546E-09 6.1980E-09 5.4915E-09 4.8942E-09 4.3805E-09 3.9402E-09 3.5584E-09 3.2211E-09 2.9179E-09 2.6467E-09 2.4063E-09 2.1914E-09 2.0047E-09 1.8366E-09
2.8082E-10 3.7657E-10 5.4203E-10 7.3478E-10 9.4654E-10 1.2148E-09 1.5509E-09 1.9749E-09 2.5637E-09 3.3085E-09 4.2342E-09 5.3588E-09 6.7342E-09 8.4655E-09 1.0559E-08 1.3062E-08 1.5983E-08 1.9370E-08 2.3186E-08 2.7444E-08 3.1641E-08 3.6046E-08 4.0669E-08 4.4416E-08 4.7231E-08 4.9863E-08 5.0447E-08 5.0626E-08 4.9866E-08 4.8112E-08 4.6655E-08 4.3847E-08 4.4640E-08 3.9607E-08 3.5167E-08 3.1595E-08 2.6230E-08 2.2419E-08 1.8000E-08 1.4712E-08 1.1891E-08 9.5877E-09 7.9395E-09 6.6576E-09 5.6998E-09 5.0236E-09 4.4685E-09 3.9881E-09 3.5827E-09 3.2331E-09 2.9242E-09 2.6458E-09 2.3981E-09 2.1785E-09 1.9863E-09 1.8176E-09 1.6641E-09
2.4000E-10 3.2525E-10 4.8142E-10 6.5985E-10 8.6291E-10 1.1127E-09 1.4333E-09 1.8428E-09 2.3970E-09 3.1183E-09 4.0333E-09 5.1496E-09 6.5103E-09 8.2415E-09 1.0393E-08 1.2982E-08 1.6051E-08 1.9610E-08 2.3707E-08 2.8234E-08 3.3104E-08 3.8430E-08 4.2794E-08 4.7416E-08 5.1374E-08 5.4289E-08 5.5939E-08 5.6255E-08 5.6068E-08 5.4737E-08 5.7051E-08 5.2489E-08 4.8361E-08 4.4741E-08 3.8168E-08 3.3465E-08 2.7013E-08 2.2319E-08 1.7609E-08 1.3995E-08 1.1039E-08 8.9084E-09 7.3035E-09 6.1024E-09 5.2024E-09 4.5638E-09 4.0471E-09 3.6025E-09 3.2333E-09 2.9168E-09 2.6344E-09 2.3808E-09 2.1564E-09 1.9609E-09 1.7881E-09 1.6374E-09 1.5005E-09
2.0271E-10 2.7558E-10 4.1753E-10 5.8079E-10 7.7701E-10 1.0070E-09 1.3139E-09 1.6995E-09 2.2241E-09 2.9058E-09 3.8023E-09 4.8953E-09 6.2417E-09 7.9781E-09 1.0166E-08 1.2840E-08 1.6027E-08 1.9812E-08 2.4166E-08 2.9251E-08 3.4454E-08 4.0128E-08 4.6055E-08 5.0840E-08 5.5473E-08 5.9568E-08 6.2675E-08 6.3930E-08 6.8547E-08 6.5474E-08 6.3088E-08 6.0364E-08 5.3592E-08 4.8762E-08 4.0436E-08 3.4424E-08 2.7160E-08 2.1470E-08 1.6918E-08 1.3167E-08 1.0292E-08 8.2024E-09 6.6772E-09 5.5486E-09 4.7048E-09 4.1112E-09 3.6315E-09 3.2262E-09 2.8945E-09 2.6079E-09 2.3527E-09 2.1272E-09 1.9285E-09 1.7521E-09 1.6005E-09 1.4673E-09 1.3435E-09
1.6826E-10 2.3021E-10 3.5625E-10 4.9773E-10 6.9149E-10 8.9905E-10 1.1920E-09 1.5505E-09 2.0452E-09 2.6819E-09 3.5422E-09 4.6069E-09 5.9306E-09 7.6548E-09 9.8336E-09 1.2567E-08 1.5920E-08 1.9900E-08 2.4569E-08 2.9931E-08 3.6004E-08 4.2280E-08 4.8803E-08 5.5279E-08 6.1782E-08 6.6412E-08 7.4706E-08 7.5647E-08 7.6515E-08 7.6013E-08 7.0813E-08 6.7173E-08 5.8113E-08 5.1599E-08 4.1800E-08 3.3642E-08 2.6728E-08 2.0676E-08 1.5990E-08 1.2205E-08 9.4774E-09 7.4798E-09 6.0442E-09 4.8954E-09 4.2149E-09 3.6697E-09 3.2299E-09 2.8625E-09 2.5664E-09 2.3132E-09 2.0874E-09 1.8876E-09 1.7104E-09 1.5571E-09 1.4257E-09 1.3061E-09 1.1952E-09
1.3461E-10 1.8724E-10 2.9735E-10 4.2046E-10 5.9945E-10 7.8964E-10 1.0645E-09 1.3918E-09 1.8560E-09 2.4579E-09 3.2618E-09 4.2884E-09 5.5768E-09 7.2295E-09 9.4342E-09 1.2234E-08 1.5689E-08 1.9871E-08 2.4870E-08 3.0750E-08 3.7445E-08 4.4898E-08 5.3294E-08 6.0869E-08 7.1651E-08 7.7462E-08 8.3531E-08 8.7011E-08 8.6173E-08 8.5636E-08 7.8065E-08 7.2902E-08 6.1578E-08 5.1580E-08 4.2221E-08 3.3090E-08 2.5805E-08 1.9620E-08 1.4671E-08 1.1224E-08 8.6285E-09 6.7431E-09 5.3044E-09 4.3729E-09 3.7382E-09 3.2416E-09 2.8467E-09 2.5211E-09 2.2562E-09 2.0342E-09 1.8346E-09 1.6613E-09 1.5081E-09 1.3752E-09 1.2605E-09 1.1542E-09 1.0515E-09
1.0253E-10 1.4651E-10 2.3934E-10 3.4764E-10 5.0618E-10 6.8312E-10 9.3079E-10 1.2336E-09 1.6627E-09 2.2156E-09 2.9743E-09 3.9341E-09 5.1652E-09 6.7572E-09 8.9459E-09 1.1732E-08 1.5303E-08 1.9700E-08 2.5088E-08 3.1606E-08 3.9439E-08 4.8180E-08 5.9924E-08 6.9054E-08 7.9598E-08 8.7855E-08 9.2911E-08 9.8232E-08 9.5224E-08 9.4502E-08 8.4312E-08 7.4629E-08 6.3948E-08 5.1866E-08 4.1750E-08 3.2062E-08 2.4445E-08 1.8243E-08 1.3611E-08 1.0204E-08 7.7630E-09 5.8956E-09 4.6046E-09 3.8574E-09 3.2744E-09 2.8286E-09 2.4766E-09 2.1917E-09 1.9686E-09 1.7750E-09 1.6024E-09 1.4494E-09 1.3199E-09 1.2083E-09 1.1039E-09 1.0114E-09 9.1997E-10
7.3719E-11 1.0778E-10 1.8776E-10 2.7663E-10 4.0866E-10 5.7610E-10 7.9658E-10 1.0778E-09 1.4578E-09 1.9704E-09 2.6684E-09 3.5747E-09 4.7166E-09 6.2221E-09 8.3462E-09 1.1140E-08 1.4827E-08 1.9435E-08 2.5387E-08 3.2738E-08 4.2983E-08 5.2843E-08 6.5717E-08 7.7034E-08 8.7403E-08 9.8961E-08 1.0285E-07 1.0884E-07 1.0431E-07 9.9063E-08 8.9729E-08 7.6762E-08 6.4955E-08 5.1481E-08 4.0451E-08 3.0441E-08 2.2714E-08 1.6822E-08 1.2344E-08 9.1587E-09 6.7571E-09 5.0717E-09 4.0352E-09 3.3512E-09 2.8318E-09 2.4232E-09 2.1307E-09 1.8885E-09 1.7030E-09 1.5321E-09 1.3844E-09 1.2591E-09 1.1477E-09 1.0508E-09 9.5992E-10 8.7581E-10 8.0104E-10
4.9054E-11 7.6215E-11 1.3975E-10 2.1011E-10 3.1955E-10 4.7059E-10 6.5790E-10 9.1887E-10 1.2528E-09 1.7239E-09 2.3401E-09 3.1892E-09 4.2415E-09 5.6340E-09 7.6744E-09 1.0450E-08 1.4291E-08 1.9179E-08 2.6319E-08 3.4354E-08 4.6071E-08 5.7223E-08 7.0135E-08 8.5266E-08 9.6223E-08 1.0956E-07 1.1344E-07 1.1685E-07 1.1255E-07 1.0339E-07 9.3458E-08 7.8046E-08 6.4388E-08 4.9970E-08 3.7935E-08 2.8288E-08 2.0837E-08 1.5252E-08 1.1041E-08 7.9618E-09 5.8203E-09 4.3183E-09 3.4753E-09 2.8632E-09 2.3886E-09 2.0640E-09 1.8100E-09 1.6187E-09 1.4533E-09 1.3126E-09 1.1908E-09 1.0832E-09 9.9134E-10 9.0363E-10 8.2415E-10 7.5662E-10 6.9101E-10
