Assets/Resources/2015_m01_d04_2300(utc+0800)_l00_csi_1hr_conc.grd
DSAA
         159         159
     -79.000      79.000
     -79.000      79.000
  0.1373E-09  0.6355E-05
[rows 25 to 49 of 159, columns 0 to 56 of 159]
4.8230E-09 4.8958E-09 4.9700E-09 5.0299E-09 5.0899E-09 5.1470E-09 5.2027E-09 5.2584E-09 5.3137E-09 5.3644E-09 5.4132E-09 5.4600E-09 5.5066E-09 5.5507E-09 5.5919E-09 5.6324E-09 5.6714E-09 5.7067E-09 5.7398E-09 5.7728E-09 5.8044E-09 5.8333E-09 5.8586E-09 5.8839E-09 5.9075E-09 5.9286E-09 5.9463E-09 5.9637E-09 5.9793E-09 5.9924E-09 6.0022E-09 6.0115E-09 6.0187E-09 6.0237E-09 6.0259E-09 6.0264E-09 6.0248E-09 6.0210E-09 6.0146E-09 6.0049E-09 5.9915E-09 5.9751E-09 5.9574E-09 5.9388E-09 5.9166E-09 5.8894E-09 5.8577E-09 5.8225E-09 5.7835E-09 5.7407E-09 5.6939E-09 5.6432E-09 5.5896E-09 5.5337E-09 5.4735E-09 5.4088E-09 5.3399E-09
4.9637E-09 5.0398E-09 5.1176E-09 5.1819E-09 5.2437E-09 5.3030E-09 5.3625E-09 5.4223E-09 5.4780E-09 5.5310E-09 5.5821E-09 5.6323E-09 5.6809E-09 5.7261E-09 5.7697E-09 5.8131E-09 5.8522E-09 5.8891E-09 5.9255E-09 5.9609E-09 5.9936E-09 6.0222E-09 6.0509E-09 6.0781E-09 6.1023E-09 6.1231E-09 6.1439E-09 6.1629E-09 6.1794E-09 6.1924E-09 6.2051E-09 6.2159E-09 6.2243E-09 6.2292E-09 6.2336E-09 6.2356E-09 6.2355E-09 6.2326E-09 6.2257E-09 6.2159E-09 6.2038E-09 6.1922E-09 6.1775E-09 6.1578E-09 6.1334E-09 6.1055E-09 6.0739E-09 6.0385E-09 5.9991E-09 5.9559E-09 5.9116E-09 5.8628E-09 5.8096E-09 5.7520E-09 5.6882E-09 5.6197E-09 5.5467E-09
5.1228E-09 5.2027E-09 5.2724E-09 5.3398E-09 5.4038E-09 5.4671E-09 5.5305E-09 5.5919E-09 5.6494E-09 5.7050E-09 5.7590E-09 5.8125E-09 5.8621E-09 5.9094E-09 5.9569E-09 6.0006E-09 6.0414E-09 6.0810E-09 6.1203E-09 6.1570E-09 6.1895E-09 6.2216E-09 6.2525E-09 6.2804E-09 6.3044E-09 6.3286E-09 6.3511E-09 6.3708E-09 6.3871E-09 6.4031E-09 6.4175E-09 6.4293E-09 6.4376E-09 6.4456E-09 6.4515E-09 6.4550E-09 6.4552E-09 6.4518E-09 6.4457E-09 6.4395E-09 6.4323E-09 6.4210E-09 6.4041E-09 6.3839E-09 6.3601E-09 6.3326E-09 6.3013E-09 6.2671E-09 6.2314E-09 6.1910E-09 6.1459E-09 6.0943E-09 6.0380E-09 5.9771E-09 5.9112E-09 5.8405E-09 5.7650E-09
5.2882E-09 5.3597E-09 5.4343E-09 5.5036E-09 5.5707E-09 5.6384E-09 5.7060E-09 5.7683E-09 5.8285E-09 5.8867E-09 5.9448E-09 5.9995E-09 6.0514E-09 6.1027E-09 6.1515E-09 6.1966E-09 6.2397E-09 6.2829E-09 6.3239E-09 6.3605E-09 6.3960E-09 6.4306E-09 6.4624E-09 6.4900E-09 6.5177E-09 6.5439E-09 6.5670E-09 6.5866E-09 6.6061E-09 6.6240E-09 6.6392E-09 6.6508E-09 6.6624E-09 6.6721E-09 6.6792E-09 6.6827E-09 6.6831E-09 6.6814E-09 6.6807E-09 6.6776E-09 6.6689E-09 6.6563E-09 6.6404E-09 6.6211E-09 6.5982E-09 6.5724E-09 6.5460E-09 6.5149E-09 6.4785E-09 6.4355E-09 6.3876E-09 6.3354E-09 6.2781E-09 6.2158E-09 6.1482E-09 6.0768E-09 6.0007E-09
5.4478E-09 5.5241E-09 5.6020E-09 5.6743E-09 5.7447E-09 5.8185E-09 5.8872E-09 5.9526E-09 6.0158E-09 6.0781E-09 6.1383E-09 6.1950E-09 6.2500E-09 6.3044E-09 6.3541E-09 6.4014E-09 6.4485E-09 6.4942E-09 6.5354E-09 6.5743E-09 6.6129E-09 6.6488E-09 6.6802E-09 6.7112E-09 6.7411E-09 6.7679E-09 6.7907E-09 6.8139E-09 6.8355E-09 6.8540E-09 6.8691E-09 6.8843E-09 6.8977E-09 6.9085E-09 6.9153E-09 6.9195E-09 6.9226E-09 6.9269E-09 6.9275E-09 6.9226E-09 6.9145E-09 6.9033E-09 6.8888E-09 6.8709E-09 6.8533E-09 6.8319E-09 6.8053E-09 6.7721E-09 6.7342E-09 6.6911E-09 6.6437E-09 6.5909E-09 6.5340E-09 6.4735E-09 6.4080E-09 6.3363E-09 6.2587E-09
5.6141E-09 5.6955E-09 5.7762E-09 5.8521E-09 5.9269E-09 6.0052E-09 6.0761E-09 6.1449E-09 6.2116E-09 6.2780E-09 6.3400E-09 6.3995E-09 6.4589E-09 6.5141E-09 6.5662E-09 6.6171E-09 6.6674E-09 6.7137E-09 6.7561E-09 6.7988E-09 6.8394E-09 6.8752E-09 6.9095E-09 6.9432E-09 6.9739E-09 7.0002E-09 7.0268E-09 7.0520E-09 7.0743E-09 7.0928E-09 7.1117E-09 7.1291E-09 7.1435E-09 7.1539E-09 7.1620E-09 7.1696E-09 7.1785E-09 7.1826E-09 7.1820E-09 7.1787E-09 7.1724E-09 7.1629E-09 7.1522E-09 7.1408E-09 7.1247E-09 7.1017E-09 7.0741E-09 7.0419E-09 7.0047E-09 6.9623E-09 6.9169E-09 6.8685E-09 6.8143E-09 6.7535E-09 6.6854E-09 6.6102E-09 6.5294E-09
5.7881E-09 5.8730E-09 5.9576E-09 6.0376E-09 6.1187E-09 6.1988E-09 6.2734E-09 6.3456E-09 6.4172E-09 6.4856E-09 6.5506E-09 6.6144E-09 6.6761E-09 6.7334E-09 6.7882E-09 6.8436E-09 6.8956E-09 6.9425E-09 6.9889E-09 7.0341E-09 7.0748E-09 7.1126E-09 7.1504E-09 7.1854E-09 7.2157E-09 7.2457E-09 7.2747E-09 7.3007E-09 7.3224E-09 7.3450E-09 7.3662E-09 7.3845E-09 7.3987E-09 7.4107E-09 7.4229E-09 7.4362E-09 7.4440E-09 7.4479E-09 7.4493E-09 7.4479E-09 7.4436E-09 7.4406E-09 7.4349E-09 7.4230E-09 7.4058E-09 7.3844E-09 7.3584E-09 7.3276E-09 7.2929E-09 7.2571E-09 7.2149E-09 7.1662E-09 7.1096E-09 7.0465E-09 6.9766E-09 6.9000E-09 6.8189E-09
5.9689E-09 6.0571E-09 6.1463E-09 6.2313E-09 6.3172E-09 6.4007E-09 6.4791E-09 6.5557E-09 6.6312E-09 6.7024E-09 6.7707E-09 6.8394E-09 6.9026E-09 6.9627E-09 7.0222E-09 7.0804E-09 7.1330E-09 7.1834E-09 7.2335E-09 7.2795E-09 7.3208E-09 7.3625E-09 7.4025E-09 7.4375E-09 7.4707E-09 7.5037E-09 7.5339E-09 7.5593E-09 7.5854E-09 7.6104E-09 7.6325E-09 7.6505E-09 7.6663E-09 7.6828E-09 7.7004E-09 7.7123E-09 7.7208E-09 7.7269E-09 7.7305E-09 7.7325E-09 7.7358E-09 7.7354E-09 7.7286E-09 7.7176E-09 7.7026E-09 7.6833E-09 7.6597E-09 7.6353E-09 7.6068E-09 7.5710E-09 7.5270E-09 7.4773E-09 7.4210E-09 7.3579E-09 7.2874E-09 7.2121E-09 7.1358E-09
6.1557E-09 6.2484E-09 6.3425E-09 6.4346E-09 6.5229E-09 6.6111E-09 6.6938E-09 6.7760E-09 6.8542E-09 6.9292E-09 7.0028E-09 7.0734E-09 7.1397E-09 7.2037E-09 7.2678E-09 7.3273E-09 7.3819E-09 7.4370E-09 7.4894E-09 7.5357E-09 7.5812E-09 7.6257E-09 7.6657E-09 7.7023E-09 7.7394E-09 7.7741E-09 7.8039E-09 7.8332E-09 7.8622E-09 7.8884E-09 7.9103E-09 7.9301E-09 7.9503E-09 7.9721E-09 7.9884E-09 8.0013E-09 8.0120E-09 8.0205E-09 8.0282E-09 8.0378E-09 8.0425E-09 8.0413E-09 8.0367E-09 8.0282E-09 8.0157E-09 8.0027E-09 7.9868E-09 7.9642E-09 7.9342E-09 7.8980E-09 7.8565E-09 7.8082E-09 7.7531E-09 7.6940E-09 7.6280E-09 7.5547E-09 7.4809E-09
6.3493E-09 6.4473E-09 6.5472E-09 6.6452E-09 6.7373E-09 6.8305E-09 6.9185E-09 7.0052E-09 7.0873E-09 7.1663E-09 7.2453E-09 7.3184E-09 7.3882E-09 7.4573E-09 7.5249E-09 7.5856E-09 7.6449E-09 7.7034E-09 7.7561E-09 7.8056E-09 7.8553E-09 7.9010E-09 7.9417E-09 7.9826E-09 8.0221E-09 8.0565E-09 8.0891E-09 8.1222E-09 8.1527E-09 8.1784E-09 8.2020E-09 8.2259E-09 8.2518E-09 8.2724E-09 8.2895E-09 8.3046E-09 8.3178E-09 8.3310E-09 8.3464E-09 8.3560E-09 8.3608E-09 8.3626E-09 8.3609E-09 8.3554E-09 8.3526E-09 8.3445E-09 8.3274E-09 8.3058E-09 8.2780E-09 8.2453E-09 8.2060E-09 8.1642E-09 8.1155E-09 8.0582E-09 7.9905E-09 7.9157E-09 7.8454E-09
6.5501E-09 6.6538E-09 6.7615E-09 6.8632E-09 6.9608E-09 7.0593E-09 7.1538E-09 7.2441E-09 7.3308E-09 7.4159E-09 7.4978E-09 7.5749E-09 7.6496E-09 7.7242E-09 7.7929E-09 7.8571E-09 7.9219E-09 7.9819E-09 8.0363E-09 8.0904E-09 8.1429E-09 8.1889E-09 8.2334E-09 8.2777E-09 8.3174E-09 8.3530E-09 8.3899E-09 8.4249E-09 8.4551E-09 8.4826E-09 8.5099E-09 8.5395E-09 8.5644E-09 8.5858E-09 8.6053E-09 8.6228E-09 8.6410E-09 8.6617E-09 8.6763E-09 8.6869E-09 8.6949E-09 8.6999E-09 8.7032E-09 8.7081E-09 8.7071E-09 8.6970E-09 8.6842E-09 8.6661E-09 8.6419E-09 8.6159E-09 8.5857E-09 8.5469E-09 8.4973E-09 8.4382E-09 8.3706E-09 8.3000E-09 8.2383E-09
6.7579E-09 6.8679E-09 6.9837E-09 7.0898E-09 7.1932E-09 7.2979E-09 7.3984E-09 7.4935E-09 7.5853E-09 7.6768E-09 7.7620E-09 7.8435E-09 7.9243E-09 8.0025E-09 8.0737E-09 8.1434E-09 8.2117E-09 8.2729E-09 8.3317E-09 8.3899E-09 8.4426E-09 8.4910E-09 8.5403E-09 8.5858E-09 8.6257E-09 8.6660E-09 8.7056E-09 8.7403E-09 8.7717E-09 8.8021E-09 8.8351E-09 8.8647E-09 8.8900E-09 8.9135E-09 8.9353E-09 8.9578E-09 8.9831E-09 9.0029E-09 9.0189E-09 9.0329E-09 9.0442E-09 9.0559E-09 9.0685E-09 9.0741E-09 9.0734E-09 9.0677E-09 9.0587E-09 9.0442E-09 9.0323E-09 9.0127E-09 8.9828E-09 8.9435E-09 8.8956E-09 8.8394E-09 8.7775E-09 8.7147E-09 8.6636E-09
6.9728E-09 7.0904E-09 7.2124E-09 7.3250E-09 7.4347E-09 7.5472E-09 7.6523E-09 7.7533E-09 7.8516E-09 7.9475E-09 8.0377E-09 8.1247E-09 8.2118E-09 8.2922E-09 8.3676E-09 8.4434E-09 8.5133E-09 8.5774E-09 8.6418E-09 8.7021E-09 8.7559E-09 8.8089E-09 8.8608E-09 8.9063E-09 8.9498E-09 8.9939E-09 9.0336E-09 9.0689E-09 9.1020E-09 9.1380E-09 9.1727E-09 9.2018E-09 9.2292E-09 9.2550E-09 9.2813E-09 9.3108E-09 9.3355E-09 9.3566E-09 9.3757E-09 9.3929E-09 9.4118E-09 9.4316E-09 9.4439E-09 9.4515E-09 9.4539E-09 9.4543E-09 9.4521E-09 9.4508E-09 9.4412E-09 9.4215E-09 9.3941E-09 9.3584E-09 9.3174E-09 9.2665E-09 9.2103E-09 9.1570E-09 9.1142E-09
7.1940E-09 7.3212E-09 7.4486E-09 7.5682E-09 7.6848E-09 7.8052E-09 7.9160E-09 8.0231E-09 8.1290E-09 8.2292E-09 8.3248E-09 8.4187E-09 8.5104E-09 8.5941E-09 8.6757E-09 8.7557E-09 8.8276E-09 8.8967E-09 8.9650E-09 9.0261E-09 9.0834E-09 9.1411E-09 9.1932E-09 9.2401E-09 9.2885E-09 9.3343E-09 9.3738E-09 9.4108E-09 9.4485E-09 9.4875E-09 9.5207E-09 9.5516E-09 9.5810E-09 9.6103E-09 9.6435E-09 9.6730E-09 9.6985E-09 9.7226E-09 9.7450E-09 9.7696E-09 9.7961E-09 9.8149E-09 9.8300E-09 9.8401E-09 9.8495E-09 9.8604E-09 9.8680E-09 9.8680E-09 9.8602E-09 9.8454E-09 9.8250E-09 9.7976E-09 9.7632E-09 9.7173E-09 9.6658E-09 9.6278E-09 9.6090E-09
7.4212E-09 7.5573E-09 7.6917E-09 7.8190E-09 7.9437E-09 8.0708E-09 8.1886E-09 8.3024E-09 8.4154E-09 8.5212E-09 8.6226E-09 8.7246E-09 8.8193E-09 8.9077E-09 8.9965E-09 9.0786E-09 9.1541E-09 9.2296E-09 9.2997E-09 9.3629E-09 9.4251E-09 9.4854E-09 9.5377E-09 9.5890E-09 9.6400E-09 9.6849E-09 9.7260E-09 9.7662E-09 9.8084E-09 9.8462E-09 9.8802E-09 9.9127E-09 9.9442E-09 9.9800E-09 1.0014E-08 1.0044E-08 1.0072E-08 1.0099E-08 1.0128E-08 1.0160E-08 1.0185E-08 1.0208E-08 1.0227E-08 1.0243E-08 1.0265E-08 1.0282E-08 1.0292E-08 1.0296E-08 1.0294E-08 1.0289E-08 1.0278E-08 1.0258E-08 1.0227E-08 1.0187E-08 1.0159E-08 1.0140E-08 1.0129E-08
7.6542E-09 7.7980E-09 7.9410E-09 8.0764E-09 8.2104E-09 8.3443E-09 8.4695E-09 8.5920E-09 8.7105E-09 8.8229E-09 8.9322E-09 9.0402E-09 9.1389E-09 9.2342E-09 9.3281E-09 9.4129E-09 9.4938E-09 9.5738E-09 9.6453E-09 9.7124E-09 9.7794E-09 9.8394E-09 9.8939E-09 9.9502E-09 1.0001E-08 1.0047E-08 1.0089E-08 1.0134E-08 1.0177E-08 1.0214E-08 1.0249E-08 1.0283E-08 1.0320E-08 1.0358E-08 1.0391E-08 1.0423E-08 1.0453E-08 1.0486E-08 1.0524E-08 1.0555E-08 1.0583E-08 1.0610E-08 1.0633E-08 1.0664E-08 1.0690E-08 1.0711E-08 1.0727E-08 1.0738E-08 1.0748E-08 1.0754E-08 1.0749E-08 1.0732E-08 1.0717E-08 1.0698E-08 1.0679E-08 1.0674E-08 1.0681E-08
7.8919E-09 8.0433E-09 8.1954E-09 8.3395E-09 8.4826E-09 8.6247E-09 8.7580E-09 8.8896E-09 9.0142E-09 9.1336E-09 9.2516E-09 9.3640E-09 9.4685E-09 9.5715E-09 9.6687E-09 9.7577E-09 9.8450E-09 9.9275E-09 1.0002E-08 1.0074E-08 1.0143E-08 1.0204E-08 1.0263E-08 1.0321E-08 1.0371E-08 1.0417E-08 1.0464E-08 1.0510E-08 1.0552E-08 1.0590E-08 1.0626E-08 1.0664E-08 1.0705E-08 1.0741E-08 1.0776E-08 1.0809E-08 1.0844E-08 1.0886E-08 1.0923E-08 1.0956E-08 1.0989E-08 1.1018E-08 1.1058E-08 1.1094E-08 1.1150E-08 1.1181E-08 1.1211E-08 1.1241E-08 1.1268E-08 1.1285E-08 1.1293E-08 1.1311E-08 1.1316E-08 1.1311E-08 1.1325E-08 1.1366E-08 1.1390E-08
8.1319E-09 8.2921E-09 8.4539E-09 8.6080E-09 8.7599E-09 8.9110E-09 9.0528E-09 9.1930E-09 9.3253E-09 9.4520E-09 9.5791E-09 9.6964E-09 9.8072E-09 9.9177E-09 1.0018E-08 1.0112E-08 1.0206E-08 1.0290E-08 1.0367E-08 1.0445E-08 1.0514E-08 1.0577E-08 1.0641E-08 1.0698E-08 1.0749E-08 1.0797E-08 1.0847E-08 1.0893E-08 1.0934E-08 1.0973E-08 1.1011E-08 1.1053E-08 1.1093E-08 1.1130E-08 1.1166E-08 1.1202E-08 1.1246E-08 1.1288E-08 1.1326E-08 1.1364E-08 1.1401E-08 1.1444E-08 1.1489E-08 1.1526E-08 1.1595E-08 1.1637E-08 1.1681E-08 1.1722E-08 1.1755E-08 1.1786E-08 1.1823E-08 1.1847E-08 1.1860E-08 1.1889E-08 1.1934E-08 1.1989E-08 1.2024E-08
8.3730E-09 8.5432E-09 8.7155E-09 8.8808E-09 9.0412E-09 9.2021E-09 9.3538E-09 9.5020E-09 9.6425E-09 9.7787E-09 9.9127E-09 1.0036E-08 1.0155E-08 1.0271E-08 1.0376E-08 1.0476E-08 1.0574E-08 1.0660E-08 1.0743E-08 1.0823E-08 1.0893E-08 1.0960E-08 1.1026E-08 1.1082E-08 1.1134E-08 1.1185E-08 1.1236E-08 1.1280E-08 1.1322E-08 1.1361E-08 1.1403E-08 1.1447E-08 1.1485E-08 1.1523E-08 1.1561E-08 1.1604E-08 1.1651E-08 1.1693E-08 1.1734E-08 1.1776E-08 1.1823E-08 1.1876E-08 1.1919E-08 1.1966E-08 1.2050E-08 1.2107E-08 1.2162E-08 1.2210E-08 1.2260E-08 1.2317E-08 1.2362E-08 1.2398E-08 1.2447E-08 1.2493E-08 1.2555E-08 1.2657E-08 1.2733E-08
8.6137E-09 8.7950E-09 8.9783E-09 9.1550E-09 9.3251E-09 9.4961E-09 9.6590E-09 9.8150E-09 9.9642E-09 1.0111E-08 1.0251E-08 1.0381E-08 1.0509E-08 1.0629E-08 1.0739E-08 1.0847E-08 1.0946E-08 1.1037E-08 1.1125E-08 1.1206E-08 1.1278E-08 1.1349E-08 1.1414E-08 1.1471E-08 1.1524E-08 1.1578E-08 1.1628E-08 1.1672E-08 1.1713E-08 1.1754E-08 1.1799E-08 1.1841E-08 1.1880E-08 1.1919E-08 1.1960E-08 1.2011E-08 1.2055E-08 1.2099E-08 1.2145E-08 1.2195E-08 1.2252E-08 1.2305E-08 1.2357E-08 1.2412E-08 1.2516E-08 1.2584E-08 1.2646E-08 1.2713E-08 1.2790E-08 1.2854E-08 1.2918E-08 1.2986E-08 1.3043E-08 1.3121E-08 1.3247E-08 1.3380E-08 1.3463E-08
8.8524E-09 9.0453E-09 9.2401E-09 9.4282E-09 9.6092E-09 9.7909E-09 9.9647E-09 1.0130E-08 1.0288E-08 1.0445E-08 1.0592E-08 1.0729E-08 1.0866E-08 1.0990E-08 1.1107E-08 1.1221E-08 1.1323E-08 1.1418E-08 1.1511E-08 1.1592E-08 1.1667E-08 1.1741E-08 1.1805E-08 1.1863E-08 1.1919E-08 1.1973E-08 1.2021E-08 1.2064E-08 1.2106E-08 1.2150E-08 1.2195E-08 1.2235E-08 1.2275E-08 1.2315E-08 1.2365E-08 1.2412E-08 1.2458E-08 1.2506E-08 1.2557E-08 1.2618E-08 1.2677E-08 1.2734E-08 1.2796E-08 1.2866E-08 1.2988E-08 1.3062E-08 1.3143E-08 1.3268E-08 1.3358E-08 1.3453E-08 1.3549E-08 1.3637E-08 1.3745E-08 1.3893E-08 1.4064E-08 1.4210E-08 1.4344E-08
9.0862E-09 9.2913E-09 9.4984E-09 9.6982E-09 9.8906E-09 1.0084E-08 1.0268E-08 1.0443E-08 1.0611E-08 1.0779E-08 1.0932E-08 1.1079E-08 1.1223E-08 1.1352E-08 1.1476E-08 1.1595E-08 1.1700E-08 1.1801E-08 1.1895E-08 1.1978E-08 1.2057E-08 1.2132E-08 1.2196E-08 1.2254E-08 1.2312E-08 1.2366E-08 1.2412E-08 1.2455E-08 1.2498E-08 1.2544E-08 1.2587E-08 1.2627E-08 1.2667E-08 1.2712E-08 1.2764E-08 1.2811E-08 1.2860E-08 1.2911E-08 1.2972E-08 1.3037E-08 1.3098E-08 1.3165E-08 1.3240E-08 1.3323E-08 1.3456E-08 1.3545E-08 1.3688E-08 1.3796E-08 1.3904E-08 1.4032E-08 1.4142E-08 1.4276E-08 1.4439E-08 1.4612E-08 1.4820E-08 1.5022E-08 1.5172E-08
9.3117E-09 9.5296E-09 9.7505E-09 9.9616E-09 1.0166E-08 1.0371E-08 1.0566E-08 1.0752E-08 1.0932E-08 1.1107E-08 1.1269E-08 1.1426E-08 1.1575E-08 1.1711E-08 1.1843E-08 1.1964E-08 1.2074E-08 1.2181E-08 1.2276E-08 1.2361E-08 1.2445E-08 1.2518E-08 1.2582E-08 1.2643E-08 1.2701E-08 1.2753E-08 1.2799E-08 1.2841E-08 1.2887E-08 1.2933E-08 1.2973E-08 1.3013E-08 1.3054E-08 1.3107E-08 1.3155E-08 1.3204E-08 1.3256E-08 1.3315E-08 1.3384E-08 1.3450E-08 1.3518E-08 1.3596E-08 1.3686E-08 1.3773E-08 1.3923E-08 1.4047E-08 1.4200E-08 1.4327E-08 1.4477E-08 1.4608E-08 1.4773E-08 1.4954E-08 1.5128E-08 1.5367E-08 1.5629E-08 1.5850E-08 1.6026E-08
9.5249E-09 9.7559E-09 9.9910E-09 1.0214E-08 1.0431E-08 1.0649E-08 1.0855E-08 1.1051E-08 1.1242E-08 1.1426E-08 1.1597E-08 1.1764E-08 1.1919E-08 1.2062E-08 1.2201E-08 1.2326E-08 1.2440E-08 1.2552E-08 1.2648E-08 1.2736E-08 1.2823E-08 1.2895E-08 1.2959E-08 1.3023E-08 1.3081E-08 1.3130E-08 1.3176E-08 1.3219E-08 1.3266E-08 1.3310E-08 1.3350E-08 1.3390E-08 1.3436E-08 1.3489E-08 1.3538E-08 1.3590E-08 1.3645E-08 1.3714E-08 1.3784E-08 1.3854E-08 1.3933E-08 1.4027E-08 1.4122E-08 1.4217E-08 1.4406E-08 1.4534E-08 1.4711E-08 1.4881E-08 1.5032E-08 1.5224E-08 1.5426E-08 1.5615E-08 1.5869E-08 1.6157E-08 1.6445E-08 1.6733E-08 1.6942E-08
9.7207E-09 9.9653E-09 1.0214E-08 1.0450E-08 1.0679E-08 1.0911E-08 1.1128E-08 1.1335E-08 1.1539E-08 1.1731E-08 1.1911E-08 1.2088E-08 1.2248E-08 1.2398E-08 1.2544E-08 1.2673E-08 1.2793E-08 1.2907E-08 1.3006E-08 1.3098E-08 1.3184E-08 1.3257E-08 1.3323E-08 1.3386E-08 1.3444E-08 1.3494E-08 1.3539E-08 1.3585E-08 1.3632E-08 1.3673E-08 1.3714E-08 1.3755E-08 1.3808E-08 1.3858E-08 1.3909E-08 1.3963E-08 1.4026E-08 1.4101E-08 1.4172E-08 1.4252E-08 1.4343E-08 1.4447E-08 1.4548E-08 1.4656E-08 1.4875E-08 1.5019E-08 1.5237E-08 1.5415E-08 1.5622E-08 1.5848E-08 1.6062E-08 1.6326E-08 1.6619E-08 1.6960E-08 1.7315E-08 1.7642E-08 1.7892E-08
