Assets/Resources/2015_m01_d24_1500(utc+0800)_l00_csi_1hr_conc.grd
DSAA
         159         159
     -79.000      79.000
     -79.000      79.000
  0.1174E-10  0.2466E-05
[rows 25 to 49 of 159, columns 57 to 113 of 159]
2.1825E-09 2.1672E-09 2.1515E-09 2.1352E-09 2.1183E-09 2.1007E-09 2.0826E-09 2.0639E-09 2.0446E-09 2.0247E-09 2.0043E-09 1.9835E-09 1.9621E-09 1.9403E-09 1.9181E-09 1.8954E-09 1.8723E-09 1.8489E-09 1.8251E-09 1.8010E-09 1.7766E-09 1.7519E-09 1.7269E-09 1.7017E-09 1.6763E-09 1.6507E-09 1.6250E-09 1.5991E-09 1.5730E-09 1.5468E-09 1.5206E-09 1.4943E-09 1.4679E-09 1.4415E-09 1.4151E-09 1.3888E-09 1.3624E-09 1.3361E-09 1.3098E-09 1.2837E-09 1.2576E-09 1.2316E-09 1.2058E-09 1.1801E-09 1.1545E-09 1.1292E-09 1.1040E-09 1.0790E-09 1.0542E-09 1.0296E-09 1.0053E-09 9.8116E-10 9.5731E-10 9.3371E-10 9.1039E-10 8.8734E-10 8.6458E-10
2.1917E-09 2.1757E-09 2.1600E-09 2.1437E-09 2.1267E-09 2.1091E-09 2.0909E-09 2.0722E-09 2.0528E-09 2.0329E-09 2.0125E-09 1.9916E-09 1.9702E-09 1.9483E-09 1.9260E-09 1.9033E-09 1.8801E-09 1.8566E-09 1.8328E-09 1.8086E-09 1.7841E-09 1.7594E-09 1.7343E-09 1.7091E-09 1.6836E-09 1.6579E-09 1.6321E-09 1.6061E-09 1.5799E-09 1.5537E-09 1.5274E-09 1.5010E-09 1.4745E-09 1.4480E-09 1.4216E-09 1.3951E-09 1.3686E-09 1.3422E-09 1.3159E-09 1.2896E-09 1.2634E-09 1.2374E-09 1.2114E-09 1.1856E-09 1.1600E-09 1.1345E-09 1.1092E-09 1.0841E-09 1.0592E-09 1.0345E-09 1.0101E-09 9.8586E-10 9.6190E-10 9.3820E-10 9.1477E-10 8.9161E-10 8.6874E-10
2.2018E-09 2.1835E-09 2.1678E-09 2.1515E-09 2.1345E-09 2.1169E-09 2.0986E-09 2.0798E-09 2.0605E-09 2.0405E-09 2.0201E-09 1.9991E-09 1.9776E-09 1.9557E-09 1.9334E-09 1.9106E-09 1.8874E-09 1.8638E-09 1.8399E-09 1.8157E-09 1.7912E-09 1.7663E-09 1.7412E-09 1.7159E-09 1.6904E-09 1.6646E-09 1.6387E-09 1.6126E-09 1.5864E-09 1.5601E-09 1.5337E-09 1.5072E-09 1.4807E-09 1.4541E-09 1.4276E-09 1.4010E-09 1.3745E-09 1.3480E-09 1.3215E-09 1.2952E-09 1.2689E-09 1.2428E-09 1.2167E-09 1.1908E-09 1.1651E-09 1.1395E-09 1.1141E-09 1.0889E-09 1.0639E-09 1.0391E-09 1.0146E-09 9.9029E-10 9.6623E-10 9.4242E-10 9.1889E-10 8.9563E-10 8.7266E-10
2.2113E-09 2.1908E-09 2.1750E-09 2.1586E-09 2.1416E-09 2.1240E-09 2.1057E-09 2.0869E-09 2.0675E-09 2.0475E-09 2.0270E-09 2.0060E-09 1.9845E-09 1.9625E-09 1.9401E-09 1.9173E-09 1.8941E-09 1.8705E-09 1.8465E-09 1.8223E-09 1.7977E-09 1.7728E-09 1.7476E-09 1.7223E-09 1.6967E-09 1.6708E-09 1.6449E-09 1.6187E-09 1.5925E-09 1.5661E-09 1.5396E-09 1.5131E-09 1.4865E-09 1.4598E-09 1.4332E-09 1.4065E-09 1.3799E-09 1.3534E-09 1.3268E-09 1.3004E-09 1.2741E-09 1.2478E-09 1.2217E-09 1.1957E-09 1.1699E-09 1.1442E-09 1.1187E-09 1.0934E-09 1.0684E-09 1.0435E-09 1.0188E-09 9.9443E-10 9.7028E-10 9.4638E-10 9.2276E-10 8.9941E-10 8.7634E-10
2.2223E-09 2.1980E-09 2.1815E-09 2.1651E-09 2.1481E-09 2.1304E-09 2.1121E-09 2.0933E-09 2.0738E-09 2.0538E-09 2.0333E-09 2.0123E-09 1.9908E-09 1.9688E-09 1.9463E-09 1.9235E-09 1.9002E-09 1.8766E-09 1.8526E-09 1.8283E-09 1.8036E-09 1.7787E-09 1.7535E-09 1.7281E-09 1.7024E-09 1.6766E-09 1.6506E-09 1.6244E-09 1.5980E-09 1.5716E-09 1.5451E-09 1.5185E-09 1.4918E-09 1.4651E-09 1.4384E-09 1.4117E-09 1.3850E-09 1.3584E-09 1.3318E-09 1.3052E-09 1.2788E-09 1.2525E-09 1.2263E-09 1.2002E-09 1.1743E-09 1.1486E-09 1.1230E-09 1.0976E-09 1.0725E-09 1.0475E-09 1.0228E-09 9.9830E-10 9.7406E-10 9.5007E-10 9.2636E-10 9.0292E-10 8.7976E-10
2.2312E-09 2.2047E-09 2.1873E-09 2.1709E-09 2.1539E-09 2.1362E-09 2.1179E-09 2.0990E-09 2.0796E-09 2.0596E-09 2.0390E-09 2.0180E-09 1.9964E-09 1.9744E-09 1.9519E-09 1.9291E-09 1.9058E-09 1.8821E-09 1.8581E-09 1.8337E-09 1.8091E-09 1.7841E-09 1.7589E-09 1.7334E-09 1.7077E-09 1.6818E-09 1.6558E-09 1.6295E-09 1.6031E-09 1.5767E-09 1.5501E-09 1.5234E-09 1.4967E-09 1.4699E-09 1.4432E-09 1.4164E-09 1.3897E-09 1.3630E-09 1.3363E-09 1.3097E-09 1.2832E-09 1.2568E-09 1.2306E-09 1.2044E-09 1.1784E-09 1.1526E-09 1.1270E-09 1.1015E-09 1.0763E-09 1.0512E-09 1.0264E-09 1.0019E-09 9.7755E-10 9.5348E-10 9.2969E-10 9.0617E-10 8.8293E-10
2.2471E-09 2.2149E-09 2.1924E-09 2.1760E-09 2.1590E-09 2.1413E-09 2.1230E-09 2.1041E-09 2.0846E-09 2.0646E-09 2.0441E-09 2.0230E-09 2.0015E-09 1.9794E-09 1.9570E-09 1.9341E-09 1.9108E-09 1.8871E-09 1.8630E-09 1.8387E-09 1.8140E-09 1.7890E-09 1.7637E-09 1.7382E-09 1.7125E-09 1.6866E-09 1.6605E-09 1.6342E-09 1.6078E-09 1.5812E-09 1.5546E-09 1.5279E-09 1.5012E-09 1.4744E-09 1.4475E-09 1.4207E-09 1.3939E-09 1.3672E-09 1.3404E-09 1.3138E-09 1.2872E-09 1.2608E-09 1.2345E-09 1.2083E-09 1.1822E-09 1.1563E-09 1.1306E-09 1.1051E-09 1.0798E-09 1.0547E-09 1.0298E-09 1.0051E-09 9.8075E-10 9.5661E-10 9.3274E-10 9.0915E-10 8.8584E-10
2.2684E-09 2.2302E-09 2.1988E-09 2.1804E-09 2.1634E-09 2.1457E-09 2.1274E-09 2.1085E-09 2.0891E-09 2.0691E-09 2.0485E-09 2.0274E-09 2.0059E-09 1.9838E-09 1.9614E-09 1.9385E-09 1.9151E-09 1.8915E-09 1.8674E-09 1.8430E-09 1.8183E-09 1.7933E-09 1.7680E-09 1.7425E-09 1.7168E-09 1.6908E-09 1.6647E-09 1.6384E-09 1.6119E-09 1.5854E-09 1.5587E-09 1.5320E-09 1.5052E-09 1.4783E-09 1.4515E-09 1.4246E-09 1.3978E-09 1.3709E-09 1.3442E-09 1.3175E-09 1.2909E-09 1.2644E-09 1.2380E-09 1.2117E-09 1.1856E-09 1.1597E-09 1.1339E-09 1.1083E-09 1.0830E-09 1.0578E-09 1.0328E-09 1.0081E-09 9.8366E-10 9.5946E-10 9.3552E-10 9.1186E-10 8.8848E-10
2.2956E-09 2.2519E-09 2.2162E-09 2.1859E-09 2.1671E-09 2.1495E-09 2.1312E-09 2.1123E-09 2.0928E-09 2.0728E-09 2.0523E-09 2.0312E-09 2.0097E-09 1.9876E-09 1.9652E-09 1.9423E-09 1.9190E-09 1.8953E-09 1.8712E-09 1.8468E-09 1.8221E-09 1.7971E-09 1.7718E-09 1.7463E-09 1.7205E-09 1.6945E-09 1.6684E-09 1.6421E-09 1.6156E-09 1.5890E-09 1.5623E-09 1.5356E-09 1.5087E-09 1.4819E-09 1.4550E-09 1.4281E-09 1.4012E-09 1.3743E-09 1.3475E-09 1.3208E-09 1.2942E-09 1.2676E-09 1.2412E-09 1.2149E-09 1.1887E-09 1.1627E-09 1.1369E-09 1.1112E-09 1.0858E-09 1.0606E-09 1.0356E-09 1.0108E-09 9.8628E-10 9.6201E-10 9.3801E-10 9.1429E-10 8.9084E-10
2.3410E-09 2.2852E-09 2.2407E-09 2.2039E-09 2.1738E-09 2.1525E-09 2.1342E-09 2.1154E-09 2.0959E-09 2.0760E-09 2.0554E-09 2.0344E-09 2.0128E-09 1.9908E-09 1.9684E-09 1.9455E-09 1.9222E-09 1.8985E-09 1.8744E-09 1.8500E-09 1.8253E-09 1.8003E-09 1.7750E-09 1.7495E-09 1.7237E-09 1.6977E-09 1.6716E-09 1.6452E-09 1.6188E-09 1.5922E-09 1.5655E-09 1.5387E-09 1.5118E-09 1.4849E-09 1.4580E-09 1.4311E-09 1.4042E-09 1.3773E-09 1.3505E-09 1.3237E-09 1.2970E-09 1.2704E-09 1.2440E-09 1.2176E-09 1.1914E-09 1.1654E-09 1.1395E-09 1.1138E-09 1.0883E-09 1.0630E-09 1.0380E-09 1.0132E-09 9.8859E-10 9.6427E-10 9.4022E-10 9.1644E-10 8.9294E-10
2.4139E-09 2.3391E-09 2.2802E-09 2.2318E-09 2.1862E-09 2.1596E-09 2.1367E-09 2.1178E-09 2.0984E-09 2.0784E-09 2.0579E-09 2.0369E-09 2.0154E-09 1.9934E-09 1.9709E-09 1.9481E-09 1.9248E-09 1.9011E-09 1.8771E-09 1.8527E-09 1.8280E-09 1.8030E-09 1.7777E-09 1.7522E-09 1.7264E-09 1.7004E-09 1.6743E-09 1.6479E-09 1.6215E-09 1.5949E-09 1.5681E-09 1.5413E-09 1.5145E-09 1.4876E-09 1.4606E-09 1.4337E-09 1.4068E-09 1.3799E-09 1.3530E-09 1.3262E-09 1.2995E-09 1.2729E-09 1.2464E-09 1.2200E-09 1.1937E-09 1.1677E-09 1.1418E-09 1.1160E-09 1.0905E-09 1.0652E-09 1.0401E-09 1.0152E-09 9.9060E-10 9.6623E-10 9.4213E-10 9.1830E-10 8.9476E-10
2.5131E-09 2.4203E-09 2.3445E-09 2.2805E-09 2.2220E-09 2.1664E-09 2.1430E-09 2.1196E-09 2.1002E-09 2.0802E-09 2.0597E-09 2.0388E-09 2.0173E-09 1.9953E-09 1.9729E-09 1.9500E-09 1.9268E-09 1.9031E-09 1.8791E-09 1.8548E-09 1.8301E-09 1.8051E-09 1.7798E-09 1.7543E-09 1.7286E-09 1.7026E-09 1.6764E-09 1.6501E-09 1.6236E-09 1.5970E-09 1.5703E-09 1.5435E-09 1.5167E-09 1.4897E-09 1.4628E-09 1.4358E-09 1.4089E-09 1.3820E-09 1.3551E-09 1.3283E-09 1.3016E-09 1.2749E-09 1.2484E-09 1.2220E-09 1.1957E-09 1.1696E-09 1.1437E-09 1.1179E-09 1.0923E-09 1.0670E-09 1.0419E-09 1.0170E-09 9.9229E-10 9.6789E-10 9.4375E-10 9.1988E-10 8.9629E-10
2.6603E-09 2.5431E-09 2.4353E-09 2.3477E-09 2.2725E-09 2.1994E-09 2.1502E-09 2.1250E-09 2.1013E-09 2.0814E-09 2.0609E-09 2.0400E-09 2.0185E-09 1.9966E-09 1.9742E-09 1.9514E-09 1.9282E-09 1.9046E-09 1.8806E-09 1.8563E-09 1.8316E-09 1.8066E-09 1.7814E-09 1.7559E-09 1.7302E-09 1.7042E-09 1.6781E-09 1.6518E-09 1.6253E-09 1.5987E-09 1.5720E-09 1.5452E-09 1.5184E-09 1.4915E-09 1.4645E-09 1.4376E-09 1.4106E-09 1.3837E-09 1.3568E-09 1.3300E-09 1.3032E-09 1.2766E-09 1.2500E-09 1.2236E-09 1.1973E-09 1.1712E-09 1.1452E-09 1.1194E-09 1.0938E-09 1.0685E-09 1.0433E-09 1.0184E-09 9.9368E-10 9.6924E-10 9.4507E-10 9.2117E-10 8.9754E-10
2.8715E-09 2.7156E-09 2.5743E-09 2.4558E-09 2.3531E-09 2.2550E-09 2.1705E-09 2.1315E-09 2.1048E-09 2.0818E-09 2.0615E-09 2.0405E-09 2.0192E-09 1.9973E-09 1.9749E-09 1.9522E-09 1.9290E-09 1.9054E-09 1.8815E-09 1.8572E-09 1.8325E-09 1.8076E-09 1.7824E-09 1.7570E-09 1.7313E-09 1.7053E-09 1.6792E-09 1.6529E-09 1.6265E-09 1.5999E-09 1.5732E-09 1.5465E-09 1.5196E-09 1.4927E-09 1.4658E-09 1.4388E-09 1.4119E-09 1.3849E-09 1.3581E-09 1.3312E-09 1.3045E-09 1.2778E-09 1.2513E-09 1.2248E-09 1.1985E-09 1.1724E-09 1.1464E-09 1.1206E-09 1.0950E-09 1.0696E-09 1.0444E-09 1.0195E-09 9.9475E-10 9.7028E-10 9.4608E-10 9.2216E-10 8.9851E-10
3.1713E-09 2.9660E-09 2.7825E-09 2.6132E-09 2.4695E-09 2.3394E-09 2.2253E-09 2.1420E-09 2.1100E-09 2.0835E-09 2.0613E-09 2.0405E-09 2.0191E-09 1.9973E-09 1.9750E-09 1.9523E-09 1.9292E-09 1.9056E-09 1.8817E-09 1.8575E-09 1.8329E-09 1.8080E-09 1.7829E-09 1.7575E-09 1.7318E-09 1.7059E-09 1.6798E-09 1.6536E-09 1.6272E-09 1.6006E-09 1.5739E-09 1.5472E-09 1.5204E-09 1.4935E-09 1.4666E-09 1.4396E-09 1.4127E-09 1.3858E-09 1.3589E-09 1.3321E-09 1.3053E-09 1.2787E-09 1.2521E-09 1.2257E-09 1.1994E-09 1.1732E-09 1.1472E-09 1.1214E-09 1.0958E-09 1.0704E-09 1.0452E-09 1.0202E-09 9.9549E-10 9.7102E-10 9.4680E-10 9.2285E-10 8.9918E-10
3.5844E-09 3.3173E-09 3.0753E-09 2.8485E-09 2.6524E-09 2.4738E-09 2.3164E-09 2.1859E-09 2.1157E-09 2.0866E-09 2.0605E-09 2.0397E-09 2.0185E-09 1.9967E-09 1.9745E-09 1.9518E-09 1.9287E-09 1.9053E-09 1.8814E-09 1.8572E-09 1.8327E-09 1.8079E-09 1.7828E-09 1.7574E-09 1.7318E-09 1.7059E-09 1.6799E-09 1.6537E-09 1.6273E-09 1.6008E-09 1.5742E-09 1.5474E-09 1.5206E-09 1.4938E-09 1.4669E-09 1.4400E-09 1.4131E-09 1.3862E-09 1.3593E-09 1.3325E-09 1.3058E-09 1.2791E-09 1.2526E-09 1.2261E-09 1.1998E-09 1.1737E-09 1.1477E-09 1.1219E-09 1.0963E-09 1.0708E-09 1.0456E-09 1.0207E-09 9.9592E-10 9.7143E-10 9.4720E-10 9.2324E-10 8.9956E-10
4.1534E-09 3.8086E-09 3.4988E-09 3.2006E-09 2.9278E-09 2.6785E-09 2.4607E-09 2.2783E-09 2.1584E-09 2.0983E-09 2.0642E-09 2.0392E-09 2.0172E-09 1.9955E-09 1.9733E-09 1.9507E-09 1.9277E-09 1.9043E-09 1.8805E-09 1.8564E-09 1.8319E-09 1.8072E-09 1.7821E-09 1.7568E-09 1.7312E-09 1.7054E-09 1.6794E-09 1.6533E-09 1.6269E-09 1.6005E-09 1.5739E-09 1.5472E-09 1.5204E-09 1.4936E-09 1.4668E-09 1.4399E-09 1.4130E-09 1.3861E-09 1.3593E-09 1.3325E-09 1.3058E-09 1.2791E-09 1.2526E-09 1.2262E-09 1.1999E-09 1.1738E-09 1.1478E-09 1.1220E-09 1.0964E-09 1.0709E-09 1.0457E-09 1.0208E-09 9.9602E-10 9.7153E-10 9.4730E-10 9.2333E-10 8.9965E-10
4.9033E-09 4.4685E-09 4.0820E-09 3.6960E-09 3.3268E-09 2.9836E-09 2.6786E-09 2.4295E-09 2.2328E-09 2.1301E-09 2.0747E-09 2.0425E-09 2.0181E-09 1.9936E-09 1.9715E-09 1.9490E-09 1.9261E-09 1.9027E-09 1.8790E-09 1.8550E-09 1.8306E-09 1.8059E-09 1.7809E-09 1.7556E-09 1.7301E-09 1.7044E-09 1.6785E-09 1.6523E-09 1.6261E-09 1.5996E-09 1.5731E-09 1.5465E-09 1.5198E-09 1.4930E-09 1.4661E-09 1.4393E-09 1.4124E-09 1.3856E-09 1.3588E-09 1.3321E-09 1.3054E-09 1.2788E-09 1.2522E-09 1.2258E-09 1.1996E-09 1.1735E-09 1.1475E-09 1.1217E-09 1.0961E-09 1.0707E-09 1.0455E-09 1.0205E-09 9.9580E-10 9.7131E-10 9.4708E-10 9.2313E-10 8.9944E-10
5.8660E-09 5.3629E-09 4.8863E-09 4.3978E-09 3.9149E-09 3.4447E-09 3.0219E-09 2.6699E-09 2.3966E-09 2.2038E-09 2.1126E-09 2.0587E-09 2.0214E-09 1.9945E-09 1.9691E-09 1.9467E-09 1.9238E-09 1.9006E-09 1.8769E-09 1.8529E-09 1.8286E-09 1.8040E-09 1.7791E-09 1.7539E-09 1.7285E-09 1.7028E-09 1.6769E-09 1.6509E-09 1.6247E-09 1.5983E-09 1.5718E-09 1.5452E-09 1.5186E-09 1.4918E-09 1.4651E-09 1.4383E-09 1.4115E-09 1.3847E-09 1.3579E-09 1.3312E-09 1.3045E-09 1.2780E-09 1.2515E-09 1.2251E-09 1.1989E-09 1.1728E-09 1.1468E-09 1.1211E-09 1.0955E-09 1.0701E-09 1.0449E-09 1.0200E-09 9.9525E-10 9.7078E-10 9.4656E-10 9.2261E-10 8.9894E-10
7.0681E-09 6.5176E-09 5.9454E-09 5.3494E-09 4.7302E-09 4.1062E-09 3.5314E-09 3.0271E-09 2.6351E-09 2.3498E-09 2.1824E-09 2.1000E-09 2.0436E-09 1.9966E-09 1.9660E-09 1.9437E-09 1.9209E-09 1.8978E-09 1.8742E-09 1.8503E-09 1.8261E-09 1.8016E-09 1.7767E-09 1.7516E-09 1.7263E-09 1.7007E-09 1.6749E-09 1.6489E-09 1.6228E-09 1.5965E-09 1.5700E-09 1.5435E-09 1.5169E-09 1.4902E-09 1.4635E-09 1.4368E-09 1.4100E-09 1.3833E-09 1.3566E-09 1.3299E-09 1.3033E-09 1.2767E-09 1.2503E-09 1.2240E-09 1.1978E-09 1.1717E-09 1.1458E-09 1.1201E-09 1.0945E-09 1.0691E-09 1.0440E-09 1.0191E-09 9.9437E-10 9.6992E-10 9.4572E-10 9.2179E-10 8.9814E-10
8.5420E-09 7.9787E-09 7.3274E-09 6.6337E-09 5.8615E-09 5.0556E-09 4.2777E-09 3.5896E-09 3.0238E-09 2.6065E-09 2.3271E-09 2.1691E-09 2.0831E-09 2.0204E-09 1.9624E-09 1.9401E-09 1.9175E-09 1.8944E-09 1.8709E-09 1.8471E-09 1.8230E-09 1.7985E-09 1.7738E-09 1.7488E-09 1.7235E-09 1.6980E-09 1.6723E-09 1.6464E-09 1.6203E-09 1.5941E-09 1.5678E-09 1.5413E-09 1.5148E-09 1.4882E-09 1.4615E-09 1.4348E-09 1.4081E-09 1.3814E-09 1.3548E-09 1.3282E-09 1.3016E-09 1.2751E-09 1.2487E-09 1.2224E-09 1.1963E-09 1.1703E-09 1.1444E-09 1.1187E-09 1.0932E-09 1.0678E-09 1.0427E-09 1.0178E-09 9.9316E-10 9.6874E-10 9.4457E-10 9.2067E-10 8.9704E-10
1.0280E-08 9.7405E-09 9.0582E-09 8.2716E-09 7.3546E-09 6.3480E-09 5.3259E-09 4.3989E-09 3.6051E-09 2.9808E-09 2.5575E-09 2.3027E-09 2.1495E-09 2.0501E-09 1.9640E-09 1.9359E-09 1.9134E-09 1.8904E-09 1.8670E-09 1.8433E-09 1.8193E-09 1.7949E-09 1.7703E-09 1.7454E-09 1.7202E-09 1.6948E-09 1.6692E-09 1.6433E-09 1.6174E-09 1.5912E-09 1.5650E-09 1.5386E-09 1.5121E-09 1.4856E-09 1.4590E-09 1.4324E-09 1.4058E-09 1.3792E-09 1.3526E-09 1.3260E-09 1.2995E-09 1.2731E-09 1.2467E-09 1.2205E-09 1.1944E-09 1.1684E-09 1.1426E-09 1.1169E-09 1.0915E-09 1.0662E-09 1.0411E-09 1.0162E-09 9.9162E-10 9.6724E-10 9.4311E-10 9.1924E-10 8.9564E-10
1.2278E-08 1.1824E-08 1.1172E-08 1.0316E-08 9.2791E-09 8.0656E-09 6.7883E-09 5.5363E-09 4.4568E-09 3.5938E-09 2.9443E-09 2.5117E-09 2.2579E-09 2.1122E-09 1.9876E-09 1.9311E-09 1.9087E-09 1.8858E-09 1.8626E-09 1.8390E-09 1.8150E-09 1.7908E-09 1.7662E-09 1.7414E-09 1.7163E-09 1.6910E-09 1.6655E-09 1.6398E-09 1.6139E-09 1.5878E-09 1.5617E-09 1.5354E-09 1.5090E-09 1.4826E-09 1.4561E-09 1.4295E-09 1.4030E-09 1.3764E-09 1.3499E-09 1.3234E-09 1.2970E-09 1.2706E-09 1.2443E-09 1.2182E-09 1.1921E-09 1.1662E-09 1.1404E-09 1.1148E-09 1.0894E-09 1.0642E-09 1.0391E-09 1.0143E-09 9.8976E-10 9.6542E-10 9.4133E-10 9.1750E-10 8.9394E-10
1.4460E-08 1.4149E-08 1.3592E-08 1.2752E-08 1.1638E-08 1.0242E-08 8.6843E-09 7.1178E-09 5.6509E-09 4.4497E-09 3.5065E-09 2.8740E-09 2.4495E-09 2.2016E-09 2.0428E-09 1.9282E-09 1.9034E-09 1.8806E-09 1.8575E-09 1.8340E-09 1.8102E-09 1.7861E-09 1.7616E-09 1.7369E-09 1.7119E-09 1.6867E-09 1.6613E-09 1.6357E-09 1.6099E-09 1.5839E-09 1.5579E-09 1.5317E-09 1.5054E-09 1.4790E-09 1.4526E-09 1.4262E-09 1.3997E-09 1.3732E-09 1.3468E-09 1.3204E-09 1.2940E-09 1.2677E-09 1.2415E-09 1.2154E-09 1.1894E-09 1.1636E-09 1.1379E-09 1.1123E-09 1.0870E-09 1.0618E-09 1.0368E-09 1.0121E-09 9.8756E-10 9.6327E-10 9.3923E-10 9.1546E-10 8.9195E-10
1.6746E-08 1.6651E-08 1.6282E-08 1.5544E-08 1.4425E-08 1.2925E-08 1.1096E-08 9.1655E-09 7.3003E-09 5.6552E-09 4.3626E-09 3.3709E-09 2.7339E-09 2.3530E-09 2.1206E-09 1.9351E-09 1.8975E-09 1.8748E-09 1.8518E-09 1.8285E-09 1.8048E-09 1.7808E-09 1.7564E-09 1.7318E-09 1.7070E-09 1.6819E-09 1.6566E-09 1.6311E-09 1.6054E-09 1.5795E-09 1.5536E-09 1.5275E-09 1.5013E-09 1.4750E-09 1.4487E-09 1.4224E-09 1.3960E-09 1.3696E-09 1.3433E-09 1.3169E-09 1.2906E-09 1.2644E-09 1.2383E-09 1.2123E-09 1.1864E-09 1.1606E-09 1.1350E-09 1.1095E-09 1.0842E-09 1.0591E-09 1.0342E-09 1.0095E-09 9.8503E-10 9.6080E-10 9.3683E-10 9.1311E-10 8.8966E-10
