Assets/Resources/2015_m01_d21_1100(utc+0800)_l00_csi_1hr_conc.grd
DSAA
         159         159
     -79.000      79.000
     -79.000      79.000
  0.6122E-09  0.1418E-05
[rows 75 to 99 of 159, columns 57 to 113 of 159]
6.4019E-09 6.4517E-09 6.5009E-09 6.5478E-09 6.5967E-09 6.6458E-09 6.6956E-09 6.7459E-09 6.7978E-09 6.8461E-09 6.8978E-09 6.9491E-09 7.0006E-09 7.0548E-09 7.1084E-09 7.1640E-09 7.2203E-09 7.2775E-09 7.3391E-09 7.3997E-09 7.4631E-09 7.5292E-09 7.5974E-09 7.6799E-09 7.9199E-09 1.0479E-06 2.1335E-07 8.3062E-08 6.1688E-08 5.0342E-08 3.8228E-08 2.6604E-08 1.8355E-08 1.3396E-08 1.0861E-08 9.6990E-09 9.2014E-09 8.9439E-09 8.8678E-09 8.8623E-09 8.8590E-09 8.8964E-09 8.9298E-09 8.9554E-09 8.9731E-09 8.9806E-09 8.9808E-09 8.9703E-09 8.9505E-09 8.9213E-09 8.8827E-09 8.8347E-09 8.7776E-09 8.7115E-09 8.6369E-09 8.5540E-09 8.4632E-09
6.3465E-09 6.3950E-09 6.4421E-09 6.4890E-09 6.5343E-09 6.5812E-09 6.6290E-09 6.6786E-09 6.7262E-09 6.7742E-09 6.8221E-09 6.8708E-09 6.9198E-09 6.9689E-09 7.0195E-09 7.0706E-09 7.1233E-09 7.1768E-09 7.2304E-09 7.2868E-09 7.3452E-09 7.4043E-09 7.4656E-09 7.5288E-09 8.3321E-07 2.9885E-07 9.1109E-08 6.1712E-08 5.0407E-08 3.9158E-08 2.7947E-08 1.9029E-08 1.3620E-08 1.0722E-08 9.4137E-09 8.9098E-09 8.6298E-09 8.5285E-09 8.5123E-09 8.5266E-09 8.5658E-09 8.5980E-09 8.6258E-09 8.6438E-09 8.6559E-09 8.6593E-09 8.6547E-09 8.6426E-09 8.6205E-09 8.5898E-09 8.5522E-09 8.5046E-09 8.4487E-09 8.3847E-09 8.3129E-09 8.2336E-09 8.1472E-09
6.2898E-09 6.3363E-09 6.3831E-09 6.4287E-09 6.4726E-09 6.5160E-09 6.5632E-09 6.6088E-09 6.6546E-09 6.7007E-09 6.7466E-09 6.7926E-09 6.8382E-09 6.8847E-09 6.9312E-09 6.9792E-09 7.0267E-09 7.0770E-09 7.1266E-09 7.1766E-09 7.2292E-09 7.2833E-09 7.3379E-09 7.6252E-09 5.0933E-07 1.0161E-07 6.4365E-08 4.8623E-08 3.7868E-08 2.7769E-08 1.9234E-08 1.3706E-08 1.0648E-08 9.1973E-09 8.5562E-09 8.3439E-09 8.2300E-09 8.2052E-09 8.2216E-09 8.2585E-09 8.2919E-09 8.3173E-09 8.3363E-09 8.3509E-09 8.3577E-09 8.3577E-09 8.3487E-09 8.3321E-09 8.3109E-09 8.2791E-09 8.2410E-09 8.1937E-09 8.1389E-09 8.0768E-09 8.0077E-09 7.9318E-09 7.8510E-09
6.2316E-09 6.2775E-09 6.3232E-09 6.3670E-09 6.4107E-09 6.4522E-09 6.4957E-09 6.5392E-09 6.5832E-09 6.6270E-09 6.6699E-09 6.7135E-09 6.7566E-09 6.7998E-09 6.8436E-09 6.8874E-09 6.9325E-09 6.9774E-09 7.0240E-09 7.0700E-09 7.1163E-09 7.1647E-09 7.2142E-09 1.4176E-06 1.2425E-07 6.6584E-08 4.3079E-08 3.1886E-08 2.4254E-08 1.7475E-08 1.3101E-08 1.0455E-08 8.9854E-09 8.3082E-09 8.0210E-09 7.9581E-09 7.9149E-09 7.9441E-09 7.9771E-09 8.0081E-09 8.0317E-09 8.0519E-09 8.0658E-09 8.0761E-09 8.0774E-09 8.0721E-09 8.0627E-09 8.0444E-09 8.0184E-09 7.9869E-09 7.9469E-09 7.9015E-09 7.8478E-09 7.7891E-09 7.7225E-09 7.6497E-09 7.5713E-09
6.1724E-09 6.2181E-09 6.2612E-09 6.3051E-09 6.3466E-09 6.3879E-09 6.4279E-09 6.4690E-09 6.5105E-09 6.5517E-09 6.5932E-09 6.6338E-09 6.6750E-09 6.7156E-09 6.7562E-09 6.7973E-09 6.8382E-09 6.8803E-09 6.9219E-09 6.9631E-09 7.0056E-09 7.0496E-09 7.0928E-09 3.5997E-08 2.1535E-08 1.7015E-08 1.4039E-08 1.3544E-08 1.2535E-08 1.0863E-08 9.5006E-09 8.6649E-09 8.0554E-09 7.7728E-09 7.7063E-09 7.6588E-09 7.6888E-09 7.7205E-09 7.7475E-09 7.7693E-09 7.7891E-09 7.8032E-09 7.8128E-09 7.8156E-09 7.8142E-09 7.8076E-09 7.7927E-09 7.7733E-09 7.7460E-09 7.7125E-09 7.6737E-09 7.6288E-09 7.5763E-09 7.5177E-09 7.4534E-09 7.3852E-09 7.3110E-09
6.1124E-09 6.1565E-09 6.1997E-09 6.2409E-09 6.2822E-09 6.3223E-09 6.3606E-09 6.3984E-09 6.4395E-09 6.4769E-09 6.5178E-09 6.5549E-09 6.5933E-09 6.6318E-09 6.6700E-09 6.7077E-09 6.7459E-09 6.7837E-09 6.8227E-09 6.8609E-09 6.8979E-09 6.9370E-09 6.9763E-09 7.0156E-09 7.0535E-09 7.0943E-09 7.1935E-09 7.5270E-09 7.8976E-09 8.0334E-09 7.9027E-09 7.7479E-09 7.5304E-09 7.4415E-09 7.4274E-09 7.4569E-09 7.4851E-09 7.5085E-09 7.5302E-09 7.5469E-09 7.5620E-09 7.5698E-09 7.5732E-09 7.5753E-09 7.5687E-09 7.5583E-09 7.5410E-09 7.5186E-09 7.4913E-09 7.4584E-09 7.4182E-09 7.3722E-09 7.3229E-09 7.2662E-09 7.2056E-09 7.1387E-09 7.0671E-09
6.0516E-09 6.0944E-09 6.1366E-09 6.1770E-09 6.2168E-09 6.2556E-09 6.2936E-09 6.3295E-09 6.3671E-09 6.4038E-09 6.4420E-09 6.4783E-09 6.5134E-09 6.5481E-09 6.5851E-09 6.6195E-09 6.6543E-09 6.6896E-09 6.7242E-09 6.7580E-09 6.7923E-09 6.8278E-09 6.8619E-09 6.8976E-09 6.9307E-09 6.9657E-09 7.0004E-09 7.0342E-09 7.0866E-09 7.1918E-09 7.2547E-09 7.2836E-09 7.2312E-09 7.2198E-09 7.2453E-09 7.2704E-09 7.2907E-09 7.3098E-09 7.3270E-09 7.3387E-09 7.3463E-09 7.3519E-09 7.3525E-09 7.3488E-09 7.3389E-09 7.3243E-09 7.3066E-09 7.2834E-09 7.2535E-09 7.2183E-09 7.1802E-09 7.1349E-09 7.0859E-09 7.0306E-09 6.9707E-09 6.9063E-09 6.8384E-09
5.9894E-09 6.0316E-09 6.0726E-09 6.1126E-09 6.1508E-09 6.1886E-09 6.2249E-09 6.2607E-09 6.2943E-09 6.3295E-09 6.3644E-09 6.4001E-09 6.4340E-09 6.4666E-09 6.4993E-09 6.5326E-09 6.5644E-09 6.5962E-09 6.6286E-09 6.6598E-09 6.6901E-09 6.7210E-09 6.7524E-09 6.7809E-09 6.8113E-09 6.8424E-09 6.8713E-09 6.9002E-09 6.9287E-09 6.9545E-09 6.9941E-09 7.0318E-09 7.0308E-09 7.0551E-09 7.0745E-09 7.0936E-09 7.1092E-09 7.1243E-09 7.1339E-09 7.1419E-09 7.1464E-09 7.1466E-09 7.1440E-09 7.1355E-09 7.1242E-09 7.1094E-09 7.0877E-09 7.0613E-09 7.0320E-09 6.9972E-09 6.9584E-09 6.9134E-09 6.8638E-09 6.8101E-09 6.7526E-09 6.6904E-09 6.6247E-09
5.9264E-09 5.9678E-09 6.0077E-09 6.0466E-09 6.0846E-09 6.1205E-09 6.1563E-09 6.1901E-09 6.2236E-09 6.2550E-09 6.2886E-09 6.3206E-09 6.3538E-09 6.3853E-09 6.4154E-09 6.4455E-09 6.4760E-09 6.5050E-09 6.5335E-09 6.5611E-09 6.5892E-09 6.6171E-09 6.6439E-09 6.6692E-09 6.6965E-09 6.7229E-09 6.7468E-09 6.7716E-09 6.7958E-09 6.8177E-09 6.8401E-09 6.8597E-09 6.8799E-09 6.8962E-09 6.9125E-09 6.9280E-09 6.9383E-09 6.9465E-09 6.9541E-09 6.9574E-09 6.9583E-09 6.9544E-09 6.9470E-09 6.9396E-09 6.9246E-09 6.9052E-09 6.8836E-09 6.8568E-09 6.8265E-09 6.7905E-09 6.7503E-09 6.7059E-09 6.6596E-09 6.6072E-09 6.5509E-09 6.4910E-09 6.4279E-09
5.8626E-09 5.9032E-09 5.9426E-09 5.9804E-09 6.0170E-09 6.0526E-09 6.0871E-09 6.1199E-09 6.1523E-09 6.1827E-09 6.2124E-09 6.2432E-09 6.2728E-09 6.3036E-09 6.3326E-09 6.3600E-09 6.3867E-09 6.4146E-09 6.4413E-09 6.4650E-09 6.4911E-09 6.5156E-09 6.5402E-09 6.5619E-09 6.5848E-09 6.6074E-09 6.6273E-09 6.6485E-09 6.6693E-09 6.6864E-09 6.7048E-09 6.7203E-09 6.7356E-09 6.7482E-09 6.7608E-09 6.7690E-09 6.7770E-09 6.7819E-09 6.7855E-09 6.7842E-09 6.7800E-09 6.7756E-09 6.7662E-09 6.7525E-09 6.7369E-09 6.7158E-09 6.6931E-09 6.6652E-09 6.6329E-09 6.5983E-09 6.5588E-09 6.5150E-09 6.4675E-09 6.4163E-09 6.3627E-09 6.3051E-09 6.2450E-09
5.7983E-09 5.8381E-09 5.8769E-09 5.9135E-09 5.9491E-09 5.9840E-09 6.0168E-09 6.0493E-09 6.0799E-09 6.1101E-09 6.1380E-09 6.1650E-09 6.1941E-09 6.2218E-09 6.2477E-09 6.2743E-09 6.3009E-09 6.3249E-09 6.3486E-09 6.3717E-09 6.3945E-09 6.4166E-09 6.4376E-09 6.4564E-09 6.4770E-09 6.4958E-09 6.5134E-09 6.5305E-09 6.5447E-09 6.5613E-09 6.5738E-09 6.5865E-09 6.5990E-09 6.6075E-09 6.6138E-09 6.6207E-09 6.6243E-09 6.6260E-09 6.6242E-09 6.6210E-09 6.6161E-09 6.6063E-09 6.5950E-09 6.5790E-09 6.5607E-09 6.5398E-09 6.5155E-09 6.4861E-09 6.4537E-09 6.4181E-09 6.3782E-09 6.3359E-09 6.2910E-09 6.2423E-09 6.1895E-09 6.1327E-09 6.0742E-09
5.7328E-09 5.7721E-09 5.8099E-09 5.8464E-09 5.8810E-09 5.9145E-09 5.9470E-09 5.9779E-09 6.0080E-09 6.0363E-09 6.0643E-09 6.0900E-09 6.1145E-09 6.1414E-09 6.1667E-09 6.1900E-09 6.2141E-09 6.2370E-09 6.2595E-09 6.2786E-09 6.3004E-09 6.3198E-09 6.3372E-09 6.3550E-09 6.3720E-09 6.3866E-09 6.4021E-09 6.4165E-09 6.4281E-09 6.4404E-09 6.4501E-09 6.4600E-09 6.4662E-09 6.4729E-09 6.4765E-09 6.4805E-09 6.4799E-09 6.4770E-09 6.4757E-09 6.4684E-09 6.4603E-09 6.4480E-09 6.4332E-09 6.4173E-09 6.3982E-09 6.3744E-09 6.3471E-09 6.3184E-09 6.2868E-09 6.2512E-09 6.2125E-09 6.1705E-09 6.1252E-09 6.0775E-09 6.0266E-09 5.9726E-09 5.9161E-09
5.6666E-09 5.7051E-09 5.7425E-09 5.7780E-09 5.8125E-09 5.8450E-09 5.8763E-09 5.9071E-09 5.9353E-09 5.9632E-09 5.9896E-09 6.0150E-09 6.0385E-09 6.0607E-09 6.0834E-09 6.1058E-09 6.1290E-09 6.1495E-09 6.1706E-09 6.1885E-09 6.2070E-09 6.2244E-09 6.2396E-09 6.2551E-09 6.2703E-09 6.2816E-09 6.2950E-09 6.3051E-09 6.3155E-09 6.3250E-09 6.3318E-09 6.3382E-09 6.3423E-09 6.3466E-09 6.3467E-09 6.3453E-09 6.3439E-09 6.3395E-09 6.3338E-09 6.3240E-09 6.3119E-09 6.2999E-09 6.2848E-09 6.2651E-09 6.2426E-09 6.2201E-09 6.1926E-09 6.1628E-09 6.1301E-09 6.0937E-09 6.0553E-09 6.0142E-09 5.9698E-09 5.9227E-09 5.8730E-09 5.8213E-09 5.7668E-09
5.5996E-09 5.6378E-09 5.6742E-09 5.7095E-09 5.7428E-09 5.7747E-09 5.8058E-09 5.8346E-09 5.8634E-09 5.8894E-09 5.9152E-09 5.9392E-09 5.9617E-09 5.9839E-09 6.0038E-09 6.0240E-09 6.0441E-09 6.0642E-09 6.0810E-09 6.0983E-09 6.1163E-09 6.1309E-09 6.1450E-09 6.1585E-09 6.1695E-09 6.1811E-09 6.1914E-09 6.1980E-09 6.2072E-09 6.2123E-09 6.2175E-09 6.2201E-09 6.2237E-09 6.2227E-09 6.2220E-09 6.2192E-09 6.2138E-09 6.2079E-09 6.1978E-09 6.1872E-09 6.1761E-09 6.1599E-09 6.1413E-09 6.1216E-09 6.0996E-09 6.0754E-09 6.0467E-09 6.0154E-09 5.9823E-09 5.9470E-09 5.9084E-09 5.8671E-09 5.8235E-09 5.7781E-09 5.7297E-09 5.6795E-09 5.6268E-09
5.5323E-09 5.5696E-09 5.6057E-09 5.6400E-09 5.6732E-09 5.7044E-09 5.7342E-09 5.7632E-09 5.7897E-09 5.8167E-09 5.8404E-09 5.8641E-09 5.8858E-09 5.9060E-09 5.9261E-09 5.9437E-09 5.9608E-09 5.9786E-09 5.9945E-09 6.0113E-09 6.0261E-09 6.0383E-09 6.0514E-09 6.0629E-09 6.0718E-09 6.0819E-09 6.0887E-09 6.0966E-09 6.1017E-09 6.1043E-09 6.1086E-09 6.1088E-09 6.1074E-09 6.1068E-09 6.1032E-09 6.0986E-09 6.0905E-09 6.0807E-09 6.0730E-09 6.0594E-09 6.0437E-09 6.0274E-09 6.0087E-09 5.9886E-09 5.9641E-09 5.9371E-09 5.9083E-09 5.8779E-09 5.8441E-09 5.8081E-09 5.7697E-09 5.7297E-09 5.6871E-09 5.6423E-09 5.5962E-09 5.5478E-09 5.4961E-09
5.4642E-09 5.5011E-09 5.5362E-09 5.5704E-09 5.6026E-09 5.6337E-09 5.6629E-09 5.6904E-09 5.7173E-09 5.7419E-09 5.7667E-09 5.7883E-09 5.8091E-09 5.8295E-09 5.8475E-09 5.8651E-09 5.8803E-09 5.8950E-09 5.9091E-09 5.9234E-09 5.9377E-09 5.9481E-09 5.9594E-09 5.9707E-09 5.9775E-09 5.9854E-09 5.9909E-09 5.9961E-09 5.9986E-09 6.0018E-09 6.0011E-09 6.0011E-09 5.9986E-09 5.9962E-09 5.9896E-09 5.9813E-09 5.9745E-09 5.9641E-09 5.9505E-09 5.9370E-09 5.9197E-09 5.9023E-09 5.8829E-09 5.8597E-09 5.8343E-09 5.8101E-09 5.7806E-09 5.7491E-09 5.7151E-09 5.6798E-09 5.6411E-09 5.6014E-09 5.5601E-09 5.5161E-09 5.4705E-09 5.4236E-09 5.3743E-09
5.3956E-09 5.4317E-09 5.4668E-09 5.4998E-09 5.5320E-09 5.5620E-09 5.5906E-09 5.6184E-09 5.6436E-09 5.6686E-09 5.6912E-09 5.7139E-09 5.7334E-09 5.7518E-09 5.7701E-09 5.7861E-09 5.8007E-09 5.8148E-09 5.8266E-09 5.8384E-09 5.8511E-09 5.8605E-09 5.8706E-09 5.8775E-09 5.8852E-09 5.8919E-09 5.8946E-09 5.8992E-09 5.9004E-09 5.8992E-09 5.8994E-09 5.8967E-09 5.8935E-09 5.8868E-09 5.8812E-09 5.8731E-09 5.8617E-09 5.8503E-09 5.8353E-09 5.8200E-09 5.8037E-09 5.7835E-09 5.7634E-09 5.7398E-09 5.7149E-09 5.6871E-09 5.6572E-09 5.6266E-09 5.5937E-09 5.5590E-09 5.5223E-09 5.4810E-09 5.4400E-09 5.3965E-09 5.3524E-09 5.3062E-09 5.2566E-09
5.3264E-09 5.3623E-09 5.3965E-09 5.4295E-09 5.4605E-09 5.4907E-09 5.5187E-09 5.5451E-09 5.5710E-09 5.5942E-09 5.6170E-09 5.6375E-09 5.6571E-09 5.6759E-09 5.6922E-09 5.7080E-09 5.7217E-09 5.7348E-09 5.7465E-09 5.7561E-09 5.7646E-09 5.7733E-09 5.7818E-09 5.7881E-09 5.7942E-09 5.7977E-09 5.8022E-09 5.8025E-09 5.8036E-09 5.8024E-09 5.8013E-09 5.7962E-09 5.7896E-09 5.7852E-09 5.7761E-09 5.7668E-09 5.7540E-09 5.7404E-09 5.7269E-09 5.7111E-09 5.6918E-09 5.6707E-09 5.6494E-09 5.6251E-09 5.5987E-09 5.5731E-09 5.5448E-09 5.5134E-09 5.4806E-09 5.4436E-09 5.4066E-09 5.3682E-09 5.3267E-09 5.2848E-09 5.2414E-09 5.1954E-09 5.1451E-09
5.2571E-09 5.2922E-09 5.3261E-09 5.3580E-09 5.3892E-09 5.4184E-09 5.4465E-09 5.4725E-09 5.4968E-09 5.5206E-09 5.5421E-09 5.5629E-09 5.5814E-09 5.5988E-09 5.6154E-09 5.6300E-09 5.6430E-09 5.6555E-09 5.6657E-09 5.6752E-09 5.6837E-09 5.6901E-09 5.6957E-09 5.7000E-09 5.7052E-09 5.7083E-09 5.7104E-09 5.7103E-09 5.7107E-09 5.7078E-09 5.7029E-09 5.6988E-09 5.6928E-09 5.6857E-09 5.6750E-09 5.6626E-09 5.6518E-09 5.6385E-09 5.6215E-09 5.6031E-09 5.5842E-09 5.5648E-09 5.5423E-09 5.5181E-09 5.4917E-09 5.4642E-09 5.4352E-09 5.4036E-09 5.3705E-09 5.3356E-09 5.2979E-09 5.2601E-09 5.2187E-09 5.1775E-09 5.1351E-09 5.0867E-09 5.0421E-09
5.1872E-09 5.2220E-09 5.2549E-09 5.2870E-09 5.3170E-09 5.3462E-09 5.3732E-09 5.3987E-09 5.4237E-09 5.4460E-09 5.4677E-09 5.4872E-09 5.5053E-09 5.5228E-09 5.5380E-09 5.5525E-09 5.5652E-09 5.5768E-09 5.5864E-09 5.5950E-09 5.6022E-09 5.6084E-09 5.6129E-09 5.6158E-09 5.6186E-09 5.6192E-09 5.6191E-09 5.6208E-09 5.6172E-09 5.6144E-09 5.6106E-09 5.6038E-09 5.5970E-09 5.5864E-09 5.5770E-09 5.5670E-09 5.5523E-09 5.5363E-09 5.5204E-09 5.5027E-09 5.4831E-09 5.4619E-09 5.4383E-09 5.4139E-09 5.3878E-09 5.3599E-09 5.3299E-09 5.2986E-09 5.2663E-09 5.2318E-09 5.1942E-09 5.1547E-09 5.1160E-09 5.0766E-09 5.0355E-09 4.9888E-09 4.9453E-09
5.1171E-09 5.1512E-09 5.1841E-09 5.2149E-09 5.2452E-09 5.2734E-09 5.3006E-09 5.3257E-09 5.3492E-09 5.3723E-09 5.3925E-09 5.4122E-09 5.4300E-09 5.4459E-09 5.4617E-09 5.4751E-09 5.4873E-09 5.4986E-09 5.5075E-09 5.5151E-09 5.5221E-09 5.5272E-09 5.5309E-09 5.5342E-09 5.5352E-09 5.5346E-09 5.5339E-09 5.5315E-09 5.5281E-09 5.5243E-09 5.5195E-09 5.5109E-09 5.5014E-09 5.4955E-09 5.4834E-09 5.4692E-09 5.4563E-09 5.4406E-09 5.4228E-09 5.4052E-09 5.3840E-09 5.3621E-09 5.3392E-09 5.3139E-09 5.2871E-09 5.2591E-09 5.2299E-09 5.1989E-09 5.1663E-09 5.1323E-09 5.0957E-09 5.0571E-09 5.0194E-09 4.9808E-09 4.9386E-09 4.8964E-09 4.8537E-09
5.0472E-09 5.0804E-09 5.1124E-09 5.1435E-09 5.1724E-09 5.2007E-09 5.2269E-09 5.2514E-09 5.2757E-09 5.2972E-09 5.3181E-09 5.3368E-09 5.3540E-09 5.3706E-09 5.3844E-09 5.3974E-09 5.4097E-09 5.4203E-09 5.4292E-09 5.4370E-09 5.4430E-09 5.4472E-09 5.4507E-09 5.4526E-09 5.4534E-09 5.4527E-09 5.4507E-09 5.4467E-09 5.4434E-09 5.4372E-09 5.4295E-09 5.4236E-09 5.4137E-09 5.4018E-09 5.3907E-09 5.3774E-09 5.3625E-09 5.3471E-09 5.3283E-09 5.3089E-09 5.2884E-09 5.2667E-09 5.2425E-09 5.2173E-09 5.1905E-09 5.1630E-09 5.1345E-09 5.1037E-09 5.0723E-09 5.0389E-09 5.0015E-09 4.9660E-09 4.9288E-09 4.8905E-09 4.8501E-09 4.8094E-09 4.7680E-09
4.9761E-09 5.0091E-09 5.0410E-09 5.0709E-09 5.1004E-09 5.1275E-09 5.1538E-09 5.1782E-09 5.2009E-09 5.2233E-09 5.2428E-09 5.2610E-09 5.2789E-09 5.2941E-09 5.3084E-09 5.3211E-09 5.3323E-09 5.3426E-09 5.3509E-09 5.3580E-09 5.3641E-09 5.3684E-09 5.3709E-09 5.3726E-09 5.3725E-09 5.3713E-09 5.3688E-09 5.3652E-09 5.3597E-09 5.3531E-09 5.3464E-09 5.3372E-09 5.3264E-09 5.3146E-09 5.3023E-09 5.2897E-09 5.2737E-09 5.2565E-09 5.2381E-09 5.2189E-09 5.1975E-09 5.1745E-09 5.1514E-09 5.1276E-09 5.1009E-09 5.0737E-09 5.0443E-09 5.0142E-09 4.9826E-09 4.9501E-09 4.9159E-09 4.8796E-09 4.8429E-09 4.8051E-09 4.7656E-09 4.7260E-09 4.6856E-09
4.9058E-09 4.9379E-09 4.9689E-09 4.9992E-09 5.0272E-09 5.0547E-09 5.0799E-09 5.1036E-09 5.1272E-09 5.1481E-09 5.1682E-09 5.1864E-09 5.2028E-09 5.2189E-09 5.2322E-09 5.2443E-09 5.2559E-09 5.2647E-09 5.2729E-09 5.2800E-09 5.2856E-09 5.2892E-09 5.2926E-09 5.2936E-09 5.2930E-09 5.2914E-09 5.2885E-09 5.2841E-09 5.2785E-09 5.2718E-09 5.2633E-09 5.2535E-09 5.2435E-09 5.2321E-09 5.2183E-09 5.2031E-09 5.1871E-09 5.1709E-09 5.1519E-09 5.1317E-09 5.1117E-09 5.0897E-09 5.0668E-09 5.0421E-09 5.0155E-09 4.9884E-09 4.9595E-09 4.9293E-09 4.8979E-09 4.8653E-09 4.8314E-09 4.7967E-09 4.7598E-09 4.7230E-09 4.6851E-09 4.6466E-09 4.6070E-09
4.8344E-09 4.8669E-09 4.8973E-09 4.9263E-09 4.9549E-09 4.9812E-09 5.0069E-09 5.0302E-09 5.0523E-09 5.0740E-09 5.0929E-09 5.1105E-09 5.1279E-09 5.1424E-09 5.1562E-09 5.1685E-09 5.1790E-09 5.1882E-09 5.1960E-09 5.2023E-09 5.2074E-09 5.2114E-09 5.2137E-09 5.2143E-09 5.2145E-09 5.2128E-09 5.2090E-09 5.2051E-09 5.1991E-09 5.1914E-09 5.1827E-09 5.1731E-09 5.1620E-09 5.1493E-09 5.1357E-09 5.1215E-09 5.1054E-09 5.0879E-09 5.0690E-09 5.0495E-09 5.0282E-09 5.0063E-09 4.9826E-09 4.9581E-09 4.9318E-09 4.9050E-09 4.8764E-09 4.8465E-09 4.8159E-09 4.7839E-09 4.7508E-09 4.7167E-09 4.6812E-09 4.6454E-09 4.6082E-09 4.5699E-09 4.5311E-09
