Assets/Resources/2015_m01_d20_0300(utc+0800)_l00_csi_1hr_conc.grd
DSAA
         159         159
     -79.000      79.000
     -79.000      79.000
  0.0000E+00  0.1371E-04
[rows 100 to 124 of 159, columns 57 to 113 of 159]
1.0421E-10 1.3610E-10 1.7045E-10 2.2576E-10 2.6464E-10 3.1115E-10 3.5342E-10 3.9784E-10 4.3683E-10 4.8617E-10 5.3015E-10 5.7570E-10 6.3176E-10 6.7945E-10 7.2542E-10 7.7487E-10 8.2712E-10 8.7378E-10 9.1967E-10 9.7447E-10 1.0252E-09 1.0792E-09 1.1345E-09 1.1797E-09 1.2278E-09 1.2821E-09 1.3324E-09 1.3879E-09 1.4483E-09 1.5151E-09 1.5667E-09 1.6154E-09 1.6601E-09 1.7138E-09 1.7642E-09 1.8088E-09 1.8526E-09 1.9260E-09 1.9852E-09 2.0478E-09 2.1202E-09 2.1792E-09 2.2430E-09 2.3077E-09 2.3745E-09 2.4431E-09 2.5127E-09 2.5776E-09 2.6466E-09 2.7506E-09 2.8014E-09 2.8806E-09 2.8811E-09 2.9517E-09 3.0182E-09 3.0578E-09 3.0970E-09
6.6324E-11 9.8312E-11 1.2966E-10 1.5810E-10 2.1249E-10 2.5242E-10 2.8850E-10 3.2733E-10 3.6911E-10 4.1429E-10 4.5358E-10 5.0251E-10 5.4603E-10 5.9105E-10 6.3769E-10 6.8663E-10 7.3079E-10 7.7945E-10 8.2596E-10 8.6894E-10 9.2115E-10 9.6959E-10 1.0202E-09 1.0722E-09 1.1144E-09 1.1596E-09 1.2109E-09 1.2561E-09 1.3104E-09 1.3680E-09 1.4311E-09 1.4801E-09 1.5257E-09 1.5673E-09 1.6176E-09 1.6645E-09 1.7057E-09 1.7476E-09 1.8133E-09 1.8620E-09 1.9144E-09 1.9739E-09 2.0239E-09 2.1006E-09 2.1589E-09 2.2178E-09 2.2782E-09 2.3374E-09 2.3884E-09 2.4373E-09 2.4691E-09 2.5058E-09 2.4988E-09 2.5758E-09 2.6080E-09 2.6712E-09 2.7218E-09
3.8987E-11 6.0438E-11 9.3397E-11 1.2239E-10 1.5025E-10 1.9878E-10 2.4044E-10 2.7369E-10 3.1065E-10 3.4831E-10 3.8697E-10 4.3009E-10 4.6891E-10 5.1506E-10 5.6021E-10 6.0381E-10 6.4958E-10 6.9087E-10 7.3665E-10 7.8000E-10 8.2308E-10 8.7000E-10 9.1536E-10 9.6602E-10 1.0121E-09 1.0517E-09 1.0988E-09 1.1427E-09 1.1842E-09 1.2356E-09 1.2903E-09 1.3497E-09 1.3965E-09 1.4391E-09 1.4778E-09 1.5247E-09 1.5688E-09 1.6072E-09 1.6430E-09 1.6958E-09 1.7359E-09 1.7820E-09 1.8336E-09 1.8947E-09 1.9435E-09 1.9951E-09 2.0444E-09 2.1164E-09 2.1576E-09 2.1918E-09 2.1912E-09 2.2132E-09 2.2154E-09 2.2411E-09 2.2897E-09 2.3524E-09 2.4057E-09
2.0938E-11 3.6938E-11 5.8039E-11 8.6317E-11 1.1635E-10 1.4257E-10 1.8594E-10 2.2870E-10 2.6085E-10 2.9489E-10 3.3031E-10 3.6695E-10 4.0559E-10 4.4424E-10 4.8818E-10 5.3020E-10 5.7098E-10 6.1406E-10 6.5231E-10 6.9553E-10 7.3609E-10 7.7639E-10 8.2083E-10 8.6337E-10 9.1121E-10 9.5470E-10 9.9168E-10 1.0361E-09 1.0772E-09 1.1135E-09 1.1641E-09 1.2144E-09 1.2710E-09 1.3150E-09 1.3548E-09 1.3917E-09 1.4360E-09 1.4759E-09 1.5065E-09 1.5348E-09 1.5825E-09 1.6157E-09 1.6617E-09 1.7158E-09 1.7528E-09 1.7961E-09 1.8583E-09 1.8974E-09 1.9304E-09 1.9517E-09 1.9714E-09 1.9696E-09 1.9941E-09 2.0044E-09 2.0303E-09 2.0995E-09 2.1233E-09
1.0882E-11 2.1400E-11 3.3511E-11 5.4432E-11 8.0258E-11 1.1151E-10 1.3580E-10 1.7175E-10 2.1738E-10 2.4737E-10 2.7959E-10 3.1220E-10 3.4757E-10 3.8405E-10 4.2066E-10 4.6217E-10 5.0146E-10 5.3944E-10 5.7993E-10 6.1535E-10 6.5859E-10 6.9406E-10 7.3173E-10 7.7365E-10 8.1329E-10 8.5850E-10 8.9975E-10 9.3424E-10 9.7605E-10 1.0144E-09 1.0480E-09 1.0934E-09 1.1423E-09 1.1939E-09 1.2356E-09 1.2750E-09 1.3089E-09 1.3473E-09 1.3790E-09 1.4052E-09 1.4336E-09 1.4759E-09 1.5125E-09 1.5424E-09 1.5888E-09 1.6199E-09 1.6723E-09 1.7050E-09 1.7285E-09 1.7207E-09 1.7393E-09 1.7534E-09 1.7620E-09 1.7896E-09 1.8460E-09 1.8672E-09 1.9005E-09
2.1847E-12 9.5279E-12 2.0602E-11 3.2166E-11 5.0090E-11 7.3985E-11 1.0399E-10 1.2872E-10 1.5878E-10 2.0488E-10 2.3453E-10 2.6481E-10 2.9496E-10 3.2884E-10 3.6522E-10 3.9768E-10 4.3943E-10 4.7378E-10 5.1166E-10 5.4724E-10 5.8019E-10 6.2092E-10 6.5392E-10 6.8893E-10 7.2844E-10 7.6528E-10 8.0791E-10 8.4659E-10 8.7922E-10 9.1869E-10 9.5455E-10 9.8582E-10 1.0274E-09 1.0709E-09 1.1205E-09 1.1595E-09 1.1968E-09 1.2245E-09 1.2559E-09 1.2856E-09 1.3133E-09 1.3414E-09 1.3808E-09 1.4139E-09 1.4406E-09 1.4824E-09 1.5057E-09 1.5306E-09 1.5267E-09 1.5613E-09 1.5577E-09 1.5580E-09 1.5769E-09 1.6292E-09 1.6475E-09 1.6815E-09 1.6986E-09
0.0000E+00 2.1055E-12 9.1703E-12 1.9783E-11 2.9969E-11 4.7232E-11 6.9202E-11 9.8926E-11 1.2260E-10 1.4472E-10 1.9026E-10 2.2214E-10 2.5187E-10 2.8027E-10 3.1274E-10 3.4523E-10 3.7795E-10 4.1516E-10 4.4718E-10 4.8254E-10 5.1599E-10 5.4890E-10 5.8496E-10 6.1566E-10 6.5075E-10 6.8519E-10 7.1943E-10 7.5875E-10 7.9551E-10 8.2676E-10 8.6398E-10 8.9748E-10 9.2653E-10 9.6147E-10 1.0042E-09 1.0491E-09 1.0825E-09 1.1077E-09 1.1401E-09 1.1683E-09 1.2023E-09 1.2289E-09 1.2543E-09 1.2849E-09 1.3200E-09 1.3431E-09 1.3722E-09 1.3907E-09 1.3890E-09 1.3855E-09 1.4019E-09 1.4008E-09 1.4229E-09 1.4614E-09 1.4895E-09 1.5043E-09 1.5336E-09
0.0000E+00 0.0000E+00 0.0000E+00 8.8043E-12 1.8953E-11 2.8638E-11 4.3402E-11 6.4731E-11 9.2384E-11 1.1506E-10 1.3592E-10 1.7679E-10 2.1021E-10 2.3709E-10 2.6483E-10 2.9516E-10 3.2603E-10 3.5678E-10 3.9176E-10 4.2165E-10 4.5472E-10 4.8618E-10 5.1690E-10 5.5071E-10 5.7926E-10 6.1194E-10 6.4386E-10 6.7507E-10 7.1402E-10 7.4663E-10 7.7683E-10 8.1188E-10 8.4314E-10 8.6993E-10 8.9898E-10 9.3866E-10 9.7671E-10 9.9978E-10 1.0305E-09 1.0552E-09 1.0825E-09 1.1130E-09 1.1483E-09 1.1716E-09 1.1993E-09 1.2298E-09 1.2463E-09 1.2452E-09 1.2644E-09 1.2619E-09 1.2621E-09 1.2819E-09 1.3019E-09 1.3190E-09 1.3389E-09 1.3631E-09 1.3919E-09
0.0000E+00 0.0000E+00 0.0000E+00 0.0000E+00 8.4340E-12 1.6217E-11 2.7316E-11 4.0110E-11 6.0633E-11 8.4201E-11 1.0759E-10 1.2867E-10 1.6124E-10 1.9716E-10 2.2404E-10 2.5004E-10 2.7785E-10 3.0760E-10 3.3640E-10 3.6920E-10 3.9718E-10 4.2840E-10 4.5779E-10 4.8646E-10 5.1796E-10 5.4469E-10 5.7510E-10 6.0443E-10 6.3284E-10 6.6966E-10 6.9994E-10 7.2844E-10 7.6232E-10 7.9144E-10 8.1582E-10 8.3803E-10 8.7119E-10 9.0089E-10 9.3231E-10 9.5514E-10 9.7801E-10 9.9842E-10 1.0404E-09 1.0610E-09 1.0808E-09 1.1118E-09 1.1260E-09 1.1366E-09 1.1297E-09 1.1374E-09 1.1537E-09 1.1726E-09 1.1902E-09 1.2079E-09 1.2251E-09 1.2429E-09 1.2608E-09
0.0000E+00 0.0000E+00 0.0000E+00 0.0000E+00 0.0000E+00 7.1843E-12 1.5467E-11 2.5239E-11 3.6051E-11 5.4633E-11 7.6773E-11 1.0138E-10 1.2151E-10 1.4645E-10 1.8683E-10 2.1138E-10 2.3593E-10 2.6086E-10 2.8995E-10 3.1680E-10 3.4686E-10 3.7377E-10 4.0318E-10 4.3081E-10 4.5756E-10 4.8705E-10 5.1190E-10 5.4034E-10 5.6726E-10 5.9323E-10 6.2735E-10 6.5461E-10 6.8156E-10 7.1524E-10 7.4144E-10 7.6071E-10 7.7838E-10 8.0639E-10 8.3989E-10 8.6452E-10 8.8511E-10 9.1476E-10 9.3345E-10 9.6127E-10 9.7913E-10 1.0054E-09 1.0059E-09 1.0162E-09 1.0254E-09 1.0340E-09 1.0595E-09 1.0711E-09 1.0896E-09 1.1070E-09 1.1229E-09 1.1383E-09 1.1530E-09
0.0000E+00 0.0000E+00 0.0000E+00 0.0000E+00 0.0000E+00 0.0000E+00 6.8584E-12 1.3924E-11 2.3997E-11 3.3512E-11 5.0112E-11 6.9208E-11 9.4427E-11 1.1444E-10 1.3184E-10 1.7303E-10 1.9930E-10 2.2167E-10 2.4490E-10 2.7289E-10 2.9759E-10 3.2619E-10 3.4951E-10 3.7940E-10 4.0520E-10 4.3015E-10 4.5740E-10 4.8086E-10 5.0744E-10 5.3239E-10 5.5555E-10 5.8630E-10 6.1227E-10 6.3607E-10 6.6173E-10 6.7673E-10 7.0047E-10 7.2464E-10 7.5258E-10 7.8571E-10 8.0892E-10 8.2707E-10 8.4651E-10 8.6287E-10 8.8697E-10 8.9903E-10 9.1056E-10 9.0997E-10 9.1512E-10 9.4272E-10 9.5285E-10 9.7573E-10 9.9754E-10 1.0127E-09 1.0288E-09 1.0430E-09 1.0540E-09
0.0000E+00 0.0000E+00 0.0000E+00 0.0000E+00 0.0000E+00 0.0000E+00 0.0000E+00 5.5989E-12 1.3242E-11 2.2055E-11 3.1070E-11 4.6284E-11 6.3844E-11 8.7800E-11 1.0583E-10 1.2327E-10 1.5732E-10 1.8756E-10 2.0854E-10 2.3068E-10 2.5379E-10 2.7986E-10 3.0475E-10 3.2878E-10 3.5358E-10 3.8076E-10 4.0419E-10 4.2967E-10 4.5150E-10 4.7633E-10 4.9945E-10 5.2000E-10 5.4623E-10 5.7072E-10 5.8203E-10 6.0401E-10 6.2430E-10 6.4682E-10 6.6442E-10 7.0093E-10 7.3462E-10 7.5654E-10 7.7322E-10 7.9118E-10 7.9468E-10 8.1330E-10 8.1612E-10 8.1390E-10 8.3682E-10 8.5095E-10 8.6958E-10 8.7878E-10 9.0641E-10 9.1847E-10 9.2967E-10 9.4242E-10 9.6374E-10
0.0000E+00 0.0000E+00 0.0000E+00 0.0000E+00 0.0000E+00 0.0000E+00 0.0000E+00 0.0000E+00 3.6561E-12 1.2576E-11 1.9942E-11 2.9419E-11 4.0997E-11 5.8391E-11 8.0804E-11 9.8083E-11 1.1622E-10 1.4387E-10 1.7540E-10 1.9630E-10 2.1721E-10 2.3792E-10 2.5877E-10 2.8667E-10 3.0614E-10 3.3235E-10 3.5417E-10 3.7767E-10 4.0346E-10 4.2377E-10 4.4500E-10 4.6823E-10 4.8719E-10 5.0304E-10 5.1590E-10 5.3682E-10 5.4965E-10 5.7770E-10 5.9345E-10 6.2133E-10 6.3979E-10 6.7804E-10 6.9783E-10 7.2263E-10 7.2990E-10 7.3206E-10 7.4531E-10 7.5132E-10 7.6194E-10 7.7306E-10 7.8210E-10 8.0197E-10 8.2061E-10 8.2693E-10 8.4552E-10 8.6259E-10 8.7419E-10
0.0000E+00 0.0000E+00 0.0000E+00 0.0000E+00 0.0000E+00 0.0000E+00 0.0000E+00 0.0000E+00 0.0000E+00 3.4694E-12 1.0264E-11 1.8886E-11 2.7828E-11 3.6863E-11 5.3322E-11 7.4145E-11 9.2485E-11 1.0952E-10 1.2662E-10 1.6410E-10 1.8472E-10 2.0370E-10 2.2367E-10 2.4331E-10 2.6398E-10 2.8770E-10 3.0908E-10 3.3248E-10 3.5097E-10 3.7871E-10 3.9739E-10 4.1723E-10 4.3390E-10 4.4572E-10 4.6474E-10 4.7692E-10 4.9210E-10 5.0917E-10 5.3633E-10 5.5583E-10 5.6954E-10 5.9003E-10 6.2563E-10 6.5228E-10 6.5881E-10 6.7223E-10 6.7414E-10 6.8480E-10 7.0345E-10 7.1249E-10 7.2273E-10 7.3052E-10 7.4879E-10 7.5554E-10 7.6106E-10 7.8594E-10 7.9131E-10
0.0000E+00 0.0000E+00 0.0000E+00 0.0000E+00 0.0000E+00 0.0000E+00 0.0000E+00 0.0000E+00 0.0000E+00 0.0000E+00 2.5108E-12 8.8842E-12 1.7189E-11 2.5651E-11 3.4178E-11 4.8834E-11 6.5919E-11 8.5830E-11 1.0299E-10 1.1590E-10 1.4944E-10 1.7376E-10 1.9133E-10 2.1022E-10 2.2874E-10 2.4808E-10 2.6428E-10 2.9029E-10 3.0884E-10 3.2938E-10 3.5153E-10 3.6824E-10 3.8648E-10 4.0140E-10 4.1221E-10 4.3046E-10 4.4686E-10 4.6122E-10 4.7424E-10 4.9645E-10 5.0969E-10 5.2670E-10 5.4682E-10 5.7452E-10 5.9705E-10 6.0764E-10 6.2046E-10 6.3134E-10 6.4049E-10 6.5692E-10 6.6605E-10 6.7468E-10 6.8125E-10 6.9462E-10 7.0418E-10 7.0834E-10 7.2158E-10
0.0000E+00 0.0000E+00 0.0000E+00 0.0000E+00 0.0000E+00 0.0000E+00 0.0000E+00 0.0000E+00 0.0000E+00 0.0000E+00 0.0000E+00 1.5950E-12 7.6996E-12 1.4682E-11 2.2676E-11 3.1633E-11 4.3588E-11 5.8636E-11 7.8244E-11 9.3170E-11 1.0905E-10 1.3795E-10 1.6245E-10 1.7858E-10 1.9771E-10 2.1223E-10 2.3311E-10 2.4789E-10 2.6654E-10 2.8671E-10 3.0223E-10 3.2621E-10 3.3755E-10 3.5375E-10 3.7177E-10 3.8612E-10 4.0178E-10 4.1886E-10 4.3231E-10 4.4453E-10 4.6520E-10 4.7777E-10 4.8909E-10 5.0526E-10 5.2035E-10 5.5056E-10 5.6455E-10 5.7566E-10 5.8675E-10 5.9630E-10 6.1007E-10 6.2076E-10 6.2753E-10 6.3504E-10 6.3923E-10 6.5320E-10 6.4868E-10
0.0000E+00 0.0000E+00 0.0000E+00 0.0000E+00 0.0000E+00 0.0000E+00 0.0000E+00 0.0000E+00 0.0000E+00 0.0000E+00 0.0000E+00 0.0000E+00 0.0000E+00 5.7845E-12 1.2390E-11 2.0771E-11 2.9230E-11 3.7668E-11 5.3823E-11 7.1419E-11 8.6248E-11 1.0258E-10 1.1962E-10 1.5123E-10 1.6799E-10 1.8486E-10 1.9930E-10 2.1903E-10 2.3280E-10 2.4858E-10 2.6595E-10 2.8331E-10 2.9888E-10 3.1268E-10 3.2640E-10 3.4858E-10 3.6185E-10 3.7666E-10 3.9266E-10 4.0513E-10 4.1674E-10 4.3612E-10 4.4793E-10 4.5858E-10 4.6810E-10 4.8494E-10 5.1016E-10 5.2574E-10 5.3470E-10 5.4587E-10 5.5376E-10 5.6189E-10 5.7278E-10 5.7989E-10 5.8486E-10 5.8085E-10 5.8919E-10
0.0000E+00 0.0000E+00 0.0000E+00 0.0000E+00 0.0000E+00 0.0000E+00 0.0000E+00 0.0000E+00 0.0000E+00 0.0000E+00 0.0000E+00 0.0000E+00 0.0000E+00 0.0000E+00 5.4639E-12 1.1692E-11 1.8721E-11 2.6660E-11 3.5456E-11 4.8248E-11 6.3430E-11 8.1131E-11 9.6473E-11 1.0748E-10 1.3408E-10 1.5771E-10 1.7382E-10 1.8715E-10 2.0515E-10 2.1865E-10 2.3340E-10 2.4965E-10 2.6250E-10 2.7889E-10 2.9336E-10 3.0607E-10 3.2338E-10 3.3928E-10 3.5154E-10 3.6816E-10 3.7958E-10 3.9078E-10 4.0576E-10 4.1927E-10 4.2869E-10 4.3797E-10 4.4798E-10 4.7351E-10 4.8806E-10 4.9640E-10 5.0499E-10 5.1060E-10 5.1609E-10 5.2075E-10 5.2024E-10 5.2407E-10 5.2850E-10
0.0000E+00 0.0000E+00 0.0000E+00 0.0000E+00 0.0000E+00 0.0000E+00 0.0000E+00 0.0000E+00 0.0000E+00 0.0000E+00 0.0000E+00 0.0000E+00 0.0000E+00 0.0000E+00 0.0000E+00 3.7256E-12 1.0256E-11 1.6850E-11 2.4226E-11 3.1917E-11 4.2954E-11 5.6372E-11 7.2698E-11 8.8104E-11 1.0100E-10 1.2578E-10 1.4717E-10 1.6345E-10 1.7575E-10 1.9245E-10 2.0537E-10 2.1886E-10 2.3437E-10 2.4638E-10 2.6173E-10 2.7528E-10 2.8691E-10 3.0342E-10 3.1487E-10 3.2954E-10 3.4472E-10 3.5542E-10 3.6530E-10 3.7739E-10 3.9096E-10 4.0075E-10 4.0791E-10 4.1788E-10 4.3483E-10 4.4994E-10 4.5690E-10 4.6612E-10 4.6510E-10 4.6605E-10 4.7418E-10 4.7009E-10 4.6742E-10
0.0000E+00 0.0000E+00 0.0000E+00 0.0000E+00 0.0000E+00 0.0000E+00 0.0000E+00 0.0000E+00 0.0000E+00 0.0000E+00 0.0000E+00 0.0000E+00 0.0000E+00 0.0000E+00 0.0000E+00 0.0000E+00 2.8257E-12 8.2916E-12 1.5286E-11 2.1680E-11 2.9480E-11 3.6751E-11 5.0457E-11 6.7744E-11 8.1636E-11 9.4911E-11 1.0726E-10 1.3688E-10 1.5248E-10 1.6423E-10 1.7937E-10 1.9292E-10 2.0390E-10 2.2007E-10 2.3130E-10 2.4405E-10 2.5838E-10 2.6927E-10 2.8286E-10 2.9504E-10 3.0472E-10 3.2278E-10 3.3162E-10 3.4148E-10 3.4897E-10 3.6536E-10 3.7296E-10 3.7957E-10 3.8732E-10 3.9572E-10 4.0962E-10 4.1378E-10 4.1780E-10 4.1957E-10 4.1749E-10 4.1509E-10 4.1748E-10
0.0000E+00 0.0000E+00 0.0000E+00 0.0000E+00 0.0000E+00 0.0000E+00 0.0000E+00 0.0000E+00 0.0000E+00 0.0000E+00 0.0000E+00 0.0000E+00 0.0000E+00 0.0000E+00 0.0000E+00 0.0000E+00 0.0000E+00 6.9864E-13 6.5937E-12 1.2499E-11 1.9084E-11 2.6365E-11 3.3520E-11 4.5201E-11 6.0623E-11 7.5675E-11 8.8088E-11 9.7474E-11 1.2232E-10 1.4292E-10 1.5438E-10 1.6842E-10 1.8035E-10 1.9152E-10 2.0668E-10 2.1683E-10 2.2848E-10 2.4217E-10 2.5190E-10 2.6360E-10 2.7545E-10 2.8502E-10 2.9631E-10 3.0833E-10 3.1667E-10 3.2461E-10 3.3854E-10 3.4615E-10 3.4749E-10 3.4844E-10 3.5475E-10 3.7248E-10 3.7161E-10 3.6894E-10 3.7289E-10 3.7335E-10 3.6434E-10
0.0000E+00 0.0000E+00 0.0000E+00 0.0000E+00 0.0000E+00 0.0000E+00 0.0000E+00 0.0000E+00 0.0000E+00 0.0000E+00 0.0000E+00 0.0000E+00 0.0000E+00 0.0000E+00 0.0000E+00 0.0000E+00 0.0000E+00 0.0000E+00 0.0000E+00 5.5496E-12 1.1036E-11 1.7194E-11 2.4008E-11 3.1486E-11 4.1693E-11 5.3976E-11 6.6733E-11 7.8882E-11 9.1552E-11 1.1246E-10 1.3184E-10 1.4514E-10 1.5632E-10 1.6948E-10 1.7963E-10 1.9332E-10 2.0326E-10 2.1278E-10 2.2613E-10 2.3565E-10 2.4375E-10 2.5756E-10 2.6483E-10 2.7515E-10 2.8449E-10 2.9176E-10 2.9419E-10 3.0223E-10 3.0751E-10 3.1254E-10 3.1067E-10 3.1140E-10 3.2607E-10 3.3222E-10 3.2576E-10 3.2402E-10 3.2543E-10
0.0000E+00 0.0000E+00 0.0000E+00 0.0000E+00 0.0000E+00 0.0000E+00 0.0000E+00 0.0000E+00 0.0000E+00 0.0000E+00 0.0000E+00 0.0000E+00 0.0000E+00 0.0000E+00 0.0000E+00 0.0000E+00 0.0000E+00 0.0000E+00 0.0000E+00 0.0000E+00 3.9141E-12 9.7138E-12 1.5431E-11 2.2044E-11 2.9087E-11 3.5845E-11 4.7672E-11 6.1779E-11 7.3373E-11 8.6002E-11 9.6537E-11 1.2305E-10 1.3649E-10 1.4637E-10 1.5898E-10 1.6752E-10 1.7935E-10 1.8974E-10 1.9823E-10 2.1148E-10 2.1893E-10 2.2744E-10 2.3861E-10 2.4696E-10 2.4910E-10 2.5591E-10 2.6100E-10 2.6668E-10 2.6854E-10 2.7147E-10 2.7321E-10 2.7457E-10 2.6943E-10 2.7260E-10 2.8608E-10 2.8674E-10 2.8602E-10
0.0000E+00 0.0000E+00 0.0000E+00 0.0000E+00 0.0000E+00 0.0000E+00 0.0000E+00 0.0000E+00 0.0000E+00 0.0000E+00 0.0000E+00 0.0000E+00 0.0000E+00 0.0000E+00 0.0000E+00 0.0000E+00 0.0000E+00 0.0000E+00 0.0000E+00 0.0000E+00 0.0000E+00 3.1055E-12 7.3761E-12 1.3464E-11 1.8253E-11 2.5641E-11 3.2314E-11 4.1816E-11 5.4604E-11 6.8931E-11 8.0467E-11 8.8805E-11 1.0878E-10 1.2748E-10 1.3602E-10 1.4830E-10 1.5674E-10 1.6601E-10 1.7673E-10 1.8499E-10 1.9421E-10 2.0413E-10 2.0705E-10 2.1427E-10 2.1977E-10 2.2542E-10 2.2864E-10 2.3008E-10 2.3193E-10 2.3410E-10 2.4102E-10 2.3908E-10 2.3705E-10 2.3686E-10 2.3812E-10 2.5365E-10 2.5783E-10
0.0000E+00 0.0000E+00 0.0000E+00 0.0000E+00 0.0000E+00 0.0000E+00 0.0000E+00 0.0000E+00 0.0000E+00 0.0000E+00 0.0000E+00 0.0000E+00 0.0000E+00 0.0000E+00 0.0000E+00 0.0000E+00 0.0000E+00 0.0000E+00 0.0000E+00 0.0000E+00 0.0000E+00 0.0000E+00 6.1120E-13 5.7662E-12 1.0848E-11 1.7149E-11 2.3357E-11 2.9459E-11 3.7300E-11 4.9888E-11 6.1692E-11 7.2537E-11 8.2428E-11 9.5767E-11 1.1794E-10 1.2689E-10 1.3816E-10 1.4539E-10 1.5292E-10 1.6155E-10 1.6822E-10 1.7278E-10 1.8126E-10 1.8707E-10 1.8944E-10 1.9321E-10 1.9569E-10 2.0372E-10 1.9998E-10 2.0361E-10 2.0116E-10 2.1024E-10 2.0703E-10 2.0877E-10 2.1074E-10 2.1615E-10 2.2625E-10
