Assets/Resources/2015_m01_d15_0200(utc+0800)_l00_csi_1hr_conc.grd
DSAA
         159         159
     -79.000      79.000
     -79.000      79.000
  0.0000E+00  0.8618E-05
[rows 50 to 74 of 159, columns 57 to 113 of 159]
2.6496E-09 2.8199E-09 2.9964E-09 3.1770E-09 3.3602E-09 3.5525E-09 3.7507E-09 3.9517E-09 4.1548E-09 4.3608E-09 4.5629E-09 4.7689E-09 4.9711E-09 5.1793E-09 5.3783E-09 5.5791E-09 5.7780E-09 5.9736E-09 6.1732E-09 6.3714E-09 6.5894E-09 6.8005E-09 6.9959E-09 7.1798E-09 7.3371E-09 7.4753E-09 7.5946E-09 7.6847E-09 7.7587E-09 7.8258E-09 7.8582E-09 7.8742E-09 7.8895E-09 7.8816E-09 7.8668E-09 7.8592E-09 7.8386E-09 7.8125E-09 7.7853E-09 7.7550E-09 7.7181E-09 7.6843E-09 7.6376E-09 7.5868E-09 7.5452E-09 7.4896E-09 7.4315E-09 7.3918E-09 7.3788E-09 7.4284E-09 7.5025E-09 7.6025E-09 7.6921E-09 7.7870E-09 7.9157E-09 8.0302E-09 8.1365E-09
2.4827E-09 2.6479E-09 2.8199E-09 2.9960E-09 3.1756E-09 3.3675E-09 3.5648E-09 3.7641E-09 3.9669E-09 4.1709E-09 4.3795E-09 4.5845E-09 4.7936E-09 5.0045E-09 5.2088E-09 5.4204E-09 5.6258E-09 5.8362E-09 6.0409E-09 6.2485E-09 6.4780E-09 6.7025E-09 6.9146E-09 7.1109E-09 7.2852E-09 7.4402E-09 7.5681E-09 7.6736E-09 7.7728E-09 7.8381E-09 7.8817E-09 7.9218E-09 7.9358E-09 7.9393E-09 7.9477E-09 7.9427E-09 7.9326E-09 7.9170E-09 7.9003E-09 7.8807E-09 7.8575E-09 7.8276E-09 7.7964E-09 7.7556E-09 7.7109E-09 7.6788E-09 7.6523E-09 7.6342E-09 7.6894E-09 7.7803E-09 7.8195E-09 7.9419E-09 8.0814E-09 8.2153E-09 8.4022E-09 8.5476E-09 8.6844E-09
2.3188E-09 2.4803E-09 2.6474E-09 2.8184E-09 2.9937E-09 3.1850E-09 3.3773E-09 3.5764E-09 3.7783E-09 3.9794E-09 4.1894E-09 4.3970E-09 4.6136E-09 4.8236E-09 5.0353E-09 5.2522E-09 5.4661E-09 5.6870E-09 5.8988E-09 6.1207E-09 6.3558E-09 6.5932E-09 6.8249E-09 7.0320E-09 7.2210E-09 7.3915E-09 7.5315E-09 7.6543E-09 7.7655E-09 7.8410E-09 7.9049E-09 7.9495E-09 7.9747E-09 7.9923E-09 8.0142E-09 8.0212E-09 8.0220E-09 8.0190E-09 8.0138E-09 8.0061E-09 7.9910E-09 7.9739E-09 7.9467E-09 7.9285E-09 7.9034E-09 7.9040E-09 7.9229E-09 7.9281E-09 8.0140E-09 8.1078E-09 8.2261E-09 8.3760E-09 8.5272E-09 8.7210E-09 8.9112E-09 9.1141E-09 9.2870E-09
2.1622E-09 2.3157E-09 2.4794E-09 2.6426E-09 2.8154E-09 3.0029E-09 3.1938E-09 3.3899E-09 3.5898E-09 3.7898E-09 3.9978E-09 4.2067E-09 4.4253E-09 4.6378E-09 4.8591E-09 5.0778E-09 5.3008E-09 5.5263E-09 5.7470E-09 5.9806E-09 6.2228E-09 6.4750E-09 6.7183E-09 6.9419E-09 7.1486E-09 7.3281E-09 7.4847E-09 7.6339E-09 7.7454E-09 7.8335E-09 7.9155E-09 7.9684E-09 8.0080E-09 8.0503E-09 8.0757E-09 8.0934E-09 8.1083E-09 8.1182E-09 8.1253E-09 8.1263E-09 8.1257E-09 8.1250E-09 8.1106E-09 8.1216E-09 8.1472E-09 8.1693E-09 8.1990E-09 8.2574E-09 8.3743E-09 8.4791E-09 8.6482E-09 8.8381E-09 9.0324E-09 9.2749E-09 9.5116E-09 9.7419E-09 9.9543E-09
2.0115E-09 2.1589E-09 2.3162E-09 2.4736E-09 2.6412E-09 2.8244E-09 3.0104E-09 3.2028E-09 3.3999E-09 3.6003E-09 3.8056E-09 4.0172E-09 4.2337E-09 4.4481E-09 4.6737E-09 4.8971E-09 5.1308E-09 5.3577E-09 5.5888E-09 5.8282E-09 6.0791E-09 6.3480E-09 6.6011E-09 6.8392E-09 7.0616E-09 7.2533E-09 7.4321E-09 7.5901E-09 7.7137E-09 7.8281E-09 7.9118E-09 7.9782E-09 8.0441E-09 8.0919E-09 8.1290E-09 8.1610E-09 8.1893E-09 8.2133E-09 8.2287E-09 8.2475E-09 8.2630E-09 8.2736E-09 8.3133E-09 8.3516E-09 8.4044E-09 8.4503E-09 8.5103E-09 8.6253E-09 8.7752E-09 8.9009E-09 9.1146E-09 9.3292E-09 9.5725E-09 9.8771E-09 1.0168E-08 1.0450E-08 1.0724E-08
1.8647E-09 2.0079E-09 2.1563E-09 2.3097E-09 2.4720E-09 2.6498E-09 2.8302E-09 3.0211E-09 3.2120E-09 3.4120E-09 3.6137E-09 3.8263E-09 4.0403E-09 4.2579E-09 4.4846E-09 4.7116E-09 4.9491E-09 5.1816E-09 5.4246E-09 5.6665E-09 5.9250E-09 6.2046E-09 6.4725E-09 6.7282E-09 6.9592E-09 7.1671E-09 7.3692E-09 7.5320E-09 7.6698E-09 7.7995E-09 7.8970E-09 7.9792E-09 8.0612E-09 8.1233E-09 8.1739E-09 8.2211E-09 8.2641E-09 8.2985E-09 8.3321E-09 8.3662E-09 8.4045E-09 8.4670E-09 8.6328E-09 8.7040E-09 8.7853E-09 8.8775E-09 8.9711E-09 9.1235E-09 9.2192E-09 9.3830E-09 9.6353E-09 9.9116E-09 1.0239E-08 1.0581E-08 1.0941E-08 1.1304E-08 1.1648E-08
1.7266E-09 1.8631E-09 2.0047E-09 2.1494E-09 2.3081E-09 2.4774E-09 2.6592E-09 2.8427E-09 3.0269E-09 3.2236E-09 3.4228E-09 3.6353E-09 3.8457E-09 4.0661E-09 4.2923E-09 4.5241E-09 4.7618E-09 4.9987E-09 5.2481E-09 5.4961E-09 5.7664E-09 6.0507E-09 6.3320E-09 6.6020E-09 6.8441E-09 7.0738E-09 7.2856E-09 7.4609E-09 7.6262E-09 7.7585E-09 7.8712E-09 7.9814E-09 8.0699E-09 8.1447E-09 8.2123E-09 8.2745E-09 8.3290E-09 8.3808E-09 8.4378E-09 8.5962E-09 8.7077E-09 8.8268E-09 8.9391E-09 9.0770E-09 9.2355E-09 9.3466E-09 9.5319E-09 9.6909E-09 9.8466E-09 1.0112E-08 1.0384E-08 1.0663E-08 1.1017E-08 1.1454E-08 1.1900E-08 1.2342E-08 1.2730E-08
1.5931E-09 1.7248E-09 1.8571E-09 1.9975E-09 2.1477E-09 2.3125E-09 2.4879E-09 2.6658E-09 2.8476E-09 3.0380E-09 3.2338E-09 3.4426E-09 3.6510E-09 3.8734E-09 4.0978E-09 4.3329E-09 4.5698E-09 4.8126E-09 5.0645E-09 5.3175E-09 5.5959E-09 5.8869E-09 6.1808E-09 6.4606E-09 6.7175E-09 6.9705E-09 7.1869E-09 7.3764E-09 7.5576E-09 7.7042E-09 7.8339E-09 7.9615E-09 8.0654E-09 8.1558E-09 8.2405E-09 8.3176E-09 8.3896E-09 8.5611E-09 8.6803E-09 8.8314E-09 9.0604E-09 9.3506E-09 9.5504E-09 9.7357E-09 9.9027E-09 1.0171E-08 1.0327E-08 1.0449E-08 1.0704E-08 1.0981E-08 1.1312E-08 1.1702E-08 1.2108E-08 1.2552E-08 1.3042E-08 1.3562E-08 1.4005E-08
1.4684E-09 1.5909E-09 1.7182E-09 1.8521E-09 1.9937E-09 2.1530E-09 2.3219E-09 2.4940E-09 2.6701E-09 2.8561E-09 3.0496E-09 3.2520E-09 3.4571E-09 3.6785E-09 3.9019E-09 4.1387E-09 4.3742E-09 4.6215E-09 4.8746E-09 5.1344E-09 5.4141E-09 5.7130E-09 6.0183E-09 6.3068E-09 6.5789E-09 6.8464E-09 7.0744E-09 7.2870E-09 7.4750E-09 7.6371E-09 7.7953E-09 7.9299E-09 8.0484E-09 8.1564E-09 8.2573E-09 8.3790E-09 8.5753E-09 8.7319E-09 9.0832E-09 9.3671E-09 9.7335E-09 1.0056E-08 1.0391E-08 1.0785E-08 1.1096E-08 1.1333E-08 1.1563E-08 1.1781E-08 1.2019E-08 1.2256E-08 1.2529E-08 1.2955E-08 1.3430E-08 1.3984E-08 1.4510E-08 1.5006E-08 1.5510E-08
1.3485E-09 1.4637E-09 1.5840E-09 1.7135E-09 1.8482E-09 1.9978E-09 2.1594E-09 2.3275E-09 2.4976E-09 2.6785E-09 2.8662E-09 3.0640E-09 3.2675E-09 3.4844E-09 3.7056E-09 3.9407E-09 4.1758E-09 4.4263E-09 4.6792E-09 4.9447E-09 5.2256E-09 5.5296E-09 5.8448E-09 6.1418E-09 6.4325E-09 6.7068E-09 6.9479E-09 7.1796E-09 7.3783E-09 7.5571E-09 7.7332E-09 7.8835E-09 8.0192E-09 8.1455E-09 8.3080E-09 8.5234E-09 8.8189E-09 9.1910E-09 9.6310E-09 1.0217E-08 1.0821E-08 1.1377E-08 1.1883E-08 1.2310E-08 1.2902E-08 1.3179E-08 1.3388E-08 1.3613E-08 1.3829E-08 1.4078E-08 1.4387E-08 1.4731E-08 1.5150E-08 1.5755E-08 1.6330E-08 1.6911E-08 1.7409E-08
1.2355E-09 1.3435E-09 1.4590E-09 1.5797E-09 1.7072E-09 1.8465E-09 2.0053E-09 2.1693E-09 2.3327E-09 2.5057E-09 2.6871E-09 2.8793E-09 3.0785E-09 3.2921E-09 3.5124E-09 3.7420E-09 3.9756E-09 4.2262E-09 4.4793E-09 4.7467E-09 5.0302E-09 5.3358E-09 5.6584E-09 5.9660E-09 6.2759E-09 6.5535E-09 6.8117E-09 7.0541E-09 7.2670E-09 7.4636E-09 7.6579E-09 7.8229E-09 7.9764E-09 8.1622E-09 8.4228E-09 8.8080E-09 9.2550E-09 9.9788E-09 1.0728E-08 1.1603E-08 1.2520E-08 1.3581E-08 1.4493E-08 1.5253E-08 1.5792E-08 1.6184E-08 1.6416E-08 1.6507E-08 1.6483E-08 1.6617E-08 1.6846E-08 1.7177E-08 1.7564E-08 1.8035E-08 1.8738E-08 1.9376E-08 1.9863E-08
1.1294E-09 1.2325E-09 1.3391E-09 1.4530E-09 1.5731E-09 1.7047E-09 1.8580E-09 2.0149E-09 2.1718E-09 2.3381E-09 2.5151E-09 2.6988E-09 2.8952E-09 3.1020E-09 3.3179E-09 3.5440E-09 3.7773E-09 4.0240E-09 4.2759E-09 4.5463E-09 4.8287E-09 5.1374E-09 5.4624E-09 5.7803E-09 6.1003E-09 6.3871E-09 6.6618E-09 6.9140E-09 7.1420E-09 7.3658E-09 7.5656E-09 7.7475E-09 7.9325E-09 8.2410E-09 8.6754E-09 9.2652E-09 1.0120E-08 1.1151E-08 1.2449E-08 1.3967E-08 1.5479E-08 1.6956E-08 1.8276E-08 1.9547E-08 2.0297E-08 2.0758E-08 2.0878E-08 2.0779E-08 2.0595E-08 2.0376E-08 2.0201E-08 2.0351E-08 2.0722E-08 2.1224E-08 2.1753E-08 2.2357E-08 2.3106E-08
1.0322E-09 1.1264E-09 1.2262E-09 1.3334E-09 1.4484E-09 1.5655E-09 1.7155E-09 1.8670E-09 2.0172E-09 2.1765E-09 2.3463E-09 2.5231E-09 2.7141E-09 2.9155E-09 3.1281E-09 3.3473E-09 3.5768E-09 3.8208E-09 4.0705E-09 4.3402E-09 4.6219E-09 4.9320E-09 5.2580E-09 5.5888E-09 5.9117E-09 6.2080E-09 6.4984E-09 6.7596E-09 7.0024E-09 7.2438E-09 7.4584E-09 7.6604E-09 7.9025E-09 8.4097E-09 9.1080E-09 1.0081E-08 1.1379E-08 1.3138E-08 1.5275E-08 1.7614E-08 2.0215E-08 2.2651E-08 2.4792E-08 2.6356E-08 2.7320E-08 2.7723E-08 2.7509E-08 2.6946E-08 2.6280E-08 2.5564E-08 2.4984E-08 2.4803E-08 2.4973E-08 2.5327E-08 2.5660E-08 2.6098E-08 2.7688E-08
9.3956E-10 1.0272E-09 1.1203E-09 1.2230E-09 1.3286E-09 1.4385E-09 1.5756E-09 1.7259E-09 1.8692E-09 2.0211E-09 2.1834E-09 2.3530E-09 2.5378E-09 2.7331E-09 2.9391E-09 3.1530E-09 3.3802E-09 3.6177E-09 3.8666E-09 4.1320E-09 4.4108E-09 4.7209E-09 5.0466E-09 5.3839E-09 5.7122E-09 6.0170E-09 6.3184E-09 6.5909E-09 6.8494E-09 7.1063E-09 7.3344E-09 7.5759E-09 7.8873E-09 8.7097E-09 9.8082E-09 1.1304E-08 1.3466E-08 1.6223E-08 1.9641E-08 2.3415E-08 2.7355E-08 3.1115E-08 3.4352E-08 3.6599E-08 3.7844E-08 3.8010E-08 3.7307E-08 3.6067E-08 3.4389E-08 3.2775E-08 3.1782E-08 3.1054E-08 3.0644E-08 3.0479E-08 3.0471E-08 3.1621E-08 3.3055E-08
8.5135E-10 9.3465E-10 1.0235E-09 1.1176E-09 1.2160E-09 1.3188E-09 1.4405E-09 1.5897E-09 1.7281E-09 1.8725E-09 2.0269E-09 2.1890E-09 2.3669E-09 2.5554E-09 2.7543E-09 2.9620E-09 3.1837E-09 3.4157E-09 3.6600E-09 3.9225E-09 4.1964E-09 4.5027E-09 4.8285E-09 5.1734E-09 5.5027E-09 5.8190E-09 6.1257E-09 6.4095E-09 6.6868E-09 6.9519E-09 7.1993E-09 7.5007E-09 8.0678E-09 9.2620E-09 1.0848E-08 1.3210E-08 1.6538E-08 2.0800E-08 2.5988E-08 3.2011E-08 3.8114E-08 4.3830E-08 4.8679E-08 5.1809E-08 5.3228E-08 5.2896E-08 5.1239E-08 4.8673E-08 4.5813E-08 4.3211E-08 4.1013E-08 3.9268E-08 3.7974E-08 3.7033E-08 3.7042E-08 3.8414E-08 3.9882E-08
7.7170E-10 8.4681E-10 9.2941E-10 1.0170E-09 1.1106E-09 1.2088E-09 1.3107E-09 1.4630E-09 1.5940E-09 1.7309E-09 1.8772E-09 2.0315E-09 2.2021E-09 2.3831E-09 2.5745E-09 2.7750E-09 2.9903E-09 3.2159E-09 3.4544E-09 3.7130E-09 3.9807E-09 4.2814E-09 4.6061E-09 4.9522E-09 5.2843E-09 5.6066E-09 5.9214E-09 6.2155E-09 6.5059E-09 6.7835E-09 7.0592E-09 7.4339E-09 8.1856E-09 9.9991E-09 1.2399E-08 1.5912E-08 2.0799E-08 2.7314E-08 3.5268E-08 4.4146E-08 5.3470E-08 6.2012E-08 6.8737E-08 7.2982E-08 7.4485E-08 7.3544E-08 7.0421E-08 6.5807E-08 6.1320E-08 5.6942E-08 5.3062E-08 4.9753E-08 4.7155E-08 4.5335E-08 4.5644E-08 4.6883E-08 4.8316E-08
6.9613E-10 7.6738E-10 8.4395E-10 9.2558E-10 1.0124E-09 1.1017E-09 1.1964E-09 1.3369E-09 1.4651E-09 1.5965E-09 1.7346E-09 1.8808E-09 2.0439E-09 2.2168E-09 2.4002E-09 2.5929E-09 2.8010E-09 3.0195E-09 3.2510E-09 3.5044E-09 3.7650E-09 4.0584E-09 4.3800E-09 4.7280E-09 5.0583E-09 5.3889E-09 5.7062E-09 6.0098E-09 6.3160E-09 6.5991E-09 6.9140E-09 7.3905E-09 8.5817E-09 1.0990E-08 1.4444E-08 1.9475E-08 2.6626E-08 3.6062E-08 4.7587E-08 6.0533E-08 7.4524E-08 8.7061E-08 9.6381E-08 1.0186E-07 1.0323E-07 1.0077E-07 9.5299E-08 8.8655E-08 8.1325E-08 7.4343E-08 6.8185E-08 6.2839E-08 5.8371E-08 5.6179E-08 5.6378E-08 5.7490E-08 5.8409E-08
6.2359E-10 6.9230E-10 7.6307E-10 8.3853E-10 9.1896E-10 1.0039E-09 1.0941E-09 1.2118E-09 1.3457E-09 1.4691E-09 1.5970E-09 1.7372E-09 1.8925E-09 2.0568E-09 2.2320E-09 2.4167E-09 2.6166E-09 2.8271E-09 3.0532E-09 3.2979E-09 3.5535E-09 3.8352E-09 4.1514E-09 4.4957E-09 4.8261E-09 5.1591E-09 5.4813E-09 5.7932E-09 6.1085E-09 6.4019E-09 6.7711E-09 7.3567E-09 8.9957E-09 1.2305E-08 1.7014E-08 2.4085E-08 3.4078E-08 4.7379E-08 6.3726E-08 8.2919E-08 1.0202E-07 1.1892E-07 1.3138E-07 1.3857E-07 1.3950E-07 1.3491E-07 1.2682E-07 1.1678E-07 1.0615E-07 9.5812E-08 8.6457E-08 7.8443E-08 7.2192E-08 6.9684E-08 6.9569E-08 7.0201E-08 7.0093E-08
5.4977E-10 6.2296E-10 6.8850E-10 7.6033E-10 8.3461E-10 9.1107E-10 9.9480E-10 1.0922E-09 1.2314E-09 1.3491E-09 1.4692E-09 1.6011E-09 1.7483E-09 1.9039E-09 2.0704E-09 2.2467E-09 2.4377E-09 2.6397E-09 2.8550E-09 3.0943E-09 3.3412E-09 3.6129E-09 3.9222E-09 4.2607E-09 4.5892E-09 4.9229E-09 5.2483E-09 5.5664E-09 5.8886E-09 6.1919E-09 6.6155E-09 7.3253E-09 9.5089E-09 1.3724E-08 1.9933E-08 2.9319E-08 4.2765E-08 6.0759E-08 8.3967E-08 1.1113E-07 1.3703E-07 1.5917E-07 1.7499E-07 1.8299E-07 1.8283E-07 1.7576E-07 1.6401E-07 1.5006E-07 1.3527E-07 1.2083E-07 1.0757E-07 9.6144E-08 8.8794E-08 8.5814E-08 8.5296E-08 8.4752E-08 8.2982E-08
4.7070E-10 5.4573E-10 6.1996E-10 6.8624E-10 7.5466E-10 8.2724E-10 9.0461E-10 9.8711E-10 1.1179E-09 1.2366E-09 1.3487E-09 1.4726E-09 1.6091E-09 1.7583E-09 1.9158E-09 2.0833E-09 2.2653E-09 2.4580E-09 2.6643E-09 2.8948E-09 3.1322E-09 3.3932E-09 3.6933E-09 4.0243E-09 4.3492E-09 4.6817E-09 5.0086E-09 5.3315E-09 5.6589E-09 5.9700E-09 6.4378E-09 7.2971E-09 9.6943E-09 1.4951E-08 2.3009E-08 3.5227E-08 5.3159E-08 7.7899E-08 1.0966E-07 1.4415E-07 1.7754E-07 2.0528E-07 2.2458E-07 2.3293E-07 2.3121E-07 2.2098E-07 2.0555E-07 1.8697E-07 1.6714E-07 1.4788E-07 1.3030E-07 1.1600E-07 1.0775E-07 1.0462E-07 1.0311E-07 1.0062E-07 9.6595E-08
4.1055E-10 4.6668E-10 5.4461E-10 6.1639E-10 6.7918E-10 7.4589E-10 8.1713E-10 8.9338E-10 9.9823E-10 1.1313E-09 1.2334E-09 1.3517E-09 1.4798E-09 1.6202E-09 1.7664E-09 1.9271E-09 2.0973E-09 2.2827E-09 2.4795E-09 2.7002E-09 2.9246E-09 3.1768E-09 3.4663E-09 3.7880E-09 4.1076E-09 4.4370E-09 4.7634E-09 5.0888E-09 5.4199E-09 5.7375E-09 6.2341E-09 7.3842E-09 9.8997E-09 1.6151E-08 2.5898E-08 4.0978E-08 6.3572E-08 9.9802E-08 1.4257E-07 1.8657E-07 2.2687E-07 2.5864E-07 2.7866E-07 2.8613E-07 2.8132E-07 2.6743E-07 2.4774E-07 2.2433E-07 1.9938E-07 1.7511E-07 1.5321E-07 1.3710E-07 1.2878E-07 1.2547E-07 1.2218E-07 1.1700E-07 1.1028E-07
3.6868E-10 4.0915E-10 4.5857E-10 5.4300E-10 6.1000E-10 6.7330E-10 7.3876E-10 8.1114E-10 9.0090E-10 1.0181E-09 1.1279E-09 1.2382E-09 1.3557E-09 1.4897E-09 1.6272E-09 1.7784E-09 1.9390E-09 2.1145E-09 2.3013E-09 2.5116E-09 2.7254E-09 2.9655E-09 3.2428E-09 3.5535E-09 3.8659E-09 4.1906E-09 4.5147E-09 4.8404E-09 5.1725E-09 5.4948E-09 5.9555E-09 7.2714E-09 1.0479E-08 1.7892E-08 2.9354E-08 4.8673E-08 7.9770E-08 1.2733E-07 1.8194E-07 2.3553E-07 2.8203E-07 3.1586E-07 3.3492E-07 3.3908E-07 3.3027E-07 3.1239E-07 2.8804E-07 2.5936E-07 2.2924E-07 2.0032E-07 1.7541E-07 1.5826E-07 1.5106E-07 1.4704E-07 1.4121E-07 1.3287E-07 1.2331E-07
3.3051E-10 3.6767E-10 4.0926E-10 4.5494E-10 5.3625E-10 6.0491E-10 6.6688E-10 7.3337E-10 8.0885E-10 9.1728E-10 1.0276E-09 1.1301E-09 1.2417E-09 1.3669E-09 1.4932E-09 1.6374E-09 1.7884E-09 1.9540E-09 2.1275E-09 2.3298E-09 2.5326E-09 2.7603E-09 3.0242E-09 3.3188E-09 3.6258E-09 3.9440E-09 4.2640E-09 4.5878E-09 4.9195E-09 5.2440E-09 5.6194E-09 7.1279E-09 1.0754E-08 1.8859E-08 3.2154E-08 5.5499E-08 1.0553E-07 1.7090E-07 2.3612E-07 2.9370E-07 3.3940E-07 3.7047E-07 3.8572E-07 3.8612E-07 3.7358E-07 3.5176E-07 3.2262E-07 2.8894E-07 2.5411E-07 2.2173E-07 1.9479E-07 1.7924E-07 1.7309E-07 1.6759E-07 1.5868E-07 1.4713E-07 1.3490E-07
2.9767E-10 3.3001E-10 3.6713E-10 4.1049E-10 4.5753E-10 5.2593E-10 5.9735E-10 6.6024E-10 7.2710E-10 8.1538E-10 9.2387E-10 1.0292E-09 1.1352E-09 1.2497E-09 1.3696E-09 1.5044E-09 1.6432E-09 1.8013E-09 1.9643E-09 2.1555E-09 2.3472E-09 2.5596E-09 2.8117E-09 3.0922E-09 3.3888E-09 3.6988E-09 4.0130E-09 4.3332E-09 4.6627E-09 4.9874E-09 5.3063E-09 6.8623E-09 1.1188E-08 2.0308E-08 3.7521E-08 7.4298E-08 1.5181E-07 2.3825E-07 3.0582E-07 3.5779E-07 3.9471E-07 4.1688E-07 4.2493E-07 4.1951E-07 4.0311E-07 3.7797E-07 3.4517E-07 3.0812E-07 2.7060E-07 2.3628E-07 2.1010E-07 1.9779E-07 1.9263E-07 1.8514E-07 1.7318E-07 1.5886E-07 1.4442E-07
2.6606E-10 2.9745E-10 3.2981E-10 3.6835E-10 4.1041E-10 4.5671E-10 5.0798E-10 5.8747E-10 6.5482E-10 7.2869E-10 8.2616E-10 9.2690E-10 1.0360E-09 1.1403E-09 1.2538E-09 1.3772E-09 1.5087E-09 1.6543E-09 1.8093E-09 1.9867E-09 2.1695E-09 2.3694E-09 2.6065E-09 2.8718E-09 3.1568E-09 3.4529E-09 3.7632E-09 4.0779E-09 4.4034E-09 4.7263E-09 5.0756E-09 6.5655E-09 1.1240E-08 2.1555E-08 4.6931E-08 1.2282E-07 2.6243E-07 3.5412E-07 3.9444E-07 4.2146E-07 4.3912E-07 4.4667E-07 4.4515E-07 4.3340E-07 4.1410E-07 3.8671E-07 3.5221E-07 3.1410E-07 2.7658E-07 2.4292E-07 2.2015E-07 2.1192E-07 2.0742E-07 1.9798E-07 1.8357E-07 1.6725E-07 1.5130E-07
