Assets/Resources/2015_m01_d22_1800(utc+0800)_l00_csi_1hr_conc.grd
DSAA
         159         159
     -79.000      79.000
     -79.000      79.000
  0.0000E+00  0.3393E-05
[rows 0 to 24 of 159, columns 0 to 56 of 159]
5.3339E-10 6.1625E-10 6.9900E-10 7.9148E-10 8.9126E-10 1.0016E-09 1.1241E-09 1.2582E-09 1.4072E-09 1.5736E-09 1.7848E-09 1.9997E-09 2.2253E-09 2.4734E-09 2.7434E-09 3.0356E-09 3.3501E-09 3.6875E-09 4.0469E-09 4.4267E-09 4.8268E-09 5.2466E-09 5.6830E-09 6.1358E-09 6.6013E-09 7.0782E-09 7.5649E-09 8.0572E-09 8.5536E-09 9.0504E-09 9.5453E-09 1.0029E-08 1.0494E-08 1.0937E-08 1.1355E-08 1.1748E-08 1.2114E-08 1.2447E-08 1.2744E-08 1.3007E-08 1.3227E-08 1.3411E-08 1.3556E-08 1.3660E-08 1.3727E-08 1.3756E-08 1.3749E-08 1.3707E-08 1.3631E-08 1.3519E-08 1.3375E-08 1.3205E-08 1.3015E-08 1.2807E-08 1.2584E-08 1.2345E-08 1.2094E-08
5.5702E-10 6.3625E-10 7.2231E-10 8.1865E-10 9.2234E-10 1.0378E-09 1.1645E-09 1.3045E-09 1.4606E-09 1.6431E-09 1.8627E-09 2.0751E-09 2.3094E-09 2.5662E-09 2.8461E-09 3.1504E-09 3.4777E-09 3.8293E-09 4.2033E-09 4.6005E-09 5.0181E-09 5.4566E-09 5.9126E-09 6.3850E-09 6.8724E-09 7.3714E-09 7.8799E-09 8.3948E-09 8.9135E-09 9.4331E-09 9.9503E-09 1.0461E-08 1.0953E-08 1.1419E-08 1.1857E-08 1.2267E-08 1.2645E-08 1.2991E-08 1.3300E-08 1.3569E-08 1.3801E-08 1.3988E-08 1.4136E-08 1.4242E-08 1.4307E-08 1.4331E-08 1.4318E-08 1.4267E-08 1.4176E-08 1.4049E-08 1.3888E-08 1.3704E-08 1.3498E-08 1.3276E-08 1.3037E-08 1.2786E-08 1.2519E-08
5.7350E-10 6.5547E-10 7.4838E-10 8.4520E-10 9.5268E-10 1.0724E-09 1.2038E-09 1.3493E-09 1.5127E-09 1.7122E-09 1.9292E-09 2.1499E-09 2.3917E-09 2.6563E-09 2.9461E-09 3.2612E-09 3.6013E-09 3.9660E-09 4.3558E-09 4.7684E-09 5.2042E-09 5.6603E-09 6.1366E-09 6.6291E-09 7.1377E-09 7.6586E-09 8.1888E-09 8.7264E-09 9.2675E-09 9.8099E-09 1.0350E-08 1.0883E-08 1.1407E-08 1.1898E-08 1.2357E-08 1.2784E-08 1.3175E-08 1.3532E-08 1.3854E-08 1.4132E-08 1.4371E-08 1.4565E-08 1.4715E-08 1.4821E-08 1.4885E-08 1.4906E-08 1.4886E-08 1.4824E-08 1.4721E-08 1.4576E-08 1.4402E-08 1.4201E-08 1.3980E-08 1.3741E-08 1.3487E-08 1.3219E-08 1.2938E-08
5.8919E-10 6.7716E-10 7.7030E-10 8.7038E-10 9.8214E-10 1.1053E-09 1.2420E-09 1.3924E-09 1.5639E-09 1.7687E-09 1.9943E-09 2.2227E-09 2.4721E-09 2.7447E-09 3.0431E-09 3.3677E-09 3.7198E-09 4.0980E-09 4.5017E-09 4.9310E-09 5.3830E-09 5.8580E-09 6.3534E-09 6.8664E-09 7.3955E-09 7.9380E-09 8.4902E-09 9.0513E-09 9.6149E-09 1.0180E-08 1.0741E-08 1.1296E-08 1.1841E-08 1.2368E-08 1.2853E-08 1.3299E-08 1.3705E-08 1.4072E-08 1.4402E-08 1.4694E-08 1.4936E-08 1.5138E-08 1.5290E-08 1.5398E-08 1.5459E-08 1.5476E-08 1.5450E-08 1.5377E-08 1.5256E-08 1.5098E-08 1.4909E-08 1.4695E-08 1.4459E-08 1.4205E-08 1.3935E-08 1.3650E-08 1.3351E-08
6.1068E-10 6.9454E-10 7.9137E-10 8.9462E-10 1.0098E-09 1.1372E-09 1.2779E-09 1.4344E-09 1.6117E-09 1.8364E-09 2.0570E-09 2.2922E-09 2.5495E-09 2.8302E-09 3.1359E-09 3.4703E-09 3.8325E-09 4.2231E-09 4.6415E-09 5.0853E-09 5.5561E-09 6.0490E-09 6.5635E-09 7.0970E-09 7.6465E-09 8.2111E-09 8.7858E-09 9.3680E-09 9.9539E-09 1.0541E-08 1.1124E-08 1.1702E-08 1.2270E-08 1.2821E-08 1.3342E-08 1.3812E-08 1.4234E-08 1.4612E-08 1.4950E-08 1.5247E-08 1.5503E-08 1.5706E-08 1.5867E-08 1.5973E-08 1.6034E-08 1.6048E-08 1.6012E-08 1.5926E-08 1.5792E-08 1.5620E-08 1.5416E-08 1.5187E-08 1.4936E-08 1.4667E-08 1.4380E-08 1.4079E-08 1.3762E-08
6.2464E-10 7.1071E-10 8.1065E-10 9.1770E-10 1.0356E-09 1.1673E-09 1.3118E-09 1.4746E-09 1.6702E-09 1.8936E-09 2.1154E-09 2.3585E-09 2.6232E-09 2.9110E-09 3.2256E-09 3.5674E-09 3.9398E-09 4.3415E-09 4.7732E-09 5.2333E-09 5.7201E-09 6.2295E-09 6.7623E-09 7.3153E-09 7.8858E-09 8.4707E-09 9.0660E-09 9.6704E-09 1.0279E-08 1.0888E-08 1.1494E-08 1.2093E-08 1.2680E-08 1.3251E-08 1.3799E-08 1.4305E-08 1.4750E-08 1.5141E-08 1.5488E-08 1.5791E-08 1.6051E-08 1.6261E-08 1.6422E-08 1.6535E-08 1.6593E-08 1.6603E-08 1.6559E-08 1.6459E-08 1.6312E-08 1.6128E-08 1.5912E-08 1.5669E-08 1.5404E-08 1.5117E-08 1.4814E-08 1.4493E-08 1.4159E-08
6.3744E-10 7.2566E-10 8.2812E-10 9.3857E-10 1.0601E-09 1.1945E-09 1.3436E-09 1.5117E-09 1.7174E-09 1.9416E-09 2.1702E-09 2.4200E-09 2.6916E-09 2.9877E-09 3.3095E-09 3.6596E-09 4.0401E-09 4.4528E-09 4.8977E-09 5.3715E-09 5.8731E-09 6.4009E-09 6.9523E-09 7.5243E-09 8.1139E-09 8.7196E-09 9.3369E-09 9.9630E-09 1.0593E-08 1.1224E-08 1.1850E-08 1.2470E-08 1.3078E-08 1.3669E-08 1.4236E-08 1.4773E-08 1.5252E-08 1.5665E-08 1.6021E-08 1.6330E-08 1.6593E-08 1.6812E-08 1.6975E-08 1.7088E-08 1.7149E-08 1.7152E-08 1.7096E-08 1.6984E-08 1.6827E-08 1.6630E-08 1.6401E-08 1.6145E-08 1.5864E-08 1.5565E-08 1.5243E-08 1.4904E-08 1.4548E-08
6.4891E-10 7.4220E-10 8.4366E-10 9.5747E-10 1.0820E-09 1.2196E-09 1.3723E-09 1.5460E-09 1.7557E-09 1.9855E-09 2.2198E-09 2.4754E-09 2.7550E-09 3.0583E-09 3.3878E-09 3.7462E-09 4.1361E-09 4.5575E-09 5.0121E-09 5.4994E-09 6.0157E-09 6.5609E-09 7.1288E-09 7.7191E-09 8.3288E-09 8.9546E-09 9.5922E-09 1.0239E-08 1.0890E-08 1.1542E-08 1.2190E-08 1.2831E-08 1.3459E-08 1.4068E-08 1.4653E-08 1.5208E-08 1.5729E-08 1.6169E-08 1.6543E-08 1.6859E-08 1.7125E-08 1.7344E-08 1.7515E-08 1.7627E-08 1.7688E-08 1.7685E-08 1.7618E-08 1.7496E-08 1.7328E-08 1.7122E-08 1.6881E-08 1.6610E-08 1.6316E-08 1.5998E-08 1.5660E-08 1.5302E-08 1.4928E-08
6.6206E-10 7.5366E-10 8.5712E-10 9.7464E-10 1.1010E-09 1.2421E-09 1.3975E-09 1.5764E-09 1.7892E-09 2.0244E-09 2.2638E-09 2.5259E-09 2.8114E-09 3.1219E-09 3.4599E-09 3.8275E-09 4.2243E-09 4.6534E-09 5.1183E-09 5.6156E-09 6.1471E-09 6.7064E-09 7.2912E-09 7.8993E-09 8.5277E-09 9.1730E-09 9.8304E-09 1.0498E-08 1.1170E-08 1.1843E-08 1.2511E-08 1.3172E-08 1.3820E-08 1.4447E-08 1.5049E-08 1.5621E-08 1.6157E-08 1.6645E-08 1.7047E-08 1.7374E-08 1.7643E-08 1.7863E-08 1.8033E-08 1.8152E-08 1.8205E-08 1.8198E-08 1.8120E-08 1.7990E-08 1.7812E-08 1.7595E-08 1.7344E-08 1.7063E-08 1.6753E-08 1.6419E-08 1.6062E-08 1.5684E-08 1.5291E-08
6.7025E-10 7.6309E-10 8.6817E-10 9.8876E-10 1.1175E-09 1.2604E-09 1.4198E-09 1.6017E-09 1.8186E-09 2.0584E-09 2.3024E-09 2.5693E-09 2.8606E-09 3.1787E-09 3.5255E-09 3.8994E-09 4.3053E-09 4.7423E-09 5.2136E-09 5.7242E-09 6.2639E-09 6.8385E-09 7.4391E-09 8.0642E-09 8.7094E-09 9.3734E-09 1.0051E-08 1.0738E-08 1.1430E-08 1.2123E-08 1.2812E-08 1.3492E-08 1.4157E-08 1.4802E-08 1.5422E-08 1.6010E-08 1.6562E-08 1.7070E-08 1.7519E-08 1.7873E-08 1.8148E-08 1.8368E-08 1.8535E-08 1.8651E-08 1.8704E-08 1.8684E-08 1.8606E-08 1.8464E-08 1.8279E-08 1.8054E-08 1.7791E-08 1.7497E-08 1.7174E-08 1.6824E-08 1.6448E-08 1.6053E-08 1.5639E-08
6.7633E-10 7.7002E-10 8.7649E-10 9.9932E-10 1.1310E-09 1.2759E-09 1.4381E-09 1.6229E-09 1.8525E-09 2.0861E-09 2.3343E-09 2.6058E-09 2.9032E-09 3.2286E-09 3.5806E-09 3.9640E-09 4.3759E-09 4.8219E-09 5.3025E-09 5.8170E-09 6.3693E-09 6.9535E-09 7.5677E-09 8.2084E-09 8.8713E-09 9.5521E-09 1.0248E-08 1.0954E-08 1.1665E-08 1.2377E-08 1.3085E-08 1.3785E-08 1.4467E-08 1.5128E-08 1.5763E-08 1.6367E-08 1.6933E-08 1.7455E-08 1.7931E-08 1.8327E-08 1.8627E-08 1.8848E-08 1.9013E-08 1.9123E-08 1.9169E-08 1.9143E-08 1.9055E-08 1.8914E-08 1.8720E-08 1.8486E-08 1.8216E-08 1.7910E-08 1.7572E-08 1.7205E-08 1.6812E-08 1.6396E-08 1.5966E-08
6.8042E-10 7.7481E-10 8.8233E-10 1.0067E-09 1.1405E-09 1.2878E-09 1.4516E-09 1.6484E-09 1.8752E-09 2.1084E-09 2.3594E-09 2.6354E-09 2.9383E-09 3.2679E-09 3.6284E-09 4.0169E-09 4.4391E-09 4.8909E-09 5.3768E-09 5.9011E-09 6.4606E-09 7.0548E-09 7.6825E-09 8.3383E-09 9.0171E-09 9.7157E-09 1.0429E-08 1.1153E-08 1.1884E-08 1.2615E-08 1.3343E-08 1.4060E-08 1.4760E-08 1.5438E-08 1.6089E-08 1.6707E-08 1.7288E-08 1.7825E-08 1.8312E-08 1.8746E-08 1.9079E-08 1.9319E-08 1.9482E-08 1.9581E-08 1.9615E-08 1.9587E-08 1.9492E-08 1.9346E-08 1.9150E-08 1.8907E-08 1.8626E-08 1.8309E-08 1.7959E-08 1.7575E-08 1.7163E-08 1.6731E-08 1.6278E-08
6.8229E-10 7.7707E-10 8.8497E-10 1.0106E-09 1.1468E-09 1.2953E-09 1.4615E-09 1.6641E-09 1.8888E-09 2.1237E-09 2.3774E-09 2.6583E-09 2.9644E-09 3.3009E-09 3.6644E-09 4.0616E-09 4.4883E-09 4.9488E-09 5.4423E-09 5.9716E-09 6.5369E-09 7.1401E-09 7.7764E-09 8.4440E-09 9.1371E-09 9.8505E-09 1.0581E-08 1.1323E-08 1.2071E-08 1.2820E-08 1.3565E-08 1.4299E-08 1.5015E-08 1.5709E-08 1.6375E-08 1.7007E-08 1.7600E-08 1.8148E-08 1.8646E-08 1.9091E-08 1.9474E-08 1.9742E-08 1.9914E-08 2.0005E-08 2.0027E-08 1.9988E-08 1.9899E-08 1.9744E-08 1.9546E-08 1.9296E-08 1.9006E-08 1.8676E-08 1.8310E-08 1.7910E-08 1.7482E-08 1.7030E-08 1.6562E-08
6.8184E-10 7.7680E-10 8.8506E-10 1.0115E-09 1.1497E-09 1.2987E-09 1.4662E-09 1.6695E-09 1.8955E-09 2.1321E-09 2.3902E-09 2.6726E-09 2.9838E-09 3.3217E-09 3.6929E-09 4.0930E-09 4.5273E-09 4.9925E-09 5.4925E-09 6.0283E-09 6.5996E-09 7.2067E-09 7.8535E-09 8.5308E-09 9.2373E-09 9.9658E-09 1.0711E-08 1.1469E-08 1.2234E-08 1.3000E-08 1.3762E-08 1.4514E-08 1.5246E-08 1.5955E-08 1.6634E-08 1.7279E-08 1.7885E-08 1.8445E-08 1.8957E-08 1.9409E-08 1.9804E-08 2.0124E-08 2.0318E-08 2.0404E-08 2.0414E-08 2.0367E-08 2.0268E-08 2.0119E-08 1.9910E-08 1.9662E-08 1.9360E-08 1.9020E-08 1.8640E-08 1.8225E-08 1.7781E-08 1.7313E-08 1.6825E-08
6.7932E-10 7.7407E-10 8.8218E-10 1.0089E-09 1.1478E-09 1.2983E-09 1.4657E-09 1.6702E-09 1.8963E-09 2.1351E-09 2.3938E-09 2.6796E-09 2.9917E-09 3.3361E-09 3.7086E-09 4.1155E-09 4.5513E-09 5.0225E-09 5.5291E-09 6.0690E-09 6.6474E-09 7.2601E-09 7.9099E-09 8.5962E-09 9.3118E-09 1.0053E-08 1.0812E-08 1.1585E-08 1.2365E-08 1.3149E-08 1.3927E-08 1.4692E-08 1.5439E-08 1.6163E-08 1.6856E-08 1.7514E-08 1.8131E-08 1.8702E-08 1.9221E-08 1.9684E-08 2.0086E-08 2.0423E-08 2.0663E-08 2.0769E-08 2.0774E-08 2.0718E-08 2.0610E-08 2.0456E-08 2.0249E-08 1.9988E-08 1.9685E-08 1.9328E-08 1.8934E-08 1.8505E-08 1.8045E-08 1.7560E-08 1.7057E-08
6.7435E-10 7.6865E-10 8.7633E-10 1.0030E-09 1.1421E-09 1.2933E-09 1.4605E-09 1.6645E-09 1.8907E-09 2.1307E-09 2.3912E-09 2.6776E-09 2.9941E-09 3.3385E-09 3.7154E-09 4.1220E-09 4.5642E-09 5.0392E-09 5.5489E-09 6.0960E-09 6.6760E-09 7.2946E-09 7.9486E-09 8.6392E-09 9.3628E-09 1.0113E-08 1.0885E-08 1.1671E-08 1.2468E-08 1.3265E-08 1.4057E-08 1.4838E-08 1.5599E-08 1.6337E-08 1.7044E-08 1.7714E-08 1.8342E-08 1.8924E-08 1.9453E-08 1.9926E-08 2.0335E-08 2.0674E-08 2.0935E-08 2.1076E-08 2.1100E-08 2.1038E-08 2.0923E-08 2.0759E-08 2.0550E-08 2.0286E-08 1.9972E-08 1.9611E-08 1.9202E-08 1.8758E-08 1.8284E-08 1.7783E-08 1.7263E-08
6.6742E-10 7.6089E-10 8.6770E-10 9.9364E-10 1.1325E-09 1.2833E-09 1.4499E-09 1.6532E-09 1.8762E-09 2.1197E-09 2.3807E-09 2.6689E-09 2.9850E-09 3.3315E-09 3.7087E-09 4.1196E-09 4.5622E-09 5.0399E-09 5.5551E-09 6.1036E-09 6.6893E-09 7.3100E-09 7.9680E-09 8.6616E-09 9.3900E-09 1.0148E-08 1.0932E-08 1.1730E-08 1.2538E-08 1.3351E-08 1.4156E-08 1.4951E-08 1.5727E-08 1.6478E-08 1.7195E-08 1.7878E-08 1.8517E-08 1.9108E-08 1.9645E-08 2.0124E-08 2.0539E-08 2.0879E-08 2.1138E-08 2.1323E-08 2.1377E-08 2.1329E-08 2.1206E-08 2.1033E-08 2.0813E-08 2.0548E-08 2.0221E-08 1.9849E-08 1.9430E-08 1.8973E-08 1.8483E-08 1.7969E-08 1.7435E-08
6.5825E-10 7.5056E-10 8.5603E-10 9.8086E-10 1.1190E-09 1.2690E-09 1.4342E-09 1.6321E-09 1.8589E-09 2.1023E-09 2.3627E-09 2.6511E-09 2.9681E-09 3.3148E-09 3.6930E-09 4.1022E-09 4.5474E-09 5.0282E-09 5.5428E-09 6.0951E-09 6.6829E-09 7.3069E-09 7.9672E-09 8.6638E-09 9.3948E-09 1.0160E-08 1.0949E-08 1.1758E-08 1.2578E-08 1.3402E-08 1.4223E-08 1.5030E-08 1.5817E-08 1.6580E-08 1.7313E-08 1.8007E-08 1.8656E-08 1.9256E-08 1.9802E-08 2.0290E-08 2.0709E-08 2.1047E-08 2.1306E-08 2.1490E-08 2.1596E-08 2.1575E-08 2.1457E-08 2.1277E-08 2.1046E-08 2.0769E-08 2.0443E-08 2.0055E-08 1.9629E-08 1.9156E-08 1.8654E-08 1.8124E-08 1.7573E-08
6.4693E-10 7.3783E-10 8.4177E-10 9.6506E-10 1.1019E-09 1.2507E-09 1.4137E-09 1.6103E-09 1.8326E-09 2.0786E-09 2.3400E-09 2.6268E-09 2.9429E-09 3.2872E-09 3.6642E-09 4.0755E-09 4.5206E-09 4.9996E-09 5.5162E-09 6.0686E-09 6.6579E-09 7.2840E-09 7.9460E-09 8.6439E-09 9.3788E-09 1.0144E-08 1.0940E-08 1.1754E-08 1.2587E-08 1.3423E-08 1.4252E-08 1.5072E-08 1.5875E-08 1.6650E-08 1.7393E-08 1.8097E-08 1.8757E-08 1.9365E-08 1.9917E-08 2.0409E-08 2.0829E-08 2.1170E-08 2.1431E-08 2.1617E-08 2.1732E-08 2.1764E-08 2.1673E-08 2.1486E-08 2.1245E-08 2.0953E-08 2.0613E-08 2.0224E-08 1.9781E-08 1.9306E-08 1.8786E-08 1.8243E-08 1.7679E-08
6.3376E-10 7.2296E-10 8.2500E-10 9.4619E-10 1.0813E-09 1.2284E-09 1.3888E-09 1.5791E-09 1.8042E-09 2.0492E-09 2.3079E-09 2.5940E-09 2.9063E-09 3.2510E-09 3.6271E-09 4.0364E-09 4.4785E-09 4.9577E-09 5.4726E-09 6.0247E-09 6.6142E-09 7.2408E-09 7.9037E-09 8.6040E-09 9.3374E-09 1.0105E-08 1.0901E-08 1.1726E-08 1.2563E-08 1.3408E-08 1.4251E-08 1.5081E-08 1.5895E-08 1.6680E-08 1.7436E-08 1.8149E-08 1.8816E-08 1.9434E-08 1.9995E-08 2.0493E-08 2.0914E-08 2.1255E-08 2.1518E-08 2.1706E-08 2.1823E-08 2.1871E-08 2.1823E-08 2.1660E-08 2.1409E-08 2.1103E-08 2.0749E-08 2.0350E-08 1.9900E-08 1.9407E-08 1.8882E-08 1.8323E-08 1.7745E-08
6.1877E-10 7.0607E-10 8.0597E-10 9.2487E-10 1.0577E-09 1.2027E-09 1.3603E-09 1.5474E-09 1.7683E-09 2.0137E-09 2.2722E-09 2.5535E-09 2.8650E-09 3.2054E-09 3.5786E-09 3.9839E-09 4.4248E-09 4.9007E-09 5.4136E-09 5.9639E-09 6.5520E-09 7.1776E-09 7.8422E-09 8.5417E-09 9.2748E-09 1.0040E-08 1.0841E-08 1.1665E-08 1.2510E-08 1.3363E-08 1.4213E-08 1.5053E-08 1.5877E-08 1.6672E-08 1.7438E-08 1.8162E-08 1.8841E-08 1.9465E-08 2.0032E-08 2.0530E-08 2.0952E-08 2.1296E-08 2.1564E-08 2.1755E-08 2.1873E-08 2.1921E-08 2.1903E-08 2.1770E-08 2.1532E-08 2.1214E-08 2.0845E-08 2.0430E-08 1.9976E-08 1.9472E-08 1.8935E-08 1.8367E-08 1.7776E-08
6.0243E-10 6.8757E-10 7.8504E-10 9.0128E-10 1.0314E-09 1.1737E-09 1.3288E-09 1.5065E-09 1.7305E-09 1.9733E-09 2.2275E-09 2.5063E-09 2.8124E-09 3.1508E-09 3.5192E-09 3.9213E-09 4.3574E-09 4.8298E-09 5.3392E-09 5.8864E-09 6.4716E-09 7.0969E-09 7.7594E-09 8.4564E-09 9.1912E-09 9.9569E-09 1.0755E-08 1.1580E-08 1.2426E-08 1.3283E-08 1.4141E-08 1.4989E-08 1.5822E-08 1.6629E-08 1.7402E-08 1.8136E-08 1.8821E-08 1.9453E-08 2.0027E-08 2.0528E-08 2.0952E-08 2.1300E-08 2.1570E-08 2.1765E-08 2.1886E-08 2.1933E-08 2.1911E-08 2.1820E-08 2.1601E-08 2.1287E-08 2.0905E-08 2.0476E-08 2.0005E-08 1.9498E-08 1.8945E-08 1.8370E-08 1.7769E-08
5.8167E-10 6.6451E-10 7.6239E-10 8.7562E-10 1.0027E-09 1.1418E-09 1.2938E-09 1.4670E-09 1.6886E-09 1.9228E-09 2.1769E-09 2.4518E-09 2.7555E-09 3.0871E-09 3.4506E-09 3.8469E-09 4.2781E-09 4.7456E-09 5.2503E-09 5.7929E-09 6.3760E-09 6.9968E-09 7.6546E-09 8.3518E-09 9.0826E-09 9.8487E-09 1.0645E-08 1.1470E-08 1.2313E-08 1.3172E-08 1.4034E-08 1.4889E-08 1.5731E-08 1.6546E-08 1.7329E-08 1.8072E-08 1.8767E-08 1.9407E-08 1.9984E-08 2.0487E-08 2.0914E-08 2.1265E-08 2.1540E-08 2.1740E-08 2.1861E-08 2.1909E-08 2.1884E-08 2.1788E-08 2.1612E-08 2.1314E-08 2.0927E-08 2.0484E-08 1.9999E-08 1.9478E-08 1.8924E-08 1.8333E-08 1.7728E-08
5.6314E-10 6.4340E-10 7.3822E-10 8.4810E-10 9.7176E-10 1.1072E-09 1.2558E-09 1.4238E-09 1.6378E-09 1.8670E-09 2.1205E-09 2.3923E-09 2.6886E-09 3.0143E-09 3.3720E-09 3.7622E-09 4.1873E-09 4.6487E-09 5.1473E-09 5.6861E-09 6.2622E-09 6.8777E-09 7.5327E-09 8.2247E-09 8.9544E-09 9.7149E-09 1.0511E-08 1.1331E-08 1.2175E-08 1.3031E-08 1.3897E-08 1.4756E-08 1.5601E-08 1.6426E-08 1.7216E-08 1.7967E-08 1.8669E-08 1.9317E-08 1.9898E-08 2.0405E-08 2.0837E-08 2.1192E-08 2.1472E-08 2.1673E-08 2.1798E-08 2.1846E-08 2.1818E-08 2.1715E-08 2.1542E-08 2.1282E-08 2.0909E-08 2.0453E-08 1.9956E-08 1.9420E-08 1.8855E-08 1.8262E-08 1.7645E-08
5.4371E-10 6.2120E-10 7.1159E-10 8.1897E-10 9.3883E-10 1.0705E-09 1.2150E-09 1.3775E-09 1.5834E-09 1.8072E-09 2.0595E-09 2.3259E-09 2.6155E-09 2.9350E-09 3.2849E-09 3.6680E-09 4.0859E-09 4.5399E-09 5.0325E-09 5.5628E-09 6.1334E-09 6.7429E-09 7.3922E-09 8.0806E-09 8.8014E-09 9.5620E-09 1.0352E-08 1.1170E-08 1.2007E-08 1.2862E-08 1.3724E-08 1.4588E-08 1.5437E-08 1.6266E-08 1.7064E-08 1.7823E-08 1.8533E-08 1.9185E-08 1.9770E-08 2.0282E-08 2.0719E-08 2.1079E-08 2.1363E-08 2.1568E-08 2.1695E-08 2.1742E-08 2.1711E-08 2.1603E-08 2.1421E-08 2.1170E-08 2.0824E-08 2.0381E-08 1.9871E-08 1.9323E-08 1.8747E-08 1.8148E-08 1.7525E-08
