Assets/Resources/2015_m01_d06_1300(utc+0800)_l00_csi_1hr_conc.grd
DSAA
         159         159
     -79.000      79.000
     -79.000      79.000
  0.0000E+00  0.3206E-05
[rows 25 to 49 of 159, columns 57 to 113 of 159]
8.5200E-12 3.0918E-11 6.4069E-11 9.9957E-11 1.3973E-10 1.8450E-10 2.3712E-10 3.0560E-10 4.1044E-10 5.2584E-10 7.2837E-10 9.7270E-10 1.2249E-09 1.5255E-09 1.8888E-09 2.3123E-09 2.8154E-09 3.3833E-09 4.0321E-09 4.7504E-09 5.5305E-09 6.3685E-09 7.2515E-09 8.1601E-09 9.0747E-09 9.9763E-09 1.0841E-08 1.1647E-08 1.2371E-08 1.2996E-08 1.3499E-08 1.3868E-08 1.4094E-08 1.4172E-08 1.4099E-08 1.3882E-08 1.3530E-08 1.3055E-08 1.2470E-08 1.1794E-08 1.1044E-08 1.0242E-08 9.4119E-09 8.5706E-09 7.7303E-09 6.9070E-09 6.1183E-09 5.3746E-09 4.6771E-09 4.0353E-09 3.4564E-09 2.9350E-09 2.4699E-09 2.0652E-09 1.7096E-09 1.4069E-09 1.1387E-09
5.3560E-12 1.2224E-11 4.2710E-11 8.2101E-11 1.1869E-10 1.6241E-10 2.1383E-10 2.7693E-10 3.7943E-10 4.9455E-10 6.6717E-10 9.3021E-10 1.1757E-09 1.4796E-09 1.8407E-09 2.2799E-09 2.7864E-09 3.3801E-09 4.0469E-09 4.7922E-09 5.6134E-09 6.4927E-09 7.4203E-09 8.3780E-09 9.3471E-09 1.0301E-08 1.1215E-08 1.2065E-08 1.2826E-08 1.3477E-08 1.3998E-08 1.4375E-08 1.4597E-08 1.4661E-08 1.4566E-08 1.4318E-08 1.3924E-08 1.3401E-08 1.2769E-08 1.2049E-08 1.1260E-08 1.0416E-08 9.5431E-09 8.6616E-09 7.7943E-09 6.9498E-09 6.1395E-09 5.3773E-09 4.6724E-09 4.0227E-09 3.4359E-09 2.9145E-09 2.4486E-09 2.0409E-09 1.6861E-09 1.3844E-09 1.1144E-09
2.5086E-12 8.6021E-12 2.2248E-11 6.0104E-11 1.0143E-10 1.4238E-10 1.9056E-10 2.4850E-10 3.4775E-10 4.6214E-10 6.2215E-10 8.8048E-10 1.1243E-09 1.4246E-09 1.7937E-09 2.2343E-09 2.7619E-09 3.3655E-09 4.0605E-09 4.8400E-09 5.6952E-09 6.6209E-09 7.6010E-09 8.6150E-09 9.6399E-09 1.0650E-08 1.1617E-08 1.2515E-08 1.3317E-08 1.3998E-08 1.4538E-08 1.4922E-08 1.5144E-08 1.5188E-08 1.5064E-08 1.4779E-08 1.4343E-08 1.3771E-08 1.3086E-08 1.2307E-08 1.1461E-08 1.0575E-08 9.6637E-09 8.7461E-09 7.8427E-09 6.9745E-09 6.1487E-09 5.3715E-09 4.6539E-09 4.0002E-09 3.4080E-09 2.8824E-09 2.4185E-09 2.0076E-09 1.6535E-09 1.3532E-09 1.0853E-09
6.7769E-13 5.3376E-12 1.1396E-11 3.1678E-11 8.0036E-11 1.2168E-10 1.6687E-10 2.2048E-10 3.1466E-10 4.2803E-10 5.7934E-10 8.2505E-10 1.0739E-09 1.3750E-09 1.7431E-09 2.1955E-09 2.7245E-09 3.3532E-09 4.0726E-09 4.8836E-09 5.7839E-09 6.7582E-09 7.7918E-09 8.8628E-09 9.9491E-09 1.1021E-08 1.2048E-08 1.2998E-08 1.3843E-08 1.4556E-08 1.5114E-08 1.5502E-08 1.5710E-08 1.5733E-08 1.5577E-08 1.5250E-08 1.4762E-08 1.4137E-08 1.3398E-08 1.2567E-08 1.1667E-08 1.0724E-08 9.7677E-09 8.8172E-09 7.8834E-09 6.9848E-09 6.1389E-09 5.3497E-09 4.6206E-09 3.9612E-09 3.3674E-09 2.8367E-09 2.3752E-09 1.9650E-09 1.6108E-09 1.3158E-09 1.0508E-09
0.0000E+00 2.4063E-12 7.7335E-12 1.3828E-11 4.7582E-11 9.2472E-11 1.4135E-10 1.9257E-10 2.8226E-10 3.9368E-10 5.3367E-10 7.6713E-10 1.0201E-09 1.3208E-09 1.6921E-09 2.1455E-09 2.6951E-09 3.3355E-09 4.0831E-09 4.9329E-09 5.8750E-09 6.9006E-09 7.9948E-09 9.1333E-09 1.0287E-08 1.1425E-08 1.2513E-08 1.3521E-08 1.4413E-08 1.5159E-08 1.5737E-08 1.6131E-08 1.6328E-08 1.6323E-08 1.6125E-08 1.5745E-08 1.5205E-08 1.4518E-08 1.3713E-08 1.2820E-08 1.1867E-08 1.0873E-08 9.8661E-09 8.8709E-09 7.9075E-09 6.9844E-09 6.1149E-09 5.3106E-09 4.5737E-09 3.9056E-09 3.3111E-09 2.7803E-09 2.3177E-09 1.9104E-09 1.5585E-09 1.2692E-09 1.0078E-09
0.0000E+00 6.0089E-13 4.4349E-12 9.7126E-12 2.1264E-11 6.2322E-11 1.0883E-10 1.6384E-10 2.4853E-10 3.5854E-10 4.8653E-10 7.1244E-10 9.6837E-10 1.2639E-09 1.6393E-09 2.0994E-09 2.6574E-09 3.3233E-09 4.0991E-09 4.9815E-09 5.9705E-09 7.0552E-09 8.2149E-09 9.4248E-09 1.0653E-08 1.1865E-08 1.3024E-08 1.4092E-08 1.5034E-08 1.5821E-08 1.6420E-08 1.6815E-08 1.6996E-08 1.6964E-08 1.6722E-08 1.6287E-08 1.5678E-08 1.4922E-08 1.4048E-08 1.3086E-08 1.2063E-08 1.1012E-08 9.9556E-09 8.9146E-09 7.9114E-09 6.9625E-09 6.0720E-09 5.2512E-09 4.5058E-09 3.8328E-09 3.2340E-09 2.7059E-09 2.2468E-09 1.8431E-09 1.4998E-09 1.2173E-09 9.6274E-10
0.0000E+00 0.0000E+00 1.7071E-12 6.1352E-12 1.1371E-11 3.7375E-11 7.9004E-11 1.3449E-10 2.1420E-10 3.2352E-10 4.4162E-10 6.5775E-10 9.1737E-10 1.2164E-09 1.5883E-09 2.0545E-09 2.6256E-09 3.3098E-09 4.1105E-09 5.0369E-09 6.0772E-09 7.2207E-09 8.4485E-09 9.7331E-09 1.1041E-08 1.2333E-08 1.3568E-08 1.4704E-08 1.5700E-08 1.6522E-08 1.7141E-08 1.7543E-08 1.7707E-08 1.7639E-08 1.7347E-08 1.6849E-08 1.6173E-08 1.5341E-08 1.4391E-08 1.3352E-08 1.2259E-08 1.1140E-08 1.0027E-08 8.9400E-09 7.8955E-09 6.9139E-09 6.0049E-09 5.1671E-09 4.4123E-09 3.7408E-09 3.1394E-09 2.6139E-09 2.1636E-09 1.7644E-09 1.4304E-09 1.1546E-09 9.0500E-10
0.0000E+00 0.0000E+00 2.8689E-13 2.9418E-12 7.4405E-12 1.8954E-11 5.2747E-11 9.6754E-11 1.7876E-10 2.8416E-10 3.9271E-10 5.9905E-10 8.6918E-10 1.1590E-09 1.5396E-09 2.0104E-09 2.5936E-09 3.2949E-09 4.1308E-09 5.0953E-09 6.1874E-09 7.3943E-09 8.6964E-09 1.0065E-08 1.1462E-08 1.2845E-08 1.4165E-08 1.5376E-08 1.6434E-08 1.7300E-08 1.7942E-08 1.8341E-08 1.8490E-08 1.8382E-08 1.8032E-08 1.7462E-08 1.6700E-08 1.5780E-08 1.4740E-08 1.3616E-08 1.2444E-08 1.1254E-08 1.0078E-08 8.9390E-09 7.8556E-09 6.8391E-09 5.9079E-09 5.0618E-09 4.2968E-09 3.6227E-09 3.0283E-09 2.5048E-09 2.0668E-09 1.6773E-09 1.3519E-09 1.0845E-09 8.4249E-10
0.0000E+00 0.0000E+00 0.0000E+00 8.4260E-13 4.0455E-12 8.3646E-12 2.6545E-11 6.2570E-11 1.4402E-10 2.4374E-10 3.4418E-10 5.4938E-10 8.1602E-10 1.1150E-09 1.4932E-09 1.9716E-09 2.5610E-09 3.2867E-09 4.1478E-09 5.1550E-09 6.3019E-09 7.5786E-09 8.9634E-09 1.0420E-08 1.1909E-08 1.3384E-08 1.4793E-08 1.6083E-08 1.7206E-08 1.8117E-08 1.8784E-08 1.9182E-08 1.9302E-08 1.9148E-08 1.8733E-08 1.8088E-08 1.7237E-08 1.6223E-08 1.5086E-08 1.3869E-08 1.2610E-08 1.1345E-08 1.0102E-08 8.9083E-09 7.7826E-09 6.7379E-09 5.7813E-09 4.9234E-09 4.1567E-09 3.4820E-09 2.8986E-09 2.3846E-09 1.9573E-09 1.5777E-09 1.2604E-09 1.0036E-09 7.7274E-10
0.0000E+00 0.0000E+00 0.0000E+00 9.1786E-15 1.4065E-12 4.8334E-12 1.7926E-11 3.8479E-11 9.5125E-11 2.0323E-10 2.9826E-10 4.9279E-10 7.5864E-10 1.0602E-09 1.4456E-09 1.9254E-09 2.5346E-09 3.2787E-09 4.1711E-09 5.2217E-09 6.4287E-09 7.7753E-09 9.2390E-09 1.0789E-08 1.2378E-08 1.3955E-08 1.5461E-08 1.6843E-08 1.8036E-08 1.8996E-08 1.9686E-08 2.0082E-08 2.0173E-08 1.9965E-08 1.9475E-08 1.8734E-08 1.7780E-08 1.6657E-08 1.5414E-08 1.4096E-08 1.2746E-08 1.1400E-08 1.0091E-08 8.8417E-09 7.6734E-09 6.6027E-09 5.6259E-09 4.7566E-09 3.9933E-09 3.3225E-09 2.7481E-09 2.2472E-09 1.8325E-09 1.4650E-09 1.1593E-09 9.1359E-10 6.9485E-10
0.0000E+00 0.0000E+00 0.0000E+00 0.0000E+00 1.6255E-13 1.8685E-12 1.0962E-11 2.8841E-11 6.2417E-11 1.6498E-10 2.5276E-10 4.3229E-10 7.0838E-10 1.0145E-09 1.3946E-09 1.8874E-09 2.5032E-09 3.2671E-09 4.1947E-09 5.2896E-09 6.5514E-09 7.9725E-09 9.5257E-09 1.1172E-08 1.2866E-08 1.4546E-08 1.6151E-08 1.7615E-08 1.8879E-08 1.9887E-08 2.0600E-08 2.0990E-08 2.1047E-08 2.0779E-08 2.0209E-08 1.9370E-08 1.8308E-08 1.7073E-08 1.5717E-08 1.4289E-08 1.2841E-08 1.1411E-08 1.0032E-08 8.7310E-09 7.5236E-09 6.4243E-09 5.4388E-09 4.5636E-09 3.8032E-09 3.1438E-09 2.5788E-09 2.0931E-09 1.6926E-09 1.3405E-09 1.0527E-09 8.2198E-10 6.1755E-10
0.0000E+00 0.0000E+00 0.0000E+00 0.0000E+00 0.0000E+00 3.3239E-13 2.9036E-12 1.7775E-11 4.0858E-11 1.1775E-10 2.1121E-10 3.7925E-10 6.5388E-10 9.6603E-10 1.3505E-09 1.8416E-09 2.4690E-09 3.2524E-09 4.2100E-09 5.3498E-09 6.6740E-09 8.1682E-09 9.8090E-09 1.1552E-08 1.3350E-08 1.5138E-08 1.6846E-08 1.8402E-08 1.9739E-08 2.0796E-08 2.1528E-08 2.1907E-08 2.1924E-08 2.1589E-08 2.0928E-08 1.9982E-08 1.8802E-08 1.7446E-08 1.5971E-08 1.4434E-08 1.2886E-08 1.1371E-08 9.9258E-09 8.5741E-09 7.3346E-09 6.2127E-09 5.2179E-09 4.3446E-09 3.5872E-09 2.9431E-09 2.3930E-09 1.9242E-09 1.5426E-09 1.2079E-09 9.3714E-10 7.2257E-10 5.3950E-10
0.0000E+00 0.0000E+00 0.0000E+00 0.0000E+00 0.0000E+00 0.0000E+00 4.3987E-13 7.3196E-12 2.4639E-11 7.3828E-11 1.7899E-10 3.2335E-10 5.9761E-10 9.0968E-10 1.2981E-09 1.7925E-09 2.4295E-09 3.2308E-09 4.2173E-09 5.4013E-09 6.7830E-09 8.3468E-09 1.0074E-08 1.1921E-08 1.3828E-08 1.5726E-08 1.7539E-08 1.9186E-08 2.0593E-08 2.1696E-08 2.2445E-08 2.2809E-08 2.2780E-08 2.2370E-08 2.1611E-08 2.0550E-08 1.9245E-08 1.7761E-08 1.6163E-08 1.4514E-08 1.2868E-08 1.1272E-08 9.7612E-09 8.3627E-09 7.0921E-09 5.9568E-09 4.9558E-09 4.0906E-09 3.3464E-09 2.7206E-09 2.1915E-09 1.7421E-09 1.3810E-09 1.0681E-09 8.2042E-10 6.2652E-10 4.6399E-10
0.0000E+00 0.0000E+00 0.0000E+00 0.0000E+00 0.0000E+00 0.0000E+00 0.0000E+00 2.1897E-12 1.4527E-11 3.9911E-11 1.2429E-10 2.8165E-10 5.4710E-10 8.5394E-10 1.2385E-09 1.7352E-09 2.3777E-09 3.1947E-09 4.2068E-09 5.4265E-09 6.8613E-09 8.4999E-09 1.0312E-08 1.2254E-08 1.4266E-08 1.6269E-08 1.8183E-08 1.9920E-08 2.1398E-08 2.2544E-08 2.3305E-08 2.3650E-08 2.3569E-08 2.3079E-08 2.2217E-08 2.1037E-08 1.9605E-08 1.7993E-08 1.6273E-08 1.4512E-08 1.2772E-08 1.1100E-08 9.5321E-09 8.0942E-09 6.8016E-09 5.6595E-09 4.6635E-09 3.8113E-09 3.0851E-09 2.4798E-09 1.9762E-09 1.5515E-09 1.2173E-09 9.2906E-10 7.0563E-10 5.3319E-10 3.9069E-10
0.0000E+00 0.0000E+00 0.0000E+00 0.0000E+00 0.0000E+00 0.0000E+00 0.0000E+00 1.2535E-13 5.5456E-12 2.3119E-11 8.1561E-11 2.2993E-10 4.9144E-10 7.9044E-10 1.1725E-09 1.6707E-09 2.3169E-09 3.1423E-09 4.1739E-09 5.4273E-09 6.9086E-09 8.6094E-09 1.0500E-08 1.2534E-08 1.4647E-08 1.6758E-08 1.8772E-08 2.0595E-08 2.2137E-08 2.3320E-08 2.4089E-08 2.4409E-08 2.4271E-08 2.3696E-08 2.2727E-08 2.1424E-08 1.9863E-08 1.8122E-08 1.6284E-08 1.4418E-08 1.2589E-08 1.0848E-08 9.2327E-09 7.7668E-09 6.4626E-09 5.3218E-09 4.3394E-09 3.5057E-09 2.8068E-09 2.2274E-09 1.7545E-09 1.3593E-09 1.0546E-09 7.9499E-10 5.9412E-10 4.4018E-10 3.1907E-10
0.0000E+00 0.0000E+00 0.0000E+00 0.0000E+00 0.0000E+00 0.0000E+00 0.0000E+00 0.0000E+00 7.7129E-13 9.7149E-12 3.6721E-11 1.7888E-10 4.3352E-10 7.2821E-10 1.0970E-09 1.5908E-09 2.2375E-09 3.0660E-09 4.1099E-09 5.3897E-09 6.9081E-09 8.6615E-09 1.0624E-08 1.2743E-08 1.4949E-08 1.7153E-08 1.9259E-08 2.1163E-08 2.2767E-08 2.3988E-08 2.4761E-08 2.5051E-08 2.4853E-08 2.4189E-08 2.3110E-08 2.1686E-08 1.9997E-08 1.8134E-08 1.6181E-08 1.4220E-08 1.2313E-08 1.0514E-08 8.8615E-09 7.3790E-09 6.0734E-09 4.9471E-09 3.9882E-09 3.1807E-09 2.5159E-09 1.9713E-09 1.5327E-09 1.1710E-09 8.9071E-10 6.6220E-10 4.8285E-10 3.5307E-10 2.5805E-10
0.0000E+00 0.0000E+00 0.0000E+00 0.0000E+00 0.0000E+00 0.0000E+00 0.0000E+00 0.0000E+00 0.0000E+00 2.3733E-12 1.5341E-11 1.2835E-10 3.6763E-10 6.6490E-10 1.0200E-09 1.5030E-09 2.1386E-09 2.9663E-09 4.0132E-09 5.3041E-09 6.8536E-09 8.6503E-09 1.0667E-08 1.2857E-08 1.5144E-08 1.7436E-08 1.9629E-08 2.1608E-08 2.3267E-08 2.4517E-08 2.5289E-08 2.5546E-08 2.5284E-08 2.4531E-08 2.3343E-08 2.1798E-08 1.9988E-08 1.8009E-08 1.5953E-08 1.3905E-08 1.1937E-08 1.0098E-08 8.4245E-09 6.9372E-09 5.6444E-09 4.5404E-09 3.6146E-09 2.8455E-09 2.2193E-09 1.7145E-09 1.3143E-09 9.8601E-10 7.3155E-10 5.3449E-10 3.8215E-10 2.7779E-10 2.0222E-10
0.0000E+00 0.0000E+00 0.0000E+00 0.0000E+00 0.0000E+00 0.0000E+00 0.0000E+00 0.0000E+00 0.0000E+00 8.9535E-14 4.7347E-12 6.0423E-11 3.0141E-10 5.9264E-10 9.4578E-10 1.4089E-09 2.0269E-09 2.8409E-09 3.8797E-09 5.1725E-09 6.7311E-09 8.5552E-09 1.0614E-08 1.2860E-08 1.5216E-08 1.7580E-08 1.9843E-08 2.1885E-08 2.3592E-08 2.4865E-08 2.5632E-08 2.5855E-08 2.5531E-08 2.4691E-08 2.3401E-08 2.1746E-08 1.9824E-08 1.7743E-08 1.5598E-08 1.3481E-08 1.1462E-08 9.5978E-09 7.9208E-09 6.4460E-09 5.1789E-09 4.1131E-09 3.2303E-09 2.5094E-09 1.9265E-09 1.4644E-09 1.0991E-09 8.0755E-10 5.8571E-10 4.1754E-10 2.9289E-10 2.0915E-10 1.3938E-10
0.0000E+00 0.0000E+00 0.0000E+00 0.0000E+00 0.0000E+00 0.0000E+00 0.0000E+00 0.0000E+00 0.0000E+00 0.0000E+00 3.7405E-13 4.3113E-11 2.4989E-10 5.1727E-10 8.5895E-10 1.3041E-09 1.9045E-09 2.6906E-09 3.7121E-09 4.9908E-09 6.5462E-09 8.3765E-09 1.0459E-08 1.2739E-08 1.5140E-08 1.7564E-08 1.9888E-08 2.1982E-08 2.3726E-08 2.5015E-08 2.5774E-08 2.5962E-08 2.5577E-08 2.4656E-08 2.3269E-08 2.1512E-08 1.9492E-08 1.7323E-08 1.5111E-08 1.2944E-08 1.0897E-08 9.0256E-09 7.3617E-09 5.9195E-09 4.6949E-09 3.6771E-09 2.8473E-09 2.1753E-09 1.6431E-09 1.2263E-09 8.9300E-10 6.4466E-10 4.5423E-10 3.1627E-10 2.1378E-10 1.3380E-10 7.7374E-11
0.0000E+00 0.0000E+00 0.0000E+00 0.0000E+00 0.0000E+00 0.0000E+00 0.0000E+00 0.0000E+00 0.0000E+00 0.0000E+00 3.7243E-12 4.0979E-11 1.9423E-10 4.3939E-10 7.6714E-10 1.1956E-09 1.7688E-09 2.5328E-09 3.5203E-09 4.7710E-09 6.3005E-09 8.1157E-09 1.0194E-08 1.2490E-08 1.4923E-08 1.7379E-08 1.9738E-08 2.1866E-08 2.3635E-08 2.4933E-08 2.5678E-08 2.5829E-08 2.5385E-08 2.4390E-08 2.2920E-08 2.1078E-08 1.8982E-08 1.6747E-08 1.4486E-08 1.2299E-08 1.0254E-08 8.4003E-09 6.7688E-09 5.3707E-09 4.2044E-09 3.2456E-09 2.4746E-09 1.8612E-09 1.3809E-09 9.9923E-10 7.1119E-10 4.9791E-10 3.4324E-10 2.1492E-10 1.2667E-10 7.0492E-11 3.8021E-11
0.0000E+00 0.0000E+00 0.0000E+00 0.0000E+00 0.0000E+00 0.0000E+00 0.0000E+00 0.0000E+00 0.0000E+00 0.0000E+00 2.4256E-12 3.2263E-11 1.7178E-10 3.6390E-10 6.7923E-10 1.0823E-09 1.6372E-09 2.3585E-09 3.3089E-09 4.5209E-09 6.0141E-09 7.7925E-09 9.8541E-09 1.2137E-08 1.4565E-08 1.7033E-08 1.9409E-08 2.1553E-08 2.3330E-08 2.4624E-08 2.5349E-08 2.5463E-08 2.4964E-08 2.3904E-08 2.2366E-08 2.0458E-08 1.8305E-08 1.6037E-08 1.3760E-08 1.1570E-08 9.5474E-09 7.7372E-09 6.1628E-09 4.8263E-09 3.7226E-09 2.8345E-09 2.1298E-09 1.5716E-09 1.1311E-09 7.9603E-10 5.4399E-10 3.6677E-10 2.2999E-10 1.2421E-10 6.7842E-11 3.4977E-11 1.9079E-11
0.0000E+00 0.0000E+00 0.0000E+00 0.0000E+00 0.0000E+00 0.0000E+00 0.0000E+00 0.0000E+00 0.0000E+00 0.0000E+00 1.1755E-12 3.7076E-11 1.4530E-10 3.1597E-10 5.8958E-10 9.6940E-10 1.4999E-09 2.1902E-09 3.0947E-09 4.2546E-09 5.6961E-09 7.4327E-09 9.4453E-09 1.1694E-08 1.4101E-08 1.6552E-08 1.8923E-08 2.1067E-08 2.2842E-08 2.4126E-08 2.4832E-08 2.4914E-08 2.4372E-08 2.3263E-08 2.1673E-08 1.9718E-08 1.7531E-08 1.5240E-08 1.2969E-08 1.0806E-08 8.8234E-09 7.0695E-09 5.5638E-09 4.3017E-09 3.2725E-09 2.4543E-09 1.8173E-09 1.3041E-09 9.0665E-10 6.1532E-10 4.0764E-10 2.5397E-10 1.3800E-10 7.0340E-11 3.3284E-11 1.8314E-11 1.0692E-11
0.0000E+00 0.0000E+00 0.0000E+00 0.0000E+00 0.0000E+00 0.0000E+00 0.0000E+00 0.0000E+00 0.0000E+00 0.0000E+00 2.0622E-14 2.9630E-11 1.1845E-10 2.8504E-10 5.1884E-10 8.6139E-10 1.3568E-09 2.0229E-09 2.8784E-09 3.9848E-09 5.3759E-09 7.0507E-09 9.0040E-09 1.1206E-08 1.3569E-08 1.5988E-08 1.8328E-08 2.0453E-08 2.2212E-08 2.3479E-08 2.4162E-08 2.4212E-08 2.3636E-08 2.2485E-08 2.0863E-08 1.8890E-08 1.6696E-08 1.4410E-08 1.2163E-08 1.0048E-08 8.1268E-09 6.4390E-09 5.0058E-09 3.8272E-09 2.8757E-09 2.1254E-09 1.5328E-09 1.0571E-09 7.2378E-10 4.7042E-10 2.8768E-10 1.6286E-10 7.9338E-11 3.7441E-11 1.6979E-11 1.0046E-11 5.0968E-12
0.0000E+00 0.0000E+00 0.0000E+00 0.0000E+00 0.0000E+00 0.0000E+00 0.0000E+00 0.0000E+00 0.0000E+00 0.0000E+00 0.0000E+00 1.9094E-11 8.8529E-11 2.5597E-10 4.6873E-10 7.7370E-10 1.2225E-09 1.8536E-09 2.6696E-09 3.7279E-09 5.0523E-09 6.6699E-09 8.5689E-09 1.0700E-08 1.3012E-08 1.5391E-08 1.7700E-08 1.9801E-08 2.1539E-08 2.2787E-08 2.3450E-08 2.3479E-08 2.2883E-08 2.1709E-08 2.0069E-08 1.8083E-08 1.5893E-08 1.3628E-08 1.1416E-08 9.3477E-09 7.4908E-09 5.8819E-09 4.5224E-09 3.4104E-09 2.5309E-09 1.8295E-09 1.2807E-09 8.5941E-10 5.6324E-10 3.4396E-10 1.9707E-10 1.0319E-10 4.4759E-11 2.3486E-11 8.9317E-12 4.4727E-12 1.5923E-12
0.0000E+00 0.0000E+00 0.0000E+00 0.0000E+00 0.0000E+00 0.0000E+00 0.0000E+00 0.0000E+00 0.0000E+00 0.0000E+00 0.0000E+00 1.1187E-11 7.8027E-11 2.2375E-10 4.1816E-10 6.9739E-10 1.0919E-09 1.6773E-09 2.4484E-09 3.4625E-09 4.7345E-09 6.2936E-09 8.1304E-09 1.0217E-08 1.2484E-08 1.4829E-08 1.7114E-08 1.9189E-08 2.0916E-08 2.2155E-08 2.2808E-08 2.2827E-08 2.2216E-08 2.1031E-08 1.9371E-08 1.7383E-08 1.5196E-08 1.2954E-08 1.0769E-08 8.7460E-09 6.9396E-09 5.3909E-09 4.1052E-09 3.0598E-09 2.2280E-09 1.5801E-09 1.0719E-09 6.9137E-10 4.2871E-10 2.4754E-10 1.3485E-10 6.8286E-11 2.8269E-11 1.0159E-11 3.4750E-12 1.1574E-12 0.0000E+00
