Assets/Resources/2015_m01_d08_0900(utc+0800)_l00_csi_1hr_conc.grd
DSAA
         159         159
     -79.000      79.000
     -79.000      79.000
  0.5229E-10  0.1163E-04
[rows 100 to 124 of 159, columns 57 to 113 of 159]
1.9008E-09 1.9268E-09 1.9588E-09 1.9849E-09 2.0172E-09 2.0433E-09 2.0758E-09 2.1019E-09 2.1840E-09 2.2557E-09 2.3542E-09 2.4780E-09 2.5905E-09 2.7372E-09 2.9500E-09 3.2047E-09 3.4627E-09 3.7256E-09 4.0780E-09 4.4582E-09 4.7960E-09 5.1977E-09 5.5877E-09 6.0429E-09 6.5860E-09 7.1227E-09 7.7011E-09 8.2619E-09 8.8543E-09 9.4763E-09 1.0126E-08 1.0877E-08 1.1573E-08 1.2285E-08 1.3008E-08 1.3735E-08 1.4461E-08 1.5174E-08 1.5866E-08 1.6535E-08 1.7182E-08 1.7795E-08 1.8365E-08 1.8884E-08 1.9271E-08 1.9675E-08 2.0012E-08 2.0279E-08 2.0478E-08 2.0599E-08 2.0641E-08 2.0609E-08 2.0444E-08 2.0267E-08 2.0014E-08 1.9692E-08 1.9308E-08
1.8647E-09 1.8958E-09 1.9211E-09 1.9526E-09 1.9780E-09 2.0097E-09 2.0350E-09 2.0669E-09 2.1365E-09 2.1929E-09 2.2528E-09 2.3378E-09 2.4969E-09 2.6138E-09 2.7436E-09 2.9544E-09 3.2071E-09 3.4654E-09 3.7262E-09 4.0758E-09 4.4308E-09 4.7696E-09 5.1481E-09 5.5328E-09 5.9667E-09 6.4090E-09 6.9909E-09 7.5273E-09 8.0467E-09 8.5920E-09 9.1610E-09 9.7513E-09 1.0359E-08 1.0982E-08 1.1613E-08 1.2249E-08 1.2881E-08 1.3500E-08 1.4106E-08 1.4697E-08 1.5266E-08 1.5805E-08 1.6306E-08 1.6763E-08 1.7172E-08 1.7527E-08 1.7824E-08 1.8060E-08 1.8238E-08 1.8350E-08 1.8323E-08 1.8303E-08 1.8226E-08 1.8072E-08 1.7853E-08 1.7574E-08 1.7127E-08
1.8346E-09 1.8651E-09 1.8899E-09 1.9207E-09 1.9455E-09 1.9764E-09 2.0012E-09 2.0323E-09 2.0571E-09 2.1260E-09 2.1928E-09 2.2474E-09 2.3423E-09 2.4926E-09 2.6202E-09 2.7632E-09 2.9710E-09 3.1550E-09 3.4578E-09 3.7017E-09 3.9937E-09 4.3291E-09 4.7198E-09 5.0679E-09 5.4521E-09 5.8562E-09 6.2719E-09 6.7514E-09 7.2466E-09 7.7897E-09 8.2864E-09 8.8016E-09 9.3322E-09 9.8749E-09 1.0426E-08 1.0978E-08 1.1525E-08 1.2064E-08 1.2594E-08 1.3112E-08 1.3610E-08 1.4080E-08 1.4517E-08 1.4916E-08 1.5274E-08 1.5584E-08 1.5845E-08 1.5985E-08 1.6147E-08 1.6253E-08 1.6292E-08 1.6279E-08 1.6215E-08 1.6084E-08 1.5835E-08 1.5547E-08 1.5259E-08
1.8049E-09 1.8290E-09 1.8590E-09 1.8831E-09 1.9132E-09 1.9373E-09 1.9677E-09 1.9917E-09 2.0222E-09 2.0462E-09 2.1258E-09 2.1855E-09 2.2588E-09 2.3396E-09 2.4872E-09 2.6142E-09 2.7572E-09 2.9108E-09 3.1653E-09 3.4329E-09 3.6839E-09 3.9494E-09 4.2199E-09 4.5854E-09 4.9655E-09 5.3394E-09 5.7152E-09 6.1021E-09 6.5428E-09 7.0041E-09 7.4350E-09 7.8808E-09 8.3402E-09 8.8778E-09 9.3548E-09 9.8313E-09 1.0304E-08 1.0773E-08 1.1236E-08 1.1687E-08 1.2119E-08 1.2528E-08 1.2841E-08 1.3190E-08 1.3502E-08 1.3775E-08 1.4005E-08 1.4188E-08 1.4331E-08 1.4428E-08 1.4464E-08 1.4457E-08 1.4345E-08 1.4184E-08 1.4024E-08 1.3819E-08 1.3572E-08
1.7752E-09 1.7988E-09 1.8281E-09 1.8517E-09 1.8811E-09 1.9047E-09 1.9280E-09 1.9578E-09 1.9811E-09 2.0109E-09 2.0341E-09 2.0788E-09 2.1752E-09 2.2581E-09 2.3504E-09 2.4966E-09 2.6006E-09 2.7429E-09 2.8864E-09 3.0866E-09 3.3408E-09 3.6427E-09 3.8900E-09 4.1546E-09 4.4400E-09 4.7327E-09 5.1337E-09 5.5419E-09 5.8999E-09 6.3010E-09 6.7305E-09 7.1212E-09 7.5190E-09 7.9251E-09 8.3345E-09 8.7431E-09 9.1513E-09 9.5595E-09 9.9618E-09 1.0352E-08 1.0726E-08 1.1081E-08 1.1411E-08 1.1713E-08 1.1984E-08 1.2221E-08 1.2420E-08 1.2580E-08 1.2706E-08 1.2732E-08 1.2716E-08 1.2717E-08 1.2676E-08 1.2582E-08 1.2446E-08 1.2273E-08 1.1959E-08
1.7454E-09 1.7686E-09 1.7915E-09 1.8203E-09 1.8432E-09 1.8721E-09 1.8950E-09 1.9240E-09 1.9468E-09 1.9694E-09 1.9986E-09 2.0210E-09 2.0721E-09 2.1625E-09 2.2480E-09 2.3371E-09 2.4387E-09 2.6025E-09 2.7185E-09 2.8660E-09 3.0489E-09 3.2472E-09 3.5279E-09 3.8099E-09 4.0703E-09 4.3322E-09 4.5988E-09 4.9182E-09 5.2362E-09 5.6109E-09 6.0337E-09 6.4257E-09 6.7854E-09 7.1337E-09 7.4831E-09 7.8349E-09 8.1897E-09 8.5427E-09 8.8892E-09 9.2255E-09 9.5479E-09 9.8531E-09 1.0138E-08 1.0398E-08 1.0632E-08 1.0837E-08 1.0949E-08 1.1037E-08 1.1149E-08 1.1229E-08 1.1263E-08 1.1267E-08 1.1235E-08 1.1155E-08 1.0937E-08 1.0794E-08 1.0619E-08
1.7157E-09 1.7384E-09 1.7609E-09 1.7890E-09 1.8115E-09 1.8337E-09 1.8621E-09 1.8843E-09 1.9127E-09 1.9348E-09 1.9632E-09 1.9851E-09 2.0170E-09 2.0605E-09 2.1672E-09 2.2330E-09 2.3222E-09 2.4178E-09 2.5768E-09 2.6882E-09 2.8312E-09 2.9989E-09 3.1961E-09 3.4057E-09 3.6628E-09 3.9679E-09 4.2108E-09 4.4499E-09 4.7349E-09 5.0307E-09 5.3121E-09 5.6281E-09 5.9782E-09 6.3078E-09 6.6095E-09 6.9697E-09 7.2758E-09 7.5796E-09 7.8772E-09 8.1660E-09 8.4429E-09 8.6517E-09 8.8969E-09 9.1220E-09 9.3243E-09 9.5015E-09 9.6517E-09 9.7730E-09 9.8705E-09 9.9434E-09 9.9757E-09 9.9266E-09 9.8536E-09 9.7913E-09 9.6984E-09 9.5745E-09 9.4249E-09
1.6861E-09 1.7083E-09 1.7303E-09 1.7522E-09 1.7798E-09 1.8016E-09 1.8293E-09 1.8510E-09 1.8725E-09 1.9003E-09 1.9217E-09 1.9495E-09 1.9707E-09 2.0070E-09 2.0473E-09 2.1125E-09 2.2338E-09 2.3008E-09 2.3924E-09 2.5005E-09 2.6527E-09 2.7902E-09 2.9388E-09 3.1267E-09 3.3247E-09 3.5148E-09 3.7419E-09 4.0162E-09 4.2906E-09 4.5414E-09 4.8173E-09 5.0550E-09 5.3206E-09 5.6224E-09 5.9204E-09 6.2049E-09 6.4719E-09 6.7325E-09 6.9878E-09 7.2354E-09 7.4728E-09 7.6974E-09 7.9070E-09 8.0996E-09 8.2733E-09 8.4257E-09 8.5549E-09 8.6596E-09 8.6878E-09 8.7056E-09 8.7409E-09 8.7525E-09 8.7322E-09 8.6790E-09 8.6015E-09 8.4991E-09 8.3273E-09
1.6564E-09 1.6782E-09 1.6998E-09 1.7213E-09 1.7425E-09 1.7696E-09 1.7908E-09 1.8179E-09 1.8390E-09 1.8660E-09 1.8870E-09 1.9077E-09 1.9348E-09 1.9553E-09 1.9944E-09 2.0333E-09 2.0934E-09 2.2106E-09 2.2758E-09 2.3637E-09 2.4653E-09 2.5673E-09 2.7430E-09 2.8726E-09 3.0454E-09 3.2366E-09 3.4040E-09 3.6074E-09 3.8197E-09 4.0191E-09 4.2304E-09 4.5165E-09 4.7949E-09 5.0062E-09 5.2573E-09 5.5325E-09 5.7940E-09 6.0339E-09 6.2526E-09 6.4644E-09 6.6672E-09 6.8591E-09 7.0385E-09 7.2034E-09 7.2956E-09 7.3783E-09 7.4912E-09 7.5832E-09 7.6578E-09 7.7171E-09 7.7491E-09 7.7625E-09 7.7477E-09 7.7034E-09 7.5926E-09 7.5066E-09 7.4010E-09
1.6269E-09 1.6482E-09 1.6694E-09 1.6904E-09 1.7113E-09 1.7377E-09 1.7584E-09 1.7790E-09 1.8055E-09 1.8259E-09 1.8524E-09 1.8727E-09 1.8927E-09 1.9191E-09 1.9461E-09 1.9800E-09 2.0157E-09 2.0741E-09 2.1424E-09 2.2480E-09 2.3318E-09 2.4232E-09 2.5201E-09 2.6466E-09 2.7435E-09 2.9610E-09 3.1258E-09 3.2867E-09 3.4689E-09 3.6635E-09 3.8361E-09 4.0177E-09 4.2233E-09 4.4283E-09 4.6161E-09 4.8149E-09 5.0354E-09 5.2693E-09 5.4878E-09 5.6871E-09 5.8607E-09 6.0249E-09 6.1786E-09 6.3202E-09 6.4482E-09 6.5610E-09 6.6573E-09 6.7364E-09 6.8005E-09 6.8530E-09 6.8836E-09 6.8506E-09 6.8387E-09 6.8042E-09 6.7520E-09 6.6812E-09 6.5912E-09
1.5974E-09 1.6183E-09 1.6391E-09 1.6597E-09 1.6801E-09 1.7003E-09 1.7262E-09 1.7463E-09 1.7722E-09 1.7922E-09 1.8120E-09 1.8378E-09 1.8574E-09 1.8767E-09 1.9024E-09 1.9287E-09 1.9621E-09 1.9962E-09 2.0530E-09 2.1158E-09 2.1750E-09 2.2969E-09 2.3757E-09 2.4662E-09 2.5701E-09 2.6794E-09 2.8114E-09 2.9632E-09 3.1586E-09 3.3190E-09 3.4922E-09 3.6501E-09 3.8030E-09 3.9763E-09 4.1638E-09 4.3435E-09 4.5058E-09 4.6758E-09 4.8579E-09 5.0435E-09 5.2260E-09 5.3787E-09 5.5109E-09 5.6345E-09 5.7457E-09 5.8446E-09 5.9301E-09 5.9991E-09 6.0085E-09 6.0569E-09 6.0878E-09 6.1017E-09 6.0903E-09 6.0606E-09 6.0155E-09 5.9548E-09 5.8386E-09
1.5679E-09 1.5885E-09 1.6088E-09 1.6290E-09 1.6491E-09 1.6689E-09 1.6885E-09 1.7138E-09 1.7333E-09 1.7586E-09 1.7779E-09 1.7970E-09 1.8222E-09 1.8411E-09 1.8596E-09 1.8847E-09 1.9103E-09 1.9419E-09 1.9751E-09 2.0302E-09 2.0873E-09 2.1432E-09 2.2186E-09 2.3120E-09 2.4145E-09 2.5078E-09 2.6111E-09 2.7296E-09 2.8485E-09 2.9696E-09 3.1092E-09 3.2664E-09 3.4168E-09 3.5933E-09 3.7431E-09 3.9002E-09 4.0565E-09 4.2052E-09 4.3429E-09 4.4839E-09 4.6279E-09 4.7646E-09 4.9048E-09 4.9802E-09 5.0820E-09 5.1664E-09 5.2378E-09 5.2971E-09 5.3453E-09 5.3880E-09 5.4245E-09 5.4426E-09 5.4350E-09 5.3701E-09 5.3364E-09 5.2877E-09 5.2257E-09
1.5386E-09 1.5588E-09 1.5787E-09 1.5985E-09 1.6181E-09 1.6375E-09 1.6567E-09 1.6815E-09 1.7005E-09 1.7194E-09 1.7441E-09 1.7627E-09 1.7811E-09 1.8057E-09 1.8238E-09 1.8416E-09 1.8659E-09 1.8909E-09 1.9195E-09 1.9525E-09 2.0058E-09 2.0551E-09 2.1061E-09 2.1826E-09 2.2263E-09 2.3081E-09 2.4358E-09 2.5188E-09 2.6250E-09 2.7516E-09 2.8364E-09 2.9467E-09 3.0772E-09 3.2184E-09 3.3488E-09 3.4643E-09 3.5957E-09 3.7277E-09 3.8620E-09 3.9809E-09 4.0939E-09 4.2072E-09 4.3163E-09 4.4083E-09 4.4966E-09 4.5852E-09 4.6558E-09 4.7150E-09 4.7645E-09 4.8088E-09 4.8419E-09 4.8160E-09 4.8103E-09 4.7953E-09 4.7642E-09 4.7220E-09 4.6664E-09
1.5072E-09 1.5292E-09 1.5487E-09 1.5681E-09 1.5873E-09 1.6064E-09 1.6252E-09 1.6438E-09 1.6679E-09 1.6864E-09 1.7045E-09 1.7286E-09 1.7466E-09 1.7643E-09 1.7882E-09 1.8056E-09 1.8227E-09 1.8462E-09 1.8704E-09 1.8949E-09 1.9284E-09 1.9796E-09 2.0245E-09 2.0672E-09 2.1240E-09 2.1827E-09 2.2483E-09 2.3108E-09 2.3921E-09 2.4940E-09 2.6329E-09 2.7350E-09 2.8071E-09 2.8979E-09 3.0095E-09 3.1259E-09 3.2359E-09 3.3469E-09 3.4563E-09 3.5611E-09 3.6691E-09 3.7661E-09 3.8488E-09 3.9295E-09 4.0076E-09 4.0728E-09 4.1230E-09 4.1229E-09 4.1639E-09 4.2093E-09 4.2445E-09 4.2565E-09 4.2528E-09 4.2420E-09 4.2101E-09 4.1673E-09 4.1130E-09
1.4782E-09 1.4998E-09 1.5189E-09 1.5379E-09 1.5567E-09 1.5753E-09 1.5938E-09 1.6120E-09 1.6299E-09 1.6535E-09 1.6713E-09 1.6888E-09 1.7123E-09 1.7296E-09 1.7466E-09 1.7698E-09 1.7865E-09 1.8029E-09 1.8256E-09 1.8491E-09 1.8686E-09 1.8996E-09 1.9524E-09 1.9760E-09 2.0249E-09 2.0785E-09 2.1401E-09 2.1778E-09 2.2495E-09 2.3056E-09 2.3766E-09 2.4889E-09 2.5662E-09 2.6520E-09 2.7173E-09 2.7940E-09 2.8757E-09 2.9615E-09 3.0470E-09 3.1310E-09 3.2169E-09 3.2958E-09 3.3690E-09 3.4442E-09 3.5073E-09 3.5715E-09 3.6259E-09 3.6700E-09 3.7000E-09 3.7305E-09 3.7558E-09 3.7614E-09 3.7546E-09 3.7389E-09 3.7142E-09 3.6774E-09 3.6350E-09
1.4495E-09 1.4683E-09 1.4892E-09 1.5078E-09 1.5263E-09 1.5445E-09 1.5625E-09 1.5803E-09 1.5979E-09 1.6153E-09 1.6383E-09 1.6554E-09 1.6723E-09 1.6951E-09 1.7117E-09 1.7280E-09 1.7505E-09 1.7665E-09 1.7822E-09 1.8041E-09 1.8268E-09 1.8421E-09 1.8693E-09 1.9046E-09 1.9458E-09 1.9873E-09 2.0298E-09 2.0713E-09 2.1287E-09 2.1930E-09 2.2391E-09 2.2808E-09 2.3459E-09 2.4280E-09 2.5191E-09 2.5974E-09 2.6528E-09 2.7171E-09 2.7809E-09 2.8476E-09 2.9032E-09 2.9580E-09 3.0133E-09 3.0666E-09 3.1126E-09 3.1540E-09 3.1907E-09 3.2243E-09 3.2552E-09 3.2868E-09 3.3182E-09 3.3349E-09 3.3336E-09 3.3287E-09 3.3169E-09 3.3001E-09 3.2758E-09
1.4209E-09 1.4393E-09 1.4575E-09 1.4780E-09 1.4960E-09 1.5138E-09 1.5315E-09 1.5489E-09 1.5661E-09 1.5831E-09 1.5998E-09 1.6222E-09 1.6387E-09 1.6549E-09 1.6771E-09 1.6930E-09 1.7086E-09 1.7304E-09 1.7457E-09 1.7606E-09 1.7818E-09 1.8037E-09 1.8182E-09 1.8376E-09 1.8717E-09 1.9145E-09 1.9347E-09 1.9761E-09 2.0172E-09 2.0531E-09 2.1184E-09 2.1697E-09 2.2102E-09 2.2520E-09 2.3103E-09 2.3705E-09 2.4480E-09 2.4985E-09 2.5697E-09 2.6206E-09 2.6647E-09 2.7126E-09 2.7588E-09 2.8013E-09 2.8405E-09 2.8760E-09 2.9029E-09 2.9237E-09 2.9405E-09 2.9573E-09 2.9793E-09 2.9899E-09 2.9941E-09 2.9916E-09 2.9868E-09 2.9739E-09 2.9569E-09
1.3903E-09 1.4105E-09 1.4283E-09 1.4460E-09 1.4659E-09 1.4834E-09 1.5006E-09 1.5177E-09 1.5345E-09 1.5511E-09 1.5675E-09 1.5836E-09 1.6054E-09 1.6212E-09 1.6368E-09 1.6582E-09 1.6735E-09 1.6884E-09 1.7094E-09 1.7240E-09 1.7382E-09 1.7586E-09 1.7797E-09 1.7935E-09 1.8069E-09 1.8365E-09 1.8609E-09 1.9007E-09 1.9384E-09 1.9676E-09 1.9952E-09 2.0260E-09 2.0879E-09 2.1180E-09 2.1742E-09 2.2111E-09 2.2606E-09 2.3050E-09 2.3440E-09 2.3849E-09 2.4446E-09 2.4814E-09 2.5132E-09 2.5639E-09 2.5958E-09 2.6234E-09 2.6508E-09 2.6768E-09 2.6977E-09 2.7146E-09 2.7296E-09 2.7349E-09 2.7335E-09 2.7275E-09 2.7176E-09 2.7057E-09 2.6860E-09
1.3622E-09 1.3797E-09 1.3993E-09 1.4167E-09 1.4338E-09 1.4531E-09 1.4700E-09 1.4867E-09 1.5032E-09 1.5194E-09 1.5354E-09 1.5511E-09 1.5666E-09 1.5878E-09 1.6030E-09 1.6179E-09 1.6387E-09 1.6532E-09 1.6675E-09 1.6877E-09 1.7016E-09 1.7151E-09 1.7283E-09 1.7550E-09 1.7680E-09 1.7806E-09 1.7932E-09 1.8226E-09 1.8444E-09 1.8826E-09 1.9183E-09 1.9458E-09 1.9652E-09 1.9997E-09 2.0264E-09 2.0741E-09 2.1320E-09 2.1606E-09 2.2023E-09 2.2355E-09 2.2694E-09 2.2973E-09 2.3242E-09 2.3466E-09 2.3681E-09 2.3861E-09 2.3992E-09 2.4149E-09 2.4278E-09 2.4429E-09 2.4614E-09 2.4718E-09 2.4757E-09 2.4751E-09 2.4714E-09 2.4620E-09 2.4492E-09
1.3343E-09 1.3514E-09 1.3684E-09 1.3875E-09 1.4043E-09 1.4209E-09 1.4396E-09 1.4560E-09 1.4721E-09 1.4879E-09 1.5036E-09 1.5189E-09 1.5341E-09 1.5489E-09 1.5694E-09 1.5840E-09 1.5983E-09 1.6183E-09 1.6323E-09 1.6458E-09 1.6653E-09 1.6785E-09 1.6913E-09 1.7037E-09 1.7295E-09 1.7417E-09 1.7536E-09 1.7651E-09 1.7840E-09 1.8033E-09 1.8224E-09 1.8603E-09 1.9015E-09 1.9184E-09 1.9352E-09 1.9603E-09 1.9785E-09 1.9993E-09 2.0517E-09 2.0852E-09 2.1295E-09 2.1506E-09 2.1767E-09 2.1970E-09 2.2171E-09 2.2345E-09 2.2480E-09 2.2606E-09 2.2694E-09 2.2766E-09 2.2853E-09 2.2883E-09 2.2887E-09 2.2855E-09 2.2809E-09 2.2720E-09 2.2606E-09
1.3046E-09 1.3234E-09 1.3400E-09 1.3564E-09 1.3750E-09 1.3912E-09 1.4073E-09 1.4255E-09 1.4412E-09 1.4567E-09 1.4720E-09 1.4870E-09 1.5018E-09 1.5163E-09 1.5305E-09 1.5504E-09 1.5643E-09 1.5779E-09 1.5973E-09 1.6106E-09 1.6235E-09 1.6422E-09 1.6547E-09 1.6668E-09 1.6785E-09 1.6962E-09 1.7148E-09 1.7260E-09 1.7367E-09 1.7470E-09 1.7645E-09 1.7790E-09 1.7954E-09 1.8310E-09 1.8540E-09 1.8860E-09 1.9087E-09 1.9222E-09 1.9348E-09 1.9465E-09 1.9689E-09 1.9852E-09 2.0110E-09 2.0453E-09 2.0583E-09 2.0903E-09 2.1026E-09 2.1131E-09 2.1230E-09 2.1321E-09 2.1422E-09 2.1462E-09 2.1454E-09 2.1431E-09 2.0957E-09 2.0912E-09 2.0834E-09
1.2772E-09 1.2935E-09 1.3118E-09 1.3279E-09 1.3438E-09 1.3618E-09 1.3775E-09 1.3930E-09 1.4106E-09 1.4258E-09 1.4407E-09 1.4554E-09 1.4698E-09 1.4840E-09 1.4979E-09 1.5115E-09 1.5307E-09 1.5440E-09 1.5570E-09 1.5756E-09 1.5882E-09 1.6005E-09 1.6124E-09 1.6302E-09 1.6416E-09 1.6526E-09 1.6633E-09 1.6873E-09 1.6977E-09 1.7076E-09 1.7172E-09 1.7337E-09 1.7427E-09 1.7512E-09 1.7638E-09 1.7768E-09 1.8166E-09 1.8480E-09 1.8691E-09 1.8797E-09 1.8883E-09 1.8961E-09 1.9049E-09 1.9243E-09 1.9431E-09 1.9508E-09 1.9576E-09 1.9621E-09 1.9660E-09 1.9692E-09 1.9740E-09 1.9788E-09 1.9806E-09 1.9813E-09 1.9792E-09 1.9737E-09 1.9672E-09
1.2502E-09 1.2660E-09 1.2818E-09 1.2996E-09 1.3152E-09 1.3305E-09 1.3480E-09 1.3632E-09 1.3781E-09 1.3951E-09 1.4097E-09 1.4241E-09 1.4382E-09 1.4520E-09 1.4656E-09 1.4789E-09 1.4919E-09 1.5104E-09 1.5231E-09 1.5354E-09 1.5533E-09 1.5653E-09 1.5769E-09 1.5881E-09 1.6051E-09 1.6159E-09 1.6262E-09 1.6362E-09 1.6528E-09 1.6688E-09 1.6780E-09 1.6869E-09 1.6952E-09 1.7107E-09 1.7184E-09 1.7257E-09 1.7324E-09 1.7390E-09 1.7559E-09 1.7840E-09 1.8011E-09 1.8089E-09 1.8337E-09 1.8396E-09 1.8439E-09 1.8496E-09 1.8633E-09 1.8777E-09 1.8815E-09 1.8834E-09 1.8853E-09 1.8855E-09 1.8833E-09 1.8800E-09 1.8759E-09 1.8705E-09 1.8644E-09
1.2213E-09 1.2388E-09 1.2542E-09 1.2695E-09 1.2868E-09 1.3018E-09 1.3167E-09 1.3336E-09 1.3482E-09 1.3625E-09 1.3790E-09 1.3930E-09 1.4068E-09 1.4203E-09 1.4336E-09 1.4465E-09 1.4592E-09 1.4716E-09 1.4895E-09 1.5015E-09 1.5132E-09 1.5246E-09 1.5417E-09 1.5527E-09 1.5632E-09 1.5734E-09 1.5896E-09 1.5992E-09 1.6085E-09 1.6174E-09 1.6330E-09 1.6480E-09 1.6561E-09 1.6637E-09 1.6709E-09 1.6852E-09 1.6918E-09 1.6978E-09 1.7033E-09 1.7084E-09 1.7129E-09 1.7248E-09 1.7371E-09 1.7406E-09 1.7434E-09 1.7458E-09 1.7475E-09 1.7679E-09 1.7696E-09 1.7718E-09 1.7625E-09 1.7727E-09 1.7732E-09 1.7727E-09 1.7708E-09 1.7682E-09 1.7648E-09
1.1948E-09 1.2099E-09 1.2270E-09 1.2419E-09 1.2566E-09 1.2734E-09 1.2879E-09 1.3022E-09 1.3186E-09 1.3326E-09 1.3464E-09 1.3623E-09 1.3758E-09 1.3889E-09 1.4019E-09 1.4145E-09 1.4269E-09 1.4390E-09 1.4508E-09 1.4680E-09 1.4794E-09 1.4905E-09 1.5013E-09 1.5177E-09 1.5280E-09 1.5379E-09 1.5475E-09 1.5628E-09 1.5718E-09 1.5804E-09 1.5886E-09 1.5964E-09 1.6110E-09 1.6248E-09 1.6318E-09 1.6383E-09 1.6444E-09 1.6575E-09 1.6628E-09 1.6677E-09 1.6720E-09 1.6759E-09 1.6792E-09 1.6820E-09 1.6921E-09 1.7028E-09 1.7044E-09 1.7055E-09 1.7060E-09 1.7059E-09 1.7053E-09 1.7040E-09 1.7028E-09 1.7013E-09 1.6991E-09 1.6966E-09 1.6935E-09
