Assets/Resources/2015_m01_d16_0500(utc+0800)_l00_csi_1hr_conc.grd
DSAA
         159         159
     -79.000      79.000
     -79.000      79.000
  0.1074E-10  0.7217E-05
[rows 50 to 74 of 159, columns 0 to 56 of 159]
1.2806E-10 1.3316E-10 1.3832E-10 1.4375E-10 1.4923E-10 1.5512E-10 1.6131E-10 1.6791E-10 1.7572E-10 1.8559E-10 2.0116E-10 2.1911E-10 2.3637E-10 2.5290E-10 2.6820E-10 2.8565E-10 3.0384E-10 3.2397E-10 3.4269E-10 3.6073E-10 3.7771E-10 3.9696E-10 4.2066E-10 4.5082E-10 4.8365E-10 5.1780E-10 5.4934E-10 5.7965E-10 6.1077E-10 6.4245E-10 6.7704E-10 7.1195E-10 7.4913E-10 7.8819E-10 8.2862E-10 8.7158E-10 9.1600E-10 9.6321E-10 1.0120E-09 1.0636E-09 1.1164E-09 1.1760E-09 1.2459E-09 1.3167E-09 1.3912E-09 1.4645E-09 1.5390E-09 1.6164E-09 1.6978E-09 1.7828E-09 1.8708E-09 1.9632E-09 2.0589E-09 2.1590E-09 2.2625E-09 2.3701E-09 2.4824E-09
1.2781E-10 1.3280E-10 1.3794E-10 1.4337E-10 1.4895E-10 1.5495E-10 1.6090E-10 1.6750E-10 1.7607E-10 1.8812E-10 2.0325E-10 2.2130E-10 2.3829E-10 2.5441E-10 2.7077E-10 2.8684E-10 3.0717E-10 3.2559E-10 3.4529E-10 3.6243E-10 3.8054E-10 4.0086E-10 4.2685E-10 4.5822E-10 4.9252E-10 5.2537E-10 5.5648E-10 5.8678E-10 6.1824E-10 6.5057E-10 6.8515E-10 7.2135E-10 7.5877E-10 7.9926E-10 8.4060E-10 8.8395E-10 9.3001E-10 9.7771E-10 1.0282E-09 1.0805E-09 1.1352E-09 1.2011E-09 1.2713E-09 1.3466E-09 1.4192E-09 1.4935E-09 1.5696E-09 1.6503E-09 1.7336E-09 1.8211E-09 1.9118E-09 2.0071E-09 2.1058E-09 2.2090E-09 2.3152E-09 2.4269E-09 2.5422E-09
1.2741E-10 1.3239E-10 1.3764E-10 1.4294E-10 1.4851E-10 1.5451E-10 1.6068E-10 1.6705E-10 1.7732E-10 1.8873E-10 2.0661E-10 2.2213E-10 2.4050E-10 2.5541E-10 2.7173E-10 2.8990E-10 3.0914E-10 3.2899E-10 3.4743E-10 3.6444E-10 3.8286E-10 4.0563E-10 4.3422E-10 4.6612E-10 5.0131E-10 5.3241E-10 5.6307E-10 5.9358E-10 6.2490E-10 6.5914E-10 6.9373E-10 7.3063E-10 7.6944E-10 8.0966E-10 8.5245E-10 8.9676E-10 9.4391E-10 9.9270E-10 1.0444E-09 1.0973E-09 1.1577E-09 1.2271E-09 1.2988E-09 1.3732E-09 1.4471E-09 1.5224E-09 1.6007E-09 1.6831E-09 1.7694E-09 1.8589E-09 1.9529E-09 2.0505E-09 2.1527E-09 2.2585E-09 2.3687E-09 2.4839E-09 2.6028E-09
1.2698E-10 1.3195E-10 1.3719E-10 1.4248E-10 1.4827E-10 1.5402E-10 1.6018E-10 1.6654E-10 1.7761E-10 1.8914E-10 2.0807E-10 2.2485E-10 2.4181E-10 2.5733E-10 2.7320E-10 2.9142E-10 3.1077E-10 3.3035E-10 3.4876E-10 3.6647E-10 3.8623E-10 4.0962E-10 4.4068E-10 4.7390E-10 5.0746E-10 5.3936E-10 5.6922E-10 6.0025E-10 6.3216E-10 6.6635E-10 7.0218E-10 7.3926E-10 7.7944E-10 8.2050E-10 8.6416E-10 9.0950E-10 9.5766E-10 1.0075E-09 1.0598E-09 1.1146E-09 1.1810E-09 1.2498E-09 1.3261E-09 1.3992E-09 1.4739E-09 1.5507E-09 1.6316E-09 1.7165E-09 1.8046E-09 1.8971E-09 1.9934E-09 2.0944E-09 2.1990E-09 2.3080E-09 2.4222E-09 2.5402E-09 2.6634E-09
1.2651E-10 1.3147E-10 1.3669E-10 1.4208E-10 1.4775E-10 1.5349E-10 1.5964E-10 1.6746E-10 1.7715E-10 1.9254E-10 2.0918E-10 2.2623E-10 2.4324E-10 2.5884E-10 2.7559E-10 2.9375E-10 3.1337E-10 3.3212E-10 3.5042E-10 3.6879E-10 3.8864E-10 4.1671E-10 4.4685E-10 4.8139E-10 5.1456E-10 5.4456E-10 5.7524E-10 6.0609E-10 6.3984E-10 6.7399E-10 7.0993E-10 7.4886E-10 7.8872E-10 8.3117E-10 8.7518E-10 9.2208E-10 9.7067E-10 1.0222E-09 1.0750E-09 1.1348E-09 1.2011E-09 1.2757E-09 1.3506E-09 1.4249E-09 1.5001E-09 1.5794E-09 1.6625E-09 1.7496E-09 1.8401E-09 1.9353E-09 2.0342E-09 2.1381E-09 2.2457E-09 2.3580E-09 2.4755E-09 2.5970E-09 2.7233E-09
1.2612E-10 1.3106E-10 1.3616E-10 1.4153E-10 1.4719E-10 1.5314E-10 1.5905E-10 1.6786E-10 1.7878E-10 1.9344E-10 2.1100E-10 2.2849E-10 2.4405E-10 2.5966E-10 2.7684E-10 2.9488E-10 3.1436E-10 3.3350E-10 3.5248E-10 3.7134E-10 3.9281E-10 4.2151E-10 4.5535E-10 4.8848E-10 5.2079E-10 5.5063E-10 5.8039E-10 6.1249E-10 6.4615E-10 6.8147E-10 7.1806E-10 7.5720E-10 7.9840E-10 8.4111E-10 8.8663E-10 9.3387E-10 9.8406E-10 1.0361E-09 1.0907E-09 1.1534E-09 1.2248E-09 1.2981E-09 1.3745E-09 1.4489E-09 1.5265E-09 1.6073E-09 1.6932E-09 1.7820E-09 1.8754E-09 1.9726E-09 2.0749E-09 2.1810E-09 2.2916E-09 2.4077E-09 2.5279E-09 2.6536E-09 2.7837E-09
1.2558E-10 1.3051E-10 1.3559E-10 1.4094E-10 1.4659E-10 1.5253E-10 1.5842E-10 1.6869E-10 1.7920E-10 1.9603E-10 2.1166E-10 2.2982E-10 2.4551E-10 2.6084E-10 2.7779E-10 2.9744E-10 3.1616E-10 3.3523E-10 3.5351E-10 3.7351E-10 3.9743E-10 4.2738E-10 4.6088E-10 4.9515E-10 5.2580E-10 5.5514E-10 5.8613E-10 6.1803E-10 6.5286E-10 6.8823E-10 7.2660E-10 7.6594E-10 8.0787E-10 8.5141E-10 8.9786E-10 9.4605E-10 9.9721E-10 1.0497E-09 1.1062E-09 1.1741E-09 1.2458E-09 1.3232E-09 1.3968E-09 1.4731E-09 1.5521E-09 1.6360E-09 1.7229E-09 1.8145E-09 1.9098E-09 2.0102E-09 2.1146E-09 2.2241E-09 2.3378E-09 2.4565E-09 2.5806E-09 2.7092E-09 2.8437E-09
1.2500E-10 1.2991E-10 1.3509E-10 1.4032E-10 1.4594E-10 1.5187E-10 1.5796E-10 1.6879E-10 1.8095E-10 1.9707E-10 2.1345E-10 2.2996E-10 2.4587E-10 2.6222E-10 2.7860E-10 2.9827E-10 3.1749E-10 3.3690E-10 3.5535E-10 3.7611E-10 4.0233E-10 4.3426E-10 4.6797E-10 5.0076E-10 5.3111E-10 5.6024E-10 5.9168E-10 6.2470E-10 6.5882E-10 6.9534E-10 7.3386E-10 7.7445E-10 8.1659E-10 8.6155E-10 9.0827E-10 9.5797E-10 1.0096E-09 1.0638E-09 1.1234E-09 1.1933E-09 1.2685E-09 1.3449E-09 1.4195E-09 1.4965E-09 1.5778E-09 1.6632E-09 1.7529E-09 1.8461E-09 1.9445E-09 2.0468E-09 2.1544E-09 2.2661E-09 2.3836E-09 2.5053E-09 2.6328E-09 2.7650E-09 2.9025E-09
1.2440E-10 1.2929E-10 1.3445E-10 1.3965E-10 1.4549E-10 1.5116E-10 1.5895E-10 1.6814E-10 1.8145E-10 1.9760E-10 2.1423E-10 2.3132E-10 2.4680E-10 2.6300E-10 2.8095E-10 2.9978E-10 3.1908E-10 3.3808E-10 3.5743E-10 3.7907E-10 4.0686E-10 4.4030E-10 4.7377E-10 5.0550E-10 5.3488E-10 5.6516E-10 5.9637E-10 6.2992E-10 6.6515E-10 7.0171E-10 7.4147E-10 7.8219E-10 8.2561E-10 8.7143E-10 9.1901E-10 9.6904E-10 1.0216E-09 1.0775E-09 1.1417E-09 1.2122E-09 1.2885E-09 1.3648E-09 1.4407E-09 1.5200E-09 1.6027E-09 1.6906E-09 1.7818E-09 1.8778E-09 1.9780E-09 2.0834E-09 2.1931E-09 2.3083E-09 2.4281E-09 2.5536E-09 2.6838E-09 2.8194E-09 2.9613E-09
1.2375E-10 1.2862E-10 1.3376E-10 1.3905E-10 1.4476E-10 1.5042E-10 1.5893E-10 1.6956E-10 1.8194E-10 1.9835E-10 2.1509E-10 2.3247E-10 2.4787E-10 2.6322E-10 2.8154E-10 3.0072E-10 3.2041E-10 3.3949E-10 3.5869E-10 3.8240E-10 4.1122E-10 4.4495E-10 4.7876E-10 5.0942E-10 5.3921E-10 5.6920E-10 6.0156E-10 6.3551E-10 6.7072E-10 7.0900E-10 7.4827E-10 7.9023E-10 8.3445E-10 8.8046E-10 9.2945E-10 9.8039E-10 1.0340E-09 1.0903E-09 1.1579E-09 1.2323E-09 1.3074E-09 1.3845E-09 1.4621E-09 1.5425E-09 1.6281E-09 1.7169E-09 1.8107E-09 1.9084E-09 2.0115E-09 2.1189E-09 2.2317E-09 2.3492E-09 2.4725E-09 2.6005E-09 2.7346E-09 2.8737E-09 3.0192E-09
1.2308E-10 1.2792E-10 1.3304E-10 1.3831E-10 1.4400E-10 1.4986E-10 1.5817E-10 1.6978E-10 1.8339E-10 1.9976E-10 2.1577E-10 2.3219E-10 2.4800E-10 2.6480E-10 2.8274E-10 3.0242E-10 3.2070E-10 3.4046E-10 3.6097E-10 3.8548E-10 4.1621E-10 4.5045E-10 4.8337E-10 5.1386E-10 5.4264E-10 5.7374E-10 6.0646E-10 6.4087E-10 6.7660E-10 7.1493E-10 7.5540E-10 7.9745E-10 8.4240E-10 8.8977E-10 9.3902E-10 9.9083E-10 1.0460E-09 1.1043E-09 1.1768E-09 1.2486E-09 1.3291E-09 1.4032E-09 1.4824E-09 1.5650E-09 1.6519E-09 1.7432E-09 1.8384E-09 1.9390E-09 2.0438E-09 2.1541E-09 2.2690E-09 2.3898E-09 2.5154E-09 2.6471E-09 2.7838E-09 2.9271E-09 3.0754E-09
1.2237E-10 1.2730E-10 1.3228E-10 1.3753E-10 1.4320E-10 1.4903E-10 1.5880E-10 1.6905E-10 1.8398E-10 2.0028E-10 2.1656E-10 2.3284E-10 2.4854E-10 2.6516E-10 2.8307E-10 3.0250E-10 3.2143E-10 3.4246E-10 3.6351E-10 3.8965E-10 4.2229E-10 4.5471E-10 4.8750E-10 5.1673E-10 5.4659E-10 5.7740E-10 6.1113E-10 6.4546E-10 6.8223E-10 7.2119E-10 7.6224E-10 8.0494E-10 8.5065E-10 8.9818E-10 9.4881E-10 1.0016E-09 1.0570E-09 1.1205E-09 1.1912E-09 1.2684E-09 1.3458E-09 1.4224E-09 1.5021E-09 1.5864E-09 1.6751E-09 1.7683E-09 1.8660E-09 1.9682E-09 2.0758E-09 2.1880E-09 2.3061E-09 2.4290E-09 2.5580E-09 2.6920E-09 2.8327E-09 2.9786E-09 3.1311E-09
1.2162E-10 1.2654E-10 1.3149E-10 1.3671E-10 1.4236E-10 1.4816E-10 1.5868E-10 1.7001E-10 1.8420E-10 2.0035E-10 2.1744E-10 2.3328E-10 2.4853E-10 2.6553E-10 2.8356E-10 3.0340E-10 3.2281E-10 3.4375E-10 3.6605E-10 3.9438E-10 4.2536E-10 4.5978E-10 4.9033E-10 5.2013E-10 5.4963E-10 5.8152E-10 6.1502E-10 6.5034E-10 6.8769E-10 7.2716E-10 7.6824E-10 8.1219E-10 8.5798E-10 9.0683E-10 9.5767E-10 1.0113E-09 1.0683E-09 1.1352E-09 1.2077E-09 1.2849E-09 1.3620E-09 1.4400E-09 1.5217E-09 1.6071E-09 1.6981E-09 1.7926E-09 1.8923E-09 1.9972E-09 2.1064E-09 2.2215E-09 2.3415E-09 2.4677E-09 2.5989E-09 2.7366E-09 2.8797E-09 3.0295E-09 3.1857E-09
1.2085E-10 1.2574E-10 1.3067E-10 1.3609E-10 1.4148E-10 1.4872E-10 1.5781E-10 1.6991E-10 1.8421E-10 2.0024E-10 2.1738E-10 2.3335E-10 2.4908E-10 2.6558E-10 2.8467E-10 3.0357E-10 3.2373E-10 3.4513E-10 3.6819E-10 3.9743E-10 4.3068E-10 4.6269E-10 4.9366E-10 5.2261E-10 5.5316E-10 5.8533E-10 6.1865E-10 6.5443E-10 6.9227E-10 7.3229E-10 7.7447E-10 8.1850E-10 8.6555E-10 9.1452E-10 9.6612E-10 1.0212E-09 1.0798E-09 1.1486E-09 1.2238E-09 1.3018E-09 1.3781E-09 1.4575E-09 1.5402E-09 1.6282E-09 1.7198E-09 1.8166E-09 1.9184E-09 2.0246E-09 2.1366E-09 2.2534E-09 2.3765E-09 2.5046E-09 2.6391E-09 2.7791E-09 2.9259E-09 3.0782E-09 3.2379E-09
1.2004E-10 1.2490E-10 1.2992E-10 1.3521E-10 1.4056E-10 1.4851E-10 1.5831E-10 1.6994E-10 1.8570E-10 1.9988E-10 2.1742E-10 2.3311E-10 2.4982E-10 2.6565E-10 2.8530E-10 3.0386E-10 3.2576E-10 3.4611E-10 3.7148E-10 4.0124E-10 4.3375E-10 4.6598E-10 4.9638E-10 5.2488E-10 5.5578E-10 5.8832E-10 6.2260E-10 6.5824E-10 6.9716E-10 7.3710E-10 7.7984E-10 8.2507E-10 8.7216E-10 9.2239E-10 9.7481E-10 1.0300E-09 1.0907E-09 1.1620E-09 1.2369E-09 1.3155E-09 1.3930E-09 1.4738E-09 1.5579E-09 1.6475E-09 1.7413E-09 1.8393E-09 1.9428E-09 2.0517E-09 2.1652E-09 2.2849E-09 2.4097E-09 2.5409E-09 2.6774E-09 2.8209E-09 2.9700E-09 3.1260E-09 3.2893E-09
1.1921E-10 1.2404E-10 1.2902E-10 1.3428E-10 1.3961E-10 1.4756E-10 1.5832E-10 1.6905E-10 1.8524E-10 2.0074E-10 2.1759E-10 2.3280E-10 2.4946E-10 2.6609E-10 2.8488E-10 3.0438E-10 3.2608E-10 3.4732E-10 3.7362E-10 4.0465E-10 4.3742E-10 4.6876E-10 4.9814E-10 5.2766E-10 5.5815E-10 5.9163E-10 6.2572E-10 6.6291E-10 7.0116E-10 7.4215E-10 7.8547E-10 8.3067E-10 8.7896E-10 9.2928E-10 9.8240E-10 1.0390E-09 1.1019E-09 1.1749E-09 1.2514E-09 1.3304E-09 1.4078E-09 1.4894E-09 1.5753E-09 1.6659E-09 1.7612E-09 1.8609E-09 1.9663E-09 2.0770E-09 2.1926E-09 2.3144E-09 2.4422E-09 2.5752E-09 2.7150E-09 2.8605E-09 3.0130E-09 3.1724E-09 3.3379E-09
1.1834E-10 1.2314E-10 1.2810E-10 1.3333E-10 1.3884E-10 1.4657E-10 1.5805E-10 1.7020E-10 1.8455E-10 2.0026E-10 2.1717E-10 2.3292E-10 2.4900E-10 2.6587E-10 2.8530E-10 3.0510E-10 3.2669E-10 3.4934E-10 3.7560E-10 4.0763E-10 4.3913E-10 4.7002E-10 5.0042E-10 5.2949E-10 5.6156E-10 5.9411E-10 6.2910E-10 6.6617E-10 7.0541E-10 7.4630E-10 7.9014E-10 8.3647E-10 8.8476E-10 9.3571E-10 9.9017E-10 1.0478E-09 1.1137E-09 1.1866E-09 1.2634E-09 1.3428E-09 1.4213E-09 1.5041E-09 1.5914E-09 1.6839E-09 1.7802E-09 1.8821E-09 1.9893E-09 2.1012E-09 2.2193E-09 2.3427E-09 2.4726E-09 2.6079E-09 2.7502E-09 2.8990E-09 3.0536E-09 3.2159E-09 3.3854E-09
1.1744E-10 1.2222E-10 1.2714E-10 1.3234E-10 1.3782E-10 1.4697E-10 1.5705E-10 1.7013E-10 1.8433E-10 1.9992E-10 2.1634E-10 2.3317E-10 2.4857E-10 2.6628E-10 2.8498E-10 3.0507E-10 3.2800E-10 3.5008E-10 3.7775E-10 4.0921E-10 4.4253E-10 4.7303E-10 5.0176E-10 5.3179E-10 5.6347E-10 5.9687E-10 6.3166E-10 6.6969E-10 7.0876E-10 7.5063E-10 7.9502E-10 8.4128E-10 8.9070E-10 9.4233E-10 9.9680E-10 1.0562E-09 1.1229E-09 1.1979E-09 1.2758E-09 1.3544E-09 1.4345E-09 1.5185E-09 1.6065E-09 1.7005E-09 1.7982E-09 1.9016E-09 2.0105E-09 2.1247E-09 2.2441E-09 2.3701E-09 2.5015E-09 2.6396E-09 2.7837E-09 2.9350E-09 3.0922E-09 3.2583E-09 3.4298E-09
1.1663E-10 1.2126E-10 1.2615E-10 1.3131E-10 1.3676E-10 1.4592E-10 1.5638E-10 1.7003E-10 1.8370E-10 1.9966E-10 2.1594E-10 2.3231E-10 2.4774E-10 2.6549E-10 2.8477E-10 3.0534E-10 3.2844E-10 3.5278E-10 3.8080E-10 4.1198E-10 4.4422E-10 4.7497E-10 5.0286E-10 5.3315E-10 5.6510E-10 5.9881E-10 6.3502E-10 6.7230E-10 7.1232E-10 7.5466E-10 7.9890E-10 8.4623E-10 8.9561E-10 9.4782E-10 1.0035E-09 1.0640E-09 1.1331E-09 1.2074E-09 1.2866E-09 1.3652E-09 1.4464E-09 1.5315E-09 1.6213E-09 1.7160E-09 1.8156E-09 1.9206E-09 2.0304E-09 2.1463E-09 2.2675E-09 2.3954E-09 2.5294E-09 2.6690E-09 2.8160E-09 2.9690E-09 3.1304E-09 3.2975E-09 3.4727E-09
1.1568E-10 1.2027E-10 1.2513E-10 1.3026E-10 1.3567E-10 1.4553E-10 1.5669E-10 1.6899E-10 1.8333E-10 2.0005E-10 2.1553E-10 2.3192E-10 2.4721E-10 2.6500E-10 2.8437E-10 3.0622E-10 3.2833E-10 3.5354E-10 3.8206E-10 4.1310E-10 4.4464E-10 4.7564E-10 5.0445E-10 5.3425E-10 5.6703E-10 6.0044E-10 6.3698E-10 6.7458E-10 7.1496E-10 7.5771E-10 8.0295E-10 8.5016E-10 9.0004E-10 9.5342E-10 1.0091E-09 1.0713E-09 1.1416E-09 1.2168E-09 1.2970E-09 1.3752E-09 1.4573E-09 1.5436E-09 1.6350E-09 1.7304E-09 1.8313E-09 1.9377E-09 2.0495E-09 2.1665E-09 2.2900E-09 2.4190E-09 2.5549E-09 2.6965E-09 2.8457E-09 3.0016E-09 3.1647E-09 3.3352E-09 3.5132E-09
1.1470E-10 1.1926E-10 1.2408E-10 1.2917E-10 1.3600E-10 1.4463E-10 1.5558E-10 1.6809E-10 1.8280E-10 1.9932E-10 2.1548E-10 2.3089E-10 2.4734E-10 2.6438E-10 2.8387E-10 3.0639E-10 3.2990E-10 3.5398E-10 3.8269E-10 4.1653E-10 4.4594E-10 4.7608E-10 5.0509E-10 5.3578E-10 5.6811E-10 6.0232E-10 6.3860E-10 6.7708E-10 7.1722E-10 7.6034E-10 8.0599E-10 8.5363E-10 9.0461E-10 9.5787E-10 1.0156E-09 1.0780E-09 1.1500E-09 1.2246E-09 1.3053E-09 1.3848E-09 1.4679E-09 1.5546E-09 1.6471E-09 1.7442E-09 1.8458E-09 1.9535E-09 2.0667E-09 2.1852E-09 2.3103E-09 2.4416E-09 2.5786E-09 2.7229E-09 2.8733E-09 3.0313E-09 3.1966E-09 3.3696E-09 3.5508E-09
1.1369E-10 1.1822E-10 1.2300E-10 1.2806E-10 1.3486E-10 1.4348E-10 1.5580E-10 1.6732E-10 1.8168E-10 1.9820E-10 2.1468E-10 2.2978E-10 2.4645E-10 2.6406E-10 2.8431E-10 3.0544E-10 3.3004E-10 3.5514E-10 3.8327E-10 4.1657E-10 4.4717E-10 4.7703E-10 5.0547E-10 5.3695E-10 5.6891E-10 6.0334E-10 6.4046E-10 6.7865E-10 7.1964E-10 7.6316E-10 8.0858E-10 8.5718E-10 9.0804E-10 9.6238E-10 1.0201E-09 1.0844E-09 1.1568E-09 1.2332E-09 1.3127E-09 1.3930E-09 1.4770E-09 1.5646E-09 1.6581E-09 1.7562E-09 1.8590E-09 1.9679E-09 2.0824E-09 2.2028E-09 2.3288E-09 2.4617E-09 2.6004E-09 2.7464E-09 2.8994E-09 3.0586E-09 3.2270E-09 3.4012E-09 3.5849E-09
1.1266E-10 1.1715E-10 1.2189E-10 1.2691E-10 1.3368E-10 1.4229E-10 1.5462E-10 1.6613E-10 1.8067E-10 1.9701E-10 2.1350E-10 2.2930E-10 2.4580E-10 2.6309E-10 2.8337E-10 3.0598E-10 3.3105E-10 3.5629E-10 3.8571E-10 4.1621E-10 4.4698E-10 4.7701E-10 5.0631E-10 5.3726E-10 5.6996E-10 6.0405E-10 6.4141E-10 6.7985E-10 7.2112E-10 7.6495E-10 8.1128E-10 8.5968E-10 9.1092E-10 9.6571E-10 1.0248E-09 1.0893E-09 1.1623E-09 1.2390E-09 1.3192E-09 1.4003E-09 1.4851E-09 1.5735E-09 1.6680E-09 1.7671E-09 1.8714E-09 1.9815E-09 2.0966E-09 2.2183E-09 2.3456E-09 2.4799E-09 2.6208E-09 2.7678E-09 2.9225E-09 3.0835E-09 3.2539E-09 3.4310E-09 3.6169E-09
1.1161E-10 1.1606E-10 1.2076E-10 1.2574E-10 1.3248E-10 1.4246E-10 1.5340E-10 1.6610E-10 1.7978E-10 1.9576E-10 2.1277E-10 2.2836E-10 2.4453E-10 2.6266E-10 2.8212E-10 3.0581E-10 3.3001E-10 3.5633E-10 3.8540E-10 4.1634E-10 4.4815E-10 4.7674E-10 5.0618E-10 5.3729E-10 5.7015E-10 6.0554E-10 6.4201E-10 6.8123E-10 7.2281E-10 7.6630E-10 8.1294E-10 8.6166E-10 9.1389E-10 9.6844E-10 1.0290E-09 1.0939E-09 1.1675E-09 1.2458E-09 1.3249E-09 1.4066E-09 1.4922E-09 1.5819E-09 1.6766E-09 1.7766E-09 1.8819E-09 1.9930E-09 2.1092E-09 2.2320E-09 2.3613E-09 2.4962E-09 2.6384E-09 2.7877E-09 2.9432E-09 3.1076E-09 3.2780E-09 3.4570E-09 3.6449E-09
1.1053E-10 1.1494E-10 1.1960E-10 1.2454E-10 1.3196E-10 1.4121E-10 1.5213E-10 1.6483E-10 1.7882E-10 1.9463E-10 2.1144E-10 2.2701E-10 2.4354E-10 2.6160E-10 2.8198E-10 3.0587E-10 3.2999E-10 3.5719E-10 3.8622E-10 4.1723E-10 4.4753E-10 4.7695E-10 5.0579E-10 5.3759E-10 5.7004E-10 6.0559E-10 6.4224E-10 6.8166E-10 7.2346E-10 7.6778E-10 8.1410E-10 8.6311E-10 9.1567E-10 9.7162E-10 1.0321E-09 1.0969E-09 1.1716E-09 1.2500E-09 1.3310E-09 1.4120E-09 1.4981E-09 1.5885E-09 1.6840E-09 1.7848E-09 1.8909E-09 2.0029E-09 2.1201E-09 2.2440E-09 2.3743E-09 2.5105E-09 2.6539E-09 2.8045E-09 2.9614E-09 3.1273E-09 3.3002E-09 3.4810E-09 3.6697E-09
