Assets/Resources/2015_m01_d08_1200(utc+0800)_l00_csi_1hr_conc.grd
DSAA
         159         159
     -79.000      79.000
     -79.000      79.000
  0.7789E-10  0.3653E-05
[rows 0 to 24 of 159, columns 0 to 56 of 159]
7.9967E-11 8.4972E-11 8.9304E-11 9.3840E-11 9.9032E-11 1.0398E-10 1.0915E-10 1.1499E-10 1.2062E-10 1.2732E-10 1.3333E-10 1.4047E-10 1.4979E-10 1.5713E-10 1.6600E-10 1.7519E-10 1.8279E-10 1.9066E-10 1.9881E-10 2.0724E-10 2.1595E-10 2.2495E-10 2.3426E-10 2.4387E-10 2.5378E-10 2.6402E-10 2.7457E-10 2.8612E-10 2.9801E-10 3.0964E-10 3.2226E-10 3.3464E-10 3.4807E-10 3.6120E-10 3.7541E-10 3.9000E-10 4.0505E-10 4.2050E-10 4.3783E-10 4.5356E-10 4.7367E-10 4.9088E-10 5.1231E-10 5.3219E-10 5.5378E-10 5.7619E-10 5.9918E-10 6.2335E-10 6.4913E-10 6.7607E-10 7.0297E-10 7.2947E-10 7.5577E-10 7.8409E-10 8.1189E-10 8.3817E-10 8.6587E-10
8.1364E-11 8.6024E-11 9.0861E-11 9.5486E-11 1.0029E-10 1.0579E-10 1.1103E-10 1.1698E-10 1.2268E-10 1.2940E-10 1.3589E-10 1.4474E-10 1.5191E-10 1.6097E-10 1.6883E-10 1.7781E-10 1.8554E-10 1.9354E-10 2.0182E-10 2.1039E-10 2.1925E-10 2.2840E-10 2.3786E-10 2.4763E-10 2.5772E-10 2.6812E-10 2.7951E-10 2.9062E-10 3.0274E-10 3.1521E-10 3.2744E-10 3.4072E-10 3.5372E-10 3.6779E-10 3.8224E-10 3.9716E-10 4.1248E-10 4.2864E-10 4.4531E-10 4.6425E-10 4.8281E-10 5.0375E-10 5.2356E-10 5.4547E-10 5.6825E-10 5.9050E-10 6.1633E-10 6.4100E-10 6.6763E-10 6.9505E-10 7.2132E-10 7.4867E-10 7.7758E-10 8.0439E-10 8.3178E-10 8.5889E-10 8.8745E-10
8.2768E-11 8.7059E-11 9.1967E-11 9.7101E-11 1.0200E-10 1.0711E-10 1.1290E-10 1.1848E-10 1.2513E-10 1.3109E-10 1.3858E-10 1.4749E-10 1.5635E-10 1.6366E-10 1.7284E-10 1.8042E-10 1.8827E-10 1.9640E-10 2.0482E-10 2.1352E-10 2.2253E-10 2.3183E-10 2.4145E-10 2.5138E-10 2.6163E-10 2.7285E-10 2.8381E-10 2.9576E-10 3.0744E-10 3.2014E-10 3.3327E-10 3.4612E-10 3.6004E-10 3.7369E-10 3.8912E-10 4.0364E-10 4.2031E-10 4.3685E-10 4.5495E-10 4.7410E-10 4.9492E-10 5.1464E-10 5.3648E-10 5.5923E-10 5.8313E-10 6.0732E-10 6.3362E-10 6.6155E-10 6.8751E-10 7.1431E-10 7.4139E-10 7.7016E-10 7.9628E-10 8.2389E-10 8.5212E-10 8.8099E-10 9.0957E-10
8.4178E-11 8.8513E-11 9.3518E-11 9.8264E-11 1.0323E-10 1.0888E-10 1.1429E-10 1.1995E-10 1.2709E-10 1.3353E-10 1.4234E-10 1.4986E-10 1.5889E-10 1.6633E-10 1.7530E-10 1.8300E-10 1.9098E-10 1.9924E-10 2.0779E-10 2.1663E-10 2.2578E-10 2.3523E-10 2.4500E-10 2.5509E-10 2.6551E-10 2.7694E-10 2.8871E-10 3.0024E-10 3.1277E-10 3.2505E-10 3.3842E-10 3.5217E-10 3.6567E-10 3.8093E-10 3.9531E-10 4.1182E-10 4.2821E-10 4.4615E-10 4.6516E-10 4.8585E-10 5.0546E-10 5.2880E-10 5.5033E-10 5.7376E-10 5.9794E-10 6.2425E-10 6.5226E-10 6.7827E-10 7.0602E-10 7.3237E-10 7.6130E-10 7.8844E-10 8.1624E-10 8.4472E-10 8.7296E-10 9.0269E-10 9.3306E-10
8.5131E-11 8.9971E-11 9.4599E-11 9.9870E-11 1.0492E-10 1.1018E-10 1.1616E-10 1.2226E-10 1.2866E-10 1.3609E-10 1.4495E-10 1.5378E-10 1.6105E-10 1.7020E-10 1.7775E-10 1.8556E-10 1.9366E-10 2.0205E-10 2.1073E-10 2.1971E-10 2.2900E-10 2.3860E-10 2.4853E-10 2.5878E-10 2.7002E-10 2.8099E-10 2.9297E-10 3.0532E-10 3.1744E-10 3.3063E-10 3.4354E-10 3.5754E-10 3.7195E-10 3.8684E-10 4.0317E-10 4.1940E-10 4.3717E-10 4.5602E-10 4.7654E-10 4.9603E-10 5.1926E-10 5.4069E-10 5.6443E-10 5.8856E-10 6.1615E-10 6.4253E-10 6.6857E-10 6.9677E-10 7.2494E-10 7.5188E-10 7.7916E-10 8.0713E-10 8.3580E-10 8.6425E-10 8.9424E-10 9.2492E-10 9.5627E-10
8.6065E-11 9.0971E-11 9.6107E-11 1.0100E-10 1.0658E-10 1.1193E-10 1.1752E-10 1.2421E-10 1.3097E-10 1.3973E-10 1.4719E-10 1.5618E-10 1.6512E-10 1.7251E-10 1.8016E-10 1.8810E-10 1.9632E-10 2.0483E-10 2.1364E-10 2.2276E-10 2.3219E-10 2.4194E-10 2.5202E-10 2.6307E-10 2.7386E-10 2.8565E-10 2.9720E-10 3.0976E-10 3.2276E-10 3.3550E-10 3.4931E-10 3.6288E-10 3.7825E-10 3.9338E-10 4.1044E-10 4.2701E-10 4.4670E-10 4.6601E-10 4.8637E-10 5.0946E-10 5.3077E-10 5.5443E-10 5.7848E-10 6.0689E-10 6.3240E-10 6.5843E-10 6.8668E-10 7.1491E-10 7.4278E-10 7.6930E-10 7.9829E-10 8.2625E-10 8.5575E-10 8.8599E-10 9.1694E-10 9.4770E-10 9.8000E-10
8.7419E-11 9.2418E-11 9.7156E-11 1.0259E-10 1.0777E-10 1.1369E-10 1.1971E-10 1.2604E-10 1.3340E-10 1.4220E-10 1.5097E-10 1.5818E-10 1.6729E-10 1.7478E-10 1.8255E-10 1.9060E-10 1.9894E-10 2.0758E-10 2.1652E-10 2.2578E-10 2.3535E-10 2.4525E-10 2.5548E-10 2.6671E-10 2.7830E-10 2.8966E-10 3.0203E-10 3.1416E-10 3.2738E-10 3.4100E-10 3.5439E-10 3.6955E-10 3.8384E-10 4.0031E-10 4.1667E-10 4.3720E-10 4.5527E-10 4.7651E-10 4.9836E-10 5.2059E-10 5.4572E-10 5.6851E-10 5.9642E-10 6.2188E-10 6.4953E-10 6.7613E-10 7.0439E-10 7.3230E-10 7.5976E-10 7.8799E-10 8.1607E-10 8.4574E-10 8.7617E-10 9.0737E-10 9.3925E-10 9.7187E-10 1.0043E-09
8.8774E-11 9.3387E-11 9.8650E-11 1.0369E-10 1.0942E-10 1.1493E-10 1.2154E-10 1.2822E-10 1.3691E-10 1.4429E-10 1.5323E-10 1.6211E-10 1.6944E-10 1.7703E-10 1.8491E-10 1.9307E-10 2.0153E-10 2.1030E-10 2.1937E-10 2.2876E-10 2.3847E-10 2.4852E-10 2.5954E-10 2.7031E-10 2.8210E-10 2.9363E-10 3.0620E-10 3.1921E-10 3.3197E-10 3.4582E-10 3.6010E-10 3.7487E-10 3.9111E-10 4.0727E-10 4.2583E-10 4.4432E-10 4.6541E-10 4.8812E-10 5.1017E-10 5.3516E-10 5.5781E-10 5.8562E-10 6.1099E-10 6.3943E-10 6.6601E-10 6.9339E-10 7.2132E-10 7.4882E-10 7.7713E-10 8.0615E-10 8.3597E-10 8.6659E-10 8.9708E-10 9.2920E-10 9.6210E-10 9.9530E-10 1.0297E-09
9.0125E-11 9.4785E-11 9.9665E-11 1.0524E-10 1.1106E-10 1.1700E-10 1.2325E-10 1.3052E-10 1.3924E-10 1.4794E-10 1.5546E-10 1.6413E-10 1.7155E-10 1.7925E-10 1.8723E-10 1.9551E-10 2.0409E-10 2.1298E-10 2.2218E-10 2.3170E-10 2.4155E-10 2.5174E-10 2.6294E-10 2.7451E-10 2.8584E-10 2.9820E-10 3.1100E-10 3.2355E-10 3.3719E-10 3.5125E-10 3.6581E-10 3.8081E-10 3.9777E-10 4.1569E-10 4.3435E-10 4.5520E-10 4.7658E-10 4.9954E-10 5.2324E-10 5.4684E-10 5.7450E-10 5.9975E-10 6.2811E-10 6.5462E-10 6.8195E-10 7.0985E-10 7.3825E-10 7.6570E-10 7.9479E-10 8.2470E-10 8.5545E-10 8.8696E-10 9.1930E-10 9.5199E-10 9.8502E-10 1.0197E-09 1.0547E-09
9.1006E-11 9.6176E-11 1.0114E-10 1.0630E-10 1.1220E-10 1.1871E-10 1.2493E-10 1.3389E-10 1.4120E-10 1.5005E-10 1.5886E-10 1.6611E-10 1.7363E-10 1.8143E-10 1.8953E-10 1.9792E-10 2.0661E-10 2.1562E-10 2.2495E-10 2.3460E-10 2.4459E-10 2.5557E-10 2.6630E-10 2.7805E-10 2.9018E-10 3.0210E-10 3.1510E-10 3.2852E-10 3.4171E-10 3.5669E-10 3.7080E-10 3.8817E-10 4.0483E-10 4.2425E-10 4.4382E-10 4.6599E-10 4.8754E-10 5.1221E-10 5.3408E-10 5.6187E-10 5.8703E-10 6.1642E-10 6.4283E-10 6.7007E-10 6.9792E-10 7.2630E-10 7.5374E-10 7.8285E-10 8.1372E-10 8.4368E-10 8.7531E-10 9.0781E-10 9.4069E-10 9.7482E-10 1.0089E-09 1.0442E-09 1.0803E-09
9.1863E-11 9.7097E-11 1.0257E-10 1.0781E-10 1.1331E-10 1.2029E-10 1.2698E-10 1.3572E-10 1.4470E-10 1.5175E-10 1.6071E-10 1.6805E-10 1.7567E-10 1.8358E-10 1.9178E-10 2.0028E-10 2.0910E-10 2.1822E-10 2.2768E-10 2.3746E-10 2.4822E-10 2.5874E-10 2.7026E-10 2.8154E-10 2.9386E-10 3.0663E-10 3.1916E-10 3.3278E-10 3.4684E-10 3.6141E-10 3.7747E-10 3.9386E-10 4.1193E-10 4.3228E-10 4.5487E-10 4.7618E-10 4.9901E-10 5.2263E-10 5.5020E-10 5.7518E-10 6.0440E-10 6.3067E-10 6.5864E-10 6.8642E-10 7.1388E-10 7.4127E-10 7.7126E-10 8.0129E-10 8.3128E-10 8.6299E-10 8.9561E-10 9.2865E-10 9.6298E-10 9.9772E-10 1.0328E-09 1.0697E-09 1.1065E-09
9.3148E-11 9.7992E-11 1.0353E-10 1.0933E-10 1.1525E-10 1.2186E-10 1.3070E-10 1.3791E-10 1.4666E-10 1.5538E-10 1.6254E-10 1.6997E-10 1.7768E-10 1.8569E-10 1.9400E-10 2.0261E-10 2.1154E-10 2.2078E-10 2.3036E-10 2.4027E-10 2.5119E-10 2.6185E-10 2.7354E-10 2.8562E-10 2.9748E-10 3.1045E-10 3.2383E-10 3.3699E-10 3.5197E-10 3.6674E-10 3.8389E-10 4.0168E-10 4.2130E-10 4.4139E-10 4.6355E-10 4.8761E-10 5.1055E-10 5.3828E-10 5.6305E-10 5.9206E-10 6.1817E-10 6.4598E-10 6.7363E-10 7.0100E-10 7.2832E-10 7.5827E-10 7.8828E-10 8.1827E-10 8.5093E-10 8.8319E-10 9.1676E-10 9.5037E-10 9.8529E-10 1.0211E-09 1.0578E-09 1.0949E-09 1.1333E-09
9.4424E-11 9.9344E-11 1.0447E-10 1.1033E-10 1.1720E-10 1.2340E-10 1.3202E-10 1.4126E-10 1.4821E-10 1.5708E-10 1.6432E-10 1.7184E-10 1.7966E-10 1.8776E-10 1.9617E-10 2.0489E-10 2.1393E-10 2.2330E-10 2.3300E-10 2.4367E-10 2.5411E-10 2.6556E-10 2.7677E-10 2.8902E-10 3.0174E-10 3.1421E-10 3.2780E-10 3.4250E-10 3.5637E-10 3.7349E-10 3.9036E-10 4.0920E-10 4.3046E-10 4.5081E-10 4.7605E-10 4.9872E-10 5.2496E-10 5.5068E-10 5.7824E-10 6.0534E-10 6.3176E-10 6.6046E-10 6.8770E-10 7.1577E-10 7.4478E-10 7.7474E-10 8.0558E-10 8.3738E-10 8.6967E-10 9.0331E-10 9.3701E-10 9.7207E-10 1.0085E-09 1.0450E-09 1.0823E-09 1.1210E-09 1.1611E-09
9.5226E-11 1.0065E-10 1.0585E-10 1.1131E-10 1.1826E-10 1.2698E-10 1.3406E-10 1.4270E-10 1.5169E-10 1.5874E-10 1.6607E-10 1.7368E-10 1.8159E-10 1.8979E-10 1.9830E-10 2.0713E-10 2.1628E-10 2.2576E-10 2.3558E-10 2.4640E-10 2.5760E-10 2.6858E-10 2.8059E-10 2.9304E-10 3.0527E-10 3.1860E-10 3.3236E-10 3.4664E-10 3.6242E-10 3.7896E-10 3.9679E-10 4.1807E-10 4.3949E-10 4.6282E-10 4.8528E-10 5.1106E-10 5.3773E-10 5.6414E-10 5.9187E-10 6.1721E-10 6.4692E-10 6.7400E-10 7.0193E-10 7.3082E-10 7.6070E-10 7.9146E-10 8.2323E-10 8.5551E-10 8.8918E-10 9.2338E-10 9.5808E-10 9.9465E-10 1.0313E-09 1.0693E-09 1.1078E-09 1.1482E-09 1.1885E-09
9.6002E-11 1.0149E-10 1.0724E-10 1.1311E-10 1.1968E-10 1.2854E-10 1.3727E-10 1.4449E-10 1.5323E-10 1.6037E-10 1.6778E-10 1.7548E-10 1.8348E-10 1.9178E-10 2.0039E-10 2.0932E-10 2.1858E-10 2.2817E-10 2.3875E-10 2.4908E-10 2.6043E-10 2.7155E-10 2.8372E-10 2.9635E-10 3.0874E-10 3.2226E-10 3.3691E-10 3.5071E-10 3.6822E-10 3.8613E-10 4.0557E-10 4.2705E-10 4.4998E-10 4.7318E-10 4.9746E-10 5.2494E-10 5.4989E-10 5.7849E-10 6.0274E-10 6.3305E-10 6.5993E-10 6.8769E-10 7.1731E-10 7.4617E-10 7.7683E-10 8.0851E-10 8.4074E-10 8.7440E-10 9.0861E-10 9.4382E-10 9.8002E-10 1.0168E-09 1.0549E-09 1.0946E-09 1.1343E-09 1.1750E-09 1.2171E-09
9.7232E-11 1.0230E-10 1.0811E-10 1.1492E-10 1.2146E-10 1.3007E-10 1.3894E-10 1.4780E-10 1.5474E-10 1.6195E-10 1.6945E-10 1.7724E-10 1.8532E-10 1.9372E-10 2.0243E-10 2.1146E-10 2.2083E-10 2.3054E-10 2.4125E-10 2.5233E-10 2.6321E-10 2.7511E-10 2.8747E-10 2.9960E-10 3.1284E-10 3.2652E-10 3.4073E-10 3.5684E-10 3.7407E-10 3.9342E-10 4.1421E-10 4.3463E-10 4.6097E-10 4.8405E-10 5.1078E-10 5.3577E-10 5.6365E-10 5.8887E-10 6.1887E-10 6.4553E-10 6.7307E-10 7.0251E-10 7.3119E-10 7.6170E-10 7.9327E-10 8.2540E-10 8.5900E-10 8.9318E-10 9.2838E-10 9.6462E-10 1.0014E-09 1.0397E-09 1.0795E-09 1.1194E-09 1.1608E-09 1.2028E-09 1.2467E-09
9.7962E-11 1.0355E-10 1.0932E-10 1.1622E-10 1.2492E-10 1.3197E-10 1.4059E-10 1.4919E-10 1.5621E-10 1.6350E-10 1.7108E-10 1.7895E-10 1.8713E-10 1.9561E-10 2.0442E-10 2.1355E-10 2.2302E-10 2.3347E-10 2.4369E-10 2.5492E-10 2.6592E-10 2.7797E-10 2.9050E-10 3.0278E-10 3.1619E-10 3.3076E-10 3.4514E-10 3.6236E-10 3.7985E-10 4.0012E-10 4.2238E-10 4.4672E-10 4.6829E-10 4.9651E-10 5.2035E-10 5.4865E-10 5.7476E-10 6.0322E-10 6.3082E-10 6.5811E-10 6.8732E-10 7.1579E-10 7.4612E-10 7.7797E-10 8.0952E-10 8.4301E-10 8.7711E-10 9.1271E-10 9.4850E-10 9.8578E-10 1.0237E-09 1.0636E-09 1.1037E-09 1.1452E-09 1.1879E-09 1.2316E-09 1.2760E-09
9.9128E-11 1.0480E-10 1.1061E-10 1.1749E-10 1.2594E-10 1.3503E-10 1.4221E-10 1.5055E-10 1.5764E-10 1.6500E-10 1.7266E-10 1.8062E-10 1.8888E-10 1.9746E-10 2.0636E-10 2.1559E-10 2.2516E-10 2.3574E-10 2.4607E-10 2.5744E-10 2.6921E-10 2.8145E-10 2.9346E-10 3.0658E-10 3.2016E-10 3.3426E-10 3.5135E-10 3.6786E-10 3.8836E-10 4.0913E-10 4.3184E-10 4.5483E-10 4.7938E-10 5.0681E-10 5.3469E-10 5.6045E-10 5.8736E-10 6.1583E-10 6.4198E-10 6.7179E-10 7.0002E-10 7.3012E-10 7.6177E-10 7.9401E-10 8.2647E-10 8.6044E-10 8.9595E-10 9.3167E-10 9.6892E-10 1.0068E-09 1.0468E-09 1.0870E-09 1.1287E-09 1.1720E-09 1.2155E-09 1.2601E-09 1.3067E-09
9.9808E-11 1.0554E-10 1.1228E-10 1.2032E-10 1.2732E-10 1.3616E-10 1.4499E-10 1.5187E-10 1.5902E-10 1.6646E-10 1.7420E-10 1.8224E-10 1.9058E-10 1.9925E-10 2.0824E-10 2.1757E-10 2.2724E-10 2.3795E-10 2.4903E-10 2.5989E-10 2.7181E-10 2.8420E-10 2.9702E-10 3.0964E-10 3.2408E-10 3.3976E-10 3.5550E-10 3.7481E-10 3.9631E-10 4.1846E-10 4.4211E-10 4.6586E-10 4.9159E-10 5.1738E-10 5.4561E-10 5.7042E-10 6.0061E-10 6.2645E-10 6.5594E-10 6.8389E-10 7.1373E-10 7.4513E-10 7.7716E-10 8.0941E-10 8.4321E-10 8.7858E-10 9.1418E-10 9.5135E-10 9.9013E-10 1.0292E-09 1.0694E-09 1.1112E-09 1.1546E-09 1.1983E-09 1.2436E-09 1.2901E-09 1.3377E-09
1.0094E-10 1.0662E-10 1.1344E-10 1.2208E-10 1.3061E-10 1.3763E-10 1.4619E-10 1.5314E-10 1.6036E-10 1.6788E-10 1.7569E-10 1.8380E-10 1.9223E-10 2.0099E-10 2.1007E-10 2.1949E-10 2.2991E-10 2.4009E-10 2.5131E-10 2.6293E-10 2.7502E-10 2.8688E-10 2.9986E-10 3.1330E-10 3.2726E-10 3.4467E-10 3.6068E-10 3.8153E-10 4.0277E-10 4.2820E-10 4.5119E-10 4.7670E-10 5.0323E-10 5.2978E-10 5.5543E-10 5.8517E-10 6.1068E-10 6.3894E-10 6.6746E-10 6.9699E-10 7.2811E-10 7.5987E-10 7.9188E-10 8.2546E-10 8.6063E-10 8.9607E-10 9.3311E-10 9.7179E-10 1.0108E-09 1.0509E-09 1.0928E-09 1.1363E-09 1.1801E-09 1.2256E-09 1.2723E-09 1.3202E-09 1.3688E-09
1.0206E-10 1.0777E-10 1.1495E-10 1.2333E-10 1.3197E-10 1.4063E-10 1.4736E-10 1.5437E-10 1.6166E-10 1.6925E-10 1.7713E-10 1.8532E-10 1.9383E-10 2.0267E-10 2.1184E-10 2.2135E-10 2.3189E-10 2.4281E-10 2.5351E-10 2.6527E-10 2.7750E-10 2.8949E-10 3.0262E-10 3.1691E-10 3.3246E-10 3.4846E-10 3.6772E-10 3.8881E-10 4.1250E-10 4.3517E-10 4.6059E-10 4.8615E-10 5.1389E-10 5.4030E-10 5.6716E-10 5.9471E-10 6.2259E-10 6.5075E-10 6.7993E-10 7.1028E-10 7.4218E-10 7.7391E-10 8.0722E-10 8.4215E-10 8.7738E-10 9.1423E-10 9.5276E-10 9.9163E-10 1.0317E-09 1.0735E-09 1.1170E-09 1.1609E-09 1.2065E-09 1.2533E-09 1.3015E-09 1.3508E-09 1.4014E-09
1.0266E-10 1.0930E-10 1.1725E-10 1.2455E-10 1.3331E-10 1.4169E-10 1.4849E-10 1.5556E-10 1.6292E-10 1.7057E-10 1.7852E-10 1.8679E-10 1.9538E-10 2.0429E-10 2.1355E-10 2.2379E-10 2.3380E-10 2.4484E-10 2.5629E-10 2.6753E-10 2.7990E-10 2.9271E-10 3.0598E-10 3.1978E-10 3.3705E-10 3.5375E-10 3.7571E-10 3.9844E-10 4.2163E-10 4.4500E-10 4.7037E-10 4.9677E-10 5.2423E-10 5.5060E-10 5.7857E-10 6.0603E-10 6.3381E-10 6.6261E-10 6.9259E-10 7.2326E-10 7.5554E-10 7.8854E-10 8.2319E-10 8.5814E-10 8.9476E-10 9.3308E-10 9.7178E-10 1.0117E-09 1.0539E-09 1.0969E-09 1.1407E-09 1.1864E-09 1.2338E-09 1.2816E-09 1.3311E-09 1.3820E-09 1.4342E-09
1.0323E-10 1.1032E-10 1.1886E-10 1.2731E-10 1.3462E-10 1.4272E-10 1.4957E-10 1.5670E-10 1.6412E-10 1.7184E-10 1.7986E-10 1.8820E-10 1.9686E-10 2.0586E-10 2.1520E-10 2.2555E-10 2.3628E-10 2.4681E-10 2.5837E-10 2.7042E-10 2.8223E-10 2.9518E-10 3.0929E-10 3.2507E-10 3.4159E-10 3.6002E-10 3.8150E-10 4.0635E-10 4.2994E-10 4.5501E-10 4.8118E-10 5.0738E-10 5.3361E-10 5.6230E-10 5.8846E-10 6.1667E-10 6.4419E-10 6.7463E-10 7.0492E-10 7.3682E-10 7.6947E-10 8.0377E-10 8.3842E-10 8.7475E-10 9.1281E-10 9.5127E-10 9.9101E-10 1.0330E-09 1.0759E-09 1.1197E-09 1.1652E-09 1.2127E-09 1.2605E-09 1.3102E-09 1.3613E-09 1.4137E-09 1.4674E-09
1.0415E-10 1.1131E-10 1.1995E-10 1.2851E-10 1.3707E-10 1.4370E-10 1.5061E-10 1.5780E-10 1.6528E-10 1.7306E-10 1.8115E-10 1.8956E-10 1.9829E-10 2.0736E-10 2.1678E-10 2.2723E-10 2.3808E-10 2.4933E-10 2.6038E-10 2.7255E-10 2.8516E-10 2.9823E-10 3.1223E-10 3.2931E-10 3.4589E-10 3.6734E-10 3.9000E-10 4.1316E-10 4.3852E-10 4.6610E-10 4.8976E-10 5.1696E-10 5.4352E-10 5.7077E-10 5.9937E-10 6.2645E-10 6.5645E-10 6.8631E-10 7.1779E-10 7.5005E-10 7.8396E-10 8.1825E-10 8.5424E-10 8.9152E-10 9.3016E-10 9.6964E-10 1.0114E-09 1.0541E-09 1.0977E-09 1.1432E-09 1.1906E-09 1.2384E-09 1.2882E-09 1.3393E-09 1.3919E-09 1.4459E-09 1.5013E-09
1.0552E-10 1.1384E-10 1.2102E-10 1.2967E-10 1.3796E-10 1.4464E-10 1.5160E-10 1.5884E-10 1.6638E-10 1.7422E-10 1.8238E-10 1.9085E-10 1.9966E-10 2.0881E-10 2.1895E-10 2.2885E-10 2.3980E-10 2.5116E-10 2.6300E-10 2.7460E-10 2.8734E-10 3.0124E-10 3.1580E-10 3.3354E-10 3.5302E-10 3.7445E-10 3.9758E-10 4.2151E-10 4.4621E-10 4.7333E-10 5.0030E-10 5.2717E-10 5.5388E-10 5.8195E-10 6.0857E-10 6.3807E-10 6.6747E-10 6.9850E-10 7.3032E-10 7.6336E-10 7.9769E-10 8.3329E-10 8.7019E-10 9.0849E-10 9.4766E-10 9.8913E-10 1.0316E-09 1.0750E-09 1.1203E-09 1.1675E-09 1.2153E-09 1.2650E-09 1.3162E-09 1.3689E-09 1.4230E-09 1.4787E-09 1.5352E-09
