Assets/Resources/2015_m01_d14_0700(utc+0800)_l00_csi_1hr_conc.grd
DSAA
         159         159
     -79.000      79.000
     -79.000      79.000
  0.0000E+00  0.9660E-05
[rows 25 to 49 of 159, columns 0 to 56 of 159]
2.2760E-09 2.3337E-09 2.3873E-09 2.4407E-09 2.4995E-09 2.5507E-09 2.6074E-09 2.6606E-09 2.7135E-09 2.7678E-09 2.8197E-09 2.8713E-09 2.9241E-09 2.9741E-09 3.0235E-09 3.0740E-09 3.1210E-09 3.1674E-09 3.2147E-09 3.2582E-09 3.3032E-09 3.3439E-09 3.3831E-09 3.4237E-09 3.4599E-09 3.4964E-09 3.5294E-09 3.5608E-09 3.5896E-09 3.6229E-09 3.6488E-09 3.6740E-09 3.6990E-09 3.7193E-09 3.7375E-09 3.7511E-09 3.7646E-09 3.7737E-09 3.7811E-09 3.7856E-09 3.7868E-09 3.7861E-09 3.7835E-09 3.7776E-09 3.7681E-09 3.7567E-09 3.7435E-09 3.7276E-09 3.7079E-09 3.6853E-09 3.6605E-09 3.6334E-09 3.6036E-09 3.5706E-09 3.5365E-09 3.5000E-09 3.4609E-09
2.3303E-09 2.3856E-09 2.4387E-09 2.4992E-09 2.5548E-09 2.6103E-09 2.6668E-09 2.7244E-09 2.7793E-09 2.8356E-09 2.8898E-09 2.9453E-09 2.9982E-09 3.0506E-09 3.1041E-09 3.1542E-09 3.2039E-09 3.2546E-09 3.3015E-09 3.3500E-09 3.3943E-09 3.4373E-09 3.4815E-09 3.5216E-09 3.5620E-09 3.5989E-09 3.6343E-09 3.6673E-09 3.7007E-09 3.7347E-09 3.7604E-09 3.7903E-09 3.8181E-09 3.8380E-09 3.8586E-09 3.8743E-09 3.8900E-09 3.9017E-09 3.9106E-09 3.9163E-09 3.9203E-09 3.9219E-09 3.9201E-09 3.9150E-09 3.9084E-09 3.8994E-09 3.8872E-09 3.8713E-09 3.8531E-09 3.8327E-09 3.8096E-09 3.7831E-09 3.7545E-09 3.7244E-09 3.6916E-09 3.6552E-09 3.6152E-09
2.3777E-09 2.4348E-09 2.4971E-09 2.5547E-09 2.6098E-09 2.6707E-09 2.7281E-09 2.7854E-09 2.8442E-09 2.9033E-09 2.9596E-09 3.0148E-09 3.0725E-09 3.1269E-09 3.1822E-09 3.2351E-09 3.2890E-09 3.3393E-09 3.3913E-09 3.4371E-09 3.4858E-09 3.5338E-09 3.5777E-09 3.6220E-09 3.6628E-09 3.7023E-09 3.7395E-09 3.7771E-09 3.8110E-09 3.8451E-09 3.8756E-09 3.9085E-09 3.9359E-09 3.9582E-09 3.9815E-09 3.9990E-09 4.0177E-09 4.0333E-09 4.0440E-09 4.0529E-09 4.0592E-09 4.0621E-09 4.0622E-09 4.0607E-09 4.0566E-09 4.0489E-09 4.0378E-09 4.0247E-09 4.0092E-09 3.9906E-09 3.9686E-09 3.9457E-09 3.9203E-09 3.8919E-09 3.8590E-09 3.8239E-09 3.7873E-09
2.4268E-09 2.4834E-09 2.5478E-09 2.6072E-09 2.6701E-09 2.7297E-09 2.7892E-09 2.8503E-09 2.9093E-09 2.9682E-09 3.0286E-09 3.0864E-09 3.1464E-09 3.2026E-09 3.2606E-09 3.3157E-09 3.3693E-09 3.4268E-09 3.4762E-09 3.5285E-09 3.5773E-09 3.6279E-09 3.6739E-09 3.7207E-09 3.7643E-09 3.8059E-09 3.8476E-09 3.8857E-09 3.9195E-09 3.9590E-09 3.9922E-09 4.0247E-09 4.0552E-09 4.0801E-09 4.1051E-09 4.1257E-09 4.1470E-09 4.1645E-09 4.1781E-09 4.1891E-09 4.1969E-09 4.2019E-09 4.2054E-09 4.2059E-09 4.2027E-09 4.1965E-09 4.1885E-09 4.1777E-09 4.1635E-09 4.1464E-09 4.1284E-09 4.1076E-09 4.0829E-09 4.0542E-09 4.0247E-09 3.9927E-09 3.9577E-09
2.4730E-09 2.5390E-09 2.6002E-09 2.6592E-09 2.7241E-09 2.7856E-09 2.8496E-09 2.9128E-09 2.9741E-09 3.0370E-09 3.0976E-09 3.1578E-09 3.2194E-09 3.2778E-09 3.3361E-09 3.3955E-09 3.4514E-09 3.5092E-09 3.5629E-09 3.6154E-09 3.6696E-09 3.7218E-09 3.7702E-09 3.8176E-09 3.8659E-09 3.9095E-09 3.9516E-09 3.9923E-09 4.0313E-09 4.0739E-09 4.1064E-09 4.1425E-09 4.1758E-09 4.2021E-09 4.2308E-09 4.2540E-09 4.2772E-09 4.2979E-09 4.3139E-09 4.3268E-09 4.3368E-09 4.3454E-09 4.3508E-09 4.3524E-09 4.3515E-09 4.3486E-09 4.3427E-09 4.3331E-09 4.3217E-09 4.3088E-09 4.2930E-09 4.2722E-09 4.2493E-09 4.2251E-09 4.1979E-09 4.1668E-09 4.1323E-09
2.5201E-09 2.5864E-09 2.6495E-09 2.7163E-09 2.7797E-09 2.8434E-09 2.9088E-09 2.9723E-09 3.0382E-09 3.1032E-09 3.1661E-09 3.2285E-09 3.2898E-09 3.3531E-09 3.4157E-09 3.4749E-09 3.5360E-09 3.5932E-09 3.6493E-09 3.7072E-09 3.7632E-09 3.8157E-09 3.8668E-09 3.9192E-09 3.9672E-09 4.0136E-09 4.0586E-09 4.1020E-09 4.1438E-09 4.1863E-09 4.2221E-09 4.2609E-09 4.2961E-09 4.3259E-09 4.3577E-09 4.3828E-09 4.4090E-09 4.4327E-09 4.4508E-09 4.4661E-09 4.4799E-09 4.4905E-09 4.4971E-09 4.5018E-09 4.5042E-09 4.5035E-09 4.4989E-09 4.4932E-09 4.4857E-09 4.4748E-09 4.4591E-09 4.4425E-09 4.4236E-09 4.4016E-09 4.3747E-09 4.3474E-09 4.3187E-09
2.5705E-09 2.6353E-09 2.6979E-09 2.7667E-09 2.8346E-09 2.9020E-09 2.9677E-09 3.0334E-09 3.1009E-09 3.1662E-09 3.2312E-09 3.2979E-09 3.3641E-09 3.4277E-09 3.4899E-09 3.5542E-09 3.6171E-09 3.6767E-09 3.7381E-09 3.7955E-09 3.8543E-09 3.9091E-09 3.9655E-09 4.0180E-09 4.0686E-09 4.1179E-09 4.1655E-09 4.2120E-09 4.2537E-09 4.2995E-09 4.3378E-09 4.3790E-09 4.4177E-09 4.4505E-09 4.4849E-09 4.5126E-09 4.5422E-09 4.5685E-09 4.5890E-09 4.6082E-09 4.6242E-09 4.6362E-09 4.6464E-09 4.6544E-09 4.6591E-09 4.6601E-09 4.6601E-09 4.6582E-09 4.6525E-09 4.6426E-09 4.6323E-09 4.6192E-09 4.6021E-09 4.5808E-09 4.5609E-09 4.5382E-09 4.5116E-09
2.6142E-09 2.6808E-09 2.7512E-09 2.8184E-09 2.8860E-09 2.9555E-09 3.0257E-09 3.0935E-09 3.1631E-09 3.2307E-09 3.3000E-09 3.3663E-09 3.4328E-09 3.5007E-09 3.5681E-09 3.6322E-09 3.6951E-09 3.7600E-09 3.8212E-09 3.8835E-09 3.9446E-09 4.0000E-09 4.0616E-09 4.1162E-09 4.1698E-09 4.2218E-09 4.2727E-09 4.3193E-09 4.3636E-09 4.4127E-09 4.4534E-09 4.4974E-09 4.5399E-09 4.5755E-09 4.6124E-09 4.6434E-09 4.6760E-09 4.7049E-09 4.7296E-09 4.7512E-09 4.7687E-09 4.7847E-09 4.7984E-09 4.8086E-09 4.8155E-09 4.8212E-09 4.8253E-09 4.8253E-09 4.8216E-09 4.8175E-09 4.8106E-09 4.7989E-09 4.7848E-09 4.7714E-09 4.7551E-09 4.7332E-09 4.7077E-09
2.6591E-09 2.7251E-09 2.7974E-09 2.8666E-09 2.9404E-09 3.0102E-09 3.0801E-09 3.1519E-09 3.2243E-09 3.2941E-09 3.3630E-09 3.4342E-09 3.5051E-09 3.5728E-09 3.6404E-09 3.7090E-09 3.7744E-09 3.8420E-09 3.9079E-09 3.9704E-09 4.0319E-09 4.0951E-09 4.1540E-09 4.2116E-09 4.2681E-09 4.3257E-09 4.3771E-09 4.4260E-09 4.4736E-09 4.5256E-09 4.5682E-09 4.6165E-09 4.6627E-09 4.6999E-09 4.7407E-09 4.7748E-09 4.8098E-09 4.8434E-09 4.8707E-09 4.8940E-09 4.9157E-09 4.9353E-09 4.9514E-09 4.9642E-09 4.9757E-09 4.9860E-09 4.9921E-09 4.9948E-09 4.9971E-09 4.9965E-09 4.9909E-09 4.9840E-09 4.9774E-09 4.9681E-09 4.9517E-09 4.9358E-09 4.9214E-09
2.7003E-09 2.7740E-09 2.8448E-09 2.9160E-09 2.9893E-09 3.0636E-09 3.1355E-09 3.2095E-09 3.2816E-09 3.3555E-09 3.4267E-09 3.5009E-09 3.5713E-09 3.6441E-09 3.7136E-09 3.7824E-09 3.8531E-09 3.9225E-09 3.9912E-09 4.0564E-09 4.1231E-09 4.1865E-09 4.2481E-09 4.3088E-09 4.3681E-09 4.4265E-09 4.4805E-09 4.5326E-09 4.5828E-09 4.6372E-09 4.6836E-09 4.7358E-09 4.7839E-09 4.8248E-09 4.8694E-09 4.9056E-09 4.9452E-09 4.9820E-09 5.0113E-09 5.0387E-09 5.0643E-09 5.0864E-09 5.1054E-09 5.1228E-09 5.1393E-09 5.1519E-09 5.1611E-09 5.1701E-09 5.1759E-09 5.1769E-09 5.1771E-09 5.1777E-09 5.1749E-09 5.1655E-09 5.1591E-09 5.1526E-09 5.1427E-09
2.7400E-09 2.8157E-09 2.8883E-09 2.9657E-09 3.0392E-09 3.1130E-09 3.1889E-09 3.2657E-09 3.3399E-09 3.4135E-09 3.4895E-09 3.5653E-09 3.6382E-09 3.7113E-09 3.7853E-09 3.8593E-09 3.9300E-09 4.0020E-09 4.0707E-09 4.1408E-09 4.2108E-09 4.2767E-09 4.3413E-09 4.4048E-09 4.4674E-09 4.5263E-09 4.5830E-09 4.6380E-09 4.6907E-09 4.7486E-09 4.7988E-09 4.8535E-09 4.9051E-09 4.9496E-09 4.9971E-09 5.0370E-09 5.0804E-09 5.1199E-09 5.1530E-09 5.1847E-09 5.2130E-09 5.2381E-09 5.2613E-09 5.2843E-09 5.3038E-09 5.3196E-09 5.3351E-09 5.3478E-09 5.3556E-09 5.3630E-09 5.3709E-09 5.3752E-09 5.3733E-09 5.3760E-09 5.3778E-09 5.3744E-09 5.3643E-09
2.7817E-09 2.8581E-09 2.9326E-09 3.0095E-09 3.0849E-09 3.1632E-09 3.2413E-09 3.3176E-09 3.3960E-09 3.4743E-09 3.5506E-09 3.6261E-09 3.7041E-09 3.7810E-09 3.8553E-09 3.9297E-09 4.0050E-09 4.0796E-09 4.1511E-09 4.2245E-09 4.2945E-09 4.3627E-09 4.4330E-09 4.4997E-09 4.5631E-09 4.6246E-09 4.6844E-09 4.7423E-09 4.7973E-09 4.8593E-09 4.9128E-09 4.9702E-09 5.0260E-09 5.0736E-09 5.1245E-09 5.1682E-09 5.2148E-09 5.2579E-09 5.2957E-09 5.3305E-09 5.3617E-09 5.3913E-09 5.4202E-09 5.4465E-09 5.4693E-09 5.4914E-09 5.5110E-09 5.5261E-09 5.5402E-09 5.5558E-09 5.5678E-09 5.5737E-09 5.5849E-09 5.5955E-09 5.5996E-09 5.5996E-09 5.6075E-09
2.8207E-09 2.8964E-09 2.9770E-09 3.0540E-09 3.1314E-09 3.2091E-09 3.2892E-09 3.3702E-09 3.4481E-09 3.5287E-09 3.6093E-09 3.6898E-09 3.7652E-09 3.8446E-09 3.9242E-09 4.0026E-09 4.0806E-09 4.1533E-09 4.2297E-09 4.3060E-09 4.3785E-09 4.4502E-09 4.5209E-09 4.5907E-09 4.6571E-09 4.7215E-09 4.7843E-09 4.8444E-09 4.9029E-09 4.9694E-09 5.0247E-09 5.0860E-09 5.1461E-09 5.1962E-09 5.2516E-09 5.2985E-09 5.3481E-09 5.3966E-09 5.4380E-09 5.4755E-09 5.5114E-09 5.5462E-09 5.5792E-09 5.6093E-09 5.6378E-09 5.6645E-09 5.6872E-09 5.7079E-09 5.7312E-09 5.7513E-09 5.7651E-09 5.7845E-09 5.8040E-09 5.8163E-09 5.8267E-09 5.8452E-09 5.8622E-09
2.8554E-09 2.9353E-09 3.0153E-09 3.0940E-09 3.1759E-09 3.2576E-09 3.3378E-09 3.4203E-09 3.5008E-09 3.5837E-09 3.6638E-09 3.7467E-09 3.8287E-09 3.9082E-09 3.9880E-09 4.0691E-09 4.1496E-09 4.2270E-09 4.3090E-09 4.3833E-09 4.4583E-09 4.5354E-09 4.6092E-09 4.6801E-09 4.7492E-09 4.8164E-09 4.8819E-09 4.9451E-09 5.0076E-09 5.0770E-09 5.1349E-09 5.2011E-09 5.2641E-09 5.3179E-09 5.3775E-09 5.4268E-09 5.4819E-09 5.5348E-09 5.5787E-09 5.6209E-09 5.6613E-09 5.7013E-09 5.7387E-09 5.7734E-09 5.8074E-09 5.8379E-09 5.8654E-09 5.8958E-09 5.9242E-09 5.9462E-09 5.9734E-09 6.0018E-09 6.0230E-09 6.0434E-09 6.0723E-09 6.0993E-09 6.1156E-09
2.8904E-09 2.9696E-09 3.0539E-09 3.1345E-09 3.2157E-09 3.2994E-09 3.3841E-09 3.4660E-09 3.5508E-09 3.6358E-09 3.7188E-09 3.8011E-09 3.8854E-09 3.9703E-09 4.0542E-09 4.1353E-09 4.2161E-09 4.2986E-09 4.3813E-09 4.4603E-09 4.5385E-09 4.6162E-09 4.6932E-09 4.7671E-09 4.8388E-09 4.9093E-09 4.9774E-09 5.0438E-09 5.1100E-09 5.1821E-09 5.2441E-09 5.3140E-09 5.3803E-09 5.4383E-09 5.5011E-09 5.5547E-09 5.6147E-09 5.6708E-09 5.7192E-09 5.7659E-09 5.8118E-09 5.8567E-09 5.8978E-09 5.9388E-09 5.9772E-09 6.0116E-09 6.0486E-09 6.0853E-09 6.1160E-09 6.1502E-09 6.1874E-09 6.2183E-09 6.2479E-09 6.2869E-09 6.3241E-09 6.3510E-09 6.3867E-09
2.9210E-09 3.0061E-09 3.0878E-09 3.1702E-09 3.2577E-09 3.3414E-09 3.4255E-09 3.5093E-09 3.5989E-09 3.6834E-09 3.7706E-09 3.8574E-09 3.9425E-09 4.0269E-09 4.1132E-09 4.1993E-09 4.2849E-09 4.3703E-09 4.4509E-09 4.5324E-09 4.6163E-09 4.6969E-09 4.7749E-09 4.8515E-09 4.9261E-09 4.9993E-09 5.0704E-09 5.1410E-09 5.2097E-09 5.2849E-09 5.3513E-09 5.4242E-09 5.4950E-09 5.5565E-09 5.6229E-09 5.6815E-09 5.7453E-09 5.8055E-09 5.8588E-09 5.9103E-09 5.9617E-09 6.0105E-09 6.0579E-09 6.1040E-09 6.1460E-09 6.1887E-09 6.2338E-09 6.2736E-09 6.3136E-09 6.3597E-09 6.4009E-09 6.4389E-09 6.4875E-09 6.5353E-09 6.5735E-09 6.6216E-09 6.6731E-09
2.9492E-09 3.0360E-09 3.1194E-09 3.2060E-09 3.2928E-09 3.3783E-09 3.4664E-09 3.5528E-09 3.6417E-09 3.7282E-09 3.8178E-09 3.9067E-09 3.9963E-09 4.0853E-09 4.1718E-09 4.2580E-09 4.3461E-09 4.4346E-09 4.5200E-09 4.6069E-09 4.6889E-09 4.7726E-09 4.8538E-09 4.9326E-09 5.0105E-09 5.0865E-09 5.1610E-09 5.2350E-09 5.3061E-09 5.3862E-09 5.4556E-09 5.5319E-09 5.6074E-09 5.6716E-09 5.7434E-09 5.8060E-09 5.8734E-09 5.9391E-09 5.9968E-09 6.0538E-09 6.1106E-09 6.1640E-09 6.2173E-09 6.2673E-09 6.3159E-09 6.3682E-09 6.4176E-09 6.4637E-09 6.5176E-09 6.5695E-09 6.6156E-09 6.6726E-09 6.7312E-09 6.7809E-09 6.8402E-09 6.9044E-09 6.9622E-09
2.9793E-09 3.0659E-09 3.1509E-09 3.2367E-09 3.3253E-09 3.4152E-09 3.5024E-09 3.5956E-09 3.6839E-09 3.7752E-09 3.8618E-09 3.9529E-09 4.0449E-09 4.1362E-09 4.2273E-09 4.3184E-09 4.4068E-09 4.4958E-09 4.5833E-09 4.6735E-09 4.7607E-09 4.8455E-09 4.9292E-09 5.0109E-09 5.0917E-09 5.1705E-09 5.2488E-09 5.3256E-09 5.3997E-09 5.4843E-09 5.5564E-09 5.6374E-09 5.7165E-09 5.7846E-09 5.8616E-09 5.9272E-09 5.9996E-09 6.0705E-09 6.1329E-09 6.1965E-09 6.2570E-09 6.3166E-09 6.3750E-09 6.4299E-09 6.4880E-09 6.5465E-09 6.6004E-09 6.6600E-09 6.7221E-09 6.7772E-09 6.8409E-09 6.9104E-09 6.9718E-09 7.0406E-09 7.1172E-09 7.1880E-09 7.2582E-09
3.0050E-09 3.0907E-09 3.1772E-09 3.2672E-09 3.3575E-09 3.4466E-09 3.5383E-09 3.6307E-09 3.7208E-09 3.8142E-09 3.9073E-09 4.0013E-09 4.0925E-09 4.1838E-09 4.2774E-09 4.3708E-09 4.4645E-09 4.5558E-09 4.6460E-09 4.7369E-09 4.8268E-09 4.9149E-09 5.0006E-09 5.0857E-09 5.1693E-09 5.2513E-09 5.3330E-09 5.4124E-09 5.4908E-09 5.5787E-09 5.6539E-09 5.7394E-09 5.8221E-09 5.8951E-09 5.9762E-09 6.0453E-09 6.1233E-09 6.1990E-09 6.2678E-09 6.3362E-09 6.4015E-09 6.4674E-09 6.5300E-09 6.5927E-09 6.6596E-09 6.7220E-09 6.7861E-09 6.8573E-09 6.9228E-09 6.9916E-09 7.0711E-09 7.1447E-09 7.2217E-09 7.3100E-09 7.3942E-09 7.4770E-09 7.5761E-09
3.0256E-09 3.1127E-09 3.2032E-09 3.2942E-09 3.3868E-09 3.4770E-09 3.5684E-09 3.6626E-09 3.7575E-09 3.8500E-09 3.9450E-09 4.0412E-09 4.1369E-09 4.2304E-09 4.3285E-09 4.4197E-09 4.5162E-09 4.6097E-09 4.7054E-09 4.7989E-09 4.8896E-09 4.9803E-09 5.0685E-09 5.1568E-09 5.2428E-09 5.3284E-09 5.4132E-09 5.4957E-09 5.5779E-09 5.6690E-09 5.7483E-09 5.8375E-09 5.9245E-09 6.0020E-09 6.0867E-09 6.1608E-09 6.2439E-09 6.3245E-09 6.4001E-09 6.4723E-09 6.5443E-09 6.6151E-09 6.6835E-09 6.7558E-09 6.8283E-09 6.8975E-09 6.9749E-09 7.0516E-09 7.1257E-09 7.2128E-09 7.2986E-09 7.3830E-09 7.4815E-09 7.5793E-09 7.6735E-09 7.7852E-09 7.9065E-09
3.0458E-09 3.1317E-09 3.2237E-09 3.3162E-09 3.4104E-09 3.5021E-09 3.6000E-09 3.6934E-09 3.7900E-09 3.8844E-09 3.9822E-09 4.0775E-09 4.1752E-09 4.2708E-09 4.3714E-09 4.4672E-09 4.5664E-09 4.6619E-09 4.7584E-09 4.8544E-09 4.9483E-09 5.0411E-09 5.1325E-09 5.2235E-09 5.3126E-09 5.4016E-09 5.4890E-09 5.5751E-09 5.6606E-09 5.7552E-09 5.8384E-09 5.9314E-09 6.0235E-09 6.1046E-09 6.1934E-09 6.2726E-09 6.3601E-09 6.4480E-09 6.5286E-09 6.6054E-09 6.6838E-09 6.7591E-09 6.8354E-09 6.9162E-09 6.9934E-09 7.0740E-09 7.1609E-09 7.2431E-09 7.3339E-09 7.4316E-09 7.5246E-09 7.6307E-09 7.7413E-09 7.8470E-09 7.9685E-09 8.1045E-09 8.2365E-09
3.0605E-09 3.1503E-09 3.2436E-09 3.3376E-09 3.4307E-09 3.5266E-09 3.6235E-09 3.7184E-09 3.8169E-09 3.9130E-09 4.0150E-09 4.1121E-09 4.2097E-09 4.3098E-09 4.4102E-09 4.5110E-09 4.6099E-09 4.7079E-09 4.8097E-09 4.9056E-09 5.0028E-09 5.0973E-09 5.1921E-09 5.2855E-09 5.3779E-09 5.4699E-09 5.5603E-09 5.6503E-09 5.7385E-09 5.8371E-09 5.9238E-09 6.0209E-09 6.1178E-09 6.2022E-09 6.2963E-09 6.3799E-09 6.4722E-09 6.5678E-09 6.6518E-09 6.7354E-09 6.8190E-09 6.9004E-09 6.9859E-09 7.0724E-09 7.1568E-09 7.2501E-09 7.3426E-09 7.4360E-09 7.5423E-09 7.6466E-09 7.7568E-09 7.8792E-09 7.9970E-09 8.1267E-09 8.2742E-09 8.4222E-09 8.5792E-09
3.0721E-09 3.1656E-09 3.2577E-09 3.3531E-09 3.4474E-09 3.5448E-09 3.6433E-09 3.7426E-09 3.8399E-09 3.9400E-09 4.0416E-09 4.1429E-09 4.2424E-09 4.3445E-09 4.4470E-09 4.5479E-09 4.6488E-09 4.7521E-09 4.8538E-09 4.9527E-09 5.0521E-09 5.1491E-09 5.2471E-09 5.3426E-09 5.4384E-09 5.5330E-09 5.6270E-09 5.7202E-09 5.8115E-09 5.9141E-09 6.0042E-09 6.1060E-09 6.2069E-09 6.2948E-09 6.3945E-09 6.4821E-09 6.5811E-09 6.6827E-09 6.7704E-09 6.8611E-09 6.9492E-09 7.0384E-09 7.1320E-09 7.2241E-09 7.3191E-09 7.4218E-09 7.5208E-09 7.6309E-09 7.7462E-09 7.8612E-09 7.9920E-09 8.1234E-09 8.2581E-09 8.4145E-09 8.5774E-09 8.7463E-09 8.9375E-09
3.0805E-09 3.1751E-09 3.2704E-09 3.3676E-09 3.4627E-09 3.5621E-09 3.6614E-09 3.7601E-09 3.8611E-09 3.9636E-09 4.0640E-09 4.1671E-09 4.2684E-09 4.3749E-09 4.4770E-09 4.5827E-09 4.6855E-09 4.7891E-09 4.8930E-09 4.9948E-09 5.0961E-09 5.1960E-09 5.2964E-09 5.3949E-09 5.4935E-09 5.5911E-09 5.6884E-09 5.7844E-09 5.8791E-09 5.9856E-09 6.0793E-09 6.1855E-09 6.2902E-09 6.3827E-09 6.4873E-09 6.5788E-09 6.6851E-09 6.7909E-09 6.8852E-09 6.9814E-09 7.0748E-09 7.1723E-09 7.2727E-09 7.3719E-09 7.4789E-09 7.5881E-09 7.6984E-09 7.8224E-09 7.9457E-09 8.0799E-09 8.2234E-09 8.3645E-09 8.5252E-09 8.7021E-09 8.8812E-09 9.0825E-09 9.2993E-09
3.0854E-09 3.1810E-09 3.2774E-09 3.3758E-09 3.4721E-09 3.5728E-09 3.6734E-09 3.7757E-09 3.8760E-09 3.9800E-09 4.0843E-09 4.1868E-09 4.2921E-09 4.3982E-09 4.5022E-09 4.6102E-09 4.7147E-09 4.8237E-09 4.9270E-09 5.0316E-09 5.1345E-09 5.2378E-09 5.3401E-09 5.4417E-09 5.5428E-09 5.6439E-09 5.7441E-09 5.8432E-09 5.9410E-09 6.0512E-09 6.1486E-09 6.2590E-09 6.3676E-09 6.4647E-09 6.5737E-09 6.6703E-09 6.7833E-09 6.8932E-09 6.9942E-09 7.0950E-09 7.1960E-09 7.3014E-09 7.4077E-09 7.5159E-09 7.6328E-09 7.7486E-09 7.8737E-09 8.0082E-09 8.1438E-09 8.2955E-09 8.4470E-09 8.6102E-09 8.7950E-09 8.9852E-09 9.1921E-09 9.4226E-09 9.6571E-09
