Assets/Resources/2015_m01_d12_2200(utc+0800)_l00_csi_1hr_conc.grd
DSAA
         159         159
     -79.000      79.000
     -79.000      79.000
  0.0000E+00  0.4462E-05
[rows 50 to 74 of 159, columns 0 to 56 of 159]
5.7742E-09 6.0835E-09 6.3920E-09 6.6977E-09 6.9993E-09 7.2917E-09 7.5732E-09 7.8397E-09 8.0923E-09 8.3247E-09 8.5324E-09 8.7143E-09 8.8654E-09 8.9865E-09 9.0710E-09 9.1145E-09 9.1186E-09 9.0819E-09 8.9995E-09 8.8745E-09 8.7014E-09 8.4878E-09 8.2352E-09 7.9414E-09 7.6125E-09 7.2472E-09 6.8565E-09 6.4421E-09 6.0080E-09 5.5628E-09 5.1090E-09 4.6560E-09 4.2067E-09 3.7685E-09 3.3465E-09 2.9438E-09 2.5664E-09 2.2150E-09 1.8944E-09 1.6008E-09 1.3353E-09 1.0993E-09 8.8924E-10 7.0459E-10 5.5630E-10 4.3033E-10 3.1609E-10 2.1153E-10 1.4360E-10 1.0069E-10 7.2583E-11 5.1570E-11 3.9730E-11 2.8275E-11 1.6040E-11 6.1728E-12 8.6851E-13
5.9098E-09 6.2358E-09 6.5648E-09 6.8896E-09 7.2123E-09 7.5271E-09 7.8341E-09 8.1276E-09 8.4050E-09 8.6621E-09 8.8977E-09 9.1069E-09 9.2860E-09 9.4314E-09 9.5378E-09 9.6072E-09 9.6314E-09 9.6092E-09 9.5389E-09 9.4198E-09 9.2568E-09 9.0458E-09 8.7861E-09 8.4824E-09 8.1401E-09 7.7603E-09 7.3493E-09 6.9085E-09 6.4481E-09 5.9701E-09 5.4838E-09 4.9965E-09 4.5129E-09 4.0411E-09 3.5845E-09 3.1507E-09 2.7416E-09 2.3627E-09 2.0145E-09 1.7007E-09 1.4187E-09 1.1680E-09 9.4388E-10 7.4329E-10 5.7645E-10 4.4621E-10 3.3441E-10 2.2771E-10 1.4386E-10 9.9427E-11 7.0717E-11 5.1444E-11 4.0905E-11 2.9574E-11 1.7845E-11 7.3144E-12 1.2660E-12
6.0318E-09 6.3759E-09 6.7212E-09 7.0684E-09 7.4144E-09 7.7543E-09 8.0843E-09 8.4044E-09 8.7088E-09 8.9975E-09 9.2607E-09 9.4997E-09 9.7078E-09 9.8825E-09 1.0018E-08 1.0111E-08 1.0153E-08 1.0149E-08 1.0096E-08 9.9908E-09 9.8339E-09 9.6205E-09 9.3620E-09 9.0544E-09 8.6997E-09 8.3042E-09 7.8687E-09 7.4022E-09 6.9111E-09 6.4007E-09 5.8812E-09 5.3564E-09 4.8371E-09 4.3283E-09 3.8369E-09 3.3683E-09 2.9285E-09 2.5199E-09 2.1469E-09 1.8095E-09 1.5088E-09 1.2396E-09 9.9774E-10 7.8951E-10 6.0495E-10 4.6069E-10 3.4899E-10 2.4722E-10 1.5316E-10 9.7529E-11 6.8936E-11 5.2630E-11 4.1850E-11 3.0499E-11 1.9085E-11 8.5525E-12 1.8792E-12
6.1371E-09 6.4976E-09 6.8650E-09 7.2343E-09 7.6004E-09 7.9640E-09 8.3218E-09 8.6714E-09 9.0058E-09 9.3225E-09 9.6192E-09 9.8930E-09 1.0133E-08 1.0338E-08 1.0500E-08 1.0615E-08 1.0688E-08 1.0706E-08 1.0670E-08 1.0576E-08 1.0429E-08 1.0226E-08 9.9670E-09 9.6512E-09 9.2849E-09 8.8704E-09 8.4132E-09 7.9212E-09 7.3980E-09 6.8547E-09 6.2978E-09 5.7358E-09 5.1775E-09 4.6299E-09 4.1011E-09 3.5978E-09 3.1234E-09 2.6851E-09 2.2828E-09 1.9203E-09 1.5974E-09 1.3128E-09 1.0583E-09 8.3589E-10 6.4339E-10 4.8150E-10 3.6038E-10 2.6520E-10 1.6869E-10 9.6661E-11 6.6671E-11 5.3568E-11 4.2571E-11 3.1179E-11 1.9905E-11 9.6527E-12 2.4707E-12
6.2257E-09 6.6055E-09 6.9908E-09 7.3794E-09 7.7695E-09 8.1609E-09 8.5458E-09 8.9235E-09 9.2889E-09 9.6422E-09 9.9751E-09 1.0279E-08 1.0552E-08 1.0788E-08 1.0983E-08 1.1133E-08 1.1229E-08 1.1269E-08 1.1256E-08 1.1182E-08 1.1048E-08 1.0850E-08 1.0589E-08 1.0269E-08 9.8923E-09 9.4610E-09 8.9824E-09 8.4618E-09 7.9078E-09 7.3300E-09 6.7356E-09 6.1357E-09 5.5376E-09 4.9493E-09 4.3822E-09 3.8390E-09 3.3303E-09 2.8590E-09 2.4287E-09 2.0408E-09 1.6966E-09 1.3882E-09 1.1236E-09 8.8953E-10 6.8577E-10 5.0883E-10 3.7722E-10 2.7785E-10 1.8933E-10 1.0179E-10 6.6964E-11 5.4242E-11 4.3024E-11 3.1608E-11 2.0473E-11 1.0600E-11 2.9781E-12
6.2959E-09 6.6918E-09 7.0960E-09 7.5065E-09 7.9219E-09 8.3372E-09 8.7516E-09 9.1612E-09 9.5623E-09 9.9500E-09 1.0314E-08 1.0653E-08 1.0964E-08 1.1236E-08 1.1466E-08 1.1643E-08 1.1771E-08 1.1844E-08 1.1854E-08 1.1800E-08 1.1678E-08 1.1488E-08 1.1232E-08 1.0908E-08 1.0521E-08 1.0073E-08 9.5723E-09 9.0243E-09 8.4405E-09 7.8274E-09 7.1951E-09 6.5565E-09 5.9168E-09 5.2901E-09 4.6809E-09 4.1007E-09 3.5554E-09 3.0494E-09 2.5878E-09 2.1726E-09 1.8004E-09 1.4727E-09 1.1895E-09 9.4999E-10 7.3648E-10 5.4784E-10 3.9612E-10 2.9230E-10 2.0847E-10 1.2124E-10 6.8111E-11 5.4602E-11 4.3222E-11 3.1785E-11 2.0808E-11 1.1258E-11 3.4259E-12
6.3449E-09 6.7581E-09 7.1803E-09 7.6125E-09 8.0509E-09 8.4956E-09 8.9395E-09 9.3815E-09 9.8157E-09 1.0235E-08 1.0638E-08 1.1018E-08 1.1364E-08 1.1672E-08 1.1937E-08 1.2154E-08 1.2318E-08 1.2418E-08 1.2455E-08 1.2422E-08 1.2317E-08 1.2140E-08 1.1886E-08 1.1560E-08 1.1163E-08 1.0700E-08 1.0179E-08 9.6049E-09 8.9902E-09 8.3416E-09 7.6735E-09 6.9921E-09 6.3131E-09 5.6451E-09 4.9967E-09 4.3783E-09 3.7959E-09 3.2566E-09 2.7633E-09 2.3173E-09 1.9176E-09 1.5730E-09 1.2734E-09 1.0155E-09 7.9944E-10 6.0775E-10 4.3309E-10 3.0858E-10 2.2398E-10 1.4715E-10 7.6670E-11 5.4610E-11 4.3127E-11 3.1711E-11 2.0856E-11 1.1622E-11 3.8388E-12
6.3724E-09 6.8001E-09 7.2411E-09 7.6952E-09 8.1595E-09 8.6290E-09 9.1023E-09 9.5765E-09 1.0044E-08 1.0502E-08 1.0944E-08 1.1358E-08 1.1745E-08 1.2093E-08 1.2399E-08 1.2656E-08 1.2852E-08 1.2987E-08 1.3053E-08 1.3044E-08 1.2960E-08 1.2793E-08 1.2546E-08 1.2220E-08 1.1816E-08 1.1342E-08 1.0800E-08 1.0203E-08 9.5560E-09 8.8741E-09 8.1687E-09 7.4496E-09 6.7300E-09 6.0209E-09 5.3336E-09 4.6769E-09 4.0585E-09 3.4859E-09 2.9620E-09 2.4843E-09 2.0613E-09 1.6896E-09 1.3720E-09 1.0988E-09 8.6742E-10 6.7507E-10 4.9991E-10 3.5096E-10 2.5807E-10 1.8509E-10 1.0648E-10 6.0609E-11 4.6102E-11 3.2663E-11 2.0700E-11 1.1725E-11 4.1195E-12
6.3754E-09 6.8179E-09 7.2778E-09 7.7523E-09 8.2373E-09 8.7342E-09 9.2392E-09 9.7440E-09 1.0247E-08 1.0740E-08 1.1218E-08 1.1675E-08 1.2102E-08 1.2493E-08 1.2841E-08 1.3135E-08 1.3372E-08 1.3542E-08 1.3640E-08 1.3659E-08 1.3594E-08 1.3442E-08 1.3206E-08 1.2881E-08 1.2473E-08 1.1986E-08 1.1427E-08 1.0806E-08 1.0133E-08 9.4195E-09 8.6768E-09 7.9197E-09 7.1607E-09 6.4121E-09 5.6877E-09 4.9943E-09 4.3411E-09 3.7352E-09 3.1779E-09 2.6720E-09 2.2235E-09 1.8325E-09 1.4914E-09 1.2059E-09 9.6141E-10 7.5596E-10 5.8944E-10 4.2464E-10 2.9988E-10 2.3193E-10 1.6646E-10 9.5851E-11 6.8329E-11 4.9840E-11 3.3907E-11 2.0076E-11 5.2252E-12
6.3527E-09 6.8093E-09 7.2857E-09 7.7787E-09 8.2877E-09 8.8109E-09 9.3424E-09 9.8775E-09 1.0415E-08 1.0945E-08 1.1462E-08 1.1958E-08 1.2427E-08 1.2863E-08 1.3250E-08 1.3589E-08 1.3866E-08 1.4074E-08 1.4206E-08 1.4253E-08 1.4212E-08 1.4081E-08 1.3853E-08 1.3533E-08 1.3123E-08 1.2627E-08 1.2056E-08 1.1414E-08 1.0716E-08 9.9719E-09 9.1955E-09 8.4043E-09 7.6090E-09 6.8257E-09 6.0641E-09 5.3363E-09 4.6505E-09 4.0134E-09 3.4231E-09 2.8917E-09 2.4195E-09 2.0067E-09 1.6472E-09 1.3402E-09 1.0813E-09 8.6338E-10 6.8435E-10 5.3091E-10 3.8906E-10 3.0985E-10 2.5087E-10 1.7103E-10 1.2500E-10 1.0202E-10 8.0352E-11 5.7667E-11 3.7928E-11
6.3031E-09 6.7725E-09 7.2631E-09 7.7738E-09 8.3043E-09 8.8502E-09 9.4079E-09 9.9749E-09 1.0543E-08 1.1110E-08 1.1664E-08 1.2201E-08 1.2713E-08 1.3189E-08 1.3624E-08 1.4006E-08 1.4324E-08 1.4572E-08 1.4738E-08 1.4817E-08 1.4804E-08 1.4690E-08 1.4477E-08 1.4165E-08 1.3756E-08 1.3257E-08 1.2673E-08 1.2014E-08 1.1293E-08 1.0523E-08 9.7205E-09 8.8967E-09 8.0700E-09 7.2545E-09 6.4605E-09 5.7042E-09 4.9891E-09 4.3210E-09 3.7064E-09 3.1495E-09 2.6548E-09 2.2176E-09 1.8379E-09 1.5128E-09 1.2396E-09 1.0149E-09 8.2458E-10 6.7416E-10 5.3850E-10 4.2984E-10 3.6670E-10 2.9669E-10 2.2859E-10 1.9284E-10 1.6186E-10 1.3166E-10 9.9092E-11
6.2251E-09 6.7044E-09 7.2068E-09 7.7338E-09 8.2825E-09 8.8500E-09 9.4329E-09 1.0026E-08 1.0627E-08 1.1226E-08 1.1817E-08 1.2396E-08 1.2948E-08 1.3469E-08 1.3948E-08 1.4372E-08 1.4734E-08 1.5021E-08 1.5224E-08 1.5339E-08 1.5351E-08 1.5261E-08 1.5065E-08 1.4765E-08 1.4361E-08 1.3860E-08 1.3269E-08 1.2599E-08 1.1862E-08 1.1072E-08 1.0246E-08 9.3984E-09 8.5468E-09 7.7072E-09 6.8894E-09 6.1070E-09 5.3729E-09 4.6821E-09 4.0438E-09 3.4656E-09 2.9507E-09 2.4954E-09 2.0954E-09 1.7539E-09 1.4637E-09 1.2228E-09 1.0260E-09 8.7286E-10 7.5126E-10 6.2951E-10 5.5548E-10 5.0475E-10 4.2395E-10 3.7445E-10 3.3262E-10 2.9033E-10 2.3431E-10
6.1168E-09 6.6032E-09 7.1161E-09 7.6554E-09 8.2201E-09 8.8061E-09 9.4101E-09 1.0030E-08 1.0658E-08 1.1288E-08 1.1916E-08 1.2531E-08 1.3125E-08 1.3689E-08 1.4209E-08 1.4678E-08 1.5082E-08 1.5408E-08 1.5652E-08 1.5798E-08 1.5841E-08 1.5777E-08 1.5603E-08 1.5317E-08 1.4921E-08 1.4424E-08 1.3833E-08 1.3156E-08 1.2410E-08 1.1607E-08 1.0766E-08 9.9068E-09 9.0383E-09 8.1814E-09 7.3513E-09 6.5521E-09 5.7996E-09 5.0962E-09 4.4391E-09 3.8468E-09 3.3122E-09 2.8406E-09 2.4287E-09 2.0708E-09 1.7679E-09 1.5194E-09 1.3183E-09 1.1613E-09 1.0442E-09 9.4349E-10 8.5894E-10 8.1173E-10 7.5189E-10 6.8576E-10 6.2870E-10 5.5933E-10 4.7572E-10
5.9773E-09 6.4671E-09 6.9870E-09 7.5367E-09 8.1128E-09 8.7129E-09 9.3368E-09 9.9778E-09 1.0630E-08 1.1291E-08 1.1950E-08 1.2600E-08 1.3233E-08 1.3835E-08 1.4398E-08 1.4908E-08 1.5352E-08 1.5721E-08 1.6001E-08 1.6181E-08 1.6258E-08 1.6222E-08 1.6071E-08 1.5803E-08 1.5423E-08 1.4936E-08 1.4350E-08 1.3675E-08 1.2927E-08 1.2127E-08 1.1284E-08 1.0419E-08 9.5486E-09 8.6847E-09 7.8465E-09 7.0456E-09 6.2838E-09 5.5675E-09 4.9078E-09 4.3056E-09 3.7621E-09 3.2779E-09 2.8572E-09 2.4915E-09 2.1843E-09 1.9317E-09 1.7337E-09 1.5793E-09 1.4647E-09 1.3980E-09 1.3324E-09 1.2960E-09 1.2685E-09 1.2098E-09 1.1489E-09 1.0578E-09 9.3587E-10
5.8050E-09 6.2957E-09 6.8193E-09 7.3743E-09 7.9576E-09 8.5700E-09 9.2076E-09 9.8649E-09 1.0540E-08 1.1224E-08 1.1912E-08 1.2594E-08 1.3260E-08 1.3900E-08 1.4500E-08 1.5048E-08 1.5532E-08 1.5939E-08 1.6255E-08 1.6473E-08 1.6583E-08 1.6577E-08 1.6453E-08 1.6209E-08 1.5849E-08 1.5378E-08 1.4804E-08 1.4147E-08 1.3412E-08 1.2621E-08 1.1791E-08 1.0930E-08 1.0066E-08 9.2174E-09 8.3809E-09 7.5821E-09 6.8251E-09 6.1111E-09 5.4523E-09 4.8551E-09 4.3096E-09 3.8280E-09 3.4016E-09 3.0372E-09 2.7352E-09 2.4883E-09 2.3013E-09 2.1739E-09 2.0894E-09 2.0439E-09 2.0402E-09 2.0397E-09 2.0556E-09 2.0438E-09 1.9938E-09 1.8880E-09 1.7199E-09
5.6004E-09 6.0881E-09 6.6116E-09 7.1664E-09 7.7541E-09 8.3728E-09 9.0183E-09 9.6890E-09 1.0379E-08 1.1083E-08 1.1794E-08 1.2502E-08 1.3197E-08 1.3868E-08 1.4501E-08 1.5085E-08 1.5604E-08 1.6048E-08 1.6401E-08 1.6655E-08 1.6798E-08 1.6825E-08 1.6732E-08 1.6517E-08 1.6182E-08 1.5740E-08 1.5193E-08 1.4561E-08 1.3855E-08 1.3084E-08 1.2275E-08 1.1447E-08 1.0604E-08 9.7696E-09 8.9575E-09 8.1787E-09 7.4303E-09 6.7348E-09 6.0915E-09 5.4994E-09 4.9704E-09 4.4981E-09 4.0809E-09 3.7301E-09 3.4435E-09 3.2244E-09 3.0711E-09 2.9823E-09 2.9538E-09 2.9654E-09 3.0337E-09 3.1275E-09 3.2237E-09 3.2960E-09 3.2978E-09 3.2147E-09 3.0160E-09
5.3637E-09 5.8446E-09 6.3632E-09 6.9139E-09 7.5002E-09 8.1190E-09 8.7686E-09 9.4452E-09 1.0145E-08 1.0863E-08 1.1589E-08 1.2317E-08 1.3034E-08 1.3730E-08 1.4392E-08 1.5004E-08 1.5557E-08 1.6032E-08 1.6420E-08 1.6710E-08 1.6887E-08 1.6949E-08 1.6890E-08 1.6714E-08 1.6415E-08 1.6009E-08 1.5506E-08 1.4906E-08 1.4238E-08 1.3516E-08 1.2743E-08 1.1950E-08 1.1151E-08 1.0350E-08 9.5687E-09 8.8248E-09 8.1106E-09 7.4388E-09 6.8237E-09 6.2591E-09 5.7551E-09 5.3043E-09 4.9130E-09 4.5898E-09 4.3343E-09 4.1575E-09 4.0589E-09 4.0356E-09 4.0862E-09 4.2235E-09 4.4180E-09 4.6395E-09 4.8753E-09 5.0873E-09 5.2106E-09 5.2189E-09 5.0300E-09
5.0967E-09 5.5667E-09 6.0750E-09 6.6162E-09 7.1960E-09 7.8097E-09 8.4558E-09 9.1326E-09 9.8351E-09 1.0558E-08 1.1294E-08 1.2033E-08 1.2765E-08 1.3480E-08 1.4160E-08 1.4799E-08 1.5378E-08 1.5881E-08 1.6302E-08 1.6622E-08 1.6835E-08 1.6941E-08 1.6922E-08 1.6787E-08 1.6539E-08 1.6177E-08 1.5723E-08 1.5185E-08 1.4567E-08 1.3893E-08 1.3184E-08 1.2443E-08 1.1688E-08 1.0950E-08 1.0226E-08 9.5195E-09 8.8574E-09 8.2376E-09 7.6545E-09 7.1314E-09 6.6672E-09 6.2508E-09 5.9034E-09 5.6211E-09 5.4147E-09 5.3039E-09 5.2795E-09 5.3509E-09 5.5253E-09 5.8095E-09 6.1899E-09 6.6371E-09 7.0810E-09 7.5158E-09 7.8682E-09 8.0639E-09 8.0177E-09
4.8019E-09 5.2566E-09 5.7497E-09 6.2758E-09 6.8436E-09 7.4450E-09 8.0820E-09 8.7513E-09 9.4472E-09 1.0169E-08 1.0905E-08 1.1645E-08 1.2386E-08 1.3109E-08 1.3804E-08 1.4459E-08 1.5056E-08 1.5586E-08 1.6037E-08 1.6391E-08 1.6644E-08 1.6788E-08 1.6819E-08 1.6732E-08 1.6545E-08 1.6247E-08 1.5850E-08 1.5372E-08 1.4831E-08 1.4221E-08 1.3578E-08 1.2912E-08 1.2237E-08 1.1563E-08 1.0911E-08 1.0277E-08 9.6738E-09 9.1129E-09 8.5971E-09 8.1263E-09 7.7048E-09 7.3401E-09 7.0450E-09 6.8207E-09 6.6831E-09 6.6537E-09 6.7301E-09 6.9218E-09 7.2528E-09 7.7222E-09 8.3264E-09 9.0862E-09 9.9010E-09 1.0629E-08 1.1330E-08 1.1876E-08 1.2151E-08
4.4824E-09 4.9176E-09 5.3907E-09 5.8970E-09 6.4461E-09 7.0288E-09 7.6496E-09 8.3026E-09 8.9855E-09 9.6964E-09 1.0422E-08 1.1158E-08 1.1896E-08 1.2618E-08 1.3320E-08 1.3984E-08 1.4598E-08 1.5150E-08 1.5622E-08 1.6012E-08 1.6306E-08 1.6493E-08 1.6581E-08 1.6559E-08 1.6425E-08 1.6191E-08 1.5882E-08 1.5475E-08 1.5009E-08 1.4487E-08 1.3934E-08 1.3349E-08 1.2771E-08 1.2195E-08 1.1622E-08 1.1073E-08 1.0563E-08 1.0072E-08 9.6276E-09 9.2302E-09 8.8655E-09 8.5593E-09 8.3301E-09 8.1708E-09 8.1201E-09 8.1795E-09 8.3679E-09 8.7107E-09 9.2168E-09 9.8953E-09 1.0770E-08 1.1840E-08 1.3093E-08 1.4380E-08 1.5556E-08 1.6624E-08 1.7454E-08
4.1434E-09 4.5550E-09 5.0036E-09 5.4849E-09 6.0094E-09 6.5671E-09 7.1642E-09 7.7937E-09 8.4558E-09 9.1460E-09 9.8540E-09 1.0574E-08 1.1300E-08 1.2015E-08 1.2718E-08 1.3383E-08 1.4005E-08 1.4574E-08 1.5075E-08 1.5494E-08 1.5832E-08 1.6071E-08 1.6206E-08 1.6247E-08 1.6189E-08 1.6032E-08 1.5799E-08 1.5484E-08 1.5113E-08 1.4683E-08 1.4238E-08 1.3766E-08 1.3285E-08 1.2816E-08 1.2359E-08 1.1910E-08 1.1493E-08 1.1100E-08 1.0739E-08 1.0413E-08 1.0132E-08 9.9037E-09 9.7386E-09 9.6591E-09 9.6950E-09 9.8576E-09 1.0164E-08 1.0656E-08 1.1342E-08 1.2247E-08 1.3394E-08 1.4795E-08 1.6458E-08 1.8400E-08 2.0375E-08 2.2113E-08 2.3746E-08
3.7908E-09 4.1750E-09 4.5948E-09 5.0467E-09 5.5412E-09 6.0680E-09 6.6348E-09 7.2342E-09 7.8665E-09 8.5290E-09 9.2098E-09 9.9070E-09 1.0615E-08 1.1316E-08 1.2004E-08 1.2670E-08 1.3302E-08 1.3878E-08 1.4405E-08 1.4857E-08 1.5228E-08 1.5512E-08 1.5716E-08 1.5817E-08 1.5829E-08 1.5761E-08 1.5619E-08 1.5395E-08 1.5137E-08 1.4825E-08 1.4484E-08 1.4131E-08 1.3786E-08 1.3433E-08 1.3088E-08 1.2767E-08 1.2452E-08 1.2160E-08 1.1903E-08 1.1668E-08 1.1473E-08 1.1332E-08 1.1248E-08 1.1258E-08 1.1376E-08 1.1635E-08 1.2067E-08 1.2687E-08 1.3540E-08 1.4659E-08 1.6064E-08 1.7780E-08 1.9828E-08 2.2276E-08 2.5102E-08 2.7963E-08 3.0503E-08
3.4310E-09 3.7853E-09 4.1729E-09 4.5914E-09 5.0515E-09 5.5428E-09 6.0736E-09 6.6362E-09 7.2333E-09 7.8591E-09 8.5115E-09 9.1772E-09 9.8558E-09 1.0538E-08 1.1217E-08 1.1868E-08 1.2504E-08 1.3096E-08 1.3628E-08 1.4108E-08 1.4522E-08 1.4850E-08 1.5107E-08 1.5280E-08 1.5372E-08 1.5384E-08 1.5342E-08 1.5234E-08 1.5077E-08 1.4891E-08 1.4689E-08 1.4459E-08 1.4240E-08 1.4023E-08 1.3803E-08 1.3607E-08 1.3413E-08 1.3236E-08 1.3082E-08 1.2951E-08 1.2855E-08 1.2804E-08 1.2819E-08 1.2924E-08 1.3126E-08 1.3468E-08 1.4002E-08 1.4736E-08 1.5726E-08 1.7013E-08 1.8628E-08 2.0607E-08 2.2988E-08 2.5854E-08 2.9231E-08 3.3219E-08 3.7161E-08
3.0718E-09 3.3940E-09 3.7470E-09 4.1296E-09 4.5519E-09 5.0042E-09 5.4947E-09 6.0164E-09 6.5755E-09 7.1633E-09 7.7731E-09 8.4068E-09 9.0595E-09 9.7091E-09 1.0373E-08 1.1016E-08 1.1636E-08 1.2228E-08 1.2783E-08 1.3280E-08 1.3719E-08 1.4104E-08 1.4411E-08 1.4641E-08 1.4823E-08 1.4929E-08 1.4978E-08 1.4988E-08 1.4955E-08 1.4888E-08 1.4820E-08 1.4731E-08 1.4645E-08 1.4558E-08 1.4477E-08 1.4402E-08 1.4333E-08 1.4279E-08 1.4238E-08 1.4220E-08 1.4236E-08 1.4285E-08 1.4402E-08 1.4601E-08 1.4890E-08 1.5317E-08 1.5906E-08 1.6727E-08 1.7815E-08 1.9198E-08 2.0950E-08 2.3103E-08 2.5690E-08 2.8863E-08 3.2631E-08 3.7177E-08 4.2398E-08
2.7207E-09 3.0098E-09 3.3277E-09 3.6724E-09 4.0557E-09 4.4664E-09 4.9182E-09 5.3972E-09 5.9106E-09 6.4614E-09 7.0318E-09 7.6222E-09 8.2447E-09 8.8709E-09 9.4970E-09 1.0125E-08 1.0739E-08 1.1321E-08 1.1878E-08 1.2402E-08 1.2865E-08 1.3284E-08 1.3645E-08 1.3952E-08 1.4198E-08 1.4398E-08 1.4558E-08 1.4666E-08 1.4755E-08 1.4828E-08 1.4881E-08 1.4927E-08 1.4978E-08 1.5019E-08 1.5069E-08 1.5124E-08 1.5180E-08 1.5251E-08 1.5331E-08 1.5434E-08 1.5560E-08 1.5723E-08 1.5939E-08 1.6227E-08 1.6598E-08 1.7099E-08 1.7739E-08 1.8585E-08 1.9706E-08 2.1125E-08 2.2908E-08 2.5123E-08 2.7798E-08 3.1069E-08 3.5022E-08 3.9812E-08 4.5517E-08
