Assets/Resources/2015_m01_d31_2000(utc+0800)_l00_csi_1hr_conc.grd
DSAA
         159         159
     -79.000      79.000
     -79.000      79.000
  0.0000E+00  0.3359E-04
[rows 0 to 24 of 159, columns 57 to 113 of 159]
1.2661E-09 1.2015E-09 1.1382E-09 1.0764E-09 1.0164E-09 9.5807E-10 9.0150E-10 8.4701E-10 7.9472E-10 7.4438E-10 6.9664E-10 6.5175E-10 6.0820E-10 5.6685E-10 5.2628E-10 4.8805E-10 4.4956E-10 4.1415E-10 3.8218E-10 3.5227E-10 3.2558E-10 3.0168E-10 2.6743E-10 2.2810E-10 2.0968E-10 1.8113E-10 1.4071E-10 1.1914E-10 9.3728E-11 5.1401E-11 3.8197E-11 2.5989E-11 1.7903E-11 1.0444E-11 6.6679E-12 3.1899E-12 0.0000E+00 0.0000E+00 0.0000E+00 0.0000E+00 0.0000E+00 0.0000E+00 0.0000E+00 0.0000E+00 0.0000E+00 0.0000E+00 0.0000E+00 0.0000E+00 0.0000E+00 0.0000E+00 0.0000E+00 0.0000E+00 0.0000E+00 0.0000E+00 0.0000E+00 0.0000E+00 0.0000E+00
1.3173E-09 1.2491E-09 1.1824E-09 1.1174E-09 1.0543E-09 9.9306E-10 9.3393E-10 8.7680E-10 8.2167E-10 7.6906E-10 7.1878E-10 6.7102E-10 6.2666E-10 5.8398E-10 5.4101E-10 5.0141E-10 4.6112E-10 4.2505E-10 3.9196E-10 3.6026E-10 3.3230E-10 3.0777E-10 2.7857E-10 2.3182E-10 2.1267E-10 1.8927E-10 1.4211E-10 1.2621E-10 1.0009E-10 5.1534E-11 3.8273E-11 2.6031E-11 1.7919E-11 1.0449E-11 6.6655E-12 3.1862E-12 0.0000E+00 0.0000E+00 0.0000E+00 0.0000E+00 0.0000E+00 0.0000E+00 0.0000E+00 0.0000E+00 0.0000E+00 0.0000E+00 0.0000E+00 0.0000E+00 0.0000E+00 0.0000E+00 0.0000E+00 0.0000E+00 0.0000E+00 0.0000E+00 0.0000E+00 0.0000E+00 0.0000E+00
1.3696E-09 1.2977E-09 1.2275E-09 1.1591E-09 1.0927E-09 1.0282E-09 9.6605E-10 9.0650E-10 8.4942E-10 7.9435E-10 7.4167E-10 6.9212E-10 6.4447E-10 5.9982E-10 5.5670E-10 5.1449E-10 4.7308E-10 4.3569E-10 4.0108E-10 3.6895E-10 3.3956E-10 3.1363E-10 2.9008E-10 2.3571E-10 2.1590E-10 1.9777E-10 1.5363E-10 1.2735E-10 1.0083E-10 6.6405E-11 3.8313E-11 2.6048E-11 1.7919E-11 1.0444E-11 6.6571E-12 3.1797E-12 0.0000E+00 0.0000E+00 0.0000E+00 0.0000E+00 0.0000E+00 0.0000E+00 0.0000E+00 0.0000E+00 0.0000E+00 0.0000E+00 0.0000E+00 0.0000E+00 0.0000E+00 0.0000E+00 0.0000E+00 0.0000E+00 0.0000E+00 0.0000E+00 0.0000E+00 0.0000E+00 0.0000E+00
1.4229E-09 1.3473E-09 1.2734E-09 1.2015E-09 1.1317E-09 1.0642E-09 9.9931E-10 9.3675E-10 8.7686E-10 8.1994E-10 7.6544E-10 7.1264E-10 6.6317E-10 6.1670E-10 5.7230E-10 5.2842E-10 4.8617E-10 4.4632E-10 4.1020E-10 3.7789E-10 3.4720E-10 3.2004E-10 2.9575E-10 2.5563E-10 2.1893E-10 2.0037E-10 1.6617E-10 1.2837E-10 1.0738E-10 7.7195E-11 3.8316E-11 2.6041E-11 1.7902E-11 1.0429E-11 6.6426E-12 3.1702E-12 0.0000E+00 0.0000E+00 0.0000E+00 0.0000E+00 0.0000E+00 0.0000E+00 0.0000E+00 0.0000E+00 0.0000E+00 0.0000E+00 0.0000E+00 0.0000E+00 0.0000E+00 0.0000E+00 0.0000E+00 0.0000E+00 0.0000E+00 0.0000E+00 0.0000E+00 0.0000E+00 0.0000E+00
1.4820E-09 1.4023E-09 1.3244E-09 1.2486E-09 1.1751E-09 1.1038E-09 1.0352E-09 9.6947E-10 9.0665E-10 8.4623E-10 7.8872E-10 7.3436E-10 6.8230E-10 6.3316E-10 5.8792E-10 5.4259E-10 4.9900E-10 4.5794E-10 4.2063E-10 3.8680E-10 3.5489E-10 3.2672E-10 3.0122E-10 2.7164E-10 2.2207E-10 2.0302E-10 1.7958E-10 1.2928E-10 1.1408E-10 8.8678E-11 3.8282E-11 2.6009E-11 1.7868E-11 1.0405E-11 6.6220E-12 3.1579E-12 0.0000E+00 0.0000E+00 0.0000E+00 0.0000E+00 0.0000E+00 0.0000E+00 0.0000E+00 0.0000E+00 0.0000E+00 0.0000E+00 0.0000E+00 0.0000E+00 0.0000E+00 0.0000E+00 0.0000E+00 0.0000E+00 0.0000E+00 0.0000E+00 0.0000E+00 0.0000E+00 0.0000E+00
1.5402E-09 1.4564E-09 1.3744E-09 1.2947E-09 1.2174E-09 1.1428E-09 1.0710E-09 1.0019E-09 9.3556E-10 8.7261E-10 8.1283E-10 7.5595E-10 7.0204E-10 6.5130E-10 6.0321E-10 5.5745E-10 5.1286E-10 4.6947E-10 4.3082E-10 3.9573E-10 3.6271E-10 3.3392E-10 3.0734E-10 2.8244E-10 2.2486E-10 2.0567E-10 1.8747E-10 1.3035E-10 1.1479E-10 8.9088E-11 3.8212E-11 2.5952E-11 1.7818E-11 1.0372E-11 6.5954E-12 3.1429E-12 0.0000E+00 0.0000E+00 0.0000E+00 0.0000E+00 0.0000E+00 0.0000E+00 0.0000E+00 0.0000E+00 0.0000E+00 0.0000E+00 0.0000E+00 0.0000E+00 0.0000E+00 0.0000E+00 0.0000E+00 0.0000E+00 0.0000E+00 0.0000E+00 0.0000E+00 0.0000E+00 0.0000E+00
1.6031E-09 1.5148E-09 1.4284E-09 1.3444E-09 1.2630E-09 1.1842E-09 1.1081E-09 1.0351E-09 9.6568E-10 8.9939E-10 8.3682E-10 7.7792E-10 7.2218E-10 6.6948E-10 6.2017E-10 5.7256E-10 5.2601E-10 4.8181E-10 4.4216E-10 4.0465E-10 3.7060E-10 3.4061E-10 3.1262E-10 2.8714E-10 2.3148E-10 2.0819E-10 1.8938E-10 1.3536E-10 1.1540E-10 9.5278E-11 3.8222E-11 2.5871E-11 1.7751E-11 1.0329E-11 6.5629E-12 3.1250E-12 0.0000E+00 0.0000E+00 0.0000E+00 0.0000E+00 0.0000E+00 0.0000E+00 0.0000E+00 0.0000E+00 0.0000E+00 0.0000E+00 0.0000E+00 0.0000E+00 0.0000E+00 0.0000E+00 0.0000E+00 0.0000E+00 0.0000E+00 0.0000E+00 0.0000E+00 0.0000E+00 0.0000E+00
1.6670E-09 1.5738E-09 1.4827E-09 1.3942E-09 1.3084E-09 1.2256E-09 1.1459E-09 1.0695E-09 9.9666E-10 9.2740E-10 8.6194E-10 8.0012E-10 7.4233E-10 6.8819E-10 6.3661E-10 5.8808E-10 5.3981E-10 4.9352E-10 4.5250E-10 4.1443E-10 3.7850E-10 3.4732E-10 3.1932E-10 2.9221E-10 2.3459E-10 2.1424E-10 1.9157E-10 1.3636E-10 1.1963E-10 1.0162E-10 3.8118E-11 2.5766E-11 1.7668E-11 1.0276E-11 6.5246E-12 0.0000E+00 0.0000E+00 0.0000E+00 0.0000E+00 0.0000E+00 0.0000E+00 0.0000E+00 0.0000E+00 0.0000E+00 0.0000E+00 0.0000E+00 0.0000E+00 0.0000E+00 0.0000E+00 0.0000E+00 0.0000E+00 0.0000E+00 0.0000E+00 0.0000E+00 0.0000E+00 0.0000E+00 0.0000E+00
1.7342E-09 1.6363E-09 1.5406E-09 1.4472E-09 1.3563E-09 1.2686E-09 1.1844E-09 1.1045E-09 1.0284E-09 9.5619E-10 8.8801E-10 8.2378E-10 7.6336E-10 7.0643E-10 6.5341E-10 6.0347E-10 5.5352E-10 5.0577E-10 4.6308E-10 4.2427E-10 3.8683E-10 3.5391E-10 3.2472E-10 2.9735E-10 2.3794E-10 2.1634E-10 1.9356E-10 1.3761E-10 1.2044E-10 9.8516E-11 4.8796E-11 2.5638E-11 1.4300E-11 1.0215E-11 6.4806E-12 0.0000E+00 0.0000E+00 0.0000E+00 0.0000E+00 0.0000E+00 0.0000E+00 0.0000E+00 0.0000E+00 0.0000E+00 0.0000E+00 0.0000E+00 0.0000E+00 0.0000E+00 0.0000E+00 0.0000E+00 0.0000E+00 0.0000E+00 0.0000E+00 0.0000E+00 0.0000E+00 0.0000E+00 0.0000E+00
1.8032E-09 1.6998E-09 1.5986E-09 1.5002E-09 1.4052E-09 1.3137E-09 1.2258E-09 1.1414E-09 1.0613E-09 9.8577E-10 9.1483E-10 8.4767E-10 7.8458E-10 7.2564E-10 6.7014E-10 6.1820E-10 5.6783E-10 5.1777E-10 4.7367E-10 4.3431E-10 3.9485E-10 3.6041E-10 3.3109E-10 3.0198E-10 2.5382E-10 2.1871E-10 1.9509E-10 1.6180E-10 1.2136E-10 9.8813E-11 5.9618E-11 2.5485E-11 1.4212E-11 1.0144E-11 3.2504E-12 0.0000E+00 0.0000E+00 0.0000E+00 0.0000E+00 0.0000E+00 0.0000E+00 0.0000E+00 0.0000E+00 0.0000E+00 0.0000E+00 0.0000E+00 0.0000E+00 0.0000E+00 0.0000E+00 0.0000E+00 0.0000E+00 0.0000E+00 0.0000E+00 0.0000E+00 0.0000E+00 0.0000E+00 0.0000E+00
1.8751E-09 1.7661E-09 1.6597E-09 1.5561E-09 1.4560E-09 1.3596E-09 1.2674E-09 1.1798E-09 1.0965E-09 1.0172E-09 9.4215E-10 8.7180E-10 8.0610E-10 7.4451E-10 6.8707E-10 6.3351E-10 5.8150E-10 5.2919E-10 4.8383E-10 4.4251E-10 4.0288E-10 3.6719E-10 3.3650E-10 3.0666E-10 2.6943E-10 2.2151E-10 1.9662E-10 1.6842E-10 1.2219E-10 9.9134E-11 7.0503E-11 2.1959E-11 1.4112E-11 1.0065E-11 3.2202E-12 0.0000E+00 0.0000E+00 0.0000E+00 0.0000E+00 0.0000E+00 0.0000E+00 0.0000E+00 0.0000E+00 0.0000E+00 0.0000E+00 0.0000E+00 0.0000E+00 0.0000E+00 0.0000E+00 0.0000E+00 0.0000E+00 0.0000E+00 0.0000E+00 0.0000E+00 0.0000E+00 0.0000E+00 0.0000E+00
1.9489E-09 1.8344E-09 1.7226E-09 1.6139E-09 1.5089E-09 1.4081E-09 1.3115E-09 1.2194E-09 1.1318E-09 1.0489E-09 9.7079E-10 8.9720E-10 8.2794E-10 7.6365E-10 7.0386E-10 6.4825E-10 5.9497E-10 5.4166E-10 4.9392E-10 4.5068E-10 4.1114E-10 3.7418E-10 3.4204E-10 3.1138E-10 2.7885E-10 2.2424E-10 1.9889E-10 1.6936E-10 1.1587E-10 9.9684E-11 7.0538E-11 2.1790E-11 1.3999E-11 9.9766E-12 3.1874E-12 0.0000E+00 0.0000E+00 0.0000E+00 0.0000E+00 0.0000E+00 0.0000E+00 0.0000E+00 0.0000E+00 0.0000E+00 0.0000E+00 0.0000E+00 0.0000E+00 0.0000E+00 0.0000E+00 0.0000E+00 0.0000E+00 0.0000E+00 0.0000E+00 0.0000E+00 0.0000E+00 0.0000E+00 0.0000E+00
2.0280E-09 1.9073E-09 1.7894E-09 1.6751E-09 1.5647E-09 1.4586E-09 1.3570E-09 1.2601E-09 1.1682E-09 1.0814E-09 9.9959E-10 9.2273E-10 8.5077E-10 7.8355E-10 7.2090E-10 6.6269E-10 6.0675E-10 5.5372E-10 5.0394E-10 4.5851E-10 4.1876E-10 3.8077E-10 3.4785E-10 3.1668E-10 2.8248E-10 2.2721E-10 2.0109E-10 1.7600E-10 1.1639E-10 9.6854E-11 7.6567E-11 2.1602E-11 1.3874E-11 6.6476E-12 3.1521E-12 0.0000E+00 0.0000E+00 0.0000E+00 0.0000E+00 0.0000E+00 0.0000E+00 0.0000E+00 0.0000E+00 0.0000E+00 0.0000E+00 0.0000E+00 0.0000E+00 0.0000E+00 0.0000E+00 0.0000E+00 0.0000E+00 0.0000E+00 0.0000E+00 0.0000E+00 0.0000E+00 0.0000E+00 0.0000E+00
2.1079E-09 1.9814E-09 1.8582E-09 1.7381E-09 1.6221E-09 1.5108E-09 1.4040E-09 1.3023E-09 1.2061E-09 1.1149E-09 1.0290E-09 9.4867E-10 8.7370E-10 8.0366E-10 7.3810E-10 6.7714E-10 6.1899E-10 5.6538E-10 5.1393E-10 4.6712E-10 4.2631E-10 3.8739E-10 3.5314E-10 3.2151E-10 2.8643E-10 2.2600E-10 2.0347E-10 1.7738E-10 1.1698E-10 9.7326E-11 7.3135E-11 2.1395E-11 1.3737E-11 6.5725E-12 0.0000E+00 0.0000E+00 0.0000E+00 0.0000E+00 0.0000E+00 0.0000E+00 0.0000E+00 0.0000E+00 0.0000E+00 0.0000E+00 0.0000E+00 0.0000E+00 0.0000E+00 0.0000E+00 0.0000E+00 0.0000E+00 0.0000E+00 0.0000E+00 0.0000E+00 0.0000E+00 0.0000E+00 0.0000E+00 0.0000E+00
2.1931E-09 2.0602E-09 1.9307E-09 1.8049E-09 1.6828E-09 1.5653E-09 1.4530E-09 1.3458E-09 1.2445E-09 1.1491E-09 1.0597E-09 9.7550E-10 8.9647E-10 8.2331E-10 7.5544E-10 6.9182E-10 6.3128E-10 5.7669E-10 5.2413E-10 4.7558E-10 4.3382E-10 3.9395E-10 3.5832E-10 3.2606E-10 2.9017E-10 2.2860E-10 2.0560E-10 1.7524E-10 1.1445E-10 9.7790E-11 6.9792E-11 1.7903E-11 1.0276E-11 6.4924E-12 0.0000E+00 0.0000E+00 0.0000E+00 0.0000E+00 0.0000E+00 0.0000E+00 0.0000E+00 0.0000E+00 0.0000E+00 0.0000E+00 0.0000E+00 0.0000E+00 0.0000E+00 0.0000E+00 0.0000E+00 0.0000E+00 0.0000E+00 0.0000E+00 0.0000E+00 0.0000E+00 0.0000E+00 0.0000E+00 0.0000E+00
2.2832E-09 2.1435E-09 2.0069E-09 1.8742E-09 1.7463E-09 1.6231E-09 1.5048E-09 1.3918E-09 1.2849E-09 1.1844E-09 1.0903E-09 1.0023E-09 9.2028E-10 8.4350E-10 7.7233E-10 7.0655E-10 6.4382E-10 5.8777E-10 5.3422E-10 4.8415E-10 4.4053E-10 4.0074E-10 3.6303E-10 3.3018E-10 2.9363E-10 2.3111E-10 2.0758E-10 1.6813E-10 1.1551E-10 9.4859E-11 7.0108E-11 1.7707E-11 1.0148E-11 3.2225E-12 0.0000E+00 0.0000E+00 0.0000E+00 0.0000E+00 0.0000E+00 0.0000E+00 0.0000E+00 0.0000E+00 0.0000E+00 0.0000E+00 0.0000E+00 0.0000E+00 0.0000E+00 0.0000E+00 0.0000E+00 0.0000E+00 0.0000E+00 0.0000E+00 0.0000E+00 0.0000E+00 0.0000E+00 0.0000E+00 0.0000E+00
2.3761E-09 2.2294E-09 2.0862E-09 1.9466E-09 1.8125E-09 1.6826E-09 1.5588E-09 1.4404E-09 1.3280E-09 1.2219E-09 1.1216E-09 1.0291E-09 9.4347E-10 8.6394E-10 7.9048E-10 7.2151E-10 6.5649E-10 5.9929E-10 5.4479E-10 4.9281E-10 4.4760E-10 4.0685E-10 3.6780E-10 3.3386E-10 2.9719E-10 2.3364E-10 2.0532E-10 1.7028E-10 1.1311E-10 9.5632E-11 6.6978E-11 1.7496E-11 1.0013E-11 3.1752E-12 0.0000E+00 0.0000E+00 0.0000E+00 0.0000E+00 0.0000E+00 0.0000E+00 0.0000E+00 0.0000E+00 0.0000E+00 0.0000E+00 0.0000E+00 0.0000E+00 0.0000E+00 0.0000E+00 0.0000E+00 0.0000E+00 0.0000E+00 0.0000E+00 0.0000E+00 0.0000E+00 0.0000E+00 0.0000E+00 0.0000E+00
2.4738E-09 2.3198E-09 2.1692E-09 2.0228E-09 1.8807E-09 1.7449E-09 1.6149E-09 1.4911E-09 1.3732E-09 1.2606E-09 1.1568E-09 1.0577E-09 9.6690E-10 8.8448E-10 8.0833E-10 7.3764E-10 6.6999E-10 6.1013E-10 5.5468E-10 5.0136E-10 4.5482E-10 4.1361E-10 3.7241E-10 3.3745E-10 2.9126E-10 2.3557E-10 2.0678E-10 1.6783E-10 1.1377E-10 9.6705E-11 6.7287E-11 1.3907E-11 9.8707E-12 0.0000E+00 0.0000E+00 0.0000E+00 0.0000E+00 0.0000E+00 0.0000E+00 0.0000E+00 0.0000E+00 0.0000E+00 0.0000E+00 0.0000E+00 0.0000E+00 0.0000E+00 0.0000E+00 0.0000E+00 0.0000E+00 0.0000E+00 0.0000E+00 0.0000E+00 0.0000E+00 0.0000E+00 0.0000E+00 0.0000E+00 0.0000E+00
2.5702E-09 2.4084E-09 2.2508E-09 2.0975E-09 1.9498E-09 1.8069E-09 1.6706E-09 1.5402E-09 1.4173E-09 1.3011E-09 1.1910E-09 1.0891E-09 9.9324E-10 9.0585E-10 8.2674E-10 7.5345E-10 6.8334E-10 6.2191E-10 5.6458E-10 5.0960E-10 4.6220E-10 4.1968E-10 3.7757E-10 3.4118E-10 2.9378E-10 2.3768E-10 2.0841E-10 1.6549E-10 1.1131E-10 9.3939E-11 6.4704E-11 1.3706E-11 6.5088E-12 0.0000E+00 0.0000E+00 0.0000E+00 0.0000E+00 0.0000E+00 0.0000E+00 0.0000E+00 0.0000E+00 0.0000E+00 0.0000E+00 0.0000E+00 0.0000E+00 0.0000E+00 0.0000E+00 0.0000E+00 0.0000E+00 0.0000E+00 0.0000E+00 0.0000E+00 0.0000E+00 0.0000E+00 0.0000E+00 0.0000E+00 0.0000E+00
2.6711E-09 2.5023E-09 2.3371E-09 2.1769E-09 2.0218E-09 1.8731E-09 1.7293E-09 1.5925E-09 1.4631E-09 1.3411E-09 1.2277E-09 1.1207E-09 1.0222E-09 9.3114E-10 8.4637E-10 7.6949E-10 6.9692E-10 6.3329E-10 5.7484E-10 5.1799E-10 4.6919E-10 4.2610E-10 3.8315E-10 3.4509E-10 2.9676E-10 2.3594E-10 2.0607E-10 1.6671E-10 1.1807E-10 9.4786E-11 6.0590E-11 1.9493E-11 3.2080E-12 0.0000E+00 0.0000E+00 0.0000E+00 0.0000E+00 0.0000E+00 0.0000E+00 0.0000E+00 0.0000E+00 0.0000E+00 0.0000E+00 0.0000E+00 0.0000E+00 0.0000E+00 0.0000E+00 0.0000E+00 0.0000E+00 0.0000E+00 0.0000E+00 0.0000E+00 0.0000E+00 0.0000E+00 0.0000E+00 0.0000E+00 0.0000E+00
2.7780E-09 2.6017E-09 2.4288E-09 2.2608E-09 2.0978E-09 1.9415E-09 1.7916E-09 1.6486E-09 1.5131E-09 1.3855E-09 1.2657E-09 1.1544E-09 1.0516E-09 9.5612E-10 8.6867E-10 7.8767E-10 7.1070E-10 6.4479E-10 5.8495E-10 5.2676E-10 4.7609E-10 4.3188E-10 3.8840E-10 3.4931E-10 3.0024E-10 2.3750E-10 2.0377E-10 1.5576E-10 1.1523E-10 9.1739E-11 5.8147E-11 2.2716E-11 3.1495E-12 0.0000E+00 0.0000E+00 0.0000E+00 0.0000E+00 0.0000E+00 0.0000E+00 0.0000E+00 0.0000E+00 0.0000E+00 0.0000E+00 0.0000E+00 0.0000E+00 0.0000E+00 0.0000E+00 0.0000E+00 0.0000E+00 0.0000E+00 0.0000E+00 0.0000E+00 0.0000E+00 0.0000E+00 0.0000E+00 0.0000E+00 0.0000E+00
2.8854E-09 2.7015E-09 2.5216E-09 2.3466E-09 2.1758E-09 2.0116E-09 1.8552E-09 1.7055E-09 1.5641E-09 1.4319E-09 1.3072E-09 1.1915E-09 1.0833E-09 9.8390E-10 8.9215E-10 8.0826E-10 7.2744E-10 6.5668E-10 5.9503E-10 5.3500E-10 4.8271E-10 4.3772E-10 3.9346E-10 3.5275E-10 2.9458E-10 2.3606E-10 2.0478E-10 1.5706E-10 1.1052E-10 8.8953E-11 5.8711E-11 2.0182E-11 0.0000E+00 0.0000E+00 0.0000E+00 0.0000E+00 0.0000E+00 0.0000E+00 0.0000E+00 0.0000E+00 0.0000E+00 0.0000E+00 0.0000E+00 0.0000E+00 0.0000E+00 0.0000E+00 0.0000E+00 0.0000E+00 0.0000E+00 0.0000E+00 0.0000E+00 0.0000E+00 0.0000E+00 0.0000E+00 0.0000E+00 0.0000E+00 0.0000E+00
2.9965E-09 2.8047E-09 2.6169E-09 2.4343E-09 2.2577E-09 2.0855E-09 1.9210E-09 1.7662E-09 1.6180E-09 1.4798E-09 1.3495E-09 1.2289E-09 1.1169E-09 1.0126E-09 9.1736E-10 8.3015E-10 7.4634E-10 6.7182E-10 6.0576E-10 5.4357E-10 4.8931E-10 4.4331E-10 3.9907E-10 3.5638E-10 2.9806E-10 2.3959E-10 1.9872E-10 1.5784E-10 1.0867E-10 8.0670E-11 5.0489E-11 2.0875E-11 9.6506E-14 0.0000E+00 0.0000E+00 0.0000E+00 0.0000E+00 0.0000E+00 0.0000E+00 0.0000E+00 0.0000E+00 0.0000E+00 0.0000E+00 0.0000E+00 0.0000E+00 0.0000E+00 0.0000E+00 0.0000E+00 0.0000E+00 0.0000E+00 0.0000E+00 0.0000E+00 0.0000E+00 0.0000E+00 0.0000E+00 0.0000E+00 0.0000E+00
3.1076E-09 2.9089E-09 2.7140E-09 2.5242E-09 2.3404E-09 2.1635E-09 1.9931E-09 1.8303E-09 1.6768E-09 1.5316E-09 1.3961E-09 1.2695E-09 1.1522E-09 1.0450E-09 9.4451E-10 8.5340E-10 7.6616E-10 6.8907E-10 6.1954E-10 5.5324E-10 4.9598E-10 4.4873E-10 4.0369E-10 3.5419E-10 2.9773E-10 2.3885E-10 1.9157E-10 1.4994E-10 1.0616E-10 8.1339E-11 5.1220E-11 9.3238E-12 5.8810E-13 0.0000E+00 0.0000E+00 0.0000E+00 0.0000E+00 0.0000E+00 0.0000E+00 0.0000E+00 0.0000E+00 0.0000E+00 0.0000E+00 0.0000E+00 0.0000E+00 0.0000E+00 0.0000E+00 0.0000E+00 0.0000E+00 0.0000E+00 0.0000E+00 0.0000E+00 0.0000E+00 0.0000E+00 0.0000E+00 0.0000E+00 0.0000E+00
3.2291E-09 3.0226E-09 2.8202E-09 2.6230E-09 2.4321E-09 2.2486E-09 2.0729E-09 1.9044E-09 1.7448E-09 1.5942E-09 1.4523E-09 1.3203E-09 1.1979E-09 1.0849E-09 9.8157E-10 8.8499E-10 7.9495E-10 7.1388E-10 6.4161E-10 5.7237E-10 5.0986E-10 4.6031E-10 4.1446E-10 3.5867E-10 2.9894E-10 2.3918E-10 1.9670E-10 1.4961E-10 1.0501E-10 7.4109E-11 4.8219E-11 9.8540E-12 1.1238E-12 0.0000E+00 0.0000E+00 0.0000E+00 0.0000E+00 0.0000E+00 0.0000E+00 0.0000E+00 0.0000E+00 0.0000E+00 0.0000E+00 0.0000E+00 0.0000E+00 0.0000E+00 0.0000E+00 0.0000E+00 0.0000E+00 0.0000E+00 0.0000E+00 0.0000E+00 0.0000E+00 0.0000E+00 0.0000E+00 0.0000E+00 0.0000E+00
