Assets/Resources/2015_m01_d12_1600(utc+0800)_l00_csi_1hr_conc.grd
DSAA
         159         159
     -79.000      79.000
     -79.000      79.000
  0.0000E+00  0.3915E-05
[rows 0 to 24 of 159, columns 0 to 56 of 159]
3.6093E-12 2.8572E-12 2.0511E-12 1.3019E-12 5.7305E-13 0.0000E+00 0.0000E+00 0.0000E+00 0.0000E+00 0.0000E+00 0.0000E+00 0.0000E+00 0.0000E+00 0.0000E+00 0.0000E+00 0.0000E+00 0.0000E+00 0.0000E+00 0.0000E+00 0.0000E+00 0.0000E+00 0.0000E+00 0.0000E+00 0.0000E+00 0.0000E+00 0.0000E+00 0.0000E+00 0.0000E+00 0.0000E+00 0.0000E+00 0.0000E+00 0.0000E+00 0.0000E+00 0.0000E+00 0.0000E+00 0.0000E+00 0.0000E+00 0.0000E+00 0.0000E+00 0.0000E+00 0.0000E+00 0.0000E+00 0.0000E+00 0.0000E+00 0.0000E+00 0.0000E+00 0.0000E+00 0.0000E+00 0.0000E+00 0.0000E+00 0.0000E+00 0.0000E+00 0.0000E+00 0.0000E+00 0.0000E+00 0.0000E+00 0.0000E+00
6.5767E-12 5.9937E-12 5.3243E-12 4.4293E-12 3.3424E-12 2.2212E-12 1.1133E-12 1.7028E-13 0.0000E+00 0.0000E+00 0.0000E+00 0.0000E+00 0.0000E+00 0.0000E+00 0.0000E+00 0.0000E+00 0.0000E+00 0.0000E+00 0.0000E+00 0.0000E+00 0.0000E+00 0.0000E+00 0.0000E+00 0.0000E+00 0.0000E+00 0.0000E+00 0.0000E+00 0.0000E+00 0.0000E+00 0.0000E+00 0.0000E+00 0.0000E+00 0.0000E+00 0.0000E+00 0.0000E+00 0.0000E+00 0.0000E+00 0.0000E+00 0.0000E+00 0.0000E+00 0.0000E+00 0.0000E+00 0.0000E+00 0.0000E+00 0.0000E+00 0.0000E+00 0.0000E+00 0.0000E+00 0.0000E+00 0.0000E+00 0.0000E+00 0.0000E+00 0.0000E+00 0.0000E+00 0.0000E+00 0.0000E+00 0.0000E+00
1.1203E-11 1.0247E-11 9.2908E-12 8.3013E-12 7.3871E-12 6.2613E-12 4.8391E-12 3.3743E-12 1.7939E-12 6.0489E-13 0.0000E+00 0.0000E+00 0.0000E+00 0.0000E+00 0.0000E+00 0.0000E+00 0.0000E+00 0.0000E+00 0.0000E+00 0.0000E+00 0.0000E+00 0.0000E+00 0.0000E+00 0.0000E+00 0.0000E+00 0.0000E+00 0.0000E+00 0.0000E+00 0.0000E+00 0.0000E+00 0.0000E+00 0.0000E+00 0.0000E+00 0.0000E+00 0.0000E+00 0.0000E+00 0.0000E+00 0.0000E+00 0.0000E+00 0.0000E+00 0.0000E+00 0.0000E+00 0.0000E+00 0.0000E+00 0.0000E+00 0.0000E+00 0.0000E+00 0.0000E+00 0.0000E+00 0.0000E+00 0.0000E+00 0.0000E+00 0.0000E+00 0.0000E+00 0.0000E+00 0.0000E+00 0.0000E+00
1.7370E-11 1.6296E-11 1.5049E-11 1.3677E-11 1.2194E-11 1.0608E-11 9.0682E-12 7.5098E-12 6.0172E-12 4.2655E-12 2.3745E-12 9.7093E-13 2.0337E-13 0.0000E+00 0.0000E+00 0.0000E+00 0.0000E+00 0.0000E+00 0.0000E+00 0.0000E+00 0.0000E+00 0.0000E+00 0.0000E+00 0.0000E+00 0.0000E+00 0.0000E+00 0.0000E+00 0.0000E+00 0.0000E+00 0.0000E+00 0.0000E+00 0.0000E+00 0.0000E+00 0.0000E+00 0.0000E+00 0.0000E+00 0.0000E+00 0.0000E+00 0.0000E+00 0.0000E+00 0.0000E+00 0.0000E+00 0.0000E+00 0.0000E+00 0.0000E+00 0.0000E+00 0.0000E+00 0.0000E+00 0.0000E+00 0.0000E+00 0.0000E+00 0.0000E+00 0.0000E+00 0.0000E+00 0.0000E+00 0.0000E+00 0.0000E+00
2.4967E-11 2.3943E-11 2.2501E-11 2.0997E-11 1.9533E-11 1.8043E-11 1.5965E-11 1.4033E-11 1.1705E-11 9.5103E-12 7.6563E-12 5.2874E-12 3.3228E-12 1.8811E-12 8.3650E-13 3.8510E-13 2.2683E-13 1.0784E-13 0.0000E+00 0.0000E+00 0.0000E+00 0.0000E+00 0.0000E+00 0.0000E+00 0.0000E+00 0.0000E+00 0.0000E+00 0.0000E+00 0.0000E+00 0.0000E+00 0.0000E+00 0.0000E+00 0.0000E+00 0.0000E+00 0.0000E+00 0.0000E+00 0.0000E+00 0.0000E+00 0.0000E+00 0.0000E+00 0.0000E+00 0.0000E+00 0.0000E+00 0.0000E+00 0.0000E+00 0.0000E+00 0.0000E+00 0.0000E+00 0.0000E+00 0.0000E+00 0.0000E+00 0.0000E+00 0.0000E+00 0.0000E+00 0.0000E+00 0.0000E+00 0.0000E+00
3.4159E-11 3.3600E-11 3.2720E-11 3.1152E-11 2.9621E-11 2.7773E-11 2.5920E-11 2.4029E-11 2.1845E-11 1.9434E-11 1.6558E-11 1.3871E-11 1.1129E-11 8.5940E-12 6.3786E-12 4.4936E-12 3.3020E-12 2.7526E-12 2.1102E-12 1.4874E-12 7.6161E-13 1.5509E-13 0.0000E+00 0.0000E+00 0.0000E+00 0.0000E+00 0.0000E+00 0.0000E+00 0.0000E+00 0.0000E+00 0.0000E+00 0.0000E+00 0.0000E+00 0.0000E+00 0.0000E+00 0.0000E+00 0.0000E+00 0.0000E+00 0.0000E+00 0.0000E+00 0.0000E+00 0.0000E+00 0.0000E+00 0.0000E+00 0.0000E+00 0.0000E+00 0.0000E+00 0.0000E+00 0.0000E+00 0.0000E+00 0.0000E+00 0.0000E+00 0.0000E+00 0.0000E+00 0.0000E+00 0.0000E+00 0.0000E+00
4.8382E-11 4.7603E-11 4.6467E-11 4.5068E-11 4.3527E-11 4.1789E-11 3.9543E-11 3.6897E-11 3.4124E-11 3.1003E-11 2.8338E-11 2.5051E-11 2.1651E-11 1.8124E-11 1.4540E-11 1.1846E-11 9.4553E-12 7.5098E-12 6.2487E-12 5.5602E-12 4.2235E-12 3.2109E-12 1.8939E-12 1.0677E-12 2.3305E-13 0.0000E+00 0.0000E+00 0.0000E+00 0.0000E+00 0.0000E+00 0.0000E+00 0.0000E+00 0.0000E+00 0.0000E+00 0.0000E+00 0.0000E+00 0.0000E+00 0.0000E+00 0.0000E+00 0.0000E+00 0.0000E+00 0.0000E+00 0.0000E+00 0.0000E+00 0.0000E+00 0.0000E+00 0.0000E+00 0.0000E+00 0.0000E+00 0.0000E+00 0.0000E+00 0.0000E+00 0.0000E+00 0.0000E+00 0.0000E+00 0.0000E+00 0.0000E+00
6.4025E-11 6.3870E-11 6.3078E-11 6.2059E-11 6.0515E-11 5.8596E-11 5.6343E-11 5.3874E-11 5.1234E-11 4.7947E-11 4.4243E-11 4.0399E-11 3.6596E-11 3.2485E-11 2.8285E-11 2.3954E-11 1.9550E-11 1.6487E-11 1.3880E-11 1.1596E-11 9.7525E-12 8.1017E-12 6.1245E-12 4.5015E-12 2.7859E-12 1.8413E-12 7.6924E-13 7.9849E-14 0.0000E+00 0.0000E+00 0.0000E+00 0.0000E+00 0.0000E+00 0.0000E+00 0.0000E+00 0.0000E+00 0.0000E+00 0.0000E+00 0.0000E+00 0.0000E+00 0.0000E+00 0.0000E+00 0.0000E+00 0.0000E+00 0.0000E+00 0.0000E+00 0.0000E+00 0.0000E+00 0.0000E+00 0.0000E+00 0.0000E+00 0.0000E+00 0.0000E+00 0.0000E+00 0.0000E+00 0.0000E+00 0.0000E+00
8.4304E-11 8.4441E-11 8.3545E-11 8.2315E-11 8.1007E-11 7.9636E-11 7.7522E-11 7.4866E-11 7.1653E-11 6.8122E-11 6.4337E-11 6.0155E-11 5.5368E-11 5.0296E-11 4.4957E-11 4.0156E-11 3.5331E-11 3.0043E-11 2.5108E-11 2.1716E-11 1.8622E-11 1.5762E-11 1.3454E-11 1.0538E-11 7.3271E-12 4.7454E-12 3.1993E-12 2.2938E-12 9.5134E-13 1.8303E-13 0.0000E+00 0.0000E+00 0.0000E+00 0.0000E+00 0.0000E+00 0.0000E+00 0.0000E+00 0.0000E+00 0.0000E+00 0.0000E+00 0.0000E+00 0.0000E+00 0.0000E+00 0.0000E+00 0.0000E+00 0.0000E+00 0.0000E+00 0.0000E+00 0.0000E+00 0.0000E+00 0.0000E+00 0.0000E+00 0.0000E+00 0.0000E+00 0.0000E+00 0.0000E+00 0.0000E+00
1.0835E-10 1.0921E-10 1.0941E-10 1.0874E-10 1.0759E-10 1.0623E-10 1.0443E-10 1.0211E-10 9.9159E-11 9.5317E-11 9.0747E-11 8.5681E-11 8.0204E-11 7.4563E-11 6.8447E-11 6.1782E-11 5.5213E-11 4.9613E-11 4.4080E-11 3.7542E-11 3.2108E-11 2.7586E-11 2.3415E-11 2.0016E-11 1.6706E-11 1.2632E-11 8.4075E-12 4.4876E-12 3.1903E-12 2.1917E-12 9.0382E-13 1.3620E-13 0.0000E+00 0.0000E+00 0.0000E+00 0.0000E+00 0.0000E+00 0.0000E+00 0.0000E+00 0.0000E+00 0.0000E+00 0.0000E+00 0.0000E+00 0.0000E+00 0.0000E+00 0.0000E+00 0.0000E+00 0.0000E+00 0.0000E+00 0.0000E+00 0.0000E+00 0.0000E+00 0.0000E+00 0.0000E+00 0.0000E+00 0.0000E+00 0.0000E+00
1.3961E-10 1.4103E-10 1.4150E-10 1.4134E-10 1.4032E-10 1.3876E-10 1.3685E-10 1.3433E-10 1.3111E-10 1.2710E-10 1.2268E-10 1.1775E-10 1.1156E-10 1.0468E-10 9.6923E-11 8.9354E-11 8.2266E-11 7.4485E-11 6.6619E-11 5.9847E-11 5.2681E-11 4.5696E-11 3.9556E-11 3.3388E-11 2.7728E-11 2.3267E-11 1.9036E-11 1.3963E-11 8.2783E-12 4.1522E-12 2.8850E-12 1.6502E-12 5.4781E-13 0.0000E+00 0.0000E+00 0.0000E+00 0.0000E+00 0.0000E+00 0.0000E+00 0.0000E+00 0.0000E+00 0.0000E+00 0.0000E+00 0.0000E+00 0.0000E+00 0.0000E+00 0.0000E+00 0.0000E+00 0.0000E+00 0.0000E+00 0.0000E+00 0.0000E+00 0.0000E+00 0.0000E+00 0.0000E+00 0.0000E+00 0.0000E+00
1.7554E-10 1.7826E-10 1.7972E-10 1.8045E-10 1.8015E-10 1.7908E-10 1.7756E-10 1.7517E-10 1.7210E-10 1.6801E-10 1.6292E-10 1.5679E-10 1.5005E-10 1.4295E-10 1.3449E-10 1.2563E-10 1.1596E-10 1.0671E-10 9.8134E-11 8.8567E-11 7.9347E-11 7.0647E-11 6.1764E-11 5.3938E-11 4.6659E-11 3.9293E-11 3.1991E-11 2.5395E-11 2.0258E-11 1.3385E-11 7.5738E-12 3.6714E-12 2.2246E-12 1.1439E-12 2.0677E-13 0.0000E+00 0.0000E+00 0.0000E+00 0.0000E+00 0.0000E+00 0.0000E+00 0.0000E+00 0.0000E+00 0.0000E+00 0.0000E+00 0.0000E+00 0.0000E+00 0.0000E+00 0.0000E+00 0.0000E+00 0.0000E+00 0.0000E+00 0.0000E+00 0.0000E+00 0.0000E+00 0.0000E+00 0.0000E+00
2.1838E-10 2.2259E-10 2.2525E-10 2.2695E-10 2.2772E-10 2.2765E-10 2.2634E-10 2.2391E-10 2.2084E-10 2.1653E-10 2.1143E-10 2.0522E-10 1.9795E-10 1.8903E-10 1.7893E-10 1.6857E-10 1.5805E-10 1.4678E-10 1.3468E-10 1.2364E-10 1.1302E-10 1.0155E-10 9.0177E-11 7.8933E-11 6.8458E-11 5.9217E-11 5.0509E-11 4.1790E-11 3.2962E-11 2.5009E-11 1.7990E-11 1.1030E-11 5.8060E-12 2.6205E-12 1.4576E-12 4.9558E-13 0.0000E+00 0.0000E+00 0.0000E+00 0.0000E+00 0.0000E+00 0.0000E+00 0.0000E+00 0.0000E+00 0.0000E+00 0.0000E+00 0.0000E+00 0.0000E+00 0.0000E+00 0.0000E+00 0.0000E+00 0.0000E+00 0.0000E+00 0.0000E+00 0.0000E+00 0.0000E+00 0.0000E+00
2.7013E-10 2.7636E-10 2.8129E-10 2.8470E-10 2.8651E-10 2.8694E-10 2.8639E-10 2.8441E-10 2.8161E-10 2.7684E-10 2.7125E-10 2.6369E-10 2.5444E-10 2.4469E-10 2.3350E-10 2.2153E-10 2.0815E-10 1.9499E-10 1.8240E-10 1.6869E-10 1.5470E-10 1.4173E-10 1.2874E-10 1.1553E-10 1.0214E-10 8.9473E-11 7.6654E-11 6.4854E-11 5.4640E-11 4.4275E-11 3.3832E-11 2.4342E-11 1.6457E-11 1.0300E-11 5.3632E-12 3.0419E-12 1.9571E-12 7.8638E-13 3.2358E-13 0.0000E+00 0.0000E+00 0.0000E+00 0.0000E+00 0.0000E+00 0.0000E+00 0.0000E+00 0.0000E+00 0.0000E+00 0.0000E+00 0.0000E+00 0.0000E+00 0.0000E+00 0.0000E+00 0.0000E+00 0.0000E+00 0.0000E+00 0.0000E+00
3.2845E-10 3.3685E-10 3.4362E-10 3.4906E-10 3.5318E-10 3.5589E-10 3.5718E-10 3.5619E-10 3.5357E-10 3.4908E-10 3.4330E-10 3.3558E-10 3.2594E-10 3.1433E-10 3.0113E-10 2.8674E-10 2.7181E-10 2.5651E-10 2.3985E-10 2.2400E-10 2.0870E-10 1.9173E-10 1.7591E-10 1.5922E-10 1.4162E-10 1.2519E-10 1.1032E-10 9.5325E-11 8.0428E-11 6.6568E-11 5.4533E-11 4.3057E-11 3.1642E-11 2.2461E-11 1.5084E-11 8.9109E-12 5.3006E-12 3.8105E-12 2.0150E-12 9.6118E-13 7.1604E-14 0.0000E+00 0.0000E+00 0.0000E+00 0.0000E+00 0.0000E+00 0.0000E+00 0.0000E+00 0.0000E+00 0.0000E+00 0.0000E+00 0.0000E+00 0.0000E+00 0.0000E+00 0.0000E+00 0.0000E+00 0.0000E+00
3.9561E-10 4.0730E-10 4.1678E-10 4.2491E-10 4.3143E-10 4.3583E-10 4.3842E-10 4.3956E-10 4.3881E-10 4.3479E-10 4.2869E-10 4.2018E-10 4.0979E-10 3.9753E-10 3.8273E-10 3.6664E-10 3.4904E-10 3.3013E-10 3.1247E-10 2.9372E-10 2.7324E-10 2.5455E-10 2.3443E-10 2.1477E-10 1.9520E-10 1.7485E-10 1.5390E-10 1.3467E-10 1.1722E-10 1.0035E-10 8.3402E-11 6.7590E-11 5.4184E-11 4.1780E-11 3.0141E-11 2.1182E-11 1.4116E-11 8.9201E-12 6.6534E-12 4.2340E-12 2.3464E-12 4.1504E-13 0.0000E+00 0.0000E+00 0.0000E+00 0.0000E+00 0.0000E+00 0.0000E+00 0.0000E+00 0.0000E+00 0.0000E+00 0.0000E+00 0.0000E+00 0.0000E+00 0.0000E+00 0.0000E+00 0.0000E+00
4.7322E-10 4.8861E-10 5.0177E-10 5.1297E-10 5.2216E-10 5.2940E-10 5.3460E-10 5.3738E-10 5.3782E-10 5.3576E-10 5.3094E-10 5.2310E-10 5.1159E-10 4.9719E-10 4.8118E-10 4.6378E-10 4.4438E-10 4.2324E-10 4.0027E-10 3.7699E-10 3.5498E-10 3.3118E-10 3.0734E-10 2.8249E-10 2.5843E-10 2.3412E-10 2.1005E-10 1.8571E-10 1.6187E-10 1.3943E-10 1.1883E-10 1.0009E-10 8.1565E-11 6.5406E-11 5.1502E-11 3.7794E-11 2.6444E-11 1.8407E-11 1.2377E-11 9.2764E-12 6.2834E-12 4.2930E-12 1.5483E-12 0.0000E+00 0.0000E+00 0.0000E+00 0.0000E+00 0.0000E+00 0.0000E+00 0.0000E+00 0.0000E+00 0.0000E+00 0.0000E+00 0.0000E+00 0.0000E+00 0.0000E+00 0.0000E+00
5.6228E-10 5.8179E-10 5.9898E-10 6.1407E-10 6.2681E-10 6.3753E-10 6.4540E-10 6.5014E-10 6.5192E-10 6.5102E-10 6.4693E-10 6.3959E-10 6.2937E-10 6.1617E-10 5.9967E-10 5.7910E-10 5.5626E-10 5.3239E-10 5.0775E-10 4.8190E-10 4.5324E-10 4.2573E-10 3.9729E-10 3.6810E-10 3.3875E-10 3.0916E-10 2.7975E-10 2.4933E-10 2.2129E-10 1.9456E-10 1.6712E-10 1.4168E-10 1.1952E-10 9.8562E-11 7.9438E-11 6.2353E-11 4.8248E-11 3.4167E-11 2.3982E-11 1.6759E-11 1.3256E-11 9.1984E-12 6.3463E-12 3.0712E-12 5.2399E-13 0.0000E+00 0.0000E+00 0.0000E+00 0.0000E+00 0.0000E+00 0.0000E+00 0.0000E+00 0.0000E+00 0.0000E+00 0.0000E+00 0.0000E+00 0.0000E+00
6.6301E-10 6.8803E-10 7.1017E-10 7.3025E-10 7.4755E-10 7.6168E-10 7.7277E-10 7.8067E-10 7.8525E-10 7.8601E-10 7.8302E-10 7.7686E-10 7.6721E-10 7.5356E-10 7.3603E-10 7.1551E-10 6.9243E-10 6.6522E-10 6.3654E-10 6.0576E-10 5.7426E-10 5.4099E-10 5.0664E-10 4.7245E-10 4.3667E-10 4.0131E-10 3.6509E-10 3.2964E-10 2.9487E-10 2.5966E-10 2.2733E-10 1.9713E-10 1.6705E-10 1.4063E-10 1.1679E-10 9.5451E-11 7.4639E-11 5.8956E-11 4.4819E-11 3.2317E-11 2.2631E-11 1.8346E-11 1.3120E-11 8.5279E-12 4.3838E-12 1.1801E-12 0.0000E+00 0.0000E+00 0.0000E+00 0.0000E+00 0.0000E+00 0.0000E+00 0.0000E+00 0.0000E+00 0.0000E+00 0.0000E+00 0.0000E+00
7.7721E-10 8.0854E-10 8.3663E-10 8.6223E-10 8.8485E-10 9.0384E-10 9.1934E-10 9.3157E-10 9.3891E-10 9.4185E-10 9.4098E-10 9.3602E-10 9.2656E-10 9.1229E-10 8.9446E-10 8.7317E-10 8.4870E-10 8.1979E-10 7.8836E-10 7.5436E-10 7.1804E-10 6.8016E-10 6.4112E-10 5.9924E-10 5.5868E-10 5.1570E-10 4.7232E-10 4.2794E-10 3.8517E-10 3.4440E-10 3.0466E-10 2.6556E-10 2.2929E-10 1.9569E-10 1.6440E-10 1.3655E-10 1.1277E-10 8.9827E-11 7.0250E-11 5.4874E-11 4.1011E-11 2.8697E-11 2.2028E-11 1.6735E-11 1.1090E-11 5.6028E-12 1.6027E-12 4.1050E-13 0.0000E+00 0.0000E+00 0.0000E+00 0.0000E+00 0.0000E+00 0.0000E+00 0.0000E+00 0.0000E+00 0.0000E+00
9.0545E-10 9.4354E-10 9.7903E-10 1.0115E-09 1.0403E-09 1.0655E-09 1.0865E-09 1.1026E-09 1.1137E-09 1.1206E-09 1.1224E-09 1.1186E-09 1.1093E-09 1.0957E-09 1.0773E-09 1.0544E-09 1.0269E-09 9.9677E-10 9.6337E-10 9.2643E-10 8.8697E-10 8.4502E-10 8.0017E-10 7.5413E-10 7.0487E-10 6.5642E-10 6.0569E-10 5.5498E-10 5.0318E-10 4.5095E-10 4.0144E-10 3.5530E-10 3.1024E-10 2.6738E-10 2.2785E-10 1.9264E-10 1.6035E-10 1.3276E-10 1.0796E-10 8.3584E-11 6.5576E-11 5.0974E-11 3.7489E-11 2.7474E-11 2.0942E-11 1.4522E-11 7.5598E-12 1.9804E-12 7.5715E-13 0.0000E+00 0.0000E+00 0.0000E+00 0.0000E+00 0.0000E+00 0.0000E+00 0.0000E+00 0.0000E+00
1.0473E-09 1.0943E-09 1.1384E-09 1.1787E-09 1.2149E-09 1.2469E-09 1.2740E-09 1.2957E-09 1.3122E-09 1.3234E-09 1.3279E-09 1.3260E-09 1.3188E-09 1.3057E-09 1.2865E-09 1.2618E-09 1.2334E-09 1.2009E-09 1.1642E-09 1.1239E-09 1.0807E-09 1.0340E-09 9.8478E-10 9.3299E-10 8.7916E-10 8.2190E-10 7.6424E-10 7.0383E-10 6.4281E-10 5.8295E-10 5.2263E-10 4.6407E-10 4.0881E-10 3.5725E-10 3.0864E-10 2.6450E-10 2.2494E-10 1.8897E-10 1.5621E-10 1.2827E-10 1.0196E-10 7.9752E-11 6.2077E-11 4.8184E-11 3.4920E-11 2.5765E-11 1.7612E-11 9.7392E-12 2.7167E-12 9.7950E-13 0.0000E+00 0.0000E+00 0.0000E+00 0.0000E+00 0.0000E+00 0.0000E+00 0.0000E+00
1.2039E-09 1.2614E-09 1.3147E-09 1.3637E-09 1.4089E-09 1.4490E-09 1.4833E-09 1.5122E-09 1.5351E-09 1.5506E-09 1.5587E-09 1.5611E-09 1.5560E-09 1.5434E-09 1.5246E-09 1.5002E-09 1.4705E-09 1.4346E-09 1.3943E-09 1.3513E-09 1.3042E-09 1.2538E-09 1.2001E-09 1.1424E-09 1.0816E-09 1.0178E-09 9.5098E-10 8.8338E-10 8.1353E-10 7.4210E-10 6.7148E-10 6.0329E-10 5.3574E-10 4.7089E-10 4.1044E-10 3.5563E-10 3.0522E-10 2.5833E-10 2.1826E-10 1.8258E-10 1.4886E-10 1.1915E-10 9.4973E-11 7.2736E-11 5.7548E-11 4.2752E-11 3.1243E-11 2.0591E-11 1.1996E-11 3.4188E-12 1.0172E-12 0.0000E+00 0.0000E+00 0.0000E+00 0.0000E+00 0.0000E+00 0.0000E+00
1.3759E-09 1.4441E-09 1.5073E-09 1.5673E-09 1.6226E-09 1.6718E-09 1.7151E-09 1.7524E-09 1.7822E-09 1.8033E-09 1.8179E-09 1.8243E-09 1.8215E-09 1.8116E-09 1.7945E-09 1.7701E-09 1.7383E-09 1.7009E-09 1.6590E-09 1.6118E-09 1.5605E-09 1.5053E-09 1.4460E-09 1.3834E-09 1.3169E-09 1.2463E-09 1.1717E-09 1.0930E-09 1.0130E-09 9.3161E-10 8.4888E-10 7.6680E-10 6.8764E-10 6.1102E-10 5.3708E-10 4.6792E-10 4.0503E-10 3.4911E-10 2.9665E-10 2.4963E-10 2.0796E-10 1.7013E-10 1.3688E-10 1.1081E-10 8.6261E-11 6.6773E-11 4.8980E-11 3.6098E-11 2.3412E-11 1.3111E-11 4.2422E-12 7.4631E-13 0.0000E+00 0.0000E+00 0.0000E+00 0.0000E+00 0.0000E+00
1.5622E-09 1.6411E-09 1.7173E-09 1.7895E-09 1.8554E-09 1.9153E-09 1.9697E-09 2.0162E-09 2.0536E-09 2.0835E-09 2.1045E-09 2.1154E-09 2.1178E-09 2.1113E-09 2.0960E-09 2.0718E-09 2.0405E-09 2.0026E-09 1.9581E-09 1.9074E-09 1.8523E-09 1.7928E-09 1.7285E-09 1.6605E-09 1.5881E-09 1.5099E-09 1.4275E-09 1.3408E-09 1.2501E-09 1.1565E-09 1.0614E-09 9.6758E-10 8.7286E-10 7.8120E-10 6.9378E-10 6.1031E-10 5.3247E-10 4.6042E-10 3.9729E-10 3.3886E-10 2.8477E-10 2.3649E-10 1.9538E-10 1.5768E-10 1.2736E-10 9.9427E-11 7.6995E-11 5.6046E-11 4.1508E-11 2.6480E-11 1.5152E-11 4.7334E-12 0.0000E+00 0.0000E+00 0.0000E+00 0.0000E+00 0.0000E+00
