Assets/Resources/2015_m01_d26_1700(utc+0800)_l00_csi_1hr_conc.grd
DSAA
         159         159
     -79.000      79.000
     -79.000      79.000
  0.0000E+00  0.1119E-05
[rows 25 to 49 of 159, columns 0 to 56 of 159]
8.0049E-09 8.5163E-09 9.0407E-09 9.5758E-09 1.0117E-08 1.0669E-08 1.1221E-08 1.1778E-08 1.2334E-08 1.2885E-08 1.3432E-08 1.3971E-08 1.4500E-08 1.5014E-08 1.5514E-08 1.5999E-08 1.6461E-08 1.6901E-08 1.7315E-08 1.7699E-08 1.8052E-08 1.8368E-08 1.8647E-08 1.8884E-08 1.9077E-08 1.9226E-08 1.9327E-08 1.9384E-08 1.9412E-08 1.9403E-08 1.9344E-08 1.9226E-08 1.9044E-08 1.8784E-08 1.8440E-08 1.8019E-08 1.7527E-08 1.6969E-08 1.6347E-08 1.5662E-08 1.4920E-08 1.4121E-08 1.3267E-08 1.2367E-08 1.1427E-08 1.0457E-08 9.4740E-09 8.4924E-09 7.5291E-09 6.5989E-09 5.7261E-09 4.9166E-09 4.1752E-09 3.5058E-09 2.9017E-09 2.3752E-09 1.9200E-09
7.6906E-09 8.1904E-09 8.7037E-09 9.2309E-09 9.7631E-09 1.0309E-08 1.0857E-08 1.1412E-08 1.1969E-08 1.2523E-08 1.3076E-08 1.3623E-08 1.4163E-08 1.4692E-08 1.5212E-08 1.5717E-08 1.6205E-08 1.6675E-08 1.7120E-08 1.7542E-08 1.7934E-08 1.8294E-08 1.8618E-08 1.8905E-08 1.9151E-08 1.9354E-08 1.9509E-08 1.9624E-08 1.9708E-08 1.9760E-08 1.9767E-08 1.9714E-08 1.9596E-08 1.9402E-08 1.9121E-08 1.8754E-08 1.8311E-08 1.7795E-08 1.7210E-08 1.6558E-08 1.5837E-08 1.5050E-08 1.4201E-08 1.3292E-08 1.2332E-08 1.1333E-08 1.0311E-08 9.2819E-09 8.2640E-09 7.2794E-09 6.3445E-09 5.4694E-09 4.6630E-09 3.9309E-09 3.2729E-09 2.6889E-09 2.1787E-09
7.3575E-09 7.8448E-09 8.3444E-09 8.8615E-09 9.3841E-09 9.9209E-09 1.0463E-08 1.1014E-08 1.1567E-08 1.2121E-08 1.2677E-08 1.3230E-08 1.3779E-08 1.4320E-08 1.4855E-08 1.5381E-08 1.5891E-08 1.6387E-08 1.6862E-08 1.7318E-08 1.7747E-08 1.8148E-08 1.8517E-08 1.8852E-08 1.9148E-08 1.9403E-08 1.9617E-08 1.9785E-08 1.9926E-08 2.0040E-08 2.0112E-08 2.0128E-08 2.0079E-08 1.9954E-08 1.9740E-08 1.9435E-08 1.9046E-08 1.8582E-08 1.8044E-08 1.7429E-08 1.6740E-08 1.5978E-08 1.5139E-08 1.4232E-08 1.3263E-08 1.2245E-08 1.1192E-08 1.0122E-08 9.0559E-09 8.0176E-09 7.0259E-09 6.0900E-09 5.2193E-09 4.4218E-09 3.6976E-09 3.0515E-09 2.4804E-09
7.0092E-09 7.4826E-09 7.9679E-09 8.4716E-09 8.9820E-09 9.5079E-09 1.0041E-08 1.0584E-08 1.1133E-08 1.1685E-08 1.2240E-08 1.2797E-08 1.3351E-08 1.3901E-08 1.4449E-08 1.4990E-08 1.5520E-08 1.6039E-08 1.6540E-08 1.7026E-08 1.7491E-08 1.7929E-08 1.8342E-08 1.8720E-08 1.9065E-08 1.9371E-08 1.9636E-08 1.9861E-08 2.0060E-08 2.0234E-08 2.0370E-08 2.0456E-08 2.0478E-08 2.0424E-08 2.0282E-08 2.0044E-08 1.9718E-08 1.9313E-08 1.8827E-08 1.8262E-08 1.7615E-08 1.6884E-08 1.6069E-08 1.5175E-08 1.4208E-08 1.3180E-08 1.2109E-08 1.1009E-08 9.9054E-09 8.8205E-09 7.7673E-09 6.7728E-09 5.8396E-09 4.9771E-09 4.1861E-09 3.4735E-09 2.8334E-09
6.6498E-09 7.1071E-09 7.5771E-09 8.0642E-09 8.5614E-09 9.0743E-09 9.5960E-09 1.0130E-08 1.0671E-08 1.1218E-08 1.1770E-08 1.2326E-08 1.2884E-08 1.3439E-08 1.3995E-08 1.4549E-08 1.5094E-08 1.5632E-08 1.6156E-08 1.6669E-08 1.7164E-08 1.7638E-08 1.8086E-08 1.8507E-08 1.8898E-08 1.9252E-08 1.9568E-08 1.9844E-08 2.0099E-08 2.0331E-08 2.0532E-08 2.0687E-08 2.0780E-08 2.0800E-08 2.0730E-08 2.0566E-08 2.0310E-08 1.9968E-08 1.9544E-08 1.9039E-08 1.8441E-08 1.7754E-08 1.6976E-08 1.6106E-08 1.5155E-08 1.4134E-08 1.3053E-08 1.1937E-08 1.0806E-08 9.6846E-09 8.5912E-09 7.5397E-09 6.5463E-09 5.6149E-09 4.7524E-09 3.9629E-09 3.2521E-09
6.2827E-09 6.7216E-09 7.1752E-09 7.6445E-09 8.1257E-09 8.6245E-09 9.1325E-09 9.6535E-09 1.0185E-08 1.0724E-08 1.1269E-08 1.1823E-08 1.2380E-08 1.2936E-08 1.3498E-08 1.4060E-08 1.4617E-08 1.5170E-08 1.5712E-08 1.6247E-08 1.6769E-08 1.7272E-08 1.7756E-08 1.8213E-08 1.8643E-08 1.9041E-08 1.9405E-08 1.9735E-08 2.0039E-08 2.0327E-08 2.0588E-08 2.0811E-08 2.0975E-08 2.1067E-08 2.1074E-08 2.0987E-08 2.0802E-08 2.0532E-08 2.0181E-08 1.9738E-08 1.9203E-08 1.8572E-08 1.7840E-08 1.7012E-08 1.6094E-08 1.5091E-08 1.4022E-08 1.2905E-08 1.1764E-08 1.0619E-08 9.4905E-09 8.3936E-09 7.3397E-09 6.3458E-09 5.4084E-09 4.5402E-09 3.7458E-09
5.9108E-09 6.3304E-09 6.7658E-09 7.2163E-09 7.6793E-09 8.1623E-09 8.6536E-09 9.1607E-09 9.6803E-09 1.0207E-08 1.0744E-08 1.1291E-08 1.1844E-08 1.2399E-08 1.2961E-08 1.3528E-08 1.4092E-08 1.4654E-08 1.5211E-08 1.5764E-08 1.6306E-08 1.6835E-08 1.7345E-08 1.7836E-08 1.8302E-08 1.8740E-08 1.9146E-08 1.9523E-08 1.9875E-08 2.0214E-08 2.0533E-08 2.0817E-08 2.1050E-08 2.1214E-08 2.1297E-08 2.1287E-08 2.1183E-08 2.0988E-08 2.0711E-08 2.0343E-08 1.9880E-08 1.9315E-08 1.8647E-08 1.7877E-08 1.7006E-08 1.6046E-08 1.5008E-08 1.3914E-08 1.2781E-08 1.1630E-08 1.0477E-08 9.3496E-09 8.2486E-09 7.1922E-09 6.1807E-09 5.2249E-09 4.3357E-09
5.5371E-09 5.9369E-09 6.3524E-09 6.7833E-09 7.2262E-09 7.6912E-09 8.1654E-09 8.6556E-09 9.1602E-09 9.6736E-09 1.0199E-08 1.0735E-08 1.1281E-08 1.1831E-08 1.2390E-08 1.2957E-08 1.3523E-08 1.4091E-08 1.4656E-08 1.5221E-08 1.5780E-08 1.6327E-08 1.6862E-08 1.7378E-08 1.7873E-08 1.8346E-08 1.8792E-08 1.9209E-08 1.9605E-08 1.9988E-08 2.0357E-08 2.0703E-08 2.0999E-08 2.1231E-08 2.1387E-08 2.1459E-08 2.1433E-08 2.1319E-08 2.1121E-08 2.0835E-08 2.0453E-08 1.9966E-08 1.9378E-08 1.8682E-08 1.7878E-08 1.6980E-08 1.5999E-08 1.4948E-08 1.3846E-08 1.2712E-08 1.1566E-08 1.0417E-08 9.2793E-09 8.1656E-09 7.0789E-09 6.0321E-09 5.0448E-09
5.1648E-09 5.5441E-09 5.9384E-09 6.3488E-09 6.7712E-09 7.2159E-09 7.6710E-09 8.1431E-09 8.6304E-09 9.1266E-09 9.6384E-09 1.0161E-08 1.0696E-08 1.1237E-08 1.1789E-08 1.2351E-08 1.2916E-08 1.3484E-08 1.4054E-08 1.4625E-08 1.5193E-08 1.5753E-08 1.6305E-08 1.6842E-08 1.7362E-08 1.7862E-08 1.8340E-08 1.8792E-08 1.9227E-08 1.9648E-08 2.0061E-08 2.0459E-08 2.0813E-08 2.1109E-08 2.1340E-08 2.1486E-08 2.1541E-08 2.1510E-08 2.1395E-08 2.1197E-08 2.0901E-08 2.0508E-08 2.0012E-08 1.9402E-08 1.8691E-08 1.7882E-08 1.6979E-08 1.6003E-08 1.4962E-08 1.3871E-08 1.2745E-08 1.1601E-08 1.0447E-08 9.2873E-09 8.1288E-09 6.9917E-09 5.8888E-09
4.7978E-09 5.1551E-09 5.5277E-09 5.9167E-09 6.3176E-09 6.7405E-09 7.1755E-09 7.6275E-09 8.0950E-09 8.5727E-09 9.0665E-09 9.5739E-09 1.0095E-08 1.0622E-08 1.1164E-08 1.1717E-08 1.2275E-08 1.2841E-08 1.3407E-08 1.3980E-08 1.4552E-08 1.5119E-08 1.5681E-08 1.6232E-08 1.6770E-08 1.7291E-08 1.7795E-08 1.8274E-08 1.8738E-08 1.9195E-08 1.9645E-08 2.0087E-08 2.0493E-08 2.0846E-08 2.1141E-08 2.1361E-08 2.1498E-08 2.1543E-08 2.1518E-08 2.1409E-08 2.1211E-08 2.0923E-08 2.0524E-08 2.0027E-08 1.9432E-08 1.8731E-08 1.7939E-08 1.7065E-08 1.6115E-08 1.5098E-08 1.4035E-08 1.2921E-08 1.1767E-08 1.0573E-08 9.3480E-09 8.1111E-09 6.8939E-09
4.4383E-09 4.7739E-09 5.1232E-09 5.4902E-09 5.8690E-09 6.2691E-09 6.6818E-09 7.1128E-09 7.5588E-09 8.0159E-09 8.4897E-09 8.9781E-09 9.4821E-09 9.9937E-09 1.0521E-08 1.1061E-08 1.1609E-08 1.2165E-08 1.2725E-08 1.3293E-08 1.3862E-08 1.4430E-08 1.4997E-08 1.5554E-08 1.6102E-08 1.6639E-08 1.7158E-08 1.7662E-08 1.8148E-08 1.8629E-08 1.9106E-08 1.9585E-08 2.0035E-08 2.0438E-08 2.0792E-08 2.1081E-08 2.1290E-08 2.1417E-08 2.1479E-08 2.1460E-08 2.1369E-08 2.1180E-08 2.0903E-08 2.0538E-08 2.0068E-08 1.9507E-08 1.8857E-08 1.8114E-08 1.7287E-08 1.6391E-08 1.5413E-08 1.4364E-08 1.3232E-08 1.1960E-08 1.0742E-08 9.4195E-09 8.0804E-09
4.0869E-09 4.4022E-09 4.7287E-09 5.0725E-09 5.4286E-09 5.8050E-09 6.1948E-09 6.6030E-09 7.0259E-09 7.4608E-09 7.9126E-09 8.3798E-09 8.8634E-09 9.3558E-09 9.8656E-09 1.0389E-08 1.0921E-08 1.1464E-08 1.2012E-08 1.2570E-08 1.3131E-08 1.3695E-08 1.4258E-08 1.4816E-08 1.5369E-08 1.5910E-08 1.6440E-08 1.6956E-08 1.7458E-08 1.7957E-08 1.8457E-08 1.8958E-08 1.9444E-08 1.9889E-08 2.0291E-08 2.0640E-08 2.0918E-08 2.1123E-08 2.1263E-08 2.1344E-08 2.1349E-08 2.1278E-08 2.1137E-08 2.0902E-08 2.0588E-08 2.0191E-08 1.9705E-08 1.9129E-08 1.8476E-08 1.7725E-08 1.6879E-08 1.5924E-08 1.4854E-08 1.3647E-08 1.2316E-08 1.0904E-08 9.4559E-09
3.7491E-09 4.0402E-09 4.3459E-09 4.6666E-09 4.9993E-09 5.3515E-09 5.7173E-09 6.1016E-09 6.5002E-09 6.9112E-09 7.3382E-09 7.7837E-09 8.2431E-09 8.7149E-09 9.2029E-09 9.7067E-09 1.0219E-08 1.0744E-08 1.1277E-08 1.1819E-08 1.2367E-08 1.2920E-08 1.3474E-08 1.4026E-08 1.4574E-08 1.5115E-08 1.5647E-08 1.6168E-08 1.6678E-08 1.7185E-08 1.7696E-08 1.8215E-08 1.8724E-08 1.9202E-08 1.9642E-08 2.0043E-08 2.0382E-08 2.0657E-08 2.0876E-08 2.1045E-08 2.1151E-08 2.1208E-08 2.1191E-08 2.1112E-08 2.0972E-08 2.0751E-08 2.0456E-08 2.0092E-08 1.9631E-08 1.9075E-08 1.8400E-08 1.7586E-08 1.6595E-08 1.5426E-08 1.4077E-08 1.2605E-08 1.1028E-08
3.4236E-09 3.6941E-09 3.9760E-09 4.2742E-09 4.5834E-09 4.9111E-09 5.2522E-09 5.6116E-09 5.9852E-09 6.3714E-09 6.7734E-09 7.1924E-09 7.6291E-09 8.0742E-09 8.5399E-09 9.0206E-09 9.5103E-09 1.0013E-08 1.0525E-08 1.1049E-08 1.1578E-08 1.2114E-08 1.2655E-08 1.3192E-08 1.3730E-08 1.4263E-08 1.4788E-08 1.5308E-08 1.5818E-08 1.6324E-08 1.6839E-08 1.7363E-08 1.7886E-08 1.8386E-08 1.8855E-08 1.9296E-08 1.9687E-08 2.0020E-08 2.0311E-08 2.0563E-08 2.0778E-08 2.0946E-08 2.1068E-08 2.1154E-08 2.1181E-08 2.1164E-08 2.1095E-08 2.0948E-08 2.0731E-08 2.0407E-08 1.9946E-08 1.9296E-08 1.8429E-08 1.7338E-08 1.6011E-08 1.4485E-08 1.2805E-08
3.1126E-09 3.3612E-09 3.6214E-09 3.8966E-09 4.1829E-09 4.4861E-09 4.8025E-09 5.1365E-09 5.4844E-09 5.8448E-09 6.2208E-09 6.6127E-09 7.0225E-09 7.4411E-09 7.8806E-09 8.3364E-09 8.8003E-09 9.2792E-09 9.7666E-09 1.0266E-08 1.0772E-08 1.1287E-08 1.1807E-08 1.2326E-08 1.2848E-08 1.3364E-08 1.3877E-08 1.4386E-08 1.4888E-08 1.5389E-08 1.5896E-08 1.6417E-08 1.6944E-08 1.7455E-08 1.7941E-08 1.8410E-08 1.8839E-08 1.9224E-08 1.9577E-08 1.9910E-08 2.0215E-08 2.0493E-08 2.0759E-08 2.0994E-08 2.1213E-08 2.1413E-08 2.1568E-08 2.1687E-08 2.1731E-08 2.1676E-08 2.1452E-08 2.1016E-08 2.0331E-08 1.9347E-08 1.8073E-08 1.6520E-08 1.4756E-08
2.8193E-09 3.0428E-09 3.2823E-09 3.5355E-09 3.7991E-09 4.0788E-09 4.3705E-09 4.6790E-09 5.0009E-09 5.3350E-09 5.6842E-09 6.0484E-09 6.4308E-09 6.8203E-09 7.2327E-09 7.6593E-09 8.0966E-09 8.5474E-09 9.0076E-09 9.4794E-09 9.9602E-09 1.0448E-08 1.0943E-08 1.1437E-08 1.1936E-08 1.2433E-08 1.2926E-08 1.3418E-08 1.3905E-08 1.4392E-08 1.4882E-08 1.5393E-08 1.5912E-08 1.6422E-08 1.6917E-08 1.7398E-08 1.7858E-08 1.8280E-08 1.8688E-08 1.9082E-08 1.9470E-08 1.9860E-08 2.0247E-08 2.0640E-08 2.1049E-08 2.1450E-08 2.1859E-08 2.2243E-08 2.2583E-08 2.2808E-08 2.2871E-08 2.2698E-08 2.2219E-08 2.1402E-08 2.0212E-08 1.8689E-08 1.6872E-08
2.5405E-09 2.7460E-09 2.9603E-09 3.1929E-09 3.4337E-09 3.6901E-09 3.9581E-09 4.2413E-09 4.5371E-09 4.8448E-09 5.1668E-09 5.5037E-09 5.8551E-09 6.2184E-09 6.5979E-09 6.9977E-09 7.4044E-09 7.8252E-09 8.2556E-09 8.6976E-09 9.1483E-09 9.6072E-09 1.0073E-08 1.0537E-08 1.1009E-08 1.1479E-08 1.1948E-08 1.2417E-08 1.2882E-08 1.3347E-08 1.3818E-08 1.4305E-08 1.4810E-08 1.5306E-08 1.5798E-08 1.6282E-08 1.6756E-08 1.7207E-08 1.7651E-08 1.8100E-08 1.8560E-08 1.9039E-08 1.9540E-08 2.0085E-08 2.0657E-08 2.1277E-08 2.1924E-08 2.2589E-08 2.3218E-08 2.3766E-08 2.4141E-08 2.4261E-08 2.4055E-08 2.3439E-08 2.2412E-08 2.0949E-08 1.9118E-08
2.2806E-09 2.4665E-09 2.6593E-09 2.8686E-09 3.0896E-09 3.3220E-09 3.5659E-09 3.8248E-09 4.0954E-09 4.3766E-09 4.6715E-09 4.9804E-09 5.3030E-09 5.6346E-09 5.9859E-09 6.3531E-09 6.7305E-09 7.1189E-09 7.5178E-09 7.9279E-09 8.3461E-09 8.7728E-09 9.2058E-09 9.6394E-09 1.0079E-08 1.0518E-08 1.0956E-08 1.1396E-08 1.1835E-08 1.2273E-08 1.2716E-08 1.3172E-08 1.3653E-08 1.4132E-08 1.4607E-08 1.5087E-08 1.5558E-08 1.6028E-08 1.6493E-08 1.6984E-08 1.7493E-08 1.8048E-08 1.8652E-08 1.9318E-08 2.0051E-08 2.0864E-08 2.1745E-08 2.2675E-08 2.3614E-08 2.4480E-08 2.5193E-08 2.5655E-08 2.5751E-08 2.5418E-08 2.4570E-08 2.3236E-08 2.1441E-08
2.0349E-09 2.2046E-09 2.3795E-09 2.5640E-09 2.7642E-09 2.9767E-09 3.1966E-09 3.4310E-09 3.6774E-09 3.9328E-09 4.2010E-09 4.4819E-09 4.7764E-09 5.0759E-09 5.3963E-09 5.7309E-09 6.0781E-09 6.4358E-09 6.8002E-09 7.1776E-09 7.5623E-09 7.9539E-09 8.3533E-09 8.7512E-09 9.1567E-09 9.5625E-09 9.9656E-09 1.0373E-08 1.0780E-08 1.1186E-08 1.1596E-08 1.2021E-08 1.2466E-08 1.2916E-08 1.3366E-08 1.3829E-08 1.4295E-08 1.4761E-08 1.5240E-08 1.5748E-08 1.6297E-08 1.6906E-08 1.7588E-08 1.8351E-08 1.9223E-08 2.0206E-08 2.1298E-08 2.2487E-08 2.3713E-08 2.4910E-08 2.5981E-08 2.6798E-08 2.7256E-08 2.7217E-08 2.6648E-08 2.5494E-08 2.3789E-08
1.8085E-09 1.9591E-09 2.1173E-09 2.2840E-09 2.4596E-09 2.6517E-09 2.8519E-09 3.0620E-09 3.2847E-09 3.5149E-09 3.7568E-09 4.0109E-09 4.2773E-09 4.5484E-09 4.8345E-09 5.1379E-09 5.4502E-09 5.7769E-09 6.1119E-09 6.4533E-09 6.8028E-09 7.1609E-09 7.5229E-09 7.8855E-09 8.2534E-09 8.6229E-09 8.9917E-09 9.3590E-09 9.7291E-09 1.0103E-08 1.0477E-08 1.0863E-08 1.1275E-08 1.1687E-08 1.2107E-08 1.2538E-08 1.2983E-08 1.3436E-08 1.3912E-08 1.4425E-08 1.4995E-08 1.5635E-08 1.6367E-08 1.7210E-08 1.8184E-08 1.9306E-08 2.0586E-08 2.1996E-08 2.3499E-08 2.5020E-08 2.6439E-08 2.7644E-08 2.8465E-08 2.8813E-08 2.8550E-08 2.7641E-08 2.6097E-08
1.6013E-09 1.7309E-09 1.8748E-09 2.0229E-09 2.1787E-09 2.3502E-09 2.5285E-09 2.7190E-09 2.9182E-09 3.1244E-09 3.3407E-09 3.5685E-09 3.8076E-09 4.0512E-09 4.3075E-09 4.5765E-09 4.8563E-09 5.1481E-09 5.4511E-09 5.7620E-09 6.0762E-09 6.3982E-09 6.7245E-09 7.0504E-09 7.3804E-09 7.7090E-09 8.0408E-09 8.3726E-09 8.7047E-09 9.0396E-09 9.3790E-09 9.7231E-09 1.0089E-08 1.0467E-08 1.0846E-08 1.1239E-08 1.1653E-08 1.2087E-08 1.2540E-08 1.3047E-08 1.3612E-08 1.4265E-08 1.5023E-08 1.5911E-08 1.6955E-08 1.8187E-08 1.9611E-08 2.1214E-08 2.2962E-08 2.4769E-08 2.6545E-08 2.8114E-08 2.9358E-08 3.0092E-08 3.0198E-08 2.9610E-08 2.8284E-08
1.4104E-09 1.5257E-09 1.6484E-09 1.7826E-09 1.9208E-09 2.0684E-09 2.2304E-09 2.3986E-09 2.5785E-09 2.7615E-09 2.9540E-09 3.1565E-09 3.3695E-09 3.5860E-09 3.8143E-09 4.0515E-09 4.2993E-09 4.5559E-09 4.8259E-09 5.1031E-09 5.3868E-09 5.6741E-09 5.9616E-09 6.2504E-09 6.5445E-09 6.8369E-09 7.1270E-09 7.4238E-09 7.7191E-09 8.0140E-09 8.3142E-09 8.6179E-09 8.9367E-09 9.2703E-09 9.6026E-09 9.9601E-09 1.0331E-08 1.0730E-08 1.1157E-08 1.1643E-08 1.2186E-08 1.2833E-08 1.3586E-08 1.4494E-08 1.5573E-08 1.6877E-08 1.8399E-08 2.0151E-08 2.2092E-08 2.4168E-08 2.6241E-08 2.8200E-08 2.9839E-08 3.0997E-08 3.1532E-08 3.1304E-08 3.0293E-08
1.2338E-09 1.3337E-09 1.4456E-09 1.5601E-09 1.6843E-09 1.8146E-09 1.9519E-09 2.1049E-09 2.2630E-09 2.4271E-09 2.5967E-09 2.7754E-09 2.9636E-09 3.1550E-09 3.3562E-09 3.5657E-09 3.7777E-09 4.0028E-09 4.2352E-09 4.4840E-09 4.7329E-09 4.9876E-09 5.2460E-09 5.4975E-09 5.7548E-09 6.0108E-09 6.2668E-09 6.5213E-09 6.7794E-09 7.0410E-09 7.2963E-09 7.5599E-09 7.8348E-09 8.1187E-09 8.4114E-09 8.7155E-09 9.0479E-09 9.3994E-09 9.7945E-09 1.0239E-08 1.0755E-08 1.1365E-08 1.2100E-08 1.2993E-08 1.4081E-08 1.5403E-08 1.6984E-08 1.8830E-08 2.0923E-08 2.3191E-08 2.5555E-08 2.7837E-08 2.9875E-08 3.1479E-08 3.2447E-08 3.2654E-08 3.1999E-08
1.0702E-09 1.1656E-09 1.2590E-09 1.3563E-09 1.4644E-09 1.5805E-09 1.7008E-09 1.8285E-09 1.9717E-09 2.1176E-09 2.2664E-09 2.4228E-09 2.5875E-09 2.7547E-09 2.9315E-09 3.1147E-09 3.3007E-09 3.4922E-09 3.6977E-09 3.9048E-09 4.1251E-09 4.3473E-09 4.5710E-09 4.7952E-09 5.0184E-09 5.2399E-09 5.4583E-09 5.6816E-09 5.8983E-09 6.1209E-09 6.3447E-09 6.5626E-09 6.7925E-09 7.0284E-09 7.2774E-09 7.5332E-09 7.8170E-09 8.1293E-09 8.4696E-09 8.8717E-09 9.3441E-09 9.9111E-09 1.0603E-08 1.1459E-08 1.2518E-08 1.3820E-08 1.5412E-08 1.7294E-08 1.9465E-08 2.1895E-08 2.4454E-08 2.7034E-08 2.9437E-08 3.1455E-08 3.2888E-08 3.3543E-08 3.3336E-08
9.2390E-10 1.0076E-09 1.0905E-09 1.1742E-09 1.2632E-09 1.3666E-09 1.4729E-09 1.5816E-09 1.7035E-09 1.8333E-09 1.9655E-09 2.1017E-09 2.2449E-09 2.3897E-09 2.5429E-09 2.7020E-09 2.8637E-09 3.0287E-09 3.2001E-09 3.3816E-09 3.5641E-09 3.7582E-09 3.9504E-09 4.1407E-09 4.3360E-09 4.5246E-09 4.7141E-09 4.8995E-09 5.0840E-09 5.2678E-09 5.4565E-09 5.6360E-09 5.8258E-09 6.0191E-09 6.2159E-09 6.4312E-09 6.6581E-09 6.9225E-09 7.2162E-09 7.5616E-09 7.9860E-09 8.5005E-09 9.1362E-09 9.9306E-09 1.0929E-08 1.2180E-08 1.3729E-08 1.5589E-08 1.7791E-08 2.0276E-08 2.2986E-08 2.5787E-08 2.8491E-08 3.0898E-08 3.2763E-08 3.3913E-08 3.4155E-08
