Assets/Resources/2015_m01_d17_1400(utc+0800)_l00_csi_1hr_conc.grd
DSAA
         159         159
     -79.000      79.000
     -79.000      79.000
  0.0000E+00  0.3519E-05
[rows 25 to 49 of 159, columns 0 to 56 of 159]
1.5669E-09 1.6672E-09 1.7710E-09 1.8873E-09 2.0111E-09 2.1348E-09 2.2695E-09 2.4142E-09 2.5599E-09 2.7103E-09 2.8741E-09 3.0431E-09 3.2134E-09 3.3925E-09 3.5798E-09 3.7690E-09 3.9630E-09 4.1671E-09 4.3780E-09 4.5899E-09 4.8046E-09 5.0218E-09 5.2363E-09 5.4508E-09 5.6644E-09 5.8769E-09 6.0870E-09 6.2939E-09 6.4957E-09 6.6906E-09 6.8781E-09 7.0561E-09 7.2238E-09 7.3789E-09 7.5205E-09 7.6478E-09 7.7594E-09 7.8558E-09 7.9362E-09 7.9986E-09 8.0436E-09 8.0688E-09 8.0816E-09 8.0772E-09 8.0539E-09 8.0139E-09 7.9608E-09 7.8895E-09 7.8035E-09 7.7062E-09 7.5911E-09 7.4662E-09 7.3270E-09 7.1809E-09 7.0178E-09 6.8518E-09 6.6836E-09
1.6000E-09 1.7033E-09 1.8170E-09 1.9405E-09 2.0643E-09 2.1980E-09 2.3435E-09 2.4904E-09 2.6419E-09 2.8100E-09 2.9834E-09 3.1580E-09 3.3432E-09 3.5393E-09 3.7376E-09 3.9414E-09 4.1572E-09 4.3769E-09 4.5995E-09 4.8282E-09 5.0607E-09 5.2958E-09 5.5318E-09 5.7665E-09 5.9991E-09 6.2292E-09 6.4565E-09 6.6803E-09 6.8977E-09 7.1082E-09 7.3096E-09 7.5006E-09 7.6791E-09 7.8437E-09 7.9928E-09 8.1249E-09 8.2393E-09 8.3358E-09 8.4132E-09 8.4732E-09 8.5130E-09 8.5363E-09 8.5375E-09 8.5209E-09 8.4849E-09 8.4341E-09 8.3647E-09 8.2774E-09 8.1779E-09 8.0576E-09 7.9297E-09 7.7856E-09 7.6285E-09 7.4629E-09 7.2801E-09 7.0928E-09 6.9059E-09
1.6330E-09 1.7433E-09 1.8656E-09 1.9902E-09 2.1215E-09 2.2667E-09 2.4147E-09 2.5667E-09 2.7363E-09 2.9133E-09 3.0905E-09 3.2816E-09 3.4863E-09 3.6929E-09 3.9069E-09 4.1330E-09 4.3633E-09 4.5990E-09 4.8418E-09 5.0908E-09 5.3421E-09 5.5961E-09 5.8506E-09 6.1057E-09 6.3599E-09 6.6118E-09 6.8605E-09 7.1042E-09 7.3407E-09 7.5685E-09 7.7854E-09 7.9902E-09 8.1799E-09 8.3534E-09 8.5095E-09 8.6463E-09 8.7632E-09 8.8600E-09 8.9356E-09 8.9906E-09 9.0237E-09 9.0339E-09 9.0271E-09 8.9983E-09 8.9490E-09 8.8811E-09 8.7964E-09 8.6894E-09 8.5716E-09 8.4346E-09 8.2868E-09 8.1190E-09 7.9429E-09 7.7538E-09 7.5524E-09 7.3435E-09 7.1346E-09
1.6666E-09 1.7875E-09 1.9127E-09 2.0409E-09 2.1851E-09 2.3340E-09 2.4851E-09 2.6548E-09 2.8335E-09 3.0129E-09 3.2081E-09 3.4186E-09 3.6331E-09 3.8542E-09 4.0909E-09 4.3351E-09 4.5839E-09 4.8406E-09 5.1008E-09 5.3665E-09 5.6371E-09 5.9138E-09 6.1939E-09 6.4747E-09 6.7537E-09 7.0290E-09 7.3002E-09 7.5635E-09 7.8199E-09 8.0657E-09 8.3002E-09 8.5192E-09 8.7218E-09 8.9055E-09 9.0689E-09 9.2106E-09 9.3304E-09 9.4268E-09 9.4997E-09 9.5485E-09 9.5735E-09 9.5761E-09 9.5516E-09 9.5088E-09 9.4453E-09 9.3591E-09 9.2541E-09 9.1294E-09 8.9893E-09 8.8292E-09 8.6574E-09 8.4708E-09 8.2712E-09 8.0584E-09 7.8313E-09 7.6020E-09 7.3698E-09
1.7060E-09 1.8319E-09 1.9576E-09 2.0983E-09 2.2481E-09 2.3995E-09 2.5660E-09 2.7451E-09 2.9263E-09 3.1236E-09 3.3383E-09 3.5572E-09 3.7838E-09 4.0314E-09 4.2893E-09 4.5512E-09 4.8205E-09 5.0950E-09 5.3775E-09 5.6673E-09 5.9646E-09 6.2663E-09 6.5715E-09 6.8775E-09 7.1828E-09 7.4854E-09 7.7823E-09 8.0714E-09 8.3506E-09 8.6177E-09 8.8705E-09 9.1056E-09 9.3211E-09 9.5152E-09 9.6856E-09 9.8315E-09 9.9517E-09 1.0047E-08 1.0114E-08 1.0156E-08 1.0171E-08 1.0159E-08 1.0120E-08 1.0059E-08 9.9724E-09 9.8660E-09 9.7413E-09 9.5920E-09 9.4264E-09 9.2434E-09 9.0446E-09 8.8352E-09 8.6102E-09 8.3745E-09 8.1221E-09 7.8642E-09 7.6097E-09
1.7465E-09 1.8714E-09 2.0067E-09 2.1566E-09 2.3079E-09 2.4705E-09 2.6495E-09 2.8325E-09 3.0283E-09 3.2448E-09 3.4679E-09 3.6983E-09 3.9543E-09 4.2230E-09 4.4949E-09 4.7761E-09 5.0673E-09 5.3676E-09 5.6759E-09 5.9911E-09 6.3130E-09 6.6415E-09 6.9759E-09 7.3134E-09 7.6494E-09 7.9818E-09 8.3057E-09 8.6202E-09 8.9221E-09 9.2112E-09 9.4824E-09 9.7342E-09 9.9635E-09 1.0168E-08 1.0346E-08 1.0498E-08 1.0620E-08 1.0712E-08 1.0775E-08 1.0808E-08 1.0810E-08 1.0786E-08 1.0732E-08 1.0644E-08 1.0539E-08 1.0410E-08 1.0255E-08 1.0083E-08 9.8904E-09 9.6778E-09 9.4521E-09 9.2150E-09 8.9621E-09 8.6985E-09 8.4215E-09 8.1349E-09 7.8519E-09
1.7824E-09 1.9107E-09 2.0584E-09 2.2111E-09 2.3681E-09 2.5461E-09 2.7318E-09 2.9249E-09 3.1411E-09 3.3666E-09 3.5998E-09 3.8604E-09 4.1365E-09 4.4157E-09 4.7087E-09 5.0161E-09 5.3339E-09 5.6609E-09 5.9953E-09 6.3397E-09 6.6935E-09 7.0546E-09 7.4202E-09 7.7875E-09 8.1549E-09 8.5169E-09 8.8720E-09 9.2160E-09 9.5466E-09 9.8602E-09 1.0154E-08 1.0424E-08 1.0668E-08 1.0884E-08 1.1070E-08 1.1224E-08 1.1346E-08 1.1434E-08 1.1488E-08 1.1509E-08 1.1498E-08 1.1456E-08 1.1384E-08 1.1277E-08 1.1139E-08 1.0986E-08 1.0805E-08 1.0603E-08 1.0378E-08 1.0137E-08 9.8764E-09 9.6061E-09 9.3262E-09 9.0323E-09 8.7249E-09 8.4115E-09 8.0998E-09
1.8135E-09 1.9550E-09 2.1088E-09 2.2621E-09 2.4347E-09 2.6224E-09 2.8141E-09 3.0269E-09 3.2548E-09 3.4903E-09 3.7506E-09 4.0305E-09 4.3168E-09 4.6197E-09 4.9395E-09 5.2713E-09 5.6145E-09 5.9697E-09 6.3377E-09 6.7162E-09 7.1026E-09 7.4957E-09 7.8936E-09 8.2959E-09 8.6999E-09 9.0979E-09 9.4872E-09 9.8623E-09 1.0222E-08 1.0560E-08 1.0875E-08 1.1164E-08 1.1423E-08 1.1650E-08 1.1844E-08 1.2002E-08 1.2124E-08 1.2207E-08 1.2253E-08 1.2263E-08 1.2236E-08 1.2173E-08 1.2077E-08 1.1945E-08 1.1783E-08 1.1590E-08 1.1380E-08 1.1146E-08 1.0889E-08 1.0613E-08 1.0320E-08 1.0014E-08 9.6979E-09 9.3745E-09 9.0344E-09 8.6896E-09 8.3490E-09
1.8471E-09 1.9993E-09 2.1519E-09 2.3158E-09 2.5030E-09 2.6950E-09 2.9012E-09 3.1302E-09 3.3686E-09 3.6260E-09 3.9076E-09 4.1995E-09 4.5089E-09 4.8373E-09 5.1799E-09 5.5371E-09 5.9124E-09 6.3028E-09 6.7061E-09 7.1184E-09 7.5394E-09 7.9702E-09 8.4068E-09 8.8477E-09 9.2862E-09 9.7202E-09 1.0143E-08 1.0553E-08 1.0943E-08 1.1311E-08 1.1651E-08 1.1960E-08 1.2237E-08 1.2476E-08 1.2677E-08 1.2838E-08 1.2957E-08 1.3034E-08 1.3069E-08 1.3062E-08 1.3016E-08 1.2931E-08 1.2809E-08 1.2655E-08 1.2462E-08 1.2235E-08 1.1985E-08 1.1716E-08 1.1426E-08 1.1113E-08 1.0780E-08 1.0433E-08 1.0082E-08 9.7202E-09 9.3490E-09 8.9707E-09 8.5973E-09
1.8827E-09 2.0363E-09 2.1921E-09 2.3737E-09 2.5670E-09 2.7661E-09 2.9920E-09 3.2336E-09 3.4869E-09 3.7692E-09 4.0660E-09 4.3786E-09 4.7117E-09 5.0616E-09 5.4308E-09 5.8215E-09 6.2309E-09 6.6554E-09 7.0935E-09 7.5455E-09 8.0086E-09 8.4814E-09 8.9594E-09 9.4398E-09 9.9184E-09 1.0393E-08 1.0857E-08 1.1304E-08 1.1727E-08 1.2124E-08 1.2488E-08 1.2819E-08 1.3111E-08 1.3365E-08 1.3573E-08 1.3736E-08 1.3852E-08 1.3922E-08 1.3943E-08 1.3921E-08 1.3853E-08 1.3742E-08 1.3592E-08 1.3402E-08 1.3174E-08 1.2912E-08 1.2622E-08 1.2310E-08 1.1980E-08 1.1631E-08 1.1260E-08 1.0867E-08 1.0473E-08 1.0073E-08 9.6626E-09 9.2521E-09 8.8445E-09
1.9150E-09 2.0669E-09 2.2376E-09 2.4300E-09 2.6247E-09 2.8424E-09 3.0848E-09 3.3352E-09 3.6119E-09 3.9136E-09 4.2292E-09 4.5642E-09 4.9178E-09 5.2958E-09 5.6979E-09 6.1219E-09 6.5645E-09 7.0264E-09 7.5066E-09 8.0027E-09 8.5098E-09 9.0245E-09 9.5473E-09 1.0071E-08 1.0595E-08 1.1109E-08 1.1612E-08 1.2096E-08 1.2555E-08 1.2984E-08 1.3377E-08 1.3730E-08 1.4039E-08 1.4304E-08 1.4518E-08 1.4683E-08 1.4794E-08 1.4854E-08 1.4862E-08 1.4819E-08 1.4726E-08 1.4589E-08 1.4406E-08 1.4182E-08 1.3920E-08 1.3621E-08 1.3284E-08 1.2925E-08 1.2550E-08 1.2158E-08 1.1748E-08 1.1314E-08 1.0874E-08 1.0429E-08 9.9761E-09 9.5286E-09 9.0879E-09
1.9405E-09 2.0993E-09 2.2847E-09 2.4789E-09 2.6846E-09 2.9226E-09 3.1732E-09 3.4395E-09 3.7410E-09 4.0589E-09 4.3947E-09 4.7506E-09 5.1334E-09 5.5428E-09 5.9765E-09 6.4331E-09 6.9153E-09 7.4197E-09 7.9440E-09 8.4846E-09 9.0383E-09 9.6037E-09 1.0176E-08 1.0748E-08 1.1317E-08 1.1878E-08 1.2425E-08 1.2949E-08 1.3445E-08 1.3905E-08 1.4328E-08 1.4704E-08 1.5033E-08 1.5310E-08 1.5534E-08 1.5698E-08 1.5805E-08 1.5853E-08 1.5845E-08 1.5779E-08 1.5659E-08 1.5488E-08 1.5268E-08 1.5005E-08 1.4702E-08 1.4361E-08 1.3979E-08 1.3570E-08 1.3136E-08 1.2701E-08 1.2244E-08 1.1771E-08 1.1281E-08 1.0789E-08 1.0286E-08 9.8000E-09 9.3224E-09
1.9623E-09 2.1348E-09 2.3266E-09 2.5237E-09 2.7497E-09 2.9990E-09 3.2571E-09 3.5504E-09 3.8698E-09 4.2039E-09 4.5596E-09 4.9447E-09 5.3585E-09 5.7978E-09 6.2643E-09 6.7601E-09 7.2844E-09 7.8321E-09 8.4015E-09 8.9914E-09 9.5974E-09 1.0216E-08 1.0839E-08 1.1464E-08 1.2084E-08 1.2694E-08 1.3284E-08 1.3851E-08 1.4386E-08 1.4884E-08 1.5335E-08 1.5739E-08 1.6086E-08 1.6375E-08 1.6604E-08 1.6769E-08 1.6869E-08 1.6904E-08 1.6877E-08 1.6785E-08 1.6635E-08 1.6428E-08 1.6171E-08 1.5865E-08 1.5515E-08 1.5125E-08 1.4701E-08 1.4239E-08 1.3754E-08 1.3250E-08 1.2744E-08 1.2225E-08 1.1690E-08 1.1146E-08 1.0596E-08 1.0064E-08 9.5480E-09
1.9868E-09 2.1698E-09 2.3622E-09 2.5728E-09 2.8153E-09 3.0684E-09 3.3469E-09 3.6630E-09 3.9948E-09 4.3468E-09 4.7299E-09 5.1444E-09 5.5867E-09 6.0592E-09 6.5638E-09 7.1010E-09 7.6667E-09 8.2606E-09 8.8809E-09 9.5229E-09 1.0183E-08 1.0855E-08 1.1536E-08 1.2217E-08 1.2892E-08 1.3554E-08 1.4195E-08 1.4809E-08 1.5385E-08 1.5917E-08 1.6400E-08 1.6831E-08 1.7198E-08 1.7503E-08 1.7737E-08 1.7902E-08 1.7993E-08 1.8014E-08 1.7962E-08 1.7845E-08 1.7660E-08 1.7414E-08 1.7113E-08 1.6759E-08 1.6358E-08 1.5916E-08 1.5440E-08 1.4925E-08 1.4382E-08 1.3817E-08 1.3248E-08 1.2676E-08 1.2093E-08 1.1502E-08 1.0904E-08 1.0321E-08 9.7623E-09
2.0111E-09 2.1984E-09 2.3966E-09 2.6241E-09 2.8738E-09 3.1378E-09 3.4412E-09 3.7707E-09 4.1163E-09 4.4931E-09 4.9039E-09 5.3450E-09 5.8191E-09 6.3286E-09 6.8736E-09 7.4513E-09 8.0623E-09 8.7058E-09 9.3784E-09 1.0075E-08 1.0792E-08 1.1522E-08 1.2262E-08 1.3003E-08 1.3739E-08 1.4457E-08 1.5151E-08 1.5810E-08 1.6430E-08 1.7003E-08 1.7523E-08 1.7979E-08 1.8369E-08 1.8686E-08 1.8927E-08 1.9091E-08 1.9174E-08 1.9179E-08 1.9105E-08 1.8957E-08 1.8737E-08 1.8449E-08 1.8100E-08 1.7694E-08 1.7240E-08 1.6741E-08 1.6203E-08 1.5633E-08 1.5030E-08 1.4404E-08 1.3761E-08 1.3126E-08 1.2492E-08 1.1851E-08 1.1206E-08 1.0566E-08 9.9622E-09
2.0336E-09 2.2224E-09 2.4333E-09 2.6731E-09 2.9262E-09 3.2111E-09 3.5325E-09 3.8719E-09 4.2382E-09 4.6406E-09 5.0762E-09 5.5465E-09 6.0555E-09 6.6033E-09 7.1879E-09 7.8103E-09 8.4696E-09 9.1641E-09 9.8896E-09 1.0645E-08 1.1420E-08 1.2212E-08 1.3014E-08 1.3820E-08 1.4615E-08 1.5393E-08 1.6143E-08 1.6857E-08 1.7525E-08 1.8135E-08 1.8686E-08 1.9170E-08 1.9582E-08 1.9914E-08 2.0164E-08 2.0325E-08 2.0400E-08 2.0384E-08 2.0285E-08 2.0102E-08 1.9844E-08 1.9510E-08 1.9111E-08 1.8650E-08 1.8137E-08 1.7574E-08 1.6973E-08 1.6339E-08 1.5681E-08 1.4991E-08 1.4284E-08 1.3577E-08 1.2882E-08 1.2189E-08 1.1493E-08 1.0800E-08 1.0149E-08
2.0503E-09 2.2455E-09 2.4690E-09 2.7136E-09 2.9802E-09 3.2842E-09 3.6157E-09 3.9697E-09 4.3594E-09 4.7851E-09 5.2462E-09 5.7489E-09 6.2934E-09 6.8784E-09 7.5055E-09 8.1748E-09 8.8841E-09 9.6312E-09 1.0414E-08 1.1227E-08 1.2065E-08 1.2923E-08 1.3789E-08 1.4656E-08 1.5515E-08 1.6358E-08 1.7171E-08 1.7939E-08 1.8651E-08 1.9307E-08 1.9896E-08 2.0413E-08 2.0847E-08 2.1194E-08 2.1451E-08 2.1612E-08 2.1677E-08 2.1645E-08 2.1521E-08 2.1305E-08 2.1004E-08 2.0622E-08 2.0168E-08 1.9650E-08 1.9072E-08 1.8445E-08 1.7776E-08 1.7071E-08 1.6341E-08 1.5591E-08 1.4816E-08 1.4033E-08 1.3262E-08 1.2512E-08 1.1766E-08 1.1022E-08 1.0326E-08
2.0626E-09 2.2684E-09 2.4998E-09 2.7492E-09 3.0325E-09 3.3505E-09 3.6915E-09 4.0655E-09 4.4770E-09 4.9243E-09 5.4145E-09 5.9495E-09 6.5277E-09 7.1522E-09 7.8233E-09 8.5397E-09 9.3007E-09 1.0103E-08 1.0944E-08 1.1818E-08 1.2723E-08 1.3645E-08 1.4576E-08 1.5510E-08 1.6437E-08 1.7346E-08 1.8218E-08 1.9041E-08 1.9813E-08 2.0516E-08 2.1139E-08 2.1683E-08 2.2137E-08 2.2502E-08 2.2767E-08 2.2929E-08 2.2982E-08 2.2931E-08 2.2776E-08 2.2524E-08 2.2178E-08 2.1746E-08 2.1235E-08 2.0654E-08 2.0010E-08 1.9313E-08 1.8572E-08 1.7794E-08 1.6992E-08 1.6169E-08 1.5337E-08 1.4484E-08 1.3643E-08 1.2816E-08 1.2020E-08 1.1231E-08 1.0483E-08
2.0731E-09 2.2880E-09 2.5233E-09 2.7840E-09 3.0826E-09 3.4087E-09 3.7642E-09 4.1575E-09 4.5871E-09 5.0589E-09 5.5779E-09 6.1431E-09 6.7571E-09 7.4215E-09 8.1364E-09 8.9013E-09 9.7143E-09 1.0574E-08 1.1475E-08 1.2415E-08 1.3381E-08 1.4370E-08 1.5373E-08 1.6377E-08 1.7371E-08 1.8341E-08 1.9277E-08 2.0169E-08 2.0993E-08 2.1741E-08 2.2404E-08 2.2981E-08 2.3465E-08 2.3845E-08 2.4116E-08 2.4276E-08 2.4320E-08 2.4251E-08 2.4070E-08 2.3781E-08 2.3390E-08 2.2905E-08 2.2334E-08 2.1687E-08 2.0972E-08 2.0203E-08 1.9384E-08 1.8531E-08 1.7651E-08 1.6754E-08 1.5850E-08 1.4940E-08 1.4018E-08 1.3122E-08 1.2254E-08 1.1428E-08 1.0627E-08
2.0795E-09 2.3003E-09 2.5396E-09 2.8148E-09 3.1224E-09 3.4579E-09 3.8303E-09 4.2400E-09 4.6892E-09 5.1861E-09 5.7325E-09 6.3284E-09 6.9782E-09 7.6824E-09 8.4410E-09 9.2542E-09 1.0120E-08 1.1036E-08 1.2001E-08 1.3003E-08 1.4036E-08 1.5097E-08 1.6170E-08 1.7244E-08 1.8303E-08 1.9341E-08 2.0347E-08 2.1295E-08 2.2177E-08 2.2980E-08 2.3690E-08 2.4300E-08 2.4802E-08 2.5194E-08 2.5475E-08 2.5635E-08 2.5673E-08 2.5582E-08 2.5371E-08 2.5043E-08 2.4605E-08 2.4065E-08 2.3434E-08 2.2717E-08 2.1931E-08 2.1082E-08 2.0188E-08 1.9255E-08 1.8296E-08 1.7323E-08 1.6344E-08 1.5368E-08 1.4383E-08 1.3407E-08 1.2473E-08 1.1585E-08 1.0742E-08
2.0807E-09 2.3044E-09 2.5518E-09 2.8373E-09 3.1509E-09 3.4989E-09 3.8870E-09 4.3105E-09 4.7810E-09 5.3027E-09 5.8746E-09 6.5023E-09 7.1875E-09 7.9300E-09 8.7329E-09 9.5935E-09 1.0512E-08 1.1487E-08 1.2511E-08 1.3578E-08 1.4683E-08 1.5813E-08 1.6956E-08 1.8096E-08 1.9232E-08 2.0340E-08 2.1402E-08 2.2415E-08 2.3361E-08 2.4219E-08 2.4975E-08 2.5618E-08 2.6146E-08 2.6560E-08 2.6847E-08 2.7004E-08 2.7031E-08 2.6923E-08 2.6684E-08 2.6317E-08 2.5832E-08 2.5236E-08 2.4540E-08 2.3756E-08 2.2897E-08 2.1969E-08 2.0996E-08 1.9981E-08 1.8939E-08 1.7884E-08 1.6822E-08 1.5768E-08 1.4726E-08 1.3677E-08 1.2673E-08 1.1722E-08 1.0831E-08
2.0785E-09 2.3034E-09 2.5591E-09 2.8508E-09 3.1710E-09 3.5308E-09 3.9299E-09 4.3691E-09 4.8598E-09 5.4026E-09 6.0010E-09 6.6593E-09 7.3782E-09 8.1606E-09 9.0063E-09 9.9147E-09 1.0888E-08 1.1918E-08 1.3002E-08 1.4136E-08 1.5311E-08 1.6511E-08 1.7720E-08 1.8939E-08 2.0144E-08 2.1314E-08 2.2445E-08 2.3523E-08 2.4526E-08 2.5438E-08 2.6243E-08 2.6931E-08 2.7489E-08 2.7916E-08 2.8207E-08 2.8364E-08 2.8383E-08 2.8261E-08 2.7995E-08 2.7592E-08 2.7060E-08 2.6412E-08 2.5653E-08 2.4798E-08 2.3865E-08 2.2861E-08 2.1802E-08 2.0702E-08 1.9572E-08 1.8428E-08 1.7283E-08 1.6148E-08 1.5032E-08 1.3936E-08 1.2858E-08 1.1847E-08 1.0894E-08
2.0726E-09 2.3019E-09 2.5635E-09 2.8592E-09 3.1870E-09 3.5566E-09 3.9637E-09 4.4176E-09 4.9255E-09 5.4872E-09 6.1098E-09 6.7960E-09 7.5471E-09 8.3663E-09 9.2529E-09 1.0210E-08 1.1234E-08 1.2321E-08 1.3464E-08 1.4668E-08 1.5909E-08 1.7178E-08 1.8468E-08 1.9758E-08 2.1027E-08 2.2270E-08 2.3468E-08 2.4607E-08 2.5667E-08 2.6634E-08 2.7493E-08 2.8222E-08 2.8808E-08 2.9252E-08 2.9555E-08 2.9713E-08 2.9721E-08 2.9581E-08 2.9290E-08 2.8855E-08 2.8278E-08 2.7576E-08 2.6759E-08 2.5838E-08 2.4824E-08 2.3736E-08 2.2585E-08 2.1393E-08 2.0171E-08 1.8939E-08 1.7709E-08 1.6496E-08 1.5308E-08 1.4154E-08 1.3033E-08 1.1964E-08 1.0965E-08
2.0612E-09 2.2990E-09 2.5646E-09 2.8632E-09 3.1990E-09 3.5757E-09 3.9919E-09 4.4581E-09 4.9804E-09 5.5601E-09 6.2042E-09 6.9137E-09 7.6941E-09 8.5460E-09 9.4693E-09 1.0472E-08 1.1544E-08 1.2682E-08 1.3891E-08 1.5154E-08 1.6458E-08 1.7803E-08 1.9165E-08 2.0527E-08 2.1874E-08 2.3190E-08 2.4460E-08 2.5662E-08 2.6782E-08 2.7807E-08 2.8713E-08 2.9485E-08 3.0108E-08 3.0576E-08 3.0889E-08 3.1043E-08 3.1045E-08 3.0891E-08 3.0579E-08 3.0114E-08 2.9499E-08 2.8743E-08 2.7863E-08 2.6863E-08 2.5765E-08 2.4590E-08 2.3349E-08 2.2067E-08 2.0756E-08 1.9439E-08 1.8125E-08 1.6834E-08 1.5568E-08 1.4347E-08 1.3174E-08 1.2059E-08 1.1002E-08
2.0480E-09 2.2906E-09 2.5603E-09 2.8646E-09 3.2049E-09 3.5871E-09 4.0125E-09 4.4884E-09 5.0240E-09 5.6199E-09 6.2822E-09 7.0141E-09 7.8196E-09 8.6987E-09 9.6608E-09 1.0701E-08 1.1813E-08 1.3004E-08 1.4265E-08 1.5580E-08 1.6950E-08 1.8359E-08 1.9791E-08 2.1226E-08 2.2648E-08 2.4039E-08 2.5378E-08 2.6649E-08 2.7836E-08 2.8919E-08 2.9878E-08 3.0698E-08 3.1367E-08 3.1866E-08 3.2197E-08 3.2363E-08 3.2361E-08 3.2198E-08 3.1866E-08 3.1368E-08 3.0711E-08 2.9895E-08 2.8944E-08 2.7869E-08 2.6693E-08 2.5431E-08 2.4105E-08 2.2730E-08 2.1333E-08 1.9926E-08 1.8530E-08 1.7156E-08 1.5817E-08 1.4531E-08 1.3308E-08 1.2142E-08 1.1045E-08
