Assets/Resources/2015_m01_d12_1100(utc+0800)_l00_csi_1hr_conc.grd
DSAA
         159         159
     -79.000      79.000
     -79.000      79.000
  0.0000E+00  0.2255E-05
[rows 25 to 49 of 159, columns 0 to 56 of 159]
1.7652E-09 1.7832E-09 1.7889E-09 1.7823E-09 1.7640E-09 1.7335E-09 1.6913E-09 1.6384E-09 1.5753E-09 1.5034E-09 1.4230E-09 1.3352E-09 1.2434E-09 1.1490E-09 1.0523E-09 9.5545E-10 8.6021E-10 7.6792E-10 6.7962E-10 5.9449E-10 5.1371E-10 4.3811E-10 3.6837E-10 3.0682E-10 2.5392E-10 2.0652E-10 1.6468E-10 1.2899E-10 9.7144E-11 7.0703E-11 5.0033E-11 3.2809E-11 1.7358E-11 5.8101E-12 1.5488E-12 1.2795E-13 0.0000E+00 0.0000E+00 0.0000E+00 0.0000E+00 0.0000E+00 0.0000E+00 0.0000E+00 0.0000E+00 0.0000E+00 0.0000E+00 0.0000E+00 0.0000E+00 0.0000E+00 0.0000E+00 0.0000E+00 0.0000E+00 0.0000E+00 0.0000E+00 0.0000E+00 0.0000E+00 0.0000E+00
1.9825E-09 2.0055E-09 2.0146E-09 2.0097E-09 1.9913E-09 1.9600E-09 1.9157E-09 1.8581E-09 1.7889E-09 1.7088E-09 1.6198E-09 1.5230E-09 1.4206E-09 1.3133E-09 1.2038E-09 1.0942E-09 9.8576E-10 8.8009E-10 7.7806E-10 6.8280E-10 5.9107E-10 5.0626E-10 4.2857E-10 3.5733E-10 2.9298E-10 2.3752E-10 1.9032E-10 1.4883E-10 1.1376E-10 8.4096E-11 5.9656E-11 4.0265E-11 2.3017E-11 9.6886E-12 2.8873E-12 5.0818E-13 0.0000E+00 0.0000E+00 0.0000E+00 0.0000E+00 0.0000E+00 0.0000E+00 0.0000E+00 0.0000E+00 0.0000E+00 0.0000E+00 0.0000E+00 0.0000E+00 0.0000E+00 0.0000E+00 0.0000E+00 0.0000E+00 0.0000E+00 0.0000E+00 0.0000E+00 0.0000E+00 0.0000E+00
2.2147E-09 2.2431E-09 2.2569E-09 2.2563E-09 2.2400E-09 2.2082E-09 2.1611E-09 2.0994E-09 2.0244E-09 1.9368E-09 1.8388E-09 1.7316E-09 1.6178E-09 1.4988E-09 1.3767E-09 1.2525E-09 1.1301E-09 1.0099E-09 8.9404E-10 7.8294E-10 6.7964E-10 5.8291E-10 4.9455E-10 4.1477E-10 3.4236E-10 2.7662E-10 2.2001E-10 1.7126E-10 1.3087E-10 9.7067E-11 7.0350E-11 4.8206E-11 2.9195E-11 1.3392E-11 4.3254E-12 1.2347E-12 7.4288E-14 0.0000E+00 0.0000E+00 0.0000E+00 0.0000E+00 0.0000E+00 0.0000E+00 0.0000E+00 0.0000E+00 0.0000E+00 0.0000E+00 0.0000E+00 0.0000E+00 0.0000E+00 0.0000E+00 0.0000E+00 0.0000E+00 0.0000E+00 0.0000E+00 0.0000E+00 0.0000E+00
2.4613E-09 2.4969E-09 2.5164E-09 2.5189E-09 2.5044E-09 2.4732E-09 2.4245E-09 2.3594E-09 2.2782E-09 2.1837E-09 2.0761E-09 1.9584E-09 1.8314E-09 1.6985E-09 1.5625E-09 1.4254E-09 1.2880E-09 1.1521E-09 1.0209E-09 8.9572E-10 7.7760E-10 6.6416E-10 5.6425E-10 4.7365E-10 3.9273E-10 3.1995E-10 2.5531E-10 1.9805E-10 1.5159E-10 1.1254E-10 8.1251E-11 5.6474E-11 3.5999E-11 1.8484E-11 6.3157E-12 2.1141E-12 3.4356E-13 0.0000E+00 0.0000E+00 0.0000E+00 0.0000E+00 0.0000E+00 0.0000E+00 0.0000E+00 0.0000E+00 0.0000E+00 0.0000E+00 0.0000E+00 0.0000E+00 0.0000E+00 0.0000E+00 0.0000E+00 0.0000E+00 0.0000E+00 0.0000E+00 0.0000E+00 0.0000E+00
2.7229E-09 2.7665E-09 2.7924E-09 2.8004E-09 2.7894E-09 2.7584E-09 2.7087E-09 2.6392E-09 2.5527E-09 2.4501E-09 2.3335E-09 2.2046E-09 2.0655E-09 1.9194E-09 1.7681E-09 1.6133E-09 1.4602E-09 1.3093E-09 1.1622E-09 1.0213E-09 8.8703E-10 7.6074E-10 6.4281E-10 5.3637E-10 4.4542E-10 3.6414E-10 2.9262E-10 2.2931E-10 1.7382E-10 1.2951E-10 9.4492E-11 6.6107E-11 4.3054E-11 2.3723E-11 9.4801E-12 3.0073E-12 6.8529E-13 0.0000E+00 0.0000E+00 0.0000E+00 0.0000E+00 0.0000E+00 0.0000E+00 0.0000E+00 0.0000E+00 0.0000E+00 0.0000E+00 0.0000E+00 0.0000E+00 0.0000E+00 0.0000E+00 0.0000E+00 0.0000E+00 0.0000E+00 0.0000E+00 0.0000E+00 0.0000E+00
2.9976E-09 3.0509E-09 3.0857E-09 3.1000E-09 3.0929E-09 3.0642E-09 3.0134E-09 2.9416E-09 2.8501E-09 2.7398E-09 2.6139E-09 2.4735E-09 2.3221E-09 2.1611E-09 1.9947E-09 1.8246E-09 1.6539E-09 1.4830E-09 1.3187E-09 1.1608E-09 1.0104E-09 8.6960E-10 7.3786E-10 6.1310E-10 5.0408E-10 4.1172E-10 3.3169E-10 2.6208E-10 2.0057E-10 1.4875E-10 1.0833E-10 7.6257E-11 5.1046E-11 2.9223E-11 1.2715E-11 4.0545E-12 1.2645E-12 1.2905E-13 0.0000E+00 0.0000E+00 0.0000E+00 0.0000E+00 0.0000E+00 0.0000E+00 0.0000E+00 0.0000E+00 0.0000E+00 0.0000E+00 0.0000E+00 0.0000E+00 0.0000E+00 0.0000E+00 0.0000E+00 0.0000E+00 0.0000E+00 0.0000E+00 0.0000E+00
3.2855E-09 3.3509E-09 3.3955E-09 3.4174E-09 3.4153E-09 3.3895E-09 3.3391E-09 3.2657E-09 3.1695E-09 3.0534E-09 2.9179E-09 2.7668E-09 2.6015E-09 2.4261E-09 2.2424E-09 2.0551E-09 1.8663E-09 1.6790E-09 1.4961E-09 1.3176E-09 1.1478E-09 9.9024E-10 8.4299E-10 7.0485E-10 5.7941E-10 4.6966E-10 3.7428E-10 2.9664E-10 2.2880E-10 1.7094E-10 1.2369E-10 8.8016E-11 5.9653E-11 3.5629E-11 1.6875E-11 5.4706E-12 1.8590E-12 3.1916E-13 0.0000E+00 0.0000E+00 0.0000E+00 0.0000E+00 0.0000E+00 0.0000E+00 0.0000E+00 0.0000E+00 0.0000E+00 0.0000E+00 0.0000E+00 0.0000E+00 0.0000E+00 0.0000E+00 0.0000E+00 0.0000E+00 0.0000E+00 0.0000E+00 0.0000E+00
3.5867E-09 3.6654E-09 3.7215E-09 3.7526E-09 3.7583E-09 3.7366E-09 3.6890E-09 3.6144E-09 3.5155E-09 3.3929E-09 3.2496E-09 3.0873E-09 2.9090E-09 2.7183E-09 2.5180E-09 2.3121E-09 2.1031E-09 1.8953E-09 1.6916E-09 1.4951E-09 1.3064E-09 1.1289E-09 9.6178E-10 8.0976E-10 6.6951E-10 5.4134E-10 4.3086E-10 3.3929E-10 2.5837E-10 1.9462E-10 1.4155E-10 1.0022E-10 6.9232E-11 4.2227E-11 2.1707E-11 7.9902E-12 2.3229E-12 4.9891E-13 0.0000E+00 0.0000E+00 0.0000E+00 0.0000E+00 0.0000E+00 0.0000E+00 0.0000E+00 0.0000E+00 0.0000E+00 0.0000E+00 0.0000E+00 0.0000E+00 0.0000E+00 0.0000E+00 0.0000E+00 0.0000E+00 0.0000E+00 0.0000E+00 0.0000E+00
3.8973E-09 3.9917E-09 4.0615E-09 4.1043E-09 4.1181E-09 4.1031E-09 4.0585E-09 3.9856E-09 3.8847E-09 3.7574E-09 3.6058E-09 3.4327E-09 3.2418E-09 3.0356E-09 2.8189E-09 2.5937E-09 2.3655E-09 2.1361E-09 1.9105E-09 1.6897E-09 1.4799E-09 1.2824E-09 1.0973E-09 9.2788E-10 7.7009E-10 6.2829E-10 5.0291E-10 3.9316E-10 2.9945E-10 2.2234E-10 1.6113E-10 1.1368E-10 7.9033E-11 5.0317E-11 2.6420E-11 1.0991E-11 3.5667E-12 6.9703E-13 0.0000E+00 0.0000E+00 0.0000E+00 0.0000E+00 0.0000E+00 0.0000E+00 0.0000E+00 0.0000E+00 0.0000E+00 0.0000E+00 0.0000E+00 0.0000E+00 0.0000E+00 0.0000E+00 0.0000E+00 0.0000E+00 0.0000E+00 0.0000E+00 0.0000E+00
4.2182E-09 4.3288E-09 4.4128E-09 4.4689E-09 4.4937E-09 4.4871E-09 4.4484E-09 4.3780E-09 4.2765E-09 4.1456E-09 3.9873E-09 3.8052E-09 3.6013E-09 3.3802E-09 3.1452E-09 2.9009E-09 2.6511E-09 2.3999E-09 2.1516E-09 1.9089E-09 1.6763E-09 1.4541E-09 1.2481E-09 1.0591E-09 8.8556E-10 7.2845E-10 5.8629E-10 4.6095E-10 3.5283E-10 2.6298E-10 1.8869E-10 1.3002E-10 8.8997E-11 5.8224E-11 3.2736E-11 1.4734E-11 5.0688E-12 1.4960E-12 1.0257E-13 0.0000E+00 0.0000E+00 0.0000E+00 0.0000E+00 0.0000E+00 0.0000E+00 0.0000E+00 0.0000E+00 0.0000E+00 0.0000E+00 0.0000E+00 0.0000E+00 0.0000E+00 0.0000E+00 0.0000E+00 0.0000E+00 0.0000E+00 0.0000E+00
4.5445E-09 4.6743E-09 4.7766E-09 4.8465E-09 4.8846E-09 4.8890E-09 4.8586E-09 4.7924E-09 4.6926E-09 4.5603E-09 4.3975E-09 4.2063E-09 3.9907E-09 3.7553E-09 3.5033E-09 3.2396E-09 2.9679E-09 2.6935E-09 2.4201E-09 2.1528E-09 1.8950E-09 1.6502E-09 1.4212E-09 1.2101E-09 1.0149E-09 8.4087E-10 6.8349E-10 5.4410E-10 4.2056E-10 3.1472E-10 2.2653E-10 1.5776E-10 1.0334E-10 6.6670E-11 3.9064E-11 1.9484E-11 7.7632E-12 2.4420E-12 3.5845E-13 0.0000E+00 0.0000E+00 0.0000E+00 0.0000E+00 0.0000E+00 0.0000E+00 0.0000E+00 0.0000E+00 0.0000E+00 0.0000E+00 0.0000E+00 0.0000E+00 0.0000E+00 0.0000E+00 0.0000E+00 0.0000E+00 0.0000E+00 0.0000E+00
4.8749E-09 5.0250E-09 5.1450E-09 5.2342E-09 5.2881E-09 5.3049E-09 5.2837E-09 5.2262E-09 5.1307E-09 4.9984E-09 4.8323E-09 4.6349E-09 4.4101E-09 4.1606E-09 3.8917E-09 3.6078E-09 3.3150E-09 3.0165E-09 2.7181E-09 2.4248E-09 2.1404E-09 1.8694E-09 1.6145E-09 1.3788E-09 1.1639E-09 9.6950E-10 7.9504E-10 6.4157E-10 5.0393E-10 3.8133E-10 2.7791E-10 1.9618E-10 1.3083E-10 8.0802E-11 4.5932E-11 2.4294E-11 1.0487E-11 3.9931E-12 7.6714E-13 0.0000E+00 0.0000E+00 0.0000E+00 0.0000E+00 0.0000E+00 0.0000E+00 0.0000E+00 0.0000E+00 0.0000E+00 0.0000E+00 0.0000E+00 0.0000E+00 0.0000E+00 0.0000E+00 0.0000E+00 0.0000E+00 0.0000E+00 0.0000E+00
5.2047E-09 5.3768E-09 5.5193E-09 5.6273E-09 5.6988E-09 5.7320E-09 5.7253E-09 5.6766E-09 5.5872E-09 5.4588E-09 5.2927E-09 5.0911E-09 4.8572E-09 4.5960E-09 4.3117E-09 4.0093E-09 3.6942E-09 3.3714E-09 3.0473E-09 2.7265E-09 2.4147E-09 2.1159E-09 1.8339E-09 1.5715E-09 1.3314E-09 1.1141E-09 9.1998E-10 7.5025E-10 6.0141E-10 4.6486E-10 3.4786E-10 2.4688E-10 1.6790E-10 1.0717E-10 6.0845E-11 3.1268E-11 1.4206E-11 5.6986E-12 1.6374E-12 1.1551E-13 0.0000E+00 0.0000E+00 0.0000E+00 0.0000E+00 0.0000E+00 0.0000E+00 0.0000E+00 0.0000E+00 0.0000E+00 0.0000E+00 0.0000E+00 0.0000E+00 0.0000E+00 0.0000E+00 0.0000E+00 0.0000E+00 0.0000E+00
5.5305E-09 5.7280E-09 5.8942E-09 6.0250E-09 6.1177E-09 6.1698E-09 6.1786E-09 6.1440E-09 6.0653E-09 5.9431E-09 5.7789E-09 5.5758E-09 5.3369E-09 5.0660E-09 4.7675E-09 4.4472E-09 4.1106E-09 3.7645E-09 3.4143E-09 3.0659E-09 2.7248E-09 2.3962E-09 2.0846E-09 1.7938E-09 1.5258E-09 1.2828E-09 1.0646E-09 8.7254E-10 7.0537E-10 5.6090E-10 4.3121E-10 3.1596E-10 2.2083E-10 1.4431E-10 8.6507E-11 4.7828E-11 2.2785E-11 8.1724E-12 2.6473E-12 3.6519E-13 0.0000E+00 0.0000E+00 0.0000E+00 0.0000E+00 0.0000E+00 0.0000E+00 0.0000E+00 0.0000E+00 0.0000E+00 0.0000E+00 0.0000E+00 0.0000E+00 0.0000E+00 0.0000E+00 0.0000E+00 0.0000E+00 0.0000E+00
5.8492E-09 6.0735E-09 6.2650E-09 6.4210E-09 6.5386E-09 6.6124E-09 6.6411E-09 6.6233E-09 6.5584E-09 6.4464E-09 6.2885E-09 6.0871E-09 5.8452E-09 5.5665E-09 5.2569E-09 4.9211E-09 4.5654E-09 4.1957E-09 3.8189E-09 3.4424E-09 3.0720E-09 2.7132E-09 2.3708E-09 2.0489E-09 1.7512E-09 1.4800E-09 1.2358E-09 1.0190E-09 8.2962E-10 6.6601E-10 5.2459E-10 4.0042E-10 2.9084E-10 1.9978E-10 1.2392E-10 7.0811E-11 3.7965E-11 1.8867E-11 5.8189E-12 8.6166E-13 0.0000E+00 0.0000E+00 0.0000E+00 0.0000E+00 0.0000E+00 0.0000E+00 0.0000E+00 0.0000E+00 0.0000E+00 0.0000E+00 0.0000E+00 0.0000E+00 0.0000E+00 0.0000E+00 0.0000E+00 0.0000E+00 0.0000E+00
6.1563E-09 6.4078E-09 6.6281E-09 6.8130E-09 6.9564E-09 7.0554E-09 7.1088E-09 7.1117E-09 7.0638E-09 6.9659E-09 6.8182E-09 6.6224E-09 6.3808E-09 6.0986E-09 5.7800E-09 5.4308E-09 5.0572E-09 4.6664E-09 4.2654E-09 3.8608E-09 3.4600E-09 3.0692E-09 2.6942E-09 2.3399E-09 2.0103E-09 1.7079E-09 1.4352E-09 1.1909E-09 9.7644E-10 7.9012E-10 6.2985E-10 4.9159E-10 3.7003E-10 2.6866E-10 1.8181E-10 1.1030E-10 6.1446E-11 3.3262E-11 1.6738E-11 6.3440E-12 1.5094E-13 0.0000E+00 0.0000E+00 0.0000E+00 0.0000E+00 0.0000E+00 0.0000E+00 0.0000E+00 0.0000E+00 0.0000E+00 0.0000E+00 0.0000E+00 0.0000E+00 0.0000E+00 0.0000E+00 0.0000E+00 0.0000E+00
6.4456E-09 6.7278E-09 6.9791E-09 7.1940E-09 7.3669E-09 7.4964E-09 7.5752E-09 7.6030E-09 7.5785E-09 7.4989E-09 7.3645E-09 7.1783E-09 6.9429E-09 6.6610E-09 6.3374E-09 5.9786E-09 5.5908E-09 5.1799E-09 4.7538E-09 4.3223E-09 3.8916E-09 3.4686E-09 3.0597E-09 2.6710E-09 2.3068E-09 1.9711E-09 1.6661E-09 1.3921E-09 1.1489E-09 9.3650E-10 7.5275E-10 5.9634E-10 4.6228E-10 3.4244E-10 2.4458E-10 1.6613E-10 1.0164E-10 5.3613E-11 2.7601E-11 1.4213E-11 6.7910E-12 1.1132E-12 0.0000E+00 0.0000E+00 0.0000E+00 0.0000E+00 0.0000E+00 0.0000E+00 0.0000E+00 0.0000E+00 0.0000E+00 0.0000E+00 0.0000E+00 0.0000E+00 0.0000E+00 0.0000E+00 0.0000E+00
6.7141E-09 7.0278E-09 7.3122E-09 7.5591E-09 7.7667E-09 7.9270E-09 8.0373E-09 8.0947E-09 8.0963E-09 8.0399E-09 7.9262E-09 7.7549E-09 7.5280E-09 7.2518E-09 6.9284E-09 6.5630E-09 6.1627E-09 5.7361E-09 5.2903E-09 4.8329E-09 4.3717E-09 3.9149E-09 3.4712E-09 3.0455E-09 2.6448E-09 2.2729E-09 1.9324E-09 1.6250E-09 1.3506E-09 1.1086E-09 8.9880E-10 7.1842E-10 5.6546E-10 4.3373E-10 3.1554E-10 2.2394E-10 1.5156E-10 9.5210E-11 5.0199E-11 2.3288E-11 1.2452E-11 6.7909E-12 1.9406E-12 0.0000E+00 0.0000E+00 0.0000E+00 0.0000E+00 0.0000E+00 0.0000E+00 0.0000E+00 0.0000E+00 0.0000E+00 0.0000E+00 0.0000E+00 0.0000E+00 0.0000E+00 0.0000E+00
6.9569E-09 7.3044E-09 7.6214E-09 7.9051E-09 8.1477E-09 8.3438E-09 8.4901E-09 8.5807E-09 8.6123E-09 8.5842E-09 8.4945E-09 8.3428E-09 8.1323E-09 7.8645E-09 7.5437E-09 7.1774E-09 6.7707E-09 6.3304E-09 5.8648E-09 5.3830E-09 4.8939E-09 4.4056E-09 3.9267E-09 3.4625E-09 3.0229E-09 2.6095E-09 2.2308E-09 1.8869E-09 1.5780E-09 1.3036E-09 1.0634E-09 8.5706E-10 6.8015E-10 5.2965E-10 4.0167E-10 2.9098E-10 2.0307E-10 1.3807E-10 8.6766E-11 4.6389E-11 2.0652E-11 1.1572E-11 6.6997E-12 2.2515E-12 0.0000E+00 0.0000E+00 0.0000E+00 0.0000E+00 0.0000E+00 0.0000E+00 0.0000E+00 0.0000E+00 0.0000E+00 0.0000E+00 0.0000E+00 0.0000E+00 0.0000E+00
7.1700E-09 7.5501E-09 7.9035E-09 8.2248E-09 8.5049E-09 8.7409E-09 8.9244E-09 9.0526E-09 9.1204E-09 9.1249E-09 9.0642E-09 8.9389E-09 8.7500E-09 8.4971E-09 8.1870E-09 7.8231E-09 7.4134E-09 6.9643E-09 6.4834E-09 5.9799E-09 5.4635E-09 4.9419E-09 4.4279E-09 3.9276E-09 3.4486E-09 2.9948E-09 2.5738E-09 2.1862E-09 1.8387E-09 1.5285E-09 1.2552E-09 1.0182E-09 8.1457E-10 6.4033E-10 4.9394E-10 3.7143E-10 2.6921E-10 1.8648E-10 1.2539E-10 7.6878E-11 4.0166E-11 1.8905E-11 1.0891E-11 6.3246E-12 2.1019E-12 2.7934E-14 0.0000E+00 0.0000E+00 0.0000E+00 0.0000E+00 0.0000E+00 0.0000E+00 0.0000E+00 0.0000E+00 0.0000E+00 0.0000E+00 0.0000E+00
7.3476E-09 7.7610E-09 8.1528E-09 8.5109E-09 8.8325E-09 9.1094E-09 9.3348E-09 9.5042E-09 9.6122E-09 9.6559E-09 9.6298E-09 9.5358E-09 9.3721E-09 9.1429E-09 8.8490E-09 8.4948E-09 8.0862E-09 7.6317E-09 7.1399E-09 6.6194E-09 6.0791E-09 5.5299E-09 4.9807E-09 4.4409E-09 3.9194E-09 3.4243E-09 2.9614E-09 2.5315E-09 2.1408E-09 1.7857E-09 1.4748E-09 1.2046E-09 9.6960E-10 7.6914E-10 6.0036E-10 4.5903E-10 3.4254E-10 2.4757E-10 1.7126E-10 1.1113E-10 6.7986E-11 3.4771E-11 1.7604E-11 9.5677E-12 5.4595E-12 1.7562E-12 0.0000E+00 0.0000E+00 0.0000E+00 0.0000E+00 0.0000E+00 0.0000E+00 0.0000E+00 0.0000E+00 0.0000E+00 0.0000E+00 0.0000E+00
7.4854E-09 7.9350E-09 8.3614E-09 8.7594E-09 9.1231E-09 9.4425E-09 9.7134E-09 9.9274E-09 1.0079E-08 1.0164E-08 1.0180E-08 1.0123E-08 9.9935E-09 9.7913E-09 9.5203E-09 9.1817E-09 8.7827E-09 8.3292E-09 7.8307E-09 7.2955E-09 6.7351E-09 6.1579E-09 5.5769E-09 5.0004E-09 4.4387E-09 3.8979E-09 3.3861E-09 2.9119E-09 2.4774E-09 2.0813E-09 1.7241E-09 1.4114E-09 1.1435E-09 9.1271E-10 7.1821E-10 5.5559E-10 4.2112E-10 3.1113E-10 2.2240E-10 1.5370E-10 9.7356E-11 5.6939E-11 2.9261E-11 1.5566E-11 7.8218E-12 4.1639E-12 1.0154E-12 0.0000E+00 0.0000E+00 0.0000E+00 0.0000E+00 0.0000E+00 0.0000E+00 0.0000E+00 0.0000E+00 0.0000E+00 0.0000E+00
7.5828E-09 8.0636E-09 8.5250E-09 8.9640E-09 9.3690E-09 9.7337E-09 1.0050E-08 1.0311E-08 1.0510E-08 1.0643E-08 1.0705E-08 1.0692E-08 1.0604E-08 1.0437E-08 1.0193E-08 9.8774E-09 9.4947E-09 9.0497E-09 8.5496E-09 8.0055E-09 7.4280E-09 6.8288E-09 6.2165E-09 5.6023E-09 4.9991E-09 4.4154E-09 3.8596E-09 3.3350E-09 2.8482E-09 2.4063E-09 2.0093E-09 1.6544E-09 1.3387E-09 1.0745E-09 8.5078E-10 6.6377E-10 5.0863E-10 3.8114E-10 2.7755E-10 1.9672E-10 1.3283E-10 8.2364E-11 4.6626E-11 2.4375E-11 1.2602E-11 5.7140E-12 2.4707E-12 2.7095E-13 0.0000E+00 0.0000E+00 0.0000E+00 0.0000E+00 0.0000E+00 0.0000E+00 0.0000E+00 0.0000E+00 0.0000E+00
7.6327E-09 8.1425E-09 8.6413E-09 9.1175E-09 9.5637E-09 9.9742E-09 1.0337E-08 1.0648E-08 1.0898E-08 1.1083E-08 1.1195E-08 1.1231E-08 1.1187E-08 1.1062E-08 1.0856E-08 1.0571E-08 1.0208E-08 9.7783E-09 9.2862E-09 8.7411E-09 8.1520E-09 7.5327E-09 6.8939E-09 6.2480E-09 5.6060E-09 4.9748E-09 4.3689E-09 3.7978E-09 3.2637E-09 2.7684E-09 2.3174E-09 1.9212E-09 1.5704E-09 1.2617E-09 9.9859E-10 7.8321E-10 6.0507E-10 4.5797E-10 3.3712E-10 2.4241E-10 1.6852E-10 1.1062E-10 6.7118E-11 3.5831E-11 1.8213E-11 9.0198E-12 3.2627E-12 5.2070E-13 0.0000E+00 0.0000E+00 0.0000E+00 0.0000E+00 0.0000E+00 0.0000E+00 0.0000E+00 0.0000E+00 0.0000E+00
7.6323E-09 8.1720E-09 8.7024E-09 9.2138E-09 9.7024E-09 1.0155E-08 1.0567E-08 1.0930E-08 1.1234E-08 1.1472E-08 1.1641E-08 1.1730E-08 1.1738E-08 1.1660E-08 1.1498E-08 1.1250E-08 1.0920E-08 1.0510E-08 1.0032E-08 9.4911E-09 8.8995E-09 8.2660E-09 7.6032E-09 6.9278E-09 6.2471E-09 5.5766E-09 4.9236E-09 4.2972E-09 3.7089E-09 3.1637E-09 2.6674E-09 2.2145E-09 1.8162E-09 1.4721E-09 1.1755E-09 9.1951E-10 7.0973E-10 5.4123E-10 4.0162E-10 2.9061E-10 2.0505E-10 1.3850E-10 8.8557E-11 5.1040E-11 2.4948E-11 1.1770E-11 4.8779E-12 7.3501E-13 0.0000E+00 0.0000E+00 0.0000E+00 0.0000E+00 0.0000E+00 0.0000E+00 0.0000E+00 0.0000E+00 0.0000E+00
