Assets/Resources/2015_m01_d29_1000(utc+0800)_l00_csi_1hr_conc.grd
DSAA
         159         159
     -79.000      79.000
     -79.000      79.000
  0.0000E+00  0.7320E-05
[rows 25 to 49 of 159, columns 0 to 56 of 159]
1.3246E-10 1.4195E-10 1.5198E-10 1.6289E-10 1.7411E-10 1.8624E-10 1.9872E-10 2.1186E-10 2.2567E-10 2.4018E-10 2.5508E-10 2.7105E-10 2.8809E-10 3.0556E-10 3.2441E-10 3.4411E-10 3.6513E-10 3.8663E-10 4.0952E-10 4.3286E-10 4.5718E-10 4.8294E-10 5.0921E-10 5.3698E-10 5.6466E-10 5.9343E-10 6.2375E-10 6.5440E-10 6.8601E-10 7.1919E-10 7.5339E-10 7.8723E-10 8.2324E-10 8.6025E-10 8.9697E-10 9.3579E-10 9.7551E-10 1.0149E-09 1.0564E-09 1.0987E-09 1.1405E-09 1.1844E-09 1.2291E-09 1.2733E-09 1.3193E-09 1.3655E-09 1.4125E-09 1.4599E-09 1.5085E-09 1.5570E-09 1.6062E-09 1.6555E-09 1.7056E-09 1.7549E-09 1.8058E-09 1.8558E-09 1.9059E-09
1.3196E-10 1.4143E-10 1.5145E-10 1.6235E-10 1.7386E-10 1.8569E-10 1.9816E-10 2.1129E-10 2.2510E-10 2.3964E-10 2.5489E-10 2.7086E-10 2.8757E-10 3.0551E-10 3.2393E-10 3.4364E-10 3.6470E-10 3.8668E-10 4.0915E-10 4.3302E-10 4.5740E-10 4.8322E-10 5.0952E-10 5.3691E-10 5.6529E-10 5.9412E-10 6.2450E-10 6.5530E-10 6.8707E-10 7.2039E-10 7.5408E-10 7.8872E-10 8.2502E-10 8.6164E-10 8.9913E-10 9.3827E-10 9.7778E-10 1.0181E-09 1.0599E-09 1.1020E-09 1.1449E-09 1.1893E-09 1.2338E-09 1.2792E-09 1.3260E-09 1.3729E-09 1.4204E-09 1.4686E-09 1.5182E-09 1.5670E-09 1.6172E-09 1.6675E-09 1.7182E-09 1.7690E-09 1.8200E-09 1.8720E-09 1.9229E-09
1.3133E-10 1.4078E-10 1.5106E-10 1.6196E-10 1.7315E-10 1.8496E-10 1.9741E-10 2.1056E-10 2.2440E-10 2.3893E-10 2.5415E-10 2.7012E-10 2.8683E-10 3.0476E-10 3.2362E-10 3.4334E-10 3.6442E-10 3.8642E-10 4.0891E-10 4.3282E-10 4.5769E-10 4.8308E-10 5.0943E-10 5.3687E-10 5.6480E-10 5.9368E-10 6.2419E-10 6.5507E-10 6.8749E-10 7.2033E-10 7.5420E-10 7.8966E-10 8.2607E-10 8.6222E-10 9.0068E-10 9.4013E-10 9.7915E-10 1.0204E-09 1.0626E-09 1.1045E-09 1.1484E-09 1.1932E-09 1.2377E-09 1.2843E-09 1.3316E-09 1.3785E-09 1.4274E-09 1.4765E-09 1.5259E-09 1.5759E-09 1.6273E-09 1.6785E-09 1.7298E-09 1.7817E-09 1.8346E-09 1.8863E-09 1.9396E-09
1.3059E-10 1.4000E-10 1.5026E-10 1.6112E-10 1.7229E-10 1.8410E-10 1.9658E-10 2.0971E-10 2.2382E-10 2.3802E-10 2.5324E-10 2.6918E-10 2.8585E-10 3.0376E-10 3.2261E-10 3.4276E-10 3.6384E-10 3.8585E-10 4.0833E-10 4.3225E-10 4.5715E-10 4.8255E-10 5.0903E-10 5.3649E-10 5.6445E-10 5.9400E-10 6.2394E-10 6.5485E-10 6.8739E-10 7.2039E-10 7.5428E-10 7.8985E-10 8.2586E-10 8.6289E-10 9.0146E-10 9.4046E-10 9.8046E-10 1.0221E-09 1.0639E-09 1.1072E-09 1.1510E-09 1.1958E-09 1.2418E-09 1.2883E-09 1.3357E-09 1.3839E-09 1.4332E-09 1.4828E-09 1.5331E-09 1.5840E-09 1.6359E-09 1.6872E-09 1.7404E-09 1.7932E-09 1.8463E-09 1.8997E-09 1.9539E-09
1.2973E-10 1.3940E-10 1.4962E-10 1.6017E-10 1.7136E-10 1.8316E-10 1.9559E-10 2.0899E-10 2.2280E-10 2.3696E-10 2.5212E-10 2.6801E-10 2.8499E-10 3.0298E-10 3.2179E-10 3.4191E-10 3.6251E-10 3.8450E-10 4.0744E-10 4.3087E-10 4.5576E-10 4.8114E-10 5.0762E-10 5.3511E-10 5.6305E-10 5.9260E-10 6.2258E-10 6.5355E-10 6.8614E-10 7.1914E-10 7.5379E-10 7.8890E-10 8.2499E-10 8.6273E-10 9.0157E-10 9.4019E-10 9.8094E-10 1.0227E-09 1.0649E-09 1.1081E-09 1.1528E-09 1.1978E-09 1.2439E-09 1.2915E-09 1.3393E-09 1.3878E-09 1.4379E-09 1.4877E-09 1.5390E-09 1.5905E-09 1.6429E-09 1.6963E-09 1.7495E-09 1.8032E-09 1.8576E-09 1.9124E-09 1.9680E-09
1.2905E-10 1.3839E-10 1.4864E-10 1.5919E-10 1.7032E-10 1.8206E-10 1.9480E-10 2.0788E-10 2.2162E-10 2.3570E-10 2.5084E-10 2.6701E-10 2.8403E-10 3.0150E-10 3.2027E-10 3.4083E-10 3.6136E-10 3.8332E-10 4.0623E-10 4.3011E-10 4.5449E-10 4.7984E-10 5.0630E-10 5.3326E-10 5.6180E-10 5.9137E-10 6.2073E-10 6.5230E-10 6.8495E-10 7.1802E-10 7.5273E-10 7.8789E-10 8.2409E-10 8.6203E-10 9.0038E-10 9.3972E-10 9.8072E-10 1.0222E-09 1.0652E-09 1.1086E-09 1.1531E-09 1.1992E-09 1.2456E-09 1.2929E-09 1.3417E-09 1.3910E-09 1.4409E-09 1.4916E-09 1.5438E-09 1.5962E-09 1.6490E-09 1.7026E-09 1.7575E-09 1.8116E-09 1.8676E-09 1.9241E-09 1.9797E-09
1.2804E-10 1.3739E-10 1.4758E-10 1.5806E-10 1.6949E-10 1.8092E-10 1.9359E-10 2.0658E-10 2.2029E-10 2.3434E-10 2.4971E-10 2.6546E-10 2.8243E-10 2.9985E-10 3.1898E-10 3.3901E-10 3.5997E-10 3.8139E-10 4.0424E-10 4.2806E-10 4.5288E-10 4.7830E-10 5.0471E-10 5.3162E-10 5.6013E-10 5.8907E-10 6.1899E-10 6.5060E-10 6.8264E-10 7.1568E-10 7.5045E-10 7.8569E-10 8.2262E-10 8.5997E-10 8.9843E-10 9.3855E-10 9.7977E-10 1.0213E-09 1.0640E-09 1.1083E-09 1.1531E-09 1.1994E-09 1.2462E-09 1.2940E-09 1.3432E-09 1.3928E-09 1.4433E-09 1.4948E-09 1.5474E-09 1.5997E-09 1.6540E-09 1.7091E-09 1.7633E-09 1.8199E-09 1.8762E-09 1.9332E-09 1.9904E-09
1.2700E-10 1.3627E-10 1.4645E-10 1.5722E-10 1.6828E-10 1.7994E-10 1.9225E-10 2.0522E-10 2.1884E-10 2.3310E-10 2.4808E-10 2.6377E-10 2.8064E-10 2.9840E-10 3.1700E-10 3.3697E-10 3.5831E-10 3.8012E-10 4.0243E-10 4.2620E-10 4.5045E-10 4.7580E-10 5.0215E-10 5.2899E-10 5.5744E-10 5.8632E-10 6.1621E-10 6.4777E-10 6.7977E-10 7.1347E-10 7.4829E-10 7.8351E-10 8.2048E-10 8.5797E-10 8.9655E-10 9.3674E-10 9.7742E-10 1.0192E-09 1.0627E-09 1.1066E-09 1.1521E-09 1.1988E-09 1.2453E-09 1.2939E-09 1.3430E-09 1.3931E-09 1.4446E-09 1.4964E-09 1.5492E-09 1.6029E-09 1.6577E-09 1.7128E-09 1.7687E-09 1.8256E-09 1.8836E-09 1.9415E-09 2.0003E-09
1.2588E-10 1.3516E-10 1.4528E-10 1.5596E-10 1.6696E-10 1.7860E-10 1.9083E-10 2.0369E-10 2.1722E-10 2.3143E-10 2.4632E-10 2.6188E-10 2.7864E-10 2.9633E-10 3.1529E-10 3.3515E-10 3.5593E-10 3.7767E-10 4.0035E-10 4.2354E-10 4.4818E-10 4.7345E-10 4.9922E-10 5.2595E-10 5.5496E-10 5.8375E-10 6.1419E-10 6.4511E-10 6.7708E-10 7.1074E-10 7.4489E-10 7.8013E-10 8.1718E-10 8.5467E-10 8.9382E-10 9.3417E-10 9.7446E-10 1.0168E-09 1.0604E-09 1.1045E-09 1.1504E-09 1.1966E-09 1.2439E-09 1.2930E-09 1.3424E-09 1.3927E-09 1.4447E-09 1.4973E-09 1.5504E-09 1.6045E-09 1.6603E-09 1.7156E-09 1.7730E-09 1.8313E-09 1.8888E-09 1.9490E-09 2.0084E-09
1.2476E-10 1.3395E-10 1.4400E-10 1.5467E-10 1.6561E-10 1.7713E-10 1.8927E-10 2.0240E-10 2.1553E-10 2.2961E-10 2.4435E-10 2.6017E-10 2.7651E-10 2.9451E-10 3.1334E-10 3.3311E-10 3.5381E-10 3.7542E-10 3.9799E-10 4.2109E-10 4.4574E-10 4.7089E-10 4.9654E-10 5.2379E-10 5.5148E-10 5.8017E-10 6.1054E-10 6.4136E-10 6.7323E-10 7.0687E-10 7.4100E-10 7.7686E-10 8.1388E-10 8.5140E-10 8.9065E-10 9.3034E-10 9.7114E-10 1.0137E-09 1.0569E-09 1.1016E-09 1.1470E-09 1.1935E-09 1.2417E-09 1.2909E-09 1.3400E-09 1.3915E-09 1.4439E-09 1.4961E-09 1.5505E-09 1.6054E-09 1.6609E-09 1.7183E-09 1.7758E-09 1.8345E-09 1.8946E-09 1.9546E-09 2.0155E-09
1.2355E-10 1.3301E-10 1.4303E-10 1.5330E-10 1.6412E-10 1.7560E-10 1.8768E-10 2.0067E-10 2.1366E-10 2.2766E-10 2.4232E-10 2.5798E-10 2.7461E-10 2.9205E-10 3.1126E-10 3.3089E-10 3.5096E-10 3.7246E-10 3.9541E-10 4.1836E-10 4.4239E-10 4.6743E-10 4.9294E-10 5.2007E-10 5.4762E-10 5.7618E-10 6.0645E-10 6.3716E-10 6.7022E-10 7.0317E-10 7.3720E-10 7.7303E-10 8.0941E-10 8.4688E-10 8.8607E-10 9.2579E-10 9.6727E-10 1.0098E-09 1.0530E-09 1.0979E-09 1.1435E-09 1.1901E-09 1.2384E-09 1.2874E-09 1.3374E-09 1.3891E-09 1.4413E-09 1.4946E-09 1.5495E-09 1.6047E-09 1.6609E-09 1.7186E-09 1.7776E-09 1.8368E-09 1.8972E-09 1.9594E-09 2.0199E-09
1.2238E-10 1.3174E-10 1.4165E-10 1.5186E-10 1.6265E-10 1.7399E-10 1.8624E-10 1.9884E-10 2.1176E-10 2.2560E-10 2.4042E-10 2.5563E-10 2.7216E-10 2.8944E-10 3.0848E-10 3.2798E-10 3.4840E-10 3.6976E-10 3.9207E-10 4.1488E-10 4.3878E-10 4.6366E-10 4.8900E-10 5.1599E-10 5.4401E-10 5.7306E-10 6.0259E-10 6.3318E-10 6.6550E-10 6.9834E-10 7.3228E-10 7.6805E-10 8.0431E-10 8.4229E-10 8.8150E-10 9.2116E-10 9.6256E-10 1.0046E-09 1.0479E-09 1.0928E-09 1.1384E-09 1.1858E-09 1.2344E-09 1.2829E-09 1.3337E-09 1.3858E-09 1.4377E-09 1.4919E-09 1.5472E-09 1.6025E-09 1.6602E-09 1.7189E-09 1.7771E-09 1.8385E-09 1.8993E-09 1.9613E-09 2.0252E-09
1.2111E-10 1.3041E-10 1.4028E-10 1.5039E-10 1.6104E-10 1.7229E-10 1.8447E-10 1.9694E-10 2.0969E-10 2.2340E-10 2.3813E-10 2.5318E-10 2.6952E-10 2.8710E-10 3.0557E-10 3.2538E-10 3.4563E-10 3.6634E-10 3.8853E-10 4.1166E-10 4.3537E-10 4.6018E-10 4.8599E-10 5.1222E-10 5.3945E-10 5.6835E-10 5.9772E-10 6.2815E-10 6.6035E-10 6.9305E-10 7.2752E-10 7.6318E-10 7.9935E-10 8.3726E-10 8.7569E-10 9.1586E-10 9.5729E-10 9.9873E-10 1.0425E-09 1.0876E-09 1.1333E-09 1.1807E-09 1.2288E-09 1.2781E-09 1.3292E-09 1.3808E-09 1.4336E-09 1.4883E-09 1.5434E-09 1.5995E-09 1.6578E-09 1.7167E-09 1.7764E-09 1.8383E-09 1.9003E-09 1.9633E-09 2.0269E-09
1.1986E-10 1.2908E-10 1.3882E-10 1.4882E-10 1.5942E-10 1.7056E-10 1.8259E-10 1.9491E-10 2.0757E-10 2.2114E-10 2.3568E-10 2.5100E-10 2.6677E-10 2.8420E-10 3.0247E-10 3.2209E-10 3.4221E-10 3.6372E-10 3.8523E-10 4.0767E-10 4.3184E-10 4.5588E-10 4.8149E-10 5.0751E-10 5.3456E-10 5.6329E-10 5.9248E-10 6.2337E-10 6.5544E-10 6.8796E-10 7.2230E-10 7.5718E-10 7.9319E-10 8.3098E-10 8.6933E-10 9.0942E-10 9.5074E-10 9.9270E-10 1.0365E-09 1.0810E-09 1.1272E-09 1.1742E-09 1.2224E-09 1.2723E-09 1.3236E-09 1.3749E-09 1.4286E-09 1.4834E-09 1.5383E-09 1.5960E-09 1.6548E-09 1.7140E-09 1.7745E-09 1.8373E-09 1.8988E-09 1.9636E-09 2.0295E-09
1.1855E-10 1.2765E-10 1.3735E-10 1.4727E-10 1.5771E-10 1.6870E-10 1.8065E-10 1.9287E-10 2.0534E-10 2.1872E-10 2.3314E-10 2.4833E-10 2.6388E-10 2.8110E-10 2.9969E-10 3.1870E-10 3.3908E-10 3.5991E-10 3.8173E-10 4.0413E-10 4.2748E-10 4.5127E-10 4.7670E-10 5.0254E-10 5.2936E-10 5.5852E-10 5.8753E-10 6.1825E-10 6.4948E-10 6.8182E-10 7.1599E-10 7.5069E-10 7.8711E-10 8.2478E-10 8.6295E-10 9.0292E-10 9.4361E-10 9.8607E-10 1.0298E-09 1.0742E-09 1.1205E-09 1.1675E-09 1.2156E-09 1.2658E-09 1.3166E-09 1.3686E-09 1.4225E-09 1.4771E-09 1.5329E-09 1.5908E-09 1.6494E-09 1.7104E-09 1.7714E-09 1.8337E-09 1.8971E-09 1.9629E-09 2.0285E-09
1.1723E-10 1.2628E-10 1.3584E-10 1.4560E-10 1.5597E-10 1.6687E-10 1.7865E-10 1.9068E-10 2.0303E-10 2.1662E-10 2.3051E-10 2.4548E-10 2.6132E-10 2.7839E-10 2.9632E-10 3.1557E-10 3.3530E-10 3.5645E-10 3.7757E-10 3.9972E-10 4.2287E-10 4.4647E-10 4.7167E-10 4.9787E-10 5.2513E-10 5.5286E-10 5.8162E-10 6.1213E-10 6.4316E-10 6.7594E-10 7.0992E-10 7.4442E-10 7.8067E-10 8.1748E-10 8.5606E-10 8.9591E-10 9.3641E-10 9.7876E-10 1.0219E-09 1.0662E-09 1.1124E-09 1.1594E-09 1.2083E-09 1.2577E-09 1.3086E-09 1.3614E-09 1.4156E-09 1.4696E-09 1.5266E-09 1.5851E-09 1.6441E-09 1.7044E-09 1.7671E-09 1.8301E-09 1.8942E-09 1.9606E-09 2.0261E-09
1.1590E-10 1.2481E-10 1.3427E-10 1.4397E-10 1.5419E-10 1.6523E-10 1.7656E-10 1.8850E-10 2.0066E-10 2.1404E-10 2.2776E-10 2.4259E-10 2.5823E-10 2.7553E-10 2.9324E-10 3.1188E-10 3.3139E-10 3.5230E-10 3.7319E-10 3.9565E-10 4.1807E-10 4.4200E-10 4.6701E-10 4.9240E-10 5.1942E-10 5.4688E-10 5.7542E-10 6.0572E-10 6.3713E-10 6.6968E-10 7.0281E-10 7.3707E-10 7.7312E-10 8.0972E-10 8.4810E-10 8.8777E-10 9.2811E-10 9.7033E-10 1.0133E-09 1.0581E-09 1.1043E-09 1.1511E-09 1.1999E-09 1.2495E-09 1.3005E-09 1.3533E-09 1.4069E-09 1.4619E-09 1.5192E-09 1.5772E-09 1.6376E-09 1.6984E-09 1.7606E-09 1.8251E-09 1.8899E-09 1.9562E-09 2.0245E-09
1.1452E-10 1.2337E-10 1.3271E-10 1.4255E-10 1.5233E-10 1.6328E-10 1.7447E-10 1.8620E-10 1.9818E-10 2.1144E-10 2.2497E-10 2.3957E-10 2.5498E-10 2.7213E-10 2.8964E-10 3.0802E-10 3.2777E-10 3.4802E-10 3.6918E-10 3.9088E-10 4.1365E-10 4.3742E-10 4.6157E-10 4.8666E-10 5.1345E-10 5.4068E-10 5.7021E-10 5.9962E-10 6.3015E-10 6.6247E-10 6.9532E-10 7.2988E-10 7.6571E-10 8.0207E-10 8.4024E-10 8.7913E-10 9.1985E-10 9.6189E-10 1.0047E-09 1.0494E-09 1.0948E-09 1.1416E-09 1.1904E-09 1.2399E-09 1.2914E-09 1.3437E-09 1.3975E-09 1.4535E-09 1.5110E-09 1.5693E-09 1.6291E-09 1.6912E-09 1.7538E-09 1.8191E-09 1.8845E-09 1.9512E-09 2.0195E-09
1.1317E-10 1.2187E-10 1.3108E-10 1.4084E-10 1.5050E-10 1.6126E-10 1.7226E-10 1.8389E-10 1.9571E-10 2.0874E-10 2.2204E-10 2.3649E-10 2.5172E-10 2.6861E-10 2.8634E-10 3.0453E-10 3.2361E-10 3.4408E-10 3.6448E-10 3.8661E-10 4.0855E-10 4.3203E-10 4.5589E-10 4.8077E-10 5.0728E-10 5.3483E-10 5.6349E-10 5.9265E-10 6.2286E-10 6.5490E-10 6.8814E-10 7.2246E-10 7.5735E-10 7.9343E-10 8.3194E-10 8.7058E-10 9.1108E-10 9.5236E-10 9.9490E-10 1.0394E-09 1.0847E-09 1.1320E-09 1.1807E-09 1.2301E-09 1.2817E-09 1.3340E-09 1.3876E-09 1.4439E-09 1.5009E-09 1.5604E-09 1.6204E-09 1.6820E-09 1.7461E-09 1.8116E-09 1.8766E-09 1.9454E-09 2.0200E-09
1.1174E-10 1.2038E-10 1.2949E-10 1.3908E-10 1.4856E-10 1.5921E-10 1.7010E-10 1.8151E-10 1.9312E-10 2.0599E-10 2.1914E-10 2.3333E-10 2.4830E-10 2.6500E-10 2.8255E-10 3.0095E-10 3.1974E-10 3.3955E-10 3.5976E-10 3.8159E-10 4.0324E-10 4.2651E-10 4.5011E-10 4.7526E-10 5.0152E-10 5.2819E-10 5.5655E-10 5.8536E-10 6.1529E-10 6.4774E-10 6.8000E-10 7.1401E-10 7.4862E-10 7.8500E-10 8.2266E-10 8.6101E-10 9.0127E-10 9.4228E-10 9.8521E-10 1.0295E-09 1.0746E-09 1.1217E-09 1.1697E-09 1.2190E-09 1.2704E-09 1.3227E-09 1.3775E-09 1.4337E-09 1.4908E-09 1.5495E-09 1.6109E-09 1.6726E-09 1.7371E-09 1.8023E-09 1.8687E-09 1.9379E-09 2.0127E-09
1.1039E-10 1.1887E-10 1.2782E-10 1.3729E-10 1.4668E-10 1.5684E-10 1.6782E-10 1.7908E-10 1.9056E-10 2.0321E-10 2.1610E-10 2.3009E-10 2.4534E-10 2.6133E-10 2.7860E-10 2.9680E-10 3.1542E-10 3.3495E-10 3.5545E-10 3.7648E-10 3.9789E-10 4.2083E-10 4.4472E-10 4.6967E-10 4.9500E-10 5.2131E-10 5.4937E-10 5.7855E-10 6.0882E-10 6.3960E-10 6.7156E-10 7.0529E-10 7.4011E-10 7.7617E-10 8.1298E-10 8.5103E-10 8.9160E-10 9.3233E-10 9.7501E-10 1.0185E-09 1.0634E-09 1.1103E-09 1.1580E-09 1.2078E-09 1.2592E-09 1.3113E-09 1.3660E-09 1.4217E-09 1.4789E-09 1.5387E-09 1.5992E-09 1.6624E-09 1.7272E-09 1.7914E-09 1.8596E-09 1.9343E-09 2.0098E-09
1.0896E-10 1.1733E-10 1.2619E-10 1.3522E-10 1.4471E-10 1.5471E-10 1.6558E-10 1.7665E-10 1.8789E-10 2.0034E-10 2.1308E-10 2.2684E-10 2.4181E-10 2.5805E-10 2.7469E-10 2.9264E-10 3.1144E-10 3.3075E-10 3.5057E-10 3.7127E-10 3.9234E-10 4.1505E-10 4.3868E-10 4.6327E-10 4.8826E-10 5.1429E-10 5.4268E-10 5.7083E-10 6.0079E-10 6.3127E-10 6.6286E-10 6.9679E-10 7.3074E-10 7.6649E-10 8.0293E-10 8.4182E-10 8.8093E-10 9.2134E-10 9.6373E-10 1.0069E-09 1.0522E-09 1.0988E-09 1.1464E-09 1.1960E-09 1.2466E-09 1.2986E-09 1.3533E-09 1.4088E-09 1.4671E-09 1.5271E-09 1.5877E-09 1.6510E-09 1.7151E-09 1.7808E-09 1.8494E-09 1.9237E-09 2.0003E-09
1.0758E-10 1.1582E-10 1.2451E-10 1.3338E-10 1.4277E-10 1.5262E-10 1.6327E-10 1.7414E-10 1.8524E-10 1.9749E-10 2.0997E-10 2.2350E-10 2.3832E-10 2.5434E-10 2.7115E-10 2.8839E-10 3.0702E-10 3.2603E-10 3.4600E-10 3.6598E-10 3.8742E-10 4.0978E-10 4.3243E-10 4.5676E-10 4.8144E-10 5.0771E-10 5.3513E-10 5.6299E-10 5.9259E-10 6.2266E-10 6.5513E-10 6.8753E-10 7.2107E-10 7.5702E-10 7.9314E-10 8.3112E-10 8.6986E-10 9.0992E-10 9.5263E-10 9.9551E-10 1.0404E-09 1.0863E-09 1.1335E-09 1.1829E-09 1.2333E-09 1.2862E-09 1.3407E-09 1.3962E-09 1.4545E-09 1.5134E-09 1.5752E-09 1.6377E-09 1.7019E-09 1.7691E-09 1.8429E-09 1.9180E-09 1.9895E-09
1.0616E-10 1.1425E-10 1.2255E-10 1.3160E-10 1.4080E-10 1.5044E-10 1.6096E-10 1.7168E-10 1.8254E-10 1.9422E-10 2.0690E-10 2.2025E-10 2.3433E-10 2.5054E-10 2.6718E-10 2.8464E-10 3.0247E-10 3.2123E-10 3.4100E-10 3.6064E-10 3.8171E-10 4.0382E-10 4.2619E-10 4.5013E-10 4.7442E-10 5.0107E-10 5.2749E-10 5.5492E-10 5.8415E-10 6.1456E-10 6.4600E-10 6.7796E-10 7.1172E-10 7.4676E-10 7.8246E-10 8.2005E-10 8.5844E-10 8.9935E-10 9.4049E-10 9.8303E-10 1.0277E-09 1.0731E-09 1.1207E-09 1.1699E-09 1.2200E-09 1.2727E-09 1.3264E-09 1.3829E-09 1.4411E-09 1.5000E-09 1.5619E-09 1.6245E-09 1.6889E-09 1.7564E-09 1.8297E-09 1.9054E-09 1.9837E-09
1.0475E-10 1.1275E-10 1.2088E-10 1.2974E-10 1.3881E-10 1.4833E-10 1.5864E-10 1.6912E-10 1.7986E-10 1.9141E-10 2.0382E-10 2.1691E-10 2.3083E-10 2.4682E-10 2.6314E-10 2.8034E-10 2.9797E-10 3.1644E-10 3.3586E-10 3.5582E-10 3.7605E-10 3.9778E-10 4.1976E-10 4.4342E-10 4.6804E-10 4.9363E-10 5.1964E-10 5.4676E-10 5.7628E-10 6.0559E-10 6.3664E-10 6.6824E-10 7.0215E-10 7.3618E-10 7.7150E-10 8.0932E-10 8.4728E-10 8.8720E-10 9.2798E-10 9.7013E-10 1.0150E-09 1.0602E-09 1.1075E-09 1.1557E-09 1.2055E-09 1.2590E-09 1.3125E-09 1.3688E-09 1.4259E-09 1.4848E-09 1.5466E-09 1.6093E-09 1.6750E-09 1.7474E-09 1.8212E-09 1.8930E-09 1.9709E-09
