Assets/Resources/2015_m01_d31_1600(utc+0800)_l00_csi_1hr_conc.grd
DSAA
         159         159
     -79.000      79.000
     -79.000      79.000
  0.0000E+00  0.3296E-05
[rows 0 to 24 of 159, columns 0 to 56 of 159]
2.0198E-09 2.2119E-09 2.4129E-09 2.6215E-09 2.8353E-09 3.0530E-09 3.2728E-09 3.4946E-09 3.7168E-09 3.9361E-09 4.1499E-09 4.3566E-09 4.5544E-09 4.7413E-09 4.9159E-09 5.0754E-09 5.2185E-09 5.3422E-09 5.4467E-09 5.5296E-09 5.5893E-09 5.6261E-09 5.6400E-09 5.6294E-09 5.5950E-09 5.5375E-09 5.4571E-09 5.3550E-09 5.2310E-09 5.0873E-09 4.9263E-09 4.7474E-09 4.5542E-09 4.3500E-09 4.1333E-09 3.9089E-09 3.6807E-09 3.4474E-09 3.2134E-09 2.9813E-09 2.7516E-09 2.5265E-09 2.3077E-09 2.0985E-09 1.8991E-09 1.7104E-09 1.5338E-09 1.3680E-09 1.2125E-09 1.0719E-09 9.4354E-10 8.2634E-10 6.8166E-10 5.8105E-10 5.0541E-10 4.3115E-10 3.6649E-10
2.0937E-09 2.2956E-09 2.5068E-09 2.7249E-09 2.9487E-09 3.1768E-09 3.4094E-09 3.6439E-09 3.8775E-09 4.1075E-09 4.3328E-09 4.5511E-09 4.7609E-09 4.9594E-09 5.1449E-09 5.3142E-09 5.4652E-09 5.5973E-09 5.7084E-09 5.7957E-09 5.8611E-09 5.9026E-09 5.9183E-09 5.9101E-09 5.8771E-09 5.8184E-09 5.7351E-09 5.6282E-09 5.4990E-09 5.3486E-09 5.1785E-09 4.9911E-09 4.7883E-09 4.5711E-09 4.3431E-09 4.1075E-09 3.8639E-09 3.6166E-09 3.3682E-09 3.1205E-09 2.8785E-09 2.6412E-09 2.4114E-09 2.1907E-09 1.9789E-09 1.7797E-09 1.5928E-09 1.4185E-09 1.2587E-09 1.1102E-09 9.7290E-10 8.5072E-10 7.2299E-10 5.9415E-10 5.1748E-10 4.4029E-10 3.7182E-10
2.1653E-09 2.3769E-09 2.5971E-09 2.8247E-09 3.0589E-09 3.2996E-09 3.5441E-09 3.7897E-09 4.0344E-09 4.2765E-09 4.5141E-09 4.7452E-09 4.9672E-09 5.1773E-09 5.3735E-09 5.5522E-09 5.7137E-09 5.8541E-09 5.9721E-09 6.0685E-09 6.1407E-09 6.1855E-09 6.2061E-09 6.1994E-09 6.1651E-09 6.1048E-09 6.0186E-09 5.9079E-09 5.7728E-09 5.6150E-09 5.4373E-09 5.2400E-09 5.0257E-09 4.7974E-09 4.5580E-09 4.3082E-09 4.0519E-09 3.7925E-09 3.5309E-09 3.2711E-09 3.0139E-09 2.7609E-09 2.5169E-09 2.2841E-09 2.0618E-09 1.8518E-09 1.6538E-09 1.4707E-09 1.2996E-09 1.1443E-09 1.0039E-09 8.7389E-10 7.3937E-10 6.0883E-10 5.2822E-10 4.4828E-10 3.7566E-10
2.2337E-09 2.4536E-09 2.6826E-09 2.9202E-09 3.1664E-09 3.4188E-09 3.6740E-09 3.9310E-09 4.1877E-09 4.4427E-09 4.6934E-09 4.9374E-09 5.1715E-09 5.3932E-09 5.5995E-09 5.7895E-09 5.9609E-09 6.1105E-09 6.2393E-09 6.3428E-09 6.4184E-09 6.4692E-09 6.4921E-09 6.4859E-09 6.4533E-09 6.3927E-09 6.3045E-09 6.1899E-09 6.0501E-09 5.8869E-09 5.7006E-09 5.4937E-09 5.2694E-09 5.0293E-09 4.7757E-09 4.5120E-09 4.2417E-09 3.9670E-09 3.6903E-09 3.4158E-09 3.1453E-09 2.8821E-09 2.6257E-09 2.3784E-09 2.1411E-09 1.9211E-09 1.7136E-09 1.5207E-09 1.3408E-09 1.1796E-09 1.0301E-09 8.9675E-10 7.7752E-10 6.3365E-10 5.3775E-10 4.5622E-10 3.7808E-10
2.2974E-09 2.5254E-09 2.7636E-09 3.0126E-09 3.2697E-09 3.5321E-09 3.7986E-09 4.0674E-09 4.3374E-09 4.6057E-09 4.8695E-09 5.1260E-09 5.3719E-09 5.6045E-09 5.8237E-09 6.0261E-09 6.2080E-09 6.3696E-09 6.5069E-09 6.6163E-09 6.7014E-09 6.7582E-09 6.7851E-09 6.7847E-09 6.7543E-09 6.6935E-09 6.6041E-09 6.4863E-09 6.3413E-09 6.1703E-09 5.9754E-09 5.7599E-09 5.5242E-09 5.2719E-09 5.0068E-09 4.7303E-09 4.4456E-09 4.1562E-09 3.8652E-09 3.5759E-09 3.2876E-09 3.0063E-09 2.7357E-09 2.4783E-09 2.2305E-09 1.9966E-09 1.7732E-09 1.5709E-09 1.3841E-09 1.2095E-09 1.0556E-09 9.1780E-10 7.9226E-10 6.4428E-10 5.4307E-10 4.6423E-10 3.7863E-10
2.3560E-09 2.5921E-09 2.8409E-09 3.0999E-09 3.3665E-09 3.6395E-09 3.9176E-09 4.1993E-09 4.4825E-09 4.7635E-09 5.0397E-09 5.3071E-09 5.5663E-09 5.8133E-09 6.0449E-09 6.2588E-09 6.4533E-09 6.6241E-09 6.7683E-09 6.8895E-09 6.9827E-09 7.0452E-09 7.0790E-09 7.0813E-09 7.0508E-09 6.9904E-09 6.8991E-09 6.7776E-09 6.6276E-09 6.4504E-09 6.2488E-09 6.0231E-09 5.7769E-09 5.5133E-09 5.2343E-09 4.9433E-09 4.6441E-09 4.3399E-09 4.0346E-09 3.7292E-09 3.4279E-09 3.1343E-09 2.8496E-09 2.5725E-09 2.3096E-09 2.0652E-09 1.8364E-09 1.6201E-09 1.4221E-09 1.2431E-09 1.0811E-09 9.3403E-10 8.0391E-10 6.6609E-10 5.4887E-10 4.6968E-10 3.7758E-10
2.4089E-09 2.6545E-09 2.9125E-09 3.1801E-09 3.4565E-09 3.7404E-09 4.0307E-09 4.3252E-09 4.6206E-09 4.9135E-09 5.2008E-09 5.4830E-09 5.7565E-09 6.0147E-09 6.2605E-09 6.4867E-09 6.6897E-09 6.8727E-09 7.0320E-09 7.1628E-09 7.2634E-09 7.3346E-09 7.3728E-09 7.3783E-09 7.3523E-09 7.2938E-09 7.2022E-09 7.0796E-09 6.9263E-09 6.7440E-09 6.5343E-09 6.2996E-09 6.0435E-09 5.7673E-09 5.4751E-09 5.1702E-09 4.8569E-09 4.5365E-09 4.2135E-09 3.8910E-09 3.5739E-09 3.2625E-09 2.9614E-09 2.6726E-09 2.3999E-09 2.1375E-09 1.8931E-09 1.6698E-09 1.4658E-09 1.2747E-09 1.1042E-09 9.5250E-10 8.1570E-10 6.7116E-10 5.5047E-10 4.7151E-10 3.8375E-10
2.4571E-09 2.7110E-09 2.9766E-09 3.2529E-09 3.5391E-09 3.8345E-09 4.1369E-09 4.4430E-09 4.7495E-09 5.0538E-09 5.3561E-09 5.6528E-09 5.9371E-09 6.2110E-09 6.4685E-09 6.7046E-09 6.9253E-09 7.1228E-09 7.2910E-09 7.4329E-09 7.5449E-09 7.6230E-09 7.6702E-09 7.6841E-09 7.6626E-09 7.6063E-09 7.5161E-09 7.3920E-09 7.2353E-09 7.0478E-09 6.8312E-09 6.5882E-09 6.3210E-09 6.0330E-09 5.7279E-09 5.4085E-09 5.0783E-09 4.7416E-09 4.4034E-09 4.0643E-09 3.7287E-09 3.4006E-09 3.0845E-09 2.7769E-09 2.4866E-09 2.2137E-09 1.9604E-09 1.7217E-09 1.5020E-09 1.3070E-09 1.1274E-09 9.6720E-10 8.2470E-10 6.8668E-10 5.5800E-10 4.7020E-10 3.7973E-10
2.4996E-09 2.7602E-09 3.0331E-09 3.3180E-09 3.6147E-09 3.9213E-09 4.2343E-09 4.5508E-09 4.8685E-09 5.1876E-09 5.5039E-09 5.8116E-09 6.1113E-09 6.3983E-09 6.6672E-09 6.9237E-09 7.1578E-09 7.3639E-09 7.5475E-09 7.7020E-09 7.8226E-09 7.9141E-09 7.9704E-09 7.9890E-09 7.9728E-09 7.9206E-09 7.8316E-09 7.7071E-09 7.5483E-09 7.3562E-09 7.1334E-09 6.8818E-09 6.6044E-09 6.3046E-09 5.9854E-09 5.6507E-09 5.3045E-09 4.9522E-09 4.5942E-09 4.2366E-09 3.8833E-09 3.5393E-09 3.2035E-09 2.8816E-09 2.5761E-09 2.2888E-09 2.0189E-09 1.7721E-09 1.5462E-09 1.3364E-09 1.1502E-09 9.8647E-10 8.3723E-10 6.9446E-10 5.5589E-10 4.6910E-10 3.7685E-10
2.5351E-09 2.8016E-09 3.0819E-09 3.3759E-09 3.6827E-09 3.9989E-09 4.3213E-09 4.6485E-09 4.9804E-09 5.3126E-09 5.6400E-09 5.9626E-09 6.2765E-09 6.5759E-09 6.8656E-09 7.1353E-09 7.3796E-09 7.6043E-09 7.8022E-09 7.9671E-09 8.1041E-09 8.2063E-09 8.2696E-09 8.2994E-09 8.2907E-09 8.2422E-09 8.1570E-09 8.0334E-09 7.8733E-09 7.6783E-09 7.4497E-09 7.1902E-09 6.9030E-09 6.5911E-09 6.2581E-09 5.9093E-09 5.5460E-09 5.1740E-09 4.7977E-09 4.4234E-09 4.0500E-09 3.6845E-09 3.3306E-09 2.9929E-09 2.6701E-09 2.3669E-09 2.0852E-09 1.8249E-09 1.5858E-09 1.3702E-09 1.1736E-09 1.0016E-09 8.4678E-10 6.9917E-10 5.5908E-10 4.6407E-10 3.6965E-10
2.5627E-09 2.8351E-09 3.1229E-09 3.4258E-09 3.7412E-09 4.0648E-09 4.3979E-09 4.7381E-09 5.0811E-09 5.4252E-09 5.7669E-09 6.1040E-09 6.4308E-09 6.7502E-09 7.0535E-09 7.3349E-09 7.5999E-09 7.8403E-09 8.0495E-09 8.2325E-09 8.3821E-09 8.4937E-09 8.5718E-09 8.6108E-09 8.6083E-09 8.5676E-09 8.4858E-09 8.3643E-09 8.2042E-09 8.0063E-09 7.7722E-09 7.5056E-09 7.2085E-09 6.8848E-09 6.5383E-09 6.1724E-09 5.7921E-09 5.4026E-09 5.0077E-09 4.6108E-09 4.2178E-09 3.8339E-09 3.4610E-09 3.1028E-09 2.7636E-09 2.4453E-09 2.1484E-09 1.8755E-09 1.6274E-09 1.4000E-09 1.1994E-09 1.0188E-09 8.5815E-10 7.0105E-10 5.5473E-10 4.5735E-10 3.7187E-10
2.5824E-09 2.8606E-09 3.1560E-09 3.4664E-09 3.7880E-09 4.1215E-09 4.4654E-09 4.8148E-09 5.1710E-09 5.5272E-09 5.8820E-09 6.2332E-09 6.5788E-09 6.9111E-09 7.2283E-09 7.5314E-09 7.8125E-09 8.0657E-09 8.2949E-09 8.4928E-09 8.6542E-09 8.7835E-09 8.8745E-09 8.9234E-09 8.9324E-09 8.9001E-09 8.8242E-09 8.7068E-09 8.5466E-09 8.3477E-09 8.1103E-09 7.8369E-09 7.5305E-09 7.1952E-09 6.8345E-09 6.4529E-09 6.0562E-09 5.6464E-09 5.2303E-09 4.8128E-09 4.4003E-09 3.9938E-09 3.5999E-09 3.2228E-09 2.8651E-09 2.5286E-09 2.2173E-09 1.9301E-09 1.6692E-09 1.4332E-09 1.2243E-09 1.0350E-09 8.6750E-10 7.1199E-10 5.6665E-10 4.5069E-10 3.6603E-10
2.5940E-09 2.8782E-09 3.1800E-09 3.4955E-09 3.8250E-09 4.1677E-09 4.5200E-09 4.8822E-09 5.2481E-09 5.6157E-09 5.9862E-09 6.3536E-09 6.7111E-09 7.0604E-09 7.3980E-09 7.7145E-09 8.0123E-09 8.2868E-09 8.5314E-09 8.7444E-09 8.9262E-09 9.0708E-09 9.1742E-09 9.2378E-09 9.2589E-09 9.2346E-09 9.1656E-09 9.0527E-09 8.8963E-09 8.6967E-09 8.4549E-09 8.1758E-09 7.8611E-09 7.5144E-09 7.1402E-09 6.7425E-09 6.3263E-09 5.8970E-09 5.4616E-09 5.0221E-09 4.5857E-09 4.1577E-09 3.7439E-09 3.3453E-09 2.9674E-09 2.6143E-09 2.2855E-09 1.9841E-09 1.7116E-09 1.4661E-09 1.2477E-09 1.0533E-09 8.8306E-10 7.2003E-10 5.6747E-10 4.4539E-10 3.5561E-10
2.5979E-09 2.8874E-09 3.1931E-09 3.5143E-09 3.8512E-09 4.2015E-09 4.5646E-09 4.9350E-09 5.3103E-09 5.6944E-09 6.0785E-09 6.4563E-09 6.8328E-09 7.2006E-09 7.5504E-09 7.8884E-09 8.2055E-09 8.4951E-09 8.7590E-09 8.9935E-09 9.1915E-09 9.3513E-09 9.4737E-09 9.5529E-09 9.5868E-09 9.5737E-09 9.5161E-09 9.4106E-09 9.2579E-09 9.0577E-09 8.8159E-09 8.5321E-09 8.2095E-09 7.8518E-09 7.4638E-09 7.0498E-09 6.6153E-09 6.1667E-09 5.7079E-09 5.2460E-09 4.7867E-09 4.3366E-09 3.8983E-09 3.4780E-09 3.0806E-09 2.7069E-09 2.3610E-09 2.0455E-09 1.7580E-09 1.5005E-09 1.2721E-09 1.0720E-09 8.9785E-10 7.3079E-10 5.7766E-10 4.3635E-10 3.4403E-10
2.5941E-09 2.8866E-09 3.1959E-09 3.5226E-09 3.8658E-09 4.2246E-09 4.5943E-09 4.9728E-09 5.3634E-09 5.7586E-09 6.1528E-09 6.5493E-09 6.9419E-09 7.3219E-09 7.6943E-09 8.0501E-09 8.3815E-09 8.6947E-09 8.9803E-09 9.2295E-09 9.4496E-09 9.6309E-09 9.7695E-09 9.8629E-09 9.9135E-09 9.9152E-09 9.8674E-09 9.7666E-09 9.6203E-09 9.4249E-09 9.1818E-09 8.8925E-09 8.5630E-09 8.1951E-09 7.7934E-09 7.3635E-09 6.9101E-09 6.4397E-09 5.9587E-09 5.4747E-09 4.9909E-09 4.5154E-09 4.0544E-09 3.6118E-09 3.1917E-09 2.7986E-09 2.4362E-09 2.1028E-09 1.8021E-09 1.5345E-09 1.2973E-09 1.0901E-09 9.0965E-10 7.4537E-10 5.8324E-10 4.4343E-10 3.4903E-10
2.5818E-09 2.8761E-09 3.1884E-09 3.5196E-09 3.8695E-09 4.2334E-09 4.6094E-09 5.0004E-09 5.4008E-09 5.8051E-09 6.2155E-09 6.6269E-09 7.0313E-09 7.4325E-09 7.8222E-09 8.1927E-09 8.5497E-09 8.8833E-09 9.1852E-09 9.4612E-09 9.7020E-09 9.9019E-09 1.0059E-08 1.0175E-08 1.0242E-08 1.0258E-08 1.0223E-08 1.0137E-08 9.9985E-09 9.8061E-09 9.5635E-09 9.2743E-09 8.9392E-09 8.5619E-09 8.1478E-09 7.7019E-09 7.2300E-09 6.7393E-09 6.2357E-09 5.7256E-09 5.2168E-09 4.7172E-09 4.2295E-09 3.7613E-09 3.3185E-09 2.9047E-09 2.5208E-09 2.1710E-09 1.8564E-09 1.5753E-09 1.3270E-09 1.1110E-09 9.2372E-10 7.6074E-10 6.0033E-10 4.4231E-10 3.4568E-10
2.5605E-09 2.8547E-09 3.1704E-09 3.5065E-09 3.8593E-09 4.2277E-09 4.6132E-09 5.0120E-09 5.4208E-09 5.8383E-09 6.2619E-09 6.6843E-09 7.1079E-09 7.5253E-09 7.9293E-09 8.3249E-09 8.7007E-09 9.0532E-09 9.3821E-09 9.6806E-09 9.9389E-09 1.0164E-08 1.0346E-08 1.0482E-08 1.0565E-08 1.0601E-08 1.0582E-08 1.0508E-08 1.0376E-08 1.0192E-08 9.9541E-09 9.6631E-09 9.3214E-09 8.9353E-09 8.5083E-09 8.0461E-09 7.5552E-09 7.0424E-09 6.5145E-09 5.9795E-09 5.4461E-09 4.9186E-09 4.4057E-09 3.9157E-09 3.4481E-09 3.0108E-09 2.6088E-09 2.2395E-09 1.9088E-09 1.6155E-09 1.3582E-09 1.1332E-09 9.3966E-10 7.7317E-10 6.1333E-10 4.5412E-10 3.3847E-10
2.5294E-09 2.8252E-09 3.1432E-09 3.4805E-09 3.8362E-09 4.2109E-09 4.6019E-09 5.0081E-09 5.4265E-09 5.8543E-09 6.2881E-09 6.7271E-09 7.1641E-09 7.5961E-09 8.0236E-09 8.4375E-09 8.8335E-09 9.2113E-09 9.5619E-09 9.8814E-09 1.0170E-08 1.0419E-08 1.0621E-08 1.0780E-08 1.0888E-08 1.0943E-08 1.0939E-08 1.0882E-08 1.0766E-08 1.0590E-08 1.0353E-08 1.0063E-08 9.7188E-09 9.3253E-09 8.8868E-09 8.4098E-09 7.9003E-09 7.3658E-09 6.8143E-09 6.2545E-09 5.6925E-09 5.1375E-09 4.5992E-09 4.0791E-09 3.5860E-09 3.1288E-09 2.7043E-09 2.3183E-09 1.9737E-09 1.6645E-09 1.3933E-09 1.1583E-09 9.5577E-10 7.8430E-10 6.2366E-10 4.6147E-10 3.5032E-10
2.4902E-09 2.7863E-09 3.1046E-09 3.4432E-09 3.8018E-09 4.1792E-09 4.5762E-09 4.9892E-09 5.4143E-09 5.8519E-09 6.2988E-09 6.7481E-09 7.2001E-09 7.6512E-09 8.0953E-09 8.5296E-09 8.9500E-09 9.3483E-09 9.7239E-09 1.0072E-08 1.0385E-08 1.0656E-08 1.0889E-08 1.1073E-08 1.1205E-08 1.1279E-08 1.1300E-08 1.1259E-08 1.1156E-08 1.0988E-08 1.0762E-08 1.0474E-08 1.0129E-08 9.7291E-09 9.2801E-09 8.7879E-09 8.2596E-09 7.7035E-09 7.1276E-09 6.5403E-09 5.9512E-09 5.3703E-09 4.8016E-09 4.2550E-09 3.7399E-09 3.2552E-09 2.8089E-09 2.4049E-09 2.0400E-09 1.7171E-09 1.4338E-09 1.1877E-09 9.7561E-10 7.9598E-10 6.3441E-10 4.6841E-10 3.4669E-10
2.4440E-09 2.7392E-09 3.0565E-09 3.3945E-09 3.7538E-09 4.1355E-09 4.5364E-09 4.9522E-09 5.3860E-09 5.8331E-09 6.2870E-09 6.7499E-09 7.2179E-09 7.6834E-09 8.1475E-09 8.6007E-09 9.0433E-09 9.4670E-09 9.8690E-09 1.0239E-08 1.0581E-08 1.0884E-08 1.1143E-08 1.1351E-08 1.1511E-08 1.1614E-08 1.1656E-08 1.1632E-08 1.1547E-08 1.1396E-08 1.1178E-08 1.0893E-08 1.0546E-08 1.0140E-08 9.6803E-09 9.1734E-09 8.6272E-09 8.0488E-09 7.4480E-09 6.8357E-09 6.2185E-09 5.6064E-09 5.0100E-09 4.4381E-09 3.8944E-09 3.3881E-09 2.9229E-09 2.4980E-09 2.1160E-09 1.7773E-09 1.4775E-09 1.2203E-09 1.0002E-09 8.1016E-10 6.4621E-10 4.9110E-10 3.6010E-10
2.3908E-09 2.6838E-09 2.9987E-09 3.3356E-09 3.6961E-09 4.0787E-09 4.4801E-09 4.9019E-09 5.3412E-09 5.7927E-09 6.2579E-09 6.7330E-09 7.2124E-09 7.6961E-09 8.1761E-09 8.6505E-09 9.1154E-09 9.5627E-09 9.9889E-09 1.0391E-08 1.0761E-08 1.1091E-08 1.1379E-08 1.1621E-08 1.1808E-08 1.1936E-08 1.2003E-08 1.2007E-08 1.1940E-08 1.1800E-08 1.1592E-08 1.1313E-08 1.0967E-08 1.0558E-08 1.0090E-08 9.5708E-09 9.0075E-09 8.4088E-09 7.7859E-09 7.1453E-09 6.4995E-09 5.8610E-09 5.2353E-09 4.6342E-09 4.0650E-09 3.5337E-09 3.0421E-09 2.5951E-09 2.1972E-09 1.8413E-09 1.5298E-09 1.2583E-09 1.0246E-09 8.2985E-10 6.5563E-10 5.0181E-10 3.6246E-10
2.3315E-09 2.6206E-09 2.9320E-09 3.2672E-09 3.6263E-09 4.0083E-09 4.4113E-09 4.8352E-09 5.2770E-09 5.7362E-09 6.2093E-09 6.6933E-09 7.1858E-09 7.6836E-09 8.1814E-09 8.6766E-09 9.1601E-09 9.6342E-09 1.0089E-08 1.0519E-08 1.0914E-08 1.1279E-08 1.1600E-08 1.1872E-08 1.2088E-08 1.2249E-08 1.2344E-08 1.2370E-08 1.2322E-08 1.2202E-08 1.2007E-08 1.1738E-08 1.1398E-08 1.0988E-08 1.0513E-08 9.9825E-09 9.4026E-09 8.7843E-09 8.1357E-09 7.4692E-09 6.7985E-09 6.1295E-09 5.4760E-09 4.8503E-09 4.2538E-09 3.6959E-09 3.1827E-09 2.7148E-09 2.2906E-09 1.9154E-09 1.5877E-09 1.3029E-09 1.0587E-09 8.5080E-10 6.7130E-10 5.1073E-10 3.6265E-10
2.2656E-09 2.5501E-09 2.8568E-09 3.1887E-09 3.5457E-09 3.9255E-09 4.3280E-09 4.7533E-09 5.1981E-09 5.6606E-09 6.1398E-09 6.6333E-09 7.1371E-09 7.6480E-09 8.1616E-09 8.6747E-09 9.1836E-09 9.6809E-09 1.0159E-08 1.0617E-08 1.1048E-08 1.1443E-08 1.1793E-08 1.2100E-08 1.2353E-08 1.2543E-08 1.2665E-08 1.2718E-08 1.2697E-08 1.2597E-08 1.2419E-08 1.2161E-08 1.1823E-08 1.1413E-08 1.0933E-08 1.0392E-08 9.7971E-09 9.1593E-09 8.4891E-09 7.8001E-09 7.1006E-09 6.4048E-09 5.7272E-09 5.0700E-09 4.4467E-09 3.8648E-09 3.3246E-09 2.8327E-09 2.3911E-09 1.9981E-09 1.6526E-09 1.3522E-09 1.0950E-09 8.7940E-10 6.8823E-10 5.2255E-10 3.8614E-10
2.1935E-09 2.4723E-09 2.7744E-09 3.1020E-09 3.4549E-09 3.8313E-09 4.2321E-09 4.6562E-09 5.1015E-09 5.5670E-09 6.0515E-09 6.5519E-09 7.0652E-09 7.5874E-09 8.1173E-09 8.6493E-09 9.1779E-09 9.6958E-09 1.0204E-08 1.0691E-08 1.1152E-08 1.1577E-08 1.1966E-08 1.2307E-08 1.2591E-08 1.2813E-08 1.2969E-08 1.3052E-08 1.3057E-08 1.2980E-08 1.2818E-08 1.2571E-08 1.2244E-08 1.1837E-08 1.1356E-08 1.0808E-08 1.0202E-08 9.5478E-09 8.8583E-09 8.1446E-09 7.4215E-09 6.7019E-09 5.9935E-09 5.3107E-09 4.6624E-09 4.0516E-09 3.4855E-09 2.9712E-09 2.5040E-09 2.0884E-09 1.7257E-09 1.4104E-09 1.1397E-09 9.0915E-10 7.1100E-10 5.3900E-10 3.9043E-10
2.1159E-09 2.3892E-09 2.6840E-09 3.0066E-09 3.3541E-09 3.7253E-09 4.1232E-09 4.5451E-09 4.9888E-09 5.4560E-09 5.9435E-09 6.4484E-09 6.9694E-09 7.5038E-09 8.0471E-09 8.5932E-09 9.1417E-09 9.6857E-09 1.0219E-08 1.0731E-08 1.1224E-08 1.1686E-08 1.2107E-08 1.2479E-08 1.2799E-08 1.3058E-08 1.3247E-08 1.3362E-08 1.3394E-08 1.3341E-08 1.3199E-08 1.2971E-08 1.2655E-08 1.2253E-08 1.1774E-08 1.1221E-08 1.0605E-08 9.9373E-09 9.2299E-09 8.4980E-09 7.7520E-09 7.0064E-09 6.2727E-09 5.5648E-09 4.8859E-09 4.2473E-09 3.6580E-09 3.1154E-09 2.6265E-09 2.1922E-09 1.8094E-09 1.4743E-09 1.1895E-09 9.4840E-10 7.3652E-10 5.5806E-10 4.0589E-10
