Assets/Resources/2015_m01_d29_1400(utc+0800)_l00_csi_1hr_conc.grd
DSAA
         159         159
     -79.000      79.000
     -79.000      79.000
  0.0000E+00  0.1276E-05
[rows 0 to 24 of 159, columns 0 to 56 of 159]
1.8242E-12 2.4912E-12 2.8807E-12 3.6408E-12 4.1295E-12 4.8341E-12 5.4345E-12 6.2590E-12 7.1554E-12 8.1185E-12 9.1615E-12 1.0282E-11 1.1490E-11 1.2787E-11 1.4183E-11 1.5341E-11 1.6947E-11 1.8738E-11 2.0654E-11 2.2770E-11 2.5031E-11 2.6963E-11 2.9542E-11 3.2291E-11 3.5214E-11 3.8077E-11 4.1140E-11 4.4654E-11 4.8386E-11 5.2081E-11 5.6267E-11 6.0446E-11 6.5125E-11 6.9809E-11 7.4767E-11 8.0264E-11 8.6059E-11 9.1882E-11 9.8280E-11 1.0474E-10 1.1151E-10 1.1889E-10 1.2634E-10 1.3414E-10 1.4257E-10 1.5109E-10 1.5997E-10 1.6951E-10 1.7916E-10 1.8919E-10 1.9989E-10 2.1071E-10 2.2192E-10 2.3352E-10 2.4552E-10 2.5791E-10 2.7066E-10
2.0172E-12 2.5368E-12 3.0953E-12 3.7097E-12 4.3703E-12 5.0932E-12 5.7085E-12 6.7174E-12 7.4661E-12 8.2839E-12 9.3510E-12 1.0497E-11 1.1734E-11 1.3062E-11 1.4491E-11 1.6023E-11 1.7733E-11 1.9156E-11 2.1120E-11 2.3290E-11 2.5610E-11 2.8085E-11 3.0481E-11 3.3057E-11 3.6059E-11 3.9255E-11 4.2396E-11 4.6004E-11 4.9585E-11 5.3643E-11 5.7945E-11 6.2236E-11 6.6788E-11 7.1876E-11 7.6970E-11 8.2626E-11 8.8320E-11 9.4580E-11 1.0090E-10 1.0754E-10 1.1479E-10 1.2239E-10 1.2979E-10 1.3809E-10 1.4678E-10 1.5528E-10 1.6444E-10 1.7428E-10 1.8423E-10 1.9456E-10 2.0560E-10 2.1676E-10 2.2830E-10 2.4053E-10 2.5286E-10 2.6556E-10 2.7862E-10
2.0514E-12 2.5809E-12 3.1498E-12 3.7764E-12 4.4500E-12 5.1878E-12 5.9812E-12 6.8462E-12 7.7760E-12 8.7857E-12 9.7055E-12 1.0877E-11 1.1972E-11 1.3330E-11 1.4793E-11 1.6360E-11 1.8111E-11 1.9986E-11 2.1818E-11 2.3801E-11 2.6178E-11 2.8716E-11 3.1424E-11 3.4061E-11 3.7138E-11 4.0170E-11 4.3652E-11 4.7354E-11 5.1025E-11 5.5190E-11 5.9354E-11 6.4023E-11 6.8964E-11 7.3661E-11 7.9169E-11 8.4983E-11 9.0832E-11 9.7269E-11 1.0377E-10 1.1060E-10 1.1806E-10 1.2560E-10 1.3350E-10 1.4205E-10 1.5071E-10 1.5975E-10 1.6947E-10 1.7932E-10 1.8956E-10 2.0051E-10 2.1160E-10 2.2310E-10 2.3528E-10 2.4757E-10 2.6023E-10 2.7327E-10 2.8636E-10
2.2481E-12 2.6233E-12 3.3664E-12 3.8407E-12 4.5269E-12 5.2793E-12 6.0882E-12 6.9709E-12 7.9197E-12 8.9507E-12 1.0058E-11 1.1258E-11 1.2545E-11 1.3934E-11 1.5086E-11 1.6688E-11 1.8480E-11 2.0398E-11 2.2522E-11 2.4793E-11 2.6978E-11 2.9335E-11 3.2110E-11 3.5067E-11 3.8219E-11 4.1321E-11 4.4640E-11 4.8437E-11 5.2462E-11 5.6734E-11 6.1001E-11 6.5536E-11 7.0608E-11 7.5695E-11 8.1351E-11 8.7052E-11 9.3331E-11 9.9945E-11 1.0662E-10 1.1365E-10 1.2131E-10 1.2906E-10 1.3746E-10 1.4598E-10 1.5489E-10 1.6447E-10 1.7420E-10 1.8433E-10 1.9517E-10 2.0616E-10 2.1757E-10 2.2941E-10 2.4168E-10 2.5432E-10 2.6734E-10 2.8072E-10 2.9446E-10
2.2827E-12 2.8274E-12 3.4203E-12 4.0667E-12 4.7687E-12 5.3675E-12 6.3588E-12 7.0914E-12 8.0586E-12 9.1104E-12 1.0240E-11 1.1464E-11 1.2778E-11 1.4198E-11 1.5719E-11 1.7423E-11 1.8839E-11 2.0800E-11 2.2973E-11 2.5296E-11 2.7782E-11 3.0437E-11 3.2780E-11 3.5809E-11 3.9036E-11 4.2471E-11 4.6125E-11 4.9753E-11 5.3626E-11 5.8005E-11 6.2641E-11 6.7552E-11 7.2227E-11 7.7718E-11 8.3520E-11 8.9365E-11 9.5809E-11 1.0233E-10 1.0918E-10 1.1668E-10 1.2427E-10 1.3222E-10 1.4086E-10 1.4961E-10 1.5876E-10 1.6861E-10 1.7861E-10 1.8903E-10 2.0018E-10 2.1148E-10 2.2322E-10 2.3571E-10 2.4835E-10 2.6137E-10 2.7475E-10 2.8849E-10 3.0259E-10
2.4770E-12 2.8691E-12 3.6345E-12 4.1291E-12 5.0071E-12 5.6201E-12 6.6264E-12 7.3753E-12 8.3630E-12 9.2644E-12 1.0586E-11 1.1664E-11 1.3004E-11 1.4452E-11 1.6005E-11 1.7745E-11 1.9609E-11 2.1677E-11 2.3411E-11 2.5785E-11 2.8328E-11 3.1042E-11 3.3942E-11 3.7035E-11 3.9835E-11 4.3351E-11 4.7091E-11 5.1064E-11 5.5285E-11 5.9250E-11 6.4000E-11 6.9033E-11 7.4351E-11 7.9713E-11 8.5393E-11 9.1658E-11 9.8266E-11 1.0495E-10 1.1226E-10 1.1967E-10 1.2746E-10 1.3591E-10 1.4449E-10 1.5348E-10 1.6316E-10 1.7300E-10 1.8327E-10 1.9426E-10 2.0543E-10 2.1705E-10 2.2941E-10 2.4196E-10 2.5497E-10 2.6838E-10 2.8184E-10 2.9596E-10 3.1044E-10
2.5107E-12 3.0685E-12 3.6862E-12 4.3503E-12 5.0813E-12 5.8674E-12 6.7284E-12 7.4901E-12 8.6637E-12 9.5839E-12 1.0927E-11 1.2028E-11 1.3395E-11 1.4698E-11 1.6280E-11 1.8056E-11 1.9958E-11 2.2069E-11 2.4329E-11 2.6752E-11 2.8857E-11 3.1631E-11 3.4595E-11 3.7756E-11 4.1126E-11 4.4461E-11 4.8033E-11 5.2099E-11 5.6417E-11 6.0997E-11 6.5593E-11 7.0482E-11 7.5929E-11 8.1691E-11 8.7503E-11 9.3920E-11 1.0042E-10 1.0726E-10 1.1476E-10 1.2236E-10 1.3061E-10 1.3900E-10 1.4781E-10 1.5730E-10 1.6724E-10 1.7705E-10 1.8787E-10 1.9917E-10 2.1063E-10 2.2256E-10 2.3498E-10 2.4787E-10 2.6123E-10 2.7504E-10 2.8920E-10 3.0372E-10 3.1858E-10
2.5426E-12 3.1081E-12 3.7352E-12 4.4092E-12 5.1519E-12 5.9504E-12 6.8257E-12 7.7668E-12 8.7937E-12 9.8973E-12 1.1097E-11 1.2385E-11 1.3780E-11 1.5109E-11 1.6959E-11 1.8355E-11 2.0294E-11 2.2448E-11 2.4753E-11 2.7226E-11 2.9869E-11 3.2448E-11 3.5228E-11 3.8456E-11 4.1899E-11 4.5565E-11 4.9467E-11 5.3361E-11 5.7520E-11 6.2204E-11 6.7171E-11 7.2165E-11 7.7735E-11 8.3366E-11 8.9586E-11 9.6153E-11 1.0280E-10 1.0982E-10 1.1749E-10 1.2527E-10 1.3373E-10 1.4233E-10 1.5135E-10 1.6108E-10 1.7099E-10 1.8133E-10 1.9243E-10 2.0372E-10 2.1548E-10 2.2802E-10 2.4077E-10 2.5400E-10 2.6772E-10 2.8192E-10 2.9650E-10 3.1143E-10 3.2669E-10
2.5725E-12 3.3102E-12 3.7814E-12 4.6308E-12 5.2186E-12 6.1957E-12 6.9180E-12 7.8737E-12 8.9175E-12 1.0039E-11 1.1259E-11 1.2569E-11 1.3988E-11 1.5511E-11 1.7224E-11 1.9059E-11 2.1101E-11 2.2812E-11 2.5161E-11 2.7683E-11 3.0378E-11 3.3264E-11 3.6344E-11 3.9383E-11 4.2647E-11 4.6390E-11 5.0375E-11 5.4612E-11 5.8853E-11 6.3635E-11 6.8452E-11 7.3828E-11 7.9519E-11 8.5269E-11 9.1627E-11 9.8077E-11 1.0487E-10 1.1233E-10 1.1990E-10 1.2814E-10 1.3680E-10 1.4532E-10 1.5484E-10 1.6481E-10 1.7494E-10 1.8583E-10 1.9693E-10 2.0849E-10 2.2084E-10 2.3341E-10 2.4647E-10 2.6004E-10 2.7381E-10 2.8840E-10 3.0341E-10 3.1876E-10 3.3444E-10
2.7620E-12 3.3477E-12 3.9882E-12 4.6858E-12 5.4465E-12 6.2729E-12 7.1715E-12 8.1454E-12 9.0346E-12 1.0344E-11 1.1413E-11 1.2743E-11 1.4186E-11 1.5734E-11 1.7477E-11 1.9344E-11 2.1423E-11 2.3650E-11 2.6043E-11 2.8122E-11 3.0867E-11 3.3809E-11 3.6948E-11 4.0303E-11 4.3879E-11 4.7186E-11 5.1252E-11 5.5575E-11 6.0169E-11 6.5047E-11 6.9959E-11 7.5185E-11 8.0998E-11 8.7141E-11 9.3635E-11 1.0022E-10 1.0718E-10 1.1479E-10 1.2253E-10 1.3095E-10 1.3953E-10 1.4853E-10 1.5826E-10 1.6818E-10 1.7855E-10 1.8970E-10 2.0106E-10 2.1290E-10 2.2555E-10 2.3842E-10 2.5180E-10 2.6570E-10 2.8013E-10 2.9508E-10 3.1051E-10 3.2630E-10 3.4209E-10
2.7899E-12 3.3825E-12 4.0308E-12 4.7372E-12 5.5078E-12 6.3452E-12 7.2561E-12 8.2438E-12 9.3153E-12 1.0474E-11 1.1729E-11 1.3083E-11 1.4545E-11 1.6185E-11 1.7717E-11 1.9615E-11 2.1730E-11 2.3995E-11 2.6431E-11 2.9037E-11 3.1833E-11 3.4331E-11 3.7528E-11 4.0946E-11 4.4590E-11 4.8476E-11 5.2612E-11 5.6503E-11 6.1189E-11 6.6164E-11 7.1441E-11 7.7036E-11 8.2695E-11 8.8700E-11 9.5329E-11 1.0205E-10 1.0942E-10 1.1693E-10 1.2510E-10 1.3371E-10 1.4219E-10 1.5167E-10 1.6162E-10 1.7176E-10 1.8265E-10 1.9377E-10 2.0538E-10 2.1779E-10 2.3045E-10 2.4362E-10 2.5731E-10 2.7155E-10 2.8632E-10 3.0163E-10 3.1718E-10 3.3340E-10 3.4995E-10
2.8155E-12 3.5760E-12 4.0700E-12 4.9490E-12 5.5646E-12 6.5789E-12 7.3350E-12 8.5039E-12 9.4215E-12 1.0766E-11 1.1869E-11 1.3413E-11 1.4726E-11 1.6562E-11 1.8184E-11 2.0114E-11 2.2021E-11 2.4323E-11 2.6800E-11 2.9449E-11 3.2293E-11 3.5332E-11 3.8585E-11 4.1561E-11 4.5270E-11 4.9227E-11 5.3439E-11 5.7924E-11 6.2690E-11 6.7238E-11 7.2617E-11 7.8320E-11 8.4357E-11 9.0477E-11 9.6966E-11 1.0410E-10 1.1162E-10 1.1927E-10 1.2761E-10 1.3612E-10 1.4506E-10 1.5474E-10 1.6462E-10 1.7497E-10 1.8610E-10 1.9746E-10 2.0933E-10 2.2201E-10 2.3495E-10 2.4841E-10 2.6242E-10 2.7698E-10 2.9209E-10 3.0776E-10 3.2398E-10 3.4036E-10 3.5736E-10
2.8387E-12 3.6069E-12 4.1059E-12 4.9945E-12 5.6167E-12 6.6432E-12 7.5725E-12 8.5917E-12 9.6870E-12 1.0883E-11 1.2168E-11 1.3565E-11 1.5065E-11 1.6758E-11 1.8575E-11 2.0602E-11 2.2539E-11 2.4878E-11 2.7149E-11 2.9840E-11 3.2731E-11 3.5819E-11 3.9126E-11 4.2655E-11 4.5918E-11 4.9944E-11 5.4230E-11 5.8794E-11 6.3646E-11 6.8801E-11 7.4008E-11 7.9554E-11 8.5704E-11 9.2213E-11 9.8817E-11 1.0608E-10 1.1348E-10 1.2155E-10 1.2978E-10 1.3846E-10 1.4786E-10 1.5774E-10 1.6781E-10 1.7838E-10 1.8975E-10 2.0134E-10 2.1375E-10 2.2642E-10 2.3963E-10 2.5338E-10 2.6770E-10 2.8258E-10 2.9802E-10 3.1404E-10 3.3032E-10 3.4745E-10 3.6493E-10
2.8594E-12 3.6347E-12 4.4628E-12 5.0359E-12 5.9941E-12 6.7019E-12 7.8090E-12 8.6722E-12 9.7801E-12 1.0991E-11 1.2291E-11 1.3706E-11 1.5225E-11 1.6941E-11 1.8782E-11 2.0839E-11 2.3043E-11 2.5419E-11 2.7724E-11 3.0457E-11 3.3143E-11 3.6279E-11 3.9639E-11 4.3224E-11 4.7057E-11 5.1141E-11 5.4982E-11 5.9623E-11 6.4557E-11 6.9802E-11 7.5368E-11 8.1003E-11 8.7259E-11 9.3619E-11 1.0062E-10 1.0801E-10 1.1527E-10 1.2349E-10 1.3216E-10 1.4099E-10 1.5057E-10 1.6036E-10 1.7063E-10 1.8169E-10 1.9300E-10 2.0482E-10 2.1748E-10 2.3041E-10 2.4388E-10 2.5792E-10 2.7254E-10 2.8773E-10 3.0350E-10 3.1986E-10 3.3649E-10 3.5402E-10 3.7197E-10
3.0410E-12 3.6593E-12 4.4950E-12 5.0728E-12 6.0407E-12 6.7549E-12 7.8740E-12 8.7455E-12 1.0037E-11 1.1089E-11 1.2577E-11 1.3836E-11 1.5611E-11 1.7111E-11 1.8974E-11 2.1059E-11 2.3292E-11 2.5702E-11 2.8281E-11 3.1057E-11 3.3781E-11 3.6711E-11 4.0122E-11 4.3761E-11 4.7653E-11 5.1799E-11 5.6224E-11 6.0931E-11 6.5421E-11 7.0753E-11 7.6410E-11 8.2412E-11 8.8770E-11 9.5231E-11 1.0208E-10 1.0960E-10 1.1726E-10 1.2563E-10 1.3417E-10 1.4345E-10 1.5320E-10 1.6288E-10 1.7363E-10 1.8490E-10 1.9642E-10 2.0876E-10 2.2138E-10 2.3455E-10 2.4829E-10 2.6262E-10 2.7753E-10 2.9303E-10 3.0912E-10 3.2550E-10 3.4280E-10 3.6070E-10 3.7913E-10
3.2174E-12 3.6806E-12 4.5234E-12 5.2692E-12 6.0821E-12 6.9686E-12 7.9322E-12 8.9802E-12 1.0117E-11 1.1349E-11 1.2683E-11 1.4127E-11 1.5751E-11 1.7504E-11 1.9394E-11 2.1261E-11 2.3522E-11 2.5963E-11 2.8576E-11 3.1389E-11 3.4397E-11 3.7627E-11 4.0828E-11 4.4263E-11 4.8212E-11 5.2418E-11 5.6909E-11 6.1686E-11 6.6774E-11 7.2179E-11 7.7397E-11 8.3493E-11 8.9954E-11 9.6788E-11 1.0375E-10 1.1112E-10 1.1918E-10 1.2769E-10 1.3637E-10 1.4553E-10 1.5545E-10 1.6559E-10 1.7652E-10 1.8771E-10 1.9943E-10 2.1200E-10 2.2485E-10 2.3827E-10 2.5226E-10 2.6686E-10 2.8205E-10 2.9785E-10 3.1425E-10 3.3127E-10 3.4859E-10 3.6686E-10 3.8573E-10
3.2329E-12 3.8609E-12 4.5476E-12 5.2990E-12 6.1182E-12 7.0117E-12 7.9834E-12 9.0405E-12 1.0187E-11 1.1431E-11 1.2948E-11 1.4236E-11 1.6048E-11 1.7649E-11 1.9559E-11 2.1689E-11 2.3980E-11 2.6204E-11 2.8848E-11 3.1696E-11 3.4742E-11 3.8013E-11 4.1507E-11 4.5250E-11 4.8990E-11 5.2996E-11 5.7549E-11 6.2394E-11 6.7556E-11 7.3039E-11 7.8865E-11 8.4778E-11 9.1070E-11 9.8010E-11 1.0535E-10 1.1283E-10 1.2102E-10 1.2939E-10 1.3849E-10 1.4779E-10 1.5760E-10 1.6819E-10 1.7931E-10 1.9068E-10 2.0290E-10 2.1540E-10 2.2847E-10 2.4212E-10 2.5638E-10 2.7124E-10 2.8670E-10 3.0279E-10 3.1919E-10 3.3653E-10 3.5451E-10 3.7312E-10 3.9282E-10
3.2454E-12 3.8770E-12 4.5679E-12 5.3240E-12 6.1487E-12 7.0486E-12 8.1936E-12 9.0928E-12 1.0418E-11 1.1503E-11 1.3034E-11 1.4332E-11 1.6163E-11 1.7778E-11 1.9950E-11 2.1860E-11 2.4417E-11 2.6668E-11 2.9346E-11 3.1977E-11 3.5057E-11 3.8368E-11 4.1904E-11 4.5694E-11 4.9736E-11 5.4058E-11 5.8406E-11 6.3052E-11 6.8284E-11 7.3842E-11 7.9749E-11 8.6015E-11 9.2387E-11 9.9157E-11 1.0660E-10 1.1447E-10 1.2278E-10 1.3099E-10 1.4023E-10 1.4997E-10 1.5991E-10 1.7067E-10 1.8169E-10 1.9324E-10 2.0566E-10 2.1837E-10 2.3165E-10 2.4552E-10 2.6002E-10 2.7514E-10 2.9087E-10 3.0723E-10 3.2424E-10 3.4189E-10 3.5987E-10 3.7882E-10 3.9891E-10
3.2550E-12 3.8895E-12 4.5839E-12 5.3441E-12 6.3377E-12 7.0791E-12 8.2322E-12 9.1369E-12 1.0472E-11 1.1565E-11 1.3108E-11 1.4586E-11 1.6264E-11 1.8065E-11 2.0085E-11 2.2252E-11 2.4597E-11 2.6869E-11 2.9820E-11 3.2481E-11 3.5598E-11 3.8691E-11 4.2266E-11 4.6100E-11 5.0189E-11 5.4563E-11 5.9222E-11 6.4194E-11 6.9222E-11 7.4585E-11 8.0570E-11 8.6918E-11 9.3647E-11 1.0077E-10 1.0778E-10 1.1575E-10 1.2418E-10 1.3278E-10 1.4215E-10 1.5175E-10 1.6213E-10 1.7304E-10 1.8394E-10 1.9596E-10 2.0856E-10 2.2146E-10 2.3466E-10 2.4907E-10 2.6379E-10 2.7915E-10 2.9514E-10 3.1146E-10 3.2876E-10 3.4671E-10 3.6532E-10 3.8506E-10 4.0519E-10
3.2617E-12 3.8985E-12 4.5958E-12 5.3594E-12 6.3582E-12 7.1032E-12 8.2632E-12 9.3419E-12 1.0517E-11 1.1956E-11 1.3171E-11 1.4897E-11 1.6350E-11 1.8165E-11 2.0203E-11 2.2388E-11 2.4755E-11 2.7290E-11 3.0027E-11 3.2956E-11 3.6110E-11 3.9236E-11 4.2851E-11 4.6467E-11 5.0600E-11 5.5023E-11 5.9733E-11 6.4763E-11 7.0112E-11 7.5806E-11 8.1324E-11 8.7750E-11 9.4563E-11 1.0178E-10 1.0914E-10 1.1721E-10 1.2548E-10 1.3448E-10 1.4397E-10 1.5341E-10 1.6393E-10 1.7500E-10 1.8633E-10 1.9853E-10 2.1103E-10 2.2412E-10 2.3780E-10 2.5212E-10 2.6708E-10 2.8266E-10 2.9890E-10 3.1580E-10 3.3336E-10 3.5128E-10 3.7020E-10 3.9029E-10 4.1075E-10
3.2653E-12 3.9039E-12 4.6034E-12 5.3698E-12 6.3729E-12 7.2887E-12 8.2867E-12 9.5372E-12 1.0552E-11 1.2001E-11 1.3221E-11 1.4960E-11 1.6422E-11 1.8492E-11 2.0303E-11 2.2505E-11 2.4891E-11 2.7447E-11 3.0208E-11 3.3162E-11 3.6345E-11 3.9747E-11 4.3402E-11 4.7053E-11 5.1230E-11 5.5435E-11 6.0194E-11 6.5277E-11 7.0683E-11 7.6441E-11 8.2555E-11 8.8778E-11 9.5401E-11 1.0270E-10 1.1043E-10 1.1859E-10 1.2667E-10 1.3579E-10 1.4540E-10 1.5552E-10 1.6590E-10 1.7683E-10 1.8860E-10 2.0096E-10 2.1333E-10 2.2660E-10 2.4078E-10 2.5530E-10 2.7046E-10 2.8597E-10 3.0243E-10 3.1959E-10 3.3742E-10 3.5593E-10 3.7560E-10 3.9568E-10 4.1695E-10
3.2659E-12 3.9057E-12 4.7691E-12 5.5408E-12 6.3818E-12 7.3013E-12 8.3026E-12 9.5592E-12 1.0578E-11 1.2034E-11 1.3432E-11 1.5010E-11 1.6718E-11 1.8563E-11 2.0625E-11 2.2849E-11 2.5004E-11 2.7827E-11 3.0361E-11 3.3339E-11 3.6548E-11 3.9978E-11 4.3664E-11 4.7600E-11 5.1819E-11 5.6063E-11 6.0869E-11 6.5735E-11 7.1194E-11 7.7010E-11 8.3187E-11 8.9746E-11 9.6702E-11 1.0354E-10 1.1135E-10 1.1961E-10 1.2833E-10 1.3727E-10 1.4671E-10 1.5696E-10 1.6774E-10 1.7880E-10 1.9043E-10 2.0295E-10 2.1577E-10 2.2919E-10 2.4327E-10 2.5798E-10 2.7334E-10 2.8936E-10 3.0606E-10 3.2313E-10 3.4121E-10 3.5999E-10 3.7996E-10 4.0035E-10 4.2196E-10
3.2635E-12 3.9039E-12 4.7687E-12 5.5424E-12 6.3847E-12 7.3071E-12 8.3107E-12 9.5723E-12 1.0764E-11 1.2057E-11 1.3460E-11 1.5046E-11 1.6762E-11 1.8618E-11 2.0691E-11 2.2928E-11 2.5341E-11 2.7938E-11 3.0487E-11 3.3738E-11 3.6718E-11 4.0173E-11 4.3888E-11 4.7854E-11 5.2108E-11 5.6644E-11 6.1496E-11 6.6404E-11 7.2174E-11 7.7512E-11 8.3746E-11 9.0369E-11 9.7392E-11 1.0456E-10 1.1217E-10 1.2052E-10 1.2934E-10 1.3864E-10 1.4818E-10 1.5826E-10 1.6917E-10 1.8034E-10 1.9240E-10 2.0477E-10 2.1774E-10 2.3162E-10 2.4556E-10 2.6046E-10 2.7600E-10 2.9222E-10 3.0914E-10 3.2675E-10 3.4507E-10 3.6456E-10 3.8448E-10 4.0562E-10 4.2712E-10
3.2582E-12 3.8985E-12 4.7639E-12 5.5389E-12 6.3817E-12 7.3062E-12 8.4786E-12 9.5766E-12 1.0771E-11 1.2068E-11 1.3476E-11 1.5239E-11 1.6791E-11 1.8894E-11 2.0739E-11 2.3228E-11 2.5413E-11 2.8024E-11 3.0837E-11 3.3859E-11 3.7106E-11 4.0589E-11 4.4072E-11 4.8066E-11 5.2351E-11 5.6920E-11 6.1810E-11 6.7016E-11 7.2573E-11 7.8480E-11 8.4233E-11 9.0913E-11 9.7998E-11 1.0551E-10 1.1346E-10 1.2133E-10 1.3023E-10 1.3963E-10 1.4954E-10 1.5971E-10 1.7045E-10 1.8204E-10 1.9421E-10 2.0642E-10 2.1953E-10 2.3357E-10 2.4797E-10 2.6303E-10 2.7875E-10 2.9485E-10 3.1197E-10 3.2980E-10 3.4834E-10 3.6808E-10 3.8827E-10 4.0971E-10 4.3196E-10
3.2498E-12 4.0531E-12 4.7547E-12 5.5302E-12 6.3728E-12 7.4622E-12 8.4723E-12 9.5720E-12 1.0769E-11 1.2068E-11 1.3479E-11 1.5248E-11 1.6804E-11 1.8916E-11 2.0767E-11 2.3269E-11 2.5461E-11 2.8332E-11 3.0911E-11 3.4197E-11 3.7214E-11 4.0716E-11 4.4473E-11 4.8496E-11 5.2546E-11 5.7144E-11 6.2068E-11 6.7310E-11 7.2907E-11 7.8857E-11 8.5189E-11 9.1377E-11 9.8517E-11 1.0609E-10 1.1411E-10 1.2259E-10 1.3101E-10 1.4049E-10 1.5050E-10 1.6105E-10 1.7187E-10 1.8328E-10 1.9558E-10 2.0820E-10 2.2143E-10 2.3532E-10 2.4987E-10 2.6508E-10 2.8097E-10 2.9756E-10 3.1487E-10 3.3289E-10 3.5177E-10 3.7176E-10 3.9222E-10 4.1393E-10 4.3696E-10
