Assets/Resources/2015_m01_d09_0400(utc+0800)_l00_csi_1hr_conc.grd
DSAA
         159         159
     -79.000      79.000
     -79.000      79.000
  0.5459E-09  0.1136E-04
[rows 0 to 24 of 159, columns 57 to 113 of 159]
1.2333E-09 1.2428E-09 1.2543E-09 1.2618E-09 1.2713E-09 1.2807E-09 1.2900E-09 1.2993E-09 1.3085E-09 1.3176E-09 1.3267E-09 1.3357E-09 1.3446E-09 1.3534E-09 1.3622E-09 1.3708E-09 1.3793E-09 1.3878E-09 1.3961E-09 1.4044E-09 1.4125E-09 1.4205E-09 1.4284E-09 1.4362E-09 1.4438E-09 1.4514E-09 1.4588E-09 1.4619E-09 1.4675E-09 1.4750E-09 1.4824E-09 1.4896E-09 1.4866E-09 1.4845E-09 1.4895E-09 1.4951E-09 1.5035E-09 1.5089E-09 1.5170E-09 1.5250E-09 1.5298E-09 1.5373E-09 1.5447E-09 1.5508E-09 1.5560E-09 1.5629E-09 1.5657E-09 1.5707E-09 1.5718E-09 1.5793E-09 1.5846E-09 1.5909E-09 1.5981E-09 1.6030E-09 1.6090E-09 1.6157E-09 1.6222E-09
1.2535E-09 1.2632E-09 1.2729E-09 1.2826E-09 1.2922E-09 1.3000E-09 1.3096E-09 1.3192E-09 1.3287E-09 1.3381E-09 1.3475E-09 1.3568E-09 1.3660E-09 1.3751E-09 1.3841E-09 1.3930E-09 1.4018E-09 1.4106E-09 1.4192E-09 1.4276E-09 1.4360E-09 1.4443E-09 1.4524E-09 1.4604E-09 1.4683E-09 1.4761E-09 1.4837E-09 1.4912E-09 1.4964E-09 1.4996E-09 1.5072E-09 1.5147E-09 1.5220E-09 1.5209E-09 1.5197E-09 1.5210E-09 1.5285E-09 1.5350E-09 1.5414E-09 1.5486E-09 1.5565E-09 1.5621E-09 1.5687E-09 1.5760E-09 1.5831E-09 1.5871E-09 1.5939E-09 1.5986E-09 1.6015E-09 1.6066E-09 1.6098E-09 1.6171E-09 1.6212E-09 1.6283E-09 1.6341E-09 1.6388E-09 1.6454E-09
1.2717E-09 1.2817E-09 1.2941E-09 1.3040E-09 1.3138E-09 1.3236E-09 1.3295E-09 1.3394E-09 1.3492E-09 1.3589E-09 1.3686E-09 1.3782E-09 1.3877E-09 1.3971E-09 1.4064E-09 1.4156E-09 1.4247E-09 1.4337E-09 1.4426E-09 1.4513E-09 1.4600E-09 1.4685E-09 1.4768E-09 1.4851E-09 1.4932E-09 1.5012E-09 1.5090E-09 1.5167E-09 1.5243E-09 1.5317E-09 1.5326E-09 1.5402E-09 1.5477E-09 1.5551E-09 1.5578E-09 1.5578E-09 1.5543E-09 1.5616E-09 1.5672E-09 1.5755E-09 1.5806E-09 1.5885E-09 1.5950E-09 1.6005E-09 1.6077E-09 1.6148E-09 1.6185E-09 1.6254E-09 1.6320E-09 1.6327E-09 1.6398E-09 1.6406E-09 1.6478E-09 1.6516E-09 1.6586E-09 1.6653E-09 1.6687E-09
1.2940E-09 1.3042E-09 1.3144E-09 1.3245E-09 1.3337E-09 1.3461E-09 1.3560E-09 1.3658E-09 1.3698E-09 1.3799E-09 1.3899E-09 1.3998E-09 1.4096E-09 1.4193E-09 1.4290E-09 1.4385E-09 1.4479E-09 1.4572E-09 1.4663E-09 1.4754E-09 1.4843E-09 1.4931E-09 1.5017E-09 1.5102E-09 1.5186E-09 1.5268E-09 1.5349E-09 1.5428E-09 1.5506E-09 1.5582E-09 1.5657E-09 1.5685E-09 1.5739E-09 1.5814E-09 1.5888E-09 1.5937E-09 1.5930E-09 1.5884E-09 1.5944E-09 1.5999E-09 1.6082E-09 1.6131E-09 1.6209E-09 1.6284E-09 1.6327E-09 1.6399E-09 1.6469E-09 1.6515E-09 1.6572E-09 1.6639E-09 1.6642E-09 1.6712E-09 1.6717E-09 1.6787E-09 1.6834E-09 1.6891E-09 1.6957E-09
1.3130E-09 1.3235E-09 1.3368E-09 1.3483E-09 1.3585E-09 1.3667E-09 1.3769E-09 1.3871E-09 1.3972E-09 1.4011E-09 1.4114E-09 1.4217E-09 1.4318E-09 1.4419E-09 1.4518E-09 1.4616E-09 1.4714E-09 1.4810E-09 1.4904E-09 1.4998E-09 1.5090E-09 1.5181E-09 1.5270E-09 1.5358E-09 1.5444E-09 1.5529E-09 1.5612E-09 1.5693E-09 1.5773E-09 1.5852E-09 1.5928E-09 1.6003E-09 1.6054E-09 1.6083E-09 1.6159E-09 1.6233E-09 1.6305E-09 1.6289E-09 1.6265E-09 1.6278E-09 1.6342E-09 1.6414E-09 1.6472E-09 1.6538E-09 1.6613E-09 1.6653E-09 1.6724E-09 1.6793E-09 1.6849E-09 1.6894E-09 1.6961E-09 1.6983E-09 1.7029E-09 1.7052E-09 1.7098E-09 1.7154E-09 1.7197E-09
1.3380E-09 1.3486E-09 1.3592E-09 1.3697E-09 1.3793E-09 1.3909E-09 1.4013E-09 1.4086E-09 1.4191E-09 1.4294E-09 1.4397E-09 1.4438E-09 1.4543E-09 1.4647E-09 1.4750E-09 1.4851E-09 1.4952E-09 1.5051E-09 1.5149E-09 1.5246E-09 1.5341E-09 1.5435E-09 1.5527E-09 1.5618E-09 1.5707E-09 1.5794E-09 1.5880E-09 1.5964E-09 1.6046E-09 1.6127E-09 1.6206E-09 1.6283E-09 1.6358E-09 1.6432E-09 1.6435E-09 1.6511E-09 1.6585E-09 1.6657E-09 1.6649E-09 1.6642E-09 1.6624E-09 1.6701E-09 1.6751E-09 1.6828E-09 1.6872E-09 1.6945E-09 1.7005E-09 1.7054E-09 1.7122E-09 1.7187E-09 1.7219E-09 1.7286E-09 1.7328E-09 1.7348E-09 1.7390E-09 1.7411E-09 1.7476E-09
1.3578E-09 1.3687E-09 1.3808E-09 1.3930E-09 1.4037E-09 1.4123E-09 1.4231E-09 1.4337E-09 1.4412E-09 1.4519E-09 1.4625E-09 1.4730E-09 1.4770E-09 1.4878E-09 1.4984E-09 1.5089E-09 1.5193E-09 1.5296E-09 1.5397E-09 1.5497E-09 1.5596E-09 1.5693E-09 1.5788E-09 1.5882E-09 1.5974E-09 1.6064E-09 1.6153E-09 1.6239E-09 1.6324E-09 1.6407E-09 1.6488E-09 1.6568E-09 1.6645E-09 1.6721E-09 1.6794E-09 1.6794E-09 1.6870E-09 1.6944E-09 1.7016E-09 1.7036E-09 1.7060E-09 1.7016E-09 1.7078E-09 1.7150E-09 1.7226E-09 1.7268E-09 1.7341E-09 1.7411E-09 1.7446E-09 1.7512E-09 1.7583E-09 1.7619E-09 1.7673E-09 1.7735E-09 1.7751E-09 1.7814E-09 1.7855E-09
1.3797E-09 1.3925E-09 1.4036E-09 1.4143E-09 1.4265E-09 1.4374E-09 1.4483E-09 1.4561E-09 1.4671E-09 1.4779E-09 1.4856E-09 1.4964E-09 1.5072E-09 1.5179E-09 1.5221E-09 1.5330E-09 1.5438E-09 1.5544E-09 1.5649E-09 1.5752E-09 1.5854E-09 1.5955E-09 1.6053E-09 1.6150E-09 1.6246E-09 1.6339E-09 1.6431E-09 1.6520E-09 1.6608E-09 1.6693E-09 1.6777E-09 1.6859E-09 1.6938E-09 1.7016E-09 1.7091E-09 1.7165E-09 1.7186E-09 1.7236E-09 1.7310E-09 1.7382E-09 1.7454E-09 1.7516E-09 1.7465E-09 1.7510E-09 1.7565E-09 1.7630E-09 1.7687E-09 1.7747E-09 1.7816E-09 1.7848E-09 1.7914E-09 1.7978E-09 1.8029E-09 1.8080E-09 1.8140E-09 1.8202E-09 1.8265E-09
1.4019E-09 1.4134E-09 1.4267E-09 1.4381E-09 1.4494E-09 1.4598E-09 1.4710E-09 1.4822E-09 1.4901E-09 1.5013E-09 1.5124E-09 1.5202E-09 1.5313E-09 1.5424E-09 1.5533E-09 1.5574E-09 1.5685E-09 1.5795E-09 1.5904E-09 1.6011E-09 1.6117E-09 1.6221E-09 1.6323E-09 1.6423E-09 1.6522E-09 1.6619E-09 1.6713E-09 1.6806E-09 1.6896E-09 1.6985E-09 1.7071E-09 1.7155E-09 1.7237E-09 1.7317E-09 1.7395E-09 1.7470E-09 1.7543E-09 1.7589E-09 1.7611E-09 1.7684E-09 1.7755E-09 1.7832E-09 1.7906E-09 1.7919E-09 1.7908E-09 1.7972E-09 1.8024E-09 1.8090E-09 1.8137E-09 1.8204E-09 1.8245E-09 1.8298E-09 1.8361E-09 1.8422E-09 1.8482E-09 1.8543E-09 1.8604E-09
1.4248E-09 1.4370E-09 1.4484E-09 1.4601E-09 1.4722E-09 1.4838E-09 1.4940E-09 1.5055E-09 1.5170E-09 1.5284E-09 1.5365E-09 1.5479E-09 1.5592E-09 1.5671E-09 1.5784E-09 1.5896E-09 1.6007E-09 1.6049E-09 1.6162E-09 1.6273E-09 1.6383E-09 1.6490E-09 1.6596E-09 1.6701E-09 1.6803E-09 1.6903E-09 1.7001E-09 1.7097E-09 1.7191E-09 1.7282E-09 1.7371E-09 1.7458E-09 1.7543E-09 1.7625E-09 1.7705E-09 1.7782E-09 1.7857E-09 1.7930E-09 1.8000E-09 1.7993E-09 1.8065E-09 1.8140E-09 1.8217E-09 1.8290E-09 1.8330E-09 1.8303E-09 1.8385E-09 1.8423E-09 1.8493E-09 1.8526E-09 1.8591E-09 1.8641E-09 1.8713E-09 1.8774E-09 1.8835E-09 1.8893E-09 1.8967E-09
1.4464E-09 1.4586E-09 1.4712E-09 1.4828E-09 1.4948E-09 1.5068E-09 1.5187E-09 1.5305E-09 1.5410E-09 1.5528E-09 1.5644E-09 1.5726E-09 1.5843E-09 1.5959E-09 1.6039E-09 1.6155E-09 1.6270E-09 1.6383E-09 1.6423E-09 1.6539E-09 1.6652E-09 1.6764E-09 1.6874E-09 1.6982E-09 1.7088E-09 1.7192E-09 1.7293E-09 1.7393E-09 1.7490E-09 1.7585E-09 1.7677E-09 1.7767E-09 1.7854E-09 1.7939E-09 1.8021E-09 1.8101E-09 1.8178E-09 1.8253E-09 1.8325E-09 1.8395E-09 1.8382E-09 1.8456E-09 1.8534E-09 1.8610E-09 1.8681E-09 1.8734E-09 1.8711E-09 1.8792E-09 1.8827E-09 1.8894E-09 1.8936E-09 1.8999E-09 1.9061E-09 1.9135E-09 1.9196E-09 1.9255E-09 1.9315E-09
1.4695E-09 1.4815E-09 1.4939E-09 1.5063E-09 1.5186E-09 1.5301E-09 1.5424E-09 1.5546E-09 1.5667E-09 1.5775E-09 1.5895E-09 1.6015E-09 1.6133E-09 1.6218E-09 1.6336E-09 1.6454E-09 1.6536E-09 1.6653E-09 1.6769E-09 1.6858E-09 1.6925E-09 1.7041E-09 1.7155E-09 1.7267E-09 1.7377E-09 1.7485E-09 1.7591E-09 1.7694E-09 1.7795E-09 1.7893E-09 1.7989E-09 1.8082E-09 1.8172E-09 1.8260E-09 1.8345E-09 1.8427E-09 1.8506E-09 1.8583E-09 1.8657E-09 1.8728E-09 1.8797E-09 1.8809E-09 1.8858E-09 1.8964E-09 1.9038E-09 1.9108E-09 1.9167E-09 1.9181E-09 1.9236E-09 1.9291E-09 1.9382E-09 1.9446E-09 1.9508E-09 1.9584E-09 1.9644E-09 1.9703E-09 1.9785E-09
1.4912E-09 1.5040E-09 1.5172E-09 1.5297E-09 1.5424E-09 1.5551E-09 1.5672E-09 1.5789E-09 1.5915E-09 1.6040E-09 1.6163E-09 1.6273E-09 1.6396E-09 1.6517E-09 1.6602E-09 1.6724E-09 1.6844E-09 1.6927E-09 1.7047E-09 1.7165E-09 1.7281E-09 1.7322E-09 1.7440E-09 1.7557E-09 1.7671E-09 1.7783E-09 1.7893E-09 1.8000E-09 1.8105E-09 1.8207E-09 1.8306E-09 1.8402E-09 1.8496E-09 1.8587E-09 1.8675E-09 1.8760E-09 1.8842E-09 1.8921E-09 1.8997E-09 1.9070E-09 1.9140E-09 1.9208E-09 1.9278E-09 1.9359E-09 1.9436E-09 1.9508E-09 1.9575E-09 1.9644E-09 1.9713E-09 1.9782E-09 1.9850E-09 1.9915E-09 1.9978E-09 2.0040E-09 2.0101E-09 2.0160E-09 2.0216E-09
1.5136E-09 1.5275E-09 1.5406E-09 1.5537E-09 1.5659E-09 1.5790E-09 1.5920E-09 1.6050E-09 1.6166E-09 1.6294E-09 1.6423E-09 1.6550E-09 1.6662E-09 1.6787E-09 1.6912E-09 1.7035E-09 1.7122E-09 1.7245E-09 1.7354E-09 1.7451E-09 1.7572E-09 1.7691E-09 1.7729E-09 1.7850E-09 1.7969E-09 1.8085E-09 1.8199E-09 1.8311E-09 1.8420E-09 1.8526E-09 1.8629E-09 1.8729E-09 1.8826E-09 1.8921E-09 1.9012E-09 1.9100E-09 1.9185E-09 1.9266E-09 1.9345E-09 1.9420E-09 1.9492E-09 1.9561E-09 1.9627E-09 1.9708E-09 1.9787E-09 1.9862E-09 1.9931E-09 1.9999E-09 2.0067E-09 2.0138E-09 2.0206E-09 2.0272E-09 2.0336E-09 2.0397E-09 2.0459E-09 2.0517E-09 2.0573E-09
1.5369E-09 1.5505E-09 1.5642E-09 1.5777E-09 1.5912E-09 1.6046E-09 1.6167E-09 1.6301E-09 1.6434E-09 1.6562E-09 1.6685E-09 1.6816E-09 1.6947E-09 1.7076E-09 1.7190E-09 1.7318E-09 1.7444E-09 1.7532E-09 1.7658E-09 1.7782E-09 1.7866E-09 1.7990E-09 1.8111E-09 1.8231E-09 1.8271E-09 1.8392E-09 1.8510E-09 1.8626E-09 1.8740E-09 1.8850E-09 1.8957E-09 1.9062E-09 1.9163E-09 1.9261E-09 1.9355E-09 1.9447E-09 1.9535E-09 1.9619E-09 1.9700E-09 1.9778E-09 1.9852E-09 1.9923E-09 1.9991E-09 2.0064E-09 2.0147E-09 2.0225E-09 2.0297E-09 2.0363E-09 2.0433E-09 2.0502E-09 2.0571E-09 2.0638E-09 2.0703E-09 2.0765E-09 2.0826E-09 2.0884E-09 2.0941E-09
1.5605E-09 1.5745E-09 1.5884E-09 1.6015E-09 1.6154E-09 1.6292E-09 1.6431E-09 1.6555E-09 1.6692E-09 1.6829E-09 1.6965E-09 1.7086E-09 1.7221E-09 1.7355E-09 1.7488E-09 1.7604E-09 1.7735E-09 1.7864E-09 1.7979E-09 1.8081E-09 1.8208E-09 1.8307E-09 1.8419E-09 1.8543E-09 1.8665E-09 1.8702E-09 1.8826E-09 1.8947E-09 1.9065E-09 1.9180E-09 1.9291E-09 1.9400E-09 1.9505E-09 1.9607E-09 1.9706E-09 1.9801E-09 1.9892E-09 1.9980E-09 2.0064E-09 2.0144E-09 2.0221E-09 2.0294E-09 2.0363E-09 2.0429E-09 2.0515E-09 2.0595E-09 2.0670E-09 2.0739E-09 2.0807E-09 2.0875E-09 2.0947E-09 2.1014E-09 2.1079E-09 2.1142E-09 2.1202E-09 2.1261E-09 2.1317E-09
1.5837E-09 1.5977E-09 1.6126E-09 1.6269E-09 1.6412E-09 1.6541E-09 1.6684E-09 1.6826E-09 1.6968E-09 1.7095E-09 1.7236E-09 1.7375E-09 1.7504E-09 1.7638E-09 1.7775E-09 1.7911E-09 1.8040E-09 1.8164E-09 1.8296E-09 1.8427E-09 1.8517E-09 1.8647E-09 1.8775E-09 1.8861E-09 1.8987E-09 1.9111E-09 1.9204E-09 1.9271E-09 1.9394E-09 1.9514E-09 1.9631E-09 1.9744E-09 1.9854E-09 1.9960E-09 2.0063E-09 2.0162E-09 2.0257E-09 2.0348E-09 2.0435E-09 2.0519E-09 2.0598E-09 2.0673E-09 2.0745E-09 2.0812E-09 2.0890E-09 2.0974E-09 2.1053E-09 2.1125E-09 2.1191E-09 2.1260E-09 2.1331E-09 2.1399E-09 2.1466E-09 2.1530E-09 2.1589E-09 2.1649E-09 2.1704E-09
1.6140E-09 1.6226E-09 1.6373E-09 1.6512E-09 1.6660E-09 1.6807E-09 1.6940E-09 1.7087E-09 1.7233E-09 1.7379E-09 1.7509E-09 1.7654E-09 1.7797E-09 1.7940E-09 1.8066E-09 1.8207E-09 1.8347E-09 1.8485E-09 1.8605E-09 1.8741E-09 1.8874E-09 1.8979E-09 1.9097E-09 1.9228E-09 1.9314E-09 1.9443E-09 1.9569E-09 1.9693E-09 1.9729E-09 1.9854E-09 1.9975E-09 2.0094E-09 2.0208E-09 2.0319E-09 2.0426E-09 2.0530E-09 2.0629E-09 2.0724E-09 2.0815E-09 2.0901E-09 2.0984E-09 2.1062E-09 2.1136E-09 2.1206E-09 2.1275E-09 2.1363E-09 2.1444E-09 2.1519E-09 2.1587E-09 2.1655E-09 2.1724E-09 2.1795E-09 2.1862E-09 2.1926E-09 2.1988E-09 2.2047E-09 2.2103E-09
1.6534E-09 1.6545E-09 1.6636E-09 1.6772E-09 1.6910E-09 1.7062E-09 1.7214E-09 1.7365E-09 1.7502E-09 1.7652E-09 1.7802E-09 1.7951E-09 1.8084E-09 1.8232E-09 1.8378E-09 1.8507E-09 1.8652E-09 1.8795E-09 1.8936E-09 1.9065E-09 1.9198E-09 1.9335E-09 1.9469E-09 1.9561E-09 1.9694E-09 1.9810E-09 1.9911E-09 2.0040E-09 2.0165E-09 2.0198E-09 2.0325E-09 2.0449E-09 2.0569E-09 2.0685E-09 2.0796E-09 2.0904E-09 2.1008E-09 2.1107E-09 2.1202E-09 2.1292E-09 2.1378E-09 2.1459E-09 2.1536E-09 2.1608E-09 2.1676E-09 2.1759E-09 2.1845E-09 2.1923E-09 2.1994E-09 2.2061E-09 2.2130E-09 2.2201E-09 2.2269E-09 2.2334E-09 2.2397E-09 2.2455E-09 2.2512E-09
1.6922E-09 1.6988E-09 1.7013E-09 1.7070E-09 1.7178E-09 1.7334E-09 1.7476E-09 1.7633E-09 1.7788E-09 1.7928E-09 1.8083E-09 1.8237E-09 1.8390E-09 1.8527E-09 1.8679E-09 1.8829E-09 1.8978E-09 1.9110E-09 1.9256E-09 1.9401E-09 1.9544E-09 1.9668E-09 1.9808E-09 1.9945E-09 2.0037E-09 2.0173E-09 2.0306E-09 2.0392E-09 2.0523E-09 2.0651E-09 2.0744E-09 2.0809E-09 2.0934E-09 2.1056E-09 2.1173E-09 2.1286E-09 2.1394E-09 2.1498E-09 2.1597E-09 2.1692E-09 2.1781E-09 2.1866E-09 2.1946E-09 2.2021E-09 2.2091E-09 2.2165E-09 2.2254E-09 2.2337E-09 2.2411E-09 2.2479E-09 2.2548E-09 2.2617E-09 2.2687E-09 2.2754E-09 2.2817E-09 2.2876E-09 2.2933E-09
1.7274E-09 1.7367E-09 1.7454E-09 1.7503E-09 1.7514E-09 1.7595E-09 1.7756E-09 1.7903E-09 1.8064E-09 1.8224E-09 1.8383E-09 1.8527E-09 1.8686E-09 1.8843E-09 1.8999E-09 1.9139E-09 1.9293E-09 1.9446E-09 1.9580E-09 1.9731E-09 1.9879E-09 2.0025E-09 2.0152E-09 2.0294E-09 2.0435E-09 2.0557E-09 2.0665E-09 2.0800E-09 2.0902E-09 2.1020E-09 2.1149E-09 2.1275E-09 2.1305E-09 2.1432E-09 2.1555E-09 2.1674E-09 2.1787E-09 2.1896E-09 2.2000E-09 2.2099E-09 2.2193E-09 2.2281E-09 2.2365E-09 2.2443E-09 2.2516E-09 2.2584E-09 2.2673E-09 2.2760E-09 2.2838E-09 2.2909E-09 2.2976E-09 2.3044E-09 2.3116E-09 2.3184E-09 2.3247E-09 2.3309E-09 2.3365E-09
1.7688E-09 1.7764E-09 1.7824E-09 1.7916E-09 1.7982E-09 1.7985E-09 1.8061E-09 1.8191E-09 1.8357E-09 1.8507E-09 1.8672E-09 1.8837E-09 1.8984E-09 1.9147E-09 1.9309E-09 1.9470E-09 1.9613E-09 1.9771E-09 1.9928E-09 2.0083E-09 2.0219E-09 2.0371E-09 2.0520E-09 2.0662E-09 2.0795E-09 2.0938E-09 2.1078E-09 2.1171E-09 2.1309E-09 2.1444E-09 2.1530E-09 2.1661E-09 2.1789E-09 2.1848E-09 2.1944E-09 2.2068E-09 2.2187E-09 2.2301E-09 2.2410E-09 2.2514E-09 2.2613E-09 2.2706E-09 2.2793E-09 2.2875E-09 2.2951E-09 2.3022E-09 2.3101E-09 2.3192E-09 2.3276E-09 2.3350E-09 2.3416E-09 2.3486E-09 2.3556E-09 2.3625E-09 2.3691E-09 2.3753E-09 2.3810E-09
1.8092E-09 1.8171E-09 1.8259E-09 1.8314E-09 1.8400E-09 1.8484E-09 1.8491E-09 1.8543E-09 1.8639E-09 1.8810E-09 1.8964E-09 1.9134E-09 1.9303E-09 1.9471E-09 1.9622E-09 1.9789E-09 1.9954E-09 2.0106E-09 2.0263E-09 2.0424E-09 2.0583E-09 2.0722E-09 2.0877E-09 2.1030E-09 2.1181E-09 2.1310E-09 2.1456E-09 2.1599E-09 2.1691E-09 2.1832E-09 2.1968E-09 2.2054E-09 2.2187E-09 2.2317E-09 2.2408E-09 2.2468E-09 2.2593E-09 2.2714E-09 2.2828E-09 2.2938E-09 2.3041E-09 2.3139E-09 2.3231E-09 2.3317E-09 2.3397E-09 2.3470E-09 2.3539E-09 2.3635E-09 2.3723E-09 2.3801E-09 2.3871E-09 2.3938E-09 2.4007E-09 2.4079E-09 2.4146E-09 2.4208E-09 2.4268E-09
1.8537E-09 1.8617E-09 1.8685E-09 1.8762E-09 1.8830E-09 1.8880E-09 1.8963E-09 1.9018E-09 1.9023E-09 1.9110E-09 1.9276E-09 1.9451E-09 1.9610E-09 1.9784E-09 1.9957E-09 2.0112E-09 2.0283E-09 2.0453E-09 2.0620E-09 2.0770E-09 2.0935E-09 2.1097E-09 2.1245E-09 2.1399E-09 2.1555E-09 2.1708E-09 2.1846E-09 2.1989E-09 2.2134E-09 2.2260E-09 2.2369E-09 2.2508E-09 2.2609E-09 2.2727E-09 2.2858E-09 2.2984E-09 2.3006E-09 2.3132E-09 2.3253E-09 2.3368E-09 2.3478E-09 2.3581E-09 2.3678E-09 2.3768E-09 2.3852E-09 2.3930E-09 2.4001E-09 2.4087E-09 2.4180E-09 2.4263E-09 2.4338E-09 2.4404E-09 2.4473E-09 2.4544E-09 2.4612E-09 2.4677E-09 2.4738E-09
1.9017E-09 1.9070E-09 1.9157E-09 1.9195E-09 1.9269E-09 1.9340E-09 1.9405E-09 1.9498E-09 1.9541E-09 1.9581E-09 1.9624E-09 1.9756E-09 1.9937E-09 2.0100E-09 2.0279E-09 2.0457E-09 2.0634E-09 2.0792E-09 2.0966E-09 2.1139E-09 2.1291E-09 2.1460E-09 2.1627E-09 2.1791E-09 2.1935E-09 2.2095E-09 2.2252E-09 2.2405E-09 2.2537E-09 2.2685E-09 2.2829E-09 2.2921E-09 2.3062E-09 2.3181E-09 2.3282E-09 2.3414E-09 2.3541E-09 2.3558E-09 2.3685E-09 2.3807E-09 2.3922E-09 2.4031E-09 2.4133E-09 2.4229E-09 2.4318E-09 2.4400E-09 2.4475E-09 2.4550E-09 2.4648E-09 2.4736E-09 2.4815E-09 2.4884E-09 2.4952E-09 2.5021E-09 2.5092E-09 2.5158E-09 2.5219E-09
