Assets/Resources/2015_m01_d26_0700(utc+0800)_l00_csi_1hr_conc.grd
DSAA
         159         159
     -79.000      79.000
     -79.000      79.000
  0.0000E+00  0.4385E-05
[rows 75 to 99 of 159, columns 0 to 56 of 159]
1.4811E-10 1.6306E-10 1.8165E-10 1.9886E-10 2.1429E-10 2.3509E-10 2.5312E-10 2.7448E-10 2.9739E-10 3.1964E-10 3.4573E-10 3.8828E-10 4.3239E-10 4.6513E-10 4.9999E-10 5.3705E-10 5.7642E-10 6.1820E-10 6.6249E-10 7.0938E-10 7.5898E-10 8.1138E-10 8.6667E-10 9.2495E-10 9.8630E-10 1.0508E-09 1.1185E-09 1.1951E-09 1.3083E-09 1.4256E-09 1.5257E-09 1.6301E-09 1.7421E-09 1.8553E-09 1.9747E-09 2.1003E-09 2.2324E-09 2.4093E-09 2.5618E-09 2.7221E-09 2.8905E-09 3.0671E-09 3.2521E-09 3.4471E-09 3.6608E-09 3.8803E-09 4.1058E-09 4.3533E-09 4.6263E-09 4.9094E-09 5.1821E-09 5.4941E-09 5.8231E-09 6.1515E-09 6.4756E-09 6.8652E-09 7.3215E-09
1.4512E-10 1.5978E-10 1.7824E-10 1.9510E-10 2.1024E-10 2.2857E-10 2.4827E-10 2.6709E-10 2.8945E-10 3.1342E-10 3.3894E-10 3.6974E-10 4.1580E-10 4.5492E-10 4.8895E-10 5.2512E-10 5.6355E-10 6.0431E-10 6.4752E-10 6.9326E-10 7.4163E-10 7.9272E-10 8.4662E-10 9.0342E-10 9.6320E-10 1.0260E-09 1.0920E-09 1.1612E-09 1.2395E-09 1.3585E-09 1.4803E-09 1.5827E-09 1.6880E-09 1.8005E-09 1.9154E-09 2.0362E-09 2.1631E-09 2.3145E-09 2.4758E-09 2.6289E-09 2.7896E-09 2.9579E-09 3.1339E-09 3.3178E-09 3.5110E-09 3.7227E-09 3.9387E-09 4.1589E-09 4.4002E-09 4.6670E-09 4.9429E-09 5.2069E-09 5.5045E-09 5.8300E-09 6.1266E-09 6.4403E-09 6.8813E-09
1.4208E-10 1.5369E-10 1.7192E-10 1.8834E-10 2.0607E-10 2.2401E-10 2.4328E-10 2.6172E-10 2.8359E-10 3.0703E-10 3.3197E-10 3.5864E-10 3.9969E-10 4.4451E-10 4.7769E-10 5.1297E-10 5.5043E-10 5.9016E-10 6.3227E-10 6.7684E-10 7.2396E-10 7.7372E-10 8.2621E-10 8.8152E-10 9.3971E-10 1.0009E-09 1.0651E-09 1.1324E-09 1.2028E-09 1.3078E-09 1.4349E-09 1.5328E-09 1.6363E-09 1.7443E-09 1.8561E-09 1.9722E-09 2.0940E-09 2.2217E-09 2.3744E-09 2.5368E-09 2.6899E-09 2.8501E-09 3.0175E-09 3.1922E-09 3.3741E-09 3.5641E-09 3.7721E-09 3.9845E-09 4.1981E-09 4.4294E-09 4.6921E-09 4.9584E-09 5.2084E-09 5.5050E-09 5.7755E-09 6.0788E-09 6.4080E-09
1.3871E-10 1.5009E-10 1.6517E-10 1.8447E-10 2.0180E-10 2.1729E-10 2.3818E-10 2.5623E-10 2.7760E-10 3.0048E-10 3.2269E-10 3.4867E-10 3.8000E-10 4.3392E-10 4.6625E-10 5.0061E-10 5.3710E-10 5.7579E-10 6.1678E-10 6.6016E-10 7.0602E-10 7.5444E-10 8.0550E-10 8.5929E-10 9.1589E-10 9.7536E-10 1.0378E-09 1.1032E-09 1.1716E-09 1.2489E-09 1.3652E-09 1.4837E-09 1.5831E-09 1.6863E-09 1.7970E-09 1.9084E-09 2.0252E-09 2.1476E-09 2.2757E-09 2.4290E-09 2.5916E-09 2.7440E-09 2.9031E-09 3.0689E-09 3.2414E-09 3.4204E-09 3.6059E-09 3.8080E-09 4.0172E-09 4.2245E-09 4.4413E-09 4.6997E-09 4.9525E-09 5.2033E-09 5.4505E-09 5.7276E-09 6.0273E-09
1.3582E-10 1.4670E-10 1.6116E-10 1.7999E-10 1.9745E-10 2.1260E-10 2.3094E-10 2.5062E-10 2.6940E-10 2.9167E-10 3.1551E-10 3.4084E-10 3.6790E-10 4.1291E-10 4.5465E-10 4.8809E-10 5.2359E-10 5.6122E-10 6.0109E-10 6.4328E-10 6.8786E-10 7.3492E-10 7.8455E-10 8.3681E-10 8.9179E-10 9.4955E-10 1.0102E-09 1.0737E-09 1.1401E-09 1.2096E-09 1.2886E-09 1.4252E-09 1.5305E-09 1.6310E-09 1.7348E-09 1.8451E-09 1.9570E-09 2.0742E-09 2.1967E-09 2.3245E-09 2.4778E-09 2.6398E-09 2.7909E-09 2.9481E-09 3.1115E-09 3.2810E-09 3.4564E-09 3.6376E-09 3.8294E-09 4.0361E-09 4.2368E-09 4.4416E-09 4.6617E-09 4.9102E-09 5.1535E-09 5.4022E-09 5.6387E-09
1.3235E-10 1.4326E-10 1.5764E-10 1.7315E-10 1.9275E-10 2.0782E-10 2.2571E-10 2.4491E-10 2.6325E-10 2.8497E-10 3.0820E-10 3.3069E-10 3.5923E-10 3.8867E-10 4.4292E-10 4.7543E-10 5.0993E-10 5.4651E-10 5.8524E-10 6.2622E-10 6.6952E-10 7.1522E-10 7.6340E-10 8.1413E-10 8.6748E-10 9.2353E-10 9.8232E-10 1.0439E-09 1.1084E-09 1.1757E-09 1.2515E-09 1.3625E-09 1.4779E-09 1.5739E-09 1.6756E-09 1.7802E-09 1.8895E-09 2.0015E-09 2.1186E-09 2.2407E-09 2.3679E-09 2.5203E-09 2.6811E-09 2.8301E-09 2.9848E-09 3.1451E-09 3.3108E-09 3.4818E-09 3.6578E-09 3.8394E-09 4.0392E-09 4.2351E-09 4.4309E-09 4.6300E-09 4.8661E-09 5.1002E-09 5.3119E-09
1.2911E-10 1.3977E-10 1.5085E-10 1.6867E-10 1.8518E-10 2.0296E-10 2.1836E-10 2.3911E-10 2.5701E-10 2.7603E-10 3.0078E-10 3.2271E-10 3.4830E-10 3.7559E-10 4.2083E-10 4.6266E-10 4.9616E-10 5.3167E-10 5.6927E-10 6.0903E-10 6.5105E-10 6.9538E-10 7.4211E-10 7.9130E-10 8.4302E-10 8.9735E-10 9.5432E-10 1.0140E-09 1.0764E-09 1.1416E-09 1.2097E-09 1.2863E-09 1.4009E-09 1.5181E-09 1.6143E-09 1.7157E-09 1.8219E-09 1.9299E-09 2.0416E-09 2.1581E-09 2.2794E-09 2.4054E-09 2.5563E-09 2.7149E-09 2.8613E-09 3.0128E-09 3.1693E-09 3.3306E-09 3.4965E-09 3.6667E-09 3.8408E-09 4.0236E-09 4.2197E-09 4.4060E-09 4.5944E-09 4.7847E-09 5.0066E-09
1.2413E-10 1.3625E-10 1.4706E-10 1.6146E-10 1.8021E-10 1.9752E-10 2.1306E-10 2.3122E-10 2.5068E-10 2.6923E-10 2.9118E-10 3.1464E-10 3.3729E-10 3.6604E-10 3.9561E-10 4.4263E-10 4.8231E-10 5.1675E-10 5.5321E-10 5.9176E-10 6.3248E-10 6.7544E-10 7.2072E-10 7.6837E-10 8.1847E-10 8.7107E-10 9.2623E-10 9.8399E-10 1.0444E-09 1.1075E-09 1.1733E-09 1.2419E-09 1.3191E-09 1.4539E-09 1.5553E-09 1.6515E-09 1.7522E-09 1.8592E-09 1.9659E-09 2.0770E-09 2.1925E-09 2.3124E-09 2.4367E-09 2.5854E-09 2.7412E-09 2.8844E-09 3.0321E-09 3.1841E-09 3.3404E-09 3.5005E-09 3.6642E-09 3.8311E-09 4.0008E-09 4.1810E-09 4.3674E-09 4.5449E-09 4.7230E-09
1.2088E-10 1.3242E-10 1.4324E-10 1.5753E-10 1.7264E-10 1.9204E-10 2.0718E-10 2.2536E-10 2.4428E-10 2.6235E-10 2.8368E-10 3.0647E-10 3.2853E-10 3.5423E-10 3.8161E-10 4.2676E-10 4.6841E-10 5.0178E-10 5.3710E-10 5.7444E-10 6.1387E-10 6.5546E-10 6.9928E-10 7.4540E-10 7.9387E-10 8.4475E-10 8.9810E-10 9.5396E-10 1.0124E-09 1.0734E-09 1.1370E-09 1.2032E-09 1.2721E-09 1.3676E-09 1.4980E-09 1.5894E-09 1.6852E-09 1.7854E-09 1.8915E-09 1.9973E-09 2.1073E-09 2.2213E-09 2.3395E-09 2.4617E-09 2.6075E-09 2.7597E-09 2.8991E-09 3.0424E-09 3.1895E-09 3.3402E-09 3.4940E-09 3.6507E-09 3.8099E-09 3.9711E-09 4.1338E-09 4.3047E-09 4.4815E-09
1.1762E-10 1.2885E-10 1.3939E-10 1.5033E-10 1.6798E-10 1.8400E-10 2.0153E-10 2.1693E-10 2.3579E-10 2.5541E-10 2.7407E-10 2.9614E-10 3.1969E-10 3.4240E-10 3.7118E-10 4.0072E-10 4.4743E-10 4.8678E-10 5.2097E-10 5.5710E-10 5.9524E-10 6.3547E-10 6.7785E-10 7.2243E-10 7.6929E-10 8.1846E-10 8.7001E-10 9.2397E-10 9.8038E-10 1.0393E-09 1.1007E-09 1.1646E-09 1.2311E-09 1.3057E-09 1.4142E-09 1.5279E-09 1.6199E-09 1.7149E-09 1.8144E-09 1.9193E-09 2.0239E-09 2.1323E-09 2.2446E-09 2.3605E-09 2.4801E-09 2.6223E-09 2.7704E-09 2.9055E-09 3.0439E-09 3.1856E-09 3.3301E-09 3.4772E-09 3.6265E-09 3.7776E-09 3.9300E-09 4.0832E-09 4.2366E-09
1.1238E-10 1.2525E-10 1.3553E-10 1.4618E-10 1.6038E-10 1.7595E-10 1.9585E-10 2.1082E-10 2.2912E-10 2.4843E-10 2.6656E-10 2.8797E-10 3.1080E-10 3.3286E-10 3.5854E-10 3.8585E-10 4.3061E-10 4.7180E-10 5.0485E-10 5.3978E-10 5.7665E-10 6.1552E-10 6.5646E-10 6.9952E-10 7.4477E-10 7.9224E-10 8.4200E-10 8.9407E-10 9.4851E-10 1.0053E-09 1.0646E-09 1.1262E-09 1.1903E-09 1.2569E-09 1.3315E-09 1.4410E-09 1.5546E-09 1.6465E-09 1.7404E-09 1.8390E-09 1.9425E-09 2.0455E-09 2.1520E-09 2.2619E-09 2.3753E-09 2.4918E-09 2.6300E-09 2.7733E-09 2.9036E-09 3.0367E-09 3.1725E-09 3.3106E-09 3.4506E-09 3.5921E-09 3.7348E-09 3.8782E-09 4.0217E-09
1.0943E-10 1.1999E-10 1.3137E-10 1.4201E-10 1.5606E-10 1.7090E-10 1.8705E-10 2.0471E-10 2.2042E-10 2.4115E-10 2.5902E-10 2.7769E-10 2.9976E-10 3.2328E-10 3.4592E-10 3.7457E-10 4.0391E-10 4.4650E-10 4.8879E-10 5.2252E-10 5.5812E-10 5.9564E-10 6.3515E-10 6.7671E-10 7.2036E-10 7.6615E-10 8.1413E-10 8.6434E-10 9.1681E-10 9.7158E-10 1.0287E-09 1.0881E-09 1.1498E-09 1.2139E-09 1.2803E-09 1.3547E-09 1.4646E-09 1.5779E-09 1.6689E-09 1.7615E-09 1.8588E-09 1.9608E-09 2.0618E-09 2.1661E-09 2.2734E-09 2.3838E-09 2.4969E-09 2.6128E-09 2.7511E-09 2.8936E-09 3.0211E-09 3.1506E-09 3.2819E-09 3.4145E-09 3.5481E-09 3.6822E-09 3.8164E-09
1.0600E-10 1.1644E-10 1.2776E-10 1.3783E-10 1.4854E-10 1.6313E-10 1.8148E-10 1.9831E-10 2.1357E-10 2.3190E-10 2.5120E-10 2.6958E-10 2.9094E-10 3.1369E-10 3.3564E-10 3.6115E-10 3.8824E-10 4.2188E-10 4.6567E-10 5.0535E-10 5.3969E-10 5.7588E-10 6.1398E-10 6.5404E-10 6.9611E-10 7.4023E-10 7.8646E-10 8.3482E-10 8.8535E-10 9.3808E-10 9.9303E-10 1.0502E-09 1.1096E-09 1.1713E-09 1.2351E-09 1.3012E-09 1.3752E-09 1.4848E-09 1.5976E-09 1.6874E-09 1.7780E-09 1.8738E-09 1.9742E-09 2.0730E-09 2.1746E-09 2.2790E-09 2.3860E-09 2.4954E-09 2.6072E-09 2.7397E-09 2.8758E-09 2.9973E-09 3.1204E-09 3.2446E-09 3.3697E-09 3.4951E-09 3.6206E-09
1.0304E-10 1.1124E-10 1.2190E-10 1.3365E-10 1.4405E-10 1.5791E-10 1.7310E-10 1.8931E-10 2.0699E-10 2.2243E-10 2.4339E-10 2.6119E-10 2.8005E-10 3.0200E-10 3.2536E-10 3.4781E-10 3.7393E-10 4.0514E-10 4.4691E-10 4.8830E-10 5.2139E-10 5.5626E-10 5.9297E-10 6.3155E-10 6.7206E-10 7.1454E-10 7.5903E-10 8.0557E-10 8.5419E-10 9.0491E-10 9.5775E-10 1.0127E-09 1.0698E-09 1.1291E-09 1.1905E-09 1.2540E-09 1.3195E-09 1.3929E-09 1.5015E-09 1.6133E-09 1.7019E-09 1.7900E-09 1.8842E-09 1.9820E-09 2.0788E-09 2.1775E-09 2.2786E-09 2.3820E-09 2.4874E-09 2.5947E-09 2.7037E-09 2.8334E-09 2.9658E-09 3.0822E-09 3.1992E-09 3.3166E-09 3.4339E-09
9.9697E-11 1.0785E-10 1.1809E-10 1.2919E-10 1.3956E-10 1.5056E-10 1.6768E-10 1.8334E-10 2.0043E-10 2.1538E-10 2.3337E-10 2.5284E-10 2.7135E-10 2.9255E-10 3.1510E-10 3.3682E-10 3.6203E-10 3.8875E-10 4.1833E-10 4.6105E-10 5.0326E-10 5.3683E-10 5.7215E-10 6.0928E-10 6.4825E-10 6.8911E-10 7.3189E-10 7.7664E-10 8.2337E-10 8.7212E-10 9.2289E-10 9.7570E-10 1.0306E-09 1.0875E-09 1.1464E-09 1.2073E-09 1.2703E-09 1.3351E-09 1.4077E-09 1.5146E-09 1.6254E-09 1.7116E-09 1.7973E-09 1.8899E-09 1.9840E-09 2.0793E-09 2.1748E-09 2.2724E-09 2.3719E-09 2.4730E-09 2.5757E-09 2.6796E-09 2.7845E-09 2.9097E-09 3.0366E-09 3.1464E-09 3.2561E-09
9.6742E-11 1.0446E-10 1.1269E-10 1.2531E-10 1.3509E-10 1.4549E-10 1.5965E-10 1.7456E-10 1.9073E-10 2.0836E-10 2.2369E-10 2.4425E-10 2.6217E-10 2.8110E-10 3.0281E-10 3.2588E-10 3.4803E-10 3.7375E-10 4.0098E-10 4.3467E-10 4.7829E-10 5.1761E-10 5.5158E-10 5.8727E-10 6.2472E-10 6.6399E-10 7.0509E-10 7.4807E-10 7.9295E-10 8.3975E-10 8.8849E-10 9.3918E-10 9.9182E-10 1.0464E-09 1.1029E-09 1.1614E-09 1.2217E-09 1.2839E-09 1.3479E-09 1.4194E-09 1.5240E-09 1.6335E-09 1.7168E-09 1.8013E-09 1.8894E-09 1.9810E-09 2.0746E-09 2.1667E-09 2.2605E-09 2.3558E-09 2.4525E-09 2.5503E-09 2.6490E-09 2.7483E-09 2.8480E-09 2.9670E-09 3.0867E-09
9.3609E-11 1.0109E-10 1.0906E-10 1.1933E-10 1.3064E-10 1.4071E-10 1.5139E-10 1.6878E-10 1.8438E-10 2.0111E-10 2.1621E-10 2.3404E-10 2.5304E-10 2.7134E-10 2.9065E-10 3.1500E-10 3.3639E-10 3.5892E-10 3.8737E-10 4.1630E-10 4.5061E-10 4.9143E-10 5.3127E-10 5.6554E-10 6.0151E-10 6.3921E-10 6.7866E-10 7.1991E-10 7.6297E-10 8.0786E-10 8.5461E-10 9.0321E-10 9.5367E-10 1.0060E-09 1.0602E-09 1.1162E-09 1.1740E-09 1.2335E-09 1.2948E-09 1.3578E-09 1.4280E-09 1.5306E-09 1.6363E-09 1.7177E-09 1.8010E-09 1.8842E-09 1.9730E-09 2.0640E-09 2.1533E-09 2.2431E-09 2.3341E-09 2.4261E-09 2.5190E-09 2.6123E-09 2.7060E-09 2.7996E-09 2.8930E-09
9.0492E-11 9.7735E-11 1.0545E-10 1.1367E-10 1.2622E-10 1.3596E-10 1.4657E-10 1.6040E-10 1.7524E-10 1.9130E-10 2.0878E-10 2.2394E-10 2.4220E-10 2.6165E-10 2.8030E-10 3.0218E-10 3.2484E-10 3.4657E-10 3.7175E-10 3.9838E-10 4.2774E-10 4.6984E-10 5.1125E-10 5.4414E-10 5.7865E-10 6.1481E-10 6.5265E-10 6.9219E-10 7.3347E-10 7.7649E-10 8.2128E-10 8.6785E-10 9.1618E-10 9.6629E-10 1.0182E-09 1.0718E-09 1.1271E-09 1.1841E-09 1.2427E-09 1.3030E-09 1.3647E-09 1.4334E-09 1.5283E-09 1.6352E-09 1.7144E-09 1.7963E-09 1.8757E-09 1.9595E-09 2.0467E-09 2.1347E-09 2.2204E-09 2.3070E-09 2.3942E-09 2.4820E-09 2.5699E-09 2.6579E-09 2.7455E-09
8.7395E-11 9.4402E-11 1.0187E-10 1.0981E-10 1.2025E-10 1.3124E-10 1.4124E-10 1.5212E-10 1.6913E-10 1.8459E-10 2.0141E-10 2.1604E-10 2.3362E-10 2.5233E-10 2.7005E-10 2.8902E-10 3.1129E-10 3.3434E-10 3.5638E-10 3.8192E-10 4.0890E-10 4.3862E-10 4.8127E-10 5.2309E-10 5.5617E-10 5.9082E-10 6.2707E-10 6.6496E-10 7.0449E-10 7.4569E-10 7.8857E-10 8.3314E-10 8.7939E-10 9.2733E-10 9.7695E-10 1.0282E-09 1.0811E-09 1.1356E-09 1.1917E-09 1.2492E-09 1.3083E-09 1.3687E-09 1.4304E-09 1.5281E-09 1.6189E-09 1.7070E-09 1.7853E-09 1.8637E-09 1.9413E-09 2.0242E-09 2.1091E-09 2.1927E-09 2.2747E-09 2.3572E-09 2.4398E-09 2.5223E-09 2.6046E-09
8.4324E-11 9.1095E-11 9.8310E-11 1.0618E-10 1.1606E-10 1.2666E-10 1.3622E-10 1.4647E-10 1.6045E-10 1.7514E-10 1.9099E-10 2.0823E-10 2.2315E-10 2.4110E-10 2.6018E-10 2.7819E-10 2.9744E-10 3.2198E-10 3.4346E-10 3.6576E-10 3.9386E-10 4.1887E-10 4.5235E-10 4.9196E-10 5.3410E-10 5.6728E-10 6.0198E-10 6.3824E-10 6.7607E-10 7.1548E-10 7.5650E-10 7.9912E-10 8.4334E-10 8.8917E-10 9.3659E-10 9.8558E-10 1.0361E-09 1.0882E-09 1.1417E-09 1.1967E-09 1.2530E-09 1.3107E-09 1.3696E-09 1.4297E-09 1.4965E-09 1.5956E-09 1.6946E-09 1.7703E-09 1.8474E-09 1.9217E-09 1.9970E-09 2.0769E-09 2.1586E-09 2.2377E-09 2.3153E-09 2.3928E-09 2.4699E-09
8.1281E-11 8.7820E-11 9.4787E-11 1.0220E-10 1.1028E-10 1.2045E-10 1.3136E-10 1.4114E-10 1.5162E-10 1.6872E-10 1.8395E-10 2.0024E-10 2.1488E-10 2.3007E-10 2.5044E-10 2.6777E-10 2.8604E-10 3.0775E-10 3.3045E-10 3.5215E-10 3.7693E-10 4.0306E-10 4.3176E-10 4.6560E-10 5.0549E-10 5.4420E-10 5.7739E-10 6.1206E-10 6.4823E-10 6.8590E-10 7.2510E-10 7.6582E-10 8.0807E-10 8.5184E-10 8.9712E-10 9.4390E-10 9.9215E-10 1.0418E-09 1.0929E-09 1.1454E-09 1.1991E-09 1.2541E-09 1.3103E-09 1.3675E-09 1.4258E-09 1.4850E-09 1.5806E-09 1.6797E-09 1.7504E-09 1.8242E-09 1.8979E-09 1.9691E-09 2.0407E-09 2.1164E-09 2.1943E-09 2.2690E-09 2.3414E-09
7.8273E-11 8.4581E-11 9.1302E-11 9.8647E-11 1.0625E-10 1.1605E-10 1.2654E-10 1.3598E-10 1.4626E-10 1.5978E-10 1.7424E-10 1.8981E-10 2.0645E-10 2.2134E-10 2.3888E-10 2.5750E-10 2.7506E-10 2.9354E-10 3.1553E-10 3.3848E-10 3.6036E-10 3.8536E-10 4.1167E-10 4.4054E-10 4.7456E-10 5.1458E-10 5.5333E-10 5.8646E-10 6.2100E-10 6.5698E-10 6.9441E-10 7.3329E-10 7.7361E-10 8.1538E-10 8.5859E-10 9.0321E-10 9.4922E-10 9.9660E-10 1.0453E-09 1.0953E-09 1.1465E-09 1.1989E-09 1.2525E-09 1.3070E-09 1.3625E-09 1.4189E-09 1.4761E-09 1.5452E-09 1.6349E-09 1.7277E-09 1.7963E-09 1.8676E-09 1.9375E-09 2.0052E-09 2.0728E-09 2.1422E-09 2.2155E-09
7.5302E-11 8.1382E-11 8.7861E-11 9.4755E-11 1.0228E-10 1.1006E-10 1.2012E-10 1.3088E-10 1.4052E-10 1.5100E-10 1.6483E-10 1.7960E-10 1.9842E-10 2.1246E-10 2.2756E-10 2.4537E-10 2.6426E-10 2.8201E-10 3.0067E-10 3.2288E-10 3.4603E-10 3.6805E-10 3.9319E-10 4.1964E-10 4.4861E-10 4.8272E-10 5.2277E-10 5.6144E-10 5.9442E-10 6.2875E-10 6.6446E-10 7.0154E-10 7.4000E-10 7.7982E-10 8.2101E-10 8.6354E-10 9.0738E-10 9.5253E-10 9.9892E-10 1.0465E-09 1.0953E-09 1.1452E-09 1.1962E-09 1.2481E-09 1.3009E-09 1.3546E-09 1.4090E-09 1.4640E-09 1.5196E-09 1.6105E-09 1.6811E-09 1.7663E-09 1.8314E-09 1.8995E-09 1.9659E-09 2.0293E-09 2.0924E-09
7.0828E-11 7.8228E-11 8.4467E-11 9.1299E-11 9.8359E-11 1.0586E-10 1.1381E-10 1.2586E-10 1.3513E-10 1.4494E-10 1.5839E-10 1.7255E-10 1.8777E-10 2.0400E-10 2.1824E-10 2.3352E-10 2.5365E-10 2.7069E-10 2.8859E-10 3.0957E-10 3.3197E-10 3.5307E-10 3.7516E-10 4.0041E-10 4.2691E-10 4.5591E-10 4.9002E-10 5.2998E-10 5.6849E-10 6.0122E-10 6.3526E-10 6.7060E-10 7.0724E-10 7.4519E-10 7.8441E-10 8.2491E-10 8.6666E-10 9.0964E-10 9.5380E-10 9.9911E-10 1.0455E-09 1.0930E-09 1.1415E-09 1.1909E-09 1.2411E-09 1.2921E-09 1.3439E-09 1.3962E-09 1.4490E-09 1.5022E-09 1.5557E-09 1.6448E-09 1.7243E-09 1.7950E-09 1.8552E-09 1.9188E-09 1.9821E-09
6.8014E-11 7.5121E-11 8.1124E-11 8.7513E-11 9.4500E-11 1.0171E-10 1.0937E-10 1.1926E-10 1.2983E-10 1.3926E-10 1.4943E-10 1.6295E-10 1.7738E-10 1.9287E-10 2.0936E-10 2.2375E-10 2.4129E-10 2.5957E-10 2.7673E-10 2.9476E-10 3.1588E-10 3.3813E-10 3.5929E-10 3.8167E-10 4.0920E-10 4.3345E-10 4.6241E-10 4.9643E-10 5.3620E-10 5.7442E-10 6.0684E-10 6.4049E-10 6.7538E-10 7.1149E-10 7.4883E-10 7.8736E-10 8.2708E-10 8.6796E-10 9.0996E-10 9.5305E-10 9.9718E-10 1.0423E-09 1.0884E-09 1.1353E-09 1.1830E-09 1.2315E-09 1.2807E-09 1.3303E-09 1.3805E-09 1.4310E-09 1.4818E-09 1.5328E-09 1.5838E-09 1.6701E-09 1.7464E-09 1.8133E-09 1.8684E-09
