Assets/Resources/2015_m01_d22_0800(utc+0800)_l00_csi_1hr_conc.grd
DSAA
         159         159
     -79.000      79.000
     -79.000      79.000
  0.0000E+00  0.2894E-05
[rows 25 to 49 of 159, columns 57 to 113 of 159]
0.0000E+00 0.0000E+00 0.0000E+00 0.0000E+00 0.0000E+00 0.0000E+00 0.0000E+00 0.0000E+00 0.0000E+00 0.0000E+00 0.0000E+00 0.0000E+00 0.0000E+00 0.0000E+00 0.0000E+00 0.0000E+00 0.0000E+00 0.0000E+00 0.0000E+00 0.0000E+00 0.0000E+00 0.0000E+00 0.0000E+00 0.0000E+00 0.0000E+00 0.0000E+00 0.0000E+00 0.0000E+00 2.1979E-13 4.8191E-13 1.2337E-12 2.3555E-12 3.5261E-12 5.4740E-12 7.4455E-12 9.9311E-12 1.5038E-11 2.2552E-11 3.1888E-11 4.2474E-11 5.2771E-11 6.4063E-11 7.7426E-11 9.1212E-11 1.0559E-10 1.2176E-10 1.4073E-10 1.6233E-10 1.8612E-10 2.1680E-10 2.5177E-10 2.8983E-10 3.2732E-10 3.6403E-10 4.0310E-10 4.4498E-10 4.8924E-10
0.0000E+00 0.0000E+00 0.0000E+00 0.0000E+00 0.0000E+00 0.0000E+00 0.0000E+00 0.0000E+00 0.0000E+00 0.0000E+00 0.0000E+00 0.0000E+00 0.0000E+00 0.0000E+00 0.0000E+00 0.0000E+00 0.0000E+00 0.0000E+00 0.0000E+00 0.0000E+00 0.0000E+00 0.0000E+00 0.0000E+00 0.0000E+00 0.0000E+00 0.0000E+00 0.0000E+00 0.0000E+00 2.2379E-13 4.8988E-13 1.4843E-12 2.5196E-12 3.7031E-12 5.8659E-12 8.0789E-12 1.0348E-11 1.6528E-11 2.5117E-11 3.4338E-11 4.6191E-11 5.7670E-11 6.9801E-11 8.2752E-11 9.6558E-11 1.1253E-10 1.3093E-10 1.5513E-10 1.8506E-10 2.1802E-10 2.5143E-10 2.8254E-10 3.1556E-10 3.5096E-10 3.8924E-10 4.3048E-10 4.7483E-10 5.2227E-10
0.0000E+00 0.0000E+00 0.0000E+00 0.0000E+00 0.0000E+00 0.0000E+00 0.0000E+00 0.0000E+00 0.0000E+00 0.0000E+00 0.0000E+00 0.0000E+00 0.0000E+00 0.0000E+00 0.0000E+00 0.0000E+00 0.0000E+00 0.0000E+00 0.0000E+00 0.0000E+00 0.0000E+00 0.0000E+00 0.0000E+00 0.0000E+00 0.0000E+00 0.0000E+00 0.0000E+00 0.0000E+00 2.2731E-13 4.9679E-13 1.6258E-12 2.6949E-12 3.8395E-12 6.2372E-12 8.4571E-12 1.1393E-11 1.8338E-11 2.7290E-11 3.8258E-11 4.9824E-11 6.1930E-11 7.4920E-11 8.7945E-11 1.0447E-10 1.2726E-10 1.5457E-10 1.8499E-10 2.1309E-10 2.4087E-10 2.7056E-10 3.0297E-10 3.3775E-10 3.7583E-10 4.1655E-10 4.6034E-10 5.0726E-10 5.5736E-10
0.0000E+00 0.0000E+00 0.0000E+00 0.0000E+00 0.0000E+00 0.0000E+00 0.0000E+00 0.0000E+00 0.0000E+00 0.0000E+00 0.0000E+00 0.0000E+00 0.0000E+00 0.0000E+00 0.0000E+00 0.0000E+00 0.0000E+00 0.0000E+00 0.0000E+00 0.0000E+00 0.0000E+00 0.0000E+00 0.0000E+00 0.0000E+00 0.0000E+00 0.0000E+00 0.0000E+00 0.0000E+00 2.3033E-13 6.0761E-13 1.7787E-12 2.7987E-12 4.3636E-12 6.5895E-12 8.5651E-12 1.2719E-11 1.9703E-11 2.9800E-11 4.2421E-11 5.4672E-11 6.6276E-11 8.0551E-11 1.0134E-10 1.2664E-10 1.5489E-10 1.8153E-10 2.0826E-10 2.3519E-10 2.6503E-10 2.9692E-10 3.3089E-10 3.6772E-10 4.0642E-10 4.4940E-10 4.9600E-10 5.4494E-10 5.9742E-10
0.0000E+00 0.0000E+00 0.0000E+00 0.0000E+00 0.0000E+00 0.0000E+00 0.0000E+00 0.0000E+00 0.0000E+00 0.0000E+00 0.0000E+00 0.0000E+00 0.0000E+00 0.0000E+00 0.0000E+00 0.0000E+00 0.0000E+00 0.0000E+00 0.0000E+00 0.0000E+00 0.0000E+00 0.0000E+00 0.0000E+00 0.0000E+00 0.0000E+00 0.0000E+00 0.0000E+00 0.0000E+00 2.9678E-13 7.4059E-13 1.8763E-12 3.0652E-12 4.7019E-12 6.8620E-12 9.0950E-12 1.3685E-11 2.2026E-11 3.3715E-11 4.5949E-11 6.0500E-11 7.8943E-11 1.0585E-10 1.3285E-10 1.5862E-10 1.8368E-10 2.0756E-10 2.3370E-10 2.6190E-10 2.9268E-10 3.2573E-10 3.6070E-10 3.9959E-10 4.4153E-10 4.8662E-10 5.3504E-10 5.9903E-10 6.6575E-10
0.0000E+00 0.0000E+00 0.0000E+00 0.0000E+00 0.0000E+00 0.0000E+00 0.0000E+00 0.0000E+00 0.0000E+00 0.0000E+00 0.0000E+00 0.0000E+00 0.0000E+00 0.0000E+00 0.0000E+00 0.0000E+00 0.0000E+00 0.0000E+00 0.0000E+00 0.0000E+00 0.0000E+00 0.0000E+00 0.0000E+00 0.0000E+00 0.0000E+00 0.0000E+00 0.0000E+00 1.9006E-14 4.1724E-13 1.0664E-12 2.0913E-12 3.3968E-12 5.1778E-12 7.1368E-12 9.6643E-12 1.5314E-11 2.5601E-11 3.9831E-11 6.0402E-11 8.8356E-11 1.1268E-10 1.3545E-10 1.5727E-10 1.7949E-10 2.0292E-10 2.2821E-10 2.5566E-10 2.8584E-10 3.1831E-10 3.5411E-10 3.9249E-10 4.3398E-10 4.8275E-10 5.3913E-10 6.0111E-10 6.6536E-10 7.3010E-10
0.0000E+00 0.0000E+00 0.0000E+00 0.0000E+00 0.0000E+00 0.0000E+00 0.0000E+00 0.0000E+00 0.0000E+00 0.0000E+00 0.0000E+00 0.0000E+00 0.0000E+00 0.0000E+00 0.0000E+00 0.0000E+00 0.0000E+00 0.0000E+00 0.0000E+00 0.0000E+00 0.0000E+00 0.0000E+00 0.0000E+00 0.0000E+00 0.0000E+00 0.0000E+00 0.0000E+00 1.2753E-13 5.4961E-13 1.2165E-12 2.3947E-12 3.6508E-12 5.5806E-12 7.8589E-12 1.1683E-11 2.0796E-11 4.2840E-11 6.4907E-11 8.8295E-11 1.0996E-10 1.3135E-10 1.5209E-10 1.7508E-10 1.9883E-10 2.2451E-10 2.5249E-10 2.8227E-10 3.1408E-10 3.4906E-10 3.8717E-10 4.3166E-10 4.8294E-10 5.3974E-10 5.9984E-10 6.6177E-10 7.2513E-10 7.9040E-10
0.0000E+00 0.0000E+00 0.0000E+00 0.0000E+00 0.0000E+00 0.0000E+00 0.0000E+00 0.0000E+00 0.0000E+00 0.0000E+00 0.0000E+00 0.0000E+00 0.0000E+00 0.0000E+00 0.0000E+00 0.0000E+00 0.0000E+00 0.0000E+00 0.0000E+00 0.0000E+00 0.0000E+00 0.0000E+00 0.0000E+00 0.0000E+00 0.0000E+00 0.0000E+00 6.9508E-14 2.4715E-13 6.5061E-13 1.4959E-12 2.6607E-12 4.5471E-12 8.4336E-12 1.2828E-11 2.3419E-11 3.8269E-11 6.0375E-11 8.2631E-11 1.0751E-10 1.2930E-10 1.5465E-10 1.7697E-10 2.0067E-10 2.2580E-10 2.5261E-10 2.8143E-10 3.1237E-10 3.4711E-10 3.8691E-10 4.3297E-10 4.8549E-10 5.4105E-10 5.9875E-10 6.6015E-10 7.2298E-10 7.8882E-10 8.5801E-10
0.0000E+00 0.0000E+00 0.0000E+00 0.0000E+00 0.0000E+00 0.0000E+00 0.0000E+00 0.0000E+00 0.0000E+00 0.0000E+00 0.0000E+00 0.0000E+00 0.0000E+00 0.0000E+00 0.0000E+00 0.0000E+00 0.0000E+00 0.0000E+00 0.0000E+00 0.0000E+00 0.0000E+00 0.0000E+00 0.0000E+00 0.0000E+00 0.0000E+00 9.4324E-15 1.7779E-13 3.5038E-13 8.7710E-13 2.3843E-12 5.2984E-12 9.1361E-12 1.5207E-11 2.2784E-11 3.3837E-11 5.2228E-11 7.7899E-11 1.0560E-10 1.3511E-10 1.5599E-10 1.7726E-10 1.9925E-10 2.2298E-10 2.4999E-10 2.7810E-10 3.0877E-10 3.4485E-10 3.8565E-10 4.3302E-10 4.8604E-10 5.4212E-10 6.0000E-10 6.6025E-10 7.2233E-10 7.8813E-10 8.5757E-10 9.2881E-10
0.0000E+00 0.0000E+00 0.0000E+00 0.0000E+00 0.0000E+00 0.0000E+00 0.0000E+00 0.0000E+00 0.0000E+00 0.0000E+00 0.0000E+00 0.0000E+00 0.0000E+00 0.0000E+00 0.0000E+00 0.0000E+00 0.0000E+00 0.0000E+00 0.0000E+00 0.0000E+00 0.0000E+00 0.0000E+00 0.0000E+00 0.0000E+00 0.0000E+00 1.0653E-13 2.9595E-13 9.2454E-13 3.0269E-12 6.2445E-12 9.2246E-12 1.2929E-11 2.1507E-11 3.3010E-11 4.7644E-11 8.0684E-11 1.0599E-10 1.3100E-10 1.5417E-10 1.7498E-10 1.9703E-10 2.2120E-10 2.4862E-10 2.7773E-10 3.1074E-10 3.4952E-10 3.9349E-10 4.4252E-10 4.9532E-10 5.4997E-10 6.0592E-10 6.6400E-10 7.2561E-10 7.9078E-10 8.5920E-10 9.3126E-10 1.0076E-09
0.0000E+00 0.0000E+00 0.0000E+00 0.0000E+00 0.0000E+00 0.0000E+00 0.0000E+00 0.0000E+00 0.0000E+00 0.0000E+00 0.0000E+00 0.0000E+00 0.0000E+00 0.0000E+00 0.0000E+00 0.0000E+00 0.0000E+00 0.0000E+00 0.0000E+00 0.0000E+00 0.0000E+00 0.0000E+00 0.0000E+00 0.0000E+00 2.2401E-14 3.5588E-13 1.5943E-12 4.0706E-12 6.8277E-12 9.2573E-12 1.2446E-11 1.9867E-11 3.4537E-11 5.5920E-11 7.2796E-11 9.9519E-11 1.2421E-10 1.5110E-10 1.7445E-10 2.0026E-10 2.2777E-10 2.5544E-10 2.8543E-10 3.2031E-10 3.6186E-10 4.0743E-10 4.5686E-10 5.0767E-10 5.5944E-10 6.1384E-10 6.7144E-10 7.3234E-10 7.9706E-10 8.6521E-10 9.3789E-10 1.0170E-09 1.0986E-09
0.0000E+00 0.0000E+00 0.0000E+00 0.0000E+00 0.0000E+00 0.0000E+00 0.0000E+00 0.0000E+00 0.0000E+00 0.0000E+00 0.0000E+00 0.0000E+00 0.0000E+00 0.0000E+00 0.0000E+00 0.0000E+00 0.0000E+00 0.0000E+00 0.0000E+00 0.0000E+00 0.0000E+00 0.0000E+00 0.0000E+00 0.0000E+00 6.4920E-13 2.3855E-12 4.9904E-12 7.1626E-12 9.0900E-12 1.2530E-11 2.5741E-11 3.9582E-11 5.4454E-11 7.1460E-11 9.1259E-11 1.2018E-10 1.4841E-10 1.8837E-10 2.1546E-10 2.4196E-10 2.7155E-10 3.0593E-10 3.4776E-10 3.9253E-10 4.3857E-10 4.8567E-10 5.3388E-10 5.8496E-10 6.3915E-10 6.9624E-10 7.5768E-10 8.2287E-10 8.9152E-10 9.6514E-10 1.0434E-09 1.1286E-09 1.2175E-09
0.0000E+00 0.0000E+00 0.0000E+00 0.0000E+00 0.0000E+00 0.0000E+00 0.0000E+00 0.0000E+00 0.0000E+00 0.0000E+00 0.0000E+00 0.0000E+00 0.0000E+00 0.0000E+00 0.0000E+00 0.0000E+00 0.0000E+00 0.0000E+00 0.0000E+00 0.0000E+00 0.0000E+00 0.0000E+00 7.4649E-14 9.3869E-13 3.0836E-12 5.5072E-12 7.4621E-12 9.5640E-12 2.0594E-11 2.9693E-11 3.9257E-11 5.2435E-11 6.8943E-11 9.0451E-11 1.2176E-10 1.6018E-10 1.9218E-10 2.2715E-10 2.5976E-10 2.9693E-10 3.3872E-10 3.8272E-10 4.2637E-10 4.6972E-10 5.1511E-10 5.6403E-10 6.1532E-10 6.7000E-10 7.2712E-10 7.8861E-10 8.5392E-10 9.2241E-10 9.9719E-10 1.0789E-09 1.1674E-09 1.2572E-09 1.3502E-09
0.0000E+00 0.0000E+00 0.0000E+00 0.0000E+00 0.0000E+00 0.0000E+00 0.0000E+00 0.0000E+00 0.0000E+00 0.0000E+00 0.0000E+00 0.0000E+00 0.0000E+00 0.0000E+00 0.0000E+00 0.0000E+00 0.0000E+00 0.0000E+00 0.0000E+00 0.0000E+00 0.0000E+00 1.9593E-13 1.3212E-12 3.5121E-12 5.8551E-12 9.5680E-12 1.5525E-11 2.2537E-11 3.0748E-11 3.9888E-11 5.0812E-11 6.7578E-11 1.0052E-10 1.2725E-10 1.5676E-10 1.9209E-10 2.3195E-10 2.7712E-10 3.2052E-10 3.6406E-10 4.0819E-10 4.5212E-10 4.9697E-10 5.4503E-10 5.9578E-10 6.4888E-10 7.0461E-10 7.6249E-10 8.2406E-10 8.8938E-10 9.6019E-10 1.0350E-09 1.1192E-09 1.2061E-09 1.2955E-09 1.3851E-09 1.4784E-09
0.0000E+00 0.0000E+00 0.0000E+00 0.0000E+00 0.0000E+00 0.0000E+00 0.0000E+00 0.0000E+00 0.0000E+00 0.0000E+00 0.0000E+00 0.0000E+00 0.0000E+00 0.0000E+00 0.0000E+00 0.0000E+00 0.0000E+00 0.0000E+00 0.0000E+00 0.0000E+00 2.8576E-13 1.5872E-12 3.8000E-12 6.9074E-12 1.1226E-11 1.7288E-11 2.3787E-11 3.1258E-11 4.0561E-11 5.3845E-11 7.6351E-11 9.9888E-11 1.2504E-10 1.5236E-10 1.8790E-10 2.3133E-10 2.8067E-10 3.3457E-10 3.8341E-10 4.3291E-10 4.7956E-10 5.2749E-10 5.7840E-10 6.3061E-10 6.8483E-10 7.4191E-10 8.0066E-10 8.6345E-10 9.3019E-10 1.0009E-09 1.0795E-09 1.1634E-09 1.2537E-09 1.3394E-09 1.4269E-09 1.5204E-09 1.6176E-09
0.0000E+00 0.0000E+00 0.0000E+00 0.0000E+00 0.0000E+00 0.0000E+00 0.0000E+00 0.0000E+00 0.0000E+00 0.0000E+00 0.0000E+00 0.0000E+00 0.0000E+00 0.0000E+00 0.0000E+00 0.0000E+00 0.0000E+00 0.0000E+00 0.0000E+00 3.5803E-13 1.7314E-12 4.0369E-12 7.3969E-12 1.2452E-11 1.8192E-11 2.4419E-11 3.1575E-11 4.6224E-11 6.2785E-11 7.7770E-11 9.7617E-11 1.2348E-10 1.5619E-10 1.8980E-10 2.3666E-10 2.9440E-10 3.5387E-10 4.1021E-10 4.6080E-10 5.0971E-10 5.5999E-10 6.1293E-10 6.6782E-10 7.2470E-10 7.8376E-10 8.4638E-10 9.1134E-10 9.7850E-10 1.0495E-09 1.1307E-09 1.2191E-09 1.3056E-09 1.3920E-09 1.4831E-09 1.5752E-09 1.6706E-09 1.7715E-09
0.0000E+00 0.0000E+00 0.0000E+00 0.0000E+00 0.0000E+00 0.0000E+00 0.0000E+00 0.0000E+00 0.0000E+00 0.0000E+00 0.0000E+00 0.0000E+00 0.0000E+00 0.0000E+00 0.0000E+00 0.0000E+00 0.0000E+00 0.0000E+00 3.5914E-13 1.7529E-12 4.2259E-12 7.9557E-12 1.3162E-11 1.8758E-11 2.4635E-11 3.5662E-11 4.9812E-11 6.4472E-11 7.8720E-11 9.9398E-11 1.3346E-10 1.6778E-10 2.0745E-10 2.5366E-10 3.0370E-10 3.5877E-10 4.1844E-10 4.7588E-10 5.3079E-10 5.8619E-10 6.4334E-10 7.0158E-10 7.6284E-10 8.2592E-10 8.9187E-10 9.6017E-10 1.0315E-09 1.1094E-09 1.1963E-09 1.2855E-09 1.3722E-09 1.4592E-09 1.5470E-09 1.6422E-09 1.7395E-09 1.8371E-09 1.9413E-09
0.0000E+00 0.0000E+00 0.0000E+00 0.0000E+00 0.0000E+00 0.0000E+00 0.0000E+00 0.0000E+00 0.0000E+00 0.0000E+00 0.0000E+00 0.0000E+00 0.0000E+00 0.0000E+00 0.0000E+00 0.0000E+00 0.0000E+00 2.9693E-13 1.6563E-12 4.1806E-12 8.1797E-12 1.3456E-11 1.9176E-11 2.6326E-11 3.7081E-11 5.0761E-11 6.5072E-11 8.6676E-11 1.1216E-10 1.4475E-10 1.8276E-10 2.2196E-10 2.6298E-10 3.0771E-10 3.6188E-10 4.2085E-10 4.8591E-10 5.5046E-10 6.1485E-10 6.8079E-10 7.4753E-10 8.1423E-10 8.8175E-10 9.5209E-10 1.0241E-09 1.0986E-09 1.1840E-09 1.2713E-09 1.3627E-09 1.4495E-09 1.5397E-09 1.6330E-09 1.7273E-09 1.8241E-09 1.9209E-09 2.0248E-09 2.1283E-09
0.0000E+00 0.0000E+00 0.0000E+00 0.0000E+00 0.0000E+00 0.0000E+00 0.0000E+00 0.0000E+00 0.0000E+00 0.0000E+00 0.0000E+00 0.0000E+00 0.0000E+00 0.0000E+00 0.0000E+00 0.0000E+00 2.2986E-13 1.4502E-12 3.9115E-12 8.0642E-12 1.3471E-11 1.9128E-11 2.6867E-11 3.7570E-11 5.0728E-11 7.1126E-11 9.3923E-11 1.2176E-10 1.5506E-10 1.9226E-10 2.3017E-10 2.7226E-10 3.1873E-10 3.6721E-10 4.2915E-10 5.0003E-10 5.7811E-10 6.5534E-10 7.2859E-10 8.0022E-10 8.7212E-10 9.4529E-10 1.0201E-09 1.0970E-09 1.1754E-09 1.2644E-09 1.3547E-09 1.4489E-09 1.5407E-09 1.6335E-09 1.7260E-09 1.8237E-09 1.9241E-09 2.0234E-09 2.1268E-09 2.2336E-09 2.3398E-09
0.0000E+00 0.0000E+00 0.0000E+00 0.0000E+00 0.0000E+00 0.0000E+00 0.0000E+00 0.0000E+00 0.0000E+00 0.0000E+00 0.0000E+00 0.0000E+00 0.0000E+00 0.0000E+00 0.0000E+00 1.3271E-13 1.1475E-12 3.4648E-12 7.6262E-12 1.3100E-11 1.9077E-11 2.6815E-11 3.7783E-11 5.3307E-11 7.3989E-11 9.9954E-11 1.3004E-10 1.6183E-10 1.9724E-10 2.3662E-10 2.8063E-10 3.3246E-10 3.9019E-10 4.5353E-10 5.2239E-10 5.9781E-10 6.8051E-10 7.6177E-10 8.4188E-10 9.2122E-10 1.0021E-09 1.0837E-09 1.1664E-09 1.2516E-09 1.3450E-09 1.4440E-09 1.5448E-09 1.6419E-09 1.7393E-09 1.8383E-09 1.9373E-09 2.0366E-09 2.1408E-09 2.2448E-09 2.3493E-09 2.4585E-09 2.5652E-09
0.0000E+00 0.0000E+00 0.0000E+00 0.0000E+00 0.0000E+00 0.0000E+00 0.0000E+00 0.0000E+00 0.0000E+00 0.0000E+00 0.0000E+00 0.0000E+00 0.0000E+00 0.0000E+00 1.1047E-14 8.2839E-13 2.9102E-12 6.8548E-12 1.2387E-11 1.8655E-11 2.6345E-11 3.7729E-11 5.3435E-11 7.6377E-11 1.0455E-10 1.3450E-10 1.6540E-10 1.9981E-10 2.4233E-10 2.9389E-10 3.5305E-10 4.1600E-10 4.7449E-10 5.3840E-10 6.1233E-10 6.9609E-10 7.8741E-10 8.7942E-10 9.6878E-10 1.0589E-09 1.1497E-09 1.2409E-09 1.3371E-09 1.4388E-09 1.5440E-09 1.6529E-09 1.7551E-09 1.8576E-09 1.9614E-09 2.0669E-09 2.1719E-09 2.2774E-09 2.3841E-09 2.4874E-09 2.5961E-09 2.7054E-09 2.8129E-09
0.0000E+00 0.0000E+00 0.0000E+00 0.0000E+00 0.0000E+00 0.0000E+00 0.0000E+00 0.0000E+00 0.0000E+00 0.0000E+00 0.0000E+00 0.0000E+00 0.0000E+00 0.0000E+00 5.0671E-13 2.1246E-12 5.8615E-12 1.1388E-11 1.7681E-11 2.5460E-11 3.6598E-11 5.3257E-11 7.7426E-11 1.0665E-10 1.3616E-10 1.6639E-10 2.0192E-10 2.4994E-10 3.0785E-10 3.6986E-10 4.3118E-10 4.9354E-10 5.5786E-10 6.3093E-10 7.1567E-10 8.1030E-10 9.1144E-10 1.0129E-09 1.1138E-09 1.2231E-09 1.3332E-09 1.4374E-09 1.5424E-09 1.6532E-09 1.7704E-09 1.8798E-09 1.9896E-09 2.1000E-09 2.2103E-09 2.3194E-09 2.4301E-09 2.5410E-09 2.6489E-09 2.7591E-09 2.8697E-09 2.9789E-09 3.0862E-09
0.0000E+00 0.0000E+00 0.0000E+00 0.0000E+00 0.0000E+00 0.0000E+00 0.0000E+00 0.0000E+00 0.0000E+00 0.0000E+00 0.0000E+00 0.0000E+00 0.0000E+00 2.3122E-13 1.5061E-12 4.6900E-12 9.8718E-12 1.6293E-11 2.4197E-11 3.5134E-11 5.2366E-11 7.6766E-11 1.0649E-10 1.3570E-10 1.6588E-10 2.0516E-10 2.5661E-10 3.1700E-10 3.7828E-10 4.4126E-10 5.0943E-10 5.7944E-10 6.5319E-10 7.3804E-10 8.3395E-10 9.3935E-10 1.0579E-09 1.1772E-09 1.2952E-09 1.4140E-09 1.5293E-09 1.6478E-09 1.7726E-09 1.8991E-09 2.0211E-09 2.1393E-09 2.2569E-09 2.3742E-09 2.4906E-09 2.6044E-09 2.7186E-09 2.8315E-09 2.9412E-09 3.0517E-09 3.1632E-09 3.2719E-09 3.3837E-09
0.0000E+00 0.0000E+00 0.0000E+00 0.0000E+00 0.0000E+00 0.0000E+00 0.0000E+00 0.0000E+00 0.0000E+00 0.0000E+00 0.0000E+00 0.0000E+00 2.6827E-14 9.0380E-13 3.3947E-12 8.2066E-12 1.4578E-11 2.2332E-11 3.3058E-11 5.0459E-11 7.5228E-11 1.0372E-10 1.3311E-10 1.6529E-10 2.0682E-10 2.5993E-10 3.1942E-10 3.8182E-10 4.4815E-10 5.2055E-10 5.9734E-10 6.7693E-10 7.6237E-10 8.6109E-10 9.7037E-10 1.0947E-09 1.2243E-09 1.3612E-09 1.4955E-09 1.6355E-09 1.7699E-09 1.9053E-09 2.0384E-09 2.1730E-09 2.3004E-09 2.4272E-09 2.5521E-09 2.6774E-09 2.8003E-09 2.9197E-09 3.0374E-09 3.1537E-09 3.2643E-09 3.3748E-09 3.4859E-09 3.5930E-09 3.7010E-09
0.0000E+00 0.0000E+00 0.0000E+00 0.0000E+00 0.0000E+00 0.0000E+00 0.0000E+00 0.0000E+00 0.0000E+00 0.0000E+00 0.0000E+00 0.0000E+00 4.1669E-13 2.1851E-12 6.2352E-12 1.2315E-11 1.9962E-11 3.0542E-11 4.7500E-11 7.2038E-11 1.0003E-10 1.2881E-10 1.6264E-10 2.0598E-10 2.5914E-10 3.1754E-10 3.8169E-10 4.5083E-10 5.2649E-10 6.0879E-10 6.9554E-10 7.8773E-10 8.8933E-10 1.0063E-09 1.1433E-09 1.2882E-09 1.4341E-09 1.5829E-09 1.7325E-09 1.8801E-09 2.0315E-09 2.1805E-09 2.3348E-09 2.4761E-09 2.6146E-09 2.7515E-09 2.8861E-09 3.0142E-09 3.1418E-09 3.2667E-09 3.3853E-09 3.5036E-09 3.6185E-09 3.7273E-09 3.8368E-09 3.9417E-09 4.0463E-09
