Assets/Resources/2015_m01_d21_0000(utc+0800)_l00_csi_1hr_conc.grd
DSAA
         159         159
     -79.000      79.000
     -79.000      79.000
  0.2392E-09  0.9670E-04
[rows 25 to 49 of 159, columns 57 to 113 of 159]
2.6951E-09 2.6862E-09 2.6725E-09 2.6455E-09 2.6367E-09 2.6111E-09 2.5917E-09 2.5422E-09 2.5166E-09 2.4572E-09 2.4373E-09 2.4133E-09 2.3624E-09 2.2945E-09 2.2396E-09 2.1166E-09 2.0796E-09 2.0742E-09 2.0572E-09 2.0443E-09 1.9764E-09 1.9924E-09 2.0021E-09 2.0108E-09 2.0223E-09 2.0263E-09 2.0364E-09 2.0457E-09 2.0532E-09 2.0512E-09 2.0474E-09 2.0488E-09 2.0480E-09 2.0378E-09 2.0329E-09 2.0117E-09 1.9959E-09 1.9784E-09 1.9663E-09 1.9458E-09 1.9217E-09 1.8989E-09 1.8750E-09 1.8478E-09 1.8224E-09 1.8029E-09 1.7650E-09 1.7444E-09 1.7234E-09 1.6935E-09 1.6587E-09 1.6374E-09 1.6077E-09 1.5869E-09 1.5664E-09 1.5333E-09 1.5008E-09
2.7546E-09 2.7467E-09 2.7366E-09 2.7326E-09 2.7220E-09 2.7032E-09 2.6896E-09 2.6705E-09 2.6437E-09 2.5866E-09 2.5449E-09 2.5064E-09 2.4878E-09 2.4530E-09 2.3950E-09 2.3215E-09 2.1838E-09 2.1519E-09 2.1335E-09 2.1362E-09 2.1155E-09 2.0464E-09 2.0633E-09 2.0766E-09 2.0803E-09 2.0844E-09 2.0933E-09 2.0935E-09 2.0988E-09 2.1036E-09 2.1062E-09 2.0918E-09 2.0900E-09 2.0859E-09 2.0797E-09 2.0642E-09 2.0469E-09 2.0280E-09 2.0075E-09 1.9856E-09 1.9694E-09 1.9450E-09 1.9106E-09 1.8913E-09 1.8646E-09 1.8281E-09 1.8069E-09 1.7852E-09 1.7454E-09 1.7232E-09 1.7008E-09 1.6699E-09 1.6346E-09 1.6130E-09 1.5833E-09 1.5624E-09 1.5417E-09
2.8295E-09 2.8201E-09 2.8104E-09 2.8058E-09 2.8015E-09 2.7941E-09 2.7805E-09 2.7636E-09 2.7456E-09 2.7195E-09 2.6944E-09 2.6208E-09 2.5965E-09 2.5610E-09 2.5220E-09 2.4830E-09 2.3896E-09 2.2402E-09 2.2333E-09 2.2299E-09 2.2135E-09 2.2009E-09 2.1292E-09 2.1349E-09 2.1450E-09 2.1560E-09 2.1577E-09 2.1573E-09 2.1611E-09 2.1552E-09 2.1538E-09 2.1523E-09 2.1483E-09 2.1275E-09 2.1200E-09 2.1105E-09 2.0990E-09 2.0785E-09 2.0564E-09 2.0330E-09 2.0083E-09 1.9826E-09 1.9559E-09 1.9261E-09 1.8981E-09 1.8694E-09 1.8379E-09 1.8085E-09 1.7854E-09 1.7534E-09 1.7211E-09 1.6979E-09 1.6664E-09 1.6306E-09 1.6087E-09 1.5786E-09 1.5572E-09
2.9094E-09 2.8963E-09 2.8856E-09 2.8803E-09 2.8668E-09 2.8607E-09 2.8562E-09 2.8527E-09 2.8458E-09 2.8271E-09 2.8031E-09 2.7630E-09 2.7119E-09 2.6511E-09 2.6227E-09 2.6025E-09 2.5664E-09 2.5055E-09 2.3504E-09 2.3313E-09 2.3100E-09 2.3064E-09 2.2520E-09 2.2077E-09 2.2030E-09 2.2127E-09 2.2196E-09 2.2187E-09 2.2230E-09 2.2171E-09 2.2088E-09 2.2037E-09 2.1954E-09 2.1872E-09 2.1701E-09 2.1511E-09 2.1374E-09 2.1225E-09 2.0988E-09 2.0811E-09 2.0478E-09 2.0206E-09 1.9995E-09 1.9706E-09 1.9411E-09 1.9019E-09 1.8784E-09 1.8477E-09 1.8078E-09 1.7835E-09 1.7592E-09 1.7174E-09 1.6936E-09 1.6704E-09 1.6390E-09 1.6033E-09 1.5812E-09
2.9828E-09 2.9704E-09 2.9706E-09 2.9547E-09 2.9516E-09 2.9402E-09 2.9272E-09 2.9234E-09 2.9178E-09 2.9089E-09 2.9023E-09 2.8894E-09 2.8642E-09 2.8111E-09 2.7406E-09 2.7071E-09 2.6626E-09 2.6470E-09 2.6261E-09 2.4486E-09 2.4274E-09 2.3939E-09 2.3879E-09 2.3110E-09 2.2795E-09 2.2890E-09 2.2799E-09 2.2832E-09 2.2845E-09 2.2782E-09 2.2689E-09 2.2641E-09 2.2494E-09 2.2384E-09 2.2228E-09 2.2092E-09 2.1777E-09 2.1596E-09 2.1418E-09 2.1226E-09 2.0948E-09 2.0589E-09 2.0365E-09 2.0062E-09 1.9753E-09 1.9440E-09 1.9100E-09 1.8781E-09 1.8461E-09 1.8207E-09 1.7797E-09 1.7547E-09 1.7213E-09 1.6883E-09 1.6647E-09 1.6329E-09 1.5967E-09
3.0747E-09 3.0594E-09 3.0571E-09 3.0446E-09 3.0395E-09 3.0306E-09 3.0224E-09 3.0112E-09 2.9953E-09 2.9955E-09 2.9856E-09 2.9747E-09 2.9649E-09 2.9502E-09 2.9207E-09 2.8345E-09 2.7998E-09 2.7620E-09 2.7525E-09 2.7376E-09 2.5615E-09 2.5253E-09 2.4861E-09 2.4700E-09 2.3863E-09 2.3567E-09 2.3632E-09 2.3669E-09 2.3504E-09 2.3443E-09 2.3387E-09 2.3252E-09 2.3076E-09 2.2966E-09 2.2755E-09 2.2579E-09 2.2322E-09 2.2044E-09 2.1778E-09 2.1571E-09 2.1352E-09 2.1049E-09 2.0810E-09 2.0421E-09 2.0098E-09 1.9842E-09 1.9442E-09 1.9179E-09 1.8755E-09 1.8491E-09 1.8161E-09 1.7744E-09 1.7489E-09 1.7152E-09 1.6819E-09 1.6579E-09 1.6257E-09
3.1840E-09 3.1731E-09 3.1644E-09 3.1520E-09 3.1401E-09 3.1094E-09 3.1089E-09 3.1040E-09 3.0930E-09 3.0855E-09 3.0709E-09 3.0570E-09 3.0513E-09 3.0474E-09 3.0318E-09 3.0142E-09 2.9287E-09 2.8957E-09 2.8630E-09 2.8430E-09 2.8261E-09 2.6892E-09 2.6087E-09 2.5752E-09 2.5395E-09 2.4613E-09 2.4366E-09 2.4313E-09 2.4308E-09 2.4117E-09 2.4036E-09 2.3892E-09 2.3695E-09 2.3560E-09 2.3323E-09 2.3032E-09 2.2776E-09 2.2518E-09 2.2290E-09 2.1919E-09 2.1685E-09 2.1441E-09 2.1114E-09 2.0855E-09 2.0446E-09 2.0177E-09 1.9834E-09 1.9489E-09 1.9144E-09 1.8709E-09 1.8436E-09 1.8099E-09 1.7677E-09 1.7420E-09 1.7168E-09 1.6743E-09 1.6500E-09
3.2775E-09 3.2705E-09 3.2618E-09 3.2528E-09 3.2437E-09 3.2366E-09 3.2318E-09 3.2225E-09 3.2127E-09 3.2059E-09 3.1997E-09 3.1852E-09 3.1785E-09 3.1656E-09 3.1542E-09 3.1421E-09 3.1477E-09 3.0861E-09 3.0006E-09 2.9782E-09 2.9369E-09 2.8776E-09 2.7849E-09 2.7050E-09 2.6570E-09 2.6245E-09 2.5284E-09 2.5132E-09 2.4959E-09 2.4913E-09 2.4834E-09 2.4559E-09 2.4395E-09 2.4179E-09 2.3894E-09 2.3545E-09 2.3187E-09 2.2947E-09 2.2713E-09 2.2418E-09 2.2019E-09 2.1761E-09 2.1494E-09 2.1220E-09 2.0868E-09 2.0514E-09 2.0158E-09 1.9800E-09 1.9513E-09 1.9088E-09 1.8804E-09 1.8365E-09 1.8025E-09 1.7758E-09 1.7341E-09 1.7085E-09 1.6747E-09
3.3772E-09 3.3713E-09 3.3582E-09 3.3516E-09 3.3462E-09 3.3424E-09 3.3333E-09 3.3243E-09 3.3203E-09 3.3112E-09 3.3012E-09 3.2899E-09 3.2790E-09 3.2673E-09 3.2541E-09 3.2465E-09 3.2565E-09 3.2585E-09 3.2356E-09 3.1466E-09 3.1114E-09 3.0664E-09 2.9922E-09 2.9972E-09 2.9258E-09 2.8302E-09 2.7393E-09 2.6778E-09 2.6503E-09 2.6320E-09 2.5463E-09 2.5333E-09 2.5019E-09 2.4819E-09 2.4527E-09 2.4075E-09 2.3674E-09 2.3419E-09 2.3094E-09 2.2833E-09 2.2522E-09 2.2231E-09 2.1801E-09 2.1514E-09 2.1222E-09 2.0853E-09 2.0555E-09 2.0114E-09 1.9744E-09 1.9447E-09 1.9014E-09 1.8725E-09 1.8282E-09 1.8007E-09 1.7671E-09 1.7250E-09 1.6992E-09
3.5194E-09 3.5090E-09 3.5037E-09 3.4995E-09 3.4854E-09 3.4830E-09 3.4801E-09 3.4716E-09 3.4661E-09 3.4564E-09 3.4421E-09 3.4283E-09 3.3959E-09 3.3745E-09 3.3606E-09 3.3615E-09 3.3728E-09 3.3685E-09 3.3754E-09 3.3610E-09 3.2970E-09 3.2190E-09 3.1685E-09 3.1026E-09 3.1106E-09 3.0482E-09 2.9378E-09 2.8427E-09 2.7843E-09 2.7487E-09 2.7251E-09 2.6868E-09 2.6590E-09 2.6285E-09 2.5728E-09 2.4668E-09 2.4186E-09 2.3899E-09 2.3552E-09 2.3198E-09 2.2908E-09 2.2594E-09 2.2258E-09 2.1808E-09 2.1503E-09 2.1195E-09 2.0811E-09 2.0500E-09 2.0047E-09 1.9739E-09 1.9363E-09 1.8926E-09 1.8634E-09 1.8189E-09 1.7912E-09 1.7574E-09 1.7150E-09
3.6423E-09 3.6349E-09 3.6279E-09 3.6205E-09 3.6166E-09 3.6152E-09 3.6044E-09 3.5959E-09 3.5912E-09 3.5815E-09 3.5712E-09 3.5607E-09 3.5492E-09 3.5356E-09 3.5245E-09 3.5343E-09 3.5321E-09 3.5355E-09 3.5374E-09 3.5376E-09 3.5148E-09 3.4723E-09 3.3784E-09 3.3954E-09 3.4255E-09 3.3222E-09 3.2494E-09 3.1282E-09 2.9342E-09 2.8843E-09 2.8412E-09 2.8093E-09 2.7680E-09 2.7220E-09 2.6715E-09 2.5993E-09 2.5478E-09 2.5084E-09 2.4018E-09 2.3641E-09 2.3259E-09 2.2946E-09 2.2617E-09 2.2254E-09 2.1784E-09 2.1463E-09 2.1140E-09 2.0817E-09 2.0422E-09 1.9960E-09 1.9645E-09 1.9266E-09 1.8894E-09 1.8532E-09 1.8178E-09 1.7807E-09 1.7465E-09
3.7735E-09 3.7631E-09 3.7577E-09 3.7573E-09 3.7563E-09 3.7495E-09 3.7426E-09 3.7387E-09 3.7272E-09 3.7178E-09 3.7075E-09 3.7017E-09 3.6851E-09 3.6710E-09 3.6734E-09 3.6862E-09 3.6835E-09 3.6825E-09 3.6885E-09 3.6826E-09 3.6740E-09 3.6465E-09 3.6079E-09 3.5308E-09 3.5302E-09 3.5966E-09 3.4933E-09 3.4137E-09 3.2434E-09 3.1407E-09 3.0722E-09 3.0121E-09 2.9657E-09 2.8428E-09 2.7629E-09 2.6996E-09 2.6368E-09 2.5794E-09 2.5349E-09 2.4781E-09 2.3722E-09 2.3356E-09 2.2945E-09 2.2601E-09 2.2220E-09 2.1730E-09 2.1396E-09 2.1061E-09 2.0728E-09 2.0325E-09 1.9856E-09 1.9538E-09 1.9157E-09 1.8854E-09 1.8421E-09 1.8065E-09 1.7691E-09
3.9154E-09 3.9082E-09 3.9110E-09 3.9033E-09 3.9010E-09 3.8951E-09 3.8892E-09 3.8867E-09 3.8791E-09 3.8662E-09 3.8615E-09 3.8513E-09 3.8428E-09 3.8346E-09 3.8375E-09 3.8458E-09 3.8405E-09 3.8458E-09 3.8467E-09 3.8454E-09 3.8401E-09 3.8361E-09 3.8060E-09 3.7844E-09 3.8522E-09 3.8917E-09 3.7794E-09 3.6825E-09 3.5977E-09 3.3912E-09 3.2727E-09 3.2048E-09 3.1470E-09 3.0597E-09 2.9715E-09 2.8702E-09 2.7332E-09 2.6680E-09 2.6089E-09 2.5574E-09 2.4957E-09 2.4462E-09 2.3341E-09 2.2912E-09 2.2550E-09 2.2159E-09 2.1724E-09 2.1304E-09 2.0960E-09 2.0619E-09 2.0210E-09 1.9811E-09 1.9420E-09 1.9038E-09 1.8734E-09 1.8299E-09 1.7941E-09
4.0664E-09 4.0663E-09 4.0640E-09 4.0617E-09 4.0615E-09 4.0567E-09 4.0482E-09 4.0474E-09 4.0408E-09 4.0333E-09 4.0278E-09 4.0229E-09 4.0113E-09 4.0061E-09 4.0186E-09 4.0229E-09 4.0307E-09 4.0317E-09 4.0425E-09 4.0360E-09 4.0265E-09 4.0142E-09 3.9975E-09 3.9633E-09 4.1322E-09 4.2852E-09 4.0865E-09 3.9605E-09 3.8719E-09 3.7305E-09 3.5569E-09 3.4233E-09 3.3357E-09 3.2481E-09 3.1263E-09 3.0294E-09 2.9296E-09 2.8492E-09 2.7316E-09 2.6318E-09 2.5760E-09 2.5100E-09 2.4533E-09 2.3877E-09 2.2846E-09 2.2470E-09 2.2067E-09 2.1695E-09 2.1191E-09 2.0840E-09 2.0494E-09 2.0083E-09 1.9683E-09 1.9292E-09 1.8909E-09 1.8605E-09 1.8168E-09
4.2334E-09 4.2361E-09 4.2287E-09 4.2335E-09 4.2314E-09 4.2283E-09 4.2292E-09 4.2258E-09 4.2176E-09 4.2178E-09 4.2169E-09 4.2036E-09 4.1926E-09 4.2016E-09 4.2197E-09 4.2268E-09 4.2382E-09 4.2463E-09 4.2428E-09 4.2348E-09 4.2237E-09 4.2086E-09 4.1891E-09 4.1687E-09 4.1426E-09 4.3653E-09 4.4813E-09 4.3130E-09 4.1852E-09 4.0674E-09 3.8917E-09 3.7221E-09 3.5748E-09 3.4480E-09 3.3232E-09 3.1978E-09 3.1005E-09 2.9882E-09 2.8982E-09 2.8124E-09 2.6682E-09 2.5918E-09 2.5173E-09 2.4588E-09 2.3957E-09 2.2870E-09 2.2361E-09 2.1950E-09 2.1570E-09 2.1060E-09 2.0705E-09 2.0357E-09 1.9946E-09 1.9546E-09 1.9155E-09 1.8771E-09 1.8465E-09
4.4052E-09 4.4115E-09 4.4141E-09 4.4183E-09 4.4149E-09 4.4139E-09 4.4173E-09 4.4195E-09 4.4213E-09 4.4182E-09 4.4138E-09 4.4109E-09 4.4087E-09 4.4335E-09 4.4448E-09 4.4509E-09 4.4597E-09 4.4672E-09 4.4639E-09 4.4640E-09 4.4554E-09 4.4383E-09 4.4164E-09 4.3899E-09 4.4064E-09 4.6858E-09 4.9720E-09 4.7394E-09 4.5622E-09 4.3983E-09 4.2714E-09 4.0731E-09 3.8844E-09 3.8110E-09 3.7229E-09 3.6674E-09 3.5986E-09 3.5398E-09 3.0576E-09 2.9445E-09 2.8486E-09 2.7420E-09 2.6016E-09 2.5259E-09 2.4588E-09 2.3913E-09 2.3075E-09 2.2227E-09 2.1809E-09 2.1427E-09 2.0913E-09 2.0557E-09 2.0210E-09 1.9800E-09 1.9400E-09 1.9008E-09 1.8694E-09
4.5937E-09 4.5996E-09 4.6057E-09 4.6136E-09 4.6167E-09 4.6181E-09 4.6270E-09 4.6300E-09 4.6311E-09 4.6377E-09 4.6373E-09 4.6351E-09 4.6503E-09 4.6732E-09 4.6846E-09 4.6944E-09 4.7110E-09 4.7243E-09 4.7231E-09 4.7166E-09 4.7043E-09 4.6843E-09 4.6680E-09 4.6402E-09 4.6091E-09 4.6642E-09 5.4648E-09 5.2437E-09 5.0158E-09 4.8435E-09 4.6640E-09 4.4446E-09 4.2321E-09 4.1622E-09 4.0508E-09 3.9652E-09 3.8927E-09 3.8045E-09 3.7095E-09 3.6148E-09 3.5020E-09 2.8804E-09 2.7638E-09 2.6270E-09 2.5262E-09 2.4548E-09 2.3826E-09 2.3102E-09 2.2071E-09 2.1652E-09 2.1270E-09 2.0755E-09 2.0400E-09 2.0055E-09 1.9644E-09 1.9245E-09 1.8852E-09
4.7994E-09 4.8048E-09 4.8159E-09 4.8232E-09 4.8301E-09 4.8468E-09 4.8532E-09 4.8539E-09 4.8641E-09 4.8767E-09 4.8845E-09 4.8869E-09 4.9038E-09 4.9293E-09 4.9495E-09 4.9767E-09 4.9938E-09 4.9997E-09 5.0001E-09 4.9990E-09 4.9944E-09 4.9758E-09 4.9479E-09 4.9135E-09 4.8744E-09 4.9125E-09 5.4030E-09 5.8271E-09 5.5767E-09 5.3272E-09 5.1320E-09 4.9256E-09 4.8947E-09 4.5891E-09 4.4436E-09 4.3256E-09 4.2136E-09 4.1068E-09 3.9853E-09 3.8570E-09 3.7302E-09 3.5855E-09 3.4593E-09 2.7887E-09 2.6530E-09 2.5207E-09 2.4489E-09 2.3698E-09 2.3004E-09 2.1900E-09 2.1480E-09 2.1101E-09 2.0589E-09 2.0235E-09 1.9890E-09 1.9480E-09 1.9080E-09
5.0104E-09 5.0247E-09 5.0404E-09 5.0524E-09 5.0656E-09 5.0814E-09 5.0921E-09 5.1102E-09 5.1205E-09 5.1390E-09 5.1465E-09 5.1545E-09 5.1976E-09 5.2274E-09 5.2521E-09 5.2718E-09 5.2949E-09 5.3098E-09 5.3214E-09 5.3188E-09 5.3076E-09 5.2878E-09 5.2582E-09 5.2198E-09 5.1837E-09 5.2288E-09 5.8776E-09 6.4214E-09 6.1476E-09 5.9362E-09 5.6603E-09 5.4272E-09 5.4412E-09 5.3897E-09 5.2818E-09 5.2131E-09 5.1240E-09 5.0140E-09 4.2994E-09 4.1373E-09 3.9710E-09 3.8143E-09 3.6480E-09 3.4937E-09 3.3479E-09 2.6656E-09 2.5101E-09 2.4361E-09 2.3530E-09 2.2822E-09 2.1720E-09 2.1298E-09 2.0924E-09 2.0414E-09 2.0061E-09 1.9717E-09 1.9308E-09
5.2343E-09 5.2543E-09 5.2763E-09 5.2992E-09 5.3156E-09 5.3362E-09 5.3563E-09 5.3740E-09 5.4041E-09 5.4141E-09 5.4268E-09 5.4658E-09 5.5098E-09 5.5390E-09 5.5691E-09 5.6032E-09 5.6397E-09 5.6567E-09 5.6661E-09 5.6663E-09 5.6604E-09 5.6520E-09 5.6231E-09 5.5835E-09 5.5333E-09 5.4790E-09 5.5626E-09 6.3383E-09 6.8853E-09 6.5671E-09 6.2882E-09 6.2669E-09 6.1716E-09 6.0306E-09 5.9287E-09 5.7792E-09 5.6570E-09 5.4967E-09 5.3096E-09 5.1184E-09 4.2513E-09 4.0494E-09 3.8689E-09 3.6824E-09 3.5144E-09 3.3595E-09 3.2072E-09 2.4924E-09 2.4179E-09 2.3351E-09 2.2567E-09 2.1520E-09 2.1111E-09 2.0740E-09 2.0231E-09 1.9880E-09 1.9536E-09
5.4803E-09 5.5053E-09 5.5328E-09 5.5558E-09 5.5849E-09 5.6145E-09 5.6397E-09 5.6639E-09 5.6946E-09 5.7177E-09 5.7499E-09 5.7951E-09 5.8395E-09 5.8756E-09 5.9298E-09 5.9771E-09 6.0077E-09 6.0316E-09 6.0535E-09 6.0677E-09 6.0637E-09 6.0467E-09 6.0181E-09 5.9764E-09 5.9230E-09 5.8610E-09 5.9427E-09 6.9003E-09 7.6752E-09 7.3311E-09 7.0253E-09 7.0731E-09 6.9738E-09 6.8228E-09 6.6704E-09 6.4668E-09 6.2648E-09 6.0446E-09 5.7903E-09 5.5266E-09 5.2726E-09 5.0078E-09 4.0998E-09 3.8971E-09 3.7000E-09 3.5269E-09 3.3591E-09 3.1976E-09 2.4710E-09 2.3955E-09 2.3129E-09 2.2248E-09 2.1304E-09 2.0917E-09 2.0547E-09 2.0040E-09 1.9691E-09
5.7318E-09 5.7725E-09 5.8032E-09 5.8316E-09 5.8708E-09 5.9036E-09 5.9423E-09 5.9795E-09 6.0083E-09 6.0464E-09 6.0794E-09 6.1495E-09 6.1995E-09 6.2645E-09 6.3151E-09 6.3701E-09 6.4141E-09 6.4589E-09 6.4848E-09 6.4990E-09 6.5001E-09 6.4868E-09 6.4592E-09 6.4231E-09 6.3824E-09 6.3160E-09 6.2567E-09 7.5824E-09 8.5741E-09 8.2429E-09 8.1058E-09 8.0675E-09 7.9264E-09 7.7602E-09 7.5158E-09 7.2787E-09 6.9427E-09 6.6595E-09 6.3446E-09 6.0102E-09 5.6759E-09 5.3647E-09 5.0706E-09 4.8015E-09 3.9076E-09 3.6990E-09 3.5200E-09 3.3355E-09 3.1706E-09 2.4491E-09 2.3701E-09 2.2870E-09 2.1859E-09 2.1092E-09 2.0715E-09 2.0199E-09 1.9843E-09
6.0006E-09 6.0464E-09 6.0848E-09 6.1286E-09 6.1733E-09 6.2160E-09 6.2565E-09 6.3067E-09 6.3515E-09 6.3889E-09 6.4499E-09 6.5254E-09 6.5981E-09 6.6641E-09 6.7390E-09 6.8089E-09 6.8667E-09 6.9140E-09 6.9504E-09 6.9737E-09 6.9821E-09 6.9844E-09 6.9728E-09 6.9359E-09 6.8823E-09 6.8136E-09 6.7363E-09 6.8826E-09 8.2086E-09 9.2246E-09 9.2158E-09 9.1624E-09 9.0711E-09 8.8421E-09 8.4976E-09 8.1522E-09 7.7630E-09 7.3385E-09 6.9470E-09 6.5450E-09 6.1418E-09 5.7665E-09 5.4341E-09 5.1105E-09 4.8231E-09 3.9074E-09 3.6815E-09 3.4979E-09 3.3082E-09 3.1272E-09 2.4210E-09 2.3412E-09 2.2578E-09 2.1395E-09 2.0880E-09 2.0506E-09 1.9993E-09
6.2919E-09 6.3353E-09 6.3869E-09 6.4382E-09 6.4950E-09 6.5454E-09 6.5913E-09 6.6573E-09 6.7091E-09 6.7634E-09 6.8510E-09 6.9387E-09 7.0120E-09 7.1028E-09 7.2015E-09 7.2778E-09 7.3480E-09 7.4093E-09 7.4587E-09 7.4984E-09 7.5340E-09 7.5397E-09 7.5264E-09 7.4945E-09 7.4427E-09 7.3934E-09 7.3099E-09 7.4678E-09 9.0373E-09 1.0333E-08 1.0579E-08 1.0491E-08 1.0384E-08 1.0067E-08 9.6216E-09 9.1399E-09 8.6561E-09 8.1095E-09 7.6025E-09 7.1261E-09 6.6527E-09 6.2151E-09 5.8147E-09 5.4672E-09 5.1387E-09 4.8185E-09 4.5381E-09 3.6485E-09 3.4612E-09 3.2701E-09 3.0689E-09 2.3879E-09 2.3095E-09 2.2211E-09 2.1084E-09 2.0662E-09 2.0292E-09
6.5841E-09 6.6433E-09 6.7013E-09 6.7636E-09 6.8246E-09 6.8868E-09 6.9628E-09 7.0202E-09 7.0833E-09 7.1607E-09 7.2735E-09 7.3669E-09 7.4688E-09 7.5780E-09 7.6859E-09 7.7799E-09 7.8676E-09 7.9454E-09 8.0245E-09 8.0847E-09 8.1226E-09 8.1411E-09 8.1506E-09 8.1423E-09 8.1012E-09 8.0385E-09 7.9552E-09 7.8685E-09 8.1282E-09 1.1126E-08 1.2166E-08 1.2046E-08 1.1871E-08 1.1500E-08 1.0945E-08 1.0273E-08 9.6356E-09 9.0116E-09 8.3563E-09 7.7657E-09 7.2177E-09 6.7007E-09 6.2426E-09 5.8312E-09 5.4640E-09 5.1115E-09 4.7907E-09 4.4914E-09 3.6019E-09 3.4035E-09 3.2216E-09 3.0137E-09 2.3516E-09 2.2743E-09 2.1608E-09 2.0818E-09 2.0440E-09
