Assets/Resources/2015_m01_d15_0500(utc+0800)_l00_csi_1hr_conc.grd
DSAA
         159         159
     -79.000      79.000
     -79.000      79.000
  0.0000E+00  0.4561E-05
[rows 25 to 49 of 159, columns 57 to 113 of 159]
3.6100E-09 3.6763E-09 3.7440E-09 3.8088E-09 3.8755E-09 3.9408E-09 4.0042E-09 4.0680E-09 4.1323E-09 4.1932E-09 4.2542E-09 4.3151E-09 4.3720E-09 4.4271E-09 4.4829E-09 4.5353E-09 4.5841E-09 4.6315E-09 4.6774E-09 4.7179E-09 4.7552E-09 4.7903E-09 4.8230E-09 4.8493E-09 4.8714E-09 4.8891E-09 4.9054E-09 4.9155E-09 4.9194E-09 4.9184E-09 4.9143E-09 4.9053E-09 4.8911E-09 4.8698E-09 4.8455E-09 4.8199E-09 4.7900E-09 4.7491E-09 4.7031E-09 4.6622E-09 4.6174E-09 4.5610E-09 4.5024E-09 4.4424E-09 4.3815E-09 4.3079E-09 4.2311E-09 4.1511E-09 4.0682E-09 3.9827E-09 3.8950E-09 3.8055E-09 3.7143E-09 3.6218E-09 3.5281E-09 3.4337E-09 3.3387E-09
3.5784E-09 3.6480E-09 3.7135E-09 3.7811E-09 3.8474E-09 3.9123E-09 3.9779E-09 4.0442E-09 4.1073E-09 4.1706E-09 4.2342E-09 4.2942E-09 4.3526E-09 4.4131E-09 4.4683E-09 4.5214E-09 4.5749E-09 4.6246E-09 4.6704E-09 4.7131E-09 4.7554E-09 4.7931E-09 4.8258E-09 4.8545E-09 4.8806E-09 4.9040E-09 4.9203E-09 4.9318E-09 4.9404E-09 4.9442E-09 4.9429E-09 4.9348E-09 4.9236E-09 4.9109E-09 4.8937E-09 4.8655E-09 4.8321E-09 4.7935E-09 4.7527E-09 4.7174E-09 4.6755E-09 4.6258E-09 4.5776E-09 4.5141E-09 4.4458E-09 4.3737E-09 4.2981E-09 4.2228E-09 4.1411E-09 4.0566E-09 3.9739E-09 3.8862E-09 3.7963E-09 3.7078E-09 3.6149E-09 3.5208E-09 3.4259E-09
3.5503E-09 3.6163E-09 3.6834E-09 3.7518E-09 3.8176E-09 3.8844E-09 3.9521E-09 4.0169E-09 4.0821E-09 4.1480E-09 4.2105E-09 4.2731E-09 4.3358E-09 4.3944E-09 4.4513E-09 4.5088E-09 4.5631E-09 4.6136E-09 4.6628E-09 4.7104E-09 4.7526E-09 4.7914E-09 4.8266E-09 4.8610E-09 4.8899E-09 4.9132E-09 4.9321E-09 4.9502E-09 4.9617E-09 4.9665E-09 4.9684E-09 4.9682E-09 4.9648E-09 4.9501E-09 4.9298E-09 4.9069E-09 4.8787E-09 4.8454E-09 4.8045E-09 4.7742E-09 4.7435E-09 4.6928E-09 4.6377E-09 4.5774E-09 4.5148E-09 4.4480E-09 4.3742E-09 4.3002E-09 4.2223E-09 4.1444E-09 4.0605E-09 3.9741E-09 3.8852E-09 3.7943E-09 3.7014E-09 3.6070E-09 3.5114E-09
3.5177E-09 3.5839E-09 3.6539E-09 3.7204E-09 3.7878E-09 3.8566E-09 3.9228E-09 3.9897E-09 4.0575E-09 4.1221E-09 4.1870E-09 4.2523E-09 4.3140E-09 4.3741E-09 4.4365E-09 4.4934E-09 4.5483E-09 4.6023E-09 4.6551E-09 4.7026E-09 4.7470E-09 4.7896E-09 4.8303E-09 4.8644E-09 4.8945E-09 4.9224E-09 4.9478E-09 4.9653E-09 4.9779E-09 4.9898E-09 5.0013E-09 5.0009E-09 4.9942E-09 4.9821E-09 4.9701E-09 4.9501E-09 4.9223E-09 4.8938E-09 4.8662E-09 4.8356E-09 4.7986E-09 4.7546E-09 4.7056E-09 4.6520E-09 4.5890E-09 4.5210E-09 4.4567E-09 4.3868E-09 4.3100E-09 4.2291E-09 4.1447E-09 4.0576E-09 3.9728E-09 3.8815E-09 3.7883E-09 3.6936E-09 3.6020E-09
3.4843E-09 3.5545E-09 3.6213E-09 3.6882E-09 3.7589E-09 3.8259E-09 3.8927E-09 3.9631E-09 4.0293E-09 4.0948E-09 4.1635E-09 4.2277E-09 4.2908E-09 4.3565E-09 4.4170E-09 4.4756E-09 4.5337E-09 4.5911E-09 4.6434E-09 4.6930E-09 4.7425E-09 4.7876E-09 4.8280E-09 4.8647E-09 4.9014E-09 4.9322E-09 4.9569E-09 4.9801E-09 5.0010E-09 5.0172E-09 5.0243E-09 5.0257E-09 5.0248E-09 5.0212E-09 5.0073E-09 4.9970E-09 4.9780E-09 4.9490E-09 4.9146E-09 4.8910E-09 4.8611E-09 4.8207E-09 4.7717E-09 4.7180E-09 4.6687E-09 4.6096E-09 4.5407E-09 4.4723E-09 4.3960E-09 4.3205E-09 4.2377E-09 4.1560E-09 4.0679E-09 3.9775E-09 3.8849E-09 3.7905E-09 3.6947E-09
3.4542E-09 3.5210E-09 3.5881E-09 3.6591E-09 3.7267E-09 3.7941E-09 3.8654E-09 3.9330E-09 4.0001E-09 4.0707E-09 4.1369E-09 4.2022E-09 4.2706E-09 4.3340E-09 4.3960E-09 4.4589E-09 4.5189E-09 4.5756E-09 4.6300E-09 4.6847E-09 4.7353E-09 4.7814E-09 4.8261E-09 4.8692E-09 4.9050E-09 4.9366E-09 4.9696E-09 4.9986E-09 5.0204E-09 5.0352E-09 5.0477E-09 5.0552E-09 5.0575E-09 5.0608E-09 5.0557E-09 5.0407E-09 5.0201E-09 5.0012E-09 4.9736E-09 4.9507E-09 4.9216E-09 4.8817E-09 4.8469E-09 4.8030E-09 4.7531E-09 4.6919E-09 4.6301E-09 4.5641E-09 4.4904E-09 4.4129E-09 4.3319E-09 4.2477E-09 4.1607E-09 4.0710E-09 3.9847E-09 3.8907E-09 3.7950E-09
3.4200E-09 3.4868E-09 3.5578E-09 3.6258E-09 3.6937E-09 3.7656E-09 3.8340E-09 3.9021E-09 3.9740E-09 4.0418E-09 4.1089E-09 4.1793E-09 4.2453E-09 4.3101E-09 4.3764E-09 4.4400E-09 4.5005E-09 4.5589E-09 4.6196E-09 4.6738E-09 4.7251E-09 4.7753E-09 4.8244E-09 4.8666E-09 4.9050E-09 4.9457E-09 4.9822E-09 5.0111E-09 5.0336E-09 5.0568E-09 5.0726E-09 5.0884E-09 5.0976E-09 5.0969E-09 5.0907E-09 5.0828E-09 5.0728E-09 5.0511E-09 5.0239E-09 5.0048E-09 4.9907E-09 4.9615E-09 4.9262E-09 4.8851E-09 4.8390E-09 4.7830E-09 4.7210E-09 4.6559E-09 4.5871E-09 4.5200E-09 4.4391E-09 4.3633E-09 4.2791E-09 4.1967E-09 4.0972E-09 4.0041E-09 3.9089E-09
3.3853E-09 3.4548E-09 3.5238E-09 3.5919E-09 3.6639E-09 3.7327E-09 3.8015E-09 3.8742E-09 3.9432E-09 4.0120E-09 4.0841E-09 4.1521E-09 4.2191E-09 4.2880E-09 4.3545E-09 4.4183E-09 4.4803E-09 4.5450E-09 4.6035E-09 4.6597E-09 4.7152E-09 4.7700E-09 4.8179E-09 4.8625E-09 4.9121E-09 4.9537E-09 4.9894E-09 5.0193E-09 5.0506E-09 5.0801E-09 5.1031E-09 5.1175E-09 5.1253E-09 5.1315E-09 5.1327E-09 5.1287E-09 5.1161E-09 5.0979E-09 5.0857E-09 5.0784E-09 5.0635E-09 5.0378E-09 5.0074E-09 4.9694E-09 4.9279E-09 4.8825E-09 4.8354E-09 4.7776E-09 4.7207E-09 4.6581E-09 4.5858E-09 4.5085E-09 4.4270E-09 4.3543E-09 4.2662E-09 4.1750E-09 4.0930E-09
3.3502E-09 3.4211E-09 3.4890E-09 3.5585E-09 3.6300E-09 3.6993E-09 3.7724E-09 3.8422E-09 3.9119E-09 3.9852E-09 4.0547E-09 4.1236E-09 4.1930E-09 4.2633E-09 4.3300E-09 4.3953E-09 4.4635E-09 4.5259E-09 4.5862E-09 4.6482E-09 4.7061E-09 4.7593E-09 4.8118E-09 4.8654E-09 4.9136E-09 4.9561E-09 4.9961E-09 5.0375E-09 5.0723E-09 5.1016E-09 5.1238E-09 5.1403E-09 5.1588E-09 5.1692E-09 5.1714E-09 5.1682E-09 5.1706E-09 5.1638E-09 5.1564E-09 5.1541E-09 5.1397E-09 5.1206E-09 5.0984E-09 5.0722E-09 5.0475E-09 5.0174E-09 4.9792E-09 4.9271E-09 4.8700E-09 4.8078E-09 4.7449E-09 4.6843E-09 4.6074E-09 4.5237E-09 4.4385E-09 4.3497E-09 4.2574E-09
3.3185E-09 3.3860E-09 3.4539E-09 3.5264E-09 3.5956E-09 3.6651E-09 3.7390E-09 3.8092E-09 3.8821E-09 3.9540E-09 4.0243E-09 4.0942E-09 4.1678E-09 4.2366E-09 4.3045E-09 4.3756E-09 4.4413E-09 4.5051E-09 4.5710E-09 4.6333E-09 4.6916E-09 4.7494E-09 4.8085E-09 4.8627E-09 4.9115E-09 4.9588E-09 5.0076E-09 5.0502E-09 5.0870E-09 5.1169E-09 5.1455E-09 5.1696E-09 5.1892E-09 5.2005E-09 5.2174E-09 5.2254E-09 5.2273E-09 5.2246E-09 5.2268E-09 5.2347E-09 5.2292E-09 5.2237E-09 5.2196E-09 5.2076E-09 5.1885E-09 5.1579E-09 5.1198E-09 5.0850E-09 5.0425E-09 4.9945E-09 4.9312E-09 4.8628E-09 4.7897E-09 4.7260E-09 4.6569E-09 4.5714E-09 4.4817E-09
3.2830E-09 3.3504E-09 3.4222E-09 3.4911E-09 3.5605E-09 3.6345E-09 3.7051E-09 3.7758E-09 3.8508E-09 3.9221E-09 3.9931E-09 4.0681E-09 4.1387E-09 4.2085E-09 4.2819E-09 4.3505E-09 4.4176E-09 4.4852E-09 4.5532E-09 4.6155E-09 4.6779E-09 4.7417E-09 4.8015E-09 4.8562E-09 4.9125E-09 4.9659E-09 5.0157E-09 5.0597E-09 5.0971E-09 5.1339E-09 5.1699E-09 5.1989E-09 5.2256E-09 5.2483E-09 5.2604E-09 5.2774E-09 5.2893E-09 5.3034E-09 5.3191E-09 5.3368E-09 5.3462E-09 5.3514E-09 5.3513E-09 5.3376E-09 5.3156E-09 5.3002E-09 5.2791E-09 5.2507E-09 5.2036E-09 5.1509E-09 5.1072E-09 5.0576E-09 5.0023E-09 4.9305E-09 4.8535E-09 4.7713E-09 4.6840E-09
3.2472E-09 3.3157E-09 3.3867E-09 3.4557E-09 3.5292E-09 3.5997E-09 3.6706E-09 3.7458E-09 3.8175E-09 3.8892E-09 3.9652E-09 4.0372E-09 4.1088E-09 4.1826E-09 4.2546E-09 4.3243E-09 4.3946E-09 4.4659E-09 4.5318E-09 4.5982E-09 4.6663E-09 4.7309E-09 4.7912E-09 4.8532E-09 4.9128E-09 4.9692E-09 5.0199E-09 5.0646E-09 5.1126E-09 5.1560E-09 5.1955E-09 5.2321E-09 5.2593E-09 5.2860E-09 5.3127E-09 5.3472E-09 5.3874E-09 5.4130E-09 5.4358E-09 5.4536E-09 5.4653E-09 5.4654E-09 5.4624E-09 5.4680E-09 5.4796E-09 5.4624E-09 5.4383E-09 5.4215E-09 5.3959E-09 5.3638E-09 5.3149E-09 5.2599E-09 5.1990E-09 5.1319E-09 5.0741E-09 4.9962E-09 4.9267E-09
3.2112E-09 3.2825E-09 3.3508E-09 3.4198E-09 3.4937E-09 3.5643E-09 3.6395E-09 3.7115E-09 3.7837E-09 3.8600E-09 3.9328E-09 4.0055E-09 4.0777E-09 4.1542E-09 4.2258E-09 4.2967E-09 4.3726E-09 4.4417E-09 4.5092E-09 4.5830E-09 4.6514E-09 4.7169E-09 4.7839E-09 4.8491E-09 4.9115E-09 4.9685E-09 5.0201E-09 5.0763E-09 5.1291E-09 5.1783E-09 5.2210E-09 5.2566E-09 5.2950E-09 5.3467E-09 5.4025E-09 5.4461E-09 5.4814E-09 5.5137E-09 5.5421E-09 5.5550E-09 5.5661E-09 5.5872E-09 5.6067E-09 5.6227E-09 5.6219E-09 5.6285E-09 5.6277E-09 5.6208E-09 5.5946E-09 5.5596E-09 5.5182E-09 5.4856E-09 5.4461E-09 5.3870E-09 5.3344E-09 5.2626E-09 5.1838E-09
3.1787E-09 3.2464E-09 3.3147E-09 3.3878E-09 3.4580E-09 3.5287E-09 3.6044E-09 3.6766E-09 3.7490E-09 3.8261E-09 3.8996E-09 3.9729E-09 4.0506E-09 4.1237E-09 4.1963E-09 4.2742E-09 4.3457E-09 4.4161E-09 4.4926E-09 4.5642E-09 4.6343E-09 4.7058E-09 4.7758E-09 4.8435E-09 4.9067E-09 4.9646E-09 5.0280E-09 5.0892E-09 5.1455E-09 5.1953E-09 5.2400E-09 5.3006E-09 5.3715E-09 5.4322E-09 5.4859E-09 5.5292E-09 5.5746E-09 5.6090E-09 5.6343E-09 5.6550E-09 5.7002E-09 5.7320E-09 5.7503E-09 5.7792E-09 5.8036E-09 5.8225E-09 5.8224E-09 5.8147E-09 5.7994E-09 5.7901E-09 5.7736E-09 5.7499E-09 5.7065E-09 5.6555E-09 5.5968E-09 5.5303E-09 5.4558E-09
3.1428E-09 3.2103E-09 3.2823E-09 3.3517E-09 3.4218E-09 3.4968E-09 3.5688E-09 3.6413E-09 3.7184E-09 3.7920E-09 3.8658E-09 3.9440E-09 4.0183E-09 4.0921E-09 4.1715E-09 4.2451E-09 4.3178E-09 4.3963E-09 4.4703E-09 4.5444E-09 4.6175E-09 4.6943E-09 4.7667E-09 4.8352E-09 4.8987E-09 4.9681E-09 5.0364E-09 5.0995E-09 5.1564E-09 5.2143E-09 5.2941E-09 5.3731E-09 5.4458E-09 5.5085E-09 5.5660E-09 5.6231E-09 5.6668E-09 5.7064E-09 5.7548E-09 5.8116E-09 5.8435E-09 5.8747E-09 5.9171E-09 5.9703E-09 5.9956E-09 6.0141E-09 6.0250E-09 6.0429E-09 6.0808E-09 6.0725E-09 6.0878E-09 6.0680E-09 6.0354E-09 5.9923E-09 5.9400E-09 5.8891E-09 5.8191E-09
3.1068E-09 3.1740E-09 3.2462E-09 3.3156E-09 3.3882E-09 3.4610E-09 3.5330E-09 3.6096E-09 3.6832E-09 3.7572E-09 3.8356E-09 3.9105E-09 3.9854E-09 4.0639E-09 4.1408E-09 4.2155E-09 4.2961E-09 4.3716E-09 4.4486E-09 4.5224E-09 4.6049E-09 4.6810E-09 4.7545E-09 4.8229E-09 4.8978E-09 4.9721E-09 5.0415E-09 5.1069E-09 5.1776E-09 5.2728E-09 5.3764E-09 5.4731E-09 5.5589E-09 5.6413E-09 5.7258E-09 5.7933E-09 5.8550E-09 5.9384E-09 6.0094E-09 6.0646E-09 6.1142E-09 6.1888E-09 6.2462E-09 6.2849E-09 6.3156E-09 6.3666E-09 6.3940E-09 6.4113E-09 6.4438E-09 6.4428E-09 6.4372E-09 6.4274E-09 6.4158E-09 6.3818E-09 6.3373E-09 6.2819E-09 6.2157E-09
3.0708E-09 3.1417E-09 3.2100E-09 3.2793E-09 3.3535E-09 3.4249E-09 3.4970E-09 3.5741E-09 3.6479E-09 3.7222E-09 3.8016E-09 3.8771E-09 3.9526E-09 4.0342E-09 4.1100E-09 4.1854E-09 4.2684E-09 4.3475E-09 4.4243E-09 4.5089E-09 4.5881E-09 4.6658E-09 4.7389E-09 4.8147E-09 4.8974E-09 4.9722E-09 5.0465E-09 5.1375E-09 5.2615E-09 5.3876E-09 5.5017E-09 5.6021E-09 5.6988E-09 5.7951E-09 5.8803E-09 5.9692E-09 6.0863E-09 6.1894E-09 6.2751E-09 6.3649E-09 6.4580E-09 6.5209E-09 6.5939E-09 6.6476E-09 6.7275E-09 6.7851E-09 6.8373E-09 6.8791E-09 6.8883E-09 6.8846E-09 6.8802E-09 6.8650E-09 6.8419E-09 6.8112E-09 6.7737E-09 6.7238E-09 6.6847E-09
3.0349E-09 3.1058E-09 3.1740E-09 3.2457E-09 3.3177E-09 3.3892E-09 3.4656E-09 3.5391E-09 3.6132E-09 3.6922E-09 3.7677E-09 3.8433E-09 3.9252E-09 4.0019E-09 4.0784E-09 4.1618E-09 4.2416E-09 4.3217E-09 4.4078E-09 4.4890E-09 4.5700E-09 4.6471E-09 4.7230E-09 4.8127E-09 4.8938E-09 4.9857E-09 5.1023E-09 5.2476E-09 5.3915E-09 5.5115E-09 5.6193E-09 5.7348E-09 5.8593E-09 5.9837E-09 6.1133E-09 6.2799E-09 6.4061E-09 6.5191E-09 6.6463E-09 6.7536E-09 6.8401E-09 6.9182E-09 7.0066E-09 7.1044E-09 7.1702E-09 7.2280E-09 7.2768E-09 7.3149E-09 7.3522E-09 7.3678E-09 7.3634E-09 7.3455E-09 7.3095E-09 7.2662E-09 7.2235E-09 7.1916E-09 7.2566E-09
3.0021E-09 3.0706E-09 3.1387E-09 3.2120E-09 3.2826E-09 3.3539E-09 3.4306E-09 3.5041E-09 3.5781E-09 3.6577E-09 3.7334E-09 3.8095E-09 3.8924E-09 3.9695E-09 4.0532E-09 4.1328E-09 4.2144E-09 4.2943E-09 4.3847E-09 4.4681E-09 4.5486E-09 4.6274E-09 4.7197E-09 4.8133E-09 4.9260E-09 5.0612E-09 5.2169E-09 5.3705E-09 5.5046E-09 5.6398E-09 5.7850E-09 5.9486E-09 6.1166E-09 6.2841E-09 6.4803E-09 6.6266E-09 6.7617E-09 6.9168E-09 7.0545E-09 7.1727E-09 7.2818E-09 7.4109E-09 7.5197E-09 7.6114E-09 7.6811E-09 7.7396E-09 7.8089E-09 7.8444E-09 7.8766E-09 7.8975E-09 7.9047E-09 7.9016E-09 7.8720E-09 7.8204E-09 7.7647E-09 7.8404E-09 7.9281E-09
2.9691E-09 3.0359E-09 3.1064E-09 3.1772E-09 3.2475E-09 3.3230E-09 3.3958E-09 3.4693E-09 3.5481E-09 3.6235E-09 3.6993E-09 3.7816E-09 3.8589E-09 3.9363E-09 4.0218E-09 4.1040E-09 4.1853E-09 4.2759E-09 4.3611E-09 4.4449E-09 4.5257E-09 4.6226E-09 4.7291E-09 4.8591E-09 5.0067E-09 5.1652E-09 5.3410E-09 5.5002E-09 5.6582E-09 5.8295E-09 6.0348E-09 6.2317E-09 6.4244E-09 6.6430E-09 6.8237E-09 7.0009E-09 7.2000E-09 7.3779E-09 7.5331E-09 7.6757E-09 7.8380E-09 7.9768E-09 8.0912E-09 8.1973E-09 8.2839E-09 8.3724E-09 8.4319E-09 8.4599E-09 8.5115E-09 8.5240E-09 8.5206E-09 8.5220E-09 8.5010E-09 8.4902E-09 8.5510E-09 8.6092E-09 8.6273E-09
2.9350E-09 3.0017E-09 3.0736E-09 3.1429E-09 3.2131E-09 3.2887E-09 3.3613E-09 3.4360E-09 3.5136E-09 3.5889E-09 3.6685E-09 3.7476E-09 3.8251E-09 3.9097E-09 3.9909E-09 4.0740E-09 4.1642E-09 4.2498E-09 4.3359E-09 4.4186E-09 4.5101E-09 4.6395E-09 4.7818E-09 4.9358E-09 5.1074E-09 5.3071E-09 5.4861E-09 5.6664E-09 5.8661E-09 6.1106E-09 6.3517E-09 6.5828E-09 6.8485E-09 7.0771E-09 7.2928E-09 7.5246E-09 7.7375E-09 7.9294E-09 8.1098E-09 8.3217E-09 8.4821E-09 8.6278E-09 8.7574E-09 8.8830E-09 8.9885E-09 9.0768E-09 9.1557E-09 9.2261E-09 9.2544E-09 9.2717E-09 9.2988E-09 9.3442E-09 9.3572E-09 9.3892E-09 9.4707E-09 9.5167E-09 9.4900E-09
2.9018E-09 2.9706E-09 3.0399E-09 3.1088E-09 3.1815E-09 3.2543E-09 3.3267E-09 3.4044E-09 3.4791E-09 3.5543E-09 3.6363E-09 3.7135E-09 3.7909E-09 3.8773E-09 3.9602E-09 4.0428E-09 4.1361E-09 4.2227E-09 4.3077E-09 4.4034E-09 4.5416E-09 4.6910E-09 4.8522E-09 5.0419E-09 5.2612E-09 5.4548E-09 5.6592E-09 5.9018E-09 6.1931E-09 6.4715E-09 6.7380E-09 7.0197E-09 7.2813E-09 7.5304E-09 7.8039E-09 8.0621E-09 8.3002E-09 8.5272E-09 8.7855E-09 8.9914E-09 9.1807E-09 9.3522E-09 9.5171E-09 9.6530E-09 9.7748E-09 9.8805E-09 9.9690E-09 1.0044E-08 1.0096E-08 1.0128E-08 1.0201E-08 1.0251E-08 1.0283E-08 1.0399E-08 1.0467E-08 1.0497E-08 1.0487E-08
2.8698E-09 2.9387E-09 3.0063E-09 3.0750E-09 3.1491E-09 3.2204E-09 3.2924E-09 3.3702E-09 3.4446E-09 3.5233E-09 3.6017E-09 3.6786E-09 3.7630E-09 3.8444E-09 3.9277E-09 4.0195E-09 4.1064E-09 4.1935E-09 4.2922E-09 4.4355E-09 4.5896E-09 4.7591E-09 4.9636E-09 5.1839E-09 5.4077E-09 5.6464E-09 5.9343E-09 6.2642E-09 6.5659E-09 6.8506E-09 7.1340E-09 7.4655E-09 7.7639E-09 8.0757E-09 8.4009E-09 8.6944E-09 8.9771E-09 9.3034E-09 9.5748E-09 9.8148E-09 1.0043E-08 1.0240E-08 1.0414E-08 1.0563E-08 1.0691E-08 1.0801E-08 1.0895E-08 1.0978E-08 1.1068E-08 1.1155E-08 1.1190E-08 1.1220E-08 1.1333E-08 1.1474E-08 1.1542E-08 1.1580E-08 1.1596E-08
2.8399E-09 2.9060E-09 2.9732E-09 3.0457E-09 3.1156E-09 3.1863E-09 3.2625E-09 3.3356E-09 3.4095E-09 3.4903E-09 3.5663E-09 3.6451E-09 3.7289E-09 3.8114E-09 3.8948E-09 3.9886E-09 4.0761E-09 4.1756E-09 4.3104E-09 4.4790E-09 4.6549E-09 4.8706E-09 5.1021E-09 5.3492E-09 5.6222E-09 5.9499E-09 6.2857E-09 6.6164E-09 6.9324E-09 7.2606E-09 7.6402E-09 7.9929E-09 8.3492E-09 8.7838E-09 9.1642E-09 9.5144E-09 9.8936E-09 1.0219E-08 1.0523E-08 1.0812E-08 1.1065E-08 1.1290E-08 1.1485E-08 1.1649E-08 1.1781E-08 1.1890E-08 1.1994E-08 1.2121E-08 1.2209E-08 1.2261E-08 1.2297E-08 1.2399E-08 1.2567E-08 1.2668E-08 1.2731E-08 1.2773E-08 1.2780E-08
2.8077E-09 2.8746E-09 2.9428E-09 3.0124E-09 3.0816E-09 3.1533E-09 3.2279E-09 3.3006E-09 3.3760E-09 3.4550E-09 3.5308E-09 3.6141E-09 3.6949E-09 3.7778E-09 3.8702E-09 3.9571E-09 4.0555E-09 4.1873E-09 4.3584E-09 4.5396E-09 4.7608E-09 5.0058E-09 5.2712E-09 5.5799E-09 5.9320E-09 6.2821E-09 6.6369E-09 6.9918E-09 7.3662E-09 7.7963E-09 8.2077E-09 8.6281E-09 9.1618E-09 9.6043E-09 1.0033E-08 1.0494E-08 1.0927E-08 1.1321E-08 1.1682E-08 1.2001E-08 1.2284E-08 1.2529E-08 1.2737E-08 1.2909E-08 1.3047E-08 1.3188E-08 1.3336E-08 1.3432E-08 1.3492E-08 1.3528E-08 1.3601E-08 1.3794E-08 1.3949E-08 1.4029E-08 1.4081E-08 1.4105E-08 1.4094E-08
