Assets/Resources/2015_m01_d13_0200(utc+0800)_l00_csi_1hr_conc.grd
DSAA
         159         159
     -79.000      79.000
     -79.000      79.000
  0.0000E+00  0.2308E-05
[rows 75 to 99 of 159, columns 0 to 56 of 159]
5.4782E-09 5.8202E-09 6.1706E-09 6.5220E-09 6.8821E-09 7.2514E-09 7.6221E-09 7.9985E-09 8.3773E-09 8.7664E-09 9.1566E-09 9.5565E-09 9.9577E-09 1.0359E-08 1.0769E-08 1.1178E-08 1.1588E-08 1.2003E-08 1.2420E-08 1.2847E-08 1.3286E-08 1.3741E-08 1.4215E-08 1.4698E-08 1.5206E-08 1.5710E-08 1.6209E-08 1.6697E-08 1.7156E-08 1.7587E-08 1.7981E-08 1.8330E-08 1.8640E-08 1.8921E-08 1.9172E-08 1.9413E-08 1.9653E-08 1.9915E-08 2.0222E-08 2.0593E-08 2.1057E-08 2.1635E-08 2.2349E-08 2.3200E-08 2.4188E-08 2.5310E-08 2.6533E-08 2.7788E-08 2.9024E-08 3.0148E-08 3.1052E-08 3.1614E-08 3.1714E-08 3.1275E-08 3.0206E-08 2.8501E-08 2.6214E-08
5.3710E-09 5.6989E-09 6.0380E-09 6.3731E-09 6.7176E-09 7.0682E-09 7.4196E-09 7.7761E-09 8.1321E-09 8.4970E-09 8.8626E-09 9.2324E-09 9.6049E-09 9.9739E-09 1.0347E-08 1.0720E-08 1.1088E-08 1.1461E-08 1.1832E-08 1.2205E-08 1.2590E-08 1.2980E-08 1.3389E-08 1.3802E-08 1.4229E-08 1.4661E-08 1.5073E-08 1.5479E-08 1.5864E-08 1.6213E-08 1.6536E-08 1.6816E-08 1.7065E-08 1.7288E-08 1.7490E-08 1.7685E-08 1.7890E-08 1.8128E-08 1.8426E-08 1.8810E-08 1.9297E-08 1.9931E-08 2.0722E-08 2.1685E-08 2.2830E-08 2.4167E-08 2.5656E-08 2.7261E-08 2.8916E-08 3.0553E-08 3.2032E-08 3.3245E-08 3.4032E-08 3.4300E-08 3.3896E-08 3.2815E-08 3.1047E-08
5.2391E-09 5.5514E-09 5.8770E-09 6.1959E-09 6.5212E-09 6.8536E-09 7.1832E-09 7.5185E-09 7.8515E-09 8.1899E-09 8.5301E-09 8.8683E-09 9.2095E-09 9.5474E-09 9.8799E-09 1.0216E-08 1.0544E-08 1.0869E-08 1.1195E-08 1.1516E-08 1.1844E-08 1.2172E-08 1.2513E-08 1.2852E-08 1.3203E-08 1.3552E-08 1.3884E-08 1.4210E-08 1.4513E-08 1.4781E-08 1.5031E-08 1.5241E-08 1.5423E-08 1.5586E-08 1.5731E-08 1.5875E-08 1.6037E-08 1.6239E-08 1.6510E-08 1.6876E-08 1.7367E-08 1.8006E-08 1.8830E-08 1.9846E-08 2.1084E-08 2.2554E-08 2.4240E-08 2.6101E-08 2.8112E-08 3.0178E-08 3.2202E-08 3.4031E-08 3.5551E-08 3.6586E-08 3.7010E-08 3.6762E-08 3.5791E-08
5.0849E-09 5.3803E-09 5.6893E-09 5.9932E-09 6.2962E-09 6.6112E-09 6.9176E-09 7.2297E-09 7.5406E-09 7.8502E-09 8.1635E-09 8.4718E-09 8.7782E-09 9.0851E-09 9.3787E-09 9.6762E-09 9.9633E-09 1.0242E-08 1.0523E-08 1.0792E-08 1.1062E-08 1.1334E-08 1.1605E-08 1.1877E-08 1.2148E-08 1.2418E-08 1.2676E-08 1.2917E-08 1.3142E-08 1.3336E-08 1.3509E-08 1.3651E-08 1.3765E-08 1.3867E-08 1.3954E-08 1.4042E-08 1.4158E-08 1.4313E-08 1.4541E-08 1.4871E-08 1.5327E-08 1.5940E-08 1.6745E-08 1.7760E-08 1.9015E-08 2.0543E-08 2.2319E-08 2.4346E-08 2.6584E-08 2.8985E-08 3.1421E-08 3.3811E-08 3.5989E-08 3.7810E-08 3.9132E-08 3.9861E-08 3.9903E-08
4.9095E-09 5.1905E-09 5.4789E-09 5.7669E-09 6.0509E-09 6.3424E-09 6.6299E-09 6.9155E-09 7.2033E-09 7.4854E-09 7.7689E-09 8.0492E-09 8.3201E-09 8.5944E-09 8.8534E-09 9.1087E-09 9.3577E-09 9.5929E-09 9.8247E-09 1.0048E-08 1.0263E-08 1.0476E-08 1.0685E-08 1.0891E-08 1.1090E-08 1.1286E-08 1.1468E-08 1.1634E-08 1.1787E-08 1.1910E-08 1.2011E-08 1.2090E-08 1.2140E-08 1.2181E-08 1.2212E-08 1.2244E-08 1.2308E-08 1.2415E-08 1.2590E-08 1.2862E-08 1.3260E-08 1.3813E-08 1.4558E-08 1.5515E-08 1.6722E-08 1.8221E-08 1.9994E-08 2.2063E-08 2.4405E-08 2.6974E-08 2.9692E-08 3.2477E-08 3.5193E-08 3.7706E-08 3.9879E-08 4.1605E-08 4.2752E-08
4.7152E-09 4.9812E-09 5.2493E-09 5.5203E-09 5.7851E-09 6.0536E-09 6.3207E-09 6.5820E-09 6.8443E-09 7.1020E-09 7.3540E-09 7.6060E-09 7.8467E-09 8.0825E-09 8.3115E-09 8.5253E-09 8.7355E-09 8.9321E-09 9.1155E-09 9.2962E-09 9.4591E-09 9.6179E-09 9.7703E-09 9.9138E-09 1.0049E-08 1.0176E-08 1.0292E-08 1.0390E-08 1.0473E-08 1.0535E-08 1.0571E-08 1.0592E-08 1.0587E-08 1.0570E-08 1.0550E-08 1.0529E-08 1.0541E-08 1.0594E-08 1.0711E-08 1.0919E-08 1.1241E-08 1.1708E-08 1.2362E-08 1.3218E-08 1.4325E-08 1.5714E-08 1.7396E-08 1.9385E-08 2.1690E-08 2.4266E-08 2.7090E-08 3.0074E-08 3.3131E-08 3.6133E-08 3.8994E-08 4.1572E-08 4.3752E-08
4.5040E-09 4.7566E-09 5.0069E-09 5.2556E-09 5.5047E-09 5.7497E-09 5.9953E-09 6.2344E-09 6.4701E-09 6.7031E-09 6.9259E-09 7.1471E-09 7.3609E-09 7.5591E-09 7.7589E-09 7.9383E-09 8.1063E-09 8.2687E-09 8.4102E-09 8.5433E-09 8.6641E-09 8.7714E-09 8.8710E-09 8.9625E-09 9.0417E-09 9.1084E-09 9.1658E-09 9.2050E-09 9.2286E-09 9.2356E-09 9.2181E-09 9.1868E-09 9.1354E-09 9.0682E-09 9.0015E-09 8.9387E-09 8.8966E-09 8.9005E-09 8.9565E-09 9.0983E-09 9.3363E-09 9.7069E-09 1.0247E-08 1.0978E-08 1.1936E-08 1.3167E-08 1.4673E-08 1.6489E-08 1.8620E-08 2.1064E-08 2.3796E-08 2.6773E-08 2.9917E-08 3.3151E-08 3.6416E-08 3.9573E-08 4.2495E-08
4.2804E-09 4.5175E-09 4.7517E-09 4.9792E-09 5.2093E-09 5.4359E-09 5.6561E-09 5.8762E-09 6.0856E-09 6.2932E-09 6.4927E-09 6.6817E-09 6.8681E-09 7.0375E-09 7.1997E-09 7.3523E-09 7.4842E-09 7.6078E-09 7.7185E-09 7.8054E-09 7.8864E-09 7.9522E-09 8.0039E-09 8.0473E-09 8.0798E-09 8.0986E-09 8.1050E-09 8.0965E-09 8.0700E-09 8.0310E-09 7.9705E-09 7.8935E-09 7.8046E-09 7.6991E-09 7.5919E-09 7.4940E-09 7.4101E-09 7.3639E-09 7.3669E-09 7.4429E-09 7.6024E-09 7.8761E-09 8.2959E-09 8.8875E-09 9.6753E-09 1.0714E-08 1.1989E-08 1.3557E-08 1.5424E-08 1.7605E-08 2.0089E-08 2.2848E-08 2.5833E-08 2.9018E-08 3.2353E-08 3.5698E-08 3.8979E-08
4.0507E-09 4.2665E-09 4.4865E-09 4.6966E-09 4.9044E-09 5.1138E-09 5.3130E-09 5.5091E-09 5.6985E-09 5.8799E-09 6.0553E-09 6.2182E-09 6.3739E-09 6.5189E-09 6.6462E-09 6.7694E-09 6.8760E-09 6.9596E-09 7.0397E-09 7.0965E-09 7.1349E-09 7.1659E-09 7.1801E-09 7.1810E-09 7.1744E-09 7.1520E-09 7.1163E-09 7.0714E-09 7.0101E-09 6.9320E-09 6.8388E-09 6.7273E-09 6.6076E-09 6.4760E-09 6.3374E-09 6.2114E-09 6.0957E-09 6.0107E-09 5.9674E-09 5.9842E-09 6.0751E-09 6.2554E-09 6.5699E-09 7.0143E-09 7.6336E-09 8.4552E-09 9.4874E-09 1.0759E-08 1.2316E-08 1.4147E-08 1.6261E-08 1.8644E-08 2.1279E-08 2.4155E-08 2.7234E-08 3.0397E-08 3.3566E-08
3.8145E-09 4.0113E-09 4.2115E-09 4.4086E-09 4.5960E-09 4.7840E-09 4.9672E-09 5.1392E-09 5.3094E-09 5.4674E-09 5.6188E-09 5.7613E-09 5.8866E-09 6.0086E-09 6.1126E-09 6.1975E-09 6.2817E-09 6.3408E-09 6.3830E-09 6.4166E-09 6.4251E-09 6.4188E-09 6.4068E-09 6.3747E-09 6.3306E-09 6.2808E-09 6.2137E-09 6.1355E-09 6.0450E-09 5.9408E-09 5.8251E-09 5.6945E-09 5.5506E-09 5.4002E-09 5.2435E-09 5.0966E-09 4.9608E-09 4.8487E-09 4.7745E-09 4.7435E-09 4.7717E-09 4.8774E-09 5.0899E-09 5.4065E-09 5.8618E-09 6.4780E-09 7.2576E-09 8.2452E-09 9.4677E-09 1.0914E-08 1.2596E-08 1.4519E-08 1.6683E-08 1.9067E-08 2.1650E-08 2.4338E-08 2.7058E-08
3.5716E-09 3.7554E-09 3.9331E-09 4.1156E-09 4.2886E-09 4.4529E-09 4.6191E-09 4.7743E-09 4.9201E-09 5.0618E-09 5.1880E-09 5.3100E-09 5.4161E-09 5.5077E-09 5.5930E-09 5.6601E-09 5.7064E-09 5.7500E-09 5.7650E-09 5.7645E-09 5.7593E-09 5.7265E-09 5.6810E-09 5.6316E-09 5.5633E-09 5.4845E-09 5.3979E-09 5.2973E-09 5.1863E-09 5.0622E-09 4.9274E-09 4.7813E-09 4.6264E-09 4.4679E-09 4.3089E-09 4.1475E-09 4.0028E-09 3.8736E-09 3.7738E-09 3.7119E-09 3.6963E-09 3.7415E-09 3.8664E-09 4.0784E-09 4.3838E-09 4.8136E-09 5.3727E-09 6.1008E-09 7.0003E-09 8.0707E-09 9.3218E-09 1.0777E-08 1.2423E-08 1.4238E-08 1.6210E-08 1.8277E-08 2.0353E-08
3.3249E-09 3.4975E-09 3.6605E-09 3.8196E-09 3.9817E-09 4.1303E-09 4.2713E-09 4.4140E-09 4.5412E-09 4.6601E-09 4.7726E-09 4.8693E-09 4.9577E-09 5.0320E-09 5.0892E-09 5.1415E-09 5.1701E-09 5.1831E-09 5.1895E-09 5.1656E-09 5.1274E-09 5.0860E-09 5.0220E-09 4.9458E-09 4.8681E-09 4.7723E-09 4.6663E-09 4.5552E-09 4.4310E-09 4.2963E-09 4.1507E-09 3.9979E-09 3.8362E-09 3.6711E-09 3.5047E-09 3.3477E-09 3.2000E-09 3.0687E-09 2.9586E-09 2.8736E-09 2.8260E-09 2.8230E-09 2.8865E-09 2.9997E-09 3.1902E-09 3.4710E-09 3.8533E-09 4.3552E-09 4.9713E-09 5.7117E-09 6.5833E-09 7.6079E-09 8.7707E-09 1.0044E-08 1.1402E-08 1.2861E-08 1.4302E-08
3.0847E-09 3.2366E-09 3.3904E-09 3.5331E-09 3.6729E-09 3.8125E-09 3.9373E-09 4.0555E-09 4.1731E-09 4.2731E-09 4.3663E-09 4.4486E-09 4.5156E-09 4.5744E-09 4.6163E-09 4.6431E-09 4.6620E-09 4.6594E-09 4.6375E-09 4.6137E-09 4.5602E-09 4.4927E-09 4.4256E-09 4.3365E-09 4.2377E-09 4.1380E-09 4.0253E-09 3.9013E-09 3.7722E-09 3.6341E-09 3.4877E-09 3.3323E-09 3.1714E-09 3.0056E-09 2.8440E-09 2.6853E-09 2.5382E-09 2.4052E-09 2.2873E-09 2.1940E-09 2.1282E-09 2.0946E-09 2.1005E-09 2.1560E-09 2.2562E-09 2.4272E-09 2.6689E-09 2.9864E-09 3.3756E-09 3.8525E-09 4.4277E-09 5.1087E-09 5.8436E-09 6.6717E-09 7.5488E-09 8.5062E-09 9.4064E-09
2.8483E-09 2.9842E-09 3.1197E-09 3.2538E-09 3.3762E-09 3.4959E-09 3.6129E-09 3.7143E-09 3.8094E-09 3.9021E-09 3.9769E-09 4.0421E-09 4.0989E-09 4.1375E-09 4.1677E-09 4.1819E-09 4.1781E-09 4.1696E-09 4.1385E-09 4.0885E-09 4.0401E-09 3.9665E-09 3.8793E-09 3.7927E-09 3.6921E-09 3.5776E-09 3.4583E-09 3.3360E-09 3.2028E-09 3.0614E-09 2.9197E-09 2.7705E-09 2.6157E-09 2.4604E-09 2.3038E-09 2.1530E-09 2.0147E-09 1.8853E-09 1.7691E-09 1.6640E-09 1.5845E-09 1.5248E-09 1.4977E-09 1.5125E-09 1.5564E-09 1.6332E-09 1.7651E-09 1.9373E-09 2.1661E-09 2.4541E-09 2.8059E-09 3.2068E-09 3.6512E-09 4.1989E-09 4.7514E-09 5.2973E-09 5.8076E-09
2.6146E-09 2.7404E-09 2.8593E-09 2.9768E-09 3.0914E-09 3.1937E-09 3.2925E-09 3.3879E-09 3.4672E-09 3.5381E-09 3.6088E-09 3.6581E-09 3.6990E-09 3.7297E-09 3.7439E-09 3.7491E-09 3.7386E-09 3.7088E-09 3.6753E-09 3.6230E-09 3.5534E-09 3.4833E-09 3.4005E-09 3.3019E-09 3.1981E-09 3.0967E-09 2.9772E-09 2.8504E-09 2.7244E-09 2.5909E-09 2.4499E-09 2.3051E-09 2.1666E-09 2.0237E-09 1.8811E-09 1.7404E-09 1.6088E-09 1.4828E-09 1.3652E-09 1.2622E-09 1.1758E-09 1.1090E-09 1.0627E-09 1.0422E-09 1.0443E-09 1.0549E-09 1.1081E-09 1.1689E-09 1.2981E-09 1.4461E-09 1.6362E-09 1.8868E-09 2.1770E-09 2.4919E-09 2.8179E-09 3.1291E-09 3.3665E-09
2.3900E-09 2.5008E-09 2.6109E-09 2.7126E-09 2.8109E-09 2.9074E-09 2.9901E-09 3.0677E-09 3.1433E-09 3.2016E-09 3.2506E-09 3.2978E-09 3.3260E-09 3.3441E-09 3.3518E-09 3.3440E-09 3.3276E-09 3.2950E-09 3.2469E-09 3.1912E-09 3.1242E-09 3.0407E-09 2.9565E-09 2.8748E-09 2.7722E-09 2.6620E-09 2.5516E-09 2.4408E-09 2.3164E-09 2.1877E-09 2.0595E-09 1.9351E-09 1.8024E-09 1.6643E-09 1.5297E-09 1.4096E-09 1.2865E-09 1.1687E-09 1.0659E-09 9.6642E-10 8.8015E-10 8.0779E-10 7.5195E-10 7.0317E-10 6.6609E-10 6.1670E-10 6.2535E-10 6.4578E-10 7.0628E-10 7.8530E-10 9.1396E-10 1.0678E-09 1.2320E-09 1.4138E-09 1.5615E-09 1.7209E-09 1.8174E-09
2.1756E-09 2.2736E-09 2.3681E-09 2.4627E-09 2.5475E-09 2.6268E-09 2.7057E-09 2.7706E-09 2.8285E-09 2.8840E-09 2.9238E-09 2.9532E-09 2.9765E-09 2.9879E-09 2.9861E-09 2.9700E-09 2.9445E-09 2.9109E-09 2.8635E-09 2.7993E-09 2.7248E-09 2.6600E-09 2.5724E-09 2.4769E-09 2.3795E-09 2.2885E-09 2.1876E-09 2.0748E-09 1.9606E-09 1.8551E-09 1.7359E-09 1.6011E-09 1.4773E-09 1.3668E-09 1.2612E-09 1.1513E-09 1.0456E-09 9.4374E-10 8.4267E-10 7.5264E-10 6.7293E-10 5.8730E-10 5.2292E-10 4.2504E-10 3.5118E-10 3.1012E-10 3.1432E-10 3.2447E-10 3.5715E-10 4.0894E-10 4.8010E-10 5.6755E-10 6.3955E-10 7.2498E-10 7.9042E-10 8.4702E-10 8.8652E-10
1.9692E-09 2.0580E-09 2.1417E-09 2.2199E-09 2.2990E-09 2.3681E-09 2.4308E-09 2.4902E-09 2.5400E-09 2.5808E-09 2.6108E-09 2.6400E-09 2.6505E-09 2.6526E-09 2.6432E-09 2.6265E-09 2.6020E-09 2.5580E-09 2.5035E-09 2.4451E-09 2.3796E-09 2.3064E-09 2.2206E-09 2.1423E-09 2.0548E-09 1.9563E-09 1.8474E-09 1.7596E-09 1.6495E-09 1.5365E-09 1.4272E-09 1.3298E-09 1.2365E-09 1.1390E-09 1.0387E-09 9.4280E-10 8.4659E-10 7.5610E-10 6.6688E-10 5.6866E-10 4.9710E-10 3.9533E-10 3.1510E-10 2.3066E-10 1.8307E-10 1.5847E-10 1.5302E-10 1.4668E-10 1.7020E-10 1.9597E-10 2.2245E-10 2.6116E-10 3.0094E-10 3.3464E-10 3.5452E-10 3.7922E-10 3.7866E-10
1.7769E-09 1.8520E-09 1.9271E-09 1.9974E-09 2.0611E-09 2.1226E-09 2.1788E-09 2.2262E-09 2.2641E-09 2.3003E-09 2.3275E-09 2.3420E-09 2.3475E-09 2.3423E-09 2.3341E-09 2.3139E-09 2.2801E-09 2.2378E-09 2.1911E-09 2.1351E-09 2.0653E-09 1.9970E-09 1.9124E-09 1.8343E-09 1.7410E-09 1.6582E-09 1.5657E-09 1.4667E-09 1.3714E-09 1.2814E-09 1.2022E-09 1.1163E-09 1.0266E-09 9.3603E-10 8.4710E-10 7.6679E-10 6.8278E-10 6.0367E-10 5.0217E-10 4.3088E-10 3.4275E-10 2.6315E-10 1.9667E-10 1.3862E-10 1.0689E-10 8.4525E-11 6.3374E-11 7.0566E-11 6.6553E-11 6.5360E-11 8.0701E-11 9.9079E-11 1.1196E-10 1.2375E-10 1.4181E-10 1.3926E-10 1.2761E-10
1.5936E-09 1.6624E-09 1.7252E-09 1.7853E-09 1.8438E-09 1.8945E-09 1.9382E-09 1.9802E-09 2.0176E-09 2.0414E-09 2.0584E-09 2.0699E-09 2.0722E-09 2.0682E-09 2.0510E-09 2.0241E-09 1.9887E-09 1.9443E-09 1.9025E-09 1.8464E-09 1.7780E-09 1.6961E-09 1.6228E-09 1.5540E-09 1.4838E-09 1.4035E-09 1.3208E-09 1.2364E-09 1.1639E-09 1.0862E-09 1.0055E-09 9.2195E-10 8.4020E-10 7.6863E-10 6.9075E-10 6.1534E-10 5.2293E-10 4.5111E-10 3.6956E-10 2.9876E-10 2.4307E-10 1.9567E-10 1.3970E-10 1.0317E-10 7.7237E-11 4.9039E-11 3.5910E-11 2.1524E-11 1.5187E-11 1.1848E-11 1.2608E-11 1.8510E-11 2.4503E-11 3.8144E-11 3.9339E-11 3.5660E-11 1.6325E-11
1.4244E-09 1.4820E-09 1.5398E-09 1.5910E-09 1.6376E-09 1.6821E-09 1.7206E-09 1.7547E-09 1.7811E-09 1.8030E-09 1.8159E-09 1.8197E-09 1.8200E-09 1.8101E-09 1.7919E-09 1.7654E-09 1.7317E-09 1.6911E-09 1.6373E-09 1.5763E-09 1.5172E-09 1.4606E-09 1.3991E-09 1.3307E-09 1.2600E-09 1.1871E-09 1.1216E-09 1.0539E-09 9.8309E-10 9.0825E-10 8.3420E-10 7.6322E-10 6.9540E-10 6.2486E-10 5.4513E-10 4.7746E-10 4.0482E-10 3.4348E-10 2.8913E-10 2.4253E-10 2.0196E-10 1.5277E-10 1.1690E-10 8.4706E-11 5.2928E-11 3.9663E-11 2.1413E-11 1.0892E-11 4.0660E-12 4.8241E-13 0.0000E+00 0.0000E+00 0.0000E+00 0.0000E+00 0.0000E+00 0.0000E+00 0.0000E+00
1.2677E-09 1.3181E-09 1.3650E-09 1.4113E-09 1.4529E-09 1.4886E-09 1.5199E-09 1.5489E-09 1.5690E-09 1.5821E-09 1.5948E-09 1.5962E-09 1.5905E-09 1.5777E-09 1.5547E-09 1.5326E-09 1.4955E-09 1.4548E-09 1.4110E-09 1.3626E-09 1.3146E-09 1.2597E-09 1.2017E-09 1.1412E-09 1.0788E-09 1.0180E-09 9.5459E-10 8.8881E-10 8.2190E-10 7.5610E-10 6.9604E-10 6.3157E-10 5.6285E-10 5.0098E-10 4.3979E-10 3.8074E-10 3.2895E-10 2.8435E-10 2.4495E-10 1.9918E-10 1.6252E-10 1.2911E-10 8.7437E-11 6.0202E-11 4.2941E-11 2.1672E-11 1.3137E-11 5.8111E-12 1.1487E-12 0.0000E+00 0.0000E+00 0.0000E+00 0.0000E+00 0.0000E+00 0.0000E+00 0.0000E+00 0.0000E+00
1.1204E-09 1.1652E-09 1.2077E-09 1.2452E-09 1.2793E-09 1.3134E-09 1.3392E-09 1.3599E-09 1.3767E-09 1.3876E-09 1.3917E-09 1.3898E-09 1.3843E-09 1.3707E-09 1.3512E-09 1.3261E-09 1.2957E-09 1.2603E-09 1.2203E-09 1.1809E-09 1.1340E-09 1.0843E-09 1.0319E-09 9.7774E-10 9.2509E-10 8.6774E-10 8.0961E-10 7.5131E-10 6.9357E-10 6.3568E-10 5.7808E-10 5.2180E-10 4.6735E-10 4.1478E-10 3.6486E-10 3.2041E-10 2.8070E-10 2.4307E-10 2.0012E-10 1.6866E-10 1.3803E-10 9.8024E-11 7.1866E-11 4.6906E-11 2.4217E-11 1.5290E-11 7.5355E-12 1.8789E-12 0.0000E+00 0.0000E+00 0.0000E+00 0.0000E+00 0.0000E+00 0.0000E+00 0.0000E+00 0.0000E+00 0.0000E+00
9.8858E-10 1.0256E-09 1.0600E-09 1.0958E-09 1.1248E-09 1.1499E-09 1.1724E-09 1.1922E-09 1.2046E-09 1.2118E-09 1.2145E-09 1.2131E-09 1.2047E-09 1.1912E-09 1.1727E-09 1.1519E-09 1.1243E-09 1.0925E-09 1.0569E-09 1.0176E-09 9.7562E-10 9.3091E-10 8.8785E-10 8.3967E-10 7.9023E-10 7.4052E-10 6.8999E-10 6.3918E-10 5.8829E-10 5.3825E-10 4.8908E-10 4.4174E-10 3.9620E-10 3.5127E-10 3.0935E-10 2.7128E-10 2.3607E-10 1.9990E-10 1.7109E-10 1.4210E-10 1.0600E-10 8.2675E-11 5.7050E-11 2.6312E-11 1.7052E-11 8.9469E-12 2.5383E-12 3.1590E-14 0.0000E+00 0.0000E+00 0.0000E+00 0.0000E+00 0.0000E+00 0.0000E+00 0.0000E+00 0.0000E+00 0.0000E+00
8.6497E-10 8.9908E-10 9.2975E-10 9.5669E-10 9.8123E-10 1.0057E-09 1.0231E-09 1.0366E-09 1.0478E-09 1.0554E-09 1.0560E-09 1.0520E-09 1.0434E-09 1.0326E-09 1.0154E-09 9.9405E-10 9.6887E-10 9.4049E-10 9.1012E-10 8.7665E-10 8.3952E-10 8.0071E-10 7.6017E-10 7.1834E-10 6.7557E-10 6.3243E-10 5.8871E-10 5.4501E-10 5.0171E-10 4.5879E-10 4.1630E-10 3.7466E-10 3.3262E-10 2.9358E-10 2.5838E-10 2.2583E-10 1.9653E-10 1.7028E-10 1.3599E-10 1.0951E-10 8.9632E-11 5.7093E-11 3.2077E-11 1.8441E-11 1.0045E-11 3.0817E-12 9.5664E-14 0.0000E+00 0.0000E+00 0.0000E+00 0.0000E+00 0.0000E+00 0.0000E+00 0.0000E+00 0.0000E+00 0.0000E+00 0.0000E+00
