Assets/Resources/2015_m01_d09_0800(utc+0800)_l00_csi_1hr_conc.grd
DSAA
         159         159
     -79.000      79.000
     -79.000      79.000
  0.4382E-09  0.5875E-04
[rows 125 to 149 of 159, columns 57 to 113 of 159]
7.9468E-09 8.0955E-09 8.2490E-09 8.4081E-09 8.5730E-09 1.1076E-08 1.1426E-08 1.1796E-08 1.2193E-08 1.4030E-08 1.4677E-08 1.5348E-08 1.6037E-08 1.6829E-08 1.7727E-08 1.8784E-08 1.9950E-08 2.1227E-08 2.2689E-08 2.4296E-08 2.6037E-08 2.7879E-08 2.9883E-08 3.2052E-08 3.4436E-08 3.6978E-08 3.9612E-08 4.2340E-08 4.5134E-08 4.7947E-08 5.0729E-08 5.3399E-08 5.5894E-08 5.8188E-08 6.0357E-08 6.2191E-08 6.4939E-08 6.7345E-08 6.9231E-08 7.0328E-08 7.1917E-08 7.2805E-08 7.3090E-08 7.2947E-08 7.2293E-08 7.1262E-08 6.9965E-08 6.8425E-08 6.6674E-08 6.4749E-08 6.2671E-08 6.0479E-08 5.8203E-08 5.5869E-08 5.3500E-08 5.1163E-08 4.8857E-08
7.9096E-09 8.0586E-09 8.2120E-09 8.3717E-09 8.5361E-09 8.7511E-09 1.1290E-08 1.1645E-08 1.2025E-08 1.3627E-08 1.4380E-08 1.5024E-08 1.5673E-08 1.6408E-08 1.7268E-08 1.8246E-08 1.9364E-08 2.0564E-08 2.1934E-08 2.3412E-08 2.4996E-08 2.6720E-08 2.8586E-08 3.0590E-08 3.2782E-08 3.5084E-08 3.7483E-08 3.9952E-08 4.2497E-08 4.5003E-08 4.7455E-08 4.9780E-08 5.1953E-08 5.4002E-08 5.6042E-08 5.8040E-08 6.0366E-08 6.2272E-08 6.3605E-08 6.4337E-08 6.5849E-08 6.6541E-08 6.6811E-08 6.6700E-08 6.6113E-08 6.5250E-08 6.4151E-08 6.2836E-08 6.1331E-08 5.9649E-08 5.7863E-08 5.5964E-08 5.3962E-08 5.1893E-08 4.9826E-08 4.7759E-08 4.5711E-08
7.8705E-09 8.0196E-09 8.1733E-09 8.3330E-09 8.4967E-09 8.6665E-09 9.9462E-09 1.1506E-08 1.1871E-08 1.2240E-08 1.3940E-08 1.4697E-08 1.5330E-08 1.6032E-08 1.6829E-08 1.7771E-08 1.8792E-08 1.9954E-08 2.1229E-08 2.2597E-08 2.4060E-08 2.5624E-08 2.7349E-08 2.9237E-08 3.1245E-08 3.3344E-08 3.5518E-08 3.7742E-08 3.9984E-08 4.2200E-08 4.4342E-08 4.6363E-08 4.8269E-08 5.0146E-08 5.1811E-08 5.4018E-08 5.5918E-08 5.7359E-08 5.8228E-08 5.9144E-08 6.0252E-08 6.0810E-08 6.1043E-08 6.0934E-08 6.0444E-08 5.9730E-08 5.8803E-08 5.7664E-08 5.6383E-08 5.4962E-08 5.3416E-08 5.1749E-08 4.9993E-08 4.8200E-08 4.6381E-08 4.4556E-08 4.2731E-08
7.8298E-09 7.9786E-09 8.1325E-09 8.2920E-09 8.4554E-09 8.6251E-09 8.7995E-09 1.1357E-08 1.1714E-08 1.2082E-08 1.2498E-08 1.4243E-08 1.5007E-08 1.5676E-08 1.6440E-08 1.7310E-08 1.8278E-08 1.9366E-08 2.0545E-08 2.1837E-08 2.3188E-08 2.4646E-08 2.6231E-08 2.7952E-08 2.9781E-08 3.1683E-08 3.3673E-08 3.5664E-08 3.7651E-08 3.9597E-08 4.1459E-08 4.3220E-08 4.4923E-08 4.6261E-08 4.8351E-08 5.0193E-08 5.1683E-08 5.2707E-08 5.3198E-08 5.4222E-08 5.5076E-08 5.5553E-08 5.5762E-08 5.5659E-08 5.5253E-08 5.4656E-08 5.3886E-08 5.2946E-08 5.1857E-08 5.0636E-08 4.9285E-08 4.7849E-08 4.6326E-08 4.4758E-08 4.3161E-08 4.1538E-08 3.9926E-08
7.7872E-09 7.9357E-09 8.0898E-09 8.2488E-09 8.4119E-09 8.5813E-09 8.7552E-09 9.9763E-09 1.1558E-08 1.1924E-08 1.2291E-08 1.3899E-08 1.4546E-08 1.5340E-08 1.6079E-08 1.6904E-08 1.7798E-08 1.8817E-08 1.9938E-08 2.1107E-08 2.2350E-08 2.3735E-08 2.5189E-08 2.6781E-08 2.8444E-08 3.0164E-08 3.1919E-08 3.3687E-08 3.5433E-08 3.7160E-08 3.8777E-08 4.0324E-08 4.1864E-08 4.3289E-08 4.5051E-08 4.6538E-08 4.7651E-08 4.8324E-08 4.8549E-08 4.9666E-08 5.0340E-08 5.0741E-08 5.0930E-08 5.0840E-08 5.0536E-08 5.0061E-08 4.9420E-08 4.8628E-08 4.7686E-08 4.6650E-08 4.5504E-08 4.4253E-08 4.2929E-08 4.1560E-08 4.0140E-08 3.8725E-08 3.7308E-08
7.7427E-09 7.8910E-09 8.0452E-09 8.2032E-09 8.3664E-09 8.5350E-09 8.7085E-09 8.8893E-09 1.0182E-08 1.1768E-08 1.2125E-08 1.2497E-08 1.4201E-08 1.4874E-08 1.5742E-08 1.6522E-08 1.7378E-08 1.8331E-08 1.9348E-08 2.0454E-08 2.1601E-08 2.2863E-08 2.4208E-08 2.5685E-08 2.7191E-08 2.8738E-08 3.0303E-08 3.1864E-08 3.3393E-08 3.4868E-08 3.6274E-08 3.7643E-08 3.8765E-08 4.0439E-08 4.1884E-08 4.3038E-08 4.3823E-08 4.4220E-08 4.4555E-08 4.5448E-08 4.6013E-08 4.6383E-08 4.6565E-08 4.6493E-08 4.6264E-08 4.5870E-08 4.5329E-08 4.4671E-08 4.3896E-08 4.3012E-08 4.2025E-08 4.0938E-08 3.9778E-08 3.8575E-08 3.7352E-08 3.6109E-08 3.4598E-08
7.6963E-09 7.8446E-09 7.9984E-09 8.1557E-09 8.3187E-09 8.4863E-09 8.6597E-09 8.8403E-09 9.0351E-09 1.0379E-08 1.1960E-08 1.2330E-08 1.2752E-08 1.4545E-08 1.5261E-08 1.6152E-08 1.6983E-08 1.7874E-08 1.8821E-08 1.9822E-08 2.0890E-08 2.2075E-08 2.3320E-08 2.4636E-08 2.5993E-08 2.7374E-08 2.8786E-08 3.0157E-08 3.1489E-08 3.2768E-08 3.3998E-08 3.5220E-08 3.6370E-08 3.7762E-08 3.8911E-08 3.9763E-08 4.0279E-08 4.0473E-08 4.0930E-08 4.1610E-08 4.2100E-08 4.2420E-08 4.2579E-08 4.2534E-08 4.2367E-08 4.2065E-08 4.1634E-08 4.1086E-08 4.0434E-08 3.9680E-08 3.8826E-08 3.7868E-08 3.6873E-08 3.5835E-08 3.4508E-08 3.3176E-08 3.2149E-08
7.6482E-09 7.7963E-09 7.9495E-09 8.1062E-09 8.2687E-09 8.4353E-09 8.6086E-09 8.7904E-09 8.9844E-09 9.2140E-09 1.0565E-08 1.2166E-08 1.2581E-08 1.3081E-08 1.4929E-08 1.5660E-08 1.6588E-08 1.7443E-08 1.8324E-08 1.9253E-08 2.0251E-08 2.1315E-08 2.2460E-08 2.3675E-08 2.4894E-08 2.6122E-08 2.7343E-08 2.8538E-08 2.9694E-08 3.0804E-08 3.1884E-08 3.2791E-08 3.4100E-08 3.5222E-08 3.6101E-08 3.6694E-08 3.6992E-08 3.7042E-08 3.7548E-08 3.8101E-08 3.8533E-08 3.8822E-08 3.8977E-08 3.8979E-08 3.8863E-08 3.8625E-08 3.8275E-08 3.7822E-08 3.7270E-08 3.6614E-08 3.5880E-08 3.5069E-08 3.3952E-08 3.2810E-08 3.1935E-08 3.1041E-08 3.0122E-08
7.5982E-09 7.7464E-09 7.8985E-09 8.0547E-09 8.2165E-09 8.3824E-09 8.5549E-09 8.7379E-09 8.9308E-09 9.1381E-09 1.0372E-08 1.0774E-08 1.2416E-08 1.2904E-08 1.3471E-08 1.5316E-08 1.6060E-08 1.6906E-08 1.7833E-08 1.8716E-08 1.9647E-08 2.0628E-08 2.1675E-08 2.2747E-08 2.3834E-08 2.4918E-08 2.6013E-08 2.7052E-08 2.8054E-08 2.9021E-08 2.9698E-08 3.0857E-08 3.1926E-08 3.2803E-08 3.3441E-08 3.3819E-08 3.3964E-08 3.3994E-08 3.4472E-08 3.4935E-08 3.5321E-08 3.5592E-08 3.5735E-08 3.5765E-08 3.5689E-08 3.5506E-08 3.5210E-08 3.4833E-08 3.4377E-08 3.3567E-08 3.2686E-08 3.2036E-08 3.1331E-08 3.0598E-08 2.9831E-08 2.9036E-08 2.8204E-08
7.5469E-09 7.6945E-09 7.8455E-09 8.0015E-09 8.1620E-09 8.3272E-09 8.4988E-09 8.6832E-09 8.8766E-09 9.0823E-09 9.3000E-09 1.0608E-08 1.1040E-08 1.1532E-08 1.3260E-08 1.3857E-08 1.5699E-08 1.6445E-08 1.7176E-08 1.8191E-08 1.9052E-08 1.9980E-08 2.0928E-08 2.1891E-08 2.2856E-08 2.3811E-08 2.4743E-08 2.5643E-08 2.6509E-08 2.7376E-08 2.8066E-08 2.9034E-08 2.9889E-08 3.0545E-08 3.0976E-08 3.1185E-08 3.1215E-08 3.0784E-08 3.1105E-08 3.1488E-08 3.1824E-08 3.2376E-08 3.2516E-08 3.2562E-08 3.2235E-08 3.2122E-08 3.1927E-08 3.1656E-08 3.1308E-08 3.0878E-08 3.0355E-08 2.9795E-08 2.9188E-08 2.8543E-08 2.7862E-08 2.7141E-08 2.6414E-08
7.4938E-09 7.6407E-09 7.7908E-09 7.9462E-09 8.1053E-09 8.2702E-09 8.4420E-09 8.6259E-09 8.8199E-09 9.0234E-09 9.2476E-09 9.5120E-09 1.0888E-08 1.1367E-08 1.1875E-08 1.3629E-08 1.4219E-08 1.6059E-08 1.6799E-08 1.7521E-08 1.8295E-08 1.9255E-08 2.0096E-08 2.1074E-08 2.1928E-08 2.2764E-08 2.3573E-08 2.4352E-08 2.5104E-08 2.5631E-08 2.6495E-08 2.7286E-08 2.7941E-08 2.8401E-08 2.8661E-08 2.8741E-08 2.8199E-08 2.8430E-08 2.8695E-08 2.9035E-08 2.9330E-08 2.9576E-08 2.9728E-08 2.9805E-08 2.9801E-08 2.9719E-08 2.9565E-08 2.9331E-08 2.9028E-08 2.8657E-08 2.8217E-08 2.7728E-08 2.7197E-08 2.6614E-08 2.6015E-08 2.5320E-08 2.4628E-08
7.4392E-09 7.5850E-09 7.7343E-09 7.8888E-09 8.0468E-09 8.2108E-09 8.3833E-09 8.5658E-09 8.7602E-09 8.9614E-09 9.1929E-09 9.4617E-09 9.7870E-09 1.1212E-08 1.1701E-08 1.2187E-08 1.3970E-08 1.4543E-08 1.6377E-08 1.7047E-08 1.7740E-08 1.8544E-08 1.9296E-08 2.0189E-08 2.0928E-08 2.1643E-08 2.2353E-08 2.3014E-08 2.3797E-08 2.4317E-08 2.5026E-08 2.5649E-08 2.6123E-08 2.6419E-08 2.6542E-08 2.6525E-08 2.6143E-08 2.6262E-08 2.6502E-08 2.6801E-08 2.7081E-08 2.7310E-08 2.7464E-08 2.7552E-08 2.7554E-08 2.7492E-08 2.7374E-08 2.7193E-08 2.6944E-08 2.6620E-08 2.6238E-08 2.5798E-08 2.5333E-08 2.4787E-08 2.4190E-08 2.3647E-08 2.3077E-08
7.3830E-09 7.5275E-09 7.6762E-09 7.8293E-09 7.9863E-09 8.1492E-09 8.3225E-09 8.5041E-09 8.6977E-09 8.8985E-09 9.1376E-09 9.4135E-09 9.7420E-09 1.0104E-08 1.1531E-08 1.2006E-08 1.2537E-08 1.3042E-08 1.4767E-08 1.6572E-08 1.7292E-08 1.7950E-08 1.8604E-08 1.9245E-08 1.9866E-08 2.0678E-08 2.1325E-08 2.1895E-08 2.2289E-08 2.2720E-08 2.3259E-08 2.3865E-08 2.4176E-08 2.4325E-08 2.4336E-08 2.3873E-08 2.3917E-08 2.3998E-08 2.4216E-08 2.4461E-08 2.4999E-08 2.5218E-08 2.5102E-08 2.5209E-08 2.5253E-08 2.5237E-08 2.5163E-08 2.5031E-08 2.4830E-08 2.4554E-08 2.4242E-08 2.3890E-08 2.3502E-08 2.3081E-08 2.2617E-08 2.2141E-08 2.1644E-08
7.3250E-09 7.4683E-09 7.6162E-09 7.7678E-09 7.9240E-09 8.0860E-09 8.2595E-09 8.4412E-09 8.6323E-09 8.8373E-09 9.0793E-09 9.3624E-09 9.6909E-09 1.0047E-08 1.0426E-08 1.0865E-08 1.2337E-08 1.2816E-08 1.3384E-08 1.3929E-08 1.6740E-08 1.7361E-08 1.7936E-08 1.8494E-08 1.9028E-08 1.9650E-08 2.0141E-08 2.0609E-08 2.0989E-08 2.1475E-08 2.2004E-08 2.2299E-08 2.2606E-08 2.2648E-08 2.2576E-08 2.2213E-08 2.2121E-08 2.2198E-08 2.2412E-08 2.2633E-08 2.2891E-08 2.3109E-08 2.3275E-08 2.3384E-08 2.3437E-08 2.3427E-08 2.3365E-08 2.3259E-08 2.3093E-08 2.2864E-08 2.2595E-08 2.2288E-08 2.1935E-08 2.1565E-08 2.1169E-08 2.0748E-08 2.0277E-08
7.2653E-09 7.4075E-09 7.5544E-09 7.7045E-09 7.8598E-09 8.0220E-09 8.1939E-09 8.3756E-09 8.5641E-09 8.7748E-09 9.0171E-09 9.3076E-09 9.6353E-09 9.9845E-09 1.0355E-08 1.0741E-08 1.1144E-08 1.2651E-08 1.3139E-08 1.3650E-08 1.4178E-08 1.4720E-08 1.7379E-08 1.7870E-08 1.8335E-08 1.8773E-08 1.9187E-08 1.9459E-08 1.9901E-08 2.0388E-08 2.0672E-08 2.0841E-08 2.0888E-08 2.0968E-08 2.0684E-08 2.0633E-08 2.0491E-08 2.0583E-08 2.0775E-08 2.0975E-08 2.1216E-08 2.1418E-08 2.1581E-08 2.1691E-08 2.1752E-08 2.1765E-08 2.1731E-08 2.1645E-08 2.1500E-08 2.1300E-08 2.1056E-08 2.0791E-08 2.0496E-08 2.0174E-08 1.9790E-08 1.9403E-08 1.9018E-08
7.2040E-09 7.3452E-09 7.4907E-09 7.6396E-09 7.7935E-09 7.9560E-09 8.1260E-09 8.3074E-09 8.4932E-09 8.7099E-09 8.9577E-09 9.2505E-09 9.5734E-09 9.9155E-09 1.0275E-08 1.0650E-08 1.1041E-08 1.1448E-08 1.2948E-08 1.3432E-08 1.3929E-08 1.4437E-08 1.4950E-08 1.5466E-08 1.7160E-08 1.7942E-08 1.8231E-08 1.8645E-08 1.8988E-08 1.9247E-08 1.9530E-08 1.9602E-08 1.9565E-08 1.9084E-08 1.9079E-08 1.8883E-08 1.8865E-08 1.8967E-08 1.9248E-08 1.9451E-08 1.9691E-08 1.9890E-08 2.0047E-08 2.0157E-08 2.0223E-08 2.0246E-08 2.0225E-08 2.0143E-08 2.0016E-08 1.9850E-08 1.9652E-08 1.9410E-08 1.9113E-08 1.8836E-08 1.8533E-08 1.8209E-08 1.7824E-08
7.1410E-09 7.2814E-09 7.4253E-09 7.5728E-09 7.7253E-09 7.8880E-09 8.0576E-09 8.2365E-09 8.4243E-09 8.6440E-09 8.8961E-09 9.1884E-09 9.5049E-09 9.8391E-09 1.0188E-08 1.0550E-08 1.0928E-08 1.1320E-08 1.1727E-08 1.2148E-08 1.3669E-08 1.4141E-08 1.4615E-08 1.5085E-08 1.5544E-08 1.5999E-08 1.7417E-08 1.7735E-08 1.7980E-08 1.8157E-08 1.8222E-08 1.8418E-08 1.8316E-08 1.7923E-08 1.7796E-08 1.7486E-08 1.7399E-08 1.7513E-08 1.7680E-08 1.7892E-08 1.8218E-08 1.8411E-08 1.8560E-08 1.8737E-08 1.8803E-08 1.8836E-08 1.8827E-08 1.8774E-08 1.8637E-08 1.8473E-08 1.8307E-08 1.8114E-08 1.7895E-08 1.7625E-08 1.7335E-08 1.7024E-08 1.6711E-08
7.0768E-09 7.2160E-09 7.3581E-09 7.5046E-09 7.6566E-09 7.8179E-09 7.9871E-09 8.1632E-09 8.3544E-09 8.5742E-09 8.8305E-09 9.1210E-09 9.4297E-09 9.7552E-09 1.0092E-08 1.0443E-08 1.0806E-08 1.1183E-08 1.1572E-08 1.1972E-08 1.2382E-08 1.3823E-08 1.4267E-08 1.4691E-08 1.5099E-08 1.5483E-08 1.5835E-08 1.6141E-08 1.7119E-08 1.7197E-08 1.7190E-08 1.7097E-08 1.6655E-08 1.6679E-08 1.6440E-08 1.6214E-08 1.6177E-08 1.6290E-08 1.6435E-08 1.6657E-08 1.6872E-08 1.7055E-08 1.7203E-08 1.7314E-08 1.7392E-08 1.7506E-08 1.7508E-08 1.7466E-08 1.7380E-08 1.7260E-08 1.7082E-08 1.6907E-08 1.6717E-08 1.6469E-08 1.6239E-08 1.5968E-08 1.5640E-08
7.0111E-09 7.1489E-09 7.2895E-09 7.4345E-09 7.5863E-09 7.7457E-09 7.9142E-09 8.0873E-09 8.2823E-09 8.5034E-09 8.7628E-09 9.0486E-09 9.3493E-09 9.6639E-09 9.9886E-09 1.0326E-08 1.0675E-08 1.1035E-08 1.1406E-08 1.1785E-08 1.2171E-08 1.2561E-08 1.2952E-08 1.4285E-08 1.4642E-08 1.4969E-08 1.5260E-08 1.5500E-08 1.5683E-08 1.5796E-08 1.5836E-08 1.6067E-08 1.5691E-08 1.5513E-08 1.5181E-08 1.4892E-08 1.4896E-08 1.5095E-08 1.5242E-08 1.5541E-08 1.5742E-08 1.5916E-08 1.6057E-08 1.6165E-08 1.6243E-08 1.6290E-08 1.6301E-08 1.6268E-08 1.6200E-08 1.6102E-08 1.5949E-08 1.5805E-08 1.5634E-08 1.5382E-08 1.5164E-08 1.4929E-08 1.4710E-08
6.9442E-09 7.0803E-09 7.2193E-09 7.3627E-09 7.5144E-09 7.6721E-09 7.8389E-09 8.0106E-09 8.2093E-09 8.4329E-09 8.6913E-09 8.9700E-09 9.2620E-09 9.5652E-09 9.8775E-09 1.0201E-08 1.0535E-08 1.0878E-08 1.1229E-08 1.1586E-08 1.1947E-08 1.2309E-08 1.2669E-08 1.3022E-08 1.3363E-08 1.3759E-08 1.4678E-08 1.4856E-08 1.4975E-08 1.5023E-08 1.5000E-08 1.4784E-08 1.4652E-08 1.4384E-08 1.3971E-08 1.3870E-08 1.3900E-08 1.4006E-08 1.4161E-08 1.4377E-08 1.4569E-08 1.4808E-08 1.4944E-08 1.5052E-08 1.5187E-08 1.5216E-08 1.5205E-08 1.5176E-08 1.5103E-08 1.4972E-08 1.4862E-08 1.4732E-08 1.4575E-08 1.4427E-08 1.4263E-08 1.4083E-08 1.3870E-08
6.8759E-09 7.0101E-09 7.1478E-09 7.2898E-09 7.4406E-09 7.5976E-09 7.7614E-09 7.9348E-09 8.1335E-09 8.3595E-09 8.6143E-09 8.8851E-09 9.1679E-09 9.4590E-09 9.7588E-09 1.0068E-08 1.0386E-08 1.0711E-08 1.1042E-08 1.1376E-08 1.1712E-08 1.2045E-08 1.2372E-08 1.2689E-08 1.2989E-08 1.3265E-08 1.3509E-08 1.3711E-08 1.4270E-08 1.4262E-08 1.4047E-08 1.3952E-08 1.3744E-08 1.3408E-08 1.2982E-08 1.2852E-08 1.2902E-08 1.2994E-08 1.3171E-08 1.3372E-08 1.3552E-08 1.3707E-08 1.3837E-08 1.3943E-08 1.4026E-08 1.4081E-08 1.4151E-08 1.4108E-08 1.4058E-08 1.4003E-08 1.3930E-08 1.3838E-08 1.3727E-08 1.3599E-08 1.3391E-08 1.3214E-08 1.3048E-08
6.8062E-09 6.9385E-09 7.0748E-09 7.2162E-09 7.3649E-09 7.5209E-09 7.6816E-09 7.8575E-09 8.0544E-09 8.2824E-09 8.5328E-09 8.7947E-09 9.0669E-09 9.3454E-09 9.6324E-09 9.9267E-09 1.0228E-08 1.0535E-08 1.0845E-08 1.1156E-08 1.1465E-08 1.1769E-08 1.2063E-08 1.2342E-08 1.2600E-08 1.2832E-08 1.3024E-08 1.3171E-08 1.3258E-08 1.3275E-08 1.3204E-08 1.3131E-08 1.2858E-08 1.2469E-08 1.2101E-08 1.2034E-08 1.2086E-08 1.2182E-08 1.2365E-08 1.2553E-08 1.2723E-08 1.2869E-08 1.2992E-08 1.3094E-08 1.3175E-08 1.3230E-08 1.3252E-08 1.3245E-08 1.3219E-08 1.3175E-08 1.3090E-08 1.2956E-08 1.2858E-08 1.2752E-08 1.2631E-08 1.2497E-08 1.2350E-08
6.7352E-09 6.8658E-09 7.0002E-09 7.1411E-09 7.2874E-09 7.4422E-09 7.5996E-09 7.7781E-09 7.9763E-09 8.2025E-09 8.4459E-09 8.6986E-09 8.9591E-09 9.2247E-09 9.4983E-09 9.7774E-09 1.0062E-08 1.0349E-08 1.0638E-08 1.0925E-08 1.1207E-08 1.1481E-08 1.1741E-08 1.1984E-08 1.2200E-08 1.2386E-08 1.2528E-08 1.2622E-08 1.2650E-08 1.2609E-08 1.2476E-08 1.2254E-08 1.1923E-08 1.1492E-08 1.1211E-08 1.1183E-08 1.1237E-08 1.1399E-08 1.1620E-08 1.1797E-08 1.1956E-08 1.2094E-08 1.2211E-08 1.2310E-08 1.2359E-08 1.2379E-08 1.2375E-08 1.2377E-08 1.2362E-08 1.2332E-08 1.2285E-08 1.2224E-08 1.2145E-08 1.2052E-08 1.1946E-08 1.1828E-08 1.1699E-08
6.6628E-09 6.7917E-09 6.9242E-09 7.0645E-09 7.2097E-09 7.3614E-09 7.5190E-09 7.6974E-09 7.8958E-09 8.1182E-09 8.3532E-09 8.5962E-09 8.8445E-09 9.0977E-09 9.3567E-09 9.6203E-09 9.8871E-09 1.0155E-08 1.0421E-08 1.0684E-08 1.0939E-08 1.1182E-08 1.1409E-08 1.1614E-08 1.1790E-08 1.1930E-08 1.2024E-08 1.2065E-08 1.2041E-08 1.1943E-08 1.1759E-08 1.1487E-08 1.1119E-08 1.0672E-08 1.0487E-08 1.0492E-08 1.0553E-08 1.0678E-08 1.0858E-08 1.1025E-08 1.1173E-08 1.1303E-08 1.1415E-08 1.1511E-08 1.1587E-08 1.1641E-08 1.1664E-08 1.1670E-08 1.1661E-08 1.1638E-08 1.1600E-08 1.1548E-08 1.1481E-08 1.1401E-08 1.1309E-08 1.1205E-08 1.1092E-08
6.5891E-09 6.7165E-09 6.8480E-09 6.9863E-09 7.1302E-09 7.2788E-09 7.4372E-09 7.6135E-09 7.8117E-09 8.0291E-09 8.2549E-09 8.4876E-09 8.7234E-09 8.9638E-09 9.2082E-09 9.4555E-09 9.7041E-09 9.9523E-09 1.0196E-08 1.0434E-08 1.0661E-08 1.0873E-08 1.1067E-08 1.1234E-08 1.1370E-08 1.1465E-08 1.1514E-08 1.1506E-08 1.1433E-08 1.1284E-08 1.1057E-08 1.0745E-08 1.0352E-08 9.9639E-09 9.8512E-09 9.8686E-09 9.9264E-09 1.0071E-08 1.0240E-08 1.0397E-08 1.0536E-08 1.0659E-08 1.0766E-08 1.0858E-08 1.0930E-08 1.0980E-08 1.1004E-08 1.1015E-08 1.1011E-08 1.0995E-08 1.0965E-08 1.0921E-08 1.0865E-08 1.0796E-08 1.0716E-08 1.0625E-08 1.0525E-08
