Assets/Resources/2015_m01_d02_1000(utc+0800)_l00_csi_1hr_conc.grd
DSAA
         159         159
     -79.000      79.000
     -79.000      79.000
  0.0000E+00  0.5063E-05
[rows 25 to 49 of 159, columns 57 to 113 of 159]
0.0000E+00 0.0000E+00 0.0000E+00 0.0000E+00 0.0000E+00 0.0000E+00 0.0000E+00 0.0000E+00 0.0000E+00 0.0000E+00 0.0000E+00 0.0000E+00 0.0000E+00 0.0000E+00 0.0000E+00 0.0000E+00 0.0000E+00 0.0000E+00 0.0000E+00 0.0000E+00 0.0000E+00 1.9598E-14 1.1638E-11 4.5758E-11 9.8908E-11 1.7963E-10 2.9170E-10 4.4150E-10 6.3856E-10 8.8149E-10 1.1775E-09 1.5238E-09 1.9199E-09 2.3647E-09 2.8532E-09 3.3682E-09 3.8985E-09 4.4444E-09 4.9975E-09 5.5413E-09 6.0778E-09 6.6027E-09 7.1170E-09 7.6200E-09 8.0994E-09 8.5486E-09 8.9735E-09 9.3701E-09 9.7318E-09 1.0054E-08 1.0330E-08 1.0558E-08 1.0739E-08 1.0875E-08 1.0971E-08 1.1033E-08 1.1069E-08
0.0000E+00 0.0000E+00 0.0000E+00 0.0000E+00 0.0000E+00 0.0000E+00 0.0000E+00 0.0000E+00 0.0000E+00 0.0000E+00 0.0000E+00 0.0000E+00 0.0000E+00 0.0000E+00 0.0000E+00 0.0000E+00 0.0000E+00 0.0000E+00 0.0000E+00 0.0000E+00 0.0000E+00 2.8081E-12 2.5489E-11 7.0725E-11 1.4428E-10 2.5200E-10 4.0459E-10 6.0407E-10 8.6391E-10 1.1839E-09 1.5639E-09 2.0033E-09 2.5016E-09 3.0530E-09 3.6456E-09 4.2545E-09 4.8784E-09 5.5088E-09 6.1306E-09 6.7390E-09 7.3270E-09 7.8899E-09 8.4358E-09 8.9593E-09 9.4498E-09 9.9026E-09 1.0322E-08 1.0708E-08 1.1052E-08 1.1350E-08 1.1598E-08 1.1790E-08 1.1928E-08 1.2018E-08 1.2066E-08 1.2075E-08 1.2056E-08
0.0000E+00 0.0000E+00 0.0000E+00 0.0000E+00 0.0000E+00 0.0000E+00 0.0000E+00 0.0000E+00 0.0000E+00 0.0000E+00 0.0000E+00 0.0000E+00 0.0000E+00 0.0000E+00 0.0000E+00 0.0000E+00 0.0000E+00 0.0000E+00 0.0000E+00 0.0000E+00 0.0000E+00 9.2138E-12 4.4371E-11 1.0570E-10 2.0503E-10 3.4960E-10 5.4821E-10 8.1419E-10 1.1489E-09 1.5557E-09 2.0357E-09 2.5831E-09 3.1908E-09 3.8512E-09 4.5526E-09 5.2686E-09 5.9801E-09 6.6876E-09 7.3816E-09 8.0440E-09 8.6714E-09 9.2658E-09 9.8299E-09 1.0362E-08 1.0856E-08 1.1300E-08 1.1702E-08 1.2068E-08 1.2388E-08 1.2652E-08 1.2859E-08 1.3008E-08 1.3097E-08 1.3133E-08 1.3126E-08 1.3079E-08 1.3000E-08
0.0000E+00 0.0000E+00 0.0000E+00 0.0000E+00 0.0000E+00 0.0000E+00 0.0000E+00 0.0000E+00 0.0000E+00 0.0000E+00 0.0000E+00 0.0000E+00 0.0000E+00 0.0000E+00 0.0000E+00 0.0000E+00 0.0000E+00 0.0000E+00 0.0000E+00 0.0000E+00 1.8689E-13 1.9361E-11 6.8629E-11 1.4947E-10 2.8120E-10 4.7195E-10 7.3297E-10 1.0748E-09 1.4988E-09 2.0097E-09 2.6008E-09 3.2628E-09 3.9896E-09 4.7697E-09 5.5843E-09 6.3965E-09 7.1936E-09 7.9723E-09 8.7174E-09 9.4254E-09 1.0086E-08 1.0696E-08 1.1266E-08 1.1800E-08 1.2279E-08 1.2706E-08 1.3085E-08 1.3417E-08 1.3700E-08 1.3926E-08 1.4086E-08 1.4183E-08 1.4217E-08 1.4197E-08 1.4129E-08 1.4019E-08 1.3875E-08
0.0000E+00 0.0000E+00 0.0000E+00 0.0000E+00 0.0000E+00 0.0000E+00 0.0000E+00 0.0000E+00 0.0000E+00 0.0000E+00 0.0000E+00 0.0000E+00 0.0000E+00 0.0000E+00 0.0000E+00 0.0000E+00 0.0000E+00 0.0000E+00 0.0000E+00 0.0000E+00 5.5599E-12 3.7869E-11 1.0313E-10 2.1344E-10 3.8146E-10 6.2773E-10 9.6178E-10 1.3911E-09 1.9224E-09 2.5480E-09 3.2590E-09 4.0471E-09 4.8984E-09 5.7935E-09 6.7119E-09 7.6200E-09 8.4909E-09 9.3237E-09 1.0117E-08 1.0854E-08 1.1526E-08 1.2144E-08 1.2710E-08 1.3224E-08 1.3687E-08 1.4086E-08 1.4429E-08 1.4725E-08 1.4962E-08 1.5136E-08 1.5244E-08 1.5288E-08 1.5263E-08 1.5180E-08 1.5048E-08 1.4872E-08 1.4664E-08
0.0000E+00 0.0000E+00 0.0000E+00 0.0000E+00 0.0000E+00 0.0000E+00 0.0000E+00 0.0000E+00 0.0000E+00 0.0000E+00 0.0000E+00 0.0000E+00 0.0000E+00 0.0000E+00 0.0000E+00 0.0000E+00 0.0000E+00 0.0000E+00 0.0000E+00 6.4676E-13 1.8049E-11 6.5688E-11 1.5246E-10 2.9548E-10 5.1553E-10 8.2729E-10 1.2499E-09 1.7823E-09 2.4301E-09 3.1833E-09 4.0274E-09 4.9427E-09 5.9090E-09 6.9133E-09 7.9284E-09 8.9155E-09 9.8419E-09 1.0717E-08 1.1536E-08 1.2284E-08 1.2961E-08 1.3568E-08 1.4113E-08 1.4610E-08 1.5036E-08 1.5399E-08 1.5701E-08 1.5949E-08 1.6139E-08 1.6261E-08 1.6313E-08 1.6297E-08 1.6212E-08 1.6062E-08 1.5863E-08 1.5621E-08 1.5348E-08
0.0000E+00 0.0000E+00 0.0000E+00 0.0000E+00 0.0000E+00 0.0000E+00 0.0000E+00 0.0000E+00 0.0000E+00 0.0000E+00 0.0000E+00 0.0000E+00 0.0000E+00 0.0000E+00 0.0000E+00 0.0000E+00 0.0000E+00 0.0000E+00 0.0000E+00 7.2318E-12 3.6540E-11 1.0116E-10 2.1783E-10 4.0274E-10 6.8521E-10 1.0791E-09 1.6014E-09 2.2548E-09 3.0313E-09 3.9209E-09 4.8958E-09 5.9339E-09 7.0125E-09 8.1126E-09 9.2044E-09 1.0252E-08 1.1222E-08 1.2113E-08 1.2935E-08 1.3685E-08 1.4344E-08 1.4931E-08 1.5451E-08 1.5909E-08 1.6294E-08 1.6615E-08 1.6867E-08 1.7066E-08 1.7201E-08 1.7270E-08 1.7266E-08 1.7188E-08 1.7037E-08 1.6821E-08 1.6557E-08 1.6245E-08 1.5904E-08
0.0000E+00 0.0000E+00 0.0000E+00 0.0000E+00 0.0000E+00 0.0000E+00 0.0000E+00 0.0000E+00 0.0000E+00 0.0000E+00 0.0000E+00 0.0000E+00 0.0000E+00 0.0000E+00 0.0000E+00 0.0000E+00 0.0000E+00 0.0000E+00 3.2392E-12 2.0281E-11 6.4462E-11 1.5443E-10 3.1077E-10 5.5061E-10 9.0571E-10 1.3981E-09 2.0329E-09 2.8196E-09 3.7405E-09 4.7663E-09 5.8697E-09 7.0219E-09 8.1932E-09 9.3688E-09 1.0516E-08 1.1599E-08 1.2578E-08 1.3472E-08 1.4285E-08 1.5008E-08 1.5645E-08 1.6200E-08 1.6681E-08 1.7092E-08 1.7430E-08 1.7700E-08 1.7905E-08 1.8051E-08 1.8132E-08 1.8144E-08 1.8077E-08 1.7937E-08 1.7723E-08 1.7441E-08 1.7108E-08 1.6729E-08 1.6323E-08
0.0000E+00 0.0000E+00 0.0000E+00 0.0000E+00 0.0000E+00 0.0000E+00 0.0000E+00 0.0000E+00 0.0000E+00 0.0000E+00 0.0000E+00 0.0000E+00 0.0000E+00 0.0000E+00 0.0000E+00 0.0000E+00 0.0000E+00 2.2079E-13 1.2740E-11 4.4916E-11 1.0952E-10 2.2838E-10 4.3326E-10 7.4261E-10 1.1908E-09 1.7941E-09 2.5633E-09 3.4929E-09 4.5540E-09 5.7174E-09 6.9421E-09 8.1910E-09 9.4353E-09 1.0658E-08 1.1834E-08 1.2920E-08 1.3897E-08 1.4765E-08 1.5541E-08 1.6232E-08 1.6832E-08 1.7341E-08 1.7772E-08 1.8129E-08 1.8419E-08 1.8637E-08 1.8792E-08 1.8883E-08 1.8907E-08 1.8862E-08 1.8733E-08 1.8530E-08 1.8254E-08 1.7907E-08 1.7504E-08 1.7061E-08 1.6593E-08
0.0000E+00 0.0000E+00 0.0000E+00 0.0000E+00 0.0000E+00 0.0000E+00 0.0000E+00 0.0000E+00 0.0000E+00 0.0000E+00 0.0000E+00 0.0000E+00 0.0000E+00 0.0000E+00 0.0000E+00 0.0000E+00 0.0000E+00 7.5870E-12 3.1232E-11 8.1832E-11 1.7607E-10 3.4004E-10 6.0272E-10 1.0010E-09 1.5551E-09 2.2847E-09 3.1989E-09 4.2778E-09 5.4864E-09 6.7727E-09 8.0994E-09 9.4207E-09 1.0710E-08 1.1950E-08 1.3121E-08 1.4189E-08 1.5131E-08 1.5954E-08 1.6685E-08 1.7327E-08 1.7873E-08 1.8330E-08 1.8705E-08 1.9007E-08 1.9242E-08 1.9407E-08 1.9508E-08 1.9548E-08 1.9514E-08 1.9406E-08 1.9219E-08 1.8954E-08 1.8611E-08 1.8200E-08 1.7737E-08 1.7230E-08 1.6703E-08
0.0000E+00 0.0000E+00 0.0000E+00 0.0000E+00 0.0000E+00 0.0000E+00 0.0000E+00 0.0000E+00 0.0000E+00 0.0000E+00 0.0000E+00 0.0000E+00 0.0000E+00 0.0000E+00 0.0000E+00 0.0000E+00 1.6802E-12 2.3267E-11 6.5480E-11 1.3848E-10 2.6954E-10 4.8804E-10 8.3627E-10 1.3339E-09 2.0147E-09 2.8878E-09 3.9562E-09 5.1863E-09 6.5221E-09 7.9275E-09 9.3302E-09 1.0693E-08 1.1994E-08 1.3222E-08 1.4359E-08 1.5371E-08 1.6254E-08 1.7021E-08 1.7688E-08 1.8267E-08 1.8755E-08 1.9150E-08 1.9467E-08 1.9713E-08 1.9888E-08 1.9998E-08 2.0045E-08 2.0025E-08 1.9936E-08 1.9771E-08 1.9521E-08 1.9192E-08 1.8786E-08 1.8316E-08 1.7788E-08 1.7227E-08 1.6644E-08
0.0000E+00 0.0000E+00 0.0000E+00 0.0000E+00 0.0000E+00 0.0000E+00 0.0000E+00 0.0000E+00 0.0000E+00 0.0000E+00 0.0000E+00 0.0000E+00 0.0000E+00 0.0000E+00 0.0000E+00 1.3073E-12 1.3558E-11 4.8298E-11 1.1064E-10 2.2348E-10 4.0742E-10 6.9957E-10 1.1482E-09 1.7647E-09 2.5868E-09 3.6188E-09 4.8407E-09 6.2102E-09 7.6718E-09 9.1547E-09 1.0604E-08 1.1975E-08 1.3252E-08 1.4430E-08 1.5501E-08 1.6443E-08 1.7256E-08 1.7945E-08 1.8538E-08 1.9040E-08 1.9460E-08 1.9794E-08 2.0049E-08 2.0236E-08 2.0351E-08 2.0398E-08 2.0389E-08 2.0312E-08 2.0163E-08 1.9938E-08 1.9628E-08 1.9234E-08 1.8768E-08 1.8242E-08 1.7657E-08 1.7043E-08 1.6407E-08
0.0000E+00 0.0000E+00 0.0000E+00 0.0000E+00 0.0000E+00 0.0000E+00 0.0000E+00 0.0000E+00 0.0000E+00 0.0000E+00 0.0000E+00 0.0000E+00 0.0000E+00 0.0000E+00 1.2593E-12 6.3186E-12 3.4270E-11 8.7055E-11 1.8236E-10 3.4657E-10 6.0271E-10 9.8707E-10 1.5503E-09 2.3138E-09 3.2883E-09 4.4823E-09 5.8580E-09 7.3534E-09 8.9085E-09 1.0443E-08 1.1901E-08 1.3242E-08 1.4454E-08 1.5553E-08 1.6538E-08 1.7390E-08 1.8105E-08 1.8707E-08 1.9212E-08 1.9640E-08 1.9987E-08 2.0255E-08 2.0448E-08 2.0569E-08 2.0620E-08 2.0603E-08 2.0530E-08 2.0395E-08 2.0185E-08 1.9896E-08 1.9523E-08 1.9070E-08 1.8550E-08 1.7967E-08 1.7333E-08 1.6674E-08 1.6001E-08
0.0000E+00 0.0000E+00 0.0000E+00 0.0000E+00 0.0000E+00 0.0000E+00 0.0000E+00 0.0000E+00 0.0000E+00 0.0000E+00 0.0000E+00 0.0000E+00 0.0000E+00 3.0322E-13 5.0146E-12 1.9047E-11 6.1812E-11 1.4403E-10 2.8264E-10 5.1232E-10 8.6250E-10 1.3655E-09 2.0657E-09 2.9897E-09 4.1350E-09 5.4883E-09 6.9965E-09 8.5963E-09 1.0208E-08 1.1752E-08 1.3172E-08 1.4444E-08 1.5567E-08 1.6566E-08 1.7444E-08 1.8183E-08 1.8791E-08 1.9294E-08 1.9713E-08 2.0059E-08 2.0332E-08 2.0528E-08 2.0652E-08 2.0705E-08 2.0685E-08 2.0601E-08 2.0463E-08 2.0261E-08 1.9986E-08 1.9635E-08 1.9201E-08 1.8691E-08 1.8122E-08 1.7485E-08 1.6817E-08 1.6120E-08 1.5423E-08
0.0000E+00 0.0000E+00 0.0000E+00 0.0000E+00 0.0000E+00 0.0000E+00 0.0000E+00 0.0000E+00 0.0000E+00 0.0000E+00 0.0000E+00 0.0000E+00 0.0000E+00 3.3026E-12 1.0138E-11 3.9113E-11 1.0489E-10 2.2271E-10 4.1907E-10 7.3705E-10 1.2077E-09 1.8611E-09 2.7244E-09 3.8229E-09 5.1364E-09 6.6341E-09 8.2544E-09 9.9217E-09 1.1545E-08 1.3055E-08 1.4397E-08 1.5565E-08 1.6566E-08 1.7437E-08 1.8186E-08 1.8802E-08 1.9303E-08 1.9710E-08 2.0036E-08 2.0295E-08 2.0486E-08 2.0606E-08 2.0652E-08 2.0630E-08 2.0537E-08 2.0376E-08 2.0166E-08 1.9895E-08 1.9552E-08 1.9142E-08 1.8653E-08 1.8095E-08 1.7476E-08 1.6807E-08 1.6108E-08 1.5385E-08 1.4676E-08
0.0000E+00 0.0000E+00 0.0000E+00 0.0000E+00 0.0000E+00 0.0000E+00 0.0000E+00 0.0000E+00 0.0000E+00 0.0000E+00 0.0000E+00 0.0000E+00 0.0000E+00 6.9616E-12 2.3946E-11 7.0251E-11 1.5984E-10 3.2998E-10 6.0660E-10 1.0330E-09 1.6514E-09 2.4779E-09 3.5318E-09 4.8146E-09 6.2918E-09 7.9112E-09 9.6036E-09 1.1292E-08 1.2882E-08 1.4312E-08 1.5544E-08 1.6565E-08 1.7420E-08 1.8145E-08 1.8760E-08 1.9253E-08 1.9634E-08 1.9937E-08 2.0168E-08 2.0337E-08 2.0438E-08 2.0470E-08 2.0434E-08 2.0329E-08 2.0151E-08 1.9914E-08 1.9624E-08 1.9283E-08 1.8881E-08 1.8411E-08 1.7869E-08 1.7275E-08 1.6620E-08 1.5931E-08 1.5212E-08 1.4482E-08 1.3771E-08
0.0000E+00 0.0000E+00 0.0000E+00 0.0000E+00 0.0000E+00 0.0000E+00 0.0000E+00 0.0000E+00 0.0000E+00 0.0000E+00 0.0000E+00 0.0000E+00 0.0000E+00 1.2678E-11 4.1946E-11 1.0996E-10 2.4061E-10 4.7217E-10 8.4574E-10 1.4159E-09 2.2113E-09 3.2448E-09 4.5016E-09 5.9789E-09 7.5975E-09 9.3087E-09 1.1029E-08 1.2680E-08 1.4188E-08 1.5480E-08 1.6550E-08 1.7413E-08 1.8103E-08 1.8678E-08 1.9153E-08 1.9509E-08 1.9775E-08 1.9963E-08 2.0091E-08 2.0158E-08 2.0161E-08 2.0100E-08 1.9969E-08 1.9775E-08 1.9509E-08 1.9187E-08 1.8823E-08 1.8422E-08 1.7962E-08 1.7441E-08 1.6861E-08 1.6239E-08 1.5562E-08 1.4865E-08 1.4143E-08 1.3427E-08 1.2726E-08
0.0000E+00 0.0000E+00 0.0000E+00 0.0000E+00 0.0000E+00 0.0000E+00 0.0000E+00 0.0000E+00 0.0000E+00 0.0000E+00 0.0000E+00 0.0000E+00 0.0000E+00 2.2219E-11 6.3900E-11 1.5241E-10 3.2933E-10 6.4351E-10 1.1372E-09 1.8781E-09 2.8882E-09 4.1601E-09 5.6447E-09 7.3083E-09 9.0526E-09 1.0809E-08 1.2499E-08 1.4058E-08 1.5410E-08 1.6538E-08 1.7418E-08 1.8092E-08 1.8611E-08 1.9014E-08 1.9337E-08 1.9559E-08 1.9690E-08 1.9765E-08 1.9778E-08 1.9730E-08 1.9627E-08 1.9463E-08 1.9237E-08 1.8943E-08 1.8592E-08 1.8194E-08 1.7767E-08 1.7308E-08 1.6800E-08 1.6242E-08 1.5641E-08 1.5002E-08 1.4327E-08 1.3635E-08 1.2931E-08 1.2243E-08 1.1570E-08
0.0000E+00 0.0000E+00 0.0000E+00 0.0000E+00 0.0000E+00 0.0000E+00 0.0000E+00 0.0000E+00 0.0000E+00 0.0000E+00 0.0000E+00 0.0000E+00 0.0000E+00 2.9640E-11 8.6812E-11 2.1161E-10 4.3995E-10 8.5577E-10 1.4974E-09 2.4395E-09 3.6930E-09 5.2317E-09 6.9706E-09 8.8063E-09 1.0648E-08 1.2392E-08 1.3995E-08 1.5384E-08 1.6535E-08 1.7437E-08 1.8104E-08 1.8572E-08 1.8896E-08 1.9124E-08 1.9293E-08 1.9360E-08 1.9356E-08 1.9297E-08 1.9186E-08 1.9019E-08 1.8797E-08 1.8529E-08 1.8200E-08 1.7826E-08 1.7397E-08 1.6937E-08 1.6455E-08 1.5955E-08 1.5415E-08 1.4837E-08 1.4235E-08 1.3592E-08 1.2940E-08 1.2272E-08 1.1610E-08 1.0962E-08 1.0337E-08
0.0000E+00 0.0000E+00 0.0000E+00 0.0000E+00 0.0000E+00 0.0000E+00 0.0000E+00 0.0000E+00 0.0000E+00 0.0000E+00 0.0000E+00 0.0000E+00 0.0000E+00 4.0506E-11 1.1100E-10 2.6649E-10 5.5801E-10 1.0757E-09 1.8899E-09 3.0694E-09 4.6175E-09 6.4684E-09 8.4739E-09 1.0491E-08 1.2378E-08 1.4056E-08 1.5482E-08 1.6637E-08 1.7527E-08 1.8176E-08 1.8596E-08 1.8838E-08 1.8949E-08 1.8988E-08 1.8978E-08 1.8878E-08 1.8719E-08 1.8520E-08 1.8276E-08 1.7986E-08 1.7648E-08 1.7278E-08 1.6865E-08 1.6419E-08 1.5938E-08 1.5428E-08 1.4909E-08 1.4388E-08 1.3842E-08 1.3268E-08 1.2678E-08 1.2059E-08 1.1444E-08 1.0820E-08 1.0216E-08 9.6203E-09 9.0620E-09
0.0000E+00 0.0000E+00 0.0000E+00 0.0000E+00 0.0000E+00 0.0000E+00 0.0000E+00 0.0000E+00 0.0000E+00 0.0000E+00 0.0000E+00 0.0000E+00 0.0000E+00 4.3738E-11 1.3151E-10 3.2236E-10 6.8488E-10 1.3262E-09 2.3407E-09 3.7984E-09 5.6809E-09 7.8734E-09 1.0170E-08 1.2346E-08 1.4245E-08 1.5787E-08 1.6959E-08 1.7800E-08 1.8378E-08 1.8721E-08 1.8862E-08 1.8851E-08 1.8734E-08 1.8566E-08 1.8355E-08 1.8067E-08 1.7736E-08 1.7390E-08 1.7016E-08 1.6605E-08 1.6170E-08 1.5719E-08 1.5241E-08 1.4749E-08 1.4233E-08 1.3703E-08 1.3177E-08 1.2654E-08 1.2120E-08 1.1579E-08 1.1021E-08 1.0454E-08 9.8900E-09 9.3283E-09 8.7908E-09 8.2633E-09 7.7805E-09
0.0000E+00 0.0000E+00 0.0000E+00 0.0000E+00 0.0000E+00 0.0000E+00 0.0000E+00 0.0000E+00 0.0000E+00 0.0000E+00 0.0000E+00 0.0000E+00 0.0000E+00 3.6221E-11 1.5178E-10 3.6910E-10 7.9841E-10 1.5649E-09 2.8006E-09 4.5684E-09 6.8446E-09 9.4390E-09 1.2056E-08 1.4393E-08 1.6246E-08 1.7560E-08 1.8376E-08 1.8837E-08 1.9042E-08 1.9052E-08 1.8893E-08 1.8605E-08 1.8205E-08 1.7825E-08 1.7394E-08 1.6901E-08 1.6394E-08 1.5897E-08 1.5404E-08 1.4907E-08 1.4401E-08 1.3895E-08 1.3384E-08 1.2871E-08 1.2354E-08 1.1833E-08 1.1325E-08 1.0830E-08 1.0333E-08 9.8382E-09 9.3306E-09 8.8336E-09 8.3335E-09 7.8507E-09 7.3851E-09 6.9417E-09 6.5345E-09
0.0000E+00 0.0000E+00 0.0000E+00 0.0000E+00 0.0000E+00 0.0000E+00 0.0000E+00 0.0000E+00 0.0000E+00 0.0000E+00 0.0000E+00 0.0000E+00 0.0000E+00 2.1321E-11 1.5757E-10 4.0210E-10 9.0152E-10 1.8057E-09 3.2895E-09 5.4100E-09 8.1401E-09 1.1190E-08 1.4165E-08 1.6636E-08 1.8401E-08 1.9388E-08 1.9764E-08 1.9752E-08 1.9524E-08 1.9153E-08 1.8656E-08 1.8069E-08 1.7382E-08 1.6742E-08 1.6072E-08 1.5377E-08 1.4702E-08 1.4082E-08 1.3505E-08 1.2950E-08 1.2410E-08 1.1884E-08 1.1372E-08 1.0876E-08 1.0389E-08 9.9041E-09 9.4428E-09 8.9930E-09 8.5582E-09 8.1234E-09 7.6867E-09 7.2642E-09 6.8363E-09 6.4394E-09 6.0479E-09 5.6931E-09 5.3619E-09
0.0000E+00 0.0000E+00 0.0000E+00 0.0000E+00 0.0000E+00 0.0000E+00 0.0000E+00 0.0000E+00 0.0000E+00 0.0000E+00 0.0000E+00 0.0000E+00 0.0000E+00 8.9934E-12 1.4995E-10 4.1872E-10 9.7072E-10 2.0041E-09 3.7263E-09 6.2417E-09 9.4768E-09 1.3068E-08 1.6445E-08 1.9073E-08 2.0658E-08 2.1214E-08 2.1038E-08 2.0477E-08 1.9768E-08 1.8981E-08 1.8143E-08 1.7213E-08 1.6242E-08 1.5323E-08 1.4422E-08 1.3529E-08 1.2727E-08 1.2019E-08 1.1400E-08 1.0827E-08 1.0289E-08 9.7850E-09 9.3078E-09 8.8584E-09 8.4282E-09 8.0108E-09 7.6094E-09 7.2275E-09 6.8662E-09 6.5020E-09 6.1472E-09 5.8003E-09 5.4582E-09 5.1392E-09 4.8293E-09 4.5533E-09 4.2924E-09
0.0000E+00 0.0000E+00 0.0000E+00 0.0000E+00 0.0000E+00 0.0000E+00 0.0000E+00 0.0000E+00 0.0000E+00 0.0000E+00 0.0000E+00 0.0000E+00 0.0000E+00 1.1733E-12 1.1496E-10 4.1802E-10 1.0185E-09 2.1656E-09 4.1451E-09 7.0861E-09 1.0905E-08 1.5100E-08 1.8944E-08 2.1711E-08 2.3057E-08 2.3074E-08 2.2234E-08 2.1039E-08 1.9777E-08 1.8550E-08 1.7326E-08 1.6022E-08 1.4788E-08 1.3601E-08 1.2483E-08 1.1465E-08 1.0576E-08 9.8357E-09 9.2057E-09 8.6641E-09 8.1702E-09 7.7193E-09 7.3087E-09 6.9306E-09 6.5738E-09 6.2370E-09 5.9150E-09 5.6098E-09 5.3229E-09 5.0331E-09 4.7611E-09 4.4866E-09 4.2306E-09 3.9860E-09 3.7542E-09 3.5477E-09 3.3557E-09
