Assets/Resources/2015_m01_d29_0600(utc+0800)_l00_csi_1hr_conc.grd
DSAA
         159         159
     -79.000      79.000
     -79.000      79.000
  0.0000E+00  0.1099E-04
[rows 0 to 24 of 159, columns 0 to 56 of 159]
2.4456E-11 2.8575E-11 3.2648E-11 3.7683E-11 4.2756E-11 4.7843E-11 5.4007E-11 6.0208E-11 6.7795E-11 7.6090E-11 8.5918E-11 9.5904E-11 1.0678E-10 1.1869E-10 1.3160E-10 1.4637E-10 1.6155E-10 1.7792E-10 1.9639E-10 2.1721E-10 2.3878E-10 2.6031E-10 2.8414E-10 3.0950E-10 3.3562E-10 3.6327E-10 3.9246E-10 4.2302E-10 4.5501E-10 4.8839E-10 5.2314E-10 5.5890E-10 5.9580E-10 6.3380E-10 6.7282E-10 7.1353E-10 7.5635E-10 7.9775E-10 8.4219E-10 8.8564E-10 9.2829E-10 9.7376E-10 1.0184E-09 1.0614E-09 1.1065E-09 1.1503E-09 1.1925E-09 1.2345E-09 1.2766E-09 1.3155E-09 1.3543E-09 1.3913E-09 1.4265E-09 1.4589E-09 1.4909E-09 1.5217E-09 1.5478E-09
2.4867E-11 2.9075E-11 3.3231E-11 3.8380E-11 4.3561E-11 4.9274E-11 5.5047E-11 6.2108E-11 6.9134E-11 7.7623E-11 8.7707E-11 9.7938E-11 1.0985E-10 1.2206E-10 1.3455E-10 1.4973E-10 1.6532E-10 1.8293E-10 2.0348E-10 2.2263E-10 2.4488E-10 2.6787E-10 2.9240E-10 3.1775E-10 3.4467E-10 3.7311E-10 4.0303E-10 4.3443E-10 4.6731E-10 5.0146E-10 5.3689E-10 5.7358E-10 6.1147E-10 6.5024E-10 6.8987E-10 7.3408E-10 7.7596E-10 8.1945E-10 8.6475E-10 9.0850E-10 9.5518E-10 1.0009E-09 1.0454E-09 1.0911E-09 1.1381E-09 1.1820E-09 1.2261E-09 1.2708E-09 1.3124E-09 1.3538E-09 1.3936E-09 1.4321E-09 1.4681E-09 1.5046E-09 1.5377E-09 1.5678E-09 1.5960E-09
2.5234E-11 2.9524E-11 3.3756E-11 3.9010E-11 4.4291E-11 5.0117E-11 5.5993E-11 6.3201E-11 7.1107E-11 8.0505E-11 8.9354E-11 9.9815E-11 1.1203E-10 1.2452E-10 1.3886E-10 1.5363E-10 1.6885E-10 1.8693E-10 2.0811E-10 2.2938E-10 2.5066E-10 2.7430E-10 2.9954E-10 3.2562E-10 3.5324E-10 3.8237E-10 4.1304E-10 4.4518E-10 4.7871E-10 5.1363E-10 5.4990E-10 5.8734E-10 6.2584E-10 6.6541E-10 7.0847E-10 7.5142E-10 7.9510E-10 8.4093E-10 8.8552E-10 9.3172E-10 9.7946E-10 1.0253E-09 1.0726E-09 1.1210E-09 1.1664E-09 1.2126E-09 1.2597E-09 1.3035E-09 1.3472E-09 1.3899E-09 1.4317E-09 1.4707E-09 1.5103E-09 1.5471E-09 1.5811E-09 1.6146E-09 1.6453E-09
2.6553E-11 2.9919E-11 3.4219E-11 3.9570E-11 4.4942E-11 5.0872E-11 5.6841E-11 6.4184E-11 7.2241E-11 8.1842E-11 9.1611E-11 1.0302E-10 1.1401E-10 1.2678E-10 1.4146E-10 1.5657E-10 1.7370E-10 1.9292E-10 2.1242E-10 2.3427E-10 2.5691E-10 2.8119E-10 3.0635E-10 3.3303E-10 3.6126E-10 3.9106E-10 4.2237E-10 4.5514E-10 4.8937E-10 5.2498E-10 5.6184E-10 5.9994E-10 6.3922E-10 6.8079E-10 7.2461E-10 7.6723E-10 8.1455E-10 8.5950E-10 9.0492E-10 9.5461E-10 1.0016E-09 1.0499E-09 1.0992E-09 1.1462E-09 1.1943E-09 1.2432E-09 1.2888E-09 1.3349E-09 1.3815E-09 1.4250E-09 1.4665E-09 1.5094E-09 1.5498E-09 1.5877E-09 1.6242E-09 1.6604E-09 1.6924E-09
2.6852E-11 3.0773E-11 3.5655E-11 4.0577E-11 4.6025E-11 5.1533E-11 5.7586E-11 6.5050E-11 7.3245E-11 8.3035E-11 9.2982E-11 1.0463E-10 1.1658E-10 1.3035E-10 1.4382E-10 1.5925E-10 1.7677E-10 1.9728E-10 2.1801E-10 2.3886E-10 2.6217E-10 2.8703E-10 3.1268E-10 3.3992E-10 3.6876E-10 3.9912E-10 4.3098E-10 4.6436E-10 4.9916E-10 5.3532E-10 5.7281E-10 6.1159E-10 6.5139E-10 6.9597E-10 7.3865E-10 7.8476E-10 8.3080E-10 8.7655E-10 9.2567E-10 9.7445E-10 1.0220E-09 1.0735E-09 1.1218E-09 1.1701E-09 1.2214E-09 1.2689E-09 1.3160E-09 1.3651E-09 1.4117E-09 1.4561E-09 1.5021E-09 1.5459E-09 1.5865E-09 1.6269E-09 1.6671E-09 1.7033E-09 1.7378E-09
2.7099E-11 3.1067E-11 3.6018E-11 4.1004E-11 4.6525E-11 5.2098E-11 5.8968E-11 6.6531E-11 7.5573E-11 8.4076E-11 9.4184E-11 1.0605E-10 1.1821E-10 1.3224E-10 1.4673E-10 1.6244E-10 1.7954E-10 2.0056E-10 2.2196E-10 2.4412E-10 2.6703E-10 2.9238E-10 3.1861E-10 3.4636E-10 3.7564E-10 4.0648E-10 4.3889E-10 4.7275E-10 5.0805E-10 5.4476E-10 5.8276E-10 6.2198E-10 6.6494E-10 7.0834E-10 7.5175E-10 7.9992E-10 8.4587E-10 8.9512E-10 9.4390E-10 9.9201E-10 1.0430E-09 1.0935E-09 1.1425E-09 1.1940E-09 1.2443E-09 1.2932E-09 1.3439E-09 1.3927E-09 1.4397E-09 1.4885E-09 1.5349E-09 1.5786E-09 1.6225E-09 1.6666E-09 1.7069E-09 1.7457E-09 1.7843E-09
2.7293E-11 3.1300E-11 3.6311E-11 4.1351E-11 4.6935E-11 5.2562E-11 5.9517E-11 6.7177E-11 7.6357E-11 8.5711E-11 9.6701E-11 1.0727E-10 1.1962E-10 1.3390E-10 1.4862E-10 1.6540E-10 1.8302E-10 2.0387E-10 2.2564E-10 2.4816E-10 2.7242E-10 2.9747E-10 3.2404E-10 3.5216E-10 3.8193E-10 4.1323E-10 4.4602E-10 4.8030E-10 5.1606E-10 5.5318E-10 5.9171E-10 6.3164E-10 6.7665E-10 7.1961E-10 7.6623E-10 8.1313E-10 8.5970E-10 9.1075E-10 9.5915E-10 1.0094E-09 1.0613E-09 1.1111E-09 1.1636E-09 1.2152E-09 1.2653E-09 1.3175E-09 1.3683E-09 1.4176E-09 1.4686E-09 1.5174E-09 1.5641E-09 1.6113E-09 1.6589E-09 1.7031E-09 1.7460E-09 1.7890E-09 1.8314E-09
2.7432E-11 3.1471E-11 3.6531E-11 4.1617E-11 4.7253E-11 5.2922E-11 5.9949E-11 6.7692E-11 7.6995E-11 8.6461E-11 9.7606E-11 1.0906E-10 1.2232E-10 1.3530E-10 1.5044E-10 1.6774E-10 1.8794E-10 2.0842E-10 2.2985E-10 2.5208E-10 2.7667E-10 3.0199E-10 3.2897E-10 3.5753E-10 3.8760E-10 4.1920E-10 4.5238E-10 4.8705E-10 5.2319E-10 5.6087E-10 5.9998E-10 6.4400E-10 6.8632E-10 7.3118E-10 7.7859E-10 8.2475E-10 8.7431E-10 9.2381E-10 9.7283E-10 1.0260E-09 1.0764E-09 1.1283E-09 1.1819E-09 1.2329E-09 1.2852E-09 1.3389E-09 1.3899E-09 1.4426E-09 1.4938E-09 1.5433E-09 1.5934E-09 1.6443E-09 1.6920E-09 1.7388E-09 1.7856E-09 1.8315E-09 1.8736E-09
2.7515E-11 3.1578E-11 3.6679E-11 4.1799E-11 4.7477E-11 5.3177E-11 6.0263E-11 6.8074E-11 7.7481E-11 8.7041E-11 9.8324E-11 1.0991E-10 1.2350E-10 1.3767E-10 1.5304E-10 1.6976E-10 1.9038E-10 2.1137E-10 2.3310E-10 2.5634E-10 2.8046E-10 3.0620E-10 3.3345E-10 3.6222E-10 3.9258E-10 4.2455E-10 4.5801E-10 4.9310E-10 5.2971E-10 5.6792E-10 6.0745E-10 6.5227E-10 6.9511E-10 7.4272E-10 7.8830E-10 8.3613E-10 8.8640E-10 9.3511E-10 9.8704E-10 1.0387E-09 1.0898E-09 1.1448E-09 1.1967E-09 1.2500E-09 1.3049E-09 1.3570E-09 1.4102E-09 1.4646E-09 1.5164E-09 1.5692E-09 1.6229E-09 1.6739E-09 1.7241E-09 1.7737E-09 1.8237E-09 1.8701E-09 1.9150E-09
2.7543E-11 3.1621E-11 3.7266E-11 4.2413E-11 4.7605E-11 5.4054E-11 6.1183E-11 6.9043E-11 7.7814E-11 8.7449E-11 9.8949E-11 1.1093E-10 1.2479E-10 1.3907E-10 1.5544E-10 1.7259E-10 1.9277E-10 2.1396E-10 2.3592E-10 2.5960E-10 2.8399E-10 3.0986E-10 3.3728E-10 3.6641E-10 3.9702E-10 4.2928E-10 4.6308E-10 4.9866E-10 5.3567E-10 5.7422E-10 6.1767E-10 6.5952E-10 7.0378E-10 7.5074E-10 7.9666E-10 8.4725E-10 8.9556E-10 9.4595E-10 9.9863E-10 1.0496E-09 1.1035E-09 1.1570E-09 1.2098E-09 1.2664E-09 1.3196E-09 1.3729E-09 1.4302E-09 1.4840E-09 1.5377E-09 1.5952E-09 1.6490E-09 1.7014E-09 1.7543E-09 1.8080E-09 1.8585E-09 1.9068E-09 1.9538E-09
2.8023E-11 3.2632E-11 3.7274E-11 4.2438E-11 4.7636E-11 5.4111E-11 6.1272E-11 6.9922E-11 7.8781E-11 8.8758E-11 9.9796E-11 1.1184E-10 1.2583E-10 1.4050E-10 1.5719E-10 1.7442E-10 1.9640E-10 2.1720E-10 2.3867E-10 2.6246E-10 2.8692E-10 3.1312E-10 3.4081E-10 3.7008E-10 4.0093E-10 4.3360E-10 4.6782E-10 5.0362E-10 5.4092E-10 5.7971E-10 6.2359E-10 6.6555E-10 7.1243E-10 7.5743E-10 8.0473E-10 8.5461E-10 9.0323E-10 9.5643E-10 1.0071E-09 1.0597E-09 1.1145E-09 1.1674E-09 1.2232E-09 1.2784E-09 1.3327E-09 1.3900E-09 1.4465E-09 1.5020E-09 1.5603E-09 1.6170E-09 1.6719E-09 1.7265E-09 1.7849E-09 1.8381E-09 1.8904E-09 1.9417E-09 1.9931E-09
2.7945E-11 3.2561E-11 3.7207E-11 4.2376E-11 4.7571E-11 5.4059E-11 6.1238E-11 7.0197E-11 7.9333E-11 9.0118E-11 1.0119E-10 1.1353E-10 1.2711E-10 1.4182E-10 1.5859E-10 1.7685E-10 1.9855E-10 2.1940E-10 2.4171E-10 2.6496E-10 2.8971E-10 3.1598E-10 3.4381E-10 3.7341E-10 4.0466E-10 4.3749E-10 4.7190E-10 5.0791E-10 5.4538E-10 5.8655E-10 6.2834E-10 6.7042E-10 7.1768E-10 7.6274E-10 8.1268E-10 8.6051E-10 9.1051E-10 9.6295E-10 1.0140E-09 1.0695E-09 1.1224E-09 1.1757E-09 1.2337E-09 1.2887E-09 1.3455E-09 1.4043E-09 1.4612E-09 1.5208E-09 1.5791E-09 1.6362E-09 1.6933E-09 1.7527E-09 1.8102E-09 1.8661E-09 1.9212E-09 1.9760E-09 2.0310E-09
2.7811E-11 3.2425E-11 3.7064E-11 4.2228E-11 4.7409E-11 5.4095E-11 6.1554E-11 7.0558E-11 7.9707E-11 9.0727E-11 1.0211E-10 1.1530E-10 1.2888E-10 1.4457E-10 1.6012E-10 1.7924E-10 2.0024E-10 2.2128E-10 2.4391E-10 2.6721E-10 2.9203E-10 3.1852E-10 3.4673E-10 3.7648E-10 4.0784E-10 4.4082E-10 4.7542E-10 5.1143E-10 5.4882E-10 5.9130E-10 6.3210E-10 6.7776E-10 7.2163E-10 7.6795E-10 8.1700E-10 8.6485E-10 9.1751E-10 9.6792E-10 1.0204E-09 1.0752E-09 1.1284E-09 1.1851E-09 1.2415E-09 1.2974E-09 1.3581E-09 1.4159E-09 1.4749E-09 1.5358E-09 1.5947E-09 1.6537E-09 1.7150E-09 1.7754E-09 1.8342E-09 1.8921E-09 1.9505E-09 2.0095E-09 2.0647E-09
2.7620E-11 3.2224E-11 3.6846E-11 4.2130E-11 4.7544E-11 5.4291E-11 6.1746E-11 7.0895E-11 8.0322E-11 9.1447E-11 1.0283E-10 1.1615E-10 1.3002E-10 1.4583E-10 1.6214E-10 1.8298E-10 2.0190E-10 2.2304E-10 2.4572E-10 2.6914E-10 2.9431E-10 3.2096E-10 3.4921E-10 3.7904E-10 4.1060E-10 4.4361E-10 4.7808E-10 5.1399E-10 5.5145E-10 5.9409E-10 6.3472E-10 6.8051E-10 7.2440E-10 7.7315E-10 8.1990E-10 8.6900E-10 9.2076E-10 9.7119E-10 1.0264E-09 1.0792E-09 1.1342E-09 1.1916E-09 1.2477E-09 1.3073E-09 1.3663E-09 1.4248E-09 1.4878E-09 1.5481E-09 1.6082E-09 1.6702E-09 1.7340E-09 1.7951E-09 1.8557E-09 1.9157E-09 1.9796E-09 2.0377E-09 2.0944E-09
2.7376E-11 3.2037E-11 3.6867E-11 4.2244E-11 4.7636E-11 5.4439E-11 6.2139E-11 7.1425E-11 8.0833E-11 9.2016E-11 1.0366E-10 1.1714E-10 1.3097E-10 1.4680E-10 1.6336E-10 1.8441E-10 2.0413E-10 2.2530E-10 2.4751E-10 2.7113E-10 2.9629E-10 3.2294E-10 3.5138E-10 3.8130E-10 4.1269E-10 4.4553E-10 4.8005E-10 5.1594E-10 5.5663E-10 5.9575E-10 6.3757E-10 6.8228E-10 7.2594E-10 7.7477E-10 8.2148E-10 8.7304E-10 9.2247E-10 9.7419E-10 1.0286E-09 1.0817E-09 1.1397E-09 1.1955E-09 1.2521E-09 1.3136E-09 1.3724E-09 1.4335E-09 1.4967E-09 1.5581E-09 1.6201E-09 1.6867E-09 1.7496E-09 1.8124E-09 1.8751E-09 1.9398E-09 2.0026E-09 2.0628E-09 2.1260E-09
2.7316E-11 3.2098E-11 3.6910E-11 4.2287E-11 4.7885E-11 5.4843E-11 6.2518E-11 7.1794E-11 8.1436E-11 9.2811E-11 1.0440E-10 1.1784E-10 1.3189E-10 1.4793E-10 1.6439E-10 1.8553E-10 2.0551E-10 2.2697E-10 2.4912E-10 2.7271E-10 2.9801E-10 3.2482E-10 3.5307E-10 3.8279E-10 4.1419E-10 4.4706E-10 4.8131E-10 5.1689E-10 5.5766E-10 5.9669E-10 6.4067E-10 6.8282E-10 7.2994E-10 7.7528E-10 8.2175E-10 8.7339E-10 9.2273E-10 9.7702E-10 1.0293E-09 1.0827E-09 1.1414E-09 1.1974E-09 1.2584E-09 1.3172E-09 1.3769E-09 1.4417E-09 1.5038E-09 1.5667E-09 1.6329E-09 1.6985E-09 1.7632E-09 1.8275E-09 1.8945E-09 1.9598E-09 2.0231E-09 2.0867E-09 2.1514E-09
2.7329E-11 3.2089E-11 3.7066E-11 4.2623E-11 4.8191E-11 5.5115E-11 6.3695E-11 7.2456E-11 8.2799E-11 9.3379E-11 1.0511E-10 1.1879E-10 1.3275E-10 1.4870E-10 1.6611E-10 1.8687E-10 2.0684E-10 2.2827E-10 2.5051E-10 2.7427E-10 2.9943E-10 3.2602E-10 3.5424E-10 3.8401E-10 4.1518E-10 4.4773E-10 4.8179E-10 5.1728E-10 5.5791E-10 5.9654E-10 6.4047E-10 6.8246E-10 7.2949E-10 7.7448E-10 8.2434E-10 8.7235E-10 9.2158E-10 9.7615E-10 1.0285E-09 1.0860E-09 1.1413E-09 1.1977E-09 1.2598E-09 1.3192E-09 1.3826E-09 1.4461E-09 1.5095E-09 1.5749E-09 1.6427E-09 1.7084E-09 1.7742E-09 1.8414E-09 1.9103E-09 1.9755E-09 2.0418E-09 2.1093E-09 2.1721E-09
2.7417E-11 3.2354E-11 3.7330E-11 4.2859E-11 4.8528E-11 5.5648E-11 6.4234E-11 7.3690E-11 8.3377E-11 9.4917E-11 1.0664E-10 1.2023E-10 1.3423E-10 1.5035E-10 1.6865E-10 1.8794E-10 2.0796E-10 2.2958E-10 2.5176E-10 2.7530E-10 3.0036E-10 3.2703E-10 3.5509E-10 3.8454E-10 4.1546E-10 4.4795E-10 4.8174E-10 5.1677E-10 5.5721E-10 5.9566E-10 6.3946E-10 6.8098E-10 7.2780E-10 7.7242E-10 8.2220E-10 8.7000E-10 9.2287E-10 9.7404E-10 1.0264E-09 1.0841E-09 1.1399E-09 1.2008E-09 1.2598E-09 1.3200E-09 1.3859E-09 1.4492E-09 1.5135E-09 1.5828E-09 1.6492E-09 1.7160E-09 1.7830E-09 1.8544E-09 1.9213E-09 1.9878E-09 2.0597E-09 2.1246E-09 2.1923E-09
2.7652E-11 3.2565E-11 3.7597E-11 4.3300E-11 4.9011E-11 5.6820E-11 6.4707E-11 7.4349E-11 8.4073E-11 9.5535E-11 1.0802E-10 1.2100E-10 1.3581E-10 1.5266E-10 1.7035E-10 1.8984E-10 2.0989E-10 2.3053E-10 2.5254E-10 2.7618E-10 3.0117E-10 3.2752E-10 3.5528E-10 3.8469E-10 4.1543E-10 4.4747E-10 4.8080E-10 5.1925E-10 5.5596E-10 5.9755E-10 6.3734E-10 6.8200E-10 7.2494E-10 7.6915E-10 8.1885E-10 8.6662E-10 9.1961E-10 9.7054E-10 1.0268E-09 1.0814E-09 1.1375E-09 1.1991E-09 1.2588E-09 1.3225E-09 1.3866E-09 1.4507E-09 1.5172E-09 1.5864E-09 1.6536E-09 1.7214E-09 1.7919E-09 1.8616E-09 1.9297E-09 2.0011E-09 2.0698E-09 2.1401E-09 2.2074E-09
2.7868E-11 3.2932E-11 3.8045E-11 4.3714E-11 4.9413E-11 5.7387E-11 6.5359E-11 7.4932E-11 8.5364E-11 9.6214E-11 1.0878E-10 1.2162E-10 1.3708E-10 1.5426E-10 1.7220E-10 1.9072E-10 2.1059E-10 2.3132E-10 2.5335E-10 2.7669E-10 3.0136E-10 3.2768E-10 3.5535E-10 3.8433E-10 4.1461E-10 4.4645E-10 4.7956E-10 5.1759E-10 5.5373E-10 5.9492E-10 6.3416E-10 6.7849E-10 7.2094E-10 7.6875E-10 8.1480E-10 8.6212E-10 9.1517E-10 9.6635E-10 1.0230E-09 1.0777E-09 1.1380E-09 1.1967E-09 1.2568E-09 1.3225E-09 1.3860E-09 1.4508E-09 1.5207E-09 1.5881E-09 1.6558E-09 1.7241E-09 1.7972E-09 1.8663E-09 1.9364E-09 2.0089E-09 2.0789E-09 2.1505E-09 2.2192E-09
2.8287E-11 3.3326E-11 3.8403E-11 4.4216E-11 5.0034E-11 5.7953E-11 6.5853E-11 7.5550E-11 8.6105E-11 9.6842E-11 1.0928E-10 1.2220E-10 1.3934E-10 1.5509E-10 1.7288E-10 1.9145E-10 2.1142E-10 2.3190E-10 2.5364E-10 2.7690E-10 3.0156E-10 3.2750E-10 3.5474E-10 3.8349E-10 4.1361E-10 4.4495E-10 4.7747E-10 5.1503E-10 5.5057E-10 5.9131E-10 6.2998E-10 6.7423E-10 7.1653E-10 7.6399E-10 8.0958E-10 8.6082E-10 9.1033E-10 9.6137E-10 1.0183E-09 1.0736E-09 1.1343E-09 1.1933E-09 1.2550E-09 1.3203E-09 1.3841E-09 1.4493E-09 1.5199E-09 1.5877E-09 1.6560E-09 1.7277E-09 1.7982E-09 1.8675E-09 1.9426E-09 2.0119E-09 2.0869E-09 2.1559E-09 2.2305E-09
2.8642E-11 3.3774E-11 3.8993E-11 4.4771E-11 5.0535E-11 5.8527E-11 6.6565E-11 7.6193E-11 8.6643E-11 9.7406E-11 1.0996E-10 1.2424E-10 1.4002E-10 1.5576E-10 1.7366E-10 1.9210E-10 2.1183E-10 2.3218E-10 2.5393E-10 2.7693E-10 3.0119E-10 3.2687E-10 3.5398E-10 3.8234E-10 4.1191E-10 4.4266E-10 4.7456E-10 5.1162E-10 5.4765E-10 5.8702E-10 6.2551E-10 6.6942E-10 7.1108E-10 7.5867E-10 8.0427E-10 8.5540E-10 9.0462E-10 9.5993E-10 1.0135E-09 1.0686E-09 1.1297E-09 1.1891E-09 1.2539E-09 1.3168E-09 1.3808E-09 1.4505E-09 1.5176E-09 1.5855E-09 1.6538E-09 1.7273E-09 1.7968E-09 1.8683E-09 1.9421E-09 2.0163E-09 2.0886E-09 2.1628E-09 2.2346E-09
2.8663E-11 3.4312E-11 3.9495E-11 4.5313E-11 5.1206E-11 5.9184E-11 6.7139E-11 7.6758E-11 8.7315E-11 9.8026E-11 1.1113E-10 1.2551E-10 1.4078E-10 1.5645E-10 1.7416E-10 1.9245E-10 2.1222E-10 2.3242E-10 2.5382E-10 2.7652E-10 3.0069E-10 3.2609E-10 3.5270E-10 3.8051E-10 4.0949E-10 4.3963E-10 4.7202E-10 5.0754E-10 5.4466E-10 5.8247E-10 6.2265E-10 6.6404E-10 7.0567E-10 7.5306E-10 7.9822E-10 8.4968E-10 8.9920E-10 9.5438E-10 1.0077E-09 1.0671E-09 1.1248E-09 1.1840E-09 1.2491E-09 1.3121E-09 1.3764E-09 1.4463E-09 1.5134E-09 1.5812E-09 1.6526E-09 1.7233E-09 1.7927E-09 1.8686E-09 1.9392E-09 2.0163E-09 2.0894E-09 2.1647E-09 2.2382E-09
2.9171E-11 3.4305E-11 4.0121E-11 4.5974E-11 5.1811E-11 5.9753E-11 6.7810E-11 7.7434E-11 8.7868E-11 9.8472E-11 1.1243E-10 1.2627E-10 1.4136E-10 1.5686E-10 1.7463E-10 1.9286E-10 2.1235E-10 2.3222E-10 2.5357E-10 2.7610E-10 2.9982E-10 3.2473E-10 3.5080E-10 3.7803E-10 4.0640E-10 4.3594E-10 4.6940E-10 5.0346E-10 5.4119E-10 5.7732E-10 6.1884E-10 6.5860E-10 7.0347E-10 7.4713E-10 7.9371E-10 8.4379E-10 8.9293E-10 9.4840E-10 1.0020E-09 1.0613E-09 1.1188E-09 1.1820E-09 1.2436E-09 1.3064E-09 1.3733E-09 1.4406E-09 1.5076E-09 1.5751E-09 1.6478E-09 1.7169E-09 1.7886E-09 1.8630E-09 1.9400E-09 2.0114E-09 2.0899E-09 2.1643E-09 2.2410E-09
2.9766E-11 3.4962E-11 4.0732E-11 4.6541E-11 5.2480E-11 5.9734E-11 6.8436E-11 7.7939E-11 8.8438E-11 9.9763E-11 1.1373E-10 1.2676E-10 1.4190E-10 1.5741E-10 1.7494E-10 1.9289E-10 2.1232E-10 2.3213E-10 2.5309E-10 2.7518E-10 2.9842E-10 3.2280E-10 3.4832E-10 3.7495E-10 4.0314E-10 4.3247E-10 4.6526E-10 4.9875E-10 5.3650E-10 5.7234E-10 6.1339E-10 6.5282E-10 6.9797E-10 7.4133E-10 7.9007E-10 8.3753E-10 8.8937E-10 9.4223E-10 9.9542E-10 1.0549E-09 1.1126E-09 1.1757E-09 1.2369E-09 1.2995E-09 1.3679E-09 1.4335E-09 1.5000E-09 1.5684E-09 1.6399E-09 1.7087E-09 1.7844E-09 1.8568E-09 1.9326E-09 2.0088E-09 2.0837E-09 2.1630E-09 2.2370E-09
