Assets/Resources/2015_m01_d02_1700(utc+0800)_l00_csi_1hr_conc.grd
DSAA
         159         159
     -79.000      79.000
     -79.000      79.000
  0.0000E+00  0.2256E-05
[rows 25 to 49 of 159, columns 57 to 113 of 159]
5.4281E-09 5.1240E-09 4.8146E-09 4.5067E-09 4.1990E-09 3.8927E-09 3.5896E-09 3.2966E-09 3.0182E-09 2.7514E-09 2.4977E-09 2.2582E-09 2.0335E-09 1.8238E-09 1.6277E-09 1.4483E-09 1.2846E-09 1.1339E-09 9.9920E-10 8.7648E-10 7.6673E-10 6.6644E-10 5.7643E-10 5.0034E-10 4.3462E-10 3.7577E-10 3.2011E-10 2.7159E-10 2.1909E-10 1.7646E-10 1.3874E-10 1.1158E-10 9.8506E-11 8.6140E-11 7.4500E-11 6.3673E-11 5.4219E-11 4.6251E-11 3.8983E-11 3.2904E-11 2.7936E-11 2.4118E-11 2.1291E-11 1.8175E-11 1.4754E-11 1.1586E-11 8.2812E-12 5.6315E-12 4.1068E-12 2.4355E-12 1.6775E-12 5.4422E-13 4.8065E-13 0.0000E+00 0.0000E+00 0.0000E+00 0.0000E+00
5.4350E-09 5.1270E-09 4.8086E-09 4.4891E-09 4.1739E-09 3.8647E-09 3.5621E-09 3.2634E-09 2.9773E-09 2.7090E-09 2.4545E-09 2.2148E-09 1.9904E-09 1.7818E-09 1.5883E-09 1.4091E-09 1.2470E-09 1.0991E-09 9.6482E-10 8.4571E-10 7.3723E-10 6.3966E-10 5.5047E-10 4.7603E-10 4.1265E-10 3.5590E-10 3.0118E-10 2.5402E-10 2.0540E-10 1.6158E-10 1.2293E-10 1.0281E-10 9.0582E-11 7.9209E-11 6.8393E-11 5.8184E-11 4.8916E-11 4.0583E-11 3.4389E-11 2.9802E-11 2.5455E-11 2.1964E-11 1.9087E-11 1.5594E-11 1.2351E-11 9.6245E-12 7.0097E-12 4.2380E-12 3.1839E-12 1.7218E-12 1.0736E-12 4.9688E-13 0.0000E+00 0.0000E+00 0.0000E+00 0.0000E+00 0.0000E+00
5.4367E-09 5.1170E-09 4.7963E-09 4.4714E-09 4.1466E-09 3.8292E-09 3.5231E-09 3.2270E-09 2.9378E-09 2.6627E-09 2.4074E-09 2.1680E-09 1.9444E-09 1.7370E-09 1.5457E-09 1.3693E-09 1.2075E-09 1.0629E-09 9.3078E-10 8.1321E-10 7.0809E-10 6.1175E-10 5.2488E-10 4.5155E-10 3.9061E-10 3.3603E-10 2.8206E-10 2.3491E-10 1.8855E-10 1.4879E-10 1.1203E-10 9.4317E-11 8.2456E-11 7.1439E-11 6.1794E-11 5.2798E-11 4.4566E-11 3.6952E-11 3.0835E-11 2.6073E-11 2.2618E-11 1.9674E-11 1.5572E-11 1.2920E-11 1.0712E-11 7.5625E-12 5.3569E-12 3.5409E-12 2.2249E-12 1.1076E-12 5.6916E-13 0.0000E+00 0.0000E+00 0.0000E+00 0.0000E+00 0.0000E+00 0.0000E+00
5.4386E-09 5.1080E-09 4.7746E-09 4.4452E-09 4.1188E-09 3.7938E-09 3.4792E-09 3.1807E-09 2.8948E-09 2.6184E-09 2.3575E-09 2.1184E-09 1.8960E-09 1.6902E-09 1.5008E-09 1.3277E-09 1.1685E-09 1.0247E-09 8.9666E-10 7.8037E-10 6.7866E-10 5.8389E-10 4.9945E-10 4.2750E-10 3.6868E-10 3.1515E-10 2.6274E-10 2.1713E-10 1.7300E-10 1.3668E-10 1.0280E-10 8.6147E-11 7.5261E-11 6.4925E-11 5.5158E-11 4.5964E-11 3.8607E-11 3.3141E-11 2.7890E-11 2.3537E-11 1.9504E-11 1.5752E-11 1.3107E-11 1.0496E-11 8.1293E-12 6.0708E-12 4.3271E-12 2.2521E-12 1.6352E-12 7.9829E-13 0.0000E+00 0.0000E+00 0.0000E+00 0.0000E+00 0.0000E+00 0.0000E+00 0.0000E+00
5.4296E-09 5.0958E-09 4.7548E-09 4.4140E-09 4.0809E-09 3.7571E-09 3.4374E-09 3.1308E-09 2.8436E-09 2.5715E-09 2.3104E-09 2.0666E-09 1.8457E-09 1.6419E-09 1.4549E-09 1.2842E-09 1.1292E-09 9.8734E-10 8.6153E-10 7.4857E-10 6.4839E-10 5.5685E-10 4.7369E-10 4.0408E-10 3.4697E-10 2.9465E-10 2.4336E-10 2.0011E-10 1.5903E-10 1.2305E-10 9.3949E-11 7.7836E-11 6.8193E-11 5.8940E-11 4.9850E-11 4.1259E-11 3.4204E-11 2.8364E-11 2.3839E-11 1.9543E-11 1.5622E-11 1.3272E-11 1.0556E-11 8.2282E-12 6.2367E-12 4.6595E-12 2.7353E-12 1.6749E-12 9.8431E-13 0.0000E+00 0.0000E+00 0.0000E+00 0.0000E+00 0.0000E+00 0.0000E+00 0.0000E+00 0.0000E+00
5.4161E-09 5.0741E-09 4.7300E-09 4.3848E-09 4.0421E-09 3.7110E-09 3.3939E-09 3.0841E-09 2.7899E-09 2.5176E-09 2.2619E-09 2.0181E-09 1.7938E-09 1.5924E-09 1.4080E-09 1.2401E-09 1.0882E-09 9.5056E-10 8.2608E-10 7.1706E-10 6.1877E-10 5.2999E-10 4.4840E-10 3.8146E-10 3.2525E-10 2.7413E-10 2.2511E-10 1.8396E-10 1.4460E-10 1.1199E-10 8.5508E-11 7.0218E-11 6.0482E-11 5.1289E-11 4.3108E-11 3.6221E-11 3.0050E-11 2.4541E-11 1.9528E-11 1.5407E-11 1.2805E-11 1.0250E-11 8.1399E-12 6.2655E-12 4.6570E-12 2.6440E-12 1.7069E-12 8.3497E-13 0.0000E+00 0.0000E+00 0.0000E+00 0.0000E+00 0.0000E+00 0.0000E+00 0.0000E+00 0.0000E+00 0.0000E+00
5.4306E-09 5.0496E-09 4.6983E-09 4.3497E-09 4.0054E-09 3.6663E-09 3.3426E-09 3.0365E-09 2.7401E-09 2.4622E-09 2.2076E-09 1.9703E-09 1.7453E-09 1.5424E-09 1.3608E-09 1.1958E-09 1.0470E-09 9.1333E-10 7.9194E-10 6.8491E-10 5.9016E-10 5.0289E-10 4.2377E-10 3.5888E-10 3.0270E-10 2.5304E-10 2.0602E-10 1.6780E-10 1.2989E-10 1.0144E-10 7.7316E-11 6.4220E-11 5.4179E-11 4.5077E-11 3.7300E-11 3.0770E-11 2.4201E-11 1.9568E-11 1.5861E-11 1.2641E-11 1.0144E-11 7.9135E-12 5.9184E-12 4.4150E-12 2.7371E-12 1.6710E-12 5.9760E-13 0.0000E+00 0.0000E+00 0.0000E+00 0.0000E+00 0.0000E+00 0.0000E+00 0.0000E+00 0.0000E+00 0.0000E+00 0.0000E+00
5.4296E-09 5.0231E-09 4.6649E-09 4.3102E-09 3.9627E-09 3.6240E-09 3.2935E-09 2.9821E-09 2.6908E-09 2.4106E-09 2.1522E-09 1.9171E-09 1.6986E-09 1.4941E-09 1.3135E-09 1.1517E-09 1.0061E-09 8.7563E-10 7.5878E-10 6.5346E-10 5.6233E-10 4.7647E-10 3.9990E-10 3.3683E-10 2.8203E-10 2.3442E-10 1.8936E-10 1.5260E-10 1.1823E-10 9.2211E-11 7.1980E-11 5.6220E-11 4.6798E-11 3.9284E-11 3.1591E-11 2.5038E-11 1.9387E-11 1.5365E-11 1.2030E-11 9.6894E-12 7.7975E-12 5.8131E-12 3.9951E-12 2.9894E-12 1.4026E-12 5.2039E-13 0.0000E+00 0.0000E+00 0.0000E+00 0.0000E+00 0.0000E+00 0.0000E+00 0.0000E+00 0.0000E+00 0.0000E+00 0.0000E+00 0.0000E+00
5.4263E-09 5.0462E-09 4.6303E-09 4.2700E-09 3.9178E-09 3.5768E-09 3.2479E-09 2.9306E-09 2.6357E-09 2.3613E-09 2.1001E-09 1.8635E-09 1.6492E-09 1.4493E-09 1.2666E-09 1.1078E-09 9.6551E-10 8.3835E-10 7.2537E-10 6.2348E-10 5.3448E-10 4.5126E-10 3.7626E-10 3.1380E-10 2.6124E-10 2.1411E-10 1.7221E-10 1.3939E-10 1.0777E-10 8.4325E-11 6.3724E-11 4.9221E-11 4.0175E-11 3.1395E-11 2.5119E-11 1.9885E-11 1.5536E-11 1.2203E-11 9.0511E-12 7.2235E-12 5.3760E-12 3.5846E-12 2.8939E-12 9.9251E-13 1.6592E-13 0.0000E+00 0.0000E+00 0.0000E+00 0.0000E+00 0.0000E+00 0.0000E+00 0.0000E+00 0.0000E+00 0.0000E+00 0.0000E+00 0.0000E+00 0.0000E+00
5.4272E-09 5.0369E-09 4.6473E-09 4.2289E-09 3.8722E-09 3.5278E-09 3.1981E-09 2.8827E-09 2.5824E-09 2.3076E-09 2.0515E-09 1.8117E-09 1.5986E-09 1.4054E-09 1.2243E-09 1.0649E-09 9.2600E-10 8.0213E-10 6.9233E-10 5.9473E-10 5.0749E-10 4.2714E-10 3.5266E-10 2.9185E-10 2.4064E-10 1.9695E-10 1.5662E-10 1.2257E-10 9.5012E-11 7.3387E-11 5.4801E-11 4.0973E-11 3.2561E-11 2.5361E-11 1.9844E-11 1.5083E-11 1.0863E-11 8.7048E-12 6.8730E-12 4.6926E-12 3.4859E-12 2.2976E-12 8.5514E-13 3.6228E-14 0.0000E+00 0.0000E+00 0.0000E+00 0.0000E+00 0.0000E+00 0.0000E+00 0.0000E+00 0.0000E+00 0.0000E+00 0.0000E+00 0.0000E+00 0.0000E+00 0.0000E+00
5.4267E-09 5.0247E-09 4.6283E-09 4.1880E-09 3.8266E-09 3.4787E-09 3.1469E-09 2.8328E-09 2.5336E-09 2.2536E-09 2.0012E-09 1.7644E-09 1.5484E-09 1.3582E-09 1.1844E-09 1.0239E-09 8.8719E-10 7.6674E-10 6.6019E-10 5.6635E-10 4.8203E-10 4.0365E-10 3.2909E-10 2.7029E-10 2.2136E-10 1.7957E-10 1.4247E-10 1.1189E-10 8.5286E-11 6.4864E-11 4.5469E-11 3.2860E-11 2.5250E-11 1.9862E-11 1.5350E-11 1.1188E-11 8.2360E-12 6.0469E-12 4.1080E-12 3.2442E-12 1.7516E-12 5.2792E-13 0.0000E+00 0.0000E+00 0.0000E+00 0.0000E+00 0.0000E+00 0.0000E+00 0.0000E+00 0.0000E+00 0.0000E+00 0.0000E+00 0.0000E+00 0.0000E+00 0.0000E+00 0.0000E+00 0.0000E+00
5.4319E-09 5.0153E-09 4.6082E-09 4.2125E-09 3.7808E-09 3.4297E-09 3.0957E-09 2.7806E-09 2.4854E-09 2.2050E-09 1.9490E-09 1.7186E-09 1.5024E-09 1.3119E-09 1.1433E-09 9.8669E-10 8.4922E-10 7.3218E-10 6.2891E-10 5.3827E-10 4.5782E-10 3.7965E-10 3.0722E-10 2.5033E-10 2.0436E-10 1.6414E-10 1.2899E-10 1.0045E-10 7.4363E-11 5.3366E-11 3.6574E-11 2.5950E-11 1.9679E-11 1.3769E-11 1.0712E-11 7.9486E-12 5.3231E-12 3.8980E-12 2.5476E-12 1.5029E-12 1.3509E-13 0.0000E+00 0.0000E+00 0.0000E+00 0.0000E+00 0.0000E+00 0.0000E+00 0.0000E+00 0.0000E+00 0.0000E+00 0.0000E+00 0.0000E+00 0.0000E+00 0.0000E+00 0.0000E+00 0.0000E+00 0.0000E+00
5.4471E-09 5.0155E-09 4.5905E-09 4.1853E-09 3.7958E-09 3.3803E-09 3.0443E-09 2.7281E-09 2.4330E-09 2.1581E-09 1.8994E-09 1.6695E-09 1.4592E-09 1.2668E-09 1.1009E-09 9.5124E-10 8.1361E-10 6.9861E-10 5.9862E-10 5.1108E-10 4.3426E-10 3.5683E-10 2.8535E-10 2.2873E-10 1.8559E-10 1.4831E-10 1.1203E-10 8.3126E-11 5.8327E-11 4.0366E-11 2.8451E-11 1.9836E-11 1.4435E-11 1.0191E-11 6.9959E-12 4.4875E-12 3.5172E-12 1.9168E-12 7.5111E-13 0.0000E+00 0.0000E+00 0.0000E+00 0.0000E+00 0.0000E+00 0.0000E+00 0.0000E+00 0.0000E+00 0.0000E+00 0.0000E+00 0.0000E+00 0.0000E+00 0.0000E+00 0.0000E+00 0.0000E+00 0.0000E+00 0.0000E+00 0.0000E+00
5.4687E-09 5.0224E-09 4.5870E-09 4.1671E-09 3.7632E-09 3.3304E-09 2.9926E-09 2.6757E-09 2.3805E-09 2.1079E-09 1.8532E-09 1.6202E-09 1.4156E-09 1.2250E-09 1.0590E-09 9.1462E-10 7.8077E-10 6.6574E-10 5.6908E-10 4.8463E-10 4.1009E-10 3.3411E-10 2.6527E-10 2.1115E-10 1.6902E-10 1.3394E-10 9.7277E-11 7.1991E-11 4.8790E-11 3.2342E-11 2.1607E-11 1.4092E-11 9.8703E-12 6.5323E-12 4.3232E-12 2.7288E-12 1.6213E-12 2.1002E-13 0.0000E+00 0.0000E+00 0.0000E+00 0.0000E+00 0.0000E+00 0.0000E+00 0.0000E+00 0.0000E+00 0.0000E+00 0.0000E+00 0.0000E+00 0.0000E+00 0.0000E+00 0.0000E+00 0.0000E+00 0.0000E+00 0.0000E+00 0.0000E+00 0.0000E+00
5.4954E-09 5.0345E-09 4.5862E-09 4.1543E-09 3.7417E-09 3.3470E-09 2.9399E-09 2.6224E-09 2.3278E-09 2.0561E-09 1.8072E-09 1.5742E-09 1.3695E-09 1.1857E-09 1.0184E-09 8.7691E-10 7.4963E-10 6.3457E-10 5.4033E-10 4.5793E-10 3.8618E-10 3.1180E-10 2.4255E-10 1.9161E-10 1.5086E-10 1.1101E-10 8.5533E-11 6.1706E-11 4.0318E-11 2.5416E-11 1.6171E-11 9.1370E-12 5.7486E-12 3.9326E-12 2.0238E-12 9.8159E-13 0.0000E+00 0.0000E+00 0.0000E+00 0.0000E+00 0.0000E+00 0.0000E+00 0.0000E+00 0.0000E+00 0.0000E+00 0.0000E+00 0.0000E+00 0.0000E+00 0.0000E+00 0.0000E+00 0.0000E+00 0.0000E+00 0.0000E+00 0.0000E+00 0.0000E+00 0.0000E+00 0.0000E+00
5.5325E-09 5.0520E-09 4.5875E-09 4.1430E-09 3.7237E-09 3.3222E-09 2.9393E-09 2.5680E-09 2.2740E-09 2.0039E-09 1.7574E-09 1.5302E-09 1.3237E-09 1.1451E-09 9.8022E-10 8.3962E-10 7.1789E-10 6.0534E-10 5.1065E-10 4.3091E-10 3.6133E-10 2.9011E-10 2.2335E-10 1.7107E-10 1.3455E-10 9.8337E-11 6.8120E-11 4.5707E-11 2.7774E-11 1.8465E-11 9.9331E-12 5.5882E-12 3.1765E-12 1.6847E-12 3.3305E-13 0.0000E+00 0.0000E+00 0.0000E+00 0.0000E+00 0.0000E+00 0.0000E+00 0.0000E+00 0.0000E+00 0.0000E+00 0.0000E+00 0.0000E+00 0.0000E+00 0.0000E+00 0.0000E+00 0.0000E+00 0.0000E+00 0.0000E+00 0.0000E+00 0.0000E+00 0.0000E+00 0.0000E+00 0.0000E+00
5.5850E-09 5.0868E-09 4.6061E-09 4.1457E-09 3.7102E-09 3.3045E-09 2.9135E-09 2.5233E-09 2.2190E-09 1.9507E-09 1.7066E-09 1.4852E-09 1.2799E-09 1.1029E-09 9.4398E-10 8.0290E-10 6.8472E-10 5.7523E-10 4.8119E-10 4.0392E-10 3.3724E-10 2.6759E-10 2.0161E-10 1.5387E-10 1.2008E-10 8.6491E-11 5.9034E-11 3.7186E-11 2.0016E-11 1.1323E-11 5.1846E-12 2.4604E-12 1.0027E-12 0.0000E+00 0.0000E+00 0.0000E+00 0.0000E+00 0.0000E+00 0.0000E+00 0.0000E+00 0.0000E+00 0.0000E+00 0.0000E+00 0.0000E+00 0.0000E+00 0.0000E+00 0.0000E+00 0.0000E+00 0.0000E+00 0.0000E+00 0.0000E+00 0.0000E+00 0.0000E+00 0.0000E+00 0.0000E+00 0.0000E+00 0.0000E+00
5.6821E-09 5.1604E-09 4.6566E-09 4.1771E-09 3.7266E-09 3.3053E-09 2.9090E-09 2.5322E-09 2.1624E-09 1.8963E-09 1.6548E-09 1.4373E-09 1.2376E-09 1.0597E-09 9.0632E-10 7.6640E-10 6.4937E-10 5.4660E-10 4.5262E-10 3.7706E-10 3.1415E-10 2.4740E-10 1.8270E-10 1.3644E-10 9.7135E-11 6.6013E-11 4.2252E-11 2.9257E-11 1.4836E-11 7.5940E-12 2.1032E-12 2.6233E-13 0.0000E+00 0.0000E+00 0.0000E+00 0.0000E+00 0.0000E+00 0.0000E+00 0.0000E+00 0.0000E+00 0.0000E+00 0.0000E+00 0.0000E+00 0.0000E+00 0.0000E+00 0.0000E+00 0.0000E+00 0.0000E+00 0.0000E+00 0.0000E+00 0.0000E+00 0.0000E+00 0.0000E+00 0.0000E+00 0.0000E+00 0.0000E+00 0.0000E+00
5.7664E-09 5.2201E-09 4.6942E-09 4.1954E-09 3.7285E-09 3.2958E-09 2.8979E-09 2.4948E-09 2.1601E-09 1.8397E-09 1.6012E-09 1.3869E-09 1.1935E-09 1.0169E-09 8.6729E-10 7.3075E-10 6.1566E-10 5.1679E-10 4.2570E-10 3.5262E-10 2.9113E-10 2.2609E-10 1.6548E-10 1.2233E-10 8.5437E-11 5.6332E-11 3.4037E-11 1.6671E-11 8.9768E-12 3.2338E-12 0.0000E+00 0.0000E+00 0.0000E+00 0.0000E+00 0.0000E+00 0.0000E+00 0.0000E+00 0.0000E+00 0.0000E+00 0.0000E+00 0.0000E+00 0.0000E+00 0.0000E+00 0.0000E+00 0.0000E+00 0.0000E+00 0.0000E+00 0.0000E+00 0.0000E+00 0.0000E+00 0.0000E+00 0.0000E+00 0.0000E+00 0.0000E+00 0.0000E+00 0.0000E+00 0.0000E+00
5.9061E-09 5.3313E-09 4.7800E-09 4.2568E-09 3.7659E-09 3.3121E-09 2.8966E-09 2.5171E-09 2.1220E-09 1.8037E-09 1.5461E-09 1.3356E-09 1.1475E-09 9.7513E-10 8.2655E-10 6.9621E-10 5.8216E-10 4.8804E-10 4.0096E-10 3.2699E-10 2.6938E-10 2.0773E-10 1.4816E-10 1.0685E-10 7.5117E-11 4.7599E-11 2.6596E-11 1.0491E-11 4.2237E-12 5.6846E-13 0.0000E+00 0.0000E+00 0.0000E+00 0.0000E+00 0.0000E+00 0.0000E+00 0.0000E+00 0.0000E+00 0.0000E+00 0.0000E+00 0.0000E+00 0.0000E+00 0.0000E+00 0.0000E+00 0.0000E+00 0.0000E+00 0.0000E+00 0.0000E+00 0.0000E+00 0.0000E+00 0.0000E+00 0.0000E+00 0.0000E+00 0.0000E+00 0.0000E+00 0.0000E+00 0.0000E+00
6.0245E-09 5.4209E-09 4.8425E-09 4.2943E-09 3.7834E-09 3.3119E-09 2.8831E-09 2.4960E-09 2.0989E-09 1.7804E-09 1.5024E-09 1.2827E-09 1.1001E-09 9.3298E-10 7.8657E-10 6.6144E-10 5.5014E-10 4.5846E-10 3.7519E-10 3.0424E-10 2.4673E-10 1.8952E-10 1.3347E-10 8.5922E-11 5.4922E-11 3.1098E-11 1.2685E-11 6.5677E-12 3.1074E-12 0.0000E+00 0.0000E+00 0.0000E+00 0.0000E+00 0.0000E+00 0.0000E+00 0.0000E+00 0.0000E+00 0.0000E+00 0.0000E+00 0.0000E+00 0.0000E+00 0.0000E+00 0.0000E+00 0.0000E+00 0.0000E+00 0.0000E+00 0.0000E+00 0.0000E+00 0.0000E+00 0.0000E+00 0.0000E+00 0.0000E+00 0.0000E+00 0.0000E+00 0.0000E+00 0.0000E+00 0.0000E+00
6.1831E-09 5.5473E-09 4.9363E-09 4.3586E-09 3.8193E-09 3.3198E-09 2.8750E-09 2.4759E-09 2.1192E-09 1.7549E-09 1.4752E-09 1.2425E-09 1.0583E-09 8.9034E-10 7.4665E-10 6.2611E-10 5.1789E-10 4.3010E-10 3.5024E-10 2.7926E-10 2.2839E-10 1.7366E-10 1.1630E-10 7.3659E-11 4.6085E-11 2.3775E-11 8.8981E-12 4.6377E-12 1.7727E-12 0.0000E+00 0.0000E+00 0.0000E+00 0.0000E+00 0.0000E+00 0.0000E+00 0.0000E+00 0.0000E+00 0.0000E+00 0.0000E+00 0.0000E+00 0.0000E+00 0.0000E+00 0.0000E+00 0.0000E+00 0.0000E+00 0.0000E+00 0.0000E+00 0.0000E+00 0.0000E+00 0.0000E+00 0.0000E+00 0.0000E+00 0.0000E+00 0.0000E+00 0.0000E+00 0.0000E+00 0.0000E+00
6.3539E-09 5.6841E-09 5.0435E-09 4.4400E-09 3.8793E-09 3.3644E-09 2.8928E-09 2.4625E-09 2.0978E-09 1.7210E-09 1.4334E-09 1.2072E-09 1.0133E-09 8.5248E-10 7.0782E-10 5.9024E-10 4.8795E-10 3.9808E-10 3.2451E-10 2.6068E-10 2.0960E-10 1.5831E-10 1.0239E-10 6.1267E-11 3.8139E-11 2.0012E-11 6.2392E-12 3.2550E-12 4.8883E-13 0.0000E+00 0.0000E+00 0.0000E+00 0.0000E+00 0.0000E+00 0.0000E+00 0.0000E+00 0.0000E+00 0.0000E+00 0.0000E+00 0.0000E+00 0.0000E+00 0.0000E+00 0.0000E+00 0.0000E+00 0.0000E+00 0.0000E+00 0.0000E+00 0.0000E+00 0.0000E+00 0.0000E+00 0.0000E+00 0.0000E+00 0.0000E+00 0.0000E+00 0.0000E+00 0.0000E+00 0.0000E+00
6.5714E-09 5.8638E-09 5.1867E-09 4.5492E-09 3.9574E-09 3.4140E-09 2.9218E-09 2.4881E-09 2.0793E-09 1.7479E-09 1.4140E-09 1.1787E-09 9.7899E-10 8.1415E-10 6.7251E-10 5.5473E-10 4.5287E-10 3.7178E-10 3.0159E-10 2.4021E-10 1.9328E-10 1.4191E-10 8.6053E-11 4.5492E-11 2.3976E-11 8.7238E-12 4.7042E-12 2.0949E-12 0.0000E+00 0.0000E+00 0.0000E+00 0.0000E+00 0.0000E+00 0.0000E+00 0.0000E+00 0.0000E+00 0.0000E+00 0.0000E+00 0.0000E+00 0.0000E+00 0.0000E+00 0.0000E+00 0.0000E+00 0.0000E+00 0.0000E+00 0.0000E+00 0.0000E+00 0.0000E+00 0.0000E+00 0.0000E+00 0.0000E+00 0.0000E+00 0.0000E+00 0.0000E+00 0.0000E+00 0.0000E+00 0.0000E+00
6.8173E-09 6.0730E-09 5.3618E-09 4.6935E-09 4.0719E-09 3.5023E-09 2.9824E-09 2.5051E-09 2.1082E-09 1.7640E-09 1.3836E-09 1.1454E-09 9.4954E-10 7.8333E-10 6.4146E-10 5.1865E-10 4.2528E-10 3.4492E-10 2.7904E-10 2.2416E-10 1.7790E-10 1.2820E-10 7.3140E-11 3.6692E-11 1.9349E-11 6.2165E-12 3.2677E-12 1.0104E-12 0.0000E+00 0.0000E+00 0.0000E+00 0.0000E+00 0.0000E+00 0.0000E+00 0.0000E+00 0.0000E+00 0.0000E+00 0.0000E+00 0.0000E+00 0.0000E+00 0.0000E+00 0.0000E+00 0.0000E+00 0.0000E+00 0.0000E+00 0.0000E+00 0.0000E+00 0.0000E+00 0.0000E+00 0.0000E+00 0.0000E+00 0.0000E+00 0.0000E+00 0.0000E+00 0.0000E+00 0.0000E+00 0.0000E+00
