Assets/Resources/2015_m01_d13_1700(utc+0800)_l00_csi_1hr_conc.grd
DSAA
         159         159
     -79.000      79.000
     -79.000      79.000
  0.0000E+00  0.1016E-04
[rows 75 to 99 of 159, columns 0 to 56 of 159]
5.9152E-09 6.1842E-09 6.4580E-09 6.7301E-09 7.0061E-09 7.2786E-09 7.5504E-09 7.8195E-09 8.0818E-09 8.3451E-09 8.5902E-09 8.8310E-09 9.0542E-09 9.2641E-09 9.4619E-09 9.6321E-09 9.7876E-09 9.9173E-09 1.0024E-08 1.0106E-08 1.0159E-08 1.0188E-08 1.0184E-08 1.0152E-08 1.0092E-08 9.9978E-09 9.8768E-09 9.7275E-09 9.5468E-09 9.3444E-09 9.1142E-09 8.8548E-09 8.5734E-09 8.2652E-09 7.9347E-09 7.5895E-09 7.2254E-09 6.8500E-09 6.4703E-09 6.0886E-09 5.7146E-09 5.3467E-09 4.9884E-09 4.6384E-09 4.3010E-09 3.9822E-09 3.6902E-09 3.4398E-09 3.2346E-09 3.0850E-09 2.9890E-09 2.9612E-09 3.0087E-09 3.1439E-09 3.3760E-09 3.7529E-09 4.3491E-09
5.6093E-09 5.8568E-09 6.1103E-09 6.3595E-09 6.6122E-09 6.8627E-09 7.1074E-09 7.3566E-09 7.5890E-09 7.8259E-09 8.0459E-09 8.2548E-09 8.4547E-09 8.6301E-09 8.8000E-09 8.9428E-09 9.0650E-09 9.1715E-09 9.2470E-09 9.3018E-09 9.3300E-09 9.3280E-09 9.3021E-09 9.2455E-09 9.1603E-09 9.0514E-09 8.9110E-09 8.7466E-09 8.5616E-09 8.3492E-09 8.1179E-09 7.8670E-09 7.5909E-09 7.2972E-09 6.9884E-09 6.6641E-09 6.3292E-09 5.9896E-09 5.6447E-09 5.2974E-09 4.9514E-09 4.6127E-09 4.2782E-09 3.9529E-09 3.6362E-09 3.3323E-09 3.0557E-09 2.8083E-09 2.5921E-09 2.4037E-09 2.2737E-09 2.1729E-09 2.1258E-09 2.1249E-09 2.1997E-09 2.3981E-09 2.7178E-09
5.3055E-09 5.5345E-09 5.7657E-09 5.9958E-09 6.2243E-09 6.4532E-09 6.6741E-09 6.8976E-09 7.1107E-09 7.3154E-09 7.5131E-09 7.6945E-09 7.8654E-09 8.0191E-09 8.1542E-09 8.2755E-09 8.3712E-09 8.4470E-09 8.5040E-09 8.5305E-09 8.5355E-09 8.5137E-09 8.4621E-09 8.3877E-09 8.2874E-09 8.1585E-09 8.0100E-09 7.8380E-09 7.6435E-09 7.4348E-09 7.2066E-09 6.9581E-09 6.6971E-09 6.4216E-09 6.1309E-09 5.8315E-09 5.5287E-09 5.2196E-09 4.9094E-09 4.5983E-09 4.2884E-09 3.9785E-09 3.6703E-09 3.3668E-09 3.0728E-09 2.8030E-09 2.5517E-09 2.3109E-09 2.0921E-09 1.9039E-09 1.7492E-09 1.6045E-09 1.4871E-09 1.4342E-09 1.4196E-09 1.4570E-09 1.5836E-09
5.0069E-09 5.2168E-09 5.4284E-09 5.6370E-09 5.8464E-09 6.0507E-09 6.2526E-09 6.4498E-09 6.6404E-09 6.8228E-09 6.9910E-09 7.1521E-09 7.2947E-09 7.4243E-09 7.5372E-09 7.6282E-09 7.7063E-09 7.7566E-09 7.7878E-09 7.7991E-09 7.7806E-09 7.7397E-09 7.6748E-09 7.5821E-09 7.4668E-09 7.3330E-09 7.1729E-09 6.9955E-09 6.8064E-09 6.5960E-09 6.3726E-09 6.1389E-09 5.8894E-09 5.6279E-09 5.3613E-09 5.0905E-09 4.8144E-09 4.5357E-09 4.2584E-09 3.9784E-09 3.7004E-09 3.4190E-09 3.1439E-09 2.8755E-09 2.6194E-09 2.3773E-09 2.1379E-09 1.9122E-09 1.7056E-09 1.5274E-09 1.3484E-09 1.1886E-09 1.0654E-09 9.5737E-10 8.8260E-10 8.5632E-10 8.5877E-10
4.7154E-09 4.9056E-09 5.0991E-09 5.2876E-09 5.4763E-09 5.6615E-09 5.8391E-09 6.0172E-09 6.1826E-09 6.3427E-09 6.4905E-09 6.6228E-09 6.7478E-09 6.8514E-09 6.9422E-09 7.0149E-09 7.0653E-09 7.1014E-09 7.1113E-09 7.1009E-09 7.0695E-09 7.0125E-09 6.9326E-09 6.8322E-09 6.7082E-09 6.5632E-09 6.4022E-09 6.2272E-09 6.0362E-09 5.8332E-09 5.6213E-09 5.3970E-09 5.1614E-09 4.9212E-09 4.6764E-09 4.4280E-09 4.1773E-09 3.9267E-09 3.6743E-09 3.4256E-09 3.1836E-09 2.9394E-09 2.7013E-09 2.4663E-09 2.2392E-09 2.0189E-09 1.8076E-09 1.6074E-09 1.4214E-09 1.2418E-09 1.0700E-09 9.2130E-10 7.8449E-10 6.5635E-10 5.6981E-10 4.9247E-10 4.2976E-10
4.4283E-09 4.6041E-09 4.7775E-09 4.9492E-09 5.1167E-09 5.2827E-09 5.4423E-09 5.5947E-09 5.7440E-09 5.8777E-09 6.0066E-09 6.1202E-09 6.2176E-09 6.3066E-09 6.3743E-09 6.4270E-09 6.4625E-09 6.4754E-09 6.4718E-09 6.4458E-09 6.3990E-09 6.3307E-09 6.2426E-09 6.1334E-09 6.0042E-09 5.8597E-09 5.6978E-09 5.5220E-09 5.3379E-09 5.1457E-09 4.9419E-09 4.7305E-09 4.5141E-09 4.2912E-09 4.0682E-09 3.8429E-09 3.6170E-09 3.3911E-09 3.1672E-09 2.9459E-09 2.7260E-09 2.5183E-09 2.3123E-09 2.1132E-09 1.9190E-09 1.7304E-09 1.5471E-09 1.3721E-09 1.2003E-09 1.0371E-09 8.8178E-10 7.2776E-10 6.0642E-10 4.9759E-10 4.0441E-10 3.1722E-10 2.3739E-10
4.1502E-09 4.3088E-09 4.4673E-09 4.6199E-09 4.7711E-09 4.9161E-09 5.0591E-09 5.1922E-09 5.3175E-09 5.4369E-09 5.5406E-09 5.6370E-09 5.7184E-09 5.7815E-09 5.8360E-09 5.8718E-09 5.8887E-09 5.8891E-09 5.8697E-09 5.8313E-09 5.7731E-09 5.6969E-09 5.6007E-09 5.4868E-09 5.3577E-09 5.2120E-09 5.0534E-09 4.8863E-09 4.7095E-09 4.5242E-09 4.3324E-09 4.1378E-09 3.9362E-09 3.7341E-09 3.5308E-09 3.3275E-09 3.1248E-09 2.9221E-09 2.7192E-09 2.5211E-09 2.3339E-09 2.1529E-09 1.9752E-09 1.8044E-09 1.6380E-09 1.4769E-09 1.3208E-09 1.1708E-09 1.0235E-09 8.7648E-10 7.4614E-10 6.2556E-10 5.1146E-10 4.1160E-10 3.0320E-10 2.0767E-10 1.4244E-10
3.8830E-09 4.0236E-09 4.1654E-09 4.3046E-09 4.4372E-09 4.5666E-09 4.6893E-09 4.8059E-09 4.9142E-09 5.0105E-09 5.1002E-09 5.1756E-09 5.2396E-09 5.2906E-09 5.3242E-09 5.3456E-09 5.3510E-09 5.3369E-09 5.3073E-09 5.2594E-09 5.1929E-09 5.1086E-09 5.0078E-09 4.8912E-09 4.7580E-09 4.6124E-09 4.4641E-09 4.3029E-09 4.1377E-09 3.9668E-09 3.7919E-09 3.6117E-09 3.4278E-09 3.2425E-09 3.0568E-09 2.8737E-09 2.6905E-09 2.5092E-09 2.3288E-09 2.1587E-09 1.9993E-09 1.8455E-09 1.6955E-09 1.5478E-09 1.4026E-09 1.2625E-09 1.1293E-09 1.0009E-09 8.6939E-10 7.4653E-10 6.3444E-10 5.2998E-10 4.2852E-10 3.0493E-10 2.1485E-10 1.5438E-10 9.8430E-11
3.6232E-09 3.7516E-09 3.8758E-09 3.9989E-09 4.1196E-09 4.2306E-09 4.3386E-09 4.4371E-09 4.5277E-09 4.6099E-09 4.6794E-09 4.7401E-09 4.7883E-09 4.8236E-09 4.8454E-09 4.8525E-09 4.8443E-09 4.8228E-09 4.7831E-09 4.7283E-09 4.6537E-09 4.5624E-09 4.4581E-09 4.3412E-09 4.2144E-09 4.0767E-09 3.9321E-09 3.7809E-09 3.6259E-09 3.4695E-09 3.3070E-09 3.1432E-09 2.9781E-09 2.8089E-09 2.6421E-09 2.4780E-09 2.3144E-09 2.1513E-09 1.9982E-09 1.8552E-09 1.7187E-09 1.5837E-09 1.4515E-09 1.3225E-09 1.1974E-09 1.0778E-09 9.6237E-10 8.4730E-10 7.4083E-10 6.3496E-10 5.3690E-10 4.1790E-10 3.0696E-10 2.3428E-10 1.7367E-10 1.1794E-10 6.5059E-11
3.3750E-09 3.4883E-09 3.6010E-09 3.7075E-09 3.8122E-09 3.9132E-09 4.0032E-09 4.0874E-09 4.1635E-09 4.2280E-09 4.2852E-09 4.3308E-09 4.3627E-09 4.3866E-09 4.3954E-09 4.3920E-09 4.3744E-09 4.3404E-09 4.2929E-09 4.2306E-09 4.1556E-09 4.0648E-09 3.9617E-09 3.8469E-09 3.7220E-09 3.5888E-09 3.4498E-09 3.3061E-09 3.1617E-09 3.0140E-09 2.8649E-09 2.7163E-09 2.5630E-09 2.4077E-09 2.2584E-09 2.1103E-09 1.9638E-09 1.8273E-09 1.6955E-09 1.5719E-09 1.4522E-09 1.3344E-09 1.2208E-09 1.1107E-09 1.0045E-09 9.0277E-10 8.0109E-10 7.0280E-10 6.0569E-10 4.9276E-10 3.7866E-10 3.0056E-10 2.3575E-10 1.8515E-10 1.3019E-10 8.3752E-11 4.4694E-11
3.1369E-09 3.2381E-09 3.3363E-09 3.4319E-09 3.5218E-09 3.6062E-09 3.6881E-09 3.7562E-09 3.8176E-09 3.8721E-09 3.9125E-09 3.9463E-09 3.9680E-09 3.9767E-09 3.9740E-09 3.9600E-09 3.9332E-09 3.8946E-09 3.8445E-09 3.7789E-09 3.7021E-09 3.6141E-09 3.5119E-09 3.4000E-09 3.2795E-09 3.1517E-09 3.0207E-09 2.8883E-09 2.7517E-09 2.6158E-09 2.4816E-09 2.3438E-09 2.2050E-09 2.0677E-09 1.9328E-09 1.8000E-09 1.6772E-09 1.5584E-09 1.4477E-09 1.3413E-09 1.2382E-09 1.1360E-09 1.0358E-09 9.3977E-10 8.4689E-10 7.5565E-10 6.5844E-10 5.5876E-10 4.5090E-10 3.6316E-10 2.9922E-10 2.4680E-10 1.9508E-10 1.4574E-10 1.0065E-10 5.5722E-11 1.8307E-11
2.9095E-09 2.9987E-09 3.0862E-09 3.1682E-09 3.2472E-09 3.3194E-09 3.3840E-09 3.4448E-09 3.4941E-09 3.5342E-09 3.5662E-09 3.5880E-09 3.5962E-09 3.5986E-09 3.5875E-09 3.5650E-09 3.5356E-09 3.4912E-09 3.4347E-09 3.3690E-09 3.2904E-09 3.1994E-09 3.1001E-09 2.9930E-09 2.8775E-09 2.7568E-09 2.6356E-09 2.5093E-09 2.3847E-09 2.2614E-09 2.1351E-09 2.0091E-09 1.8827E-09 1.7562E-09 1.6353E-09 1.5246E-09 1.4161E-09 1.3165E-09 1.2196E-09 1.1243E-09 1.0314E-09 9.4205E-10 8.5515E-10 7.6843E-10 6.8271E-10 5.9350E-10 4.9852E-10 4.1780E-10 3.4379E-10 2.8738E-10 2.4146E-10 1.9402E-10 1.4863E-10 1.0815E-10 6.4339E-11 2.4864E-11 8.2697E-12
2.6946E-09 2.7719E-09 2.8473E-09 2.9199E-09 2.9868E-09 3.0475E-09 3.1032E-09 3.1488E-09 3.1880E-09 3.2217E-09 3.2402E-09 3.2526E-09 3.2559E-09 3.2465E-09 3.2285E-09 3.2040E-09 3.1641E-09 3.1154E-09 3.0601E-09 2.9901E-09 2.9090E-09 2.8202E-09 2.7224E-09 2.6171E-09 2.5081E-09 2.3971E-09 2.2810E-09 2.1672E-09 2.0531E-09 1.9359E-09 1.8232E-09 1.7054E-09 1.5851E-09 1.4762E-09 1.3733E-09 1.2762E-09 1.1865E-09 1.0982E-09 1.0118E-09 9.2757E-10 8.4440E-10 7.6394E-10 6.8570E-10 6.0767E-10 5.2607E-10 4.5114E-10 3.8470E-10 3.2126E-10 2.7121E-10 2.3113E-10 1.8905E-10 1.4740E-10 1.1505E-10 7.2471E-11 3.0636E-11 9.2726E-12 6.3607E-12
2.4903E-09 2.5581E-09 2.6231E-09 2.6840E-09 2.7416E-09 2.7926E-09 2.8366E-09 2.8745E-09 2.9027E-09 2.9244E-09 2.9384E-09 2.9433E-09 2.9375E-09 2.9244E-09 2.9030E-09 2.8704E-09 2.8280E-09 2.7802E-09 2.7185E-09 2.6465E-09 2.5703E-09 2.4840E-09 2.3871E-09 2.2872E-09 2.1856E-09 2.0795E-09 1.9735E-09 1.8682E-09 1.7629E-09 1.6523E-09 1.5423E-09 1.4346E-09 1.3413E-09 1.2494E-09 1.1585E-09 1.0770E-09 9.9705E-10 9.1727E-10 8.3925E-10 7.6414E-10 6.9114E-10 6.1732E-10 5.4703E-10 4.8360E-10 4.2062E-10 3.5923E-10 3.0543E-10 2.5935E-10 2.1890E-10 1.7771E-10 1.4574E-10 1.1862E-10 7.7464E-11 3.6541E-11 1.0147E-11 6.5839E-12 5.7526E-12
2.2975E-09 2.3559E-09 2.4120E-09 2.4636E-09 2.5110E-09 2.5526E-09 2.5881E-09 2.6169E-09 2.6365E-09 2.6516E-09 2.6567E-09 2.6535E-09 2.6448E-09 2.6272E-09 2.5996E-09 2.5646E-09 2.5240E-09 2.4711E-09 2.4095E-09 2.3423E-09 2.2663E-09 2.1805E-09 2.0890E-09 1.9966E-09 1.9025E-09 1.8043E-09 1.7067E-09 1.6078E-09 1.5024E-09 1.4070E-09 1.3031E-09 1.2206E-09 1.1373E-09 1.0539E-09 9.7943E-10 9.0738E-10 8.3710E-10 7.6761E-10 6.9805E-10 6.3255E-10 5.7232E-10 5.1438E-10 4.5785E-10 3.9789E-10 3.4365E-10 2.9600E-10 2.4947E-10 2.0956E-10 1.7338E-10 1.4525E-10 1.1957E-10 8.3123E-11 4.2825E-11 1.1360E-11 6.8144E-12 5.9352E-12 4.5552E-12
2.1153E-09 2.1657E-09 2.2133E-09 2.2568E-09 2.2961E-09 2.3292E-09 2.3552E-09 2.3761E-09 2.3904E-09 2.3976E-09 2.3961E-09 2.3892E-09 2.3726E-09 2.3497E-09 2.3220E-09 2.2873E-09 2.2419E-09 2.1891E-09 2.1315E-09 2.0657E-09 1.9911E-09 1.9102E-09 1.8261E-09 1.7389E-09 1.6499E-09 1.5611E-09 1.4598E-09 1.3686E-09 1.2771E-09 1.1910E-09 1.1140E-09 1.0395E-09 9.6464E-10 8.9858E-10 8.3342E-10 7.6924E-10 7.0717E-10 6.4909E-10 5.9241E-10 5.3794E-10 4.8431E-10 4.3263E-10 3.7911E-10 3.2983E-10 2.8260E-10 2.3639E-10 1.9886E-10 1.6588E-10 1.4297E-10 1.2095E-10 8.6876E-11 4.1045E-11 1.2818E-11 7.0133E-12 6.0842E-12 5.0201E-12 2.5692E-12
1.9442E-09 1.9868E-09 2.0271E-09 2.0632E-09 2.0948E-09 2.1209E-09 2.1401E-09 2.1542E-09 2.1606E-09 2.1618E-09 2.1573E-09 2.1453E-09 2.1261E-09 2.1016E-09 2.0709E-09 2.0320E-09 1.9882E-09 1.9387E-09 1.8822E-09 1.8181E-09 1.7478E-09 1.6730E-09 1.5949E-09 1.5147E-09 1.4275E-09 1.3410E-09 1.2555E-09 1.1788E-09 1.1001E-09 1.0294E-09 9.6168E-10 8.9356E-10 8.3476E-10 7.7732E-10 7.2117E-10 6.6613E-10 6.1225E-10 5.6022E-10 5.1076E-10 4.6281E-10 4.1602E-10 3.6466E-10 3.1592E-10 2.6821E-10 2.2640E-10 1.9302E-10 1.6600E-10 1.4129E-10 1.2113E-10 9.0832E-11 3.7723E-11 1.1931E-11 7.8619E-12 6.1966E-12 5.2725E-12 3.1208E-12 6.3599E-13
1.7835E-09 1.8195E-09 1.8529E-09 1.8823E-09 1.9072E-09 1.9271E-09 1.9402E-09 1.9483E-09 1.9505E-09 1.9466E-09 1.9364E-09 1.9204E-09 1.8998E-09 1.8741E-09 1.8415E-09 1.8037E-09 1.7605E-09 1.7107E-09 1.6555E-09 1.5961E-09 1.5299E-09 1.4603E-09 1.3882E-09 1.3124E-09 1.2283E-09 1.1569E-09 1.0842E-09 1.0152E-09 9.5059E-10 8.8882E-10 8.2539E-10 7.7346E-10 7.2205E-10 6.7080E-10 6.2086E-10 5.7334E-10 5.2760E-10 4.8370E-10 4.3760E-10 3.9546E-10 3.4684E-10 2.9920E-10 2.5228E-10 2.1771E-10 1.8762E-10 1.6381E-10 1.3981E-10 1.2006E-10 8.3941E-11 3.3139E-11 1.3404E-11 8.6861E-12 6.2705E-12 5.4684E-12 3.4814E-12 8.1509E-13 0.0000E+00
1.6313E-09 1.6614E-09 1.6890E-09 1.7119E-09 1.7305E-09 1.7448E-09 1.7522E-09 1.7555E-09 1.7529E-09 1.7448E-09 1.7314E-09 1.7125E-09 1.6891E-09 1.6596E-09 1.6271E-09 1.5900E-09 1.5480E-09 1.5002E-09 1.4494E-09 1.3926E-09 1.3316E-09 1.2675E-09 1.1930E-09 1.1258E-09 1.0576E-09 9.9702E-10 9.3291E-10 8.7357E-10 8.1228E-10 7.5555E-10 7.0915E-10 6.6600E-10 6.2143E-10 5.7776E-10 5.3523E-10 4.9552E-10 4.5271E-10 4.1136E-10 3.6873E-10 3.2218E-10 2.7706E-10 2.3943E-10 2.0945E-10 1.8321E-10 1.5939E-10 1.3752E-10 1.1690E-10 7.0980E-11 2.6524E-11 1.3255E-11 8.7274E-12 7.0247E-12 5.5802E-12 3.7309E-12 9.4813E-13 0.0000E+00 0.0000E+00
1.4867E-09 1.5123E-09 1.5362E-09 1.5537E-09 1.5669E-09 1.5754E-09 1.5787E-09 1.5777E-09 1.5710E-09 1.5602E-09 1.5435E-09 1.5230E-09 1.4970E-09 1.4684E-09 1.4357E-09 1.3989E-09 1.3572E-09 1.3126E-09 1.2635E-09 1.2102E-09 1.1556E-09 1.0922E-09 1.0288E-09 9.7187E-10 9.1629E-10 8.5703E-10 7.9907E-10 7.4254E-10 6.9386E-10 6.5212E-10 6.1163E-10 5.7220E-10 5.3349E-10 4.9563E-10 4.5882E-10 4.1905E-10 3.8325E-10 3.4138E-10 2.9942E-10 2.6015E-10 2.2695E-10 2.0148E-10 1.7797E-10 1.5405E-10 1.3431E-10 1.0794E-10 5.6154E-11 2.3702E-11 1.3671E-11 9.5203E-12 7.0494E-12 5.5923E-12 3.8567E-12 1.0143E-12 0.0000E+00 0.0000E+00 0.0000E+00
1.3516E-09 1.3711E-09 1.3871E-09 1.4025E-09 1.4119E-09 1.4150E-09 1.4147E-09 1.4090E-09 1.3993E-09 1.3857E-09 1.3673E-09 1.3447E-09 1.3201E-09 1.2912E-09 1.2598E-09 1.2238E-09 1.1843E-09 1.1415E-09 1.0956E-09 1.0442E-09 9.9077E-10 9.3875E-10 8.8854E-10 8.3664E-10 7.7882E-10 7.2936E-10 6.7703E-10 6.3547E-10 5.9780E-10 5.6140E-10 5.2621E-10 4.9198E-10 4.5822E-10 4.2276E-10 3.8818E-10 3.5530E-10 3.1607E-10 2.7797E-10 2.4327E-10 2.1633E-10 1.9118E-10 1.7057E-10 1.4909E-10 1.2926E-10 8.7091E-11 3.9557E-11 2.2001E-11 1.4264E-11 1.0376E-11 7.8064E-12 5.5684E-12 3.8482E-12 9.6016E-13 0.0000E+00 0.0000E+00 0.0000E+00 0.0000E+00
1.2251E-09 1.2399E-09 1.2556E-09 1.2643E-09 1.2674E-09 1.2708E-09 1.2679E-09 1.2595E-09 1.2469E-09 1.2323E-09 1.2121E-09 1.1902E-09 1.1649E-09 1.1376E-09 1.1062E-09 1.0719E-09 1.0346E-09 9.9460E-10 9.4989E-10 9.0528E-10 8.5887E-10 8.1164E-10 7.6168E-10 7.0866E-10 6.5987E-10 6.1530E-10 5.7867E-10 5.4652E-10 5.1373E-10 4.8207E-10 4.5161E-10 4.2137E-10 3.8838E-10 3.5967E-10 3.2722E-10 2.8921E-10 2.5545E-10 2.2841E-10 2.0340E-10 1.8156E-10 1.6099E-10 1.4229E-10 1.1122E-10 6.2128E-11 3.3909E-11 2.1802E-11 1.3697E-11 1.0363E-11 7.7718E-12 5.5089E-12 3.6973E-12 7.7823E-13 0.0000E+00 0.0000E+00 0.0000E+00 0.0000E+00 0.0000E+00
1.1073E-09 1.1206E-09 1.1274E-09 1.1326E-09 1.1367E-09 1.1339E-09 1.1261E-09 1.1178E-09 1.1073E-09 1.0905E-09 1.0700E-09 1.0468E-09 1.0227E-09 9.9554E-10 9.6562E-10 9.3331E-10 8.9853E-10 8.6152E-10 8.2259E-10 7.8179E-10 7.3981E-10 6.9201E-10 6.4490E-10 6.0095E-10 5.6227E-10 5.2927E-10 4.9814E-10 4.6861E-10 4.4018E-10 4.1278E-10 3.8307E-10 3.5779E-10 3.2993E-10 2.9498E-10 2.6360E-10 2.3463E-10 2.1173E-10 1.9154E-10 1.7139E-10 1.5176E-10 1.2537E-10 8.0650E-11 4.5797E-11 3.1014E-11 2.1132E-11 1.4412E-11 1.0293E-11 7.6930E-12 6.1543E-12 3.2552E-12 4.9739E-13 0.0000E+00 0.0000E+00 0.0000E+00 0.0000E+00 0.0000E+00 0.0000E+00
1.0005E-09 1.0082E-09 1.0146E-09 1.0191E-09 1.0165E-09 1.0112E-09 1.0046E-09 9.9536E-10 9.7947E-10 9.6116E-10 9.4359E-10 9.2264E-10 8.9811E-10 8.7175E-10 8.4327E-10 8.1281E-10 7.8033E-10 7.4778E-10 7.1208E-10 6.7498E-10 6.3156E-10 5.8928E-10 5.4998E-10 5.1572E-10 4.8488E-10 4.5607E-10 4.2908E-10 4.0339E-10 3.7536E-10 3.5194E-10 3.2426E-10 2.9633E-10 2.6509E-10 2.3877E-10 2.1698E-10 1.9614E-10 1.7799E-10 1.5389E-10 1.2735E-10 9.1554E-11 5.7141E-11 4.0258E-11 2.8219E-11 1.9576E-11 1.4292E-11 1.0983E-11 8.3316E-12 5.9616E-12 2.6115E-12 1.5945E-13 0.0000E+00 0.0000E+00 0.0000E+00 0.0000E+00 0.0000E+00 0.0000E+00 0.0000E+00
8.9907E-10 9.0474E-10 9.0896E-10 9.0779E-10 9.0448E-10 8.9929E-10 8.8980E-10 8.7607E-10 8.6137E-10 8.4578E-10 8.2757E-10 8.0544E-10 7.8170E-10 7.5712E-10 7.3481E-10 7.0651E-10 6.7659E-10 6.4530E-10 6.1269E-10 5.7450E-10 5.3713E-10 5.0321E-10 4.7270E-10 4.4394E-10 4.1695E-10 3.9012E-10 3.6523E-10 3.4324E-10 3.1545E-10 2.9231E-10 2.6280E-10 2.3466E-10 2.1453E-10 1.9365E-10 1.7127E-10 1.5135E-10 1.2438E-10 9.5988E-11 6.6537E-11 4.8328E-11 3.6501E-11 2.4948E-11 1.9338E-11 1.4100E-11 1.0820E-11 8.1857E-12 5.5846E-12 1.7695E-12 0.0000E+00 0.0000E+00 0.0000E+00 0.0000E+00 0.0000E+00 0.0000E+00 0.0000E+00 0.0000E+00 0.0000E+00
