Assets/Resources/2015_m01_d06_1300(utc+0800)_l00_csi_1hr_conc.grd
DSAA
         159         159
     -79.000      79.000
     -79.000      79.000
  0.0000E+00  0.3206E-05
[rows 50 to 74 of 159, columns 57 to 113 of 159]
0.0000E+00 0.0000E+00 0.0000E+00 0.0000E+00 0.0000E+00 0.0000E+00 0.0000E+00 0.0000E+00 0.0000E+00 0.0000E+00 0.0000E+00 1.8534E-12 6.2572E-11 1.6056E-10 3.6594E-10 6.2651E-10 9.8369E-10 1.5096E-09 2.2336E-09 3.1997E-09 4.4254E-09 5.9284E-09 7.7197E-09 9.7684E-09 1.2001E-08 1.4322E-08 1.6599E-08 1.8675E-08 2.0410E-08 2.1657E-08 2.2313E-08 2.2327E-08 2.1702E-08 2.0500E-08 1.8828E-08 1.6821E-08 1.4626E-08 1.2388E-08 1.0222E-08 8.2346E-09 6.4751E-09 4.9705E-09 3.7386E-09 2.7485E-09 1.9518E-09 1.3413E-09 8.8001E-10 5.4686E-10 3.2674E-10 1.8890E-10 9.8343E-11 4.4797E-11 1.7746E-11 2.2933E-12 5.3827E-13 0.0000E+00 0.0000E+00
0.0000E+00 0.0000E+00 0.0000E+00 0.0000E+00 0.0000E+00 0.0000E+00 0.0000E+00 0.0000E+00 0.0000E+00 0.0000E+00 0.0000E+00 0.0000E+00 4.1938E-11 1.0135E-10 3.0966E-10 5.4945E-10 8.6992E-10 1.3384E-09 2.0099E-09 2.9323E-09 4.1041E-09 5.5618E-09 7.3200E-09 9.3369E-09 1.1564E-08 1.3902E-08 1.6207E-08 1.8325E-08 2.0094E-08 2.1370E-08 2.2042E-08 2.2054E-08 2.1410E-08 2.0175E-08 1.8462E-08 1.6416E-08 1.4190E-08 1.1933E-08 9.7656E-09 7.7884E-09 6.0643E-09 4.6045E-09 3.3917E-09 2.4467E-09 1.7094E-09 1.1304E-09 7.2137E-10 4.4573E-10 2.6044E-10 1.4743E-10 6.9496E-11 2.0723E-11 1.1204E-11 0.0000E+00 0.0000E+00 0.0000E+00 0.0000E+00
0.0000E+00 0.0000E+00 0.0000E+00 0.0000E+00 0.0000E+00 0.0000E+00 0.0000E+00 0.0000E+00 0.0000E+00 0.0000E+00 0.0000E+00 0.0000E+00 1.7916E-11 8.1264E-11 2.4692E-10 4.6941E-10 7.6787E-10 1.1867E-09 1.7961E-09 2.6597E-09 3.7847E-09 5.2090E-09 6.9303E-09 8.9472E-09 1.1190E-08 1.3555E-08 1.5905E-08 1.8083E-08 1.9913E-08 2.1238E-08 2.1939E-08 2.1952E-08 2.1282E-08 2.0000E-08 1.8226E-08 1.6117E-08 1.3839E-08 1.1547E-08 9.3673E-09 7.3917E-09 5.6790E-09 4.2575E-09 3.0867E-09 2.1718E-09 1.4761E-09 9.6615E-10 6.0811E-10 3.7135E-10 2.0388E-10 1.0451E-10 4.6503E-11 1.2961E-11 0.0000E+00 0.0000E+00 0.0000E+00 0.0000E+00 0.0000E+00
0.0000E+00 0.0000E+00 0.0000E+00 0.0000E+00 0.0000E+00 0.0000E+00 0.0000E+00 0.0000E+00 0.0000E+00 0.0000E+00 0.0000E+00 0.0000E+00 2.6711E-12 5.2895E-11 1.4354E-10 3.8805E-10 6.6058E-10 1.0373E-09 1.5827E-09 2.4066E-09 3.4804E-09 4.8571E-09 6.5637E-09 8.5753E-09 1.0846E-08 1.3277E-08 1.5719E-08 1.7997E-08 1.9919E-08 2.1312E-08 2.2046E-08 2.2053E-08 2.1345E-08 1.9990E-08 1.8126E-08 1.5924E-08 1.3564E-08 1.1214E-08 9.0070E-09 7.0315E-09 5.3324E-09 3.9133E-09 2.7980E-09 1.9344E-09 1.2937E-09 8.4348E-10 5.1200E-10 3.0775E-10 1.6043E-10 7.1829E-11 2.1122E-11 5.5278E-12 0.0000E+00 0.0000E+00 0.0000E+00 0.0000E+00 0.0000E+00
0.0000E+00 0.0000E+00 0.0000E+00 0.0000E+00 0.0000E+00 0.0000E+00 0.0000E+00 0.0000E+00 0.0000E+00 0.0000E+00 0.0000E+00 0.0000E+00 0.0000E+00 2.2728E-11 7.6206E-11 3.0261E-10 5.5689E-10 8.9918E-10 1.3924E-09 2.1551E-09 3.1767E-09 4.5235E-09 6.2095E-09 8.2428E-09 1.0569E-08 1.3083E-08 1.5630E-08 1.8026E-08 2.0055E-08 2.1535E-08 2.2315E-08 2.2318E-08 2.1553E-08 2.0109E-08 1.8139E-08 1.5831E-08 1.3376E-08 1.0951E-08 8.6941E-09 6.6986E-09 5.0002E-09 3.6134E-09 2.5414E-09 1.7486E-09 1.1497E-09 7.3347E-10 4.3632E-10 2.4565E-10 1.2101E-10 5.0682E-11 1.2362E-11 0.0000E+00 0.0000E+00 0.0000E+00 0.0000E+00 0.0000E+00 0.0000E+00
0.0000E+00 0.0000E+00 0.0000E+00 0.0000E+00 0.0000E+00 0.0000E+00 0.0000E+00 0.0000E+00 0.0000E+00 0.0000E+00 0.0000E+00 0.0000E+00 0.0000E+00 5.0132E-12 4.3920E-11 2.1031E-10 4.5424E-10 7.6162E-10 1.2101E-09 1.9235E-09 2.9054E-09 4.1991E-09 5.8760E-09 7.9296E-09 1.0314E-08 1.2934E-08 1.5621E-08 1.8171E-08 2.0347E-08 2.1934E-08 2.2766E-08 2.2763E-08 2.1931E-08 2.0376E-08 1.8275E-08 1.5829E-08 1.3258E-08 1.0742E-08 8.4169E-09 6.3885E-09 4.7027E-09 3.3692E-09 2.3446E-09 1.5885E-09 1.0302E-09 6.2785E-10 3.6675E-10 1.9655E-10 8.5669E-11 2.5018E-11 0.0000E+00 0.0000E+00 0.0000E+00 0.0000E+00 0.0000E+00 0.0000E+00 0.0000E+00
0.0000E+00 0.0000E+00 0.0000E+00 0.0000E+00 0.0000E+00 0.0000E+00 0.0000E+00 0.0000E+00 0.0000E+00 0.0000E+00 0.0000E+00 0.0000E+00 0.0000E+00 0.0000E+00 1.6040E-11 8.4109E-11 3.4777E-10 6.3463E-10 1.0337E-09 1.6910E-09 2.6358E-09 3.9013E-09 5.5613E-09 7.6524E-09 1.0126E-08 1.2872E-08 1.5733E-08 1.8458E-08 2.0807E-08 2.2525E-08 2.3424E-08 2.3409E-08 2.2495E-08 2.0803E-08 1.8529E-08 1.5911E-08 1.3188E-08 1.0570E-08 8.1835E-09 6.1301E-09 4.4594E-09 3.1600E-09 2.1702E-09 1.4326E-09 9.1649E-10 5.4365E-10 2.9655E-10 1.4400E-10 4.8422E-11 1.0657E-11 0.0000E+00 0.0000E+00 0.0000E+00 0.0000E+00 0.0000E+00 0.0000E+00 0.0000E+00
0.0000E+00 0.0000E+00 0.0000E+00 0.0000E+00 0.0000E+00 0.0000E+00 0.0000E+00 0.0000E+00 0.0000E+00 0.0000E+00 0.0000E+00 0.0000E+00 0.0000E+00 0.0000E+00 2.7492E-12 2.5843E-11 2.3386E-10 5.0724E-10 8.7011E-10 1.4686E-09 2.3900E-09 3.6137E-09 5.2802E-09 7.3994E-09 9.9700E-09 1.2871E-08 1.5939E-08 1.8907E-08 2.1475E-08 2.3357E-08 2.4334E-08 2.4304E-08 2.3282E-08 2.1420E-08 1.8939E-08 1.6115E-08 1.3207E-08 1.0443E-08 7.9967E-09 5.9295E-09 4.2543E-09 2.9614E-09 2.0042E-09 1.2840E-09 7.8949E-10 4.5360E-10 2.3218E-10 1.0088E-10 2.3476E-11 3.1461E-12 0.0000E+00 0.0000E+00 0.0000E+00 0.0000E+00 0.0000E+00 0.0000E+00 0.0000E+00
0.0000E+00 0.0000E+00 0.0000E+00 0.0000E+00 0.0000E+00 0.0000E+00 0.0000E+00 0.0000E+00 0.0000E+00 0.0000E+00 0.0000E+00 0.0000E+00 0.0000E+00 0.0000E+00 0.0000E+00 6.0544E-12 1.2644E-10 3.7299E-10 7.0635E-10 1.2451E-09 2.1315E-09 3.3149E-09 4.9829E-09 7.1655E-09 9.8598E-09 1.2980E-08 1.6304E-08 1.9561E-08 2.2399E-08 2.4483E-08 2.5560E-08 2.5507E-08 2.4342E-08 2.2248E-08 1.9501E-08 1.6426E-08 1.3316E-08 1.0401E-08 7.8301E-09 5.7073E-09 4.0282E-09 2.7398E-09 1.8006E-09 1.1249E-09 6.7372E-10 3.6656E-10 1.7372E-10 6.3191E-11 1.0436E-11 2.8745E-12 0.0000E+00 0.0000E+00 0.0000E+00 0.0000E+00 0.0000E+00 0.0000E+00 0.0000E+00
0.0000E+00 0.0000E+00 0.0000E+00 0.0000E+00 0.0000E+00 0.0000E+00 0.0000E+00 0.0000E+00 0.0000E+00 0.0000E+00 0.0000E+00 0.0000E+00 0.0000E+00 0.0000E+00 0.0000E+00 2.9421E-13 2.9735E-11 2.4275E-10 5.4484E-10 9.7019E-10 1.8576E-09 3.0361E-09 4.6934E-09 6.9477E-09 9.7949E-09 1.3164E-08 1.6834E-08 2.0457E-08 2.3650E-08 2.5997E-08 2.7187E-08 2.7077E-08 2.5723E-08 2.3334E-08 2.0248E-08 1.6835E-08 1.3444E-08 1.0319E-08 7.6405E-09 5.4585E-09 3.7774E-09 2.5273E-09 1.6065E-09 9.6259E-10 5.5427E-10 2.8289E-10 1.2161E-10 4.4925E-11 8.7956E-12 2.5160E-12 0.0000E+00 0.0000E+00 0.0000E+00 0.0000E+00 0.0000E+00 0.0000E+00 0.0000E+00
0.0000E+00 0.0000E+00 0.0000E+00 0.0000E+00 0.0000E+00 0.0000E+00 0.0000E+00 0.0000E+00 0.0000E+00 0.0000E+00 0.0000E+00 0.0000E+00 0.0000E+00 0.0000E+00 0.0000E+00 0.0000E+00 1.0856E-11 1.3808E-10 3.8151E-10 7.4197E-10 1.5633E-09 2.7073E-09 4.3840E-09 6.7047E-09 9.7532E-09 1.3445E-08 1.7559E-08 2.1700E-08 2.5322E-08 2.7986E-08 2.9307E-08 2.9108E-08 2.7464E-08 2.4661E-08 2.1119E-08 1.7290E-08 1.3563E-08 1.0219E-08 7.4054E-09 5.1847E-09 3.4911E-09 2.2673E-09 1.3926E-09 7.9591E-10 4.4664E-10 2.2198E-10 9.0661E-11 2.7143E-11 7.5314E-12 6.2171E-13 0.0000E+00 0.0000E+00 0.0000E+00 0.0000E+00 0.0000E+00 0.0000E+00 0.0000E+00
0.0000E+00 0.0000E+00 0.0000E+00 0.0000E+00 0.0000E+00 0.0000E+00 0.0000E+00 0.0000E+00 0.0000E+00 0.0000E+00 0.0000E+00 0.0000E+00 0.0000E+00 0.0000E+00 0.0000E+00 0.0000E+00 6.1755E-12 7.0562E-11 2.4676E-10 5.5694E-10 1.2658E-09 2.3840E-09 4.0602E-09 6.4821E-09 9.7429E-09 1.3815E-08 1.8459E-08 2.3197E-08 2.7414E-08 3.0434E-08 3.1870E-08 3.1510E-08 2.9476E-08 2.6151E-08 2.2056E-08 1.7736E-08 1.3620E-08 1.0033E-08 7.0918E-09 4.8352E-09 3.1712E-09 1.9851E-09 1.1834E-09 6.4907E-10 3.4813E-10 1.7195E-10 6.4561E-11 1.6630E-11 4.6361E-12 0.0000E+00 0.0000E+00 0.0000E+00 0.0000E+00 0.0000E+00 0.0000E+00 0.0000E+00 0.0000E+00
0.0000E+00 0.0000E+00 0.0000E+00 0.0000E+00 0.0000E+00 0.0000E+00 0.0000E+00 0.0000E+00 0.0000E+00 0.0000E+00 0.0000E+00 0.0000E+00 0.0000E+00 0.0000E+00 0.0000E+00 0.0000E+00 2.8794E-12 4.0483E-11 1.6049E-10 4.0483E-10 9.4819E-10 2.0200E-09 3.6847E-09 6.1846E-09 9.7059E-09 1.4220E-08 1.9578E-08 2.5112E-08 2.9999E-08 3.3524E-08 3.5021E-08 3.4390E-08 3.1790E-08 2.7756E-08 2.2965E-08 1.8060E-08 1.3552E-08 9.7339E-09 6.6992E-09 4.4224E-09 2.8022E-09 1.6851E-09 9.7373E-10 5.2453E-10 2.6589E-10 1.2254E-10 3.2325E-11 1.0830E-11 3.6938E-12 0.0000E+00 0.0000E+00 0.0000E+00 0.0000E+00 0.0000E+00 0.0000E+00 0.0000E+00 0.0000E+00
0.0000E+00 0.0000E+00 0.0000E+00 0.0000E+00 0.0000E+00 0.0000E+00 0.0000E+00 0.0000E+00 0.0000E+00 0.0000E+00 0.0000E+00 0.0000E+00 0.0000E+00 0.0000E+00 0.0000E+00 0.0000E+00 4.0176E-13 2.9348E-11 9.7023E-11 2.6455E-10 5.7310E-10 1.6818E-09 3.2862E-09 5.8440E-09 9.6321E-09 1.4661E-08 2.0837E-08 2.7304E-08 3.3016E-08 3.7032E-08 3.8586E-08 3.7535E-08 3.4206E-08 2.9316E-08 2.3728E-08 1.8185E-08 1.3264E-08 9.2322E-09 6.1682E-09 3.9531E-09 2.4011E-09 1.4049E-09 7.6788E-10 3.9501E-10 1.8176E-10 6.5772E-11 2.3022E-11 7.8665E-12 0.0000E+00 0.0000E+00 0.0000E+00 0.0000E+00 0.0000E+00 0.0000E+00 0.0000E+00 0.0000E+00 0.0000E+00
0.0000E+00 0.0000E+00 0.0000E+00 0.0000E+00 0.0000E+00 0.0000E+00 0.0000E+00 0.0000E+00 0.0000E+00 0.0000E+00 0.0000E+00 0.0000E+00 0.0000E+00 0.0000E+00 0.0000E+00 0.0000E+00 0.0000E+00 1.4652E-11 6.2749E-11 1.7180E-10 3.9467E-10 1.3152E-09 2.8840E-09 5.4513E-09 9.4369E-09 1.5101E-08 2.2233E-08 2.9821E-08 3.6564E-08 4.1062E-08 4.2558E-08 4.0838E-08 3.6528E-08 3.0593E-08 2.4107E-08 1.7968E-08 1.2700E-08 8.5564E-09 5.5207E-09 3.4145E-09 1.9858E-09 1.1089E-09 5.7091E-10 2.6418E-10 1.0100E-10 3.5170E-11 1.1182E-11 3.4609E-12 0.0000E+00 0.0000E+00 0.0000E+00 0.0000E+00 0.0000E+00 0.0000E+00 0.0000E+00 0.0000E+00 0.0000E+00
0.0000E+00 0.0000E+00 0.0000E+00 0.0000E+00 0.0000E+00 0.0000E+00 0.0000E+00 0.0000E+00 0.0000E+00 0.0000E+00 0.0000E+00 0.0000E+00 0.0000E+00 0.0000E+00 0.0000E+00 0.0000E+00 0.0000E+00 4.7375E-12 3.3238E-11 1.1212E-10 2.7404E-10 9.1787E-10 2.4268E-09 4.9475E-09 9.1386E-09 1.5460E-08 2.3777E-08 3.2756E-08 4.0586E-08 4.5619E-08 4.6757E-08 4.4127E-08 3.8564E-08 3.1428E-08 2.4017E-08 1.7300E-08 1.1799E-08 7.6682E-09 4.7603E-09 2.8112E-09 1.5498E-09 7.9997E-10 3.8159E-10 1.4284E-10 5.0733E-11 2.2067E-11 7.7346E-12 0.0000E+00 0.0000E+00 0.0000E+00 0.0000E+00 0.0000E+00 0.0000E+00 0.0000E+00 0.0000E+00 0.0000E+00 0.0000E+00
0.0000E+00 0.0000E+00 0.0000E+00 0.0000E+00 0.0000E+00 0.0000E+00 0.0000E+00 0.0000E+00 0.0000E+00 0.0000E+00 0.0000E+00 0.0000E+00 0.0000E+00 0.0000E+00 0.0000E+00 0.0000E+00 0.0000E+00 0.0000E+00 1.3723E-11 6.7909E-11 1.8266E-10 5.1331E-10 1.9590E-09 4.4354E-09 8.7452E-09 1.5810E-08 2.5551E-08 3.6242E-08 4.5427E-08 5.0713E-08 5.1228E-08 4.7165E-08 4.0047E-08 3.1594E-08 2.3285E-08 1.6086E-08 1.0517E-08 6.5298E-09 3.8627E-09 2.1512E-09 1.1166E-09 5.1728E-10 2.1503E-10 6.0769E-11 2.9402E-11 8.6128E-12 0.0000E+00 0.0000E+00 0.0000E+00 0.0000E+00 0.0000E+00 0.0000E+00 0.0000E+00 0.0000E+00 0.0000E+00 0.0000E+00 0.0000E+00
0.0000E+00 0.0000E+00 0.0000E+00 0.0000E+00 0.0000E+00 0.0000E+00 0.0000E+00 0.0000E+00 0.0000E+00 0.0000E+00 0.0000E+00 0.0000E+00 0.0000E+00 0.0000E+00 0.0000E+00 0.0000E+00 0.0000E+00 0.0000E+00 3.2882E-12 3.1441E-11 1.0928E-10 2.4198E-10 1.5099E-09 3.8079E-09 8.1507E-09 1.6136E-08 2.7810E-08 4.0666E-08 5.1266E-08 5.6602E-08 5.5860E-08 4.9871E-08 4.0769E-08 3.0780E-08 2.1710E-08 1.4336E-08 8.9306E-09 5.2838E-09 2.9269E-09 1.5250E-09 7.1751E-10 2.7748E-10 7.7952E-11 3.6182E-11 1.3896E-11 8.0638E-13 0.0000E+00 0.0000E+00 0.0000E+00 0.0000E+00 0.0000E+00 0.0000E+00 0.0000E+00 0.0000E+00 0.0000E+00 0.0000E+00 0.0000E+00
0.0000E+00 0.0000E+00 0.0000E+00 0.0000E+00 0.0000E+00 0.0000E+00 0.0000E+00 0.0000E+00 0.0000E+00 0.0000E+00 0.0000E+00 0.0000E+00 0.0000E+00 0.0000E+00 0.0000E+00 0.0000E+00 0.0000E+00 0.0000E+00 0.0000E+00 8.2301E-12 5.1052E-11 1.7048E-10 1.0014E-09 3.2052E-09 7.5486E-09 1.6780E-08 3.1237E-08 4.7065E-08 5.8984E-08 6.3712E-08 6.0637E-08 5.1869E-08 4.0442E-08 2.9066E-08 1.9489E-08 1.2229E-08 7.2021E-09 3.9898E-09 2.0459E-09 9.7263E-10 4.0644E-10 1.0861E-10 3.7427E-11 1.5024E-11 1.2554E-12 0.0000E+00 0.0000E+00 0.0000E+00 0.0000E+00 0.0000E+00 0.0000E+00 0.0000E+00 0.0000E+00 0.0000E+00 0.0000E+00 0.0000E+00 0.0000E+00
0.0000E+00 0.0000E+00 0.0000E+00 0.0000E+00 0.0000E+00 0.0000E+00 0.0000E+00 0.0000E+00 0.0000E+00 0.0000E+00 0.0000E+00 0.0000E+00 0.0000E+00 0.0000E+00 0.0000E+00 0.0000E+00 0.0000E+00 0.0000E+00 0.0000E+00 5.3459E-13 1.3153E-11 8.9660E-11 4.9359E-10 2.5635E-09 6.9585E-09 1.8152E-08 3.7123E-08 5.7082E-08 7.0153E-08 7.2375E-08 6.5581E-08 5.3059E-08 3.8973E-08 2.6446E-08 1.6676E-08 9.8422E-09 5.4756E-09 2.8018E-09 1.3592E-09 5.6742E-10 1.9730E-10 4.5575E-11 1.4443E-11 9.3890E-13 0.0000E+00 0.0000E+00 0.0000E+00 0.0000E+00 0.0000E+00 0.0000E+00 0.0000E+00 0.0000E+00 0.0000E+00 0.0000E+00 0.0000E+00 0.0000E+00 0.0000E+00
0.0000E+00 0.0000E+00 0.0000E+00 0.0000E+00 0.0000E+00 0.0000E+00 0.0000E+00 0.0000E+00 0.0000E+00 0.0000E+00 0.0000E+00 0.0000E+00 0.0000E+00 0.0000E+00 0.0000E+00 0.0000E+00 0.0000E+00 0.0000E+00 0.0000E+00 0.0000E+00 9.2536E-13 2.9554E-11 2.1936E-10 1.9679E-09 6.4901E-09 2.2119E-08 4.9343E-08 7.4171E-08 8.5605E-08 8.2737E-08 6.9724E-08 5.2665E-08 3.6116E-08 2.2879E-08 1.3537E-08 7.5042E-09 3.9163E-09 1.8826E-09 8.3286E-10 3.0775E-10 1.0395E-10 1.6179E-11 8.7507E-16 0.0000E+00 0.0000E+00 0.0000E+00 0.0000E+00 0.0000E+00 0.0000E+00 0.0000E+00 0.0000E+00 0.0000E+00 0.0000E+00 0.0000E+00 0.0000E+00 0.0000E+00 0.0000E+00
0.0000E+00 0.0000E+00 0.0000E+00 0.0000E+00 0.0000E+00 0.0000E+00 0.0000E+00 0.0000E+00 0.0000E+00 0.0000E+00 0.0000E+00 0.0000E+00 0.0000E+00 0.0000E+00 0.0000E+00 0.0000E+00 0.0000E+00 0.0000E+00 0.0000E+00 0.0000E+00 0.0000E+00 5.0652E-12 1.2924E-10 1.4373E-09 6.6888E-09 3.3312E-08 7.5111E-08 1.0251E-07 1.0615E-07 9.2717E-08 7.1526E-08 4.9595E-08 3.1419E-08 1.8449E-08 1.0233E-08 5.2660E-09 2.6237E-09 1.1587E-09 4.8755E-10 1.5728E-10 6.5150E-11 0.0000E+00 0.0000E+00 0.0000E+00 0.0000E+00 0.0000E+00 0.0000E+00 0.0000E+00 0.0000E+00 0.0000E+00 0.0000E+00 0.0000E+00 0.0000E+00 0.0000E+00 0.0000E+00 0.0000E+00 0.0000E+00
0.0000E+00 0.0000E+00 0.0000E+00 0.0000E+00 0.0000E+00 0.0000E+00 0.0000E+00 0.0000E+00 0.0000E+00 0.0000E+00 0.0000E+00 0.0000E+00 0.0000E+00 0.0000E+00 0.0000E+00 0.0000E+00 0.0000E+00 0.0000E+00 0.0000E+00 0.0000E+00 0.0000E+00 2.1715E-13 6.3510E-11 9.2459E-10 9.0742E-09 7.0512E-08 1.3245E-07 1.4330E-07 1.2643E-07 9.7387E-08 6.7580E-08 4.2535E-08 2.4731E-08 1.3436E-08 6.9048E-09 3.3387E-09 1.6047E-09 7.1599E-10 2.8619E-10 1.0348E-10 4.0958E-11 0.0000E+00 0.0000E+00 0.0000E+00 0.0000E+00 0.0000E+00 0.0000E+00 0.0000E+00 0.0000E+00 0.0000E+00 0.0000E+00 0.0000E+00 0.0000E+00 0.0000E+00 0.0000E+00 0.0000E+00 0.0000E+00
0.0000E+00 0.0000E+00 0.0000E+00 0.0000E+00 0.0000E+00 0.0000E+00 0.0000E+00 0.0000E+00 0.0000E+00 0.0000E+00 0.0000E+00 0.0000E+00 0.0000E+00 0.0000E+00 0.0000E+00 0.0000E+00 0.0000E+00 0.0000E+00 0.0000E+00 0.0000E+00 0.0000E+00 0.0000E+00 3.1861E-11 5.3390E-10 1.8668E-08 1.8615E-07 2.3187E-07 1.8365E-07 1.3313E-07 9.0006E-08 5.5563E-08 3.1687E-08 1.6805E-08 8.5362E-09 4.1303E-09 1.9591E-09 9.5034E-10 4.2783E-10 2.1206E-10 7.7951E-11 3.2427E-11 0.0000E+00 0.0000E+00 0.0000E+00 0.0000E+00 0.0000E+00 0.0000E+00 0.0000E+00 0.0000E+00 0.0000E+00 0.0000E+00 0.0000E+00 0.0000E+00 0.0000E+00 0.0000E+00 0.0000E+00 0.0000E+00
0.0000E+00 0.0000E+00 0.0000E+00 0.0000E+00 0.0000E+00 0.0000E+00 0.0000E+00 0.0000E+00 0.0000E+00 0.0000E+00 0.0000E+00 0.0000E+00 0.0000E+00 0.0000E+00 0.0000E+00 0.0000E+00 0.0000E+00 0.0000E+00 0.0000E+00 0.0000E+00 0.0000E+00 0.0000E+00 4.7741E-12 3.0099E-10 1.1428E-07 4.7555E-07 2.9422E-07 1.7999E-07 1.1234E-07 6.6637E-08 3.6643E-08 1.9125E-08 9.5996E-09 4.5725E-09 2.3509E-09 1.1045E-09 5.9965E-10 2.8070E-10 1.6065E-10 5.1079E-11 2.4355E-11 0.0000E+00 0.0000E+00 0.0000E+00 0.0000E+00 0.0000E+00 0.0000E+00 0.0000E+00 0.0000E+00 0.0000E+00 0.0000E+00 0.0000E+00 0.0000E+00 0.0000E+00 0.0000E+00 0.0000E+00 0.0000E+00
