Assets/Resources/2015_m01_d07_0100(utc+0800)_l00_csi_1hr_conc.grd
DSAA
         159         159
     -79.000      79.000
     -79.000      79.000
  0.0000E+00  0.4282E-05
[rows 50 to 74 of 159, columns 0 to 56 of 159]
0.0000E+00 0.0000E+00 0.0000E+00 0.0000E+00 0.0000E+00 0.0000E+00 0.0000E+00 0.0000E+00 0.0000E+00 0.0000E+00 0.0000E+00 0.0000E+00 0.0000E+00 0.0000E+00 0.0000E+00 0.0000E+00 0.0000E+00 0.0000E+00 1.0251E-12 4.2238E-12 1.0961E-11 2.8431E-11 4.5122E-11 6.3121E-11 8.7338E-11 1.1280E-10 1.4656E-10 1.7332E-10 2.1300E-10 2.3915E-10 2.7804E-10 3.3087E-10 3.8059E-10 4.2822E-10 4.8133E-10 5.3995E-10 6.0581E-10 6.7958E-10 7.6068E-10 8.5034E-10 9.5034E-10 1.0777E-09 1.2145E-09 1.3857E-09 1.5680E-09 1.7550E-09 1.9653E-09 2.2019E-09 2.4755E-09 2.7881E-09 3.1317E-09 3.5069E-09 3.9249E-09 4.3639E-09 5.0075E-09 5.5989E-09 6.2518E-09
0.0000E+00 0.0000E+00 0.0000E+00 0.0000E+00 0.0000E+00 0.0000E+00 0.0000E+00 0.0000E+00 0.0000E+00 0.0000E+00 0.0000E+00 0.0000E+00 0.0000E+00 0.0000E+00 0.0000E+00 0.0000E+00 0.0000E+00 0.0000E+00 0.0000E+00 2.1042E-12 7.5361E-12 2.0430E-11 3.7924E-11 5.7190E-11 8.0837E-11 1.0690E-10 1.4139E-10 1.6730E-10 2.0609E-10 2.3040E-10 2.6848E-10 3.1927E-10 3.6652E-10 4.1279E-10 4.6394E-10 5.2097E-10 5.8463E-10 6.5584E-10 7.3475E-10 8.2190E-10 9.1931E-10 1.0276E-09 1.1752E-09 1.3404E-09 1.5169E-09 1.6985E-09 1.9028E-09 2.1355E-09 2.4064E-09 2.7109E-09 3.0480E-09 3.4229E-09 3.8306E-09 4.2711E-09 4.7460E-09 5.4830E-09 6.1408E-09
0.0000E+00 0.0000E+00 0.0000E+00 0.0000E+00 0.0000E+00 0.0000E+00 0.0000E+00 0.0000E+00 0.0000E+00 0.0000E+00 0.0000E+00 0.0000E+00 0.0000E+00 0.0000E+00 0.0000E+00 0.0000E+00 0.0000E+00 0.0000E+00 0.0000E+00 1.3746E-12 3.5868E-12 1.4358E-11 2.9145E-11 4.7137E-11 7.5287E-11 1.0033E-10 1.3532E-10 1.6057E-10 1.9830E-10 2.2126E-10 2.5728E-10 2.9879E-10 3.5187E-10 3.9652E-10 4.4586E-10 5.0049E-10 5.6195E-10 6.3090E-10 7.0750E-10 7.9193E-10 8.8642E-10 9.9158E-10 1.1334E-09 1.2677E-09 1.4467E-09 1.6384E-09 1.8361E-09 2.0561E-09 2.3301E-09 2.6259E-09 2.9580E-09 3.3228E-09 3.7179E-09 4.1487E-09 4.6236E-09 5.3364E-09 5.9910E-09
0.0000E+00 0.0000E+00 0.0000E+00 0.0000E+00 0.0000E+00 0.0000E+00 0.0000E+00 0.0000E+00 0.0000E+00 0.0000E+00 0.0000E+00 0.0000E+00 0.0000E+00 0.0000E+00 0.0000E+00 0.0000E+00 0.0000E+00 0.0000E+00 0.0000E+00 0.0000E+00 1.7798E-12 1.0962E-11 2.4950E-11 4.1504E-11 6.6795E-11 9.3539E-11 1.2806E-10 1.5299E-10 1.8970E-10 2.1118E-10 2.4554E-10 2.8536E-10 3.2890E-10 3.7891E-10 4.2662E-10 4.7935E-10 5.3838E-10 6.0490E-10 6.7907E-10 7.6051E-10 8.5184E-10 9.5364E-10 1.0800E-09 1.2194E-09 1.3908E-09 1.5750E-09 1.7657E-09 1.9785E-09 2.2477E-09 2.5337E-09 2.8573E-09 3.2167E-09 3.5961E-09 4.0159E-09 4.4792E-09 5.1390E-09 5.8094E-09
0.0000E+00 0.0000E+00 0.0000E+00 0.0000E+00 0.0000E+00 0.0000E+00 0.0000E+00 0.0000E+00 0.0000E+00 0.0000E+00 0.0000E+00 0.0000E+00 0.0000E+00 0.0000E+00 0.0000E+00 0.0000E+00 0.0000E+00 0.0000E+00 0.0000E+00 0.0000E+00 1.3705E-12 5.6053E-12 1.7552E-11 3.2517E-11 5.6568E-11 8.5450E-11 1.1895E-10 1.4442E-10 1.8003E-10 2.0037E-10 2.3346E-10 2.7154E-10 3.1320E-10 3.6085E-10 4.0665E-10 4.5759E-10 5.1404E-10 5.7799E-10 6.4961E-10 7.2764E-10 8.1579E-10 9.1395E-10 1.0214E-09 1.1687E-09 1.3212E-09 1.5088E-09 1.6862E-09 1.8978E-09 2.1539E-09 2.4385E-09 2.7534E-09 3.0980E-09 3.4659E-09 3.8734E-09 4.3239E-09 5.0220E-09 5.6424E-09
0.0000E+00 0.0000E+00 0.0000E+00 0.0000E+00 0.0000E+00 0.0000E+00 0.0000E+00 0.0000E+00 0.0000E+00 0.0000E+00 0.0000E+00 0.0000E+00 0.0000E+00 0.0000E+00 0.0000E+00 0.0000E+00 0.0000E+00 0.0000E+00 0.0000E+00 0.0000E+00 0.0000E+00 1.7615E-12 1.1656E-11 2.5992E-11 4.7110E-11 7.7994E-11 1.1082E-10 1.3466E-10 1.7012E-10 1.8907E-10 2.1293E-10 2.5688E-10 2.9731E-10 3.4230E-10 3.8621E-10 4.3532E-10 4.8880E-10 5.5031E-10 6.1905E-10 6.9373E-10 7.7847E-10 8.7276E-10 9.7584E-10 1.1118E-09 1.2487E-09 1.4242E-09 1.6098E-09 1.8135E-09 2.0542E-09 2.3374E-09 2.6449E-09 2.9728E-09 3.3282E-09 3.7223E-09 4.2042E-09 4.8515E-09 5.4597E-09
0.0000E+00 0.0000E+00 0.0000E+00 0.0000E+00 0.0000E+00 0.0000E+00 0.0000E+00 0.0000E+00 0.0000E+00 0.0000E+00 0.0000E+00 0.0000E+00 0.0000E+00 0.0000E+00 0.0000E+00 0.0000E+00 0.0000E+00 0.0000E+00 0.0000E+00 0.0000E+00 0.0000E+00 1.0353E-12 9.7900E-12 2.1632E-11 4.1249E-11 6.6597E-11 1.0136E-10 1.2600E-10 1.5839E-10 1.7756E-10 1.9932E-10 2.3448E-10 2.7353E-10 3.2334E-10 3.6546E-10 4.1257E-10 4.6325E-10 5.2205E-10 5.8768E-10 6.5899E-10 7.3999E-10 8.3034E-10 9.2891E-10 1.0393E-09 1.1890E-09 1.3502E-09 1.5312E-09 1.7195E-09 1.9574E-09 2.2228E-09 2.5263E-09 2.8420E-09 3.1839E-09 3.5636E-09 4.0750E-09 4.6685E-09 5.2622E-09
0.0000E+00 0.0000E+00 0.0000E+00 0.0000E+00 0.0000E+00 0.0000E+00 0.0000E+00 0.0000E+00 0.0000E+00 0.0000E+00 0.0000E+00 0.0000E+00 0.0000E+00 0.0000E+00 0.0000E+00 0.0000E+00 0.0000E+00 0.0000E+00 0.0000E+00 0.0000E+00 0.0000E+00 0.0000E+00 1.4157E-12 1.2401E-11 3.1030E-11 5.3485E-11 9.1146E-11 1.1511E-10 1.4777E-10 1.6490E-10 1.8586E-10 2.1952E-10 2.5763E-10 2.9717E-10 3.4438E-10 3.8923E-10 4.3739E-10 4.9303E-10 5.5578E-10 6.2363E-10 7.0071E-10 7.8695E-10 8.8089E-10 9.8610E-10 1.1236E-09 1.2612E-09 1.4510E-09 1.6299E-09 1.8573E-09 2.1118E-09 2.4036E-09 2.7062E-09 3.0337E-09 3.3978E-09 3.8959E-09 4.4734E-09 5.0498E-09
0.0000E+00 0.0000E+00 0.0000E+00 0.0000E+00 0.0000E+00 0.0000E+00 0.0000E+00 0.0000E+00 0.0000E+00 0.0000E+00 0.0000E+00 0.0000E+00 0.0000E+00 0.0000E+00 0.0000E+00 0.0000E+00 0.0000E+00 0.0000E+00 0.0000E+00 0.0000E+00 0.0000E+00 0.0000E+00 6.7377E-13 1.0455E-11 2.7073E-11 4.6211E-11 7.9908E-11 1.0576E-10 1.3607E-10 1.5339E-10 1.7158E-10 2.0414E-10 2.4061E-10 2.7881E-10 3.2297E-10 3.6579E-10 4.1140E-10 4.6395E-10 5.2356E-10 5.8799E-10 6.6093E-10 7.4285E-10 8.3243E-10 9.3196E-10 1.0429E-09 1.1923E-09 1.3436E-09 1.5384E-09 1.7476E-09 1.9978E-09 2.2784E-09 2.5658E-09 2.8780E-09 3.2255E-09 3.7078E-09 4.2660E-09 4.8224E-09
0.0000E+00 0.0000E+00 0.0000E+00 0.0000E+00 0.0000E+00 0.0000E+00 0.0000E+00 0.0000E+00 0.0000E+00 0.0000E+00 0.0000E+00 0.0000E+00 0.0000E+00 0.0000E+00 0.0000E+00 0.0000E+00 0.0000E+00 0.0000E+00 0.0000E+00 0.0000E+00 0.0000E+00 0.0000E+00 0.0000E+00 6.7134E-12 2.0693E-11 3.6808E-11 6.5645E-11 9.4279E-11 1.2459E-10 1.4086E-10 1.5873E-10 1.8027E-10 2.1608E-10 2.5250E-10 2.9420E-10 3.4217E-10 3.8578E-10 4.3477E-10 4.9089E-10 5.5250E-10 6.2070E-10 6.9802E-10 7.8353E-10 8.7682E-10 9.8213E-10 1.1136E-09 1.2518E-09 1.4399E-09 1.6352E-09 1.8813E-09 2.1400E-09 2.4214E-09 2.7177E-09 3.0472E-09 3.5112E-09 4.0472E-09 4.5813E-09
0.0000E+00 0.0000E+00 0.0000E+00 0.0000E+00 0.0000E+00 0.0000E+00 0.0000E+00 0.0000E+00 0.0000E+00 0.0000E+00 0.0000E+00 0.0000E+00 0.0000E+00 0.0000E+00 0.0000E+00 0.0000E+00 0.0000E+00 0.0000E+00 0.0000E+00 0.0000E+00 0.0000E+00 0.0000E+00 0.0000E+00 3.3556E-13 1.4459E-11 3.0536E-11 5.5340E-11 8.3269E-11 1.1283E-10 1.2861E-10 1.4535E-10 1.6509E-10 1.9804E-10 2.3479E-10 2.7285E-10 3.1847E-10 3.6039E-10 4.0535E-10 4.5837E-10 5.1708E-10 5.8024E-10 6.5343E-10 7.3451E-10 8.2164E-10 9.2110E-10 1.0309E-09 1.1699E-09 1.3164E-09 1.5167E-09 1.7557E-09 2.0083E-09 2.2739E-09 2.5531E-09 2.8639E-09 3.3076E-09 3.8194E-09 4.3299E-09
0.0000E+00 0.0000E+00 0.0000E+00 0.0000E+00 0.0000E+00 0.0000E+00 0.0000E+00 0.0000E+00 0.0000E+00 0.0000E+00 0.0000E+00 0.0000E+00 0.0000E+00 0.0000E+00 0.0000E+00 0.0000E+00 0.0000E+00 0.0000E+00 0.0000E+00 0.0000E+00 0.0000E+00 0.0000E+00 0.0000E+00 0.0000E+00 1.0536E-11 2.4518E-11 4.5212E-11 6.9391E-11 1.0117E-10 1.1646E-10 1.3231E-10 1.4904E-10 1.8092E-10 2.1601E-10 2.5232E-10 2.9460E-10 3.3497E-10 3.7677E-10 4.2610E-10 4.8154E-10 5.4052E-10 6.0878E-10 6.8510E-10 7.6682E-10 8.5972E-10 9.6317E-10 1.0821E-09 1.2220E-09 1.4082E-09 1.6131E-09 1.8749E-09 2.1242E-09 2.3854E-09 2.6773E-09 3.0998E-09 3.5482E-09 4.0722E-09
0.0000E+00 0.0000E+00 0.0000E+00 0.0000E+00 0.0000E+00 0.0000E+00 0.0000E+00 0.0000E+00 0.0000E+00 0.0000E+00 0.0000E+00 0.0000E+00 0.0000E+00 0.0000E+00 0.0000E+00 0.0000E+00 0.0000E+00 0.0000E+00 0.0000E+00 0.0000E+00 0.0000E+00 0.0000E+00 0.0000E+00 0.0000E+00 4.3538E-12 1.6892E-11 3.6000E-11 5.5978E-11 8.9109E-11 1.0516E-10 1.1946E-10 1.3563E-10 1.5483E-10 1.8995E-10 2.2392E-10 2.6315E-10 3.0915E-10 3.4885E-10 3.9415E-10 4.4633E-10 5.0146E-10 5.6456E-10 6.3624E-10 7.1269E-10 7.9903E-10 8.9602E-10 1.0001E-09 1.1275E-09 1.2736E-09 1.4844E-09 1.7262E-09 1.9740E-09 2.2179E-09 2.4912E-09 2.8917E-09 3.3157E-09 3.8119E-09
0.0000E+00 0.0000E+00 0.0000E+00 0.0000E+00 0.0000E+00 0.0000E+00 0.0000E+00 0.0000E+00 0.0000E+00 0.0000E+00 0.0000E+00 0.0000E+00 0.0000E+00 0.0000E+00 0.0000E+00 0.0000E+00 0.0000E+00 0.0000E+00 0.0000E+00 0.0000E+00 0.0000E+00 0.0000E+00 0.0000E+00 0.0000E+00 2.9014E-12 1.3291E-11 2.9571E-11 4.5137E-11 7.3266E-11 9.3612E-11 1.0875E-10 1.2208E-10 1.3850E-10 1.7093E-10 2.0490E-10 2.4027E-10 2.8285E-10 3.2149E-10 3.6286E-10 4.1136E-10 4.6374E-10 5.2110E-10 5.8775E-10 6.6002E-10 7.3905E-10 8.2915E-10 9.2691E-10 1.0305E-09 1.1720E-09 1.3345E-09 1.5675E-09 1.8258E-09 2.0532E-09 2.3086E-09 2.6865E-09 3.0855E-09 3.5518E-09
0.0000E+00 0.0000E+00 0.0000E+00 0.0000E+00 0.0000E+00 0.0000E+00 0.0000E+00 0.0000E+00 0.0000E+00 0.0000E+00 0.0000E+00 0.0000E+00 0.0000E+00 0.0000E+00 0.0000E+00 0.0000E+00 0.0000E+00 0.0000E+00 0.0000E+00 0.0000E+00 0.0000E+00 0.0000E+00 0.0000E+00 0.0000E+00 2.5123E-12 7.7343E-12 2.1003E-11 3.5175E-11 6.0011E-11 8.1260E-11 9.5779E-11 1.1075E-10 1.2427E-10 1.5036E-10 1.7767E-10 2.1036E-10 2.4943E-10 2.9354E-10 3.3166E-10 3.7659E-10 4.2696E-10 4.7907E-10 5.4043E-10 6.0858E-10 6.8033E-10 7.6312E-10 8.5399E-10 9.4908E-10 1.0652E-09 1.2144E-09 1.4077E-09 1.6633E-09 1.8937E-09 2.1318E-09 2.4479E-09 2.8584E-09 3.2930E-09
0.0000E+00 0.0000E+00 0.0000E+00 0.0000E+00 0.0000E+00 0.0000E+00 0.0000E+00 0.0000E+00 0.0000E+00 0.0000E+00 0.0000E+00 0.0000E+00 0.0000E+00 0.0000E+00 0.0000E+00 0.0000E+00 0.0000E+00 0.0000E+00 0.0000E+00 0.0000E+00 0.0000E+00 0.0000E+00 0.0000E+00 0.0000E+00 2.1506E-12 4.8874E-12 1.6374E-11 2.8454E-11 4.7277E-11 6.4868E-11 8.5361E-11 9.7791E-11 1.1236E-10 1.2601E-10 1.5577E-10 1.9024E-10 2.2563E-10 2.6668E-10 3.0225E-10 3.4322E-10 3.9019E-10 4.3897E-10 4.9423E-10 5.5735E-10 6.2287E-10 6.9750E-10 7.8132E-10 8.6937E-10 9.6712E-10 1.0976E-09 1.2771E-09 1.5003E-09 1.7288E-09 1.9608E-09 2.2543E-09 2.5975E-09 2.9987E-09
0.0000E+00 0.0000E+00 0.0000E+00 0.0000E+00 0.0000E+00 0.0000E+00 0.0000E+00 0.0000E+00 0.0000E+00 0.0000E+00 0.0000E+00 0.0000E+00 0.0000E+00 0.0000E+00 0.0000E+00 0.0000E+00 0.0000E+00 0.0000E+00 0.0000E+00 0.0000E+00 0.0000E+00 0.0000E+00 0.0000E+00 0.0000E+00 1.8184E-12 4.1414E-12 1.1007E-11 1.9362E-11 3.6226E-11 5.2525E-11 7.0911E-11 8.6676E-11 9.9574E-11 1.1356E-10 1.3512E-10 1.6396E-10 1.9591E-10 2.3296E-10 2.7397E-10 3.1081E-10 3.5353E-10 4.0012E-10 4.4910E-10 5.0649E-10 5.6741E-10 6.3361E-10 7.1058E-10 7.9287E-10 8.8137E-10 9.9074E-10 1.1528E-09 1.3385E-09 1.5652E-09 1.7953E-09 2.0658E-09 2.3820E-09 2.7508E-09
0.0000E+00 0.0000E+00 0.0000E+00 0.0000E+00 0.0000E+00 0.0000E+00 0.0000E+00 0.0000E+00 0.0000E+00 0.0000E+00 0.0000E+00 0.0000E+00 0.0000E+00 0.0000E+00 0.0000E+00 0.0000E+00 0.0000E+00 0.0000E+00 0.0000E+00 0.0000E+00 0.0000E+00 0.0000E+00 0.0000E+00 0.0000E+00 0.0000E+00 8.6269E-13 4.0777E-12 1.2726E-11 2.6105E-11 3.7866E-11 5.7537E-11 7.4646E-11 8.7958E-11 1.0088E-10 1.1366E-10 1.4176E-10 1.7702E-10 2.0977E-10 2.3963E-10 2.8106E-10 3.1848E-10 3.6057E-10 4.0639E-10 4.5694E-10 5.1409E-10 5.7346E-10 6.4298E-10 7.2104E-10 8.0210E-10 8.9905E-10 1.0314E-09 1.2080E-09 1.4022E-09 1.6194E-09 1.8838E-09 2.1726E-09 2.5087E-09
0.0000E+00 0.0000E+00 0.0000E+00 0.0000E+00 0.0000E+00 0.0000E+00 0.0000E+00 0.0000E+00 0.0000E+00 0.0000E+00 0.0000E+00 0.0000E+00 0.0000E+00 0.0000E+00 0.0000E+00 0.0000E+00 0.0000E+00 0.0000E+00 0.0000E+00 0.0000E+00 0.0000E+00 0.0000E+00 0.0000E+00 0.0000E+00 0.0000E+00 0.0000E+00 0.0000E+00 1.5870E-12 1.0205E-11 2.1679E-11 3.8207E-11 5.6996E-11 7.4184E-11 8.8011E-11 1.0163E-10 1.2178E-10 1.4594E-10 1.8020E-10 2.1467E-10 2.5034E-10 2.8566E-10 3.2432E-10 3.6368E-10 4.1045E-10 4.6283E-10 5.1965E-10 5.8235E-10 6.5312E-10 7.2818E-10 8.1238E-10 9.2708E-10 1.0860E-09 1.2548E-09 1.4455E-09 1.6561E-09 1.9331E-09 2.2368E-09
0.0000E+00 0.0000E+00 0.0000E+00 0.0000E+00 0.0000E+00 0.0000E+00 0.0000E+00 0.0000E+00 0.0000E+00 0.0000E+00 0.0000E+00 0.0000E+00 0.0000E+00 0.0000E+00 0.0000E+00 0.0000E+00 0.0000E+00 0.0000E+00 0.0000E+00 0.0000E+00 0.0000E+00 0.0000E+00 0.0000E+00 0.0000E+00 0.0000E+00 0.0000E+00 0.0000E+00 0.0000E+00 5.0271E-12 1.0685E-11 1.8241E-11 3.5919E-11 5.4936E-11 6.8313E-11 8.1976E-11 9.7013E-11 1.2063E-10 1.5435E-10 1.7716E-10 2.1481E-10 2.4976E-10 2.8851E-10 3.2513E-10 3.6506E-10 4.1632E-10 4.6705E-10 5.2577E-10 5.8958E-10 6.5853E-10 7.3262E-10 8.2935E-10 9.6721E-10 1.1282E-09 1.2971E-09 1.4711E-09 1.7273E-09 2.0106E-09
0.0000E+00 0.0000E+00 0.0000E+00 0.0000E+00 0.0000E+00 0.0000E+00 0.0000E+00 0.0000E+00 0.0000E+00 0.0000E+00 0.0000E+00 0.0000E+00 0.0000E+00 0.0000E+00 0.0000E+00 0.0000E+00 0.0000E+00 0.0000E+00 0.0000E+00 0.0000E+00 0.0000E+00 0.0000E+00 0.0000E+00 0.0000E+00 0.0000E+00 0.0000E+00 0.0000E+00 0.0000E+00 0.0000E+00 5.8896E-12 1.2939E-11 2.4179E-11 3.8195E-11 5.2848E-11 6.3157E-11 7.4105E-11 8.9236E-11 1.1228E-10 1.4242E-10 1.7681E-10 2.1180E-10 2.4911E-10 2.8812E-10 3.2626E-10 3.6722E-10 4.1930E-10 4.6867E-10 5.3064E-10 5.9275E-10 6.5929E-10 7.3825E-10 8.5586E-10 1.0100E-09 1.1598E-09 1.3121E-09 1.5210E-09 1.7827E-09
0.0000E+00 0.0000E+00 0.0000E+00 0.0000E+00 0.0000E+00 0.0000E+00 0.0000E+00 0.0000E+00 0.0000E+00 0.0000E+00 0.0000E+00 0.0000E+00 0.0000E+00 0.0000E+00 0.0000E+00 0.0000E+00 0.0000E+00 0.0000E+00 0.0000E+00 0.0000E+00 0.0000E+00 0.0000E+00 0.0000E+00 0.0000E+00 0.0000E+00 0.0000E+00 0.0000E+00 0.0000E+00 0.0000E+00 3.1401E-12 6.7384E-12 1.4799E-11 2.9546E-11 4.2006E-11 5.5163E-11 6.5320E-11 7.4832E-11 9.3965E-11 1.0586E-10 1.2835E-10 1.6717E-10 2.0301E-10 2.4206E-10 2.8292E-10 3.2109E-10 3.6699E-10 4.1755E-10 4.6698E-10 5.2932E-10 5.9140E-10 6.5763E-10 7.5167E-10 8.8755E-10 1.0292E-09 1.1665E-09 1.3094E-09 1.5333E-09
0.0000E+00 0.0000E+00 0.0000E+00 0.0000E+00 0.0000E+00 0.0000E+00 0.0000E+00 0.0000E+00 0.0000E+00 0.0000E+00 0.0000E+00 0.0000E+00 0.0000E+00 0.0000E+00 0.0000E+00 0.0000E+00 0.0000E+00 0.0000E+00 0.0000E+00 0.0000E+00 0.0000E+00 0.0000E+00 0.0000E+00 0.0000E+00 0.0000E+00 0.0000E+00 0.0000E+00 0.0000E+00 0.0000E+00 0.0000E+00 5.0723E-12 1.0099E-11 1.6526E-11 3.3729E-11 4.6433E-11 5.7235E-11 6.6804E-11 7.6401E-11 9.5589E-11 1.1558E-10 1.3137E-10 1.7199E-10 2.0501E-10 2.3593E-10 2.7312E-10 3.0928E-10 3.5732E-10 4.0368E-10 4.5348E-10 5.1597E-10 5.7558E-10 6.4971E-10 7.6338E-10 9.0473E-10 1.0341E-09 1.1616E-09 1.3463E-09
0.0000E+00 0.0000E+00 0.0000E+00 0.0000E+00 0.0000E+00 0.0000E+00 0.0000E+00 0.0000E+00 0.0000E+00 0.0000E+00 0.0000E+00 0.0000E+00 0.0000E+00 0.0000E+00 0.0000E+00 0.0000E+00 0.0000E+00 0.0000E+00 0.0000E+00 0.0000E+00 0.0000E+00 0.0000E+00 0.0000E+00 0.0000E+00 0.0000E+00 0.0000E+00 0.0000E+00 0.0000E+00 0.0000E+00 0.0000E+00 0.0000E+00 5.2548E-12 1.2151E-11 2.0508E-11 3.6089E-11 4.8781E-11 5.8187E-11 6.8085E-11 7.7317E-11 9.6774E-11 1.1665E-10 1.3535E-10 1.7801E-10 2.0743E-10 2.3952E-10 2.7128E-10 3.0355E-10 3.5014E-10 3.8995E-10 4.3634E-10 4.9514E-10 5.5064E-10 6.3529E-10 7.6263E-10 8.9061E-10 1.0058E-09 1.1305E-09
0.0000E+00 0.0000E+00 0.0000E+00 0.0000E+00 0.0000E+00 0.0000E+00 0.0000E+00 0.0000E+00 0.0000E+00 0.0000E+00 0.0000E+00 0.0000E+00 0.0000E+00 0.0000E+00 0.0000E+00 0.0000E+00 0.0000E+00 0.0000E+00 0.0000E+00 0.0000E+00 0.0000E+00 0.0000E+00 0.0000E+00 0.0000E+00 0.0000E+00 0.0000E+00 0.0000E+00 0.0000E+00 0.0000E+00 0.0000E+00 0.0000E+00 3.1124E-12 6.0450E-12 1.3236E-11 2.5111E-11 3.8146E-11 5.0091E-11 5.9212E-11 6.8711E-11 8.5974E-11 9.7530E-11 1.1745E-10 1.4896E-10 1.7887E-10 2.0837E-10 2.4300E-10 2.7174E-10 3.0277E-10 3.4752E-10 3.8610E-10 4.3079E-10 4.8196E-10 5.4129E-10 6.3729E-10 7.6410E-10 8.7368E-10 9.7922E-10
