Assets/Resources/2015_m01_d09_2100(utc+0800)_l00_csi_1hr_conc.grd
DSAA
         159         159
     -79.000      79.000
     -79.000      79.000
  0.1320E-08  0.5581E-05
[rows 100 to 124 of 159, columns 0 to 56 of 159]
5.7567E-09 5.9708E-09 6.2271E-09 6.4674E-09 6.7200E-09 6.9981E-09 7.2813E-09 7.5797E-09 7.9015E-09 8.2384E-09 8.5946E-09 8.9754E-09 9.3731E-09 9.7976E-09 1.0242E-08 1.0700E-08 1.1188E-08 1.1706E-08 1.2241E-08 1.2798E-08 1.3397E-08 1.4014E-08 1.4649E-08 1.5313E-08 1.6014E-08 1.6744E-08 1.7496E-08 1.8275E-08 1.9087E-08 1.9929E-08 2.0796E-08 2.1692E-08 2.2609E-08 2.3543E-08 2.4495E-08 2.5459E-08 2.6435E-08 2.7414E-08 2.8390E-08 2.9362E-08 3.0324E-08 3.1278E-08 3.2211E-08 3.3123E-08 3.3998E-08 3.4833E-08 3.5625E-08 3.6372E-08 3.7077E-08 3.7718E-08 3.8289E-08 3.8783E-08 3.9200E-08 3.9537E-08 3.9791E-08 3.9961E-08 4.0049E-08
5.7408E-09 5.9537E-09 6.1771E-09 6.4400E-09 6.6951E-09 6.9586E-09 7.2468E-09 7.5441E-09 7.8550E-09 8.1876E-09 8.5393E-09 8.9097E-09 9.2998E-09 9.7059E-09 1.0134E-08 1.0589E-08 1.1059E-08 1.1552E-08 1.2085E-08 1.2627E-08 1.3195E-08 1.3811E-08 1.4440E-08 1.5087E-08 1.5760E-08 1.6467E-08 1.7204E-08 1.7966E-08 1.8750E-08 1.9561E-08 2.0401E-08 2.1262E-08 2.2142E-08 2.3043E-08 2.3958E-08 2.4882E-08 2.5815E-08 2.6759E-08 2.7704E-08 2.8642E-08 2.9570E-08 3.0483E-08 3.1374E-08 3.2244E-08 3.3087E-08 3.3898E-08 3.4663E-08 3.5379E-08 3.6036E-08 3.6638E-08 3.7183E-08 3.7657E-08 3.8059E-08 3.8388E-08 3.8633E-08 3.8799E-08 3.8882E-08
5.6963E-09 5.9304E-09 6.1564E-09 6.3893E-09 6.6587E-09 6.9287E-09 7.2031E-09 7.5007E-09 7.8102E-09 8.1288E-09 8.4705E-09 8.8299E-09 9.2084E-09 9.6050E-09 1.0020E-08 1.0460E-08 1.0920E-08 1.1405E-08 1.1910E-08 1.2454E-08 1.3006E-08 1.3584E-08 1.4214E-08 1.4852E-08 1.5510E-08 1.6191E-08 1.6900E-08 1.7641E-08 1.8403E-08 1.9184E-08 1.9987E-08 2.0812E-08 2.1658E-08 2.2522E-08 2.3400E-08 2.4292E-08 2.5191E-08 2.6094E-08 2.6995E-08 2.7899E-08 2.8792E-08 2.9670E-08 3.0530E-08 3.1365E-08 3.2170E-08 3.2942E-08 3.3677E-08 3.4365E-08 3.4996E-08 3.5572E-08 3.6088E-08 3.6536E-08 3.6920E-08 3.7229E-08 3.7467E-08 3.7632E-08 3.7723E-08
5.6753E-09 5.8856E-09 6.1294E-09 6.3647E-09 6.6072E-09 6.8811E-09 7.1646E-09 7.4471E-09 7.7512E-09 8.0661E-09 8.3941E-09 8.7441E-09 9.1145E-09 9.5011E-09 9.9088E-09 1.0332E-08 1.0787E-08 1.1252E-08 1.1746E-08 1.2260E-08 1.2818E-08 1.3374E-08 1.3969E-08 1.4600E-08 1.5248E-08 1.5910E-08 1.6592E-08 1.7298E-08 1.8032E-08 1.8787E-08 1.9562E-08 2.0356E-08 2.1168E-08 2.1997E-08 2.2843E-08 2.3696E-08 2.4553E-08 2.5422E-08 2.6289E-08 2.7152E-08 2.8004E-08 2.8847E-08 2.9675E-08 3.0480E-08 3.1252E-08 3.1989E-08 3.2686E-08 3.3342E-08 3.3950E-08 3.4503E-08 3.4996E-08 3.5428E-08 3.5796E-08 3.6099E-08 3.6326E-08 3.6484E-08 3.6573E-08
5.5842E-09 5.8531E-09 6.0796E-09 6.3277E-09 6.5744E-09 6.8230E-09 7.1038E-09 7.3891E-09 7.6834E-09 7.9942E-09 8.3181E-09 8.6576E-09 9.0153E-09 9.3964E-09 9.7920E-09 1.0205E-08 1.0644E-08 1.1106E-08 1.1579E-08 1.2081E-08 1.2603E-08 1.3170E-08 1.3735E-08 1.4325E-08 1.4964E-08 1.5609E-08 1.6270E-08 1.6952E-08 1.7654E-08 1.8381E-08 1.9130E-08 1.9896E-08 2.0677E-08 2.1473E-08 2.2282E-08 2.3101E-08 2.3927E-08 2.4754E-08 2.5581E-08 2.6410E-08 2.7231E-08 2.8037E-08 2.8824E-08 2.9590E-08 3.0334E-08 3.1042E-08 3.1710E-08 3.2335E-08 3.2913E-08 3.3442E-08 3.3920E-08 3.4333E-08 3.4688E-08 3.4980E-08 3.5206E-08 3.5365E-08 3.5457E-08
5.5404E-09 5.7557E-09 6.0357E-09 6.2721E-09 6.5221E-09 6.7797E-09 7.0361E-09 7.3200E-09 7.6134E-09 7.9212E-09 8.2384E-09 8.5708E-09 8.9189E-09 9.2849E-09 9.6767E-09 1.0080E-08 1.0500E-08 1.0948E-08 1.1418E-08 1.1896E-08 1.2401E-08 1.2931E-08 1.3499E-08 1.4066E-08 1.4650E-08 1.5294E-08 1.5941E-08 1.6603E-08 1.7281E-08 1.7978E-08 1.8694E-08 1.9430E-08 2.0184E-08 2.0951E-08 2.1727E-08 2.2513E-08 2.3306E-08 2.4101E-08 2.4895E-08 2.5683E-08 2.6464E-08 2.7237E-08 2.7992E-08 2.8723E-08 2.9427E-08 3.0101E-08 3.0744E-08 3.1346E-08 3.1900E-08 3.2407E-08 3.2863E-08 3.3264E-08 3.3606E-08 3.3889E-08 3.4108E-08 3.4268E-08 3.4368E-08
5.5248E-09 5.7129E-09 5.9304E-09 6.2049E-09 6.4645E-09 6.7220E-09 6.9829E-09 7.2514E-09 7.5380E-09 7.8440E-09 8.1545E-09 8.4851E-09 8.8235E-09 9.1797E-09 9.5505E-09 9.9544E-09 1.0365E-08 1.0787E-08 1.1237E-08 1.1711E-08 1.2201E-08 1.2706E-08 1.3232E-08 1.3804E-08 1.4381E-08 1.4965E-08 1.5602E-08 1.6244E-08 1.6904E-08 1.7578E-08 1.8268E-08 1.8973E-08 1.9694E-08 2.0430E-08 2.1178E-08 2.1932E-08 2.2691E-08 2.3453E-08 2.4215E-08 2.4972E-08 2.5718E-08 2.6453E-08 2.7171E-08 2.7873E-08 2.8548E-08 2.9192E-08 2.9803E-08 3.0378E-08 3.0912E-08 3.1399E-08 3.1837E-08 3.2222E-08 3.2555E-08 3.2833E-08 3.3054E-08 3.3218E-08 3.3325E-08
5.5054E-09 5.6928E-09 5.8876E-09 6.0992E-09 6.3808E-09 6.6468E-09 6.9193E-09 7.1873E-09 7.4679E-09 7.7624E-09 8.0707E-09 8.3883E-09 8.7286E-09 9.0753E-09 9.4339E-09 9.8096E-09 1.0218E-08 1.0632E-08 1.1059E-08 1.1512E-08 1.1990E-08 1.2491E-08 1.2999E-08 1.3519E-08 1.4096E-08 1.4673E-08 1.5260E-08 1.5894E-08 1.6529E-08 1.7180E-08 1.7846E-08 1.8526E-08 1.9218E-08 1.9922E-08 2.0637E-08 2.1361E-08 2.2091E-08 2.2819E-08 2.3547E-08 2.4272E-08 2.4988E-08 2.5692E-08 2.6379E-08 2.7047E-08 2.7692E-08 2.8311E-08 2.8897E-08 2.9447E-08 2.9956E-08 3.0424E-08 3.0847E-08 3.1222E-08 3.1546E-08 3.1821E-08 3.2044E-08 3.2215E-08 3.2332E-08
5.4838E-09 5.6700E-09 5.8637E-09 6.0650E-09 6.2833E-09 6.5544E-09 6.8269E-09 7.1185E-09 7.3933E-09 7.6807E-09 7.9801E-09 8.2935E-09 8.6210E-09 8.9572E-09 9.3143E-09 9.6783E-09 1.0062E-08 1.0476E-08 1.0892E-08 1.1323E-08 1.1783E-08 1.2262E-08 1.2763E-08 1.3279E-08 1.3800E-08 1.4370E-08 1.4946E-08 1.5534E-08 1.6160E-08 1.6788E-08 1.7428E-08 1.8086E-08 1.8752E-08 1.9429E-08 2.0113E-08 2.0805E-08 2.1502E-08 2.2202E-08 2.2901E-08 2.3593E-08 2.4279E-08 2.4954E-08 2.5615E-08 2.6256E-08 2.6874E-08 2.7465E-08 2.8025E-08 2.8553E-08 2.9043E-08 2.9494E-08 2.9903E-08 3.0269E-08 3.0590E-08 3.0863E-08 3.1088E-08 3.1263E-08 3.1389E-08
5.4593E-09 5.6445E-09 5.8371E-09 6.0373E-09 6.2451E-09 6.4657E-09 6.7432E-09 7.0159E-09 7.3025E-09 7.6001E-09 7.8870E-09 8.1863E-09 8.5101E-09 8.8429E-09 9.1846E-09 9.5437E-09 9.9211E-09 1.0306E-08 1.0723E-08 1.1143E-08 1.1579E-08 1.2046E-08 1.2520E-08 1.3030E-08 1.3546E-08 1.4069E-08 1.4630E-08 1.5207E-08 1.5789E-08 1.6402E-08 1.7025E-08 1.7653E-08 1.8295E-08 1.8948E-08 1.9607E-08 2.0270E-08 2.0937E-08 2.1606E-08 2.2275E-08 2.2942E-08 2.3601E-08 2.4248E-08 2.4880E-08 2.5494E-08 2.6087E-08 2.6653E-08 2.7191E-08 2.7699E-08 2.8173E-08 2.8611E-08 2.9010E-08 2.9368E-08 2.9682E-08 2.9953E-08 3.0180E-08 3.0361E-08 3.0495E-08
5.4328E-09 5.6166E-09 5.8077E-09 6.0063E-09 6.2117E-09 6.4249E-09 6.6461E-09 6.9189E-09 7.2012E-09 7.4835E-09 7.7989E-09 8.0914E-09 8.4012E-09 8.7295E-09 9.0616E-09 9.4074E-09 9.7729E-09 1.0156E-08 1.0545E-08 1.0969E-08 1.1388E-08 1.1827E-08 1.2302E-08 1.2775E-08 1.3283E-08 1.3800E-08 1.4324E-08 1.4881E-08 1.5447E-08 1.6023E-08 1.6623E-08 1.7237E-08 1.7853E-08 1.8478E-08 1.9113E-08 1.9755E-08 2.0399E-08 2.1043E-08 2.1685E-08 2.2322E-08 2.2952E-08 2.3571E-08 2.4176E-08 2.4763E-08 2.5331E-08 2.5876E-08 2.6396E-08 2.6886E-08 2.7345E-08 2.7769E-08 2.8157E-08 2.8507E-08 2.8818E-08 2.9088E-08 2.9316E-08 2.9500E-08 2.9640E-08
5.4037E-09 5.5853E-09 5.7739E-09 5.9699E-09 6.1731E-09 6.3842E-09 6.6031E-09 6.8301E-09 7.0902E-09 7.3776E-09 7.6731E-09 7.9787E-09 8.2985E-09 8.6082E-09 8.9363E-09 9.2777E-09 9.6277E-09 1.0008E-08 1.0386E-08 1.0779E-08 1.1209E-08 1.1632E-08 1.2078E-08 1.2547E-08 1.3022E-08 1.3529E-08 1.4041E-08 1.4566E-08 1.5112E-08 1.5671E-08 1.6239E-08 1.6828E-08 1.7427E-08 1.8033E-08 1.8645E-08 1.9262E-08 1.9883E-08 2.0501E-08 2.1120E-08 2.1731E-08 2.2333E-08 2.2926E-08 2.3505E-08 2.4069E-08 2.4614E-08 2.5138E-08 2.5638E-08 2.6110E-08 2.6554E-08 2.6966E-08 2.7345E-08 2.7689E-08 2.7995E-08 2.8260E-08 2.8486E-08 2.8672E-08 2.8818E-08
5.3705E-09 5.5500E-09 5.7367E-09 5.9305E-09 6.1317E-09 6.3407E-09 6.5573E-09 6.7817E-09 7.0143E-09 7.2703E-09 7.5527E-09 7.8533E-09 8.1572E-09 8.4949E-09 8.8134E-09 9.1400E-09 9.4914E-09 9.8510E-09 1.0230E-08 1.0613E-08 1.1009E-08 1.1441E-08 1.1870E-08 1.2318E-08 1.2787E-08 1.3260E-08 1.3759E-08 1.4270E-08 1.4792E-08 1.5330E-08 1.5885E-08 1.6445E-08 1.7015E-08 1.7604E-08 1.8204E-08 1.8792E-08 1.9387E-08 1.9982E-08 2.0571E-08 2.1160E-08 2.1739E-08 2.2312E-08 2.2869E-08 2.3410E-08 2.3934E-08 2.4438E-08 2.4920E-08 2.5377E-08 2.5807E-08 2.6207E-08 2.6575E-08 2.6908E-08 2.7208E-08 2.7472E-08 2.7699E-08 2.7889E-08 2.8041E-08
5.3350E-09 5.5127E-09 5.6974E-09 5.8890E-09 6.0878E-09 6.2942E-09 6.5083E-09 6.7304E-09 6.9606E-09 7.1985E-09 7.4498E-09 7.7366E-09 8.0360E-09 8.3438E-09 8.6896E-09 9.0169E-09 9.3579E-09 9.7080E-09 1.0066E-08 1.0453E-08 1.0839E-08 1.1233E-08 1.1669E-08 1.2101E-08 1.2551E-08 1.3015E-08 1.3490E-08 1.3982E-08 1.4496E-08 1.5013E-08 1.5547E-08 1.6090E-08 1.6639E-08 1.7200E-08 1.7767E-08 1.8342E-08 1.8917E-08 1.9483E-08 2.0053E-08 2.0613E-08 2.1172E-08 2.1718E-08 2.2257E-08 2.2778E-08 2.3283E-08 2.3774E-08 2.4239E-08 2.4680E-08 2.5095E-08 2.5483E-08 2.5841E-08 2.6169E-08 2.6464E-08 2.6726E-08 2.6955E-08 2.7149E-08 2.7308E-08
5.2980E-09 5.4735E-09 5.6558E-09 5.8451E-09 6.0418E-09 6.2458E-09 6.4570E-09 6.6761E-09 6.9032E-09 7.1384E-09 7.3819E-09 7.6334E-09 7.9143E-09 8.2125E-09 8.5180E-09 8.8822E-09 9.2181E-09 9.5681E-09 9.9158E-09 1.0277E-08 1.0673E-08 1.1061E-08 1.1457E-08 1.1891E-08 1.2328E-08 1.2775E-08 1.3243E-08 1.3718E-08 1.4208E-08 1.4714E-08 1.5223E-08 1.5740E-08 1.6273E-08 1.6817E-08 1.7357E-08 1.7898E-08 1.8454E-08 1.9008E-08 1.9549E-08 2.0097E-08 2.0629E-08 2.1159E-08 2.1673E-08 2.2178E-08 2.2663E-08 2.3131E-08 2.3580E-08 2.4011E-08 2.4414E-08 2.4791E-08 2.5142E-08 2.5464E-08 2.5757E-08 2.6017E-08 2.6247E-08 2.6445E-08 2.6609E-08
5.2591E-09 5.4326E-09 5.6128E-09 5.7995E-09 5.9934E-09 6.1946E-09 6.4034E-09 6.6197E-09 6.8436E-09 7.0756E-09 7.3157E-09 7.5641E-09 7.8206E-09 8.0906E-09 8.3867E-09 8.6999E-09 9.0821E-09 9.4222E-09 9.7752E-09 1.0126E-08 1.0490E-08 1.0886E-08 1.1282E-08 1.1682E-08 1.2114E-08 1.2552E-08 1.3004E-08 1.3466E-08 1.3937E-08 1.4414E-08 1.4915E-08 1.5415E-08 1.5923E-08 1.6443E-08 1.6967E-08 1.7493E-08 1.8014E-08 1.8540E-08 1.9074E-08 1.9591E-08 2.0114E-08 2.0617E-08 2.1117E-08 2.1603E-08 2.2076E-08 2.2528E-08 2.2961E-08 2.3374E-08 2.3771E-08 2.4139E-08 2.4482E-08 2.4799E-08 2.5087E-08 2.5348E-08 2.5578E-08 2.5779E-08 2.5948E-08
5.2190E-09 5.3900E-09 5.5677E-09 5.7522E-09 5.9436E-09 6.1419E-09 6.3476E-09 6.5609E-09 6.7820E-09 7.0106E-09 7.2471E-09 7.4918E-09 7.7447E-09 8.0060E-09 8.2752E-09 8.5743E-09 8.8850E-09 9.2804E-09 9.6192E-09 9.9770E-09 1.0338E-08 1.0707E-08 1.1101E-08 1.1506E-08 1.1907E-08 1.2337E-08 1.2772E-08 1.3214E-08 1.3679E-08 1.4142E-08 1.4612E-08 1.5097E-08 1.5595E-08 1.6090E-08 1.6585E-08 1.7096E-08 1.7606E-08 1.8112E-08 1.8615E-08 1.9117E-08 1.9609E-08 2.0108E-08 2.0584E-08 2.1056E-08 2.1511E-08 2.1954E-08 2.2374E-08 2.2776E-08 2.3157E-08 2.3516E-08 2.3860E-08 2.4172E-08 2.4457E-08 2.4716E-08 2.4948E-08 2.5152E-08 2.5323E-08
5.1775E-09 5.3463E-09 5.5215E-09 5.7033E-09 5.8919E-09 6.0877E-09 6.2904E-09 6.5004E-09 6.7180E-09 6.9434E-09 7.1766E-09 7.4174E-09 7.6663E-09 7.9234E-09 8.1888E-09 8.4622E-09 8.7493E-09 9.0814E-09 9.4723E-09 9.8254E-09 1.0189E-08 1.0552E-08 1.0924E-08 1.1318E-08 1.1718E-08 1.2123E-08 1.2548E-08 1.2979E-08 1.3417E-08 1.3874E-08 1.4331E-08 1.4794E-08 1.5264E-08 1.5752E-08 1.6237E-08 1.6722E-08 1.7205E-08 1.7700E-08 1.8188E-08 1.8670E-08 1.9148E-08 1.9618E-08 2.0081E-08 2.0530E-08 2.0976E-08 2.1403E-08 2.1818E-08 2.2208E-08 2.2580E-08 2.2931E-08 2.3260E-08 2.3567E-08 2.3856E-08 2.4113E-08 2.4345E-08 2.4551E-08 2.4725E-08
5.1349E-09 5.3014E-09 5.4742E-09 5.6533E-09 5.8391E-09 6.0318E-09 6.2316E-09 6.4386E-09 6.6527E-09 6.8744E-09 7.1038E-09 7.3411E-09 7.5860E-09 7.8388E-09 8.1013E-09 8.3721E-09 8.6512E-09 8.9556E-09 9.2866E-09 9.6608E-09 1.0031E-08 1.0390E-08 1.0761E-08 1.1134E-08 1.1523E-08 1.1922E-08 1.2331E-08 1.2749E-08 1.3175E-08 1.3608E-08 1.4055E-08 1.4507E-08 1.4967E-08 1.5427E-08 1.5894E-08 1.6367E-08 1.6841E-08 1.7307E-08 1.7775E-08 1.8244E-08 1.8705E-08 1.9162E-08 1.9609E-08 2.0047E-08 2.0469E-08 2.0879E-08 2.1281E-08 2.1660E-08 2.2032E-08 2.2376E-08 2.2698E-08 2.3000E-08 2.3279E-08 2.3531E-08 2.3755E-08 2.3950E-08 2.4118E-08
5.0915E-09 5.2555E-09 5.4256E-09 5.6022E-09 5.7853E-09 5.9749E-09 6.1715E-09 6.3751E-09 6.5861E-09 6.8042E-09 7.0298E-09 7.2644E-09 7.5069E-09 7.7575E-09 8.0165E-09 8.2833E-09 8.5583E-09 8.8414E-09 9.1545E-09 9.4842E-09 9.8565E-09 1.0232E-08 1.0588E-08 1.0959E-08 1.1337E-08 1.1720E-08 1.2118E-08 1.2525E-08 1.2940E-08 1.3363E-08 1.3790E-08 1.4225E-08 1.4676E-08 1.5125E-08 1.5574E-08 1.6022E-08 1.6481E-08 1.6939E-08 1.7388E-08 1.7842E-08 1.8284E-08 1.8724E-08 1.9160E-08 1.9583E-08 1.9999E-08 2.0397E-08 2.0781E-08 2.1153E-08 2.1512E-08 2.1847E-08 2.2159E-08 2.2448E-08 2.2712E-08 2.2952E-08 2.3168E-08 2.3357E-08 2.3523E-08
5.0473E-09 5.2089E-09 5.3764E-09 5.5502E-09 5.7304E-09 5.9171E-09 6.1105E-09 6.3109E-09 6.5194E-09 6.7353E-09 6.9588E-09 7.1902E-09 7.4291E-09 7.6759E-09 7.9306E-09 8.1933E-09 8.4642E-09 8.7435E-09 9.0303E-09 9.3470E-09 9.6743E-09 1.0033E-08 1.0415E-08 1.0786E-08 1.1152E-08 1.1535E-08 1.1917E-08 1.2314E-08 1.2714E-08 1.3126E-08 1.3545E-08 1.3968E-08 1.4394E-08 1.4827E-08 1.5266E-08 1.5707E-08 1.6142E-08 1.6580E-08 1.7023E-08 1.7454E-08 1.7890E-08 1.8312E-08 1.8732E-08 1.9143E-08 1.9544E-08 1.9938E-08 2.0312E-08 2.0667E-08 2.1004E-08 2.1330E-08 2.1628E-08 2.1904E-08 2.2159E-08 2.2392E-08 2.2602E-08 2.2789E-08 2.2950E-08
5.0024E-09 5.1615E-09 5.3266E-09 5.4975E-09 5.6750E-09 5.8596E-09 6.0510E-09 6.2494E-09 6.4550E-09 6.6677E-09 6.8878E-09 7.1154E-09 7.3506E-09 7.5937E-09 7.8449E-09 8.1035E-09 8.3700E-09 8.6443E-09 8.9264E-09 9.2168E-09 9.5370E-09 9.8668E-09 1.0213E-08 1.0592E-08 1.0976E-08 1.1344E-08 1.1726E-08 1.2106E-08 1.2500E-08 1.2895E-08 1.3297E-08 1.3710E-08 1.4132E-08 1.4548E-08 1.4965E-08 1.5393E-08 1.5822E-08 1.6243E-08 1.6670E-08 1.7092E-08 1.7505E-08 1.7924E-08 1.8326E-08 1.8727E-08 1.9108E-08 1.9483E-08 1.9836E-08 2.0175E-08 2.0496E-08 2.0800E-08 2.1087E-08 2.1366E-08 2.1613E-08 2.1837E-08 2.2040E-08 2.2216E-08 2.2367E-08
4.9571E-09 5.1139E-09 5.2771E-09 5.4463E-09 5.6218E-09 5.8039E-09 5.9926E-09 6.1880E-09 6.3903E-09 6.5996E-09 6.8165E-09 7.0408E-09 7.2724E-09 7.5115E-09 7.7582E-09 8.0126E-09 8.2751E-09 8.5454E-09 8.8231E-09 9.1092E-09 9.4037E-09 9.7274E-09 1.0056E-08 1.0404E-08 1.0778E-08 1.1156E-08 1.1530E-08 1.1910E-08 1.2287E-08 1.2676E-08 1.3067E-08 1.3463E-08 1.3869E-08 1.4278E-08 1.4691E-08 1.5096E-08 1.5508E-08 1.5924E-08 1.6331E-08 1.6744E-08 1.7149E-08 1.7544E-08 1.7927E-08 1.8303E-08 1.8673E-08 1.9023E-08 1.9364E-08 1.9694E-08 2.0004E-08 2.0297E-08 2.0572E-08 2.0828E-08 2.1060E-08 2.1272E-08 2.1468E-08 2.1641E-08 2.1790E-08
4.9129E-09 5.0681E-09 5.2290E-09 5.3959E-09 5.5688E-09 5.7481E-09 5.9338E-09 6.1263E-09 6.3258E-09 6.5320E-09 6.7452E-09 6.9657E-09 7.1934E-09 7.4290E-09 7.6721E-09 7.9224E-09 8.1811E-09 8.4480E-09 8.7226E-09 9.0050E-09 9.2951E-09 9.5923E-09 9.9177E-09 1.0237E-08 1.0580E-08 1.0954E-08 1.1326E-08 1.1702E-08 1.2082E-08 1.2460E-08 1.2839E-08 1.3229E-08 1.3619E-08 1.4012E-08 1.4413E-08 1.4816E-08 1.5215E-08 1.5614E-08 1.6007E-08 1.6397E-08 1.6780E-08 1.7159E-08 1.7524E-08 1.7884E-08 1.8236E-08 1.8574E-08 1.8898E-08 1.9215E-08 1.9517E-08 1.9792E-08 2.0051E-08 2.0294E-08 2.0520E-08 2.0729E-08 2.0920E-08 2.1092E-08 2.1245E-08
4.8694E-09 5.0223E-09 5.1808E-09 5.3451E-09 5.5157E-09 5.6924E-09 5.8754E-09 6.0648E-09 6.2608E-09 6.4637E-09 6.6738E-09 6.8911E-09 7.1152E-09 7.3474E-09 7.5875E-09 7.8350E-09 8.0903E-09 8.3533E-09 8.6235E-09 8.9010E-09 9.1858E-09 9.4778E-09 9.7772E-09 1.0089E-08 1.0424E-08 1.0763E-08 1.1124E-08 1.1484E-08 1.1857E-08 1.2237E-08 1.2625E-08 1.2998E-08 1.3381E-08 1.3769E-08 1.4147E-08 1.4530E-08 1.4916E-08 1.5294E-08 1.5671E-08 1.6041E-08 1.6408E-08 1.6770E-08 1.7126E-08 1.7469E-08 1.7805E-08 1.8132E-08 1.8437E-08 1.8730E-08 1.9011E-08 1.9285E-08 1.9538E-08 1.9776E-08 1.9998E-08 2.0204E-08 2.0393E-08 2.0564E-08 2.0718E-08
