Assets/Resources/2015_m01_d09_1800(utc+0800)_l00_csi_1hr_conc.grd
DSAA
         159         159
     -79.000      79.000
     -79.000      79.000
  0.8473E-09  0.2192E-04
[rows 50 to 74 of 159, columns 0 to 56 of 159]
1.9005E-09 1.9370E-09 1.9740E-09 2.0115E-09 2.0495E-09 2.0881E-09 2.1271E-09 2.1665E-09 2.2065E-09 2.2469E-09 2.2878E-09 2.3291E-09 2.3708E-09 2.4577E-09 2.5195E-09 2.5690E-09 2.6194E-09 2.6861E-09 2.7854E-09 2.9124E-09 2.9952E-09 3.1093E-09 3.1953E-09 3.2708E-09 3.3625E-09 3.4426E-09 3.5245E-09 3.6184E-09 3.7096E-09 3.8075E-09 3.8978E-09 4.0049E-09 4.1052E-09 4.2010E-09 4.2980E-09 4.3960E-09 4.4948E-09 4.5942E-09 4.6940E-09 4.8607E-09 5.0805E-09 5.2308E-09 5.3853E-09 5.5311E-09 5.7878E-09 5.9644E-09 6.1328E-09 6.3330E-09 6.5338E-09 6.7059E-09 6.8746E-09 7.0379E-09 7.2419E-09 7.3133E-09 7.4526E-09 7.5786E-09 7.6894E-09
1.9292E-09 1.9665E-09 2.0044E-09 2.0428E-09 2.0816E-09 2.1210E-09 2.1609E-09 2.2014E-09 2.2422E-09 2.2836E-09 2.3254E-09 2.3677E-09 2.4548E-09 2.5172E-09 2.5675E-09 2.6187E-09 2.6863E-09 2.7870E-09 2.9198E-09 3.0212E-09 3.1171E-09 3.2054E-09 3.2831E-09 3.3775E-09 3.4602E-09 3.5547E-09 3.6421E-09 3.7463E-09 3.8386E-09 3.9327E-09 4.0445E-09 4.1495E-09 4.2501E-09 4.3521E-09 4.4553E-09 4.5597E-09 4.6650E-09 4.7710E-09 4.9731E-09 5.2000E-09 5.3628E-09 5.6109E-09 5.8073E-09 6.0103E-09 6.2306E-09 6.4580E-09 6.6260E-09 6.8302E-09 7.0351E-09 7.2819E-09 7.4895E-09 7.6914E-09 7.8847E-09 8.0667E-09 8.2344E-09 8.3851E-09 8.4109E-09
1.9582E-09 1.9963E-09 2.0350E-09 2.0743E-09 2.1140E-09 2.1543E-09 2.1952E-09 2.2365E-09 2.2783E-09 2.3207E-09 2.3635E-09 2.4505E-09 2.5134E-09 2.5644E-09 2.6164E-09 2.6847E-09 2.7868E-09 2.9213E-09 3.0245E-09 3.1224E-09 3.2127E-09 3.2924E-09 3.3894E-09 3.4745E-09 3.5720E-09 3.6675E-09 3.7702E-09 3.8659E-09 3.9792E-09 4.0864E-09 4.1898E-09 4.2951E-09 4.4021E-09 4.5107E-09 4.6206E-09 4.7319E-09 4.8441E-09 5.1309E-09 5.2992E-09 5.5570E-09 5.7762E-09 6.0173E-09 6.2851E-09 6.5074E-09 6.7379E-09 6.9755E-09 7.2187E-09 7.5073E-09 7.7646E-09 8.0217E-09 8.2753E-09 8.4634E-09 8.6977E-09 8.9179E-09 9.0572E-09 9.2367E-09 9.3919E-09
1.9874E-09 2.0264E-09 2.0659E-09 2.1061E-09 2.1467E-09 2.1879E-09 2.2297E-09 2.2720E-09 2.3148E-09 2.3581E-09 2.4020E-09 2.4941E-09 2.5598E-09 2.6124E-09 2.6814E-09 2.7948E-09 2.9204E-09 3.0252E-09 3.1249E-09 3.2172E-09 3.3033E-09 3.3981E-09 3.4856E-09 3.5858E-09 3.6842E-09 3.7903E-09 3.8894E-09 4.0068E-09 4.1182E-09 4.2259E-09 4.3358E-09 4.4477E-09 4.5615E-09 4.6771E-09 4.7942E-09 4.9127E-09 5.2257E-09 5.4864E-09 5.7108E-09 5.9208E-09 6.2308E-09 6.4667E-09 6.7147E-09 6.9744E-09 7.2449E-09 7.5251E-09 7.8598E-09 8.1639E-09 8.4720E-09 8.7807E-09 9.0859E-09 9.3833E-09 9.6681E-09 9.9355E-09 1.0181E-08 1.0451E-08 1.0646E-08
2.0168E-09 2.0567E-09 2.0971E-09 2.1381E-09 2.1797E-09 2.2218E-09 2.2645E-09 2.3078E-09 2.3516E-09 2.3959E-09 2.4876E-09 2.5536E-09 2.6069E-09 2.6763E-09 2.8126E-09 2.9172E-09 3.0235E-09 3.1379E-09 3.2187E-09 3.3166E-09 3.4036E-09 3.5030E-09 3.6011E-09 3.7069E-09 3.8065E-09 3.9240E-09 4.0363E-09 4.1455E-09 4.2574E-09 4.3717E-09 4.4885E-09 4.6075E-09 4.7285E-09 4.8515E-09 4.9762E-09 5.3784E-09 5.6037E-09 5.8291E-09 6.1033E-09 6.3778E-09 6.6357E-09 6.9092E-09 7.1983E-09 7.5025E-09 7.8216E-09 8.2032E-09 8.5574E-09 8.9212E-09 9.2910E-09 9.6625E-09 1.0031E-08 1.0390E-08 1.0734E-08 1.1113E-08 1.1420E-08 1.1693E-08 1.1929E-08
2.0465E-09 2.0872E-09 2.1285E-09 2.1704E-09 2.2129E-09 2.2560E-09 2.2997E-09 2.3439E-09 2.3887E-09 2.4798E-09 2.5460E-09 2.5998E-09 2.6696E-09 2.8066E-09 2.9118E-09 3.0233E-09 3.1351E-09 3.2174E-09 3.3169E-09 3.4058E-09 3.5073E-09 3.6078E-09 3.7162E-09 3.8186E-09 3.9395E-09 4.0552E-09 4.1682E-09 4.2840E-09 4.4027E-09 4.5241E-09 4.6482E-09 4.7746E-09 4.9034E-09 5.1112E-09 5.4736E-09 5.6991E-09 5.9250E-09 6.2186E-09 6.5104E-09 6.7893E-09 7.0873E-09 7.4050E-09 7.7425E-09 8.1419E-09 8.5291E-09 8.9353E-09 9.3578E-09 9.7933E-09 1.0237E-08 1.0685E-08 1.1129E-08 1.1619E-08 1.2047E-08 1.2452E-08 1.2825E-08 1.3158E-08 1.3444E-08
2.0764E-09 2.1179E-09 2.1602E-09 2.2030E-09 2.2464E-09 2.2904E-09 2.3351E-09 2.3803E-09 2.4705E-09 2.5368E-09 2.5911E-09 2.6611E-09 2.7986E-09 2.8835E-09 3.0166E-09 3.1296E-09 3.2131E-09 3.3142E-09 3.4046E-09 3.5081E-09 3.6107E-09 3.7216E-09 3.8265E-09 3.9505E-09 4.0696E-09 4.1860E-09 4.3057E-09 4.4285E-09 4.5544E-09 4.6833E-09 4.8150E-09 4.9494E-09 5.1679E-09 5.5488E-09 5.7706E-09 6.0387E-09 6.3198E-09 6.6266E-09 6.9247E-09 7.2456E-09 7.5903E-09 7.9597E-09 8.3973E-09 8.8292E-09 9.2873E-09 9.7697E-09 1.0273E-08 1.0794E-08 1.1327E-08 1.1916E-08 1.2465E-08 1.3005E-08 1.3526E-08 1.4019E-08 1.4473E-08 1.4878E-08 1.5226E-08
2.1064E-09 2.1489E-09 2.1920E-09 2.2357E-09 2.2801E-09 2.3251E-09 2.3707E-09 2.4170E-09 2.5262E-09 2.5809E-09 2.6511E-09 2.7886E-09 2.8739E-09 3.0073E-09 3.1213E-09 3.2058E-09 3.3083E-09 3.4002E-09 3.5054E-09 3.6098E-09 3.7229E-09 3.8302E-09 3.9570E-09 4.0791E-09 4.1988E-09 4.3221E-09 4.4488E-09 4.5790E-09 4.7125E-09 4.8493E-09 4.9892E-09 5.2178E-09 5.5719E-09 5.8426E-09 6.1106E-09 6.4058E-09 6.7250E-09 7.0402E-09 7.3815E-09 7.7508E-09 8.1496E-09 8.6219E-09 9.0960E-09 9.6041E-09 1.0145E-08 1.0717E-08 1.1317E-08 1.1939E-08 1.2632E-08 1.3294E-08 1.3957E-08 1.4610E-08 1.5242E-08 1.5841E-08 1.6394E-08 1.6888E-08 1.7311E-08
2.1367E-09 2.1800E-09 2.2241E-09 2.2687E-09 2.3141E-09 2.3600E-09 2.4067E-09 2.5004E-09 2.5693E-09 2.6256E-09 2.7767E-09 2.8486E-09 2.9956E-09 3.1103E-09 3.1958E-09 3.2993E-09 3.3924E-09 3.4990E-09 3.6052E-09 3.7202E-09 3.8352E-09 3.9651E-09 4.0839E-09 4.2065E-09 4.3331E-09 4.4635E-09 4.5977E-09 4.7357E-09 4.8772E-09 5.1003E-09 5.2860E-09 5.5409E-09 5.8907E-09 6.1347E-09 6.4361E-09 6.7702E-09 7.1347E-09 7.4936E-09 7.8842E-09 8.3089E-09 8.8111E-09 9.3235E-09 9.8778E-09 1.0474E-08 1.1112E-08 1.1788E-08 1.2499E-08 1.3299E-08 1.4078E-08 1.4872E-08 1.5669E-08 1.6458E-08 1.7223E-08 1.7948E-08 1.8619E-08 1.9220E-08 1.9735E-08
2.1671E-09 2.2113E-09 2.2563E-09 2.3019E-09 2.3482E-09 2.3952E-09 2.4875E-09 2.5561E-09 2.6128E-09 2.7295E-09 2.8352E-09 2.9816E-09 3.0967E-09 3.1829E-09 3.2873E-09 3.3814E-09 3.4892E-09 3.5968E-09 3.7134E-09 3.8397E-09 3.9624E-09 4.0837E-09 4.2091E-09 4.3386E-09 4.4724E-09 4.6104E-09 4.7524E-09 4.8985E-09 5.1287E-09 5.3212E-09 5.5620E-09 5.9265E-09 6.1774E-09 6.4887E-09 6.8347E-09 7.2077E-09 7.5809E-09 7.9892E-09 8.4356E-09 8.9232E-09 9.5075E-09 1.0102E-08 1.0748E-08 1.1446E-08 1.2195E-08 1.2992E-08 1.3893E-08 1.4789E-08 1.5718E-08 1.6667E-08 1.7622E-08 1.8570E-08 1.9491E-08 2.0366E-08 2.1178E-08 2.1905E-08 2.2530E-08
2.1976E-09 2.2428E-09 2.2887E-09 2.3353E-09 2.3825E-09 2.4305E-09 2.5416E-09 2.5985E-09 2.7044E-09 2.8198E-09 2.9652E-09 3.0675E-09 3.1673E-09 3.2723E-09 3.3672E-09 3.4760E-09 3.5847E-09 3.7027E-09 3.8306E-09 3.9552E-09 4.0786E-09 4.2064E-09 4.3387E-09 4.4755E-09 4.6169E-09 4.7627E-09 4.9130E-09 5.1492E-09 5.3478E-09 5.5763E-09 5.8673E-09 6.2067E-09 6.4836E-09 6.8320E-09 7.2594E-09 7.6437E-09 8.0656E-09 8.5292E-09 9.0383E-09 9.6458E-09 1.0274E-08 1.0962E-08 1.1713E-08 1.2526E-08 1.3401E-08 1.4395E-08 1.5404E-08 1.6464E-08 1.7564E-08 1.8692E-08 1.9831E-08 2.0963E-08 2.2066E-08 2.3117E-08 2.4093E-08 2.4971E-08 2.5727E-08
2.2283E-09 2.2744E-09 2.3212E-09 2.3688E-09 2.4171E-09 2.5120E-09 2.5828E-09 2.6743E-09 2.8026E-09 2.9126E-09 3.0491E-09 3.1490E-09 3.2543E-09 3.3499E-09 3.4594E-09 3.5690E-09 3.6881E-09 3.8173E-09 3.9434E-09 4.0686E-09 4.1985E-09 4.3332E-09 4.4728E-09 4.6172E-09 4.7665E-09 4.9206E-09 5.1617E-09 5.3657E-09 5.5533E-09 5.8700E-09 6.2228E-09 6.5044E-09 6.8597E-09 7.2576E-09 7.6826E-09 8.1142E-09 8.5901E-09 9.1152E-09 9.7384E-09 1.0392E-08 1.1114E-08 1.1907E-08 1.2774E-08 1.3716E-08 1.4792E-08 1.5902E-08 1.7084E-08 1.8329E-08 1.9625E-08 2.0957E-08 2.2306E-08 2.3649E-08 2.4962E-08 2.6217E-08 2.7385E-08 2.8438E-08 2.9347E-08
2.2591E-09 2.3061E-09 2.3539E-09 2.4024E-09 2.4955E-09 2.5657E-09 2.6352E-09 2.7837E-09 2.8801E-09 3.0284E-09 3.1282E-09 3.2337E-09 3.3296E-09 3.4395E-09 3.5497E-09 3.6696E-09 3.7904E-09 3.9272E-09 4.0538E-09 4.1855E-09 4.3222E-09 4.4641E-09 4.6113E-09 4.7636E-09 4.9212E-09 5.1660E-09 5.3747E-09 5.5678E-09 5.8659E-09 6.1691E-09 6.5112E-09 6.8202E-09 7.2154E-09 7.6990E-09 8.1365E-09 8.6200E-09 9.1554E-09 9.7482E-09 1.0458E-08 1.1203E-08 1.2027E-08 1.2936E-08 1.3933E-08 1.5073E-08 1.6270E-08 1.7559E-08 1.8935E-08 2.0388E-08 2.1904E-08 2.3467E-08 2.5052E-08 2.6636E-08 2.8187E-08 2.9674E-08 3.1061E-08 3.2727E-08 3.3918E-08
2.2900E-09 2.3380E-09 2.3867E-09 2.4362E-09 2.5333E-09 2.6167E-09 2.7299E-09 2.8550E-09 3.0054E-09 3.1050E-09 3.2007E-09 3.3065E-09 3.4165E-09 3.5271E-09 3.6474E-09 3.7689E-09 3.9065E-09 4.0344E-09 4.1674E-09 4.3059E-09 4.4498E-09 4.5992E-09 4.7542E-09 4.9148E-09 5.1621E-09 5.3746E-09 5.5726E-09 5.8543E-09 6.1274E-09 6.5047E-09 6.8155E-09 7.2136E-09 7.6620E-09 8.1344E-09 8.6214E-09 9.1616E-09 9.7617E-09 1.0475E-08 1.1234E-08 1.2078E-08 1.3015E-08 1.4050E-08 1.5237E-08 1.6502E-08 1.7878E-08 1.9365E-08 2.0955E-08 2.2638E-08 2.4464E-08 2.6312E-08 2.8202E-08 3.0107E-08 3.1995E-08 3.3830E-08 3.5574E-08 3.7185E-08 3.8623E-08
2.3210E-09 2.3699E-09 2.4196E-09 2.5144E-09 2.5969E-09 2.6954E-09 2.8120E-09 2.9466E-09 3.0795E-09 3.1751E-09 3.2806E-09 3.3905E-09 3.5013E-09 3.6217E-09 3.7437E-09 3.8817E-09 4.0104E-09 4.1445E-09 4.2842E-09 4.4297E-09 4.5810E-09 4.7382E-09 4.9014E-09 5.1501E-09 5.3656E-09 5.5677E-09 5.8085E-09 6.1046E-09 6.4068E-09 6.7970E-09 7.1359E-09 7.5756E-09 8.1105E-09 8.5969E-09 9.1372E-09 9.7385E-09 1.0448E-08 1.1211E-08 1.2063E-08 1.3015E-08 1.4074E-08 1.5247E-08 1.6599E-08 1.8040E-08 1.9612E-08 2.1313E-08 2.3136E-08 2.5070E-08 2.7187E-08 2.9326E-08 3.1522E-08 3.3743E-08 3.5953E-08 3.8111E-08 4.0173E-08 4.2090E-08 4.3816E-08
2.3520E-09 2.4019E-09 2.4526E-09 2.5512E-09 2.6736E-09 2.7676E-09 2.9212E-09 3.0390E-09 3.1471E-09 3.2522E-09 3.3523E-09 3.4723E-09 3.5927E-09 3.7092E-09 3.8468E-09 3.9820E-09 4.1168E-09 4.2575E-09 4.4041E-09 4.5569E-09 4.7159E-09 4.8812E-09 5.1300E-09 5.3476E-09 5.5532E-09 5.7682E-09 6.0740E-09 6.3704E-09 6.7055E-09 7.1033E-09 7.5413E-09 8.0365E-09 8.5497E-09 9.0859E-09 9.6833E-09 1.0350E-08 1.1141E-08 1.1992E-08 1.2945E-08 1.4011E-08 1.5200E-08 1.6571E-08 1.8051E-08 1.9680E-08 2.1461E-08 2.3391E-08 2.5465E-08 2.7749E-08 3.0103E-08 3.2559E-08 3.5088E-08 3.7656E-08 4.0222E-08 4.2739E-08 4.5157E-08 4.7421E-08 4.9474E-08
2.3831E-09 2.4340E-09 2.5299E-09 2.6366E-09 2.7161E-09 2.8612E-09 2.9892E-09 3.1169E-09 3.2213E-09 3.3211E-09 3.4405E-09 3.5509E-09 3.6768E-09 3.8142E-09 3.9495E-09 4.0847E-09 4.2259E-09 4.3733E-09 4.5271E-09 4.6874E-09 4.8543E-09 5.0280E-09 5.2967E-09 5.5292E-09 5.7475E-09 6.0346E-09 6.3268E-09 6.6515E-09 7.0574E-09 7.4234E-09 7.9035E-09 8.4484E-09 9.0116E-09 9.6007E-09 1.0259E-08 1.0994E-08 1.1871E-08 1.2815E-08 1.3875E-08 1.5062E-08 1.6388E-08 1.7924E-08 1.9582E-08 2.1410E-08 2.3411E-08 2.5585E-08 2.7992E-08 3.0517E-08 3.3188E-08 3.5983E-08 3.8870E-08 4.1812E-08 4.4880E-08 4.7856E-08 5.0764E-08 5.3551E-08 5.6159E-08
2.4142E-09 2.4660E-09 2.5766E-09 2.6915E-09 2.8333E-09 2.9460E-09 3.0803E-09 3.1787E-09 3.2874E-09 3.4010E-09 3.5160E-09 3.6412E-09 3.7781E-09 3.9130E-09 4.0482E-09 4.1896E-09 4.3374E-09 4.4917E-09 4.6529E-09 4.8210E-09 4.9962E-09 5.2629E-09 5.4962E-09 5.7169E-09 5.9485E-09 6.2738E-09 6.5928E-09 6.9221E-09 7.3612E-09 7.8352E-09 8.3719E-09 8.9176E-09 9.4951E-09 1.0140E-08 1.0861E-08 1.1712E-08 1.2637E-08 1.3678E-08 1.4849E-08 1.6162E-08 1.7680E-08 1.9339E-08 2.1181E-08 2.3216E-08 2.5446E-08 2.7872E-08 3.0573E-08 3.3405E-08 3.6409E-08 3.9559E-08 4.2824E-08 4.6263E-08 4.9688E-08 5.3114E-08 5.6613E-08 5.9960E-08 6.3183E-08
2.4454E-09 2.5526E-09 2.6656E-09 2.7531E-09 2.9019E-09 3.0335E-09 3.1439E-09 3.2515E-09 3.3545E-09 3.4783E-09 3.6026E-09 3.7292E-09 3.8729E-09 4.0077E-09 4.1489E-09 4.2967E-09 4.4512E-09 4.6128E-09 4.7815E-09 4.9577E-09 5.2213E-09 5.4544E-09 5.6767E-09 5.9104E-09 6.2146E-09 6.5252E-09 6.8495E-09 7.2314E-09 7.6747E-09 8.1921E-09 8.7778E-09 9.3707E-09 9.9990E-09 1.0702E-08 1.1489E-08 1.2420E-08 1.3433E-08 1.4574E-08 1.5859E-08 1.7302E-08 1.8975E-08 2.0802E-08 2.2834E-08 2.5079E-08 2.7544E-08 3.0297E-08 3.3230E-08 3.6378E-08 3.9723E-08 4.3240E-08 4.6978E-08 5.0783E-08 5.4662E-08 5.8669E-08 6.2619E-08 6.6527E-08 7.0527E-08
2.4765E-09 2.6246E-09 2.7052E-09 2.8701E-09 2.9655E-09 3.1072E-09 3.2136E-09 3.3157E-09 3.4381E-09 3.5613E-09 3.6869E-09 3.8294E-09 3.9635E-09 4.1041E-09 4.2515E-09 4.4058E-09 4.5673E-09 4.7362E-09 4.9128E-09 5.1723E-09 5.4043E-09 5.6274E-09 5.8623E-09 6.1359E-09 6.4479E-09 6.7680E-09 7.1388E-09 7.5246E-09 8.0852E-09 8.6604E-09 9.1990E-09 9.8407E-09 1.0522E-08 1.1284E-08 1.2139E-08 1.3153E-08 1.4255E-08 1.5499E-08 1.6899E-08 1.8519E-08 2.0303E-08 2.2300E-08 2.4522E-08 2.6980E-08 2.9679E-08 3.2705E-08 3.5929E-08 3.9393E-08 4.3083E-08 4.6971E-08 5.1129E-08 5.5372E-08 5.9719E-08 6.4262E-08 6.8771E-08 7.3424E-08 7.8017E-08
2.5406E-09 2.6765E-09 2.7839E-09 2.9309E-09 3.0643E-09 3.1643E-09 3.2748E-09 3.3956E-09 3.5080E-09 3.6363E-09 3.7768E-09 3.9159E-09 4.0556E-09 4.2021E-09 4.3558E-09 4.5168E-09 4.6855E-09 4.8620E-09 5.0466E-09 5.3237E-09 5.5695E-09 5.8048E-09 6.0528E-09 6.3684E-09 6.6765E-09 7.0392E-09 7.4142E-09 7.8589E-09 8.4305E-09 9.0517E-09 9.6343E-09 1.0326E-08 1.1061E-08 1.1884E-08 1.2848E-08 1.3905E-08 1.5098E-08 1.6445E-08 1.7961E-08 1.9717E-08 2.1652E-08 2.3817E-08 2.6227E-08 2.8894E-08 3.1888E-08 3.5120E-08 3.8629E-08 4.2406E-08 4.6434E-08 5.0766E-08 5.5267E-08 5.9947E-08 6.4867E-08 6.9859E-08 7.4947E-08 8.0287E-08 8.5629E-08
2.6332E-09 2.7353E-09 2.8823E-09 2.9794E-09 3.1233E-09 3.2321E-09 3.3366E-09 3.4622E-09 3.5888E-09 3.7181E-09 3.8651E-09 4.0036E-09 4.1490E-09 4.3016E-09 4.4617E-09 4.6296E-09 4.8056E-09 4.9898E-09 5.2606E-09 5.5038E-09 5.7385E-09 5.9863E-09 6.2724E-09 6.5840E-09 6.9306E-09 7.2980E-09 7.6976E-09 8.2852E-09 8.8906E-09 9.4563E-09 1.0118E-08 1.0824E-08 1.1614E-08 1.2499E-08 1.3536E-08 1.4673E-08 1.5957E-08 1.7405E-08 1.9036E-08 2.0927E-08 2.3008E-08 2.5337E-08 2.7929E-08 3.0798E-08 3.4025E-08 3.7507E-08 4.1290E-08 4.5366E-08 4.9720E-08 5.4421E-08 5.9313E-08 6.4417E-08 6.9825E-08 7.5340E-08 8.1138E-08 8.7055E-08 9.3178E-08
2.6692E-09 2.8130E-09 2.9413E-09 3.0669E-09 3.1781E-09 3.2908E-09 3.4144E-09 3.5391E-09 3.6667E-09 3.8115E-09 3.9485E-09 4.0924E-09 4.2436E-09 4.4024E-09 4.5691E-09 4.7440E-09 4.9274E-09 5.1196E-09 5.4075E-09 5.6641E-09 5.9108E-09 6.1717E-09 6.4849E-09 6.8162E-09 7.1743E-09 7.5631E-09 7.9867E-09 8.6158E-09 9.2637E-09 9.8680E-09 1.0578E-08 1.1333E-08 1.2178E-08 1.3125E-08 1.4235E-08 1.5451E-08 1.6824E-08 1.8372E-08 2.0115E-08 2.2135E-08 2.4357E-08 2.6842E-08 2.9608E-08 3.2668E-08 3.6114E-08 3.9831E-08 4.3870E-08 4.8225E-08 5.2882E-08 5.7929E-08 6.3187E-08 6.8690E-08 7.4561E-08 8.0576E-08 8.6965E-08 9.3547E-08 1.0061E-07
2.7452E-09 2.8754E-09 2.9877E-09 3.1328E-09 3.2435E-09 3.3648E-09 3.4782E-09 3.6076E-09 3.7496E-09 3.8906E-09 4.0327E-09 4.1822E-09 4.3393E-09 4.5043E-09 4.6777E-09 4.8598E-09 5.0508E-09 5.3301E-09 5.5824E-09 5.8272E-09 6.0863E-09 6.3716E-09 6.7020E-09 7.0415E-09 7.4217E-09 7.8335E-09 8.4011E-09 9.0618E-09 9.6423E-09 1.0290E-08 1.1044E-08 1.1852E-08 1.2751E-08 1.3760E-08 1.4941E-08 1.6234E-08 1.7693E-08 1.9338E-08 2.1187E-08 2.3331E-08 2.5685E-08 2.8317E-08 3.1244E-08 3.4480E-08 3.8127E-08 4.2057E-08 4.6328E-08 5.0936E-08 5.5865E-08 6.1223E-08 6.6809E-08 7.2771E-08 7.8964E-08 8.5435E-08 9.2369E-08 9.9571E-08 1.0740E-07
2.8041E-09 2.9461E-09 3.0525E-09 3.1949E-09 3.2996E-09 3.4253E-09 3.5522E-09 3.6823E-09 3.8303E-09 3.9703E-09 4.1177E-09 4.2727E-09 4.4358E-09 4.6073E-09 4.7875E-09 4.9768E-09 5.1754E-09 5.4710E-09 5.7363E-09 5.9928E-09 6.2646E-09 6.5745E-09 6.9134E-09 7.2731E-09 7.6736E-09 8.1269E-09 8.7118E-09 9.4112E-09 1.0028E-08 1.0717E-08 1.1516E-08 1.2376E-08 1.3330E-08 1.4399E-08 1.5649E-08 1.7017E-08 1.8559E-08 2.0295E-08 2.2292E-08 2.4503E-08 2.6980E-08 2.9745E-08 3.2817E-08 3.6273E-08 4.0037E-08 4.4154E-08 4.8628E-08 5.3453E-08 5.8700E-08 6.4242E-08 7.0109E-08 7.6389E-08 8.2930E-08 8.9791E-08 9.7196E-08 1.0494E-07 1.1344E-07
