Assets/Resources/2015_m01_d26_0700(utc+0800)_l00_csi_1hr_conc.grd
DSAA
         159         159
     -79.000      79.000
     -79.000      79.000
  0.0000E+00  0.4385E-05
[rows 125 to 149 of 159, columns 57 to 113 of 159]
3.7489E-10 3.8411E-10 3.9347E-10 4.0239E-10 4.1360E-10 4.2218E-10 4.3301E-10 4.4117E-10 4.4932E-10 4.5691E-10 4.6446E-10 4.7141E-10 4.7801E-10 4.8451E-10 4.9036E-10 4.9609E-10 5.0113E-10 5.0602E-10 5.1021E-10 5.1395E-10 5.1724E-10 5.2006E-10 5.2242E-10 5.2430E-10 5.2570E-10 5.2663E-10 5.2707E-10 5.2704E-10 5.2652E-10 5.2554E-10 5.2409E-10 5.2217E-10 5.1980E-10 5.1699E-10 5.1374E-10 5.1006E-10 5.0597E-10 5.0148E-10 4.9446E-10 4.8713E-10 4.8166E-10 4.7585E-10 4.6972E-10 4.6329E-10 4.5658E-10 4.4960E-10 4.4237E-10 4.3491E-10 4.2724E-10 4.1733E-10 4.0741E-10 3.9939E-10 3.9123E-10 3.8295E-10 3.7741E-10 3.7625E-10 3.7576E-10
3.5070E-10 3.5933E-10 3.6782E-10 3.7643E-10 3.8486E-10 3.9284E-10 4.0060E-10 4.0840E-10 4.1784E-10 4.2517E-10 4.3194E-10 4.4058E-10 4.4703E-10 4.5314E-10 4.5862E-10 4.6374E-10 4.6874E-10 4.7307E-10 4.7728E-10 4.8080E-10 4.8389E-10 4.8656E-10 4.8906E-10 4.9085E-10 4.9219E-10 4.9309E-10 4.9354E-10 4.9354E-10 4.9310E-10 4.9221E-10 4.9089E-10 4.8914E-10 4.8696E-10 4.8222E-10 4.7926E-10 4.7380E-10 4.7011E-10 4.6605E-10 4.6163E-10 4.5688E-10 4.5179E-10 4.4639E-10 4.4068E-10 4.3470E-10 4.2845E-10 4.2194E-10 4.1521E-10 4.0425E-10 3.9726E-10 3.9009E-10 3.8274E-10 3.7525E-10 3.6762E-10 3.5988E-10 3.5204E-10 3.5004E-10 3.4330E-10
3.2752E-10 3.3586E-10 3.4379E-10 3.5186E-10 3.5949E-10 3.6694E-10 3.7447E-10 3.8178E-10 3.8859E-10 3.9515E-10 4.0171E-10 4.0772E-10 4.1371E-10 4.1912E-10 4.2420E-10 4.2921E-10 4.3361E-10 4.4009E-10 4.4377E-10 4.4707E-10 4.5024E-10 4.5275E-10 4.5485E-10 4.5682E-10 4.5811E-10 4.5899E-10 4.5729E-10 4.5763E-10 4.5729E-10 4.5655E-10 4.5541E-10 4.5386E-10 4.5193E-10 4.4962E-10 4.4692E-10 4.4386E-10 4.4045E-10 4.3669E-10 4.3259E-10 4.2818E-10 4.2345E-10 4.1843E-10 4.1313E-10 4.0757E-10 3.9774E-10 3.9183E-10 3.8570E-10 3.7937E-10 3.7284E-10 3.6615E-10 3.5930E-10 3.5230E-10 3.4518E-10 3.3795E-10 3.2491E-10 3.1964E-10 3.1924E-10
3.0199E-10 3.1144E-10 3.1907E-10 3.2835E-10 3.3575E-10 3.4270E-10 3.4976E-10 3.5633E-10 3.6269E-10 3.6910E-10 3.7526E-10 3.8088E-10 3.8623E-10 3.9128E-10 3.9631E-10 4.0075E-10 4.0515E-10 4.0893E-10 4.1237E-10 4.1573E-10 4.1845E-10 4.2108E-10 4.2307E-10 4.2469E-10 4.2592E-10 4.2704E-10 4.2751E-10 4.2761E-10 4.2758E-10 4.2692E-10 4.2588E-10 4.2447E-10 4.2269E-10 4.2082E-10 4.1834E-10 4.1551E-10 4.1236E-10 4.0887E-10 4.0508E-10 4.0098E-10 3.9458E-10 3.8798E-10 3.8318E-10 3.7814E-10 3.7285E-10 3.6735E-10 3.6164E-10 3.5574E-10 3.4966E-10 3.4342E-10 3.3703E-10 3.3051E-10 3.1822E-10 3.1172E-10 3.0513E-10 2.9846E-10 2.9644E-10
2.8195E-10 2.8885E-10 2.9565E-10 3.0261E-10 3.0943E-10 3.1583E-10 3.2415E-10 3.3052E-10 3.3849E-10 3.4449E-10 3.4999E-10 3.5524E-10 3.6051E-10 3.6524E-10 3.6997E-10 3.7413E-10 3.7798E-10 3.8152E-10 3.8502E-10 3.8792E-10 3.9075E-10 3.9297E-10 3.9485E-10 3.9637E-10 3.9782E-10 3.9864E-10 3.9937E-10 3.9948E-10 3.9923E-10 3.9864E-10 3.9769E-10 3.9640E-10 3.9503E-10 3.9307E-10 3.9078E-10 3.8639E-10 3.8147E-10 3.7834E-10 3.7493E-10 3.7124E-10 3.6728E-10 3.6306E-10 3.5860E-10 3.5391E-10 3.4900E-10 3.4388E-10 3.3857E-10 3.3308E-10 3.2741E-10 3.1873E-10 3.1011E-10 3.0426E-10 2.9830E-10 2.9223E-10 2.8608E-10 2.7984E-10 2.7462E-10
2.6274E-10 2.6946E-10 2.7580E-10 2.8231E-10 2.8842E-10 2.9466E-10 3.0047E-10 3.0640E-10 3.1186E-10 3.1713E-10 3.2247E-10 3.2731E-10 3.3427E-10 3.3866E-10 3.4280E-10 3.4666E-10 3.5259E-10 3.5591E-10 3.5921E-10 3.6192E-10 3.6433E-10 3.6641E-10 3.6845E-10 3.6989E-10 3.7128E-10 3.7207E-10 3.7252E-10 3.7059E-10 3.7040E-10 3.6989E-10 3.6728E-10 3.6616E-10 3.6473E-10 3.6326E-10 3.6123E-10 3.5890E-10 3.5628E-10 3.5339E-10 3.5022E-10 3.4680E-10 3.4312E-10 3.3921E-10 3.3507E-10 3.3098E-10 3.2641E-10 3.2165E-10 3.1383E-10 3.0601E-10 3.0095E-10 2.9575E-10 2.9042E-10 2.8496E-10 2.7940E-10 2.7374E-10 2.6773E-10 2.6191E-10 2.5059E-10
2.4212E-10 2.5116E-10 2.5707E-10 2.6287E-10 2.6885E-10 2.7441E-10 2.8011E-10 2.8537E-10 2.9047E-10 2.9566E-10 3.0066E-10 3.0518E-10 3.0949E-10 3.1356E-10 3.1768E-10 3.2128E-10 3.2490E-10 3.2798E-10 3.3078E-10 3.3331E-10 3.3584E-10 3.3780E-10 3.3974E-10 3.4111E-10 3.4218E-10 3.4295E-10 3.4342E-10 3.4359E-10 3.4373E-10 3.4330E-10 3.4284E-10 3.4182E-10 3.4051E-10 3.3891E-10 3.3703E-10 3.3488E-10 3.3246E-10 3.2978E-10 3.2685E-10 3.2395E-10 3.2054E-10 3.1691E-10 3.1307E-10 3.0617E-10 2.9921E-10 2.9497E-10 2.9057E-10 2.8601E-10 2.8130E-10 2.7646E-10 2.7149E-10 2.6641E-10 2.6122E-10 2.5595E-10 2.4522E-10 2.4003E-10 2.3478E-10
2.2296E-10 2.2839E-10 2.3393E-10 2.4212E-10 2.4754E-10 2.5558E-10 2.6063E-10 2.6581E-10 2.7056E-10 2.7542E-10 2.7983E-10 2.8404E-10 2.8833E-10 2.9214E-10 2.9601E-10 2.9936E-10 3.0249E-10 3.0536E-10 3.0827E-10 3.1064E-10 3.1302E-10 3.1486E-10 3.1643E-10 3.1772E-10 3.1874E-10 3.1975E-10 3.2020E-10 3.2038E-10 3.2055E-10 3.2017E-10 3.1951E-10 3.1857E-10 3.1737E-10 3.1590E-10 3.1417E-10 3.1245E-10 3.1022E-10 3.0774E-10 3.0503E-10 2.9924E-10 2.9358E-10 2.9037E-10 2.8697E-10 2.8338E-10 2.7962E-10 2.7568E-10 2.7159E-10 2.6735E-10 2.6297E-10 2.5846E-10 2.5384E-10 2.4638E-10 2.3901E-10 2.3431E-10 2.2954E-10 2.2469E-10 2.1952E-10
2.0754E-10 2.1279E-10 2.1778E-10 2.2287E-10 2.2767E-10 2.3255E-10 2.3713E-10 2.4177E-10 2.4902E-10 2.5323E-10 2.5756E-10 2.6439E-10 2.6841E-10 2.7196E-10 2.7531E-10 2.7844E-10 2.8163E-10 2.8432E-10 2.8706E-10 2.8928E-10 2.9125E-10 2.9297E-10 2.9472E-10 2.9594E-10 2.9690E-10 2.9788E-10 2.9832E-10 2.9850E-10 2.9842E-10 2.9808E-10 2.9748E-10 2.9663E-10 2.9580E-10 2.9445E-10 2.9001E-10 2.8563E-10 2.8369E-10 2.8153E-10 2.7915E-10 2.7657E-10 2.7379E-10 2.7081E-10 2.6766E-10 2.6433E-10 2.6083E-10 2.5717E-10 2.5337E-10 2.4943E-10 2.4262E-10 2.3584E-10 2.3174E-10 2.2753E-10 2.2324E-10 2.1886E-10 2.1441E-10 2.0989E-10 2.0532E-10
1.9053E-10 1.9809E-10 2.0273E-10 2.0729E-10 2.1196E-10 2.1633E-10 2.2079E-10 2.2493E-10 2.2895E-10 2.3301E-10 2.3693E-10 2.4051E-10 2.4392E-10 2.4715E-10 2.5049E-10 2.5335E-10 2.5922E-10 2.6171E-10 2.6399E-10 2.6605E-10 2.6817E-10 2.6978E-10 2.7144E-10 2.7259E-10 2.7351E-10 2.7419E-10 2.7463E-10 2.7194E-10 2.7221E-10 2.7197E-10 2.7150E-10 2.7080E-10 2.7015E-10 2.6900E-10 2.6763E-10 2.6605E-10 2.6425E-10 2.6225E-10 2.6005E-10 2.5766E-10 2.5508E-10 2.5233E-10 2.4940E-10 2.4631E-10 2.4307E-10 2.3696E-10 2.3084E-10 2.2735E-10 2.2374E-10 2.2003E-10 2.1621E-10 2.1230E-10 2.0830E-10 2.0422E-10 2.0008E-10 1.9587E-10 1.8823E-10
1.7476E-10 1.7899E-10 1.8334E-10 1.9020E-10 1.9449E-10 2.0124E-10 2.0521E-10 2.0926E-10 2.1300E-10 2.1680E-10 2.2028E-10 2.2361E-10 2.2697E-10 2.2999E-10 2.3303E-10 2.3570E-10 2.3819E-10 2.4050E-10 2.4289E-10 2.4481E-10 2.4680E-10 2.4831E-10 2.4961E-10 2.5070E-10 2.5157E-10 2.5251E-10 2.5295E-10 2.5317E-10 2.5346E-10 2.5325E-10 2.5282E-10 2.5218E-10 2.5134E-10 2.5028E-10 2.4902E-10 2.4756E-10 2.4590E-10 2.4405E-10 2.4230E-10 2.4009E-10 2.3770E-10 2.3243E-10 2.2707E-10 2.2436E-10 2.2150E-10 2.1851E-10 2.1539E-10 2.1215E-10 2.0880E-10 2.0534E-10 2.0179E-10 1.9815E-10 1.9444E-10 1.9064E-10 1.8346E-10 1.7968E-10 1.7558E-10
1.6236E-10 1.6649E-10 1.7037E-10 1.7438E-10 1.7812E-10 1.8197E-10 1.8555E-10 1.8921E-10 1.9536E-10 1.9867E-10 2.0204E-10 2.0788E-10 2.1103E-10 2.1384E-10 2.1650E-10 2.1899E-10 2.2150E-10 2.2365E-10 2.2582E-10 2.2761E-10 2.2921E-10 2.3062E-10 2.3184E-10 2.3314E-10 2.3396E-10 2.3486E-10 2.3528E-10 2.3551E-10 2.3552E-10 2.3534E-10 2.3496E-10 2.3438E-10 2.3360E-10 2.3291E-10 2.3175E-10 2.3040E-10 2.2615E-10 2.2204E-10 2.2027E-10 2.1835E-10 2.1626E-10 2.1403E-10 2.1165E-10 2.0913E-10 2.0648E-10 2.0371E-10 2.0081E-10 1.9781E-10 1.9470E-10 1.9149E-10 1.8819E-10 1.8142E-10 1.7809E-10 1.7469E-10 1.7123E-10 1.6772E-10 1.6388E-10
1.5088E-10 1.5474E-10 1.5834E-10 1.6189E-10 1.6556E-10 1.6897E-10 1.7249E-10 1.7572E-10 1.7886E-10 1.8208E-10 1.8500E-10 1.8799E-10 1.9067E-10 1.9321E-10 1.9580E-10 2.0082E-10 2.0315E-10 2.0514E-10 2.0696E-10 2.0862E-10 2.1010E-10 2.1160E-10 2.1548E-10 2.1663E-10 2.1741E-10 2.1526E-10 2.1567E-10 2.1589E-10 2.1594E-10 2.1608E-10 2.1302E-10 2.1255E-10 2.1191E-10 2.1138E-10 2.1039E-10 2.0924E-10 2.0792E-10 2.0645E-10 2.0482E-10 2.0303E-10 2.0111E-10 1.9904E-10 1.9684E-10 1.9450E-10 1.9205E-10 1.8947E-10 1.8679E-10 1.8400E-10 1.7772E-10 1.7486E-10 1.7191E-10 1.6889E-10 1.6579E-10 1.6263E-10 1.5942E-10 1.5615E-10 1.5283E-10
1.3845E-10 1.4180E-10 1.4704E-10 1.5033E-10 1.5376E-10 1.5693E-10 1.6002E-10 1.6321E-10 1.6613E-10 1.6914E-10 1.7186E-10 1.7447E-10 1.7715E-10 1.7952E-10 1.8176E-10 1.8406E-10 1.8603E-10 1.8786E-10 1.8954E-10 1.9126E-10 1.9264E-10 1.9405E-10 1.9511E-10 1.9601E-10 1.9675E-10 1.9732E-10 1.9791E-10 1.9815E-10 1.9822E-10 1.9812E-10 1.9805E-10 1.9763E-10 1.9704E-10 1.9629E-10 1.9539E-10 1.9432E-10 1.9311E-10 1.9175E-10 1.9024E-10 1.8859E-10 1.8681E-10 1.8490E-10 1.8314E-10 1.8098E-10 1.7700E-10 1.7296E-10 1.7058E-10 1.6809E-10 1.6552E-10 1.6286E-10 1.5985E-10 1.5704E-10 1.5417E-10 1.5123E-10 1.4825E-10 1.4521E-10 1.4214E-10
1.2671E-10 1.2998E-10 1.3300E-10 1.3617E-10 1.4083E-10 1.4373E-10 1.4848E-10 1.5147E-10 1.5418E-10 1.5680E-10 1.5932E-10 1.6194E-10 1.6426E-10 1.6665E-10 1.6874E-10 1.7070E-10 1.7254E-10 1.7443E-10 1.7600E-10 1.7762E-10 1.7891E-10 1.8005E-10 1.8105E-10 1.8189E-10 1.8277E-10 1.8331E-10 1.8369E-10 1.8411E-10 1.8419E-10 1.8411E-10 1.8388E-10 1.8349E-10 1.8296E-10 1.8227E-10 1.8144E-10 1.8065E-10 1.7953E-10 1.7828E-10 1.7689E-10 1.7537E-10 1.7202E-10 1.6859E-10 1.6679E-10 1.6488E-10 1.6305E-10 1.6093E-10 1.5872E-10 1.5623E-10 1.5385E-10 1.5138E-10 1.4885E-10 1.4624E-10 1.4358E-10 1.4085E-10 1.3789E-10 1.3508E-10 1.2915E-10
1.1751E-10 1.2056E-10 1.2336E-10 1.2613E-10 1.2903E-10 1.3169E-10 1.3448E-10 1.3701E-10 1.3946E-10 1.4375E-10 1.4607E-10 1.4849E-10 1.5234E-10 1.5439E-10 1.5633E-10 1.5835E-10 1.6005E-10 1.6183E-10 1.6330E-10 1.6463E-10 1.6583E-10 1.6689E-10 1.6801E-10 1.6880E-10 1.6945E-10 1.7015E-10 1.7052E-10 1.7074E-10 1.7082E-10 1.7076E-10 1.7055E-10 1.7020E-10 1.6990E-10 1.6928E-10 1.6680E-10 1.6593E-10 1.6323E-10 1.6232E-10 1.6111E-10 1.5977E-10 1.5833E-10 1.5677E-10 1.5510E-10 1.5333E-10 1.5147E-10 1.4951E-10 1.4746E-10 1.4533E-10 1.4312E-10 1.4084E-10 1.3849E-10 1.3608E-10 1.3360E-10 1.3089E-10 1.2530E-10 1.2280E-10 1.2008E-10
1.0888E-10 1.1152E-10 1.1412E-10 1.1688E-10 1.1959E-10 1.2206E-10 1.2447E-10 1.2700E-10 1.2928E-10 1.3168E-10 1.3380E-10 1.3585E-10 1.3780E-10 1.3985E-10 1.4162E-10 1.4347E-10 1.4503E-10 1.4649E-10 1.4954E-10 1.5077E-10 1.5208E-10 1.5307E-10 1.5412E-10 1.5486E-10 1.5548E-10 1.5596E-10 1.5631E-10 1.5482E-10 1.5493E-10 1.5509E-10 1.5494E-10 1.5466E-10 1.5425E-10 1.5392E-10 1.5326E-10 1.5249E-10 1.5160E-10 1.5059E-10 1.4947E-10 1.4824E-10 1.4691E-10 1.4547E-10 1.4393E-10 1.4229E-10 1.4057E-10 1.3876E-10 1.3687E-10 1.3490E-10 1.3285E-10 1.3074E-10 1.2856E-10 1.2326E-10 1.2108E-10 1.1885E-10 1.1658E-10 1.1407E-10 1.1172E-10
1.0060E-10 1.0324E-10 1.0565E-10 1.0822E-10 1.1055E-10 1.1284E-10 1.1526E-10 1.1744E-10 1.1974E-10 1.2179E-10 1.2376E-10 1.2585E-10 1.2766E-10 1.2958E-10 1.3122E-10 1.3277E-10 1.3422E-10 1.3556E-10 1.3700E-10 1.3814E-10 1.3937E-10 1.4029E-10 1.4110E-10 1.4179E-10 1.4236E-10 1.4282E-10 1.4335E-10 1.4358E-10 1.4368E-10 1.4366E-10 1.4372E-10 1.4347E-10 1.4310E-10 1.4262E-10 1.4202E-10 1.4131E-10 1.4049E-10 1.3956E-10 1.3853E-10 1.3740E-10 1.3617E-10 1.3484E-10 1.3342E-10 1.3191E-10 1.3032E-10 1.2865E-10 1.2690E-10 1.2508E-10 1.2011E-10 1.1825E-10 1.1634E-10 1.1437E-10 1.1235E-10 1.1029E-10 1.0818E-10 1.0604E-10 1.0367E-10
9.3027E-11 9.5288E-11 9.7718E-11 9.9915E-11 1.0207E-10 1.0438E-10 1.0645E-10 1.0866E-10 1.1061E-10 1.1251E-10 1.1453E-10 1.1629E-10 1.1816E-10 1.1977E-10 1.2129E-10 1.2272E-10 1.2426E-10 1.2552E-10 1.2687E-10 1.2793E-10 1.2889E-10 1.2975E-10 1.3050E-10 1.3114E-10 1.3188E-10 1.3231E-10 1.3263E-10 1.3304E-10 1.3314E-10 1.3313E-10 1.3301E-10 1.3279E-10 1.3245E-10 1.3201E-10 1.3146E-10 1.3081E-10 1.3006E-10 1.2921E-10 1.2845E-10 1.2741E-10 1.2627E-10 1.2505E-10 1.2374E-10 1.2235E-10 1.1933E-10 1.1628E-10 1.1456E-10 1.1297E-10 1.1132E-10 1.0960E-10 1.0783E-10 1.0601E-10 1.0415E-10 1.0224E-10 1.0029E-10 9.8303E-11 9.6288E-11
8.2734E-11 8.6534E-11 8.8560E-11 9.2129E-11 9.4324E-11 9.6479E-11 9.8390E-11 1.0025E-10 1.0226E-10 1.0401E-10 1.0590E-10 1.0753E-10 1.0908E-10 1.1057E-10 1.1217E-10 1.1350E-10 1.1495E-10 1.1611E-10 1.1719E-10 1.1817E-10 1.1907E-10 1.2006E-10 1.2076E-10 1.2136E-10 1.2206E-10 1.2247E-10 1.2277E-10 1.2297E-10 1.2307E-10 1.2307E-10 1.2297E-10 1.2276E-10 1.2246E-10 1.2225E-10 1.2175E-10 1.2116E-10 1.2047E-10 1.1969E-10 1.1881E-10 1.1785E-10 1.1526E-10 1.1262E-10 1.1149E-10 1.1028E-10 1.0900E-10 1.0766E-10 1.0625E-10 1.0478E-10 1.0325E-10 1.0166E-10 9.9835E-11 9.8154E-11 9.6429E-11 9.4664E-11 9.2863E-11 8.8241E-11 8.6485E-11
7.6412E-11 7.8274E-11 8.0111E-11 8.2126E-11 8.4110E-11 8.5859E-11 8.9149E-11 9.1043E-11 9.4251E-11 9.6071E-11 9.7636E-11 9.9140E-11 1.0058E-10 1.0215E-10 1.0346E-10 1.0489E-10 1.0605E-10 1.0712E-10 1.0812E-10 1.0923E-10 1.1006E-10 1.1080E-10 1.1165E-10 1.1222E-10 1.1269E-10 1.1307E-10 1.1335E-10 1.1354E-10 1.1364E-10 1.1384E-10 1.1375E-10 1.1357E-10 1.1329E-10 1.1293E-10 1.1247E-10 1.1058E-10 1.0841E-10 1.0775E-10 1.0701E-10 1.0619E-10 1.0530E-10 1.0433E-10 1.0328E-10 1.0217E-10 1.0100E-10 9.9756E-11 9.8455E-11 9.7098E-11 9.5492E-11 9.4030E-11 9.2522E-11 9.0969E-11 8.6339E-11 8.4810E-11 8.3247E-11 8.1653E-11 8.0030E-11
7.0303E-11 7.2019E-11 7.3921E-11 7.5798E-11 7.7444E-11 7.9057E-11 8.0838E-11 8.2378E-11 8.4080E-11 8.5534E-11 8.6939E-11 8.8492E-11 8.9791E-11 9.2596E-11 9.3991E-11 9.5119E-11 9.6179E-11 9.7168E-11 9.8285E-11 9.9127E-11 1.0165E-10 1.0234E-10 1.0295E-10 1.0191E-10 1.0236E-10 1.0272E-10 1.0319E-10 1.0338E-10 1.0349E-10 1.0196E-10 1.0191E-10 1.0198E-10 1.0177E-10 1.0148E-10 1.0111E-10 1.0066E-10 1.0013E-10 9.9520E-11 9.8840E-11 9.8086E-11 9.7262E-11 9.6370E-11 9.5411E-11 9.4389E-11 9.3305E-11 9.2163E-11 9.0965E-11 8.9715E-11 8.8414E-11 8.5642E-11 8.2704E-11 8.1365E-11 7.9988E-11 7.8379E-11 7.6937E-11 6.7254E-11 6.6061E-11
6.4585E-11 6.6375E-11 6.8145E-11 6.9689E-11 7.1206E-11 7.2898E-11 7.4354E-11 7.5981E-11 7.7365E-11 7.8706E-11 8.0205E-11 8.1456E-11 8.2858E-11 8.4006E-11 8.5097E-11 8.6129E-11 8.7301E-11 8.8211E-11 8.9054E-11 9.0032E-11 9.0741E-11 9.1379E-11 9.1945E-11 9.2437E-11 9.3053E-11 9.3396E-11 9.3664E-11 9.3855E-11 9.4168E-11 9.4207E-11 9.4169E-11 9.4054E-11 9.3864E-11 9.3599E-11 9.3259E-11 9.2847E-11 9.2362E-11 9.1807E-11 9.1183E-11 9.0491E-11 8.9735E-11 8.8915E-11 8.8034E-11 8.7094E-11 8.6098E-11 8.5047E-11 8.2526E-11 8.0018E-11 7.8904E-11 7.7747E-11 7.6549E-11 7.5117E-11 7.3847E-11 6.4478E-11 6.3233E-11 6.2157E-11 5.8378E-11
5.9385E-11 6.0839E-11 6.2556E-11 6.3976E-11 6.5580E-11 6.6951E-11 6.8501E-11 6.9812E-11 7.1086E-11 7.2528E-11 7.3725E-11 7.5083E-11 7.6191E-11 7.7250E-11 7.8256E-11 7.9412E-11 8.0311E-11 8.1151E-11 8.2135E-11 8.2854E-11 8.3510E-11 8.4101E-11 8.4624E-11 8.5282E-11 8.5672E-11 8.5991E-11 8.6241E-11 8.6622E-11 8.6732E-11 8.6772E-11 8.6740E-11 8.6638E-11 8.6467E-11 8.6226E-11 8.5916E-11 8.5540E-11 8.5097E-11 8.4589E-11 8.4017E-11 8.3383E-11 8.2690E-11 8.1938E-11 7.9695E-11 7.7444E-11 7.6602E-11 7.5711E-11 7.4773E-11 7.3790E-11 7.2766E-11 7.1701E-11 6.2451E-11 6.1376E-11 6.0468E-11 5.7981E-11 5.5740E-11 5.4836E-11 5.3907E-11
5.2613E-11 5.4197E-11 5.7206E-11 5.8507E-11 6.0069E-11 6.1328E-11 6.2842E-11 6.4048E-11 6.5428E-11 6.6568E-11 6.7878E-11 6.8942E-11 6.9963E-11 7.0938E-11 7.2071E-11 7.2952E-11 7.3985E-11 7.4762E-11 7.5484E-11 7.6148E-11 7.6754E-11 7.7503E-11 7.7989E-11 7.8413E-11 7.8775E-11 7.9275E-11 7.9510E-11 7.9679E-11 7.9784E-11 7.9823E-11 7.9798E-11 7.9707E-11 7.9553E-11 7.9334E-11 7.9053E-11 7.8709E-11 7.8305E-11 7.7841E-11 7.5895E-11 7.3922E-11 7.3348E-11 7.2721E-11 7.2044E-11 7.1317E-11 7.0544E-11 6.9726E-11 6.8864E-11 5.9819E-11 5.9114E-11 5.8373E-11 5.6246E-11 5.3949E-11 5.3194E-11 5.2209E-11 5.0076E-11 4.7985E-11 4.7212E-11
