Assets/Resources/2015_m01_d11_2100(utc+0800)_l00_csi_1hr_conc.grd
DSAA
         159         159
     -79.000      79.000
     -79.000      79.000
  0.0000E+00  0.5588E-05
[rows 0 to 24 of 159, columns 0 to 56 of 159]
1.5763E-09 1.6844E-09 1.7952E-09 1.9064E-09 2.0187E-09 2.1309E-09 2.2421E-09 2.3525E-09 2.4603E-09 2.5658E-09 2.6680E-09 2.7662E-09 2.8588E-09 2.9466E-09 3.0287E-09 3.1029E-09 3.1702E-09 3.2295E-09 3.2800E-09 3.3214E-09 3.3530E-09 3.3749E-09 3.3860E-09 3.3869E-09 3.3766E-09 3.3553E-09 3.3236E-09 3.2812E-09 3.2281E-09 3.1655E-09 3.0936E-09 3.0127E-09 2.9236E-09 2.8275E-09 2.7249E-09 2.6166E-09 2.5033E-09 2.3861E-09 2.2662E-09 2.1442E-09 2.0209E-09 1.8973E-09 1.7743E-09 1.6523E-09 1.5323E-09 1.4148E-09 1.3006E-09 1.1904E-09 1.0846E-09 9.8392E-10 8.8857E-10 7.9898E-10 7.1439E-10 6.3483E-10 5.5914E-10 4.8939E-10 4.2572E-10
1.6239E-09 1.7372E-09 1.8519E-09 1.9687E-09 2.0860E-09 2.2035E-09 2.3210E-09 2.4368E-09 2.5513E-09 2.6633E-09 2.7721E-09 2.8763E-09 2.9767E-09 3.0717E-09 3.1596E-09 3.2414E-09 3.3156E-09 3.3816E-09 3.4386E-09 3.4860E-09 3.5239E-09 3.5510E-09 3.5673E-09 3.5720E-09 3.5656E-09 3.5479E-09 3.5182E-09 3.4773E-09 3.4254E-09 3.3628E-09 3.2900E-09 3.2081E-09 3.1179E-09 3.0196E-09 2.9140E-09 2.8022E-09 2.6851E-09 2.5635E-09 2.4384E-09 2.3108E-09 2.1816E-09 2.0517E-09 1.9219E-09 1.7928E-09 1.6654E-09 1.5404E-09 1.4185E-09 1.3007E-09 1.1874E-09 1.0794E-09 9.7683E-10 8.8013E-10 7.8894E-10 7.0297E-10 6.2199E-10 5.4611E-10 4.7694E-10
1.6675E-09 1.7850E-09 1.9049E-09 2.0261E-09 2.1489E-09 2.2722E-09 2.3948E-09 2.5172E-09 2.6380E-09 2.7564E-09 2.8715E-09 2.9835E-09 3.0909E-09 3.1922E-09 3.2884E-09 3.3771E-09 3.4588E-09 3.5318E-09 3.5956E-09 3.6502E-09 3.6940E-09 3.7270E-09 3.7485E-09 3.7586E-09 3.7562E-09 3.7417E-09 3.7151E-09 3.6769E-09 3.6266E-09 3.5654E-09 3.4941E-09 3.4127E-09 3.3211E-09 3.2212E-09 3.1136E-09 2.9989E-09 2.8781E-09 2.7526E-09 2.6232E-09 2.4905E-09 2.3556E-09 2.2194E-09 2.0830E-09 1.9470E-09 1.8124E-09 1.6799E-09 1.5505E-09 1.4251E-09 1.3041E-09 1.1884E-09 1.0781E-09 9.7367E-10 8.7499E-10 7.8187E-10 6.9423E-10 6.1233E-10 5.3609E-10
1.7072E-09 1.8289E-09 1.9528E-09 2.0794E-09 2.2071E-09 2.3353E-09 2.4643E-09 2.5922E-09 2.7194E-09 2.8444E-09 2.9667E-09 3.0854E-09 3.2001E-09 3.3097E-09 3.4124E-09 3.5097E-09 3.5986E-09 3.6791E-09 3.7507E-09 3.8117E-09 3.8626E-09 3.9019E-09 3.9294E-09 3.9442E-09 3.9466E-09 3.9366E-09 3.9133E-09 3.8779E-09 3.8301E-09 3.7711E-09 3.7001E-09 3.6182E-09 3.5266E-09 3.4257E-09 3.3161E-09 3.1995E-09 3.0762E-09 2.9469E-09 2.8128E-09 2.6751E-09 2.5348E-09 2.3926E-09 2.2496E-09 2.1066E-09 1.9645E-09 1.8243E-09 1.6874E-09 1.5542E-09 1.4255E-09 1.3019E-09 1.1838E-09 1.0717E-09 9.6524E-10 8.6468E-10 7.6968E-10 6.8161E-10 5.9872E-10
1.7421E-09 1.8676E-09 1.9963E-09 2.1269E-09 2.2595E-09 2.3937E-09 2.5276E-09 2.6621E-09 2.7955E-09 2.9272E-09 3.0562E-09 3.1826E-09 3.3046E-09 3.4207E-09 3.5328E-09 3.6372E-09 3.7342E-09 3.8227E-09 3.9016E-09 3.9705E-09 4.0282E-09 4.0741E-09 4.1075E-09 4.1287E-09 4.1363E-09 4.1307E-09 4.1122E-09 4.0808E-09 4.0367E-09 3.9797E-09 3.9112E-09 3.8312E-09 3.7398E-09 3.6393E-09 3.5296E-09 3.4110E-09 3.2849E-09 3.1526E-09 3.0152E-09 2.8734E-09 2.7280E-09 2.5799E-09 2.4309E-09 2.2813E-09 2.1324E-09 1.9851E-09 1.8404E-09 1.6992E-09 1.5622E-09 1.4300E-09 1.3034E-09 1.1827E-09 1.0678E-09 9.5925E-10 8.5619E-10 7.5985E-10 6.6997E-10
1.7718E-09 1.9014E-09 2.0336E-09 2.1690E-09 2.3067E-09 2.4453E-09 2.5850E-09 2.7252E-09 2.8649E-09 3.0028E-09 3.1396E-09 3.2727E-09 3.4018E-09 3.5278E-09 3.6465E-09 3.7594E-09 3.8645E-09 3.9609E-09 4.0483E-09 4.1244E-09 4.1894E-09 4.2425E-09 4.2831E-09 4.3101E-09 4.3238E-09 4.3239E-09 4.3101E-09 4.2833E-09 4.2428E-09 4.1896E-09 4.1231E-09 4.0447E-09 3.9555E-09 3.8550E-09 3.7442E-09 3.6250E-09 3.4977E-09 3.3629E-09 3.2221E-09 3.0765E-09 2.9268E-09 2.7739E-09 2.6189E-09 2.4626E-09 2.3064E-09 2.1513E-09 1.9987E-09 1.8493E-09 1.7039E-09 1.5633E-09 1.4280E-09 1.2985E-09 1.1750E-09 1.0580E-09 9.4692E-10 8.4290E-10 7.4592E-10
1.7965E-09 1.9292E-09 2.0657E-09 2.2050E-09 2.3469E-09 2.4907E-09 2.6360E-09 2.7820E-09 2.9274E-09 3.0723E-09 3.2157E-09 3.3562E-09 3.4939E-09 3.6262E-09 3.7540E-09 3.8746E-09 3.9884E-09 4.0934E-09 4.1879E-09 4.2725E-09 4.3454E-09 4.4060E-09 4.4535E-09 4.4876E-09 4.5076E-09 4.5139E-09 4.5063E-09 4.4845E-09 4.4486E-09 4.3984E-09 4.3363E-09 4.2611E-09 4.1729E-09 4.0742E-09 3.9648E-09 3.8450E-09 3.7165E-09 3.5805E-09 3.4381E-09 3.2896E-09 3.1355E-09 2.9772E-09 2.8162E-09 2.6539E-09 2.4912E-09 2.3291E-09 2.1687E-09 2.0110E-09 1.8570E-09 1.7075E-09 1.5631E-09 1.4244E-09 1.2916E-09 1.1652E-09 1.0453E-09 9.3274E-10 8.2722E-10
1.8154E-09 1.9513E-09 2.0911E-09 2.2346E-09 2.3807E-09 2.5288E-09 2.6794E-09 2.8311E-09 2.9822E-09 3.1336E-09 3.2843E-09 3.4316E-09 3.5765E-09 3.7180E-09 3.8531E-09 3.9828E-09 4.1046E-09 4.2171E-09 4.3210E-09 4.4135E-09 4.4945E-09 4.5629E-09 4.6181E-09 4.6594E-09 4.6870E-09 4.7005E-09 4.6992E-09 4.6835E-09 4.6532E-09 4.6101E-09 4.5516E-09 4.4803E-09 4.3964E-09 4.2997E-09 4.1915E-09 4.0734E-09 3.9464E-09 3.8102E-09 3.6655E-09 3.5141E-09 3.3570E-09 3.1948E-09 3.0290E-09 2.8606E-09 2.6911E-09 2.5215E-09 2.3534E-09 2.1875E-09 2.0248E-09 1.8662E-09 1.7123E-09 1.5639E-09 1.4213E-09 1.2853E-09 1.1561E-09 1.0340E-09 9.1911E-10
1.8285E-09 1.9672E-09 2.1106E-09 2.2571E-09 2.4070E-09 2.5604E-09 2.7154E-09 2.8717E-09 3.0291E-09 3.1863E-09 3.3438E-09 3.4988E-09 3.6518E-09 3.8001E-09 3.9441E-09 4.0813E-09 4.2112E-09 4.3334E-09 4.4446E-09 4.5462E-09 4.6353E-09 4.7120E-09 4.7751E-09 4.8248E-09 4.8605E-09 4.8815E-09 4.8874E-09 4.8786E-09 4.8559E-09 4.8171E-09 4.7652E-09 4.6987E-09 4.6181E-09 4.5254E-09 4.4214E-09 4.3057E-09 4.1788E-09 4.0428E-09 3.8980E-09 3.7452E-09 3.5850E-09 3.4187E-09 3.2483E-09 3.0751E-09 2.8999E-09 2.7239E-09 2.5482E-09 2.3740E-09 2.2022E-09 2.0340E-09 1.8702E-09 1.7113E-09 1.5586E-09 1.4123E-09 1.2731E-09 1.1415E-09 1.0171E-09
1.8356E-09 1.9769E-09 2.1226E-09 2.2726E-09 2.4263E-09 2.5832E-09 2.7431E-09 2.9044E-09 3.0676E-09 3.2303E-09 3.3945E-09 3.5569E-09 3.7163E-09 3.8729E-09 4.0245E-09 4.1701E-09 4.3090E-09 4.4382E-09 4.5594E-09 4.6685E-09 4.7668E-09 4.8517E-09 4.9238E-09 4.9825E-09 5.0266E-09 5.0556E-09 5.0697E-09 5.0696E-09 5.0535E-09 5.0237E-09 4.9772E-09 4.9169E-09 4.8429E-09 4.7554E-09 4.6548E-09 4.5425E-09 4.4192E-09 4.2845E-09 4.1393E-09 3.9853E-09 3.8240E-09 3.6560E-09 3.4823E-09 3.3041E-09 3.1225E-09 2.9393E-09 2.7560E-09 2.5734E-09 2.3927E-09 2.2149E-09 2.0412E-09 1.8720E-09 1.7086E-09 1.5513E-09 1.4011E-09 1.2582E-09 1.1227E-09
1.8369E-09 1.9801E-09 2.1282E-09 2.2809E-09 2.4374E-09 2.5984E-09 2.7619E-09 2.9280E-09 3.0958E-09 3.2641E-09 3.4352E-09 3.6046E-09 3.7715E-09 3.9352E-09 4.0945E-09 4.2480E-09 4.3943E-09 4.5335E-09 4.6617E-09 4.7806E-09 4.8869E-09 4.9814E-09 5.0630E-09 5.1306E-09 5.1835E-09 5.2218E-09 5.2460E-09 5.2543E-09 5.2474E-09 5.2240E-09 5.1864E-09 5.1335E-09 5.0661E-09 4.9847E-09 4.8920E-09 4.7857E-09 4.6652E-09 4.5334E-09 4.3913E-09 4.2392E-09 4.0775E-09 3.9071E-09 3.7303E-09 3.5486E-09 3.3630E-09 3.1746E-09 2.9848E-09 2.7945E-09 2.6052E-09 2.4179E-09 2.2340E-09 2.0543E-09 1.8799E-09 1.7117E-09 1.5501E-09 1.3953E-09 1.2483E-09
1.8316E-09 1.9763E-09 2.1264E-09 2.2815E-09 2.4411E-09 2.6052E-09 2.7723E-09 2.9428E-09 3.1153E-09 3.2886E-09 3.4657E-09 3.6421E-09 3.8145E-09 3.9855E-09 4.1524E-09 4.3136E-09 4.4690E-09 4.6148E-09 4.7530E-09 4.8796E-09 4.9958E-09 5.0999E-09 5.1908E-09 5.2677E-09 5.3310E-09 5.3801E-09 5.4136E-09 5.4316E-09 5.4336E-09 5.4206E-09 5.3911E-09 5.3475E-09 5.2889E-09 5.2173E-09 5.1297E-09 5.0283E-09 4.9140E-09 4.7870E-09 4.6469E-09 4.4952E-09 4.3341E-09 4.1638E-09 3.9856E-09 3.8007E-09 3.6102E-09 3.4158E-09 3.2188E-09 3.0206E-09 2.8226E-09 2.6258E-09 2.4315E-09 2.2406E-09 2.0545E-09 1.8743E-09 1.7002E-09 1.5331E-09 1.3745E-09
1.8205E-09 1.9663E-09 2.1179E-09 2.2743E-09 2.4365E-09 2.6030E-09 2.7732E-09 2.9477E-09 3.1238E-09 3.3020E-09 3.4851E-09 3.6668E-09 3.8460E-09 4.0242E-09 4.1983E-09 4.3670E-09 4.5290E-09 4.6845E-09 4.8298E-09 4.9664E-09 5.0913E-09 5.2050E-09 5.3060E-09 5.3939E-09 5.4679E-09 5.5274E-09 5.5714E-09 5.6001E-09 5.6128E-09 5.6098E-09 5.5921E-09 5.5585E-09 5.5110E-09 5.4467E-09 5.3692E-09 5.2774E-09 5.1697E-09 5.0488E-09 4.9156E-09 4.7689E-09 4.6104E-09 4.4407E-09 4.2620E-09 4.0760E-09 3.8835E-09 3.6857E-09 3.4837E-09 3.2794E-09 3.0736E-09 2.8681E-09 2.6637E-09 2.4627E-09 2.2656E-09 2.0734E-09 1.8863E-09 1.7061E-09 1.5340E-09
1.8027E-09 1.9493E-09 2.1018E-09 2.2596E-09 2.4236E-09 2.5926E-09 2.7657E-09 2.9430E-09 3.1227E-09 3.3051E-09 3.4934E-09 3.6807E-09 3.8653E-09 4.0499E-09 4.2303E-09 4.4061E-09 4.5767E-09 4.7386E-09 4.8936E-09 5.0381E-09 5.1734E-09 5.2971E-09 5.4088E-09 5.5070E-09 5.5923E-09 5.6630E-09 5.7188E-09 5.7585E-09 5.7834E-09 5.7929E-09 5.7864E-09 5.7662E-09 5.7285E-09 5.6768E-09 5.6088E-09 5.5248E-09 5.4274E-09 5.3138E-09 5.1843E-09 5.0408E-09 4.8857E-09 4.7189E-09 4.5414E-09 4.3546E-09 4.1592E-09 3.9573E-09 3.7498E-09 3.5384E-09 3.3246E-09 3.1098E-09 2.8953E-09 2.6829E-09 2.4734E-09 2.2678E-09 2.0675E-09 1.8741E-09 1.6885E-09
1.7795E-09 1.9262E-09 2.0787E-09 2.2374E-09 2.4029E-09 2.5727E-09 2.7488E-09 2.9281E-09 3.1111E-09 3.2969E-09 3.4891E-09 3.6815E-09 3.8716E-09 4.0622E-09 4.2492E-09 4.4318E-09 4.6083E-09 4.7794E-09 4.9415E-09 5.0963E-09 5.2409E-09 5.3747E-09 5.4962E-09 5.6070E-09 5.7034E-09 5.7860E-09 5.8534E-09 5.9067E-09 5.9443E-09 5.9674E-09 5.9757E-09 5.9667E-09 5.9432E-09 5.9035E-09 5.8481E-09 5.7784E-09 5.6890E-09 5.5840E-09 5.4649E-09 5.3300E-09 5.1805E-09 5.0173E-09 4.8420E-09 4.6567E-09 4.4618E-09 4.2584E-09 4.0478E-09 3.8317E-09 3.6116E-09 3.3889E-09 3.1655E-09 2.9423E-09 2.7206E-09 2.5013E-09 2.2867E-09 2.0786E-09 1.8777E-09
1.7502E-09 1.8962E-09 2.0486E-09 2.2078E-09 2.3734E-09 2.5447E-09 2.7216E-09 2.9032E-09 3.0882E-09 3.2765E-09 3.4737E-09 3.6708E-09 3.8648E-09 4.0613E-09 4.2534E-09 4.4421E-09 4.6265E-09 4.8038E-09 4.9746E-09 5.1379E-09 5.2925E-09 5.4365E-09 5.5705E-09 5.6916E-09 5.8000E-09 5.8950E-09 5.9757E-09 6.0424E-09 6.0955E-09 6.1333E-09 6.1547E-09 6.1617E-09 6.1527E-09 6.1279E-09 6.0867E-09 6.0256E-09 5.9495E-09 5.8557E-09 5.7435E-09 5.6172E-09 5.4758E-09 5.3197E-09 5.1501E-09 4.9676E-09 4.7739E-09 4.5694E-09 4.3566E-09 4.1362E-09 3.9101E-09 3.6799E-09 3.4476E-09 3.2140E-09 2.9806E-09 2.7489E-09 2.5207E-09 2.2979E-09 2.0812E-09
1.7151E-09 1.8600E-09 2.0117E-09 2.1708E-09 2.3365E-09 2.5083E-09 2.6863E-09 2.8690E-09 3.0555E-09 3.2460E-09 3.4458E-09 3.6470E-09 3.8453E-09 4.0461E-09 4.2439E-09 4.4384E-09 4.6281E-09 4.8133E-09 4.9926E-09 5.1650E-09 5.3284E-09 5.4827E-09 5.6268E-09 5.7606E-09 5.8816E-09 5.9894E-09 6.0845E-09 6.1665E-09 6.2346E-09 6.2879E-09 6.3260E-09 6.3488E-09 6.3566E-09 6.3472E-09 6.3189E-09 6.2758E-09 6.2116E-09 6.1297E-09 6.0326E-09 5.9170E-09 5.7847E-09 5.6355E-09 5.4716E-09 5.2936E-09 5.1026E-09 4.8994E-09 4.6855E-09 4.4619E-09 4.2312E-09 3.9945E-09 3.7531E-09 3.5086E-09 3.2624E-09 3.0160E-09 2.7726E-09 2.5330E-09 2.3001E-09
1.6744E-09 1.8179E-09 1.9682E-09 2.1266E-09 2.2919E-09 2.4631E-09 2.6412E-09 2.8241E-09 3.0117E-09 3.2039E-09 3.4070E-09 3.6109E-09 3.8120E-09 4.0181E-09 4.2197E-09 4.4192E-09 4.6153E-09 4.8066E-09 4.9938E-09 5.1745E-09 5.3469E-09 5.5124E-09 5.6685E-09 5.8136E-09 5.9467E-09 6.0691E-09 6.1787E-09 6.2768E-09 6.3613E-09 6.4307E-09 6.4865E-09 6.5274E-09 6.5518E-09 6.5587E-09 6.5491E-09 6.5180E-09 6.4724E-09 6.4086E-09 6.3230E-09 6.2210E-09 6.1024E-09 5.9652E-09 5.8130E-09 5.6456E-09 5.4612E-09 5.2624E-09 5.0507E-09 4.8281E-09 4.5959E-09 4.3554E-09 4.1075E-09 3.8542E-09 3.5970E-09 3.3378E-09 3.0792E-09 2.8231E-09 2.5729E-09
1.6287E-09 1.7701E-09 1.9186E-09 2.0757E-09 2.2394E-09 2.4106E-09 2.5880E-09 2.7704E-09 2.9585E-09 3.1512E-09 3.3562E-09 3.5631E-09 3.7669E-09 3.9760E-09 4.1817E-09 4.3855E-09 4.5865E-09 4.7856E-09 4.9795E-09 5.1678E-09 5.3505E-09 5.5263E-09 5.6921E-09 5.8487E-09 5.9951E-09 6.1320E-09 6.2587E-09 6.3725E-09 6.4728E-09 6.5615E-09 6.6350E-09 6.6944E-09 6.7378E-09 6.7636E-09 6.7691E-09 6.7601E-09 6.7300E-09 6.6797E-09 6.6137E-09 6.5268E-09 6.4210E-09 6.2986E-09 6.1563E-09 5.9958E-09 5.8180E-09 5.6242E-09 5.4153E-09 5.1934E-09 4.9592E-09 4.7139E-09 4.4587E-09 4.1954E-09 3.9261E-09 3.6532E-09 3.3780E-09 3.1050E-09 2.8366E-09
1.5782E-09 1.7171E-09 1.8633E-09 2.0186E-09 2.1806E-09 2.3500E-09 2.5264E-09 2.7074E-09 2.8962E-09 3.0884E-09 3.2946E-09 3.5025E-09 3.7081E-09 3.9211E-09 4.1290E-09 4.3370E-09 4.5433E-09 4.7473E-09 4.9488E-09 5.1449E-09 5.3359E-09 5.5205E-09 5.6984E-09 5.8673E-09 6.0279E-09 6.1784E-09 6.3215E-09 6.4513E-09 6.5705E-09 6.6761E-09 6.7715E-09 6.8504E-09 6.9126E-09 6.9575E-09 6.9883E-09 6.9968E-09 6.9892E-09 6.9636E-09 6.9147E-09 6.8489E-09 6.7662E-09 6.6600E-09 6.5352E-09 6.3912E-09 6.2271E-09 6.0455E-09 5.8475E-09 5.6322E-09 5.4011E-09 5.1552E-09 4.8967E-09 4.6266E-09 4.3476E-09 4.0605E-09 3.7692E-09 3.4786E-09 3.1910E-09
1.5234E-09 1.6594E-09 1.8028E-09 1.9557E-09 2.1151E-09 2.2831E-09 2.4567E-09 2.6369E-09 2.8242E-09 3.0153E-09 3.2226E-09 3.4322E-09 3.6382E-09 3.8529E-09 4.0638E-09 4.2749E-09 4.4845E-09 4.6946E-09 4.9011E-09 5.1042E-09 5.3051E-09 5.4998E-09 5.6875E-09 5.8674E-09 6.0420E-09 6.2068E-09 6.3669E-09 6.5135E-09 6.6512E-09 6.7797E-09 6.8927E-09 6.9912E-09 7.0748E-09 7.1435E-09 7.1928E-09 7.2274E-09 7.2407E-09 7.2341E-09 7.2119E-09 7.1692E-09 7.1031E-09 7.0179E-09 6.9102E-09 6.7799E-09 6.6310E-09 6.4606E-09 6.2699E-09 6.0599E-09 5.8309E-09 5.5843E-09 5.3210E-09 5.0431E-09 4.7515E-09 4.4494E-09 4.1425E-09 3.8332E-09 3.5246E-09
1.4649E-09 1.5974E-09 1.7377E-09 1.8876E-09 2.0441E-09 2.2094E-09 2.3808E-09 2.5591E-09 2.7440E-09 2.9339E-09 3.1403E-09 3.3501E-09 3.5563E-09 3.7730E-09 3.9850E-09 4.1984E-09 4.4123E-09 4.6267E-09 4.8387E-09 5.0494E-09 5.2569E-09 5.4594E-09 5.6574E-09 5.8515E-09 6.0383E-09 6.2162E-09 6.3944E-09 6.5598E-09 6.7157E-09 6.8627E-09 6.9974E-09 7.1181E-09 7.2238E-09 7.3165E-09 7.3945E-09 7.4514E-09 7.4925E-09 7.5183E-09 7.5209E-09 7.5030E-09 7.4669E-09 7.4052E-09 7.3212E-09 7.2150E-09 7.0837E-09 6.9300E-09 6.7531E-09 6.5534E-09 6.3304E-09 6.0859E-09 5.8208E-09 5.5358E-09 5.2328E-09 4.9163E-09 4.5916E-09 4.2617E-09 3.9293E-09
1.4032E-09 1.5319E-09 1.6686E-09 1.8152E-09 1.9684E-09 2.1303E-09 2.2987E-09 2.4739E-09 2.6565E-09 2.8442E-09 3.0497E-09 3.2589E-09 3.4637E-09 3.6812E-09 3.8945E-09 4.1088E-09 4.3257E-09 4.5432E-09 4.7597E-09 4.9773E-09 5.1919E-09 5.4036E-09 5.6115E-09 5.8171E-09 6.0152E-09 6.2078E-09 6.4030E-09 6.5857E-09 6.7603E-09 6.9304E-09 7.0853E-09 7.2276E-09 7.3609E-09 7.4791E-09 7.5800E-09 7.6674E-09 7.7373E-09 7.7877E-09 7.8212E-09 7.8340E-09 7.8216E-09 7.7901E-09 7.7334E-09 7.6496E-09 7.5437E-09 7.4117E-09 7.2524E-09 7.0689E-09 6.8586E-09 6.6209E-09 6.3572E-09 6.0685E-09 5.7578E-09 5.4314E-09 5.0939E-09 4.7470E-09 4.3939E-09
1.3390E-09 1.4636E-09 1.5963E-09 1.7390E-09 1.8879E-09 2.0463E-09 2.2108E-09 2.3828E-09 2.5620E-09 2.7466E-09 2.9502E-09 3.1580E-09 3.3612E-09 3.5793E-09 3.7918E-09 4.0069E-09 4.2260E-09 4.4468E-09 4.6674E-09 4.8896E-09 5.1112E-09 5.3303E-09 5.5477E-09 5.7620E-09 5.9733E-09 6.1789E-09 6.3946E-09 6.5946E-09 6.7854E-09 6.9775E-09 7.1546E-09 7.3252E-09 7.4811E-09 7.6266E-09 7.7606E-09 7.8756E-09 7.9797E-09 8.0677E-09 8.1338E-09 8.1768E-09 8.2029E-09 8.2021E-09 8.1756E-09 8.1252E-09 8.0454E-09 7.9378E-09 7.8028E-09 7.6341E-09 7.4347E-09 7.2033E-09 6.9396E-09 6.6449E-09 6.3257E-09 5.9871E-09 5.6332E-09 5.2660E-09 4.8891E-09
1.2728E-09 1.3929E-09 1.5213E-09 1.6598E-09 1.8039E-09 1.9584E-09 2.1188E-09 2.2864E-09 2.4619E-09 2.6431E-09 2.8432E-09 3.0488E-09 3.2497E-09 3.4669E-09 3.6784E-09 3.8937E-09 4.1144E-09 4.3357E-09 4.5610E-09 4.7878E-09 5.0136E-09 5.2397E-09 5.4669E-09 5.6917E-09 5.9133E-09 6.1323E-09 6.3666E-09 6.5804E-09 6.7912E-09 7.0066E-09 7.2071E-09 7.4011E-09 7.5874E-09 7.7619E-09 7.9223E-09 8.0765E-09 8.2137E-09 8.3330E-09 8.4365E-09 8.5232E-09 8.5827E-09 8.6211E-09 8.6345E-09 8.6169E-09 8.5751E-09 8.5021E-09 8.3915E-09 8.2489E-09 8.0705E-09 7.8511E-09 7.5937E-09 7.3014E-09 6.9803E-09 6.6358E-09 6.2698E-09 5.8855E-09 5.4851E-09
