Assets/Resources/2015_m01_d28_1100(utc+0800)_l00_csi_1hr_conc.grd
DSAA
         159         159
     -79.000      79.000
     -79.000      79.000
  0.0000E+00  0.4231E-05
[rows 0 to 24 of 159, columns 57 to 113 of 159]
2.6040E-09 2.8794E-09 3.1563E-09 3.4297E-09 3.6954E-09 3.9477E-09 4.1806E-09 4.3876E-09 4.5624E-09 4.7020E-09 4.8022E-09 4.8595E-09 4.8721E-09 4.8392E-09 4.7617E-09 4.6415E-09 4.4813E-09 4.2852E-09 4.0577E-09 3.8062E-09 3.5354E-09 3.2519E-09 2.9616E-09 2.6707E-09 2.3843E-09 2.1072E-09 1.8433E-09 1.5958E-09 1.3686E-09 1.1605E-09 9.7376E-10 8.0859E-10 6.6441E-10 5.3979E-10 4.3280E-10 3.4346E-10 2.6924E-10 2.0453E-10 1.4902E-10 1.0350E-10 7.0402E-11 4.5026E-11 2.3636E-11 6.8661E-12 0.0000E+00 0.0000E+00 0.0000E+00 0.0000E+00 0.0000E+00 0.0000E+00 0.0000E+00 0.0000E+00 0.0000E+00 0.0000E+00 0.0000E+00 0.0000E+00 0.0000E+00
2.7357E-09 3.0295E-09 3.3264E-09 3.6226E-09 3.9114E-09 4.1858E-09 4.4391E-09 4.6659E-09 4.8605E-09 5.0173E-09 5.1317E-09 5.2002E-09 5.2211E-09 5.1914E-09 5.1149E-09 4.9916E-09 4.8248E-09 4.6189E-09 4.3789E-09 4.1109E-09 3.8215E-09 3.5174E-09 3.2055E-09 2.8927E-09 2.5836E-09 2.2843E-09 1.9990E-09 1.7314E-09 1.4842E-09 1.2585E-09 1.0557E-09 8.7597E-10 7.1942E-10 5.8603E-10 4.7126E-10 3.7352E-10 2.9201E-10 2.2283E-10 1.6288E-10 1.1499E-10 7.8273E-11 5.0546E-11 2.6668E-11 6.7745E-12 0.0000E+00 0.0000E+00 0.0000E+00 0.0000E+00 0.0000E+00 0.0000E+00 0.0000E+00 0.0000E+00 0.0000E+00 0.0000E+00 0.0000E+00 0.0000E+00 0.0000E+00
2.8551E-09 3.1688E-09 3.4881E-09 3.8060E-09 4.1156E-09 4.4114E-09 4.6869E-09 4.9353E-09 5.1497E-09 5.3231E-09 5.4533E-09 5.5348E-09 5.5648E-09 5.5422E-09 5.4676E-09 5.3426E-09 5.1700E-09 4.9545E-09 4.7016E-09 4.4175E-09 4.1103E-09 3.7863E-09 3.4528E-09 3.1169E-09 2.7851E-09 2.4631E-09 2.1559E-09 1.8674E-09 1.6009E-09 1.3603E-09 1.1423E-09 9.4835E-10 7.7869E-10 6.3182E-10 5.0748E-10 4.0352E-10 3.1508E-10 2.4046E-10 1.7685E-10 1.2640E-10 8.6188E-11 5.5241E-11 2.9256E-11 7.9917E-12 0.0000E+00 0.0000E+00 0.0000E+00 0.0000E+00 0.0000E+00 0.0000E+00 0.0000E+00 0.0000E+00 0.0000E+00 0.0000E+00 0.0000E+00 0.0000E+00 0.0000E+00
2.9636E-09 3.2972E-09 3.6357E-09 3.9741E-09 4.3065E-09 4.6263E-09 4.9256E-09 5.1967E-09 5.4325E-09 5.6266E-09 5.7733E-09 5.8687E-09 5.9099E-09 5.8949E-09 5.8219E-09 5.6965E-09 5.5200E-09 5.2968E-09 5.0325E-09 4.7337E-09 4.4083E-09 4.0641E-09 3.7089E-09 3.3503E-09 2.9967E-09 2.6521E-09 2.3228E-09 2.0125E-09 1.7250E-09 1.4625E-09 1.2272E-09 1.0196E-09 8.3793E-10 6.8046E-10 5.4702E-10 4.3363E-10 3.3968E-10 2.5892E-10 1.9039E-10 1.3720E-10 9.3124E-11 5.9667E-11 3.1452E-11 8.3579E-12 1.0614E-12 0.0000E+00 0.0000E+00 0.0000E+00 0.0000E+00 0.0000E+00 0.0000E+00 0.0000E+00 0.0000E+00 0.0000E+00 0.0000E+00 0.0000E+00 0.0000E+00
3.0595E-09 3.4098E-09 3.7677E-09 4.1284E-09 4.4842E-09 4.8268E-09 5.1481E-09 5.4411E-09 5.6983E-09 5.9112E-09 6.0771E-09 6.1890E-09 6.2430E-09 6.2373E-09 6.1720E-09 6.0481E-09 5.8685E-09 5.6377E-09 5.3624E-09 5.0488E-09 4.7066E-09 4.3428E-09 3.9661E-09 3.5849E-09 3.2069E-09 2.8389E-09 2.4870E-09 2.1561E-09 1.8501E-09 1.5721E-09 1.3191E-09 1.0943E-09 8.9837E-10 7.2995E-10 5.8602E-10 4.6399E-10 3.6173E-10 2.7657E-10 2.0509E-10 1.4817E-10 1.0074E-10 6.3861E-11 3.2584E-11 7.4576E-12 1.2350E-12 0.0000E+00 0.0000E+00 0.0000E+00 0.0000E+00 0.0000E+00 0.0000E+00 0.0000E+00 0.0000E+00 0.0000E+00 0.0000E+00 0.0000E+00 0.0000E+00
3.1376E-09 3.5061E-09 3.8850E-09 4.2666E-09 4.6433E-09 5.0077E-09 5.3526E-09 5.6697E-09 5.9504E-09 6.1867E-09 6.3717E-09 6.5003E-09 6.5686E-09 6.5737E-09 6.5146E-09 6.3907E-09 6.2099E-09 5.9741E-09 5.6896E-09 5.3634E-09 5.0045E-09 4.6220E-09 4.2248E-09 3.8217E-09 3.4210E-09 3.0317E-09 2.6572E-09 2.3041E-09 1.9768E-09 1.6781E-09 1.4093E-09 1.1700E-09 9.5955E-10 7.7800E-10 6.2433E-10 4.9638E-10 3.8645E-10 2.9481E-10 2.1997E-10 1.5858E-10 1.0727E-10 6.6607E-11 3.2776E-11 6.6430E-12 1.2244E-12 0.0000E+00 0.0000E+00 0.0000E+00 0.0000E+00 0.0000E+00 0.0000E+00 0.0000E+00 0.0000E+00 0.0000E+00 0.0000E+00 0.0000E+00 0.0000E+00
3.2021E-09 3.5880E-09 3.9840E-09 4.3848E-09 4.7840E-09 5.1737E-09 5.5444E-09 5.8862E-09 6.1907E-09 6.4505E-09 6.6555E-09 6.8040E-09 6.8887E-09 6.9068E-09 6.8574E-09 6.7410E-09 6.5602E-09 6.3197E-09 6.0264E-09 5.6880E-09 5.3132E-09 4.9122E-09 4.4943E-09 4.0689E-09 3.6452E-09 3.2311E-09 2.8335E-09 2.4578E-09 2.1082E-09 1.7880E-09 1.5017E-09 1.2468E-09 1.0236E-09 8.2936E-10 6.6353E-10 5.2490E-10 4.0945E-10 3.1160E-10 2.3156E-10 1.6889E-10 1.1435E-10 6.9406E-11 3.2640E-11 6.1558E-12 1.1283E-12 0.0000E+00 0.0000E+00 0.0000E+00 0.0000E+00 0.0000E+00 0.0000E+00 0.0000E+00 0.0000E+00 0.0000E+00 0.0000E+00 0.0000E+00 0.0000E+00
3.2495E-09 3.6494E-09 4.0633E-09 4.4856E-09 4.9076E-09 5.3193E-09 5.7121E-09 6.0782E-09 6.4078E-09 6.6917E-09 6.9216E-09 7.0908E-09 7.1936E-09 7.2264E-09 7.1868E-09 7.0737E-09 6.8951E-09 6.6528E-09 6.3532E-09 6.0043E-09 5.6157E-09 5.1976E-09 4.7601E-09 4.3131E-09 3.8666E-09 3.4306E-09 3.0097E-09 2.6117E-09 2.2415E-09 1.9022E-09 1.5950E-09 1.3219E-09 1.0833E-09 8.7869E-10 7.0323E-10 5.5544E-10 4.3125E-10 3.2972E-10 2.4414E-10 1.7779E-10 1.2247E-10 7.0999E-11 3.1629E-11 5.6166E-12 9.8318E-13 0.0000E+00 0.0000E+00 0.0000E+00 0.0000E+00 0.0000E+00 0.0000E+00 0.0000E+00 0.0000E+00 0.0000E+00 0.0000E+00 0.0000E+00 0.0000E+00
3.2794E-09 3.6952E-09 4.1268E-09 4.5673E-09 5.0086E-09 5.4437E-09 5.8628E-09 6.2553E-09 6.6112E-09 6.9209E-09 7.1748E-09 7.3644E-09 7.4866E-09 7.5357E-09 7.5093E-09 7.4077E-09 7.2325E-09 6.9890E-09 6.6838E-09 6.3256E-09 5.9235E-09 5.4883E-09 5.0314E-09 4.5629E-09 4.0934E-09 3.6320E-09 3.1869E-09 2.7652E-09 2.3725E-09 2.0132E-09 1.6893E-09 1.4019E-09 1.1470E-09 9.2716E-10 7.4174E-10 5.8483E-10 4.5239E-10 3.4360E-10 2.5633E-10 1.8644E-10 1.2800E-10 7.5085E-11 2.9657E-11 5.0431E-12 7.7676E-13 0.0000E+00 0.0000E+00 0.0000E+00 0.0000E+00 0.0000E+00 0.0000E+00 0.0000E+00 0.0000E+00 0.0000E+00 0.0000E+00 0.0000E+00 0.0000E+00
3.2933E-09 3.7222E-09 4.1689E-09 4.6274E-09 5.0908E-09 5.5498E-09 5.9940E-09 6.4125E-09 6.7952E-09 7.1321E-09 7.4128E-09 7.6293E-09 7.7742E-09 7.8426E-09 7.8311E-09 7.7399E-09 7.5688E-09 7.3273E-09 7.0189E-09 6.6523E-09 6.2378E-09 5.7864E-09 5.3095E-09 4.8190E-09 4.3257E-09 3.8399E-09 3.3726E-09 2.9270E-09 2.5105E-09 2.1280E-09 1.7825E-09 1.4764E-09 1.2085E-09 9.7592E-10 7.7722E-10 6.1160E-10 4.7481E-10 3.5915E-10 2.6597E-10 1.9564E-10 1.3268E-10 7.6762E-11 2.8336E-11 4.3619E-12 5.5091E-13 0.0000E+00 0.0000E+00 0.0000E+00 0.0000E+00 0.0000E+00 0.0000E+00 0.0000E+00 0.0000E+00 0.0000E+00 0.0000E+00 0.0000E+00 0.0000E+00
3.2910E-09 3.7324E-09 4.1934E-09 4.6701E-09 5.1542E-09 5.6354E-09 6.1040E-09 6.5492E-09 6.9595E-09 7.3240E-09 7.6323E-09 7.8719E-09 8.0401E-09 8.1288E-09 8.1349E-09 8.0571E-09 7.8963E-09 7.6574E-09 7.3471E-09 6.9739E-09 6.5477E-09 6.0804E-09 5.5848E-09 5.0727E-09 4.5560E-09 4.0458E-09 3.5521E-09 3.0826E-09 2.6445E-09 2.2415E-09 1.8767E-09 1.5538E-09 1.2689E-09 1.0243E-09 8.1513E-10 6.3781E-10 4.9233E-10 3.7310E-10 2.7526E-10 2.0207E-10 1.3798E-10 7.5786E-11 2.6317E-11 3.7635E-12 3.1970E-13 0.0000E+00 0.0000E+00 0.0000E+00 0.0000E+00 0.0000E+00 0.0000E+00 0.0000E+00 0.0000E+00 0.0000E+00 0.0000E+00 0.0000E+00 0.0000E+00
3.2729E-09 3.7238E-09 4.2001E-09 4.6943E-09 5.1968E-09 5.7013E-09 6.1961E-09 6.6694E-09 7.1100E-09 7.5046E-09 7.8428E-09 8.1142E-09 8.3100E-09 8.4230E-09 8.4487E-09 8.3858E-09 8.2342E-09 7.9994E-09 7.6880E-09 7.3082E-09 6.8711E-09 6.3888E-09 5.8736E-09 5.3388E-09 4.7970E-09 4.2600E-09 3.7395E-09 3.2442E-09 2.7801E-09 2.3540E-09 1.9700E-09 1.6277E-09 1.3271E-09 1.0679E-09 8.4834E-10 6.6382E-10 5.1009E-10 3.8509E-10 2.8637E-10 2.0788E-10 1.3971E-10 7.4468E-11 2.4666E-11 4.2085E-12 9.2505E-14 0.0000E+00 0.0000E+00 0.0000E+00 0.0000E+00 0.0000E+00 0.0000E+00 0.0000E+00 0.0000E+00 0.0000E+00 0.0000E+00 0.0000E+00 0.0000E+00
3.2389E-09 3.7005E-09 4.1903E-09 4.6996E-09 5.2229E-09 5.7506E-09 6.2713E-09 6.7720E-09 7.2419E-09 7.6677E-09 8.0370E-09 8.3380E-09 8.5591E-09 8.6976E-09 8.7455E-09 8.7001E-09 8.5615E-09 8.3337E-09 8.0230E-09 7.6381E-09 7.1897E-09 6.6910E-09 6.1559E-09 5.5986E-09 5.0331E-09 4.4714E-09 3.9249E-09 3.4035E-09 2.9145E-09 2.4651E-09 2.0589E-09 1.6988E-09 1.3858E-09 1.1131E-09 8.8074E-10 6.8708E-10 5.2723E-10 3.9500E-10 2.9412E-10 2.1426E-10 1.4000E-10 7.1034E-11 2.2618E-11 4.0429E-12 0.0000E+00 0.0000E+00 0.0000E+00 0.0000E+00 0.0000E+00 0.0000E+00 0.0000E+00 0.0000E+00 0.0000E+00 0.0000E+00 0.0000E+00 0.0000E+00 0.0000E+00
3.1937E-09 3.6633E-09 4.1641E-09 4.6896E-09 5.2319E-09 5.7820E-09 6.3284E-09 6.8579E-09 7.3578E-09 7.8146E-09 8.2156E-09 8.5484E-09 8.8024E-09 8.9678E-09 9.0387E-09 9.0119E-09 8.8868E-09 8.6642E-09 8.3551E-09 7.9663E-09 7.5088E-09 6.9959E-09 6.4413E-09 5.8607E-09 5.2688E-09 4.6796E-09 4.1069E-09 3.5622E-09 3.0492E-09 2.5770E-09 2.1498E-09 1.7697E-09 1.4380E-09 1.1533E-09 9.1122E-10 7.0796E-10 5.4125E-10 4.0658E-10 3.0136E-10 2.1937E-10 1.3974E-10 6.6589E-11 2.1570E-11 3.5875E-12 0.0000E+00 0.0000E+00 0.0000E+00 0.0000E+00 0.0000E+00 0.0000E+00 0.0000E+00 0.0000E+00 0.0000E+00 0.0000E+00 0.0000E+00 0.0000E+00 0.0000E+00
3.1334E-09 3.6110E-09 4.1254E-09 4.6660E-09 5.2273E-09 5.8005E-09 6.3733E-09 6.9321E-09 7.4654E-09 7.9578E-09 8.3948E-09 8.7626E-09 9.0473E-09 9.2426E-09 9.3405E-09 9.3346E-09 9.2245E-09 9.0129E-09 8.7055E-09 8.3114E-09 7.8420E-09 7.3119E-09 6.7375E-09 6.1339E-09 5.5158E-09 4.8982E-09 4.2947E-09 3.7179E-09 3.1784E-09 2.6824E-09 2.2351E-09 1.8379E-09 1.4906E-09 1.1919E-09 9.3944E-10 7.2885E-10 5.5443E-10 4.1614E-10 3.0860E-10 2.2201E-10 1.3726E-10 6.3072E-11 2.0666E-11 3.1657E-12 0.0000E+00 0.0000E+00 0.0000E+00 0.0000E+00 0.0000E+00 0.0000E+00 0.0000E+00 0.0000E+00 0.0000E+00 0.0000E+00 0.0000E+00 0.0000E+00 0.0000E+00
3.0660E-09 3.5514E-09 4.0753E-09 4.6307E-09 5.2110E-09 5.8076E-09 6.4079E-09 6.9987E-09 7.5652E-09 8.0921E-09 8.5646E-09 8.9680E-09 9.2894E-09 9.5159E-09 9.6398E-09 9.6557E-09 9.5615E-09 9.3588E-09 9.0531E-09 8.6551E-09 8.1756E-09 7.6293E-09 7.0324E-09 6.4020E-09 5.7558E-09 5.1102E-09 4.4788E-09 3.8742E-09 3.3090E-09 2.7885E-09 2.3185E-09 1.9020E-09 1.5395E-09 1.2278E-09 9.6407E-10 7.4558E-10 5.6685E-10 4.2500E-10 3.1449E-10 2.2495E-10 1.3213E-10 5.8979E-11 1.8447E-11 2.8425E-12 0.0000E+00 0.0000E+00 0.0000E+00 0.0000E+00 0.0000E+00 0.0000E+00 0.0000E+00 0.0000E+00 0.0000E+00 0.0000E+00 0.0000E+00 0.0000E+00 0.0000E+00
2.9874E-09 3.4789E-09 4.0129E-09 4.5849E-09 5.1843E-09 5.8035E-09 6.4302E-09 7.0502E-09 7.6515E-09 8.2158E-09 8.7267E-09 9.1678E-09 9.5246E-09 9.7821E-09 9.9360E-09 9.9753E-09 9.8983E-09 9.7060E-09 9.4039E-09 9.0014E-09 8.5114E-09 7.9499E-09 7.3317E-09 6.6757E-09 6.0000E-09 5.3226E-09 4.6607E-09 4.0279E-09 3.4346E-09 2.8895E-09 2.3983E-09 1.9627E-09 1.5834E-09 1.2616E-09 9.8851E-10 7.6147E-10 5.7819E-10 4.3420E-10 3.1911E-10 2.2601E-10 1.2599E-10 5.6695E-11 1.6120E-11 2.8440E-12 0.0000E+00 0.0000E+00 0.0000E+00 0.0000E+00 0.0000E+00 0.0000E+00 0.0000E+00 0.0000E+00 0.0000E+00 0.0000E+00 0.0000E+00 0.0000E+00 0.0000E+00
2.9056E-09 3.4023E-09 3.9444E-09 4.5258E-09 5.1432E-09 5.7851E-09 6.4402E-09 7.0941E-09 7.7303E-09 8.3314E-09 8.8801E-09 9.3599E-09 9.7545E-09 1.0049E-08 1.0232E-08 1.0295E-08 1.0235E-08 1.0054E-08 9.7541E-09 9.3471E-09 8.8449E-09 8.2638E-09 7.6221E-09 6.9411E-09 6.2388E-09 5.5333E-09 4.8407E-09 4.1773E-09 3.5588E-09 2.9884E-09 2.4746E-09 2.0216E-09 1.6273E-09 1.2897E-09 1.0087E-09 7.7583E-10 5.8850E-10 4.4005E-10 3.2345E-10 2.2288E-10 1.2286E-10 5.3035E-11 1.4437E-11 3.1305E-12 0.0000E+00 0.0000E+00 0.0000E+00 0.0000E+00 0.0000E+00 0.0000E+00 0.0000E+00 0.0000E+00 0.0000E+00 0.0000E+00 0.0000E+00 0.0000E+00 0.0000E+00
2.8119E-09 3.3132E-09 3.8659E-09 4.4652E-09 5.1042E-09 5.7717E-09 6.4542E-09 7.1391E-09 7.8127E-09 8.4547E-09 9.0456E-09 9.5666E-09 9.9998E-09 1.0330E-08 1.0543E-08 1.0631E-08 1.0590E-08 1.0418E-08 1.0121E-08 9.7080E-09 9.1924E-09 8.5938E-09 7.9272E-09 7.2156E-09 6.4808E-09 5.7428E-09 5.0199E-09 4.3262E-09 3.6769E-09 3.0824E-09 2.5462E-09 2.0737E-09 1.6659E-09 1.3176E-09 1.0260E-09 7.8946E-10 5.9869E-10 4.4605E-10 3.2461E-10 2.1982E-10 1.1843E-10 4.9958E-11 1.3531E-11 3.4097E-12 0.0000E+00 0.0000E+00 0.0000E+00 0.0000E+00 0.0000E+00 0.0000E+00 0.0000E+00 0.0000E+00 0.0000E+00 0.0000E+00 0.0000E+00 0.0000E+00 0.0000E+00
2.7188E-09 3.2252E-09 3.7854E-09 4.3940E-09 5.0490E-09 5.7390E-09 6.4524E-09 7.1742E-09 7.8858E-09 8.5677E-09 9.1989E-09 9.7625E-09 1.0237E-08 1.0605E-08 1.0851E-08 1.0965E-08 1.0940E-08 1.0780E-08 1.0485E-08 1.0064E-08 9.5346E-09 8.9143E-09 8.2235E-09 7.4838E-09 6.7177E-09 5.9472E-09 5.1914E-09 4.4693E-09 3.7929E-09 3.1720E-09 2.6143E-09 2.1250E-09 1.7004E-09 1.3429E-09 1.0432E-09 7.9920E-10 6.0571E-10 4.5018E-10 3.2530E-10 2.1442E-10 1.1378E-10 4.8008E-11 1.2817E-11 3.6749E-12 0.0000E+00 0.0000E+00 0.0000E+00 0.0000E+00 0.0000E+00 0.0000E+00 0.0000E+00 0.0000E+00 0.0000E+00 0.0000E+00 0.0000E+00 0.0000E+00 0.0000E+00
2.6180E-09 3.1265E-09 3.6942E-09 4.3178E-09 4.9932E-09 5.7085E-09 6.4492E-09 7.2047E-09 7.9561E-09 8.6820E-09 9.3603E-09 9.9685E-09 1.0485E-08 1.0892E-08 1.1170E-08 1.1310E-08 1.1304E-08 1.1151E-08 1.0855E-08 1.0427E-08 9.8822E-09 9.2411E-09 8.5214E-09 7.7495E-09 6.9521E-09 6.1491E-09 5.3618E-09 4.6071E-09 3.9031E-09 3.2574E-09 2.6752E-09 2.1683E-09 1.7327E-09 1.3630E-09 1.0604E-09 8.0960E-10 6.1028E-10 4.5187E-10 3.2498E-10 2.0745E-10 1.0960E-10 4.4556E-11 1.2912E-11 3.9192E-12 0.0000E+00 0.0000E+00 0.0000E+00 0.0000E+00 0.0000E+00 0.0000E+00 0.0000E+00 0.0000E+00 0.0000E+00 0.0000E+00 0.0000E+00 0.0000E+00 0.0000E+00
2.5179E-09 3.0289E-09 3.6036E-09 4.2397E-09 4.9349E-09 5.6776E-09 6.4543E-09 7.2495E-09 8.0445E-09 8.8158E-09 9.5384E-09 1.0193E-08 1.0754E-08 1.1199E-08 1.1511E-08 1.1677E-08 1.1688E-08 1.1546E-08 1.1249E-08 1.0811E-08 1.0247E-08 9.5780E-09 8.8278E-09 8.0222E-09 7.1887E-09 6.3500E-09 5.5270E-09 4.7394E-09 4.0053E-09 3.3362E-09 2.7351E-09 2.2079E-09 1.7606E-09 1.3824E-09 1.0704E-09 8.1855E-10 6.1335E-10 4.5244E-10 3.2273E-10 2.0160E-10 1.0403E-10 4.2155E-11 1.3334E-11 4.1360E-12 0.0000E+00 0.0000E+00 0.0000E+00 0.0000E+00 0.0000E+00 0.0000E+00 0.0000E+00 0.0000E+00 0.0000E+00 0.0000E+00 0.0000E+00 0.0000E+00 0.0000E+00
2.4120E-09 2.9262E-09 3.5100E-09 4.1626E-09 4.8774E-09 5.6471E-09 6.4531E-09 7.2852E-09 8.1222E-09 8.9403E-09 9.7139E-09 1.0417E-08 1.1024E-08 1.1511E-08 1.1858E-08 1.2048E-08 1.2075E-08 1.1936E-08 1.1635E-08 1.1183E-08 1.0600E-08 9.9068E-09 9.1262E-09 8.2891E-09 7.4174E-09 6.5411E-09 5.6836E-09 4.8686E-09 4.1044E-09 3.4063E-09 2.7838E-09 2.2424E-09 1.7831E-09 1.4006E-09 1.0804E-09 8.2190E-10 6.1400E-10 4.5030E-10 3.1634E-10 1.9679E-10 9.9395E-11 4.1674E-11 1.4115E-11 4.3189E-12 0.0000E+00 0.0000E+00 0.0000E+00 0.0000E+00 0.0000E+00 0.0000E+00 0.0000E+00 0.0000E+00 0.0000E+00 0.0000E+00 0.0000E+00 0.0000E+00 0.0000E+00
2.3115E-09 2.8278E-09 3.4182E-09 4.0823E-09 4.8180E-09 5.6157E-09 6.4623E-09 7.3398E-09 8.2267E-09 9.0964E-09 9.9222E-09 1.0678E-08 1.1334E-08 1.1863E-08 1.2245E-08 1.2461E-08 1.2504E-08 1.2373E-08 1.2065E-08 1.1597E-08 1.0986E-08 1.0257E-08 9.4392E-09 8.5574E-09 7.6463E-09 6.7313E-09 5.8358E-09 4.9837E-09 4.1940E-09 3.4756E-09 2.8295E-09 2.2700E-09 1.8017E-09 1.4088E-09 1.0873E-09 8.2218E-10 6.1504E-10 4.4875E-10 3.0987E-10 1.8982E-10 9.3891E-11 3.9892E-11 1.4822E-11 4.5961E-12 0.0000E+00 0.0000E+00 0.0000E+00 0.0000E+00 0.0000E+00 0.0000E+00 0.0000E+00 0.0000E+00 0.0000E+00 0.0000E+00 0.0000E+00 0.0000E+00 0.0000E+00
2.2086E-09 2.7270E-09 3.3260E-09 4.0068E-09 4.7657E-09 5.5936E-09 6.4747E-09 7.3958E-09 8.3319E-09 9.2559E-09 1.0138E-08 1.0947E-08 1.1653E-08 1.2227E-08 1.2644E-08 1.2887E-08 1.2942E-08 1.2809E-08 1.2491E-08 1.2002E-08 1.1370E-08 1.0608E-08 9.7478E-09 8.8244E-09 7.8723E-09 6.9124E-09 5.9792E-09 5.0936E-09 4.2737E-09 3.5292E-09 2.8673E-09 2.2921E-09 1.8166E-09 1.4156E-09 1.0884E-09 8.2034E-10 6.0891E-10 4.4060E-10 3.0322E-10 1.8273E-10 9.1624E-11 3.9179E-11 1.4945E-11 4.3535E-12 0.0000E+00 0.0000E+00 0.0000E+00 0.0000E+00 0.0000E+00 0.0000E+00 0.0000E+00 0.0000E+00 0.0000E+00 0.0000E+00 0.0000E+00 0.0000E+00 0.0000E+00
