Assets/Resources/2015_m01_d14_0400(utc+0800)_l00_csi_1hr_conc.grd
DSAA
         159         159
     -79.000      79.000
     -79.000      79.000
  0.0000E+00  0.1999E-05
[rows 25 to 49 of 159, columns 57 to 113 of 159]
1.7371E-09 1.6593E-09 1.5822E-09 1.5057E-09 1.4302E-09 1.3558E-09 1.2827E-09 1.2120E-09 1.1431E-09 1.0758E-09 1.0104E-09 9.4698E-10 8.8561E-10 8.2642E-10 7.6948E-10 7.1485E-10 6.6260E-10 6.1276E-10 5.6537E-10 5.2042E-10 4.7792E-10 4.3785E-10 4.0019E-10 3.6490E-10 3.2467E-10 2.9458E-10 2.6664E-10 2.3171E-10 2.0870E-10 1.8755E-10 1.5823E-10 1.4150E-10 9.9429E-11 8.0902E-11 3.3491E-11 1.4724E-11 3.7534E-12 0.0000E+00 0.0000E+00 0.0000E+00 0.0000E+00 0.0000E+00 0.0000E+00 0.0000E+00 0.0000E+00 0.0000E+00 0.0000E+00 0.0000E+00 0.0000E+00 0.0000E+00 0.0000E+00 0.0000E+00 0.0000E+00 0.0000E+00 0.0000E+00 0.0000E+00 0.0000E+00
1.8599E-09 1.7783E-09 1.6971E-09 1.6165E-09 1.5368E-09 1.4581E-09 1.3806E-09 1.3057E-09 1.2323E-09 1.1607E-09 1.0908E-09 1.0230E-09 9.5733E-10 8.9386E-10 8.3272E-10 7.7399E-10 7.1775E-10 6.6405E-10 6.1292E-10 5.6438E-10 5.1844E-10 4.7510E-10 4.3433E-10 3.9609E-10 3.6033E-10 3.1901E-10 2.8876E-10 2.6075E-10 2.2520E-10 2.0235E-10 1.6988E-10 1.5189E-10 1.3550E-10 9.2495E-11 5.9495E-11 2.6938E-11 7.6185E-12 0.0000E+00 0.0000E+00 0.0000E+00 0.0000E+00 0.0000E+00 0.0000E+00 0.0000E+00 0.0000E+00 0.0000E+00 0.0000E+00 0.0000E+00 0.0000E+00 0.0000E+00 0.0000E+00 0.0000E+00 0.0000E+00 0.0000E+00 0.0000E+00 0.0000E+00 0.0000E+00
1.9909E-09 1.9053E-09 1.8201E-09 1.7353E-09 1.6511E-09 1.5679E-09 1.4859E-09 1.4064E-09 1.3284E-09 1.2521E-09 1.1776E-09 1.1051E-09 1.0348E-09 9.6675E-10 9.0112E-10 8.3800E-10 7.7747E-10 7.1960E-10 6.6445E-10 6.1204E-10 5.6239E-10 5.1551E-10 4.7136E-10 4.2993E-10 3.9117E-10 3.5501E-10 3.1267E-10 2.8233E-10 2.5432E-10 2.1825E-10 1.9562E-10 1.6297E-10 1.4535E-10 1.2480E-10 7.9731E-11 4.0429E-11 2.0568E-11 1.8299E-12 0.0000E+00 0.0000E+00 0.0000E+00 0.0000E+00 0.0000E+00 0.0000E+00 0.0000E+00 0.0000E+00 0.0000E+00 0.0000E+00 0.0000E+00 0.0000E+00 0.0000E+00 0.0000E+00 0.0000E+00 0.0000E+00 0.0000E+00 0.0000E+00 0.0000E+00
2.1305E-09 2.0410E-09 1.9515E-09 1.8623E-09 1.7736E-09 1.6857E-09 1.5991E-09 1.5147E-09 1.4318E-09 1.3505E-09 1.2711E-09 1.1936E-09 1.1184E-09 1.0454E-09 9.7500E-10 9.0717E-10 8.4204E-10 7.7970E-10 7.2022E-10 6.6364E-10 6.0999E-10 5.5928E-10 5.1150E-10 4.6662E-10 4.2460E-10 3.8539E-10 3.4890E-10 3.0562E-10 2.7528E-10 2.4733E-10 2.1087E-10 1.8852E-10 1.5584E-10 1.3864E-10 1.0725E-10 5.3162E-11 3.6326E-11 1.4537E-11 0.0000E+00 0.0000E+00 0.0000E+00 0.0000E+00 0.0000E+00 0.0000E+00 0.0000E+00 0.0000E+00 0.0000E+00 0.0000E+00 0.0000E+00 0.0000E+00 0.0000E+00 0.0000E+00 0.0000E+00 0.0000E+00 0.0000E+00 0.0000E+00 0.0000E+00
2.2963E-09 2.2030E-09 2.1096E-09 2.0161E-09 1.9228E-09 1.8118E-09 1.7203E-09 1.6309E-09 1.5428E-09 1.4563E-09 1.3716E-09 1.2889E-09 1.2084E-09 1.1303E-09 1.0547E-09 9.8181E-10 9.1175E-10 8.4462E-10 7.8048E-10 7.1942E-10 6.6146E-10 6.0663E-10 5.5492E-10 5.0632E-10 4.6078E-10 4.1826E-10 3.7868E-10 3.4196E-10 2.9786E-10 2.6759E-10 2.2720E-10 2.0308E-10 1.8109E-10 1.4851E-10 1.3178E-10 7.1178E-11 4.5910E-11 2.8757E-11 8.7580E-12 0.0000E+00 0.0000E+00 0.0000E+00 0.0000E+00 0.0000E+00 0.0000E+00 0.0000E+00 0.0000E+00 0.0000E+00 0.0000E+00 0.0000E+00 0.0000E+00 0.0000E+00 0.0000E+00 0.0000E+00 0.0000E+00 0.0000E+00 0.0000E+00
2.4579E-09 2.3607E-09 2.2628E-09 2.1648E-09 2.0667E-09 1.9664E-09 1.8501E-09 1.7554E-09 1.6618E-09 1.5698E-09 1.4795E-09 1.3912E-09 1.3052E-09 1.2215E-09 1.1405E-09 1.0622E-09 9.8688E-10 9.1460E-10 8.4548E-10 7.7960E-10 7.1701E-10 6.5775E-10 6.0181E-10 5.4920E-10 5.0717E-10 4.6038E-10 4.1680E-10 3.7101E-10 3.2212E-10 2.8937E-10 2.5928E-10 2.1864E-10 1.9491E-10 1.7334E-10 1.4102E-10 9.0036E-11 5.3088E-11 3.8625E-11 1.7917E-11 8.6212E-12 0.0000E+00 0.0000E+00 0.0000E+00 0.0000E+00 0.0000E+00 0.0000E+00 0.0000E+00 0.0000E+00 0.0000E+00 0.0000E+00 0.0000E+00 0.0000E+00 0.0000E+00 0.0000E+00 0.0000E+00 0.0000E+00 0.0000E+00
2.6493E-09 2.5486E-09 2.4470E-09 2.3447E-09 2.2421E-09 2.1365E-09 2.0321E-09 1.9104E-09 1.8109E-09 1.7127E-09 1.6161E-09 1.5214E-09 1.4288E-09 1.3385E-09 1.2509E-09 1.1660E-09 1.0841E-09 1.0054E-09 9.3004E-10 8.5802E-10 7.8949E-10 7.2450E-10 6.6308E-10 6.0523E-10 5.5093E-10 5.0015E-10 4.5281E-10 4.0884E-10 3.6814E-10 3.1272E-10 2.8017E-10 2.5035E-10 2.0965E-10 1.8640E-10 1.5080E-10 1.1440E-10 7.3802E-11 4.5597E-11 2.8868E-11 1.3829E-11 4.4646E-12 0.0000E+00 0.0000E+00 0.0000E+00 0.0000E+00 0.0000E+00 0.0000E+00 0.0000E+00 0.0000E+00 0.0000E+00 0.0000E+00 0.0000E+00 0.0000E+00 0.0000E+00 0.0000E+00 0.0000E+00 0.0000E+00
2.8362E-09 2.7315E-09 2.6256E-09 2.5186E-09 2.4109E-09 2.2997E-09 2.1896E-09 2.0802E-09 1.9733E-09 1.8687E-09 1.7656E-09 1.6641E-09 1.5645E-09 1.4673E-09 1.3726E-09 1.2806E-09 1.1917E-09 1.1061E-09 1.0238E-09 9.4510E-10 8.7005E-10 7.9875E-10 7.3127E-10 6.6762E-10 6.0780E-10 5.5179E-10 4.9954E-10 4.5097E-10 4.0597E-10 3.5891E-10 3.0802E-10 2.7028E-10 2.4085E-10 2.0028E-10 1.7758E-10 1.2558E-10 9.2676E-11 5.7043E-11 4.1963E-11 2.2388E-11 1.3426E-11 4.3439E-12 0.0000E+00 0.0000E+00 0.0000E+00 0.0000E+00 0.0000E+00 0.0000E+00 0.0000E+00 0.0000E+00 0.0000E+00 0.0000E+00 0.0000E+00 0.0000E+00 0.0000E+00 0.0000E+00 0.0000E+00
3.0562E-09 2.9486E-09 2.8392E-09 2.7284E-09 2.6163E-09 2.5000E-09 2.3843E-09 2.2688E-09 2.1537E-09 2.0178E-09 1.9079E-09 1.7996E-09 1.6932E-09 1.5890E-09 1.4873E-09 1.3885E-09 1.2928E-09 1.2005E-09 1.1116E-09 1.0266E-09 9.4535E-10 8.6812E-10 7.9495E-10 7.2588E-10 6.6093E-10 6.0007E-10 5.4325E-10 4.9041E-10 4.4144E-10 3.9623E-10 3.5464E-10 2.9737E-10 2.5975E-10 2.1499E-10 1.9057E-10 1.5142E-10 1.0724E-10 7.3753E-11 4.6024E-11 3.4784E-11 1.8895E-11 9.1800E-12 4.1950E-12 0.0000E+00 0.0000E+00 0.0000E+00 0.0000E+00 0.0000E+00 0.0000E+00 0.0000E+00 0.0000E+00 0.0000E+00 0.0000E+00 0.0000E+00 0.0000E+00 0.0000E+00 0.0000E+00
3.2904E-09 3.1804E-09 3.0680E-09 2.9536E-09 2.8375E-09 2.7164E-09 2.5954E-09 2.4738E-09 2.3522E-09 2.2311E-09 2.0870E-09 1.9712E-09 1.8571E-09 1.7450E-09 1.6352E-09 1.5282E-09 1.4243E-09 1.3237E-09 1.2268E-09 1.1337E-09 1.0446E-09 9.5971E-10 8.7915E-10 8.0298E-10 7.3124E-10 6.6394E-10 6.0104E-10 5.4248E-10 4.8818E-10 4.3802E-10 3.9185E-10 3.2759E-10 2.8597E-10 2.5392E-10 2.0430E-10 1.6561E-10 1.3206E-10 8.7813E-11 6.0619E-11 3.8351E-11 2.3967E-11 1.4457E-11 8.8069E-12 0.0000E+00 0.0000E+00 0.0000E+00 0.0000E+00 0.0000E+00 0.0000E+00 0.0000E+00 0.0000E+00 0.0000E+00 0.0000E+00 0.0000E+00 0.0000E+00 0.0000E+00 0.0000E+00
3.5237E-09 3.4104E-09 3.2943E-09 3.1755E-09 3.0546E-09 2.9279E-09 2.8007E-09 2.6724E-09 2.5436E-09 2.4149E-09 2.2860E-09 2.1335E-09 2.0115E-09 1.8914E-09 1.7737E-09 1.6587E-09 1.5467E-09 1.4383E-09 1.3335E-09 1.2328E-09 1.1363E-09 1.0443E-09 9.5688E-10 8.7413E-10 7.9612E-10 7.2289E-10 6.5440E-10 5.9062E-10 5.3144E-10 4.7675E-10 4.2640E-10 3.8024E-10 3.2143E-10 2.7971E-10 2.4243E-10 1.7824E-10 1.4558E-10 1.0448E-10 7.1027E-11 4.6030E-11 3.2809E-11 2.2826E-11 1.3783E-11 4.4924E-12 0.0000E+00 0.0000E+00 0.0000E+00 0.0000E+00 0.0000E+00 0.0000E+00 0.0000E+00 0.0000E+00 0.0000E+00 0.0000E+00 0.0000E+00 0.0000E+00 0.0000E+00
3.7715E-09 3.6552E-09 3.5353E-09 3.4123E-09 3.2865E-09 3.1544E-09 3.0208E-09 2.8855E-09 2.7493E-09 2.6127E-09 2.4755E-09 2.3393E-09 2.2088E-09 2.0800E-09 1.9531E-09 1.8287E-09 1.7073E-09 1.5892E-09 1.4748E-09 1.3645E-09 1.2586E-09 1.1573E-09 1.0609E-09 9.8883E-10 9.0081E-10 8.1796E-10 7.4032E-10 6.6788E-10 6.0057E-10 5.2824E-10 4.7218E-10 4.2076E-10 3.6741E-10 3.0865E-10 2.6719E-10 2.2010E-10 1.5712E-10 1.3278E-10 8.4200E-11 5.8836E-11 3.8093E-11 2.8265E-11 1.9069E-11 9.3186E-12 4.2583E-12 0.0000E+00 0.0000E+00 0.0000E+00 0.0000E+00 0.0000E+00 0.0000E+00 0.0000E+00 0.0000E+00 0.0000E+00 0.0000E+00 0.0000E+00 0.0000E+00
4.0342E-09 3.9495E-09 3.8290E-09 3.7045E-09 3.5765E-09 3.4414E-09 3.3036E-09 3.1592E-09 2.9701E-09 2.8254E-09 2.6795E-09 2.5340E-09 2.3948E-09 2.2570E-09 2.1209E-09 1.9872E-09 1.8564E-09 1.7653E-09 1.6402E-09 1.5191E-09 1.4025E-09 1.2905E-09 1.1836E-09 1.0820E-09 9.8580E-10 8.9517E-10 8.1016E-10 7.3078E-10 6.5700E-10 5.8872E-10 5.2581E-10 4.5829E-10 4.0697E-10 3.6027E-10 2.9504E-10 2.4677E-10 1.9537E-10 1.4220E-10 9.8532E-11 7.0753E-11 4.3619E-11 3.4138E-11 2.3769E-11 1.4419E-11 8.7771E-12 0.0000E+00 0.0000E+00 0.0000E+00 0.0000E+00 0.0000E+00 0.0000E+00 0.0000E+00 0.0000E+00 0.0000E+00 0.0000E+00 0.0000E+00 0.0000E+00
4.3513E-09 4.2331E-09 4.1100E-09 3.9822E-09 3.8502E-09 3.7102E-09 3.5665E-09 3.4164E-09 3.2576E-09 3.0534E-09 2.8984E-09 2.7937E-09 2.6457E-09 2.4982E-09 2.3520E-09 2.2076E-09 2.0656E-09 1.9266E-09 1.7912E-09 1.6599E-09 1.5331E-09 1.4113E-09 1.2947E-09 1.1838E-09 1.0787E-09 9.7950E-10 8.8643E-10 7.9947E-10 7.1859E-10 6.4371E-10 5.7470E-10 5.1139E-10 4.5356E-10 3.9180E-10 3.4559E-10 2.7591E-10 2.2193E-10 1.5947E-10 1.1280E-10 8.1359E-11 5.8108E-11 3.7396E-11 2.9171E-11 1.9732E-11 9.6804E-12 4.4260E-12 0.0000E+00 0.0000E+00 0.0000E+00 0.0000E+00 0.0000E+00 0.0000E+00 0.0000E+00 0.0000E+00 0.0000E+00 0.0000E+00 0.0000E+00
4.6535E-09 4.5339E-09 4.4086E-09 4.2779E-09 4.1875E-09 4.0465E-09 3.9006E-09 3.7486E-09 3.5842E-09 3.4151E-09 3.1961E-09 3.0321E-09 2.8745E-09 2.7170E-09 2.5603E-09 2.4052E-09 2.2522E-09 2.1022E-09 1.9557E-09 1.8132E-09 1.6755E-09 1.5429E-09 1.4159E-09 1.2948E-09 1.1799E-09 1.0715E-09 9.6961E-10 8.7435E-10 8.0040E-10 7.0361E-10 6.2792E-10 5.5848E-10 4.9505E-10 4.3737E-10 3.7469E-10 3.0310E-10 2.4122E-10 2.0184E-10 1.2633E-10 9.4454E-11 6.9646E-11 4.0826E-11 3.4919E-11 2.4324E-11 1.4812E-11 9.0177E-12 4.1178E-12 0.0000E+00 0.0000E+00 0.0000E+00 0.0000E+00 0.0000E+00 0.0000E+00 0.0000E+00 0.0000E+00 0.0000E+00 0.0000E+00
5.0111E-09 4.8953E-09 4.7730E-09 4.6444E-09 4.5099E-09 4.3656E-09 4.2150E-09 4.0590E-09 3.8869E-09 3.7100E-09 3.4634E-09 3.2894E-09 3.1217E-09 2.9537E-09 2.7860E-09 2.6194E-09 2.4548E-09 2.2929E-09 2.1344E-09 1.9800E-09 1.8304E-09 1.6862E-09 1.5857E-09 1.4506E-09 1.3219E-09 1.2002E-09 1.0856E-09 9.7829E-10 8.7833E-10 7.8569E-10 7.0029E-10 6.0961E-10 5.4006E-10 4.7546E-10 4.1610E-10 3.5800E-10 2.6667E-10 1.9787E-10 1.6680E-10 1.0843E-10 7.4914E-11 5.0720E-11 3.7991E-11 2.9590E-11 2.0056E-11 1.3717E-11 4.5152E-12 0.0000E+00 0.0000E+00 0.0000E+00 0.0000E+00 0.0000E+00 0.0000E+00 0.0000E+00 0.0000E+00 0.0000E+00 0.0000E+00
5.3569E-09 5.2419E-09 5.1197E-09 4.9903E-09 4.8539E-09 4.7067E-09 4.5519E-09 4.3907E-09 4.2132E-09 4.0293E-09 3.8300E-09 3.5953E-09 3.3884E-09 3.2093E-09 3.0299E-09 2.8513E-09 2.7418E-09 2.5656E-09 2.3921E-09 2.2221E-09 2.0565E-09 1.8960E-09 1.7414E-09 1.5932E-09 1.4520E-09 1.3183E-09 1.1922E-09 1.0740E-09 9.6389E-10 8.6180E-10 7.6765E-10 6.8128E-10 6.0020E-10 5.1489E-10 4.5017E-10 3.8706E-10 3.1927E-10 2.2174E-10 1.8050E-10 1.5350E-10 9.0719E-11 6.0910E-11 4.1192E-11 3.5110E-11 2.1819E-11 1.4942E-11 9.0958E-12 4.1541E-12 0.0000E+00 0.0000E+00 0.0000E+00 0.0000E+00 0.0000E+00 0.0000E+00 0.0000E+00 0.0000E+00 0.0000E+00
5.7214E-09 5.6084E-09 5.4870E-09 5.3575E-09 5.2200E-09 5.0704E-09 4.9121E-09 4.7461E-09 4.5936E-09 4.4819E-09 4.2828E-09 4.0764E-09 3.8088E-09 3.6230E-09 3.3834E-09 3.1917E-09 3.0002E-09 2.8099E-09 2.6219E-09 2.4373E-09 2.2569E-09 2.0816E-09 1.9125E-09 1.7501E-09 1.5951E-09 1.4480E-09 1.3092E-09 1.1791E-09 1.0577E-09 9.4519E-10 8.4097E-10 7.4289E-10 6.5339E-10 5.7215E-10 4.8647E-10 4.1822E-10 3.4590E-10 2.7219E-10 2.0555E-10 1.6586E-10 1.1411E-10 7.2456E-11 4.8794E-11 3.7937E-11 2.9499E-11 2.0023E-11 9.8854E-12 4.5212E-12 0.0000E+00 0.0000E+00 0.0000E+00 0.0000E+00 0.0000E+00 0.0000E+00 0.0000E+00 0.0000E+00 0.0000E+00
6.1047E-09 5.9945E-09 5.8750E-09 5.7997E-09 5.6691E-09 5.5518E-09 5.4032E-09 5.2461E-09 5.0737E-09 4.8876E-09 4.6843E-09 4.4692E-09 4.1627E-09 3.9669E-09 3.7675E-09 3.5656E-09 3.2825E-09 3.0772E-09 2.8736E-09 2.6731E-09 2.4766E-09 2.2853E-09 2.1002E-09 1.9222E-09 1.7520E-09 1.5903E-09 1.4376E-09 1.2943E-09 1.1605E-09 1.0351E-09 9.1757E-10 8.0972E-10 7.1119E-10 6.2175E-10 5.4123E-10 4.6194E-10 3.7437E-10 2.9667E-10 2.5340E-10 1.8665E-10 1.4578E-10 8.9012E-11 5.6598E-11 4.0851E-11 3.4700E-11 2.1628E-11 1.4803E-11 9.0075E-12 4.1132E-12 0.0000E+00 0.0000E+00 0.0000E+00 0.0000E+00 0.0000E+00 0.0000E+00 0.0000E+00 0.0000E+00
6.5503E-09 6.4516E-09 6.3432E-09 6.2505E-09 6.1279E-09 5.9919E-09 5.8456E-09 5.6894E-09 5.5189E-09 5.3308E-09 5.1257E-09 4.9036E-09 4.6712E-09 4.3463E-09 4.1356E-09 3.9208E-09 3.7031E-09 3.4836E-09 3.1488E-09 2.9311E-09 2.7172E-09 2.5084E-09 2.3059E-09 2.1107E-09 1.9239E-09 1.7461E-09 1.6191E-09 1.4556E-09 1.3006E-09 1.1558E-09 1.0221E-09 8.8223E-10 7.7378E-10 6.7561E-10 5.8730E-10 5.0119E-10 4.1810E-10 3.2286E-10 2.7569E-10 2.1268E-10 1.6931E-10 1.2481E-10 7.1576E-11 4.3839E-11 3.7236E-11 2.8902E-11 1.5950E-11 9.7175E-12 4.4434E-12 0.0000E+00 0.0000E+00 0.0000E+00 0.0000E+00 0.0000E+00 0.0000E+00 0.0000E+00 0.0000E+00
6.9816E-09 6.8901E-09 6.8165E-09 6.7103E-09 6.5938E-09 6.4632E-09 6.3212E-09 6.1682E-09 6.0017E-09 5.8141E-09 5.6104E-09 5.3840E-09 5.1826E-09 4.7652E-09 4.5432E-09 4.3154E-09 4.0829E-09 3.8471E-09 3.6094E-09 3.4802E-09 3.2381E-09 2.8492E-09 2.6204E-09 2.3986E-09 2.1853E-09 1.9815E-09 1.7884E-09 1.6035E-09 1.4303E-09 1.2694E-09 1.1207E-09 9.8449E-10 8.6075E-10 7.3388E-10 6.3707E-10 5.4415E-10 4.5702E-10 3.6426E-10 2.9943E-10 2.5166E-10 1.9557E-10 1.4186E-10 1.0464E-10 5.6369E-11 3.9821E-11 3.0928E-11 2.1058E-11 1.4400E-11 8.7572E-12 3.9974E-12 0.0000E+00 0.0000E+00 0.0000E+00 0.0000E+00 0.0000E+00 0.0000E+00 0.0000E+00
7.4566E-09 7.3807E-09 7.2945E-09 7.1979E-09 7.0895E-09 6.9669E-09 6.8318E-09 6.6845E-09 6.5244E-09 6.3761E-09 6.1841E-09 5.9642E-09 5.7294E-09 5.4659E-09 5.2228E-09 4.9919E-09 4.6664E-09 4.4121E-09 4.1519E-09 3.8877E-09 3.6216E-09 3.3559E-09 3.0929E-09 2.6537E-09 2.4173E-09 2.1903E-09 1.9724E-09 1.7667E-09 1.5739E-09 1.3946E-09 1.2294E-09 1.0783E-09 9.4104E-10 8.1745E-10 6.9235E-10 5.9355E-10 4.9913E-10 4.2213E-10 3.3798E-10 2.7293E-10 2.3118E-10 1.7013E-10 1.2173E-10 9.1022E-11 4.2439E-11 3.5922E-11 2.2502E-11 1.5404E-11 9.3781E-12 4.2862E-12 0.0000E+00 0.0000E+00 0.0000E+00 0.0000E+00 0.0000E+00 0.0000E+00 0.0000E+00
7.9342E-09 7.8714E-09 7.7979E-09 7.7133E-09 7.6158E-09 7.5038E-09 7.3787E-09 7.2753E-09 7.1313E-09 6.9650E-09 6.7852E-09 6.5725E-09 6.3420E-09 6.0747E-09 5.8141E-09 5.5749E-09 5.3221E-09 5.0565E-09 4.6413E-09 4.3528E-09 4.0600E-09 3.7657E-09 3.4727E-09 3.1840E-09 2.9006E-09 2.4192E-09 2.1767E-09 1.9474E-09 1.7326E-09 1.5330E-09 1.3492E-09 1.1813E-09 1.0291E-09 8.9519E-10 7.7623E-10 6.4197E-10 5.4431E-10 4.6034E-10 3.9115E-10 3.0837E-10 2.5003E-10 2.0213E-10 1.3636E-10 1.0448E-10 5.5852E-11 3.8150E-11 2.9571E-11 2.0138E-11 1.0006E-11 4.5787E-12 0.0000E+00 0.0000E+00 0.0000E+00 0.0000E+00 0.0000E+00 0.0000E+00 0.0000E+00
8.4313E-09 8.3842E-09 8.3261E-09 8.2565E-09 8.1727E-09 8.0747E-09 8.0037E-09 7.8876E-09 7.7581E-09 7.6087E-09 7.4449E-09 7.2480E-09 7.0304E-09 6.7651E-09 6.4897E-09 6.2445E-09 5.9808E-09 5.6995E-09 5.4020E-09 5.0907E-09 4.6180E-09 4.2920E-09 3.9075E-09 3.5816E-09 3.2610E-09 2.9496E-09 2.4029E-09 2.1473E-09 1.9079E-09 1.6856E-09 1.4811E-09 1.2947E-09 1.1300E-09 9.8207E-10 8.4994E-10 7.1804E-10 5.9025E-10 5.0110E-10 4.2538E-10 3.5668E-10 2.8219E-10 2.2055E-10 1.5805E-10 1.1765E-10 8.0489E-11 4.0377E-11 3.1315E-11 2.1365E-11 1.4609E-11 8.8856E-12 4.0582E-12 0.0000E+00 0.0000E+00 0.0000E+00 0.0000E+00 0.0000E+00 0.0000E+00
8.9465E-09 8.9179E-09 8.8783E-09 8.8269E-09 8.7950E-09 8.7251E-09 8.6433E-09 8.5480E-09 8.4384E-09 8.3111E-09 8.1687E-09 7.9969E-09 7.7985E-09 7.5463E-09 7.3166E-09 7.0775E-09 6.8135E-09 6.5248E-09 6.2127E-09 5.8790E-09 5.5266E-09 5.1593E-09 4.4958E-09 4.0353E-09 3.6732E-09 3.3201E-09 2.9296E-09 2.3679E-09 2.1010E-09 1.8533E-09 1.6273E-09 1.4245E-09 1.2412E-09 1.0766E-09 9.2991E-10 7.8311E-10 6.6367E-10 5.4435E-10 4.6164E-10 3.8693E-10 3.0548E-10 2.4221E-10 1.9046E-10 1.3684E-10 9.7578E-11 6.6520E-11 3.5922E-11 2.2585E-11 1.5457E-11 9.4110E-12 4.3028E-12 0.0000E+00 0.0000E+00 0.0000E+00 0.0000E+00 0.0000E+00 0.0000E+00
