Assets/Resources/2015_m01_d12_0800(utc+0800)_l00_csi_1hr_conc.grd
DSAA
         159         159
     -79.000      79.000
     -79.000      79.000
  0.0000E+00  0.1096E-05
[rows 0 to 24 of 159, columns 0 to 56 of 159]
9.2183E-11 1.1806E-10 1.4961E-10 1.8725E-10 2.3262E-10 2.8517E-10 3.4917E-10 4.2289E-10 5.0847E-10 6.0831E-10 7.1916E-10 8.4751E-10 9.8867E-10 1.1466E-09 1.3200E-09 1.5105E-09 1.7195E-09 1.9447E-09 2.1757E-09 2.4422E-09 2.7118E-09 2.9925E-09 3.2823E-09 3.5778E-09 3.8756E-09 4.1724E-09 4.4641E-09 4.7461E-09 5.0139E-09 5.2634E-09 5.4904E-09 5.6911E-09 5.8610E-09 5.9970E-09 6.0963E-09 6.1568E-09 6.1771E-09 6.1567E-09 6.0958E-09 5.9956E-09 5.8577E-09 5.6848E-09 5.4799E-09 5.2467E-09 4.9891E-09 4.7127E-09 4.4225E-09 4.1216E-09 3.8142E-09 3.5075E-09 3.2027E-09 2.9009E-09 2.6134E-09 2.3381E-09 2.0717E-09 1.8268E-09 1.6019E-09
9.4956E-11 1.2136E-10 1.5403E-10 1.9341E-10 2.4049E-10 2.9565E-10 3.6162E-10 4.3876E-10 5.2935E-10 6.3393E-10 7.5072E-10 8.8400E-10 1.0327E-09 1.1972E-09 1.3753E-09 1.5817E-09 1.8012E-09 2.0381E-09 2.2931E-09 2.5639E-09 2.8488E-09 3.1463E-09 3.4373E-09 3.7663E-09 4.0826E-09 4.3976E-09 4.7071E-09 5.0065E-09 5.2914E-09 5.5570E-09 5.7983E-09 6.0111E-09 6.1912E-09 6.3355E-09 6.4410E-09 6.5053E-09 6.5267E-09 6.5047E-09 6.4395E-09 6.3325E-09 6.1853E-09 6.0006E-09 5.7819E-09 5.5335E-09 5.2598E-09 4.9656E-09 4.6556E-09 4.3343E-09 4.0073E-09 3.6798E-09 3.3564E-09 3.0403E-09 2.7315E-09 2.4399E-09 2.1658E-09 1.9043E-09 1.6638E-09
9.7723E-11 1.2456E-10 1.5820E-10 1.9820E-10 2.4751E-10 3.0455E-10 3.7269E-10 4.5378E-10 5.4796E-10 6.5543E-10 7.7867E-10 9.1507E-10 1.0719E-09 1.2444E-09 1.4369E-09 1.6484E-09 1.8785E-09 2.1290E-09 2.3973E-09 2.6723E-09 2.9826E-09 3.2963E-09 3.6198E-09 3.9505E-09 4.2847E-09 4.6177E-09 4.9399E-09 5.2517E-09 5.5644E-09 5.8455E-09 6.1011E-09 6.3266E-09 6.5177E-09 6.6704E-09 6.7815E-09 6.8487E-09 6.8704E-09 6.8463E-09 6.7764E-09 6.6619E-09 6.5049E-09 6.3084E-09 6.0760E-09 5.8123E-09 5.5219E-09 5.2096E-09 4.8811E-09 4.5410E-09 4.1964E-09 3.8508E-09 3.5075E-09 3.1728E-09 2.8503E-09 2.5395E-09 2.2476E-09 1.9788E-09 1.7259E-09
9.9691E-11 1.2710E-10 1.6175E-10 2.0322E-10 2.5405E-10 3.1244E-10 3.8323E-10 4.6591E-10 5.6264E-10 6.7573E-10 8.0409E-10 9.4698E-10 1.1078E-09 1.2891E-09 1.4894E-09 1.7029E-09 1.9518E-09 2.2140E-09 2.4946E-09 2.7945E-09 3.1106E-09 3.4403E-09 3.7812E-09 4.1092E-09 4.4821E-09 4.8335E-09 5.1792E-09 5.5138E-09 5.8321E-09 6.1288E-09 6.3987E-09 6.6018E-09 6.8377E-09 6.9983E-09 7.1149E-09 7.1852E-09 7.2072E-09 7.1805E-09 7.1052E-09 6.9828E-09 6.8155E-09 6.6065E-09 6.3597E-09 6.0798E-09 5.7719E-09 5.4415E-09 5.0944E-09 4.7363E-09 4.3714E-09 4.0071E-09 3.6481E-09 3.2970E-09 2.9575E-09 2.6363E-09 2.3297E-09 2.0415E-09 1.7827E-09
1.0087E-10 1.2880E-10 1.6447E-10 2.0698E-10 2.5853E-10 3.1934E-10 3.9248E-10 4.7832E-10 5.7760E-10 6.9460E-10 8.2553E-10 9.7362E-10 1.1414E-09 1.3284E-09 1.5363E-09 1.7673E-09 2.0199E-09 2.2927E-09 2.5876E-09 2.8984E-09 3.2324E-09 3.5787E-09 3.9372E-09 4.3036E-09 4.6740E-09 5.0441E-09 5.4082E-09 5.7466E-09 6.0965E-09 6.4092E-09 6.6934E-09 6.9439E-09 7.1558E-09 7.3248E-09 7.4473E-09 7.4915E-09 7.5429E-09 7.5135E-09 7.4328E-09 7.3022E-09 7.1241E-09 6.9020E-09 6.6402E-09 6.3434E-09 6.0176E-09 5.6682E-09 5.3010E-09 4.9234E-09 4.5404E-09 4.1564E-09 3.7780E-09 3.4113E-09 3.0575E-09 2.7191E-09 2.4032E-09 2.1068E-09 1.8280E-09
1.0157E-10 1.2974E-10 1.6632E-10 2.0939E-10 2.6263E-10 3.2513E-10 3.9923E-10 4.8813E-10 5.8869E-10 7.0972E-10 8.4512E-10 9.9902E-10 1.1712E-09 1.3637E-09 1.5805E-09 1.8199E-09 2.0733E-09 2.3660E-09 2.6736E-09 3.0004E-09 3.3467E-09 3.7093E-09 4.0844E-09 4.4683E-09 4.8412E-09 5.2460E-09 5.6285E-09 5.9991E-09 6.3520E-09 6.6811E-09 6.9802E-09 7.2438E-09 7.4490E-09 7.6444E-09 7.7730E-09 7.8495E-09 7.8722E-09 7.8402E-09 7.7540E-09 7.6109E-09 7.4179E-09 7.1910E-09 6.9139E-09 6.6004E-09 6.2563E-09 5.8879E-09 5.5016E-09 5.1028E-09 4.6999E-09 4.2985E-09 3.9020E-09 3.5159E-09 3.1474E-09 2.7967E-09 2.4648E-09 2.1588E-09 1.8757E-09
1.0163E-10 1.3005E-10 1.6710E-10 2.1070E-10 2.6527E-10 3.2890E-10 4.0427E-10 4.9590E-10 5.9944E-10 7.2219E-10 8.6238E-10 1.0195E-09 1.1944E-09 1.3967E-09 1.6204E-09 1.8660E-09 2.1374E-09 2.4332E-09 2.7504E-09 3.0908E-09 3.4419E-09 3.8295E-09 4.2212E-09 4.6230E-09 5.0299E-09 5.4362E-09 5.8368E-09 6.2254E-09 6.5710E-09 6.9408E-09 7.2546E-09 7.5313E-09 7.7652E-09 7.9515E-09 8.0860E-09 8.1658E-09 8.1516E-09 8.1543E-09 8.0626E-09 7.9155E-09 7.7157E-09 7.4672E-09 7.1749E-09 6.8444E-09 6.4558E-09 6.0948E-09 5.6891E-09 5.2720E-09 4.8497E-09 4.4280E-09 4.0151E-09 3.6132E-09 3.2266E-09 2.8626E-09 2.5212E-09 2.2011E-09 1.9097E-09
1.0129E-10 1.2954E-10 1.6694E-10 2.1135E-10 2.6635E-10 3.3132E-10 4.0791E-10 5.0098E-10 6.0597E-10 7.3135E-10 8.7540E-10 1.0355E-09 1.2184E-09 1.4245E-09 1.6527E-09 1.9077E-09 2.1886E-09 2.4895E-09 2.8222E-09 3.1757E-09 3.5491E-09 3.9414E-09 4.3498E-09 4.7688E-09 5.1934E-09 5.6192E-09 6.0391E-09 6.4456E-09 6.8323E-09 7.1937E-09 7.5227E-09 7.8129E-09 8.0542E-09 8.2528E-09 8.3935E-09 8.4764E-09 8.4997E-09 8.4623E-09 8.3649E-09 8.2092E-09 7.9886E-09 7.7361E-09 7.4282E-09 7.0805E-09 6.6998E-09 6.2930E-09 5.8670E-09 5.4300E-09 4.9720E-09 4.5497E-09 4.1171E-09 3.7000E-09 3.3011E-09 2.9207E-09 2.5672E-09 2.2403E-09 1.9367E-09
1.0006E-10 1.2824E-10 1.6617E-10 2.1123E-10 2.6583E-10 3.3237E-10 4.0917E-10 5.0360E-10 6.1066E-10 7.3874E-10 8.8438E-10 1.0492E-09 1.2361E-09 1.4409E-09 1.6816E-09 1.9443E-09 2.2311E-09 2.5453E-09 2.8863E-09 3.2502E-09 3.6369E-09 4.0279E-09 4.4673E-09 4.9016E-09 5.3435E-09 5.7866E-09 6.2239E-09 6.6491E-09 7.0558E-09 7.4157E-09 7.7819E-09 8.0859E-09 8.3423E-09 8.5462E-09 8.6930E-09 8.7794E-09 8.8030E-09 8.7485E-09 8.6598E-09 8.4954E-09 8.2730E-09 7.9972E-09 7.6735E-09 7.3083E-09 6.9088E-09 6.4721E-09 6.0372E-09 5.5800E-09 5.1182E-09 4.6611E-09 4.2128E-09 3.7772E-09 3.3613E-09 2.9697E-09 2.6054E-09 2.2680E-09 1.9614E-09
9.8014E-11 1.2639E-10 1.6438E-10 2.0984E-10 2.6402E-10 3.3177E-10 4.0847E-10 5.0422E-10 6.1252E-10 7.4175E-10 8.9102E-10 1.0586E-09 1.2478E-09 1.4633E-09 1.7055E-09 1.9723E-09 2.2675E-09 2.5917E-09 2.9414E-09 3.3167E-09 3.7172E-09 4.1376E-09 4.5746E-09 5.0254E-09 5.4838E-09 5.9376E-09 6.3973E-09 6.8402E-09 7.2637E-09 7.6597E-09 8.0211E-09 8.3408E-09 8.6120E-09 8.8168E-09 8.9843E-09 9.0753E-09 9.0995E-09 9.0569E-09 8.9481E-09 8.7751E-09 8.5413E-09 8.2347E-09 7.9120E-09 7.5291E-09 7.1107E-09 6.6637E-09 6.1984E-09 5.7220E-09 5.2416E-09 4.7421E-09 4.2984E-09 3.8492E-09 3.4186E-09 3.0143E-09 2.6397E-09 2.2904E-09 1.9737E-09
9.5244E-11 1.2402E-10 1.6152E-10 2.0760E-10 2.6134E-10 3.2920E-10 4.0608E-10 5.0250E-10 6.1158E-10 7.4226E-10 8.9430E-10 1.0627E-09 1.2565E-09 1.4766E-09 1.7215E-09 1.9949E-09 2.2987E-09 2.6296E-09 2.9879E-09 3.3751E-09 3.7863E-09 4.2183E-09 4.6653E-09 5.1357E-09 5.6087E-09 6.0845E-09 6.5561E-09 7.0157E-09 7.4550E-09 7.8667E-09 8.2432E-09 8.5764E-09 8.8589E-09 9.0848E-09 9.2489E-09 9.3469E-09 9.3762E-09 9.3355E-09 9.2240E-09 9.0439E-09 8.7994E-09 8.4962E-09 8.1409E-09 7.7407E-09 7.3035E-09 6.8360E-09 6.3529E-09 5.8557E-09 5.3567E-09 4.8618E-09 4.3771E-09 3.9115E-09 3.4695E-09 3.0477E-09 2.6634E-09 2.3097E-09 1.9835E-09
9.2063E-11 1.2110E-10 1.5787E-10 2.0388E-10 2.5716E-10 3.2499E-10 4.0233E-10 4.9795E-10 6.0889E-10 7.3989E-10 8.9277E-10 1.0644E-09 1.2612E-09 1.4830E-09 1.7327E-09 2.0128E-09 2.3214E-09 2.6586E-09 3.0274E-09 3.4239E-09 3.8449E-09 4.2908E-09 4.7561E-09 5.2346E-09 5.7233E-09 6.2155E-09 6.6867E-09 7.1790E-09 7.6350E-09 8.0631E-09 8.4543E-09 8.8006E-09 9.0947E-09 9.3300E-09 9.4782E-09 9.6032E-09 9.6340E-09 9.5918E-09 9.4772E-09 9.2923E-09 9.0407E-09 8.7277E-09 8.3467E-09 7.9422E-09 7.4866E-09 7.0017E-09 6.4967E-09 5.9810E-09 5.4612E-09 4.9486E-09 4.4416E-09 3.9663E-09 3.5089E-09 3.0820E-09 2.6830E-09 2.3172E-09 1.9893E-09
8.8249E-11 1.1714E-10 1.5338E-10 1.9898E-10 2.5227E-10 3.1913E-10 3.9683E-10 4.9186E-10 6.0363E-10 7.3370E-10 8.8892E-10 1.0625E-09 1.2600E-09 1.4850E-09 1.7395E-09 2.0229E-09 2.3358E-09 2.6816E-09 3.0578E-09 3.4611E-09 3.8939E-09 4.3516E-09 4.8278E-09 5.3212E-09 5.8255E-09 6.3325E-09 6.8356E-09 7.3279E-09 7.8000E-09 8.2429E-09 8.6482E-09 9.0082E-09 9.3143E-09 9.5593E-09 9.7375E-09 9.8445E-09 9.8770E-09 9.8338E-09 9.7120E-09 9.5235E-09 9.2625E-09 8.9376E-09 8.5558E-09 8.1250E-09 7.6542E-09 7.1527E-09 6.6232E-09 6.0955E-09 5.5587E-09 5.0266E-09 4.5098E-09 4.0152E-09 3.5444E-09 3.1030E-09 2.6913E-09 2.3238E-09 1.9848E-09
8.4298E-11 1.1245E-10 1.4823E-10 1.9302E-10 2.4647E-10 3.1172E-10 3.8985E-10 4.8373E-10 5.9496E-10 7.2569E-10 8.8088E-10 1.0559E-09 1.2553E-09 1.4830E-09 1.7395E-09 2.0257E-09 2.3447E-09 2.6961E-09 3.0769E-09 3.4903E-09 3.9328E-09 4.3985E-09 4.8876E-09 5.3947E-09 5.9122E-09 6.4348E-09 6.9552E-09 7.4642E-09 7.9521E-09 8.4109E-09 8.8317E-09 9.2053E-09 9.5232E-09 9.7784E-09 9.9643E-09 1.0073E-08 1.0112E-08 1.0068E-08 9.9452E-09 9.7455E-09 9.4752E-09 9.1387E-09 8.7431E-09 8.2967E-09 7.8090E-09 7.2899E-09 6.7495E-09 6.1981E-09 5.6446E-09 5.0982E-09 4.5649E-09 4.0530E-09 3.5716E-09 3.1205E-09 2.7015E-09 2.3244E-09 1.9812E-09
7.9935E-11 1.0713E-10 1.4226E-10 1.8592E-10 2.3918E-10 3.0319E-10 3.8140E-10 4.7365E-10 5.8444E-10 7.1546E-10 8.6903E-10 1.0460E-09 1.2470E-09 1.4752E-09 1.7332E-09 2.0236E-09 2.3463E-09 2.7005E-09 3.0892E-09 3.5100E-09 3.9582E-09 4.4351E-09 4.9368E-09 5.4554E-09 5.9868E-09 6.5243E-09 7.0596E-09 7.5838E-09 8.0883E-09 8.5642E-09 9.0011E-09 9.3891E-09 9.7201E-09 9.9862E-09 1.0180E-08 1.0298E-08 1.0336E-08 1.0292E-08 1.0167E-08 9.9514E-09 9.6812E-09 9.3320E-09 8.9221E-09 8.4605E-09 7.9562E-09 7.4196E-09 6.8615E-09 6.2801E-09 5.7215E-09 5.1590E-09 4.6127E-09 4.0879E-09 3.5906E-09 3.1313E-09 2.7060E-09 2.3117E-09 1.9699E-09
7.4975E-11 1.0126E-10 1.3567E-10 1.7842E-10 2.3067E-10 2.9404E-10 3.7126E-10 4.6171E-10 5.7179E-10 7.0167E-10 8.5414E-10 1.0323E-09 1.2338E-09 1.4620E-09 1.7227E-09 2.0148E-09 2.3392E-09 2.6989E-09 3.0929E-09 3.5177E-09 3.9757E-09 4.4630E-09 4.9730E-09 5.5030E-09 6.0487E-09 6.6007E-09 7.1510E-09 7.6918E-09 8.2132E-09 8.7049E-09 9.1569E-09 9.5602E-09 9.9052E-09 1.0183E-08 1.0386E-08 1.0511E-08 1.0553E-08 1.0510E-08 1.0382E-08 1.0172E-08 9.8810E-09 9.5211E-09 9.0978E-09 8.6172E-09 8.0967E-09 7.5429E-09 6.9670E-09 6.3804E-09 5.7927E-09 5.2140E-09 4.6529E-09 4.1156E-09 3.6096E-09 3.1350E-09 2.7035E-09 2.3098E-09 1.9530E-09
6.9732E-11 9.4669E-11 1.2842E-10 1.7009E-10 2.2125E-10 2.8336E-10 3.5918E-10 4.4813E-10 5.5687E-10 6.8494E-10 8.3694E-10 1.0143E-09 1.2157E-09 1.4447E-09 1.7060E-09 1.9982E-09 2.3264E-09 2.6894E-09 3.0859E-09 3.5182E-09 3.9837E-09 4.4769E-09 4.9974E-09 5.5408E-09 6.0991E-09 6.6640E-09 7.2300E-09 7.7870E-09 8.3236E-09 8.8319E-09 9.3012E-09 9.7206E-09 1.0080E-08 1.0370E-08 1.0584E-08 1.0717E-08 1.0763E-08 1.0721E-08 1.0591E-08 1.0376E-08 1.0078E-08 9.7033E-09 9.2668E-09 8.7723E-09 8.2322E-09 7.6569E-09 7.0637E-09 6.4598E-09 5.8539E-09 5.2609E-09 4.6853E-09 4.1361E-09 3.6196E-09 3.1383E-09 2.6934E-09 2.2956E-09 1.9390E-09
6.3938E-11 8.7650E-11 1.2038E-10 1.6069E-10 2.1104E-10 2.7135E-10 3.4599E-10 4.3281E-10 5.3936E-10 6.6665E-10 8.1662E-10 9.9178E-10 1.1935E-09 1.4226E-09 1.6824E-09 1.9762E-09 2.3061E-09 2.6705E-09 3.0717E-09 3.5088E-09 3.9785E-09 4.4805E-09 5.0119E-09 5.5651E-09 6.1341E-09 6.7145E-09 7.2966E-09 7.8689E-09 8.4229E-09 8.9488E-09 9.4344E-09 9.8690E-09 1.0243E-08 1.0547E-08 1.0773E-08 1.0915E-08 1.0967E-08 1.0928E-08 1.0797E-08 1.0577E-08 1.0272E-08 9.8892E-09 9.4354E-09 8.9252E-09 8.3681E-09 7.7738E-09 7.1548E-09 6.5337E-09 5.9129E-09 5.3027E-09 4.7126E-09 4.1506E-09 3.6196E-09 3.1345E-09 2.6852E-09 2.2755E-09 1.9154E-09
5.8058E-11 8.0313E-11 1.1204E-10 1.5077E-10 2.0008E-10 2.5854E-10 3.3132E-10 4.1595E-10 5.2020E-10 6.4589E-10 7.9258E-10 9.6632E-10 1.1665E-09 1.3942E-09 1.6537E-09 1.9478E-09 2.2778E-09 2.6443E-09 3.0481E-09 3.4879E-09 3.9637E-09 4.4742E-09 5.0126E-09 5.5751E-09 6.1589E-09 6.7533E-09 7.3486E-09 7.9375E-09 8.5092E-09 9.0528E-09 9.5563E-09 1.0009E-08 1.0400E-08 1.0719E-08 1.0956E-08 1.1106E-08 1.1165E-08 1.1130E-08 1.0999E-08 1.0775E-08 1.0463E-08 1.0070E-08 9.6059E-09 9.0760E-09 8.5009E-09 7.8881E-09 7.2478E-09 6.5982E-09 5.9610E-09 5.3356E-09 4.7317E-09 4.1573E-09 3.6191E-09 3.1221E-09 2.6686E-09 2.2586E-09 1.8888E-09
5.2597E-11 7.2635E-11 1.0358E-10 1.4023E-10 1.8808E-10 2.4479E-10 3.1554E-10 3.9797E-10 4.9925E-10 6.2234E-10 7.6632E-10 9.3739E-10 1.1348E-09 1.3611E-09 1.6198E-09 1.9130E-09 2.2428E-09 2.6100E-09 3.0152E-09 3.4585E-09 3.9395E-09 4.4548E-09 5.0010E-09 5.5760E-09 6.1705E-09 6.7762E-09 7.3886E-09 7.9961E-09 8.5851E-09 9.1466E-09 9.6689E-09 1.0140E-08 1.0548E-08 1.0883E-08 1.1134E-08 1.1297E-08 1.1364E-08 1.1333E-08 1.1203E-08 1.0977E-08 1.0657E-08 1.0255E-08 9.7758E-09 9.2340E-09 8.6378E-09 8.0078E-09 7.3510E-09 6.6728E-09 6.0033E-09 5.3625E-09 4.7449E-09 4.1586E-09 3.6103E-09 3.1049E-09 2.6451E-09 2.2320E-09 1.8643E-09
4.6458E-11 6.5176E-11 9.4244E-11 1.2956E-10 1.7520E-10 2.3068E-10 2.9859E-10 3.7917E-10 4.7698E-10 5.9650E-10 7.3738E-10 9.0521E-10 1.0993E-09 1.3230E-09 1.5811E-09 1.8719E-09 2.2008E-09 2.5685E-09 2.9746E-09 3.4200E-09 3.9042E-09 4.4257E-09 4.9810E-09 5.5641E-09 6.1688E-09 6.7914E-09 7.4196E-09 8.0423E-09 8.6499E-09 9.2319E-09 9.7753E-09 1.0266E-08 1.0694E-08 1.1046E-08 1.1313E-08 1.1488E-08 1.1566E-08 1.1541E-08 1.1414E-08 1.1185E-08 1.0860E-08 1.0447E-08 9.9565E-09 9.3977E-09 8.7865E-09 8.1327E-09 7.4557E-09 6.7650E-09 6.0669E-09 5.3924E-09 4.7524E-09 4.1544E-09 3.5961E-09 3.0832E-09 2.6174E-09 2.2004E-09 1.8317E-09
4.0030E-11 5.7981E-11 8.4744E-11 1.1889E-10 1.6190E-10 2.1561E-10 2.8095E-10 3.5878E-10 4.5295E-10 5.6881E-10 7.0620E-10 8.6961E-10 1.0604E-09 1.2814E-09 1.5366E-09 1.8247E-09 2.1531E-09 2.5198E-09 2.9260E-09 3.3728E-09 3.8607E-09 4.3877E-09 4.9488E-09 5.5411E-09 6.1599E-09 6.7955E-09 7.4378E-09 8.0809E-09 8.7102E-09 9.3128E-09 9.8767E-09 1.0390E-08 1.0840E-08 1.1214E-08 1.1500E-08 1.1691E-08 1.1780E-08 1.1764E-08 1.1641E-08 1.1413E-08 1.1083E-08 1.0661E-08 1.0157E-08 9.5818E-09 8.9500E-09 8.2774E-09 7.5742E-09 6.8641E-09 6.1535E-09 5.4454E-09 4.7692E-09 4.1458E-09 3.5779E-09 3.0573E-09 2.5863E-09 2.1656E-09 1.7955E-09
3.4207E-11 5.0521E-11 7.5640E-11 1.0757E-10 1.4871E-10 1.9958E-10 2.6279E-10 3.3693E-10 4.2821E-10 5.3922E-10 6.7278E-10 8.3130E-10 1.0187E-09 1.2348E-09 1.4866E-09 1.7725E-09 2.0991E-09 2.4639E-09 2.8695E-09 3.3182E-09 3.8083E-09 4.3390E-09 4.9082E-09 5.5109E-09 6.1401E-09 6.7893E-09 7.4516E-09 8.1139E-09 8.7628E-09 9.3888E-09 9.9794E-09 1.0519E-08 1.0993E-08 1.1389E-08 1.1697E-08 1.1907E-08 1.2012E-08 1.2006E-08 1.1889E-08 1.1662E-08 1.1327E-08 1.0896E-08 1.0378E-08 9.7851E-09 9.1323E-09 8.4360E-09 7.7112E-09 6.9732E-09 6.2410E-09 5.5213E-09 4.8201E-09 4.1512E-09 3.5572E-09 3.0289E-09 2.5517E-09 2.1279E-09 1.7564E-09
2.8992E-11 4.3387E-11 6.6500E-11 9.6250E-11 1.3512E-10 1.8313E-10 2.4410E-10 3.1442E-10 4.0223E-10 5.0840E-10 6.3752E-10 7.9135E-10 9.7385E-10 1.1853E-09 1.4321E-09 1.7152E-09 2.0388E-09 2.4014E-09 2.8074E-09 3.2558E-09 3.7470E-09 4.2835E-09 4.8595E-09 5.4699E-09 6.1126E-09 6.7790E-09 7.4585E-09 8.1410E-09 8.8166E-09 9.4700E-09 1.0087E-08 1.0654E-08 1.1157E-08 1.1583E-08 1.1916E-08 1.2149E-08 1.2272E-08 1.2281E-08 1.2172E-08 1.1947E-08 1.1610E-08 1.1170E-08 1.0638E-08 1.0027E-08 9.3514E-09 8.6291E-09 7.8778E-09 7.1137E-09 6.3521E-09 5.6098E-09 4.8944E-09 4.2045E-09 3.5589E-09 2.9991E-09 2.5155E-09 2.0882E-09 1.7150E-09
2.3860E-11 3.6837E-11 5.8130E-11 8.5454E-11 1.2211E-10 1.6711E-10 2.2513E-10 2.9178E-10 3.7552E-10 4.7659E-10 6.0033E-10 7.5027E-10 9.2633E-10 1.1324E-09 1.3750E-09 1.6524E-09 1.9725E-09 2.3344E-09 2.7383E-09 3.1856E-09 3.6808E-09 4.2209E-09 4.8021E-09 5.4246E-09 6.0808E-09 6.7622E-09 7.4617E-09 8.1705E-09 8.8726E-09 9.5527E-09 1.0202E-08 1.0804E-08 1.1340E-08 1.1797E-08 1.2161E-08 1.2420E-08 1.2566E-08 1.2592E-08 1.2495E-08 1.2276E-08 1.1939E-08 1.1489E-08 1.0942E-08 1.0310E-08 9.6100E-09 8.8593E-09 8.0768E-09 7.2805E-09 6.4885E-09 5.7157E-09 4.9750E-09 4.2776E-09 3.6149E-09 3.0026E-09 2.4852E-09 2.0459E-09 1.6719E-09
