Assets/Resources/2015_m01_d25_1900(utc+0800)_l00_csi_1hr_conc.grd
DSAA
         159         159
     -79.000      79.000
     -79.000      79.000
  0.0000E+00  0.1469E-04
[rows 125 to 149 of 159, columns 57 to 113 of 159]
0.0000E+00 1.3075E-12 4.7738E-12 8.8081E-12 1.4230E-11 1.9073E-11 2.4674E-11 3.5031E-11 4.3287E-11 4.9864E-11 5.6306E-11 6.3436E-11 7.1674E-11 9.1239E-11 1.0574E-10 1.1535E-10 1.6049E-10 1.7338E-10 1.8576E-10 1.9872E-10 2.1706E-10 2.3114E-10 2.5177E-10 2.6650E-10 2.7944E-10 2.9031E-10 3.0103E-10 2.9608E-10 3.1399E-10 3.2526E-10 3.3604E-10 3.4618E-10 3.5336E-10 3.6258E-10 3.7029E-10 3.7617E-10 3.7851E-10 3.8227E-10 3.8421E-10 3.8380E-10 3.7817E-10 3.7471E-10 3.6653E-10 3.5697E-10 3.4801E-10 3.3916E-10 3.2923E-10 3.1839E-10 2.9963E-10 2.8618E-10 2.7293E-10 2.5807E-10 2.4562E-10 2.3326E-10 2.1423E-10 2.0149E-10 1.8929E-10
0.0000E+00 0.0000E+00 1.3145E-12 4.7724E-12 8.7464E-12 1.2397E-11 1.7348E-11 2.3696E-11 3.1570E-11 3.9475E-11 4.4698E-11 5.3447E-11 6.0519E-11 6.7468E-11 7.5548E-11 8.3683E-11 9.2752E-11 1.0744E-10 1.1680E-10 1.2579E-10 1.4660E-10 1.6140E-10 1.7782E-10 1.9260E-10 2.0446E-10 2.1621E-10 2.3057E-10 2.4211E-10 2.5362E-10 2.6406E-10 2.7366E-10 2.8044E-10 2.8958E-10 2.9628E-10 3.0446E-10 3.1152E-10 3.1645E-10 3.1847E-10 3.2017E-10 3.1869E-10 3.1777E-10 3.1262E-10 3.0897E-10 3.0391E-10 2.9760E-10 2.9019E-10 2.8183E-10 2.7134E-10 2.6060E-10 2.4811E-10 2.3040E-10 2.1890E-10 2.0833E-10 1.9772E-10 1.8723E-10 1.6666E-10 1.5437E-10
0.0000E+00 0.0000E+00 0.0000E+00 1.3116E-12 4.7347E-12 7.8180E-12 1.0531E-11 1.6119E-11 2.3004E-11 2.9312E-11 3.4694E-11 3.9299E-11 4.4832E-11 5.3715E-11 5.9613E-11 7.0029E-11 7.7364E-11 8.4978E-11 9.1956E-11 9.9103E-11 1.0708E-10 1.1502E-10 1.3137E-10 1.4614E-10 1.5742E-10 1.7856E-10 1.8875E-10 1.9820E-10 2.0635E-10 2.1621E-10 2.2511E-10 2.3038E-10 2.3570E-10 2.4138E-10 2.5002E-10 2.5539E-10 2.5937E-10 2.6198E-10 2.6441E-10 2.6546E-10 2.6512E-10 2.6341E-10 2.6041E-10 2.5623E-10 2.5099E-10 2.4235E-10 2.3554E-10 2.2574E-10 2.1793E-10 2.0963E-10 2.0027E-10 1.8315E-10 1.7364E-10 1.6383E-10 1.5165E-10 1.4364E-10 1.3570E-10
0.0000E+00 0.0000E+00 0.0000E+00 0.0000E+00 1.2989E-12 4.3948E-12 5.9666E-12 9.4990E-12 1.5329E-11 2.2156E-11 2.5882E-11 3.0103E-11 3.7349E-11 4.1887E-11 4.6676E-11 5.2328E-11 5.7106E-11 6.7166E-11 7.3628E-11 8.4571E-11 9.0773E-11 9.7036E-11 1.0865E-10 1.2231E-10 1.3143E-10 1.4030E-10 1.4844E-10 1.5731E-10 1.6627E-10 1.8189E-10 1.8763E-10 1.9217E-10 1.9576E-10 2.0141E-10 2.0747E-10 2.1161E-10 2.1956E-10 2.2310E-10 2.2604E-10 2.2777E-10 2.2784E-10 2.2671E-10 2.2254E-10 2.1065E-10 2.0393E-10 1.9896E-10 1.9352E-10 1.8750E-10 1.8098E-10 1.7406E-10 1.6683E-10 1.5908E-10 1.4040E-10 1.3199E-10 1.2381E-10 1.1706E-10 1.1049E-10
0.0000E+00 0.0000E+00 0.0000E+00 0.0000E+00 0.0000E+00 1.2768E-12 2.7762E-12 5.1329E-12 9.1799E-12 1.2862E-11 1.5558E-11 2.0944E-11 2.8537E-11 3.2095E-11 3.5958E-11 4.0594E-11 4.4276E-11 5.2981E-11 5.7358E-11 6.2825E-11 6.8398E-11 7.3164E-11 8.8048E-11 9.4280E-11 1.1050E-10 1.1854E-10 1.2552E-10 1.3242E-10 1.3990E-10 1.4557E-10 1.4976E-10 1.5430E-10 1.5872E-10 1.6794E-10 1.7143E-10 1.7847E-10 1.8180E-10 1.8449E-10 1.8606E-10 1.8574E-10 1.8568E-10 1.8385E-10 1.8226E-10 1.7981E-10 1.7623E-10 1.6388E-10 1.5864E-10 1.5307E-10 1.4766E-10 1.4148E-10 1.3193E-10 1.2581E-10 1.1990E-10 1.0523E-10 9.8446E-11 9.2808E-11 8.5027E-11
0.0000E+00 0.0000E+00 0.0000E+00 0.0000E+00 0.0000E+00 0.0000E+00 7.3457E-13 1.4219E-12 4.9579E-12 7.3770E-12 1.1058E-11 1.3646E-11 1.7623E-11 2.0225E-11 2.6591E-11 3.0375E-11 3.6593E-11 4.0988E-11 4.4356E-11 4.9015E-11 5.2634E-11 6.1381E-11 6.5833E-11 7.5301E-11 8.5076E-11 9.1455E-11 1.0151E-10 1.0725E-10 1.1813E-10 1.2275E-10 1.2620E-10 1.2923E-10 1.3279E-10 1.3494E-10 1.3659E-10 1.4195E-10 1.4438E-10 1.4634E-10 1.4837E-10 1.5068E-10 1.5066E-10 1.4991E-10 1.4845E-10 1.4631E-10 1.4355E-10 1.4013E-10 1.3547E-10 1.2025E-10 1.1327E-10 1.0892E-10 1.0436E-10 9.9643E-11 9.4816E-11 8.9923E-11 7.5037E-11 6.7996E-11 6.3779E-11
0.0000E+00 0.0000E+00 0.0000E+00 0.0000E+00 0.0000E+00 0.0000E+00 0.0000E+00 4.1533E-14 1.3531E-12 4.7085E-12 5.8286E-12 7.1576E-12 1.0514E-11 1.2259E-11 1.8199E-11 2.2135E-11 2.4271E-11 2.7619E-11 3.3171E-11 3.6999E-11 3.9749E-11 4.7783E-11 5.0911E-11 5.9210E-11 6.3214E-11 7.6817E-11 8.1720E-11 8.6570E-11 9.2099E-11 9.5703E-11 1.0221E-10 1.0473E-10 1.1151E-10 1.1331E-10 1.1470E-10 1.1740E-10 1.1879E-10 1.1980E-10 1.2045E-10 1.2138E-10 1.2093E-10 1.1994E-10 1.1845E-10 1.1647E-10 1.1257E-10 1.0681E-10 1.0393E-10 1.0020E-10 8.8182E-11 8.4583E-11 8.0842E-11 7.6994E-11 7.0959E-11 6.5185E-11 6.1574E-11 5.7133E-11 5.3466E-11
0.0000E+00 0.0000E+00 0.0000E+00 0.0000E+00 0.0000E+00 0.0000E+00 0.0000E+00 0.0000E+00 0.0000E+00 1.2955E-12 1.9963E-12 5.0177E-12 6.7574E-12 7.9242E-12 1.0846E-11 1.3985E-11 1.5572E-11 1.9285E-11 2.4217E-11 2.7349E-11 2.9364E-11 3.2605E-11 3.4748E-11 4.0812E-11 4.8767E-11 5.5960E-11 6.4747E-11 6.8777E-11 7.2602E-11 7.6198E-11 8.2484E-11 8.4596E-11 8.6546E-11 8.8844E-11 9.0082E-11 9.3808E-11 9.4304E-11 9.7139E-11 9.6840E-11 9.7153E-11 9.4410E-11 9.0258E-11 8.8820E-11 8.7084E-11 8.5068E-11 8.2795E-11 8.0291E-11 7.7581E-11 7.4289E-11 7.0020E-11 6.5388E-11 6.0476E-11 5.7515E-11 5.3671E-11 5.0664E-11 4.7657E-11 4.2685E-11
0.0000E+00 0.0000E+00 0.0000E+00 0.0000E+00 0.0000E+00 0.0000E+00 0.0000E+00 0.0000E+00 0.0000E+00 0.0000E+00 5.2730E-13 1.3656E-12 2.7555E-12 3.0484E-12 4.5667E-12 9.3414E-12 1.0980E-11 1.4254E-11 1.5525E-11 1.8975E-11 2.0490E-11 2.2480E-11 2.8315E-11 3.0056E-11 3.6753E-11 3.9199E-11 4.5581E-11 5.3853E-11 5.6839E-11 6.3496E-11 6.5409E-11 6.7123E-11 6.8619E-11 7.0771E-11 7.5128E-11 7.5885E-11 7.6358E-11 7.6543E-11 7.6439E-11 7.6048E-11 7.5375E-11 7.4429E-11 7.3222E-11 7.1767E-11 7.0082E-11 6.8185E-11 6.5100E-11 6.1749E-11 5.7501E-11 5.5180E-11 5.2841E-11 5.0419E-11 4.7937E-11 4.5378E-11 4.0055E-11 3.5836E-11 3.2554E-11
0.0000E+00 0.0000E+00 0.0000E+00 0.0000E+00 0.0000E+00 0.0000E+00 0.0000E+00 0.0000E+00 0.0000E+00 0.0000E+00 0.0000E+00 0.0000E+00 1.2832E-12 1.4126E-12 2.8271E-12 3.5513E-12 4.6146E-12 6.9025E-12 8.1024E-12 1.0156E-11 1.5189E-11 1.6247E-11 1.9751E-11 2.0975E-11 2.3429E-11 2.8508E-11 3.0417E-11 4.1250E-11 4.3480E-11 4.5051E-11 4.6467E-11 5.2544E-11 5.3768E-11 5.4812E-11 5.9594E-11 6.0235E-11 6.0653E-11 6.0844E-11 6.3352E-11 6.3021E-11 6.2456E-11 6.1665E-11 5.8651E-11 5.7311E-11 5.5928E-11 5.2471E-11 5.0965E-11 4.9322E-11 4.7559E-11 4.5692E-11 4.3740E-11 4.0434E-11 3.6127E-11 3.2807E-11 2.9836E-11 2.6869E-11 2.4068E-11
0.0000E+00 0.0000E+00 0.0000E+00 0.0000E+00 0.0000E+00 0.0000E+00 0.0000E+00 0.0000E+00 0.0000E+00 0.0000E+00 0.0000E+00 0.0000E+00 0.0000E+00 0.0000E+00 1.3125E-12 1.7107E-12 2.8475E-12 3.5052E-12 4.5790E-12 5.3080E-12 7.9136E-12 8.4640E-12 1.1496E-11 1.2211E-11 1.7092E-11 1.9698E-11 2.4537E-11 2.6119E-11 2.8756E-11 3.3494E-11 3.4581E-11 3.8927E-11 4.1057E-11 4.1872E-11 4.2542E-11 4.3061E-11 4.6473E-11 4.6651E-11 5.0002E-11 4.9783E-11 4.7310E-11 4.6796E-11 4.6116E-11 4.5359E-11 4.4078E-11 4.2070E-11 4.0763E-11 3.9416E-11 3.6118E-11 3.4235E-11 2.9927E-11 2.8583E-11 2.6036E-11 2.4442E-11 2.1975E-11 1.9156E-11 1.4876E-11
0.0000E+00 0.0000E+00 0.0000E+00 0.0000E+00 0.0000E+00 0.0000E+00 0.0000E+00 0.0000E+00 0.0000E+00 0.0000E+00 0.0000E+00 0.0000E+00 0.0000E+00 0.0000E+00 0.0000E+00 2.3709E-14 1.3176E-12 1.5312E-12 2.8156E-12 3.0305E-12 4.4621E-12 4.7674E-12 7.5880E-12 8.0560E-12 8.5214E-12 1.1447E-11 1.5344E-11 1.6484E-11 2.2854E-11 2.3934E-11 2.4713E-11 2.5423E-11 2.6057E-11 3.1199E-11 3.1732E-11 3.4949E-11 3.5233E-11 3.5387E-11 3.5408E-11 3.5297E-11 3.7405E-11 3.6975E-11 3.6413E-11 3.5024E-11 3.2857E-11 3.2031E-11 3.0221E-11 2.6953E-11 2.6019E-11 2.5026E-11 2.2707E-11 2.1642E-11 1.9313E-11 1.5059E-11 1.3240E-11 1.1687E-11 1.0121E-11
0.0000E+00 0.0000E+00 0.0000E+00 0.0000E+00 0.0000E+00 0.0000E+00 0.0000E+00 0.0000E+00 0.0000E+00 0.0000E+00 0.0000E+00 0.0000E+00 0.0000E+00 0.0000E+00 0.0000E+00 0.0000E+00 0.0000E+00 0.0000E+00 1.2981E-12 1.3973E-12 2.7331E-12 2.9201E-12 3.9025E-12 4.5292E-12 4.7867E-12 6.5398E-12 7.9041E-12 1.1612E-11 1.3270E-11 1.5083E-11 1.5588E-11 1.6051E-11 1.7534E-11 2.1035E-11 2.1395E-11 2.2968E-11 2.3196E-11 2.6166E-11 2.6212E-11 2.6160E-11 2.8123E-11 2.6627E-11 2.5433E-11 2.4458E-11 2.3234E-11 2.2675E-11 2.2049E-11 2.1037E-11 1.9315E-11 1.8424E-11 1.4533E-11 1.3222E-11 1.0419E-11 9.9185E-12 8.3959E-12 7.7709E-12 6.2401E-12
0.0000E+00 0.0000E+00 0.0000E+00 0.0000E+00 0.0000E+00 0.0000E+00 0.0000E+00 0.0000E+00 0.0000E+00 0.0000E+00 0.0000E+00 0.0000E+00 0.0000E+00 0.0000E+00 0.0000E+00 0.0000E+00 0.0000E+00 0.0000E+00 0.0000E+00 0.0000E+00 1.2551E-12 1.3409E-12 1.4272E-12 2.7624E-12 2.9189E-12 3.2861E-12 4.4334E-12 4.6349E-12 4.8279E-12 6.1576E-12 1.0900E-11 1.1216E-11 1.1499E-11 1.2715E-11 1.3074E-11 1.3264E-11 1.3408E-11 1.6089E-11 1.6114E-11 1.6079E-11 1.5987E-11 1.5836E-11 1.7806E-11 1.7491E-11 1.7119E-11 1.3620E-11 1.2975E-11 1.2583E-11 1.0425E-11 8.8375E-12 8.4737E-12 8.1115E-12 6.6024E-12 6.2641E-12 4.7558E-12 3.4996E-12 5.8268E-13
0.0000E+00 0.0000E+00 0.0000E+00 0.0000E+00 0.0000E+00 0.0000E+00 0.0000E+00 0.0000E+00 0.0000E+00 0.0000E+00 0.0000E+00 0.0000E+00 0.0000E+00 0.0000E+00 0.0000E+00 0.0000E+00 0.0000E+00 0.0000E+00 0.0000E+00 0.0000E+00 0.0000E+00 0.0000E+00 0.0000E+00 1.2628E-12 1.3341E-12 1.4040E-12 2.6909E-12 2.8120E-12 2.9278E-12 3.0371E-12 4.3281E-12 4.4595E-12 4.5783E-12 4.6834E-12 7.6260E-12 8.8615E-12 8.9533E-12 9.0133E-12 9.0411E-12 9.0362E-12 8.9988E-12 1.0940E-11 1.0349E-11 8.6975E-12 8.5376E-12 8.0395E-12 7.0091E-12 6.7967E-12 6.5668E-12 6.0200E-12 4.9060E-12 4.6801E-12 3.2451E-12 1.2916E-12 0.0000E+00 0.0000E+00 0.0000E+00
0.0000E+00 0.0000E+00 0.0000E+00 0.0000E+00 0.0000E+00 0.0000E+00 0.0000E+00 0.0000E+00 0.0000E+00 0.0000E+00 0.0000E+00 0.0000E+00 0.0000E+00 0.0000E+00 0.0000E+00 0.0000E+00 0.0000E+00 0.0000E+00 0.0000E+00 0.0000E+00 0.0000E+00 0.0000E+00 0.0000E+00 0.0000E+00 0.0000E+00 0.0000E+00 0.0000E+00 1.2784E-12 1.3303E-12 1.3792E-12 1.4244E-12 2.6886E-12 2.7584E-12 2.8195E-12 2.8713E-12 2.9134E-12 2.9452E-12 2.9665E-12 2.9768E-12 5.3730E-12 5.3386E-12 5.2848E-12 5.2122E-12 5.1216E-12 5.0140E-12 4.8905E-12 4.7525E-12 3.5694E-12 3.2625E-12 2.7226E-12 0.0000E+00 0.0000E+00 0.0000E+00 0.0000E+00 0.0000E+00 0.0000E+00 0.0000E+00
0.0000E+00 0.0000E+00 0.0000E+00 0.0000E+00 0.0000E+00 0.0000E+00 0.0000E+00 0.0000E+00 0.0000E+00 0.0000E+00 0.0000E+00 0.0000E+00 0.0000E+00 0.0000E+00 0.0000E+00 0.0000E+00 0.0000E+00 0.0000E+00 0.0000E+00 0.0000E+00 0.0000E+00 0.0000E+00 0.0000E+00 0.0000E+00 0.0000E+00 0.0000E+00 0.0000E+00 0.0000E+00 0.0000E+00 0.0000E+00 0.0000E+00 0.0000E+00 1.2446E-12 1.2710E-12 1.2932E-12 1.3108E-12 1.3238E-12 1.3318E-12 1.3349E-12 1.3329E-12 1.3260E-12 1.3141E-12 1.2975E-12 3.1486E-12 4.9718E-13 0.0000E+00 0.0000E+00 0.0000E+00 0.0000E+00 0.0000E+00 0.0000E+00 0.0000E+00 0.0000E+00 0.0000E+00 0.0000E+00 0.0000E+00 0.0000E+00
0.0000E+00 0.0000E+00 0.0000E+00 0.0000E+00 0.0000E+00 0.0000E+00 0.0000E+00 0.0000E+00 0.0000E+00 0.0000E+00 0.0000E+00 0.0000E+00 0.0000E+00 0.0000E+00 0.0000E+00 0.0000E+00 0.0000E+00 0.0000E+00 0.0000E+00 0.0000E+00 0.0000E+00 0.0000E+00 0.0000E+00 0.0000E+00 0.0000E+00 0.0000E+00 0.0000E+00 0.0000E+00 0.0000E+00 0.0000E+00 0.0000E+00 0.0000E+00 0.0000E+00 0.0000E+00 0.0000E+00 0.0000E+00 0.0000E+00 0.0000E+00 0.0000E+00 0.0000E+00 0.0000E+00 0.0000E+00 0.0000E+00 0.0000E+00 0.0000E+00 0.0000E+00 0.0000E+00 0.0000E+00 0.0000E+00 0.0000E+00 0.0000E+00 0.0000E+00 0.0000E+00 0.0000E+00 0.0000E+00 0.0000E+00 0.0000E+00
0.0000E+00 0.0000E+00 0.0000E+00 0.0000E+00 0.0000E+00 0.0000E+00 0.0000E+00 0.0000E+00 0.0000E+00 0.0000E+00 0.0000E+00 0.0000E+00 0.0000E+00 0.0000E+00 0.0000E+00 0.0000E+00 0.0000E+00 0.0000E+00 0.0000E+00 0.0000E+00 0.0000E+00 0.0000E+00 0.0000E+00 0.0000E+00 0.0000E+00 0.0000E+00 0.0000E+00 0.0000E+00 0.0000E+00 0.0000E+00 0.0000E+00 0.0000E+00 0.0000E+00 0.0000E+00 0.0000E+00 0.0000E+00 0.0000E+00 0.0000E+00 0.0000E+00 0.0000E+00 0.0000E+00 0.0000E+00 0.0000E+00 0.0000E+00 0.0000E+00 0.0000E+00 0.0000E+00 0.0000E+00 0.0000E+00 0.0000E+00 0.0000E+00 0.0000E+00 0.0000E+00 0.0000E+00 0.0000E+00 0.0000E+00 0.0000E+00
0.0000E+00 0.0000E+00 0.0000E+00 0.0000E+00 0.0000E+00 0.0000E+00 0.0000E+00 0.0000E+00 0.0000E+00 0.0000E+00 0.0000E+00 0.0000E+00 0.0000E+00 0.0000E+00 0.0000E+00 0.0000E+00 0.0000E+00 0.0000E+00 0.0000E+00 0.0000E+00 0.0000E+00 0.0000E+00 0.0000E+00 0.0000E+00 0.0000E+00 0.0000E+00 0.0000E+00 0.0000E+00 0.0000E+00 0.0000E+00 0.0000E+00 0.0000E+00 0.0000E+00 0.0000E+00 0.0000E+00 0.0000E+00 0.0000E+00 0.0000E+00 0.0000E+00 0.0000E+00 0.0000E+00 0.0000E+00 0.0000E+00 0.0000E+00 0.0000E+00 0.0000E+00 0.0000E+00 0.0000E+00 0.0000E+00 0.0000E+00 0.0000E+00 0.0000E+00 0.0000E+00 0.0000E+00 0.0000E+00 0.0000E+00 0.0000E+00
0.0000E+00 0.0000E+00 0.0000E+00 0.0000E+00 0.0000E+00 0.0000E+00 0.0000E+00 0.0000E+00 0.0000E+00 0.0000E+00 0.0000E+00 0.0000E+00 0.0000E+00 0.0000E+00 0.0000E+00 0.0000E+00 0.0000E+00 0.0000E+00 0.0000E+00 0.0000E+00 0.0000E+00 0.0000E+00 0.0000E+00 0.0000E+00 0.0000E+00 0.0000E+00 0.0000E+00 0.0000E+00 0.0000E+00 0.0000E+00 0.0000E+00 0.0000E+00 0.0000E+00 0.0000E+00 0.0000E+00 0.0000E+00 0.0000E+00 0.0000E+00 0.0000E+00 0.0000E+00 0.0000E+00 0.0000E+00 0.0000E+00 0.0000E+00 0.0000E+00 0.0000E+00 0.0000E+00 0.0000E+00 0.0000E+00 0.0000E+00 0.0000E+00 0.0000E+00 0.0000E+00 0.0000E+00 0.0000E+00 0.0000E+00 0.0000E+00
0.0000E+00 0.0000E+00 0.0000E+00 0.0000E+00 0.0000E+00 0.0000E+00 0.0000E+00 0.0000E+00 0.0000E+00 0.0000E+00 0.0000E+00 0.0000E+00 0.0000E+00 0.0000E+00 0.0000E+00 0.0000E+00 0.0000E+00 0.0000E+00 0.0000E+00 0.0000E+00 0.0000E+00 0.0000E+00 0.0000E+00 0.0000E+00 0.0000E+00 0.0000E+00 0.0000E+00 0.0000E+00 0.0000E+00 0.0000E+00 0.0000E+00 0.0000E+00 0.0000E+00 0.0000E+00 0.0000E+00 0.0000E+00 0.0000E+00 0.0000E+00 0.0000E+00 0.0000E+00 0.0000E+00 0.0000E+00 0.0000E+00 0.0000E+00 0.0000E+00 0.0000E+00 0.0000E+00 0.0000E+00 0.0000E+00 0.0000E+00 0.0000E+00 0.0000E+00 0.0000E+00 0.0000E+00 0.0000E+00 0.0000E+00 0.0000E+00
0.0000E+00 0.0000E+00 0.0000E+00 0.0000E+00 0.0000E+00 0.0000E+00 0.0000E+00 0.0000E+00 0.0000E+00 0.0000E+00 0.0000E+00 0.0000E+00 0.0000E+00 0.0000E+00 0.0000E+00 0.0000E+00 0.0000E+00 0.0000E+00 0.0000E+00 0.0000E+00 0.0000E+00 0.0000E+00 0.0000E+00 0.0000E+00 0.0000E+00 0.0000E+00 0.0000E+00 0.0000E+00 0.0000E+00 0.0000E+00 0.0000E+00 0.0000E+00 0.0000E+00 0.0000E+00 0.0000E+00 0.0000E+00 0.0000E+00 0.0000E+00 0.0000E+00 0.0000E+00 0.0000E+00 0.0000E+00 0.0000E+00 0.0000E+00 0.0000E+00 0.0000E+00 0.0000E+00 0.0000E+00 0.0000E+00 0.0000E+00 0.0000E+00 0.0000E+00 0.0000E+00 0.0000E+00 0.0000E+00 0.0000E+00 0.0000E+00
0.0000E+00 0.0000E+00 0.0000E+00 0.0000E+00 0.0000E+00 0.0000E+00 0.0000E+00 0.0000E+00 0.0000E+00 0.0000E+00 0.0000E+00 0.0000E+00 0.0000E+00 0.0000E+00 0.0000E+00 0.0000E+00 0.0000E+00 0.0000E+00 0.0000E+00 0.0000E+00 0.0000E+00 0.0000E+00 0.0000E+00 0.0000E+00 0.0000E+00 0.0000E+00 0.0000E+00 0.0000E+00 0.0000E+00 0.0000E+00 0.0000E+00 0.0000E+00 0.0000E+00 0.0000E+00 0.0000E+00 0.0000E+00 0.0000E+00 0.0000E+00 0.0000E+00 0.0000E+00 0.0000E+00 0.0000E+00 0.0000E+00 0.0000E+00 0.0000E+00 0.0000E+00 0.0000E+00 0.0000E+00 0.0000E+00 0.0000E+00 0.0000E+00 0.0000E+00 0.0000E+00 0.0000E+00 0.0000E+00 0.0000E+00 0.0000E+00
0.0000E+00 0.0000E+00 0.0000E+00 0.0000E+00 0.0000E+00 0.0000E+00 0.0000E+00 0.0000E+00 0.0000E+00 0.0000E+00 0.0000E+00 0.0000E+00 0.0000E+00 0.0000E+00 0.0000E+00 0.0000E+00 0.0000E+00 0.0000E+00 0.0000E+00 0.0000E+00 0.0000E+00 0.0000E+00 0.0000E+00 0.0000E+00 0.0000E+00 0.0000E+00 0.0000E+00 0.0000E+00 0.0000E+00 0.0000E+00 0.0000E+00 0.0000E+00 0.0000E+00 0.0000E+00 0.0000E+00 0.0000E+00 0.0000E+00 0.0000E+00 0.0000E+00 0.0000E+00 0.0000E+00 0.0000E+00 0.0000E+00 0.0000E+00 0.0000E+00 0.0000E+00 0.0000E+00 0.0000E+00 0.0000E+00 0.0000E+00 0.0000E+00 0.0000E+00 0.0000E+00 0.0000E+00 0.0000E+00 0.0000E+00 0.0000E+00
