Assets/Resources/2015_m01_d27_1700(utc+0800)_l00_csi_1hr_conc.grd
DSAA
         159         159
     -79.000      79.000
     -79.000      79.000
  0.0000E+00  0.1330E-04
[rows 25 to 49 of 159, columns 57 to 113 of 159]
7.6993E-10 9.4167E-10 1.1442E-09 1.3851E-09 1.6581E-09 1.9732E-09 2.3257E-09 2.7224E-09 3.1587E-09 3.6348E-09 4.1482E-09 4.6940E-09 5.2664E-09 5.8580E-09 6.4578E-09 7.0541E-09 7.6355E-09 8.1878E-09 8.6971E-09 9.1486E-09 9.5296E-09 9.8280E-09 1.0033E-08 1.0139E-08 1.0140E-08 1.0035E-08 9.8245E-09 9.5160E-09 9.1164E-09 8.6373E-09 8.0920E-09 7.4958E-09 6.8644E-09 6.2137E-09 5.5592E-09 4.9150E-09 4.2942E-09 3.7074E-09 3.1603E-09 2.6594E-09 2.2101E-09 1.8141E-09 1.4708E-09 1.1751E-09 9.2342E-10 7.1541E-10 5.4468E-10 4.0153E-10 2.8952E-10 2.0075E-10 1.2843E-10 7.6496E-11 3.4759E-11 1.2297E-11 3.0052E-12 1.5735E-12 0.0000E+00
6.9391E-10 8.5388E-10 1.0440E-09 1.2725E-09 1.5352E-09 1.8365E-09 2.1772E-09 2.5618E-09 2.9876E-09 3.4559E-09 3.9646E-09 4.5106E-09 5.0851E-09 5.6817E-09 6.2921E-09 6.9031E-09 7.5033E-09 8.0790E-09 8.6138E-09 9.0946E-09 9.5068E-09 9.8377E-09 1.0076E-08 1.0212E-08 1.0241E-08 1.0160E-08 9.9700E-09 9.6769E-09 9.2881E-09 8.8148E-09 8.2714E-09 7.6721E-09 7.0338E-09 6.3726E-09 5.7043E-09 5.0435E-09 4.4048E-09 3.8000E-09 3.2391E-09 2.7271E-09 2.2658E-09 1.8573E-09 1.5029E-09 1.2007E-09 9.4455E-10 7.2943E-10 5.5402E-10 4.1055E-10 2.9443E-10 2.0495E-10 1.3311E-10 7.4857E-11 3.8085E-11 1.1884E-11 3.8736E-12 1.7572E-12 0.0000E+00
6.2268E-10 7.7025E-10 9.4972E-10 1.1634E-09 1.4150E-09 1.7007E-09 2.0317E-09 2.4039E-09 2.8200E-09 3.2808E-09 3.7848E-09 4.3259E-09 4.9005E-09 5.5031E-09 6.1232E-09 6.7494E-09 7.3679E-09 7.9657E-09 8.5273E-09 9.0366E-09 9.4802E-09 9.8433E-09 1.0113E-08 1.0280E-08 1.0338E-08 1.0282E-08 1.0115E-08 9.8388E-09 9.4615E-09 8.9944E-09 8.4513E-09 7.8479E-09 7.2006E-09 6.5277E-09 5.8472E-09 5.1733E-09 4.5199E-09 3.8987E-09 3.3208E-09 2.7934E-09 2.3205E-09 1.9027E-09 1.5375E-09 1.2252E-09 9.6388E-10 7.4562E-10 5.6411E-10 4.1659E-10 3.0322E-10 2.0962E-10 1.3636E-10 7.6101E-11 3.7257E-11 1.4072E-11 4.6844E-12 1.9430E-12 0.0000E+00
5.5412E-10 6.9078E-10 8.5864E-10 1.0612E-09 1.2987E-09 1.5744E-09 1.8904E-09 2.2492E-09 2.6551E-09 3.1072E-09 3.6034E-09 4.1432E-09 4.7201E-09 5.3277E-09 5.9558E-09 6.5939E-09 7.2308E-09 7.8521E-09 8.4419E-09 8.9827E-09 9.4590E-09 9.8557E-09 1.0159E-08 1.0359E-08 1.0446E-08 1.0417E-08 1.0270E-08 1.0010E-08 9.6440E-09 9.1830E-09 8.6407E-09 8.0319E-09 7.3758E-09 6.6902E-09 5.9933E-09 5.3024E-09 4.6333E-09 3.9987E-09 3.4060E-09 2.8625E-09 2.3751E-09 1.9454E-09 1.5724E-09 1.2521E-09 9.8186E-10 7.5964E-10 5.7658E-10 4.2284E-10 3.1119E-10 2.1509E-10 1.3728E-10 7.8713E-11 3.7844E-11 1.7075E-11 5.5422E-12 2.1270E-12 0.0000E+00
4.8874E-10 6.1428E-10 7.7100E-10 9.6343E-10 1.1860E-09 1.4504E-09 1.7522E-09 2.1019E-09 2.4967E-09 2.9389E-09 3.4288E-09 3.9637E-09 4.5394E-09 5.1498E-09 5.7877E-09 6.4424E-09 7.0999E-09 7.7448E-09 8.3599E-09 8.9299E-09 9.4390E-09 9.8697E-09 1.0207E-08 1.0439E-08 1.0556E-08 1.0553E-08 1.0429E-08 1.0186E-08 9.8297E-09 9.3727E-09 8.8286E-09 8.2146E-09 7.5494E-09 6.8539E-09 6.1434E-09 5.4363E-09 4.7493E-09 4.0965E-09 3.4888E-09 2.9323E-09 2.4310E-09 1.9884E-09 1.6050E-09 1.2783E-09 1.0023E-09 7.7291E-10 5.8642E-10 4.3415E-10 3.1979E-10 2.2051E-10 1.3835E-10 7.9754E-11 3.8126E-11 1.8643E-11 6.5171E-12 2.3053E-12 0.0000E+00
4.2473E-10 5.4141E-10 6.8477E-10 8.6774E-10 1.0808E-09 1.3308E-09 1.6227E-09 1.9585E-09 2.3405E-09 2.7741E-09 3.2569E-09 3.7882E-09 4.3643E-09 4.9805E-09 5.6276E-09 6.2946E-09 6.9686E-09 7.6365E-09 8.2805E-09 8.8824E-09 9.4249E-09 9.8899E-09 1.0261E-08 1.0526E-08 1.0673E-08 1.0695E-08 1.0591E-08 1.0363E-08 1.0016E-08 9.5646E-09 9.0209E-09 8.4018E-09 7.7270E-09 7.0163E-09 6.2906E-09 5.5680E-09 4.8654E-09 4.1951E-09 3.5697E-09 2.9982E-09 2.4855E-09 2.0321E-09 1.6382E-09 1.3026E-09 1.0214E-09 7.8793E-10 5.9372E-10 4.4699E-10 3.2745E-10 2.2344E-10 1.3986E-10 7.9200E-11 4.1636E-11 2.0833E-11 7.8189E-12 2.4737E-12 0.0000E+00
3.6670E-10 4.7432E-10 6.0490E-10 7.7418E-10 9.7739E-10 1.2134E-09 1.4949E-09 1.8187E-09 2.1926E-09 2.6166E-09 3.0905E-09 3.6164E-09 4.1928E-09 4.8134E-09 5.4692E-09 6.1513E-09 6.8462E-09 7.5379E-09 8.2094E-09 8.8422E-09 9.4185E-09 9.9184E-09 1.0325E-08 1.0622E-08 1.0798E-08 1.0846E-08 1.0762E-08 1.0548E-08 1.0211E-08 9.7619E-09 9.2154E-09 8.5894E-09 7.9045E-09 7.1815E-09 6.4391E-09 5.6980E-09 4.9769E-09 4.2911E-09 3.6506E-09 3.0636E-09 2.5371E-09 2.0731E-09 1.6706E-09 1.3269E-09 1.0386E-09 8.0115E-10 6.0645E-10 4.5805E-10 3.3733E-10 2.2754E-10 1.4326E-10 8.0516E-11 4.2961E-11 2.3096E-11 9.0799E-12 2.6280E-12 0.0000E+00
3.1359E-10 4.1121E-10 5.3155E-10 6.8667E-10 8.7800E-10 1.1044E-09 1.3710E-09 1.6845E-09 2.0455E-09 2.4578E-09 2.9263E-09 3.4519E-09 4.0282E-09 4.6515E-09 5.3158E-09 6.0114E-09 6.7257E-09 7.4434E-09 8.1452E-09 8.8120E-09 9.4227E-09 9.9573E-09 1.0397E-08 1.0726E-08 1.0932E-08 1.1004E-08 1.0939E-08 1.0738E-08 1.0408E-08 9.9617E-09 9.4113E-09 8.7765E-09 8.0792E-09 7.3408E-09 6.5825E-09 5.8249E-09 5.0860E-09 4.3816E-09 3.7257E-09 3.1260E-09 2.5865E-09 2.1119E-09 1.7011E-09 1.3508E-09 1.0562E-09 8.1162E-10 6.2098E-10 4.6875E-10 3.4163E-10 2.3364E-10 1.4208E-10 8.3255E-11 4.6366E-11 2.5338E-11 9.9526E-12 2.7642E-12 0.0000E+00
2.6487E-10 3.5353E-10 4.6357E-10 6.0781E-10 7.8504E-10 9.9978E-10 1.2536E-09 1.5562E-09 1.9047E-09 2.3084E-09 2.7700E-09 3.2873E-09 3.8627E-09 4.4927E-09 5.1682E-09 5.8814E-09 6.6181E-09 7.3606E-09 8.0910E-09 8.7891E-09 9.4341E-09 1.0004E-08 1.0478E-08 1.0838E-08 1.1072E-08 1.1169E-08 1.1123E-08 1.0935E-08 1.0612E-08 1.0164E-08 9.6071E-09 8.9624E-09 8.2506E-09 7.4965E-09 6.7207E-09 5.9454E-09 5.1899E-09 4.4693E-09 3.7964E-09 3.1826E-09 2.6329E-09 2.1478E-09 1.7279E-09 1.3705E-09 1.0719E-09 8.2663E-10 6.3280E-10 4.7839E-10 3.4567E-10 2.3419E-10 1.4438E-10 8.6237E-11 4.8502E-11 2.7261E-11 1.0597E-11 2.8785E-12 0.0000E+00
2.2024E-10 3.0074E-10 3.9900E-10 5.3433E-10 6.9957E-10 9.0137E-10 1.1458E-09 1.4332E-09 1.7703E-09 2.1658E-09 2.6183E-09 3.1327E-09 3.7102E-09 4.3450E-09 5.0306E-09 5.7596E-09 6.5169E-09 7.2858E-09 8.0464E-09 8.7793E-09 9.4607E-09 1.0067E-08 1.0575E-08 1.0968E-08 1.1228E-08 1.1345E-08 1.1313E-08 1.1134E-08 1.0814E-08 1.0366E-08 9.8033E-09 9.1479E-09 8.4206E-09 7.6472E-09 6.8511E-09 6.0574E-09 5.2843E-09 4.5489E-09 3.8627E-09 3.2340E-09 2.6725E-09 2.1799E-09 1.7531E-09 1.3889E-09 1.0845E-09 8.4095E-10 6.4290E-10 4.8333E-10 3.5038E-10 2.3405E-10 1.4846E-10 8.8225E-11 5.1182E-11 2.8530E-11 1.1129E-11 3.0274E-12 0.0000E+00
1.7972E-10 2.5234E-10 3.4045E-10 4.6564E-10 6.1964E-10 8.1023E-10 1.0425E-09 1.3182E-09 1.6465E-09 2.0293E-09 2.4737E-09 2.9860E-09 3.5644E-09 4.2061E-09 4.9050E-09 5.6503E-09 6.4305E-09 7.2283E-09 8.0227E-09 8.7922E-09 9.5108E-09 1.0154E-08 1.0697E-08 1.1120E-08 1.1406E-08 1.1543E-08 1.1525E-08 1.1351E-08 1.1028E-08 1.0570E-08 9.9942E-09 9.3237E-09 8.5822E-09 7.7930E-09 6.9780E-09 6.1632E-09 5.3711E-09 4.6182E-09 3.9187E-09 3.2805E-09 2.7062E-09 2.2038E-09 1.7710E-09 1.4039E-09 1.0991E-09 8.5219E-10 6.5311E-10 4.8445E-10 3.5003E-10 2.3223E-10 1.5131E-10 9.0311E-11 5.3545E-11 2.9692E-11 1.1055E-11 2.8890E-12 0.0000E+00
1.4448E-10 2.0850E-10 2.8617E-10 4.0054E-10 5.4652E-10 7.2581E-10 9.4449E-10 1.2121E-09 1.5268E-09 1.8998E-09 2.3402E-09 2.8508E-09 3.4321E-09 4.0781E-09 4.7873E-09 5.5552E-09 6.3635E-09 7.1937E-09 8.0239E-09 8.8288E-09 9.5828E-09 1.0260E-08 1.0837E-08 1.1289E-08 1.1599E-08 1.1752E-08 1.1743E-08 1.1574E-08 1.1250E-08 1.0786E-08 1.0195E-08 9.5031E-09 8.7383E-09 7.9252E-09 7.0916E-09 6.2590E-09 5.4485E-09 4.6788E-09 3.9638E-09 3.3145E-09 2.7350E-09 2.2241E-09 1.7858E-09 1.4154E-09 1.1102E-09 8.5831E-10 6.5499E-10 4.8634E-10 3.4699E-10 2.3763E-10 1.5431E-10 9.2943E-11 5.4221E-11 2.9428E-11 1.0854E-11 2.7230E-12 0.0000E+00
1.1457E-10 1.7071E-10 2.3874E-10 3.4192E-10 4.7790E-10 6.4634E-10 8.5505E-10 1.1120E-09 1.4145E-09 1.7804E-09 2.2153E-09 2.7239E-09 3.3047E-09 3.9639E-09 4.6942E-09 5.4848E-09 6.3175E-09 7.1755E-09 8.0431E-09 8.8909E-09 9.6885E-09 1.0407E-08 1.1018E-08 1.1499E-08 1.1829E-08 1.1996E-08 1.1991E-08 1.1817E-08 1.1482E-08 1.1000E-08 1.0390E-08 9.6801E-09 8.8930E-09 8.0553E-09 7.1969E-09 6.3434E-09 5.5147E-09 4.7287E-09 4.0011E-09 3.3391E-09 2.7506E-09 2.2365E-09 1.7936E-09 1.4236E-09 1.1166E-09 8.6354E-10 6.5287E-10 4.8312E-10 3.4166E-10 2.3580E-10 1.5432E-10 9.4218E-11 5.4865E-11 2.9182E-11 1.0067E-11 2.5328E-12 0.0000E+00
8.7691E-11 1.3862E-10 1.9756E-10 2.8757E-10 4.1399E-10 5.7199E-10 7.7202E-10 1.0159E-09 1.3109E-09 1.6693E-09 2.0998E-09 2.6057E-09 3.1975E-09 3.8687E-09 4.6143E-09 5.4258E-09 6.2963E-09 7.2001E-09 8.1118E-09 9.0030E-09 9.8425E-09 1.0600E-08 1.1247E-08 1.1755E-08 1.2103E-08 1.2278E-08 1.2272E-08 1.2089E-08 1.1738E-08 1.1233E-08 1.0597E-08 9.8571E-09 9.0404E-09 8.1758E-09 7.2906E-09 6.4148E-09 5.5674E-09 4.7656E-09 4.0230E-09 3.3546E-09 2.7594E-09 2.2427E-09 1.7979E-09 1.4240E-09 1.1141E-09 8.5864E-10 6.4615E-10 4.7640E-10 3.4277E-10 2.3676E-10 1.5578E-10 9.3647E-11 5.3242E-11 2.7723E-11 8.8903E-12 2.3229E-12 0.0000E+00
4.6420E-11 1.0479E-10 1.6127E-10 2.4040E-10 3.5639E-10 5.0437E-10 6.9305E-10 9.2904E-10 1.2148E-09 1.5659E-09 1.9930E-09 2.5083E-09 3.1107E-09 3.7950E-09 4.5689E-09 5.4207E-09 6.3304E-09 7.2768E-09 8.2339E-09 9.1720E-09 1.0059E-08 1.0860E-08 1.1542E-08 1.2076E-08 1.2440E-08 1.2620E-08 1.2608E-08 1.2407E-08 1.2029E-08 1.1491E-08 1.0817E-08 1.0039E-08 9.1865E-09 8.2903E-09 7.3772E-09 6.4733E-09 5.6055E-09 4.7900E-09 4.0366E-09 3.3547E-09 2.7566E-09 2.2350E-09 1.7932E-09 1.4181E-09 1.1075E-09 8.4771E-10 6.3588E-10 4.6704E-10 3.3729E-10 2.3206E-10 1.5398E-10 9.2765E-11 5.1409E-11 2.5908E-11 7.7052E-12 2.0984E-12 0.0000E+00
1.2721E-11 7.5816E-11 1.2801E-10 1.9908E-10 3.0093E-10 4.4393E-10 6.2098E-10 8.4811E-10 1.1249E-09 1.4739E-09 1.9066E-09 2.4262E-09 3.0350E-09 3.7468E-09 4.5524E-09 5.4378E-09 6.3879E-09 7.3860E-09 8.4040E-09 9.4028E-09 1.0344E-08 1.1193E-08 1.1912E-08 1.2470E-08 1.2844E-08 1.3018E-08 1.2987E-08 1.2760E-08 1.2347E-08 1.1770E-08 1.1053E-08 1.0230E-08 9.3321E-09 8.3932E-09 7.4499E-09 6.5204E-09 5.6282E-09 4.7952E-09 4.0341E-09 3.3464E-09 2.7433E-09 2.2220E-09 1.7755E-09 1.3995E-09 1.0867E-09 8.2897E-10 6.2342E-10 4.5959E-10 3.3218E-10 2.2688E-10 1.4976E-10 8.9351E-11 4.9136E-11 2.3355E-11 6.4678E-12 1.8653E-12 0.0000E+00
5.1505E-12 1.9534E-11 9.0362E-11 1.5777E-10 2.5532E-10 3.8578E-10 5.5547E-10 7.7214E-10 1.0461E-09 1.3964E-09 1.8278E-09 2.3539E-09 2.9888E-09 3.7267E-09 4.5603E-09 5.4911E-09 6.5035E-09 7.5674E-09 8.6505E-09 9.7143E-09 1.0716E-08 1.1614E-08 1.2371E-08 1.2952E-08 1.3333E-08 1.3497E-08 1.3442E-08 1.3173E-08 1.2709E-08 1.2073E-08 1.1302E-08 1.0428E-08 9.4803E-09 8.4960E-09 7.5089E-09 6.5516E-09 5.6381E-09 4.7875E-09 4.0124E-09 3.3234E-09 2.7111E-09 2.1914E-09 1.7453E-09 1.3728E-09 1.0608E-09 8.0772E-10 6.0545E-10 4.4631E-10 3.1871E-10 2.1863E-10 1.4513E-10 8.4516E-11 4.5346E-11 2.0361E-11 5.2820E-12 0.0000E+00 0.0000E+00
4.8612E-13 7.2821E-12 6.0253E-11 1.1789E-10 2.0880E-10 3.3134E-10 4.9538E-10 7.0462E-10 9.7804E-10 1.3224E-09 1.7641E-09 2.3143E-09 2.9705E-09 3.7351E-09 4.6235E-09 5.6191E-09 6.7003E-09 7.8366E-09 8.9946E-09 1.0135E-08 1.1210E-08 1.2169E-08 1.2966E-08 1.3567E-08 1.3943E-08 1.4082E-08 1.3984E-08 1.3662E-08 1.3132E-08 1.2427E-08 1.1580E-08 1.0632E-08 9.6234E-09 8.5902E-09 7.5601E-09 6.5638E-09 5.6280E-09 4.7600E-09 3.9762E-09 3.2807E-09 2.6729E-09 2.1444E-09 1.7022E-09 1.3298E-09 1.0242E-09 7.8022E-10 5.8462E-10 4.2923E-10 3.0510E-10 2.0779E-10 1.3755E-10 7.8175E-11 4.0410E-11 1.7146E-11 2.2616E-12 0.0000E+00 0.0000E+00
0.0000E+00 9.6554E-13 1.3774E-11 7.8789E-11 1.5954E-10 2.8659E-10 4.3746E-10 6.4467E-10 9.0677E-10 1.2642E-09 1.7197E-09 2.2848E-09 2.9672E-09 3.7859E-09 4.7317E-09 5.7906E-09 6.9478E-09 8.1824E-09 9.4440E-09 1.0680E-08 1.1837E-08 1.2859E-08 1.3697E-08 1.4313E-08 1.4677E-08 1.4779E-08 1.4620E-08 1.4218E-08 1.3602E-08 1.2809E-08 1.1880E-08 1.0852E-08 9.7691E-09 8.6724E-09 7.5957E-09 6.5623E-09 5.5974E-09 4.7138E-09 3.9182E-09 3.2151E-09 2.6096E-09 2.0817E-09 1.6459E-09 1.2810E-09 9.8466E-10 7.4716E-10 5.5610E-10 4.0485E-10 2.8658E-10 1.9386E-10 1.2891E-10 7.0852E-11 3.4619E-11 1.4027E-11 0.0000E+00 0.0000E+00 0.0000E+00
0.0000E+00 0.0000E+00 7.3170E-12 4.9520E-11 1.1497E-10 2.2717E-10 3.8381E-10 5.8915E-10 8.3965E-10 1.2148E-09 1.6823E-09 2.2719E-09 3.0032E-09 3.8775E-09 4.8889E-09 6.0442E-09 7.3165E-09 8.6648E-09 1.0040E-08 1.1380E-08 1.2629E-08 1.3721E-08 1.4603E-08 1.5228E-08 1.5569E-08 1.5616E-08 1.5377E-08 1.4878E-08 1.4149E-08 1.3241E-08 1.2199E-08 1.1077E-08 9.9123E-09 8.7441E-09 7.6115E-09 6.5378E-09 5.5404E-09 4.6434E-09 3.8369E-09 3.1355E-09 2.5260E-09 2.0095E-09 1.5748E-09 1.2215E-09 9.3624E-10 7.0715E-10 5.2333E-10 3.7963E-10 2.6632E-10 1.7890E-10 1.1707E-10 6.2328E-11 2.8756E-11 1.8710E-12 0.0000E+00 0.0000E+00 0.0000E+00
0.0000E+00 0.0000E+00 3.3951E-12 1.6982E-11 7.9054E-11 1.7446E-10 3.3461E-10 5.3214E-10 7.8925E-10 1.1674E-09 1.6545E-09 2.2785E-09 3.0592E-09 3.9993E-09 5.1142E-09 6.3847E-09 7.7784E-09 9.2521E-09 1.0760E-08 1.2236E-08 1.3599E-08 1.4774E-08 1.5698E-08 1.6324E-08 1.6626E-08 1.6597E-08 1.6251E-08 1.5624E-08 1.4762E-08 1.3716E-08 1.2548E-08 1.1306E-08 1.0044E-08 8.8012E-09 7.6053E-09 6.4917E-09 5.4569E-09 4.5422E-09 3.7337E-09 3.0277E-09 2.4234E-09 1.9210E-09 1.4964E-09 1.1575E-09 8.8157E-10 6.5953E-10 4.8532E-10 3.4916E-10 2.4245E-10 1.6259E-10 1.0454E-10 5.2900E-11 1.4468E-11 4.9993E-13 0.0000E+00 0.0000E+00 0.0000E+00
0.0000E+00 0.0000E+00 3.0220E-12 1.5266E-11 4.9832E-11 1.3442E-10 2.7951E-10 4.8082E-10 7.4152E-10 1.1198E-09 1.6364E-09 2.2981E-09 3.1344E-09 4.1733E-09 5.4046E-09 6.7992E-09 8.3415E-09 9.9909E-09 1.1670E-08 1.3300E-08 1.4792E-08 1.6059E-08 1.7028E-08 1.7647E-08 1.7887E-08 1.7750E-08 1.7263E-08 1.6477E-08 1.5447E-08 1.4237E-08 1.2914E-08 1.1545E-08 1.0166E-08 8.8334E-09 7.5729E-09 6.4050E-09 5.3440E-09 4.4121E-09 3.6051E-09 2.8971E-09 2.3120E-09 1.8142E-09 1.4067E-09 1.0804E-09 8.1766E-10 6.0920E-10 4.4443E-10 3.1690E-10 2.1905E-10 1.4494E-10 9.0769E-11 3.9238E-11 3.2607E-12 0.0000E+00 0.0000E+00 0.0000E+00 0.0000E+00
0.0000E+00 0.0000E+00 2.6538E-12 9.3631E-12 3.1986E-11 1.0031E-10 2.3253E-10 4.4379E-10 7.0365E-10 1.0842E-09 1.6251E-09 2.3280E-09 3.2465E-09 4.3900E-09 5.7433E-09 7.3177E-09 9.0655E-09 1.0920E-08 1.2796E-08 1.4600E-08 1.6237E-08 1.7605E-08 1.8615E-08 1.9208E-08 1.9367E-08 1.9097E-08 1.8437E-08 1.7449E-08 1.6213E-08 1.4801E-08 1.3294E-08 1.1761E-08 1.0258E-08 8.8246E-09 7.4985E-09 6.2813E-09 5.1989E-09 4.2577E-09 3.4442E-09 2.7546E-09 2.1780E-09 1.6977E-09 1.3085E-09 9.9799E-10 7.4908E-10 5.5294E-10 3.9878E-10 2.8083E-10 1.9478E-10 1.2690E-10 7.5457E-11 1.3365E-11 1.2467E-12 0.0000E+00 0.0000E+00 0.0000E+00 0.0000E+00
0.0000E+00 0.0000E+00 2.5686E-12 7.2257E-12 2.9927E-11 7.8448E-11 2.0216E-10 4.0515E-10 6.7636E-10 1.0581E-09 1.6149E-09 2.3756E-09 3.3750E-09 4.6235E-09 6.1558E-09 7.9406E-09 9.9102E-09 1.2000E-08 1.4113E-08 1.6142E-08 1.7948E-08 1.9416E-08 2.0471E-08 2.1030E-08 2.1072E-08 2.0625E-08 1.9743E-08 1.8511E-08 1.7024E-08 1.5378E-08 1.3665E-08 1.1956E-08 1.0318E-08 8.7833E-09 7.3801E-09 6.1200E-09 5.0165E-09 4.0705E-09 3.2627E-09 2.5962E-09 2.0280E-09 1.5705E-09 1.1978E-09 9.0688E-10 6.7590E-10 4.9423E-10 3.5284E-10 2.4536E-10 1.6973E-10 1.0817E-10 4.0181E-11 4.7745E-12 1.2377E-13 0.0000E+00 0.0000E+00 0.0000E+00 0.0000E+00
0.0000E+00 0.0000E+00 2.4422E-12 6.5627E-12 2.2200E-11 6.3013E-11 1.8026E-10 3.7312E-10 6.6361E-10 1.0419E-09 1.6205E-09 2.4404E-09 3.5142E-09 4.9100E-09 6.6313E-09 8.6324E-09 1.0882E-08 1.3274E-08 1.5684E-08 1.7963E-08 1.9951E-08 2.1559E-08 2.2638E-08 2.3124E-08 2.3020E-08 2.2351E-08 2.1197E-08 1.9668E-08 1.7897E-08 1.5974E-08 1.4017E-08 1.2118E-08 1.0325E-08 8.6845E-09 7.2142E-09 5.9154E-09 4.8009E-09 3.8536E-09 3.0678E-09 2.4097E-09 1.8658E-09 1.4353E-09 1.0875E-09 8.1378E-10 5.9905E-10 4.3466E-10 3.0780E-10 2.1220E-10 1.4230E-10 7.4930E-11 1.2171E-11 1.7923E-12 0.0000E+00 0.0000E+00 0.0000E+00 0.0000E+00 0.0000E+00
