Assets/Resources/2015_m01_d14_2300(utc+0800)_l00_csi_1hr_conc.grd
DSAA
         159         159
     -79.000      79.000
     -79.000      79.000
  0.0000E+00  0.5639E-05
[rows 25 to 49 of 159, columns 0 to 56 of 159]
7.7949E-10 8.7969E-10 9.8781E-10 1.1029E-09 1.2279E-09 1.3630E-09 1.5074E-09 1.6604E-09 1.8260E-09 2.0020E-09 2.1888E-09 2.3831E-09 2.5903E-09 2.8075E-09 3.0320E-09 3.2659E-09 3.5096E-09 3.7585E-09 4.0145E-09 4.2783E-09 4.5469E-09 4.8155E-09 5.0929E-09 5.3722E-09 5.6508E-09 5.9278E-09 6.2074E-09 6.4813E-09 6.7514E-09 7.0209E-09 7.2809E-09 7.5345E-09 7.7803E-09 8.0143E-09 8.2374E-09 8.4501E-09 8.6519E-09 8.8400E-09 9.0160E-09 9.1794E-09 9.3279E-09 9.4620E-09 9.5829E-09 9.6889E-09 9.7794E-09 9.8553E-09 9.9174E-09 9.9649E-09 9.9972E-09 1.0015E-08 1.0021E-08 1.0012E-08 9.9902E-09 9.9555E-09 9.9092E-09 9.8516E-09 9.7822E-09
7.1641E-10 8.1073E-10 9.1443E-10 1.0240E-09 1.1436E-09 1.2748E-09 1.4156E-09 1.5671E-09 1.7267E-09 1.8990E-09 2.0826E-09 2.2769E-09 2.4792E-09 2.6949E-09 2.9202E-09 3.1535E-09 3.3962E-09 3.6482E-09 3.9060E-09 4.1724E-09 4.4429E-09 4.7178E-09 5.0007E-09 5.2838E-09 5.5683E-09 5.8552E-09 6.1405E-09 6.4217E-09 6.7044E-09 6.9795E-09 7.2488E-09 7.5126E-09 7.7689E-09 8.0119E-09 8.2454E-09 8.4691E-09 8.6795E-09 8.8782E-09 9.0647E-09 9.2365E-09 9.3940E-09 9.5382E-09 9.6671E-09 9.7803E-09 9.8785E-09 9.9624E-09 1.0031E-08 1.0083E-08 1.0121E-08 1.0145E-08 1.0154E-08 1.0149E-08 1.0130E-08 1.0099E-08 1.0054E-08 9.9975E-09 9.9291E-09
6.5633E-10 7.4409E-10 8.4241E-10 9.4818E-10 1.0634E-09 1.1882E-09 1.3228E-09 1.4688E-09 1.6245E-09 1.7914E-09 1.9708E-09 2.1614E-09 2.3620E-09 2.5738E-09 2.7972E-09 3.0311E-09 3.2727E-09 3.5235E-09 3.7843E-09 4.0523E-09 4.3235E-09 4.6040E-09 4.8911E-09 5.1798E-09 5.4700E-09 5.7647E-09 6.0555E-09 6.3484E-09 6.6363E-09 6.9199E-09 7.1998E-09 7.4732E-09 7.7350E-09 7.9885E-09 8.2334E-09 8.4657E-09 8.6868E-09 8.8966E-09 9.0920E-09 9.2734E-09 9.4416E-09 9.5946E-09 9.7316E-09 9.8537E-09 9.9607E-09 1.0052E-08 1.0126E-08 1.0186E-08 1.0231E-08 1.0259E-08 1.0273E-08 1.0272E-08 1.0258E-08 1.0229E-08 1.0187E-08 1.0132E-08 1.0066E-08
6.0320E-10 6.8221E-10 7.7371E-10 8.7521E-10 9.8445E-10 1.1014E-09 1.2302E-09 1.3701E-09 1.5206E-09 1.6831E-09 1.8547E-09 2.0403E-09 2.2382E-09 2.4460E-09 2.6653E-09 2.8968E-09 3.1382E-09 3.3881E-09 3.6473E-09 3.9161E-09 4.1905E-09 4.4733E-09 4.7621E-09 5.0550E-09 5.3525E-09 5.6509E-09 5.9479E-09 6.2486E-09 6.5441E-09 6.8364E-09 7.1248E-09 7.4072E-09 7.6791E-09 7.9437E-09 8.1970E-09 8.4399E-09 8.6726E-09 8.8917E-09 9.0972E-09 9.2898E-09 9.4674E-09 9.6293E-09 9.7763E-09 9.9077E-09 1.0023E-08 1.0121E-08 1.0204E-08 1.0272E-08 1.0322E-08 1.0356E-08 1.0376E-08 1.0380E-08 1.0370E-08 1.0344E-08 1.0306E-08 1.0254E-08 1.0190E-08
5.5235E-10 6.2760E-10 7.0950E-10 8.0486E-10 9.0927E-10 1.0205E-09 1.1432E-09 1.2738E-09 1.4170E-09 1.5731E-09 1.7402E-09 1.9177E-09 2.1091E-09 2.3123E-09 2.5266E-09 2.7534E-09 2.9920E-09 3.2414E-09 3.4991E-09 3.7660E-09 4.0428E-09 4.3267E-09 4.6160E-09 4.9143E-09 5.2169E-09 5.5189E-09 5.8254E-09 6.1295E-09 6.4320E-09 6.7328E-09 7.0299E-09 7.3181E-09 7.6002E-09 7.8733E-09 8.1366E-09 8.3914E-09 8.6335E-09 8.8627E-09 9.0798E-09 9.2823E-09 9.4695E-09 9.6421E-09 9.7989E-09 9.9396E-09 1.0063E-08 1.0171E-08 1.0263E-08 1.0336E-08 1.0394E-08 1.0436E-08 1.0461E-08 1.0471E-08 1.0465E-08 1.0445E-08 1.0410E-08 1.0362E-08 1.0300E-08
5.0533E-10 5.7420E-10 6.5069E-10 7.3761E-10 8.3726E-10 9.4475E-10 1.0595E-09 1.1844E-09 1.3205E-09 1.4685E-09 1.6278E-09 1.7983E-09 1.9811E-09 2.1771E-09 2.3859E-09 2.6058E-09 2.8379E-09 3.0830E-09 3.3391E-09 3.6043E-09 3.8788E-09 4.1627E-09 4.4547E-09 4.7549E-09 5.0590E-09 5.3653E-09 5.6764E-09 5.9858E-09 6.2981E-09 6.6063E-09 6.9076E-09 7.2046E-09 7.4956E-09 7.7777E-09 8.0527E-09 8.3166E-09 8.5684E-09 8.8094E-09 9.0366E-09 9.2493E-09 9.4477E-09 9.6306E-09 9.7976E-09 9.9476E-09 1.0082E-08 1.0199E-08 1.0298E-08 1.0380E-08 1.0447E-08 1.0495E-08 1.0527E-08 1.0543E-08 1.0544E-08 1.0528E-08 1.0498E-08 1.0453E-08 1.0396E-08
4.5794E-10 5.2439E-10 5.9510E-10 6.7508E-10 7.6551E-10 8.6868E-10 9.7904E-10 1.0961E-09 1.2250E-09 1.3653E-09 1.5172E-09 1.6811E-09 1.8560E-09 2.0438E-09 2.2444E-09 2.4578E-09 2.6830E-09 2.9203E-09 3.1706E-09 3.4327E-09 3.7033E-09 3.9838E-09 4.2775E-09 4.5783E-09 4.8842E-09 5.1949E-09 5.5088E-09 5.8230E-09 6.1383E-09 6.4522E-09 6.7609E-09 7.0668E-09 7.3650E-09 7.6576E-09 7.9413E-09 8.2146E-09 8.4780E-09 8.7289E-09 8.9665E-09 9.1904E-09 9.3996E-09 9.5932E-09 9.7702E-09 9.9312E-09 1.0075E-08 1.0201E-08 1.0310E-08 1.0402E-08 1.0476E-08 1.0533E-08 1.0573E-08 1.0596E-08 1.0602E-08 1.0593E-08 1.0568E-08 1.0529E-08 1.0475E-08
4.0779E-10 4.7927E-10 5.4589E-10 6.1826E-10 7.0019E-10 7.9319E-10 8.9994E-10 1.0125E-09 1.1346E-09 1.2673E-09 1.4116E-09 1.5649E-09 1.7336E-09 1.9137E-09 2.1062E-09 2.3105E-09 2.5284E-09 2.7579E-09 2.9998E-09 3.2551E-09 3.5217E-09 3.7974E-09 4.0860E-09 4.3846E-09 4.6899E-09 5.0034E-09 5.3180E-09 5.6383E-09 5.9582E-09 6.2750E-09 6.5912E-09 6.9023E-09 7.2089E-09 7.5101E-09 7.8024E-09 8.0863E-09 8.3593E-09 8.6205E-09 8.8689E-09 9.1038E-09 9.3239E-09 9.5280E-09 9.7165E-09 9.8883E-09 1.0042E-08 1.0179E-08 1.0298E-08 1.0399E-08 1.0482E-08 1.0548E-08 1.0596E-08 1.0626E-08 1.0640E-08 1.0637E-08 1.0619E-08 1.0586E-08 1.0538E-08
3.6873E-10 4.2751E-10 4.9962E-10 5.6723E-10 6.4229E-10 7.2609E-10 8.2215E-10 9.3138E-10 1.0460E-09 1.1705E-09 1.3062E-09 1.4541E-09 1.6144E-09 1.7872E-09 1.9704E-09 2.1656E-09 2.3755E-09 2.5970E-09 2.8300E-09 3.0761E-09 3.3353E-09 3.6059E-09 3.8887E-09 4.1819E-09 4.4858E-09 4.7978E-09 5.1123E-09 5.4316E-09 5.7530E-09 6.0745E-09 6.3952E-09 6.7123E-09 7.0273E-09 7.3354E-09 7.6366E-09 7.9295E-09 8.2122E-09 8.4835E-09 8.7426E-09 8.9882E-09 9.2190E-09 9.4348E-09 9.6345E-09 9.8166E-09 9.9817E-09 1.0130E-08 1.0259E-08 1.0370E-08 1.0463E-08 1.0538E-08 1.0595E-08 1.0634E-08 1.0656E-08 1.0661E-08 1.0650E-08 1.0623E-08 1.0581E-08
3.4718E-10 3.9225E-10 4.5436E-10 5.2332E-10 5.9024E-10 6.6652E-10 7.5166E-10 8.5171E-10 9.6232E-10 1.0777E-09 1.2046E-09 1.3431E-09 1.4941E-09 1.6574E-09 1.8337E-09 2.0216E-09 2.2226E-09 2.4357E-09 2.6616E-09 2.8990E-09 3.1486E-09 3.4110E-09 3.6878E-09 3.9743E-09 4.2731E-09 4.5798E-09 4.8934E-09 5.2094E-09 5.5307E-09 5.8541E-09 6.1763E-09 6.4995E-09 6.8189E-09 7.1336E-09 7.4430E-09 7.7442E-09 8.0361E-09 8.3174E-09 8.5867E-09 8.8428E-09 9.0851E-09 9.3121E-09 9.5224E-09 9.7163E-09 9.8932E-09 1.0052E-08 1.0192E-08 1.0314E-08 1.0417E-08 1.0502E-08 1.0569E-08 1.0617E-08 1.0649E-08 1.0662E-08 1.0659E-08 1.0640E-08 1.0605E-08
3.2564E-10 3.6766E-10 4.1490E-10 4.7921E-10 5.4654E-10 6.1471E-10 6.9234E-10 7.7928E-10 8.8431E-10 9.9424E-10 1.1127E-09 1.2412E-09 1.3821E-09 1.5353E-09 1.7022E-09 1.8774E-09 2.0692E-09 2.2731E-09 2.4905E-09 2.7199E-09 2.9611E-09 3.2144E-09 3.4836E-09 3.7643E-09 4.0560E-09 4.3550E-09 4.6649E-09 4.9784E-09 5.2966E-09 5.6172E-09 5.9409E-09 6.2651E-09 6.5873E-09 6.9076E-09 7.2223E-09 7.5308E-09 7.8313E-09 8.1219E-09 8.4010E-09 8.6677E-09 8.9208E-09 9.1586E-09 9.3805E-09 9.5864E-09 9.7743E-09 9.9442E-09 1.0097E-08 1.0230E-08 1.0344E-08 1.0440E-08 1.0517E-08 1.0576E-08 1.0617E-08 1.0640E-08 1.0646E-08 1.0635E-08 1.0609E-08
3.0545E-10 3.4495E-10 3.8873E-10 4.4019E-10 5.0659E-10 5.7037E-10 6.4140E-10 7.1852E-10 8.0923E-10 9.1627E-10 1.0268E-09 1.1459E-09 1.2759E-09 1.4182E-09 1.5729E-09 1.7408E-09 1.9215E-09 2.1144E-09 2.3192E-09 2.5390E-09 2.7720E-09 3.0167E-09 3.2754E-09 3.5482E-09 3.8328E-09 4.1271E-09 4.4296E-09 4.7377E-09 5.0516E-09 5.3688E-09 5.6917E-09 6.0150E-09 6.3391E-09 6.6612E-09 6.9797E-09 7.2932E-09 7.5999E-09 7.8980E-09 8.1860E-09 8.4625E-09 8.7259E-09 8.9746E-09 9.2086E-09 9.4255E-09 9.6251E-09 9.8077E-09 9.9714E-09 1.0116E-08 1.0243E-08 1.0350E-08 1.0439E-08 1.0508E-08 1.0560E-08 1.0594E-08 1.0610E-08 1.0609E-08 1.0591E-08
2.8444E-10 3.2518E-10 3.6635E-10 4.1325E-10 4.6530E-10 5.3060E-10 5.9429E-10 6.6653E-10 7.4629E-10 8.3839E-10 9.4803E-10 1.0581E-09 1.1778E-09 1.3091E-09 1.4523E-09 1.6081E-09 1.7773E-09 1.9591E-09 2.1542E-09 2.3622E-09 2.5829E-09 2.8166E-09 3.0667E-09 3.3298E-09 3.6046E-09 3.8929E-09 4.1886E-09 4.4912E-09 4.7985E-09 5.1134E-09 5.4317E-09 5.7527E-09 6.0754E-09 6.3978E-09 6.7186E-09 7.0350E-09 7.3461E-09 7.6504E-09 7.9454E-09 8.2297E-09 8.5017E-09 8.7610E-09 9.0053E-09 9.2337E-09 9.4459E-09 9.6401E-09 9.8160E-09 9.9734E-09 1.0112E-08 1.0232E-08 1.0332E-08 1.0414E-08 1.0477E-08 1.0522E-08 1.0549E-08 1.0559E-08 1.0551E-08
2.4645E-10 3.0126E-10 3.3965E-10 3.8531E-10 4.3570E-10 4.9161E-10 5.5383E-10 6.2063E-10 6.9065E-10 7.7328E-10 8.6786E-10 9.7893E-10 1.0898E-09 1.2107E-09 1.3440E-09 1.4882E-09 1.6461E-09 1.8151E-09 1.9937E-09 2.1895E-09 2.3991E-09 2.6210E-09 2.8602E-09 3.1113E-09 3.3755E-09 3.6541E-09 3.9412E-09 4.2362E-09 4.5370E-09 4.8470E-09 5.1611E-09 5.4800E-09 5.8006E-09 6.1226E-09 6.4431E-09 6.7609E-09 7.0748E-09 7.3828E-09 7.6832E-09 7.9736E-09 8.2537E-09 8.5215E-09 8.7749E-09 9.0139E-09 9.2368E-09 9.4425E-09 9.6308E-09 9.8008E-09 9.9526E-09 1.0085E-08 1.0199E-08 1.0293E-08 1.0368E-08 1.0426E-08 1.0465E-08 1.0485E-08 1.0489E-08
2.1693E-10 2.5673E-10 3.1880E-10 3.5859E-10 4.0399E-10 4.5769E-10 5.1558E-10 5.7586E-10 6.4232E-10 7.1671E-10 7.9687E-10 8.9450E-10 1.0071E-09 1.1187E-09 1.2416E-09 1.3745E-09 1.5192E-09 1.6766E-09 1.8461E-09 2.0286E-09 2.2236E-09 2.4302E-09 2.6569E-09 2.8967E-09 3.1497E-09 3.4158E-09 3.6926E-09 3.9784E-09 4.2727E-09 4.5740E-09 4.8829E-09 5.1964E-09 5.5141E-09 5.8338E-09 6.1539E-09 6.4724E-09 6.7882E-09 7.0989E-09 7.4028E-09 7.6985E-09 7.9849E-09 8.2595E-09 8.5214E-09 8.7697E-09 9.0025E-09 9.2189E-09 9.4183E-09 9.6006E-09 9.7642E-09 9.9098E-09 1.0037E-08 1.0144E-08 1.0233E-08 1.0304E-08 1.0354E-08 1.0389E-08 1.0404E-08
1.8913E-10 2.3740E-10 2.9396E-10 3.3082E-10 3.7815E-10 4.2521E-10 4.7909E-10 5.3530E-10 5.9862E-10 6.6231E-10 7.3773E-10 8.1852E-10 9.1901E-10 1.0319E-09 1.1446E-09 1.2670E-09 1.4004E-09 1.5469E-09 1.7034E-09 1.8728E-09 2.0552E-09 2.2509E-09 2.4637E-09 2.6868E-09 2.9286E-09 3.1835E-09 3.4468E-09 3.7214E-09 4.0054E-09 4.2976E-09 4.5988E-09 4.9059E-09 5.2187E-09 5.5347E-09 5.8523E-09 6.1707E-09 6.4870E-09 6.7997E-09 7.1069E-09 7.4074E-09 7.6985E-09 7.9793E-09 8.2489E-09 8.5049E-09 8.7468E-09 8.9732E-09 9.1834E-09 9.3770E-09 9.5527E-09 9.7106E-09 9.8497E-09 9.9704E-09 1.0073E-08 1.0155E-08 1.0221E-08 1.0268E-08 1.0295E-08
1.7803E-10 2.0404E-10 2.4962E-10 3.0918E-10 3.4717E-10 3.9216E-10 4.4577E-10 4.9974E-10 5.5691E-10 6.1619E-10 6.8601E-10 7.5679E-10 8.3991E-10 9.4416E-10 1.0554E-09 1.1675E-09 1.2912E-09 1.4260E-09 1.5715E-09 1.7283E-09 1.8965E-09 2.0765E-09 2.2754E-09 2.4880E-09 2.7157E-09 2.9571E-09 3.2072E-09 3.4692E-09 3.7414E-09 4.0237E-09 4.3143E-09 4.6127E-09 4.9185E-09 5.2289E-09 5.5428E-09 5.8582E-09 6.1735E-09 6.4862E-09 6.7957E-09 7.0995E-09 7.3954E-09 7.6829E-09 7.9590E-09 8.2229E-09 8.4734E-09 8.7090E-09 8.9296E-09 9.1335E-09 9.3216E-09 9.4907E-09 9.6425E-09 9.7762E-09 9.8901E-09 9.9871E-09 1.0065E-08 1.0124E-08 1.0166E-08
1.6727E-10 1.8397E-10 2.1832E-10 2.7356E-10 3.1873E-10 3.6401E-10 4.0879E-10 4.6374E-10 5.1530E-10 5.7383E-10 6.3339E-10 7.0257E-10 7.7727E-10 8.5711E-10 9.6521E-10 1.0754E-09 1.1887E-09 1.3109E-09 1.4455E-09 1.5904E-09 1.7463E-09 1.9147E-09 2.0997E-09 2.2941E-09 2.5077E-09 2.7360E-09 2.9749E-09 3.2235E-09 3.4829E-09 3.7531E-09 4.0322E-09 4.3205E-09 4.6171E-09 4.9197E-09 5.2279E-09 5.5386E-09 5.8509E-09 6.1630E-09 6.4728E-09 6.7779E-09 7.0779E-09 7.3696E-09 7.6520E-09 7.9235E-09 8.1825E-09 8.4286E-09 8.6590E-09 8.8747E-09 9.0729E-09 9.2542E-09 9.4181E-09 9.5638E-09 9.6918E-09 9.8015E-09 9.8912E-09 9.9642E-09 1.0019E-08
1.5685E-10 1.7252E-10 1.8938E-10 2.3390E-10 2.9034E-10 3.3246E-10 3.7835E-10 4.2617E-10 4.7732E-10 5.3321E-10 5.8679E-10 6.5265E-10 7.1829E-10 7.9388E-10 8.8069E-10 9.8278E-10 1.0924E-09 1.2054E-09 1.3271E-09 1.4610E-09 1.6036E-09 1.7585E-09 1.9295E-09 2.1134E-09 2.3123E-09 2.5261E-09 2.7479E-09 2.9854E-09 3.2312E-09 3.4886E-09 3.7558E-09 4.0326E-09 4.3184E-09 4.6123E-09 4.9127E-09 5.2170E-09 5.5242E-09 5.8332E-09 6.1409E-09 6.4463E-09 6.7481E-09 7.0433E-09 7.3305E-09 7.6084E-09 7.8753E-09 8.1301E-09 8.3714E-09 8.5977E-09 8.8083E-09 9.0025E-09 9.1794E-09 9.3381E-09 9.4795E-09 9.6003E-09 9.7046E-09 9.7909E-09 9.8573E-09
1.4681E-10 1.6147E-10 1.7725E-10 1.9837E-10 2.4602E-10 3.0379E-10 3.4655E-10 3.9024E-10 4.4264E-10 4.9257E-10 5.4394E-10 6.0302E-10 6.6398E-10 7.3565E-10 8.0734E-10 8.9385E-10 9.9740E-10 1.1049E-09 1.2187E-09 1.3410E-09 1.4739E-09 1.6158E-09 1.7720E-09 1.9395E-09 2.1235E-09 2.3227E-09 2.5335E-09 2.7561E-09 2.9878E-09 3.2314E-09 3.4855E-09 3.7498E-09 4.0241E-09 4.3076E-09 4.5988E-09 4.8953E-09 5.1965E-09 5.5005E-09 5.8049E-09 6.1092E-09 6.4104E-09 6.7074E-09 6.9980E-09 7.2809E-09 7.5550E-09 7.8173E-09 8.0684E-09 8.3051E-09 8.5277E-09 8.7342E-09 8.9239E-09 9.0974E-09 9.2516E-09 9.3882E-09 9.5067E-09 9.6051E-09 9.6854E-09
1.3715E-10 1.5084E-10 1.6559E-10 1.8143E-10 2.0784E-10 2.5611E-10 3.1493E-10 3.5976E-10 4.0291E-10 4.5081E-10 5.0313E-10 5.5248E-10 6.1394E-10 6.7822E-10 7.4458E-10 8.2212E-10 9.0599E-10 1.0090E-09 1.1165E-09 1.2282E-09 1.3497E-09 1.4813E-09 1.6256E-09 1.7814E-09 1.9498E-09 2.1328E-09 2.3265E-09 2.5351E-09 2.7547E-09 2.9836E-09 3.2235E-09 3.4744E-09 3.7368E-09 4.0082E-09 4.2891E-09 4.5772E-09 4.8706E-09 5.1677E-09 5.4681E-09 5.7689E-09 6.0687E-09 6.3660E-09 6.6585E-09 6.9454E-09 7.2240E-09 7.4943E-09 7.7523E-09 7.9997E-09 8.2325E-09 8.4504E-09 8.6538E-09 8.8403E-09 9.0088E-09 9.1608E-09 9.2927E-09 9.4071E-09 9.5031E-09
1.2788E-10 1.4065E-10 1.5439E-10 1.6916E-10 1.8500E-10 2.1673E-10 2.6993E-10 3.2329E-10 3.6544E-10 4.1619E-10 4.6439E-10 5.0980E-10 5.6642E-10 6.2037E-10 6.8672E-10 7.5619E-10 8.3003E-10 9.1595E-10 1.0176E-09 1.1227E-09 1.2334E-09 1.3538E-09 1.4868E-09 1.6298E-09 1.7858E-09 1.9555E-09 2.1366E-09 2.3300E-09 2.5330E-09 2.7479E-09 2.9729E-09 3.2090E-09 3.4577E-09 3.7163E-09 3.9853E-09 4.2633E-09 4.5477E-09 4.8373E-09 5.1319E-09 5.4282E-09 5.7253E-09 6.0214E-09 6.3147E-09 6.6041E-09 6.8864E-09 7.1623E-09 7.4278E-09 7.6831E-09 7.9262E-09 8.1559E-09 8.3716E-09 8.5699E-09 8.7535E-09 8.9183E-09 9.0660E-09 9.1956E-09 9.3069E-09
1.1901E-10 1.3089E-10 1.4368E-10 1.5743E-10 1.7216E-10 1.8792E-10 2.2617E-10 2.8272E-10 3.3040E-10 3.7670E-10 4.2102E-10 4.6941E-10 5.1430E-10 5.7096E-10 6.3194E-10 6.9034E-10 7.6159E-10 8.3496E-10 9.2025E-10 1.0228E-09 1.1246E-09 1.2341E-09 1.3571E-09 1.4899E-09 1.6320E-09 1.7872E-09 1.9543E-09 2.1335E-09 2.3237E-09 2.5253E-09 2.7353E-09 2.9565E-09 3.1904E-09 3.4350E-09 3.6911E-09 3.9570E-09 4.2309E-09 4.5119E-09 4.7984E-09 5.0891E-09 5.3822E-09 5.6760E-09 5.9695E-09 6.2594E-09 6.5453E-09 6.8256E-09 7.0983E-09 7.3611E-09 7.6133E-09 7.8534E-09 8.0784E-09 8.2904E-09 8.4864E-09 8.6654E-09 8.8278E-09 8.9723E-09 9.0991E-09
1.1055E-10 1.2158E-10 1.3346E-10 1.4623E-10 1.5991E-10 1.7455E-10 1.9016E-10 2.3247E-10 2.8773E-10 3.3983E-10 3.8695E-10 4.3131E-10 4.7241E-10 5.2435E-10 5.7302E-10 6.3371E-10 6.9904E-10 7.6630E-10 8.3892E-10 9.2345E-10 1.0206E-09 1.1224E-09 1.2344E-09 1.3560E-09 1.4889E-09 1.6324E-09 1.7851E-09 1.9505E-09 2.1255E-09 2.3127E-09 2.5111E-09 2.7175E-09 2.9366E-09 3.1667E-09 3.4090E-09 3.6617E-09 3.9236E-09 4.1940E-09 4.4711E-09 4.7543E-09 5.0416E-09 5.3315E-09 5.6232E-09 5.9132E-09 6.2007E-09 6.4853E-09 6.7627E-09 7.0329E-09 7.2933E-09 7.5431E-09 7.7799E-09 8.0039E-09 8.2117E-09 8.4042E-09 8.5803E-09 8.7402E-09 8.8817E-09
1.0249E-10 1.1272E-10 1.2373E-10 1.3557E-10 1.4825E-10 1.6182E-10 1.7629E-10 1.9287E-10 2.3759E-10 2.9410E-10 3.4830E-10 3.8880E-10 4.3303E-10 4.7333E-10 5.2495E-10 5.8044E-10 6.3269E-10 6.9739E-10 7.6579E-10 8.3853E-10 9.2329E-10 1.0143E-09 1.1186E-09 1.2305E-09 1.3523E-09 1.4851E-09 1.6261E-09 1.7784E-09 1.9397E-09 2.1139E-09 2.2979E-09 2.4911E-09 2.6960E-09 2.9116E-09 3.1399E-09 3.3792E-09 3.6281E-09 3.8868E-09 4.1532E-09 4.4270E-09 4.7069E-09 4.9919E-09 5.2790E-09 5.5679E-09 5.8557E-09 6.1423E-09 6.4243E-09 6.7011E-09 6.9699E-09 7.2276E-09 7.4758E-09 7.7095E-09 7.9305E-09 8.1367E-09 8.3275E-09 8.5012E-09 8.6579E-09
