Assets/Resources/2015_m01_d28_2100(utc+0800)_l00_csi_1hr_conc.grd
DSAA
         159         159
     -79.000      79.000
     -79.000      79.000
  0.0000E+00  0.8001E-04
[rows 0 to 24 of 159, columns 0 to 56 of 159]
1.3285E-09 1.4765E-09 1.6345E-09 1.8044E-09 1.9818E-09 2.1678E-09 2.3640E-09 2.5652E-09 2.7721E-09 2.9857E-09 3.2004E-09 3.4163E-09 3.6337E-09 3.8469E-09 4.0554E-09 4.2572E-09 4.4535E-09 4.6360E-09 4.8053E-09 4.9595E-09 5.1001E-09 5.2189E-09 5.3174E-09 5.3948E-09 5.4570E-09 5.4926E-09 5.5038E-09 5.4902E-09 5.4520E-09 5.3927E-09 5.3070E-09 5.1986E-09 5.0689E-09 4.9195E-09 4.7518E-09 4.5682E-09 4.3743E-09 4.1659E-09 3.9486E-09 3.7245E-09 3.4961E-09 3.2659E-09 3.0360E-09 2.8084E-09 2.5848E-09 2.3671E-09 2.1568E-09 1.9554E-09 1.7642E-09 1.5838E-09 1.4148E-09 1.2574E-09 1.1118E-09 9.7816E-10 8.5616E-10 7.4204E-10 6.4263E-10
1.3506E-09 1.5024E-09 1.6667E-09 1.8394E-09 2.0219E-09 2.2158E-09 2.4162E-09 2.6240E-09 2.8402E-09 3.0595E-09 3.2822E-09 3.5086E-09 3.7330E-09 3.9552E-09 4.1730E-09 4.3877E-09 4.5907E-09 4.7828E-09 4.9647E-09 5.1287E-09 5.2745E-09 5.4012E-09 5.5150E-09 5.6042E-09 5.6700E-09 5.7111E-09 5.7270E-09 5.7206E-09 5.6858E-09 5.6257E-09 5.5410E-09 5.4327E-09 5.3021E-09 5.1540E-09 4.9838E-09 4.7968E-09 4.5951E-09 4.3810E-09 4.1567E-09 3.9250E-09 3.6886E-09 3.4498E-09 3.2105E-09 2.9765E-09 2.7430E-09 2.5151E-09 2.2949E-09 2.0837E-09 1.8825E-09 1.6923E-09 1.5136E-09 1.3435E-09 1.1893E-09 1.0474E-09 9.1766E-10 7.9985E-10 6.9354E-10
1.3675E-09 1.5225E-09 1.6907E-09 1.8675E-09 2.0566E-09 2.2536E-09 2.4592E-09 2.6748E-09 2.8952E-09 3.1209E-09 3.3523E-09 3.5840E-09 3.8157E-09 4.0454E-09 4.2744E-09 4.4942E-09 4.7054E-09 4.9088E-09 5.0965E-09 5.2688E-09 5.4276E-09 5.5716E-09 5.6919E-09 5.7895E-09 5.8631E-09 5.9115E-09 5.9375E-09 5.9341E-09 5.9042E-09 5.8481E-09 5.7663E-09 5.6633E-09 5.5336E-09 5.3820E-09 5.2103E-09 5.0206E-09 4.8147E-09 4.5955E-09 4.3690E-09 4.1314E-09 3.8880E-09 3.6411E-09 3.3932E-09 3.1464E-09 2.9031E-09 2.6656E-09 2.4354E-09 2.2142E-09 2.0030E-09 1.8029E-09 1.6146E-09 1.4386E-09 1.2752E-09 1.1246E-09 9.8671E-10 8.6119E-10 7.4420E-10
1.3788E-09 1.5384E-09 1.7072E-09 1.8869E-09 2.0795E-09 2.2801E-09 2.4898E-09 2.7102E-09 2.9357E-09 3.1689E-09 3.4045E-09 3.6426E-09 3.8812E-09 4.1216E-09 4.3555E-09 4.5835E-09 4.8062E-09 5.0158E-09 5.2151E-09 5.4015E-09 5.5742E-09 5.7248E-09 5.8542E-09 5.9606E-09 6.0459E-09 6.1028E-09 6.1331E-09 6.1363E-09 6.1122E-09 6.0645E-09 5.9870E-09 5.8837E-09 5.7559E-09 5.6051E-09 5.4325E-09 5.2444E-09 5.0362E-09 4.8136E-09 4.5800E-09 4.3369E-09 4.0868E-09 3.8324E-09 3.5757E-09 3.3200E-09 3.0680E-09 2.8242E-09 2.5844E-09 2.3533E-09 2.1322E-09 1.9221E-09 1.7240E-09 1.5385E-09 1.3624E-09 1.2031E-09 1.0568E-09 9.2346E-10 8.0269E-10
1.3867E-09 1.5461E-09 1.7168E-09 1.9009E-09 2.0942E-09 2.2978E-09 2.5132E-09 2.7354E-09 2.9651E-09 3.2034E-09 3.4443E-09 3.6882E-09 3.9363E-09 4.1806E-09 4.4217E-09 4.6604E-09 4.8902E-09 5.1129E-09 5.3233E-09 5.5224E-09 5.7017E-09 5.8617E-09 6.0005E-09 6.1196E-09 6.2111E-09 6.2765E-09 6.3150E-09 6.3291E-09 6.3122E-09 6.2673E-09 6.1949E-09 6.0958E-09 5.9739E-09 5.8248E-09 5.6535E-09 5.4619E-09 5.2526E-09 5.0287E-09 4.7914E-09 4.5470E-09 4.2906E-09 4.0289E-09 3.7652E-09 3.5018E-09 3.2411E-09 2.9852E-09 2.7360E-09 2.4952E-09 2.2642E-09 2.0443E-09 1.8364E-09 1.6412E-09 1.4592E-09 1.2906E-09 1.1355E-09 9.9383E-10 8.6519E-10
1.3872E-09 1.5475E-09 1.7195E-09 1.9055E-09 2.1006E-09 2.3085E-09 2.5247E-09 2.7500E-09 2.9855E-09 3.2258E-09 3.4712E-09 3.7232E-09 3.9741E-09 4.2245E-09 4.4759E-09 4.7232E-09 4.9636E-09 5.1947E-09 5.4173E-09 5.6227E-09 5.8114E-09 5.9841E-09 6.1330E-09 6.2588E-09 6.3598E-09 6.4345E-09 6.4854E-09 6.5048E-09 6.4957E-09 6.4579E-09 6.3948E-09 6.3007E-09 6.1801E-09 6.0344E-09 5.8654E-09 5.6758E-09 5.4710E-09 5.2461E-09 5.0058E-09 4.7529E-09 4.4917E-09 4.2247E-09 3.9547E-09 3.6843E-09 3.4157E-09 3.1513E-09 2.8966E-09 2.6464E-09 2.4058E-09 2.1761E-09 1.9583E-09 1.7533E-09 1.5580E-09 1.3801E-09 1.2161E-09 1.0659E-09 9.2919E-10
1.3820E-09 1.5428E-09 1.7176E-09 1.9024E-09 2.0986E-09 2.3083E-09 2.5263E-09 2.7559E-09 2.9923E-09 3.2357E-09 3.4878E-09 3.7414E-09 3.9971E-09 4.2591E-09 4.5172E-09 4.7714E-09 5.0193E-09 5.2618E-09 5.4900E-09 5.7044E-09 5.9055E-09 6.0853E-09 6.2441E-09 6.3799E-09 6.4941E-09 6.5790E-09 6.6363E-09 6.6651E-09 6.6646E-09 6.6378E-09 6.5788E-09 6.4915E-09 6.3767E-09 6.2360E-09 6.0758E-09 5.8900E-09 5.6828E-09 5.4554E-09 5.2129E-09 4.9581E-09 4.6938E-09 4.4263E-09 4.1513E-09 3.8749E-09 3.5994E-09 3.3272E-09 3.0606E-09 2.8014E-09 2.5513E-09 2.3118E-09 2.0841E-09 1.8692E-09 1.6677E-09 1.4801E-09 1.3066E-09 1.1473E-09 1.0020E-09
1.3713E-09 1.5318E-09 1.7067E-09 1.8916E-09 2.0905E-09 2.2989E-09 2.5179E-09 2.7492E-09 2.9873E-09 3.2330E-09 3.4884E-09 3.7474E-09 4.0101E-09 4.2777E-09 4.5414E-09 4.8018E-09 5.0600E-09 5.3071E-09 5.5435E-09 5.7697E-09 5.9774E-09 6.1668E-09 6.3356E-09 6.4849E-09 6.6066E-09 6.7020E-09 6.7697E-09 6.8111E-09 6.8201E-09 6.7996E-09 6.7495E-09 6.6704E-09 6.5668E-09 6.4349E-09 6.2772E-09 6.0917E-09 5.8851E-09 5.6597E-09 5.4218E-09 5.1670E-09 4.9013E-09 4.6275E-09 4.3484E-09 4.0667E-09 3.7849E-09 3.5056E-09 3.2309E-09 2.9630E-09 2.7037E-09 2.4584E-09 2.2209E-09 1.9959E-09 1.7806E-09 1.5831E-09 1.4000E-09 1.2314E-09 1.0771E-09
1.3551E-09 1.5169E-09 1.6891E-09 1.8734E-09 2.0721E-09 2.2803E-09 2.5017E-09 2.7316E-09 2.9707E-09 3.2222E-09 3.4789E-09 3.7412E-09 4.0108E-09 4.2796E-09 4.5481E-09 4.8174E-09 5.0790E-09 5.3331E-09 5.5803E-09 5.8123E-09 6.0290E-09 6.2278E-09 6.4099E-09 6.5668E-09 6.6994E-09 6.8049E-09 6.8863E-09 6.9358E-09 6.9558E-09 6.9460E-09 6.9096E-09 6.8414E-09 6.7456E-09 6.6178E-09 6.4629E-09 6.2871E-09 6.0859E-09 5.8647E-09 5.6259E-09 5.3721E-09 5.1062E-09 4.8308E-09 4.5524E-09 4.2668E-09 3.9800E-09 3.6945E-09 3.4127E-09 3.1367E-09 2.8687E-09 2.6102E-09 2.3628E-09 2.1278E-09 1.9060E-09 1.6983E-09 1.5001E-09 1.3218E-09 1.1582E-09
1.3336E-09 1.4941E-09 1.6648E-09 1.8500E-09 2.0456E-09 2.2529E-09 2.4739E-09 2.7039E-09 2.9475E-09 3.1979E-09 3.4559E-09 3.7234E-09 3.9928E-09 4.2648E-09 4.5405E-09 4.8118E-09 5.0790E-09 5.3426E-09 5.5943E-09 5.8341E-09 6.0593E-09 6.2711E-09 6.4604E-09 6.6274E-09 6.7731E-09 6.8905E-09 6.9806E-09 7.0421E-09 7.0742E-09 7.0799E-09 7.0536E-09 6.9946E-09 6.9041E-09 6.7887E-09 6.6432E-09 6.4723E-09 6.2779E-09 6.0621E-09 5.8274E-09 5.5801E-09 5.3158E-09 5.0406E-09 4.7574E-09 4.4688E-09 4.1777E-09 3.8867E-09 3.5982E-09 3.3147E-09 3.0419E-09 2.7744E-09 2.5173E-09 2.2722E-09 2.0401E-09 1.8220E-09 1.6142E-09 1.4255E-09 1.2456E-09
1.3092E-09 1.4656E-09 1.6342E-09 1.8176E-09 2.0113E-09 2.2192E-09 2.4375E-09 2.6671E-09 2.9106E-09 3.1608E-09 3.4193E-09 3.6882E-09 3.9592E-09 4.2366E-09 4.5128E-09 4.7880E-09 5.0599E-09 5.3296E-09 5.5878E-09 5.8350E-09 6.0721E-09 6.2897E-09 6.4880E-09 6.6685E-09 6.8231E-09 6.9525E-09 7.0551E-09 7.1329E-09 7.1784E-09 7.1937E-09 7.1755E-09 7.1269E-09 7.0523E-09 6.9454E-09 6.8106E-09 6.6493E-09 6.4634E-09 6.2588E-09 6.0304E-09 5.7843E-09 5.5230E-09 5.2493E-09 4.9659E-09 4.6795E-09 4.3855E-09 4.0903E-09 3.7963E-09 3.5059E-09 3.2215E-09 2.9451E-09 2.6785E-09 2.4232E-09 2.1806E-09 1.9517E-09 1.7372E-09 1.5378E-09 1.3482E-09
1.2781E-09 1.4318E-09 1.5998E-09 1.7785E-09 1.9698E-09 2.1759E-09 2.3922E-09 2.6230E-09 2.8623E-09 3.1115E-09 3.3727E-09 3.6386E-09 3.9103E-09 4.1895E-09 4.4679E-09 4.7462E-09 5.0254E-09 5.2969E-09 5.5610E-09 5.8184E-09 6.0596E-09 6.2855E-09 6.4969E-09 6.6855E-09 6.8518E-09 6.9937E-09 7.1128E-09 7.2003E-09 7.2564E-09 7.2826E-09 7.2820E-09 7.2480E-09 7.1837E-09 7.0899E-09 6.9674E-09 6.8214E-09 6.6464E-09 6.4476E-09 6.2271E-09 5.9873E-09 5.7344E-09 5.4642E-09 5.1827E-09 4.8926E-09 4.5969E-09 4.2982E-09 3.9993E-09 3.7027E-09 3.4108E-09 3.1298E-09 2.8540E-09 2.5887E-09 2.3355E-09 2.0957E-09 1.8701E-09 1.6595E-09 1.4598E-09
1.2426E-09 1.3930E-09 1.5577E-09 1.7332E-09 1.9234E-09 2.1245E-09 2.3377E-09 2.5663E-09 2.8032E-09 3.0534E-09 3.3104E-09 3.5753E-09 3.8500E-09 4.1268E-09 4.4063E-09 4.6899E-09 4.9694E-09 5.2450E-09 5.5169E-09 5.7770E-09 6.0256E-09 6.2633E-09 6.4817E-09 6.6812E-09 6.8592E-09 7.0171E-09 7.1421E-09 7.2412E-09 7.3119E-09 7.3569E-09 7.3686E-09 7.3499E-09 7.3007E-09 7.2252E-09 7.1175E-09 6.9815E-09 6.8188E-09 6.6311E-09 6.4242E-09 6.1931E-09 5.9436E-09 5.6783E-09 5.3999E-09 5.1111E-09 4.8187E-09 4.5182E-09 4.2157E-09 3.9140E-09 3.6155E-09 3.3227E-09 3.0377E-09 2.7624E-09 2.4985E-09 2.2474E-09 2.0103E-09 1.7881E-09 1.5812E-09
1.2029E-09 1.3491E-09 1.5101E-09 1.6816E-09 1.8682E-09 2.0654E-09 2.2780E-09 2.5002E-09 2.7338E-09 2.9814E-09 3.2360E-09 3.4990E-09 3.7727E-09 4.0488E-09 4.3317E-09 4.6139E-09 4.8950E-09 5.1764E-09 5.4500E-09 5.7157E-09 5.9724E-09 6.2175E-09 6.4454E-09 6.6553E-09 6.8441E-09 7.0081E-09 7.1481E-09 7.2618E-09 7.3518E-09 7.4096E-09 7.4377E-09 7.4354E-09 7.4069E-09 7.3447E-09 7.2528E-09 7.1320E-09 6.9873E-09 6.8133E-09 6.6148E-09 6.3939E-09 6.1530E-09 5.8944E-09 5.6250E-09 5.3397E-09 5.0449E-09 4.7435E-09 4.4384E-09 4.1322E-09 3.8276E-09 3.5312E-09 3.2376E-09 2.9526E-09 2.6781E-09 2.4157E-09 2.1668E-09 1.9324E-09 1.7135E-09
1.1588E-09 1.3030E-09 1.4576E-09 1.6267E-09 1.8068E-09 1.9994E-09 2.2078E-09 2.4256E-09 2.6581E-09 2.8992E-09 3.1503E-09 3.4137E-09 3.6821E-09 3.9567E-09 4.2391E-09 4.5209E-09 4.8031E-09 5.0873E-09 5.3644E-09 5.6350E-09 5.9005E-09 6.1513E-09 6.3849E-09 6.6035E-09 6.8021E-09 6.9795E-09 7.1368E-09 7.2662E-09 7.3689E-09 7.4435E-09 7.4925E-09 7.5088E-09 7.4949E-09 7.4506E-09 7.3798E-09 7.2766E-09 7.1450E-09 6.9860E-09 6.8013E-09 6.5965E-09 6.3666E-09 6.1173E-09 5.8511E-09 5.5704E-09 5.2783E-09 4.9814E-09 4.6751E-09 4.3659E-09 4.0565E-09 3.7495E-09 3.4475E-09 3.1528E-09 2.8676E-09 2.5936E-09 2.3325E-09 2.0856E-09 1.8538E-09
1.1114E-09 1.2510E-09 1.4007E-09 1.5649E-09 1.7398E-09 1.9301E-09 2.1306E-09 2.3433E-09 2.5711E-09 2.8075E-09 3.0573E-09 3.3142E-09 3.5792E-09 3.8542E-09 4.1318E-09 4.4128E-09 4.6988E-09 4.9815E-09 5.2613E-09 5.5396E-09 5.8056E-09 6.0588E-09 6.3030E-09 6.5305E-09 6.7403E-09 6.9337E-09 7.1024E-09 7.2472E-09 7.3664E-09 7.4622E-09 7.5268E-09 7.5620E-09 7.5674E-09 7.5463E-09 7.4919E-09 7.4076E-09 7.2940E-09 7.1521E-09 6.9875E-09 6.7939E-09 6.5768E-09 6.3383E-09 6.0807E-09 5.8109E-09 5.5236E-09 5.2254E-09 4.9192E-09 4.6078E-09 4.2941E-09 3.9810E-09 3.6753E-09 3.3715E-09 3.0758E-09 2.7903E-09 2.5169E-09 2.2570E-09 2.0120E-09
1.0613E-09 1.1958E-09 1.3401E-09 1.4989E-09 1.6680E-09 1.8527E-09 2.0473E-09 2.2571E-09 2.4765E-09 2.7073E-09 2.9522E-09 3.2042E-09 3.4649E-09 3.7368E-09 4.0116E-09 4.2941E-09 4.5767E-09 4.8599E-09 5.1441E-09 5.4192E-09 5.6874E-09 5.9509E-09 6.2013E-09 6.4380E-09 6.6620E-09 6.8652E-09 7.0481E-09 7.2084E-09 7.3484E-09 7.4594E-09 7.5431E-09 7.5983E-09 7.6283E-09 7.6249E-09 7.5914E-09 7.5276E-09 7.4380E-09 7.3158E-09 7.1656E-09 6.9885E-09 6.7862E-09 6.5648E-09 6.3186E-09 6.0538E-09 5.7728E-09 5.4785E-09 5.1737E-09 4.8658E-09 4.5494E-09 4.2314E-09 3.9147E-09 3.6021E-09 3.2960E-09 2.9988E-09 2.7126E-09 2.4393E-09 2.1795E-09
1.0109E-09 1.1380E-09 1.2765E-09 1.4293E-09 1.5921E-09 1.7707E-09 1.9588E-09 2.1623E-09 2.3753E-09 2.5997E-09 2.8389E-09 3.0852E-09 3.3442E-09 3.6086E-09 3.8798E-09 4.1600E-09 4.4409E-09 4.7210E-09 5.0041E-09 5.2811E-09 5.5541E-09 5.8242E-09 6.0815E-09 6.3268E-09 6.5620E-09 6.7775E-09 6.9744E-09 7.1542E-09 7.3084E-09 7.4380E-09 7.5416E-09 7.6218E-09 7.6701E-09 7.6889E-09 7.6776E-09 7.6404E-09 7.5693E-09 7.4683E-09 7.3380E-09 7.1836E-09 6.9989E-09 6.7891E-09 6.5559E-09 6.3018E-09 6.0331E-09 5.7451E-09 5.4440E-09 5.1329E-09 4.8147E-09 4.4925E-09 4.1694E-09 3.8526E-09 3.5367E-09 3.2282E-09 2.9294E-09 2.6419E-09 2.3680E-09
9.5685E-10 1.0781E-09 1.2126E-09 1.3570E-09 1.5161E-09 1.6849E-09 1.8659E-09 2.0626E-09 2.2685E-09 2.4893E-09 2.7186E-09 2.9585E-09 3.2119E-09 3.4710E-09 3.7410E-09 4.0133E-09 4.2893E-09 4.5713E-09 4.8510E-09 5.1303E-09 5.4100E-09 5.6813E-09 5.9447E-09 6.2021E-09 6.4440E-09 6.6714E-09 6.8858E-09 7.0783E-09 7.2497E-09 7.3983E-09 7.5265E-09 7.6250E-09 7.6958E-09 7.7416E-09 7.7548E-09 7.7378E-09 7.6903E-09 7.6159E-09 7.5084E-09 7.3715E-09 7.2061E-09 7.0135E-09 6.7997E-09 6.5590E-09 6.2973E-09 6.0170E-09 5.7209E-09 5.4121E-09 5.0979E-09 4.7732E-09 4.4452E-09 4.1169E-09 3.7914E-09 3.4715E-09 3.1596E-09 2.8581E-09 2.5691E-09
9.0158E-10 1.0168E-09 1.1450E-09 1.2825E-09 1.4348E-09 1.5964E-09 1.7730E-09 1.9592E-09 2.1573E-09 2.3708E-09 2.5927E-09 2.8288E-09 3.0724E-09 3.3248E-09 3.5885E-09 3.8556E-09 4.1311E-09 4.4079E-09 4.6872E-09 4.9702E-09 5.2488E-09 5.5235E-09 5.7961E-09 6.0577E-09 6.3090E-09 6.5515E-09 6.7763E-09 6.9842E-09 7.1730E-09 7.3449E-09 7.4903E-09 7.6110E-09 7.7090E-09 7.7761E-09 7.8143E-09 7.8225E-09 7.8041E-09 7.7516E-09 7.6682E-09 7.5541E-09 7.4140E-09 7.2418E-09 7.0421E-09 6.8166E-09 6.5675E-09 6.3011E-09 6.0126E-09 5.7085E-09 5.3917E-09 5.0656E-09 4.7333E-09 4.3983E-09 4.0641E-09 3.7374E-09 3.4129E-09 3.0973E-09 2.7932E-09
8.4567E-10 9.5461E-10 1.0763E-09 1.2068E-09 1.3520E-09 1.5059E-09 1.6748E-09 1.8529E-09 2.0460E-09 2.2484E-09 2.4623E-09 2.6907E-09 2.9265E-09 3.1748E-09 3.4290E-09 3.6904E-09 3.9620E-09 4.2357E-09 4.5127E-09 4.7955E-09 5.0750E-09 5.3559E-09 5.6301E-09 5.8983E-09 6.1617E-09 6.4121E-09 6.6499E-09 6.8728E-09 7.0828E-09 7.2704E-09 7.4367E-09 7.5837E-09 7.7027E-09 7.7950E-09 7.8591E-09 7.8980E-09 7.9031E-09 7.8771E-09 7.8195E-09 7.7346E-09 7.6150E-09 7.4647E-09 7.2849E-09 7.0809E-09 6.8474E-09 6.5898E-09 6.3106E-09 6.0127E-09 5.6990E-09 5.3729E-09 5.0422E-09 4.7031E-09 4.3611E-09 4.0199E-09 3.6827E-09 3.3528E-09 3.0329E-09
7.8962E-10 8.9218E-10 1.0073E-09 1.1306E-09 1.2684E-09 1.4143E-09 1.5752E-09 1.7448E-09 1.9295E-09 2.1234E-09 2.3287E-09 2.5490E-09 2.7764E-09 3.0172E-09 3.2641E-09 3.5227E-09 3.7861E-09 4.0554E-09 4.3330E-09 4.6109E-09 4.8903E-09 5.1734E-09 5.4514E-09 5.7252E-09 5.9970E-09 6.2574E-09 6.5074E-09 6.7488E-09 6.9722E-09 7.1787E-09 7.3696E-09 7.5363E-09 7.6796E-09 7.7976E-09 7.8928E-09 7.9560E-09 7.9891E-09 7.9911E-09 7.9657E-09 7.9043E-09 7.8105E-09 7.6843E-09 7.5311E-09 7.3439E-09 7.1279E-09 6.8849E-09 6.6172E-09 6.3276E-09 6.0238E-09 5.7002E-09 5.3664E-09 5.0227E-09 4.6734E-09 4.3223E-09 3.9729E-09 3.6287E-09 3.2928E-09
7.3404E-10 8.3026E-10 9.3852E-10 1.0545E-09 1.1846E-09 1.3224E-09 1.4750E-09 1.6359E-09 1.8124E-09 1.9974E-09 2.1971E-09 2.4051E-09 2.6236E-09 2.8564E-09 3.0957E-09 3.3475E-09 3.6046E-09 3.8686E-09 4.1427E-09 4.4180E-09 4.7000E-09 4.9807E-09 5.2613E-09 5.5436E-09 5.8191E-09 6.0886E-09 6.3538E-09 6.6058E-09 6.8454E-09 7.0738E-09 7.2825E-09 7.4718E-09 7.6396E-09 7.7880E-09 7.9072E-09 7.9989E-09 8.0649E-09 8.0972E-09 8.0975E-09 8.0648E-09 8.0026E-09 7.9038E-09 7.7716E-09 7.6069E-09 7.4108E-09 7.1848E-09 6.9359E-09 6.6578E-09 6.3579E-09 6.0409E-09 5.7069E-09 5.3604E-09 5.0051E-09 4.6450E-09 4.2839E-09 3.9257E-09 3.5739E-09
6.7935E-10 7.6910E-10 8.7047E-10 9.8216E-10 1.1014E-09 1.2309E-09 1.3757E-09 1.5282E-09 1.6957E-09 1.8713E-09 2.0617E-09 2.2603E-09 2.4731E-09 2.6938E-09 2.9245E-09 3.1690E-09 3.4190E-09 3.6807E-09 3.9466E-09 4.2183E-09 4.4988E-09 4.7792E-09 5.0648E-09 5.3479E-09 5.6292E-09 5.9103E-09 6.1831E-09 6.4481E-09 6.7029E-09 6.9499E-09 7.1786E-09 7.3902E-09 7.5866E-09 7.7578E-09 7.9049E-09 8.0294E-09 8.1226E-09 8.1856E-09 8.2166E-09 8.2185E-09 8.1830E-09 8.1128E-09 8.0076E-09 7.8678E-09 7.6986E-09 7.4931E-09 7.2570E-09 6.9940E-09 6.7061E-09 6.3946E-09 6.0631E-09 5.7156E-09 5.3558E-09 4.9878E-09 4.6211E-09 4.2499E-09 3.8829E-09
6.2583E-10 7.1136E-10 8.0364E-10 9.0804E-10 1.0200E-09 1.1452E-09 1.2782E-09 1.4249E-09 1.5800E-09 1.7460E-09 1.9269E-09 2.1156E-09 2.3190E-09 2.5304E-09 2.7557E-09 2.9885E-09 3.2308E-09 3.4861E-09 3.7462E-09 4.0172E-09 4.2914E-09 4.5706E-09 4.8572E-09 5.1428E-09 5.4287E-09 5.7174E-09 5.9996E-09 6.2764E-09 6.5498E-09 6.8102E-09 7.0583E-09 7.2957E-09 7.5128E-09 7.7101E-09 7.8889E-09 8.0400E-09 8.1639E-09 8.2583E-09 8.3256E-09 8.3563E-09 8.3523E-09 8.3127E-09 8.2367E-09 8.1291E-09 7.9814E-09 7.7985E-09 7.5846E-09 7.3389E-09 7.0632E-09 6.7604E-09 6.4339E-09 6.0923E-09 5.7305E-09 5.3571E-09 4.9764E-09 4.5928E-09 4.2107E-09
