Assets/Resources/2015_m01_d07_0900(utc+0800)_l00_csi_1hr_conc.grd
DSAA
         159         159
     -79.000      79.000
     -79.000      79.000
  0.0000E+00  0.1207E-04
[rows 50 to 74 of 159, columns 57 to 113 of 159]
1.2587E-09 1.3741E-09 1.4976E-09 1.6395E-09 1.7829E-09 1.9498E-09 2.1317E-09 2.3647E-09 2.6653E-09 2.9821E-09 3.3253E-09 3.7129E-09 4.1213E-09 4.6008E-09 5.1615E-09 5.8451E-09 6.7571E-09 7.7619E-09 9.0641E-09 1.0461E-08 1.2047E-08 1.3762E-08 1.5517E-08 1.7323E-08 1.9156E-08 2.1491E-08 2.3588E-08 2.5419E-08 2.6908E-08 2.8005E-08 2.8740E-08 2.9149E-08 2.9273E-08 2.9159E-08 2.8846E-08 2.8371E-08 2.7762E-08 2.7046E-08 2.6243E-08 2.5371E-08 2.4440E-08 2.3478E-08 2.2490E-08 2.1482E-08 2.0463E-08 1.9444E-08 1.8433E-08 1.7437E-08 1.6465E-08 1.5520E-08 1.4607E-08 1.3730E-08 1.2641E-08 1.1869E-08 1.1139E-08 1.0455E-08 9.8233E-09
1.2061E-09 1.3168E-09 1.4435E-09 1.5726E-09 1.7221E-09 1.8854E-09 2.0503E-09 2.2708E-09 2.5957E-09 2.9113E-09 3.2428E-09 3.6188E-09 4.0287E-09 4.4888E-09 5.0631E-09 5.7184E-09 6.5922E-09 7.6193E-09 8.8837E-09 1.0289E-08 1.1823E-08 1.3543E-08 1.5336E-08 1.7177E-08 1.9045E-08 2.1527E-08 2.3741E-08 2.5691E-08 2.7288E-08 2.8480E-08 2.9287E-08 2.9749E-08 2.9913E-08 2.9823E-08 2.9523E-08 2.9050E-08 2.8434E-08 2.7702E-08 2.6875E-08 2.5979E-08 2.5022E-08 2.4026E-08 2.2994E-08 2.1943E-08 2.0885E-08 1.9825E-08 1.8774E-08 1.7739E-08 1.6728E-08 1.5746E-08 1.4799E-08 1.3891E-08 1.2751E-08 1.1957E-08 1.1205E-08 1.0500E-08 9.8520E-09
1.1530E-09 1.2591E-09 1.3813E-09 1.5053E-09 1.6601E-09 1.8085E-09 1.9969E-09 2.1900E-09 2.4775E-09 2.8148E-09 3.1611E-09 3.5242E-09 3.9355E-09 4.3997E-09 4.9456E-09 5.5961E-09 6.4705E-09 7.4744E-09 8.7230E-09 1.0092E-08 1.1633E-08 1.3317E-08 1.5155E-08 1.7014E-08 1.9309E-08 2.1599E-08 2.3940E-08 2.6003E-08 2.7702E-08 2.8984E-08 2.9861E-08 3.0375E-08 3.0574E-08 3.0506E-08 3.0216E-08 2.9739E-08 2.9104E-08 2.8350E-08 2.7497E-08 2.6573E-08 2.5582E-08 2.4551E-08 2.3488E-08 2.2396E-08 2.1288E-08 2.0187E-08 1.9095E-08 1.8020E-08 1.6971E-08 1.5953E-08 1.4972E-08 1.4033E-08 1.3139E-08 1.2025E-08 1.1254E-08 1.0529E-08 9.8638E-09
1.0999E-09 1.2064E-09 1.3189E-09 1.4470E-09 1.5881E-09 1.7311E-09 1.9161E-09 2.1350E-09 2.3910E-09 2.7310E-09 3.0662E-09 3.4280E-09 3.8404E-09 4.3088E-09 4.8377E-09 5.4965E-09 6.3316E-09 7.3007E-09 8.5414E-09 9.9166E-09 1.1434E-08 1.3110E-08 1.4964E-08 1.6852E-08 1.9378E-08 2.1735E-08 2.4176E-08 2.6351E-08 2.8145E-08 2.9504E-08 3.0440E-08 3.0995E-08 3.1227E-08 3.1179E-08 3.0896E-08 3.0417E-08 2.9775E-08 2.8998E-08 2.8107E-08 2.7144E-08 2.6119E-08 2.5050E-08 2.3950E-08 2.2821E-08 2.1676E-08 2.0525E-08 1.9390E-08 1.8276E-08 1.7188E-08 1.6135E-08 1.5121E-08 1.4152E-08 1.3231E-08 1.2360E-08 1.1282E-08 1.0542E-08 9.8570E-09
1.0470E-09 1.1495E-09 1.2563E-09 1.3884E-09 1.5159E-09 1.6785E-09 1.8466E-09 2.0657E-09 2.3035E-09 2.6275E-09 2.9709E-09 3.3305E-09 3.7428E-09 4.2138E-09 4.7491E-09 5.3790E-09 6.2062E-09 7.1682E-09 8.3677E-09 9.7367E-09 1.1250E-08 1.2905E-08 1.4768E-08 1.6682E-08 1.9509E-08 2.1923E-08 2.4464E-08 2.6746E-08 2.8637E-08 3.0070E-08 3.1055E-08 3.1636E-08 3.1885E-08 3.1844E-08 3.1563E-08 3.1075E-08 3.0415E-08 2.9612E-08 2.8694E-08 2.7698E-08 2.6629E-08 2.5514E-08 2.4377E-08 2.3209E-08 2.2024E-08 2.0837E-08 1.9654E-08 1.8498E-08 1.7374E-08 1.6286E-08 1.5241E-08 1.4243E-08 1.3296E-08 1.2403E-08 1.1564E-08 1.0533E-08 9.8333E-09
9.9415E-10 1.0927E-09 1.1994E-09 1.3216E-09 1.4438E-09 1.6022E-09 1.7925E-09 2.0120E-09 2.2385E-09 2.5229E-09 2.8647E-09 3.2321E-09 3.6428E-09 4.1147E-09 4.6541E-09 5.2661E-09 6.1004E-09 7.0228E-09 8.2296E-09 9.5672E-09 1.1062E-08 1.2737E-08 1.4540E-08 1.7290E-08 1.9746E-08 2.2202E-08 2.4822E-08 2.7208E-08 2.9189E-08 3.0698E-08 3.1736E-08 3.2345E-08 3.2594E-08 3.2539E-08 3.2240E-08 3.1726E-08 3.1038E-08 3.0195E-08 2.9238E-08 2.8205E-08 2.7104E-08 2.5943E-08 2.4758E-08 2.3551E-08 2.2326E-08 2.1100E-08 1.9882E-08 1.8682E-08 1.7521E-08 1.6402E-08 1.5327E-08 1.4303E-08 1.3332E-08 1.2419E-08 1.1562E-08 1.0500E-08 9.7886E-09
9.4182E-10 1.0364E-09 1.1422E-09 1.2552E-09 1.3927E-09 1.5363E-09 1.7136E-09 1.9327E-09 2.1920E-09 2.4412E-09 2.7479E-09 3.1325E-09 3.5410E-09 4.0118E-09 4.5527E-09 5.1699E-09 5.9077E-09 6.9090E-09 8.0648E-09 9.3927E-09 1.0886E-08 1.2523E-08 1.4329E-08 1.7532E-08 2.0141E-08 2.2638E-08 2.5291E-08 2.7729E-08 2.9782E-08 3.1352E-08 3.2435E-08 3.3072E-08 3.3327E-08 3.3259E-08 3.2924E-08 3.2364E-08 3.1633E-08 3.0752E-08 2.9753E-08 2.8666E-08 2.7518E-08 2.6316E-08 2.5095E-08 2.3837E-08 2.2574E-08 2.1309E-08 2.0056E-08 1.8825E-08 1.7623E-08 1.6474E-08 1.5374E-08 1.4326E-08 1.3335E-08 1.2404E-08 1.1532E-08 1.0722E-08 9.7207E-09
8.9021E-10 9.8036E-10 1.0823E-09 1.1893E-09 1.3221E-09 1.4835E-09 1.6602E-09 1.8689E-09 2.1148E-09 2.3626E-09 2.6505E-09 3.0257E-09 3.4429E-09 3.9080E-09 4.4450E-09 5.0639E-09 5.8108E-09 6.7650E-09 7.9255E-09 9.1983E-09 1.0684E-08 1.2309E-08 1.4106E-08 1.8010E-08 2.0765E-08 2.3265E-08 2.5864E-08 2.8324E-08 3.0427E-08 3.2043E-08 3.3161E-08 3.3817E-08 3.4072E-08 3.3995E-08 3.3629E-08 3.3023E-08 3.2228E-08 3.1276E-08 3.0216E-08 2.9072E-08 2.7882E-08 2.6621E-08 2.5361E-08 2.4067E-08 2.2755E-08 2.1455E-08 2.0169E-08 1.8909E-08 1.7682E-08 1.6498E-08 1.5375E-08 1.4308E-08 1.3299E-08 1.2354E-08 1.1470E-08 1.0651E-08 9.6277E-09
8.3947E-10 9.2510E-10 1.0229E-09 1.1314E-09 1.2608E-09 1.4097E-09 1.6099E-09 1.8068E-09 2.0377E-09 2.2837E-09 2.5682E-09 2.9225E-09 3.3444E-09 3.8069E-09 4.3405E-09 4.9537E-09 5.6802E-09 6.6409E-09 7.6933E-09 9.0259E-09 1.0468E-08 1.2105E-08 1.5403E-08 1.8855E-08 2.1672E-08 2.4120E-08 2.6604E-08 2.9037E-08 3.1160E-08 3.2802E-08 3.3943E-08 3.4608E-08 3.4854E-08 3.4752E-08 3.4348E-08 3.3689E-08 3.2822E-08 3.1799E-08 3.0655E-08 2.9425E-08 2.8175E-08 2.6865E-08 2.5551E-08 2.4217E-08 2.2871E-08 2.1529E-08 2.0214E-08 1.8927E-08 1.7679E-08 1.6473E-08 1.5326E-08 1.4244E-08 1.3223E-08 1.2267E-08 1.1376E-08 1.0550E-08 9.7871E-09
7.8976E-10 8.7087E-10 9.6411E-10 1.0734E-09 1.2072E-09 1.3581E-09 1.5353E-09 1.7469E-09 1.9599E-09 2.2040E-09 2.4855E-09 2.8328E-09 3.2390E-09 3.7098E-09 4.2365E-09 4.8420E-09 5.5734E-09 6.4963E-09 7.5255E-09 8.8238E-09 1.0268E-08 1.1910E-08 1.6464E-08 2.0214E-08 2.2958E-08 2.5278E-08 2.7518E-08 2.9855E-08 3.1956E-08 3.3599E-08 3.4757E-08 3.5422E-08 3.5649E-08 3.5509E-08 3.5051E-08 3.4335E-08 3.3405E-08 3.2300E-08 3.1065E-08 2.9747E-08 2.8417E-08 2.7032E-08 2.5665E-08 2.4282E-08 2.2900E-08 2.1528E-08 2.0182E-08 1.8873E-08 1.7607E-08 1.6389E-08 1.5222E-08 1.4130E-08 1.3102E-08 1.2140E-08 1.1245E-08 1.0417E-08 9.6541E-09
7.3541E-10 8.1782E-10 9.0615E-10 1.0118E-09 1.1499E-09 1.3095E-09 1.4748E-09 1.6711E-09 1.8810E-09 2.1225E-09 2.4006E-09 2.7413E-09 3.1476E-09 3.6112E-09 4.1334E-09 4.7617E-09 5.4639E-09 6.3060E-09 7.3852E-09 8.6453E-09 1.0066E-08 1.1680E-08 2.1505E-08 2.2336E-08 2.4741E-08 2.6771E-08 2.8662E-08 3.0835E-08 3.2874E-08 3.4501E-08 3.5636E-08 3.6276E-08 3.6471E-08 3.6285E-08 3.5768E-08 3.4973E-08 3.3949E-08 3.2744E-08 3.1423E-08 3.0005E-08 2.8598E-08 2.7144E-08 2.5702E-08 2.4267E-08 2.2843E-08 2.1438E-08 2.0065E-08 1.8742E-08 1.7463E-08 1.6237E-08 1.5066E-08 1.3963E-08 1.2933E-08 1.1971E-08 1.1077E-08 1.0252E-08 9.4919E-09
6.7535E-10 7.6587E-10 8.4919E-10 9.5762E-10 1.0898E-09 1.2399E-09 1.4165E-09 1.5948E-09 1.8007E-09 2.0388E-09 2.3137E-09 2.6447E-09 3.0479E-09 3.5093E-09 4.0312E-09 4.6597E-09 5.3525E-09 6.2022E-09 7.2483E-09 8.4337E-09 9.8659E-09 1.1488E-08 2.6048E-08 2.5442E-08 2.7166E-08 2.8677E-08 3.0096E-08 3.1994E-08 3.3918E-08 3.5497E-08 3.6596E-08 3.7199E-08 3.7340E-08 3.7076E-08 3.6467E-08 3.5567E-08 3.4439E-08 3.3136E-08 3.1705E-08 3.0187E-08 2.8679E-08 2.7162E-08 2.5657E-08 2.4176E-08 2.2709E-08 2.1262E-08 1.9869E-08 1.8525E-08 1.7242E-08 1.6015E-08 1.4846E-08 1.3740E-08 1.2715E-08 1.1758E-08 1.0871E-08 1.0052E-08 9.3000E-09
6.3132E-10 7.0970E-10 7.9340E-10 9.0616E-10 1.0424E-09 1.1824E-09 1.3442E-09 1.5178E-09 1.7190E-09 1.9525E-09 2.2232E-09 2.5431E-09 2.9399E-09 3.3971E-09 3.9169E-09 4.5478E-09 5.2852E-09 6.1009E-09 7.0513E-09 8.2775E-09 9.7023E-09 1.1335E-08 3.0621E-08 2.9912E-08 3.0333E-08 3.0992E-08 3.1819E-08 3.3373E-08 3.5159E-08 3.6678E-08 3.7720E-08 3.8253E-08 3.8296E-08 3.7912E-08 3.7175E-08 3.6134E-08 3.4865E-08 3.3427E-08 3.1880E-08 3.0265E-08 2.8656E-08 2.7053E-08 2.5492E-08 2.3976E-08 2.2480E-08 2.1013E-08 1.9590E-08 1.8228E-08 1.6944E-08 1.5719E-08 1.4561E-08 1.3464E-08 1.2446E-08 1.1501E-08 1.0625E-08 9.8183E-09 9.0783E-09
5.8337E-10 6.4847E-10 7.3334E-10 8.4796E-10 9.8007E-10 1.1272E-09 1.2719E-09 1.4401E-09 1.6357E-09 1.8635E-09 2.1287E-09 2.4389E-09 2.8212E-09 3.2746E-09 3.7891E-09 4.3654E-09 5.1639E-09 5.9818E-09 6.9199E-09 8.1538E-09 9.5312E-09 1.1171E-08 3.6121E-08 3.6135E-08 3.4264E-08 3.3846E-08 3.3889E-08 3.5047E-08 3.6647E-08 3.8089E-08 3.9062E-08 3.9499E-08 3.9411E-08 3.8862E-08 3.7931E-08 3.6684E-08 3.5228E-08 3.3621E-08 3.1928E-08 3.0194E-08 2.8497E-08 2.6821E-08 2.5189E-08 2.3643E-08 2.2128E-08 2.0655E-08 1.9226E-08 1.7859E-08 1.6572E-08 1.5355E-08 1.4209E-08 1.3131E-08 1.2126E-08 1.1198E-08 1.0341E-08 9.5510E-09 8.8275E-09
5.3054E-10 5.9725E-10 6.6803E-10 7.9399E-10 9.2635E-10 1.0606E-09 1.1996E-09 1.3615E-09 1.5507E-09 1.7720E-09 2.0303E-09 2.3313E-09 2.6964E-09 3.1404E-09 3.6457E-09 4.2114E-09 5.0221E-09 5.8381E-09 6.7783E-09 7.9477E-09 9.4051E-09 1.4937E-08 4.2195E-08 4.4469E-08 3.9028E-08 3.7194E-08 3.6367E-08 3.7030E-08 3.8441E-08 3.9809E-08 4.0706E-08 4.1019E-08 4.0849E-08 4.0040E-08 3.8820E-08 3.7288E-08 3.5537E-08 3.3705E-08 3.1842E-08 2.9970E-08 2.8166E-08 2.6433E-08 2.4734E-08 2.3165E-08 2.1644E-08 2.0172E-08 1.8753E-08 1.7397E-08 1.6121E-08 1.4924E-08 1.3796E-08 1.2742E-08 1.1757E-08 1.0853E-08 1.0019E-08 9.2515E-09 8.5490E-09
4.9274E-10 5.4107E-10 6.1329E-10 7.2592E-10 8.6976E-10 9.9454E-10 1.1272E-09 1.2825E-09 1.4646E-09 1.6782E-09 1.9284E-09 2.2208E-09 2.5666E-09 2.9927E-09 3.4873E-09 4.0408E-09 4.8588E-09 5.6678E-09 6.6043E-09 7.7803E-09 9.2774E-09 1.5659E-08 4.8093E-08 5.5380E-08 4.4519E-08 4.0918E-08 3.9210E-08 3.9340E-08 4.0616E-08 4.1939E-08 4.3050E-08 4.3190E-08 4.2671E-08 4.1464E-08 3.9848E-08 3.7935E-08 3.5862E-08 3.3724E-08 3.1601E-08 2.9579E-08 2.7662E-08 2.5866E-08 2.4136E-08 2.2531E-08 2.1018E-08 1.9563E-08 1.8167E-08 1.6834E-08 1.5583E-08 1.4417E-08 1.3320E-08 1.2297E-08 1.1341E-08 1.0468E-08 9.6626E-09 8.9222E-09 8.2453E-09
4.5641E-10 5.0055E-10 5.5791E-10 6.6786E-10 8.0902E-10 9.2901E-10 1.0551E-09 1.2032E-09 1.3775E-09 1.5825E-09 1.8235E-09 2.1055E-09 2.4347E-09 2.8349E-09 3.3153E-09 3.8546E-09 4.6344E-09 5.4425E-09 6.4542E-09 7.5827E-09 9.0632E-09 1.9169E-08 5.2879E-08 6.9248E-08 5.0463E-08 4.4907E-08 4.2362E-08 4.2031E-08 4.3765E-08 4.5196E-08 4.6194E-08 4.6080E-08 4.5080E-08 4.3360E-08 4.1161E-08 3.8683E-08 3.6140E-08 3.3650E-08 3.1263E-08 2.9012E-08 2.6973E-08 2.5120E-08 2.3371E-08 2.1752E-08 2.0252E-08 1.8825E-08 1.7465E-08 1.6176E-08 1.4960E-08 1.3836E-08 1.2778E-08 1.1794E-08 1.0879E-08 1.0042E-08 9.2721E-09 8.5656E-09 7.9188E-09
4.2161E-10 4.6167E-10 5.1469E-10 6.0275E-10 7.3097E-10 8.5915E-10 9.8368E-10 1.1242E-09 1.2900E-09 1.4857E-09 1.7160E-09 1.9860E-09 2.3008E-09 2.6734E-09 3.1277E-09 3.6504E-09 4.2271E-09 5.0518E-09 6.0337E-09 7.1641E-09 8.7208E-09 2.0161E-08 5.5526E-08 8.6528E-08 5.6496E-08 4.8931E-08 4.5677E-08 4.5846E-08 4.7968E-08 4.9663E-08 5.0412E-08 5.0197E-08 4.8471E-08 4.5868E-08 4.2794E-08 3.9592E-08 3.6434E-08 3.3463E-08 3.0769E-08 2.8310E-08 2.6108E-08 2.4199E-08 2.2437E-08 2.0839E-08 1.9356E-08 1.7972E-08 1.6660E-08 1.5427E-08 1.4260E-08 1.3186E-08 1.2178E-08 1.1241E-08 1.0374E-08 9.5772E-09 8.8484E-09 8.1807E-09 7.5700E-09
3.8835E-10 4.2437E-10 4.7195E-10 5.5300E-10 6.6078E-10 7.7857E-10 9.0801E-10 1.0459E-09 1.2027E-09 1.3881E-09 1.6065E-09 1.8630E-09 2.1624E-09 2.5109E-09 2.9298E-09 3.4293E-09 3.9850E-09 4.5970E-09 5.4636E-09 6.7007E-09 8.1058E-09 2.0534E-08 5.4861E-08 1.0824E-07 6.2199E-08 5.2934E-08 5.0110E-08 5.1180E-08 5.3461E-08 5.6775E-08 5.7334E-08 5.6042E-08 5.3117E-08 4.9242E-08 4.4944E-08 4.0665E-08 3.6719E-08 3.3198E-08 3.0104E-08 2.7437E-08 2.5093E-08 2.3119E-08 2.1358E-08 1.9788E-08 1.8344E-08 1.7016E-08 1.5769E-08 1.4598E-08 1.3497E-08 1.2480E-08 1.1530E-08 1.0648E-08 9.8323E-09 9.0838E-09 8.3991E-09 7.7722E-09 7.2005E-09
3.5653E-10 3.8876E-10 4.3160E-10 5.0448E-10 6.0653E-10 7.0567E-10 8.2193E-10 9.6356E-10 1.1161E-09 1.2903E-09 1.4958E-09 1.7374E-09 2.0197E-09 2.3476E-09 2.7313E-09 3.1936E-09 3.7263E-09 4.3059E-09 5.0501E-09 6.0730E-09 7.4285E-09 1.9722E-08 5.0870E-08 1.1980E-07 6.6780E-08 5.7211E-08 5.6135E-08 6.0941E-08 6.5484E-08 6.8959E-08 6.8794E-08 6.5617E-08 6.0330E-08 5.4092E-08 4.7785E-08 4.2013E-08 3.6996E-08 3.2787E-08 2.9293E-08 2.6386E-08 2.3934E-08 2.1898E-08 2.0154E-08 1.8624E-08 1.7251E-08 1.5982E-08 1.4807E-08 1.3712E-08 1.2684E-08 1.1735E-08 1.0849E-08 1.0026E-08 9.2665E-09 8.5708E-09 7.9338E-09 7.3510E-09 6.8191E-09
3.2616E-10 3.5561E-10 3.9373E-10 4.5803E-10 5.5227E-10 6.4752E-10 7.4465E-10 8.7087E-10 1.0252E-09 1.1870E-09 1.3847E-09 1.6102E-09 1.8742E-09 2.1813E-09 2.5358E-09 2.9531E-09 3.4503E-09 4.0027E-09 4.7027E-09 5.5804E-09 6.5544E-09 1.7839E-08 4.3622E-08 1.0999E-07 6.9921E-08 6.1217E-08 6.5438E-08 7.3485E-08 8.4035E-08 8.8000E-08 8.6639E-08 8.0252E-08 7.1226E-08 6.1413E-08 5.2147E-08 4.4166E-08 3.7630E-08 3.2430E-08 2.8400E-08 2.5190E-08 2.2649E-08 2.0584E-08 1.8857E-08 1.7381E-08 1.6089E-08 1.4899E-08 1.3810E-08 1.2793E-08 1.1844E-08 1.0968E-08 1.0150E-08 9.3925E-09 8.6911E-09 8.0504E-09 7.4624E-09 6.9249E-09 6.4342E-09
2.9743E-10 3.2430E-10 3.5790E-10 4.1341E-10 4.9841E-10 5.8975E-10 6.8399E-10 7.8700E-10 9.2417E-10 1.0777E-09 1.2681E-09 1.4829E-09 1.7278E-09 2.0128E-09 2.3418E-09 2.7202E-09 3.1664E-09 3.6841E-09 4.3426E-09 5.1552E-09 6.0566E-09 1.2292E-08 3.5381E-08 9.4879E-08 7.1139E-08 6.4653E-08 7.9439E-08 9.7679E-08 1.1389E-07 1.1731E-07 1.1118E-07 9.8991E-08 8.4060E-08 6.9353E-08 5.6470E-08 4.5968E-08 3.7848E-08 3.1677E-08 2.7096E-08 2.3653E-08 2.1021E-08 1.8998E-08 1.7359E-08 1.5998E-08 1.4825E-08 1.3751E-08 1.2774E-08 1.1854E-08 1.0996E-08 1.0198E-08 9.4518E-09 8.7591E-09 8.1179E-09 7.5337E-09 6.9958E-09 6.5037E-09 6.0539E-09
2.7041E-10 2.9491E-10 3.2453E-10 3.7148E-10 4.4728E-10 5.3419E-10 6.2518E-10 7.1972E-10 8.3216E-10 9.8011E-10 1.1464E-09 1.3512E-09 1.5820E-09 1.8443E-09 2.1472E-09 2.4937E-09 2.8905E-09 3.3546E-09 3.9685E-09 4.7126E-09 5.6411E-09 1.0412E-08 2.8070E-08 7.6200E-08 7.1235E-08 7.7589E-08 1.1135E-07 1.4444E-07 1.6137E-07 1.5866E-07 1.4315E-07 1.2061E-07 9.7229E-08 7.6324E-08 5.9356E-08 4.6385E-08 3.6876E-08 3.0036E-08 2.5169E-08 2.1696E-08 1.9122E-08 1.7191E-08 1.5686E-08 1.4466E-08 1.3440E-08 1.2514E-08 1.1663E-08 1.0861E-08 1.0109E-08 9.4087E-09 8.7480E-09 8.1319E-09 7.5601E-09 7.0305E-09 6.5419E-09 6.0948E-09 5.6855E-09
2.4244E-10 2.6757E-10 2.9415E-10 3.3375E-10 3.9905E-10 4.7832E-10 5.6427E-10 6.5446E-10 7.5682E-10 8.7865E-10 1.0371E-09 1.2098E-09 1.4332E-09 1.6720E-09 1.9543E-09 2.2704E-09 2.6281E-09 3.0771E-09 3.5816E-09 4.2570E-09 5.0897E-09 6.2596E-09 2.0099E-08 6.1810E-08 7.4327E-08 1.0180E-07 1.6798E-07 2.1729E-07 2.2790E-07 2.0986E-07 1.7622E-07 1.3968E-07 1.0663E-07 7.9748E-08 5.9351E-08 4.4706E-08 3.4496E-08 2.7525E-08 2.2734E-08 1.9493E-08 1.7152E-08 1.5462E-08 1.4145E-08 1.3076E-08 1.2192E-08 1.1392E-08 1.0646E-08 9.9425E-09 9.2888E-09 8.6697E-09 8.0846E-09 7.5370E-09 7.0247E-09 6.5485E-09 6.1084E-09 5.7042E-09 5.3326E-09
2.1659E-10 2.3955E-10 2.6574E-10 2.9926E-10 3.5205E-10 4.2411E-10 5.0534E-10 5.9173E-10 6.8427E-10 7.9446E-10 9.2532E-10 1.0801E-09 1.2768E-09 1.5105E-09 1.7597E-09 2.0510E-09 2.3742E-09 2.7710E-09 3.2417E-09 3.7926E-09 4.5300E-09 5.7158E-09 1.1818E-08 4.6520E-08 8.1306E-08 1.6286E-07 2.8508E-07 3.1704E-07 2.9749E-07 2.5094E-07 1.9712E-07 1.4839E-07 1.0777E-07 7.7373E-08 5.5637E-08 4.0758E-08 3.0817E-08 2.4334E-08 2.0056E-08 1.7254E-08 1.5255E-08 1.3835E-08 1.2735E-08 1.1840E-08 1.1078E-08 1.0393E-08 9.7461E-09 9.1299E-09 8.5452E-09 7.9908E-09 7.4684E-09 6.9759E-09 6.5160E-09 6.0913E-09 5.6980E-09 5.3353E-09 4.9991E-09
