Assets/Resources/2015_m01_d28_1800(utc+0800)_l00_csi_1hr_conc.grd
DSAA
         159         159
     -79.000      79.000
     -79.000      79.000
  0.0000E+00  0.6345E-05
[rows 0 to 24 of 159, columns 0 to 56 of 159]
3.1588E-10 3.7967E-10 4.5477E-10 5.3818E-10 6.3672E-10 7.4462E-10 8.6837E-10 1.0082E-09 1.1624E-09 1.3365E-09 1.5291E-09 1.7380E-09 1.9684E-09 2.2178E-09 2.4837E-09 2.7676E-09 3.0690E-09 3.3848E-09 3.7115E-09 4.0465E-09 4.3888E-09 4.7341E-09 5.0765E-09 5.4105E-09 5.7318E-09 6.0366E-09 6.3188E-09 6.5741E-09 6.7964E-09 6.9811E-09 7.1249E-09 7.2248E-09 7.2783E-09 7.2843E-09 7.2420E-09 7.1519E-09 7.0154E-09 6.8342E-09 6.6133E-09 6.3561E-09 6.0668E-09 5.7503E-09 5.4129E-09 5.0602E-09 4.6978E-09 4.3309E-09 3.9629E-09 3.6007E-09 3.2496E-09 2.9112E-09 2.5884E-09 2.2873E-09 2.0042E-09 1.7468E-09 1.5099E-09 1.2968E-09 1.1033E-09
3.1469E-10 3.8043E-10 4.5843E-10 5.4475E-10 6.4624E-10 7.5953E-10 8.8938E-10 1.0338E-09 1.1975E-09 1.3817E-09 1.5833E-09 1.8069E-09 2.0527E-09 2.3166E-09 2.6012E-09 2.9072E-09 3.2310E-09 3.5696E-09 3.9219E-09 4.2869E-09 4.6596E-09 5.0340E-09 5.4051E-09 5.7701E-09 6.1235E-09 6.4589E-09 6.7694E-09 7.0496E-09 7.2947E-09 7.5001E-09 7.6610E-09 7.7728E-09 7.8345E-09 7.8438E-09 7.7997E-09 7.7034E-09 7.5561E-09 7.3606E-09 7.1207E-09 6.8402E-09 6.5248E-09 6.1805E-09 5.8124E-09 5.4276E-09 5.0318E-09 4.6308E-09 4.2312E-09 3.8383E-09 3.4559E-09 3.0868E-09 2.7389E-09 2.4121E-09 2.1073E-09 1.8274E-09 1.5738E-09 1.3467E-09 1.1424E-09
3.1172E-10 3.7955E-10 4.5941E-10 5.4740E-10 6.5275E-10 7.7090E-10 9.0446E-10 1.0558E-09 1.2290E-09 1.4204E-09 1.6335E-09 1.8710E-09 2.1286E-09 2.4092E-09 2.7143E-09 3.0406E-09 3.3856E-09 3.7495E-09 4.1310E-09 4.5252E-09 4.9262E-09 5.3310E-09 5.7360E-09 6.1349E-09 6.5201E-09 6.8854E-09 7.2255E-09 7.5341E-09 7.8045E-09 8.0322E-09 8.2112E-09 8.3379E-09 8.4092E-09 8.4235E-09 8.3798E-09 8.2783E-09 8.1209E-09 7.9104E-09 7.6506E-09 7.3465E-09 7.0039E-09 6.6288E-09 6.2274E-09 5.8078E-09 5.3767E-09 4.9405E-09 4.5070E-09 4.0781E-09 3.6618E-09 3.2643E-09 2.8872E-09 2.5322E-09 2.2055E-09 1.9052E-09 1.6341E-09 1.3909E-09 1.1763E-09
3.0633E-10 3.7583E-10 4.5719E-10 5.4707E-10 6.5646E-10 7.7776E-10 9.1541E-10 1.0739E-09 1.2531E-09 1.4527E-09 1.6780E-09 1.9261E-09 2.1973E-09 2.4965E-09 2.8196E-09 3.1647E-09 3.5331E-09 3.9243E-09 4.3331E-09 4.7544E-09 5.1868E-09 5.6260E-09 6.0648E-09 6.4960E-09 6.9143E-09 7.3133E-09 7.6860E-09 8.0243E-09 8.3217E-09 8.5727E-09 8.7715E-09 8.9144E-09 8.9969E-09 9.0155E-09 8.9714E-09 8.8643E-09 8.6961E-09 8.4697E-09 8.1896E-09 7.8611E-09 7.4899E-09 7.0834E-09 6.6489E-09 6.1942E-09 5.7274E-09 5.2543E-09 4.7827E-09 4.3196E-09 3.8709E-09 3.4415E-09 3.0325E-09 2.6533E-09 2.3030E-09 1.9790E-09 1.6893E-09 1.4310E-09 1.2043E-09
2.9912E-10 3.7006E-10 4.5182E-10 5.4352E-10 6.5600E-10 7.7900E-10 9.2205E-10 1.0861E-09 1.2700E-09 1.4794E-09 1.7142E-09 1.9720E-09 2.2588E-09 2.5734E-09 2.9128E-09 3.2788E-09 3.6724E-09 4.0884E-09 4.5231E-09 4.9753E-09 5.4410E-09 5.9126E-09 6.3843E-09 6.8511E-09 7.3056E-09 7.7394E-09 8.1445E-09 8.5141E-09 8.8401E-09 9.1175E-09 9.3390E-09 9.4993E-09 9.5942E-09 9.6216E-09 9.5803E-09 9.4698E-09 9.2923E-09 9.0512E-09 8.7504E-09 8.3963E-09 7.9958E-09 7.5565E-09 7.0866E-09 6.5938E-09 6.0862E-09 5.5739E-09 5.0645E-09 4.5644E-09 4.0787E-09 3.6138E-09 3.1766E-09 2.7696E-09 2.3915E-09 2.0505E-09 1.7396E-09 1.4664E-09 1.2267E-09
2.9025E-10 3.6119E-10 4.4333E-10 5.3703E-10 6.5100E-10 7.7624E-10 9.2401E-10 1.0913E-09 1.2819E-09 1.4994E-09 1.7408E-09 2.0105E-09 2.3111E-09 2.6387E-09 2.9954E-09 3.3836E-09 3.7991E-09 4.2383E-09 4.7017E-09 5.1853E-09 5.6818E-09 6.1864E-09 6.6942E-09 7.1980E-09 7.6882E-09 8.1576E-09 8.5982E-09 9.0015E-09 9.3599E-09 9.6644E-09 9.9088E-09 1.0088E-08 1.0197E-08 1.0234E-08 1.0194E-08 1.0079E-08 9.8918E-09 9.6346E-09 9.3128E-09 8.9328E-09 8.5020E-09 8.0286E-09 7.5217E-09 6.9906E-09 6.4450E-09 5.8932E-09 5.3441E-09 4.8053E-09 4.2836E-09 3.7866E-09 3.3195E-09 2.8806E-09 2.4808E-09 2.1178E-09 1.7876E-09 1.4971E-09 1.2450E-09
2.7985E-10 3.5034E-10 4.3239E-10 5.2733E-10 6.4141E-10 7.6957E-10 9.1979E-10 1.0896E-09 1.2868E-09 1.5096E-09 1.7583E-09 2.0397E-09 2.3506E-09 2.6914E-09 3.0671E-09 3.4742E-09 3.9095E-09 4.3748E-09 4.8667E-09 5.3784E-09 5.9067E-09 6.4468E-09 6.9906E-09 7.5296E-09 8.0573E-09 8.5641E-09 9.0424E-09 9.4807E-09 9.8705E-09 1.0204E-08 1.0475E-08 1.0676E-08 1.0801E-08 1.0847E-08 1.0812E-08 1.0696E-08 1.0501E-08 1.0229E-08 9.8877E-09 9.4819E-09 9.0206E-09 8.5126E-09 7.9685E-09 7.3974E-09 6.8098E-09 6.2153E-09 5.6250E-09 5.0475E-09 4.4896E-09 3.9563E-09 3.4533E-09 2.9890E-09 2.5647E-09 2.1762E-09 1.8316E-09 1.5235E-09 1.2583E-09
2.6799E-10 3.3731E-10 4.1892E-10 5.1424E-10 6.2806E-10 7.5832E-10 9.0949E-10 1.0827E-09 1.2847E-09 1.5106E-09 1.7680E-09 2.0578E-09 2.3773E-09 2.7333E-09 3.1246E-09 3.5475E-09 4.0050E-09 4.4951E-09 5.0117E-09 5.5525E-09 6.1138E-09 6.6873E-09 7.2656E-09 7.8418E-09 8.4087E-09 8.9544E-09 9.4684E-09 9.9424E-09 1.0368E-08 1.0734E-08 1.1031E-08 1.1254E-08 1.1396E-08 1.1453E-08 1.1424E-08 1.1307E-08 1.1103E-08 1.0817E-08 1.0455E-08 1.0024E-08 9.5320E-09 8.9892E-09 8.4065E-09 7.7953E-09 7.1668E-09 6.5315E-09 5.9002E-09 5.2827E-09 4.6856E-09 4.1179E-09 3.5879E-09 3.0962E-09 2.6408E-09 2.2352E-09 1.8718E-09 1.5483E-09 1.2686E-09
2.5433E-10 3.2211E-10 4.0300E-10 4.9768E-10 6.1076E-10 7.4215E-10 8.9343E-10 1.0697E-09 1.2737E-09 1.5032E-09 1.7677E-09 2.0625E-09 2.3925E-09 2.7610E-09 3.1641E-09 3.6045E-09 4.0826E-09 4.5932E-09 5.1348E-09 5.7050E-09 6.2960E-09 6.9009E-09 7.5155E-09 8.1306E-09 8.7341E-09 9.3170E-09 9.8699E-09 1.0383E-08 1.0843E-08 1.1240E-08 1.1566E-08 1.1814E-08 1.1975E-08 1.2047E-08 1.2025E-08 1.1910E-08 1.1702E-08 1.1405E-08 1.1024E-08 1.0569E-08 1.0047E-08 9.4708E-09 8.8505E-09 8.1988E-09 7.5279E-09 6.8499E-09 6.1757E-09 5.5166E-09 4.8825E-09 4.2801E-09 3.7139E-09 3.1885E-09 2.7165E-09 2.2889E-09 1.9044E-09 1.5699E-09 1.2744E-09
2.3899E-10 3.0523E-10 3.8440E-10 4.7777E-10 5.8980E-10 7.2087E-10 8.7164E-10 1.0498E-09 1.2540E-09 1.4875E-09 1.7558E-09 2.0553E-09 2.3945E-09 2.7712E-09 3.1861E-09 3.6426E-09 4.1368E-09 4.6671E-09 5.2334E-09 5.8283E-09 6.4473E-09 7.0857E-09 7.7352E-09 8.3839E-09 9.0245E-09 9.6473E-09 1.0239E-08 1.0789E-08 1.1285E-08 1.1716E-08 1.2074E-08 1.2349E-08 1.2533E-08 1.2620E-08 1.2607E-08 1.2495E-08 1.2283E-08 1.1976E-08 1.1579E-08 1.1100E-08 1.0550E-08 9.9400E-09 9.2824E-09 8.5903E-09 7.8772E-09 7.1565E-09 6.4406E-09 5.7411E-09 5.0677E-09 4.4295E-09 3.8335E-09 3.2855E-09 2.7858E-09 2.3318E-09 1.9387E-09 1.5886E-09 1.2839E-09
2.2243E-10 2.8687E-10 3.6355E-10 4.5527E-10 5.6538E-10 6.9485E-10 8.4473E-10 1.0231E-09 1.2271E-09 1.4627E-09 1.7316E-09 2.0366E-09 2.3813E-09 2.7638E-09 3.1900E-09 3.6582E-09 4.1660E-09 4.7153E-09 5.3015E-09 5.9192E-09 6.5665E-09 7.2348E-09 7.9143E-09 8.5989E-09 9.2781E-09 9.9382E-09 1.0568E-08 1.1155E-08 1.1688E-08 1.2157E-08 1.2547E-08 1.2850E-08 1.3057E-08 1.3163E-08 1.3164E-08 1.3058E-08 1.2847E-08 1.2534E-08 1.2123E-08 1.1624E-08 1.1047E-08 1.0405E-08 9.7113E-09 8.9796E-09 8.2257E-09 7.4626E-09 6.7041E-09 5.9632E-09 5.2509E-09 4.5776E-09 3.9483E-09 3.3685E-09 2.8438E-09 2.3779E-09 1.9647E-09 1.6028E-09 1.2915E-09
2.0081E-10 2.6718E-10 3.4108E-10 4.3084E-10 5.3795E-10 6.6517E-10 8.1312E-10 9.8976E-10 1.1929E-09 1.4285E-09 1.6979E-09 2.0057E-09 2.3517E-09 2.7403E-09 3.1739E-09 3.6494E-09 4.1706E-09 4.7349E-09 5.3369E-09 5.9768E-09 6.6486E-09 7.3430E-09 8.0539E-09 8.7726E-09 9.4858E-09 1.0182E-08 1.0849E-08 1.1477E-08 1.2049E-08 1.2553E-08 1.2976E-08 1.3309E-08 1.3545E-08 1.3673E-08 1.3691E-08 1.3594E-08 1.3385E-08 1.3066E-08 1.2643E-08 1.2126E-08 1.1525E-08 1.0852E-08 1.0124E-08 9.3538E-09 8.5586E-09 7.7537E-09 6.9541E-09 6.1734E-09 5.4234E-09 4.7150E-09 4.0551E-09 3.4506E-09 2.9044E-09 2.4168E-09 1.9857E-09 1.6182E-09 1.2958E-09
1.7908E-10 2.4440E-10 3.1737E-10 4.0479E-10 5.0827E-10 6.3266E-10 7.7723E-10 9.5149E-10 1.1520E-09 1.3849E-09 1.6540E-09 1.9615E-09 2.3078E-09 2.6999E-09 3.1363E-09 3.6190E-09 4.1498E-09 4.7234E-09 5.3409E-09 6.0003E-09 6.6917E-09 7.4104E-09 8.1508E-09 8.8994E-09 9.6451E-09 1.0378E-08 1.1085E-08 1.1750E-08 1.2359E-08 1.2899E-08 1.3360E-08 1.3729E-08 1.3993E-08 1.4145E-08 1.4180E-08 1.4097E-08 1.3894E-08 1.3574E-08 1.3144E-08 1.2612E-08 1.1989E-08 1.1290E-08 1.0529E-08 9.7230E-09 8.8895E-09 8.0452E-09 7.2048E-09 6.3849E-09 5.5972E-09 4.8534E-09 4.1624E-09 3.5295E-09 2.9577E-09 2.4508E-09 2.0099E-09 1.6281E-09 1.3001E-09
1.5650E-10 2.1745E-10 2.9036E-10 3.7731E-10 4.7695E-10 5.9725E-10 7.3750E-10 9.0834E-10 1.1045E-09 1.3344E-09 1.6004E-09 1.9048E-09 2.2507E-09 2.6423E-09 3.0789E-09 3.5665E-09 4.1017E-09 4.6832E-09 5.3143E-09 5.9863E-09 6.6947E-09 7.4369E-09 8.2018E-09 8.9775E-09 9.7551E-09 1.0523E-08 1.1265E-08 1.1967E-08 1.2615E-08 1.3196E-08 1.3695E-08 1.4097E-08 1.4392E-08 1.4572E-08 1.4632E-08 1.4566E-08 1.4373E-08 1.4057E-08 1.3622E-08 1.3077E-08 1.2437E-08 1.1713E-08 1.0923E-08 1.0084E-08 9.2134E-09 8.3299E-09 7.4506E-09 6.5916E-09 5.7668E-09 4.9888E-09 4.2665E-09 3.6070E-09 3.0143E-09 2.4892E-09 2.0290E-09 1.6325E-09 1.3019E-09
1.3354E-10 1.9105E-10 2.5921E-10 3.4618E-10 4.4383E-10 5.5969E-10 6.9494E-10 8.6082E-10 1.0515E-09 1.2771E-09 1.5376E-09 1.8377E-09 2.1800E-09 2.5675E-09 3.0041E-09 3.4916E-09 4.0267E-09 4.6158E-09 5.2535E-09 5.9342E-09 6.6594E-09 7.4193E-09 8.2032E-09 9.0046E-09 9.8129E-09 1.0612E-08 1.1388E-08 1.2129E-08 1.2817E-08 1.3437E-08 1.3973E-08 1.4412E-08 1.4744E-08 1.4958E-08 1.5044E-08 1.4998E-08 1.4820E-08 1.4510E-08 1.4077E-08 1.3528E-08 1.2874E-08 1.2130E-08 1.1314E-08 1.0443E-08 9.5380E-09 8.6173E-09 7.6991E-09 6.8016E-09 5.9403E-09 5.1275E-09 4.3740E-09 3.6863E-09 3.0682E-09 2.5212E-09 2.0469E-09 1.6433E-09 1.3012E-09
1.1352E-10 1.6474E-10 2.2819E-10 3.1220E-10 4.0608E-10 5.2084E-10 6.5015E-10 8.1012E-10 9.9477E-10 1.2140E-09 1.4660E-09 1.7612E-09 2.0968E-09 2.4784E-09 2.9112E-09 3.3938E-09 3.9296E-09 4.5203E-09 5.1591E-09 5.8490E-09 6.5850E-09 7.3563E-09 8.1586E-09 8.9846E-09 9.8180E-09 1.0645E-08 1.1455E-08 1.2233E-08 1.2960E-08 1.3619E-08 1.4198E-08 1.4680E-08 1.5050E-08 1.5297E-08 1.5414E-08 1.5393E-08 1.5236E-08 1.4942E-08 1.4514E-08 1.3961E-08 1.3297E-08 1.2536E-08 1.1696E-08 1.0797E-08 9.8588E-09 8.9020E-09 7.9469E-09 7.0119E-09 6.1140E-09 5.2667E-09 4.4807E-09 3.7650E-09 3.1243E-09 2.5600E-09 2.0712E-09 1.6516E-09 1.2996E-09
9.4477E-11 1.4165E-10 1.9838E-10 2.7632E-10 3.6675E-10 4.7789E-10 6.0377E-10 7.5763E-10 9.3485E-10 1.1462E-09 1.3895E-09 1.6778E-09 2.0027E-09 2.3782E-09 2.8041E-09 3.2786E-09 3.8114E-09 4.3977E-09 5.0361E-09 5.7305E-09 6.4704E-09 7.2509E-09 8.0701E-09 8.9127E-09 9.7659E-09 1.0622E-08 1.1465E-08 1.2277E-08 1.3042E-08 1.3744E-08 1.4366E-08 1.4889E-08 1.5300E-08 1.5586E-08 1.5741E-08 1.5752E-08 1.5619E-08 1.5340E-08 1.4921E-08 1.4373E-08 1.3705E-08 1.2932E-08 1.2074E-08 1.1150E-08 1.0181E-08 9.1910E-09 8.2003E-09 7.2288E-09 6.2940E-09 5.4120E-09 4.5948E-09 3.8511E-09 3.1855E-09 2.5999E-09 2.0923E-09 1.6631E-09 1.3065E-09
7.6310E-11 1.2022E-10 1.7154E-10 2.4264E-10 3.2606E-10 4.3371E-10 5.5641E-10 7.0457E-10 8.7430E-10 1.0763E-09 1.3099E-09 1.5880E-09 1.9016E-09 2.2685E-09 2.6817E-09 3.1481E-09 3.6722E-09 4.2490E-09 4.8860E-09 5.5781E-09 6.3172E-09 7.1054E-09 7.9327E-09 8.7866E-09 9.6609E-09 1.0542E-08 1.1412E-08 1.2256E-08 1.3059E-08 1.3802E-08 1.4465E-08 1.5032E-08 1.5488E-08 1.5819E-08 1.6012E-08 1.6058E-08 1.5953E-08 1.5700E-08 1.5300E-08 1.4760E-08 1.4092E-08 1.3311E-08 1.2438E-08 1.1492E-08 1.0497E-08 9.4759E-09 8.4514E-09 7.4448E-09 6.4751E-09 5.5599E-09 4.7118E-09 3.9402E-09 3.2504E-09 2.6456E-09 2.1249E-09 1.6836E-09 1.3130E-09
6.2877E-11 1.0065E-10 1.4754E-10 2.1401E-10 2.9019E-10 3.8875E-10 5.0639E-10 6.5176E-10 8.1291E-10 1.0039E-09 1.2285E-09 1.4945E-09 1.7959E-09 2.1496E-09 2.5478E-09 3.0035E-09 3.5139E-09 4.0809E-09 4.7098E-09 5.3916E-09 6.1285E-09 6.9177E-09 7.7468E-09 8.6106E-09 9.4997E-09 1.0398E-08 1.1292E-08 1.2167E-08 1.3006E-08 1.3786E-08 1.4490E-08 1.5103E-08 1.5606E-08 1.5981E-08 1.6215E-08 1.6304E-08 1.6238E-08 1.6014E-08 1.5635E-08 1.5108E-08 1.4447E-08 1.3666E-08 1.2784E-08 1.1823E-08 1.0807E-08 9.7590E-09 8.7038E-09 7.6648E-09 6.6630E-09 5.7151E-09 4.8363E-09 4.0368E-09 3.3236E-09 2.6986E-09 2.1603E-09 1.7050E-09 1.3283E-09
5.1168E-11 8.5618E-11 1.2814E-10 1.8658E-10 2.5546E-10 3.4873E-10 4.5641E-10 5.9307E-10 7.5294E-10 9.3312E-10 1.1464E-09 1.3976E-09 1.6862E-09 2.0248E-09 2.4080E-09 2.8491E-09 3.3416E-09 3.8957E-09 4.5091E-09 5.1787E-09 5.9088E-09 6.6906E-09 7.5174E-09 8.3862E-09 9.2825E-09 1.0193E-08 1.1109E-08 1.2011E-08 1.2878E-08 1.3694E-08 1.4442E-08 1.5099E-08 1.5646E-08 1.6068E-08 1.6353E-08 1.6486E-08 1.6458E-08 1.6269E-08 1.5919E-08 1.5417E-08 1.4771E-08 1.3996E-08 1.3112E-08 1.2141E-08 1.1108E-08 1.0038E-08 8.9566E-09 7.8885E-09 6.8559E-09 5.8774E-09 4.9697E-09 4.1444E-09 3.4072E-09 2.7622E-09 2.2082E-09 1.7405E-09 1.3507E-09
4.7575E-11 7.3402E-11 1.0793E-10 1.6440E-10 2.2602E-10 3.0863E-10 4.0870E-10 5.3757E-10 6.8871E-10 8.6299E-10 1.0643E-09 1.3013E-09 1.5757E-09 1.8963E-09 2.2634E-09 2.6845E-09 3.1577E-09 3.6953E-09 4.2892E-09 4.9445E-09 5.6604E-09 6.4280E-09 7.2496E-09 8.1151E-09 9.0113E-09 9.9335E-09 1.0864E-08 1.1783E-08 1.2678E-08 1.3530E-08 1.4315E-08 1.5011E-08 1.5607E-08 1.6081E-08 1.6412E-08 1.6591E-08 1.6610E-08 1.6464E-08 1.6152E-08 1.5677E-08 1.5050E-08 1.4289E-08 1.3410E-08 1.2437E-08 1.1395E-08 1.0310E-08 9.2071E-09 8.1137E-09 7.0537E-09 6.0489E-09 5.1138E-09 4.2629E-09 3.5026E-09 2.8373E-09 2.2653E-09 1.7818E-09 1.3773E-09
4.3492E-11 6.7185E-11 9.7133E-11 1.4253E-10 1.9954E-10 2.7650E-10 3.6593E-10 4.8123E-10 6.2317E-10 7.9290E-10 9.8381E-10 1.2055E-09 1.4643E-09 1.7655E-09 2.1144E-09 2.5136E-09 2.9678E-09 3.4827E-09 4.0536E-09 4.6895E-09 5.3846E-09 6.1371E-09 6.9460E-09 7.8004E-09 8.6953E-09 9.6192E-09 1.0555E-08 1.1490E-08 1.2409E-08 1.3286E-08 1.4104E-08 1.4846E-08 1.5487E-08 1.6006E-08 1.6387E-08 1.6619E-08 1.6690E-08 1.6590E-08 1.6318E-08 1.5882E-08 1.5287E-08 1.4549E-08 1.3686E-08 1.2718E-08 1.1672E-08 1.0576E-08 9.4580E-09 8.3451E-09 7.2628E-09 6.2326E-09 5.2744E-09 4.3995E-09 3.6172E-09 2.9314E-09 2.3418E-09 1.8422E-09 1.4227E-09
3.9440E-11 6.1447E-11 8.6218E-11 1.2881E-10 1.7560E-10 2.4587E-10 3.2773E-10 4.3340E-10 5.6101E-10 7.1414E-10 9.0201E-10 1.1101E-09 1.3522E-09 1.6344E-09 1.9629E-09 2.3381E-09 2.7709E-09 3.2596E-09 3.8074E-09 4.4195E-09 5.0890E-09 5.8212E-09 6.6106E-09 7.4499E-09 8.3356E-09 9.2529E-09 1.0190E-08 1.1136E-08 1.2068E-08 1.2968E-08 1.3820E-08 1.4598E-08 1.5279E-08 1.5846E-08 1.6282E-08 1.6568E-08 1.6690E-08 1.6644E-08 1.6425E-08 1.6033E-08 1.5477E-08 1.4769E-08 1.3924E-08 1.2971E-08 1.1931E-08 1.0833E-08 9.7075E-09 8.5818E-09 7.4818E-09 6.4328E-09 5.4519E-09 4.5546E-09 3.7502E-09 3.0428E-09 2.4337E-09 1.9133E-09 1.4751E-09
3.4975E-11 5.5028E-11 7.8656E-11 1.1426E-10 1.5670E-10 2.1765E-10 2.9072E-10 3.8671E-10 5.0366E-10 6.4506E-10 8.1425E-10 1.0147E-09 1.2417E-09 1.5043E-09 1.8126E-09 2.1635E-09 2.5720E-09 3.0328E-09 3.5548E-09 4.1368E-09 4.7796E-09 5.4875E-09 6.2506E-09 7.0706E-09 7.9396E-09 8.8440E-09 9.7783E-09 1.0724E-08 1.1664E-08 1.2584E-08 1.3460E-08 1.4268E-08 1.4992E-08 1.5608E-08 1.6096E-08 1.6437E-08 1.6619E-08 1.6631E-08 1.6468E-08 1.6127E-08 1.5615E-08 1.4948E-08 1.4138E-08 1.3207E-08 1.2183E-08 1.1093E-08 9.9651E-09 8.8327E-09 7.7208E-09 6.6546E-09 5.6544E-09 4.7363E-09 3.9107E-09 3.1830E-09 2.5512E-09 2.0094E-09 1.5562E-09
2.9400E-11 4.9222E-11 7.0314E-11 1.0297E-10 1.3906E-10 1.9331E-10 2.5857E-10 3.4527E-10 4.4926E-10 5.7655E-10 7.3274E-10 9.1634E-10 1.1322E-09 1.3776E-09 1.6641E-09 1.9904E-09 2.3730E-09 2.8050E-09 3.2989E-09 3.8500E-09 4.4651E-09 5.1404E-09 5.8752E-09 6.6702E-09 7.5142E-09 8.4026E-09 9.3250E-09 1.0264E-08 1.1208E-08 1.2139E-08 1.3032E-08 1.3871E-08 1.4632E-08 1.5292E-08 1.5831E-08 1.6229E-08 1.6473E-08 1.6546E-08 1.6441E-08 1.6160E-08 1.5705E-08 1.5082E-08 1.4312E-08 1.3413E-08 1.2411E-08 1.1337E-08 1.0218E-08 9.0861E-09 7.9688E-09 6.8924E-09 5.8768E-09 4.9419E-09 4.0963E-09 3.3454E-09 2.6878E-09 2.1222E-09 1.6478E-09
