Assets/Resources/2015_m01_d17_0400(utc+0800)_l00_csi_1hr_conc.grd
DSAA
         159         159
     -79.000      79.000
     -79.000      79.000
  0.0000E+00  0.2094E-04
[rows 0 to 24 of 159, columns 57 to 113 of 159]
6.9078E-10 7.7963E-10 8.7666E-10 9.8206E-10 1.0937E-09 1.2127E-09 1.3395E-09 1.4722E-09 1.6105E-09 1.7536E-09 1.9009E-09 2.0516E-09 2.2030E-09 2.3544E-09 2.5050E-09 2.6534E-09 2.7968E-09 2.9336E-09 3.0625E-09 3.1829E-09 3.2929E-09 3.3900E-09 3.4728E-09 3.5406E-09 3.5926E-09 3.6285E-09 3.6479E-09 3.6499E-09 3.6345E-09 3.6014E-09 3.5516E-09 3.4858E-09 3.4050E-09 3.3103E-09 3.2031E-09 3.0847E-09 2.9568E-09 2.8207E-09 2.6780E-09 2.5306E-09 2.3798E-09 2.2273E-09 2.0747E-09 1.9233E-09 1.7743E-09 1.6291E-09 1.4886E-09 1.3534E-09 1.2249E-09 1.1030E-09 9.8844E-10 8.8146E-10 7.8238E-10 6.9113E-10 6.0748E-10 5.3141E-10 4.6215E-10
7.2729E-10 8.2208E-10 9.2606E-10 1.0368E-09 1.1558E-09 1.2835E-09 1.4181E-09 1.5595E-09 1.7071E-09 1.8604E-09 2.0183E-09 2.1785E-09 2.3404E-09 2.5035E-09 2.6656E-09 2.8239E-09 2.9772E-09 3.1248E-09 3.2649E-09 3.3946E-09 3.5120E-09 3.6159E-09 3.7055E-09 3.7798E-09 3.8376E-09 3.8774E-09 3.8984E-09 3.9005E-09 3.8840E-09 3.8491E-09 3.7964E-09 3.7274E-09 3.6421E-09 3.5418E-09 3.4278E-09 3.3016E-09 3.1648E-09 3.0191E-09 2.8664E-09 2.7082E-09 2.5466E-09 2.3831E-09 2.2193E-09 2.0567E-09 1.8970E-09 1.7414E-09 1.5906E-09 1.4458E-09 1.3077E-09 1.1769E-09 1.0542E-09 9.3944E-10 8.3305E-10 7.3542E-10 6.4588E-10 5.6457E-10 4.9085E-10
7.6350E-10 8.6500E-10 9.7381E-10 1.0913E-09 1.2186E-09 1.3535E-09 1.4965E-09 1.6470E-09 1.8044E-09 1.9680E-09 2.1354E-09 2.3063E-09 2.4802E-09 2.6543E-09 2.8265E-09 2.9960E-09 3.1613E-09 3.3200E-09 3.4693E-09 3.6075E-09 3.7338E-09 3.8466E-09 3.9443E-09 4.0251E-09 4.0874E-09 4.1304E-09 4.1536E-09 4.1573E-09 4.1418E-09 4.1066E-09 4.0522E-09 3.9792E-09 3.8884E-09 3.7816E-09 3.6600E-09 3.5255E-09 3.3796E-09 3.2243E-09 3.0613E-09 2.8926E-09 2.7201E-09 2.5456E-09 2.3707E-09 2.1971E-09 2.0264E-09 1.8598E-09 1.6985E-09 1.5435E-09 1.3960E-09 1.2562E-09 1.1248E-09 1.0021E-09 8.8821E-10 7.8340E-10 6.8727E-10 6.0059E-10 5.2199E-10
8.0012E-10 9.0591E-10 1.0207E-09 1.1460E-09 1.2798E-09 1.4228E-09 1.5744E-09 1.7340E-09 1.9015E-09 2.0742E-09 2.2523E-09 2.4352E-09 2.6198E-09 2.8044E-09 2.9886E-09 3.1703E-09 3.3465E-09 3.5150E-09 3.6744E-09 3.8234E-09 3.9597E-09 4.0810E-09 4.1856E-09 4.2719E-09 4.3389E-09 4.3864E-09 4.4135E-09 4.4194E-09 4.4034E-09 4.3662E-09 4.3085E-09 4.2312E-09 4.1355E-09 4.0227E-09 3.8944E-09 3.7521E-09 3.5974E-09 3.4325E-09 3.2593E-09 3.0799E-09 2.8961E-09 2.7101E-09 2.5237E-09 2.3385E-09 2.1564E-09 1.9787E-09 1.8067E-09 1.6415E-09 1.4840E-09 1.3349E-09 1.1948E-09 1.0645E-09 9.4307E-10 8.3160E-10 7.2919E-10 6.3618E-10 5.5236E-10
8.3452E-10 9.4544E-10 1.0674E-09 1.1984E-09 1.3399E-09 1.4908E-09 1.6508E-09 1.8202E-09 1.9962E-09 2.1794E-09 2.3691E-09 2.5622E-09 2.7575E-09 2.9547E-09 3.1509E-09 3.3435E-09 3.5303E-09 3.7103E-09 3.8812E-09 4.0404E-09 4.1860E-09 4.3154E-09 4.4273E-09 4.5207E-09 4.5943E-09 4.6467E-09 4.6764E-09 4.6834E-09 4.6677E-09 4.6299E-09 4.5709E-09 4.4908E-09 4.3909E-09 4.2725E-09 4.1371E-09 3.9865E-09 3.8228E-09 3.6481E-09 3.4645E-09 3.2741E-09 3.0791E-09 2.8817E-09 2.6836E-09 2.4869E-09 2.2932E-09 2.1041E-09 1.9209E-09 1.7449E-09 1.5773E-09 1.4186E-09 1.2693E-09 1.1301E-09 1.0010E-09 8.8253E-10 7.7373E-10 6.7496E-10 5.8537E-10
8.6717E-10 9.8429E-10 1.1115E-09 1.2496E-09 1.3980E-09 1.5566E-09 1.7257E-09 1.9030E-09 2.0890E-09 2.2832E-09 2.4827E-09 2.6866E-09 2.8944E-09 3.1030E-09 3.3101E-09 3.5139E-09 3.7130E-09 3.9047E-09 4.0864E-09 4.2558E-09 4.4104E-09 4.5491E-09 4.6698E-09 4.7705E-09 4.8495E-09 4.9055E-09 4.9383E-09 4.9480E-09 4.9339E-09 4.8961E-09 4.8346E-09 4.7508E-09 4.6459E-09 4.5213E-09 4.3791E-09 4.2208E-09 4.0486E-09 3.8646E-09 3.6708E-09 3.4697E-09 3.2636E-09 3.0545E-09 2.8447E-09 2.6361E-09 2.4307E-09 2.2300E-09 2.0358E-09 1.8489E-09 1.6708E-09 1.5022E-09 1.3437E-09 1.1962E-09 1.0591E-09 9.3291E-10 8.1744E-10 7.1266E-10 6.1786E-10
8.9849E-10 1.0208E-09 1.1538E-09 1.2982E-09 1.4533E-09 1.6203E-09 1.7968E-09 1.9831E-09 2.1794E-09 2.3829E-09 2.5927E-09 2.8085E-09 3.0272E-09 3.2467E-09 3.4654E-09 3.6816E-09 3.8923E-09 4.0953E-09 4.2878E-09 4.4675E-09 4.6327E-09 4.7809E-09 4.9096E-09 5.0168E-09 5.1017E-09 5.1635E-09 5.2008E-09 5.2126E-09 5.1989E-09 5.1602E-09 5.0972E-09 5.0111E-09 4.9028E-09 4.7737E-09 4.6253E-09 4.4595E-09 4.2787E-09 4.0851E-09 3.8812E-09 3.6692E-09 3.4517E-09 3.2310E-09 3.0094E-09 2.7889E-09 2.5716E-09 2.3594E-09 2.1536E-09 1.9558E-09 1.7671E-09 1.5884E-09 1.4203E-09 1.2635E-09 1.1180E-09 9.8446E-10 8.6228E-10 7.5103E-10 6.5076E-10
9.2821E-10 1.0546E-09 1.1935E-09 1.3438E-09 1.5063E-09 1.6799E-09 1.8643E-09 2.0600E-09 2.2650E-09 2.4780E-09 2.6990E-09 2.9251E-09 3.1542E-09 3.3853E-09 3.6160E-09 3.8437E-09 4.0660E-09 4.2801E-09 4.4839E-09 4.6746E-09 4.8500E-09 5.0069E-09 5.1435E-09 5.2590E-09 5.3511E-09 5.4185E-09 5.4598E-09 5.4743E-09 5.4632E-09 5.4261E-09 5.3632E-09 5.2750E-09 5.1628E-09 5.0283E-09 4.8735E-09 4.7004E-09 4.5114E-09 4.3089E-09 4.0953E-09 3.8730E-09 3.6446E-09 3.4124E-09 3.1790E-09 2.9466E-09 2.7173E-09 2.4932E-09 2.2762E-09 2.0673E-09 1.8679E-09 1.6790E-09 1.5013E-09 1.3354E-09 1.1814E-09 1.0394E-09 9.0961E-10 7.9190E-10 6.8570E-10
9.5468E-10 1.0863E-09 1.2302E-09 1.3862E-09 1.5551E-09 1.7352E-09 1.9281E-09 2.1318E-09 2.3452E-09 2.5685E-09 2.7990E-09 3.0349E-09 3.2752E-09 3.5176E-09 3.7594E-09 3.9986E-09 4.2322E-09 4.4578E-09 4.6727E-09 4.8741E-09 5.0587E-09 5.2251E-09 5.3713E-09 5.4948E-09 5.5936E-09 5.6660E-09 5.7127E-09 5.7322E-09 5.7236E-09 5.6867E-09 5.6225E-09 5.5322E-09 5.4174E-09 5.2793E-09 5.1198E-09 4.9408E-09 4.7446E-09 4.5337E-09 4.3106E-09 4.0783E-09 3.8390E-09 3.5956E-09 3.3507E-09 3.1064E-09 2.8652E-09 2.6291E-09 2.3998E-09 2.1791E-09 1.9683E-09 1.7685E-09 1.5808E-09 1.4058E-09 1.2435E-09 1.0937E-09 9.5709E-10 8.3228E-10 7.1994E-10
9.7879E-10 1.1150E-09 1.2631E-09 1.4252E-09 1.5992E-09 1.7867E-09 1.9865E-09 2.1976E-09 2.4201E-09 2.6520E-09 2.8915E-09 3.1377E-09 3.3884E-09 3.6412E-09 3.8933E-09 4.1446E-09 4.3894E-09 4.6262E-09 4.8518E-09 5.0631E-09 5.2585E-09 5.4349E-09 5.5899E-09 5.7206E-09 5.8272E-09 5.9076E-09 5.9593E-09 5.9817E-09 5.9752E-09 5.9405E-09 5.8779E-09 5.7877E-09 5.6710E-09 5.5291E-09 5.3644E-09 5.1790E-09 4.9754E-09 4.7562E-09 4.5241E-09 4.2818E-09 4.0322E-09 3.7780E-09 3.5218E-09 3.2661E-09 3.0134E-09 2.7659E-09 2.5255E-09 2.2938E-09 2.0723E-09 1.8619E-09 1.6635E-09 1.4782E-09 1.3064E-09 1.1485E-09 1.0045E-09 8.7362E-10 7.5567E-10
1.0004E-09 1.1398E-09 1.2930E-09 1.4593E-09 1.6390E-09 1.8326E-09 2.0387E-09 2.2577E-09 2.4876E-09 2.7275E-09 2.9762E-09 3.2317E-09 3.4921E-09 3.7545E-09 4.0183E-09 4.2796E-09 4.5356E-09 4.7828E-09 5.0189E-09 5.2411E-09 5.4468E-09 5.6323E-09 5.7961E-09 5.9369E-09 6.0515E-09 6.1379E-09 6.1958E-09 6.2244E-09 6.2233E-09 6.1916E-09 6.1296E-09 6.0387E-09 5.9203E-09 5.7757E-09 5.6075E-09 5.4179E-09 5.2092E-09 4.9834E-09 4.7435E-09 4.4922E-09 4.2328E-09 3.9678E-09 3.7002E-09 3.4326E-09 3.1677E-09 2.9079E-09 2.6552E-09 2.4116E-09 2.1791E-09 1.9584E-09 1.7505E-09 1.5560E-09 1.3753E-09 1.2082E-09 1.0557E-09 9.1720E-10 7.9306E-10
1.0186E-09 1.1613E-09 1.3185E-09 1.4886E-09 1.6739E-09 1.8726E-09 2.0851E-09 2.3103E-09 2.5472E-09 2.7947E-09 3.0516E-09 3.3156E-09 3.5846E-09 3.8569E-09 4.1311E-09 4.4017E-09 4.6683E-09 4.9259E-09 5.1725E-09 5.4053E-09 5.6200E-09 5.8163E-09 5.9904E-09 6.1396E-09 6.2622E-09 6.3565E-09 6.4218E-09 6.4560E-09 6.4583E-09 6.4292E-09 6.3697E-09 6.2810E-09 6.1638E-09 6.0192E-09 5.8490E-09 5.6553E-09 5.4408E-09 5.2082E-09 4.9605E-09 4.7006E-09 4.4315E-09 4.1564E-09 3.8782E-09 3.5995E-09 3.3233E-09 3.0519E-09 2.7873E-09 2.5317E-09 2.2868E-09 2.0544E-09 1.8355E-09 1.6313E-09 1.4422E-09 1.2678E-09 1.1080E-09 9.6225E-10 8.3080E-10
1.0330E-09 1.1793E-09 1.3390E-09 1.5137E-09 1.7029E-09 1.9063E-09 2.1241E-09 2.3549E-09 2.5981E-09 2.8525E-09 3.1165E-09 3.3881E-09 3.6657E-09 3.9468E-09 4.2298E-09 4.5101E-09 4.7861E-09 5.0538E-09 5.3106E-09 5.5525E-09 5.7792E-09 5.9852E-09 6.1684E-09 6.3270E-09 6.4592E-09 6.5619E-09 6.6331E-09 6.6727E-09 6.6822E-09 6.6599E-09 6.6052E-09 6.5184E-09 6.4009E-09 6.2552E-09 6.0826E-09 5.8854E-09 5.6662E-09 5.4280E-09 5.1735E-09 4.9058E-09 4.6280E-09 4.3431E-09 4.0543E-09 3.7649E-09 3.4776E-09 3.1950E-09 2.9195E-09 2.6533E-09 2.3979E-09 2.1551E-09 1.9256E-09 1.7104E-09 1.5110E-09 1.3273E-09 1.1601E-09 1.0084E-09 8.7110E-10
1.0442E-09 1.1928E-09 1.3552E-09 1.5331E-09 1.7257E-09 1.9336E-09 2.1553E-09 2.3912E-09 2.6399E-09 2.9001E-09 3.1703E-09 3.4489E-09 3.7337E-09 4.0231E-09 4.3134E-09 4.6035E-09 4.8878E-09 5.1652E-09 5.4307E-09 5.6841E-09 5.9201E-09 6.1364E-09 6.3306E-09 6.4992E-09 6.6391E-09 6.7502E-09 6.8315E-09 6.8810E-09 6.8966E-09 6.8785E-09 6.8272E-09 6.7434E-09 6.6282E-09 6.4841E-09 6.3124E-09 6.1145E-09 5.8929E-09 5.6504E-09 5.3902E-09 5.1153E-09 4.8291E-09 4.5348E-09 4.2358E-09 3.9351E-09 3.6362E-09 3.3416E-09 3.0541E-09 2.7759E-09 2.5091E-09 2.2557E-09 2.0167E-09 1.7927E-09 1.5842E-09 1.3913E-09 1.2148E-09 1.0547E-09 9.1119E-10
1.0519E-09 1.2016E-09 1.3668E-09 1.5470E-09 1.7427E-09 1.9534E-09 2.1788E-09 2.4187E-09 2.6717E-09 2.9368E-09 3.2124E-09 3.4968E-09 3.7879E-09 4.0845E-09 4.3822E-09 4.6799E-09 4.9722E-09 5.2585E-09 5.5350E-09 5.7972E-09 6.0432E-09 6.2707E-09 6.4746E-09 6.6520E-09 6.8035E-09 6.9263E-09 7.0161E-09 7.0722E-09 7.0943E-09 7.0834E-09 7.0402E-09 6.9633E-09 6.8534E-09 6.7115E-09 6.5395E-09 6.3398E-09 6.1152E-09 5.8685E-09 5.6029E-09 5.3216E-09 5.0280E-09 4.7255E-09 4.4175E-09 4.1074E-09 3.7982E-09 3.4929E-09 3.1941E-09 2.9044E-09 2.6259E-09 2.3605E-09 2.1100E-09 1.8754E-09 1.6580E-09 1.4574E-09 1.2734E-09 1.1053E-09 9.5359E-10
1.0555E-09 1.2065E-09 1.3730E-09 1.5551E-09 1.7527E-09 1.9656E-09 2.1942E-09 2.4368E-09 2.6933E-09 2.9625E-09 3.2425E-09 3.5316E-09 3.8277E-09 4.1307E-09 4.4355E-09 4.7388E-09 5.0403E-09 5.3356E-09 5.6208E-09 5.8932E-09 6.1495E-09 6.3850E-09 6.5998E-09 6.7905E-09 6.9521E-09 7.0826E-09 7.1815E-09 7.2495E-09 7.2834E-09 7.2822E-09 7.2446E-09 7.1716E-09 7.0647E-09 6.9249E-09 6.7542E-09 6.5549E-09 6.3294E-09 6.0804E-09 5.8110E-09 5.5245E-09 5.2244E-09 4.9143E-09 4.5977E-09 4.2782E-09 3.9591E-09 3.6436E-09 3.3347E-09 3.0347E-09 2.7459E-09 2.4701E-09 2.2089E-09 1.9638E-09 1.7355E-09 1.5248E-09 1.3325E-09 1.1578E-09 9.9957E-10
1.0547E-09 1.2068E-09 1.3741E-09 1.5574E-09 1.7562E-09 1.9709E-09 2.2009E-09 2.4458E-09 2.7048E-09 2.9768E-09 3.2602E-09 3.5530E-09 3.8542E-09 4.1619E-09 4.4722E-09 4.7821E-09 5.0923E-09 5.3942E-09 5.6891E-09 5.9708E-09 6.2354E-09 6.4829E-09 6.7089E-09 6.9084E-09 7.0798E-09 7.2239E-09 7.3364E-09 7.4146E-09 7.4564E-09 7.4617E-09 7.4311E-09 7.3657E-09 7.2657E-09 7.1319E-09 6.9655E-09 6.7685E-09 6.5434E-09 6.2931E-09 6.0208E-09 5.7299E-09 5.4240E-09 5.1068E-09 4.7820E-09 4.4534E-09 4.1241E-09 3.7978E-09 3.4779E-09 3.1667E-09 2.8672E-09 2.5812E-09 2.3103E-09 2.0556E-09 1.8176E-09 1.5977E-09 1.3954E-09 1.2114E-09 1.0461E-09
1.0500E-09 1.2023E-09 1.3700E-09 1.5532E-09 1.7523E-09 1.9679E-09 2.1989E-09 2.4450E-09 2.7057E-09 2.9796E-09 3.2653E-09 3.5614E-09 3.8663E-09 4.1775E-09 4.4927E-09 4.8107E-09 5.1255E-09 5.4366E-09 5.7388E-09 6.0287E-09 6.3053E-09 6.5623E-09 6.7965E-09 7.0087E-09 7.1949E-09 7.3497E-09 7.4714E-09 7.5584E-09 7.6109E-09 7.6290E-09 7.6101E-09 7.5536E-09 7.4602E-09 7.3312E-09 7.1682E-09 6.9734E-09 6.7492E-09 6.4986E-09 6.2248E-09 5.9311E-09 5.6209E-09 5.2982E-09 4.9668E-09 4.6304E-09 4.2926E-09 3.9568E-09 3.6263E-09 3.3043E-09 2.9935E-09 2.6961E-09 2.4142E-09 2.1493E-09 1.9022E-09 1.6732E-09 1.4620E-09 1.2698E-09 1.0955E-09
1.0415E-09 1.1929E-09 1.3604E-09 1.5432E-09 1.7424E-09 1.9575E-09 2.1883E-09 2.4352E-09 2.6963E-09 2.9709E-09 3.2585E-09 3.5564E-09 3.8640E-09 4.1783E-09 4.4990E-09 4.8218E-09 5.1424E-09 5.4609E-09 5.7704E-09 6.0700E-09 6.3542E-09 6.6205E-09 6.8688E-09 7.0924E-09 7.2876E-09 7.4521E-09 7.5872E-09 7.6894E-09 7.7558E-09 7.7831E-09 7.7721E-09 7.7239E-09 7.6380E-09 7.5156E-09 7.3587E-09 7.1688E-09 6.9479E-09 6.6987E-09 6.4245E-09 6.1289E-09 5.8154E-09 5.4878E-09 5.1502E-09 4.8067E-09 4.4609E-09 4.1169E-09 3.7775E-09 3.4459E-09 3.1247E-09 2.8164E-09 2.5236E-09 2.2476E-09 1.9895E-09 1.7507E-09 1.5310E-09 1.3303E-09 1.1484E-09
1.0289E-09 1.1792E-09 1.3451E-09 1.5264E-09 1.7248E-09 1.9388E-09 2.1690E-09 2.4152E-09 2.6762E-09 2.9511E-09 3.2390E-09 3.5380E-09 3.8468E-09 4.1651E-09 4.4886E-09 4.8156E-09 5.1427E-09 5.4671E-09 5.7838E-09 6.0897E-09 6.3835E-09 6.6622E-09 6.9193E-09 7.1518E-09 7.3605E-09 7.5413E-09 7.6893E-09 7.8015E-09 7.8769E-09 7.9158E-09 7.9176E-09 7.8818E-09 7.8076E-09 7.6951E-09 7.5460E-09 7.3619E-09 7.1454E-09 6.8988E-09 6.6254E-09 6.3290E-09 6.0130E-09 5.6814E-09 5.3382E-09 4.9877E-09 4.6336E-09 4.2802E-09 3.9309E-09 3.5894E-09 3.2584E-09 2.9405E-09 2.6372E-09 2.3502E-09 2.0816E-09 1.8320E-09 1.6021E-09 1.3928E-09 1.2033E-09
1.0115E-09 1.1604E-09 1.3243E-09 1.5044E-09 1.7006E-09 1.9127E-09 2.1418E-09 2.3860E-09 2.6454E-09 2.9201E-09 3.2071E-09 3.5057E-09 3.8164E-09 4.1363E-09 4.4625E-09 4.7931E-09 5.1258E-09 5.4543E-09 5.7764E-09 6.0913E-09 6.3944E-09 6.6805E-09 6.9476E-09 7.1959E-09 7.4172E-09 7.6072E-09 7.7662E-09 7.8917E-09 7.9847E-09 8.0394E-09 8.0546E-09 8.0301E-09 7.9660E-09 7.8625E-09 7.7213E-09 7.5442E-09 7.3333E-09 7.0912E-09 6.8206E-09 6.5252E-09 6.2087E-09 5.8750E-09 5.5282E-09 5.1723E-09 4.8114E-09 4.4496E-09 4.0908E-09 3.7388E-09 3.3968E-09 3.0674E-09 2.7533E-09 2.4563E-09 2.1772E-09 1.9171E-09 1.6773E-09 1.4585E-09 1.2602E-09
9.9014E-10 1.1372E-09 1.2983E-09 1.4760E-09 1.6690E-09 1.8786E-09 2.1052E-09 2.3474E-09 2.6052E-09 2.8775E-09 3.1633E-09 3.4619E-09 3.7753E-09 4.0965E-09 4.4249E-09 4.7592E-09 5.0957E-09 5.4290E-09 5.7602E-09 6.0824E-09 6.3930E-09 6.6910E-09 6.9728E-09 7.2302E-09 7.4620E-09 7.6682E-09 7.8455E-09 7.9894E-09 8.0951E-09 8.1630E-09 8.1914E-09 8.1803E-09 8.1288E-09 8.0384E-09 7.9088E-09 7.7411E-09 7.5379E-09 7.3015E-09 7.0349E-09 6.7411E-09 6.4241E-09 6.0880E-09 5.7372E-09 5.3756E-09 5.0080E-09 4.6383E-09 4.2704E-09 3.9076E-09 3.5537E-09 3.2120E-09 2.8850E-09 2.5748E-09 2.2839E-09 2.0131E-09 1.7627E-09 1.5335E-09 1.3255E-09
9.6572E-10 1.1089E-09 1.2667E-09 1.4415E-09 1.6316E-09 1.8385E-09 2.0610E-09 2.2995E-09 2.5546E-09 2.8237E-09 3.1084E-09 3.4061E-09 3.7174E-09 4.0377E-09 4.3682E-09 4.7040E-09 5.0428E-09 5.3823E-09 5.7167E-09 6.0452E-09 6.3667E-09 6.6741E-09 6.9616E-09 7.2309E-09 7.4804E-09 7.7022E-09 7.8907E-09 8.0465E-09 8.1673E-09 8.2521E-09 8.2981E-09 8.3036E-09 8.2682E-09 8.1916E-09 8.0745E-09 7.9180E-09 7.7239E-09 7.4949E-09 7.2335E-09 6.9431E-09 6.6277E-09 6.2908E-09 5.9367E-09 5.5699E-09 5.1954E-09 4.8175E-09 4.4407E-09 4.0687E-09 3.7049E-09 3.3521E-09 3.0131E-09 2.6912E-09 2.3884E-09 2.1060E-09 1.8454E-09 1.6068E-09 1.3894E-09
9.3707E-10 1.0763E-09 1.2320E-09 1.4019E-09 1.5875E-09 1.7903E-09 2.0087E-09 2.2437E-09 2.4944E-09 2.7618E-09 3.0427E-09 3.3368E-09 3.6455E-09 3.9658E-09 4.2956E-09 4.6322E-09 4.9743E-09 5.3150E-09 5.6548E-09 5.9920E-09 6.3186E-09 6.6319E-09 6.9343E-09 7.2181E-09 7.4766E-09 7.7093E-09 7.9138E-09 8.0884E-09 8.2283E-09 8.3310E-09 8.3935E-09 8.4152E-09 8.3948E-09 8.3332E-09 8.2301E-09 8.0862E-09 7.9033E-09 7.6834E-09 7.4292E-09 7.1438E-09 6.8308E-09 6.4943E-09 6.1396E-09 5.7697E-09 5.3900E-09 5.0046E-09 4.6182E-09 4.2353E-09 3.8598E-09 3.4956E-09 3.1457E-09 2.8121E-09 2.4975E-09 2.2034E-09 1.9314E-09 1.6824E-09 1.4560E-09
9.0506E-10 1.0408E-09 1.1915E-09 1.3568E-09 1.5382E-09 1.7364E-09 1.9497E-09 2.1799E-09 2.4269E-09 2.6892E-09 2.9645E-09 3.2550E-09 3.5634E-09 3.8841E-09 4.2130E-09 4.5512E-09 4.8939E-09 5.2395E-09 5.5866E-09 5.9270E-09 6.2611E-09 6.5896E-09 6.9019E-09 7.1948E-09 7.4679E-09 7.7203E-09 7.9449E-09 8.1368E-09 8.2940E-09 8.4147E-09 8.4967E-09 8.5382E-09 8.5383E-09 8.4956E-09 8.4092E-09 8.2805E-09 8.1102E-09 7.9003E-09 7.6533E-09 7.3723E-09 7.0614E-09 6.7246E-09 6.3666E-09 5.9927E-09 5.6070E-09 5.2142E-09 4.8184E-09 4.4243E-09 4.0357E-09 3.6575E-09 3.2934E-09 2.9466E-09 2.6192E-09 2.3122E-09 2.0280E-09 1.7671E-09 1.5296E-09
