Assets/Resources/2015_m01_d30_0500(utc+0800)_l00_csi_1hr_conc.grd
DSAA
         159         159
     -79.000      79.000
     -79.000      79.000
  0.0000E+00  0.4658E-05
[rows 25 to 49 of 159, columns 57 to 113 of 159]
0.0000E+00 0.0000E+00 0.0000E+00 0.0000E+00 0.0000E+00 0.0000E+00 0.0000E+00 0.0000E+00 0.0000E+00 0.0000E+00 0.0000E+00 0.0000E+00 0.0000E+00 0.0000E+00 0.0000E+00 0.0000E+00 0.0000E+00 0.0000E+00 0.0000E+00 0.0000E+00 0.0000E+00 0.0000E+00 0.0000E+00 0.0000E+00 0.0000E+00 0.0000E+00 0.0000E+00 0.0000E+00 0.0000E+00 0.0000E+00 0.0000E+00 0.0000E+00 9.3280E-13 6.7308E-12 1.6477E-11 3.0479E-11 5.0528E-11 7.5218E-11 1.1817E-10 1.5148E-10 1.9395E-10 2.6224E-10 3.7028E-10 4.5107E-10 5.3517E-10 6.3232E-10 7.4294E-10 8.6449E-10 9.9644E-10 1.1437E-09 1.3044E-09 1.4731E-09 1.6561E-09 1.8529E-09 2.0642E-09 2.2904E-09 2.5315E-09
0.0000E+00 0.0000E+00 0.0000E+00 0.0000E+00 0.0000E+00 0.0000E+00 0.0000E+00 0.0000E+00 0.0000E+00 0.0000E+00 0.0000E+00 0.0000E+00 0.0000E+00 0.0000E+00 0.0000E+00 0.0000E+00 0.0000E+00 0.0000E+00 0.0000E+00 0.0000E+00 0.0000E+00 0.0000E+00 0.0000E+00 0.0000E+00 0.0000E+00 0.0000E+00 0.0000E+00 0.0000E+00 0.0000E+00 0.0000E+00 0.0000E+00 1.1817E-12 3.8073E-12 1.3067E-11 2.9390E-11 5.2428E-11 7.6055E-11 1.0313E-10 1.4958E-10 1.9161E-10 2.4497E-10 3.1004E-10 4.3233E-10 5.2501E-10 6.2144E-10 7.3254E-10 8.5333E-10 9.8647E-10 1.1339E-09 1.2941E-09 1.4647E-09 1.6464E-09 1.8426E-09 2.0539E-09 2.2806E-09 2.5223E-09 2.7792E-09
0.0000E+00 0.0000E+00 0.0000E+00 0.0000E+00 0.0000E+00 0.0000E+00 0.0000E+00 0.0000E+00 0.0000E+00 0.0000E+00 0.0000E+00 0.0000E+00 0.0000E+00 0.0000E+00 0.0000E+00 0.0000E+00 0.0000E+00 0.0000E+00 0.0000E+00 0.0000E+00 0.0000E+00 0.0000E+00 0.0000E+00 0.0000E+00 0.0000E+00 0.0000E+00 0.0000E+00 0.0000E+00 0.0000E+00 0.0000E+00 1.2587E-12 3.7757E-12 7.3920E-12 2.7568E-11 4.9619E-11 7.3479E-11 1.0407E-10 1.3903E-10 1.9262E-10 2.4589E-10 3.0397E-10 3.7897E-10 5.0943E-10 6.1944E-10 7.2548E-10 8.4760E-10 9.8133E-10 1.1290E-09 1.2883E-09 1.4617E-09 1.6453E-09 1.8431E-09 2.0554E-09 2.2826E-09 2.5246E-09 2.7821E-09 3.0546E-09
0.0000E+00 0.0000E+00 0.0000E+00 0.0000E+00 0.0000E+00 0.0000E+00 0.0000E+00 0.0000E+00 0.0000E+00 0.0000E+00 0.0000E+00 0.0000E+00 0.0000E+00 0.0000E+00 0.0000E+00 0.0000E+00 0.0000E+00 0.0000E+00 0.0000E+00 0.0000E+00 0.0000E+00 0.0000E+00 0.0000E+00 0.0000E+00 0.0000E+00 0.0000E+00 0.0000E+00 0.0000E+00 0.0000E+00 1.1189E-12 3.6389E-12 7.5473E-12 1.8009E-11 4.3825E-11 7.3110E-11 1.0680E-10 1.4402E-10 1.8648E-10 2.4405E-10 3.1043E-10 3.8213E-10 4.6153E-10 5.9477E-10 7.2604E-10 8.4820E-10 9.8718E-10 1.1367E-09 1.2992E-09 1.4753E-09 1.6619E-09 1.8616E-09 2.0750E-09 2.3027E-09 2.5451E-09 2.8029E-09 3.0760E-09 3.3646E-09
0.0000E+00 0.0000E+00 0.0000E+00 0.0000E+00 0.0000E+00 0.0000E+00 0.0000E+00 0.0000E+00 0.0000E+00 0.0000E+00 0.0000E+00 0.0000E+00 0.0000E+00 0.0000E+00 0.0000E+00 0.0000E+00 0.0000E+00 0.0000E+00 0.0000E+00 0.0000E+00 0.0000E+00 0.0000E+00 0.0000E+00 0.0000E+00 0.0000E+00 0.0000E+00 0.0000E+00 0.0000E+00 6.8491E-13 3.1882E-12 7.1747E-12 1.4532E-11 3.0610E-11 6.5899E-11 1.0056E-10 1.4255E-10 1.9098E-10 2.4485E-10 3.1304E-10 3.9105E-10 4.7338E-10 5.5954E-10 7.0588E-10 8.6251E-10 1.0038E-09 1.1580E-09 1.3246E-09 1.5032E-09 1.6923E-09 1.8940E-09 2.1097E-09 2.3400E-09 2.5842E-09 2.8428E-09 3.1161E-09 3.4046E-09 3.7089E-09
0.0000E+00 0.0000E+00 0.0000E+00 0.0000E+00 0.0000E+00 0.0000E+00 0.0000E+00 0.0000E+00 0.0000E+00 0.0000E+00 0.0000E+00 0.0000E+00 0.0000E+00 0.0000E+00 0.0000E+00 0.0000E+00 0.0000E+00 0.0000E+00 0.0000E+00 0.0000E+00 0.0000E+00 0.0000E+00 0.0000E+00 0.0000E+00 0.0000E+00 0.0000E+00 0.0000E+00 0.0000E+00 2.4181E-12 6.1679E-12 1.3830E-11 2.8032E-11 4.9942E-11 9.2414E-11 1.3938E-10 1.9265E-10 2.5068E-10 3.1591E-10 3.9584E-10 4.9131E-10 5.9034E-10 6.9278E-10 8.4368E-10 1.0224E-09 1.1833E-09 1.3582E-09 1.5425E-09 1.7401E-09 1.9482E-09 2.1704E-09 2.4051E-09 2.6519E-09 2.9112E-09 3.1847E-09 3.4723E-09 3.7752E-09 4.0928E-09
0.0000E+00 0.0000E+00 0.0000E+00 0.0000E+00 0.0000E+00 0.0000E+00 0.0000E+00 0.0000E+00 0.0000E+00 0.0000E+00 0.0000E+00 0.0000E+00 0.0000E+00 0.0000E+00 0.0000E+00 0.0000E+00 0.0000E+00 0.0000E+00 0.0000E+00 0.0000E+00 0.0000E+00 0.0000E+00 0.0000E+00 0.0000E+00 0.0000E+00 0.0000E+00 0.0000E+00 2.2545E-12 5.3583E-12 1.3118E-11 2.2819E-11 4.2316E-11 7.0052E-11 1.2692E-10 1.8174E-10 2.4883E-10 3.2454E-10 4.0801E-10 5.0257E-10 6.1041E-10 7.2643E-10 8.4965E-10 1.0190E-09 1.2212E-09 1.4102E-09 1.6062E-09 1.8114E-09 2.0271E-09 2.2539E-09 2.4928E-09 2.7439E-09 3.0080E-09 3.2847E-09 3.5744E-09 3.8766E-09 4.1918E-09 4.5208E-09
0.0000E+00 0.0000E+00 0.0000E+00 0.0000E+00 0.0000E+00 0.0000E+00 0.0000E+00 0.0000E+00 0.0000E+00 0.0000E+00 0.0000E+00 0.0000E+00 0.0000E+00 0.0000E+00 0.0000E+00 0.0000E+00 0.0000E+00 0.0000E+00 0.0000E+00 0.0000E+00 0.0000E+00 0.0000E+00 0.0000E+00 0.0000E+00 0.0000E+00 0.0000E+00 1.2153E-12 3.9480E-12 1.1090E-11 2.0960E-11 3.9841E-11 6.2529E-11 1.0311E-10 1.6865E-10 2.4108E-10 3.2111E-10 4.1116E-10 5.1400E-10 6.2931E-10 7.6136E-10 9.0110E-10 1.0489E-09 1.2299E-09 1.4552E-09 1.6757E-09 1.8958E-09 2.1224E-09 2.3618E-09 2.6121E-09 2.8729E-09 3.1431E-09 3.4227E-09 3.7125E-09 4.0145E-09 4.3291E-09 4.6564E-09 4.9967E-09
0.0000E+00 0.0000E+00 0.0000E+00 0.0000E+00 0.0000E+00 0.0000E+00 0.0000E+00 0.0000E+00 0.0000E+00 0.0000E+00 0.0000E+00 0.0000E+00 0.0000E+00 0.0000E+00 0.0000E+00 0.0000E+00 0.0000E+00 0.0000E+00 0.0000E+00 0.0000E+00 0.0000E+00 0.0000E+00 0.0000E+00 0.0000E+00 0.0000E+00 0.0000E+00 2.4260E-12 7.6624E-12 1.7673E-11 3.1194E-11 5.4371E-11 9.0828E-11 1.3764E-10 2.2188E-10 3.0656E-10 4.0840E-10 5.2509E-10 6.5326E-10 7.8866E-10 9.4218E-10 1.1030E-09 1.2810E-09 1.4879E-09 1.7373E-09 1.9952E-09 2.2472E-09 2.5000E-09 2.7625E-09 3.0356E-09 3.3158E-09 3.6039E-09 3.9009E-09 4.2053E-09 4.5183E-09 4.8410E-09 5.1752E-09 5.5226E-09
0.0000E+00 0.0000E+00 0.0000E+00 0.0000E+00 0.0000E+00 0.0000E+00 0.0000E+00 0.0000E+00 0.0000E+00 0.0000E+00 0.0000E+00 0.0000E+00 0.0000E+00 0.0000E+00 0.0000E+00 0.0000E+00 0.0000E+00 0.0000E+00 0.0000E+00 0.0000E+00 0.0000E+00 0.0000E+00 0.0000E+00 0.0000E+00 0.0000E+00 2.1462E-12 5.5818E-12 1.4981E-11 2.7218E-11 4.8270E-11 8.1541E-11 1.2270E-10 1.8787E-10 2.8727E-10 3.9393E-10 5.1490E-10 6.5444E-10 8.1204E-10 9.7776E-10 1.1631E-09 1.3635E-09 1.5770E-09 1.8067E-09 2.0873E-09 2.3812E-09 2.6648E-09 2.9442E-09 3.2322E-09 3.5280E-09 3.8282E-09 4.1326E-09 4.4423E-09 4.7584E-09 5.0821E-09 5.4131E-09 5.7526E-09 6.1009E-09
0.0000E+00 0.0000E+00 0.0000E+00 0.0000E+00 0.0000E+00 0.0000E+00 0.0000E+00 0.0000E+00 0.0000E+00 0.0000E+00 0.0000E+00 0.0000E+00 0.0000E+00 0.0000E+00 0.0000E+00 0.0000E+00 0.0000E+00 0.0000E+00 0.0000E+00 0.0000E+00 0.0000E+00 0.0000E+00 0.0000E+00 0.0000E+00 0.0000E+00 2.4771E-12 9.8598E-12 2.0820E-11 3.7764E-11 6.7557E-11 1.0900E-10 1.6678E-10 2.4496E-10 3.6708E-10 4.9564E-10 6.4748E-10 8.2374E-10 1.0121E-09 1.2140E-09 1.4340E-09 1.6682E-09 1.9196E-09 2.1835E-09 2.4898E-09 2.8183E-09 3.1447E-09 3.4617E-09 3.7793E-09 4.0998E-09 4.4196E-09 4.7393E-09 5.0604E-09 5.3833E-09 5.7106E-09 6.0454E-09 6.3873E-09 6.7375E-09
0.0000E+00 0.0000E+00 0.0000E+00 0.0000E+00 0.0000E+00 0.0000E+00 0.0000E+00 0.0000E+00 0.0000E+00 0.0000E+00 0.0000E+00 0.0000E+00 0.0000E+00 0.0000E+00 0.0000E+00 0.0000E+00 0.0000E+00 0.0000E+00 0.0000E+00 0.0000E+00 0.0000E+00 0.0000E+00 0.0000E+00 0.0000E+00 2.1233E-12 6.5167E-12 1.6465E-11 3.2062E-11 5.7070E-11 9.5926E-11 1.4797E-10 2.1456E-10 3.1535E-10 4.6515E-10 6.2422E-10 8.0755E-10 1.0207E-09 1.2464E-09 1.4921E-09 1.7559E-09 2.0395E-09 2.3372E-09 2.6467E-09 2.9894E-09 3.3559E-09 3.7229E-09 4.0737E-09 4.4157E-09 4.7560E-09 5.0937E-09 5.4279E-09 5.7585E-09 6.0862E-09 6.4147E-09 6.7454E-09 7.0820E-09 7.4273E-09
0.0000E+00 0.0000E+00 0.0000E+00 0.0000E+00 0.0000E+00 0.0000E+00 0.0000E+00 0.0000E+00 0.0000E+00 0.0000E+00 0.0000E+00 0.0000E+00 0.0000E+00 0.0000E+00 0.0000E+00 0.0000E+00 0.0000E+00 0.0000E+00 0.0000E+00 0.0000E+00 0.0000E+00 0.0000E+00 0.0000E+00 0.0000E+00 2.3998E-12 1.0673E-11 2.2565E-11 4.0822E-11 7.4929E-11 1.2658E-10 1.9273E-10 2.8109E-10 4.1217E-10 5.8426E-10 7.7900E-10 1.0088E-09 1.2593E-09 1.5365E-09 1.8326E-09 2.1477E-09 2.4820E-09 2.8307E-09 3.1937E-09 3.5810E-09 3.9885E-09 4.3983E-09 4.7892E-09 5.1611E-09 5.5219E-09 5.8704E-09 6.2085E-09 6.5397E-09 6.8666E-09 7.1907E-09 7.5143E-09 7.8399E-09 8.1715E-09
0.0000E+00 0.0000E+00 0.0000E+00 0.0000E+00 0.0000E+00 0.0000E+00 0.0000E+00 0.0000E+00 0.0000E+00 0.0000E+00 0.0000E+00 0.0000E+00 0.0000E+00 0.0000E+00 0.0000E+00 0.0000E+00 0.0000E+00 0.0000E+00 0.0000E+00 0.0000E+00 0.0000E+00 0.0000E+00 0.0000E+00 0.0000E+00 6.1224E-12 1.6992E-11 3.2879E-11 6.0292E-11 1.0599E-10 1.6705E-10 2.4764E-10 3.5294E-10 5.1596E-10 7.3331E-10 9.7093E-10 1.2448E-09 1.5479E-09 1.8785E-09 2.2357E-09 2.6147E-09 3.0149E-09 3.4285E-09 3.8521E-09 4.2833E-09 4.7341E-09 5.1833E-09 5.6102E-09 6.0072E-09 6.3846E-09 6.7448E-09 7.0872E-09 7.4150E-09 7.7311E-09 8.0416E-09 8.3496E-09 8.6588E-09 8.9701E-09
0.0000E+00 0.0000E+00 0.0000E+00 0.0000E+00 0.0000E+00 0.0000E+00 0.0000E+00 0.0000E+00 0.0000E+00 0.0000E+00 0.0000E+00 0.0000E+00 0.0000E+00 0.0000E+00 0.0000E+00 0.0000E+00 0.0000E+00 0.0000E+00 0.0000E+00 0.0000E+00 0.0000E+00 0.0000E+00 0.0000E+00 2.2059E-12 7.5509E-12 2.2198E-11 4.1652E-11 7.7718E-11 1.3578E-10 2.1255E-10 3.1489E-10 4.5756E-10 6.5933E-10 9.1200E-10 1.1997E-09 1.5288E-09 1.8932E-09 2.2983E-09 2.7324E-09 3.1880E-09 3.6577E-09 4.1418E-09 4.6291E-09 5.1126E-09 5.6064E-09 6.0956E-09 6.5618E-09 6.9815E-09 7.3656E-09 7.7236E-09 8.0615E-09 8.3801E-09 8.6815E-09 8.9703E-09 9.2541E-09 9.5373E-09 9.8187E-09
0.0000E+00 0.0000E+00 0.0000E+00 0.0000E+00 0.0000E+00 0.0000E+00 0.0000E+00 0.0000E+00 0.0000E+00 0.0000E+00 0.0000E+00 0.0000E+00 0.0000E+00 0.0000E+00 0.0000E+00 0.0000E+00 0.0000E+00 0.0000E+00 0.0000E+00 0.0000E+00 0.0000E+00 0.0000E+00 0.0000E+00 2.4159E-12 1.1197E-11 2.9092E-11 5.8335E-11 1.0332E-10 1.7644E-10 2.7014E-10 4.0223E-10 5.7642E-10 8.2220E-10 1.1272E-09 1.4779E-09 1.8717E-09 2.3180E-09 2.8037E-09 3.3220E-09 3.8630E-09 4.4161E-09 4.9805E-09 5.5401E-09 6.0825E-09 6.6187E-09 7.1387E-09 7.6406E-09 8.0787E-09 8.4686E-09 8.8213E-09 9.1418E-09 9.4360E-09 9.7134E-09 9.9728E-09 1.0223E-08 1.0468E-08 1.0714E-08
0.0000E+00 0.0000E+00 0.0000E+00 0.0000E+00 0.0000E+00 0.0000E+00 0.0000E+00 0.0000E+00 0.0000E+00 0.0000E+00 0.0000E+00 0.0000E+00 0.0000E+00 0.0000E+00 0.0000E+00 0.0000E+00 0.0000E+00 0.0000E+00 0.0000E+00 0.0000E+00 0.0000E+00 0.0000E+00 0.0000E+00 5.4324E-12 1.8776E-11 3.7993E-11 7.5182E-11 1.3555E-10 2.2308E-10 3.4669E-10 5.1021E-10 7.2786E-10 1.0210E-09 1.3881E-09 1.8063E-09 2.2866E-09 2.8235E-09 3.4118E-09 4.0371E-09 4.6813E-09 5.3312E-09 5.9851E-09 6.6228E-09 7.2294E-09 7.8006E-09 8.3560E-09 8.8677E-09 9.3106E-09 9.6896E-09 1.0028E-08 1.0325E-08 1.0587E-08 1.0823E-08 1.1045E-08 1.1253E-08 1.1445E-08 1.1646E-08
0.0000E+00 0.0000E+00 0.0000E+00 0.0000E+00 0.0000E+00 0.0000E+00 0.0000E+00 0.0000E+00 0.0000E+00 0.0000E+00 0.0000E+00 0.0000E+00 0.0000E+00 0.0000E+00 0.0000E+00 0.0000E+00 0.0000E+00 0.0000E+00 0.0000E+00 0.0000E+00 0.0000E+00 0.0000E+00 1.2337E-12 7.2891E-12 2.3364E-11 4.8405E-11 9.4849E-11 1.7066E-10 2.8577E-10 4.3848E-10 6.4137E-10 9.0734E-10 1.2640E-09 1.7026E-09 2.2092E-09 2.7917E-09 3.4431E-09 4.1506E-09 4.8936E-09 5.6543E-09 6.4126E-09 7.1630E-09 7.8829E-09 8.5470E-09 9.1549E-09 9.7247E-09 1.0245E-08 1.0690E-08 1.1047E-08 1.1347E-08 1.1602E-08 1.1824E-08 1.2010E-08 1.2175E-08 1.2329E-08 1.2463E-08 1.2605E-08
0.0000E+00 0.0000E+00 0.0000E+00 0.0000E+00 0.0000E+00 0.0000E+00 0.0000E+00 0.0000E+00 0.0000E+00 0.0000E+00 0.0000E+00 0.0000E+00 0.0000E+00 0.0000E+00 0.0000E+00 0.0000E+00 0.0000E+00 0.0000E+00 0.0000E+00 0.0000E+00 0.0000E+00 0.0000E+00 2.1894E-12 1.1261E-11 3.0822E-11 6.4176E-11 1.2057E-10 2.1681E-10 3.6296E-10 5.5330E-10 8.0299E-10 1.1304E-09 1.5588E-09 2.0860E-09 2.6966E-09 3.4000E-09 4.1856E-09 5.0322E-09 5.9186E-09 6.8149E-09 7.6977E-09 8.5546E-09 9.3538E-09 1.0078E-08 1.0711E-08 1.1273E-08 1.1776E-08 1.2197E-08 1.2522E-08 1.2779E-08 1.2977E-08 1.3132E-08 1.3259E-08 1.3361E-08 1.3433E-08 1.3505E-08 1.3582E-08
0.0000E+00 0.0000E+00 0.0000E+00 0.0000E+00 0.0000E+00 0.0000E+00 0.0000E+00 0.0000E+00 0.0000E+00 0.0000E+00 0.0000E+00 0.0000E+00 0.0000E+00 0.0000E+00 0.0000E+00 0.0000E+00 0.0000E+00 0.0000E+00 0.0000E+00 0.0000E+00 0.0000E+00 0.0000E+00 2.2992E-12 1.5028E-11 3.8056E-11 7.9113E-11 1.4869E-10 2.7418E-10 4.5654E-10 6.9004E-10 1.0000E-09 1.4027E-09 1.9200E-09 2.5489E-09 3.2916E-09 4.1427E-09 5.0882E-09 6.1017E-09 7.1466E-09 8.1938E-09 9.2100E-09 1.0173E-08 1.1051E-08 1.1822E-08 1.2477E-08 1.3019E-08 1.3483E-08 1.3857E-08 1.4112E-08 1.4300E-08 1.4430E-08 1.4508E-08 1.4552E-08 1.4578E-08 1.4564E-08 1.4553E-08 1.4559E-08
0.0000E+00 0.0000E+00 0.0000E+00 0.0000E+00 0.0000E+00 0.0000E+00 0.0000E+00 0.0000E+00 0.0000E+00 0.0000E+00 0.0000E+00 0.0000E+00 0.0000E+00 0.0000E+00 0.0000E+00 0.0000E+00 0.0000E+00 0.0000E+00 0.0000E+00 0.0000E+00 0.0000E+00 0.0000E+00 3.7624E-12 1.7993E-11 4.5602E-11 9.8658E-11 1.8630E-10 3.4974E-10 5.7120E-10 8.6197E-10 1.2354E-09 1.7240E-09 2.3556E-09 3.1213E-09 4.0140E-09 5.0374E-09 6.1683E-09 7.3677E-09 8.5999E-09 9.8158E-09 1.0977E-08 1.2052E-08 1.2998E-08 1.3800E-08 1.4454E-08 1.4949E-08 1.5347E-08 1.5648E-08 1.5825E-08 1.5909E-08 1.5938E-08 1.5927E-08 1.5879E-08 1.5794E-08 1.5695E-08 1.5597E-08 1.5518E-08
0.0000E+00 0.0000E+00 0.0000E+00 0.0000E+00 0.0000E+00 0.0000E+00 0.0000E+00 0.0000E+00 0.0000E+00 0.0000E+00 0.0000E+00 0.0000E+00 0.0000E+00 0.0000E+00 0.0000E+00 0.0000E+00 0.0000E+00 0.0000E+00 0.0000E+00 0.0000E+00 0.0000E+00 0.0000E+00 4.7504E-12 2.3527E-11 5.3244E-11 1.2026E-10 2.3402E-10 4.3406E-10 7.0942E-10 1.0614E-09 1.5275E-09 2.1238E-09 2.8860E-09 3.8051E-09 4.8890E-09 6.1205E-09 7.4713E-09 8.8945E-09 1.0331E-08 1.1731E-08 1.3040E-08 1.4215E-08 1.5216E-08 1.6029E-08 1.6653E-08 1.7088E-08 1.7373E-08 1.7559E-08 1.7618E-08 1.7590E-08 1.7496E-08 1.7362E-08 1.7209E-08 1.7003E-08 1.6797E-08 1.6612E-08 1.6442E-08
0.0000E+00 0.0000E+00 0.0000E+00 0.0000E+00 0.0000E+00 0.0000E+00 0.0000E+00 0.0000E+00 0.0000E+00 0.0000E+00 0.0000E+00 0.0000E+00 0.0000E+00 0.0000E+00 0.0000E+00 0.0000E+00 0.0000E+00 0.0000E+00 0.0000E+00 0.0000E+00 0.0000E+00 0.0000E+00 5.5098E-12 2.6553E-11 6.2561E-11 1.4628E-10 2.9497E-10 5.4426E-10 8.7314E-10 1.3061E-09 1.8650E-09 2.5921E-09 3.5284E-09 4.6475E-09 5.9511E-09 7.4251E-09 9.0265E-09 1.0696E-08 1.2365E-08 1.3960E-08 1.5418E-08 1.6684E-08 1.7718E-08 1.8508E-08 1.9072E-08 1.9395E-08 1.9554E-08 1.9586E-08 1.9489E-08 1.9300E-08 1.9067E-08 1.8800E-08 1.8501E-08 1.8175E-08 1.7857E-08 1.7571E-08 1.7313E-08
0.0000E+00 0.0000E+00 0.0000E+00 0.0000E+00 0.0000E+00 0.0000E+00 0.0000E+00 0.0000E+00 0.0000E+00 0.0000E+00 0.0000E+00 0.0000E+00 0.0000E+00 0.0000E+00 0.0000E+00 0.0000E+00 0.0000E+00 0.0000E+00 0.0000E+00 0.0000E+00 0.0000E+00 0.0000E+00 6.7240E-12 3.0408E-11 7.3958E-11 1.7461E-10 3.6521E-10 6.6867E-10 1.0660E-09 1.5903E-09 2.2785E-09 3.1750E-09 4.3002E-09 5.6415E-09 7.2131E-09 8.9757E-09 1.0871E-08 1.2825E-08 1.4746E-08 1.6544E-08 1.8139E-08 1.9476E-08 2.0512E-08 2.1249E-08 2.1694E-08 2.1872E-08 2.1839E-08 2.1682E-08 2.1411E-08 2.1026E-08 2.0616E-08 2.0196E-08 1.9735E-08 1.9275E-08 1.8848E-08 1.8450E-08 1.8105E-08
0.0000E+00 0.0000E+00 0.0000E+00 0.0000E+00 0.0000E+00 0.0000E+00 0.0000E+00 0.0000E+00 0.0000E+00 0.0000E+00 0.0000E+00 0.0000E+00 0.0000E+00 0.0000E+00 0.0000E+00 0.0000E+00 0.0000E+00 0.0000E+00 0.0000E+00 0.0000E+00 0.0000E+00 0.0000E+00 7.3106E-12 3.4482E-11 8.4823E-11 2.1548E-10 4.5955E-10 8.1686E-10 1.2961E-09 1.9388E-09 2.7703E-09 3.8514E-09 5.2187E-09 6.8489E-09 8.7362E-09 1.0828E-08 1.3055E-08 1.5321E-08 1.7510E-08 1.9518E-08 2.1236E-08 2.2605E-08 2.3601E-08 2.4210E-08 2.4500E-08 2.4480E-08 2.4220E-08 2.3816E-08 2.3314E-08 2.2739E-08 2.2115E-08 2.1506E-08 2.0877E-08 2.0278E-08 1.9737E-08 1.9236E-08 1.8794E-08
