Assets/Resources/2015_m01_d17_1200(utc+0800)_l00_csi_1hr_conc.grd
DSAA
         159         159
     -79.000      79.000
     -79.000      79.000
  0.0000E+00  0.1185E-05
[rows 25 to 49 of 159, columns 57 to 113 of 159]
7.5233E-09 7.5272E-09 7.5248E-09 7.5078E-09 7.4766E-09 7.4316E-09 7.3730E-09 7.3012E-09 7.2167E-09 7.1197E-09 7.0107E-09 6.8893E-09 6.7555E-09 6.6103E-09 6.4546E-09 6.2882E-09 6.1114E-09 5.9255E-09 5.7295E-09 5.5272E-09 5.3202E-09 5.0990E-09 4.8725E-09 4.6506E-09 4.4130E-09 4.1876E-09 3.9622E-09 3.7357E-09 3.5042E-09 3.2765E-09 3.0575E-09 2.8432E-09 2.6343E-09 2.4265E-09 2.2354E-09 2.0538E-09 1.8793E-09 1.7288E-09 1.5679E-09 1.4185E-09 1.2869E-09 1.1728E-09 1.0467E-09 9.4197E-10 8.4646E-10 7.6315E-10 6.7648E-10 6.0311E-10 5.3964E-10 4.7877E-10 4.2282E-10 3.7306E-10 3.2834E-10 2.8783E-10 2.5288E-10 2.1826E-10 1.8821E-10
7.8402E-09 7.8432E-09 7.8306E-09 7.8029E-09 7.7604E-09 7.7033E-09 7.6321E-09 7.5475E-09 7.4497E-09 7.3394E-09 7.2170E-09 7.0830E-09 6.9376E-09 6.7788E-09 6.6107E-09 6.4320E-09 6.2434E-09 6.0478E-09 5.8410E-09 5.6236E-09 5.4035E-09 5.1800E-09 4.9413E-09 4.7040E-09 4.4635E-09 4.2239E-09 3.9927E-09 3.7607E-09 3.5296E-09 3.2925E-09 3.0684E-09 2.8506E-09 2.6394E-09 2.4322E-09 2.2352E-09 2.0522E-09 1.8774E-09 1.7125E-09 1.5711E-09 1.4229E-09 1.2814E-09 1.1585E-09 1.0514E-09 9.3606E-10 8.4068E-10 7.5318E-10 6.7634E-10 5.9847E-10 5.3217E-10 4.7407E-10 4.2081E-10 3.6894E-10 3.2450E-10 2.8549E-10 2.4962E-10 2.1523E-10 1.8686E-10
8.2128E-09 8.1983E-09 8.1625E-09 8.1305E-09 8.0655E-09 7.9942E-09 7.9083E-09 7.8085E-09 7.6954E-09 7.5696E-09 7.4318E-09 7.2824E-09 7.1220E-09 6.9511E-09 6.7700E-09 6.5767E-09 6.3748E-09 6.1637E-09 5.9490E-09 5.7218E-09 5.4844E-09 5.2468E-09 5.0067E-09 4.7490E-09 4.5058E-09 4.2527E-09 4.0152E-09 3.7781E-09 3.5423E-09 3.3063E-09 3.0724E-09 2.8517E-09 2.6380E-09 2.4325E-09 2.2304E-09 2.0458E-09 1.8712E-09 1.7053E-09 1.5511E-09 1.4190E-09 1.2852E-09 1.1512E-09 1.0370E-09 9.3798E-10 8.3391E-10 7.4682E-10 6.6603E-10 5.9715E-10 5.2610E-10 4.6725E-10 4.1585E-10 3.6593E-10 3.2000E-10 2.8151E-10 2.4587E-10 2.1178E-10 1.8375E-10
8.6082E-09 8.5802E-09 8.5254E-09 8.4632E-09 8.3821E-09 8.2949E-09 8.1927E-09 8.0761E-09 7.9461E-09 7.8033E-09 7.6485E-09 7.4824E-09 7.3056E-09 7.1187E-09 6.9223E-09 6.7175E-09 6.5016E-09 6.2773E-09 6.0450E-09 5.8121E-09 5.5646E-09 5.3075E-09 5.0558E-09 4.8008E-09 4.5334E-09 4.2819E-09 4.0292E-09 3.7873E-09 3.5473E-09 3.3108E-09 3.0719E-09 2.8461E-09 2.6305E-09 2.4240E-09 2.2236E-09 2.0348E-09 1.8607E-09 1.6948E-09 1.5410E-09 1.3965E-09 1.2710E-09 1.1516E-09 1.0273E-09 9.2113E-10 8.3163E-10 7.3800E-10 6.5785E-10 5.8564E-10 5.2428E-10 4.6059E-10 4.0792E-10 3.6046E-10 3.1771E-10 2.7698E-10 2.4166E-10 2.0907E-10 1.8029E-10
9.0184E-09 8.9721E-09 8.9184E-09 8.8179E-09 8.7096E-09 8.5932E-09 8.4828E-09 8.3395E-09 8.1917E-09 8.0311E-09 7.8587E-09 7.6752E-09 7.4813E-09 7.2778E-09 7.0657E-09 6.8456E-09 6.6183E-09 6.3815E-09 6.1361E-09 5.8854E-09 5.6358E-09 5.3651E-09 5.0955E-09 4.8345E-09 4.5544E-09 4.2960E-09 4.0371E-09 3.7879E-09 3.5440E-09 3.3042E-09 3.0672E-09 2.8337E-09 2.6169E-09 2.4095E-09 2.2116E-09 2.0196E-09 1.8452E-09 1.6805E-09 1.5269E-09 1.3830E-09 1.2503E-09 1.1329E-09 1.0253E-09 9.1123E-10 8.1426E-10 7.3495E-10 6.4912E-10 5.7714E-10 5.1246E-10 4.5663E-10 4.0108E-10 3.5361E-10 3.1027E-10 2.7337E-10 2.3708E-10 2.0484E-10 1.7650E-10
9.4645E-09 9.3945E-09 9.2940E-09 9.1894E-09 9.0794E-09 8.9218E-09 8.7644E-09 8.6063E-09 8.4392E-09 8.2594E-09 8.0679E-09 7.8657E-09 7.6536E-09 7.4324E-09 7.2036E-09 6.9676E-09 6.7250E-09 6.4765E-09 6.2202E-09 5.9542E-09 5.6896E-09 5.4200E-09 5.1286E-09 4.8536E-09 4.5819E-09 4.2982E-09 4.0386E-09 3.7797E-09 3.5324E-09 3.2898E-09 3.0532E-09 2.8173E-09 2.5970E-09 2.3893E-09 2.1924E-09 2.0020E-09 1.8255E-09 1.6625E-09 1.5098E-09 1.3677E-09 1.2347E-09 1.1128E-09 1.0036E-09 9.0677E-10 8.0186E-10 7.1662E-10 6.4402E-10 5.6735E-10 5.0374E-10 4.4455E-10 3.9664E-10 3.4687E-10 3.0394E-10 2.6615E-10 2.3342E-10 2.0025E-10 1.7241E-10
9.9414E-09 9.9747E-09 9.7211E-09 9.5849E-09 9.4276E-09 9.2858E-09 9.0814E-09 8.8833E-09 8.6875E-09 8.4972E-09 8.2751E-09 8.0529E-09 7.8214E-09 7.5817E-09 7.3352E-09 7.0824E-09 6.8240E-09 6.5606E-09 6.2927E-09 6.0184E-09 5.7347E-09 5.4545E-09 5.1611E-09 4.8644E-09 4.5860E-09 4.2928E-09 4.0283E-09 3.7652E-09 3.5123E-09 3.2674E-09 3.0294E-09 2.7963E-09 2.5709E-09 2.3636E-09 2.1673E-09 1.9803E-09 1.8020E-09 1.6400E-09 1.4885E-09 1.3485E-09 1.2160E-09 1.0960E-09 9.8585E-10 8.8423E-10 7.9662E-10 7.0331E-10 6.2593E-10 5.6161E-10 4.9400E-10 4.3540E-10 3.8492E-10 3.4240E-10 2.9710E-10 2.5997E-10 2.2662E-10 1.9654E-10 1.6804E-10
1.0459E-08 1.0320E-08 1.0178E-08 1.0029E-08 9.8166E-09 9.6203E-09 9.4061E-09 9.2028E-09 8.9444E-09 8.7129E-09 8.4793E-09 8.2459E-09 7.9838E-09 7.7248E-09 7.4596E-09 7.1891E-09 6.9143E-09 6.6355E-09 6.3534E-09 6.0689E-09 5.7768E-09 5.4763E-09 5.1841E-09 4.8666E-09 4.5754E-09 4.2905E-09 4.0059E-09 3.7418E-09 3.4835E-09 3.2370E-09 2.9981E-09 2.7672E-09 2.5409E-09 2.3325E-09 2.1374E-09 1.9531E-09 1.7760E-09 1.6148E-09 1.4649E-09 1.3257E-09 1.1953E-09 1.0759E-09 9.6725E-10 8.6733E-10 7.7370E-10 6.9641E-10 6.1451E-10 5.4420E-10 4.8795E-10 4.2681E-10 3.7578E-10 3.3142E-10 2.9242E-10 2.5336E-10 2.2187E-10 1.9009E-10 1.6322E-10
1.1008E-08 1.0842E-08 1.0659E-08 1.0458E-08 1.0363E-08 9.9971E-09 9.7466E-09 9.4970E-09 9.2263E-09 8.9451E-09 8.6790E-09 8.4132E-09 8.1494E-09 7.8602E-09 7.5758E-09 7.2871E-09 6.9950E-09 6.7004E-09 6.4039E-09 6.1058E-09 5.8066E-09 5.4924E-09 5.1842E-09 4.8682E-09 4.5533E-09 4.2647E-09 3.9736E-09 3.7093E-09 3.4489E-09 3.1988E-09 2.9597E-09 2.7300E-09 2.5065E-09 2.2961E-09 2.1027E-09 1.9209E-09 1.7470E-09 1.5854E-09 1.4374E-09 1.3001E-09 1.1732E-09 1.0546E-09 9.4674E-10 8.4867E-10 7.5777E-10 6.7385E-10 6.0612E-10 5.3104E-10 4.7158E-10 4.1922E-10 3.6713E-10 3.2274E-10 2.8212E-10 2.4865E-10 2.1464E-10 1.8462E-10 1.5689E-10
1.1589E-08 1.1533E-08 1.1168E-08 1.0923E-08 1.0674E-08 1.0399E-08 1.0156E-08 9.8136E-09 9.5110E-09 9.2009E-09 8.9006E-09 8.5834E-09 8.2877E-09 7.9870E-09 7.6918E-09 7.3750E-09 7.0655E-09 6.7547E-09 6.4430E-09 6.1308E-09 5.8192E-09 5.5022E-09 5.1726E-09 4.8555E-09 4.5190E-09 4.2251E-09 3.9432E-09 3.6677E-09 3.4059E-09 3.1529E-09 2.9144E-09 2.6860E-09 2.4665E-09 2.2558E-09 2.0636E-09 1.8842E-09 1.7143E-09 1.5535E-09 1.4070E-09 1.2728E-09 1.1478E-09 1.0307E-09 9.2445E-10 8.2920E-10 7.3947E-10 6.5706E-10 5.8441E-10 5.2241E-10 4.5903E-10 4.0381E-10 3.5941E-10 3.1562E-10 2.7400E-10 2.3896E-10 2.1020E-10 1.7892E-10 1.5168E-10
1.2223E-08 1.1973E-08 1.1708E-08 1.1416E-08 1.1117E-08 1.0805E-08 1.0484E-08 1.0277E-08 9.8008E-09 9.4591E-09 9.1051E-09 8.7483E-09 8.4263E-09 8.1038E-09 7.7785E-09 7.4607E-09 7.1239E-09 6.7963E-09 6.4692E-09 6.1425E-09 5.8181E-09 5.4906E-09 5.1553E-09 4.8201E-09 4.4876E-09 4.1751E-09 3.8915E-09 3.6147E-09 3.3524E-09 3.0996E-09 2.8623E-09 2.6359E-09 2.4200E-09 2.2118E-09 2.0203E-09 1.8436E-09 1.6774E-09 1.5191E-09 1.3748E-09 1.2422E-09 1.1199E-09 1.0053E-09 9.0147E-10 8.0741E-10 7.2061E-10 6.3920E-10 5.6787E-10 5.0291E-10 4.5056E-10 3.9200E-10 3.4489E-10 3.0708E-10 2.6842E-10 2.3126E-10 2.0008E-10 1.7315E-10 1.4610E-10
1.2905E-08 1.2600E-08 1.2274E-08 1.1938E-08 1.1736E-08 1.1220E-08 1.0856E-08 1.0483E-08 1.0104E-08 9.8022E-09 9.3341E-09 8.9380E-09 8.5936E-09 8.2277E-09 7.8619E-09 7.5150E-09 7.1683E-09 6.8318E-09 6.4805E-09 6.1399E-09 5.8030E-09 5.4649E-09 5.1265E-09 4.7740E-09 4.4455E-09 4.1133E-09 3.8279E-09 3.5564E-09 3.2936E-09 3.0419E-09 2.8039E-09 2.5802E-09 2.3679E-09 2.1639E-09 1.9732E-09 1.7995E-09 1.6369E-09 1.4822E-09 1.3392E-09 1.2094E-09 1.0897E-09 9.7909E-10 8.7603E-10 7.8423E-10 6.9973E-10 6.2134E-10 5.5057E-10 4.8724E-10 4.3176E-10 3.8378E-10 3.3368E-10 2.9368E-10 2.5948E-10 2.2587E-10 1.9287E-10 1.6469E-10 1.3919E-10
1.3638E-08 1.3273E-08 1.2882E-08 1.2484E-08 1.2078E-08 1.1661E-08 1.1241E-08 1.0819E-08 1.0396E-08 9.9716E-09 9.6773E-09 9.1326E-09 8.6939E-09 8.2994E-09 7.9298E-09 7.5621E-09 7.1971E-09 6.8344E-09 6.4761E-09 6.1226E-09 5.7740E-09 5.4254E-09 5.0793E-09 4.7205E-09 4.3807E-09 4.0483E-09 3.7548E-09 3.4847E-09 3.2248E-09 2.9750E-09 2.7397E-09 2.5193E-09 2.3108E-09 2.1115E-09 1.9232E-09 1.7520E-09 1.5932E-09 1.4427E-09 1.3018E-09 1.1745E-09 1.0577E-09 9.5040E-10 8.5008E-10 7.5985E-10 6.7778E-10 6.0157E-10 5.3255E-10 4.7092E-10 4.1718E-10 3.6659E-10 3.2579E-10 2.8217E-10 2.4744E-10 2.1765E-10 1.8772E-10 1.5852E-10 1.3194E-10
1.4429E-08 1.3990E-08 1.3535E-08 1.3068E-08 1.2590E-08 1.2114E-08 1.1634E-08 1.1245E-08 1.0689E-08 1.0221E-08 9.7571E-09 9.3154E-09 8.9670E-09 8.3818E-09 7.9805E-09 7.5916E-09 7.2251E-09 6.8294E-09 6.4560E-09 6.0902E-09 5.7382E-09 5.3723E-09 5.0182E-09 4.6571E-09 4.3049E-09 3.9791E-09 3.6720E-09 3.4049E-09 3.1515E-09 2.9045E-09 2.6701E-09 2.4536E-09 2.2493E-09 2.0549E-09 1.8702E-09 1.7016E-09 1.5468E-09 1.4006E-09 1.2625E-09 1.1388E-09 1.0241E-09 9.2023E-10 8.2235E-10 7.3442E-10 6.5485E-10 5.8096E-10 5.1392E-10 4.5404E-10 4.0211E-10 3.5319E-10 3.1013E-10 2.7468E-10 2.3803E-10 2.0538E-10 1.7894E-10 1.5355E-10 1.2510E-10
1.5284E-08 1.4760E-08 1.4225E-08 1.3677E-08 1.3129E-08 1.2581E-08 1.2039E-08 1.1500E-08 1.0979E-08 1.0466E-08 9.9522E-09 9.4620E-09 8.9927E-09 8.5552E-09 8.0133E-09 7.6039E-09 7.2021E-09 6.8080E-09 6.4205E-09 6.0424E-09 5.6736E-09 5.3059E-09 4.9437E-09 4.5868E-09 4.2212E-09 3.8968E-09 3.5825E-09 3.3195E-09 3.0693E-09 2.8260E-09 2.5956E-09 2.3835E-09 2.1837E-09 1.9945E-09 1.8145E-09 1.6486E-09 1.4977E-09 1.3560E-09 1.2216E-09 1.1005E-09 9.8914E-10 8.8857E-10 7.9368E-10 7.0808E-10 6.3036E-10 5.5965E-10 4.9363E-10 4.3670E-10 3.8556E-10 3.3942E-10 2.9790E-10 2.6053E-10 2.2977E-10 1.9633E-10 1.6957E-10 1.4153E-10 1.1959E-10
1.6189E-08 1.5580E-08 1.4952E-08 1.4317E-08 1.3691E-08 1.3064E-08 1.2454E-08 1.1851E-08 1.1259E-08 1.0696E-08 1.0199E-08 9.5962E-09 9.0884E-09 8.5977E-09 8.0543E-09 7.6944E-09 7.1786E-09 6.7693E-09 6.3688E-09 5.9930E-09 5.6016E-09 5.2264E-09 4.8578E-09 4.5032E-09 4.1341E-09 3.8011E-09 3.5007E-09 3.2274E-09 2.9811E-09 2.7448E-09 2.5194E-09 2.3096E-09 2.1147E-09 1.9307E-09 1.7558E-09 1.5935E-09 1.4465E-09 1.3094E-09 1.1790E-09 1.0608E-09 9.5295E-10 8.5585E-10 7.6336E-10 6.8099E-10 6.0599E-10 5.3773E-10 4.7400E-10 4.1900E-10 3.6978E-10 3.2539E-10 2.8443E-10 2.4943E-10 2.1705E-10 1.8958E-10 1.5900E-10 1.3293E-10 1.1203E-10
1.7155E-08 1.6443E-08 1.5717E-08 1.4986E-08 1.4271E-08 1.3564E-08 1.2868E-08 1.2201E-08 1.1542E-08 1.0913E-08 1.0317E-08 9.7324E-09 9.1968E-09 8.6457E-09 8.1281E-09 7.5747E-09 7.1616E-09 6.7128E-09 6.3010E-09 5.9014E-09 5.5162E-09 5.1355E-09 4.7622E-09 4.3984E-09 4.0487E-09 3.6991E-09 3.4056E-09 3.1292E-09 2.8879E-09 2.6568E-09 2.4367E-09 2.2322E-09 2.0426E-09 1.8641E-09 1.6947E-09 1.5366E-09 1.3935E-09 1.2610E-09 1.1352E-09 1.0202E-09 9.1577E-10 8.2210E-10 7.3309E-10 6.5330E-10 5.8110E-10 5.1538E-10 4.5401E-10 4.0103E-10 3.5378E-10 3.1116E-10 2.7186E-10 2.3785E-10 2.0577E-10 1.7740E-10 1.5266E-10 1.2612E-10 1.0422E-10
1.8180E-08 1.7357E-08 1.6520E-08 1.5686E-08 1.4866E-08 1.4074E-08 1.3291E-08 1.2541E-08 1.1825E-08 1.1123E-08 1.0471E-08 9.8505E-09 9.2385E-09 8.6874E-09 8.1449E-09 7.5790E-09 7.0787E-09 6.6405E-09 6.2969E-09 5.8112E-09 5.4198E-09 5.0349E-09 4.6697E-09 4.2916E-09 3.9438E-09 3.6008E-09 3.3054E-09 3.0346E-09 2.7901E-09 2.5649E-09 2.3505E-09 2.1518E-09 1.9679E-09 1.7952E-09 1.6312E-09 1.4780E-09 1.3391E-09 1.2113E-09 1.0900E-09 9.7868E-10 8.7780E-10 7.8768E-10 7.0222E-10 6.2517E-10 5.5582E-10 4.9272E-10 4.3377E-10 3.8288E-10 3.3762E-10 2.9682E-10 2.5880E-10 2.2605E-10 1.9540E-10 1.6727E-10 1.4275E-10 1.2032E-10 9.6602E-11
1.9257E-08 1.8310E-08 1.7360E-08 1.6413E-08 1.5480E-08 1.4585E-08 1.3722E-08 1.2878E-08 1.2090E-08 1.1334E-08 1.0610E-08 9.9425E-09 9.3059E-09 8.6844E-09 8.1275E-09 7.6407E-09 7.0070E-09 6.5544E-09 6.1232E-09 5.7100E-09 5.3138E-09 4.9249E-09 4.5457E-09 4.1770E-09 3.8398E-09 3.5012E-09 3.1909E-09 2.9320E-09 2.6884E-09 2.4696E-09 2.2616E-09 2.0690E-09 1.8911E-09 1.7242E-09 1.5660E-09 1.4181E-09 1.2834E-09 1.1606E-09 1.0439E-09 9.3642E-10 8.3926E-10 7.5279E-10 6.7093E-10 5.9674E-10 5.3030E-10 4.6986E-10 4.1340E-10 3.6465E-10 3.2139E-10 2.8093E-10 2.4554E-10 2.1322E-10 1.8406E-10 1.5827E-10 1.3233E-10 1.0952E-10 9.2502E-11
2.0388E-08 1.9307E-08 1.8223E-08 1.7157E-08 1.6114E-08 1.5098E-08 1.4141E-08 1.3219E-08 1.2340E-08 1.1525E-08 1.0741E-08 1.0016E-08 9.3417E-09 8.6903E-09 8.0918E-09 7.5392E-09 6.9608E-09 6.4546E-09 6.0161E-09 5.5974E-09 5.1974E-09 4.8672E-09 4.4243E-09 4.0544E-09 3.7091E-09 3.3906E-09 3.0774E-09 2.8232E-09 2.5865E-09 2.3751E-09 2.1702E-09 1.9841E-09 1.8125E-09 1.6517E-09 1.4994E-09 1.3570E-09 1.2270E-09 1.1090E-09 9.9703E-10 8.9366E-10 8.0036E-10 7.1761E-10 6.3937E-10 5.6816E-10 5.0466E-10 4.4614E-10 3.9186E-10 3.4643E-10 3.0369E-10 2.6603E-10 2.3131E-10 2.0061E-10 1.7386E-10 1.4686E-10 1.2363E-10 1.0262E-10 8.5095E-11
2.1577E-08 2.0337E-08 1.9112E-08 1.7910E-08 1.6750E-08 1.5623E-08 1.4548E-08 1.3546E-08 1.2582E-08 1.1691E-08 1.0860E-08 1.0069E-08 9.3538E-09 8.6803E-09 8.0399E-09 7.4677E-09 6.9047E-09 6.3451E-09 5.9522E-09 5.4712E-09 5.0684E-09 4.6748E-09 4.2930E-09 3.9310E-09 3.5812E-09 3.2651E-09 2.9696E-09 2.7180E-09 2.4817E-09 2.2715E-09 2.0797E-09 1.9006E-09 1.7326E-09 1.5780E-09 1.4317E-09 1.2951E-09 1.1701E-09 1.0569E-09 9.4978E-10 8.5063E-10 7.6131E-10 6.8233E-10 6.0771E-10 5.3875E-10 4.7826E-10 4.2327E-10 3.7154E-10 3.2598E-10 2.8703E-10 2.5026E-10 2.1830E-10 1.8916E-10 1.6256E-10 1.3711E-10 1.1515E-10 9.3764E-11 7.5366E-11
2.2827E-08 2.1388E-08 2.0014E-08 1.8669E-08 1.7378E-08 1.6144E-08 1.4951E-08 1.3846E-08 1.2811E-08 1.1833E-08 1.0945E-08 1.0108E-08 9.3435E-09 8.6426E-09 7.9772E-09 7.3750E-09 6.8108E-09 6.2395E-09 5.7574E-09 5.3310E-09 4.9271E-09 4.5333E-09 4.1527E-09 3.7873E-09 3.4946E-09 3.1387E-09 2.8513E-09 2.5963E-09 2.3743E-09 2.1698E-09 1.9852E-09 1.8103E-09 1.6543E-09 1.5036E-09 1.3635E-09 1.2328E-09 1.1129E-09 1.0046E-09 9.0235E-10 8.0755E-10 7.2229E-10 6.4625E-10 5.7611E-10 5.1033E-10 4.5279E-10 3.9856E-10 3.5098E-10 3.0773E-10 2.7057E-10 2.3594E-10 2.0567E-10 1.7724E-10 1.5189E-10 1.2669E-10 1.0417E-10 8.5896E-11 6.9913E-11
2.4105E-08 2.2478E-08 2.0915E-08 1.9421E-08 1.7993E-08 1.6635E-08 1.5343E-08 1.4121E-08 1.3004E-08 1.1955E-08 1.0999E-08 1.0121E-08 9.3075E-09 8.5763E-09 7.8926E-09 7.2611E-09 6.6882E-09 6.1201E-09 5.6036E-09 5.1748E-09 4.7724E-09 4.4368E-09 4.0044E-09 3.6429E-09 3.3106E-09 3.0082E-09 2.7450E-09 2.4828E-09 2.2653E-09 2.0677E-09 1.8952E-09 1.7223E-09 1.5707E-09 1.4290E-09 1.2970E-09 1.1702E-09 1.0556E-09 9.5239E-10 8.5497E-10 7.6373E-10 6.8350E-10 6.1130E-10 5.4391E-10 4.8145E-10 4.2758E-10 3.7574E-10 3.2986E-10 2.8958E-10 2.5347E-10 2.2167E-10 1.9124E-10 1.6529E-10 1.4025E-10 1.1728E-10 9.7376E-11 7.9884E-11 6.2029E-11
2.5374E-08 2.3556E-08 2.1804E-08 2.0149E-08 1.8574E-08 1.7085E-08 1.5686E-08 1.4364E-08 1.3155E-08 1.2044E-08 1.1019E-08 1.0098E-08 9.2462E-09 8.4808E-09 7.7776E-09 7.1256E-09 6.5402E-09 5.9756E-09 5.4426E-09 5.0032E-09 4.6040E-09 4.2192E-09 3.8472E-09 3.4925E-09 3.1685E-09 2.8750E-09 2.6049E-09 2.3996E-09 2.1553E-09 1.9649E-09 1.7945E-09 1.6341E-09 1.4895E-09 1.3543E-09 1.2266E-09 1.1095E-09 9.9871E-10 9.0049E-10 8.0790E-10 7.2121E-10 6.4428E-10 5.7599E-10 5.1288E-10 4.5372E-10 4.0145E-10 3.5250E-10 3.0977E-10 2.7071E-10 2.3666E-10 2.0691E-10 1.7903E-10 1.5365E-10 1.3104E-10 1.0741E-10 8.8033E-11 7.0137E-11 5.6899E-11
2.6600E-08 2.4606E-08 2.2666E-08 2.0816E-08 1.9101E-08 1.7481E-08 1.5969E-08 1.4561E-08 1.3260E-08 1.2086E-08 1.1006E-08 1.0036E-08 9.1531E-09 8.3545E-09 7.6333E-09 6.9675E-09 6.3676E-09 5.8041E-09 5.2699E-09 4.8179E-09 4.4235E-09 4.0459E-09 3.6827E-09 3.3356E-09 3.0598E-09 2.7392E-09 2.4784E-09 2.2488E-09 2.0445E-09 1.8775E-09 1.6967E-09 1.5463E-09 1.4087E-09 1.2837E-09 1.1587E-09 1.0458E-09 9.4231E-10 8.5043E-10 7.6045E-10 6.7844E-10 6.0651E-10 5.4203E-10 4.8140E-10 4.2525E-10 3.7594E-10 3.2908E-10 2.8910E-10 2.5337E-10 2.2149E-10 1.9334E-10 1.6624E-10 1.4114E-10 1.1737E-10 9.6946E-11 7.9782E-11 6.4580E-11 5.0930E-11
