Assets/Resources/2015_m01_d24_1200(utc+0800)_l00_csi_1hr_conc.grd
DSAA
         159         159
     -79.000      79.000
     -79.000      79.000
  0.7820E-10  0.1848E-05
[rows 0 to 24 of 159, columns 57 to 113 of 159]
8.2873E-09 8.0375E-09 7.7950E-09 7.5604E-09 7.3352E-09 7.1183E-09 6.9072E-09 6.7016E-09 6.5018E-09 6.3123E-09 6.1237E-09 5.9419E-09 5.7644E-09 5.5923E-09 5.4242E-09 5.2572E-09 5.0954E-09 4.9346E-09 4.7789E-09 4.6243E-09 4.4732E-09 4.3246E-09 4.1796E-09 4.0374E-09 3.8990E-09 3.7636E-09 3.6311E-09 3.5019E-09 3.3760E-09 3.2535E-09 3.1345E-09 3.0190E-09 2.9069E-09 2.7984E-09 2.6933E-09 2.5917E-09 2.4936E-09 2.3988E-09 2.3073E-09 2.2191E-09 2.1341E-09 2.0523E-09 1.9724E-09 1.8951E-09 1.8214E-09 1.7501E-09 1.6814E-09 1.6148E-09 1.5509E-09 1.4892E-09 1.4313E-09 1.3748E-09 1.3204E-09 1.2679E-09 1.2186E-09 1.1708E-09 1.1254E-09
8.4634E-09 8.2013E-09 7.9495E-09 7.7076E-09 7.4743E-09 7.2485E-09 7.0327E-09 6.8228E-09 6.6199E-09 6.4215E-09 6.2284E-09 6.0425E-09 5.8619E-09 5.6842E-09 5.5131E-09 5.3435E-09 5.1790E-09 5.0159E-09 4.8569E-09 4.7001E-09 4.5470E-09 4.3964E-09 4.2496E-09 4.1054E-09 3.9653E-09 3.8282E-09 3.6941E-09 3.5632E-09 3.4357E-09 3.3116E-09 3.1910E-09 3.0740E-09 2.9605E-09 2.8505E-09 2.7440E-09 2.6411E-09 2.5416E-09 2.4455E-09 2.3528E-09 2.2633E-09 2.1772E-09 2.0941E-09 2.0131E-09 1.9358E-09 1.8599E-09 1.7875E-09 1.7177E-09 1.6501E-09 1.5852E-09 1.5241E-09 1.4643E-09 1.4072E-09 1.3509E-09 1.2979E-09 1.2473E-09 1.1992E-09 1.1526E-09
8.6295E-09 8.3569E-09 8.0978E-09 7.8457E-09 7.6065E-09 7.3776E-09 7.1538E-09 6.9365E-09 6.7280E-09 6.5249E-09 6.3291E-09 6.1388E-09 5.9535E-09 5.7731E-09 5.5964E-09 5.4271E-09 5.2575E-09 5.0940E-09 4.9322E-09 4.7735E-09 4.6185E-09 4.4660E-09 4.3174E-09 4.1717E-09 4.0288E-09 3.8901E-09 3.7545E-09 3.6221E-09 3.4931E-09 3.3676E-09 3.2457E-09 3.1272E-09 3.0124E-09 2.9011E-09 2.7934E-09 2.6891E-09 2.5884E-09 2.4911E-09 2.3972E-09 2.3066E-09 2.2193E-09 2.1352E-09 2.0531E-09 1.9747E-09 1.8983E-09 1.8250E-09 1.7536E-09 1.6854E-09 1.6204E-09 1.5572E-09 1.4964E-09 1.4385E-09 1.3819E-09 1.3274E-09 1.2760E-09 1.2270E-09 1.1806E-09
8.7860E-09 8.5050E-09 8.2375E-09 7.9797E-09 7.7331E-09 7.4940E-09 7.2641E-09 7.0445E-09 6.8294E-09 6.6216E-09 6.4232E-09 6.2283E-09 6.0391E-09 5.8562E-09 5.6766E-09 5.5049E-09 5.3343E-09 5.1671E-09 5.0023E-09 4.8430E-09 4.6851E-09 4.5322E-09 4.3809E-09 4.2337E-09 4.0894E-09 3.9493E-09 3.8123E-09 3.6786E-09 3.5483E-09 3.4215E-09 3.2983E-09 3.1786E-09 3.0626E-09 2.9501E-09 2.8412E-09 2.7358E-09 2.6340E-09 2.5356E-09 2.4406E-09 2.3489E-09 2.2606E-09 2.1755E-09 2.0935E-09 2.0130E-09 1.9356E-09 1.8613E-09 1.7890E-09 1.7199E-09 1.6540E-09 1.5905E-09 1.5292E-09 1.4695E-09 1.4124E-09 1.3567E-09 1.3049E-09 1.2555E-09 1.2077E-09
8.9323E-09 8.6453E-09 8.3682E-09 8.1029E-09 7.8474E-09 7.6019E-09 7.3698E-09 7.1417E-09 6.9255E-09 6.7171E-09 6.5104E-09 6.3103E-09 6.1200E-09 5.9322E-09 5.7524E-09 5.5772E-09 5.4036E-09 5.2346E-09 5.0693E-09 4.9073E-09 4.7490E-09 4.5936E-09 4.4410E-09 4.2924E-09 4.1468E-09 4.0055E-09 3.8673E-09 3.7325E-09 3.6011E-09 3.4732E-09 3.3488E-09 3.2281E-09 3.1109E-09 2.9974E-09 2.8874E-09 2.7810E-09 2.6782E-09 2.5788E-09 2.4828E-09 2.3902E-09 2.3009E-09 2.2149E-09 2.1320E-09 2.0506E-09 1.9729E-09 1.8971E-09 1.8239E-09 1.7551E-09 1.6876E-09 1.6229E-09 1.5608E-09 1.5002E-09 1.4424E-09 1.3872E-09 1.3340E-09 1.2836E-09 1.2346E-09
9.0703E-09 8.7714E-09 8.4863E-09 8.2142E-09 7.9523E-09 7.7042E-09 7.4638E-09 7.2368E-09 7.0150E-09 6.7992E-09 6.5892E-09 6.3886E-09 6.1948E-09 6.0052E-09 5.8202E-09 5.6432E-09 5.4680E-09 5.2985E-09 5.1307E-09 4.9684E-09 4.8078E-09 4.6512E-09 4.4974E-09 4.3478E-09 4.2011E-09 4.0588E-09 3.9196E-09 3.7837E-09 3.6513E-09 3.5225E-09 3.3972E-09 3.2755E-09 3.1574E-09 3.0429E-09 2.9321E-09 2.8248E-09 2.7210E-09 2.6207E-09 2.5239E-09 2.4304E-09 2.3403E-09 2.2534E-09 2.1696E-09 2.0874E-09 2.0089E-09 1.9323E-09 1.8586E-09 1.7887E-09 1.7203E-09 1.6555E-09 1.5921E-09 1.5307E-09 1.4734E-09 1.4166E-09 1.3623E-09 1.3112E-09 1.2615E-09
9.1921E-09 8.8855E-09 8.5933E-09 8.3150E-09 8.0492E-09 7.7962E-09 7.5534E-09 7.3186E-09 7.0931E-09 6.8739E-09 6.6623E-09 6.4593E-09 6.2628E-09 6.0696E-09 5.8856E-09 5.7039E-09 5.5302E-09 5.3565E-09 5.1893E-09 5.0242E-09 4.8637E-09 4.7049E-09 4.5513E-09 4.3996E-09 4.2532E-09 4.1089E-09 3.9689E-09 3.8322E-09 3.6990E-09 3.5693E-09 3.4433E-09 3.3208E-09 3.2019E-09 3.0866E-09 2.9750E-09 2.8669E-09 2.7623E-09 2.6613E-09 2.5637E-09 2.4694E-09 2.3785E-09 2.2909E-09 2.2064E-09 2.1234E-09 2.0441E-09 1.9668E-09 1.8924E-09 1.8217E-09 1.7532E-09 1.6871E-09 1.6229E-09 1.5613E-09 1.5029E-09 1.4454E-09 1.3910E-09 1.3386E-09 1.2882E-09
9.3006E-09 8.9872E-09 8.6886E-09 8.4048E-09 8.1360E-09 7.8786E-09 7.6300E-09 7.3934E-09 7.1628E-09 6.9405E-09 6.7283E-09 6.5233E-09 6.3229E-09 6.1310E-09 5.9424E-09 5.7608E-09 5.5843E-09 5.4113E-09 5.2425E-09 5.0766E-09 4.9142E-09 4.7557E-09 4.6003E-09 4.4479E-09 4.3008E-09 4.1558E-09 4.0152E-09 3.8779E-09 3.7440E-09 3.6137E-09 3.4870E-09 3.3639E-09 3.2443E-09 3.1284E-09 3.0161E-09 2.9074E-09 2.8021E-09 2.7004E-09 2.6021E-09 2.5072E-09 2.4157E-09 2.3274E-09 2.2422E-09 2.1586E-09 2.0786E-09 2.0006E-09 1.9255E-09 1.8542E-09 1.7851E-09 1.7183E-09 1.6534E-09 1.5911E-09 1.5320E-09 1.4745E-09 1.4189E-09 1.3658E-09 1.3152E-09
9.3946E-09 9.0753E-09 8.7714E-09 8.4844E-09 8.2119E-09 7.9490E-09 7.6969E-09 7.4572E-09 7.2238E-09 7.0026E-09 6.7889E-09 6.5799E-09 6.3783E-09 6.1833E-09 5.9932E-09 5.8114E-09 5.6330E-09 5.4593E-09 5.2898E-09 5.1233E-09 4.9603E-09 4.8013E-09 4.6454E-09 4.4936E-09 4.3449E-09 4.1995E-09 4.0584E-09 3.9207E-09 3.7863E-09 3.6556E-09 3.5283E-09 3.4047E-09 3.2847E-09 3.1683E-09 3.0554E-09 2.9461E-09 2.8404E-09 2.7381E-09 2.6393E-09 2.5438E-09 2.4517E-09 2.3628E-09 2.2771E-09 2.1928E-09 2.1123E-09 2.0337E-09 1.9592E-09 1.8861E-09 1.8163E-09 1.7489E-09 1.6835E-09 1.6205E-09 1.5609E-09 1.5027E-09 1.4465E-09 1.3928E-09 1.3417E-09
9.4735E-09 9.1493E-09 8.8411E-09 8.5521E-09 8.2745E-09 8.0087E-09 7.7554E-09 7.5116E-09 7.2762E-09 7.0571E-09 6.8381E-09 6.6277E-09 6.4250E-09 6.2291E-09 6.0397E-09 5.8551E-09 5.6779E-09 5.5021E-09 5.3333E-09 5.1654E-09 5.0020E-09 4.8428E-09 4.6865E-09 4.5344E-09 4.3855E-09 4.2398E-09 4.0985E-09 3.9605E-09 3.8259E-09 3.6948E-09 3.5672E-09 3.4433E-09 3.3229E-09 3.2061E-09 3.0929E-09 2.9832E-09 2.8770E-09 2.7743E-09 2.6750E-09 2.5791E-09 2.4865E-09 2.3971E-09 2.3109E-09 2.2262E-09 2.1451E-09 2.0660E-09 1.9910E-09 1.9173E-09 1.8470E-09 1.7791E-09 1.7131E-09 1.6508E-09 1.5893E-09 1.5307E-09 1.4738E-09 1.4196E-09 1.3679E-09
9.5368E-09 9.2088E-09 8.8973E-09 8.6055E-09 8.3254E-09 8.0574E-09 7.8019E-09 7.5565E-09 7.3234E-09 7.0994E-09 6.8794E-09 6.6700E-09 6.4648E-09 6.2680E-09 6.0782E-09 5.8931E-09 5.7156E-09 5.5397E-09 5.3708E-09 5.2027E-09 5.0404E-09 4.8800E-09 4.7237E-09 4.5715E-09 4.4226E-09 4.2768E-09 4.1354E-09 3.9973E-09 3.8626E-09 3.7314E-09 3.6036E-09 3.4795E-09 3.3589E-09 3.2419E-09 3.1284E-09 3.0185E-09 2.9120E-09 2.8090E-09 2.7094E-09 2.6131E-09 2.5201E-09 2.4303E-09 2.3437E-09 2.2586E-09 2.1771E-09 2.0975E-09 2.0221E-09 1.9479E-09 1.8771E-09 1.8087E-09 1.7422E-09 1.6794E-09 1.6174E-09 1.5582E-09 1.5009E-09 1.4461E-09 1.3933E-09
9.5840E-09 9.2533E-09 8.9414E-09 8.6478E-09 8.3643E-09 8.0949E-09 7.8381E-09 7.5916E-09 7.3578E-09 7.1332E-09 6.9127E-09 6.7029E-09 6.4972E-09 6.3022E-09 6.1104E-09 5.9251E-09 5.7478E-09 5.5719E-09 5.4032E-09 5.2352E-09 5.0732E-09 4.9129E-09 4.7568E-09 4.6048E-09 4.4560E-09 4.3103E-09 4.1691E-09 4.0310E-09 3.8964E-09 3.7652E-09 3.6375E-09 3.5134E-09 3.3927E-09 3.2756E-09 3.1620E-09 3.0519E-09 2.9453E-09 2.8421E-09 2.7422E-09 2.6457E-09 2.5525E-09 2.4624E-09 2.3755E-09 2.2900E-09 2.2081E-09 2.1282E-09 2.0524E-09 1.9778E-09 1.9066E-09 1.8377E-09 1.7708E-09 1.7076E-09 1.6451E-09 1.5854E-09 1.5276E-09 1.4723E-09 1.4191E-09
9.6147E-09 9.2826E-09 8.9696E-09 8.6752E-09 8.3909E-09 8.1210E-09 7.8638E-09 7.6188E-09 7.3848E-09 7.1584E-09 6.9379E-09 6.7281E-09 6.5225E-09 6.3278E-09 6.1363E-09 5.9512E-09 5.7743E-09 5.5989E-09 5.4306E-09 5.2630E-09 5.1014E-09 4.9415E-09 4.7858E-09 4.6342E-09 4.4858E-09 4.3405E-09 4.1995E-09 4.0618E-09 3.9274E-09 3.7964E-09 3.6689E-09 3.5448E-09 3.4243E-09 3.3072E-09 3.1937E-09 3.0836E-09 2.9769E-09 2.8736E-09 2.7736E-09 2.6770E-09 2.5835E-09 2.4933E-09 2.4061E-09 2.3204E-09 2.2383E-09 2.1580E-09 2.0819E-09 2.0070E-09 1.9355E-09 1.8662E-09 1.7989E-09 1.7353E-09 1.6724E-09 1.6123E-09 1.5540E-09 1.4983E-09 1.4446E-09
9.6286E-09 9.2965E-09 8.9836E-09 8.6893E-09 8.4053E-09 8.1356E-09 7.8788E-09 7.6342E-09 7.4008E-09 7.1749E-09 6.9550E-09 6.7457E-09 6.5407E-09 6.3467E-09 6.1558E-09 5.9715E-09 5.7952E-09 5.6205E-09 5.4529E-09 5.2861E-09 5.1251E-09 4.9659E-09 4.8108E-09 4.6598E-09 4.5120E-09 4.3672E-09 4.2267E-09 4.0895E-09 3.9555E-09 3.8249E-09 3.6977E-09 3.5739E-09 3.4536E-09 3.3368E-09 3.2234E-09 3.1133E-09 3.0067E-09 2.9035E-09 2.8035E-09 2.7068E-09 2.6133E-09 2.5229E-09 2.4357E-09 2.3498E-09 2.2675E-09 2.1870E-09 2.1090E-09 2.0355E-09 1.9632E-09 1.8941E-09 1.8260E-09 1.7624E-09 1.6986E-09 1.6387E-09 1.5794E-09 1.5239E-09 1.4698E-09
9.6260E-09 9.2951E-09 8.9833E-09 8.6903E-09 8.4074E-09 8.1389E-09 7.8833E-09 7.6398E-09 7.4076E-09 7.1828E-09 6.9639E-09 6.7557E-09 6.5518E-09 6.3580E-09 6.1692E-09 5.9849E-09 5.8105E-09 5.6368E-09 5.4703E-09 5.3044E-09 5.1443E-09 4.9860E-09 4.8318E-09 4.6816E-09 4.5345E-09 4.3905E-09 4.2507E-09 4.1141E-09 3.9807E-09 3.8506E-09 3.7239E-09 3.6006E-09 3.4807E-09 3.3642E-09 3.2510E-09 3.1413E-09 3.0348E-09 2.9317E-09 2.8319E-09 2.7352E-09 2.6418E-09 2.5514E-09 2.4641E-09 2.3781E-09 2.2957E-09 2.2151E-09 2.1369E-09 2.0632E-09 1.9901E-09 1.9213E-09 1.8530E-09 1.7887E-09 1.7250E-09 1.6643E-09 1.6051E-09 1.5492E-09 1.4947E-09
9.6069E-09 9.2784E-09 8.9690E-09 8.6749E-09 8.3975E-09 8.1310E-09 7.8758E-09 7.6357E-09 7.4052E-09 7.1822E-09 6.9649E-09 6.7567E-09 6.5560E-09 6.3636E-09 6.1763E-09 5.9934E-09 5.8204E-09 5.6480E-09 5.4816E-09 5.3180E-09 5.1580E-09 5.0020E-09 4.8488E-09 4.6996E-09 4.5535E-09 4.4105E-09 4.2715E-09 4.1357E-09 4.0031E-09 3.8737E-09 3.7476E-09 3.6249E-09 3.5055E-09 3.3895E-09 3.2767E-09 3.1673E-09 3.0612E-09 2.9584E-09 2.8587E-09 2.7623E-09 2.6689E-09 2.5786E-09 2.4913E-09 2.4054E-09 2.3229E-09 2.2423E-09 2.1640E-09 2.0901E-09 2.0169E-09 1.9479E-09 1.8793E-09 1.8135E-09 1.7508E-09 1.6892E-09 1.6303E-09 1.5737E-09 1.5188E-09
9.5716E-09 9.2469E-09 8.9409E-09 8.6500E-09 8.3756E-09 8.1120E-09 7.8596E-09 7.6221E-09 7.3920E-09 7.1716E-09 6.9581E-09 6.7493E-09 6.5533E-09 6.3618E-09 6.1773E-09 5.9962E-09 5.8248E-09 5.6540E-09 5.4892E-09 5.3270E-09 5.1685E-09 5.0137E-09 4.8619E-09 4.7139E-09 4.5690E-09 4.4270E-09 4.2891E-09 4.1543E-09 4.0226E-09 3.8941E-09 3.7688E-09 3.6468E-09 3.5281E-09 3.4126E-09 3.3005E-09 3.1916E-09 3.0859E-09 2.9834E-09 2.8841E-09 2.7879E-09 2.6947E-09 2.6046E-09 2.5163E-09 2.4316E-09 2.3480E-09 2.2685E-09 2.1903E-09 2.1159E-09 2.0430E-09 1.9734E-09 1.9051E-09 1.8391E-09 1.7762E-09 1.7138E-09 1.6552E-09 1.5977E-09 1.5431E-09
9.5206E-09 9.2008E-09 8.8977E-09 8.6127E-09 8.3421E-09 8.0808E-09 7.8335E-09 7.5977E-09 7.3703E-09 7.1534E-09 6.9436E-09 6.7375E-09 6.5439E-09 6.3547E-09 6.1697E-09 5.9933E-09 5.8212E-09 5.6550E-09 5.4909E-09 5.3315E-09 5.1746E-09 5.0214E-09 4.8711E-09 4.7235E-09 4.5810E-09 4.4403E-09 4.3036E-09 4.1700E-09 4.0393E-09 3.9118E-09 3.7875E-09 3.6663E-09 3.5484E-09 3.4337E-09 3.3222E-09 3.2139E-09 3.1088E-09 3.0068E-09 2.9079E-09 2.8120E-09 2.7192E-09 2.6293E-09 2.5412E-09 2.4567E-09 2.3733E-09 2.2938E-09 2.2156E-09 2.1400E-09 2.0683E-09 1.9980E-09 1.9302E-09 1.8637E-09 1.8010E-09 1.7384E-09 1.6796E-09 1.6218E-09 1.5669E-09
9.4547E-09 9.1407E-09 8.8434E-09 8.5618E-09 8.2941E-09 8.0407E-09 7.7977E-09 7.5623E-09 7.3420E-09 7.1284E-09 6.9201E-09 6.7188E-09 6.5254E-09 6.3395E-09 6.1580E-09 5.9841E-09 5.8151E-09 5.6512E-09 5.4890E-09 5.3306E-09 5.1766E-09 5.0240E-09 4.8765E-09 4.7306E-09 4.5896E-09 4.4504E-09 4.3151E-09 4.1827E-09 4.0533E-09 3.9270E-09 3.8037E-09 3.6836E-09 3.5666E-09 3.4527E-09 3.3420E-09 3.2344E-09 3.1299E-09 3.0285E-09 2.9301E-09 2.8348E-09 2.7423E-09 2.6528E-09 2.5650E-09 2.4807E-09 2.3975E-09 2.3176E-09 2.2401E-09 2.1646E-09 2.0929E-09 2.0220E-09 1.9547E-09 1.8881E-09 1.8249E-09 1.7625E-09 1.7025E-09 1.6456E-09 1.5895E-09
9.3729E-09 9.0675E-09 8.7767E-09 8.4993E-09 8.2388E-09 7.9907E-09 7.7511E-09 7.5218E-09 7.3041E-09 7.0920E-09 6.8901E-09 6.6933E-09 6.5015E-09 6.3194E-09 6.1417E-09 5.9705E-09 5.8041E-09 5.6398E-09 5.4827E-09 5.3253E-09 5.1744E-09 5.0239E-09 4.8783E-09 4.7341E-09 4.5937E-09 4.4573E-09 4.3235E-09 4.1926E-09 4.0646E-09 3.9395E-09 3.8175E-09 3.6985E-09 3.5826E-09 3.4697E-09 3.3599E-09 3.2531E-09 3.1494E-09 3.0487E-09 2.9509E-09 2.8561E-09 2.7642E-09 2.6751E-09 2.5876E-09 2.5025E-09 2.4207E-09 2.3405E-09 2.2638E-09 2.1884E-09 2.1163E-09 2.0459E-09 1.9782E-09 1.9120E-09 1.8470E-09 1.7862E-09 1.7248E-09 1.6683E-09 1.6126E-09
9.2794E-09 8.9801E-09 8.6985E-09 8.4279E-09 8.1720E-09 7.9278E-09 7.6972E-09 7.4732E-09 7.2585E-09 7.0508E-09 6.8544E-09 6.6587E-09 6.4725E-09 6.2931E-09 6.1201E-09 5.9490E-09 5.7874E-09 5.6266E-09 5.4709E-09 5.3170E-09 5.1673E-09 5.0201E-09 4.8753E-09 4.7343E-09 4.5958E-09 4.4611E-09 4.3291E-09 4.1997E-09 4.0732E-09 3.9496E-09 3.8289E-09 3.7112E-09 3.5965E-09 3.4847E-09 3.3759E-09 3.2701E-09 3.1672E-09 3.0673E-09 2.9702E-09 2.8760E-09 2.7847E-09 2.6961E-09 2.6091E-09 2.5244E-09 2.4430E-09 2.3630E-09 2.2865E-09 2.2113E-09 2.1381E-09 2.0690E-09 2.0002E-09 1.9352E-09 1.8702E-09 1.8089E-09 1.7478E-09 1.6908E-09 1.6353E-09
9.1735E-09 8.8812E-09 8.6095E-09 8.3464E-09 8.0957E-09 7.8596E-09 7.6332E-09 7.4152E-09 7.2054E-09 7.0026E-09 6.8074E-09 6.6208E-09 6.4386E-09 6.2612E-09 6.0906E-09 5.9256E-09 5.7641E-09 5.6081E-09 5.4542E-09 5.3047E-09 5.1563E-09 5.0115E-09 4.8701E-09 4.7312E-09 4.5948E-09 4.4620E-09 4.3318E-09 4.2042E-09 4.0793E-09 3.9573E-09 3.8381E-09 3.7217E-09 3.6083E-09 3.4977E-09 3.3901E-09 3.2853E-09 3.1833E-09 3.0843E-09 2.9880E-09 2.8946E-09 2.8039E-09 2.7159E-09 2.6294E-09 2.5452E-09 2.4630E-09 2.3846E-09 2.3072E-09 2.2334E-09 2.1605E-09 2.0910E-09 2.0227E-09 1.9568E-09 1.8928E-09 1.8292E-09 1.7704E-09 1.7120E-09 1.6570E-09
9.0546E-09 8.7733E-09 8.5070E-09 8.2556E-09 8.0111E-09 7.7818E-09 7.5600E-09 7.3513E-09 7.1449E-09 6.9479E-09 6.7580E-09 6.5742E-09 6.3965E-09 6.2251E-09 6.0572E-09 5.8967E-09 5.7394E-09 5.5864E-09 5.4354E-09 5.2876E-09 5.1429E-09 5.0006E-09 4.8604E-09 4.7249E-09 4.5907E-09 4.4600E-09 4.3317E-09 4.2060E-09 4.0829E-09 3.9626E-09 3.8449E-09 3.7301E-09 3.6181E-09 3.5088E-09 3.4024E-09 3.2987E-09 3.1979E-09 3.0998E-09 3.0044E-09 2.9117E-09 2.8218E-09 2.7344E-09 2.6481E-09 2.5649E-09 2.4832E-09 2.4048E-09 2.3282E-09 2.2543E-09 2.1820E-09 2.1112E-09 2.0446E-09 1.9775E-09 1.9148E-09 1.8513E-09 1.7914E-09 1.7340E-09 1.6774E-09
8.9270E-09 8.6540E-09 8.3972E-09 8.1526E-09 7.9200E-09 7.6949E-09 7.4816E-09 7.2757E-09 7.0805E-09 6.8867E-09 6.7028E-09 6.5219E-09 6.3520E-09 6.1821E-09 6.0202E-09 5.8628E-09 5.7095E-09 5.5596E-09 5.4119E-09 5.2679E-09 5.1249E-09 4.9863E-09 4.8488E-09 4.7156E-09 4.5837E-09 4.4552E-09 4.3290E-09 4.2053E-09 4.0841E-09 3.9656E-09 3.8497E-09 3.7364E-09 3.6259E-09 3.5181E-09 3.4129E-09 3.3105E-09 3.2108E-09 3.1137E-09 3.0193E-09 2.9276E-09 2.8384E-09 2.7507E-09 2.6661E-09 2.5824E-09 2.5024E-09 2.4233E-09 2.3479E-09 2.2736E-09 2.2024E-09 2.1322E-09 2.0650E-09 1.9989E-09 1.9353E-09 1.8728E-09 1.8126E-09 1.7555E-09 1.6988E-09
8.7887E-09 8.5279E-09 8.2808E-09 8.0438E-09 7.8200E-09 7.6047E-09 7.3952E-09 7.1975E-09 7.0069E-09 6.8225E-09 6.6396E-09 6.4658E-09 6.2984E-09 6.1374E-09 5.9770E-09 5.8255E-09 5.6751E-09 5.5291E-09 5.3846E-09 5.2437E-09 5.1047E-09 4.9677E-09 4.8341E-09 4.7024E-09 4.5740E-09 4.4477E-09 4.3238E-09 4.2022E-09 4.0830E-09 3.9664E-09 3.8523E-09 3.7407E-09 3.6318E-09 3.5255E-09 3.4218E-09 3.3207E-09 3.2222E-09 3.1262E-09 3.0329E-09 2.9421E-09 2.8538E-09 2.7669E-09 2.6831E-09 2.6000E-09 2.5206E-09 2.4421E-09 2.3671E-09 2.2932E-09 2.2211E-09 2.1525E-09 2.0843E-09 2.0192E-09 1.9549E-09 1.8928E-09 1.8330E-09 1.7751E-09 1.7198E-09
