Assets/Resources/2015_m01_d15_1100(utc+0800)_l00_csi_1hr_conc.grd
DSAA
         159         159
     -79.000      79.000
     -79.000      79.000
  0.0000E+00  0.5813E-05
[rows 125 to 149 of 159, columns 0 to 56 of 159]
4.5568E-11 5.0526E-11 5.4409E-11 5.8789E-11 6.2736E-11 6.7119E-11 7.1363E-11 7.6012E-11 8.0530E-11 8.5444E-11 8.9483E-11 9.4703E-11 9.9601E-11 1.0489E-10 1.0925E-10 1.1453E-10 1.1830E-10 1.2332E-10 1.2732E-10 1.3231E-10 1.3748E-10 1.4217E-10 1.4698E-10 1.5254E-10 1.5765E-10 1.6283E-10 1.6852E-10 1.7365E-10 1.7960E-10 1.8532E-10 1.9080E-10 1.9676E-10 2.0285E-10 2.0867E-10 2.1500E-10 2.2105E-10 2.2760E-10 2.3428E-10 2.4067E-10 2.4841E-10 2.5548E-10 2.6269E-10 2.7090E-10 2.7926E-10 2.8696E-10 2.9610E-10 3.0414E-10 3.1366E-10 3.2275E-10 3.3225E-10 3.4339E-10 3.5314E-10 3.6396E-10 3.7491E-10 3.8819E-10 4.0080E-10 4.1691E-10
4.2593E-11 4.5502E-11 5.0462E-11 5.4349E-11 5.9198E-11 6.2658E-11 6.7515E-11 7.1257E-11 7.6401E-11 8.0392E-11 8.5260E-11 8.9304E-11 9.4498E-11 9.9078E-11 1.0461E-10 1.0946E-10 1.1391E-10 1.1844E-10 1.2261E-10 1.2743E-10 1.3212E-10 1.3663E-10 1.4155E-10 1.4668E-10 1.5151E-10 1.5690E-10 1.6200E-10 1.6729E-10 1.7303E-10 1.7820E-10 1.8385E-10 1.8960E-10 1.9510E-10 2.0109E-10 2.0719E-10 2.1303E-10 2.1935E-10 2.2541E-10 2.3196E-10 2.3903E-10 2.4586E-10 2.5280E-10 2.6071E-10 2.6796E-10 2.7619E-10 2.8374E-10 2.9275E-10 3.0236E-10 3.1000E-10 3.2070E-10 3.2970E-10 3.4015E-10 3.4958E-10 3.5947E-10 3.7110E-10 3.8335E-10 3.9667E-10
3.9550E-11 4.1962E-11 4.5124E-11 5.0613E-11 5.4511E-11 5.8819E-11 6.2541E-11 6.7106E-11 7.0822E-11 7.5954E-11 8.0171E-11 8.5043E-11 8.9560E-11 9.4212E-11 9.9847E-11 1.0399E-10 1.0935E-10 1.1321E-10 1.1829E-10 1.2210E-10 1.2688E-10 1.3123E-10 1.3630E-10 1.4055E-10 1.4591E-10 1.5106E-10 1.5570E-10 1.6108E-10 1.6629E-10 1.7161E-10 1.7706E-10 1.8225E-10 1.8791E-10 1.9369E-10 1.9921E-10 2.0520E-10 2.1092E-10 2.1714E-10 2.2346E-10 2.2951E-10 2.3725E-10 2.4315E-10 2.5078E-10 2.5858E-10 2.6611E-10 2.7379E-10 2.8248E-10 2.9007E-10 2.9911E-10 3.0771E-10 3.1671E-10 3.2641E-10 3.3581E-10 3.4586E-10 3.5566E-10 3.6703E-10 3.7828E-10
3.5879E-11 3.8955E-11 4.1873E-11 4.5287E-11 5.0184E-11 5.4386E-11 5.8669E-11 6.2882E-11 6.6921E-11 7.1389E-11 7.5460E-11 8.0708E-11 8.4765E-11 8.9509E-11 9.3606E-11 9.9472E-11 1.0387E-10 1.0890E-10 1.1271E-10 1.1749E-10 1.2124E-10 1.2629E-10 1.3059E-10 1.3527E-10 1.4013E-10 1.4476E-10 1.4984E-10 1.5441E-10 1.6006E-10 1.6485E-10 1.7043E-10 1.7579E-10 1.8089E-10 1.8646E-10 1.9215E-10 1.9755E-10 2.0345E-10 2.0907E-10 2.1517E-10 2.2138E-10 2.2729E-10 2.3454E-10 2.4112E-10 2.4862E-10 2.5547E-10 2.6327E-10 2.7040E-10 2.7895E-10 2.8638E-10 2.9527E-10 3.0370E-10 3.1253E-10 3.2206E-10 3.3127E-10 3.4115E-10 3.5074E-10 3.6193E-10
3.1571E-11 3.4416E-11 3.7691E-11 4.1251E-11 4.5376E-11 4.8899E-11 5.4523E-11 5.8767E-11 6.3200E-11 6.6469E-11 7.1135E-11 7.5482E-11 8.0405E-11 8.4463E-11 8.8885E-11 9.2940E-11 9.9040E-11 1.0312E-10 1.0811E-10 1.1188E-10 1.1660E-10 1.2062E-10 1.2558E-10 1.2954E-10 1.3445E-10 1.3929E-10 1.4380E-10 1.4887E-10 1.5365E-10 1.5859E-10 1.6365E-10 1.6916E-10 1.7407E-10 1.7944E-10 1.8491E-10 1.9013E-10 1.9580E-10 2.0121E-10 2.0710E-10 2.1269E-10 2.1878E-10 2.2537E-10 2.3169E-10 2.3813E-10 2.4551E-10 2.5222E-10 2.5988E-10 2.6684E-10 2.7526E-10 2.8252E-10 2.9125E-10 3.0040E-10 3.0886E-10 3.1842E-10 3.2800E-10 3.3623E-10 3.4633E-10
2.7996E-11 3.1294E-11 3.3206E-11 3.6989E-11 4.1150E-11 4.4956E-11 4.8165E-11 5.3673E-11 5.7712E-11 6.2116E-11 6.5649E-11 7.0863E-11 7.4897E-11 7.9797E-11 8.3814E-11 8.8759E-11 9.2743E-11 9.8281E-11 1.0285E-10 1.0753E-10 1.1183E-10 1.1592E-10 1.1988E-10 1.2452E-10 1.2902E-10 1.3325E-10 1.3803E-10 1.4281E-10 1.4747E-10 1.5217E-10 1.5738E-10 1.6200E-10 1.6742E-10 1.7224E-10 1.7751E-10 1.8289E-10 1.8799E-10 1.9356E-10 1.9885E-10 2.0462E-10 2.1009E-10 2.1605E-10 2.2252E-10 2.2870E-10 2.3501E-10 2.4226E-10 2.4882E-10 2.5633E-10 2.6485E-10 2.7141E-10 2.7937E-10 2.8775E-10 2.9605E-10 3.0507E-10 3.1371E-10 3.2310E-10 3.3204E-10
2.4427E-11 2.7423E-11 3.0696E-11 3.3139E-11 3.5746E-11 4.0843E-11 4.4494E-11 4.8005E-11 5.2582E-11 5.7486E-11 6.1584E-11 6.6128E-11 6.9976E-11 7.4993E-11 7.8884E-11 8.3640E-11 8.8028E-11 9.2531E-11 9.7729E-11 1.0252E-10 1.0634E-10 1.1113E-10 1.1490E-10 1.1968E-10 1.2370E-10 1.2809E-10 1.3265E-10 1.3669E-10 1.4174E-10 1.4598E-10 1.5094E-10 1.5573E-10 1.6026E-10 1.6559E-10 1.7031E-10 1.7547E-10 1.8075E-10 1.8575E-10 1.9120E-10 1.9637E-10 2.0203E-10 2.0775E-10 2.1320E-10 2.1993E-10 2.2640E-10 2.3298E-10 2.3969E-10 2.4612E-10 2.5347E-10 2.6102E-10 2.6740E-10 2.7607E-10 2.8342E-10 2.9240E-10 3.0038E-10 3.0882E-10 3.1882E-10
2.2020E-11 2.3898E-11 2.6277E-11 3.0019E-11 3.2501E-11 3.4778E-11 3.8576E-11 4.4315E-11 4.7999E-11 5.1589E-11 5.7016E-11 6.1286E-11 6.5788E-11 6.9345E-11 7.4621E-11 7.8179E-11 8.3157E-11 8.7244E-11 9.1968E-11 9.6852E-11 1.0132E-10 1.0567E-10 1.1010E-10 1.1412E-10 1.1852E-10 1.2248E-10 1.2681E-10 1.3130E-10 1.3527E-10 1.4058E-10 1.4440E-10 1.4962E-10 1.5398E-10 1.5912E-10 1.6365E-10 1.6863E-10 1.7371E-10 1.7887E-10 1.8377E-10 1.8910E-10 1.9455E-10 1.9931E-10 2.0530E-10 2.1103E-10 2.1723E-10 2.2316E-10 2.2961E-10 2.3617E-10 2.4286E-10 2.4965E-10 2.5704E-10 2.6410E-10 2.7176E-10 2.7893E-10 2.8773E-10 2.9553E-10 3.0377E-10
1.8952E-11 2.0889E-11 2.3703E-11 2.5354E-11 2.8370E-11 3.2154E-11 3.4682E-11 3.7519E-11 4.2639E-11 4.7520E-11 5.1361E-11 5.5857E-11 6.0228E-11 6.5159E-11 6.8672E-11 7.4173E-11 7.7449E-11 8.2371E-11 8.6406E-11 9.1348E-11 9.5649E-11 1.0004E-10 1.0463E-10 1.0953E-10 1.1328E-10 1.1758E-10 1.2152E-10 1.2545E-10 1.3021E-10 1.3438E-10 1.3900E-10 1.4308E-10 1.4822E-10 1.5249E-10 1.5753E-10 1.6198E-10 1.6650E-10 1.7147E-10 1.7653E-10 1.8131E-10 1.8652E-10 1.9185E-10 1.9649E-10 2.0235E-10 2.0795E-10 2.1401E-10 2.1981E-10 2.2612E-10 2.3253E-10 2.3907E-10 2.4569E-10 2.5293E-10 2.5981E-10 2.6799E-10 2.7429E-10 2.8291E-10 2.9052E-10
1.6103E-11 1.7597E-11 2.0356E-11 2.3148E-11 2.4806E-11 2.6904E-11 3.0853E-11 3.3680E-11 3.7060E-11 4.0440E-11 4.6165E-11 5.0496E-11 5.4617E-11 5.9393E-11 6.4208E-11 6.7927E-11 7.3131E-11 7.7173E-11 8.1536E-11 8.5780E-11 9.0419E-11 9.4923E-11 9.9271E-11 1.0352E-10 1.0837E-10 1.1206E-10 1.1628E-10 1.2016E-10 1.2463E-10 1.2871E-10 1.3280E-10 1.3734E-10 1.4133E-10 1.4639E-10 1.5057E-10 1.5551E-10 1.5986E-10 1.6428E-10 1.6949E-10 1.7408E-10 1.7875E-10 1.8384E-10 1.8905E-10 1.9393E-10 1.9929E-10 2.0476E-10 2.1068E-10 2.1634E-10 2.2251E-10 2.2877E-10 2.3515E-10 2.4247E-10 2.4869E-10 2.5627E-10 2.6341E-10 2.6952E-10 2.7939E-10
1.3303E-11 1.5627E-11 1.7112E-11 1.9265E-11 2.2706E-11 2.4217E-11 2.5994E-11 2.8751E-11 3.3273E-11 3.6334E-11 3.9584E-11 4.4074E-11 4.9323E-11 5.3184E-11 5.7825E-11 6.2814E-11 6.7446E-11 7.2091E-11 7.6039E-11 8.0391E-11 8.5115E-11 8.9435E-11 9.3869E-11 9.8167E-11 1.0234E-10 1.0746E-10 1.1076E-10 1.1525E-10 1.1873E-10 1.2313E-10 1.2713E-10 1.3143E-10 1.3560E-10 1.3950E-10 1.4448E-10 1.4856E-10 1.5341E-10 1.5764E-10 1.6196E-10 1.6707E-10 1.7154E-10 1.7609E-10 1.8145E-10 1.8615E-10 1.9129E-10 1.9692E-10 2.0146E-10 2.0805E-10 2.1358E-10 2.1878E-10 2.2572E-10 2.3112E-10 2.3828E-10 2.4433E-10 2.5174E-10 2.5870E-10 2.6550E-10
1.0569E-11 1.2572E-11 1.5083E-11 1.6912E-11 1.8159E-11 2.0832E-11 2.3682E-11 2.5675E-11 2.7428E-11 3.2055E-11 3.5877E-11 3.9309E-11 4.2695E-11 4.7910E-11 5.2289E-11 5.6447E-11 6.1323E-11 6.6185E-11 7.0976E-11 7.5425E-11 7.9466E-11 8.4137E-11 8.8399E-11 9.2768E-11 9.7329E-11 1.0139E-10 1.0562E-10 1.0941E-10 1.1383E-10 1.1724E-10 1.2189E-10 1.2548E-10 1.2970E-10 1.3378E-10 1.3795E-10 1.4248E-10 1.4682E-10 1.5122E-10 1.5535E-10 1.5993E-10 1.6456E-10 1.6929E-10 1.7335E-10 1.7858E-10 1.8316E-10 1.8816E-10 1.9367E-10 1.9847E-10 2.0452E-10 2.0991E-10 2.1577E-10 2.2175E-10 2.2697E-10 2.3482E-10 2.3986E-10 2.4709E-10 2.5387E-10
8.8946E-12 1.0442E-11 1.1554E-11 1.3873E-11 1.6408E-11 1.7936E-11 1.9517E-11 2.2442E-11 2.5044E-11 2.7074E-11 3.0774E-11 3.4310E-11 3.8553E-11 4.1802E-11 4.6646E-11 5.0244E-11 5.4912E-11 5.8940E-11 6.4968E-11 6.9362E-11 7.3942E-11 7.8197E-11 8.2848E-11 8.7048E-11 9.1360E-11 9.5853E-11 9.9844E-11 1.0460E-10 1.0826E-10 1.1267E-10 1.1601E-10 1.2059E-10 1.2410E-10 1.2823E-10 1.3224E-10 1.3597E-10 1.4041E-10 1.4465E-10 1.4895E-10 1.5333E-10 1.5745E-10 1.6196E-10 1.6658E-10 1.7051E-10 1.7600E-10 1.8007E-10 1.8495E-10 1.9032E-10 1.9498E-10 2.0089E-10 2.0613E-10 2.1185E-10 2.1767E-10 2.2273E-10 2.3042E-10 2.3528E-10 2.4233E-10
6.3518E-12 7.9499E-12 9.8287E-12 1.0854E-11 1.2288E-11 1.5732E-11 1.7128E-11 1.8681E-11 2.0898E-11 2.3868E-11 2.6410E-11 2.9235E-11 3.3174E-11 3.6916E-11 4.0120E-11 4.5408E-11 4.8911E-11 5.3380E-11 5.7577E-11 6.2064E-11 6.7231E-11 7.1958E-11 7.6933E-11 8.1772E-11 8.5364E-11 9.0438E-11 9.4592E-11 9.8787E-11 1.0320E-10 1.0678E-10 1.1112E-10 1.1438E-10 1.1889E-10 1.2232E-10 1.2670E-10 1.3028E-10 1.3392E-10 1.3827E-10 1.4241E-10 1.4660E-10 1.5088E-10 1.5488E-10 1.5928E-10 1.6379E-10 1.6760E-10 1.7296E-10 1.7690E-10 1.8164E-10 1.8689E-10 1.9140E-10 1.9717E-10 2.0227E-10 2.0783E-10 2.1349E-10 2.1839E-10 2.2591E-10 2.3060E-10
5.0852E-12 5.7025E-12 6.9949E-12 9.6968E-12 1.0709E-11 1.1536E-11 1.3649E-11 1.6626E-11 1.8153E-11 1.9188E-11 2.2187E-11 2.5190E-11 2.8298E-11 3.1338E-11 3.5930E-11 3.9253E-11 4.3335E-11 4.7591E-11 5.1180E-11 5.6258E-11 6.0285E-11 6.5027E-11 6.9625E-11 7.4777E-11 8.0668E-11 8.3909E-11 8.8904E-11 9.2989E-11 9.7403E-11 1.0147E-10 1.0525E-10 1.0951E-10 1.1270E-10 1.1713E-10 1.2047E-10 1.2477E-10 1.2826E-10 1.3181E-10 1.3640E-10 1.4010E-10 1.4418E-10 1.4835E-10 1.5225E-10 1.5689E-10 1.6092E-10 1.6460E-10 1.6985E-10 1.7365E-10 1.7826E-10 1.8338E-10 1.8775E-10 1.9336E-10 1.9832E-10 2.0373E-10 2.0923E-10 2.1482E-10 2.2092E-10
3.5609E-12 4.8332E-12 5.6236E-12 6.3191E-12 8.2762E-12 1.0266E-11 1.1375E-11 1.2523E-11 1.5656E-11 1.7598E-11 1.8910E-11 2.0724E-11 2.4243E-11 2.7336E-11 3.0473E-11 3.4220E-11 3.7421E-11 4.2174E-11 4.5237E-11 4.9970E-11 5.4707E-11 5.8887E-11 6.2929E-11 6.7714E-11 7.2386E-11 7.7872E-11 8.1866E-11 8.7142E-11 9.0830E-11 9.5747E-11 9.9423E-11 1.0339E-10 1.0785E-10 1.1096E-10 1.1531E-10 1.1857E-10 1.2277E-10 1.2617E-10 1.2963E-10 1.3412E-10 1.3772E-10 1.4169E-10 1.4576E-10 1.4954E-10 1.5407E-10 1.5798E-10 1.6154E-10 1.6666E-10 1.7033E-10 1.7443E-10 1.7979E-10 1.8401E-10 1.9030E-10 1.9429E-10 1.9955E-10 2.0489E-10 2.1031E-10
1.7738E-12 2.3963E-12 3.8865E-12 5.2516E-12 5.9454E-12 6.9503E-12 9.8394E-12 1.0915E-11 1.2044E-11 1.3721E-11 1.6538E-11 1.8328E-11 1.9858E-11 2.2940E-11 2.5834E-11 2.9198E-11 3.2782E-11 3.6696E-11 4.0280E-11 4.3443E-11 4.7856E-11 5.2170E-11 5.6138E-11 6.1493E-11 6.4784E-11 6.9571E-11 7.4372E-11 7.8967E-11 8.4733E-11 8.9437E-11 9.4597E-11 9.7874E-11 1.0176E-10 1.0613E-10 1.0917E-10 1.1343E-10 1.1660E-10 1.2044E-10 1.2437E-10 1.2739E-10 1.3178E-10 1.3528E-10 1.3880E-10 1.4347E-10 1.4677E-10 1.5118E-10 1.5497E-10 1.5879E-10 1.6340E-10 1.6694E-10 1.7170E-10 1.7613E-10 1.8021E-10 1.8635E-10 1.9020E-10 1.9529E-10 2.0048E-10
1.4238E-12 1.4572E-12 1.7872E-12 2.6958E-12 4.9878E-12 5.8557E-12 6.2669E-12 8.0116E-12 1.0206E-11 1.1566E-11 1.2666E-11 1.4678E-11 1.7214E-11 1.8692E-11 2.1980E-11 2.4676E-11 2.7643E-11 3.1369E-11 3.4946E-11 3.8939E-11 4.2081E-11 4.5848E-11 5.0140E-11 5.4113E-11 5.9043E-11 6.3504E-11 6.7371E-11 7.2173E-11 7.7054E-11 8.1833E-11 8.6379E-11 9.2541E-11 9.5730E-11 1.0019E-10 1.0388E-10 1.0732E-10 1.1150E-10 1.1459E-10 1.1805E-10 1.2217E-10 1.2509E-10 1.2938E-10 1.3278E-10 1.3619E-10 1.4075E-10 1.4394E-10 1.4823E-10 1.5190E-10 1.5560E-10 1.6008E-10 1.6349E-10 1.6812E-10 1.7240E-10 1.7635E-10 1.8197E-10 1.8604E-10 1.9098E-10
0.0000E+00 1.4007E-12 1.4331E-12 1.7576E-12 1.7977E-12 4.0164E-12 5.2134E-12 5.9022E-12 6.3170E-12 8.7464E-12 1.0558E-11 1.1955E-11 1.3324E-11 1.5900E-11 1.8108E-11 2.0169E-11 2.3076E-11 2.6221E-11 2.9787E-11 3.3007E-11 3.6814E-11 4.0406E-11 4.4119E-11 4.8488E-11 5.1672E-11 5.6518E-11 6.0411E-11 6.4959E-11 6.9370E-11 7.3950E-11 7.8596E-11 8.3090E-11 8.8240E-11 9.2469E-11 9.7637E-11 1.0180E-10 1.0543E-10 1.0958E-10 1.1252E-10 1.1589E-10 1.1992E-10 1.2275E-10 1.2693E-10 1.3022E-10 1.3353E-10 1.3798E-10 1.4106E-10 1.4487E-10 1.4877E-10 1.5236E-10 1.5670E-10 1.5999E-10 1.6449E-10 1.6863E-10 1.7243E-10 1.7790E-10 1.8182E-10
0.0000E+00 0.0000E+00 2.8227E-13 1.4085E-12 1.4402E-12 1.7663E-12 2.3855E-12 4.8550E-12 5.5141E-12 6.2119E-12 7.4841E-12 9.5336E-12 1.1189E-11 1.2553E-11 1.4312E-11 1.6434E-11 1.9278E-11 2.1039E-11 2.5147E-11 2.8565E-11 3.1636E-11 3.4644E-11 3.8744E-11 4.2394E-11 4.6697E-11 4.9769E-11 5.4056E-11 5.7316E-11 6.2028E-11 6.6340E-11 7.0448E-11 7.6222E-11 8.0596E-11 8.5689E-11 9.0073E-11 9.4513E-11 9.8794E-11 1.0238E-10 1.0698E-10 1.1012E-10 1.1340E-10 1.1762E-10 1.2035E-10 1.2449E-10 1.2762E-10 1.3082E-10 1.3515E-10 1.3812E-10 1.4146E-10 1.4560E-10 1.4906E-10 1.5292E-10 1.5643E-10 1.6080E-10 1.6480E-10 1.6847E-10 1.7341E-10
0.0000E+00 0.0000E+00 0.0000E+00 0.0000E+00 5.6163E-13 1.4142E-12 1.4451E-12 1.7723E-12 3.1152E-12 5.1478E-12 5.8138E-12 6.5199E-12 8.3530E-12 1.0169E-11 1.1770E-11 1.3518E-11 1.5199E-11 1.7858E-11 1.9935E-11 2.3435E-11 2.7078E-11 3.0117E-11 3.3517E-11 3.6121E-11 3.9891E-11 4.3815E-11 4.7636E-11 5.2073E-11 5.5611E-11 5.9934E-11 6.4202E-11 6.7897E-11 7.2424E-11 7.7122E-11 8.2699E-11 8.6586E-11 9.0935E-11 9.4871E-11 9.8782E-11 1.0345E-10 1.0769E-10 1.1054E-10 1.1471E-10 1.1763E-10 1.2167E-10 1.2497E-10 1.2772E-10 1.3229E-10 1.3514E-10 1.3801E-10 1.4238E-10 1.4572E-10 1.4945E-10 1.5283E-10 1.5707E-10 1.6093E-10 1.6446E-10
0.0000E+00 0.0000E+00 0.0000E+00 0.0000E+00 0.0000E+00 0.0000E+00 8.4831E-13 1.4176E-12 1.7385E-12 1.9554E-12 3.7892E-12 4.8961E-12 5.8400E-12 7.5632E-12 8.9492E-12 1.0443E-11 1.1790E-11 1.4237E-11 1.6775E-11 1.9016E-11 2.1380E-11 2.4664E-11 2.7766E-11 3.1656E-11 3.5152E-11 3.8010E-11 4.1796E-11 4.5215E-11 4.9355E-11 5.2975E-11 5.7431E-11 6.1220E-11 6.5553E-11 6.9029E-11 7.2591E-11 7.8395E-11 8.3128E-11 8.8216E-11 9.2326E-11 9.5268E-11 9.9822E-11 1.0355E-10 1.0707E-10 1.1115E-10 1.1459E-10 1.1847E-10 1.2172E-10 1.2436E-10 1.2876E-10 1.3184E-10 1.3460E-10 1.3912E-10 1.4234E-10 1.4558E-10 1.4920E-10 1.5330E-10 1.5665E-10
0.0000E+00 0.0000E+00 0.0000E+00 0.0000E+00 0.0000E+00 0.0000E+00 0.0000E+00 0.0000E+00 8.5044E-13 1.4189E-12 1.7400E-12 2.8014E-12 4.2431E-12 5.1854E-12 6.1340E-12 8.0531E-12 9.4973E-12 1.0764E-11 1.2117E-11 1.5046E-11 1.7390E-11 2.0183E-11 2.2824E-11 2.6110E-11 2.9540E-11 3.2939E-11 3.6456E-11 3.9629E-11 4.3147E-11 4.7196E-11 4.9457E-11 5.3876E-11 5.8041E-11 6.2754E-11 6.6740E-11 6.9912E-11 7.4453E-11 7.8637E-11 8.3545E-11 8.9219E-11 9.2336E-11 9.6880E-11 1.0013E-10 1.0358E-10 1.0772E-10 1.1041E-10 1.1432E-10 1.1782E-10 1.2127E-10 1.2525E-10 1.2852E-10 1.3116E-10 1.3526E-10 1.3836E-10 1.4176E-10 1.4489E-10 1.4922E-10
0.0000E+00 0.0000E+00 0.0000E+00 0.0000E+00 0.0000E+00 0.0000E+00 0.0000E+00 0.0000E+00 0.0000E+00 2.8006E-13 8.5123E-13 1.4179E-12 1.9183E-12 2.9857E-12 4.5252E-12 5.4731E-12 6.5206E-12 8.3483E-12 1.0004E-11 1.1033E-11 1.3767E-11 1.5600E-11 1.8774E-11 2.1881E-11 2.4008E-11 2.7310E-11 3.0803E-11 3.3670E-11 3.6867E-11 4.0939E-11 4.4284E-11 4.7502E-11 5.1632E-11 5.4689E-11 5.9678E-11 6.3620E-11 6.7311E-11 7.2009E-11 7.5024E-11 7.9016E-11 8.4167E-11 8.8483E-11 9.2965E-11 9.6995E-11 1.0032E-10 1.0434E-10 1.0750E-10 1.1035E-10 1.1378E-10 1.1676E-10 1.2046E-10 1.2395E-10 1.2708E-10 1.3098E-10 1.3466E-10 1.3727E-10 1.4064E-10
0.0000E+00 0.0000E+00 0.0000E+00 0.0000E+00 0.0000E+00 0.0000E+00 0.0000E+00 0.0000E+00 0.0000E+00 0.0000E+00 0.0000E+00 2.8003E-13 8.5066E-13 1.4147E-12 2.4634E-12 3.4308E-12 4.5359E-12 5.7592E-12 7.1833E-12 8.8743E-12 1.0241E-11 1.2108E-11 1.4580E-11 1.6742E-11 1.9664E-11 2.3025E-11 2.5458E-11 2.8528E-11 3.1857E-11 3.4748E-11 3.7965E-11 4.2478E-11 4.5073E-11 4.9402E-11 5.2377E-11 5.5053E-11 5.8780E-11 6.3286E-11 6.9035E-11 7.2495E-11 7.5626E-11 7.9611E-11 8.3395E-11 8.8878E-11 9.2471E-11 9.5558E-11 1.0093E-10 1.0400E-10 1.0699E-10 1.1064E-10 1.1324E-10 1.1647E-10 1.1983E-10 1.2258E-10 1.2591E-10 1.2945E-10 1.3193E-10
