Assets/Resources/2015_m01_d27_0100(utc+0800)_l00_csi_1hr_conc.grd
DSAA
         159         159
     -79.000      79.000
     -79.000      79.000
  0.0000E+00  0.2689E-05
[rows 25 to 49 of 159, columns 57 to 113 of 159]
5.1314E-10 6.6139E-10 8.3912E-10 1.0533E-09 1.3071E-09 1.6085E-09 1.9549E-09 2.3497E-09 2.7941E-09 3.2882E-09 3.8275E-09 4.4038E-09 5.0116E-09 5.6356E-09 6.2642E-09 6.8824E-09 7.4716E-09 8.0145E-09 8.4970E-09 8.8994E-09 9.2152E-09 9.4299E-09 9.5348E-09 9.5262E-09 9.4061E-09 9.1759E-09 8.8412E-09 8.4124E-09 7.9025E-09 7.3267E-09 6.7017E-09 6.0474E-09 5.3822E-09 4.7232E-09 4.0843E-09 3.4802E-09 2.9204E-09 2.4213E-09 1.9777E-09 1.5897E-09 1.2551E-09 9.6628E-10 7.2320E-10 5.3212E-10 3.8150E-10 2.6720E-10 1.8582E-10 1.2342E-10 7.8319E-11 4.6798E-11 2.5653E-11 1.1207E-11 3.7669E-12 1.1191E-12 0.0000E+00 0.0000E+00 0.0000E+00
3.9663E-10 5.2489E-10 6.7856E-10 8.6288E-10 1.0850E-09 1.3482E-09 1.6550E-09 2.0087E-09 2.4109E-09 2.8611E-09 3.3583E-09 3.8966E-09 4.4675E-09 5.0628E-09 5.6731E-09 6.2834E-09 6.8753E-09 7.4375E-09 7.9474E-09 8.3973E-09 8.7690E-09 9.0475E-09 9.2273E-09 9.2969E-09 9.2544E-09 9.0989E-09 8.8327E-09 8.4652E-09 8.0074E-09 7.4735E-09 6.8806E-09 6.2478E-09 5.5928E-09 4.9342E-09 4.2901E-09 3.6782E-09 3.1046E-09 2.5863E-09 2.1211E-09 1.7117E-09 1.3565E-09 1.0420E-09 7.8631E-10 5.8197E-10 4.2068E-10 2.9950E-10 2.0808E-10 1.4067E-10 9.1368E-11 5.5439E-11 3.0960E-11 1.5599E-11 5.7993E-12 1.8935E-12 6.0756E-13 0.0000E+00 0.0000E+00
2.9769E-10 4.0670E-10 5.4025E-10 6.9909E-10 8.9064E-10 1.1198E-09 1.3902E-09 1.7039E-09 2.0640E-09 2.4723E-09 2.9273E-09 3.4249E-09 3.9610E-09 4.5269E-09 5.1163E-09 5.7156E-09 6.3119E-09 6.8859E-09 7.4286E-09 7.9168E-09 8.3396E-09 8.6839E-09 8.9341E-09 9.0780E-09 9.1104E-09 9.0298E-09 8.8341E-09 8.5302E-09 8.1264E-09 7.6368E-09 7.0769E-09 6.4657E-09 5.8228E-09 5.1673E-09 4.5184E-09 3.8898E-09 3.3047E-09 2.7642E-09 2.2757E-09 1.8436E-09 1.4625E-09 1.1343E-09 8.5730E-10 6.3538E-10 4.6561E-10 3.3620E-10 2.3458E-10 1.5874E-10 1.0433E-10 6.5095E-11 3.7202E-11 2.0008E-11 9.3529E-12 2.4515E-12 1.3277E-12 0.0000E+00 0.0000E+00
2.1750E-10 3.0490E-10 4.1873E-10 5.5871E-10 7.2364E-10 9.2266E-10 1.1595E-09 1.4362E-09 1.7578E-09 2.1242E-09 2.5387E-09 2.9970E-09 3.4969E-09 4.0318E-09 4.5988E-09 5.1888E-09 5.7798E-09 6.3693E-09 6.9336E-09 7.4604E-09 7.9346E-09 8.3366E-09 8.6512E-09 8.8718E-09 8.9829E-09 8.9787E-09 8.8562E-09 8.6177E-09 8.2707E-09 7.8279E-09 7.3036E-09 6.7162E-09 6.0851E-09 5.4313E-09 4.7758E-09 4.1371E-09 3.5298E-09 2.9641E-09 2.4486E-09 1.9864E-09 1.5779E-09 1.2296E-09 9.3724E-10 7.0144E-10 5.1693E-10 3.7188E-10 2.6459E-10 1.8129E-10 1.1805E-10 7.6016E-11 4.5601E-11 2.3923E-11 1.2902E-11 4.4099E-12 1.9477E-12 0.0000E+00 0.0000E+00
1.5265E-10 2.2299E-10 3.1729E-10 4.3727E-10 5.8186E-10 7.5462E-10 9.6099E-10 1.2021E-09 1.4865E-09 1.8156E-09 2.1898E-09 2.6099E-09 3.0729E-09 3.5779E-09 4.1228E-09 4.6967E-09 5.2880E-09 5.8823E-09 6.4675E-09 7.0283E-09 7.5443E-09 8.0040E-09 8.3891E-09 8.6812E-09 8.8653E-09 8.9347E-09 8.8830E-09 8.7120E-09 8.4244E-09 8.0301E-09 7.5423E-09 6.9794E-09 6.3620E-09 5.7123E-09 5.0483E-09 4.3959E-09 3.7670E-09 3.1755E-09 2.6330E-09 2.1408E-09 1.7091E-09 1.3371E-09 1.0214E-09 7.7215E-10 5.7373E-10 4.1600E-10 2.9419E-10 2.0459E-10 1.3661E-10 8.6899E-11 5.4203E-11 3.0843E-11 1.5761E-11 7.3327E-12 2.2880E-12 0.0000E+00 0.0000E+00
1.0022E-10 1.5851E-10 2.3569E-10 3.3396E-10 4.6126E-10 6.1106E-10 7.8924E-10 1.0014E-09 1.2511E-09 1.5426E-09 1.8786E-09 2.2636E-09 2.6928E-09 3.1645E-09 3.6845E-09 4.2447E-09 4.8268E-09 5.4255E-09 6.0291E-09 6.6167E-09 7.1794E-09 7.6935E-09 8.1349E-09 8.4954E-09 8.7577E-09 8.9061E-09 8.9320E-09 8.8312E-09 8.6050E-09 8.2614E-09 7.8129E-09 7.2760E-09 6.6721E-09 6.0220E-09 5.3521E-09 4.6800E-09 4.0251E-09 3.4054E-09 2.8287E-09 2.3085E-09 1.8482E-09 1.4504E-09 1.1214E-09 8.4979E-10 6.3083E-10 4.6192E-10 3.2906E-10 2.2712E-10 1.5548E-10 1.0043E-10 6.1477E-11 3.7783E-11 1.9334E-11 1.0598E-11 2.6433E-12 0.0000E+00 0.0000E+00
6.3107E-11 1.0816E-10 1.7116E-10 2.5130E-10 3.5633E-10 4.8728E-10 6.4352E-10 8.2760E-10 1.0464E-09 1.3051E-09 1.6068E-09 1.9540E-09 2.3482E-09 2.7884E-09 3.2846E-09 3.8282E-09 4.3999E-09 5.0011E-09 5.6113E-09 6.2297E-09 6.8286E-09 7.3885E-09 7.8978E-09 8.3313E-09 8.6688E-09 8.8901E-09 8.9902E-09 8.9600E-09 8.7969E-09 8.5058E-09 8.0978E-09 7.5886E-09 6.9978E-09 6.3525E-09 5.6724E-09 4.9816E-09 4.3022E-09 3.6515E-09 3.0420E-09 2.4896E-09 1.9991E-09 1.5791E-09 1.2278E-09 9.3254E-10 6.9652E-10 5.0929E-10 3.6507E-10 2.5568E-10 1.7370E-10 1.1500E-10 7.2371E-11 4.3795E-11 2.4996E-11 1.2740E-11 3.0035E-12 0.0000E+00 0.0000E+00
3.8521E-11 7.1631E-11 1.1861E-10 1.8343E-10 2.7105E-10 3.8173E-10 5.1736E-10 6.7683E-10 8.6826E-10 1.0959E-09 1.3644E-09 1.6780E-09 2.0387E-09 2.4474E-09 2.9176E-09 3.4409E-09 4.0034E-09 4.5977E-09 5.2251E-09 5.8621E-09 6.4963E-09 7.1077E-09 7.6739E-09 8.1719E-09 8.5826E-09 8.8857E-09 9.0647E-09 9.1080E-09 9.0110E-09 8.7744E-09 8.4088E-09 7.9278E-09 7.3524E-09 6.7063E-09 6.0139E-09 5.3012E-09 4.5948E-09 3.9097E-09 3.2702E-09 2.6866E-09 2.1638E-09 1.7176E-09 1.3383E-09 1.0215E-09 7.6493E-10 5.6097E-10 4.0265E-10 2.8450E-10 1.9363E-10 1.2978E-10 8.3986E-11 4.9146E-11 3.0547E-11 1.4580E-11 3.3564E-12 0.0000E+00 0.0000E+00
2.1544E-11 4.6025E-11 8.1513E-11 1.3130E-10 2.0147E-10 2.9232E-10 4.1035E-10 5.4745E-10 7.1310E-10 9.1348E-10 1.1520E-09 1.4350E-09 1.7637E-09 2.1408E-09 2.5840E-09 3.0883E-09 3.6331E-09 4.2273E-09 4.8549E-09 5.5119E-09 6.1819E-09 6.8370E-09 7.4604E-09 8.0318E-09 8.5224E-09 8.9032E-09 9.1636E-09 9.2835E-09 9.2552E-09 9.0775E-09 8.7558E-09 8.3039E-09 7.7447E-09 7.0979E-09 6.3920E-09 5.6553E-09 4.9130E-09 4.1927E-09 3.5127E-09 2.8883E-09 2.3418E-09 1.8659E-09 1.4550E-09 1.1123E-09 8.3514E-10 6.1447E-10 4.4307E-10 3.1204E-10 2.1546E-10 1.4373E-10 9.4052E-11 5.7698E-11 3.5217E-11 1.6263E-11 3.7828E-12 0.0000E+00 0.0000E+00
8.4406E-12 2.7222E-11 5.4934E-11 9.2933E-11 1.4773E-10 2.2020E-10 3.1810E-10 4.3674E-10 5.8012E-10 7.5434E-10 9.6589E-10 1.2182E-09 1.5166E-09 1.8623E-09 2.2786E-09 2.7618E-09 3.2933E-09 3.8772E-09 4.5122E-09 5.1879E-09 5.8810E-09 6.5792E-09 7.2632E-09 7.9010E-09 8.4650E-09 8.9304E-09 9.2734E-09 9.4742E-09 9.5177E-09 9.4002E-09 9.1254E-09 8.7050E-09 8.1569E-09 7.5070E-09 6.7850E-09 6.0214E-09 5.2507E-09 4.4941E-09 3.7760E-09 3.1164E-09 2.5277E-09 2.0142E-09 1.5796E-09 1.2082E-09 9.0534E-10 6.6899E-10 4.8413E-10 3.4008E-10 2.3792E-10 1.6054E-10 1.0396E-10 6.6505E-11 3.8957E-11 1.7629E-11 4.4551E-12 0.0000E+00 0.0000E+00
2.5117E-12 1.2758E-11 3.3900E-11 6.3437E-11 1.0570E-10 1.6337E-10 2.4326E-10 3.4333E-10 4.6624E-10 6.1731E-10 8.0265E-10 1.0268E-09 1.2961E-09 1.6127E-09 2.0013E-09 2.4630E-09 2.9784E-09 3.5515E-09 4.1892E-09 4.8702E-09 5.5967E-09 6.3416E-09 7.0775E-09 7.7833E-09 8.4258E-09 8.9779E-09 9.4095E-09 9.6940E-09 9.8148E-09 9.7621E-09 9.5354E-09 9.1440E-09 8.6124E-09 7.9593E-09 7.2179E-09 6.4234E-09 5.6110E-09 4.8112E-09 4.0491E-09 3.3530E-09 2.7245E-09 2.1713E-09 1.6988E-09 1.3060E-09 9.8030E-10 7.2236E-10 5.2495E-10 3.7035E-10 2.5579E-10 1.7508E-10 1.1392E-10 7.4808E-11 4.2366E-11 1.8816E-11 4.9796E-12 0.0000E+00 0.0000E+00
1.8882E-13 3.6747E-12 1.7505E-11 3.9722E-11 7.2592E-11 1.1877E-10 1.8367E-10 2.6503E-10 3.7035E-10 5.0149E-10 6.6265E-10 8.6128E-10 1.1024E-09 1.3888E-09 1.7429E-09 2.1885E-09 2.6839E-09 3.2511E-09 3.8807E-09 4.5844E-09 5.3331E-09 6.1144E-09 6.9115E-09 7.6918E-09 8.4205E-09 9.0622E-09 9.5860E-09 9.9605E-09 1.0161E-08 1.0176E-08 1.0000E-08 9.6411E-09 9.1167E-09 8.4555E-09 7.6920E-09 6.8677E-09 6.0126E-09 5.1618E-09 4.3510E-09 3.5991E-09 2.9235E-09 2.3329E-09 1.8258E-09 1.3968E-09 1.0529E-09 7.7532E-10 5.5844E-10 4.0028E-10 2.7618E-10 1.8791E-10 1.2381E-10 7.9746E-11 4.4018E-11 1.8812E-11 5.3105E-12 0.0000E+00 0.0000E+00
0.0000E+00 4.6311E-13 4.5812E-12 2.0714E-11 4.6177E-11 8.2522E-11 1.3442E-10 2.0116E-10 2.8863E-10 4.0304E-10 5.4263E-10 7.1676E-10 9.3021E-10 1.1880E-09 1.5001E-09 1.9371E-09 2.4152E-09 2.9619E-09 3.5993E-09 4.3070E-09 5.0805E-09 5.9086E-09 6.7630E-09 7.6131E-09 8.4202E-09 9.1572E-09 9.7786E-09 1.0248E-08 1.0536E-08 1.0622E-08 1.0498E-08 1.0173E-08 9.6609E-09 8.9902E-09 8.1994E-09 7.3304E-09 6.4252E-09 5.5243E-09 4.6596E-09 3.8557E-09 3.1284E-09 2.4907E-09 1.9480E-09 1.4930E-09 1.1192E-09 8.2801E-10 5.9546E-10 4.2135E-10 2.9373E-10 1.9689E-10 1.3378E-10 8.3916E-11 4.4393E-11 1.9925E-11 5.1357E-12 0.0000E+00 0.0000E+00
0.0000E+00 0.0000E+00 7.4885E-13 6.1385E-12 2.5383E-11 5.3116E-11 9.3934E-11 1.4975E-10 2.2095E-10 3.1783E-10 4.3987E-10 5.9223E-10 7.8129E-10 1.0114E-09 1.2890E-09 1.7071E-09 2.1633E-09 2.7064E-09 3.3342E-09 4.0505E-09 4.8473E-09 5.7108E-09 6.6221E-09 7.5504E-09 8.4557E-09 9.2937E-09 1.0019E-08 1.0587E-08 1.0966E-08 1.1128E-08 1.1060E-08 1.0763E-08 1.0257E-08 9.5716E-09 8.7473E-09 7.8335E-09 6.8694E-09 5.9045E-09 4.9763E-09 4.1132E-09 3.3345E-09 2.6516E-09 2.0658E-09 1.5811E-09 1.1820E-09 8.6674E-10 6.2880E-10 4.4309E-10 3.0892E-10 2.0879E-10 1.3850E-10 8.4305E-11 4.4060E-11 1.9074E-11 4.8305E-12 0.0000E+00 0.0000E+00
0.0000E+00 0.0000E+00 0.0000E+00 6.7318E-13 9.0889E-12 2.9770E-11 6.1273E-11 1.0675E-10 1.6511E-10 2.4493E-10 3.5087E-10 4.8309E-10 6.4921E-10 8.5330E-10 1.1028E-09 1.4982E-09 1.9397E-09 2.4645E-09 3.0855E-09 3.8147E-09 4.6375E-09 5.5493E-09 6.5278E-09 7.5326E-09 8.5320E-09 9.4781E-09 1.0318E-08 1.0999E-08 1.1477E-08 1.1718E-08 1.1705E-08 1.1441E-08 1.0936E-08 1.0226E-08 9.3555E-09 8.3782E-09 7.3466E-09 6.3086E-09 5.3061E-09 4.3733E-09 3.5342E-09 2.8022E-09 2.1793E-09 1.6607E-09 1.2412E-09 9.0903E-10 6.5047E-10 4.5822E-10 3.1479E-10 2.1483E-10 1.4109E-10 8.4377E-11 4.4145E-11 1.6979E-11 4.3307E-12 0.0000E+00 0.0000E+00
0.0000E+00 0.0000E+00 0.0000E+00 0.0000E+00 4.5646E-13 1.2015E-11 3.6062E-11 7.1918E-11 1.1765E-10 1.8280E-10 2.7206E-10 3.8790E-10 5.3406E-10 7.1376E-10 9.3629E-10 1.3067E-09 1.7358E-09 2.2439E-09 2.8666E-09 3.5960E-09 4.4444E-09 5.3985E-09 6.4370E-09 7.5324E-09 8.6402E-09 9.7040E-09 1.0664E-08 1.1458E-08 1.2040E-08 1.2365E-08 1.2408E-08 1.2166E-08 1.1656E-08 1.0914E-08 9.9935E-09 8.9467E-09 7.8338E-09 6.7143E-09 5.6347E-09 4.6306E-09 3.7292E-09 2.9459E-09 2.2785E-09 1.7287E-09 1.2825E-09 9.3503E-10 6.6827E-10 4.7116E-10 3.2215E-10 2.1799E-10 1.3817E-10 8.0633E-11 3.9456E-11 1.5442E-11 3.4526E-12 0.0000E+00 0.0000E+00
0.0000E+00 0.0000E+00 0.0000E+00 0.0000E+00 0.0000E+00 2.0509E-12 1.7513E-11 4.4355E-11 7.9175E-11 1.3217E-10 2.0585E-10 3.0559E-10 4.3343E-10 5.9217E-10 7.8726E-10 1.1313E-09 1.5458E-09 2.0449E-09 2.6564E-09 3.4012E-09 4.2768E-09 5.2813E-09 6.3972E-09 7.5807E-09 8.7990E-09 9.9882E-09 1.1082E-08 1.2009E-08 1.2703E-08 1.3113E-08 1.3213E-08 1.2991E-08 1.2465E-08 1.1676E-08 1.0682E-08 9.5466E-09 8.3405E-09 7.1249E-09 5.9557E-09 4.8748E-09 3.9078E-09 3.0685E-09 2.3634E-09 1.7860E-09 1.3146E-09 9.5331E-10 6.7438E-10 4.6942E-10 3.2126E-10 2.1466E-10 1.3410E-10 7.6770E-11 3.5899E-11 1.3471E-11 2.6500E-12 0.0000E+00 0.0000E+00
0.0000E+00 0.0000E+00 0.0000E+00 0.0000E+00 0.0000E+00 0.0000E+00 5.4984E-12 2.3610E-11 4.9464E-11 9.1411E-11 1.5087E-10 2.3424E-10 3.4404E-10 4.8340E-10 6.5441E-10 9.7041E-10 1.3809E-09 1.8611E-09 2.4739E-09 3.2224E-09 4.1264E-09 5.1820E-09 6.3692E-09 7.6595E-09 9.0051E-09 1.0336E-08 1.1567E-08 1.2628E-08 1.3438E-08 1.3936E-08 1.4084E-08 1.3872E-08 1.3321E-08 1.2472E-08 1.1398E-08 1.0163E-08 8.8484E-09 7.5295E-09 6.2647E-09 5.1001E-09 4.0675E-09 3.1737E-09 2.4260E-09 1.8223E-09 1.3257E-09 9.5489E-10 6.7601E-10 4.6562E-10 3.1905E-10 2.0621E-10 1.2439E-10 6.8369E-11 3.1079E-11 1.0438E-11 0.0000E+00 0.0000E+00 0.0000E+00
0.0000E+00 0.0000E+00 0.0000E+00 0.0000E+00 0.0000E+00 0.0000E+00 0.0000E+00 1.0474E-11 2.9216E-11 6.0409E-11 1.0705E-10 1.7460E-10 2.6710E-10 3.8953E-10 5.4007E-10 8.2010E-10 1.2257E-09 1.7001E-09 2.3051E-09 3.0674E-09 4.0020E-09 5.1106E-09 6.3774E-09 7.7839E-09 9.2624E-09 1.0739E-08 1.2126E-08 1.3329E-08 1.4259E-08 1.4842E-08 1.5037E-08 1.4827E-08 1.4234E-08 1.3310E-08 1.2130E-08 1.0780E-08 9.3474E-09 7.9146E-09 6.5467E-09 5.3064E-09 4.1979E-09 3.2536E-09 2.4713E-09 1.8315E-09 1.3276E-09 9.4359E-10 6.5899E-10 4.5079E-10 3.0339E-10 1.9310E-10 1.1346E-10 6.0208E-11 2.5407E-11 5.0041E-12 0.0000E+00 0.0000E+00 0.0000E+00
0.0000E+00 0.0000E+00 0.0000E+00 0.0000E+00 0.0000E+00 0.0000E+00 0.0000E+00 2.1511E-12 1.5128E-11 3.7625E-11 7.3367E-11 1.2722E-10 2.0399E-10 3.0897E-10 4.4048E-10 6.7820E-10 1.0936E-09 1.5572E-09 2.1556E-09 2.9338E-09 3.9041E-09 5.0782E-09 6.4492E-09 7.9747E-09 9.6009E-09 1.1245E-08 1.2797E-08 1.4155E-08 1.5214E-08 1.5885E-08 1.6114E-08 1.5886E-08 1.5225E-08 1.4202E-08 1.2891E-08 1.1402E-08 9.8400E-09 8.2781E-09 6.7977E-09 5.4556E-09 4.2861E-09 3.2855E-09 2.4711E-09 1.8112E-09 1.2973E-09 9.2094E-10 6.3692E-10 4.3198E-10 2.8274E-10 1.7362E-10 9.8976E-11 5.0626E-11 2.1050E-11 6.9662E-13 0.0000E+00 0.0000E+00 0.0000E+00
0.0000E+00 0.0000E+00 0.0000E+00 0.0000E+00 0.0000E+00 0.0000E+00 0.0000E+00 0.0000E+00 5.4559E-12 2.0913E-11 4.8154E-11 9.0866E-11 1.5306E-10 2.4020E-10 3.5474E-10 5.4407E-10 9.7325E-10 1.4293E-09 2.0343E-09 2.8249E-09 3.8340E-09 5.0763E-09 6.5402E-09 8.2020E-09 9.9917E-09 1.1814E-08 1.3552E-08 1.5075E-08 1.6264E-08 1.7017E-08 1.7268E-08 1.7007E-08 1.6261E-08 1.5112E-08 1.3653E-08 1.2002E-08 1.0277E-08 8.5779E-09 6.9869E-09 5.5617E-09 4.3199E-09 3.2862E-09 2.4406E-09 1.7706E-09 1.2514E-09 8.7902E-10 5.9884E-10 4.0007E-10 2.5680E-10 1.5414E-10 8.4059E-11 4.1124E-11 2.2559E-12 0.0000E+00 0.0000E+00 0.0000E+00 0.0000E+00
0.0000E+00 0.0000E+00 0.0000E+00 0.0000E+00 0.0000E+00 0.0000E+00 0.0000E+00 0.0000E+00 0.0000E+00 8.9748E-12 2.9000E-11 6.1855E-11 1.1170E-10 1.8280E-10 2.8103E-10 4.2740E-10 8.6671E-10 1.3256E-09 1.9272E-09 2.7337E-09 3.7911E-09 5.1121E-09 6.6962E-09 8.5066E-09 1.0474E-08 1.2490E-08 1.4429E-08 1.6131E-08 1.7442E-08 1.8280E-08 1.8551E-08 1.8235E-08 1.7376E-08 1.6066E-08 1.4420E-08 1.2592E-08 1.0685E-08 8.8287E-09 7.1149E-09 5.5994E-09 4.2926E-09 3.2239E-09 2.3635E-09 1.6929E-09 1.1894E-09 8.2705E-10 5.5668E-10 3.6266E-10 2.2634E-10 1.3120E-10 6.7706E-11 9.7954E-12 9.9094E-13 0.0000E+00 0.0000E+00 0.0000E+00 0.0000E+00
0.0000E+00 0.0000E+00 0.0000E+00 0.0000E+00 0.0000E+00 0.0000E+00 0.0000E+00 0.0000E+00 0.0000E+00 1.6698E-12 1.4622E-11 3.8652E-11 7.7431E-11 1.3533E-10 2.1920E-10 3.3866E-10 7.8686E-10 1.2328E-09 1.8402E-09 2.6693E-09 3.7788E-09 5.1786E-09 6.8750E-09 8.8454E-09 1.1011E-08 1.3250E-08 1.5415E-08 1.7326E-08 1.8810E-08 1.9731E-08 1.9999E-08 1.9600E-08 1.8587E-08 1.7072E-08 1.5199E-08 1.3132E-08 1.1026E-08 9.0017E-09 7.1575E-09 5.5626E-09 4.2163E-09 3.1171E-09 2.2530E-09 1.5823E-09 1.1072E-09 7.5547E-10 4.9821E-10 3.1830E-10 1.9241E-10 1.0329E-10 4.7140E-11 2.8284E-12 2.1370E-14 0.0000E+00 0.0000E+00 0.0000E+00 0.0000E+00
0.0000E+00 0.0000E+00 0.0000E+00 0.0000E+00 0.0000E+00 0.0000E+00 0.0000E+00 0.0000E+00 0.0000E+00 0.0000E+00 4.6100E-12 2.0799E-11 5.0467E-11 9.6465E-11 1.6622E-10 2.7252E-10 7.0253E-10 1.1589E-09 1.7721E-09 2.6336E-09 3.7783E-09 5.2709E-09 7.1025E-09 9.2595E-09 1.1648E-08 1.4142E-08 1.6560E-08 1.8701E-08 2.0344E-08 2.1362E-08 2.1626E-08 2.1119E-08 1.9912E-08 1.8139E-08 1.5985E-08 1.3661E-08 1.1317E-08 9.1105E-09 7.1361E-09 5.4442E-09 4.0587E-09 2.9505E-09 2.0998E-09 1.4583E-09 1.0107E-09 6.7724E-10 4.3753E-10 2.6910E-10 1.5524E-10 7.8880E-11 5.6761E-12 1.2601E-12 0.0000E+00 0.0000E+00 0.0000E+00 0.0000E+00 0.0000E+00
0.0000E+00 0.0000E+00 0.0000E+00 0.0000E+00 0.0000E+00 0.0000E+00 0.0000E+00 0.0000E+00 0.0000E+00 0.0000E+00 0.0000E+00 8.3871E-12 2.9556E-11 6.5350E-11 1.2171E-10 2.1691E-10 6.3596E-10 1.1052E-09 1.7185E-09 2.6037E-09 3.8143E-09 5.3960E-09 7.3897E-09 9.7361E-09 1.2383E-08 1.5184E-08 1.7922E-08 2.0346E-08 2.2222E-08 2.3336E-08 2.3570E-08 2.2898E-08 2.1430E-08 1.9328E-08 1.6823E-08 1.4153E-08 1.1530E-08 9.1159E-09 7.0244E-09 5.2590E-09 3.8392E-09 2.7398E-09 1.8904E-09 1.3161E-09 8.9545E-10 5.8546E-10 3.7041E-10 2.1950E-10 1.1747E-10 1.5570E-11 3.2576E-12 0.0000E+00 0.0000E+00 0.0000E+00 0.0000E+00 0.0000E+00 0.0000E+00
