Assets/Resources/2015_m01_d22_1200(utc+0800)_l00_csi_1hr_conc.grd
DSAA
         159         159
     -79.000      79.000
     -79.000      79.000
  0.0000E+00  0.2713E-05
[rows 25 to 49 of 159, columns 57 to 113 of 159]
8.0771E-10 9.2840E-10 1.0572E-09 1.2016E-09 1.3936E-09 1.5730E-09 1.7669E-09 1.9728E-09 2.2334E-09 2.4790E-09 2.7402E-09 3.0267E-09 3.3272E-09 3.6457E-09 3.9796E-09 4.3244E-09 4.6773E-09 5.0338E-09 5.3895E-09 5.7411E-09 6.0862E-09 6.4178E-09 6.7280E-09 7.0189E-09 7.2865E-09 7.5402E-09 7.7694E-09 7.9705E-09 8.1466E-09 8.2957E-09 8.4198E-09 8.5188E-09 8.5916E-09 8.6382E-09 8.6570E-09 8.6471E-09 8.6231E-09 8.5839E-09 8.5235E-09 8.4438E-09 8.3687E-09 8.2711E-09 8.1793E-09 8.0848E-09 7.9857E-09 7.8834E-09 7.7500E-09 7.6504E-09 7.5290E-09 7.4344E-09 7.2984E-09 7.2152E-09 7.1262E-09 7.0410E-09 6.9511E-09 6.8571E-09 6.7636E-09
8.6961E-10 9.9551E-10 1.1341E-09 1.3320E-09 1.5089E-09 1.7078E-09 1.9186E-09 2.1875E-09 2.4408E-09 2.7196E-09 3.0188E-09 3.3391E-09 3.6800E-09 4.0383E-09 4.4138E-09 4.8007E-09 5.1932E-09 5.5915E-09 5.9868E-09 6.3748E-09 6.7503E-09 7.1164E-09 7.4666E-09 7.7865E-09 8.0796E-09 8.3475E-09 8.5827E-09 8.7946E-09 8.9766E-09 9.1258E-09 9.2447E-09 9.3340E-09 9.3952E-09 9.4263E-09 9.4280E-09 9.4018E-09 9.3504E-09 9.2718E-09 9.1890E-09 9.0949E-09 8.9729E-09 8.8607E-09 8.7349E-09 8.6107E-09 8.4887E-09 8.3642E-09 8.2385E-09 8.0860E-09 7.9680E-09 7.8325E-09 7.6845E-09 7.5802E-09 7.4811E-09 7.3779E-09 7.2749E-09 7.1755E-09 7.0687E-09
9.2968E-10 1.0667E-09 1.2588E-09 1.4393E-09 1.6342E-09 1.8502E-09 2.1286E-09 2.3911E-09 2.6798E-09 3.0006E-09 3.3422E-09 3.7081E-09 4.0937E-09 4.5018E-09 4.9280E-09 5.3674E-09 5.8134E-09 6.2605E-09 6.7027E-09 7.1353E-09 7.5510E-09 7.9418E-09 8.3076E-09 8.6427E-09 8.9536E-09 9.2421E-09 9.5019E-09 9.7203E-09 9.8986E-09 1.0046E-08 1.0159E-08 1.0236E-08 1.0280E-08 1.0288E-08 1.0265E-08 1.0208E-08 1.0129E-08 1.0032E-08 9.9089E-09 9.7661E-09 9.6324E-09 9.4803E-09 9.3243E-09 9.1682E-09 9.0132E-09 8.8635E-09 8.7149E-09 8.5678E-09 8.3987E-09 8.2634E-09 8.0756E-09 7.9589E-09 7.8403E-09 7.7272E-09 7.6102E-09 7.4942E-09 7.3793E-09
9.9497E-10 1.1771E-09 1.3538E-09 1.5518E-09 1.7643E-09 2.0495E-09 2.3164E-09 2.6138E-09 2.9450E-09 3.3070E-09 3.7025E-09 4.1201E-09 4.5638E-09 5.0278E-09 5.5112E-09 6.0112E-09 6.5159E-09 7.0174E-09 7.5087E-09 7.9851E-09 8.4407E-09 8.8713E-09 9.2727E-09 9.6423E-09 9.9756E-09 1.0267E-08 1.0527E-08 1.0753E-08 1.0938E-08 1.1070E-08 1.1169E-08 1.1228E-08 1.1249E-08 1.1234E-08 1.1176E-08 1.1090E-08 1.0976E-08 1.0826E-08 1.0672E-08 1.0503E-08 1.0317E-08 1.0133E-08 9.9477E-09 9.7519E-09 9.5655E-09 9.3823E-09 9.2080E-09 9.0351E-09 8.8687E-09 8.6856E-09 8.5194E-09 8.3414E-09 8.2119E-09 8.0783E-09 7.9511E-09 7.8209E-09 7.6924E-09
1.0949E-09 1.2636E-09 1.4585E-09 1.6709E-09 1.9478E-09 2.2248E-09 2.5264E-09 2.8658E-09 3.2425E-09 3.6598E-09 4.1175E-09 4.6070E-09 5.1197E-09 5.6590E-09 6.2146E-09 6.7812E-09 7.3573E-09 7.9262E-09 8.4791E-09 9.0081E-09 9.5051E-09 9.9672E-09 1.0386E-08 1.0769E-08 1.1121E-08 1.1441E-08 1.1704E-08 1.1925E-08 1.2093E-08 1.2222E-08 1.2288E-08 1.2321E-08 1.2313E-08 1.2260E-08 1.2170E-08 1.2035E-08 1.1877E-08 1.1697E-08 1.1492E-08 1.1260E-08 1.1048E-08 1.0824E-08 1.0588E-08 1.0367E-08 1.0138E-08 9.9147E-09 9.7136E-09 9.5169E-09 9.3234E-09 9.1396E-09 8.9306E-09 8.7297E-09 8.5837E-09 8.4390E-09 8.2913E-09 8.1466E-09 8.0052E-09
1.1714E-09 1.3541E-09 1.5637E-09 1.8364E-09 2.1110E-09 2.4234E-09 2.7647E-09 3.1508E-09 3.5864E-09 4.0692E-09 4.5996E-09 5.1755E-09 5.7788E-09 6.4050E-09 7.0516E-09 7.7046E-09 8.3583E-09 9.0035E-09 9.6218E-09 1.0207E-08 1.0752E-08 1.1253E-08 1.1704E-08 1.2107E-08 1.2458E-08 1.2767E-08 1.3029E-08 1.3234E-08 1.3390E-08 1.3488E-08 1.3540E-08 1.3527E-08 1.3479E-08 1.3384E-08 1.3242E-08 1.3065E-08 1.2851E-08 1.2606E-08 1.2355E-08 1.2090E-08 1.1811E-08 1.1535E-08 1.1267E-08 1.0987E-08 1.0737E-08 1.0478E-08 1.0229E-08 1.0004E-08 9.7881E-09 9.5776E-09 9.3759E-09 9.1213E-09 8.9581E-09 8.7970E-09 8.6381E-09 8.4774E-09 8.3200E-09
1.2503E-09 1.4459E-09 1.7146E-09 1.9816E-09 2.2969E-09 2.6442E-09 3.0336E-09 3.4706E-09 3.9716E-09 4.5319E-09 5.1531E-09 5.8304E-09 6.5481E-09 7.2843E-09 8.0406E-09 8.8024E-09 9.5549E-09 1.0285E-08 1.0981E-08 1.1631E-08 1.2225E-08 1.2756E-08 1.3225E-08 1.3627E-08 1.3987E-08 1.4291E-08 1.4535E-08 1.4723E-08 1.4836E-08 1.4901E-08 1.4906E-08 1.4854E-08 1.4746E-08 1.4600E-08 1.4408E-08 1.4166E-08 1.3890E-08 1.3596E-08 1.3278E-08 1.2943E-08 1.2615E-08 1.2289E-08 1.1956E-08 1.1648E-08 1.1333E-08 1.1045E-08 1.0764E-08 1.0499E-08 1.0254E-08 1.0021E-08 9.7965E-09 9.5136E-09 9.3327E-09 9.1545E-09 8.9795E-09 8.8076E-09 8.6347E-09
1.3283E-09 1.5756E-09 1.8426E-09 2.1525E-09 2.4993E-09 2.8848E-09 3.3296E-09 3.8359E-09 4.4143E-09 5.0766E-09 5.8148E-09 6.6158E-09 7.4750E-09 8.3605E-09 9.2547E-09 1.0147E-08 1.1026E-08 1.1863E-08 1.2649E-08 1.3365E-08 1.4008E-08 1.4566E-08 1.5052E-08 1.5449E-08 1.5775E-08 1.6031E-08 1.6246E-08 1.6391E-08 1.6464E-08 1.6466E-08 1.6410E-08 1.6302E-08 1.6133E-08 1.5912E-08 1.5646E-08 1.5343E-08 1.4998E-08 1.4624E-08 1.4244E-08 1.3851E-08 1.3455E-08 1.3056E-08 1.2681E-08 1.2305E-08 1.1961E-08 1.1618E-08 1.1299E-08 1.0998E-08 1.0722E-08 1.0461E-08 1.0212E-08 9.9035E-09 9.7043E-09 9.5089E-09 9.3174E-09 9.1297E-09 8.9411E-09
1.4070E-09 1.6818E-09 1.9910E-09 2.3271E-09 2.7086E-09 3.1490E-09 3.6681E-09 4.2576E-09 4.9357E-09 5.7149E-09 6.5869E-09 7.5429E-09 8.5685E-09 9.6364E-09 1.0708E-08 1.1763E-08 1.2788E-08 1.3752E-08 1.4640E-08 1.5431E-08 1.6116E-08 1.6697E-08 1.7174E-08 1.7558E-08 1.7846E-08 1.8055E-08 1.8196E-08 1.8274E-08 1.8278E-08 1.8209E-08 1.8073E-08 1.7880E-08 1.7630E-08 1.7328E-08 1.6984E-08 1.6591E-08 1.6169E-08 1.5715E-08 1.5245E-08 1.4782E-08 1.4317E-08 1.3865E-08 1.3407E-08 1.2989E-08 1.2575E-08 1.2203E-08 1.1841E-08 1.1499E-08 1.1185E-08 1.0899E-08 1.0611E-08 1.0288E-08 1.0070E-08 9.8572E-09 9.6489E-09 9.4452E-09 9.2459E-09
1.5270E-09 1.8101E-09 2.1419E-09 2.5056E-09 2.9347E-09 3.4525E-09 4.0486E-09 4.7387E-09 5.5371E-09 6.4449E-09 7.4848E-09 8.6324E-09 9.8631E-09 1.1149E-08 1.2448E-08 1.3707E-08 1.4911E-08 1.6033E-08 1.7046E-08 1.7927E-08 1.8663E-08 1.9258E-08 1.9707E-08 2.0040E-08 2.0253E-08 2.0357E-08 2.0401E-08 2.0392E-08 2.0305E-08 2.0145E-08 1.9895E-08 1.9606E-08 1.9258E-08 1.8853E-08 1.8402E-08 1.7915E-08 1.7390E-08 1.6845E-08 1.6290E-08 1.5735E-08 1.5198E-08 1.4672E-08 1.4164E-08 1.3671E-08 1.3213E-08 1.2772E-08 1.2374E-08 1.1996E-08 1.1644E-08 1.1327E-08 1.1013E-08 1.0663E-08 1.0427E-08 1.0196E-08 9.9710E-09 9.7513E-09 9.5369E-09
1.6220E-09 1.9384E-09 2.2911E-09 2.6876E-09 3.1959E-09 3.7835E-09 4.4672E-09 5.2766E-09 6.2229E-09 7.3047E-09 8.5407E-09 9.9218E-09 1.1404E-08 1.2951E-08 1.4517E-08 1.6037E-08 1.7472E-08 1.8782E-08 1.9937E-08 2.0913E-08 2.1694E-08 2.2272E-08 2.2673E-08 2.2915E-08 2.3036E-08 2.3027E-08 2.2924E-08 2.2759E-08 2.2543E-08 2.2245E-08 2.1882E-08 2.1462E-08 2.1001E-08 2.0477E-08 1.9898E-08 1.9302E-08 1.8671E-08 1.8022E-08 1.7366E-08 1.6718E-08 1.6089E-08 1.5486E-08 1.4907E-08 1.4357E-08 1.3837E-08 1.3354E-08 1.2897E-08 1.2482E-08 1.2093E-08 1.1741E-08 1.1406E-08 1.1025E-08 1.0771E-08 1.0523E-08 1.0281E-08 1.0045E-08 9.8159E-09
1.7275E-09 2.0614E-09 2.4367E-09 2.9010E-09 3.4709E-09 4.1337E-09 4.9259E-09 5.8866E-09 7.0084E-09 8.3015E-09 9.7693E-09 1.1417E-08 1.3201E-08 1.5061E-08 1.6934E-08 1.8775E-08 2.0491E-08 2.2034E-08 2.3370E-08 2.4452E-08 2.5269E-08 2.5819E-08 2.6130E-08 2.6232E-08 2.6186E-08 2.6015E-08 2.5745E-08 2.5406E-08 2.5007E-08 2.4575E-08 2.4025E-08 2.3469E-08 2.2843E-08 2.2179E-08 2.1474E-08 2.0739E-08 1.9988E-08 1.9227E-08 1.8463E-08 1.7714E-08 1.6992E-08 1.6302E-08 1.5650E-08 1.5029E-08 1.4455E-08 1.3915E-08 1.3419E-08 1.2956E-08 1.2531E-08 1.2140E-08 1.1779E-08 1.1389E-08 1.1098E-08 1.0833E-08 1.0575E-08 1.0324E-08 1.0080E-08
1.8285E-09 2.1765E-09 2.5942E-09 3.1231E-09 3.7541E-09 4.4983E-09 5.4380E-09 6.5596E-09 7.8744E-09 9.4128E-09 1.1167E-08 1.3124E-08 1.5262E-08 1.7505E-08 1.9760E-08 2.1951E-08 2.4015E-08 2.5848E-08 2.7389E-08 2.8597E-08 2.9434E-08 2.9924E-08 3.0099E-08 3.0027E-08 2.9775E-08 2.9388E-08 2.8887E-08 2.8309E-08 2.7697E-08 2.7037E-08 2.6329E-08 2.5575E-08 2.4791E-08 2.3968E-08 2.3110E-08 2.2227E-08 2.1343E-08 2.0452E-08 1.9571E-08 1.8710E-08 1.7891E-08 1.7111E-08 1.6375E-08 1.5685E-08 1.5047E-08 1.4461E-08 1.3911E-08 1.3408E-08 1.2947E-08 1.2520E-08 1.2129E-08 1.1715E-08 1.1406E-08 1.1124E-08 1.0850E-08 1.0585E-08 1.0327E-08
1.9193E-09 2.2912E-09 2.7614E-09 3.3426E-09 4.0342E-09 4.9042E-09 5.9818E-09 7.2698E-09 8.8099E-09 1.0633E-08 1.2725E-08 1.5062E-08 1.7605E-08 2.0282E-08 2.2988E-08 2.5601E-08 2.8050E-08 3.0224E-08 3.2002E-08 3.3342E-08 3.4209E-08 3.4600E-08 3.4611E-08 3.4293E-08 3.3761E-08 3.3088E-08 3.2325E-08 3.1481E-08 3.0587E-08 2.9689E-08 2.8726E-08 2.7792E-08 2.6801E-08 2.5808E-08 2.4781E-08 2.3739E-08 2.2713E-08 2.1686E-08 2.0678E-08 1.9698E-08 1.8771E-08 1.7895E-08 1.7077E-08 1.6315E-08 1.5607E-08 1.4968E-08 1.4384E-08 1.3831E-08 1.3334E-08 1.2876E-08 1.2454E-08 1.2016E-08 1.1690E-08 1.1392E-08 1.1104E-08 1.0824E-08 1.0553E-08
2.0028E-09 2.4039E-09 2.9232E-09 3.5498E-09 4.3238E-09 5.3174E-09 6.5316E-09 7.9992E-09 9.8073E-09 1.1942E-08 1.4404E-08 1.7184E-08 2.0200E-08 2.3374E-08 2.6606E-08 2.9721E-08 3.2564E-08 3.5110E-08 3.7188E-08 3.8663E-08 3.9546E-08 3.9825E-08 3.9604E-08 3.8996E-08 3.8131E-08 3.7124E-08 3.6021E-08 3.4864E-08 3.3654E-08 3.2436E-08 3.1219E-08 3.0063E-08 2.8875E-08 2.7666E-08 2.6465E-08 2.5255E-08 2.4071E-08 2.2902E-08 2.1762E-08 2.0664E-08 1.9625E-08 1.8655E-08 1.7749E-08 1.6910E-08 1.6140E-08 1.5443E-08 1.4810E-08 1.4230E-08 1.3695E-08 1.3205E-08 1.2733E-08 1.2289E-08 1.1947E-08 1.1635E-08 1.1332E-08 1.1040E-08 1.0756E-08
2.0760E-09 2.5136E-09 3.0728E-09 3.7468E-09 4.6197E-09 5.7246E-09 7.0683E-09 8.7575E-09 1.0832E-08 1.3289E-08 1.6157E-08 1.9422E-08 2.3000E-08 2.6736E-08 3.0534E-08 3.4217E-08 3.7576E-08 4.0488E-08 4.2873E-08 4.4526E-08 4.5407E-08 4.5569E-08 4.5070E-08 4.4123E-08 4.2837E-08 4.1402E-08 3.9884E-08 3.8363E-08 3.6823E-08 3.5276E-08 3.3732E-08 3.2342E-08 3.0933E-08 2.9528E-08 2.8134E-08 2.6745E-08 2.5397E-08 2.4088E-08 2.2812E-08 2.1589E-08 2.0435E-08 1.9366E-08 1.8375E-08 1.7460E-08 1.6624E-08 1.5876E-08 1.5196E-08 1.4581E-08 1.4019E-08 1.3501E-08 1.2998E-08 1.2529E-08 1.2173E-08 1.1847E-08 1.1533E-08 1.1228E-08 1.0932E-08
2.1406E-09 2.6180E-09 3.2081E-09 3.9399E-09 4.8952E-09 6.0895E-09 7.5845E-09 9.4959E-09 1.1827E-08 1.4618E-08 1.7921E-08 2.1698E-08 2.5882E-08 3.0307E-08 3.4732E-08 3.9048E-08 4.2979E-08 4.6313E-08 4.8945E-08 5.0799E-08 5.1661E-08 5.1644E-08 5.0855E-08 4.9464E-08 4.7739E-08 4.5821E-08 4.3852E-08 4.1895E-08 3.9974E-08 3.8076E-08 3.6246E-08 3.4574E-08 3.2945E-08 3.1325E-08 2.9746E-08 2.8179E-08 2.6665E-08 2.5211E-08 2.3805E-08 2.2456E-08 2.1188E-08 2.0020E-08 1.8945E-08 1.7958E-08 1.7057E-08 1.6256E-08 1.5533E-08 1.4883E-08 1.4302E-08 1.3759E-08 1.3226E-08 1.2713E-08 1.2365E-08 1.2028E-08 1.1702E-08 1.1386E-08 1.1081E-08
2.1936E-09 2.6946E-09 3.3148E-09 4.0999E-09 5.1267E-09 6.4172E-09 8.0743E-09 1.0177E-08 1.2744E-08 1.5887E-08 1.9632E-08 2.3935E-08 2.8731E-08 3.3871E-08 3.9041E-08 4.4020E-08 4.8579E-08 5.2411E-08 5.5287E-08 5.7214E-08 5.8096E-08 5.7864E-08 5.6756E-08 5.4910E-08 5.2662E-08 5.0192E-08 4.7724E-08 4.5328E-08 4.3015E-08 4.0782E-08 3.8645E-08 3.6714E-08 3.4850E-08 3.3018E-08 3.1268E-08 2.9522E-08 2.7844E-08 2.6249E-08 2.4718E-08 2.3251E-08 2.1870E-08 2.0608E-08 1.9450E-08 1.8396E-08 1.7434E-08 1.6581E-08 1.5824E-08 1.5141E-08 1.4536E-08 1.3979E-08 1.3455E-08 1.2880E-08 1.2521E-08 1.2173E-08 1.1837E-08 1.1512E-08 1.1198E-08
2.2275E-09 2.7549E-09 3.3977E-09 4.2346E-09 5.3142E-09 6.6851E-09 8.4751E-09 1.0735E-08 1.3544E-08 1.7037E-08 2.1191E-08 2.5996E-08 3.1394E-08 3.7254E-08 4.3294E-08 4.9023E-08 5.4235E-08 5.8582E-08 6.1779E-08 6.3693E-08 6.4483E-08 6.4051E-08 6.2511E-08 6.0189E-08 5.7342E-08 5.4346E-08 5.1332E-08 4.8495E-08 4.5801E-08 4.3240E-08 4.0857E-08 3.8669E-08 3.6579E-08 3.4548E-08 3.2631E-08 3.0730E-08 2.8899E-08 2.7172E-08 2.5520E-08 2.3949E-08 2.2463E-08 2.1114E-08 1.9880E-08 1.8764E-08 1.7748E-08 1.6854E-08 1.6062E-08 1.5352E-08 1.4721E-08 1.4157E-08 1.3612E-08 1.3010E-08 1.2641E-08 1.2284E-08 1.1940E-08 1.1607E-08 1.1285E-08
2.2497E-09 2.7844E-09 3.4428E-09 4.3032E-09 5.4256E-09 6.8744E-09 8.7686E-09 1.1167E-08 1.4209E-08 1.7973E-08 2.2486E-08 2.7775E-08 3.3782E-08 4.0341E-08 4.7181E-08 5.3807E-08 5.9686E-08 6.4551E-08 6.8070E-08 7.0022E-08 7.0522E-08 6.9829E-08 6.7833E-08 6.4992E-08 6.1571E-08 5.7984E-08 5.4487E-08 5.1210E-08 4.8187E-08 4.5358E-08 4.2773E-08 4.0370E-08 3.8080E-08 3.5859E-08 3.3792E-08 3.1758E-08 2.9789E-08 2.7946E-08 2.6185E-08 2.4521E-08 2.2944E-08 2.1516E-08 2.0217E-08 1.9047E-08 1.7993E-08 1.7059E-08 1.6243E-08 1.5511E-08 1.4861E-08 1.4287E-08 1.3731E-08 1.3103E-08 1.2726E-08 1.2363E-08 1.2011E-08 1.1670E-08 1.1341E-08
2.2427E-09 2.7823E-09 3.4479E-09 4.3297E-09 5.4848E-09 6.9665E-09 8.9217E-09 1.1423E-08 1.4629E-08 1.8631E-08 2.3472E-08 2.9196E-08 3.5737E-08 4.2928E-08 5.0493E-08 5.7995E-08 6.4667E-08 7.0053E-08 7.3836E-08 7.5851E-08 7.6045E-08 7.4833E-08 7.2431E-08 6.8965E-08 6.5015E-08 6.0904E-08 5.6973E-08 5.3360E-08 5.0050E-08 4.7013E-08 4.4291E-08 4.1746E-08 3.9287E-08 3.6897E-08 3.4707E-08 3.2560E-08 3.0478E-08 2.8538E-08 2.6686E-08 2.4941E-08 2.3290E-08 2.1799E-08 2.0447E-08 1.9238E-08 1.8151E-08 1.7191E-08 1.6351E-08 1.5609E-08 1.4941E-08 1.4362E-08 1.3804E-08 1.3153E-08 1.2772E-08 1.2403E-08 1.2046E-08 1.1701E-08 1.1366E-08
2.2221E-09 2.7581E-09 3.4157E-09 4.2875E-09 5.4345E-09 6.9332E-09 8.9184E-09 1.1496E-08 1.4815E-08 1.8965E-08 2.4048E-08 3.0121E-08 3.7127E-08 4.4906E-08 5.3121E-08 6.1322E-08 6.8834E-08 7.4799E-08 7.8861E-08 8.0878E-08 8.0845E-08 7.8974E-08 7.5969E-08 7.1951E-08 6.7470E-08 6.2907E-08 5.8624E-08 5.4768E-08 5.1256E-08 4.8128E-08 4.5332E-08 4.2709E-08 4.0144E-08 3.7628E-08 3.5335E-08 3.3101E-08 3.0939E-08 2.8923E-08 2.7003E-08 2.5192E-08 2.3488E-08 2.1952E-08 2.0563E-08 1.9323E-08 1.8215E-08 1.7235E-08 1.6385E-08 1.5633E-08 1.4960E-08 1.4375E-08 1.3822E-08 1.3152E-08 1.2770E-08 1.2399E-08 1.2039E-08 1.1691E-08 1.1354E-08
2.1867E-09 2.6985E-09 3.3357E-09 4.1910E-09 5.3215E-09 6.7922E-09 8.7675E-09 1.1340E-08 1.4675E-08 1.8917E-08 2.4181E-08 3.0506E-08 3.7876E-08 4.6115E-08 5.4883E-08 6.3678E-08 7.1858E-08 7.8507E-08 8.2849E-08 8.4797E-08 8.4462E-08 8.2073E-08 7.8257E-08 7.3698E-08 6.8689E-08 6.3816E-08 5.9307E-08 5.5340E-08 5.1770E-08 4.8626E-08 4.5845E-08 4.3203E-08 4.0606E-08 3.8023E-08 3.5648E-08 3.3356E-08 3.1149E-08 2.9083E-08 2.7116E-08 2.5263E-08 2.3529E-08 2.1966E-08 2.0555E-08 1.9298E-08 1.8178E-08 1.7193E-08 1.6338E-08 1.5586E-08 1.4910E-08 1.4328E-08 1.3778E-08 1.3140E-08 1.2716E-08 1.2345E-08 1.1986E-08 1.1637E-08 1.1299E-08
2.1317E-09 2.6211E-09 3.2327E-09 4.0475E-09 5.1175E-09 6.5272E-09 8.4332E-09 1.0957E-08 1.4260E-08 1.8499E-08 2.3792E-08 3.0251E-08 3.7860E-08 4.6464E-08 5.5713E-08 6.5018E-08 7.3665E-08 8.0843E-08 8.5597E-08 8.7503E-08 8.6805E-08 8.3914E-08 7.9303E-08 7.4082E-08 6.8700E-08 6.3589E-08 5.9021E-08 5.5015E-08 5.1512E-08 4.8477E-08 4.5796E-08 4.3199E-08 4.0630E-08 3.8055E-08 3.5637E-08 3.3310E-08 3.1093E-08 2.9004E-08 2.7018E-08 2.5151E-08 2.3406E-08 2.1839E-08 2.0421E-08 1.9162E-08 1.8043E-08 1.7063E-08 1.6213E-08 1.5465E-08 1.4795E-08 1.4216E-08 1.3668E-08 1.3032E-08 1.2610E-08 1.2242E-08 1.1885E-08 1.1539E-08 1.1202E-08
2.0541E-09 2.5144E-09 3.0909E-09 3.8476E-09 4.8479E-09 6.1701E-09 7.9701E-09 1.0376E-08 1.3533E-08 1.7645E-08 2.2876E-08 2.9339E-08 3.7088E-08 4.5935E-08 5.5502E-08 6.5212E-08 7.4277E-08 8.1824E-08 8.6954E-08 8.8898E-08 8.7836E-08 8.4370E-08 7.9208E-08 7.3233E-08 6.7467E-08 6.2207E-08 5.7681E-08 5.3807E-08 5.0533E-08 4.7696E-08 4.5186E-08 4.2691E-08 4.0202E-08 3.7703E-08 3.5297E-08 3.2961E-08 3.0765E-08 2.8683E-08 2.6709E-08 2.4849E-08 2.3124E-08 2.1568E-08 2.0165E-08 1.8917E-08 1.7813E-08 1.6848E-08 1.6013E-08 1.5275E-08 1.4614E-08 1.4040E-08 1.3498E-08 1.2872E-08 1.2454E-08 1.2091E-08 1.1738E-08 1.1395E-08 1.1062E-08
