Assets/Resources/2015_m01_d17_0800(utc+0800)_l00_csi_1hr_conc.grd
DSAA
         159         159
     -79.000      79.000
     -79.000      79.000
  0.0000E+00  0.3601E-05
[rows 25 to 49 of 159, columns 57 to 113 of 159]
9.4106E-10 1.0130E-09 1.0911E-09 1.1773E-09 1.2671E-09 1.3644E-09 1.4726E-09 1.5879E-09 1.7134E-09 1.8527E-09 2.0074E-09 2.1812E-09 2.3891E-09 2.6979E-09 3.0936E-09 3.4941E-09 4.0927E-09 4.5473E-09 5.3161E-09 5.8456E-09 6.8292E-09 7.4685E-09 8.7552E-09 9.6772E-09 1.1965E-08 1.4271E-08 1.5538E-08 1.9634E-08 2.0507E-08 2.1852E-08 2.4785E-08 2.5667E-08 2.7336E-08 2.9770E-08 3.0336E-08 3.1474E-08 3.2449E-08 3.2710E-08 3.3676E-08 3.4076E-08 3.3863E-08 3.4196E-08 3.3795E-08 3.3153E-08 3.3221E-08 3.2179E-08 3.1137E-08 3.0790E-08 2.9341E-08 2.7907E-08 2.6772E-08 2.5156E-08 2.3619E-08 2.2363E-08 2.0697E-08 1.9061E-08 1.7470E-08
9.2882E-10 1.0012E-09 1.0814E-09 1.1674E-09 1.2585E-09 1.3602E-09 1.4693E-09 1.5882E-09 1.7203E-09 1.8685E-09 2.0366E-09 2.2408E-09 2.5718E-09 2.9031E-09 3.3346E-09 3.8375E-09 4.3226E-09 4.9886E-09 5.5474E-09 6.4218E-09 7.0929E-09 8.2734E-09 9.2570E-09 1.2198E-08 1.3520E-08 1.4921E-08 1.8591E-08 1.9511E-08 2.1058E-08 2.3643E-08 2.4618E-08 2.6745E-08 2.8614E-08 2.9292E-08 3.0897E-08 3.1474E-08 3.1889E-08 3.3441E-08 3.3381E-08 3.3341E-08 3.3963E-08 3.3482E-08 3.3034E-08 3.3199E-08 3.2283E-08 3.1443E-08 3.1148E-08 2.9827E-08 2.8540E-08 2.7462E-08 2.5939E-08 2.4517E-08 2.3270E-08 2.1641E-08 2.0028E-08 1.8445E-08 1.6906E-08
9.1499E-10 9.8911E-10 1.0698E-09 1.1559E-09 1.2504E-09 1.3539E-09 1.4663E-09 1.5901E-09 1.7317E-09 1.8931E-09 2.0932E-09 2.4555E-09 2.7130E-09 3.1965E-09 3.5813E-09 4.1120E-09 4.6592E-09 5.2611E-09 6.0145E-09 6.7286E-09 7.7883E-09 8.8452E-09 1.1881E-08 1.2754E-08 1.4326E-08 1.7510E-08 1.8476E-08 2.0304E-08 2.2435E-08 2.3511E-08 2.6339E-08 2.7355E-08 2.8149E-08 2.9931E-08 3.0356E-08 3.0934E-08 3.2440E-08 3.2505E-08 3.2645E-08 3.3296E-08 3.2964E-08 3.2730E-08 3.2929E-08 3.2174E-08 3.1570E-08 3.1292E-08 3.0113E-08 2.9009E-08 2.7975E-08 2.6562E-08 2.5295E-08 2.4036E-08 2.2462E-08 2.0891E-08 1.9336E-08 1.7810E-08 1.6329E-08
9.0006E-10 9.7588E-10 1.0561E-09 1.1445E-09 1.2415E-09 1.3482E-09 1.4643E-09 1.5978E-09 1.7521E-09 1.9482E-09 2.2724E-09 2.5263E-09 3.0231E-09 3.3287E-09 3.9312E-09 4.3352E-09 5.0022E-09 5.6083E-09 6.3846E-09 7.3050E-09 8.4553E-09 1.1086E-08 1.1985E-08 1.3796E-08 1.6411E-08 1.7427E-08 1.9683E-08 2.1182E-08 2.2368E-08 2.5301E-08 2.6008E-08 2.6927E-08 2.8599E-08 2.9114E-08 2.9870E-08 3.1280E-08 3.1463E-08 3.1801E-08 3.2439E-08 3.2256E-08 3.2271E-08 3.2456E-08 3.1867E-08 3.1552E-08 3.1232E-08 3.0202E-08 2.9324E-08 2.8304E-08 2.7016E-08 2.5977E-08 2.4661E-08 2.3155E-08 2.1638E-08 2.0124E-08 1.8629E-08 1.7164E-08 1.5738E-08
8.8502E-10 9.6149E-10 1.0421E-09 1.1319E-09 1.2330E-09 1.3420E-09 1.4671E-09 1.6145E-09 1.8073E-09 2.0930E-09 2.3453E-09 2.7811E-09 3.0842E-09 3.6467E-09 4.0181E-09 4.7450E-09 5.2078E-09 6.0800E-09 6.8236E-09 8.1044E-09 1.0297E-08 1.1225E-08 1.3397E-08 1.5305E-08 1.6373E-08 1.9017E-08 1.9898E-08 2.1215E-08 2.3839E-08 2.4595E-08 2.5658E-08 2.7172E-08 2.7771E-08 2.8741E-08 2.9989E-08 3.0286E-08 3.0854E-08 3.1415E-08 3.1378E-08 3.1698E-08 3.1790E-08 3.1373E-08 3.1442E-08 3.0971E-08 3.0103E-08 2.9519E-08 2.8449E-08 2.7303E-08 2.6509E-08 2.5127E-08 2.3706E-08 2.2261E-08 2.0804E-08 1.9352E-08 1.7917E-08 1.6509E-08 1.5146E-08
8.6946E-10 9.4595E-10 1.0271E-09 1.1207E-09 1.2245E-09 1.3402E-09 1.4801E-09 1.6730E-09 1.9212E-09 2.1724E-09 2.5469E-09 2.8490E-09 3.3418E-09 3.7110E-09 4.3587E-09 4.8186E-09 5.6881E-09 6.3538E-09 7.8240E-09 9.5171E-09 1.0483E-08 1.3217E-08 1.4206E-08 1.5336E-08 1.7697E-08 1.8603E-08 2.0090E-08 2.2342E-08 2.3142E-08 2.4393E-08 2.5679E-08 2.6357E-08 2.7610E-08 2.8594E-08 2.9000E-08 2.9868E-08 3.0256E-08 3.0361E-08 3.1085E-08 3.0953E-08 3.0712E-08 3.1188E-08 3.0522E-08 2.9823E-08 2.9411E-08 2.8416E-08 2.7430E-08 2.6713E-08 2.5438E-08 2.4111E-08 2.2748E-08 2.1362E-08 1.9968E-08 1.8578E-08 1.7203E-08 1.5859E-08 1.4552E-08
8.5236E-10 9.2883E-10 1.0127E-09 1.1105E-09 1.2189E-09 1.3492E-09 1.5449E-09 1.7544E-09 2.0100E-09 2.3237E-09 2.6265E-09 3.0486E-09 3.4174E-09 3.9853E-09 4.4451E-09 5.2254E-09 5.9016E-09 7.6781E-09 8.7576E-09 9.7677E-09 1.2330E-08 1.3122E-08 1.4337E-08 1.6384E-08 1.7316E-08 1.9045E-08 2.0828E-08 2.1669E-08 2.3192E-08 2.4136E-08 2.4893E-08 2.6548E-08 2.7114E-08 2.7625E-08 2.8767E-08 2.8977E-08 2.9229E-08 3.0097E-08 2.9976E-08 2.9917E-08 3.0424E-08 2.9903E-08 2.9380E-08 2.9057E-08 2.8211E-08 2.7400E-08 2.6749E-08 2.5590E-08 2.4371E-08 2.3103E-08 2.1798E-08 2.0473E-08 1.9138E-08 1.7809E-08 1.6499E-08 1.5214E-08 1.3970E-08
8.3392E-10 9.1050E-10 1.0000E-09 1.1030E-09 1.2247E-09 1.4269E-09 1.5951E-09 1.8613E-09 2.1093E-09 2.4207E-09 2.7700E-09 3.1420E-09 3.6252E-09 4.0915E-09 4.7797E-09 5.4717E-09 7.3787E-09 8.0243E-09 9.0942E-09 1.1274E-08 1.2063E-08 1.3399E-08 1.5091E-08 1.6050E-08 1.8160E-08 1.9316E-08 2.0196E-08 2.1876E-08 2.2569E-08 2.3404E-08 2.5048E-08 2.5578E-08 2.6195E-08 2.7303E-08 2.7608E-08 2.8012E-08 2.8864E-08 2.8872E-08 2.9010E-08 2.9516E-08 2.9143E-08 2.8809E-08 2.8551E-08 2.7853E-08 2.7243E-08 2.6630E-08 2.5594E-08 2.4486E-08 2.3320E-08 2.2108E-08 2.0864E-08 1.9596E-08 1.8323E-08 1.7056E-08 1.5805E-08 1.4583E-08 1.3394E-08
8.1392E-10 8.9358E-10 9.8875E-10 1.1056E-09 1.2871E-09 1.4422E-09 1.7172E-09 1.9056E-09 2.2359E-09 2.5055E-09 2.8915E-09 3.2855E-09 3.7610E-09 4.3540E-09 5.0687E-09 6.6866E-09 7.3213E-09 8.4799E-09 1.0256E-08 1.1042E-08 1.2568E-08 1.3829E-08 1.4817E-08 1.7067E-08 1.7823E-08 1.8745E-08 2.0282E-08 2.1003E-08 2.1922E-08 2.3427E-08 2.4012E-08 2.4737E-08 2.5783E-08 2.6176E-08 2.6744E-08 2.7545E-08 2.7676E-08 2.8037E-08 2.8487E-08 2.8255E-08 2.8129E-08 2.7903E-08 2.7356E-08 2.6985E-08 2.6364E-08 2.5452E-08 2.4462E-08 2.3406E-08 2.2294E-08 2.1137E-08 1.9948E-08 1.8744E-08 1.7532E-08 1.6325E-08 1.5135E-08 1.3968E-08 1.2840E-08
7.9424E-10 8.8024E-10 9.9138E-10 1.1484E-09 1.2944E-09 1.5343E-09 1.7128E-09 2.0261E-09 2.2552E-09 2.6686E-09 2.9638E-09 3.4648E-09 3.9511E-09 4.7005E-09 6.0274E-09 6.6527E-09 7.9525E-09 9.2830E-09 1.0067E-08 1.1871E-08 1.2608E-08 1.3635E-08 1.5608E-08 1.6362E-08 1.7340E-08 1.8712E-08 1.9455E-08 2.0474E-08 2.1804E-08 2.2437E-08 2.3286E-08 2.4230E-08 2.4703E-08 2.5463E-08 2.6155E-08 2.6405E-08 2.7043E-08 2.7361E-08 2.7267E-08 2.7394E-08 2.7142E-08 2.6747E-08 2.6667E-08 2.5971E-08 2.5184E-08 2.4314E-08 2.3368E-08 2.2361E-08 2.1300E-08 2.0199E-08 1.9068E-08 1.7919E-08 1.6767E-08 1.5620E-08 1.4485E-08 1.3379E-08 1.2303E-08
7.7672E-10 8.8207E-10 1.0173E-09 1.1542E-09 1.3591E-09 1.5315E-09 1.8000E-09 2.0184E-09 2.3816E-09 2.6623E-09 3.1624E-09 3.5716E-09 4.3811E-09 5.4084E-09 6.0247E-09 7.5553E-09 8.3588E-09 9.1453E-09 1.0719E-08 1.1442E-08 1.2526E-08 1.4200E-08 1.4949E-08 1.5998E-08 1.7174E-08 1.7937E-08 1.9092E-08 2.0197E-08 2.0872E-08 2.1880E-08 2.2667E-08 2.3217E-08 2.4230E-08 2.4731E-08 2.5098E-08 2.6098E-08 2.6165E-08 2.6201E-08 2.6501E-08 2.6278E-08 2.6035E-08 2.6032E-08 2.5467E-08 2.4805E-08 2.4054E-08 2.3222E-08 2.2320E-08 2.1359E-08 2.0347E-08 1.9299E-08 1.8223E-08 1.7133E-08 1.6035E-08 1.4942E-08 1.3867E-08 1.2812E-08 1.1795E-08
7.8007E-10 8.9574E-10 1.0254E-09 1.1941E-09 1.3611E-09 1.5884E-09 1.7960E-09 2.1099E-09 2.3788E-09 2.8178E-09 3.2156E-09 4.1292E-09 4.8290E-09 5.4413E-09 6.9376E-09 7.4885E-09 8.2860E-09 9.6275E-09 1.0334E-08 1.1507E-08 1.2851E-08 1.3591E-08 1.4753E-08 1.5683E-08 1.6462E-08 1.7818E-08 1.8621E-08 1.9335E-08 2.0541E-08 2.1112E-08 2.1735E-08 2.2872E-08 2.3285E-08 2.3762E-08 2.4742E-08 2.4913E-08 2.5082E-08 2.5441E-08 2.5344E-08 2.5253E-08 2.5304E-08 2.4862E-08 2.4323E-08 2.3693E-08 2.2978E-08 2.2187E-08 2.1326E-08 2.0409E-08 1.9445E-08 1.8445E-08 1.7422E-08 1.6383E-08 1.5341E-08 1.4303E-08 1.3278E-08 1.2281E-08 1.1312E-08
7.7980E-10 9.1051E-10 1.0407E-09 1.2019E-09 1.3921E-09 1.5891E-09 1.8541E-09 2.1150E-09 2.4957E-09 2.8840E-09 3.8928E-09 4.2894E-09 4.9050E-09 6.1532E-09 6.6797E-09 7.5017E-09 8.6019E-09 9.2902E-09 1.0614E-08 1.1567E-08 1.2300E-08 1.3572E-08 1.4255E-08 1.5051E-08 1.6423E-08 1.7094E-08 1.7846E-08 1.8983E-08 1.9591E-08 2.0287E-08 2.1366E-08 2.1848E-08 2.2440E-08 2.3375E-08 2.3641E-08 2.3939E-08 2.4330E-08 2.4350E-08 2.4417E-08 2.4505E-08 2.4184E-08 2.3764E-08 2.3246E-08 2.2646E-08 2.1963E-08 2.1209E-08 2.0391E-08 1.9517E-08 1.8599E-08 1.7647E-08 1.6668E-08 1.5680E-08 1.4688E-08 1.3701E-08 1.2732E-08 1.1780E-08 1.0862E-08
8.0711E-10 9.0433E-10 1.0580E-09 1.2099E-09 1.4028E-09 1.6171E-09 1.8704E-09 2.1950E-09 2.5766E-09 3.4146E-09 3.7892E-09 4.4203E-09 5.4269E-09 5.9288E-09 6.8050E-09 7.6468E-09 8.3205E-09 9.7508E-09 1.0358E-08 1.1086E-08 1.2227E-08 1.2900E-08 1.3713E-08 1.4951E-08 1.5629E-08 1.6417E-08 1.7472E-08 1.8111E-08 1.8885E-08 1.9886E-08 2.0431E-08 2.1149E-08 2.2011E-08 2.2363E-08 2.2795E-08 2.3195E-08 2.3328E-08 2.3572E-08 2.3656E-08 2.3446E-08 2.3136E-08 2.2735E-08 2.2246E-08 2.1673E-08 2.1019E-08 2.0300E-08 1.9519E-08 1.8688E-08 1.7813E-08 1.6903E-08 1.5974E-08 1.5026E-08 1.4082E-08 1.3145E-08 1.2219E-08 1.1318E-08 1.0440E-08
7.7975E-10 9.2393E-10 1.0409E-09 1.2383E-09 1.4010E-09 1.6489E-09 1.9174E-09 2.2960E-09 2.9728E-09 3.3270E-09 3.9925E-09 4.7566E-09 5.2353E-09 6.2107E-09 6.7606E-09 7.4251E-09 8.6537E-09 9.2345E-09 9.9573E-09 1.0960E-08 1.1618E-08 1.2455E-08 1.3547E-08 1.4228E-08 1.5060E-08 1.6018E-08 1.6685E-08 1.7550E-08 1.8450E-08 1.9051E-08 1.9917E-08 2.0664E-08 2.1098E-08 2.1686E-08 2.2058E-08 2.2294E-08 2.2744E-08 2.2769E-08 2.2666E-08 2.2468E-08 2.2176E-08 2.1793E-08 2.1324E-08 2.0775E-08 2.0154E-08 1.9463E-08 1.8719E-08 1.7922E-08 1.7086E-08 1.6220E-08 1.5330E-08 1.4431E-08 1.3527E-08 1.2631E-08 1.1750E-08 1.0889E-08 1.0055E-08
7.8938E-10 8.8992E-10 1.0631E-09 1.2074E-09 1.4472E-09 1.6620E-09 2.0477E-09 2.5693E-09 2.9033E-09 3.6379E-09 4.1390E-09 4.5980E-09 5.4750E-09 5.9434E-09 6.6070E-09 7.6387E-09 8.1912E-09 8.9191E-09 9.7769E-09 1.0416E-08 1.1290E-08 1.2222E-08 1.2905E-08 1.3797E-08 1.4637E-08 1.5328E-08 1.6311E-08 1.7071E-08 1.7726E-08 1.8787E-08 1.9354E-08 1.9857E-08 2.0574E-08 2.0926E-08 2.1262E-08 2.1787E-08 2.1876E-08 2.1872E-08 2.1772E-08 2.1577E-08 2.1297E-08 2.0933E-08 2.0487E-08 1.9962E-08 1.9366E-08 1.8707E-08 1.7988E-08 1.7226E-08 1.6426E-08 1.5596E-08 1.4747E-08 1.3886E-08 1.3024E-08 1.2166E-08 1.1321E-08 1.0498E-08 9.6982E-09
7.5962E-10 8.9777E-10 1.0303E-09 1.2352E-09 1.4300E-09 1.8375E-09 2.2049E-09 2.5197E-09 3.2555E-09 3.5760E-09 4.0179E-09 4.7511E-09 5.1914E-09 5.8694E-09 6.7022E-09 7.2267E-09 7.9745E-09 8.6771E-09 9.2995E-09 1.0244E-08 1.0985E-08 1.1667E-08 1.2645E-08 1.3332E-08 1.4045E-08 1.5114E-08 1.5758E-08 1.6465E-08 1.7537E-08 1.8097E-08 1.8669E-08 1.9397E-08 1.9817E-08 2.0247E-08 2.0799E-08 2.0977E-08 2.1064E-08 2.1059E-08 2.0968E-08 2.0788E-08 2.0521E-08 2.0163E-08 1.9733E-08 1.9231E-08 1.8660E-08 1.8022E-08 1.7336E-08 1.6601E-08 1.5830E-08 1.5036E-08 1.4220E-08 1.3396E-08 1.2567E-08 1.1747E-08 1.0936E-08 1.0124E-08 9.3299E-09
7.5594E-10 8.7119E-10 1.0448E-09 1.2220E-09 1.6688E-09 1.8789E-09 2.1773E-09 2.7741E-09 3.0661E-09 3.4975E-09 4.0934E-09 4.5056E-09 5.2176E-09 5.8389E-09 6.3367E-09 7.1332E-09 7.6599E-09 8.2710E-09 9.2291E-09 9.8358E-09 1.0511E-08 1.1442E-08 1.2101E-08 1.2836E-08 1.3842E-08 1.4515E-08 1.5275E-08 1.6292E-08 1.6901E-08 1.7544E-08 1.8278E-08 1.8768E-08 1.9285E-08 1.9837E-08 2.0093E-08 2.0266E-08 2.0355E-08 2.0356E-08 2.0266E-08 2.0086E-08 1.9830E-08 1.9493E-08 1.9077E-08 1.8581E-08 1.8029E-08 1.7418E-08 1.6751E-08 1.6046E-08 1.5306E-08 1.4534E-08 1.3751E-08 1.2955E-08 1.2160E-08 1.1349E-08 1.0561E-08 9.7798E-09 9.0116E-09
7.3424E-10 8.7573E-10 1.0414E-09 1.3987E-09 1.5855E-09 1.8754E-09 2.3461E-09 2.6097E-09 3.0384E-09 3.5002E-09 3.8856E-09 4.6531E-09 5.0500E-09 5.5215E-09 6.2261E-09 6.7165E-09 7.3242E-09 8.1797E-09 8.7654E-09 9.4338E-09 1.0289E-08 1.0948E-08 1.1710E-08 1.2650E-08 1.3349E-08 1.4162E-08 1.5114E-08 1.5766E-08 1.6478E-08 1.7205E-08 1.7759E-08 1.8376E-08 1.8923E-08 1.9249E-08 1.9492E-08 1.9658E-08 1.9745E-08 1.9744E-08 1.9662E-08 1.9497E-08 1.9243E-08 1.8904E-08 1.8499E-08 1.8025E-08 1.7483E-08 1.6884E-08 1.6243E-08 1.5558E-08 1.4840E-08 1.4098E-08 1.3333E-08 1.2549E-08 1.1768E-08 1.0986E-08 1.0213E-08 9.4572E-09 8.7250E-09
7.1296E-10 8.6876E-10 1.1561E-09 1.3154E-09 1.6042E-09 1.9492E-09 2.1864E-09 2.6292E-09 2.9513E-09 3.3128E-09 3.9556E-09 4.3187E-09 4.7564E-09 5.3688E-09 5.8438E-09 6.4357E-09 7.1878E-09 7.7520E-09 8.4267E-09 9.2205E-09 9.8801E-09 1.0670E-08 1.1534E-08 1.2249E-08 1.3128E-08 1.4001E-08 1.4692E-08 1.5482E-08 1.6187E-08 1.6803E-08 1.7540E-08 1.8052E-08 1.8447E-08 1.8764E-08 1.8999E-08 1.9155E-08 1.9237E-08 1.9240E-08 1.9156E-08 1.8986E-08 1.8743E-08 1.8419E-08 1.8016E-08 1.7541E-08 1.7016E-08 1.6431E-08 1.5800E-08 1.5134E-08 1.4427E-08 1.3685E-08 1.2934E-08 1.2177E-08 1.1412E-08 1.0650E-08 9.9103E-09 9.1752E-09 8.4696E-09
7.2085E-10 9.3396E-10 1.0734E-09 1.3630E-09 1.6045E-09 1.8160E-09 2.2163E-09 2.4581E-09 2.8012E-09 3.3248E-09 3.6548E-09 4.0804E-09 4.6040E-09 5.0372E-09 5.6094E-09 6.2662E-09 6.8080E-09 7.4779E-09 8.2049E-09 8.8702E-09 9.6932E-09 1.0464E-08 1.1212E-08 1.2172E-08 1.2945E-08 1.3678E-08 1.4554E-08 1.5229E-08 1.5905E-08 1.6704E-08 1.7234E-08 1.7695E-08 1.8084E-08 1.8394E-08 1.8626E-08 1.8773E-08 1.8835E-08 1.8826E-08 1.8744E-08 1.8579E-08 1.8325E-08 1.8002E-08 1.7611E-08 1.7152E-08 1.6615E-08 1.6041E-08 1.5401E-08 1.4744E-08 1.4054E-08 1.3328E-08 1.2597E-08 1.1845E-08 1.1103E-08 1.0360E-08 9.6358E-09 8.9246E-09 8.2155E-09
7.4109E-10 8.6765E-10 1.1556E-09 1.2981E-09 1.4890E-09 1.8106E-09 2.0220E-09 2.3383E-09 2.7592E-09 3.0672E-09 3.4825E-09 3.9052E-09 4.3162E-09 4.8864E-09 5.4133E-09 5.9418E-09 6.6294E-09 7.2435E-09 7.9083E-09 8.7793E-09 9.4554E-09 1.0198E-08 1.1208E-08 1.1946E-08 1.2715E-08 1.3600E-08 1.4327E-08 1.5077E-08 1.5887E-08 1.6473E-08 1.6996E-08 1.7453E-08 1.7836E-08 1.8141E-08 1.8364E-08 1.8508E-08 1.8567E-08 1.8538E-08 1.8429E-08 1.8242E-08 1.7995E-08 1.7660E-08 1.7251E-08 1.6798E-08 1.6276E-08 1.5705E-08 1.5070E-08 1.4413E-08 1.3727E-08 1.3023E-08 1.2300E-08 1.1564E-08 1.0834E-08 1.0107E-08 9.3726E-09 8.6522E-09 7.9511E-09
6.8964E-10 9.1846E-10 1.0341E-09 1.2137E-09 1.4645E-09 1.6471E-09 1.9504E-09 2.2576E-09 2.5221E-09 2.9308E-09 3.2785E-09 3.6681E-09 4.2325E-09 4.6576E-09 5.1523E-09 5.8072E-09 6.3685E-09 7.0003E-09 7.8299E-09 8.5201E-09 9.2826E-09 1.0231E-08 1.1011E-08 1.1811E-08 1.2689E-08 1.3455E-08 1.4248E-08 1.5100E-08 1.5759E-08 1.6346E-08 1.6869E-08 1.7320E-08 1.7693E-08 1.7987E-08 1.8205E-08 1.8334E-08 1.8368E-08 1.8327E-08 1.8205E-08 1.8005E-08 1.7729E-08 1.7387E-08 1.6985E-08 1.6522E-08 1.5994E-08 1.5434E-08 1.4803E-08 1.4143E-08 1.3471E-08 1.2757E-08 1.2046E-08 1.1320E-08 1.0575E-08 9.8714E-09 9.1440E-09 8.4322E-09 7.7501E-09
7.3184E-10 8.3222E-10 9.9227E-10 1.1875E-09 1.3480E-09 1.6517E-09 1.8488E-09 2.0672E-09 2.4104E-09 2.7009E-09 3.0581E-09 3.5614E-09 3.9791E-09 4.4402E-09 5.0315E-09 5.5683E-09 6.2041E-09 6.9567E-09 7.6488E-09 8.4235E-09 9.3163E-09 1.0110E-08 1.0952E-08 1.1828E-08 1.2632E-08 1.3482E-08 1.4334E-08 1.5061E-08 1.5735E-08 1.6330E-08 1.6853E-08 1.7301E-08 1.7667E-08 1.7953E-08 1.8147E-08 1.8259E-08 1.8277E-08 1.8220E-08 1.8075E-08 1.7847E-08 1.7565E-08 1.7207E-08 1.6777E-08 1.6312E-08 1.5779E-08 1.5197E-08 1.4581E-08 1.3933E-08 1.3245E-08 1.2539E-08 1.1797E-08 1.1094E-08 1.0352E-08 9.6143E-09 8.8990E-09 8.1997E-09 7.5195E-09
6.4743E-10 8.0037E-10 9.2925E-10 1.0774E-09 1.3311E-09 1.4889E-09 1.6866E-09 1.9648E-09 2.2034E-09 2.5141E-09 2.9379E-09 3.3142E-09 3.7750E-09 4.3243E-09 4.8438E-09 5.4555E-09 6.1536E-09 6.8242E-09 7.6080E-09 8.4519E-09 9.2728E-09 1.0144E-08 1.1021E-08 1.1876E-08 1.2803E-08 1.3648E-08 1.4445E-08 1.5184E-08 1.5858E-08 1.6467E-08 1.6990E-08 1.7425E-08 1.7775E-08 1.8043E-08 1.8219E-08 1.8302E-08 1.8276E-08 1.8198E-08 1.8037E-08 1.7786E-08 1.7468E-08 1.7085E-08 1.6659E-08 1.6160E-08 1.5623E-08 1.5032E-08 1.4400E-08 1.3752E-08 1.3038E-08 1.2297E-08 1.1600E-08 1.0852E-08 1.0115E-08 9.3865E-09 8.6667E-09 7.9734E-09 7.3043E-09
