Assets/Resources/2015_m01_d12_0900(utc+0800)_l00_csi_1hr_conc.grd
DSAA
         159         159
     -79.000      79.000
     -79.000      79.000
  0.0000E+00  0.3273E-05
[rows 0 to 24 of 159, columns 0 to 56 of 159]
1.6885E-09 1.8702E-09 2.0606E-09 2.2605E-09 2.4680E-09 2.6804E-09 2.8981E-09 3.1185E-09 3.3387E-09 3.5569E-09 3.7711E-09 3.9789E-09 4.1773E-09 4.3637E-09 4.5358E-09 4.6912E-09 4.8275E-09 4.9427E-09 5.0351E-09 5.1030E-09 5.1453E-09 5.1613E-09 5.1506E-09 5.1132E-09 5.0494E-09 4.9602E-09 4.8467E-09 4.7106E-09 4.5539E-09 4.3788E-09 4.1878E-09 3.9835E-09 3.7688E-09 3.5461E-09 3.3185E-09 3.0890E-09 2.8597E-09 2.6325E-09 2.4089E-09 2.1930E-09 1.9862E-09 1.7882E-09 1.6006E-09 1.4234E-09 1.2590E-09 1.1075E-09 9.6791E-10 8.3986E-10 7.2391E-10 6.2053E-10 5.2821E-10 4.4663E-10 3.7561E-10 3.1407E-10 2.6033E-10 2.1450E-10 1.7472E-10
1.7633E-09 1.9538E-09 2.1550E-09 2.3658E-09 2.5838E-09 2.8089E-09 3.0389E-09 3.2712E-09 3.5042E-09 3.7359E-09 3.9630E-09 4.1829E-09 4.3932E-09 4.5914E-09 4.7745E-09 4.9397E-09 5.0848E-09 5.2075E-09 5.3059E-09 5.3783E-09 5.4236E-09 5.4407E-09 5.4293E-09 5.3895E-09 5.3217E-09 5.2268E-09 5.1064E-09 4.9620E-09 4.7956E-09 4.6098E-09 4.4071E-09 4.1903E-09 3.9624E-09 3.7264E-09 3.4851E-09 3.2408E-09 2.9975E-09 2.7575E-09 2.5226E-09 2.2939E-09 2.0737E-09 1.8653E-09 1.6685E-09 1.4838E-09 1.3111E-09 1.1507E-09 1.0046E-09 8.7171E-10 7.5097E-10 6.4235E-10 5.4607E-10 4.6108E-10 3.8666E-10 3.2261E-10 2.6659E-10 2.1894E-10 1.7802E-10
1.8349E-09 2.0352E-09 2.2472E-09 2.4679E-09 2.6980E-09 2.9355E-09 3.1775E-09 3.4227E-09 3.6689E-09 3.9135E-09 4.1536E-09 4.3866E-09 4.6096E-09 4.8194E-09 5.0133E-09 5.1885E-09 5.3425E-09 5.4728E-09 5.5774E-09 5.6545E-09 5.7027E-09 5.7211E-09 5.7093E-09 5.6672E-09 5.5954E-09 5.4948E-09 5.3670E-09 5.2137E-09 5.0373E-09 4.8402E-09 4.6254E-09 4.3958E-09 4.1546E-09 3.9048E-09 3.6497E-09 3.3923E-09 3.1349E-09 2.8798E-09 2.6319E-09 2.3921E-09 2.1614E-09 1.9414E-09 1.7334E-09 1.5397E-09 1.3599E-09 1.1934E-09 1.0403E-09 9.0095E-10 7.7586E-10 6.6332E-10 5.6285E-10 4.7445E-10 3.9732E-10 3.3051E-10 2.7232E-10 2.2282E-10 1.8046E-10
1.9054E-09 2.1161E-09 2.3375E-09 2.5696E-09 2.8114E-09 3.0599E-09 3.3147E-09 3.5733E-09 3.8326E-09 4.0902E-09 4.3435E-09 4.5898E-09 4.8254E-09 5.0471E-09 5.2522E-09 5.4377E-09 5.6008E-09 5.7389E-09 5.8498E-09 5.9317E-09 5.9829E-09 6.0026E-09 5.9903E-09 5.9459E-09 5.8701E-09 5.7637E-09 5.6285E-09 5.4664E-09 5.2797E-09 5.0712E-09 4.8440E-09 4.6012E-09 4.3462E-09 4.0822E-09 3.8120E-09 3.5403E-09 3.2697E-09 3.0026E-09 2.7406E-09 2.4870E-09 2.2453E-09 2.0153E-09 1.7982E-09 1.5947E-09 1.4056E-09 1.2325E-09 1.0740E-09 9.2957E-10 7.9884E-10 6.8216E-10 5.7857E-10 4.8692E-10 4.0678E-10 3.3767E-10 2.7715E-10 2.2600E-10 1.8242E-10
1.9722E-09 2.1909E-09 2.4222E-09 2.6655E-09 2.9182E-09 3.1790E-09 3.4464E-09 3.7174E-09 3.9899E-09 4.2613E-09 4.5281E-09 4.7870E-09 5.0351E-09 5.2693E-09 5.4861E-09 5.6821E-09 5.8545E-09 6.0007E-09 6.1182E-09 6.2050E-09 6.2596E-09 6.2809E-09 6.2683E-09 6.2219E-09 6.1421E-09 6.0302E-09 5.8877E-09 5.7168E-09 5.5200E-09 5.3001E-09 5.0606E-09 4.8046E-09 4.5359E-09 4.2579E-09 3.9743E-09 3.6878E-09 3.4019E-09 3.1214E-09 2.8477E-09 2.5824E-09 2.3275E-09 2.0859E-09 1.8593E-09 1.6476E-09 1.4512E-09 1.2697E-09 1.1041E-09 9.5474E-10 8.2011E-10 6.9905E-10 5.9174E-10 4.9760E-10 4.1499E-10 3.4337E-10 2.8128E-10 2.2851E-10 1.8388E-10
2.0344E-09 2.2617E-09 2.5029E-09 2.7555E-09 3.0188E-09 3.2916E-09 3.5708E-09 3.8544E-09 4.1402E-09 4.4249E-09 4.7051E-09 4.9776E-09 5.2391E-09 5.4861E-09 5.7149E-09 5.9218E-09 6.1041E-09 6.2587E-09 6.3831E-09 6.4752E-09 6.5333E-09 6.5563E-09 6.5436E-09 6.4952E-09 6.4117E-09 6.2942E-09 6.1445E-09 5.9648E-09 5.7578E-09 5.5265E-09 5.2745E-09 5.0053E-09 4.7227E-09 4.4305E-09 4.1326E-09 3.8324E-09 3.5335E-09 3.2377E-09 2.9498E-09 2.6730E-09 2.4076E-09 2.1554E-09 1.9176E-09 1.6957E-09 1.4918E-09 1.3045E-09 1.1332E-09 9.7754E-10 8.3829E-10 7.1409E-10 6.0317E-10 5.0588E-10 4.2141E-10 3.4773E-10 2.8400E-10 2.3008E-10 1.8453E-10
2.0923E-09 2.3285E-09 2.5782E-09 2.8405E-09 3.1146E-09 3.3978E-09 3.6885E-09 3.9847E-09 4.2830E-09 4.5807E-09 4.8746E-09 5.1608E-09 5.4353E-09 5.6945E-09 5.9353E-09 6.1543E-09 6.3474E-09 6.5114E-09 6.6436E-09 6.7417E-09 6.8030E-09 6.8284E-09 6.8159E-09 6.7646E-09 6.6774E-09 6.5545E-09 6.3976E-09 6.2092E-09 5.9920E-09 5.7494E-09 5.4850E-09 5.2026E-09 4.9061E-09 4.5998E-09 4.2874E-09 3.9730E-09 3.6601E-09 3.3521E-09 3.0513E-09 2.7600E-09 2.4822E-09 2.2201E-09 1.9737E-09 1.7438E-09 1.5304E-09 1.3353E-09 1.1588E-09 9.9891E-10 8.5474E-10 7.2622E-10 6.1266E-10 5.1274E-10 4.2603E-10 3.5066E-10 2.8558E-10 2.3029E-10 1.8414E-10
2.1459E-09 2.3900E-09 2.6481E-09 2.9201E-09 3.2039E-09 3.4981E-09 3.8008E-09 4.1088E-09 4.4189E-09 4.7289E-09 5.0352E-09 5.3339E-09 5.6205E-09 5.8918E-09 6.1442E-09 6.3735E-09 6.5764E-09 6.7492E-09 6.8889E-09 6.9933E-09 7.0602E-09 7.0883E-09 7.0770E-09 7.0260E-09 6.9347E-09 6.8065E-09 6.6413E-09 6.4440E-09 6.2169E-09 5.9631E-09 5.6865E-09 5.3911E-09 5.0812E-09 4.7609E-09 4.4345E-09 4.1061E-09 3.7796E-09 3.4584E-09 3.1457E-09 2.8436E-09 2.5547E-09 2.2805E-09 2.0238E-09 1.7862E-09 1.5666E-09 1.3650E-09 1.1815E-09 1.0168E-09 8.6906E-10 7.3701E-10 6.1990E-10 5.1795E-10 4.2970E-10 3.5189E-10 2.8601E-10 2.2957E-10 1.8279E-10
2.1947E-09 2.4455E-09 2.7123E-09 2.9939E-09 3.2876E-09 3.5921E-09 3.9056E-09 4.2249E-09 4.5474E-09 4.8695E-09 5.1881E-09 5.4993E-09 5.7986E-09 6.0818E-09 6.3450E-09 6.5849E-09 6.7975E-09 6.9791E-09 7.1261E-09 7.2362E-09 7.3073E-09 7.3382E-09 7.3272E-09 7.2748E-09 7.1821E-09 7.0490E-09 6.8796E-09 6.6739E-09 6.4357E-09 6.1698E-09 5.8818E-09 5.5738E-09 5.2505E-09 4.9166E-09 4.5763E-09 4.2342E-09 3.8941E-09 3.5598E-09 3.2347E-09 2.9215E-09 2.6222E-09 2.3389E-09 2.0731E-09 1.8252E-09 1.5979E-09 1.3908E-09 1.2027E-09 1.0327E-09 8.8004E-10 7.4546E-10 6.2591E-10 5.2122E-10 4.3133E-10 3.5219E-10 2.8502E-10 2.2818E-10 1.8062E-10
2.2368E-09 2.4961E-09 2.7716E-09 3.0604E-09 3.3637E-09 3.6790E-09 4.0026E-09 4.3332E-09 4.6683E-09 5.0023E-09 5.3322E-09 5.6555E-09 5.9672E-09 6.2622E-09 6.5368E-09 6.7874E-09 7.0101E-09 7.2003E-09 7.3547E-09 7.4704E-09 7.5457E-09 7.5789E-09 7.5696E-09 7.5172E-09 7.4210E-09 7.2849E-09 7.1077E-09 6.8940E-09 6.6475E-09 6.3727E-09 6.0701E-09 5.7473E-09 5.4118E-09 5.0652E-09 4.7119E-09 4.3565E-09 4.0033E-09 3.6562E-09 3.3188E-09 2.9942E-09 2.6849E-09 2.3921E-09 2.1179E-09 1.8631E-09 1.6282E-09 1.4131E-09 1.2196E-09 1.0461E-09 8.8986E-10 7.5154E-10 6.2964E-10 5.2314E-10 4.3103E-10 3.5073E-10 2.8278E-10 2.2536E-10 1.7756E-10
2.2750E-09 2.5410E-09 2.8222E-09 3.1205E-09 3.4333E-09 3.7571E-09 4.0920E-09 4.4338E-09 4.7787E-09 5.1247E-09 5.4681E-09 5.8031E-09 6.1256E-09 6.4329E-09 6.7194E-09 6.9800E-09 7.2115E-09 7.4101E-09 7.5722E-09 7.6940E-09 7.7736E-09 7.8094E-09 7.8011E-09 7.7480E-09 7.6506E-09 7.5097E-09 7.3279E-09 7.1068E-09 6.8515E-09 6.5651E-09 6.2511E-09 5.9170E-09 5.5648E-09 5.2013E-09 4.8351E-09 4.4674E-09 4.1021E-09 3.7433E-09 3.3946E-09 3.0591E-09 2.7396E-09 2.4383E-09 2.1561E-09 1.8943E-09 1.6533E-09 1.4335E-09 1.2343E-09 1.0559E-09 8.9636E-10 7.5554E-10 6.3061E-10 5.2232E-10 4.2891E-10 3.4758E-10 2.7920E-10 2.2162E-10 1.7313E-10
2.3069E-09 2.5780E-09 2.8674E-09 3.1737E-09 3.4939E-09 3.8275E-09 4.1722E-09 4.5240E-09 4.8809E-09 5.2385E-09 5.5921E-09 5.9392E-09 6.2744E-09 6.5930E-09 6.8905E-09 7.1626E-09 7.4040E-09 7.6112E-09 7.7807E-09 7.9099E-09 7.9949E-09 8.0346E-09 8.0278E-09 7.9752E-09 7.8762E-09 7.7305E-09 7.5431E-09 7.3138E-09 7.0498E-09 6.7527E-09 6.4281E-09 6.0817E-09 5.7155E-09 5.3392E-09 4.9556E-09 4.5704E-09 4.1922E-09 3.8218E-09 3.4622E-09 3.1167E-09 2.7878E-09 2.4777E-09 2.1881E-09 1.9197E-09 1.6731E-09 1.4482E-09 1.2452E-09 1.0628E-09 8.9935E-10 7.5584E-10 6.2937E-10 5.1913E-10 4.2494E-10 3.4323E-10 2.7413E-10 2.1625E-10 1.6749E-10
2.3322E-09 2.6094E-09 2.9056E-09 3.2180E-09 3.5465E-09 3.8895E-09 4.2431E-09 4.6053E-09 4.9724E-09 5.3412E-09 5.7074E-09 6.0663E-09 6.4135E-09 6.7437E-09 7.0526E-09 7.3353E-09 7.5876E-09 7.8046E-09 7.9826E-09 8.1189E-09 8.2100E-09 8.2539E-09 8.2489E-09 8.1960E-09 8.0950E-09 7.9475E-09 7.7540E-09 7.5189E-09 7.2462E-09 6.9400E-09 6.6045E-09 6.2451E-09 5.8674E-09 5.4745E-09 5.0751E-09 4.6770E-09 4.2830E-09 3.8952E-09 3.5233E-09 3.1676E-09 2.8295E-09 2.5112E-09 2.2142E-09 1.9395E-09 1.6873E-09 1.4581E-09 1.2513E-09 1.0658E-09 8.9994E-10 7.5367E-10 6.2543E-10 5.1403E-10 4.1874E-10 3.3687E-10 2.6766E-10 2.0938E-10 1.6065E-10
2.3516E-09 2.6346E-09 2.9361E-09 3.2557E-09 3.5928E-09 3.9433E-09 4.3059E-09 4.6786E-09 5.0567E-09 5.4366E-09 5.8142E-09 6.1851E-09 6.5442E-09 6.8870E-09 7.2084E-09 7.5029E-09 7.7656E-09 7.9931E-09 8.1803E-09 8.3236E-09 8.4208E-09 8.4696E-09 8.4679E-09 8.4150E-09 8.3127E-09 8.1614E-09 7.9634E-09 7.7220E-09 7.4413E-09 7.1253E-09 6.7785E-09 6.4074E-09 6.0176E-09 5.6130E-09 5.1993E-09 4.7821E-09 4.3708E-09 3.9706E-09 3.5858E-09 3.2150E-09 2.8658E-09 2.5393E-09 2.2352E-09 1.9546E-09 1.6976E-09 1.4640E-09 1.2537E-09 1.0652E-09 8.9769E-10 7.4968E-10 6.1943E-10 5.0637E-10 4.1125E-10 3.2895E-10 2.5946E-10 2.0188E-10 1.5367E-10
2.3652E-09 2.6528E-09 2.9598E-09 3.2866E-09 3.6299E-09 3.9885E-09 4.3613E-09 4.7434E-09 5.1313E-09 5.5229E-09 5.9126E-09 6.2958E-09 6.6677E-09 7.0230E-09 7.3565E-09 7.6636E-09 7.9383E-09 8.1765E-09 8.3740E-09 8.5266E-09 8.6305E-09 8.6840E-09 8.6857E-09 8.6350E-09 8.5315E-09 8.3784E-09 8.1767E-09 7.9285E-09 7.6400E-09 7.3139E-09 6.9565E-09 6.5737E-09 6.1696E-09 5.7516E-09 5.3249E-09 4.8934E-09 4.4651E-09 4.0470E-09 3.6448E-09 3.2614E-09 2.9015E-09 2.5628E-09 2.2508E-09 1.9645E-09 1.7029E-09 1.4657E-09 1.2527E-09 1.0616E-09 8.9250E-10 7.4328E-10 6.1219E-10 4.9788E-10 4.0233E-10 3.2023E-10 2.5065E-10 1.9345E-10 1.4597E-10
2.3720E-09 2.6634E-09 2.9760E-09 3.3083E-09 3.6584E-09 4.0259E-09 4.4066E-09 4.7978E-09 5.1973E-09 5.6001E-09 6.0014E-09 6.3970E-09 6.7824E-09 7.1513E-09 7.4987E-09 7.8190E-09 8.1067E-09 8.3573E-09 8.5656E-09 8.7273E-09 8.8398E-09 8.8994E-09 8.9053E-09 8.8573E-09 8.7551E-09 8.6000E-09 8.3933E-09 8.1396E-09 7.8427E-09 7.5078E-09 7.1394E-09 6.7429E-09 6.3264E-09 5.8930E-09 5.4534E-09 5.0088E-09 4.5674E-09 4.1304E-09 3.7101E-09 3.3089E-09 2.9350E-09 2.5854E-09 2.2643E-09 1.9691E-09 1.7034E-09 1.4632E-09 1.2475E-09 1.0546E-09 8.8413E-10 7.3409E-10 6.0225E-10 4.8821E-10 3.9248E-10 3.1023E-10 2.4159E-10 1.8469E-10 1.3815E-10
2.3718E-09 2.6669E-09 2.9843E-09 3.3218E-09 3.6789E-09 4.0533E-09 4.4421E-09 4.8437E-09 5.2534E-09 5.6669E-09 6.0810E-09 6.4903E-09 6.8890E-09 7.2718E-09 7.6331E-09 7.9676E-09 8.2688E-09 8.5319E-09 8.7522E-09 8.9247E-09 9.0459E-09 9.1134E-09 9.1251E-09 9.0802E-09 8.9782E-09 8.8216E-09 8.6122E-09 8.3532E-09 8.0483E-09 7.7029E-09 7.3226E-09 6.9136E-09 6.4831E-09 6.0373E-09 5.5826E-09 5.1246E-09 4.6693E-09 4.2200E-09 3.7839E-09 3.3668E-09 2.9753E-09 2.6094E-09 2.2759E-09 1.9723E-09 1.6995E-09 1.4559E-09 1.2383E-09 1.0438E-09 8.7244E-10 7.2173E-10 5.8991E-10 4.7683E-10 3.8175E-10 2.9964E-10 2.3215E-10 1.7616E-10 1.3019E-10
2.3644E-09 2.6634E-09 2.9847E-09 3.3272E-09 3.6902E-09 4.0716E-09 4.4692E-09 4.8796E-09 5.2996E-09 5.7255E-09 6.1520E-09 6.5743E-09 6.9873E-09 7.3853E-09 7.7620E-09 8.1113E-09 8.4279E-09 8.7056E-09 8.9388E-09 9.1237E-09 9.2566E-09 9.3331E-09 9.3514E-09 9.3106E-09 9.2119E-09 9.0551E-09 8.8427E-09 8.5774E-09 8.2650E-09 7.9100E-09 7.5184E-09 7.0962E-09 6.6515E-09 6.1906E-09 5.7196E-09 5.2474E-09 4.7780E-09 4.3171E-09 3.8671E-09 3.4330E-09 3.0245E-09 2.6447E-09 2.2943E-09 1.9771E-09 1.6945E-09 1.4448E-09 1.2247E-09 1.0292E-09 8.5749E-10 7.0662E-10 5.7509E-10 4.6365E-10 3.6934E-10 2.8828E-10 2.2127E-10 1.6649E-10 1.2140E-10
2.3506E-09 2.6527E-09 2.9768E-09 3.3242E-09 3.6931E-09 4.0810E-09 4.4865E-09 4.9066E-09 5.3376E-09 5.7748E-09 6.2145E-09 6.6517E-09 7.0796E-09 7.4929E-09 7.8860E-09 8.2520E-09 8.5840E-09 8.8768E-09 9.1261E-09 9.3251E-09 9.4694E-09 9.5567E-09 9.5843E-09 9.5503E-09 9.4544E-09 9.2985E-09 9.0846E-09 8.8161E-09 8.4965E-09 8.1314E-09 7.7276E-09 7.2921E-09 6.8324E-09 6.3550E-09 5.8682E-09 5.3783E-09 4.8927E-09 4.4175E-09 3.9571E-09 3.5123E-09 3.0852E-09 2.6889E-09 2.3240E-09 1.9952E-09 1.6972E-09 1.4339E-09 1.2071E-09 1.0111E-09 8.3920E-10 6.8859E-10 5.5810E-10 4.4826E-10 3.5490E-10 2.7527E-10 2.0969E-10 1.5603E-10 1.1200E-10
2.3304E-09 2.6339E-09 2.9616E-09 3.3135E-09 3.6871E-09 4.0820E-09 4.4960E-09 4.9253E-09 5.3666E-09 5.8166E-09 6.2703E-09 6.7212E-09 7.1653E-09 7.5964E-09 8.0068E-09 8.3898E-09 8.7411E-09 9.0526E-09 9.3183E-09 9.5331E-09 9.6930E-09 9.7935E-09 9.8313E-09 9.8051E-09 9.7148E-09 9.5617E-09 9.3474E-09 9.0741E-09 8.7478E-09 8.3736E-09 7.9579E-09 7.5079E-09 7.0318E-09 6.5367E-09 6.0305E-09 5.5213E-09 5.0166E-09 4.5229E-09 4.0460E-09 3.5912E-09 3.1564E-09 2.7455E-09 2.3646E-09 2.0204E-09 1.7099E-09 1.4380E-09 1.1965E-09 9.8937E-10 8.1742E-10 6.6770E-10 5.3908E-10 4.3080E-10 3.3892E-10 2.6098E-10 1.9758E-10 1.4503E-10 1.0214E-10
2.3032E-09 2.6082E-09 2.9394E-09 3.2942E-09 3.6732E-09 4.0751E-09 4.4964E-09 4.9351E-09 5.3883E-09 5.8508E-09 6.3183E-09 6.7859E-09 7.2476E-09 7.6963E-09 8.1258E-09 8.5294E-09 8.9004E-09 9.2313E-09 9.5163E-09 9.7499E-09 9.9267E-09 1.0042E-08 1.0092E-08 1.0077E-08 9.9946E-09 9.8447E-09 9.6307E-09 9.3560E-09 9.0243E-09 8.6408E-09 8.2125E-09 7.7476E-09 7.2544E-09 6.7408E-09 6.2150E-09 5.6854E-09 5.1597E-09 4.6455E-09 4.1488E-09 3.6753E-09 3.2294E-09 2.8099E-09 2.4173E-09 2.0600E-09 1.7350E-09 1.4487E-09 1.1983E-09 9.8063E-10 7.9660E-10 6.4480E-10 5.1842E-10 4.1227E-10 3.2176E-10 2.4564E-10 1.8504E-10 1.3418E-10 9.2454E-11
2.2686E-09 2.5764E-09 2.9095E-09 3.2674E-09 3.6521E-09 4.0598E-09 4.4890E-09 4.9381E-09 5.4022E-09 5.8778E-09 6.3611E-09 6.8455E-09 7.3254E-09 7.7941E-09 8.2448E-09 8.6705E-09 9.0639E-09 9.4177E-09 9.7253E-09 9.9802E-09 1.0176E-08 1.0310E-08 1.0377E-08 1.0374E-08 1.0300E-08 1.0158E-08 9.9466E-09 9.6694E-09 9.3316E-09 8.9400E-09 8.5005E-09 8.0201E-09 7.5085E-09 6.9744E-09 6.4269E-09 5.8744E-09 5.3261E-09 4.7887E-09 4.2700E-09 3.7753E-09 3.3096E-09 2.8756E-09 2.4735E-09 2.1040E-09 1.7699E-09 1.4744E-09 1.2121E-09 9.8132E-10 7.8699E-10 6.2798E-10 4.9783E-10 3.9193E-10 3.0382E-10 2.2997E-10 1.7180E-10 1.2263E-10 8.2738E-11
2.2292E-09 2.5375E-09 2.8715E-09 3.2342E-09 3.6229E-09 4.0360E-09 4.4742E-09 4.9323E-09 5.4084E-09 5.8989E-09 6.3978E-09 6.9005E-09 7.4006E-09 7.8904E-09 8.3650E-09 8.8152E-09 9.2330E-09 9.6123E-09 9.9449E-09 1.0223E-08 1.0443E-08 1.0598E-08 1.0682E-08 1.0695E-08 1.0635E-08 1.0500E-08 1.0292E-08 1.0016E-08 9.6760E-09 9.2757E-09 8.8232E-09 8.3275E-09 7.7971E-09 7.2418E-09 6.6707E-09 6.0940E-09 5.5200E-09 4.9577E-09 4.4139E-09 3.8960E-09 3.4081E-09 2.9552E-09 2.5389E-09 2.1570E-09 1.8113E-09 1.5034E-09 1.2315E-09 9.9344E-10 7.9088E-10 6.1867E-10 4.8082E-10 3.7453E-10 2.8570E-10 2.1427E-10 1.5834E-10 1.1108E-10 7.3192E-11
2.1839E-09 2.4915E-09 2.8287E-09 3.1941E-09 3.5858E-09 4.0067E-09 4.4522E-09 4.9199E-09 5.4093E-09 5.9135E-09 6.4296E-09 6.9517E-09 7.4718E-09 7.9862E-09 8.4857E-09 8.9611E-09 9.4073E-09 9.8151E-09 1.0175E-08 1.0482E-08 1.0728E-08 1.0906E-08 1.1014E-08 1.1047E-08 1.1001E-08 1.0878E-08 1.0678E-08 1.0404E-08 1.0060E-08 9.6522E-09 9.1888E-09 8.6777E-09 8.1277E-09 7.5502E-09 6.9543E-09 6.3506E-09 5.7492E-09 5.1586E-09 4.5875E-09 4.0425E-09 3.5302E-09 3.0536E-09 2.6163E-09 2.2209E-09 1.8633E-09 1.5422E-09 1.2594E-09 1.0115E-09 8.0207E-10 6.2526E-10 4.7605E-10 3.5867E-10 2.6964E-10 1.9913E-10 1.4442E-10 1.0025E-10 6.5153E-11
2.1324E-09 2.4405E-09 2.7788E-09 3.1449E-09 3.5421E-09 3.9680E-09 4.4194E-09 4.8990E-09 5.3997E-09 5.9186E-09 6.4529E-09 6.9936E-09 7.5376E-09 8.0770E-09 8.6016E-09 9.1074E-09 9.5842E-09 1.0021E-08 1.0413E-08 1.0751E-08 1.1026E-08 1.1233E-08 1.1367E-08 1.1421E-08 1.1395E-08 1.1286E-08 1.1096E-08 1.0826E-08 1.0481E-08 1.0068E-08 9.5940E-09 9.0675E-09 8.4985E-09 7.8973E-09 7.2753E-09 6.6436E-09 6.0121E-09 5.3913E-09 4.7898E-09 4.2158E-09 3.6749E-09 3.1729E-09 2.7132E-09 2.2968E-09 1.9227E-09 1.5901E-09 1.2926E-09 1.0354E-09 8.1869E-10 6.3577E-10 4.8102E-10 3.5418E-10 2.5565E-10 1.8437E-10 1.3141E-10 8.8626E-11 5.4606E-11
