Assets/Resources/2015_m01_d22_0300(utc+0800)_l00_csi_1hr_conc.grd
DSAA
         159         159
     -79.000      79.000
     -79.000      79.000
  0.0000E+00  0.4858E-05
[rows 50 to 74 of 159, columns 57 to 113 of 159]
0.0000E+00 0.0000E+00 0.0000E+00 0.0000E+00 0.0000E+00 0.0000E+00 0.0000E+00 0.0000E+00 0.0000E+00 0.0000E+00 0.0000E+00 0.0000E+00 0.0000E+00 0.0000E+00 0.0000E+00 0.0000E+00 0.0000E+00 0.0000E+00 0.0000E+00 0.0000E+00 0.0000E+00 0.0000E+00 0.0000E+00 0.0000E+00 0.0000E+00 0.0000E+00 0.0000E+00 0.0000E+00 0.0000E+00 0.0000E+00 0.0000E+00 0.0000E+00 0.0000E+00 3.9117E-13 8.5680E-12 3.2354E-11 6.1217E-11 8.5930E-11 1.1171E-10 1.4392E-10 1.8619E-10 2.3837E-10 2.9750E-10 3.6245E-10 4.3769E-10 5.2463E-10 6.2262E-10 7.3298E-10 8.6293E-10 1.0177E-09 1.1957E-09 1.3929E-09 1.6054E-09 1.8281E-09 2.0624E-09 2.3055E-09 2.5576E-09
0.0000E+00 0.0000E+00 0.0000E+00 0.0000E+00 0.0000E+00 0.0000E+00 0.0000E+00 0.0000E+00 0.0000E+00 0.0000E+00 0.0000E+00 0.0000E+00 0.0000E+00 0.0000E+00 0.0000E+00 0.0000E+00 0.0000E+00 0.0000E+00 0.0000E+00 0.0000E+00 0.0000E+00 0.0000E+00 0.0000E+00 0.0000E+00 0.0000E+00 0.0000E+00 0.0000E+00 0.0000E+00 0.0000E+00 0.0000E+00 0.0000E+00 0.0000E+00 0.0000E+00 4.1252E-13 8.2096E-12 3.2766E-11 6.4103E-11 8.8101E-11 1.1455E-10 1.4706E-10 1.8906E-10 2.4204E-10 3.0315E-10 3.7037E-10 4.4865E-10 5.3702E-10 6.3691E-10 7.6068E-10 9.1979E-10 1.1033E-09 1.2974E-09 1.4982E-09 1.7132E-09 1.9415E-09 2.1843E-09 2.4417E-09 2.7062E-09
0.0000E+00 0.0000E+00 0.0000E+00 0.0000E+00 0.0000E+00 0.0000E+00 0.0000E+00 0.0000E+00 0.0000E+00 0.0000E+00 0.0000E+00 0.0000E+00 0.0000E+00 0.0000E+00 0.0000E+00 0.0000E+00 0.0000E+00 0.0000E+00 0.0000E+00 0.0000E+00 0.0000E+00 0.0000E+00 0.0000E+00 0.0000E+00 0.0000E+00 0.0000E+00 0.0000E+00 0.0000E+00 0.0000E+00 0.0000E+00 0.0000E+00 0.0000E+00 0.0000E+00 4.1438E-13 7.6787E-12 3.4019E-11 6.5568E-11 8.9692E-11 1.1702E-10 1.5000E-10 1.9214E-10 2.4514E-10 3.0804E-10 3.7869E-10 4.5782E-10 5.5442E-10 6.8726E-10 8.5589E-10 1.0376E-09 1.2241E-09 1.4170E-09 1.6203E-09 1.8351E-09 2.0701E-09 2.3250E-09 2.6231E-09 2.9140E-09
0.0000E+00 0.0000E+00 0.0000E+00 0.0000E+00 0.0000E+00 0.0000E+00 0.0000E+00 0.0000E+00 0.0000E+00 0.0000E+00 0.0000E+00 0.0000E+00 0.0000E+00 0.0000E+00 0.0000E+00 0.0000E+00 0.0000E+00 0.0000E+00 0.0000E+00 0.0000E+00 0.0000E+00 0.0000E+00 0.0000E+00 0.0000E+00 0.0000E+00 0.0000E+00 0.0000E+00 0.0000E+00 0.0000E+00 0.0000E+00 0.0000E+00 0.0000E+00 0.0000E+00 3.9659E-13 7.0084E-12 3.4567E-11 6.6558E-11 9.1327E-11 1.1898E-10 1.5281E-10 1.9531E-10 2.4830E-10 3.1307E-10 3.9251E-10 4.9719E-10 6.4451E-10 8.1396E-10 9.7623E-10 1.1449E-09 1.3302E-09 1.5344E-09 1.7558E-09 2.0339E-09 2.3127E-09 2.5976E-09 2.8947E-09 3.1990E-09
0.0000E+00 0.0000E+00 0.0000E+00 0.0000E+00 0.0000E+00 0.0000E+00 0.0000E+00 0.0000E+00 0.0000E+00 0.0000E+00 0.0000E+00 0.0000E+00 0.0000E+00 0.0000E+00 0.0000E+00 0.0000E+00 0.0000E+00 0.0000E+00 0.0000E+00 0.0000E+00 0.0000E+00 0.0000E+00 0.0000E+00 0.0000E+00 0.0000E+00 0.0000E+00 0.0000E+00 0.0000E+00 0.0000E+00 0.0000E+00 0.0000E+00 0.0000E+00 0.0000E+00 3.5949E-13 6.8866E-12 3.3820E-11 6.6826E-11 9.2863E-11 1.2073E-10 1.5523E-10 1.9776E-10 2.5823E-10 3.4716E-10 4.6399E-10 6.0623E-10 7.6188E-10 9.1895E-10 1.0833E-09 1.2593E-09 1.5179E-09 1.7939E-09 2.0633E-09 2.3292E-09 2.6153E-09 2.9057E-09 3.2067E-09 3.5077E-09
0.0000E+00 0.0000E+00 0.0000E+00 0.0000E+00 0.0000E+00 0.0000E+00 0.0000E+00 0.0000E+00 0.0000E+00 0.0000E+00 0.0000E+00 0.0000E+00 0.0000E+00 0.0000E+00 0.0000E+00 0.0000E+00 0.0000E+00 0.0000E+00 0.0000E+00 0.0000E+00 0.0000E+00 0.0000E+00 0.0000E+00 0.0000E+00 0.0000E+00 0.0000E+00 0.0000E+00 0.0000E+00 0.0000E+00 0.0000E+00 0.0000E+00 0.0000E+00 0.0000E+00 3.0394E-13 7.4269E-12 3.2159E-11 6.5171E-11 9.3672E-11 1.2257E-10 1.6130E-10 2.2786E-10 3.1711E-10 4.2184E-10 5.5562E-10 7.0524E-10 8.5474E-10 1.0543E-09 1.3291E-09 1.5820E-09 1.8230E-09 2.0854E-09 2.3635E-09 2.6547E-09 2.9502E-09 3.2532E-09 3.5570E-09 3.8683E-09
0.0000E+00 0.0000E+00 0.0000E+00 0.0000E+00 0.0000E+00 0.0000E+00 0.0000E+00 0.0000E+00 0.0000E+00 0.0000E+00 0.0000E+00 0.0000E+00 0.0000E+00 0.0000E+00 0.0000E+00 0.0000E+00 0.0000E+00 0.0000E+00 0.0000E+00 0.0000E+00 0.0000E+00 0.0000E+00 0.0000E+00 0.0000E+00 0.0000E+00 0.0000E+00 0.0000E+00 0.0000E+00 0.0000E+00 0.0000E+00 0.0000E+00 0.0000E+00 0.0000E+00 2.3123E-13 7.7354E-12 3.2809E-11 6.9010E-11 1.1075E-10 1.6322E-10 2.2852E-10 3.0642E-10 4.0061E-10 5.2597E-10 6.8077E-10 9.2443E-10 1.1776E-09 1.4073E-09 1.6463E-09 1.8978E-09 2.1733E-09 2.4542E-09 2.7465E-09 3.0460E-09 3.3528E-09 3.6692E-09 3.9922E-09 4.3090E-09
0.0000E+00 0.0000E+00 0.0000E+00 0.0000E+00 0.0000E+00 0.0000E+00 0.0000E+00 0.0000E+00 0.0000E+00 0.0000E+00 0.0000E+00 0.0000E+00 0.0000E+00 0.0000E+00 0.0000E+00 0.0000E+00 0.0000E+00 0.0000E+00 0.0000E+00 0.0000E+00 0.0000E+00 0.0000E+00 0.0000E+00 0.0000E+00 0.0000E+00 0.0000E+00 0.0000E+00 0.0000E+00 0.0000E+00 0.0000E+00 0.0000E+00 0.0000E+00 0.0000E+00 3.9538E-12 1.9150E-11 5.4384E-11 1.3528E-10 1.9217E-10 2.4839E-10 3.2046E-10 4.0430E-10 5.5380E-10 8.1598E-10 1.0474E-09 1.2677E-09 1.5062E-09 1.7602E-09 2.0274E-09 2.3130E-09 2.6108E-09 2.9148E-09 3.2184E-09 3.5391E-09 3.8671E-09 4.1916E-09 4.5186E-09 4.8480E-09
0.0000E+00 0.0000E+00 0.0000E+00 0.0000E+00 0.0000E+00 0.0000E+00 0.0000E+00 0.0000E+00 0.0000E+00 0.0000E+00 0.0000E+00 0.0000E+00 0.0000E+00 0.0000E+00 0.0000E+00 0.0000E+00 0.0000E+00 0.0000E+00 0.0000E+00 0.0000E+00 0.0000E+00 0.0000E+00 0.0000E+00 0.0000E+00 0.0000E+00 0.0000E+00 0.0000E+00 0.0000E+00 0.0000E+00 0.0000E+00 0.0000E+00 3.4123E-12 1.6077E-11 2.9323E-11 9.2726E-11 1.6699E-10 2.3642E-10 3.1399E-10 3.9637E-10 5.5087E-10 7.4275E-10 9.6585E-10 1.1906E-09 1.4088E-09 1.6602E-09 1.9410E-09 2.2368E-09 2.5366E-09 2.8506E-09 3.1719E-09 3.4934E-09 3.8272E-09 4.1594E-09 4.4936E-09 4.8361E-09 5.1707E-09 5.4944E-09
0.0000E+00 0.0000E+00 0.0000E+00 0.0000E+00 0.0000E+00 0.0000E+00 0.0000E+00 0.0000E+00 0.0000E+00 0.0000E+00 0.0000E+00 0.0000E+00 0.0000E+00 0.0000E+00 0.0000E+00 0.0000E+00 0.0000E+00 0.0000E+00 0.0000E+00 0.0000E+00 0.0000E+00 0.0000E+00 0.0000E+00 0.0000E+00 0.0000E+00 0.0000E+00 0.0000E+00 0.0000E+00 0.0000E+00 3.4151E-13 1.2993E-11 3.4518E-11 7.8943E-11 1.3437E-10 2.0586E-10 2.9348E-10 4.0874E-10 5.7463E-10 7.5661E-10 9.6187E-10 1.1878E-09 1.4217E-09 1.6678E-09 1.9272E-09 2.2285E-09 2.5480E-09 2.8701E-09 3.2024E-09 3.5402E-09 3.8821E-09 4.2326E-09 4.5756E-09 4.9235E-09 5.2725E-09 5.6100E-09 5.9473E-09 6.2733E-09
0.0000E+00 0.0000E+00 0.0000E+00 0.0000E+00 0.0000E+00 0.0000E+00 0.0000E+00 0.0000E+00 0.0000E+00 0.0000E+00 0.0000E+00 0.0000E+00 0.0000E+00 0.0000E+00 0.0000E+00 0.0000E+00 0.0000E+00 0.0000E+00 0.0000E+00 0.0000E+00 0.0000E+00 0.0000E+00 0.0000E+00 0.0000E+00 0.0000E+00 0.0000E+00 0.0000E+00 0.0000E+00 4.0540E-12 2.1347E-11 4.2050E-11 8.0358E-11 1.5118E-10 2.4615E-10 3.9373E-10 5.9923E-10 8.0048E-10 1.0178E-09 1.2343E-09 1.4851E-09 1.7597E-09 2.0374E-09 2.3329E-09 2.6559E-09 2.9972E-09 3.3519E-09 3.7072E-09 4.0639E-09 4.4204E-09 4.7795E-09 5.1306E-09 5.4956E-09 5.8481E-09 6.1957E-09 6.5421E-09 6.8654E-09 7.1835E-09
0.0000E+00 0.0000E+00 0.0000E+00 0.0000E+00 0.0000E+00 0.0000E+00 0.0000E+00 0.0000E+00 0.0000E+00 0.0000E+00 0.0000E+00 0.0000E+00 0.0000E+00 0.0000E+00 0.0000E+00 0.0000E+00 0.0000E+00 0.0000E+00 0.0000E+00 0.0000E+00 0.0000E+00 0.0000E+00 0.0000E+00 0.0000E+00 0.0000E+00 0.0000E+00 0.0000E+00 5.7330E-12 2.5338E-11 4.6295E-11 6.7591E-11 1.5696E-10 3.1115E-10 5.5095E-10 7.9750E-10 1.0626E-09 1.3413E-09 1.6254E-09 1.9162E-09 2.2462E-09 2.5793E-09 2.9160E-09 3.2674E-09 3.6451E-09 4.0231E-09 4.3975E-09 4.7763E-09 5.1523E-09 5.5132E-09 5.8784E-09 6.2305E-09 6.5887E-09 6.9435E-09 7.2878E-09 7.6205E-09 7.9392E-09 8.2327E-09
0.0000E+00 0.0000E+00 0.0000E+00 0.0000E+00 0.0000E+00 0.0000E+00 0.0000E+00 0.0000E+00 0.0000E+00 0.0000E+00 0.0000E+00 0.0000E+00 0.0000E+00 0.0000E+00 0.0000E+00 0.0000E+00 0.0000E+00 0.0000E+00 0.0000E+00 0.0000E+00 0.0000E+00 0.0000E+00 0.0000E+00 0.0000E+00 0.0000E+00 0.0000E+00 5.1703E-12 2.4170E-11 4.7007E-11 7.4673E-11 2.0691E-10 3.7668E-10 6.2992E-10 9.5522E-10 1.3275E-09 1.7103E-09 2.1386E-09 2.5358E-09 2.9469E-09 3.3571E-09 3.7458E-09 4.1447E-09 4.5538E-09 4.9567E-09 5.3430E-09 5.7347E-09 6.1095E-09 6.4792E-09 6.8410E-09 7.1888E-09 7.5304E-09 7.8752E-09 8.2085E-09 8.5444E-09 8.8585E-09 9.1564E-09 9.4266E-09
0.0000E+00 0.0000E+00 0.0000E+00 0.0000E+00 0.0000E+00 0.0000E+00 0.0000E+00 0.0000E+00 0.0000E+00 0.0000E+00 0.0000E+00 0.0000E+00 0.0000E+00 0.0000E+00 0.0000E+00 0.0000E+00 0.0000E+00 0.0000E+00 0.0000E+00 0.0000E+00 0.0000E+00 0.0000E+00 0.0000E+00 0.0000E+00 0.0000E+00 3.2331E-12 1.9713E-11 4.3553E-11 1.1742E-10 2.1983E-10 3.6772E-10 6.4523E-10 1.0495E-09 1.5717E-09 2.1775E-09 2.7392E-09 3.2892E-09 3.8411E-09 4.3804E-09 4.8794E-09 5.3425E-09 5.7981E-09 6.2264E-09 6.6284E-09 7.0177E-09 7.3810E-09 7.7293E-09 8.0664E-09 8.3905E-09 8.7215E-09 9.0238E-09 9.3446E-09 9.6533E-09 9.9550E-09 1.0247E-08 1.0508E-08 1.0746E-08
0.0000E+00 0.0000E+00 0.0000E+00 0.0000E+00 0.0000E+00 0.0000E+00 0.0000E+00 0.0000E+00 0.0000E+00 0.0000E+00 0.0000E+00 0.0000E+00 0.0000E+00 0.0000E+00 0.0000E+00 0.0000E+00 0.0000E+00 0.0000E+00 0.0000E+00 0.0000E+00 0.0000E+00 0.0000E+00 0.0000E+00 0.0000E+00 1.1413E-12 1.2496E-11 4.2757E-11 1.1089E-10 2.1555E-10 3.5478E-10 6.0701E-10 1.0863E-09 1.7981E-09 2.6429E-09 3.4985E-09 4.3109E-09 5.0749E-09 5.8095E-09 6.4499E-09 7.0121E-09 7.5283E-09 7.9871E-09 8.3834E-09 8.7425E-09 9.0614E-09 9.3585E-09 9.6400E-09 9.9079E-09 1.0166E-08 1.0437E-08 1.0707E-08 1.0974E-08 1.1249E-08 1.1507E-08 1.1759E-08 1.1984E-08 1.2174E-08
0.0000E+00 0.0000E+00 0.0000E+00 0.0000E+00 0.0000E+00 0.0000E+00 0.0000E+00 0.0000E+00 0.0000E+00 0.0000E+00 0.0000E+00 0.0000E+00 0.0000E+00 0.0000E+00 0.0000E+00 0.0000E+00 0.0000E+00 0.0000E+00 0.0000E+00 0.0000E+00 0.0000E+00 0.0000E+00 0.0000E+00 0.0000E+00 5.7677E-12 2.9402E-11 8.8502E-11 1.8928E-10 3.2975E-10 5.7792E-10 1.1361E-09 1.8908E-09 2.9526E-09 4.1901E-09 5.3896E-09 6.4932E-09 7.4994E-09 8.3964E-09 9.1197E-09 9.7408E-09 1.0247E-08 1.0650E-08 1.0974E-08 1.1235E-08 1.1446E-08 1.1629E-08 1.1799E-08 1.1968E-08 1.2141E-08 1.2320E-08 1.2529E-08 1.2742E-08 1.2956E-08 1.3173E-08 1.3366E-08 1.3546E-08 1.3684E-08
0.0000E+00 0.0000E+00 0.0000E+00 0.0000E+00 0.0000E+00 0.0000E+00 0.0000E+00 0.0000E+00 0.0000E+00 0.0000E+00 0.0000E+00 0.0000E+00 0.0000E+00 0.0000E+00 0.0000E+00 0.0000E+00 0.0000E+00 0.0000E+00 0.0000E+00 0.0000E+00 0.0000E+00 0.0000E+00 0.0000E+00 1.2985E-12 1.4240E-11 5.8205E-11 1.4752E-10 2.8092E-10 5.8381E-10 1.0297E-09 1.9039E-09 3.3051E-09 4.8819E-09 6.5916E-09 8.1654E-09 9.5802E-09 1.0821E-08 1.1799E-08 1.2560E-08 1.3108E-08 1.3522E-08 1.3816E-08 1.3989E-08 1.4085E-08 1.4128E-08 1.4143E-08 1.4164E-08 1.4190E-08 1.4253E-08 1.4330E-08 1.4443E-08 1.4590E-08 1.4738E-08 1.4897E-08 1.5038E-08 1.5154E-08 1.5237E-08
0.0000E+00 0.0000E+00 0.0000E+00 0.0000E+00 0.0000E+00 0.0000E+00 0.0000E+00 0.0000E+00 0.0000E+00 0.0000E+00 0.0000E+00 0.0000E+00 0.0000E+00 0.0000E+00 0.0000E+00 0.0000E+00 0.0000E+00 0.0000E+00 0.0000E+00 0.0000E+00 0.0000E+00 0.0000E+00 0.0000E+00 4.0801E-12 2.9307E-11 9.7916E-11 2.2414E-10 4.7160E-10 8.8711E-10 1.7347E-09 3.2698E-09 5.3442E-09 7.6792E-09 9.9855E-09 1.1995E-08 1.3722E-08 1.5081E-08 1.6087E-08 1.6736E-08 1.7147E-08 1.7362E-08 1.7396E-08 1.7345E-08 1.7199E-08 1.7011E-08 1.6813E-08 1.6640E-08 1.6503E-08 1.6415E-08 1.6388E-08 1.6391E-08 1.6455E-08 1.6537E-08 1.6626E-08 1.6711E-08 1.6762E-08 1.6784E-08
0.0000E+00 0.0000E+00 0.0000E+00 0.0000E+00 0.0000E+00 0.0000E+00 0.0000E+00 0.0000E+00 0.0000E+00 0.0000E+00 0.0000E+00 0.0000E+00 0.0000E+00 0.0000E+00 0.0000E+00 0.0000E+00 0.0000E+00 0.0000E+00 0.0000E+00 0.0000E+00 0.0000E+00 0.0000E+00 0.0000E+00 8.3905E-12 4.8987E-11 1.4319E-10 3.3108E-10 7.0609E-10 1.4938E-09 3.0324E-09 5.4678E-09 8.5883E-09 1.1928E-08 1.4891E-08 1.7295E-08 1.9174E-08 2.0490E-08 2.1280E-08 2.1657E-08 2.1730E-08 2.1585E-08 2.1304E-08 2.0899E-08 2.0436E-08 1.9963E-08 1.9512E-08 1.9112E-08 1.8796E-08 1.8551E-08 1.8393E-08 1.8296E-08 1.8266E-08 1.8280E-08 1.8300E-08 1.8325E-08 1.8317E-08 1.8274E-08
0.0000E+00 0.0000E+00 0.0000E+00 0.0000E+00 0.0000E+00 0.0000E+00 0.0000E+00 0.0000E+00 0.0000E+00 0.0000E+00 0.0000E+00 0.0000E+00 0.0000E+00 0.0000E+00 0.0000E+00 0.0000E+00 0.0000E+00 0.0000E+00 0.0000E+00 0.0000E+00 0.0000E+00 0.0000E+00 0.0000E+00 1.4370E-11 7.1321E-11 1.9658E-10 4.9194E-10 1.1745E-09 2.6555E-09 5.2860E-09 9.1145E-09 1.3713E-08 1.8186E-08 2.1827E-08 2.4544E-08 2.6242E-08 2.7118E-08 2.7389E-08 2.7153E-08 2.6678E-08 2.6042E-08 2.5264E-08 2.4452E-08 2.3618E-08 2.2808E-08 2.2082E-08 2.1458E-08 2.0947E-08 2.0545E-08 2.0260E-08 2.0061E-08 1.9946E-08 1.9892E-08 1.9850E-08 1.9816E-08 1.9753E-08 1.9649E-08
0.0000E+00 0.0000E+00 0.0000E+00 0.0000E+00 0.0000E+00 0.0000E+00 0.0000E+00 0.0000E+00 0.0000E+00 0.0000E+00 0.0000E+00 0.0000E+00 0.0000E+00 0.0000E+00 0.0000E+00 0.0000E+00 0.0000E+00 0.0000E+00 0.0000E+00 0.0000E+00 0.0000E+00 0.0000E+00 0.0000E+00 1.9767E-11 9.3485E-11 2.7093E-10 7.9582E-10 2.0400E-09 4.7393E-09 9.3117E-09 1.5420E-08 2.1892E-08 2.7541E-08 3.1661E-08 3.4096E-08 3.5096E-08 3.5042E-08 3.4254E-08 3.3120E-08 3.1779E-08 3.0382E-08 2.9057E-08 2.7739E-08 2.6513E-08 2.5370E-08 2.4356E-08 2.3519E-08 2.2828E-08 2.2286E-08 2.1892E-08 2.1602E-08 2.1419E-08 2.1298E-08 2.1207E-08 2.1120E-08 2.1010E-08 2.0855E-08
0.0000E+00 0.0000E+00 0.0000E+00 0.0000E+00 0.0000E+00 0.0000E+00 0.0000E+00 0.0000E+00 0.0000E+00 0.0000E+00 0.0000E+00 0.0000E+00 0.0000E+00 0.0000E+00 0.0000E+00 0.0000E+00 0.0000E+00 0.0000E+00 0.0000E+00 0.0000E+00 0.0000E+00 0.0000E+00 0.0000E+00 2.3157E-11 1.1222E-10 4.0223E-10 1.4093E-09 3.6958E-09 8.7077E-09 1.6825E-08 2.6389E-08 3.5058E-08 4.1363E-08 4.5028E-08 4.6427E-08 4.5892E-08 4.4139E-08 4.1783E-08 3.9177E-08 3.6664E-08 3.4388E-08 3.2378E-08 3.0528E-08 2.8881E-08 2.7451E-08 2.6171E-08 2.5156E-08 2.4325E-08 2.3668E-08 2.3194E-08 2.2832E-08 2.2601E-08 2.2433E-08 2.2304E-08 2.2179E-08 2.2033E-08 2.1837E-08
0.0000E+00 0.0000E+00 0.0000E+00 0.0000E+00 0.0000E+00 0.0000E+00 0.0000E+00 0.0000E+00 0.0000E+00 0.0000E+00 0.0000E+00 0.0000E+00 0.0000E+00 0.0000E+00 0.0000E+00 0.0000E+00 0.0000E+00 0.0000E+00 0.0000E+00 0.0000E+00 0.0000E+00 0.0000E+00 0.0000E+00 2.4383E-11 1.2413E-10 6.7655E-10 2.4676E-09 6.6806E-09 1.6108E-08 3.0082E-08 4.4226E-08 5.4852E-08 6.0751E-08 6.2696E-08 6.1680E-08 5.8540E-08 5.4236E-08 4.9505E-08 4.5031E-08 4.1100E-08 3.7683E-08 3.4927E-08 3.2565E-08 3.0528E-08 2.8862E-08 2.7409E-08 2.6251E-08 2.5332E-08 2.4610E-08 2.4087E-08 2.3685E-08 2.3429E-08 2.3238E-08 2.3088E-08 2.2940E-08 2.2768E-08 2.2546E-08
0.0000E+00 0.0000E+00 0.0000E+00 0.0000E+00 0.0000E+00 0.0000E+00 0.0000E+00 0.0000E+00 0.0000E+00 0.0000E+00 0.0000E+00 0.0000E+00 0.0000E+00 0.0000E+00 0.0000E+00 0.0000E+00 0.0000E+00 0.0000E+00 0.0000E+00 0.0000E+00 0.0000E+00 0.0000E+00 0.0000E+00 2.3194E-11 1.2606E-10 1.0750E-09 4.0504E-09 1.1351E-08 2.7631E-08 4.9946E-08 6.9681E-08 8.1808E-08 8.6036E-08 8.4497E-08 7.9549E-08 7.2747E-08 6.4852E-08 5.7218E-08 5.0368E-08 4.4596E-08 4.0031E-08 3.6443E-08 3.3653E-08 3.1325E-08 2.9484E-08 2.7945E-08 2.6728E-08 2.5782E-08 2.5043E-08 2.4517E-08 2.4115E-08 2.3861E-08 2.3673E-08 2.3522E-08 2.3367E-08 2.3185E-08 2.2951E-08
0.0000E+00 0.0000E+00 0.0000E+00 0.0000E+00 0.0000E+00 0.0000E+00 0.0000E+00 0.0000E+00 0.0000E+00 0.0000E+00 0.0000E+00 0.0000E+00 0.0000E+00 0.0000E+00 0.0000E+00 0.0000E+00 0.0000E+00 0.0000E+00 0.0000E+00 0.0000E+00 0.0000E+00 0.0000E+00 0.0000E+00 1.9327E-11 1.1638E-10 1.2227E-09 5.5015E-09 1.7432E-08 4.2122E-08 7.5017E-08 1.0126E-07 1.1396E-07 1.1505E-07 1.0895E-07 9.8964E-08 8.7294E-08 7.5351E-08 6.4194E-08 5.4602E-08 4.6970E-08 4.1183E-08 3.6858E-08 3.3663E-08 3.1180E-08 2.9261E-08 2.7732E-08 2.6550E-08 2.5645E-08 2.4948E-08 2.4462E-08 2.4098E-08 2.3874E-08 2.3711E-08 2.3577E-08 2.3437E-08 2.3263E-08 2.3037E-08
