Assets/Resources/2015_m01_d04_1700(utc+0800)_l00_csi_1hr_conc.grd
DSAA
         159         159
     -79.000      79.000
     -79.000      79.000
  0.1845E-09  0.3886E-04
[rows 100 to 124 of 159, columns 57 to 113 of 159]
1.8831E-09 1.8974E-09 1.9097E-09 1.9258E-09 1.9416E-09 1.9569E-09 1.9717E-09 1.9859E-09 1.9995E-09 2.0124E-09 2.0247E-09 2.0361E-09 2.0469E-09 2.0550E-09 2.0607E-09 2.0692E-09 2.0769E-09 2.0836E-09 2.0894E-09 2.0942E-09 2.0981E-09 2.1009E-09 2.1026E-09 2.1033E-09 2.1018E-09 2.0980E-09 2.0957E-09 2.0922E-09 2.0876E-09 2.0818E-09 2.0749E-09 2.0668E-09 2.0575E-09 2.0459E-09 2.0343E-09 2.0205E-09 2.0065E-09 1.9913E-09 1.9739E-09 1.9564E-09 1.9376E-09 1.9178E-09 1.8958E-09 1.8727E-09 1.8496E-09 1.8245E-09 1.7995E-09 1.7735E-09 1.7457E-09 1.7171E-09 1.6888E-09 1.6588E-09 1.6291E-09 1.5985E-09 1.5673E-09 1.5361E-09 1.5040E-09
1.8631E-09 1.8800E-09 1.8966E-09 1.9130E-09 1.9290E-09 1.9446E-09 1.9595E-09 1.9739E-09 1.9876E-09 2.0008E-09 2.0132E-09 2.0215E-09 2.0308E-09 2.0413E-09 2.0509E-09 2.0597E-09 2.0676E-09 2.0745E-09 2.0806E-09 2.0856E-09 2.0897E-09 2.0928E-09 2.0937E-09 2.0923E-09 2.0924E-09 2.0915E-09 2.0894E-09 2.0861E-09 2.0818E-09 2.0762E-09 2.0695E-09 2.0605E-09 2.0515E-09 2.0413E-09 2.0288E-09 2.0162E-09 2.0013E-09 1.9863E-09 1.9701E-09 1.9526E-09 1.9330E-09 1.9133E-09 1.8914E-09 1.8694E-09 1.8453E-09 1.8213E-09 1.7963E-09 1.7695E-09 1.7418E-09 1.7142E-09 1.6850E-09 1.6560E-09 1.6260E-09 1.5954E-09 1.5647E-09 1.5331E-09 1.5011E-09
1.8496E-09 1.8666E-09 1.8837E-09 1.9002E-09 1.9164E-09 1.9320E-09 1.9472E-09 1.9617E-09 1.9704E-09 1.9839E-09 1.9968E-09 2.0089E-09 2.0203E-09 2.0309E-09 2.0407E-09 2.0497E-09 2.0578E-09 2.0650E-09 2.0713E-09 2.0766E-09 2.0798E-09 2.0808E-09 2.0832E-09 2.0847E-09 2.0851E-09 2.0843E-09 2.0825E-09 2.0795E-09 2.0753E-09 2.0700E-09 2.0624E-09 2.0548E-09 2.0460E-09 2.0350E-09 2.0237E-09 2.0102E-09 1.9965E-09 1.9816E-09 1.9655E-09 1.9472E-09 1.9287E-09 1.9080E-09 1.8872E-09 1.8643E-09 1.8414E-09 1.8174E-09 1.7916E-09 1.7648E-09 1.7381E-09 1.7097E-09 1.6815E-09 1.6522E-09 1.6227E-09 1.5921E-09 1.5610E-09 1.5295E-09 1.4979E-09
1.8360E-09 1.8536E-09 1.8706E-09 1.8874E-09 1.9001E-09 1.9143E-09 1.9296E-09 1.9446E-09 1.9588E-09 1.9725E-09 1.9855E-09 1.9978E-09 2.0094E-09 2.0202E-09 2.0302E-09 2.0394E-09 2.0477E-09 2.0551E-09 2.0605E-09 2.0636E-09 2.0684E-09 2.0722E-09 2.0749E-09 2.0766E-09 2.0771E-09 2.0766E-09 2.0750E-09 2.0722E-09 2.0671E-09 2.0621E-09 2.0558E-09 2.0474E-09 2.0389E-09 2.0290E-09 2.0169E-09 2.0046E-09 1.9910E-09 1.9762E-09 1.9592E-09 1.9420E-09 1.9225E-09 1.9030E-09 1.8813E-09 1.8595E-09 1.8366E-09 1.8118E-09 1.7860E-09 1.7603E-09 1.7328E-09 1.7054E-09 1.6769E-09 1.6481E-09 1.6182E-09 1.5877E-09 1.5567E-09 1.5255E-09 1.4936E-09
1.8176E-09 1.8353E-09 1.8527E-09 1.8696E-09 1.8861E-09 1.9021E-09 1.9177E-09 1.9327E-09 1.9471E-09 1.9609E-09 1.9740E-09 1.9865E-09 1.9982E-09 2.0092E-09 2.0193E-09 2.0287E-09 2.0360E-09 2.0413E-09 2.0482E-09 2.0541E-09 2.0591E-09 2.0631E-09 2.0660E-09 2.0678E-09 2.0686E-09 2.0683E-09 2.0669E-09 2.0632E-09 2.0595E-09 2.0547E-09 2.0476E-09 2.0405E-09 2.0310E-09 2.0213E-09 2.0103E-09 1.9981E-09 1.9847E-09 1.9690E-09 1.9531E-09 1.9350E-09 1.9167E-09 1.8962E-09 1.8756E-09 1.8529E-09 1.8302E-09 1.8054E-09 1.7807E-09 1.7541E-09 1.7277E-09 1.7000E-09 1.6720E-09 1.6428E-09 1.6134E-09 1.5826E-09 1.5520E-09 1.5205E-09 1.4890E-09
1.8050E-09 1.8228E-09 1.8402E-09 1.8572E-09 1.8737E-09 1.8899E-09 1.9055E-09 1.9205E-09 1.9350E-09 1.9489E-09 1.9622E-09 1.9747E-09 1.9866E-09 1.9977E-09 2.0057E-09 2.0141E-09 2.0230E-09 2.0310E-09 2.0380E-09 2.0441E-09 2.0493E-09 2.0534E-09 2.0565E-09 2.0586E-09 2.0595E-09 2.0583E-09 2.0571E-09 2.0548E-09 2.0502E-09 2.0456E-09 2.0398E-09 2.0317E-09 2.0234E-09 2.0139E-09 2.0030E-09 1.9899E-09 1.9766E-09 1.9621E-09 1.9453E-09 1.9283E-09 1.9090E-09 1.8896E-09 1.8682E-09 1.8466E-09 1.8229E-09 1.7993E-09 1.7737E-09 1.7482E-09 1.7214E-09 1.6942E-09 1.6659E-09 1.6372E-09 1.6071E-09 1.5771E-09 1.5462E-09 1.5152E-09 1.4833E-09
1.7923E-09 1.8101E-09 1.8275E-09 1.8445E-09 1.8611E-09 1.8773E-09 1.8929E-09 1.9081E-09 1.9226E-09 1.9367E-09 1.9500E-09 1.9604E-09 1.9712E-09 1.9826E-09 1.9932E-09 2.0031E-09 2.0120E-09 2.0202E-09 2.0274E-09 2.0336E-09 2.0389E-09 2.0432E-09 2.0465E-09 2.0476E-09 2.0488E-09 2.0489E-09 2.0468E-09 2.0447E-09 2.0414E-09 2.0360E-09 2.0303E-09 2.0234E-09 2.0152E-09 2.0057E-09 1.9940E-09 1.9820E-09 1.9678E-09 1.9533E-09 1.9366E-09 1.9197E-09 1.9016E-09 1.8814E-09 1.8609E-09 1.8385E-09 1.8159E-09 1.7914E-09 1.7669E-09 1.7411E-09 1.7148E-09 1.6873E-09 1.6595E-09 1.6301E-09 1.6008E-09 1.5706E-09 1.5401E-09 1.5088E-09 1.4770E-09
1.7794E-09 1.7972E-09 1.8146E-09 1.8316E-09 1.8483E-09 1.8644E-09 1.8802E-09 1.8941E-09 1.9065E-09 1.9206E-09 1.9342E-09 1.9471E-09 1.9594E-09 1.9708E-09 1.9816E-09 1.9915E-09 2.0006E-09 2.0089E-09 2.0162E-09 2.0226E-09 2.0280E-09 2.0314E-09 2.0348E-09 2.0373E-09 2.0386E-09 2.0379E-09 2.0371E-09 2.0340E-09 2.0310E-09 2.0267E-09 2.0211E-09 2.0143E-09 2.0061E-09 1.9958E-09 1.9852E-09 1.9723E-09 1.9592E-09 1.9439E-09 1.9283E-09 1.9114E-09 1.8924E-09 1.8732E-09 1.8520E-09 1.8306E-09 1.8072E-09 1.7838E-09 1.7589E-09 1.7336E-09 1.7071E-09 1.6801E-09 1.6515E-09 1.6230E-09 1.5935E-09 1.5637E-09 1.5329E-09 1.5017E-09 1.4703E-09
1.7663E-09 1.7841E-09 1.8014E-09 1.8161E-09 1.8315E-09 1.8479E-09 1.8637E-09 1.8791E-09 1.8939E-09 1.9082E-09 1.9218E-09 1.9348E-09 1.9471E-09 1.9586E-09 1.9695E-09 1.9795E-09 1.9887E-09 1.9971E-09 2.0045E-09 2.0099E-09 2.0156E-09 2.0202E-09 2.0238E-09 2.0253E-09 2.0269E-09 2.0263E-09 2.0256E-09 2.0239E-09 2.0209E-09 2.0166E-09 2.0111E-09 2.0034E-09 1.9954E-09 1.9851E-09 1.9747E-09 1.9629E-09 1.9489E-09 1.9346E-09 1.9190E-09 1.9014E-09 1.8834E-09 1.8634E-09 1.8432E-09 1.8209E-09 1.7986E-09 1.7749E-09 1.7506E-09 1.7250E-09 1.6989E-09 1.6712E-09 1.6436E-09 1.6148E-09 1.5857E-09 1.5557E-09 1.5250E-09 1.4942E-09 1.4626E-09
1.7495E-09 1.7672E-09 1.7848E-09 1.8018E-09 1.8187E-09 1.8349E-09 1.8508E-09 1.8662E-09 1.8810E-09 1.8953E-09 1.9090E-09 1.9220E-09 1.9344E-09 1.9460E-09 1.9569E-09 1.9670E-09 1.9763E-09 1.9837E-09 1.9913E-09 1.9980E-09 2.0026E-09 2.0074E-09 2.0112E-09 2.0128E-09 2.0146E-09 2.0152E-09 2.0147E-09 2.0130E-09 2.0100E-09 2.0048E-09 1.9994E-09 1.9928E-09 1.9839E-09 1.9748E-09 1.9633E-09 1.9517E-09 1.9388E-09 1.9236E-09 1.9081E-09 1.8905E-09 1.8727E-09 1.8537E-09 1.8327E-09 1.8111E-09 1.7889E-09 1.7653E-09 1.7411E-09 1.7156E-09 1.6893E-09 1.6625E-09 1.6346E-09 1.6063E-09 1.5769E-09 1.5469E-09 1.5168E-09 1.4857E-09 1.4545E-09
1.7363E-09 1.7541E-09 1.7715E-09 1.7887E-09 1.8054E-09 1.8217E-09 1.8375E-09 1.8529E-09 1.8678E-09 1.8820E-09 1.8958E-09 1.9088E-09 1.9212E-09 1.9329E-09 1.9428E-09 1.9530E-09 1.9624E-09 1.9710E-09 1.9776E-09 1.9844E-09 1.9903E-09 1.9941E-09 1.9980E-09 2.0009E-09 2.0027E-09 2.0034E-09 2.0030E-09 2.0013E-09 1.9974E-09 1.9933E-09 1.9870E-09 1.9805E-09 1.9727E-09 1.9626E-09 1.9523E-09 1.9407E-09 1.9268E-09 1.9127E-09 1.8964E-09 1.8799E-09 1.8612E-09 1.8423E-09 1.8219E-09 1.8009E-09 1.7784E-09 1.7553E-09 1.7308E-09 1.7055E-09 1.6796E-09 1.6526E-09 1.6251E-09 1.5966E-09 1.5673E-09 1.5379E-09 1.5074E-09 1.4768E-09 1.4444E-09
1.7230E-09 1.7407E-09 1.7581E-09 1.7751E-09 1.7918E-09 1.8081E-09 1.8239E-09 1.8393E-09 1.8541E-09 1.8684E-09 1.8821E-09 1.8941E-09 1.9065E-09 1.9184E-09 1.9294E-09 1.9386E-09 1.9481E-09 1.9568E-09 1.9646E-09 1.9704E-09 1.9764E-09 1.9814E-09 1.9854E-09 1.9883E-09 1.9902E-09 1.9910E-09 1.9895E-09 1.9879E-09 1.9841E-09 1.9801E-09 1.9749E-09 1.9674E-09 1.9597E-09 1.9507E-09 1.9395E-09 1.9279E-09 1.9151E-09 1.9001E-09 1.8849E-09 1.8675E-09 1.8498E-09 1.8307E-09 1.8108E-09 1.7895E-09 1.7675E-09 1.7441E-09 1.7198E-09 1.6949E-09 1.6689E-09 1.6423E-09 1.6146E-09 1.5861E-09 1.5574E-09 1.5276E-09 1.4977E-09 1.4660E-09 1.4342E-09
1.7093E-09 1.7269E-09 1.7443E-09 1.7613E-09 1.7779E-09 1.7941E-09 1.8100E-09 1.8252E-09 1.8390E-09 1.8533E-09 1.8671E-09 1.8802E-09 1.8916E-09 1.9034E-09 1.9146E-09 1.9249E-09 1.9334E-09 1.9421E-09 1.9500E-09 1.9570E-09 1.9630E-09 1.9680E-09 1.9721E-09 1.9751E-09 1.9760E-09 1.9768E-09 1.9764E-09 1.9739E-09 1.9712E-09 1.9662E-09 1.9610E-09 1.9546E-09 1.9470E-09 1.9370E-09 1.9268E-09 1.9144E-09 1.9017E-09 1.8867E-09 1.8716E-09 1.8552E-09 1.8373E-09 1.8187E-09 1.7985E-09 1.7777E-09 1.7554E-09 1.7322E-09 1.7084E-09 1.6833E-09 1.6577E-09 1.6309E-09 1.6033E-09 1.5754E-09 1.5464E-09 1.5171E-09 1.4861E-09 1.4549E-09 1.4230E-09
1.6953E-09 1.7129E-09 1.7301E-09 1.7460E-09 1.7625E-09 1.7788E-09 1.7945E-09 1.8099E-09 1.8247E-09 1.8380E-09 1.8517E-09 1.8649E-09 1.8774E-09 1.8881E-09 1.8993E-09 1.9097E-09 1.9193E-09 1.9280E-09 1.9359E-09 1.9429E-09 1.9490E-09 1.9540E-09 1.9571E-09 1.9602E-09 1.9622E-09 1.9620E-09 1.9616E-09 1.9591E-09 1.9565E-09 1.9526E-09 1.9474E-09 1.9401E-09 1.9325E-09 1.9236E-09 1.9124E-09 1.9010E-09 1.8874E-09 1.8736E-09 1.8581E-09 1.8418E-09 1.8240E-09 1.8055E-09 1.7858E-09 1.7647E-09 1.7426E-09 1.7199E-09 1.6958E-09 1.6712E-09 1.6454E-09 1.6187E-09 1.5916E-09 1.5635E-09 1.5349E-09 1.5048E-09 1.4743E-09 1.4429E-09 1.4114E-09
1.6800E-09 1.6974E-09 1.7147E-09 1.7315E-09 1.7470E-09 1.7631E-09 1.7790E-09 1.7942E-09 1.8091E-09 1.8222E-09 1.8360E-09 1.8492E-09 1.8617E-09 1.8736E-09 1.8846E-09 1.8951E-09 1.9046E-09 1.9134E-09 1.9213E-09 1.9273E-09 1.9334E-09 1.9385E-09 1.9416E-09 1.9447E-09 1.9467E-09 1.9465E-09 1.9462E-09 1.9447E-09 1.9421E-09 1.9372E-09 1.9321E-09 1.9258E-09 1.9172E-09 1.9083E-09 1.8973E-09 1.8859E-09 1.8734E-09 1.8592E-09 1.8442E-09 1.8276E-09 1.8103E-09 1.7915E-09 1.7715E-09 1.7510E-09 1.7294E-09 1.7064E-09 1.6829E-09 1.6580E-09 1.6323E-09 1.6062E-09 1.5789E-09 1.5511E-09 1.5219E-09 1.4921E-09 1.4613E-09 1.4305E-09 1.3984E-09
1.6645E-09 1.6820E-09 1.6990E-09 1.7159E-09 1.7323E-09 1.7474E-09 1.7630E-09 1.7783E-09 1.7931E-09 1.8073E-09 1.8211E-09 1.8341E-09 1.8467E-09 1.8584E-09 1.8695E-09 1.8799E-09 1.8894E-09 1.8972E-09 1.9051E-09 1.9121E-09 1.9172E-09 1.9224E-09 1.9265E-09 1.9285E-09 1.9305E-09 1.9314E-09 1.9311E-09 1.9296E-09 1.9260E-09 1.9221E-09 1.9161E-09 1.9097E-09 1.9021E-09 1.8924E-09 1.8823E-09 1.8707E-09 1.8581E-09 1.8444E-09 1.8291E-09 1.8130E-09 1.7955E-09 1.7767E-09 1.7574E-09 1.7365E-09 1.7150E-09 1.6922E-09 1.6688E-09 1.6441E-09 1.6189E-09 1.5925E-09 1.5657E-09 1.5373E-09 1.5083E-09 1.4783E-09 1.4481E-09 1.4166E-09 1.3854E-09
1.6489E-09 1.6662E-09 1.6832E-09 1.6999E-09 1.7163E-09 1.7323E-09 1.7479E-09 1.7631E-09 1.7778E-09 1.7920E-09 1.8056E-09 1.8187E-09 1.8310E-09 1.8428E-09 1.8528E-09 1.8632E-09 1.8727E-09 1.8804E-09 1.8884E-09 1.8954E-09 1.9015E-09 1.9056E-09 1.9097E-09 1.9128E-09 1.9147E-09 1.9155E-09 1.9143E-09 1.9128E-09 1.9092E-09 1.9053E-09 1.9002E-09 1.8929E-09 1.8854E-09 1.8766E-09 1.8662E-09 1.8550E-09 1.8421E-09 1.8285E-09 1.8133E-09 1.7973E-09 1.7798E-09 1.7616E-09 1.7420E-09 1.7217E-09 1.7000E-09 1.6772E-09 1.6540E-09 1.6294E-09 1.6044E-09 1.5781E-09 1.5510E-09 1.5229E-09 1.4937E-09 1.4642E-09 1.4334E-09 1.4028E-09 1.3714E-09
1.6341E-09 1.6512E-09 1.6681E-09 1.6847E-09 1.7010E-09 1.7169E-09 1.7324E-09 1.7475E-09 1.7621E-09 1.7761E-09 1.7897E-09 1.8016E-09 1.8140E-09 1.8257E-09 1.8367E-09 1.8460E-09 1.8555E-09 1.8643E-09 1.8711E-09 1.8782E-09 1.8842E-09 1.8893E-09 1.8933E-09 1.8953E-09 1.8973E-09 1.8980E-09 1.8968E-09 1.8953E-09 1.8926E-09 1.8878E-09 1.8827E-09 1.8764E-09 1.8684E-09 1.8597E-09 1.8493E-09 1.8381E-09 1.8258E-09 1.8118E-09 1.7967E-09 1.7809E-09 1.7639E-09 1.7454E-09 1.7263E-09 1.7057E-09 1.6841E-09 1.6620E-09 1.6384E-09 1.6144E-09 1.5891E-09 1.5630E-09 1.5358E-09 1.5074E-09 1.4787E-09 1.4486E-09 1.4187E-09 1.3880E-09 1.3564E-09
1.6189E-09 1.6360E-09 1.6527E-09 1.6692E-09 1.6853E-09 1.7011E-09 1.7164E-09 1.7304E-09 1.7449E-09 1.7590E-09 1.7724E-09 1.7843E-09 1.7966E-09 1.8082E-09 1.8192E-09 1.8284E-09 1.8379E-09 1.8465E-09 1.8544E-09 1.8614E-09 1.8673E-09 1.8713E-09 1.8753E-09 1.8782E-09 1.8791E-09 1.8799E-09 1.8795E-09 1.8771E-09 1.8743E-09 1.8704E-09 1.8649E-09 1.8586E-09 1.8511E-09 1.8420E-09 1.8321E-09 1.8206E-09 1.8083E-09 1.7944E-09 1.7798E-09 1.7636E-09 1.7468E-09 1.7284E-09 1.7095E-09 1.6890E-09 1.6680E-09 1.6455E-09 1.6225E-09 1.5982E-09 1.5731E-09 1.5469E-09 1.5194E-09 1.4915E-09 1.4623E-09 1.4327E-09 1.4030E-09 1.3720E-09 1.3414E-09
1.6034E-09 1.6192E-09 1.6359E-09 1.6522E-09 1.6683E-09 1.6839E-09 1.6992E-09 1.7130E-09 1.7275E-09 1.7414E-09 1.7547E-09 1.7675E-09 1.7787E-09 1.7903E-09 1.8011E-09 1.8113E-09 1.8207E-09 1.8293E-09 1.8371E-09 1.8429E-09 1.8488E-09 1.8537E-09 1.8567E-09 1.8595E-09 1.8613E-09 1.8611E-09 1.8607E-09 1.8591E-09 1.8559E-09 1.8520E-09 1.8469E-09 1.8402E-09 1.8327E-09 1.8236E-09 1.8137E-09 1.8023E-09 1.7901E-09 1.7767E-09 1.7618E-09 1.7461E-09 1.7290E-09 1.7108E-09 1.6919E-09 1.6720E-09 1.6506E-09 1.6287E-09 1.6051E-09 1.5814E-09 1.5559E-09 1.5297E-09 1.5023E-09 1.4743E-09 1.4455E-09 1.4165E-09 1.3862E-09 1.3562E-09 1.3255E-09
1.5866E-09 1.6024E-09 1.6188E-09 1.6351E-09 1.6509E-09 1.6665E-09 1.6816E-09 1.6953E-09 1.7096E-09 1.7234E-09 1.7367E-09 1.7493E-09 1.7615E-09 1.7729E-09 1.7837E-09 1.7937E-09 1.8020E-09 1.8106E-09 1.8182E-09 1.8239E-09 1.8297E-09 1.8345E-09 1.8373E-09 1.8402E-09 1.8419E-09 1.8425E-09 1.8416E-09 1.8400E-09 1.8372E-09 1.8328E-09 1.8277E-09 1.8214E-09 1.8135E-09 1.8049E-09 1.7946E-09 1.7837E-09 1.7711E-09 1.7578E-09 1.7430E-09 1.7275E-09 1.7105E-09 1.6928E-09 1.6736E-09 1.6538E-09 1.6326E-09 1.6105E-09 1.5877E-09 1.5634E-09 1.5381E-09 1.5114E-09 1.4846E-09 1.4567E-09 1.4284E-09 1.3989E-09 1.3695E-09 1.3394E-09 1.3089E-09
1.5697E-09 1.5852E-09 1.6016E-09 1.6176E-09 1.6333E-09 1.6487E-09 1.6637E-09 1.6783E-09 1.6924E-09 1.7061E-09 1.7191E-09 1.7317E-09 1.7427E-09 1.7540E-09 1.7647E-09 1.7746E-09 1.7828E-09 1.7912E-09 1.7987E-09 1.8053E-09 1.8100E-09 1.8147E-09 1.8184E-09 1.8211E-09 1.8223E-09 1.8228E-09 1.8222E-09 1.8201E-09 1.8173E-09 1.8133E-09 1.8078E-09 1.8015E-09 1.7937E-09 1.7850E-09 1.7749E-09 1.7640E-09 1.7519E-09 1.7383E-09 1.7236E-09 1.7082E-09 1.6916E-09 1.6737E-09 1.6550E-09 1.6349E-09 1.6139E-09 1.5922E-09 1.5691E-09 1.5448E-09 1.5190E-09 1.4931E-09 1.4661E-09 1.4387E-09 1.4100E-09 1.3813E-09 1.3519E-09 1.3220E-09 1.2918E-09
1.5524E-09 1.5688E-09 1.5850E-09 1.6008E-09 1.6164E-09 1.6316E-09 1.6464E-09 1.6608E-09 1.6738E-09 1.6872E-09 1.7003E-09 1.7126E-09 1.7245E-09 1.7347E-09 1.7452E-09 1.7550E-09 1.7640E-09 1.7713E-09 1.7786E-09 1.7851E-09 1.7907E-09 1.7952E-09 1.7984E-09 1.8010E-09 1.8025E-09 1.8024E-09 1.8018E-09 1.8000E-09 1.7968E-09 1.7928E-09 1.7872E-09 1.7809E-09 1.7731E-09 1.7645E-09 1.7548E-09 1.7436E-09 1.7316E-09 1.7181E-09 1.7039E-09 1.6882E-09 1.6717E-09 1.6539E-09 1.6349E-09 1.6154E-09 1.5948E-09 1.5728E-09 1.5496E-09 1.5248E-09 1.4999E-09 1.4739E-09 1.4469E-09 1.4195E-09 1.3912E-09 1.3629E-09 1.3332E-09 1.3040E-09 1.2739E-09
1.5359E-09 1.5521E-09 1.5680E-09 1.5827E-09 1.5981E-09 1.6131E-09 1.6277E-09 1.6420E-09 1.6557E-09 1.6681E-09 1.6809E-09 1.6932E-09 1.7048E-09 1.7149E-09 1.7253E-09 1.7349E-09 1.7438E-09 1.7518E-09 1.7590E-09 1.7649E-09 1.7703E-09 1.7747E-09 1.7777E-09 1.7801E-09 1.7815E-09 1.7814E-09 1.7807E-09 1.7789E-09 1.7756E-09 1.7715E-09 1.7664E-09 1.7597E-09 1.7523E-09 1.7434E-09 1.7337E-09 1.7226E-09 1.7106E-09 1.6976E-09 1.6831E-09 1.6678E-09 1.6512E-09 1.6334E-09 1.6150E-09 1.5952E-09 1.5747E-09 1.5518E-09 1.5288E-09 1.5049E-09 1.4798E-09 1.4538E-09 1.4272E-09 1.3998E-09 1.3723E-09 1.3433E-09 1.3148E-09 1.2853E-09 1.2556E-09
1.5181E-09 1.5340E-09 1.5498E-09 1.5643E-09 1.5795E-09 1.5943E-09 1.6088E-09 1.6228E-09 1.6364E-09 1.6486E-09 1.6612E-09 1.6733E-09 1.6847E-09 1.6957E-09 1.7058E-09 1.7152E-09 1.7235E-09 1.7313E-09 1.7383E-09 1.7440E-09 1.7493E-09 1.7535E-09 1.7568E-09 1.7586E-09 1.7599E-09 1.7602E-09 1.7590E-09 1.7571E-09 1.7541E-09 1.7497E-09 1.7445E-09 1.7379E-09 1.7305E-09 1.7216E-09 1.7120E-09 1.7013E-09 1.6890E-09 1.6761E-09 1.6616E-09 1.6461E-09 1.6299E-09 1.6127E-09 1.5940E-09 1.5746E-09 1.5529E-09 1.5310E-09 1.5077E-09 1.4840E-09 1.4586E-09 1.4333E-09 1.4067E-09 1.3800E-09 1.3519E-09 1.3240E-09 1.2953E-09 1.2662E-09 1.2368E-09
