Assets/Resources/2015_m01_d08_0300(utc+0800)_l00_csi_1hr_conc.grd
DSAA
         159         159
     -79.000      79.000
     -79.000      79.000
  0.0000E+00  0.2970E-05
[rows 125 to 149 of 159, columns 57 to 113 of 159]
8.1700E-10 8.4359E-10 8.6505E-10 8.8647E-10 9.0779E-10 9.2898E-10 9.5000E-10 9.7081E-10 9.9135E-10 1.0116E-09 1.0315E-09 1.0509E-09 1.0700E-09 1.0885E-09 1.1065E-09 1.1238E-09 1.1406E-09 1.1566E-09 1.1719E-09 1.1864E-09 1.2014E-09 1.2177E-09 1.2299E-09 1.2411E-09 1.2546E-09 1.2640E-09 1.2723E-09 1.2807E-09 1.2888E-09 1.2861E-09 1.2768E-09 1.2697E-09 1.2706E-09 1.2711E-09 1.2714E-09 1.2689E-09 1.2659E-09 1.2628E-09 1.2569E-09 1.2502E-09 1.2422E-09 1.2331E-09 1.2229E-09 1.2118E-09 1.1998E-09 1.1869E-09 1.1732E-09 1.1586E-09 1.1407E-09 1.1196E-09 1.1006E-09 1.0840E-09 1.0669E-09 1.0466E-09 1.0237E-09 1.0030E-09 9.8486E-10
7.6904E-10 7.8858E-10 8.1344E-10 8.3353E-10 8.5340E-10 8.7313E-10 8.9270E-10 9.1206E-10 9.3118E-10 9.5000E-10 9.6849E-10 9.8660E-10 1.0043E-09 1.0215E-09 1.0382E-09 1.0544E-09 1.0699E-09 1.0848E-09 1.0990E-09 1.1125E-09 1.1252E-09 1.1371E-09 1.1494E-09 1.1597E-09 1.1690E-09 1.1810E-09 1.1884E-09 1.1962E-09 1.2032E-09 1.2004E-09 1.1832E-09 1.1864E-09 1.1872E-09 1.1869E-09 1.1875E-09 1.1852E-09 1.1835E-09 1.1797E-09 1.1743E-09 1.1695E-09 1.1637E-09 1.1554E-09 1.1461E-09 1.1365E-09 1.1255E-09 1.1109E-09 1.0984E-09 1.0800E-09 1.0636E-09 1.0494E-09 1.0347E-09 1.0167E-09 9.9605E-10 9.7738E-10 9.6135E-10 9.4498E-10 9.2692E-10
7.2368E-10 7.4191E-10 7.6010E-10 7.7819E-10 8.0188E-10 8.2023E-10 8.3843E-10 8.5663E-10 8.7440E-10 8.9191E-10 9.0910E-10 9.2593E-10 9.4237E-10 9.5837E-10 9.7389E-10 9.8889E-10 1.0033E-09 1.0172E-09 1.0304E-09 1.0429E-09 1.0547E-09 1.0657E-09 1.0760E-09 1.0854E-09 1.0940E-09 1.1031E-09 1.1095E-09 1.1155E-09 1.1179E-09 1.1134E-09 1.1059E-09 1.1089E-09 1.1114E-09 1.1111E-09 1.1099E-09 1.1091E-09 1.1060E-09 1.1020E-09 1.0987E-09 1.0929E-09 1.0876E-09 1.0805E-09 1.0721E-09 1.0613E-09 1.0527E-09 1.0368E-09 1.0228E-09 1.0115E-09 9.9913E-10 9.8338E-10 9.6499E-10 9.5134E-10 9.3447E-10 9.2010E-10 9.0393E-10 8.8893E-10 8.7222E-10
6.8079E-10 6.9781E-10 7.1477E-10 7.3164E-10 7.4840E-10 7.6946E-10 7.8660E-10 8.0326E-10 8.1969E-10 8.3694E-10 8.5290E-10 8.6852E-10 8.8404E-10 8.9890E-10 9.1331E-10 9.2724E-10 9.4065E-10 9.5350E-10 9.6575E-10 9.7737E-10 9.8833E-10 9.9859E-10 1.0081E-09 1.0169E-09 1.0249E-09 1.0320E-09 1.0378E-09 1.0436E-09 1.0452E-09 1.0324E-09 1.0333E-09 1.0347E-09 1.0353E-09 1.0350E-09 1.0375E-09 1.0355E-09 1.0326E-09 1.0319E-09 1.0274E-09 1.0221E-09 1.0143E-09 1.0074E-09 9.9452E-10 9.8781E-10 9.7739E-10 9.6795E-10 9.5831E-10 9.4580E-10 9.2964E-10 9.1906E-10 9.0423E-10 8.9185E-10 8.7789E-10 8.6475E-10 8.4981E-10 8.2429E-10 8.0945E-10
6.3581E-10 6.5130E-10 6.7197E-10 6.8770E-10 7.0332E-10 7.1879E-10 7.3410E-10 7.5384E-10 7.6909E-10 7.8409E-10 7.9919E-10 8.1362E-10 8.2823E-10 8.4268E-10 8.5604E-10 8.6896E-10 8.8170E-10 8.9362E-10 9.0500E-10 9.1579E-10 9.2596E-10 9.3549E-10 9.4434E-10 9.5249E-10 9.5992E-10 9.6659E-10 9.7174E-10 9.7773E-10 9.7216E-10 9.6534E-10 9.6750E-10 9.6885E-10 9.7071E-10 9.7049E-10 9.6947E-10 9.6765E-10 9.6504E-10 9.6166E-10 9.5809E-10 9.4795E-10 9.4262E-10 9.3634E-10 9.2970E-10 9.2238E-10 9.1536E-10 8.9890E-10 8.9003E-10 8.8248E-10 8.6968E-10 8.5929E-10 8.4252E-10 8.2739E-10 8.1463E-10 8.0168E-10 7.8838E-10 7.7634E-10 7.6255E-10
5.9439E-10 6.1188E-10 6.2681E-10 6.4109E-10 6.6066E-10 6.7521E-10 6.8947E-10 7.0353E-10 7.1737E-10 7.3474E-10 7.4834E-10 7.6279E-10 7.7584E-10 7.8860E-10 8.0118E-10 8.1308E-10 8.2524E-10 8.3706E-10 8.4760E-10 8.5760E-10 8.6737E-10 8.7622E-10 8.8444E-10 8.9202E-10 8.9893E-10 9.0494E-10 9.0979E-10 9.1393E-10 9.0592E-10 9.0493E-10 9.0700E-10 9.0833E-10 9.0892E-10 9.0876E-10 9.0511E-10 9.0357E-10 8.9597E-10 8.9316E-10 8.8686E-10 8.8277E-10 8.7802E-10 8.7261E-10 8.6376E-10 8.5224E-10 8.4533E-10 8.3785E-10 8.2708E-10 8.1870E-10 8.0840E-10 7.9916E-10 7.8803E-10 7.7668E-10 7.6492E-10 7.5438E-10 7.4203E-10 7.3098E-10 7.1816E-10
5.5552E-10 5.7239E-10 5.8854E-10 6.0202E-10 6.1518E-10 6.3333E-10 6.4728E-10 6.6036E-10 6.7323E-10 6.8604E-10 7.0157E-10 7.1390E-10 7.2591E-10 7.3812E-10 7.4945E-10 7.6039E-10 7.7173E-10 7.8257E-10 7.9225E-10 8.0176E-10 8.1122E-10 8.1938E-10 8.2789E-10 8.3492E-10 8.4132E-10 8.4707E-10 8.5170E-10 8.5175E-10 8.4551E-10 8.4818E-10 8.4740E-10 8.4877E-10 8.4408E-10 8.4423E-10 8.4370E-10 8.3972E-10 8.3794E-10 8.3551E-10 8.3243E-10 8.2587E-10 8.1663E-10 8.1198E-10 8.0675E-10 7.9810E-10 7.9190E-10 7.8517E-10 7.7651E-10 7.6888E-10 7.5935E-10 7.4957E-10 7.3932E-10 7.3026E-10 7.1934E-10 7.0969E-10 6.9823E-10 6.8810E-10 6.7620E-10
5.1995E-10 5.3479E-10 5.4679E-10 5.6270E-10 5.7786E-10 5.8999E-10 6.0195E-10 6.1918E-10 6.3111E-10 6.4281E-10 6.5513E-10 6.6637E-10 6.7936E-10 6.9032E-10 7.0203E-10 7.1216E-10 7.2190E-10 7.3182E-10 7.4073E-10 7.4917E-10 7.5802E-10 7.6629E-10 7.7329E-10 7.8008E-10 7.8680E-10 7.8881E-10 7.9394E-10 7.8953E-10 7.8410E-10 7.8716E-10 7.8924E-10 7.8790E-10 7.8880E-10 7.8908E-10 7.8873E-10 7.8777E-10 7.7822E-10 7.7628E-10 7.7375E-10 7.7064E-10 7.6696E-10 7.5994E-10 7.5528E-10 7.5010E-10 7.4301E-10 7.3690E-10 7.2752E-10 7.2063E-10 7.1186E-10 7.0423E-10 6.9474E-10 6.8646E-10 6.7634E-10 6.6751E-10 6.5687E-10 6.4598E-10 6.3488E-10
4.7852E-10 4.9231E-10 5.0659E-10 5.1760E-10 5.2849E-10 5.4330E-10 5.5668E-10 5.7295E-10 5.8367E-10 6.0019E-10 6.1083E-10 6.2121E-10 6.3163E-10 6.4187E-10 6.5201E-10 6.6331E-10 6.7229E-10 6.8088E-10 6.9072E-10 6.9856E-10 7.0060E-10 7.0823E-10 7.1476E-10 7.2078E-10 7.2723E-10 7.3153E-10 7.3183E-10 7.2757E-10 7.3068E-10 7.3409E-10 7.3703E-10 7.3849E-10 7.3425E-10 7.3224E-10 7.3219E-10 7.3157E-10 7.3040E-10 7.2867E-10 7.2358E-10 7.2087E-10 7.1763E-10 7.1244E-10 7.0825E-10 7.0071E-10 6.9568E-10 6.8870E-10 6.8285E-10 6.7506E-10 6.6847E-10 6.5996E-10 6.5273E-10 6.4358E-10 6.3579E-10 6.2613E-10 6.1621E-10 6.0780E-10 5.9567E-10
4.3120E-10 4.5306E-10 4.7108E-10 4.8114E-10 4.9448E-10 5.0451E-10 5.1439E-10 5.3025E-10 5.4017E-10 5.4990E-10 5.5977E-10 5.7420E-10 5.8355E-10 5.9356E-10 6.0245E-10 6.1098E-10 6.1939E-10 6.2841E-10 6.3596E-10 6.4373E-10 6.5226E-10 6.5870E-10 6.6495E-10 6.7208E-10 6.7712E-10 6.7951E-10 6.8155E-10 6.7520E-10 6.7534E-10 6.7881E-10 6.8166E-10 6.8320E-10 6.8456E-10 6.8585E-10 6.8298E-10 6.8339E-10 6.8245E-10 6.8100E-10 6.7791E-10 6.7550E-10 6.6975E-10 6.6648E-10 6.6125E-10 6.5713E-10 6.5258E-10 6.4613E-10 6.4083E-10 6.3362E-10 6.2763E-10 6.1975E-10 6.1153E-10 6.0471E-10 5.9598E-10 5.8639E-10 5.7768E-10 5.6771E-10 5.5999E-10
4.0131E-10 4.1158E-10 4.2017E-10 4.3778E-10 4.5461E-10 4.6371E-10 4.7892E-10 4.8795E-10 4.9683E-10 5.1087E-10 5.1967E-10 5.2911E-10 5.3752E-10 5.5070E-10 5.5925E-10 5.6715E-10 5.7474E-10 5.8260E-10 5.8957E-10 5.9734E-10 6.0387E-10 6.0695E-10 6.1308E-10 6.1887E-10 6.2396E-10 6.2633E-10 6.2611E-10 6.3024E-10 6.3307E-10 6.3545E-10 6.3516E-10 6.3667E-10 6.3771E-10 6.3916E-10 6.3855E-10 6.3823E-10 6.3775E-10 6.3436E-10 6.3273E-10 6.2988E-10 6.2740E-10 6.2294E-10 6.1990E-10 6.1620E-10 6.1056E-10 6.0612E-10 5.9975E-10 5.9465E-10 5.8764E-10 5.8030E-10 5.7437E-10 5.6463E-10 5.5829E-10 5.4940E-10 5.4268E-10 5.3338E-10 5.2634E-10
3.7027E-10 3.8124E-10 3.9073E-10 4.0021E-10 4.1096E-10 4.2041E-10 4.3993E-10 4.5331E-10 4.6473E-10 4.7284E-10 4.8077E-10 4.8851E-10 5.0055E-10 5.0912E-10 5.1644E-10 5.2351E-10 5.3637E-10 5.4314E-10 5.4961E-10 5.5620E-10 5.6202E-10 5.6749E-10 5.7323E-10 5.7918E-10 5.7922E-10 5.8127E-10 5.8248E-10 5.8555E-10 5.8997E-10 5.9224E-10 5.9263E-10 5.9557E-10 5.9522E-10 5.9439E-10 5.9524E-10 5.9354E-10 5.9297E-10 5.9274E-10 5.8981E-10 5.8867E-10 5.8526E-10 5.8271E-10 5.7977E-10 5.7600E-10 5.7072E-10 5.6509E-10 5.6105E-10 5.5419E-10 5.4939E-10 5.4302E-10 5.3538E-10 5.2987E-10 5.2172E-10 5.1582E-10 5.0725E-10 5.0104E-10 4.9214E-10
3.4609E-10 3.5342E-10 3.6070E-10 3.6791E-10 3.7505E-10 3.8209E-10 3.9812E-10 4.0673E-10 4.1363E-10 4.3275E-10 4.4224E-10 4.5665E-10 4.6367E-10 4.7049E-10 4.8145E-10 4.8800E-10 4.9430E-10 5.0147E-10 5.0727E-10 5.1782E-10 5.2425E-10 5.2937E-10 5.3416E-10 5.3759E-10 5.3989E-10 5.4215E-10 5.4344E-10 5.4551E-10 5.4809E-10 5.5028E-10 5.5057E-10 5.5202E-10 5.5307E-10 5.5387E-10 5.5419E-10 5.5411E-10 5.5346E-10 5.5265E-10 5.4986E-10 5.4887E-10 5.4534E-10 5.4144E-10 5.4004E-10 5.3716E-10 5.3169E-10 5.2856E-10 5.2111E-10 5.1713E-10 5.1371E-10 5.0676E-10 5.0202E-10 4.9470E-10 4.8958E-10 4.7638E-10 4.6337E-10 4.5113E-10 4.4617E-10
3.2728E-10 3.3419E-10 3.4105E-10 3.4785E-10 3.5458E-10 3.6122E-10 3.6777E-10 3.7422E-10 3.8056E-10 3.8678E-10 3.9286E-10 3.9879E-10 4.1270E-10 4.2431E-10 4.3911E-10 4.4497E-10 4.5464E-10 4.6055E-10 4.6984E-10 4.7498E-10 4.7983E-10 4.8558E-10 4.8990E-10 4.9894E-10 5.0145E-10 5.0286E-10 5.0600E-10 5.0880E-10 5.1126E-10 5.1337E-10 5.1356E-10 5.1498E-10 5.1604E-10 5.1578E-10 5.1617E-10 5.1457E-10 5.1261E-10 5.1348E-10 5.1022E-10 5.0896E-10 5.0854E-10 5.0662E-10 5.0203E-10 4.9869E-10 4.9592E-10 4.9043E-10 4.8366E-10 4.8018E-10 4.7399E-10 4.7009E-10 4.5845E-10 4.5152E-10 4.4022E-10 4.3610E-10 4.3055E-10 4.2612E-10 4.2152E-10
3.0938E-10 3.1589E-10 3.2236E-10 3.2876E-10 3.3510E-10 3.4136E-10 3.4754E-10 3.5361E-10 3.5959E-10 3.6545E-10 3.7118E-10 3.7678E-10 3.8223E-10 3.8753E-10 3.9267E-10 3.9764E-10 4.1054E-10 4.1536E-10 4.2582E-10 4.3037E-10 4.3511E-10 4.4160E-10 4.4946E-10 4.5316E-10 4.5613E-10 4.5927E-10 4.6213E-10 4.6469E-10 4.6696E-10 4.7395E-10 4.7568E-10 4.7710E-10 4.7820E-10 4.7898E-10 4.7944E-10 4.7957E-10 4.7705E-10 4.7658E-10 4.7581E-10 4.7343E-10 4.6965E-10 4.6806E-10 4.6618E-10 4.6402E-10 4.5414E-10 4.5160E-10 4.4625E-10 4.4330E-10 4.3022E-10 4.2713E-10 4.2384E-10 4.2036E-10 4.1547E-10 4.1165E-10 4.0767E-10 4.0351E-10 3.9919E-10
2.9236E-10 2.9849E-10 3.0457E-10 3.1060E-10 3.1657E-10 3.2247E-10 3.2829E-10 3.3402E-10 3.3964E-10 3.4516E-10 3.5056E-10 3.5584E-10 3.6098E-10 3.6598E-10 3.7082E-10 3.7551E-10 3.8003E-10 3.8437E-10 3.8852E-10 3.9249E-10 3.9626E-10 4.0536E-10 4.0882E-10 4.1792E-10 4.2101E-10 4.2386E-10 4.2646E-10 4.2880E-10 4.3481E-10 4.3667E-10 4.3826E-10 4.3958E-10 4.4061E-10 4.4136E-10 4.4184E-10 4.4074E-10 4.4068E-10 4.3786E-10 4.3729E-10 4.3645E-10 4.3275E-10 4.2752E-10 4.2602E-10 4.1820E-10 4.1637E-10 4.1432E-10 4.1206E-10 4.0958E-10 4.0690E-10 4.0279E-10 3.9976E-10 3.9654E-10 3.9315E-10 3.8958E-10 3.8585E-10 3.8196E-10 3.7671E-10
2.7497E-10 2.8072E-10 2.8643E-10 2.9209E-10 2.9769E-10 3.0322E-10 3.1000E-10 3.1539E-10 3.2069E-10 3.2589E-10 3.3098E-10 3.3595E-10 3.4079E-10 3.4550E-10 3.5006E-10 3.5448E-10 3.5874E-10 3.6283E-10 3.6676E-10 3.7050E-10 3.7406E-10 3.7743E-10 3.8060E-10 3.8357E-10 3.8633E-10 3.8888E-10 3.9122E-10 3.9333E-10 3.9523E-10 3.9560E-10 3.9706E-10 3.9829E-10 3.9929E-10 4.0007E-10 4.0061E-10 4.0092E-10 4.0100E-10 4.0084E-10 4.0046E-10 3.9986E-10 3.9903E-10 3.9798E-10 3.9670E-10 3.9522E-10 3.9352E-10 3.9162E-10 3.8828E-10 3.8601E-10 3.8355E-10 3.8090E-10 3.7807E-10 3.7507E-10 3.7189E-10 3.6856E-10 3.6388E-10 3.6028E-10 3.5653E-10
2.5971E-10 2.6512E-10 2.7049E-10 2.7581E-10 2.8109E-10 2.8629E-10 2.9143E-10 2.9650E-10 3.0147E-10 3.0635E-10 3.1113E-10 3.1580E-10 3.2036E-10 3.2479E-10 3.2909E-10 3.3324E-10 3.3726E-10 3.4111E-10 3.4481E-10 3.4835E-10 3.5171E-10 3.5490E-10 3.5790E-10 3.6071E-10 3.6333E-10 3.6576E-10 3.6799E-10 3.7001E-10 3.7182E-10 3.7342E-10 3.7481E-10 3.7599E-10 3.7695E-10 3.7770E-10 3.7823E-10 3.7854E-10 3.7864E-10 3.7852E-10 3.7818E-10 3.7763E-10 3.7688E-10 3.7591E-10 3.7474E-10 3.7214E-10 3.7060E-10 3.6887E-10 3.6694E-10 3.6483E-10 3.6254E-10 3.6007E-10 3.5743E-10 3.5342E-10 3.5050E-10 3.4742E-10 3.4419E-10 3.4082E-10 3.3732E-10
2.4520E-10 2.5029E-10 2.5535E-10 2.6036E-10 2.6532E-10 2.7022E-10 2.7505E-10 2.7982E-10 2.8450E-10 2.8909E-10 2.9359E-10 2.9799E-10 3.0228E-10 3.0645E-10 3.1050E-10 3.1441E-10 3.1819E-10 3.2183E-10 3.2532E-10 3.2865E-10 3.3182E-10 3.3483E-10 3.3766E-10 3.4032E-10 3.4280E-10 3.4510E-10 3.4720E-10 3.4912E-10 3.5084E-10 3.5236E-10 3.5369E-10 3.5481E-10 3.5574E-10 3.5646E-10 3.5697E-10 3.5729E-10 3.5740E-10 3.5731E-10 3.5701E-10 3.5530E-10 3.5464E-10 3.5378E-10 3.5273E-10 3.5148E-10 3.5006E-10 3.4845E-10 3.4666E-10 3.4469E-10 3.4136E-10 3.3909E-10 3.3667E-10 3.3408E-10 3.3135E-10 3.2847E-10 3.2546E-10 3.2112E-10 3.1789E-10
2.3028E-10 2.3505E-10 2.3978E-10 2.4447E-10 2.4911E-10 2.5496E-10 2.5951E-10 2.6399E-10 2.6839E-10 2.7271E-10 2.7695E-10 2.8109E-10 2.8512E-10 2.8905E-10 2.9286E-10 2.9655E-10 3.0011E-10 3.0353E-10 3.0682E-10 3.0996E-10 3.1295E-10 3.1579E-10 3.1846E-10 3.2098E-10 3.2332E-10 3.2549E-10 3.2748E-10 3.2930E-10 3.3093E-10 3.3238E-10 3.3364E-10 3.3471E-10 3.3560E-10 3.3629E-10 3.3558E-10 3.3591E-10 3.3606E-10 3.3601E-10 3.3578E-10 3.3536E-10 3.3476E-10 3.3397E-10 3.3300E-10 3.3186E-10 3.3054E-10 3.2785E-10 3.2622E-10 3.2443E-10 3.2247E-10 3.2036E-10 3.1810E-10 3.1569E-10 3.1195E-10 3.0930E-10 3.0652E-10 3.0361E-10 3.0058E-10
2.1612E-10 2.2180E-10 2.2625E-10 2.3066E-10 2.3503E-10 2.3934E-10 2.4360E-10 2.4780E-10 2.5193E-10 2.5598E-10 2.5995E-10 2.6383E-10 2.6762E-10 2.7131E-10 2.7613E-10 2.7960E-10 2.8295E-10 2.8618E-10 2.8928E-10 2.9224E-10 2.9506E-10 2.9773E-10 3.0026E-10 3.0263E-10 3.0360E-10 3.0566E-10 3.0755E-10 3.0928E-10 3.1084E-10 3.1223E-10 3.1345E-10 3.1449E-10 3.1535E-10 3.1604E-10 3.1655E-10 3.1688E-10 3.1703E-10 3.1701E-10 3.1681E-10 3.1644E-10 3.1589E-10 3.1397E-10 3.1311E-10 3.1208E-10 3.1089E-10 3.0953E-10 3.0802E-10 3.0635E-10 3.0453E-10 3.0138E-10 2.9930E-10 2.9709E-10 2.9475E-10 2.9227E-10 2.8968E-10 2.8696E-10 2.8413E-10
2.0393E-10 2.0812E-10 2.1228E-10 2.1640E-10 2.2048E-10 2.2452E-10 2.2973E-10 2.3368E-10 2.3756E-10 2.4137E-10 2.4510E-10 2.4875E-10 2.5231E-10 2.5578E-10 2.5915E-10 2.6241E-10 2.6556E-10 2.6859E-10 2.7151E-10 2.7430E-10 2.7696E-10 2.7948E-10 2.8186E-10 2.8410E-10 2.8620E-10 2.8814E-10 2.8994E-10 2.9157E-10 2.9305E-10 2.9437E-10 2.9552E-10 2.9652E-10 2.9734E-10 2.9800E-10 2.9850E-10 2.9883E-10 2.9779E-10 2.9781E-10 2.9766E-10 2.9735E-10 2.9687E-10 2.9624E-10 2.9545E-10 2.9450E-10 2.9339E-10 2.9214E-10 2.8956E-10 2.8804E-10 2.8638E-10 2.8458E-10 2.8265E-10 2.8059E-10 2.7840E-10 2.7609E-10 2.7252E-10 2.7002E-10 2.6741E-10
1.9125E-10 1.9515E-10 1.9904E-10 2.0409E-10 2.0793E-10 2.1172E-10 2.1547E-10 2.1916E-10 2.2279E-10 2.2636E-10 2.2985E-10 2.3327E-10 2.3661E-10 2.3986E-10 2.4302E-10 2.4730E-10 2.5026E-10 2.5312E-10 2.5586E-10 2.5849E-10 2.6099E-10 2.6337E-10 2.6562E-10 2.6773E-10 2.6971E-10 2.7155E-10 2.7324E-10 2.7358E-10 2.7499E-10 2.7625E-10 2.7736E-10 2.7832E-10 2.7912E-10 2.7977E-10 2.8027E-10 2.8061E-10 2.8080E-10 2.8083E-10 2.8070E-10 2.8043E-10 2.8000E-10 2.7942E-10 2.7751E-10 2.7666E-10 2.7567E-10 2.7454E-10 2.7326E-10 2.7185E-10 2.7031E-10 2.6864E-10 2.6684E-10 2.6377E-10 2.6176E-10 2.5964E-10 2.5741E-10 2.5508E-10 2.5264E-10
1.7923E-10 1.8406E-10 1.8771E-10 1.9133E-10 1.9491E-10 1.9846E-10 2.0196E-10 2.0541E-10 2.0880E-10 2.1334E-10 2.1663E-10 2.1984E-10 2.2298E-10 2.2604E-10 2.2901E-10 2.3188E-10 2.3467E-10 2.3735E-10 2.3993E-10 2.4240E-10 2.4475E-10 2.4699E-10 2.4911E-10 2.5111E-10 2.5298E-10 2.5472E-10 2.5633E-10 2.5780E-10 2.5913E-10 2.6033E-10 2.6138E-10 2.6229E-10 2.6306E-10 2.6368E-10 2.6416E-10 2.6450E-10 2.6350E-10 2.6356E-10 2.6348E-10 2.6325E-10 2.6288E-10 2.6238E-10 2.6173E-10 2.6095E-10 2.6003E-10 2.5898E-10 2.5780E-10 2.5533E-10 2.5393E-10 2.5240E-10 2.5075E-10 2.4900E-10 2.4712E-10 2.4515E-10 2.4307E-10 2.3974E-10 2.3750E-10
1.6905E-10 1.7247E-10 1.7587E-10 1.7925E-10 1.8259E-10 1.8707E-10 1.9036E-10 1.9360E-10 1.9679E-10 1.9992E-10 2.0299E-10 2.0600E-10 2.0893E-10 2.1179E-10 2.1458E-10 2.1727E-10 2.1988E-10 2.2240E-10 2.2482E-10 2.2714E-10 2.3055E-10 2.3266E-10 2.3465E-10 2.3654E-10 2.3830E-10 2.3875E-10 2.4027E-10 2.4167E-10 2.4294E-10 2.4408E-10 2.4509E-10 2.4596E-10 2.4671E-10 2.4732E-10 2.4780E-10 2.4814E-10 2.4834E-10 2.4841E-10 2.4835E-10 2.4815E-10 2.4782E-10 2.4736E-10 2.4677E-10 2.4490E-10 2.4407E-10 2.4313E-10 2.4206E-10 2.4087E-10 2.3956E-10 2.3814E-10 2.3661E-10 2.3497E-10 2.3210E-10 2.3029E-10 2.2838E-10 2.2637E-10 2.2428E-10
