Assets/Resources/2015_m01_d22_0600(utc+0800)_l00_csi_1hr_conc.grd
DSAA
         159         159
     -79.000      79.000
     -79.000      79.000
  0.0000E+00  0.8712E-04
[rows 50 to 74 of 159, columns 57 to 113 of 159]
0.0000E+00 0.0000E+00 0.0000E+00 0.0000E+00 0.0000E+00 0.0000E+00 0.0000E+00 0.0000E+00 0.0000E+00 0.0000E+00 0.0000E+00 0.0000E+00 0.0000E+00 0.0000E+00 0.0000E+00 0.0000E+00 0.0000E+00 0.0000E+00 0.0000E+00 0.0000E+00 0.0000E+00 4.7016E-12 1.0624E-11 1.7999E-11 2.7092E-11 3.8202E-11 5.1657E-11 9.6592E-11 1.3166E-10 1.9008E-10 2.3839E-10 2.9525E-10 3.5751E-10 4.4771E-10 5.9231E-10 6.8879E-10 8.8665E-10 1.0309E-09 1.2529E-09 1.4227E-09 1.5961E-09 1.7656E-09 1.9288E-09 2.0936E-09 2.2578E-09 2.4214E-09 2.5836E-09 2.7436E-09 2.9009E-09 3.0551E-09 3.1896E-09 3.3393E-09 3.4882E-09 3.6351E-09 3.7784E-09 3.9182E-09 4.0545E-09
0.0000E+00 0.0000E+00 0.0000E+00 0.0000E+00 0.0000E+00 0.0000E+00 0.0000E+00 0.0000E+00 0.0000E+00 0.0000E+00 0.0000E+00 0.0000E+00 0.0000E+00 0.0000E+00 0.0000E+00 0.0000E+00 0.0000E+00 0.0000E+00 0.0000E+00 0.0000E+00 0.0000E+00 9.7805E-12 1.6648E-11 2.5183E-11 3.5696E-11 6.6972E-11 8.7268E-11 1.1857E-10 1.8093E-10 2.2980E-10 2.8633E-10 3.9791E-10 4.9255E-10 6.0554E-10 7.1767E-10 8.3767E-10 1.1231E-09 1.2973E-09 1.4840E-09 1.6812E-09 1.8797E-09 2.0809E-09 2.2669E-09 2.4515E-09 2.6359E-09 2.8166E-09 2.9937E-09 3.1663E-09 3.3339E-09 3.4962E-09 3.6532E-09 3.8049E-09 3.9544E-09 4.0842E-09 4.2274E-09 4.3658E-09 4.4995E-09
0.0000E+00 0.0000E+00 0.0000E+00 0.0000E+00 0.0000E+00 0.0000E+00 0.0000E+00 0.0000E+00 0.0000E+00 0.0000E+00 0.0000E+00 0.0000E+00 0.0000E+00 0.0000E+00 0.0000E+00 0.0000E+00 0.0000E+00 0.0000E+00 0.0000E+00 0.0000E+00 5.0459E-12 1.1420E-11 1.9391E-11 4.2953E-11 5.8935E-11 7.8444E-11 1.2228E-10 1.6500E-10 2.1383E-10 3.1056E-10 3.8543E-10 4.9601E-10 6.0763E-10 7.1790E-10 9.2461E-10 1.1550E-09 1.3434E-09 1.5452E-09 1.7600E-09 1.9873E-09 2.2180E-09 2.4468E-09 2.6638E-09 2.8725E-09 3.0775E-09 3.2763E-09 3.4687E-09 3.6539E-09 3.8313E-09 4.0006E-09 4.1621E-09 4.3160E-09 4.4656E-09 4.6088E-09 4.7457E-09 4.8612E-09 4.9900E-09
0.0000E+00 0.0000E+00 0.0000E+00 0.0000E+00 0.0000E+00 0.0000E+00 0.0000E+00 0.0000E+00 0.0000E+00 0.0000E+00 0.0000E+00 0.0000E+00 0.0000E+00 0.0000E+00 0.0000E+00 0.0000E+00 0.0000E+00 0.0000E+00 0.0000E+00 4.5061E-12 1.0250E-11 2.7162E-11 3.9170E-11 5.4098E-11 7.2492E-11 1.1629E-10 1.4982E-10 2.2784E-10 2.9352E-10 3.8968E-10 4.8198E-10 6.6039E-10 7.9083E-10 9.3875E-10 1.1019E-09 1.3820E-09 1.6046E-09 1.8408E-09 2.0888E-09 2.3519E-09 2.6180E-09 2.8773E-09 3.1297E-09 3.3638E-09 3.5900E-09 3.8088E-09 4.0166E-09 4.2136E-09 4.3995E-09 4.5742E-09 4.7380E-09 4.8915E-09 5.0380E-09 5.1758E-09 5.3057E-09 5.4286E-09 5.5270E-09
0.0000E+00 0.0000E+00 0.0000E+00 0.0000E+00 0.0000E+00 0.0000E+00 0.0000E+00 0.0000E+00 0.0000E+00 0.0000E+00 0.0000E+00 0.0000E+00 0.0000E+00 0.0000E+00 0.0000E+00 0.0000E+00 0.0000E+00 0.0000E+00 0.0000E+00 5.1863E-12 2.0419E-11 3.1445E-11 4.5257E-11 6.2411E-11 1.2290E-10 1.6085E-10 2.0872E-10 2.7167E-10 3.6920E-10 5.1404E-10 6.3677E-10 7.8820E-10 1.0214E-09 1.2105E-09 1.4209E-09 1.6566E-09 1.9158E-09 2.1906E-09 2.4819E-09 2.7827E-09 3.0880E-09 3.3839E-09 3.6689E-09 3.9331E-09 4.1842E-09 4.4223E-09 4.6452E-09 4.8529E-09 5.0453E-09 5.2227E-09 5.3858E-09 5.5357E-09 5.6748E-09 5.8032E-09 5.9222E-09 6.0329E-09 6.1365E-09
0.0000E+00 0.0000E+00 0.0000E+00 0.0000E+00 0.0000E+00 0.0000E+00 0.0000E+00 0.0000E+00 0.0000E+00 0.0000E+00 0.0000E+00 0.0000E+00 0.0000E+00 0.0000E+00 0.0000E+00 0.0000E+00 0.0000E+00 0.0000E+00 4.5131E-12 1.0299E-11 2.7744E-11 4.0209E-11 6.7987E-11 9.1450E-11 1.4944E-10 1.9431E-10 2.5230E-10 3.8867E-10 4.9426E-10 6.1856E-10 8.4780E-10 1.0265E-09 1.2259E-09 1.4528E-09 1.7043E-09 1.9822E-09 2.2825E-09 2.6056E-09 2.9447E-09 3.2891E-09 3.6375E-09 3.9753E-09 4.2933E-09 4.5914E-09 4.8673E-09 5.1240E-09 5.3620E-09 5.5786E-09 5.7748E-09 5.9515E-09 6.1100E-09 6.2517E-09 6.3786E-09 6.5043E-09 6.5958E-09 6.6898E-09 6.7760E-09
0.0000E+00 0.0000E+00 0.0000E+00 0.0000E+00 0.0000E+00 0.0000E+00 0.0000E+00 0.0000E+00 0.0000E+00 0.0000E+00 0.0000E+00 0.0000E+00 0.0000E+00 0.0000E+00 0.0000E+00 0.0000E+00 0.0000E+00 0.0000E+00 5.1053E-12 2.0398E-11 3.1561E-11 5.6468E-11 7.7895E-11 1.0470E-10 1.9733E-10 2.5716E-10 3.5801E-10 4.6170E-10 6.4613E-10 8.0742E-10 1.0129E-09 1.2272E-09 1.4703E-09 1.7420E-09 2.0368E-09 2.3665E-09 2.7144E-09 3.0938E-09 3.4849E-09 3.8829E-09 4.2786E-09 4.6605E-09 5.0165E-09 5.3457E-09 5.6464E-09 5.9233E-09 6.1728E-09 6.3966E-09 6.5932E-09 6.8008E-09 6.9445E-09 7.0675E-09 7.1718E-09 7.2619E-09 7.3402E-09 7.3984E-09 7.4622E-09
0.0000E+00 0.0000E+00 0.0000E+00 0.0000E+00 0.0000E+00 0.0000E+00 0.0000E+00 0.0000E+00 0.0000E+00 0.0000E+00 0.0000E+00 0.0000E+00 0.0000E+00 0.0000E+00 0.0000E+00 0.0000E+00 0.0000E+00 4.3292E-12 9.9210E-12 2.7114E-11 4.8907E-11 6.8016E-11 1.0675E-10 1.3867E-10 2.3164E-10 3.6539E-10 4.7385E-10 6.0961E-10 7.7347E-10 9.7633E-10 1.2039E-09 1.4610E-09 1.7511E-09 2.0749E-09 2.4303E-09 2.8159E-09 3.2209E-09 3.6604E-09 4.1134E-09 4.5716E-09 5.0193E-09 5.4486E-09 5.8462E-09 6.2056E-09 6.6166E-09 6.9066E-09 7.1601E-09 7.3796E-09 7.5644E-09 7.7182E-09 7.8442E-09 7.9440E-09 8.0217E-09 8.0833E-09 8.1323E-09 8.1717E-09 8.2039E-09
0.0000E+00 0.0000E+00 0.0000E+00 0.0000E+00 0.0000E+00 0.0000E+00 0.0000E+00 0.0000E+00 0.0000E+00 0.0000E+00 0.0000E+00 0.0000E+00 0.0000E+00 0.0000E+00 0.0000E+00 0.0000E+00 0.0000E+00 4.8129E-12 1.9474E-11 3.0304E-11 5.5087E-11 8.9339E-11 1.2128E-10 1.8466E-10 3.0486E-10 4.3310E-10 5.6318E-10 7.2422E-10 9.1721E-10 1.1615E-09 1.4283E-09 1.7338E-09 2.0749E-09 2.4589E-09 2.8797E-09 3.3345E-09 3.8101E-09 4.3145E-09 4.8390E-09 5.4864E-09 5.9990E-09 6.4827E-09 6.9213E-09 7.3111E-09 7.6484E-09 7.9514E-09 8.2103E-09 8.4238E-09 8.6304E-09 8.7580E-09 8.8529E-09 8.9161E-09 8.9547E-09 8.9665E-09 8.9786E-09 8.9814E-09 8.9780E-09
0.0000E+00 0.0000E+00 0.0000E+00 0.0000E+00 0.0000E+00 0.0000E+00 0.0000E+00 0.0000E+00 0.0000E+00 0.0000E+00 0.0000E+00 0.0000E+00 0.0000E+00 0.0000E+00 0.0000E+00 0.0000E+00 0.0000E+00 5.3050E-12 2.1612E-11 4.2771E-11 7.2430E-11 1.1541E-10 1.5717E-10 2.1034E-10 3.5432E-10 5.0953E-10 6.6116E-10 8.5248E-10 1.0794E-09 1.3642E-09 1.6788E-09 2.0394E-09 2.4476E-09 2.8966E-09 3.3921E-09 3.9249E-09 4.4833E-09 5.0609E-09 5.8116E-09 6.4373E-09 7.0187E-09 7.5574E-09 8.0411E-09 8.4613E-09 8.9061E-09 9.2013E-09 9.4482E-09 9.6411E-09 9.7821E-09 9.8791E-09 9.9365E-09 9.9554E-09 9.9477E-09 9.9224E-09 9.8741E-09 9.8327E-09 9.7868E-09
0.0000E+00 0.0000E+00 0.0000E+00 0.0000E+00 0.0000E+00 0.0000E+00 0.0000E+00 0.0000E+00 0.0000E+00 0.0000E+00 0.0000E+00 0.0000E+00 0.0000E+00 0.0000E+00 0.0000E+00 0.0000E+00 4.3457E-12 1.7767E-11 2.7833E-11 6.0389E-11 9.7318E-11 1.3385E-10 1.7734E-10 3.0837E-10 4.1172E-10 5.9808E-10 7.7700E-10 9.9870E-10 1.2699E-09 1.5929E-09 1.9602E-09 2.3842E-09 2.8625E-09 3.3931E-09 3.9685E-09 4.5903E-09 5.2404E-09 5.9091E-09 6.7957E-09 7.6853E-09 8.3402E-09 8.9381E-09 9.4609E-09 9.8980E-09 1.0255E-08 1.0533E-08 1.0769E-08 1.0937E-08 1.1044E-08 1.1114E-08 1.1107E-08 1.1069E-08 1.1004E-08 1.0921E-08 1.0828E-08 1.0730E-08 1.0623E-08
0.0000E+00 0.0000E+00 0.0000E+00 0.0000E+00 0.0000E+00 0.0000E+00 0.0000E+00 0.0000E+00 0.0000E+00 0.0000E+00 0.0000E+00 0.0000E+00 0.0000E+00 0.0000E+00 0.0000E+00 0.0000E+00 4.7079E-12 1.9361E-11 3.8787E-11 7.7241E-11 1.0859E-10 1.4942E-10 2.0211E-10 3.5549E-10 4.6980E-10 6.9174E-10 9.0081E-10 1.1568E-09 1.4755E-09 1.8482E-09 2.2758E-09 2.7645E-09 3.3221E-09 3.9390E-09 4.7582E-09 5.4998E-09 6.2760E-09 7.2823E-09 8.1383E-09 8.9714E-09 9.7105E-09 1.0372E-08 1.0939E-08 1.1399E-08 1.1839E-08 1.2084E-08 1.2273E-08 1.2394E-08 1.2445E-08 1.2434E-08 1.2376E-08 1.2250E-08 1.2116E-08 1.1965E-08 1.1806E-08 1.1645E-08 1.1487E-08
0.0000E+00 0.0000E+00 0.0000E+00 0.0000E+00 0.0000E+00 0.0000E+00 0.0000E+00 0.0000E+00 0.0000E+00 0.0000E+00 0.0000E+00 0.0000E+00 0.0000E+00 0.0000E+00 0.0000E+00 0.0000E+00 5.0563E-12 2.0909E-11 4.2149E-11 8.5365E-11 1.2003E-10 1.6524E-10 2.2366E-10 4.0133E-10 5.3099E-10 7.9282E-10 1.0335E-09 1.3277E-09 1.6996E-09 2.1859E-09 2.6998E-09 3.2936E-09 3.9605E-09 4.7054E-09 5.5157E-09 6.3757E-09 7.2734E-09 8.4830E-09 9.4667E-09 1.0618E-08 1.1445E-08 1.2157E-08 1.2754E-08 1.3211E-08 1.3540E-08 1.3754E-08 1.3874E-08 1.3943E-08 1.3927E-08 1.3844E-08 1.3704E-08 1.3508E-08 1.3286E-08 1.3042E-08 1.2807E-08 1.2574E-08 1.2351E-08
0.0000E+00 0.0000E+00 0.0000E+00 0.0000E+00 0.0000E+00 0.0000E+00 0.0000E+00 0.0000E+00 0.0000E+00 0.0000E+00 0.0000E+00 0.0000E+00 0.0000E+00 0.0000E+00 0.0000E+00 0.0000E+00 5.3840E-12 2.2379E-11 6.4622E-11 9.3426E-11 1.3139E-10 1.8097E-10 2.4512E-10 4.4860E-10 5.9416E-10 9.2368E-10 1.2080E-09 1.5593E-09 1.9990E-09 2.5028E-09 3.0952E-09 3.7783E-09 4.5517E-09 5.4080E-09 6.3416E-09 7.6002E-09 8.9720E-09 1.0133E-08 1.1265E-08 1.2322E-08 1.3242E-08 1.4017E-08 1.4644E-08 1.5107E-08 1.5409E-08 1.5619E-08 1.5644E-08 1.5622E-08 1.5503E-08 1.5329E-08 1.5092E-08 1.4797E-08 1.4479E-08 1.4151E-08 1.3816E-08 1.3505E-08 1.3208E-08
0.0000E+00 0.0000E+00 0.0000E+00 0.0000E+00 0.0000E+00 0.0000E+00 0.0000E+00 0.0000E+00 0.0000E+00 0.0000E+00 0.0000E+00 0.0000E+00 0.0000E+00 0.0000E+00 0.0000E+00 0.0000E+00 1.3485E-11 2.3735E-11 7.0033E-11 1.0123E-10 1.4240E-10 1.9623E-10 2.6597E-10 5.1067E-10 7.8955E-10 1.0462E-09 1.3705E-09 1.7698E-09 2.2644E-09 2.8406E-09 3.6515E-09 4.4758E-09 5.4087E-09 6.4447E-09 7.5651E-09 8.7515E-09 1.0415E-08 1.1749E-08 1.3032E-08 1.4217E-08 1.5451E-08 1.6253E-08 1.6870E-08 1.7304E-08 1.7535E-08 1.7607E-08 1.7541E-08 1.7387E-08 1.7180E-08 1.6890E-08 1.6522E-08 1.6113E-08 1.5686E-08 1.5254E-08 1.4831E-08 1.4419E-08 1.4044E-08
0.0000E+00 0.0000E+00 0.0000E+00 0.0000E+00 0.0000E+00 0.0000E+00 0.0000E+00 0.0000E+00 0.0000E+00 0.0000E+00 0.0000E+00 0.0000E+00 0.0000E+00 0.0000E+00 0.0000E+00 4.4200E-12 1.8468E-11 3.7753E-11 7.9118E-11 1.1243E-10 1.5651E-10 2.1428E-10 3.0153E-10 5.6536E-10 8.8418E-10 1.2042E-09 1.5845E-09 2.0626E-09 2.6427E-09 3.3351E-09 4.1508E-09 5.0922E-09 6.1636E-09 7.3547E-09 8.6409E-09 1.0906E-08 1.2469E-08 1.3986E-08 1.5406E-08 1.6682E-08 1.7758E-08 1.8590E-08 1.9204E-08 1.9598E-08 1.9762E-08 1.9729E-08 1.9546E-08 1.9229E-08 1.8895E-08 1.8476E-08 1.7984E-08 1.7434E-08 1.6884E-08 1.6339E-08 1.5811E-08 1.5301E-08 1.4843E-08
0.0000E+00 0.0000E+00 0.0000E+00 0.0000E+00 0.0000E+00 0.0000E+00 0.0000E+00 0.0000E+00 0.0000E+00 0.0000E+00 0.0000E+00 0.0000E+00 0.0000E+00 0.0000E+00 0.0000E+00 4.5861E-12 1.9231E-11 4.8784E-11 8.3876E-11 1.1923E-10 1.6606E-10 2.2751E-10 3.2291E-10 6.3457E-10 1.0058E-09 1.3397E-09 1.7670E-09 2.3074E-09 2.9610E-09 3.7444E-09 4.9105E-09 6.0628E-09 7.3721E-09 8.8188E-09 1.0379E-08 1.2703E-08 1.4496E-08 1.6205E-08 1.7769E-08 1.9142E-08 2.0293E-08 2.1133E-08 2.1724E-08 2.2049E-08 2.2126E-08 2.1964E-08 2.1632E-08 2.1160E-08 2.0637E-08 2.0069E-08 1.9428E-08 1.8744E-08 1.8049E-08 1.7381E-08 1.6744E-08 1.6146E-08 1.5585E-08
0.0000E+00 0.0000E+00 0.0000E+00 0.0000E+00 0.0000E+00 0.0000E+00 0.0000E+00 0.0000E+00 0.0000E+00 0.0000E+00 0.0000E+00 0.0000E+00 0.0000E+00 0.0000E+00 0.0000E+00 4.7171E-12 1.9844E-11 6.0234E-11 8.7988E-11 1.2512E-10 1.7435E-10 2.5138E-10 3.5829E-10 6.8773E-10 1.1044E-09 1.4981E-09 2.0690E-09 2.7378E-09 3.5649E-09 4.4194E-09 5.5588E-09 6.8872E-09 8.3988E-09 1.0070E-08 1.2596E-08 1.4755E-08 1.6797E-08 1.8697E-08 2.0392E-08 2.1840E-08 2.3011E-08 2.3862E-08 2.4397E-08 2.4627E-08 2.4587E-08 2.4271E-08 2.3758E-08 2.3111E-08 2.2366E-08 2.1634E-08 2.0827E-08 1.9992E-08 1.9151E-08 1.8357E-08 1.7604E-08 1.6906E-08 1.6266E-08
0.0000E+00 0.0000E+00 0.0000E+00 0.0000E+00 0.0000E+00 0.0000E+00 0.0000E+00 0.0000E+00 0.0000E+00 0.0000E+00 0.0000E+00 0.0000E+00 0.0000E+00 0.0000E+00 0.0000E+00 4.8101E-12 2.0291E-11 6.2509E-11 9.1320E-11 1.2991E-10 1.8111E-10 2.6342E-10 5.4103E-10 7.6437E-10 1.2904E-09 1.7667E-09 2.3940E-09 3.0871E-09 4.0409E-09 5.2148E-09 6.6210E-09 8.2603E-09 1.0110E-08 1.2262E-08 1.4592E-08 1.7080E-08 1.9387E-08 2.1465E-08 2.3266E-08 2.4757E-08 2.5909E-08 2.6740E-08 2.7177E-08 2.7287E-08 2.7081E-08 2.6599E-08 2.5885E-08 2.5030E-08 2.4071E-08 2.3127E-08 2.2146E-08 2.1151E-08 2.0178E-08 1.9237E-08 1.8370E-08 1.7571E-08 1.6846E-08
0.0000E+00 0.0000E+00 0.0000E+00 0.0000E+00 0.0000E+00 0.0000E+00 0.0000E+00 0.0000E+00 0.0000E+00 0.0000E+00 0.0000E+00 0.0000E+00 0.0000E+00 0.0000E+00 0.0000E+00 4.8629E-12 2.0559E-11 6.4168E-11 9.3758E-11 1.3342E-10 1.8609E-10 2.8853E-10 5.9320E-10 8.8706E-10 1.4895E-09 1.9841E-09 2.7305E-09 3.7289E-09 4.9965E-09 6.9977E-09 8.2413E-09 1.0419E-08 1.2866E-08 1.5496E-08 1.8340E-08 2.1105E-08 2.2264E-08 2.5911E-08 2.7771E-08 2.8987E-08 2.9811E-08 3.0302E-08 3.0006E-08 2.9956E-08 2.9555E-08 2.8885E-08 2.7944E-08 2.6861E-08 2.5691E-08 2.4504E-08 2.3342E-08 2.2186E-08 2.1067E-08 1.9994E-08 1.9017E-08 1.8122E-08 1.7315E-08
0.0000E+00 0.0000E+00 0.0000E+00 0.0000E+00 0.0000E+00 0.0000E+00 0.0000E+00 0.0000E+00 0.0000E+00 0.0000E+00 0.0000E+00 0.0000E+00 0.0000E+00 0.0000E+00 0.0000E+00 4.8741E-12 2.0641E-11 6.5150E-11 9.5211E-11 1.3553E-10 2.0205E-10 3.1420E-10 6.4206E-10 9.8616E-10 1.7535E-09 2.5668E-09 3.7416E-09 5.3948E-09 6.3855E-09 8.6286E-09 1.1348E-08 1.4452E-08 1.8609E-08 2.1492E-08 2.2098E-08 2.7593E-08 3.0040E-08 3.1852E-08 3.3029E-08 3.3630E-08 3.3352E-08 3.3516E-08 3.3461E-08 3.2979E-08 3.2208E-08 3.1189E-08 2.9864E-08 2.8541E-08 2.7151E-08 2.5723E-08 2.4370E-08 2.3057E-08 2.1799E-08 2.0618E-08 1.9521E-08 1.8539E-08 1.7659E-08
0.0000E+00 0.0000E+00 0.0000E+00 0.0000E+00 0.0000E+00 0.0000E+00 0.0000E+00 0.0000E+00 0.0000E+00 0.0000E+00 0.0000E+00 0.0000E+00 0.0000E+00 0.0000E+00 0.0000E+00 4.8429E-12 2.0535E-11 6.5416E-11 9.5622E-11 1.3616E-10 2.1768E-10 3.2545E-10 6.3167E-10 1.2799E-09 2.3975E-09 3.9175E-09 4.6666E-09 7.0165E-09 1.0210E-08 1.4215E-08 2.4316E-08 2.6871E-08 2.4943E-08 3.2723E-08 3.5266E-08 3.7129E-08 3.8205E-08 3.7540E-08 3.8067E-08 3.8094E-08 3.7799E-08 3.7235E-08 3.6647E-08 3.5567E-08 3.4493E-08 3.3175E-08 3.1699E-08 3.0080E-08 2.8428E-08 2.6760E-08 2.5188E-08 2.3728E-08 2.2343E-08 2.1054E-08 1.9862E-08 1.8806E-08 1.7863E-08
0.0000E+00 0.0000E+00 0.0000E+00 0.0000E+00 0.0000E+00 0.0000E+00 0.0000E+00 0.0000E+00 0.0000E+00 0.0000E+00 0.0000E+00 0.0000E+00 0.0000E+00 0.0000E+00 0.0000E+00 4.7709E-12 2.0244E-11 6.4952E-11 9.4970E-11 1.3528E-10 2.1999E-10 3.9380E-10 7.4704E-10 1.5492E-09 3.0592E-09 5.3945E-09 9.3198E-09 1.5287E-08 4.3117E-08 3.8102E-08 5.1343E-08 5.1876E-08 5.1364E-08 5.0448E-08 4.9737E-08 4.7270E-08 4.6677E-08 4.5614E-08 4.4512E-08 4.3279E-08 4.1977E-08 4.0533E-08 3.9380E-08 3.8099E-08 3.6579E-08 3.4912E-08 3.3143E-08 3.1267E-08 2.9393E-08 2.7557E-08 2.5754E-08 2.4166E-08 2.2672E-08 2.1293E-08 2.0039E-08 1.8907E-08 1.7919E-08
0.0000E+00 0.0000E+00 0.0000E+00 0.0000E+00 0.0000E+00 0.0000E+00 0.0000E+00 0.0000E+00 0.0000E+00 0.0000E+00 0.0000E+00 0.0000E+00 0.0000E+00 0.0000E+00 0.0000E+00 4.6594E-12 1.9776E-11 6.3771E-11 9.3272E-11 1.3290E-10 2.1981E-10 4.6940E-10 8.7953E-10 1.8978E-09 3.8978E-09 7.3993E-09 1.3779E-08 6.4793E-08 8.5267E-08 9.3557E-08 9.2544E-08 8.3455E-08 7.5797E-08 6.9756E-08 6.5280E-08 6.1316E-08 5.7093E-08 5.3556E-08 5.0874E-08 4.8360E-08 4.6152E-08 4.4044E-08 4.2119E-08 4.0370E-08 3.8378E-08 3.6352E-08 3.4255E-08 3.2129E-08 3.0027E-08 2.8019E-08 2.6095E-08 2.4344E-08 2.2766E-08 2.1319E-08 2.0012E-08 1.8838E-08 1.7817E-08
0.0000E+00 0.0000E+00 0.0000E+00 0.0000E+00 0.0000E+00 0.0000E+00 0.0000E+00 0.0000E+00 0.0000E+00 0.0000E+00 0.0000E+00 0.0000E+00 0.0000E+00 0.0000E+00 0.0000E+00 4.5114E-12 1.9143E-11 6.1910E-11 9.0581E-11 1.4057E-10 2.3333E-10 5.2926E-10 1.0044E-09 2.2387E-09 4.5287E-09 9.6041E-09 1.9136E-08 1.2837E-07 1.8597E-07 1.8128E-07 1.4930E-07 1.2223E-07 1.0338E-07 9.0601E-08 8.1264E-08 7.4054E-08 6.6497E-08 6.0935E-08 5.6685E-08 5.3065E-08 4.9861E-08 4.6976E-08 4.4378E-08 4.2186E-08 3.9877E-08 3.7533E-08 3.5171E-08 3.2821E-08 3.0520E-08 2.8304E-08 2.6225E-08 2.4306E-08 2.2640E-08 2.1132E-08 1.9786E-08 1.8588E-08 1.7559E-08
