Assets/Resources/2015_m01_d16_0800(utc+0800)_l00_csi_1hr_conc.grd
DSAA
         159         159
     -79.000      79.000
     -79.000      79.000
  0.2461E-10  0.4353E-05
[rows 100 to 124 of 159, columns 57 to 113 of 159]
2.0738E-09 2.1650E-09 2.2592E-09 2.3565E-09 2.4564E-09 2.5598E-09 2.6657E-09 2.7751E-09 2.8870E-09 3.0022E-09 3.1194E-09 3.2402E-09 3.3633E-09 3.4879E-09 3.6165E-09 3.7468E-09 3.8790E-09 4.0126E-09 4.1488E-09 4.2883E-09 4.4288E-09 4.5695E-09 4.7115E-09 4.8546E-09 4.9987E-09 5.1567E-09 5.3163E-09 5.4708E-09 5.6302E-09 5.7880E-09 5.9449E-09 6.1064E-09 6.2783E-09 6.5030E-09 6.8010E-09 7.1250E-09 7.4726E-09 7.8831E-09 8.3891E-09 8.9868E-09 9.6712E-09 1.0453E-08 1.1312E-08 1.2248E-08 1.3272E-08 1.4376E-08 1.5555E-08 1.6798E-08 1.8095E-08 1.9435E-08 2.0805E-08 2.2192E-08 2.3590E-08 2.4985E-08 2.6361E-08 2.7705E-08 2.9002E-08
2.0439E-09 2.1340E-09 2.2263E-09 2.3225E-09 2.4209E-09 2.5227E-09 2.6271E-09 2.7349E-09 2.8452E-09 2.9584E-09 3.0744E-09 3.1937E-09 3.3151E-09 3.4382E-09 3.5647E-09 3.6940E-09 3.8246E-09 3.9568E-09 4.0915E-09 4.2295E-09 4.3686E-09 4.5079E-09 4.6485E-09 4.7903E-09 4.9330E-09 5.0894E-09 5.2469E-09 5.4011E-09 5.5585E-09 5.7155E-09 5.8711E-09 6.0313E-09 6.1974E-09 6.4009E-09 6.6759E-09 6.9848E-09 7.3144E-09 7.6894E-09 8.1542E-09 8.6910E-09 9.3016E-09 9.9992E-09 1.0781E-08 1.1628E-08 1.2556E-08 1.3560E-08 1.4640E-08 1.5784E-08 1.6987E-08 1.8236E-08 1.9523E-08 2.0837E-08 2.2163E-08 2.3492E-08 2.4812E-08 2.6104E-08 2.7368E-08
2.0130E-09 2.1017E-09 2.1925E-09 2.2872E-09 2.3840E-09 2.4842E-09 2.5870E-09 2.6926E-09 2.8022E-09 2.9136E-09 3.0279E-09 3.1450E-09 3.2648E-09 3.3866E-09 3.5114E-09 3.6387E-09 3.7681E-09 3.8986E-09 4.0318E-09 4.1675E-09 4.3056E-09 4.4434E-09 4.5825E-09 4.7228E-09 4.8640E-09 5.0185E-09 5.1746E-09 5.3276E-09 5.4828E-09 5.6388E-09 5.7931E-09 5.9517E-09 6.1136E-09 6.3019E-09 6.5508E-09 6.8449E-09 7.1658E-09 7.5104E-09 7.9313E-09 8.4231E-09 8.9675E-09 9.5952E-09 1.0299E-08 1.1074E-08 1.1914E-08 1.2830E-08 1.3817E-08 1.4870E-08 1.5981E-08 1.7140E-08 1.8337E-08 1.9564E-08 2.0809E-08 2.2063E-08 2.3320E-08 2.4573E-08 2.5802E-08
1.9814E-09 2.0686E-09 2.1583E-09 2.2513E-09 2.3465E-09 2.4446E-09 2.5461E-09 2.6501E-09 2.7574E-09 2.8671E-09 2.9801E-09 3.0954E-09 3.2133E-09 3.3333E-09 3.4564E-09 3.5818E-09 3.7095E-09 3.8383E-09 3.9697E-09 4.1037E-09 4.2395E-09 4.3763E-09 4.5137E-09 4.6524E-09 4.7920E-09 4.9433E-09 5.0980E-09 5.2505E-09 5.4034E-09 5.5581E-09 5.7110E-09 5.8680E-09 6.0270E-09 6.2030E-09 6.4277E-09 6.7025E-09 7.0086E-09 7.3466E-09 7.7251E-09 8.1721E-09 8.6664E-09 9.2340E-09 9.8703E-09 1.0577E-08 1.1342E-08 1.2173E-08 1.3072E-08 1.4034E-08 1.5054E-08 1.6121E-08 1.7231E-08 1.8373E-08 1.9542E-08 2.0729E-08 2.1922E-08 2.3113E-08 2.4285E-08
1.9496E-09 2.0352E-09 2.1229E-09 2.2139E-09 2.3078E-09 2.4046E-09 2.5043E-09 2.6064E-09 2.7119E-09 2.8198E-09 2.9304E-09 3.0439E-09 3.1599E-09 3.2785E-09 3.3991E-09 3.5232E-09 3.6489E-09 3.7759E-09 3.9048E-09 4.0377E-09 4.1716E-09 4.3066E-09 4.4423E-09 4.5792E-09 4.7171E-09 4.8656E-09 5.0188E-09 5.1700E-09 5.3204E-09 5.4736E-09 5.6251E-09 5.7793E-09 5.9361E-09 6.1053E-09 6.3097E-09 6.5607E-09 6.8547E-09 7.1812E-09 7.5274E-09 7.9294E-09 8.3860E-09 8.9045E-09 9.4821E-09 1.0120E-08 1.0822E-08 1.1576E-08 1.2394E-08 1.3272E-08 1.4206E-08 1.5187E-08 1.6213E-08 1.7273E-08 1.8362E-08 1.9469E-08 2.0587E-08 2.1710E-08 2.2827E-08
1.9167E-09 2.0003E-09 2.0871E-09 2.1764E-09 2.2686E-09 2.3632E-09 2.4611E-09 2.5614E-09 2.6654E-09 2.7714E-09 2.8796E-09 2.9915E-09 3.1056E-09 3.2222E-09 3.3408E-09 3.4623E-09 3.5861E-09 3.7116E-09 3.8385E-09 3.9688E-09 4.1008E-09 4.2345E-09 4.3683E-09 4.5033E-09 4.6394E-09 4.7848E-09 4.9364E-09 5.0863E-09 5.2340E-09 5.3854E-09 5.5355E-09 5.6877E-09 5.8420E-09 6.0049E-09 6.1933E-09 6.4240E-09 6.6961E-09 7.0081E-09 7.3449E-09 7.7001E-09 8.1217E-09 8.5955E-09 9.1262E-09 9.7070E-09 1.0344E-08 1.1035E-08 1.1777E-08 1.2576E-08 1.3427E-08 1.4326E-08 1.5267E-08 1.6246E-08 1.7254E-08 1.8285E-08 1.9337E-08 2.0397E-08 2.1456E-08
1.8832E-09 1.9656E-09 2.0500E-09 2.1379E-09 2.2283E-09 2.3211E-09 2.4175E-09 2.5159E-09 2.6171E-09 2.7215E-09 2.8281E-09 2.9380E-09 3.0500E-09 3.1640E-09 3.2810E-09 3.4005E-09 3.5221E-09 3.6455E-09 3.7703E-09 3.8985E-09 4.0285E-09 4.1601E-09 4.2919E-09 4.4249E-09 4.5590E-09 4.7005E-09 4.8502E-09 4.9985E-09 5.1445E-09 5.2937E-09 5.4423E-09 5.5924E-09 5.7443E-09 5.9016E-09 6.0770E-09 6.2917E-09 6.5394E-09 6.8381E-09 7.1564E-09 7.4949E-09 7.8696E-09 8.3048E-09 8.7919E-09 9.3226E-09 9.8991E-09 1.0526E-08 1.1200E-08 1.1924E-08 1.2698E-08 1.3518E-08 1.4382E-08 1.5283E-08 1.6215E-08 1.7174E-08 1.8153E-08 1.9144E-08 2.0138E-08
1.8491E-09 1.9295E-09 2.0130E-09 2.0988E-09 2.1874E-09 2.2786E-09 2.3723E-09 2.4691E-09 2.5687E-09 2.6711E-09 2.7752E-09 2.8829E-09 2.9928E-09 3.1051E-09 3.2194E-09 3.3367E-09 3.4562E-09 3.5778E-09 3.7005E-09 3.8264E-09 3.9542E-09 4.0830E-09 4.2133E-09 4.3443E-09 4.4763E-09 4.6143E-09 4.7616E-09 4.9084E-09 5.0521E-09 5.1987E-09 5.3456E-09 5.4928E-09 5.6422E-09 5.7964E-09 5.9615E-09 6.1608E-09 6.3906E-09 6.6674E-09 6.9674E-09 7.2912E-09 7.6318E-09 8.0293E-09 8.4712E-09 8.9539E-09 9.4780E-09 1.0049E-08 1.0667E-08 1.1323E-08 1.2027E-08 1.2776E-08 1.3566E-08 1.4393E-08 1.5251E-08 1.6136E-08 1.7044E-08 1.7967E-08 1.8898E-08
1.8146E-09 1.8933E-09 1.9751E-09 2.0590E-09 2.1458E-09 2.2352E-09 2.3273E-09 2.4221E-09 2.5188E-09 2.6194E-09 2.7218E-09 2.8273E-09 2.9350E-09 3.0451E-09 3.1572E-09 3.2721E-09 3.3893E-09 3.5086E-09 3.6290E-09 3.7520E-09 3.8775E-09 4.0047E-09 4.1327E-09 4.2615E-09 4.3913E-09 4.5259E-09 4.6698E-09 4.8146E-09 4.9569E-09 5.1008E-09 5.2457E-09 5.3909E-09 5.5378E-09 5.6884E-09 5.8455E-09 6.0282E-09 6.2458E-09 6.4999E-09 6.7849E-09 7.0874E-09 7.4105E-09 7.7610E-09 8.1614E-09 8.6002E-09 9.0746E-09 9.5915E-09 1.0152E-08 1.0753E-08 1.1394E-08 1.2075E-08 1.2796E-08 1.3552E-08 1.4341E-08 1.5157E-08 1.5996E-08 1.6853E-08 1.7725E-08
1.7793E-09 1.8567E-09 1.9366E-09 2.0189E-09 2.1037E-09 2.1916E-09 2.2813E-09 2.3740E-09 2.4690E-09 2.5671E-09 2.6673E-09 2.7705E-09 2.8759E-09 2.9837E-09 3.0938E-09 3.2065E-09 3.3208E-09 3.4377E-09 3.5562E-09 3.6768E-09 3.7998E-09 3.9239E-09 4.0503E-09 4.1767E-09 4.3042E-09 4.4347E-09 4.5761E-09 4.7190E-09 4.8585E-09 5.0001E-09 5.1428E-09 5.2851E-09 5.4295E-09 5.5766E-09 5.7289E-09 5.8974E-09 6.1009E-09 6.3395E-09 6.6032E-09 6.8897E-09 7.1893E-09 7.5116E-09 7.8732E-09 8.2763E-09 8.7105E-09 9.1784E-09 9.6864E-09 1.0237E-08 1.0821E-08 1.1444E-08 1.2103E-08 1.2794E-08 1.3517E-08 1.4265E-08 1.5038E-08 1.5832E-08 1.6643E-08
1.7439E-09 1.8196E-09 1.8975E-09 1.9782E-09 2.0616E-09 2.1467E-09 2.2347E-09 2.3255E-09 2.4183E-09 2.5141E-09 2.6125E-09 2.7130E-09 2.8164E-09 2.9219E-09 3.0292E-09 3.1393E-09 3.2517E-09 3.3662E-09 3.4822E-09 3.5995E-09 3.7201E-09 3.8424E-09 3.9662E-09 4.0902E-09 4.2153E-09 4.3425E-09 4.4803E-09 4.6200E-09 4.7586E-09 4.8970E-09 5.0369E-09 5.1772E-09 5.3192E-09 5.4628E-09 5.6105E-09 5.7666E-09 5.9539E-09 6.1765E-09 6.4225E-09 6.6937E-09 6.9764E-09 7.2752E-09 7.6013E-09 7.9659E-09 8.3601E-09 8.7840E-09 9.2413E-09 9.7352E-09 1.0266E-08 1.0832E-08 1.1432E-08 1.2064E-08 1.2725E-08 1.3412E-08 1.4123E-08 1.4860E-08 1.5612E-08
1.7078E-09 1.7822E-09 1.8583E-09 1.9372E-09 2.0178E-09 2.1022E-09 2.1878E-09 2.2764E-09 2.3675E-09 2.4607E-09 2.5572E-09 2.6549E-09 2.7559E-09 2.8590E-09 2.9643E-09 3.0719E-09 3.1812E-09 3.2932E-09 3.4071E-09 3.5219E-09 3.6399E-09 3.7596E-09 3.8802E-09 4.0022E-09 4.1247E-09 4.2488E-09 4.3816E-09 4.5197E-09 4.6556E-09 4.7917E-09 4.9288E-09 5.0667E-09 5.2054E-09 5.3458E-09 5.4902E-09 5.6381E-09 5.8099E-09 6.0150E-09 6.2452E-09 6.5025E-09 6.7714E-09 7.0535E-09 7.3520E-09 7.6748E-09 8.0374E-09 8.4219E-09 8.8374E-09 9.2859E-09 9.7658E-09 1.0277E-08 1.0822E-08 1.1396E-08 1.2000E-08 1.2627E-08 1.3283E-08 1.3962E-08 1.4655E-08
1.6723E-09 1.7442E-09 1.8185E-09 1.8959E-09 1.9750E-09 2.0566E-09 2.1406E-09 2.2270E-09 2.3159E-09 2.4068E-09 2.5006E-09 2.5968E-09 2.6950E-09 2.7959E-09 2.8983E-09 3.0033E-09 3.1106E-09 3.2199E-09 3.3307E-09 3.4434E-09 3.5580E-09 3.6750E-09 3.7936E-09 3.9129E-09 4.0328E-09 4.1540E-09 4.2821E-09 4.4165E-09 4.5514E-09 4.6838E-09 4.8186E-09 4.9538E-09 5.0901E-09 5.2275E-09 5.3669E-09 5.5113E-09 5.6676E-09 5.8535E-09 6.0678E-09 6.3057E-09 6.5649E-09 6.8346E-09 7.1144E-09 7.4129E-09 7.7348E-09 8.0845E-09 8.4604E-09 8.8648E-09 9.2984E-09 9.7620E-09 1.0256E-08 1.0776E-08 1.1321E-08 1.1894E-08 1.2496E-08 1.3120E-08 1.3760E-08
1.6354E-09 1.7055E-09 1.7792E-09 1.8540E-09 1.9312E-09 2.0115E-09 2.0930E-09 2.1773E-09 2.2640E-09 2.3527E-09 2.4446E-09 2.5379E-09 2.6341E-09 2.7321E-09 2.8323E-09 2.9343E-09 3.0393E-09 3.1455E-09 3.2541E-09 3.3640E-09 3.4760E-09 3.5902E-09 3.7054E-09 3.8226E-09 3.9398E-09 4.0580E-09 4.1809E-09 4.3125E-09 4.4448E-09 4.5751E-09 4.7065E-09 4.8387E-09 4.9725E-09 5.1063E-09 5.2424E-09 5.3820E-09 5.5266E-09 5.6942E-09 5.8963E-09 6.1173E-09 6.3599E-09 6.6126E-09 6.8842E-09 7.1621E-09 7.4584E-09 7.7777E-09 8.1153E-09 8.4787E-09 8.8690E-09 9.2875E-09 9.7324E-09 1.0203E-08 1.0699E-08 1.1223E-08 1.1774E-08 1.2345E-08 1.2931E-08
1.5995E-09 1.6679E-09 1.7386E-09 1.8119E-09 1.8879E-09 1.9650E-09 2.0453E-09 2.1274E-09 2.2115E-09 2.2987E-09 2.3874E-09 2.4792E-09 2.5720E-09 2.6680E-09 2.7656E-09 2.8654E-09 2.9672E-09 3.0712E-09 3.1765E-09 3.2837E-09 3.3926E-09 3.5041E-09 3.6171E-09 3.7308E-09 3.8458E-09 3.9612E-09 4.0797E-09 4.2063E-09 4.3368E-09 4.4641E-09 4.5930E-09 4.7220E-09 4.8521E-09 4.9841E-09 5.1157E-09 5.2515E-09 5.3901E-09 5.5442E-09 5.7215E-09 5.9281E-09 6.1566E-09 6.3983E-09 6.6497E-09 6.9181E-09 7.1920E-09 7.4862E-09 7.7961E-09 8.1266E-09 8.4807E-09 8.8591E-09 9.2618E-09 9.6887E-09 1.0142E-08 1.0621E-08 1.1120E-08 1.1637E-08 1.2171E-08
1.5623E-09 1.6290E-09 1.6990E-09 1.7701E-09 1.8434E-09 1.9193E-09 1.9974E-09 2.0775E-09 2.1597E-09 2.2438E-09 2.3310E-09 2.4196E-09 2.5103E-09 2.6036E-09 2.6991E-09 2.7958E-09 2.8950E-09 2.9961E-09 3.0992E-09 3.2035E-09 3.3096E-09 3.4182E-09 3.5276E-09 3.6384E-09 3.7511E-09 3.8637E-09 3.9782E-09 4.1001E-09 4.2268E-09 4.3525E-09 4.4775E-09 4.6040E-09 4.7308E-09 4.8593E-09 4.9886E-09 5.1190E-09 5.2532E-09 5.3952E-09 5.5574E-09 5.7417E-09 5.9568E-09 6.1812E-09 6.4188E-09 6.6707E-09 6.9343E-09 7.2070E-09 7.4946E-09 7.7986E-09 8.1230E-09 8.4682E-09 8.8351E-09 9.2239E-09 9.6389E-09 1.0075E-08 1.0530E-08 1.0897E-08 1.1486E-08
1.5259E-09 1.5912E-09 1.6582E-09 1.7275E-09 1.8000E-09 1.8735E-09 1.9492E-09 2.0270E-09 2.1070E-09 2.1897E-09 2.2737E-09 2.3603E-09 2.4489E-09 2.5393E-09 2.6321E-09 2.7262E-09 2.8226E-09 2.9214E-09 3.0212E-09 3.1227E-09 3.2263E-09 3.3313E-09 3.4384E-09 3.5463E-09 3.6554E-09 3.7657E-09 3.8766E-09 3.9928E-09 4.1168E-09 4.2395E-09 4.3619E-09 4.4849E-09 4.6085E-09 4.7338E-09 4.8595E-09 4.9856E-09 5.1158E-09 5.2525E-09 5.3974E-09 5.5635E-09 5.7600E-09 5.9727E-09 6.1932E-09 6.4331E-09 6.6783E-09 6.9337E-09 7.2027E-09 7.4836E-09 7.7804E-09 8.0965E-09 8.4316E-09 8.7888E-09 9.1678E-09 9.5653E-09 9.9794E-09 1.0409E-08 1.0850E-08
1.4891E-09 1.5523E-09 1.6179E-09 1.6860E-09 1.7554E-09 1.8269E-09 1.9013E-09 1.9770E-09 2.0549E-09 2.1348E-09 2.2169E-09 2.3010E-09 2.3868E-09 2.4750E-09 2.5653E-09 2.6570E-09 2.7503E-09 2.8463E-09 2.9432E-09 3.0423E-09 3.1425E-09 3.2450E-09 3.3485E-09 3.4534E-09 3.5601E-09 3.6674E-09 3.7750E-09 3.8863E-09 4.0051E-09 4.1267E-09 4.2449E-09 4.3646E-09 4.4853E-09 4.6064E-09 4.7299E-09 4.8525E-09 4.9772E-09 5.1051E-09 5.2443E-09 5.3947E-09 5.5663E-09 5.7673E-09 5.9722E-09 6.1951E-09 6.4287E-09 6.6665E-09 6.9182E-09 7.1805E-09 7.4540E-09 7.7422E-09 8.0487E-09 8.3760E-09 8.7211E-09 9.0825E-09 9.4596E-09 9.8501E-09 1.0249E-08
1.4520E-09 1.5139E-09 1.5777E-09 1.6434E-09 1.7113E-09 1.7816E-09 1.8532E-09 1.9268E-09 2.0028E-09 2.0805E-09 2.1602E-09 2.2414E-09 2.3256E-09 2.4108E-09 2.4981E-09 2.5876E-09 2.6786E-09 2.7713E-09 2.8659E-09 2.9616E-09 3.0594E-09 3.1582E-09 3.2586E-09 3.3611E-09 3.4642E-09 3.5684E-09 3.6735E-09 3.7804E-09 3.8939E-09 4.0118E-09 4.1276E-09 4.2444E-09 4.3617E-09 4.4792E-09 4.5986E-09 4.7182E-09 4.8392E-09 4.9622E-09 5.0920E-09 5.2302E-09 5.3838E-09 5.5620E-09 5.7558E-09 5.9634E-09 6.1827E-09 6.4051E-09 6.6418E-09 6.8848E-09 7.1386E-09 7.4047E-09 7.6875E-09 7.9853E-09 8.2991E-09 8.6272E-09 8.9695E-09 9.3221E-09 9.6819E-09
1.4161E-09 1.4759E-09 1.5375E-09 1.6015E-09 1.6674E-09 1.7353E-09 1.8048E-09 1.8770E-09 1.9509E-09 2.0259E-09 2.1033E-09 2.1826E-09 2.2638E-09 2.3470E-09 2.4315E-09 2.5185E-09 2.6067E-09 2.6962E-09 2.7883E-09 2.8817E-09 2.9761E-09 3.0719E-09 3.1698E-09 3.2685E-09 3.3692E-09 3.4702E-09 3.5723E-09 3.6750E-09 3.7826E-09 3.8975E-09 4.0110E-09 4.1235E-09 4.2374E-09 4.3519E-09 4.4667E-09 4.5841E-09 4.7005E-09 4.8185E-09 4.9435E-09 5.0741E-09 5.2105E-09 5.3689E-09 5.5502E-09 5.7357E-09 5.9416E-09 6.1503E-09 6.3715E-09 6.5977E-09 6.8343E-09 7.0804E-09 7.3427E-09 7.6159E-09 7.9008E-09 8.1993E-09 8.5091E-09 8.8268E-09 9.1527E-09
1.3797E-09 1.4373E-09 1.4976E-09 1.5597E-09 1.6233E-09 1.6896E-09 1.7574E-09 1.8272E-09 1.8985E-09 1.9716E-09 2.0475E-09 2.1240E-09 2.2028E-09 2.2834E-09 2.3654E-09 2.4492E-09 2.5356E-09 2.6224E-09 2.7112E-09 2.8017E-09 2.8932E-09 2.9865E-09 3.0807E-09 3.1770E-09 3.2739E-09 3.3719E-09 3.4708E-09 3.5706E-09 3.6730E-09 3.7826E-09 3.8938E-09 4.0035E-09 4.1138E-09 4.2248E-09 4.3360E-09 4.4488E-09 4.5620E-09 4.6764E-09 4.7922E-09 4.9146E-09 5.0492E-09 5.1846E-09 5.3488E-09 5.5245E-09 5.7082E-09 5.9056E-09 6.1084E-09 6.3208E-09 6.5395E-09 6.7705E-09 7.0116E-09 7.2643E-09 7.5245E-09 7.7949E-09 8.0746E-09 8.3610E-09 8.6566E-09
1.3431E-09 1.3997E-09 1.4582E-09 1.5181E-09 1.5802E-09 1.6442E-09 1.7096E-09 1.7776E-09 1.8467E-09 1.9185E-09 1.9908E-09 2.0658E-09 2.1418E-09 2.2199E-09 2.2998E-09 2.3814E-09 2.4642E-09 2.5487E-09 2.6342E-09 2.7227E-09 2.8113E-09 2.9012E-09 2.9924E-09 3.0855E-09 3.1793E-09 3.2747E-09 3.3705E-09 3.4671E-09 3.5648E-09 3.6686E-09 3.7771E-09 3.8834E-09 3.9898E-09 4.0976E-09 4.2056E-09 4.3146E-09 4.4245E-09 4.5343E-09 4.6450E-09 4.7623E-09 4.8850E-09 5.0115E-09 5.1556E-09 5.3166E-09 5.4829E-09 5.6647E-09 5.8545E-09 6.0524E-09 6.2578E-09 6.4676E-09 6.6934E-09 6.9258E-09 7.1667E-09 7.4135E-09 7.6653E-09 7.9248E-09 8.1918E-09
1.3074E-09 1.3621E-09 1.4184E-09 1.4765E-09 1.5371E-09 1.5987E-09 1.6629E-09 1.7284E-09 1.7954E-09 1.8645E-09 1.9350E-09 2.0073E-09 2.0816E-09 2.1573E-09 2.2346E-09 2.3132E-09 2.3934E-09 2.4760E-09 2.5588E-09 2.6435E-09 2.7296E-09 2.8171E-09 2.9053E-09 2.9953E-09 3.0860E-09 3.1777E-09 3.2704E-09 3.3638E-09 3.4583E-09 3.5556E-09 3.6599E-09 3.7640E-09 3.8675E-09 3.9714E-09 4.0759E-09 4.1803E-09 4.2864E-09 4.3928E-09 4.4992E-09 4.6081E-09 4.7228E-09 4.8484E-09 4.9723E-09 5.1213E-09 5.2761E-09 5.4420E-09 5.6151E-09 5.7936E-09 5.9840E-09 6.1830E-09 6.3901E-09 6.5713E-09 6.8235E-09 7.0491E-09 7.2786E-09 7.5150E-09 7.7577E-09
1.2720E-09 1.3247E-09 1.3793E-09 1.4356E-09 1.4936E-09 1.5536E-09 1.6158E-09 1.6793E-09 1.7445E-09 1.8119E-09 1.8801E-09 1.9500E-09 2.0220E-09 2.0948E-09 2.1701E-09 2.2461E-09 2.3241E-09 2.4031E-09 2.4836E-09 2.5650E-09 2.6492E-09 2.7333E-09 2.8186E-09 2.9049E-09 2.9930E-09 3.0817E-09 3.1718E-09 3.2621E-09 3.3530E-09 3.4456E-09 3.5441E-09 3.6462E-09 3.7457E-09 3.8455E-09 3.9467E-09 4.0480E-09 4.1501E-09 4.2529E-09 4.3559E-09 4.4590E-09 4.5680E-09 4.6824E-09 4.7987E-09 4.9318E-09 5.0729E-09 5.2219E-09 5.3845E-09 5.5500E-09 5.7167E-09 5.9089E-09 6.0993E-09 6.2943E-09 6.4954E-09 6.7018E-09 6.9120E-09 7.1269E-09 7.3495E-09
1.2369E-09 1.2880E-09 1.3409E-09 1.3954E-09 1.4516E-09 1.5097E-09 1.5692E-09 1.6306E-09 1.6942E-09 1.7589E-09 1.8254E-09 1.8930E-09 1.9623E-09 2.0331E-09 2.1055E-09 2.1793E-09 2.2542E-09 2.3311E-09 2.4093E-09 2.4884E-09 2.5688E-09 2.6504E-09 2.7328E-09 2.8167E-09 2.9017E-09 2.9873E-09 3.0737E-09 3.1609E-09 3.2487E-09 3.3376E-09 3.4294E-09 3.5276E-09 3.6249E-09 3.7210E-09 3.8183E-09 3.9163E-09 4.0143E-09 4.1131E-09 4.2126E-09 4.3120E-09 4.4117E-09 4.5176E-09 4.6316E-09 4.7446E-09 4.8800E-09 5.0193E-09 5.1686E-09 5.3188E-09 5.4742E-09 5.6385E-09 5.8181E-09 6.0001E-09 6.1817E-09 6.3703E-09 6.5628E-09 6.7606E-09 6.9677E-09
