Assets/Resources/2015_m01_d07_0600(utc+0800)_l00_csi_1hr_conc.grd
DSAA
         159         159
     -79.000      79.000
     -79.000      79.000
  0.0000E+00  0.6261E-05
[rows 0 to 24 of 159, columns 0 to 56 of 159]
4.1937E-13 4.6104E-13 1.4191E-12 2.7091E-12 5.1021E-12 7.7603E-12 1.0010E-11 1.2532E-11 1.7037E-11 2.3844E-11 2.8883E-11 3.1807E-11 3.4989E-11 3.9938E-11 4.5366E-11 4.9807E-11 5.4620E-11 6.1515E-11 6.9057E-11 7.7459E-11 8.8469E-11 1.0613E-10 1.2394E-10 1.3863E-10 1.5472E-10 1.6965E-10 1.8582E-10 2.0624E-10 2.2851E-10 2.4968E-10 2.7249E-10 3.0311E-10 3.3031E-10 3.5951E-10 3.9082E-10 4.2433E-10 4.6014E-10 4.9833E-10 5.3901E-10 5.8225E-10 6.2814E-10 6.7674E-10 7.2812E-10 7.8234E-10 8.3944E-10 8.9946E-10 9.6243E-10 1.0283E-09 1.0972E-09 1.1690E-09 1.2437E-09 1.3212E-09 1.4015E-09 1.4844E-09 1.5831E-09 1.6728E-09 1.7649E-09
4.1910E-13 4.6074E-13 1.4187E-12 2.7111E-12 5.1147E-12 7.7886E-12 1.0056E-11 1.3744E-11 1.9532E-11 2.5307E-11 2.9198E-11 3.2156E-11 3.5374E-11 4.0402E-11 4.5917E-11 5.0414E-11 5.5290E-11 6.2307E-11 7.1703E-11 8.0284E-11 8.9816E-11 1.0803E-10 1.2639E-10 1.4148E-10 1.5801E-10 1.7331E-10 1.9261E-10 2.1369E-10 2.3382E-10 2.5554E-10 2.8195E-10 3.1063E-10 3.3859E-10 3.6862E-10 4.0083E-10 4.3532E-10 4.7217E-10 5.1150E-10 5.5339E-10 5.9793E-10 6.4521E-10 6.9529E-10 7.4825E-10 8.0415E-10 8.6304E-10 9.2494E-10 9.8989E-10 1.0579E-09 1.1290E-09 1.2031E-09 1.2801E-09 1.3602E-09 1.4430E-09 1.5354E-09 1.6317E-09 1.7245E-09 1.8199E-09
4.1841E-13 4.5998E-13 1.4170E-12 2.7103E-12 5.1220E-12 7.8088E-12 1.0091E-11 1.3817E-11 1.9682E-11 2.5542E-11 2.9483E-11 3.2472E-11 3.5723E-11 4.0826E-11 4.6422E-11 5.0972E-11 5.5905E-11 6.4637E-11 7.2621E-11 8.1357E-11 9.1078E-11 1.0985E-10 1.2874E-10 1.4677E-10 1.6119E-10 1.7683E-10 1.9667E-10 2.1833E-10 2.3896E-10 2.6123E-10 2.8841E-10 3.1794E-10 3.4665E-10 3.7751E-10 4.1060E-10 4.4604E-10 4.8393E-10 5.2437E-10 5.6745E-10 6.1327E-10 6.6192E-10 7.1346E-10 7.6798E-10 8.2553E-10 8.8617E-10 9.4993E-10 1.0168E-09 1.0869E-09 1.1601E-09 1.2365E-09 1.3160E-09 1.3985E-09 1.4905E-09 1.5867E-09 1.6798E-09 1.7756E-09 1.8742E-09
0.0000E+00 4.5876E-13 1.4137E-12 2.7068E-12 5.1240E-12 7.8208E-12 1.0116E-11 1.3876E-11 1.9812E-11 2.5750E-11 2.9739E-11 3.2754E-11 3.7470E-11 4.2645E-11 4.6880E-11 5.1478E-11 5.8100E-11 6.5349E-11 7.3467E-11 8.4169E-11 1.0157E-10 1.1912E-10 1.3360E-10 1.4950E-10 1.6423E-10 1.8288E-10 2.0328E-10 2.2280E-10 2.4391E-10 2.6966E-10 2.9767E-10 3.2503E-10 3.5448E-10 3.8613E-10 4.2009E-10 4.5646E-10 4.9536E-10 5.3689E-10 5.8114E-10 6.2821E-10 6.7820E-10 7.3118E-10 7.8722E-10 8.4640E-10 9.0876E-10 9.7434E-10 1.0432E-09 1.1153E-09 1.1906E-09 1.2692E-09 1.3510E-09 1.4424E-09 1.5380E-09 1.6310E-09 1.7270E-09 1.8259E-09 1.9276E-09
0.0000E+00 4.5710E-13 1.4091E-12 3.3759E-12 5.1206E-12 7.8246E-12 1.0131E-11 1.5108E-11 2.1105E-11 2.5931E-11 2.9963E-11 3.3003E-11 3.7776E-11 4.3015E-11 4.7289E-11 5.1930E-11 5.8643E-11 6.7673E-11 7.5927E-11 8.5144E-11 1.0301E-10 1.2102E-10 1.3584E-10 1.5210E-10 1.6712E-10 1.8624E-10 2.0714E-10 2.2709E-10 2.4867E-10 2.7509E-10 3.0384E-10 3.3186E-10 3.6203E-10 3.9445E-10 4.2925E-10 4.6654E-10 5.0642E-10 5.4901E-10 5.9440E-10 6.4269E-10 6.9399E-10 7.4836E-10 8.0590E-10 8.6666E-10 9.3070E-10 9.9807E-10 1.0688E-09 1.1429E-09 1.2203E-09 1.3011E-09 1.3852E-09 1.4861E-09 1.5785E-09 1.6743E-09 1.7732E-09 1.8752E-09 2.0199E-09
0.0000E+00 4.5498E-13 1.4031E-12 3.3674E-12 5.1120E-12 7.8202E-12 1.0875E-11 1.5890E-11 2.1206E-11 2.6085E-11 3.0156E-11 3.3216E-11 3.8043E-11 4.3339E-11 4.7648E-11 5.2327E-11 5.9125E-11 6.8297E-11 7.6667E-11 8.6030E-11 1.0435E-10 1.2280E-10 1.4047E-10 1.5455E-10 1.6986E-10 1.8942E-10 2.1081E-10 2.3117E-10 2.5606E-10 2.8320E-10 3.0976E-10 3.3841E-10 3.6927E-10 4.0244E-10 4.3806E-10 4.7623E-10 5.1706E-10 5.6067E-10 6.0717E-10 6.5665E-10 7.0922E-10 7.6495E-10 8.2393E-10 8.8624E-10 9.5191E-10 1.0210E-09 1.0936E-09 1.1696E-09 1.2491E-09 1.3320E-09 1.4251E-09 1.5229E-09 1.6180E-09 1.7165E-09 1.8183E-09 1.9629E-09 2.0763E-09
0.0000E+00 4.5242E-13 1.3957E-12 3.3555E-12 5.0981E-12 7.8077E-12 1.0874E-11 1.5924E-11 2.2568E-11 2.7490E-11 3.0315E-11 3.3394E-11 3.8268E-11 4.3615E-11 4.7954E-11 5.2666E-11 5.9542E-11 6.8847E-11 7.9100E-11 9.5968E-11 1.1300E-10 1.2706E-10 1.4253E-10 1.5686E-10 1.7512E-10 1.9513E-10 2.1428E-10 2.3502E-10 2.6050E-10 2.8827E-10 3.1539E-10 3.4465E-10 3.7617E-10 4.1007E-10 4.4647E-10 4.8549E-10 5.2724E-10 5.7184E-10 6.1940E-10 6.7003E-10 7.2382E-10 7.8087E-10 8.4125E-10 9.0504E-10 9.7230E-10 1.0431E-09 1.1174E-09 1.1953E-09 1.2767E-09 1.3682E-09 1.4645E-09 1.5586E-09 1.6562E-09 1.7574E-09 1.9004E-09 2.0145E-09 2.1319E-09
0.0000E+00 4.4943E-13 1.3869E-12 3.3402E-12 5.0790E-12 7.7870E-12 1.0862E-11 1.5941E-11 2.2642E-11 2.7603E-11 3.0442E-11 3.3534E-11 3.8450E-11 4.3843E-11 4.8208E-11 5.4547E-11 6.1492E-11 6.9321E-11 7.9726E-11 9.6967E-11 1.1436E-10 1.2869E-10 1.4444E-10 1.5900E-10 1.7763E-10 1.9804E-10 2.1752E-10 2.3864E-10 2.6467E-10 2.9306E-10 3.2071E-10 3.5055E-10 3.8271E-10 4.1730E-10 4.5445E-10 4.9428E-10 5.3691E-10 5.8246E-10 6.3104E-10 6.8277E-10 7.3774E-10 7.9604E-10 8.5777E-10 9.2300E-10 9.9178E-10 1.0642E-09 1.1402E-09 1.2199E-09 1.3094E-09 1.4038E-09 1.4965E-09 1.5929E-09 1.6931E-09 1.8124E-09 1.9464E-09 2.0643E-09 2.1860E-09
0.0000E+00 4.4601E-13 1.3768E-12 2.6484E-12 5.0547E-12 8.4784E-12 1.0838E-11 1.5941E-11 2.2690E-11 2.7686E-11 3.0534E-11 3.3638E-11 3.8590E-11 4.4023E-11 4.8408E-11 5.4801E-11 6.1807E-11 6.9716E-11 8.0262E-11 9.7859E-11 1.1559E-10 1.3017E-10 1.4619E-10 1.6096E-10 1.7994E-10 2.0074E-10 2.2054E-10 2.4490E-10 2.7150E-10 2.9754E-10 3.2569E-10 3.5609E-10 3.8884E-10 4.2409E-10 4.6195E-10 5.0255E-10 5.4602E-10 5.9248E-10 6.4204E-10 6.9481E-10 7.5090E-10 8.1041E-10 8.7342E-10 9.4001E-10 1.0103E-09 1.0842E-09 1.1618E-09 1.2433E-09 1.3352E-09 1.4322E-09 1.5270E-09 1.6258E-09 1.7435E-09 1.8682E-09 1.9832E-09 2.1122E-09 2.2499E-09
0.0000E+00 4.4218E-13 1.3655E-12 2.6289E-12 5.0253E-12 8.4432E-12 1.0802E-11 1.7152E-11 2.3936E-11 2.7738E-11 3.0593E-11 3.5127E-11 4.0105E-11 4.4152E-11 4.8552E-11 5.4994E-11 6.3739E-11 7.1719E-11 8.0705E-11 9.8639E-11 1.1923E-10 1.3404E-10 1.4778E-10 1.6274E-10 1.8472E-10 2.0321E-10 2.2330E-10 2.4812E-10 2.7522E-10 3.0169E-10 3.3032E-10 3.6123E-10 3.9456E-10 4.3042E-10 4.6895E-10 5.1028E-10 5.5454E-10 6.0185E-10 6.5233E-10 7.0609E-10 7.6325E-10 8.2389E-10 8.8812E-10 9.5601E-10 1.0276E-09 1.1030E-09 1.1822E-09 1.2717E-09 1.3662E-09 1.4591E-09 1.5560E-09 1.6717E-09 1.7944E-09 1.9082E-09 2.0263E-09 2.1698E-09 2.3121E-09
0.0000E+00 4.3795E-13 1.3528E-12 2.6068E-12 4.9909E-12 8.3993E-12 1.0755E-11 1.7127E-11 2.3943E-11 2.7759E-11 3.0617E-11 3.5173E-11 4.0175E-11 4.4231E-11 4.8642E-11 5.5123E-11 6.3947E-11 7.1986E-11 8.8353E-11 1.0662E-10 1.2027E-10 1.3530E-10 1.4919E-10 1.6708E-10 1.8671E-10 2.0545E-10 2.2581E-10 2.5105E-10 2.7862E-10 3.0550E-10 3.3457E-10 3.6596E-10 3.9981E-10 4.3625E-10 4.7541E-10 5.1743E-10 5.6242E-10 6.1053E-10 6.6187E-10 7.1656E-10 7.7472E-10 8.3644E-10 9.0181E-10 9.7092E-10 1.0438E-09 1.1206E-09 1.2013E-09 1.2990E-09 1.3896E-09 1.4844E-09 1.5833E-09 1.7177E-09 1.8298E-09 1.9465E-09 2.0694E-09 2.2148E-09 2.3663E-09
0.0000E+00 4.3332E-13 1.3389E-12 2.5822E-12 4.9516E-12 8.3469E-12 1.0697E-11 1.7084E-11 2.3924E-11 2.7749E-11 3.0607E-11 3.5180E-11 4.0198E-11 4.4259E-11 4.8675E-11 5.5188E-11 6.4079E-11 7.3953E-11 9.0579E-11 1.0735E-10 1.2117E-10 1.3639E-10 1.5043E-10 1.6856E-10 1.8847E-10 2.0743E-10 2.3089E-10 2.5655E-10 2.8169E-10 3.0894E-10 3.3841E-10 3.7025E-10 4.0459E-10 4.4156E-10 4.8130E-10 5.2395E-10 5.6963E-10 6.1848E-10 6.7062E-10 7.2617E-10 7.8525E-10 8.4797E-10 9.1441E-10 9.8465E-10 1.0588E-09 1.1368E-09 1.2253E-09 1.3191E-09 1.4114E-09 1.5080E-09 1.6246E-09 1.7487E-09 1.8641E-09 1.9847E-09 2.1195E-09 2.2549E-09 2.4141E-09
0.0000E+00 4.2831E-13 1.3239E-12 2.1300E-12 4.9075E-12 8.2860E-12 1.1760E-11 1.7022E-11 2.3878E-11 2.7707E-11 3.0562E-11 3.5146E-11 4.0175E-11 4.4236E-11 4.8652E-11 5.5189E-11 6.4135E-11 7.4086E-11 9.0949E-11 1.0794E-10 1.2192E-10 1.3731E-10 1.5147E-10 1.6984E-10 1.9000E-10 2.0916E-10 2.3294E-10 2.5897E-10 2.8441E-10 3.1199E-10 3.4183E-10 3.7408E-10 4.0886E-10 4.4631E-10 4.8659E-10 5.2981E-10 5.7612E-10 6.2564E-10 6.7852E-10 7.3487E-10 7.9480E-10 8.5843E-10 9.2585E-10 9.9714E-10 1.0724E-09 1.1516E-09 1.2481E-09 1.3376E-09 1.4315E-09 1.5447E-09 1.6655E-09 1.7790E-09 1.8969E-09 2.0294E-09 2.1585E-09 2.2979E-09 2.4748E-09
0.0000E+00 4.2295E-13 4.6450E-13 2.1057E-12 4.2003E-12 8.2169E-12 1.1682E-11 1.6942E-11 2.3805E-11 2.7634E-11 3.0483E-11 3.5072E-11 4.0106E-11 4.4162E-11 4.8573E-11 5.5125E-11 6.4115E-11 7.4131E-11 9.1206E-11 1.0840E-10 1.2251E-10 1.3805E-10 1.5233E-10 1.7089E-10 1.9129E-10 2.1062E-10 2.3470E-10 2.6105E-10 2.8677E-10 3.1464E-10 3.4481E-10 3.7742E-10 4.1260E-10 4.5049E-10 4.9124E-10 5.3498E-10 5.8185E-10 6.3199E-10 6.8554E-10 7.4260E-10 8.0331E-10 8.6777E-10 9.3608E-10 1.0083E-09 1.0846E-09 1.1714E-09 1.2635E-09 1.3544E-09 1.4498E-09 1.5808E-09 1.6918E-09 1.8068E-09 1.9364E-09 2.0632E-09 2.2009E-09 2.3534E-09 2.5066E-09
0.0000E+00 4.1723E-13 4.5823E-13 2.0797E-12 4.1544E-12 8.1398E-12 1.1592E-11 1.6843E-11 2.3706E-11 2.7530E-11 3.0369E-11 3.4958E-11 3.9991E-11 4.4037E-11 4.8438E-11 5.4997E-11 6.4019E-11 7.4084E-11 9.1349E-11 1.1124E-10 1.2547E-10 1.3862E-10 1.5568E-10 1.7443E-10 1.9232E-10 2.1180E-10 2.3615E-10 2.6279E-10 2.8874E-10 3.1688E-10 3.4734E-10 3.8026E-10 4.1579E-10 4.5406E-10 4.9523E-10 5.3943E-10 5.8681E-10 6.3749E-10 6.9163E-10 7.4933E-10 8.1073E-10 8.7593E-10 9.4503E-10 1.0181E-09 1.0953E-09 1.1835E-09 1.2772E-09 1.3694E-09 1.4816E-09 1.6031E-09 1.7151E-09 1.8412E-09 1.9652E-09 2.0962E-09 2.2488E-09 2.3978E-09 2.5668E-09
0.0000E+00 0.0000E+00 4.5158E-13 1.3973E-12 4.1047E-12 6.6595E-12 1.1490E-11 1.6727E-11 2.3580E-11 2.7396E-11 3.0222E-11 3.4805E-11 3.9830E-11 4.3862E-11 4.9834E-11 5.4805E-11 6.3846E-11 7.3948E-11 9.1377E-11 1.1147E-10 1.2580E-10 1.3901E-10 1.5620E-10 1.7510E-10 1.9310E-10 2.1270E-10 2.3728E-10 2.6418E-10 2.9032E-10 3.1868E-10 3.4939E-10 3.8258E-10 4.1841E-10 4.5701E-10 4.9854E-10 5.4314E-10 5.9095E-10 6.4211E-10 6.9675E-10 7.5501E-10 8.1701E-10 8.8286E-10 9.5266E-10 1.0265E-09 1.1108E-09 1.2005E-09 1.2892E-09 1.3970E-09 1.5137E-09 1.6223E-09 1.7361E-09 1.8653E-09 1.9935E-09 2.1318E-09 2.2884E-09 2.4546E-09 2.6174E-09
0.0000E+00 0.0000E+00 4.4459E-13 1.3760E-12 3.3663E-12 6.5779E-12 1.1377E-11 1.6593E-11 2.3429E-11 2.7231E-11 3.0041E-11 3.4612E-11 3.9624E-11 4.3636E-11 4.9599E-11 5.6132E-11 6.3597E-11 7.3722E-11 9.1288E-11 1.1155E-10 1.2595E-10 1.3920E-10 1.5651E-10 1.7553E-10 1.9361E-10 2.1621E-10 2.4098E-10 2.6520E-10 2.9151E-10 3.2004E-10 3.5095E-10 3.8437E-10 4.2044E-10 4.5932E-10 5.0115E-10 5.4608E-10 5.9426E-10 6.4581E-10 7.0089E-10 7.5962E-10 8.2213E-10 8.8853E-10 9.5892E-10 1.0334E-09 1.1188E-09 1.2097E-09 1.2994E-09 1.4103E-09 1.5294E-09 1.6394E-09 1.7642E-09 1.8889E-09 2.0180E-09 2.1712E-09 2.3331E-09 2.5000E-09 2.6805E-09
0.0000E+00 0.0000E+00 4.3727E-13 1.3537E-12 3.3166E-12 6.4905E-12 1.0127E-11 1.6443E-11 2.3253E-11 2.7036E-11 2.9827E-11 3.4381E-11 3.9372E-11 4.3362E-11 4.9306E-11 5.7490E-11 6.3273E-11 8.0750E-11 9.8382E-11 1.1149E-10 1.2594E-10 1.3922E-10 1.5660E-10 1.7573E-10 1.9386E-10 2.1660E-10 2.4152E-10 2.6585E-10 2.9228E-10 3.2095E-10 3.5201E-10 3.8560E-10 4.2187E-10 4.6097E-10 5.0304E-10 5.4824E-10 5.9670E-10 6.4858E-10 7.0400E-10 7.6312E-10 8.2604E-10 8.9289E-10 9.6377E-10 1.0449E-09 1.1314E-09 1.2172E-09 1.3226E-09 1.4368E-09 1.5427E-09 1.6628E-09 1.7835E-09 1.9087E-09 2.0571E-09 2.2089E-09 2.3673E-09 2.5496E-09 2.7423E-09
0.0000E+00 0.0000E+00 4.2964E-13 1.3304E-12 3.2644E-12 5.7271E-12 9.9976E-12 1.6276E-11 2.3051E-11 2.6812E-11 2.9581E-11 3.4112E-11 3.9077E-11 4.3038E-11 4.8958E-11 5.7124E-11 6.4538E-11 8.0433E-11 9.8139E-11 1.1128E-10 1.2576E-10 1.3904E-10 1.5649E-10 1.7568E-10 1.9384E-10 2.1668E-10 2.4172E-10 2.6612E-10 2.9263E-10 3.2140E-10 3.5257E-10 3.8629E-10 4.2270E-10 4.6195E-10 5.0420E-10 5.4959E-10 5.9827E-10 6.5038E-10 7.0608E-10 7.6548E-10 8.2872E-10 8.9592E-10 9.6718E-10 1.0491E-09 1.1364E-09 1.2228E-09 1.3314E-09 1.4467E-09 1.5617E-09 1.6779E-09 1.7988E-09 1.9361E-09 2.0888E-09 2.2430E-09 2.4203E-09 2.6091E-09 2.7932E-09
0.0000E+00 0.0000E+00 4.2173E-13 8.9342E-13 2.7878E-12 5.6387E-12 9.8594E-12 1.6093E-11 2.2826E-11 2.6560E-11 2.9304E-11 3.3806E-11 3.8739E-11 4.2667E-11 4.8555E-11 5.6691E-11 6.5830E-11 8.0014E-11 9.7766E-11 1.1091E-10 1.2541E-10 1.3867E-10 1.5615E-10 1.7538E-10 1.9355E-10 2.1646E-10 2.4158E-10 2.6601E-10 2.9256E-10 3.2139E-10 3.5262E-10 3.8640E-10 4.2290E-10 4.6225E-10 5.0460E-10 5.5012E-10 5.9894E-10 6.5122E-10 7.0709E-10 7.6669E-10 8.3014E-10 8.9758E-10 9.6910E-10 1.0516E-09 1.1397E-09 1.2427E-09 1.3520E-09 1.4617E-09 1.5726E-09 1.6893E-09 1.8211E-09 1.9614E-09 2.1106E-09 2.2760E-09 2.4666E-09 2.6473E-09 2.8532E-09
0.0000E+00 0.0000E+00 0.0000E+00 4.5373E-13 2.0756E-12 4.8901E-12 9.0200E-12 1.5167E-11 2.2577E-11 2.6280E-11 2.8996E-11 3.3464E-11 3.8358E-11 4.2250E-11 4.8098E-11 5.6194E-11 6.5300E-11 8.1246E-11 9.7265E-11 1.1040E-10 1.2488E-10 1.4075E-10 1.5560E-10 1.7484E-10 1.9298E-10 2.1593E-10 2.4109E-10 2.6551E-10 2.9207E-10 3.2090E-10 3.5214E-10 3.8595E-10 4.2247E-10 4.6185E-10 5.0426E-10 5.4982E-10 5.9871E-10 6.5106E-10 7.0702E-10 7.6672E-10 8.3030E-10 8.9787E-10 9.7563E-10 1.0588E-09 1.1424E-09 1.2458E-09 1.3633E-09 1.4687E-09 1.5809E-09 1.7068E-09 1.8324E-09 1.9839E-09 2.1432E-09 2.3170E-09 2.5040E-09 2.7051E-09 2.9055E-09
0.0000E+00 0.0000E+00 0.0000E+00 4.4448E-13 1.3777E-12 4.1090E-12 8.8747E-12 1.4961E-11 2.2306E-11 2.5973E-11 2.8658E-11 3.3087E-11 3.7937E-11 4.1788E-11 4.7588E-11 5.5633E-11 6.4693E-11 8.0634E-11 9.6635E-11 1.0974E-10 1.2419E-10 1.4004E-10 1.5748E-10 1.7405E-10 1.9214E-10 2.1509E-10 2.4025E-10 2.6463E-10 2.9115E-10 3.1994E-10 3.5115E-10 3.8493E-10 4.2141E-10 4.6077E-10 5.0315E-10 5.4870E-10 5.9757E-10 6.4992E-10 7.0587E-10 7.6558E-10 8.2917E-10 8.9676E-10 9.7485E-10 1.0587E-09 1.1428E-09 1.2639E-09 1.3668E-09 1.4742E-09 1.5940E-09 1.7142E-09 1.8509E-09 2.0034E-09 2.1656E-09 2.3523E-09 2.5473E-09 2.7495E-09 2.9507E-09
0.0000E+00 0.0000E+00 0.0000E+00 4.3499E-13 1.3485E-12 4.0305E-12 7.9989E-12 1.4742E-11 2.2013E-11 2.5640E-11 2.8292E-11 3.2676E-11 3.7477E-11 4.1282E-11 4.7028E-11 5.5011E-11 6.4012E-11 7.9922E-11 9.5880E-11 1.0894E-10 1.2333E-10 1.3913E-10 1.5653E-10 1.7302E-10 1.9386E-10 2.1394E-10 2.3906E-10 2.6337E-10 2.8981E-10 3.1852E-10 3.4964E-10 3.8333E-10 4.1973E-10 4.5900E-10 5.0128E-10 5.4674E-10 5.9552E-10 6.4778E-10 7.0364E-10 7.6326E-10 8.2676E-10 8.9427E-10 9.7256E-10 1.0580E-09 1.1559E-09 1.2674E-09 1.3699E-09 1.4765E-09 1.5978E-09 1.7278E-09 1.8717E-09 2.0201E-09 2.1923E-09 2.3863E-09 2.5840E-09 2.7865E-09 2.9961E-09
0.0000E+00 0.0000E+00 0.0000E+00 4.2528E-13 9.0337E-13 3.5222E-12 7.1759E-12 1.4510E-11 2.0498E-11 2.5283E-11 2.7898E-11 3.2233E-11 3.6978E-11 4.0734E-11 4.6419E-11 5.4329E-11 6.3259E-11 7.9111E-11 9.5001E-11 1.0799E-10 1.2230E-10 1.3803E-10 1.5535E-10 1.7175E-10 1.9251E-10 2.1532E-10 2.3753E-10 2.6172E-10 2.8804E-10 3.1663E-10 3.4762E-10 3.8116E-10 4.1742E-10 4.5654E-10 4.9866E-10 5.4396E-10 5.9257E-10 6.4465E-10 7.0033E-10 7.5976E-10 8.2307E-10 8.9038E-10 9.6964E-10 1.0545E-09 1.1543E-09 1.2680E-09 1.3694E-09 1.4840E-09 1.6070E-09 1.7349E-09 1.8831E-09 2.0490E-09 2.2326E-09 2.4237E-09 2.6203E-09 2.8235E-09 3.0452E-09
0.0000E+00 0.0000E+00 0.0000E+00 0.0000E+00 4.5528E-13 2.7736E-12 6.3681E-12 1.2349E-11 2.0177E-11 2.4901E-11 2.7478E-11 3.1759E-11 3.6443E-11 4.0147E-11 4.5763E-11 5.2031E-11 6.2436E-11 7.8206E-11 9.4002E-11 1.0690E-10 1.2112E-10 1.3675E-10 1.5397E-10 1.7024E-10 1.9090E-10 2.1359E-10 2.3566E-10 2.5970E-10 2.8586E-10 3.1427E-10 3.4508E-10 3.7844E-10 4.1449E-10 4.5339E-10 4.9530E-10 5.4035E-10 5.8872E-10 6.4053E-10 6.9595E-10 7.5509E-10 8.1810E-10 8.9121E-10 9.7133E-10 1.0634E-09 1.1668E-09 1.2657E-09 1.3708E-09 1.4880E-09 1.6081E-09 1.7411E-09 1.9006E-09 2.0645E-09 2.2549E-09 2.4459E-09 2.6487E-09 2.8635E-09 3.0867E-09
