Assets/Resources/2015_m01_d17_2200(utc+0800)_l00_csi_1hr_conc.grd
DSAA
         159         159
     -79.000      79.000
     -79.000      79.000
  0.0000E+00  0.3125E-04
[rows 75 to 99 of 159, columns 57 to 113 of 159]
8.5242E-09 8.6932E-09 8.8607E-09 9.0321E-09 9.2218E-09 9.4179E-09 9.6144E-09 9.8204E-09 1.0039E-08 1.0314E-08 1.0596E-08 1.0890E-08 1.1208E-08 1.1595E-08 1.2033E-08 1.2477E-08 1.2969E-08 1.3516E-08 1.4130E-08 1.4883E-08 1.6611E-08 2.0204E-08 3.3059E-08 8.7821E-08 2.1848E-07 3.2726E-07 3.7117E-07 3.7845E-07 3.5189E-07 3.0778E-07 2.8762E-07 2.8861E-07 3.1038E-07 3.6419E-07 4.2425E-07 4.6329E-07 4.7960E-07 4.6710E-07 4.2931E-07 3.7835E-07 3.2129E-07 2.6491E-07 2.1409E-07 1.6989E-07 1.3328E-07 1.0351E-07 7.9863E-08 6.1446E-08 4.7166E-08 3.6168E-08 2.7788E-08 2.1407E-08 1.6435E-08 1.2621E-08 9.6594E-09 7.3159E-09 5.6067E-09
8.1873E-09 8.3552E-09 8.5191E-09 8.6860E-09 8.8679E-09 9.0608E-09 9.2510E-09 9.4504E-09 9.6614E-09 9.9208E-09 1.0199E-08 1.0480E-08 1.0783E-08 1.1144E-08 1.1568E-08 1.1991E-08 1.2459E-08 1.2981E-08 1.3567E-08 1.4557E-08 1.7806E-08 2.7756E-08 9.6083E-08 3.3014E-07 5.8223E-07 7.3409E-07 7.5677E-07 6.9271E-07 6.0756E-07 5.2320E-07 4.6105E-07 4.4758E-07 4.7511E-07 5.2542E-07 5.9049E-07 6.3335E-07 6.2930E-07 5.8468E-07 5.1482E-07 4.3409E-07 3.5499E-07 2.8256E-07 2.2099E-07 1.7137E-07 1.3182E-07 1.0099E-07 7.7062E-08 5.8732E-08 4.4790E-08 3.4129E-08 2.6140E-08 2.0070E-08 1.5349E-08 1.1779E-08 8.9746E-09 6.7851E-09 5.2031E-09
7.8434E-09 8.0096E-09 8.1691E-09 8.3310E-09 8.5035E-09 8.6924E-09 8.8753E-09 9.0672E-09 9.2697E-09 9.5105E-09 9.7820E-09 1.0049E-08 1.0335E-08 1.0666E-08 1.1074E-08 1.1472E-08 1.1914E-08 1.2406E-08 1.2959E-08 1.4620E-08 3.1907E-08 1.2408E-07 4.4116E-07 9.5480E-07 1.2702E-06 1.3672E-06 1.2858E-06 1.1212E-06 9.3281E-07 7.9002E-07 6.9171E-07 6.5479E-07 6.8308E-07 7.3705E-07 7.8843E-07 8.0188E-07 7.6342E-07 6.8388E-07 5.8173E-07 4.7455E-07 3.7611E-07 2.9186E-07 2.2256E-07 1.6825E-07 1.2683E-07 9.5623E-08 7.2322E-08 5.4732E-08 4.1542E-08 3.1543E-08 2.4127E-08 1.8484E-08 1.4112E-08 1.0819E-08 8.2089E-09 6.2470E-09 4.7663E-09
7.4949E-09 7.6566E-09 7.8123E-09 7.9688E-09 8.1314E-09 8.3132E-09 8.4903E-09 8.6734E-09 8.8661E-09 9.0864E-09 9.3502E-09 9.6004E-09 9.8677E-09 1.0163E-08 1.0550E-08 1.0928E-08 1.1340E-08 1.1799E-08 1.2315E-08 1.4975E-08 7.1471E-08 4.1948E-07 1.3655E-06 1.8953E-06 2.0129E-06 1.9239E-06 1.7288E-06 1.4858E-06 1.2083E-06 1.0347E-06 9.2348E-07 8.8944E-07 9.1970E-07 9.6210E-07 9.8094E-07 9.4472E-07 8.5285E-07 7.3505E-07 6.0691E-07 4.8406E-07 3.7556E-07 2.8596E-07 2.1490E-07 1.5961E-07 1.1836E-07 8.7988E-08 6.5886E-08 4.9630E-08 3.7573E-08 2.8506E-08 2.1828E-08 1.6696E-08 1.2783E-08 9.7823E-09 7.4065E-09 5.6679E-09 4.2849E-09
7.1438E-09 7.2987E-09 7.4517E-09 7.6016E-09 7.7538E-09 7.9255E-09 8.0983E-09 8.2717E-09 8.4537E-09 8.6487E-09 8.8993E-09 9.1392E-09 9.3866E-09 9.6505E-09 9.9993E-09 1.0365E-08 1.0745E-08 1.1169E-08 1.1644E-08 1.4628E-08 1.0038E-07 6.3581E-07 2.0444E-06 3.1253E-05 1.0862E-05 5.3744E-06 2.9757E-06 1.7181E-06 1.2613E-06 1.1468E-06 1.0836E-06 1.0795E-06 1.1137E-06 1.1329E-06 1.0975E-06 1.0080E-06 8.7150E-07 7.2463E-07 5.8165E-07 4.5346E-07 3.4630E-07 2.6046E-07 1.9376E-07 1.4327E-07 1.0561E-07 7.8162E-08 5.8239E-08 4.3737E-08 3.3139E-08 2.5233E-08 1.9355E-08 1.4817E-08 1.1384E-08 8.6800E-09 6.5848E-09 5.0676E-09 3.8062E-09
6.7942E-09 6.9391E-09 7.0890E-09 7.2320E-09 7.3766E-09 7.5344E-09 7.7019E-09 7.8650E-09 8.0353E-09 8.2137E-09 8.4362E-09 8.6686E-09 8.8958E-09 9.1377E-09 9.4155E-09 9.7891E-09 1.0136E-08 1.0522E-08 1.0956E-08 1.3106E-08 6.4723E-08 3.7534E-07 1.1827E-06 1.5931E-06 1.5767E-06 1.4262E-06 1.2474E-06 1.1254E-06 1.0629E-06 1.0596E-06 1.0883E-06 1.1341E-06 1.1680E-06 1.1536E-06 1.0815E-06 9.5573E-07 8.0182E-07 6.4918E-07 5.1111E-07 3.9290E-07 2.9584E-07 2.2002E-07 1.6233E-07 1.1962E-07 8.8465E-08 6.5780E-08 4.9378E-08 3.7352E-08 2.8441E-08 2.1852E-08 1.6806E-08 1.2894E-08 9.9416E-09 7.5899E-09 5.8171E-09 4.4516E-09 3.3525E-09
6.4455E-09 6.5802E-09 6.7253E-09 6.8619E-09 6.9986E-09 7.1421E-09 7.3028E-09 7.4557E-09 7.6138E-09 7.7784E-09 7.9493E-09 8.1936E-09 8.4000E-09 8.6193E-09 8.8530E-09 9.2039E-09 9.5198E-09 9.8685E-09 1.0259E-08 1.1342E-08 2.4844E-08 9.4768E-08 2.8604E-07 6.1784E-07 7.8783E-07 8.0661E-07 7.5227E-07 7.2090E-07 7.4031E-07 8.1493E-07 9.0266E-07 9.9444E-07 1.0366E-06 1.0067E-06 9.2190E-07 7.9706E-07 6.5736E-07 5.2672E-07 4.1104E-07 3.1409E-07 2.3588E-07 1.7445E-07 1.2826E-07 9.4308E-08 6.9845E-08 5.2304E-08 3.9626E-08 3.0490E-08 2.3624E-08 1.8384E-08 1.4305E-08 1.1080E-08 8.5236E-09 6.5496E-09 5.0656E-09 3.8361E-09 2.9097E-09
6.0995E-09 6.2246E-09 6.3602E-09 6.4936E-09 6.6221E-09 6.7516E-09 6.8991E-09 7.0466E-09 7.1921E-09 7.3426E-09 7.4978E-09 7.6825E-09 7.9040E-09 8.1007E-09 8.3104E-09 8.5497E-09 8.9044E-09 9.2152E-09 9.5582E-09 1.0083E-08 1.2106E-08 1.8228E-08 3.3252E-08 1.4367E-07 2.7617E-07 3.6497E-07 3.8631E-07 3.9497E-07 4.4350E-07 5.2809E-07 6.2599E-07 7.1890E-07 7.6381E-07 7.4374E-07 6.7842E-07 5.8599E-07 4.8415E-07 3.8922E-07 3.0468E-07 2.3320E-07 1.7571E-07 1.3083E-07 9.6715E-08 7.1509E-08 5.3199E-08 4.0052E-08 3.0572E-08 2.3907E-08 1.8902E-08 1.4944E-08 1.1852E-08 9.3207E-09 7.2172E-09 5.5998E-09 4.3080E-09 3.2780E-09 2.5105E-09
5.7579E-09 5.8762E-09 5.9993E-09 6.1288E-09 6.2488E-09 6.3691E-09 6.4988E-09 6.6404E-09 6.7731E-09 6.9094E-09 7.0492E-09 7.1927E-09 7.4116E-09 7.5868E-09 7.7727E-09 7.9714E-09 8.2609E-09 8.5582E-09 8.8444E-09 9.1588E-09 9.7872E-09 1.1723E-08 1.6108E-08 2.3946E-08 7.2583E-08 1.1809E-07 1.6730E-07 2.0219E-07 2.4123E-07 2.9232E-07 3.6910E-07 4.3757E-07 4.7023E-07 4.6862E-07 4.3546E-07 3.8134E-07 3.2321E-07 2.6419E-07 2.0988E-07 1.6284E-07 1.2411E-07 9.3571E-08 7.0160E-08 5.2683E-08 3.9902E-08 3.0595E-08 2.3707E-08 1.8621E-08 1.4724E-08 1.1734E-08 9.5226E-09 7.6265E-09 6.0175E-09 4.7295E-09 3.6233E-09 2.7745E-09 2.1048E-09
5.4221E-09 5.5336E-09 5.6447E-09 5.7658E-09 5.8810E-09 5.9920E-09 6.1047E-09 6.2345E-09 6.3595E-09 6.4819E-09 6.6068E-09 6.7344E-09 6.8784E-09 7.0815E-09 7.2448E-09 7.4142E-09 7.5869E-09 7.8579E-09 8.0799E-09 8.2735E-09 8.5838E-09 9.2671E-09 1.0776E-08 1.3508E-08 1.8042E-08 4.2251E-08 7.0818E-08 8.8434E-08 1.2041E-07 1.5670E-07 1.9713E-07 2.3049E-07 2.5669E-07 2.6285E-07 2.4913E-07 2.2753E-07 1.9852E-07 1.6673E-07 1.3578E-07 1.0771E-07 8.4011E-08 6.4692E-08 4.9645E-08 3.8187E-08 2.9526E-08 2.3107E-08 1.8386E-08 1.4710E-08 1.1740E-08 9.4840E-09 7.6347E-09 6.0944E-09 4.8838E-09 3.8489E-09 3.0200E-09 2.3380E-09 1.7519E-09
5.0934E-09 5.1984E-09 5.3012E-09 5.4085E-09 5.5203E-09 5.6220E-09 5.7234E-09 5.8340E-09 5.9538E-09 6.0630E-09 6.1736E-09 6.2861E-09 6.4004E-09 6.5686E-09 6.7024E-09 6.8128E-09 6.9503E-09 7.1119E-09 7.3474E-09 7.5481E-09 7.7404E-09 8.0700E-09 8.7566E-09 1.0161E-08 1.3725E-08 1.8364E-08 3.1325E-08 4.6953E-08 6.5121E-08 8.6620E-08 1.0153E-07 1.2105E-07 1.3419E-07 1.3706E-07 1.3622E-07 1.2840E-07 1.1583E-07 1.0033E-07 8.4171E-08 6.8830E-08 5.5220E-08 4.3810E-08 3.4632E-08 2.7448E-08 2.1921E-08 1.7610E-08 1.4231E-08 1.1540E-08 9.4840E-09 7.7485E-09 6.2571E-09 5.0624E-09 4.0309E-09 3.1668E-09 2.5044E-09 1.9069E-09 1.4647E-09
4.7698E-09 4.8717E-09 4.9672E-09 5.0612E-09 5.1642E-09 5.2612E-09 5.3529E-09 5.4453E-09 5.5526E-09 5.6551E-09 5.7524E-09 5.8506E-09 5.9500E-09 6.0507E-09 6.1710E-09 6.2792E-09 6.3893E-09 6.4786E-09 6.6882E-09 6.8962E-09 7.1073E-09 7.3763E-09 7.9353E-09 8.9704E-09 1.1510E-08 1.5938E-08 2.1717E-08 2.9731E-08 3.8340E-08 4.8658E-08 5.8561E-08 6.6818E-08 6.9463E-08 7.3890E-08 7.5046E-08 7.2649E-08 6.7292E-08 5.9921E-08 5.1698E-08 4.3390E-08 3.6023E-08 2.9589E-08 2.4233E-08 1.9903E-08 1.6292E-08 1.3484E-08 1.1084E-08 9.2537E-09 7.6552E-09 6.2546E-09 5.1288E-09 4.1492E-09 3.2873E-09 2.6165E-09 2.0243E-09 1.5525E-09 1.2352E-09
4.4556E-09 4.5540E-09 4.6432E-09 4.7286E-09 4.8168E-09 4.9103E-09 4.9935E-09 5.0746E-09 5.1617E-09 5.2593E-09 5.3455E-09 5.4306E-09 5.5162E-09 5.6023E-09 5.6893E-09 5.7781E-09 5.8698E-09 5.9665E-09 6.0719E-09 6.3207E-09 6.5110E-09 6.7764E-09 7.3236E-09 9.0983E-09 1.1557E-08 1.5280E-08 2.0690E-08 2.5084E-08 2.7889E-08 3.1525E-08 3.5557E-08 3.8793E-08 4.1401E-08 4.3229E-08 4.3843E-08 4.2792E-08 4.0403E-08 3.6747E-08 3.2451E-08 2.8176E-08 2.4132E-08 2.0334E-08 1.7220E-08 1.4590E-08 1.2298E-08 1.0369E-08 8.7512E-09 7.3775E-09 6.1038E-09 5.0741E-09 4.1610E-09 3.3215E-09 2.6713E-09 2.1018E-09 1.6137E-09 1.2899E-09 1.0033E-09
4.1543E-09 4.2433E-09 4.3300E-09 4.4083E-09 4.4838E-09 4.5663E-09 4.6467E-09 4.7186E-09 4.7896E-09 4.8717E-09 4.9549E-09 5.0282E-09 5.1010E-09 5.1739E-09 5.2470E-09 5.3215E-09 5.3986E-09 5.4807E-09 5.5723E-09 5.7301E-09 5.9566E-09 6.3265E-09 7.0326E-09 8.6890E-09 1.1517E-08 1.5486E-08 1.8721E-08 2.2218E-08 2.4428E-08 2.5294E-08 2.5955E-08 2.6884E-08 2.7818E-08 2.8139E-08 2.8046E-08 2.7210E-08 2.5769E-08 2.3849E-08 2.1558E-08 1.9169E-08 1.6792E-08 1.4693E-08 1.2727E-08 1.0898E-08 9.4070E-09 8.1748E-09 6.9397E-09 5.8538E-09 4.9161E-09 4.0677E-09 3.2736E-09 2.6772E-09 2.1400E-09 1.6503E-09 1.3256E-09 1.0497E-09 8.0575E-10
3.8677E-09 3.9448E-09 4.0262E-09 4.1001E-09 4.1683E-09 4.2358E-09 4.3105E-09 4.3775E-09 4.4393E-09 4.5019E-09 4.5768E-09 4.6448E-09 4.7063E-09 4.7672E-09 4.8279E-09 4.8896E-09 4.9539E-09 5.0234E-09 5.1030E-09 5.2026E-09 5.4472E-09 5.8387E-09 7.0246E-09 9.1496E-09 1.1507E-08 1.4562E-08 1.7435E-08 1.9246E-08 2.0648E-08 2.1017E-08 2.0465E-08 1.9921E-08 2.0029E-08 1.9926E-08 1.9468E-08 1.8789E-08 1.7870E-08 1.6699E-08 1.5260E-08 1.3850E-08 1.2410E-08 1.0870E-08 9.5961E-09 8.5205E-09 7.4646E-09 6.4538E-09 5.4974E-09 4.6648E-09 3.8567E-09 3.1773E-09 2.6338E-09 2.1146E-09 1.6465E-09 1.3373E-09 1.0758E-09 8.2744E-10 7.0521E-10
3.5930E-09 3.6627E-09 3.7323E-09 3.8041E-09 3.8667E-09 3.9249E-09 3.9854E-09 4.0507E-09 4.1064E-09 4.1582E-09 4.2137E-09 4.2784E-09 4.3332E-09 4.3834E-09 4.4334E-09 4.4839E-09 4.5370E-09 4.5955E-09 4.6653E-09 4.7596E-09 5.0012E-09 5.7649E-09 7.0556E-09 8.8457E-09 1.1296E-08 1.3334E-08 1.5784E-08 1.7136E-08 1.7528E-08 1.6962E-08 1.6378E-08 1.5828E-08 1.5335E-08 1.5024E-08 1.4459E-08 1.3839E-08 1.3137E-08 1.2312E-08 1.1392E-08 1.0450E-08 9.4485E-09 8.5246E-09 7.6251E-09 6.7607E-09 5.8746E-09 5.0246E-09 4.3003E-09 3.6236E-09 3.0258E-09 2.5357E-09 2.0345E-09 1.6124E-09 1.3229E-09 1.0674E-09 8.2968E-10 7.1790E-10 6.1910E-10
3.3276E-09 3.3952E-09 3.4553E-09 3.5178E-09 3.5790E-09 3.6316E-09 3.6811E-09 3.7350E-09 3.7901E-09 3.8357E-09 3.8783E-09 3.9261E-09 3.9801E-09 4.0237E-09 4.0641E-09 4.1051E-09 4.1486E-09 4.1979E-09 4.2599E-09 4.3692E-09 4.6202E-09 5.4232E-09 6.8023E-09 8.3386E-09 1.0303E-08 1.2265E-08 1.3637E-08 1.3958E-08 1.4083E-08 1.3606E-08 1.3127E-08 1.2672E-08 1.2213E-08 1.1736E-08 1.1237E-08 1.0693E-08 1.0122E-08 9.5066E-09 8.8594E-09 8.1849E-09 7.4348E-09 6.7299E-09 5.9982E-09 5.2335E-09 4.5224E-09 3.9364E-09 3.3387E-09 2.8226E-09 2.3763E-09 1.9145E-09 1.5543E-09 1.2846E-09 1.0362E-09 8.3150E-10 7.2982E-10 6.2830E-10 5.3393E-10
3.0747E-09 3.1381E-09 3.1955E-09 3.2474E-09 3.3022E-09 3.3536E-09 3.3976E-09 3.4395E-09 3.4867E-09 3.5318E-09 3.5685E-09 3.6022E-09 3.6419E-09 3.6858E-09 3.7204E-09 3.7534E-09 3.7888E-09 3.8306E-09 3.8889E-09 4.0303E-09 4.5713E-09 5.2592E-09 6.3899E-09 7.9556E-09 9.4894E-09 1.0713E-08 1.1528E-08 1.1712E-08 1.1297E-08 1.0871E-08 1.0497E-08 1.0121E-08 9.7682E-09 9.3946E-09 8.9976E-09 8.5664E-09 8.1005E-09 7.6025E-09 7.0194E-09 6.4509E-09 5.8475E-09 5.2099E-09 4.5977E-09 4.0574E-09 3.5330E-09 3.0360E-09 2.5788E-09 2.1689E-09 1.7878E-09 1.4759E-09 1.2187E-09 9.8143E-10 8.2256E-10 7.2435E-10 6.2835E-10 5.3924E-10 4.6449E-10
2.8389E-09 2.8928E-09 2.9478E-09 2.9960E-09 3.0404E-09 3.0878E-09 3.1309E-09 3.1673E-09 3.2024E-09 3.2419E-09 3.2783E-09 3.3063E-09 3.3321E-09 3.3644E-09 3.3951E-09 3.4286E-09 3.4574E-09 3.4936E-09 3.5853E-09 3.7465E-09 4.1970E-09 5.0113E-09 6.1918E-09 7.3174E-09 8.4674E-09 9.1661E-09 9.3405E-09 9.3496E-09 9.0174E-09 8.6966E-09 8.3902E-09 8.1060E-09 7.7940E-09 7.5133E-09 7.2040E-09 6.8558E-09 6.3997E-09 5.9986E-09 5.5205E-09 4.9944E-09 4.4728E-09 4.0163E-09 3.5418E-09 3.0636E-09 2.6701E-09 2.3279E-09 1.9344E-09 1.6082E-09 1.3598E-09 1.1186E-09 9.1258E-10 8.0816E-10 7.1239E-10 6.1982E-10 5.2990E-10 4.6440E-10 4.0408E-10
2.6179E-09 2.6650E-09 2.7115E-09 2.7582E-09 2.7989E-09 2.8369E-09 2.8774E-09 2.9134E-09 2.9429E-09 2.9713E-09 3.0023E-09 3.0311E-09 3.0522E-09 3.0711E-09 3.0953E-09 3.1224E-09 3.1449E-09 3.1877E-09 3.2725E-09 3.5882E-09 4.0645E-09 4.8493E-09 5.7425E-09 6.6106E-09 7.1696E-09 7.6298E-09 7.7141E-09 7.4437E-09 7.1762E-09 6.9540E-09 6.7209E-09 6.4940E-09 6.2649E-09 5.9780E-09 5.6769E-09 5.3348E-09 4.9781E-09 4.5561E-09 4.1507E-09 3.8050E-09 3.4340E-09 3.0096E-09 2.6676E-09 2.3602E-09 2.0089E-09 1.6801E-09 1.4359E-09 1.2283E-09 1.0178E-09 8.7138E-10 7.8645E-10 6.9692E-10 6.0474E-10 5.2353E-10 4.6359E-10 4.0353E-10 3.4347E-10
2.4102E-09 2.4532E-09 2.4928E-09 2.5325E-09 2.5722E-09 2.6068E-09 2.6391E-09 2.6722E-09 2.7028E-09 2.7259E-09 2.7475E-09 2.7692E-09 2.7898E-09 2.8089E-09 2.8225E-09 2.8392E-09 2.8629E-09 2.9197E-09 3.0314E-09 3.3176E-09 3.8227E-09 4.5606E-09 5.0762E-09 5.7345E-09 6.1349E-09 6.2295E-09 6.1336E-09 5.9163E-09 5.7248E-09 5.5093E-09 5.2753E-09 5.0844E-09 4.8409E-09 4.5694E-09 4.2485E-09 3.9977E-09 3.7568E-09 3.4635E-09 3.1536E-09 2.7691E-09 2.5371E-09 2.2596E-09 1.9661E-09 1.6806E-09 1.4744E-09 1.2771E-09 1.0808E-09 9.1744E-10 8.3399E-10 7.5802E-10 6.7411E-10 5.8295E-10 5.1683E-10 4.5928E-10 3.9850E-10 3.4092E-10 3.0125E-10
2.2155E-09 2.2549E-09 2.2910E-09 2.3244E-09 2.3580E-09 2.3911E-09 2.4217E-09 2.4484E-09 2.4738E-09 2.4968E-09 2.5174E-09 2.5323E-09 2.5488E-09 2.5594E-09 2.5732E-09 2.5886E-09 2.6096E-09 2.6565E-09 2.8367E-09 3.1847E-09 3.5407E-09 3.9581E-09 4.4653E-09 4.6695E-09 4.8351E-09 4.7725E-09 4.4851E-09 4.3149E-09 4.1976E-09 4.0705E-09 3.9213E-09 3.7525E-09 3.6435E-09 3.4259E-09 3.2006E-09 2.9453E-09 2.7251E-09 2.5723E-09 2.3309E-09 2.1106E-09 1.8210E-09 1.6444E-09 1.4553E-09 1.2500E-09 1.0783E-09 9.5361E-10 8.6799E-10 7.9564E-10 7.2121E-10 6.3339E-10 5.6617E-10 5.0388E-10 4.4591E-10 3.8133E-10 3.3690E-10 3.0175E-10 2.6317E-10
2.0337E-09 2.0698E-09 2.1030E-09 2.1336E-09 2.1621E-09 2.1908E-09 2.2169E-09 2.2415E-09 2.2655E-09 2.2859E-09 2.2998E-09 2.3144E-09 2.3275E-09 2.3380E-09 2.3485E-09 2.3551E-09 2.3843E-09 2.5113E-09 2.6257E-09 2.8244E-09 3.1534E-09 3.5177E-09 3.6145E-09 3.8181E-09 3.7569E-09 3.5876E-09 3.3514E-09 3.1370E-09 3.0305E-09 2.9419E-09 2.8782E-09 2.7711E-09 2.6333E-09 2.5489E-09 2.3615E-09 2.1673E-09 1.9606E-09 1.7977E-09 1.6795E-09 1.5124E-09 1.3434E-09 1.1816E-09 1.0340E-09 9.6435E-10 9.0148E-10 8.1541E-10 7.4190E-10 6.7559E-10 6.0523E-10 5.4652E-10 4.8783E-10 4.1917E-10 3.7152E-10 3.3494E-10 2.9718E-10 2.5764E-10 2.2949E-10
1.8645E-09 1.8977E-09 1.9284E-09 1.9569E-09 1.9832E-09 2.0073E-09 2.0307E-09 2.0535E-09 2.0701E-09 2.0870E-09 2.1051E-09 2.1129E-09 2.1084E-09 2.1112E-09 2.1170E-09 2.1158E-09 2.1227E-09 2.1416E-09 2.2566E-09 2.3968E-09 2.5983E-09 2.9088E-09 3.0582E-09 2.9681E-09 2.8243E-09 2.6440E-09 2.5329E-09 2.3508E-09 2.1673E-09 2.1094E-09 2.0517E-09 1.9895E-09 1.8964E-09 1.7861E-09 1.7155E-09 1.5563E-09 1.3879E-09 1.2185E-09 1.1470E-09 1.0827E-09 1.0222E-09 9.5143E-10 8.9242E-10 8.3585E-10 7.5766E-10 6.9496E-10 6.4315E-10 5.7819E-10 5.1583E-10 4.5601E-10 4.0665E-10 3.6557E-10 3.2886E-10 2.8889E-10 2.5080E-10 2.2720E-10 1.9985E-10
1.7055E-09 1.7381E-09 1.7546E-09 1.7811E-09 1.8057E-09 1.8282E-09 1.8483E-09 1.8658E-09 1.8831E-09 1.8978E-09 1.9067E-09 1.9164E-09 1.9235E-09 1.9243E-09 1.9128E-09 1.9089E-09 1.9033E-09 1.9067E-09 1.9291E-09 2.0211E-09 2.2031E-09 2.3092E-09 2.4198E-09 2.3930E-09 2.2099E-09 1.9945E-09 1.8760E-09 1.7766E-09 1.6287E-09 1.4879E-09 1.4367E-09 1.3927E-09 1.3391E-09 1.2785E-09 1.2280E-09 1.1772E-09 1.1230E-09 1.0643E-09 1.0138E-09 9.4872E-10 8.8499E-10 8.3116E-10 7.7654E-10 6.9701E-10 6.5127E-10 5.9727E-10 5.4220E-10 4.8521E-10 4.3998E-10 3.9636E-10 3.5665E-10 3.1712E-10 2.7775E-10 2.5027E-10 2.2454E-10 1.9935E-10 1.8106E-10
