Assets/Resources/2015_m01_d02_1100(utc+0800)_l00_csi_1hr_conc.grd
DSAA
         159         159
     -79.000      79.000
     -79.000      79.000
  0.0000E+00  0.3633E-05
[rows 0 to 24 of 159, columns 57 to 113 of 159]
0.0000E+00 0.0000E+00 0.0000E+00 0.0000E+00 0.0000E+00 0.0000E+00 0.0000E+00 0.0000E+00 0.0000E+00 0.0000E+00 0.0000E+00 0.0000E+00 0.0000E+00 0.0000E+00 0.0000E+00 0.0000E+00 0.0000E+00 0.0000E+00 0.0000E+00 0.0000E+00 0.0000E+00 0.0000E+00 0.0000E+00 0.0000E+00 0.0000E+00 0.0000E+00 0.0000E+00 0.0000E+00 0.0000E+00 0.0000E+00 0.0000E+00 0.0000E+00 0.0000E+00 0.0000E+00 0.0000E+00 0.0000E+00 0.0000E+00 0.0000E+00 0.0000E+00 0.0000E+00 0.0000E+00 2.0847E-11 3.6547E-11 6.8687E-11 9.9854E-11 1.4724E-10 1.9855E-10 2.6209E-10 3.3203E-10 4.1025E-10 4.9579E-10 5.8554E-10 6.8229E-10 7.8637E-10 8.9625E-10 1.0124E-09 1.1352E-09
0.0000E+00 0.0000E+00 0.0000E+00 0.0000E+00 0.0000E+00 0.0000E+00 0.0000E+00 0.0000E+00 0.0000E+00 0.0000E+00 0.0000E+00 0.0000E+00 0.0000E+00 0.0000E+00 0.0000E+00 0.0000E+00 0.0000E+00 0.0000E+00 0.0000E+00 0.0000E+00 0.0000E+00 0.0000E+00 0.0000E+00 0.0000E+00 0.0000E+00 0.0000E+00 0.0000E+00 0.0000E+00 0.0000E+00 0.0000E+00 0.0000E+00 0.0000E+00 0.0000E+00 0.0000E+00 0.0000E+00 0.0000E+00 0.0000E+00 0.0000E+00 0.0000E+00 2.8922E-12 2.0970E-11 4.3433E-11 7.9318E-11 1.1838E-10 1.6764E-10 2.2706E-10 2.9571E-10 3.7436E-10 4.6040E-10 5.5612E-10 6.5780E-10 7.6589E-10 8.8068E-10 1.0022E-09 1.1310E-09 1.2654E-09 1.4068E-09
0.0000E+00 0.0000E+00 0.0000E+00 0.0000E+00 0.0000E+00 0.0000E+00 0.0000E+00 0.0000E+00 0.0000E+00 0.0000E+00 0.0000E+00 0.0000E+00 0.0000E+00 0.0000E+00 0.0000E+00 0.0000E+00 0.0000E+00 0.0000E+00 0.0000E+00 0.0000E+00 0.0000E+00 0.0000E+00 0.0000E+00 0.0000E+00 0.0000E+00 0.0000E+00 0.0000E+00 0.0000E+00 0.0000E+00 0.0000E+00 0.0000E+00 0.0000E+00 0.0000E+00 0.0000E+00 0.0000E+00 0.0000E+00 0.0000E+00 0.0000E+00 9.4122E-12 2.6140E-11 5.6606E-11 9.2577E-11 1.4066E-10 1.9085E-10 2.5997E-10 3.3523E-10 4.2210E-10 5.1975E-10 6.2658E-10 7.4173E-10 8.6290E-10 9.9049E-10 1.1259E-09 1.2676E-09 1.4164E-09 1.5718E-09 1.7334E-09
0.0000E+00 0.0000E+00 0.0000E+00 0.0000E+00 0.0000E+00 0.0000E+00 0.0000E+00 0.0000E+00 0.0000E+00 0.0000E+00 0.0000E+00 0.0000E+00 0.0000E+00 0.0000E+00 0.0000E+00 0.0000E+00 0.0000E+00 0.0000E+00 0.0000E+00 0.0000E+00 0.0000E+00 0.0000E+00 0.0000E+00 0.0000E+00 0.0000E+00 0.0000E+00 0.0000E+00 0.0000E+00 0.0000E+00 0.0000E+00 0.0000E+00 0.0000E+00 0.0000E+00 0.0000E+00 0.0000E+00 0.0000E+00 0.0000E+00 1.7783E-11 3.2595E-11 6.6156E-11 1.0768E-10 1.6495E-10 2.1874E-10 2.9805E-10 3.7846E-10 4.7638E-10 5.8568E-10 7.0726E-10 8.3666E-10 9.7159E-10 1.1142E-09 1.2647E-09 1.4235E-09 1.5901E-09 1.7616E-09 1.9391E-09 2.1225E-09
0.0000E+00 0.0000E+00 0.0000E+00 0.0000E+00 0.0000E+00 0.0000E+00 0.0000E+00 0.0000E+00 0.0000E+00 0.0000E+00 0.0000E+00 0.0000E+00 0.0000E+00 0.0000E+00 0.0000E+00 0.0000E+00 0.0000E+00 0.0000E+00 0.0000E+00 0.0000E+00 0.0000E+00 0.0000E+00 0.0000E+00 0.0000E+00 0.0000E+00 0.0000E+00 0.0000E+00 0.0000E+00 0.0000E+00 0.0000E+00 0.0000E+00 0.0000E+00 1.2882E-12 2.2877E-12 2.5703E-12 7.0306E-12 2.7736E-11 4.4487E-11 8.6304E-11 1.2668E-10 1.9380E-10 2.5654E-10 3.4493E-10 4.3543E-10 5.4506E-10 6.6486E-10 7.9933E-10 9.4642E-10 1.0967E-09 1.2558E-09 1.4246E-09 1.6026E-09 1.7875E-09 1.9794E-09 2.1755E-09 2.3769E-09 2.5839E-09
0.0000E+00 0.0000E+00 0.0000E+00 0.0000E+00 0.0000E+00 0.0000E+00 0.0000E+00 0.0000E+00 0.0000E+00 0.0000E+00 0.0000E+00 0.0000E+00 0.0000E+00 0.0000E+00 0.0000E+00 0.0000E+00 0.0000E+00 0.0000E+00 0.0000E+00 0.0000E+00 0.0000E+00 0.0000E+00 0.0000E+00 0.0000E+00 0.0000E+00 0.0000E+00 0.0000E+00 0.0000E+00 0.0000E+00 0.0000E+00 1.7985E-12 2.5431E-12 2.9670E-12 3.3968E-12 1.7154E-11 3.6423E-11 6.5509E-11 1.0361E-10 1.5558E-10 2.2139E-10 3.0336E-10 3.9295E-10 5.0107E-10 6.1823E-10 7.5129E-10 9.0206E-10 1.0669E-09 1.2385E-09 1.4188E-09 1.6081E-09 1.8066E-09 2.0145E-09 2.2289E-09 2.4489E-09 2.6709E-09 2.8968E-09 3.1263E-09
0.0000E+00 0.0000E+00 0.0000E+00 0.0000E+00 0.0000E+00 0.0000E+00 0.0000E+00 0.0000E+00 0.0000E+00 0.0000E+00 0.0000E+00 0.0000E+00 0.0000E+00 0.0000E+00 0.0000E+00 0.0000E+00 0.0000E+00 0.0000E+00 0.0000E+00 0.0000E+00 0.0000E+00 0.0000E+00 0.0000E+00 0.0000E+00 0.0000E+00 0.0000E+00 0.0000E+00 0.0000E+00 0.0000E+00 2.6038E-12 3.3368E-12 5.4226E-12 1.8394E-11 3.0970E-11 5.0124E-11 9.0085E-11 1.2752E-10 1.8915E-10 2.5675E-10 3.5479E-10 4.5407E-10 5.8123E-10 7.0886E-10 8.5644E-10 1.0223E-09 1.2060E-09 1.3997E-09 1.6020E-09 1.8149E-09 2.0397E-09 2.2737E-09 2.5144E-09 2.7601E-09 3.0069E-09 3.2558E-09 3.5069E-09 3.7582E-09
0.0000E+00 0.0000E+00 0.0000E+00 0.0000E+00 0.0000E+00 0.0000E+00 0.0000E+00 0.0000E+00 0.0000E+00 0.0000E+00 0.0000E+00 0.0000E+00 0.0000E+00 0.0000E+00 0.0000E+00 0.0000E+00 0.0000E+00 0.0000E+00 0.0000E+00 0.0000E+00 0.0000E+00 0.0000E+00 0.0000E+00 0.0000E+00 0.0000E+00 0.0000E+00 0.0000E+00 0.0000E+00 2.6515E-12 5.6902E-12 1.2591E-11 2.8572E-11 3.9579E-11 6.7649E-11 1.0507E-10 1.4654E-10 2.1742E-10 2.8935E-10 3.9796E-10 5.1243E-10 6.6008E-10 8.0403E-10 9.6960E-10 1.1542E-09 1.3567E-09 1.5772E-09 1.8092E-09 2.0524E-09 2.3048E-09 2.5665E-09 2.8369E-09 3.1129E-09 3.3921E-09 3.6680E-09 3.9414E-09 4.2138E-09 4.4852E-09
0.0000E+00 0.0000E+00 0.0000E+00 0.0000E+00 0.0000E+00 0.0000E+00 0.0000E+00 0.0000E+00 0.0000E+00 0.0000E+00 0.0000E+00 0.0000E+00 0.0000E+00 0.0000E+00 0.0000E+00 0.0000E+00 0.0000E+00 0.0000E+00 0.0000E+00 0.0000E+00 0.0000E+00 0.0000E+00 0.0000E+00 0.0000E+00 0.0000E+00 0.0000E+00 0.0000E+00 0.0000E+00 6.7565E-12 2.0052E-11 3.4914E-11 5.5052E-11 9.2755E-11 1.2944E-10 1.8250E-10 2.5698E-10 3.4364E-10 4.5668E-10 5.9484E-10 7.5516E-10 9.2321E-10 1.1061E-09 1.3109E-09 1.5361E-09 1.7817E-09 2.0429E-09 2.3161E-09 2.6020E-09 2.8994E-09 3.2040E-09 3.5129E-09 3.8229E-09 4.1317E-09 4.4376E-09 4.7373E-09 5.0291E-09 5.3128E-09
0.0000E+00 0.0000E+00 0.0000E+00 0.0000E+00 0.0000E+00 0.0000E+00 0.0000E+00 0.0000E+00 0.0000E+00 0.0000E+00 0.0000E+00 0.0000E+00 0.0000E+00 0.0000E+00 0.0000E+00 0.0000E+00 0.0000E+00 0.0000E+00 0.0000E+00 0.0000E+00 0.0000E+00 0.0000E+00 0.0000E+00 0.0000E+00 0.0000E+00 0.0000E+00 0.0000E+00 6.2160E-12 2.3316E-11 4.1913E-11 7.2263E-11 1.0463E-10 1.4730E-10 2.1293E-10 2.8760E-10 3.9229E-10 5.1211E-10 6.6547E-10 8.4621E-10 1.0437E-09 1.2489E-09 1.4782E-09 1.7308E-09 2.0063E-09 2.3048E-09 2.6173E-09 2.9413E-09 3.2736E-09 3.6144E-09 3.9604E-09 4.3101E-09 4.6579E-09 4.9962E-09 5.3242E-09 5.6436E-09 5.9522E-09 6.2464E-09
0.0000E+00 0.0000E+00 0.0000E+00 0.0000E+00 0.0000E+00 0.0000E+00 0.0000E+00 0.0000E+00 0.0000E+00 0.0000E+00 0.0000E+00 0.0000E+00 0.0000E+00 0.0000E+00 0.0000E+00 0.0000E+00 0.0000E+00 0.0000E+00 0.0000E+00 0.0000E+00 0.0000E+00 0.0000E+00 0.0000E+00 0.0000E+00 0.0000E+00 0.0000E+00 0.0000E+00 2.4112E-11 4.7147E-11 7.9292E-11 1.1647E-10 1.7977E-10 2.4680E-10 3.3236E-10 4.5229E-10 5.8267E-10 7.5816E-10 9.5512E-10 1.1797E-09 1.4209E-09 1.6773E-09 1.9587E-09 2.2644E-09 2.5963E-09 2.9488E-09 3.3133E-09 3.6910E-09 4.0774E-09 4.4675E-09 4.8566E-09 5.2411E-09 5.6203E-09 5.9871E-09 6.3357E-09 6.6678E-09 6.9836E-09 7.2804E-09
0.0000E+00 0.0000E+00 0.0000E+00 0.0000E+00 0.0000E+00 0.0000E+00 0.0000E+00 0.0000E+00 0.0000E+00 0.0000E+00 0.0000E+00 0.0000E+00 0.0000E+00 0.0000E+00 0.0000E+00 0.0000E+00 0.0000E+00 0.0000E+00 0.0000E+00 0.0000E+00 0.0000E+00 0.0000E+00 0.0000E+00 0.0000E+00 0.0000E+00 2.3848E-13 1.9573E-11 4.9863E-11 8.5431E-11 1.3326E-10 1.9381E-10 2.6495E-10 3.7234E-10 4.9523E-10 6.4382E-10 8.4036E-10 1.0545E-09 1.3060E-09 1.5865E-09 1.8803E-09 2.1974E-09 2.5437E-09 2.9160E-09 3.3148E-09 3.7335E-09 4.1579E-09 4.5891E-09 5.0254E-09 5.4629E-09 5.8956E-09 6.3153E-09 6.7196E-09 7.1040E-09 7.4685E-09 7.8076E-09 8.1202E-09 8.4094E-09
0.0000E+00 0.0000E+00 0.0000E+00 0.0000E+00 0.0000E+00 0.0000E+00 0.0000E+00 0.0000E+00 0.0000E+00 0.0000E+00 0.0000E+00 0.0000E+00 0.0000E+00 0.0000E+00 0.0000E+00 0.0000E+00 0.0000E+00 0.0000E+00 0.0000E+00 0.0000E+00 0.0000E+00 0.0000E+00 0.0000E+00 0.0000E+00 0.0000E+00 6.2903E-12 4.4457E-11 8.5713E-11 1.4069E-10 2.0726E-10 2.9924E-10 4.1557E-10 5.4891E-10 7.2838E-10 9.3800E-10 1.1775E-09 1.4510E-09 1.7657E-09 2.1071E-09 2.4682E-09 2.8559E-09 3.2722E-09 3.7152E-09 4.1817E-09 4.6647E-09 5.1553E-09 5.6478E-09 6.1351E-09 6.6126E-09 7.0785E-09 7.5296E-09 7.9559E-09 8.3485E-09 8.7146E-09 9.0526E-09 9.3544E-09 9.6217E-09
0.0000E+00 0.0000E+00 0.0000E+00 0.0000E+00 0.0000E+00 0.0000E+00 0.0000E+00 0.0000E+00 0.0000E+00 0.0000E+00 0.0000E+00 0.0000E+00 0.0000E+00 0.0000E+00 0.0000E+00 0.0000E+00 0.0000E+00 0.0000E+00 0.0000E+00 0.0000E+00 0.0000E+00 0.0000E+00 0.0000E+00 0.0000E+00 4.3737E-12 3.1211E-11 8.1799E-11 1.3996E-10 2.1440E-10 3.1436E-10 4.3358E-10 5.9017E-10 7.8283E-10 1.0118E-09 1.2801E-09 1.5820E-09 1.9244E-09 2.3149E-09 2.7332E-09 3.1759E-09 3.6480E-09 4.1490E-09 4.6764E-09 5.2209E-09 5.7707E-09 6.3191E-09 6.8645E-09 7.4018E-09 7.9206E-09 8.4131E-09 8.8773E-09 9.3149E-09 9.7114E-09 1.0067E-08 1.0384E-08 1.0666E-08 1.0903E-08
0.0000E+00 0.0000E+00 0.0000E+00 0.0000E+00 0.0000E+00 0.0000E+00 0.0000E+00 0.0000E+00 0.0000E+00 0.0000E+00 0.0000E+00 0.0000E+00 0.0000E+00 0.0000E+00 0.0000E+00 0.0000E+00 0.0000E+00 0.0000E+00 0.0000E+00 0.0000E+00 0.0000E+00 0.0000E+00 0.0000E+00 3.4937E-12 1.3597E-11 6.8925E-11 1.2870E-10 2.1107E-10 3.1498E-10 4.4887E-10 6.2697E-10 8.3476E-10 1.0865E-09 1.3790E-09 1.7136E-09 2.0937E-09 2.5234E-09 3.0024E-09 3.5097E-09 4.0448E-09 4.6061E-09 5.1932E-09 5.8033E-09 6.4254E-09 7.0472E-09 7.6592E-09 8.2525E-09 8.8225E-09 9.3693E-09 9.8835E-09 1.0355E-08 1.0782E-08 1.1166E-08 1.1504E-08 1.1788E-08 1.2027E-08 1.2223E-08
0.0000E+00 0.0000E+00 0.0000E+00 0.0000E+00 0.0000E+00 0.0000E+00 0.0000E+00 0.0000E+00 0.0000E+00 0.0000E+00 0.0000E+00 0.0000E+00 0.0000E+00 0.0000E+00 0.0000E+00 0.0000E+00 0.0000E+00 0.0000E+00 0.0000E+00 0.0000E+00 0.0000E+00 0.0000E+00 1.8448E-13 6.6480E-12 4.1996E-11 1.0004E-10 1.9860E-10 3.1029E-10 4.5178E-10 6.3486E-10 8.5728E-10 1.1283E-09 1.4460E-09 1.8150E-09 2.2387E-09 2.7134E-09 3.2435E-09 3.8279E-09 4.4367E-09 5.0750E-09 5.7367E-09 6.4178E-09 7.1140E-09 7.8082E-09 8.4913E-09 9.1571E-09 9.7945E-09 1.0394E-08 1.0950E-08 1.1463E-08 1.1931E-08 1.2340E-08 1.2688E-08 1.2988E-08 1.3231E-08 1.3413E-08 1.3547E-08
0.0000E+00 0.0000E+00 0.0000E+00 0.0000E+00 0.0000E+00 0.0000E+00 0.0000E+00 0.0000E+00 0.0000E+00 0.0000E+00 0.0000E+00 0.0000E+00 0.0000E+00 0.0000E+00 0.0000E+00 0.0000E+00 0.0000E+00 0.0000E+00 0.0000E+00 0.0000E+00 0.0000E+00 0.0000E+00 3.7139E-12 1.3764E-11 8.0227E-11 1.6364E-10 2.8858E-10 4.3580E-10 6.2778E-10 8.6273E-10 1.1499E-09 1.4939E-09 1.8980E-09 2.3624E-09 2.8882E-09 3.4733E-09 4.1176E-09 4.8146E-09 5.5363E-09 6.2814E-09 7.0431E-09 7.8164E-09 8.5958E-09 9.3614E-09 1.0100E-08 1.0802E-08 1.1465E-08 1.2079E-08 1.2636E-08 1.3131E-08 1.3569E-08 1.3943E-08 1.4247E-08 1.4486E-08 1.4667E-08 1.4786E-08 1.4844E-08
0.0000E+00 0.0000E+00 0.0000E+00 0.0000E+00 0.0000E+00 0.0000E+00 0.0000E+00 0.0000E+00 0.0000E+00 0.0000E+00 0.0000E+00 0.0000E+00 0.0000E+00 0.0000E+00 0.0000E+00 0.0000E+00 0.0000E+00 0.0000E+00 0.0000E+00 0.0000E+00 0.0000E+00 2.0617E-13 7.4947E-12 4.7119E-11 1.1786E-10 2.5004E-10 4.0428E-10 5.9305E-10 8.3504E-10 1.1362E-09 1.5038E-09 1.9379E-09 2.4415E-09 3.0198E-09 3.6635E-09 4.3699E-09 5.1430E-09 5.9638E-09 6.8039E-09 7.6613E-09 8.5239E-09 9.3851E-09 1.0235E-08 1.1059E-08 1.1840E-08 1.2568E-08 1.3237E-08 1.3841E-08 1.4378E-08 1.4843E-08 1.5230E-08 1.5545E-08 1.5789E-08 1.5957E-08 1.6055E-08 1.6097E-08 1.6073E-08
0.0000E+00 0.0000E+00 0.0000E+00 0.0000E+00 0.0000E+00 0.0000E+00 0.0000E+00 0.0000E+00 0.0000E+00 0.0000E+00 0.0000E+00 0.0000E+00 0.0000E+00 0.0000E+00 0.0000E+00 0.0000E+00 0.0000E+00 0.0000E+00 0.0000E+00 0.0000E+00 0.0000E+00 2.2092E-12 1.3449E-11 6.6371E-11 1.9421E-10 3.5937E-10 5.4391E-10 7.8393E-10 1.0931E-09 1.4754E-09 1.9349E-09 2.4771E-09 3.0990E-09 3.8001E-09 4.5769E-09 5.4195E-09 6.3247E-09 7.2752E-09 8.2360E-09 9.2006E-09 1.0156E-08 1.1095E-08 1.2006E-08 1.2869E-08 1.3670E-08 1.4405E-08 1.5061E-08 1.5634E-08 1.6127E-08 1.6537E-08 1.6861E-08 1.7097E-08 1.7258E-08 1.7344E-08 1.7350E-08 1.7296E-08 1.7183E-08
0.0000E+00 0.0000E+00 0.0000E+00 0.0000E+00 0.0000E+00 0.0000E+00 0.0000E+00 0.0000E+00 0.0000E+00 0.0000E+00 0.0000E+00 0.0000E+00 0.0000E+00 0.0000E+00 0.0000E+00 0.0000E+00 0.0000E+00 0.0000E+00 0.0000E+00 0.0000E+00 0.0000E+00 5.8030E-12 4.0219E-11 1.2189E-10 2.8168E-10 4.7771E-10 7.1344E-10 1.0197E-09 1.4070E-09 1.8856E-09 2.4537E-09 3.1148E-09 3.8714E-09 4.7135E-09 5.6307E-09 6.6160E-09 7.6591E-09 8.7354E-09 9.8113E-09 1.0874E-08 1.1910E-08 1.2908E-08 1.3858E-08 1.4741E-08 1.5542E-08 1.6253E-08 1.6873E-08 1.7397E-08 1.7822E-08 1.8151E-08 1.8394E-08 1.8540E-08 1.8600E-08 1.8587E-08 1.8497E-08 1.8338E-08 1.8126E-08
0.0000E+00 0.0000E+00 0.0000E+00 0.0000E+00 0.0000E+00 0.0000E+00 0.0000E+00 0.0000E+00 0.0000E+00 0.0000E+00 0.0000E+00 0.0000E+00 0.0000E+00 0.0000E+00 0.0000E+00 0.0000E+00 0.0000E+00 0.0000E+00 0.0000E+00 0.0000E+00 3.3535E-13 9.8636E-12 5.6489E-11 1.9772E-10 4.0241E-10 6.2390E-10 9.1887E-10 1.3010E-09 1.7836E-09 2.3683E-09 3.0629E-09 3.8626E-09 4.7601E-09 5.7496E-09 6.8162E-09 7.9452E-09 9.1228E-09 1.0321E-08 1.1498E-08 1.2642E-08 1.3734E-08 1.4770E-08 1.5732E-08 1.6607E-08 1.7383E-08 1.8047E-08 1.8602E-08 1.9051E-08 1.9389E-08 1.9621E-08 1.9762E-08 1.9805E-08 1.9757E-08 1.9634E-08 1.9441E-08 1.9177E-08 1.8863E-08
0.0000E+00 0.0000E+00 0.0000E+00 0.0000E+00 0.0000E+00 0.0000E+00 0.0000E+00 0.0000E+00 0.0000E+00 0.0000E+00 0.0000E+00 0.0000E+00 0.0000E+00 0.0000E+00 0.0000E+00 0.0000E+00 0.0000E+00 0.0000E+00 0.0000E+00 0.0000E+00 1.3187E-12 1.4249E-11 1.1696E-10 2.9574E-10 5.2451E-10 8.0013E-10 1.1715E-09 1.6437E-09 2.2350E-09 2.9454E-09 3.7736E-09 4.7206E-09 5.7730E-09 6.9148E-09 8.1276E-09 9.3922E-09 1.0689E-08 1.1986E-08 1.3245E-08 1.4447E-08 1.5570E-08 1.6609E-08 1.7555E-08 1.8392E-08 1.9109E-08 1.9704E-08 2.0172E-08 2.0518E-08 2.0752E-08 2.0877E-08 2.0900E-08 2.0828E-08 2.0670E-08 2.0433E-08 2.0133E-08 1.9770E-08 1.9356E-08
0.0000E+00 0.0000E+00 0.0000E+00 0.0000E+00 0.0000E+00 0.0000E+00 0.0000E+00 0.0000E+00 0.0000E+00 0.0000E+00 0.0000E+00 0.0000E+00 0.0000E+00 0.0000E+00 0.0000E+00 0.0000E+00 0.0000E+00 0.0000E+00 0.0000E+00 0.0000E+00 2.9673E-12 4.9859E-11 1.8994E-10 4.2604E-10 6.7538E-10 1.0158E-09 1.4695E-09 2.0469E-09 2.7573E-09 3.6056E-09 4.5862E-09 5.6838E-09 6.8880E-09 8.1809E-09 9.5330E-09 1.0921E-08 1.2319E-08 1.3690E-08 1.4996E-08 1.6217E-08 1.7338E-08 1.8349E-08 1.9241E-08 2.0008E-08 2.0642E-08 2.1137E-08 2.1498E-08 2.1726E-08 2.1840E-08 2.1845E-08 2.1747E-08 2.1554E-08 2.1285E-08 2.0940E-08 2.0534E-08 2.0079E-08 1.9577E-08
0.0000E+00 0.0000E+00 0.0000E+00 0.0000E+00 0.0000E+00 0.0000E+00 0.0000E+00 0.0000E+00 0.0000E+00 0.0000E+00 0.0000E+00 0.0000E+00 0.0000E+00 0.0000E+00 0.0000E+00 0.0000E+00 0.0000E+00 0.0000E+00 0.0000E+00 0.0000E+00 1.1394E-11 1.0222E-10 2.9993E-10 5.4969E-10 8.6357E-10 1.2814E-09 1.8378E-09 2.5344E-09 3.3833E-09 4.3785E-09 5.5104E-09 6.7672E-09 8.1193E-09 9.5442E-09 1.1011E-08 1.2489E-08 1.3950E-08 1.5361E-08 1.6680E-08 1.7884E-08 1.8954E-08 1.9899E-08 2.0707E-08 2.1371E-08 2.1892E-08 2.2268E-08 2.2501E-08 2.2603E-08 2.2589E-08 2.2468E-08 2.2250E-08 2.1941E-08 2.1564E-08 2.1121E-08 2.0621E-08 2.0083E-08 1.9506E-08
0.0000E+00 0.0000E+00 0.0000E+00 0.0000E+00 0.0000E+00 0.0000E+00 0.0000E+00 0.0000E+00 0.0000E+00 0.0000E+00 0.0000E+00 0.0000E+00 0.0000E+00 0.0000E+00 0.0000E+00 0.0000E+00 0.0000E+00 0.0000E+00 0.0000E+00 1.6332E-13 4.5394E-11 1.7699E-10 4.3376E-10 7.1398E-10 1.0940E-09 1.5989E-09 2.2659E-09 3.0938E-09 4.0888E-09 5.2412E-09 6.5308E-09 7.9334E-09 9.4243E-09 1.0966E-08 1.2523E-08 1.4058E-08 1.5538E-08 1.6934E-08 1.8215E-08 1.9354E-08 2.0342E-08 2.1175E-08 2.1861E-08 2.2400E-08 2.2786E-08 2.3023E-08 2.3119E-08 2.3090E-08 2.2946E-08 2.2701E-08 2.2371E-08 2.1958E-08 2.1482E-08 2.0956E-08 2.0379E-08 1.9774E-08 1.9141E-08
