Assets/Resources/2015_m01_d16_2200(utc+0800)_l00_csi_1hr_conc.grd
DSAA
         159         159
     -79.000      79.000
     -79.000      79.000
  0.0000E+00  0.4756E-05
[rows 25 to 49 of 159, columns 57 to 113 of 159]
3.1783E-09 4.3597E-09 5.7850E-09 7.4425E-09 9.2728E-09 1.1202E-08 1.3131E-08 1.4938E-08 1.6504E-08 1.7718E-08 1.8494E-08 1.8776E-08 1.8556E-08 1.7862E-08 1.6756E-08 1.5328E-08 1.3680E-08 1.1918E-08 1.0143E-08 8.4373E-09 6.8623E-09 5.4582E-09 4.2499E-09 3.2379E-09 2.4127E-09 1.7577E-09 1.2486E-09 8.5901E-10 5.6110E-10 3.4013E-10 1.9001E-10 9.1932E-11 3.2935E-11 5.0013E-12 0.0000E+00 0.0000E+00 0.0000E+00 0.0000E+00 0.0000E+00 0.0000E+00 0.0000E+00 0.0000E+00 0.0000E+00 0.0000E+00 0.0000E+00 0.0000E+00 0.0000E+00 0.0000E+00 0.0000E+00 0.0000E+00 0.0000E+00 0.0000E+00 0.0000E+00 0.0000E+00 0.0000E+00 0.0000E+00 0.0000E+00
3.2640E-09 4.4867E-09 5.9699E-09 7.6822E-09 9.5797E-09 1.1573E-08 1.3552E-08 1.5396E-08 1.6974E-08 1.8174E-08 1.8904E-08 1.9117E-08 1.8806E-08 1.8008E-08 1.6793E-08 1.5261E-08 1.3524E-08 1.1692E-08 9.8676E-09 8.1326E-09 6.5510E-09 5.1587E-09 3.9710E-09 2.9912E-09 2.2013E-09 1.5761E-09 1.1008E-09 7.3688E-10 4.5876E-10 2.6840E-10 1.4100E-10 6.4468E-11 2.0800E-11 1.1132E-12 0.0000E+00 0.0000E+00 0.0000E+00 0.0000E+00 0.0000E+00 0.0000E+00 0.0000E+00 0.0000E+00 0.0000E+00 0.0000E+00 0.0000E+00 0.0000E+00 0.0000E+00 0.0000E+00 0.0000E+00 0.0000E+00 0.0000E+00 0.0000E+00 0.0000E+00 0.0000E+00 0.0000E+00 0.0000E+00 0.0000E+00
3.3346E-09 4.6014E-09 6.1324E-09 7.9097E-09 9.8663E-09 1.1924E-08 1.3961E-08 1.5843E-08 1.7436E-08 1.8623E-08 1.9311E-08 1.9454E-08 1.9052E-08 1.8150E-08 1.6828E-08 1.5194E-08 1.3369E-08 1.1469E-08 9.6013E-09 7.8437E-09 6.2555E-09 4.8758E-09 3.7129E-09 2.7618E-09 2.0069E-09 1.4119E-09 9.6448E-10 6.1758E-10 3.7210E-10 2.1170E-10 1.0786E-10 4.6652E-11 1.3597E-11 0.0000E+00 0.0000E+00 0.0000E+00 0.0000E+00 0.0000E+00 0.0000E+00 0.0000E+00 0.0000E+00 0.0000E+00 0.0000E+00 0.0000E+00 0.0000E+00 0.0000E+00 0.0000E+00 0.0000E+00 0.0000E+00 0.0000E+00 0.0000E+00 0.0000E+00 0.0000E+00 0.0000E+00 0.0000E+00 0.0000E+00 0.0000E+00
3.3909E-09 4.6971E-09 6.2810E-09 8.1149E-09 1.0146E-08 1.2267E-08 1.4359E-08 1.6282E-08 1.7893E-08 1.9068E-08 1.9715E-08 1.9790E-08 1.9299E-08 1.8293E-08 1.6864E-08 1.5132E-08 1.3220E-08 1.1254E-08 9.3401E-09 7.5635E-09 5.9751E-09 4.6080E-09 3.4708E-09 2.5502E-09 1.8244E-09 1.2638E-09 8.3036E-10 5.2358E-10 3.0837E-10 1.7023E-10 8.3766E-11 3.4433E-11 7.2695E-12 0.0000E+00 0.0000E+00 0.0000E+00 0.0000E+00 0.0000E+00 0.0000E+00 0.0000E+00 0.0000E+00 0.0000E+00 0.0000E+00 0.0000E+00 0.0000E+00 0.0000E+00 0.0000E+00 0.0000E+00 0.0000E+00 0.0000E+00 0.0000E+00 0.0000E+00 0.0000E+00 0.0000E+00 0.0000E+00 0.0000E+00 0.0000E+00
3.4390E-09 4.7808E-09 6.4149E-09 8.3119E-09 1.0403E-08 1.2594E-08 1.4747E-08 1.6716E-08 1.8350E-08 1.9516E-08 2.0125E-08 2.0132E-08 1.9549E-08 1.8437E-08 1.6900E-08 1.5066E-08 1.3071E-08 1.1043E-08 9.0880E-09 7.2897E-09 5.7055E-09 4.3547E-09 3.2430E-09 2.3548E-09 1.6542E-09 1.1212E-09 7.1890E-10 4.4219E-10 2.5724E-10 1.4102E-10 6.8457E-11 2.4350E-11 2.6519E-12 0.0000E+00 0.0000E+00 0.0000E+00 0.0000E+00 0.0000E+00 0.0000E+00 0.0000E+00 0.0000E+00 0.0000E+00 0.0000E+00 0.0000E+00 0.0000E+00 0.0000E+00 0.0000E+00 0.0000E+00 0.0000E+00 0.0000E+00 0.0000E+00 0.0000E+00 0.0000E+00 0.0000E+00 0.0000E+00 0.0000E+00 0.0000E+00
3.4698E-09 4.8492E-09 6.5296E-09 8.4885E-09 1.0653E-08 1.2911E-08 1.5132E-08 1.7149E-08 1.8804E-08 1.9965E-08 2.0537E-08 2.0477E-08 1.9803E-08 1.8585E-08 1.6938E-08 1.5001E-08 1.2920E-08 1.0830E-08 8.8388E-09 7.0247E-09 5.4415E-09 4.1103E-09 3.0252E-09 2.1677E-09 1.4944E-09 9.8292E-10 6.2437E-10 3.7526E-10 2.2252E-10 1.1617E-10 5.3598E-11 1.5900E-11 0.0000E+00 0.0000E+00 0.0000E+00 0.0000E+00 0.0000E+00 0.0000E+00 0.0000E+00 0.0000E+00 0.0000E+00 0.0000E+00 0.0000E+00 0.0000E+00 0.0000E+00 0.0000E+00 0.0000E+00 0.0000E+00 0.0000E+00 0.0000E+00 0.0000E+00 0.0000E+00 0.0000E+00 0.0000E+00 0.0000E+00 0.0000E+00 0.0000E+00
3.4876E-09 4.9022E-09 6.6357E-09 8.6521E-09 1.0888E-08 1.3227E-08 1.5514E-08 1.7585E-08 1.9278E-08 2.0440E-08 2.0977E-08 2.0848E-08 2.0079E-08 1.8753E-08 1.6993E-08 1.4952E-08 1.2781E-08 1.0621E-08 8.5875E-09 6.7644E-09 5.1862E-09 3.8744E-09 2.8177E-09 1.9874E-09 1.3424E-09 8.6935E-10 5.4838E-10 3.2931E-10 1.8747E-10 9.3815E-11 3.7894E-11 9.0565E-12 0.0000E+00 0.0000E+00 0.0000E+00 0.0000E+00 0.0000E+00 0.0000E+00 0.0000E+00 0.0000E+00 0.0000E+00 0.0000E+00 0.0000E+00 0.0000E+00 0.0000E+00 0.0000E+00 0.0000E+00 0.0000E+00 0.0000E+00 0.0000E+00 0.0000E+00 0.0000E+00 0.0000E+00 0.0000E+00 0.0000E+00 0.0000E+00 0.0000E+00
3.4911E-09 4.9387E-09 6.7177E-09 8.8038E-09 1.1115E-08 1.3531E-08 1.5904E-08 1.8044E-08 1.9772E-08 2.0938E-08 2.1443E-08 2.1247E-08 2.0382E-08 1.8940E-08 1.7059E-08 1.4908E-08 1.2649E-08 1.0423E-08 8.3465E-09 6.5020E-09 4.9330E-09 3.6420E-09 2.6171E-09 1.8059E-09 1.2045E-09 7.7317E-10 4.8474E-10 2.8516E-10 1.5682E-10 7.5224E-11 2.8157E-11 4.0257E-12 0.0000E+00 0.0000E+00 0.0000E+00 0.0000E+00 0.0000E+00 0.0000E+00 0.0000E+00 0.0000E+00 0.0000E+00 0.0000E+00 0.0000E+00 0.0000E+00 0.0000E+00 0.0000E+00 0.0000E+00 0.0000E+00 0.0000E+00 0.0000E+00 0.0000E+00 0.0000E+00 0.0000E+00 0.0000E+00 0.0000E+00 0.0000E+00 0.0000E+00
3.4851E-09 4.9627E-09 6.7899E-09 8.9376E-09 1.1333E-08 1.3852E-08 1.6310E-08 1.8525E-08 2.0307E-08 2.1494E-08 2.1977E-08 2.1717E-08 2.0753E-08 1.9190E-08 1.7180E-08 1.4903E-08 1.2534E-08 1.0232E-08 8.1169E-09 6.2541E-09 4.6864E-09 3.4121E-09 2.4162E-09 1.6376E-09 1.0810E-09 6.9103E-10 4.2172E-10 2.4424E-10 1.2852E-10 5.8986E-11 1.9582E-11 4.9147E-13 0.0000E+00 0.0000E+00 0.0000E+00 0.0000E+00 0.0000E+00 0.0000E+00 0.0000E+00 0.0000E+00 0.0000E+00 0.0000E+00 0.0000E+00 0.0000E+00 0.0000E+00 0.0000E+00 0.0000E+00 0.0000E+00 0.0000E+00 0.0000E+00 0.0000E+00 0.0000E+00 0.0000E+00 0.0000E+00 0.0000E+00 0.0000E+00 0.0000E+00
3.4641E-09 4.9680E-09 6.8450E-09 9.0658E-09 1.1556E-08 1.4170E-08 1.6742E-08 1.9057E-08 2.0914E-08 2.2134E-08 2.2602E-08 2.2280E-08 2.1214E-08 1.9520E-08 1.7370E-08 1.4956E-08 1.2468E-08 1.0073E-08 7.8938E-09 6.0086E-09 4.4435E-09 3.1886E-09 2.2139E-09 1.4890E-09 9.6436E-10 6.0655E-10 3.5947E-10 2.0405E-10 1.0146E-10 4.3523E-11 1.0423E-11 0.0000E+00 0.0000E+00 0.0000E+00 0.0000E+00 0.0000E+00 0.0000E+00 0.0000E+00 0.0000E+00 0.0000E+00 0.0000E+00 0.0000E+00 0.0000E+00 0.0000E+00 0.0000E+00 0.0000E+00 0.0000E+00 0.0000E+00 0.0000E+00 0.0000E+00 0.0000E+00 0.0000E+00 0.0000E+00 0.0000E+00 0.0000E+00 0.0000E+00 0.0000E+00
3.4233E-09 4.9574E-09 6.8853E-09 9.1882E-09 1.1777E-08 1.4515E-08 1.7217E-08 1.9663E-08 2.1618E-08 2.2901E-08 2.3377E-08 2.3005E-08 2.1832E-08 1.9987E-08 1.7663E-08 1.5078E-08 1.2449E-08 9.9497E-09 7.7031E-09 5.7794E-09 4.2059E-09 2.9724E-09 2.0268E-09 1.3365E-09 8.5246E-10 5.2327E-10 3.0311E-10 1.6310E-10 7.7042E-11 2.8096E-11 3.7713E-12 0.0000E+00 0.0000E+00 0.0000E+00 0.0000E+00 0.0000E+00 0.0000E+00 0.0000E+00 0.0000E+00 0.0000E+00 0.0000E+00 0.0000E+00 0.0000E+00 0.0000E+00 0.0000E+00 0.0000E+00 0.0000E+00 0.0000E+00 0.0000E+00 0.0000E+00 0.0000E+00 0.0000E+00 0.0000E+00 0.0000E+00 0.0000E+00 0.0000E+00 0.0000E+00
3.3754E-09 4.9297E-09 6.9179E-09 9.2968E-09 1.2000E-08 1.4897E-08 1.7762E-08 2.0369E-08 2.2467E-08 2.3849E-08 2.4359E-08 2.3948E-08 2.2665E-08 2.0658E-08 1.8138E-08 1.5351E-08 1.2536E-08 9.8856E-09 7.5411E-09 5.5671E-09 3.9808E-09 2.7650E-09 1.8428E-09 1.1835E-09 7.4225E-10 4.4162E-10 2.5038E-10 1.2806E-10 5.4728E-11 1.2558E-11 1.9002E-12 0.0000E+00 0.0000E+00 0.0000E+00 0.0000E+00 0.0000E+00 0.0000E+00 0.0000E+00 0.0000E+00 0.0000E+00 0.0000E+00 0.0000E+00 0.0000E+00 0.0000E+00 0.0000E+00 0.0000E+00 0.0000E+00 0.0000E+00 0.0000E+00 0.0000E+00 0.0000E+00 0.0000E+00 0.0000E+00 0.0000E+00 0.0000E+00 0.0000E+00 0.0000E+00
3.3054E-09 4.8866E-09 6.9194E-09 9.4005E-09 1.2255E-08 1.5313E-08 1.8391E-08 2.1222E-08 2.3529E-08 2.5059E-08 2.5642E-08 2.5208E-08 2.3804E-08 2.1596E-08 1.8828E-08 1.5787E-08 1.2745E-08 9.9149E-09 7.4355E-09 5.3921E-09 3.7795E-09 2.5559E-09 1.6634E-09 1.0370E-09 6.3076E-10 3.6388E-10 1.9673E-10 9.1675E-11 2.9447E-11 6.2719E-12 1.5417E-12 0.0000E+00 0.0000E+00 0.0000E+00 0.0000E+00 0.0000E+00 0.0000E+00 0.0000E+00 0.0000E+00 0.0000E+00 0.0000E+00 0.0000E+00 0.0000E+00 0.0000E+00 0.0000E+00 0.0000E+00 0.0000E+00 0.0000E+00 0.0000E+00 0.0000E+00 0.0000E+00 0.0000E+00 0.0000E+00 0.0000E+00 0.0000E+00 0.0000E+00 0.0000E+00
3.2140E-09 4.8259E-09 6.9260E-09 9.5127E-09 1.2511E-08 1.5809E-08 1.9165E-08 2.2288E-08 2.4874E-08 2.6629E-08 2.7343E-08 2.6913E-08 2.5386E-08 2.2942E-08 1.9868E-08 1.6496E-08 1.3141E-08 1.0060E-08 7.4117E-09 5.2529E-09 3.6015E-09 2.3660E-09 1.4943E-09 8.9386E-10 5.2304E-10 2.8732E-10 1.4622E-10 5.7081E-11 1.8566E-11 4.1325E-12 0.0000E+00 0.0000E+00 0.0000E+00 0.0000E+00 0.0000E+00 0.0000E+00 0.0000E+00 0.0000E+00 0.0000E+00 0.0000E+00 0.0000E+00 0.0000E+00 0.0000E+00 0.0000E+00 0.0000E+00 0.0000E+00 0.0000E+00 0.0000E+00 0.0000E+00 0.0000E+00 0.0000E+00 0.0000E+00 0.0000E+00 0.0000E+00 0.0000E+00 0.0000E+00 0.0000E+00
3.0987E-09 4.7433E-09 6.9036E-09 9.6087E-09 1.2824E-08 1.6401E-08 2.0098E-08 2.3617E-08 2.6589E-08 2.8665E-08 2.9569E-08 2.9165E-08 2.7491E-08 2.4756E-08 2.1304E-08 1.7525E-08 1.3782E-08 1.0370E-08 7.4836E-09 5.1825E-09 3.4467E-09 2.1909E-09 1.3327E-09 7.6719E-10 4.2113E-10 2.1842E-10 9.7547E-11 3.6340E-11 1.1894E-11 3.3609E-12 0.0000E+00 0.0000E+00 0.0000E+00 0.0000E+00 0.0000E+00 0.0000E+00 0.0000E+00 0.0000E+00 0.0000E+00 0.0000E+00 0.0000E+00 0.0000E+00 0.0000E+00 0.0000E+00 0.0000E+00 0.0000E+00 0.0000E+00 0.0000E+00 0.0000E+00 0.0000E+00 0.0000E+00 0.0000E+00 0.0000E+00 0.0000E+00 0.0000E+00 0.0000E+00 0.0000E+00
2.9589E-09 4.6405E-09 6.8698E-09 9.7341E-09 1.3197E-08 1.7117E-08 2.1280E-08 2.5312E-08 2.8799E-08 3.1299E-08 3.2478E-08 3.2137E-08 3.0299E-08 2.7207E-08 2.3259E-08 1.8938E-08 1.4696E-08 1.0873E-08 7.6787E-09 5.1924E-09 3.3400E-09 2.0450E-09 1.1862E-09 6.4314E-10 3.1831E-10 1.4941E-10 6.2934E-11 2.5908E-11 8.3172E-12 0.0000E+00 0.0000E+00 0.0000E+00 0.0000E+00 0.0000E+00 0.0000E+00 0.0000E+00 0.0000E+00 0.0000E+00 0.0000E+00 0.0000E+00 0.0000E+00 0.0000E+00 0.0000E+00 0.0000E+00 0.0000E+00 0.0000E+00 0.0000E+00 0.0000E+00 0.0000E+00 0.0000E+00 0.0000E+00 0.0000E+00 0.0000E+00 0.0000E+00 0.0000E+00 0.0000E+00 0.0000E+00
2.8167E-09 4.5240E-09 6.8447E-09 9.8835E-09 1.3638E-08 1.8024E-08 2.2766E-08 2.7453E-08 3.1595E-08 3.4645E-08 3.6157E-08 3.5880E-08 3.3831E-08 3.0302E-08 2.5765E-08 2.0790E-08 1.5931E-08 1.1597E-08 8.0165E-09 5.2792E-09 3.2876E-09 1.9313E-09 1.0600E-09 5.3152E-10 2.2731E-10 1.0129E-10 4.1531E-11 1.3679E-11 3.2314E-12 0.0000E+00 0.0000E+00 0.0000E+00 0.0000E+00 0.0000E+00 0.0000E+00 0.0000E+00 0.0000E+00 0.0000E+00 0.0000E+00 0.0000E+00 0.0000E+00 0.0000E+00 0.0000E+00 0.0000E+00 0.0000E+00 0.0000E+00 0.0000E+00 0.0000E+00 0.0000E+00 0.0000E+00 0.0000E+00 0.0000E+00 0.0000E+00 0.0000E+00 0.0000E+00 0.0000E+00 0.0000E+00
2.6542E-09 4.3905E-09 6.8059E-09 1.0057E-08 1.4214E-08 1.9150E-08 2.4600E-08 3.0120E-08 3.5059E-08 3.8774E-08 4.0698E-08 4.0502E-08 3.8204E-08 3.4131E-08 2.8874E-08 2.3119E-08 1.7514E-08 1.2564E-08 8.5171E-09 5.4537E-09 3.2857E-09 1.8502E-09 9.5542E-10 4.3349E-10 1.6300E-10 7.0191E-11 2.8866E-11 1.0210E-11 0.0000E+00 0.0000E+00 0.0000E+00 0.0000E+00 0.0000E+00 0.0000E+00 0.0000E+00 0.0000E+00 0.0000E+00 0.0000E+00 0.0000E+00 0.0000E+00 0.0000E+00 0.0000E+00 0.0000E+00 0.0000E+00 0.0000E+00 0.0000E+00 0.0000E+00 0.0000E+00 0.0000E+00 0.0000E+00 0.0000E+00 0.0000E+00 0.0000E+00 0.0000E+00 0.0000E+00 0.0000E+00 0.0000E+00
2.4723E-09 4.2242E-09 6.7637E-09 1.0301E-08 1.4899E-08 2.0520E-08 2.6876E-08 3.3369E-08 3.9276E-08 4.3765E-08 4.6149E-08 4.6024E-08 4.3402E-08 3.8711E-08 3.2607E-08 2.5933E-08 1.9452E-08 1.3753E-08 9.1585E-09 5.7384E-09 3.3440E-09 1.8012E-09 8.7980E-10 3.7489E-10 1.2220E-10 4.3045E-11 1.4745E-11 2.6830E-12 0.0000E+00 0.0000E+00 0.0000E+00 0.0000E+00 0.0000E+00 0.0000E+00 0.0000E+00 0.0000E+00 0.0000E+00 0.0000E+00 0.0000E+00 0.0000E+00 0.0000E+00 0.0000E+00 0.0000E+00 0.0000E+00 0.0000E+00 0.0000E+00 0.0000E+00 0.0000E+00 0.0000E+00 0.0000E+00 0.0000E+00 0.0000E+00 0.0000E+00 0.0000E+00 0.0000E+00 0.0000E+00 0.0000E+00
2.2735E-09 4.0531E-09 6.7366E-09 1.0573E-08 1.5742E-08 2.2210E-08 2.9601E-08 3.7277E-08 4.4285E-08 4.9661E-08 5.2546E-08 5.2461E-08 4.9424E-08 4.3948E-08 3.6866E-08 2.9129E-08 2.1675E-08 1.5146E-08 9.9337E-09 6.0921E-09 3.4651E-09 1.8049E-09 8.4595E-10 3.4003E-10 9.2909E-11 2.4287E-11 4.5098E-12 0.0000E+00 0.0000E+00 0.0000E+00 0.0000E+00 0.0000E+00 0.0000E+00 0.0000E+00 0.0000E+00 0.0000E+00 0.0000E+00 0.0000E+00 0.0000E+00 0.0000E+00 0.0000E+00 0.0000E+00 0.0000E+00 0.0000E+00 0.0000E+00 0.0000E+00 0.0000E+00 0.0000E+00 0.0000E+00 0.0000E+00 0.0000E+00 0.0000E+00 0.0000E+00 0.0000E+00 0.0000E+00 0.0000E+00 0.0000E+00
2.0518E-09 3.8637E-09 6.6904E-09 1.0902E-08 1.6746E-08 2.4183E-08 3.2819E-08 4.1831E-08 5.0088E-08 5.6359E-08 5.9724E-08 5.9620E-08 5.6074E-08 4.9690E-08 4.1485E-08 3.2580E-08 2.4052E-08 1.6652E-08 1.0805E-08 6.5129E-09 3.6288E-09 1.8653E-09 8.5552E-10 3.1854E-10 7.3112E-11 7.3697E-12 0.0000E+00 0.0000E+00 0.0000E+00 0.0000E+00 0.0000E+00 0.0000E+00 0.0000E+00 0.0000E+00 0.0000E+00 0.0000E+00 0.0000E+00 0.0000E+00 0.0000E+00 0.0000E+00 0.0000E+00 0.0000E+00 0.0000E+00 0.0000E+00 0.0000E+00 0.0000E+00 0.0000E+00 0.0000E+00 0.0000E+00 0.0000E+00 0.0000E+00 0.0000E+00 0.0000E+00 0.0000E+00 0.0000E+00 0.0000E+00 0.0000E+00
1.8321E-09 3.6424E-09 6.6483E-09 1.1300E-08 1.7901E-08 2.6493E-08 3.6558E-08 4.7074E-08 5.6654E-08 6.3858E-08 6.7570E-08 6.7270E-08 6.3043E-08 5.5618E-08 4.6189E-08 3.6082E-08 2.6472E-08 1.8213E-08 1.1705E-08 6.9898E-09 3.8714E-09 1.9560E-09 8.8012E-10 3.1253E-10 5.3793E-11 0.0000E+00 0.0000E+00 0.0000E+00 0.0000E+00 0.0000E+00 0.0000E+00 0.0000E+00 0.0000E+00 0.0000E+00 0.0000E+00 0.0000E+00 0.0000E+00 0.0000E+00 0.0000E+00 0.0000E+00 0.0000E+00 0.0000E+00 0.0000E+00 0.0000E+00 0.0000E+00 0.0000E+00 0.0000E+00 0.0000E+00 0.0000E+00 0.0000E+00 0.0000E+00 0.0000E+00 0.0000E+00 0.0000E+00 0.0000E+00 0.0000E+00 0.0000E+00
1.6110E-09 3.3959E-09 6.6197E-09 1.1736E-08 1.9261E-08 2.9168E-08 4.0824E-08 5.2973E-08 6.3892E-08 7.1920E-08 7.5808E-08 7.5065E-08 6.9942E-08 6.1360E-08 5.0678E-08 3.9394E-08 2.8770E-08 1.9713E-08 1.2607E-08 7.5247E-09 4.1470E-09 2.0921E-09 9.3154E-10 3.1020E-10 4.8069E-11 0.0000E+00 0.0000E+00 0.0000E+00 0.0000E+00 0.0000E+00 0.0000E+00 0.0000E+00 0.0000E+00 0.0000E+00 0.0000E+00 0.0000E+00 0.0000E+00 0.0000E+00 0.0000E+00 0.0000E+00 0.0000E+00 0.0000E+00 0.0000E+00 0.0000E+00 0.0000E+00 0.0000E+00 0.0000E+00 0.0000E+00 0.0000E+00 0.0000E+00 0.0000E+00 0.0000E+00 0.0000E+00 0.0000E+00 0.0000E+00 0.0000E+00 0.0000E+00
1.3928E-09 3.1660E-09 6.5551E-09 1.2249E-08 2.0822E-08 3.2202E-08 4.5638E-08 5.9438E-08 7.1632E-08 8.0260E-08 8.4050E-08 8.2586E-08 7.6365E-08 6.6526E-08 5.4626E-08 4.2285E-08 3.0823E-08 2.1094E-08 1.3534E-08 8.0889E-09 4.4757E-09 2.2552E-09 9.9176E-10 3.5444E-10 7.4217E-11 0.0000E+00 0.0000E+00 0.0000E+00 0.0000E+00 0.0000E+00 0.0000E+00 0.0000E+00 0.0000E+00 0.0000E+00 0.0000E+00 0.0000E+00 0.0000E+00 0.0000E+00 0.0000E+00 0.0000E+00 0.0000E+00 0.0000E+00 0.0000E+00 0.0000E+00 0.0000E+00 0.0000E+00 0.0000E+00 0.0000E+00 0.0000E+00 0.0000E+00 0.0000E+00 0.0000E+00 0.0000E+00 0.0000E+00 0.0000E+00 0.0000E+00 0.0000E+00
1.1908E-09 2.9421E-09 6.5022E-09 1.2828E-08 2.2527E-08 3.5575E-08 5.0909E-08 6.6437E-08 7.9696E-08 8.8642E-08 9.1936E-08 8.9400E-08 8.1842E-08 7.0714E-08 5.7763E-08 4.4605E-08 3.2504E-08 2.2330E-08 1.4428E-08 8.7100E-09 4.8586E-09 2.4715E-09 1.1342E-09 4.3634E-10 1.1510E-10 3.4456E-12 0.0000E+00 0.0000E+00 0.0000E+00 0.0000E+00 0.0000E+00 0.0000E+00 0.0000E+00 0.0000E+00 0.0000E+00 0.0000E+00 0.0000E+00 0.0000E+00 0.0000E+00 0.0000E+00 0.0000E+00 0.0000E+00 0.0000E+00 0.0000E+00 0.0000E+00 0.0000E+00 0.0000E+00 0.0000E+00 0.0000E+00 0.0000E+00 0.0000E+00 0.0000E+00 0.0000E+00 0.0000E+00 0.0000E+00 0.0000E+00 0.0000E+00
