Assets/Resources/2015_m01_d12_1600(utc+0800)_l00_csi_1hr_conc.grd
DSAA
         159         159
     -79.000      79.000
     -79.000      79.000
  0.0000E+00  0.3915E-05
[rows 25 to 49 of 159, columns 0 to 56 of 159]
1.7603E-09 1.8537E-09 1.9440E-09 2.0284E-09 2.1067E-09 2.1801E-09 2.2459E-09 2.3025E-09 2.3508E-09 2.3900E-09 2.4179E-09 2.4356E-09 2.4445E-09 2.4422E-09 2.4292E-09 2.4078E-09 2.3777E-09 2.3392E-09 2.2925E-09 2.2404E-09 2.1827E-09 2.1189E-09 2.0503E-09 1.9758E-09 1.8964E-09 1.8122E-09 1.7217E-09 1.6257E-09 1.5246E-09 1.4184E-09 1.3103E-09 1.1996E-09 1.0926E-09 9.8660E-10 8.8212E-10 7.8194E-10 6.8789E-10 6.0200E-10 5.2103E-10 4.4825E-10 3.8348E-10 3.2429E-10 2.6909E-10 2.2266E-10 1.8147E-10 1.4445E-10 1.1311E-10 8.6687E-11 6.4328E-11 4.7208E-11 2.9519E-11 1.6536E-11 5.9766E-12 0.0000E+00 0.0000E+00 0.0000E+00 0.0000E+00
1.9712E-09 2.0805E-09 2.1849E-09 2.2831E-09 2.3768E-09 2.4642E-09 2.5423E-09 2.6117E-09 2.6721E-09 2.7210E-09 2.7578E-09 2.7852E-09 2.8005E-09 2.8025E-09 2.7955E-09 2.7778E-09 2.7489E-09 2.7107E-09 2.6651E-09 2.6123E-09 2.5516E-09 2.4844E-09 2.4119E-09 2.3325E-09 2.2477E-09 2.1566E-09 2.0585E-09 1.9533E-09 1.8413E-09 1.7224E-09 1.5993E-09 1.4746E-09 1.3497E-09 1.2277E-09 1.1080E-09 9.9191E-10 8.8026E-10 7.7505E-10 6.7698E-10 5.8782E-10 5.0550E-10 4.3227E-10 3.6533E-10 3.0285E-10 2.4844E-10 2.0308E-10 1.6077E-10 1.2559E-10 9.6556E-11 7.1576E-11 4.9652E-11 3.1284E-11 1.7127E-11 6.5792E-12 2.1711E-16 0.0000E+00 0.0000E+00
2.1940E-09 2.3189E-09 2.4380E-09 2.5536E-09 2.6634E-09 2.7650E-09 2.8579E-09 2.9422E-09 3.0149E-09 3.0749E-09 3.1244E-09 3.1610E-09 3.1831E-09 3.1945E-09 3.1933E-09 3.1788E-09 3.1535E-09 3.1188E-09 3.0742E-09 3.0205E-09 2.9589E-09 2.8911E-09 2.8152E-09 2.7324E-09 2.6430E-09 2.5450E-09 2.4396E-09 2.3267E-09 2.2051E-09 2.0750E-09 1.9382E-09 1.7972E-09 1.6538E-09 1.5132E-09 1.3743E-09 1.2405E-09 1.1102E-09 9.8655E-10 8.6875E-10 7.5882E-10 6.5896E-10 5.6646E-10 4.8286E-10 4.0613E-10 3.4025E-10 2.7746E-10 2.2556E-10 1.7921E-10 1.3929E-10 1.0510E-10 7.7775E-11 5.3333E-11 3.1179E-11 1.6709E-11 6.5818E-12 5.7973E-13 0.0000E+00
2.4256E-09 2.5660E-09 2.7037E-09 2.8368E-09 2.9627E-09 3.0813E-09 3.1909E-09 3.2901E-09 3.3766E-09 3.4514E-09 3.5132E-09 3.5597E-09 3.5933E-09 3.6137E-09 3.6188E-09 3.6109E-09 3.5917E-09 3.5605E-09 3.5175E-09 3.4659E-09 3.4058E-09 3.3369E-09 3.2600E-09 3.1755E-09 3.0819E-09 2.9801E-09 2.8693E-09 2.7478E-09 2.6169E-09 2.4760E-09 2.3256E-09 2.1681E-09 2.0070E-09 1.8454E-09 1.6857E-09 1.5305E-09 1.3797E-09 1.2348E-09 1.0972E-09 9.6762E-10 8.4706E-10 7.3577E-10 6.3290E-10 5.3952E-10 4.5209E-10 3.7809E-10 3.0935E-10 2.5105E-10 1.9901E-10 1.5441E-10 1.1750E-10 8.6678E-11 6.0328E-11 3.8139E-11 2.0128E-11 9.1409E-12 1.9721E-12
2.6626E-09 2.8213E-09 2.9781E-09 3.1291E-09 3.2735E-09 3.4100E-09 3.5372E-09 3.6525E-09 3.7553E-09 3.8456E-09 3.9203E-09 3.9800E-09 4.0262E-09 4.0561E-09 4.0698E-09 4.0714E-09 4.0587E-09 4.0316E-09 3.9942E-09 3.9465E-09 3.8884E-09 3.8208E-09 3.7450E-09 3.6605E-09 3.5660E-09 3.4615E-09 3.3454E-09 3.2170E-09 3.0775E-09 2.9254E-09 2.7631E-09 2.5903E-09 2.4121E-09 2.2293E-09 2.0480E-09 1.8677E-09 1.6936E-09 1.5252E-09 1.3672E-09 1.2141E-09 1.0721E-09 9.3873E-10 8.1620E-10 6.9952E-10 5.9386E-10 4.9916E-10 4.1374E-10 3.3891E-10 2.7420E-10 2.1711E-10 1.6964E-10 1.2686E-10 9.5379E-11 6.6279E-11 4.3169E-11 2.3796E-11 1.1967E-11
2.9029E-09 3.0820E-09 3.2577E-09 3.4272E-09 3.5918E-09 3.7471E-09 3.8924E-09 4.0259E-09 4.1468E-09 4.2527E-09 4.3425E-09 4.4179E-09 4.4765E-09 4.5174E-09 4.5440E-09 4.5551E-09 4.5488E-09 4.5309E-09 4.5004E-09 4.4574E-09 4.4033E-09 4.3409E-09 4.2681E-09 4.1854E-09 4.0918E-09 3.9863E-09 3.8672E-09 3.7347E-09 3.5882E-09 3.4272E-09 3.2531E-09 3.0667E-09 2.8704E-09 2.6681E-09 2.4638E-09 2.2597E-09 2.0603E-09 1.8666E-09 1.6805E-09 1.5041E-09 1.3382E-09 1.1824E-09 1.0342E-09 8.9719E-10 7.6963E-10 6.5409E-10 5.5104E-10 4.5509E-10 3.7250E-10 3.0167E-10 2.3677E-10 1.8601E-10 1.4131E-10 1.0332E-10 7.1317E-11 4.5721E-11 2.6425E-11
3.1449E-09 3.3439E-09 3.5381E-09 3.7291E-09 3.9132E-09 4.0877E-09 4.2532E-09 4.4055E-09 4.5447E-09 4.6680E-09 4.7751E-09 4.8663E-09 4.9387E-09 4.9945E-09 5.0338E-09 5.0547E-09 5.0603E-09 5.0522E-09 5.0290E-09 4.9935E-09 4.9482E-09 4.8921E-09 4.8240E-09 4.7459E-09 4.6558E-09 4.5513E-09 4.4329E-09 4.2988E-09 4.1469E-09 3.9790E-09 3.7957E-09 3.5968E-09 3.3840E-09 3.1624E-09 2.9354E-09 2.7089E-09 2.4833E-09 2.2616E-09 2.0466E-09 1.8428E-09 1.6511E-09 1.4711E-09 1.2994E-09 1.1367E-09 9.8248E-10 8.4435E-10 7.1634E-10 6.0228E-10 4.9885E-10 4.0717E-10 3.2925E-10 2.6120E-10 2.0572E-10 1.5773E-10 1.1698E-10 8.0217E-11 5.4338E-11
3.3842E-09 3.6025E-09 3.8167E-09 4.0288E-09 4.2326E-09 4.4281E-09 4.6135E-09 4.7857E-09 4.9443E-09 5.0858E-09 5.2115E-09 5.3193E-09 5.4075E-09 5.4795E-09 5.5320E-09 5.5657E-09 5.5851E-09 5.5878E-09 5.5746E-09 5.5509E-09 5.5148E-09 5.4663E-09 5.4071E-09 5.3367E-09 5.2513E-09 5.1527E-09 5.0377E-09 4.9040E-09 4.7512E-09 4.5788E-09 4.3879E-09 4.1787E-09 3.9524E-09 3.7145E-09 3.4661E-09 3.2149E-09 2.9627E-09 2.7140E-09 2.4691E-09 2.2365E-09 2.0140E-09 1.8064E-09 1.6091E-09 1.4227E-09 1.2438E-09 1.0739E-09 9.2180E-10 7.8388E-10 6.6000E-10 5.4656E-10 4.4878E-10 3.6176E-10 2.8934E-10 2.2872E-10 1.7391E-10 1.2850E-10 8.9960E-11
3.6170E-09 3.8538E-09 4.0891E-09 4.3218E-09 4.5451E-09 4.7624E-09 4.9678E-09 5.1605E-09 5.3390E-09 5.4999E-09 5.6445E-09 5.7696E-09 5.8763E-09 5.9642E-09 6.0309E-09 6.0815E-09 6.1149E-09 6.1289E-09 6.1311E-09 6.1200E-09 6.0942E-09 6.0579E-09 6.0101E-09 5.9484E-09 5.8733E-09 5.7836E-09 5.6741E-09 5.5457E-09 5.3951E-09 5.2215E-09 5.0257E-09 4.8101E-09 4.5744E-09 4.3201E-09 4.0520E-09 3.7781E-09 3.5019E-09 3.2240E-09 2.9502E-09 2.6857E-09 2.4321E-09 2.1949E-09 1.9697E-09 1.7538E-09 1.5472E-09 1.3503E-09 1.1660E-09 1.0006E-09 8.5113E-10 7.1732E-10 5.9526E-10 4.8617E-10 3.9413E-10 3.1596E-10 2.4712E-10 1.8897E-10 1.3778E-10
3.8387E-09 4.0948E-09 4.3502E-09 4.6021E-09 4.8463E-09 5.0845E-09 5.3096E-09 5.5237E-09 5.7218E-09 5.9026E-09 6.0665E-09 6.2098E-09 6.3356E-09 6.4399E-09 6.5243E-09 6.5918E-09 6.6392E-09 6.6702E-09 6.6878E-09 6.6894E-09 6.6788E-09 6.6573E-09 6.6222E-09 6.5738E-09 6.5127E-09 6.4339E-09 6.3348E-09 6.2156E-09 6.0707E-09 5.8993E-09 5.7035E-09 5.4859E-09 5.2431E-09 4.9757E-09 4.6919E-09 4.3982E-09 4.0977E-09 3.7920E-09 3.4909E-09 3.1962E-09 2.9114E-09 2.6412E-09 2.3830E-09 2.1364E-09 1.9017E-09 1.6736E-09 1.4627E-09 1.2669E-09 1.0867E-09 9.2736E-10 7.8267E-10 6.4958E-10 5.3343E-10 4.3400E-10 3.4775E-10 2.7143E-10 2.0690E-10
4.0457E-09 4.3208E-09 4.5949E-09 4.8658E-09 5.1301E-09 5.3882E-09 5.6335E-09 5.8681E-09 6.0856E-09 6.2868E-09 6.4695E-09 6.6326E-09 6.7768E-09 6.8981E-09 7.0021E-09 7.0862E-09 7.1502E-09 7.2000E-09 7.2333E-09 7.2506E-09 7.2582E-09 7.2525E-09 7.2331E-09 7.2028E-09 7.1575E-09 7.0928E-09 7.0098E-09 6.9028E-09 6.7672E-09 6.6039E-09 6.4134E-09 6.1958E-09 5.9502E-09 5.6746E-09 5.3799E-09 5.0687E-09 4.7458E-09 4.4178E-09 4.0909E-09 3.7662E-09 3.4493E-09 3.1465E-09 2.8578E-09 2.5823E-09 2.3162E-09 2.0573E-09 1.8152E-09 1.5876E-09 1.3768E-09 1.1863E-09 1.0139E-09 8.5922E-10 7.1538E-10 5.9296E-10 4.8424E-10 3.8819E-10 3.0287E-10
4.2347E-09 4.5271E-09 4.8183E-09 5.1079E-09 5.3904E-09 5.6676E-09 5.9330E-09 6.1867E-09 6.4234E-09 6.6442E-09 6.8458E-09 7.0283E-09 7.1904E-09 7.3311E-09 7.4536E-09 7.5543E-09 7.6387E-09 7.7068E-09 7.7558E-09 7.7937E-09 7.8199E-09 7.8309E-09 7.8326E-09 7.8220E-09 7.7936E-09 7.7504E-09 7.6862E-09 7.5935E-09 7.4740E-09 7.3237E-09 7.1423E-09 6.9295E-09 6.6863E-09 6.4090E-09 6.1068E-09 5.7819E-09 5.4425E-09 5.0968E-09 4.7451E-09 4.3919E-09 4.0473E-09 3.7151E-09 3.3961E-09 3.0870E-09 2.7905E-09 2.5005E-09 2.2233E-09 1.9617E-09 1.7171E-09 1.4938E-09 1.2908E-09 1.1062E-09 9.3746E-10 7.8498E-10 6.5001E-10 5.2868E-10 4.2407E-10
4.4014E-09 4.7096E-09 5.0163E-09 5.3230E-09 5.6225E-09 5.9175E-09 6.2008E-09 6.4727E-09 6.7282E-09 6.9672E-09 7.1876E-09 7.3886E-09 7.5683E-09 7.7282E-09 7.8686E-09 7.9882E-09 8.0924E-09 8.1773E-09 8.2469E-09 8.3053E-09 8.3495E-09 8.3832E-09 8.4067E-09 8.4161E-09 8.4115E-09 8.3912E-09 8.3465E-09 8.2766E-09 8.1766E-09 8.0436E-09 7.8766E-09 7.6744E-09 7.4395E-09 7.1650E-09 6.8611E-09 6.5294E-09 6.1798E-09 5.8184E-09 5.4451E-09 5.0712E-09 4.7039E-09 4.3422E-09 3.9929E-09 3.6543E-09 3.3279E-09 3.0069E-09 2.6970E-09 2.4012E-09 2.1238E-09 1.8676E-09 1.6309E-09 1.4103E-09 1.2106E-09 1.0292E-09 8.6452E-10 7.1539E-10 5.8052E-10
4.5424E-09 4.8640E-09 5.1848E-09 5.5067E-09 5.8209E-09 6.1322E-09 6.4321E-09 6.7201E-09 6.9923E-09 7.2488E-09 7.4867E-09 7.7044E-09 7.9025E-09 8.0800E-09 8.2380E-09 8.3773E-09 8.5001E-09 8.6028E-09 8.6940E-09 8.7724E-09 8.8372E-09 8.8945E-09 8.9406E-09 8.9731E-09 8.9953E-09 8.9988E-09 8.9793E-09 8.9351E-09 8.8583E-09 8.7472E-09 8.6004E-09 8.4163E-09 8.1922E-09 7.9283E-09 7.6296E-09 7.2979E-09 6.9434E-09 6.5711E-09 6.1876E-09 5.7974E-09 5.4098E-09 5.0223E-09 4.6497E-09 4.2862E-09 3.9303E-09 3.5799E-09 3.2380E-09 2.9082E-09 2.5968E-09 2.3042E-09 2.0304E-09 1.7731E-09 1.5394E-09 1.3254E-09 1.1349E-09 9.5603E-10 7.8845E-10
4.6547E-09 4.9874E-09 5.3199E-09 5.6547E-09 5.9815E-09 6.3065E-09 6.6204E-09 6.9232E-09 7.2101E-09 7.4821E-09 7.7353E-09 7.9695E-09 8.1839E-09 8.3774E-09 8.5534E-09 8.7107E-09 8.8505E-09 8.9734E-09 9.0852E-09 9.1828E-09 9.2712E-09 9.3515E-09 9.4201E-09 9.4800E-09 9.5289E-09 9.5574E-09 9.5685E-09 9.5514E-09 9.5017E-09 9.4184E-09 9.2964E-09 9.1341E-09 8.9293E-09 8.6816E-09 8.3944E-09 8.0707E-09 7.7176E-09 7.3456E-09 6.9566E-09 6.5560E-09 6.1542E-09 5.7529E-09 5.3614E-09 4.9743E-09 4.5929E-09 4.2183E-09 3.8473E-09 3.4866E-09 3.1419E-09 2.8140E-09 2.5034E-09 2.2122E-09 1.9392E-09 1.6878E-09 1.4614E-09 1.2506E-09 1.0484E-09
4.7356E-09 5.0769E-09 5.4185E-09 5.7631E-09 6.1005E-09 6.4368E-09 6.7621E-09 7.0765E-09 7.3765E-09 7.6614E-09 7.9279E-09 8.1764E-09 8.4049E-09 8.6139E-09 8.8063E-09 8.9793E-09 9.1363E-09 9.2785E-09 9.4086E-09 9.5271E-09 9.6381E-09 9.7408E-09 9.8344E-09 9.9217E-09 9.9958E-09 1.0055E-08 1.0096E-08 1.0108E-08 1.0091E-08 1.0037E-08 9.9447E-09 9.8106E-09 9.6300E-09 9.4053E-09 9.1359E-09 8.8280E-09 8.4881E-09 8.1232E-09 7.7360E-09 7.3351E-09 6.9302E-09 6.5201E-09 6.1150E-09 5.7126E-09 5.3165E-09 4.9222E-09 4.5254E-09 4.1372E-09 3.7624E-09 3.3988E-09 3.0524E-09 2.7237E-09 2.4130E-09 2.1199E-09 1.8517E-09 1.6041E-09 1.3701E-09
4.7833E-09 5.1304E-09 5.4782E-09 5.8298E-09 6.1747E-09 6.5192E-09 6.8529E-09 7.1767E-09 7.4868E-09 7.7812E-09 8.0597E-09 8.3195E-09 8.5597E-09 8.7826E-09 8.9886E-09 9.1761E-09 9.3494E-09 9.5085E-09 9.6566E-09 9.7951E-09 9.9271E-09 1.0052E-08 1.0171E-08 1.0284E-08 1.0384E-08 1.0475E-08 1.0545E-08 1.0591E-08 1.0607E-08 1.0585E-08 1.0527E-08 1.0425E-08 1.0275E-08 1.0079E-08 9.8352E-09 9.5513E-09 9.2321E-09 8.8835E-09 8.5081E-09 8.1196E-09 7.7177E-09 7.3081E-09 6.9007E-09 6.4958E-09 6.0903E-09 5.6794E-09 5.2662E-09 4.8561E-09 4.4552E-09 4.0614E-09 3.6848E-09 3.3217E-09 2.9752E-09 2.6408E-09 2.3335E-09 2.0470E-09 1.7751E-09
4.7964E-09 5.1463E-09 5.4974E-09 5.8526E-09 6.2021E-09 6.5516E-09 6.8910E-09 7.2207E-09 7.5379E-09 7.8396E-09 8.1264E-09 8.3940E-09 8.6449E-09 8.8784E-09 9.0952E-09 9.2955E-09 9.4831E-09 9.6568E-09 9.8215E-09 9.9775E-09 1.0129E-08 1.0275E-08 1.0417E-08 1.0554E-08 1.0684E-08 1.0803E-08 1.0903E-08 1.0983E-08 1.1032E-08 1.1046E-08 1.1023E-08 1.0956E-08 1.0843E-08 1.0681E-08 1.0471E-08 1.0218E-08 9.9293E-09 9.6049E-09 9.2555E-09 8.8856E-09 8.4968E-09 8.1030E-09 7.7057E-09 7.3058E-09 6.8969E-09 6.4834E-09 6.0645E-09 5.6403E-09 5.2202E-09 4.8041E-09 4.4004E-09 4.0054E-09 3.6233E-09 3.2522E-09 2.9014E-09 2.5711E-09 2.2547E-09
4.7746E-09 5.1242E-09 5.4755E-09 5.8312E-09 6.1817E-09 6.5328E-09 6.8747E-09 7.2071E-09 7.5277E-09 7.8338E-09 8.1258E-09 8.3989E-09 8.6568E-09 8.8970E-09 9.1234E-09 9.3332E-09 9.5315E-09 9.7186E-09 9.8975E-09 1.0069E-08 1.0237E-08 1.0403E-08 1.0566E-08 1.0726E-08 1.0881E-08 1.1027E-08 1.1157E-08 1.1270E-08 1.1352E-08 1.1403E-08 1.1417E-08 1.1387E-08 1.1314E-08 1.1191E-08 1.1021E-08 1.0808E-08 1.0554E-08 1.0268E-08 9.9524E-09 9.6104E-09 9.2509E-09 8.8842E-09 8.5072E-09 8.1199E-09 7.7266E-09 7.3232E-09 6.9051E-09 6.4782E-09 6.0493E-09 5.6192E-09 5.1952E-09 4.7772E-09 4.3641E-09 3.9610E-09 3.5672E-09 3.1954E-09 2.8356E-09
4.7179E-09 5.0641E-09 5.4125E-09 5.7655E-09 6.1134E-09 6.4632E-09 6.8041E-09 7.1352E-09 7.4567E-09 7.7635E-09 8.0567E-09 8.3328E-09 8.5944E-09 8.8391E-09 9.0711E-09 9.2873E-09 9.4949E-09 9.6911E-09 9.8804E-09 1.0065E-08 1.0248E-08 1.0430E-08 1.0611E-08 1.0791E-08 1.0969E-08 1.1139E-08 1.1298E-08 1.1440E-08 1.1554E-08 1.1641E-08 1.1692E-08 1.1702E-08 1.1670E-08 1.1590E-08 1.1466E-08 1.1297E-08 1.1088E-08 1.0848E-08 1.0574E-08 1.0273E-08 9.9567E-09 9.6260E-09 9.2796E-09 8.9259E-09 8.5598E-09 8.1761E-09 7.7715E-09 7.3575E-09 6.9322E-09 6.4990E-09 6.0665E-09 5.6321E-09 5.1964E-09 4.7638E-09 4.3384E-09 3.9293E-09 3.5257E-09
4.6276E-09 4.9673E-09 5.3097E-09 5.6566E-09 5.9991E-09 6.3438E-09 6.6801E-09 7.0074E-09 7.3258E-09 7.6294E-09 7.9216E-09 8.1966E-09 8.4579E-09 8.7046E-09 8.9389E-09 9.1583E-09 9.3716E-09 9.5735E-09 9.7714E-09 9.9651E-09 1.0158E-08 1.0354E-08 1.0549E-08 1.0745E-08 1.0942E-08 1.1134E-08 1.1318E-08 1.1486E-08 1.1630E-08 1.1751E-08 1.1837E-08 1.1887E-08 1.1895E-08 1.1861E-08 1.1787E-08 1.1667E-08 1.1510E-08 1.1322E-08 1.1098E-08 1.0852E-08 1.0587E-08 1.0302E-08 1.0006E-08 9.6970E-09 9.3695E-09 9.0187E-09 8.6487E-09 8.2587E-09 7.8486E-09 7.4286E-09 7.0015E-09 6.5628E-09 6.1179E-09 5.6700E-09 5.2229E-09 4.7791E-09 4.3356E-09
4.5054E-09 4.8356E-09 5.1690E-09 5.5068E-09 5.8406E-09 6.1772E-09 6.5056E-09 6.8257E-09 7.1376E-09 7.4354E-09 7.7226E-09 7.9930E-09 8.2517E-09 8.4961E-09 8.7288E-09 8.9493E-09 9.1643E-09 9.3686E-09 9.5713E-09 9.7703E-09 9.9708E-09 1.0175E-08 1.0380E-08 1.0590E-08 1.0801E-08 1.1010E-08 1.1213E-08 1.1403E-08 1.1575E-08 1.1724E-08 1.1844E-08 1.1933E-08 1.1981E-08 1.1992E-08 1.1967E-08 1.1901E-08 1.1801E-08 1.1669E-08 1.1506E-08 1.1322E-08 1.1115E-08 1.0893E-08 1.0658E-08 1.0405E-08 1.0129E-08 9.8312E-09 9.5087E-09 9.1552E-09 8.7829E-09 8.3924E-09 7.9833E-09 7.5569E-09 7.1177E-09 6.6677E-09 6.2067E-09 5.7393E-09 5.2703E-09
4.3536E-09 4.6719E-09 4.9935E-09 5.3190E-09 5.6415E-09 5.9667E-09 6.2843E-09 6.5940E-09 6.8959E-09 7.1852E-09 7.4640E-09 7.7268E-09 7.9795E-09 8.2182E-09 8.4471E-09 8.6644E-09 8.8770E-09 9.0814E-09 9.2845E-09 9.4851E-09 9.6894E-09 9.8977E-09 1.0109E-08 1.0326E-08 1.0547E-08 1.0768E-08 1.0986E-08 1.1193E-08 1.1387E-08 1.1559E-08 1.1710E-08 1.1832E-08 1.1920E-08 1.1975E-08 1.1998E-08 1.1988E-08 1.1947E-08 1.1876E-08 1.1779E-08 1.1661E-08 1.1524E-08 1.1375E-08 1.1208E-08 1.1022E-08 1.0817E-08 1.0585E-08 1.0320E-08 1.0024E-08 9.7078E-09 9.3611E-09 8.9884E-09 8.5959E-09 8.1798E-09 7.7422E-09 7.2839E-09 6.8169E-09 6.3299E-09
4.1754E-09 4.4793E-09 4.7863E-09 5.0972E-09 5.4059E-09 5.7171E-09 6.0208E-09 6.3174E-09 6.6068E-09 6.8842E-09 7.1515E-09 7.4045E-09 7.6476E-09 7.8776E-09 8.0997E-09 8.3106E-09 8.5185E-09 8.7184E-09 8.9180E-09 9.1170E-09 9.3208E-09 9.5282E-09 9.7411E-09 9.9615E-09 1.0186E-08 1.0414E-08 1.0640E-08 1.0861E-08 1.1069E-08 1.1261E-08 1.1437E-08 1.1587E-08 1.1712E-08 1.1807E-08 1.1876E-08 1.1919E-08 1.1936E-08 1.1930E-08 1.1900E-08 1.1854E-08 1.1794E-08 1.1722E-08 1.1632E-08 1.1527E-08 1.1401E-08 1.1246E-08 1.1057E-08 1.0840E-08 1.0591E-08 1.0305E-08 9.9955E-09 9.6529E-09 9.2791E-09 8.8739E-09 8.4450E-09 7.9917E-09 7.5048E-09
3.9739E-09 4.2618E-09 4.5516E-09 4.8465E-09 5.1388E-09 5.4331E-09 5.7208E-09 6.0020E-09 6.2762E-09 6.5390E-09 6.7928E-09 7.0329E-09 7.2636E-09 7.4829E-09 7.6947E-09 7.8958E-09 8.0961E-09 8.2886E-09 8.4820E-09 8.6751E-09 8.8742E-09 9.0771E-09 9.2871E-09 9.5049E-09 9.7285E-09 9.9579E-09 1.0187E-08 1.0414E-08 1.0631E-08 1.0837E-08 1.1029E-08 1.1203E-08 1.1359E-08 1.1489E-08 1.1602E-08 1.1694E-08 1.1767E-08 1.1823E-08 1.1861E-08 1.1890E-08 1.1908E-08 1.1916E-08 1.1912E-08 1.1896E-08 1.1857E-08 1.1789E-08 1.1691E-08 1.1564E-08 1.1396E-08 1.1198E-08 1.0966E-08 1.0693E-08 1.0383E-08 1.0040E-08 9.6625E-09 9.2417E-09 8.7852E-09
