Assets/Resources/2015_m01_d12_2100(utc+0800)_l00_csi_1hr_conc.grd
DSAA
         159         159
     -79.000      79.000
     -79.000      79.000
  0.0000E+00  0.3662E-05
[rows 50 to 74 of 159, columns 0 to 56 of 159]
4.6188E-09 4.9174E-09 5.2149E-09 5.5192E-09 5.8253E-09 6.1368E-09 6.4485E-09 6.7584E-09 7.0664E-09 7.3680E-09 7.6609E-09 7.9433E-09 8.2107E-09 8.4615E-09 8.6914E-09 8.8969E-09 9.0759E-09 9.2247E-09 9.3374E-09 9.4105E-09 9.4455E-09 9.4385E-09 9.3847E-09 9.2875E-09 9.1480E-09 8.9649E-09 8.7421E-09 8.4845E-09 8.1881E-09 7.8567E-09 7.4947E-09 7.1090E-09 6.6986E-09 6.2648E-09 5.8133E-09 5.3509E-09 4.8822E-09 4.4134E-09 3.9525E-09 3.5043E-09 3.0740E-09 2.6663E-09 2.2880E-09 1.9397E-09 1.6228E-09 1.3397E-09 1.0889E-09 8.6903E-10 6.8181E-10 5.2321E-10 3.9082E-10 2.8328E-10 1.8545E-10 1.1111E-10 6.3017E-11 4.7834E-11 3.1558E-11
4.6734E-09 4.9825E-09 5.2929E-09 5.6079E-09 5.9292E-09 6.2563E-09 6.5829E-09 6.9123E-09 7.2387E-09 7.5600E-09 7.8757E-09 8.1798E-09 8.4710E-09 8.7461E-09 8.9994E-09 9.2318E-09 9.4354E-09 9.6069E-09 9.7457E-09 9.8462E-09 9.9032E-09 9.9155E-09 9.8829E-09 9.8059E-09 9.6843E-09 9.5149E-09 9.3035E-09 9.0522E-09 8.7573E-09 8.4267E-09 8.0610E-09 7.6599E-09 7.2278E-09 6.7697E-09 6.2883E-09 5.7922E-09 5.2863E-09 4.7782E-09 4.2759E-09 3.7865E-09 3.3158E-09 2.8716E-09 2.4583E-09 2.0771E-09 1.7343E-09 1.4262E-09 1.1545E-09 9.1817E-10 7.1258E-10 5.4007E-10 3.9818E-10 2.8137E-10 1.7717E-10 1.0229E-10 6.6571E-11 5.1450E-11 3.5721E-11
4.7104E-09 5.0311E-09 5.3504E-09 5.6766E-09 6.0133E-09 6.3521E-09 6.6964E-09 7.0425E-09 7.3861E-09 7.7298E-09 8.0652E-09 8.3915E-09 8.7073E-09 9.0056E-09 9.2861E-09 9.5437E-09 9.7746E-09 9.9765E-09 1.0143E-08 1.0271E-08 1.0354E-08 1.0395E-08 1.0391E-08 1.0336E-08 1.0236E-08 1.0089E-08 9.8914E-09 9.6517E-09 9.3693E-09 9.0400E-09 8.6670E-09 8.2541E-09 7.8042E-09 7.3196E-09 6.8063E-09 6.2719E-09 5.7246E-09 5.1734E-09 4.6273E-09 4.0940E-09 3.5817E-09 3.0950E-09 2.6379E-09 2.2245E-09 1.8501E-09 1.5155E-09 1.2212E-09 9.6620E-10 7.4652E-10 5.5835E-10 4.0367E-10 2.7196E-10 1.6688E-10 9.1304E-11 6.9768E-11 5.4515E-11 3.9096E-11
4.7302E-09 5.0602E-09 5.3872E-09 5.7260E-09 6.0731E-09 6.4259E-09 6.7860E-09 7.1458E-09 7.5103E-09 7.8715E-09 8.2264E-09 8.5775E-09 8.9151E-09 9.2385E-09 9.5475E-09 9.8342E-09 1.0097E-08 1.0330E-08 1.0526E-08 1.0687E-08 1.0806E-08 1.0877E-08 1.0904E-08 1.0881E-08 1.0807E-08 1.0688E-08 1.0518E-08 1.0295E-08 1.0024E-08 9.7011E-09 9.3253E-09 8.9006E-09 8.4284E-09 7.9142E-09 7.3652E-09 6.7893E-09 6.1974E-09 5.5996E-09 5.0057E-09 4.4249E-09 3.8662E-09 3.3376E-09 2.8413E-09 2.3808E-09 1.9699E-09 1.6071E-09 1.2878E-09 1.0129E-09 7.7913E-10 5.7859E-10 4.1074E-10 2.6127E-10 1.5542E-10 9.2349E-11 7.2625E-11 5.7010E-11 4.1955E-11
4.7318E-09 5.0685E-09 5.4049E-09 5.7520E-09 6.1090E-09 6.4767E-09 6.8473E-09 7.2246E-09 7.6056E-09 7.9820E-09 8.3614E-09 8.7315E-09 9.0929E-09 9.4489E-09 9.7852E-09 1.0103E-08 1.0398E-08 1.0666E-08 1.0900E-08 1.1097E-08 1.1252E-08 1.1359E-08 1.1423E-08 1.1440E-08 1.1406E-08 1.1319E-08 1.1178E-08 1.0982E-08 1.0726E-08 1.0411E-08 1.0033E-08 9.5944E-09 9.0999E-09 8.5549E-09 7.9675E-09 7.3488E-09 6.7099E-09 6.0618E-09 5.4156E-09 4.7827E-09 4.1724E-09 3.5938E-09 3.0547E-09 2.5540E-09 2.1004E-09 1.6997E-09 1.3542E-09 1.0593E-09 8.1107E-10 5.9962E-10 4.1291E-10 2.5079E-10 1.4277E-10 9.5718E-11 7.5081E-11 5.9077E-11 4.4283E-11
4.7137E-09 5.0572E-09 5.4011E-09 5.7539E-09 6.1233E-09 6.4993E-09 6.8822E-09 7.2761E-09 7.6678E-09 8.0659E-09 8.4636E-09 8.8563E-09 9.2489E-09 9.6284E-09 9.9955E-09 1.0351E-08 1.0681E-08 1.0986E-08 1.1261E-08 1.1496E-08 1.1692E-08 1.1848E-08 1.1958E-08 1.2019E-08 1.2029E-08 1.1985E-08 1.1881E-08 1.1714E-08 1.1479E-08 1.1171E-08 1.0790E-08 1.0338E-08 9.8206E-09 9.2433E-09 8.6166E-09 7.9535E-09 7.2649E-09 6.5627E-09 5.8603E-09 5.1697E-09 4.5027E-09 3.8697E-09 3.2795E-09 2.7377E-09 2.2396E-09 1.7970E-09 1.4212E-09 1.1048E-09 8.4086E-10 6.2216E-10 4.1206E-10 2.4122E-10 1.3149E-10 9.8442E-11 7.7083E-11 6.0632E-11 4.6010E-11
4.6766E-09 5.0265E-09 5.3737E-09 5.7338E-09 6.1116E-09 6.4941E-09 6.8916E-09 7.2938E-09 7.7026E-09 8.1207E-09 8.5348E-09 8.9555E-09 9.3704E-09 9.7808E-09 1.0186E-08 1.0572E-08 1.0941E-08 1.1289E-08 1.1603E-08 1.1888E-08 1.2138E-08 1.2343E-08 1.2506E-08 1.2621E-08 1.2686E-08 1.2691E-08 1.2630E-08 1.2494E-08 1.2279E-08 1.1980E-08 1.1598E-08 1.1133E-08 1.0592E-08 9.9821E-09 9.3170E-09 8.6066E-09 7.8642E-09 7.1043E-09 6.3401E-09 5.5868E-09 4.8574E-09 4.1638E-09 3.5166E-09 2.9225E-09 2.3883E-09 1.9044E-09 1.4854E-09 1.1464E-09 8.6968E-10 6.3966E-10 4.1921E-10 2.3992E-10 1.3370E-10 1.0046E-10 7.8584E-11 6.1795E-11 4.7214E-11
4.6213E-09 4.9747E-09 5.3241E-09 5.6909E-09 6.0720E-09 6.4649E-09 6.8708E-09 7.2830E-09 7.7109E-09 8.1410E-09 8.5788E-09 9.0218E-09 9.4634E-09 9.9088E-09 1.0343E-08 1.0767E-08 1.1180E-08 1.1570E-08 1.1936E-08 1.2276E-08 1.2578E-08 1.2845E-08 1.3074E-08 1.3252E-08 1.3373E-08 1.3432E-08 1.3414E-08 1.3312E-08 1.3121E-08 1.2835E-08 1.2454E-08 1.1977E-08 1.1414E-08 1.0775E-08 1.0070E-08 9.3100E-09 8.5102E-09 7.6870E-09 6.8559E-09 6.0349E-09 5.2368E-09 4.4773E-09 3.7674E-09 3.1176E-09 2.5351E-09 2.0243E-09 1.5664E-09 1.1868E-09 8.9274E-10 6.4898E-10 4.2937E-10 2.4740E-10 1.4495E-10 1.0167E-10 7.9548E-11 6.2536E-11 4.7938E-11
4.5478E-09 4.9017E-09 5.2536E-09 5.6232E-09 6.0086E-09 6.4097E-09 6.8208E-09 7.2471E-09 7.6853E-09 8.1314E-09 8.5931E-09 9.0560E-09 9.5295E-09 1.0001E-08 1.0471E-08 1.0940E-08 1.1393E-08 1.1836E-08 1.2256E-08 1.2651E-08 1.3023E-08 1.3360E-08 1.3654E-08 1.3900E-08 1.4086E-08 1.4200E-08 1.4230E-08 1.4165E-08 1.4001E-08 1.3729E-08 1.3350E-08 1.2865E-08 1.2285E-08 1.1616E-08 1.0868E-08 1.0056E-08 9.1954E-09 8.3031E-09 7.4003E-09 6.5033E-09 5.6316E-09 4.7991E-09 4.0217E-09 3.3123E-09 2.6784E-09 2.1266E-09 1.6578E-09 1.2471E-09 9.1478E-10 6.5172E-10 4.3875E-10 2.6779E-10 1.6311E-10 1.0446E-10 7.9951E-11 6.2837E-11 4.8130E-11
4.4559E-09 4.8087E-09 5.1625E-09 5.5318E-09 5.9217E-09 6.3261E-09 6.7440E-09 7.1799E-09 7.6285E-09 8.0949E-09 8.5715E-09 9.0595E-09 9.5598E-09 1.0062E-08 1.0574E-08 1.1082E-08 1.1584E-08 1.2077E-08 1.2558E-08 1.3023E-08 1.3463E-08 1.3872E-08 1.4242E-08 1.4560E-08 1.4814E-08 1.4988E-08 1.5070E-08 1.5047E-08 1.4913E-08 1.4661E-08 1.4287E-08 1.3802E-08 1.3205E-08 1.2507E-08 1.1715E-08 1.0847E-08 9.9199E-09 8.9570E-09 7.9761E-09 6.9978E-09 6.0451E-09 5.1363E-09 4.2896E-09 3.5183E-09 2.8319E-09 2.2380E-09 1.7349E-09 1.3213E-09 9.5991E-10 6.5357E-10 4.4489E-10 3.0323E-10 1.8985E-10 1.1225E-10 7.9779E-11 6.2688E-11 4.7880E-11
4.3459E-09 4.6975E-09 5.0493E-09 5.4177E-09 5.8097E-09 6.2147E-09 6.6393E-09 7.0826E-09 7.5434E-09 8.0222E-09 8.5173E-09 9.0313E-09 9.5548E-09 1.0094E-08 1.0641E-08 1.1191E-08 1.1746E-08 1.2295E-08 1.2842E-08 1.3376E-08 1.3890E-08 1.4378E-08 1.4828E-08 1.5223E-08 1.5547E-08 1.5785E-08 1.5923E-08 1.5949E-08 1.5848E-08 1.5620E-08 1.5266E-08 1.4779E-08 1.4166E-08 1.3436E-08 1.2601E-08 1.1674E-08 1.0677E-08 9.6350E-09 8.5702E-09 7.5067E-09 6.4680E-09 5.4790E-09 4.5596E-09 3.7264E-09 2.9896E-09 2.3553E-09 1.8240E-09 1.3800E-09 1.0057E-09 6.9080E-10 4.6049E-10 3.3461E-10 2.2156E-10 1.3163E-10 8.2519E-11 6.2087E-11 4.7158E-11
4.2184E-09 4.5664E-09 4.9145E-09 5.2805E-09 5.6709E-09 6.0780E-09 6.5063E-09 6.9545E-09 7.4259E-09 7.9170E-09 8.4311E-09 8.9647E-09 9.5169E-09 1.0089E-08 1.0670E-08 1.1267E-08 1.1872E-08 1.2483E-08 1.3096E-08 1.3703E-08 1.4297E-08 1.4868E-08 1.5399E-08 1.5872E-08 1.6270E-08 1.6579E-08 1.6778E-08 1.6852E-08 1.6799E-08 1.6605E-08 1.6267E-08 1.5787E-08 1.5160E-08 1.4396E-08 1.3515E-08 1.2527E-08 1.1457E-08 1.0329E-08 9.1772E-09 8.0238E-09 6.8983E-09 5.8284E-09 4.8377E-09 3.9434E-09 3.1587E-09 2.4873E-09 1.9279E-09 1.4574E-09 1.0684E-09 7.4205E-10 5.2194E-10 3.5914E-10 2.5023E-10 1.5708E-10 9.0487E-11 6.1643E-11 4.5943E-11
4.0741E-09 4.4164E-09 4.7581E-09 5.1205E-09 5.5085E-09 5.9149E-09 6.3438E-09 6.7974E-09 7.2756E-09 7.7793E-09 8.3085E-09 8.8612E-09 9.4402E-09 1.0039E-08 1.0660E-08 1.1302E-08 1.1959E-08 1.2633E-08 1.3315E-08 1.3998E-08 1.4674E-08 1.5327E-08 1.5938E-08 1.6492E-08 1.6970E-08 1.7349E-08 1.7614E-08 1.7751E-08 1.7748E-08 1.7596E-08 1.7281E-08 1.6802E-08 1.6165E-08 1.5370E-08 1.4436E-08 1.3387E-08 1.2242E-08 1.1031E-08 9.7852E-09 8.5413E-09 7.3282E-09 6.1793E-09 5.1190E-09 4.1684E-09 3.3383E-09 2.6325E-09 2.0444E-09 1.5454E-09 1.1410E-09 8.3365E-10 6.0534E-10 4.0740E-10 2.7532E-10 1.8378E-10 1.0390E-10 6.2458E-11 4.4110E-11
3.9121E-09 4.2471E-09 4.5828E-09 4.9382E-09 5.3216E-09 5.7250E-09 6.1535E-09 6.6098E-09 7.0933E-09 7.6059E-09 8.1462E-09 8.7172E-09 9.3176E-09 9.9451E-09 1.0605E-08 1.1290E-08 1.2002E-08 1.2737E-08 1.3487E-08 1.4247E-08 1.5002E-08 1.5734E-08 1.6429E-08 1.7066E-08 1.7622E-08 1.8079E-08 1.8418E-08 1.8624E-08 1.8679E-08 1.8566E-08 1.8278E-08 1.7806E-08 1.7153E-08 1.6332E-08 1.5352E-08 1.4235E-08 1.3013E-08 1.1718E-08 1.0383E-08 9.0497E-09 7.7533E-09 6.5303E-09 5.4089E-09 4.4090E-09 3.5402E-09 2.8044E-09 2.1802E-09 1.6537E-09 1.2418E-09 9.4824E-10 7.0646E-10 4.8052E-10 3.1921E-10 2.0903E-10 1.2733E-10 6.6485E-11 4.1887E-11
3.7357E-09 4.0612E-09 4.3873E-09 4.7341E-09 5.1118E-09 5.5092E-09 5.9355E-09 6.3912E-09 6.8763E-09 7.3936E-09 7.9447E-09 8.5307E-09 9.1496E-09 9.8063E-09 1.0500E-08 1.1228E-08 1.1992E-08 1.2785E-08 1.3602E-08 1.4434E-08 1.5263E-08 1.6075E-08 1.6852E-08 1.7569E-08 1.8208E-08 1.8747E-08 1.9167E-08 1.9443E-08 1.9557E-08 1.9489E-08 1.9225E-08 1.8765E-08 1.8104E-08 1.7249E-08 1.6224E-08 1.5047E-08 1.3747E-08 1.2369E-08 1.0949E-08 9.5334E-09 8.1630E-09 6.8782E-09 5.7091E-09 4.6691E-09 3.7694E-09 3.0027E-09 2.3477E-09 1.8105E-09 1.3956E-09 1.0777E-09 8.0155E-10 5.7837E-10 3.9600E-10 2.4336E-10 1.4835E-10 7.7151E-11 4.0609E-11
3.5442E-09 3.8581E-09 4.1731E-09 4.5099E-09 4.8787E-09 5.2690E-09 5.6887E-09 6.1402E-09 6.6250E-09 7.1449E-09 7.7033E-09 8.2990E-09 8.9357E-09 9.6174E-09 1.0340E-08 1.1109E-08 1.1919E-08 1.2765E-08 1.3644E-08 1.4540E-08 1.5440E-08 1.6328E-08 1.7181E-08 1.7980E-08 1.8705E-08 1.9329E-08 1.9828E-08 2.0175E-08 2.0348E-08 2.0324E-08 2.0092E-08 1.9640E-08 1.8972E-08 1.8093E-08 1.7020E-08 1.5785E-08 1.4419E-08 1.2962E-08 1.1466E-08 9.9856E-09 8.5595E-09 7.2331E-09 6.0291E-09 4.9639E-09 4.0492E-09 3.2589E-09 2.5793E-09 2.0235E-09 1.5903E-09 1.2345E-09 9.3603E-10 6.8341E-10 4.6744E-10 3.1535E-10 1.7438E-10 9.2676E-11 4.1189E-11
3.3393E-09 3.6407E-09 3.9419E-09 4.2678E-09 4.6240E-09 5.0035E-09 5.4157E-09 5.8607E-09 6.3413E-09 6.8609E-09 7.4204E-09 8.0227E-09 8.6737E-09 9.3726E-09 1.0121E-08 1.0924E-08 1.1772E-08 1.2666E-08 1.3596E-08 1.4549E-08 1.5513E-08 1.6469E-08 1.7397E-08 1.8278E-08 1.9085E-08 1.9790E-08 2.0365E-08 2.0780E-08 2.1011E-08 2.1032E-08 2.0828E-08 2.0392E-08 1.9716E-08 1.8813E-08 1.7705E-08 1.6411E-08 1.4982E-08 1.3470E-08 1.1924E-08 1.0398E-08 8.9427E-09 7.5953E-09 6.3873E-09 5.3249E-09 4.3938E-09 3.5768E-09 2.8773E-09 2.2985E-09 1.8292E-09 1.4290E-09 1.0827E-09 8.0265E-10 5.7633E-10 3.7693E-10 2.4005E-10 1.2875E-10 4.5284E-11
3.1230E-09 3.4095E-09 3.6962E-09 4.0080E-09 4.3506E-09 4.7181E-09 5.1193E-09 5.5541E-09 6.0265E-09 6.5406E-09 7.0967E-09 7.7019E-09 8.3601E-09 9.0695E-09 9.8390E-09 1.0664E-08 1.1543E-08 1.2473E-08 1.3444E-08 1.4445E-08 1.5463E-08 1.6481E-08 1.7479E-08 1.8433E-08 1.9314E-08 2.0093E-08 2.0736E-08 2.1216E-08 2.1500E-08 2.1566E-08 2.1394E-08 2.0966E-08 2.0290E-08 1.9368E-08 1.8220E-08 1.6895E-08 1.5434E-08 1.3888E-08 1.2326E-08 1.0792E-08 9.3517E-09 8.0283E-09 6.8342E-09 5.7664E-09 4.8197E-09 3.9780E-09 3.2558E-09 2.6358E-09 2.1146E-09 1.6637E-09 1.2783E-09 9.6109E-10 6.8639E-10 4.8096E-10 3.1509E-10 1.6141E-10 7.4672E-11
2.8988E-09 3.1680E-09 3.4394E-09 3.7357E-09 4.0629E-09 4.4145E-09 4.8017E-09 5.2224E-09 5.6825E-09 6.1857E-09 6.7335E-09 7.3367E-09 7.9933E-09 8.7062E-09 9.4864E-09 1.0324E-08 1.1222E-08 1.2175E-08 1.3175E-08 1.4214E-08 1.5276E-08 1.6345E-08 1.7400E-08 1.8415E-08 1.9358E-08 2.0198E-08 2.0904E-08 2.1438E-08 2.1773E-08 2.1877E-08 2.1726E-08 2.1314E-08 2.0630E-08 1.9693E-08 1.8536E-08 1.7195E-08 1.5730E-08 1.4196E-08 1.2672E-08 1.1199E-08 9.8073E-09 8.5375E-09 7.3791E-09 6.3307E-09 5.3754E-09 4.4944E-09 3.6976E-09 3.0270E-09 2.4483E-09 1.9403E-09 1.5038E-09 1.1416E-09 8.5049E-10 6.1042E-10 3.9003E-10 2.3221E-10 1.1415E-10
2.6705E-09 2.9210E-09 3.1751E-09 3.4537E-09 3.7629E-09 4.0959E-09 4.4651E-09 4.8674E-09 5.3118E-09 5.7988E-09 6.3327E-09 6.9264E-09 7.5729E-09 8.2821E-09 9.0604E-09 9.8979E-09 1.0803E-08 1.1766E-08 1.2782E-08 1.3844E-08 1.4936E-08 1.6041E-08 1.7137E-08 1.8195E-08 1.9184E-08 2.0075E-08 2.0827E-08 2.1407E-08 2.1778E-08 2.1906E-08 2.1777E-08 2.1369E-08 2.0691E-08 1.9765E-08 1.8617E-08 1.7303E-08 1.5901E-08 1.4452E-08 1.3016E-08 1.1652E-08 1.0357E-08 9.1555E-09 8.0636E-09 7.0406E-09 6.0630E-09 5.1508E-09 4.3195E-09 3.5776E-09 2.8883E-09 2.2975E-09 1.7880E-09 1.3819E-09 1.0396E-09 7.6876E-10 5.3021E-10 3.2835E-10 1.5511E-10
2.4408E-09 2.6707E-09 2.9062E-09 3.1652E-09 3.4539E-09 3.7655E-09 4.1134E-09 4.4937E-09 4.9182E-09 5.3839E-09 5.8975E-09 6.4728E-09 7.1013E-09 7.7969E-09 8.5601E-09 9.3852E-09 1.0284E-08 1.1242E-08 1.2261E-08 1.3329E-08 1.4433E-08 1.5554E-08 1.6670E-08 1.7751E-08 1.8772E-08 1.9692E-08 2.0472E-08 2.1077E-08 2.1466E-08 2.1614E-08 2.1496E-08 2.1107E-08 2.0456E-08 1.9561E-08 1.8488E-08 1.7281E-08 1.5990E-08 1.4693E-08 1.3404E-08 1.2172E-08 1.1015E-08 9.9023E-09 8.8425E-09 7.8313E-09 6.8402E-09 5.9009E-09 5.0324E-09 4.2579E-09 3.5329E-09 2.8874E-09 2.2816E-09 1.7620E-09 1.3390E-09 9.9195E-10 7.1916E-10 4.7709E-10 2.7783E-10
2.2116E-09 2.4204E-09 2.6360E-09 2.8738E-09 3.1398E-09 3.4279E-09 3.7517E-09 4.1065E-09 4.5060E-09 4.9450E-09 5.4322E-09 5.9813E-09 6.5830E-09 7.2536E-09 7.9896E-09 8.7910E-09 9.6683E-09 1.0607E-08 1.1611E-08 1.2667E-08 1.3759E-08 1.4877E-08 1.5992E-08 1.7077E-08 1.8102E-08 1.9024E-08 1.9810E-08 2.0419E-08 2.0818E-08 2.0976E-08 2.0877E-08 2.0524E-08 1.9940E-08 1.9155E-08 1.8206E-08 1.7169E-08 1.6065E-08 1.4950E-08 1.3872E-08 1.2797E-08 1.1745E-08 1.0725E-08 9.7146E-09 8.7107E-09 7.7469E-09 6.7969E-09 5.9150E-09 5.1181E-09 4.3584E-09 3.6443E-09 2.9965E-09 2.4129E-09 1.8993E-09 1.4321E-09 1.1023E-09 8.1085E-10 5.5486E-10
1.9861E-09 2.1731E-09 2.3678E-09 2.5836E-09 2.8251E-09 3.0881E-09 3.3852E-09 3.7109E-09 4.0810E-09 4.4884E-09 4.9432E-09 5.4587E-09 6.0248E-09 6.6597E-09 7.3590E-09 8.1248E-09 8.9666E-09 9.8695E-09 1.0841E-08 1.1863E-08 1.2925E-08 1.4016E-08 1.5104E-08 1.6166E-08 1.7167E-08 1.8069E-08 1.8840E-08 1.9440E-08 1.9837E-08 2.0011E-08 1.9968E-08 1.9700E-08 1.9228E-08 1.8608E-08 1.7857E-08 1.7026E-08 1.6169E-08 1.5285E-08 1.4376E-08 1.3460E-08 1.2542E-08 1.1604E-08 1.0680E-08 9.7249E-09 8.7648E-09 7.8551E-09 6.9892E-09 6.1369E-09 5.3469E-09 4.5927E-09 3.8874E-09 3.2450E-09 2.6834E-09 2.2112E-09 1.8102E-09 1.4621E-09 1.1854E-09
1.7648E-09 1.9320E-09 2.1054E-09 2.2990E-09 2.5149E-09 2.7512E-09 3.0191E-09 3.3131E-09 3.6503E-09 4.0218E-09 4.4393E-09 4.9149E-09 5.4381E-09 6.0290E-09 6.6820E-09 7.4010E-09 8.1927E-09 9.0444E-09 9.9652E-09 1.0934E-08 1.1945E-08 1.2985E-08 1.4023E-08 1.5036E-08 1.5990E-08 1.6854E-08 1.7596E-08 1.8179E-08 1.8598E-08 1.8827E-08 1.8860E-08 1.8726E-08 1.8427E-08 1.8009E-08 1.7506E-08 1.6928E-08 1.6296E-08 1.5611E-08 1.4901E-08 1.4151E-08 1.3367E-08 1.2566E-08 1.1725E-08 1.0834E-08 9.9573E-09 9.0920E-09 8.2405E-09 7.4141E-09 6.5931E-09 5.8246E-09 5.1063E-09 4.4392E-09 3.8477E-09 3.3434E-09 2.9094E-09 2.6023E-09 2.2242E-09
1.5508E-09 1.6931E-09 1.8475E-09 2.0202E-09 2.2130E-09 2.4217E-09 2.6596E-09 2.9201E-09 3.2217E-09 3.5547E-09 3.9309E-09 4.3621E-09 4.8375E-09 5.3781E-09 5.9768E-09 6.6386E-09 7.3684E-09 8.1562E-09 9.0104E-09 9.9096E-09 1.0851E-08 1.1819E-08 1.2786E-08 1.3732E-08 1.4625E-08 1.5441E-08 1.6170E-08 1.6765E-08 1.7219E-08 1.7533E-08 1.7684E-08 1.7713E-08 1.7635E-08 1.7447E-08 1.7167E-08 1.6819E-08 1.6399E-08 1.5935E-08 1.5416E-08 1.4841E-08 1.4232E-08 1.3566E-08 1.2839E-08 1.2071E-08 1.1300E-08 1.0534E-08 9.7585E-09 8.9632E-09 8.2057E-09 7.4671E-09 6.7614E-09 6.1286E-09 5.5586E-09 5.1025E-09 4.7695E-09 4.5746E-09 4.7102E-09
