Assets/Resources/2015_m01_d25_1600(utc+0800)_l00_csi_1hr_conc.grd
DSAA
         159         159
     -79.000      79.000
     -79.000      79.000
  0.0000E+00  0.1678E-04
[rows 0 to 24 of 159, columns 57 to 113 of 159]
6.0716E-11 6.7700E-11 7.5323E-11 8.3621E-11 9.2682E-11 1.0322E-10 1.1541E-10 1.2885E-10 1.4343E-10 1.5923E-10 1.7649E-10 1.9507E-10 2.1525E-10 2.3641E-10 2.5901E-10 2.8267E-10 3.0743E-10 3.3297E-10 3.5934E-10 3.8698E-10 4.2913E-10 4.6615E-10 5.0627E-10 5.4639E-10 5.9275E-10 6.3958E-10 6.9339E-10 7.4828E-10 8.1043E-10 8.7431E-10 9.4492E-10 1.0240E-09 1.1098E-09 1.1976E-09 1.2873E-09 1.3747E-09 1.4566E-09 1.5345E-09 1.6043E-09 1.6667E-09 1.7214E-09 1.7667E-09 1.8051E-09 1.8344E-09 1.8549E-09 1.8669E-09 1.8711E-09 1.8680E-09 1.8584E-09 1.8428E-09 1.8219E-09 1.7964E-09 1.7667E-09 1.7334E-09 1.6969E-09 1.6576E-09 1.6159E-09
6.3274E-11 7.0566E-11 7.8527E-11 8.7191E-11 9.7053E-11 1.0868E-10 1.2183E-10 1.3611E-10 1.5171E-10 1.6880E-10 1.8735E-10 2.0753E-10 2.2882E-10 2.5166E-10 2.7547E-10 3.0048E-10 3.2637E-10 3.5321E-10 3.8139E-10 4.1517E-10 4.5645E-10 4.9949E-10 5.4028E-10 5.8713E-10 6.3455E-10 6.8884E-10 7.4463E-10 8.0791E-10 8.7342E-10 9.4604E-10 1.0279E-09 1.1174E-09 1.2100E-09 1.3057E-09 1.3999E-09 1.4896E-09 1.5757E-09 1.6542E-09 1.7254E-09 1.7888E-09 1.8425E-09 1.8888E-09 1.9257E-09 1.9530E-09 1.9712E-09 1.9808E-09 1.9825E-09 1.9770E-09 1.9649E-09 1.9469E-09 1.9237E-09 1.8958E-09 1.8637E-09 1.8279E-09 1.7889E-09 1.7471E-09 1.7028E-09
6.5786E-11 7.3365E-11 8.1643E-11 9.0889E-11 1.0177E-10 1.1445E-10 1.2839E-10 1.4375E-10 1.6056E-10 1.7897E-10 1.9899E-10 2.2028E-10 2.4305E-10 2.6700E-10 2.9208E-10 3.1790E-10 3.4526E-10 3.7411E-10 4.0403E-10 4.4817E-10 4.8799E-10 5.3147E-10 5.7806E-10 6.2580E-10 6.8019E-10 7.3647E-10 8.0027E-10 8.6674E-10 9.4047E-10 1.0240E-09 1.1162E-09 1.2127E-09 1.3134E-09 1.4139E-09 1.5108E-09 1.6049E-09 1.6920E-09 1.7720E-09 1.8445E-09 1.9071E-09 1.9621E-09 2.0074E-09 2.0425E-09 2.0678E-09 2.0840E-09 2.0915E-09 2.0911E-09 2.0835E-09 2.0693E-09 2.0492E-09 2.0238E-09 1.9938E-09 1.9596E-09 1.9217E-09 1.8805E-09 1.8364E-09 1.7899E-09
6.8197E-11 7.6076E-11 8.4697E-11 9.4870E-11 1.0687E-10 1.2041E-10 1.3522E-10 1.5179E-10 1.6992E-10 1.8970E-10 2.1084E-10 2.3352E-10 2.5740E-10 2.8241E-10 3.0838E-10 3.3590E-10 3.6479E-10 3.9541E-10 4.2749E-10 4.7474E-10 5.2023E-10 5.6404E-10 6.1442E-10 6.6589E-10 7.2487E-10 7.8577E-10 8.5528E-10 9.2942E-10 1.0139E-09 1.1078E-09 1.2071E-09 1.3118E-09 1.4177E-09 1.5211E-09 1.6226E-09 1.7181E-09 1.8070E-09 1.8888E-09 1.9609E-09 2.0253E-09 2.0797E-09 2.1235E-09 2.1569E-09 2.1805E-09 2.1948E-09 2.2004E-09 2.1981E-09 2.1886E-09 2.1726E-09 2.1506E-09 2.1235E-09 2.0916E-09 2.0556E-09 2.0159E-09 1.9727E-09 1.9266E-09 1.8778E-09
7.0545E-11 7.8705E-11 8.7975E-11 9.9013E-11 1.1209E-10 1.2635E-10 1.4226E-10 1.6018E-10 1.7976E-10 2.0072E-10 2.2322E-10 2.4693E-10 2.7165E-10 2.9755E-10 3.2513E-10 3.5426E-10 3.8507E-10 4.1751E-10 4.5553E-10 5.0185E-10 5.5057E-10 6.0002E-10 6.5107E-10 7.0941E-10 7.7002E-10 8.3906E-10 9.1290E-10 9.9728E-10 1.0917E-09 1.1927E-09 1.3003E-09 1.4107E-09 1.5198E-09 1.6282E-09 1.7315E-09 1.8289E-09 1.9200E-09 2.0017E-09 2.0757E-09 2.1397E-09 2.1928E-09 2.2352E-09 2.2671E-09 2.2891E-09 2.3019E-09 2.3061E-09 2.3024E-09 2.2916E-09 2.2742E-09 2.2510E-09 2.2224E-09 2.1891E-09 2.1516E-09 2.1100E-09 2.0650E-09 2.0168E-09 1.9660E-09
7.2711E-11 8.1135E-11 9.1117E-11 1.0359E-10 1.1733E-10 1.3260E-10 1.4985E-10 1.6912E-10 1.8988E-10 2.1208E-10 2.3554E-10 2.6004E-10 2.8575E-10 3.1309E-10 3.4227E-10 3.7330E-10 4.0575E-10 4.3998E-10 4.8790E-10 5.3232E-10 5.8115E-10 6.3405E-10 6.8861E-10 7.5126E-10 8.1924E-10 8.9212E-10 9.7572E-10 1.0700E-09 1.1717E-09 1.2812E-09 1.3947E-09 1.5084E-09 1.6225E-09 1.7330E-09 1.8385E-09 1.9385E-09 2.0298E-09 2.1136E-09 2.1876E-09 2.2507E-09 2.3027E-09 2.3439E-09 2.3746E-09 2.3955E-09 2.4071E-09 2.4102E-09 2.4054E-09 2.3935E-09 2.3751E-09 2.3507E-09 2.3213E-09 2.2870E-09 2.2481E-09 2.2051E-09 2.1585E-09 2.1087E-09 2.0561E-09
7.4761E-11 8.3451E-11 9.4906E-11 1.0815E-10 1.2264E-10 1.3892E-10 1.5778E-10 1.7840E-10 2.0023E-10 2.2333E-10 2.4757E-10 2.7296E-10 3.0012E-10 3.2914E-10 3.5982E-10 3.9236E-10 4.2667E-10 4.6265E-10 5.1323E-10 5.6337E-10 6.1242E-10 6.6884E-10 7.3010E-10 7.9406E-10 8.6837E-10 9.5057E-10 1.0437E-09 1.1449E-09 1.2549E-09 1.3704E-09 1.4876E-09 1.6065E-09 1.7231E-09 1.8359E-09 1.9443E-09 2.0447E-09 2.1382E-09 2.2224E-09 2.2957E-09 2.3578E-09 2.4088E-09 2.4489E-09 2.4788E-09 2.4989E-09 2.5099E-09 2.5125E-09 2.5074E-09 2.4951E-09 2.4763E-09 2.4516E-09 2.4214E-09 2.3859E-09 2.3457E-09 2.3012E-09 2.2533E-09 2.2020E-09 2.1474E-09
7.6617E-11 8.6376E-11 9.8104E-11 1.1275E-10 1.2798E-10 1.4586E-10 1.6609E-10 1.8778E-10 2.1051E-10 2.3434E-10 2.5926E-10 2.8599E-10 3.1470E-10 3.4512E-10 3.7742E-10 4.1158E-10 4.4759E-10 4.8560E-10 5.3908E-10 5.9227E-10 6.4723E-10 7.0437E-10 7.6986E-10 8.4234E-10 9.2249E-10 1.0137E-09 1.1136E-09 1.2230E-09 1.3392E-09 1.4584E-09 1.5806E-09 1.7022E-09 1.8212E-09 1.9373E-09 2.0465E-09 2.1493E-09 2.2436E-09 2.3272E-09 2.3999E-09 2.4613E-09 2.5117E-09 2.5514E-09 2.5808E-09 2.6006E-09 2.6113E-09 2.6137E-09 2.6084E-09 2.5960E-09 2.5770E-09 2.5520E-09 2.5213E-09 2.4853E-09 2.4446E-09 2.3995E-09 2.3504E-09 2.2975E-09 2.2406E-09
7.8305E-11 8.8438E-11 1.0170E-10 1.1721E-10 1.3375E-10 1.5283E-10 1.7458E-10 1.9711E-10 2.2044E-10 2.4483E-10 2.7106E-10 2.9916E-10 3.2917E-10 3.6109E-10 3.9483E-10 4.3072E-10 4.6877E-10 5.0895E-10 5.6529E-10 6.2171E-10 6.8022E-10 7.4408E-10 8.1162E-10 8.9224E-10 9.8087E-10 1.0786E-09 1.1863E-09 1.3018E-09 1.4220E-09 1.5463E-09 1.6717E-09 1.7960E-09 1.9187E-09 2.0357E-09 2.1474E-09 2.2514E-09 2.3455E-09 2.4288E-09 2.5011E-09 2.5622E-09 2.6123E-09 2.6519E-09 2.6814E-09 2.7014E-09 2.7125E-09 2.7152E-09 2.7102E-09 2.6980E-09 2.6791E-09 2.6539E-09 2.6228E-09 2.5862E-09 2.5447E-09 2.4989E-09 2.4486E-09 2.3941E-09 2.3359E-09
7.9802E-11 9.1997E-11 1.0587E-10 1.2182E-10 1.3957E-10 1.6011E-10 1.8321E-10 2.0609E-10 2.2991E-10 2.5547E-10 2.8282E-10 3.1209E-10 3.4334E-10 3.7662E-10 4.1217E-10 4.4999E-10 4.9013E-10 5.3270E-10 5.9224E-10 6.5222E-10 7.1423E-10 7.8254E-10 8.6018E-10 9.4584E-10 1.0406E-09 1.1459E-09 1.2600E-09 1.3797E-09 1.5049E-09 1.6328E-09 1.7607E-09 1.8888E-09 2.0127E-09 2.1325E-09 2.2458E-09 2.3500E-09 2.4440E-09 2.5273E-09 2.5995E-09 2.6607E-09 2.7111E-09 2.7510E-09 2.7810E-09 2.8016E-09 2.8132E-09 2.8167E-09 2.8125E-09 2.8008E-09 2.7822E-09 2.7570E-09 2.7258E-09 2.6890E-09 2.6471E-09 2.6003E-09 2.5483E-09 2.4921E-09 2.4326E-09
8.2025E-11 9.4289E-11 1.0930E-10 1.2634E-10 1.4538E-10 1.6848E-10 1.9135E-10 2.1454E-10 2.3922E-10 2.6573E-10 2.9415E-10 3.2459E-10 3.5721E-10 3.9218E-10 4.2957E-10 4.6944E-10 5.1204E-10 5.5736E-10 6.2297E-10 6.8328E-10 7.4943E-10 8.2411E-10 9.0903E-10 1.0007E-09 1.1029E-09 1.2145E-09 1.3327E-09 1.4574E-09 1.5864E-09 1.7170E-09 1.8493E-09 1.9790E-09 2.1059E-09 2.2276E-09 2.3412E-09 2.4455E-09 2.5398E-09 2.6232E-09 2.6958E-09 2.7576E-09 2.8088E-09 2.8497E-09 2.8808E-09 2.9025E-09 2.9154E-09 2.9197E-09 2.9161E-09 2.9048E-09 2.8865E-09 2.8615E-09 2.8305E-09 2.7936E-09 2.7511E-09 2.7031E-09 2.6500E-09 2.5927E-09 2.5314E-09
8.3172E-11 9.7182E-11 1.1367E-10 1.3063E-10 1.5252E-10 1.7589E-10 1.9883E-10 2.2259E-10 2.4816E-10 2.7563E-10 3.0504E-10 3.3678E-10 3.7097E-10 4.0769E-10 4.4712E-10 4.8946E-10 5.3462E-10 5.8272E-10 6.5444E-10 7.1799E-10 7.8683E-10 8.6832E-10 9.5929E-10 1.0579E-09 1.1661E-09 1.2820E-09 1.4054E-09 1.5343E-09 1.6662E-09 1.8013E-09 1.9353E-09 2.0679E-09 2.1969E-09 2.3192E-09 2.4333E-09 2.5380E-09 2.6326E-09 2.7167E-09 2.7901E-09 2.8529E-09 2.9052E-09 2.9474E-09 2.9799E-09 3.0031E-09 3.0174E-09 3.0231E-09 3.0206E-09 3.0105E-09 2.9930E-09 2.9687E-09 2.9378E-09 2.9005E-09 2.8570E-09 2.8079E-09 2.7540E-09 2.6953E-09 2.6317E-09
8.4974E-11 1.0024E-10 1.1749E-10 1.3665E-10 1.5856E-10 1.8269E-10 2.0581E-10 2.3025E-10 2.5655E-10 2.8485E-10 3.1556E-10 3.4878E-10 3.8458E-10 4.2337E-10 4.6527E-10 5.1015E-10 5.5791E-10 6.0845E-10 6.8317E-10 7.5200E-10 8.2980E-10 9.1655E-10 1.0112E-09 1.1160E-09 1.2289E-09 1.3498E-09 1.4775E-09 1.6092E-09 1.7458E-09 1.8829E-09 2.0200E-09 2.1553E-09 2.2853E-09 2.4084E-09 2.5231E-09 2.6285E-09 2.7239E-09 2.8090E-09 2.8835E-09 2.9477E-09 3.0016E-09 3.0455E-09 3.0798E-09 3.1047E-09 3.1205E-09 3.1277E-09 3.1266E-09 3.1176E-09 3.1011E-09 3.0775E-09 3.0468E-09 3.0093E-09 2.9654E-09 2.9157E-09 2.8605E-09 2.7996E-09 2.7337E-09
8.6761E-11 1.0279E-10 1.2054E-10 1.4133E-10 1.6400E-10 1.8877E-10 2.1218E-10 2.3726E-10 2.6436E-10 2.9386E-10 3.2589E-10 3.6068E-10 3.9857E-10 4.3958E-10 4.8378E-10 5.3105E-10 5.8112E-10 6.3443E-10 7.1375E-10 7.8776E-10 8.7072E-10 9.6379E-10 1.0645E-09 1.1737E-09 1.2913E-09 1.4169E-09 1.5477E-09 1.6845E-09 1.8235E-09 1.9637E-09 2.1038E-09 2.2402E-09 2.3710E-09 2.4947E-09 2.6102E-09 2.7165E-09 2.8130E-09 2.8994E-09 2.9756E-09 3.0415E-09 3.0974E-09 3.1433E-09 3.1797E-09 3.2067E-09 3.2246E-09 3.2338E-09 3.2344E-09 3.2270E-09 3.2117E-09 3.1886E-09 3.1578E-09 3.1199E-09 3.0758E-09 3.0253E-09 2.9687E-09 2.9061E-09 2.8387E-09
8.8177E-11 1.0558E-10 1.2406E-10 1.4549E-10 1.7146E-10 1.9422E-10 2.1801E-10 2.4372E-10 2.7185E-10 3.0253E-10 3.3608E-10 3.7283E-10 4.1283E-10 4.5608E-10 5.0237E-10 5.5193E-10 6.0471E-10 6.6539E-10 7.4570E-10 8.2461E-10 9.1309E-10 1.0119E-09 1.1170E-09 1.2312E-09 1.3537E-09 1.4824E-09 1.6183E-09 1.7577E-09 1.8998E-09 2.0434E-09 2.1848E-09 2.3223E-09 2.4541E-09 2.5789E-09 2.6955E-09 2.8031E-09 2.9011E-09 2.9893E-09 3.0674E-09 3.1355E-09 3.1936E-09 3.2419E-09 3.2806E-09 3.3098E-09 3.3298E-09 3.3409E-09 3.3435E-09 3.3375E-09 3.3232E-09 3.3008E-09 3.2706E-09 3.2331E-09 3.1886E-09 3.1369E-09 3.0783E-09 3.0144E-09 2.9449E-09
9.0718E-11 1.0808E-10 1.2647E-10 1.5186E-10 1.7601E-10 1.9883E-10 2.2313E-10 2.4978E-10 2.7897E-10 3.1109E-10 3.4651E-10 3.8532E-10 4.2737E-10 4.7244E-10 5.2091E-10 5.7279E-10 6.2809E-10 7.0126E-10 7.7852E-10 8.6223E-10 9.5628E-10 1.0598E-09 1.1698E-09 1.2886E-09 1.4144E-09 1.5483E-09 1.6869E-09 1.8297E-09 1.9755E-09 2.1208E-09 2.2637E-09 2.4025E-09 2.5354E-09 2.6613E-09 2.7792E-09 2.8883E-09 2.9881E-09 3.0784E-09 3.1588E-09 3.2294E-09 3.2902E-09 3.3412E-09 3.3826E-09 3.4144E-09 3.4370E-09 3.4504E-09 3.4547E-09 3.4500E-09 3.4365E-09 3.4145E-09 3.3848E-09 3.3474E-09 3.3022E-09 3.2495E-09 3.1902E-09 3.1246E-09 3.0523E-09
9.1807E-11 1.1128E-10 1.3251E-10 1.5519E-10 1.7994E-10 2.0291E-10 2.2795E-10 2.5551E-10 2.8603E-10 3.1988E-10 3.5718E-10 3.9767E-10 4.4143E-10 4.8868E-10 5.3926E-10 5.9363E-10 6.5588E-10 7.3037E-10 8.1205E-10 9.0106E-10 9.9941E-10 1.1076E-09 1.2222E-09 1.3446E-09 1.4756E-09 1.6125E-09 1.7547E-09 1.9012E-09 2.0488E-09 2.1957E-09 2.3401E-09 2.4801E-09 2.6145E-09 2.7419E-09 2.8614E-09 2.9725E-09 3.0745E-09 3.1672E-09 3.2503E-09 3.3237E-09 3.3873E-09 3.4411E-09 3.4853E-09 3.5198E-09 3.5449E-09 3.5605E-09 3.5666E-09 3.5635E-09 3.5513E-09 3.5305E-09 3.5012E-09 3.4632E-09 3.4168E-09 3.3632E-09 3.3026E-09 3.2349E-09 3.1606E-09
9.3767E-11 1.1316E-10 1.3519E-10 1.5765E-10 1.8323E-10 2.0657E-10 2.3236E-10 2.6109E-10 2.9324E-10 3.2883E-10 3.6760E-10 4.0976E-10 4.5542E-10 5.0494E-10 5.5829E-10 6.1530E-10 6.8525E-10 7.6069E-10 8.4758E-10 9.4060E-10 1.0435E-09 1.1567E-09 1.2751E-09 1.4024E-09 1.5366E-09 1.6771E-09 1.8232E-09 1.9720E-09 2.1216E-09 2.2703E-09 2.4161E-09 2.5576E-09 2.6935E-09 2.8227E-09 2.9443E-09 3.0576E-09 3.1621E-09 3.2576E-09 3.3436E-09 3.4200E-09 3.4867E-09 3.5437E-09 3.5909E-09 3.6282E-09 3.6558E-09 3.6734E-09 3.6813E-09 3.6796E-09 3.6687E-09 3.6485E-09 3.6193E-09 3.5809E-09 3.5343E-09 3.4798E-09 3.4172E-09 3.3468E-09 3.2703E-09
9.5739E-11 1.1438E-10 1.3648E-10 1.6390E-10 1.8583E-10 2.0982E-10 2.3670E-10 2.6699E-10 3.0071E-10 3.3763E-10 3.7794E-10 4.2188E-10 4.6980E-10 5.2185E-10 5.7751E-10 6.4078E-10 7.1555E-10 7.9446E-10 8.8318E-10 9.8063E-10 1.0881E-09 1.2050E-09 1.3282E-09 1.4590E-09 1.5968E-09 1.7414E-09 1.8899E-09 2.0408E-09 2.1922E-09 2.3424E-09 2.4899E-09 2.6332E-09 2.7710E-09 2.9023E-09 3.0262E-09 3.1422E-09 3.2496E-09 3.3480E-09 3.4371E-09 3.5167E-09 3.5867E-09 3.6468E-09 3.6969E-09 3.7371E-09 3.7671E-09 3.7871E-09 3.7971E-09 3.7970E-09 3.7871E-09 3.7674E-09 3.7379E-09 3.6994E-09 3.6521E-09 3.5961E-09 3.5316E-09 3.4597E-09 3.3807E-09
9.7355E-11 1.1545E-10 1.4149E-10 1.6582E-10 1.8802E-10 2.1297E-10 2.4131E-10 2.7307E-10 3.0804E-10 3.4641E-10 3.8849E-10 4.3467E-10 4.8449E-10 5.3874E-10 5.9709E-10 6.6730E-10 7.4332E-10 8.2992E-10 9.1985E-10 1.0218E-09 1.1362E-09 1.2547E-09 1.3815E-09 1.5158E-09 1.6577E-09 1.8050E-09 1.9560E-09 2.1091E-09 2.2626E-09 2.4148E-09 2.5643E-09 2.7096E-09 2.8496E-09 2.9833E-09 3.1099E-09 3.2287E-09 3.3391E-09 3.4408E-09 3.5332E-09 3.6161E-09 3.6894E-09 3.7526E-09 3.8058E-09 3.8486E-09 3.8811E-09 3.9032E-09 3.9149E-09 3.9161E-09 3.9071E-09 3.8878E-09 3.8586E-09 3.8197E-09 3.7711E-09 3.7132E-09 3.6471E-09 3.5730E-09 3.4909E-09
9.7814E-11 1.1953E-10 1.4225E-10 1.6719E-10 1.9011E-10 2.1632E-10 2.4602E-10 2.7890E-10 3.1532E-10 3.5543E-10 3.9944E-10 4.4737E-10 4.9935E-10 5.5578E-10 6.1653E-10 6.9409E-10 7.7342E-10 8.6164E-10 9.5841E-10 1.0615E-09 1.1798E-09 1.3019E-09 1.4322E-09 1.5707E-09 1.7156E-09 1.8656E-09 2.0191E-09 2.1744E-09 2.3299E-09 2.4842E-09 2.6357E-09 2.7833E-09 2.9257E-09 3.0621E-09 3.1915E-09 3.3134E-09 3.4271E-09 3.5321E-09 3.6279E-09 3.7143E-09 3.7908E-09 3.8573E-09 3.9134E-09 3.9590E-09 3.9940E-09 4.0181E-09 4.0314E-09 4.0339E-09 4.0257E-09 4.0067E-09 3.9773E-09 3.9377E-09 3.8882E-09 3.8292E-09 3.7611E-09 3.6840E-09 3.5993E-09
9.9405E-11 1.2060E-10 1.4265E-10 1.6830E-10 1.9219E-10 2.1998E-10 2.5068E-10 2.8491E-10 3.2286E-10 3.6452E-10 4.1014E-10 4.6009E-10 5.1396E-10 5.7275E-10 6.3957E-10 7.1802E-10 8.0386E-10 8.9343E-10 9.9429E-10 1.1040E-09 1.2204E-09 1.3492E-09 1.4838E-09 1.6256E-09 1.7736E-09 1.9262E-09 2.0821E-09 2.2397E-09 2.3975E-09 2.5540E-09 2.7079E-09 2.8580E-09 3.0031E-09 3.1424E-09 3.2749E-09 3.4001E-09 3.5171E-09 3.6256E-09 3.7249E-09 3.8147E-09 3.8946E-09 3.9641E-09 4.0231E-09 4.0714E-09 4.1086E-09 4.1347E-09 4.1495E-09 4.1530E-09 4.1453E-09 4.1265E-09 4.0967E-09 4.0563E-09 4.0054E-09 3.9446E-09 3.8744E-09 3.7951E-09 3.7075E-09
9.6143E-11 1.2024E-10 1.4812E-10 1.6973E-10 1.9477E-10 2.2380E-10 2.5572E-10 2.9120E-10 3.3048E-10 3.7354E-10 4.2083E-10 4.7252E-10 5.2870E-10 5.8965E-10 6.6273E-10 7.4150E-10 8.3100E-10 9.2641E-10 1.0285E-09 1.1423E-09 1.2653E-09 1.3953E-09 1.5332E-09 1.6781E-09 1.8288E-09 1.9840E-09 2.1424E-09 2.3023E-09 2.4624E-09 2.6213E-09 2.7777E-09 2.9304E-09 3.0784E-09 3.2207E-09 3.3565E-09 3.4850E-09 3.6055E-09 3.7175E-09 3.8203E-09 3.9135E-09 3.9967E-09 4.0693E-09 4.1312E-09 4.1819E-09 4.2213E-09 4.2491E-09 4.2653E-09 4.2698E-09 4.2626E-09 4.2437E-09 4.2135E-09 4.1721E-09 4.1198E-09 4.0572E-09 3.9846E-09 3.9027E-09 3.8120E-09
9.6443E-11 1.1965E-10 1.4836E-10 1.7091E-10 1.9813E-10 2.2795E-10 2.6096E-10 2.9762E-10 3.3815E-10 3.8262E-10 4.3155E-10 4.8524E-10 5.4332E-10 6.0631E-10 6.8556E-10 7.6910E-10 8.5736E-10 9.5655E-10 1.0648E-09 1.1798E-09 1.3070E-09 1.4403E-09 1.5815E-09 1.7294E-09 1.8828E-09 2.0406E-09 2.2014E-09 2.3638E-09 2.5263E-09 2.6877E-09 2.8468E-09 3.0023E-09 3.1534E-09 3.2989E-09 3.4380E-09 3.5699E-09 3.6940E-09 3.8095E-09 3.9158E-09 4.0123E-09 4.0987E-09 4.1743E-09 4.2388E-09 4.2919E-09 4.3332E-09 4.3626E-09 4.3799E-09 4.3851E-09 4.3782E-09 4.3591E-09 4.3282E-09 4.2857E-09 4.2318E-09 4.1672E-09 4.0922E-09 4.0075E-09 3.9137E-09
9.6593E-11 1.2412E-10 1.4910E-10 1.7284E-10 2.0167E-10 2.3228E-10 2.6625E-10 3.0404E-10 3.4585E-10 3.9189E-10 4.4249E-10 4.9776E-10 5.5756E-10 6.2545E-10 7.0509E-10 7.9225E-10 8.8366E-10 9.8646E-10 1.0982E-09 1.2165E-09 1.3476E-09 1.4842E-09 1.6284E-09 1.7792E-09 1.9354E-09 2.0959E-09 2.2592E-09 2.4240E-09 2.5891E-09 2.7532E-09 2.9151E-09 3.0737E-09 3.2278E-09 3.3766E-09 3.5192E-09 3.6546E-09 3.7822E-09 3.9012E-09 4.0109E-09 4.1107E-09 4.2001E-09 4.2786E-09 4.3456E-09 4.4008E-09 4.4440E-09 4.4748E-09 4.4930E-09 4.4987E-09 4.4917E-09 4.4723E-09 4.4405E-09 4.3967E-09 4.3412E-09 4.2743E-09 4.1968E-09 4.1092E-09 4.0121E-09
