Assets/Resources/2015_m01_d19_0600(utc+0800)_l00_csi_1hr_conc.grd
DSAA
         159         159
     -79.000      79.000
     -79.000      79.000
  0.0000E+00  0.2342E-04
[rows 75 to 99 of 159, columns 57 to 113 of 159]
0.0000E+00 0.0000E+00 0.0000E+00 0.0000E+00 0.0000E+00 0.0000E+00 0.0000E+00 0.0000E+00 4.9394E-11 9.8873E-11 1.7493E-10 3.0738E-10 5.1679E-10 8.4586E-10 1.3530E-09 2.1469E-09 3.4916E-09 6.4049E-09 1.4112E-08 3.4016E-08 8.4319E-08 2.4122E-07 4.8836E-07 3.6745E-07 6.3713E-08 5.4809E-08 4.8221E-08 4.3599E-08 3.9859E-08 3.6543E-08 3.3758E-08 3.1519E-08 2.9718E-08 2.8293E-08 2.7257E-08 2.6513E-08 2.6029E-08 2.5800E-08 2.5805E-08 2.6049E-08 2.6500E-08 2.7126E-08 2.7903E-08 2.8799E-08 2.9770E-08 3.0765E-08 3.1735E-08 3.2654E-08 3.3474E-08 3.4188E-08 3.4755E-08 3.5155E-08 3.5398E-08 3.5469E-08 3.5169E-08 3.4654E-08 3.4096E-08
0.0000E+00 0.0000E+00 0.0000E+00 0.0000E+00 0.0000E+00 0.0000E+00 0.0000E+00 0.0000E+00 3.4783E-11 9.0730E-11 1.6013E-10 2.8140E-10 4.7240E-10 7.6477E-10 1.2341E-09 1.9553E-09 3.1672E-09 6.4163E-09 1.5728E-08 4.6927E-08 1.3565E-07 3.9838E-07 9.8039E-07 7.8839E-07 6.8165E-08 5.3954E-08 4.6440E-08 4.0658E-08 3.6880E-08 3.3606E-08 3.0857E-08 2.8619E-08 2.6835E-08 2.5398E-08 2.4292E-08 2.3506E-08 2.2978E-08 2.2689E-08 2.2625E-08 2.2794E-08 2.3162E-08 2.3705E-08 2.4398E-08 2.5214E-08 2.6099E-08 2.7041E-08 2.7978E-08 2.8882E-08 2.9710E-08 3.0462E-08 3.1091E-08 3.1577E-08 3.1927E-08 3.2094E-08 3.1911E-08 3.1607E-08 3.1282E-08
0.0000E+00 0.0000E+00 0.0000E+00 0.0000E+00 0.0000E+00 0.0000E+00 0.0000E+00 0.0000E+00 3.1255E-11 8.1051E-11 1.3442E-10 2.5004E-10 4.1858E-10 6.7587E-10 1.0869E-09 1.7081E-09 2.6550E-09 5.2825E-09 1.4376E-08 4.7077E-08 1.5312E-07 4.8638E-07 1.3594E-06 1.1844E-06 7.8435E-08 5.3724E-08 4.2309E-08 3.6769E-08 3.2788E-08 2.9821E-08 2.7332E-08 2.5272E-08 2.3619E-08 2.2276E-08 2.1218E-08 2.0441E-08 1.9914E-08 1.9593E-08 1.9517E-08 1.9642E-08 1.9949E-08 2.0427E-08 2.1051E-08 2.1795E-08 2.2613E-08 2.3493E-08 2.4391E-08 2.5258E-08 2.6098E-08 2.6867E-08 2.7538E-08 2.8089E-08 2.8526E-08 2.8734E-08 2.8717E-08 2.8628E-08 2.8460E-08
0.0000E+00 0.0000E+00 0.0000E+00 0.0000E+00 0.0000E+00 0.0000E+00 0.0000E+00 0.0000E+00 1.5966E-11 7.0554E-11 1.1672E-10 2.0035E-10 3.5200E-10 5.7828E-10 9.2509E-10 1.4448E-09 2.2291E-09 3.7511E-09 1.0900E-08 3.9168E-08 1.4241E-07 4.7610E-07 1.4840E-06 1.5444E-06 2.5811E-07 8.6073E-08 3.9180E-08 3.1563E-08 2.7998E-08 2.5512E-08 2.3419E-08 2.1680E-08 2.0244E-08 1.9075E-08 1.8137E-08 1.7429E-08 1.6944E-08 1.6646E-08 1.6566E-08 1.6669E-08 1.6938E-08 1.7365E-08 1.7930E-08 1.8610E-08 1.9362E-08 2.0188E-08 2.1039E-08 2.1873E-08 2.2699E-08 2.3471E-08 2.4154E-08 2.4760E-08 2.5257E-08 2.5514E-08 2.5642E-08 2.5711E-08 2.5688E-08
0.0000E+00 0.0000E+00 0.0000E+00 0.0000E+00 0.0000E+00 0.0000E+00 0.0000E+00 0.0000E+00 0.0000E+00 5.1402E-11 9.8655E-11 1.6894E-10 2.9359E-10 4.7956E-10 7.5531E-10 1.1807E-09 1.7981E-09 2.7336E-09 6.8177E-09 2.7697E-08 1.1864E-07 4.7010E-07 1.5496E-06 2.3415E-05 1.7141E-06 2.3032E-07 4.0134E-08 2.5279E-08 2.3012E-08 2.1020E-08 1.9412E-08 1.8055E-08 1.6890E-08 1.5927E-08 1.5155E-08 1.4567E-08 1.4154E-08 1.3901E-08 1.3840E-08 1.3933E-08 1.4181E-08 1.4569E-08 1.5084E-08 1.5704E-08 1.6398E-08 1.7168E-08 1.7967E-08 1.8764E-08 1.9560E-08 2.0321E-08 2.1010E-08 2.1640E-08 2.2153E-08 2.2497E-08 2.2752E-08 2.2926E-08 2.3031E-08
0.0000E+00 0.0000E+00 0.0000E+00 0.0000E+00 0.0000E+00 0.0000E+00 0.0000E+00 0.0000E+00 0.0000E+00 3.2827E-11 8.1248E-11 1.3112E-10 2.3790E-10 3.7818E-10 6.0330E-10 9.3478E-10 1.4088E-09 2.0871E-09 3.7911E-09 1.6447E-08 8.2108E-08 3.6265E-07 1.7944E-06 5.0648E-06 4.9019E-06 5.7937E-07 5.1166E-08 1.8576E-08 1.7807E-08 1.6699E-08 1.5555E-08 1.4560E-08 1.3707E-08 1.2976E-08 1.2381E-08 1.1924E-08 1.1587E-08 1.1415E-08 1.1380E-08 1.1479E-08 1.1712E-08 1.2071E-08 1.2542E-08 1.3093E-08 1.3748E-08 1.4458E-08 1.5201E-08 1.5953E-08 1.6712E-08 1.7447E-08 1.8128E-08 1.8763E-08 1.9296E-08 1.9701E-08 2.0035E-08 2.0296E-08 2.0498E-08
0.0000E+00 0.0000E+00 0.0000E+00 0.0000E+00 0.0000E+00 0.0000E+00 0.0000E+00 0.0000E+00 0.0000E+00 1.5516E-11 5.6326E-11 1.0481E-10 1.7452E-10 2.9592E-10 4.6831E-10 7.1255E-10 1.0719E-09 1.5631E-09 2.2324E-09 8.0764E-09 5.1349E-08 2.7815E-07 1.3468E-06 1.6536E-05 3.7718E-06 5.0067E-07 4.3567E-08 1.2340E-08 1.2872E-08 1.2606E-08 1.2065E-08 1.1379E-08 1.0792E-08 1.0305E-08 9.8836E-09 9.5585E-09 9.3246E-09 9.2200E-09 9.2151E-09 9.3272E-09 9.5504E-09 9.8828E-09 1.0312E-08 1.0819E-08 1.1417E-08 1.2067E-08 1.2741E-08 1.3453E-08 1.4165E-08 1.4850E-08 1.5524E-08 1.6153E-08 1.6690E-08 1.7147E-08 1.7529E-08 1.7850E-08 1.8120E-08
0.0000E+00 0.0000E+00 0.0000E+00 0.0000E+00 0.0000E+00 0.0000E+00 0.0000E+00 0.0000E+00 0.0000E+00 0.0000E+00 3.4108E-11 8.1724E-11 1.2824E-10 2.0806E-10 3.4670E-10 5.3348E-10 7.8714E-10 1.1452E-09 1.6098E-09 3.0450E-09 2.4145E-08 1.6004E-07 8.8177E-07 1.6565E-05 2.2883E-06 3.2522E-07 3.2007E-08 7.9537E-09 8.6882E-09 8.9527E-09 8.9570E-09 8.6351E-09 8.2571E-09 7.9412E-09 7.7036E-09 7.4874E-09 7.3631E-09 7.3252E-09 7.3547E-09 7.4759E-09 7.6934E-09 7.9988E-09 8.3929E-09 8.8567E-09 9.3994E-09 9.9862E-09 1.0607E-08 1.1260E-08 1.1920E-08 1.2563E-08 1.3199E-08 1.3818E-08 1.4353E-08 1.4820E-08 1.5234E-08 1.5593E-08 1.5909E-08
0.0000E+00 0.0000E+00 0.0000E+00 0.0000E+00 0.0000E+00 0.0000E+00 0.0000E+00 0.0000E+00 0.0000E+00 0.0000E+00 1.5207E-11 5.3585E-11 9.7050E-11 1.4856E-10 2.5559E-10 3.8182E-10 5.6960E-10 8.2052E-10 1.1409E-09 1.5502E-09 7.9791E-09 6.2072E-08 3.0782E-07 2.0511E-06 6.6278E-07 1.2998E-07 1.5560E-08 5.2627E-09 5.6212E-09 6.0317E-09 6.3042E-09 6.3598E-09 6.1452E-09 5.9743E-09 5.8201E-09 5.7435E-09 5.7104E-09 5.7154E-09 5.7859E-09 5.9180E-09 6.1235E-09 6.4077E-09 6.7585E-09 7.1897E-09 7.6754E-09 8.1960E-09 8.7678E-09 9.3597E-09 9.9495E-09 1.0551E-08 1.1157E-08 1.1740E-08 1.2267E-08 1.2732E-08 1.3148E-08 1.3544E-08 1.3877E-08
0.0000E+00 0.0000E+00 0.0000E+00 0.0000E+00 0.0000E+00 0.0000E+00 0.0000E+00 0.0000E+00 0.0000E+00 0.0000E+00 0.0000E+00 3.0561E-11 7.1696E-11 1.0922E-10 1.7237E-10 2.7260E-10 4.0355E-10 5.7019E-10 7.9359E-10 1.0635E-09 2.2984E-09 1.3297E-08 4.9029E-08 2.3412E-07 1.0098E-07 2.7928E-08 5.8939E-09 3.6265E-09 3.7342E-09 3.9579E-09 4.2072E-09 4.4320E-09 4.4472E-09 4.3590E-09 4.3090E-09 4.2872E-09 4.3128E-09 4.3880E-09 4.4857E-09 4.6222E-09 4.8239E-09 5.0743E-09 5.4041E-09 5.7912E-09 6.2119E-09 6.6898E-09 7.1951E-09 7.7118E-09 8.2574E-09 8.7999E-09 9.3687E-09 9.9234E-09 1.0420E-08 1.0883E-08 1.1304E-08 1.1689E-08 1.2032E-08
0.0000E+00 0.0000E+00 0.0000E+00 0.0000E+00 0.0000E+00 0.0000E+00 0.0000E+00 0.0000E+00 0.0000E+00 0.0000E+00 0.0000E+00 0.0000E+00 3.4316E-11 7.8384E-11 1.1637E-10 1.7905E-10 2.7370E-10 3.9284E-10 5.3653E-10 7.2182E-10 9.3314E-10 2.3607E-09 5.6597E-09 2.1274E-08 1.0914E-08 4.8188E-09 2.3411E-09 2.4658E-09 2.5645E-09 2.6112E-09 2.7395E-09 2.9311E-09 3.1180E-09 3.0968E-09 3.0987E-09 3.1237E-09 3.1831E-09 3.2723E-09 3.4195E-09 3.5781E-09 3.7584E-09 3.9941E-09 4.2942E-09 4.6268E-09 4.9988E-09 5.4158E-09 5.8596E-09 6.3172E-09 6.8004E-09 7.3027E-09 7.8390E-09 8.3501E-09 8.8167E-09 9.2540E-09 9.6619E-09 1.0038E-08 1.0382E-08
0.0000E+00 0.0000E+00 0.0000E+00 0.0000E+00 0.0000E+00 0.0000E+00 0.0000E+00 0.0000E+00 0.0000E+00 0.0000E+00 0.0000E+00 0.0000E+00 0.0000E+00 3.6324E-11 8.1247E-11 1.1739E-10 1.7617E-10 2.4241E-10 3.6080E-10 4.7657E-10 6.2088E-10 7.7577E-10 9.4189E-10 1.1187E-09 1.2811E-09 1.4339E-09 1.5566E-09 1.6545E-09 1.7149E-09 1.7745E-09 1.8044E-09 1.8709E-09 2.0199E-09 2.1256E-09 2.1678E-09 2.2039E-09 2.2810E-09 2.3968E-09 2.5249E-09 2.7122E-09 2.9006E-09 3.1205E-09 3.3714E-09 3.6569E-09 3.9852E-09 4.3490E-09 4.7325E-09 5.1460E-09 5.5752E-09 6.0434E-09 6.5316E-09 6.9951E-09 7.4256E-09 7.8331E-09 8.2183E-09 8.5802E-09 8.9073E-09
0.0000E+00 0.0000E+00 0.0000E+00 0.0000E+00 0.0000E+00 0.0000E+00 0.0000E+00 0.0000E+00 0.0000E+00 0.0000E+00 0.0000E+00 0.0000E+00 0.0000E+00 0.0000E+00 4.7231E-11 7.9812E-11 1.1215E-10 1.6432E-10 2.1988E-10 2.9619E-10 4.0163E-10 5.0790E-10 6.1516E-10 7.2425E-10 8.3920E-10 9.3362E-10 1.0225E-09 1.0903E-09 1.1323E-09 1.1838E-09 1.2070E-09 1.2325E-09 1.2902E-09 1.3903E-09 1.4439E-09 1.5097E-09 1.5921E-09 1.6943E-09 1.8305E-09 1.9803E-09 2.1864E-09 2.3945E-09 2.6166E-09 2.8737E-09 3.1594E-09 3.4713E-09 3.8112E-09 4.1739E-09 4.5507E-09 4.9925E-09 5.4300E-09 5.8385E-09 6.2287E-09 6.6027E-09 6.9610E-09 7.2982E-09 7.6097E-09
0.0000E+00 0.0000E+00 0.0000E+00 0.0000E+00 0.0000E+00 0.0000E+00 0.0000E+00 0.0000E+00 0.0000E+00 0.0000E+00 0.0000E+00 0.0000E+00 0.0000E+00 0.0000E+00 0.0000E+00 3.4052E-11 7.4344E-11 1.0159E-10 1.4552E-10 1.8940E-10 2.4910E-10 3.0885E-10 3.7345E-10 4.4997E-10 5.1866E-10 5.9160E-10 6.5121E-10 7.0005E-10 7.4157E-10 7.5979E-10 7.9036E-10 8.2302E-10 8.1534E-10 8.5162E-10 9.2855E-10 1.0004E-09 1.0791E-09 1.1700E-09 1.2879E-09 1.4328E-09 1.5957E-09 1.7948E-09 2.0125E-09 2.2412E-09 2.4928E-09 2.7663E-09 3.0586E-09 3.3708E-09 3.7237E-09 4.1122E-09 4.4926E-09 4.8553E-09 5.2114E-09 5.5499E-09 5.8758E-09 6.1842E-09 6.4708E-09
0.0000E+00 0.0000E+00 0.0000E+00 0.0000E+00 0.0000E+00 0.0000E+00 0.0000E+00 0.0000E+00 0.0000E+00 0.0000E+00 0.0000E+00 0.0000E+00 0.0000E+00 0.0000E+00 0.0000E+00 0.0000E+00 3.0210E-11 6.5744E-11 8.7367E-11 1.2258E-10 1.5527E-10 1.9183E-10 2.4126E-10 2.8438E-10 3.3553E-10 3.7723E-10 4.1347E-10 4.4954E-10 4.7357E-10 4.8200E-10 5.0993E-10 5.2242E-10 5.3618E-10 5.5317E-10 5.5875E-10 5.9971E-10 6.9007E-10 7.8428E-10 8.8746E-10 1.0077E-09 1.1612E-09 1.3276E-09 1.5099E-09 1.7263E-09 1.9554E-09 2.1933E-09 2.4475E-09 2.7171E-09 3.0464E-09 3.3889E-09 3.7127E-09 4.0356E-09 4.3496E-09 4.6499E-09 4.9397E-09 5.2156E-09 5.4471E-09
0.0000E+00 0.0000E+00 0.0000E+00 0.0000E+00 0.0000E+00 0.0000E+00 0.0000E+00 0.0000E+00 0.0000E+00 0.0000E+00 0.0000E+00 0.0000E+00 0.0000E+00 0.0000E+00 0.0000E+00 0.0000E+00 0.0000E+00 0.0000E+00 4.5587E-11 7.1472E-11 9.0132E-11 1.2144E-10 1.4620E-10 1.7174E-10 2.0737E-10 2.3204E-10 2.6126E-10 2.7781E-10 2.8906E-10 3.0463E-10 3.0327E-10 3.1485E-10 3.4728E-10 3.3937E-10 3.6173E-10 3.7021E-10 4.2527E-10 4.9242E-10 5.8216E-10 6.8122E-10 8.2364E-10 9.6633E-10 1.1251E-09 1.3055E-09 1.4984E-09 1.7175E-09 1.9441E-09 2.2002E-09 2.4927E-09 2.7864E-09 3.0683E-09 3.3481E-09 3.6174E-09 3.8515E-09 4.1089E-09 4.3559E-09 4.5898E-09
0.0000E+00 0.0000E+00 0.0000E+00 0.0000E+00 0.0000E+00 0.0000E+00 0.0000E+00 0.0000E+00 0.0000E+00 0.0000E+00 0.0000E+00 0.0000E+00 0.0000E+00 0.0000E+00 0.0000E+00 0.0000E+00 0.0000E+00 0.0000E+00 0.0000E+00 0.0000E+00 5.5730E-11 6.8435E-11 8.1911E-11 1.0589E-10 1.2095E-10 1.3419E-10 1.5608E-10 1.6378E-10 1.7067E-10 1.7883E-10 1.7715E-10 1.6660E-10 1.8636E-10 2.1374E-10 2.1805E-10 2.4177E-10 2.6063E-10 3.0750E-10 3.6565E-10 4.5703E-10 5.5540E-10 6.8053E-10 8.0938E-10 9.5078E-10 1.1119E-09 1.3040E-09 1.5071E-09 1.7536E-09 2.0106E-09 2.2608E-09 2.5056E-09 2.7403E-09 2.9717E-09 3.2033E-09 3.4265E-09 3.6148E-09 3.8238E-09
0.0000E+00 0.0000E+00 0.0000E+00 0.0000E+00 0.0000E+00 0.0000E+00 0.0000E+00 0.0000E+00 0.0000E+00 0.0000E+00 0.0000E+00 0.0000E+00 0.0000E+00 0.0000E+00 0.0000E+00 0.0000E+00 0.0000E+00 0.0000E+00 0.0000E+00 0.0000E+00 0.0000E+00 0.0000E+00 2.2879E-11 4.2518E-11 4.9174E-11 8.0078E-11 8.7416E-11 8.9866E-11 8.0343E-11 9.2697E-11 9.2381E-11 8.8542E-11 1.0000E-10 1.0205E-10 1.3294E-10 1.5506E-10 1.7053E-10 2.0507E-10 2.4610E-10 3.0548E-10 3.7110E-10 4.5031E-10 5.8297E-10 7.0952E-10 8.4790E-10 1.0014E-09 1.1780E-09 1.3874E-09 1.6043E-09 1.8129E-09 2.0240E-09 2.2267E-09 2.4282E-09 2.6293E-09 2.8234E-09 3.0123E-09 3.1938E-09
0.0000E+00 0.0000E+00 0.0000E+00 0.0000E+00 0.0000E+00 0.0000E+00 0.0000E+00 0.0000E+00 0.0000E+00 0.0000E+00 0.0000E+00 0.0000E+00 0.0000E+00 0.0000E+00 0.0000E+00 0.0000E+00 0.0000E+00 0.0000E+00 0.0000E+00 0.0000E+00 0.0000E+00 0.0000E+00 0.0000E+00 0.0000E+00 0.0000E+00 1.1280E-11 2.5477E-11 2.7119E-11 2.8423E-11 3.8704E-11 3.9260E-11 3.8490E-11 3.3126E-11 4.2885E-11 4.6628E-11 8.0391E-11 1.1077E-10 1.2318E-10 1.6549E-10 2.2052E-10 2.7918E-10 3.5441E-10 4.3205E-10 5.3105E-10 6.4165E-10 7.6336E-10 9.4379E-10 1.1248E-09 1.2982E-09 1.4712E-09 1.6464E-09 1.8199E-09 1.9649E-09 2.1376E-09 2.3099E-09 2.4747E-09 2.6336E-09
0.0000E+00 0.0000E+00 0.0000E+00 0.0000E+00 0.0000E+00 0.0000E+00 0.0000E+00 0.0000E+00 0.0000E+00 0.0000E+00 0.0000E+00 0.0000E+00 0.0000E+00 0.0000E+00 0.0000E+00 0.0000E+00 0.0000E+00 0.0000E+00 0.0000E+00 0.0000E+00 0.0000E+00 0.0000E+00 0.0000E+00 0.0000E+00 0.0000E+00 0.0000E+00 0.0000E+00 0.0000E+00 0.0000E+00 0.0000E+00 0.0000E+00 0.0000E+00 0.0000E+00 0.0000E+00 2.0424E-11 2.5395E-11 6.2193E-11 9.5518E-11 1.2707E-10 1.7476E-10 2.2286E-10 2.7996E-10 3.4043E-10 4.1346E-10 5.0205E-10 6.0417E-10 7.3499E-10 8.8897E-10 1.0249E-09 1.1715E-09 1.3123E-09 1.4543E-09 1.6034E-09 1.7513E-09 1.9014E-09 2.0307E-09 2.1682E-09
0.0000E+00 0.0000E+00 0.0000E+00 0.0000E+00 0.0000E+00 0.0000E+00 0.0000E+00 0.0000E+00 0.0000E+00 0.0000E+00 0.0000E+00 0.0000E+00 0.0000E+00 0.0000E+00 0.0000E+00 0.0000E+00 0.0000E+00 0.0000E+00 0.0000E+00 0.0000E+00 0.0000E+00 0.0000E+00 0.0000E+00 0.0000E+00 0.0000E+00 0.0000E+00 0.0000E+00 0.0000E+00 0.0000E+00 0.0000E+00 0.0000E+00 0.0000E+00 0.0000E+00 0.0000E+00 0.0000E+00 2.0758E-11 4.3706E-11 5.9318E-11 9.5360E-11 1.2583E-10 1.7145E-10 2.1745E-10 2.7587E-10 3.3117E-10 3.9570E-10 4.7808E-10 5.8893E-10 7.0727E-10 8.2462E-10 9.3964E-10 1.0532E-09 1.1734E-09 1.2950E-09 1.4185E-09 1.5420E-09 1.6670E-09 1.7861E-09
0.0000E+00 0.0000E+00 0.0000E+00 0.0000E+00 0.0000E+00 0.0000E+00 0.0000E+00 0.0000E+00 0.0000E+00 0.0000E+00 0.0000E+00 0.0000E+00 0.0000E+00 0.0000E+00 0.0000E+00 0.0000E+00 0.0000E+00 0.0000E+00 0.0000E+00 0.0000E+00 0.0000E+00 0.0000E+00 0.0000E+00 0.0000E+00 0.0000E+00 0.0000E+00 0.0000E+00 0.0000E+00 0.0000E+00 0.0000E+00 0.0000E+00 0.0000E+00 0.0000E+00 0.0000E+00 0.0000E+00 0.0000E+00 2.0744E-11 4.3563E-11 5.7832E-11 9.0182E-11 1.2100E-10 1.6575E-10 2.1521E-10 2.6520E-10 3.1604E-10 3.8664E-10 4.7635E-10 5.6510E-10 6.5630E-10 7.5113E-10 8.4589E-10 9.4383E-10 1.0435E-09 1.1441E-09 1.2483E-09 1.3542E-09 1.4537E-09
0.0000E+00 0.0000E+00 0.0000E+00 0.0000E+00 0.0000E+00 0.0000E+00 0.0000E+00 0.0000E+00 0.0000E+00 0.0000E+00 0.0000E+00 0.0000E+00 0.0000E+00 0.0000E+00 0.0000E+00 0.0000E+00 0.0000E+00 0.0000E+00 0.0000E+00 0.0000E+00 0.0000E+00 0.0000E+00 0.0000E+00 0.0000E+00 0.0000E+00 0.0000E+00 0.0000E+00 0.0000E+00 0.0000E+00 0.0000E+00 0.0000E+00 0.0000E+00 0.0000E+00 0.0000E+00 0.0000E+00 0.0000E+00 0.0000E+00 2.0383E-11 2.4710E-11 5.2438E-11 9.1077E-11 1.1946E-10 1.6040E-10 2.0769E-10 2.5100E-10 3.1064E-10 3.8098E-10 4.5518E-10 5.2626E-10 6.0045E-10 6.7632E-10 7.5643E-10 8.3756E-10 9.2391E-10 1.0059E-09 1.0908E-09 1.1778E-09
0.0000E+00 0.0000E+00 0.0000E+00 0.0000E+00 0.0000E+00 0.0000E+00 0.0000E+00 0.0000E+00 0.0000E+00 0.0000E+00 0.0000E+00 0.0000E+00 0.0000E+00 0.0000E+00 0.0000E+00 0.0000E+00 0.0000E+00 0.0000E+00 0.0000E+00 0.0000E+00 0.0000E+00 0.0000E+00 0.0000E+00 0.0000E+00 0.0000E+00 0.0000E+00 0.0000E+00 0.0000E+00 0.0000E+00 0.0000E+00 0.0000E+00 0.0000E+00 0.0000E+00 0.0000E+00 0.0000E+00 0.0000E+00 0.0000E+00 0.0000E+00 1.9694E-11 2.3672E-11 4.9309E-11 8.7952E-11 1.1141E-10 1.5083E-10 1.9475E-10 2.4810E-10 3.0368E-10 3.6259E-10 4.2043E-10 4.7978E-10 5.4062E-10 6.0601E-10 6.7094E-10 7.4038E-10 8.0960E-10 8.7953E-10 9.4745E-10
0.0000E+00 0.0000E+00 0.0000E+00 0.0000E+00 0.0000E+00 0.0000E+00 0.0000E+00 0.0000E+00 0.0000E+00 0.0000E+00 0.0000E+00 0.0000E+00 0.0000E+00 0.0000E+00 0.0000E+00 0.0000E+00 0.0000E+00 0.0000E+00 0.0000E+00 0.0000E+00 0.0000E+00 0.0000E+00 0.0000E+00 0.0000E+00 0.0000E+00 0.0000E+00 0.0000E+00 0.0000E+00 0.0000E+00 0.0000E+00 0.0000E+00 0.0000E+00 0.0000E+00 0.0000E+00 0.0000E+00 0.0000E+00 0.0000E+00 0.0000E+00 0.0000E+00 0.0000E+00 2.2297E-11 4.6360E-11 6.4636E-11 1.0287E-10 1.3336E-10 1.8858E-10 2.3664E-10 2.8552E-10 3.3058E-10 3.7917E-10 4.3045E-10 4.8388E-10 5.3951E-10 5.9655E-10 6.5309E-10 7.1197E-10 7.7053E-10
