Assets/Resources/2015_m01_d25_0600(utc+0800)_l00_csi_1hr_conc.grd
DSAA
         159         159
     -79.000      79.000
     -79.000      79.000
  0.0000E+00  0.3083E-05
[rows 0 to 24 of 159, columns 0 to 56 of 159]
0.0000E+00 0.0000E+00 0.0000E+00 0.0000E+00 0.0000E+00 0.0000E+00 0.0000E+00 0.0000E+00 0.0000E+00 0.0000E+00 0.0000E+00 0.0000E+00 0.0000E+00 0.0000E+00 0.0000E+00 3.9559E-12 4.7128E-12 5.5870E-12 8.3419E-12 1.0017E-11 1.3756E-11 1.8812E-11 2.2856E-11 3.4275E-11 4.2055E-11 5.6858E-11 7.1968E-11 9.2454E-11 1.2096E-10 1.5342E-10 1.8987E-10 2.3747E-10 2.8776E-10 3.4759E-10 4.1869E-10 5.0147E-10 5.9539E-10 7.0566E-10 8.2917E-10 9.6960E-10 1.1277E-09 1.3095E-09 1.5119E-09 1.7365E-09 1.9845E-09 2.2529E-09 2.5436E-09 2.8580E-09 3.1948E-09 3.5536E-09 3.9317E-09 4.3291E-09 4.7511E-09 5.1916E-09 5.6475E-09 6.1124E-09 6.5803E-09
0.0000E+00 0.0000E+00 0.0000E+00 0.0000E+00 0.0000E+00 0.0000E+00 0.0000E+00 0.0000E+00 0.0000E+00 0.0000E+00 0.0000E+00 0.0000E+00 0.0000E+00 0.0000E+00 0.0000E+00 3.9090E-12 4.6570E-12 5.5209E-12 8.2445E-12 9.9004E-12 1.3306E-11 1.8602E-11 2.2602E-11 3.3913E-11 4.1616E-11 5.6307E-11 7.1265E-11 9.1672E-11 1.2010E-10 1.5241E-10 1.8885E-10 2.3652E-10 2.8704E-10 3.4638E-10 4.1880E-10 5.0111E-10 5.9696E-10 7.0703E-10 8.3133E-10 9.7519E-10 1.1351E-09 1.3209E-09 1.5276E-09 1.7588E-09 2.0159E-09 2.2915E-09 2.5918E-09 2.9191E-09 3.2696E-09 3.6460E-09 4.0453E-09 4.4700E-09 4.9199E-09 5.3930E-09 5.8823E-09 6.3844E-09 6.8883E-09
0.0000E+00 0.0000E+00 0.0000E+00 0.0000E+00 0.0000E+00 0.0000E+00 0.0000E+00 0.0000E+00 0.0000E+00 0.0000E+00 0.0000E+00 0.0000E+00 0.0000E+00 0.0000E+00 0.0000E+00 3.8438E-12 4.5793E-12 5.4288E-12 8.1036E-12 9.7309E-12 1.2662E-11 1.8280E-11 2.2211E-11 3.3332E-11 4.0903E-11 5.5380E-11 7.0082E-11 9.0264E-11 1.1844E-10 1.5035E-10 1.8644E-10 2.3385E-10 2.8369E-10 3.4351E-10 4.1535E-10 4.9818E-10 5.9319E-10 7.0412E-10 8.2970E-10 9.7175E-10 1.1342E-09 1.3218E-09 1.5318E-09 1.7683E-09 2.0309E-09 2.3148E-09 2.6261E-09 2.9624E-09 3.3279E-09 3.7199E-09 4.1363E-09 4.5866E-09 5.0661E-09 5.5694E-09 6.0912E-09 6.6271E-09 7.1684E-09
0.0000E+00 0.0000E+00 0.0000E+00 0.0000E+00 0.0000E+00 0.0000E+00 0.0000E+00 0.0000E+00 0.0000E+00 0.0000E+00 0.0000E+00 0.0000E+00 0.0000E+00 0.0000E+00 0.0000E+00 3.7610E-12 4.4808E-12 5.3120E-12 7.6613E-12 9.5114E-12 1.1863E-11 1.7854E-11 2.1690E-11 3.2120E-11 3.9931E-11 5.4095E-11 6.8443E-11 8.8272E-11 1.1593E-10 1.4726E-10 1.8273E-10 2.2942E-10 2.7811E-10 3.3711E-10 4.0865E-10 4.9042E-10 5.8428E-10 6.9454E-10 8.1967E-10 9.6285E-10 1.1251E-09 1.3124E-09 1.5268E-09 1.7672E-09 2.0351E-09 2.3236E-09 2.6402E-09 2.9867E-09 3.3631E-09 3.7678E-09 4.2084E-09 4.6822E-09 5.1851E-09 5.7153E-09 6.2700E-09 6.8382E-09 7.4143E-09
0.0000E+00 0.0000E+00 0.0000E+00 0.0000E+00 0.0000E+00 0.0000E+00 0.0000E+00 0.0000E+00 0.0000E+00 0.0000E+00 0.0000E+00 0.0000E+00 0.0000E+00 0.0000E+00 0.0000E+00 3.6620E-12 4.3628E-12 5.1722E-12 7.1095E-12 9.2454E-12 1.1081E-11 1.7329E-11 2.1050E-11 3.0024E-11 3.8720E-11 5.2499E-11 6.6401E-11 8.5663E-11 1.1262E-10 1.4305E-10 1.7766E-10 2.2339E-10 2.7038E-10 3.2872E-10 3.9902E-10 4.7962E-10 5.7223E-10 6.8123E-10 8.0468E-10 9.4588E-10 1.1083E-09 1.2956E-09 1.5095E-09 1.7516E-09 2.0232E-09 2.3155E-09 2.6387E-09 2.9920E-09 3.3781E-09 3.7968E-09 4.2541E-09 4.7467E-09 5.2749E-09 5.8319E-09 6.4119E-09 7.0134E-09 7.6205E-09
0.0000E+00 0.0000E+00 0.0000E+00 0.0000E+00 0.0000E+00 0.0000E+00 0.0000E+00 0.0000E+00 0.0000E+00 0.0000E+00 0.0000E+00 0.0000E+00 0.0000E+00 0.0000E+00 0.0000E+00 3.5482E-12 4.2272E-12 5.0114E-12 6.5216E-12 8.9374E-12 1.0688E-11 1.6645E-11 2.0300E-11 2.7608E-11 3.7293E-11 5.0545E-11 6.3897E-11 8.2526E-11 1.0857E-10 1.3785E-10 1.7131E-10 2.1580E-10 2.6071E-10 3.1838E-10 3.8639E-10 4.6441E-10 5.5498E-10 6.6244E-10 7.8281E-10 9.2289E-10 1.0821E-09 1.2676E-09 1.4834E-09 1.7262E-09 1.9992E-09 2.2914E-09 2.6180E-09 2.9772E-09 3.3694E-09 3.8024E-09 4.2752E-09 4.7862E-09 5.3308E-09 5.9103E-09 6.5188E-09 7.1458E-09 7.8012E-09
0.0000E+00 0.0000E+00 0.0000E+00 0.0000E+00 0.0000E+00 0.0000E+00 0.0000E+00 0.0000E+00 0.0000E+00 0.0000E+00 0.0000E+00 0.0000E+00 0.0000E+00 0.0000E+00 0.0000E+00 3.4209E-12 4.0756E-12 4.8318E-12 5.9100E-12 8.5920E-12 1.0273E-11 1.5358E-11 1.9456E-11 2.5061E-11 3.5677E-11 4.8334E-11 6.1009E-11 7.8859E-11 1.0379E-10 1.3186E-10 1.6387E-10 2.0668E-10 2.4911E-10 3.0546E-10 3.7096E-10 4.4586E-10 5.3481E-10 6.3888E-10 7.5668E-10 8.9357E-10 1.0501E-09 1.2332E-09 1.4447E-09 1.6870E-09 1.9594E-09 2.2537E-09 2.5798E-09 2.9422E-09 3.3418E-09 3.7841E-09 4.2669E-09 4.7905E-09 5.3557E-09 5.9532E-09 6.5832E-09 7.2386E-09 7.9723E-09
0.0000E+00 0.0000E+00 0.0000E+00 0.0000E+00 0.0000E+00 0.0000E+00 0.0000E+00 0.0000E+00 0.0000E+00 0.0000E+00 0.0000E+00 0.0000E+00 0.0000E+00 0.0000E+00 0.0000E+00 3.2821E-12 3.9102E-12 4.6357E-12 5.4689E-12 8.2147E-12 9.8190E-12 1.3651E-11 1.8532E-11 2.2890E-11 3.3547E-11 4.5892E-11 5.7803E-11 7.4760E-11 9.8446E-11 1.2497E-10 1.5547E-10 1.9637E-10 2.3617E-10 2.9036E-10 3.5303E-10 4.2444E-10 5.1082E-10 6.1111E-10 7.2444E-10 8.5752E-10 1.0100E-09 1.1885E-09 1.3989E-09 1.6378E-09 1.9077E-09 2.1989E-09 2.5246E-09 2.8883E-09 3.2911E-09 3.7409E-09 4.2320E-09 4.7672E-09 5.3410E-09 5.9572E-09 6.6062E-09 7.3052E-09 8.2131E-09
0.0000E+00 0.0000E+00 0.0000E+00 0.0000E+00 0.0000E+00 0.0000E+00 0.0000E+00 0.0000E+00 0.0000E+00 0.0000E+00 0.0000E+00 0.0000E+00 0.0000E+00 0.0000E+00 0.0000E+00 3.1334E-12 3.7331E-12 4.4258E-12 5.2213E-12 7.3613E-12 9.3336E-12 1.1954E-11 1.7543E-11 2.1207E-11 3.0744E-11 4.3195E-11 5.4156E-11 7.0357E-11 9.2574E-11 1.1743E-10 1.4627E-10 1.8505E-10 2.2212E-10 2.7343E-10 3.3272E-10 4.0067E-10 4.8408E-10 5.7942E-10 6.8896E-10 8.1708E-10 9.6380E-10 1.1376E-09 1.3421E-09 1.5766E-09 1.8434E-09 2.1307E-09 2.4528E-09 2.8164E-09 3.2227E-09 3.6736E-09 4.1678E-09 4.7088E-09 5.2941E-09 5.9226E-09 6.5897E-09 7.3632E-09 9.4233E-09
0.0000E+00 0.0000E+00 0.0000E+00 0.0000E+00 0.0000E+00 0.0000E+00 0.0000E+00 0.0000E+00 0.0000E+00 0.0000E+00 0.0000E+00 0.0000E+00 0.0000E+00 0.0000E+00 0.0000E+00 2.9768E-12 3.5466E-12 4.2046E-12 4.9604E-12 6.4782E-12 8.8235E-12 1.0660E-11 1.6100E-11 1.9941E-11 2.7330E-11 4.0005E-11 4.9992E-11 6.5559E-11 8.6164E-11 1.0910E-10 1.3630E-10 1.7276E-10 2.0746E-10 2.5514E-10 3.1063E-10 3.7495E-10 4.5496E-10 5.4485E-10 6.4900E-10 7.7191E-10 9.1363E-10 1.0790E-09 1.2786E-09 1.5068E-09 1.7674E-09 2.0490E-09 2.3671E-09 2.7273E-09 3.1309E-09 3.5809E-09 4.0777E-09 4.6207E-09 5.2089E-09 5.8464E-09 6.5527E-09 7.5481E-09 1.0412E-08
0.0000E+00 0.0000E+00 0.0000E+00 0.0000E+00 0.0000E+00 0.0000E+00 0.0000E+00 0.0000E+00 0.0000E+00 0.0000E+00 0.0000E+00 0.0000E+00 0.0000E+00 0.0000E+00 0.0000E+00 2.8141E-12 3.3528E-12 3.9749E-12 4.6894E-12 5.6224E-12 8.2958E-12 9.8674E-12 1.4124E-11 1.8636E-11 2.3981E-11 3.5992E-11 4.5823E-11 6.0309E-11 7.9180E-11 1.0030E-10 1.2558E-10 1.5996E-10 1.9203E-10 2.3572E-10 2.8736E-10 3.4783E-10 4.2318E-10 5.0722E-10 6.0625E-10 7.2331E-10 8.5725E-10 1.0161E-09 1.2076E-09 1.4286E-09 1.6820E-09 1.9559E-09 2.2671E-09 2.6228E-09 3.0216E-09 3.4660E-09 3.9597E-09 4.4993E-09 5.0918E-09 5.7426E-09 6.5148E-09 9.4276E-09 1.0011E-08
0.0000E+00 0.0000E+00 0.0000E+00 0.0000E+00 0.0000E+00 0.0000E+00 0.0000E+00 0.0000E+00 0.0000E+00 0.0000E+00 0.0000E+00 0.0000E+00 0.0000E+00 0.0000E+00 0.0000E+00 2.6473E-12 3.1540E-12 3.7393E-12 4.4114E-12 5.1788E-12 7.2484E-12 9.2228E-12 1.1961E-11 1.7237E-11 2.1275E-11 3.1462E-11 4.1426E-11 5.4757E-11 7.1950E-11 9.0951E-11 1.1433E-10 1.4636E-10 1.7620E-10 2.1578E-10 2.6324E-10 3.1975E-10 3.8986E-10 4.6808E-10 5.6155E-10 6.7213E-10 7.9756E-10 9.4849E-10 1.1313E-09 1.3434E-09 1.5875E-09 1.8531E-09 2.1568E-09 2.5015E-09 2.8930E-09 3.3302E-09 3.8174E-09 4.3538E-09 4.9408E-09 5.6204E-09 6.7376E-09 8.9709E-09 9.5671E-09
0.0000E+00 0.0000E+00 0.0000E+00 0.0000E+00 0.0000E+00 0.0000E+00 0.0000E+00 0.0000E+00 0.0000E+00 0.0000E+00 0.0000E+00 0.0000E+00 0.0000E+00 0.0000E+00 0.0000E+00 2.4781E-12 2.9525E-12 3.5004E-12 4.1296E-12 4.8480E-12 6.1944E-12 8.5735E-12 1.0377E-11 1.5251E-11 1.9201E-11 2.6586E-11 3.6997E-11 4.8675E-11 6.4438E-11 8.1079E-11 1.0288E-10 1.3188E-10 1.6009E-10 1.9560E-10 2.3825E-10 2.9130E-10 3.5566E-10 4.2831E-10 5.1551E-10 6.1868E-10 7.3549E-10 8.7810E-10 1.0509E-09 1.2529E-09 1.4863E-09 1.7421E-09 2.0351E-09 2.3706E-09 2.7485E-09 3.1770E-09 3.6516E-09 4.1788E-09 4.7722E-09 5.5152E-09 7.8819E-09 8.4808E-09 9.0947E-09
0.0000E+00 0.0000E+00 0.0000E+00 0.0000E+00 0.0000E+00 0.0000E+00 0.0000E+00 0.0000E+00 0.0000E+00 0.0000E+00 0.0000E+00 0.0000E+00 0.0000E+00 0.0000E+00 0.0000E+00 2.3084E-12 2.7503E-12 3.2606E-12 3.8468E-12 4.5160E-12 5.2756E-12 7.5815E-12 9.3778E-12 1.2727E-11 1.7595E-11 2.2386E-11 3.2119E-11 4.2966E-11 5.6259E-11 7.1118E-11 9.1223E-11 1.1730E-10 1.4308E-10 1.7517E-10 2.1385E-10 2.6229E-10 3.2102E-10 3.8730E-10 4.6881E-10 5.6457E-10 6.7222E-10 8.0596E-10 9.6814E-10 1.1588E-09 1.3806E-09 1.6251E-09 1.9061E-09 2.2250E-09 2.5929E-09 3.0044E-09 3.4677E-09 3.9878E-09 4.5912E-09 5.8440E-09 7.3727E-09 7.9762E-09 8.5995E-09
0.0000E+00 0.0000E+00 0.0000E+00 0.0000E+00 0.0000E+00 0.0000E+00 0.0000E+00 0.0000E+00 0.0000E+00 0.0000E+00 0.0000E+00 0.0000E+00 0.0000E+00 0.0000E+00 0.0000E+00 2.1397E-12 2.5493E-12 3.0224E-12 3.5657E-12 4.1861E-12 4.8902E-12 6.3706E-12 8.6194E-12 1.0665E-11 1.5324E-11 1.9421E-11 2.6641E-11 3.7066E-11 4.8537E-11 6.1146E-11 7.9217E-11 1.0265E-10 1.2615E-10 1.5427E-10 1.8982E-10 2.3371E-10 2.8670E-10 3.4686E-10 4.2205E-10 5.1030E-10 6.0873E-10 7.3178E-10 8.8318E-10 1.0627E-09 1.2718E-09 1.5033E-09 1.7686E-09 2.0754E-09 2.4243E-09 2.8211E-09 3.2683E-09 3.7828E-09 4.4479E-09 6.2820E-09 6.8529E-09 7.4573E-09 8.0994E-09
0.0000E+00 0.0000E+00 0.0000E+00 0.0000E+00 0.0000E+00 0.0000E+00 0.0000E+00 0.0000E+00 0.0000E+00 0.0000E+00 0.0000E+00 0.0000E+00 0.0000E+00 0.0000E+00 0.0000E+00 1.9736E-12 2.3514E-12 2.7878E-12 3.2890E-12 3.8612E-12 4.5107E-12 5.2595E-12 7.4846E-12 9.2737E-12 1.2608E-11 1.7176E-11 2.2126E-11 3.0765E-11 4.1199E-11 5.2242E-11 6.7601E-11 8.8215E-11 1.0950E-10 1.3409E-10 1.6579E-10 2.0568E-10 2.5258E-10 3.0728E-10 3.7581E-10 4.5588E-10 5.4597E-10 6.5797E-10 7.9749E-10 9.6617E-10 1.1620E-09 1.3783E-09 1.6281E-09 1.9160E-09 2.2498E-09 2.6263E-09 3.0608E-09 3.5796E-09 4.7379E-09 5.7709E-09 6.3373E-09 6.9464E-09 7.6122E-09
0.0000E+00 0.0000E+00 0.0000E+00 0.0000E+00 0.0000E+00 0.0000E+00 0.0000E+00 0.0000E+00 0.0000E+00 0.0000E+00 0.0000E+00 0.0000E+00 0.0000E+00 0.0000E+00 0.0000E+00 1.8115E-12 2.1583E-12 2.5588E-12 3.0188E-12 3.5441E-12 4.1403E-12 4.8130E-12 6.1720E-12 8.4279E-12 1.0393E-11 1.4710E-11 1.8926E-11 2.4880E-11 3.3752E-11 4.4063E-11 5.6536E-11 7.3998E-11 9.3118E-11 1.1492E-10 1.4271E-10 1.7781E-10 2.1983E-10 2.6915E-10 3.3055E-10 4.0232E-10 4.8459E-10 5.8590E-10 7.1432E-10 8.6897E-10 1.0520E-09 1.2517E-09 1.4844E-09 1.7564E-09 2.0675E-09 2.4287E-09 2.8486E-09 3.4346E-09 4.7447E-09 5.2734E-09 5.8301E-09 6.4379E-09 7.1409E-09
0.0000E+00 0.0000E+00 0.0000E+00 0.0000E+00 0.0000E+00 0.0000E+00 0.0000E+00 0.0000E+00 0.0000E+00 0.0000E+00 0.0000E+00 0.0000E+00 0.0000E+00 0.0000E+00 0.0000E+00 1.6545E-12 1.9712E-12 2.3371E-12 2.7573E-12 3.2370E-12 3.7816E-12 4.3961E-12 5.0853E-12 7.0015E-12 8.9177E-12 1.1690E-11 1.5874E-11 2.0299E-11 2.6907E-11 3.5789E-11 4.6810E-11 6.0976E-11 7.7374E-11 9.6529E-11 1.2081E-10 1.5116E-10 1.8786E-10 2.3269E-10 2.8702E-10 3.5054E-10 4.2515E-10 5.1662E-10 6.3332E-10 7.7394E-10 9.4165E-10 1.1248E-09 1.3403E-09 1.5934E-09 1.8870E-09 2.2287E-09 2.6491E-09 3.8328E-09 4.2750E-09 4.7914E-09 5.3428E-09 5.9694E-09 6.6795E-09
0.0000E+00 0.0000E+00 0.0000E+00 0.0000E+00 0.0000E+00 0.0000E+00 0.0000E+00 0.0000E+00 0.0000E+00 0.0000E+00 0.0000E+00 0.0000E+00 0.0000E+00 0.0000E+00 0.0000E+00 1.5037E-12 1.7916E-12 2.1241E-12 2.5060E-12 2.9420E-12 3.4370E-12 3.9955E-12 4.6220E-12 5.6488E-12 7.7253E-12 9.5788E-12 1.2804E-11 1.6715E-11 2.1911E-11 2.8505E-11 3.7594E-11 4.9233E-11 6.3253E-11 7.9430E-11 1.0005E-10 1.2609E-10 1.5822E-10 1.9731E-10 2.4554E-10 3.0187E-10 3.6805E-10 4.5019E-10 5.5564E-10 6.8226E-10 8.3246E-10 1.0002E-09 1.1996E-09 1.4328E-09 1.7068E-09 2.0353E-09 2.5656E-09 3.4096E-09 3.8287E-09 4.3335E-09 4.8742E-09 5.5186E-09 6.2331E-09
0.0000E+00 0.0000E+00 0.0000E+00 0.0000E+00 0.0000E+00 0.0000E+00 0.0000E+00 0.0000E+00 0.0000E+00 0.0000E+00 0.0000E+00 0.0000E+00 0.0000E+00 0.0000E+00 0.0000E+00 1.3599E-12 1.6203E-12 1.9210E-12 2.2664E-12 2.6608E-12 3.1085E-12 3.6136E-12 4.1802E-12 4.8120E-12 6.2753E-12 8.1166E-12 9.9231E-12 1.3517E-11 1.7654E-11 2.3118E-11 2.9553E-11 3.8874E-11 5.0610E-11 6.4209E-11 8.0863E-11 1.0308E-10 1.3077E-10 1.6458E-10 2.0572E-10 2.5537E-10 3.1491E-10 3.8674E-10 4.8092E-10 5.9408E-10 7.2801E-10 8.7768E-10 1.0621E-09 1.2778E-09 1.5341E-09 1.8562E-09 2.6619E-09 3.0103E-09 3.4132E-09 3.9024E-09 4.4562E-09 5.0889E-09 5.7983E-09
0.0000E+00 0.0000E+00 0.0000E+00 0.0000E+00 0.0000E+00 0.0000E+00 0.0000E+00 0.0000E+00 0.0000E+00 0.0000E+00 0.0000E+00 0.0000E+00 0.0000E+00 0.0000E+00 0.0000E+00 1.2239E-12 1.4582E-12 1.7289E-12 2.0397E-12 2.3946E-12 2.7975E-12 3.2522E-12 3.7621E-12 4.3307E-12 4.8844E-12 6.3058E-12 7.9479E-12 1.0080E-11 1.3671E-11 1.8070E-11 2.3555E-11 2.9862E-11 3.9517E-11 5.0635E-11 6.4107E-11 8.2148E-11 1.0517E-10 1.3394E-10 1.6906E-10 2.1142E-10 2.6437E-10 3.2786E-10 4.0975E-10 5.0992E-10 6.2943E-10 7.6160E-10 9.2877E-10 1.1281E-09 1.3706E-09 1.8033E-09 2.3160E-09 2.6461E-09 3.0262E-09 3.5063E-09 4.0534E-09 4.6773E-09 5.3774E-09
0.0000E+00 0.0000E+00 0.0000E+00 0.0000E+00 0.0000E+00 0.0000E+00 0.0000E+00 0.0000E+00 0.0000E+00 0.0000E+00 0.0000E+00 0.0000E+00 0.0000E+00 0.0000E+00 0.0000E+00 1.0960E-12 1.3059E-12 1.5483E-12 1.8267E-12 2.1445E-12 2.5053E-12 2.9125E-12 3.3692E-12 3.9019E-12 4.2383E-12 4.7311E-12 6.1991E-12 7.8302E-12 1.0186E-11 1.3744E-11 1.8381E-11 2.3667E-11 2.9680E-11 3.8740E-11 5.0032E-11 6.3814E-11 8.2672E-11 1.0637E-10 1.3571E-10 1.7180E-10 2.1759E-10 2.7210E-10 3.4358E-10 4.3171E-10 5.3583E-10 6.5348E-10 8.0247E-10 9.8600E-10 1.2261E-09 1.7416E-09 2.0041E-09 2.3098E-09 2.6731E-09 3.1453E-09 3.6791E-09 4.2828E-09 4.9720E-09
0.0000E+00 0.0000E+00 0.0000E+00 0.0000E+00 0.0000E+00 0.0000E+00 0.0000E+00 0.0000E+00 0.0000E+00 0.0000E+00 0.0000E+00 0.0000E+00 0.0000E+00 0.0000E+00 0.0000E+00 6.9715E-13 1.1637E-12 1.3797E-12 1.6278E-12 1.9111E-12 2.2326E-12 2.5955E-12 3.0025E-12 3.3627E-12 3.6438E-12 3.9461E-12 4.5476E-12 5.9517E-12 7.6647E-12 1.0044E-11 1.3653E-11 1.8301E-11 2.3300E-11 2.9004E-11 3.8025E-11 4.8381E-11 6.3036E-11 8.2413E-11 1.0661E-10 1.3646E-10 1.7430E-10 2.2041E-10 2.8193E-10 3.5728E-10 4.4796E-10 5.5246E-10 6.8614E-10 8.5371E-10 1.1943E-09 1.4821E-09 1.7213E-09 2.0105E-09 2.3566E-09 2.8119E-09 3.3211E-09 3.9097E-09 4.5774E-09
0.0000E+00 0.0000E+00 0.0000E+00 0.0000E+00 0.0000E+00 0.0000E+00 0.0000E+00 0.0000E+00 0.0000E+00 0.0000E+00 0.0000E+00 0.0000E+00 0.0000E+00 0.0000E+00 0.0000E+00 2.3605E-13 9.0086E-13 1.2235E-12 1.4435E-12 1.6947E-12 1.9799E-12 2.3016E-12 2.6549E-12 2.8710E-12 3.1027E-12 3.3510E-12 3.6165E-12 4.2510E-12 5.5693E-12 7.3337E-12 9.6235E-12 1.3223E-11 1.7797E-11 2.2453E-11 2.7861E-11 3.5653E-11 4.6644E-11 6.1731E-11 8.1283E-11 1.0570E-10 1.3618E-10 1.7448E-10 2.2586E-10 2.8916E-10 3.6735E-10 4.6031E-10 5.7986E-10 7.4839E-10 1.0603E-09 1.2482E-09 1.4717E-09 1.7384E-09 2.0734E-09 2.4999E-09 2.9905E-09 3.5510E-09 4.1983E-09
0.0000E+00 0.0000E+00 0.0000E+00 0.0000E+00 0.0000E+00 0.0000E+00 0.0000E+00 0.0000E+00 0.0000E+00 0.0000E+00 0.0000E+00 0.0000E+00 0.0000E+00 0.0000E+00 0.0000E+00 0.0000E+00 3.9608E-13 1.0678E-12 1.2738E-12 1.4954E-12 1.7471E-12 2.0310E-12 2.2512E-12 2.4275E-12 2.6158E-12 2.8166E-12 3.0305E-12 3.2580E-12 3.8504E-12 5.0651E-12 6.8475E-12 8.9408E-12 1.2471E-11 1.6803E-11 2.1143E-11 2.6300E-11 3.3108E-11 4.4258E-11 5.9324E-11 7.8981E-11 1.0333E-10 1.3476E-10 1.7585E-10 2.2840E-10 2.9472E-10 3.7662E-10 4.8432E-10 7.3551E-10 8.7133E-10 1.0407E-09 1.2468E-09 1.5036E-09 1.8125E-09 2.2125E-09 2.6754E-09 3.2123E-09 3.8291E-09
