Assets/Resources/2015_m01_d13_0800(utc+0800)_l00_csi_1hr_conc.grd
DSAA
         159         159
     -79.000      79.000
     -79.000      79.000
  0.0000E+00  0.1234E-04
[rows 75 to 99 of 159, columns 0 to 56 of 159]
4.3914E-09 4.6412E-09 4.8993E-09 5.1678E-09 5.4400E-09 5.7203E-09 6.0071E-09 6.2969E-09 6.5947E-09 6.8881E-09 7.1858E-09 7.4829E-09 7.7750E-09 8.0586E-09 8.3294E-09 8.5996E-09 8.8301E-09 9.0351E-09 9.2212E-09 9.3603E-09 9.4633E-09 9.5277E-09 9.5601E-09 9.5711E-09 9.5595E-09 9.5467E-09 9.5371E-09 9.5656E-09 9.6406E-09 9.7605E-09 9.9373E-09 1.0123E-08 1.0309E-08 1.0517E-08 1.0831E-08 1.1066E-08 1.1310E-08 1.1683E-08 1.1969E-08 1.2264E-08 1.2709E-08 1.3066E-08 1.3442E-08 1.3981E-08 1.4443E-08 1.4922E-08 1.5420E-08 1.6043E-08 1.6626E-08 1.7240E-08 1.7889E-08 1.8661E-08 1.9492E-08 2.0452E-08 2.1646E-08 2.3043E-08 2.4815E-08
4.3239E-09 4.5697E-09 4.8251E-09 5.0886E-09 5.3567E-09 5.6344E-09 5.9163E-09 6.2021E-09 6.4966E-09 6.7862E-09 7.0813E-09 7.3770E-09 7.6696E-09 7.9560E-09 8.2323E-09 8.5123E-09 8.7564E-09 8.9821E-09 9.1930E-09 9.3689E-09 9.5097E-09 9.6184E-09 9.7009E-09 9.7572E-09 9.7887E-09 9.8110E-09 9.8435E-09 9.8794E-09 9.9595E-09 1.0067E-08 1.0255E-08 1.0441E-08 1.0650E-08 1.0864E-08 1.1209E-08 1.1470E-08 1.1742E-08 1.2151E-08 1.2469E-08 1.2796E-08 1.3283E-08 1.3675E-08 1.4091E-08 1.4689E-08 1.5197E-08 1.5733E-08 1.6286E-08 1.6981E-08 1.7639E-08 1.8322E-08 1.9076E-08 1.9936E-08 2.0903E-08 2.2048E-08 2.3432E-08 2.5122E-08 2.7320E-08
4.2515E-09 4.4935E-09 4.7459E-09 5.0047E-09 5.2689E-09 5.5437E-09 5.8213E-09 6.1057E-09 6.3941E-09 6.6818E-09 6.9740E-09 7.2673E-09 7.5598E-09 7.8480E-09 8.1284E-09 8.4160E-09 8.6705E-09 8.9119E-09 9.1474E-09 9.3499E-09 9.5224E-09 9.6689E-09 9.7925E-09 9.8915E-09 9.9647E-09 1.0024E-08 1.0087E-08 1.0161E-08 1.0240E-08 1.0352E-08 1.0543E-08 1.0737E-08 1.0949E-08 1.1174E-08 1.1547E-08 1.1833E-08 1.2130E-08 1.2574E-08 1.2922E-08 1.3281E-08 1.3802E-08 1.4229E-08 1.4684E-08 1.5331E-08 1.5885E-08 1.6466E-08 1.7069E-08 1.7832E-08 1.8542E-08 1.9296E-08 2.0128E-08 2.1062E-08 2.2120E-08 2.3398E-08 2.4926E-08 2.6862E-08 2.9366E-08
4.1740E-09 4.4122E-09 4.6617E-09 4.9156E-09 5.1766E-09 5.4470E-09 5.7209E-09 6.0028E-09 6.2863E-09 6.5730E-09 6.8630E-09 7.1538E-09 7.4453E-09 7.7333E-09 8.0164E-09 8.3096E-09 8.5722E-09 8.8286E-09 9.0825E-09 9.3061E-09 9.5057E-09 9.6826E-09 9.8416E-09 9.9776E-09 1.0089E-08 1.0185E-08 1.0281E-08 1.0379E-08 1.0475E-08 1.0593E-08 1.0785E-08 1.0986E-08 1.1208E-08 1.1461E-08 1.1839E-08 1.2148E-08 1.2470E-08 1.2945E-08 1.3321E-08 1.3708E-08 1.4263E-08 1.4716E-08 1.5207E-08 1.5897E-08 1.6489E-08 1.7112E-08 1.7752E-08 1.8568E-08 1.9324E-08 2.0130E-08 2.1034E-08 2.2005E-08 2.3133E-08 2.4479E-08 2.6114E-08 2.8217E-08 3.0904E-08
4.0912E-09 4.3253E-09 4.5712E-09 4.8206E-09 5.0783E-09 5.3444E-09 5.6142E-09 5.8929E-09 6.1721E-09 6.4567E-09 6.7442E-09 7.0326E-09 7.3233E-09 7.6114E-09 7.8965E-09 8.1922E-09 8.4630E-09 8.7309E-09 8.9986E-09 9.2404E-09 9.4606E-09 9.6624E-09 9.8524E-09 1.0019E-08 1.0164E-08 1.0295E-08 1.0420E-08 1.0544E-08 1.0669E-08 1.0796E-08 1.1006E-08 1.1204E-08 1.1437E-08 1.1690E-08 1.2097E-08 1.2410E-08 1.2754E-08 1.3257E-08 1.3657E-08 1.4065E-08 1.4653E-08 1.5134E-08 1.5650E-08 1.6373E-08 1.6996E-08 1.7654E-08 1.8328E-08 1.9174E-08 1.9971E-08 2.0798E-08 2.1752E-08 2.2744E-08 2.3910E-08 2.5315E-08 2.6968E-08 2.9149E-08 3.1901E-08
4.0029E-09 4.2334E-09 4.4743E-09 4.7194E-09 4.9732E-09 5.2350E-09 5.5006E-09 5.7757E-09 6.0504E-09 6.3317E-09 6.6162E-09 6.9028E-09 7.1917E-09 7.4791E-09 7.7652E-09 8.0639E-09 8.3425E-09 8.6167E-09 8.8975E-09 9.1517E-09 9.3884E-09 9.6103E-09 9.8254E-09 1.0018E-08 1.0193E-08 1.0353E-08 1.0505E-08 1.0656E-08 1.0804E-08 1.0961E-08 1.1180E-08 1.1384E-08 1.1616E-08 1.1879E-08 1.2292E-08 1.2627E-08 1.2976E-08 1.3503E-08 1.3921E-08 1.4349E-08 1.4964E-08 1.5471E-08 1.6009E-08 1.6753E-08 1.7404E-08 1.8081E-08 1.8788E-08 1.9640E-08 2.0460E-08 2.1314E-08 2.2272E-08 2.3318E-08 2.4439E-08 2.5843E-08 2.7514E-08 2.9654E-08 3.2415E-08
3.9089E-09 4.1354E-09 4.3712E-09 4.6116E-09 4.8615E-09 5.1185E-09 5.3793E-09 5.6504E-09 5.9206E-09 6.1982E-09 6.4794E-09 6.7631E-09 7.0497E-09 7.3356E-09 7.6225E-09 7.9249E-09 8.2068E-09 8.4866E-09 8.7760E-09 9.0401E-09 9.2897E-09 9.5278E-09 9.7629E-09 9.9770E-09 1.0173E-08 1.0360E-08 1.0538E-08 1.0714E-08 1.0885E-08 1.1061E-08 1.1305E-08 1.1514E-08 1.1751E-08 1.2014E-08 1.2438E-08 1.2776E-08 1.3134E-08 1.3677E-08 1.4108E-08 1.4550E-08 1.5189E-08 1.5717E-08 1.6272E-08 1.7029E-08 1.7693E-08 1.8391E-08 1.9106E-08 1.9988E-08 2.0786E-08 2.1662E-08 2.2606E-08 2.3639E-08 2.4746E-08 2.6080E-08 2.7764E-08 2.9753E-08 3.2396E-08
3.8093E-09 4.0312E-09 4.2618E-09 4.4972E-09 4.7429E-09 4.9945E-09 5.2505E-09 5.5167E-09 5.7822E-09 6.0556E-09 6.3330E-09 6.6131E-09 6.8964E-09 7.1805E-09 7.4695E-09 7.7715E-09 8.0562E-09 8.3391E-09 8.6339E-09 8.9056E-09 9.1652E-09 9.4157E-09 9.6664E-09 9.8957E-09 1.0111E-08 1.0320E-08 1.0521E-08 1.0719E-08 1.0911E-08 1.1105E-08 1.1364E-08 1.1580E-08 1.1820E-08 1.2085E-08 1.2517E-08 1.2860E-08 1.3237E-08 1.3773E-08 1.4216E-08 1.4672E-08 1.5321E-08 1.5866E-08 1.6434E-08 1.7197E-08 1.7863E-08 1.8566E-08 1.9283E-08 2.0164E-08 2.0961E-08 2.1813E-08 2.2748E-08 2.3726E-08 2.4836E-08 2.6039E-08 2.7667E-08 2.9541E-08 3.1924E-08
3.7043E-09 3.9212E-09 4.1462E-09 4.3763E-09 4.6172E-09 4.8631E-09 5.1141E-09 5.3745E-09 5.6350E-09 5.9037E-09 6.1767E-09 6.4525E-09 6.7319E-09 7.0160E-09 7.3028E-09 7.6042E-09 7.8894E-09 8.1736E-09 8.4714E-09 8.7483E-09 9.0150E-09 9.2748E-09 9.5361E-09 9.7757E-09 1.0008E-08 1.0234E-08 1.0455E-08 1.0672E-08 1.0882E-08 1.1093E-08 1.1366E-08 1.1604E-08 1.1848E-08 1.2115E-08 1.2541E-08 1.2888E-08 1.3255E-08 1.3803E-08 1.4242E-08 1.4708E-08 1.5363E-08 1.5915E-08 1.6488E-08 1.7251E-08 1.7914E-08 1.8610E-08 1.9331E-08 2.0180E-08 2.0982E-08 2.1780E-08 2.2676E-08 2.3624E-08 2.4653E-08 2.5853E-08 2.7277E-08 2.9047E-08 3.1128E-08
3.5940E-09 3.8054E-09 4.0247E-09 4.2490E-09 4.4845E-09 4.7243E-09 4.9697E-09 5.2240E-09 5.4790E-09 5.7423E-09 6.0103E-09 6.2813E-09 6.5587E-09 6.8387E-09 7.1226E-09 7.4224E-09 7.7058E-09 7.9900E-09 8.2884E-09 8.5686E-09 8.8399E-09 9.1060E-09 9.3692E-09 9.6219E-09 9.8664E-09 1.0106E-08 1.0342E-08 1.0575E-08 1.0800E-08 1.1025E-08 1.1310E-08 1.1557E-08 1.1817E-08 1.2084E-08 1.2508E-08 1.2845E-08 1.3209E-08 1.3749E-08 1.4183E-08 1.4656E-08 1.5310E-08 1.5862E-08 1.6434E-08 1.7187E-08 1.7841E-08 1.8521E-08 1.9225E-08 2.0038E-08 2.0821E-08 2.1593E-08 2.2414E-08 2.3332E-08 2.4239E-08 2.5377E-08 2.6670E-08 2.8220E-08 3.0076E-08
3.4789E-09 3.6843E-09 3.8975E-09 4.1157E-09 4.3451E-09 4.5783E-09 4.8176E-09 5.0655E-09 5.3144E-09 5.5718E-09 5.8341E-09 6.1015E-09 6.3741E-09 6.6489E-09 6.9293E-09 7.2256E-09 7.5056E-09 7.7885E-09 8.0854E-09 8.3667E-09 8.6405E-09 8.9032E-09 9.1751E-09 9.4350E-09 9.6880E-09 9.9368E-09 1.0185E-08 1.0430E-08 1.0667E-08 1.0903E-08 1.1198E-08 1.1452E-08 1.1717E-08 1.1993E-08 1.2405E-08 1.2732E-08 1.3087E-08 1.3625E-08 1.4060E-08 1.4514E-08 1.5163E-08 1.5708E-08 1.6272E-08 1.7006E-08 1.7647E-08 1.8306E-08 1.8982E-08 1.9764E-08 2.0498E-08 2.1251E-08 2.1978E-08 2.2820E-08 2.3665E-08 2.4682E-08 2.5868E-08 2.7160E-08 2.8741E-08
3.3594E-09 3.5583E-09 3.7650E-09 3.9770E-09 4.1995E-09 4.4257E-09 4.6583E-09 4.8995E-09 5.1416E-09 5.3925E-09 5.6497E-09 5.9118E-09 6.1783E-09 6.4476E-09 6.7224E-09 7.0143E-09 7.2896E-09 7.5696E-09 7.8630E-09 8.1437E-09 8.4121E-09 8.6789E-09 8.9525E-09 9.2167E-09 9.4751E-09 9.7292E-09 9.9851E-09 1.0239E-08 1.0485E-08 1.0729E-08 1.1030E-08 1.1290E-08 1.1558E-08 1.1835E-08 1.2237E-08 1.2556E-08 1.2903E-08 1.3422E-08 1.3848E-08 1.4302E-08 1.4924E-08 1.5457E-08 1.6006E-08 1.6713E-08 1.7332E-08 1.7966E-08 1.8609E-08 1.9342E-08 2.0020E-08 2.0729E-08 2.1407E-08 2.2128E-08 2.2940E-08 2.3804E-08 2.4849E-08 2.5959E-08 2.7238E-08
3.2359E-09 3.4281E-09 3.6279E-09 3.8330E-09 4.0482E-09 4.2671E-09 4.4923E-09 4.7264E-09 4.9613E-09 5.2058E-09 5.4569E-09 5.7118E-09 5.9723E-09 6.2344E-09 6.5026E-09 6.7890E-09 7.0590E-09 7.3342E-09 7.6222E-09 7.8966E-09 8.1634E-09 8.4306E-09 8.7028E-09 8.9692E-09 9.2299E-09 9.4870E-09 9.7472E-09 1.0006E-08 1.0257E-08 1.0506E-08 1.0810E-08 1.1073E-08 1.1342E-08 1.1613E-08 1.2015E-08 1.2324E-08 1.2659E-08 1.3154E-08 1.3569E-08 1.4003E-08 1.4606E-08 1.5112E-08 1.5642E-08 1.6314E-08 1.6904E-08 1.7507E-08 1.8112E-08 1.8788E-08 1.9425E-08 2.0060E-08 2.0703E-08 2.1293E-08 2.2033E-08 2.2806E-08 2.3662E-08 2.4630E-08 2.5600E-08
3.1089E-09 3.2940E-09 3.4868E-09 3.6846E-09 3.8918E-09 4.1033E-09 4.3204E-09 4.5469E-09 4.7747E-09 5.0124E-09 5.2557E-09 5.5030E-09 5.7560E-09 6.0101E-09 6.2708E-09 6.5508E-09 6.8144E-09 7.0834E-09 7.3626E-09 7.6305E-09 7.8960E-09 8.1602E-09 8.4274E-09 8.6948E-09 8.9551E-09 9.2128E-09 9.4738E-09 9.7341E-09 9.9872E-09 1.0239E-08 1.0540E-08 1.0806E-08 1.1070E-08 1.1334E-08 1.1726E-08 1.2033E-08 1.2353E-08 1.2824E-08 1.3218E-08 1.3635E-08 1.4202E-08 1.4682E-08 1.5186E-08 1.5817E-08 1.6374E-08 1.6939E-08 1.7505E-08 1.8123E-08 1.8695E-08 1.9260E-08 1.9841E-08 2.0373E-08 2.0989E-08 2.1692E-08 2.2360E-08 2.3143E-08 2.3921E-08
2.9792E-09 3.1567E-09 3.3423E-09 3.5324E-09 3.7311E-09 3.9349E-09 4.1434E-09 4.3619E-09 4.5828E-09 4.8122E-09 5.0475E-09 5.2859E-09 5.5304E-09 5.7763E-09 6.0285E-09 6.3008E-09 6.5569E-09 6.8162E-09 7.0859E-09 7.3502E-09 7.6101E-09 7.8694E-09 8.1295E-09 8.3960E-09 8.6536E-09 8.9092E-09 9.1673E-09 9.4268E-09 9.6793E-09 9.9299E-09 1.0226E-08 1.0491E-08 1.0747E-08 1.1005E-08 1.1383E-08 1.1679E-08 1.1983E-08 1.2428E-08 1.2799E-08 1.3194E-08 1.3725E-08 1.4183E-08 1.4648E-08 1.5234E-08 1.5751E-08 1.6275E-08 1.6796E-08 1.7354E-08 1.7866E-08 1.8377E-08 1.8867E-08 1.9361E-08 1.9851E-08 2.0430E-08 2.1001E-08 2.1582E-08 2.2181E-08
2.8473E-09 3.0170E-09 3.1951E-09 3.3772E-09 3.5670E-09 3.7628E-09 3.9622E-09 4.1732E-09 4.3857E-09 4.6062E-09 4.8329E-09 5.0614E-09 5.2968E-09 5.5348E-09 5.7778E-09 6.0407E-09 6.2874E-09 6.5339E-09 6.7987E-09 7.0544E-09 7.3081E-09 7.5610E-09 7.8131E-09 8.0758E-09 8.3284E-09 8.5795E-09 8.8316E-09 9.0873E-09 9.3378E-09 9.5850E-09 9.8737E-09 1.0130E-08 1.0379E-08 1.0630E-08 1.0993E-08 1.1276E-08 1.1572E-08 1.1988E-08 1.2334E-08 1.2698E-08 1.3190E-08 1.3610E-08 1.4046E-08 1.4575E-08 1.5050E-08 1.5528E-08 1.6001E-08 1.6500E-08 1.6952E-08 1.7390E-08 1.7823E-08 1.8242E-08 1.8691E-08 1.9103E-08 1.9565E-08 1.9994E-08 2.0349E-08
2.7140E-09 2.8755E-09 3.0458E-09 3.2197E-09 3.4006E-09 3.5880E-09 3.7791E-09 3.9805E-09 4.1845E-09 4.3951E-09 4.6122E-09 4.8307E-09 5.0564E-09 5.2861E-09 5.5188E-09 5.7710E-09 6.0061E-09 6.2428E-09 6.5006E-09 6.7458E-09 6.9924E-09 7.2374E-09 7.4820E-09 7.7361E-09 7.9828E-09 8.2275E-09 8.4708E-09 8.7208E-09 8.9673E-09 9.2089E-09 9.4859E-09 9.7318E-09 9.9741E-09 1.0216E-08 1.0561E-08 1.0829E-08 1.1106E-08 1.1502E-08 1.1821E-08 1.2155E-08 1.2601E-08 1.2986E-08 1.3379E-08 1.3855E-08 1.4285E-08 1.4715E-08 1.5138E-08 1.5576E-08 1.5971E-08 1.6346E-08 1.6697E-08 1.7057E-08 1.7427E-08 1.7753E-08 1.8067E-08 1.8370E-08 1.8528E-08
2.5799E-09 2.7331E-09 2.8950E-09 3.0608E-09 3.2326E-09 3.4117E-09 3.5938E-09 3.7851E-09 3.9804E-09 4.1802E-09 4.3872E-09 4.5966E-09 4.8121E-09 5.0319E-09 5.2530E-09 5.4915E-09 5.7182E-09 5.9458E-09 6.1934E-09 6.4268E-09 6.6655E-09 6.9015E-09 7.1373E-09 7.3787E-09 7.6204E-09 7.8570E-09 8.0922E-09 8.3317E-09 8.5727E-09 8.8051E-09 9.0684E-09 9.3024E-09 9.5372E-09 9.7682E-09 1.0093E-08 1.0345E-08 1.0604E-08 1.0968E-08 1.1260E-08 1.1563E-08 1.1964E-08 1.2311E-08 1.2665E-08 1.3094E-08 1.3470E-08 1.3851E-08 1.4223E-08 1.4602E-08 1.4940E-08 1.5255E-08 1.5543E-08 1.5840E-08 1.6121E-08 1.6378E-08 1.6562E-08 1.6731E-08 1.6760E-08
2.4472E-09 2.5908E-09 2.7438E-09 2.9014E-09 3.0640E-09 3.2340E-09 3.4071E-09 3.5882E-09 3.7742E-09 3.9627E-09 4.1594E-09 4.3597E-09 4.5641E-09 4.7731E-09 4.9809E-09 5.2075E-09 5.4265E-09 5.6435E-09 5.8782E-09 6.1020E-09 6.3298E-09 6.5560E-09 6.7819E-09 7.0083E-09 7.2447E-09 7.4718E-09 7.6978E-09 7.9255E-09 8.1580E-09 8.3773E-09 8.6287E-09 8.8487E-09 9.0748E-09 9.2931E-09 9.5962E-09 9.8310E-09 1.0071E-08 1.0404E-08 1.0675E-08 1.0946E-08 1.1302E-08 1.1607E-08 1.1921E-08 1.2292E-08 1.2626E-08 1.2952E-08 1.3274E-08 1.3594E-08 1.3878E-08 1.4136E-08 1.4372E-08 1.4601E-08 1.4788E-08 1.4973E-08 1.5078E-08 1.5122E-08 1.5075E-08
2.3156E-09 2.4507E-09 2.5936E-09 2.7424E-09 2.8953E-09 3.0560E-09 3.2203E-09 3.3905E-09 3.5670E-09 3.7450E-09 3.9307E-09 4.1213E-09 4.3135E-09 4.5103E-09 4.7077E-09 4.9233E-09 5.1316E-09 5.3375E-09 5.5579E-09 5.7723E-09 5.9871E-09 6.2038E-09 6.4190E-09 6.6338E-09 6.8584E-09 7.0761E-09 7.2917E-09 7.5058E-09 7.7238E-09 7.9344E-09 8.1723E-09 8.3804E-09 8.5909E-09 8.7974E-09 9.0779E-09 9.2947E-09 9.5151E-09 9.8157E-09 1.0059E-08 1.0306E-08 1.0618E-08 1.0884E-08 1.1154E-08 1.1473E-08 1.1757E-08 1.2034E-08 1.2306E-08 1.2572E-08 1.2803E-08 1.3008E-08 1.3196E-08 1.3360E-08 1.3492E-08 1.3570E-08 1.3617E-08 1.3564E-08 1.3467E-08
2.1865E-09 2.3127E-09 2.4456E-09 2.5854E-09 2.7280E-09 2.8787E-09 3.0341E-09 3.1931E-09 3.3599E-09 3.5282E-09 3.7027E-09 3.8822E-09 4.0618E-09 4.2470E-09 4.4353E-09 4.6379E-09 4.8339E-09 5.0298E-09 5.2366E-09 5.4399E-09 5.6408E-09 5.8480E-09 6.0517E-09 6.2552E-09 6.4631E-09 6.6737E-09 6.8780E-09 7.0789E-09 7.2787E-09 7.4813E-09 7.7046E-09 7.8998E-09 8.0919E-09 8.2875E-09 8.5448E-09 8.7433E-09 8.9430E-09 9.2117E-09 9.4280E-09 9.6453E-09 9.9171E-09 1.0142E-08 1.0371E-08 1.0642E-08 1.0884E-08 1.1116E-08 1.1335E-08 1.1550E-08 1.1732E-08 1.1891E-08 1.2029E-08 1.2136E-08 1.2204E-08 1.2215E-08 1.2184E-08 1.2089E-08 1.1949E-08
2.0604E-09 2.1780E-09 2.3006E-09 2.4302E-09 2.5641E-09 2.7037E-09 2.8497E-09 2.9978E-09 3.1542E-09 3.3130E-09 3.4753E-09 3.6436E-09 3.8131E-09 3.9870E-09 4.1643E-09 4.3530E-09 4.5366E-09 4.7227E-09 4.9168E-09 5.1058E-09 5.2964E-09 5.4908E-09 5.6833E-09 5.8750E-09 6.0662E-09 6.2682E-09 6.4602E-09 6.6466E-09 6.8304E-09 7.0208E-09 7.2308E-09 7.4122E-09 7.5896E-09 7.7673E-09 8.0034E-09 8.1833E-09 8.3632E-09 8.5999E-09 8.7896E-09 8.9782E-09 9.2136E-09 9.4053E-09 9.5969E-09 9.8167E-09 1.0013E-08 1.0201E-08 1.0380E-08 1.0542E-08 1.0681E-08 1.0798E-08 1.0888E-08 1.0944E-08 1.0959E-08 1.0924E-08 1.0828E-08 1.0709E-08 1.0528E-08
1.9377E-09 2.0467E-09 2.1592E-09 2.2790E-09 2.4031E-09 2.5325E-09 2.6678E-09 2.8063E-09 2.9516E-09 3.1006E-09 3.2506E-09 3.4077E-09 3.5682E-09 3.7294E-09 3.8949E-09 4.0722E-09 4.2437E-09 4.4175E-09 4.5996E-09 4.7740E-09 4.9548E-09 5.1344E-09 5.3167E-09 5.4962E-09 5.6752E-09 5.8591E-09 6.0407E-09 6.2147E-09 6.3855E-09 6.5565E-09 6.7559E-09 6.9230E-09 7.0858E-09 7.2434E-09 7.4599E-09 7.6214E-09 7.7808E-09 7.9875E-09 8.1518E-09 8.3130E-09 8.5115E-09 8.6756E-09 8.8314E-09 9.0078E-09 9.1613E-09 9.3093E-09 9.4442E-09 9.5597E-09 9.6614E-09 9.7407E-09 9.7866E-09 9.7984E-09 9.7675E-09 9.6886E-09 9.5605E-09 9.4258E-09 9.2388E-09
1.8184E-09 1.9191E-09 2.0226E-09 2.1324E-09 2.2473E-09 2.3653E-09 2.4903E-09 2.6194E-09 2.7523E-09 2.8915E-09 3.0322E-09 3.1779E-09 3.3273E-09 3.4759E-09 3.6298E-09 3.7968E-09 3.9545E-09 4.1157E-09 4.2875E-09 4.4497E-09 4.6162E-09 4.7837E-09 4.9543E-09 5.1219E-09 5.2885E-09 5.4527E-09 5.6249E-09 5.7868E-09 5.9447E-09 6.0987E-09 6.2816E-09 6.4371E-09 6.5851E-09 6.7277E-09 6.9176E-09 7.0637E-09 7.2031E-09 7.3815E-09 7.5216E-09 7.6573E-09 7.8216E-09 7.9554E-09 8.0837E-09 8.2149E-09 8.3318E-09 8.4433E-09 8.5450E-09 8.6227E-09 8.6820E-09 8.7196E-09 8.7249E-09 8.6949E-09 8.6239E-09 8.5070E-09 8.3687E-09 8.2101E-09 8.0126E-09
1.7023E-09 1.7950E-09 1.8907E-09 1.9907E-09 2.0962E-09 2.2047E-09 2.3188E-09 2.4377E-09 2.5589E-09 2.6880E-09 2.8196E-09 2.9530E-09 3.0910E-09 3.2304E-09 3.3721E-09 3.5263E-09 3.6719E-09 3.8215E-09 3.9812E-09 4.1324E-09 4.2843E-09 4.4418E-09 4.5972E-09 4.7547E-09 4.9084E-09 5.0593E-09 5.2122E-09 5.3664E-09 5.5113E-09 5.6522E-09 5.8116E-09 5.9583E-09 6.0923E-09 6.2201E-09 6.3854E-09 6.5148E-09 6.6359E-09 6.7878E-09 6.9054E-09 7.0174E-09 7.1508E-09 7.2570E-09 7.3566E-09 7.4510E-09 7.5426E-09 7.6182E-09 7.6826E-09 7.7318E-09 7.7656E-09 7.7654E-09 7.7400E-09 7.6805E-09 7.5840E-09 7.4485E-09 7.3124E-09 7.1522E-09 6.9547E-09
