Assets/Resources/2015_m01_d14_0100(utc+0800)_l00_csi_1hr_conc.grd
DSAA
         159         159
     -79.000      79.000
     -79.000      79.000
  0.0000E+00  0.9977E-05
[rows 25 to 49 of 159, columns 0 to 56 of 159]
2.4613E-09 2.5110E-09 2.5587E-09 2.6045E-09 2.6494E-09 2.6931E-09 2.7333E-09 2.7705E-09 2.8062E-09 2.8410E-09 2.8719E-09 2.8982E-09 2.9211E-09 2.9422E-09 2.9599E-09 2.9727E-09 2.9809E-09 2.9850E-09 2.9862E-09 2.9827E-09 2.9745E-09 2.9612E-09 2.9438E-09 2.9220E-09 2.8951E-09 2.8629E-09 2.8257E-09 2.7837E-09 2.7372E-09 2.6860E-09 2.6298E-09 2.5691E-09 2.5039E-09 2.4342E-09 2.3604E-09 2.2831E-09 2.2027E-09 2.1195E-09 2.0338E-09 1.9465E-09 1.8576E-09 1.7673E-09 1.6757E-09 1.5836E-09 1.4912E-09 1.3984E-09 1.3063E-09 1.2155E-09 1.1270E-09 1.0412E-09 9.5938E-10 8.8041E-10 8.0368E-10 7.3175E-10 6.6253E-10 5.9679E-10 5.3365E-10
2.5629E-09 2.6157E-09 2.6666E-09 2.7171E-09 2.7662E-09 2.8120E-09 2.8553E-09 2.8980E-09 2.9387E-09 2.9747E-09 3.0073E-09 3.0378E-09 3.0656E-09 3.0891E-09 3.1071E-09 3.1221E-09 3.1339E-09 3.1411E-09 3.1433E-09 3.1401E-09 3.1335E-09 3.1220E-09 3.1054E-09 3.0829E-09 3.0553E-09 3.0228E-09 2.9857E-09 2.9434E-09 2.8953E-09 2.8416E-09 2.7817E-09 2.7170E-09 2.6475E-09 2.5736E-09 2.4964E-09 2.4157E-09 2.3316E-09 2.2443E-09 2.1541E-09 2.0613E-09 1.9660E-09 1.8696E-09 1.7720E-09 1.6739E-09 1.5756E-09 1.4769E-09 1.3784E-09 1.2813E-09 1.1865E-09 1.0954E-09 1.0075E-09 9.2379E-10 8.4285E-10 7.6497E-10 6.9156E-10 6.2201E-10 5.5541E-10
2.6676E-09 2.7236E-09 2.7801E-09 2.8352E-09 2.8866E-09 2.9357E-09 2.9852E-09 3.0320E-09 3.0745E-09 3.1139E-09 3.1517E-09 3.1861E-09 3.2154E-09 3.2411E-09 3.2634E-09 3.2822E-09 3.2957E-09 3.3041E-09 3.3085E-09 3.3085E-09 3.3033E-09 3.2919E-09 3.2756E-09 3.2537E-09 3.2269E-09 3.1949E-09 3.1569E-09 3.1123E-09 3.0613E-09 3.0043E-09 2.9418E-09 2.8750E-09 2.8038E-09 2.7276E-09 2.6467E-09 2.5610E-09 2.4709E-09 2.3772E-09 2.2812E-09 2.1826E-09 2.0820E-09 1.9797E-09 1.8766E-09 1.7729E-09 1.6679E-09 1.5628E-09 1.4580E-09 1.3541E-09 1.2528E-09 1.1552E-09 1.0617E-09 9.7206E-10 8.8585E-10 8.0304E-10 7.2381E-10 6.5009E-10 5.8007E-10
2.7758E-09 2.8382E-09 2.8988E-09 2.9558E-09 3.0113E-09 3.0679E-09 3.1212E-09 3.1700E-09 3.2165E-09 3.2615E-09 3.3032E-09 3.3396E-09 3.3725E-09 3.4028E-09 3.4286E-09 3.4495E-09 3.4653E-09 3.4773E-09 3.4846E-09 3.4860E-09 3.4818E-09 3.4718E-09 3.4568E-09 3.4365E-09 3.4099E-09 3.3764E-09 3.3364E-09 3.2899E-09 3.2381E-09 3.1807E-09 3.1172E-09 3.0476E-09 2.9715E-09 2.8897E-09 2.8031E-09 2.7124E-09 2.6176E-09 2.5197E-09 2.4187E-09 2.3145E-09 2.2085E-09 2.1003E-09 1.9906E-09 1.8804E-09 1.7694E-09 1.6575E-09 1.5451E-09 1.4346E-09 1.3270E-09 1.2225E-09 1.1220E-09 1.0265E-09 9.3412E-10 8.4580E-10 7.6186E-10 6.8172E-10 6.0858E-10
2.8902E-09 2.9563E-09 3.0195E-09 3.0822E-09 3.1454E-09 3.2047E-09 3.2602E-09 3.3147E-09 3.3676E-09 3.4160E-09 3.4596E-09 3.5007E-09 3.5395E-09 3.5733E-09 3.6012E-09 3.6252E-09 3.6457E-09 3.6611E-09 3.6700E-09 3.6728E-09 3.6708E-09 3.6637E-09 3.6502E-09 3.6295E-09 3.6017E-09 3.5678E-09 3.5284E-09 3.4826E-09 3.4298E-09 3.3692E-09 3.3012E-09 3.2267E-09 3.1470E-09 3.0623E-09 2.9729E-09 2.8782E-09 2.7787E-09 2.6754E-09 2.5679E-09 2.4571E-09 2.3438E-09 2.2288E-09 2.1130E-09 1.9964E-09 1.8788E-09 1.7604E-09 1.6422E-09 1.5242E-09 1.4088E-09 1.2972E-09 1.1908E-09 1.0879E-09 9.8985E-10 8.9488E-10 8.0457E-10 7.1958E-10 6.4045E-10
3.0082E-09 3.0777E-09 3.1466E-09 3.2163E-09 3.2820E-09 3.3453E-09 3.4077E-09 3.4680E-09 3.5232E-09 3.5748E-09 3.6255E-09 3.6724E-09 3.7136E-09 3.7498E-09 3.7835E-09 3.8131E-09 3.8363E-09 3.8529E-09 3.8647E-09 3.8716E-09 3.8727E-09 3.8662E-09 3.8531E-09 3.8345E-09 3.8090E-09 3.7769E-09 3.7373E-09 3.6895E-09 3.6337E-09 3.5703E-09 3.5011E-09 3.4259E-09 3.3445E-09 3.2560E-09 3.1618E-09 3.0617E-09 2.9566E-09 2.8475E-09 2.7345E-09 2.6186E-09 2.5001E-09 2.3798E-09 2.2578E-09 2.1352E-09 2.0113E-09 1.8866E-09 1.7620E-09 1.6388E-09 1.5163E-09 1.3970E-09 1.2826E-09 1.1735E-09 1.0684E-09 9.6788E-10 8.7169E-10 7.8162E-10 6.9654E-10
3.1288E-09 3.2037E-09 3.2806E-09 3.3536E-09 3.4240E-09 3.4939E-09 3.5618E-09 3.6251E-09 3.6853E-09 3.7446E-09 3.7997E-09 3.8494E-09 3.8953E-09 3.9386E-09 3.9769E-09 4.0083E-09 4.0345E-09 4.0562E-09 4.0723E-09 4.0814E-09 4.0832E-09 4.0794E-09 4.0697E-09 4.0524E-09 4.0274E-09 3.9943E-09 3.9529E-09 3.9034E-09 3.8470E-09 3.7838E-09 3.7128E-09 3.6331E-09 3.5466E-09 3.4533E-09 3.3543E-09 3.2490E-09 3.1399E-09 3.0261E-09 2.9076E-09 2.7856E-09 2.6607E-09 2.5333E-09 2.4042E-09 2.2737E-09 2.1420E-09 2.0095E-09 1.8775E-09 1.7471E-09 1.6177E-09 1.4915E-09 1.3693E-09 1.2517E-09 1.1408E-09 1.0326E-09 9.3074E-10 8.3400E-10 7.4433E-10
3.2542E-09 3.3377E-09 3.4177E-09 3.4949E-09 3.5728E-09 3.6492E-09 3.7204E-09 3.7888E-09 3.8569E-09 3.9212E-09 3.9803E-09 4.0355E-09 4.0882E-09 4.1359E-09 4.1772E-09 4.2134E-09 4.2449E-09 4.2705E-09 4.2892E-09 4.3007E-09 4.3069E-09 4.3068E-09 4.2979E-09 4.2814E-09 4.2565E-09 4.2242E-09 4.1836E-09 4.1357E-09 4.0790E-09 4.0124E-09 3.9374E-09 3.8549E-09 3.7660E-09 3.6698E-09 3.5680E-09 3.4594E-09 3.3455E-09 3.2252E-09 3.1011E-09 2.9732E-09 2.8422E-09 2.7086E-09 2.5729E-09 2.4359E-09 2.2971E-09 2.1567E-09 2.0177E-09 1.8798E-09 1.7444E-09 1.6108E-09 1.4816E-09 1.3573E-09 1.2375E-09 1.1237E-09 1.0140E-09 9.1197E-10 8.1530E-10
3.3863E-09 3.4734E-09 3.5586E-09 3.6442E-09 3.7283E-09 3.8075E-09 3.8848E-09 3.9625E-09 4.0357E-09 4.1038E-09 4.1688E-09 4.2319E-09 4.2895E-09 4.3408E-09 4.3874E-09 4.4293E-09 4.4654E-09 4.4945E-09 4.5166E-09 4.5331E-09 4.5434E-09 4.5443E-09 4.5370E-09 4.5215E-09 4.4984E-09 4.4672E-09 4.4274E-09 4.3774E-09 4.3172E-09 4.2486E-09 4.1726E-09 4.0884E-09 3.9967E-09 3.8967E-09 3.7897E-09 3.6749E-09 3.5555E-09 3.4301E-09 3.3005E-09 3.1663E-09 3.0283E-09 2.8875E-09 2.7448E-09 2.6006E-09 2.4543E-09 2.3066E-09 2.1589E-09 2.0125E-09 1.8686E-09 1.7276E-09 1.5902E-09 1.4583E-09 1.3316E-09 1.2088E-09 1.0938E-09 9.8343E-10 8.8225E-10
3.5215E-09 3.6135E-09 3.7061E-09 3.7983E-09 3.8866E-09 3.9727E-09 4.0591E-09 4.1413E-09 4.2193E-09 4.2949E-09 4.3680E-09 4.4357E-09 4.4972E-09 4.5552E-09 4.6082E-09 4.6551E-09 4.6951E-09 4.7287E-09 4.7559E-09 4.7774E-09 4.7893E-09 4.7924E-09 4.7874E-09 4.7749E-09 4.7537E-09 4.7230E-09 4.6810E-09 4.6294E-09 4.5697E-09 4.5010E-09 4.4228E-09 4.3353E-09 4.2395E-09 4.1347E-09 4.0236E-09 3.9054E-09 3.7815E-09 3.6503E-09 3.5142E-09 3.3730E-09 3.2284E-09 3.0806E-09 2.9306E-09 2.7790E-09 2.6248E-09 2.4689E-09 2.3130E-09 2.1583E-09 2.0061E-09 1.8575E-09 1.7129E-09 1.5734E-09 1.4398E-09 1.3106E-09 1.1860E-09 1.0706E-09 9.6053E-10
3.6585E-09 3.7587E-09 3.8594E-09 3.9560E-09 4.0504E-09 4.1457E-09 4.2380E-09 4.3258E-09 4.4114E-09 4.4946E-09 4.5730E-09 4.6460E-09 4.7150E-09 4.7793E-09 4.8374E-09 4.8894E-09 4.9352E-09 4.9741E-09 5.0052E-09 5.0306E-09 5.0457E-09 5.0522E-09 5.0509E-09 5.0409E-09 5.0200E-09 4.9878E-09 4.9482E-09 4.8999E-09 4.8401E-09 4.7691E-09 4.6886E-09 4.5986E-09 4.5002E-09 4.3940E-09 4.2805E-09 4.1578E-09 4.0282E-09 3.8916E-09 3.7505E-09 3.6042E-09 3.4542E-09 3.3002E-09 3.1437E-09 2.9846E-09 2.8237E-09 2.6619E-09 2.4996E-09 2.3381E-09 2.1781E-09 2.0209E-09 1.8680E-09 1.7203E-09 1.5783E-09 1.4414E-09 1.3106E-09 1.1850E-09 1.0696E-09
3.8010E-09 3.9095E-09 4.0144E-09 4.1176E-09 4.2220E-09 4.3239E-09 4.4213E-09 4.5168E-09 4.6110E-09 4.7004E-09 4.7844E-09 4.8648E-09 4.9409E-09 5.0112E-09 5.0755E-09 5.1338E-09 5.1850E-09 5.2284E-09 5.2639E-09 5.2941E-09 5.3127E-09 5.3242E-09 5.3261E-09 5.3164E-09 5.2956E-09 5.2680E-09 5.2306E-09 5.1800E-09 5.1181E-09 5.0464E-09 4.9643E-09 4.8733E-09 4.7732E-09 4.6633E-09 4.5444E-09 4.4166E-09 4.2830E-09 4.1422E-09 3.9956E-09 3.8428E-09 3.6856E-09 3.5244E-09 3.3625E-09 3.1980E-09 3.0304E-09 2.8599E-09 2.6884E-09 2.5172E-09 2.3477E-09 2.1818E-09 2.0208E-09 1.8661E-09 1.7165E-09 1.5717E-09 1.4333E-09 1.3016E-09 1.1760E-09
3.9479E-09 4.0619E-09 4.1736E-09 4.2861E-09 4.3975E-09 4.5050E-09 4.6107E-09 4.7152E-09 4.8156E-09 4.9110E-09 5.0033E-09 5.0914E-09 5.1739E-09 5.2509E-09 5.3221E-09 5.3862E-09 5.4428E-09 5.4916E-09 5.5325E-09 5.5672E-09 5.5901E-09 5.6068E-09 5.6096E-09 5.6019E-09 5.5873E-09 5.5613E-09 5.5214E-09 5.4708E-09 5.4112E-09 5.3402E-09 5.2581E-09 5.1658E-09 5.0627E-09 4.9494E-09 4.8280E-09 4.6981E-09 4.5606E-09 4.4147E-09 4.2627E-09 4.1049E-09 3.9443E-09 3.7793E-09 3.6115E-09 3.4393E-09 3.2637E-09 3.0856E-09 2.9068E-09 2.7288E-09 2.5525E-09 2.3795E-09 2.2112E-09 2.0491E-09 1.8915E-09 1.7392E-09 1.5933E-09 1.4541E-09 1.3212E-09
4.0970E-09 4.2167E-09 4.3371E-09 4.4584E-09 4.5757E-09 4.6911E-09 4.8058E-09 4.9175E-09 5.0247E-09 5.1285E-09 5.2288E-09 5.3237E-09 5.4139E-09 5.4982E-09 5.5757E-09 5.6459E-09 5.7087E-09 5.7638E-09 5.8095E-09 5.8495E-09 5.8778E-09 5.8969E-09 5.9031E-09 5.9026E-09 5.8893E-09 5.8617E-09 5.8237E-09 5.7768E-09 5.7169E-09 5.6450E-09 5.5617E-09 5.4670E-09 5.3617E-09 5.2467E-09 5.1226E-09 4.9886E-09 4.8463E-09 4.6960E-09 4.5405E-09 4.3794E-09 4.2131E-09 4.0411E-09 3.8656E-09 3.6862E-09 3.5052E-09 3.3212E-09 3.1356E-09 2.9499E-09 2.7652E-09 2.5835E-09 2.4069E-09 2.2357E-09 2.0694E-09 1.9079E-09 1.7531E-09 1.6058E-09 1.4660E-09
4.2465E-09 4.3748E-09 4.5049E-09 4.6320E-09 4.7570E-09 4.8820E-09 5.0047E-09 5.1234E-09 5.2389E-09 5.3513E-09 5.4587E-09 5.5620E-09 5.6599E-09 5.7511E-09 5.8356E-09 5.9127E-09 5.9826E-09 6.0432E-09 6.0944E-09 6.1410E-09 6.1723E-09 6.1960E-09 6.2104E-09 6.2116E-09 6.1974E-09 6.1733E-09 6.1406E-09 6.0933E-09 6.0330E-09 5.9612E-09 5.8771E-09 5.7811E-09 5.6747E-09 5.5576E-09 5.4304E-09 5.2927E-09 5.1472E-09 4.9954E-09 4.8365E-09 4.6695E-09 4.4963E-09 4.3190E-09 4.1398E-09 3.9567E-09 3.7693E-09 3.5782E-09 3.3851E-09 3.1911E-09 2.9975E-09 2.8075E-09 2.6226E-09 2.4429E-09 2.2679E-09 2.0978E-09 1.9341E-09 1.7773E-09 1.6218E-09
4.3977E-09 4.5358E-09 4.6729E-09 4.8075E-09 4.9422E-09 5.0755E-09 5.2058E-09 5.3327E-09 5.4571E-09 5.5773E-09 5.6935E-09 5.8051E-09 5.9105E-09 6.0093E-09 6.1011E-09 6.1864E-09 6.2623E-09 6.3288E-09 6.3873E-09 6.4384E-09 6.4745E-09 6.5061E-09 6.5244E-09 6.5252E-09 6.5163E-09 6.4987E-09 6.4651E-09 6.4183E-09 6.3602E-09 6.2884E-09 6.2035E-09 6.1074E-09 6.0002E-09 5.8809E-09 5.7508E-09 5.6122E-09 5.4663E-09 5.3105E-09 5.1455E-09 4.9742E-09 4.7994E-09 4.6197E-09 4.4351E-09 4.2466E-09 4.0534E-09 3.8560E-09 3.6565E-09 3.4556E-09 3.2550E-09 3.0571E-09 2.8643E-09 2.6762E-09 2.4922E-09 2.3128E-09 2.1393E-09 1.9708E-09 1.7899E-09
4.5510E-09 4.6972E-09 4.8414E-09 4.9850E-09 5.1287E-09 5.2703E-09 5.4084E-09 5.5448E-09 5.6777E-09 5.8065E-09 5.9319E-09 6.0516E-09 6.1649E-09 6.2714E-09 6.3722E-09 6.4642E-09 6.5467E-09 6.6212E-09 6.6848E-09 6.7417E-09 6.7857E-09 6.8218E-09 6.8415E-09 6.8488E-09 6.8471E-09 6.8286E-09 6.7970E-09 6.7542E-09 6.6961E-09 6.6239E-09 6.5406E-09 6.4451E-09 6.3359E-09 6.2151E-09 6.0864E-09 5.9477E-09 5.7972E-09 5.6374E-09 5.4719E-09 5.3004E-09 5.1217E-09 4.9382E-09 4.7502E-09 4.5576E-09 4.3602E-09 4.1583E-09 3.9531E-09 3.7463E-09 3.5393E-09 3.3343E-09 3.1333E-09 2.9370E-09 2.7448E-09 2.5558E-09 2.3720E-09 2.1764E-09 1.9866E-09
4.7041E-09 4.8575E-09 5.0101E-09 5.1635E-09 5.3154E-09 5.4649E-09 5.6126E-09 5.7580E-09 5.8994E-09 6.0384E-09 6.1722E-09 6.3000E-09 6.4219E-09 6.5378E-09 6.6460E-09 6.7450E-09 6.8357E-09 6.9169E-09 6.9863E-09 7.0515E-09 7.1013E-09 7.1394E-09 7.1664E-09 7.1807E-09 7.1800E-09 7.1645E-09 7.1383E-09 7.0956E-09 7.0381E-09 6.9695E-09 6.8870E-09 6.7898E-09 6.6811E-09 6.5639E-09 6.4346E-09 6.2919E-09 6.1406E-09 5.9826E-09 5.8162E-09 5.6420E-09 5.4622E-09 5.2767E-09 5.0867E-09 4.8917E-09 4.6911E-09 4.4860E-09 4.2767E-09 4.0645E-09 3.8530E-09 3.6429E-09 3.4357E-09 3.2312E-09 3.0293E-09 2.8309E-09 2.6285E-09 2.4170E-09 2.2283E-09
4.8548E-09 5.0159E-09 5.1782E-09 5.3403E-09 5.5011E-09 5.6596E-09 5.8168E-09 5.9709E-09 6.1225E-09 6.2705E-09 6.4125E-09 6.5497E-09 6.6806E-09 6.8052E-09 6.9209E-09 7.0279E-09 7.1269E-09 7.2143E-09 7.2910E-09 7.3646E-09 7.4164E-09 7.4616E-09 7.4978E-09 7.5124E-09 7.5163E-09 7.5079E-09 7.4822E-09 7.4407E-09 7.3885E-09 7.3210E-09 7.2377E-09 7.1432E-09 7.0387E-09 6.9208E-09 6.7892E-09 6.6486E-09 6.5001E-09 6.3411E-09 6.1746E-09 6.0011E-09 5.8214E-09 5.6358E-09 5.4449E-09 5.2493E-09 5.0474E-09 4.8405E-09 4.6302E-09 4.4162E-09 4.2000E-09 3.9840E-09 3.7700E-09 3.5586E-09 3.3493E-09 3.1383E-09 2.9120E-09 2.6974E-09 2.5061E-09
5.0023E-09 5.1726E-09 5.3442E-09 5.5148E-09 5.6841E-09 5.8526E-09 6.0192E-09 6.1827E-09 6.3446E-09 6.5010E-09 6.6525E-09 6.7983E-09 6.9394E-09 7.0718E-09 7.1954E-09 7.3118E-09 7.4176E-09 7.5116E-09 7.5978E-09 7.6750E-09 7.7324E-09 7.7888E-09 7.8266E-09 7.8449E-09 7.8583E-09 7.8511E-09 7.8267E-09 7.7920E-09 7.7414E-09 7.6739E-09 7.5951E-09 7.5052E-09 7.4008E-09 7.2827E-09 7.1548E-09 7.0176E-09 6.8690E-09 6.7128E-09 6.5486E-09 6.3773E-09 6.1989E-09 6.0150E-09 5.8257E-09 5.6312E-09 5.4318E-09 5.2261E-09 5.0142E-09 4.7977E-09 4.5781E-09 4.3592E-09 4.1412E-09 3.9239E-09 3.7034E-09 3.4649E-09 3.2311E-09 3.0218E-09 2.8180E-09
5.1459E-09 5.3260E-09 5.5058E-09 5.6857E-09 5.8644E-09 6.0424E-09 6.2177E-09 6.3922E-09 6.5630E-09 6.7284E-09 6.8895E-09 7.0456E-09 7.1947E-09 7.3353E-09 7.4684E-09 7.5929E-09 7.7053E-09 7.8092E-09 7.9003E-09 7.9828E-09 8.0515E-09 8.1114E-09 8.1524E-09 8.1808E-09 8.1972E-09 8.1911E-09 8.1747E-09 8.1427E-09 8.0926E-09 8.0307E-09 7.9570E-09 7.8684E-09 7.7656E-09 7.6522E-09 7.5284E-09 7.3929E-09 7.2491E-09 7.0969E-09 6.9366E-09 6.7686E-09 6.5947E-09 6.4143E-09 6.2301E-09 6.0404E-09 5.8430E-09 5.6385E-09 5.4275E-09 5.2128E-09 4.9940E-09 4.7724E-09 4.5486E-09 4.3243E-09 4.0849E-09 3.8366E-09 3.6127E-09 3.3943E-09 3.1761E-09
5.2849E-09 5.4737E-09 5.6625E-09 5.8511E-09 6.0396E-09 6.2271E-09 6.4124E-09 6.5967E-09 6.7760E-09 6.9513E-09 7.1219E-09 7.2875E-09 7.4451E-09 7.5943E-09 7.7370E-09 7.8685E-09 7.9892E-09 8.1014E-09 8.1966E-09 8.2894E-09 8.3647E-09 8.4271E-09 8.4781E-09 8.5117E-09 8.5292E-09 8.5311E-09 8.5190E-09 8.4879E-09 8.4439E-09 8.3877E-09 8.3167E-09 8.2308E-09 8.1335E-09 8.0253E-09 7.9049E-09 7.7758E-09 7.6379E-09 7.4912E-09 7.3366E-09 7.1753E-09 7.0080E-09 6.8359E-09 6.6573E-09 6.4721E-09 6.2793E-09 6.0806E-09 5.8756E-09 5.6632E-09 5.4441E-09 5.2210E-09 4.9963E-09 4.7620E-09 4.5090E-09 4.2683E-09 4.0397E-09 3.8077E-09 3.5755E-09
5.4173E-09 5.6143E-09 5.8123E-09 6.0103E-09 6.2080E-09 6.4043E-09 6.6005E-09 6.7936E-09 6.9820E-09 7.1672E-09 7.3477E-09 7.5217E-09 7.6875E-09 7.8467E-09 7.9974E-09 8.1360E-09 8.2669E-09 8.3832E-09 8.4857E-09 8.5897E-09 8.6664E-09 8.7363E-09 8.7976E-09 8.8313E-09 8.8561E-09 8.8650E-09 8.8536E-09 8.8285E-09 8.7910E-09 8.7388E-09 8.6714E-09 8.5916E-09 8.5008E-09 8.3972E-09 8.2847E-09 8.1630E-09 8.0324E-09 7.8935E-09 7.7477E-09 7.5964E-09 7.4394E-09 7.2748E-09 7.1038E-09 6.9266E-09 6.7445E-09 6.5541E-09 6.3544E-09 6.1467E-09 5.9326E-09 5.7150E-09 5.4867E-09 5.2372E-09 4.9848E-09 4.7474E-09 4.5091E-09 4.2700E-09 4.0255E-09
5.5412E-09 5.7466E-09 5.9533E-09 6.1604E-09 6.3674E-09 6.5734E-09 6.7792E-09 6.9806E-09 7.1789E-09 7.3735E-09 7.5632E-09 7.7458E-09 7.9203E-09 8.0892E-09 8.2463E-09 8.3942E-09 8.5321E-09 8.6540E-09 8.7676E-09 8.8752E-09 8.9565E-09 9.0385E-09 9.1012E-09 9.1395E-09 9.1746E-09 9.1845E-09 9.1784E-09 9.1611E-09 9.1284E-09 9.0805E-09 9.0197E-09 8.9473E-09 8.8620E-09 8.7676E-09 8.6640E-09 8.5511E-09 8.4302E-09 8.3025E-09 8.1692E-09 8.0295E-09 7.8831E-09 7.7292E-09 7.5702E-09 7.4070E-09 7.2355E-09 7.0548E-09 6.8648E-09 6.6700E-09 6.4655E-09 6.2466E-09 6.0041E-09 5.7547E-09 5.5183E-09 5.2819E-09 5.0375E-09 4.7837E-09 4.5246E-09
5.6547E-09 5.8687E-09 6.0841E-09 6.2998E-09 6.5155E-09 6.7316E-09 6.9458E-09 7.1559E-09 7.3641E-09 7.5675E-09 7.7659E-09 7.9561E-09 8.1407E-09 8.3172E-09 8.4817E-09 8.6388E-09 8.7813E-09 8.9117E-09 9.0335E-09 9.1443E-09 9.2350E-09 9.3232E-09 9.3888E-09 9.4369E-09 9.4751E-09 9.4888E-09 9.4915E-09 9.4788E-09 9.4516E-09 9.4108E-09 9.3576E-09 9.2923E-09 9.2166E-09 9.1323E-09 9.0389E-09 8.9372E-09 8.8293E-09 8.7162E-09 8.5968E-09 8.4707E-09 8.3371E-09 8.1990E-09 8.0566E-09 7.9075E-09 7.7499E-09 7.5853E-09 7.4141E-09 7.2306E-09 7.0312E-09 6.8029E-09 6.5657E-09 6.3400E-09 6.1119E-09 5.8692E-09 5.6146E-09 5.3506E-09 5.0825E-09
