Assets/Resources/2015_m01_d31_0400(utc+0800)_l00_csi_1hr_conc.grd
DSAA
         159         159
     -79.000      79.000
     -79.000      79.000
  0.0000E+00  0.2907E-05
[rows 25 to 49 of 159, columns 57 to 113 of 159]
7.3310E-09 8.2019E-09 9.0464E-09 9.8363E-09 1.0543E-08 1.1137E-08 1.1593E-08 1.1892E-08 1.2019E-08 1.1969E-08 1.1743E-08 1.1351E-08 1.0807E-08 1.0132E-08 9.3548E-09 8.5052E-09 7.6136E-09 6.7088E-09 5.8188E-09 4.9688E-09 4.1768E-09 3.4578E-09 2.8146E-09 2.2518E-09 1.7706E-09 1.3705E-09 1.0343E-09 7.6112E-10 5.4446E-10 3.7306E-10 2.4635E-10 1.5418E-10 9.1231E-11 4.8546E-11 1.9328E-11 4.7877E-12 0.0000E+00 0.0000E+00 0.0000E+00 0.0000E+00 0.0000E+00 0.0000E+00 0.0000E+00 0.0000E+00 0.0000E+00 0.0000E+00 0.0000E+00 0.0000E+00 0.0000E+00 0.0000E+00 0.0000E+00 0.0000E+00 0.0000E+00 0.0000E+00 0.0000E+00 0.0000E+00 0.0000E+00
7.2120E-09 8.1041E-09 8.9765E-09 9.8006E-09 1.0546E-08 1.1181E-08 1.1681E-08 1.2025E-08 1.2196E-08 1.2184E-08 1.1986E-08 1.1611E-08 1.1075E-08 1.0401E-08 9.6150E-09 8.7495E-09 7.8359E-09 6.9058E-09 5.9886E-09 5.1077E-09 4.2842E-09 3.5327E-09 2.8696E-09 2.2918E-09 1.7946E-09 1.3763E-09 1.0373E-09 7.6048E-10 5.4268E-10 3.7176E-10 2.4265E-10 1.5209E-10 8.9494E-11 4.6667E-11 1.6329E-11 3.5468E-12 0.0000E+00 0.0000E+00 0.0000E+00 0.0000E+00 0.0000E+00 0.0000E+00 0.0000E+00 0.0000E+00 0.0000E+00 0.0000E+00 0.0000E+00 0.0000E+00 0.0000E+00 0.0000E+00 0.0000E+00 0.0000E+00 0.0000E+00 0.0000E+00 0.0000E+00 0.0000E+00 0.0000E+00
7.0874E-09 8.0024E-09 8.9057E-09 9.7667E-09 1.0554E-08 1.1238E-08 1.1790E-08 1.2182E-08 1.2396E-08 1.2420E-08 1.2253E-08 1.1900E-08 1.1376E-08 1.0703E-08 9.9083E-09 9.0244E-09 8.0836E-09 7.1229E-09 6.1733E-09 5.2621E-09 4.4098E-09 3.6287E-09 2.9325E-09 2.3275E-09 1.8186E-09 1.3897E-09 1.0393E-09 7.6672E-10 5.4157E-10 3.6838E-10 2.3983E-10 1.4966E-10 8.7230E-11 4.2656E-11 1.3093E-11 1.2053E-12 0.0000E+00 0.0000E+00 0.0000E+00 0.0000E+00 0.0000E+00 0.0000E+00 0.0000E+00 0.0000E+00 0.0000E+00 0.0000E+00 0.0000E+00 0.0000E+00 0.0000E+00 0.0000E+00 0.0000E+00 0.0000E+00 0.0000E+00 0.0000E+00 0.0000E+00 0.0000E+00 0.0000E+00
6.9608E-09 7.8998E-09 8.8330E-09 9.7336E-09 1.0570E-08 1.1307E-08 1.1911E-08 1.2356E-08 1.2621E-08 1.2692E-08 1.2564E-08 1.2240E-08 1.1731E-08 1.1060E-08 1.0255E-08 9.3509E-09 8.3825E-09 7.3859E-09 6.3942E-09 5.4378E-09 4.5432E-09 3.7318E-09 3.0089E-09 2.3769E-09 1.8418E-09 1.4046E-09 1.0495E-09 7.6597E-10 5.4037E-10 3.6458E-10 2.3667E-10 1.4610E-10 8.3135E-11 3.7489E-11 7.9327E-12 0.0000E+00 0.0000E+00 0.0000E+00 0.0000E+00 0.0000E+00 0.0000E+00 0.0000E+00 0.0000E+00 0.0000E+00 0.0000E+00 0.0000E+00 0.0000E+00 0.0000E+00 0.0000E+00 0.0000E+00 0.0000E+00 0.0000E+00 0.0000E+00 0.0000E+00 0.0000E+00 0.0000E+00 0.0000E+00
6.8290E-09 7.7914E-09 8.7593E-09 9.7082E-09 1.0596E-08 1.1387E-08 1.2052E-08 1.2558E-08 1.2883E-08 1.3009E-08 1.2922E-08 1.2627E-08 1.2132E-08 1.1462E-08 1.0645E-08 9.7162E-09 8.7151E-09 7.6806E-09 6.6494E-09 5.6520E-09 4.7126E-09 3.8544E-09 3.0927E-09 2.4351E-09 1.8766E-09 1.4210E-09 1.0584E-09 7.6536E-10 5.3573E-10 3.6072E-10 2.3245E-10 1.4201E-10 7.5040E-11 2.8580E-11 5.0540E-12 0.0000E+00 0.0000E+00 0.0000E+00 0.0000E+00 0.0000E+00 0.0000E+00 0.0000E+00 0.0000E+00 0.0000E+00 0.0000E+00 0.0000E+00 0.0000E+00 0.0000E+00 0.0000E+00 0.0000E+00 0.0000E+00 0.0000E+00 0.0000E+00 0.0000E+00 0.0000E+00 0.0000E+00 0.0000E+00
6.6885E-09 7.6764E-09 8.6880E-09 9.6799E-09 1.0622E-08 1.1479E-08 1.2214E-08 1.2792E-08 1.3184E-08 1.3366E-08 1.3326E-08 1.3065E-08 1.2592E-08 1.1930E-08 1.1105E-08 1.0153E-08 9.1131E-09 8.0291E-09 6.9414E-09 5.8895E-09 4.9045E-09 4.0021E-09 3.2005E-09 2.5058E-09 1.9269E-09 1.4431E-09 1.0615E-09 7.6751E-10 5.3079E-10 3.5520E-10 2.2679E-10 1.3266E-10 6.7900E-11 2.4248E-11 3.3978E-12 0.0000E+00 0.0000E+00 0.0000E+00 0.0000E+00 0.0000E+00 0.0000E+00 0.0000E+00 0.0000E+00 0.0000E+00 0.0000E+00 0.0000E+00 0.0000E+00 0.0000E+00 0.0000E+00 0.0000E+00 0.0000E+00 0.0000E+00 0.0000E+00 0.0000E+00 0.0000E+00 0.0000E+00 0.0000E+00
6.5412E-09 7.5637E-09 8.6097E-09 9.6536E-09 1.0658E-08 1.1585E-08 1.2397E-08 1.3051E-08 1.3516E-08 1.3770E-08 1.3792E-08 1.3581E-08 1.3139E-08 1.2486E-08 1.1651E-08 1.0672E-08 9.5935E-09 8.4594E-09 7.3137E-09 6.1970E-09 5.1446E-09 4.1870E-09 3.3359E-09 2.6010E-09 1.9816E-09 1.4755E-09 1.0650E-09 7.6314E-10 5.2649E-10 3.4719E-10 2.1820E-10 1.2462E-10 6.0140E-11 1.8083E-11 2.4043E-12 0.0000E+00 0.0000E+00 0.0000E+00 0.0000E+00 0.0000E+00 0.0000E+00 0.0000E+00 0.0000E+00 0.0000E+00 0.0000E+00 0.0000E+00 0.0000E+00 0.0000E+00 0.0000E+00 0.0000E+00 0.0000E+00 0.0000E+00 0.0000E+00 0.0000E+00 0.0000E+00 0.0000E+00 0.0000E+00
6.3937E-09 7.4400E-09 8.5283E-09 9.6244E-09 1.0696E-08 1.1707E-08 1.2602E-08 1.3347E-08 1.3901E-08 1.4239E-08 1.4334E-08 1.4176E-08 1.3771E-08 1.3132E-08 1.2290E-08 1.1285E-08 1.0161E-08 8.9691E-09 7.7597E-09 6.5782E-09 5.4605E-09 4.4351E-09 3.5234E-09 2.7359E-09 2.0652E-09 1.5105E-09 1.0790E-09 7.5825E-10 5.2092E-10 3.3999E-10 2.0774E-10 1.1463E-10 4.9826E-11 1.2784E-11 1.5001E-12 0.0000E+00 0.0000E+00 0.0000E+00 0.0000E+00 0.0000E+00 0.0000E+00 0.0000E+00 0.0000E+00 0.0000E+00 0.0000E+00 0.0000E+00 0.0000E+00 0.0000E+00 0.0000E+00 0.0000E+00 0.0000E+00 0.0000E+00 0.0000E+00 0.0000E+00 0.0000E+00 0.0000E+00 0.0000E+00
6.2339E-09 7.3091E-09 8.4384E-09 9.5952E-09 1.0747E-08 1.1836E-08 1.2827E-08 1.3675E-08 1.4338E-08 1.4776E-08 1.4961E-08 1.4881E-08 1.4531E-08 1.3922E-08 1.3083E-08 1.2050E-08 1.0877E-08 9.6146E-09 8.3209E-09 7.0455E-09 5.8406E-09 4.7323E-09 3.7444E-09 2.8906E-09 2.1708E-09 1.5739E-09 1.1058E-09 7.6327E-10 5.1385E-10 3.2914E-10 1.9550E-10 1.0216E-10 4.1295E-11 9.9006E-12 1.8238E-12 0.0000E+00 0.0000E+00 0.0000E+00 0.0000E+00 0.0000E+00 0.0000E+00 0.0000E+00 0.0000E+00 0.0000E+00 0.0000E+00 0.0000E+00 0.0000E+00 0.0000E+00 0.0000E+00 0.0000E+00 0.0000E+00 0.0000E+00 0.0000E+00 0.0000E+00 0.0000E+00 0.0000E+00 0.0000E+00
6.0624E-09 7.1664E-09 8.3404E-09 9.5665E-09 1.0787E-08 1.1977E-08 1.3078E-08 1.4054E-08 1.4842E-08 1.5403E-08 1.5699E-08 1.5707E-08 1.5422E-08 1.4851E-08 1.4022E-08 1.2972E-08 1.1752E-08 1.0424E-08 9.0432E-09 7.6689E-09 6.3527E-09 5.1369E-09 4.0527E-09 3.1053E-09 2.3019E-09 1.6569E-09 1.1525E-09 7.7913E-10 5.0989E-10 3.1573E-10 1.8173E-10 9.1032E-11 3.3010E-11 7.7419E-12 2.0248E-12 0.0000E+00 0.0000E+00 0.0000E+00 0.0000E+00 0.0000E+00 0.0000E+00 0.0000E+00 0.0000E+00 0.0000E+00 0.0000E+00 0.0000E+00 0.0000E+00 0.0000E+00 0.0000E+00 0.0000E+00 0.0000E+00 0.0000E+00 0.0000E+00 0.0000E+00 0.0000E+00 0.0000E+00 0.0000E+00
5.8802E-09 7.0067E-09 8.2389E-09 9.5177E-09 1.0838E-08 1.2127E-08 1.3366E-08 1.4473E-08 1.5411E-08 1.6118E-08 1.6553E-08 1.6685E-08 1.6501E-08 1.5997E-08 1.5191E-08 1.4124E-08 1.2849E-08 1.1428E-08 9.9329E-09 8.4347E-09 6.9896E-09 5.6501E-09 4.4473E-09 3.3924E-09 2.4963E-09 1.7763E-09 1.2232E-09 8.0802E-10 5.1812E-10 3.0838E-10 1.6662E-10 7.7239E-11 2.6372E-11 8.5082E-12 2.1763E-12 0.0000E+00 0.0000E+00 0.0000E+00 0.0000E+00 0.0000E+00 0.0000E+00 0.0000E+00 0.0000E+00 0.0000E+00 0.0000E+00 0.0000E+00 0.0000E+00 0.0000E+00 0.0000E+00 0.0000E+00 0.0000E+00 0.0000E+00 0.0000E+00 0.0000E+00 0.0000E+00 0.0000E+00 0.0000E+00
5.6777E-09 6.8441E-09 8.1067E-09 9.4714E-09 1.0869E-08 1.2296E-08 1.3668E-08 1.4945E-08 1.6057E-08 1.6938E-08 1.7553E-08 1.7845E-08 1.7784E-08 1.7368E-08 1.6607E-08 1.5537E-08 1.4213E-08 1.2700E-08 1.1077E-08 9.4238E-09 7.8250E-09 6.3280E-09 4.9615E-09 3.7575E-09 2.7533E-09 1.9453E-09 1.3265E-09 8.6195E-10 5.3033E-10 3.0718E-10 1.5043E-10 6.6035E-11 2.3497E-11 8.9032E-12 2.0737E-12 0.0000E+00 0.0000E+00 0.0000E+00 0.0000E+00 0.0000E+00 0.0000E+00 0.0000E+00 0.0000E+00 0.0000E+00 0.0000E+00 0.0000E+00 0.0000E+00 0.0000E+00 0.0000E+00 0.0000E+00 0.0000E+00 0.0000E+00 0.0000E+00 0.0000E+00 0.0000E+00 0.0000E+00 0.0000E+00
5.4649E-09 6.6499E-09 7.9728E-09 9.3927E-09 1.0909E-08 1.2455E-08 1.3999E-08 1.5457E-08 1.6774E-08 1.7886E-08 1.8710E-08 1.9199E-08 1.9311E-08 1.9028E-08 1.8345E-08 1.7292E-08 1.5917E-08 1.4303E-08 1.2533E-08 1.0718E-08 8.9386E-09 7.2357E-09 5.6592E-09 4.2629E-09 3.0954E-09 2.1633E-09 1.4554E-09 9.4203E-10 5.7076E-10 3.1234E-10 1.4745E-10 6.1150E-11 2.3704E-11 9.0615E-12 1.9410E-12 0.0000E+00 0.0000E+00 0.0000E+00 0.0000E+00 0.0000E+00 0.0000E+00 0.0000E+00 0.0000E+00 0.0000E+00 0.0000E+00 0.0000E+00 0.0000E+00 0.0000E+00 0.0000E+00 0.0000E+00 0.0000E+00 0.0000E+00 0.0000E+00 0.0000E+00 0.0000E+00 0.0000E+00 0.0000E+00
5.2353E-09 6.4405E-09 7.8012E-09 9.3009E-09 1.0924E-08 1.2622E-08 1.4342E-08 1.6018E-08 1.7588E-08 1.8956E-08 2.0054E-08 2.0806E-08 2.1147E-08 2.1035E-08 2.0459E-08 1.9438E-08 1.8026E-08 1.6296E-08 1.4376E-08 1.2380E-08 1.0362E-08 8.3907E-09 6.5518E-09 4.9216E-09 3.5479E-09 2.4586E-09 1.6309E-09 1.0464E-09 6.3171E-10 3.4693E-10 1.6011E-10 5.8179E-11 2.1748E-11 8.6217E-12 1.2971E-12 0.0000E+00 0.0000E+00 0.0000E+00 0.0000E+00 0.0000E+00 0.0000E+00 0.0000E+00 0.0000E+00 0.0000E+00 0.0000E+00 0.0000E+00 0.0000E+00 0.0000E+00 0.0000E+00 0.0000E+00 0.0000E+00 0.0000E+00 0.0000E+00 0.0000E+00 0.0000E+00 0.0000E+00 0.0000E+00
4.9873E-09 6.2111E-09 7.6078E-09 9.1911E-09 1.0915E-08 1.2780E-08 1.4699E-08 1.6633E-08 1.8478E-08 2.0166E-08 2.1588E-08 2.2648E-08 2.3271E-08 2.3395E-08 2.2984E-08 2.2039E-08 2.0603E-08 1.8793E-08 1.6740E-08 1.4521E-08 1.2203E-08 9.8899E-09 7.7067E-09 5.7582E-09 4.1240E-09 2.8323E-09 1.8847E-09 1.1993E-09 7.1264E-10 3.8292E-10 1.8144E-10 5.5664E-11 2.0499E-11 5.6809E-12 0.0000E+00 0.0000E+00 0.0000E+00 0.0000E+00 0.0000E+00 0.0000E+00 0.0000E+00 0.0000E+00 0.0000E+00 0.0000E+00 0.0000E+00 0.0000E+00 0.0000E+00 0.0000E+00 0.0000E+00 0.0000E+00 0.0000E+00 0.0000E+00 0.0000E+00 0.0000E+00 0.0000E+00 0.0000E+00 0.0000E+00
4.7152E-09 5.9479E-09 7.3871E-09 9.0394E-09 1.0904E-08 1.2910E-08 1.5063E-08 1.7266E-08 1.9453E-08 2.1513E-08 2.3326E-08 2.4789E-08 2.5784E-08 2.6214E-08 2.6013E-08 2.5167E-08 2.3748E-08 2.1886E-08 1.9678E-08 1.7172E-08 1.4476E-08 1.1751E-08 9.1471E-09 6.8143E-09 4.8517E-09 3.3176E-09 2.1974E-09 1.3803E-09 8.0569E-10 4.4126E-10 2.2023E-10 6.7988E-11 1.7461E-11 4.2988E-12 0.0000E+00 0.0000E+00 0.0000E+00 0.0000E+00 0.0000E+00 0.0000E+00 0.0000E+00 0.0000E+00 0.0000E+00 0.0000E+00 0.0000E+00 0.0000E+00 0.0000E+00 0.0000E+00 0.0000E+00 0.0000E+00 0.0000E+00 0.0000E+00 0.0000E+00 0.0000E+00 0.0000E+00 0.0000E+00 0.0000E+00
4.4332E-09 5.6673E-09 7.1225E-09 8.8568E-09 1.0822E-08 1.3036E-08 1.5417E-08 1.7946E-08 2.0502E-08 2.2993E-08 2.5284E-08 2.7223E-08 2.8659E-08 2.9460E-08 2.9537E-08 2.8876E-08 2.7569E-08 2.5703E-08 2.3295E-08 2.0439E-08 1.7286E-08 1.4031E-08 1.0903E-08 8.0828E-09 5.7284E-09 3.9222E-09 2.5679E-09 1.6077E-09 9.3344E-10 5.1324E-10 2.4742E-10 8.7405E-11 1.6084E-11 3.2171E-12 0.0000E+00 0.0000E+00 0.0000E+00 0.0000E+00 0.0000E+00 0.0000E+00 0.0000E+00 0.0000E+00 0.0000E+00 0.0000E+00 0.0000E+00 0.0000E+00 0.0000E+00 0.0000E+00 0.0000E+00 0.0000E+00 0.0000E+00 0.0000E+00 0.0000E+00 0.0000E+00 0.0000E+00 0.0000E+00 0.0000E+00
4.1315E-09 5.3551E-09 6.8603E-09 8.6302E-09 1.0731E-08 1.3102E-08 1.5773E-08 1.8630E-08 2.1613E-08 2.4601E-08 2.7429E-08 2.9925E-08 3.1903E-08 3.3179E-08 3.3625E-08 3.3264E-08 3.2150E-08 3.0273E-08 2.7643E-08 2.4378E-08 2.0674E-08 1.6791E-08 1.3009E-08 9.5977E-09 6.7794E-09 4.6182E-09 3.0053E-09 1.8574E-09 1.0865E-09 5.9238E-10 2.7393E-10 1.1048E-10 1.2950E-11 0.0000E+00 0.0000E+00 0.0000E+00 0.0000E+00 0.0000E+00 0.0000E+00 0.0000E+00 0.0000E+00 0.0000E+00 0.0000E+00 0.0000E+00 0.0000E+00 0.0000E+00 0.0000E+00 0.0000E+00 0.0000E+00 0.0000E+00 0.0000E+00 0.0000E+00 0.0000E+00 0.0000E+00 0.0000E+00 0.0000E+00 0.0000E+00
3.8080E-09 5.0234E-09 6.5313E-09 8.3791E-09 1.0576E-08 1.3153E-08 1.6077E-08 1.9308E-08 2.2762E-08 2.6298E-08 2.9757E-08 3.2903E-08 3.5498E-08 3.7329E-08 3.8299E-08 3.8393E-08 3.7536E-08 3.5646E-08 3.2771E-08 2.9001E-08 2.4635E-08 1.9984E-08 1.5405E-08 1.1310E-08 7.9802E-09 5.4003E-09 3.5008E-09 2.1313E-09 1.2426E-09 6.6775E-10 3.0949E-10 1.2178E-10 6.4578E-12 0.0000E+00 0.0000E+00 0.0000E+00 0.0000E+00 0.0000E+00 0.0000E+00 0.0000E+00 0.0000E+00 0.0000E+00 0.0000E+00 0.0000E+00 0.0000E+00 0.0000E+00 0.0000E+00 0.0000E+00 0.0000E+00 0.0000E+00 0.0000E+00 0.0000E+00 0.0000E+00 0.0000E+00 0.0000E+00 0.0000E+00 0.0000E+00
3.4950E-09 4.6783E-09 6.1880E-09 8.0726E-09 1.0371E-08 1.3127E-08 1.6344E-08 1.9961E-08 2.3900E-08 2.8050E-08 3.2179E-08 3.6043E-08 3.9357E-08 4.1917E-08 4.3593E-08 4.4253E-08 4.3710E-08 4.1877E-08 3.8715E-08 3.4402E-08 2.9231E-08 2.3605E-08 1.8089E-08 1.3235E-08 9.2955E-09 6.2533E-09 4.0084E-09 2.4367E-09 1.3970E-09 7.2550E-10 3.4165E-10 1.1648E-10 1.4644E-12 0.0000E+00 0.0000E+00 0.0000E+00 0.0000E+00 0.0000E+00 0.0000E+00 0.0000E+00 0.0000E+00 0.0000E+00 0.0000E+00 0.0000E+00 0.0000E+00 0.0000E+00 0.0000E+00 0.0000E+00 0.0000E+00 0.0000E+00 0.0000E+00 0.0000E+00 0.0000E+00 0.0000E+00 0.0000E+00 0.0000E+00 0.0000E+00
3.1622E-09 4.3129E-09 5.8217E-09 7.7295E-09 1.0114E-08 1.3028E-08 1.6520E-08 2.0513E-08 2.4975E-08 2.9735E-08 3.4614E-08 3.9290E-08 4.3489E-08 4.6972E-08 4.9507E-08 5.0839E-08 5.0702E-08 4.8917E-08 4.5431E-08 4.0476E-08 3.4319E-08 2.7546E-08 2.1010E-08 1.5330E-08 1.0713E-08 7.1659E-09 4.5290E-09 2.7319E-09 1.5409E-09 7.8012E-10 3.6361E-10 1.0278E-10 0.0000E+00 0.0000E+00 0.0000E+00 0.0000E+00 0.0000E+00 0.0000E+00 0.0000E+00 0.0000E+00 0.0000E+00 0.0000E+00 0.0000E+00 0.0000E+00 0.0000E+00 0.0000E+00 0.0000E+00 0.0000E+00 0.0000E+00 0.0000E+00 0.0000E+00 0.0000E+00 0.0000E+00 0.0000E+00 0.0000E+00 0.0000E+00 0.0000E+00
2.8210E-09 3.9305E-09 5.4098E-09 7.3247E-09 9.7649E-09 1.2841E-08 1.6574E-08 2.0934E-08 2.5904E-08 3.1338E-08 3.6984E-08 4.2571E-08 4.7791E-08 5.2348E-08 5.5900E-08 5.8056E-08 5.8443E-08 5.6753E-08 5.2972E-08 4.7191E-08 3.9808E-08 3.1775E-08 2.4144E-08 1.7546E-08 1.2195E-08 8.0695E-09 5.0574E-09 2.9933E-09 1.6451E-09 8.2809E-10 3.5923E-10 8.2521E-11 6.3788E-13 0.0000E+00 0.0000E+00 0.0000E+00 0.0000E+00 0.0000E+00 0.0000E+00 0.0000E+00 0.0000E+00 0.0000E+00 0.0000E+00 0.0000E+00 0.0000E+00 0.0000E+00 0.0000E+00 0.0000E+00 0.0000E+00 0.0000E+00 0.0000E+00 0.0000E+00 0.0000E+00 0.0000E+00 0.0000E+00 0.0000E+00 0.0000E+00
2.4970E-09 3.5516E-09 4.9797E-09 6.8596E-09 9.3458E-09 1.2510E-08 1.6472E-08 2.1152E-08 2.6613E-08 3.2696E-08 3.9173E-08 4.5764E-08 5.2147E-08 5.7922E-08 6.2645E-08 6.5780E-08 6.6773E-08 6.5285E-08 6.1091E-08 5.4277E-08 4.5587E-08 3.6250E-08 2.7467E-08 1.9865E-08 1.3714E-08 8.9458E-09 5.5446E-09 3.2249E-09 1.7140E-09 8.5088E-10 3.3114E-10 7.0892E-11 0.0000E+00 0.0000E+00 0.0000E+00 0.0000E+00 0.0000E+00 0.0000E+00 0.0000E+00 0.0000E+00 0.0000E+00 0.0000E+00 0.0000E+00 0.0000E+00 0.0000E+00 0.0000E+00 0.0000E+00 0.0000E+00 0.0000E+00 0.0000E+00 0.0000E+00 0.0000E+00 0.0000E+00 0.0000E+00 0.0000E+00 0.0000E+00 0.0000E+00
2.1727E-09 3.1516E-09 4.5087E-09 6.3828E-09 8.8299E-09 1.2060E-08 1.6153E-08 2.1158E-08 2.7037E-08 3.3710E-08 4.1024E-08 4.8684E-08 5.6305E-08 6.3440E-08 6.9501E-08 7.3774E-08 7.5556E-08 7.4242E-08 6.9490E-08 6.1597E-08 5.1596E-08 4.0932E-08 3.0915E-08 2.2240E-08 1.5181E-08 9.7870E-09 5.9410E-09 3.3758E-09 1.7560E-09 8.2047E-10 2.9029E-10 5.3926E-11 0.0000E+00 0.0000E+00 0.0000E+00 0.0000E+00 0.0000E+00 0.0000E+00 0.0000E+00 0.0000E+00 0.0000E+00 0.0000E+00 0.0000E+00 0.0000E+00 0.0000E+00 0.0000E+00 0.0000E+00 0.0000E+00 0.0000E+00 0.0000E+00 0.0000E+00 0.0000E+00 0.0000E+00 0.0000E+00 0.0000E+00 0.0000E+00 0.0000E+00
1.8536E-09 2.7519E-09 4.0113E-09 5.8215E-09 8.1984E-09 1.1432E-08 1.5622E-08 2.0802E-08 2.7043E-08 3.4299E-08 4.2412E-08 5.1093E-08 6.0023E-08 6.8637E-08 7.6221E-08 8.1818E-08 8.4459E-08 8.3301E-08 7.8044E-08 6.9081E-08 5.7746E-08 4.5767E-08 3.4453E-08 2.4621E-08 1.6585E-08 1.0537E-08 6.2736E-09 3.4229E-09 1.7359E-09 7.4276E-10 2.1515E-10 4.6881E-11 0.0000E+00 0.0000E+00 0.0000E+00 0.0000E+00 0.0000E+00 0.0000E+00 0.0000E+00 0.0000E+00 0.0000E+00 0.0000E+00 0.0000E+00 0.0000E+00 0.0000E+00 0.0000E+00 0.0000E+00 0.0000E+00 0.0000E+00 0.0000E+00 0.0000E+00 0.0000E+00 0.0000E+00 0.0000E+00 0.0000E+00 0.0000E+00 0.0000E+00
