Assets/Resources/2015_m01_d09_0700(utc+0800)_l00_csi_1hr_conc.grd
DSAA
         159         159
     -79.000      79.000
     -79.000      79.000
  0.5174E-09  0.3306E-05
[rows 125 to 149 of 159, columns 57 to 113 of 159]
9.7427E-09 1.0267E-08 1.0824E-08 1.1415E-08 1.2041E-08 1.2704E-08 1.3405E-08 1.4145E-08 1.4924E-08 1.5744E-08 1.6604E-08 1.7541E-08 1.8667E-08 2.0042E-08 2.1593E-08 2.3170E-08 2.4670E-08 2.6293E-08 2.8005E-08 2.9827E-08 3.2090E-08 3.4498E-08 3.6814E-08 3.9255E-08 4.1809E-08 4.4494E-08 4.7227E-08 5.0009E-08 5.2813E-08 5.5598E-08 5.8328E-08 6.0989E-08 6.3536E-08 6.5905E-08 6.8019E-08 6.9813E-08 7.1769E-08 7.3403E-08 7.4269E-08 7.4358E-08 7.3777E-08 7.2582E-08 7.0897E-08 6.8866E-08 6.6560E-08 6.4056E-08 6.1439E-08 5.8739E-08 5.5984E-08 5.3232E-08 5.0602E-08 4.8049E-08 4.5608E-08 4.3307E-08 4.1086E-08 3.8957E-08 3.6947E-08
9.4906E-09 9.9930E-09 1.0526E-08 1.1092E-08 1.1691E-08 1.2324E-08 1.2994E-08 1.3700E-08 1.4443E-08 1.5224E-08 1.6043E-08 1.6900E-08 1.7856E-08 1.9156E-08 2.0384E-08 2.1885E-08 2.3437E-08 2.4895E-08 2.6470E-08 2.8112E-08 2.9845E-08 3.1980E-08 3.4276E-08 3.6425E-08 3.8664E-08 4.0980E-08 4.3358E-08 4.5775E-08 4.8236E-08 5.0647E-08 5.3008E-08 5.5319E-08 5.7537E-08 5.9597E-08 6.1429E-08 6.2991E-08 6.4823E-08 6.6352E-08 6.7270E-08 6.7512E-08 6.7164E-08 6.6243E-08 6.4876E-08 6.3200E-08 6.1275E-08 5.9162E-08 5.6906E-08 5.4553E-08 5.2166E-08 4.9771E-08 4.7460E-08 4.5199E-08 4.3037E-08 4.0968E-08 3.8970E-08 3.7066E-08 3.5204E-08
9.2382E-09 9.7190E-09 1.0229E-08 1.0769E-08 1.1341E-08 1.1945E-08 1.2583E-08 1.3256E-08 1.3963E-08 1.4706E-08 1.5485E-08 1.6299E-08 1.7152E-08 1.8262E-08 1.9405E-08 2.0770E-08 2.2074E-08 2.3567E-08 2.5000E-08 2.6497E-08 2.8067E-08 2.9696E-08 3.1695E-08 3.3818E-08 3.5806E-08 3.7831E-08 3.9903E-08 4.2002E-08 4.4107E-08 4.6192E-08 4.8238E-08 5.0234E-08 5.2162E-08 5.3957E-08 5.5545E-08 5.6901E-08 5.8603E-08 6.0022E-08 6.0968E-08 6.1331E-08 6.1180E-08 6.0514E-08 5.9455E-08 5.8093E-08 5.6483E-08 5.4683E-08 5.2767E-08 5.0757E-08 4.8687E-08 4.6597E-08 4.4569E-08 4.2566E-08 4.0640E-08 3.8792E-08 3.7012E-08 3.5242E-08 3.3550E-08
8.9862E-09 9.4457E-09 9.9325E-09 1.0448E-08 1.0993E-08 1.1568E-08 1.2175E-08 1.2815E-08 1.3487E-08 1.4192E-08 1.4931E-08 1.5703E-08 1.6508E-08 1.7355E-08 1.8465E-08 1.9635E-08 2.0925E-08 2.2162E-08 2.3564E-08 2.4985E-08 2.6388E-08 2.7873E-08 2.9388E-08 3.1242E-08 3.3188E-08 3.4956E-08 3.6780E-08 3.8619E-08 4.0445E-08 4.2250E-08 4.4026E-08 4.5752E-08 4.7430E-08 4.8987E-08 5.0351E-08 5.1522E-08 5.3108E-08 5.4424E-08 5.5378E-08 5.5830E-08 5.5839E-08 5.5374E-08 5.4551E-08 5.3454E-08 5.2141E-08 5.0650E-08 4.9024E-08 4.7302E-08 4.5512E-08 4.3699E-08 4.1906E-08 4.0130E-08 3.8429E-08 3.6781E-08 3.5114E-08 3.3543E-08 3.2102E-08
8.7356E-09 9.1741E-09 9.6382E-09 1.0129E-08 1.0648E-08 1.1195E-08 1.1771E-08 1.2378E-08 1.3016E-08 1.3684E-08 1.4384E-08 1.5115E-08 1.5876E-08 1.6667E-08 1.7577E-08 1.8591E-08 1.9723E-08 2.0983E-08 2.2135E-08 2.3334E-08 2.4849E-08 2.6159E-08 2.7520E-08 2.8934E-08 3.0358E-08 3.2133E-08 3.3972E-08 3.5561E-08 3.7146E-08 3.8710E-08 4.0251E-08 4.1788E-08 4.3237E-08 4.4585E-08 4.5766E-08 4.6776E-08 4.8241E-08 4.9442E-08 5.0377E-08 5.0894E-08 5.1037E-08 5.0754E-08 5.0160E-08 4.9306E-08 4.8239E-08 4.7003E-08 4.5633E-08 4.4165E-08 4.2614E-08 4.1031E-08 3.9463E-08 3.7898E-08 3.6369E-08 3.4818E-08 3.3400E-08 3.2049E-08 3.0739E-08
8.4871E-09 8.9050E-09 9.3469E-09 9.8137E-09 1.0306E-08 1.0826E-08 1.1373E-08 1.1948E-08 1.2552E-08 1.3184E-08 1.3846E-08 1.4536E-08 1.5255E-08 1.6001E-08 1.6774E-08 1.7683E-08 1.8648E-08 1.9714E-08 2.0948E-08 2.2059E-08 2.3154E-08 2.4375E-08 2.5689E-08 2.6911E-08 2.8324E-08 2.9632E-08 3.1220E-08 3.2850E-08 3.4231E-08 3.5591E-08 3.6933E-08 3.8249E-08 3.9503E-08 4.0668E-08 4.1692E-08 4.2617E-08 4.3922E-08 4.5034E-08 4.5959E-08 4.6530E-08 4.6775E-08 4.6642E-08 4.6228E-08 4.5575E-08 4.4723E-08 4.3708E-08 4.2551E-08 4.1297E-08 3.9975E-08 3.8607E-08 3.7232E-08 3.5788E-08 3.4404E-08 3.3125E-08 3.1873E-08 3.0645E-08 2.9441E-08
8.2413E-09 8.6391E-09 9.0593E-09 9.5027E-09 9.9702E-09 1.0463E-08 1.0981E-08 1.1525E-08 1.2096E-08 1.2693E-08 1.3317E-08 1.3969E-08 1.4646E-08 1.5349E-08 1.6077E-08 1.6832E-08 1.7721E-08 1.8632E-08 1.9602E-08 2.0789E-08 2.1808E-08 2.2819E-08 2.3967E-08 2.5119E-08 2.6361E-08 2.7484E-08 2.8609E-08 2.9730E-08 3.1163E-08 3.2807E-08 3.3975E-08 3.5125E-08 3.6206E-08 3.7194E-08 3.8082E-08 3.8936E-08 4.0103E-08 4.1156E-08 4.2045E-08 4.2648E-08 4.2975E-08 4.2967E-08 4.2705E-08 4.2209E-08 4.1531E-08 4.0703E-08 3.9750E-08 3.8690E-08 3.7561E-08 3.6341E-08 3.5060E-08 3.3885E-08 3.2726E-08 3.1578E-08 3.0439E-08 2.9308E-08 2.8131E-08
7.9990E-09 8.3772E-09 8.7763E-09 9.1969E-09 9.6399E-09 1.0106E-08 1.0596E-08 1.1110E-08 1.1649E-08 1.2213E-08 1.2801E-08 1.3414E-08 1.4052E-08 1.4713E-08 1.5397E-08 1.6102E-08 1.6833E-08 1.7685E-08 1.8551E-08 1.9403E-08 2.0427E-08 2.1458E-08 2.2499E-08 2.3452E-08 2.4413E-08 2.5387E-08 2.6627E-08 2.7674E-08 2.8649E-08 2.9584E-08 3.0987E-08 3.2244E-08 3.3198E-08 3.4063E-08 3.4838E-08 3.5620E-08 3.6642E-08 3.7641E-08 3.8487E-08 3.9102E-08 3.9499E-08 3.9600E-08 3.9456E-08 3.9124E-08 3.8612E-08 3.7954E-08 3.7183E-08 3.6286E-08 3.5261E-08 3.4272E-08 3.3246E-08 3.2208E-08 3.1165E-08 3.0115E-08 2.9037E-08 2.7948E-08 2.6975E-08
7.7606E-09 8.1199E-09 8.4984E-09 8.8970E-09 9.3164E-09 9.7572E-09 1.0220E-08 1.0705E-08 1.1213E-08 1.1744E-08 1.2298E-08 1.2874E-08 1.3473E-08 1.4094E-08 1.4735E-08 1.5397E-08 1.6076E-08 1.6774E-08 1.7589E-08 1.8400E-08 1.9205E-08 2.0096E-08 2.1034E-08 2.1989E-08 2.2846E-08 2.3704E-08 2.4709E-08 2.5569E-08 2.6412E-08 2.7258E-08 2.8090E-08 2.9276E-08 3.0045E-08 3.0741E-08 3.1966E-08 3.2692E-08 3.3599E-08 3.4483E-08 3.5346E-08 3.5981E-08 3.6421E-08 3.6594E-08 3.6564E-08 3.6361E-08 3.5999E-08 3.5441E-08 3.4830E-08 3.4120E-08 3.3333E-08 3.2473E-08 3.1570E-08 3.0638E-08 2.9671E-08 2.8650E-08 2.7696E-08 2.6807E-08 2.5911E-08
7.4962E-09 7.8676E-09 8.2263E-09 8.6036E-09 9.0002E-09 9.4164E-09 9.8530E-09 1.0310E-08 1.0788E-08 1.1288E-08 1.1808E-08 1.2349E-08 1.2911E-08 1.3493E-08 1.4094E-08 1.4713E-08 1.5349E-08 1.6000E-08 1.6665E-08 1.7423E-08 1.8175E-08 1.8889E-08 1.9652E-08 2.0486E-08 2.1385E-08 2.2303E-08 2.3076E-08 2.3840E-08 2.4587E-08 2.5308E-08 2.6180E-08 2.6869E-08 2.7514E-08 2.8282E-08 2.8818E-08 3.0098E-08 3.0917E-08 3.1724E-08 3.2547E-08 3.3208E-08 3.3683E-08 3.3929E-08 3.3999E-08 3.3907E-08 3.3666E-08 3.3285E-08 3.2791E-08 3.2208E-08 3.1538E-08 3.0772E-08 2.9956E-08 2.9066E-08 2.8190E-08 2.7377E-08 2.6541E-08 2.5729E-08 2.4949E-08
7.2699E-09 7.5891E-09 7.9605E-09 8.3173E-09 8.6919E-09 9.0846E-09 9.4960E-09 9.9264E-09 1.0376E-08 1.0845E-08 1.1334E-08 1.1841E-08 1.2367E-08 1.2912E-08 1.3474E-08 1.4053E-08 1.4647E-08 1.5255E-08 1.5875E-08 1.6505E-08 1.7193E-08 1.7925E-08 1.8591E-08 1.9258E-08 2.0010E-08 2.0742E-08 2.1414E-08 2.2102E-08 2.3021E-08 2.3669E-08 2.4291E-08 2.5042E-08 2.5623E-08 2.6149E-08 2.6614E-08 2.7044E-08 2.8281E-08 2.9218E-08 2.9966E-08 3.0740E-08 3.1268E-08 3.1565E-08 3.1706E-08 3.1695E-08 3.1548E-08 3.1274E-08 3.0886E-08 3.0379E-08 2.9798E-08 2.9110E-08 2.8406E-08 2.7694E-08 2.6940E-08 2.6204E-08 2.5482E-08 2.4722E-08 2.3907E-08
6.9865E-09 7.3511E-09 7.7013E-09 8.0385E-09 8.3919E-09 8.7621E-09 9.1495E-09 9.5542E-09 9.9766E-09 1.0417E-08 1.0875E-08 1.1350E-08 1.1842E-08 1.2351E-08 1.2877E-08 1.3417E-08 1.3971E-08 1.4537E-08 1.5115E-08 1.5702E-08 1.6295E-08 1.6904E-08 1.7619E-08 1.8237E-08 1.8850E-08 1.9459E-08 2.0157E-08 2.0802E-08 2.1392E-08 2.1964E-08 2.2512E-08 2.3056E-08 2.3888E-08 2.4368E-08 2.4785E-08 2.5197E-08 2.6261E-08 2.6995E-08 2.7697E-08 2.8331E-08 2.8891E-08 2.9356E-08 2.9543E-08 2.9606E-08 2.9558E-08 2.9372E-08 2.9090E-08 2.8686E-08 2.8238E-08 2.7668E-08 2.7067E-08 2.6449E-08 2.5808E-08 2.5123E-08 2.4370E-08 2.2455E-08 2.1882E-08
6.7765E-09 7.0884E-09 7.4194E-09 7.7675E-09 8.1008E-09 8.4494E-09 8.8138E-09 9.1941E-09 9.5905E-09 1.0003E-08 1.0432E-08 1.0876E-08 1.1337E-08 1.1812E-08 1.2302E-08 1.2805E-08 1.3321E-08 1.3849E-08 1.4387E-08 1.4932E-08 1.5484E-08 1.6038E-08 1.6593E-08 1.7200E-08 1.7832E-08 1.8393E-08 1.8945E-08 1.9486E-08 2.0062E-08 2.0666E-08 2.1167E-08 2.1642E-08 2.2086E-08 2.2490E-08 2.2999E-08 2.3399E-08 2.4330E-08 2.5170E-08 2.5849E-08 2.6463E-08 2.6990E-08 2.7367E-08 2.7620E-08 2.7751E-08 2.7768E-08 2.7675E-08 2.7486E-08 2.7205E-08 2.6841E-08 2.6382E-08 2.5885E-08 2.5269E-08 2.4591E-08 2.2784E-08 2.2258E-08 2.1716E-08 2.1156E-08
6.4746E-09 6.8358E-09 7.1458E-09 7.4741E-09 7.8187E-09 8.1468E-09 8.4892E-09 8.8462E-09 9.2179E-09 9.6043E-09 1.0005E-08 1.0421E-08 1.0851E-08 1.1294E-08 1.1751E-08 1.2219E-08 1.2699E-08 1.3190E-08 1.3690E-08 1.4197E-08 1.4709E-08 1.5224E-08 1.5739E-08 1.6251E-08 1.6759E-08 1.7342E-08 1.7892E-08 1.8390E-08 1.8874E-08 1.9341E-08 1.9788E-08 2.0250E-08 2.0747E-08 2.1115E-08 2.1448E-08 2.1839E-08 2.2281E-08 2.3337E-08 2.3987E-08 2.4720E-08 2.5241E-08 2.5746E-08 2.6033E-08 2.6207E-08 2.6275E-08 2.6240E-08 2.6113E-08 2.5897E-08 2.5533E-08 2.5045E-08 2.3366E-08 2.2926E-08 2.2467E-08 2.1973E-08 2.1460E-08 2.0979E-08 2.0497E-08
6.2846E-09 6.5906E-09 6.8835E-09 7.1904E-09 7.5147E-09 7.8544E-09 8.1761E-09 8.5110E-09 8.8592E-09 9.2209E-09 9.5958E-09 9.9838E-09 1.0385E-08 1.0798E-08 1.1223E-08 1.1659E-08 1.2105E-08 1.2561E-08 1.3025E-08 1.3495E-08 1.3970E-08 1.4448E-08 1.4925E-08 1.5400E-08 1.5870E-08 1.6335E-08 1.6790E-08 1.7309E-08 1.7800E-08 1.8230E-08 1.8640E-08 1.9030E-08 1.9392E-08 1.9722E-08 2.0019E-08 2.0406E-08 2.0855E-08 2.1916E-08 2.2548E-08 2.3146E-08 2.3668E-08 2.4076E-08 2.4365E-08 2.4635E-08 2.4701E-08 2.3662E-08 2.3529E-08 2.3336E-08 2.3091E-08 2.2802E-08 2.2451E-08 2.2025E-08 2.1612E-08 2.1189E-08 2.0755E-08 2.0277E-08 1.9770E-08
6.0031E-09 6.3257E-09 6.6298E-09 6.9191E-09 7.2543E-09 7.5408E-09 7.8743E-09 8.1884E-09 8.5145E-09 8.8527E-09 9.2029E-09 9.5650E-09 9.9386E-09 1.0323E-08 1.0719E-08 1.1124E-08 1.1538E-08 1.1961E-08 1.2392E-08 1.2828E-08 1.3268E-08 1.3710E-08 1.4152E-08 1.4591E-08 1.5027E-08 1.5456E-08 1.5877E-08 1.6289E-08 1.6687E-08 1.7084E-08 1.7562E-08 1.7921E-08 1.8252E-08 1.8555E-08 1.8829E-08 1.9226E-08 1.9681E-08 2.0142E-08 2.0842E-08 2.1331E-08 2.1743E-08 2.2063E-08 2.2295E-08 2.2443E-08 2.2512E-08 2.2506E-08 2.2428E-08 2.2284E-08 2.2090E-08 2.1852E-08 2.1567E-08 2.1220E-08 2.0839E-08 2.0404E-08 1.9974E-08 1.8549E-08 1.8187E-08
5.8326E-09 6.0359E-09 6.3567E-09 6.6576E-09 6.9424E-09 7.2725E-09 7.5523E-09 7.8784E-09 8.1836E-09 8.4998E-09 8.8268E-09 9.1644E-09 9.5124E-09 9.8704E-09 1.0238E-08 1.0614E-08 1.0998E-08 1.1391E-08 1.1790E-08 1.2194E-08 1.2602E-08 1.3011E-08 1.3420E-08 1.3826E-08 1.4228E-08 1.4625E-08 1.5014E-08 1.5394E-08 1.5762E-08 1.6117E-08 1.6456E-08 1.6777E-08 1.7073E-08 1.7454E-08 1.7725E-08 1.8125E-08 1.8583E-08 1.9046E-08 1.9702E-08 2.0190E-08 2.0609E-08 2.0942E-08 2.1195E-08 2.1371E-08 2.1471E-08 2.1499E-08 2.1458E-08 2.1354E-08 2.1202E-08 2.0975E-08 2.0674E-08 1.9280E-08 1.8988E-08 1.8682E-08 1.8363E-08 1.8036E-08 1.7700E-08
5.6017E-09 5.8599E-09 6.0942E-09 6.3774E-09 6.6741E-09 6.9533E-09 7.2769E-09 7.5492E-09 7.8666E-09 8.1620E-09 8.4672E-09 8.7819E-09 9.1059E-09 9.4388E-09 9.7801E-09 1.0129E-08 1.0486E-08 1.0850E-08 1.1219E-08 1.1594E-08 1.1971E-08 1.2350E-08 1.2727E-08 1.3103E-08 1.3474E-08 1.3841E-08 1.4200E-08 1.4551E-08 1.4890E-08 1.5218E-08 1.5531E-08 1.5828E-08 1.6101E-08 1.6351E-08 1.6604E-08 1.6997E-08 1.7452E-08 1.7911E-08 1.8337E-08 1.9011E-08 1.9491E-08 1.9846E-08 2.0108E-08 2.0286E-08 2.0384E-08 2.0436E-08 1.9579E-08 1.9460E-08 1.9304E-08 1.9115E-08 1.8898E-08 1.8658E-08 1.8398E-08 1.8121E-08 1.7831E-08 1.7530E-08 1.7220E-08
5.3808E-09 5.6231E-09 5.8786E-09 6.1091E-09 6.3877E-09 6.6791E-09 6.9517E-09 7.2677E-09 7.5315E-09 7.8392E-09 8.1239E-09 8.4172E-09 8.7187E-09 9.0281E-09 9.3451E-09 9.6689E-09 9.9993E-09 1.0336E-08 1.0679E-08 1.1026E-08 1.1375E-08 1.1725E-08 1.2074E-08 1.2421E-08 1.2764E-08 1.3102E-08 1.3433E-08 1.3757E-08 1.4070E-08 1.4372E-08 1.4662E-08 1.4935E-08 1.5188E-08 1.5418E-08 1.5673E-08 1.6062E-08 1.6518E-08 1.6975E-08 1.7405E-08 1.7818E-08 1.8163E-08 1.8433E-08 1.8633E-08 1.8768E-08 1.8841E-08 1.8857E-08 1.8816E-08 1.8729E-08 1.8604E-08 1.8447E-08 1.8261E-08 1.8050E-08 1.7819E-08 1.7571E-08 1.7308E-08 1.7033E-08 1.6748E-08
5.1362E-09 5.3970E-09 5.6367E-09 5.8886E-09 6.1146E-09 6.3876E-09 6.6725E-09 6.9377E-09 7.2128E-09 7.4995E-09 7.7965E-09 8.0697E-09 8.3503E-09 8.6379E-09 8.9321E-09 9.2324E-09 9.5387E-09 9.8510E-09 1.0168E-08 1.0489E-08 1.0812E-08 1.1135E-08 1.1458E-08 1.1778E-08 1.2095E-08 1.2407E-08 1.2713E-08 1.3011E-08 1.3300E-08 1.3579E-08 1.3847E-08 1.4099E-08 1.4332E-08 1.4545E-08 1.4807E-08 1.5186E-08 1.5640E-08 1.6093E-08 1.6525E-08 1.6943E-08 1.7296E-08 1.7580E-08 1.7798E-08 1.7954E-08 1.8052E-08 1.8093E-08 1.8080E-08 1.8021E-08 1.7926E-08 1.7797E-08 1.7640E-08 1.7458E-08 1.7254E-08 1.7033E-08 1.6795E-08 1.6546E-08 1.6283E-08
5.0055E-09 5.1482E-09 5.4061E-09 5.6425E-09 5.8899E-09 6.1107E-09 6.3771E-09 6.6547E-09 6.9116E-09 7.1775E-09 7.4537E-09 7.7392E-09 8.0002E-09 8.2675E-09 8.5406E-09 8.8190E-09 9.1029E-09 9.3922E-09 9.6860E-09 9.9827E-09 1.0281E-08 1.0580E-08 1.0878E-08 1.1174E-08 1.1466E-08 1.1754E-08 1.2037E-08 1.2312E-08 1.2579E-08 1.2836E-08 1.3084E-08 1.3316E-08 1.3532E-08 1.3728E-08 1.3997E-08 1.4366E-08 1.4816E-08 1.5263E-08 1.5693E-08 1.6115E-08 1.6473E-08 1.6768E-08 1.7001E-08 1.7176E-08 1.7293E-08 1.7358E-08 1.7369E-08 1.7337E-08 1.7268E-08 1.7167E-08 1.7036E-08 1.6880E-08 1.6702E-08 1.6506E-08 1.6293E-08 1.6067E-08 1.5827E-08
4.8770E-09 5.0145E-09 5.1540E-09 5.4082E-09 5.6404E-09 5.8825E-09 6.0975E-09 6.3565E-09 6.6258E-09 6.8737E-09 7.1297E-09 7.3947E-09 7.6678E-09 7.9162E-09 8.1697E-09 8.4278E-09 8.6911E-09 8.9591E-09 9.2312E-09 9.5058E-09 9.7820E-09 1.0058E-08 1.0334E-08 1.0607E-08 1.0877E-08 1.1143E-08 1.1403E-08 1.1657E-08 1.1904E-08 1.2141E-08 1.2370E-08 1.2584E-08 1.2784E-08 1.2966E-08 1.3240E-08 1.3611E-08 1.4045E-08 1.4482E-08 1.4911E-08 1.5332E-08 1.5693E-08 1.5995E-08 1.6240E-08 1.6430E-08 1.6566E-08 1.6651E-08 1.6684E-08 1.6676E-08 1.6631E-08 1.6554E-08 1.6449E-08 1.6317E-08 1.6164E-08 1.5991E-08 1.5801E-08 1.5597E-08 1.5378E-08
4.7509E-09 4.8833E-09 5.0176E-09 5.1538E-09 5.3686E-09 5.6306E-09 5.8666E-09 6.0414E-09 6.3260E-09 6.5191E-09 6.8245E-09 7.0367E-09 7.3231E-09 7.5509E-09 7.8187E-09 8.0581E-09 8.3022E-09 8.5506E-09 8.8027E-09 9.0570E-09 9.3125E-09 9.5682E-09 9.8225E-09 1.0075E-08 1.0324E-08 1.0570E-08 1.0810E-08 1.1044E-08 1.1273E-08 1.1492E-08 1.1704E-08 1.1902E-08 1.2087E-08 1.2256E-08 1.2534E-08 1.2905E-08 1.3327E-08 1.3749E-08 1.4176E-08 1.4592E-08 1.4953E-08 1.5260E-08 1.5515E-08 1.5717E-08 1.5869E-08 1.5972E-08 1.6024E-08 1.6037E-08 1.6015E-08 1.5961E-08 1.5878E-08 1.5770E-08 1.5639E-08 1.5488E-08 1.5320E-08 1.5137E-08 1.4939E-08
4.6271E-09 4.7547E-09 4.8840E-09 5.0150E-09 5.1475E-09 5.3574E-09 5.6133E-09 5.8086E-09 6.0110E-09 6.2193E-09 6.4711E-09 6.7318E-09 6.9668E-09 7.2079E-09 7.4554E-09 7.7088E-09 7.9354E-09 8.1657E-09 8.3993E-09 8.6349E-09 8.8713E-09 9.1080E-09 9.3433E-09 9.5764E-09 9.8070E-09 1.0033E-08 1.0256E-08 1.0472E-08 1.0683E-08 1.0886E-08 1.1083E-08 1.1266E-08 1.1438E-08 1.1595E-08 1.1881E-08 1.2245E-08 1.2653E-08 1.3060E-08 1.3484E-08 1.3892E-08 1.4252E-08 1.4562E-08 1.4823E-08 1.5036E-08 1.5201E-08 1.5319E-08 1.5389E-08 1.5421E-08 1.5419E-08 1.5386E-08 1.5325E-08 1.5238E-08 1.5128E-08 1.4998E-08 1.4850E-08 1.4687E-08 1.4508E-08
4.5058E-09 4.6286E-09 4.7530E-09 4.8791E-09 5.0065E-09 5.1353E-09 5.3396E-09 5.5885E-09 5.7773E-09 5.9723E-09 6.1725E-09 6.4138E-09 6.6630E-09 6.8864E-09 7.1152E-09 7.3490E-09 7.5566E-09 7.8032E-09 8.0198E-09 8.2382E-09 8.4572E-09 8.6763E-09 8.8941E-09 9.1097E-09 9.3231E-09 9.5322E-09 9.7383E-09 9.9384E-09 1.0134E-08 1.0322E-08 1.0504E-08 1.0674E-08 1.0833E-08 1.0988E-08 1.1273E-08 1.1629E-08 1.2021E-08 1.2416E-08 1.2832E-08 1.3232E-08 1.3588E-08 1.3899E-08 1.4165E-08 1.4386E-08 1.4562E-08 1.4692E-08 1.4778E-08 1.4828E-08 1.4844E-08 1.4830E-08 1.4788E-08 1.4720E-08 1.4630E-08 1.4519E-08 1.4391E-08 1.4246E-08 1.4086E-08
