Assets/Resources/2015_m01_d11_1800(utc+0800)_l00_csi_1hr_conc.grd
DSAA
         159         159
     -79.000      79.000
     -79.000      79.000
  0.0000E+00  0.5247E-05
[rows 25 to 49 of 159, columns 0 to 56 of 159]
1.6372E-09 1.7875E-09 1.9503E-09 2.1249E-09 2.3128E-09 2.5139E-09 2.7290E-09 2.9572E-09 3.1994E-09 3.4556E-09 3.7238E-09 4.0036E-09 4.2948E-09 4.5929E-09 4.8977E-09 5.2061E-09 5.5131E-09 5.8166E-09 6.1123E-09 6.3949E-09 6.6611E-09 6.9045E-09 7.1214E-09 7.3070E-09 7.4574E-09 7.5683E-09 7.6361E-09 7.6617E-09 7.6415E-09 7.5720E-09 7.4575E-09 7.3001E-09 7.0977E-09 6.8524E-09 6.5685E-09 6.2553E-09 5.9164E-09 5.5541E-09 5.1736E-09 4.7808E-09 4.3820E-09 3.9827E-09 3.5877E-09 3.2031E-09 2.8328E-09 2.4811E-09 2.1514E-09 1.8461E-09 1.5664E-09 1.3141E-09 1.0902E-09 8.9195E-10 7.2090E-10 5.7357E-10 4.4892E-10 3.4508E-10 2.5339E-10
1.4819E-09 1.6221E-09 1.7754E-09 1.9404E-09 2.1194E-09 2.3121E-09 2.5190E-09 2.7401E-09 2.9770E-09 3.2283E-09 3.4931E-09 3.7724E-09 4.0636E-09 4.3648E-09 4.6755E-09 4.9908E-09 5.3085E-09 5.6253E-09 5.9369E-09 6.2387E-09 6.5254E-09 6.7929E-09 7.0364E-09 7.2502E-09 7.4302E-09 7.5720E-09 7.6751E-09 7.7340E-09 7.7442E-09 7.7104E-09 7.6305E-09 7.5008E-09 7.3234E-09 7.1042E-09 6.8468E-09 6.5530E-09 6.2260E-09 5.8724E-09 5.4978E-09 5.1075E-09 4.7068E-09 4.2999E-09 3.8946E-09 3.4958E-09 3.1090E-09 2.7384E-09 2.3874E-09 2.0605E-09 1.7586E-09 1.4854E-09 1.2385E-09 1.0202E-09 8.3019E-10 6.6527E-10 5.2616E-10 4.0721E-10 3.0741E-10
1.3333E-09 1.4635E-09 1.6072E-09 1.7623E-09 1.9323E-09 2.1155E-09 2.3141E-09 2.5278E-09 2.7578E-09 3.0028E-09 3.2638E-09 3.5406E-09 3.8303E-09 4.1334E-09 4.4469E-09 4.7680E-09 5.0942E-09 5.4224E-09 5.7478E-09 6.0659E-09 6.3724E-09 6.6627E-09 6.9304E-09 7.1720E-09 7.3818E-09 7.5575E-09 7.6936E-09 7.7849E-09 7.8335E-09 7.8366E-09 7.7876E-09 7.6898E-09 7.5473E-09 7.3583E-09 7.1254E-09 6.8523E-09 6.5462E-09 6.2099E-09 5.8462E-09 5.4598E-09 5.0578E-09 4.6470E-09 4.2329E-09 3.8213E-09 3.4189E-09 3.0290E-09 2.6580E-09 2.3076E-09 1.9834E-09 1.6848E-09 1.4148E-09 1.1750E-09 9.6197E-10 7.7838E-10 6.1954E-10 4.8469E-10 3.7213E-10
1.1923E-09 1.3127E-09 1.4470E-09 1.5919E-09 1.7527E-09 1.9262E-09 2.1161E-09 2.3211E-09 2.5436E-09 2.7817E-09 3.0376E-09 3.3097E-09 3.5971E-09 3.8996E-09 4.2143E-09 4.5391E-09 4.8719E-09 5.2089E-09 5.5455E-09 5.8788E-09 6.2031E-09 6.5135E-09 6.8056E-09 7.0736E-09 7.3140E-09 7.5219E-09 7.6903E-09 7.8200E-09 7.9065E-09 7.9425E-09 7.9313E-09 7.8728E-09 7.7640E-09 7.6064E-09 7.4046E-09 7.1615E-09 6.8788E-09 6.5575E-09 6.2046E-09 5.8274E-09 5.4313E-09 5.0210E-09 4.6008E-09 4.1795E-09 3.7618E-09 3.3550E-09 2.9620E-09 2.5889E-09 2.2403E-09 1.9166E-09 1.6230E-09 1.3562E-09 1.1205E-09 9.1393E-10 7.3401E-10 5.8166E-10 4.5136E-10
1.0598E-09 1.1703E-09 1.2952E-09 1.4303E-09 1.5815E-09 1.7449E-09 1.9258E-09 2.1218E-09 2.3357E-09 2.5662E-09 2.8156E-09 3.0819E-09 3.3655E-09 3.6653E-09 3.9792E-09 4.3060E-09 4.6429E-09 4.9863E-09 5.3327E-09 5.6782E-09 6.0183E-09 6.3481E-09 6.6622E-09 6.9566E-09 7.2263E-09 7.4643E-09 7.6688E-09 7.8357E-09 7.9565E-09 8.0325E-09 8.0633E-09 8.0417E-09 7.9699E-09 7.8521E-09 7.6859E-09 7.4725E-09 7.2134E-09 6.9151E-09 6.5823E-09 6.2182E-09 5.8267E-09 5.4153E-09 4.9915E-09 4.5601E-09 4.1290E-09 3.7038E-09 3.2902E-09 2.8947E-09 2.5190E-09 2.1701E-09 1.8472E-09 1.5536E-09 1.2927E-09 1.0586E-09 8.5707E-10 6.8222E-10 5.3413E-10
9.3621E-10 1.0375E-09 1.1528E-09 1.2782E-09 1.4196E-09 1.5732E-09 1.7446E-09 1.9308E-09 2.1355E-09 2.3576E-09 2.5991E-09 2.8585E-09 3.1365E-09 3.4321E-09 3.7433E-09 4.0700E-09 4.4087E-09 4.7563E-09 5.1104E-09 5.4665E-09 5.8203E-09 6.1671E-09 6.5018E-09 6.8215E-09 7.1175E-09 7.3873E-09 7.6273E-09 7.8274E-09 7.9877E-09 8.1065E-09 8.1751E-09 8.1952E-09 8.1686E-09 8.0903E-09 7.9601E-09 7.7803E-09 7.5545E-09 7.2848E-09 6.9721E-09 6.6221E-09 6.2422E-09 5.8390E-09 5.4164E-09 4.9802E-09 4.5386E-09 4.0970E-09 3.6645E-09 3.2436E-09 2.8428E-09 2.4652E-09 2.1131E-09 1.7937E-09 1.5015E-09 1.2427E-09 1.0143E-09 8.1516E-10 6.4629E-10
8.2202E-10 9.1415E-10 1.0204E-09 1.1362E-09 1.2678E-09 1.4115E-09 1.5731E-09 1.7490E-09 1.9442E-09 2.1568E-09 2.3897E-09 2.6408E-09 2.9120E-09 3.2016E-09 3.5090E-09 3.8333E-09 4.1715E-09 4.5218E-09 4.8807E-09 5.2451E-09 5.6100E-09 5.9715E-09 6.3265E-09 6.6670E-09 6.9895E-09 7.2909E-09 7.5608E-09 7.7974E-09 7.9990E-09 8.1561E-09 8.2676E-09 8.3352E-09 8.3506E-09 8.3142E-09 8.2262E-09 8.0869E-09 7.8973E-09 7.6564E-09 7.3699E-09 7.0445E-09 6.6821E-09 6.2863E-09 5.8646E-09 5.4253E-09 4.9750E-09 4.5226E-09 4.0709E-09 3.6285E-09 3.2032E-09 2.7960E-09 2.4171E-09 2.0637E-09 1.7413E-09 1.4535E-09 1.1950E-09 9.6937E-10 7.7328E-10
7.1733E-10 8.0079E-10 8.9801E-10 1.0046E-09 1.1265E-09 1.2603E-09 1.4119E-09 1.5771E-09 1.7626E-09 1.9648E-09 2.1885E-09 2.4300E-09 2.6934E-09 2.9753E-09 3.2773E-09 3.5972E-09 3.9333E-09 4.2834E-09 4.6455E-09 5.0151E-09 5.3891E-09 5.7639E-09 6.1341E-09 6.4949E-09 6.8435E-09 7.1701E-09 7.4713E-09 7.7457E-09 7.9835E-09 8.1817E-09 8.3406E-09 8.4516E-09 8.5126E-09 8.5237E-09 8.4814E-09 8.3849E-09 8.2333E-09 8.0303E-09 7.7786E-09 7.4786E-09 7.1338E-09 6.7517E-09 6.3404E-09 5.9037E-09 5.4485E-09 4.9815E-09 4.5112E-09 4.0476E-09 3.5929E-09 3.1588E-09 2.7470E-09 2.3613E-09 2.0092E-09 1.6855E-09 1.3978E-09 1.1414E-09 9.1702E-10
6.2214E-10 6.9738E-10 7.8594E-10 8.8363E-10 9.9599E-10 1.1201E-09 1.2614E-09 1.4162E-09 1.5912E-09 1.7830E-09 1.9962E-09 2.2275E-09 2.4819E-09 2.7553E-09 3.0498E-09 3.3636E-09 3.6953E-09 4.0435E-09 4.4055E-09 4.7782E-09 5.1588E-09 5.5434E-09 5.9273E-09 6.3066E-09 6.6746E-09 7.0259E-09 7.3595E-09 7.6662E-09 7.9410E-09 8.1843E-09 8.3863E-09 8.5430E-09 8.6539E-09 8.7130E-09 8.7190E-09 8.6680E-09 8.5629E-09 8.4031E-09 8.1858E-09 7.9156E-09 7.5995E-09 7.2398E-09 6.8396E-09 6.4054E-09 5.9468E-09 5.4718E-09 4.9910E-09 4.5061E-09 4.0289E-09 3.5668E-09 3.1223E-09 2.7065E-09 2.3166E-09 1.9594E-09 1.6376E-09 1.3468E-09 1.0950E-09
5.3637E-10 6.0368E-10 6.8404E-10 7.7313E-10 8.7641E-10 9.9092E-10 1.1221E-09 1.2663E-09 1.4308E-09 1.6115E-09 1.8137E-09 2.0343E-09 2.2785E-09 2.5420E-09 2.8277E-09 3.1334E-09 3.4588E-09 3.8028E-09 4.1623E-09 4.5358E-09 4.9199E-09 5.3114E-09 5.7056E-09 6.0984E-09 6.4842E-09 6.8605E-09 7.2210E-09 7.5593E-09 7.8739E-09 8.1572E-09 8.4023E-09 8.6078E-09 8.7681E-09 8.8774E-09 8.9333E-09 8.9349E-09 8.8793E-09 8.7626E-09 8.5877E-09 8.3585E-09 8.0739E-09 7.7357E-09 7.3510E-09 6.9291E-09 6.4749E-09 5.9973E-09 5.5023E-09 4.9998E-09 4.5013E-09 4.0097E-09 3.5384E-09 3.0869E-09 2.6620E-09 2.2712E-09 1.9103E-09 1.5874E-09 1.2998E-09
4.5726E-10 5.1954E-10 5.9222E-10 6.7312E-10 7.6763E-10 8.7285E-10 9.9407E-10 1.1277E-09 1.2813E-09 1.4511E-09 1.6416E-09 1.8508E-09 2.0836E-09 2.3362E-09 2.6119E-09 2.9077E-09 3.2252E-09 3.5621E-09 3.9172E-09 4.2888E-09 4.6727E-09 5.0670E-09 5.4684E-09 5.8719E-09 6.2743E-09 6.6718E-09 7.0564E-09 7.4272E-09 7.7772E-09 8.0983E-09 8.3884E-09 8.6410E-09 8.8502E-09 9.0116E-09 9.1222E-09 9.1779E-09 9.1724E-09 9.1072E-09 8.9823E-09 8.7938E-09 8.5426E-09 8.2354E-09 7.8771E-09 7.4723E-09 7.0262E-09 6.5477E-09 6.0466E-09 5.5351E-09 5.0161E-09 4.5020E-09 4.0004E-09 3.5151E-09 3.0581E-09 2.6259E-09 2.2278E-09 1.8671E-09 1.5423E-09
3.8594E-10 4.4307E-10 5.1010E-10 5.8330E-10 6.6934E-10 7.6561E-10 8.7704E-10 1.0004E-09 1.1433E-09 1.3014E-09 1.4800E-09 1.6773E-09 1.8977E-09 2.1389E-09 2.4025E-09 2.6875E-09 2.9950E-09 3.3230E-09 3.6710E-09 4.0353E-09 4.4170E-09 4.8124E-09 5.2174E-09 5.6300E-09 6.0455E-09 6.4600E-09 6.8691E-09 7.2680E-09 7.6492E-09 8.0080E-09 8.3402E-09 8.6389E-09 8.8976E-09 9.1130E-09 9.2792E-09 9.3884E-09 9.4397E-09 9.4307E-09 9.3545E-09 9.2104E-09 9.0038E-09 8.7350E-09 8.4054E-09 8.0197E-09 7.5885E-09 7.1184E-09 6.6202E-09 6.0994E-09 5.5661E-09 5.0337E-09 4.5051E-09 3.9932E-09 3.4985E-09 3.0301E-09 2.5946E-09 2.1913E-09 1.8282E-09
3.2362E-10 3.7343E-10 4.3583E-10 5.0273E-10 5.8097E-10 6.6884E-10 7.7066E-10 8.8395E-10 1.0158E-09 1.1627E-09 1.3291E-09 1.5138E-09 1.7214E-09 1.9499E-09 2.2006E-09 2.4733E-09 2.7673E-09 3.0840E-09 3.4220E-09 3.7789E-09 4.1559E-09 4.5492E-09 4.9556E-09 5.3737E-09 5.7995E-09 6.2289E-09 6.6577E-09 7.0798E-09 7.4899E-09 7.8842E-09 8.2564E-09 8.5991E-09 8.9077E-09 9.1766E-09 9.3961E-09 9.5638E-09 9.6738E-09 9.7188E-09 9.6950E-09 9.6063E-09 9.4479E-09 9.2180E-09 8.9226E-09 8.5679E-09 8.1609E-09 7.7069E-09 7.2140E-09 6.6933E-09 6.1564E-09 5.6073E-09 5.0581E-09 4.5170E-09 3.9888E-09 3.4858E-09 3.0074E-09 2.5641E-09 2.1562E-09
2.6934E-10 3.1253E-10 3.6821E-10 4.3027E-10 5.0181E-10 5.8166E-10 6.7463E-10 7.7769E-10 8.9930E-10 1.0344E-09 1.1884E-09 1.3608E-09 1.5543E-09 1.7683E-09 2.0038E-09 2.2618E-09 2.5439E-09 2.8476E-09 3.1735E-09 3.5224E-09 3.8915E-09 4.2794E-09 4.6855E-09 5.1060E-09 5.5381E-09 5.9781E-09 6.4217E-09 6.8639E-09 7.3000E-09 7.7265E-09 8.1349E-09 8.5200E-09 8.8770E-09 9.1952E-09 9.4700E-09 9.6953E-09 9.8617E-09 9.9626E-09 1.0001E-08 9.9672E-09 9.8565E-09 9.6751E-09 9.4246E-09 9.1089E-09 8.7308E-09 8.2986E-09 7.8229E-09 7.3130E-09 6.7744E-09 6.2173E-09 5.6539E-09 5.0889E-09 4.5363E-09 3.9956E-09 3.4785E-09 2.9922E-09 2.5385E-09
2.2051E-10 2.5849E-10 3.0660E-10 3.6236E-10 4.2766E-10 5.0135E-10 5.8661E-10 6.8006E-10 7.9086E-10 9.1378E-10 1.0553E-09 1.2135E-09 1.3930E-09 1.5939E-09 1.8144E-09 2.0584E-09 2.3256E-09 2.6161E-09 2.9296E-09 3.2658E-09 3.6256E-09 4.0079E-09 4.4094E-09 4.8280E-09 5.2624E-09 5.7087E-09 6.1632E-09 6.6213E-09 7.0802E-09 7.5335E-09 7.9748E-09 8.4003E-09 8.7994E-09 9.1662E-09 9.4943E-09 9.7735E-09 9.9965E-09 1.0160E-08 1.0257E-08 1.0276E-08 1.0225E-08 1.0100E-08 9.8994E-09 9.6265E-09 9.2869E-09 8.8911E-09 8.4424E-09 7.9491E-09 7.4201E-09 6.8670E-09 6.2950E-09 5.7155E-09 5.1355E-09 4.5629E-09 4.0090E-09 3.4771E-09 2.9776E-09
1.7001E-10 2.0423E-10 2.4938E-10 2.9898E-10 3.5827E-10 4.2467E-10 5.0256E-10 5.8740E-10 6.8793E-10 8.0080E-10 9.3013E-10 1.0755E-09 1.2419E-09 1.4281E-09 1.6345E-09 1.8638E-09 2.1148E-09 2.3909E-09 2.6904E-09 3.0138E-09 3.3627E-09 3.7341E-09 4.1273E-09 4.5418E-09 4.9742E-09 5.4224E-09 5.8837E-09 6.3538E-09 6.8304E-09 7.3059E-09 7.7763E-09 8.2351E-09 8.6735E-09 9.0848E-09 9.4613E-09 9.7922E-09 1.0073E-08 1.0296E-08 1.0448E-08 1.0532E-08 1.0545E-08 1.0476E-08 1.0332E-08 1.0112E-08 9.8260E-09 9.4744E-09 9.0614E-09 8.5982E-09 8.0928E-09 7.5523E-09 6.9842E-09 6.3979E-09 5.8014E-09 5.2064E-09 4.6174E-09 4.0451E-09 3.4977E-09
1.2651E-10 1.5556E-10 1.9482E-10 2.3813E-10 2.9063E-10 3.5219E-10 4.2501E-10 5.0171E-10 5.9391E-10 6.9575E-10 8.1346E-10 9.4759E-10 1.1002E-09 1.2727E-09 1.4639E-09 1.6780E-09 1.9145E-09 2.1754E-09 2.4586E-09 2.7673E-09 3.1012E-09 3.4598E-09 3.8424E-09 4.2484E-09 4.6754E-09 5.1216E-09 5.5858E-09 6.0628E-09 6.5509E-09 7.0441E-09 7.5378E-09 8.0236E-09 8.4961E-09 8.9470E-09 9.3662E-09 9.7473E-09 1.0084E-08 1.0361E-08 1.0575E-08 1.0726E-08 1.0797E-08 1.0794E-08 1.0713E-08 1.0561E-08 1.0333E-08 1.0032E-08 9.6703E-09 9.2505E-09 8.7795E-09 8.2622E-09 7.7078E-09 7.1247E-09 6.5231E-09 5.9075E-09 5.2889E-09 4.6786E-09 4.0823E-09
9.0593E-11 1.1621E-10 1.4930E-10 1.8657E-10 2.3211E-10 2.8658E-10 3.5097E-10 4.2248E-10 5.0667E-10 5.9954E-10 7.0768E-10 8.2906E-10 9.6914E-10 1.1283E-09 1.3049E-09 1.5042E-09 1.7242E-09 1.9679E-09 2.2346E-09 2.5258E-09 2.8434E-09 3.1876E-09 3.5556E-09 3.9506E-09 4.3692E-09 4.8082E-09 5.2703E-09 5.7501E-09 6.2440E-09 6.7480E-09 7.2578E-09 7.7656E-09 8.2658E-09 8.7495E-09 9.2072E-09 9.6361E-09 1.0021E-08 1.0351E-08 1.0630E-08 1.0839E-08 1.0979E-08 1.1046E-08 1.1039E-08 1.0956E-08 1.0792E-08 1.0562E-08 1.0264E-08 9.8978E-09 9.4713E-09 8.9903E-09 8.4645E-09 7.8974E-09 7.2967E-09 6.6699E-09 6.0295E-09 5.3829E-09 4.7398E-09
6.4887E-11 8.6273E-11 1.1384E-10 1.4589E-10 1.8592E-10 2.3234E-10 2.8855E-10 3.5280E-10 4.2846E-10 5.1311E-10 6.1114E-10 7.2216E-10 8.5053E-10 9.9584E-10 1.1572E-09 1.3406E-09 1.5427E-09 1.7691E-09 2.0187E-09 2.2913E-09 2.5920E-09 2.9184E-09 3.2700E-09 3.6514E-09 4.0566E-09 4.4850E-09 4.9406E-09 5.4153E-09 5.9102E-09 6.4189E-09 6.9385E-09 7.4614E-09 7.9825E-09 8.4916E-09 8.9867E-09 9.4537E-09 9.8793E-09 1.0268E-08 1.0603E-08 1.0874E-08 1.1085E-08 1.1225E-08 1.1295E-08 1.1284E-08 1.1204E-08 1.1053E-08 1.0824E-08 1.0525E-08 1.0160E-08 9.7347E-09 9.2508E-09 8.7128E-09 8.1270E-09 7.5040E-09 6.8501E-09 6.1758E-09 5.4911E-09
4.6540E-11 6.3217E-11 8.6981E-11 1.1475E-10 1.4839E-10 1.8997E-10 2.3856E-10 2.9497E-10 3.6352E-10 4.3958E-10 5.2594E-10 6.2537E-10 7.4158E-10 8.7275E-10 1.0193E-09 1.1870E-09 1.3723E-09 1.5815E-09 1.8111E-09 2.0650E-09 2.3465E-09 2.6536E-09 2.9873E-09 3.3507E-09 3.7392E-09 4.1536E-09 4.5971E-09 5.0630E-09 5.5529E-09 6.0595E-09 6.5827E-09 7.1150E-09 7.6500E-09 8.1799E-09 8.7008E-09 9.1968E-09 9.6687E-09 1.0104E-08 1.0490E-08 1.0827E-08 1.1105E-08 1.1324E-08 1.1469E-08 1.1546E-08 1.1556E-08 1.1485E-08 1.1342E-08 1.1126E-08 1.0841E-08 1.0484E-08 1.0054E-08 9.5582E-09 9.0033E-09 8.3938E-09 7.7368E-09 7.0423E-09 6.3201E-09
3.4075E-11 4.7866E-11 6.7450E-11 9.1765E-11 1.1999E-10 1.5566E-10 1.9760E-10 2.4584E-10 3.0652E-10 3.7406E-10 4.5180E-10 5.4055E-10 6.4342E-10 7.6188E-10 8.9280E-10 1.0455E-09 1.2142E-09 1.4044E-09 1.6148E-09 1.8494E-09 2.1094E-09 2.3964E-09 2.7089E-09 3.0519E-09 3.4221E-09 3.8174E-09 4.2454E-09 4.6981E-09 5.1772E-09 5.6767E-09 6.1966E-09 6.7282E-09 7.2686E-09 7.8143E-09 8.3523E-09 8.8755E-09 9.3834E-09 9.8586E-09 1.0296E-08 1.0693E-08 1.1043E-08 1.1333E-08 1.1561E-08 1.1732E-08 1.1828E-08 1.1854E-08 1.1811E-08 1.1692E-08 1.1496E-08 1.1216E-08 1.0860E-08 1.0429E-08 9.9200E-09 9.3380E-09 8.6889E-09 7.9811E-09 7.2285E-09
2.5600E-11 3.7524E-11 5.3814E-11 7.3882E-11 9.7594E-11 1.2734E-10 1.6375E-10 2.0586E-10 2.5692E-10 3.1696E-10 3.8493E-10 4.6437E-10 5.5640E-10 6.6124E-10 7.7845E-10 9.1617E-10 1.0666E-09 1.2388E-09 1.4311E-09 1.6434E-09 1.8830E-09 2.1480E-09 2.4383E-09 2.7601E-09 3.1074E-09 3.4816E-09 3.8904E-09 4.3236E-09 4.7859E-09 5.2723E-09 5.7827E-09 6.3080E-09 6.8499E-09 7.3987E-09 7.9473E-09 8.4946E-09 9.0272E-09 9.5377E-09 1.0024E-08 1.0479E-08 1.0890E-08 1.1252E-08 1.1571E-08 1.1829E-08 1.2020E-08 1.2154E-08 1.2215E-08 1.2202E-08 1.2104E-08 1.1926E-08 1.1664E-08 1.1307E-08 1.0860E-08 1.0322E-08 9.6999E-09 8.9978E-09 8.2285E-09
1.9599E-11 2.8654E-11 4.2534E-11 5.9374E-11 7.9372E-11 1.0538E-10 1.3596E-10 1.7187E-10 2.1639E-10 2.6789E-10 3.2668E-10 3.9776E-10 4.7855E-10 5.7064E-10 6.7546E-10 7.9690E-10 9.3076E-10 1.0857E-09 1.2580E-09 1.4508E-09 1.6687E-09 1.9103E-09 2.1780E-09 2.4747E-09 2.7978E-09 3.1481E-09 3.5333E-09 3.9443E-09 4.3858E-09 4.8535E-09 5.3467E-09 5.8597E-09 6.3969E-09 6.9426E-09 7.4966E-09 8.0550E-09 8.6089E-09 9.1496E-09 9.6764E-09 1.0181E-08 1.0649E-08 1.1088E-08 1.1487E-08 1.1830E-08 1.2129E-08 1.2368E-08 1.2542E-08 1.2640E-08 1.2661E-08 1.2599E-08 1.2438E-08 1.2177E-08 1.1811E-08 1.1336E-08 1.0751E-08 1.0064E-08 9.2909E-09
1.3969E-11 2.2154E-11 3.3355E-11 4.6746E-11 6.4179E-11 8.5528E-11 1.1118E-10 1.4307E-10 1.7997E-10 2.2414E-10 2.7548E-10 3.3692E-10 4.0694E-10 4.8807E-10 5.7992E-10 6.8763E-10 8.0577E-10 9.4230E-10 1.0969E-09 1.2689E-09 1.4645E-09 1.6837E-09 1.9270E-09 2.1995E-09 2.4975E-09 2.8209E-09 3.1802E-09 3.5652E-09 3.9817E-09 4.4268E-09 4.8988E-09 5.3939E-09 5.9171E-09 6.4533E-09 7.0076E-09 7.5713E-09 8.1350E-09 8.6986E-09 9.2611E-09 9.8036E-09 1.0329E-08 1.0836E-08 1.1305E-08 1.1743E-08 1.2142E-08 1.2488E-08 1.2776E-08 1.2998E-08 1.3149E-08 1.3206E-08 1.3165E-08 1.3015E-08 1.2747E-08 1.2349E-08 1.1823E-08 1.1177E-08 1.0417E-08
1.0926E-11 1.6450E-11 2.5187E-11 3.6677E-11 5.0609E-11 6.8665E-11 9.0208E-11 1.1630E-10 1.4864E-10 1.8559E-10 2.3047E-10 2.8277E-10 3.4164E-10 4.1314E-10 4.9332E-10 5.8714E-10 6.8969E-10 8.1113E-10 9.4706E-10 1.0990E-09 1.2738E-09 1.4703E-09 1.6895E-09 1.9364E-09 2.2074E-09 2.5034E-09 2.8355E-09 3.1916E-09 3.5803E-09 3.9985E-09 4.4443E-09 4.9189E-09 5.4235E-09 5.9418E-09 6.4873E-09 7.0494E-09 7.6177E-09 8.1973E-09 8.7816E-09 9.3569E-09 9.9327E-09 1.0493E-08 1.1036E-08 1.1561E-08 1.2053E-08 1.2506E-08 1.2912E-08 1.3265E-08 1.3542E-08 1.3731E-08 1.3823E-08 1.3797E-08 1.3642E-08 1.3341E-08 1.2896E-08 1.2305E-08 1.1588E-08
