Assets/Resources/2015_m01_d29_1700(utc+0800)_l00_csi_1hr_conc.grd
DSAA
         159         159
     -79.000      79.000
     -79.000      79.000
  0.0000E+00  0.4751E-05
[rows 0 to 24 of 159, columns 57 to 113 of 159]
7.8596E-11 8.4046E-11 8.9782E-11 9.5810E-11 1.0215E-10 1.0879E-10 1.1575E-10 1.2304E-10 1.3066E-10 1.3861E-10 1.4692E-10 1.5557E-10 1.6458E-10 1.7395E-10 1.8369E-10 1.9341E-10 2.0425E-10 2.1508E-10 2.2591E-10 2.3786E-10 2.4942E-10 2.6165E-10 2.7376E-10 2.8646E-10 2.9938E-10 3.1243E-10 3.2522E-10 3.3848E-10 3.5140E-10 3.6475E-10 3.7769E-10 3.9099E-10 4.0383E-10 4.1697E-10 4.3023E-10 4.4274E-10 4.5570E-10 4.6858E-10 4.8128E-10 4.9382E-10 5.0681E-10 5.1837E-10 5.3031E-10 5.4265E-10 5.5350E-10 5.6469E-10 5.7562E-10 5.8624E-10 5.9596E-10 6.0657E-10 6.1556E-10 6.2493E-10 6.3316E-10 6.4245E-10 6.5001E-10 6.5722E-10 6.6486E-10
8.1108E-11 8.6726E-11 9.2291E-11 9.8858E-11 1.0539E-10 1.1189E-10 1.1942E-10 1.2694E-10 1.3444E-10 1.4302E-10 1.5159E-10 1.6016E-10 1.6982E-10 1.7950E-10 1.8918E-10 1.9999E-10 2.1043E-10 2.2163E-10 2.3358E-10 2.4518E-10 2.5752E-10 2.6975E-10 2.8263E-10 2.9575E-10 3.0866E-10 3.2212E-10 3.3569E-10 3.4896E-10 3.6225E-10 3.7601E-10 3.8974E-10 4.0302E-10 4.1665E-10 4.3038E-10 4.4341E-10 4.5691E-10 4.7027E-10 4.8354E-10 4.9665E-10 5.1015E-10 5.2233E-10 5.3487E-10 5.4774E-10 5.5924E-10 5.7103E-10 5.8312E-10 5.9380E-10 6.0472E-10 6.1529E-10 6.2562E-10 6.3484E-10 6.4506E-10 6.5359E-10 6.6177E-10 6.7034E-10 6.7925E-10 6.8638E-10
8.3279E-11 8.9063E-11 9.5150E-11 1.0156E-10 1.0828E-10 1.1569E-10 1.2274E-10 1.3049E-10 1.3895E-10 1.4706E-10 1.5590E-10 1.6547E-10 1.7471E-10 1.8469E-10 1.9506E-10 2.0584E-10 2.1700E-10 2.2818E-10 2.4053E-10 2.5289E-10 2.6524E-10 2.7824E-10 2.9153E-10 3.0466E-10 3.1836E-10 3.3181E-10 3.4579E-10 3.5943E-10 3.7357E-10 3.8770E-10 4.0141E-10 4.1549E-10 4.2971E-10 4.4324E-10 4.5725E-10 4.7117E-10 4.8495E-10 4.9860E-10 5.1273E-10 5.2544E-10 5.3857E-10 5.5212E-10 5.6416E-10 5.7657E-10 5.8935E-10 6.0057E-10 6.1213E-10 6.2338E-10 6.3425E-10 6.4422E-10 6.5500E-10 6.6419E-10 6.7375E-10 6.8211E-10 6.9174E-10 6.9931E-10 7.0663E-10
8.5782E-11 9.1732E-11 9.8001E-11 1.0459E-10 1.1151E-10 1.1879E-10 1.2641E-10 1.3438E-10 1.4273E-10 1.5146E-10 1.6056E-10 1.7006E-10 1.7995E-10 1.9024E-10 2.0095E-10 2.1206E-10 2.2319E-10 2.3550E-10 2.4747E-10 2.6023E-10 2.7333E-10 2.8675E-10 3.0004E-10 3.1396E-10 3.2765E-10 3.4191E-10 3.5588E-10 3.7035E-10 3.8445E-10 3.9899E-10 4.1350E-10 4.2817E-10 4.4220E-10 4.5672E-10 4.7115E-10 4.8548E-10 4.9970E-10 5.1435E-10 5.2830E-10 5.4143E-10 5.5554E-10 5.6825E-10 5.8129E-10 5.9467E-10 6.0659E-10 6.1938E-10 6.3126E-10 6.4225E-10 6.5342E-10 6.6429E-10 6.7411E-10 6.8429E-10 6.9491E-10 7.0352E-10 7.1186E-10 7.1965E-10 7.2792E-10
8.7928E-11 9.4043E-11 1.0049E-10 1.0726E-10 1.1473E-10 1.2186E-10 1.2970E-10 1.3826E-10 1.4686E-10 1.5547E-10 1.6521E-10 1.7499E-10 1.8482E-10 1.9579E-10 2.0644E-10 2.1789E-10 2.3013E-10 2.4206E-10 2.5479E-10 2.6754E-10 2.8103E-10 2.9487E-10 3.0892E-10 3.2284E-10 3.3734E-10 3.5158E-10 3.6637E-10 3.8082E-10 3.9574E-10 4.1025E-10 4.2578E-10 4.4027E-10 4.5528E-10 4.7025E-10 4.8510E-10 4.9985E-10 5.1511E-10 5.2961E-10 5.4333E-10 5.5812E-10 5.7202E-10 5.8570E-10 5.9918E-10 6.1168E-10 6.2517E-10 6.3777E-10 6.4934E-10 6.6187E-10 6.7279E-10 6.8404E-10 6.9418E-10 7.0538E-10 7.1480E-10 7.2367E-10 7.3297E-10 7.4265E-10 7.5036E-10
9.0401E-11 9.6686E-11 1.0331E-10 1.1027E-10 1.1759E-10 1.2527E-10 1.3332E-10 1.4177E-10 1.5060E-10 1.5983E-10 1.6948E-10 1.7954E-10 1.9002E-10 2.0094E-10 2.1229E-10 2.2407E-10 2.3630E-10 2.4897E-10 2.6169E-10 2.7523E-10 2.8911E-10 3.0292E-10 3.1739E-10 3.3208E-10 3.4659E-10 3.6164E-10 3.7641E-10 3.9168E-10 4.0658E-10 4.2251E-10 4.3745E-10 4.5294E-10 4.6839E-10 4.8377E-10 4.9908E-10 5.1486E-10 5.2996E-10 5.4491E-10 5.5966E-10 5.7424E-10 5.8856E-10 6.0267E-10 6.1652E-10 6.3005E-10 6.4329E-10 6.5561E-10 6.6882E-10 6.8040E-10 6.9243E-10 7.0394E-10 7.1524E-10 7.2522E-10 7.3483E-10 7.4480E-10 7.5516E-10 7.6358E-10 7.7144E-10
9.2505E-11 9.8952E-11 1.0574E-10 1.1324E-10 1.2076E-10 1.2829E-10 1.3693E-10 1.4560E-10 1.5431E-10 1.6417E-10 1.7408E-10 1.8405E-10 1.9521E-10 2.0643E-10 2.1772E-10 2.3023E-10 2.4243E-10 2.5547E-10 2.6894E-10 2.8289E-10 2.9675E-10 3.1134E-10 3.2580E-10 3.4088E-10 3.5619E-10 3.7123E-10 3.8681E-10 4.0207E-10 4.1837E-10 4.3374E-10 4.4966E-10 4.6560E-10 4.8148E-10 4.9731E-10 5.1307E-10 5.2931E-10 5.4484E-10 5.6024E-10 5.7542E-10 5.9102E-10 6.0521E-10 6.1969E-10 6.3393E-10 6.4791E-10 6.6086E-10 6.7482E-10 6.8714E-10 6.9982E-10 7.1297E-10 7.2412E-10 7.3489E-10 7.4599E-10 7.5745E-10 7.6701E-10 7.7601E-10 7.8468E-10 7.9523E-10
9.4933E-11 1.0154E-10 1.0851E-10 1.1584E-10 1.2355E-10 1.3164E-10 1.4013E-10 1.4903E-10 1.5871E-10 1.6809E-10 1.7827E-10 1.8926E-10 1.9997E-10 2.1150E-10 2.2387E-10 2.3596E-10 2.4889E-10 2.6190E-10 2.7616E-10 2.9008E-10 3.0472E-10 3.1929E-10 3.3454E-10 3.4961E-10 3.6531E-10 3.8117E-10 3.9673E-10 4.1280E-10 4.2913E-10 4.4547E-10 4.6185E-10 4.7821E-10 4.9455E-10 5.1084E-10 5.2704E-10 5.4375E-10 5.5973E-10 5.7557E-10 5.9182E-10 6.0664E-10 6.2185E-10 6.3740E-10 6.5143E-10 6.6580E-10 6.7981E-10 6.9362E-10 7.0635E-10 7.2017E-10 7.3214E-10 7.4362E-10 7.5547E-10 7.6774E-10 7.7794E-10 7.8779E-10 7.9705E-10 8.0847E-10 8.1699E-10
9.6975E-11 1.0375E-10 1.1124E-10 1.1875E-10 1.2629E-10 1.3495E-10 1.4366E-10 1.5278E-10 1.6234E-10 1.7234E-10 1.8278E-10 1.9369E-10 2.0506E-10 2.1651E-10 2.2921E-10 2.4201E-10 2.5491E-10 2.6866E-10 2.8292E-10 2.9719E-10 3.1223E-10 3.2755E-10 3.4279E-10 3.5868E-10 3.7434E-10 3.9061E-10 4.0655E-10 4.2364E-10 4.3979E-10 4.5716E-10 4.7396E-10 4.9078E-10 5.0759E-10 5.2432E-10 5.4098E-10 5.5817E-10 5.7461E-10 5.9150E-10 6.0702E-10 6.2287E-10 6.3914E-10 6.5391E-10 6.6895E-10 6.8374E-10 6.9833E-10 7.1173E-10 7.2641E-10 7.3911E-10 7.5135E-10 7.6482E-10 7.7701E-10 7.8809E-10 7.9858E-10 8.1112E-10 8.2085E-10 8.3011E-10 8.3892E-10
9.9336E-11 1.0627E-10 1.1357E-10 1.2126E-10 1.2935E-10 1.3785E-10 1.4677E-10 1.5648E-10 1.6591E-10 1.7616E-10 1.8723E-10 1.9842E-10 2.0970E-10 2.2222E-10 2.3448E-10 2.4761E-10 2.6122E-10 2.7536E-10 2.8960E-10 3.0462E-10 3.1963E-10 3.3534E-10 3.5136E-10 3.6723E-10 3.8369E-10 3.9992E-10 4.1730E-10 4.3379E-10 4.5153E-10 4.6817E-10 4.8601E-10 5.0330E-10 5.2054E-10 5.3775E-10 5.5549E-10 5.7254E-10 5.8946E-10 6.0621E-10 6.2277E-10 6.3973E-10 6.5520E-10 6.7102E-10 6.8652E-10 7.0185E-10 7.1685E-10 7.3149E-10 7.4498E-10 7.5887E-10 7.7303E-10 7.8538E-10 7.9714E-10 8.0851E-10 8.2183E-10 8.3235E-10 8.4240E-10 8.5189E-10 8.6354E-10
1.0130E-10 1.0874E-10 1.1621E-10 1.2408E-10 1.3236E-10 1.4106E-10 1.5019E-10 1.5976E-10 1.6979E-10 1.8028E-10 1.9125E-10 2.0271E-10 2.1465E-10 2.2710E-10 2.4005E-10 2.5312E-10 2.6708E-10 2.8158E-10 2.9658E-10 3.1155E-10 3.2731E-10 3.4301E-10 3.5940E-10 3.7606E-10 3.9250E-10 4.1012E-10 4.2694E-10 4.4440E-10 4.6201E-10 4.7966E-10 4.9798E-10 5.1571E-10 5.3342E-10 5.5171E-10 5.6872E-10 5.8685E-10 6.0426E-10 6.2146E-10 6.3912E-10 6.5532E-10 6.7244E-10 6.8811E-10 7.0423E-10 7.1995E-10 7.3543E-10 7.4972E-10 7.6436E-10 7.7946E-10 7.9253E-10 8.0520E-10 8.1815E-10 8.3152E-10 8.4288E-10 8.5366E-10 8.6571E-10 8.7643E-10 8.8600E-10
1.0357E-10 1.1082E-10 1.1845E-10 1.2649E-10 1.3495E-10 1.4384E-10 1.5354E-10 1.6297E-10 1.7323E-10 1.8433E-10 1.9556E-10 2.0691E-10 2.1952E-10 2.3226E-10 2.4515E-10 2.5891E-10 2.7324E-10 2.8768E-10 3.0303E-10 3.1876E-10 3.3448E-10 3.5097E-10 3.6731E-10 3.8434E-10 4.0159E-10 4.1921E-10 4.3698E-10 4.5492E-10 4.7293E-10 4.9165E-10 5.0981E-10 5.2802E-10 5.4622E-10 5.6437E-10 5.8308E-10 6.0109E-10 6.1896E-10 6.3728E-10 6.5417E-10 6.7206E-10 6.8845E-10 7.0532E-10 7.2188E-10 7.3811E-10 7.5320E-10 7.6873E-10 7.8459E-10 7.9858E-10 8.1204E-10 8.2666E-10 8.4012E-10 8.5225E-10 8.6397E-10 8.7757E-10 8.8846E-10 8.9877E-10 9.0859E-10
1.0579E-10 1.1319E-10 1.2062E-10 1.2920E-10 1.3784E-10 1.4692E-10 1.5647E-10 1.6647E-10 1.7696E-10 1.8794E-10 1.9942E-10 2.1140E-10 2.2392E-10 2.3695E-10 2.5013E-10 2.6462E-10 2.7888E-10 2.9407E-10 3.0935E-10 3.2545E-10 3.4192E-10 3.5836E-10 3.7549E-10 3.9247E-10 4.1071E-10 4.2814E-10 4.4692E-10 4.6468E-10 4.8373E-10 5.0232E-10 5.2153E-10 5.4021E-10 5.5888E-10 5.7751E-10 5.9673E-10 6.1521E-10 6.3419E-10 6.5178E-10 6.6974E-10 6.8750E-10 7.0515E-10 7.2244E-10 7.3951E-10 7.5542E-10 7.7172E-10 7.8852E-10 8.0331E-10 8.1765E-10 8.3395E-10 8.4745E-10 8.6054E-10 8.7302E-10 8.8764E-10 8.9932E-10 9.1052E-10 9.2120E-10 9.3392E-10
1.0760E-10 1.1515E-10 1.2310E-10 1.3148E-10 1.4030E-10 1.4993E-10 1.5930E-10 1.6952E-10 1.8060E-10 1.9182E-10 2.0317E-10 2.1580E-10 2.2858E-10 2.4153E-10 2.5538E-10 2.6981E-10 2.8478E-10 2.9993E-10 3.1592E-10 3.3197E-10 3.4880E-10 3.6599E-10 3.8309E-10 4.0142E-10 4.1907E-10 4.3747E-10 4.5610E-10 4.7546E-10 4.9439E-10 5.1340E-10 5.3312E-10 5.5225E-10 5.7140E-10 5.9115E-10 6.0961E-10 6.2982E-10 6.4808E-10 6.6675E-10 6.8522E-10 7.0361E-10 7.2172E-10 7.3955E-10 7.5627E-10 7.7345E-10 7.9104E-10 8.0672E-10 8.2195E-10 8.3910E-10 8.5358E-10 8.6747E-10 8.8178E-10 8.9642E-10 9.0903E-10 9.2112E-10 9.3432E-10 9.4638E-10 9.5701E-10
1.0935E-10 1.1704E-10 1.2550E-10 1.3404E-10 1.4304E-10 1.5250E-10 1.6243E-10 1.7285E-10 1.8378E-10 1.9523E-10 2.0719E-10 2.1970E-10 2.3276E-10 2.4597E-10 2.6052E-10 2.7487E-10 2.9017E-10 3.0563E-10 3.2195E-10 3.3874E-10 3.5551E-10 3.7304E-10 3.9049E-10 4.0923E-10 4.2781E-10 4.4667E-10 4.6567E-10 4.8550E-10 5.0485E-10 5.2494E-10 5.4451E-10 5.6412E-10 5.8437E-10 6.0340E-10 6.2418E-10 6.4308E-10 6.6241E-10 6.8159E-10 7.0072E-10 7.1957E-10 7.3821E-10 7.5574E-10 7.7372E-10 7.9220E-10 8.0874E-10 8.2481E-10 8.4295E-10 8.5824E-10 8.7314E-10 8.8831E-10 9.0393E-10 9.1746E-10 9.3042E-10 9.4546E-10 9.5753E-10 9.6921E-10 9.8026E-10
1.1139E-10 1.1922E-10 1.2747E-10 1.3618E-10 1.4533E-10 1.5497E-10 1.6509E-10 1.7608E-10 1.8723E-10 1.9852E-10 2.1111E-10 2.2387E-10 2.3680E-10 2.5067E-10 2.6513E-10 2.8016E-10 2.9539E-10 3.1156E-10 3.2780E-10 3.4492E-10 3.6245E-10 3.7990E-10 3.9871E-10 4.1683E-10 4.3639E-10 4.5504E-10 4.7567E-10 4.9474E-10 5.1514E-10 5.3509E-10 5.5511E-10 5.7582E-10 5.9595E-10 6.1606E-10 6.3678E-10 6.5675E-10 6.7660E-10 6.9643E-10 7.1604E-10 7.3543E-10 7.5376E-10 7.7259E-10 7.9188E-10 8.0928E-10 8.2628E-10 8.4525E-10 8.6156E-10 8.7732E-10 8.9427E-10 9.1003E-10 9.2447E-10 9.3845E-10 9.5436E-10 9.6752E-10 9.8004E-10 9.9281E-10 1.0051E-09
1.1301E-10 1.2132E-10 1.2972E-10 1.3821E-10 1.4791E-10 1.5772E-10 1.6802E-10 1.7885E-10 1.9020E-10 2.0208E-10 2.1452E-10 2.2753E-10 2.4070E-10 2.5524E-10 2.6959E-10 2.8492E-10 3.0044E-10 3.1691E-10 3.3390E-10 3.5090E-10 3.6876E-10 3.8696E-10 4.0573E-10 4.2480E-10 4.4417E-10 4.6438E-10 4.8429E-10 5.0434E-10 5.2523E-10 5.4562E-10 5.6673E-10 5.8732E-10 6.0792E-10 6.2918E-10 6.4913E-10 6.7023E-10 6.9075E-10 7.1105E-10 7.3120E-10 7.5032E-10 7.6993E-10 7.9008E-10 8.0834E-10 8.2618E-10 8.4612E-10 8.6330E-10 8.8002E-10 8.9793E-10 9.1462E-10 9.3008E-10 9.4493E-10 9.6198E-10 9.7601E-10 9.8957E-10 1.0040E-09 1.0165E-09 1.0286E-09
1.1490E-10 1.2300E-10 1.3154E-10 1.4054E-10 1.5002E-10 1.6000E-10 1.7085E-10 1.8186E-10 1.9304E-10 2.0552E-10 2.1818E-10 2.3104E-10 2.4484E-10 2.5926E-10 2.7427E-10 2.8949E-10 3.0571E-10 3.2207E-10 3.3938E-10 3.5710E-10 3.7485E-10 3.9400E-10 4.1251E-10 4.3256E-10 4.5228E-10 4.7294E-10 4.9324E-10 5.1436E-10 5.3507E-10 5.5592E-10 5.7751E-10 5.9857E-10 6.2031E-10 6.4082E-10 6.6251E-10 6.8365E-10 7.0388E-10 7.2550E-10 7.4537E-10 7.6580E-10 7.8672E-10 8.0584E-10 8.2458E-10 8.4537E-10 8.6349E-10 8.8115E-10 8.9999E-10 9.1770E-10 9.3406E-10 9.5086E-10 9.6798E-10 9.8307E-10 9.9761E-10 1.0130E-09 1.0267E-09 1.0396E-09 1.0522E-09
1.1636E-10 1.2458E-10 1.3325E-10 1.4276E-10 1.5240E-10 1.6254E-10 1.7320E-10 1.8440E-10 1.9613E-10 2.0845E-10 2.2133E-10 2.3440E-10 2.4884E-10 2.6312E-10 2.7839E-10 2.9388E-10 3.1039E-10 3.2745E-10 3.4462E-10 3.6266E-10 3.8170E-10 4.0023E-10 4.2023E-10 4.3947E-10 4.6079E-10 4.8065E-10 5.0196E-10 5.2292E-10 5.4466E-10 5.6660E-10 5.8743E-10 6.1020E-10 6.3122E-10 6.5343E-10 6.7517E-10 6.9605E-10 7.1833E-10 7.3894E-10 7.6010E-10 7.8183E-10 8.0177E-10 8.2135E-10 8.4303E-10 8.6205E-10 8.8064E-10 9.0047E-10 9.1908E-10 9.3652E-10 9.5425E-10 9.7243E-10 9.8852E-10 1.0041E-09 1.0206E-09 1.0351E-09 1.0493E-09 1.0635E-09 1.0773E-09
1.1810E-10 1.2644E-10 1.3524E-10 1.4452E-10 1.5431E-10 1.6460E-10 1.7543E-10 1.8680E-10 1.9910E-10 2.1123E-10 2.2432E-10 2.3798E-10 2.5229E-10 2.6719E-10 2.8233E-10 2.9848E-10 3.1486E-10 3.3220E-10 3.5006E-10 3.6799E-10 3.8736E-10 4.0617E-10 4.2657E-10 4.4671E-10 4.6787E-10 4.8868E-10 5.1044E-10 5.3182E-10 5.5401E-10 5.7579E-10 5.9832E-10 6.2036E-10 6.4246E-10 6.6533E-10 6.8681E-10 7.0970E-10 7.3099E-10 7.5289E-10 7.7535E-10 7.9609E-10 8.1653E-10 8.3827E-10 8.5896E-10 8.7848E-10 8.9921E-10 9.1886E-10 9.3723E-10 9.5600E-10 9.7518E-10 9.9229E-10 1.0089E-09 1.0264E-09 1.0421E-09 1.0572E-09 1.0733E-09 1.0874E-09 1.1010E-09
1.1939E-10 1.2784E-10 1.3677E-10 1.4618E-10 1.5610E-10 1.6691E-10 1.7790E-10 1.8944E-10 2.0155E-10 2.1425E-10 2.2714E-10 2.4142E-10 2.5555E-10 2.7069E-10 2.8606E-10 3.0247E-10 3.1953E-10 3.3672E-10 3.5485E-10 3.7406E-10 3.9275E-10 4.1305E-10 4.3262E-10 4.5432E-10 4.7465E-10 4.9708E-10 5.1862E-10 5.4043E-10 5.6308E-10 5.8530E-10 6.0833E-10 6.3020E-10 6.5341E-10 6.7619E-10 6.9890E-10 7.2158E-10 7.4414E-10 7.6656E-10 7.8882E-10 8.1005E-10 8.3263E-10 8.5418E-10 8.7459E-10 8.9628E-10 9.1684E-10 9.3623E-10 9.5598E-10 9.7617E-10 9.9435E-10 1.0120E-09 1.0306E-09 1.0473E-09 1.0636E-09 1.0807E-09 1.0959E-09 1.1107E-09 1.1247E-09
1.2059E-10 1.2915E-10 1.3855E-10 1.4809E-10 1.5815E-10 1.6874E-10 1.7987E-10 1.9194E-10 2.0385E-10 2.1673E-10 2.3018E-10 2.4429E-10 2.5862E-10 2.7399E-10 2.8999E-10 3.0625E-10 3.2355E-10 3.4142E-10 3.5939E-10 3.7889E-10 3.9787E-10 4.1850E-10 4.3955E-10 4.6047E-10 4.8232E-10 5.0400E-10 5.2651E-10 5.4877E-10 5.7122E-10 5.9513E-10 6.1739E-10 6.4098E-10 6.6422E-10 6.8746E-10 7.1070E-10 7.3310E-10 7.5697E-10 7.7994E-10 8.0195E-10 8.2531E-10 8.4769E-10 8.6900E-10 8.9076E-10 9.1308E-10 9.3342E-10 9.5416E-10 9.7539E-10 9.9454E-10 1.0133E-09 1.0330E-09 1.0508E-09 1.0681E-09 1.0863E-09 1.1027E-09 1.1185E-09 1.1338E-09 1.1493E-09
1.2206E-10 1.3072E-10 1.3987E-10 1.4953E-10 1.6007E-10 1.7080E-10 1.8170E-10 1.9393E-10 2.0638E-10 2.1904E-10 2.3307E-10 2.4698E-10 2.6190E-10 2.7708E-10 2.9331E-10 3.1023E-10 3.2733E-10 3.4545E-10 3.6466E-10 3.8346E-10 4.0391E-10 4.2366E-10 4.4566E-10 4.6631E-10 4.8916E-10 5.1117E-10 5.3413E-10 5.5677E-10 5.8030E-10 6.0343E-10 6.2674E-10 6.5098E-10 6.7391E-10 6.9841E-10 7.2139E-10 7.4509E-10 7.6950E-10 7.9222E-10 8.1555E-10 8.3950E-10 8.6164E-10 8.8430E-10 9.0750E-10 9.2879E-10 9.5052E-10 9.7269E-10 9.9295E-10 1.0127E-09 1.0335E-09 1.0524E-09 1.0708E-09 1.0901E-09 1.1076E-09 1.1246E-09 1.1417E-09 1.1576E-09 1.1730E-09
1.2307E-10 1.3183E-10 1.4108E-10 1.5121E-10 1.6151E-10 1.7236E-10 1.8377E-10 1.9577E-10 2.0837E-10 2.2117E-10 2.3539E-10 2.4947E-10 2.6459E-10 2.8035E-10 2.9640E-10 3.1355E-10 3.3128E-10 3.4921E-10 3.6870E-10 3.8773E-10 4.0849E-10 4.2969E-10 4.5087E-10 4.7304E-10 4.9506E-10 5.1804E-10 5.4141E-10 5.6445E-10 5.8842E-10 6.1199E-10 6.3575E-10 6.5986E-10 6.8476E-10 7.0826E-10 7.3252E-10 7.5749E-10 7.8090E-10 8.0493E-10 8.2960E-10 8.5256E-10 8.7522E-10 9.0010E-10 9.2233E-10 9.4415E-10 9.6817E-10 9.8938E-10 1.0102E-09 1.0320E-09 1.0520E-09 1.0715E-09 1.0919E-09 1.1106E-09 1.1287E-09 1.1470E-09 1.1641E-09 1.1806E-09 1.1967E-09
1.2398E-10 1.3319E-10 1.4254E-10 1.5241E-10 1.6281E-10 1.7378E-10 1.8569E-10 1.9745E-10 2.1018E-10 2.2352E-10 2.3752E-10 2.5216E-10 2.6706E-10 2.8302E-10 2.9968E-10 3.1661E-10 3.3457E-10 3.5327E-10 3.7246E-10 3.9291E-10 4.1276E-10 4.3490E-10 4.5575E-10 4.7889E-10 5.0123E-10 5.2462E-10 5.4775E-10 5.7181E-10 5.9557E-10 6.2019E-10 6.4457E-10 6.6911E-10 6.9377E-10 7.1850E-10 7.4326E-10 7.6801E-10 7.9189E-10 8.1728E-10 8.4175E-10 8.6522E-10 8.9012E-10 9.1400E-10 9.3677E-10 9.6089E-10 9.8392E-10 1.0057E-09 1.0286E-09 1.0497E-09 1.0702E-09 1.0918E-09 1.1116E-09 1.1308E-09 1.1503E-09 1.1686E-09 1.1863E-09 1.2035E-09 1.2202E-09
