Assets/Resources/2015_m01_d12_2000(utc+0800)_l00_csi_1hr_conc.grd
DSAA
         159         159
     -79.000      79.000
     -79.000      79.000
  0.0000E+00  0.4190E-05
[rows 25 to 49 of 159, columns 0 to 56 of 159]
1.3956E-09 1.4395E-09 1.4806E-09 1.5184E-09 1.5507E-09 1.5779E-09 1.6009E-09 1.6186E-09 1.6296E-09 1.6338E-09 1.6325E-09 1.6263E-09 1.6133E-09 1.5933E-09 1.5666E-09 1.5342E-09 1.4963E-09 1.4533E-09 1.4053E-09 1.3524E-09 1.2959E-09 1.2358E-09 1.1734E-09 1.1086E-09 1.0428E-09 9.7591E-10 9.0892E-10 8.4257E-10 7.7715E-10 7.1334E-10 6.5131E-10 5.9141E-10 5.3259E-10 4.7822E-10 4.2704E-10 3.7886E-10 3.3358E-10 2.8837E-10 2.4800E-10 2.0971E-10 1.7534E-10 1.3794E-10 1.0278E-10 6.8976E-11 5.5621E-11 4.6191E-11 3.5291E-11 1.8341E-11 5.4316E-12 0.0000E+00 0.0000E+00 0.0000E+00 0.0000E+00 0.0000E+00 0.0000E+00 0.0000E+00 0.0000E+00
1.5247E-09 1.5756E-09 1.6232E-09 1.6652E-09 1.7028E-09 1.7364E-09 1.7638E-09 1.7843E-09 1.7984E-09 1.8074E-09 1.8099E-09 1.8044E-09 1.7915E-09 1.7718E-09 1.7458E-09 1.7130E-09 1.6736E-09 1.6287E-09 1.5778E-09 1.5223E-09 1.4618E-09 1.3974E-09 1.3292E-09 1.2584E-09 1.1862E-09 1.1128E-09 1.0390E-09 9.6547E-10 8.9282E-10 8.2151E-10 7.5193E-10 6.8392E-10 6.1929E-10 5.5752E-10 4.9870E-10 4.4384E-10 3.9020E-10 3.3962E-10 2.9278E-10 2.5029E-10 2.1057E-10 1.7297E-10 1.3175E-10 9.7332E-11 7.0479E-11 5.7292E-11 4.5451E-11 2.9100E-11 1.0916E-11 1.0419E-12 0.0000E+00 0.0000E+00 0.0000E+00 0.0000E+00 0.0000E+00 0.0000E+00 0.0000E+00
1.6610E-09 1.7187E-09 1.7712E-09 1.8199E-09 1.8647E-09 1.9031E-09 1.9343E-09 1.9602E-09 1.9804E-09 1.9927E-09 1.9966E-09 1.9935E-09 1.9835E-09 1.9659E-09 1.9405E-09 1.9077E-09 1.8680E-09 1.8214E-09 1.7683E-09 1.7095E-09 1.6452E-09 1.5768E-09 1.5040E-09 1.4283E-09 1.3500E-09 1.2699E-09 1.1890E-09 1.1078E-09 1.0274E-09 9.4823E-10 8.7048E-10 7.9508E-10 7.2206E-10 6.5169E-10 5.8514E-10 5.2165E-10 4.6180E-10 4.0324E-10 3.4948E-10 2.9882E-10 2.5274E-10 2.1293E-10 1.7162E-10 1.2639E-10 9.4542E-11 7.3006E-11 6.0226E-11 4.5774E-11 2.3283E-11 5.3764E-12 0.0000E+00 0.0000E+00 0.0000E+00 0.0000E+00 0.0000E+00 0.0000E+00 0.0000E+00
1.8029E-09 1.8662E-09 1.9264E-09 1.9831E-09 2.0331E-09 2.0765E-09 2.1152E-09 2.1474E-09 2.1710E-09 2.1867E-09 2.1953E-09 2.1963E-09 2.1885E-09 2.1724E-09 2.1480E-09 2.1154E-09 2.0754E-09 2.0274E-09 1.9727E-09 1.9111E-09 1.8435E-09 1.7704E-09 1.6930E-09 1.6120E-09 1.5279E-09 1.4415E-09 1.3536E-09 1.2650E-09 1.1767E-09 1.0886E-09 1.0023E-09 9.1756E-10 8.3506E-10 7.5579E-10 6.7827E-10 6.0601E-10 5.3769E-10 4.7096E-10 4.1020E-10 3.5323E-10 3.0062E-10 2.5193E-10 2.0963E-10 1.6551E-10 1.1887E-10 8.9292E-11 7.0992E-11 5.8518E-11 3.8728E-11 1.5598E-11 8.0723E-13 0.0000E+00 0.0000E+00 0.0000E+00 0.0000E+00 0.0000E+00 0.0000E+00
1.9480E-09 2.0199E-09 2.0886E-09 2.1511E-09 2.2076E-09 2.2596E-09 2.3048E-09 2.3414E-09 2.3706E-09 2.3924E-09 2.4059E-09 2.4100E-09 2.4053E-09 2.3916E-09 2.3692E-09 2.3378E-09 2.2977E-09 2.2495E-09 2.1937E-09 2.1301E-09 2.0596E-09 1.9825E-09 1.9002E-09 1.8131E-09 1.7222E-09 1.6290E-09 1.5337E-09 1.4375E-09 1.3407E-09 1.2441E-09 1.1486E-09 1.0540E-09 9.6198E-10 8.7170E-10 7.8518E-10 7.0290E-10 6.2334E-10 5.4950E-10 4.7824E-10 4.1413E-10 3.5311E-10 2.9808E-10 2.4961E-10 2.0383E-10 1.5677E-10 1.1165E-10 8.4156E-11 6.9257E-11 5.0835E-11 3.0402E-11 8.0224E-12 0.0000E+00 0.0000E+00 0.0000E+00 0.0000E+00 0.0000E+00 0.0000E+00
2.0981E-09 2.1790E-09 2.2546E-09 2.3256E-09 2.3923E-09 2.4519E-09 2.5031E-09 2.5473E-09 2.5843E-09 2.6122E-09 2.6307E-09 2.6401E-09 2.6402E-09 2.6304E-09 2.6109E-09 2.5825E-09 2.5447E-09 2.4973E-09 2.4407E-09 2.3757E-09 2.3032E-09 2.2235E-09 2.1377E-09 2.0460E-09 1.9497E-09 1.8497E-09 1.7468E-09 1.6414E-09 1.5351E-09 1.4291E-09 1.3229E-09 1.2183E-09 1.1147E-09 1.0141E-09 9.1668E-10 8.2285E-10 7.3400E-10 6.5006E-10 5.6953E-10 4.9503E-10 4.2429E-10 3.6104E-10 3.0421E-10 2.5406E-10 2.0439E-10 1.5265E-10 1.1033E-10 8.5408E-11 6.8791E-11 4.6582E-11 2.5887E-11 6.0334E-12 3.0986E-12 2.7045E-12 2.3468E-12 7.5640E-13 0.0000E+00
2.2520E-09 2.3405E-09 2.4252E-09 2.5059E-09 2.5799E-09 2.6470E-09 2.7080E-09 2.7612E-09 2.8050E-09 2.8397E-09 2.8652E-09 2.8807E-09 2.8860E-09 2.8817E-09 2.8673E-09 2.8418E-09 2.8058E-09 2.7601E-09 2.7048E-09 2.6401E-09 2.5657E-09 2.4835E-09 2.3939E-09 2.2981E-09 2.1969E-09 2.0910E-09 1.9808E-09 1.8671E-09 1.7518E-09 1.6348E-09 1.5182E-09 1.4017E-09 1.2867E-09 1.1743E-09 1.0645E-09 9.5979E-10 8.5876E-10 7.6375E-10 6.7160E-10 5.8629E-10 5.0811E-10 4.3283E-10 3.6841E-10 3.0850E-10 2.5512E-10 2.0399E-10 1.5010E-10 1.1062E-10 8.6383E-11 6.3499E-11 4.1756E-11 2.2432E-11 8.3845E-12 6.2190E-12 5.3970E-12 3.9622E-12 1.0126E-12
2.4071E-09 2.5050E-09 2.5996E-09 2.6884E-09 2.7714E-09 2.8484E-09 2.9180E-09 2.9784E-09 3.0301E-09 3.0727E-09 3.1050E-09 3.1275E-09 3.1397E-09 3.1407E-09 3.1300E-09 3.1087E-09 3.0765E-09 3.0328E-09 2.9779E-09 2.9125E-09 2.8378E-09 2.7541E-09 2.6615E-09 2.5609E-09 2.4532E-09 2.3395E-09 2.2216E-09 2.1004E-09 1.9760E-09 1.8498E-09 1.7216E-09 1.5934E-09 1.4664E-09 1.3407E-09 1.2194E-09 1.1005E-09 9.8784E-10 8.7987E-10 7.7565E-10 6.7981E-10 5.9009E-10 5.0594E-10 4.3146E-10 3.6409E-10 3.0251E-10 2.4729E-10 1.9504E-10 1.4070E-10 1.0519E-10 7.6476E-11 5.2530E-11 3.2814E-11 1.8217E-11 7.7856E-12 6.4508E-12 5.5647E-12 4.3650E-12
2.5631E-09 2.6713E-09 2.7747E-09 2.8732E-09 2.9666E-09 3.0528E-09 3.1309E-09 3.2018E-09 3.2636E-09 3.3149E-09 3.3565E-09 3.3877E-09 3.4068E-09 3.4145E-09 3.4110E-09 3.3957E-09 3.3674E-09 3.3273E-09 3.2758E-09 3.2130E-09 3.1384E-09 3.0531E-09 2.9580E-09 2.8547E-09 2.7437E-09 2.6252E-09 2.5002E-09 2.3696E-09 2.2354E-09 2.0982E-09 1.9591E-09 1.8192E-09 1.6790E-09 1.5411E-09 1.4048E-09 1.2731E-09 1.1452E-09 1.0228E-09 9.0666E-10 7.9730E-10 6.9581E-10 6.0222E-10 5.1540E-10 4.3912E-10 3.6749E-10 3.0463E-10 2.4541E-10 1.9205E-10 1.3851E-10 1.0253E-10 7.0747E-11 4.7535E-11 2.9356E-11 1.9775E-11 1.1145E-11 9.6141E-12 8.2423E-12
2.7193E-09 2.8366E-09 2.9503E-09 3.0598E-09 3.1636E-09 3.2608E-09 3.3506E-09 3.4318E-09 3.5031E-09 3.5655E-09 3.6183E-09 3.6589E-09 3.6881E-09 3.7056E-09 3.7100E-09 3.7015E-09 3.6808E-09 3.6475E-09 3.6003E-09 3.5402E-09 3.4682E-09 3.3849E-09 3.2905E-09 3.1855E-09 3.0704E-09 2.9475E-09 2.8168E-09 2.6798E-09 2.5365E-09 2.3889E-09 2.2380E-09 2.0849E-09 1.9314E-09 1.7788E-09 1.6284E-09 1.4808E-09 1.3373E-09 1.2002E-09 1.0690E-09 9.4495E-10 8.2898E-10 7.2140E-10 6.2141E-10 5.3269E-10 4.5208E-10 3.7974E-10 3.1223E-10 2.4945E-10 1.9431E-10 1.4209E-10 9.9304E-11 6.9851E-11 4.7463E-11 3.6342E-11 2.3728E-11 1.5894E-11 1.2668E-11
2.8729E-09 3.0008E-09 3.1254E-09 3.2458E-09 3.3603E-09 3.4685E-09 3.5691E-09 3.6616E-09 3.7461E-09 3.8203E-09 3.8827E-09 3.9342E-09 3.9750E-09 4.0028E-09 4.0174E-09 4.0188E-09 4.0064E-09 3.9792E-09 3.9384E-09 3.8842E-09 3.8167E-09 3.7357E-09 3.6422E-09 3.5373E-09 3.4212E-09 3.2943E-09 3.1583E-09 3.0143E-09 2.8636E-09 2.7071E-09 2.5454E-09 2.3803E-09 2.2130E-09 2.0459E-09 1.8795E-09 1.7155E-09 1.5567E-09 1.4022E-09 1.2549E-09 1.1148E-09 9.8277E-10 8.5995E-10 7.4505E-10 6.4233E-10 5.4971E-10 4.6455E-10 3.8815E-10 3.1769E-10 2.5203E-10 1.9481E-10 1.3837E-10 9.5665E-11 6.9069E-11 5.1614E-11 4.1865E-11 2.7614E-11 1.9523E-11
3.0230E-09 3.1622E-09 3.2981E-09 3.4292E-09 3.5554E-09 3.6748E-09 3.7875E-09 3.8926E-09 3.9882E-09 4.0738E-09 4.1493E-09 4.2145E-09 4.2664E-09 4.3052E-09 4.3309E-09 4.3417E-09 4.3379E-09 4.3194E-09 4.2866E-09 4.2384E-09 4.1754E-09 4.0984E-09 4.0073E-09 3.9020E-09 3.7844E-09 3.6555E-09 3.5158E-09 3.3656E-09 3.2066E-09 3.0395E-09 2.8665E-09 2.6883E-09 2.5072E-09 2.3245E-09 2.1418E-09 1.9617E-09 1.7843E-09 1.6125E-09 1.4479E-09 1.2904E-09 1.1415E-09 1.0025E-09 8.7380E-10 7.5634E-10 6.4962E-10 5.5227E-10 4.6450E-10 3.8430E-10 3.1033E-10 2.4444E-10 1.8160E-10 1.2793E-10 8.9363E-11 6.4736E-11 5.4681E-11 4.1980E-11 2.7337E-11
3.1679E-09 3.3196E-09 3.4659E-09 3.6088E-09 3.7465E-09 3.8784E-09 4.0039E-09 4.1225E-09 4.2322E-09 4.3316E-09 4.4213E-09 4.4986E-09 4.5633E-09 4.6156E-09 4.6540E-09 4.6782E-09 4.6862E-09 4.6789E-09 4.6555E-09 4.6162E-09 4.5613E-09 4.4899E-09 4.4029E-09 4.3020E-09 4.1863E-09 4.0565E-09 3.9137E-09 3.7591E-09 3.5935E-09 3.4183E-09 3.2348E-09 3.0445E-09 2.8496E-09 2.6514E-09 2.4524E-09 2.2538E-09 2.0580E-09 1.8676E-09 1.6833E-09 1.5066E-09 1.3386E-09 1.1808E-09 1.0339E-09 8.9900E-10 7.7552E-10 6.6392E-10 5.6274E-10 4.7121E-10 3.8744E-10 3.0819E-10 2.3784E-10 1.7435E-10 1.2440E-10 9.0119E-11 7.1254E-11 5.7671E-11 4.2595E-11
3.3066E-09 3.4699E-09 3.6269E-09 3.7827E-09 3.9324E-09 4.0776E-09 4.2168E-09 4.3484E-09 4.4713E-09 4.5856E-09 4.6900E-09 4.7833E-09 4.8647E-09 4.9320E-09 4.9848E-09 5.0224E-09 5.0441E-09 5.0499E-09 5.0385E-09 5.0104E-09 4.9648E-09 4.9025E-09 4.8237E-09 4.7274E-09 4.6147E-09 4.4864E-09 4.3431E-09 4.1859E-09 4.0153E-09 3.8329E-09 3.6397E-09 3.4380E-09 3.2289E-09 3.0154E-09 2.7986E-09 2.5813E-09 2.3659E-09 2.1544E-09 1.9491E-09 1.7511E-09 1.5619E-09 1.3828E-09 1.2159E-09 1.0608E-09 9.1857E-10 7.8888E-10 6.7180E-10 5.6548E-10 4.7078E-10 3.8467E-10 2.9848E-10 2.2663E-10 1.6660E-10 1.1852E-10 9.1643E-11 7.3359E-11 5.6857E-11
3.4371E-09 3.6119E-09 3.7801E-09 3.9486E-09 4.1109E-09 4.2702E-09 4.4231E-09 4.5680E-09 4.7064E-09 4.8359E-09 4.9553E-09 5.0641E-09 5.1602E-09 5.2426E-09 5.3118E-09 5.3648E-09 5.4018E-09 5.4214E-09 5.4230E-09 5.4075E-09 5.3734E-09 5.3217E-09 5.2503E-09 5.1606E-09 5.0531E-09 4.9274E-09 4.7853E-09 4.6261E-09 4.4520E-09 4.2630E-09 4.0612E-09 3.8482E-09 3.6263E-09 3.3967E-09 3.1628E-09 2.9267E-09 2.6910E-09 2.4583E-09 2.2312E-09 2.0109E-09 1.7995E-09 1.5983E-09 1.4094E-09 1.2334E-09 1.0709E-09 9.2242E-10 7.8744E-10 6.6575E-10 5.5629E-10 4.5998E-10 3.7004E-10 2.8082E-10 2.1068E-10 1.5769E-10 1.1255E-10 9.3611E-11 7.1950E-11
3.5577E-09 3.7442E-09 3.9235E-09 4.1051E-09 4.2806E-09 4.4535E-09 4.6197E-09 4.7796E-09 4.9339E-09 5.0793E-09 5.2149E-09 5.3410E-09 5.4550E-09 5.5556E-09 5.6414E-09 5.7114E-09 5.7656E-09 5.8025E-09 5.8221E-09 5.8226E-09 5.8045E-09 5.7654E-09 5.7064E-09 5.6278E-09 5.5285E-09 5.4103E-09 5.2720E-09 5.1153E-09 4.9399E-09 4.7475E-09 4.5393E-09 4.3169E-09 4.0824E-09 3.8383E-09 3.5872E-09 3.3314E-09 3.0744E-09 2.8192E-09 2.5678E-09 2.3230E-09 2.0862E-09 1.8599E-09 1.6457E-09 1.4448E-09 1.2573E-09 1.0864E-09 9.3064E-10 7.9013E-10 6.6303E-10 5.4979E-10 4.5051E-10 3.5296E-10 2.6892E-10 1.9976E-10 1.4757E-10 1.1567E-10 9.1503E-11
3.6674E-09 3.8651E-09 4.0546E-09 4.2504E-09 4.4381E-09 4.6238E-09 4.8059E-09 4.9805E-09 5.1519E-09 5.3130E-09 5.4669E-09 5.6107E-09 5.7419E-09 5.8606E-09 5.9654E-09 6.0560E-09 6.1286E-09 6.1855E-09 6.2228E-09 6.2410E-09 6.2380E-09 6.2143E-09 6.1699E-09 6.1028E-09 6.0151E-09 5.9046E-09 5.7728E-09 5.6192E-09 5.4441E-09 5.2491E-09 5.0349E-09 4.8038E-09 4.5574E-09 4.2985E-09 4.0296E-09 3.7540E-09 3.4750E-09 3.1958E-09 2.9194E-09 2.6486E-09 2.3850E-09 2.1318E-09 1.8908E-09 1.6642E-09 1.4527E-09 1.2578E-09 1.0781E-09 9.1622E-10 7.7110E-10 6.4137E-10 5.2717E-10 4.2031E-10 3.2438E-10 2.4426E-10 1.8155E-10 1.4140E-10 1.0840E-10
3.7646E-09 3.9729E-09 4.1731E-09 4.3827E-09 4.5814E-09 4.7808E-09 4.9788E-09 5.1676E-09 5.3568E-09 5.5349E-09 5.7082E-09 5.8693E-09 6.0195E-09 6.1582E-09 6.2836E-09 6.3931E-09 6.4883E-09 6.5654E-09 6.6239E-09 6.6612E-09 6.6782E-09 6.6743E-09 6.6457E-09 6.5960E-09 6.5210E-09 6.4231E-09 6.3002E-09 6.1526E-09 5.9815E-09 5.7856E-09 5.5682E-09 5.3299E-09 5.0730E-09 4.8001E-09 4.5140E-09 4.2184E-09 3.9169E-09 3.6127E-09 3.3099E-09 3.0109E-09 2.7188E-09 2.4361E-09 2.1661E-09 1.9107E-09 1.6713E-09 1.4486E-09 1.2445E-09 1.0573E-09 8.9173E-10 7.4320E-10 6.1112E-10 4.9265E-10 3.8432E-10 2.9410E-10 2.1737E-10 1.6908E-10 1.2842E-10
3.8480E-09 4.0662E-09 4.2765E-09 4.4988E-09 4.7095E-09 4.9224E-09 5.1360E-09 5.3398E-09 5.5471E-09 5.7428E-09 5.9346E-09 6.1146E-09 6.2860E-09 6.4450E-09 6.5913E-09 6.7243E-09 6.8409E-09 6.9402E-09 7.0199E-09 7.0796E-09 7.1183E-09 7.1325E-09 7.1258E-09 7.0929E-09 7.0356E-09 6.9507E-09 6.8391E-09 6.7002E-09 6.5325E-09 6.3392E-09 6.1193E-09 5.8749E-09 5.6079E-09 5.3212E-09 5.0173E-09 4.7005E-09 4.3755E-09 4.0457E-09 3.7153E-09 3.3870E-09 3.0643E-09 2.7514E-09 2.4500E-09 2.1637E-09 1.8950E-09 1.6446E-09 1.4138E-09 1.2035E-09 1.0113E-09 8.4301E-10 6.9403E-10 5.5970E-10 4.4458E-10 3.3796E-10 2.5560E-10 1.9061E-10 1.4960E-10
3.9158E-09 4.1440E-09 4.3643E-09 4.5979E-09 4.8204E-09 5.0467E-09 5.2747E-09 5.4940E-09 5.7200E-09 5.9322E-09 6.1440E-09 6.3450E-09 6.5360E-09 6.7176E-09 6.8879E-09 7.0432E-09 7.1840E-09 7.3069E-09 7.4125E-09 7.4990E-09 7.5617E-09 7.6025E-09 7.6177E-09 7.6076E-09 7.5701E-09 7.5052E-09 7.4112E-09 7.2855E-09 7.1275E-09 6.9393E-09 6.7202E-09 6.4730E-09 6.1990E-09 5.9006E-09 5.5817E-09 5.2460E-09 4.8978E-09 4.5420E-09 4.1827E-09 3.8214E-09 3.4661E-09 3.1189E-09 2.7839E-09 2.4633E-09 2.1617E-09 1.8788E-09 1.6172E-09 1.3773E-09 1.1604E-09 9.6463E-10 7.9494E-10 6.4343E-10 5.0948E-10 3.9927E-10 2.9629E-10 2.2557E-10 1.6677E-10
3.9674E-09 4.2046E-09 4.4337E-09 4.6788E-09 4.9127E-09 5.1515E-09 5.3949E-09 5.6285E-09 5.8727E-09 6.1014E-09 6.3334E-09 6.5560E-09 6.7667E-09 6.9740E-09 7.1663E-09 7.3477E-09 7.5132E-09 7.6634E-09 7.7970E-09 7.9086E-09 7.9997E-09 8.0655E-09 8.1075E-09 8.1235E-09 8.1096E-09 8.0659E-09 7.9874E-09 7.8756E-09 7.7297E-09 7.5477E-09 7.3326E-09 7.0831E-09 6.8026E-09 6.4928E-09 6.1576E-09 5.8013E-09 5.4288E-09 5.0465E-09 4.6573E-09 4.2650E-09 3.8740E-09 3.4916E-09 3.1188E-09 2.7631E-09 2.4251E-09 2.1099E-09 1.8167E-09 1.5496E-09 1.3053E-09 1.0859E-09 8.8884E-10 7.2121E-10 5.7037E-10 4.4401E-10 3.4202E-10 2.4789E-10 1.8359E-10
4.0020E-09 4.2481E-09 4.4842E-09 4.7407E-09 4.9850E-09 5.2353E-09 5.4933E-09 5.7411E-09 6.0028E-09 6.2484E-09 6.5008E-09 6.7438E-09 6.9771E-09 7.2088E-09 7.4270E-09 7.6327E-09 7.8261E-09 8.0061E-09 8.1666E-09 8.3088E-09 8.4287E-09 8.5261E-09 8.5979E-09 8.6405E-09 8.6539E-09 8.6332E-09 8.5794E-09 8.4868E-09 8.3548E-09 8.1832E-09 7.9730E-09 7.7248E-09 7.4395E-09 7.1207E-09 6.7700E-09 6.3958E-09 6.0011E-09 5.5912E-09 5.1711E-09 4.7443E-09 4.3161E-09 3.8956E-09 3.4856E-09 3.0897E-09 2.7123E-09 2.3602E-09 2.0328E-09 1.7306E-09 1.4564E-09 1.2115E-09 9.9267E-10 7.9852E-10 6.3422E-10 4.9059E-10 3.7313E-10 2.8236E-10 1.9533E-10
4.0186E-09 4.2721E-09 4.5151E-09 4.7820E-09 5.0355E-09 5.2977E-09 5.5690E-09 5.8302E-09 6.1086E-09 6.3714E-09 6.6438E-09 6.9072E-09 7.1622E-09 7.4203E-09 7.6630E-09 7.8963E-09 8.1200E-09 8.3279E-09 8.5202E-09 8.6939E-09 8.8474E-09 8.9769E-09 9.0800E-09 9.1561E-09 9.2007E-09 9.2089E-09 9.1779E-09 9.1056E-09 8.9921E-09 8.8368E-09 8.6351E-09 8.3906E-09 8.1015E-09 7.7757E-09 7.4151E-09 7.0217E-09 6.6051E-09 6.1682E-09 5.7168E-09 5.2552E-09 4.7900E-09 4.3303E-09 3.8795E-09 3.4401E-09 3.0237E-09 2.6272E-09 2.2599E-09 1.9233E-09 1.6167E-09 1.3406E-09 1.0996E-09 8.8084E-10 6.9417E-10 5.3840E-10 4.0711E-10 3.0172E-10 2.1222E-10
4.0174E-09 4.2768E-09 4.5259E-09 4.8022E-09 5.0633E-09 5.3362E-09 5.6203E-09 5.8939E-09 6.1884E-09 6.4682E-09 6.7597E-09 7.0435E-09 7.3211E-09 7.6043E-09 7.8717E-09 8.1361E-09 8.3876E-09 8.6276E-09 8.8525E-09 9.0603E-09 9.2483E-09 9.4130E-09 9.5548E-09 9.6656E-09 9.7412E-09 9.7811E-09 9.7785E-09 9.7350E-09 9.6432E-09 9.5023E-09 9.3105E-09 9.0727E-09 8.7879E-09 8.4547E-09 8.0842E-09 7.6770E-09 7.2369E-09 6.7751E-09 6.2930E-09 5.7968E-09 5.2920E-09 4.7896E-09 4.2956E-09 3.8114E-09 3.3494E-09 2.9092E-09 2.4984E-09 2.1211E-09 1.7809E-09 1.4742E-09 1.2052E-09 9.7068E-10 7.5901E-10 5.8303E-10 4.3893E-10 3.1702E-10 2.2231E-10
3.9979E-09 4.2617E-09 4.5159E-09 4.8002E-09 5.0687E-09 5.3508E-09 5.6463E-09 5.9310E-09 6.2421E-09 6.5376E-09 6.8458E-09 7.1513E-09 7.4506E-09 7.7578E-09 8.0530E-09 8.3455E-09 8.6283E-09 8.9002E-09 9.1590E-09 9.4037E-09 9.6278E-09 9.8339E-09 1.0011E-08 1.0159E-08 1.0273E-08 1.0348E-08 1.0380E-08 1.0361E-08 1.0292E-08 1.0174E-08 1.0002E-08 9.7714E-09 9.4918E-09 9.1611E-09 8.7794E-09 8.3615E-09 7.9054E-09 7.4144E-09 6.9011E-09 6.3697E-09 5.8265E-09 5.2787E-09 4.7393E-09 4.2106E-09 3.6933E-09 3.2090E-09 2.7520E-09 2.3303E-09 1.9492E-09 1.6123E-09 1.3130E-09 1.0525E-09 8.2590E-10 6.2778E-10 4.7062E-10 3.3340E-10 2.2912E-10
