Assets/Resources/2015_m01_d21_1700(utc+0800)_l00_csi_1hr_conc.grd
DSAA
         159         159
     -79.000      79.000
     -79.000      79.000
  0.1531E-11  0.3882E-05
[rows 75 to 99 of 159, columns 57 to 113 of 159]
2.3331E-10 2.3911E-10 2.4498E-10 2.5093E-10 2.5694E-10 2.6303E-10 2.6918E-10 2.7540E-10 2.8168E-10 2.8802E-10 2.9441E-10 3.0086E-10 3.0737E-10 3.1392E-10 3.2052E-10 3.2716E-10 3.3385E-10 3.4057E-10 3.4732E-10 3.5411E-10 3.6092E-10 3.6776E-10 3.7462E-10 3.8149E-10 4.0289E-08 7.1985E-07 4.5442E-07 4.5607E-10 4.1598E-10 4.2287E-10 4.2975E-10 4.3661E-10 4.4346E-10 4.5028E-10 4.5706E-10 4.6382E-10 4.7054E-10 4.7721E-10 4.8384E-10 4.9041E-10 4.9693E-10 5.0338E-10 5.0977E-10 5.1608E-10 5.2232E-10 5.2847E-10 5.3454E-10 5.4051E-10 5.4639E-10 5.5216E-10 5.5783E-10 5.6338E-10 5.6882E-10 5.7413E-10 5.7931E-10 5.8437E-10 5.8928E-10
2.2890E-10 2.3459E-10 2.4035E-10 2.4618E-10 2.5209E-10 2.5805E-10 2.6409E-10 2.7019E-10 2.7635E-10 2.8256E-10 2.8884E-10 2.9517E-10 3.0155E-10 3.0797E-10 3.1445E-10 3.2096E-10 3.2752E-10 3.3411E-10 3.4074E-10 3.4740E-10 3.5408E-10 3.6079E-10 3.6752E-10 3.7517E-10 4.3655E-07 7.3586E-07 3.9455E-10 4.0132E-10 4.0809E-10 4.1485E-10 4.2160E-10 4.2834E-10 4.3505E-10 4.4174E-10 4.4840E-10 4.5503E-10 4.6162E-10 4.6817E-10 4.7467E-10 4.8113E-10 4.8752E-10 4.9386E-10 5.0012E-10 5.0632E-10 5.1245E-10 5.1849E-10 5.2444E-10 5.3031E-10 5.3608E-10 5.4176E-10 5.4733E-10 5.5279E-10 5.5813E-10 5.6335E-10 5.6845E-10 5.7343E-10 5.7827E-10
2.2451E-10 2.3009E-10 2.3574E-10 2.4146E-10 2.4725E-10 2.5310E-10 2.5902E-10 2.6500E-10 2.7104E-10 2.7714E-10 2.8329E-10 2.8949E-10 2.9575E-10 3.0205E-10 3.0840E-10 3.1479E-10 3.2122E-10 3.2769E-10 3.3419E-10 3.4071E-10 3.4727E-10 3.5385E-10 3.6045E-10 5.7482E-08 1.3979E-06 3.8032E-10 3.8696E-10 3.9360E-10 4.0024E-10 4.0687E-10 4.1349E-10 4.2010E-10 4.2668E-10 4.3324E-10 4.3978E-10 4.4628E-10 4.5274E-10 4.5917E-10 4.6555E-10 4.7188E-10 4.7815E-10 4.8437E-10 4.9052E-10 4.9660E-10 5.0261E-10 5.0854E-10 5.1439E-10 5.2015E-10 5.2582E-10 5.3139E-10 5.3686E-10 5.4222E-10 5.4747E-10 5.5261E-10 5.5762E-10 5.6251E-10 5.6727E-10
2.2014E-10 2.2561E-10 2.3115E-10 2.3676E-10 2.4243E-10 2.4817E-10 2.5397E-10 2.5984E-10 2.6576E-10 2.7173E-10 2.7777E-10 2.8385E-10 2.8998E-10 2.9616E-10 3.0239E-10 3.0865E-10 3.1495E-10 3.2129E-10 3.2766E-10 3.3406E-10 3.4049E-10 3.4694E-10 3.5341E-10 3.8823E-06 3.6639E-10 3.7290E-10 3.7941E-10 3.8592E-10 3.9243E-10 3.9893E-10 4.0542E-10 4.1190E-10 4.1835E-10 4.2479E-10 4.3119E-10 4.3757E-10 4.4391E-10 4.5021E-10 4.5646E-10 4.6267E-10 4.6883E-10 4.7492E-10 4.8096E-10 4.8692E-10 4.9282E-10 4.9864E-10 5.0438E-10 5.1003E-10 5.1559E-10 5.2106E-10 5.2643E-10 5.3170E-10 5.3686E-10 5.4190E-10 5.4683E-10 5.5164E-10 5.5632E-10
2.1580E-10 2.2116E-10 2.2659E-10 2.3208E-10 2.3765E-10 2.4327E-10 2.4896E-10 2.5470E-10 2.6050E-10 2.6636E-10 2.7227E-10 2.7824E-10 2.8425E-10 2.9030E-10 2.9640E-10 3.0254E-10 3.0872E-10 3.1493E-10 3.2118E-10 3.2745E-10 3.3375E-10 3.4007E-10 3.4641E-10 3.5277E-10 3.5913E-10 3.6551E-10 3.7189E-10 3.7827E-10 3.8465E-10 3.9103E-10 3.9739E-10 4.0374E-10 4.1007E-10 4.1638E-10 4.2266E-10 4.2891E-10 4.3512E-10 4.4130E-10 4.4743E-10 4.5351E-10 4.5955E-10 4.6552E-10 4.7144E-10 4.7729E-10 4.8307E-10 4.8878E-10 4.9441E-10 4.9996E-10 5.0542E-10 5.1078E-10 5.1605E-10 5.2122E-10 5.2628E-10 5.3124E-10 5.3608E-10 5.4080E-10 5.4540E-10
2.1148E-10 2.1673E-10 2.2205E-10 2.2744E-10 2.3289E-10 2.3840E-10 2.4397E-10 2.4960E-10 2.5528E-10 2.6102E-10 2.6681E-10 2.7266E-10 2.7854E-10 2.8448E-10 2.9046E-10 2.9647E-10 3.0252E-10 3.0861E-10 3.1473E-10 3.2088E-10 3.2705E-10 3.3324E-10 3.3945E-10 3.4568E-10 3.5192E-10 3.5817E-10 3.6442E-10 3.7068E-10 3.7693E-10 3.8317E-10 3.8941E-10 3.9563E-10 4.0183E-10 4.0801E-10 4.1417E-10 4.2029E-10 4.2638E-10 4.3244E-10 4.3845E-10 4.4441E-10 4.5032E-10 4.5618E-10 4.6198E-10 4.6772E-10 4.7339E-10 4.7898E-10 4.8450E-10 4.8994E-10 4.9529E-10 5.0056E-10 5.0572E-10 5.1080E-10 5.1576E-10 5.2063E-10 5.2538E-10 5.3002E-10 5.3453E-10
2.0719E-10 2.1234E-10 2.1755E-10 2.2282E-10 2.2816E-10 2.3355E-10 2.3901E-10 2.4452E-10 2.5009E-10 2.5572E-10 2.6139E-10 2.6711E-10 2.7288E-10 2.7869E-10 2.8455E-10 2.9044E-10 2.9637E-10 3.0233E-10 3.0832E-10 3.1435E-10 3.2039E-10 3.2646E-10 3.3254E-10 3.3864E-10 3.4475E-10 3.5087E-10 3.5700E-10 3.6313E-10 3.6925E-10 3.7537E-10 3.8148E-10 3.8757E-10 3.9365E-10 3.9970E-10 4.0573E-10 4.1173E-10 4.1770E-10 4.2363E-10 4.2952E-10 4.3536E-10 4.4116E-10 4.4690E-10 4.5258E-10 4.5820E-10 4.6376E-10 4.6924E-10 4.7465E-10 4.7998E-10 4.8523E-10 4.9039E-10 4.9546E-10 5.0043E-10 5.0530E-10 5.1007E-10 5.1474E-10 5.1929E-10 5.2372E-10
2.0293E-10 2.0797E-10 2.1307E-10 2.1824E-10 2.2346E-10 2.2875E-10 2.3409E-10 2.3949E-10 2.4494E-10 2.5045E-10 2.5600E-10 2.6161E-10 2.6725E-10 2.7295E-10 2.7868E-10 2.8445E-10 2.9025E-10 2.9609E-10 3.0196E-10 3.0786E-10 3.1378E-10 3.1972E-10 3.2568E-10 3.3165E-10 3.3764E-10 3.4363E-10 3.4963E-10 3.5563E-10 3.6163E-10 3.6762E-10 3.7360E-10 3.7957E-10 3.8552E-10 3.9145E-10 3.9736E-10 4.0323E-10 4.0908E-10 4.1489E-10 4.2066E-10 4.2638E-10 4.3206E-10 4.3768E-10 4.4324E-10 4.4875E-10 4.5419E-10 4.5957E-10 4.6487E-10 4.7009E-10 4.7523E-10 4.8029E-10 4.8526E-10 4.9013E-10 4.9491E-10 4.9959E-10 5.0416E-10 5.0862E-10 5.1297E-10
1.9870E-10 2.0363E-10 2.0863E-10 2.1368E-10 2.1880E-10 2.2397E-10 2.2920E-10 2.3449E-10 2.3983E-10 2.4522E-10 2.5065E-10 2.5614E-10 2.6167E-10 2.6724E-10 2.7285E-10 2.7850E-10 2.8419E-10 2.8990E-10 2.9565E-10 3.0142E-10 3.0722E-10 3.1303E-10 3.1887E-10 3.2471E-10 3.3057E-10 3.3644E-10 3.4231E-10 3.4819E-10 3.5406E-10 3.5992E-10 3.6578E-10 3.7162E-10 3.7745E-10 3.8326E-10 3.8904E-10 3.9480E-10 4.0052E-10 4.0621E-10 4.1186E-10 4.1746E-10 4.2302E-10 4.2852E-10 4.3398E-10 4.3937E-10 4.4470E-10 4.4996E-10 4.5515E-10 4.6027E-10 4.6531E-10 4.7026E-10 4.7513E-10 4.7990E-10 4.8459E-10 4.8917E-10 4.9365E-10 4.9803E-10 5.0229E-10
1.9451E-10 1.9933E-10 2.0422E-10 2.0917E-10 2.1417E-10 2.1924E-10 2.2436E-10 2.2953E-10 2.3475E-10 2.4003E-10 2.4535E-10 2.5072E-10 2.5613E-10 2.6158E-10 2.6707E-10 2.7260E-10 2.7817E-10 2.8376E-10 2.8938E-10 2.9503E-10 3.0070E-10 3.0640E-10 3.1211E-10 3.1783E-10 3.2356E-10 3.2931E-10 3.3506E-10 3.4080E-10 3.4655E-10 3.5229E-10 3.5802E-10 3.6374E-10 3.6945E-10 3.7513E-10 3.8079E-10 3.8642E-10 3.9203E-10 3.9759E-10 4.0312E-10 4.0861E-10 4.1405E-10 4.1944E-10 4.2478E-10 4.3006E-10 4.3528E-10 4.4043E-10 4.4551E-10 4.5052E-10 4.5545E-10 4.6031E-10 4.6507E-10 4.6975E-10 4.7434E-10 4.7883E-10 4.8322E-10 4.8751E-10 4.9169E-10
1.9035E-10 1.9507E-10 1.9985E-10 2.0469E-10 2.0959E-10 2.1454E-10 2.1955E-10 2.2461E-10 2.2972E-10 2.3488E-10 2.4009E-10 2.4534E-10 2.5064E-10 2.5597E-10 2.6134E-10 2.6675E-10 2.7220E-10 2.7767E-10 2.8317E-10 2.8870E-10 2.9425E-10 2.9982E-10 3.0540E-10 3.1100E-10 3.1661E-10 3.2223E-10 3.2786E-10 3.3348E-10 3.3911E-10 3.4472E-10 3.5033E-10 3.5593E-10 3.6151E-10 3.6707E-10 3.7261E-10 3.7812E-10 3.8360E-10 3.8905E-10 3.9446E-10 3.9983E-10 4.0516E-10 4.1043E-10 4.1566E-10 4.2082E-10 4.2593E-10 4.3097E-10 4.3595E-10 4.4085E-10 4.4568E-10 4.5043E-10 4.5510E-10 4.5968E-10 4.6417E-10 4.6857E-10 4.7287E-10 4.7707E-10 4.8117E-10
1.8622E-10 1.9084E-10 1.9552E-10 2.0025E-10 2.0504E-10 2.0989E-10 2.1479E-10 2.1974E-10 2.2474E-10 2.2978E-10 2.3488E-10 2.4001E-10 2.4519E-10 2.5041E-10 2.5566E-10 2.6096E-10 2.6628E-10 2.7163E-10 2.7701E-10 2.8242E-10 2.8785E-10 2.9330E-10 2.9876E-10 3.0424E-10 3.0973E-10 3.1522E-10 3.2072E-10 3.2623E-10 3.3173E-10 3.3722E-10 3.4271E-10 3.4818E-10 3.5364E-10 3.5908E-10 3.6450E-10 3.6989E-10 3.7526E-10 3.8059E-10 3.8588E-10 3.9113E-10 3.9634E-10 4.0150E-10 4.0662E-10 4.1167E-10 4.1667E-10 4.2160E-10 4.2647E-10 4.3127E-10 4.3600E-10 4.4064E-10 4.4521E-10 4.4970E-10 4.5409E-10 4.5840E-10 4.6261E-10 4.6672E-10 4.7073E-10
1.8214E-10 1.8665E-10 1.9123E-10 1.9586E-10 2.0054E-10 2.0528E-10 2.1007E-10 2.1491E-10 2.1979E-10 2.2473E-10 2.2971E-10 2.3473E-10 2.3980E-10 2.4490E-10 2.5004E-10 2.5521E-10 2.6042E-10 2.6565E-10 2.7091E-10 2.7620E-10 2.8151E-10 2.8683E-10 2.9218E-10 2.9753E-10 3.0290E-10 3.0828E-10 3.1366E-10 3.1904E-10 3.2442E-10 3.2979E-10 3.3515E-10 3.4051E-10 3.4585E-10 3.5117E-10 3.5647E-10 3.6174E-10 3.6699E-10 3.7220E-10 3.7738E-10 3.8251E-10 3.8761E-10 3.9266E-10 3.9766E-10 4.0260E-10 4.0749E-10 4.1232E-10 4.1708E-10 4.2177E-10 4.2640E-10 4.3094E-10 4.3541E-10 4.3980E-10 4.4410E-10 4.4832E-10 4.5244E-10 4.5646E-10 4.6039E-10
1.7809E-10 1.8251E-10 1.8698E-10 1.9150E-10 1.9608E-10 2.0071E-10 2.0539E-10 2.1012E-10 2.1490E-10 2.1973E-10 2.2459E-10 2.2950E-10 2.3445E-10 2.3944E-10 2.4447E-10 2.4952E-10 2.5461E-10 2.5973E-10 2.6487E-10 2.7004E-10 2.7523E-10 2.8044E-10 2.8566E-10 2.9090E-10 2.9614E-10 3.0140E-10 3.0666E-10 3.1192E-10 3.1718E-10 3.2243E-10 3.2767E-10 3.3291E-10 3.3813E-10 3.4333E-10 3.4851E-10 3.5367E-10 3.5880E-10 3.6389E-10 3.6895E-10 3.7398E-10 3.7896E-10 3.8390E-10 3.8879E-10 3.9362E-10 3.9840E-10 4.0312E-10 4.0778E-10 4.1237E-10 4.1689E-10 4.2134E-10 4.2571E-10 4.3000E-10 4.3421E-10 4.3833E-10 4.4236E-10 4.4630E-10 4.5014E-10
1.7409E-10 1.7840E-10 1.8277E-10 1.8719E-10 1.9167E-10 1.9619E-10 2.0077E-10 2.0539E-10 2.1006E-10 2.1477E-10 2.1953E-10 2.2433E-10 2.2917E-10 2.3404E-10 2.3895E-10 2.4389E-10 2.4887E-10 2.5387E-10 2.5889E-10 2.6394E-10 2.6902E-10 2.7410E-10 2.7921E-10 2.8433E-10 2.8946E-10 2.9459E-10 2.9973E-10 3.0487E-10 3.1001E-10 3.1514E-10 3.2027E-10 3.2539E-10 3.3049E-10 3.3557E-10 3.4064E-10 3.4568E-10 3.5069E-10 3.5567E-10 3.6062E-10 3.6553E-10 3.7040E-10 3.7522E-10 3.8000E-10 3.8473E-10 3.8940E-10 3.9402E-10 3.9857E-10 4.0306E-10 4.0748E-10 4.1183E-10 4.1610E-10 4.2030E-10 4.2442E-10 4.2845E-10 4.3239E-10 4.3624E-10 4.4000E-10
1.7013E-10 1.7434E-10 1.7861E-10 1.8293E-10 1.8730E-10 1.9172E-10 1.9619E-10 2.0071E-10 2.0527E-10 2.0988E-10 2.1452E-10 2.1921E-10 2.2394E-10 2.2870E-10 2.3350E-10 2.3832E-10 2.4318E-10 2.4807E-10 2.5298E-10 2.5791E-10 2.6287E-10 2.6784E-10 2.7283E-10 2.7783E-10 2.8284E-10 2.8786E-10 2.9288E-10 2.9790E-10 3.0292E-10 3.0794E-10 3.1295E-10 3.1794E-10 3.2293E-10 3.2790E-10 3.3285E-10 3.3777E-10 3.4267E-10 3.4754E-10 3.5237E-10 3.5717E-10 3.6193E-10 3.6664E-10 3.7131E-10 3.7593E-10 3.8050E-10 3.8501E-10 3.8946E-10 3.9385E-10 3.9817E-10 4.0242E-10 4.0660E-10 4.1070E-10 4.1472E-10 4.1866E-10 4.2252E-10 4.2629E-10 4.2996E-10
1.6621E-10 1.7033E-10 1.7450E-10 1.7871E-10 1.8298E-10 1.8730E-10 1.9167E-10 1.9608E-10 2.0053E-10 2.0503E-10 2.0957E-10 2.1415E-10 2.1876E-10 2.2342E-10 2.2810E-10 2.3282E-10 2.3756E-10 2.4233E-10 2.4713E-10 2.5195E-10 2.5679E-10 2.6165E-10 2.6652E-10 2.7140E-10 2.7629E-10 2.8119E-10 2.8610E-10 2.9101E-10 2.9591E-10 3.0081E-10 3.0570E-10 3.1059E-10 3.1546E-10 3.2031E-10 3.2514E-10 3.2995E-10 3.3474E-10 3.3949E-10 3.4421E-10 3.4890E-10 3.5355E-10 3.5816E-10 3.6272E-10 3.6723E-10 3.7170E-10 3.7610E-10 3.8045E-10 3.8474E-10 3.8896E-10 3.9311E-10 3.9720E-10 4.0121E-10 4.0514E-10 4.0899E-10 4.1276E-10 4.1644E-10 4.2003E-10
1.6234E-10 1.6636E-10 1.7043E-10 1.7455E-10 1.7872E-10 1.8293E-10 1.8719E-10 1.9150E-10 1.9585E-10 2.0024E-10 2.0467E-10 2.0915E-10 2.1365E-10 2.1819E-10 2.2277E-10 2.2737E-10 2.3201E-10 2.3666E-10 2.4135E-10 2.4605E-10 2.5078E-10 2.5552E-10 2.6028E-10 2.6505E-10 2.6983E-10 2.7461E-10 2.7940E-10 2.8419E-10 2.8898E-10 2.9377E-10 2.9854E-10 3.0331E-10 3.0807E-10 3.1281E-10 3.1753E-10 3.2222E-10 3.2690E-10 3.3154E-10 3.3615E-10 3.4073E-10 3.4527E-10 3.4977E-10 3.5423E-10 3.5863E-10 3.6299E-10 3.6730E-10 3.7154E-10 3.7573E-10 3.7986E-10 3.8391E-10 3.8790E-10 3.9182E-10 3.9566E-10 3.9942E-10 4.0310E-10 4.0670E-10 4.1021E-10
1.5852E-10 1.6244E-10 1.6641E-10 1.7043E-10 1.7450E-10 1.7861E-10 1.8277E-10 1.8698E-10 1.9122E-10 1.9551E-10 1.9984E-10 2.0420E-10 2.0860E-10 2.1303E-10 2.1750E-10 2.2199E-10 2.2652E-10 2.3106E-10 2.3564E-10 2.4023E-10 2.4484E-10 2.4947E-10 2.5412E-10 2.5877E-10 2.6344E-10 2.6811E-10 2.7278E-10 2.7746E-10 2.8214E-10 2.8681E-10 2.9147E-10 2.9613E-10 3.0077E-10 3.0539E-10 3.1000E-10 3.1459E-10 3.1915E-10 3.2368E-10 3.2819E-10 3.3266E-10 3.3709E-10 3.4148E-10 3.4583E-10 3.5014E-10 3.5439E-10 3.5860E-10 3.6274E-10 3.6683E-10 3.7086E-10 3.7482E-10 3.7872E-10 3.8254E-10 3.8630E-10 3.8997E-10 3.9357E-10 3.9708E-10 4.0051E-10
1.5474E-10 1.5856E-10 1.6244E-10 1.6636E-10 1.7033E-10 1.7435E-10 1.7841E-10 1.8251E-10 1.8666E-10 1.9084E-10 1.9506E-10 1.9932E-10 2.0361E-10 2.0794E-10 2.1230E-10 2.1668E-10 2.2110E-10 2.2553E-10 2.3000E-10 2.3448E-10 2.3898E-10 2.4350E-10 2.4803E-10 2.5257E-10 2.5712E-10 2.6168E-10 2.6625E-10 2.7081E-10 2.7537E-10 2.7993E-10 2.8449E-10 2.8903E-10 2.9356E-10 2.9807E-10 3.0257E-10 3.0705E-10 3.1150E-10 3.1593E-10 3.2032E-10 3.2468E-10 3.2901E-10 3.3330E-10 3.3755E-10 3.4175E-10 3.4590E-10 3.5000E-10 3.5405E-10 3.5804E-10 3.6198E-10 3.6585E-10 3.6965E-10 3.7338E-10 3.7705E-10 3.8064E-10 3.8415E-10 3.8758E-10 3.9093E-10
1.5101E-10 1.5474E-10 1.5852E-10 1.6235E-10 1.6622E-10 1.7014E-10 1.7410E-10 1.7810E-10 1.8215E-10 1.8623E-10 1.9035E-10 1.9450E-10 1.9869E-10 2.0291E-10 2.0716E-10 2.1144E-10 2.1574E-10 2.2007E-10 2.2443E-10 2.2880E-10 2.3319E-10 2.3760E-10 2.4202E-10 2.4645E-10 2.5089E-10 2.5534E-10 2.5979E-10 2.6425E-10 2.6870E-10 2.7315E-10 2.7759E-10 2.8202E-10 2.8644E-10 2.9085E-10 2.9524E-10 2.9960E-10 3.0395E-10 3.0827E-10 3.1256E-10 3.1681E-10 3.2103E-10 3.2522E-10 3.2936E-10 3.3346E-10 3.3752E-10 3.4152E-10 3.4547E-10 3.4937E-10 3.5321E-10 3.5698E-10 3.6069E-10 3.6434E-10 3.6791E-10 3.7142E-10 3.7485E-10 3.7819E-10 3.8146E-10
1.4733E-10 1.5097E-10 1.5466E-10 1.5839E-10 1.6217E-10 1.6599E-10 1.6985E-10 1.7375E-10 1.7770E-10 1.8168E-10 1.8569E-10 1.8975E-10 1.9383E-10 1.9795E-10 2.0209E-10 2.0626E-10 2.1046E-10 2.1469E-10 2.1893E-10 2.2320E-10 2.2748E-10 2.3178E-10 2.3609E-10 2.4042E-10 2.4475E-10 2.4909E-10 2.5343E-10 2.5777E-10 2.6211E-10 2.6645E-10 2.7079E-10 2.7511E-10 2.7942E-10 2.8372E-10 2.8800E-10 2.9226E-10 2.9650E-10 3.0071E-10 3.0489E-10 3.0905E-10 3.1316E-10 3.1725E-10 3.2129E-10 3.2529E-10 3.2924E-10 3.3315E-10 3.3700E-10 3.4081E-10 3.4455E-10 3.4823E-10 3.5186E-10 3.5541E-10 3.5890E-10 3.6232E-10 3.6567E-10 3.6894E-10 3.7213E-10
1.4370E-10 1.4725E-10 1.5084E-10 1.5448E-10 1.5817E-10 1.6189E-10 1.6566E-10 1.6946E-10 1.7331E-10 1.7719E-10 1.8111E-10 1.8506E-10 1.8904E-10 1.9305E-10 1.9709E-10 2.0116E-10 2.0526E-10 2.0937E-10 2.1351E-10 2.1767E-10 2.2185E-10 2.2604E-10 2.3025E-10 2.3446E-10 2.3868E-10 2.4292E-10 2.4715E-10 2.5138E-10 2.5562E-10 2.5985E-10 2.6407E-10 2.6829E-10 2.7249E-10 2.7669E-10 2.8086E-10 2.8501E-10 2.8915E-10 2.9325E-10 2.9733E-10 3.0138E-10 3.0540E-10 3.0938E-10 3.1333E-10 3.1723E-10 3.2108E-10 3.2489E-10 3.2865E-10 3.3236E-10 3.3601E-10 3.3961E-10 3.4314E-10 3.4661E-10 3.5001E-10 3.5335E-10 3.5661E-10 3.5980E-10 3.6291E-10
1.4012E-10 1.4358E-10 1.4709E-10 1.5063E-10 1.5422E-10 1.5785E-10 1.6153E-10 1.6523E-10 1.6898E-10 1.7276E-10 1.7658E-10 1.8043E-10 1.8431E-10 1.8823E-10 1.9217E-10 1.9613E-10 2.0012E-10 2.0414E-10 2.0817E-10 2.1223E-10 2.1630E-10 2.2038E-10 2.2448E-10 2.2859E-10 2.3271E-10 2.3683E-10 2.4096E-10 2.4509E-10 2.4922E-10 2.5334E-10 2.5746E-10 2.6157E-10 2.6567E-10 2.6975E-10 2.7382E-10 2.7787E-10 2.8190E-10 2.8591E-10 2.8988E-10 2.9383E-10 2.9775E-10 3.0163E-10 3.0547E-10 3.0928E-10 3.1304E-10 3.1675E-10 3.2042E-10 3.2403E-10 3.2759E-10 3.3110E-10 3.3455E-10 3.3793E-10 3.4125E-10 3.4450E-10 3.4768E-10 3.5080E-10 3.5383E-10
1.3659E-10 1.3997E-10 1.4338E-10 1.4684E-10 1.5034E-10 1.5387E-10 1.5745E-10 1.6107E-10 1.6472E-10 1.6840E-10 1.7212E-10 1.7588E-10 1.7966E-10 1.8347E-10 1.8731E-10 1.9117E-10 1.9506E-10 1.9898E-10 2.0291E-10 2.0686E-10 2.1082E-10 2.1481E-10 2.1880E-10 2.2281E-10 2.2682E-10 2.3084E-10 2.3486E-10 2.3888E-10 2.4290E-10 2.4692E-10 2.5094E-10 2.5494E-10 2.5894E-10 2.6292E-10 2.6689E-10 2.7083E-10 2.7476E-10 2.7866E-10 2.8254E-10 2.8639E-10 2.9021E-10 2.9399E-10 2.9774E-10 3.0144E-10 3.0511E-10 3.0873E-10 3.1230E-10 3.1583E-10 3.1930E-10 3.2272E-10 3.2607E-10 3.2937E-10 3.3261E-10 3.3578E-10 3.3889E-10 3.4192E-10 3.4488E-10
