Assets/Resources/2015_m01_d23_0100(utc+0800)_l00_csi_1hr_conc.grd
DSAA
         159         159
     -79.000      79.000
     -79.000      79.000
  0.0000E+00  0.3697E-04
[rows 50 to 74 of 159, columns 57 to 113 of 159]
2.9568E-09 3.2879E-09 3.6374E-09 3.9986E-09 4.3645E-09 4.7408E-09 5.1161E-09 5.4880E-09 5.8491E-09 6.1975E-09 6.5401E-09 6.8664E-09 7.1651E-09 7.4501E-09 7.7248E-09 7.9651E-09 8.1928E-09 8.4190E-09 8.6070E-09 8.7706E-09 8.9157E-09 9.0423E-09 9.1512E-09 9.2427E-09 9.3188E-09 9.3817E-09 9.4336E-09 9.4769E-09 9.5137E-09 9.5461E-09 9.5760E-09 9.6050E-09 9.6343E-09 9.6652E-09 9.6984E-09 9.7343E-09 9.7730E-09 9.8142E-09 9.8578E-09 1.0055E-08 1.0769E-08 1.1018E-08 1.1397E-08 1.1935E-08 1.2648E-08 1.3461E-08 1.4320E-08 1.5188E-08 1.6030E-08 1.6813E-08 1.7514E-08 1.8111E-08 1.8606E-08 1.9012E-08 1.9445E-08 2.0856E-08 2.1352E-08
2.7965E-09 3.1165E-09 3.4595E-09 3.8109E-09 4.1709E-09 4.5439E-09 4.9181E-09 5.2883E-09 5.6506E-09 6.0036E-09 6.3544E-09 6.6809E-09 6.9868E-09 7.2877E-09 7.5642E-09 7.8130E-09 8.0642E-09 8.2925E-09 8.4869E-09 8.6613E-09 8.8171E-09 8.9547E-09 9.0747E-09 9.1774E-09 9.2650E-09 9.3397E-09 9.4037E-09 9.4594E-09 9.5092E-09 9.5551E-09 9.5990E-09 9.6427E-09 9.6872E-09 9.7341E-09 9.7837E-09 9.8365E-09 9.8926E-09 9.9516E-09 1.0013E-08 1.0906E-08 1.1178E-08 1.1494E-08 1.1962E-08 1.2610E-08 1.3450E-08 1.4399E-08 1.5386E-08 1.6367E-08 1.7305E-08 1.8165E-08 1.8920E-08 1.9554E-08 2.0067E-08 2.0686E-08 2.1092E-08 2.2630E-08 2.4179E-08
2.6376E-09 2.9478E-09 3.2811E-09 3.6238E-09 3.9788E-09 4.3463E-09 4.7171E-09 5.0852E-09 5.4477E-09 5.8072E-09 6.1603E-09 6.4888E-09 6.8048E-09 7.1154E-09 7.3940E-09 7.6580E-09 7.9250E-09 8.1531E-09 8.3579E-09 8.5431E-09 8.7098E-09 8.8584E-09 8.9897E-09 9.1040E-09 9.2035E-09 9.2904E-09 9.3669E-09 9.4357E-09 9.4990E-09 9.5589E-09 9.6175E-09 9.6764E-09 9.7369E-09 9.8004E-09 9.8671E-09 9.9375E-09 1.0012E-08 1.0089E-08 1.0988E-08 1.1289E-08 1.1633E-08 1.2023E-08 1.2591E-08 1.3362E-08 1.4341E-08 1.5436E-08 1.6557E-08 1.7656E-08 1.8691E-08 1.9625E-08 2.0432E-08 2.1095E-08 2.1746E-08 2.2423E-08 2.4044E-08 2.5680E-08 2.8419E-08
2.4820E-09 2.7837E-09 3.1058E-09 3.4378E-09 3.7868E-09 4.1480E-09 4.5135E-09 4.8791E-09 5.2417E-09 5.6073E-09 5.9581E-09 6.2903E-09 6.6191E-09 6.9319E-09 7.2155E-09 7.5005E-09 7.7712E-09 8.0046E-09 8.2196E-09 8.4155E-09 8.5931E-09 8.7529E-09 8.8957E-09 9.0219E-09 9.1336E-09 9.2330E-09 9.3226E-09 9.4048E-09 9.4821E-09 9.5566E-09 9.6304E-09 9.7052E-09 9.7822E-09 9.8628E-09 9.9471E-09 1.0036E-08 1.0128E-08 1.1014E-08 1.1337E-08 1.1708E-08 1.2134E-08 1.2617E-08 1.3288E-08 1.4194E-08 1.5323E-08 1.6572E-08 1.7834E-08 1.9053E-08 2.0184E-08 2.1190E-08 2.2044E-08 2.2879E-08 2.3721E-08 2.5614E-08 2.7447E-08 3.0258E-08 3.1863E-08
2.3304E-09 2.6209E-09 2.9315E-09 3.2535E-09 3.5944E-09 3.9492E-09 4.3084E-09 4.6705E-09 5.0342E-09 5.4015E-09 5.7503E-09 6.0878E-09 6.4266E-09 6.7385E-09 7.0326E-09 7.3351E-09 7.6037E-09 7.8466E-09 8.0716E-09 8.2781E-09 8.4665E-09 8.6376E-09 8.7921E-09 8.9305E-09 9.0546E-09 9.1669E-09 9.2698E-09 9.3658E-09 9.4576E-09 9.5471E-09 9.6366E-09 9.7278E-09 9.8219E-09 9.9199E-09 1.0022E-08 1.0130E-08 1.0985E-08 1.1322E-08 1.1713E-08 1.2165E-08 1.2683E-08 1.3270E-08 1.4054E-08 1.5107E-08 1.6395E-08 1.7807E-08 1.9214E-08 2.0555E-08 2.1781E-08 2.2990E-08 2.3923E-08 2.4988E-08 2.7206E-08 2.9330E-08 3.1088E-08 3.4136E-08 3.6860E-08
2.1832E-09 2.4631E-09 2.7601E-09 3.0715E-09 3.4053E-09 3.7503E-09 4.1024E-09 4.4599E-09 4.8256E-09 5.1893E-09 5.5374E-09 5.8825E-09 6.2244E-09 6.5375E-09 6.8465E-09 7.1563E-09 7.4269E-09 7.6789E-09 7.9137E-09 8.1304E-09 8.3297E-09 8.5122E-09 8.6784E-09 8.8290E-09 8.9658E-09 9.0913E-09 9.2078E-09 9.3181E-09 9.4246E-09 9.5296E-09 9.6352E-09 9.7431E-09 9.8545E-09 9.9704E-09 1.0091E-08 1.0757E-08 1.1246E-08 1.1649E-08 1.2117E-08 1.2658E-08 1.3278E-08 1.3981E-08 1.4892E-08 1.6099E-08 1.7556E-08 1.9138E-08 2.0693E-08 2.2154E-08 2.3494E-08 2.4961E-08 2.6312E-08 2.8860E-08 2.9731E-08 3.3291E-08 3.5241E-08 3.9425E-08 4.1191E-08
2.0404E-09 2.3074E-09 2.5922E-09 2.8921E-09 3.2168E-09 3.5518E-09 3.8963E-09 4.2488E-09 4.6149E-09 4.9724E-09 5.3201E-09 5.6733E-09 6.0127E-09 6.3297E-09 6.6555E-09 6.9636E-09 7.2408E-09 7.5013E-09 7.7455E-09 7.9723E-09 8.1823E-09 8.3761E-09 8.5541E-09 8.7170E-09 8.8667E-09 9.0054E-09 9.1359E-09 9.2606E-09 9.3822E-09 9.5029E-09 9.6250E-09 9.7498E-09 9.8787E-09 1.0013E-08 1.0334E-08 1.1113E-08 1.1520E-08 1.1994E-08 1.2546E-08 1.3185E-08 1.3917E-08 1.4749E-08 1.5803E-08 1.7168E-08 1.8801E-08 2.0557E-08 2.2260E-08 2.3841E-08 2.5395E-08 2.7271E-08 2.8727E-08 3.1422E-08 3.3945E-08 3.7782E-08 4.1056E-08 4.4170E-08 4.8326E-08
1.9023E-09 2.1559E-09 2.4283E-09 2.7164E-09 3.0308E-09 3.3548E-09 3.6907E-09 4.0386E-09 4.4012E-09 4.7527E-09 5.1007E-09 5.4587E-09 5.7945E-09 6.1179E-09 6.4561E-09 6.7613E-09 7.0455E-09 7.3141E-09 7.5671E-09 7.8037E-09 8.0241E-09 8.2290E-09 8.4188E-09 8.5940E-09 8.7566E-09 8.9088E-09 9.0533E-09 9.1926E-09 9.3295E-09 9.4662E-09 9.6047E-09 9.7466E-09 9.8932E-09 1.0046E-08 1.0927E-08 1.1330E-08 1.1802E-08 1.2354E-08 1.2997E-08 1.3741E-08 1.4596E-08 1.5567E-08 1.6775E-08 1.8305E-08 2.0120E-08 2.2052E-08 2.3904E-08 2.5601E-08 2.7473E-08 2.9663E-08 3.2768E-08 3.5907E-08 4.0147E-08 4.4194E-08 4.7739E-08 5.0905E-08 5.3842E-08
1.7692E-09 2.0092E-09 2.2687E-09 2.5465E-09 2.8478E-09 3.1601E-09 3.4865E-09 3.8300E-09 4.1848E-09 4.5308E-09 4.8805E-09 5.2376E-09 5.5710E-09 5.9040E-09 6.2456E-09 6.5508E-09 6.8413E-09 7.1173E-09 7.3785E-09 7.6246E-09 7.8551E-09 8.0709E-09 8.2722E-09 8.4597E-09 8.6350E-09 8.8008E-09 8.9593E-09 9.1134E-09 9.2657E-09 9.4183E-09 9.5733E-09 9.7323E-09 9.8966E-09 1.0423E-08 1.1087E-08 1.1548E-08 1.2090E-08 1.2724E-08 1.3464E-08 1.4321E-08 1.5307E-08 1.6428E-08 1.7798E-08 1.9507E-08 2.1501E-08 2.3610E-08 2.5608E-08 2.7422E-08 2.9880E-08 3.3945E-08 3.7730E-08 4.2687E-08 4.5899E-08 5.1628E-08 5.4046E-08 5.8741E-08 6.0379E-08
1.6412E-09 1.8676E-09 2.1140E-09 2.3797E-09 2.6683E-09 2.9685E-09 3.2842E-09 3.6224E-09 3.9670E-09 4.3077E-09 4.6587E-09 5.0104E-09 5.3427E-09 5.6858E-09 6.0242E-09 6.3326E-09 6.6285E-09 6.9111E-09 7.1802E-09 7.4350E-09 7.6751E-09 7.9015E-09 8.1141E-09 8.3137E-09 8.5018E-09 8.6809E-09 8.8535E-09 9.0223E-09 9.1899E-09 9.3583E-09 9.5297E-09 9.7057E-09 9.8877E-09 1.0654E-08 1.1242E-08 1.1765E-08 1.2379E-08 1.3099E-08 1.3941E-08 1.4917E-08 1.6040E-08 1.7320E-08 1.8860E-08 2.0756E-08 2.2926E-08 2.5211E-08 2.7353E-08 2.9594E-08 3.4100E-08 3.7078E-08 4.3113E-08 4.9025E-08 5.3851E-08 5.8657E-08 6.2659E-08 6.6205E-08 6.7923E-08
1.5161E-09 1.7315E-09 1.9646E-09 2.2177E-09 2.4928E-09 2.7806E-09 3.0856E-09 3.4166E-09 3.7499E-09 4.0843E-09 4.4353E-09 4.7798E-09 5.1112E-09 5.4624E-09 5.7957E-09 6.1073E-09 6.4077E-09 6.6962E-09 6.9723E-09 7.2352E-09 7.4845E-09 7.7210E-09 7.9446E-09 8.1559E-09 8.3565E-09 8.5488E-09 8.7353E-09 8.9187E-09 9.1013E-09 9.2853E-09 9.4730E-09 9.6657E-09 1.0052E-08 1.0891E-08 1.1389E-08 1.1974E-08 1.2663E-08 1.3472E-08 1.4419E-08 1.5518E-08 1.6784E-08 1.8228E-08 1.9943E-08 2.2029E-08 2.4375E-08 2.6833E-08 2.9291E-08 3.1747E-08 3.6831E-08 4.3970E-08 4.9277E-08 5.7212E-08 6.1518E-08 6.8259E-08 7.1245E-08 7.4879E-08 7.6706E-08
1.3857E-09 1.6000E-09 1.8207E-09 2.0611E-09 2.3223E-09 2.5970E-09 2.8915E-09 3.2126E-09 3.5345E-09 3.8626E-09 4.2109E-09 4.5472E-09 4.8789E-09 5.2342E-09 5.5619E-09 5.8757E-09 6.1797E-09 6.4732E-09 6.7554E-09 7.0257E-09 7.2835E-09 7.5295E-09 7.7636E-09 7.9863E-09 8.1991E-09 8.4043E-09 8.6045E-09 8.8019E-09 8.9993E-09 9.1986E-09 9.4021E-09 9.6113E-09 1.0219E-08 1.0972E-08 1.1523E-08 1.2171E-08 1.2936E-08 1.3835E-08 1.4888E-08 1.6112E-08 1.7523E-08 1.9135E-08 2.1027E-08 2.3303E-08 2.5832E-08 2.8563E-08 3.1286E-08 3.5744E-08 4.1971E-08 5.0088E-08 5.7794E-08 6.5477E-08 7.2211E-08 7.8373E-08 8.3435E-08 8.6408E-08 8.8658E-08
1.2598E-09 1.4679E-09 1.6829E-09 1.9103E-09 2.1572E-09 2.4185E-09 2.7025E-09 3.0111E-09 3.3215E-09 3.6436E-09 3.9854E-09 4.3138E-09 4.6468E-09 5.0004E-09 5.3236E-09 5.6386E-09 5.9451E-09 6.2426E-09 6.5300E-09 6.8070E-09 7.0726E-09 7.3274E-09 7.5714E-09 7.8051E-09 8.0296E-09 8.2473E-09 8.4605E-09 8.6717E-09 8.8833E-09 9.0975E-09 9.3164E-09 9.5415E-09 1.0381E-08 1.1037E-08 1.1640E-08 1.2351E-08 1.3191E-08 1.4180E-08 1.5338E-08 1.6686E-08 1.8242E-08 2.0021E-08 2.2088E-08 2.4552E-08 2.7317E-08 3.0563E-08 3.5646E-08 4.1101E-08 5.0224E-08 5.7912E-08 6.8629E-08 7.7593E-08 8.6011E-08 9.3206E-08 9.8315E-08 1.0203E-07 1.0269E-07
1.1507E-09 1.3358E-09 1.5481E-09 1.7639E-09 1.9981E-09 2.2456E-09 2.5185E-09 2.8130E-09 3.1119E-09 3.4275E-09 3.7600E-09 4.0806E-09 4.4141E-09 4.7617E-09 5.0820E-09 5.3969E-09 5.7050E-09 6.0054E-09 6.2971E-09 6.5798E-09 6.8522E-09 7.1151E-09 7.3684E-09 7.6123E-09 7.8480E-09 8.0776E-09 8.3034E-09 8.5277E-09 8.7530E-09 8.9815E-09 9.2152E-09 9.6451E-09 1.0527E-08 1.1082E-08 1.1736E-08 1.2508E-08 1.3420E-08 1.4496E-08 1.5757E-08 1.7225E-08 1.8921E-08 2.0863E-08 2.3102E-08 2.5761E-08 2.9047E-08 3.4485E-08 4.0419E-08 4.7820E-08 5.8364E-08 6.8989E-08 8.0231E-08 9.2963E-08 1.0197E-07 1.1177E-07 1.1683E-07 1.2075E-07 1.2107E-07
1.0471E-09 1.2163E-09 1.4075E-09 1.6246E-09 1.8454E-09 2.0790E-09 2.3400E-09 2.6197E-09 2.9067E-09 3.2145E-09 3.5358E-09 3.8486E-09 4.1811E-09 4.5205E-09 4.8381E-09 5.1519E-09 5.4602E-09 5.7625E-09 6.0575E-09 6.3448E-09 6.6233E-09 6.8935E-09 7.1551E-09 7.4086E-09 7.6547E-09 7.8955E-09 8.1331E-09 8.3699E-09 8.6082E-09 8.8502E-09 9.0979E-09 9.7325E-09 1.0508E-08 1.1103E-08 1.1805E-08 1.2634E-08 1.3616E-08 1.4773E-08 1.6131E-08 1.7713E-08 1.9543E-08 2.1640E-08 2.4043E-08 2.7135E-08 3.2626E-08 3.7163E-08 4.6969E-08 5.7521E-08 7.1435E-08 8.4737E-08 9.9114E-08 1.1349E-07 1.2587E-07 1.3673E-07 1.4422E-07 1.4654E-07 1.4590E-07
9.4785E-10 1.1049E-09 1.2790E-09 1.4805E-09 1.6969E-09 1.9190E-09 2.1677E-09 2.4324E-09 2.7066E-09 3.0055E-09 3.3148E-09 3.6190E-09 3.9488E-09 4.2793E-09 4.5930E-09 4.9045E-09 5.2120E-09 5.5150E-09 5.8122E-09 6.1031E-09 6.3866E-09 6.6630E-09 6.9321E-09 7.1943E-09 7.4500E-09 7.7011E-09 7.9498E-09 8.1982E-09 8.4488E-09 8.7035E-09 8.9642E-09 9.7956E-09 1.0465E-08 1.1097E-08 1.1843E-08 1.2725E-08 1.3770E-08 1.5002E-08 1.6448E-08 1.8136E-08 2.0088E-08 2.2327E-08 2.5068E-08 2.8416E-08 3.4830E-08 4.2374E-08 5.5884E-08 7.1265E-08 8.7504E-08 1.0725E-07 1.2409E-07 1.4388E-07 1.6084E-07 1.7347E-07 1.7984E-07 1.8092E-07 1.7775E-07
8.4632E-10 9.9931E-10 1.1635E-09 1.3444E-09 1.5521E-09 1.7661E-09 2.0020E-09 2.2516E-09 2.5125E-09 2.8013E-09 3.0981E-09 3.3927E-09 3.7181E-09 4.0392E-09 4.3479E-09 4.6560E-09 4.9615E-09 5.2641E-09 5.5622E-09 5.8557E-09 6.1430E-09 6.4247E-09 6.7003E-09 6.9702E-09 7.2345E-09 7.4950E-09 7.7538E-09 8.0130E-09 8.2747E-09 8.5411E-09 8.8139E-09 9.6913E-09 1.0395E-08 1.1060E-08 1.1845E-08 1.2774E-08 1.3875E-08 1.5173E-08 1.6697E-08 1.8477E-08 2.0538E-08 2.2911E-08 2.5861E-08 3.1702E-08 3.9565E-08 5.0704E-08 6.9513E-08 9.1145E-08 1.1369E-07 1.3963E-07 1.6638E-07 1.9082E-07 2.1122E-07 2.2355E-07 2.2838E-07 2.2622E-07 2.1857E-07
7.5877E-10 8.9193E-10 1.0518E-09 1.2220E-09 1.4052E-09 1.6187E-09 1.8434E-09 2.0779E-09 2.3251E-09 2.6028E-09 2.8867E-09 3.1709E-09 3.4903E-09 3.8014E-09 4.1041E-09 4.4075E-09 4.7099E-09 5.0108E-09 5.3088E-09 5.6036E-09 5.8937E-09 6.1795E-09 6.4605E-09 6.7369E-09 7.0088E-09 7.2777E-09 7.5456E-09 7.8145E-09 8.0864E-09 8.3634E-09 8.8246E-09 9.5635E-09 1.0296E-08 1.0989E-08 1.1808E-08 1.2777E-08 1.3924E-08 1.5277E-08 1.6868E-08 1.8725E-08 2.0881E-08 2.3552E-08 2.8461E-08 3.5648E-08 4.7073E-08 6.6101E-08 9.4450E-08 1.2384E-07 1.5977E-07 1.9527E-07 2.3092E-07 2.6073E-07 2.8196E-07 2.9256E-07 2.9262E-07 2.8362E-07 2.6831E-07
6.7798E-10 7.9822E-10 9.3949E-10 1.1056E-09 1.2766E-09 1.4689E-09 1.6904E-09 1.9118E-09 2.1451E-09 2.4108E-09 2.6815E-09 2.9545E-09 3.2662E-09 3.5671E-09 3.8627E-09 4.1603E-09 4.4585E-09 4.7566E-09 5.0532E-09 5.3481E-09 5.6398E-09 5.9284E-09 6.2137E-09 6.4955E-09 6.7738E-09 7.0500E-09 7.3258E-09 7.6032E-09 7.8842E-09 8.1705E-09 8.6478E-09 9.5567E-09 1.0167E-08 1.0883E-08 1.1728E-08 1.2728E-08 1.3911E-08 1.5308E-08 1.6950E-08 1.8870E-08 2.1281E-08 2.5718E-08 3.1271E-08 4.0217E-08 5.4436E-08 8.7314E-08 1.3108E-07 1.8075E-07 2.3228E-07 2.8354E-07 3.2545E-07 3.5858E-07 3.7747E-07 3.8164E-07 3.7207E-07 3.5253E-07 3.2683E-07
5.9637E-10 7.1070E-10 8.3625E-10 9.9045E-10 1.1507E-09 1.3288E-09 1.5358E-09 1.7529E-09 1.9730E-09 2.2258E-09 2.4833E-09 2.7444E-09 3.0469E-09 3.3373E-09 3.6248E-09 3.9156E-09 4.2084E-09 4.5026E-09 4.7966E-09 5.0904E-09 5.3825E-09 5.6728E-09 5.9610E-09 6.2470E-09 6.5305E-09 6.8127E-09 7.0953E-09 7.3800E-09 7.6686E-09 7.9629E-09 8.4528E-09 9.3817E-09 1.0007E-08 1.0739E-08 1.1604E-08 1.2625E-08 1.3834E-08 1.5261E-08 1.6939E-08 1.9075E-08 2.1560E-08 2.6104E-08 3.4374E-08 4.5553E-08 7.0062E-08 1.2385E-07 1.9695E-07 2.7534E-07 3.4943E-07 4.1361E-07 4.6076E-07 4.8806E-07 4.9642E-07 4.8714E-07 4.6395E-07 4.2936E-07 3.8952E-07
5.2899E-10 6.2820E-10 7.4163E-10 8.8017E-10 1.0347E-09 1.1994E-09 1.3910E-09 1.5960E-09 1.8092E-09 2.0485E-09 2.2927E-09 2.5415E-09 2.8332E-09 3.1130E-09 3.3915E-09 3.6746E-09 3.9610E-09 4.2500E-09 4.5403E-09 4.8318E-09 5.1231E-09 5.4136E-09 5.7035E-09 5.9924E-09 6.2799E-09 6.5669E-09 6.8549E-09 7.1455E-09 7.4404E-09 7.7414E-09 8.2400E-09 9.1803E-09 9.8148E-09 1.0558E-08 1.1433E-08 1.2467E-08 1.3689E-08 1.5132E-08 1.6846E-08 1.9041E-08 2.3300E-08 2.7888E-08 3.7667E-08 5.2437E-08 9.8064E-08 1.9119E-07 3.1271E-07 4.2926E-07 5.2504E-07 5.9310E-07 6.3016E-07 6.4064E-07 6.2848E-07 5.9913E-07 5.5734E-07 5.0713E-07 4.5193E-07
4.6606E-10 5.5689E-10 6.5778E-10 7.7833E-10 9.1543E-10 1.0762E-09 1.2575E-09 1.4434E-09 1.6487E-09 1.8793E-09 2.1103E-09 2.3464E-09 2.6259E-09 2.8952E-09 3.1640E-09 3.4384E-09 3.7174E-09 4.0002E-09 4.2856E-09 4.5736E-09 4.8628E-09 5.1524E-09 5.4426E-09 5.7331E-09 6.0231E-09 6.3135E-09 6.6056E-09 6.9008E-09 7.2006E-09 7.5067E-09 8.0100E-09 8.9528E-09 9.5916E-09 1.0338E-08 1.1216E-08 1.2253E-08 1.3477E-08 1.4927E-08 1.6815E-08 2.0539E-08 2.4721E-08 3.1100E-08 4.0778E-08 5.9742E-08 1.5164E-07 3.1580E-07 5.0573E-07 6.5342E-07 7.5331E-07 8.0117E-07 8.1162E-07 7.9396E-07 7.5329E-07 7.0073E-07 6.3991E-07 5.7329E-07 5.0461E-07
4.1006E-10 4.8829E-10 5.8288E-10 6.8986E-10 8.1023E-10 9.4824E-10 1.1330E-09 1.3058E-09 1.4918E-09 1.7140E-09 1.9366E-09 2.1598E-09 2.4258E-09 2.6847E-09 2.9430E-09 3.2079E-09 3.4786E-09 3.7542E-09 4.0338E-09 4.3170E-09 4.6029E-09 4.8902E-09 5.1796E-09 5.4702E-09 5.7615E-09 6.0539E-09 6.3486E-09 6.6469E-09 6.9502E-09 7.2600E-09 7.7639E-09 8.7004E-09 9.3380E-09 1.0082E-08 1.0955E-08 1.1984E-08 1.3202E-08 1.4805E-08 1.8160E-08 2.1930E-08 2.6130E-08 3.2567E-08 4.5896E-08 8.0174E-08 2.6022E-07 5.3874E-07 7.8748E-07 9.3768E-07 9.9744E-07 9.9820E-07 9.6537E-07 9.1317E-07 8.4569E-07 7.7108E-07 6.9448E-07 6.1611E-07 5.3839E-07
3.5501E-10 4.2953E-10 5.1042E-10 6.0959E-10 7.1753E-10 8.3745E-10 9.9555E-10 1.1710E-09 1.3454E-09 1.5522E-09 1.7704E-09 1.9821E-09 2.2335E-09 2.4822E-09 2.7294E-09 2.9842E-09 3.2458E-09 3.5133E-09 3.7859E-09 4.0633E-09 4.3446E-09 4.6285E-09 4.9156E-09 5.2050E-09 5.4962E-09 5.7892E-09 6.0851E-09 6.3850E-09 6.6903E-09 7.0022E-09 7.5028E-09 8.2832E-09 9.0560E-09 9.7906E-09 1.0651E-08 1.1665E-08 1.3015E-08 1.6020E-08 1.7967E-08 2.3109E-08 2.7287E-08 3.4873E-08 4.7207E-08 1.3246E-07 5.0742E-07 9.3205E-07 1.1603E-06 1.2285E-06 1.1979E-06 1.1296E-06 1.0498E-06 9.6558E-07 8.7954E-07 7.9395E-07 7.0935E-07 6.2518E-07 5.4495E-07
3.0779E-10 3.7706E-10 4.5031E-10 5.3788E-10 6.3301E-10 7.4373E-10 8.7824E-10 1.0388E-09 1.2037E-09 1.3989E-09 1.6054E-09 1.8120E-09 2.0495E-09 2.2883E-09 2.5240E-09 2.7680E-09 3.0198E-09 3.2783E-09 3.5431E-09 3.8137E-09 4.0893E-09 4.3685E-09 4.6521E-09 4.9390E-09 5.2286E-09 5.5207E-09 5.8164E-09 6.1165E-09 6.4222E-09 6.7347E-09 7.2285E-09 7.9915E-09 8.7480E-09 9.4676E-09 1.0310E-08 1.1440E-08 1.2690E-08 1.5720E-08 1.8957E-08 2.4004E-08 3.0733E-08 3.5450E-08 5.3453E-08 3.6582E-07 1.0813E-06 1.4879E-06 1.5427E-06 1.4242E-06 1.2818E-06 1.1455E-06 1.0334E-06 9.3399E-07 8.4386E-07 7.5884E-07 6.7838E-07 5.9824E-07 5.2142E-07
