Assets/Resources/2015_m01_d03_1000(utc+0800)_l00_csi_1hr_conc.grd
DSAA
         159         159
     -79.000      79.000
     -79.000      79.000
  0.1721E-10  0.1820E-05
[rows 0 to 24 of 159, columns 0 to 56 of 159]
1.7212E-11 1.9396E-11 2.1672E-11 2.4000E-11 2.6492E-11 2.9177E-11 3.2046E-11 3.5124E-11 3.8228E-11 4.1899E-11 4.5453E-11 4.9235E-11 5.3433E-11 5.7538E-11 6.2250E-11 6.6881E-11 7.1774E-11 7.7329E-11 8.2804E-11 8.8767E-11 9.4860E-11 1.0200E-10 1.0969E-10 1.1883E-10 1.2795E-10 1.3750E-10 1.4721E-10 1.5681E-10 1.6627E-10 1.7612E-10 1.8639E-10 1.9704E-10 2.0808E-10 2.1950E-10 2.3134E-10 2.4357E-10 2.5619E-10 2.6920E-10 2.8262E-10 2.9642E-10 3.1057E-10 3.2507E-10 3.3992E-10 3.5507E-10 3.7048E-10 3.8588E-10 4.0198E-10 4.1799E-10 4.3387E-10 4.5008E-10 4.6632E-10 4.8259E-10 4.9883E-10 5.1473E-10 5.3077E-10 5.4666E-10 5.6237E-10
1.8180E-11 2.0201E-11 2.2497E-11 2.5072E-11 2.7655E-11 3.0436E-11 3.3405E-11 3.6589E-11 3.9814E-11 4.3430E-11 4.7290E-11 5.1216E-11 5.5389E-11 5.9823E-11 6.4525E-11 6.9318E-11 7.4769E-11 8.0145E-11 8.6011E-11 9.2010E-11 9.9059E-11 1.0667E-10 1.1574E-10 1.2481E-10 1.3432E-10 1.4399E-10 1.5357E-10 1.6301E-10 1.7310E-10 1.8336E-10 1.9379E-10 2.0486E-10 2.1659E-10 2.2849E-10 2.4082E-10 2.5331E-10 2.6672E-10 2.8030E-10 2.9428E-10 3.0841E-10 3.2342E-10 3.3854E-10 3.5373E-10 3.6947E-10 3.8572E-10 4.0169E-10 4.1811E-10 4.3467E-10 4.5133E-10 4.6809E-10 4.8488E-10 5.0141E-10 5.1814E-10 5.3478E-10 5.5132E-10 5.6742E-10 5.8359E-10
1.8933E-11 2.1192E-11 2.3505E-11 2.6163E-11 2.8664E-11 3.1709E-11 3.4783E-11 3.7900E-11 4.1418E-11 4.5163E-11 4.8977E-11 5.3222E-11 5.7363E-11 6.2138E-11 6.6823E-11 7.1978E-11 7.7431E-11 8.3189E-11 8.9083E-11 9.6029E-11 1.0405E-10 1.1308E-10 1.2208E-10 1.3151E-10 1.4113E-10 1.5013E-10 1.5953E-10 1.6960E-10 1.7984E-10 1.9050E-10 2.0158E-10 2.1310E-10 2.2506E-10 2.3745E-10 2.5027E-10 2.6357E-10 2.7729E-10 2.9145E-10 3.0601E-10 3.2100E-10 3.3637E-10 3.5208E-10 3.6811E-10 3.8445E-10 4.0103E-10 4.1782E-10 4.3478E-10 4.5190E-10 4.6913E-10 4.8616E-10 5.0347E-10 5.2075E-10 5.3801E-10 5.5490E-10 5.7191E-10 5.8874E-10 6.0509E-10
1.9690E-11 2.1963E-11 2.4521E-11 2.7264E-11 3.0028E-11 3.2824E-11 3.6009E-11 3.9586E-11 4.3049E-11 4.6745E-11 5.0868E-11 5.5075E-11 5.9549E-11 6.4300E-11 6.9338E-11 7.4672E-11 8.0314E-11 8.6093E-11 9.2744E-11 1.0032E-10 1.0977E-10 1.1867E-10 1.2880E-10 1.3783E-10 1.4676E-10 1.5609E-10 1.6588E-10 1.7608E-10 1.8672E-10 1.9803E-10 2.0931E-10 2.2130E-10 2.3374E-10 2.4690E-10 2.6027E-10 2.7412E-10 2.8816E-10 3.0316E-10 3.1835E-10 3.3392E-10 3.4963E-10 3.6619E-10 3.8282E-10 3.9972E-10 4.1661E-10 4.3422E-10 4.5150E-10 4.6917E-10 4.8693E-10 5.0474E-10 5.2259E-10 5.4015E-10 5.5790E-10 5.7554E-10 5.9303E-10 6.1007E-10 6.2714E-10
2.0628E-11 2.3081E-11 2.5553E-11 2.8206E-11 3.1067E-11 3.4308E-11 3.7425E-11 4.0936E-11 4.4695E-11 4.8524E-11 5.2606E-11 5.7133E-11 6.1760E-11 6.6672E-11 7.1702E-11 7.7396E-11 8.3052E-11 8.9577E-11 9.7030E-11 1.0636E-10 1.1569E-10 1.2520E-10 1.3413E-10 1.4298E-10 1.5224E-10 1.6195E-10 1.7210E-10 1.8269E-10 1.9398E-10 2.0549E-10 2.1748E-10 2.2994E-10 2.4291E-10 2.5636E-10 2.7029E-10 2.8470E-10 2.9960E-10 3.1495E-10 3.3072E-10 3.4688E-10 3.6344E-10 3.8034E-10 3.9753E-10 4.1499E-10 4.3272E-10 4.5064E-10 4.6873E-10 4.8693E-10 5.0525E-10 5.2335E-10 5.4173E-10 5.6006E-10 5.7831E-10 5.9619E-10 6.1417E-10 6.3195E-10 6.4920E-10
2.1346E-11 2.3874E-11 2.6592E-11 2.9334E-11 3.2291E-11 3.5453E-11 3.8852E-11 4.2480E-11 4.6181E-11 5.0319E-11 5.4714E-11 5.9036E-11 6.3991E-11 6.8891E-11 7.4082E-11 7.9972E-11 8.6360E-11 9.3676E-11 1.0287E-10 1.1208E-10 1.2148E-10 1.3031E-10 1.3905E-10 1.4822E-10 1.5809E-10 1.6816E-10 1.7867E-10 1.8968E-10 2.0116E-10 2.1313E-10 2.2559E-10 2.3858E-10 2.5209E-10 2.6609E-10 2.8085E-10 2.9586E-10 3.1133E-10 3.2702E-10 3.4363E-10 3.6039E-10 3.7752E-10 3.9473E-10 4.1275E-10 4.3080E-10 4.4882E-10 4.6730E-10 4.8593E-10 5.0471E-10 5.2357E-10 5.4247E-10 5.6110E-10 5.7995E-10 5.9873E-10 6.1737E-10 6.3557E-10 6.5381E-10 6.7177E-10
2.2241E-11 2.4845E-11 2.7467E-11 3.0302E-11 3.3522E-11 3.6788E-11 4.0297E-11 4.3866E-11 4.7864E-11 5.1950E-11 5.6492E-11 6.0948E-11 6.6069E-11 7.1122E-11 7.6866E-11 8.3107E-11 9.0274E-11 9.8821E-11 1.0839E-10 1.1766E-10 1.2638E-10 1.3500E-10 1.4430E-10 1.5382E-10 1.6379E-10 1.7421E-10 1.8516E-10 1.9658E-10 2.0851E-10 2.2122E-10 2.3421E-10 2.4772E-10 2.6176E-10 2.7635E-10 2.9144E-10 3.0703E-10 3.2308E-10 3.3961E-10 3.5655E-10 3.7388E-10 3.9156E-10 4.0961E-10 4.2796E-10 4.4656E-10 4.6539E-10 4.8445E-10 5.0366E-10 5.2272E-10 5.4212E-10 5.6154E-10 5.8098E-10 6.0036E-10 6.1938E-10 6.3851E-10 6.5745E-10 6.7640E-10 6.9458E-10
2.3139E-11 2.5819E-11 2.8527E-11 3.1620E-11 3.4768E-11 3.7961E-11 4.1751E-11 4.5612E-11 4.9561E-11 5.3779E-11 5.8276E-11 6.3064E-11 6.8155E-11 7.3561E-11 7.9832E-11 8.6837E-11 9.5223E-11 1.0464E-10 1.1376E-10 1.2234E-10 1.3083E-10 1.4001E-10 1.4940E-10 1.5925E-10 1.6958E-10 1.8043E-10 1.9178E-10 2.0366E-10 2.1632E-10 2.2929E-10 2.4280E-10 2.5686E-10 2.7149E-10 2.8664E-10 3.0230E-10 3.1870E-10 3.3535E-10 3.5217E-10 3.6968E-10 3.8783E-10 4.0611E-10 4.2471E-10 4.4336E-10 4.6253E-10 4.8195E-10 5.0157E-10 5.2132E-10 5.4119E-10 5.6115E-10 5.8086E-10 6.0083E-10 6.2072E-10 6.4050E-10 6.6037E-10 6.7955E-10 6.9898E-10 7.1811E-10
2.4047E-11 2.6627E-11 2.9594E-11 3.2607E-11 3.6018E-11 3.9491E-11 4.3038E-11 4.7023E-11 5.1269E-11 5.5441E-11 6.0255E-11 6.5192E-11 7.0442E-11 7.5834E-11 8.3379E-11 9.1591E-11 1.0031E-10 1.0980E-10 1.1822E-10 1.2657E-10 1.3560E-10 1.4485E-10 1.5457E-10 1.6479E-10 1.7553E-10 1.8703E-10 1.9882E-10 2.1119E-10 2.2411E-10 2.3760E-10 2.5164E-10 2.6652E-10 2.8170E-10 2.9715E-10 3.1363E-10 3.3036E-10 3.4756E-10 3.6519E-10 3.8327E-10 4.0175E-10 4.2059E-10 4.3974E-10 4.5923E-10 4.7899E-10 4.9896E-10 5.1887E-10 5.3918E-10 5.5963E-10 5.8013E-10 6.0064E-10 6.2112E-10 6.4128E-10 6.6183E-10 6.8221E-10 7.0237E-10 7.2180E-10 7.4191E-10
2.4956E-11 2.7617E-11 3.0667E-11 3.3773E-11 3.7101E-11 4.0683E-11 4.4514E-11 4.8434E-11 5.2812E-11 5.7278E-11 6.2068E-11 6.7331E-11 7.2562E-11 7.8854E-11 8.7938E-11 9.6472E-11 1.0578E-10 1.1404E-10 1.2222E-10 1.3110E-10 1.4020E-10 1.4978E-10 1.5985E-10 1.7071E-10 1.8186E-10 1.9355E-10 2.0584E-10 2.1869E-10 2.3213E-10 2.4639E-10 2.6100E-10 2.7617E-10 2.9188E-10 3.0815E-10 3.2493E-10 3.4221E-10 3.5994E-10 3.7816E-10 3.9681E-10 4.1584E-10 4.3523E-10 4.5499E-10 4.7504E-10 4.9535E-10 5.1589E-10 5.3664E-10 5.5752E-10 5.7824E-10 5.9929E-10 6.2034E-10 6.4161E-10 6.6280E-10 6.8385E-10 7.0426E-10 7.2492E-10 7.4537E-10 7.6548E-10
2.5697E-11 2.8611E-11 3.1574E-11 3.4940E-11 3.8369E-11 4.2057E-11 4.5821E-11 5.0035E-11 5.4353E-11 5.9148E-11 6.3879E-11 6.9303E-11 7.5234E-11 8.3192E-11 9.2614E-11 1.0122E-10 1.0982E-10 1.1782E-10 1.2652E-10 1.3546E-10 1.4488E-10 1.5480E-10 1.6553E-10 1.7654E-10 1.8811E-10 2.0029E-10 2.1306E-10 2.2641E-10 2.4061E-10 2.5518E-10 2.7030E-10 2.8600E-10 3.0227E-10 3.1908E-10 3.3640E-10 3.5447E-10 3.7279E-10 3.9156E-10 4.1074E-10 4.3036E-10 4.5034E-10 4.7065E-10 4.9101E-10 5.1189E-10 5.3301E-10 5.5432E-10 5.7576E-10 5.9730E-10 6.1913E-10 6.4097E-10 6.6230E-10 6.8402E-10 7.0559E-10 7.2704E-10 7.4825E-10 7.6917E-10 7.8927E-10
2.6616E-11 2.9609E-11 3.2660E-11 3.5935E-11 3.9467E-11 4.3432E-11 4.7483E-11 5.1462E-11 5.6082E-11 6.0826E-11 6.5885E-11 7.1813E-11 7.9048E-11 8.8751E-11 9.7153E-11 1.0556E-10 1.1338E-10 1.2189E-10 1.3065E-10 1.3990E-10 1.4966E-10 1.6022E-10 1.7109E-10 1.8253E-10 1.9458E-10 2.0723E-10 2.2072E-10 2.3460E-10 2.4908E-10 2.6414E-10 2.7978E-10 2.9629E-10 3.1308E-10 3.3040E-10 3.4828E-10 3.6667E-10 3.8552E-10 4.0483E-10 4.2461E-10 4.4479E-10 4.6533E-10 4.8620E-10 5.0741E-10 5.2887E-10 5.5029E-10 5.7215E-10 5.9415E-10 6.1650E-10 6.3890E-10 6.6129E-10 6.8363E-10 7.0594E-10 7.2809E-10 7.4956E-10 7.7127E-10 7.9268E-10 8.1380E-10
2.7365E-11 3.0437E-11 3.3743E-11 3.7291E-11 4.0916E-11 4.4631E-11 4.8799E-11 5.2882E-11 5.7635E-11 6.2691E-11 6.7711E-11 7.4896E-11 8.3342E-11 9.3084E-11 1.0128E-10 1.0890E-10 1.1698E-10 1.2579E-10 1.3486E-10 1.4444E-10 1.5483E-10 1.6553E-10 1.7682E-10 1.8873E-10 2.0124E-10 2.1460E-10 2.2837E-10 2.4273E-10 2.5770E-10 2.7353E-10 2.8971E-10 3.0646E-10 3.2376E-10 3.4165E-10 3.6006E-10 3.7898E-10 3.9839E-10 4.1829E-10 4.3862E-10 4.5935E-10 4.8046E-10 5.0193E-10 5.2369E-10 5.4572E-10 5.6797E-10 5.9064E-10 6.1345E-10 6.3587E-10 6.5883E-10 6.8178E-10 7.0474E-10 7.2758E-10 7.5027E-10 7.7274E-10 7.9500E-10 8.1645E-10 8.3805E-10
2.8458E-11 3.1441E-11 3.4649E-11 3.8292E-11 4.2020E-11 4.6011E-11 5.0106E-11 5.4491E-11 5.9180E-11 6.4378E-11 7.0089E-11 7.8998E-11 8.8270E-11 9.7006E-11 1.0442E-10 1.1230E-10 1.2091E-10 1.2978E-10 1.3916E-10 1.4913E-10 1.5990E-10 1.7101E-10 1.8275E-10 1.9510E-10 2.0833E-10 2.2194E-10 2.3617E-10 2.5102E-10 2.6674E-10 2.8282E-10 2.9950E-10 3.1676E-10 3.3462E-10 3.5302E-10 3.7197E-10 3.9143E-10 4.1141E-10 4.3186E-10 4.5275E-10 4.7405E-10 4.9574E-10 5.1777E-10 5.4011E-10 5.6270E-10 5.8576E-10 6.0902E-10 6.3241E-10 6.5587E-10 6.7944E-10 7.0300E-10 7.2649E-10 7.4939E-10 7.7261E-10 7.9567E-10 8.1845E-10 8.4091E-10 8.6299E-10
2.9209E-11 3.2440E-11 3.5916E-11 3.9470E-11 4.3113E-11 4.7213E-11 5.1594E-11 5.6097E-11 6.0912E-11 6.6600E-11 7.5237E-11 8.3722E-11 9.2501E-11 9.9955E-11 1.0761E-10 1.1577E-10 1.2468E-10 1.3387E-10 1.4362E-10 1.5420E-10 1.6513E-10 1.7668E-10 1.8886E-10 2.0190E-10 2.1534E-10 2.2941E-10 2.4411E-10 2.5970E-10 2.7566E-10 2.9223E-10 3.0941E-10 3.2720E-10 3.4557E-10 3.6475E-10 3.8426E-10 4.0428E-10 4.2480E-10 4.4580E-10 4.6699E-10 4.8887E-10 5.1114E-10 5.3374E-10 5.5663E-10 5.8006E-10 6.0371E-10 6.2754E-10 6.5149E-10 6.7560E-10 6.9974E-10 7.2386E-10 7.4790E-10 7.7189E-10 7.9569E-10 8.1877E-10 8.4208E-10 8.6505E-10 8.8768E-10
3.0132E-11 3.3260E-11 3.6823E-11 4.0473E-11 4.4387E-11 4.8404E-11 5.2900E-11 5.7697E-11 6.2457E-11 6.9947E-11 7.9228E-11 8.7756E-11 9.5507E-11 1.0295E-10 1.1090E-10 1.1958E-10 1.2855E-10 1.3810E-10 1.4823E-10 1.5919E-10 1.7054E-10 1.8252E-10 1.9535E-10 2.0861E-10 2.2249E-10 2.3702E-10 2.5244E-10 2.6824E-10 2.8469E-10 3.0175E-10 3.1944E-10 3.3800E-10 3.5689E-10 3.7636E-10 3.9640E-10 4.1697E-10 4.3804E-10 4.5961E-10 4.8163E-10 5.0407E-10 5.2689E-10 5.5030E-10 5.7403E-10 5.9802E-10 6.2224E-10 6.4669E-10 6.7128E-10 6.9546E-10 7.2017E-10 7.4485E-10 7.6952E-10 7.9406E-10 8.1841E-10 8.4252E-10 8.6587E-10 8.8941E-10 9.1255E-10
3.1048E-11 3.4438E-11 3.7906E-11 4.1462E-11 4.5477E-11 4.9774E-11 5.4192E-11 5.9113E-11 6.5091E-11 7.4310E-11 8.3074E-11 9.0865E-11 9.8323E-11 1.0604E-10 1.1426E-10 1.2325E-10 1.3257E-10 1.4248E-10 1.5322E-10 1.6435E-10 1.7610E-10 1.8848E-10 2.0176E-10 2.1544E-10 2.2976E-10 2.4498E-10 2.6062E-10 2.7690E-10 2.9381E-10 3.1137E-10 3.2983E-10 3.4864E-10 3.6805E-10 3.8807E-10 4.0864E-10 4.2974E-10 4.5138E-10 4.7351E-10 4.9609E-10 5.1909E-10 5.4273E-10 5.6672E-10 5.9103E-10 6.1560E-10 6.4047E-10 6.6551E-10 6.9067E-10 7.1592E-10 7.4125E-10 7.6654E-10 7.9127E-10 8.1637E-10 8.4127E-10 8.6598E-10 8.8986E-10 9.1393E-10 9.3759E-10
3.1783E-11 3.5253E-11 3.8809E-11 4.2630E-11 4.6553E-11 5.0957E-11 5.5663E-11 6.1055E-11 6.9424E-11 7.8215E-11 8.6516E-11 9.3510E-11 1.0123E-10 1.0922E-10 1.1774E-10 1.2707E-10 1.3674E-10 1.4700E-10 1.5813E-10 1.6964E-10 1.8178E-10 1.9482E-10 2.0828E-10 2.2236E-10 2.3737E-10 2.5281E-10 2.6889E-10 2.8562E-10 3.0303E-10 3.2135E-10 3.4004E-10 3.5937E-10 3.7932E-10 3.9985E-10 4.2094E-10 4.4262E-10 4.6481E-10 4.8749E-10 5.1062E-10 5.3444E-10 5.5866E-10 5.8323E-10 6.0813E-10 6.3335E-10 6.5880E-10 6.8442E-10 7.1018E-10 7.3606E-10 7.6197E-10 7.8784E-10 8.1364E-10 8.3880E-10 8.6432E-10 8.8958E-10 9.1454E-10 9.3913E-10 9.6281E-10
3.2694E-11 3.6241E-11 3.9697E-11 4.3611E-11 4.7807E-11 5.2122E-11 5.6945E-11 6.4692E-11 7.3152E-11 8.2236E-11 8.8995E-11 9.6230E-11 1.0423E-10 1.1251E-10 1.2134E-10 1.3101E-10 1.4103E-10 1.5164E-10 1.6315E-10 1.7504E-10 1.8757E-10 2.0102E-10 2.1486E-10 2.2937E-10 2.4483E-10 2.6069E-10 2.7722E-10 2.9445E-10 3.1259E-10 3.3113E-10 3.5034E-10 3.7019E-10 3.9064E-10 4.1169E-10 4.3335E-10 4.5556E-10 4.7829E-10 5.0153E-10 5.2549E-10 5.4988E-10 5.7467E-10 5.9984E-10 6.2537E-10 6.5118E-10 6.7722E-10 7.0343E-10 7.2983E-10 7.5630E-10 7.8279E-10 8.0925E-10 8.3566E-10 8.6141E-10 8.8749E-10 9.1332E-10 9.3883E-10 9.6346E-10 9.8823E-10
3.3423E-11 3.7048E-11 4.0761E-11 4.4574E-11 4.8868E-11 5.3474E-11 5.8780E-11 6.8249E-11 7.6757E-11 8.4561E-11 9.1555E-11 9.9060E-11 1.0734E-10 1.1592E-10 1.2533E-10 1.3508E-10 1.4543E-10 1.5666E-10 1.6827E-10 1.8053E-10 1.9370E-10 2.0728E-10 2.2153E-10 2.3673E-10 2.5234E-10 2.6865E-10 2.8566E-10 3.0360E-10 3.2195E-10 3.4101E-10 3.6070E-10 3.8105E-10 4.0202E-10 4.2363E-10 4.4581E-10 4.6856E-10 4.9184E-10 5.1588E-10 5.4040E-10 5.6538E-10 5.9076E-10 6.1706E-10 6.4317E-10 6.6957E-10 6.9571E-10 7.2257E-10 7.4956E-10 7.7663E-10 8.0371E-10 8.3080E-10 8.5780E-10 8.8465E-10 9.1129E-10 9.3719E-10 9.6330E-10 9.8850E-10 1.0138E-09
3.4494E-11 3.7837E-11 4.1635E-11 4.5717E-11 4.9925E-11 5.4652E-11 6.2371E-11 7.2173E-11 7.9977E-11 8.6965E-11 9.4228E-11 1.0201E-10 1.1056E-10 1.1946E-10 1.2917E-10 1.3924E-10 1.4994E-10 1.6152E-10 1.7347E-10 1.8610E-10 1.9965E-10 2.1361E-10 2.2827E-10 2.4388E-10 2.5993E-10 2.7669E-10 2.9439E-10 3.1254E-10 3.3140E-10 3.5092E-10 3.7112E-10 3.9197E-10 4.1347E-10 4.3559E-10 4.5832E-10 4.8160E-10 5.0568E-10 5.3029E-10 5.5587E-10 5.8146E-10 6.0746E-10 6.3384E-10 6.6055E-10 6.8757E-10 7.1484E-10 7.4229E-10 7.6986E-10 7.9703E-10 8.2475E-10 8.5243E-10 8.8003E-10 9.0747E-10 9.3420E-10 9.6122E-10 9.8791E-10 1.0142E-09 1.0401E-09
3.5208E-11 3.8800E-11 4.2499E-11 4.6684E-11 5.1189E-11 5.7520E-11 6.6418E-11 7.5735E-11 8.2241E-11 8.9234E-11 9.6999E-11 1.0529E-10 1.1391E-10 1.2309E-10 1.3311E-10 1.4351E-10 1.5453E-10 1.6642E-10 1.7875E-10 1.9199E-10 2.0565E-10 2.2001E-10 2.3533E-10 2.5109E-10 2.6757E-10 2.8477E-10 3.0293E-10 3.2155E-10 3.4087E-10 3.6089E-10 3.8158E-10 4.0294E-10 4.2496E-10 4.4761E-10 4.7085E-10 4.9493E-10 5.2006E-10 5.4523E-10 5.7094E-10 5.9711E-10 6.2370E-10 6.5067E-10 6.7801E-10 7.0564E-10 7.3350E-10 7.6155E-10 7.8923E-10 8.1754E-10 8.4586E-10 8.7415E-10 9.0235E-10 9.2987E-10 9.5775E-10 9.8536E-10 1.0126E-09 1.0395E-09 1.0654E-09
3.5908E-11 3.9588E-11 4.3559E-11 4.7843E-11 5.2299E-11 6.1610E-11 7.0324E-11 7.7866E-11 8.4600E-11 9.2096E-11 9.9876E-11 1.0818E-10 1.1733E-10 1.2680E-10 1.3714E-10 1.4784E-10 1.5941E-10 1.7142E-10 1.8408E-10 1.9766E-10 2.1172E-10 2.2647E-10 2.4217E-10 2.5836E-10 2.7527E-10 2.9315E-10 3.1124E-10 3.3060E-10 3.5039E-10 3.7088E-10 3.9207E-10 4.1395E-10 4.3648E-10 4.5963E-10 4.8367E-10 5.0879E-10 5.3398E-10 5.5976E-10 5.8605E-10 6.1280E-10 6.3997E-10 6.6757E-10 6.9551E-10 7.2374E-10 7.5220E-10 7.8089E-10 8.0971E-10 8.3862E-10 8.6754E-10 8.9594E-10 9.2477E-10 9.5346E-10 9.8193E-10 1.0096E-09 1.0375E-09 1.0651E-09 1.0917E-09
3.6795E-11 4.0383E-11 4.4462E-11 4.8872E-11 5.6404E-11 6.5602E-11 7.3368E-11 8.0078E-11 8.7067E-11 9.4798E-11 1.0282E-10 1.1141E-10 1.2083E-10 1.3058E-10 1.4120E-10 1.5221E-10 1.6387E-10 1.7645E-10 1.8945E-10 2.0341E-10 2.1783E-10 2.3295E-10 2.4907E-10 2.6567E-10 2.8300E-10 3.0105E-10 3.2013E-10 3.3967E-10 3.5992E-10 3.8091E-10 4.0260E-10 4.2497E-10 4.4800E-10 4.7194E-10 4.9699E-10 5.2216E-10 5.4797E-10 5.7432E-10 6.0117E-10 6.2850E-10 6.5631E-10 6.8450E-10 7.1304E-10 7.4186E-10 7.7097E-10 8.0027E-10 8.2971E-10 8.5922E-10 8.8826E-10 9.1781E-10 9.4727E-10 9.7657E-10 1.0057E-09 1.0340E-09 1.0626E-09 1.0909E-09 1.1187E-09
3.7525E-11 4.1391E-11 4.5399E-11 4.9944E-11 5.9747E-11 6.9234E-11 7.5452E-11 8.2146E-11 8.9602E-11 9.7567E-11 1.0585E-10 1.1470E-10 1.2437E-10 1.3441E-10 1.4533E-10 1.5663E-10 1.6861E-10 1.8152E-10 1.9487E-10 2.0918E-10 2.2397E-10 2.3948E-10 2.5600E-10 2.7299E-10 2.9075E-10 3.0926E-10 3.2876E-10 3.4875E-10 3.6950E-10 3.9095E-10 4.1312E-10 4.3599E-10 4.5979E-10 4.8473E-10 5.0984E-10 5.3561E-10 5.6196E-10 5.8887E-10 6.1630E-10 6.4426E-10 6.7265E-10 7.0143E-10 7.3057E-10 7.6003E-10 7.8975E-10 8.1967E-10 8.4972E-10 8.7936E-10 9.0956E-10 9.3974E-10 9.6982E-10 9.9975E-10 1.0289E-09 1.0586E-09 1.0879E-09 1.1168E-09 1.1452E-09
