Assets/Resources/2015_m01_d08_0500(utc+0800)_l00_csi_1hr_conc.grd
DSAA
         159         159
     -79.000      79.000
     -79.000      79.000
  0.0000E+00  0.4286E-04
[rows 50 to 74 of 159, columns 0 to 56 of 159]
5.4469E-10 5.7655E-10 6.0945E-10 6.4575E-10 6.8258E-10 7.2221E-10 7.6409E-10 8.0745E-10 8.5480E-10 9.0310E-10 9.5475E-10 1.0092E-09 1.0656E-09 1.1258E-09 1.1891E-09 1.2546E-09 1.3258E-09 1.3981E-09 1.4763E-09 1.5559E-09 1.6416E-09 1.7288E-09 1.8212E-09 1.9177E-09 2.0170E-09 2.1232E-09 2.2312E-09 2.3448E-09 2.4630E-09 2.5843E-09 2.7116E-09 2.8436E-09 2.9786E-09 3.1200E-09 3.2662E-09 3.4150E-09 3.5683E-09 3.7311E-09 3.8936E-09 4.0604E-09 4.2313E-09 4.4062E-09 4.5894E-09 4.7725E-09 4.9591E-09 5.1542E-09 5.3481E-09 5.5450E-09 5.7447E-09 5.9468E-09 6.1512E-09 6.3574E-09 6.5653E-09 6.7863E-09 7.0008E-09 7.2171E-09 7.4375E-09
5.4142E-10 5.7319E-10 6.0599E-10 6.4221E-10 6.7893E-10 7.1848E-10 7.6027E-10 8.0432E-10 8.5082E-10 8.9904E-10 9.5062E-10 1.0050E-09 1.0614E-09 1.1223E-09 1.1847E-09 1.2513E-09 1.3214E-09 1.3948E-09 1.4719E-09 1.5515E-09 1.6372E-09 1.7245E-09 1.8182E-09 1.9136E-09 2.0143E-09 2.1194E-09 2.2275E-09 2.3427E-09 2.4598E-09 2.5812E-09 2.7105E-09 2.8413E-09 2.9766E-09 3.1204E-09 3.2651E-09 3.4144E-09 3.5706E-09 3.7318E-09 3.8949E-09 4.0623E-09 4.2339E-09 4.4096E-09 4.5939E-09 4.7779E-09 4.9675E-09 5.1619E-09 5.3570E-09 5.5551E-09 5.7561E-09 5.9596E-09 6.1654E-09 6.3732E-09 6.5827E-09 6.7934E-09 7.0194E-09 7.2370E-09 7.4558E-09
5.3786E-10 5.6951E-10 6.0293E-10 6.3830E-10 6.7490E-10 7.1509E-10 7.5601E-10 7.9993E-10 8.4632E-10 8.9441E-10 9.4668E-10 1.0002E-09 1.0564E-09 1.1172E-09 1.1795E-09 1.2461E-09 1.3160E-09 1.3894E-09 1.4665E-09 1.5471E-09 1.6317E-09 1.7189E-09 1.8126E-09 1.9080E-09 2.0087E-09 2.1139E-09 2.2220E-09 2.3374E-09 2.4546E-09 2.5761E-09 2.7057E-09 2.8366E-09 2.9721E-09 3.1163E-09 3.2614E-09 3.4109E-09 3.5701E-09 3.7293E-09 3.8929E-09 4.0609E-09 4.2330E-09 4.4114E-09 4.5945E-09 4.7792E-09 4.9726E-09 5.1653E-09 5.3613E-09 5.5605E-09 5.7626E-09 5.9673E-09 6.1744E-09 6.3835E-09 6.5944E-09 6.8067E-09 7.0319E-09 7.2508E-09 7.4712E-09
5.3401E-10 5.6553E-10 5.9880E-10 6.3403E-10 6.7047E-10 7.1053E-10 7.5128E-10 7.9506E-10 8.4130E-10 8.8922E-10 9.4135E-10 9.9465E-10 1.0507E-09 1.1114E-09 1.1736E-09 1.2411E-09 1.3098E-09 1.3831E-09 1.4600E-09 1.5405E-09 1.6250E-09 1.7133E-09 1.8057E-09 1.9010E-09 2.0030E-09 2.1068E-09 2.2162E-09 2.3303E-09 2.4474E-09 2.5706E-09 2.6987E-09 2.8296E-09 2.9672E-09 3.1097E-09 3.2549E-09 3.4046E-09 3.5642E-09 3.7237E-09 3.8876E-09 4.0559E-09 4.2285E-09 4.4097E-09 4.5911E-09 4.7764E-09 4.9707E-09 5.1641E-09 5.3610E-09 5.5610E-09 5.7641E-09 5.9698E-09 6.1780E-09 6.3883E-09 6.6004E-09 6.8139E-09 7.0286E-09 7.2584E-09 7.4800E-09
5.2988E-10 5.6123E-10 5.9434E-10 6.2940E-10 6.6566E-10 7.0555E-10 7.4611E-10 7.8971E-10 8.3575E-10 8.8347E-10 9.3542E-10 9.8851E-10 1.0452E-09 1.1049E-09 1.1668E-09 1.2341E-09 1.3026E-09 1.3769E-09 1.4524E-09 1.5340E-09 1.6171E-09 1.7052E-09 1.7974E-09 1.8925E-09 1.9944E-09 2.0980E-09 2.2074E-09 2.3213E-09 2.4383E-09 2.5631E-09 2.6894E-09 2.8203E-09 2.9599E-09 3.1005E-09 3.2457E-09 3.3980E-09 3.5554E-09 3.7149E-09 3.8790E-09 4.0475E-09 4.2203E-09 4.4020E-09 4.5838E-09 4.7743E-09 4.9645E-09 5.1585E-09 5.3559E-09 5.5567E-09 5.7604E-09 5.9670E-09 6.1760E-09 6.3873E-09 6.6005E-09 6.8151E-09 7.0310E-09 7.2538E-09 7.4821E-09
5.2620E-10 5.5663E-10 5.8956E-10 6.2442E-10 6.6047E-10 7.0016E-10 7.4050E-10 7.8387E-10 8.2970E-10 8.7717E-10 9.2889E-10 9.8173E-10 1.0382E-09 1.0976E-09 1.1592E-09 1.2264E-09 1.2946E-09 1.3686E-09 1.4438E-09 1.5252E-09 1.6079E-09 1.6971E-09 1.7878E-09 1.8839E-09 1.9843E-09 2.0876E-09 2.1982E-09 2.3105E-09 2.4272E-09 2.5519E-09 2.6781E-09 2.8087E-09 2.9483E-09 3.0887E-09 3.2337E-09 3.3885E-09 3.5435E-09 3.7030E-09 3.8670E-09 4.0355E-09 4.2112E-09 4.3905E-09 4.5724E-09 4.7634E-09 4.9539E-09 5.1482E-09 5.3461E-09 5.5473E-09 5.7517E-09 5.9588E-09 6.1686E-09 6.3806E-09 6.5946E-09 6.8102E-09 7.0271E-09 7.2449E-09 7.4775E-09
5.2152E-10 5.5174E-10 5.8445E-10 6.1909E-10 6.5566E-10 6.9436E-10 7.3445E-10 7.7835E-10 8.2313E-10 8.7113E-10 9.2178E-10 9.7432E-10 1.0305E-09 1.0896E-09 1.1520E-09 1.2177E-09 1.2867E-09 1.3593E-09 1.4342E-09 1.5152E-09 1.5977E-09 1.6865E-09 1.7769E-09 1.8726E-09 1.9727E-09 2.0756E-09 2.1859E-09 2.2979E-09 2.4159E-09 2.5387E-09 2.6645E-09 2.7968E-09 2.9342E-09 3.0743E-09 3.2191E-09 3.3738E-09 3.5285E-09 3.6879E-09 3.8518E-09 4.0201E-09 4.1974E-09 4.3751E-09 4.5583E-09 4.7483E-09 4.9390E-09 5.1334E-09 5.3315E-09 5.5331E-09 5.7377E-09 5.9453E-09 6.1556E-09 6.3682E-09 6.5828E-09 6.7991E-09 7.0168E-09 7.2355E-09 7.4547E-09
5.1657E-10 5.4656E-10 5.7903E-10 6.1342E-10 6.4974E-10 6.8817E-10 7.2797E-10 7.7159E-10 8.1607E-10 8.6375E-10 9.1408E-10 9.6628E-10 1.0221E-09 1.0809E-09 1.1429E-09 1.2083E-09 1.2769E-09 1.3491E-09 1.4247E-09 1.5042E-09 1.5874E-09 1.6746E-09 1.7646E-09 1.8612E-09 1.9595E-09 2.0634E-09 2.1719E-09 2.2834E-09 2.4026E-09 2.5234E-09 2.6487E-09 2.7826E-09 2.9177E-09 3.0574E-09 3.2042E-09 3.3563E-09 3.5106E-09 3.6696E-09 3.8332E-09 4.0012E-09 4.1784E-09 4.3559E-09 4.5424E-09 4.7290E-09 4.9196E-09 5.1141E-09 5.3122E-09 5.5138E-09 5.7186E-09 5.9264E-09 6.1370E-09 6.3499E-09 6.5650E-09 6.7818E-09 7.0001E-09 7.2194E-09 7.4394E-09
5.1135E-10 5.4109E-10 5.7330E-10 6.0741E-10 6.4345E-10 6.8158E-10 7.2107E-10 7.6438E-10 8.0851E-10 8.5585E-10 9.0582E-10 9.5764E-10 1.0139E-09 1.0714E-09 1.1331E-09 1.1980E-09 1.2662E-09 1.3379E-09 1.4131E-09 1.4921E-09 1.5748E-09 1.6615E-09 1.7510E-09 1.8471E-09 1.9449E-09 2.0483E-09 2.1562E-09 2.2672E-09 2.3859E-09 2.5061E-09 2.6308E-09 2.7643E-09 2.8988E-09 3.0379E-09 3.1868E-09 3.3359E-09 3.4897E-09 3.6482E-09 3.8113E-09 3.9804E-09 4.1558E-09 4.3328E-09 4.5192E-09 4.7055E-09 4.8958E-09 5.0901E-09 5.2881E-09 5.4895E-09 5.6943E-09 5.9021E-09 6.1127E-09 6.3258E-09 6.5411E-09 6.7582E-09 6.9768E-09 7.1966E-09 7.4171E-09
5.0588E-10 5.3534E-10 5.6727E-10 6.0109E-10 6.3681E-10 6.7462E-10 7.1377E-10 7.5672E-10 8.0048E-10 8.4744E-10 8.9701E-10 9.4840E-10 1.0042E-09 1.0613E-09 1.1225E-09 1.1869E-09 1.2546E-09 1.3258E-09 1.4005E-09 1.4790E-09 1.5611E-09 1.6473E-09 1.7374E-09 1.8316E-09 1.9288E-09 2.0330E-09 2.1389E-09 2.2507E-09 2.3673E-09 2.4868E-09 2.6128E-09 2.7437E-09 2.8775E-09 3.0159E-09 3.1643E-09 3.3127E-09 3.4659E-09 3.6237E-09 3.7861E-09 3.9574E-09 4.1295E-09 4.3067E-09 4.4921E-09 4.6779E-09 4.8677E-09 5.0616E-09 5.2592E-09 5.4604E-09 5.6649E-09 5.8725E-09 6.0829E-09 6.2959E-09 6.5112E-09 6.7284E-09 6.9472E-09 7.1672E-09 7.3880E-09
5.0016E-10 5.2933E-10 5.6095E-10 5.9444E-10 6.2983E-10 6.6729E-10 7.0606E-10 7.4864E-10 7.9199E-10 8.3852E-10 8.8765E-10 9.3858E-10 9.9390E-10 1.0505E-09 1.1112E-09 1.1751E-09 1.2422E-09 1.3128E-09 1.3881E-09 1.4648E-09 1.5463E-09 1.6318E-09 1.7212E-09 1.8148E-09 1.9112E-09 2.0148E-09 2.1199E-09 2.2310E-09 2.3468E-09 2.4656E-09 2.5908E-09 2.7210E-09 2.8539E-09 2.9939E-09 3.1392E-09 3.2868E-09 3.4391E-09 3.5961E-09 3.7577E-09 3.9285E-09 4.0997E-09 4.2792E-09 4.4610E-09 4.6461E-09 4.8353E-09 5.0286E-09 5.2256E-09 5.4262E-09 5.6303E-09 5.8375E-09 6.0476E-09 6.2603E-09 6.4753E-09 6.6923E-09 6.9110E-09 7.1310E-09 7.3519E-09
4.9420E-10 5.2305E-10 5.5435E-10 5.8750E-10 6.2252E-10 6.5960E-10 6.9797E-10 7.4013E-10 7.8305E-10 8.2912E-10 8.7777E-10 9.2820E-10 9.8300E-10 1.0390E-09 1.0992E-09 1.1625E-09 1.2302E-09 1.2990E-09 1.3736E-09 1.4496E-09 1.5317E-09 1.6152E-09 1.7039E-09 1.7967E-09 1.8937E-09 1.9951E-09 2.0994E-09 2.2096E-09 2.3246E-09 2.4424E-09 2.5686E-09 2.6960E-09 2.8280E-09 2.9672E-09 3.1115E-09 3.2581E-09 3.4095E-09 3.5655E-09 3.7261E-09 3.8961E-09 4.0664E-09 4.2461E-09 4.4260E-09 4.6103E-09 4.7987E-09 4.9911E-09 5.1873E-09 5.3873E-09 5.5906E-09 5.7972E-09 6.0067E-09 6.2189E-09 6.4335E-09 6.6501E-09 6.8685E-09 7.0882E-09 7.3090E-09
4.8801E-10 5.1653E-10 5.4748E-10 5.8025E-10 6.1489E-10 6.5156E-10 6.8951E-10 7.3122E-10 7.7367E-10 8.1925E-10 8.6739E-10 9.1727E-10 9.7151E-10 1.0270E-09 1.0865E-09 1.1491E-09 1.2162E-09 1.2843E-09 1.3582E-09 1.4334E-09 1.5147E-09 1.5975E-09 1.6866E-09 1.7773E-09 1.8734E-09 1.9739E-09 2.0773E-09 2.1882E-09 2.3006E-09 2.4173E-09 2.5427E-09 2.6690E-09 2.7999E-09 2.9380E-09 3.0813E-09 3.2269E-09 3.3771E-09 3.5320E-09 3.6926E-09 3.8604E-09 4.0296E-09 4.2084E-09 4.3873E-09 4.5704E-09 4.7578E-09 4.9492E-09 5.1445E-09 5.3435E-09 5.5460E-09 5.7517E-09 5.9604E-09 6.1718E-09 6.3857E-09 6.6018E-09 6.8196E-09 7.0389E-09 7.2593E-09
4.8160E-10 5.0977E-10 5.4034E-10 5.7273E-10 6.0696E-10 6.4319E-10 6.8069E-10 7.2192E-10 7.6387E-10 8.0893E-10 8.5651E-10 9.0581E-10 9.5945E-10 1.0143E-09 1.0742E-09 1.1351E-09 1.2014E-09 1.2688E-09 1.3419E-09 1.4163E-09 1.4968E-09 1.5787E-09 1.6669E-09 1.7567E-09 1.8518E-09 1.9513E-09 2.0536E-09 2.1636E-09 2.2748E-09 2.3905E-09 2.5147E-09 2.6399E-09 2.7696E-09 2.9090E-09 3.0487E-09 3.1930E-09 3.3420E-09 3.4956E-09 3.6567E-09 3.8215E-09 3.9902E-09 4.1672E-09 4.3448E-09 4.5267E-09 4.7128E-09 4.9031E-09 5.0972E-09 5.2950E-09 5.4964E-09 5.7010E-09 5.9087E-09 6.1192E-09 6.3322E-09 6.5474E-09 6.7645E-09 6.9830E-09 7.2028E-09
4.7497E-10 5.0278E-10 5.3296E-10 5.6494E-10 5.9873E-10 6.3451E-10 6.7153E-10 7.1225E-10 7.5367E-10 7.9817E-10 8.4517E-10 8.9385E-10 9.4684E-10 1.0010E-09 1.0602E-09 1.1203E-09 1.1859E-09 1.2525E-09 1.3248E-09 1.3995E-09 1.4779E-09 1.5588E-09 1.6461E-09 1.7348E-09 1.8303E-09 1.9274E-09 2.0286E-09 2.1374E-09 2.2475E-09 2.3638E-09 2.4850E-09 2.6088E-09 2.7372E-09 2.8754E-09 3.0137E-09 3.1566E-09 3.3042E-09 3.4563E-09 3.6176E-09 3.7796E-09 3.9487E-09 4.1225E-09 4.2986E-09 4.4791E-09 4.6639E-09 4.8527E-09 5.0454E-09 5.2419E-09 5.4420E-09 5.6454E-09 5.8518E-09 6.0611E-09 6.2730E-09 6.4871E-09 6.7031E-09 6.9208E-09 7.1397E-09
4.6742E-10 4.9557E-10 5.2534E-10 5.5688E-10 5.9023E-10 6.2552E-10 6.6204E-10 7.0223E-10 7.4308E-10 7.8700E-10 8.3337E-10 8.8141E-10 9.3372E-10 9.8714E-10 1.0456E-09 1.1050E-09 1.1697E-09 1.2366E-09 1.3069E-09 1.3806E-09 1.4581E-09 1.5379E-09 1.6242E-09 1.7118E-09 1.8063E-09 1.9021E-09 2.0037E-09 2.1097E-09 2.2185E-09 2.3335E-09 2.4534E-09 2.5758E-09 2.7052E-09 2.8396E-09 2.9764E-09 3.1178E-09 3.2638E-09 3.4144E-09 3.5742E-09 3.7346E-09 3.9039E-09 4.0744E-09 4.2489E-09 4.4279E-09 4.6110E-09 4.7982E-09 4.9894E-09 5.1844E-09 5.3829E-09 5.5848E-09 5.7898E-09 5.9977E-09 6.2082E-09 6.4210E-09 6.6358E-09 6.8523E-09 7.0735E-09
4.6041E-10 4.8815E-10 5.1750E-10 5.4859E-10 5.8146E-10 6.1625E-10 6.5224E-10 6.9187E-10 7.3214E-10 7.7543E-10 8.2115E-10 8.6851E-10 9.2010E-10 9.7276E-10 1.0305E-09 1.0890E-09 1.1528E-09 1.2188E-09 1.2882E-09 1.3609E-09 1.4373E-09 1.5174E-09 1.6013E-09 1.6878E-09 1.7810E-09 1.8756E-09 1.9759E-09 2.0806E-09 2.1880E-09 2.3016E-09 2.4200E-09 2.5410E-09 2.6689E-09 2.8017E-09 2.9369E-09 3.0767E-09 3.2210E-09 3.3699E-09 3.5280E-09 3.6866E-09 3.8547E-09 4.0231E-09 4.1959E-09 4.3730E-09 4.5544E-09 4.7398E-09 4.9293E-09 5.1225E-09 5.3193E-09 5.5194E-09 5.7228E-09 5.9291E-09 6.1380E-09 6.3492E-09 6.5626E-09 6.7776E-09 7.0075E-09
4.5322E-10 4.8054E-10 5.0945E-10 5.4007E-10 5.7244E-10 6.0670E-10 6.4215E-10 6.8119E-10 7.2085E-10 7.6350E-10 8.0853E-10 8.5517E-10 9.0600E-10 9.5788E-10 1.0147E-09 1.0724E-09 1.1353E-09 1.2003E-09 1.2687E-09 1.3404E-09 1.4157E-09 1.4947E-09 1.5774E-09 1.6626E-09 1.7546E-09 1.8479E-09 1.9468E-09 2.0501E-09 2.1560E-09 2.2682E-09 2.3851E-09 2.5044E-09 2.6307E-09 2.7619E-09 2.8953E-09 3.0333E-09 3.1758E-09 3.3229E-09 3.4792E-09 3.6359E-09 3.8022E-09 3.9686E-09 4.1395E-09 4.3147E-09 4.4941E-09 4.6776E-09 4.8651E-09 5.0563E-09 5.2512E-09 5.4495E-09 5.6510E-09 5.8554E-09 6.0625E-09 6.2720E-09 6.4836E-09 6.6970E-09 6.9354E-09
4.4587E-10 4.7275E-10 5.0120E-10 5.3133E-10 5.6318E-10 5.9690E-10 6.3178E-10 6.7021E-10 7.0923E-10 7.5121E-10 7.9553E-10 8.4143E-10 8.9147E-10 9.4252E-10 9.9741E-10 1.0552E-09 1.1172E-09 1.1812E-09 1.2485E-09 1.3192E-09 1.3934E-09 1.4711E-09 1.5526E-09 1.6365E-09 1.7272E-09 1.8191E-09 1.9165E-09 2.0183E-09 2.1227E-09 2.2352E-09 2.3485E-09 2.4661E-09 2.5907E-09 2.7201E-09 2.8517E-09 2.9878E-09 3.1284E-09 3.2742E-09 3.4279E-09 3.5826E-09 3.7469E-09 3.9112E-09 4.0800E-09 4.2530E-09 4.4303E-09 4.6117E-09 4.7970E-09 4.9862E-09 5.1789E-09 5.3751E-09 5.5745E-09 5.7768E-09 5.9819E-09 6.1894E-09 6.3991E-09 6.6106E-09 6.8494E-09
4.3836E-10 4.6479E-10 4.9276E-10 5.2239E-10 5.5296E-10 5.8687E-10 6.2116E-10 6.5818E-10 6.9732E-10 7.3860E-10 7.8218E-10 8.2731E-10 8.7652E-10 9.2672E-10 9.8070E-10 1.0376E-09 1.0986E-09 1.1615E-09 1.2277E-09 1.2972E-09 1.3702E-09 1.4467E-09 1.5269E-09 1.6108E-09 1.6987E-09 1.7891E-09 1.8851E-09 1.9853E-09 2.0881E-09 2.1989E-09 2.3105E-09 2.4263E-09 2.5490E-09 2.6766E-09 2.8062E-09 2.9403E-09 3.0788E-09 3.2233E-09 3.3741E-09 3.5272E-09 3.6888E-09 3.8509E-09 4.0174E-09 4.1882E-09 4.3632E-09 4.5423E-09 4.7253E-09 4.9121E-09 5.1025E-09 5.2964E-09 5.4935E-09 5.6936E-09 5.8965E-09 6.1018E-09 6.3093E-09 6.5187E-09 6.7562E-09
4.3071E-10 4.5668E-10 4.8416E-10 5.1326E-10 5.4330E-10 5.7661E-10 6.1030E-10 6.4667E-10 6.8512E-10 7.2568E-10 7.6850E-10 8.1283E-10 8.6038E-10 9.1050E-10 9.6355E-10 1.0194E-09 1.0794E-09 1.1413E-09 1.2063E-09 1.2746E-09 1.3464E-09 1.4216E-09 1.5004E-09 1.5829E-09 1.6693E-09 1.7582E-09 1.8542E-09 1.9512E-09 2.0522E-09 2.1613E-09 2.2710E-09 2.3849E-09 2.5057E-09 2.6313E-09 2.7589E-09 2.8909E-09 3.0272E-09 3.1700E-09 3.3181E-09 3.4696E-09 3.6282E-09 3.7879E-09 3.9520E-09 4.1204E-09 4.2929E-09 4.4695E-09 4.6500E-09 4.8344E-09 5.0223E-09 5.2137E-09 5.4083E-09 5.6059E-09 5.8063E-09 6.0092E-09 6.2144E-09 6.4215E-09 6.6573E-09
4.2293E-10 4.4842E-10 4.7467E-10 5.0397E-10 5.3345E-10 5.6541E-10 5.9922E-10 6.3493E-10 6.7267E-10 7.1248E-10 7.5452E-10 7.9803E-10 8.4471E-10 8.9390E-10 9.4598E-10 1.0008E-09 1.0597E-09 1.1205E-09 1.1843E-09 1.2514E-09 1.3219E-09 1.3957E-09 1.4731E-09 1.5542E-09 1.6391E-09 1.7264E-09 1.8207E-09 1.9160E-09 2.0152E-09 2.1225E-09 2.2303E-09 2.3422E-09 2.4634E-09 2.5845E-09 2.7099E-09 2.8396E-09 2.9737E-09 3.1147E-09 3.2599E-09 3.4097E-09 3.5652E-09 3.7224E-09 3.8840E-09 4.0497E-09 4.2197E-09 4.3936E-09 4.5715E-09 4.7531E-09 4.9384E-09 5.1271E-09 5.3190E-09 5.5140E-09 5.7117E-09 5.9120E-09 6.1146E-09 6.3208E-09 6.5531E-09
4.1431E-10 4.4004E-10 4.6578E-10 4.9379E-10 5.2344E-10 5.5478E-10 5.8795E-10 6.2297E-10 6.5999E-10 6.9903E-10 7.4026E-10 7.8293E-10 8.2871E-10 8.7696E-10 9.2803E-10 9.8183E-10 1.0396E-09 1.0992E-09 1.1619E-09 1.2277E-09 1.2968E-09 1.3692E-09 1.4452E-09 1.5247E-09 1.6080E-09 1.6937E-09 1.7863E-09 1.8798E-09 1.9771E-09 2.0825E-09 2.1883E-09 2.2982E-09 2.4173E-09 2.5362E-09 2.6593E-09 2.7868E-09 2.9185E-09 3.0574E-09 3.1998E-09 3.3475E-09 3.4999E-09 3.6545E-09 3.8134E-09 3.9764E-09 4.1436E-09 4.3148E-09 4.4898E-09 4.6686E-09 4.8510E-09 5.0369E-09 5.2259E-09 5.4181E-09 5.6130E-09 5.8104E-09 6.0102E-09 6.2166E-09 6.4437E-09
4.0632E-10 4.3082E-10 4.5677E-10 4.8421E-10 5.1328E-10 5.4400E-10 5.7649E-10 6.1082E-10 6.4709E-10 6.8458E-10 7.2575E-10 7.6756E-10 8.1242E-10 8.5970E-10 9.0975E-10 9.6246E-10 1.0179E-09 1.0775E-09 1.1389E-09 1.2034E-09 1.2711E-09 1.3421E-09 1.4166E-09 1.4946E-09 1.5763E-09 1.6602E-09 1.7510E-09 1.8427E-09 1.9381E-09 2.0415E-09 2.1452E-09 2.2530E-09 2.3699E-09 2.4865E-09 2.6073E-09 2.7324E-09 2.8616E-09 2.9982E-09 3.1378E-09 3.2832E-09 3.4326E-09 3.5844E-09 3.7405E-09 3.9006E-09 4.0649E-09 4.2331E-09 4.4052E-09 4.5810E-09 4.7604E-09 4.9432E-09 5.1293E-09 5.3184E-09 5.5102E-09 5.7047E-09 5.9014E-09 6.1070E-09 6.3294E-09
3.9824E-10 4.2223E-10 4.4764E-10 4.7452E-10 5.0298E-10 5.3306E-10 5.6488E-10 5.9849E-10 6.3401E-10 6.7071E-10 7.1102E-10 7.5195E-10 7.9587E-10 8.4215E-10 8.9115E-10 9.4276E-10 9.9709E-10 1.0542E-09 1.1155E-09 1.1787E-09 1.2450E-09 1.3145E-09 1.3874E-09 1.4638E-09 1.5438E-09 1.6260E-09 1.7150E-09 1.8047E-09 1.8982E-09 1.9995E-09 2.1012E-09 2.2067E-09 2.3214E-09 2.4356E-09 2.5540E-09 2.6766E-09 2.8032E-09 2.9373E-09 3.0741E-09 3.2170E-09 3.3633E-09 3.5123E-09 3.6654E-09 3.8226E-09 3.9838E-09 4.1490E-09 4.3179E-09 4.4906E-09 4.6668E-09 4.8464E-09 5.0293E-09 5.2151E-09 5.4038E-09 5.5951E-09 5.7886E-09 5.9924E-09 6.2105E-09
