Assets/Resources/2015_m01_d31_1700(utc+0800)_l00_csi_1hr_conc.grd
DSAA
         159         159
     -79.000      79.000
     -79.000      79.000
  0.0000E+00  0.4920E-05
[rows 50 to 74 of 159, columns 0 to 56 of 159]
2.8919E-10 3.4052E-10 3.9781E-10 4.5760E-10 5.2655E-10 6.0350E-10 6.9487E-10 7.9185E-10 9.0380E-10 1.0333E-09 1.1742E-09 1.3311E-09 1.5115E-09 1.7094E-09 1.9254E-09 2.1685E-09 2.4334E-09 2.7227E-09 3.0390E-09 3.3794E-09 3.7485E-09 4.1441E-09 4.5664E-09 5.0145E-09 5.4866E-09 5.9811E-09 6.4940E-09 7.0197E-09 7.5534E-09 8.0897E-09 8.6206E-09 9.1370E-09 9.6283E-09 1.0085E-08 1.0496E-08 1.0852E-08 1.1146E-08 1.1369E-08 1.1515E-08 1.1578E-08 1.1553E-08 1.1440E-08 1.1241E-08 1.0952E-08 1.0584E-08 1.0143E-08 9.6371E-09 9.0811E-09 8.4761E-09 7.8423E-09 7.1853E-09 6.5268E-09 5.8722E-09 5.2312E-09 4.6114E-09 4.0193E-09 3.4629E-09
2.1861E-10 2.6258E-10 3.1475E-10 3.7139E-10 4.2899E-10 5.0046E-10 5.8074E-10 6.6532E-10 7.6374E-10 8.7841E-10 1.0066E-09 1.1465E-09 1.3079E-09 1.4862E-09 1.6831E-09 1.9045E-09 2.1474E-09 2.4136E-09 2.7062E-09 3.0255E-09 3.3722E-09 3.7458E-09 4.1484E-09 4.5802E-09 5.0382E-09 5.5213E-09 6.0278E-09 6.5525E-09 7.0906E-09 7.6384E-09 8.1873E-09 8.7258E-09 9.2492E-09 9.7438E-09 1.0204E-08 1.0615E-08 1.0972E-08 1.1262E-08 1.1480E-08 1.1615E-08 1.1665E-08 1.1625E-08 1.1497E-08 1.1277E-08 1.0974E-08 1.0591E-08 1.0142E-08 9.6250E-09 9.0554E-09 8.4510E-09 7.8197E-09 7.1748E-09 6.5201E-09 5.8665E-09 5.2256E-09 4.6056E-09 4.0160E-09
1.5296E-10 1.9329E-10 2.3741E-10 2.8542E-10 3.4084E-10 4.0700E-10 4.7203E-10 5.4570E-10 6.4170E-10 7.4267E-10 8.5513E-10 9.7956E-10 1.1244E-09 1.2836E-09 1.4604E-09 1.6609E-09 1.8816E-09 2.1261E-09 2.3954E-09 2.6903E-09 3.0134E-09 3.3648E-09 3.7470E-09 4.1584E-09 4.5991E-09 5.0701E-09 5.5674E-09 6.0870E-09 6.6261E-09 7.1796E-09 7.7407E-09 8.3006E-09 8.8534E-09 9.3863E-09 9.8912E-09 1.0357E-08 1.0773E-08 1.1130E-08 1.1417E-08 1.1625E-08 1.1750E-08 1.1788E-08 1.1733E-08 1.1587E-08 1.1357E-08 1.1042E-08 1.0652E-08 1.0188E-08 9.6749E-09 9.1135E-09 8.5143E-09 7.8873E-09 7.2403E-09 6.5875E-09 5.9399E-09 5.3060E-09 4.6914E-09
1.0203E-10 1.3344E-10 1.7116E-10 2.1526E-10 2.6236E-10 3.1183E-10 3.7551E-10 4.4530E-10 5.2237E-10 6.1788E-10 7.1899E-10 8.3029E-10 9.5967E-10 1.1013E-09 1.2595E-09 1.4397E-09 1.6389E-09 1.8594E-09 2.1049E-09 2.3764E-09 2.6757E-09 3.0029E-09 3.3626E-09 3.7536E-09 4.1769E-09 4.6306E-09 5.1132E-09 5.6246E-09 6.1610E-09 6.7187E-09 7.2894E-09 7.8674E-09 8.4453E-09 9.0127E-09 9.5585E-09 1.0075E-08 1.0548E-08 1.0966E-08 1.1319E-08 1.1600E-08 1.1803E-08 1.1917E-08 1.1940E-08 1.1877E-08 1.1724E-08 1.1484E-08 1.1163E-08 1.0774E-08 1.0324E-08 9.8160E-09 9.2602E-09 8.6647E-09 8.0459E-09 7.4093E-09 6.7630E-09 6.1138E-09 5.4715E-09
6.6956E-11 8.8925E-11 1.1552E-10 1.5132E-10 1.9171E-10 2.4312E-10 2.9278E-10 3.5069E-10 4.2204E-10 4.9915E-10 5.8869E-10 6.9199E-10 8.0750E-10 9.3253E-10 1.0738E-09 1.2343E-09 1.4125E-09 1.6117E-09 1.8338E-09 2.0815E-09 2.3564E-09 2.6599E-09 2.9963E-09 3.3639E-09 3.7658E-09 4.2019E-09 4.6711E-09 5.1716E-09 5.7033E-09 6.2602E-09 6.8376E-09 7.4299E-09 8.0288E-09 8.6250E-09 9.2055E-09 9.7662E-09 1.0289E-08 1.0764E-08 1.1183E-08 1.1536E-08 1.1813E-08 1.2003E-08 1.2111E-08 1.2132E-08 1.2064E-08 1.1907E-08 1.1673E-08 1.1367E-08 1.0990E-08 1.0547E-08 1.0052E-08 9.5132E-09 8.9340E-09 8.3206E-09 7.6837E-09 7.0307E-09 6.3782E-09
4.5434E-11 6.1211E-11 7.9570E-11 1.0323E-10 1.4083E-10 1.7842E-10 2.2243E-10 2.7553E-10 3.2917E-10 3.9875E-10 4.7511E-10 5.5970E-10 6.6605E-10 7.7770E-10 9.0225E-10 1.0434E-09 1.2024E-09 1.3797E-09 1.5788E-09 1.8040E-09 2.0554E-09 2.3353E-09 2.6481E-09 2.9936E-09 3.3760E-09 3.7946E-09 4.2452E-09 4.7342E-09 5.2572E-09 5.8097E-09 6.3901E-09 6.9898E-09 7.6033E-09 8.2208E-09 8.8281E-09 9.4287E-09 9.9951E-09 1.0523E-08 1.1002E-08 1.1423E-08 1.1771E-08 1.2041E-08 1.2237E-08 1.2344E-08 1.2363E-08 1.2303E-08 1.2167E-08 1.1952E-08 1.1659E-08 1.1302E-08 1.0888E-08 1.0415E-08 9.8870E-09 9.3137E-09 8.7071E-09 8.0735E-09 7.4251E-09
3.0581E-11 4.2881E-11 5.6822E-11 7.3222E-11 9.6487E-11 1.2820E-10 1.6465E-10 2.0945E-10 2.5802E-10 3.1340E-10 3.7739E-10 4.5023E-10 5.3667E-10 6.3364E-10 7.4677E-10 8.7099E-10 1.0104E-09 1.1690E-09 1.3480E-09 1.5516E-09 1.7805E-09 2.0375E-09 2.3284E-09 2.6511E-09 3.0112E-09 3.4087E-09 3.8412E-09 4.3150E-09 4.8261E-09 5.3690E-09 5.9454E-09 6.5465E-09 7.1669E-09 7.7973E-09 8.4292E-09 9.0600E-09 9.6640E-09 1.0238E-08 1.0774E-08 1.1256E-08 1.1670E-08 1.2026E-08 1.2301E-08 1.2499E-08 1.2617E-08 1.2660E-08 1.2626E-08 1.2509E-08 1.2321E-08 1.2067E-08 1.1742E-08 1.1348E-08 1.0895E-08 1.0394E-08 9.8411E-09 9.2439E-09 8.6124E-09
1.9827E-11 2.8235E-11 3.9591E-11 5.2687E-11 6.8621E-11 9.1023E-11 1.2032E-10 1.5449E-10 1.9460E-10 2.4273E-10 2.9854E-10 3.5872E-10 4.2899E-10 5.1155E-10 6.0755E-10 7.1716E-10 8.4076E-10 9.8169E-10 1.1408E-09 1.3241E-09 1.5314E-09 1.7659E-09 2.0343E-09 2.3348E-09 2.6726E-09 3.0487E-09 3.4584E-09 3.9131E-09 4.4070E-09 4.9365E-09 5.5043E-09 6.1012E-09 6.7225E-09 7.3603E-09 8.0080E-09 8.6594E-09 9.2938E-09 9.9078E-09 1.0493E-08 1.1031E-08 1.1512E-08 1.1946E-08 1.2300E-08 1.2589E-08 1.2811E-08 1.2961E-08 1.3031E-08 1.3027E-08 1.2956E-08 1.2810E-08 1.2589E-08 1.2300E-08 1.1950E-08 1.1532E-08 1.1044E-08 1.0503E-08 9.9105E-09
9.8980E-12 1.7127E-11 2.5602E-11 3.5625E-11 4.8814E-11 6.4738E-11 8.5349E-11 1.1383E-10 1.4328E-10 1.8121E-10 2.2898E-10 2.7988E-10 3.3977E-10 4.1034E-10 4.8889E-10 5.8385E-10 6.9423E-10 8.1602E-10 9.5644E-10 1.1207E-09 1.3085E-09 1.5223E-09 1.7678E-09 2.0442E-09 2.3578E-09 2.7105E-09 3.0976E-09 3.5303E-09 4.0046E-09 4.5157E-09 5.0702E-09 5.6571E-09 6.2713E-09 6.9099E-09 7.5650E-09 8.2296E-09 8.8851E-09 9.5304E-09 1.0161E-08 1.0741E-08 1.1289E-08 1.1792E-08 1.2227E-08 1.2610E-08 1.2931E-08 1.3184E-08 1.3363E-08 1.3483E-08 1.3533E-08 1.3505E-08 1.3410E-08 1.3249E-08 1.3011E-08 1.2690E-08 1.2300E-08 1.1852E-08 1.1337E-08
5.8517E-12 8.0138E-12 1.3628E-11 2.1243E-11 3.2458E-11 4.3093E-11 5.8504E-11 8.0314E-11 1.0411E-10 1.3575E-10 1.6989E-10 2.0971E-10 2.6374E-10 3.2398E-10 3.9167E-10 4.7317E-10 5.6544E-10 6.7398E-10 7.9750E-10 9.4432E-10 1.1104E-09 1.3014E-09 1.5259E-09 1.7799E-09 2.0696E-09 2.3976E-09 2.7589E-09 3.1682E-09 3.6193E-09 4.1079E-09 4.6440E-09 5.2139E-09 5.8150E-09 6.4478E-09 7.1023E-09 7.7747E-09 8.4446E-09 9.1135E-09 9.7734E-09 1.0394E-08 1.1000E-08 1.1561E-08 1.2074E-08 1.2544E-08 1.2960E-08 1.3314E-08 1.3610E-08 1.3851E-08 1.4023E-08 1.4130E-08 1.4178E-08 1.4150E-08 1.4035E-08 1.3847E-08 1.3593E-08 1.3252E-08 1.2842E-08
3.7720E-12 4.3800E-12 7.1318E-12 1.0617E-11 1.6082E-11 2.6567E-11 3.7888E-11 5.0257E-11 7.0071E-11 9.6483E-11 1.2247E-10 1.5465E-10 1.9793E-10 2.4487E-10 3.0565E-10 3.7757E-10 4.5763E-10 5.5155E-10 6.6122E-10 7.8977E-10 9.3767E-10 1.1082E-09 1.3110E-09 1.5414E-09 1.8059E-09 2.1089E-09 2.4442E-09 2.8271E-09 3.2520E-09 3.7153E-09 4.2290E-09 4.7784E-09 5.3616E-09 5.9821E-09 6.6248E-09 7.2949E-09 7.9685E-09 8.6534E-09 9.3371E-09 9.9927E-09 1.0640E-08 1.1255E-08 1.1834E-08 1.2377E-08 1.2884E-08 1.3336E-08 1.3746E-08 1.4107E-08 1.4407E-08 1.4659E-08 1.4849E-08 1.4957E-08 1.4999E-08 1.4973E-08 1.4860E-08 1.4666E-08 1.4388E-08
0.0000E+00 3.6160E-12 4.1724E-12 4.7841E-12 9.3227E-12 1.2131E-11 1.8566E-11 3.0964E-11 4.2246E-11 6.0959E-11 8.5886E-11 1.1055E-10 1.4210E-10 1.8270E-10 2.3178E-10 2.9285E-10 3.6403E-10 4.4555E-10 5.4425E-10 6.5937E-10 7.8872E-10 9.3955E-10 1.1205E-09 1.3276E-09 1.5683E-09 1.8452E-09 2.1538E-09 2.5099E-09 2.9068E-09 3.3415E-09 3.8279E-09 4.3499E-09 4.9083E-09 5.5092E-09 6.1374E-09 6.7978E-09 7.4670E-09 8.1589E-09 8.8476E-09 9.5312E-09 1.0210E-08 1.0867E-08 1.1502E-08 1.2109E-08 1.2694E-08 1.3238E-08 1.3758E-08 1.4230E-08 1.4662E-08 1.5054E-08 1.5389E-08 1.5652E-08 1.5868E-08 1.5998E-08 1.6067E-08 1.6045E-08 1.5932E-08
0.0000E+00 0.0000E+00 2.8038E-12 3.9245E-12 4.4715E-12 8.0441E-12 9.9629E-12 1.3970E-11 2.3146E-11 3.5493E-11 5.0336E-11 7.5112E-11 1.0102E-10 1.3167E-10 1.7293E-10 2.2117E-10 2.7926E-10 3.5469E-10 4.3768E-10 5.3997E-10 6.6168E-10 7.9437E-10 9.5501E-10 1.1399E-09 1.3567E-09 1.6079E-09 1.8888E-09 2.2153E-09 2.5827E-09 2.9863E-09 3.4432E-09 3.9351E-09 4.4659E-09 5.0414E-09 5.6466E-09 6.2877E-09 6.9447E-09 7.6293E-09 8.3199E-09 9.0135E-09 9.7059E-09 1.0398E-08 1.1073E-08 1.1736E-08 1.2389E-08 1.3016E-08 1.3628E-08 1.4202E-08 1.4764E-08 1.5290E-08 1.5762E-08 1.6197E-08 1.6570E-08 1.6899E-08 1.7153E-08 1.7327E-08 1.7447E-08
0.0000E+00 0.0000E+00 0.0000E+00 4.7756E-13 3.6448E-12 4.1265E-12 4.9259E-12 9.2831E-12 1.1530E-11 1.5748E-11 2.9106E-11 4.4130E-11 6.1039E-11 9.3009E-11 1.2679E-10 1.6188E-10 2.1567E-10 2.7551E-10 3.4466E-10 4.3638E-10 5.4382E-10 6.6221E-10 8.0895E-10 9.7512E-10 1.1688E-09 1.3949E-09 1.6484E-09 1.9463E-09 2.2826E-09 2.6536E-09 3.0775E-09 3.5356E-09 4.0332E-09 4.5764E-09 5.1529E-09 5.7655E-09 6.4044E-09 7.0723E-09 7.7533E-09 8.4430E-09 9.1425E-09 9.8537E-09 1.0553E-08 1.1262E-08 1.1968E-08 1.2660E-08 1.3350E-08 1.4021E-08 1.4696E-08 1.5339E-08 1.5952E-08 1.6549E-08 1.7096E-08 1.7610E-08 1.8054E-08 1.8485E-08 1.8846E-08
0.0000E+00 0.0000E+00 0.0000E+00 0.0000E+00 0.0000E+00 2.8289E-12 3.7600E-12 4.2033E-12 6.7614E-12 1.0777E-11 1.3898E-11 2.2211E-11 3.8688E-11 5.7042E-11 8.1340E-11 1.1919E-10 1.5957E-10 2.1066E-10 2.6943E-10 3.4519E-10 4.3803E-10 5.4627E-10 6.7249E-10 8.2362E-10 9.9803E-10 1.2015E-09 1.4282E-09 1.6969E-09 2.0021E-09 2.3399E-09 2.7290E-09 3.1515E-09 3.6125E-09 4.1207E-09 4.6615E-09 5.2419E-09 5.8501E-09 6.4893E-09 7.1552E-09 7.8323E-09 8.5280E-09 9.2456E-09 9.9587E-09 1.0689E-08 1.1433E-08 1.2176E-08 1.2928E-08 1.3680E-08 1.4447E-08 1.5195E-08 1.5934E-08 1.6670E-08 1.7390E-08 1.8077E-08 1.8760E-08 1.9427E-08 2.0036E-08
0.0000E+00 0.0000E+00 0.0000E+00 0.0000E+00 0.0000E+00 0.0000E+00 0.0000E+00 3.3827E-12 3.7576E-12 4.6952E-12 8.4302E-12 1.2796E-11 1.9972E-11 3.3582E-11 5.5142E-11 7.7682E-11 1.0994E-10 1.5433E-10 2.0235E-10 2.7176E-10 3.4888E-10 4.3823E-10 5.5710E-10 6.8675E-10 8.3820E-10 1.0228E-09 1.2246E-09 1.4660E-09 1.7394E-09 2.0436E-09 2.3972E-09 2.7828E-09 3.2049E-09 3.6743E-09 4.1761E-09 4.7202E-09 5.2932E-09 5.9016E-09 6.5398E-09 7.1920E-09 7.8734E-09 8.5812E-09 9.2940E-09 1.0033E-08 1.0800E-08 1.1573E-08 1.2368E-08 1.3178E-08 1.4016E-08 1.4847E-08 1.5687E-08 1.6557E-08 1.7419E-08 1.8280E-08 1.9186E-08 2.0071E-08 2.0979E-08
0.0000E+00 0.0000E+00 0.0000E+00 0.0000E+00 0.0000E+00 0.0000E+00 0.0000E+00 0.0000E+00 0.0000E+00 2.1240E-12 4.3263E-12 6.2741E-12 1.0445E-11 1.9393E-11 3.4606E-11 5.1404E-11 7.7749E-11 1.1127E-10 1.5342E-10 2.0552E-10 2.7081E-10 3.5191E-10 4.4917E-10 5.6427E-10 7.0254E-10 8.5970E-10 1.0351E-09 1.2520E-09 1.4955E-09 1.7687E-09 2.0868E-09 2.4350E-09 2.8180E-09 3.2473E-09 3.7083E-09 4.2114E-09 4.7436E-09 5.3143E-09 5.9159E-09 6.5364E-09 7.1907E-09 7.8773E-09 8.5781E-09 9.3124E-09 1.0085E-08 1.0866E-08 1.1683E-08 1.2526E-08 1.3408E-08 1.4293E-08 1.5218E-08 1.6181E-08 1.7158E-08 1.8189E-08 1.9287E-08 2.0405E-08 2.1594E-08
0.0000E+00 0.0000E+00 0.0000E+00 0.0000E+00 0.0000E+00 0.0000E+00 0.0000E+00 0.0000E+00 0.0000E+00 0.0000E+00 0.0000E+00 2.0135E-12 5.8555E-12 8.2052E-12 1.7940E-11 3.3668E-11 5.4391E-11 7.9929E-11 1.1061E-10 1.5453E-10 2.0874E-10 2.7555E-10 3.5798E-10 4.5756E-10 5.7840E-10 7.1751E-10 8.7232E-10 1.0591E-09 1.2732E-09 1.5141E-09 1.7986E-09 2.1115E-09 2.4555E-09 2.8425E-09 3.2613E-09 3.7201E-09 4.2090E-09 4.7360E-09 5.2958E-09 5.8790E-09 6.4985E-09 7.1555E-09 7.8294E-09 8.5422E-09 9.2987E-09 1.0071E-08 1.0888E-08 1.1738E-08 1.2636E-08 1.3551E-08 1.4520E-08 1.5548E-08 1.6621E-08 1.7777E-08 1.9025E-08 2.0363E-08 2.1811E-08
0.0000E+00 0.0000E+00 0.0000E+00 0.0000E+00 0.0000E+00 0.0000E+00 0.0000E+00 0.0000E+00 0.0000E+00 0.0000E+00 0.0000E+00 0.0000E+00 0.0000E+00 2.3680E-12 9.0870E-12 1.7327E-11 3.4961E-11 5.5836E-11 8.0560E-11 1.1704E-10 1.5939E-10 2.1111E-10 2.8187E-10 3.6685E-10 4.6840E-10 5.9139E-10 7.2727E-10 8.8903E-10 1.0763E-09 1.2876E-09 1.5361E-09 1.8132E-09 2.1172E-09 2.4621E-09 2.8388E-09 3.2537E-09 3.6971E-09 4.1799E-09 4.6962E-09 5.2340E-09 5.8105E-09 6.4266E-09 7.0622E-09 7.7411E-09 8.4657E-09 9.2097E-09 1.0001E-08 1.0831E-08 1.1717E-08 1.2634E-08 1.3617E-08 1.4675E-08 1.5801E-08 1.7041E-08 1.8409E-08 1.9918E-08 2.1587E-08
0.0000E+00 0.0000E+00 0.0000E+00 0.0000E+00 0.0000E+00 0.0000E+00 0.0000E+00 0.0000E+00 0.0000E+00 0.0000E+00 0.0000E+00 0.0000E+00 0.0000E+00 0.0000E+00 3.4496E-12 8.5169E-12 1.8610E-11 3.5284E-11 5.6496E-11 8.5172E-11 1.1902E-10 1.6465E-10 2.2108E-10 2.8797E-10 3.7724E-10 4.8183E-10 6.0068E-10 7.4180E-10 9.0473E-10 1.0881E-09 1.3038E-09 1.5472E-09 1.8150E-09 2.1211E-09 2.4537E-09 2.8245E-09 3.2213E-09 3.6571E-09 4.1249E-09 4.6135E-09 5.1439E-09 5.7082E-09 6.2949E-09 6.9246E-09 7.6030E-09 8.2964E-09 9.0437E-09 9.8355E-09 1.0681E-08 1.1570E-08 1.2530E-08 1.3582E-08 1.4731E-08 1.6004E-08 1.7447E-08 1.9065E-08 2.0894E-08
0.0000E+00 0.0000E+00 0.0000E+00 0.0000E+00 0.0000E+00 0.0000E+00 0.0000E+00 0.0000E+00 0.0000E+00 0.0000E+00 0.0000E+00 0.0000E+00 0.0000E+00 0.0000E+00 2.1054E-12 2.9754E-12 1.1816E-11 2.3033E-11 3.6015E-11 6.1483E-11 8.9676E-11 1.2466E-10 1.7249E-10 2.2974E-10 3.0153E-10 3.8823E-10 4.9311E-10 6.1756E-10 7.5669E-10 9.1652E-10 1.1043E-09 1.3154E-09 1.5493E-09 1.8160E-09 2.1084E-09 2.4394E-09 2.7844E-09 3.1722E-09 3.5890E-09 4.0236E-09 4.4994E-09 5.0065E-09 5.5376E-09 6.1102E-09 6.7249E-09 7.3575E-09 8.0503E-09 8.7731E-09 9.5605E-09 1.0398E-08 1.1303E-08 1.2323E-08 1.3442E-08 1.4705E-08 1.6169E-08 1.7820E-08 1.9722E-08
0.0000E+00 0.0000E+00 0.0000E+00 0.0000E+00 0.0000E+00 0.0000E+00 0.0000E+00 0.0000E+00 0.0000E+00 0.0000E+00 0.0000E+00 0.0000E+00 0.0000E+00 0.0000E+00 1.7202E-12 2.5330E-12 5.3337E-12 1.3010E-11 2.5518E-11 4.2336E-11 6.4957E-11 9.4984E-11 1.3279E-10 1.8112E-10 2.3960E-10 3.1623E-10 4.0168E-10 5.0518E-10 6.3188E-10 7.6858E-10 9.3078E-10 1.1117E-09 1.3139E-09 1.5428E-09 1.7964E-09 2.0849E-09 2.3829E-09 2.7251E-09 3.0865E-09 3.4658E-09 3.8851E-09 4.3319E-09 4.8011E-09 5.3073E-09 5.8536E-09 6.4252E-09 7.0302E-09 7.6782E-09 8.4013E-09 9.1505E-09 9.9864E-09 1.0939E-08 1.1994E-08 1.3206E-08 1.4613E-08 1.6235E-08 1.8123E-08
0.0000E+00 0.0000E+00 0.0000E+00 0.0000E+00 0.0000E+00 0.0000E+00 0.0000E+00 0.0000E+00 0.0000E+00 0.0000E+00 0.0000E+00 0.0000E+00 0.0000E+00 0.0000E+00 1.1150E-12 2.2629E-12 3.6316E-12 9.3524E-12 1.5870E-11 2.7535E-11 4.8130E-11 7.0497E-11 1.0054E-10 1.4058E-10 1.9110E-10 2.5027E-10 3.2218E-10 4.1368E-10 5.1603E-10 6.3385E-10 7.7359E-10 9.2809E-10 1.1046E-09 1.2975E-09 1.5131E-09 1.7613E-09 2.0155E-09 2.3079E-09 2.6203E-09 2.9483E-09 3.3069E-09 3.6927E-09 4.0996E-09 4.5327E-09 5.0058E-09 5.4993E-09 6.0246E-09 6.6003E-09 7.2244E-09 7.8874E-09 8.6440E-09 9.4893E-09 1.0445E-08 1.1556E-08 1.2859E-08 1.4382E-08 1.6173E-08
0.0000E+00 0.0000E+00 0.0000E+00 0.0000E+00 0.0000E+00 0.0000E+00 0.0000E+00 0.0000E+00 0.0000E+00 0.0000E+00 0.0000E+00 0.0000E+00 0.0000E+00 0.0000E+00 4.3926E-13 2.0011E-12 2.6407E-12 6.0440E-12 1.2716E-11 2.0040E-11 3.3297E-11 5.0696E-11 7.6376E-11 1.0860E-10 1.4839E-10 1.9568E-10 2.5872E-10 3.3382E-10 4.1694E-10 5.1560E-10 6.3595E-10 7.6349E-10 9.1242E-10 1.0743E-09 1.2592E-09 1.4658E-09 1.6810E-09 1.9248E-09 2.1912E-09 2.4677E-09 2.7695E-09 3.1012E-09 3.4377E-09 3.8069E-09 4.2083E-09 4.6194E-09 5.0692E-09 5.5507E-09 6.0875E-09 6.6629E-09 7.2968E-09 8.0330E-09 8.8706E-09 9.8405E-09 1.0998E-08 1.2361E-08 1.3980E-08
0.0000E+00 0.0000E+00 0.0000E+00 0.0000E+00 0.0000E+00 0.0000E+00 0.0000E+00 0.0000E+00 0.0000E+00 0.0000E+00 0.0000E+00 0.0000E+00 0.0000E+00 0.0000E+00 0.0000E+00 1.2438E-12 2.3114E-12 3.7274E-12 9.1530E-12 1.5489E-11 2.4847E-11 3.8394E-11 5.6236E-11 8.1120E-11 1.1221E-10 1.5502E-10 2.0509E-10 2.6378E-10 3.3537E-10 4.1851E-10 5.1245E-10 6.2184E-10 7.4336E-10 8.7838E-10 1.0314E-09 1.2011E-09 1.3859E-09 1.5815E-09 1.8035E-09 2.0341E-09 2.2849E-09 2.5570E-09 2.8352E-09 3.1469E-09 3.4692E-09 3.8105E-09 4.1818E-09 4.5693E-09 5.0287E-09 5.4856E-09 6.0072E-09 6.6322E-09 7.3189E-09 8.1393E-09 9.1244E-09 1.0283E-08 1.1677E-08
