Assets/Resources/2015_m01_d25_1100(utc+0800)_l00_csi_1hr_conc.grd
DSAA
         159         159
     -79.000      79.000
     -79.000      79.000
  0.0000E+00  0.2990E-04
[rows 0 to 24 of 159, columns 57 to 113 of 159]
0.0000E+00 0.0000E+00 0.0000E+00 0.0000E+00 0.0000E+00 0.0000E+00 0.0000E+00 0.0000E+00 0.0000E+00 0.0000E+00 0.0000E+00 0.0000E+00 1.6789E-11 4.3240E-11 7.7557E-11 1.1900E-10 1.6388E-10 2.1791E-10 2.8267E-10 3.5992E-10 4.5363E-10 5.6102E-10 6.7846E-10 8.1996E-10 9.7923E-10 1.1587E-09 1.3576E-09 1.5793E-09 1.8242E-09 2.0926E-09 2.3867E-09 2.7023E-09 3.0390E-09 3.3915E-09 3.7545E-09 4.1275E-09 4.5019E-09 4.8763E-09 5.2368E-09 5.5807E-09 5.9071E-09 6.1986E-09 6.4534E-09 6.6663E-09 6.8324E-09 6.9477E-09 7.0097E-09 7.0159E-09 6.9659E-09 6.8607E-09 6.7029E-09 6.4973E-09 6.2452E-09 5.9537E-09 5.6302E-09 5.2820E-09 4.9153E-09
0.0000E+00 0.0000E+00 0.0000E+00 0.0000E+00 0.0000E+00 0.0000E+00 0.0000E+00 0.0000E+00 0.0000E+00 0.0000E+00 0.0000E+00 0.0000E+00 1.6889E-11 4.2769E-11 7.6771E-11 1.1933E-10 1.6571E-10 2.2173E-10 2.8901E-10 3.6951E-10 4.6785E-10 5.8073E-10 7.0704E-10 8.5721E-10 1.0249E-09 1.2124E-09 1.4230E-09 1.6586E-09 1.9202E-09 2.2106E-09 2.5274E-09 2.8700E-09 3.2319E-09 3.6124E-09 4.0086E-09 4.4149E-09 4.8219E-09 5.2315E-09 5.6290E-09 6.0085E-09 6.3670E-09 6.6961E-09 6.9824E-09 7.2230E-09 7.4122E-09 7.5469E-09 7.6212E-09 7.6321E-09 7.5800E-09 7.4660E-09 7.2941E-09 7.0678E-09 6.7926E-09 6.4741E-09 6.1178E-09 5.7319E-09 5.3242E-09
0.0000E+00 0.0000E+00 0.0000E+00 0.0000E+00 0.0000E+00 0.0000E+00 0.0000E+00 0.0000E+00 0.0000E+00 0.0000E+00 0.0000E+00 0.0000E+00 1.6855E-11 4.1972E-11 7.5400E-11 1.1848E-10 1.6572E-10 2.2309E-10 2.9239E-10 3.7565E-10 4.7831E-10 5.9665E-10 7.3180E-10 8.8990E-10 1.0632E-09 1.2596E-09 1.4816E-09 1.7313E-09 2.0133E-09 2.3257E-09 2.6672E-09 3.0340E-09 3.4271E-09 3.8420E-09 4.2713E-09 4.7150E-09 5.1618E-09 5.6122E-09 6.0498E-09 6.4690E-09 6.8651E-09 7.2289E-09 7.5462E-09 7.8136E-09 8.0246E-09 8.1740E-09 8.2580E-09 8.2743E-09 8.2196E-09 8.0967E-09 7.9076E-09 7.6574E-09 7.3529E-09 7.0002E-09 6.6105E-09 6.1892E-09 5.7442E-09
0.0000E+00 0.0000E+00 0.0000E+00 0.0000E+00 0.0000E+00 0.0000E+00 0.0000E+00 0.0000E+00 0.0000E+00 0.0000E+00 0.0000E+00 0.0000E+00 1.6311E-11 4.0323E-11 7.2719E-11 1.1497E-10 1.6266E-10 2.2093E-10 2.9161E-10 3.7682E-10 4.8291E-10 6.0566E-10 7.4971E-10 9.1184E-10 1.0914E-09 1.2970E-09 1.5309E-09 1.7986E-09 2.1015E-09 2.4349E-09 2.7994E-09 3.1967E-09 3.6194E-09 4.0661E-09 4.5331E-09 5.0153E-09 5.5004E-09 5.9884E-09 6.4669E-09 6.9243E-09 7.3550E-09 7.7517E-09 8.1002E-09 8.3987E-09 8.6317E-09 8.7964E-09 8.8885E-09 8.9061E-09 8.8487E-09 8.7176E-09 8.5152E-09 8.2466E-09 7.9169E-09 7.5346E-09 7.1085E-09 6.6475E-09 6.1648E-09
0.0000E+00 0.0000E+00 0.0000E+00 0.0000E+00 0.0000E+00 0.0000E+00 0.0000E+00 0.0000E+00 0.0000E+00 0.0000E+00 0.0000E+00 0.0000E+00 8.4669E-12 3.7675E-11 6.8766E-11 1.0985E-10 1.5749E-10 2.1577E-10 2.8711E-10 3.7380E-10 4.8299E-10 6.1006E-10 7.6208E-10 9.2741E-10 1.1138E-09 1.3278E-09 1.5748E-09 1.8602E-09 2.1792E-09 2.5329E-09 2.9231E-09 3.3435E-09 3.7964E-09 4.2770E-09 4.7773E-09 5.2967E-09 5.8220E-09 6.3512E-09 6.8726E-09 7.3724E-09 7.8440E-09 8.2788E-09 8.6656E-09 8.9905E-09 9.2483E-09 9.4328E-09 9.5389E-09 9.5636E-09 9.5048E-09 9.3641E-09 9.1464E-09 8.8542E-09 8.4967E-09 8.0833E-09 7.6208E-09 7.1210E-09 6.5940E-09
0.0000E+00 0.0000E+00 0.0000E+00 0.0000E+00 0.0000E+00 0.0000E+00 0.0000E+00 0.0000E+00 0.0000E+00 0.0000E+00 0.0000E+00 0.0000E+00 0.0000E+00 3.5560E-11 6.5349E-11 1.0522E-10 1.5197E-10 2.1030E-10 2.8243E-10 3.7036E-10 4.8200E-10 6.1250E-10 7.7016E-10 9.3767E-10 1.1290E-09 1.3513E-09 1.6136E-09 1.9120E-09 2.2481E-09 2.6221E-09 3.0324E-09 3.4823E-09 3.9636E-09 4.4762E-09 5.0151E-09 5.5754E-09 6.1426E-09 6.7151E-09 7.2828E-09 7.8263E-09 8.3400E-09 8.8137E-09 9.2365E-09 9.5947E-09 9.8810E-09 1.0087E-08 1.0208E-08 1.0239E-08 1.0180E-08 1.0031E-08 9.7957E-09 9.4800E-09 9.0934E-09 8.6431E-09 8.1416E-09 7.6022E-09 7.0343E-09
0.0000E+00 0.0000E+00 0.0000E+00 0.0000E+00 0.0000E+00 0.0000E+00 0.0000E+00 0.0000E+00 0.0000E+00 0.0000E+00 0.0000E+00 0.0000E+00 0.0000E+00 3.3688E-11 6.1946E-11 1.0024E-10 1.4564E-10 2.0342E-10 2.7494E-10 3.6300E-10 4.7620E-10 6.0924E-10 7.7131E-10 9.4072E-10 1.1363E-09 1.3704E-09 1.6436E-09 1.9547E-09 2.3065E-09 2.6986E-09 3.1341E-09 3.6071E-09 4.1200E-09 4.6692E-09 5.2442E-09 5.8464E-09 6.4593E-09 7.0759E-09 7.6913E-09 8.2825E-09 8.8431E-09 9.3597E-09 9.8201E-09 1.0213E-08 1.0527E-08 1.0755E-08 1.0889E-08 1.0927E-08 1.0866E-08 1.0708E-08 1.0455E-08 1.0117E-08 9.7009E-09 9.2163E-09 8.6741E-09 8.0859E-09 7.4686E-09
0.0000E+00 0.0000E+00 0.0000E+00 0.0000E+00 0.0000E+00 0.0000E+00 0.0000E+00 0.0000E+00 0.0000E+00 0.0000E+00 0.0000E+00 0.0000E+00 0.0000E+00 3.1624E-11 5.8166E-11 9.4596E-11 1.3826E-10 1.9434E-10 2.6465E-10 3.5244E-10 4.6655E-10 6.0131E-10 7.6543E-10 9.3642E-10 1.1344E-09 1.3819E-09 1.6635E-09 1.9871E-09 2.3534E-09 2.7650E-09 3.2202E-09 3.7231E-09 4.2661E-09 4.8499E-09 5.4667E-09 6.1138E-09 6.7733E-09 7.4399E-09 8.1036E-09 8.7450E-09 9.3538E-09 9.9160E-09 1.0418E-08 1.0849E-08 1.1195E-08 1.1446E-08 1.1597E-08 1.1643E-08 1.1580E-08 1.1410E-08 1.1140E-08 1.0772E-08 1.0317E-08 9.7897E-09 9.2062E-09 8.5743E-09 7.9095E-09
0.0000E+00 0.0000E+00 0.0000E+00 0.0000E+00 0.0000E+00 0.0000E+00 0.0000E+00 0.0000E+00 0.0000E+00 0.0000E+00 0.0000E+00 0.0000E+00 0.0000E+00 2.9412E-11 5.4084E-11 8.8392E-11 1.2998E-10 1.8388E-10 2.5245E-10 3.3844E-10 4.5222E-10 5.8759E-10 7.5003E-10 9.2387E-10 1.1342E-09 1.3843E-09 1.6755E-09 2.0096E-09 2.3902E-09 2.8184E-09 3.2979E-09 3.8249E-09 4.4017E-09 5.0248E-09 5.6817E-09 6.3723E-09 7.0810E-09 7.7969E-09 8.5112E-09 9.2080E-09 9.8698E-09 1.0483E-08 1.1031E-08 1.1501E-08 1.1879E-08 1.2154E-08 1.2319E-08 1.2369E-08 1.2299E-08 1.2116E-08 1.1823E-08 1.1427E-08 1.0938E-08 1.0368E-08 9.7344E-09 9.0508E-09 8.3381E-09
0.0000E+00 0.0000E+00 0.0000E+00 0.0000E+00 0.0000E+00 0.0000E+00 0.0000E+00 0.0000E+00 0.0000E+00 0.0000E+00 0.0000E+00 0.0000E+00 0.0000E+00 2.7098E-11 4.9783E-11 8.1751E-11 1.2095E-10 1.7225E-10 2.3807E-10 3.2123E-10 4.3410E-10 5.6926E-10 7.2802E-10 9.0404E-10 1.1215E-09 1.3794E-09 1.6769E-09 2.0209E-09 2.4144E-09 2.8611E-09 3.3618E-09 3.9203E-09 4.5289E-09 5.1878E-09 5.8861E-09 6.6235E-09 7.3823E-09 8.1529E-09 8.9218E-09 9.6730E-09 1.0390E-08 1.1054E-08 1.1649E-08 1.2161E-08 1.2572E-08 1.2872E-08 1.3052E-08 1.3106E-08 1.3032E-08 1.2832E-08 1.2515E-08 1.2083E-08 1.1553E-08 1.0941E-08 1.0261E-08 9.5261E-09 8.7558E-09
0.0000E+00 0.0000E+00 0.0000E+00 0.0000E+00 0.0000E+00 0.0000E+00 0.0000E+00 0.0000E+00 0.0000E+00 0.0000E+00 0.0000E+00 0.0000E+00 0.0000E+00 1.3497E-11 4.5350E-11 7.4807E-11 1.1135E-10 1.5966E-10 2.2222E-10 3.0187E-10 4.1207E-10 5.4557E-10 6.9896E-10 8.7581E-10 1.1056E-09 1.3655E-09 1.6697E-09 2.0224E-09 2.4294E-09 2.8939E-09 3.4192E-09 4.0030E-09 4.6434E-09 5.3418E-09 6.0848E-09 6.8693E-09 7.6811E-09 8.5084E-09 9.3360E-09 1.0146E-08 1.0921E-08 1.1640E-08 1.2285E-08 1.2838E-08 1.3283E-08 1.3606E-08 1.3801E-08 1.3858E-08 1.3777E-08 1.3559E-08 1.3213E-08 1.2746E-08 1.2170E-08 1.1507E-08 1.0773E-08 9.9869E-09 9.1658E-09
0.0000E+00 0.0000E+00 0.0000E+00 0.0000E+00 0.0000E+00 0.0000E+00 0.0000E+00 0.0000E+00 0.0000E+00 0.0000E+00 0.0000E+00 0.0000E+00 0.0000E+00 1.0309E-11 1.7153E-11 6.7703E-11 1.0138E-10 1.4638E-10 2.0520E-10 2.8073E-10 3.8654E-10 5.1765E-10 6.6433E-10 8.5907E-10 1.0833E-09 1.3448E-09 1.6530E-09 2.0142E-09 2.4345E-09 2.9176E-09 3.4635E-09 4.0759E-09 4.7494E-09 5.4824E-09 6.2691E-09 7.1019E-09 7.9677E-09 8.8531E-09 9.7409E-09 1.0612E-08 1.1446E-08 1.2221E-08 1.2917E-08 1.3513E-08 1.3994E-08 1.4343E-08 1.4550E-08 1.4609E-08 1.4518E-08 1.4280E-08 1.3905E-08 1.3399E-08 1.2781E-08 1.2067E-08 1.1276E-08 1.0429E-08 9.5520E-09
0.0000E+00 0.0000E+00 0.0000E+00 0.0000E+00 0.0000E+00 0.0000E+00 0.0000E+00 0.0000E+00 0.0000E+00 0.0000E+00 0.0000E+00 0.0000E+00 0.0000E+00 7.1158E-12 1.5757E-11 6.0579E-11 9.1241E-11 1.3267E-10 1.8737E-10 2.5822E-10 3.5879E-10 4.8559E-10 6.2422E-10 8.1973E-10 1.0515E-09 1.3155E-09 1.6284E-09 1.9996E-09 2.4337E-09 2.9334E-09 3.5008E-09 4.1356E-09 4.8401E-09 5.6130E-09 6.4457E-09 7.3284E-09 8.2501E-09 9.1951E-09 1.0145E-08 1.1078E-08 1.1973E-08 1.2806E-08 1.3553E-08 1.4194E-08 1.4709E-08 1.5082E-08 1.5303E-08 1.5362E-08 1.5260E-08 1.5000E-08 1.4590E-08 1.4041E-08 1.3374E-08 1.2608E-08 1.1763E-08 1.0858E-08 9.9182E-09
0.0000E+00 0.0000E+00 0.0000E+00 0.0000E+00 0.0000E+00 0.0000E+00 0.0000E+00 0.0000E+00 0.0000E+00 0.0000E+00 0.0000E+00 0.0000E+00 0.0000E+00 4.0555E-12 1.4302E-11 1.8477E-11 8.1137E-11 1.1881E-10 1.6908E-10 2.3481E-10 3.2937E-10 4.4998E-10 5.7824E-10 7.9271E-10 1.0183E-09 1.2819E-09 1.6000E-09 1.9816E-09 2.4271E-09 2.9397E-09 3.5238E-09 4.1852E-09 4.9236E-09 5.7334E-09 6.6118E-09 7.5464E-09 8.5248E-09 9.5303E-09 1.0543E-08 1.1540E-08 1.2496E-08 1.3386E-08 1.4186E-08 1.4871E-08 1.5420E-08 1.5816E-08 1.6047E-08 1.6106E-08 1.5990E-08 1.5705E-08 1.5260E-08 1.4668E-08 1.3948E-08 1.3122E-08 1.2218E-08 1.1258E-08 1.0265E-08
0.0000E+00 0.0000E+00 0.0000E+00 0.0000E+00 0.0000E+00 0.0000E+00 0.0000E+00 0.0000E+00 0.0000E+00 0.0000E+00 0.0000E+00 0.0000E+00 0.0000E+00 1.1453E-12 1.0332E-11 1.6695E-11 7.0799E-11 1.0508E-10 1.5071E-10 2.1096E-10 2.9888E-10 4.1239E-10 5.2936E-10 7.4629E-10 9.7834E-10 1.2436E-09 1.5717E-09 1.9608E-09 2.4118E-09 2.9362E-09 3.5404E-09 4.2262E-09 4.9966E-09 5.8468E-09 6.7701E-09 7.7559E-09 8.7911E-09 9.8574E-09 1.0933E-08 1.1993E-08 1.3011E-08 1.3959E-08 1.4809E-08 1.5537E-08 1.6118E-08 1.6536E-08 1.6775E-08 1.6829E-08 1.6698E-08 1.6383E-08 1.5898E-08 1.5262E-08 1.4491E-08 1.3611E-08 1.2644E-08 1.1621E-08 1.0571E-08
0.0000E+00 0.0000E+00 0.0000E+00 0.0000E+00 0.0000E+00 0.0000E+00 0.0000E+00 0.0000E+00 0.0000E+00 0.0000E+00 0.0000E+00 0.0000E+00 0.0000E+00 0.0000E+00 6.1999E-12 1.4962E-11 1.9096E-11 9.1738E-11 1.3261E-10 1.8716E-10 2.6793E-10 3.7357E-10 4.8410E-10 7.1544E-10 9.3865E-10 1.2072E-09 1.5421E-09 1.9306E-09 2.3893E-09 2.9269E-09 3.5502E-09 4.2623E-09 5.0644E-09 5.9512E-09 6.9201E-09 7.9570E-09 9.0486E-09 1.0175E-08 1.1313E-08 1.2436E-08 1.3514E-08 1.4518E-08 1.5418E-08 1.6185E-08 1.6796E-08 1.7231E-08 1.7476E-08 1.7523E-08 1.7372E-08 1.7028E-08 1.6503E-08 1.5815E-08 1.4989E-08 1.4052E-08 1.3031E-08 1.1952E-08 1.0841E-08
0.0000E+00 0.0000E+00 0.0000E+00 0.0000E+00 0.0000E+00 0.0000E+00 0.0000E+00 0.0000E+00 0.0000E+00 0.0000E+00 0.0000E+00 0.0000E+00 0.0000E+00 0.0000E+00 2.4617E-12 1.2073E-11 1.6973E-11 2.1484E-11 1.1513E-10 1.6386E-10 2.3714E-10 3.3430E-10 4.3129E-10 6.6388E-10 8.9564E-10 1.1724E-09 1.5042E-09 1.8947E-09 2.3619E-09 2.9133E-09 3.5559E-09 4.2909E-09 5.1245E-09 6.0510E-09 7.0627E-09 8.1499E-09 9.2966E-09 1.0482E-08 1.1681E-08 1.2864E-08 1.4000E-08 1.5057E-08 1.6003E-08 1.6808E-08 1.7445E-08 1.7895E-08 1.8141E-08 1.8177E-08 1.8002E-08 1.7624E-08 1.7059E-08 1.6324E-08 1.5444E-08 1.4446E-08 1.3365E-08 1.2231E-08 1.1072E-08
0.0000E+00 0.0000E+00 0.0000E+00 0.0000E+00 0.0000E+00 0.0000E+00 0.0000E+00 0.0000E+00 0.0000E+00 0.0000E+00 0.0000E+00 0.0000E+00 0.0000E+00 0.0000E+00 0.0000E+00 6.9893E-12 1.4963E-11 1.8938E-11 9.3872E-11 1.4151E-10 2.0710E-10 2.9535E-10 4.0343E-10 6.3323E-10 8.5329E-10 1.1377E-09 1.4628E-09 1.8571E-09 2.3324E-09 2.8955E-09 3.5568E-09 4.3177E-09 5.1809E-09 6.1431E-09 7.1991E-09 8.3353E-09 9.5353E-09 1.0778E-08 1.2034E-08 1.3275E-08 1.4466E-08 1.5573E-08 1.6561E-08 1.7398E-08 1.8057E-08 1.8517E-08 1.8761E-08 1.8783E-08 1.8583E-08 1.8169E-08 1.7556E-08 1.6770E-08 1.5838E-08 1.4788E-08 1.3651E-08 1.2457E-08 1.1248E-08
0.0000E+00 0.0000E+00 0.0000E+00 0.0000E+00 0.0000E+00 0.0000E+00 0.0000E+00 0.0000E+00 0.0000E+00 0.0000E+00 0.0000E+00 0.0000E+00 0.0000E+00 0.0000E+00 0.0000E+00 2.5695E-12 1.1980E-11 1.6559E-11 2.0785E-11 1.1669E-10 1.7835E-10 2.5745E-10 3.8272E-10 6.0000E-10 8.1085E-10 1.1000E-09 1.4250E-09 1.8223E-09 2.3041E-09 2.8799E-09 3.5569E-09 4.3410E-09 5.2346E-09 6.2321E-09 7.3291E-09 8.5121E-09 9.7631E-09 1.1059E-08 1.2370E-08 1.3663E-08 1.4904E-08 1.6054E-08 1.7079E-08 1.7944E-08 1.8620E-08 1.9085E-08 1.9322E-08 1.9324E-08 1.9096E-08 1.8646E-08 1.7991E-08 1.7155E-08 1.6165E-08 1.5060E-08 1.3873E-08 1.2634E-08 1.1374E-08
0.0000E+00 0.0000E+00 0.0000E+00 0.0000E+00 0.0000E+00 0.0000E+00 0.0000E+00 0.0000E+00 0.0000E+00 0.0000E+00 0.0000E+00 0.0000E+00 0.0000E+00 0.0000E+00 0.0000E+00 0.0000E+00 6.2457E-12 1.4362E-11 1.8026E-11 8.2500E-11 1.4746E-10 2.2127E-10 3.4407E-10 5.5271E-10 7.9340E-10 1.0656E-09 1.3903E-09 1.7920E-09 2.2810E-09 2.8684E-09 3.5615E-09 4.3676E-09 5.2882E-09 6.3201E-09 7.4574E-09 8.6865E-09 9.9896E-09 1.1336E-08 1.2697E-08 1.4037E-08 1.5321E-08 1.6508E-08 1.7562E-08 1.8446E-08 1.9132E-08 1.9595E-08 1.9821E-08 1.9802E-08 1.9539E-08 1.9046E-08 1.8345E-08 1.7461E-08 1.6424E-08 1.5265E-08 1.4024E-08 1.2741E-08 1.1445E-08
0.0000E+00 0.0000E+00 0.0000E+00 0.0000E+00 0.0000E+00 0.0000E+00 0.0000E+00 0.0000E+00 0.0000E+00 0.0000E+00 0.0000E+00 0.0000E+00 0.0000E+00 0.0000E+00 0.0000E+00 0.0000E+00 1.4112E-12 1.0030E-11 1.5506E-11 1.9301E-11 1.0977E-10 1.9665E-10 3.3081E-10 5.2536E-10 7.7075E-10 1.0355E-09 1.3618E-09 1.7674E-09 2.2641E-09 2.8623E-09 3.5701E-09 4.3971E-09 5.3456E-09 6.4131E-09 7.5892E-09 8.8605E-09 1.0208E-08 1.1604E-08 1.3013E-08 1.4398E-08 1.5720E-08 1.6936E-08 1.8010E-08 1.8904E-08 1.9588E-08 2.0038E-08 2.0242E-08 2.0195E-08 1.9899E-08 1.9368E-08 1.8619E-08 1.7681E-08 1.6594E-08 1.5392E-08 1.4109E-08 1.2781E-08 1.1449E-08
0.0000E+00 0.0000E+00 0.0000E+00 0.0000E+00 0.0000E+00 0.0000E+00 0.0000E+00 0.0000E+00 0.0000E+00 0.0000E+00 0.0000E+00 0.0000E+00 0.0000E+00 0.0000E+00 0.0000E+00 0.0000E+00 0.0000E+00 4.0505E-12 1.2932E-11 1.6469E-11 2.0329E-11 1.5437E-10 2.9494E-10 4.8346E-10 7.4725E-10 1.0116E-09 1.3408E-09 1.7504E-09 2.2526E-09 2.8623E-09 3.5868E-09 4.4360E-09 5.4088E-09 6.5075E-09 7.7181E-09 9.0288E-09 1.0419E-08 1.1855E-08 1.3305E-08 1.4729E-08 1.6084E-08 1.7328E-08 1.8418E-08 1.9318E-08 1.9995E-08 2.0429E-08 2.0603E-08 2.0516E-08 2.0173E-08 1.9593E-08 1.8798E-08 1.7817E-08 1.6681E-08 1.5432E-08 1.4111E-08 1.2754E-08 1.1392E-08
0.0000E+00 0.0000E+00 0.0000E+00 0.0000E+00 0.0000E+00 0.0000E+00 0.0000E+00 0.0000E+00 0.0000E+00 0.0000E+00 0.0000E+00 0.0000E+00 0.0000E+00 0.0000E+00 0.0000E+00 0.0000E+00 0.0000E+00 1.3760E-13 6.5091E-12 1.3940E-11 1.7206E-11 1.2906E-10 2.7932E-10 4.4437E-10 7.2840E-10 9.9677E-10 1.3261E-09 1.7399E-09 2.2504E-09 2.8719E-09 3.6135E-09 4.4822E-09 5.4803E-09 6.6105E-09 7.8536E-09 9.1984E-09 1.0622E-08 1.2096E-08 1.3579E-08 1.5032E-08 1.6411E-08 1.7672E-08 1.8769E-08 1.9668E-08 2.0335E-08 2.0746E-08 2.0891E-08 2.0765E-08 2.0378E-08 1.9745E-08 1.8893E-08 1.7860E-08 1.6681E-08 1.5393E-08 1.4035E-08 1.2650E-08 1.1272E-08
0.0000E+00 0.0000E+00 0.0000E+00 0.0000E+00 0.0000E+00 0.0000E+00 0.0000E+00 0.0000E+00 0.0000E+00 0.0000E+00 0.0000E+00 0.0000E+00 0.0000E+00 0.0000E+00 0.0000E+00 0.0000E+00 0.0000E+00 0.0000E+00 1.0471E-12 8.6484E-12 1.4446E-11 5.0176E-11 2.6631E-10 4.5577E-10 7.1495E-10 9.8793E-10 1.3212E-09 1.7395E-09 2.2602E-09 2.8935E-09 3.6532E-09 4.5439E-09 5.5662E-09 6.7217E-09 7.9956E-09 9.3707E-09 1.0825E-08 1.2326E-08 1.3833E-08 1.5305E-08 1.6696E-08 1.7960E-08 1.9055E-08 1.9942E-08 2.0588E-08 2.0973E-08 2.1084E-08 2.0915E-08 2.0483E-08 1.9805E-08 1.8909E-08 1.7827E-08 1.6601E-08 1.5277E-08 1.3892E-08 1.2483E-08 1.1089E-08
0.0000E+00 0.0000E+00 0.0000E+00 0.0000E+00 0.0000E+00 0.0000E+00 0.0000E+00 0.0000E+00 0.0000E+00 0.0000E+00 0.0000E+00 0.0000E+00 0.0000E+00 0.0000E+00 0.0000E+00 0.0000E+00 0.0000E+00 0.0000E+00 0.0000E+00 2.1148E-12 1.0036E-11 6.5277E-11 1.9079E-10 4.5789E-10 6.9398E-10 9.8446E-10 1.3225E-09 1.7518E-09 2.2861E-09 2.9365E-09 3.7152E-09 4.6244E-09 5.6687E-09 6.8504E-09 8.1486E-09 9.5492E-09 1.1026E-08 1.2545E-08 1.4067E-08 1.5547E-08 1.6940E-08 1.8199E-08 1.9279E-08 2.0140E-08 2.0755E-08 2.1101E-08 2.1168E-08 2.0958E-08 2.0480E-08 1.9754E-08 1.8814E-08 1.7696E-08 1.6440E-08 1.5085E-08 1.3677E-08 1.2256E-08 1.0855E-08
