Assets/Resources/2015_m01_d14_0500(utc+0800)_l00_csi_1hr_conc.grd
DSAA
         159         159
     -79.000      79.000
     -79.000      79.000
  0.0000E+00  0.4241E-05
[rows 75 to 99 of 159, columns 57 to 113 of 159]
1.2742E-08 1.3204E-08 1.3792E-08 1.4515E-08 1.5415E-08 1.6595E-08 1.7980E-08 1.9800E-08 2.1912E-08 2.4455E-08 2.7987E-08 3.2480E-08 3.8364E-08 4.7434E-08 5.9763E-08 7.7221E-08 1.0280E-07 1.3982E-07 1.9204E-07 2.5991E-07 3.5569E-07 1.1389E-06 1.2912E-06 1.0562E-06 9.2060E-07 8.1780E-07 7.3804E-07 5.8323E-07 5.1107E-07 4.3334E-07 3.5491E-07 2.5505E-07 1.9578E-07 1.4588E-07 9.4376E-08 6.6711E-08 4.6754E-08 2.4748E-08 1.6085E-08 1.0266E-08 6.6097E-09 4.3901E-09 2.9505E-09 1.9384E-09 1.4159E-09 1.1029E-09 9.1929E-10 7.2635E-10 5.8637E-10 4.9790E-10 4.1388E-10 3.0052E-10 2.5360E-10 1.9786E-10 1.4133E-10 8.3243E-11 4.7520E-11
1.2297E-08 1.2781E-08 1.3286E-08 1.3989E-08 1.4803E-08 1.5895E-08 1.7161E-08 1.8698E-08 2.0758E-08 2.3085E-08 2.6178E-08 3.0431E-08 3.6690E-08 4.5380E-08 5.8233E-08 7.7592E-08 1.0637E-07 1.4994E-07 2.1103E-07 2.9137E-07 4.1307E-07 1.0031E-06 1.8648E-06 1.3270E-06 1.0486E-06 9.0738E-07 8.0384E-07 7.0746E-07 5.4690E-07 4.6260E-07 3.7739E-07 2.9743E-07 2.0577E-07 1.5199E-07 9.7069E-08 6.8000E-08 4.7282E-08 2.4799E-08 1.5917E-08 1.0115E-08 6.4194E-09 4.2099E-09 2.8551E-09 1.7747E-09 1.3343E-09 1.0610E-09 8.6959E-10 6.6588E-10 5.7493E-10 4.8610E-10 4.0708E-10 2.9380E-10 2.4836E-10 1.9465E-10 1.1510E-10 8.1802E-11 4.4062E-11
1.1839E-08 1.2305E-08 1.2768E-08 1.3338E-08 1.4145E-08 1.5036E-08 1.6267E-08 1.7648E-08 1.9497E-08 2.1587E-08 2.4431E-08 2.8384E-08 3.4206E-08 4.2994E-08 5.6147E-08 7.6588E-08 1.0842E-07 1.5625E-07 2.2346E-07 3.1686E-07 4.6520E-07 5.9174E-07 2.9709E-06 1.7364E-06 1.1855E-06 9.8976E-07 8.5194E-07 7.4673E-07 6.3915E-07 4.8033E-07 3.9025E-07 3.0501E-07 2.0716E-07 1.5247E-07 9.6475E-08 6.7274E-08 4.6529E-08 2.4081E-08 1.5362E-08 9.7042E-09 6.1119E-09 3.9754E-09 2.7324E-09 1.6119E-09 1.2487E-09 9.8631E-10 8.2926E-10 6.2508E-10 5.4192E-10 4.4226E-10 3.5722E-10 2.8531E-10 2.3777E-10 1.9059E-10 1.1300E-10 7.9704E-11 4.3505E-11
1.1342E-08 1.1727E-08 1.2207E-08 1.2723E-08 1.3341E-08 1.4230E-08 1.5187E-08 1.6539E-08 1.7998E-08 2.0008E-08 2.2571E-08 2.5850E-08 3.1636E-08 3.9567E-08 5.2397E-08 7.3867E-08 1.0648E-07 1.5537E-07 2.2530E-07 3.3129E-07 4.7968E-07 5.8729E-07 4.2415E-06 2.3985E-06 1.3845E-06 1.0542E-06 8.8151E-07 7.6165E-07 6.4622E-07 4.7559E-07 3.8328E-07 2.9780E-07 2.0142E-07 1.4788E-07 9.2684E-08 6.4484E-08 4.4527E-08 3.0887E-08 1.4388E-08 9.0137E-09 5.6617E-09 3.6843E-09 2.5651E-09 1.4476E-09 1.1542E-09 9.4094E-10 7.7081E-10 6.0071E-10 5.1730E-10 4.2620E-10 3.2277E-10 2.6278E-10 2.2521E-10 1.7209E-10 9.0074E-11 7.7009E-11 4.2305E-11
1.0745E-08 1.1122E-08 1.1471E-08 1.2072E-08 1.2616E-08 1.3261E-08 1.4223E-08 1.5397E-08 1.6661E-08 1.8155E-08 2.0653E-08 2.3568E-08 2.8447E-08 3.5694E-08 4.7452E-08 6.7814E-08 9.9376E-08 1.4639E-07 2.1610E-07 3.3259E-07 4.4802E-07 5.5296E-07 6.4973E-07 3.3986E-06 1.6275E-06 1.0944E-06 8.8370E-07 7.3540E-07 6.1770E-07 4.4880E-07 3.6046E-07 2.8083E-07 1.8852E-07 1.3845E-07 8.5953E-08 5.9843E-08 4.1397E-08 2.8837E-08 1.3078E-08 8.0909E-09 5.1293E-09 3.3607E-09 2.3183E-09 1.3251E-09 1.0638E-09 8.7588E-10 6.8823E-10 5.8471E-10 4.9673E-10 4.1534E-10 3.0228E-10 2.5612E-10 1.9963E-10 1.4243E-10 8.4620E-11 5.2717E-11 2.1525E-11
1.0129E-08 1.0467E-08 1.0863E-08 1.1218E-08 1.1868E-08 1.2425E-08 1.3245E-08 1.4095E-08 1.5321E-08 1.6589E-08 1.8420E-08 2.1193E-08 2.4987E-08 3.1653E-08 4.2117E-08 5.9135E-08 8.8032E-08 1.3063E-07 1.9855E-07 3.0514E-07 3.9474E-07 4.9011E-07 5.7850E-07 3.8509E-06 1.8638E-06 1.1182E-06 8.4667E-07 6.7922E-07 5.6585E-07 4.0468E-07 3.2625E-07 2.5460E-07 1.6974E-07 1.2509E-07 7.6869E-08 5.3759E-08 3.7402E-08 1.8102E-08 1.1502E-08 7.0690E-09 4.5071E-09 3.0222E-09 1.9537E-09 1.2205E-09 9.7422E-10 8.2342E-10 6.2644E-10 5.6220E-10 4.7453E-10 4.0546E-10 2.9223E-10 2.4766E-10 1.9527E-10 1.1534E-10 8.2335E-11 4.6914E-11 2.0164E-11
9.5440E-09 9.8083E-09 1.0147E-08 1.0549E-08 1.0898E-08 1.1581E-08 1.2139E-08 1.2982E-08 1.3813E-08 1.5059E-08 1.6511E-08 1.8266E-08 2.1773E-08 2.6481E-08 3.5919E-08 4.9503E-08 7.2456E-08 1.1106E-07 1.7825E-07 2.5168E-07 3.2648E-07 4.0629E-07 4.8021E-07 7.5179E-07 1.8850E-06 1.1150E-06 7.8415E-07 6.1292E-07 4.2708E-07 3.5232E-07 2.8344E-07 2.2217E-07 1.4718E-07 1.0925E-07 6.6371E-08 4.6789E-08 3.2899E-08 1.5331E-08 9.7317E-09 5.9549E-09 3.9174E-09 2.6459E-09 1.6618E-09 1.0847E-09 9.1354E-10 7.1835E-10 6.0126E-10 5.1336E-10 4.2790E-10 3.3959E-10 2.7974E-10 2.3270E-10 1.8923E-10 1.1108E-10 7.9334E-11 4.3360E-11 1.9982E-11
8.8822E-09 9.1997E-09 9.4410E-09 9.7725E-09 1.0170E-08 1.0627E-08 1.1207E-08 1.1745E-08 1.2577E-08 1.3249E-08 1.4216E-08 1.5548E-08 1.8157E-08 2.1843E-08 2.8321E-08 3.9981E-08 5.8939E-08 9.0305E-08 1.4428E-07 1.9507E-07 2.5271E-07 3.1477E-07 3.7298E-07 4.0092E-07 1.3246E-06 1.0145E-06 7.0174E-07 5.3461E-07 3.5887E-07 2.9540E-07 2.3705E-07 1.6127E-07 1.2328E-07 9.2498E-08 5.5474E-08 3.9472E-08 2.8258E-08 1.2468E-08 7.9983E-09 4.8691E-09 3.3308E-09 2.1218E-09 1.3821E-09 1.0034E-09 8.3790E-10 6.5462E-10 5.8138E-10 4.9008E-10 4.1587E-10 3.0323E-10 2.5776E-10 2.1825E-10 1.4338E-10 8.5641E-11 5.6452E-11 2.2612E-11 0.0000E+00
8.2843E-09 8.5120E-09 8.8086E-09 9.0237E-09 9.3412E-09 9.7229E-09 1.0171E-08 1.0734E-08 1.1164E-08 1.1597E-08 1.2157E-08 1.3156E-08 1.4686E-08 1.7830E-08 2.3168E-08 3.1468E-08 4.5594E-08 7.4825E-08 1.0848E-07 1.4248E-07 1.8388E-07 2.2771E-07 2.7087E-07 2.9564E-07 5.0553E-07 7.6191E-07 5.9742E-07 3.8547E-07 2.9816E-07 2.3989E-07 1.9267E-07 1.2951E-07 1.0026E-07 6.1678E-08 4.5081E-08 3.2605E-08 2.3818E-08 9.8672E-09 6.2445E-09 4.0281E-09 2.6643E-09 1.7748E-09 1.0782E-09 9.1217E-10 7.0703E-10 6.1670E-10 5.5549E-10 4.6502E-10 4.0375E-10 2.8999E-10 2.4493E-10 1.9558E-10 1.2747E-10 8.2693E-11 4.9719E-11 2.0555E-11 0.0000E+00
7.6913E-09 7.9039E-09 8.0994E-09 8.3712E-09 8.5564E-09 8.8523E-09 9.2101E-09 9.4584E-09 9.8707E-09 1.0179E-08 1.0521E-08 1.1539E-08 1.2649E-08 1.4651E-08 1.8076E-08 2.4218E-08 3.5372E-08 5.4386E-08 7.6006E-08 9.8622E-08 1.2542E-07 1.5650E-07 1.8574E-07 2.0425E-07 2.0475E-07 4.3681E-07 3.9257E-07 3.1229E-07 2.4273E-07 1.9019E-07 1.2848E-07 1.0135E-07 7.9726E-08 4.8097E-08 3.5759E-08 2.6505E-08 1.1481E-08 7.5873E-09 4.7156E-09 3.2892E-09 2.0912E-09 1.4347E-09 1.0007E-09 8.2945E-10 6.6093E-10 5.8826E-10 4.9536E-10 4.2267E-10 3.3594E-10 2.7718E-10 2.3018E-10 1.8848E-10 1.0909E-10 7.8945E-11 4.3315E-11 1.9958E-11 0.0000E+00
7.1011E-09 7.3044E-09 7.4849E-09 7.6471E-09 7.8901E-09 8.0434E-09 8.3112E-09 8.4736E-09 8.6417E-09 8.9837E-09 9.2231E-09 9.8401E-09 1.0830E-08 1.1976E-08 1.4151E-08 1.8261E-08 2.6702E-08 3.9916E-08 4.8856E-08 6.4427E-08 8.2493E-08 1.0113E-07 1.2031E-07 1.3391E-07 1.3583E-07 2.3291E-07 2.6764E-07 2.3649E-07 1.9131E-07 1.2461E-07 9.9065E-08 7.8218E-08 4.7912E-08 3.6856E-08 2.7950E-08 2.1264E-08 8.4400E-09 5.6245E-09 3.6908E-09 2.4082E-09 1.7035E-09 1.1019E-09 8.8943E-10 6.8985E-10 6.3422E-10 5.6566E-10 4.6994E-10 4.0869E-10 2.9542E-10 2.5008E-10 2.0145E-10 1.4219E-10 8.4183E-11 5.5734E-11 2.2504E-11 0.0000E+00 0.0000E+00
6.5502E-09 6.7070E-09 6.8844E-09 7.0318E-09 7.1617E-09 7.3724E-09 7.4810E-09 7.5876E-09 7.7007E-09 7.9634E-09 8.2593E-09 8.4329E-09 9.0829E-09 9.9870E-09 1.1261E-08 1.4182E-08 2.0370E-08 2.5520E-08 3.2151E-08 4.1549E-08 5.1417E-08 6.3571E-08 7.5002E-08 8.3678E-08 8.5882E-08 8.3437E-08 1.6050E-07 1.4813E-07 1.2117E-07 9.6331E-08 7.6064E-08 4.5668E-08 3.5563E-08 2.7740E-08 2.1787E-08 8.7469E-09 6.0689E-09 3.9622E-09 2.7106E-09 1.8668E-09 1.3515E-09 9.5885E-10 7.3681E-10 6.5951E-10 5.8863E-10 4.8963E-10 4.4064E-10 3.6469E-10 2.8076E-10 2.3501E-10 1.9249E-10 1.1185E-10 8.1000E-11 4.7540E-11 2.0073E-11 0.0000E+00 0.0000E+00
5.9860E-09 6.1593E-09 6.3062E-09 6.4396E-09 6.5577E-09 6.6603E-09 6.7462E-09 6.8194E-09 6.9957E-09 7.0649E-09 7.2724E-09 7.4786E-09 7.5734E-09 8.1469E-09 9.0994E-09 1.0170E-08 1.4312E-08 1.7364E-08 1.9657E-08 2.5137E-08 3.2046E-08 3.8874E-08 4.5322E-08 5.0440E-08 5.2271E-08 5.1106E-08 7.9086E-08 9.7457E-08 8.8708E-08 7.2348E-08 4.2548E-08 3.3643E-08 2.6131E-08 2.0865E-08 1.6896E-08 6.1040E-09 4.0388E-09 2.8334E-09 1.9676E-09 1.4352E-09 9.9417E-10 7.7397E-10 6.8320E-10 6.3031E-10 5.5731E-10 4.7044E-10 4.0991E-10 3.0902E-10 2.4981E-10 2.2014E-10 1.5547E-10 8.5293E-11 5.7375E-11 2.3659E-11 1.9827E-11 0.0000E+00 0.0000E+00
5.4762E-09 5.6033E-09 5.7125E-09 5.8783E-09 5.9862E-09 6.0781E-09 6.1524E-09 6.2105E-09 6.2490E-09 6.3799E-09 6.4056E-09 6.5227E-09 6.6085E-09 6.5280E-09 7.2560E-09 8.3790E-09 9.9711E-09 1.0396E-08 1.2214E-08 1.4652E-08 1.7779E-08 1.9645E-08 2.2401E-08 2.4755E-08 2.6237E-08 2.4411E-08 2.3560E-08 5.0277E-08 5.7282E-08 3.6083E-08 2.9429E-08 2.4063E-08 1.9227E-08 1.5826E-08 5.5351E-09 3.9155E-09 2.8441E-09 1.9886E-09 1.4824E-09 1.0254E-09 8.2068E-10 7.2439E-10 6.5070E-10 5.8148E-10 5.1331E-10 4.5260E-10 3.8001E-10 2.8101E-10 2.3644E-10 1.9376E-10 1.2386E-10 8.1764E-11 5.0582E-11 2.1028E-11 0.0000E+00 0.0000E+00 0.0000E+00
5.0040E-09 5.1065E-09 5.2169E-09 5.3050E-09 5.4015E-09 5.5297E-09 5.5934E-09 5.6388E-09 5.6638E-09 5.6696E-09 5.7486E-09 5.6910E-09 5.5115E-09 5.6982E-09 5.8355E-09 6.1169E-09 6.6228E-09 7.3032E-09 8.4218E-09 9.6546E-09 1.0866E-08 1.2280E-08 1.3618E-08 1.4674E-08 1.5353E-08 1.5272E-08 1.4743E-08 1.3842E-08 2.2697E-08 2.3754E-08 2.1690E-08 1.8538E-08 1.5364E-08 4.9424E-09 3.4477E-09 2.6931E-09 1.9112E-09 1.4971E-09 1.0776E-09 8.3602E-10 7.5665E-10 6.8316E-10 6.1983E-10 5.4023E-10 4.6660E-10 4.0741E-10 3.0510E-10 2.6097E-10 2.2134E-10 1.8390E-10 8.5604E-11 5.7822E-11 2.3940E-11 1.9865E-11 0.0000E+00 0.0000E+00 0.0000E+00
4.5240E-09 4.6255E-09 4.7417E-09 4.8338E-09 4.9120E-09 4.9730E-09 5.0177E-09 5.0426E-09 5.1225E-09 5.1187E-09 4.9021E-09 4.9209E-09 4.8562E-09 4.7577E-09 4.7799E-09 4.7475E-09 5.2921E-09 5.6591E-09 6.0945E-09 6.7997E-09 7.4326E-09 8.1047E-09 7.1047E-09 7.5779E-09 7.8239E-09 6.5545E-09 7.7953E-09 7.4420E-09 1.0778E-08 1.4014E-08 1.3998E-08 4.0585E-09 3.3050E-09 2.7422E-09 1.8283E-09 1.5653E-09 1.3048E-09 1.0501E-09 8.5814E-10 7.8554E-10 7.0452E-10 6.3532E-10 5.5678E-10 5.0644E-10 4.4758E-10 3.7425E-10 2.7259E-10 2.3490E-10 1.9335E-10 1.3360E-10 8.1164E-11 5.1248E-11 2.1446E-11 0.0000E+00 0.0000E+00 0.0000E+00 0.0000E+00
4.1218E-09 4.2007E-09 4.2851E-09 4.3552E-09 4.4065E-09 4.5093E-09 4.5475E-09 4.5677E-09 4.5687E-09 4.4869E-09 4.4450E-09 4.3783E-09 4.2824E-09 4.2233E-09 4.2373E-09 4.2257E-09 4.1526E-09 4.1583E-09 4.2010E-09 4.2275E-09 4.3614E-09 4.1274E-09 4.0975E-09 4.0658E-09 3.9674E-09 3.8370E-09 3.6728E-09 3.4622E-09 3.2124E-09 2.9371E-09 2.5860E-09 2.2118E-09 1.9083E-09 1.6942E-09 1.4365E-09 1.2728E-09 9.7719E-10 8.7062E-10 8.0393E-10 7.1784E-10 6.4852E-10 5.9177E-10 5.3001E-10 4.5873E-10 4.0144E-10 2.9808E-10 2.5662E-10 2.1884E-10 1.8137E-10 8.4917E-11 5.7203E-11 2.4159E-11 1.9850E-11 0.0000E+00 0.0000E+00 0.0000E+00 0.0000E+00
3.7450E-09 3.8206E-09 3.8935E-09 3.9477E-09 4.0001E-09 4.0330E-09 4.0643E-09 4.0786E-09 4.0835E-09 4.0689E-09 3.8868E-09 3.8378E-09 3.7751E-09 3.7610E-09 3.6854E-09 3.7542E-09 3.6745E-09 3.6011E-09 3.5262E-09 3.4107E-09 3.3489E-09 3.2649E-09 3.2629E-09 3.1647E-09 3.0719E-09 2.9505E-09 2.8037E-09 2.5660E-09 2.3426E-09 2.1138E-09 1.9042E-09 1.6743E-09 1.5210E-09 1.3709E-09 1.1190E-09 9.5447E-10 8.8407E-10 8.1359E-10 7.5376E-10 6.7874E-10 6.0375E-10 5.4054E-10 4.8978E-10 4.3900E-10 3.4799E-10 2.6667E-10 2.2975E-10 1.9090E-10 1.3223E-10 7.8720E-11 5.0126E-11 2.1139E-11 0.0000E+00 0.0000E+00 0.0000E+00 0.0000E+00 0.0000E+00
3.3888E-09 3.4649E-09 3.5229E-09 3.5797E-09 3.6170E-09 3.6546E-09 3.6313E-09 3.6516E-09 3.6493E-09 3.5796E-09 3.5513E-09 3.5089E-09 3.4531E-09 3.3874E-09 3.3595E-09 3.2812E-09 3.2453E-09 3.2232E-09 3.1236E-09 3.0101E-09 2.8833E-09 2.7451E-09 2.6050E-09 2.4647E-09 2.3365E-09 2.2493E-09 2.1317E-09 1.9867E-09 1.8530E-09 1.7184E-09 1.5128E-09 1.3503E-09 1.1512E-09 1.0387E-09 9.6499E-10 8.8822E-10 8.2534E-10 7.6629E-10 6.8307E-10 6.1212E-10 5.6385E-10 5.1587E-10 4.4738E-10 3.8658E-10 2.8835E-10 2.5220E-10 2.1366E-10 1.4710E-10 8.3116E-11 5.5220E-11 2.3562E-11 0.0000E+00 0.0000E+00 0.0000E+00 0.0000E+00 0.0000E+00 0.0000E+00
3.0685E-09 3.1281E-09 3.1896E-09 3.2320E-09 3.2425E-09 3.2688E-09 3.2965E-09 3.2687E-09 3.2715E-09 3.2618E-09 3.2389E-09 3.2028E-09 3.1541E-09 3.0961E-09 3.0299E-09 2.9582E-09 2.8977E-09 2.8217E-09 2.7257E-09 2.6879E-09 2.5935E-09 2.4488E-09 2.3175E-09 2.1949E-09 2.0663E-09 1.9246E-09 1.7703E-09 1.6559E-09 1.4912E-09 1.3507E-09 1.2036E-09 1.1180E-09 1.0427E-09 9.6381E-10 8.9483E-10 8.2788E-10 7.7038E-10 7.0175E-10 6.3011E-10 5.7634E-10 5.2312E-10 4.6919E-10 4.0862E-10 3.3383E-10 2.5760E-10 2.2156E-10 1.8102E-10 1.1679E-10 7.7507E-11 4.7493E-11 1.9989E-11 0.0000E+00 0.0000E+00 0.0000E+00 0.0000E+00 0.0000E+00 0.0000E+00
2.7616E-09 2.8268E-09 2.8463E-09 2.8977E-09 2.9302E-09 2.9295E-09 2.9555E-09 2.9656E-09 2.9742E-09 2.9675E-09 2.9493E-09 2.9193E-09 2.8773E-09 2.8271E-09 2.7693E-09 2.7035E-09 2.6298E-09 2.5459E-09 2.4530E-09 2.3510E-09 2.2278E-09 2.1367E-09 1.9854E-09 1.8685E-09 1.7530E-09 1.6250E-09 1.5068E-09 1.3906E-09 1.2829E-09 1.1838E-09 1.1141E-09 1.0348E-09 9.5903E-10 8.9264E-10 8.3280E-10 7.6647E-10 7.1087E-10 6.3682E-10 5.8147E-10 5.4312E-10 4.8709E-10 4.2810E-10 3.6950E-10 2.7645E-10 2.4254E-10 2.0327E-10 1.4464E-10 7.9014E-11 5.1629E-11 2.2696E-11 0.0000E+00 0.0000E+00 0.0000E+00 0.0000E+00 0.0000E+00 0.0000E+00 0.0000E+00
2.4959E-09 2.5281E-09 2.5754E-09 2.6217E-09 2.6267E-09 2.6601E-09 2.6784E-09 2.6943E-09 2.6951E-09 2.6963E-09 2.6821E-09 2.6575E-09 2.6221E-09 2.5792E-09 2.5296E-09 2.4724E-09 2.4079E-09 2.3338E-09 2.2443E-09 2.1467E-09 2.0333E-09 1.8865E-09 1.7810E-09 1.6747E-09 1.5562E-09 1.4572E-09 1.3675E-09 1.2651E-09 1.1798E-09 1.0790E-09 1.0059E-09 9.4121E-10 8.8207E-10 8.1832E-10 7.6649E-10 7.1729E-10 6.3913E-10 5.9872E-10 5.5238E-10 5.0302E-10 4.3034E-10 3.8920E-10 3.2065E-10 2.4781E-10 2.1071E-10 1.7478E-10 9.2432E-11 5.4251E-11 2.4708E-11 0.0000E+00 0.0000E+00 0.0000E+00 0.0000E+00 0.0000E+00 0.0000E+00 0.0000E+00 0.0000E+00
2.2335E-09 2.2759E-09 2.3017E-09 2.3419E-09 2.3811E-09 2.4067E-09 2.4311E-09 2.4392E-09 2.4476E-09 2.4411E-09 2.4367E-09 2.4169E-09 2.3874E-09 2.3514E-09 2.3095E-09 2.2605E-09 2.1986E-09 2.1346E-09 2.0546E-09 1.9584E-09 1.8499E-09 1.7291E-09 1.6319E-09 1.4946E-09 1.3939E-09 1.3121E-09 1.2330E-09 1.1384E-09 1.0629E-09 9.9313E-10 9.3172E-10 8.7555E-10 8.1980E-10 7.6425E-10 7.0827E-10 6.5955E-10 6.0022E-10 5.5448E-10 5.0579E-10 4.4884E-10 4.0595E-10 3.2436E-10 2.5192E-10 2.1565E-10 1.9269E-10 1.3758E-10 7.5644E-11 4.7774E-11 2.0203E-11 0.0000E+00 0.0000E+00 0.0000E+00 0.0000E+00 0.0000E+00 0.0000E+00 0.0000E+00 0.0000E+00
2.0070E-09 2.0361E-09 2.0714E-09 2.1186E-09 2.1498E-09 2.1813E-09 2.1979E-09 2.2135E-09 2.2142E-09 2.2170E-09 2.2122E-09 2.1966E-09 2.1724E-09 2.1363E-09 2.1021E-09 2.0613E-09 2.0142E-09 1.9594E-09 1.8669E-09 1.7892E-09 1.6973E-09 1.5833E-09 1.4554E-09 1.3622E-09 1.2786E-09 1.2049E-09 1.1245E-09 1.0438E-09 9.8324E-10 9.1444E-10 8.5467E-10 8.0295E-10 7.5091E-10 7.0626E-10 6.6473E-10 6.0565E-10 5.5529E-10 5.2148E-10 4.5694E-10 4.0861E-10 3.4147E-10 2.6847E-10 2.3221E-10 1.9691E-10 1.4070E-10 7.7666E-11 4.9895E-11 2.2332E-11 0.0000E+00 0.0000E+00 0.0000E+00 0.0000E+00 0.0000E+00 0.0000E+00 0.0000E+00 0.0000E+00 0.0000E+00
1.7902E-09 1.8275E-09 1.8736E-09 1.9044E-09 1.9448E-09 1.9684E-09 1.9922E-09 1.9995E-09 2.0039E-09 2.0055E-09 1.9976E-09 1.9898E-09 1.9708E-09 1.9472E-09 1.9193E-09 1.8793E-09 1.8401E-09 1.7789E-09 1.7095E-09 1.6327E-09 1.5503E-09 1.4428E-09 1.3260E-09 1.2241E-09 1.1571E-09 1.0830E-09 1.0079E-09 9.5256E-10 9.0143E-10 8.4427E-10 7.9483E-10 7.5011E-10 7.0807E-10 6.6232E-10 6.0437E-10 5.5489E-10 5.1786E-10 4.6988E-10 4.1013E-10 3.7407E-10 3.1089E-10 2.3241E-10 2.0015E-10 1.5650E-10 9.0964E-11 5.1061E-11 2.3438E-11 0.0000E+00 0.0000E+00 0.0000E+00 0.0000E+00 0.0000E+00 0.0000E+00 0.0000E+00 0.0000E+00 0.0000E+00 0.0000E+00
