Assets/Resources/2015_m01_d11_1100(utc+0800)_l00_csi_1hr_conc.grd
DSAA
         159         159
     -79.000      79.000
     -79.000      79.000
  0.0000E+00  0.1337E-05
[rows 0 to 24 of 159, columns 57 to 113 of 159]
1.5118E-09 1.4783E-09 1.4625E-09 1.4403E-09 1.4206E-09 1.4098E-09 1.3948E-09 1.3839E-09 1.3735E-09 1.3560E-09 1.3463E-09 1.3351E-09 1.3177E-09 1.3087E-09 1.2933E-09 1.2758E-09 1.2628E-09 1.2441E-09 1.2278E-09 1.2101E-09 1.1896E-09 1.1675E-09 1.1431E-09 1.1165E-09 1.0869E-09 1.0580E-09 1.0305E-09 1.0025E-09 9.7379E-10 9.4479E-10 9.1523E-10 8.8546E-10 8.5509E-10 8.2482E-10 7.9695E-10 7.6928E-10 7.4202E-10 7.1343E-10 6.8825E-10 6.6361E-10 6.3789E-10 6.1483E-10 5.9157E-10 5.6887E-10 5.4772E-10 5.2607E-10 5.0515E-10 4.8544E-10 4.6470E-10 4.4576E-10 4.2659E-10 4.0780E-10 3.9110E-10 3.7357E-10 3.5687E-10 3.4165E-10 3.2545E-10
1.8224E-09 1.7824E-09 1.7372E-09 1.7129E-09 1.6774E-09 1.6502E-09 1.6328E-09 1.6094E-09 1.5914E-09 1.5735E-09 1.5499E-09 1.5345E-09 1.5167E-09 1.4930E-09 1.4771E-09 1.4570E-09 1.4347E-09 1.4158E-09 1.3923E-09 1.3705E-09 1.3479E-09 1.3221E-09 1.2942E-09 1.2649E-09 1.2328E-09 1.1983E-09 1.1643E-09 1.1326E-09 1.1000E-09 1.0670E-09 1.0340E-09 1.0002E-09 9.6663E-10 9.3284E-10 8.9913E-10 8.6760E-10 8.3696E-10 8.0662E-10 7.7585E-10 7.4768E-10 7.1952E-10 6.9153E-10 6.6604E-10 6.4001E-10 6.1468E-10 5.9120E-10 5.6749E-10 5.4457E-10 5.2286E-10 5.0036E-10 4.7971E-10 4.5883E-10 4.3862E-10 4.2014E-10 4.0113E-10 3.8311E-10 3.6625E-10
2.1974E-09 2.1347E-09 2.0795E-09 2.0176E-09 1.9826E-09 1.9337E-09 1.8987E-09 1.8717E-09 1.8389E-09 1.8130E-09 1.7872E-09 1.7578E-09 1.7345E-09 1.7090E-09 1.6793E-09 1.6566E-09 1.6302E-09 1.6015E-09 1.5771E-09 1.5475E-09 1.5201E-09 1.4904E-09 1.4590E-09 1.4252E-09 1.3899E-09 1.3528E-09 1.3133E-09 1.2739E-09 1.2373E-09 1.1999E-09 1.1626E-09 1.1247E-09 1.0872E-09 1.0497E-09 1.0125E-09 9.7536E-10 9.4087E-10 9.0669E-10 8.7260E-10 8.3891E-10 8.0774E-10 7.7646E-10 7.4596E-10 7.1749E-10 6.8909E-10 6.6171E-10 6.3581E-10 6.0990E-10 5.8495E-10 5.6106E-10 5.3679E-10 5.1412E-10 4.9163E-10 4.6975E-10 4.4948E-10 4.2888E-10 4.0949E-10
2.6558E-09 2.5506E-09 2.4722E-09 2.3984E-09 2.3220E-09 2.2684E-09 2.2113E-09 2.1638E-09 2.1261E-09 2.0826E-09 2.0479E-09 2.0146E-09 1.9754E-09 1.9443E-09 1.9112E-09 1.8756E-09 1.8449E-09 1.8117E-09 1.7757E-09 1.7443E-09 1.7080E-09 1.6735E-09 1.6375E-09 1.5993E-09 1.5596E-09 1.5182E-09 1.4758E-09 1.4311E-09 1.3866E-09 1.3446E-09 1.3027E-09 1.2603E-09 1.2179E-09 1.1761E-09 1.1348E-09 1.0939E-09 1.0529E-09 1.0147E-09 9.7687E-10 9.3943E-10 9.0282E-10 8.6825E-10 8.3417E-10 8.0120E-10 7.6988E-10 7.3903E-10 7.0941E-10 6.8113E-10 6.5290E-10 6.2599E-10 5.9978E-10 5.7372E-10 5.4881E-10 5.2468E-10 5.0100E-10 4.7888E-10 4.5673E-10
3.2081E-09 3.0617E-09 2.9310E-09 2.8315E-09 2.7355E-09 2.6425E-09 2.5716E-09 2.5024E-09 2.4387E-09 2.3889E-09 2.3362E-09 2.2913E-09 2.2495E-09 2.1997E-09 2.1629E-09 2.1224E-09 2.0774E-09 2.0403E-09 1.9987E-09 1.9547E-09 1.9151E-09 1.8718E-09 1.8301E-09 1.7875E-09 1.7428E-09 1.6963E-09 1.6489E-09 1.6007E-09 1.5514E-09 1.5011E-09 1.4542E-09 1.4071E-09 1.3598E-09 1.3130E-09 1.2667E-09 1.2209E-09 1.1755E-09 1.1313E-09 1.0891E-09 1.0476E-09 1.0068E-09 9.6725E-10 9.2960E-10 8.9269E-10 8.5707E-10 8.2304E-10 7.8951E-10 7.5749E-10 7.2659E-10 6.9595E-10 6.6682E-10 6.3836E-10 6.1034E-10 5.8333E-10 5.5738E-10 5.3198E-10 5.0791E-10
3.8391E-09 3.6618E-09 3.4841E-09 3.3266E-09 3.2013E-09 3.0837E-09 2.9723E-09 2.8860E-09 2.7995E-09 2.7223E-09 2.6604E-09 2.5975E-09 2.5400E-09 2.4878E-09 2.4327E-09 2.3847E-09 2.3360E-09 2.2835E-09 2.2397E-09 2.1889E-09 2.1369E-09 2.0898E-09 2.0383E-09 1.9895E-09 1.9395E-09 1.8880E-09 1.8348E-09 1.7813E-09 1.7273E-09 1.6727E-09 1.6172E-09 1.5647E-09 1.5123E-09 1.4600E-09 1.4085E-09 1.3575E-09 1.3074E-09 1.2578E-09 1.2099E-09 1.1638E-09 1.1189E-09 1.0747E-09 1.0321E-09 9.9131E-10 9.5126E-10 9.1299E-10 8.7617E-10 8.3992E-10 8.0553E-10 7.7195E-10 7.3905E-10 7.0757E-10 6.7685E-10 6.4681E-10 6.1774E-10 5.8991E-10 5.6270E-10
4.5619E-09 4.3373E-09 4.1223E-09 3.9107E-09 3.7269E-09 3.5751E-09 3.4378E-09 3.3077E-09 3.2051E-09 3.1026E-09 3.0123E-09 2.9371E-09 2.8623E-09 2.7962E-09 2.7335E-09 2.6674E-09 2.6119E-09 2.5540E-09 2.4923E-09 2.4390E-09 2.3805E-09 2.3199E-09 2.2655E-09 2.2061E-09 2.1498E-09 2.0931E-09 2.0340E-09 1.9746E-09 1.9148E-09 1.8545E-09 1.7938E-09 1.7333E-09 1.6752E-09 1.6174E-09 1.5602E-09 1.5039E-09 1.4483E-09 1.3938E-09 1.3402E-09 1.2886E-09 1.2387E-09 1.1901E-09 1.1423E-09 1.0968E-09 1.0529E-09 1.0097E-09 9.6892E-10 9.2918E-10 8.9035E-10 8.5335E-10 8.1720E-10 7.8191E-10 7.4817E-10 7.1500E-10 6.8303E-10 6.5184E-10 6.2218E-10
5.3840E-09 5.1085E-09 4.8392E-09 4.5888E-09 4.3453E-09 4.1312E-09 3.9555E-09 3.7941E-09 3.6449E-09 3.5273E-09 3.4076E-09 3.3035E-09 3.2178E-09 3.1297E-09 3.0525E-09 2.9812E-09 2.9044E-09 2.8391E-09 2.7730E-09 2.7006E-09 2.6378E-09 2.5726E-09 2.5029E-09 2.4405E-09 2.3742E-09 2.3106E-09 2.2461E-09 2.1805E-09 2.1141E-09 2.0476E-09 1.9814E-09 1.9147E-09 1.8488E-09 1.7851E-09 1.7220E-09 1.6598E-09 1.5987E-09 1.5385E-09 1.4797E-09 1.4219E-09 1.3667E-09 1.3131E-09 1.2608E-09 1.2098E-09 1.1613E-09 1.1140E-09 1.0681E-09 1.0245E-09 9.8177E-10 9.4041E-10 9.0070E-10 8.6196E-10 8.2434E-10 7.8823E-10 7.5276E-10 7.1872E-10 6.8558E-10
6.3026E-09 5.9671E-09 5.6483E-09 5.3425E-09 5.0509E-09 4.7729E-09 4.5318E-09 4.3323E-09 4.1490E-09 3.9792E-09 3.8437E-09 3.7121E-09 3.5932E-09 3.4944E-09 3.3965E-09 3.3082E-09 3.2259E-09 3.1405E-09 3.0635E-09 2.9880E-09 2.9069E-09 2.8349E-09 2.7613E-09 2.6850E-09 2.6149E-09 2.5418E-09 2.4699E-09 2.3980E-09 2.3253E-09 2.2523E-09 2.1793E-09 2.1066E-09 2.0343E-09 1.9630E-09 1.8936E-09 1.8253E-09 1.7582E-09 1.6921E-09 1.6276E-09 1.5645E-09 1.5029E-09 1.4440E-09 1.3866E-09 1.3308E-09 1.2767E-09 1.2250E-09 1.1746E-09 1.1260E-09 1.0792E-09 1.0337E-09 9.8976E-10 9.4739E-10 9.0596E-10 8.6618E-10 8.2752E-10 7.8995E-10 7.5364E-10
7.3429E-09 6.9274E-09 6.5368E-09 6.1695E-09 5.8272E-09 5.5036E-09 5.1910E-09 4.9212E-09 4.6947E-09 4.4966E-09 4.3057E-09 4.1547E-09 4.0116E-09 3.8784E-09 3.7675E-09 3.6594E-09 3.5592E-09 3.4658E-09 3.3710E-09 3.2833E-09 3.1982E-09 3.1101E-09 3.0295E-09 2.9479E-09 2.8650E-09 2.7865E-09 2.7058E-09 2.6265E-09 2.5473E-09 2.4674E-09 2.3879E-09 2.3088E-09 2.2298E-09 2.1512E-09 2.0748E-09 2.0001E-09 1.9267E-09 1.8546E-09 1.7840E-09 1.7152E-09 1.6478E-09 1.5827E-09 1.5201E-09 1.4590E-09 1.3997E-09 1.3427E-09 1.2876E-09 1.2341E-09 1.1828E-09 1.1330E-09 1.0846E-09 1.0382E-09 9.9304E-10 9.4919E-10 9.0702E-10 8.6600E-10 8.2624E-10
8.5045E-09 8.0000E-09 7.5236E-09 7.0788E-09 6.6638E-09 6.2807E-09 5.9275E-09 5.5895E-09 5.2910E-09 5.0423E-09 4.8251E-09 4.6202E-09 4.4543E-09 4.2979E-09 4.1543E-09 4.0315E-09 3.9125E-09 3.8019E-09 3.6979E-09 3.5936E-09 3.4979E-09 3.4034E-09 3.3087E-09 3.2200E-09 3.1300E-09 3.0406E-09 2.9542E-09 2.8658E-09 2.7792E-09 2.6927E-09 2.6064E-09 2.5201E-09 2.4344E-09 2.3494E-09 2.2653E-09 2.1839E-09 2.1041E-09 2.0257E-09 1.9489E-09 1.8739E-09 1.8007E-09 1.7294E-09 1.6609E-09 1.5944E-09 1.5298E-09 1.4672E-09 1.4071E-09 1.3488E-09 1.2924E-09 1.2382E-09 1.1854E-09 1.1344E-09 1.0853E-09 1.0375E-09 9.9131E-10 9.4670E-10 9.0333E-10
9.7846E-09 9.1830E-09 8.6107E-09 8.0739E-09 7.5782E-09 7.1187E-09 6.6963E-09 6.3120E-09 5.9531E-09 5.6358E-09 5.3664E-09 5.1338E-09 4.9176E-09 4.7372E-09 4.5696E-09 4.4171E-09 4.2823E-09 4.1538E-09 4.0336E-09 3.9201E-09 3.8088E-09 3.7049E-09 3.6021E-09 3.5011E-09 3.4044E-09 3.3066E-09 3.2107E-09 3.1161E-09 3.0205E-09 2.9270E-09 2.8335E-09 2.7403E-09 2.6477E-09 2.5560E-09 2.4651E-09 2.3761E-09 2.2897E-09 2.2048E-09 2.1215E-09 2.0403E-09 1.9610E-09 1.8838E-09 1.8089E-09 1.7368E-09 1.6666E-09 1.5987E-09 1.5330E-09 1.4697E-09 1.4083E-09 1.3490E-09 1.2919E-09 1.2362E-09 1.1827E-09 1.1309E-09 1.0806E-09 1.0320E-09 9.8500E-10
1.1180E-08 1.0466E-08 9.7896E-09 9.1537E-09 8.5607E-09 8.0187E-09 7.5200E-09 7.0661E-09 6.6542E-09 6.2762E-09 5.9483E-09 5.6628E-09 5.4179E-09 5.1930E-09 5.0008E-09 4.8225E-09 4.6636E-09 4.5183E-09 4.3811E-09 4.2541E-09 4.1327E-09 4.0146E-09 3.9035E-09 3.7932E-09 3.6858E-09 3.5813E-09 3.4762E-09 3.3734E-09 3.2714E-09 3.1691E-09 3.0686E-09 2.9684E-09 2.8689E-09 2.7703E-09 2.6727E-09 2.5765E-09 2.4828E-09 2.3913E-09 2.3016E-09 2.2140E-09 2.1284E-09 2.0451E-09 1.9639E-09 1.8857E-09 1.8100E-09 1.7365E-09 1.6652E-09 1.5965E-09 1.5301E-09 1.4657E-09 1.4036E-09 1.3435E-09 1.2853E-09 1.2292E-09 1.1748E-09 1.1220E-09 1.0711E-09
1.2668E-08 1.1841E-08 1.1049E-08 1.0306E-08 9.6113E-09 8.9712E-09 8.3883E-09 7.8594E-09 7.3797E-09 6.9482E-09 6.5587E-09 6.2200E-09 5.9285E-09 5.6724E-09 5.4422E-09 5.2413E-09 5.0552E-09 4.8910E-09 4.7391E-09 4.5946E-09 4.4616E-09 4.3335E-09 4.2103E-09 4.0920E-09 3.9749E-09 3.8617E-09 3.7493E-09 3.6376E-09 3.5280E-09 3.4187E-09 3.3104E-09 3.2034E-09 3.0969E-09 2.9914E-09 2.8870E-09 2.7840E-09 2.6830E-09 2.5846E-09 2.4883E-09 2.3942E-09 2.3023E-09 2.2126E-09 2.1256E-09 2.0410E-09 1.9594E-09 1.8803E-09 1.8034E-09 1.7290E-09 1.6575E-09 1.5879E-09 1.5209E-09 1.4560E-09 1.3931E-09 1.3324E-09 1.2737E-09 1.2166E-09 1.1617E-09
1.4240E-08 1.3284E-08 1.2372E-08 1.1511E-08 1.0710E-08 9.9698E-09 9.2911E-09 8.6801E-09 8.1289E-09 7.6332E-09 7.1911E-09 6.7955E-09 6.4534E-09 6.1591E-09 5.8960E-09 5.6640E-09 5.4569E-09 5.2685E-09 5.0999E-09 4.9423E-09 4.7948E-09 4.6559E-09 4.5216E-09 4.3942E-09 4.2691E-09 4.1463E-09 4.0268E-09 3.9075E-09 3.7896E-09 3.6736E-09 3.5578E-09 3.4438E-09 3.3306E-09 3.2183E-09 3.1070E-09 2.9973E-09 2.8893E-09 2.7839E-09 2.6810E-09 2.5803E-09 2.4821E-09 2.3862E-09 2.2929E-09 2.2021E-09 2.1144E-09 2.0295E-09 1.9471E-09 1.8671E-09 1.7900E-09 1.7154E-09 1.6431E-09 1.5734E-09 1.5058E-09 1.4402E-09 1.3771E-09 1.3158E-09 1.2564E-09
1.5854E-08 1.4772E-08 1.3733E-08 1.2754E-08 1.1836E-08 1.0989E-08 1.0219E-08 9.5165E-09 8.8892E-09 8.3268E-09 7.8256E-09 7.3791E-09 6.9877E-09 6.6475E-09 6.3531E-09 6.0893E-09 5.8577E-09 5.6490E-09 5.4614E-09 5.2903E-09 5.1297E-09 4.9795E-09 4.8362E-09 4.6973E-09 4.5650E-09 4.4343E-09 4.3066E-09 4.1805E-09 4.0549E-09 3.9318E-09 3.8095E-09 3.6881E-09 3.5683E-09 3.4494E-09 3.3315E-09 3.2151E-09 3.1006E-09 2.9883E-09 2.8787E-09 2.7716E-09 2.6670E-09 2.5648E-09 2.4653E-09 2.3685E-09 2.2745E-09 2.1838E-09 2.0957E-09 2.0101E-09 1.9275E-09 1.8477E-09 1.7702E-09 1.6954E-09 1.6230E-09 1.5527E-09 1.4849E-09 1.4192E-09 1.3554E-09
1.7491E-08 1.6267E-08 1.5105E-08 1.3997E-08 1.2971E-08 1.2015E-08 1.1144E-08 1.0356E-08 9.6465E-09 9.0153E-09 8.4536E-09 7.9567E-09 7.5162E-09 7.1361E-09 6.8028E-09 6.5130E-09 6.2545E-09 6.0263E-09 5.8203E-09 5.6346E-09 5.4627E-09 5.3007E-09 5.1482E-09 5.0009E-09 4.8598E-09 4.7221E-09 4.5866E-09 4.4542E-09 4.3221E-09 4.1916E-09 4.0631E-09 3.9350E-09 3.8086E-09 3.6834E-09 3.5591E-09 3.4364E-09 3.3154E-09 3.1965E-09 3.0803E-09 2.9670E-09 2.8561E-09 2.7477E-09 2.6421E-09 2.5393E-09 2.4393E-09 2.3426E-09 2.2489E-09 2.1577E-09 2.0695E-09 1.9844E-09 1.9017E-09 1.8217E-09 1.7444E-09 1.6694E-09 1.5968E-09 1.5267E-09 1.4584E-09
1.9096E-08 1.7745E-08 1.6446E-08 1.5223E-08 1.4073E-08 1.3017E-08 1.2049E-08 1.1174E-08 1.0386E-08 9.6864E-09 9.0646E-09 8.5153E-09 8.0312E-09 7.6089E-09 7.2420E-09 6.9234E-09 6.6426E-09 6.3947E-09 6.1728E-09 5.9716E-09 5.7887E-09 5.6167E-09 5.4553E-09 5.3009E-09 5.1514E-09 5.0072E-09 4.8650E-09 4.7259E-09 4.5883E-09 4.4514E-09 4.3167E-09 4.1828E-09 4.0499E-09 3.9187E-09 3.7884E-09 3.6595E-09 3.5325E-09 3.4075E-09 3.2848E-09 3.1653E-09 3.0484E-09 2.9340E-09 2.8224E-09 2.7137E-09 2.6078E-09 2.5052E-09 2.4058E-09 2.3092E-09 2.2155E-09 2.1249E-09 2.0371E-09 1.9520E-09 1.8697E-09 1.7899E-09 1.7125E-09 1.6379E-09 1.5653E-09
2.0632E-08 1.9150E-08 1.7726E-08 1.6382E-08 1.5128E-08 1.3966E-08 1.2906E-08 1.1949E-08 1.1087E-08 1.0321E-08 9.6434E-09 9.0446E-09 8.5187E-09 8.0596E-09 7.6619E-09 7.3153E-09 7.0151E-09 6.7481E-09 6.5127E-09 6.2980E-09 6.1048E-09 5.9240E-09 5.7540E-09 5.5929E-09 5.4371E-09 5.2870E-09 5.1395E-09 4.9941E-09 4.8511E-09 4.7088E-09 4.5684E-09 4.4292E-09 4.2906E-09 4.1537E-09 4.0178E-09 3.8832E-09 3.7503E-09 3.6196E-09 3.4910E-09 3.3655E-09 3.2427E-09 3.1225E-09 3.0051E-09 2.8908E-09 2.7792E-09 2.6708E-09 2.5659E-09 2.4639E-09 2.3648E-09 2.2689E-09 2.1759E-09 2.0858E-09 1.9984E-09 1.9139E-09 1.8318E-09 1.7524E-09 1.6754E-09
2.2048E-08 2.0448E-08 1.8905E-08 1.7449E-08 1.6087E-08 1.4836E-08 1.3691E-08 1.2656E-08 1.1728E-08 1.0903E-08 1.0174E-08 9.5314E-09 8.9693E-09 8.4785E-09 8.0520E-09 7.6837E-09 7.3634E-09 7.0822E-09 6.8332E-09 6.6090E-09 6.4062E-09 6.2183E-09 6.0415E-09 5.8745E-09 5.7136E-09 5.5582E-09 5.4066E-09 5.2564E-09 5.1086E-09 4.9617E-09 4.8160E-09 4.6721E-09 4.5287E-09 4.3866E-09 4.2456E-09 4.1058E-09 3.9677E-09 3.8315E-09 3.6974E-09 3.5662E-09 3.4380E-09 3.3122E-09 3.1894E-09 3.0695E-09 2.9525E-09 2.8387E-09 2.7284E-09 2.6211E-09 2.5168E-09 2.4156E-09 2.3177E-09 2.2225E-09 2.1302E-09 2.0410E-09 1.9541E-09 1.8701E-09 1.7886E-09
2.3287E-08 2.1586E-08 1.9941E-08 1.8382E-08 1.6933E-08 1.5591E-08 1.4377E-08 1.3274E-08 1.2292E-08 1.1413E-08 1.0641E-08 9.9613E-09 9.3687E-09 8.8551E-09 8.4059E-09 8.0200E-09 7.6838E-09 7.3913E-09 7.1311E-09 6.8989E-09 6.6884E-09 6.4959E-09 6.3142E-09 6.1429E-09 5.9782E-09 5.8186E-09 5.6635E-09 5.5098E-09 5.3581E-09 5.2078E-09 5.0579E-09 4.9098E-09 4.7622E-09 4.6156E-09 4.4702E-09 4.3258E-09 4.1829E-09 4.0418E-09 3.9028E-09 3.7663E-09 3.6329E-09 3.5020E-09 3.3740E-09 3.2489E-09 3.1268E-09 3.0077E-09 2.8922E-09 2.7799E-09 2.6706E-09 2.5644E-09 2.4615E-09 2.3616E-09 2.2645E-09 2.1705E-09 2.0791E-09 1.9905E-09 1.9045E-09
2.4312E-08 2.2523E-08 2.0796E-08 1.9153E-08 1.7623E-08 1.6214E-08 1.4936E-08 1.3783E-08 1.2751E-08 1.1838E-08 1.1031E-08 1.0324E-08 9.7092E-09 9.1773E-09 8.7154E-09 8.3175E-09 7.9703E-09 7.6694E-09 7.4022E-09 7.1648E-09 6.9493E-09 6.7530E-09 6.5686E-09 6.3946E-09 6.2279E-09 6.0658E-09 5.9080E-09 5.7520E-09 5.5973E-09 5.4444E-09 5.2915E-09 5.1401E-09 4.9892E-09 4.8389E-09 4.6896E-09 4.5413E-09 4.3943E-09 4.2490E-09 4.1055E-09 3.9645E-09 3.8263E-09 3.6907E-09 3.5579E-09 3.4280E-09 3.3010E-09 3.1771E-09 3.0567E-09 2.9395E-09 2.8255E-09 2.7145E-09 2.6068E-09 2.5022E-09 2.4005E-09 2.3019E-09 2.2061E-09 2.1129E-09 2.0226E-09
2.5080E-08 2.3219E-08 2.1428E-08 1.9727E-08 1.8139E-08 1.6673E-08 1.5349E-08 1.4161E-08 1.3099E-08 1.2161E-08 1.1332E-08 1.0609E-08 9.9825E-09 9.4401E-09 8.9720E-09 8.5667E-09 8.2167E-09 7.9114E-09 7.6415E-09 7.4014E-09 7.1845E-09 6.9863E-09 6.8017E-09 6.6266E-09 6.4597E-09 6.2966E-09 6.1378E-09 5.9805E-09 5.8243E-09 5.6695E-09 5.5149E-09 5.3610E-09 5.2078E-09 5.0545E-09 4.9022E-09 4.7507E-09 4.6004E-09 4.4514E-09 4.3042E-09 4.1591E-09 4.0168E-09 3.8770E-09 3.7399E-09 3.6056E-09 3.4742E-09 3.3459E-09 3.2208E-09 3.0991E-09 2.9806E-09 2.8651E-09 2.7528E-09 2.6438E-09 2.5377E-09 2.4347E-09 2.3345E-09 2.2370E-09 2.1424E-09
2.5558E-08 2.3651E-08 2.1811E-08 2.0072E-08 1.8450E-08 1.6962E-08 1.5603E-08 1.4397E-08 1.3319E-08 1.2372E-08 1.1535E-08 1.0807E-08 1.0180E-08 9.6382E-09 9.1716E-09 8.7668E-09 8.4180E-09 8.1127E-09 7.8445E-09 7.6061E-09 7.3906E-09 7.1938E-09 7.0108E-09 6.8369E-09 6.6711E-09 6.5089E-09 6.3502E-09 6.1932E-09 6.0367E-09 5.8813E-09 5.7258E-09 5.5705E-09 5.4159E-09 5.2608E-09 5.1063E-09 4.9524E-09 4.7995E-09 4.6476E-09 4.4973E-09 4.3488E-09 4.2030E-09 4.0595E-09 3.9188E-09 3.7806E-09 3.6452E-09 3.5128E-09 3.3837E-09 3.2578E-09 3.1351E-09 3.0154E-09 2.8989E-09 2.7857E-09 2.6754E-09 2.5681E-09 2.4638E-09 2.3622E-09 2.2633E-09
2.5744E-08 2.3801E-08 2.1938E-08 2.0184E-08 1.8547E-08 1.7050E-08 1.5693E-08 1.4480E-08 1.3406E-08 1.2461E-08 1.1635E-08 1.0916E-08 1.0299E-08 9.7685E-09 9.3092E-09 8.9127E-09 8.5710E-09 8.2718E-09 8.0090E-09 7.7755E-09 7.5648E-09 7.3726E-09 7.1932E-09 7.0230E-09 6.8596E-09 6.7002E-09 6.5432E-09 6.3878E-09 6.2323E-09 6.0777E-09 5.9223E-09 5.7670E-09 5.6117E-09 5.4558E-09 5.3000E-09 5.1448E-09 4.9900E-09 4.8360E-09 4.6833E-09 4.5323E-09 4.3835E-09 4.2371E-09 4.0932E-09 3.9517E-09 3.8129E-09 3.6770E-09 3.5442E-09 3.4145E-09 3.2881E-09 3.1646E-09 3.0442E-09 2.9271E-09 2.8128E-09 2.7016E-09 2.5933E-09 2.4877E-09 2.3849E-09
