Assets/Resources/2015_m01_d25_2100(utc+0800)_l00_csi_1hr_conc.grd
DSAA
         159         159
     -79.000      79.000
     -79.000      79.000
  0.0000E+00  0.1640E-04
[rows 50 to 74 of 159, columns 57 to 113 of 159]
5.6327E-10 6.2137E-10 6.8017E-10 7.4268E-10 8.1285E-10 8.9381E-10 9.6996E-10 1.0601E-09 1.1438E-09 1.2275E-09 1.3146E-09 1.4049E-09 1.5020E-09 1.5987E-09 1.6978E-09 1.8022E-09 1.9222E-09 2.0323E-09 2.1443E-09 2.2577E-09 2.3720E-09 2.4869E-09 2.6224E-09 2.7689E-09 2.9182E-09 3.0556E-09 3.1915E-09 3.3262E-09 3.4579E-09 3.5855E-09 3.7084E-09 3.8262E-09 3.9392E-09 4.0455E-09 4.1445E-09 4.2271E-09 4.2907E-09 4.3380E-09 4.3688E-09 4.3864E-09 4.3903E-09 4.3823E-09 4.3640E-09 4.3323E-09 4.2889E-09 4.2421E-09 4.1876E-09 4.1241E-09 4.0491E-09 3.9649E-09 3.8785E-09 3.7862E-09 3.6370E-09 3.5356E-09 3.4321E-09 3.3281E-09 3.2255E-09
5.7734E-10 6.3295E-10 6.9773E-10 7.5978E-10 8.3792E-10 9.2746E-10 1.0033E-09 1.0864E-09 1.1687E-09 1.2576E-09 1.3481E-09 1.4409E-09 1.5369E-09 1.6401E-09 1.7419E-09 1.8461E-09 1.9703E-09 2.0854E-09 2.2028E-09 2.3191E-09 2.4361E-09 2.5613E-09 2.7081E-09 2.8565E-09 3.0074E-09 3.1478E-09 3.2878E-09 3.4275E-09 3.5640E-09 3.6944E-09 3.8188E-09 3.9389E-09 4.0523E-09 4.1584E-09 4.2565E-09 4.3392E-09 4.4002E-09 4.4422E-09 4.4652E-09 4.4761E-09 4.4761E-09 4.4645E-09 4.4414E-09 4.4055E-09 4.3583E-09 4.2999E-09 4.2344E-09 4.1678E-09 4.0931E-09 4.0071E-09 3.9117E-09 3.8132E-09 3.7144E-09 3.6083E-09 3.4497E-09 3.3460E-09 3.2424E-09
5.9079E-10 6.5021E-10 7.0840E-10 7.8486E-10 8.7126E-10 9.4598E-10 1.0293E-09 1.1113E-09 1.2005E-09 1.2890E-09 1.3811E-09 1.4765E-09 1.5801E-09 1.6819E-09 1.7902E-09 1.9143E-09 2.0287E-09 2.1452E-09 2.2685E-09 2.3882E-09 2.5161E-09 2.6515E-09 2.8086E-09 2.9659E-09 3.1141E-09 3.2594E-09 3.4039E-09 3.5458E-09 3.6830E-09 3.8150E-09 3.9414E-09 4.0624E-09 4.1760E-09 4.2814E-09 4.3782E-09 4.4605E-09 4.5181E-09 4.5562E-09 4.5774E-09 4.5817E-09 4.5717E-09 4.5487E-09 4.5185E-09 4.4780E-09 4.4270E-09 4.3654E-09 4.2947E-09 4.2151E-09 4.1326E-09 4.0453E-09 3.9507E-09 3.8476E-09 3.7399E-09 3.6330E-09 3.5229E-09 3.3621E-09 3.2581E-09
6.0363E-10 6.7349E-10 7.3402E-10 8.0349E-10 8.9454E-10 9.7148E-10 1.0579E-09 1.1433E-09 1.2315E-09 1.3228E-09 1.4227E-09 1.5214E-09 1.6282E-09 1.7333E-09 1.8411E-09 1.9710E-09 2.0992E-09 2.2282E-09 2.3513E-09 2.4753E-09 2.6255E-09 2.7947E-09 2.9551E-09 3.2297E-09 3.4464E-09 3.6461E-09 3.8532E-09 4.0408E-09 4.2157E-09 4.3715E-09 4.5029E-09 4.6113E-09 4.3194E-09 4.4184E-09 4.5097E-09 4.5884E-09 4.6450E-09 4.6815E-09 4.6983E-09 4.6965E-09 4.6808E-09 4.6513E-09 4.6085E-09 4.5552E-09 4.4949E-09 4.4285E-09 4.3550E-09 4.2727E-09 4.1808E-09 4.0821E-09 3.9844E-09 3.8822E-09 3.7741E-09 3.6587E-09 3.5453E-09 3.4349E-09 3.2730E-09
6.2688E-10 6.8989E-10 7.6881E-10 8.4232E-10 9.1583E-10 9.9965E-10 1.0848E-09 1.1739E-09 1.2658E-09 1.3658E-09 1.4642E-09 1.5717E-09 1.6773E-09 1.7907E-09 1.9250E-09 2.0547E-09 2.1788E-09 2.3448E-09 2.4788E-09 2.6408E-09 2.7903E-09 2.9765E-09 3.2601E-09 3.4756E-09 3.6903E-09 3.9037E-09 4.1107E-09 4.3067E-09 4.4869E-09 4.6511E-09 4.7981E-09 4.9276E-09 5.0173E-09 5.0842E-09 5.1225E-09 4.7861E-09 4.8167E-09 4.8278E-09 4.8279E-09 4.8174E-09 4.7899E-09 4.7538E-09 4.7043E-09 4.6441E-09 4.5740E-09 4.4965E-09 4.4135E-09 4.3275E-09 4.2349E-09 4.1321E-09 4.0212E-09 3.9126E-09 3.8040E-09 3.6913E-09 3.5711E-09 3.4553E-09 3.3451E-09
6.5890E-10 7.2084E-10 7.9271E-10 8.6395E-10 9.4523E-10 1.0270E-09 1.1146E-09 1.2074E-09 1.3093E-09 1.4083E-09 1.5166E-09 1.6280E-09 1.7431E-09 1.8656E-09 2.0150E-09 2.1770E-09 2.3288E-09 2.4857E-09 2.6531E-09 2.8400E-09 3.0176E-09 3.2042E-09 3.7006E-09 3.9934E-09 4.3069E-09 4.5958E-09 4.8636E-09 5.1052E-09 5.3101E-09 5.4675E-09 5.5678E-09 5.2236E-09 5.3027E-09 5.3636E-09 5.4085E-09 5.4353E-09 5.4347E-09 5.0261E-09 4.9981E-09 4.9608E-09 4.9146E-09 4.8675E-09 4.8073E-09 4.7384E-09 4.6610E-09 4.5743E-09 4.4816E-09 4.3853E-09 4.2847E-09 4.1807E-09 4.0693E-09 3.9488E-09 3.8318E-09 3.7186E-09 3.6017E-09 3.4810E-09 3.3636E-09
6.8109E-10 7.4490E-10 8.1965E-10 8.9415E-10 9.7315E-10 1.0573E-09 1.1531E-09 1.2505E-09 1.3580E-09 1.4626E-09 1.5786E-09 1.6945E-09 1.8251E-09 1.9985E-09 2.1547E-09 2.3241E-09 2.5399E-09 2.7049E-09 2.9013E-09 3.0814E-09 3.2988E-09 3.7665E-09 4.1035E-09 4.4399E-09 4.7715E-09 5.0849E-09 5.3698E-09 5.6198E-09 5.8321E-09 6.0066E-09 6.1267E-09 6.1981E-09 6.2209E-09 6.2036E-09 5.7515E-09 5.7424E-09 5.7229E-09 5.6735E-09 5.6010E-09 5.1376E-09 5.0637E-09 4.9937E-09 4.9213E-09 4.8410E-09 4.7513E-09 4.6567E-09 4.5569E-09 4.4506E-09 4.3414E-09 4.2282E-09 4.1129E-09 3.9942E-09 3.8677E-09 3.7447E-09 3.6269E-09 3.5094E-09 3.3886E-09
7.0699E-10 7.7988E-10 8.5210E-10 9.2195E-10 1.0041E-09 1.0974E-09 1.1916E-09 1.2991E-09 1.4065E-09 1.5304E-09 1.6475E-09 1.8000E-09 1.9457E-09 2.1499E-09 2.3682E-09 2.5580E-09 2.7579E-09 2.9719E-09 3.2017E-09 3.4157E-09 3.6424E-09 4.4570E-09 4.9211E-09 5.4000E-09 5.8432E-09 6.2437E-09 6.5893E-09 6.8614E-09 7.0370E-09 6.5937E-09 6.6909E-09 6.7344E-09 6.7470E-09 6.7153E-09 6.6631E-09 6.5865E-09 6.0614E-09 5.9814E-09 5.8797E-09 5.7689E-09 5.6385E-09 5.1599E-09 5.0550E-09 4.9547E-09 4.8528E-09 4.7469E-09 4.6348E-09 4.5219E-09 4.4041E-09 4.2816E-09 4.1589E-09 4.0339E-09 3.9098E-09 3.7802E-09 3.6515E-09 3.5325E-09 3.4150E-09
7.4337E-10 8.1415E-10 8.8226E-10 9.6241E-10 1.0535E-09 1.1373E-09 1.2416E-09 1.3491E-09 1.4747E-09 1.6118E-09 1.7673E-09 1.9309E-09 2.1442E-09 2.3702E-09 2.5895E-09 2.8565E-09 3.0765E-09 3.3253E-09 3.5719E-09 3.8435E-09 4.5990E-09 5.1478E-09 5.7009E-09 6.2395E-09 6.7339E-09 7.1632E-09 7.5167E-09 7.7913E-09 7.9811E-09 8.0656E-09 8.0811E-09 8.0198E-09 7.4024E-09 7.3126E-09 7.2102E-09 7.0956E-09 6.9591E-09 6.3546E-09 6.2119E-09 6.0609E-09 5.9013E-09 5.7388E-09 5.2265E-09 5.0948E-09 4.9671E-09 4.8453E-09 4.7236E-09 4.5980E-09 4.4712E-09 4.3419E-09 4.2093E-09 4.0795E-09 3.9466E-09 3.8187E-09 3.6864E-09 3.5555E-09 3.4363E-09
7.7871E-10 8.4623E-10 9.2523E-10 1.0150E-09 1.1042E-09 1.1989E-09 1.3121E-09 1.4199E-09 1.5653E-09 1.7238E-09 1.9211E-09 2.1313E-09 2.3859E-09 2.6576E-09 2.9059E-09 3.1779E-09 3.4677E-09 3.7374E-09 4.0260E-09 4.3151E-09 5.3448E-09 6.0055E-09 6.6637E-09 7.2821E-09 7.8276E-09 8.2802E-09 8.6324E-09 8.8853E-09 9.0438E-09 9.0813E-09 9.0528E-09 8.9465E-09 8.7943E-09 8.5974E-09 7.8661E-09 7.6881E-09 7.4952E-09 7.2886E-09 7.0661E-09 6.4217E-09 6.2106E-09 6.0024E-09 5.8047E-09 5.2616E-09 5.1109E-09 4.9589E-09 4.8201E-09 4.6836E-09 4.5516E-09 4.4147E-09 4.2758E-09 4.1320E-09 3.9915E-09 3.8536E-09 3.7224E-09 3.5885E-09 3.4575E-09
8.1158E-10 8.9651E-10 9.7193E-10 1.0683E-09 1.1627E-09 1.2762E-09 1.3832E-09 1.5164E-09 1.6789E-09 1.8924E-09 2.1148E-09 2.3893E-09 2.6768E-09 2.9682E-09 3.2788E-09 3.5817E-09 3.8959E-09 4.2242E-09 4.5658E-09 5.5326E-09 6.3100E-09 7.1127E-09 7.8916E-09 8.5952E-09 9.1888E-09 9.6554E-09 9.9930E-09 1.0208E-08 1.0315E-08 1.0292E-08 1.0195E-08 1.0023E-08 9.8003E-09 9.5365E-09 9.2453E-09 8.9371E-09 8.1385E-09 7.8612E-09 7.5764E-09 7.2841E-09 6.5755E-09 6.3227E-09 6.0733E-09 5.8456E-09 5.2782E-09 5.1077E-09 4.9426E-09 4.7937E-09 4.6456E-09 4.4962E-09 4.3420E-09 4.1908E-09 4.0398E-09 3.8950E-09 3.7558E-09 3.6224E-09 3.4877E-09
8.5322E-10 9.3874E-10 1.0357E-09 1.1308E-09 1.2370E-09 1.3537E-09 1.4826E-09 1.6495E-09 1.8503E-09 2.1039E-09 2.3838E-09 2.6923E-09 3.0135E-09 3.3429E-09 3.6864E-09 4.0493E-09 4.4266E-09 4.8275E-09 5.2425E-09 6.5810E-09 7.5536E-09 8.5304E-09 9.4441E-09 1.0235E-08 1.0869E-08 1.1336E-08 1.1641E-08 1.1799E-08 1.1830E-08 1.1730E-08 1.1542E-08 1.1282E-08 1.0972E-08 1.0624E-08 1.0245E-08 9.8483E-09 9.4423E-09 8.5400E-09 8.1725E-09 7.8027E-09 7.4449E-09 6.6876E-09 6.4037E-09 6.1201E-09 5.8674E-09 5.2938E-09 5.1117E-09 4.9204E-09 4.7459E-09 4.5801E-09 4.4156E-09 4.2527E-09 4.0952E-09 3.9397E-09 3.7945E-09 3.6541E-09 3.5197E-09
8.9235E-10 9.9127E-10 1.0967E-09 1.2062E-09 1.3268E-09 1.4557E-09 1.6213E-09 1.8108E-09 2.0711E-09 2.3565E-09 2.6677E-09 3.0308E-09 3.3869E-09 3.7708E-09 4.1841E-09 4.6224E-09 5.2833E-09 6.0179E-09 6.8109E-09 7.9347E-09 9.1473E-09 1.0328E-08 1.1387E-08 1.2260E-08 1.2922E-08 1.3370E-08 1.3621E-08 1.3698E-08 1.3628E-08 1.3426E-08 1.3125E-08 1.2754E-08 1.2330E-08 1.1881E-08 1.1398E-08 1.0897E-08 1.0384E-08 9.8651E-09 8.8612E-09 8.4225E-09 7.9773E-09 7.5610E-09 6.7659E-09 6.4597E-09 6.1568E-09 5.8769E-09 5.2846E-09 5.0743E-09 4.8612E-09 4.6719E-09 4.4944E-09 4.3221E-09 4.1534E-09 3.9925E-09 3.8355E-09 3.6900E-09 3.5489E-09
9.4201E-10 1.0486E-09 1.1602E-09 1.2854E-09 1.4202E-09 1.5820E-09 1.7835E-09 2.0361E-09 2.3273E-09 2.6472E-09 3.0181E-09 3.4009E-09 3.8235E-09 4.2867E-09 4.9819E-09 5.7730E-09 6.6588E-09 7.4528E-09 8.2648E-09 9.6739E-09 1.1171E-08 1.2580E-08 1.3788E-08 1.4734E-08 1.5403E-08 1.5808E-08 1.5977E-08 1.5944E-08 1.5745E-08 1.5411E-08 1.4972E-08 1.4464E-08 1.3903E-08 1.3319E-08 1.2716E-08 1.2091E-08 1.1461E-08 1.0826E-08 1.0204E-08 9.1169E-09 8.6003E-09 8.0931E-09 7.6403E-09 6.8238E-09 6.4814E-09 6.1432E-09 5.8332E-09 5.2336E-09 5.0045E-09 4.7781E-09 4.5801E-09 4.3957E-09 4.2177E-09 4.0459E-09 3.8828E-09 3.7271E-09 3.5824E-09
9.9617E-10 1.1072E-09 1.2338E-09 1.3742E-09 1.5340E-09 1.7354E-09 1.9900E-09 2.2910E-09 2.6154E-09 2.9680E-09 3.3826E-09 3.8355E-09 4.3435E-09 5.1318E-09 6.0399E-09 7.0844E-09 8.0655E-09 9.1088E-09 1.0172E-08 1.1874E-08 1.3710E-08 1.5364E-08 1.6715E-08 1.7714E-08 1.8363E-08 1.8693E-08 1.8748E-08 1.8573E-08 1.8212E-08 1.7713E-08 1.7108E-08 1.6433E-08 1.5709E-08 1.4964E-08 1.4207E-08 1.3439E-08 1.2678E-08 1.1919E-08 1.1163E-08 1.0441E-08 9.2806E-09 8.7003E-09 8.1448E-09 7.6463E-09 6.8176E-09 6.4427E-09 6.0770E-09 5.4053E-09 5.1511E-09 4.9113E-09 4.6726E-09 4.4748E-09 4.2853E-09 4.1055E-09 3.9322E-09 3.7690E-09 3.6154E-09
1.0499E-09 1.1750E-09 1.3178E-09 1.4748E-09 1.6659E-09 1.9136E-09 2.2259E-09 2.5658E-09 2.9280E-09 3.3207E-09 3.8118E-09 4.5241E-09 5.2078E-09 6.2204E-09 7.4101E-09 8.5659E-09 9.8477E-09 1.1213E-08 1.2603E-08 1.4630E-08 1.6849E-08 1.8754E-08 2.0231E-08 2.1252E-08 2.1844E-08 2.2062E-08 2.1965E-08 2.1612E-08 2.1055E-08 2.0354E-08 1.9553E-08 1.8678E-08 1.7763E-08 1.6828E-08 1.5892E-08 1.4949E-08 1.4019E-08 1.3102E-08 1.2213E-08 1.1359E-08 1.0549E-08 9.3422E-09 8.7149E-09 8.1224E-09 7.1788E-09 6.7535E-09 6.3530E-09 5.9669E-09 5.3143E-09 5.0469E-09 4.7992E-09 4.5595E-09 4.3565E-09 4.1663E-09 3.9873E-09 3.8139E-09 3.6521E-09
1.1113E-09 1.2523E-09 1.4098E-09 1.5904E-09 1.8209E-09 2.1239E-09 2.4845E-09 2.8616E-09 3.2671E-09 3.7583E-09 4.4834E-09 5.2031E-09 6.2846E-09 7.5790E-09 8.9054E-09 1.0401E-08 1.2056E-08 1.3833E-08 1.5659E-08 1.8038E-08 2.0666E-08 2.2813E-08 2.4383E-08 2.5383E-08 2.5874E-08 2.5936E-08 2.5648E-08 2.5078E-08 2.4289E-08 2.3346E-08 2.2317E-08 2.1208E-08 2.0074E-08 1.8914E-08 1.7772E-08 1.6622E-08 1.5485E-08 1.4384E-08 1.3336E-08 1.2348E-08 1.1413E-08 1.0043E-08 9.3228E-09 8.6532E-09 8.0213E-09 7.0838E-09 6.6308E-09 6.2193E-09 5.4798E-09 5.1928E-09 4.9265E-09 4.6667E-09 4.4341E-09 4.2297E-09 4.0415E-09 3.8655E-09 3.6919E-09
1.1829E-09 1.3386E-09 1.5067E-09 1.7209E-09 2.0100E-09 2.3713E-09 2.7542E-09 3.1751E-09 3.6443E-09 4.2257E-09 5.1252E-09 6.2289E-09 7.5775E-09 9.0230E-09 1.0701E-08 1.2620E-08 1.4751E-08 1.7045E-08 1.9403E-08 2.2178E-08 2.5225E-08 2.7583E-08 2.9196E-08 3.0122E-08 3.0577E-08 3.0449E-08 2.9922E-08 2.9054E-08 2.7913E-08 2.6687E-08 2.5401E-08 2.4021E-08 2.2636E-08 2.1217E-08 1.9825E-08 1.8423E-08 1.7060E-08 1.5763E-08 1.4540E-08 1.3400E-08 1.2345E-08 1.1350E-08 9.9718E-09 9.1988E-09 8.5002E-09 7.4295E-09 6.9315E-09 6.4754E-09 6.0497E-09 5.3481E-09 5.0504E-09 4.7858E-09 4.5223E-09 4.2984E-09 4.0975E-09 3.9147E-09 3.7365E-09
1.2635E-09 1.4309E-09 1.6216E-09 1.8692E-09 2.2034E-09 2.6030E-09 3.0434E-09 3.5128E-09 4.0610E-09 4.9696E-09 6.0608E-09 7.4129E-09 8.9149E-09 1.0719E-08 1.2826E-08 1.5250E-08 1.7952E-08 2.0869E-08 2.3883E-08 2.7113E-08 3.0564E-08 3.3202E-08 3.4857E-08 3.5712E-08 3.5899E-08 3.5541E-08 3.4740E-08 3.3588E-08 3.2169E-08 3.0544E-08 2.8873E-08 2.7098E-08 2.5424E-08 2.3682E-08 2.1992E-08 2.0322E-08 1.8726E-08 1.7224E-08 1.5824E-08 1.4530E-08 1.3329E-08 1.2203E-08 1.0651E-08 9.7838E-09 8.9897E-09 8.2699E-09 7.2439E-09 6.7340E-09 6.2825E-09 5.5098E-09 5.1890E-09 4.9027E-09 4.6249E-09 4.3760E-09 4.1567E-09 3.9623E-09 3.7817E-09
1.3484E-09 1.5250E-09 1.7359E-09 2.0377E-09 2.4235E-09 2.8643E-09 3.3389E-09 3.8779E-09 4.7351E-09 5.7830E-09 6.9414E-09 8.5976E-09 1.0440E-08 1.2661E-08 1.5272E-08 1.8288E-08 2.1653E-08 2.5304E-08 2.9092E-08 3.2915E-08 3.6853E-08 3.9574E-08 4.1254E-08 4.2283E-08 4.2363E-08 4.1783E-08 4.0608E-08 3.8982E-08 3.7102E-08 3.4960E-08 3.2722E-08 3.0539E-08 2.8366E-08 2.6231E-08 2.4230E-08 2.2295E-08 2.0465E-08 1.8763E-08 1.7186E-08 1.5721E-08 1.4358E-08 1.3083E-08 1.1910E-08 1.0388E-08 9.4960E-09 8.7065E-09 7.5715E-09 7.0105E-09 6.5148E-09 6.0533E-09 5.3323E-09 5.0156E-09 4.7306E-09 4.4568E-09 4.2217E-09 4.0118E-09 3.8235E-09
1.4350E-09 1.6196E-09 1.8778E-09 2.2314E-09 2.6274E-09 3.1151E-09 3.6534E-09 4.2673E-09 5.2807E-09 6.5274E-09 8.0993E-09 9.9041E-09 1.2131E-08 1.4812E-08 1.7995E-08 2.1677E-08 2.5809E-08 3.0269E-08 3.4994E-08 3.9621E-08 4.4043E-08 4.7198E-08 4.9120E-08 5.0073E-08 5.0151E-08 4.9397E-08 4.7873E-08 4.5685E-08 4.3117E-08 4.0101E-08 3.7216E-08 3.4278E-08 3.1445E-08 2.8835E-08 2.6504E-08 2.4318E-08 2.2269E-08 2.0375E-08 1.8607E-08 1.6954E-08 1.5416E-08 1.3987E-08 1.2676E-08 1.1005E-08 1.0023E-08 9.1484E-09 8.3590E-09 7.2932E-09 6.7456E-09 6.2600E-09 5.4804E-09 5.1374E-09 4.8349E-09 4.5442E-09 4.2921E-09 4.0651E-09 3.8662E-09
1.5231E-09 1.7218E-09 2.0187E-09 2.4150E-09 2.8815E-09 3.4042E-09 3.9839E-09 4.8632E-09 6.0226E-09 7.3180E-09 9.1705E-09 1.1305E-08 1.3943E-08 1.7144E-08 2.0950E-08 2.5351E-08 3.0280E-08 3.5684E-08 4.1480E-08 4.7290E-08 5.2379E-08 5.6089E-08 5.9098E-08 6.1283E-08 6.1980E-08 6.4976E-08 6.5905E-08 6.4544E-08 6.0721E-08 5.4532E-08 4.2850E-08 3.8551E-08 3.4700E-08 3.1500E-08 2.8789E-08 2.6382E-08 2.4138E-08 2.2036E-08 2.0057E-08 1.8205E-08 1.6489E-08 1.4903E-08 1.3454E-08 1.2152E-08 1.0557E-08 9.5898E-09 8.7431E-09 7.5862E-09 6.9858E-09 6.4661E-09 5.6429E-09 5.2646E-09 4.9399E-09 4.6365E-09 4.3626E-09 4.1237E-09 3.9090E-09
1.6102E-09 1.8406E-09 2.1837E-09 2.6201E-09 3.1007E-09 3.6812E-09 4.3252E-09 5.3601E-09 6.6531E-09 8.3095E-09 1.0278E-08 1.2756E-08 1.5828E-08 1.9566E-08 2.4011E-08 2.9142E-08 3.4917E-08 4.1401E-08 4.8440E-08 5.5856E-08 6.2419E-08 6.8598E-08 7.3972E-08 7.8530E-08 8.4504E-08 8.9970E-08 9.1402E-08 8.7291E-08 7.9163E-08 6.8754E-08 5.8752E-08 5.0119E-08 3.8659E-08 3.4306E-08 3.1099E-08 2.8490E-08 2.6030E-08 2.3699E-08 2.1500E-08 1.9448E-08 1.7557E-08 1.5818E-08 1.4231E-08 1.2809E-08 1.1091E-08 1.0040E-08 9.1232E-09 7.8946E-09 7.2301E-09 6.6658E-09 5.8066E-09 5.3936E-09 5.0435E-09 4.7269E-09 4.4311E-09 4.1835E-09 3.9541E-09
1.6995E-09 1.9506E-09 2.3566E-09 2.8239E-09 3.3503E-09 3.9631E-09 4.8633E-09 5.8356E-09 7.2888E-09 9.1590E-09 1.1385E-08 1.4210E-08 1.7711E-08 2.1967E-08 2.7036E-08 3.2898E-08 3.9506E-08 4.7153E-08 5.5739E-08 6.5566E-08 7.5762E-08 8.6421E-08 9.8837E-08 1.1013E-07 1.3643E-07 1.5419E-07 1.5463E-07 1.3865E-07 1.0706E-07 8.9040E-08 7.2601E-08 5.9466E-08 4.9324E-08 3.7674E-08 3.3510E-08 3.0580E-08 2.7886E-08 2.5319E-08 2.2906E-08 2.0664E-08 1.8603E-08 1.6715E-08 1.4994E-08 1.3454E-08 1.1614E-08 1.0484E-08 9.4891E-09 8.1969E-09 7.4750E-09 6.8627E-09 5.9676E-09 5.5244E-09 5.1467E-09 4.8196E-09 4.5047E-09 4.2409E-09 4.0029E-09
1.7901E-09 2.0773E-09 2.5303E-09 3.0570E-09 3.5803E-09 4.2473E-09 5.2397E-09 6.3064E-09 7.9101E-09 9.9821E-09 1.2454E-08 1.5609E-08 1.9506E-08 2.4250E-08 2.9883E-08 3.6426E-08 4.3803E-08 5.2637E-08 6.3240E-08 7.7231E-08 9.4729E-08 1.1689E-07 1.4437E-07 1.8571E-07 2.3965E-07 2.6370E-07 2.4638E-07 2.0820E-07 1.6554E-07 1.2835E-07 9.1432E-08 7.1185E-08 5.6799E-08 4.1307E-08 3.6289E-08 3.2595E-08 2.9645E-08 2.6859E-08 2.4248E-08 2.1827E-08 1.9605E-08 1.7574E-08 1.5726E-08 1.4074E-08 1.2119E-08 1.0913E-08 9.8438E-09 8.4895E-09 7.7165E-09 7.0554E-09 6.4941E-09 5.6599E-09 5.2515E-09 4.9087E-09 4.5794E-09 4.2955E-09 4.0510E-09
