Assets/Resources/2015_m01_d11_1600(utc+0800)_l00_csi_1hr_conc.grd
DSAA
         159         159
     -79.000      79.000
     -79.000      79.000
  0.0000E+00  0.5333E-05
[rows 0 to 24 of 159, columns 0 to 56 of 159]
3.4440E-09 3.7319E-09 4.0197E-09 4.3043E-09 4.5789E-09 4.8399E-09 5.0834E-09 5.3033E-09 5.4941E-09 5.6546E-09 5.7790E-09 5.8639E-09 5.9091E-09 5.9131E-09 5.8741E-09 5.7944E-09 5.6754E-09 5.5191E-09 5.3280E-09 5.1065E-09 4.8605E-09 4.5926E-09 4.3081E-09 4.0117E-09 3.7091E-09 3.4068E-09 3.1063E-09 2.8125E-09 2.5269E-09 2.2530E-09 1.9933E-09 1.7490E-09 1.5232E-09 1.3144E-09 1.1252E-09 9.5407E-10 7.9898E-10 6.5900E-10 5.3508E-10 4.2934E-10 3.4689E-10 2.7263E-10 2.0478E-10 1.3341E-10 8.7989E-11 5.5626E-11 3.5540E-11 2.1727E-11 1.2287E-11 1.0073E-11 4.9771E-12 4.0327E-12 1.1916E-12 0.0000E+00 0.0000E+00 0.0000E+00 0.0000E+00
3.5759E-09 3.8815E-09 4.1898E-09 4.4942E-09 4.7895E-09 5.0732E-09 5.3382E-09 5.5788E-09 5.7920E-09 5.9730E-09 6.1158E-09 6.2200E-09 6.2825E-09 6.3007E-09 6.2757E-09 6.2076E-09 6.0972E-09 5.9465E-09 5.7594E-09 5.5407E-09 5.2919E-09 5.0185E-09 4.7278E-09 4.4238E-09 4.1120E-09 3.7953E-09 3.4777E-09 3.1651E-09 2.8589E-09 2.5642E-09 2.2819E-09 2.0152E-09 1.7655E-09 1.5333E-09 1.3207E-09 1.1267E-09 9.5018E-10 7.8995E-10 6.4828E-10 5.2482E-10 4.2598E-10 3.4207E-10 2.6455E-10 1.9036E-10 1.2983E-10 8.8486E-11 5.7207E-11 3.5385E-11 2.2986E-11 1.4192E-11 1.0430E-11 6.1471E-12 3.8057E-12 0.0000E+00 0.0000E+00 0.0000E+00 0.0000E+00
3.6864E-09 4.0102E-09 4.3371E-09 4.6595E-09 4.9763E-09 5.2806E-09 5.5660E-09 5.8287E-09 6.0641E-09 6.2648E-09 6.4291E-09 6.5540E-09 6.6341E-09 6.6709E-09 6.6622E-09 6.6079E-09 6.5093E-09 6.3692E-09 6.1905E-09 5.9751E-09 5.7283E-09 5.4570E-09 5.1643E-09 4.8549E-09 4.5332E-09 4.2041E-09 3.8754E-09 3.5479E-09 3.2259E-09 2.9130E-09 2.6092E-09 2.3204E-09 2.0462E-09 1.7903E-09 1.5526E-09 1.3348E-09 1.1341E-09 9.5168E-10 7.8884E-10 6.4633E-10 5.2739E-10 4.2932E-10 3.4004E-10 2.5426E-10 1.8375E-10 1.2725E-10 8.7521E-11 5.9021E-11 3.6806E-11 2.3091E-11 1.5617E-11 1.0248E-11 6.9822E-12 1.5001E-12 0.0000E+00 0.0000E+00 0.0000E+00
3.7740E-09 4.1142E-09 4.4562E-09 4.7972E-09 5.1334E-09 5.4566E-09 5.7626E-09 6.0473E-09 6.3032E-09 6.5254E-09 6.7127E-09 6.8574E-09 6.9593E-09 7.0159E-09 7.0257E-09 6.9887E-09 6.9064E-09 6.7804E-09 6.6119E-09 6.4064E-09 6.1684E-09 5.9012E-09 5.6087E-09 5.2975E-09 4.9727E-09 4.6391E-09 4.3008E-09 3.9591E-09 3.6211E-09 3.2871E-09 2.9635E-09 2.6509E-09 2.3524E-09 2.0714E-09 1.8076E-09 1.5635E-09 1.3370E-09 1.1301E-09 9.4427E-10 7.8050E-10 6.4002E-10 5.2445E-10 4.2114E-10 3.2582E-10 2.4255E-10 1.8110E-10 1.2752E-10 8.5423E-11 5.7632E-11 3.7759E-11 2.2446E-11 1.6677E-11 9.6362E-12 4.0164E-12 0.0000E+00 0.0000E+00 0.0000E+00
3.8364E-09 4.1895E-09 4.5453E-09 4.9036E-09 5.2560E-09 5.5972E-09 5.9232E-09 6.2280E-09 6.5041E-09 6.7497E-09 6.9580E-09 7.1253E-09 7.2505E-09 7.3286E-09 7.3596E-09 7.3439E-09 7.2805E-09 7.1714E-09 7.0198E-09 6.8292E-09 6.6024E-09 6.3431E-09 6.0585E-09 5.7526E-09 5.4289E-09 5.0916E-09 4.7448E-09 4.3944E-09 4.0434E-09 3.6951E-09 3.3536E-09 3.0202E-09 2.6988E-09 2.3912E-09 2.1015E-09 1.8296E-09 1.5755E-09 1.3423E-09 1.1310E-09 9.4322E-10 7.7940E-10 6.4192E-10 5.2152E-10 4.1082E-10 3.1103E-10 2.3529E-10 1.7608E-10 1.2433E-10 8.3104E-11 5.4993E-11 3.7136E-11 2.3296E-11 1.6969E-11 8.6239E-12 0.0000E+00 0.0000E+00 0.0000E+00
3.8707E-09 4.2331E-09 4.6023E-09 4.9739E-09 5.3407E-09 5.6990E-09 6.0432E-09 6.3659E-09 6.6631E-09 6.9308E-09 7.1604E-09 7.3522E-09 7.5004E-09 7.6020E-09 7.6580E-09 7.6648E-09 7.6242E-09 7.5373E-09 7.4066E-09 7.2342E-09 7.0235E-09 6.7810E-09 6.5092E-09 6.2111E-09 5.8919E-09 5.5569E-09 5.2105E-09 4.8560E-09 4.4959E-09 4.1343E-09 3.7736E-09 3.4198E-09 3.0744E-09 2.7419E-09 2.4245E-09 2.1241E-09 1.8408E-09 1.5792E-09 1.3403E-09 1.1256E-09 9.3642E-10 7.7534E-10 6.3530E-10 5.0664E-10 3.9181E-10 3.0293E-10 2.2934E-10 1.6819E-10 1.1756E-10 8.1634E-11 5.2406E-11 3.5708E-11 2.3309E-11 1.5417E-11 0.0000E+00 0.0000E+00 0.0000E+00
3.8747E-09 4.2447E-09 4.6245E-09 5.0065E-09 5.3856E-09 5.7584E-09 6.1184E-09 6.4579E-09 6.7760E-09 7.0629E-09 7.3157E-09 7.5311E-09 7.7030E-09 7.8316E-09 7.9121E-09 7.9455E-09 7.9313E-09 7.8697E-09 7.7639E-09 7.6149E-09 7.4283E-09 7.2056E-09 6.9497E-09 6.6667E-09 6.3607E-09 6.0347E-09 5.6917E-09 5.3342E-09 4.9677E-09 4.5962E-09 4.2228E-09 3.8517E-09 3.4855E-09 3.1292E-09 2.7846E-09 2.4549E-09 2.1418E-09 1.8498E-09 1.5814E-09 1.3378E-09 1.1211E-09 9.3286E-10 7.6863E-10 6.1942E-10 4.8551E-10 3.7698E-10 2.9146E-10 2.2131E-10 1.6229E-10 1.1198E-10 7.6322E-11 4.9764E-11 3.2738E-11 2.2412E-11 0.0000E+00 0.0000E+00 0.0000E+00
3.8477E-09 4.2234E-09 4.6097E-09 4.9990E-09 5.3885E-09 5.7737E-09 6.1457E-09 6.5027E-09 6.8375E-09 7.1437E-09 7.4193E-09 7.6570E-09 7.8549E-09 8.0092E-09 8.1175E-09 8.1797E-09 8.1938E-09 8.1621E-09 8.0848E-09 7.9658E-09 7.8061E-09 7.6079E-09 7.3772E-09 7.1164E-09 6.8273E-09 6.5132E-09 6.1782E-09 5.8270E-09 5.4622E-09 5.0858E-09 4.7026E-09 4.3148E-09 3.9289E-09 3.5487E-09 3.1778E-09 2.8185E-09 2.4752E-09 2.1518E-09 1.8522E-09 1.5769E-09 1.3299E-09 1.1126E-09 9.2191E-10 7.4901E-10 5.9447E-10 4.6725E-10 3.6482E-10 2.7874E-10 2.0795E-10 1.5226E-10 1.0297E-10 6.9734E-11 4.5891E-11 2.9300E-11 1.0957E-11 0.0000E+00 0.0000E+00
3.7900E-09 4.1686E-09 4.5581E-09 4.9521E-09 5.3493E-09 5.7425E-09 6.1258E-09 6.4964E-09 6.8459E-09 7.1710E-09 7.4668E-09 7.7270E-09 7.9502E-09 8.1311E-09 8.2680E-09 8.3602E-09 8.4063E-09 8.4074E-09 8.3641E-09 8.2774E-09 8.1498E-09 7.9844E-09 7.7836E-09 7.5479E-09 7.2816E-09 6.9887E-09 6.6706E-09 6.3302E-09 5.9681E-09 5.5897E-09 5.1993E-09 4.8004E-09 4.3991E-09 3.9981E-09 3.6025E-09 3.2149E-09 2.8413E-09 2.4860E-09 2.1531E-09 1.8453E-09 1.5658E-09 1.3171E-09 1.0962E-09 8.9716E-10 7.1837E-10 5.6789E-10 4.4677E-10 3.4740E-10 2.6396E-10 1.9479E-10 1.3851E-10 9.5212E-11 6.1254E-11 4.1273E-11 2.3699E-11 0.0000E+00 0.0000E+00
3.7027E-09 4.0809E-09 4.4697E-09 4.8659E-09 5.2673E-09 5.6651E-09 6.0575E-09 6.4386E-09 6.8004E-09 7.1429E-09 7.4565E-09 7.7385E-09 7.9855E-09 8.1928E-09 8.3604E-09 8.4833E-09 8.5637E-09 8.6007E-09 8.5928E-09 8.5440E-09 8.4538E-09 8.3255E-09 8.1579E-09 7.9556E-09 7.7211E-09 7.4543E-09 7.1564E-09 6.8300E-09 6.4796E-09 6.1078E-09 5.7175E-09 5.3134E-09 4.8986E-09 4.4795E-09 4.0605E-09 3.6459E-09 3.2422E-09 2.8551E-09 2.4883E-09 2.1460E-09 1.8315E-09 1.5493E-09 1.2957E-09 1.0677E-09 8.6153E-10 6.8749E-10 5.4500E-10 4.2437E-10 3.2458E-10 2.4495E-10 1.7984E-10 1.2500E-10 8.5221E-11 5.3586E-11 3.6553E-11 0.0000E+00 0.0000E+00
3.5869E-09 3.9620E-09 4.3463E-09 4.7425E-09 5.1438E-09 5.5435E-09 5.9420E-09 6.3289E-09 6.7029E-09 7.0576E-09 7.3875E-09 7.6905E-09 7.9591E-09 8.1940E-09 8.3897E-09 8.5457E-09 8.6617E-09 8.7344E-09 8.7682E-09 8.7592E-09 8.7108E-09 8.6224E-09 8.4957E-09 8.3338E-09 8.1334E-09 7.8973E-09 7.6272E-09 7.3250E-09 6.9922E-09 6.6302E-09 6.2429E-09 5.8351E-09 5.4124E-09 4.9794E-09 4.5406E-09 4.1015E-09 3.6696E-09 3.2509E-09 2.8497E-09 2.4721E-09 2.1221E-09 1.8042E-09 1.5160E-09 1.2551E-09 1.0202E-09 8.1840E-10 6.5226E-10 5.1350E-10 3.9833E-10 3.0084E-10 2.2179E-10 1.6205E-10 1.1002E-10 7.2139E-11 4.4416E-11 0.0000E+00 0.0000E+00
3.4454E-09 3.8135E-09 4.1908E-09 4.5835E-09 4.9805E-09 5.3807E-09 5.7796E-09 6.1711E-09 6.5526E-09 6.9173E-09 7.2617E-09 7.5811E-09 7.8723E-09 8.1312E-09 8.3561E-09 8.5455E-09 8.6959E-09 8.8094E-09 8.8833E-09 8.9176E-09 8.9136E-09 8.8703E-09 8.7902E-09 8.6695E-09 8.5101E-09 8.3129E-09 8.0773E-09 7.8032E-09 7.4914E-09 7.1454E-09 6.7701E-09 6.3683E-09 5.9442E-09 5.5019E-09 5.0467E-09 4.5867E-09 4.1287E-09 3.6795E-09 3.2452E-09 2.8316E-09 2.4445E-09 2.0889E-09 1.7644E-09 1.4679E-09 1.2009E-09 9.6966E-10 7.7789E-10 6.1371E-10 4.7615E-10 3.6440E-10 2.7436E-10 1.9882E-10 1.4070E-10 9.3371E-11 5.9105E-11 1.0091E-11 0.0000E+00
3.2810E-09 3.6389E-09 4.0065E-09 4.3918E-09 4.7817E-09 5.1783E-09 5.5750E-09 5.9672E-09 6.3528E-09 6.7247E-09 7.0799E-09 7.4149E-09 7.7246E-09 8.0071E-09 8.2600E-09 8.4806E-09 8.6671E-09 8.8195E-09 8.9349E-09 9.0150E-09 9.0580E-09 9.0637E-09 9.0308E-09 8.9571E-09 8.8455E-09 8.6904E-09 8.4928E-09 8.2519E-09 7.9709E-09 7.6505E-09 7.2924E-09 6.8996E-09 6.4772E-09 6.0305E-09 5.5644E-09 5.0872E-09 4.6061E-09 4.1287E-09 3.6616E-09 3.2130E-09 2.7888E-09 2.3945E-09 2.0308E-09 1.6969E-09 1.3956E-09 1.1329E-09 9.1261E-10 7.2506E-10 5.6814E-10 4.3714E-10 3.2791E-10 2.4281E-10 1.7422E-10 1.1758E-10 7.7180E-11 4.1474E-11 0.0000E+00
3.0972E-09 3.4418E-09 3.7971E-09 4.1715E-09 4.5515E-09 4.9411E-09 5.3317E-09 5.7221E-09 6.1077E-09 6.4835E-09 6.8471E-09 7.1934E-09 7.5203E-09 7.8235E-09 8.1022E-09 8.3520E-09 8.5738E-09 8.7643E-09 8.9224E-09 9.0489E-09 9.1396E-09 9.1951E-09 9.2121E-09 9.1914E-09 9.1276E-09 9.0185E-09 8.8656E-09 8.6669E-09 8.4220E-09 8.1301E-09 7.7948E-09 7.4206E-09 7.0095E-09 6.5649E-09 6.0947E-09 5.6056E-09 5.1060E-09 4.6034E-09 4.1066E-09 3.6235E-09 3.1629E-09 2.7295E-09 2.3266E-09 1.9538E-09 1.6164E-09 1.3197E-09 1.0670E-09 8.5049E-10 6.6667E-10 5.1496E-10 3.9187E-10 2.9103E-10 2.0966E-10 1.4818E-10 9.4132E-11 5.9491E-11 0.0000E+00
2.8977E-09 3.2269E-09 3.5668E-09 3.9275E-09 4.2946E-09 4.6737E-09 5.0557E-09 5.4402E-09 5.8230E-09 6.1993E-09 6.5675E-09 6.9232E-09 7.2622E-09 7.5847E-09 7.8852E-09 8.1635E-09 8.4178E-09 8.6445E-09 8.8453E-09 9.0154E-09 9.1548E-09 9.2609E-09 9.3306E-09 9.3613E-09 9.3478E-09 9.2920E-09 9.1880E-09 9.0347E-09 8.8297E-09 8.5761E-09 8.2738E-09 7.9231E-09 7.5274E-09 7.0913E-09 6.6223E-09 6.1265E-09 5.6133E-09 5.0899E-09 4.5665E-09 4.0513E-09 3.5549E-09 3.0823E-09 2.6386E-09 2.2251E-09 1.8496E-09 1.5174E-09 1.2323E-09 9.8701E-10 7.7865E-10 6.0428E-10 4.5968E-10 3.4294E-10 2.5129E-10 1.7592E-10 1.1980E-10 7.2169E-11 0.0000E+00
2.6867E-09 2.9982E-09 3.3206E-09 3.6648E-09 4.0163E-09 4.3827E-09 4.7523E-09 5.1286E-09 5.5047E-09 5.8783E-09 6.2481E-09 6.6081E-09 6.9584E-09 7.2944E-09 7.6147E-09 7.9179E-09 8.2006E-09 8.4632E-09 8.7025E-09 8.9156E-09 9.1027E-09 9.2576E-09 9.3789E-09 9.4614E-09 9.5042E-09 9.5014E-09 9.4486E-09 9.3458E-09 9.1898E-09 8.9791E-09 8.7135E-09 8.3940E-09 8.0223E-09 7.6042E-09 7.1445E-09 6.6500E-09 6.1287E-09 5.5893E-09 5.0426E-09 4.4991E-09 3.9687E-09 3.4586E-09 2.9745E-09 2.5215E-09 2.1070E-09 1.7382E-09 1.4165E-09 1.1377E-09 8.9961E-10 6.9980E-10 5.3561E-10 4.0170E-10 2.9280E-10 2.0977E-10 1.4317E-10 9.2666E-11 1.1929E-11
2.4684E-09 2.7608E-09 3.0635E-09 3.3892E-09 3.7233E-09 4.0737E-09 4.4289E-09 4.7939E-09 5.1601E-09 5.5277E-09 5.8948E-09 6.2567E-09 6.6128E-09 6.9596E-09 7.2958E-09 7.6195E-09 7.9285E-09 8.2221E-09 8.4964E-09 8.7507E-09 8.9804E-09 9.1829E-09 9.3546E-09 9.4902E-09 9.5873E-09 9.6384E-09 9.6422E-09 9.5935E-09 9.4895E-09 9.3280E-09 9.1068E-09 8.8263E-09 8.4870E-09 8.0929E-09 7.6485E-09 7.1607E-09 6.6379E-09 6.0890E-09 5.5249E-09 4.9569E-09 4.3950E-09 3.8490E-09 3.3245E-09 2.8313E-09 2.3760E-09 1.9693E-09 1.6113E-09 1.3004E-09 1.0327E-09 8.0580E-10 6.1837E-10 4.6330E-10 3.4060E-10 2.4578E-10 1.6867E-10 1.1239E-10 4.2633E-11
2.2469E-09 2.5189E-09 2.8008E-09 3.1069E-09 3.4213E-09 3.7540E-09 4.0923E-09 4.4425E-09 4.7964E-09 5.1545E-09 5.5156E-09 5.8756E-09 6.2340E-09 6.5876E-09 6.9351E-09 7.2749E-09 7.6058E-09 7.9252E-09 8.2309E-09 8.5208E-09 8.7898E-09 9.0369E-09 9.2559E-09 9.4438E-09 9.5932E-09 9.7009E-09 9.7619E-09 9.7705E-09 9.7229E-09 9.6159E-09 9.4448E-09 9.2090E-09 8.9091E-09 8.5478E-09 8.1286E-09 7.6571E-09 7.1405E-09 6.5883E-09 6.0117E-09 5.4233E-09 4.8343E-09 4.2546E-09 3.6926E-09 3.1598E-09 2.6668E-09 2.2205E-09 1.8240E-09 1.4752E-09 1.1747E-09 9.1935E-10 7.0747E-10 5.3185E-10 3.9351E-10 2.8112E-10 1.9788E-10 1.3053E-10 7.8358E-11
2.0268E-09 2.2771E-09 2.5387E-09 2.8232E-09 3.1163E-09 3.4291E-09 3.7485E-09 4.0821E-09 4.4208E-09 4.7667E-09 5.1187E-09 5.4727E-09 5.8292E-09 6.1850E-09 6.5391E-09 6.8911E-09 7.2376E-09 7.5775E-09 7.9096E-09 8.2292E-09 8.5340E-09 8.8204E-09 9.0843E-09 9.3199E-09 9.5209E-09 9.6846E-09 9.8032E-09 9.8711E-09 9.8834E-09 9.8336E-09 9.7185E-09 9.5356E-09 9.2843E-09 8.9640E-09 8.5768E-09 8.1279E-09 7.6242E-09 7.0763E-09 6.4952E-09 5.8931E-09 5.2812E-09 4.6711E-09 4.0744E-09 3.5032E-09 2.9703E-09 2.4844E-09 2.0492E-09 1.6638E-09 1.3303E-09 1.0430E-09 8.0275E-10 6.0642E-10 4.4730E-10 3.2358E-10 2.2516E-10 1.5279E-10 9.2647E-11
1.8119E-09 2.0410E-09 2.2803E-09 2.5426E-09 2.8142E-09 3.1052E-09 3.4048E-09 3.7193E-09 4.0405E-09 4.3715E-09 4.7107E-09 5.0553E-09 5.4062E-09 5.7602E-09 6.1161E-09 6.4733E-09 6.8307E-09 7.1861E-09 7.5371E-09 7.8809E-09 8.2160E-09 8.5372E-09 8.8405E-09 9.1197E-09 9.3718E-09 9.5890E-09 9.7643E-09 9.8920E-09 9.9654E-09 9.9781E-09 9.9250E-09 9.8005E-09 9.6022E-09 9.3283E-09 8.9816E-09 8.5650E-09 8.0841E-09 7.5487E-09 6.9692E-09 6.3580E-09 5.7279E-09 5.0915E-09 4.4629E-09 3.8566E-09 3.2866E-09 2.7621E-09 2.2867E-09 1.8632E-09 1.4929E-09 1.1747E-09 9.0846E-10 6.8565E-10 5.0638E-10 3.6712E-10 2.5688E-10 1.7469E-10 1.0974E-10
1.6052E-09 1.8131E-09 2.0302E-09 2.2704E-09 2.5198E-09 2.7884E-09 3.0664E-09 3.3599E-09 3.6621E-09 3.9750E-09 4.2991E-09 4.6316E-09 4.9722E-09 5.3195E-09 5.6725E-09 6.0303E-09 6.3923E-09 6.7560E-09 7.1204E-09 7.4831E-09 7.8417E-09 8.1913E-09 8.5286E-09 8.8490E-09 9.1467E-09 9.4135E-09 9.6446E-09 9.8327E-09 9.9692E-09 1.0046E-08 1.0056E-08 9.9946E-09 9.8568E-09 9.6398E-09 9.3420E-09 8.9654E-09 8.5155E-09 7.9996E-09 7.4303E-09 6.8189E-09 6.1778E-09 5.5210E-09 4.8651E-09 4.2263E-09 3.6196E-09 3.0555E-09 2.5398E-09 2.0771E-09 1.6703E-09 1.3196E-09 1.0194E-09 7.7167E-10 5.7155E-10 4.1363E-10 2.9191E-10 1.9661E-10 1.2551E-10
1.4096E-09 1.5972E-09 1.7922E-09 2.0104E-09 2.2365E-09 2.4828E-09 2.7383E-09 3.0095E-09 3.2913E-09 3.5848E-09 3.8909E-09 4.2070E-09 4.5345E-09 4.8709E-09 5.2156E-09 5.5684E-09 5.9292E-09 6.2957E-09 6.6672E-09 7.0419E-09 7.4175E-09 7.7897E-09 8.1558E-09 8.5113E-09 8.8490E-09 9.1634E-09 9.4486E-09 9.6946E-09 9.8926E-09 1.0034E-08 1.0112E-08 1.0119E-08 1.0048E-08 9.8912E-09 9.6477E-09 9.3184E-09 8.9080E-09 8.4230E-09 7.8720E-09 7.2658E-09 6.6187E-09 5.9468E-09 5.2678E-09 4.5999E-09 3.9596E-09 3.3580E-09 2.8031E-09 2.3009E-09 1.8556E-09 1.4690E-09 1.1401E-09 8.6857E-10 6.4246E-10 4.6303E-10 3.2604E-10 2.2371E-10 1.4128E-10
1.2281E-09 1.3944E-09 1.5690E-09 1.7650E-09 1.9680E-09 2.1921E-09 2.4247E-09 2.6739E-09 2.9327E-09 3.2048E-09 3.4912E-09 3.7884E-09 4.0990E-09 4.4203E-09 4.7526E-09 5.0959E-09 5.4498E-09 5.8132E-09 6.1858E-09 6.5663E-09 6.9519E-09 7.3403E-09 7.7297E-09 8.1136E-09 8.4866E-09 8.8451E-09 9.1788E-09 9.4796E-09 9.7381E-09 9.9469E-09 1.0095E-08 1.0172E-08 1.0167E-08 1.0077E-08 9.8977E-09 9.6274E-09 9.2660E-09 8.8186E-09 8.2935E-09 7.7012E-09 7.0569E-09 6.3777E-09 5.6822E-09 4.9900E-09 4.3182E-09 3.6791E-09 3.0837E-09 2.5419E-09 2.0581E-09 1.6359E-09 1.2749E-09 9.6948E-10 7.2007E-10 5.2090E-10 3.6403E-10 2.5054E-10 1.6180E-10
1.0604E-09 1.2072E-09 1.3621E-09 1.5362E-09 1.7184E-09 1.9193E-09 2.1290E-09 2.3548E-09 2.5902E-09 2.8406E-09 3.1047E-09 3.3808E-09 3.6718E-09 3.9745E-09 4.2910E-09 4.6194E-09 4.9621E-09 5.3170E-09 5.6847E-09 6.0648E-09 6.4541E-09 6.8540E-09 7.2587E-09 7.6644E-09 8.0688E-09 8.4639E-09 8.8418E-09 9.1936E-09 9.5131E-09 9.7871E-09 1.0002E-08 1.0149E-08 1.0219E-08 1.0204E-08 1.0094E-08 9.8846E-09 9.5769E-09 9.1752E-09 8.6847E-09 8.1150E-09 7.4811E-09 6.8005E-09 6.0936E-09 5.3810E-09 4.6803E-09 4.0067E-09 3.3734E-09 2.7915E-09 2.2676E-09 1.8075E-09 1.4121E-09 1.0805E-09 8.0943E-10 5.8597E-10 4.0764E-10 2.7968E-10 1.8202E-10
9.0779E-10 1.0373E-09 1.1726E-09 1.3264E-09 1.4874E-09 1.6658E-09 1.8534E-09 2.0556E-09 2.2683E-09 2.4949E-09 2.7355E-09 2.9894E-09 3.2579E-09 3.5404E-09 3.8367E-09 4.1466E-09 4.4739E-09 4.8159E-09 5.1737E-09 5.5466E-09 5.9359E-09 6.3392E-09 6.7518E-09 7.1751E-09 7.6040E-09 8.0290E-09 8.4454E-09 8.8476E-09 9.2224E-09 9.5559E-09 9.8384E-09 1.0060E-08 1.0207E-08 1.0265E-08 1.0227E-08 1.0088E-08 9.8458E-09 9.5001E-09 9.0536E-09 8.5157E-09 7.9014E-09 7.2283E-09 6.5178E-09 5.7905E-09 5.0654E-09 4.3587E-09 3.6877E-09 3.0647E-09 2.5024E-09 2.0028E-09 1.5714E-09 1.2068E-09 9.0278E-10 6.5905E-10 4.6190E-10 3.1119E-10 2.0586E-10
