Assets/Resources/2015_m01_d23_1300(utc+0800)_l00_csi_1hr_conc.grd
DSAA
         159         159
     -79.000      79.000
     -79.000      79.000
  0.0000E+00  0.2679E-05
[rows 75 to 99 of 159, columns 57 to 113 of 159]
9.2473E-10 9.6674E-10 1.0097E-09 1.0537E-09 1.0986E-09 1.1441E-09 1.1908E-09 1.2383E-09 1.2866E-09 1.3356E-09 1.3855E-09 1.4360E-09 1.4870E-09 1.5388E-09 1.5913E-09 1.6443E-09 1.6978E-09 1.7517E-09 1.8058E-09 1.8605E-09 1.9155E-09 1.9705E-09 2.0257E-09 2.0812E-09 2.1367E-09 2.1918E-09 2.2470E-09 2.3023E-09 2.3571E-09 2.4117E-09 2.4657E-09 2.5193E-09 2.5724E-09 2.6249E-09 2.6767E-09 2.7279E-09 2.7784E-09 2.8280E-09 2.8768E-09 2.9246E-09 2.9715E-09 3.0173E-09 3.0620E-09 3.1055E-09 3.1478E-09 3.1889E-09 3.2287E-09 3.2671E-09 3.3041E-09 3.3396E-09 3.3737E-09 3.4063E-09 3.4373E-09 3.4667E-09 3.4944E-09 3.5206E-09 3.5450E-09
9.2381E-10 9.6557E-10 1.0081E-09 1.0520E-09 1.0964E-09 1.1419E-09 1.1883E-09 1.2355E-09 1.2835E-09 1.3323E-09 1.3816E-09 1.4319E-09 1.4828E-09 1.5344E-09 1.5866E-09 1.6393E-09 1.6925E-09 1.7460E-09 1.8001E-09 1.8545E-09 1.9093E-09 1.9638E-09 2.0190E-09 2.0742E-09 2.1293E-09 2.1844E-09 2.2394E-09 2.2945E-09 2.3492E-09 2.4033E-09 2.4571E-09 2.5105E-09 2.5634E-09 2.6158E-09 2.6676E-09 2.7186E-09 2.7690E-09 2.8186E-09 2.8673E-09 2.9150E-09 2.9619E-09 3.0076E-09 3.0523E-09 3.0959E-09 3.1383E-09 3.1794E-09 3.2192E-09 3.2577E-09 3.2948E-09 3.3304E-09 3.3646E-09 3.3973E-09 3.4285E-09 3.4581E-09 3.4860E-09 3.5123E-09 3.5370E-09
9.2249E-10 9.6376E-10 1.0063E-09 1.0497E-09 1.0940E-09 1.1392E-09 1.1853E-09 1.2323E-09 1.2800E-09 1.3283E-09 1.3775E-09 1.4275E-09 1.4781E-09 1.5295E-09 1.5813E-09 1.6338E-09 1.6868E-09 1.7399E-09 1.7938E-09 1.8480E-09 1.9022E-09 1.9567E-09 2.0116E-09 2.0666E-09 2.1212E-09 2.1761E-09 2.2311E-09 2.2860E-09 2.3402E-09 2.3942E-09 2.4478E-09 2.5010E-09 2.5537E-09 2.6060E-09 2.6576E-09 2.7085E-09 2.7588E-09 2.8082E-09 2.8569E-09 2.9046E-09 2.9514E-09 2.9971E-09 3.0418E-09 3.0854E-09 3.1278E-09 3.1689E-09 3.2088E-09 3.2474E-09 3.2845E-09 3.3203E-09 3.3546E-09 3.3874E-09 3.4187E-09 3.4485E-09 3.4766E-09 3.5031E-09 3.5279E-09
9.2055E-10 9.6179E-10 1.0040E-09 1.0471E-09 1.0912E-09 1.1361E-09 1.1817E-09 1.2283E-09 1.2758E-09 1.3240E-09 1.3729E-09 1.4226E-09 1.4730E-09 1.5240E-09 1.5756E-09 1.6278E-09 1.6802E-09 1.7333E-09 1.7869E-09 1.8408E-09 1.8945E-09 1.9490E-09 2.0036E-09 2.0582E-09 2.1128E-09 2.1674E-09 2.2221E-09 2.2765E-09 2.3306E-09 2.3843E-09 2.4377E-09 2.4907E-09 2.5433E-09 2.5953E-09 2.6468E-09 2.6976E-09 2.7478E-09 2.7971E-09 2.8457E-09 2.8933E-09 2.9400E-09 2.9857E-09 3.0304E-09 3.0740E-09 3.1164E-09 3.1575E-09 3.1975E-09 3.2361E-09 3.2734E-09 3.3092E-09 3.3436E-09 3.3766E-09 3.4080E-09 3.4379E-09 3.4661E-09 3.4928E-09 3.5178E-09
9.1846E-10 9.5943E-10 1.0013E-09 1.0440E-09 1.0877E-09 1.1326E-09 1.1779E-09 1.2242E-09 1.2713E-09 1.3192E-09 1.3679E-09 1.4173E-09 1.4673E-09 1.5180E-09 1.5691E-09 1.6210E-09 1.6734E-09 1.7262E-09 1.7795E-09 1.8328E-09 1.8865E-09 1.9407E-09 1.9950E-09 2.0491E-09 2.1036E-09 2.1580E-09 2.2125E-09 2.2664E-09 2.3202E-09 2.3737E-09 2.4269E-09 2.4797E-09 2.5321E-09 2.5840E-09 2.6353E-09 2.6859E-09 2.7359E-09 2.7852E-09 2.8336E-09 2.8812E-09 2.9278E-09 2.9735E-09 3.0181E-09 3.0617E-09 3.1041E-09 3.1453E-09 3.1852E-09 3.2239E-09 3.2612E-09 3.2972E-09 3.3317E-09 3.3647E-09 3.3963E-09 3.4263E-09 3.4547E-09 3.4815E-09 3.5067E-09
9.1577E-10 9.5645E-10 9.9830E-10 1.0406E-09 1.0841E-09 1.1284E-09 1.1736E-09 1.2196E-09 1.2664E-09 1.3140E-09 1.3624E-09 1.4115E-09 1.4612E-09 1.5114E-09 1.5624E-09 1.6139E-09 1.6660E-09 1.7185E-09 1.7715E-09 1.8243E-09 1.8779E-09 1.9334E-09 3.0920E-07 2.6793E-06 2.2073E-09 2.1479E-09 2.2020E-09 2.2556E-09 2.3091E-09 2.3624E-09 2.4154E-09 2.4680E-09 2.5201E-09 2.5718E-09 2.6229E-09 2.6735E-09 2.7233E-09 2.7724E-09 2.8208E-09 2.8682E-09 2.9148E-09 2.9604E-09 3.0050E-09 3.0485E-09 3.0909E-09 3.1321E-09 3.1721E-09 3.2108E-09 3.2482E-09 3.2842E-09 3.3188E-09 3.3519E-09 3.3836E-09 3.4137E-09 3.4423E-09 3.4692E-09 3.4946E-09
9.1296E-10 9.5335E-10 9.9467E-10 1.0369E-09 1.0801E-09 1.1239E-09 1.1690E-09 1.2146E-09 1.2609E-09 1.3084E-09 1.3562E-09 1.4050E-09 1.4546E-09 1.5045E-09 1.5552E-09 1.6064E-09 1.6581E-09 1.7103E-09 1.7627E-09 1.8155E-09 1.8688E-09 9.2122E-09 1.5715E-07 6.1158E-07 5.1062E-07 2.3411E-08 2.3797E-09 2.3040E-09 2.3089E-09 2.3504E-09 2.4031E-09 2.4555E-09 2.5075E-09 2.5589E-09 2.6099E-09 2.6602E-09 2.7099E-09 2.7589E-09 2.8071E-09 2.8545E-09 2.9009E-09 2.9465E-09 2.9910E-09 3.0345E-09 3.0768E-09 3.1180E-09 3.1580E-09 3.1967E-09 3.2342E-09 3.2702E-09 3.3049E-09 3.3381E-09 3.3699E-09 3.4001E-09 3.4288E-09 3.4559E-09 3.4814E-09
9.0981E-10 9.4990E-10 9.9067E-10 1.0326E-09 1.0757E-09 1.1192E-09 1.1639E-09 1.2091E-09 1.2553E-09 1.3024E-09 1.3499E-09 1.3983E-09 1.4474E-09 1.4971E-09 1.5475E-09 1.5981E-09 1.6498E-09 1.7016E-09 1.7535E-09 1.8061E-09 2.1134E-09 2.9229E-08 1.0246E-07 1.1892E-07 3.8069E-07 1.6328E-07 2.8239E-08 6.8558E-09 3.1111E-09 2.3678E-09 2.3902E-09 2.4424E-09 2.4941E-09 2.5453E-09 2.5961E-09 2.6462E-09 2.6958E-09 2.7446E-09 2.7927E-09 2.8399E-09 2.8863E-09 2.9317E-09 2.9762E-09 3.0196E-09 3.0619E-09 3.1031E-09 3.1431E-09 3.1818E-09 3.2192E-09 3.2553E-09 3.2901E-09 3.3234E-09 3.3552E-09 3.3855E-09 3.4143E-09 3.4415E-09 3.4672E-09
9.0610E-10 9.4610E-10 9.8660E-10 1.0282E-09 1.0707E-09 1.1141E-09 1.1583E-09 1.2033E-09 1.2492E-09 1.2958E-09 1.3432E-09 1.3912E-09 1.4400E-09 1.4894E-09 1.5393E-09 1.5897E-09 1.6407E-09 1.6922E-09 1.7439E-09 1.7967E-09 5.0644E-09 4.1980E-08 7.9035E-08 8.2078E-08 1.3197E-07 1.5053E-07 6.3565E-08 1.9615E-08 5.9794E-09 3.2266E-09 2.5819E-09 2.4285E-09 2.4800E-09 2.5310E-09 2.5816E-09 2.6315E-09 2.6809E-09 2.7295E-09 2.7774E-09 2.8245E-09 2.8708E-09 2.9161E-09 2.9605E-09 3.0038E-09 3.0461E-09 3.0872E-09 3.1272E-09 3.1659E-09 3.2034E-09 3.2395E-09 3.2743E-09 3.3076E-09 3.3395E-09 3.3699E-09 3.3988E-09 3.4267E-09 3.4535E-09
9.0231E-10 9.4178E-10 9.8219E-10 1.0235E-09 1.0655E-09 1.1087E-09 1.1525E-09 1.1972E-09 1.2427E-09 1.2888E-09 1.3360E-09 1.3837E-09 1.4319E-09 1.4811E-09 1.5305E-09 1.5807E-09 1.6314E-09 1.6823E-09 1.7339E-09 2.6348E-09 1.3535E-08 4.6822E-08 6.9191E-08 6.9347E-08 8.1397E-08 9.1324E-08 5.8217E-08 2.4133E-08 8.6855E-09 4.0983E-09 2.4413E-09 2.4140E-09 2.4652E-09 2.5160E-09 2.5663E-09 2.6161E-09 2.6652E-09 2.7137E-09 2.7614E-09 2.8084E-09 2.8545E-09 2.8997E-09 2.9440E-09 2.9873E-09 3.0295E-09 3.0705E-09 3.1105E-09 3.1492E-09 3.1866E-09 3.2228E-09 3.2575E-09 3.2909E-09 3.3229E-09 3.3538E-09 3.3838E-09 3.4127E-09 3.4395E-09
8.9822E-10 9.3715E-10 9.7722E-10 1.0184E-09 1.0601E-09 1.1029E-09 1.1462E-09 1.1906E-09 1.2359E-09 1.2816E-09 1.3285E-09 1.3756E-09 1.4236E-09 1.4725E-09 1.5215E-09 1.5713E-09 1.6216E-09 1.6719E-09 1.9662E-09 5.7800E-09 2.2515E-08 5.0813E-08 6.5109E-08 6.4994E-08 6.4996E-08 6.1501E-08 4.4645E-08 2.3878E-08 1.0158E-08 4.0290E-09 2.6449E-09 2.4196E-09 2.4498E-09 2.5003E-09 2.5504E-09 2.5999E-09 2.6489E-09 2.6971E-09 2.7447E-09 2.7915E-09 2.8375E-09 2.8825E-09 2.9267E-09 2.9699E-09 3.0120E-09 3.0530E-09 3.0928E-09 3.1315E-09 3.1689E-09 3.2051E-09 3.2399E-09 3.2735E-09 3.3064E-09 3.3384E-09 3.3687E-09 3.3972E-09 3.4246E-09
8.9385E-10 9.3223E-10 9.7221E-10 1.0129E-09 1.0543E-09 1.0967E-09 1.1398E-09 1.1838E-09 1.2286E-09 1.2741E-09 1.3204E-09 1.3673E-09 1.4150E-09 1.4632E-09 1.5121E-09 1.5615E-09 1.6131E-09 1.6856E-09 3.4358E-09 1.1151E-08 3.0432E-08 5.3468E-08 6.3338E-08 6.1838E-08 5.7086E-08 4.8951E-08 3.5795E-08 2.0367E-08 9.5442E-09 4.3560E-09 2.7213E-09 2.4246E-09 2.4337E-09 2.4840E-09 2.5338E-09 2.5831E-09 2.6318E-09 2.6798E-09 2.7272E-09 2.7738E-09 2.8196E-09 2.8646E-09 2.9086E-09 2.9516E-09 2.9936E-09 3.0346E-09 3.0744E-09 3.1130E-09 3.1504E-09 3.1865E-09 3.2219E-09 3.2567E-09 3.2901E-09 3.3219E-09 3.3525E-09 3.3823E-09 3.4114E-09
8.8900E-10 9.2727E-10 9.6691E-10 1.0070E-09 1.0481E-09 1.0903E-09 1.1329E-09 1.1767E-09 1.2209E-09 1.2662E-09 1.3121E-09 1.3587E-09 1.4059E-09 1.4536E-09 1.5020E-09 1.5548E-09 1.6323E-09 2.5519E-09 6.4500E-09 1.7605E-08 3.6938E-08 5.5229E-08 6.2102E-08 5.9359E-08 5.2361E-08 4.2512E-08 2.9775E-08 1.7798E-08 9.0995E-09 4.5287E-09 2.8435E-09 2.4244E-09 2.4204E-09 2.4670E-09 2.5165E-09 2.5655E-09 2.6140E-09 2.6618E-09 2.7090E-09 2.7554E-09 2.8010E-09 2.8458E-09 2.8897E-09 2.9326E-09 2.9745E-09 3.0153E-09 3.0550E-09 3.0936E-09 3.1311E-09 3.1681E-09 3.2045E-09 3.2393E-09 3.2728E-09 3.3056E-09 3.3381E-09 3.3693E-09 3.3992E-09
8.8388E-10 9.2204E-10 9.6135E-10 1.0008E-09 1.0418E-09 1.0834E-09 1.1258E-09 1.1693E-09 1.2131E-09 1.2580E-09 1.3033E-09 1.3495E-09 1.3965E-09 1.4437E-09 1.4932E-09 1.5736E-09 2.0518E-09 4.2816E-09 1.0643E-08 2.3830E-08 4.2094E-08 5.6572E-08 6.0989E-08 5.7120E-08 4.8889E-08 3.8098E-08 2.6553E-08 1.6178E-08 8.7607E-09 4.6708E-09 2.9488E-09 2.4339E-09 2.4054E-09 2.4494E-09 2.4986E-09 2.5474E-09 2.5956E-09 2.6432E-09 2.6901E-09 2.7363E-09 2.7817E-09 2.8263E-09 2.8700E-09 2.9128E-09 2.9545E-09 2.9952E-09 3.0349E-09 3.0737E-09 3.1123E-09 3.1499E-09 3.1863E-09 3.2216E-09 3.2569E-09 3.2914E-09 3.3247E-09 3.3566E-09 3.3871E-09
8.7850E-10 9.1634E-10 9.5529E-10 9.9460E-10 1.0352E-09 1.0762E-09 1.1185E-09 1.1613E-09 1.2049E-09 1.2493E-09 1.2941E-09 1.3401E-09 1.3865E-09 1.4335E-09 1.4951E-09 1.7423E-09 3.0655E-09 6.8642E-09 1.5303E-08 2.9536E-08 4.5968E-08 5.7512E-08 6.0027E-08 5.5280E-08 4.6385E-08 3.5508E-08 2.4523E-08 1.5224E-08 8.6320E-09 4.8404E-09 3.1140E-09 2.5087E-09 2.3846E-09 2.4311E-09 2.4801E-09 2.5285E-09 2.5765E-09 2.6238E-09 2.6705E-09 2.7165E-09 2.7617E-09 2.8061E-09 2.8496E-09 2.8922E-09 2.9338E-09 2.9744E-09 3.0145E-09 3.0544E-09 3.0933E-09 3.1310E-09 3.1685E-09 3.2059E-09 3.2423E-09 3.2780E-09 3.3123E-09 3.3463E-09 3.3824E-09
8.7291E-10 9.1062E-10 9.4897E-10 9.8814E-10 1.0284E-09 1.0690E-09 1.1109E-09 1.1531E-09 1.1963E-09 1.2404E-09 1.2849E-09 1.3304E-09 1.3762E-09 1.4228E-09 1.5247E-09 2.2126E-09 4.3400E-09 9.4871E-09 1.9305E-08 3.3677E-08 4.8743E-08 5.8440E-08 5.9846E-08 5.4430E-08 4.5145E-08 3.4217E-08 2.3627E-08 1.4847E-08 8.6926E-09 5.0816E-09 3.3019E-09 2.6006E-09 2.3906E-09 2.4128E-09 2.4609E-09 2.5091E-09 2.5567E-09 2.6038E-09 2.6502E-09 2.6959E-09 2.7409E-09 2.7851E-09 2.8284E-09 2.8708E-09 2.9123E-09 2.9535E-09 2.9947E-09 3.0347E-09 3.0739E-09 3.1134E-09 3.1526E-09 3.1915E-09 3.2295E-09 3.2675E-09 3.3048E-09 3.3435E-09 3.3819E-09
8.6732E-10 9.0467E-10 9.4242E-10 9.8142E-10 1.0210E-09 1.0613E-09 1.1027E-09 1.1445E-09 1.1876E-09 1.2311E-09 1.2753E-09 1.3204E-09 1.3657E-09 1.4126E-09 1.6854E-09 2.7336E-09 5.5758E-09 1.1644E-08 2.2213E-08 3.6499E-08 5.0279E-08 5.8880E-08 5.9962E-08 5.4365E-08 4.4964E-08 3.4099E-08 2.3736E-08 1.5196E-08 9.0952E-09 5.4531E-09 3.5723E-09 2.7573E-09 2.4572E-09 2.4226E-09 2.4507E-09 2.4908E-09 2.5363E-09 2.5831E-09 2.6293E-09 2.6747E-09 2.7195E-09 2.7634E-09 2.8065E-09 2.8488E-09 2.8910E-09 2.9331E-09 2.9743E-09 3.0150E-09 3.0563E-09 3.0977E-09 3.1390E-09 3.1803E-09 3.2213E-09 3.2608E-09 3.2980E-09 3.3395E-09 3.3784E-09
8.6128E-10 8.9849E-10 9.3564E-10 9.7425E-10 1.0135E-09 1.0535E-09 1.0946E-09 1.1360E-09 1.1785E-09 1.2214E-09 1.2654E-09 1.3098E-09 1.3547E-09 1.4072E-09 1.8616E-09 3.2129E-09 6.3393E-09 1.2896E-08 2.3778E-08 3.7661E-08 5.0932E-08 5.9115E-08 6.0354E-08 5.5244E-08 4.5952E-08 3.5139E-08 2.4849E-08 1.6367E-08 1.0199E-08 6.2568E-09 4.0762E-09 3.0080E-09 2.5796E-09 2.4619E-09 2.4597E-09 2.4898E-09 2.5248E-09 2.5627E-09 2.6077E-09 2.6529E-09 2.6974E-09 2.7411E-09 2.7840E-09 2.8270E-09 2.8700E-09 2.9122E-09 2.9544E-09 2.9974E-09 3.0412E-09 3.0853E-09 3.1295E-09 3.1723E-09 3.2128E-09 3.2506E-09 3.2905E-09 3.3335E-09 3.3763E-09
8.5527E-10 8.9188E-10 9.2885E-10 9.6707E-10 1.0057E-09 1.0455E-09 1.0859E-09 1.1271E-09 1.1692E-09 1.2116E-09 1.2552E-09 1.2989E-09 1.3436E-09 1.4182E-09 1.9748E-09 3.4366E-09 6.7188E-09 1.3298E-08 2.3937E-08 3.7387E-08 5.0447E-08 5.9079E-08 6.1091E-08 5.6667E-08 4.7979E-08 3.7423E-08 2.7110E-08 1.8493E-08 1.2016E-08 7.7080E-09 5.0797E-09 3.6405E-09 2.9067E-09 2.5993E-09 2.5031E-09 2.4958E-09 2.5214E-09 2.5550E-09 2.5896E-09 2.6304E-09 2.6746E-09 2.7181E-09 2.7617E-09 2.8055E-09 2.8486E-09 2.8922E-09 2.9370E-09 2.9833E-09 3.0301E-09 3.0762E-09 3.1200E-09 3.1610E-09 3.1997E-09 3.2399E-09 3.2835E-09 3.3297E-09 3.3789E-09
8.4905E-10 8.8506E-10 9.2163E-10 9.5964E-10 9.9765E-10 1.0373E-09 1.0770E-09 1.1178E-09 1.1594E-09 1.2014E-09 1.2445E-09 1.2878E-09 1.3322E-09 1.4533E-09 1.9731E-09 3.4422E-09 6.6038E-09 1.2881E-08 2.2998E-08 3.5995E-08 4.9044E-08 5.8308E-08 6.1492E-08 5.8431E-08 5.0612E-08 4.0585E-08 3.0444E-08 2.1512E-08 1.4600E-08 9.7506E-09 6.6218E-09 4.7411E-09 3.6302E-09 3.0012E-09 2.7033E-09 2.5579E-09 2.5303E-09 2.5484E-09 2.5793E-09 2.6125E-09 2.6512E-09 2.6953E-09 2.7398E-09 2.7837E-09 2.8283E-09 2.8752E-09 2.9238E-09 2.9729E-09 3.0200E-09 3.0643E-09 3.1060E-09 3.1462E-09 3.1860E-09 3.2347E-09 3.2848E-09 3.3407E-09 3.3989E-09
8.4242E-10 8.7804E-10 9.1441E-10 9.5182E-10 9.8960E-10 1.0286E-09 1.0679E-09 1.1084E-09 1.1494E-09 1.1911E-09 1.2337E-09 1.2766E-09 1.3205E-09 1.4872E-09 1.9661E-09 3.3102E-09 6.2752E-09 1.1991E-08 2.1370E-08 3.3640E-08 4.6401E-08 5.6351E-08 6.0848E-08 5.9392E-08 5.3184E-08 4.4040E-08 3.4203E-08 2.5202E-08 1.7854E-08 1.2393E-08 8.6242E-09 6.1862E-09 4.6705E-09 3.7287E-09 3.1654E-09 2.8306E-09 2.6363E-09 2.5653E-09 2.5738E-09 2.5985E-09 2.6323E-09 2.6729E-09 2.7175E-09 2.7632E-09 2.8119E-09 2.8628E-09 2.9133E-09 2.9611E-09 3.0058E-09 3.0485E-09 3.0913E-09 3.1352E-09 3.1844E-09 3.2428E-09 3.3025E-09 3.3649E-09 3.4254E-09
8.3584E-10 8.7081E-10 9.0700E-10 9.4377E-10 9.8110E-10 1.0199E-09 1.0585E-09 1.0988E-09 1.1391E-09 1.1806E-09 1.2225E-09 1.2649E-09 1.3083E-09 1.4650E-09 1.8401E-09 3.1308E-09 5.8130E-09 1.0963E-08 1.9347E-08 3.0623E-08 4.2791E-08 5.2994E-08 5.8853E-08 5.9135E-08 5.4533E-08 4.6798E-08 3.7747E-08 2.8929E-08 2.1357E-08 1.5400E-08 1.1006E-08 7.9989E-09 5.9744E-09 4.6661E-09 3.8485E-09 3.3117E-09 2.9469E-09 2.7317E-09 2.6204E-09 2.6002E-09 2.6170E-09 2.6534E-09 2.6968E-09 2.7472E-09 2.7999E-09 2.8516E-09 2.8997E-09 2.9450E-09 2.9898E-09 3.0362E-09 3.0851E-09 3.1376E-09 3.1980E-09 3.2659E-09 3.3351E-09 3.3998E-09 3.4670E-09
8.2906E-10 8.6341E-10 8.9917E-10 9.3551E-10 9.7264E-10 1.0107E-09 1.0492E-09 1.0890E-09 1.1286E-09 1.1696E-09 1.2111E-09 1.2532E-09 1.2961E-09 1.4487E-09 1.8005E-09 2.9034E-09 5.3392E-09 9.8460E-09 1.7242E-08 2.7361E-08 3.8677E-08 4.8743E-08 5.5248E-08 5.7080E-08 5.4305E-08 4.8163E-08 4.0303E-08 3.2128E-08 2.4657E-08 1.8454E-08 1.3627E-08 1.0071E-08 7.5685E-09 5.8546E-09 4.7189E-09 3.9558E-09 3.4502E-09 3.0973E-09 2.8676E-09 2.7287E-09 2.6647E-09 2.6630E-09 2.6985E-09 2.7494E-09 2.7996E-09 2.8450E-09 2.8877E-09 2.9328E-09 2.9821E-09 3.0370E-09 3.0947E-09 3.1596E-09 3.2286E-09 3.3052E-09 3.3782E-09 3.4494E-09 3.5362E-09
8.2190E-10 8.5582E-10 8.9137E-10 9.2707E-10 9.6397E-10 1.0014E-09 1.0396E-09 1.0787E-09 1.1181E-09 1.1586E-09 1.1994E-09 1.2412E-09 1.2834E-09 1.4042E-09 1.6735E-09 2.6263E-09 4.8782E-09 8.8318E-09 1.5257E-08 2.4162E-08 3.4293E-08 4.3759E-08 5.0563E-08 5.3447E-08 5.2348E-08 4.7971E-08 4.1544E-08 3.4347E-08 2.7374E-08 2.1201E-08 1.6166E-08 1.2276E-08 9.3737E-09 7.2711E-09 5.7925E-09 4.7852E-09 4.1039E-09 3.6180E-09 3.3169E-09 3.0850E-09 2.9452E-09 2.8645E-09 2.8425E-09 2.8535E-09 2.8851E-09 2.9196E-09 2.9599E-09 3.0023E-09 3.0429E-09 3.0879E-09 3.1398E-09 3.2032E-09 3.2732E-09 3.3572E-09 3.4370E-09 3.5321E-09 3.6274E-09
8.1455E-10 8.4806E-10 8.8339E-10 9.1845E-10 9.5490E-10 9.9189E-10 1.0296E-09 1.0683E-09 1.1072E-09 1.1474E-09 1.1875E-09 1.2288E-09 1.2706E-09 1.3819E-09 1.6322E-09 2.5384E-09 4.4752E-09 7.9430E-09 1.3513E-08 2.1138E-08 2.9987E-08 3.8538E-08 4.5232E-08 4.8883E-08 4.9121E-08 4.6374E-08 4.1497E-08 3.5471E-08 2.9251E-08 2.3470E-08 1.8509E-08 1.4435E-08 1.1267E-08 8.8838E-09 7.1455E-09 5.8864E-09 4.9995E-09 4.3565E-09 3.9491E-09 3.6236E-09 3.4155E-09 3.2564E-09 3.1535E-09 3.0921E-09 3.0692E-09 3.0785E-09 3.1110E-09 3.1509E-09 3.1953E-09 3.2299E-09 3.2668E-09 3.3121E-09 3.3679E-09 3.4469E-09 3.5395E-09 3.6421E-09 3.7539E-09
