Assets/Resources/2015_m01_d11_2200(utc+0800)_l00_csi_1hr_conc.grd
DSAA
         159         159
     -79.000      79.000
     -79.000      79.000
  0.0000E+00  0.7070E-05
[rows 25 to 49 of 159, columns 57 to 113 of 159]
1.8603E-08 1.9369E-08 2.0185E-08 2.2102E-08 2.3355E-08 2.5760E-08 2.7252E-08 2.8161E-08 2.9701E-08 2.9443E-08 2.9635E-08 2.8472E-08 2.6454E-08 2.4110E-08 2.1379E-08 1.8713E-08 1.5955E-08 1.3398E-08 1.1030E-08 8.9826E-09 7.2217E-09 5.7473E-09 4.5099E-09 3.4124E-09 2.5756E-09 1.8670E-09 1.3696E-09 9.4698E-10 6.3156E-10 4.2698E-10 2.4742E-10 1.0891E-10 2.8984E-11 1.7939E-11 9.9570E-12 4.7536E-12 1.4572E-12 0.0000E+00 0.0000E+00 0.0000E+00 0.0000E+00 0.0000E+00 0.0000E+00 0.0000E+00 0.0000E+00 0.0000E+00 0.0000E+00 0.0000E+00 0.0000E+00 0.0000E+00 0.0000E+00 0.0000E+00 0.0000E+00 0.0000E+00 0.0000E+00 0.0000E+00 0.0000E+00
2.1031E-08 2.3394E-08 2.4717E-08 2.8248E-08 2.9752E-08 3.1993E-08 3.4447E-08 3.4815E-08 3.5630E-08 3.4730E-08 3.4014E-08 3.1820E-08 2.8969E-08 2.6112E-08 2.2855E-08 1.9865E-08 1.6866E-08 1.4123E-08 1.1679E-08 9.5478E-09 7.7145E-09 6.1593E-09 4.8537E-09 3.6798E-09 2.8063E-09 2.0461E-09 1.5043E-09 1.0573E-09 7.0323E-10 4.6471E-10 2.7713E-10 1.3296E-10 5.3589E-11 1.7663E-11 9.5313E-12 4.3365E-12 1.3477E-12 0.0000E+00 0.0000E+00 0.0000E+00 0.0000E+00 0.0000E+00 0.0000E+00 0.0000E+00 0.0000E+00 0.0000E+00 0.0000E+00 0.0000E+00 0.0000E+00 0.0000E+00 0.0000E+00 0.0000E+00 0.0000E+00 0.0000E+00 0.0000E+00 0.0000E+00 0.0000E+00
2.5420E-08 2.8535E-08 3.1043E-08 3.4833E-08 3.8157E-08 3.9406E-08 4.1256E-08 4.1025E-08 4.0954E-08 3.9343E-08 3.7237E-08 3.4502E-08 3.0968E-08 2.7723E-08 2.4230E-08 2.0921E-08 1.7841E-08 1.5019E-08 1.2497E-08 1.0278E-08 8.3559E-09 6.6988E-09 5.3020E-09 4.0610E-09 3.1128E-09 2.2937E-09 1.6865E-09 1.1967E-09 8.1478E-10 5.4217E-10 3.1352E-10 1.7123E-10 9.0148E-11 3.7171E-11 9.0648E-12 3.7542E-12 1.2325E-12 0.0000E+00 0.0000E+00 0.0000E+00 0.0000E+00 0.0000E+00 0.0000E+00 0.0000E+00 0.0000E+00 0.0000E+00 0.0000E+00 0.0000E+00 0.0000E+00 0.0000E+00 0.0000E+00 0.0000E+00 0.0000E+00 0.0000E+00 0.0000E+00 0.0000E+00 0.0000E+00
3.1605E-08 3.5333E-08 3.8444E-08 4.2738E-08 4.5736E-08 4.6385E-08 4.7368E-08 4.6427E-08 4.5068E-08 4.3135E-08 3.9691E-08 3.6532E-08 3.2782E-08 2.9103E-08 2.5567E-08 2.2194E-08 1.9043E-08 1.6148E-08 1.3521E-08 1.1193E-08 9.1589E-09 7.3837E-09 5.8862E-09 4.5521E-09 3.5050E-09 2.6258E-09 1.9410E-09 1.3948E-09 9.6314E-10 6.5715E-10 4.0082E-10 2.1441E-10 1.3367E-10 7.0334E-11 2.0929E-11 3.1871E-12 1.0465E-12 0.0000E+00 0.0000E+00 0.0000E+00 0.0000E+00 0.0000E+00 0.0000E+00 0.0000E+00 0.0000E+00 0.0000E+00 0.0000E+00 0.0000E+00 0.0000E+00 0.0000E+00 0.0000E+00 0.0000E+00 0.0000E+00 0.0000E+00 0.0000E+00 0.0000E+00 0.0000E+00
3.8570E-08 4.3711E-08 4.6803E-08 5.0218E-08 5.2441E-08 5.2448E-08 5.1963E-08 5.0469E-08 4.8188E-08 4.5510E-08 4.1834E-08 3.8116E-08 3.4391E-08 3.0723E-08 2.7148E-08 2.3721E-08 2.0504E-08 1.7505E-08 1.4783E-08 1.2326E-08 1.0157E-08 8.2541E-09 6.6415E-09 5.1978E-09 4.0321E-09 3.0641E-09 2.2978E-09 1.6729E-09 1.1638E-09 8.0066E-10 5.1782E-10 3.0256E-10 1.8622E-10 1.1069E-10 4.4614E-11 7.4340E-12 7.9211E-13 0.0000E+00 0.0000E+00 0.0000E+00 0.0000E+00 0.0000E+00 0.0000E+00 0.0000E+00 0.0000E+00 0.0000E+00 0.0000E+00 0.0000E+00 0.0000E+00 0.0000E+00 0.0000E+00 0.0000E+00 0.0000E+00 0.0000E+00 0.0000E+00 0.0000E+00 0.0000E+00
4.6593E-08 5.2078E-08 5.4887E-08 5.6710E-08 5.7298E-08 5.6731E-08 5.5565E-08 5.3251E-08 5.0479E-08 4.7072E-08 4.3541E-08 3.9918E-08 3.6250E-08 3.2599E-08 2.8999E-08 2.5531E-08 2.2245E-08 1.9175E-08 1.6330E-08 1.3739E-08 1.1399E-08 9.3636E-09 7.5946E-09 6.0149E-09 4.7271E-09 3.6367E-09 2.7542E-09 2.0433E-09 1.4481E-09 9.9423E-10 6.6289E-10 4.3372E-10 2.6947E-10 1.5393E-10 7.8570E-11 2.2296E-11 1.6327E-12 0.0000E+00 0.0000E+00 0.0000E+00 0.0000E+00 0.0000E+00 0.0000E+00 0.0000E+00 0.0000E+00 0.0000E+00 0.0000E+00 0.0000E+00 0.0000E+00 0.0000E+00 0.0000E+00 0.0000E+00 0.0000E+00 0.0000E+00 0.0000E+00 0.0000E+00 0.0000E+00
5.4156E-08 5.8812E-08 6.0494E-08 6.1015E-08 6.1067E-08 5.9360E-08 5.7755E-08 5.4981E-08 5.1981E-08 4.8794E-08 4.5428E-08 4.1932E-08 3.8371E-08 3.4755E-08 3.1161E-08 2.7669E-08 2.4323E-08 2.1153E-08 1.8171E-08 1.5420E-08 1.2938E-08 1.0746E-08 8.8004E-09 7.0669E-09 5.6246E-09 4.3880E-09 3.3718E-09 2.5220E-09 1.8522E-09 1.2756E-09 8.7611E-10 5.9238E-10 3.8214E-10 2.2356E-10 1.1666E-10 4.7270E-11 9.7598E-12 0.0000E+00 0.0000E+00 0.0000E+00 0.0000E+00 0.0000E+00 0.0000E+00 0.0000E+00 0.0000E+00 0.0000E+00 0.0000E+00 0.0000E+00 0.0000E+00 0.0000E+00 0.0000E+00 0.0000E+00 0.0000E+00 0.0000E+00 0.0000E+00 0.0000E+00 0.0000E+00
6.0424E-08 6.2912E-08 6.4194E-08 6.3299E-08 6.2905E-08 6.0957E-08 5.8752E-08 5.6283E-08 5.3580E-08 5.0642E-08 4.7515E-08 4.4208E-08 4.0755E-08 3.7209E-08 3.3640E-08 3.0132E-08 2.6743E-08 2.3494E-08 2.0386E-08 1.7477E-08 1.4823E-08 1.2437E-08 1.0318E-08 8.3932E-09 6.7631E-09 5.3448E-09 4.1666E-09 3.1611E-09 2.3337E-09 1.6704E-09 1.1478E-09 7.9008E-10 5.2449E-10 3.1691E-10 1.7127E-10 7.9830E-11 2.6230E-11 1.8507E-12 0.0000E+00 0.0000E+00 0.0000E+00 0.0000E+00 0.0000E+00 0.0000E+00 0.0000E+00 0.0000E+00 0.0000E+00 0.0000E+00 0.0000E+00 0.0000E+00 0.0000E+00 0.0000E+00 0.0000E+00 0.0000E+00 0.0000E+00 0.0000E+00 0.0000E+00
6.4746E-08 6.4667E-08 6.5503E-08 6.4431E-08 6.3108E-08 6.1535E-08 5.9705E-08 5.7622E-08 5.5270E-08 5.2665E-08 4.9799E-08 4.6690E-08 4.3388E-08 3.9944E-08 3.6432E-08 3.2971E-08 2.9559E-08 2.6222E-08 2.2972E-08 1.9908E-08 1.7070E-08 1.4490E-08 1.2167E-08 1.0057E-08 8.1952E-09 6.5617E-09 5.1674E-09 3.9633E-09 2.9561E-09 2.1486E-09 1.5291E-09 1.0585E-09 7.0043E-10 4.3789E-10 2.5005E-10 1.2108E-10 4.7952E-11 9.9782E-12 0.0000E+00 0.0000E+00 0.0000E+00 0.0000E+00 0.0000E+00 0.0000E+00 0.0000E+00 0.0000E+00 0.0000E+00 0.0000E+00 0.0000E+00 0.0000E+00 0.0000E+00 0.0000E+00 0.0000E+00 0.0000E+00 0.0000E+00 0.0000E+00 0.0000E+00
6.5435E-08 6.5193E-08 6.4751E-08 6.4075E-08 6.3162E-08 6.2037E-08 6.0654E-08 5.8998E-08 5.7052E-08 5.4789E-08 5.2232E-08 4.9374E-08 4.6257E-08 4.2943E-08 3.9558E-08 3.6160E-08 3.2750E-08 2.9308E-08 2.5965E-08 2.2758E-08 1.9762E-08 1.6992E-08 1.4434E-08 1.2067E-08 9.9730E-09 8.0877E-09 6.4242E-09 5.0135E-09 3.7914E-09 2.7989E-09 2.0180E-09 1.4173E-09 9.5045E-10 6.0535E-10 3.5886E-10 1.8353E-10 7.9937E-11 2.5349E-11 2.8924E-13 0.0000E+00 0.0000E+00 0.0000E+00 0.0000E+00 0.0000E+00 0.0000E+00 0.0000E+00 0.0000E+00 0.0000E+00 0.0000E+00 0.0000E+00 0.0000E+00 0.0000E+00 0.0000E+00 0.0000E+00 0.0000E+00 0.0000E+00 0.0000E+00
6.3693E-08 6.3822E-08 6.3763E-08 6.3515E-08 6.3093E-08 6.2447E-08 6.1551E-08 6.0366E-08 5.8854E-08 5.7001E-08 5.4771E-08 5.2183E-08 4.9299E-08 4.6197E-08 4.3011E-08 3.9728E-08 3.6286E-08 3.2813E-08 2.9384E-08 2.6055E-08 2.2888E-08 1.9929E-08 1.7122E-08 1.4482E-08 1.2079E-08 9.9193E-09 7.9462E-09 6.2293E-09 4.7851E-09 3.5725E-09 2.6076E-09 1.8505E-09 1.2604E-09 8.1221E-10 4.9921E-10 2.7307E-10 1.2720E-10 4.9857E-11 5.5469E-12 0.0000E+00 0.0000E+00 0.0000E+00 0.0000E+00 0.0000E+00 0.0000E+00 0.0000E+00 0.0000E+00 0.0000E+00 0.0000E+00 0.0000E+00 0.0000E+00 0.0000E+00 0.0000E+00 0.0000E+00 0.0000E+00 0.0000E+00 0.0000E+00
6.1706E-08 6.2198E-08 6.2564E-08 6.2799E-08 6.2875E-08 6.2739E-08 6.2358E-08 6.1667E-08 6.0621E-08 5.9176E-08 5.7312E-08 5.5070E-08 5.2473E-08 4.9689E-08 4.6751E-08 4.3537E-08 4.0127E-08 3.6653E-08 3.3193E-08 2.9786E-08 2.6470E-08 2.3355E-08 2.0294E-08 1.7371E-08 1.4622E-08 1.2134E-08 9.8609E-09 7.8234E-09 6.0574E-09 4.5737E-09 3.3622E-09 2.3961E-09 1.6450E-09 1.0736E-09 6.6558E-10 3.8606E-10 1.9178E-10 8.4263E-11 1.9848E-11 0.0000E+00 0.0000E+00 0.0000E+00 0.0000E+00 0.0000E+00 0.0000E+00 0.0000E+00 0.0000E+00 0.0000E+00 0.0000E+00 0.0000E+00 0.0000E+00 0.0000E+00 0.0000E+00 0.0000E+00 0.0000E+00 0.0000E+00 0.0000E+00
5.9460E-08 6.0346E-08 6.1162E-08 6.1874E-08 6.2461E-08 6.2854E-08 6.2994E-08 6.2809E-08 6.2232E-08 6.1231E-08 5.9785E-08 5.7908E-08 5.5738E-08 5.3337E-08 5.0619E-08 4.7540E-08 4.4242E-08 4.0837E-08 3.7399E-08 3.3940E-08 3.0552E-08 2.7224E-08 2.3896E-08 2.0663E-08 1.7558E-08 1.4678E-08 1.2043E-08 9.6571E-09 7.5527E-09 5.7783E-09 4.2874E-09 3.0763E-09 2.1267E-09 1.4073E-09 8.7826E-10 5.2208E-10 2.7256E-10 1.3098E-10 4.5747E-11 9.4527E-13 0.0000E+00 0.0000E+00 0.0000E+00 0.0000E+00 0.0000E+00 0.0000E+00 0.0000E+00 0.0000E+00 0.0000E+00 0.0000E+00 0.0000E+00 0.0000E+00 0.0000E+00 0.0000E+00 0.0000E+00 0.0000E+00 0.0000E+00
5.7011E-08 5.8292E-08 5.9540E-08 6.0725E-08 6.1807E-08 6.2703E-08 6.3352E-08 6.3657E-08 6.3583E-08 6.3049E-08 6.2044E-08 6.0664E-08 5.8981E-08 5.6983E-08 5.4508E-08 5.1636E-08 4.8536E-08 4.5270E-08 4.1894E-08 3.8479E-08 3.5041E-08 3.1577E-08 2.7972E-08 2.4449E-08 2.1048E-08 1.7781E-08 1.4710E-08 1.1903E-08 9.3890E-09 7.2270E-09 5.3988E-09 3.9012E-09 2.7167E-09 1.8175E-09 1.1509E-09 6.9132E-10 3.8210E-10 1.8436E-10 7.7781E-11 6.2691E-12 0.0000E+00 0.0000E+00 0.0000E+00 0.0000E+00 0.0000E+00 0.0000E+00 0.0000E+00 0.0000E+00 0.0000E+00 0.0000E+00 0.0000E+00 0.0000E+00 0.0000E+00 0.0000E+00 0.0000E+00 0.0000E+00 0.0000E+00
5.4352E-08 5.6010E-08 5.7660E-08 5.9274E-08 6.0824E-08 6.2196E-08 6.3325E-08 6.4128E-08 6.4526E-08 6.4469E-08 6.4003E-08 6.3191E-08 6.2056E-08 6.0413E-08 5.8242E-08 5.5705E-08 5.2892E-08 4.9862E-08 4.6672E-08 4.3356E-08 3.9923E-08 3.6264E-08 3.2448E-08 2.8654E-08 2.4929E-08 2.1258E-08 1.7748E-08 1.4501E-08 1.1572E-08 8.9711E-09 6.7428E-09 4.9081E-09 3.4301E-09 2.3133E-09 1.4912E-09 9.0147E-10 5.0756E-10 2.4642E-10 1.1621E-10 2.0639E-11 0.0000E+00 0.0000E+00 0.0000E+00 0.0000E+00 0.0000E+00 0.0000E+00 0.0000E+00 0.0000E+00 0.0000E+00 0.0000E+00 0.0000E+00 0.0000E+00 0.0000E+00 0.0000E+00 0.0000E+00 0.0000E+00 0.0000E+00
5.1519E-08 5.3483E-08 5.5478E-08 5.7483E-08 5.9423E-08 6.1222E-08 6.2802E-08 6.4048E-08 6.4936E-08 6.5410E-08 6.5532E-08 6.5339E-08 6.4665E-08 6.3432E-08 6.1709E-08 5.9593E-08 5.7176E-08 5.4483E-08 5.1570E-08 4.8471E-08 4.5113E-08 4.1357E-08 3.7416E-08 3.3392E-08 2.9335E-08 2.5249E-08 2.1301E-08 1.7544E-08 1.4098E-08 1.1016E-08 8.3421E-09 6.1129E-09 4.3154E-09 2.9110E-09 1.8814E-09 1.1379E-09 6.6062E-10 3.3240E-10 1.5593E-10 4.2315E-11 0.0000E+00 0.0000E+00 0.0000E+00 0.0000E+00 0.0000E+00 0.0000E+00 0.0000E+00 0.0000E+00 0.0000E+00 0.0000E+00 0.0000E+00 0.0000E+00 0.0000E+00 0.0000E+00 0.0000E+00 0.0000E+00 0.0000E+00
4.8463E-08 5.0677E-08 5.2956E-08 5.5259E-08 5.7543E-08 5.9707E-08 6.1665E-08 6.3342E-08 6.4691E-08 6.5727E-08 6.6482E-08 6.6815E-08 6.6626E-08 6.5884E-08 6.4672E-08 6.3107E-08 6.1187E-08 5.8980E-08 5.6481E-08 5.3674E-08 5.0406E-08 4.6650E-08 4.2696E-08 3.8501E-08 3.4166E-08 2.9705E-08 2.5277E-08 2.1011E-08 1.7004E-08 1.3385E-08 1.0205E-08 7.5196E-09 5.3397E-09 3.6287E-09 2.3551E-09 1.4265E-09 8.3537E-10 4.3504E-10 2.0111E-10 6.8530E-11 0.0000E+00 0.0000E+00 0.0000E+00 0.0000E+00 0.0000E+00 0.0000E+00 0.0000E+00 0.0000E+00 0.0000E+00 0.0000E+00 0.0000E+00 0.0000E+00 0.0000E+00 0.0000E+00 0.0000E+00 0.0000E+00 0.0000E+00
4.5186E-08 4.7574E-08 5.0043E-08 5.2572E-08 5.5103E-08 5.7552E-08 5.9838E-08 6.1894E-08 6.3723E-08 6.5320E-08 6.6599E-08 6.7418E-08 6.7719E-08 6.7542E-08 6.6982E-08 6.6044E-08 6.4782E-08 6.3175E-08 6.1251E-08 5.8840E-08 5.5792E-08 5.2219E-08 4.8276E-08 4.3978E-08 3.9356E-08 3.4549E-08 2.9681E-08 2.4888E-08 2.0306E-08 1.6110E-08 1.2375E-08 9.1784E-09 6.5458E-09 4.4542E-09 2.9073E-09 1.7858E-09 1.0349E-09 5.5244E-10 2.4928E-10 9.6003E-11 6.1825E-12 0.0000E+00 0.0000E+00 0.0000E+00 0.0000E+00 0.0000E+00 0.0000E+00 0.0000E+00 0.0000E+00 0.0000E+00 0.0000E+00 0.0000E+00 0.0000E+00 0.0000E+00 0.0000E+00 0.0000E+00 0.0000E+00
4.1682E-08 4.4162E-08 4.6735E-08 4.9395E-08 5.2093E-08 5.4734E-08 5.7268E-08 5.9674E-08 6.1942E-08 6.4001E-08 6.5702E-08 6.6955E-08 6.7807E-08 6.8285E-08 6.8385E-08 6.8223E-08 6.7707E-08 6.6883E-08 6.5613E-08 6.3681E-08 6.1022E-08 5.7778E-08 5.3997E-08 4.9676E-08 4.4907E-08 3.9816E-08 3.4500E-08 2.9186E-08 2.4031E-08 1.9223E-08 1.4893E-08 1.1113E-08 7.9710E-09 5.4413E-09 3.5592E-09 2.2077E-09 1.2700E-09 6.8646E-10 3.0760E-10 1.2194E-10 1.7529E-11 0.0000E+00 0.0000E+00 0.0000E+00 0.0000E+00 0.0000E+00 0.0000E+00 0.0000E+00 0.0000E+00 0.0000E+00 0.0000E+00 0.0000E+00 0.0000E+00 0.0000E+00 0.0000E+00 0.0000E+00 0.0000E+00
3.7976E-08 4.0462E-08 4.3043E-08 4.5738E-08 4.8502E-08 5.1255E-08 5.3980E-08 5.6676E-08 5.9294E-08 6.1638E-08 6.3637E-08 6.5349E-08 6.6784E-08 6.7897E-08 6.8768E-08 6.9428E-08 6.9815E-08 6.9890E-08 6.9380E-08 6.8103E-08 6.5990E-08 6.3250E-08 5.9720E-08 5.5528E-08 5.0696E-08 4.5376E-08 3.9720E-08 3.3898E-08 2.8182E-08 2.2739E-08 1.7768E-08 1.3355E-08 9.6032E-09 6.6118E-09 4.3199E-09 2.6943E-09 1.5436E-09 8.3794E-10 3.8275E-10 1.4606E-10 2.7014E-11 0.0000E+00 0.0000E+00 0.0000E+00 0.0000E+00 0.0000E+00 0.0000E+00 0.0000E+00 0.0000E+00 0.0000E+00 0.0000E+00 0.0000E+00 0.0000E+00 0.0000E+00 0.0000E+00 0.0000E+00 0.0000E+00
3.4103E-08 3.6504E-08 3.9012E-08 4.1654E-08 4.4398E-08 4.7175E-08 5.0021E-08 5.2915E-08 5.5667E-08 5.8150E-08 6.0448E-08 6.2601E-08 6.4541E-08 6.6322E-08 6.7940E-08 6.9527E-08 7.0898E-08 7.1922E-08 7.2274E-08 7.1773E-08 7.0521E-08 6.8363E-08 6.5307E-08 6.1379E-08 5.6641E-08 5.1199E-08 4.5284E-08 3.9087E-08 3.2851E-08 2.6778E-08 2.1086E-08 1.5936E-08 1.1514E-08 7.9801E-09 5.2190E-09 3.2453E-09 1.8697E-09 9.9676E-10 4.6119E-10 1.6785E-10 3.3916E-11 0.0000E+00 0.0000E+00 0.0000E+00 0.0000E+00 0.0000E+00 0.0000E+00 0.0000E+00 0.0000E+00 0.0000E+00 0.0000E+00 0.0000E+00 0.0000E+00 0.0000E+00 0.0000E+00 0.0000E+00 0.0000E+00
3.0124E-08 3.2364E-08 3.4725E-08 3.7244E-08 3.9871E-08 4.2612E-08 4.5499E-08 4.8390E-08 5.1092E-08 5.3670E-08 5.6211E-08 5.8711E-08 6.1116E-08 6.3501E-08 6.5894E-08 6.8408E-08 7.0723E-08 7.2739E-08 7.4075E-08 7.4631E-08 7.4319E-08 7.2991E-08 7.0594E-08 6.7100E-08 6.2596E-08 5.7223E-08 5.1184E-08 4.4699E-08 3.7989E-08 3.1313E-08 2.4809E-08 1.8866E-08 1.3727E-08 9.5512E-09 6.2622E-09 3.8836E-09 2.2269E-09 1.1653E-09 5.3857E-10 1.9216E-10 4.1914E-11 1.3037E-13 0.0000E+00 0.0000E+00 0.0000E+00 0.0000E+00 0.0000E+00 0.0000E+00 0.0000E+00 0.0000E+00 0.0000E+00 0.0000E+00 0.0000E+00 0.0000E+00 0.0000E+00 0.0000E+00 0.0000E+00
2.6120E-08 2.8139E-08 3.0308E-08 3.2616E-08 3.5078E-08 3.7721E-08 4.0479E-08 4.3186E-08 4.5761E-08 4.8418E-08 5.1100E-08 5.3821E-08 5.6589E-08 5.9518E-08 6.2590E-08 6.5915E-08 6.9194E-08 7.2234E-08 7.4701E-08 7.6383E-08 7.7186E-08 7.6892E-08 7.5345E-08 7.2520E-08 6.8453E-08 6.3374E-08 5.7417E-08 5.0797E-08 4.3692E-08 3.6287E-08 2.8954E-08 2.2220E-08 1.6273E-08 1.1349E-08 7.4621E-09 4.5895E-09 2.6209E-09 1.3534E-09 6.2017E-10 2.2208E-10 4.8541E-11 5.8618E-13 0.0000E+00 0.0000E+00 0.0000E+00 0.0000E+00 0.0000E+00 0.0000E+00 0.0000E+00 0.0000E+00 0.0000E+00 0.0000E+00 0.0000E+00 0.0000E+00 0.0000E+00 0.0000E+00 0.0000E+00
2.2182E-08 2.3965E-08 2.5871E-08 2.7941E-08 3.0184E-08 3.2621E-08 3.5099E-08 3.7539E-08 4.0004E-08 4.2610E-08 4.5305E-08 4.8147E-08 5.1174E-08 5.4511E-08 5.8097E-08 6.2087E-08 6.6251E-08 7.0287E-08 7.3858E-08 7.6845E-08 7.8928E-08 7.9860E-08 7.9386E-08 7.7449E-08 7.4161E-08 6.9570E-08 6.3919E-08 5.7320E-08 4.9832E-08 4.1711E-08 3.3604E-08 2.6029E-08 1.9201E-08 1.3424E-08 8.8277E-09 5.3938E-09 3.0622E-09 1.5707E-09 7.2247E-10 2.5737E-10 6.4103E-11 0.0000E+00 0.0000E+00 0.0000E+00 0.0000E+00 0.0000E+00 0.0000E+00 0.0000E+00 0.0000E+00 0.0000E+00 0.0000E+00 0.0000E+00 0.0000E+00 0.0000E+00 0.0000E+00 0.0000E+00 0.0000E+00
1.8430E-08 1.9938E-08 2.1575E-08 2.3365E-08 2.5354E-08 2.7459E-08 2.9597E-08 3.1778E-08 3.4070E-08 3.6530E-08 3.9128E-08 4.1965E-08 4.5115E-08 4.8625E-08 5.2470E-08 5.7066E-08 6.1938E-08 6.6848E-08 7.1512E-08 7.5823E-08 7.9322E-08 8.1634E-08 8.2472E-08 8.1752E-08 7.9477E-08 7.5732E-08 7.0619E-08 6.4081E-08 5.6199E-08 4.7606E-08 3.8812E-08 3.0339E-08 2.2550E-08 1.5790E-08 1.0386E-08 6.3326E-09 3.5834E-09 1.8339E-09 8.3561E-10 3.0791E-10 7.9583E-11 6.2817E-13 0.0000E+00 0.0000E+00 0.0000E+00 0.0000E+00 0.0000E+00 0.0000E+00 0.0000E+00 0.0000E+00 0.0000E+00 0.0000E+00 0.0000E+00 0.0000E+00 0.0000E+00 0.0000E+00 0.0000E+00
