Assets/Resources/2015_m01_d30_2000(utc+0800)_l00_csi_1hr_conc.grd
DSAA
         159         159
     -79.000      79.000
     -79.000      79.000
  0.0000E+00  0.8071E-05
[rows 50 to 74 of 159, columns 57 to 113 of 159]
0.0000E+00 2.5262E-12 1.0564E-11 2.1519E-11 4.2827E-11 8.1104E-11 1.1955E-10 1.8209E-10 2.6120E-10 3.5492E-10 5.8274E-10 1.0762E-09 1.8002E-09 2.6175E-09 3.8394E-09 5.6598E-09 8.7249E-09 1.3178E-08 1.9647E-08 2.8509E-08 4.0121E-08 5.4191E-08 6.9863E-08 8.5729E-08 1.0007E-07 1.1122E-07 1.1802E-07 1.1971E-07 1.1661E-07 1.0927E-07 9.8840E-08 8.6689E-08 7.3928E-08 6.1513E-08 4.9575E-08 3.9103E-08 3.0205E-08 2.2819E-08 1.6982E-08 1.2368E-08 9.0835E-09 6.5116E-09 4.6046E-09 3.3054E-09 2.4197E-09 1.7929E-09 1.3803E-09 1.0902E-09 8.9831E-10 7.5550E-10 6.4145E-10 5.5662E-10 5.0936E-10 4.6617E-10 4.2521E-10 3.8855E-10 3.5585E-10
0.0000E+00 0.0000E+00 2.3329E-12 1.0112E-11 1.8939E-11 4.2476E-11 7.3024E-11 1.2099E-10 1.8801E-10 2.7416E-10 3.8126E-10 5.4443E-10 9.5910E-10 1.7159E-09 2.9214E-09 4.4649E-09 7.3567E-09 1.1935E-08 1.8768E-08 2.8511E-08 4.1425E-08 5.7319E-08 7.5160E-08 9.3122E-08 1.0897E-07 1.2071E-07 1.2684E-07 1.2702E-07 1.2166E-07 1.1179E-07 9.9111E-08 8.4968E-08 7.0839E-08 5.7618E-08 4.5843E-08 3.5480E-08 2.7008E-08 2.0106E-08 1.4589E-08 1.0520E-08 7.3746E-09 5.1435E-09 3.6619E-09 2.6258E-09 1.9165E-09 1.4163E-09 1.1172E-09 8.7713E-10 7.0784E-10 5.8993E-10 5.0766E-10 4.5885E-10 4.1899E-10 3.8198E-10 3.4873E-10 3.1890E-10 2.9325E-10
0.0000E+00 0.0000E+00 0.0000E+00 1.8303E-12 9.1608E-12 1.9639E-11 3.5432E-11 7.0361E-11 1.1959E-10 2.0858E-10 2.8314E-10 3.9763E-10 6.1738E-10 1.0553E-09 2.0310E-09 3.7379E-09 6.4040E-09 1.0971E-08 1.8269E-08 2.8949E-08 4.3531E-08 6.1775E-08 8.2245E-08 1.0265E-07 1.2015E-07 1.3219E-07 1.3724E-07 1.3514E-07 1.2669E-07 1.1393E-07 9.8571E-08 8.2468E-08 6.7026E-08 5.3119E-08 4.1255E-08 3.1284E-08 2.3513E-08 1.7313E-08 1.2462E-08 8.5256E-09 5.8236E-09 4.1131E-09 2.8831E-09 2.0626E-09 1.5003E-09 1.1270E-09 8.5811E-10 6.8071E-10 5.5712E-10 4.6997E-10 4.0829E-10 3.7199E-10 3.3544E-10 3.0582E-10 2.7956E-10 2.5691E-10 2.3652E-10
0.0000E+00 0.0000E+00 0.0000E+00 0.0000E+00 1.1664E-12 7.6483E-12 1.9169E-11 3.5574E-11 6.3213E-11 1.1998E-10 2.0712E-10 2.9824E-10 4.2578E-10 8.8824E-10 1.6286E-09 3.0207E-09 5.6415E-09 1.0377E-08 1.8127E-08 2.9828E-08 4.6361E-08 6.7320E-08 9.0833E-08 1.1390E-07 1.3297E-07 1.4505E-07 1.4846E-07 1.4333E-07 1.3140E-07 1.1505E-07 9.6775E-08 7.8764E-08 6.2212E-08 4.7978E-08 3.6281E-08 2.6995E-08 1.9731E-08 1.4106E-08 9.9719E-09 6.9756E-09 4.7543E-09 3.2326E-09 2.2416E-09 1.5626E-09 1.1517E-09 8.6690E-10 6.6248E-10 5.2788E-10 4.2039E-10 3.5108E-10 3.1917E-10 2.9038E-10 2.6469E-10 2.4439E-10 2.2414E-10 2.0594E-10 1.7844E-10
0.0000E+00 0.0000E+00 0.0000E+00 0.0000E+00 0.0000E+00 4.8951E-13 5.4884E-12 1.7169E-11 3.4331E-11 6.0442E-11 1.2062E-10 1.9585E-10 2.9576E-10 6.7867E-10 1.4171E-09 2.7789E-09 5.2138E-09 9.8455E-09 1.8164E-08 3.1130E-08 4.9790E-08 7.3720E-08 1.0057E-07 1.2660E-07 1.4709E-07 1.5859E-07 1.5958E-07 1.5074E-07 1.3460E-07 1.1446E-07 9.3409E-08 7.3594E-08 5.6347E-08 4.2126E-08 3.0957E-08 2.2249E-08 1.5791E-08 1.1142E-08 7.8369E-09 5.5185E-09 3.8230E-09 2.5013E-09 1.6300E-09 1.2099E-09 8.7840E-10 6.3910E-10 4.7875E-10 3.7048E-10 2.9861E-10 2.6986E-10 2.4476E-10 2.1747E-10 1.8178E-10 1.6865E-10 1.5453E-10 1.4046E-10 1.2895E-10
0.0000E+00 0.0000E+00 0.0000E+00 0.0000E+00 0.0000E+00 0.0000E+00 1.0149E-13 3.0255E-12 1.3223E-11 3.0490E-11 6.0088E-11 1.1671E-10 1.8719E-10 4.2813E-10 1.1692E-09 2.4970E-09 5.0724E-09 9.7738E-09 1.8348E-08 3.2411E-08 5.3271E-08 8.0538E-08 1.1129E-07 1.4024E-07 1.6194E-07 1.7230E-07 1.6993E-07 1.5655E-07 1.3580E-07 1.1181E-07 8.8058E-08 6.6846E-08 4.9247E-08 3.5435E-08 2.5027E-08 1.7576E-08 1.2330E-08 8.6582E-09 5.9219E-09 3.8836E-09 2.5863E-09 1.7535E-09 1.1878E-09 8.1740E-10 5.7717E-10 4.0267E-10 2.7907E-10 2.0359E-10 1.7874E-10 1.6413E-10 1.5068E-10 1.3949E-10 1.2734E-10 1.1509E-10 1.0411E-10 9.5011E-11 8.7154E-11
0.0000E+00 0.0000E+00 0.0000E+00 0.0000E+00 0.0000E+00 0.0000E+00 0.0000E+00 0.0000E+00 1.0768E-12 8.2207E-12 2.3304E-11 5.5009E-11 1.0388E-10 2.6721E-10 8.4350E-10 2.2257E-09 4.8410E-09 9.6665E-09 1.8643E-08 3.3697E-08 5.6718E-08 8.7369E-08 1.2211E-07 1.5432E-07 1.7725E-07 1.8574E-07 1.7935E-07 1.6062E-07 1.3464E-07 1.0660E-07 8.0428E-08 5.8389E-08 4.1218E-08 2.8502E-08 1.9473E-08 1.3237E-08 8.9470E-09 5.9415E-09 4.0082E-09 2.6096E-09 1.7106E-09 1.1323E-09 7.6843E-10 5.1836E-10 3.4235E-10 2.2919E-10 1.6525E-10 1.4667E-10 1.3362E-10 1.1989E-10 1.0837E-10 9.6676E-11 8.6893E-11 7.7880E-11 6.9923E-11 6.4174E-11 5.8136E-11
0.0000E+00 0.0000E+00 0.0000E+00 0.0000E+00 0.0000E+00 0.0000E+00 0.0000E+00 0.0000E+00 0.0000E+00 1.5602E-13 3.3558E-12 1.4372E-11 3.5683E-11 1.4561E-10 6.0294E-10 1.7686E-09 4.4278E-09 9.2887E-09 1.8347E-08 3.4255E-08 5.9198E-08 9.3228E-08 1.3223E-07 1.6859E-07 1.9317E-07 2.0016E-07 1.8936E-07 1.6462E-07 1.3296E-07 1.0082E-07 7.2512E-08 5.0174E-08 3.3778E-08 2.2379E-08 1.4693E-08 9.6476E-09 6.4569E-09 4.1920E-09 2.6339E-09 1.6592E-09 1.2104E-09 7.6452E-10 4.7794E-10 3.1121E-10 1.9110E-10 1.3610E-10 1.2378E-10 1.1151E-10 1.0143E-10 9.1073E-11 8.1376E-11 7.3170E-11 6.3972E-11 5.6097E-11 4.9738E-11 4.3252E-11 3.9575E-11
0.0000E+00 0.0000E+00 0.0000E+00 0.0000E+00 0.0000E+00 0.0000E+00 0.0000E+00 0.0000E+00 0.0000E+00 0.0000E+00 0.0000E+00 5.7161E-13 5.7704E-12 4.8218E-11 3.8796E-10 1.3725E-09 3.6888E-09 8.4536E-09 1.7400E-08 3.3513E-08 5.9656E-08 9.6507E-08 1.4009E-07 1.8130E-07 2.0842E-07 2.1491E-07 1.9954E-07 1.6876E-07 1.3117E-07 9.4916E-08 6.4818E-08 4.2424E-08 2.7075E-08 1.7087E-08 1.0750E-08 6.7406E-09 4.2152E-09 2.7185E-09 1.7807E-09 1.0541E-09 6.4233E-10 4.2341E-10 2.6621E-10 1.5560E-10 1.1333E-10 1.0248E-10 9.1712E-11 8.3048E-11 7.4969E-11 6.7658E-11 5.9462E-11 5.2118E-11 4.6124E-11 4.0061E-11 3.6506E-11 3.3887E-11 3.0082E-11
0.0000E+00 0.0000E+00 0.0000E+00 0.0000E+00 0.0000E+00 0.0000E+00 0.0000E+00 0.0000E+00 0.0000E+00 0.0000E+00 0.0000E+00 0.0000E+00 0.0000E+00 8.9494E-12 1.4276E-10 8.5405E-10 2.8956E-09 7.1879E-09 1.5565E-08 3.1189E-08 5.7481E-08 9.6125E-08 1.4385E-07 1.9050E-07 2.2279E-07 2.2982E-07 2.1069E-07 1.7349E-07 1.2966E-07 8.9403E-08 5.7651E-08 3.5438E-08 2.1194E-08 1.2502E-08 7.2776E-09 4.4185E-09 2.6005E-09 1.5283E-09 8.6645E-10 5.3779E-10 3.4446E-10 2.0534E-10 1.1357E-10 8.8072E-11 7.9159E-11 7.1481E-11 6.5411E-11 5.9249E-11 5.3060E-11 4.6810E-11 4.1532E-11 3.7226E-11 3.3778E-11 3.1432E-11 2.9028E-11 2.6214E-11 2.4135E-11
0.0000E+00 0.0000E+00 0.0000E+00 0.0000E+00 0.0000E+00 0.0000E+00 0.0000E+00 0.0000E+00 0.0000E+00 0.0000E+00 0.0000E+00 0.0000E+00 0.0000E+00 0.0000E+00 6.3296E-11 3.1947E-10 1.8189E-09 5.5218E-09 1.2884E-08 2.7101E-08 5.2305E-08 9.1417E-08 1.4256E-07 1.9608E-07 2.3546E-07 2.4557E-07 2.2392E-07 1.8017E-07 1.2994E-07 8.5326E-08 5.1787E-08 2.9683E-08 1.6252E-08 8.9641E-09 4.8111E-09 2.3578E-09 1.1260E-09 7.5296E-10 4.5041E-10 2.3851E-10 1.3329E-10 7.3383E-11 6.3017E-11 5.8103E-11 5.3570E-11 4.8802E-11 4.3653E-11 3.8611E-11 3.4540E-11 3.1326E-11 2.8919E-11 2.6902E-11 2.4864E-11 2.2814E-11 2.0932E-11 1.9156E-11 1.7856E-11
0.0000E+00 0.0000E+00 0.0000E+00 0.0000E+00 0.0000E+00 0.0000E+00 0.0000E+00 0.0000E+00 0.0000E+00 0.0000E+00 0.0000E+00 0.0000E+00 0.0000E+00 0.0000E+00 1.6428E-11 1.5715E-10 8.3988E-10 3.4987E-09 9.5831E-09 2.1622E-08 4.4283E-08 8.2324E-08 1.3620E-07 1.9712E-07 2.4592E-07 2.6254E-07 2.4023E-07 1.9050E-07 1.3308E-07 8.3479E-08 4.7649E-08 2.5246E-08 1.2591E-08 5.6569E-09 2.4660E-09 1.1592E-09 5.8772E-10 2.8494E-10 1.3357E-10 7.2391E-11 4.6531E-11 4.3804E-11 4.0481E-11 3.6581E-11 3.2898E-11 2.9778E-11 2.7231E-11 2.5258E-11 2.3579E-11 2.1978E-11 2.0335E-11 1.8655E-11 1.7043E-11 1.5726E-11 1.4671E-11 1.3703E-11 1.2091E-11
0.0000E+00 0.0000E+00 0.0000E+00 0.0000E+00 0.0000E+00 0.0000E+00 0.0000E+00 0.0000E+00 0.0000E+00 0.0000E+00 0.0000E+00 0.0000E+00 0.0000E+00 0.0000E+00 4.1413E-13 5.3616E-11 3.6771E-10 1.5488E-09 5.8238E-09 1.5456E-08 3.4241E-08 6.9070E-08 1.2371E-07 1.9241E-07 2.5455E-07 2.8231E-07 2.6204E-07 2.0579E-07 1.3960E-07 8.3517E-08 4.4733E-08 2.1395E-08 9.2275E-09 3.9192E-09 1.4121E-09 4.8335E-10 1.6699E-10 9.7502E-11 3.6738E-11 2.8492E-11 2.6441E-11 2.4525E-11 2.2836E-11 2.1427E-11 2.0335E-11 1.9225E-11 1.8059E-11 1.6844E-11 1.5584E-11 1.4232E-11 1.3036E-11 1.1969E-11 1.0890E-11 9.6213E-12 7.9977E-12 6.4085E-12 4.8885E-12
0.0000E+00 0.0000E+00 0.0000E+00 0.0000E+00 0.0000E+00 0.0000E+00 0.0000E+00 0.0000E+00 0.0000E+00 0.0000E+00 0.0000E+00 0.0000E+00 0.0000E+00 0.0000E+00 0.0000E+00 6.9400E-12 9.2296E-11 5.9976E-10 2.7984E-09 9.4840E-09 2.3721E-08 5.2989E-08 1.0547E-07 1.8138E-07 2.6079E-07 3.0579E-07 2.9080E-07 2.2684E-07 1.4915E-07 8.4462E-08 4.2365E-08 1.8804E-08 7.4032E-09 2.5952E-09 7.1283E-10 1.3266E-10 3.7374E-11 1.4053E-11 1.4284E-11 1.4375E-11 1.4333E-11 1.3993E-11 1.3416E-11 1.2669E-11 1.1770E-11 1.0758E-11 9.6626E-12 8.5913E-12 7.4746E-12 6.4335E-12 5.2877E-12 4.2114E-12 3.2079E-12 2.4559E-12 1.9754E-12 1.6806E-12 1.4992E-12
0.0000E+00 0.0000E+00 0.0000E+00 0.0000E+00 0.0000E+00 0.0000E+00 0.0000E+00 0.0000E+00 0.0000E+00 0.0000E+00 0.0000E+00 0.0000E+00 0.0000E+00 0.0000E+00 0.0000E+00 0.0000E+00 1.2644E-11 1.7614E-10 9.0659E-10 4.1956E-09 1.4275E-08 3.5921E-08 8.2401E-08 1.6266E-07 2.6303E-07 3.3395E-07 3.2804E-07 2.5256E-07 1.5859E-07 8.4433E-08 3.9043E-08 1.5996E-08 5.9524E-09 1.9132E-09 3.9191E-10 6.0624E-12 6.6834E-13 6.5050E-13 6.1278E-13 5.5541E-13 4.7899E-13 3.8446E-13 2.7308E-13 1.4646E-13 6.5023E-15 0.0000E+00 0.0000E+00 0.0000E+00 0.0000E+00 0.0000E+00 0.0000E+00 0.0000E+00 0.0000E+00 0.0000E+00 0.0000E+00 0.0000E+00 0.0000E+00
0.0000E+00 0.0000E+00 0.0000E+00 0.0000E+00 0.0000E+00 0.0000E+00 0.0000E+00 0.0000E+00 0.0000E+00 0.0000E+00 0.0000E+00 0.0000E+00 0.0000E+00 0.0000E+00 0.0000E+00 0.0000E+00 0.0000E+00 2.4642E-11 2.7902E-10 1.2952E-09 6.3707E-09 2.0835E-08 5.6743E-08 1.3571E-07 2.5844E-07 3.6651E-07 3.7542E-07 2.8054E-07 1.6400E-07 7.9921E-08 3.4018E-08 1.3102E-08 4.1794E-09 1.2755E-09 2.2100E-10 0.0000E+00 0.0000E+00 0.0000E+00 0.0000E+00 0.0000E+00 0.0000E+00 0.0000E+00 0.0000E+00 0.0000E+00 0.0000E+00 0.0000E+00 0.0000E+00 0.0000E+00 0.0000E+00 0.0000E+00 0.0000E+00 0.0000E+00 0.0000E+00 0.0000E+00 0.0000E+00 0.0000E+00 0.0000E+00
0.0000E+00 0.0000E+00 0.0000E+00 0.0000E+00 0.0000E+00 0.0000E+00 0.0000E+00 0.0000E+00 0.0000E+00 0.0000E+00 0.0000E+00 0.0000E+00 0.0000E+00 0.0000E+00 0.0000E+00 0.0000E+00 0.0000E+00 0.0000E+00 3.5531E-11 3.8796E-10 1.6646E-09 9.4350E-09 3.1804E-08 1.0100E-07 2.4735E-07 4.0982E-07 4.3590E-07 3.0778E-07 1.6017E-07 6.9213E-08 2.7113E-08 9.6737E-09 2.7584E-09 4.8106E-10 9.6468E-11 0.0000E+00 0.0000E+00 0.0000E+00 0.0000E+00 0.0000E+00 0.0000E+00 0.0000E+00 0.0000E+00 0.0000E+00 0.0000E+00 0.0000E+00 0.0000E+00 0.0000E+00 0.0000E+00 0.0000E+00 0.0000E+00 0.0000E+00 0.0000E+00 0.0000E+00 0.0000E+00 0.0000E+00 0.0000E+00
0.0000E+00 0.0000E+00 0.0000E+00 0.0000E+00 0.0000E+00 0.0000E+00 0.0000E+00 0.0000E+00 0.0000E+00 0.0000E+00 0.0000E+00 0.0000E+00 0.0000E+00 0.0000E+00 0.0000E+00 0.0000E+00 0.0000E+00 0.0000E+00 0.0000E+00 2.4662E-11 4.9747E-10 2.4959E-09 1.2958E-08 6.1760E-08 2.2855E-07 4.7471E-07 5.1962E-07 3.2208E-07 1.3900E-07 5.1119E-08 1.6707E-08 5.7046E-09 1.4098E-09 2.3132E-10 0.0000E+00 0.0000E+00 0.0000E+00 0.0000E+00 0.0000E+00 0.0000E+00 0.0000E+00 0.0000E+00 0.0000E+00 0.0000E+00 0.0000E+00 0.0000E+00 0.0000E+00 0.0000E+00 0.0000E+00 0.0000E+00 0.0000E+00 0.0000E+00 0.0000E+00 0.0000E+00 0.0000E+00 0.0000E+00 0.0000E+00
0.0000E+00 0.0000E+00 0.0000E+00 0.0000E+00 0.0000E+00 0.0000E+00 0.0000E+00 0.0000E+00 0.0000E+00 0.0000E+00 0.0000E+00 0.0000E+00 0.0000E+00 0.0000E+00 0.0000E+00 0.0000E+00 0.0000E+00 0.0000E+00 0.0000E+00 0.0000E+00 2.3627E-11 6.0178E-10 3.8037E-09 2.3432E-08 2.0463E-07 6.1730E-07 6.1959E-07 2.8873E-07 9.2431E-08 2.6770E-08 7.3589E-09 1.1700E-09 3.7521E-10 7.7972E-11 0.0000E+00 0.0000E+00 0.0000E+00 0.0000E+00 0.0000E+00 0.0000E+00 0.0000E+00 0.0000E+00 0.0000E+00 0.0000E+00 0.0000E+00 0.0000E+00 0.0000E+00 0.0000E+00 0.0000E+00 0.0000E+00 0.0000E+00 0.0000E+00 0.0000E+00 0.0000E+00 0.0000E+00 0.0000E+00 0.0000E+00
0.0000E+00 0.0000E+00 0.0000E+00 0.0000E+00 0.0000E+00 0.0000E+00 0.0000E+00 0.0000E+00 0.0000E+00 0.0000E+00 0.0000E+00 0.0000E+00 0.0000E+00 0.0000E+00 0.0000E+00 0.0000E+00 0.0000E+00 0.0000E+00 0.0000E+00 0.0000E+00 0.0000E+00 5.9528E-11 9.2746E-10 6.6144E-09 1.6302E-07 9.9422E-07 6.5112E-07 1.5771E-07 2.9334E-08 5.6011E-09 1.7401E-09 3.9137E-10 9.3867E-11 0.0000E+00 0.0000E+00 0.0000E+00 0.0000E+00 0.0000E+00 0.0000E+00 0.0000E+00 0.0000E+00 0.0000E+00 0.0000E+00 0.0000E+00 0.0000E+00 0.0000E+00 0.0000E+00 0.0000E+00 0.0000E+00 0.0000E+00 0.0000E+00 0.0000E+00 0.0000E+00 0.0000E+00 0.0000E+00 0.0000E+00 0.0000E+00
0.0000E+00 0.0000E+00 0.0000E+00 0.0000E+00 0.0000E+00 0.0000E+00 0.0000E+00 0.0000E+00 0.0000E+00 0.0000E+00 0.0000E+00 0.0000E+00 0.0000E+00 0.0000E+00 0.0000E+00 0.0000E+00 0.0000E+00 0.0000E+00 0.0000E+00 0.0000E+00 0.0000E+00 1.0524E-12 1.1072E-10 1.2673E-09 3.1756E-07 1.4228E-06 2.9521E-07 1.1492E-08 3.2768E-09 1.1217E-09 4.4020E-10 7.5253E-11 4.3009E-12 0.0000E+00 0.0000E+00 0.0000E+00 0.0000E+00 0.0000E+00 0.0000E+00 0.0000E+00 0.0000E+00 0.0000E+00 0.0000E+00 0.0000E+00 0.0000E+00 0.0000E+00 0.0000E+00 0.0000E+00 0.0000E+00 0.0000E+00 0.0000E+00 0.0000E+00 0.0000E+00 0.0000E+00 0.0000E+00 0.0000E+00 0.0000E+00
0.0000E+00 0.0000E+00 0.0000E+00 0.0000E+00 0.0000E+00 0.0000E+00 0.0000E+00 0.0000E+00 0.0000E+00 0.0000E+00 0.0000E+00 0.0000E+00 0.0000E+00 0.0000E+00 0.0000E+00 0.0000E+00 0.0000E+00 0.0000E+00 0.0000E+00 0.0000E+00 0.0000E+00 0.0000E+00 2.0818E-12 8.2624E-11 7.8167E-07 1.2180E-06 5.0475E-08 1.0817E-09 5.0861E-10 1.8512E-10 2.2412E-11 3.9198E-13 0.0000E+00 0.0000E+00 0.0000E+00 0.0000E+00 0.0000E+00 0.0000E+00 0.0000E+00 0.0000E+00 0.0000E+00 0.0000E+00 0.0000E+00 0.0000E+00 0.0000E+00 0.0000E+00 0.0000E+00 0.0000E+00 0.0000E+00 0.0000E+00 0.0000E+00 0.0000E+00 0.0000E+00 0.0000E+00 0.0000E+00 0.0000E+00 0.0000E+00
0.0000E+00 0.0000E+00 0.0000E+00 0.0000E+00 0.0000E+00 0.0000E+00 0.0000E+00 0.0000E+00 0.0000E+00 0.0000E+00 0.0000E+00 0.0000E+00 0.0000E+00 0.0000E+00 0.0000E+00 0.0000E+00 0.0000E+00 0.0000E+00 0.0000E+00 0.0000E+00 0.0000E+00 0.0000E+00 0.0000E+00 1.6487E-08 1.6794E-06 5.4131E-07 3.0072E-11 2.4174E-11 1.0825E-11 5.8964E-13 0.0000E+00 0.0000E+00 0.0000E+00 0.0000E+00 0.0000E+00 0.0000E+00 0.0000E+00 0.0000E+00 0.0000E+00 0.0000E+00 0.0000E+00 0.0000E+00 0.0000E+00 0.0000E+00 0.0000E+00 0.0000E+00 0.0000E+00 0.0000E+00 0.0000E+00 0.0000E+00 0.0000E+00 0.0000E+00 0.0000E+00 0.0000E+00 0.0000E+00 0.0000E+00 0.0000E+00
0.0000E+00 0.0000E+00 0.0000E+00 0.0000E+00 0.0000E+00 0.0000E+00 0.0000E+00 0.0000E+00 0.0000E+00 0.0000E+00 0.0000E+00 0.0000E+00 0.0000E+00 0.0000E+00 0.0000E+00 0.0000E+00 0.0000E+00 0.0000E+00 0.0000E+00 0.0000E+00 0.0000E+00 0.0000E+00 0.0000E+00 1.2456E-07 2.4117E-06 7.2890E-08 0.0000E+00 0.0000E+00 0.0000E+00 0.0000E+00 0.0000E+00 0.0000E+00 0.0000E+00 0.0000E+00 0.0000E+00 0.0000E+00 0.0000E+00 0.0000E+00 0.0000E+00 0.0000E+00 0.0000E+00 0.0000E+00 0.0000E+00 0.0000E+00 0.0000E+00 0.0000E+00 0.0000E+00 0.0000E+00 0.0000E+00 0.0000E+00 0.0000E+00 0.0000E+00 0.0000E+00 0.0000E+00 0.0000E+00 0.0000E+00 0.0000E+00
0.0000E+00 0.0000E+00 0.0000E+00 0.0000E+00 0.0000E+00 0.0000E+00 0.0000E+00 0.0000E+00 0.0000E+00 0.0000E+00 0.0000E+00 0.0000E+00 0.0000E+00 0.0000E+00 0.0000E+00 0.0000E+00 0.0000E+00 0.0000E+00 0.0000E+00 0.0000E+00 0.0000E+00 0.0000E+00 0.0000E+00 6.9631E-07 1.4568E-06 0.0000E+00 0.0000E+00 0.0000E+00 0.0000E+00 0.0000E+00 0.0000E+00 0.0000E+00 0.0000E+00 0.0000E+00 0.0000E+00 0.0000E+00 0.0000E+00 0.0000E+00 0.0000E+00 0.0000E+00 0.0000E+00 0.0000E+00 0.0000E+00 0.0000E+00 0.0000E+00 0.0000E+00 0.0000E+00 0.0000E+00 0.0000E+00 0.0000E+00 0.0000E+00 0.0000E+00 0.0000E+00 0.0000E+00 0.0000E+00 0.0000E+00 0.0000E+00
