Assets/Resources/2015_m01_d29_1500(utc+0800)_l00_csi_1hr_conc.grd
DSAA
         159         159
     -79.000      79.000
     -79.000      79.000
  0.0000E+00  0.1767E-05
[rows 25 to 49 of 159, columns 57 to 113 of 159]
3.8119E-10 3.9921E-10 4.1780E-10 4.3690E-10 4.5680E-10 4.7669E-10 4.9736E-10 5.1876E-10 5.4039E-10 5.6248E-10 5.8504E-10 6.0801E-10 6.3139E-10 6.5543E-10 6.7963E-10 7.0419E-10 7.2912E-10 7.5437E-10 7.7990E-10 8.0574E-10 8.3181E-10 8.5810E-10 8.8411E-10 9.1080E-10 9.3762E-10 9.6456E-10 9.9175E-10 1.0190E-09 1.0463E-09 1.0738E-09 1.1013E-09 1.1287E-09 1.1558E-09 1.1831E-09 1.2104E-09 1.2371E-09 1.2641E-09 1.2909E-09 1.3194E-09 1.3473E-09 1.3750E-09 1.4026E-09 1.4295E-09 1.4561E-09 1.4808E-09 1.5050E-09 1.5288E-09 1.5526E-09 1.5759E-09 1.5986E-09 1.6213E-09 1.6434E-09 1.6649E-09 1.6859E-09 1.7062E-09 1.7257E-09 1.7440E-09
3.8448E-10 4.0272E-10 4.2153E-10 4.4087E-10 4.6102E-10 4.8144E-10 5.0237E-10 5.2381E-10 5.4573E-10 5.6813E-10 5.9099E-10 6.1430E-10 6.3828E-10 6.6223E-10 6.8682E-10 7.1178E-10 7.3713E-10 7.6281E-10 7.8880E-10 8.1510E-10 8.4166E-10 8.6845E-10 8.9548E-10 9.2269E-10 9.5005E-10 9.7771E-10 1.0055E-09 1.0333E-09 1.0614E-09 1.0895E-09 1.1177E-09 1.1454E-09 1.1736E-09 1.2013E-09 1.2293E-09 1.2572E-09 1.2849E-09 1.3144E-09 1.3434E-09 1.3722E-09 1.4008E-09 1.4289E-09 1.4568E-09 1.4827E-09 1.5083E-09 1.5334E-09 1.5586E-09 1.5833E-09 1.6075E-09 1.6317E-09 1.6559E-09 1.6795E-09 1.7020E-09 1.7239E-09 1.7446E-09 1.7646E-09 1.7844E-09
3.8752E-10 4.0599E-10 4.2501E-10 4.4485E-10 4.6499E-10 4.8539E-10 5.0683E-10 5.2853E-10 5.5074E-10 5.7369E-10 5.9687E-10 6.2050E-10 6.4462E-10 6.6917E-10 6.9413E-10 7.1952E-10 7.4528E-10 7.7137E-10 7.9783E-10 8.2459E-10 8.5161E-10 8.7892E-10 9.0645E-10 9.3418E-10 9.6225E-10 9.9047E-10 1.0188E-09 1.0475E-09 1.0762E-09 1.1045E-09 1.1330E-09 1.1618E-09 1.1907E-09 1.2195E-09 1.2483E-09 1.2769E-09 1.3073E-09 1.3373E-09 1.3672E-09 1.3969E-09 1.4261E-09 1.4552E-09 1.4823E-09 1.5092E-09 1.5356E-09 1.5621E-09 1.5883E-09 1.6145E-09 1.6402E-09 1.6654E-09 1.6906E-09 1.7147E-09 1.7383E-09 1.7606E-09 1.7834E-09 1.8044E-09 1.8252E-09
3.9038E-10 4.0903E-10 4.2825E-10 4.4831E-10 4.6868E-10 4.8958E-10 5.1103E-10 5.3300E-10 5.5573E-10 5.7872E-10 6.0197E-10 6.2618E-10 6.5064E-10 6.7554E-10 7.0112E-10 7.2689E-10 7.5281E-10 7.7959E-10 8.0647E-10 8.3345E-10 8.6120E-10 8.8875E-10 9.1654E-10 9.4519E-10 9.7381E-10 1.0022E-09 1.0311E-09 1.0604E-09 1.0897E-09 1.1192E-09 1.1487E-09 1.1783E-09 1.2078E-09 1.2374E-09 1.2669E-09 1.2982E-09 1.3291E-09 1.3600E-09 1.3904E-09 1.4211E-09 1.4513E-09 1.4796E-09 1.5077E-09 1.5354E-09 1.5633E-09 1.5908E-09 1.6184E-09 1.6456E-09 1.6729E-09 1.6997E-09 1.7255E-09 1.7506E-09 1.7753E-09 1.7992E-09 1.8220E-09 1.8440E-09 1.8652E-09
3.9298E-10 4.1181E-10 4.3150E-10 4.5152E-10 4.7183E-10 4.9322E-10 5.1490E-10 5.3713E-10 5.6014E-10 5.8341E-10 6.0719E-10 6.3150E-10 6.5629E-10 6.8153E-10 7.0726E-10 7.3341E-10 7.5996E-10 7.8693E-10 8.1425E-10 8.4190E-10 8.6989E-10 8.9817E-10 9.2670E-10 9.5565E-10 9.8481E-10 1.0142E-09 1.0439E-09 1.0737E-09 1.1037E-09 1.1338E-09 1.1640E-09 1.1943E-09 1.2246E-09 1.2549E-09 1.2870E-09 1.3188E-09 1.3502E-09 1.3820E-09 1.4137E-09 1.4450E-09 1.4745E-09 1.5038E-09 1.5332E-09 1.5624E-09 1.5918E-09 1.6209E-09 1.6495E-09 1.6783E-09 1.7062E-09 1.7336E-09 1.7605E-09 1.7868E-09 1.8125E-09 1.8370E-09 1.8608E-09 1.8838E-09 1.9054E-09
3.9535E-10 4.1436E-10 4.3424E-10 4.5445E-10 4.7523E-10 4.9659E-10 5.1851E-10 5.4123E-10 5.6424E-10 5.8779E-10 6.1210E-10 6.3649E-10 6.6160E-10 6.8744E-10 7.1351E-10 7.4002E-10 7.6699E-10 7.9436E-10 8.2209E-10 8.5021E-10 8.7866E-10 9.0740E-10 9.3661E-10 9.6607E-10 9.9576E-10 1.0259E-09 1.0561E-09 1.0866E-09 1.1172E-09 1.1480E-09 1.1789E-09 1.2099E-09 1.2405E-09 1.2730E-09 1.3060E-09 1.3387E-09 1.3714E-09 1.4041E-09 1.4364E-09 1.4670E-09 1.4974E-09 1.5281E-09 1.5586E-09 1.5893E-09 1.6197E-09 1.6503E-09 1.6806E-09 1.7100E-09 1.7390E-09 1.7676E-09 1.7956E-09 1.8225E-09 1.8488E-09 1.8743E-09 1.8992E-09 1.9240E-09 1.9473E-09
3.9746E-10 4.1691E-10 4.3671E-10 4.5684E-10 4.7807E-10 4.9964E-10 5.2178E-10 5.4474E-10 5.6800E-10 5.9181E-10 6.1620E-10 6.4111E-10 6.6678E-10 6.9272E-10 7.1890E-10 7.4603E-10 7.7337E-10 8.0113E-10 8.2930E-10 8.5785E-10 8.8674E-10 9.1612E-10 9.4581E-10 9.7579E-10 1.0064E-09 1.0367E-09 1.0676E-09 1.0991E-09 1.1299E-09 1.1610E-09 1.1925E-09 1.2242E-09 1.2578E-09 1.2916E-09 1.3251E-09 1.3587E-09 1.3923E-09 1.4255E-09 1.4572E-09 1.4887E-09 1.5205E-09 1.5522E-09 1.5842E-09 1.6159E-09 1.6479E-09 1.6797E-09 1.7106E-09 1.7417E-09 1.7719E-09 1.8016E-09 1.8303E-09 1.8583E-09 1.8856E-09 1.9124E-09 1.9385E-09 1.9644E-09 1.9888E-09
3.9933E-10 4.1894E-10 4.3865E-10 4.5923E-10 4.8065E-10 5.0242E-10 5.2501E-10 5.4794E-10 5.7144E-10 5.9575E-10 6.2041E-10 6.4537E-10 6.7135E-10 6.9761E-10 7.2436E-10 7.5162E-10 7.7933E-10 8.0747E-10 8.3606E-10 8.6504E-10 8.9437E-10 9.2423E-10 9.5442E-10 9.8490E-10 1.0159E-09 1.0471E-09 1.0785E-09 1.1103E-09 1.1422E-09 1.1743E-09 1.2066E-09 1.2408E-09 1.2752E-09 1.3094E-09 1.3438E-09 1.3783E-09 1.4124E-09 1.4450E-09 1.4775E-09 1.5104E-09 1.5432E-09 1.5764E-09 1.6095E-09 1.6429E-09 1.6760E-09 1.7084E-09 1.7411E-09 1.7729E-09 1.8042E-09 1.8346E-09 1.8643E-09 1.8941E-09 1.9228E-09 1.9507E-09 1.9780E-09 2.0051E-09 2.0314E-09
4.0093E-10 4.2045E-10 4.4057E-10 4.6155E-10 4.8290E-10 5.0485E-10 5.2765E-10 5.5080E-10 5.7477E-10 5.9887E-10 6.2378E-10 6.4950E-10 6.7554E-10 7.0211E-10 7.2944E-10 7.5680E-10 7.8487E-10 8.1365E-10 8.4263E-10 8.7201E-10 9.0196E-10 9.3228E-10 9.6293E-10 9.9411E-10 1.0256E-09 1.0574E-09 1.0895E-09 1.1218E-09 1.1543E-09 1.1871E-09 1.2219E-09 1.2569E-09 1.2918E-09 1.3252E-09 1.3604E-09 1.3954E-09 1.4305E-09 1.4640E-09 1.4979E-09 1.5318E-09 1.5662E-09 1.6004E-09 1.6351E-09 1.6696E-09 1.7034E-09 1.7375E-09 1.7709E-09 1.8039E-09 1.8359E-09 1.8680E-09 1.8996E-09 1.9301E-09 1.9600E-09 1.9898E-09 2.0190E-09 2.0483E-09 2.0768E-09
4.0232E-10 4.2196E-10 4.4223E-10 4.6337E-10 4.8488E-10 5.0725E-10 5.2999E-10 5.5333E-10 5.7752E-10 6.0187E-10 6.2703E-10 6.5302E-10 6.7934E-10 7.0619E-10 7.3362E-10 7.6155E-10 7.8996E-10 8.1888E-10 8.4825E-10 8.7844E-10 9.0882E-10 9.3959E-10 9.7114E-10 1.0024E-09 1.0344E-09 1.0672E-09 1.0999E-09 1.1328E-09 1.1660E-09 1.1995E-09 1.2350E-09 1.2705E-09 1.3062E-09 1.3422E-09 1.3779E-09 1.4138E-09 1.4482E-09 1.4830E-09 1.5179E-09 1.5533E-09 1.5887E-09 1.6246E-09 1.6603E-09 1.6961E-09 1.7317E-09 1.7666E-09 1.8011E-09 1.8347E-09 1.8686E-09 1.9014E-09 1.9337E-09 1.9661E-09 1.9980E-09 2.0299E-09 2.0620E-09 2.0928E-09 2.1228E-09
4.0343E-10 4.2319E-10 4.4383E-10 4.6486E-10 4.8652E-10 5.0906E-10 5.3198E-10 5.5553E-10 5.7970E-10 6.0450E-10 6.3014E-10 6.5616E-10 6.8274E-10 7.1014E-10 7.3786E-10 7.6587E-10 7.9489E-10 8.2416E-10 8.5389E-10 8.8426E-10 9.1506E-10 9.4668E-10 9.7806E-10 1.0102E-09 1.0432E-09 1.0757E-09 1.1089E-09 1.1429E-09 1.1768E-09 1.2128E-09 1.2487E-09 1.2850E-09 1.3215E-09 1.3583E-09 1.3949E-09 1.4301E-09 1.4658E-09 1.5016E-09 1.5380E-09 1.5744E-09 1.6114E-09 1.6484E-09 1.6854E-09 1.7224E-09 1.7587E-09 1.7947E-09 1.8300E-09 1.8661E-09 1.9007E-09 1.9348E-09 1.9690E-09 2.0035E-09 2.0377E-09 2.0713E-09 2.1080E-09 2.1436E-09 2.1774E-09
4.0430E-10 4.2416E-10 4.4492E-10 4.6582E-10 4.8786E-10 5.1057E-10 5.3364E-10 5.5738E-10 5.8176E-10 6.0676E-10 6.3263E-10 6.5888E-10 6.8572E-10 7.1317E-10 7.4118E-10 7.6999E-10 7.9910E-10 8.2871E-10 8.5897E-10 8.8973E-10 9.2094E-10 9.5301E-10 9.8526E-10 1.0179E-09 1.0510E-09 1.0845E-09 1.1183E-09 1.1525E-09 1.1888E-09 1.2256E-09 1.2623E-09 1.2993E-09 1.3367E-09 1.3739E-09 1.4098E-09 1.4463E-09 1.4829E-09 1.5202E-09 1.5577E-09 1.5951E-09 1.6332E-09 1.6720E-09 1.7102E-09 1.7479E-09 1.7854E-09 1.8227E-09 1.8599E-09 1.8961E-09 1.9326E-09 1.9695E-09 2.0067E-09 2.0428E-09 2.0817E-09 2.1201E-09 2.1575E-09 2.1937E-09 2.2286E-09
4.0462E-10 4.2482E-10 4.4547E-10 4.6674E-10 4.8892E-10 5.1151E-10 5.3474E-10 5.5888E-10 5.8344E-10 6.0889E-10 6.3475E-10 6.6122E-10 6.8856E-10 7.1627E-10 7.4431E-10 7.7342E-10 8.0284E-10 8.3318E-10 8.6342E-10 8.9456E-10 9.2658E-10 9.5885E-10 9.9155E-10 1.0251E-09 1.0587E-09 1.0923E-09 1.1271E-09 1.1637E-09 1.2008E-09 1.2378E-09 1.2753E-09 1.3115E-09 1.3493E-09 1.3874E-09 1.4241E-09 1.4615E-09 1.4996E-09 1.5384E-09 1.5768E-09 1.6159E-09 1.6557E-09 1.6952E-09 1.7341E-09 1.7729E-09 1.8118E-09 1.8505E-09 1.8883E-09 1.9266E-09 1.9652E-09 2.0043E-09 2.0456E-09 2.0880E-09 2.1288E-09 2.1679E-09 2.2070E-09 2.2456E-09 2.2808E-09
4.0494E-10 4.2524E-10 4.4595E-10 4.6734E-10 4.8964E-10 5.1235E-10 5.3597E-10 5.6005E-10 5.8478E-10 6.1041E-10 6.3647E-10 6.6314E-10 6.9049E-10 7.1844E-10 7.4725E-10 7.7641E-10 8.0612E-10 8.3680E-10 8.6753E-10 8.9902E-10 9.3146E-10 9.6413E-10 9.9770E-10 1.0310E-09 1.0651E-09 1.1000E-09 1.1350E-09 1.1723E-09 1.2101E-09 1.2479E-09 1.2857E-09 1.3244E-09 1.3630E-09 1.4003E-09 1.4383E-09 1.4771E-09 1.5162E-09 1.5560E-09 1.5960E-09 1.6368E-09 1.6774E-09 1.7175E-09 1.7576E-09 1.7978E-09 1.8379E-09 1.8780E-09 1.9186E-09 1.9598E-09 2.0007E-09 2.0441E-09 2.0873E-09 2.1326E-09 2.1751E-09 2.2167E-09 2.2550E-09 2.2928E-09 2.3308E-09
4.0501E-10 4.2538E-10 4.4618E-10 4.6790E-10 4.9005E-10 5.1288E-10 5.3663E-10 5.6085E-10 5.8598E-10 6.1156E-10 6.3779E-10 6.6493E-10 6.9225E-10 7.2043E-10 7.4949E-10 7.7891E-10 8.0931E-10 8.4006E-10 8.7098E-10 9.0325E-10 9.3583E-10 9.6891E-10 1.0029E-09 1.0371E-09 1.0716E-09 1.1068E-09 1.1442E-09 1.1821E-09 1.2202E-09 1.2587E-09 1.2977E-09 1.3367E-09 1.3745E-09 1.4131E-09 1.4525E-09 1.4922E-09 1.5328E-09 1.5736E-09 1.6153E-09 1.6568E-09 1.6980E-09 1.7393E-09 1.7807E-09 1.8222E-09 1.8638E-09 1.9059E-09 1.9488E-09 1.9947E-09 2.0401E-09 2.0854E-09 2.1317E-09 2.1759E-09 2.2199E-09 2.2607E-09 2.3010E-09 2.3418E-09 2.3821E-09
4.0478E-10 4.2522E-10 4.4609E-10 4.6789E-10 4.8991E-10 5.1309E-10 5.3696E-10 5.6130E-10 5.8657E-10 6.1231E-10 6.3848E-10 6.6581E-10 6.9357E-10 7.2223E-10 7.5129E-10 7.8096E-10 8.1164E-10 8.4244E-10 8.7448E-10 9.0670E-10 9.3964E-10 9.7354E-10 1.0076E-09 1.0422E-09 1.0777E-09 1.1151E-09 1.1528E-09 1.1913E-09 1.2301E-09 1.2693E-09 1.3086E-09 1.3468E-09 1.3859E-09 1.4258E-09 1.4661E-09 1.5073E-09 1.5483E-09 1.5908E-09 1.6332E-09 1.6758E-09 1.7187E-09 1.7614E-09 1.8040E-09 1.8464E-09 1.8908E-09 1.9352E-09 1.9829E-09 2.0302E-09 2.0775E-09 2.1293E-09 2.1757E-09 2.2193E-09 2.2625E-09 2.3064E-09 2.3500E-09 2.3920E-09 2.4333E-09
4.0430E-10 4.2455E-10 4.4571E-10 4.6759E-10 4.8991E-10 5.1294E-10 5.3670E-10 5.6140E-10 5.8681E-10 6.1244E-10 6.3926E-10 6.6653E-10 6.9447E-10 7.2333E-10 7.5261E-10 7.8291E-10 8.1363E-10 8.4495E-10 8.7692E-10 9.0964E-10 9.4293E-10 9.7724E-10 1.0117E-09 1.0472E-09 1.0828E-09 1.1208E-09 1.1595E-09 1.1979E-09 1.2373E-09 1.2773E-09 1.3174E-09 1.3568E-09 1.3966E-09 1.4369E-09 1.4786E-09 1.5208E-09 1.5639E-09 1.6075E-09 1.6509E-09 1.6948E-09 1.7385E-09 1.7823E-09 1.8272E-09 1.8723E-09 1.9214E-09 1.9708E-09 2.0198E-09 2.0701E-09 2.1193E-09 2.1679E-09 2.2137E-09 2.2604E-09 2.3069E-09 2.3531E-09 2.3977E-09 2.4430E-09 2.4867E-09
4.0358E-10 4.2385E-10 4.4508E-10 4.6676E-10 4.8938E-10 5.1249E-10 5.3633E-10 5.6113E-10 5.8643E-10 6.1243E-10 6.3939E-10 6.6681E-10 6.9518E-10 7.2400E-10 7.5347E-10 7.8377E-10 8.1474E-10 8.4674E-10 8.7939E-10 9.1202E-10 9.4609E-10 9.8039E-10 1.0153E-09 1.0512E-09 1.0891E-09 1.1277E-09 1.1665E-09 1.2060E-09 1.2461E-09 1.2863E-09 1.3255E-09 1.3656E-09 1.4068E-09 1.4489E-09 1.4915E-09 1.5352E-09 1.5794E-09 1.6236E-09 1.6683E-09 1.7128E-09 1.7576E-09 1.8036E-09 1.8501E-09 1.9006E-09 1.9515E-09 2.0033E-09 2.0554E-09 2.1066E-09 2.1572E-09 2.2063E-09 2.2553E-09 2.3033E-09 2.3509E-09 2.3994E-09 2.4476E-09 2.4988E-09 2.5486E-09
4.0256E-10 4.2286E-10 4.4412E-10 4.6583E-10 4.8830E-10 5.1171E-10 5.3562E-10 5.6052E-10 5.8591E-10 6.1227E-10 6.3913E-10 6.6669E-10 6.9521E-10 7.2420E-10 7.5403E-10 7.8479E-10 8.1597E-10 8.4786E-10 8.8056E-10 9.1389E-10 9.4830E-10 9.8295E-10 1.0187E-09 1.0564E-09 1.0948E-09 1.1339E-09 1.1734E-09 1.2118E-09 1.2521E-09 1.2931E-09 1.3334E-09 1.3748E-09 1.4173E-09 1.4603E-09 1.5044E-09 1.5491E-09 1.5938E-09 1.6387E-09 1.6845E-09 1.7302E-09 1.7766E-09 1.8247E-09 1.8765E-09 1.9289E-09 1.9822E-09 2.0361E-09 2.0891E-09 2.1428E-09 2.1940E-09 2.2452E-09 2.2954E-09 2.3467E-09 2.3979E-09 2.4514E-09 2.5058E-09 2.5589E-09 2.6138E-09
4.0105E-10 4.2160E-10 4.4288E-10 4.6463E-10 4.8735E-10 5.1036E-10 5.3459E-10 5.5955E-10 5.8502E-10 6.1148E-10 6.3845E-10 6.6615E-10 6.9457E-10 7.2371E-10 7.5396E-10 7.8468E-10 8.1650E-10 8.4901E-10 8.8156E-10 9.1562E-10 9.4997E-10 9.8496E-10 1.0210E-09 1.0593E-09 1.0982E-09 1.1375E-09 1.1775E-09 1.2182E-09 1.2592E-09 1.2997E-09 1.3412E-09 1.3839E-09 1.4266E-09 1.4701E-09 1.5151E-09 1.5608E-09 1.6072E-09 1.6525E-09 1.6989E-09 1.7480E-09 1.8002E-09 1.8523E-09 1.9059E-09 1.9577E-09 2.0131E-09 2.0678E-09 2.1235E-09 2.1766E-09 2.2299E-09 2.2836E-09 2.3372E-09 2.3945E-09 2.4509E-09 2.5073E-09 2.5668E-09 2.6219E-09 2.6736E-09
3.9954E-10 4.2009E-10 4.4113E-10 4.6314E-10 4.8588E-10 5.0915E-10 5.3319E-10 5.5799E-10 5.8378E-10 6.1007E-10 6.3713E-10 6.6518E-10 6.9375E-10 7.2342E-10 7.5344E-10 7.8434E-10 8.1636E-10 8.4887E-10 8.8207E-10 9.1641E-10 9.5105E-10 9.8681E-10 1.0247E-09 1.0634E-09 1.1028E-09 1.1426E-09 1.1831E-09 1.2240E-09 1.2640E-09 1.3051E-09 1.3473E-09 1.3907E-09 1.4354E-09 1.4801E-09 1.5261E-09 1.5723E-09 1.6193E-09 1.6663E-09 1.7161E-09 1.7691E-09 1.8229E-09 1.8779E-09 1.9338E-09 1.9905E-09 2.0478E-09 2.1023E-09 2.1573E-09 2.2127E-09 2.2685E-09 2.3280E-09 2.3869E-09 2.4461E-09 2.5054E-09 2.5639E-09 2.6222E-09 2.6773E-09 2.7319E-09
3.9774E-10 4.1806E-10 4.3909E-10 4.6110E-10 4.8387E-10 5.0716E-10 5.3146E-10 5.5630E-10 5.8214E-10 6.0853E-10 6.3566E-10 6.6381E-10 6.9247E-10 7.2228E-10 7.5260E-10 7.8406E-10 8.1587E-10 8.4858E-10 8.8244E-10 9.1667E-10 9.5203E-10 9.8767E-10 1.0260E-09 1.0651E-09 1.1047E-09 1.1450E-09 1.1861E-09 1.2276E-09 1.2686E-09 1.3108E-09 1.3543E-09 1.3984E-09 1.4439E-09 1.4901E-09 1.5366E-09 1.5839E-09 1.6314E-09 1.6817E-09 1.7353E-09 1.7899E-09 1.8458E-09 1.9028E-09 1.9607E-09 2.0193E-09 2.0754E-09 2.1321E-09 2.1894E-09 2.2506E-09 2.3124E-09 2.3738E-09 2.4356E-09 2.4978E-09 2.5592E-09 2.6176E-09 2.6759E-09 2.7339E-09 2.7916E-09
3.9570E-10 4.1622E-10 4.3723E-10 4.5900E-10 4.8154E-10 5.0509E-10 5.2941E-10 5.5427E-10 5.8015E-10 6.0658E-10 6.3403E-10 6.6203E-10 6.9077E-10 7.2069E-10 7.5114E-10 7.8252E-10 8.1491E-10 8.4780E-10 8.8189E-10 9.1635E-10 9.5198E-10 9.8982E-10 1.0285E-09 1.0681E-09 1.1080E-09 1.1488E-09 1.1900E-09 1.2309E-09 1.2725E-09 1.3159E-09 1.3601E-09 1.4051E-09 1.4508E-09 1.4979E-09 1.5459E-09 1.5942E-09 1.6449E-09 1.6991E-09 1.7536E-09 1.8109E-09 1.8687E-09 1.9276E-09 1.9875E-09 2.0449E-09 2.1042E-09 2.1632E-09 2.2264E-09 2.2904E-09 2.3541E-09 2.4184E-09 2.4823E-09 2.5466E-09 2.6080E-09 2.6694E-09 2.7307E-09 2.7919E-09 2.8527E-09
3.9318E-10 4.1367E-10 4.3488E-10 4.5662E-10 4.7914E-10 5.0268E-10 5.2678E-10 5.5190E-10 5.7781E-10 6.0427E-10 6.3152E-10 6.5957E-10 6.8880E-10 7.1881E-10 7.4936E-10 7.8111E-10 8.1341E-10 8.4691E-10 8.8083E-10 9.1594E-10 9.5182E-10 9.8960E-10 1.0287E-09 1.0683E-09 1.1087E-09 1.1500E-09 1.1917E-09 1.2331E-09 1.2758E-09 1.3198E-09 1.3652E-09 1.4115E-09 1.4585E-09 1.5066E-09 1.5545E-09 1.6047E-09 1.6597E-09 1.7154E-09 1.7732E-09 1.8318E-09 1.8908E-09 1.9523E-09 2.0109E-09 2.0715E-09 2.1355E-09 2.2005E-09 2.2664E-09 2.3322E-09 2.3988E-09 2.4651E-09 2.5290E-09 2.5933E-09 2.6577E-09 2.7222E-09 2.7868E-09 2.8523E-09 2.9193E-09
3.9066E-10 4.1085E-10 4.3203E-10 4.5397E-10 4.7645E-10 4.9997E-10 5.2405E-10 5.4917E-10 5.7486E-10 6.0133E-10 6.2886E-10 6.5695E-10 6.8623E-10 7.1609E-10 7.4715E-10 7.7902E-10 8.1145E-10 8.4511E-10 8.7920E-10 9.1452E-10 9.5211E-10 9.9062E-10 1.0300E-09 1.0700E-09 1.1108E-09 1.1521E-09 1.1932E-09 1.2356E-09 1.2794E-09 1.3235E-09 1.3696E-09 1.4166E-09 1.4651E-09 1.5136E-09 1.5639E-09 1.6184E-09 1.6736E-09 1.7318E-09 1.7886E-09 1.8495E-09 1.9123E-09 1.9746E-09 2.0363E-09 2.1017E-09 2.1673E-09 2.2350E-09 2.3028E-09 2.3716E-09 2.4402E-09 2.5066E-09 2.5734E-09 2.6407E-09 2.7096E-09 2.7809E-09 2.8528E-09 2.9234E-09 2.9943E-09
