Assets/Resources/2015_m01_d20_1400(utc+0800)_l00_csi_1hr_conc.grd
DSAA
         159         159
     -79.000      79.000
     -79.000      79.000
  0.4568E-09  0.3706E-05
[rows 75 to 99 of 159, columns 57 to 113 of 159]
3.9317E-08 4.0248E-08 4.0445E-08 3.9909E-08 3.8550E-08 3.6377E-08 3.3500E-08 3.0061E-08 2.6123E-08 2.2051E-08 1.8088E-08 1.4475E-08 1.1390E-08 8.9958E-09 7.3770E-09 6.4351E-09 6.0245E-09 5.9459E-09 6.0085E-09 6.1053E-09 6.2080E-09 6.3190E-09 6.4303E-09 6.5395E-09 6.6461E-09 6.7492E-09 6.8489E-09 6.9448E-09 7.0358E-09 7.1232E-09 7.2084E-09 7.2913E-09 7.3691E-09 7.4414E-09 7.5076E-09 7.5666E-09 7.6201E-09 7.6660E-09 7.7068E-09 7.7454E-09 7.7820E-09 7.8136E-09 7.8414E-09 7.8641E-09 7.8815E-09 7.8925E-09 7.8970E-09 7.8963E-09 7.8905E-09 7.8794E-09 7.8625E-09 7.8407E-09 7.8141E-09 7.7816E-09 7.7436E-09 7.7011E-09 7.6542E-09
4.6447E-08 4.7973E-08 4.8788E-08 4.8658E-08 4.7695E-08 4.5759E-08 4.2968E-08 3.9266E-08 3.4847E-08 2.9837E-08 2.4650E-08 1.9590E-08 1.5005E-08 1.1479E-08 8.9459E-09 7.3245E-09 6.4784E-09 6.2039E-09 6.2050E-09 6.2919E-09 6.3952E-09 6.5074E-09 6.6226E-09 6.7340E-09 6.8426E-09 6.9499E-09 7.0551E-09 7.1569E-09 7.2548E-09 7.3484E-09 7.4376E-09 7.5219E-09 7.6006E-09 7.6748E-09 7.7450E-09 7.8098E-09 7.8686E-09 7.9216E-09 7.9678E-09 8.0048E-09 8.0366E-09 8.0656E-09 8.0891E-09 8.1099E-09 8.1266E-09 8.1383E-09 8.1443E-09 8.1438E-09 8.1370E-09 8.1241E-09 8.1058E-09 8.0826E-09 8.0536E-09 8.0191E-09 7.9794E-09 7.9342E-09 7.8836E-09
5.2913E-08 5.5377E-08 5.7220E-08 5.8174E-08 5.8282E-08 5.7442E-08 5.5562E-08 5.2664E-08 4.8755E-08 4.3821E-08 3.8291E-08 3.2245E-08 2.6012E-08 1.9958E-08 1.4222E-08 1.0014E-08 7.2224E-09 6.5363E-09 6.4374E-09 6.5020E-09 6.6033E-09 6.7167E-09 6.8337E-09 6.9500E-09 7.0636E-09 7.1755E-09 7.2826E-09 7.3850E-09 7.4851E-09 7.5837E-09 7.6776E-09 7.7660E-09 7.8493E-09 7.9266E-09 7.9984E-09 8.0641E-09 8.1247E-09 8.1803E-09 8.2297E-09 8.2729E-09 8.3093E-09 8.3391E-09 8.3608E-09 8.3793E-09 8.3914E-09 8.3983E-09 8.4004E-09 8.3999E-09 8.3931E-09 8.3796E-09 8.3601E-09 8.3342E-09 8.3028E-09 8.2663E-09 8.2241E-09 8.1760E-09 8.1227E-09
5.8003E-08 6.1648E-08 6.5018E-08 6.7840E-08 7.0037E-08 7.1613E-08 7.2311E-08 7.2176E-08 7.1075E-08 6.9029E-08 6.6227E-08 6.2823E-08 5.8697E-08 5.3523E-08 4.7626E-08 4.0666E-08 3.3187E-08 2.6493E-08 1.8971E-08 7.2796E-09 6.8389E-09 6.9453E-09 7.0633E-09 7.1836E-09 7.3027E-09 7.4190E-09 7.5291E-09 7.6353E-09 7.7393E-09 7.8396E-09 7.9349E-09 8.0253E-09 8.1114E-09 8.1918E-09 8.2664E-09 8.3348E-09 8.3973E-09 8.4533E-09 8.5032E-09 8.5478E-09 8.5862E-09 8.6179E-09 8.6427E-09 8.6608E-09 8.6721E-09 8.6780E-09 8.6780E-09 8.6722E-09 8.6612E-09 8.6446E-09 8.6233E-09 8.5963E-09 8.5626E-09 8.5225E-09 8.4773E-09 8.4270E-09 8.3702E-09
6.0918E-08 6.5719E-08 7.0769E-08 7.5825E-08 8.0794E-08 8.5500E-08 8.9975E-08 9.4089E-08 9.7684E-08 1.0170E-07 1.0567E-07 1.1097E-07 1.1683E-07 1.2474E-07 1.3413E-07 1.4660E-07 1.6596E-07 1.9868E-07 2.7932E-07 4.6434E-07 1.0196E-06 3.7055E-06 7.3149E-09 7.4378E-09 7.5614E-09 7.6807E-09 7.7949E-09 7.9059E-09 8.0131E-09 8.1148E-09 8.2122E-09 8.3054E-09 8.3934E-09 8.4746E-09 8.5499E-09 8.6201E-09 8.6842E-09 8.7421E-09 8.7931E-09 8.8374E-09 8.8754E-09 8.9073E-09 8.9328E-09 8.9512E-09 8.9626E-09 8.9672E-09 8.9655E-09 8.9579E-09 8.9438E-09 8.9239E-09 8.8984E-09 8.8675E-09 8.8312E-09 8.7890E-09 8.7402E-09 8.6857E-09 8.6261E-09
6.1077E-08 6.6529E-08 7.2746E-08 7.9339E-08 8.6307E-08 9.3104E-08 1.0010E-07 1.0695E-07 1.1356E-07 1.2084E-07 1.2845E-07 1.3804E-07 1.4807E-07 1.6047E-07 1.7271E-07 1.8627E-07 1.9684E-07 2.0046E-07 1.9920E-07 1.5122E-07 4.1111E-08 7.4805E-09 7.5923E-09 7.7151E-09 7.8418E-09 7.9646E-09 8.0829E-09 8.1970E-09 8.3064E-09 8.4108E-09 8.5106E-09 8.6053E-09 8.6938E-09 8.7771E-09 8.8537E-09 8.9236E-09 8.9872E-09 9.0454E-09 9.0974E-09 9.1423E-09 9.1803E-09 9.2112E-09 9.2354E-09 9.2533E-09 9.2640E-09 9.2676E-09 9.2640E-09 9.2538E-09 9.2375E-09 9.2147E-09 9.1859E-09 9.1512E-09 9.1105E-09 9.0641E-09 9.0121E-09 8.9540E-09 8.8898E-09
5.8665E-08 6.3987E-08 7.0126E-08 7.6719E-08 8.3510E-08 8.9844E-08 9.5927E-08 1.0112E-07 1.0555E-07 1.0927E-07 1.1192E-07 1.1379E-07 1.1375E-07 1.1103E-07 1.0295E-07 8.9122E-08 6.7327E-08 4.0236E-08 1.6810E-08 7.9173E-09 7.7094E-09 7.7960E-09 7.9038E-09 8.0206E-09 8.1462E-09 8.2721E-09 8.3940E-09 8.5111E-09 8.6223E-09 8.7289E-09 8.8303E-09 8.9258E-09 9.0153E-09 9.0992E-09 9.1760E-09 9.2461E-09 9.3098E-09 9.3666E-09 9.4173E-09 9.4620E-09 9.4996E-09 9.5300E-09 9.5528E-09 9.5683E-09 9.5774E-09 9.5795E-09 9.5742E-09 9.5615E-09 9.5418E-09 9.5159E-09 9.4835E-09 9.4448E-09 9.4003E-09 9.3494E-09 9.2928E-09 9.2305E-09 9.1621E-09
5.3897E-08 5.8326E-08 6.3130E-08 6.8075E-08 7.2707E-08 7.6238E-08 7.8857E-08 7.9738E-08 7.9232E-08 7.7002E-08 7.2886E-08 6.7093E-08 5.9454E-08 4.9852E-08 3.8812E-08 2.7063E-08 1.6471E-08 9.9417E-09 8.0723E-09 8.0176E-09 8.0639E-09 8.1434E-09 8.2446E-09 8.3607E-09 8.4804E-09 8.6056E-09 8.7302E-09 8.8491E-09 8.9625E-09 9.0706E-09 9.1724E-09 9.2689E-09 9.3589E-09 9.4418E-09 9.5184E-09 9.5883E-09 9.6508E-09 9.7065E-09 9.7558E-09 9.7981E-09 9.8339E-09 9.8629E-09 9.8843E-09 9.8979E-09 9.9041E-09 9.9033E-09 9.8955E-09 9.8803E-09 9.8576E-09 9.8277E-09 9.7915E-09 9.7486E-09 9.6995E-09 9.6443E-09 9.5827E-09 9.5154E-09 9.4421E-09
4.7696E-08 5.0697E-08 5.3702E-08 5.6313E-08 5.8072E-08 5.8595E-08 5.7685E-08 5.5289E-08 5.1459E-08 4.6476E-08 4.0405E-08 3.4063E-08 2.7477E-08 2.1538E-08 1.5947E-08 1.2211E-08 9.6784E-09 8.6323E-09 8.4435E-09 8.4051E-09 8.4447E-09 8.5150E-09 8.6111E-09 8.7281E-09 8.8480E-09 8.9703E-09 9.0934E-09 9.2134E-09 9.3280E-09 9.4369E-09 9.5391E-09 9.6353E-09 9.7245E-09 9.8069E-09 9.8821E-09 9.9500E-09 1.0011E-08 1.0065E-08 1.0112E-08 1.0152E-08 1.0185E-08 1.0211E-08 1.0230E-08 1.0241E-08 1.0244E-08 1.0240E-08 1.0229E-08 1.0210E-08 1.0184E-08 1.0150E-08 1.0110E-08 1.0062E-08 1.0008E-08 9.9479E-09 9.8813E-09 9.8084E-09 9.7298E-09
4.1346E-08 4.3006E-08 4.4285E-08 4.4979E-08 4.4619E-08 4.3177E-08 4.0563E-08 3.7145E-08 3.2864E-08 2.8379E-08 2.3809E-08 1.9565E-08 1.5866E-08 1.3445E-08 1.1488E-08 1.0159E-08 9.3455E-09 9.0230E-09 8.8863E-09 8.8380E-09 8.8645E-09 8.9208E-09 9.0082E-09 9.1252E-09 9.2449E-09 9.3656E-09 9.4871E-09 9.6063E-09 9.7207E-09 9.8290E-09 9.9310E-09 1.0026E-08 1.0114E-08 1.0195E-08 1.0268E-08 1.0333E-08 1.0391E-08 1.0443E-08 1.0487E-08 1.0523E-08 1.0553E-08 1.0575E-08 1.0590E-08 1.0597E-08 1.0598E-08 1.0590E-08 1.0574E-08 1.0551E-08 1.0520E-08 1.0483E-08 1.0437E-08 1.0385E-08 1.0326E-08 1.0260E-08 1.0188E-08 1.0109E-08 1.0024E-08
3.5828E-08 3.6500E-08 3.6695E-08 3.6182E-08 3.4900E-08 3.2786E-08 3.0050E-08 2.6964E-08 2.3688E-08 2.0287E-08 1.7499E-08 1.5131E-08 1.3425E-08 1.2019E-08 1.0995E-08 1.0234E-08 9.7992E-09 9.5363E-09 9.3834E-09 9.3165E-09 9.3273E-09 9.3670E-09 9.4396E-09 9.5537E-09 9.6726E-09 9.7918E-09 9.9115E-09 1.0029E-08 1.0142E-08 1.0249E-08 1.0349E-08 1.0442E-08 1.0528E-08 1.0605E-08 1.0676E-08 1.0738E-08 1.0792E-08 1.0840E-08 1.0880E-08 1.0913E-08 1.0937E-08 1.0955E-08 1.0965E-08 1.0968E-08 1.0963E-08 1.0951E-08 1.0931E-08 1.0903E-08 1.0867E-08 1.0824E-08 1.0774E-08 1.0716E-08 1.0651E-08 1.0580E-08 1.0501E-08 1.0417E-08 1.0326E-08
3.1682E-08 3.1802E-08 3.1457E-08 3.0537E-08 2.9068E-08 2.7069E-08 2.4836E-08 2.2384E-08 2.0005E-08 1.7857E-08 1.6099E-08 1.4525E-08 1.3222E-08 1.2146E-08 1.1376E-08 1.0807E-08 1.0390E-08 1.0106E-08 9.9285E-09 9.8400E-09 9.8308E-09 9.8557E-09 9.9147E-09 1.0017E-08 1.0134E-08 1.0251E-08 1.0367E-08 1.0482E-08 1.0593E-08 1.0697E-08 1.0794E-08 1.0884E-08 1.0966E-08 1.1040E-08 1.1106E-08 1.1164E-08 1.1214E-08 1.1256E-08 1.1291E-08 1.1319E-08 1.1339E-08 1.1351E-08 1.1355E-08 1.1352E-08 1.1342E-08 1.1324E-08 1.1299E-08 1.1265E-08 1.1224E-08 1.1175E-08 1.1119E-08 1.1055E-08 1.0985E-08 1.0907E-08 1.0822E-08 1.0730E-08 1.0633E-08
2.8890E-08 2.8769E-08 2.8261E-08 2.7309E-08 2.6034E-08 2.4364E-08 2.2619E-08 2.0793E-08 1.9106E-08 1.7463E-08 1.5960E-08 1.4692E-08 1.3637E-08 1.2740E-08 1.2005E-08 1.1435E-08 1.1010E-08 1.0710E-08 1.0517E-08 1.0413E-08 1.0385E-08 1.0393E-08 1.0440E-08 1.0525E-08 1.0632E-08 1.0744E-08 1.0855E-08 1.0966E-08 1.1074E-08 1.1174E-08 1.1267E-08 1.1353E-08 1.1430E-08 1.1499E-08 1.1560E-08 1.1612E-08 1.1656E-08 1.1693E-08 1.1721E-08 1.1743E-08 1.1756E-08 1.1762E-08 1.1760E-08 1.1750E-08 1.1733E-08 1.1709E-08 1.1677E-08 1.1637E-08 1.1590E-08 1.1534E-08 1.1471E-08 1.1402E-08 1.1324E-08 1.1240E-08 1.1148E-08 1.1050E-08 1.0945E-08
2.7210E-08 2.7031E-08 2.6570E-08 2.5750E-08 2.4629E-08 2.3320E-08 2.1941E-08 2.0456E-08 1.8984E-08 1.7614E-08 1.6377E-08 1.5248E-08 1.4248E-08 1.3381E-08 1.2665E-08 1.2101E-08 1.1672E-08 1.1362E-08 1.1156E-08 1.1033E-08 1.0988E-08 1.0982E-08 1.1014E-08 1.1082E-08 1.1173E-08 1.1275E-08 1.1379E-08 1.1482E-08 1.1584E-08 1.1681E-08 1.1768E-08 1.1848E-08 1.1920E-08 1.1983E-08 1.2037E-08 1.2082E-08 1.2119E-08 1.2148E-08 1.2169E-08 1.2183E-08 1.2189E-08 1.2187E-08 1.2178E-08 1.2161E-08 1.2136E-08 1.2105E-08 1.2065E-08 1.2018E-08 1.1964E-08 1.1901E-08 1.1831E-08 1.1754E-08 1.1670E-08 1.1578E-08 1.1479E-08 1.1373E-08 1.1261E-08
2.6258E-08 2.6104E-08 2.5690E-08 2.4968E-08 2.4029E-08 2.2938E-08 2.1732E-08 2.0518E-08 1.9293E-08 1.8080E-08 1.6923E-08 1.5853E-08 1.4897E-08 1.4067E-08 1.3373E-08 1.2812E-08 1.2379E-08 1.2063E-08 1.1842E-08 1.1701E-08 1.1637E-08 1.1616E-08 1.1634E-08 1.1686E-08 1.1757E-08 1.1847E-08 1.1939E-08 1.2032E-08 1.2126E-08 1.2216E-08 1.2297E-08 1.2370E-08 1.2434E-08 1.2490E-08 1.2536E-08 1.2573E-08 1.2601E-08 1.2622E-08 1.2635E-08 1.2640E-08 1.2637E-08 1.2627E-08 1.2609E-08 1.2583E-08 1.2550E-08 1.2510E-08 1.2463E-08 1.2407E-08 1.2345E-08 1.2275E-08 1.2197E-08 1.2112E-08 1.2019E-08 1.1920E-08 1.1813E-08 1.1700E-08 1.1580E-08
2.5690E-08 2.5595E-08 2.5231E-08 2.4630E-08 2.3848E-08 2.2954E-08 2.1947E-08 2.0855E-08 1.9724E-08 1.8594E-08 1.7506E-08 1.6499E-08 1.5595E-08 1.4797E-08 1.4118E-08 1.3563E-08 1.3131E-08 1.2804E-08 1.2572E-08 1.2414E-08 1.2330E-08 1.2291E-08 1.2294E-08 1.2330E-08 1.2386E-08 1.2459E-08 1.2539E-08 1.2619E-08 1.2699E-08 1.2780E-08 1.2853E-08 1.2917E-08 1.2973E-08 1.3019E-08 1.3057E-08 1.3085E-08 1.3103E-08 1.3114E-08 1.3116E-08 1.3111E-08 1.3099E-08 1.3079E-08 1.3051E-08 1.3016E-08 1.2974E-08 1.2924E-08 1.2868E-08 1.2804E-08 1.2732E-08 1.2653E-08 1.2567E-08 1.2474E-08 1.2373E-08 1.2265E-08 1.2150E-08 1.2029E-08 1.1900E-08
2.5365E-08 2.5314E-08 2.5030E-08 2.4580E-08 2.3948E-08 2.3157E-08 2.2243E-08 2.1241E-08 2.0193E-08 1.9152E-08 1.8144E-08 1.7196E-08 1.6332E-08 1.5562E-08 1.4904E-08 1.4359E-08 1.3925E-08 1.3589E-08 1.3343E-08 1.3171E-08 1.3067E-08 1.3012E-08 1.2997E-08 1.3015E-08 1.3055E-08 1.3110E-08 1.3176E-08 1.3241E-08 1.3307E-08 1.3372E-08 1.3436E-08 1.3490E-08 1.3535E-08 1.3570E-08 1.3597E-08 1.3614E-08 1.3622E-08 1.3622E-08 1.3613E-08 1.3597E-08 1.3573E-08 1.3542E-08 1.3504E-08 1.3459E-08 1.3406E-08 1.3346E-08 1.3279E-08 1.3205E-08 1.3124E-08 1.3036E-08 1.2941E-08 1.2839E-08 1.2729E-08 1.2612E-08 1.2488E-08 1.2358E-08 1.2221E-08
2.5195E-08 2.5225E-08 2.5050E-08 2.4678E-08 2.4124E-08 2.3414E-08 2.2586E-08 2.1682E-08 2.0731E-08 1.9767E-08 1.8825E-08 1.7928E-08 1.7105E-08 1.6371E-08 1.5735E-08 1.5196E-08 1.4758E-08 1.4415E-08 1.4157E-08 1.3970E-08 1.3850E-08 1.3774E-08 1.3742E-08 1.3741E-08 1.3762E-08 1.3797E-08 1.3847E-08 1.3898E-08 1.3948E-08 1.3997E-08 1.4043E-08 1.4086E-08 1.4119E-08 1.4142E-08 1.4157E-08 1.4161E-08 1.4157E-08 1.4144E-08 1.4123E-08 1.4094E-08 1.4059E-08 1.4016E-08 1.3965E-08 1.3909E-08 1.3844E-08 1.3773E-08 1.3696E-08 1.3612E-08 1.3520E-08 1.3422E-08 1.3316E-08 1.3204E-08 1.3085E-08 1.2959E-08 1.2826E-08 1.2686E-08 1.2540E-08
2.5148E-08 2.5236E-08 2.5118E-08 2.4813E-08 2.4341E-08 2.3730E-08 2.2997E-08 2.2180E-08 2.1308E-08 2.0414E-08 1.9532E-08 1.8698E-08 1.7923E-08 1.7219E-08 1.6601E-08 1.6070E-08 1.5632E-08 1.5280E-08 1.5010E-08 1.4809E-08 1.4670E-08 1.4578E-08 1.4526E-08 1.4505E-08 1.4506E-08 1.4523E-08 1.4550E-08 1.4584E-08 1.4617E-08 1.4649E-08 1.4678E-08 1.4703E-08 1.4722E-08 1.4732E-08 1.4733E-08 1.4724E-08 1.4706E-08 1.4679E-08 1.4644E-08 1.4601E-08 1.4552E-08 1.4496E-08 1.4434E-08 1.4364E-08 1.4288E-08 1.4205E-08 1.4116E-08 1.4020E-08 1.3917E-08 1.3808E-08 1.3692E-08 1.3570E-08 1.3441E-08 1.3305E-08 1.3162E-08 1.3013E-08 1.2857E-08
2.5141E-08 2.5275E-08 2.5229E-08 2.5009E-08 2.4622E-08 2.4091E-08 2.3441E-08 2.2699E-08 2.1907E-08 2.1099E-08 2.0289E-08 1.9507E-08 1.8771E-08 1.8096E-08 1.7496E-08 1.6977E-08 1.6538E-08 1.6181E-08 1.5898E-08 1.5682E-08 1.5525E-08 1.5415E-08 1.5346E-08 1.5304E-08 1.5284E-08 1.5279E-08 1.5284E-08 1.5299E-08 1.5314E-08 1.5328E-08 1.5337E-08 1.5343E-08 1.5342E-08 1.5337E-08 1.5322E-08 1.5298E-08 1.5265E-08 1.5224E-08 1.5174E-08 1.5117E-08 1.5053E-08 1.4983E-08 1.4906E-08 1.4823E-08 1.4734E-08 1.4638E-08 1.4536E-08 1.4428E-08 1.4314E-08 1.4193E-08 1.4066E-08 1.3933E-08 1.3793E-08 1.3647E-08 1.3494E-08 1.3335E-08 1.3170E-08
2.5171E-08 2.5373E-08 2.5395E-08 2.5242E-08 2.4931E-08 2.4476E-08 2.3914E-08 2.3268E-08 2.2560E-08 2.1819E-08 2.1068E-08 2.0337E-08 1.9641E-08 1.8996E-08 1.8416E-08 1.7909E-08 1.7471E-08 1.7109E-08 1.6816E-08 1.6584E-08 1.6409E-08 1.6282E-08 1.6193E-08 1.6133E-08 1.6091E-08 1.6063E-08 1.6046E-08 1.6039E-08 1.6034E-08 1.6028E-08 1.6018E-08 1.6003E-08 1.5982E-08 1.5955E-08 1.5923E-08 1.5883E-08 1.5833E-08 1.5775E-08 1.5709E-08 1.5637E-08 1.5557E-08 1.5472E-08 1.5381E-08 1.5283E-08 1.5180E-08 1.5071E-08 1.4956E-08 1.4835E-08 1.4708E-08 1.4575E-08 1.4436E-08 1.4292E-08 1.4141E-08 1.3984E-08 1.3821E-08 1.3652E-08 1.3476E-08
2.5244E-08 2.5502E-08 2.5585E-08 2.5498E-08 2.5269E-08 2.4906E-08 2.4429E-08 2.3860E-08 2.3225E-08 2.2550E-08 2.1860E-08 2.1178E-08 2.0525E-08 1.9910E-08 1.9352E-08 1.8857E-08 1.8425E-08 1.8059E-08 1.7756E-08 1.7512E-08 1.7321E-08 1.7174E-08 1.7064E-08 1.6984E-08 1.6921E-08 1.6870E-08 1.6830E-08 1.6800E-08 1.6772E-08 1.6744E-08 1.6713E-08 1.6677E-08 1.6635E-08 1.6585E-08 1.6532E-08 1.6474E-08 1.6406E-08 1.6331E-08 1.6248E-08 1.6158E-08 1.6062E-08 1.5961E-08 1.5855E-08 1.5742E-08 1.5623E-08 1.5500E-08 1.5371E-08 1.5237E-08 1.5097E-08 1.4952E-08 1.4801E-08 1.4644E-08 1.4482E-08 1.4314E-08 1.4141E-08 1.3961E-08 1.3775E-08
2.5323E-08 2.5633E-08 2.5787E-08 2.5784E-08 2.5632E-08 2.5347E-08 2.4947E-08 2.4455E-08 2.3892E-08 2.3284E-08 2.2654E-08 2.2024E-08 2.1412E-08 2.0831E-08 2.0296E-08 1.9814E-08 1.9391E-08 1.9022E-08 1.8714E-08 1.8459E-08 1.8251E-08 1.8084E-08 1.7952E-08 1.7851E-08 1.7767E-08 1.7695E-08 1.7630E-08 1.7576E-08 1.7525E-08 1.7473E-08 1.7419E-08 1.7360E-08 1.7297E-08 1.7226E-08 1.7149E-08 1.7067E-08 1.6980E-08 1.6887E-08 1.6786E-08 1.6678E-08 1.6565E-08 1.6447E-08 1.6324E-08 1.6196E-08 1.6062E-08 1.5924E-08 1.5781E-08 1.5632E-08 1.5478E-08 1.5320E-08 1.5157E-08 1.4988E-08 1.4814E-08 1.4635E-08 1.4451E-08 1.4261E-08 1.4065E-08
2.5384E-08 2.5756E-08 2.5974E-08 2.6038E-08 2.5959E-08 2.5751E-08 2.5429E-08 2.5014E-08 2.4524E-08 2.3986E-08 2.3419E-08 2.2845E-08 2.2275E-08 2.1730E-08 2.1223E-08 2.0763E-08 2.0354E-08 1.9990E-08 1.9676E-08 1.9411E-08 1.9188E-08 1.9003E-08 1.8852E-08 1.8729E-08 1.8621E-08 1.8528E-08 1.8441E-08 1.8361E-08 1.8285E-08 1.8209E-08 1.8130E-08 1.8047E-08 1.7961E-08 1.7867E-08 1.7768E-08 1.7662E-08 1.7552E-08 1.7439E-08 1.7319E-08 1.7193E-08 1.7062E-08 1.6926E-08 1.6786E-08 1.6642E-08 1.6492E-08 1.6338E-08 1.6180E-08 1.6017E-08 1.5850E-08 1.5679E-08 1.5502E-08 1.5321E-08 1.5136E-08 1.4945E-08 1.4750E-08 1.4549E-08 1.4342E-08
2.5446E-08 2.5876E-08 2.6157E-08 2.6291E-08 2.6286E-08 2.6155E-08 2.5911E-08 2.5571E-08 2.5156E-08 2.4685E-08 2.4176E-08 2.3649E-08 2.3127E-08 2.2621E-08 2.2144E-08 2.1707E-08 2.1307E-08 2.0948E-08 2.0631E-08 2.0358E-08 2.0122E-08 1.9921E-08 1.9751E-08 1.9607E-08 1.9476E-08 1.9359E-08 1.9250E-08 1.9147E-08 1.9045E-08 1.8944E-08 1.8839E-08 1.8731E-08 1.8620E-08 1.8502E-08 1.8382E-08 1.8254E-08 1.8122E-08 1.7983E-08 1.7844E-08 1.7698E-08 1.7549E-08 1.7395E-08 1.7238E-08 1.7076E-08 1.6910E-08 1.6741E-08 1.6568E-08 1.6391E-08 1.6209E-08 1.6024E-08 1.5835E-08 1.5641E-08 1.5444E-08 1.5241E-08 1.5035E-08 1.4823E-08 1.4607E-08
