Assets/Resources/2015_m01_d16_2300(utc+0800)_l00_csi_1hr_conc.grd
DSAA
         159         159
     -79.000      79.000
     -79.000      79.000
  0.0000E+00  0.1878E-04
[rows 25 to 49 of 159, columns 57 to 113 of 159]
1.7537E-09 2.3268E-09 3.0091E-09 3.8180E-09 4.7542E-09 5.7900E-09 6.8935E-09 8.0317E-09 9.1605E-09 1.0228E-08 1.1171E-08 1.1934E-08 1.2471E-08 1.2746E-08 1.2745E-08 1.2467E-08 1.1935E-08 1.1189E-08 1.0274E-08 9.2428E-09 8.1493E-09 7.0385E-09 5.9585E-09 4.9547E-09 4.0461E-09 3.2358E-09 2.5471E-09 1.9709E-09 1.4974E-09 1.1150E-09 8.1744E-10 5.8409E-10 4.0743E-10 2.6238E-10 1.2996E-10 5.8670E-11 1.6864E-11 0.0000E+00 0.0000E+00 0.0000E+00 0.0000E+00 0.0000E+00 0.0000E+00 0.0000E+00 0.0000E+00 0.0000E+00 0.0000E+00 0.0000E+00 0.0000E+00 0.0000E+00 0.0000E+00 0.0000E+00 0.0000E+00 0.0000E+00 0.0000E+00 0.0000E+00 0.0000E+00
1.7439E-09 2.3146E-09 3.0188E-09 3.8615E-09 4.8204E-09 5.8840E-09 7.0349E-09 8.2360E-09 9.4241E-09 1.0538E-08 1.1516E-08 1.2300E-08 1.2840E-08 1.3102E-08 1.3070E-08 1.2749E-08 1.2161E-08 1.1347E-08 1.0358E-08 9.2558E-09 8.1042E-09 6.9562E-09 5.8516E-09 4.8193E-09 3.8995E-09 3.1005E-09 2.4113E-09 1.8480E-09 1.3910E-09 1.0253E-09 7.4199E-10 5.2345E-10 3.5191E-10 2.2076E-10 1.0889E-10 4.8690E-11 0.0000E+00 0.0000E+00 0.0000E+00 0.0000E+00 0.0000E+00 0.0000E+00 0.0000E+00 0.0000E+00 0.0000E+00 0.0000E+00 0.0000E+00 0.0000E+00 0.0000E+00 0.0000E+00 0.0000E+00 0.0000E+00 0.0000E+00 0.0000E+00 0.0000E+00 0.0000E+00 0.0000E+00
1.7198E-09 2.3083E-09 3.0378E-09 3.8946E-09 4.8842E-09 6.0109E-09 7.2274E-09 8.4806E-09 9.7213E-09 1.0886E-08 1.1909E-08 1.2725E-08 1.3278E-08 1.3529E-08 1.3462E-08 1.3085E-08 1.2428E-08 1.1539E-08 1.0479E-08 9.3084E-09 8.0880E-09 6.8830E-09 5.7425E-09 4.6971E-09 3.7600E-09 2.9582E-09 2.2859E-09 1.7280E-09 1.2887E-09 9.4020E-10 6.6975E-10 4.6467E-10 3.0106E-10 1.5790E-10 7.0448E-11 2.2284E-11 0.0000E+00 0.0000E+00 0.0000E+00 0.0000E+00 0.0000E+00 0.0000E+00 0.0000E+00 0.0000E+00 0.0000E+00 0.0000E+00 0.0000E+00 0.0000E+00 0.0000E+00 0.0000E+00 0.0000E+00 0.0000E+00 0.0000E+00 0.0000E+00 0.0000E+00 0.0000E+00 0.0000E+00
1.7001E-09 2.3074E-09 3.0450E-09 3.9368E-09 4.9910E-09 6.1671E-09 7.4369E-09 8.7617E-09 1.0093E-08 1.1345E-08 1.2438E-08 1.3300E-08 1.3869E-08 1.4107E-08 1.3998E-08 1.3553E-08 1.2806E-08 1.1815E-08 1.0653E-08 9.3917E-09 8.1020E-09 6.8371E-09 5.6480E-09 4.5749E-09 3.6328E-09 2.8233E-09 2.1591E-09 1.6137E-09 1.1873E-09 8.5752E-10 6.0158E-10 4.1142E-10 2.6147E-10 1.3540E-10 5.8353E-11 1.7487E-11 0.0000E+00 0.0000E+00 0.0000E+00 0.0000E+00 0.0000E+00 0.0000E+00 0.0000E+00 0.0000E+00 0.0000E+00 0.0000E+00 0.0000E+00 0.0000E+00 0.0000E+00 0.0000E+00 0.0000E+00 0.0000E+00 0.0000E+00 0.0000E+00 0.0000E+00 0.0000E+00 0.0000E+00
1.6819E-09 2.2921E-09 3.0612E-09 4.0079E-09 5.1017E-09 6.3391E-09 7.7139E-09 9.1566E-09 1.0591E-08 1.1933E-08 1.3103E-08 1.4019E-08 1.4611E-08 1.4837E-08 1.4681E-08 1.4158E-08 1.3313E-08 1.2212E-08 1.0931E-08 9.5518E-09 8.1597E-09 6.8201E-09 5.5785E-09 4.4654E-09 3.5081E-09 2.6978E-09 2.0340E-09 1.5047E-09 1.0890E-09 7.7658E-10 5.3282E-10 3.5966E-10 2.2474E-10 1.0755E-10 4.7106E-11 1.2885E-11 0.0000E+00 0.0000E+00 0.0000E+00 0.0000E+00 0.0000E+00 0.0000E+00 0.0000E+00 0.0000E+00 0.0000E+00 0.0000E+00 0.0000E+00 0.0000E+00 0.0000E+00 0.0000E+00 0.0000E+00 0.0000E+00 0.0000E+00 0.0000E+00 0.0000E+00 0.0000E+00 0.0000E+00
1.6522E-09 2.2824E-09 3.0962E-09 4.0716E-09 5.2324E-09 6.5912E-09 8.0771E-09 9.6320E-09 1.1191E-08 1.2662E-08 1.3952E-08 1.4955E-08 1.5592E-08 1.5812E-08 1.5598E-08 1.4974E-08 1.3994E-08 1.2742E-08 1.1313E-08 9.8031E-09 8.2928E-09 6.8521E-09 5.5411E-09 4.3820E-09 3.3919E-09 2.5808E-09 1.9118E-09 1.3943E-09 9.9302E-10 6.9917E-10 4.7168E-10 3.1259E-10 1.5928E-10 7.1712E-11 2.2462E-11 0.0000E+00 0.0000E+00 0.0000E+00 0.0000E+00 0.0000E+00 0.0000E+00 0.0000E+00 0.0000E+00 0.0000E+00 0.0000E+00 0.0000E+00 0.0000E+00 0.0000E+00 0.0000E+00 0.0000E+00 0.0000E+00 0.0000E+00 0.0000E+00 0.0000E+00 0.0000E+00 0.0000E+00 0.0000E+00
1.6177E-09 2.2863E-09 3.1178E-09 4.1561E-09 5.4319E-09 6.8866E-09 8.4993E-09 1.0221E-08 1.1969E-08 1.3622E-08 1.5063E-08 1.6176E-08 1.6869E-08 1.7085E-08 1.6807E-08 1.6065E-08 1.4926E-08 1.3490E-08 1.1866E-08 1.0167E-08 8.5019E-09 6.9408E-09 5.5351E-09 4.3228E-09 3.2946E-09 2.4631E-09 1.8029E-09 1.2859E-09 9.0165E-10 6.2235E-10 4.1098E-10 2.6052E-10 1.3219E-10 5.7726E-11 1.3214E-11 0.0000E+00 0.0000E+00 0.0000E+00 0.0000E+00 0.0000E+00 0.0000E+00 0.0000E+00 0.0000E+00 0.0000E+00 0.0000E+00 0.0000E+00 0.0000E+00 0.0000E+00 0.0000E+00 0.0000E+00 0.0000E+00 0.0000E+00 0.0000E+00 0.0000E+00 0.0000E+00 0.0000E+00 0.0000E+00
1.6038E-09 2.2766E-09 3.1508E-09 4.2897E-09 5.6443E-09 7.2289E-09 9.0368E-09 1.0975E-08 1.2939E-08 1.4807E-08 1.6439E-08 1.7700E-08 1.8479E-08 1.8703E-08 1.8350E-08 1.7458E-08 1.6120E-08 1.4455E-08 1.2604E-08 1.0691E-08 8.8274E-09 7.1058E-09 5.5846E-09 4.2863E-09 3.2216E-09 2.3562E-09 1.6942E-09 1.1821E-09 8.1588E-10 5.4584E-10 3.5145E-10 2.1550E-10 1.0686E-10 4.0093E-11 9.3093E-12 0.0000E+00 0.0000E+00 0.0000E+00 0.0000E+00 0.0000E+00 0.0000E+00 0.0000E+00 0.0000E+00 0.0000E+00 0.0000E+00 0.0000E+00 0.0000E+00 0.0000E+00 0.0000E+00 0.0000E+00 0.0000E+00 0.0000E+00 0.0000E+00 0.0000E+00 0.0000E+00 0.0000E+00 0.0000E+00
1.5763E-09 2.2674E-09 3.2256E-09 4.4180E-09 5.8887E-09 7.6685E-09 9.6847E-09 1.1866E-08 1.4105E-08 1.6262E-08 1.8159E-08 1.9628E-08 2.0530E-08 2.0773E-08 2.0338E-08 1.9272E-08 1.7686E-08 1.5729E-08 1.3569E-08 1.1371E-08 9.2733E-09 7.3646E-09 5.6940E-09 4.2914E-09 3.1631E-09 2.2743E-09 1.5976E-09 1.0852E-09 7.2172E-10 4.6986E-10 2.9380E-10 1.6485E-10 6.8020E-11 2.2005E-11 3.6817E-12 0.0000E+00 0.0000E+00 0.0000E+00 0.0000E+00 0.0000E+00 0.0000E+00 0.0000E+00 0.0000E+00 0.0000E+00 0.0000E+00 0.0000E+00 0.0000E+00 0.0000E+00 0.0000E+00 0.0000E+00 0.0000E+00 0.0000E+00 0.0000E+00 0.0000E+00 0.0000E+00 0.0000E+00 0.0000E+00
1.5419E-09 2.2917E-09 3.2846E-09 4.5606E-09 6.2019E-09 8.1642E-09 1.0425E-08 1.2921E-08 1.5514E-08 1.8025E-08 2.0244E-08 2.1970E-08 2.3027E-08 2.3308E-08 2.2781E-08 2.1508E-08 1.9627E-08 1.7325E-08 1.4810E-08 1.2271E-08 9.8628E-09 7.7107E-09 5.8715E-09 4.3500E-09 3.1311E-09 2.1985E-09 1.5043E-09 9.9077E-10 6.3010E-10 3.9735E-10 2.3983E-10 1.0565E-10 4.1871E-11 1.3172E-11 3.2455E-12 0.0000E+00 0.0000E+00 0.0000E+00 0.0000E+00 0.0000E+00 0.0000E+00 0.0000E+00 0.0000E+00 0.0000E+00 0.0000E+00 0.0000E+00 0.0000E+00 0.0000E+00 0.0000E+00 0.0000E+00 0.0000E+00 0.0000E+00 0.0000E+00 0.0000E+00 0.0000E+00 0.0000E+00 0.0000E+00
1.5185E-09 2.3087E-09 3.3381E-09 4.7477E-09 6.5284E-09 8.7031E-09 1.1276E-08 1.4138E-08 1.7140E-08 2.0074E-08 2.2693E-08 2.4748E-08 2.6019E-08 2.6365E-08 2.5746E-08 2.4236E-08 2.2003E-08 1.9282E-08 1.6329E-08 1.3386E-08 1.0633E-08 8.1878E-09 6.1217E-09 4.4530E-09 3.1396E-09 2.1489E-09 1.4230E-09 9.0625E-10 5.4773E-10 3.2426E-10 1.7699E-10 7.2858E-11 2.6644E-11 8.5283E-12 2.8106E-12 0.0000E+00 0.0000E+00 0.0000E+00 0.0000E+00 0.0000E+00 0.0000E+00 0.0000E+00 0.0000E+00 0.0000E+00 0.0000E+00 0.0000E+00 0.0000E+00 0.0000E+00 0.0000E+00 0.0000E+00 0.0000E+00 0.0000E+00 0.0000E+00 0.0000E+00 0.0000E+00 0.0000E+00 0.0000E+00
1.5155E-09 2.3050E-09 3.4183E-09 4.9238E-09 6.8589E-09 9.3017E-09 1.2200E-08 1.5470E-08 1.8946E-08 2.2390E-08 2.5497E-08 2.7960E-08 2.9503E-08 2.9945E-08 2.9235E-08 2.7463E-08 2.4835E-08 2.1635E-08 1.8173E-08 1.4738E-08 1.1552E-08 8.7759E-09 6.4596E-09 4.6065E-09 3.1678E-09 2.1182E-09 1.3528E-09 8.2490E-10 4.6783E-10 2.4973E-10 1.2789E-10 5.3701E-11 1.7932E-11 6.5667E-12 2.3911E-12 0.0000E+00 0.0000E+00 0.0000E+00 0.0000E+00 0.0000E+00 0.0000E+00 0.0000E+00 0.0000E+00 0.0000E+00 0.0000E+00 0.0000E+00 0.0000E+00 0.0000E+00 0.0000E+00 0.0000E+00 0.0000E+00 0.0000E+00 0.0000E+00 0.0000E+00 0.0000E+00 0.0000E+00 0.0000E+00
1.4969E-09 2.2995E-09 3.4889E-09 5.0773E-09 7.2062E-09 9.8970E-09 1.3143E-08 1.6868E-08 2.0882E-08 2.4903E-08 2.8579E-08 3.1524E-08 3.3407E-08 3.3996E-08 3.3218E-08 3.1170E-08 2.8106E-08 2.4368E-08 2.0331E-08 1.6342E-08 1.2671E-08 9.4862E-09 6.8707E-09 4.8196E-09 3.2460E-09 2.1037E-09 1.3068E-09 7.5849E-10 3.9756E-10 1.8471E-10 9.4110E-11 3.8758E-11 1.2497E-11 2.8793E-12 1.0100E-12 0.0000E+00 0.0000E+00 0.0000E+00 0.0000E+00 0.0000E+00 0.0000E+00 0.0000E+00 0.0000E+00 0.0000E+00 0.0000E+00 0.0000E+00 0.0000E+00 0.0000E+00 0.0000E+00 0.0000E+00 0.0000E+00 0.0000E+00 0.0000E+00 0.0000E+00 0.0000E+00 0.0000E+00 0.0000E+00
1.4559E-09 2.3066E-09 3.5237E-09 5.2198E-09 7.5104E-09 1.0446E-08 1.4058E-08 1.8252E-08 2.2844E-08 2.7501E-08 3.1805E-08 3.5309E-08 3.7608E-08 3.8416E-08 3.7610E-08 3.5294E-08 3.1762E-08 2.7434E-08 2.2759E-08 1.8154E-08 1.3939E-08 1.0315E-08 7.3609E-09 5.0714E-09 3.3540E-09 2.1130E-09 1.2728E-09 7.1180E-10 3.3640E-10 1.4357E-10 6.6480E-11 2.8272E-11 9.5637E-12 2.3641E-12 0.0000E+00 0.0000E+00 0.0000E+00 0.0000E+00 0.0000E+00 0.0000E+00 0.0000E+00 0.0000E+00 0.0000E+00 0.0000E+00 0.0000E+00 0.0000E+00 0.0000E+00 0.0000E+00 0.0000E+00 0.0000E+00 0.0000E+00 0.0000E+00 0.0000E+00 0.0000E+00 0.0000E+00 0.0000E+00 0.0000E+00
1.4054E-09 2.2896E-09 3.5234E-09 5.3192E-09 7.7427E-09 1.0918E-08 1.4869E-08 1.9537E-08 2.4698E-08 3.0017E-08 3.5017E-08 3.9168E-08 4.1958E-08 4.3028E-08 4.2250E-08 3.9703E-08 3.5714E-08 3.0770E-08 2.5418E-08 2.0146E-08 1.5339E-08 1.1231E-08 7.9254E-09 5.3813E-09 3.5029E-09 2.1555E-09 1.2561E-09 6.6344E-10 3.0831E-10 1.1976E-10 4.8758E-11 2.1295E-11 7.0375E-12 8.8924E-13 0.0000E+00 0.0000E+00 0.0000E+00 0.0000E+00 0.0000E+00 0.0000E+00 0.0000E+00 0.0000E+00 0.0000E+00 0.0000E+00 0.0000E+00 0.0000E+00 0.0000E+00 0.0000E+00 0.0000E+00 0.0000E+00 0.0000E+00 0.0000E+00 0.0000E+00 0.0000E+00 0.0000E+00 0.0000E+00 0.0000E+00
1.3533E-09 2.2288E-09 3.5020E-09 5.3408E-09 7.8779E-09 1.1248E-08 1.5511E-08 2.0604E-08 2.6323E-08 3.2298E-08 3.8018E-08 4.2847E-08 4.6193E-08 4.7616E-08 4.6915E-08 4.4197E-08 3.9788E-08 3.4247E-08 2.8208E-08 2.2252E-08 1.6833E-08 1.2227E-08 8.5341E-09 5.7390E-09 3.6763E-09 2.2183E-09 1.2550E-09 6.4139E-10 2.9498E-10 9.7404E-11 3.0778E-11 1.3013E-11 2.5225E-12 0.0000E+00 0.0000E+00 0.0000E+00 0.0000E+00 0.0000E+00 0.0000E+00 0.0000E+00 0.0000E+00 0.0000E+00 0.0000E+00 0.0000E+00 0.0000E+00 0.0000E+00 0.0000E+00 0.0000E+00 0.0000E+00 0.0000E+00 0.0000E+00 0.0000E+00 0.0000E+00 0.0000E+00 0.0000E+00 0.0000E+00 0.0000E+00
1.2850E-09 2.1289E-09 3.4159E-09 5.2639E-09 7.8792E-09 1.1389E-08 1.5887E-08 2.1340E-08 2.7567E-08 3.4166E-08 4.0553E-08 4.6088E-08 5.0069E-08 5.1936E-08 5.1414E-08 4.8573E-08 4.3805E-08 3.7712E-08 3.1019E-08 2.4399E-08 1.8377E-08 1.3273E-08 9.1978E-09 6.1257E-09 3.8967E-09 2.2759E-09 1.2730E-09 6.4712E-10 2.9033E-10 9.3724E-11 1.8855E-11 5.0783E-12 2.7643E-13 0.0000E+00 0.0000E+00 0.0000E+00 0.0000E+00 0.0000E+00 0.0000E+00 0.0000E+00 0.0000E+00 0.0000E+00 0.0000E+00 0.0000E+00 0.0000E+00 0.0000E+00 0.0000E+00 0.0000E+00 0.0000E+00 0.0000E+00 0.0000E+00 0.0000E+00 0.0000E+00 0.0000E+00 0.0000E+00 0.0000E+00 0.0000E+00
1.1307E-09 1.9959E-09 3.2572E-09 5.0881E-09 7.7079E-09 1.1289E-08 1.5928E-08 2.1650E-08 2.8284E-08 3.5420E-08 4.2468E-08 4.8684E-08 5.3294E-08 5.5651E-08 5.5395E-08 5.2554E-08 4.7528E-08 4.0982E-08 3.3722E-08 2.6505E-08 1.9928E-08 1.4351E-08 9.9125E-09 6.5580E-09 4.1556E-09 2.4126E-09 1.3347E-09 6.6340E-10 3.0365E-10 1.0168E-10 9.0930E-12 7.5428E-13 0.0000E+00 0.0000E+00 0.0000E+00 0.0000E+00 0.0000E+00 0.0000E+00 0.0000E+00 0.0000E+00 0.0000E+00 0.0000E+00 0.0000E+00 0.0000E+00 0.0000E+00 0.0000E+00 0.0000E+00 0.0000E+00 0.0000E+00 0.0000E+00 0.0000E+00 0.0000E+00 0.0000E+00 0.0000E+00 0.0000E+00 0.0000E+00 0.0000E+00
9.7869E-10 1.8251E-09 3.0205E-09 4.7961E-09 7.3637E-09 1.0907E-08 1.5587E-08 2.1457E-08 2.8344E-08 3.5892E-08 4.3489E-08 5.0317E-08 5.5532E-08 5.8403E-08 5.8503E-08 5.5801E-08 5.0685E-08 4.3859E-08 3.6183E-08 2.8497E-08 2.1438E-08 1.5433E-08 1.0649E-08 7.0331E-09 4.4429E-09 2.5846E-09 1.4142E-09 7.1603E-10 3.2465E-10 1.0938E-10 3.9481E-12 0.0000E+00 0.0000E+00 0.0000E+00 0.0000E+00 0.0000E+00 0.0000E+00 0.0000E+00 0.0000E+00 0.0000E+00 0.0000E+00 0.0000E+00 0.0000E+00 0.0000E+00 0.0000E+00 0.0000E+00 0.0000E+00 0.0000E+00 0.0000E+00 0.0000E+00 0.0000E+00 0.0000E+00 0.0000E+00 0.0000E+00 0.0000E+00 0.0000E+00 0.0000E+00
7.9450E-10 1.5544E-09 2.7157E-09 4.3881E-09 6.8298E-09 1.0248E-08 1.4854E-08 2.0691E-08 2.7662E-08 3.5444E-08 4.3394E-08 5.0697E-08 5.6469E-08 5.9896E-08 6.0459E-08 5.8071E-08 5.3071E-08 4.6184E-08 3.8298E-08 3.0293E-08 2.2882E-08 1.6530E-08 1.1441E-08 7.5885E-09 4.8013E-09 2.8151E-09 1.5459E-09 7.9008E-10 3.5779E-10 1.2878E-10 1.2521E-11 0.0000E+00 0.0000E+00 0.0000E+00 0.0000E+00 0.0000E+00 0.0000E+00 0.0000E+00 0.0000E+00 0.0000E+00 0.0000E+00 0.0000E+00 0.0000E+00 0.0000E+00 0.0000E+00 0.0000E+00 0.0000E+00 0.0000E+00 0.0000E+00 0.0000E+00 0.0000E+00 0.0000E+00 0.0000E+00 0.0000E+00 0.0000E+00 0.0000E+00 0.0000E+00
5.7124E-10 1.2234E-09 2.3678E-09 3.8972E-09 6.1413E-09 9.3488E-09 1.3727E-08 1.9364E-08 2.6230E-08 3.3998E-08 4.2093E-08 4.9727E-08 5.5957E-08 5.9920E-08 6.1039E-08 5.9154E-08 5.4544E-08 4.7853E-08 3.9987E-08 3.1872E-08 2.4255E-08 1.7649E-08 1.2300E-08 8.2224E-09 5.2458E-09 3.1254E-09 1.7397E-09 8.9595E-10 4.2566E-10 1.6929E-10 3.5735E-11 4.1694E-13 0.0000E+00 0.0000E+00 0.0000E+00 0.0000E+00 0.0000E+00 0.0000E+00 0.0000E+00 0.0000E+00 0.0000E+00 0.0000E+00 0.0000E+00 0.0000E+00 0.0000E+00 0.0000E+00 0.0000E+00 0.0000E+00 0.0000E+00 0.0000E+00 0.0000E+00 0.0000E+00 0.0000E+00 0.0000E+00 0.0000E+00 0.0000E+00 0.0000E+00
4.4455E-10 9.4794E-10 1.9344E-09 3.3531E-09 5.3496E-09 8.2625E-09 1.2286E-08 1.7567E-08 2.4099E-08 3.1617E-08 3.9634E-08 4.7371E-08 5.3922E-08 5.8410E-08 6.0172E-08 5.8958E-08 5.4959E-08 4.8764E-08 4.1215E-08 3.3227E-08 2.5586E-08 1.8852E-08 1.3302E-08 9.0071E-09 5.8413E-09 3.5455E-09 2.0054E-09 1.0625E-09 5.2556E-10 2.2719E-10 6.9031E-11 1.3016E-11 0.0000E+00 0.0000E+00 0.0000E+00 0.0000E+00 0.0000E+00 0.0000E+00 0.0000E+00 0.0000E+00 0.0000E+00 0.0000E+00 0.0000E+00 0.0000E+00 0.0000E+00 0.0000E+00 0.0000E+00 0.0000E+00 0.0000E+00 0.0000E+00 0.0000E+00 0.0000E+00 0.0000E+00 0.0000E+00 0.0000E+00 0.0000E+00 0.0000E+00
2.6498E-10 6.8354E-10 1.4860E-09 2.7885E-09 4.5051E-09 7.0612E-09 1.0628E-08 1.5411E-08 2.1411E-08 2.8470E-08 3.6152E-08 4.3769E-08 5.0481E-08 5.5415E-08 5.7867E-08 5.7471E-08 5.4335E-08 4.8943E-08 4.2034E-08 3.4443E-08 2.6984E-08 2.0233E-08 1.4537E-08 1.0022E-08 6.6140E-09 4.0947E-09 2.3730E-09 1.3092E-09 6.8487E-10 3.1619E-10 1.1791E-10 3.4220E-11 0.0000E+00 0.0000E+00 0.0000E+00 0.0000E+00 0.0000E+00 0.0000E+00 0.0000E+00 0.0000E+00 0.0000E+00 0.0000E+00 0.0000E+00 0.0000E+00 0.0000E+00 0.0000E+00 0.0000E+00 0.0000E+00 0.0000E+00 0.0000E+00 0.0000E+00 0.0000E+00 0.0000E+00 0.0000E+00 0.0000E+00 0.0000E+00 0.0000E+00
1.9469E-10 4.7846E-10 1.0353E-09 2.1554E-09 3.6599E-09 5.8204E-09 8.8812E-09 1.3051E-08 1.8368E-08 2.4770E-08 3.1897E-08 3.9173E-08 4.5845E-08 5.1109E-08 5.4254E-08 5.4820E-08 5.2763E-08 4.8442E-08 4.2460E-08 3.5572E-08 2.8500E-08 2.1863E-08 1.6079E-08 1.1324E-08 7.6316E-09 4.8828E-09 2.9141E-09 1.6582E-09 8.9535E-10 4.3916E-10 1.8875E-10 6.7019E-11 1.0477E-11 0.0000E+00 0.0000E+00 0.0000E+00 0.0000E+00 0.0000E+00 0.0000E+00 0.0000E+00 0.0000E+00 0.0000E+00 0.0000E+00 0.0000E+00 0.0000E+00 0.0000E+00 0.0000E+00 0.0000E+00 0.0000E+00 0.0000E+00 0.0000E+00 0.0000E+00 0.0000E+00 0.0000E+00 0.0000E+00 0.0000E+00 0.0000E+00
7.3846E-11 2.7924E-10 7.2141E-10 1.5598E-09 2.8549E-09 4.6192E-09 7.1485E-09 1.0651E-08 1.5202E-08 2.0789E-08 2.7174E-08 3.3927E-08 4.0365E-08 4.5786E-08 4.9515E-08 5.1100E-08 5.0333E-08 4.7350E-08 4.2606E-08 3.6690E-08 3.0248E-08 2.3872E-08 1.8024E-08 1.3025E-08 9.0199E-09 5.9496E-09 3.6537E-09 2.1444E-09 1.1983E-09 6.1446E-10 2.8941E-10 1.1320E-10 2.8942E-11 1.7745E-12 0.0000E+00 0.0000E+00 0.0000E+00 0.0000E+00 0.0000E+00 0.0000E+00 0.0000E+00 0.0000E+00 0.0000E+00 0.0000E+00 0.0000E+00 0.0000E+00 0.0000E+00 0.0000E+00 0.0000E+00 0.0000E+00 0.0000E+00 0.0000E+00 0.0000E+00 0.0000E+00 0.0000E+00 0.0000E+00 0.0000E+00
