Assets/Resources/2015_m01_d26_1400(utc+0800)_l00_csi_1hr_conc.grd
DSAA
         159         159
     -79.000      79.000
     -79.000      79.000
  0.0000E+00  0.4661E-05
[rows 100 to 124 of 159, columns 0 to 56 of 159]
3.0134E-10 3.0245E-10 3.0344E-10 3.0527E-10 3.0601E-10 3.0662E-10 3.0808E-10 3.0938E-10 3.1054E-10 3.1153E-10 3.1137E-10 3.1103E-10 3.1051E-10 3.1088E-10 3.1002E-10 3.1004E-10 3.0985E-10 3.0877E-10 3.0748E-10 3.0672E-10 3.0503E-10 3.0313E-10 3.0177E-10 2.9946E-10 2.9769E-10 2.9498E-10 2.9282E-10 2.8977E-10 2.8739E-10 2.8564E-10 2.8304E-10 2.8109E-10 2.7835E-10 2.7557E-10 2.7365E-10 2.7107E-10 2.6869E-10 2.6637E-10 2.6416E-10 2.6208E-10 2.5918E-10 2.5464E-10 2.5233E-10 2.4994E-10 2.4741E-10 2.4479E-10 2.4202E-10 2.3911E-10 2.3607E-10 2.3288E-10 2.2961E-10 2.2624E-10 2.2278E-10 2.1926E-10 2.1567E-10 2.1203E-10 2.0765E-10
2.8131E-10 2.8317E-10 2.8491E-10 2.8654E-10 2.8803E-10 2.8939E-10 2.8966E-10 2.9076E-10 2.9075E-10 2.9059E-10 2.9026E-10 2.9080E-10 2.9118E-10 2.9138E-10 2.9073E-10 2.8989E-10 2.8959E-10 2.8840E-10 2.8701E-10 2.8617E-10 2.8512E-10 2.8317E-10 2.8102E-10 2.7866E-10 2.7688E-10 2.7418E-10 2.7208E-10 2.6985E-10 2.6749E-10 2.6501E-10 2.6247E-10 2.5985E-10 2.5719E-10 2.5458E-10 2.5213E-10 2.4980E-10 2.4759E-10 2.4555E-10 2.4359E-10 2.4162E-10 2.3962E-10 2.3752E-10 2.3534E-10 2.3307E-10 2.3068E-10 2.2819E-10 2.2555E-10 2.2278E-10 2.1990E-10 2.1691E-10 2.1382E-10 2.1066E-10 2.0673E-10 2.0274E-10 1.9869E-10 1.9459E-10 1.9128E-10
2.6589E-10 2.6752E-10 2.6810E-10 2.6951E-10 2.6987E-10 2.7010E-10 2.7020E-10 2.7115E-10 2.7196E-10 2.7263E-10 2.7314E-10 2.7284E-10 2.7239E-10 2.7177E-10 2.7168E-10 2.7074E-10 2.7032E-10 2.6973E-10 2.6826E-10 2.6661E-10 2.6551E-10 2.6351E-10 2.6132E-10 2.5969E-10 2.5790E-10 2.5594E-10 2.5385E-10 2.5163E-10 2.4930E-10 2.4691E-10 2.4441E-10 2.4191E-10 2.3940E-10 2.3702E-10 2.3477E-10 2.3267E-10 2.3071E-10 2.2884E-10 2.2706E-10 2.2521E-10 2.2331E-10 2.2133E-10 2.1928E-10 2.1711E-10 2.1486E-10 2.1247E-10 2.0997E-10 2.0665E-10 2.0321E-10 1.9968E-10 1.9609E-10 1.9318E-10 1.9024E-10 1.8722E-10 1.8418E-10 1.8111E-10 1.7813E-10
2.4931E-10 2.4984E-10 2.5026E-10 2.5151E-10 2.5264E-10 2.5365E-10 2.5453E-10 2.5465E-10 2.5529E-10 2.5514E-10 2.5485E-10 2.5442E-10 2.5452E-10 2.5446E-10 2.5424E-10 2.5319E-10 2.5197E-10 2.5130E-10 2.4976E-10 2.4806E-10 2.4691E-10 2.4558E-10 2.4336E-10 2.4170E-10 2.3915E-10 2.3643E-10 2.3436E-10 2.3214E-10 2.2986E-10 2.2749E-10 2.2585E-10 2.2345E-10 2.2112E-10 2.1969E-10 2.1770E-10 2.1580E-10 2.1402E-10 2.1237E-10 2.0996E-10 2.0677E-10 2.0498E-10 2.0315E-10 2.0121E-10 1.9920E-10 1.9709E-10 1.9486E-10 1.9252E-10 1.9007E-10 1.8756E-10 1.8498E-10 1.8232E-10 1.7962E-10 1.7686E-10 1.7407E-10 1.7125E-10 1.6848E-10 1.6576E-10
2.3357E-10 2.3483E-10 2.3599E-10 2.3704E-10 2.3737E-10 2.3759E-10 2.3769E-10 2.3766E-10 2.3815E-10 2.3852E-10 2.3875E-10 2.3884E-10 2.3814E-10 2.3729E-10 2.3630E-10 2.3585E-10 2.3456E-10 2.3382E-10 2.3291E-10 2.3185E-10 2.2994E-10 2.2786E-10 2.2635E-10 2.2397E-10 2.2142E-10 2.1952E-10 2.1748E-10 2.1532E-10 2.1311E-10 2.1083E-10 2.0853E-10 2.0628E-10 2.0420E-10 2.0224E-10 2.0039E-10 1.9874E-10 1.9717E-10 1.9562E-10 1.9405E-10 1.9243E-10 1.9075E-10 1.8901E-10 1.8718E-10 1.8527E-10 1.8325E-10 1.8113E-10 1.7892E-10 1.7662E-10 1.7426E-10 1.7184E-10 1.6936E-10 1.6685E-10 1.6429E-10 1.6068E-10 1.5709E-10 1.5360E-10 1.5017E-10
2.1966E-10 2.2015E-10 2.2054E-10 2.2082E-10 2.2163E-10 2.2232E-10 2.2290E-10 2.2336E-10 2.2306E-10 2.2329E-10 2.2275E-10 2.2208E-10 2.2128E-10 2.2102E-10 2.2062E-10 2.2007E-10 2.1938E-10 2.1787E-10 2.1622E-10 2.1512E-10 2.1318E-10 2.1109E-10 2.0959E-10 2.0792E-10 2.0614E-10 2.0422E-10 2.0221E-10 2.0012E-10 1.9794E-10 1.9578E-10 1.9362E-10 1.9157E-10 1.8966E-10 1.8791E-10 1.8629E-10 1.8478E-10 1.8337E-10 1.8192E-10 1.8044E-10 1.7890E-10 1.7733E-10 1.7566E-10 1.7394E-10 1.7211E-10 1.7020E-10 1.6819E-10 1.6610E-10 1.6394E-10 1.6073E-10 1.5744E-10 1.5412E-10 1.5075E-10 1.4846E-10 1.4616E-10 1.4395E-10 1.4179E-10 1.3970E-10
2.0526E-10 2.0619E-10 2.0703E-10 2.0777E-10 2.0841E-10 2.0834E-10 2.0815E-10 2.0786E-10 2.0809E-10 2.0757E-10 2.0758E-10 2.0747E-10 2.0722E-10 2.0685E-10 2.0569E-10 2.0440E-10 2.0366E-10 2.0211E-10 2.0042E-10 1.9930E-10 1.9805E-10 1.9664E-10 1.9510E-10 1.9240E-10 1.8957E-10 1.8660E-10 1.8464E-10 1.8254E-10 1.8048E-10 1.7839E-10 1.7744E-10 1.7558E-10 1.7388E-10 1.7337E-10 1.7192E-10 1.7059E-10 1.6925E-10 1.6790E-10 1.6650E-10 1.6191E-10 1.6043E-10 1.5889E-10 1.5728E-10 1.5559E-10 1.5381E-10 1.5195E-10 1.5004E-10 1.4809E-10 1.4608E-10 1.4404E-10 1.4196E-10 1.3987E-10 1.3776E-10 1.3569E-10 1.3368E-10 1.3179E-10 1.2992E-10
1.9321E-10 1.9340E-10 1.9350E-10 1.9350E-10 1.9402E-10 1.9384E-10 1.9417E-10 1.9439E-10 1.9451E-10 1.9451E-10 1.9440E-10 1.9354E-10 1.9256E-10 1.9212E-10 1.9091E-10 1.8957E-10 1.8879E-10 1.8788E-10 1.8684E-10 1.8567E-10 1.8337E-10 1.8094E-10 1.7944E-10 1.7680E-10 1.7402E-10 1.7221E-10 1.7033E-10 1.6837E-10 1.6636E-10 1.6441E-10 1.6262E-10 1.6093E-10 1.5937E-10 1.5800E-10 1.5672E-10 1.5548E-10 1.5424E-10 1.5297E-10 1.5167E-10 1.5033E-10 1.4892E-10 1.4747E-10 1.4593E-10 1.4432E-10 1.4264E-10 1.4089E-10 1.3910E-10 1.3727E-10 1.3540E-10 1.3351E-10 1.3159E-10 1.2965E-10 1.2772E-10 1.2493E-10 1.2219E-10 1.1949E-10 1.1689E-10
1.7943E-10 1.8010E-10 1.8067E-10 1.8116E-10 1.8156E-10 1.8185E-10 1.8206E-10 1.8215E-10 1.8155E-10 1.8083E-10 1.8001E-10 1.7908E-10 1.7869E-10 1.7820E-10 1.7758E-10 1.7685E-10 1.7600E-10 1.7406E-10 1.7300E-10 1.7084E-10 1.6857E-10 1.6618E-10 1.6474E-10 1.6317E-10 1.6149E-10 1.5972E-10 1.5786E-10 1.5598E-10 1.5410E-10 1.5233E-10 1.5068E-10 1.4920E-10 1.4783E-10 1.4658E-10 1.4544E-10 1.4429E-10 1.4312E-10 1.4192E-10 1.4071E-10 1.3942E-10 1.3811E-10 1.3671E-10 1.3525E-10 1.3372E-10 1.3213E-10 1.3049E-10 1.2784E-10 1.2512E-10 1.2239E-10 1.1962E-10 1.1791E-10 1.1620E-10 1.1457E-10 1.1300E-10 1.1151E-10 1.1009E-10 1.0870E-10
1.6863E-10 1.6915E-10 1.6960E-10 1.6995E-10 1.6964E-10 1.6923E-10 1.6872E-10 1.6875E-10 1.6806E-10 1.6791E-10 1.6765E-10 1.6729E-10 1.6682E-10 1.6624E-10 1.6461E-10 1.6385E-10 1.6202E-10 1.6009E-10 1.5804E-10 1.5692E-10 1.5569E-10 1.5434E-10 1.5289E-10 1.5036E-10 1.4772E-10 1.4498E-10 1.4323E-10 1.4041E-10 1.3871E-10 1.3709E-10 1.3562E-10 1.3425E-10 1.3303E-10 1.3193E-10 1.3084E-10 1.2976E-10 1.2865E-10 1.2755E-10 1.2639E-10 1.2520E-10 1.2396E-10 1.2265E-10 1.2129E-10 1.1987E-10 1.1842E-10 1.1693E-10 1.1541E-10 1.1387E-10 1.1232E-10 1.1075E-10 1.0918E-10 1.0765E-10 1.0620E-10 1.0484E-10 1.0352E-10 1.0225E-10 1.0106E-10
1.5772E-10 1.5755E-10 1.5730E-10 1.5758E-10 1.5718E-10 1.5729E-10 1.5732E-10 1.5726E-10 1.5710E-10 1.5686E-10 1.5651E-10 1.5515E-10 1.5370E-10 1.5311E-10 1.5148E-10 1.4974E-10 1.4890E-10 1.4796E-10 1.4691E-10 1.4576E-10 1.4355E-10 1.4125E-10 1.3986E-10 1.3739E-10 1.3482E-10 1.3322E-10 1.3156E-10 1.2989E-10 1.2836E-10 1.2689E-10 1.2555E-10 1.2438E-10 1.2330E-10 1.2229E-10 1.2128E-10 1.2027E-10 1.1923E-10 1.1818E-10 1.1708E-10 1.1596E-10 1.1477E-10 1.1352E-10 1.1224E-10 1.1090E-10 1.0954E-10 1.0815E-10 1.0674E-10 1.0533E-10 1.0389E-10 1.0244E-10 1.0101E-10 9.9690E-11 9.8427E-11 9.6573E-11 9.4824E-11 9.3099E-11 9.1379E-11
1.4626E-10 1.4658E-10 1.4684E-10 1.4701E-10 1.4711E-10 1.4713E-10 1.4706E-10 1.4691E-10 1.4579E-10 1.4458E-10 1.4328E-10 1.4284E-10 1.4139E-10 1.4078E-10 1.4009E-10 1.3930E-10 1.3841E-10 1.3651E-10 1.3546E-10 1.3340E-10 1.3124E-10 1.2899E-10 1.2766E-10 1.2624E-10 1.2473E-10 1.2317E-10 1.2159E-10 1.2008E-10 1.1865E-10 1.1737E-10 1.1620E-10 1.1514E-10 1.1419E-10 1.1324E-10 1.1230E-10 1.1134E-10 1.1038E-10 1.0937E-10 1.0834E-10 1.0726E-10 1.0614E-10 1.0496E-10 1.0374E-10 1.0249E-10 1.0123E-10 9.9931E-11 9.8636E-11 9.6686E-11 9.4735E-11 9.2107E-11 9.0903E-11 8.9763E-11 8.8706E-11 8.7712E-11 8.6748E-11 8.5840E-11 8.4879E-11
1.3706E-10 1.3728E-10 1.3743E-10 1.3751E-10 1.3666E-10 1.3660E-10 1.3561E-10 1.3454E-10 1.3339E-10 1.3307E-10 1.3267E-10 1.3219E-10 1.3162E-10 1.3097E-10 1.2933E-10 1.2760E-10 1.2674E-10 1.2486E-10 1.2290E-10 1.2183E-10 1.2068E-10 1.1944E-10 1.1748E-10 1.1610E-10 1.1400E-10 1.1186E-10 1.1041E-10 1.0838E-10 1.0712E-10 1.0595E-10 1.0491E-10 1.0398E-10 1.0308E-10 1.0219E-10 1.0130E-10 1.0040E-10 9.9485E-11 9.8541E-11 9.7570E-11 9.6551E-11 9.5490E-11 9.4388E-11 9.3267E-11 9.2124E-11 9.0962E-11 8.9795E-11 8.8619E-11 8.7440E-11 8.6264E-11 8.5131E-11 8.4075E-11 8.3113E-11 8.2182E-11 8.1314E-11 8.0508E-11 7.9669E-11 7.8780E-11
1.2745E-10 1.2759E-10 1.2684E-10 1.2602E-10 1.2513E-10 1.2504E-10 1.2489E-10 1.2466E-10 1.2436E-10 1.2398E-10 1.2352E-10 1.2211E-10 1.2063E-10 1.1998E-10 1.1836E-10 1.1666E-10 1.1582E-10 1.1490E-10 1.1390E-10 1.1282E-10 1.1107E-10 1.0923E-10 1.0796E-10 1.0600E-10 1.0397E-10 1.0259E-10 1.0130E-10 1.0007E-10 9.8921E-11 9.7912E-11 9.6997E-11 9.6147E-11 9.5314E-11 9.4486E-11 9.3646E-11 9.2805E-11 9.1933E-11 9.1048E-11 9.0113E-11 8.9142E-11 8.8144E-11 8.7110E-11 8.6057E-11 8.4999E-11 8.3920E-11 8.2852E-11 8.1765E-11 8.0684E-11 7.9619E-11 7.8659E-11 7.7755E-11 7.6891E-11 7.6126E-11 7.5386E-11 7.4660E-11 7.3886E-11 7.3065E-11
1.1678E-10 1.1688E-10 1.1692E-10 1.1690E-10 1.1681E-10 1.1665E-10 1.1643E-10 1.1614E-10 1.1494E-10 1.1367E-10 1.1233E-10 1.1092E-10 1.1035E-10 1.0971E-10 1.0900E-10 1.0821E-10 1.0735E-10 1.0582E-10 1.0423E-10 1.0318E-10 1.0146E-10 9.9674E-11 9.8461E-11 9.7181E-11 9.5879E-11 9.4622E-11 9.3408E-11 9.2326E-11 9.1314E-11 9.0406E-11 8.9609E-11 8.8820E-11 8.8042E-11 8.7260E-11 8.6484E-11 8.5677E-11 8.4864E-11 8.4011E-11 8.3129E-11 8.2214E-11 8.1260E-11 8.0300E-11 7.9331E-11 7.8339E-11 7.7356E-11 7.6360E-11 7.5374E-11 7.4396E-11 7.3484E-11 7.2634E-11 7.1870E-11 7.1157E-11 7.0476E-11 6.9269E-11 6.8015E-11 6.6717E-11 6.5375E-11
1.0916E-10 1.0918E-10 1.0915E-10 1.0905E-10 1.0809E-10 1.0706E-10 1.0596E-10 1.0567E-10 1.0446E-10 1.0405E-10 1.0358E-10 1.0304E-10 1.0244E-10 1.0177E-10 1.0046E-10 9.9074E-11 9.8235E-11 9.6737E-11 9.5174E-11 9.4171E-11 9.3103E-11 9.1970E-11 9.0774E-11 8.9539E-11 8.8318E-11 8.7166E-11 8.6096E-11 8.5097E-11 8.4224E-11 8.3441E-11 8.2691E-11 8.1966E-11 8.1234E-11 8.0510E-11 7.9771E-11 7.9014E-11 7.8242E-11 7.7433E-11 7.6593E-11 7.5725E-11 7.4844E-11 7.3948E-11 7.3043E-11 7.2136E-11 7.1230E-11 7.0322E-11 6.9423E-11 6.7970E-11 6.6592E-11 6.5293E-11 6.4024E-11 6.3459E-11 6.2947E-11 6.2415E-11 6.1842E-11 6.1228E-11 6.0576E-11
1.0111E-10 1.0029E-10 9.9403E-11 9.9292E-11 9.8308E-11 9.8097E-11 9.7829E-11 9.7502E-11 9.7116E-11 9.6669E-11 9.6162E-11 9.5036E-11 9.3849E-11 9.2599E-11 9.1890E-11 9.0533E-11 8.9716E-11 8.8838E-11 8.7900E-11 8.6902E-11 8.5845E-11 8.4138E-11 8.2376E-11 8.1215E-11 7.9503E-11 7.7824E-11 7.6867E-11 7.5995E-11 7.5208E-11 7.4490E-11 7.3789E-11 7.3103E-11 7.3018E-11 7.2334E-11 7.1029E-11 7.0324E-11 6.9584E-11 6.8822E-11 6.8043E-11 6.7239E-11 6.6427E-11 6.5619E-11 6.4798E-11 6.3994E-11 6.3180E-11 6.2379E-11 6.1595E-11 6.0909E-11 6.0277E-11 5.9690E-11 5.9193E-11 5.8721E-11 5.8271E-11 5.7781E-11 5.7253E-11 5.6688E-11 5.6086E-11
9.2042E-11 9.1990E-11 9.1888E-11 9.1734E-11 9.1528E-11 9.1269E-11 9.0956E-11 9.0040E-11 8.9629E-11 8.8614E-11 8.7542E-11 8.6414E-11 8.5817E-11 8.5164E-11 8.4455E-11 8.3689E-11 8.2867E-11 8.1990E-11 8.0474E-11 7.9506E-11 7.7904E-11 7.6252E-11 7.5180E-11 7.3534E-11 7.2535E-11 7.1628E-11 7.0765E-11 6.9981E-11 6.9301E-11 6.8636E-11 6.7985E-11 6.7338E-11 6.6705E-11 6.6050E-11 6.5398E-11 6.4720E-11 6.4024E-11 6.3306E-11 6.2562E-11 6.1819E-11 6.1074E-11 6.0317E-11 5.9573E-11 5.8826E-11 5.8092E-11 5.7372E-11 5.6711E-11 5.6111E-11 5.5598E-11 5.5128E-11 5.4692E-11 5.4316E-11 5.3902E-11 5.3452E-11 5.2966E-11 5.1888E-11 5.0778E-11
8.5811E-11 8.5705E-11 8.5552E-11 8.5351E-11 8.4578E-11 8.3755E-11 8.2880E-11 8.2512E-11 8.1546E-11 8.1087E-11 8.0576E-11 8.0014E-11 7.9399E-11 7.8733E-11 7.8015E-11 7.7246E-11 7.5871E-11 7.4447E-11 7.2975E-11 7.2060E-11 7.0511E-11 6.9521E-11 6.8531E-11 6.7587E-11 6.6693E-11 6.5850E-11 6.5098E-11 6.4424E-11 6.3786E-11 6.3176E-11 6.2567E-11 6.1969E-11 6.1368E-11 6.0756E-11 6.0139E-11 5.9495E-11 5.8699E-11 5.7889E-11 5.7203E-11 5.6374E-11 5.5678E-11 5.4986E-11 5.4303E-11 5.3899E-11 5.3232E-11 5.2603E-11 5.2189E-11 5.1710E-11 5.1262E-11 5.0884E-11 4.9985E-11 4.9075E-11 4.8129E-11 4.7149E-11 4.6746E-11 4.6312E-11 4.5848E-11
7.9390E-11 7.8732E-11 7.8029E-11 7.7814E-11 7.7029E-11 7.6733E-11 7.6392E-11 7.6003E-11 7.5568E-11 7.5086E-11 7.4556E-11 7.3978E-11 7.3352E-11 7.2138E-11 7.0878E-11 6.9571E-11 6.8807E-11 6.7426E-11 6.6589E-11 6.5708E-11 6.4784E-11 6.3835E-11 6.2932E-11 6.2059E-11 6.1250E-11 6.0509E-11 5.9842E-11 5.9240E-11 5.8656E-11 5.8087E-11 5.7519E-11 5.6961E-11 5.6391E-11 5.5691E-11 5.5099E-11 5.4365E-11 5.3620E-11 5.2717E-11 5.2219E-11 5.1445E-11 5.0798E-11 5.0172E-11 4.9541E-11 4.9066E-11 4.7904E-11 4.6963E-11 4.5329E-11 4.4947E-11 4.4643E-11 4.4366E-11 4.4117E-11 4.3837E-11 4.3526E-11 4.1538E-11 3.9522E-11 3.7477E-11 3.5407E-11
7.2378E-11 7.2218E-11 7.2017E-11 7.1775E-11 7.1491E-11 7.1165E-11 7.0796E-11 7.0383E-11 6.9927E-11 6.9427E-11 6.8359E-11 6.7248E-11 6.6093E-11 6.5462E-11 6.4237E-11 6.3537E-11 6.2795E-11 6.2013E-11 6.1190E-11 5.9777E-11 5.8328E-11 5.6883E-11 5.6053E-11 5.4704E-11 5.3983E-11 5.3310E-11 5.2722E-11 5.2153E-11 5.1602E-11 5.1059E-11 5.0405E-11 4.9872E-11 4.9216E-11 4.8547E-11 4.8002E-11 4.7184E-11 4.6483E-11 4.5779E-11 4.5211E-11 4.4495E-11 4.3928E-11 4.3362E-11 4.2813E-11 4.2281E-11 4.1804E-11 4.1526E-11 4.1192E-11 4.0896E-11 3.8986E-11 3.7129E-11 3.5240E-11 3.3319E-11 3.2608E-11 3.1873E-11 3.1115E-11 3.0333E-11 2.9579E-11
6.7271E-11 6.7075E-11 6.6842E-11 6.6569E-11 6.6258E-11 6.5906E-11 6.4997E-11 6.4579E-11 6.3602E-11 6.2585E-11 6.1528E-11 6.0988E-11 6.0410E-11 5.9792E-11 5.9137E-11 5.8443E-11 5.7168E-11 5.5857E-11 5.5090E-11 5.3730E-11 5.0681E-11 4.8202E-11 4.9170E-11 4.6739E-11 4.6038E-11 4.5455E-11 4.6634E-11 4.5976E-11 4.5454E-11 4.6613E-11 4.5994E-11 4.5502E-11 4.4755E-11 4.4124E-11 4.3616E-11 4.2972E-11 4.2183E-11 4.1528E-11 4.1003E-11 4.0342E-11 3.9688E-11 3.5829E-11 3.1870E-11 3.1469E-11 3.1151E-11 3.1042E-11 3.0289E-11 2.9608E-11 2.8388E-11 2.8326E-11 2.8243E-11 2.7607E-11 2.6948E-11 2.5697E-11 2.5567E-11 2.4890E-11 2.4194E-11
6.2439E-11 6.2213E-11 6.1952E-11 6.1158E-11 6.0327E-11 5.9460E-11 5.9086E-11 5.8156E-11 5.7721E-11 5.7249E-11 5.6742E-11 5.6199E-11 5.5620E-11 5.4473E-11 5.3841E-11 5.2642E-11 5.1411E-11 4.8509E-11 4.7853E-11 4.5533E-11 4.2655E-11 4.1496E-11 3.9204E-11 3.7543E-11 3.5740E-11 3.5197E-11 3.3978E-11 3.2753E-11 3.2794E-11 3.2042E-11 3.1411E-11 3.1512E-11 3.0907E-11 3.0742E-11 3.0285E-11 2.9691E-11 2.9680E-11 2.8961E-11 2.8524E-11 2.7962E-11 2.7405E-11 2.7006E-11 2.4260E-11 2.3977E-11 2.3752E-11 2.3731E-11 2.3641E-11 2.3584E-11 2.3034E-11 2.2600E-11 2.2008E-11 2.1396E-11 2.1335E-11 2.1259E-11 2.1168E-11 2.0925E-11 2.0805E-11
5.6910E-11 5.6176E-11 5.5919E-11 5.5128E-11 5.4815E-11 5.4470E-11 5.4092E-11 5.3681E-11 5.3237E-11 5.2760E-11 5.1730E-11 5.1202E-11 5.0123E-11 4.9014E-11 4.7873E-11 4.5705E-11 4.3512E-11 4.0767E-11 4.0251E-11 3.7530E-11 3.5967E-11 3.4808E-11 3.3799E-11 3.2124E-11 3.0974E-11 2.9982E-11 2.8727E-11 2.7707E-11 2.7134E-11 2.6550E-11 2.5685E-11 2.5379E-11 2.4521E-11 2.4226E-11 2.3787E-11 2.3096E-11 2.2549E-11 2.2002E-11 2.1613E-11 2.0961E-11 2.0460E-11 2.0125E-11 1.9697E-11 1.9328E-11 1.9187E-11 1.9228E-11 1.9322E-11 1.9475E-11 1.9476E-11 1.9462E-11 1.9317E-11 1.8739E-11 1.8413E-11 1.8355E-11 1.8284E-11 1.8200E-11 1.8102E-11
5.1771E-11 5.1533E-11 5.1266E-11 5.0968E-11 5.0641E-11 5.0283E-11 4.9895E-11 4.8973E-11 4.8021E-11 4.7569E-11 4.6571E-11 4.5544E-11 4.3502E-11 4.1436E-11 4.0445E-11 3.8392E-11 3.5801E-11 3.4735E-11 3.3811E-11 3.2336E-11 3.1271E-11 3.0234E-11 2.8647E-11 2.7594E-11 2.7073E-11 2.5873E-11 2.5083E-11 2.4549E-11 2.3741E-11 2.2919E-11 2.2375E-11 2.1955E-11 2.1271E-11 2.0730E-11 2.0328E-11 1.9802E-11 1.9148E-11 1.8783E-11 1.8300E-11 1.7821E-11 1.7224E-11 1.6938E-11 1.6730E-11 1.6435E-11 1.6175E-11 1.6280E-11 1.6429E-11 1.6592E-11 1.6599E-11 1.6593E-11 1.6575E-11 1.6545E-11 1.6503E-11 1.6449E-11 1.6383E-11 1.6305E-11 1.6216E-11
