Assets/Resources/2015_m01_d06_0700(utc+0800)_l00_csi_1hr_conc.grd
DSAA
         159         159
     -79.000      79.000
     -79.000      79.000
  0.0000E+00  0.9026E-06
[rows 25 to 49 of 159, columns 57 to 113 of 159]
0.0000E+00 0.0000E+00 0.0000E+00 0.0000E+00 0.0000E+00 0.0000E+00 0.0000E+00 0.0000E+00 0.0000E+00 0.0000E+00 0.0000E+00 0.0000E+00 0.0000E+00 0.0000E+00 0.0000E+00 0.0000E+00 0.0000E+00 0.0000E+00 3.3255E-12 1.5976E-11 7.6002E-11 1.6953E-10 3.0276E-10 5.1244E-10 8.2444E-10 1.2733E-09 1.8991E-09 2.7141E-09 3.7572E-09 5.0497E-09 6.5881E-09 8.3598E-09 1.0306E-08 1.2342E-08 1.4358E-08 1.6231E-08 1.7821E-08 1.9005E-08 1.9686E-08 1.9808E-08 1.9362E-08 1.8391E-08 1.6980E-08 1.5246E-08 1.3317E-08 1.1321E-08 9.3718E-09 7.5615E-09 5.9442E-09 4.5590E-09 3.4108E-09 2.4876E-09 1.7686E-09 1.2223E-09 8.0671E-10 5.0594E-10 2.9913E-10
0.0000E+00 0.0000E+00 0.0000E+00 0.0000E+00 0.0000E+00 0.0000E+00 0.0000E+00 0.0000E+00 0.0000E+00 0.0000E+00 0.0000E+00 0.0000E+00 0.0000E+00 0.0000E+00 0.0000E+00 0.0000E+00 0.0000E+00 0.0000E+00 0.0000E+00 1.0700E-11 4.8170E-11 1.4236E-10 2.7672E-10 4.7419E-10 7.7852E-10 1.2287E-09 1.8518E-09 2.6840E-09 3.7633E-09 5.1050E-09 6.7268E-09 8.5991E-09 1.0663E-08 1.2842E-08 1.5005E-08 1.7010E-08 1.8708E-08 1.9958E-08 2.0658E-08 2.0746E-08 2.0217E-08 1.9121E-08 1.7558E-08 1.5661E-08 1.3573E-08 1.1436E-08 9.3726E-09 7.4770E-09 5.8129E-09 4.4005E-09 3.2485E-09 2.3363E-09 1.6376E-09 1.1036E-09 7.1082E-10 4.2955E-10 2.4525E-10
0.0000E+00 0.0000E+00 0.0000E+00 0.0000E+00 0.0000E+00 0.0000E+00 0.0000E+00 0.0000E+00 0.0000E+00 0.0000E+00 0.0000E+00 0.0000E+00 0.0000E+00 0.0000E+00 0.0000E+00 0.0000E+00 0.0000E+00 0.0000E+00 0.0000E+00 3.6045E-12 2.9083E-11 1.1201E-10 2.4492E-10 4.3602E-10 7.3205E-10 1.1789E-09 1.8000E-09 2.6444E-09 3.7466E-09 5.1452E-09 6.8410E-09 8.8135E-09 1.1013E-08 1.3339E-08 1.5656E-08 1.7803E-08 1.9621E-08 2.0954E-08 2.1682E-08 2.1739E-08 2.1123E-08 1.9894E-08 1.8166E-08 1.6090E-08 1.3832E-08 1.1547E-08 9.3656E-09 7.3866E-09 5.6655E-09 4.2303E-09 3.0763E-09 2.1775E-09 1.4952E-09 9.8725E-10 6.1912E-10 3.5510E-10 1.9743E-10
0.0000E+00 0.0000E+00 0.0000E+00 0.0000E+00 0.0000E+00 0.0000E+00 0.0000E+00 0.0000E+00 0.0000E+00 0.0000E+00 0.0000E+00 0.0000E+00 0.0000E+00 0.0000E+00 0.0000E+00 0.0000E+00 0.0000E+00 0.0000E+00 0.0000E+00 1.1945E-12 1.8005E-11 7.2287E-11 2.0493E-10 3.9387E-10 6.8588E-10 1.1228E-09 1.7450E-09 2.5947E-09 3.7229E-09 5.1675E-09 6.9347E-09 9.0165E-09 1.1347E-08 1.3816E-08 1.6294E-08 1.8601E-08 2.0552E-08 2.1976E-08 2.2741E-08 2.2769E-08 2.2065E-08 2.0699E-08 1.8800E-08 1.6539E-08 1.4100E-08 1.1658E-08 9.3537E-09 7.2872E-09 5.5195E-09 4.0625E-09 2.9075E-09 2.0253E-09 1.3640E-09 8.7306E-10 5.2862E-10 2.8968E-10 1.5295E-10
0.0000E+00 0.0000E+00 0.0000E+00 0.0000E+00 0.0000E+00 0.0000E+00 0.0000E+00 0.0000E+00 0.0000E+00 0.0000E+00 0.0000E+00 0.0000E+00 0.0000E+00 0.0000E+00 0.0000E+00 0.0000E+00 0.0000E+00 0.0000E+00 0.0000E+00 0.0000E+00 8.8190E-12 5.1073E-11 1.5000E-10 3.4750E-10 6.3887E-10 1.0644E-09 1.6834E-09 2.5365E-09 3.6863E-09 5.1657E-09 7.0090E-09 9.1872E-09 1.1642E-08 1.4275E-08 1.6922E-08 1.9396E-08 2.1492E-08 2.3020E-08 2.3832E-08 2.3843E-08 2.3053E-08 2.1543E-08 1.9463E-08 1.7005E-08 1.4377E-08 1.1770E-08 9.3341E-09 7.1786E-09 5.3564E-09 3.8851E-09 2.7332E-09 1.8676E-09 1.2244E-09 7.5661E-10 4.4469E-10 2.2828E-10 1.1375E-10
0.0000E+00 0.0000E+00 0.0000E+00 0.0000E+00 0.0000E+00 0.0000E+00 0.0000E+00 0.0000E+00 0.0000E+00 0.0000E+00 0.0000E+00 0.0000E+00 0.0000E+00 0.0000E+00 0.0000E+00 0.0000E+00 0.0000E+00 0.0000E+00 0.0000E+00 0.0000E+00 3.3063E-12 3.4142E-11 1.1077E-10 2.9860E-10 5.8847E-10 1.0162E-09 1.6286E-09 2.4872E-09 3.6508E-09 5.1743E-09 7.0756E-09 9.3443E-09 1.1926E-08 1.4707E-08 1.7518E-08 2.0163E-08 2.2415E-08 2.4061E-08 2.4932E-08 2.4933E-08 2.4064E-08 2.2413E-08 2.0147E-08 1.7485E-08 1.4657E-08 1.1876E-08 9.3100E-09 7.0663E-09 5.1948E-09 3.7039E-09 2.5628E-09 1.7089E-09 1.0931E-09 6.3889E-10 3.6372E-10 1.7813E-10 8.1802E-11
0.0000E+00 0.0000E+00 0.0000E+00 0.0000E+00 0.0000E+00 0.0000E+00 0.0000E+00 0.0000E+00 0.0000E+00 0.0000E+00 0.0000E+00 0.0000E+00 0.0000E+00 0.0000E+00 0.0000E+00 0.0000E+00 0.0000E+00 0.0000E+00 0.0000E+00 0.0000E+00 0.0000E+00 2.2393E-11 9.5682E-11 2.4967E-10 5.4177E-10 9.7431E-10 1.5881E-09 2.4491E-09 3.6265E-09 5.1843E-09 7.1362E-09 9.4919E-09 1.2187E-08 1.5109E-08 1.8092E-08 2.0913E-08 2.3325E-08 2.5096E-08 2.6037E-08 2.6040E-08 2.5095E-08 2.3303E-08 2.0850E-08 1.7977E-08 1.4946E-08 1.1986E-08 9.2767E-09 6.9419E-09 5.0253E-09 3.5196E-09 2.3845E-09 1.5562E-09 9.6237E-10 5.2863E-10 2.8799E-10 1.3475E-10 5.2021E-11
0.0000E+00 0.0000E+00 0.0000E+00 0.0000E+00 0.0000E+00 0.0000E+00 0.0000E+00 0.0000E+00 0.0000E+00 0.0000E+00 0.0000E+00 0.0000E+00 0.0000E+00 0.0000E+00 0.0000E+00 0.0000E+00 0.0000E+00 0.0000E+00 0.0000E+00 0.0000E+00 0.0000E+00 1.4215E-11 8.7881E-11 2.2809E-10 4.8823E-10 9.4276E-10 1.5667E-09 2.4343E-09 3.6333E-09 5.2149E-09 7.2230E-09 9.6448E-09 1.2439E-08 1.5494E-08 1.8630E-08 2.1616E-08 2.4193E-08 2.6099E-08 2.7120E-08 2.7130E-08 2.6118E-08 2.4186E-08 2.1542E-08 1.8457E-08 1.5216E-08 1.2076E-08 9.2356E-09 6.8082E-09 4.8429E-09 3.3283E-09 2.2071E-09 1.4015E-09 8.3410E-10 4.2302E-10 2.1887E-10 9.7070E-11 2.8818E-11
0.0000E+00 0.0000E+00 0.0000E+00 0.0000E+00 0.0000E+00 0.0000E+00 0.0000E+00 0.0000E+00 0.0000E+00 0.0000E+00 0.0000E+00 0.0000E+00 0.0000E+00 0.0000E+00 0.0000E+00 0.0000E+00 0.0000E+00 0.0000E+00 0.0000E+00 0.0000E+00 0.0000E+00 2.0924E-11 9.2284E-11 2.2985E-10 4.7620E-10 9.2369E-10 1.5779E-09 2.4619E-09 3.6793E-09 5.2910E-09 7.3394E-09 9.8250E-09 1.2707E-08 1.5870E-08 1.9141E-08 2.2280E-08 2.5006E-08 2.7037E-08 2.8137E-08 2.8160E-08 2.7087E-08 2.5025E-08 2.2200E-08 1.8906E-08 1.5458E-08 1.2140E-08 9.1610E-09 6.6532E-09 4.6537E-09 3.1295E-09 2.0284E-09 1.2532E-09 7.0982E-10 3.2147E-10 1.5489E-10 6.2894E-11 1.7510E-11
0.0000E+00 0.0000E+00 0.0000E+00 0.0000E+00 0.0000E+00 0.0000E+00 0.0000E+00 0.0000E+00 0.0000E+00 0.0000E+00 0.0000E+00 0.0000E+00 0.0000E+00 0.0000E+00 0.0000E+00 0.0000E+00 0.0000E+00 0.0000E+00 0.0000E+00 0.0000E+00 4.2346E-12 2.8511E-11 1.0882E-10 2.5621E-10 5.0720E-10 9.3394E-10 1.6249E-09 2.5475E-09 3.7914E-09 5.4346E-09 7.5122E-09 1.0046E-08 1.2985E-08 1.6234E-08 1.9614E-08 2.2880E-08 2.5735E-08 2.7884E-08 2.9061E-08 2.9102E-08 2.7973E-08 2.5785E-08 2.2780E-08 1.9284E-08 1.5640E-08 1.2157E-08 9.0621E-09 6.4765E-09 4.4472E-09 2.9328E-09 1.8506E-09 1.1119E-09 5.9036E-10 2.3912E-10 1.0192E-10 3.3949E-11 8.1071E-12
0.0000E+00 0.0000E+00 0.0000E+00 0.0000E+00 0.0000E+00 0.0000E+00 0.0000E+00 0.0000E+00 0.0000E+00 0.0000E+00 0.0000E+00 0.0000E+00 0.0000E+00 0.0000E+00 0.0000E+00 0.0000E+00 0.0000E+00 0.0000E+00 0.0000E+00 0.0000E+00 1.4822E-11 5.2946E-11 1.4235E-10 3.0773E-10 5.8373E-10 1.0186E-09 1.7083E-09 2.7023E-09 3.9830E-09 5.6536E-09 7.7646E-09 1.0322E-08 1.3298E-08 1.6599E-08 2.0045E-08 2.3399E-08 2.6353E-08 2.8590E-08 2.9828E-08 2.9880E-08 2.8699E-08 2.6398E-08 2.3237E-08 1.9558E-08 1.5737E-08 1.2108E-08 8.9095E-09 6.2732E-09 4.2278E-09 2.7275E-09 1.6836E-09 9.8062E-10 4.7724E-10 1.6777E-10 6.9384E-11 1.9440E-11 2.2113E-12
0.0000E+00 0.0000E+00 0.0000E+00 0.0000E+00 0.0000E+00 0.0000E+00 0.0000E+00 0.0000E+00 0.0000E+00 0.0000E+00 0.0000E+00 0.0000E+00 0.0000E+00 0.0000E+00 0.0000E+00 0.0000E+00 0.0000E+00 0.0000E+00 0.0000E+00 5.1596E-12 3.2355E-11 8.8663E-11 1.9706E-10 3.9984E-10 7.1088E-10 1.1897E-09 1.8925E-09 2.9393E-09 4.2793E-09 5.9784E-09 8.1061E-09 1.0669E-08 1.3652E-08 1.6954E-08 2.0427E-08 2.3823E-08 2.6841E-08 2.9137E-08 3.0418E-08 3.0472E-08 2.9240E-08 2.6837E-08 2.3527E-08 1.9688E-08 1.5722E-08 1.1971E-08 8.6979E-09 6.0282E-09 3.9911E-09 2.5195E-09 1.5145E-09 8.5181E-10 3.7676E-10 1.0658E-10 3.5913E-11 7.3227E-12 0.0000E+00
0.0000E+00 0.0000E+00 0.0000E+00 0.0000E+00 0.0000E+00 0.0000E+00 0.0000E+00 0.0000E+00 0.0000E+00 0.0000E+00 0.0000E+00 0.0000E+00 0.0000E+00 0.0000E+00 0.0000E+00 0.0000E+00 0.0000E+00 0.0000E+00 0.0000E+00 1.7228E-11 6.0816E-11 1.4121E-10 2.7970E-10 5.2431E-10 9.0447E-10 1.4417E-09 2.2069E-09 3.2707E-09 4.6930E-09 6.4322E-09 8.5626E-09 1.1114E-08 1.4060E-08 1.7329E-08 2.0773E-08 2.4154E-08 2.7174E-08 2.9493E-08 3.0784E-08 3.0831E-08 2.9554E-08 2.7062E-08 2.3639E-08 1.9667E-08 1.5579E-08 1.1741E-08 8.4256E-09 5.7491E-09 3.7350E-09 2.3124E-09 1.3501E-09 7.3584E-10 2.7491E-10 5.9565E-11 1.7804E-11 1.1726E-12 0.0000E+00
0.0000E+00 0.0000E+00 0.0000E+00 0.0000E+00 0.0000E+00 0.0000E+00 0.0000E+00 0.0000E+00 0.0000E+00 0.0000E+00 0.0000E+00 0.0000E+00 0.0000E+00 0.0000E+00 0.0000E+00 0.0000E+00 0.0000E+00 0.0000E+00 6.2176E-12 3.6799E-11 1.0343E-10 2.1914E-10 4.0848E-10 7.1606E-10 1.1701E-09 1.8044E-09 2.6497E-09 3.7658E-09 5.2348E-09 7.0119E-09 9.1378E-09 1.1648E-08 1.4528E-08 1.7716E-08 2.1073E-08 2.4389E-08 2.7359E-08 2.9644E-08 3.0918E-08 3.0930E-08 2.9601E-08 2.7034E-08 2.3517E-08 1.9453E-08 1.5295E-08 1.1411E-08 8.0889E-09 5.4397E-09 3.4719E-09 2.1015E-09 1.1970E-09 6.2326E-10 1.9331E-10 3.3779E-11 5.3015E-12 0.0000E+00 0.0000E+00
0.0000E+00 0.0000E+00 0.0000E+00 0.0000E+00 0.0000E+00 0.0000E+00 0.0000E+00 0.0000E+00 0.0000E+00 0.0000E+00 0.0000E+00 0.0000E+00 0.0000E+00 0.0000E+00 0.0000E+00 0.0000E+00 0.0000E+00 8.7411E-13 1.9704E-11 7.0609E-11 1.6512E-10 3.3008E-10 5.9000E-10 9.7719E-10 1.5322E-09 2.2851E-09 3.2371E-09 4.4377E-09 5.9160E-09 7.7416E-09 9.8424E-09 1.2278E-08 1.5053E-08 1.8110E-08 2.1330E-08 2.4515E-08 2.7382E-08 2.9585E-08 3.0792E-08 3.0754E-08 2.9373E-08 2.6745E-08 2.3168E-08 1.9051E-08 1.4859E-08 1.0979E-08 7.6885E-09 5.0941E-09 3.1972E-09 1.8971E-09 1.0464E-09 5.1014E-10 1.1977E-10 1.4278E-11 2.3701E-13 0.0000E+00 0.0000E+00
0.0000E+00 0.0000E+00 0.0000E+00 0.0000E+00 0.0000E+00 0.0000E+00 0.0000E+00 0.0000E+00 0.0000E+00 0.0000E+00 0.0000E+00 0.0000E+00 0.0000E+00 0.0000E+00 0.0000E+00 0.0000E+00 1.4661E-12 9.2969E-12 4.2059E-11 1.1742E-10 2.5480E-10 4.8630E-10 8.3791E-10 1.3359E-09 2.0145E-09 2.8909E-09 3.9796E-09 5.2669E-09 6.7985E-09 8.6128E-09 1.0674E-08 1.3016E-08 1.5648E-08 1.8536E-08 2.1583E-08 2.4585E-08 2.7283E-08 2.9346E-08 3.0445E-08 3.0316E-08 2.8866E-08 2.6189E-08 2.2583E-08 1.8458E-08 1.4291E-08 1.0455E-08 7.2340E-09 4.7300E-09 2.9131E-09 1.6939E-09 8.9993E-10 4.0394E-10 5.8410E-11 3.4979E-12 0.0000E+00 0.0000E+00 0.0000E+00
0.0000E+00 0.0000E+00 0.0000E+00 0.0000E+00 0.0000E+00 0.0000E+00 0.0000E+00 0.0000E+00 0.0000E+00 0.0000E+00 0.0000E+00 0.0000E+00 0.0000E+00 0.0000E+00 0.0000E+00 1.2601E-12 5.7408E-12 2.4197E-11 7.9713E-11 1.8882E-10 3.8912E-10 7.0658E-10 1.1736E-09 1.8137E-09 2.6462E-09 3.6687E-09 4.8757E-09 6.2714E-09 7.8445E-09 9.6213E-09 1.1625E-08 1.3836E-08 1.6300E-08 1.8988E-08 2.1814E-08 2.4598E-08 2.7084E-08 2.8960E-08 2.9902E-08 2.9655E-08 2.8126E-08 2.5400E-08 2.1791E-08 1.7703E-08 1.3602E-08 9.8611E-09 6.7469E-09 4.3493E-09 2.6354E-09 1.5041E-09 7.7919E-10 3.1053E-10 3.0771E-11 0.0000E+00 0.0000E+00 0.0000E+00 0.0000E+00
0.0000E+00 0.0000E+00 0.0000E+00 0.0000E+00 0.0000E+00 0.0000E+00 0.0000E+00 0.0000E+00 0.0000E+00 0.0000E+00 0.0000E+00 0.0000E+00 0.0000E+00 0.0000E+00 0.0000E+00 4.6375E-12 1.6067E-11 5.1777E-11 1.3466E-10 2.9479E-10 5.7179E-10 1.0029E-09 1.6193E-09 2.4305E-09 3.4261E-09 4.6154E-09 5.9498E-09 7.4256E-09 9.0207E-09 1.0771E-08 1.2647E-08 1.4721E-08 1.6984E-08 1.9463E-08 2.2037E-08 2.4564E-08 2.6809E-08 2.8450E-08 2.9192E-08 2.8784E-08 2.7153E-08 2.4388E-08 2.0795E-08 1.6771E-08 1.2790E-08 9.1834E-09 6.2114E-09 3.9524E-09 2.3520E-09 1.3145E-09 6.5992E-10 2.4369E-10 1.2262E-11 0.0000E+00 0.0000E+00 0.0000E+00 0.0000E+00
0.0000E+00 0.0000E+00 0.0000E+00 0.0000E+00 0.0000E+00 0.0000E+00 0.0000E+00 0.0000E+00 0.0000E+00 0.0000E+00 0.0000E+00 0.0000E+00 0.0000E+00 0.0000E+00 0.0000E+00 8.4154E-12 3.1132E-11 9.3237E-11 2.1467E-10 4.4737E-10 8.3275E-10 1.4079E-09 2.2044E-09 3.2111E-09 4.4040E-09 5.7385E-09 7.1933E-09 8.7214E-09 1.0318E-08 1.2000E-08 1.3753E-08 1.5646E-08 1.7710E-08 1.9939E-08 2.2263E-08 2.4524E-08 2.6490E-08 2.7867E-08 2.8368E-08 2.7761E-08 2.6000E-08 2.3180E-08 1.9619E-08 1.5699E-08 1.1859E-08 8.4248E-09 5.6300E-09 3.5316E-09 2.0641E-09 1.1291E-09 5.4595E-10 1.6940E-10 3.8588E-12 0.0000E+00 0.0000E+00 0.0000E+00 0.0000E+00
0.0000E+00 0.0000E+00 0.0000E+00 0.0000E+00 0.0000E+00 0.0000E+00 0.0000E+00 0.0000E+00 0.0000E+00 0.0000E+00 0.0000E+00 0.0000E+00 0.0000E+00 0.0000E+00 2.6474E-14 1.6330E-11 5.6765E-11 1.4498E-10 3.2550E-10 6.5016E-10 1.1748E-09 1.9312E-09 2.9386E-09 4.1677E-09 5.5624E-09 7.0477E-09 8.5918E-09 1.0140E-08 1.1691E-08 1.3286E-08 1.4914E-08 1.6602E-08 1.8461E-08 2.0438E-08 2.2492E-08 2.4464E-08 2.6127E-08 2.7179E-08 2.7385E-08 2.6540E-08 2.4625E-08 2.1749E-08 1.8233E-08 1.4444E-08 1.0800E-08 7.5907E-09 4.9968E-09 3.0919E-09 1.7672E-09 9.4252E-10 4.4441E-10 9.9297E-11 3.8437E-13 0.0000E+00 0.0000E+00 0.0000E+00 0.0000E+00
0.0000E+00 0.0000E+00 0.0000E+00 0.0000E+00 0.0000E+00 0.0000E+00 0.0000E+00 0.0000E+00 0.0000E+00 0.0000E+00 0.0000E+00 0.0000E+00 0.0000E+00 0.0000E+00 0.0000E+00 2.4852E-11 8.7555E-11 2.1816E-10 4.7547E-10 9.2055E-10 1.6163E-09 2.6004E-09 3.8524E-09 5.3155E-09 6.9030E-09 8.5322E-09 1.0114E-08 1.1654E-08 1.3125E-08 1.4570E-08 1.6075E-08 1.7591E-08 1.9216E-08 2.0951E-08 2.2741E-08 2.4403E-08 2.5724E-08 2.6416E-08 2.6271E-08 2.5128E-08 2.3027E-08 2.0093E-08 1.6644E-08 1.3030E-08 9.6168E-09 6.6758E-09 4.3284E-09 2.6335E-09 1.4739E-09 7.7112E-10 3.5260E-10 5.7364E-11 0.0000E+00 0.0000E+00 0.0000E+00 0.0000E+00 0.0000E+00
0.0000E+00 0.0000E+00 0.0000E+00 0.0000E+00 0.0000E+00 0.0000E+00 0.0000E+00 0.0000E+00 0.0000E+00 0.0000E+00 0.0000E+00 0.0000E+00 0.0000E+00 0.0000E+00 0.0000E+00 3.7427E-11 1.2549E-10 3.0681E-10 6.5424E-10 1.2497E-09 2.1646E-09 3.4163E-09 4.9484E-09 6.6626E-09 8.4339E-09 1.0147E-08 1.1747E-08 1.3206E-08 1.4572E-08 1.5883E-08 1.7220E-08 1.8610E-08 2.0021E-08 2.1513E-08 2.3031E-08 2.4356E-08 2.5282E-08 2.5547E-08 2.4996E-08 2.3525E-08 2.1214E-08 1.8223E-08 1.4873E-08 1.1477E-08 8.3376E-09 5.6999E-09 3.6383E-09 2.1747E-09 1.1954E-09 6.1077E-10 2.6624E-10 2.8200E-11 0.0000E+00 0.0000E+00 0.0000E+00 0.0000E+00 0.0000E+00
0.0000E+00 0.0000E+00 0.0000E+00 0.0000E+00 0.0000E+00 0.0000E+00 0.0000E+00 0.0000E+00 0.0000E+00 0.0000E+00 0.0000E+00 0.0000E+00 0.0000E+00 0.0000E+00 0.0000E+00 4.9077E-11 1.6794E-10 4.1639E-10 8.8215E-10 1.6593E-09 2.8236E-09 4.3792E-09 6.2251E-09 8.1958E-09 1.0123E-08 1.1889E-08 1.3441E-08 1.4788E-08 1.6004E-08 1.7163E-08 1.8368E-08 1.9606E-08 2.0871E-08 2.2139E-08 2.3350E-08 2.4298E-08 2.4768E-08 2.4528E-08 2.3504E-08 2.1649E-08 1.9131E-08 1.6117E-08 1.2900E-08 9.7861E-09 6.9945E-09 4.7043E-09 2.9554E-09 1.7409E-09 9.4082E-10 4.6432E-10 1.8965E-10 1.1097E-11 0.0000E+00 0.0000E+00 0.0000E+00 0.0000E+00 0.0000E+00
0.0000E+00 0.0000E+00 0.0000E+00 0.0000E+00 0.0000E+00 0.0000E+00 0.0000E+00 0.0000E+00 0.0000E+00 0.0000E+00 0.0000E+00 0.0000E+00 0.0000E+00 0.0000E+00 0.0000E+00 5.9769E-11 2.1222E-10 5.3158E-10 1.1246E-09 2.1211E-09 3.5922E-09 5.4941E-09 7.6808E-09 9.9109E-09 1.1969E-08 1.3723E-08 1.5160E-08 1.6359E-08 1.7411E-08 1.8437E-08 1.9540E-08 2.0653E-08 2.1755E-08 2.2812E-08 2.3688E-08 2.4167E-08 2.4104E-08 2.3306E-08 2.1772E-08 1.9550E-08 1.6834E-08 1.3847E-08 1.0842E-08 8.0583E-09 5.6488E-09 3.7458E-09 2.3088E-09 1.3347E-09 7.0872E-10 3.3428E-10 1.2400E-10 3.3372E-12 0.0000E+00 0.0000E+00 0.0000E+00 0.0000E+00 0.0000E+00
0.0000E+00 0.0000E+00 0.0000E+00 0.0000E+00 0.0000E+00 0.0000E+00 0.0000E+00 0.0000E+00 0.0000E+00 0.0000E+00 0.0000E+00 0.0000E+00 0.0000E+00 0.0000E+00 0.0000E+00 6.9129E-11 2.5322E-10 6.5267E-10 1.4038E-09 2.6512E-09 4.4560E-09 6.7567E-09 9.2994E-09 1.1794E-08 1.3937E-08 1.5629E-08 1.6905E-08 1.7905E-08 1.8802E-08 1.9709E-08 2.0683E-08 2.1734E-08 2.2695E-08 2.3476E-08 2.3953E-08 2.3883E-08 2.3190E-08 2.1775E-08 1.9731E-08 1.7176E-08 1.4356E-08 1.1481E-08 8.7556E-09 6.3690E-09 4.3678E-09 2.8459E-09 1.7222E-09 9.7407E-10 5.0532E-10 2.2582E-10 7.2752E-11 1.0592E-12 0.0000E+00 0.0000E+00 0.0000E+00 0.0000E+00 0.0000E+00
