Assets/Resources/2015_m01_d20_0000(utc+0800)_l00_csi_1hr_conc.grd
DSAA
         159         159
     -79.000      79.000
     -79.000      79.000
  0.0000E+00  0.1552E-04
[rows 0 to 24 of 159, columns 57 to 113 of 159]
4.9282E-09 4.8746E-09 4.8149E-09 4.7565E-09 4.6941E-09 4.6307E-09 4.5710E-09 4.5067E-09 4.4421E-09 4.3840E-09 4.3193E-09 4.2546E-09 4.1938E-09 4.1305E-09 4.0677E-09 4.0098E-09 3.9491E-09 3.8921E-09 3.8335E-09 3.7761E-09 3.7251E-09 3.6737E-09 3.6234E-09 3.5782E-09 3.5292E-09 3.4791E-09 3.4298E-09 3.3779E-09 3.3268E-09 3.2693E-09 3.2161E-09 3.1589E-09 3.1026E-09 3.0459E-09 2.9834E-09 2.9259E-09 2.8635E-09 2.8054E-09 2.7346E-09 2.6763E-09 2.6113E-09 2.5460E-09 2.4888E-09 2.4180E-09 2.3621E-09 2.2998E-09 2.2314E-09 2.1784E-09 2.1136E-09 2.0573E-09 1.9956E-09 1.9358E-09 1.8778E-09 1.8225E-09 1.7742E-09 1.7219E-09 1.6759E-09
5.0046E-09 4.9453E-09 4.8827E-09 4.8222E-09 4.7583E-09 4.6948E-09 4.6300E-09 4.5635E-09 4.5004E-09 4.4373E-09 4.3707E-09 4.3078E-09 4.2422E-09 4.1772E-09 4.1164E-09 4.0540E-09 3.9917E-09 3.9340E-09 3.8740E-09 3.8157E-09 3.7644E-09 3.7119E-09 3.6643E-09 3.6153E-09 3.5652E-09 3.5181E-09 3.4666E-09 3.4158E-09 3.3627E-09 3.3086E-09 3.2556E-09 3.1961E-09 3.1397E-09 3.0771E-09 3.0195E-09 2.9618E-09 2.9038E-09 2.8349E-09 2.7765E-09 2.7181E-09 2.6464E-09 2.5811E-09 2.5232E-09 2.4504E-09 2.3939E-09 2.3235E-09 2.2686E-09 2.2075E-09 2.1406E-09 2.0834E-09 2.0265E-09 1.9655E-09 1.9009E-09 1.8502E-09 1.7895E-09 1.7415E-09 1.6899E-09
5.0763E-09 5.0130E-09 4.9512E-09 4.8852E-09 4.8188E-09 4.7547E-09 4.6866E-09 4.6189E-09 4.5533E-09 4.4884E-09 4.4234E-09 4.3559E-09 4.2886E-09 4.2254E-09 4.1603E-09 4.0963E-09 4.0361E-09 3.9741E-09 3.9128E-09 3.8571E-09 3.8021E-09 3.7487E-09 3.7010E-09 3.6511E-09 3.6039E-09 3.5526E-09 3.5002E-09 3.4511E-09 3.3975E-09 3.3449E-09 3.2898E-09 3.2341E-09 3.1757E-09 3.1188E-09 3.0615E-09 2.9979E-09 2.9399E-09 2.8704E-09 2.8118E-09 2.7462E-09 2.6878E-09 2.6233E-09 2.5653E-09 2.4924E-09 2.4272E-09 2.3546E-09 2.2990E-09 2.2295E-09 2.1689E-09 2.1026E-09 2.0461E-09 1.9900E-09 1.9367E-09 1.8727E-09 1.8161E-09 1.7561E-09 1.7037E-09
5.1437E-09 5.0810E-09 5.0149E-09 4.9453E-09 4.8807E-09 4.8108E-09 4.7406E-09 4.6750E-09 4.6060E-09 4.5373E-09 4.4710E-09 4.4019E-09 4.3347E-09 4.2688E-09 4.2023E-09 4.1402E-09 4.0757E-09 4.0126E-09 3.9535E-09 3.8942E-09 3.8384E-09 3.7882E-09 3.7366E-09 3.6894E-09 3.6382E-09 3.5860E-09 3.5370E-09 3.4835E-09 3.4330E-09 3.3784E-09 3.3231E-09 3.2691E-09 3.2093E-09 3.1557E-09 3.0987E-09 3.0415E-09 2.9781E-09 2.9203E-09 2.8551E-09 2.7811E-09 2.7225E-09 2.6581E-09 2.5922E-09 2.5342E-09 2.4691E-09 2.3962E-09 2.3311E-09 2.2591E-09 2.1975E-09 2.1301E-09 2.0787E-09 2.0148E-09 1.9607E-09 1.9011E-09 1.8378E-09 1.7819E-09 1.7225E-09
5.2079E-09 5.1433E-09 5.0747E-09 5.0056E-09 4.9364E-09 4.8655E-09 4.7959E-09 4.7251E-09 4.6543E-09 4.5878E-09 4.5165E-09 4.4457E-09 4.3792E-09 4.3102E-09 4.2424E-09 4.1795E-09 4.1137E-09 4.0494E-09 3.9898E-09 3.9298E-09 3.8772E-09 3.8230E-09 3.7708E-09 3.7234E-09 3.6713E-09 3.6225E-09 3.5692E-09 3.5150E-09 3.4645E-09 3.4092E-09 3.3573E-09 3.3013E-09 3.2484E-09 3.1888E-09 3.1356E-09 3.0790E-09 3.0222E-09 2.9592E-09 2.9019E-09 2.8292E-09 2.7711E-09 2.7045E-09 2.6375E-09 2.5686E-09 2.5029E-09 2.4381E-09 2.3737E-09 2.3093E-09 2.2377E-09 2.1653E-09 2.1059E-09 2.0408E-09 1.9848E-09 1.9243E-09 1.8654E-09 1.8028E-09 1.7423E-09
5.2740E-09 5.2024E-09 5.1314E-09 5.0626E-09 4.9894E-09 4.9163E-09 4.8455E-09 4.7728E-09 4.7040E-09 4.6328E-09 4.5598E-09 4.4913E-09 4.4201E-09 4.3497E-09 4.2845E-09 4.2170E-09 4.1500E-09 4.0883E-09 4.0245E-09 3.9639E-09 3.9113E-09 3.8565E-09 3.8081E-09 3.7562E-09 3.7074E-09 3.6544E-09 3.6004E-09 3.5500E-09 3.4951E-09 3.4432E-09 3.3874E-09 3.3379E-09 3.2822E-09 3.2300E-09 3.1744E-09 3.1119E-09 3.0551E-09 2.9981E-09 2.9350E-09 2.8775E-09 2.8125E-09 2.7549E-09 2.6887E-09 2.6101E-09 2.5427E-09 2.4854E-09 2.4070E-09 2.3421E-09 2.2790E-09 2.2152E-09 2.1447E-09 2.0672E-09 2.0029E-09 1.9478E-09 1.8879E-09 1.8367E-09 1.7746E-09
5.3326E-09 5.2596E-09 5.1896E-09 5.1149E-09 5.0396E-09 4.9690E-09 4.8936E-09 4.8181E-09 4.7502E-09 4.6755E-09 4.6028E-09 4.5316E-09 4.4590E-09 4.3910E-09 4.3215E-09 4.2527E-09 4.1882E-09 4.1224E-09 4.0576E-09 4.0011E-09 3.9442E-09 3.8939E-09 3.8424E-09 3.7909E-09 3.7420E-09 3.6884E-09 3.6382E-09 3.5835E-09 3.5280E-09 3.4763E-09 3.4199E-09 3.3711E-09 3.3188E-09 3.2631E-09 3.2041E-09 3.1478E-09 3.0913E-09 3.0346E-09 2.9778E-09 2.9103E-09 2.8527E-09 2.7874E-09 2.7297E-09 2.6632E-09 2.6058E-09 2.5288E-09 2.4472E-09 2.3827E-09 2.3274E-09 2.2569E-09 2.1858E-09 2.1157E-09 2.0380E-09 1.9726E-09 1.9106E-09 1.8587E-09 1.8010E-09
5.3879E-09 5.3147E-09 5.2412E-09 5.1655E-09 5.0913E-09 5.0153E-09 4.9381E-09 4.8653E-09 4.7922E-09 4.7158E-09 4.6443E-09 4.5698E-09 4.4959E-09 4.4273E-09 4.3566E-09 4.2880E-09 4.2257E-09 4.1611E-09 4.1001E-09 4.0396E-09 3.9823E-09 3.9314E-09 3.8784E-09 3.8299E-09 3.7765E-09 3.7222E-09 3.6722E-09 3.6169E-09 3.5655E-09 3.5093E-09 3.4606E-09 3.4046E-09 3.3526E-09 3.2964E-09 3.2397E-09 3.1802E-09 3.1301E-09 3.0743E-09 3.0184E-09 2.9510E-09 2.8906E-09 2.8332E-09 2.7758E-09 2.7042E-09 2.6374E-09 2.5799E-09 2.5126E-09 2.4348E-09 2.3691E-09 2.2890E-09 2.2351E-09 2.1571E-09 2.0948E-09 2.0266E-09 1.9348E-09 1.8736E-09 1.8222E-09
5.4413E-09 5.3688E-09 5.2913E-09 5.2136E-09 5.1384E-09 5.0608E-09 4.9862E-09 4.9085E-09 4.8340E-09 4.7606E-09 4.6843E-09 4.6104E-09 4.5428E-09 4.4711E-09 4.3997E-09 4.3330E-09 4.2641E-09 4.1965E-09 4.1357E-09 4.0753E-09 4.0223E-09 3.9669E-09 3.9182E-09 3.8654E-09 3.8115E-09 3.7618E-09 3.7070E-09 3.6559E-09 3.6002E-09 3.5516E-09 3.4960E-09 3.4441E-09 3.3881E-09 3.3316E-09 3.2747E-09 3.2241E-09 3.1680E-09 3.1183E-09 3.0633E-09 3.0065E-09 2.9393E-09 2.8827E-09 2.8260E-09 2.7498E-09 2.6890E-09 2.6314E-09 2.5572E-09 2.4894E-09 2.4216E-09 2.3445E-09 2.2800E-09 2.1999E-09 2.1396E-09 2.0696E-09 2.0012E-09 1.9252E-09 1.8457E-09
5.4952E-09 5.4167E-09 5.3371E-09 5.2625E-09 5.1815E-09 5.1022E-09 5.0267E-09 4.9481E-09 4.8762E-09 4.8029E-09 4.7267E-09 4.6541E-09 4.5793E-09 4.5052E-09 4.4369E-09 4.3658E-09 4.2965E-09 4.2344E-09 4.1706E-09 4.1148E-09 4.0575E-09 4.0018E-09 3.9537E-09 3.9002E-09 3.8508E-09 3.7965E-09 3.7413E-09 3.6906E-09 3.6345E-09 3.5870E-09 3.5354E-09 3.4796E-09 3.4233E-09 3.3664E-09 3.3090E-09 3.2593E-09 3.1997E-09 3.1510E-09 3.0958E-09 3.0405E-09 2.9851E-09 2.9295E-09 2.8734E-09 2.8155E-09 2.7599E-09 2.6826E-09 2.6255E-09 2.5392E-09 2.4634E-09 2.3953E-09 2.3283E-09 2.2430E-09 2.1819E-09 2.1300E-09 2.0505E-09 1.9741E-09 1.9079E-09
5.5428E-09 5.4637E-09 5.3876E-09 5.3077E-09 5.2253E-09 5.1512E-09 5.0732E-09 4.9950E-09 4.9233E-09 4.8447E-09 4.7665E-09 4.6939E-09 4.6191E-09 4.5461E-09 4.4788E-09 4.4072E-09 4.3421E-09 4.2742E-09 4.2091E-09 4.1540E-09 4.0965E-09 4.0462E-09 3.9935E-09 3.9421E-09 3.8909E-09 3.8364E-09 3.7862E-09 3.7308E-09 3.6838E-09 3.6284E-09 3.5774E-09 3.5214E-09 3.4648E-09 3.4075E-09 3.3577E-09 3.3011E-09 3.2519E-09 3.1964E-09 3.1407E-09 3.0847E-09 3.0262E-09 2.9692E-09 2.9128E-09 2.8563E-09 2.7996E-09 2.7418E-09 2.6835E-09 2.6270E-09 2.5427E-09 2.4533E-09 2.3751E-09 2.3075E-09 2.2309E-09 2.1573E-09 2.0963E-09 2.0363E-09 1.9576E-09
5.5912E-09 5.5090E-09 5.4325E-09 5.3531E-09 5.2722E-09 5.1941E-09 5.1125E-09 5.0360E-09 4.9594E-09 4.8808E-09 4.8083E-09 4.7313E-09 4.6549E-09 4.5843E-09 4.5114E-09 4.4389E-09 4.3742E-09 4.3058E-09 4.2460E-09 4.1862E-09 4.1334E-09 4.0792E-09 4.0260E-09 3.9775E-09 3.9236E-09 3.8738E-09 3.8191E-09 3.7725E-09 3.7178E-09 3.6674E-09 3.6120E-09 3.5634E-09 3.5063E-09 3.4564E-09 3.3998E-09 3.3503E-09 3.2946E-09 3.2386E-09 3.1823E-09 3.1257E-09 3.0687E-09 3.0099E-09 2.9488E-09 2.8901E-09 2.8309E-09 2.7733E-09 2.7157E-09 2.6581E-09 2.5982E-09 2.5415E-09 2.4852E-09 2.3951E-09 2.2818E-09 2.2151E-09 2.1187E-09 2.0579E-09 1.9985E-09
5.6329E-09 5.5545E-09 5.4737E-09 5.3934E-09 5.3139E-09 5.2324E-09 5.1504E-09 5.0758E-09 4.9994E-09 4.9234E-09 4.8448E-09 4.7668E-09 4.6941E-09 4.6271E-09 4.5539E-09 4.4870E-09 4.4175E-09 4.3545E-09 4.2908E-09 4.2312E-09 4.1796E-09 4.1157E-09 4.0678E-09 4.0236E-09 3.9695E-09 3.9207E-09 3.8702E-09 3.8209E-09 3.7711E-09 3.7168E-09 3.6616E-09 3.6056E-09 3.5562E-09 3.5080E-09 3.4509E-09 3.4026E-09 3.3462E-09 3.2884E-09 3.2310E-09 3.1735E-09 3.1155E-09 3.0572E-09 2.9983E-09 2.9340E-09 2.8747E-09 2.8110E-09 2.7498E-09 2.6906E-09 2.6323E-09 2.5743E-09 2.5144E-09 2.4566E-09 2.3997E-09 2.3058E-09 2.1900E-09 2.1017E-09 2.0203E-09
5.6760E-09 5.6001E-09 5.5162E-09 5.4380E-09 5.3533E-09 5.2761E-09 5.1988E-09 5.1175E-09 5.0397E-09 4.9643E-09 4.8853E-09 4.8070E-09 4.7350E-09 4.6602E-09 4.5919E-09 4.5281E-09 4.4586E-09 4.3968E-09 4.3337E-09 4.2804E-09 4.2244E-09 4.1757E-09 4.1228E-09 4.0597E-09 4.0123E-09 3.9679E-09 3.9237E-09 3.8701E-09 3.8214E-09 3.7668E-09 3.7111E-09 3.6543E-09 3.6058E-09 3.5492E-09 3.5010E-09 3.4451E-09 3.3886E-09 3.3316E-09 3.2739E-09 3.2156E-09 3.1568E-09 3.0975E-09 3.0378E-09 2.9777E-09 2.9166E-09 2.8552E-09 2.7897E-09 2.7269E-09 2.6630E-09 2.6023E-09 2.5435E-09 2.4849E-09 2.4244E-09 2.3666E-09 2.3083E-09 2.2103E-09 2.0845E-09
5.7190E-09 5.6341E-09 5.5564E-09 5.4790E-09 5.3939E-09 5.3161E-09 5.2336E-09 5.1571E-09 5.0845E-09 5.0046E-09 4.9255E-09 4.8523E-09 4.7760E-09 4.7012E-09 4.6340E-09 4.5623E-09 4.4988E-09 4.4318E-09 4.3748E-09 4.3180E-09 4.2631E-09 4.2157E-09 4.1627E-09 4.1143E-09 4.0610E-09 4.0172E-09 3.9648E-09 3.9170E-09 3.8636E-09 3.8090E-09 3.7530E-09 3.7051E-09 3.6491E-09 3.6011E-09 3.5457E-09 3.4896E-09 3.4327E-09 3.3751E-09 3.3167E-09 3.2576E-09 3.1979E-09 3.1376E-09 3.0769E-09 3.0157E-09 2.9542E-09 2.8924E-09 2.8305E-09 2.7688E-09 2.7052E-09 2.6381E-09 2.5725E-09 2.5109E-09 2.4517E-09 2.3922E-09 2.3308E-09 2.2717E-09 2.2127E-09
5.7569E-09 5.6764E-09 5.5975E-09 5.5138E-09 5.4298E-09 5.3560E-09 5.2733E-09 5.1936E-09 5.1188E-09 5.0385E-09 4.9639E-09 4.8864E-09 4.8098E-09 4.7412E-09 4.6684E-09 4.6025E-09 4.5349E-09 4.4690E-09 4.4138E-09 4.3568E-09 4.3076E-09 4.2553E-09 4.2023E-09 4.1549E-09 4.1069E-09 4.0610E-09 4.0157E-09 3.9644E-09 3.9116E-09 3.8570E-09 3.8097E-09 3.7548E-09 3.6986E-09 3.6525E-09 3.5970E-09 3.5405E-09 3.4831E-09 3.4248E-09 3.3655E-09 3.3054E-09 3.2427E-09 3.1813E-09 3.1193E-09 3.0567E-09 2.9921E-09 2.9290E-09 2.8658E-09 2.8028E-09 2.7398E-09 2.6770E-09 2.6148E-09 2.5459E-09 2.4781E-09 2.4166E-09 2.3564E-09 2.2946E-09 2.2342E-09
5.7972E-09 5.7166E-09 5.6329E-09 5.5520E-09 5.4722E-09 5.3898E-09 5.3067E-09 5.2300E-09 5.1524E-09 5.0718E-09 4.9979E-09 4.9203E-09 4.8496E-09 4.7763E-09 4.7042E-09 4.6403E-09 4.5720E-09 4.5122E-09 4.4525E-09 4.3989E-09 4.3492E-09 4.2984E-09 4.2530E-09 4.2011E-09 4.1599E-09 4.1087E-09 4.0637E-09 4.0120E-09 3.9587E-09 3.9040E-09 3.8586E-09 3.8036E-09 3.7580E-09 3.7033E-09 3.6475E-09 3.5906E-09 3.5325E-09 3.4734E-09 3.4132E-09 3.3521E-09 3.2900E-09 3.2272E-09 3.1638E-09 3.0998E-09 3.0351E-09 2.9689E-09 2.9042E-09 2.8395E-09 2.7735E-09 2.7089E-09 2.6451E-09 2.5815E-09 2.5187E-09 2.4496E-09 2.3799E-09 2.3181E-09 2.2578E-09
5.8303E-09 5.7534E-09 5.6696E-09 5.5868E-09 5.5055E-09 5.4227E-09 5.3449E-09 5.2634E-09 5.1836E-09 5.1105E-09 5.0318E-09 4.9545E-09 4.8861E-09 4.8129E-09 4.7469E-09 4.6772E-09 4.6158E-09 4.5526E-09 4.4946E-09 4.4465E-09 4.3944E-09 4.3497E-09 4.2986E-09 4.2577E-09 4.2074E-09 4.1631E-09 4.1131E-09 4.0617E-09 4.0088E-09 3.9650E-09 3.9120E-09 3.8677E-09 3.8146E-09 3.7603E-09 3.7047E-09 3.6476E-09 3.5887E-09 3.5286E-09 3.4653E-09 3.4029E-09 3.3379E-09 3.2733E-09 3.2083E-09 3.1428E-09 3.0768E-09 3.0106E-09 2.9441E-09 2.8775E-09 2.8092E-09 2.7434E-09 2.6779E-09 2.6121E-09 2.5469E-09 2.4829E-09 2.4181E-09 2.3460E-09 2.2798E-09
5.8727E-09 5.7862E-09 5.7014E-09 5.6221E-09 5.5379E-09 5.4548E-09 5.3770E-09 5.2965E-09 5.2192E-09 5.1449E-09 5.0672E-09 4.9970E-09 4.9221E-09 4.8554E-09 4.7853E-09 4.7171E-09 4.6579E-09 4.5960E-09 4.5450E-09 4.4912E-09 4.4393E-09 4.3965E-09 4.3516E-09 4.3087E-09 4.2661E-09 4.2175E-09 4.1689E-09 4.1186E-09 4.0756E-09 4.0237E-09 3.9701E-09 3.9279E-09 3.8744E-09 3.8194E-09 3.7627E-09 3.7046E-09 3.6448E-09 3.5836E-09 3.5210E-09 3.4570E-09 3.3920E-09 3.3261E-09 3.2593E-09 3.1920E-09 3.1231E-09 3.0538E-09 2.9853E-09 2.9149E-09 2.8468E-09 2.7790E-09 2.7113E-09 2.6433E-09 2.5777E-09 2.5120E-09 2.4454E-09 2.3803E-09 2.3133E-09
5.9042E-09 5.8173E-09 5.7385E-09 5.6540E-09 5.5696E-09 5.4929E-09 5.4098E-09 5.3295E-09 5.2571E-09 5.1805E-09 5.1055E-09 5.0334E-09 4.9600E-09 4.8958E-09 4.8263E-09 4.7660E-09 4.7010E-09 4.6425E-09 4.5905E-09 4.5381E-09 4.4961E-09 4.4480E-09 4.4124E-09 4.3650E-09 4.3237E-09 4.2754E-09 4.2264E-09 4.1754E-09 4.1351E-09 4.0834E-09 4.0423E-09 3.9905E-09 3.9369E-09 3.8815E-09 3.8243E-09 3.7652E-09 3.7043E-09 3.6417E-09 3.5776E-09 3.5121E-09 3.4453E-09 3.3775E-09 3.3089E-09 3.2396E-09 3.1697E-09 3.0992E-09 3.0286E-09 2.9581E-09 2.8858E-09 2.8161E-09 2.7469E-09 2.6767E-09 2.6089E-09 2.5403E-09 2.4736E-09 2.4075E-09 2.3420E-09
5.9345E-09 5.8473E-09 5.7698E-09 5.6841E-09 5.6040E-09 5.5245E-09 5.4434E-09 5.3702E-09 5.2902E-09 5.2155E-09 5.1467E-09 5.0725E-09 5.0073E-09 4.9376E-09 4.8714E-09 4.8093E-09 4.7456E-09 4.6942E-09 4.6406E-09 4.5967E-09 4.5502E-09 4.5159E-09 4.4703E-09 4.4302E-09 4.3835E-09 4.3358E-09 4.2870E-09 4.2490E-09 4.2005E-09 4.1615E-09 4.1122E-09 4.0614E-09 4.0084E-09 3.9526E-09 3.8946E-09 3.8344E-09 3.7722E-09 3.7081E-09 3.6422E-09 3.5748E-09 3.5060E-09 3.4361E-09 3.3652E-09 3.2917E-09 3.2192E-09 3.1444E-09 3.0717E-09 2.9988E-09 2.9265E-09 2.8548E-09 2.7836E-09 2.7116E-09 2.6423E-09 2.5726E-09 2.5022E-09 2.4340E-09 2.3677E-09
5.9627E-09 5.8837E-09 5.8006E-09 5.7149E-09 5.6396E-09 5.5585E-09 5.4773E-09 5.4051E-09 5.3265E-09 5.2606E-09 5.1863E-09 5.1165E-09 5.0493E-09 4.9797E-09 4.9202E-09 4.8569E-09 4.8017E-09 4.7459E-09 4.6938E-09 4.6522E-09 4.6123E-09 4.5757E-09 4.5385E-09 4.4949E-09 4.4498E-09 4.4031E-09 4.3670E-09 4.3212E-09 4.2724E-09 4.2363E-09 4.1870E-09 4.1354E-09 4.0814E-09 4.0248E-09 3.9657E-09 3.9042E-09 3.8404E-09 3.7745E-09 3.7067E-09 3.6372E-09 3.5662E-09 3.4941E-09 3.4209E-09 3.3466E-09 3.2718E-09 3.1966E-09 3.1211E-09 3.0441E-09 2.9691E-09 2.8953E-09 2.8200E-09 2.7480E-09 2.6765E-09 2.6046E-09 2.5335E-09 2.4640E-09 2.3949E-09
5.9947E-09 5.9140E-09 5.8299E-09 5.7532E-09 5.6736E-09 5.5909E-09 5.5187E-09 5.4415E-09 5.3680E-09 5.3010E-09 5.2268E-09 5.1622E-09 5.0936E-09 5.0340E-09 4.9688E-09 4.9067E-09 4.8551E-09 4.8001E-09 4.7574E-09 4.7107E-09 4.6823E-09 4.6421E-09 4.6084E-09 4.5662E-09 4.5215E-09 4.4751E-09 4.4416E-09 4.3957E-09 4.3617E-09 4.3152E-09 4.2661E-09 4.2143E-09 4.1598E-09 4.1024E-09 4.0425E-09 3.9797E-09 3.9143E-09 3.8462E-09 3.7757E-09 3.7035E-09 3.6299E-09 3.5552E-09 3.4791E-09 3.4023E-09 3.3248E-09 3.2467E-09 3.1687E-09 3.0910E-09 3.0140E-09 2.9378E-09 2.8613E-09 2.7860E-09 2.7127E-09 2.6381E-09 2.5653E-09 2.4938E-09 2.4234E-09
6.0264E-09 5.9440E-09 5.8612E-09 5.7868E-09 5.7069E-09 5.6293E-09 5.5561E-09 5.4794E-09 5.4122E-09 5.3397E-09 5.2773E-09 5.2087E-09 5.1405E-09 5.0841E-09 5.0209E-09 4.9682E-09 4.9104E-09 4.8622E-09 4.8204E-09 4.7896E-09 4.7521E-09 4.7222E-09 4.6831E-09 4.6413E-09 4.5969E-09 4.5647E-09 4.5218E-09 4.4910E-09 4.4489E-09 4.4035E-09 4.3562E-09 4.3058E-09 4.2506E-09 4.1920E-09 4.1302E-09 4.0653E-09 3.9977E-09 3.9274E-09 3.8549E-09 3.7805E-09 3.7044E-09 3.6266E-09 3.5475E-09 3.4677E-09 3.3869E-09 3.3058E-09 3.2222E-09 3.1415E-09 3.0611E-09 2.9803E-09 2.9026E-09 2.8259E-09 2.7500E-09 2.6734E-09 2.5994E-09 2.5263E-09 2.4529E-09
6.0562E-09 5.9752E-09 5.8995E-09 5.8205E-09 5.7412E-09 5.6700E-09 5.5949E-09 5.5257E-09 5.4539E-09 5.3837E-09 5.3242E-09 5.2568E-09 5.2003E-09 5.1370E-09 5.0792E-09 5.0267E-09 4.9717E-09 4.9314E-09 4.8875E-09 4.8628E-09 4.8343E-09 4.7998E-09 4.7624E-09 4.7228E-09 4.6804E-09 4.6531E-09 4.6125E-09 4.5873E-09 4.5454E-09 4.5002E-09 4.4514E-09 4.3989E-09 4.3426E-09 4.2826E-09 4.2189E-09 4.1519E-09 4.0818E-09 4.0090E-09 3.9337E-09 3.8564E-09 3.7770E-09 3.6960E-09 3.6139E-09 3.5306E-09 3.4468E-09 3.3627E-09 3.2790E-09 3.1957E-09 3.1126E-09 3.0302E-09 2.9473E-09 2.8676E-09 2.7887E-09 2.7105E-09 2.6342E-09 2.5587E-09 2.4851E-09
