Assets/Resources/2015_m01_d08_0400(utc+0800)_l00_csi_1hr_conc.grd
DSAA
         159         159
     -79.000      79.000
     -79.000      79.000
  0.0000E+00  0.1764E-05
[rows 75 to 99 of 159, columns 0 to 56 of 159]
4.3558E-10 4.6102E-10 4.8946E-10 5.1803E-10 5.4901E-10 5.8178E-10 6.1638E-10 6.5294E-10 6.9150E-10 7.3220E-10 7.7429E-10 8.1946E-10 8.6706E-10 9.1745E-10 9.7164E-10 1.0275E-09 1.0863E-09 1.1481E-09 1.2129E-09 1.2810E-09 1.3524E-09 1.4272E-09 1.5056E-09 1.5876E-09 1.6734E-09 1.7631E-09 1.8550E-09 1.9527E-09 2.0545E-09 2.1585E-09 2.2702E-09 2.3868E-09 2.5054E-09 2.6287E-09 2.7548E-09 2.8853E-09 3.0201E-09 3.1591E-09 3.3025E-09 3.4500E-09 3.6018E-09 3.7610E-09 3.9237E-09 4.0922E-09 4.2642E-09 4.4382E-09 4.6162E-09 4.7980E-09 4.9835E-09 5.1725E-09 5.3649E-09 5.5605E-09 5.7591E-09 5.9605E-09 6.1644E-09 6.3706E-09 6.5788E-09
4.2601E-10 4.5163E-10 4.7874E-10 5.0743E-10 5.3775E-10 5.6982E-10 6.0368E-10 6.3946E-10 6.7720E-10 7.1702E-10 7.5820E-10 8.0241E-10 8.4898E-10 8.9828E-10 9.5019E-10 1.0060E-09 1.0635E-09 1.1239E-09 1.1874E-09 1.2540E-09 1.3239E-09 1.3971E-09 1.4738E-09 1.5541E-09 1.6381E-09 1.7259E-09 1.8159E-09 1.9115E-09 2.0112E-09 2.1130E-09 2.2225E-09 2.3367E-09 2.4530E-09 2.5737E-09 2.6973E-09 2.8251E-09 2.9572E-09 3.0934E-09 3.2339E-09 3.3786E-09 3.5274E-09 3.6836E-09 3.8432E-09 4.0087E-09 4.1774E-09 4.3482E-09 4.5230E-09 4.7015E-09 4.8837E-09 5.0694E-09 5.2586E-09 5.4509E-09 5.6462E-09 5.8442E-09 6.0449E-09 6.2479E-09 6.4529E-09
4.1709E-10 4.4215E-10 4.6866E-10 4.9672E-10 5.2637E-10 5.5773E-10 5.9085E-10 6.2583E-10 6.6195E-10 7.0166E-10 7.4192E-10 7.8513E-10 8.3066E-10 8.7886E-10 9.2960E-10 9.8416E-10 1.0404E-09 1.0995E-09 1.1615E-09 1.2267E-09 1.2950E-09 1.3666E-09 1.4416E-09 1.5201E-09 1.6022E-09 1.6881E-09 1.7761E-09 1.8696E-09 1.9671E-09 2.0667E-09 2.1738E-09 2.2856E-09 2.3994E-09 2.5176E-09 2.6385E-09 2.7636E-09 2.8929E-09 3.0263E-09 3.1638E-09 3.3055E-09 3.4512E-09 3.6042E-09 3.7606E-09 3.9229E-09 4.0883E-09 4.2558E-09 4.4271E-09 4.6023E-09 4.7810E-09 4.9633E-09 5.1490E-09 5.3378E-09 5.5296E-09 5.7242E-09 5.9214E-09 6.1209E-09 6.3225E-09
4.0811E-10 4.3260E-10 4.5851E-10 4.8592E-10 5.1490E-10 5.4554E-10 5.7789E-10 6.1207E-10 6.4735E-10 6.8537E-10 7.2547E-10 7.6768E-10 8.1214E-10 8.5922E-10 9.0878E-10 9.6096E-10 1.0170E-09 1.0747E-09 1.1353E-09 1.1989E-09 1.2657E-09 1.3356E-09 1.4089E-09 1.4856E-09 1.5658E-09 1.6497E-09 1.7356E-09 1.8270E-09 1.9224E-09 2.0196E-09 2.1242E-09 2.2336E-09 2.3448E-09 2.4604E-09 2.5786E-09 2.7009E-09 2.8273E-09 2.9578E-09 3.0923E-09 3.2308E-09 3.3734E-09 3.5230E-09 3.6763E-09 3.8351E-09 3.9972E-09 4.1612E-09 4.3290E-09 4.5006E-09 4.6757E-09 4.8544E-09 5.0364E-09 5.2216E-09 5.4097E-09 5.6007E-09 5.7942E-09 5.9901E-09 6.1881E-09
3.9907E-10 4.2299E-10 4.4828E-10 4.7505E-10 5.0334E-10 5.3325E-10 5.6408E-10 5.9820E-10 6.3263E-10 6.6974E-10 7.0888E-10 7.5007E-10 7.9346E-10 8.3940E-10 8.8777E-10 9.3868E-10 9.9221E-10 1.0497E-09 1.1088E-09 1.1709E-09 1.2360E-09 1.3043E-09 1.3758E-09 1.4506E-09 1.5289E-09 1.6108E-09 1.6947E-09 1.7839E-09 1.8769E-09 1.9719E-09 2.0739E-09 2.1809E-09 2.2893E-09 2.4024E-09 2.5178E-09 2.6372E-09 2.7607E-09 2.8881E-09 3.0195E-09 3.1549E-09 3.2942E-09 3.4401E-09 3.5903E-09 3.7453E-09 3.9041E-09 4.0646E-09 4.2288E-09 4.3966E-09 4.5681E-09 4.7430E-09 4.9212E-09 5.1026E-09 5.2869E-09 5.4740E-09 5.6638E-09 5.8558E-09 6.0500E-09
3.8927E-10 4.1333E-10 4.3729E-10 4.6413E-10 4.9099E-10 5.2016E-10 5.5097E-10 5.8350E-10 6.1783E-10 6.5402E-10 6.9218E-10 7.3155E-10 7.7465E-10 8.1835E-10 8.6659E-10 9.1623E-10 9.6841E-10 1.0244E-09 1.0821E-09 1.1426E-09 1.2061E-09 1.2726E-09 1.3424E-09 1.4153E-09 1.4902E-09 1.5715E-09 1.6533E-09 1.7403E-09 1.8310E-09 1.9236E-09 2.0229E-09 2.1275E-09 2.2331E-09 2.3436E-09 2.4562E-09 2.5727E-09 2.6931E-09 2.8174E-09 2.9457E-09 3.0778E-09 3.2137E-09 3.3559E-09 3.5029E-09 3.6540E-09 3.8095E-09 3.9662E-09 4.1267E-09 4.2908E-09 4.4584E-09 4.6294E-09 4.8037E-09 4.9811E-09 5.1614E-09 5.3446E-09 5.5303E-09 5.7184E-09 5.9086E-09
3.8019E-10 4.0293E-10 4.2700E-10 4.5244E-10 4.7935E-10 5.0778E-10 5.3781E-10 5.6950E-10 6.0296E-10 6.3822E-10 6.7540E-10 7.1375E-10 7.5495E-10 7.9831E-10 8.4421E-10 8.9365E-10 9.4448E-10 9.9792E-10 1.0552E-09 1.1142E-09 1.1760E-09 1.2408E-09 1.3087E-09 1.3798E-09 1.4526E-09 1.5319E-09 1.6115E-09 1.6963E-09 1.7847E-09 1.8748E-09 1.9690E-09 2.0736E-09 2.1763E-09 2.2841E-09 2.3939E-09 2.5074E-09 2.6248E-09 2.7459E-09 2.8709E-09 2.9997E-09 3.1322E-09 3.2704E-09 3.4143E-09 3.5612E-09 3.7135E-09 3.8664E-09 4.0230E-09 4.1832E-09 4.3468E-09 4.5138E-09 4.6840E-09 4.8574E-09 5.0336E-09 5.2126E-09 5.3942E-09 5.5781E-09 5.7642E-09
3.7109E-10 3.9325E-10 4.1669E-10 4.4148E-10 4.6769E-10 4.9537E-10 5.2461E-10 5.5548E-10 5.8805E-10 6.2160E-10 6.5857E-10 6.9590E-10 7.3600E-10 7.7820E-10 8.2287E-10 8.7098E-10 9.2044E-10 9.7244E-10 1.0270E-09 1.0856E-09 1.1457E-09 1.2088E-09 1.2749E-09 1.3440E-09 1.4149E-09 1.4921E-09 1.5695E-09 1.6520E-09 1.7381E-09 1.8257E-09 1.9172E-09 2.0193E-09 2.1189E-09 2.2242E-09 2.3310E-09 2.4415E-09 2.5558E-09 2.6738E-09 2.7955E-09 2.9209E-09 3.0499E-09 3.1840E-09 3.3247E-09 3.4673E-09 3.6163E-09 3.7654E-09 3.9180E-09 4.0742E-09 4.2337E-09 4.3966E-09 4.5627E-09 4.7318E-09 4.9038E-09 5.0785E-09 5.2558E-09 5.4354E-09 5.6171E-09
3.6199E-10 3.8356E-10 4.0639E-10 4.3051E-10 4.5601E-10 4.8295E-10 5.1141E-10 5.4068E-10 5.7312E-10 6.0576E-10 6.4095E-10 6.7802E-10 7.1702E-10 7.5805E-10 8.0148E-10 8.4716E-10 8.9635E-10 9.4691E-10 9.9999E-10 1.0557E-09 1.1142E-09 1.1767E-09 1.2409E-09 1.3081E-09 1.3770E-09 1.4506E-09 1.5274E-09 1.6057E-09 1.6912E-09 1.7764E-09 1.8650E-09 1.9647E-09 2.0612E-09 2.1639E-09 2.2678E-09 2.3753E-09 2.4864E-09 2.6011E-09 2.7195E-09 2.8414E-09 2.9670E-09 3.0967E-09 3.2344E-09 3.3725E-09 3.5182E-09 3.6633E-09 3.8119E-09 3.9640E-09 4.1194E-09 4.2781E-09 4.4398E-09 4.6046E-09 4.7723E-09 4.9426E-09 5.1154E-09 5.2906E-09 5.4679E-09
3.5220E-10 3.7318E-10 3.9537E-10 4.1883E-10 4.4362E-10 4.6982E-10 4.9747E-10 5.2667E-10 5.5745E-10 5.8993E-10 6.2412E-10 6.6015E-10 6.9804E-10 7.3790E-10 7.8010E-10 8.2447E-10 8.7115E-10 9.2136E-10 9.7291E-10 1.0270E-09 1.0838E-09 1.1433E-09 1.2056E-09 1.2722E-09 1.3391E-09 1.4105E-09 1.4851E-09 1.5612E-09 1.6442E-09 1.7270E-09 1.8129E-09 1.9075E-09 2.0034E-09 2.1034E-09 2.2043E-09 2.3087E-09 2.4166E-09 2.5281E-09 2.6431E-09 2.7616E-09 2.8836E-09 3.0090E-09 3.1435E-09 3.2770E-09 3.4194E-09 3.5605E-09 3.7050E-09 3.8529E-09 4.0041E-09 4.1584E-09 4.3159E-09 4.4762E-09 4.6394E-09 4.8052E-09 4.9735E-09 5.1442E-09 5.3169E-09
3.4317E-10 3.6356E-10 3.8513E-10 4.0793E-10 4.3201E-10 4.5746E-10 4.8433E-10 5.1268E-10 5.4259E-10 5.7412E-10 6.0733E-10 6.4230E-10 6.7831E-10 7.1699E-10 7.5766E-10 8.0180E-10 8.4711E-10 8.9470E-10 9.4586E-10 9.9839E-10 1.0535E-09 1.1112E-09 1.1716E-09 1.2349E-09 1.3012E-09 1.3704E-09 1.4428E-09 1.5166E-09 1.5954E-09 1.6775E-09 1.7608E-09 1.8526E-09 1.9457E-09 2.0428E-09 2.1407E-09 2.2420E-09 2.3467E-09 2.4548E-09 2.5664E-09 2.6814E-09 2.7999E-09 2.9216E-09 3.0522E-09 3.1815E-09 3.3202E-09 3.4572E-09 3.5975E-09 3.7412E-09 3.8881E-09 4.0380E-09 4.1910E-09 4.3469E-09 4.5055E-09 4.6667E-09 4.8304E-09 4.9964E-09 5.1644E-09
3.3417E-10 3.5398E-10 3.7492E-10 3.9706E-10 4.2045E-10 4.4515E-10 4.7123E-10 4.9875E-10 5.2777E-10 5.5837E-10 5.8982E-10 6.2374E-10 6.5945E-10 6.9697E-10 7.3641E-10 7.7815E-10 8.2314E-10 8.6928E-10 9.1776E-10 9.6981E-10 1.0232E-09 1.0791E-09 1.1377E-09 1.1991E-09 1.2633E-09 1.3305E-09 1.4006E-09 1.4721E-09 1.5485E-09 1.6280E-09 1.7088E-09 1.7973E-09 1.8881E-09 1.9818E-09 2.0770E-09 2.1752E-09 2.2767E-09 2.3816E-09 2.4898E-09 2.6013E-09 2.7161E-09 2.8341E-09 2.9600E-09 3.0862E-09 3.2203E-09 3.3536E-09 3.4897E-09 3.6291E-09 3.7716E-09 3.9171E-09 4.0656E-09 4.2169E-09 4.3709E-09 4.5275E-09 4.6864E-09 4.8476E-09 5.0108E-09
3.2452E-10 3.4374E-10 3.6406E-10 3.8553E-10 4.0822E-10 4.3218E-10 4.5747E-10 4.8415E-10 5.1229E-10 5.4194E-10 5.7319E-10 6.0607E-10 6.4067E-10 6.7704E-10 7.1525E-10 7.5569E-10 7.9817E-10 8.4397E-10 8.9093E-10 9.4018E-10 9.9304E-10 1.0472E-09 1.1040E-09 1.1634E-09 1.2256E-09 1.2906E-09 1.3585E-09 1.4278E-09 1.5017E-09 1.5788E-09 1.6570E-09 1.7421E-09 1.8305E-09 1.9207E-09 2.0135E-09 2.1086E-09 2.2069E-09 2.3084E-09 2.4132E-09 2.5211E-09 2.6323E-09 2.7467E-09 2.8674E-09 2.9908E-09 3.1194E-09 3.2499E-09 3.3818E-09 3.5169E-09 3.6550E-09 3.7960E-09 3.9399E-09 4.0866E-09 4.2359E-09 4.3878E-09 4.5419E-09 4.6983E-09 4.8566E-09
3.1565E-10 3.3429E-10 3.5400E-10 3.7482E-10 3.9681E-10 4.2004E-10 4.4455E-10 4.7040E-10 4.9767E-10 5.2640E-10 5.5666E-10 5.8851E-10 6.2202E-10 6.5644E-10 6.9343E-10 7.3338E-10 7.7449E-10 8.1773E-10 8.6426E-10 9.1192E-10 9.6192E-10 1.0143E-09 1.0704E-09 1.1279E-09 1.1881E-09 1.2494E-09 1.3167E-09 1.3836E-09 1.4552E-09 1.5297E-09 1.6053E-09 1.6871E-09 1.7733E-09 1.8599E-09 1.9503E-09 2.0422E-09 2.1373E-09 2.2355E-09 2.3368E-09 2.4413E-09 2.5488E-09 2.6595E-09 2.7750E-09 2.8957E-09 3.0188E-09 3.1463E-09 3.2740E-09 3.4047E-09 3.5384E-09 3.6749E-09 3.8143E-09 3.9563E-09 4.1009E-09 4.2479E-09 4.3972E-09 4.5487E-09 4.7021E-09
3.0685E-10 3.2492E-10 3.4401E-10 3.6419E-10 3.8550E-10 4.0799E-10 4.3172E-10 4.5676E-10 4.8316E-10 5.1097E-10 5.4026E-10 5.7031E-10 6.0273E-10 6.3681E-10 6.7259E-10 7.1017E-10 7.4992E-10 7.9280E-10 8.3666E-10 8.8387E-10 9.3221E-10 9.8284E-10 1.0359E-09 1.0913E-09 1.1508E-09 1.2101E-09 1.2736E-09 1.3398E-09 1.4071E-09 1.4810E-09 1.5540E-09 1.6302E-09 1.7163E-09 1.7994E-09 1.8874E-09 1.9762E-09 2.0681E-09 2.1630E-09 2.2609E-09 2.3618E-09 2.4657E-09 2.5726E-09 2.6831E-09 2.8009E-09 2.9185E-09 3.0432E-09 3.1666E-09 3.2930E-09 3.4222E-09 3.5542E-09 3.6889E-09 3.8262E-09 3.9661E-09 4.1082E-09 4.2527E-09 4.3992E-09 4.5476E-09
2.9746E-10 3.1495E-10 3.3343E-10 3.5296E-10 3.7358E-10 3.9534E-10 4.1830E-10 4.4252E-10 4.6805E-10 4.9494E-10 5.2326E-10 5.5307E-10 5.8441E-10 6.1736E-10 6.5195E-10 6.8827E-10 7.2668E-10 7.6698E-10 8.1047E-10 8.5496E-10 9.0277E-10 9.5166E-10 1.0029E-09 1.0564E-09 1.1125E-09 1.1711E-09 1.2324E-09 1.2964E-09 1.3613E-09 1.4308E-09 1.5032E-09 1.5764E-09 1.6576E-09 1.7395E-09 1.8250E-09 1.9107E-09 1.9994E-09 2.0910E-09 2.1855E-09 2.2829E-09 2.3832E-09 2.4864E-09 2.5924E-09 2.7068E-09 2.8193E-09 2.9406E-09 3.0598E-09 3.1817E-09 3.3065E-09 3.4340E-09 3.5641E-09 3.6967E-09 3.8318E-09 3.9691E-09 4.1086E-09 4.2501E-09 4.3935E-09
2.8486E-10 3.0578E-10 3.2367E-10 3.4256E-10 3.6250E-10 3.8355E-10 4.0576E-10 4.2917E-10 4.5385E-10 4.7984E-10 5.0721E-10 5.3601E-10 5.6629E-10 5.9812E-10 6.3074E-10 6.6580E-10 7.0368E-10 7.4258E-10 7.8346E-10 8.2750E-10 8.7247E-10 9.1963E-10 9.7023E-10 1.0219E-09 1.0760E-09 1.1326E-09 1.1917E-09 1.2533E-09 1.3160E-09 1.3830E-09 1.4528E-09 1.5234E-09 1.6012E-09 1.6807E-09 1.7629E-09 1.8458E-09 1.9313E-09 2.0196E-09 2.1107E-09 2.2047E-09 2.3014E-09 2.4009E-09 2.5031E-09 2.6119E-09 2.7218E-09 2.8377E-09 2.9537E-09 3.0713E-09 3.1917E-09 3.3146E-09 3.4401E-09 3.5680E-09 3.6982E-09 3.8307E-09 3.9653E-09 4.1018E-09 4.2402E-09
2.7202E-10 2.9604E-10 3.1332E-10 3.3158E-10 3.5085E-10 3.7118E-10 3.9263E-10 4.1524E-10 4.3907E-10 4.6417E-10 4.9059E-10 5.1915E-10 5.4762E-10 5.7833E-10 6.1058E-10 6.4441E-10 6.7990E-10 7.1741E-10 7.5790E-10 7.9921E-10 8.4372E-10 8.8919E-10 9.3676E-10 9.8779E-10 1.0400E-09 1.0944E-09 1.1499E-09 1.2108E-09 1.2712E-09 1.3358E-09 1.4030E-09 1.4710E-09 1.5452E-09 1.6226E-09 1.7009E-09 1.7816E-09 1.8640E-09 1.9490E-09 2.0368E-09 2.1273E-09 2.2204E-09 2.3162E-09 2.4147E-09 2.5178E-09 2.6253E-09 2.7351E-09 2.8486E-09 2.9619E-09 3.0778E-09 3.1962E-09 3.3171E-09 3.4403E-09 3.5658E-09 3.6934E-09 3.8231E-09 3.9546E-09 4.0879E-09
2.5757E-10 2.8316E-10 3.0382E-10 3.2146E-10 3.4007E-10 3.5971E-10 3.8042E-10 4.0225E-10 4.2525E-10 4.4947E-10 4.7496E-10 5.0178E-10 5.2998E-10 5.5960E-10 5.9069E-10 6.2331E-10 6.5752E-10 6.9367E-10 7.3156E-10 7.7248E-10 8.1425E-10 8.5916E-10 9.0497E-10 9.5293E-10 1.0030E-09 1.0568E-09 1.1102E-09 1.1674E-09 1.2270E-09 1.2873E-09 1.3539E-09 1.4193E-09 1.4876E-09 1.5628E-09 1.6397E-09 1.7183E-09 1.7975E-09 1.8793E-09 1.9638E-09 2.0508E-09 2.1404E-09 2.2326E-09 2.3274E-09 2.4250E-09 2.5300E-09 2.6338E-09 2.7448E-09 2.8538E-09 2.9652E-09 3.0792E-09 3.1954E-09 3.3140E-09 3.4347E-09 3.5575E-09 3.6822E-09 3.8088E-09 3.9371E-09
2.4623E-10 2.7008E-10 2.9376E-10 3.1078E-10 3.2874E-10 3.4768E-10 3.6766E-10 3.8870E-10 4.1162E-10 4.3498E-10 4.5956E-10 4.8541E-10 5.1259E-10 5.4035E-10 5.7031E-10 6.0174E-10 6.3468E-10 6.6920E-10 7.0567E-10 7.4507E-10 7.8635E-10 8.2841E-10 8.7248E-10 9.1980E-10 9.6800E-10 1.0184E-09 1.0711E-09 1.1261E-09 1.1834E-09 1.2414E-09 1.3036E-09 1.3683E-09 1.4335E-09 1.5063E-09 1.5794E-09 1.6558E-09 1.7319E-09 1.8106E-09 1.8917E-09 1.9754E-09 2.0615E-09 2.1501E-09 2.2412E-09 2.3346E-09 2.4351E-09 2.5349E-09 2.6418E-09 2.7469E-09 2.8541E-09 2.9635E-09 3.0753E-09 3.1892E-09 3.3052E-09 3.4231E-09 3.5430E-09 3.6646E-09 3.7879E-09
2.3831E-10 2.5548E-10 2.8066E-10 3.0097E-10 3.1830E-10 3.3656E-10 3.5583E-10 3.7611E-10 3.9749E-10 4.1999E-10 4.4367E-10 4.6856E-10 4.9473E-10 5.2221E-10 5.5106E-10 5.8131E-10 6.1302E-10 6.4623E-10 6.8132E-10 7.1920E-10 7.5776E-10 7.9820E-10 8.4172E-10 8.8599E-10 9.3354E-10 9.8203E-10 1.0326E-09 1.0855E-09 1.1406E-09 1.1963E-09 1.2561E-09 1.3182E-09 1.3808E-09 1.4500E-09 1.5210E-09 1.5937E-09 1.6674E-09 1.7429E-09 1.8208E-09 1.9012E-09 1.9839E-09 2.0689E-09 2.1564E-09 2.2461E-09 2.3405E-09 2.4382E-09 2.5385E-09 2.6417E-09 2.7445E-09 2.8496E-09 2.9568E-09 3.0661E-09 3.1774E-09 3.2906E-09 3.4057E-09 3.5224E-09 3.6407E-09
2.2889E-10 2.4398E-10 2.6353E-10 2.8799E-10 3.0732E-10 3.2493E-10 3.4347E-10 3.6301E-10 3.8432E-10 4.0598E-10 4.2878E-10 4.5274E-10 4.7793E-10 5.0437E-10 5.3212E-10 5.6123E-10 5.9093E-10 6.2287E-10 6.5738E-10 6.9269E-10 7.2974E-10 7.6969E-10 8.1149E-10 8.5402E-10 8.9851E-10 9.4492E-10 9.9482E-10 1.0441E-09 1.0969E-09 1.1520E-09 1.2093E-09 1.2690E-09 1.3290E-09 1.3922E-09 1.4635E-09 1.5322E-09 1.6040E-09 1.6764E-09 1.7512E-09 1.8282E-09 1.9075E-09 1.9891E-09 2.0730E-09 2.1590E-09 2.2477E-09 2.3432E-09 2.4373E-09 2.5382E-09 2.6367E-09 2.7374E-09 2.8402E-09 2.9450E-09 3.0517E-09 3.1602E-09 3.2705E-09 3.3823E-09 3.4957E-09
2.2135E-10 2.3346E-10 2.4882E-10 2.7350E-10 2.9726E-10 3.1421E-10 3.3206E-10 3.5088E-10 3.7068E-10 3.9152E-10 4.1344E-10 4.3649E-10 4.6069E-10 4.8612E-10 5.1279E-10 5.4076E-10 5.7006E-10 6.0074E-10 6.3285E-10 6.6675E-10 7.0337E-10 7.4172E-10 7.8069E-10 8.2150E-10 8.6534E-10 9.0988E-10 9.5646E-10 1.0050E-09 1.0557E-09 1.1085E-09 1.1617E-09 1.2189E-09 1.2783E-09 1.3379E-09 1.4049E-09 1.4721E-09 1.5418E-09 1.6112E-09 1.6828E-09 1.7566E-09 1.8326E-09 1.9108E-09 1.9911E-09 2.0735E-09 2.1580E-09 2.2488E-09 2.3393E-09 2.4355E-09 2.5309E-09 2.6273E-09 2.7257E-09 2.8260E-09 2.9282E-09 3.0321E-09 3.1376E-09 3.2446E-09 3.3531E-09
2.1273E-10 2.2633E-10 2.4111E-10 2.5893E-10 2.8412E-10 3.0299E-10 3.2017E-10 3.3825E-10 3.5730E-10 3.7805E-10 3.9839E-10 4.2128E-10 4.4454E-10 4.6897E-10 4.9459E-10 5.2146E-10 5.4960E-10 5.7827E-10 6.0908E-10 6.4241E-10 6.7642E-10 7.1209E-10 7.5057E-10 7.9082E-10 8.3165E-10 8.7433E-10 9.2019E-10 9.6671E-10 1.0153E-09 1.0659E-09 1.1169E-09 1.1716E-09 1.2285E-09 1.2856E-09 1.3491E-09 1.4139E-09 1.4802E-09 1.5473E-09 1.6158E-09 1.6865E-09 1.7592E-09 1.8340E-09 1.9109E-09 1.9898E-09 2.0706E-09 2.1552E-09 2.2440E-09 2.3335E-09 2.4272E-09 2.5194E-09 2.6135E-09 2.7094E-09 2.8070E-09 2.9064E-09 3.0072E-09 3.1096E-09 3.2133E-09
2.0238E-10 2.1864E-10 2.3050E-10 2.4551E-10 2.6571E-10 2.8936E-10 3.0923E-10 3.2661E-10 3.4491E-10 3.6415E-10 3.8440E-10 4.0566E-10 4.2800E-10 4.5143E-10 4.7603E-10 5.0180E-10 5.2881E-10 5.5707E-10 5.8663E-10 6.1752E-10 6.5013E-10 6.8537E-10 7.2224E-10 7.5962E-10 7.9873E-10 8.4080E-10 8.8340E-10 9.2793E-10 9.7429E-10 1.0227E-09 1.0730E-09 1.1236E-09 1.1798E-09 1.2345E-09 1.2918E-09 1.3548E-09 1.4195E-09 1.4848E-09 1.5503E-09 1.6179E-09 1.6874E-09 1.7590E-09 1.8324E-09 1.9078E-09 1.9851E-09 2.0642E-09 2.1507E-09 2.2343E-09 2.3256E-09 2.4137E-09 2.5036E-09 2.5952E-09 2.6885E-09 2.7833E-09 2.8796E-09 2.9773E-09 3.0763E-09
