Assets/Resources/2015_m01_d14_1600(utc+0800)_l00_csi_1hr_conc.grd
DSAA
         159         159
     -79.000      79.000
     -79.000      79.000
  0.0000E+00  0.7731E-05
[rows 50 to 74 of 159, columns 0 to 56 of 159]
1.2658E-09 1.2965E-09 1.3306E-09 1.3581E-09 1.3837E-09 1.4147E-09 1.4459E-09 1.4784E-09 1.5215E-09 1.5606E-09 1.5907E-09 1.6442E-09 1.6777E-09 1.7262E-09 1.7934E-09 1.8750E-09 1.9650E-09 2.0749E-09 2.1854E-09 2.3161E-09 2.4563E-09 2.6212E-09 2.7972E-09 2.9963E-09 3.2229E-09 3.4896E-09 3.7804E-09 4.1121E-09 4.4913E-09 4.9088E-09 5.3929E-09 5.9283E-09 6.5102E-09 7.1512E-09 7.8810E-09 8.6859E-09 9.5663E-09 1.0503E-08 1.1506E-08 1.2585E-08 1.3705E-08 1.4858E-08 1.6037E-08 1.7212E-08 1.8368E-08 1.9478E-08 2.0487E-08 2.1384E-08 2.2118E-08 2.2645E-08 2.2948E-08 2.2982E-08 2.2720E-08 2.2154E-08 2.1275E-08 2.0093E-08 1.8634E-08
1.1038E-09 1.1225E-09 1.1969E-09 1.2255E-09 1.2459E-09 1.2655E-09 1.2871E-09 1.3112E-09 1.3252E-09 1.3570E-09 1.3795E-09 1.4234E-09 1.4312E-09 1.4945E-09 1.5554E-09 1.6253E-09 1.7009E-09 1.7903E-09 1.8807E-09 1.9911E-09 2.1087E-09 2.2491E-09 2.3999E-09 2.5757E-09 2.7778E-09 3.0154E-09 3.2813E-09 3.5797E-09 3.9178E-09 4.3247E-09 4.7784E-09 5.2701E-09 5.8167E-09 6.4563E-09 7.1739E-09 7.9586E-09 8.8290E-09 9.7613E-09 1.0770E-08 1.1860E-08 1.2998E-08 1.4190E-08 1.5417E-08 1.6663E-08 1.7911E-08 1.9118E-08 2.0261E-08 2.1306E-08 2.2200E-08 2.2916E-08 2.3406E-08 2.3623E-08 2.3546E-08 2.3140E-08 2.2390E-08 2.1302E-08 1.9893E-08
9.9935E-10 1.0196E-09 1.0335E-09 1.0519E-09 1.1165E-09 1.1314E-09 1.1277E-09 1.1428E-09 1.1516E-09 1.1752E-09 1.1734E-09 1.2112E-09 1.2457E-09 1.2946E-09 1.3409E-09 1.3947E-09 1.4569E-09 1.5324E-09 1.6067E-09 1.6987E-09 1.7948E-09 1.9133E-09 2.0452E-09 2.1969E-09 2.3730E-09 2.5883E-09 2.8195E-09 3.0787E-09 3.4150E-09 3.7717E-09 4.1724E-09 4.6357E-09 5.1716E-09 5.7878E-09 6.4709E-09 7.2261E-09 8.0742E-09 8.9888E-09 9.9797E-09 1.1059E-08 1.2199E-08 1.3407E-08 1.4666E-08 1.5963E-08 1.7275E-08 1.8579E-08 1.9846E-08 2.1029E-08 2.2099E-08 2.3006E-08 2.3693E-08 2.4122E-08 2.4244E-08 2.4019E-08 2.3425E-08 2.2453E-08 2.1116E-08
8.6252E-10 9.0562E-10 9.3091E-10 9.3907E-10 9.4794E-10 9.6341E-10 9.9772E-10 9.9202E-10 9.7648E-10 9.9465E-10 1.0218E-09 1.0506E-09 1.0745E-09 1.1135E-09 1.1499E-09 1.1887E-09 1.2338E-09 1.2961E-09 1.3616E-09 1.4354E-09 1.5160E-09 1.6167E-09 1.7270E-09 1.8573E-09 2.0117E-09 2.1828E-09 2.3905E-09 2.6384E-09 2.9255E-09 3.2357E-09 3.6100E-09 4.0548E-09 4.5609E-09 5.1335E-09 5.7797E-09 6.5015E-09 7.3057E-09 8.1879E-09 9.1421E-09 1.0192E-08 1.1320E-08 1.2518E-08 1.3785E-08 1.5113E-08 1.6483E-08 1.7871E-08 1.9246E-08 2.0583E-08 2.1829E-08 2.2931E-08 2.3842E-08 2.4497E-08 2.4841E-08 2.4824E-08 2.4408E-08 2.3576E-08 2.2334E-08
7.8495E-10 7.8962E-10 7.9360E-10 8.1088E-10 8.3544E-10 8.3073E-10 8.4056E-10 8.4138E-10 8.5479E-10 8.6430E-10 8.7913E-10 8.9730E-10 9.1342E-10 9.4259E-10 9.6649E-10 9.9787E-10 1.0333E-09 1.0801E-09 1.1286E-09 1.1965E-09 1.2669E-09 1.3493E-09 1.4368E-09 1.5549E-09 1.6525E-09 1.8239E-09 2.0149E-09 2.2217E-09 2.4725E-09 2.7532E-09 3.1155E-09 3.5223E-09 3.9814E-09 4.5060E-09 5.1151E-09 5.7795E-09 6.5315E-09 7.3600E-09 8.2598E-09 9.2674E-09 1.0355E-08 1.1527E-08 1.2792E-08 1.4132E-08 1.5539E-08 1.7000E-08 1.8486E-08 1.9959E-08 2.1378E-08 2.2682E-08 2.3814E-08 2.4705E-08 2.5287E-08 2.5496E-08 2.5280E-08 2.4607E-08 2.3471E-08
6.7627E-10 7.0974E-10 7.1132E-10 7.0695E-10 7.1862E-10 7.1763E-10 7.2197E-10 7.2329E-10 7.4107E-10 7.4804E-10 7.5557E-10 7.6114E-10 7.7097E-10 7.9062E-10 8.0461E-10 8.2875E-10 8.5539E-10 8.9231E-10 9.2860E-10 9.7457E-10 1.0279E-09 1.1049E-09 1.1772E-09 1.2527E-09 1.3716E-09 1.5088E-09 1.6575E-09 1.8287E-09 2.0588E-09 2.3272E-09 2.6526E-09 3.0101E-09 3.4284E-09 3.9108E-09 4.4554E-09 5.0642E-09 5.7503E-09 6.5084E-09 7.3574E-09 8.2948E-09 9.3337E-09 1.0477E-08 1.1714E-08 1.3051E-08 1.4491E-08 1.6007E-08 1.7579E-08 1.9182E-08 2.0762E-08 2.2267E-08 2.3629E-08 2.4766E-08 2.5599E-08 2.6051E-08 2.6051E-08 2.5558E-08 2.4546E-08
6.1640E-10 6.1543E-10 6.2793E-10 6.2939E-10 6.2837E-10 6.2677E-10 6.3436E-10 6.3372E-10 6.3233E-10 6.3633E-10 6.4493E-10 6.4384E-10 6.4468E-10 6.5497E-10 6.6363E-10 6.7724E-10 6.9821E-10 7.2433E-10 7.5588E-10 7.9704E-10 8.3947E-10 8.7999E-10 9.4340E-10 1.0276E-09 1.1127E-09 1.2167E-09 1.3403E-09 1.5008E-09 1.7111E-09 1.9501E-09 2.2286E-09 2.5481E-09 2.9219E-09 3.3395E-09 3.8243E-09 4.3680E-09 4.9824E-09 5.6729E-09 6.4527E-09 7.3139E-09 8.2959E-09 9.3837E-09 1.0581E-08 1.1909E-08 1.3348E-08 1.4899E-08 1.6552E-08 1.8267E-08 2.0004E-08 2.1706E-08 2.3299E-08 2.4694E-08 2.5794E-08 2.6505E-08 2.6749E-08 2.6446E-08 2.5576E-08
5.6368E-10 5.6121E-10 5.5760E-10 5.5830E-10 5.6161E-10 5.5755E-10 5.5225E-10 5.5284E-10 5.5092E-10 5.4528E-10 5.4078E-10 5.4386E-10 5.4419E-10 5.4649E-10 5.4824E-10 5.5796E-10 5.6871E-10 5.8808E-10 6.0952E-10 6.3966E-10 6.5290E-10 7.0538E-10 7.5508E-10 8.1072E-10 8.7220E-10 9.5909E-10 1.0807E-09 1.2230E-09 1.4049E-09 1.6024E-09 1.8543E-09 2.1375E-09 2.4527E-09 2.8142E-09 3.2342E-09 3.7024E-09 4.2516E-09 4.8643E-09 5.5589E-09 6.3512E-09 7.2496E-09 8.2700E-09 9.4278E-09 1.0712E-08 1.2139E-08 1.3715E-08 1.5420E-08 1.7237E-08 1.9121E-08 2.1013E-08 2.2835E-08 2.4488E-08 2.5864E-08 2.6853E-08 2.7350E-08 2.7261E-08 2.6560E-08
5.1361E-10 5.0984E-10 5.0499E-10 4.9899E-10 4.9247E-10 4.9146E-10 4.8876E-10 4.8086E-10 4.7233E-10 4.6872E-10 4.6340E-10 4.5519E-10 4.4907E-10 4.4905E-10 4.4733E-10 4.5024E-10 4.5245E-10 4.6540E-10 4.6260E-10 4.8029E-10 5.1002E-10 5.3823E-10 5.7288E-10 6.1524E-10 6.6840E-10 7.6377E-10 8.6397E-10 9.8957E-10 1.1392E-09 1.3165E-09 1.5318E-09 1.7641E-09 2.0327E-09 2.3380E-09 2.6873E-09 3.0896E-09 3.5657E-09 4.0944E-09 4.7097E-09 5.4217E-09 6.2301E-09 7.1811E-09 8.2673E-09 9.5011E-09 1.0901E-08 1.2474E-08 1.4222E-08 1.6121E-08 1.8135E-08 2.0207E-08 2.2254E-08 2.4171E-08 2.5831E-08 2.7105E-08 2.7859E-08 2.7997E-08 2.7461E-08
4.6624E-10 4.6139E-10 4.5551E-10 4.4856E-10 4.4049E-10 4.3127E-10 4.2440E-10 4.1758E-10 4.0995E-10 3.9898E-10 3.8909E-10 3.7972E-10 3.7082E-10 3.6362E-10 3.5623E-10 3.5635E-10 3.5594E-10 3.3446E-10 3.4283E-10 3.6557E-10 3.7620E-10 3.8663E-10 4.0328E-10 4.4308E-10 5.0398E-10 5.8618E-10 6.7911E-10 7.8229E-10 9.1515E-10 1.0659E-09 1.2389E-09 1.4313E-09 1.6555E-09 1.9051E-09 2.1943E-09 2.5290E-09 2.9233E-09 3.3834E-09 3.9142E-09 4.5322E-09 5.2670E-09 6.1178E-09 7.1278E-09 8.3030E-09 9.6553E-09 1.1210E-08 1.2973E-08 1.4934E-08 1.7061E-08 1.9302E-08 2.1573E-08 2.3748E-08 2.5694E-08 2.7267E-08 2.8309E-08 2.8713E-08 2.8356E-08
4.2162E-10 4.1588E-10 4.0918E-10 4.0148E-10 3.9277E-10 3.8301E-10 3.7221E-10 3.6036E-10 3.5194E-10 3.4183E-10 3.3009E-10 3.1712E-10 3.0686E-10 2.9685E-10 2.8608E-10 2.6753E-10 2.4700E-10 2.5005E-10 2.5083E-10 2.3863E-10 2.3291E-10 2.4667E-10 2.8022E-10 3.1242E-10 3.6667E-10 4.2553E-10 5.0688E-10 6.0174E-10 7.2282E-10 8.3940E-10 9.8253E-10 1.1410E-09 1.3172E-09 1.5235E-09 1.7585E-09 2.0225E-09 2.3524E-09 2.7408E-09 3.1878E-09 3.7229E-09 4.3621E-09 5.1210E-09 6.0421E-09 7.1417E-09 8.4306E-09 9.9464E-09 1.1706E-08 1.3707E-08 1.5932E-08 1.8324E-08 2.0794E-08 2.3224E-08 2.5468E-08 2.7353E-08 2.8720E-08 2.9374E-08 2.9235E-08
3.7977E-10 3.7333E-10 3.6600E-10 3.5776E-10 3.4861E-10 3.3852E-10 3.2752E-10 3.1562E-10 3.0284E-10 2.8922E-10 2.7757E-10 2.6537E-10 2.5263E-10 2.3937E-10 2.0670E-10 1.9832E-10 1.9251E-10 1.7447E-10 1.4637E-10 1.3636E-10 1.3796E-10 1.5215E-10 1.7388E-10 2.0868E-10 2.4761E-10 2.9985E-10 3.6941E-10 4.4510E-10 5.3336E-10 6.3638E-10 7.6086E-10 8.8573E-10 1.0266E-09 1.1917E-09 1.3763E-09 1.5842E-09 1.8520E-09 2.1661E-09 2.5412E-09 2.9857E-09 3.5335E-09 4.2050E-09 5.0204E-09 6.0274E-09 7.2488E-09 8.7082E-09 1.0440E-08 1.2458E-08 1.4746E-08 1.7258E-08 1.9916E-08 2.2598E-08 2.5146E-08 2.7363E-08 2.9051E-08 3.0020E-08 3.0171E-08
3.4069E-10 3.3372E-10 3.2594E-10 3.1735E-10 3.0794E-10 2.9773E-10 2.8672E-10 2.7495E-10 2.6245E-10 2.4928E-10 2.3550E-10 2.2119E-10 1.9393E-10 1.7614E-10 1.6375E-10 1.5364E-10 1.2449E-10 1.0906E-10 7.8820E-11 7.3455E-11 6.8092E-11 8.8555E-11 9.5514E-11 1.2011E-10 1.6065E-10 1.9766E-10 2.5468E-10 3.1243E-10 3.8213E-10 4.5754E-10 5.4957E-10 6.5276E-10 7.7969E-10 9.0812E-10 1.0543E-09 1.2171E-09 1.4194E-09 1.6717E-09 1.9783E-09 2.3403E-09 2.8028E-09 3.3774E-09 4.0878E-09 4.9951E-09 6.1361E-09 7.5163E-09 9.1971E-09 1.1197E-08 1.3517E-08 1.6124E-08 1.8954E-08 2.1876E-08 2.4723E-08 2.7278E-08 2.9322E-08 3.0648E-08 3.1085E-08
3.0436E-10 2.9702E-10 2.8896E-10 2.8018E-10 2.7069E-10 2.6051E-10 2.4967E-10 2.3819E-10 2.2613E-10 2.1355E-10 2.0053E-10 1.6637E-10 1.5499E-10 1.4338E-10 1.2382E-10 8.9841E-11 7.0002E-11 4.5577E-11 4.2331E-11 3.8599E-11 3.6079E-11 3.7242E-11 4.7455E-11 5.9312E-11 8.9705E-11 1.2314E-10 1.6244E-10 1.9841E-10 2.4794E-10 3.0723E-10 3.8208E-10 4.6202E-10 5.5098E-10 6.5437E-10 7.7476E-10 9.0722E-10 1.0603E-09 1.2556E-09 1.4987E-09 1.7893E-09 2.1679E-09 2.6460E-09 3.2611E-09 4.0625E-09 5.0910E-09 6.3877E-09 7.9829E-09 9.9331E-09 1.2249E-08 1.4921E-08 1.7883E-08 2.1022E-08 2.4153E-08 2.7054E-08 2.9495E-08 3.1218E-08 3.2000E-08
2.7074E-10 2.6318E-10 2.5499E-10 2.4618E-10 2.3676E-10 2.2676E-10 2.1621E-10 2.0517E-10 1.9368E-10 1.6114E-10 1.5103E-10 1.4067E-10 1.3013E-10 9.8028E-11 7.6862E-11 4.4780E-11 3.3803E-11 2.2081E-11 1.7944E-11 8.5656E-12 9.2508E-12 1.9568E-11 2.7364E-11 3.8046E-11 4.7448E-11 5.8535E-11 8.4416E-11 1.1635E-10 1.5767E-10 1.9748E-10 2.4351E-10 3.0532E-10 3.7317E-10 4.5072E-10 5.4616E-10 6.4231E-10 7.5245E-10 8.9125E-10 1.1016E-09 1.3327E-09 1.6286E-09 2.0293E-09 2.5493E-09 3.2343E-09 4.1465E-09 5.3393E-09 6.8324E-09 8.7005E-09 1.0979E-08 1.3668E-08 1.6718E-08 2.0022E-08 2.3398E-08 2.6648E-08 2.9483E-08 3.1624E-08 3.2846E-08
2.3977E-10 2.3213E-10 2.2394E-10 2.1522E-10 2.0600E-10 1.9631E-10 1.8619E-10 1.6901E-10 1.4634E-10 1.3711E-10 1.2768E-10 1.1052E-10 7.8012E-11 5.8824E-11 3.5985E-11 2.4414E-11 1.5448E-11 7.2257E-12 0.0000E+00 0.0000E+00 2.2216E-12 5.6355E-12 7.2076E-12 1.1058E-11 2.3724E-11 3.6537E-11 4.8521E-11 5.9666E-11 8.5730E-11 1.1051E-10 1.4410E-10 1.8562E-10 2.3857E-10 2.9381E-10 3.5558E-10 4.2344E-10 5.2201E-10 6.2143E-10 7.6134E-10 9.5096E-10 1.1913E-09 1.5129E-09 1.9487E-09 2.5294E-09 3.3220E-09 4.3945E-09 5.7816E-09 7.5434E-09 9.7405E-09 1.2393E-08 1.5471E-08 1.8872E-08 2.2460E-08 2.6010E-08 2.9216E-08 3.1823E-08 3.3567E-08
2.1138E-10 2.0378E-10 1.9571E-10 1.8720E-10 1.7829E-10 1.6901E-10 1.4111E-10 1.3292E-10 1.2450E-10 1.1591E-10 8.4558E-11 6.6831E-11 4.0064E-11 2.8384E-11 1.9939E-11 1.3990E-11 0.0000E+00 0.0000E+00 0.0000E+00 0.0000E+00 0.0000E+00 3.8899E-13 5.2068E-12 6.0806E-12 7.0377E-12 9.9525E-12 1.9515E-11 2.7404E-11 3.8540E-11 5.3682E-11 7.9005E-11 1.0466E-10 1.3497E-10 1.6758E-10 2.1239E-10 2.7033E-10 3.2405E-10 3.9418E-10 5.0199E-10 6.4367E-10 8.3651E-10 1.0935E-09 1.4461E-09 1.9376E-09 2.6071E-09 3.5558E-09 4.8223E-09 6.4467E-09 8.5219E-09 1.1083E-08 1.4117E-08 1.7550E-08 2.1276E-08 2.5045E-08 2.8617E-08 3.1702E-08 3.3985E-08
1.8549E-10 1.7802E-10 1.7017E-10 1.6197E-10 1.3553E-10 1.2826E-10 1.2075E-10 1.1306E-10 9.8225E-11 6.9285E-11 4.5952E-11 2.9933E-11 2.1891E-11 1.3916E-11 6.5264E-12 0.0000E+00 0.0000E+00 0.0000E+00 0.0000E+00 0.0000E+00 0.0000E+00 0.0000E+00 0.0000E+00 3.5385E-12 5.4678E-12 6.2715E-12 7.1291E-12 1.2431E-11 1.6617E-11 2.3911E-11 3.3607E-11 4.8230E-11 7.1034E-11 8.9071E-11 1.1526E-10 1.5121E-10 1.8544E-10 2.3056E-10 2.9637E-10 4.0043E-10 5.4954E-10 7.5164E-10 1.0358E-09 1.4572E-09 2.0228E-09 2.8306E-09 3.9584E-09 5.4329E-09 7.3448E-09 9.7594E-09 1.2664E-08 1.6053E-08 1.9813E-08 2.3722E-08 2.7583E-08 3.1074E-08 3.3930E-08
1.5530E-10 1.5475E-10 1.2974E-10 1.2329E-10 1.1660E-10 1.0973E-10 9.8074E-11 6.7566E-11 5.7578E-11 3.5589E-11 2.3420E-11 1.5812E-11 1.2602E-11 0.0000E+00 0.0000E+00 0.0000E+00 0.0000E+00 0.0000E+00 0.0000E+00 0.0000E+00 0.0000E+00 0.0000E+00 0.0000E+00 0.0000E+00 0.0000E+00 4.8283E-12 5.4882E-12 6.1824E-12 6.9018E-12 1.0252E-11 1.3976E-11 1.7559E-11 2.6400E-11 3.9248E-11 5.6679E-11 7.5332E-11 9.4123E-11 1.2827E-10 1.7189E-10 2.2668E-10 3.2764E-10 4.9531E-10 7.0971E-10 1.0377E-09 1.5181E-09 2.2085E-09 3.1938E-09 4.5056E-09 6.2208E-09 8.4288E-09 1.1138E-08 1.4377E-08 1.8033E-08 2.1971E-08 2.5988E-08 2.9803E-08 3.3164E-08
1.3514E-10 1.1813E-10 1.1218E-10 1.0604E-10 9.9744E-11 7.7412E-11 5.9537E-11 3.4710E-11 2.6534E-11 1.9489E-11 1.2438E-11 1.9991E-12 0.0000E+00 0.0000E+00 0.0000E+00 0.0000E+00 0.0000E+00 0.0000E+00 0.0000E+00 0.0000E+00 0.0000E+00 0.0000E+00 0.0000E+00 0.0000E+00 0.0000E+00 0.0000E+00 0.0000E+00 4.7162E-12 5.2647E-12 5.8243E-12 6.3853E-12 6.9373E-12 1.1974E-11 1.3522E-11 1.5328E-11 2.4912E-11 3.5393E-11 5.3112E-11 8.3900E-11 1.1409E-10 1.8315E-10 3.0713E-10 4.7443E-10 7.1974E-10 1.1249E-09 1.6931E-09 2.4994E-09 3.6228E-09 5.1405E-09 7.0998E-09 9.5389E-09 1.2516E-08 1.5959E-08 1.9765E-08 2.3778E-08 2.7771E-08 3.1505E-08
1.0760E-10 1.0212E-10 9.6473E-11 8.4324E-11 5.9416E-11 4.5216E-11 2.5828E-11 1.9048E-11 1.2196E-11 9.4745E-12 0.0000E+00 0.0000E+00 0.0000E+00 0.0000E+00 0.0000E+00 0.0000E+00 0.0000E+00 0.0000E+00 0.0000E+00 0.0000E+00 0.0000E+00 0.0000E+00 0.0000E+00 0.0000E+00 0.0000E+00 0.0000E+00 0.0000E+00 0.0000E+00 0.0000E+00 2.3361E-12 4.8262E-12 5.2432E-12 5.6448E-12 6.0222E-12 6.4032E-12 9.2389E-12 1.0352E-11 1.2505E-11 3.1572E-11 4.8975E-11 9.1710E-11 1.7453E-10 3.1315E-10 5.1196E-10 8.1535E-10 1.2768E-09 1.9393E-09 2.8645E-09 4.1414E-09 5.8181E-09 7.9302E-09 1.0591E-08 1.3681E-08 1.7214E-08 2.1022E-08 2.4983E-08 2.8886E-08
9.2986E-11 8.7798E-11 5.7431E-11 4.9366E-11 3.0552E-11 1.8521E-11 1.1893E-11 1.1056E-11 0.0000E+00 0.0000E+00 0.0000E+00 0.0000E+00 0.0000E+00 0.0000E+00 0.0000E+00 0.0000E+00 0.0000E+00 0.0000E+00 0.0000E+00 0.0000E+00 0.0000E+00 0.0000E+00 0.0000E+00 0.0000E+00 0.0000E+00 0.0000E+00 0.0000E+00 0.0000E+00 0.0000E+00 0.0000E+00 0.0000E+00 0.0000E+00 1.9371E-12 2.9375E-12 4.4884E-12 4.9948E-12 5.1851E-12 5.3339E-12 1.6521E-11 2.3566E-11 4.6562E-11 1.0239E-10 2.0309E-10 3.5159E-10 5.8632E-10 9.5582E-10 1.4859E-09 2.2202E-09 3.2685E-09 4.6430E-09 6.4362E-09 8.6371E-09 1.1287E-08 1.4395E-08 1.7838E-08 2.1561E-08 2.5371E-08
6.2332E-11 4.7724E-11 2.9547E-11 2.2721E-11 1.6802E-11 1.0790E-11 0.0000E+00 0.0000E+00 0.0000E+00 0.0000E+00 0.0000E+00 0.0000E+00 0.0000E+00 0.0000E+00 0.0000E+00 0.0000E+00 0.0000E+00 0.0000E+00 0.0000E+00 0.0000E+00 0.0000E+00 0.0000E+00 0.0000E+00 0.0000E+00 0.0000E+00 0.0000E+00 0.0000E+00 0.0000E+00 0.0000E+00 0.0000E+00 0.0000E+00 0.0000E+00 0.0000E+00 0.0000E+00 0.0000E+00 0.0000E+00 3.8544E-13 1.1608E-12 1.1524E-11 1.7930E-11 3.6802E-11 7.0902E-11 1.4459E-10 2.5838E-10 4.3316E-10 7.2966E-10 1.1290E-09 1.7198E-09 2.5190E-09 3.6117E-09 5.0298E-09 6.8027E-09 9.0025E-09 1.1551E-08 1.4481E-08 1.7747E-08 2.1229E-08
2.2694E-11 1.8489E-11 1.6281E-11 1.0482E-11 5.0300E-12 0.0000E+00 0.0000E+00 0.0000E+00 0.0000E+00 0.0000E+00 0.0000E+00 0.0000E+00 0.0000E+00 0.0000E+00 0.0000E+00 0.0000E+00 0.0000E+00 0.0000E+00 0.0000E+00 0.0000E+00 0.0000E+00 0.0000E+00 0.0000E+00 0.0000E+00 0.0000E+00 0.0000E+00 0.0000E+00 0.0000E+00 0.0000E+00 0.0000E+00 0.0000E+00 0.0000E+00 0.0000E+00 0.0000E+00 0.0000E+00 0.0000E+00 0.0000E+00 0.0000E+00 8.5252E-12 1.3817E-11 3.0168E-11 5.6403E-11 1.0915E-10 1.9975E-10 3.3130E-10 5.5680E-10 8.6366E-10 1.3035E-09 1.9130E-09 2.7765E-09 3.8320E-09 5.2048E-09 6.9063E-09 8.8989E-09 1.1267E-08 1.3910E-08 1.6877E-08
1.0499E-11 6.7711E-12 6.3484E-12 0.0000E+00 0.0000E+00 0.0000E+00 0.0000E+00 0.0000E+00 0.0000E+00 0.0000E+00 0.0000E+00 0.0000E+00 0.0000E+00 0.0000E+00 0.0000E+00 0.0000E+00 0.0000E+00 0.0000E+00 0.0000E+00 0.0000E+00 0.0000E+00 0.0000E+00 0.0000E+00 0.0000E+00 0.0000E+00 0.0000E+00 0.0000E+00 0.0000E+00 0.0000E+00 0.0000E+00 0.0000E+00 0.0000E+00 0.0000E+00 0.0000E+00 0.0000E+00 0.0000E+00 0.0000E+00 0.0000E+00 7.1565E-12 1.1596E-11 2.5119E-11 4.6457E-11 8.0782E-11 1.5282E-10 2.5754E-10 4.1627E-10 6.6359E-10 9.7948E-10 1.4213E-09 2.0565E-09 2.8317E-09 3.8704E-09 5.0923E-09 6.6044E-09 8.3421E-09 1.0362E-08 1.2669E-08
