Assets/Resources/2015_m01_d09_0600(utc+0800)_l00_csi_1hr_conc.grd
DSAA
         159         159
     -79.000      79.000
     -79.000      79.000
  0.5300E-09  0.1032E-04
[rows 50 to 74 of 159, columns 57 to 113 of 159]
3.8761E-09 3.9680E-09 4.0607E-09 4.1543E-09 4.2486E-09 4.3436E-09 4.4390E-09 4.5347E-09 4.6307E-09 4.7267E-09 4.8226E-09 4.9183E-09 5.0135E-09 5.1082E-09 5.2020E-09 5.2950E-09 5.3867E-09 5.4772E-09 5.5662E-09 5.6534E-09 5.7387E-09 5.8220E-09 5.9029E-09 5.9814E-09 6.0572E-09 6.1302E-09 6.2705E-09 6.3410E-09 6.4800E-09 6.5466E-09 6.6093E-09 6.6680E-09 6.8691E-09 6.9232E-09 6.9724E-09 7.0166E-09 7.0555E-09 7.0890E-09 7.1171E-09 7.1396E-09 7.1565E-09 7.1678E-09 7.1733E-09 7.1732E-09 7.1675E-09 7.1561E-09 7.1393E-09 7.1170E-09 7.0895E-09 7.0568E-09 7.0192E-09 6.9769E-09 6.7876E-09 6.7410E-09 6.6904E-09 6.6363E-09 6.5787E-09
3.9900E-09 4.0861E-09 4.1833E-09 4.2814E-09 4.3802E-09 4.4798E-09 4.5799E-09 4.6803E-09 4.7811E-09 4.8819E-09 4.9826E-09 5.0831E-09 5.1832E-09 5.2827E-09 5.3814E-09 5.4791E-09 5.5757E-09 5.6709E-09 5.7645E-09 5.8563E-09 5.9461E-09 6.0337E-09 6.1190E-09 6.2016E-09 6.3546E-09 6.5084E-09 6.5902E-09 6.6686E-09 6.8932E-09 6.9701E-09 7.0425E-09 7.1104E-09 7.1734E-09 7.3054E-09 7.3597E-09 7.4084E-09 7.4512E-09 7.4880E-09 7.5186E-09 7.5430E-09 7.5611E-09 7.5728E-09 7.5781E-09 7.5771E-09 7.5697E-09 7.5560E-09 7.5361E-09 7.5101E-09 7.4783E-09 7.3679E-09 7.3267E-09 7.2803E-09 7.2291E-09 7.1731E-09 7.1128E-09 7.0482E-09 6.8361E-09
4.1073E-09 4.2079E-09 4.3096E-09 4.4124E-09 4.5160E-09 4.6204E-09 4.7253E-09 4.8307E-09 4.9364E-09 5.0422E-09 5.1480E-09 5.2536E-09 5.3587E-09 5.4633E-09 5.5671E-09 5.6698E-09 5.7714E-09 5.8715E-09 5.9699E-09 6.0665E-09 6.1610E-09 6.3235E-09 6.4893E-09 6.5856E-09 6.8247E-09 6.9227E-09 7.0172E-09 7.1080E-09 7.2695E-09 7.3546E-09 7.4350E-09 7.5103E-09 7.5802E-09 7.6445E-09 7.7029E-09 7.7551E-09 7.8758E-09 7.9160E-09 7.9494E-09 7.9757E-09 7.9950E-09 8.0071E-09 8.0120E-09 8.0097E-09 7.9257E-09 7.9104E-09 7.8882E-09 7.8595E-09 7.8244E-09 7.7831E-09 7.7358E-09 7.6827E-09 7.6241E-09 7.5604E-09 7.4191E-09 7.3489E-09 7.2745E-09
4.2279E-09 4.3333E-09 4.4398E-09 4.5474E-09 4.6559E-09 4.7653E-09 4.8753E-09 4.9858E-09 5.0967E-09 5.2078E-09 5.3188E-09 5.4297E-09 5.5401E-09 5.6500E-09 5.7590E-09 5.8670E-09 5.9737E-09 6.0790E-09 6.1825E-09 6.3546E-09 6.5322E-09 6.6397E-09 6.8967E-09 7.0080E-09 7.1163E-09 7.2983E-09 7.4032E-09 7.5041E-09 7.6006E-09 7.7674E-09 7.8564E-09 7.9398E-09 8.0171E-09 8.2387E-09 8.3061E-09 8.3661E-09 8.4187E-09 8.4634E-09 8.5002E-09 8.5289E-09 8.5494E-09 8.5616E-09 8.5655E-09 8.5611E-09 8.5484E-09 8.5277E-09 8.4989E-09 8.3147E-09 8.2742E-09 8.2267E-09 8.1725E-09 8.1119E-09 7.9730E-09 7.9033E-09 7.8284E-09 7.7485E-09 7.6640E-09
4.3520E-09 4.4622E-09 4.5737E-09 4.6863E-09 4.8000E-09 4.9146E-09 5.0299E-09 5.1457E-09 5.2620E-09 5.3785E-09 5.4950E-09 5.6114E-09 5.7273E-09 5.8427E-09 5.9572E-09 6.0707E-09 6.1829E-09 6.3632E-09 6.5510E-09 6.8156E-09 6.9419E-09 7.0662E-09 7.2651E-09 7.3886E-09 7.5090E-09 7.7012E-09 7.8176E-09 7.9295E-09 8.1907E-09 8.2979E-09 8.3990E-09 8.4937E-09 8.5816E-09 8.6622E-09 8.7353E-09 8.8004E-09 8.8573E-09 8.9057E-09 8.9454E-09 8.9762E-09 8.9981E-09 9.0108E-09 9.0145E-09 9.0090E-09 8.9946E-09 8.9712E-09 8.9391E-09 8.8985E-09 8.8496E-09 8.7927E-09 8.7282E-09 8.6564E-09 8.4284E-09 8.3491E-09 8.2639E-09 8.1734E-09 8.0065E-09
4.4795E-09 4.5947E-09 4.7113E-09 4.8292E-09 4.9482E-09 5.0681E-09 5.1889E-09 5.3104E-09 5.4323E-09 5.5544E-09 5.6766E-09 5.7987E-09 5.9204E-09 6.0415E-09 6.1617E-09 6.2809E-09 6.5453E-09 6.8210E-09 6.9591E-09 7.1705E-09 7.3105E-09 7.4485E-09 7.6600E-09 7.7969E-09 8.0838E-09 8.2208E-09 8.3535E-09 8.4812E-09 8.6035E-09 8.7198E-09 8.8297E-09 8.9326E-09 9.0280E-09 9.1157E-09 9.1950E-09 9.2657E-09 9.3274E-09 9.3798E-09 9.4227E-09 9.4559E-09 9.4793E-09 9.4926E-09 9.4960E-09 9.4895E-09 9.4730E-09 9.4468E-09 9.4111E-09 9.3660E-09 9.3118E-09 9.2489E-09 9.1777E-09 9.0985E-09 9.0119E-09 8.9182E-09 8.8180E-09 8.7117E-09 8.4532E-09
4.6103E-09 4.7307E-09 4.8526E-09 4.9759E-09 5.1004E-09 5.2260E-09 5.3525E-09 5.4797E-09 5.6074E-09 5.7354E-09 5.8635E-09 5.9915E-09 6.1192E-09 6.2462E-09 6.4439E-09 6.7988E-09 6.9477E-09 7.1718E-09 7.3247E-09 7.4764E-09 7.7056E-09 8.0119E-09 8.1711E-09 8.3274E-09 8.4802E-09 8.6288E-09 8.7728E-09 8.9115E-09 9.0443E-09 9.1707E-09 9.2902E-09 9.4021E-09 9.5059E-09 9.6012E-09 9.6874E-09 9.7643E-09 9.8313E-09 9.8881E-09 9.9346E-09 9.9704E-09 9.9954E-09 1.0010E-08 1.0013E-08 1.0005E-08 9.9863E-09 9.9570E-09 9.9172E-09 9.8672E-09 9.8072E-09 9.7378E-09 9.6592E-09 9.5719E-09 9.4765E-09 9.3734E-09 9.2632E-09 9.1466E-09 9.0240E-09
4.7443E-09 4.8701E-09 4.9975E-09 5.1264E-09 5.2567E-09 5.3881E-09 5.5204E-09 5.6536E-09 5.7873E-09 5.9214E-09 6.0557E-09 6.1899E-09 6.3237E-09 6.6063E-09 6.9078E-09 7.1422E-09 7.3070E-09 7.5471E-09 7.7163E-09 8.0432E-09 8.2199E-09 8.3948E-09 8.5672E-09 8.7366E-09 8.9022E-09 9.0635E-09 9.2199E-09 9.3706E-09 9.5150E-09 9.6526E-09 9.7825E-09 9.9043E-09 1.0017E-08 1.0121E-08 1.0215E-08 1.0299E-08 1.0371E-08 1.0433E-08 1.0484E-08 1.0522E-08 1.0549E-08 1.0564E-08 1.0567E-08 1.0558E-08 1.0537E-08 1.0504E-08 1.0460E-08 1.0405E-08 1.0338E-08 1.0262E-08 1.0175E-08 1.0079E-08 9.9737E-09 9.8604E-09 9.7393E-09 9.6112E-09 9.4767E-09
4.8815E-09 5.0129E-09 5.1460E-09 5.2807E-09 5.4168E-09 5.5542E-09 5.6927E-09 5.8320E-09 5.9720E-09 6.1124E-09 6.2530E-09 6.5352E-09 6.8399E-09 7.0823E-09 7.2577E-09 7.5094E-09 7.8422E-09 8.0355E-09 8.2285E-09 8.4210E-09 8.6121E-09 8.8014E-09 8.9882E-09 9.1719E-09 9.3516E-09 9.5268E-09 9.6967E-09 9.8606E-09 1.0018E-08 1.0167E-08 1.0309E-08 1.0441E-08 1.0565E-08 1.0678E-08 1.0780E-08 1.0871E-08 1.0950E-08 1.1017E-08 1.1072E-08 1.1114E-08 1.1143E-08 1.1159E-08 1.1161E-08 1.1151E-08 1.1127E-08 1.1091E-08 1.1042E-08 1.0980E-08 1.0907E-08 1.0823E-08 1.0727E-08 1.0621E-08 1.0506E-08 1.0381E-08 1.0248E-08 1.0108E-08 9.9600E-09
5.0218E-09 5.1589E-09 5.2979E-09 5.4386E-09 5.5808E-09 5.7244E-09 5.8691E-09 6.0148E-09 6.1613E-09 6.3082E-09 6.6018E-09 6.9214E-09 7.1775E-09 7.4382E-09 7.7820E-09 7.9886E-09 8.1964E-09 8.4048E-09 8.6133E-09 8.8213E-09 9.0282E-09 9.2332E-09 9.4357E-09 9.6349E-09 9.8300E-09 1.0020E-08 1.0205E-08 1.0383E-08 1.0554E-08 1.0717E-08 1.0871E-08 1.1016E-08 1.1150E-08 1.1273E-08 1.1385E-08 1.1484E-08 1.1570E-08 1.1643E-08 1.1703E-08 1.1748E-08 1.1779E-08 1.1796E-08 1.1799E-08 1.1787E-08 1.1760E-08 1.1720E-08 1.1665E-08 1.1598E-08 1.1517E-08 1.1424E-08 1.1318E-08 1.1202E-08 1.1075E-08 1.0938E-08 1.0792E-08 1.0638E-08 1.0476E-08
5.1651E-09 5.3081E-09 5.4531E-09 5.5999E-09 5.7484E-09 5.8984E-09 6.0497E-09 6.2019E-09 6.3550E-09 6.8079E-09 7.0680E-09 7.2621E-09 7.5379E-09 7.9036E-09 8.1241E-09 8.3465E-09 8.5705E-09 8.7954E-09 9.0206E-09 9.2455E-09 9.4694E-09 9.6915E-09 9.9110E-09 1.0127E-08 1.0339E-08 1.0546E-08 1.0747E-08 1.0941E-08 1.1127E-08 1.1305E-08 1.1473E-08 1.1630E-08 1.1776E-08 1.1911E-08 1.2032E-08 1.2140E-08 1.2234E-08 1.2314E-08 1.2379E-08 1.2428E-08 1.2462E-08 1.2480E-08 1.2482E-08 1.2468E-08 1.2438E-08 1.2394E-08 1.2334E-08 1.2259E-08 1.2170E-08 1.2067E-08 1.1951E-08 1.1823E-08 1.1683E-08 1.1533E-08 1.1373E-08 1.1204E-08 1.1026E-08
5.3112E-09 5.4603E-09 5.6115E-09 5.7647E-09 5.9196E-09 6.0762E-09 6.2341E-09 6.3931E-09 6.8602E-09 7.1318E-09 7.4120E-09 7.7820E-09 8.0129E-09 8.2472E-09 8.4843E-09 8.7239E-09 8.9654E-09 9.2082E-09 9.4515E-09 9.6948E-09 9.9371E-09 1.0178E-08 1.0416E-08 1.0651E-08 1.0881E-08 1.1106E-08 1.1324E-08 1.1535E-08 1.1738E-08 1.1931E-08 1.2114E-08 1.2286E-08 1.2446E-08 1.2592E-08 1.2725E-08 1.2843E-08 1.2945E-08 1.3032E-08 1.3102E-08 1.3156E-08 1.3192E-08 1.3211E-08 1.3213E-08 1.3198E-08 1.3165E-08 1.3115E-08 1.3049E-08 1.2966E-08 1.2868E-08 1.2755E-08 1.2628E-08 1.2487E-08 1.2334E-08 1.2169E-08 1.1993E-08 1.1808E-08 1.1613E-08
5.4600E-09 5.6153E-09 5.7729E-09 5.9326E-09 6.0942E-09 6.2575E-09 6.4935E-09 6.9016E-09 7.1840E-09 7.6266E-09 7.8654E-09 8.1089E-09 8.3568E-09 8.6085E-09 8.8637E-09 9.1218E-09 9.3822E-09 9.6442E-09 9.9072E-09 1.0170E-08 1.0433E-08 1.0694E-08 1.0952E-08 1.1206E-08 1.1457E-08 1.1701E-08 1.1939E-08 1.2168E-08 1.2389E-08 1.2600E-08 1.2799E-08 1.2987E-08 1.3161E-08 1.3320E-08 1.3465E-08 1.3593E-08 1.3705E-08 1.3800E-08 1.3876E-08 1.3935E-08 1.3974E-08 1.3994E-08 1.3996E-08 1.3978E-08 1.3942E-08 1.3887E-08 1.3814E-08 1.3723E-08 1.3615E-08 1.3491E-08 1.3351E-08 1.3196E-08 1.3028E-08 1.2847E-08 1.2655E-08 1.2452E-08 1.2239E-08
5.6113E-09 5.7730E-09 5.9371E-09 6.1035E-09 6.2719E-09 6.5140E-09 7.0068E-09 7.2992E-09 7.6848E-09 7.9349E-09 8.1907E-09 8.4518E-09 8.7178E-09 8.9883E-09 9.2629E-09 9.5409E-09 9.8217E-09 1.0105E-08 1.0389E-08 1.0673E-08 1.0958E-08 1.1240E-08 1.1520E-08 1.1797E-08 1.2068E-08 1.2334E-08 1.2592E-08 1.2842E-08 1.3083E-08 1.3312E-08 1.3530E-08 1.3734E-08 1.3923E-08 1.4098E-08 1.4255E-08 1.4396E-08 1.4518E-08 1.4620E-08 1.4704E-08 1.4767E-08 1.4810E-08 1.4832E-08 1.4833E-08 1.4813E-08 1.4773E-08 1.4712E-08 1.4632E-08 1.4532E-08 1.4413E-08 1.4277E-08 1.4123E-08 1.3954E-08 1.3769E-08 1.3571E-08 1.3360E-08 1.3138E-08 1.2905E-08
5.7650E-09 5.9332E-09 6.1040E-09 6.2772E-09 6.6702E-09 7.0268E-09 7.3290E-09 7.7289E-09 7.9897E-09 8.2572E-09 8.5311E-09 8.8110E-09 9.0965E-09 9.3873E-09 9.6827E-09 9.9822E-09 1.0285E-08 1.0590E-08 1.0897E-08 1.1205E-08 1.1513E-08 1.1819E-08 1.2123E-08 1.2423E-08 1.2718E-08 1.3006E-08 1.3287E-08 1.3559E-08 1.3821E-08 1.4071E-08 1.4308E-08 1.4530E-08 1.4737E-08 1.4927E-08 1.5099E-08 1.5251E-08 1.5384E-08 1.5497E-08 1.5587E-08 1.5656E-08 1.5702E-08 1.5726E-08 1.5727E-08 1.5705E-08 1.5660E-08 1.5593E-08 1.5504E-08 1.5395E-08 1.5264E-08 1.5115E-08 1.4946E-08 1.4761E-08 1.4559E-08 1.4342E-08 1.4111E-08 1.3868E-08 1.3613E-08
5.9208E-09 6.0957E-09 6.2733E-09 6.6715E-09 7.0346E-09 7.3456E-09 7.7583E-09 8.0292E-09 8.3078E-09 8.5938E-09 8.8871E-09 9.1871E-09 9.4936E-09 9.8061E-09 1.0124E-08 1.0446E-08 1.0773E-08 1.1102E-08 1.1434E-08 1.1767E-08 1.2100E-08 1.2431E-08 1.2761E-08 1.3086E-08 1.3406E-08 1.3720E-08 1.4025E-08 1.4321E-08 1.4605E-08 1.4877E-08 1.5135E-08 1.5377E-08 1.5603E-08 1.5810E-08 1.5997E-08 1.6163E-08 1.6308E-08 1.6430E-08 1.6529E-08 1.6604E-08 1.6654E-08 1.6679E-08 1.6680E-08 1.6655E-08 1.6606E-08 1.6532E-08 1.6435E-08 1.6315E-08 1.6172E-08 1.6008E-08 1.5823E-08 1.5620E-08 1.5399E-08 1.5162E-08 1.4909E-08 1.4644E-08 1.4366E-08
6.0785E-09 6.2602E-09 6.6619E-09 7.0301E-09 7.5012E-09 7.7727E-09 8.0530E-09 8.3419E-09 8.6394E-09 8.9452E-09 9.2590E-09 9.5806E-09 9.9095E-09 1.0245E-08 1.0587E-08 1.0934E-08 1.1286E-08 1.1642E-08 1.2000E-08 1.2359E-08 1.2719E-08 1.3078E-08 1.3435E-08 1.3788E-08 1.4135E-08 1.4476E-08 1.4807E-08 1.5129E-08 1.5438E-08 1.5734E-08 1.6015E-08 1.6278E-08 1.6523E-08 1.6749E-08 1.6953E-08 1.7134E-08 1.7292E-08 1.7425E-08 1.7532E-08 1.7613E-08 1.7668E-08 1.7695E-08 1.7695E-08 1.7668E-08 1.7614E-08 1.7533E-08 1.7426E-08 1.7294E-08 1.7137E-08 1.6958E-08 1.6756E-08 1.6534E-08 1.6292E-08 1.6033E-08 1.5757E-08 1.5467E-08 1.5165E-08
6.2380E-09 6.5711E-09 7.0132E-09 7.4929E-09 7.7719E-09 8.0606E-09 8.3590E-09 8.6670E-09 8.9846E-09 9.3114E-09 9.6473E-09 9.9919E-09 1.0345E-08 1.0705E-08 1.1073E-08 1.1446E-08 1.1825E-08 1.2209E-08 1.2595E-08 1.2984E-08 1.3373E-08 1.3762E-08 1.4148E-08 1.4530E-08 1.4906E-08 1.5276E-08 1.5636E-08 1.5985E-08 1.6321E-08 1.6643E-08 1.6948E-08 1.7234E-08 1.7501E-08 1.7746E-08 1.7968E-08 1.8166E-08 1.8337E-08 1.8482E-08 1.8599E-08 1.8687E-08 1.8746E-08 1.8775E-08 1.8774E-08 1.8744E-08 1.8685E-08 1.8596E-08 1.8479E-08 1.8335E-08 1.8164E-08 1.7967E-08 1.7747E-08 1.7504E-08 1.7240E-08 1.6957E-08 1.6657E-08 1.6341E-08 1.6011E-08
6.3988E-09 6.9841E-09 7.4702E-09 7.7558E-09 8.0520E-09 8.3589E-09 8.6765E-09 9.0048E-09 9.3437E-09 9.6929E-09 1.0052E-08 1.0421E-08 1.0800E-08 1.1186E-08 1.1581E-08 1.1983E-08 1.2391E-08 1.2804E-08 1.3221E-08 1.3641E-08 1.4061E-08 1.4481E-08 1.4899E-08 1.5313E-08 1.5721E-08 1.6121E-08 1.6512E-08 1.6890E-08 1.7255E-08 1.7604E-08 1.7936E-08 1.8247E-08 1.8537E-08 1.8804E-08 1.9045E-08 1.9260E-08 1.9446E-08 1.9603E-08 1.9730E-08 1.9826E-08 1.9890E-08 1.9921E-08 1.9920E-08 1.9887E-08 1.9822E-08 1.9724E-08 1.9597E-08 1.9439E-08 1.9252E-08 1.9038E-08 1.8797E-08 1.8532E-08 1.8245E-08 1.7936E-08 1.7609E-08 1.7265E-08 1.6906E-08
6.9430E-09 7.4332E-09 7.7244E-09 8.0272E-09 8.3415E-09 8.6676E-09 9.0055E-09 9.3553E-09 9.7167E-09 1.0090E-08 1.0474E-08 1.0869E-08 1.1274E-08 1.1689E-08 1.2113E-08 1.2545E-08 1.2985E-08 1.3429E-08 1.3879E-08 1.4331E-08 1.4785E-08 1.5239E-08 1.5690E-08 1.6138E-08 1.6580E-08 1.7013E-08 1.7436E-08 1.7847E-08 1.8242E-08 1.8621E-08 1.8981E-08 1.9319E-08 1.9634E-08 1.9923E-08 2.0185E-08 2.0418E-08 2.0621E-08 2.0791E-08 2.0929E-08 2.1033E-08 2.1102E-08 2.1135E-08 2.1134E-08 2.1097E-08 2.1026E-08 2.0920E-08 2.0780E-08 2.0608E-08 2.0404E-08 2.0170E-08 1.9908E-08 1.9620E-08 1.9307E-08 1.8971E-08 1.8615E-08 1.8241E-08 1.7851E-08
7.3822E-09 7.6781E-09 7.9862E-09 8.3069E-09 8.6403E-09 8.9867E-09 9.3460E-09 9.7184E-09 1.0104E-08 1.0502E-08 1.0912E-08 1.1335E-08 1.1769E-08 1.2214E-08 1.2669E-08 1.3133E-08 1.3605E-08 1.4084E-08 1.4568E-08 1.5055E-08 1.5545E-08 1.6035E-08 1.6522E-08 1.7006E-08 1.7483E-08 1.7952E-08 1.8410E-08 1.8855E-08 1.9283E-08 1.9694E-08 2.0083E-08 2.0450E-08 2.0791E-08 2.1105E-08 2.1389E-08 2.1642E-08 2.1862E-08 2.2047E-08 2.2196E-08 2.2308E-08 2.2383E-08 2.2419E-08 2.2417E-08 2.2377E-08 2.2299E-08 2.2183E-08 2.2031E-08 2.1843E-08 2.1621E-08 2.1367E-08 2.1082E-08 2.0768E-08 2.0428E-08 2.0063E-08 1.9676E-08 1.9270E-08 1.8846E-08
7.6171E-09 7.9295E-09 8.2553E-09 8.5948E-09 8.9483E-09 9.3160E-09 9.6979E-09 1.0094E-08 1.0505E-08 1.0929E-08 1.1368E-08 1.1819E-08 1.2284E-08 1.2761E-08 1.3248E-08 1.3746E-08 1.4253E-08 1.4768E-08 1.5289E-08 1.5814E-08 1.6341E-08 1.6869E-08 1.7395E-08 1.7917E-08 1.8433E-08 1.8939E-08 1.9434E-08 1.9915E-08 2.0379E-08 2.0823E-08 2.1244E-08 2.1641E-08 2.2011E-08 2.2351E-08 2.2659E-08 2.2933E-08 2.3171E-08 2.3371E-08 2.3532E-08 2.3654E-08 2.3734E-08 2.3774E-08 2.3771E-08 2.3727E-08 2.3641E-08 2.3515E-08 2.3350E-08 2.3145E-08 2.2904E-08 2.2628E-08 2.2319E-08 2.1978E-08 2.1609E-08 2.1213E-08 2.0793E-08 2.0353E-08 1.9893E-08
7.8575E-09 8.1872E-09 8.5315E-09 8.8908E-09 9.2653E-09 9.6553E-09 1.0061E-08 1.0482E-08 1.0919E-08 1.1372E-08 1.1840E-08 1.2322E-08 1.2819E-08 1.3329E-08 1.3851E-08 1.4385E-08 1.4929E-08 1.5482E-08 1.6041E-08 1.6606E-08 1.7174E-08 1.7742E-08 1.8309E-08 1.8872E-08 1.9428E-08 1.9974E-08 2.0508E-08 2.1028E-08 2.1529E-08 2.2008E-08 2.2464E-08 2.2894E-08 2.3293E-08 2.3661E-08 2.3994E-08 2.4290E-08 2.4547E-08 2.4764E-08 2.4939E-08 2.5070E-08 2.5157E-08 2.5199E-08 2.5195E-08 2.5147E-08 2.5054E-08 2.4917E-08 2.4737E-08 2.4515E-08 2.4254E-08 2.3954E-08 2.3619E-08 2.3249E-08 2.2849E-08 2.2420E-08 2.1966E-08 2.1489E-08 2.0992E-08
8.1033E-09 8.4510E-09 8.8146E-09 9.1945E-09 9.5910E-09 1.0004E-08 1.0435E-08 1.0883E-08 1.1348E-08 1.1829E-08 1.2328E-08 1.2843E-08 1.3373E-08 1.3919E-08 1.4478E-08 1.5050E-08 1.5633E-08 1.6225E-08 1.6826E-08 1.7432E-08 1.8042E-08 1.8653E-08 1.9263E-08 1.9869E-08 2.0468E-08 2.1057E-08 2.1633E-08 2.2193E-08 2.2733E-08 2.3251E-08 2.3743E-08 2.4206E-08 2.4638E-08 2.5035E-08 2.5395E-08 2.5714E-08 2.5992E-08 2.6226E-08 2.6415E-08 2.6556E-08 2.6650E-08 2.6695E-08 2.6691E-08 2.6638E-08 2.6537E-08 2.6388E-08 2.6193E-08 2.5953E-08 2.5670E-08 2.5345E-08 2.4982E-08 2.4582E-08 2.4149E-08 2.3685E-08 2.3194E-08 2.2679E-08 2.2142E-08
8.3540E-09 8.7205E-09 9.1042E-09 9.5056E-09 9.9251E-09 1.0363E-08 1.0819E-08 1.1295E-08 1.1789E-08 1.2301E-08 1.2832E-08 1.3381E-08 1.3947E-08 1.4529E-08 1.5127E-08 1.5739E-08 1.6363E-08 1.6998E-08 1.7641E-08 1.8292E-08 1.8946E-08 1.9603E-08 2.0258E-08 2.0909E-08 2.1553E-08 2.2187E-08 2.2807E-08 2.3410E-08 2.3992E-08 2.4550E-08 2.5080E-08 2.5579E-08 2.6044E-08 2.6472E-08 2.6860E-08 2.7205E-08 2.7505E-08 2.7757E-08 2.7960E-08 2.8112E-08 2.8213E-08 2.8261E-08 2.8256E-08 2.8199E-08 2.8089E-08 2.7928E-08 2.7717E-08 2.7457E-08 2.7151E-08 2.6800E-08 2.6407E-08 2.5976E-08 2.5508E-08 2.5008E-08 2.4477E-08 2.3921E-08 2.3342E-08
