Assets/Resources/2015_m01_d31_2100(utc+0800)_l00_csi_1hr_conc.grd
DSAA
         159         159
     -79.000      79.000
     -79.000      79.000
  0.0000E+00  0.1503E-04
[rows 0 to 24 of 159, columns 57 to 113 of 159]
1.4676E-09 1.3759E-09 1.2868E-09 1.2007E-09 1.1176E-09 1.0362E-09 9.5983E-10 8.8699E-10 8.1771E-10 7.5203E-10 6.8997E-10 6.2991E-10 5.7514E-10 5.2387E-10 4.7603E-10 4.2995E-10 3.8882E-10 3.5078E-10 3.1414E-10 2.7756E-10 2.4395E-10 2.1002E-10 1.8066E-10 1.5235E-10 1.3533E-10 1.1994E-10 1.0607E-10 9.0868E-11 7.4021E-11 5.8452E-11 4.8234E-11 3.3349E-11 1.6224E-11 1.2547E-11 9.3062E-12 6.4653E-12 3.9894E-12 1.8444E-12 0.0000E+00 0.0000E+00 0.0000E+00 0.0000E+00 0.0000E+00 0.0000E+00 0.0000E+00 0.0000E+00 0.0000E+00 0.0000E+00 0.0000E+00 0.0000E+00 0.0000E+00 0.0000E+00 0.0000E+00 0.0000E+00 0.0000E+00 0.0000E+00 0.0000E+00
1.5427E-09 1.4450E-09 1.3516E-09 1.2613E-09 1.1742E-09 1.0905E-09 1.0103E-09 9.3369E-10 8.6085E-10 7.9021E-10 7.2502E-10 6.6360E-10 6.0591E-10 5.5027E-10 5.0000E-10 4.5323E-10 4.0984E-10 3.6818E-10 3.3119E-10 2.9716E-10 2.6003E-10 2.2595E-10 1.9254E-10 1.6249E-10 1.4019E-10 1.2423E-10 1.0985E-10 9.6917E-11 8.0031E-11 6.3610E-11 4.9375E-11 3.7146E-11 1.6354E-11 1.2629E-11 9.3531E-12 6.4880E-12 3.9971E-12 1.8451E-12 0.0000E+00 0.0000E+00 0.0000E+00 0.0000E+00 0.0000E+00 0.0000E+00 0.0000E+00 0.0000E+00 0.0000E+00 0.0000E+00 0.0000E+00 0.0000E+00 0.0000E+00 0.0000E+00 0.0000E+00 0.0000E+00 0.0000E+00 0.0000E+00 0.0000E+00
1.6183E-09 1.5177E-09 1.4200E-09 1.3253E-09 1.2340E-09 1.1445E-09 1.0605E-09 9.8019E-10 9.0379E-10 8.3131E-10 7.6278E-10 6.9656E-10 6.3601E-10 5.7931E-10 5.2638E-10 4.7550E-10 4.2993E-10 3.8761E-10 3.4695E-10 3.1125E-10 2.7855E-10 2.4263E-10 2.0763E-10 1.7311E-10 1.4499E-10 1.2846E-10 1.1357E-10 1.0018E-10 8.5368E-11 6.8957E-11 5.3971E-11 4.1104E-11 1.6455E-11 1.2688E-11 9.3829E-12 6.4987E-12 3.9976E-12 1.8424E-12 0.0000E+00 0.0000E+00 0.0000E+00 0.0000E+00 0.0000E+00 0.0000E+00 0.0000E+00 0.0000E+00 0.0000E+00 0.0000E+00 0.0000E+00 0.0000E+00 0.0000E+00 0.0000E+00 0.0000E+00 0.0000E+00 0.0000E+00 0.0000E+00 0.0000E+00
1.6957E-09 1.5906E-09 1.4885E-09 1.3895E-09 1.2939E-09 1.2020E-09 1.1139E-09 1.0297E-09 9.4955E-10 8.7189E-10 8.0006E-10 7.3234E-10 6.6871E-10 6.0743E-10 5.5192E-10 5.0017E-10 4.5201E-10 4.0587E-10 3.6497E-10 3.2737E-10 2.9137E-10 2.6007E-10 2.2344E-10 1.7933E-10 1.5453E-10 1.3260E-10 1.1721E-10 1.0337E-10 9.0964E-11 7.4525E-11 5.8697E-11 4.5168E-11 1.6526E-11 1.2724E-11 9.3954E-12 6.4975E-12 3.9907E-12 1.8364E-12 0.0000E+00 0.0000E+00 0.0000E+00 0.0000E+00 0.0000E+00 0.0000E+00 0.0000E+00 0.0000E+00 0.0000E+00 0.0000E+00 0.0000E+00 0.0000E+00 0.0000E+00 0.0000E+00 0.0000E+00 0.0000E+00 0.0000E+00 0.0000E+00 0.0000E+00
1.7768E-09 1.6671E-09 1.5604E-09 1.4570E-09 1.3571E-09 1.2609E-09 1.1670E-09 1.0790E-09 9.9506E-10 9.1542E-10 8.4008E-10 7.6735E-10 7.0068E-10 6.3823E-10 5.7975E-10 5.2354E-10 4.7309E-10 4.2643E-10 3.8341E-10 3.4232E-10 3.0625E-10 2.7167E-10 2.3495E-10 1.9911E-10 1.6454E-10 1.4125E-10 1.2075E-10 1.0648E-10 9.3681E-11 7.9405E-11 6.3596E-11 4.5972E-11 3.4162E-11 1.2737E-11 9.3905E-12 6.4844E-12 3.9766E-12 1.8271E-12 0.0000E+00 0.0000E+00 0.0000E+00 0.0000E+00 0.0000E+00 0.0000E+00 0.0000E+00 0.0000E+00 0.0000E+00 0.0000E+00 0.0000E+00 0.0000E+00 0.0000E+00 0.0000E+00 0.0000E+00 0.0000E+00 0.0000E+00 0.0000E+00 0.0000E+00
1.8580E-09 1.7437E-09 1.6324E-09 1.5245E-09 1.4202E-09 1.3197E-09 1.2234E-09 1.1312E-09 1.0434E-09 9.5837E-10 8.7955E-10 8.0520E-10 7.3530E-10 6.6955E-10 6.0650E-10 5.4943E-10 4.9646E-10 4.4579E-10 4.0077E-10 3.5938E-10 3.1983E-10 2.8536E-10 2.5228E-10 2.1473E-10 1.7503E-10 1.5032E-10 1.2854E-10 1.0948E-10 9.6309E-11 8.4533E-11 6.8702E-11 5.0219E-11 3.7770E-11 1.2725E-11 9.3683E-12 6.4594E-12 3.9553E-12 1.8145E-12 0.0000E+00 0.0000E+00 0.0000E+00 0.0000E+00 0.0000E+00 0.0000E+00 0.0000E+00 0.0000E+00 0.0000E+00 0.0000E+00 0.0000E+00 0.0000E+00 0.0000E+00 0.0000E+00 0.0000E+00 0.0000E+00 0.0000E+00 0.0000E+00 0.0000E+00
1.9428E-09 1.8238E-09 1.7078E-09 1.5953E-09 1.4865E-09 1.3816E-09 1.2794E-09 1.1831E-09 1.0914E-09 1.0043E-09 9.2180E-10 8.4391E-10 7.6879E-10 7.0001E-10 6.3575E-10 5.7591E-10 5.1876E-10 4.6752E-10 4.2026E-10 3.7520E-10 3.3555E-10 2.9933E-10 2.6482E-10 2.3110E-10 1.8940E-10 1.5983E-10 1.3673E-10 1.1238E-10 9.8835E-11 8.6733E-11 7.3118E-11 5.4587E-11 3.8216E-11 1.2691E-11 9.3289E-12 6.4227E-12 3.9269E-12 0.0000E+00 0.0000E+00 0.0000E+00 0.0000E+00 0.0000E+00 0.0000E+00 0.0000E+00 0.0000E+00 0.0000E+00 0.0000E+00 0.0000E+00 0.0000E+00 0.0000E+00 0.0000E+00 0.0000E+00 0.0000E+00 0.0000E+00 0.0000E+00 0.0000E+00 0.0000E+00
2.0275E-09 1.9038E-09 1.7832E-09 1.6660E-09 1.5527E-09 1.4434E-09 1.3385E-09 1.2381E-09 1.1423E-09 1.0496E-09 9.6329E-10 8.8170E-10 8.0493E-10 7.3295E-10 6.6400E-10 6.0147E-10 5.4342E-10 4.8971E-10 4.3859E-10 3.9319E-10 3.4987E-10 3.1204E-10 2.7580E-10 2.4270E-10 2.0988E-10 1.6981E-10 1.4532E-10 1.1954E-10 1.0124E-10 8.8830E-11 7.7766E-11 5.9119E-11 4.1965E-11 1.2632E-11 9.2726E-12 6.3744E-12 3.8916E-12 0.0000E+00 0.0000E+00 0.0000E+00 0.0000E+00 0.0000E+00 0.0000E+00 0.0000E+00 0.0000E+00 0.0000E+00 0.0000E+00 0.0000E+00 0.0000E+00 0.0000E+00 0.0000E+00 0.0000E+00 0.0000E+00 0.0000E+00 0.0000E+00 0.0000E+00 0.0000E+00
2.1136E-09 1.9851E-09 1.8598E-09 1.7380E-09 1.6202E-09 1.5065E-09 1.3972E-09 1.2926E-09 1.1927E-09 1.0976E-09 1.0073E-09 9.2210E-10 8.4019E-10 7.6506E-10 6.9483E-10 6.2939E-10 5.6695E-10 5.1086E-10 4.5912E-10 4.0985E-10 3.6642E-10 3.2673E-10 2.8898E-10 2.5218E-10 2.2060E-10 1.7873E-10 1.4947E-10 1.2709E-10 1.0763E-10 9.0814E-11 7.9487E-11 6.3850E-11 4.5808E-11 1.2551E-11 9.1995E-12 6.3149E-12 3.8496E-12 0.0000E+00 0.0000E+00 0.0000E+00 0.0000E+00 0.0000E+00 0.0000E+00 0.0000E+00 0.0000E+00 0.0000E+00 0.0000E+00 0.0000E+00 0.0000E+00 0.0000E+00 0.0000E+00 0.0000E+00 0.0000E+00 0.0000E+00 0.0000E+00 0.0000E+00 0.0000E+00
2.2010E-09 2.0678E-09 1.9377E-09 1.8113E-09 1.6888E-09 1.5706E-09 1.4570E-09 1.3481E-09 1.2439E-09 1.1447E-09 1.0507E-09 9.6182E-10 8.7818E-10 7.9970E-10 7.2631E-10 6.5631E-10 5.9292E-10 5.3423E-10 4.7841E-10 4.2877E-10 3.8327E-10 3.4008E-10 3.0240E-10 2.6438E-10 2.3151E-10 1.9352E-10 1.5878E-10 1.3504E-10 1.1436E-10 9.6473E-11 8.1097E-11 7.0811E-11 4.9759E-11 1.2447E-11 9.1101E-12 6.2445E-12 1.9672E-12 0.0000E+00 0.0000E+00 0.0000E+00 0.0000E+00 0.0000E+00 0.0000E+00 0.0000E+00 0.0000E+00 0.0000E+00 0.0000E+00 0.0000E+00 0.0000E+00 0.0000E+00 0.0000E+00 0.0000E+00 0.0000E+00 0.0000E+00 0.0000E+00 0.0000E+00 0.0000E+00
2.2895E-09 2.1515E-09 2.0168E-09 1.8857E-09 1.7586E-09 1.6359E-09 1.5177E-09 1.4043E-09 1.2959E-09 1.1927E-09 1.0948E-09 1.0023E-09 9.1520E-10 8.3343E-10 7.5695E-10 6.8565E-10 6.1941E-10 5.5646E-10 4.9999E-10 4.4806E-10 3.9884E-10 3.5551E-10 3.1436E-10 2.7682E-10 2.4011E-10 2.0910E-10 1.7254E-10 1.4341E-10 1.2146E-10 1.0245E-10 8.6087E-11 7.2098E-11 5.3864E-11 1.8629E-11 9.0049E-12 6.1634E-12 1.9361E-12 0.0000E+00 0.0000E+00 0.0000E+00 0.0000E+00 0.0000E+00 0.0000E+00 0.0000E+00 0.0000E+00 0.0000E+00 0.0000E+00 0.0000E+00 0.0000E+00 0.0000E+00 0.0000E+00 0.0000E+00 0.0000E+00 0.0000E+00 0.0000E+00 0.0000E+00 0.0000E+00
2.3790E-09 2.2363E-09 2.0968E-09 1.9610E-09 1.8293E-09 1.7019E-09 1.5791E-09 1.4613E-09 1.3487E-09 1.2415E-09 1.1397E-09 1.0435E-09 9.5289E-10 8.6779E-10 7.8815E-10 7.1390E-10 6.4490E-10 5.8098E-10 5.2029E-10 4.6614E-10 4.1655E-10 3.6951E-10 3.2855E-10 2.8971E-10 2.5183E-10 2.1956E-10 1.8707E-10 1.5219E-10 1.2895E-10 1.0876E-10 9.1360E-11 7.3271E-11 5.8158E-11 2.1639E-11 8.8845E-12 6.0723E-12 1.9020E-12 0.0000E+00 0.0000E+00 0.0000E+00 0.0000E+00 0.0000E+00 0.0000E+00 0.0000E+00 0.0000E+00 0.0000E+00 0.0000E+00 0.0000E+00 0.0000E+00 0.0000E+00 0.0000E+00 0.0000E+00 0.0000E+00 0.0000E+00 0.0000E+00 0.0000E+00 0.0000E+00
2.4754E-09 2.3279E-09 2.1777E-09 2.0373E-09 1.9007E-09 1.7687E-09 1.6414E-09 1.5192E-09 1.4024E-09 1.2911E-09 1.1854E-09 1.0854E-09 9.9120E-10 9.0270E-10 8.1987E-10 7.4261E-10 6.7079E-10 6.0427E-10 5.4287E-10 4.8638E-10 4.3286E-10 3.8592E-10 3.4323E-10 3.0284E-10 2.6376E-10 2.2710E-10 1.9668E-10 1.6564E-10 1.3681E-10 1.1542E-10 9.3045E-11 7.7717E-11 6.4713E-11 2.4948E-11 8.7495E-12 4.1056E-12 1.8652E-12 0.0000E+00 0.0000E+00 0.0000E+00 0.0000E+00 0.0000E+00 0.0000E+00 0.0000E+00 0.0000E+00 0.0000E+00 0.0000E+00 0.0000E+00 0.0000E+00 0.0000E+00 0.0000E+00 0.0000E+00 0.0000E+00 0.0000E+00 0.0000E+00 0.0000E+00 0.0000E+00
2.5788E-09 2.4215E-09 2.2724E-09 2.1209E-09 1.9795E-09 1.8362E-09 1.7044E-09 1.5779E-09 1.4568E-09 1.3413E-09 1.2317E-09 1.1279E-09 1.0301E-09 9.3813E-10 8.5206E-10 7.7175E-10 6.9709E-10 6.2792E-10 5.6406E-10 5.0532E-10 4.5176E-10 4.0280E-10 3.5655E-10 3.1622E-10 2.7588E-10 2.3811E-10 2.0646E-10 1.7440E-10 1.4002E-10 1.1784E-10 9.8747E-11 8.2430E-11 6.8583E-11 3.1312E-11 8.6006E-12 4.0243E-12 1.8257E-12 0.0000E+00 0.0000E+00 0.0000E+00 0.0000E+00 0.0000E+00 0.0000E+00 0.0000E+00 0.0000E+00 0.0000E+00 0.0000E+00 0.0000E+00 0.0000E+00 0.0000E+00 0.0000E+00 0.0000E+00 0.0000E+00 0.0000E+00 0.0000E+00 0.0000E+00 0.0000E+00
2.6788E-09 2.5170E-09 2.3630E-09 2.2067E-09 2.0604E-09 1.9187E-09 1.7754E-09 1.6441E-09 1.5117E-09 1.3922E-09 1.2785E-09 1.1709E-09 1.0694E-09 9.7402E-10 8.8466E-10 8.0128E-10 7.2374E-10 6.5189E-10 5.8566E-10 5.2495E-10 4.6926E-10 4.1836E-10 3.7198E-10 3.2812E-10 2.8821E-10 2.4930E-10 2.1294E-10 1.8333E-10 1.5296E-10 1.2505E-10 1.0479E-10 8.7436E-11 7.2692E-11 3.7645E-11 8.4386E-12 3.9375E-12 0.0000E+00 0.0000E+00 0.0000E+00 0.0000E+00 0.0000E+00 0.0000E+00 0.0000E+00 0.0000E+00 0.0000E+00 0.0000E+00 0.0000E+00 0.0000E+00 0.0000E+00 0.0000E+00 0.0000E+00 0.0000E+00 0.0000E+00 0.0000E+00 0.0000E+00 0.0000E+00 0.0000E+00
2.7805E-09 2.6191E-09 2.4557E-09 2.3006E-09 2.1435E-09 1.9970E-09 1.8487E-09 1.7127E-09 1.5752E-09 1.4509E-09 1.3258E-09 1.2144E-09 1.1092E-09 1.0103E-09 9.1764E-10 8.3115E-10 7.5070E-10 6.7637E-10 6.0788E-10 5.4483E-10 4.8700E-10 4.3413E-10 3.8595E-10 3.4220E-10 3.0077E-10 2.6067E-10 2.2322E-10 1.9242E-10 1.6104E-10 1.3265E-10 1.1117E-10 9.2746E-11 7.7062E-11 5.4002E-11 8.8563E-12 3.8455E-12 0.0000E+00 0.0000E+00 0.0000E+00 0.0000E+00 0.0000E+00 0.0000E+00 0.0000E+00 0.0000E+00 0.0000E+00 0.0000E+00 0.0000E+00 0.0000E+00 0.0000E+00 0.0000E+00 0.0000E+00 0.0000E+00 0.0000E+00 0.0000E+00 0.0000E+00 0.0000E+00 0.0000E+00
2.8872E-09 2.7182E-09 2.5550E-09 2.3907E-09 2.2348E-09 2.0777E-09 1.9313E-09 1.7836E-09 1.6485E-09 1.5120E-09 1.3891E-09 1.2582E-09 1.1493E-09 1.0469E-09 9.5093E-10 8.6131E-10 7.7829E-10 7.0139E-10 6.3034E-10 5.6494E-10 5.0494E-10 4.5008E-10 4.0009E-10 3.5468E-10 3.1357E-10 2.7222E-10 2.3368E-10 1.9786E-10 1.6928E-10 1.3986E-10 1.1790E-10 9.8362E-11 8.1705E-11 5.7867E-11 8.8213E-12 1.9186E-12 0.0000E+00 0.0000E+00 0.0000E+00 0.0000E+00 0.0000E+00 0.0000E+00 0.0000E+00 0.0000E+00 0.0000E+00 0.0000E+00 0.0000E+00 0.0000E+00 0.0000E+00 0.0000E+00 0.0000E+00 0.0000E+00 0.0000E+00 0.0000E+00 0.0000E+00 0.0000E+00 0.0000E+00
2.9892E-09 2.8191E-09 2.6515E-09 2.4872E-09 2.3225E-09 2.1665E-09 2.0097E-09 1.8640E-09 1.7174E-09 1.5832E-09 1.4481E-09 1.3271E-09 1.1977E-09 1.0912E-09 9.8454E-10 8.9220E-10 8.0628E-10 7.2662E-10 6.5302E-10 5.8524E-10 5.2305E-10 4.6618E-10 4.1435E-10 3.6728E-10 3.2466E-10 2.8399E-10 2.4431E-10 2.0742E-10 1.7346E-10 1.4724E-10 1.2005E-10 1.0430E-10 8.6622E-11 5.8661E-11 1.1561E-11 4.1788E-12 0.0000E+00 0.0000E+00 0.0000E+00 0.0000E+00 0.0000E+00 0.0000E+00 0.0000E+00 0.0000E+00 0.0000E+00 0.0000E+00 0.0000E+00 0.0000E+00 0.0000E+00 0.0000E+00 0.0000E+00 0.0000E+00 0.0000E+00 0.0000E+00 0.0000E+00 0.0000E+00 0.0000E+00
3.0958E-09 2.9216E-09 2.7497E-09 2.5775E-09 2.4125E-09 2.2518E-09 2.0961E-09 1.9403E-09 1.7955E-09 1.6499E-09 1.5175E-09 1.3843E-09 1.2655E-09 1.1461E-09 1.0347E-09 9.3083E-10 8.4134E-10 7.5202E-10 6.7584E-10 6.0568E-10 5.4129E-10 4.8240E-10 4.2872E-10 3.7996E-10 3.3582E-10 2.9598E-10 2.5511E-10 2.1716E-10 1.8213E-10 1.5476E-10 1.2646E-10 1.0598E-10 8.7786E-11 5.8024E-11 1.4610E-11 6.6949E-12 2.0442E-12 0.0000E+00 0.0000E+00 0.0000E+00 0.0000E+00 0.0000E+00 0.0000E+00 0.0000E+00 0.0000E+00 0.0000E+00 0.0000E+00 0.0000E+00 0.0000E+00 0.0000E+00 0.0000E+00 0.0000E+00 0.0000E+00 0.0000E+00 0.0000E+00 0.0000E+00 0.0000E+00
3.2014E-09 3.0230E-09 2.8512E-09 2.6783E-09 2.5091E-09 2.3441E-09 2.1792E-09 2.0243E-09 1.8748E-09 1.7246E-09 1.5876E-09 1.4573E-09 1.3266E-09 1.2106E-09 1.0939E-09 9.8470E-10 8.8332E-10 7.9213E-10 7.0550E-10 6.3232E-10 5.5961E-10 4.9869E-10 4.4316E-10 3.9271E-10 3.4703E-10 3.0581E-10 2.6612E-10 2.2700E-10 1.9084E-10 1.5788E-10 1.3302E-10 1.0750E-10 9.3118E-11 6.2580E-11 1.9063E-11 7.7354E-12 4.3125E-12 0.0000E+00 0.0000E+00 0.0000E+00 0.0000E+00 0.0000E+00 0.0000E+00 0.0000E+00 0.0000E+00 0.0000E+00 0.0000E+00 0.0000E+00 0.0000E+00 0.0000E+00 0.0000E+00 0.0000E+00 0.0000E+00 0.0000E+00 0.0000E+00 0.0000E+00 0.0000E+00
3.3133E-09 3.1313E-09 2.9514E-09 2.7743E-09 2.6006E-09 2.4312E-09 2.2665E-09 2.1070E-09 1.9528E-09 1.7986E-09 1.6570E-09 1.5224E-09 1.3872E-09 1.2669E-09 1.1537E-09 1.0396E-09 9.3279E-10 8.3407E-10 7.4491E-10 6.6100E-10 5.9084E-10 5.2081E-10 4.6281E-10 4.0548E-10 3.5827E-10 3.1558E-10 2.7717E-10 2.3688E-10 1.9968E-10 1.6567E-10 1.3974E-10 1.0884E-10 9.1583E-11 6.7436E-11 2.5742E-11 1.0873E-11 6.8219E-12 3.7835E-12 0.0000E+00 0.0000E+00 0.0000E+00 0.0000E+00 0.0000E+00 0.0000E+00 0.0000E+00 0.0000E+00 0.0000E+00 0.0000E+00 0.0000E+00 0.0000E+00 0.0000E+00 0.0000E+00 0.0000E+00 0.0000E+00 0.0000E+00 0.0000E+00 0.0000E+00
3.4231E-09 3.2375E-09 3.0536E-09 2.8724E-09 2.6945E-09 2.5252E-09 2.3562E-09 2.1921E-09 2.0334E-09 1.8808E-09 1.7350E-09 1.5959E-09 1.4567E-09 1.3318E-09 1.2142E-09 1.0954E-09 9.9240E-10 8.8325E-10 7.8723E-10 6.9997E-10 6.1879E-10 5.5163E-10 4.8423E-10 4.2899E-10 3.7405E-10 3.2940E-10 2.8554E-10 2.4696E-10 2.0868E-10 1.7362E-10 1.4203E-10 1.1451E-10 9.0660E-11 6.6614E-11 3.1871E-11 1.4299E-11 9.5818E-12 3.9121E-12 1.6159E-12 0.0000E+00 0.0000E+00 0.0000E+00 0.0000E+00 0.0000E+00 0.0000E+00 0.0000E+00 0.0000E+00 0.0000E+00 0.0000E+00 0.0000E+00 0.0000E+00 0.0000E+00 0.0000E+00 0.0000E+00 0.0000E+00 0.0000E+00 0.0000E+00
3.5392E-09 3.3504E-09 3.1631E-09 2.9782E-09 2.7964E-09 2.6185E-09 2.4451E-09 2.2764E-09 2.1132E-09 1.9563E-09 1.8059E-09 1.6624E-09 1.5259E-09 1.3965E-09 1.2745E-09 1.1515E-09 1.0442E-09 9.4412E-10 8.4232E-10 7.4312E-10 6.4941E-10 5.7899E-10 5.1464E-10 4.4967E-10 3.9720E-10 3.4467E-10 3.0262E-10 2.6099E-10 2.2112E-10 1.8175E-10 1.4909E-10 1.2035E-10 8.8790E-11 6.7603E-11 3.1070E-11 1.4863E-11 9.9310E-12 6.1811E-12 3.4015E-12 0.0000E+00 0.0000E+00 0.0000E+00 0.0000E+00 0.0000E+00 0.0000E+00 0.0000E+00 0.0000E+00 0.0000E+00 0.0000E+00 0.0000E+00 0.0000E+00 0.0000E+00 0.0000E+00 0.0000E+00 0.0000E+00 0.0000E+00 0.0000E+00
3.6538E-09 3.4619E-09 3.2712E-09 3.0826E-09 2.8969E-09 2.7149E-09 2.5372E-09 2.3640E-09 2.2011E-09 2.0398E-09 1.8850E-09 1.7370E-09 1.5960E-09 1.4622E-09 1.3358E-09 1.2167E-09 1.1050E-09 1.0004E-09 8.8963E-10 7.9957E-10 7.0162E-10 6.1813E-10 5.4161E-10 4.7270E-10 4.1763E-10 3.6175E-10 3.1760E-10 2.7801E-10 2.3499E-10 1.9680E-10 1.5918E-10 1.2414E-10 9.1996E-11 6.3647E-11 3.5643E-11 1.8735E-11 1.3047E-11 8.6717E-12 5.3694E-12 0.0000E+00 0.0000E+00 0.0000E+00 0.0000E+00 0.0000E+00 0.0000E+00 0.0000E+00 0.0000E+00 0.0000E+00 0.0000E+00 0.0000E+00 0.0000E+00 0.0000E+00 0.0000E+00 0.0000E+00 0.0000E+00 0.0000E+00 0.0000E+00
3.7707E-09 3.5759E-09 3.3821E-09 3.1948E-09 3.0057E-09 2.8199E-09 2.6381E-09 2.4608E-09 2.2890E-09 2.1233E-09 1.9639E-09 1.8114E-09 1.6659E-09 1.5276E-09 1.3967E-09 1.2732E-09 1.1572E-09 1.0484E-09 9.4687E-10 8.4649E-10 7.4009E-10 6.5369E-10 5.8216E-10 5.0707E-10 4.4064E-10 3.8825E-10 3.3459E-10 2.9290E-10 2.5061E-10 2.1055E-10 1.7052E-10 1.3855E-10 9.7922E-11 6.2667E-11 3.6582E-11 1.9410E-11 1.6433E-11 1.1383E-11 7.5261E-12 1.6237E-12 0.0000E+00 0.0000E+00 0.0000E+00 0.0000E+00 0.0000E+00 0.0000E+00 0.0000E+00 0.0000E+00 0.0000E+00 0.0000E+00 0.0000E+00 0.0000E+00 0.0000E+00 0.0000E+00 0.0000E+00 0.0000E+00 0.0000E+00
