Assets/Resources/2015_m01_d06_1900(utc+0800)_l00_csi_1hr_conc.grd
DSAA
         159         159
     -79.000      79.000
     -79.000      79.000
  0.0000E+00  0.6492E-04
[rows 50 to 74 of 159, columns 57 to 113 of 159]
2.0166E-09 2.4322E-09 2.9322E-09 3.4024E-09 4.2865E-09 5.0183E-09 5.8390E-09 6.7023E-09 7.6154E-09 8.5834E-09 9.5944E-09 1.0628E-08 1.1659E-08 1.2683E-08 1.3631E-08 1.4479E-08 1.5183E-08 1.5747E-08 1.6157E-08 1.6409E-08 1.6507E-08 1.6455E-08 1.6272E-08 1.5972E-08 1.5576E-08 1.5131E-08 1.4555E-08 1.4018E-08 1.3337E-08 1.2771E-08 1.2188E-08 1.1426E-08 1.0878E-08 1.0318E-08 9.7514E-09 9.1834E-09 8.6187E-09 8.0614E-09 7.5148E-09 6.9732E-09 6.4598E-09 5.9641E-09 5.4883E-09 5.0260E-09 4.5970E-09 4.1909E-09 3.8085E-09 3.4439E-09 3.1119E-09 2.8033E-09 2.5178E-09 2.2550E-09 2.0140E-09 1.7939E-09 1.5937E-09 1.4064E-09 1.2441E-09
2.0133E-09 2.4280E-09 2.9483E-09 3.7877E-09 4.4669E-09 5.2653E-09 6.1582E-09 7.1533E-09 8.2084E-09 9.3068E-09 1.0453E-08 1.1656E-08 1.2837E-08 1.3980E-08 1.5051E-08 1.6012E-08 1.6805E-08 1.7403E-08 1.7814E-08 1.8029E-08 1.8056E-08 1.7907E-08 1.7601E-08 1.7165E-08 1.6630E-08 1.5998E-08 1.5354E-08 1.4589E-08 1.3907E-08 1.3096E-08 1.2434E-08 1.1773E-08 1.0952E-08 1.0358E-08 9.7610E-09 9.1674E-09 8.5813E-09 8.0063E-09 7.4456E-09 6.9018E-09 6.3697E-09 5.8687E-09 5.3894E-09 4.9333E-09 4.4950E-09 4.0901E-09 3.7099E-09 3.3472E-09 3.0189E-09 2.7145E-09 2.4335E-09 2.1754E-09 1.9392E-09 1.7240E-09 1.5287E-09 1.3458E-09 1.1884E-09
2.0781E-09 2.4264E-09 3.1819E-09 3.9290E-09 4.6994E-09 5.5704E-09 6.5604E-09 7.6661E-09 8.8886E-09 1.0201E-08 1.1525E-08 1.2852E-08 1.4209E-08 1.5519E-08 1.6738E-08 1.7822E-08 1.8730E-08 1.9385E-08 1.9791E-08 1.9961E-08 1.9898E-08 1.9626E-08 1.9169E-08 1.8562E-08 1.7840E-08 1.6987E-08 1.6178E-08 1.5214E-08 1.4402E-08 1.3432E-08 1.2680E-08 1.1942E-08 1.1223E-08 1.0371E-08 9.7450E-09 9.1268E-09 8.5205E-09 7.9294E-09 7.3561E-09 6.8030E-09 6.2626E-09 5.7579E-09 5.2769E-09 4.8206E-09 4.3824E-09 3.9801E-09 3.6032E-09 3.2438E-09 2.9203E-09 2.6210E-09 2.3454E-09 2.0927E-09 1.8620E-09 1.6522E-09 1.4623E-09 1.2842E-09 1.1320E-09
2.0640E-09 2.4198E-09 3.3887E-09 4.1087E-09 4.9429E-09 5.9162E-09 7.0327E-09 8.2895E-09 9.7027E-09 1.1206E-08 1.2777E-08 1.4343E-08 1.5865E-08 1.7324E-08 1.8720E-08 1.9948E-08 2.0958E-08 2.1712E-08 2.2117E-08 2.2229E-08 2.2061E-08 2.1637E-08 2.1000E-08 2.0186E-08 1.9247E-08 1.8226E-08 1.7099E-08 1.6081E-08 1.4929E-08 1.3990E-08 1.2921E-08 1.2100E-08 1.1311E-08 1.0355E-08 9.7006E-09 9.0592E-09 8.4344E-09 7.8289E-09 7.2450E-09 6.6845E-09 6.1487E-09 5.6313E-09 5.1503E-09 4.6956E-09 4.2591E-09 3.8609E-09 3.4888E-09 3.1428E-09 2.8162E-09 2.5230E-09 2.2536E-09 2.0071E-09 1.7825E-09 1.5788E-09 1.3947E-09 1.2219E-09 1.0751E-09
2.0449E-09 2.6683E-09 3.3813E-09 4.2874E-09 5.2114E-09 6.3003E-09 7.5608E-09 9.0211E-09 1.0621E-08 1.2357E-08 1.4190E-08 1.6065E-08 1.7869E-08 1.9553E-08 2.1082E-08 2.2438E-08 2.3575E-08 2.4396E-08 2.4858E-08 2.4899E-08 2.4600E-08 2.3957E-08 2.3093E-08 2.2035E-08 2.0835E-08 1.9561E-08 1.8111E-08 1.6882E-08 1.5691E-08 1.4396E-08 1.3366E-08 1.2240E-08 1.1378E-08 1.0565E-08 9.6243E-09 8.9620E-09 8.3210E-09 7.7035E-09 7.1114E-09 6.5457E-09 6.0075E-09 5.4885E-09 5.0096E-09 4.5583E-09 4.1252E-09 3.7327E-09 3.3668E-09 3.0273E-09 2.7070E-09 2.4208E-09 2.1584E-09 1.9188E-09 1.7010E-09 1.5039E-09 1.3261E-09 1.1663E-09 1.0179E-09
2.2401E-09 2.8629E-09 3.4991E-09 4.4767E-09 5.4992E-09 6.7165E-09 8.1687E-09 9.8082E-09 1.1642E-08 1.3643E-08 1.5764E-08 1.7947E-08 2.0134E-08 2.2173E-08 2.3949E-08 2.5436E-08 2.6580E-08 2.7456E-08 2.7935E-08 2.7947E-08 2.7494E-08 2.6672E-08 2.5476E-08 2.4124E-08 2.2622E-08 2.1041E-08 1.9451E-08 1.7726E-08 1.6322E-08 1.4786E-08 1.3624E-08 1.2347E-08 1.1413E-08 1.0543E-08 9.7334E-09 8.8331E-09 8.1787E-09 7.5521E-09 6.9543E-09 6.3861E-09 5.8479E-09 5.3295E-09 4.8549E-09 4.4090E-09 3.9917E-09 3.5958E-09 3.2375E-09 2.9058E-09 2.5929E-09 2.3148E-09 2.0603E-09 1.8283E-09 1.6179E-09 1.4278E-09 1.2567E-09 1.1033E-09 9.6070E-10
2.3609E-09 2.9326E-09 3.6202E-09 4.6803E-09 5.7980E-09 7.1831E-09 8.7955E-09 1.0656E-08 1.2750E-08 1.5045E-08 1.7490E-08 2.0037E-08 2.2561E-08 2.4975E-08 2.7173E-08 2.8941E-08 3.0239E-08 3.1059E-08 3.1390E-08 3.1355E-08 3.0763E-08 2.9693E-08 2.8261E-08 2.6446E-08 2.4594E-08 2.2669E-08 2.0750E-08 1.8900E-08 1.6972E-08 1.5456E-08 1.3855E-08 1.2665E-08 1.1403E-08 1.0476E-08 9.6238E-09 8.6622E-09 8.0007E-09 7.3705E-09 6.7720E-09 6.2054E-09 5.6701E-09 5.1665E-09 4.6867E-09 4.2481E-09 3.8389E-09 3.4508E-09 3.1016E-09 2.7789E-09 2.4746E-09 2.2054E-09 1.9595E-09 1.7359E-09 1.5335E-09 1.3509E-09 1.1869E-09 1.0402E-09 9.0368E-10
2.4068E-09 2.9990E-09 3.9174E-09 4.9071E-09 6.1519E-09 7.6443E-09 9.4431E-09 1.1540E-08 1.3915E-08 1.6533E-08 1.9360E-08 2.2272E-08 2.5185E-08 2.7979E-08 3.0521E-08 3.2687E-08 3.4363E-08 3.5264E-08 3.5567E-08 3.5239E-08 3.4401E-08 3.3041E-08 3.1264E-08 2.8971E-08 2.6727E-08 2.4416E-08 2.2132E-08 1.9954E-08 1.7632E-08 1.5893E-08 1.4047E-08 1.2714E-08 1.1353E-08 1.0371E-08 9.4786E-09 8.4547E-09 7.7888E-09 7.1578E-09 6.5616E-09 5.9997E-09 5.4716E-09 4.9763E-09 4.5049E-09 4.0763E-09 3.6772E-09 3.2985E-09 2.9596E-09 2.6472E-09 2.3526E-09 2.0932E-09 1.8568E-09 1.6421E-09 1.4481E-09 1.2735E-09 1.1170E-09 9.7716E-10 8.4708E-10
2.4261E-09 3.1962E-09 4.0513E-09 5.1456E-09 6.4892E-09 8.1330E-09 1.0108E-08 1.2431E-08 1.5119E-08 1.8089E-08 2.1285E-08 2.4612E-08 2.7950E-08 3.1158E-08 3.4087E-08 3.6604E-08 3.8536E-08 3.9789E-08 4.0236E-08 3.9755E-08 3.8588E-08 3.6815E-08 3.4525E-08 3.2007E-08 2.8974E-08 2.6239E-08 2.3563E-08 2.1028E-08 1.8699E-08 1.6265E-08 1.4495E-08 1.2408E-08 1.1255E-08 1.0222E-08 9.2951E-09 8.4606E-09 7.5468E-09 6.9192E-09 6.3289E-09 5.7750E-09 5.2564E-09 4.7719E-09 4.3109E-09 3.8946E-09 3.5078E-09 3.1408E-09 2.8138E-09 2.5123E-09 2.2286E-09 1.9796E-09 1.7528E-09 1.5473E-09 1.3623E-09 1.1961E-09 1.0474E-09 9.1427E-10 7.9115E-10
2.4352E-09 3.2526E-09 4.1621E-09 5.3433E-09 6.7968E-09 8.5889E-09 1.0752E-08 1.3309E-08 1.6289E-08 1.9621E-08 2.3219E-08 2.6980E-08 3.0772E-08 3.4431E-08 3.7809E-08 4.0685E-08 4.2914E-08 4.4358E-08 4.4928E-08 4.4595E-08 4.3269E-08 4.1099E-08 3.8210E-08 3.5020E-08 3.1782E-08 2.8085E-08 2.4991E-08 2.2070E-08 1.9379E-08 1.6552E-08 1.4587E-08 1.2314E-08 1.1102E-08 1.0026E-08 9.0706E-09 8.2193E-09 7.2755E-09 6.6555E-09 6.0750E-09 5.5324E-09 5.0263E-09 4.5550E-09 4.1069E-09 3.7047E-09 3.3317E-09 2.9780E-09 2.6642E-09 2.3752E-09 2.1038E-09 1.8662E-09 1.6502E-09 1.4546E-09 1.2785E-09 1.1204E-09 9.7865E-10 8.5263E-10 7.3628E-10
2.5480E-09 3.2877E-09 4.2696E-09 5.5018E-09 7.0566E-09 8.9821E-09 1.1319E-08 1.4122E-08 1.7361E-08 2.1028E-08 2.5060E-08 2.9296E-08 3.3576E-08 3.7720E-08 4.1544E-08 4.4838E-08 4.7406E-08 4.9085E-08 4.9762E-08 4.9387E-08 4.7993E-08 4.5689E-08 4.2477E-08 3.8471E-08 3.4495E-08 3.0566E-08 2.6359E-08 2.3025E-08 1.9988E-08 1.7303E-08 1.4603E-08 1.2513E-08 1.0886E-08 9.7776E-09 8.8029E-09 7.9423E-09 6.9762E-09 6.3684E-09 5.8015E-09 5.2736E-09 4.7828E-09 4.3272E-09 3.8943E-09 3.5079E-09 3.1498E-09 2.8112E-09 2.5111E-09 2.2358E-09 1.9777E-09 1.7522E-09 1.5474E-09 1.3622E-09 1.1956E-09 1.0464E-09 9.1018E-10 7.9134E-10 6.8251E-10
2.5372E-09 3.2999E-09 4.3193E-09 5.6113E-09 7.2482E-09 9.2841E-09 1.1791E-08 1.4778E-08 1.8264E-08 2.2232E-08 2.6621E-08 3.1340E-08 3.6207E-08 4.0872E-08 4.5181E-08 4.8929E-08 5.1892E-08 5.3863E-08 5.4719E-08 5.4356E-08 5.2806E-08 5.0134E-08 4.6629E-08 4.2546E-08 3.7532E-08 3.2933E-08 2.8498E-08 2.3862E-08 2.0472E-08 1.7520E-08 1.4018E-08 1.2324E-08 1.0602E-08 9.4749E-09 8.4911E-09 7.6297E-09 6.8708E-09 6.0601E-09 5.5107E-09 5.0008E-09 4.5281E-09 4.0900E-09 3.6852E-09 3.3053E-09 2.9639E-09 2.6416E-09 2.3558E-09 2.0951E-09 1.8513E-09 1.6382E-09 1.4449E-09 1.2683E-09 1.1116E-09 9.7099E-10 8.4507E-10 7.3191E-10 6.3013E-10
2.5029E-09 3.2786E-09 4.3270E-09 5.6565E-09 7.3503E-09 9.4726E-09 1.2103E-08 1.5245E-08 1.8938E-08 2.3161E-08 2.7881E-08 3.2963E-08 3.8260E-08 4.3565E-08 4.8588E-08 5.2826E-08 5.6250E-08 5.8595E-08 5.9685E-08 5.9404E-08 5.7748E-08 5.4860E-08 5.1007E-08 4.6426E-08 4.1333E-08 3.5324E-08 3.0204E-08 2.5524E-08 2.0810E-08 1.7521E-08 1.4385E-08 1.2042E-08 1.0561E-08 9.1165E-09 8.1355E-09 7.2827E-09 6.5367E-09 5.7334E-09 5.2052E-09 4.7162E-09 4.2641E-09 3.8454E-09 3.4601E-09 3.0986E-09 2.7751E-09 2.4694E-09 2.2005E-09 1.9539E-09 1.7231E-09 1.5229E-09 1.3415E-09 1.1780E-09 1.0289E-09 8.9679E-10 7.7931E-10 6.7329E-10 5.7938E-10
2.4428E-09 3.2439E-09 4.2811E-09 5.6293E-09 7.3547E-09 9.5428E-09 1.2232E-08 1.5485E-08 1.9323E-08 2.3742E-08 2.8721E-08 3.4122E-08 3.9804E-08 4.5558E-08 5.1114E-08 5.6197E-08 6.0321E-08 6.3121E-08 6.4558E-08 6.4472E-08 6.3172E-08 6.0342E-08 5.6127E-08 5.0542E-08 4.4625E-08 3.8510E-08 3.1730E-08 2.6256E-08 2.0912E-08 1.6593E-08 1.4110E-08 1.1657E-08 1.0170E-08 8.9185E-09 7.7382E-09 6.9039E-09 6.1786E-09 5.3918E-09 4.8880E-09 4.4229E-09 3.9926E-09 3.5966E-09 3.2304E-09 2.8900E-09 2.5822E-09 2.2952E-09 2.0427E-09 1.8125E-09 1.5986E-09 1.4092E-09 1.2399E-09 1.0874E-09 9.4969E-10 8.2461E-10 7.1523E-10 6.1755E-10 5.3042E-10
2.3536E-09 3.1483E-09 4.1777E-09 5.5208E-09 7.2466E-09 9.4493E-09 1.2166E-08 1.5465E-08 1.9381E-08 2.3940E-08 2.9080E-08 3.4722E-08 4.0720E-08 4.6872E-08 5.2943E-08 5.8579E-08 6.3447E-08 6.7184E-08 6.9590E-08 7.0351E-08 6.9268E-08 6.6296E-08 6.1603E-08 5.5570E-08 4.8124E-08 4.0996E-08 3.3869E-08 2.5123E-08 2.0682E-08 1.6283E-08 1.3755E-08 1.1686E-08 9.7009E-09 8.4727E-09 7.3029E-09 6.4972E-09 5.8000E-09 5.0390E-09 4.5605E-09 4.1205E-09 3.7150E-09 3.3422E-09 2.9977E-09 2.6787E-09 2.3916E-09 2.1224E-09 1.8868E-09 1.6721E-09 1.4742E-09 1.2979E-09 1.1406E-09 9.9897E-10 8.7034E-10 7.5458E-10 6.5398E-10 5.6472E-10 4.8343E-10
2.2391E-09 3.0118E-09 4.0160E-09 5.3301E-09 7.0234E-09 9.1984E-09 1.1889E-08 1.5171E-08 1.9088E-08 2.3687E-08 2.8904E-08 3.4686E-08 4.0912E-08 4.7415E-08 5.3920E-08 6.0133E-08 6.5934E-08 7.0984E-08 7.4628E-08 7.6437E-08 7.5785E-08 7.2884E-08 6.7807E-08 6.1012E-08 5.3012E-08 4.3264E-08 3.4912E-08 2.4763E-08 2.0300E-08 1.6671E-08 1.3185E-08 1.1148E-08 9.5008E-09 7.9725E-09 6.9817E-09 6.0655E-09 5.4035E-09 4.6772E-09 4.2303E-09 3.8171E-09 3.4359E-09 3.0862E-09 2.7664E-09 2.4674E-09 2.2012E-09 1.9545E-09 1.7339E-09 1.5349E-09 1.3529E-09 1.1919E-09 1.0443E-09 9.1224E-10 7.9453E-10 6.8688E-10 5.9467E-10 5.1312E-10 4.4089E-10
2.0985E-09 2.8370E-09 3.7978E-09 5.0587E-09 6.6898E-09 8.7945E-09 1.1404E-08 1.4603E-08 1.8461E-08 2.2983E-08 2.8173E-08 3.3984E-08 4.0317E-08 4.7058E-08 5.4059E-08 6.1291E-08 6.8196E-08 7.4311E-08 7.9115E-08 8.2030E-08 8.2604E-08 8.0389E-08 7.5320E-08 6.7652E-08 5.8214E-08 4.7469E-08 3.5874E-08 2.6054E-08 1.9580E-08 1.5948E-08 1.2413E-08 1.0445E-08 8.8664E-09 7.4017E-09 6.4739E-09 5.6163E-09 4.9965E-09 4.3129E-09 3.8955E-09 3.5123E-09 3.1575E-09 2.8326E-09 2.5364E-09 2.2605E-09 2.0141E-09 1.7882E-09 1.5848E-09 1.4010E-09 1.2353E-09 1.0873E-09 9.5046E-10 8.2898E-10 7.2090E-10 6.2525E-10 5.3993E-10 4.6459E-10 4.0036E-10
1.9390E-09 2.6272E-09 3.5317E-09 4.7168E-09 6.2761E-09 8.2506E-09 1.0730E-08 1.3780E-08 1.7484E-08 2.1848E-08 2.6899E-08 3.2611E-08 3.8976E-08 4.6091E-08 5.3704E-08 6.1591E-08 6.9404E-08 7.6766E-08 8.3095E-08 8.7676E-08 8.9949E-08 8.9031E-08 8.5052E-08 7.6244E-08 6.3606E-08 5.0964E-08 3.6366E-08 2.5357E-08 1.9938E-08 1.4981E-08 1.2205E-08 9.6455E-09 8.1552E-09 6.9612E-09 5.8997E-09 5.2005E-09 4.5635E-09 3.9498E-09 3.5630E-09 3.2111E-09 2.8817E-09 2.5843E-09 2.3093E-09 2.0594E-09 1.8340E-09 1.6270E-09 1.4404E-09 1.2723E-09 1.1222E-09 9.8654E-10 8.6265E-10 7.5176E-10 6.5302E-10 5.6562E-10 4.8584E-10 4.2040E-10 3.6196E-10
1.7610E-09 2.3944E-09 3.2220E-09 4.3188E-09 5.7590E-09 7.5921E-09 9.8955E-09 1.2738E-08 1.6213E-08 2.0331E-08 2.5131E-08 3.0732E-08 3.7163E-08 4.4342E-08 5.2200E-08 6.0607E-08 6.9394E-08 7.8128E-08 8.6480E-08 9.3593E-08 9.8310E-08 9.9274E-08 9.4693E-08 8.5246E-08 7.1986E-08 5.5096E-08 4.0990E-08 2.4118E-08 1.8755E-08 1.4696E-08 1.1189E-08 8.7667E-09 7.4015E-09 6.3097E-09 5.3165E-09 4.6599E-09 3.8912E-09 3.5424E-09 3.2217E-09 2.9142E-09 2.6149E-09 2.3426E-09 2.0894E-09 1.8642E-09 1.6572E-09 1.4718E-09 1.3045E-09 1.1524E-09 1.0164E-09 8.9136E-10 7.7864E-10 6.7820E-10 5.8862E-10 5.0928E-10 4.3795E-10 3.7631E-10 3.2390E-10
1.5692E-09 2.1430E-09 2.8889E-09 3.8821E-09 5.1844E-09 6.8476E-09 8.9412E-09 1.1530E-08 1.4713E-08 1.8519E-08 2.3049E-08 2.8389E-08 3.4553E-08 4.1582E-08 4.9495E-08 5.8330E-08 6.7979E-08 7.8359E-08 8.9027E-08 9.8221E-08 1.0489E-07 1.0798E-07 1.0549E-07 9.6753E-08 8.2323E-08 5.9855E-08 4.2642E-08 2.5993E-08 1.7217E-08 1.3393E-08 1.0570E-08 8.2363E-09 6.6175E-09 5.6423E-09 4.8615E-09 4.1673E-09 3.4988E-09 3.1281E-09 2.8511E-09 2.5902E-09 2.3479E-09 2.1094E-09 1.8841E-09 1.6797E-09 1.4941E-09 1.3275E-09 1.1741E-09 1.0389E-09 9.1547E-10 8.0076E-10 6.9927E-10 6.0842E-10 5.2757E-10 4.5385E-10 3.8912E-10 3.3349E-10 2.8437E-10
1.3761E-09 1.8788E-09 2.5400E-09 3.4188E-09 4.5750E-09 6.0466E-09 7.9113E-09 1.0200E-08 1.3039E-08 1.6468E-08 2.0584E-08 2.5485E-08 3.1227E-08 3.7942E-08 4.5665E-08 5.4633E-08 6.4950E-08 7.6387E-08 8.7081E-08 9.8624E-08 1.0909E-07 1.1636E-07 1.1838E-07 1.1253E-07 9.7172E-08 7.5341E-08 4.3730E-08 2.4367E-08 1.7598E-08 1.1919E-08 9.3767E-09 7.5202E-09 5.8302E-09 4.9793E-09 4.2976E-09 3.6890E-09 3.1002E-09 2.7735E-09 2.5041E-09 2.2685E-09 2.0589E-09 1.8605E-09 1.6842E-09 1.5041E-09 1.3388E-09 1.1875E-09 1.0535E-09 9.3172E-10 8.1894E-10 7.1678E-10 6.2242E-10 5.4125E-10 4.6694E-10 3.9993E-10 3.4356E-10 2.9362E-10 2.4292E-10
1.1837E-09 1.6101E-09 2.1925E-09 2.9502E-09 3.9551E-09 5.2160E-09 6.8061E-09 8.7745E-09 1.1244E-08 1.4234E-08 1.7844E-08 2.2214E-08 2.7354E-08 3.3415E-08 4.0630E-08 4.9289E-08 5.8745E-08 6.9432E-08 8.1880E-08 9.5764E-08 1.1006E-07 1.2377E-07 1.3364E-07 1.3394E-07 1.2100E-07 9.4432E-08 5.6872E-08 2.2009E-08 1.5718E-08 1.1483E-08 8.1403E-09 6.5320E-09 5.3577E-09 4.3358E-09 3.7536E-09 3.0680E-09 2.7232E-09 2.4592E-09 2.2017E-09 1.9877E-09 1.7864E-09 1.6156E-09 1.4655E-09 1.3246E-09 1.1947E-09 1.0601E-09 9.3823E-10 8.2894E-10 7.2442E-10 6.3335E-10 5.5005E-10 4.7657E-10 4.1048E-10 3.5169E-10 3.0131E-10 2.5532E-10 2.0953E-10
1.0048E-09 1.3594E-09 1.8495E-09 2.4908E-09 3.3051E-09 4.3617E-09 5.6838E-09 7.3448E-09 9.4163E-09 1.1944E-08 1.4989E-08 1.8623E-08 2.2955E-08 2.8157E-08 3.4478E-08 4.1845E-08 5.0498E-08 6.0904E-08 7.3474E-08 8.8499E-08 1.0676E-07 1.2804E-07 1.4934E-07 1.6520E-07 1.6103E-07 1.2767E-07 6.3899E-08 2.6226E-08 1.3545E-08 9.8809E-09 7.4398E-09 5.5772E-09 4.5856E-09 3.7261E-09 3.2345E-09 2.6567E-09 2.3628E-09 2.1189E-09 1.9200E-09 1.7320E-09 1.5582E-09 1.4029E-09 1.2572E-09 1.1390E-09 1.0274E-09 9.2864E-10 8.3096E-10 7.2967E-10 6.4009E-10 5.5598E-10 4.8394E-10 4.1779E-10 3.5808E-10 3.0601E-10 2.5974E-10 2.2231E-10 1.8195E-10
8.3494E-10 1.1267E-09 1.5113E-09 2.0086E-09 2.6749E-09 3.5394E-09 4.6190E-09 5.9814E-09 7.6615E-09 9.6502E-09 1.2050E-08 1.4936E-08 1.8511E-08 2.2882E-08 2.8089E-08 3.4159E-08 4.1503E-08 5.0517E-08 6.1948E-08 7.6926E-08 9.7195E-08 1.2501E-07 1.6371E-07 2.0624E-07 2.2746E-07 1.9703E-07 8.0426E-08 2.2897E-08 1.4379E-08 8.2477E-09 6.2487E-09 4.7062E-09 3.8769E-09 3.2607E-09 2.7487E-09 2.2762E-09 2.0312E-09 1.8260E-09 1.6555E-09 1.4941E-09 1.3516E-09 1.2220E-09 1.0960E-09 9.8134E-10 8.8028E-10 7.9145E-10 7.0908E-10 6.3561E-10 5.5900E-10 4.8813E-10 4.2137E-10 3.6037E-10 3.0834E-10 2.6578E-10 2.2488E-10 1.8700E-10 1.5623E-10
5.0429E-10 9.0064E-10 1.1930E-09 1.5867E-09 2.1121E-09 2.7785E-09 3.6445E-09 4.6718E-09 5.9537E-09 7.4653E-09 9.3496E-09 1.1767E-08 1.4614E-08 1.8028E-08 2.1924E-08 2.6580E-08 3.2240E-08 3.9312E-08 4.8622E-08 6.1489E-08 8.0827E-08 1.1293E-07 1.6649E-07 2.5240E-07 3.7076E-07 3.5728E-07 1.6617E-07 1.8387E-08 1.1676E-08 7.8078E-09 5.1314E-09 4.0629E-09 3.2483E-09 2.7485E-09 2.1482E-09 1.9346E-09 1.7151E-09 1.5637E-09 1.4185E-09 1.2862E-09 1.1678E-09 1.0556E-09 9.5327E-10 8.5576E-10 7.6817E-10 6.8507E-10 6.0995E-10 5.3852E-10 4.7451E-10 4.2071E-10 3.6161E-10 3.1228E-10 2.6601E-10 2.2886E-10 1.9230E-10 1.5973E-10 1.3411E-10
