Assets/Resources/2015_m01_d16_0200(utc+0800)_l00_csi_1hr_conc.grd
DSAA
         159         159
     -79.000      79.000
     -79.000      79.000
  0.0000E+00  0.5206E-04
[rows 0 to 24 of 159, columns 57 to 113 of 159]
9.7429E-10 1.0031E-09 1.0331E-09 1.0699E-09 1.1181E-09 1.1695E-09 1.2173E-09 1.2688E-09 1.3162E-09 1.3620E-09 1.4121E-09 1.4595E-09 1.5088E-09 1.5602E-09 1.6103E-09 1.6605E-09 1.7138E-09 1.7637E-09 1.8129E-09 1.8722E-09 1.9289E-09 1.9830E-09 2.0335E-09 2.0857E-09 2.1391E-09 2.1858E-09 2.2296E-09 2.2736E-09 2.3141E-09 2.3526E-09 2.3892E-09 2.4246E-09 2.4571E-09 2.4874E-09 2.5142E-09 2.5401E-09 2.5624E-09 2.5839E-09 2.5987E-09 2.6157E-09 2.6306E-09 2.6405E-09 2.6463E-09 2.6530E-09 2.6568E-09 2.6615E-09 2.6619E-09 2.6593E-09 2.6513E-09 2.6341E-09 2.6115E-09 2.6002E-09 2.5809E-09 2.5689E-09 2.5463E-09 2.5317E-09 2.4941E-09
1.0018E-09 1.0320E-09 1.0664E-09 1.1112E-09 1.1652E-09 1.2150E-09 1.2697E-09 1.3174E-09 1.3655E-09 1.4165E-09 1.4649E-09 1.5144E-09 1.5681E-09 1.6196E-09 1.6716E-09 1.7269E-09 1.7791E-09 1.8307E-09 1.8835E-09 1.9517E-09 2.0085E-09 2.0617E-09 2.1138E-09 2.1707E-09 2.2229E-09 2.2696E-09 2.3172E-09 2.3605E-09 2.4019E-09 2.4412E-09 2.4793E-09 2.5144E-09 2.5472E-09 2.5778E-09 2.6043E-09 2.6302E-09 2.6522E-09 2.6734E-09 2.6924E-09 2.7091E-09 2.7236E-09 2.7339E-09 2.7441E-09 2.7498E-09 2.7527E-09 2.7508E-09 2.7499E-09 2.7464E-09 2.7381E-09 2.7330E-09 2.7161E-09 2.7064E-09 2.6678E-09 2.6480E-09 2.6294E-09 2.6069E-09 2.5870E-09
1.0304E-09 1.0631E-09 1.1028E-09 1.1608E-09 1.2117E-09 1.2667E-09 1.3159E-09 1.3680E-09 1.4201E-09 1.4695E-09 1.5200E-09 1.5750E-09 1.6279E-09 1.6815E-09 1.7386E-09 1.7931E-09 1.8471E-09 1.9005E-09 1.9680E-09 2.0319E-09 2.0888E-09 2.1437E-09 2.2035E-09 2.2566E-09 2.3082E-09 2.3559E-09 2.4048E-09 2.4490E-09 2.4910E-09 2.5327E-09 2.5704E-09 2.6059E-09 2.6390E-09 2.6696E-09 2.6979E-09 2.7237E-09 2.7472E-09 2.7664E-09 2.7849E-09 2.8011E-09 2.8150E-09 2.8239E-09 2.8312E-09 2.8384E-09 2.8436E-09 2.8442E-09 2.8452E-09 2.8412E-09 2.8337E-09 2.8177E-09 2.8054E-09 2.7886E-09 2.7752E-09 2.7504E-09 2.7236E-09 2.6853E-09 2.6635E-09
1.0600E-09 1.0996E-09 1.1477E-09 1.2072E-09 1.2601E-09 1.3158E-09 1.3682E-09 1.4212E-09 1.4733E-09 1.5249E-09 1.5810E-09 1.6353E-09 1.6903E-09 1.7492E-09 1.8056E-09 1.8620E-09 1.9179E-09 1.9854E-09 2.0531E-09 2.1121E-09 2.1724E-09 2.2343E-09 2.2913E-09 2.3460E-09 2.3967E-09 2.4487E-09 2.4958E-09 2.5407E-09 2.5833E-09 2.6257E-09 2.6638E-09 2.6994E-09 2.7325E-09 2.7631E-09 2.7911E-09 2.8166E-09 2.8396E-09 2.8601E-09 2.8781E-09 2.8937E-09 2.9068E-09 2.9177E-09 2.9263E-09 2.9327E-09 2.9341E-09 2.9328E-09 2.9303E-09 2.9278E-09 2.9228E-09 2.9126E-09 2.8995E-09 2.8793E-09 2.8614E-09 2.8342E-09 2.8129E-09 2.7862E-09 2.7525E-09
1.0950E-09 1.1398E-09 1.1998E-09 1.2523E-09 1.3134E-09 1.3674E-09 1.4194E-09 1.4758E-09 1.5289E-09 1.5840E-09 1.6416E-09 1.6982E-09 1.7566E-09 1.8169E-09 1.8754E-09 1.9338E-09 2.0039E-09 2.0735E-09 2.1364E-09 2.1974E-09 2.2628E-09 2.3250E-09 2.3828E-09 2.4368E-09 2.4918E-09 2.5421E-09 2.5900E-09 2.6357E-09 2.6820E-09 2.7231E-09 2.7615E-09 2.7974E-09 2.8316E-09 2.8623E-09 2.8903E-09 2.9156E-09 2.9383E-09 2.9562E-09 2.9736E-09 2.9884E-09 3.0008E-09 3.0108E-09 3.0184E-09 3.0238E-09 3.0269E-09 3.0253E-09 3.0240E-09 3.0205E-09 3.0109E-09 2.9983E-09 2.9841E-09 2.9701E-09 2.9507E-09 2.9291E-09 2.8980E-09 2.8763E-09 2.8429E-09
1.1326E-09 1.1874E-09 1.2452E-09 1.3074E-09 1.3628E-09 1.4189E-09 1.4767E-09 1.5315E-09 1.5870E-09 1.6471E-09 1.7050E-09 1.7639E-09 1.8270E-09 1.8875E-09 1.9481E-09 2.0148E-09 2.0911E-09 2.1592E-09 2.2233E-09 2.2894E-09 2.3574E-09 2.4185E-09 2.4758E-09 2.5342E-09 2.5878E-09 2.6390E-09 2.6878E-09 2.7372E-09 2.7813E-09 2.8227E-09 2.8613E-09 2.8993E-09 2.9327E-09 2.9632E-09 2.9895E-09 3.0144E-09 3.0365E-09 3.0558E-09 3.0725E-09 3.0865E-09 3.0980E-09 3.1070E-09 3.1136E-09 3.1147E-09 3.1166E-09 3.1163E-09 3.1137E-09 3.1089E-09 3.1013E-09 3.0913E-09 3.0750E-09 3.0595E-09 3.0337E-09 3.0107E-09 2.9858E-09 2.9622E-09 2.9268E-09
1.1754E-09 1.2359E-09 1.2986E-09 1.3582E-09 1.4164E-09 1.4745E-09 1.5324E-09 1.5897E-09 1.6514E-09 1.7108E-09 1.7712E-09 1.8360E-09 1.8983E-09 1.9610E-09 2.0248E-09 2.1061E-09 2.1792E-09 2.2476E-09 2.3140E-09 2.3876E-09 2.4530E-09 2.5138E-09 2.5757E-09 2.6327E-09 2.6873E-09 2.7395E-09 2.7923E-09 2.8395E-09 2.8840E-09 2.9257E-09 2.9666E-09 3.0027E-09 3.0358E-09 3.0661E-09 3.0934E-09 3.1177E-09 3.1392E-09 3.1579E-09 3.1738E-09 3.1870E-09 3.1975E-09 3.2054E-09 3.2109E-09 3.2139E-09 3.2117E-09 3.2100E-09 3.2061E-09 3.1961E-09 3.1871E-09 3.1755E-09 3.1610E-09 3.1441E-09 3.1244E-09 3.0987E-09 3.0710E-09 3.0390E-09 3.0125E-09
1.2254E-09 1.2876E-09 1.3513E-09 1.4123E-09 1.4707E-09 1.5316E-09 1.5907E-09 1.6531E-09 1.7154E-09 1.7774E-09 1.8426E-09 1.9079E-09 1.9727E-09 2.0376E-09 2.1164E-09 2.1974E-09 2.2682E-09 2.3399E-09 2.4154E-09 2.4852E-09 2.5504E-09 2.6139E-09 2.6766E-09 2.7349E-09 2.7906E-09 2.8469E-09 2.8976E-09 2.9454E-09 2.9903E-09 3.0353E-09 3.0745E-09 3.1107E-09 3.1437E-09 3.1736E-09 3.2017E-09 3.2257E-09 3.2446E-09 3.2625E-09 3.2775E-09 3.2896E-09 3.2991E-09 3.3059E-09 3.3101E-09 3.3119E-09 3.3113E-09 3.3056E-09 3.3002E-09 3.2925E-09 3.2820E-09 3.2653E-09 3.2452E-09 3.2266E-09 3.2053E-09 3.1817E-09 3.1563E-09 3.1293E-09 3.0967E-09
1.2728E-09 1.3434E-09 1.4047E-09 1.4652E-09 1.5290E-09 1.5898E-09 1.6529E-09 1.7184E-09 1.7824E-09 1.8482E-09 1.9163E-09 1.9830E-09 2.0501E-09 2.1278E-09 2.2114E-09 2.2877E-09 2.3629E-09 2.4409E-09 2.5150E-09 2.5855E-09 2.6518E-09 2.7194E-09 2.7815E-09 2.8410E-09 2.8988E-09 2.9553E-09 3.0067E-09 3.0550E-09 3.1001E-09 3.1457E-09 3.1849E-09 3.2208E-09 3.2535E-09 3.2841E-09 3.3105E-09 3.3337E-09 3.3537E-09 3.3707E-09 3.3848E-09 3.3959E-09 3.4042E-09 3.4097E-09 3.4126E-09 3.4097E-09 3.4075E-09 3.4030E-09 3.3961E-09 3.3868E-09 3.3748E-09 3.3601E-09 3.3391E-09 3.3188E-09 3.2917E-09 3.2622E-09 3.2351E-09 3.2064E-09 3.1762E-09
1.3281E-09 1.3945E-09 1.4591E-09 1.5246E-09 1.5869E-09 1.6507E-09 1.7194E-09 1.7856E-09 1.8523E-09 1.9235E-09 1.9920E-09 2.0612E-09 2.1366E-09 2.2259E-09 2.3062E-09 2.3830E-09 2.4645E-09 2.5444E-09 2.6189E-09 2.6892E-09 2.7608E-09 2.8269E-09 2.8904E-09 2.9511E-09 3.0125E-09 3.0677E-09 3.1196E-09 3.1683E-09 3.2173E-09 3.2598E-09 3.2988E-09 3.3344E-09 3.3690E-09 3.3981E-09 3.4239E-09 3.4477E-09 3.4670E-09 3.4833E-09 3.4964E-09 3.5065E-09 3.5115E-09 3.5157E-09 3.5172E-09 3.5161E-09 3.5094E-09 3.5033E-09 3.4948E-09 3.4799E-09 3.4661E-09 3.4497E-09 3.4304E-09 3.4084E-09 3.3837E-09 3.3568E-09 3.3236E-09 3.2888E-09 3.2527E-09
1.3836E-09 1.4513E-09 1.5152E-09 1.5822E-09 1.6476E-09 1.7170E-09 1.7866E-09 1.8557E-09 1.9291E-09 1.9997E-09 2.0710E-09 2.1440E-09 2.2336E-09 2.3218E-09 2.4018E-09 2.4838E-09 2.5709E-09 2.6503E-09 2.7248E-09 2.8006E-09 2.8709E-09 2.9386E-09 3.0034E-09 3.0690E-09 3.1281E-09 3.1840E-09 3.2364E-09 3.2892E-09 3.3351E-09 3.3774E-09 3.4162E-09 3.4551E-09 3.4872E-09 3.5142E-09 3.5390E-09 3.5620E-09 3.5803E-09 3.5953E-09 3.6071E-09 3.6158E-09 3.6215E-09 3.6243E-09 3.6243E-09 3.6217E-09 3.6165E-09 3.6088E-09 3.5988E-09 3.5862E-09 3.5670E-09 3.5451E-09 3.5240E-09 3.4957E-09 3.4693E-09 3.4405E-09 3.4097E-09 3.3773E-09 3.3434E-09
1.4399E-09 1.5056E-09 1.5756E-09 1.6426E-09 1.7125E-09 1.7854E-09 1.8569E-09 1.9304E-09 2.0059E-09 2.0793E-09 2.1533E-09 2.2428E-09 2.3336E-09 2.4188E-09 2.5039E-09 2.5930E-09 2.6788E-09 2.7584E-09 2.8362E-09 2.9133E-09 2.9854E-09 3.0547E-09 3.1245E-09 3.1879E-09 3.2479E-09 3.3044E-09 3.3610E-09 3.4107E-09 3.4567E-09 3.4989E-09 3.5410E-09 3.5761E-09 3.6075E-09 3.6353E-09 3.6624E-09 3.6833E-09 3.7007E-09 3.7148E-09 3.7255E-09 3.7330E-09 3.7374E-09 3.7359E-09 3.7343E-09 3.7266E-09 3.7196E-09 3.7100E-09 3.6980E-09 3.6836E-09 3.6663E-09 3.6464E-09 3.6237E-09 3.5981E-09 3.5699E-09 3.5300E-09 3.4927E-09 3.4585E-09 3.4228E-09
1.4956E-09 1.5652E-09 1.6355E-09 1.7059E-09 1.7819E-09 1.8557E-09 1.9304E-09 2.0098E-09 2.0860E-09 2.1623E-09 2.2467E-09 2.3456E-09 2.4339E-09 2.5212E-09 2.6146E-09 2.7039E-09 2.7897E-09 2.8709E-09 2.9538E-09 3.0306E-09 3.1044E-09 3.1776E-09 3.2468E-09 3.3112E-09 3.3720E-09 3.4316E-09 3.4865E-09 3.5363E-09 3.5822E-09 3.6266E-09 3.6663E-09 3.7008E-09 3.7314E-09 3.7613E-09 3.7847E-09 3.8044E-09 3.8220E-09 3.8347E-09 3.8441E-09 3.8501E-09 3.8530E-09 3.8529E-09 3.8498E-09 3.8439E-09 3.8354E-09 3.8244E-09 3.8108E-09 3.7947E-09 3.7671E-09 3.7413E-09 3.7166E-09 3.6891E-09 3.6589E-09 3.6264E-09 3.5917E-09 3.5555E-09 3.5032E-09
1.5532E-09 1.6262E-09 1.6983E-09 1.7749E-09 1.8521E-09 1.9292E-09 2.0113E-09 2.0903E-09 2.1695E-09 2.2501E-09 2.3526E-09 2.4471E-09 2.5376E-09 2.6310E-09 2.7284E-09 2.8185E-09 2.9045E-09 2.9922E-09 3.0738E-09 3.1525E-09 3.2281E-09 3.3045E-09 3.3736E-09 3.4390E-09 3.5004E-09 3.5622E-09 3.6162E-09 3.6660E-09 3.7116E-09 3.7574E-09 3.7953E-09 3.8291E-09 3.8635E-09 3.8898E-09 3.9122E-09 3.9339E-09 3.9491E-09 3.9607E-09 3.9688E-09 3.9735E-09 3.9750E-09 3.9670E-09 3.9620E-09 3.9541E-09 3.9435E-09 3.9303E-09 3.9146E-09 3.8964E-09 3.8754E-09 3.8518E-09 3.8253E-09 3.7912E-09 3.7539E-09 3.7195E-09 3.6780E-09 3.6398E-09 3.6000E-09
1.6151E-09 1.6884E-09 1.7654E-09 1.8460E-09 1.9255E-09 2.0075E-09 2.0920E-09 2.1743E-09 2.2566E-09 2.3554E-09 2.4570E-09 2.5519E-09 2.6474E-09 2.7484E-09 2.8448E-09 2.9355E-09 3.0268E-09 3.1148E-09 3.1987E-09 3.2793E-09 3.3607E-09 3.4348E-09 3.5051E-09 3.5713E-09 3.6376E-09 3.6961E-09 3.7501E-09 3.7998E-09 3.8495E-09 3.8910E-09 3.9282E-09 3.9659E-09 3.9951E-09 4.0203E-09 4.0445E-09 4.0620E-09 4.0756E-09 4.0871E-09 4.0936E-09 4.0967E-09 4.0964E-09 4.0929E-09 4.0864E-09 4.0770E-09 4.0648E-09 4.0500E-09 4.0326E-09 4.0077E-09 3.9803E-09 3.9507E-09 3.9221E-09 3.8907E-09 3.8566E-09 3.8201E-09 3.7766E-09 3.7306E-09 3.6889E-09
1.6765E-09 1.7535E-09 1.8373E-09 1.9190E-09 2.0022E-09 2.0908E-09 2.1762E-09 2.2619E-09 2.3558E-09 2.4649E-09 2.5630E-09 2.6616E-09 2.7653E-09 2.8670E-09 2.9638E-09 3.0587E-09 3.1533E-09 3.2425E-09 3.3285E-09 3.4151E-09 3.4945E-09 3.5700E-09 3.6413E-09 3.7125E-09 3.7757E-09 3.8344E-09 3.8884E-09 3.9423E-09 3.9877E-09 4.0286E-09 4.0682E-09 4.1023E-09 4.1304E-09 4.1590E-09 4.1792E-09 4.1954E-09 4.2106E-09 4.2194E-09 4.2245E-09 4.2260E-09 4.2217E-09 4.2129E-09 4.2042E-09 4.1925E-09 4.1780E-09 4.1609E-09 4.1411E-09 4.1189E-09 4.0938E-09 4.0661E-09 4.0357E-09 3.9966E-09 3.9552E-09 3.9167E-09 3.8711E-09 3.8287E-09 3.7847E-09
1.7409E-09 1.8247E-09 1.9099E-09 1.9955E-09 2.0853E-09 2.1752E-09 2.2641E-09 2.3560E-09 2.4644E-09 2.5730E-09 2.6738E-09 2.7806E-09 2.8876E-09 2.9897E-09 3.0879E-09 3.1889E-09 3.2837E-09 3.3753E-09 3.4648E-09 3.5525E-09 3.6335E-09 3.7101E-09 3.7852E-09 3.8549E-09 3.9184E-09 3.9772E-09 4.0355E-09 4.0852E-09 4.1301E-09 4.1702E-09 4.2111E-09 4.2425E-09 4.2693E-09 4.2971E-09 4.3158E-09 4.3302E-09 4.3442E-09 4.3510E-09 4.3541E-09 4.3552E-09 4.3514E-09 4.3442E-09 4.3338E-09 4.3204E-09 4.3042E-09 4.2852E-09 4.2636E-09 4.2345E-09 4.2074E-09 4.1731E-09 4.1365E-09 4.1010E-09 4.0628E-09 4.0222E-09 3.9732E-09 3.9288E-09 3.8767E-09
1.8098E-09 1.8980E-09 1.9859E-09 2.0769E-09 2.1710E-09 2.2633E-09 2.3558E-09 2.4620E-09 2.5791E-09 2.6847E-09 2.7923E-09 2.9043E-09 3.0129E-09 3.1158E-09 3.2203E-09 3.3220E-09 3.4194E-09 3.5134E-09 3.6083E-09 3.6951E-09 3.7775E-09 3.8568E-09 3.9333E-09 4.0021E-09 4.0659E-09 4.1262E-09 4.1834E-09 4.2326E-09 4.2767E-09 4.3215E-09 4.3565E-09 4.3865E-09 4.4175E-09 4.4389E-09 4.4559E-09 4.4739E-09 4.4830E-09 4.4880E-09 4.4909E-09 4.4886E-09 4.4826E-09 4.4700E-09 4.4572E-09 4.4414E-09 4.4226E-09 4.4011E-09 4.3770E-09 4.3503E-09 4.3209E-09 4.2888E-09 4.2541E-09 4.2107E-09 4.1705E-09 4.1223E-09 4.0774E-09 4.0256E-09 3.9709E-09
1.8835E-09 1.9733E-09 2.0653E-09 2.1636E-09 2.2590E-09 2.3551E-09 2.4603E-09 2.5781E-09 2.6916E-09 2.8016E-09 2.9184E-09 3.0325E-09 3.1410E-09 3.2489E-09 3.3573E-09 3.4605E-09 3.5607E-09 3.6617E-09 3.7546E-09 3.8431E-09 3.9269E-09 4.0106E-09 4.0851E-09 4.1543E-09 4.2182E-09 4.2819E-09 4.3358E-09 4.3844E-09 4.4333E-09 4.4722E-09 4.5058E-09 4.5401E-09 4.5646E-09 4.5843E-09 4.6049E-09 4.6162E-09 4.6232E-09 4.6297E-09 4.6290E-09 4.6245E-09 4.6181E-09 4.6067E-09 4.5921E-09 4.5743E-09 4.5536E-09 4.5302E-09 4.5040E-09 4.4753E-09 4.4387E-09 4.3999E-09 4.3589E-09 4.3191E-09 4.2766E-09 4.2317E-09 4.1780E-09 4.1292E-09 4.0788E-09
1.9580E-09 2.0521E-09 2.1515E-09 2.2514E-09 2.3509E-09 2.4538E-09 2.5747E-09 2.6948E-09 2.8105E-09 2.9286E-09 3.0493E-09 3.1633E-09 3.2747E-09 3.3896E-09 3.4985E-09 3.6048E-09 3.7107E-09 3.8116E-09 3.9065E-09 3.9966E-09 4.0864E-09 4.1669E-09 4.2420E-09 4.3115E-09 4.3805E-09 4.4395E-09 4.4929E-09 4.5463E-09 4.5894E-09 4.6270E-09 4.6650E-09 4.6928E-09 4.7156E-09 4.7390E-09 4.7528E-09 4.7620E-09 4.7722E-09 4.7734E-09 4.7706E-09 4.7656E-09 4.7554E-09 4.7386E-09 4.7213E-09 4.7008E-09 4.6774E-09 4.6512E-09 4.6223E-09 4.5908E-09 4.5566E-09 4.5199E-09 4.4806E-09 4.4387E-09 4.3880E-09 4.3410E-09 4.2860E-09 4.2296E-09 4.1767E-09
2.0360E-09 2.1360E-09 2.2403E-09 2.3430E-09 2.4466E-09 2.5650E-09 2.6940E-09 2.8132E-09 2.9353E-09 3.0606E-09 3.1825E-09 3.2988E-09 3.4174E-09 3.5334E-09 3.6457E-09 3.7564E-09 3.8656E-09 3.9673E-09 4.0641E-09 4.1589E-09 4.2474E-09 4.3287E-09 4.4043E-09 4.4789E-09 4.5434E-09 4.6020E-09 4.6566E-09 4.7080E-09 4.7499E-09 4.7918E-09 4.8234E-09 4.8495E-09 4.8760E-09 4.8925E-09 4.9042E-09 4.9166E-09 4.9198E-09 4.9185E-09 4.9167E-09 4.9079E-09 4.8952E-09 4.8790E-09 4.8613E-09 4.8387E-09 4.8132E-09 4.7848E-09 4.7537E-09 4.7170E-09 4.6753E-09 4.6315E-09 4.5895E-09 4.5450E-09 4.4979E-09 4.4486E-09 4.3970E-09 4.3367E-09 4.2817E-09
2.1175E-09 2.2255E-09 2.3314E-09 2.4386E-09 2.5543E-09 2.6851E-09 2.8127E-09 2.9371E-09 3.0694E-09 3.1975E-09 3.3198E-09 3.4419E-09 3.5651E-09 3.6833E-09 3.7988E-09 3.9161E-09 4.0250E-09 4.1289E-09 4.2275E-09 4.3260E-09 4.4140E-09 4.4960E-09 4.5735E-09 4.6472E-09 4.7115E-09 4.7694E-09 4.8278E-09 4.8744E-09 4.9168E-09 4.9562E-09 4.9861E-09 5.0151E-09 5.0369E-09 5.0513E-09 5.0662E-09 5.0715E-09 5.0722E-09 5.0720E-09 5.0644E-09 5.0528E-09 5.0374E-09 5.0202E-09 4.9979E-09 4.9724E-09 4.9438E-09 4.9125E-09 4.8784E-09 4.8417E-09 4.8016E-09 4.7593E-09 4.7151E-09 4.6684E-09 4.6193E-09 4.5614E-09 4.4980E-09 4.4420E-09 4.3844E-09
2.2059E-09 2.3160E-09 2.4265E-09 2.5398E-09 2.6706E-09 2.8076E-09 2.9369E-09 3.0713E-09 3.2071E-09 3.3372E-09 3.4631E-09 3.5931E-09 3.7175E-09 3.8394E-09 3.9616E-09 4.0792E-09 4.1906E-09 4.2966E-09 4.4022E-09 4.4974E-09 4.5864E-09 4.6688E-09 4.7506E-09 4.8209E-09 4.8846E-09 4.9486E-09 5.0013E-09 5.0468E-09 5.0925E-09 5.1264E-09 5.1543E-09 5.1831E-09 5.2009E-09 5.2159E-09 5.2273E-09 5.2301E-09 5.2281E-09 5.2278E-09 5.2177E-09 5.2035E-09 5.1874E-09 5.1658E-09 5.1408E-09 5.1125E-09 5.0811E-09 5.0468E-09 5.0099E-09 4.9703E-09 4.9282E-09 4.8784E-09 4.8312E-09 4.7817E-09 4.7297E-09 4.6756E-09 4.6193E-09 4.5611E-09 4.4941E-09
2.2969E-09 2.4104E-09 2.5257E-09 2.6521E-09 2.7936E-09 2.9332E-09 3.0685E-09 3.2110E-09 3.3505E-09 3.4820E-09 3.6160E-09 3.7479E-09 3.8763E-09 4.0035E-09 4.1297E-09 4.2486E-09 4.3625E-09 4.4741E-09 4.5785E-09 4.6749E-09 4.7645E-09 4.8530E-09 4.9308E-09 5.0013E-09 5.0688E-09 5.1283E-09 5.1788E-09 5.2295E-09 5.2695E-09 5.3027E-09 5.3352E-09 5.3562E-09 5.3713E-09 5.3875E-09 5.3926E-09 5.3927E-09 5.3942E-09 5.3856E-09 5.3726E-09 5.3573E-09 5.3370E-09 5.3124E-09 5.2838E-09 5.2518E-09 5.2172E-09 5.1796E-09 5.1394E-09 5.0966E-09 5.0513E-09 5.0036E-09 4.9536E-09 4.9012E-09 4.8466E-09 4.7833E-09 4.7243E-09 4.6635E-09 4.6006E-09
2.3904E-09 2.5089E-09 2.6323E-09 2.7720E-09 2.9216E-09 3.0632E-09 3.2095E-09 3.3576E-09 3.4966E-09 3.6332E-09 3.7743E-09 3.9092E-09 4.0417E-09 4.1747E-09 4.3029E-09 4.4246E-09 4.5425E-09 4.6567E-09 4.7610E-09 4.8591E-09 4.9538E-09 5.0396E-09 5.1165E-09 5.1885E-09 5.2577E-09 5.3149E-09 5.3687E-09 5.4142E-09 5.4509E-09 5.4876E-09 5.5131E-09 5.5323E-09 5.5516E-09 5.5595E-09 5.5619E-09 5.5655E-09 5.5586E-09 5.5470E-09 5.5328E-09 5.5136E-09 5.4899E-09 5.4619E-09 5.4303E-09 5.3954E-09 5.3573E-09 5.3164E-09 5.2727E-09 5.2265E-09 5.1774E-09 5.1256E-09 5.0722E-09 5.0168E-09 4.9592E-09 4.8996E-09 4.8380E-09 4.7732E-09 4.7006E-09
