Assets/Resources/2015_m01_d29_2200(utc+0800)_l00_csi_1hr_conc.grd
DSAA
         159         159
     -79.000      79.000
     -79.000      79.000
  0.0000E+00  0.7997E-05
[rows 0 to 24 of 159, columns 57 to 113 of 159]
4.4648E-11 4.6423E-11 4.8249E-11 5.0126E-11 5.2055E-11 5.4037E-11 5.6071E-11 5.8158E-11 6.0299E-11 6.2493E-11 6.4740E-11 6.7041E-11 6.9395E-11 7.1803E-11 7.4264E-11 7.6779E-11 7.9346E-11 8.1966E-11 8.4636E-11 8.7358E-11 9.0128E-11 9.2946E-11 9.5809E-11 9.8716E-11 1.0166E-10 1.0465E-10 1.0767E-10 1.1072E-10 1.1379E-10 1.1687E-10 1.1996E-10 1.2304E-10 1.2612E-10 1.2920E-10 1.3226E-10 1.3531E-10 1.3834E-10 1.4135E-10 1.4435E-10 1.4731E-10 1.5024E-10 1.5315E-10 1.5602E-10 1.5885E-10 1.6164E-10 1.6439E-10 1.6709E-10 1.6975E-10 1.7235E-10 1.7490E-10 1.7740E-10 1.7983E-10 1.8221E-10 1.8453E-10 1.8678E-10 1.8897E-10 1.9109E-10
4.4914E-11 4.6700E-11 4.8537E-11 5.0426E-11 5.2367E-11 5.4361E-11 5.6408E-11 5.8508E-11 6.0662E-11 6.2869E-11 6.5130E-11 6.7445E-11 6.9814E-11 7.2237E-11 7.4714E-11 7.7244E-11 7.9828E-11 8.2464E-11 8.5151E-11 8.7890E-11 9.0677E-11 9.3512E-11 9.6393E-11 9.9317E-11 1.0228E-10 1.0529E-10 1.0833E-10 1.1140E-10 1.1449E-10 1.1759E-10 1.2070E-10 1.2381E-10 1.2692E-10 1.3001E-10 1.3310E-10 1.3618E-10 1.3924E-10 1.4227E-10 1.4529E-10 1.4828E-10 1.5124E-10 1.5417E-10 1.5706E-10 1.5991E-10 1.6273E-10 1.6550E-10 1.6822E-10 1.7090E-10 1.7353E-10 1.7610E-10 1.7861E-10 1.8107E-10 1.8347E-10 1.8580E-10 1.8808E-10 1.9028E-10 1.9242E-10
4.5164E-11 4.6960E-11 4.8807E-11 5.0707E-11 5.2659E-11 5.4665E-11 5.6723E-11 5.8836E-11 6.1002E-11 6.3222E-11 6.5496E-11 6.7825E-11 7.0208E-11 7.2645E-11 7.5136E-11 7.7681E-11 8.0280E-11 8.2931E-11 8.5635E-11 8.8389E-11 9.1193E-11 9.4045E-11 9.6943E-11 9.9884E-11 1.0287E-10 1.0589E-10 1.0894E-10 1.1203E-10 1.1514E-10 1.1827E-10 1.2140E-10 1.2454E-10 1.2767E-10 1.3079E-10 1.3390E-10 1.3700E-10 1.4008E-10 1.4315E-10 1.4619E-10 1.4920E-10 1.5218E-10 1.5513E-10 1.5805E-10 1.6093E-10 1.6377E-10 1.6656E-10 1.6931E-10 1.7200E-10 1.7465E-10 1.7724E-10 1.7978E-10 1.8226E-10 1.8467E-10 1.8703E-10 1.8932E-10 1.9154E-10 1.9369E-10
4.5396E-11 4.7202E-11 4.9059E-11 5.0969E-11 5.2932E-11 5.4948E-11 5.7018E-11 5.9141E-11 6.1319E-11 6.3551E-11 6.5838E-11 6.8179E-11 7.0575E-11 7.3025E-11 7.5530E-11 7.8089E-11 8.0701E-11 8.3367E-11 8.6086E-11 8.8856E-11 9.1676E-11 9.4544E-11 9.7458E-11 1.0042E-10 1.0341E-10 1.0645E-10 1.0952E-10 1.1263E-10 1.1576E-10 1.1891E-10 1.2206E-10 1.2522E-10 1.2837E-10 1.3152E-10 1.3466E-10 1.3778E-10 1.4089E-10 1.4397E-10 1.4704E-10 1.5007E-10 1.5308E-10 1.5605E-10 1.5899E-10 1.6189E-10 1.6475E-10 1.6757E-10 1.7034E-10 1.7306E-10 1.7572E-10 1.7834E-10 1.8089E-10 1.8339E-10 1.8582E-10 1.8820E-10 1.9050E-10 1.9274E-10 1.9491E-10
4.5612E-11 4.7426E-11 4.9293E-11 5.1212E-11 5.3185E-11 5.5211E-11 5.7291E-11 5.9425E-11 6.1613E-11 6.3857E-11 6.6155E-11 6.8508E-11 7.0915E-11 7.3378E-11 7.5895E-11 7.8467E-11 8.1092E-11 8.3772E-11 8.6505E-11 8.9289E-11 9.2124E-11 9.5007E-11 9.7936E-11 1.0091E-10 1.0392E-10 1.0698E-10 1.1007E-10 1.1319E-10 1.1634E-10 1.1950E-10 1.2268E-10 1.2586E-10 1.2904E-10 1.3221E-10 1.3537E-10 1.3851E-10 1.4164E-10 1.4475E-10 1.4784E-10 1.5090E-10 1.5393E-10 1.5692E-10 1.5988E-10 1.6281E-10 1.6569E-10 1.6852E-10 1.7131E-10 1.7405E-10 1.7674E-10 1.7937E-10 1.8195E-10 1.8446E-10 1.8692E-10 1.8931E-10 1.9163E-10 1.9389E-10 1.9607E-10
4.5809E-11 4.7632E-11 4.9507E-11 5.1435E-11 5.3417E-11 5.5452E-11 5.7541E-11 5.9685E-11 6.1884E-11 6.4137E-11 6.6446E-11 6.8810E-11 7.1228E-11 7.3702E-11 7.6231E-11 7.8815E-11 8.1453E-11 8.4144E-11 8.6890E-11 8.9688E-11 9.2537E-11 9.5434E-11 9.8378E-11 1.0137E-10 1.0440E-10 1.0747E-10 1.1057E-10 1.1371E-10 1.1687E-10 1.2006E-10 1.2325E-10 1.2645E-10 1.2965E-10 1.3285E-10 1.3603E-10 1.3920E-10 1.4235E-10 1.4548E-10 1.4859E-10 1.5167E-10 1.5472E-10 1.5774E-10 1.6072E-10 1.6367E-10 1.6657E-10 1.6943E-10 1.7224E-10 1.7500E-10 1.7770E-10 1.8036E-10 1.8295E-10 1.8548E-10 1.8796E-10 1.9036E-10 1.9270E-10 1.9498E-10 1.9718E-10
4.5989E-11 4.7820E-11 4.9702E-11 5.1638E-11 5.3628E-11 5.5672E-11 5.7770E-11 5.9922E-11 6.2130E-11 6.4393E-11 6.6711E-11 6.9085E-11 7.1514E-11 7.3998E-11 7.6538E-11 7.9132E-11 8.1781E-11 8.4484E-11 8.7242E-11 9.0052E-11 9.2913E-11 9.5824E-11 9.8782E-11 1.0179E-10 1.0483E-10 1.0791E-10 1.1103E-10 1.1418E-10 1.1736E-10 1.2057E-10 1.2378E-10 1.2700E-10 1.3023E-10 1.3344E-10 1.3664E-10 1.3983E-10 1.4301E-10 1.4616E-10 1.4929E-10 1.5239E-10 1.5547E-10 1.5851E-10 1.6151E-10 1.6447E-10 1.6740E-10 1.7027E-10 1.7310E-10 1.7588E-10 1.7861E-10 1.8128E-10 1.8389E-10 1.8645E-10 1.8893E-10 1.9136E-10 1.9372E-10 1.9600E-10 1.9822E-10
4.6151E-11 4.7988E-11 4.9878E-11 5.1821E-11 5.3818E-11 5.5870E-11 5.7975E-11 6.0136E-11 6.2352E-11 6.4624E-11 6.6951E-11 6.9333E-11 7.1771E-11 7.4265E-11 7.6814E-11 7.9418E-11 8.2078E-11 8.4791E-11 8.7559E-11 9.0380E-11 9.3253E-11 9.6177E-11 9.9147E-11 1.0216E-10 1.0522E-10 1.0832E-10 1.1145E-10 1.1462E-10 1.1781E-10 1.2103E-10 1.2427E-10 1.2751E-10 1.3075E-10 1.3398E-10 1.3721E-10 1.4042E-10 1.4362E-10 1.4679E-10 1.4994E-10 1.5306E-10 1.5616E-10 1.5922E-10 1.6224E-10 1.6523E-10 1.6817E-10 1.7107E-10 1.7392E-10 1.7671E-10 1.7946E-10 1.8215E-10 1.8478E-10 1.8735E-10 1.8985E-10 1.9229E-10 1.9467E-10 1.9697E-10 1.9920E-10
4.6295E-11 4.8138E-11 5.0034E-11 5.1984E-11 5.3987E-11 5.6046E-11 5.8158E-11 6.0326E-11 6.2550E-11 6.4829E-11 6.7164E-11 6.9554E-11 7.2001E-11 7.4503E-11 7.7061E-11 7.9674E-11 8.2342E-11 8.5065E-11 8.7842E-11 9.0673E-11 9.3557E-11 9.6491E-11 9.9474E-11 1.0250E-10 1.0557E-10 1.0868E-10 1.1183E-10 1.1501E-10 1.1822E-10 1.2145E-10 1.2470E-10 1.2796E-10 1.3122E-10 1.3448E-10 1.3773E-10 1.4096E-10 1.4417E-10 1.4737E-10 1.5054E-10 1.5368E-10 1.5679E-10 1.5987E-10 1.6292E-10 1.6592E-10 1.6888E-10 1.7180E-10 1.7467E-10 1.7748E-10 1.8025E-10 1.8295E-10 1.8560E-10 1.8819E-10 1.9071E-10 1.9317E-10 1.9556E-10 1.9788E-10 2.0012E-10
4.6421E-11 4.8269E-11 5.0170E-11 5.2126E-11 5.4135E-11 5.6199E-11 5.8318E-11 6.0493E-11 6.2723E-11 6.5008E-11 6.7350E-11 6.9748E-11 7.2201E-11 7.4711E-11 7.7276E-11 7.9897E-11 8.2574E-11 8.5305E-11 8.8090E-11 9.0930E-11 9.3823E-11 9.6767E-11 9.9760E-11 1.0280E-10 1.0588E-10 1.0901E-10 1.1217E-10 1.1536E-10 1.1858E-10 1.2183E-10 1.2509E-10 1.2837E-10 1.3165E-10 1.3493E-10 1.3819E-10 1.4144E-10 1.4467E-10 1.4789E-10 1.5108E-10 1.5424E-10 1.5737E-10 1.6047E-10 1.6354E-10 1.6656E-10 1.6954E-10 1.7247E-10 1.7536E-10 1.7819E-10 1.8097E-10 1.8370E-10 1.8636E-10 1.8897E-10 1.9151E-10 1.9398E-10 1.9638E-10 1.9872E-10 2.0098E-10
4.6528E-11 4.8381E-11 5.0287E-11 5.2247E-11 5.4261E-11 5.6331E-11 5.8455E-11 6.0635E-11 6.2871E-11 6.5162E-11 6.7510E-11 6.9914E-11 7.2373E-11 7.4889E-11 7.7461E-11 8.0089E-11 8.2772E-11 8.5511E-11 8.8303E-11 9.1150E-11 9.4051E-11 9.7003E-11 1.0001E-10 1.0306E-10 1.0615E-10 1.0928E-10 1.1246E-10 1.1566E-10 1.1890E-10 1.2216E-10 1.2544E-10 1.2873E-10 1.3203E-10 1.3532E-10 1.3860E-10 1.4187E-10 1.4512E-10 1.4836E-10 1.5156E-10 1.5475E-10 1.5790E-10 1.6101E-10 1.6410E-10 1.6714E-10 1.7013E-10 1.7309E-10 1.7599E-10 1.7884E-10 1.8164E-10 1.8438E-10 1.8706E-10 1.8968E-10 1.9224E-10 1.9472E-10 1.9714E-10 1.9949E-10 2.0177E-10
4.6616E-11 4.8473E-11 5.0383E-11 5.2347E-11 5.4366E-11 5.6439E-11 5.8568E-11 6.0753E-11 6.2993E-11 6.5290E-11 6.7642E-11 7.0051E-11 7.2516E-11 7.5038E-11 7.7615E-11 8.0249E-11 8.2938E-11 8.5682E-11 8.8481E-11 9.1334E-11 9.4241E-11 9.7201E-11 1.0021E-10 1.0327E-10 1.0637E-10 1.0952E-10 1.1270E-10 1.1592E-10 1.1916E-10 1.2244E-10 1.2573E-10 1.2903E-10 1.3235E-10 1.3566E-10 1.3896E-10 1.4225E-10 1.4552E-10 1.4877E-10 1.5200E-10 1.5519E-10 1.5836E-10 1.6150E-10 1.6460E-10 1.6765E-10 1.7067E-10 1.7364E-10 1.7656E-10 1.7943E-10 1.8224E-10 1.8500E-10 1.8770E-10 1.9033E-10 1.9290E-10 1.9540E-10 1.9784E-10 2.0020E-10 2.0249E-10
4.6686E-11 4.8545E-11 5.0459E-11 5.2426E-11 5.4448E-11 5.6525E-11 5.8658E-11 6.0846E-11 6.3090E-11 6.5391E-11 6.7748E-11 7.0161E-11 7.2630E-11 7.5156E-11 7.7738E-11 8.0376E-11 8.3070E-11 8.5819E-11 8.8623E-11 9.1482E-11 9.4394E-11 9.7359E-11 1.0038E-10 1.0344E-10 1.0655E-10 1.0971E-10 1.1290E-10 1.1613E-10 1.1938E-10 1.2267E-10 1.2597E-10 1.2929E-10 1.3262E-10 1.3595E-10 1.3927E-10 1.4257E-10 1.4586E-10 1.4913E-10 1.5237E-10 1.5558E-10 1.5877E-10 1.6192E-10 1.6504E-10 1.6811E-10 1.7114E-10 1.7413E-10 1.7707E-10 1.7995E-10 1.8278E-10 1.8555E-10 1.8827E-10 1.9092E-10 1.9350E-10 1.9602E-10 1.9847E-10 2.0084E-10 2.0315E-10
4.6736E-11 4.8598E-11 5.0514E-11 5.2484E-11 5.4509E-11 5.6589E-11 5.8724E-11 6.0915E-11 6.3162E-11 6.5466E-11 6.7825E-11 7.0242E-11 7.2715E-11 7.5244E-11 7.7830E-11 8.0471E-11 8.3169E-11 8.5922E-11 8.8730E-11 9.1592E-11 9.4508E-11 9.7477E-11 1.0050E-10 1.0357E-10 1.0669E-10 1.0985E-10 1.1305E-10 1.1629E-10 1.1955E-10 1.2285E-10 1.2616E-10 1.2950E-10 1.3284E-10 1.3618E-10 1.3952E-10 1.4284E-10 1.4614E-10 1.4943E-10 1.5268E-10 1.5592E-10 1.5912E-10 1.6228E-10 1.6542E-10 1.6851E-10 1.7155E-10 1.7456E-10 1.7751E-10 1.8041E-10 1.8325E-10 1.8604E-10 1.8877E-10 1.9143E-10 1.9403E-10 1.9656E-10 1.9903E-10 2.0142E-10 2.0373E-10
4.6768E-11 4.8632E-11 5.0549E-11 5.2521E-11 5.4547E-11 5.6629E-11 5.8766E-11 6.0959E-11 6.3208E-11 6.5514E-11 6.7876E-11 7.0294E-11 7.2770E-11 7.5301E-11 7.7889E-11 8.0534E-11 8.3234E-11 8.5989E-11 8.8800E-11 9.1665E-11 9.4584E-11 9.7556E-11 1.0058E-10 1.0366E-10 1.0678E-10 1.0995E-10 1.1315E-10 1.1640E-10 1.1967E-10 1.2298E-10 1.2630E-10 1.2965E-10 1.3300E-10 1.3636E-10 1.3971E-10 1.4305E-10 1.4637E-10 1.4967E-10 1.5294E-10 1.5619E-10 1.5940E-10 1.6259E-10 1.6573E-10 1.6884E-10 1.7190E-10 1.7492E-10 1.7788E-10 1.8080E-10 1.8366E-10 1.8646E-10 1.8920E-10 1.9188E-10 1.9449E-10 1.9704E-10 1.9951E-10 2.0192E-10 2.0425E-10
4.6781E-11 4.8645E-11 5.0564E-11 5.2536E-11 5.4564E-11 5.6646E-11 5.8784E-11 6.0979E-11 6.3229E-11 6.5536E-11 6.7899E-11 7.0319E-11 7.2795E-11 7.5328E-11 7.7918E-11 8.0563E-11 8.3265E-11 8.6022E-11 8.8834E-11 9.1701E-11 9.4622E-11 9.7596E-11 1.0062E-10 1.0370E-10 1.0683E-10 1.1000E-10 1.1321E-10 1.1646E-10 1.1975E-10 1.2306E-10 1.2639E-10 1.2975E-10 1.3311E-10 1.3648E-10 1.3985E-10 1.4320E-10 1.4654E-10 1.4985E-10 1.5314E-10 1.5640E-10 1.5963E-10 1.6283E-10 1.6599E-10 1.6911E-10 1.7218E-10 1.7521E-10 1.7820E-10 1.8112E-10 1.8400E-10 1.8681E-10 1.8957E-10 1.9226E-10 1.9489E-10 1.9745E-10 1.9993E-10 2.0235E-10 2.0469E-10
4.6775E-11 4.8639E-11 5.0558E-11 5.2530E-11 5.4558E-11 5.6641E-11 5.8779E-11 6.0973E-11 6.3224E-11 6.5531E-11 6.7894E-11 7.0314E-11 7.2791E-11 7.5324E-11 7.7914E-11 8.0560E-11 8.3262E-11 8.6020E-11 8.8833E-11 9.1700E-11 9.4621E-11 9.7596E-11 1.0062E-10 1.0370E-10 1.0683E-10 1.1000E-10 1.1322E-10 1.1648E-10 1.1977E-10 1.2309E-10 1.2643E-10 1.2979E-10 1.3317E-10 1.3655E-10 1.3992E-10 1.4329E-10 1.4664E-10 1.4997E-10 1.5327E-10 1.5655E-10 1.5979E-10 1.6300E-10 1.6618E-10 1.6931E-10 1.7240E-10 1.7545E-10 1.7844E-10 1.8138E-10 1.8427E-10 1.8710E-10 1.8987E-10 1.9257E-10 1.9521E-10 1.9778E-10 2.0028E-10 2.0271E-10 2.0506E-10
4.6749E-11 4.8613E-11 5.0531E-11 5.2503E-11 5.4530E-11 5.6612E-11 5.8750E-11 6.0943E-11 6.3193E-11 6.5499E-11 6.7862E-11 7.0281E-11 7.2757E-11 7.5290E-11 7.7879E-11 8.0525E-11 8.3226E-11 8.5983E-11 8.8795E-11 9.1661E-11 9.4582E-11 9.7556E-11 1.0058E-10 1.0366E-10 1.0679E-10 1.0996E-10 1.1318E-10 1.1644E-10 1.1974E-10 1.2306E-10 1.2641E-10 1.2978E-10 1.3316E-10 1.3655E-10 1.3994E-10 1.4333E-10 1.4669E-10 1.5003E-10 1.5335E-10 1.5664E-10 1.5989E-10 1.6312E-10 1.6630E-10 1.6945E-10 1.7255E-10 1.7561E-10 1.7862E-10 1.8157E-10 1.8447E-10 1.8731E-10 1.9009E-10 1.9281E-10 1.9546E-10 1.9804E-10 2.0055E-10 2.0299E-10 2.0536E-10
4.6705E-11 4.8568E-11 5.0484E-11 5.2455E-11 5.4480E-11 5.6560E-11 5.8696E-11 6.0888E-11 6.3137E-11 6.5441E-11 6.7802E-11 7.0220E-11 7.2694E-11 7.5225E-11 7.7813E-11 8.0456E-11 8.3156E-11 8.5911E-11 8.8721E-11 9.1586E-11 9.4505E-11 9.7477E-11 1.0050E-10 1.0358E-10 1.0670E-10 1.0988E-10 1.1310E-10 1.1636E-10 1.1966E-10 1.2299E-10 1.2634E-10 1.2972E-10 1.3311E-10 1.3651E-10 1.3991E-10 1.4330E-10 1.4668E-10 1.5003E-10 1.5336E-10 1.5666E-10 1.5993E-10 1.6317E-10 1.6636E-10 1.6952E-10 1.7264E-10 1.7571E-10 1.7872E-10 1.8169E-10 1.8460E-10 1.8746E-10 1.9025E-10 1.9298E-10 1.9564E-10 1.9823E-10 2.0076E-10 2.0321E-10 2.0558E-10
4.6642E-11 4.8503E-11 5.0417E-11 5.2385E-11 5.4408E-11 5.6486E-11 5.8619E-11 6.0809E-11 6.3055E-11 6.5357E-11 6.7715E-11 7.0130E-11 7.2602E-11 7.5130E-11 7.7714E-11 8.0355E-11 8.3052E-11 8.5804E-11 8.8611E-11 9.1473E-11 9.4389E-11 9.7358E-11 1.0038E-10 1.0345E-10 1.0658E-10 1.0975E-10 1.1297E-10 1.1623E-10 1.1953E-10 1.2286E-10 1.2622E-10 1.2960E-10 1.3299E-10 1.3640E-10 1.3981E-10 1.4321E-10 1.4660E-10 1.4997E-10 1.5331E-10 1.5663E-10 1.5990E-10 1.6315E-10 1.6636E-10 1.6953E-10 1.7265E-10 1.7573E-10 1.7876E-10 1.8174E-10 1.8466E-10 1.8753E-10 1.9033E-10 1.9307E-10 1.9574E-10 1.9835E-10 2.0088E-10 2.0334E-10 2.0573E-10
4.6560E-11 4.8418E-11 5.0329E-11 5.2294E-11 5.4314E-11 5.6388E-11 5.8519E-11 6.0705E-11 6.2947E-11 6.5246E-11 6.7600E-11 7.0012E-11 7.2480E-11 7.5004E-11 7.7585E-11 8.0222E-11 8.2914E-11 8.5662E-11 8.8466E-11 9.1323E-11 9.4235E-11 9.7200E-11 1.0022E-10 1.0329E-10 1.0640E-10 1.0957E-10 1.1279E-10 1.1605E-10 1.1935E-10 1.2268E-10 1.2604E-10 1.2942E-10 1.3282E-10 1.3623E-10 1.3965E-10 1.4306E-10 1.4647E-10 1.4985E-10 1.5320E-10 1.5652E-10 1.5981E-10 1.6307E-10 1.6629E-10 1.6947E-10 1.7260E-10 1.7569E-10 1.7873E-10 1.8172E-10 1.8465E-10 1.8753E-10 1.9034E-10 1.9309E-10 1.9578E-10 1.9839E-10 2.0094E-10 2.0341E-10 2.0580E-10
4.6460E-11 4.8313E-11 5.0221E-11 5.2182E-11 5.4198E-11 5.6268E-11 5.8395E-11 6.0577E-11 6.2814E-11 6.5108E-11 6.7459E-11 6.9865E-11 7.2329E-11 7.4848E-11 7.7424E-11 8.0056E-11 8.2743E-11 8.5486E-11 8.8284E-11 9.1137E-11 9.4043E-11 9.7002E-11 1.0001E-10 1.0308E-10 1.0619E-10 1.0935E-10 1.1256E-10 1.1582E-10 1.1911E-10 1.2244E-10 1.2581E-10 1.2919E-10 1.3260E-10 1.3601E-10 1.3943E-10 1.4286E-10 1.4627E-10 1.4966E-10 1.5302E-10 1.5636E-10 1.5966E-10 1.6292E-10 1.6615E-10 1.6934E-10 1.7248E-10 1.7558E-10 1.7863E-10 1.8163E-10 1.8457E-10 1.8746E-10 1.9028E-10 1.9304E-10 1.9573E-10 1.9836E-10 2.0091E-10 2.0339E-10 2.0580E-10
4.6341E-11 4.8190E-11 5.0092E-11 5.2049E-11 5.4060E-11 5.6126E-11 5.8247E-11 6.0424E-11 6.2656E-11 6.4945E-11 6.7290E-11 6.9691E-11 7.2148E-11 7.4662E-11 7.7232E-11 7.9858E-11 8.2539E-11 8.5276E-11 8.8068E-11 9.0913E-11 9.3813E-11 9.6766E-11 9.9771E-11 1.0283E-10 1.0593E-10 1.0909E-10 1.1229E-10 1.1554E-10 1.1883E-10 1.2216E-10 1.2552E-10 1.2891E-10 1.3231E-10 1.3573E-10 1.3916E-10 1.4258E-10 1.4600E-10 1.4941E-10 1.5278E-10 1.5613E-10 1.5944E-10 1.6271E-10 1.6595E-10 1.6914E-10 1.7230E-10 1.7540E-10 1.7846E-10 1.8147E-10 1.8442E-10 1.8731E-10 1.9015E-10 1.9291E-10 1.9562E-10 1.9825E-10 2.0081E-10 2.0330E-10 2.0572E-10
4.6203E-11 4.8047E-11 4.9944E-11 5.1895E-11 5.3901E-11 5.5961E-11 5.8076E-11 6.0247E-11 6.2473E-11 6.4756E-11 6.7094E-11 6.9489E-11 7.1940E-11 7.4446E-11 7.7009E-11 7.9628E-11 8.2302E-11 8.5032E-11 8.7816E-11 9.0654E-11 9.3546E-11 9.6491E-11 9.9488E-11 1.0254E-10 1.0563E-10 1.0878E-10 1.1198E-10 1.1522E-10 1.1850E-10 1.2183E-10 1.2518E-10 1.2857E-10 1.3197E-10 1.3539E-10 1.3882E-10 1.4225E-10 1.4568E-10 1.4909E-10 1.5247E-10 1.5583E-10 1.5915E-10 1.6243E-10 1.6568E-10 1.6888E-10 1.7204E-10 1.7516E-10 1.7822E-10 1.8124E-10 1.8420E-10 1.8710E-10 1.8994E-10 1.9271E-10 1.9542E-10 1.9807E-10 2.0064E-10 2.0314E-10 2.0556E-10
4.6047E-11 4.7885E-11 4.9776E-11 5.1721E-11 5.3720E-11 5.5774E-11 5.7882E-11 6.0046E-11 6.2266E-11 6.4541E-11 6.6872E-11 6.9259E-11 7.1702E-11 7.4201E-11 7.6756E-11 7.9366E-11 8.2032E-11 8.4753E-11 8.7529E-11 9.0358E-11 9.3241E-11 9.6177E-11 9.9165E-11 1.0220E-10 1.0529E-10 1.0843E-10 1.1162E-10 1.1485E-10 1.1813E-10 1.2144E-10 1.2479E-10 1.2817E-10 1.3157E-10 1.3499E-10 1.3843E-10 1.4186E-10 1.4529E-10 1.4871E-10 1.5210E-10 1.5547E-10 1.5880E-10 1.6209E-10 1.6534E-10 1.6855E-10 1.7171E-10 1.7484E-10 1.7791E-10 1.8093E-10 1.8390E-10 1.8681E-10 1.8965E-10 1.9244E-10 1.9516E-10 1.9781E-10 2.0039E-10 2.0289E-10 2.0532E-10
