Assets/Resources/2015_m01_d17_1400(utc+0800)_l00_csi_1hr_conc.grd
DSAA
         159         159
     -79.000      79.000
     -79.000      79.000
  0.0000E+00  0.3519E-05
[rows 25 to 49 of 159, columns 57 to 113 of 159]
6.5035E-09 6.3181E-09 6.1322E-09 5.9369E-09 5.7331E-09 5.5302E-09 5.3260E-09 5.1118E-09 4.9044E-09 4.7017E-09 4.5080E-09 4.3160E-09 4.1080E-09 3.9138E-09 3.7173E-09 3.5191E-09 3.3082E-09 3.1115E-09 2.9134E-09 2.7177E-09 2.5047E-09 2.3164E-09 2.1398E-09 1.9578E-09 1.8000E-09 1.6541E-09 1.5171E-09 1.3856E-09 1.2638E-09 1.1521E-09 1.0464E-09 9.4756E-10 8.5886E-10 7.7271E-10 6.9786E-10 6.2661E-10 5.6220E-10 5.0342E-10 4.4900E-10 4.0080E-10 3.5479E-10 3.1547E-10 2.7784E-10 2.4494E-10 2.1551E-10 1.8788E-10 1.6546E-10 1.4330E-10 1.2307E-10 1.0214E-10 8.6512E-11 7.1512E-11 6.0972E-11 5.1541E-11 4.3813E-11 3.6435E-11 3.0011E-11
6.7117E-09 6.5075E-09 6.3016E-09 6.0944E-09 5.8809E-09 5.6582E-09 5.4386E-09 5.2145E-09 4.9872E-09 4.7636E-09 4.5612E-09 4.3616E-09 4.1446E-09 3.9437E-09 3.7410E-09 3.5375E-09 3.3337E-09 3.1196E-09 2.9185E-09 2.7186E-09 2.5020E-09 2.3078E-09 2.1299E-09 1.9483E-09 1.7880E-09 1.6425E-09 1.5057E-09 1.3763E-09 1.2526E-09 1.1414E-09 1.0370E-09 9.3757E-10 8.4941E-10 7.6556E-10 6.8933E-10 6.1945E-10 5.5465E-10 4.9720E-10 4.4242E-10 3.9473E-10 3.4913E-10 3.1027E-10 2.7305E-10 2.4054E-10 2.1151E-10 1.8542E-10 1.6215E-10 1.4030E-10 1.2037E-10 9.9695E-11 8.4345E-11 6.9595E-11 5.9283E-11 4.9863E-11 4.2093E-11 3.4932E-11 2.9147E-11
6.9198E-09 6.7005E-09 6.4731E-09 6.2472E-09 6.0194E-09 5.7893E-09 5.5490E-09 5.3095E-09 5.0688E-09 4.8264E-09 4.6078E-09 4.4005E-09 4.1913E-09 3.9674E-09 3.7586E-09 3.5493E-09 3.3407E-09 3.1208E-09 2.9182E-09 2.7153E-09 2.5058E-09 2.2945E-09 2.1156E-09 1.9326E-09 1.7723E-09 1.6274E-09 1.4910E-09 1.3631E-09 1.2388E-09 1.1283E-09 1.0255E-09 9.2668E-10 8.3824E-10 7.5593E-10 6.7943E-10 6.1107E-10 5.4602E-10 4.8923E-10 4.3591E-10 3.8906E-10 3.4410E-10 3.0450E-10 2.6895E-10 2.3572E-10 2.0714E-10 1.8145E-10 1.5857E-10 1.3707E-10 1.1747E-10 9.8610E-11 8.0801E-11 6.7083E-11 5.6989E-11 4.7893E-11 4.0598E-11 3.2897E-11 2.7282E-11
7.1321E-09 6.8913E-09 6.6477E-09 6.3997E-09 6.1531E-09 5.9066E-09 5.6602E-09 5.4072E-09 5.1465E-09 4.9045E-09 4.6479E-09 4.4328E-09 4.2162E-09 3.9840E-09 3.7696E-09 3.5552E-09 3.3415E-09 3.1298E-09 2.9100E-09 2.7070E-09 2.4961E-09 2.2799E-09 2.0970E-09 1.9130E-09 1.7578E-09 1.6088E-09 1.4732E-09 1.3461E-09 1.2247E-09 1.1129E-09 1.0110E-09 9.1398E-10 8.2541E-10 7.4394E-10 6.6822E-10 6.0069E-10 5.3729E-10 4.8112E-10 4.2857E-10 3.8155E-10 3.3721E-10 2.9819E-10 2.6322E-10 2.3048E-10 2.0351E-10 1.7719E-10 1.5473E-10 1.3476E-10 1.1440E-10 9.5892E-11 7.8420E-11 6.5003E-11 5.4731E-11 4.6348E-11 3.8824E-11 3.1602E-11 2.5221E-11
7.3494E-09 7.0832E-09 6.8179E-09 6.5517E-09 6.2840E-09 6.0191E-09 5.7570E-09 5.4984E-09 5.2201E-09 4.9651E-09 4.6864E-09 4.4577E-09 4.2343E-09 4.0104E-09 3.7736E-09 3.5540E-09 3.3358E-09 3.1201E-09 2.8960E-09 2.6919E-09 2.4800E-09 2.2668E-09 2.0740E-09 1.8894E-09 1.7362E-09 1.5869E-09 1.4523E-09 1.3264E-09 1.2071E-09 1.0953E-09 9.9452E-10 8.9950E-10 8.1097E-10 7.3142E-10 6.5670E-10 5.8999E-10 5.2755E-10 4.7137E-10 4.1963E-10 3.7337E-10 3.3094E-10 2.9138E-10 2.5705E-10 2.2612E-10 1.9847E-10 1.7265E-10 1.5066E-10 1.3113E-10 1.1116E-10 9.3050E-11 7.5947E-11 6.2853E-11 5.2646E-11 4.3585E-11 3.7495E-11 3.0039E-11 2.4345E-11
7.5666E-09 7.2784E-09 6.9868E-09 6.6986E-09 6.4120E-09 6.1276E-09 5.8489E-09 5.5753E-09 5.3073E-09 5.0214E-09 4.7560E-09 4.4758E-09 4.2443E-09 4.0144E-09 3.7706E-09 3.5460E-09 3.3234E-09 3.1040E-09 2.8818E-09 2.6699E-09 2.4589E-09 2.2472E-09 2.0467E-09 1.8620E-09 1.7100E-09 1.5629E-09 1.4286E-09 1.3041E-09 1.1871E-09 1.0755E-09 9.7613E-10 8.8329E-10 7.9501E-10 7.1667E-10 6.4305E-10 5.7744E-10 5.1601E-10 4.6079E-10 4.0996E-10 3.6455E-10 3.2293E-10 2.8409E-10 2.5047E-10 2.2018E-10 1.9313E-10 1.6785E-10 1.4638E-10 1.2731E-10 1.0779E-10 9.0097E-11 7.3395E-11 6.0206E-11 5.0546E-11 4.1770E-11 3.4465E-11 2.8940E-11 2.2982E-11
7.7847E-09 7.4704E-09 7.1559E-09 6.8421E-09 6.5336E-09 6.2308E-09 5.9355E-09 5.6464E-09 5.3640E-09 5.0837E-09 4.7956E-09 4.4957E-09 4.2472E-09 4.0108E-09 3.7760E-09 3.5306E-09 3.3040E-09 3.0813E-09 2.8642E-09 2.6422E-09 2.4306E-09 2.2217E-09 2.0167E-09 1.8306E-09 1.6802E-09 1.5369E-09 1.4020E-09 1.2792E-09 1.1648E-09 1.0548E-09 9.5590E-10 8.6456E-10 7.7862E-10 7.0149E-10 6.2920E-10 5.6388E-10 5.0359E-10 4.4943E-10 4.0044E-10 3.5515E-10 3.1442E-10 2.7637E-10 2.4352E-10 2.1393E-10 1.8752E-10 1.6284E-10 1.4190E-10 1.2334E-10 1.0429E-10 8.7049E-11 7.0776E-11 5.7227E-11 4.7960E-11 3.9956E-11 3.2904E-11 2.6649E-11 2.0881E-11
8.0047E-09 7.6607E-09 7.3201E-09 6.9820E-09 6.6502E-09 6.3278E-09 6.0152E-09 5.7114E-09 5.4149E-09 5.1269E-09 4.8299E-09 4.5428E-09 4.2431E-09 3.9991E-09 3.7590E-09 3.5077E-09 3.2774E-09 3.0518E-09 2.8325E-09 2.6085E-09 2.3957E-09 2.1885E-09 1.9872E-09 1.7955E-09 1.6472E-09 1.5069E-09 1.3727E-09 1.2519E-09 1.1394E-09 1.0322E-09 9.3396E-10 8.4518E-10 7.6086E-10 6.8426E-10 6.1339E-10 5.4938E-10 4.9122E-10 4.3737E-10 3.8950E-10 3.4521E-10 3.0544E-10 2.6825E-10 2.3623E-10 2.0739E-10 1.8167E-10 1.5762E-10 1.3726E-10 1.1789E-10 9.8008E-11 7.9885E-11 6.6248E-11 5.4771E-11 4.4805E-11 3.7665E-11 3.1355E-11 2.5094E-11 1.9556E-11
8.2233E-09 7.8487E-09 7.4796E-09 7.1160E-09 6.7616E-09 6.4188E-09 6.0871E-09 5.7703E-09 5.4589E-09 5.1554E-09 4.8614E-09 4.5590E-09 4.2397E-09 3.9789E-09 3.7336E-09 3.4864E-09 3.2429E-09 3.0149E-09 2.7940E-09 2.5771E-09 2.3557E-09 2.1507E-09 1.9519E-09 1.7570E-09 1.6110E-09 1.4730E-09 1.3421E-09 1.2224E-09 1.1120E-09 1.0077E-09 9.1040E-10 8.2350E-10 7.4090E-10 6.6593E-10 5.9749E-10 5.3404E-10 4.7725E-10 4.2466E-10 3.7798E-10 3.3479E-10 2.9605E-10 2.6107E-10 2.2865E-10 2.0059E-10 1.7452E-10 1.5223E-10 1.3142E-10 1.1257E-10 9.4361E-11 7.6767E-11 6.1868E-11 5.0501E-11 4.2710E-11 3.5344E-11 2.8325E-11 2.3074E-11 1.7766E-11
8.4376E-09 8.0332E-09 7.6331E-09 7.2436E-09 6.8662E-09 6.5034E-09 6.1529E-09 5.8165E-09 5.4954E-09 5.1786E-09 4.8726E-09 4.5669E-09 4.2590E-09 3.9507E-09 3.6992E-09 3.4531E-09 3.2003E-09 2.9707E-09 2.7491E-09 2.5351E-09 2.3114E-09 2.1072E-09 1.9156E-09 1.7151E-09 1.5719E-09 1.4376E-09 1.3092E-09 1.1907E-09 1.0827E-09 9.8064E-10 8.8536E-10 8.0050E-10 7.1978E-10 6.4658E-10 5.7983E-10 5.1792E-10 4.6261E-10 4.1137E-10 3.6597E-10 3.2394E-10 2.8629E-10 2.5230E-10 2.2081E-10 1.9359E-10 1.6829E-10 1.4670E-10 1.2653E-10 1.0828E-10 9.0649E-11 7.3179E-11 5.8506E-11 4.8070E-11 4.0153E-11 3.3091E-11 2.7064E-11 2.1348E-11 1.6053E-11
8.6469E-09 8.2099E-09 7.7801E-09 7.3644E-09 6.9635E-09 6.5789E-09 6.2113E-09 5.8563E-09 5.5199E-09 5.1930E-09 4.8716E-09 4.5537E-09 4.2555E-09 3.9203E-09 3.6549E-09 3.4061E-09 3.1535E-09 2.9202E-09 2.6992E-09 2.4886E-09 2.2631E-09 2.0602E-09 1.8749E-09 1.6740E-09 1.5301E-09 1.3987E-09 1.2730E-09 1.1571E-09 1.0516E-09 9.5203E-10 8.5898E-10 7.7632E-10 6.9857E-10 6.2632E-10 5.6137E-10 5.0112E-10 4.4738E-10 3.9848E-10 3.5352E-10 3.1359E-10 2.7622E-10 2.4327E-10 2.1274E-10 1.8640E-10 1.6191E-10 1.4104E-10 1.2155E-10 1.0392E-10 8.5353E-11 6.8332E-11 5.5459E-11 4.5151E-11 3.7040E-11 3.0346E-11 2.4862E-11 1.9421E-11 1.5061E-11
8.8490E-09 8.3785E-09 7.9191E-09 7.4767E-09 7.0524E-09 6.6451E-09 6.2596E-09 5.8881E-09 5.5328E-09 5.1962E-09 4.8631E-09 4.5439E-09 4.2318E-09 3.9024E-09 3.6024E-09 3.3515E-09 3.1037E-09 2.8641E-09 2.6444E-09 2.4355E-09 2.2167E-09 2.0097E-09 1.8349E-09 1.6316E-09 1.4857E-09 1.3575E-09 1.2359E-09 1.1217E-09 1.0191E-09 9.2301E-10 8.3249E-10 7.5108E-10 6.7550E-10 6.0526E-10 5.4222E-10 4.8467E-10 4.3163E-10 3.8425E-10 3.4070E-10 3.0206E-10 2.6589E-10 2.3402E-10 2.0451E-10 1.7906E-10 1.5542E-10 1.3530E-10 1.1651E-10 9.8155E-11 8.1172E-11 6.3402E-11 5.0608E-11 4.1841E-11 3.5041E-11 2.8407E-11 2.2511E-11 1.7488E-11 1.2929E-11
9.0383E-09 8.5377E-09 8.0488E-09 7.5776E-09 7.1312E-09 6.7026E-09 6.2953E-09 5.9095E-09 5.5346E-09 5.1833E-09 4.8444E-09 4.5103E-09 4.1878E-09 3.8809E-09 3.5472E-09 3.2902E-09 3.0450E-09 2.8028E-09 2.5846E-09 2.3781E-09 2.1613E-09 1.9559E-09 1.7842E-09 1.5847E-09 1.4392E-09 1.3144E-09 1.1960E-09 1.0848E-09 9.8510E-10 8.9182E-10 8.0388E-10 7.2491E-10 6.5164E-10 5.8450E-10 5.2248E-10 4.6677E-10 4.1545E-10 3.6966E-10 3.2757E-10 2.9026E-10 2.5534E-10 2.2460E-10 1.9613E-10 1.7162E-10 1.4885E-10 1.2847E-10 1.1142E-10 9.3321E-11 7.4608E-11 6.0166E-11 4.7890E-11 3.8762E-11 3.2100E-11 2.6518E-11 2.0392E-11 1.5453E-11 1.1545E-11
9.2149E-09 8.6823E-09 8.1666E-09 7.6682E-09 7.1956E-09 6.7475E-09 6.3180E-09 5.9161E-09 5.5273E-09 5.1587E-09 4.8128E-09 4.4708E-09 4.1408E-09 3.8387E-09 3.4946E-09 3.2224E-09 2.9774E-09 2.7360E-09 2.5203E-09 2.3169E-09 2.1051E-09 1.8992E-09 1.7308E-09 1.5408E-09 1.3906E-09 1.2695E-09 1.1545E-09 1.0466E-09 9.4994E-10 8.5959E-10 7.7539E-10 6.9796E-10 6.2710E-10 5.6219E-10 5.0224E-10 4.4846E-10 3.9893E-10 3.5477E-10 3.1419E-10 2.7716E-10 2.4345E-10 2.1273E-10 1.8651E-10 1.6307E-10 1.4112E-10 1.2265E-10 1.0500E-10 8.6112E-11 6.8983E-11 5.4978E-11 4.5010E-11 3.6017E-11 2.9503E-11 2.3921E-11 1.8386E-11 1.4165E-11 9.0775E-12
9.3778E-09 8.8124E-09 8.2686E-09 7.7456E-09 7.2458E-09 6.7781E-09 6.3298E-09 5.9070E-09 5.5087E-09 5.1242E-09 4.7678E-09 4.4240E-09 4.0851E-09 3.7733E-09 3.4537E-09 3.1477E-09 2.9064E-09 2.6676E-09 2.4518E-09 2.2521E-09 2.0434E-09 1.8399E-09 1.6751E-09 1.4935E-09 1.3418E-09 1.2230E-09 1.1117E-09 1.0083E-09 9.1378E-10 8.2649E-10 7.4514E-10 6.7037E-10 6.0201E-10 5.3941E-10 4.8163E-10 4.2983E-10 3.8214E-10 3.3967E-10 3.0065E-10 2.6419E-10 2.3266E-10 2.0315E-10 1.7801E-10 1.5435E-10 1.3450E-10 1.1567E-10 9.8204E-11 8.0230E-11 6.5258E-11 5.0254E-11 4.0345E-11 3.3636E-11 2.7159E-11 2.1229E-11 1.6626E-11 1.1745E-11 7.8915E-12
9.5248E-09 8.9259E-09 8.3527E-09 7.8073E-09 7.2828E-09 6.7911E-09 6.3289E-09 5.8862E-09 5.4764E-09 5.0800E-09 4.7112E-09 4.3642E-09 4.0218E-09 3.6980E-09 3.3925E-09 3.0703E-09 2.8272E-09 2.5942E-09 2.3791E-09 2.1836E-09 1.9810E-09 1.7806E-09 1.6175E-09 1.4387E-09 1.2947E-09 1.1754E-09 1.0688E-09 9.6799E-10 8.7681E-10 7.9269E-10 7.1431E-10 6.4228E-10 5.7651E-10 5.1630E-10 4.6073E-10 4.1097E-10 3.6517E-10 3.2367E-10 2.8620E-10 2.5202E-10 2.2182E-10 1.9354E-10 1.6950E-10 1.4685E-10 1.2789E-10 1.0841E-10 9.3030E-11 7.4360E-11 5.8702E-11 4.5251E-11 3.6940E-11 3.0258E-11 2.4712E-11 1.8802E-11 1.4324E-11 1.0158E-11 6.0795E-12
9.6567E-09 9.0219E-09 8.4194E-09 7.8485E-09 7.3060E-09 6.7898E-09 6.3114E-09 5.8528E-09 5.4274E-09 5.0243E-09 4.6418E-09 4.2891E-09 3.9459E-09 3.6140E-09 3.3177E-09 2.9960E-09 2.7422E-09 2.5134E-09 2.3027E-09 2.1118E-09 1.9130E-09 1.7160E-09 1.5576E-09 1.3847E-09 1.2472E-09 1.1267E-09 1.0241E-09 9.2693E-10 8.3922E-10 7.5837E-10 6.8304E-10 6.1384E-10 5.5072E-10 4.9295E-10 4.3965E-10 3.9118E-10 3.4810E-10 3.0747E-10 2.7252E-10 2.3983E-10 2.1098E-10 1.8394E-10 1.6101E-10 1.3832E-10 1.2110E-10 1.0231E-10 8.5020E-11 6.8718E-11 5.3169E-11 4.2454E-11 3.3793E-11 2.7347E-11 2.1331E-11 1.6764E-11 1.1819E-11 8.3929E-12 3.8672E-12
9.7710E-09 9.0993E-09 8.4674E-09 7.8713E-09 7.3099E-09 6.7727E-09 6.2750E-09 5.8057E-09 5.3628E-09 4.9539E-09 4.5601E-09 4.2015E-09 3.8604E-09 3.5262E-09 3.2252E-09 2.9191E-09 2.6517E-09 2.4311E-09 2.2221E-09 2.0363E-09 1.8423E-09 1.6516E-09 1.4956E-09 1.3273E-09 1.1965E-09 1.0772E-09 9.7870E-10 8.8535E-10 8.0121E-10 7.2371E-10 6.5150E-10 5.8519E-10 5.2477E-10 4.6949E-10 4.1850E-10 3.7216E-10 3.3018E-10 2.9219E-10 2.5886E-10 2.2654E-10 2.0018E-10 1.7332E-10 1.5141E-10 1.3073E-10 1.1206E-10 9.6296E-11 7.8890E-11 6.1661E-11 4.8408E-11 3.6926E-11 3.1325E-11 2.4232E-11 1.9336E-11 1.4327E-11 1.0184E-11 6.0935E-12 2.6511E-12
9.8679E-09 9.1556E-09 8.4925E-09 7.8732E-09 7.2911E-09 6.7393E-09 6.2200E-09 5.7415E-09 5.2839E-09 4.8668E-09 4.4677E-09 4.1027E-09 3.7647E-09 3.4258E-09 3.1307E-09 2.8407E-09 2.5574E-09 2.3409E-09 2.1375E-09 1.9572E-09 1.7692E-09 1.5825E-09 1.4319E-09 1.2691E-09 1.1448E-09 1.0273E-09 9.3292E-10 8.4347E-10 7.6296E-10 6.8887E-10 6.1984E-10 5.5647E-10 4.9878E-10 4.4521E-10 3.9649E-10 3.5225E-10 3.1317E-10 2.7620E-10 2.4528E-10 2.1451E-10 1.8829E-10 1.6392E-10 1.4208E-10 1.2304E-10 1.0534E-10 8.8087E-11 7.2520E-11 5.6382E-11 4.2907E-11 3.4190E-11 2.7209E-11 2.2490E-11 1.6698E-11 1.2724E-11 7.8525E-12 4.3502E-12 1.7949E-12
9.9519E-09 9.1956E-09 8.4957E-09 7.8519E-09 7.2496E-09 6.6849E-09 6.1475E-09 5.6574E-09 5.1916E-09 4.7647E-09 4.3643E-09 3.9934E-09 3.6562E-09 3.3210E-09 3.0252E-09 2.7477E-09 2.4624E-09 2.2473E-09 2.0528E-09 1.8751E-09 1.6934E-09 1.5117E-09 1.3665E-09 1.2103E-09 1.0925E-09 9.7778E-10 8.8594E-10 8.0150E-10 7.2467E-10 6.5403E-10 5.8821E-10 5.2781E-10 4.7288E-10 4.2186E-10 3.7550E-10 3.3342E-10 2.9630E-10 2.6116E-10 2.2992E-10 2.0262E-10 1.7671E-10 1.5351E-10 1.3353E-10 1.1443E-10 9.6563E-11 8.2442E-11 6.4237E-11 4.9168E-11 3.8726E-11 3.0307E-11 2.5003E-11 1.9150E-11 1.3973E-11 1.0097E-11 5.7905E-12 2.6298E-12 7.7351E-13
1.0003E-08 9.2173E-09 8.4810E-09 7.8053E-09 7.1856E-09 6.6069E-09 6.0584E-09 5.5551E-09 5.0851E-09 4.6493E-09 4.2493E-09 3.8745E-09 3.5389E-09 3.2147E-09 2.9140E-09 2.6463E-09 2.3681E-09 2.1507E-09 1.9624E-09 1.7907E-09 1.6158E-09 1.4400E-09 1.3006E-09 1.1490E-09 1.0391E-09 9.2857E-10 8.4007E-10 7.5963E-10 6.8652E-10 6.1841E-10 5.5575E-10 4.9851E-10 4.4628E-10 3.9776E-10 3.5472E-10 3.1399E-10 2.7964E-10 2.4633E-10 2.1674E-10 1.8976E-10 1.6640E-10 1.4402E-10 1.2290E-10 1.0713E-10 9.0261E-11 7.3364E-11 5.7015E-11 4.4364E-11 3.3428E-11 2.7373E-11 2.1688E-11 1.6450E-11 1.1593E-11 7.2973E-12 4.2954E-12 1.7745E-12 0.0000E+00
1.0026E-08 9.2145E-09 8.4464E-09 7.7376E-09 7.0974E-09 6.5065E-09 5.9513E-09 5.4361E-09 4.9641E-09 4.5217E-09 4.1241E-09 3.7478E-09 3.4151E-09 3.0980E-09 2.7991E-09 2.5433E-09 2.2708E-09 2.0518E-09 1.8699E-09 1.7044E-09 1.5366E-09 1.3680E-09 1.2345E-09 1.0900E-09 9.8524E-10 8.7942E-10 7.9447E-10 7.1806E-10 6.4867E-10 5.8406E-10 5.2464E-10 4.7038E-10 4.2092E-10 3.7496E-10 3.3424E-10 2.9569E-10 2.6166E-10 2.3095E-10 2.0381E-10 1.7833E-10 1.5357E-10 1.3371E-10 1.1485E-10 9.7938E-11 8.1796E-11 6.5743E-11 5.0952E-11 3.7793E-11 2.9697E-11 2.3784E-11 1.8282E-11 1.4186E-11 9.1438E-12 5.4273E-12 2.1384E-12 4.9055E-13 0.0000E+00
1.0024E-08 9.1795E-09 8.3888E-09 7.6523E-09 6.9874E-09 6.3843E-09 5.8250E-09 5.3007E-09 4.8290E-09 4.3837E-09 3.9878E-09 3.6151E-09 3.2855E-09 2.9765E-09 2.6810E-09 2.4320E-09 2.1701E-09 1.9515E-09 1.7764E-09 1.6175E-09 1.4569E-09 1.2958E-09 1.1685E-09 1.0313E-09 9.3156E-10 8.3057E-10 7.4935E-10 6.7696E-10 6.1130E-10 5.5017E-10 4.9397E-10 4.4269E-10 3.9597E-10 3.5172E-10 3.1246E-10 2.7774E-10 2.4566E-10 2.1672E-10 1.8922E-10 1.6468E-10 1.4341E-10 1.2363E-10 1.0573E-10 9.0108E-11 7.3181E-11 5.8260E-11 4.2994E-11 3.3514E-11 2.6706E-11 2.0662E-11 1.5812E-11 1.1307E-11 6.6977E-12 3.6832E-12 1.2758E-12 0.0000E+00 0.0000E+00
1.0022E-08 9.1230E-09 8.3067E-09 7.5468E-09 6.8596E-09 6.2416E-09 5.6795E-09 5.1509E-09 4.6785E-09 4.2364E-09 3.8425E-09 3.4758E-09 3.1511E-09 2.8510E-09 2.5602E-09 2.3184E-09 2.0662E-09 1.8509E-09 1.6824E-09 1.5302E-09 1.3773E-09 1.2239E-09 1.1028E-09 9.7318E-10 8.7784E-10 7.8221E-10 7.0491E-10 6.3652E-10 5.7455E-10 5.1688E-10 4.6388E-10 4.1467E-10 3.7152E-10 3.2983E-10 2.9286E-10 2.5940E-10 2.2929E-10 2.0176E-10 1.7678E-10 1.5330E-10 1.3246E-10 1.1397E-10 9.7226E-11 8.1179E-11 6.6663E-11 4.9374E-11 3.8780E-11 2.8866E-11 2.3078E-11 1.8006E-11 1.2801E-11 8.8771E-12 4.3812E-12 1.8142E-12 4.7652E-13 0.0000E+00 0.0000E+00
1.0018E-08 9.0666E-09 8.2080E-09 7.4231E-09 6.7128E-09 6.0831E-09 5.5137E-09 4.9874E-09 4.5156E-09 4.0795E-09 3.6897E-09 3.3308E-09 3.0127E-09 2.7216E-09 2.4373E-09 2.2033E-09 1.9599E-09 1.7500E-09 1.5883E-09 1.4431E-09 1.2955E-09 1.1500E-09 1.0379E-09 9.1587E-10 8.2443E-10 7.3249E-10 6.6025E-10 5.9689E-10 5.3769E-10 4.8335E-10 4.3447E-10 3.8819E-10 3.4597E-10 3.0762E-10 2.7379E-10 2.4163E-10 2.1329E-10 1.8733E-10 1.6316E-10 1.4144E-10 1.2200E-10 1.0434E-10 8.8975E-11 7.2767E-11 5.7790E-11 4.4097E-11 3.1918E-11 2.5067E-11 1.9489E-11 1.4316E-11 9.7334E-12 5.9676E-12 2.6299E-12 4.9663E-13 0.0000E+00 0.0000E+00 0.0000E+00
