Assets/Resources/2015_m01_d24_0100(utc+0800)_l00_csi_1hr_conc.grd
DSAA
         159         159
     -79.000      79.000
     -79.000      79.000
  0.1494E-10  0.1450E-04
[rows 75 to 99 of 159, columns 0 to 56 of 159]
3.4441E-11 3.5823E-11 3.7251E-11 3.8726E-11 4.0250E-11 4.1824E-11 4.3448E-11 4.5124E-11 4.6853E-11 4.8636E-11 5.0474E-11 5.2369E-11 5.4321E-11 5.6333E-11 5.8404E-11 6.0536E-11 6.2730E-11 6.4988E-11 6.7310E-11 6.9698E-11 7.2152E-11 7.4675E-11 7.7266E-11 7.9927E-11 8.2658E-11 8.5462E-11 8.8339E-11 9.1290E-11 9.4316E-11 9.7418E-11 1.0060E-10 1.0385E-10 1.0719E-10 1.1060E-10 1.1410E-10 1.1767E-10 1.2133E-10 1.2507E-10 1.2889E-10 1.3279E-10 1.3678E-10 1.4086E-10 1.4501E-10 1.4926E-10 1.5505E-10 1.6231E-10 1.7161E-10 1.8229E-10 1.9605E-10 2.1034E-10 2.3040E-10 2.5362E-10 2.8100E-10 3.1735E-10 3.5648E-10 3.9300E-10 4.3397E-10
3.4444E-11 3.5826E-11 3.7255E-11 3.8731E-11 4.0255E-11 4.1829E-11 4.3453E-11 4.5130E-11 4.6859E-11 4.8643E-11 5.0482E-11 5.2378E-11 5.4331E-11 5.6343E-11 5.8415E-11 6.0548E-11 6.2743E-11 6.5002E-11 6.7325E-11 6.9714E-11 7.2169E-11 7.4692E-11 7.7285E-11 7.9947E-11 8.2680E-11 8.5485E-11 8.8364E-11 9.1316E-11 9.4344E-11 9.7447E-11 1.0063E-10 1.0388E-10 1.0722E-10 1.1064E-10 1.1413E-10 1.1771E-10 1.2137E-10 1.2511E-10 1.2893E-10 1.3284E-10 1.3683E-10 1.4091E-10 1.4507E-10 1.4931E-10 1.5431E-10 1.6126E-10 1.7092E-10 1.8206E-10 1.9526E-10 2.0901E-10 2.2831E-10 2.4873E-10 2.7944E-10 3.2142E-10 3.5753E-10 3.9543E-10 4.3705E-10
3.4439E-11 3.5821E-11 3.7250E-11 3.8725E-11 4.0250E-11 4.1824E-11 4.3449E-11 4.5125E-11 4.6855E-11 4.8639E-11 5.0478E-11 5.2374E-11 5.4327E-11 5.6339E-11 5.8412E-11 6.0545E-11 6.2741E-11 6.5000E-11 6.7323E-11 6.9712E-11 7.2168E-11 7.4692E-11 7.7285E-11 7.9948E-11 8.2682E-11 8.5487E-11 8.8366E-11 9.1320E-11 9.4348E-11 9.7452E-11 1.0063E-10 1.0389E-10 1.0723E-10 1.1065E-10 1.1414E-10 1.1772E-10 1.2138E-10 1.2512E-10 1.2895E-10 1.3286E-10 1.3685E-10 1.4093E-10 1.4509E-10 1.4934E-10 1.5367E-10 1.6036E-10 1.7033E-10 1.7923E-10 1.9177E-10 2.0635E-10 2.2485E-10 2.5007E-10 2.8333E-10 3.1682E-10 3.5559E-10 3.9702E-10 4.3977E-10
3.4425E-11 3.5807E-11 3.7235E-11 3.8711E-11 4.0235E-11 4.1808E-11 4.3433E-11 4.5109E-11 4.6839E-11 4.8622E-11 5.0461E-11 5.2357E-11 5.4310E-11 5.6322E-11 5.8394E-11 6.0527E-11 6.2723E-11 6.4982E-11 6.7305E-11 6.9694E-11 7.2150E-11 7.4674E-11 7.7266E-11 7.9929E-11 8.2663E-11 8.5468E-11 8.8348E-11 9.1301E-11 9.4329E-11 9.7433E-11 1.0061E-10 1.0387E-10 1.0721E-10 1.1063E-10 1.1412E-10 1.1770E-10 1.2136E-10 1.2511E-10 1.2893E-10 1.3284E-10 1.3683E-10 1.4091E-10 1.4507E-10 1.4932E-10 1.5365E-10 1.5946E-10 1.6668E-10 1.7753E-10 1.8972E-10 2.0514E-10 2.2311E-10 2.4679E-10 2.7853E-10 3.1472E-10 3.5333E-10 3.9851E-10 4.3405E-10
3.4403E-11 3.5784E-11 3.7212E-11 3.8686E-11 4.0210E-11 4.1783E-11 4.3407E-11 4.5082E-11 4.6811E-11 4.8594E-11 5.0432E-11 5.2327E-11 5.4280E-11 5.6291E-11 5.8362E-11 6.0495E-11 6.2690E-11 6.4948E-11 6.7270E-11 6.9659E-11 7.2114E-11 7.4637E-11 7.7228E-11 7.9890E-11 8.2623E-11 8.5429E-11 8.8307E-11 9.1259E-11 9.4287E-11 9.7390E-11 1.0057E-10 1.0383E-10 1.0717E-10 1.1058E-10 1.1408E-10 1.1766E-10 1.2132E-10 1.2506E-10 1.2888E-10 1.3279E-10 1.3678E-10 1.4086E-10 1.4502E-10 1.4927E-10 1.5360E-10 1.5869E-10 1.6554E-10 1.7585E-10 1.8746E-10 1.9977E-10 2.2387E-10 2.4640E-10 2.7708E-10 3.1545E-10 3.5176E-10 3.9508E-10 4.2869E-10
3.4372E-11 3.5752E-11 3.7179E-11 3.8653E-11 4.0175E-11 4.1747E-11 4.3370E-11 4.5045E-11 4.6772E-11 4.8554E-11 5.0391E-11 5.2285E-11 5.4236E-11 5.6246E-11 5.8316E-11 6.0448E-11 6.2641E-11 6.4898E-11 6.7219E-11 6.9606E-11 7.2060E-11 7.4581E-11 7.7172E-11 7.9832E-11 8.2564E-11 8.5368E-11 8.8244E-11 9.1195E-11 9.4221E-11 9.7323E-11 1.0050E-10 1.0376E-10 1.0709E-10 1.1051E-10 1.1400E-10 1.1758E-10 1.2124E-10 1.2498E-10 1.2880E-10 1.3271E-10 1.3670E-10 1.4077E-10 1.4493E-10 1.4918E-10 1.5351E-10 1.5793E-10 1.6458E-10 1.7382E-10 1.8648E-10 2.0236E-10 2.2029E-10 2.4515E-10 2.7417E-10 3.1016E-10 3.4760E-10 3.8330E-10 4.2296E-10
3.4333E-11 3.5712E-11 3.7137E-11 3.8610E-11 4.0131E-11 4.1701E-11 4.3323E-11 4.4996E-11 4.6722E-11 4.8502E-11 5.0338E-11 5.2230E-11 5.4179E-11 5.6188E-11 5.8256E-11 6.0385E-11 6.2577E-11 6.4832E-11 6.7151E-11 6.9537E-11 7.1988E-11 7.4508E-11 7.7097E-11 7.9755E-11 8.2484E-11 8.5286E-11 8.8161E-11 9.1109E-11 9.4133E-11 9.7233E-11 1.0041E-10 1.0366E-10 1.0700E-10 1.1041E-10 1.1390E-10 1.1748E-10 1.2113E-10 1.2487E-10 1.2869E-10 1.3259E-10 1.3658E-10 1.4065E-10 1.4481E-10 1.4905E-10 1.5338E-10 1.5780E-10 1.6439E-10 1.7413E-10 1.8552E-10 2.0153E-10 2.2020E-10 2.4072E-10 2.7681E-10 3.1028E-10 3.4399E-10 3.8010E-10 4.0999E-10
3.4285E-11 3.5663E-11 3.7086E-11 3.8557E-11 4.0076E-11 4.1645E-11 4.3265E-11 4.4936E-11 4.6660E-11 4.8438E-11 5.0272E-11 5.2162E-11 5.4109E-11 5.6115E-11 5.8181E-11 6.0309E-11 6.2498E-11 6.4750E-11 6.7067E-11 6.9450E-11 7.1899E-11 7.4416E-11 7.7002E-11 7.9658E-11 8.2385E-11 8.5183E-11 8.8055E-11 9.1001E-11 9.4022E-11 9.7118E-11 1.0029E-10 1.0354E-10 1.0687E-10 1.1028E-10 1.1377E-10 1.1734E-10 1.2099E-10 1.2473E-10 1.2854E-10 1.3245E-10 1.3643E-10 1.4050E-10 1.4465E-10 1.4889E-10 1.5322E-10 1.5763E-10 1.6339E-10 1.7191E-10 1.8671E-10 2.0221E-10 2.2011E-10 2.4128E-10 2.6797E-10 3.0387E-10 3.3757E-10 3.6708E-10 4.0603E-10
3.4229E-11 3.5605E-11 3.7027E-11 3.8495E-11 4.0012E-11 4.1579E-11 4.3196E-11 4.4865E-11 4.6587E-11 4.8363E-11 5.0194E-11 5.2081E-11 5.4026E-11 5.6029E-11 5.8093E-11 6.0217E-11 6.2403E-11 6.4653E-11 6.6967E-11 6.9347E-11 7.1793E-11 7.4306E-11 7.6889E-11 7.9542E-11 8.2265E-11 8.5060E-11 8.7928E-11 9.0870E-11 9.3887E-11 9.6980E-11 1.0015E-10 1.0340E-10 1.0672E-10 1.1013E-10 1.1361E-10 1.1718E-10 1.2083E-10 1.2456E-10 1.2837E-10 1.3227E-10 1.3625E-10 1.4031E-10 1.4446E-10 1.4869E-10 1.5301E-10 1.5742E-10 1.6311E-10 1.7250E-10 1.8533E-10 2.0210E-10 2.1568E-10 2.3861E-10 2.6474E-10 2.9427E-10 3.2656E-10 3.5971E-10 3.9208E-10
3.4165E-11 3.5539E-11 3.6958E-11 3.8424E-11 3.9939E-11 4.1503E-11 4.3117E-11 4.4783E-11 4.6502E-11 4.8275E-11 5.0103E-11 5.1988E-11 5.3930E-11 5.5930E-11 5.7990E-11 6.0111E-11 6.2294E-11 6.4540E-11 6.6850E-11 6.9226E-11 7.1669E-11 7.4179E-11 7.6757E-11 7.9406E-11 8.2125E-11 8.4916E-11 8.7780E-11 9.0718E-11 9.3731E-11 9.6819E-11 9.9984E-11 1.0323E-10 1.0655E-10 1.0995E-10 1.1343E-10 1.1699E-10 1.2063E-10 1.2436E-10 1.2816E-10 1.3205E-10 1.3603E-10 1.4009E-10 1.4423E-10 1.4846E-10 1.5277E-10 1.5717E-10 1.6281E-10 1.7234E-10 1.8421E-10 1.9652E-10 2.1746E-10 2.3523E-10 2.6568E-10 2.8886E-10 3.1243E-10 3.4759E-10 3.8572E-10
3.4093E-11 3.5464E-11 3.6880E-11 3.8344E-11 3.9855E-11 4.1416E-11 4.3028E-11 4.4691E-11 4.6407E-11 4.8176E-11 5.0001E-11 5.1882E-11 5.3820E-11 5.5817E-11 5.7873E-11 5.9990E-11 6.2169E-11 6.4411E-11 6.6718E-11 6.9089E-11 7.1527E-11 7.4033E-11 7.6607E-11 7.9251E-11 8.1965E-11 8.4751E-11 8.7610E-11 9.0543E-11 9.3551E-11 9.6634E-11 9.9793E-11 1.0303E-10 1.0635E-10 1.0974E-10 1.1321E-10 1.1677E-10 1.2041E-10 1.2412E-10 1.2793E-10 1.3181E-10 1.3578E-10 1.3983E-10 1.4397E-10 1.4819E-10 1.5250E-10 1.5689E-10 1.6251E-10 1.7027E-10 1.8014E-10 1.9645E-10 2.1234E-10 2.3599E-10 2.6019E-10 2.8090E-10 3.0584E-10 3.3948E-10 3.7642E-10
3.4012E-11 3.5380E-11 3.6793E-11 3.8254E-11 3.9762E-11 4.1320E-11 4.2928E-11 4.4588E-11 4.6300E-11 4.8066E-11 4.9887E-11 5.1763E-11 5.3698E-11 5.5690E-11 5.7742E-11 5.9855E-11 6.2030E-11 6.4267E-11 6.6569E-11 6.8935E-11 7.1369E-11 7.3869E-11 7.6438E-11 7.9077E-11 8.1786E-11 8.4566E-11 8.7420E-11 9.0347E-11 9.3348E-11 9.6425E-11 9.9579E-11 1.0281E-10 1.0612E-10 1.0951E-10 1.1297E-10 1.1652E-10 1.2015E-10 1.2386E-10 1.2766E-10 1.3153E-10 1.3549E-10 1.3954E-10 1.4367E-10 1.4788E-10 1.5218E-10 1.5657E-10 1.6104E-10 1.6836E-10 1.7619E-10 1.9345E-10 2.1236E-10 2.3009E-10 2.5469E-10 2.7584E-10 2.9883E-10 3.3311E-10 3.6852E-10
3.3924E-11 3.5288E-11 3.6698E-11 3.8155E-11 3.9660E-11 4.1214E-11 4.2818E-11 4.4474E-11 4.6182E-11 4.7944E-11 4.9760E-11 5.1633E-11 5.3562E-11 5.5550E-11 5.7598E-11 5.9705E-11 6.1875E-11 6.4107E-11 6.6404E-11 6.8765E-11 7.1193E-11 7.3688E-11 7.6251E-11 7.8883E-11 8.1586E-11 8.4361E-11 8.7208E-11 9.0128E-11 9.3123E-11 9.6193E-11 9.9340E-11 1.0256E-10 1.0587E-10 1.0925E-10 1.1271E-10 1.1625E-10 1.1987E-10 1.2357E-10 1.2736E-10 1.3123E-10 1.3518E-10 1.3921E-10 1.4333E-10 1.4754E-10 1.5183E-10 1.5621E-10 1.6067E-10 1.6521E-10 1.7412E-10 1.8761E-10 2.0558E-10 2.2441E-10 2.4680E-10 2.6762E-10 2.9391E-10 3.2035E-10 3.5651E-10
3.3827E-11 3.5188E-11 3.6594E-11 3.8047E-11 3.9548E-11 4.1098E-11 4.2698E-11 4.4349E-11 4.6053E-11 4.7810E-11 4.9622E-11 5.1490E-11 5.3414E-11 5.5397E-11 5.7439E-11 5.9542E-11 6.1706E-11 6.3932E-11 6.6223E-11 6.8578E-11 7.1000E-11 7.3488E-11 7.6045E-11 7.8671E-11 8.1367E-11 8.4135E-11 8.6975E-11 8.9888E-11 9.2876E-11 9.5939E-11 9.9078E-11 1.0229E-10 1.0559E-10 1.0896E-10 1.1241E-10 1.1594E-10 1.1956E-10 1.2325E-10 1.2703E-10 1.3089E-10 1.3483E-10 1.3886E-10 1.4297E-10 1.4716E-10 1.5144E-10 1.5581E-10 1.6026E-10 1.6479E-10 1.6942E-10 1.8046E-10 2.0017E-10 2.1692E-10 2.3724E-10 2.5975E-10 2.8513E-10 3.1266E-10 3.4429E-10
3.3722E-11 3.5079E-11 3.6481E-11 3.7930E-11 3.9427E-11 4.0972E-11 4.2567E-11 4.4214E-11 4.5913E-11 4.7665E-11 4.9472E-11 5.1334E-11 5.3253E-11 5.5231E-11 5.7267E-11 5.9364E-11 6.1522E-11 6.3742E-11 6.6026E-11 6.8375E-11 7.0790E-11 7.3272E-11 7.5821E-11 7.8440E-11 8.1129E-11 8.3889E-11 8.6722E-11 8.9627E-11 9.2606E-11 9.5661E-11 9.8791E-11 1.0200E-10 1.0528E-10 1.0865E-10 1.1209E-10 1.1561E-10 1.1922E-10 1.2290E-10 1.2667E-10 1.3052E-10 1.3445E-10 1.3846E-10 1.4256E-10 1.4675E-10 1.5102E-10 1.5537E-10 1.5981E-10 1.6433E-10 1.6894E-10 1.7364E-10 1.9231E-10 2.0642E-10 2.2908E-10 2.4932E-10 2.7599E-10 3.0322E-10 3.3231E-10
3.3610E-11 3.4962E-11 3.6360E-11 3.7804E-11 3.9296E-11 4.0836E-11 4.2427E-11 4.4068E-11 4.5762E-11 4.7509E-11 4.9310E-11 5.1167E-11 5.3080E-11 5.5051E-11 5.7081E-11 5.9172E-11 6.1323E-11 6.3537E-11 6.5814E-11 6.8156E-11 7.0563E-11 7.3038E-11 7.5580E-11 7.8191E-11 8.0872E-11 8.3624E-11 8.6448E-11 8.9344E-11 9.2315E-11 9.5360E-11 9.8482E-11 1.0168E-10 1.0495E-10 1.0831E-10 1.1174E-10 1.1525E-10 1.1885E-10 1.2252E-10 1.2628E-10 1.3011E-10 1.3404E-10 1.3804E-10 1.4213E-10 1.4630E-10 1.5056E-10 1.5490E-10 1.5933E-10 1.6384E-10 1.6843E-10 1.7312E-10 1.8489E-10 1.9796E-10 2.2068E-10 2.3729E-10 2.6291E-10 2.9180E-10 3.2324E-10
3.3489E-11 3.4837E-11 3.6230E-11 3.7669E-11 3.9156E-11 4.0691E-11 4.2277E-11 4.3913E-11 4.5600E-11 4.7341E-11 4.9137E-11 5.0987E-11 5.2894E-11 5.4859E-11 5.6882E-11 5.8966E-11 6.1110E-11 6.3316E-11 6.5586E-11 6.7921E-11 7.0320E-11 7.2787E-11 7.5320E-11 7.7923E-11 8.0595E-11 8.3338E-11 8.6153E-11 8.9041E-11 9.2002E-11 9.5038E-11 9.8149E-11 1.0134E-10 1.0460E-10 1.0794E-10 1.1137E-10 1.1487E-10 1.1845E-10 1.2211E-10 1.2586E-10 1.2968E-10 1.3359E-10 1.3758E-10 1.4166E-10 1.4582E-10 1.5006E-10 1.5439E-10 1.5880E-10 1.6330E-10 1.6788E-10 1.7255E-10 1.8156E-10 1.9355E-10 2.0843E-10 2.2821E-10 2.4758E-10 2.7656E-10 3.1228E-10
3.3360E-11 3.4703E-11 3.6091E-11 3.7526E-11 3.9007E-11 4.0537E-11 4.2116E-11 4.3746E-11 4.5428E-11 4.7163E-11 4.8952E-11 5.0796E-11 5.2696E-11 5.4654E-11 5.6670E-11 5.8746E-11 6.0883E-11 6.3081E-11 6.5343E-11 6.7669E-11 7.0061E-11 7.2518E-11 7.5043E-11 7.7637E-11 8.0300E-11 8.3033E-11 8.5838E-11 8.8716E-11 9.1667E-11 9.4692E-11 9.7793E-11 1.0097E-10 1.0422E-10 1.0756E-10 1.1097E-10 1.1445E-10 1.1802E-10 1.2167E-10 1.2541E-10 1.2922E-10 1.3312E-10 1.3709E-10 1.4116E-10 1.4530E-10 1.4953E-10 1.5384E-10 1.5824E-10 1.6273E-10 1.6729E-10 1.7195E-10 1.8084E-10 1.8636E-10 2.0352E-10 2.2167E-10 2.3602E-10 2.5924E-10 2.9909E-10
3.3224E-11 3.4562E-11 3.5945E-11 3.7373E-11 3.8849E-11 4.0373E-11 4.1946E-11 4.3570E-11 4.5245E-11 4.6974E-11 4.8756E-11 5.0592E-11 5.2485E-11 5.4436E-11 5.6444E-11 5.8512E-11 6.0641E-11 6.2832E-11 6.5085E-11 6.7402E-11 6.9785E-11 7.2233E-11 7.4749E-11 7.7333E-11 7.9986E-11 8.2709E-11 8.5504E-11 8.8371E-11 9.1311E-11 9.4325E-11 9.7414E-11 1.0058E-10 1.0382E-10 1.0714E-10 1.1054E-10 1.1402E-10 1.1757E-10 1.2121E-10 1.2493E-10 1.2873E-10 1.3261E-10 1.3657E-10 1.4062E-10 1.4475E-10 1.4896E-10 1.5326E-10 1.5765E-10 1.6211E-10 1.6666E-10 1.7130E-10 1.8007E-10 1.8555E-10 1.9561E-10 2.0965E-10 2.2892E-10 2.4954E-10 2.6885E-10
3.3081E-11 3.4413E-11 3.5790E-11 3.7213E-11 3.8682E-11 4.0200E-11 4.1767E-11 4.3384E-11 4.5052E-11 4.6774E-11 4.8548E-11 5.0378E-11 5.2263E-11 5.4205E-11 5.6206E-11 5.8266E-11 6.0386E-11 6.2568E-11 6.4812E-11 6.7120E-11 6.9493E-11 7.1931E-11 7.4437E-11 7.7011E-11 7.9653E-11 8.2366E-11 8.5149E-11 8.8005E-11 9.0934E-11 9.3936E-11 9.7013E-11 1.0017E-10 1.0340E-10 1.0670E-10 1.1009E-10 1.1355E-10 1.1709E-10 1.2071E-10 1.2442E-10 1.2820E-10 1.3207E-10 1.3602E-10 1.4005E-10 1.4417E-10 1.4836E-10 1.5265E-10 1.5701E-10 1.6146E-10 1.6600E-10 1.7061E-10 1.7926E-10 1.8470E-10 1.9457E-10 2.0110E-10 2.1907E-10 2.3640E-10 2.5834E-10
3.2929E-11 3.4256E-11 3.5627E-11 3.7043E-11 3.8507E-11 4.0018E-11 4.1578E-11 4.3188E-11 4.4849E-11 4.6563E-11 4.8330E-11 5.0151E-11 5.2029E-11 5.3963E-11 5.5955E-11 5.8006E-11 6.0117E-11 6.2289E-11 6.4524E-11 6.6822E-11 6.9185E-11 7.1613E-11 7.4108E-11 7.6671E-11 7.9302E-11 8.2004E-11 8.4776E-11 8.7619E-11 9.0536E-11 9.3525E-11 9.6590E-11 9.9729E-11 1.0295E-10 1.0624E-10 1.0961E-10 1.1306E-10 1.1659E-10 1.2019E-10 1.2388E-10 1.2765E-10 1.3150E-10 1.3543E-10 1.3945E-10 1.4355E-10 1.4773E-10 1.5199E-10 1.5634E-10 1.6077E-10 1.6529E-10 1.6989E-10 1.7839E-10 1.8380E-10 1.9346E-10 1.9992E-10 2.1367E-10 2.2573E-10 2.4764E-10
3.2771E-11 3.4091E-11 3.5456E-11 3.6866E-11 3.8322E-11 3.9826E-11 4.1379E-11 4.2982E-11 4.4636E-11 4.6341E-11 4.8101E-11 4.9914E-11 5.1782E-11 5.3708E-11 5.5691E-11 5.7732E-11 5.9834E-11 6.1997E-11 6.4221E-11 6.6509E-11 6.8861E-11 7.1279E-11 7.3763E-11 7.6314E-11 7.8934E-11 8.1623E-11 8.4383E-11 8.7214E-11 9.0117E-11 9.3094E-11 9.6144E-11 9.9270E-11 1.0247E-10 1.0575E-10 1.0911E-10 1.1254E-10 1.1605E-10 1.1964E-10 1.2332E-10 1.2707E-10 1.3090E-10 1.3482E-10 1.3882E-10 1.4290E-10 1.4706E-10 1.5131E-10 1.5564E-10 1.6005E-10 1.6455E-10 1.6912E-10 1.7748E-10 1.8284E-10 1.9230E-10 1.9868E-10 2.0535E-10 2.1986E-10 2.3256E-10
3.2605E-11 3.3919E-11 3.5277E-11 3.6680E-11 3.8129E-11 3.9626E-11 4.1172E-11 4.2767E-11 4.4412E-11 4.6110E-11 4.7860E-11 4.9665E-11 5.1525E-11 5.3441E-11 5.5414E-11 5.7446E-11 5.9538E-11 6.1690E-11 6.3904E-11 6.6182E-11 6.8522E-11 7.0928E-11 7.3401E-11 7.5940E-11 7.8547E-11 8.1224E-11 8.3971E-11 8.6788E-11 8.9678E-11 9.2641E-11 9.5677E-11 9.8789E-11 1.0198E-10 1.0524E-10 1.0858E-10 1.1200E-10 1.1549E-10 1.1907E-10 1.2272E-10 1.2646E-10 1.3028E-10 1.3417E-10 1.3815E-10 1.4222E-10 1.4636E-10 1.5059E-10 1.5490E-10 1.5929E-10 1.6376E-10 1.6832E-10 1.7653E-10 1.8184E-10 1.9108E-10 1.9738E-10 2.0396E-10 2.1084E-10 2.2617E-10
3.2432E-11 3.3739E-11 3.5090E-11 3.6486E-11 3.7928E-11 3.9417E-11 4.0955E-11 4.2542E-11 4.4179E-11 4.5868E-11 4.7610E-11 4.9405E-11 5.1256E-11 5.3162E-11 5.5126E-11 5.7147E-11 5.9229E-11 6.1370E-11 6.3573E-11 6.5839E-11 6.8168E-11 7.0563E-11 7.3022E-11 7.5549E-11 7.8144E-11 8.0807E-11 8.3540E-11 8.6344E-11 8.9219E-11 9.2168E-11 9.5189E-11 9.8285E-11 1.0146E-10 1.0470E-10 1.0803E-10 1.1143E-10 1.1491E-10 1.1847E-10 1.2210E-10 1.2582E-10 1.2962E-10 1.3350E-10 1.3746E-10 1.4150E-10 1.4562E-10 1.4983E-10 1.5412E-10 1.5849E-10 1.6295E-10 1.6748E-10 1.7553E-10 1.8080E-10 1.8982E-10 1.9603E-10 2.0252E-10 2.0930E-10 2.1639E-10
3.2252E-11 3.3552E-11 3.4896E-11 3.6284E-11 3.7719E-11 3.9200E-11 4.0729E-11 4.2308E-11 4.3936E-11 4.5616E-11 4.7349E-11 4.9135E-11 5.0975E-11 5.2872E-11 5.4825E-11 5.6836E-11 5.8906E-11 6.1037E-11 6.3228E-11 6.5482E-11 6.7799E-11 7.0181E-11 7.2628E-11 7.5141E-11 7.7723E-11 8.0372E-11 8.3091E-11 8.5880E-11 8.8741E-11 9.1674E-11 9.4680E-11 9.7760E-11 1.0091E-10 1.0415E-10 1.0745E-10 1.1084E-10 1.1430E-10 1.1784E-10 1.2146E-10 1.2516E-10 1.2893E-10 1.3279E-10 1.3673E-10 1.4076E-10 1.4486E-10 1.4904E-10 1.5331E-10 1.5766E-10 1.6209E-10 1.6661E-10 1.7120E-10 1.7971E-10 1.8850E-10 1.9463E-10 2.0103E-10 2.0770E-10 2.1468E-10
