Assets/Resources/2015_m01_d10_0600(utc+0800)_l00_csi_1hr_conc.grd
DSAA
         159         159
     -79.000      79.000
     -79.000      79.000
  0.2177E-08  0.1428E-03
[rows 125 to 149 of 159, columns 0 to 56 of 159]
3.4823E-09 3.5585E-09 3.6381E-09 3.7181E-09 3.7982E-09 3.8807E-09 3.9646E-09 4.0497E-09 4.1361E-09 4.2236E-09 4.3112E-09 4.4011E-09 4.4921E-09 4.5830E-09 4.6761E-09 4.7702E-09 4.8640E-09 4.9599E-09 5.0553E-09 5.1515E-09 5.2496E-09 5.3484E-09 5.4464E-09 5.5463E-09 5.6452E-09 5.7444E-09 5.8438E-09 5.9448E-09 6.0444E-09 6.1455E-09 6.2464E-09 6.3457E-09 6.4447E-09 6.5433E-09 6.6413E-09 6.7388E-09 6.8354E-09 6.9328E-09 7.0292E-09 7.1247E-09 7.2175E-09 7.3090E-09 7.3991E-09 7.4878E-09 7.5749E-09 7.6603E-09 7.7439E-09 7.8256E-09 7.9053E-09 7.9829E-09 8.0583E-09 8.1314E-09 8.2021E-09 8.2704E-09 8.3361E-09 8.3992E-09 8.4613E-09
3.4376E-09 3.5133E-09 3.5892E-09 3.6685E-09 3.7470E-09 3.8278E-09 3.9098E-09 3.9932E-09 4.0776E-09 4.1633E-09 4.2489E-09 4.3368E-09 4.4258E-09 4.5158E-09 4.6057E-09 4.6964E-09 4.7892E-09 4.8829E-09 4.9774E-09 5.0713E-09 5.1659E-09 5.2610E-09 5.3580E-09 5.4555E-09 5.5520E-09 5.6502E-09 5.7472E-09 5.8444E-09 5.9416E-09 6.0388E-09 6.1373E-09 6.2355E-09 6.3335E-09 6.4297E-09 6.5254E-09 6.6204E-09 6.7147E-09 6.8083E-09 6.9008E-09 6.9924E-09 7.0844E-09 7.1736E-09 7.2631E-09 7.3511E-09 7.4361E-09 7.5195E-09 7.6011E-09 7.6809E-09 7.7588E-09 7.8346E-09 7.9083E-09 7.9798E-09 8.0490E-09 8.1158E-09 8.1801E-09 8.2418E-09 8.3010E-09
3.3921E-09 3.4672E-09 3.5416E-09 3.6182E-09 3.6961E-09 3.7752E-09 3.8555E-09 3.9370E-09 4.0197E-09 4.1034E-09 4.1872E-09 4.2731E-09 4.3601E-09 4.4481E-09 4.5359E-09 4.6257E-09 4.7152E-09 4.8067E-09 4.8977E-09 4.9907E-09 5.0843E-09 5.1773E-09 5.2707E-09 5.3645E-09 5.4600E-09 5.5558E-09 5.6505E-09 5.7467E-09 5.8416E-09 5.9364E-09 6.0311E-09 6.1255E-09 6.2196E-09 6.3148E-09 6.4095E-09 6.5037E-09 6.5957E-09 6.6870E-09 6.7773E-09 6.8667E-09 6.9549E-09 7.0420E-09 7.1278E-09 7.2121E-09 7.2950E-09 7.3779E-09 7.4590E-09 7.5384E-09 7.6145E-09 7.6886E-09 7.7606E-09 7.8305E-09 7.8981E-09 7.9634E-09 8.0264E-09 8.0868E-09 8.1448E-09
3.3489E-09 3.4205E-09 3.4953E-09 3.5693E-09 3.6456E-09 3.7230E-09 3.8016E-09 3.8813E-09 3.9621E-09 4.0430E-09 4.1260E-09 4.2100E-09 4.2950E-09 4.3799E-09 4.4668E-09 4.5546E-09 4.6432E-09 4.7314E-09 4.8203E-09 4.9111E-09 5.0025E-09 5.0932E-09 5.1856E-09 5.2772E-09 5.3692E-09 5.4613E-09 5.5550E-09 5.6488E-09 5.7414E-09 5.8352E-09 5.9276E-09 6.0198E-09 6.1117E-09 6.2031E-09 6.2941E-09 6.3858E-09 6.4755E-09 6.5659E-09 6.6555E-09 6.7427E-09 6.8288E-09 6.9138E-09 6.9975E-09 7.0799E-09 7.1608E-09 7.2401E-09 7.3179E-09 7.3939E-09 7.4681E-09 7.5404E-09 7.6107E-09 7.6805E-09 7.7466E-09 7.8120E-09 7.8751E-09 7.9342E-09 7.9910E-09
3.3049E-09 3.3750E-09 3.4473E-09 3.5208E-09 3.5954E-09 3.6712E-09 3.7481E-09 3.8261E-09 3.9052E-09 3.9842E-09 4.0653E-09 4.1475E-09 4.2306E-09 4.3146E-09 4.3984E-09 4.4842E-09 4.5695E-09 4.6569E-09 4.7449E-09 4.8323E-09 4.9203E-09 5.0101E-09 5.1003E-09 5.1910E-09 5.2807E-09 5.3707E-09 5.4608E-09 5.5511E-09 5.6413E-09 5.7328E-09 5.8243E-09 5.9155E-09 6.0051E-09 6.0944E-09 6.1831E-09 6.2713E-09 6.3587E-09 6.4455E-09 6.5314E-09 6.6178E-09 6.7032E-09 6.7875E-09 6.8692E-09 6.9496E-09 7.0285E-09 7.1060E-09 7.1819E-09 7.2562E-09 7.3286E-09 7.3993E-09 7.4680E-09 7.5347E-09 7.5993E-09 7.6617E-09 7.7219E-09 7.7798E-09 7.8353E-09
3.2587E-09 3.3308E-09 3.4006E-09 3.4726E-09 3.5456E-09 3.6198E-09 3.6950E-09 3.7713E-09 3.8475E-09 3.9259E-09 4.0053E-09 4.0856E-09 4.1668E-09 4.2478E-09 4.3308E-09 4.4145E-09 4.4979E-09 4.5832E-09 4.6691E-09 4.7557E-09 4.8417E-09 4.9281E-09 5.0149E-09 5.1034E-09 5.1921E-09 5.2812E-09 5.3692E-09 5.4572E-09 5.5453E-09 5.6333E-09 5.7211E-09 5.8101E-09 5.8988E-09 5.9858E-09 6.0737E-09 6.1597E-09 6.2451E-09 6.3297E-09 6.4135E-09 6.4964E-09 6.5783E-09 6.6591E-09 6.7387E-09 6.8185E-09 6.8969E-09 6.9740E-09 7.0481E-09 7.1206E-09 7.1914E-09 7.2604E-09 7.3275E-09 7.3927E-09 7.4558E-09 7.5169E-09 7.5758E-09 7.6324E-09 7.6868E-09
3.2139E-09 3.2835E-09 3.3543E-09 3.4247E-09 3.4962E-09 3.5687E-09 3.6424E-09 3.7170E-09 3.7916E-09 3.8682E-09 3.9458E-09 4.0243E-09 4.1036E-09 4.1828E-09 4.2638E-09 4.3457E-09 4.4283E-09 4.5104E-09 4.5931E-09 4.6776E-09 4.7627E-09 4.8482E-09 4.9330E-09 5.0181E-09 5.1035E-09 5.1904E-09 5.2774E-09 5.3646E-09 5.4505E-09 5.5364E-09 5.6221E-09 5.7076E-09 5.7928E-09 5.8775E-09 5.9632E-09 6.0484E-09 6.1330E-09 6.2156E-09 6.2973E-09 6.3782E-09 6.4581E-09 6.5369E-09 6.6146E-09 6.6911E-09 6.7662E-09 6.8400E-09 6.9123E-09 6.9829E-09 7.0534E-09 7.1222E-09 7.1892E-09 7.2529E-09 7.3147E-09 7.3744E-09 7.4320E-09 7.4874E-09 7.5406E-09
3.1719E-09 3.2375E-09 3.3068E-09 3.3772E-09 3.4472E-09 3.5182E-09 3.5902E-09 3.6632E-09 3.7361E-09 3.8110E-09 3.8869E-09 3.9636E-09 4.0401E-09 4.1185E-09 4.1977E-09 4.2765E-09 4.3571E-09 4.4384E-09 4.5204E-09 4.6017E-09 4.6848E-09 4.7671E-09 4.8510E-09 4.9352E-09 5.0186E-09 5.1021E-09 5.1858E-09 5.2708E-09 5.3558E-09 5.4395E-09 5.5244E-09 5.6078E-09 5.6909E-09 5.7737E-09 5.8559E-09 5.9377E-09 6.0188E-09 6.1006E-09 6.1816E-09 6.2618E-09 6.3398E-09 6.4167E-09 6.4925E-09 6.5671E-09 6.6405E-09 6.7125E-09 6.7830E-09 6.8520E-09 6.9195E-09 6.9852E-09 7.0492E-09 7.1114E-09 7.1717E-09 7.2300E-09 7.2863E-09 7.3406E-09 7.3926E-09
3.1254E-09 3.1920E-09 3.2598E-09 3.3286E-09 3.3985E-09 3.4680E-09 3.5385E-09 3.6089E-09 3.6812E-09 3.7544E-09 3.8286E-09 3.9035E-09 3.9783E-09 4.0549E-09 4.1322E-09 4.2103E-09 4.2880E-09 4.3674E-09 4.4462E-09 4.5268E-09 4.6078E-09 4.6882E-09 4.7700E-09 4.8510E-09 4.9335E-09 5.0162E-09 5.0979E-09 5.1796E-09 5.2613E-09 5.3429E-09 5.4257E-09 5.5082E-09 5.5905E-09 5.6712E-09 5.7515E-09 5.8313E-09 5.9104E-09 5.9889E-09 6.0665E-09 6.1434E-09 6.2207E-09 6.2957E-09 6.3710E-09 6.4451E-09 6.5167E-09 6.5869E-09 6.6558E-09 6.7232E-09 6.7891E-09 6.8533E-09 6.9158E-09 6.9766E-09 7.0355E-09 7.0926E-09 7.1476E-09 7.2007E-09 7.2516E-09
3.0818E-09 3.1470E-09 3.2132E-09 3.2806E-09 3.3489E-09 3.4183E-09 3.4872E-09 3.5561E-09 3.6268E-09 3.6984E-09 3.7708E-09 3.8441E-09 3.9172E-09 3.9920E-09 4.0676E-09 4.1427E-09 4.2197E-09 4.2972E-09 4.3742E-09 4.4528E-09 4.5319E-09 4.6103E-09 4.6902E-09 4.7692E-09 4.8497E-09 4.9292E-09 5.0100E-09 5.0909E-09 5.1706E-09 5.2502E-09 5.3297E-09 5.4090E-09 5.4892E-09 5.5691E-09 5.6474E-09 5.7264E-09 5.8036E-09 5.8802E-09 5.9560E-09 6.0309E-09 6.1050E-09 6.1782E-09 6.2502E-09 6.3212E-09 6.3910E-09 6.4608E-09 6.5294E-09 6.5965E-09 6.6608E-09 6.7235E-09 6.7846E-09 6.8440E-09 6.9016E-09 6.9573E-09 7.0112E-09 7.0631E-09 7.1130E-09
3.0385E-09 3.1023E-09 3.1672E-09 3.2330E-09 3.2998E-09 3.3677E-09 3.4340E-09 3.5038E-09 3.5729E-09 3.6429E-09 3.7137E-09 3.7843E-09 3.8567E-09 3.9298E-09 4.0036E-09 4.0771E-09 4.1522E-09 4.2279E-09 4.3030E-09 4.3798E-09 4.4558E-09 4.5334E-09 4.6114E-09 4.6897E-09 4.7670E-09 4.8446E-09 4.9222E-09 5.0011E-09 5.0800E-09 5.1589E-09 5.2364E-09 5.3137E-09 5.3908E-09 5.4675E-09 5.5437E-09 5.6207E-09 5.6972E-09 5.7719E-09 5.8471E-09 5.9202E-09 5.9925E-09 6.0639E-09 6.1342E-09 6.2034E-09 6.2715E-09 6.3384E-09 6.4039E-09 6.4681E-09 6.5308E-09 6.5920E-09 6.6516E-09 6.7109E-09 6.7685E-09 6.8244E-09 6.8770E-09 6.9278E-09 6.9766E-09
2.9893E-09 3.0512E-09 3.1215E-09 3.1859E-09 3.2512E-09 3.3176E-09 3.3823E-09 3.4505E-09 3.5196E-09 3.5881E-09 3.6573E-09 3.7262E-09 3.7970E-09 3.8684E-09 3.9394E-09 4.0122E-09 4.0855E-09 4.1583E-09 4.2328E-09 4.3077E-09 4.3830E-09 4.4577E-09 4.5326E-09 4.6090E-09 4.6856E-09 4.7623E-09 4.8381E-09 4.9139E-09 4.9896E-09 5.0665E-09 5.1433E-09 5.2187E-09 5.2950E-09 5.3698E-09 5.4442E-09 5.5181E-09 5.5915E-09 5.6642E-09 5.7375E-09 5.8100E-09 5.8805E-09 5.9514E-09 6.0200E-09 6.0876E-09 6.1540E-09 6.2192E-09 6.2832E-09 6.3458E-09 6.4071E-09 6.4668E-09 6.5251E-09 6.5817E-09 6.6367E-09 6.6899E-09 6.7414E-09 6.7910E-09 6.8387E-09
2.9409E-09 3.0011E-09 3.0695E-09 3.1394E-09 3.2032E-09 3.2680E-09 3.3313E-09 3.3979E-09 3.4654E-09 3.5337E-09 3.6004E-09 3.6688E-09 3.7379E-09 3.8077E-09 3.8771E-09 3.9481E-09 4.0197E-09 4.0919E-09 4.1635E-09 4.2355E-09 4.3090E-09 4.3829E-09 4.4572E-09 4.5306E-09 4.6041E-09 4.6790E-09 4.7540E-09 4.8279E-09 4.9030E-09 4.9768E-09 5.0505E-09 5.1240E-09 5.1984E-09 5.2725E-09 5.3462E-09 5.4183E-09 5.4899E-09 5.5608E-09 5.6311E-09 5.7006E-09 5.7693E-09 5.8371E-09 5.9052E-09 5.9723E-09 6.0371E-09 6.1021E-09 6.1645E-09 6.2257E-09 6.2854E-09 6.3438E-09 6.4007E-09 6.4560E-09 6.5097E-09 6.5618E-09 6.6121E-09 6.6606E-09 6.7074E-09
2.8933E-09 2.9519E-09 3.0186E-09 3.0842E-09 3.1558E-09 3.2167E-09 3.2809E-09 3.3460E-09 3.4119E-09 3.4786E-09 3.5437E-09 3.6120E-09 3.6795E-09 3.7477E-09 3.8154E-09 3.8848E-09 3.9537E-09 4.0241E-09 4.0951E-09 4.1664E-09 4.2371E-09 4.3082E-09 4.3806E-09 4.4533E-09 4.5262E-09 4.5981E-09 4.6701E-09 4.7433E-09 4.8154E-09 4.8885E-09 4.9615E-09 5.0332E-09 5.1046E-09 5.1756E-09 5.2475E-09 5.3177E-09 5.3887E-09 5.4590E-09 5.5276E-09 5.5954E-09 5.6624E-09 5.7285E-09 5.7938E-09 5.8580E-09 5.9212E-09 5.9832E-09 6.0441E-09 6.1050E-09 6.1646E-09 6.2228E-09 6.2784E-09 6.3324E-09 6.3849E-09 6.4358E-09 6.4850E-09 6.5325E-09 6.5782E-09
2.8553E-09 2.9104E-09 2.9686E-09 3.0325E-09 3.0999E-09 3.1683E-09 3.2311E-09 3.2947E-09 3.3590E-09 3.4218E-09 3.4877E-09 3.5544E-09 3.6218E-09 3.6874E-09 3.7546E-09 3.8223E-09 3.8906E-09 3.9584E-09 4.0276E-09 4.0962E-09 4.1662E-09 4.2366E-09 4.3062E-09 4.3760E-09 4.4471E-09 4.5184E-09 4.5897E-09 4.6600E-09 4.7303E-09 4.8004E-09 4.8716E-09 4.9426E-09 5.0134E-09 5.0827E-09 5.1516E-09 5.2201E-09 5.2880E-09 5.3554E-09 5.4234E-09 5.4907E-09 5.5572E-09 5.6218E-09 5.6854E-09 5.7481E-09 5.8097E-09 5.8703E-09 5.9297E-09 5.9879E-09 6.0448E-09 6.1004E-09 6.1546E-09 6.2073E-09 6.2586E-09 6.3082E-09 6.3576E-09 6.4053E-09 6.4513E-09
2.8175E-09 2.8715E-09 2.9263E-09 2.9818E-09 3.0474E-09 3.1141E-09 3.1750E-09 3.2440E-09 3.3069E-09 3.3705E-09 3.4325E-09 3.4976E-09 3.5634E-09 3.6274E-09 3.6945E-09 3.7607E-09 3.8263E-09 3.8935E-09 3.9610E-09 4.0280E-09 4.0963E-09 4.1639E-09 4.2329E-09 4.3021E-09 4.3704E-09 4.4387E-09 4.5083E-09 4.5780E-09 4.6476E-09 4.7160E-09 4.7843E-09 4.8524E-09 4.9214E-09 4.9889E-09 5.0572E-09 5.1252E-09 5.1915E-09 5.2572E-09 5.3223E-09 5.3867E-09 5.4504E-09 5.5145E-09 5.5765E-09 5.6388E-09 5.7001E-09 5.7592E-09 5.8172E-09 5.8740E-09 5.9296E-09 5.9839E-09 6.0368E-09 6.0883E-09 6.1384E-09 6.1870E-09 6.2339E-09 6.2793E-09 6.3230E-09
2.7798E-09 2.8328E-09 2.8866E-09 2.9410E-09 2.9960E-09 3.0540E-09 3.1201E-09 3.1849E-09 3.2554E-09 3.3152E-09 3.3781E-09 3.4416E-09 3.5034E-09 3.5683E-09 3.6337E-09 3.6998E-09 3.7639E-09 3.8294E-09 3.8954E-09 3.9607E-09 4.0274E-09 4.0934E-09 4.1606E-09 4.2281E-09 4.2947E-09 4.3625E-09 4.4293E-09 4.4961E-09 4.5640E-09 4.6318E-09 4.6984E-09 4.7659E-09 4.8321E-09 4.8979E-09 4.9634E-09 5.0296E-09 5.0942E-09 5.1594E-09 5.2240E-09 5.2869E-09 5.3490E-09 5.4103E-09 5.4708E-09 5.5304E-09 5.5890E-09 5.6466E-09 5.7043E-09 5.7609E-09 5.8164E-09 5.8694E-09 5.9211E-09 5.9714E-09 6.0203E-09 6.0677E-09 6.1137E-09 6.1581E-09 6.2008E-09
2.7423E-09 2.7943E-09 2.8470E-09 2.9004E-09 2.9543E-09 3.0089E-09 3.0664E-09 3.1294E-09 3.1957E-09 3.2583E-09 3.3243E-09 3.3864E-09 3.4491E-09 3.5100E-09 3.5739E-09 3.6358E-09 3.7008E-09 3.7663E-09 3.8296E-09 3.8944E-09 3.9595E-09 4.0248E-09 4.0895E-09 4.1543E-09 4.2202E-09 4.2853E-09 4.3515E-09 4.4177E-09 4.4829E-09 4.5479E-09 4.6128E-09 4.6786E-09 4.7442E-09 4.8095E-09 4.8734E-09 4.9368E-09 4.9998E-09 5.0622E-09 5.1240E-09 5.1864E-09 5.2481E-09 5.3091E-09 5.3681E-09 5.4262E-09 5.4834E-09 5.5396E-09 5.5948E-09 5.6488E-09 5.7017E-09 5.7534E-09 5.8038E-09 5.8529E-09 5.9019E-09 5.9494E-09 5.9943E-09 6.0389E-09 6.0807E-09
2.7050E-09 2.7560E-09 2.8077E-09 2.8600E-09 2.9129E-09 2.9664E-09 3.0204E-09 3.0751E-09 3.1349E-09 3.1981E-09 3.2645E-09 3.3295E-09 3.3907E-09 3.4525E-09 3.5149E-09 3.5753E-09 3.6387E-09 3.7025E-09 3.7643E-09 3.8290E-09 3.8915E-09 3.9553E-09 4.0193E-09 4.0836E-09 4.1469E-09 4.2104E-09 4.2739E-09 4.3384E-09 4.4030E-09 4.4675E-09 4.5308E-09 4.5939E-09 4.6567E-09 4.7193E-09 4.7826E-09 4.8455E-09 4.9080E-09 4.9689E-09 5.0293E-09 5.0890E-09 5.1480E-09 5.2062E-09 5.2637E-09 5.3215E-09 5.3785E-09 5.4344E-09 5.4883E-09 5.5410E-09 5.5927E-09 5.6431E-09 5.6924E-09 5.7403E-09 5.7870E-09 5.8322E-09 5.8761E-09 5.9185E-09 5.9594E-09
2.6679E-09 2.7180E-09 2.7686E-09 2.8199E-09 2.8717E-09 2.9241E-09 2.9771E-09 3.0306E-09 3.0847E-09 3.1393E-09 3.2039E-09 3.2693E-09 3.3310E-09 3.3959E-09 3.4568E-09 3.5157E-09 3.5775E-09 3.6373E-09 3.7000E-09 3.7631E-09 3.8265E-09 3.8878E-09 3.9492E-09 4.0119E-09 4.0747E-09 4.1376E-09 4.1996E-09 4.2615E-09 4.3234E-09 4.3862E-09 4.4490E-09 4.5105E-09 4.5729E-09 4.6339E-09 4.6945E-09 4.7548E-09 4.8146E-09 4.8750E-09 4.9349E-09 4.9943E-09 5.0518E-09 5.1087E-09 5.1648E-09 5.2200E-09 5.2744E-09 5.3278E-09 5.3803E-09 5.4317E-09 5.4832E-09 5.5336E-09 5.5829E-09 5.6297E-09 5.6753E-09 5.7195E-09 5.7624E-09 5.8038E-09 5.8438E-09
2.6311E-09 2.6802E-09 2.7298E-09 2.7800E-09 2.8308E-09 2.8822E-09 2.9341E-09 2.9866E-09 3.0395E-09 3.0929E-09 3.1469E-09 3.2059E-09 3.2681E-09 3.3311E-09 3.3972E-09 3.4570E-09 3.5173E-09 3.5781E-09 3.6368E-09 3.6958E-09 3.7577E-09 3.8198E-09 3.8822E-09 3.9423E-09 4.0026E-09 4.0639E-09 4.1253E-09 4.1857E-09 4.2471E-09 4.3074E-09 4.3675E-09 4.4275E-09 4.4883E-09 4.5488E-09 4.6090E-09 4.6678E-09 4.7261E-09 4.7840E-09 4.8413E-09 4.8980E-09 4.9552E-09 5.0106E-09 5.0663E-09 5.1214E-09 5.1744E-09 5.2266E-09 5.2778E-09 5.3280E-09 5.3771E-09 5.4251E-09 5.4720E-09 5.5177E-09 5.5622E-09 5.6054E-09 5.6472E-09 5.6889E-09 5.7280E-09
2.5945E-09 2.6426E-09 2.6913E-09 2.7405E-09 2.7903E-09 2.8406E-09 2.8914E-09 2.9428E-09 2.9947E-09 3.0470E-09 3.0998E-09 3.1530E-09 3.2067E-09 3.2654E-09 3.3297E-09 3.3923E-09 3.4557E-09 3.5149E-09 3.5745E-09 3.6345E-09 3.6924E-09 3.7505E-09 3.8113E-09 3.8724E-09 3.9336E-09 3.9924E-09 4.0513E-09 4.1112E-09 4.1701E-09 4.2298E-09 4.2895E-09 4.3480E-09 4.4062E-09 4.4642E-09 4.5218E-09 4.5801E-09 4.6380E-09 4.6955E-09 4.7514E-09 4.8067E-09 4.8614E-09 4.9154E-09 4.9687E-09 5.0212E-09 5.0729E-09 5.1248E-09 5.1759E-09 5.2260E-09 5.2740E-09 5.3209E-09 5.3667E-09 5.4113E-09 5.4547E-09 5.4969E-09 5.5378E-09 5.5774E-09 5.6156E-09
2.5582E-09 2.6053E-09 2.6530E-09 2.7012E-09 2.7500E-09 2.7993E-09 2.8491E-09 2.8994E-09 2.9502E-09 3.0014E-09 3.0531E-09 3.1052E-09 3.1578E-09 3.2107E-09 3.2639E-09 3.3270E-09 3.3861E-09 3.4505E-09 3.5109E-09 3.5694E-09 3.6282E-09 3.6873E-09 3.7442E-09 3.8012E-09 3.8608E-09 3.9206E-09 3.9805E-09 4.0379E-09 4.0953E-09 4.1525E-09 4.2107E-09 4.2687E-09 4.3255E-09 4.3830E-09 4.4392E-09 4.4950E-09 4.5505E-09 4.6054E-09 4.6609E-09 4.7159E-09 4.7692E-09 4.8230E-09 4.8750E-09 4.9262E-09 4.9766E-09 5.0262E-09 5.0749E-09 5.1227E-09 5.1694E-09 5.2152E-09 5.2609E-09 5.3045E-09 5.3480E-09 5.3904E-09 5.4303E-09 5.4690E-09 5.5064E-09
2.5221E-09 2.5683E-09 2.6150E-09 2.6622E-09 2.7100E-09 2.7583E-09 2.8071E-09 2.8564E-09 2.9061E-09 2.9563E-09 3.0069E-09 3.0579E-09 3.1093E-09 3.1611E-09 3.2132E-09 3.2656E-09 3.3183E-09 3.3809E-09 3.4441E-09 3.5031E-09 3.5627E-09 3.6203E-09 3.6781E-09 3.7361E-09 3.7918E-09 3.8476E-09 3.9060E-09 3.9618E-09 4.0202E-09 4.0786E-09 4.1343E-09 4.1898E-09 4.2451E-09 4.3012E-09 4.3570E-09 4.4125E-09 4.4665E-09 4.5201E-09 4.5732E-09 4.6257E-09 4.6777E-09 4.7290E-09 4.7807E-09 4.8318E-09 4.8820E-09 4.9304E-09 4.9779E-09 5.0245E-09 5.0702E-09 5.1148E-09 5.1584E-09 5.2009E-09 5.2423E-09 5.2826E-09 5.3216E-09 5.3594E-09 5.3959E-09
2.4863E-09 2.5315E-09 2.5773E-09 2.6236E-09 2.6704E-09 2.7177E-09 2.7654E-09 2.8137E-09 2.8624E-09 2.9115E-09 2.9610E-09 3.0110E-09 3.0613E-09 3.1119E-09 3.1629E-09 3.2142E-09 3.2658E-09 3.3177E-09 3.3698E-09 3.4317E-09 3.4893E-09 3.5522E-09 3.6108E-09 3.6673E-09 3.7240E-09 3.7808E-09 3.8353E-09 3.8897E-09 3.9440E-09 4.0009E-09 4.0576E-09 4.1142E-09 4.1682E-09 4.2219E-09 4.2752E-09 4.3283E-09 4.3819E-09 4.4352E-09 4.4880E-09 4.5392E-09 4.5899E-09 4.6400E-09 4.6894E-09 4.7381E-09 4.7860E-09 4.8332E-09 4.8795E-09 4.9260E-09 4.9716E-09 5.0162E-09 5.0588E-09 5.1003E-09 5.1408E-09 5.1801E-09 5.2182E-09 5.2552E-09 5.2909E-09
