Assets/Resources/2015_m01_d12_1000(utc+0800)_l00_csi_1hr_conc.grd
DSAA
         159         159
     -79.000      79.000
     -79.000      79.000
  0.0000E+00  0.5447E-05
[rows 50 to 74 of 159, columns 0 to 56 of 159]
3.2877E-09 3.6439E-09 4.0243E-09 4.4288E-09 4.8536E-09 5.3032E-09 5.7694E-09 6.2577E-09 6.7616E-09 7.2824E-09 7.8175E-09 8.3616E-09 8.9170E-09 9.4703E-09 1.0027E-08 1.0575E-08 1.1112E-08 1.1629E-08 1.2116E-08 1.2568E-08 1.2971E-08 1.3319E-08 1.3609E-08 1.3813E-08 1.3935E-08 1.3965E-08 1.3901E-08 1.3740E-08 1.3474E-08 1.3117E-08 1.2653E-08 1.2095E-08 1.1454E-08 1.0743E-08 9.9706E-09 9.1505E-09 8.2999E-09 7.4325E-09 6.5682E-09 5.7261E-09 4.9174E-09 4.1597E-09 3.4605E-09 2.8306E-09 2.2746E-09 1.7916E-09 1.3819E-09 1.0420E-09 7.6589E-10 5.4687E-10 3.8093E-10 2.5638E-10 1.6353E-10 9.5619E-11 4.7549E-11 1.9061E-11 9.5016E-12
2.9269E-09 3.2555E-09 3.6076E-09 3.9849E-09 4.3840E-09 4.8093E-09 5.2553E-09 5.7254E-09 6.2169E-09 6.7285E-09 7.2603E-09 7.8094E-09 8.3734E-09 8.9479E-09 9.5313E-09 1.0117E-08 1.0704E-08 1.1274E-08 1.1818E-08 1.2342E-08 1.2825E-08 1.3261E-08 1.3639E-08 1.3956E-08 1.4187E-08 1.4321E-08 1.4371E-08 1.4314E-08 1.4154E-08 1.3884E-08 1.3511E-08 1.3027E-08 1.2446E-08 1.1774E-08 1.1027E-08 1.0215E-08 9.3537E-09 8.4575E-09 7.5495E-09 6.6418E-09 5.7621E-09 4.9242E-09 4.1430E-09 3.4259E-09 2.7845E-09 2.2232E-09 1.7378E-09 1.3315E-09 9.9496E-10 7.2606E-10 5.1365E-10 3.5202E-10 2.3295E-10 1.4676E-10 8.5613E-11 4.3326E-11 1.7982E-11
2.5861E-09 2.8871E-09 3.2106E-09 3.5607E-09 3.9326E-09 4.3321E-09 4.7543E-09 5.2027E-09 5.6777E-09 6.1824E-09 6.7088E-09 7.2533E-09 7.8130E-09 8.3991E-09 9.0012E-09 9.6122E-09 1.0235E-08 1.0854E-08 1.1462E-08 1.2038E-08 1.2598E-08 1.3121E-08 1.3591E-08 1.4005E-08 1.4350E-08 1.4607E-08 1.4762E-08 1.4824E-08 1.4776E-08 1.4612E-08 1.4333E-08 1.3943E-08 1.3434E-08 1.2821E-08 1.2114E-08 1.1321E-08 1.0459E-08 9.5470E-09 8.6041E-09 7.6533E-09 6.7091E-09 5.7908E-09 4.9169E-09 4.1123E-09 3.3807E-09 2.7311E-09 2.1662E-09 1.6823E-09 1.2775E-09 9.4650E-10 6.8401E-10 4.8033E-10 3.2449E-10 2.0748E-10 1.2791E-10 7.3576E-11 3.6709E-11
2.2659E-09 2.5396E-09 2.8344E-09 3.1641E-09 3.5080E-09 3.8783E-09 4.2684E-09 4.6936E-09 5.1469E-09 5.6255E-09 6.1486E-09 6.6833E-09 7.2465E-09 7.8273E-09 8.4369E-09 9.0677E-09 9.7110E-09 1.0372E-08 1.1026E-08 1.1663E-08 1.2288E-08 1.2888E-08 1.3449E-08 1.3962E-08 1.4413E-08 1.4788E-08 1.5062E-08 1.5242E-08 1.5313E-08 1.5267E-08 1.5096E-08 1.4804E-08 1.4388E-08 1.3848E-08 1.3196E-08 1.2442E-08 1.1597E-08 1.0681E-08 9.7155E-09 8.7212E-09 7.7208E-09 6.7326E-09 5.7787E-09 4.8759E-09 4.0447E-09 3.3002E-09 2.6451E-09 2.0778E-09 1.5960E-09 1.1976E-09 8.7777E-10 6.2518E-10 4.3171E-10 2.8668E-10 1.8109E-10 1.0753E-10 5.8924E-11
1.9679E-09 2.2142E-09 2.4815E-09 2.7739E-09 3.0980E-09 3.4428E-09 3.8026E-09 4.1985E-09 4.6276E-09 5.0830E-09 5.5758E-09 6.1053E-09 6.6604E-09 7.2313E-09 7.8444E-09 8.4842E-09 9.1443E-09 9.8235E-09 1.0524E-08 1.1216E-08 1.1894E-08 1.2563E-08 1.3211E-08 1.3813E-08 1.4364E-08 1.4853E-08 1.5252E-08 1.5544E-08 1.5740E-08 1.5814E-08 1.5767E-08 1.5584E-08 1.5271E-08 1.4819E-08 1.4240E-08 1.3537E-08 1.2731E-08 1.1833E-08 1.0863E-08 9.8407E-09 8.7881E-09 7.7320E-09 6.7009E-09 5.7145E-09 4.7890E-09 3.9451E-09 3.1848E-09 2.5229E-09 1.9560E-09 1.4834E-09 1.0978E-09 7.9114E-10 5.5320E-10 3.7385E-10 2.4193E-10 1.4844E-10 8.2673E-11
1.6922E-09 1.9120E-09 2.1509E-09 2.4159E-09 2.7033E-09 3.0247E-09 3.3615E-09 3.7201E-09 4.1199E-09 4.5496E-09 5.0180E-09 5.5175E-09 6.0668E-09 6.6347E-09 7.2333E-09 7.8725E-09 8.5388E-09 9.2363E-09 9.9501E-09 1.0691E-08 1.1421E-08 1.2147E-08 1.2865E-08 1.3551E-08 1.4196E-08 1.4783E-08 1.5300E-08 1.5718E-08 1.6035E-08 1.6239E-08 1.6313E-08 1.6255E-08 1.6051E-08 1.5705E-08 1.5212E-08 1.4587E-08 1.3829E-08 1.2963E-08 1.2002E-08 1.0970E-08 9.8866E-09 8.7778E-09 7.6747E-09 6.5982E-09 5.5824E-09 4.6402E-09 3.7875E-09 3.0285E-09 2.3648E-09 1.8007E-09 1.3423E-09 9.7477E-10 6.8761E-10 4.6876E-10 3.0750E-10 1.9243E-10 1.1122E-10
1.4443E-09 1.6333E-09 1.8450E-09 2.0816E-09 2.3364E-09 2.6284E-09 2.9375E-09 3.2689E-09 3.6347E-09 4.0357E-09 4.4770E-09 4.9490E-09 5.4734E-09 6.0274E-09 6.6116E-09 7.2376E-09 7.9029E-09 8.6043E-09 9.3310E-09 1.0093E-08 1.0869E-08 1.1639E-08 1.2415E-08 1.3174E-08 1.3904E-08 1.4585E-08 1.5205E-08 1.5747E-08 1.6183E-08 1.6514E-08 1.6717E-08 1.6783E-08 1.6706E-08 1.6472E-08 1.6085E-08 1.5548E-08 1.4867E-08 1.4050E-08 1.3116E-08 1.2085E-08 1.0982E-08 9.8354E-09 8.6772E-09 7.5333E-09 6.4284E-09 5.3849E-09 4.4284E-09 3.5710E-09 2.8129E-09 2.1639E-09 1.6218E-09 1.1798E-09 8.3224E-10 5.7089E-10 3.7821E-10 2.3834E-10 1.4068E-10
1.2209E-09 1.3810E-09 1.5660E-09 1.7761E-09 2.0027E-09 2.2557E-09 2.5429E-09 2.8506E-09 3.1760E-09 3.5463E-09 3.9566E-09 4.3989E-09 4.8862E-09 5.4218E-09 5.9939E-09 6.5900E-09 7.2441E-09 7.9380E-09 8.6705E-09 9.4377E-09 1.0241E-08 1.1055E-08 1.1869E-08 1.2686E-08 1.3490E-08 1.4254E-08 1.4971E-08 1.5616E-08 1.6178E-08 1.6636E-08 1.6972E-08 1.7172E-08 1.7222E-08 1.7116E-08 1.6846E-08 1.6408E-08 1.5808E-08 1.5058E-08 1.4173E-08 1.3166E-08 1.2063E-08 1.0894E-08 9.6860E-09 8.4801E-09 7.3007E-09 6.1726E-09 5.1180E-09 4.1535E-09 3.2878E-09 2.5445E-09 1.9192E-09 1.4059E-09 9.9599E-10 6.8094E-10 4.4837E-10 2.8300E-10 1.6780E-10
1.0186E-09 1.1638E-09 1.3156E-09 1.4987E-09 1.6989E-09 1.9220E-09 2.1670E-09 2.4551E-09 2.7520E-09 3.0838E-09 3.4602E-09 3.8698E-09 4.3227E-09 4.8153E-09 5.3694E-09 5.9437E-09 6.5719E-09 7.2519E-09 7.9768E-09 8.7440E-09 9.5444E-09 1.0384E-08 1.1234E-08 1.2097E-08 1.2956E-08 1.3794E-08 1.4597E-08 1.5343E-08 1.6018E-08 1.6599E-08 1.7066E-08 1.7404E-08 1.7592E-08 1.7618E-08 1.7473E-08 1.7153E-08 1.6655E-08 1.5983E-08 1.5153E-08 1.4188E-08 1.3106E-08 1.1935E-08 1.0706E-08 9.4510E-09 8.1989E-09 6.9870E-09 5.8397E-09 4.7759E-09 3.8085E-09 2.9605E-09 2.2342E-09 1.6382E-09 1.1638E-09 7.9898E-10 5.2552E-10 3.2804E-10 1.9367E-10
8.3497E-10 9.6559E-10 1.0930E-09 1.2503E-09 1.4241E-09 1.6198E-09 1.8359E-09 2.0830E-09 2.3630E-09 2.6522E-09 2.9946E-09 3.3670E-09 3.7841E-09 4.2397E-09 4.7478E-09 5.3004E-09 5.9025E-09 6.5584E-09 7.2631E-09 8.0161E-09 8.8130E-09 9.6570E-09 1.0525E-08 1.1418E-08 1.2320E-08 1.3217E-08 1.4095E-08 1.4928E-08 1.5714E-08 1.6414E-08 1.7015E-08 1.7490E-08 1.7822E-08 1.7991E-08 1.7984E-08 1.7789E-08 1.7407E-08 1.6834E-08 1.6082E-08 1.5162E-08 1.4107E-08 1.2948E-08 1.1714E-08 1.0432E-08 9.1295E-09 7.8388E-09 6.5938E-09 5.4177E-09 4.3467E-09 3.3964E-09 2.5790E-09 1.8949E-09 1.3440E-09 9.1690E-10 6.0150E-10 3.7391E-10 2.1612E-10
6.7279E-10 7.8879E-10 9.0677E-10 1.0314E-09 1.1806E-09 1.3495E-09 1.5360E-09 1.7506E-09 1.9880E-09 2.2566E-09 2.5624E-09 2.8991E-09 3.2772E-09 3.6939E-09 4.1638E-09 4.6773E-09 5.2442E-09 5.8661E-09 6.5414E-09 7.2708E-09 8.0532E-09 8.8841E-09 9.7546E-09 1.0662E-08 1.1594E-08 1.2538E-08 1.3479E-08 1.4397E-08 1.5281E-08 1.6094E-08 1.6826E-08 1.7438E-08 1.7917E-08 1.8234E-08 1.8377E-08 1.8322E-08 1.8073E-08 1.7615E-08 1.6965E-08 1.6127E-08 1.5116E-08 1.3970E-08 1.2730E-08 1.1424E-08 1.0078E-08 8.7238E-09 7.3925E-09 6.1139E-09 4.9258E-09 3.8543E-09 2.9309E-09 2.1565E-09 1.5286E-09 1.0407E-09 6.7554E-10 4.1533E-10 2.3858E-10
5.3894E-10 6.2593E-10 7.2461E-10 8.3894E-10 9.6607E-10 1.1108E-09 1.2715E-09 1.4560E-09 1.6622E-09 1.8988E-09 2.1695E-09 2.4695E-09 2.8081E-09 3.1863E-09 3.6140E-09 4.0848E-09 4.6083E-09 5.1894E-09 5.8233E-09 6.5197E-09 7.2691E-09 8.0811E-09 8.9426E-09 9.8501E-09 1.0801E-08 1.1779E-08 1.2775E-08 1.3766E-08 1.4740E-08 1.5666E-08 1.6520E-08 1.7271E-08 1.7897E-08 1.8366E-08 1.8662E-08 1.8758E-08 1.8653E-08 1.8328E-08 1.7795E-08 1.7057E-08 1.6134E-08 1.5036E-08 1.3802E-08 1.2469E-08 1.1072E-08 9.6456E-09 8.2224E-09 6.8420E-09 5.5412E-09 4.3578E-09 3.3176E-09 2.4342E-09 1.7170E-09 1.1644E-09 7.5216E-10 4.5634E-10 2.5726E-10
4.2493E-10 4.9696E-10 5.7877E-10 6.7252E-10 7.7944E-10 9.0180E-10 1.0395E-09 1.1987E-09 1.3766E-09 1.5808E-09 1.8191E-09 2.0812E-09 2.3796E-09 2.7152E-09 3.0980E-09 3.5223E-09 3.9990E-09 4.5317E-09 5.1217E-09 5.7736E-09 6.4837E-09 7.2659E-09 8.1030E-09 9.0025E-09 9.9623E-09 1.0964E-08 1.2002E-08 1.3056E-08 1.4116E-08 1.5145E-08 1.6119E-08 1.7009E-08 1.7782E-08 1.8409E-08 1.8866E-08 1.9125E-08 1.9179E-08 1.9003E-08 1.8605E-08 1.7985E-08 1.7159E-08 1.6136E-08 1.4943E-08 1.3602E-08 1.2165E-08 1.0657E-08 9.1345E-09 7.6260E-09 6.1968E-09 4.8851E-09 3.7241E-09 2.7333E-09 1.9243E-09 1.2919E-09 8.2376E-10 4.9482E-10 2.7484E-10
3.3160E-10 3.9114E-10 4.5579E-10 5.3347E-10 6.2075E-10 7.2117E-10 8.3722E-10 9.7202E-10 1.1231E-09 1.2983E-09 1.5010E-09 1.7294E-09 1.9884E-09 2.2820E-09 2.6206E-09 2.9980E-09 3.4250E-09 3.9065E-09 4.4453E-09 5.0439E-09 5.7111E-09 6.4523E-09 7.2583E-09 8.1409E-09 9.0942E-09 1.0109E-08 1.1181E-08 1.2290E-08 1.3426E-08 1.4550E-08 1.5644E-08 1.6669E-08 1.7590E-08 1.8385E-08 1.9005E-08 1.9444E-08 1.9659E-08 1.9657E-08 1.9409E-08 1.8931E-08 1.8212E-08 1.7290E-08 1.6153E-08 1.4846E-08 1.3362E-08 1.1793E-08 1.0161E-08 8.5215E-09 6.9323E-09 5.4638E-09 4.1535E-09 3.0396E-09 2.1329E-09 1.4242E-09 8.9918E-10 5.3089E-10 2.8980E-10
2.5368E-10 2.9992E-10 3.5212E-10 4.1502E-10 4.8609E-10 5.6661E-10 6.6343E-10 7.7347E-10 9.0019E-10 1.0488E-09 1.2211E-09 1.4153E-09 1.6347E-09 1.8919E-09 2.1824E-09 2.5155E-09 2.8897E-09 3.3191E-09 3.8029E-09 4.3452E-09 4.9628E-09 5.6532E-09 6.4239E-09 7.2798E-09 8.2186E-09 9.2389E-09 1.0330E-08 1.1485E-08 1.2684E-08 1.3899E-08 1.5099E-08 1.6257E-08 1.7327E-08 1.8281E-08 1.9079E-08 1.9701E-08 2.0099E-08 2.0281E-08 2.0203E-08 1.9887E-08 1.9305E-08 1.8491E-08 1.7428E-08 1.6166E-08 1.4691E-08 1.3068E-08 1.1310E-08 9.5216E-09 7.7748E-09 6.1285E-09 4.6411E-09 3.3723E-09 2.3379E-09 1.5497E-09 9.6802E-10 5.6454E-10 3.0137E-10
1.8882E-10 2.2450E-10 2.6719E-10 3.1579E-10 3.7316E-10 4.3930E-10 5.1608E-10 6.0412E-10 7.0894E-10 8.3159E-10 9.7281E-10 1.1363E-09 1.3208E-09 1.5364E-09 1.7844E-09 2.0702E-09 2.3952E-09 2.7709E-09 3.1986E-09 3.6871E-09 4.2509E-09 4.8892E-09 5.6169E-09 6.4369E-09 7.3523E-09 8.3676E-09 9.4661E-09 1.0653E-08 1.1903E-08 1.3191E-08 1.4494E-08 1.5771E-08 1.6983E-08 1.8099E-08 1.9076E-08 1.9883E-08 2.0483E-08 2.0861E-08 2.0976E-08 2.0841E-08 2.0429E-08 1.9751E-08 1.8793E-08 1.7587E-08 1.6133E-08 1.4476E-08 1.2643E-08 1.0727E-08 8.7648E-09 6.8904E-09 5.2219E-09 3.7755E-09 2.5884E-09 1.6723E-09 1.0293E-09 5.9263E-10 3.1134E-10
1.3536E-10 1.6294E-10 1.9697E-10 2.3535E-10 2.7967E-10 3.3302E-10 3.9354E-10 4.6479E-10 5.4814E-10 6.4481E-10 7.5985E-10 8.9038E-10 1.0405E-09 1.2199E-09 1.4266E-09 1.6674E-09 1.9456E-09 2.2679E-09 2.6435E-09 3.0790E-09 3.5853E-09 4.1694E-09 4.8483E-09 5.6227E-09 6.5097E-09 7.5011E-09 8.5976E-09 9.7995E-09 1.1084E-08 1.2435E-08 1.3818E-08 1.5201E-08 1.6552E-08 1.7817E-08 1.8972E-08 1.9971E-08 2.0783E-08 2.1364E-08 2.1705E-08 2.1778E-08 2.1558E-08 2.1055E-08 2.0240E-08 1.9129E-08 1.7724E-08 1.6059E-08 1.4165E-08 1.2127E-08 1.0009E-08 7.9372E-09 5.9935E-09 4.2946E-09 2.9101E-09 1.8641E-09 1.1062E-09 6.1307E-10 3.1625E-10
9.2514E-11 1.1430E-10 1.3981E-10 1.6854E-10 2.0344E-10 2.4569E-10 2.9202E-10 3.4757E-10 4.1091E-10 4.8526E-10 5.7811E-10 6.8316E-10 8.0309E-10 9.4786E-10 1.1155E-09 1.3142E-09 1.5467E-09 1.8229E-09 2.1438E-09 2.5232E-09 2.9729E-09 3.5006E-09 4.1239E-09 4.8485E-09 5.6930E-09 6.6536E-09 7.7319E-09 8.9325E-09 1.0229E-08 1.1622E-08 1.3066E-08 1.4541E-08 1.6009E-08 1.7415E-08 1.8744E-08 1.9929E-08 2.0951E-08 2.1762E-08 2.2347E-08 2.2654E-08 2.2689E-08 2.2386E-08 2.1778E-08 2.0806E-08 1.9511E-08 1.7872E-08 1.5962E-08 1.3816E-08 1.1563E-08 9.2941E-09 7.1576E-09 5.1590E-09 3.5530E-09 2.2150E-09 1.2816E-09 6.8874E-10 3.2294E-10
5.7495E-11 7.4385E-11 9.2827E-11 1.1399E-10 1.4212E-10 1.7267E-10 2.0938E-10 2.5115E-10 3.0087E-10 3.5889E-10 4.2833E-10 5.1127E-10 6.0524E-10 7.1911E-10 8.5185E-10 1.0119E-09 1.2038E-09 1.4275E-09 1.6996E-09 2.0276E-09 2.4184E-09 2.8925E-09 3.4539E-09 4.1280E-09 4.9188E-09 5.8329E-09 6.8808E-09 8.0539E-09 9.3521E-09 1.0757E-08 1.2242E-08 1.3784E-08 1.5336E-08 1.6873E-08 1.8344E-08 1.9712E-08 2.0947E-08 2.2000E-08 2.2843E-08 2.3435E-08 2.3743E-08 2.3723E-08 2.3378E-08 2.2626E-08 2.1510E-08 1.9983E-08 1.8120E-08 1.5941E-08 1.3593E-08 1.1134E-08 8.7795E-09 6.5767E-09 4.6648E-09 3.0409E-09 1.8350E-09 9.8064E-10 4.2597E-10
3.2333E-11 4.4640E-11 5.7063E-11 7.5108E-11 9.4664E-11 1.1694E-10 1.4388E-10 1.7589E-10 2.1364E-10 2.5660E-10 3.0845E-10 3.7055E-10 4.4222E-10 5.2862E-10 6.3438E-10 7.5909E-10 9.1180E-10 1.0938E-09 1.3213E-09 1.5970E-09 1.9338E-09 2.3516E-09 2.8508E-09 3.4608E-09 4.1906E-09 5.0520E-09 6.0496E-09 7.1813E-09 8.4532E-09 9.8429E-09 1.1337E-08 1.2907E-08 1.4518E-08 1.6147E-08 1.7742E-08 1.9280E-08 2.0720E-08 2.2017E-08 2.3143E-08 2.4045E-08 2.4682E-08 2.5015E-08 2.4990E-08 2.4569E-08 2.3730E-08 2.2440E-08 2.0748E-08 1.8639E-08 1.6286E-08 1.3708E-08 1.1159E-08 8.6999E-09 6.4921E-09 4.5991E-09 3.0656E-09 1.8928E-09 9.6088E-10
1.7263E-11 2.4906E-11 3.4544E-11 4.5522E-11 5.8967E-11 7.5190E-11 9.4221E-11 1.1835E-10 1.4628E-10 1.7829E-10 2.1567E-10 2.5745E-10 3.1451E-10 3.7895E-10 4.5734E-10 5.5454E-10 6.7467E-10 8.1850E-10 1.0019E-09 1.2317E-09 1.5162E-09 1.8789E-09 2.3168E-09 2.8635E-09 3.5224E-09 4.3127E-09 5.2434E-09 6.3088E-09 7.5275E-09 8.8691E-09 1.0338E-08 1.1899E-08 1.3536E-08 1.5217E-08 1.6912E-08 1.8594E-08 2.0220E-08 2.1759E-08 2.3171E-08 2.4404E-08 2.5411E-08 2.6144E-08 2.6532E-08 2.6544E-08 2.6113E-08 2.5190E-08 2.3814E-08 2.1948E-08 1.9741E-08 1.7225E-08 1.4598E-08 1.1946E-08 9.4458E-09 7.1789E-09 5.2522E-09 3.6466E-09 2.4416E-09
7.7922E-12 1.3045E-11 1.8241E-11 2.4988E-11 3.3486E-11 4.4647E-11 5.8624E-11 7.5163E-11 9.4780E-11 1.1773E-10 1.4575E-10 1.7663E-10 2.1216E-10 2.5967E-10 3.1809E-10 3.9138E-10 4.8456E-10 5.9831E-10 7.4552E-10 9.3144E-10 1.1646E-09 1.4705E-09 1.8456E-09 2.3228E-09 2.9044E-09 3.6151E-09 4.4625E-09 5.4476E-09 6.5890E-09 7.8593E-09 9.2687E-09 1.0785E-08 1.2407E-08 1.4099E-08 1.5850E-08 1.7640E-08 1.9424E-08 2.1176E-08 2.2857E-08 2.4414E-08 2.5813E-08 2.6977E-08 2.7858E-08 2.8361E-08 2.8455E-08 2.8051E-08 2.7177E-08 2.5789E-08 2.3937E-08 2.1723E-08 1.9221E-08 1.6588E-08 1.3958E-08 1.1355E-08 9.0229E-09 6.8748E-09 5.1262E-09
2.4936E-12 5.1828E-12 8.5072E-12 1.2700E-11 1.8082E-11 2.4934E-11 3.3578E-11 4.4365E-11 5.7881E-11 7.3911E-11 9.3397E-11 1.1549E-10 1.4200E-10 1.7234E-10 2.1352E-10 2.6752E-10 3.3780E-10 4.2371E-10 5.3958E-10 6.8472E-10 8.7175E-10 1.1240E-09 1.4384E-09 1.8465E-09 2.3497E-09 2.9765E-09 3.7277E-09 4.6111E-09 5.6549E-09 6.8270E-09 8.1493E-09 9.5913E-09 1.1163E-08 1.2826E-08 1.4586E-08 1.6420E-08 1.8315E-08 2.0235E-08 2.2145E-08 2.3999E-08 2.5756E-08 2.7348E-08 2.8721E-08 2.9770E-08 3.0465E-08 3.0708E-08 3.0483E-08 2.9760E-08 2.8543E-08 2.6892E-08 2.4887E-08 2.2545E-08 2.0066E-08 1.7409E-08 1.4851E-08 1.2312E-08 9.9819E-09
1.2962E-13 1.0502E-12 2.4623E-12 4.4125E-12 7.6924E-12 1.1496E-11 1.6995E-11 2.4113E-11 3.2414E-11 4.3062E-11 5.6013E-11 7.1612E-11 8.9834E-11 1.1068E-10 1.3519E-10 1.7103E-10 2.2395E-10 2.8755E-10 3.7585E-10 4.8870E-10 6.3323E-10 8.4039E-10 1.0984E-09 1.4401E-09 1.8639E-09 2.4018E-09 3.0557E-09 3.8324E-09 4.7613E-09 5.8180E-09 7.0208E-09 8.3580E-09 9.8282E-09 1.1422E-08 1.3133E-08 1.4966E-08 1.6898E-08 1.8915E-08 2.0980E-08 2.3050E-08 2.5095E-08 2.7044E-08 2.8851E-08 3.0419E-08 3.1706E-08 3.2642E-08 3.3157E-08 3.3251E-08 3.2880E-08 3.2050E-08 3.0833E-08 2.9175E-08 2.7273E-08 2.5058E-08 2.2677E-08 2.0120E-08 1.7549E-08
0.0000E+00 0.0000E+00 5.7128E-14 1.0281E-12 2.6901E-12 4.3690E-12 6.5142E-12 9.3032E-12 1.3572E-11 1.9846E-11 2.8095E-11 3.7280E-11 5.0011E-11 6.3845E-11 7.8262E-11 1.0238E-10 1.3807E-10 1.8487E-10 2.5165E-10 3.3838E-10 4.5272E-10 6.1520E-10 8.2244E-10 1.1023E-09 1.4527E-09 1.9015E-09 2.4537E-09 3.1184E-09 3.9203E-09 4.8488E-09 5.9162E-09 7.1213E-09 8.4639E-09 9.9455E-09 1.1559E-08 1.3320E-08 1.5205E-08 1.7213E-08 1.9320E-08 2.1492E-08 2.3689E-08 2.5871E-08 2.7982E-08 2.9961E-08 3.1740E-08 3.3281E-08 3.4521E-08 3.5416E-08 3.5952E-08 3.6076E-08 3.5875E-08 3.5263E-08 3.4334E-08 3.3038E-08 3.1454E-08 2.9539E-08 2.7447E-08
