Assets/Resources/2015_m01_d13_1300(utc+0800)_l00_csi_1hr_conc.grd
DSAA
         159         159
     -79.000      79.000
     -79.000      79.000
  0.0000E+00  0.2270E-05
[rows 100 to 124 of 159, columns 0 to 56 of 159]
3.4380E-09 3.5752E-09 3.7183E-09 3.8608E-09 4.0079E-09 4.1577E-09 4.3072E-09 4.4619E-09 4.6148E-09 4.7697E-09 4.9253E-09 5.0792E-09 5.2362E-09 5.3883E-09 5.5419E-09 5.6915E-09 5.8371E-09 5.9823E-09 6.1220E-09 6.2592E-09 6.3880E-09 6.5146E-09 6.6302E-09 6.7403E-09 6.8421E-09 6.9320E-09 7.0208E-09 7.0939E-09 7.1617E-09 7.2193E-09 7.2615E-09 7.3038E-09 7.3233E-09 7.3354E-09 7.3343E-09 7.3158E-09 7.2860E-09 7.2334E-09 7.1616E-09 7.0886E-09 6.9803E-09 6.8569E-09 6.7160E-09 6.5538E-09 6.3661E-09 6.1640E-09 5.9526E-09 5.7107E-09 5.4523E-09 5.1813E-09 4.8875E-09 4.5775E-09 4.2494E-09 3.9076E-09 3.5581E-09 3.2072E-09 2.8589E-09
3.3188E-09 3.4512E-09 3.5850E-09 3.7227E-09 3.8618E-09 4.0012E-09 4.1463E-09 4.2879E-09 4.4341E-09 4.5799E-09 4.7232E-09 4.8700E-09 5.0122E-09 5.1556E-09 5.2959E-09 5.4331E-09 5.5681E-09 5.6974E-09 5.8239E-09 5.9449E-09 6.0626E-09 6.1711E-09 6.2743E-09 6.3672E-09 6.4520E-09 6.5281E-09 6.5923E-09 6.6538E-09 6.6986E-09 6.7371E-09 6.7602E-09 6.7748E-09 6.7746E-09 6.7625E-09 6.7414E-09 6.6982E-09 6.6434E-09 6.5737E-09 6.4808E-09 6.3733E-09 6.2469E-09 6.1084E-09 5.9503E-09 5.7736E-09 5.5911E-09 5.3867E-09 5.1697E-09 4.9435E-09 4.7115E-09 4.4627E-09 4.1990E-09 3.9236E-09 3.6349E-09 3.3361E-09 3.0324E-09 2.7283E-09 2.4271E-09
3.1962E-09 3.3215E-09 3.4485E-09 3.5784E-09 3.7091E-09 3.8428E-09 3.9750E-09 4.1118E-09 4.2471E-09 4.3817E-09 4.5189E-09 4.6504E-09 4.7853E-09 4.9159E-09 5.0436E-09 5.1702E-09 5.2916E-09 5.4097E-09 5.5218E-09 5.6286E-09 5.7307E-09 5.8269E-09 5.9144E-09 5.9941E-09 6.0632E-09 6.1232E-09 6.1737E-09 6.2119E-09 6.2440E-09 6.2659E-09 6.2753E-09 6.2697E-09 6.2540E-09 6.2236E-09 6.1803E-09 6.1257E-09 6.0553E-09 5.9734E-09 5.8675E-09 5.7538E-09 5.6211E-09 5.4665E-09 5.3063E-09 5.1272E-09 4.9361E-09 4.7384E-09 4.5375E-09 4.3204E-09 4.0983E-09 3.8712E-09 3.6358E-09 3.3937E-09 3.1391E-09 2.8726E-09 2.5910E-09 2.3076E-09 2.0276E-09
3.0688E-09 3.1873E-09 3.3083E-09 3.4289E-09 3.5533E-09 3.6773E-09 3.8030E-09 3.9281E-09 4.0546E-09 4.1822E-09 4.3043E-09 4.4306E-09 4.5509E-09 4.6711E-09 4.7886E-09 4.9005E-09 5.0117E-09 5.1173E-09 5.2170E-09 5.3107E-09 5.3983E-09 5.4808E-09 5.5546E-09 5.6208E-09 5.6777E-09 5.7220E-09 5.7585E-09 5.7855E-09 5.7994E-09 5.8062E-09 5.7988E-09 5.7816E-09 5.7531E-09 5.7087E-09 5.6535E-09 5.5856E-09 5.5041E-09 5.4138E-09 5.3100E-09 5.1852E-09 5.0455E-09 4.8950E-09 4.7309E-09 4.5584E-09 4.3787E-09 4.1821E-09 3.9807E-09 3.7741E-09 3.5622E-09 3.3470E-09 3.1234E-09 2.8919E-09 2.6490E-09 2.3947E-09 2.1401E-09 1.8881E-09 1.6418E-09
2.9377E-09 3.0503E-09 3.1627E-09 3.2777E-09 3.3922E-09 3.5095E-09 3.6258E-09 3.7421E-09 3.8591E-09 3.9749E-09 4.0919E-09 4.2015E-09 4.3154E-09 4.4244E-09 4.5287E-09 4.6314E-09 4.7283E-09 4.8222E-09 4.9116E-09 4.9928E-09 5.0678E-09 5.1359E-09 5.1983E-09 5.2487E-09 5.2953E-09 5.3298E-09 5.3513E-09 5.3651E-09 5.3695E-09 5.3604E-09 5.3443E-09 5.3131E-09 5.2715E-09 5.2200E-09 5.1579E-09 5.0829E-09 4.9967E-09 4.8999E-09 4.7880E-09 4.6635E-09 4.5311E-09 4.3828E-09 4.2238E-09 4.0543E-09 3.8763E-09 3.6922E-09 3.5042E-09 3.3118E-09 3.1131E-09 2.9094E-09 2.7021E-09 2.4860E-09 2.2659E-09 2.0459E-09 1.8255E-09 1.6086E-09 1.3987E-09
2.8047E-09 2.9089E-09 3.0158E-09 3.1218E-09 3.2298E-09 3.3375E-09 3.4459E-09 3.5533E-09 3.6601E-09 3.7673E-09 3.8723E-09 3.9766E-09 4.0737E-09 4.1744E-09 4.2709E-09 4.3593E-09 4.4467E-09 4.5282E-09 4.6048E-09 4.6768E-09 4.7399E-09 4.7962E-09 4.8450E-09 4.8857E-09 4.9174E-09 4.9432E-09 4.9536E-09 4.9566E-09 4.9501E-09 4.9306E-09 4.9044E-09 4.8682E-09 4.8185E-09 4.7587E-09 4.6891E-09 4.6094E-09 4.5233E-09 4.4266E-09 4.3140E-09 4.1937E-09 4.0616E-09 3.9129E-09 3.7594E-09 3.5970E-09 3.4233E-09 3.2438E-09 3.0605E-09 2.8747E-09 2.6888E-09 2.5028E-09 2.3156E-09 2.1270E-09 1.9389E-09 1.7513E-09 1.5663E-09 1.3853E-09 1.2111E-09
2.6694E-09 2.7669E-09 2.8651E-09 2.9653E-09 3.0645E-09 3.1642E-09 3.2639E-09 3.3628E-09 3.4604E-09 3.5575E-09 3.6528E-09 3.7465E-09 3.8379E-09 3.9222E-09 4.0091E-09 4.0913E-09 4.1648E-09 4.2368E-09 4.3020E-09 4.3620E-09 4.4167E-09 4.4598E-09 4.5001E-09 4.5301E-09 4.5489E-09 4.5643E-09 4.5688E-09 4.5620E-09 4.5461E-09 4.5190E-09 4.4844E-09 4.4421E-09 4.3873E-09 4.3278E-09 4.2575E-09 4.1788E-09 4.0898E-09 3.9914E-09 3.8828E-09 3.7640E-09 3.6354E-09 3.4944E-09 3.3495E-09 3.1969E-09 3.0453E-09 2.8799E-09 2.7174E-09 2.5534E-09 2.3878E-09 2.2253E-09 2.0544E-09 1.8825E-09 1.7112E-09 1.5403E-09 1.3727E-09 1.2113E-09 1.0588E-09
2.5327E-09 2.6235E-09 2.7146E-09 2.8059E-09 2.8987E-09 2.9902E-09 3.0810E-09 3.1714E-09 3.2604E-09 3.3475E-09 3.4340E-09 3.5164E-09 3.5988E-09 3.6775E-09 3.7485E-09 3.8216E-09 3.8882E-09 3.9480E-09 4.0045E-09 4.0512E-09 4.0974E-09 4.1352E-09 4.1610E-09 4.1842E-09 4.1968E-09 4.1981E-09 4.1933E-09 4.1823E-09 4.1597E-09 4.1254E-09 4.0862E-09 4.0392E-09 3.9816E-09 3.9216E-09 3.8553E-09 3.7783E-09 3.6934E-09 3.5993E-09 3.4965E-09 3.3841E-09 3.2609E-09 3.1309E-09 2.9952E-09 2.8528E-09 2.7055E-09 2.5569E-09 2.4076E-09 2.2582E-09 2.1079E-09 1.9560E-09 1.8034E-09 1.6511E-09 1.4999E-09 1.3503E-09 1.2043E-09 1.0650E-09 9.3261E-10
2.3952E-09 2.4792E-09 2.5635E-09 2.6476E-09 2.7313E-09 2.8159E-09 2.8990E-09 2.9802E-09 3.0608E-09 3.1393E-09 3.2156E-09 3.2912E-09 3.3608E-09 3.4315E-09 3.4973E-09 3.5549E-09 3.6142E-09 3.6653E-09 3.7118E-09 3.7525E-09 3.7838E-09 3.8151E-09 3.8322E-09 3.8470E-09 3.8543E-09 3.8485E-09 3.8370E-09 3.8171E-09 3.7866E-09 3.7532E-09 3.7103E-09 3.6592E-09 3.6043E-09 3.5446E-09 3.4774E-09 3.4060E-09 3.3289E-09 3.2400E-09 3.1426E-09 3.0371E-09 2.9243E-09 2.8045E-09 2.6796E-09 2.5497E-09 2.4170E-09 2.2825E-09 2.1482E-09 2.0144E-09 1.8785E-09 1.7412E-09 1.6036E-09 1.4667E-09 1.3297E-09 1.1952E-09 1.0649E-09 9.4119E-10 8.2314E-10
2.2576E-09 2.3350E-09 2.4125E-09 2.4896E-09 2.5660E-09 2.6415E-09 2.7175E-09 2.7911E-09 2.8627E-09 2.9331E-09 2.9993E-09 3.0665E-09 3.1307E-09 3.1876E-09 3.2468E-09 3.2979E-09 3.3445E-09 3.3882E-09 3.4268E-09 3.4600E-09 3.4849E-09 3.5035E-09 3.5179E-09 3.5230E-09 3.5225E-09 3.5140E-09 3.4972E-09 3.4723E-09 3.4389E-09 3.4007E-09 3.3557E-09 3.3063E-09 3.2520E-09 3.1935E-09 3.1311E-09 3.0629E-09 2.9885E-09 2.9083E-09 2.8193E-09 2.7225E-09 2.6185E-09 2.5094E-09 2.3951E-09 2.2768E-09 2.1564E-09 2.0361E-09 1.9166E-09 1.7952E-09 1.6723E-09 1.5484E-09 1.4245E-09 1.3010E-09 1.1778E-09 1.0568E-09 9.4017E-10 8.2866E-10 7.2155E-10
2.1207E-09 2.1916E-09 2.2623E-09 2.3326E-09 2.4020E-09 2.4704E-09 2.5373E-09 2.6040E-09 2.6672E-09 2.7301E-09 2.7904E-09 2.8461E-09 2.9023E-09 2.9552E-09 3.0005E-09 3.0456E-09 3.0852E-09 3.1203E-09 3.1491E-09 3.1743E-09 3.1946E-09 3.2064E-09 3.2142E-09 3.2134E-09 3.2058E-09 3.1939E-09 3.1724E-09 3.1456E-09 3.1123E-09 3.0732E-09 3.0263E-09 2.9792E-09 2.9286E-09 2.8711E-09 2.8100E-09 2.7439E-09 2.6724E-09 2.5956E-09 2.5124E-09 2.4238E-09 2.3309E-09 2.2332E-09 2.1317E-09 2.0277E-09 1.9226E-09 1.8162E-09 1.7082E-09 1.5984E-09 1.4873E-09 1.3757E-09 1.2640E-09 1.1507E-09 1.0384E-09 9.2901E-10 8.2350E-10 7.2187E-10 6.2528E-10
1.9851E-09 2.0497E-09 2.1139E-09 2.1775E-09 2.2402E-09 2.3016E-09 2.3614E-09 2.4195E-09 2.4772E-09 2.5311E-09 2.5842E-09 2.6345E-09 2.6799E-09 2.7254E-09 2.7648E-09 2.8013E-09 2.8349E-09 2.8620E-09 2.8841E-09 2.9031E-09 2.9146E-09 2.9227E-09 2.9233E-09 2.9193E-09 2.9073E-09 2.8902E-09 2.8658E-09 2.8389E-09 2.8043E-09 2.7662E-09 2.7247E-09 2.6788E-09 2.6295E-09 2.5793E-09 2.5250E-09 2.4647E-09 2.3981E-09 2.3253E-09 2.2474E-09 2.1638E-09 2.0758E-09 1.9844E-09 1.8924E-09 1.7948E-09 1.6995E-09 1.6054E-09 1.5071E-09 1.4095E-09 1.3109E-09 1.2118E-09 1.1090E-09 1.0059E-09 9.0650E-10 8.1031E-10 7.1766E-10 6.2729E-10 5.4437E-10
1.8515E-09 1.9100E-09 1.9679E-09 2.0251E-09 2.0812E-09 2.1360E-09 2.1892E-09 2.2407E-09 2.2902E-09 2.3374E-09 2.3838E-09 2.4274E-09 2.4661E-09 2.5032E-09 2.5366E-09 2.5661E-09 2.5934E-09 2.6143E-09 2.6306E-09 2.6440E-09 2.6501E-09 2.6514E-09 2.6493E-09 2.6417E-09 2.6252E-09 2.6065E-09 2.5837E-09 2.5527E-09 2.5176E-09 2.4812E-09 2.4410E-09 2.4003E-09 2.3568E-09 2.3077E-09 2.2581E-09 2.2040E-09 2.1450E-09 2.0781E-09 2.0101E-09 1.9341E-09 1.8551E-09 1.7727E-09 1.6867E-09 1.6003E-09 1.5144E-09 1.4273E-09 1.3389E-09 1.2494E-09 1.1595E-09 1.0691E-09 9.7773E-10 8.8771E-10 7.9917E-10 7.1013E-10 6.2745E-10 5.4644E-10 4.7159E-10
1.7205E-09 1.7731E-09 1.8250E-09 1.8761E-09 1.9260E-09 1.9745E-09 2.0215E-09 2.0669E-09 2.1103E-09 2.1514E-09 2.1900E-09 2.2274E-09 2.2618E-09 2.2914E-09 2.3190E-09 2.3417E-09 2.3613E-09 2.3783E-09 2.3895E-09 2.3970E-09 2.3983E-09 2.3975E-09 2.3904E-09 2.3773E-09 2.3623E-09 2.3420E-09 2.3156E-09 2.2878E-09 2.2577E-09 2.2228E-09 2.1864E-09 2.1482E-09 2.1073E-09 2.0643E-09 2.0164E-09 1.9652E-09 1.9098E-09 1.8505E-09 1.7877E-09 1.7213E-09 1.6517E-09 1.5796E-09 1.5053E-09 1.4293E-09 1.3518E-09 1.2731E-09 1.1932E-09 1.1123E-09 1.0306E-09 9.4657E-10 8.6296E-10 7.7756E-10 6.9734E-10 6.1979E-10 5.4343E-10 4.6971E-10 3.9863E-10
1.5928E-09 1.6398E-09 1.6860E-09 1.7312E-09 1.7752E-09 1.8179E-09 1.8592E-09 1.8988E-09 1.9366E-09 1.9721E-09 2.0052E-09 2.0355E-09 2.0639E-09 2.0887E-09 2.1112E-09 2.1295E-09 2.1435E-09 2.1546E-09 2.1618E-09 2.1645E-09 2.1651E-09 2.1586E-09 2.1471E-09 2.1348E-09 2.1174E-09 2.0949E-09 2.0719E-09 2.0430E-09 2.0141E-09 1.9847E-09 1.9533E-09 1.9194E-09 1.8831E-09 1.8443E-09 1.8028E-09 1.7580E-09 1.7072E-09 1.6514E-09 1.5924E-09 1.5308E-09 1.4663E-09 1.3991E-09 1.3300E-09 1.2594E-09 1.1900E-09 1.1194E-09 1.0477E-09 9.7539E-10 9.0072E-10 8.2399E-10 7.5124E-10 6.7917E-10 6.0671E-10 5.3699E-10 4.6858E-10 4.0062E-10 3.3981E-10
1.4689E-09 1.5105E-09 1.5513E-09 1.5910E-09 1.6296E-09 1.6670E-09 1.7030E-09 1.7373E-09 1.7699E-09 1.8003E-09 1.8283E-09 1.8538E-09 1.8764E-09 1.8960E-09 1.9140E-09 1.9270E-09 1.9381E-09 1.9456E-09 1.9477E-09 1.9473E-09 1.9438E-09 1.9355E-09 1.9255E-09 1.9097E-09 1.8907E-09 1.8698E-09 1.8460E-09 1.8211E-09 1.7964E-09 1.7680E-09 1.7386E-09 1.7077E-09 1.6746E-09 1.6397E-09 1.6003E-09 1.5574E-09 1.5115E-09 1.4630E-09 1.4120E-09 1.3584E-09 1.3027E-09 1.2452E-09 1.1860E-09 1.1251E-09 1.0627E-09 9.9875E-10 9.3347E-10 8.6488E-10 7.9671E-10 7.2869E-10 6.6023E-10 5.9130E-10 5.2479E-10 4.5872E-10 4.0069E-10 3.4270E-10 2.8995E-10
1.3472E-09 1.3858E-09 1.4215E-09 1.4561E-09 1.4898E-09 1.5223E-09 1.5534E-09 1.5830E-09 1.6108E-09 1.6365E-09 1.6601E-09 1.6812E-09 1.6997E-09 1.7153E-09 1.7279E-09 1.7374E-09 1.7452E-09 1.7488E-09 1.7491E-09 1.7467E-09 1.7402E-09 1.7298E-09 1.7177E-09 1.7035E-09 1.6857E-09 1.6649E-09 1.6427E-09 1.6193E-09 1.5951E-09 1.5703E-09 1.5441E-09 1.5157E-09 1.4869E-09 1.4557E-09 1.4179E-09 1.3795E-09 1.3386E-09 1.2960E-09 1.2490E-09 1.2016E-09 1.1493E-09 1.0974E-09 1.0447E-09 9.9039E-10 9.3249E-10 8.7566E-10 8.1687E-10 7.5577E-10 6.9475E-10 6.3196E-10 5.7031E-10 5.1011E-10 4.5280E-10 3.9715E-10 3.4383E-10 2.9530E-10 2.4670E-10
1.2325E-09 1.2644E-09 1.2971E-09 1.3272E-09 1.3564E-09 1.3844E-09 1.4111E-09 1.4363E-09 1.4598E-09 1.4814E-09 1.5010E-09 1.5182E-09 1.5331E-09 1.5453E-09 1.5549E-09 1.5614E-09 1.5651E-09 1.5656E-09 1.5645E-09 1.5596E-09 1.5520E-09 1.5424E-09 1.5295E-09 1.5144E-09 1.4955E-09 1.4765E-09 1.4561E-09 1.4344E-09 1.4164E-09 1.3929E-09 1.3705E-09 1.3465E-09 1.3202E-09 1.2884E-09 1.2569E-09 1.2231E-09 1.1842E-09 1.1435E-09 1.1013E-09 1.0543E-09 1.0104E-09 9.6628E-10 9.1925E-10 8.7178E-10 8.2254E-10 7.7055E-10 7.1564E-10 6.6209E-10 6.0577E-10 5.5079E-10 4.9705E-10 4.4550E-10 3.9722E-10 3.4722E-10 2.9749E-10 2.5141E-10 2.0519E-10
1.1208E-09 1.1504E-09 1.1772E-09 1.2032E-09 1.2282E-09 1.2521E-09 1.2747E-09 1.2978E-09 1.3175E-09 1.3354E-09 1.3514E-09 1.3653E-09 1.3770E-09 1.3864E-09 1.3932E-09 1.3976E-09 1.3971E-09 1.3961E-09 1.3923E-09 1.3857E-09 1.3773E-09 1.3673E-09 1.3558E-09 1.3421E-09 1.3264E-09 1.3104E-09 1.2932E-09 1.2756E-09 1.2580E-09 1.2377E-09 1.2159E-09 1.1928E-09 1.1677E-09 1.1406E-09 1.1116E-09 1.0811E-09 1.0486E-09 1.0143E-09 9.7813E-10 9.4075E-10 9.0184E-10 8.6156E-10 8.2009E-10 7.7515E-10 7.3127E-10 6.8188E-10 6.3430E-10 5.8473E-10 5.3553E-10 4.8697E-10 4.4052E-10 3.9200E-10 3.4471E-10 2.9683E-10 2.5312E-10 2.0990E-10 1.6906E-10
1.0126E-09 1.0405E-09 1.0654E-09 1.0876E-09 1.1090E-09 1.1293E-09 1.1484E-09 1.1662E-09 1.1824E-09 1.1971E-09 1.2100E-09 1.2211E-09 1.2301E-09 1.2371E-09 1.2418E-09 1.2442E-09 1.2445E-09 1.2423E-09 1.2377E-09 1.2309E-09 1.2224E-09 1.2121E-09 1.2002E-09 1.1851E-09 1.1717E-09 1.1597E-09 1.1454E-09 1.1310E-09 1.1153E-09 1.0990E-09 1.0816E-09 1.0622E-09 1.0400E-09 1.0159E-09 9.9023E-10 9.6315E-10 9.3449E-10 9.0422E-10 8.7242E-10 8.3707E-10 8.0277E-10 7.6484E-10 7.2840E-10 6.8848E-10 6.4807E-10 6.0590E-10 5.6181E-10 5.1704E-10 4.7379E-10 4.2741E-10 3.8165E-10 3.3746E-10 2.9635E-10 2.5367E-10 2.1337E-10 1.7372E-10 1.4002E-10
9.1344E-10 9.3501E-10 9.5845E-10 9.7732E-10 9.9708E-10 1.0141E-09 1.0301E-09 1.0448E-09 1.0582E-09 1.0701E-09 1.0804E-09 1.0891E-09 1.0960E-09 1.1009E-09 1.1040E-09 1.1052E-09 1.1042E-09 1.0992E-09 1.0944E-09 1.0881E-09 1.0781E-09 1.0690E-09 1.0564E-09 1.0451E-09 1.0327E-09 1.0199E-09 1.0068E-09 9.9365E-10 9.7987E-10 9.6524E-10 9.4954E-10 9.3232E-10 9.1352E-10 8.9331E-10 8.7204E-10 8.4908E-10 8.2484E-10 7.9878E-10 7.7086E-10 7.4171E-10 7.1165E-10 6.8014E-10 6.4730E-10 6.0968E-10 5.7000E-10 5.3232E-10 4.9185E-10 4.5122E-10 4.0928E-10 3.6987E-10 3.3045E-10 2.9141E-10 2.5449E-10 2.1733E-10 1.7945E-10 1.4659E-10 1.1636E-10
8.2006E-10 8.3900E-10 8.5545E-10 8.7330E-10 8.8833E-10 9.0245E-10 9.1553E-10 9.2751E-10 9.3825E-10 9.4768E-10 9.5573E-10 9.6230E-10 9.6725E-10 9.7075E-10 9.7252E-10 9.7257E-10 9.7099E-10 9.6778E-10 9.6318E-10 9.5739E-10 9.5057E-10 9.4279E-10 9.3417E-10 9.2463E-10 9.1449E-10 9.0387E-10 8.9315E-10 8.8166E-10 8.6909E-10 8.5549E-10 8.4038E-10 8.2382E-10 8.0590E-10 7.8674E-10 7.6646E-10 7.4518E-10 7.2310E-10 6.9990E-10 6.7550E-10 6.4795E-10 6.2145E-10 5.9211E-10 5.6199E-10 5.2843E-10 4.9566E-10 4.6270E-10 4.2684E-10 3.9431E-10 3.5973E-10 3.2427E-10 2.8724E-10 2.5302E-10 2.1849E-10 1.8261E-10 1.5002E-10 1.2184E-10 9.5891E-11
7.3324E-10 7.4920E-10 7.6297E-10 7.7790E-10 7.9219E-10 8.0389E-10 8.1465E-10 8.2439E-10 8.3306E-10 8.4058E-10 8.4680E-10 8.5180E-10 8.5550E-10 8.5771E-10 8.5859E-10 8.5808E-10 8.5608E-10 8.5097E-10 8.4692E-10 8.4198E-10 8.3418E-10 8.2784E-10 8.1870E-10 8.1098E-10 8.0034E-10 7.9181E-10 7.8281E-10 7.7048E-10 7.5955E-10 7.5457E-10 7.4343E-10 7.2886E-10 7.1313E-10 6.9417E-10 6.7644E-10 6.5786E-10 6.3854E-10 6.1644E-10 5.9544E-10 5.7111E-10 5.4799E-10 5.2242E-10 4.9170E-10 4.6402E-10 4.3700E-10 4.0790E-10 3.7909E-10 3.4782E-10 3.1360E-10 2.8281E-10 2.4842E-10 2.1600E-10 1.8428E-10 1.5405E-10 1.2578E-10 1.0163E-10 8.1036E-11
6.5160E-10 6.6353E-10 6.7493E-10 6.8570E-10 6.9582E-10 7.0518E-10 7.1373E-10 7.2310E-10 7.3164E-10 7.3743E-10 7.4227E-10 7.4594E-10 7.4846E-10 7.4994E-10 7.5020E-10 7.4925E-10 7.4534E-10 7.4269E-10 7.3928E-10 7.3308E-10 7.2858E-10 7.2370E-10 7.1813E-10 7.1199E-10 7.0559E-10 6.9873E-10 6.9120E-10 6.8280E-10 6.7329E-10 6.6260E-10 6.5078E-10 6.3791E-10 6.2407E-10 6.0935E-10 5.9383E-10 5.7761E-10 5.6077E-10 5.4353E-10 5.2409E-10 5.0514E-10 4.8167E-10 4.5886E-10 4.3468E-10 4.0883E-10 3.8505E-10 3.5867E-10 3.3180E-10 3.0329E-10 2.7539E-10 2.4412E-10 2.1294E-10 1.8196E-10 1.5530E-10 1.2925E-10 1.0666E-10 8.7660E-11 7.0826E-11
5.6942E-10 5.7980E-10 5.8843E-10 5.9647E-10 6.0383E-10 6.1051E-10 6.1639E-10 6.2144E-10 6.2567E-10 6.2902E-10 6.3132E-10 6.3279E-10 6.3327E-10 6.3269E-10 6.3117E-10 6.2744E-10 6.2441E-10 6.2078E-10 6.1529E-10 6.1085E-10 6.0453E-10 5.9938E-10 5.9204E-10 5.8590E-10 5.7935E-10 5.7073E-10 5.6301E-10 5.5939E-10 5.5148E-10 5.4112E-10 5.2987E-10 5.1781E-10 5.0501E-10 4.9008E-10 4.7606E-10 4.6156E-10 4.4514E-10 4.2994E-10 4.1255E-10 3.9475E-10 3.7456E-10 3.5376E-10 3.3353E-10 3.1075E-10 2.9056E-10 2.6680E-10 2.4253E-10 2.1911E-10 1.9297E-10 1.6863E-10 1.4581E-10 1.2161E-10 1.0049E-10 8.2611E-11 6.9183E-11 5.7232E-11 4.6067E-11
