Assets/Resources/2015_m01_d20_1300(utc+0800)_l00_csi_1hr_conc.grd
DSAA
         159         159
     -79.000      79.000
     -79.000      79.000
  0.3994E-09  0.3589E-05
[rows 50 to 74 of 159, columns 57 to 113 of 159]
2.6801E-09 2.7215E-09 2.7654E-09 2.8073E-09 2.8495E-09 2.8967E-09 2.9396E-09 2.9826E-09 3.0322E-09 3.0800E-09 3.1261E-09 3.1769E-09 3.2281E-09 3.2754E-09 3.3256E-09 3.3845E-09 3.4329E-09 3.4816E-09 3.5425E-09 3.5943E-09 3.6438E-09 3.6932E-09 3.7463E-09 3.7994E-09 3.8462E-09 3.8990E-09 3.9491E-09 3.9990E-09 4.0483E-09 4.0934E-09 4.1474E-09 4.1951E-09 4.2377E-09 4.2915E-09 4.3501E-09 4.3908E-09 4.4278E-09 4.4697E-09 4.5204E-09 4.5547E-09 4.5857E-09 4.6129E-09 4.6506E-09 4.6818E-09 4.7001E-09 4.7185E-09 4.7402E-09 4.7585E-09 4.7685E-09 4.7784E-09 4.7842E-09 4.7824E-09 4.7828E-09 4.7804E-09 4.7686E-09 4.7604E-09 4.7429E-09
2.6916E-09 2.7356E-09 2.7776E-09 2.8199E-09 2.8649E-09 2.9102E-09 2.9534E-09 2.9993E-09 3.0511E-09 3.0975E-09 3.1446E-09 3.2000E-09 3.2477E-09 3.2984E-09 3.3577E-09 3.4067E-09 3.4561E-09 3.5176E-09 3.5679E-09 3.6206E-09 3.6744E-09 3.7251E-09 3.7794E-09 3.8274E-09 3.8815E-09 3.9331E-09 3.9845E-09 4.0355E-09 4.0862E-09 4.1428E-09 4.1887E-09 4.2453E-09 4.3064E-09 4.3558E-09 4.3994E-09 4.4484E-09 4.5077E-09 4.5464E-09 4.5810E-09 4.6206E-09 4.6654E-09 4.6971E-09 4.7240E-09 4.7482E-09 4.7778E-09 4.8064E-09 4.8199E-09 4.8348E-09 4.8486E-09 4.8570E-09 4.8605E-09 4.8650E-09 4.8666E-09 4.8602E-09 4.8562E-09 4.8490E-09 4.8321E-09
2.7026E-09 2.7468E-09 2.7892E-09 2.8342E-09 2.8796E-09 2.9229E-09 2.9690E-09 3.0208E-09 3.0675E-09 3.1148E-09 3.1704E-09 3.2184E-09 3.2694E-09 3.3267E-09 3.3763E-09 3.4284E-09 3.4905E-09 3.5415E-09 3.5950E-09 3.6472E-09 3.7048E-09 3.7566E-09 3.8057E-09 3.8610E-09 3.9177E-09 3.9668E-09 4.0192E-09 4.0777E-09 4.1302E-09 4.1848E-09 4.2482E-09 4.3115E-09 4.3571E-09 4.4157E-09 4.4750E-09 4.5242E-09 4.5689E-09 4.6160E-09 4.6669E-09 4.7030E-09 4.7350E-09 4.7696E-09 4.8097E-09 4.8351E-09 4.8576E-09 4.8786E-09 4.8972E-09 4.9147E-09 4.9234E-09 4.9346E-09 4.9431E-09 4.9463E-09 4.9467E-09 4.9469E-09 4.9439E-09 4.9327E-09 4.9237E-09
2.7151E-09 2.7575E-09 2.8002E-09 2.8479E-09 2.8913E-09 2.9350E-09 2.9893E-09 3.0340E-09 3.0811E-09 3.1351E-09 3.1853E-09 3.2362E-09 3.2920E-09 3.3463E-09 3.3988E-09 3.4546E-09 3.5129E-09 3.5670E-09 3.6200E-09 3.6784E-09 3.7311E-09 3.7812E-09 3.8376E-09 3.8956E-09 3.9459E-09 3.9997E-09 4.0637E-09 4.1211E-09 4.1842E-09 4.2506E-09 4.3061E-09 4.3613E-09 4.4294E-09 4.4922E-09 4.5367E-09 4.5948E-09 4.6549E-09 4.6959E-09 4.7383E-09 4.7858E-09 4.8255E-09 4.8564E-09 4.8853E-09 4.9088E-09 4.9334E-09 4.9557E-09 4.9718E-09 4.9896E-09 5.0048E-09 5.0173E-09 5.0220E-09 5.0293E-09 5.0336E-09 5.0323E-09 5.0281E-09 5.0234E-09 5.0142E-09
2.7249E-09 2.7675E-09 2.8129E-09 2.8586E-09 2.9024E-09 2.9527E-09 3.0014E-09 3.0486E-09 3.0965E-09 3.1530E-09 3.2041E-09 3.2537E-09 3.3145E-09 3.3674E-09 3.4194E-09 3.4822E-09 3.5369E-09 3.5905E-09 3.6497E-09 3.7031E-09 3.7541E-09 3.8151E-09 3.8705E-09 3.9219E-09 3.9830E-09 4.0425E-09 4.1158E-09 4.1747E-09 4.2433E-09 4.3069E-09 4.3757E-09 4.4390E-09 4.4969E-09 4.5517E-09 4.6240E-09 4.6779E-09 4.7206E-09 4.7772E-09 4.8287E-09 4.8653E-09 4.9051E-09 4.9372E-09 4.9662E-09 4.9889E-09 5.0146E-09 5.0303E-09 5.0519E-09 5.0710E-09 5.0822E-09 5.0964E-09 5.1078E-09 5.1150E-09 5.1167E-09 5.1196E-09 5.1193E-09 5.1118E-09 5.1040E-09
2.7340E-09 2.7793E-09 2.8250E-09 2.8687E-09 2.9152E-09 2.9676E-09 3.0149E-09 3.0629E-09 3.1193E-09 3.1705E-09 3.2203E-09 3.2811E-09 3.3343E-09 3.3866E-09 3.4497E-09 3.5047E-09 3.5589E-09 3.6186E-09 3.6702E-09 3.7245E-09 3.7902E-09 3.8427E-09 3.8951E-09 3.9574E-09 4.0297E-09 4.1013E-09 4.1640E-09 4.2363E-09 4.3056E-09 4.3756E-09 4.4414E-09 4.5109E-09 4.5757E-09 4.6392E-09 4.6922E-09 4.7480E-09 4.8184E-09 4.8632E-09 4.9033E-09 4.9435E-09 4.9810E-09 5.0129E-09 5.0475E-09 5.0764E-09 5.0974E-09 5.1167E-09 5.1393E-09 5.1486E-09 5.1669E-09 5.1824E-09 5.1897E-09 5.2000E-09 5.2072E-09 5.2085E-09 5.2070E-09 5.2051E-09 5.1984E-09
2.7425E-09 2.7904E-09 2.8341E-09 2.8781E-09 2.9328E-09 2.9801E-09 3.0256E-09 3.0844E-09 3.1334E-09 3.1830E-09 3.2421E-09 3.2950E-09 3.3522E-09 3.4109E-09 3.4660E-09 3.5252E-09 3.5854E-09 3.6376E-09 3.6925E-09 3.7589E-09 3.8122E-09 3.8715E-09 3.9407E-09 4.0107E-09 4.0796E-09 4.1531E-09 4.2284E-09 4.3063E-09 4.3713E-09 4.4418E-09 4.5127E-09 4.5868E-09 4.6489E-09 4.7189E-09 4.7836E-09 4.8395E-09 4.8910E-09 4.9367E-09 4.9836E-09 5.0229E-09 5.0599E-09 5.0948E-09 5.1294E-09 5.1522E-09 5.1805E-09 5.2064E-09 5.2213E-09 5.2401E-09 5.2564E-09 5.2648E-09 5.2793E-09 5.2894E-09 5.2939E-09 5.2997E-09 5.3023E-09 5.2974E-09 5.2922E-09
2.7527E-09 2.7986E-09 2.8425E-09 2.8931E-09 2.9421E-09 2.9898E-09 3.0403E-09 3.0952E-09 3.1469E-09 3.2019E-09 3.2590E-09 3.3162E-09 3.3709E-09 3.4302E-09 3.4864E-09 3.5479E-09 3.6029E-09 3.6583E-09 3.7227E-09 3.7793E-09 3.8394E-09 3.9172E-09 3.9910E-09 4.0652E-09 4.1357E-09 4.2177E-09 4.2897E-09 4.3665E-09 4.4438E-09 4.5198E-09 4.5909E-09 4.6587E-09 4.7307E-09 4.8056E-09 4.8604E-09 4.9212E-09 4.9687E-09 5.0139E-09 5.0599E-09 5.1027E-09 5.1354E-09 5.1720E-09 5.2063E-09 5.2383E-09 5.2658E-09 5.2873E-09 5.3125E-09 5.3352E-09 5.3433E-09 5.3616E-09 5.3711E-09 5.3783E-09 5.3886E-09 5.3929E-09 5.3941E-09 5.3951E-09 5.3912E-09
2.7623E-09 2.8061E-09 2.8527E-09 2.9054E-09 2.9529E-09 3.0012E-09 3.0580E-09 3.1097E-09 3.1624E-09 3.2216E-09 3.2755E-09 3.3313E-09 3.3930E-09 3.4492E-09 3.5084E-09 3.5663E-09 3.6221E-09 3.6870E-09 3.7442E-09 3.8084E-09 3.8912E-09 3.9779E-09 4.0464E-09 4.1166E-09 4.2023E-09 4.2805E-09 4.3585E-09 4.4399E-09 4.5148E-09 4.5946E-09 4.6699E-09 4.7477E-09 4.8131E-09 4.8837E-09 4.9370E-09 4.9950E-09 5.0422E-09 5.0892E-09 5.1340E-09 5.1766E-09 5.2177E-09 5.2570E-09 5.2868E-09 5.3207E-09 5.3521E-09 5.3811E-09 5.4033E-09 5.4235E-09 5.4453E-09 5.4609E-09 5.4678E-09 5.4816E-09 5.4833E-09 5.4887E-09 5.4943E-09 5.4920E-09 5.4897E-09
2.7690E-09 2.8130E-09 2.8637E-09 2.9130E-09 2.9609E-09 3.0158E-09 3.0693E-09 3.1192E-09 3.1788E-09 3.2346E-09 3.2903E-09 3.3498E-09 3.4082E-09 3.4699E-09 3.5279E-09 3.5840E-09 3.6492E-09 3.7068E-09 3.7798E-09 3.8754E-09 3.9494E-09 4.0144E-09 4.0979E-09 4.1981E-09 4.2643E-09 4.3447E-09 4.4238E-09 4.5127E-09 4.5903E-09 4.6727E-09 4.7549E-09 4.8299E-09 4.8970E-09 4.9541E-09 5.0125E-09 5.0661E-09 5.1176E-09 5.1700E-09 5.2128E-09 5.2573E-09 5.2995E-09 5.3395E-09 5.3782E-09 5.4100E-09 5.4389E-09 5.4697E-09 5.4981E-09 5.5237E-09 5.5403E-09 5.5589E-09 5.5767E-09 5.5848E-09 5.5904E-09 5.5966E-09 5.5933E-09 5.5970E-09 5.5956E-09
2.7750E-09 2.8217E-09 2.8745E-09 2.9222E-09 2.9729E-09 3.0278E-09 3.0798E-09 3.1352E-09 3.1926E-09 3.2503E-09 3.3057E-09 3.3657E-09 3.4298E-09 3.4879E-09 3.5417E-09 3.6096E-09 3.6675E-09 3.7564E-09 3.8343E-09 3.9137E-09 3.9871E-09 4.0906E-09 4.1735E-09 4.2428E-09 4.3269E-09 4.4283E-09 4.5070E-09 4.5914E-09 4.6696E-09 4.7624E-09 4.8359E-09 4.9024E-09 4.9639E-09 5.0235E-09 5.0854E-09 5.1410E-09 5.1976E-09 5.2489E-09 5.2978E-09 5.3445E-09 5.3822E-09 5.4243E-09 5.4640E-09 5.5013E-09 5.5377E-09 5.5636E-09 5.5916E-09 5.6192E-09 5.6441E-09 5.6638E-09 5.6762E-09 5.6929E-09 5.7061E-09 5.7062E-09 5.7103E-09 5.7081E-09 5.7028E-09
2.7803E-09 2.8352E-09 2.8826E-09 2.9285E-09 2.9877E-09 3.0395E-09 3.0899E-09 3.1517E-09 3.2094E-09 3.2623E-09 3.3244E-09 3.3883E-09 3.4440E-09 3.5003E-09 3.5646E-09 3.6264E-09 3.7238E-09 3.8003E-09 3.8752E-09 3.9622E-09 4.0558E-09 4.1407E-09 4.2192E-09 4.3203E-09 4.4180E-09 4.4850E-09 4.5762E-09 4.6829E-09 4.7657E-09 4.8333E-09 4.9002E-09 4.9659E-09 5.0344E-09 5.1002E-09 5.1603E-09 5.2182E-09 5.2741E-09 5.3276E-09 5.3820E-09 5.4308E-09 5.4774E-09 5.5190E-09 5.5538E-09 5.5933E-09 5.6303E-09 5.6651E-09 5.6982E-09 5.7205E-09 5.7449E-09 5.7688E-09 5.7897E-09 5.8028E-09 5.8130E-09 5.8249E-09 5.8262E-09 5.8243E-09 5.8232E-09
2.7875E-09 2.8403E-09 2.8881E-09 2.9389E-09 2.9962E-09 3.0485E-09 3.1018E-09 3.1651E-09 3.2201E-09 3.2735E-09 3.3398E-09 3.3987E-09 3.4575E-09 3.5182E-09 3.5809E-09 3.6872E-09 3.7612E-09 3.8342E-09 3.9448E-09 4.0198E-09 4.1046E-09 4.1888E-09 4.2990E-09 4.3898E-09 4.4592E-09 4.5810E-09 4.6802E-09 4.7514E-09 4.8217E-09 4.8976E-09 4.9717E-09 5.0400E-09 5.1063E-09 5.1714E-09 5.2338E-09 5.2984E-09 5.3568E-09 5.4129E-09 5.4674E-09 5.5195E-09 5.5687E-09 5.6153E-09 5.6594E-09 5.6959E-09 5.7302E-09 5.7668E-09 5.8006E-09 5.8316E-09 5.8570E-09 5.8746E-09 5.8970E-09 5.9161E-09 5.9294E-09 5.9376E-09 5.9452E-09 5.9482E-09 5.9442E-09
2.7995E-09 2.8470E-09 2.8950E-09 2.9521E-09 3.0041E-09 3.0568E-09 3.1166E-09 3.1746E-09 3.2301E-09 3.2902E-09 3.3547E-09 3.4110E-09 3.4715E-09 3.5590E-09 3.6435E-09 3.7178E-09 3.7970E-09 3.9030E-09 3.9792E-09 4.0651E-09 4.1895E-09 4.2707E-09 4.3577E-09 4.4413E-09 4.5606E-09 4.6581E-09 4.7323E-09 4.8120E-09 4.8902E-09 4.9634E-09 5.0353E-09 5.1067E-09 5.1807E-09 5.2492E-09 5.3150E-09 5.3796E-09 5.4408E-09 5.5001E-09 5.5563E-09 5.6103E-09 5.6634E-09 5.7127E-09 5.7589E-09 5.8024E-09 5.8431E-09 5.8735E-09 5.9069E-09 5.9402E-09 5.9703E-09 5.9974E-09 6.0159E-09 6.0315E-09 6.0491E-09 6.0631E-09 6.0687E-09 6.0707E-09 6.0745E-09
2.8032E-09 2.8508E-09 2.9016E-09 2.9590E-09 3.0114E-09 3.0647E-09 3.1283E-09 3.1835E-09 3.2371E-09 3.3074E-09 3.3657E-09 3.4261E-09 3.5212E-09 3.5982E-09 3.6687E-09 3.7604E-09 3.8646E-09 3.9358E-09 4.0356E-09 4.1496E-09 4.2329E-09 4.3216E-09 4.4340E-09 4.5423E-09 4.6312E-09 4.7085E-09 4.7981E-09 4.8742E-09 4.9497E-09 5.0257E-09 5.1070E-09 5.1815E-09 5.2539E-09 5.3257E-09 5.3945E-09 5.4622E-09 5.5266E-09 5.5901E-09 5.6494E-09 5.7058E-09 5.7596E-09 5.8109E-09 5.8614E-09 5.9080E-09 5.9513E-09 5.9918E-09 6.0266E-09 6.0533E-09 6.0859E-09 6.1151E-09 6.1410E-09 6.1608E-09 6.1744E-09 6.1874E-09 6.1995E-09 6.2052E-09 6.2047E-09
2.8150E-09 2.8687E-09 2.9340E-09 2.9932E-09 3.0659E-09 3.1420E-09 3.2025E-09 3.2618E-09 3.3379E-09 3.3740E-09 3.4110E-09 3.4810E-09 3.5489E-09 3.6218E-09 3.7294E-09 3.8186E-09 3.8968E-09 3.9957E-09 4.1063E-09 4.1913E-09 4.2954E-09 4.4062E-09 4.5083E-09 4.5998E-09 4.6938E-09 4.7738E-09 4.8535E-09 4.9327E-09 5.0179E-09 5.0976E-09 5.1778E-09 5.2566E-09 5.3333E-09 5.4087E-09 5.4817E-09 5.5534E-09 5.6221E-09 5.6891E-09 5.7521E-09 5.8127E-09 5.8707E-09 5.9256E-09 5.9777E-09 6.0276E-09 6.0753E-09 6.1188E-09 6.1589E-09 6.1957E-09 6.2238E-09 6.2491E-09 6.2771E-09 6.3014E-09 6.3220E-09 6.3334E-09 6.3410E-09 6.3506E-09 6.3534E-09
2.8260E-09 2.8882E-09 2.9767E-09 3.0726E-09 3.1738E-09 3.2787E-09 3.3871E-09 3.4703E-09 3.5533E-09 3.5837E-09 3.6410E-09 3.6344E-09 3.5860E-09 3.6751E-09 3.7645E-09 3.8493E-09 3.9487E-09 4.0604E-09 4.1466E-09 4.2524E-09 4.3720E-09 4.4698E-09 4.5781E-09 4.6613E-09 4.7452E-09 4.8283E-09 4.9183E-09 5.0003E-09 5.0824E-09 5.1655E-09 5.2486E-09 5.3313E-09 5.4133E-09 5.4936E-09 5.5711E-09 5.6472E-09 5.7204E-09 5.7912E-09 5.8585E-09 5.9233E-09 5.9852E-09 6.0446E-09 6.1012E-09 6.1544E-09 6.2043E-09 6.2506E-09 6.2934E-09 6.3328E-09 6.3687E-09 6.3982E-09 6.4216E-09 6.4448E-09 6.4673E-09 6.4858E-09 6.4947E-09 6.5028E-09 6.5072E-09
2.8531E-09 2.9593E-09 3.0783E-09 3.2181E-09 3.3922E-09 3.5733E-09 3.7527E-09 3.9275E-09 4.0358E-09 4.1263E-09 4.1021E-09 4.0381E-09 3.9206E-09 3.7680E-09 3.8124E-09 3.8996E-09 4.0118E-09 4.1057E-09 4.2150E-09 4.3273E-09 4.4272E-09 4.5380E-09 4.6255E-09 4.7117E-09 4.8058E-09 4.8916E-09 4.9777E-09 5.0626E-09 5.1491E-09 5.2353E-09 5.3222E-09 5.4083E-09 5.4940E-09 5.5785E-09 5.6616E-09 5.7433E-09 5.8216E-09 5.8967E-09 5.9687E-09 6.0379E-09 6.1038E-09 6.1669E-09 6.2272E-09 6.2845E-09 6.3385E-09 6.3888E-09 6.4353E-09 6.4778E-09 6.5164E-09 6.5512E-09 6.5822E-09 6.6034E-09 6.6211E-09 6.6415E-09 6.6575E-09 6.6664E-09 6.6682E-09
2.9191E-09 3.0745E-09 3.2599E-09 3.5131E-09 3.8106E-09 4.1472E-09 4.4963E-09 4.8230E-09 5.0878E-09 5.2287E-09 5.2242E-09 5.0560E-09 4.7750E-09 4.3230E-09 3.9891E-09 3.9722E-09 4.0621E-09 4.1612E-09 4.2792E-09 4.3829E-09 4.4953E-09 4.5841E-09 4.6728E-09 4.7697E-09 4.8601E-09 4.9495E-09 5.0382E-09 5.1266E-09 5.2175E-09 5.3070E-09 5.3978E-09 5.4877E-09 5.5777E-09 5.6662E-09 5.7557E-09 5.8440E-09 5.9284E-09 6.0091E-09 6.0857E-09 6.1590E-09 6.2297E-09 6.2975E-09 6.3624E-09 6.4242E-09 6.4826E-09 6.5374E-09 6.5874E-09 6.6328E-09 6.6740E-09 6.7108E-09 6.7439E-09 6.7731E-09 6.7951E-09 6.8100E-09 6.8244E-09 6.8376E-09 6.8431E-09
3.0548E-09 3.2740E-09 3.5859E-09 4.0246E-09 4.5583E-09 5.1891E-09 5.8775E-09 6.5493E-09 7.1480E-09 7.4604E-09 7.5638E-09 7.1977E-09 6.6100E-09 5.7219E-09 4.7696E-09 4.1862E-09 4.1340E-09 4.2276E-09 4.3339E-09 4.4401E-09 4.5375E-09 4.6363E-09 4.7301E-09 4.8228E-09 4.9157E-09 5.0085E-09 5.1021E-09 5.1949E-09 5.2880E-09 5.3812E-09 5.4774E-09 5.5723E-09 5.6682E-09 5.7621E-09 5.8540E-09 5.9442E-09 6.0362E-09 6.1217E-09 6.2029E-09 6.2807E-09 6.3556E-09 6.4277E-09 6.4966E-09 6.5624E-09 6.6247E-09 6.6833E-09 6.7375E-09 6.7873E-09 6.8316E-09 6.8712E-09 6.9062E-09 6.9364E-09 6.9622E-09 6.9803E-09 6.9949E-09 7.0028E-09 7.0130E-09
3.2189E-09 3.5802E-09 4.1213E-09 4.8400E-09 5.7743E-09 6.9211E-09 8.2291E-09 9.5937E-09 1.0825E-08 1.1794E-08 1.2205E-08 1.1908E-08 1.0731E-08 8.8283E-09 6.8533E-09 5.1204E-09 4.4017E-09 4.2982E-09 4.3830E-09 4.4865E-09 4.5887E-09 4.6843E-09 4.7805E-09 4.8765E-09 4.9744E-09 5.0707E-09 5.1672E-09 5.2649E-09 5.3639E-09 5.4626E-09 5.5615E-09 5.6604E-09 5.7633E-09 5.8622E-09 5.9609E-09 6.0574E-09 6.1509E-09 6.2402E-09 6.3294E-09 6.4132E-09 6.4927E-09 6.5692E-09 6.6425E-09 6.7125E-09 6.7789E-09 6.8409E-09 6.8979E-09 6.9505E-09 6.9982E-09 7.0412E-09 7.0789E-09 7.1119E-09 7.1401E-09 7.1628E-09 7.1810E-09 7.1868E-09 7.1928E-09
3.4823E-09 4.0478E-09 4.8764E-09 6.0351E-09 7.6258E-09 9.6022E-09 1.1904E-08 1.4445E-08 1.7003E-08 1.9300E-08 2.0726E-08 2.0933E-08 1.9225E-08 1.5893E-08 1.1494E-08 7.6069E-09 5.2243E-09 4.5117E-09 4.4407E-09 4.5366E-09 4.6350E-09 4.7331E-09 4.8324E-09 4.9325E-09 5.0330E-09 5.1341E-09 5.2381E-09 5.3406E-09 5.4445E-09 5.5481E-09 5.6520E-09 5.7567E-09 5.8606E-09 5.9649E-09 6.0718E-09 6.1747E-09 6.2742E-09 6.3696E-09 6.4608E-09 6.5491E-09 6.6372E-09 6.7196E-09 6.7976E-09 6.8722E-09 6.9430E-09 7.0097E-09 7.0719E-09 7.1284E-09 7.1794E-09 7.2253E-09 7.2652E-09 7.2995E-09 7.3286E-09 7.3536E-09 7.3732E-09 7.3876E-09 7.3931E-09
3.8389E-09 4.6456E-09 5.8915E-09 7.7000E-09 1.0123E-08 1.3240E-08 1.7079E-08 2.1463E-08 2.6192E-08 3.0794E-08 3.4544E-08 3.6266E-08 3.4617E-08 2.9430E-08 2.1346E-08 1.3281E-08 7.4721E-09 4.9908E-09 4.5923E-09 4.5925E-09 4.6797E-09 4.7824E-09 4.8862E-09 4.9890E-09 5.0948E-09 5.2024E-09 5.3113E-09 5.4195E-09 5.5285E-09 5.6364E-09 5.7462E-09 5.8563E-09 5.9673E-09 6.0777E-09 6.1861E-09 6.2946E-09 6.4019E-09 6.5049E-09 6.6071E-09 6.7013E-09 6.7914E-09 6.8779E-09 6.9609E-09 7.0402E-09 7.1156E-09 7.1862E-09 7.2519E-09 7.3125E-09 7.3678E-09 7.4172E-09 7.4609E-09 7.4987E-09 7.5306E-09 7.5569E-09 7.5775E-09 7.5935E-09 7.6037E-09
4.2534E-09 5.4001E-09 7.1629E-09 9.6997E-09 1.3189E-08 1.7790E-08 2.3499E-08 3.0309E-08 3.7990E-08 4.5993E-08 5.3403E-08 5.7969E-08 5.7898E-08 5.1125E-08 3.9137E-08 2.4654E-08 1.2831E-08 6.5228E-09 4.8575E-09 4.7088E-09 4.7435E-09 4.8334E-09 4.9401E-09 5.0516E-09 5.1650E-09 5.2773E-09 5.3909E-09 5.5046E-09 5.6196E-09 5.7337E-09 5.8479E-09 5.9629E-09 6.0777E-09 6.1974E-09 6.3177E-09 6.4320E-09 6.5426E-09 6.6521E-09 6.7574E-09 6.8598E-09 6.9591E-09 7.0503E-09 7.1383E-09 7.2227E-09 7.3025E-09 7.3773E-09 7.4473E-09 7.5113E-09 7.5705E-09 7.6234E-09 7.6695E-09 7.7095E-09 7.7443E-09 7.7726E-09 7.7957E-09 7.8113E-09 7.8209E-09
4.7442E-09 6.2338E-09 8.5443E-09 1.1894E-08 1.6530E-08 2.2717E-08 3.0503E-08 3.9964E-08 5.0884E-08 6.2900E-08 7.4225E-08 8.2567E-08 8.4484E-08 7.8063E-08 6.3965E-08 4.4407E-08 2.5027E-08 1.1367E-08 5.4836E-09 4.8808E-09 4.8568E-09 4.9068E-09 5.0084E-09 5.1253E-09 5.2414E-09 5.3591E-09 5.4850E-09 5.6058E-09 5.7299E-09 5.8501E-09 5.9754E-09 6.1007E-09 6.2227E-09 6.3452E-09 6.4690E-09 6.5861E-09 6.7046E-09 6.8162E-09 6.9252E-09 7.0296E-09 7.1310E-09 7.2341E-09 7.3269E-09 7.4154E-09 7.4995E-09 7.5791E-09 7.6530E-09 7.7220E-09 7.7840E-09 7.8398E-09 7.8895E-09 7.9330E-09 7.9703E-09 8.0013E-09 8.0266E-09 8.0449E-09 8.0560E-09
