Assets/Resources/2015_m01_d29_0100(utc+0800)_l00_csi_1hr_conc.grd
DSAA
         159         159
     -79.000      79.000
     -79.000      79.000
  0.0000E+00  0.1084E-04
[rows 75 to 99 of 159, columns 57 to 113 of 159]
4.0351E-10 4.5036E-10 5.0132E-10 5.6811E-10 6.3721E-10 7.1255E-10 7.9802E-10 8.8498E-10 9.7785E-10 1.0783E-09 1.1865E-09 1.3409E-09 1.5484E-09 1.7643E-09 1.9766E-09 2.2152E-09 2.4862E-09 2.7955E-09 3.1518E-09 3.5857E-09 4.1499E-09 4.9255E-09 6.6256E-09 1.0064E-07 2.6775E-06 7.0964E-07 3.4776E-07 2.8544E-07 2.4405E-07 1.7057E-07 1.2304E-07 1.0216E-07 8.9585E-08 7.9177E-08 6.9670E-08 6.1225E-08 5.4670E-08 4.6312E-08 4.0405E-08 3.3464E-08 2.7886E-08 2.3056E-08 1.8897E-08 1.5366E-08 1.2387E-08 9.9032E-09 7.8698E-09 6.2165E-09 4.9026E-09 3.7257E-09 2.9616E-09 2.2552E-09 1.7811E-09 1.3802E-09 1.1065E-09 7.2394E-10 5.7263E-10
3.3360E-10 3.7289E-10 4.1547E-10 4.6323E-10 5.2224E-10 5.8921E-10 6.5950E-10 7.3567E-10 8.1320E-10 8.9694E-10 9.8789E-10 1.1007E-09 1.2348E-09 1.4248E-09 1.6199E-09 1.8301E-09 2.0588E-09 2.3212E-09 2.6240E-09 2.9881E-09 3.4760E-09 4.1641E-09 5.6329E-09 1.2419E-06 2.5723E-06 3.9806E-07 3.6603E-07 3.4463E-07 2.6293E-07 1.5769E-07 1.1364E-07 9.6342E-08 8.5913E-08 7.8345E-08 6.7037E-08 6.0993E-08 4.9730E-08 4.2375E-08 3.5809E-08 3.0019E-08 2.4947E-08 2.0534E-08 1.6737E-08 1.3521E-08 1.0845E-08 8.6296E-09 6.8269E-09 5.3886E-09 4.2336E-09 3.2266E-09 2.4840E-09 1.9390E-09 1.5208E-09 1.1781E-09 9.4071E-10 6.0766E-10 4.7615E-10
2.4541E-10 2.9958E-10 3.3868E-10 3.7581E-10 4.2111E-10 4.7250E-10 5.3541E-10 6.0351E-10 6.6841E-10 7.3771E-10 8.1308E-10 8.9959E-10 1.0044E-09 1.1337E-09 1.2887E-09 1.4716E-09 1.6776E-09 1.9023E-09 2.1607E-09 2.4620E-09 2.8675E-09 3.4560E-09 4.6228E-09 1.0841E-05 5.4983E-07 4.4390E-07 3.7921E-07 3.4770E-07 2.2192E-07 1.2273E-07 9.6008E-08 8.6397E-08 7.4970E-08 6.6079E-08 5.7639E-08 4.9887E-08 4.2883E-08 3.6561E-08 3.0869E-08 2.5849E-08 2.1364E-08 1.7534E-08 1.4197E-08 1.1427E-08 9.1302E-09 7.2531E-09 5.7260E-09 4.5179E-09 3.4863E-09 2.6428E-09 2.0681E-09 1.5921E-09 1.2547E-09 9.7682E-10 7.7298E-10 4.9391E-10 2.9713E-10
1.8801E-10 2.1135E-10 2.3794E-10 2.9114E-10 3.3189E-10 3.7618E-10 4.2232E-10 4.7720E-10 5.4119E-10 5.9829E-10 6.5945E-10 7.2927E-10 8.1641E-10 9.1615E-10 1.0425E-09 1.1614E-09 1.3255E-09 1.5260E-09 1.7510E-09 2.0035E-09 2.3284E-09 2.8166E-09 3.6385E-09 7.2343E-07 3.2877E-07 2.1365E-07 1.6402E-07 1.4374E-07 1.1228E-07 8.0180E-08 7.2761E-08 6.6817E-08 5.9608E-08 5.2653E-08 4.6187E-08 4.0251E-08 3.4731E-08 2.9732E-08 2.5111E-08 2.1013E-08 1.7314E-08 1.4173E-08 1.1482E-08 9.2358E-09 7.3748E-09 5.8554E-09 4.6400E-09 3.6380E-09 2.7887E-09 2.1192E-09 1.6590E-09 1.2858E-09 1.0057E-09 7.7893E-10 5.1742E-10 3.8236E-10 2.2884E-10
1.3900E-10 1.6767E-10 1.8608E-10 2.0623E-10 2.2784E-10 2.7622E-10 3.3058E-10 3.7477E-10 4.2164E-10 4.7806E-10 5.2764E-10 5.8042E-10 6.4879E-10 7.3583E-10 8.3148E-10 9.3832E-10 1.0493E-09 1.1873E-09 1.3693E-09 1.5939E-09 1.8751E-09 2.3392E-09 2.9119E-09 4.1217E-09 5.8475E-09 8.5528E-09 1.3067E-08 2.1031E-08 3.9790E-08 4.7884E-08 4.9941E-08 4.7496E-08 4.2976E-08 3.8391E-08 3.4059E-08 2.9944E-08 2.6031E-08 2.2383E-08 1.9017E-08 1.5963E-08 1.3246E-08 1.0858E-08 8.8330E-09 7.1021E-09 5.6710E-09 4.5157E-09 3.5601E-09 2.7572E-09 2.0959E-09 1.6192E-09 1.2694E-09 9.7738E-10 7.7430E-10 5.9433E-10 3.9274E-10 2.8666E-10 1.6476E-10
9.4244E-11 1.2198E-10 1.4896E-10 1.6575E-10 1.8255E-10 1.9969E-10 2.1775E-10 2.6239E-10 3.2613E-10 3.6972E-10 4.1690E-10 4.5882E-10 5.0994E-10 5.7841E-10 6.5618E-10 7.5193E-10 8.4426E-10 9.4785E-10 1.0652E-09 1.2188E-09 1.4255E-09 1.7929E-09 2.2532E-09 2.8812E-09 4.1755E-09 5.9494E-09 8.5595E-09 1.2143E-08 1.7489E-08 2.6945E-08 3.0415E-08 3.0107E-08 2.7961E-08 2.5376E-08 2.2885E-08 2.0450E-08 1.7980E-08 1.5648E-08 1.3454E-08 1.1363E-08 9.4840E-09 7.8412E-09 6.3863E-09 5.1532E-09 4.1442E-09 3.2860E-09 2.5493E-09 1.9423E-09 1.5336E-09 1.1852E-09 9.2901E-10 7.1684E-10 5.6772E-10 4.3478E-10 2.7986E-10 1.5867E-10 5.0894E-11
4.3980E-11 5.2738E-11 7.5144E-11 1.0943E-10 1.3304E-10 1.5101E-10 1.6823E-10 1.8475E-10 2.0100E-10 2.4489E-10 3.0304E-10 3.5058E-10 3.8890E-10 4.4279E-10 5.1203E-10 5.9633E-10 6.7332E-10 7.5912E-10 8.5418E-10 9.6053E-10 1.0853E-09 1.2933E-09 1.6306E-09 2.0985E-09 2.8296E-09 3.9658E-09 5.5065E-09 7.4807E-09 9.7627E-09 1.4149E-08 1.6920E-08 1.7445E-08 1.6637E-08 1.5552E-08 1.4331E-08 1.2992E-08 1.1669E-08 1.0267E-08 8.8676E-09 7.5643E-09 6.3320E-09 5.2731E-09 4.3173E-09 3.5302E-09 2.8324E-09 2.2072E-09 1.7135E-09 1.3519E-09 1.0706E-09 8.2332E-10 6.4909E-10 5.0363E-10 3.9809E-10 1.3745E-10 9.6542E-11 5.5170E-11 3.3131E-11
2.7084E-11 3.4861E-11 4.2843E-11 6.2335E-11 8.4127E-11 9.4529E-11 1.2009E-10 1.3504E-10 1.4961E-10 1.6640E-10 1.9323E-10 2.2966E-10 2.7794E-10 3.1842E-10 3.7725E-10 4.4701E-10 5.2291E-10 5.9449E-10 6.7269E-10 7.5859E-10 8.5388E-10 9.5700E-10 1.1182E-09 1.4323E-09 1.8818E-09 2.5304E-09 3.4539E-09 4.5417E-09 5.7212E-09 7.3890E-09 9.0122E-09 9.6655E-09 9.5853E-09 9.0157E-09 8.5122E-09 7.8942E-09 7.1294E-09 6.2511E-09 5.4804E-09 4.7001E-09 3.9919E-09 3.2852E-09 2.7113E-09 2.1871E-09 1.7101E-09 1.3627E-09 1.0775E-09 8.4461E-10 6.0244E-10 4.2105E-10 2.3375E-10 1.8338E-10 1.4017E-10 9.6064E-11 6.4790E-11 4.1860E-11 1.9681E-11
1.4135E-11 2.0684E-11 2.6548E-11 3.2758E-11 5.0520E-11 6.0985E-11 7.9646E-11 1.0362E-10 1.1530E-10 1.2672E-10 1.4416E-10 1.6607E-10 1.9692E-10 2.3242E-10 2.6778E-10 3.1979E-10 3.8429E-10 4.4725E-10 5.1501E-10 5.8907E-10 6.6594E-10 7.4730E-10 8.3397E-10 9.5662E-10 1.2107E-09 1.5842E-09 2.0918E-09 2.6933E-09 3.3541E-09 4.0469E-09 4.8558E-09 5.3502E-09 5.4323E-09 5.2964E-09 5.0752E-09 4.7938E-09 4.3295E-09 3.8655E-09 3.3382E-09 2.8556E-09 2.4259E-09 2.0218E-09 1.6232E-09 1.1458E-09 9.4098E-10 6.8167E-10 4.6457E-10 3.6310E-10 2.9072E-10 2.3224E-10 1.8453E-10 1.4387E-10 1.0478E-10 7.2083E-11 4.4292E-11 2.1770E-11 8.4390E-12
2.5826E-12 7.5841E-12 1.3392E-11 1.9199E-11 2.4435E-11 3.8154E-11 4.5762E-11 6.4803E-11 8.5628E-11 9.5151E-11 1.0518E-10 1.2311E-10 1.4235E-10 1.6776E-10 2.0077E-10 2.3317E-10 2.8044E-10 3.3218E-10 3.8153E-10 4.4001E-10 5.0549E-10 5.7437E-10 6.4453E-10 7.1583E-10 7.9890E-10 9.6851E-10 1.2221E-09 1.5019E-09 1.8973E-09 2.2910E-09 2.6454E-09 2.9208E-09 3.0626E-09 3.1134E-09 3.0849E-09 2.9214E-09 2.7137E-09 2.4288E-09 2.1501E-09 1.8357E-09 1.5241E-09 9.1437E-10 7.7652E-10 6.6116E-10 5.3188E-10 4.2216E-10 3.3709E-10 2.7692E-10 2.2505E-10 1.8074E-10 1.4325E-10 1.0701E-10 7.4808E-11 4.4849E-11 2.4166E-11 1.1210E-11 1.2417E-12
0.0000E+00 5.9386E-13 2.7454E-12 6.6922E-12 1.1159E-11 1.5944E-11 2.2567E-11 3.3800E-11 5.0211E-11 6.7107E-11 7.6974E-11 8.5087E-11 1.0207E-10 1.2106E-10 1.4113E-10 1.6925E-10 1.9929E-10 2.4337E-10 2.8676E-10 3.2454E-10 3.6862E-10 4.1945E-10 4.7558E-10 5.3497E-10 5.9519E-10 6.5765E-10 7.4764E-10 8.8621E-10 1.0483E-09 1.2127E-09 1.4554E-09 1.6568E-09 1.7427E-09 1.8438E-09 1.8128E-09 1.7282E-09 1.5852E-09 1.4120E-09 1.0807E-09 8.4717E-10 7.4905E-10 6.6035E-10 5.6360E-10 4.5355E-10 3.6804E-10 3.0744E-10 2.5625E-10 2.1147E-10 1.7274E-10 1.3849E-10 1.0732E-10 7.3666E-11 4.5270E-11 2.5041E-11 1.1882E-11 1.1528E-12 0.0000E+00
0.0000E+00 0.0000E+00 0.0000E+00 6.4923E-13 2.5425E-12 5.4937E-12 9.3179E-12 1.1848E-11 2.0843E-11 3.3254E-11 4.7587E-11 5.8321E-11 6.5798E-11 7.8714E-11 9.7686E-11 1.1553E-10 1.3895E-10 1.6559E-10 2.0603E-10 2.4406E-10 2.7574E-10 3.1026E-10 3.4760E-10 3.8804E-10 4.3096E-10 4.7512E-10 5.1869E-10 5.6709E-10 6.2292E-10 6.8464E-10 7.4123E-10 7.8930E-10 8.2076E-10 8.3247E-10 8.2442E-10 7.9758E-10 7.6184E-10 7.1534E-10 6.6238E-10 6.0366E-10 5.2543E-10 4.4110E-10 3.6993E-10 3.1817E-10 2.7245E-10 2.3064E-10 1.9321E-10 1.6063E-10 1.3003E-10 1.0188E-10 6.9157E-11 4.3691E-11 2.4179E-11 1.0853E-11 8.0699E-13 0.0000E+00 0.0000E+00
0.0000E+00 0.0000E+00 0.0000E+00 0.0000E+00 0.0000E+00 1.7951E-13 1.7370E-12 3.4191E-12 6.1533E-12 1.0995E-11 1.7741E-11 2.7223E-11 4.0666E-11 5.0088E-11 6.0352E-11 7.5766E-11 9.4286E-11 1.1369E-10 1.3605E-10 1.7264E-10 2.0643E-10 2.3241E-10 2.6028E-10 2.8969E-10 3.2014E-10 3.5093E-10 3.8112E-10 4.0992E-10 4.3638E-10 4.6338E-10 4.9041E-10 5.1453E-10 5.3289E-10 5.4376E-10 5.4425E-10 5.3333E-10 5.1042E-10 4.7665E-10 4.3377E-10 3.8429E-10 3.4338E-10 3.0592E-10 2.6932E-10 2.3435E-10 2.0191E-10 1.7224E-10 1.4466E-10 1.1879E-10 9.2512E-11 6.2649E-11 3.8323E-11 2.1122E-11 8.6531E-12 3.0218E-13 0.0000E+00 0.0000E+00 0.0000E+00
0.0000E+00 0.0000E+00 0.0000E+00 0.0000E+00 0.0000E+00 0.0000E+00 0.0000E+00 0.0000E+00 4.4846E-13 1.6945E-12 2.9769E-12 5.2302E-12 1.0741E-11 1.9238E-11 2.8465E-11 4.0184E-11 5.4313E-11 7.2102E-11 8.7750E-11 1.0731E-10 1.3757E-10 1.6798E-10 1.9139E-10 2.1314E-10 2.3562E-10 2.5834E-10 2.8048E-10 3.0151E-10 3.2079E-10 3.3752E-10 3.5118E-10 3.6126E-10 3.6713E-10 3.6835E-10 3.6437E-10 3.5425E-10 3.3966E-10 3.2021E-10 2.9748E-10 2.7273E-10 2.4729E-10 2.2142E-10 1.9639E-10 1.7230E-10 1.4932E-10 1.2616E-10 1.0384E-10 7.8949E-11 5.3327E-11 3.1918E-11 1.5787E-11 4.9347E-12 0.0000E+00 0.0000E+00 0.0000E+00 0.0000E+00 0.0000E+00
0.0000E+00 0.0000E+00 0.0000E+00 0.0000E+00 0.0000E+00 0.0000E+00 0.0000E+00 0.0000E+00 0.0000E+00 0.0000E+00 0.0000E+00 0.0000E+00 4.6334E-13 1.0687E-12 2.3825E-12 6.6417E-12 1.2993E-11 2.3459E-11 3.9618E-11 5.9865E-11 8.0006E-11 1.0241E-10 1.3053E-10 1.5345E-10 1.6984E-10 1.8633E-10 2.0242E-10 2.1768E-10 2.3170E-10 2.4386E-10 2.5335E-10 2.5994E-10 2.6273E-10 2.6175E-10 2.5709E-10 2.4906E-10 2.3799E-10 2.2509E-10 2.1032E-10 1.9451E-10 1.7773E-10 1.6060E-10 1.4309E-10 1.2456E-10 1.0569E-10 8.7131E-11 6.1974E-11 4.0049E-11 2.2841E-11 9.9972E-12 1.0749E-12 0.0000E+00 0.0000E+00 0.0000E+00 0.0000E+00 0.0000E+00 0.0000E+00
0.0000E+00 0.0000E+00 0.0000E+00 0.0000E+00 0.0000E+00 0.0000E+00 0.0000E+00 0.0000E+00 0.0000E+00 0.0000E+00 0.0000E+00 0.0000E+00 0.0000E+00 0.0000E+00 0.0000E+00 0.0000E+00 0.0000E+00 0.0000E+00 3.0735E-13 6.4125E-12 1.8131E-11 3.2500E-11 5.3671E-11 7.6491E-11 1.0057E-10 1.1870E-10 1.3123E-10 1.4298E-10 1.5361E-10 1.6277E-10 1.7003E-10 1.7504E-10 1.7760E-10 1.7777E-10 1.7592E-10 1.7220E-10 1.6652E-10 1.5898E-10 1.4992E-10 1.3939E-10 1.2723E-10 1.1382E-10 9.9133E-11 8.4033E-11 6.3685E-11 4.2176E-11 2.5219E-11 1.3069E-11 3.4695E-12 0.0000E+00 0.0000E+00 0.0000E+00 0.0000E+00 0.0000E+00 0.0000E+00 0.0000E+00 0.0000E+00
0.0000E+00 0.0000E+00 0.0000E+00 0.0000E+00 0.0000E+00 0.0000E+00 0.0000E+00 0.0000E+00 0.0000E+00 0.0000E+00 0.0000E+00 0.0000E+00 0.0000E+00 0.0000E+00 0.0000E+00 0.0000E+00 0.0000E+00 0.0000E+00 0.0000E+00 0.0000E+00 0.0000E+00 2.0147E-12 9.5945E-12 1.9581E-11 3.6560E-11 5.8597E-11 7.7050E-11 9.2443E-11 1.0134E-10 1.0836E-10 1.1431E-10 1.1896E-10 1.2210E-10 1.2358E-10 1.2334E-10 1.2138E-10 1.1748E-10 1.1183E-10 1.0441E-10 9.5043E-11 8.4656E-11 7.1528E-11 5.5513E-11 3.7168E-11 2.2645E-11 1.1017E-11 3.3084E-12 0.0000E+00 0.0000E+00 0.0000E+00 0.0000E+00 0.0000E+00 0.0000E+00 0.0000E+00 0.0000E+00 0.0000E+00 0.0000E+00
0.0000E+00 0.0000E+00 0.0000E+00 0.0000E+00 0.0000E+00 0.0000E+00 0.0000E+00 0.0000E+00 0.0000E+00 0.0000E+00 0.0000E+00 0.0000E+00 0.0000E+00 0.0000E+00 0.0000E+00 0.0000E+00 0.0000E+00 0.0000E+00 0.0000E+00 0.0000E+00 0.0000E+00 0.0000E+00 0.0000E+00 0.0000E+00 2.1201E-12 7.4168E-12 1.6386E-11 3.0406E-11 4.4739E-11 5.8329E-11 6.9645E-11 7.7193E-11 8.0524E-11 8.1560E-11 8.0886E-11 7.8736E-11 7.4626E-11 6.7824E-11 5.8929E-11 4.7950E-11 3.5158E-11 2.3132E-11 1.2343E-11 5.0827E-12 1.2269E-12 0.0000E+00 0.0000E+00 0.0000E+00 0.0000E+00 0.0000E+00 0.0000E+00 0.0000E+00 0.0000E+00 0.0000E+00 0.0000E+00 0.0000E+00 0.0000E+00
0.0000E+00 0.0000E+00 0.0000E+00 0.0000E+00 0.0000E+00 0.0000E+00 0.0000E+00 0.0000E+00 0.0000E+00 0.0000E+00 0.0000E+00 0.0000E+00 0.0000E+00 0.0000E+00 0.0000E+00 0.0000E+00 0.0000E+00 0.0000E+00 0.0000E+00 0.0000E+00 0.0000E+00 0.0000E+00 0.0000E+00 0.0000E+00 0.0000E+00 0.0000E+00 0.0000E+00 4.4991E-14 3.9483E-13 1.1465E-12 2.0140E-12 2.8091E-12 3.4735E-12 3.9673E-12 4.2576E-12 4.3207E-12 4.1444E-12 3.7288E-12 3.0877E-12 2.2554E-12 1.2546E-12 1.4623E-13 0.0000E+00 0.0000E+00 0.0000E+00 0.0000E+00 0.0000E+00 0.0000E+00 0.0000E+00 0.0000E+00 0.0000E+00 0.0000E+00 0.0000E+00 0.0000E+00 0.0000E+00 0.0000E+00 0.0000E+00
0.0000E+00 0.0000E+00 0.0000E+00 0.0000E+00 0.0000E+00 0.0000E+00 0.0000E+00 0.0000E+00 0.0000E+00 0.0000E+00 0.0000E+00 0.0000E+00 0.0000E+00 0.0000E+00 0.0000E+00 0.0000E+00 0.0000E+00 0.0000E+00 0.0000E+00 0.0000E+00 0.0000E+00 0.0000E+00 0.0000E+00 0.0000E+00 0.0000E+00 0.0000E+00 0.0000E+00 0.0000E+00 0.0000E+00 0.0000E+00 0.0000E+00 0.0000E+00 0.0000E+00 0.0000E+00 0.0000E+00 0.0000E+00 0.0000E+00 0.0000E+00 0.0000E+00 0.0000E+00 0.0000E+00 0.0000E+00 0.0000E+00 0.0000E+00 0.0000E+00 0.0000E+00 0.0000E+00 0.0000E+00 0.0000E+00 0.0000E+00 0.0000E+00 0.0000E+00 0.0000E+00 0.0000E+00 0.0000E+00 0.0000E+00 0.0000E+00
0.0000E+00 0.0000E+00 0.0000E+00 0.0000E+00 0.0000E+00 0.0000E+00 0.0000E+00 0.0000E+00 0.0000E+00 0.0000E+00 0.0000E+00 0.0000E+00 0.0000E+00 0.0000E+00 0.0000E+00 0.0000E+00 0.0000E+00 0.0000E+00 0.0000E+00 0.0000E+00 0.0000E+00 0.0000E+00 0.0000E+00 0.0000E+00 0.0000E+00 0.0000E+00 0.0000E+00 0.0000E+00 0.0000E+00 0.0000E+00 0.0000E+00 0.0000E+00 0.0000E+00 0.0000E+00 0.0000E+00 0.0000E+00 0.0000E+00 0.0000E+00 0.0000E+00 0.0000E+00 0.0000E+00 0.0000E+00 0.0000E+00 0.0000E+00 0.0000E+00 0.0000E+00 0.0000E+00 0.0000E+00 0.0000E+00 0.0000E+00 0.0000E+00 0.0000E+00 0.0000E+00 0.0000E+00 0.0000E+00 0.0000E+00 0.0000E+00
0.0000E+00 0.0000E+00 0.0000E+00 0.0000E+00 0.0000E+00 0.0000E+00 0.0000E+00 0.0000E+00 0.0000E+00 0.0000E+00 0.0000E+00 0.0000E+00 0.0000E+00 0.0000E+00 0.0000E+00 0.0000E+00 0.0000E+00 0.0000E+00 0.0000E+00 0.0000E+00 0.0000E+00 0.0000E+00 0.0000E+00 0.0000E+00 0.0000E+00 0.0000E+00 0.0000E+00 0.0000E+00 0.0000E+00 0.0000E+00 0.0000E+00 0.0000E+00 0.0000E+00 0.0000E+00 0.0000E+00 0.0000E+00 0.0000E+00 0.0000E+00 0.0000E+00 0.0000E+00 0.0000E+00 0.0000E+00 0.0000E+00 0.0000E+00 0.0000E+00 0.0000E+00 0.0000E+00 0.0000E+00 0.0000E+00 0.0000E+00 0.0000E+00 0.0000E+00 0.0000E+00 0.0000E+00 0.0000E+00 0.0000E+00 0.0000E+00
0.0000E+00 0.0000E+00 0.0000E+00 0.0000E+00 0.0000E+00 0.0000E+00 0.0000E+00 0.0000E+00 0.0000E+00 0.0000E+00 0.0000E+00 0.0000E+00 0.0000E+00 0.0000E+00 0.0000E+00 0.0000E+00 0.0000E+00 0.0000E+00 0.0000E+00 0.0000E+00 0.0000E+00 0.0000E+00 0.0000E+00 0.0000E+00 0.0000E+00 0.0000E+00 0.0000E+00 0.0000E+00 0.0000E+00 0.0000E+00 0.0000E+00 0.0000E+00 0.0000E+00 0.0000E+00 0.0000E+00 0.0000E+00 0.0000E+00 0.0000E+00 0.0000E+00 0.0000E+00 0.0000E+00 0.0000E+00 0.0000E+00 0.0000E+00 0.0000E+00 0.0000E+00 0.0000E+00 0.0000E+00 0.0000E+00 0.0000E+00 0.0000E+00 0.0000E+00 0.0000E+00 0.0000E+00 0.0000E+00 0.0000E+00 0.0000E+00
0.0000E+00 0.0000E+00 0.0000E+00 0.0000E+00 0.0000E+00 0.0000E+00 0.0000E+00 0.0000E+00 0.0000E+00 0.0000E+00 0.0000E+00 0.0000E+00 0.0000E+00 0.0000E+00 0.0000E+00 0.0000E+00 0.0000E+00 0.0000E+00 0.0000E+00 0.0000E+00 0.0000E+00 0.0000E+00 0.0000E+00 0.0000E+00 0.0000E+00 0.0000E+00 0.0000E+00 0.0000E+00 0.0000E+00 0.0000E+00 0.0000E+00 0.0000E+00 0.0000E+00 0.0000E+00 0.0000E+00 0.0000E+00 0.0000E+00 0.0000E+00 0.0000E+00 0.0000E+00 0.0000E+00 0.0000E+00 0.0000E+00 0.0000E+00 0.0000E+00 0.0000E+00 0.0000E+00 0.0000E+00 0.0000E+00 0.0000E+00 0.0000E+00 0.0000E+00 0.0000E+00 0.0000E+00 0.0000E+00 0.0000E+00 0.0000E+00
0.0000E+00 0.0000E+00 0.0000E+00 0.0000E+00 0.0000E+00 0.0000E+00 0.0000E+00 0.0000E+00 0.0000E+00 0.0000E+00 0.0000E+00 0.0000E+00 0.0000E+00 0.0000E+00 0.0000E+00 0.0000E+00 0.0000E+00 0.0000E+00 0.0000E+00 0.0000E+00 0.0000E+00 0.0000E+00 0.0000E+00 0.0000E+00 0.0000E+00 0.0000E+00 0.0000E+00 0.0000E+00 0.0000E+00 0.0000E+00 0.0000E+00 0.0000E+00 0.0000E+00 0.0000E+00 0.0000E+00 0.0000E+00 0.0000E+00 0.0000E+00 0.0000E+00 0.0000E+00 0.0000E+00 0.0000E+00 0.0000E+00 0.0000E+00 0.0000E+00 0.0000E+00 0.0000E+00 0.0000E+00 0.0000E+00 0.0000E+00 0.0000E+00 0.0000E+00 0.0000E+00 0.0000E+00 0.0000E+00 0.0000E+00 0.0000E+00
