Assets/Resources/2015_m01_d07_1800(utc+0800)_l00_csi_1hr_conc.grd
DSAA
         159         159
     -79.000      79.000
     -79.000      79.000
  0.0000E+00  0.1417E-04
[rows 0 to 24 of 159, columns 0 to 56 of 159]
0.0000E+00 0.0000E+00 0.0000E+00 0.0000E+00 0.0000E+00 0.0000E+00 0.0000E+00 0.0000E+00 0.0000E+00 0.0000E+00 0.0000E+00 0.0000E+00 0.0000E+00 0.0000E+00 0.0000E+00 0.0000E+00 0.0000E+00 2.2389E-12 4.7925E-12 7.7021E-12 8.8440E-12 1.1880E-11 1.7278E-11 1.9803E-11 2.8332E-11 3.2435E-11 4.2685E-11 4.8780E-11 5.9437E-11 7.8019E-11 1.3108E-10 1.7500E-10 2.0115E-10 2.4167E-10 2.8953E-10 3.7239E-10 4.8263E-10 5.6104E-10 6.5858E-10 7.6964E-10 9.0418E-10 1.0790E-09 1.2818E-09 1.5289E-09 1.8063E-09 2.1026E-09 2.4072E-09 2.7495E-09 3.0622E-09 3.3672E-09 3.6739E-09 3.9960E-09 4.3020E-09 4.6556E-09 4.9357E-09 5.1987E-09 5.4422E-09
0.0000E+00 0.0000E+00 0.0000E+00 0.0000E+00 0.0000E+00 0.0000E+00 0.0000E+00 0.0000E+00 0.0000E+00 0.0000E+00 0.0000E+00 0.0000E+00 0.0000E+00 0.0000E+00 0.0000E+00 0.0000E+00 0.0000E+00 2.2324E-12 4.7779E-12 7.6776E-12 8.8159E-12 1.1849E-11 1.7243E-11 1.9762E-11 2.8309E-11 3.2410E-11 4.2705E-11 4.8805E-11 5.9518E-11 8.6371E-11 1.3260E-10 1.7738E-10 2.0393E-10 2.5059E-10 3.0418E-10 4.1046E-10 4.9565E-10 5.7633E-10 6.7656E-10 7.9087E-10 9.3448E-10 1.1061E-09 1.3140E-09 1.5640E-09 1.8493E-09 2.1521E-09 2.4768E-09 2.8192E-09 3.1405E-09 3.4538E-09 3.7827E-09 4.1081E-09 4.4699E-09 4.7953E-09 5.0862E-09 5.3590E-09 5.6113E-09
0.0000E+00 0.0000E+00 0.0000E+00 0.0000E+00 0.0000E+00 0.0000E+00 0.0000E+00 0.0000E+00 0.0000E+00 0.0000E+00 0.0000E+00 0.0000E+00 0.0000E+00 0.0000E+00 0.0000E+00 0.0000E+00 0.0000E+00 2.2208E-12 4.7525E-12 7.6358E-12 8.7678E-12 1.1790E-11 1.7167E-11 1.9676E-11 2.8220E-11 3.2308E-11 4.2622E-11 4.8712E-11 5.9455E-11 8.6770E-11 1.3380E-10 1.7933E-10 2.1357E-10 2.5820E-10 3.1493E-10 4.2839E-10 5.0784E-10 5.9574E-10 6.9500E-10 8.1355E-10 9.5711E-10 1.1314E-09 1.3463E-09 1.5969E-09 1.8897E-09 2.2004E-09 2.5327E-09 2.8858E-09 3.2158E-09 3.5373E-09 3.8814E-09 4.2187E-09 4.6170E-09 4.9348E-09 5.2369E-09 5.5200E-09 5.7815E-09
0.0000E+00 0.0000E+00 0.0000E+00 0.0000E+00 0.0000E+00 0.0000E+00 0.0000E+00 0.0000E+00 0.0000E+00 0.0000E+00 0.0000E+00 0.0000E+00 0.0000E+00 0.0000E+00 0.0000E+00 0.0000E+00 0.0000E+00 2.2042E-12 4.7164E-12 7.5769E-12 8.7001E-12 1.1704E-11 1.7052E-11 1.9543E-11 2.8063E-11 3.2129E-11 4.2436E-11 4.8501E-11 6.1020E-11 9.8863E-11 1.3868E-10 1.8085E-10 2.2266E-10 2.6894E-10 3.4264E-10 4.4487E-10 5.1918E-10 6.1159E-10 7.1132E-10 8.3559E-10 9.7861E-10 1.1602E-09 1.3736E-09 1.6273E-09 1.9259E-09 2.2437E-09 2.5972E-09 2.9489E-09 3.2875E-09 3.6219E-09 3.9818E-09 4.3313E-09 4.7436E-09 5.0738E-09 5.3876E-09 5.6816E-09 5.9571E-09
0.0000E+00 0.0000E+00 0.0000E+00 0.0000E+00 0.0000E+00 0.0000E+00 0.0000E+00 0.0000E+00 0.0000E+00 0.0000E+00 0.0000E+00 0.0000E+00 0.0000E+00 0.0000E+00 0.0000E+00 0.0000E+00 0.0000E+00 2.1828E-12 4.6699E-12 7.5011E-12 8.6133E-12 1.1593E-11 1.6897E-11 1.9366E-11 2.7840E-11 3.1875E-11 4.2148E-11 4.8174E-11 6.0675E-11 9.9073E-11 1.4326E-10 1.8191E-10 2.2649E-10 2.7252E-10 3.6885E-10 4.5431E-10 5.3648E-10 6.2449E-10 7.2932E-10 8.5295E-10 9.9823E-10 1.1823E-09 1.3988E-09 1.6606E-09 1.9586E-09 2.2868E-09 2.6583E-09 3.0080E-09 3.3551E-09 3.7072E-09 4.0752E-09 4.4825E-09 4.8689E-09 5.2121E-09 5.5429E-09 5.8484E-09 6.1298E-09
0.0000E+00 0.0000E+00 0.0000E+00 0.0000E+00 0.0000E+00 0.0000E+00 0.0000E+00 0.0000E+00 0.0000E+00 0.0000E+00 0.0000E+00 0.0000E+00 0.0000E+00 0.0000E+00 0.0000E+00 0.0000E+00 0.0000E+00 2.1567E-12 4.6134E-12 7.4093E-12 8.5078E-12 1.1455E-11 1.6704E-11 1.9146E-11 2.7553E-11 3.1547E-11 4.1761E-11 4.7734E-11 6.0185E-11 1.0685E-10 1.4357E-10 1.8996E-10 2.3199E-10 2.7548E-10 3.8469E-10 4.6413E-10 5.4636E-10 6.3619E-10 7.4472E-10 8.6867E-10 1.0211E-09 1.2023E-09 1.4265E-09 1.6864E-09 1.9880E-09 2.3229E-09 2.7051E-09 3.0628E-09 3.4183E-09 3.7800E-09 4.1653E-09 4.6193E-09 4.9976E-09 5.3546E-09 5.6938E-09 6.0111E-09 6.3031E-09
0.0000E+00 0.0000E+00 0.0000E+00 0.0000E+00 0.0000E+00 0.0000E+00 0.0000E+00 0.0000E+00 0.0000E+00 0.0000E+00 0.0000E+00 0.0000E+00 0.0000E+00 0.0000E+00 0.0000E+00 0.0000E+00 0.0000E+00 2.1260E-12 4.5470E-12 7.3019E-12 8.3844E-12 9.6055E-12 1.6475E-11 1.8883E-11 2.7204E-11 3.1148E-11 4.1277E-11 4.7182E-11 5.9553E-11 1.0663E-10 1.4741E-10 1.9729E-10 2.4047E-10 2.8605E-10 3.9980E-10 4.7493E-10 5.5504E-10 6.4828E-10 7.5707E-10 8.8264E-10 1.0374E-09 1.2199E-09 1.4468E-09 1.7089E-09 2.0191E-09 2.3924E-09 2.7474E-09 3.1128E-09 3.4765E-09 3.8621E-09 4.2615E-09 4.7351E-09 5.1200E-09 5.4912E-09 5.8440E-09 6.1737E-09 6.4767E-09
0.0000E+00 0.0000E+00 0.0000E+00 0.0000E+00 0.0000E+00 0.0000E+00 0.0000E+00 0.0000E+00 0.0000E+00 0.0000E+00 0.0000E+00 0.0000E+00 0.0000E+00 0.0000E+00 0.0000E+00 0.0000E+00 0.0000E+00 2.0909E-12 4.4715E-12 7.1795E-12 8.2439E-12 9.4446E-12 1.6211E-11 1.8580E-11 2.6794E-11 3.0680E-11 4.0700E-11 4.6524E-11 5.8782E-11 1.0615E-10 1.4702E-10 1.9929E-10 2.4323E-10 3.0262E-10 4.0485E-10 4.8317E-10 5.6245E-10 6.6068E-10 7.6769E-10 8.9994E-10 1.0519E-09 1.2406E-09 1.4644E-09 1.7315E-09 2.0537E-09 2.4236E-09 2.7850E-09 3.1582E-09 3.5361E-09 3.9379E-09 4.3883E-09 4.8417E-09 5.2418E-09 5.6279E-09 5.9948E-09 6.3375E-09 6.6654E-09
0.0000E+00 0.0000E+00 0.0000E+00 0.0000E+00 0.0000E+00 0.0000E+00 0.0000E+00 0.0000E+00 0.0000E+00 0.0000E+00 0.0000E+00 0.0000E+00 0.0000E+00 0.0000E+00 0.0000E+00 0.0000E+00 0.0000E+00 2.0518E-12 4.3871E-12 5.0436E-12 8.0873E-12 9.2651E-12 1.5913E-11 1.8239E-11 2.6328E-11 3.0146E-11 4.0033E-11 4.5763E-11 6.4340E-11 1.0541E-10 1.5000E-10 2.0084E-10 2.4473E-10 3.1527E-10 4.1607E-10 4.8872E-10 5.6860E-10 6.6839E-10 7.7663E-10 9.1047E-10 1.0640E-09 1.2537E-09 1.4789E-09 1.7498E-09 2.0995E-09 2.4516E-09 2.8245E-09 3.2044E-09 3.5892E-09 4.0079E-09 4.5066E-09 4.9439E-09 5.3598E-09 5.7615E-09 6.1438E-09 6.5001E-09 6.8421E-09
0.0000E+00 0.0000E+00 0.0000E+00 0.0000E+00 0.0000E+00 0.0000E+00 0.0000E+00 0.0000E+00 0.0000E+00 0.0000E+00 0.0000E+00 0.0000E+00 0.0000E+00 0.0000E+00 0.0000E+00 0.0000E+00 0.0000E+00 0.0000E+00 2.3120E-12 4.9371E-12 7.9156E-12 9.0684E-12 1.5584E-11 1.7862E-11 2.5808E-11 2.9551E-11 3.7570E-11 4.4906E-11 6.3376E-11 1.0440E-10 1.5570E-10 2.0485E-10 2.4834E-10 3.2377E-10 4.2263E-10 4.9304E-10 5.7674E-10 6.7442E-10 7.8898E-10 9.1898E-10 1.0772E-09 1.2654E-09 1.4948E-09 1.7879E-09 2.1175E-09 2.4735E-09 2.8539E-09 3.2401E-09 3.6438E-09 4.0758E-09 4.6022E-09 5.0460E-09 5.4785E-09 5.8964E-09 6.2933E-09 6.6681E-09 7.0205E-09
0.0000E+00 0.0000E+00 0.0000E+00 0.0000E+00 0.0000E+00 0.0000E+00 0.0000E+00 0.0000E+00 0.0000E+00 0.0000E+00 0.0000E+00 0.0000E+00 0.0000E+00 0.0000E+00 0.0000E+00 0.0000E+00 0.0000E+00 0.0000E+00 2.2584E-12 4.8219E-12 7.7298E-12 8.8556E-12 1.3640E-11 1.7451E-11 2.3598E-11 2.8898E-11 3.6765E-11 4.3957E-11 6.2272E-11 1.0056E-10 1.6045E-10 2.0787E-10 2.5345E-10 3.3149E-10 4.2653E-10 4.9607E-10 5.8183E-10 6.7871E-10 7.9563E-10 9.2654E-10 1.0873E-09 1.2730E-09 1.5051E-09 1.8127E-09 2.1340E-09 2.4933E-09 2.8783E-09 3.2850E-09 3.6985E-09 4.1484E-09 4.6846E-09 5.1419E-09 5.5929E-09 6.0278E-09 6.4406E-09 6.8404E-09 7.1976E-09
0.0000E+00 0.0000E+00 0.0000E+00 0.0000E+00 0.0000E+00 0.0000E+00 0.0000E+00 0.0000E+00 0.0000E+00 0.0000E+00 0.0000E+00 0.0000E+00 0.0000E+00 0.0000E+00 0.0000E+00 0.0000E+00 0.0000E+00 0.0000E+00 2.2009E-12 4.6986E-12 7.5312E-12 8.6280E-12 1.3293E-11 1.7010E-11 2.3015E-11 2.8192E-11 3.5890E-11 4.2924E-11 6.2015E-11 1.0008E-10 1.6090E-10 2.1037E-10 2.5647E-10 3.3194E-10 4.2779E-10 4.9943E-10 5.8486E-10 6.8432E-10 7.9990E-10 9.3235E-10 1.0936E-09 1.2846E-09 1.5372E-09 1.8232E-09 2.1497E-09 2.5151E-09 2.8991E-09 3.3134E-09 3.7372E-09 4.2363E-09 4.7649E-09 5.2397E-09 5.7279E-09 6.1838E-09 6.6167E-09 7.0063E-09 7.3778E-09
0.0000E+00 0.0000E+00 0.0000E+00 0.0000E+00 0.0000E+00 0.0000E+00 0.0000E+00 0.0000E+00 0.0000E+00 0.0000E+00 0.0000E+00 0.0000E+00 0.0000E+00 0.0000E+00 0.0000E+00 0.0000E+00 0.0000E+00 0.0000E+00 2.1401E-12 4.5680E-12 7.3209E-12 8.3871E-12 1.1313E-11 1.6541E-11 2.0716E-11 2.7436E-11 3.3212E-11 4.2455E-11 6.0076E-11 9.8639E-11 1.5952E-10 2.1067E-10 2.5879E-10 3.3321E-10 4.2860E-10 5.0291E-10 5.8593E-10 6.8938E-10 8.0383E-10 9.4058E-10 1.0977E-09 1.2900E-09 1.5623E-09 1.8403E-09 2.1613E-09 2.5256E-09 2.9288E-09 3.3487E-09 3.7902E-09 4.3313E-09 4.8523E-09 5.3492E-09 5.8392E-09 6.3143E-09 6.7703E-09 7.2050E-09 7.6012E-09
0.0000E+00 0.0000E+00 0.0000E+00 0.0000E+00 0.0000E+00 0.0000E+00 0.0000E+00 0.0000E+00 0.0000E+00 0.0000E+00 0.0000E+00 0.0000E+00 0.0000E+00 0.0000E+00 0.0000E+00 0.0000E+00 0.0000E+00 0.0000E+00 2.0761E-12 4.4309E-12 5.0823E-12 8.1342E-12 9.2976E-12 1.6047E-11 1.8351E-11 2.6637E-11 3.2507E-11 4.2782E-11 5.8874E-11 1.0070E-10 1.5779E-10 2.0894E-10 2.5747E-10 3.3499E-10 4.2833E-10 5.0458E-10 5.8792E-10 6.9149E-10 8.0497E-10 9.4430E-10 1.1083E-09 1.3124E-09 1.5673E-09 1.8438E-09 2.1663E-09 2.5315E-09 2.9417E-09 3.3675E-09 3.8363E-09 4.4249E-09 4.9693E-09 5.4944E-09 6.0137E-09 6.5172E-09 7.0054E-09 7.4217E-09 7.8038E-09
0.0000E+00 0.0000E+00 0.0000E+00 0.0000E+00 0.0000E+00 0.0000E+00 0.0000E+00 0.0000E+00 0.0000E+00 0.0000E+00 0.0000E+00 0.0000E+00 0.0000E+00 0.0000E+00 0.0000E+00 0.0000E+00 0.0000E+00 0.0000E+00 0.0000E+00 2.3076E-12 4.9186E-12 7.8710E-12 8.9967E-12 1.5532E-11 1.7761E-11 2.5800E-11 3.1414E-11 4.1764E-11 4.7615E-11 1.0056E-10 1.4796E-10 2.0923E-10 2.6004E-10 3.3509E-10 4.2841E-10 5.0533E-10 5.8980E-10 6.9360E-10 8.1564E-10 9.5092E-10 1.1119E-09 1.3380E-09 1.5715E-09 1.8476E-09 2.1678E-09 2.5482E-09 2.9652E-09 3.4127E-09 3.9091E-09 4.5144E-09 5.0549E-09 5.6027E-09 6.1456E-09 6.6670E-09 7.1813E-09 7.6470E-09 8.0917E-09
0.0000E+00 0.0000E+00 0.0000E+00 0.0000E+00 0.0000E+00 0.0000E+00 0.0000E+00 0.0000E+00 0.0000E+00 0.0000E+00 0.0000E+00 0.0000E+00 0.0000E+00 0.0000E+00 0.0000E+00 0.0000E+00 0.0000E+00 0.0000E+00 0.0000E+00 2.2284E-12 4.7491E-12 7.5990E-12 8.6858E-12 1.3413E-11 1.7150E-11 2.6238E-11 3.0791E-11 4.0707E-11 4.6408E-11 1.0230E-10 1.4705E-10 2.0864E-10 2.5888E-10 3.3540E-10 4.2909E-10 5.0665E-10 5.9816E-10 6.9790E-10 8.1938E-10 9.5276E-10 1.1146E-09 1.3399E-09 1.5737E-09 1.8522E-09 2.1763E-09 2.5589E-09 2.9785E-09 3.4542E-09 3.9776E-09 4.5888E-09 5.1499E-09 5.7207E-09 6.2822E-09 6.8263E-09 7.3657E-09 7.8583E-09 8.3180E-09
0.0000E+00 0.0000E+00 0.0000E+00 0.0000E+00 0.0000E+00 0.0000E+00 0.0000E+00 0.0000E+00 0.0000E+00 0.0000E+00 0.0000E+00 0.0000E+00 0.0000E+00 0.0000E+00 0.0000E+00 0.0000E+00 0.0000E+00 0.0000E+00 0.0000E+00 2.1471E-12 4.5751E-12 7.3195E-12 8.3664E-12 1.1287E-11 1.7186E-11 2.4653E-11 2.9992E-11 3.7930E-11 4.5593E-11 9.5985E-11 1.4520E-10 2.0809E-10 2.5787E-10 3.3102E-10 4.3613E-10 5.1018E-10 5.9976E-10 6.9913E-10 8.1899E-10 9.5413E-10 1.1294E-09 1.3458E-09 1.5798E-09 1.8556E-09 2.1849E-09 2.5742E-09 3.0034E-09 3.4953E-09 4.0749E-09 4.6707E-09 5.2508E-09 5.8414E-09 6.4262E-09 7.0061E-09 7.5518E-09 8.0707E-09 8.5607E-09
0.0000E+00 0.0000E+00 0.0000E+00 0.0000E+00 0.0000E+00 0.0000E+00 0.0000E+00 0.0000E+00 0.0000E+00 0.0000E+00 0.0000E+00 0.0000E+00 0.0000E+00 0.0000E+00 0.0000E+00 0.0000E+00 0.0000E+00 0.0000E+00 0.0000E+00 2.0639E-12 4.3974E-12 5.0324E-12 8.0403E-12 9.1934E-12 1.8025E-11 2.2342E-11 2.9182E-11 3.5815E-11 4.5331E-11 9.6615E-11 1.3782E-10 2.0750E-10 2.6123E-10 3.3455E-10 4.3579E-10 5.1122E-10 6.0074E-10 7.0352E-10 8.2204E-10 9.5828E-10 1.1449E-09 1.3629E-09 1.5939E-09 1.8690E-09 2.2043E-09 2.6008E-09 3.0653E-09 3.5369E-09 4.1614E-09 4.7528E-09 5.3511E-09 5.9666E-09 6.5729E-09 7.1804E-09 7.7445E-09 8.2911E-09 8.8619E-09
0.0000E+00 0.0000E+00 0.0000E+00 0.0000E+00 0.0000E+00 0.0000E+00 0.0000E+00 0.0000E+00 0.0000E+00 0.0000E+00 0.0000E+00 0.0000E+00 0.0000E+00 0.0000E+00 0.0000E+00 0.0000E+00 0.0000E+00 0.0000E+00 0.0000E+00 0.0000E+00 2.2680E-12 4.8259E-12 7.7094E-12 1.0139E-11 1.7571E-11 2.0044E-11 2.9213E-11 3.3772E-11 4.5744E-11 8.3540E-11 1.3522E-10 2.0499E-10 2.6493E-10 3.3608E-10 4.3815E-10 5.1445E-10 6.0297E-10 7.0277E-10 8.4116E-10 9.8653E-10 1.1842E-09 1.3830E-09 1.6149E-09 1.8892E-09 2.2400E-09 2.6336E-09 3.1173E-09 3.6280E-09 4.2362E-09 4.8363E-09 5.4550E-09 6.0923E-09 6.7219E-09 7.3530E-09 7.9420E-09 8.5186E-09 9.1837E-09
0.0000E+00 0.0000E+00 0.0000E+00 0.0000E+00 0.0000E+00 0.0000E+00 0.0000E+00 0.0000E+00 0.0000E+00 0.0000E+00 0.0000E+00 0.0000E+00 0.0000E+00 0.0000E+00 0.0000E+00 0.0000E+00 0.0000E+00 0.0000E+00 0.0000E+00 0.0000E+00 2.1702E-12 4.6173E-12 7.8944E-12 1.0650E-11 1.5564E-11 2.0429E-11 2.7366E-11 3.4912E-11 4.6826E-11 8.4633E-11 1.3598E-10 2.0588E-10 2.6806E-10 3.3679E-10 4.3102E-10 5.1782E-10 6.2572E-10 7.3387E-10 8.5803E-10 9.9996E-10 1.2110E-09 1.4064E-09 1.6390E-09 1.9172E-09 2.2663E-09 2.6982E-09 3.1563E-09 3.7025E-09 4.3214E-09 4.9287E-09 5.5660E-09 6.2256E-09 6.8855E-09 7.5366E-09 8.1565E-09 8.7800E-09 9.5014E-09
0.0000E+00 0.0000E+00 0.0000E+00 0.0000E+00 0.0000E+00 0.0000E+00 0.0000E+00 0.0000E+00 0.0000E+00 0.0000E+00 0.0000E+00 0.0000E+00 0.0000E+00 0.0000E+00 0.0000E+00 0.0000E+00 0.0000E+00 0.0000E+00 0.0000E+00 0.0000E+00 2.0720E-12 4.4076E-12 6.8510E-12 1.0462E-11 1.2771E-11 2.0575E-11 2.7128E-11 3.6552E-11 4.8899E-11 7.8308E-11 1.4254E-10 2.0208E-10 2.7296E-10 3.3891E-10 4.5388E-10 5.4271E-10 6.4214E-10 7.6195E-10 8.8743E-10 1.0438E-09 1.2389E-09 1.4366E-09 1.6701E-09 1.9579E-09 2.3044E-09 2.7528E-09 3.2162E-09 3.7908E-09 4.4018E-09 5.0227E-09 5.6792E-09 6.3608E-09 7.0526E-09 7.7223E-09 8.3730E-09 9.0700E-09 9.8102E-09
0.0000E+00 0.0000E+00 0.0000E+00 0.0000E+00 0.0000E+00 0.0000E+00 0.0000E+00 0.0000E+00 0.0000E+00 0.0000E+00 0.0000E+00 0.0000E+00 0.0000E+00 0.0000E+00 0.0000E+00 0.0000E+00 0.0000E+00 0.0000E+00 0.0000E+00 0.0000E+00 0.0000E+00 3.0776E-12 7.0951E-12 1.1010E-11 1.3253E-11 2.2189E-11 2.7465E-11 4.0409E-11 4.9522E-11 8.5551E-11 1.4333E-10 1.9468E-10 2.9051E-10 3.6132E-10 4.5314E-10 5.7679E-10 6.7107E-10 7.8539E-10 9.1299E-10 1.0876E-09 1.2680E-09 1.4676E-09 1.6976E-09 1.9978E-09 2.3556E-09 2.8012E-09 3.2715E-09 3.8909E-09 4.5013E-09 5.1408E-09 5.8169E-09 6.5201E-09 7.2444E-09 7.9313E-09 8.6270E-09 9.4293E-09 1.0132E-08
0.0000E+00 0.0000E+00 0.0000E+00 0.0000E+00 0.0000E+00 0.0000E+00 0.0000E+00 0.0000E+00 0.0000E+00 0.0000E+00 0.0000E+00 0.0000E+00 0.0000E+00 0.0000E+00 0.0000E+00 0.0000E+00 0.0000E+00 0.0000E+00 0.0000E+00 0.0000E+00 0.0000E+00 4.1949E-12 7.5740E-12 1.1550E-11 1.5049E-11 2.1218E-11 3.1459E-11 4.1528E-11 5.5283E-11 8.6189E-11 1.4434E-10 2.1245E-10 2.9756E-10 3.9274E-10 4.8138E-10 5.9857E-10 6.9800E-10 8.1751E-10 9.4728E-10 1.1359E-09 1.3068E-09 1.5103E-09 1.7405E-09 2.0450E-09 2.4508E-09 2.8773E-09 3.3746E-09 3.9964E-09 4.6071E-09 5.2642E-09 5.9598E-09 6.6839E-09 7.4343E-09 8.1523E-09 8.9028E-09 9.7769E-09 1.0486E-08
0.0000E+00 0.0000E+00 0.0000E+00 0.0000E+00 0.0000E+00 0.0000E+00 0.0000E+00 0.0000E+00 0.0000E+00 0.0000E+00 0.0000E+00 0.0000E+00 0.0000E+00 0.0000E+00 0.0000E+00 0.0000E+00 0.0000E+00 0.0000E+00 0.0000E+00 0.0000E+00 9.1547E-13 4.6538E-12 6.3924E-12 1.1154E-11 1.7423E-11 2.3629E-11 3.4632E-11 4.6836E-11 6.4855E-11 9.7488E-11 1.6355E-10 2.3139E-10 3.3355E-10 4.1114E-10 5.0442E-10 6.2884E-10 7.3519E-10 8.5643E-10 9.9337E-10 1.1828E-09 1.3608E-09 1.5622E-09 1.7991E-09 2.1074E-09 2.5295E-09 2.9586E-09 3.4862E-09 4.1214E-09 4.7435E-09 5.4191E-09 6.1336E-09 6.8858E-09 7.6543E-09 8.4244E-09 9.2702E-09 1.0131E-08 1.0863E-08
0.0000E+00 0.0000E+00 0.0000E+00 0.0000E+00 0.0000E+00 0.0000E+00 0.0000E+00 0.0000E+00 0.0000E+00 0.0000E+00 0.0000E+00 0.0000E+00 0.0000E+00 0.0000E+00 0.0000E+00 0.0000E+00 0.0000E+00 0.0000E+00 0.0000E+00 0.0000E+00 2.0524E-12 3.8481E-12 7.6489E-12 1.3519E-11 2.1506E-11 2.6984E-11 3.9286E-11 5.5309E-11 8.4297E-11 1.1309E-10 1.8080E-10 2.6244E-10 3.4364E-10 4.4268E-10 5.3623E-10 6.6019E-10 7.8149E-10 9.0456E-10 1.0478E-09 1.2396E-09 1.4215E-09 1.6259E-09 1.8742E-09 2.2412E-09 2.6271E-09 3.0775E-09 3.6350E-09 4.2555E-09 4.8940E-09 5.5865E-09 6.3192E-09 7.0999E-09 7.8849E-09 8.6915E-09 9.6360E-09 1.0506E-08 1.1278E-08
