Assets/Resources/2015_m01_d02_1900(utc+0800)_l00_csi_1hr_conc.grd
DSAA
         159         159
     -79.000      79.000
     -79.000      79.000
  0.0000E+00  0.2165E-04
[rows 0 to 24 of 159, columns 0 to 56 of 159]
9.0264E-11 1.0523E-10 1.1995E-10 1.3791E-10 1.5637E-10 1.7840E-10 2.0119E-10 2.2785E-10 2.5558E-10 2.8742E-10 3.2064E-10 3.5671E-10 3.9735E-10 4.3961E-10 4.8502E-10 5.3525E-10 5.8726E-10 6.4252E-10 7.0257E-10 7.6439E-10 8.2931E-10 8.9721E-10 9.6951E-10 1.0430E-09 1.1189E-09 1.1970E-09 1.2768E-09 1.3596E-09 1.4420E-09 1.5251E-09 1.6083E-09 1.6913E-09 1.7735E-09 1.8545E-09 1.9336E-09 2.0105E-09 2.0844E-09 2.1551E-09 2.2234E-09 2.2858E-09 2.3434E-09 2.3957E-09 2.4423E-09 2.4829E-09 2.5171E-09 2.5447E-09 2.5656E-09 2.5795E-09 2.5864E-09 2.5862E-09 2.5790E-09 2.5648E-09 2.5423E-09 2.5148E-09 2.4808E-09 2.4409E-09 2.3962E-09
9.6271E-11 1.1004E-10 1.2694E-10 1.4434E-10 1.6522E-10 1.8686E-10 2.1231E-10 2.3883E-10 2.6944E-10 3.0145E-10 3.3631E-10 3.7582E-10 4.1698E-10 4.6288E-10 5.1074E-10 5.6197E-10 6.1810E-10 6.7630E-10 7.3790E-10 8.0284E-10 8.7259E-10 9.4406E-10 1.0185E-09 1.0957E-09 1.1754E-09 1.2589E-09 1.3429E-09 1.4283E-09 1.5148E-09 1.6020E-09 1.6893E-09 1.7763E-09 1.8625E-09 1.9488E-09 2.0317E-09 2.1122E-09 2.1896E-09 2.2635E-09 2.3332E-09 2.3983E-09 2.4583E-09 2.5127E-09 2.5611E-09 2.6031E-09 2.6384E-09 2.6667E-09 2.6879E-09 2.7018E-09 2.7082E-09 2.7073E-09 2.6989E-09 2.6833E-09 2.6605E-09 2.6308E-09 2.5944E-09 2.5517E-09 2.5030E-09
1.0044E-10 1.1625E-10 1.3255E-10 1.5223E-10 1.7266E-10 1.9683E-10 2.2205E-10 2.5132E-10 2.8198E-10 3.1697E-10 3.5369E-10 3.9356E-10 4.3826E-10 4.8497E-10 5.3514E-10 5.9042E-10 6.4787E-10 7.0891E-10 7.7502E-10 8.4327E-10 9.1494E-10 9.8988E-10 1.0679E-09 1.1504E-09 1.2341E-09 1.3201E-09 1.4081E-09 1.4977E-09 1.5884E-09 1.6797E-09 1.7728E-09 1.8639E-09 1.9542E-09 2.0429E-09 2.1296E-09 2.2137E-09 2.2945E-09 2.3715E-09 2.4442E-09 2.5119E-09 2.5743E-09 2.6308E-09 2.6810E-09 2.7244E-09 2.7607E-09 2.7897E-09 2.8112E-09 2.8249E-09 2.8309E-09 2.8291E-09 2.8196E-09 2.8024E-09 2.7777E-09 2.7458E-09 2.7069E-09 2.6614E-09 2.6097E-09
1.0454E-10 1.2111E-10 1.3955E-10 1.5873E-10 1.8155E-10 2.0540E-10 2.3324E-10 2.6245E-10 2.9597E-10 3.3121E-10 3.6960E-10 4.1290E-10 4.5822E-10 5.0709E-10 5.6123E-10 6.1762E-10 6.7775E-10 7.4325E-10 8.1104E-10 8.8249E-10 9.5751E-10 1.0376E-09 1.1194E-09 1.2042E-09 1.2918E-09 1.3818E-09 1.4739E-09 1.5692E-09 1.6643E-09 1.7600E-09 1.8557E-09 1.9509E-09 2.0452E-09 2.1378E-09 2.2283E-09 2.3160E-09 2.4018E-09 2.4820E-09 2.5576E-09 2.6281E-09 2.6929E-09 2.7514E-09 2.8033E-09 2.8481E-09 2.8855E-09 2.9151E-09 2.9368E-09 2.9504E-09 2.9558E-09 2.9531E-09 2.9422E-09 2.9233E-09 2.8966E-09 2.8609E-09 2.8194E-09 2.7711E-09 2.7163E-09
1.1008E-10 1.2588E-10 1.4518E-10 1.6514E-10 1.8902E-10 2.1536E-10 2.4302E-10 2.7348E-10 3.0859E-10 3.4536E-10 3.8706E-10 4.3080E-10 4.7963E-10 5.3086E-10 5.8590E-10 6.4633E-10 7.0934E-10 7.7627E-10 8.4711E-10 9.2334E-10 1.0019E-09 1.0840E-09 1.1696E-09 1.2582E-09 1.3513E-09 1.4454E-09 1.5417E-09 1.6397E-09 1.7389E-09 1.8389E-09 1.9390E-09 2.0384E-09 2.1383E-09 2.2350E-09 2.3293E-09 2.4206E-09 2.5083E-09 2.5918E-09 2.6703E-09 2.7434E-09 2.8105E-09 2.8711E-09 2.9246E-09 2.9708E-09 3.0091E-09 3.0394E-09 3.0612E-09 3.0746E-09 3.0794E-09 3.0757E-09 3.0635E-09 3.0429E-09 3.0141E-09 2.9775E-09 2.9333E-09 2.8820E-09 2.8239E-09
1.1415E-10 1.3209E-10 1.5069E-10 1.7306E-10 1.9638E-10 2.2389E-10 2.5268E-10 2.8606E-10 3.2108E-10 3.6102E-10 4.0298E-10 4.5011E-10 4.9964E-10 5.5305E-10 6.1203E-10 6.7366E-10 7.3938E-10 8.0920E-10 8.8477E-10 9.6284E-10 1.0448E-09 1.1305E-09 1.2213E-09 1.3139E-09 1.4095E-09 1.5077E-09 1.6081E-09 1.7103E-09 1.8137E-09 1.9195E-09 2.0239E-09 2.1279E-09 2.2303E-09 2.3310E-09 2.4291E-09 2.5241E-09 2.6152E-09 2.7018E-09 2.7833E-09 2.8590E-09 2.9284E-09 2.9909E-09 3.0461E-09 3.0982E-09 3.1374E-09 3.1681E-09 3.1856E-09 3.1986E-09 3.2028E-09 3.1980E-09 3.1843E-09 3.1619E-09 3.1311E-09 3.0920E-09 3.0450E-09 2.9907E-09 2.9293E-09
1.1810E-10 1.3679E-10 1.5763E-10 1.7938E-10 2.0520E-10 2.3226E-10 2.6381E-10 2.9698E-10 3.3502E-10 3.7506E-10 4.2028E-10 4.6790E-10 5.1945E-10 5.7668E-10 6.3662E-10 7.0078E-10 7.7081E-10 8.4370E-10 9.2084E-10 1.0021E-09 1.0875E-09 1.1785E-09 1.2715E-09 1.3680E-09 1.4676E-09 1.5698E-09 1.6760E-09 1.7825E-09 1.8902E-09 1.9987E-09 2.1073E-09 2.2154E-09 2.3223E-09 2.4270E-09 2.5289E-09 2.6324E-09 2.7271E-09 2.8170E-09 2.9015E-09 2.9800E-09 3.0517E-09 3.1162E-09 3.1730E-09 3.2216E-09 3.2617E-09 3.2929E-09 3.3149E-09 3.3277E-09 3.3310E-09 3.3250E-09 3.3097E-09 3.2853E-09 3.2520E-09 3.2102E-09 3.1557E-09 3.0982E-09 3.0335E-09
1.2352E-10 1.4282E-10 1.6300E-10 1.8710E-10 2.1239E-10 2.4205E-10 2.7328E-10 3.0931E-10 3.4730E-10 3.9044E-10 4.3597E-10 4.8543E-10 5.4066E-10 5.9862E-10 6.6091E-10 7.2927E-10 8.0059E-10 8.7637E-10 9.5658E-10 1.0428E-09 1.1317E-09 1.2247E-09 1.3215E-09 1.4218E-09 1.5269E-09 1.6334E-09 1.7422E-09 1.8529E-09 1.9648E-09 2.0775E-09 2.1903E-09 2.3025E-09 2.4188E-09 2.5280E-09 2.6341E-09 2.7365E-09 2.8346E-09 2.9277E-09 3.0151E-09 3.0961E-09 3.1702E-09 3.2366E-09 3.2949E-09 3.3447E-09 3.3855E-09 3.4170E-09 3.4390E-09 3.4514E-09 3.4540E-09 3.4467E-09 3.4298E-09 3.4034E-09 3.3678E-09 3.3234E-09 3.2705E-09 3.2096E-09 3.1412E-09
1.2732E-10 1.4735E-10 1.6970E-10 1.9321E-10 2.2093E-10 2.5018E-10 2.8410E-10 3.1994E-10 3.6087E-10 4.0416E-10 4.5135E-10 5.0434E-10 5.6008E-10 6.2020E-10 6.8654E-10 7.5594E-10 8.2996E-10 9.1021E-10 9.9363E-10 1.0816E-09 1.1739E-09 1.2704E-09 1.3726E-09 1.4768E-09 1.5844E-09 1.6949E-09 1.8078E-09 1.9227E-09 2.0389E-09 2.1557E-09 2.2727E-09 2.3952E-09 2.5105E-09 2.6236E-09 2.7339E-09 2.8402E-09 2.9417E-09 3.0429E-09 3.1333E-09 3.2169E-09 3.2932E-09 3.3615E-09 3.4213E-09 3.4722E-09 3.5136E-09 3.5454E-09 3.5672E-09 3.5789E-09 3.5805E-09 3.5719E-09 3.5486E-09 3.5202E-09 3.4822E-09 3.4351E-09 3.3791E-09 3.3150E-09 3.2431E-09
1.3094E-10 1.5168E-10 1.7484E-10 2.0061E-10 2.2783E-10 2.5960E-10 2.9322E-10 3.3183E-10 3.7274E-10 4.1751E-10 4.6807E-10 5.2136E-10 5.8064E-10 6.4309E-10 7.1022E-10 7.8211E-10 8.6047E-10 9.4215E-10 1.0286E-09 1.1197E-09 1.2171E-09 1.3173E-09 1.4216E-09 1.5297E-09 1.6412E-09 1.7557E-09 1.8727E-09 1.9917E-09 2.1120E-09 2.2331E-09 2.3612E-09 2.4820E-09 2.6066E-09 2.7239E-09 2.8382E-09 2.9485E-09 3.0540E-09 3.1535E-09 3.2466E-09 3.3328E-09 3.4112E-09 3.4814E-09 3.5426E-09 3.5945E-09 3.6365E-09 3.6685E-09 3.6901E-09 3.7012E-09 3.7018E-09 3.6918E-09 3.6714E-09 3.6407E-09 3.6000E-09 3.5499E-09 3.4906E-09 3.4184E-09 3.3429E-09
1.3607E-10 1.5738E-10 1.7974E-10 2.0640E-10 2.3597E-10 2.6733E-10 3.0355E-10 3.4200E-10 3.8422E-10 4.3219E-10 4.8285E-10 5.3951E-10 5.9935E-10 6.6392E-10 7.3332E-10 8.0941E-10 8.8893E-10 9.7343E-10 1.0629E-09 1.1589E-09 1.2581E-09 1.3618E-09 1.4698E-09 1.5816E-09 1.6970E-09 1.8155E-09 1.9365E-09 2.0596E-09 2.1840E-09 2.3173E-09 2.4487E-09 2.5740E-09 2.6976E-09 2.8189E-09 2.9369E-09 3.0509E-09 3.1599E-09 3.2631E-09 3.3590E-09 3.4527E-09 3.5333E-09 3.6052E-09 3.6678E-09 3.7206E-09 3.7631E-09 3.7902E-09 3.8115E-09 3.8220E-09 3.8214E-09 3.8099E-09 3.7876E-09 3.7548E-09 3.7117E-09 3.6586E-09 3.5962E-09 3.5250E-09 3.4456E-09
1.3942E-10 1.6142E-10 1.8600E-10 2.1190E-10 2.4245E-10 2.7472E-10 3.1216E-10 3.5176E-10 3.9701E-10 4.4488E-10 4.9874E-10 5.5575E-10 6.1749E-10 6.8572E-10 7.5757E-10 8.3453E-10 9.1664E-10 1.0056E-09 1.0982E-09 1.1958E-09 1.2983E-09 1.4054E-09 1.5169E-09 1.6325E-09 1.7517E-09 1.8741E-09 1.9991E-09 2.1347E-09 2.2638E-09 2.4004E-09 2.5306E-09 2.6599E-09 2.7929E-09 2.9183E-09 3.0403E-09 3.1579E-09 3.2704E-09 3.3769E-09 3.4765E-09 3.5676E-09 3.6502E-09 3.7238E-09 3.7876E-09 3.8413E-09 3.8843E-09 3.9164E-09 3.9372E-09 3.9467E-09 3.9447E-09 3.9315E-09 3.9070E-09 3.8716E-09 3.8209E-09 3.7650E-09 3.6994E-09 3.6247E-09 3.5416E-09
1.4254E-10 1.6672E-10 1.9051E-10 2.1873E-10 2.4858E-10 2.8343E-10 3.2036E-10 3.6279E-10 4.0778E-10 4.5868E-10 5.1267E-10 5.7137E-10 6.3661E-10 7.0547E-10 7.7952E-10 8.5884E-10 9.4526E-10 1.0355E-09 1.1309E-09 1.2316E-09 1.3373E-09 1.4478E-09 1.5629E-09 1.6821E-09 1.8050E-09 1.9312E-09 2.0697E-09 2.2014E-09 2.3424E-09 2.4768E-09 2.6172E-09 2.7510E-09 2.8829E-09 3.0122E-09 3.1379E-09 3.2643E-09 3.3802E-09 3.4897E-09 3.5921E-09 3.6865E-09 3.7712E-09 3.8464E-09 3.9114E-09 3.9658E-09 4.0091E-09 4.0410E-09 4.0562E-09 4.0648E-09 4.0616E-09 4.0466E-09 4.0200E-09 3.9822E-09 3.9335E-09 3.8742E-09 3.8051E-09 3.7265E-09 3.6349E-09
1.4539E-10 1.7037E-10 1.9628E-10 2.2374E-10 2.5599E-10 2.9022E-10 3.2979E-10 3.7182E-10 4.1965E-10 4.7049E-10 5.2597E-10 5.8798E-10 6.5360E-10 7.2443E-10 8.0225E-10 8.8409E-10 9.7143E-10 1.0643E-09 1.1626E-09 1.2663E-09 1.3751E-09 1.4889E-09 1.6074E-09 1.7301E-09 1.8568E-09 1.9972E-09 2.1309E-09 2.2754E-09 2.4133E-09 2.5589E-09 2.7033E-09 2.8414E-09 2.9777E-09 3.1110E-09 3.2406E-09 3.3654E-09 3.4846E-09 3.5971E-09 3.7021E-09 3.7988E-09 3.8863E-09 3.9633E-09 4.0294E-09 4.0845E-09 4.1281E-09 4.1598E-09 4.1794E-09 4.1868E-09 4.1819E-09 4.1649E-09 4.1359E-09 4.0904E-09 4.0388E-09 3.9764E-09 3.9038E-09 3.8218E-09 3.7307E-09
1.4796E-10 1.7371E-10 2.0031E-10 2.2998E-10 2.6153E-10 2.9821E-10 3.3725E-10 3.8193E-10 4.2953E-10 4.8166E-10 5.4027E-10 6.0243E-10 6.6979E-10 7.4421E-10 8.2268E-10 9.0678E-10 9.9654E-10 1.0920E-09 1.1930E-09 1.2996E-09 1.4115E-09 1.5285E-09 1.6503E-09 1.7765E-09 1.9182E-09 2.0529E-09 2.2003E-09 2.3408E-09 2.4909E-09 2.6406E-09 2.7840E-09 2.9263E-09 3.0665E-09 3.2061E-09 3.3395E-09 3.4678E-09 3.5902E-09 3.7057E-09 3.8133E-09 3.9123E-09 4.0017E-09 4.0808E-09 4.1484E-09 4.2041E-09 4.2478E-09 4.2792E-09 4.2957E-09 4.3020E-09 4.2956E-09 4.2766E-09 4.2453E-09 4.2020E-09 4.1471E-09 4.0811E-09 4.0047E-09 3.9139E-09 3.8191E-09
1.5024E-10 1.7673E-10 2.0400E-10 2.3441E-10 2.6823E-10 3.0428E-10 3.4419E-10 3.9007E-10 4.3878E-10 4.9385E-10 5.5238E-10 6.1607E-10 6.8683E-10 7.6163E-10 8.4212E-10 9.2838E-10 1.0205E-09 1.1184E-09 1.2221E-09 1.3315E-09 1.4464E-09 1.5665E-09 1.6915E-09 1.8336E-09 1.9684E-09 2.1178E-09 2.2600E-09 2.4139E-09 2.5705E-09 2.7184E-09 2.8661E-09 3.0126E-09 3.1570E-09 3.2982E-09 3.4352E-09 3.5670E-09 3.6926E-09 3.8109E-09 3.9211E-09 4.0223E-09 4.1135E-09 4.1940E-09 4.2632E-09 4.3200E-09 4.3638E-09 4.3948E-09 4.4129E-09 4.4150E-09 4.4070E-09 4.3860E-09 4.3522E-09 4.3061E-09 4.2481E-09 4.1788E-09 4.0987E-09 4.0087E-09 3.9094E-09
1.5453E-10 1.8122E-10 2.0898E-10 2.3844E-10 2.7306E-10 3.0984E-10 3.5237E-10 3.9761E-10 4.4904E-10 5.0385E-10 5.6370E-10 6.3059E-10 7.0148E-10 7.7805E-10 8.6046E-10 9.4880E-10 1.0431E-09 1.1435E-09 1.2497E-09 1.3618E-09 1.4795E-09 1.6026E-09 1.7442E-09 1.8783E-09 2.0288E-09 2.1743E-09 2.3312E-09 2.4895E-09 2.6410E-09 2.7932E-09 2.9451E-09 3.0958E-09 3.2441E-09 3.3915E-09 3.5323E-09 3.6676E-09 3.7964E-09 3.9176E-09 4.0303E-09 4.1336E-09 4.2266E-09 4.3084E-09 4.3785E-09 4.4362E-09 4.4807E-09 4.5112E-09 4.5283E-09 4.5318E-09 4.5193E-09 4.4928E-09 4.4566E-09 4.4076E-09 4.3464E-09 4.2736E-09 4.1898E-09 4.0958E-09 3.9925E-09
1.5635E-10 1.8372E-10 2.1208E-10 2.4374E-10 2.7742E-10 3.1661E-10 3.5838E-10 4.0615E-10 4.5715E-10 5.1308E-10 5.7593E-10 6.4271E-10 7.1514E-10 7.9340E-10 8.7763E-10 9.6795E-10 1.0644E-09 1.1670E-09 1.2757E-09 1.3904E-09 1.5108E-09 1.6511E-09 1.7860E-09 1.9370E-09 2.0802E-09 2.2487E-09 2.4005E-09 2.5547E-09 2.7105E-09 2.8694E-09 3.0256E-09 3.1805E-09 3.3330E-09 3.4820E-09 3.6263E-09 3.7650E-09 3.8969E-09 4.0209E-09 4.1361E-09 4.2414E-09 4.3360E-09 4.4206E-09 4.4924E-09 4.5481E-09 4.5929E-09 4.6240E-09 4.6403E-09 4.6425E-09 4.6309E-09 4.6024E-09 4.5597E-09 4.5079E-09 4.4436E-09 4.3673E-09 4.2798E-09 4.1819E-09 4.0744E-09
1.5782E-10 1.8585E-10 2.1638E-10 2.4706E-10 2.8295E-10 3.2129E-10 3.6378E-10 4.1258E-10 4.6453E-10 5.2324E-10 5.8578E-10 6.5387E-10 7.2775E-10 8.0759E-10 8.9355E-10 9.8573E-10 1.0842E-09 1.1890E-09 1.3000E-09 1.4171E-09 1.5576E-09 1.6881E-09 1.8385E-09 1.9809E-09 2.1518E-09 2.3045E-09 2.4630E-09 2.6216E-09 2.7818E-09 2.9427E-09 3.1032E-09 3.2624E-09 3.4190E-09 3.5744E-09 3.7227E-09 3.8650E-09 4.0003E-09 4.1275E-09 4.2454E-09 4.3530E-09 4.4496E-09 4.5341E-09 4.6060E-09 4.6646E-09 4.7093E-09 4.7399E-09 4.7560E-09 4.7566E-09 4.7428E-09 4.7120E-09 4.6665E-09 4.6068E-09 4.5390E-09 4.4590E-09 4.3674E-09 4.2653E-09 4.1534E-09
1.5895E-10 1.8760E-10 2.1882E-10 2.4991E-10 2.8649E-10 3.2540E-10 3.7036E-10 4.1832E-10 4.7285E-10 5.3106E-10 5.9470E-10 6.6402E-10 7.3925E-10 8.2056E-10 9.0814E-10 1.0021E-09 1.1024E-09 1.2092E-09 1.3247E-09 1.4603E-09 1.5879E-09 1.7369E-09 1.8909E-09 2.0524E-09 2.2056E-09 2.3628E-09 2.5234E-09 2.6865E-09 2.8512E-09 3.0189E-09 3.1840E-09 3.3476E-09 3.5086E-09 3.6657E-09 3.8178E-09 3.9637E-09 4.1022E-09 4.2322E-09 4.3526E-09 4.4647E-09 4.5630E-09 4.6487E-09 4.7213E-09 4.7801E-09 4.8245E-09 4.8543E-09 4.8692E-09 4.8690E-09 4.8506E-09 4.8198E-09 4.7748E-09 4.7128E-09 4.6368E-09 4.5477E-09 4.4521E-09 4.3456E-09 4.2293E-09
1.5971E-10 1.8894E-10 2.2079E-10 2.5400E-10 2.8939E-10 3.3054E-10 3.7452E-10 4.2483E-10 4.7866E-10 5.3776E-10 6.0239E-10 6.7281E-10 7.4927E-10 8.3195E-10 9.2103E-10 1.0166E-09 1.1210E-09 1.2300E-09 1.3621E-09 1.4861E-09 1.6329E-09 1.7880E-09 1.9470E-09 2.0994E-09 2.2567E-09 2.4183E-09 2.5832E-09 2.7532E-09 2.9226E-09 3.0926E-09 3.2622E-09 3.4301E-09 3.5953E-09 3.7564E-09 3.9148E-09 4.0643E-09 4.2062E-09 4.3391E-09 4.4620E-09 4.5739E-09 4.6737E-09 4.7606E-09 4.8338E-09 4.8926E-09 4.9367E-09 4.9655E-09 4.9789E-09 4.9769E-09 4.9595E-09 4.9262E-09 4.8779E-09 4.8124E-09 4.7327E-09 4.6394E-09 4.5336E-09 4.4228E-09 4.3019E-09
1.5978E-10 1.9183E-10 2.2198E-10 2.5567E-10 2.9311E-10 3.3322E-10 3.7773E-10 4.2887E-10 4.8344E-10 5.4335E-10 6.0891E-10 6.8037E-10 7.5798E-10 8.4194E-10 9.3242E-10 1.0319E-09 1.1361E-09 1.2640E-09 1.3837E-09 1.5297E-09 1.6806E-09 1.8384E-09 1.9892E-09 2.1457E-09 2.3095E-09 2.4755E-09 2.6451E-09 2.8174E-09 2.9913E-09 3.1659E-09 3.3423E-09 3.5148E-09 3.6843E-09 3.8497E-09 4.0095E-09 4.1626E-09 4.3077E-09 4.4434E-09 4.5688E-09 4.6851E-09 4.7865E-09 4.8745E-09 4.9483E-09 5.0072E-09 5.0507E-09 5.0785E-09 5.0904E-09 5.0863E-09 5.0663E-09 5.0307E-09 4.9794E-09 4.9105E-09 4.8268E-09 4.7293E-09 4.6189E-09 4.4969E-09 4.3714E-09
1.6251E-10 1.9220E-10 2.2272E-10 2.5684E-10 2.9479E-10 3.3528E-10 3.8210E-10 4.3216E-10 4.8736E-10 5.4800E-10 6.1438E-10 6.8676E-10 7.6540E-10 8.5270E-10 9.4478E-10 1.0437E-09 1.1667E-09 1.2816E-09 1.4240E-09 1.5719E-09 1.7278E-09 1.8761E-09 2.0331E-09 2.1938E-09 2.3598E-09 2.5302E-09 2.7043E-09 2.8811E-09 3.0622E-09 3.2415E-09 3.4203E-09 3.5972E-09 3.7711E-09 3.9405E-09 4.1067E-09 4.2635E-09 4.4119E-09 4.5506E-09 4.6785E-09 4.7944E-09 4.8973E-09 4.9862E-09 5.0604E-09 5.1192E-09 5.1621E-09 5.1888E-09 5.1989E-09 5.1926E-09 5.1700E-09 5.1313E-09 5.0769E-09 5.0072E-09 4.9227E-09 4.8176E-09 4.7025E-09 4.5754E-09 4.4378E-09
1.6203E-10 1.9216E-10 2.2299E-10 2.5929E-10 2.9590E-10 3.3849E-10 3.8413E-10 4.3467E-10 4.9041E-10 5.5168E-10 6.1877E-10 6.9196E-10 7.7379E-10 8.6027E-10 9.5354E-10 1.0537E-09 1.1819E-09 1.3189E-09 1.4630E-09 1.6160E-09 1.7611E-09 1.9156E-09 2.0745E-09 2.2394E-09 2.4097E-09 2.5869E-09 2.7658E-09 2.9474E-09 3.1309E-09 3.3149E-09 3.4983E-09 3.6822E-09 3.8606E-09 4.0345E-09 4.2023E-09 4.3627E-09 4.5143E-09 4.6559E-09 4.7862E-09 4.9066E-09 5.0110E-09 5.1010E-09 5.1756E-09 5.2342E-09 5.2764E-09 5.3018E-09 5.3101E-09 5.3015E-09 5.2759E-09 5.2339E-09 5.1758E-09 5.1023E-09 5.0139E-09 4.9085E-09 4.7896E-09 4.6584E-09 4.5162E-09
1.6118E-10 1.9171E-10 2.2507E-10 2.5963E-10 2.9644E-10 3.3949E-10 3.8546E-10 4.3638E-10 4.9257E-10 5.5436E-10 6.2205E-10 6.9829E-10 7.7899E-10 8.6641E-10 9.6074E-10 1.0813E-09 1.2125E-09 1.3536E-09 1.5043E-09 1.6477E-09 1.7966E-09 1.9527E-09 2.1155E-09 2.2869E-09 2.4618E-09 2.6415E-09 2.8251E-09 3.0115E-09 3.1997E-09 3.3911E-09 3.5794E-09 3.7657E-09 3.9486E-09 4.1267E-09 4.2985E-09 4.4651E-09 4.6202E-09 4.7649E-09 4.8978E-09 5.0177E-09 5.1235E-09 5.2143E-09 5.2892E-09 5.3475E-09 5.3888E-09 5.4127E-09 5.4191E-09 5.4078E-09 5.3793E-09 5.3337E-09 5.2717E-09 5.1939E-09 5.1011E-09 4.9942E-09 4.8703E-09 4.7339E-09 4.5863E-09
