Assets/Resources/2015_m01_d05_1200(utc+0800)_l00_csi_1hr_conc.grd
DSAA
         159         159
     -79.000      79.000
     -79.000      79.000
  0.1359E-09  0.2480E-04
[rows 25 to 49 of 159, columns 57 to 113 of 159]
2.6887E-09 2.5010E-09 2.3079E-09 2.1358E-09 1.9866E-09 1.8507E-09 1.7263E-09 1.5967E-09 1.4840E-09 1.3887E-09 1.2962E-09 1.1946E-09 1.1020E-09 1.0377E-09 9.7567E-10 9.0692E-10 8.2009E-10 7.4589E-10 6.9561E-10 6.7339E-10 6.5538E-10 6.4782E-10 6.4025E-10 6.3265E-10 6.2506E-10 6.1745E-10 6.0984E-10 6.0223E-10 5.9462E-10 5.8701E-10 5.7942E-10 5.7183E-10 5.6426E-10 5.5669E-10 5.4915E-10 5.4162E-10 5.3411E-10 5.2663E-10 5.1918E-10 5.1175E-10 5.0435E-10 4.9699E-10 4.8966E-10 4.8238E-10 4.7513E-10 4.6793E-10 4.6077E-10 4.5365E-10 4.4659E-10 4.3957E-10 4.3262E-10 4.2571E-10 4.1886E-10 4.1208E-10 4.0536E-10 3.9869E-10 3.9209E-10
2.8617E-09 2.6579E-09 2.4678E-09 2.2735E-09 2.1003E-09 1.9498E-09 1.8132E-09 1.6895E-09 1.5615E-09 1.4506E-09 1.3564E-09 1.2656E-09 1.1665E-09 1.0714E-09 1.0087E-09 9.4512E-10 8.7206E-10 7.8457E-10 7.1193E-10 6.8006E-10 6.5960E-10 6.5199E-10 6.4436E-10 6.3672E-10 6.2907E-10 6.2141E-10 6.1375E-10 6.0609E-10 5.9843E-10 5.9077E-10 5.8313E-10 5.7549E-10 5.6787E-10 5.6026E-10 5.5267E-10 5.4510E-10 5.3754E-10 5.3001E-10 5.2251E-10 5.1504E-10 5.0760E-10 5.0019E-10 4.9282E-10 4.8549E-10 4.7820E-10 4.7095E-10 4.6374E-10 4.5659E-10 4.4948E-10 4.4242E-10 4.3541E-10 4.2846E-10 4.2157E-10 4.1473E-10 4.0796E-10 4.0126E-10 3.9461E-10
3.0658E-09 2.8255E-09 2.6171E-09 2.4252E-09 2.2308E-09 2.0583E-09 1.9076E-09 1.7713E-09 1.6408E-09 1.5140E-09 1.4142E-09 1.3220E-09 1.2254E-09 1.1253E-09 1.0443E-09 9.8333E-10 9.1725E-10 8.1448E-10 7.3569E-10 6.9332E-10 6.6372E-10 6.5606E-10 6.4839E-10 6.4070E-10 6.3300E-10 6.2529E-10 6.1758E-10 6.0987E-10 6.0216E-10 5.9445E-10 5.8676E-10 5.7907E-10 5.7140E-10 5.6374E-10 5.5611E-10 5.4849E-10 5.4089E-10 5.3332E-10 5.2577E-10 5.1826E-10 5.1077E-10 5.0332E-10 4.9590E-10 4.8853E-10 4.8119E-10 4.7390E-10 4.6665E-10 4.5945E-10 4.5230E-10 4.4520E-10 4.3815E-10 4.3115E-10 4.2422E-10 4.1734E-10 4.1052E-10 4.0377E-10 3.9708E-10
3.2997E-09 3.0348E-09 2.7799E-09 2.5668E-09 2.3742E-09 2.1806E-09 2.0096E-09 1.8602E-09 1.7249E-09 1.5966E-09 1.4727E-09 1.3753E-09 1.2855E-09 1.1834E-09 1.0832E-09 1.0107E-09 9.4029E-10 8.7013E-10 7.6843E-10 7.0236E-10 6.7650E-10 6.6004E-10 6.5232E-10 6.4458E-10 6.3683E-10 6.2908E-10 6.2132E-10 6.1356E-10 6.0580E-10 5.9805E-10 5.9030E-10 5.8257E-10 5.7485E-10 5.6715E-10 5.5946E-10 5.5180E-10 5.4416E-10 5.3654E-10 5.2896E-10 5.2139E-10 5.1387E-10 5.0637E-10 4.9892E-10 4.9150E-10 4.8412E-10 4.7678E-10 4.6949E-10 4.6225E-10 4.5505E-10 4.4791E-10 4.4082E-10 4.3379E-10 4.2681E-10 4.1988E-10 4.1302E-10 4.0623E-10 3.9949E-10
3.5194E-09 3.2474E-09 2.9731E-09 2.7244E-09 2.5080E-09 2.3155E-09 2.1235E-09 1.9552E-09 1.8081E-09 1.6749E-09 1.5410E-09 1.4291E-09 1.3345E-09 1.2400E-09 1.1369E-09 1.0401E-09 9.7445E-10 9.1037E-10 8.1127E-10 7.1409E-10 6.8238E-10 6.6393E-10 6.5616E-10 6.4837E-10 6.4058E-10 6.3278E-10 6.2497E-10 6.1717E-10 6.0936E-10 6.0156E-10 5.9377E-10 5.8599E-10 5.7822E-10 5.7047E-10 5.6274E-10 5.5503E-10 5.4735E-10 5.3969E-10 5.3206E-10 5.2446E-10 5.1688E-10 5.0935E-10 5.0185E-10 4.9439E-10 4.8697E-10 4.7959E-10 4.7227E-10 4.6498E-10 4.5775E-10 4.5056E-10 4.4343E-10 4.3635E-10 4.2933E-10 4.2237E-10 4.1547E-10 4.0863E-10 4.0186E-10
3.7804E-09 3.4551E-09 3.1809E-09 2.9079E-09 2.6589E-09 2.4414E-09 2.2497E-09 2.0607E-09 1.8960E-09 1.7518E-09 1.6216E-09 1.4918E-09 1.3837E-09 1.2923E-09 1.1927E-09 1.0891E-09 9.9995E-10 9.4125E-10 8.6153E-10 7.5370E-10 6.9225E-10 6.6771E-10 6.5990E-10 6.5207E-10 6.4423E-10 6.3638E-10 6.2853E-10 6.2068E-10 6.1283E-10 6.0498E-10 5.9714E-10 5.8932E-10 5.8150E-10 5.7371E-10 5.6593E-10 5.5818E-10 5.5045E-10 5.4275E-10 5.3508E-10 5.2744E-10 5.1983E-10 5.1225E-10 5.0471E-10 4.9721E-10 4.8975E-10 4.8234E-10 4.7496E-10 4.6764E-10 4.6036E-10 4.5314E-10 4.4597E-10 4.3885E-10 4.3180E-10 4.2479E-10 4.1786E-10 4.1098E-10 4.0416E-10
4.0461E-09 3.7039E-09 3.3765E-09 3.1013E-09 2.8308E-09 2.5838E-09 2.3673E-09 2.1696E-09 1.9838E-09 1.8324E-09 1.6922E-09 1.5659E-09 1.4323E-09 1.3370E-09 1.2489E-09 1.1441E-09 1.0352E-09 9.6895E-10 9.0038E-10 8.0201E-10 7.0028E-10 6.7139E-10 6.6354E-10 6.5566E-10 6.4778E-10 6.3989E-10 6.3199E-10 6.2410E-10 6.1620E-10 6.0831E-10 6.0043E-10 5.9256E-10 5.8471E-10 5.7686E-10 5.6905E-10 5.6125E-10 5.5347E-10 5.4573E-10 5.3802E-10 5.3034E-10 5.2268E-10 5.1507E-10 5.0749E-10 4.9995E-10 4.9246E-10 4.8499E-10 4.7759E-10 4.7022E-10 4.6291E-10 4.5565E-10 4.4844E-10 4.4129E-10 4.3419E-10 4.2716E-10 4.2018E-10 4.1326E-10 4.0641E-10
4.3301E-09 3.9556E-09 3.6118E-09 3.2848E-09 3.0104E-09 2.7335E-09 2.5001E-09 2.2865E-09 2.0929E-09 1.9124E-09 1.7655E-09 1.6298E-09 1.5008E-09 1.3808E-09 1.2894E-09 1.1962E-09 1.0854E-09 9.8783E-10 9.2956E-10 8.5047E-10 7.2304E-10 6.8028E-10 6.6707E-10 6.5916E-10 6.5124E-10 6.4330E-10 6.3537E-10 6.2742E-10 6.1949E-10 6.1155E-10 6.0363E-10 5.9572E-10 5.8781E-10 5.7994E-10 5.7207E-10 5.6423E-10 5.5642E-10 5.4863E-10 5.4088E-10 5.3315E-10 5.2546E-10 5.1781E-10 5.1019E-10 5.0262E-10 4.9508E-10 4.8759E-10 4.8014E-10 4.7274E-10 4.6539E-10 4.5809E-10 4.5085E-10 4.4366E-10 4.3653E-10 4.2945E-10 4.2244E-10 4.1549E-10 4.0860E-10
4.6474E-09 4.2240E-09 3.8483E-09 3.4931E-09 3.1809E-09 2.9009E-09 2.6376E-09 2.4088E-09 2.1999E-09 2.0036E-09 1.8380E-09 1.6962E-09 1.5655E-09 1.4258E-09 1.3289E-09 1.2403E-09 1.1316E-09 1.0188E-09 9.5528E-10 8.8753E-10 7.6050E-10 6.8896E-10 6.7049E-10 6.6255E-10 6.5459E-10 6.4662E-10 6.3864E-10 6.3066E-10 6.2267E-10 6.1470E-10 6.0674E-10 5.9878E-10 5.9084E-10 5.8291E-10 5.7501E-10 5.6713E-10 5.5927E-10 5.5145E-10 5.4365E-10 5.3588E-10 5.2816E-10 5.2046E-10 5.1282E-10 5.0520E-10 4.9763E-10 4.9009E-10 4.8261E-10 4.7518E-10 4.6779E-10 4.6046E-10 4.5318E-10 4.4596E-10 4.3879E-10 4.3168E-10 4.2463E-10 4.1764E-10 4.1072E-10
5.0602E-09 4.5251E-09 4.0873E-09 3.7255E-09 3.3742E-09 3.0665E-09 2.7823E-09 2.5344E-09 2.3111E-09 2.1088E-09 1.9112E-09 1.7616E-09 1.6252E-09 1.4924E-09 1.3686E-09 1.2757E-09 1.1802E-09 1.0676E-09 9.7194E-10 9.1473E-10 8.0878E-10 6.9642E-10 6.7380E-10 6.6583E-10 6.5783E-10 6.4982E-10 6.4181E-10 6.3379E-10 6.2577E-10 6.1775E-10 6.0974E-10 6.0175E-10 5.9377E-10 5.8581E-10 5.7786E-10 5.6994E-10 5.6205E-10 5.5418E-10 5.4634E-10 5.3854E-10 5.3077E-10 5.2304E-10 5.1535E-10 5.0770E-10 5.0009E-10 4.9253E-10 4.8501E-10 4.7754E-10 4.7012E-10 4.6275E-10 4.5544E-10 4.4818E-10 4.4098E-10 4.3384E-10 4.2676E-10 4.1974E-10 4.1278E-10
5.5007E-09 4.9165E-09 4.3714E-09 3.9481E-09 3.5779E-09 3.2316E-09 2.9432E-09 2.6566E-09 2.4253E-09 2.2086E-09 1.9983E-09 1.8267E-09 1.6839E-09 1.5534E-09 1.4105E-09 1.3105E-09 1.2205E-09 1.1130E-09 1.0025E-09 9.3370E-10 8.5777E-10 7.0182E-10 6.7699E-10 6.6899E-10 6.6097E-10 6.5293E-10 6.4487E-10 6.3682E-10 6.2876E-10 6.2071E-10 6.1266E-10 6.0463E-10 5.9661E-10 5.8860E-10 5.8062E-10 5.7266E-10 5.6473E-10 5.5683E-10 5.4895E-10 5.4111E-10 5.3330E-10 5.2553E-10 5.1781E-10 5.1012E-10 5.0248E-10 4.9488E-10 4.8733E-10 4.7983E-10 4.7237E-10 4.6498E-10 4.5763E-10 4.5034E-10 4.4310E-10 4.3593E-10 4.2882E-10 4.2176E-10 4.1478E-10
6.1123E-09 5.3187E-09 4.7289E-09 4.1992E-09 3.7946E-09 3.4183E-09 3.0935E-09 2.8044E-09 2.5363E-09 2.3114E-09 2.1025E-09 1.8946E-09 1.7414E-09 1.6057E-09 1.4736E-09 1.3466E-09 1.2510E-09 1.1571E-09 1.0491E-09 9.5452E-10 8.8795E-10 7.4192E-10 6.8004E-10 6.7203E-10 6.6399E-10 6.5592E-10 6.4784E-10 6.3974E-10 6.3165E-10 6.2356E-10 6.1548E-10 6.0741E-10 5.9935E-10 5.9131E-10 5.8329E-10 5.7529E-10 5.6733E-10 5.5938E-10 5.5147E-10 5.4359E-10 5.3575E-10 5.2795E-10 5.2018E-10 5.1246E-10 5.0478E-10 4.9715E-10 4.8957E-10 4.8204E-10 4.7456E-10 4.6712E-10 4.5974E-10 4.5242E-10 4.4516E-10 4.3795E-10 4.3081E-10 4.2373E-10 4.1671E-10
6.7594E-09 5.9014E-09 5.1139E-09 4.5428E-09 4.0110E-09 3.6285E-09 3.2494E-09 2.9484E-09 2.6606E-09 2.4124E-09 2.1945E-09 1.9865E-09 1.8003E-09 1.6564E-09 1.5279E-09 1.3846E-09 1.2818E-09 1.1931E-09 1.0893E-09 9.7758E-10 9.1538E-10 8.0868E-10 6.8298E-10 6.7495E-10 6.6689E-10 6.5880E-10 6.5069E-10 6.4257E-10 6.3444E-10 6.2632E-10 6.1820E-10 6.1009E-10 6.0200E-10 5.9392E-10 5.8587E-10 5.7784E-10 5.6983E-10 5.6185E-10 5.5390E-10 5.4599E-10 5.3811E-10 5.3027E-10 5.2248E-10 5.1472E-10 5.0701E-10 4.9935E-10 4.9173E-10 4.8417E-10 4.7665E-10 4.6919E-10 4.6178E-10 4.5443E-10 4.4714E-10 4.3990E-10 4.3273E-10 4.2561E-10 4.1857E-10
7.4416E-09 6.5215E-09 5.6528E-09 4.9030E-09 4.2839E-09 3.8244E-09 3.4411E-09 3.0881E-09 2.7984E-09 2.5140E-09 2.2863E-09 2.0763E-09 1.8625E-09 1.7071E-09 1.5724E-09 1.4417E-09 1.3137E-09 1.2192E-09 1.1221E-09 1.0124E-09 9.3428E-10 8.6405E-10 6.9109E-10 6.7774E-10 6.6967E-10 6.6156E-10 6.5343E-10 6.4528E-10 6.3713E-10 6.2897E-10 6.2082E-10 6.1268E-10 6.0455E-10 5.9644E-10 5.8835E-10 5.8028E-10 5.7225E-10 5.6423E-10 5.5625E-10 5.4830E-10 5.4039E-10 5.3252E-10 5.2468E-10 5.1690E-10 5.0915E-10 5.0145E-10 4.9381E-10 4.8621E-10 4.7867E-10 4.7118E-10 4.6374E-10 4.5636E-10 4.4904E-10 4.4178E-10 4.3457E-10 4.2744E-10 4.2036E-10
8.1470E-09 7.2046E-09 6.2671E-09 5.3307E-09 4.6295E-09 4.0464E-09 3.6282E-09 3.2339E-09 2.9221E-09 2.6287E-09 2.3761E-09 2.1588E-09 1.9409E-09 1.7598E-09 1.6156E-09 1.4887E-09 1.3471E-09 1.2457E-09 1.1602E-09 1.0493E-09 9.4789E-10 8.8364E-10 6.9384E-10 6.8039E-10 6.7231E-10 6.6420E-10 6.5605E-10 6.4788E-10 6.3970E-10 6.3152E-10 6.2334E-10 6.1516E-10 6.0700E-10 5.9886E-10 5.9073E-10 5.8264E-10 5.7456E-10 5.6652E-10 5.5850E-10 5.5052E-10 5.4258E-10 5.3467E-10 5.2681E-10 5.1899E-10 5.1121E-10 5.0349E-10 4.9581E-10 4.8818E-10 4.8061E-10 4.7309E-10 4.6563E-10 4.5822E-10 4.5087E-10 4.4358E-10 4.3635E-10 4.2919E-10 4.2208E-10
8.9327E-09 7.9109E-09 6.9275E-09 5.9172E-09 5.0362E-09 4.3335E-09 3.8045E-09 3.4139E-09 3.0502E-09 2.7540E-09 2.4677E-09 2.2387E-09 2.0310E-09 1.8172E-09 1.6600E-09 1.5258E-09 1.3887E-09 1.2717E-09 1.1821E-09 1.0790E-09 9.6794E-10 9.0560E-10 7.2349E-10 6.8291E-10 6.7483E-10 6.6670E-10 6.5855E-10 6.5036E-10 6.4217E-10 6.3396E-10 6.2575E-10 6.1755E-10 6.0936E-10 6.0118E-10 5.9303E-10 5.8489E-10 5.7679E-10 5.6871E-10 5.6067E-10 5.5266E-10 5.4468E-10 5.3675E-10 5.2885E-10 5.2100E-10 5.1320E-10 5.0544E-10 4.9773E-10 4.9007E-10 4.8247E-10 4.7492E-10 4.6743E-10 4.6000E-10 4.5262E-10 4.4531E-10 4.3805E-10 4.3086E-10 4.2374E-10
9.7811E-09 8.6866E-09 7.6347E-09 6.5700E-09 5.5302E-09 4.7092E-09 4.0138E-09 3.5821E-09 3.1837E-09 2.8650E-09 2.5597E-09 2.3181E-09 2.1029E-09 1.8787E-09 1.7071E-09 1.5628E-09 1.4369E-09 1.2997E-09 1.2027E-09 1.1049E-09 9.9244E-10 9.2143E-10 8.1021E-10 6.8529E-10 6.7721E-10 6.6909E-10 6.6092E-10 6.5273E-10 6.4452E-10 6.3629E-10 6.2806E-10 6.1983E-10 6.1161E-10 6.0340E-10 5.9522E-10 5.8706E-10 5.7892E-10 5.7081E-10 5.6274E-10 5.5470E-10 5.4670E-10 5.3873E-10 5.3081E-10 5.2293E-10 5.1509E-10 5.0731E-10 4.9957E-10 4.9188E-10 4.8425E-10 4.7668E-10 4.6916E-10 4.6170E-10 4.5430E-10 4.4696E-10 4.3968E-10 4.3247E-10 4.2532E-10
1.0727E-08 9.5139E-09 8.3931E-09 7.3112E-09 6.1079E-09 5.1170E-09 4.3700E-09 3.7424E-09 3.3456E-09 2.9801E-09 2.6727E-09 2.3974E-09 2.1715E-09 1.9602E-09 1.7585E-09 1.6024E-09 1.4704E-09 1.3275E-09 1.2252E-09 1.1384E-09 1.0190E-09 9.3302E-10 8.4727E-10 6.8751E-10 6.7945E-10 6.7133E-10 6.6317E-10 6.5497E-10 6.4675E-10 6.3851E-10 6.3026E-10 6.2201E-10 6.1376E-10 6.0553E-10 5.9731E-10 5.8912E-10 5.8096E-10 5.7282E-10 5.6471E-10 5.5665E-10 5.4861E-10 5.4062E-10 5.3267E-10 5.2476E-10 5.1690E-10 5.0909E-10 5.0133E-10 4.9361E-10 4.8596E-10 4.7836E-10 4.7081E-10 4.6333E-10 4.5590E-10 4.4854E-10 4.4124E-10 4.3400E-10 4.2683E-10
1.1788E-08 1.0442E-08 9.1817E-09 8.0277E-09 6.8827E-09 5.6639E-09 4.7427E-09 3.9692E-09 3.4967E-09 3.0983E-09 2.7788E-09 2.4762E-09 2.2392E-09 2.0291E-09 1.8119E-09 1.6442E-09 1.5029E-09 1.3540E-09 1.2492E-09 1.1560E-09 1.0560E-09 9.4377E-10 8.6370E-10 6.8956E-10 6.8153E-10 6.7344E-10 6.6528E-10 6.5708E-10 6.4886E-10 6.4061E-10 6.3235E-10 6.2408E-10 6.1581E-10 6.0755E-10 5.9931E-10 5.9109E-10 5.8290E-10 5.7473E-10 5.6660E-10 5.5850E-10 5.5045E-10 5.4242E-10 5.3445E-10 5.2652E-10 5.1863E-10 5.1079E-10 5.0300E-10 4.9526E-10 4.8758E-10 4.7995E-10 4.7239E-10 4.6487E-10 4.5743E-10 4.5004E-10 4.4272E-10 4.3546E-10 4.2826E-10
1.2984E-08 1.1466E-08 1.0057E-08 8.7736E-09 7.6149E-09 6.3599E-09 5.2480E-09 4.2798E-09 3.6462E-09 3.2174E-09 2.8806E-09 2.5561E-09 2.3061E-09 2.0864E-09 1.8642E-09 1.6880E-09 1.5375E-09 1.4086E-09 1.2723E-09 1.1753E-09 1.0685E-09 9.5916E-10 8.8856E-10 6.9198E-10 6.8345E-10 6.7538E-10 6.6727E-10 6.5907E-10 6.5084E-10 6.4259E-10 6.3432E-10 6.2604E-10 6.1775E-10 6.0948E-10 6.0121E-10 5.9296E-10 5.8474E-10 5.7655E-10 5.6839E-10 5.6027E-10 5.5218E-10 5.4414E-10 5.3613E-10 5.2818E-10 5.2027E-10 5.1240E-10 5.0459E-10 4.9683E-10 4.8912E-10 4.8147E-10 4.7388E-10 4.6635E-10 4.5887E-10 4.5146E-10 4.4412E-10 4.3684E-10 4.2963E-10
1.4299E-08 1.2592E-08 1.1028E-08 9.6015E-09 8.3152E-09 7.0898E-09 5.8690E-09 4.8145E-09 3.8658E-09 3.3692E-09 2.9849E-09 2.6599E-09 2.3729E-09 2.1427E-09 1.9317E-09 1.7322E-09 1.5722E-09 1.4377E-09 1.2957E-09 1.1946E-09 1.0914E-09 9.7878E-10 9.0611E-10 6.9455E-10 6.8522E-10 6.7718E-10 6.6907E-10 6.6091E-10 6.5270E-10 6.4444E-10 6.3617E-10 6.2788E-10 6.1959E-10 6.1129E-10 6.0301E-10 5.9474E-10 5.8649E-10 5.7828E-10 5.7009E-10 5.6194E-10 5.5383E-10 5.4576E-10 5.3773E-10 5.2975E-10 5.2181E-10 5.1393E-10 5.0609E-10 4.9831E-10 4.9058E-10 4.8291E-10 4.7530E-10 4.6774E-10 4.6025E-10 4.5281E-10 4.4545E-10 4.3815E-10 4.3091E-10
1.5810E-08 1.3877E-08 1.2104E-08 1.0508E-08 9.0799E-09 7.7900E-09 6.5241E-09 5.3929E-09 4.3283E-09 3.5246E-09 3.0924E-09 2.7589E-09 2.4425E-09 2.1991E-09 1.9874E-09 1.7757E-09 1.6074E-09 1.4659E-09 1.3210E-09 1.2149E-09 1.1225E-09 9.8827E-10 9.1365E-10 7.6693E-10 6.8687E-10 6.7880E-10 6.7074E-10 6.6259E-10 6.5441E-10 6.4618E-10 6.3790E-10 6.2961E-10 6.2131E-10 6.1300E-10 6.0471E-10 5.9642E-10 5.8815E-10 5.7991E-10 5.7170E-10 5.6352E-10 5.5538E-10 5.4729E-10 5.3924E-10 5.3123E-10 5.2328E-10 5.1537E-10 5.0751E-10 4.9971E-10 4.9196E-10 4.8427E-10 4.7663E-10 4.6906E-10 4.6154E-10 4.5409E-10 4.4670E-10 4.3938E-10 4.3213E-10
1.7959E-08 1.5707E-08 1.3489E-08 1.1656E-08 9.9218E-09 8.5222E-09 7.1724E-09 6.0010E-09 4.8511E-09 3.8207E-09 3.2131E-09 2.8533E-09 2.5165E-09 2.2567E-09 2.0346E-09 1.8157E-09 1.6429E-09 1.4936E-09 1.3433E-09 1.2358E-09 1.1391E-09 1.0176E-09 9.2184E-10 7.9358E-10 6.8892E-10 6.8027E-10 6.7223E-10 6.6414E-10 6.5596E-10 6.4775E-10 6.3952E-10 6.3122E-10 6.2292E-10 6.1461E-10 6.0630E-10 5.9800E-10 5.8971E-10 5.8145E-10 5.7321E-10 5.6501E-10 5.5685E-10 5.4873E-10 5.4066E-10 5.3263E-10 5.2465E-10 5.1672E-10 5.0884E-10 5.0102E-10 4.9325E-10 4.8554E-10 4.7789E-10 4.7029E-10 4.6276E-10 4.5529E-10 4.4788E-10 4.4055E-10 4.3327E-10
2.0497E-08 1.7850E-08 1.5428E-08 1.3252E-08 1.1190E-08 9.5055E-09 7.9345E-09 6.5761E-09 5.4108E-09 4.2128E-09 3.4191E-09 2.9640E-09 2.5981E-09 2.3186E-09 2.0835E-09 1.8549E-09 1.6783E-09 1.5207E-09 1.3646E-09 1.2564E-09 1.1568E-09 1.0476E-09 9.2918E-10 8.0715E-10 6.9083E-10 6.8157E-10 6.7357E-10 6.6550E-10 6.5738E-10 6.4919E-10 6.4096E-10 6.3271E-10 6.2441E-10 6.1609E-10 6.0778E-10 5.9947E-10 5.9117E-10 5.8289E-10 5.7464E-10 5.6642E-10 5.5822E-10 5.5009E-10 5.4199E-10 5.3394E-10 5.2594E-10 5.1798E-10 5.1009E-10 5.0225E-10 4.9446E-10 4.8673E-10 4.7906E-10 4.7145E-10 4.6390E-10 4.5641E-10 4.4899E-10 4.4163E-10 4.3434E-10
2.3209E-08 2.0145E-08 1.7345E-08 1.4851E-08 1.2643E-08 1.0714E-08 8.9610E-09 7.3189E-09 5.9300E-09 4.7752E-09 3.7237E-09 3.1022E-09 2.7211E-09 2.3900E-09 2.1357E-09 1.8955E-09 1.7139E-09 1.5485E-09 1.4112E-09 1.2751E-09 1.1740E-09 1.0612E-09 9.3738E-10 8.3142E-10 6.9313E-10 6.8267E-10 6.7474E-10 6.6673E-10 6.5863E-10 6.5048E-10 6.4228E-10 6.3404E-10 6.2577E-10 6.1747E-10 6.0915E-10 6.0084E-10 5.9253E-10 5.8424E-10 5.7597E-10 5.6773E-10 5.5952E-10 5.5135E-10 5.4323E-10 5.3516E-10 5.2714E-10 5.1917E-10 5.1125E-10 5.0339E-10 4.9559E-10 4.8784E-10 4.8015E-10 4.7252E-10 4.6496E-10 4.5745E-10 4.5001E-10 4.4265E-10 4.3534E-10
