Assets/Resources/2015_m01_d08_1700(utc+0800)_l00_csi_1hr_conc.grd
DSAA
         159         159
     -79.000      79.000
     -79.000      79.000
  0.2458E-09  0.1303E-04
[rows 50 to 74 of 159, columns 57 to 113 of 159]
5.8490E-09 6.0285E-09 6.2130E-09 6.3748E-09 6.5371E-09 6.6767E-09 6.8034E-09 6.9134E-09 7.0208E-09 7.1193E-09 7.2001E-09 7.2714E-09 7.3315E-09 7.3962E-09 7.4571E-09 7.5200E-09 7.5838E-09 7.6463E-09 7.7116E-09 7.7720E-09 7.8358E-09 7.8960E-09 7.9562E-09 8.0136E-09 8.0665E-09 8.1074E-09 8.1391E-09 8.1619E-09 8.1761E-09 8.1805E-09 8.1771E-09 8.1641E-09 8.1391E-09 8.1066E-09 8.0670E-09 8.0192E-09 7.9635E-09 7.8999E-09 7.8286E-09 7.7495E-09 7.6663E-09 7.5816E-09 7.4942E-09 7.4050E-09 7.3129E-09 7.2181E-09 7.1237E-09 7.0294E-09 6.9344E-09 6.8383E-09 6.7405E-09 6.6440E-09 6.5481E-09 6.4524E-09 6.3553E-09 6.2557E-09 6.1557E-09
6.3039E-09 6.5179E-09 6.7084E-09 6.8945E-09 7.0530E-09 7.1901E-09 7.3155E-09 7.4207E-09 7.5136E-09 7.5900E-09 7.6579E-09 7.7151E-09 7.7638E-09 7.8113E-09 7.8480E-09 7.8950E-09 7.9373E-09 7.9856E-09 8.0408E-09 8.0931E-09 8.1432E-09 8.1941E-09 8.2435E-09 8.2921E-09 8.3372E-09 8.3787E-09 8.4092E-09 8.4297E-09 8.4397E-09 8.4411E-09 8.4326E-09 8.4168E-09 8.3899E-09 8.3510E-09 8.3038E-09 8.2503E-09 8.1891E-09 8.1203E-09 8.0455E-09 7.9636E-09 7.8753E-09 7.7812E-09 7.6856E-09 7.5885E-09 7.4915E-09 7.3924E-09 7.2917E-09 7.1889E-09 7.0871E-09 6.9858E-09 6.8849E-09 6.7825E-09 6.6795E-09 6.5785E-09 6.4779E-09 6.3769E-09 6.2728E-09
6.8735E-09 7.1028E-09 7.3377E-09 7.5288E-09 7.7001E-09 7.8443E-09 7.9606E-09 8.0551E-09 8.1202E-09 8.1752E-09 8.2173E-09 8.2495E-09 8.2688E-09 8.2816E-09 8.3021E-09 8.3208E-09 8.3459E-09 8.3711E-09 8.4044E-09 8.4442E-09 8.4832E-09 8.5303E-09 8.5691E-09 8.6070E-09 8.6422E-09 8.6718E-09 8.6969E-09 8.7130E-09 8.7211E-09 8.7191E-09 8.7055E-09 8.6811E-09 8.6508E-09 8.6099E-09 8.5563E-09 8.4953E-09 8.4290E-09 8.3539E-09 8.2718E-09 8.1839E-09 8.0891E-09 7.9907E-09 7.8891E-09 7.7839E-09 7.6768E-09 7.5702E-09 7.4634E-09 7.3566E-09 7.2475E-09 7.1381E-09 7.0303E-09 6.9238E-09 6.8172E-09 6.7090E-09 6.6026E-09 6.4973E-09 6.3919E-09
7.5512E-09 7.8358E-09 8.0794E-09 8.2905E-09 8.4658E-09 8.6011E-09 8.7136E-09 8.7967E-09 8.8439E-09 8.8706E-09 8.8856E-09 8.8827E-09 8.8689E-09 8.8513E-09 8.8293E-09 8.8149E-09 8.8085E-09 8.8076E-09 8.8184E-09 8.8321E-09 8.8526E-09 8.8849E-09 8.9245E-09 8.9552E-09 8.9767E-09 8.9988E-09 9.0161E-09 9.0249E-09 9.0252E-09 9.0150E-09 8.9972E-09 8.9672E-09 8.9270E-09 8.8809E-09 8.8249E-09 8.7565E-09 8.6778E-09 8.5977E-09 8.5111E-09 8.4164E-09 8.3146E-09 8.2076E-09 8.0969E-09 7.9863E-09 7.8730E-09 7.7583E-09 7.6415E-09 7.5267E-09 7.4125E-09 7.2982E-09 7.1821E-09 7.0679E-09 6.9558E-09 6.8444E-09 6.7321E-09 6.6200E-09 6.5103E-09
8.3722E-09 8.6790E-09 8.9551E-09 9.1940E-09 9.3836E-09 9.5296E-09 9.6316E-09 9.6952E-09 9.7176E-09 9.7092E-09 9.6787E-09 9.6316E-09 9.5754E-09 9.5072E-09 9.4408E-09 9.3880E-09 9.3397E-09 9.3057E-09 9.2836E-09 9.2793E-09 9.3626E-09 9.2883E-09 9.3104E-09 9.3319E-09 9.3496E-09 9.3545E-09 9.3579E-09 9.3599E-09 9.3492E-09 9.3300E-09 9.3033E-09 9.2720E-09 9.2248E-09 9.1675E-09 9.1052E-09 9.0320E-09 8.9489E-09 8.8551E-09 8.7585E-09 8.6573E-09 8.5504E-09 8.4366E-09 8.3174E-09 8.1961E-09 8.0743E-09 7.9525E-09 7.8303E-09 7.7055E-09 7.5821E-09 7.4603E-09 7.3400E-09 7.2188E-09 7.0982E-09 6.9806E-09 6.8643E-09 6.7480E-09 6.6312E-09
9.3362E-09 9.6999E-09 1.0021E-08 1.0287E-08 1.0503E-08 1.0646E-08 1.0731E-08 1.0763E-08 1.0757E-08 1.0706E-08 1.0627E-08 1.0527E-08 1.0408E-08 1.0284E-08 1.0159E-08 1.0044E-08 9.9522E-09 9.8684E-09 9.8062E-09 1.0086E-08 9.8781E-09 9.7359E-09 9.7383E-09 9.7392E-09 9.7473E-09 9.7510E-09 9.7359E-09 9.7146E-09 9.6961E-09 9.6672E-09 9.6316E-09 9.5903E-09 9.5408E-09 9.4758E-09 9.3990E-09 9.3201E-09 9.2308E-09 9.1315E-09 9.0225E-09 8.9105E-09 8.7946E-09 8.6734E-09 8.5472E-09 8.4174E-09 8.2861E-09 8.1534E-09 8.0222E-09 7.8917E-09 7.7608E-09 7.6290E-09 7.4997E-09 7.3729E-09 7.2471E-09 7.1210E-09 6.9978E-09 6.8771E-09 6.7564E-09
1.0468E-08 1.0907E-08 1.1274E-08 1.1576E-08 1.1803E-08 1.1952E-08 1.2024E-08 1.2032E-08 1.1980E-08 1.1877E-08 1.1733E-08 1.1558E-08 1.1372E-08 1.1179E-08 1.0985E-08 1.0805E-08 1.0646E-08 1.0526E-08 1.1192E-08 1.0749E-08 1.0644E-08 1.0235E-08 1.0209E-08 1.0193E-08 1.0173E-08 1.0159E-08 1.0140E-08 1.0105E-08 1.0068E-08 1.0031E-08 9.9813E-09 9.9249E-09 9.8701E-09 9.8019E-09 9.7189E-09 9.6247E-09 9.5256E-09 9.4187E-09 9.3024E-09 9.1793E-09 9.0518E-09 8.9208E-09 8.7857E-09 8.6468E-09 8.5064E-09 8.3656E-09 8.2235E-09 8.0829E-09 7.9431E-09 7.8059E-09 7.6674E-09 7.5310E-09 7.3977E-09 7.2669E-09 7.1362E-09 7.0075E-09 6.8826E-09
1.1793E-08 1.2296E-08 1.2739E-08 1.3092E-08 1.3362E-08 1.3519E-08 1.3580E-08 1.3564E-08 1.3467E-08 1.3305E-08 1.3086E-08 1.2827E-08 1.2542E-08 1.2250E-08 1.1964E-08 1.1688E-08 1.1471E-08 1.1795E-08 1.2044E-08 1.2022E-08 1.1366E-08 1.0870E-08 1.0721E-08 1.0686E-08 1.0640E-08 1.0593E-08 1.0559E-08 1.0520E-08 1.0471E-08 1.0419E-08 1.0360E-08 1.0292E-08 1.0213E-08 1.0139E-08 1.0051E-08 9.9505E-09 9.8397E-09 9.7212E-09 9.5958E-09 9.4629E-09 9.3228E-09 9.1808E-09 9.0352E-09 8.8863E-09 8.7350E-09 8.5842E-09 8.4332E-09 8.2829E-09 8.1328E-09 7.9851E-09 7.8404E-09 7.6964E-09 7.5528E-09 7.4141E-09 7.2781E-09 7.1433E-09 7.0100E-09
1.3305E-08 1.3915E-08 1.4445E-08 1.4859E-08 1.5157E-08 1.5350E-08 1.5405E-08 1.5346E-08 1.5185E-08 1.4941E-08 1.4633E-08 1.4275E-08 1.3885E-08 1.3483E-08 1.3093E-08 1.2743E-08 1.3546E-08 1.3972E-08 1.3335E-08 1.2872E-08 1.2139E-08 1.1558E-08 1.1278E-08 1.1201E-08 1.1136E-08 1.1074E-08 1.1017E-08 1.0960E-08 1.0898E-08 1.0830E-08 1.0761E-08 1.0682E-08 1.0594E-08 1.0499E-08 1.0400E-08 1.0290E-08 1.0170E-08 1.0040E-08 9.9035E-09 9.7602E-09 9.6114E-09 9.4561E-09 9.2969E-09 9.1357E-09 8.9745E-09 8.8117E-09 8.6501E-09 8.4894E-09 8.3311E-09 8.1726E-09 8.0173E-09 7.8650E-09 7.7154E-09 7.5663E-09 7.4216E-09 7.2814E-09 7.1419E-09
1.5039E-08 1.5763E-08 1.6379E-08 1.6895E-08 1.7263E-08 1.7475E-08 1.7528E-08 1.7440E-08 1.7222E-08 1.6893E-08 1.6476E-08 1.5994E-08 1.5473E-08 1.4935E-08 1.4511E-08 1.4668E-08 1.6853E-08 1.6072E-08 1.5510E-08 1.3865E-08 1.2973E-08 1.2286E-08 1.1877E-08 1.1768E-08 1.1669E-08 1.1583E-08 1.1507E-08 1.1435E-08 1.1357E-08 1.1273E-08 1.1188E-08 1.1095E-08 1.0996E-08 1.0884E-08 1.0771E-08 1.0649E-08 1.0518E-08 1.0377E-08 1.0226E-08 1.0070E-08 9.9099E-09 9.7450E-09 9.5745E-09 9.3992E-09 9.2230E-09 9.0487E-09 8.8755E-09 8.7038E-09 8.5342E-09 8.3671E-09 8.2009E-09 8.0385E-09 7.8794E-09 7.7240E-09 7.5704E-09 7.4204E-09 7.2761E-09
1.6960E-08 1.7844E-08 1.8612E-08 1.9218E-08 1.9652E-08 1.9923E-08 1.9988E-08 1.9869E-08 1.9579E-08 1.9152E-08 1.8631E-08 1.8015E-08 1.7362E-08 1.6705E-08 1.7387E-08 2.1192E-08 1.9138E-08 1.9420E-08 1.6897E-08 1.4967E-08 1.3871E-08 1.3088E-08 1.2530E-08 1.2377E-08 1.2256E-08 1.2135E-08 1.2028E-08 1.1938E-08 1.1845E-08 1.1744E-08 1.1640E-08 1.1532E-08 1.1419E-08 1.1296E-08 1.1167E-08 1.1031E-08 1.0884E-08 1.0730E-08 1.0570E-08 1.0399E-08 1.0222E-08 1.0042E-08 9.8624E-09 9.6782E-09 9.4867E-09 9.2956E-09 9.1097E-09 8.9267E-09 8.7447E-09 8.5666E-09 8.3907E-09 8.2186E-09 8.0488E-09 7.8841E-09 7.7233E-09 7.5652E-09 7.4110E-09
1.9114E-08 2.0166E-08 2.1078E-08 2.1835E-08 2.2375E-08 2.2695E-08 2.2783E-08 2.2668E-08 2.2330E-08 2.1805E-08 2.1135E-08 2.0373E-08 1.9563E-08 2.1163E-08 2.3096E-08 2.4714E-08 2.5769E-08 2.1360E-08 1.8458E-08 1.6228E-08 1.4823E-08 1.4043E-08 1.3260E-08 1.3043E-08 1.2878E-08 1.2735E-08 1.2595E-08 1.2477E-08 1.2361E-08 1.2244E-08 1.2125E-08 1.1996E-08 1.1867E-08 1.1730E-08 1.1584E-08 1.1435E-08 1.1271E-08 1.1101E-08 1.0926E-08 1.0744E-08 1.0555E-08 1.0357E-08 1.0158E-08 9.9618E-09 9.7644E-09 9.5598E-09 9.3538E-09 9.1570E-09 8.9630E-09 8.7727E-09 8.5860E-09 8.4029E-09 8.2243E-09 8.0485E-09 7.8782E-09 7.7130E-09 7.5504E-09
2.1435E-08 2.2713E-08 2.3819E-08 2.4725E-08 2.5395E-08 2.5852E-08 2.6000E-08 2.5873E-08 2.5482E-08 2.4856E-08 2.4058E-08 2.3150E-08 2.2629E-08 2.9068E-08 3.2657E-08 3.1236E-08 2.8675E-08 2.3517E-08 2.0117E-08 1.7676E-08 1.5929E-08 1.5020E-08 1.4158E-08 1.3766E-08 1.3553E-08 1.3373E-08 1.3203E-08 1.3052E-08 1.2915E-08 1.2776E-08 1.2635E-08 1.2488E-08 1.2341E-08 1.2185E-08 1.2025E-08 1.1858E-08 1.1684E-08 1.1498E-08 1.1300E-08 1.1101E-08 1.0899E-08 1.0691E-08 1.0474E-08 1.0256E-08 1.0044E-08 9.8324E-09 9.6152E-09 9.3963E-09 9.1889E-09 8.9855E-09 8.7873E-09 8.5927E-09 8.4036E-09 8.2183E-09 8.0378E-09 7.8623E-09 7.6931E-09
2.3938E-08 2.5443E-08 2.6773E-08 2.7901E-08 2.8773E-08 2.9328E-08 2.9560E-08 2.9491E-08 2.9068E-08 2.8342E-08 2.7426E-08 2.7002E-08 3.7507E-08 4.0304E-08 4.1733E-08 3.9198E-08 3.1838E-08 2.6053E-08 2.2027E-08 1.9288E-08 1.7209E-08 1.6118E-08 1.5216E-08 1.4551E-08 1.4271E-08 1.4054E-08 1.3848E-08 1.3661E-08 1.3501E-08 1.3338E-08 1.3177E-08 1.3012E-08 1.2843E-08 1.2673E-08 1.2491E-08 1.2306E-08 1.2116E-08 1.1913E-08 1.1700E-08 1.1477E-08 1.1254E-08 1.1031E-08 1.0805E-08 1.0572E-08 1.0336E-08 1.0108E-08 9.8821E-09 9.6525E-09 9.4235E-09 9.2060E-09 8.9948E-09 8.7883E-09 8.5870E-09 8.3919E-09 8.2012E-09 8.0159E-09 7.8366E-09
2.6546E-08 2.8333E-08 2.9939E-08 3.1323E-08 3.2394E-08 3.3151E-08 3.3522E-08 3.3452E-08 3.3005E-08 3.2291E-08 3.1491E-08 3.8375E-08 5.2530E-08 5.6883E-08 5.3889E-08 4.3549E-08 3.5330E-08 2.8894E-08 2.4162E-08 2.1192E-08 1.8795E-08 1.7303E-08 1.6326E-08 1.5397E-08 1.5052E-08 1.4775E-08 1.4535E-08 1.4308E-08 1.4121E-08 1.3939E-08 1.3757E-08 1.3572E-08 1.3377E-08 1.3186E-08 1.2983E-08 1.2776E-08 1.2565E-08 1.2348E-08 1.2119E-08 1.1879E-08 1.1632E-08 1.1385E-08 1.1143E-08 1.0897E-08 1.0648E-08 1.0396E-08 1.0152E-08 9.9130E-09 9.6716E-09 9.4351E-09 9.2080E-09 8.9896E-09 8.7755E-09 8.5688E-09 8.3678E-09 8.1730E-09 7.9833E-09
2.9230E-08 3.1317E-08 3.3244E-08 3.4899E-08 3.6266E-08 3.7233E-08 3.7678E-08 3.7745E-08 3.7475E-08 3.6938E-08 4.7748E-08 6.6770E-08 6.6308E-08 7.3557E-08 5.9858E-08 4.8370E-08 3.9161E-08 3.2145E-08 2.6731E-08 2.3247E-08 2.0583E-08 1.8627E-08 1.7481E-08 1.6385E-08 1.5885E-08 1.5546E-08 1.5270E-08 1.5010E-08 1.4784E-08 1.4578E-08 1.4369E-08 1.4162E-08 1.3941E-08 1.3723E-08 1.3501E-08 1.3270E-08 1.3037E-08 1.2797E-08 1.2550E-08 1.2293E-08 1.2030E-08 1.1761E-08 1.1492E-08 1.1229E-08 1.0967E-08 1.0700E-08 1.0436E-08 1.0177E-08 9.9254E-09 9.6734E-09 9.4298E-09 9.1957E-09 8.9698E-09 8.7495E-09 8.5381E-09 8.3325E-09 8.1338E-09
3.1886E-08 3.4326E-08 3.6572E-08 3.8590E-08 4.0217E-08 4.1352E-08 4.2090E-08 4.2453E-08 4.2474E-08 4.4858E-08 6.9541E-08 8.6451E-08 9.8363E-08 8.1393E-08 6.6262E-08 5.3674E-08 4.3626E-08 3.5911E-08 2.9860E-08 2.5603E-08 2.2535E-08 2.0079E-08 1.8694E-08 1.7502E-08 1.6806E-08 1.6381E-08 1.6047E-08 1.5754E-08 1.5482E-08 1.5243E-08 1.5010E-08 1.4781E-08 1.4533E-08 1.4287E-08 1.4037E-08 1.3780E-08 1.3526E-08 1.3262E-08 1.2996E-08 1.2722E-08 1.2439E-08 1.2155E-08 1.1864E-08 1.1574E-08 1.1291E-08 1.1012E-08 1.0730E-08 1.0454E-08 1.0184E-08 9.9188E-09 9.6579E-09 9.4080E-09 9.1679E-09 8.9357E-09 8.7107E-09 8.4947E-09 8.2859E-09
3.4439E-08 3.7222E-08 3.9859E-08 4.2125E-08 4.4013E-08 4.5552E-08 4.6729E-08 4.7546E-08 5.0488E-08 8.4211E-08 9.4986E-08 1.1220E-07 1.0783E-07 8.9350E-08 7.3181E-08 5.9684E-08 4.8830E-08 4.0378E-08 3.3660E-08 2.8502E-08 2.4888E-08 2.1833E-08 2.0082E-08 1.8675E-08 1.7788E-08 1.7264E-08 1.6868E-08 1.6520E-08 1.6211E-08 1.5938E-08 1.5673E-08 1.5416E-08 1.5147E-08 1.4871E-08 1.4595E-08 1.4313E-08 1.4031E-08 1.3748E-08 1.3456E-08 1.3164E-08 1.2862E-08 1.2555E-08 1.2249E-08 1.1938E-08 1.1628E-08 1.1329E-08 1.1034E-08 1.0737E-08 1.0450E-08 1.0170E-08 9.8940E-09 9.6261E-09 9.3709E-09 9.1254E-09 8.8880E-09 8.6596E-09 8.4399E-09
3.6784E-08 3.9913E-08 4.2744E-08 4.5357E-08 4.7708E-08 4.9784E-08 5.1542E-08 5.5780E-08 7.9788E-08 1.1212E-07 1.3997E-07 1.3785E-07 1.1700E-07 9.7808E-08 8.0933E-08 6.6692E-08 5.5195E-08 4.5940E-08 3.8416E-08 3.2349E-08 2.7986E-08 2.4293E-08 2.1982E-08 2.0209E-08 1.8963E-08 1.8211E-08 1.7712E-08 1.7321E-08 1.6967E-08 1.6652E-08 1.6353E-08 1.6072E-08 1.5777E-08 1.5478E-08 1.5177E-08 1.4865E-08 1.4557E-08 1.4248E-08 1.3934E-08 1.3619E-08 1.3297E-08 1.2968E-08 1.2640E-08 1.2313E-08 1.1981E-08 1.1657E-08 1.1342E-08 1.1031E-08 1.0722E-08 1.0426E-08 1.0136E-08 9.8519E-09 9.5784E-09 9.3187E-09 9.0685E-09 8.8274E-09 8.5962E-09
3.8759E-08 4.2032E-08 4.5234E-08 4.8306E-08 5.1220E-08 5.3913E-08 5.6765E-08 8.6906E-08 1.2810E-07 1.4867E-07 1.6853E-07 1.4723E-07 1.2624E-07 1.0670E-07 8.9623E-08 7.5142E-08 6.3321E-08 5.3276E-08 4.4847E-08 3.7752E-08 3.2502E-08 2.8033E-08 2.5022E-08 2.2588E-08 2.0796E-08 1.9636E-08 1.8717E-08 1.8139E-08 1.7742E-08 1.7388E-08 1.7059E-08 1.6748E-08 1.6428E-08 1.6106E-08 1.5778E-08 1.5438E-08 1.5103E-08 1.4764E-08 1.4427E-08 1.4086E-08 1.3746E-08 1.3392E-08 1.3041E-08 1.2692E-08 1.2344E-08 1.1995E-08 1.1656E-08 1.1329E-08 1.1005E-08 1.0686E-08 1.0382E-08 1.0083E-08 9.7918E-09 9.5154E-09 9.2517E-09 8.9980E-09 8.7548E-09
4.0105E-08 4.3691E-08 4.7302E-08 5.0852E-08 5.4361E-08 5.8038E-08 9.2764E-08 1.3648E-07 1.6330E-07 1.9604E-07 1.7638E-07 1.5548E-07 1.3506E-07 1.1634E-07 1.0010E-07 8.6159E-08 7.4081E-08 6.3370E-08 5.4321E-08 4.6116E-08 3.9691E-08 3.4189E-08 4.1769E-08 4.5899E-08 4.7791E-08 4.5748E-08 4.2925E-08 3.9468E-08 3.5643E-08 1.8144E-08 1.7787E-08 1.7444E-08 1.7101E-08 1.6747E-08 1.6395E-08 1.6030E-08 1.5664E-08 1.5298E-08 1.4930E-08 1.4565E-08 1.4200E-08 1.3827E-08 1.3453E-08 1.3080E-08 1.2710E-08 1.2345E-08 1.1980E-08 1.1631E-08 1.1292E-08 1.0955E-08 1.0629E-08 1.0318E-08 1.0011E-08 9.7166E-09 9.4381E-09 9.1707E-09 8.9151E-09
4.0991E-08 4.4878E-08 4.8830E-08 5.2876E-08 5.7150E-08 6.6361E-08 1.2231E-07 1.7572E-07 2.1609E-07 2.0017E-07 1.8158E-07 1.6241E-07 1.4415E-07 1.2764E-07 1.1332E-07 1.0066E-07 8.9141E-08 7.8578E-08 6.8613E-08 5.9394E-08 5.1914E-08 5.0666E-08 5.6420E-08 6.2156E-08 6.3620E-08 6.0829E-08 5.6292E-08 5.0898E-08 4.5036E-08 3.9200E-08 3.3776E-08 1.8160E-08 1.7785E-08 1.7406E-08 1.7031E-08 1.6633E-08 1.6238E-08 1.5847E-08 1.5445E-08 1.5055E-08 1.4662E-08 1.4270E-08 1.3875E-08 1.3476E-08 1.3081E-08 1.2699E-08 1.2314E-08 1.1938E-08 1.1580E-08 1.1229E-08 1.0881E-08 1.0553E-08 1.0234E-08 9.9221E-09 9.6267E-09 9.3463E-09 9.0765E-09
4.1372E-08 4.5474E-08 4.9720E-08 5.4288E-08 6.3169E-08 1.2114E-07 1.4697E-07 2.0401E-07 2.1466E-07 2.0018E-07 1.8418E-07 1.6816E-07 1.5370E-07 1.4134E-07 1.3070E-07 1.2089E-07 1.1122E-07 1.0107E-07 9.1033E-08 8.1684E-08 7.2385E-08 7.1442E-08 1.0478E-07 1.2490E-07 1.2457E-07 1.1438E-07 1.0138E-07 6.5586E-08 5.6829E-08 4.8394E-08 4.0749E-08 3.4201E-08 1.8484E-08 1.8080E-08 1.7671E-08 1.7250E-08 1.6826E-08 1.6402E-08 1.5974E-08 1.5552E-08 1.5134E-08 1.4714E-08 1.4300E-08 1.3879E-08 1.3458E-08 1.3053E-08 1.2651E-08 1.2252E-08 1.1871E-08 1.1503E-08 1.1141E-08 1.0790E-08 1.0456E-08 1.0132E-08 9.8178E-09 9.5226E-09 9.2412E-09
4.1208E-08 4.5378E-08 4.9861E-08 5.5465E-08 9.2516E-08 1.4068E-07 2.0175E-07 2.1734E-07 2.0795E-07 1.9615E-07 1.8380E-07 1.7293E-07 1.6437E-07 1.5830E-07 1.5355E-07 1.4897E-07 1.4328E-07 1.3541E-07 1.2691E-07 1.1730E-07 1.0594E-07 1.1886E-07 1.6369E-07 1.9209E-07 1.8875E-07 1.6744E-07 1.4222E-07 1.1820E-07 9.4973E-08 5.9032E-08 4.8682E-08 3.9977E-08 1.9195E-08 1.8756E-08 1.8324E-08 1.7877E-08 1.7421E-08 1.6969E-08 1.6509E-08 1.6058E-08 1.5613E-08 1.5163E-08 1.4728E-08 1.4287E-08 1.3839E-08 1.3412E-08 1.2988E-08 1.2571E-08 1.2166E-08 1.1778E-08 1.1402E-08 1.1031E-08 1.0678E-08 1.0342E-08 1.0012E-08 9.6995E-09 9.4057E-09
4.0393E-08 4.4615E-08 4.9583E-08 8.3403E-08 1.2581E-07 1.6502E-07 2.0813E-07 2.0365E-07 1.9628E-07 1.8805E-07 1.8104E-07 1.7669E-07 1.7609E-07 1.7851E-07 1.8271E-07 1.8694E-07 1.8817E-07 1.8671E-07 1.8181E-07 1.7188E-07 1.5959E-07 1.8308E-07 3.1794E-07 3.6331E-07 3.3433E-07 2.4324E-07 1.9496E-07 1.5698E-07 1.2293E-07 9.3921E-08 5.7039E-08 4.5985E-08 3.7231E-08 1.9441E-08 1.8982E-08 1.8504E-08 1.8025E-08 1.7543E-08 1.7049E-08 1.6572E-08 1.6094E-08 1.5620E-08 1.5156E-08 1.4695E-08 1.4224E-08 1.3772E-08 1.3326E-08 1.2891E-08 1.2465E-08 1.2055E-08 1.1661E-08 1.1275E-08 1.0903E-08 1.0549E-08 1.0208E-08 9.8769E-09 9.5699E-09
