Assets/Resources/2015_m01_d20_2100(utc+0800)_l00_csi_1hr_conc.grd
DSAA
         159         159
     -79.000      79.000
     -79.000      79.000
  0.3978E-09  0.2131E-04
[rows 0 to 24 of 159, columns 0 to 56 of 159]
1.3122E-09 1.3247E-09 1.3362E-09 1.3468E-09 1.3571E-09 1.3658E-09 1.3750E-09 1.3822E-09 1.3895E-09 1.3957E-09 1.4008E-09 1.4065E-09 1.4103E-09 1.4156E-09 1.4183E-09 1.4226E-09 1.4244E-09 1.4277E-09 1.4286E-09 1.4323E-09 1.4326E-09 1.4346E-09 1.4355E-09 1.4353E-09 1.4352E-09 1.4339E-09 1.4335E-09 1.4317E-09 1.4306E-09 1.4282E-09 1.4262E-09 1.4236E-09 1.4204E-09 1.4179E-09 1.4142E-09 1.4113E-09 1.4071E-09 1.4027E-09 1.3996E-09 1.3948E-09 1.3903E-09 1.3861E-09 1.3808E-09 1.3768E-09 1.3712E-09 1.3654E-09 1.3594E-09 1.3548E-09 1.3486E-09 1.3422E-09 1.3356E-09 1.3289E-09 1.3241E-09 1.3173E-09 1.3103E-09 1.3032E-09 1.2979E-09
1.3359E-09 1.3488E-09 1.3599E-09 1.3708E-09 1.3806E-09 1.3896E-09 1.3983E-09 1.4055E-09 1.4130E-09 1.4187E-09 1.4245E-09 1.4292E-09 1.4342E-09 1.4381E-09 1.4420E-09 1.4449E-09 1.4465E-09 1.4498E-09 1.4505E-09 1.4542E-09 1.4543E-09 1.4575E-09 1.4572E-09 1.4576E-09 1.4566E-09 1.4560E-09 1.4547E-09 1.4531E-09 1.4516E-09 1.4491E-09 1.4473E-09 1.4442E-09 1.4415E-09 1.4383E-09 1.4345E-09 1.4314E-09 1.4271E-09 1.4230E-09 1.4193E-09 1.4143E-09 1.4107E-09 1.4055E-09 1.4000E-09 1.3959E-09 1.3901E-09 1.3842E-09 1.3780E-09 1.3732E-09 1.3669E-09 1.3603E-09 1.3535E-09 1.3480E-09 1.3418E-09 1.3348E-09 1.3276E-09 1.3203E-09 1.3150E-09
1.3598E-09 1.3727E-09 1.3837E-09 1.3950E-09 1.4043E-09 1.4136E-09 1.4218E-09 1.4288E-09 1.4363E-09 1.4419E-09 1.4479E-09 1.4521E-09 1.4577E-09 1.4607E-09 1.4653E-09 1.4673E-09 1.4702E-09 1.4720E-09 1.4737E-09 1.4763E-09 1.4763E-09 1.4795E-09 1.4790E-09 1.4793E-09 1.4782E-09 1.4779E-09 1.4761E-09 1.4751E-09 1.4728E-09 1.4701E-09 1.4682E-09 1.4650E-09 1.4626E-09 1.4589E-09 1.4552E-09 1.4517E-09 1.4472E-09 1.4440E-09 1.4392E-09 1.4341E-09 1.4304E-09 1.4249E-09 1.4198E-09 1.4151E-09 1.4092E-09 1.4031E-09 1.3977E-09 1.3919E-09 1.3853E-09 1.3786E-09 1.3716E-09 1.3667E-09 1.3597E-09 1.3525E-09 1.3451E-09 1.3383E-09 1.3323E-09
1.3847E-09 1.3968E-09 1.4080E-09 1.4189E-09 1.4281E-09 1.4378E-09 1.4454E-09 1.4531E-09 1.4597E-09 1.4651E-09 1.4710E-09 1.4751E-09 1.4806E-09 1.4835E-09 1.4880E-09 1.4899E-09 1.4934E-09 1.4943E-09 1.4982E-09 1.4985E-09 1.5006E-09 1.5016E-09 1.5014E-09 1.5012E-09 1.5000E-09 1.4995E-09 1.4977E-09 1.4966E-09 1.4941E-09 1.4920E-09 1.4893E-09 1.4860E-09 1.4834E-09 1.4796E-09 1.4765E-09 1.4721E-09 1.4675E-09 1.4643E-09 1.4592E-09 1.4550E-09 1.4502E-09 1.4446E-09 1.4404E-09 1.4345E-09 1.4284E-09 1.4221E-09 1.4172E-09 1.4107E-09 1.4040E-09 1.3970E-09 1.3899E-09 1.3849E-09 1.3777E-09 1.3703E-09 1.3628E-09 1.3573E-09 1.3497E-09
1.4093E-09 1.4209E-09 1.4325E-09 1.4429E-09 1.4524E-09 1.4616E-09 1.4692E-09 1.4772E-09 1.4832E-09 1.4893E-09 1.4943E-09 1.4996E-09 1.5037E-09 1.5078E-09 1.5109E-09 1.5125E-09 1.5160E-09 1.5168E-09 1.5206E-09 1.5208E-09 1.5241E-09 1.5238E-09 1.5243E-09 1.5233E-09 1.5227E-09 1.5214E-09 1.5197E-09 1.5182E-09 1.5156E-09 1.5138E-09 1.5106E-09 1.5078E-09 1.5045E-09 1.5005E-09 1.4973E-09 1.4928E-09 1.4890E-09 1.4847E-09 1.4795E-09 1.4757E-09 1.4702E-09 1.4645E-09 1.4602E-09 1.4541E-09 1.4479E-09 1.4414E-09 1.4364E-09 1.4297E-09 1.4228E-09 1.4157E-09 1.4105E-09 1.4033E-09 1.3959E-09 1.3883E-09 1.3806E-09 1.3751E-09 1.3673E-09
1.4337E-09 1.4452E-09 1.4571E-09 1.4671E-09 1.4769E-09 1.4856E-09 1.4930E-09 1.5010E-09 1.5069E-09 1.5132E-09 1.5177E-09 1.5236E-09 1.5268E-09 1.5316E-09 1.5338E-09 1.5368E-09 1.5388E-09 1.5405E-09 1.5433E-09 1.5433E-09 1.5467E-09 1.5462E-09 1.5466E-09 1.5455E-09 1.5452E-09 1.5434E-09 1.5424E-09 1.5400E-09 1.5372E-09 1.5354E-09 1.5320E-09 1.5295E-09 1.5257E-09 1.5219E-09 1.5182E-09 1.5136E-09 1.5103E-09 1.5053E-09 1.4999E-09 1.4961E-09 1.4904E-09 1.4856E-09 1.4801E-09 1.4739E-09 1.4675E-09 1.4625E-09 1.4558E-09 1.4489E-09 1.4418E-09 1.4345E-09 1.4293E-09 1.4219E-09 1.4143E-09 1.4065E-09 1.4001E-09 1.3930E-09 1.3856E-09
1.4582E-09 1.4696E-09 1.4815E-09 1.4913E-09 1.5015E-09 1.5097E-09 1.5178E-09 1.5248E-09 1.5306E-09 1.5369E-09 1.5412E-09 1.5470E-09 1.5501E-09 1.5549E-09 1.5569E-09 1.5606E-09 1.5616E-09 1.5656E-09 1.5660E-09 1.5683E-09 1.5693E-09 1.5692E-09 1.5691E-09 1.5679E-09 1.5675E-09 1.5656E-09 1.5645E-09 1.5620E-09 1.5598E-09 1.5571E-09 1.5537E-09 1.5511E-09 1.5471E-09 1.5439E-09 1.5394E-09 1.5346E-09 1.5312E-09 1.5260E-09 1.5216E-09 1.5166E-09 1.5108E-09 1.5064E-09 1.5003E-09 1.4939E-09 1.4873E-09 1.4822E-09 1.4753E-09 1.4682E-09 1.4610E-09 1.4542E-09 1.4482E-09 1.4406E-09 1.4329E-09 1.4249E-09 1.4191E-09 1.4117E-09 1.4042E-09
1.4828E-09 1.4950E-09 1.5060E-09 1.5157E-09 1.5259E-09 1.5339E-09 1.5424E-09 1.5488E-09 1.5548E-09 1.5606E-09 1.5655E-09 1.5705E-09 1.5750E-09 1.5782E-09 1.5800E-09 1.5837E-09 1.5846E-09 1.5886E-09 1.5889E-09 1.5924E-09 1.5922E-09 1.5927E-09 1.5918E-09 1.5912E-09 1.5899E-09 1.5883E-09 1.5867E-09 1.5841E-09 1.5823E-09 1.5790E-09 1.5762E-09 1.5728E-09 1.5686E-09 1.5654E-09 1.5607E-09 1.5568E-09 1.5523E-09 1.5470E-09 1.5430E-09 1.5373E-09 1.5313E-09 1.5269E-09 1.5206E-09 1.5141E-09 1.5078E-09 1.5021E-09 1.4950E-09 1.4878E-09 1.4803E-09 1.4749E-09 1.4673E-09 1.4596E-09 1.4516E-09 1.4440E-09 1.4388E-09 1.4318E-09 1.4252E-09
1.5075E-09 1.5201E-09 1.5306E-09 1.5410E-09 1.5503E-09 1.5582E-09 1.5666E-09 1.5729E-09 1.5797E-09 1.5844E-09 1.5907E-09 1.5942E-09 1.5993E-09 1.6016E-09 1.6048E-09 1.6069E-09 1.6088E-09 1.6118E-09 1.6119E-09 1.6154E-09 1.6151E-09 1.6156E-09 1.6145E-09 1.6143E-09 1.6125E-09 1.6112E-09 1.6091E-09 1.6064E-09 1.6045E-09 1.6011E-09 1.5986E-09 1.5946E-09 1.5907E-09 1.5870E-09 1.5822E-09 1.5788E-09 1.5736E-09 1.5681E-09 1.5641E-09 1.5582E-09 1.5532E-09 1.5476E-09 1.5411E-09 1.5344E-09 1.5291E-09 1.5222E-09 1.5149E-09 1.5075E-09 1.4998E-09 1.4944E-09 1.4866E-09 1.4787E-09 1.4705E-09 1.4657E-09 1.4588E-09 1.4519E-09 1.4461E-09
1.5323E-09 1.5448E-09 1.5552E-09 1.5660E-09 1.5748E-09 1.5830E-09 1.5909E-09 1.5970E-09 1.6037E-09 1.6083E-09 1.6145E-09 1.6179E-09 1.6229E-09 1.6251E-09 1.6291E-09 1.6303E-09 1.6333E-09 1.6350E-09 1.6375E-09 1.6386E-09 1.6386E-09 1.6386E-09 1.6374E-09 1.6371E-09 1.6352E-09 1.6342E-09 1.6317E-09 1.6296E-09 1.6269E-09 1.6233E-09 1.6207E-09 1.6167E-09 1.6134E-09 1.6088E-09 1.6038E-09 1.6004E-09 1.5951E-09 1.5906E-09 1.5854E-09 1.5793E-09 1.5748E-09 1.5684E-09 1.5618E-09 1.5549E-09 1.5496E-09 1.5424E-09 1.5350E-09 1.5274E-09 1.5211E-09 1.5141E-09 1.5061E-09 1.4985E-09 1.4927E-09 1.4881E-09 1.4819E-09 1.4741E-09 1.4686E-09
1.5576E-09 1.5697E-09 1.5799E-09 1.5907E-09 1.5993E-09 1.6083E-09 1.6152E-09 1.6217E-09 1.6279E-09 1.6331E-09 1.6385E-09 1.6424E-09 1.6467E-09 1.6487E-09 1.6527E-09 1.6537E-09 1.6580E-09 1.6584E-09 1.6621E-09 1.6620E-09 1.6622E-09 1.6618E-09 1.6613E-09 1.6601E-09 1.6585E-09 1.6571E-09 1.6544E-09 1.6526E-09 1.6494E-09 1.6465E-09 1.6431E-09 1.6389E-09 1.6356E-09 1.6308E-09 1.6269E-09 1.6222E-09 1.6167E-09 1.6127E-09 1.6068E-09 1.6006E-09 1.5960E-09 1.5895E-09 1.5827E-09 1.5762E-09 1.5702E-09 1.5629E-09 1.5553E-09 1.5475E-09 1.5419E-09 1.5351E-09 1.5283E-09 1.5214E-09 1.5152E-09 1.5108E-09 1.5048E-09 1.4995E-09 1.4943E-09
1.5834E-09 1.5946E-09 1.6052E-09 1.6155E-09 1.6239E-09 1.6329E-09 1.6397E-09 1.6464E-09 1.6520E-09 1.6587E-09 1.6625E-09 1.6679E-09 1.6705E-09 1.6732E-09 1.6763E-09 1.6772E-09 1.6816E-09 1.6818E-09 1.6856E-09 1.6854E-09 1.6861E-09 1.6851E-09 1.6849E-09 1.6833E-09 1.6820E-09 1.6800E-09 1.6773E-09 1.6755E-09 1.6721E-09 1.6696E-09 1.6656E-09 1.6616E-09 1.6579E-09 1.6529E-09 1.6496E-09 1.6442E-09 1.6385E-09 1.6345E-09 1.6284E-09 1.6232E-09 1.6174E-09 1.6107E-09 1.6037E-09 1.5983E-09 1.5911E-09 1.5835E-09 1.5758E-09 1.5678E-09 1.5621E-09 1.5562E-09 1.5506E-09 1.5438E-09 1.5402E-09 1.5345E-09 1.5289E-09 1.5240E-09 1.5192E-09
1.6085E-09 1.6195E-09 1.6310E-09 1.6403E-09 1.6491E-09 1.6575E-09 1.6641E-09 1.6713E-09 1.6763E-09 1.6829E-09 1.6865E-09 1.6920E-09 1.6944E-09 1.6986E-09 1.7000E-09 1.7033E-09 1.7052E-09 1.7066E-09 1.7093E-09 1.7090E-09 1.7096E-09 1.7085E-09 1.7083E-09 1.7065E-09 1.7056E-09 1.7032E-09 1.7011E-09 1.6984E-09 1.6949E-09 1.6924E-09 1.6882E-09 1.6850E-09 1.6803E-09 1.6753E-09 1.6718E-09 1.6663E-09 1.6617E-09 1.6564E-09 1.6502E-09 1.6456E-09 1.6390E-09 1.6321E-09 1.6250E-09 1.6195E-09 1.6121E-09 1.6044E-09 1.5964E-09 1.5914E-09 1.5858E-09 1.5803E-09 1.5743E-09 1.5683E-09 1.5651E-09 1.5596E-09 1.5549E-09 1.5487E-09 1.5529E-09
1.6336E-09 1.6445E-09 1.6559E-09 1.6651E-09 1.6743E-09 1.6822E-09 1.6891E-09 1.6957E-09 1.7014E-09 1.7072E-09 1.7115E-09 1.7161E-09 1.7183E-09 1.7226E-09 1.7238E-09 1.7284E-09 1.7290E-09 1.7317E-09 1.7330E-09 1.7335E-09 1.7332E-09 1.7325E-09 1.7318E-09 1.7299E-09 1.7290E-09 1.7264E-09 1.7248E-09 1.7215E-09 1.7187E-09 1.7153E-09 1.7111E-09 1.7078E-09 1.7030E-09 1.6990E-09 1.6943E-09 1.6887E-09 1.6846E-09 1.6786E-09 1.6722E-09 1.6675E-09 1.6608E-09 1.6537E-09 1.6476E-09 1.6409E-09 1.6333E-09 1.6254E-09 1.6172E-09 1.6131E-09 1.6086E-09 1.6046E-09 1.5989E-09 1.5950E-09 1.5907E-09 1.5857E-09 1.5837E-09 1.5798E-09 1.5919E-09
1.6587E-09 1.6700E-09 1.6809E-09 1.6900E-09 1.6995E-09 1.7068E-09 1.7141E-09 1.7202E-09 1.7265E-09 1.7315E-09 1.7365E-09 1.7402E-09 1.7432E-09 1.7466E-09 1.7477E-09 1.7524E-09 1.7528E-09 1.7569E-09 1.7569E-09 1.7578E-09 1.7570E-09 1.7570E-09 1.7555E-09 1.7543E-09 1.7525E-09 1.7498E-09 1.7481E-09 1.7448E-09 1.7424E-09 1.7384E-09 1.7345E-09 1.7307E-09 1.7257E-09 1.7224E-09 1.7169E-09 1.7111E-09 1.7071E-09 1.7009E-09 1.6956E-09 1.6896E-09 1.6827E-09 1.6755E-09 1.6700E-09 1.6625E-09 1.6547E-09 1.6466E-09 1.6399E-09 1.6389E-09 1.6348E-09 1.6293E-09 1.6238E-09 1.6211E-09 1.6162E-09 1.6120E-09 1.6056E-09 1.6033E-09 1.6175E-09
1.6838E-09 1.6955E-09 1.7059E-09 1.7148E-09 1.7244E-09 1.7315E-09 1.7392E-09 1.7447E-09 1.7518E-09 1.7558E-09 1.7616E-09 1.7644E-09 1.7681E-09 1.7706E-09 1.7729E-09 1.7764E-09 1.7780E-09 1.7810E-09 1.7809E-09 1.7817E-09 1.7808E-09 1.7808E-09 1.7792E-09 1.7785E-09 1.7761E-09 1.7742E-09 1.7716E-09 1.7682E-09 1.7657E-09 1.7617E-09 1.7585E-09 1.7538E-09 1.7487E-09 1.7453E-09 1.7397E-09 1.7351E-09 1.7297E-09 1.7234E-09 1.7187E-09 1.7119E-09 1.7049E-09 1.6975E-09 1.6919E-09 1.6842E-09 1.6762E-09 1.6680E-09 1.6655E-09 1.6625E-09 1.6588E-09 1.6536E-09 1.6484E-09 1.6461E-09 1.6416E-09 1.6378E-09 1.6341E-09 1.6440E-09 1.6532E-09
1.7090E-09 1.7211E-09 1.7309E-09 1.7407E-09 1.7492E-09 1.7563E-09 1.7639E-09 1.7692E-09 1.7763E-09 1.7802E-09 1.7860E-09 1.7886E-09 1.7932E-09 1.7947E-09 1.7983E-09 1.8005E-09 1.8035E-09 1.8051E-09 1.8054E-09 1.8057E-09 1.8052E-09 1.8048E-09 1.8031E-09 1.8023E-09 1.7999E-09 1.7984E-09 1.7953E-09 1.7922E-09 1.7893E-09 1.7851E-09 1.7819E-09 1.7770E-09 1.7731E-09 1.7684E-09 1.7627E-09 1.7587E-09 1.7525E-09 1.7460E-09 1.7413E-09 1.7344E-09 1.7272E-09 1.7210E-09 1.7140E-09 1.7062E-09 1.6980E-09 1.6921E-09 1.6930E-09 1.6894E-09 1.6842E-09 1.6791E-09 1.6767E-09 1.6723E-09 1.6669E-09 1.6625E-09 1.6592E-09 1.6746E-09 1.6893E-09
1.7341E-09 1.7462E-09 1.7559E-09 1.7661E-09 1.7740E-09 1.7815E-09 1.7885E-09 1.7945E-09 1.8008E-09 1.8054E-09 1.8104E-09 1.8128E-09 1.8175E-09 1.8188E-09 1.8239E-09 1.8246E-09 1.8291E-09 1.8293E-09 1.8305E-09 1.8299E-09 1.8298E-09 1.8289E-09 1.8275E-09 1.8263E-09 1.8238E-09 1.8223E-09 1.8191E-09 1.8168E-09 1.8129E-09 1.8091E-09 1.8054E-09 1.8005E-09 1.7972E-09 1.7917E-09 1.7859E-09 1.7818E-09 1.7755E-09 1.7702E-09 1.7641E-09 1.7571E-09 1.7497E-09 1.7440E-09 1.7363E-09 1.7283E-09 1.7200E-09 1.7185E-09 1.7166E-09 1.7132E-09 1.7082E-09 1.7033E-09 1.7014E-09 1.6971E-09 1.6937E-09 1.6924E-09 1.6949E-09 1.7107E-09 1.7207E-09
1.7597E-09 1.7713E-09 1.7809E-09 1.7911E-09 1.7989E-09 1.8067E-09 1.8132E-09 1.8208E-09 1.8253E-09 1.8316E-09 1.8347E-09 1.8380E-09 1.8417E-09 1.8430E-09 1.8482E-09 1.8488E-09 1.8534E-09 1.8536E-09 1.8547E-09 1.8541E-09 1.8544E-09 1.8530E-09 1.8525E-09 1.8504E-09 1.8483E-09 1.8463E-09 1.8430E-09 1.8407E-09 1.8368E-09 1.8337E-09 1.8291E-09 1.8240E-09 1.8207E-09 1.8152E-09 1.8105E-09 1.8051E-09 1.7987E-09 1.7940E-09 1.7871E-09 1.7800E-09 1.7724E-09 1.7667E-09 1.7588E-09 1.7506E-09 1.7465E-09 1.7439E-09 1.7405E-09 1.7381E-09 1.7333E-09 1.7296E-09 1.7272E-09 1.7226E-09 1.7195E-09 1.7165E-09 1.7297E-09 1.7465E-09 1.7482E-09
1.7854E-09 1.7964E-09 1.8064E-09 1.8160E-09 1.8237E-09 1.8319E-09 1.8378E-09 1.8454E-09 1.8498E-09 1.8561E-09 1.8591E-09 1.8641E-09 1.8660E-09 1.8700E-09 1.8725E-09 1.8745E-09 1.8778E-09 1.8784E-09 1.8791E-09 1.8784E-09 1.8788E-09 1.8773E-09 1.8768E-09 1.8746E-09 1.8734E-09 1.8705E-09 1.8675E-09 1.8648E-09 1.8607E-09 1.8577E-09 1.8529E-09 1.8491E-09 1.8445E-09 1.8388E-09 1.8348E-09 1.8286E-09 1.8220E-09 1.8173E-09 1.8103E-09 1.8030E-09 1.7967E-09 1.7896E-09 1.7815E-09 1.7731E-09 1.7719E-09 1.7709E-09 1.7690E-09 1.7643E-09 1.7597E-09 1.7582E-09 1.7561E-09 1.7533E-09 1.7489E-09 1.7462E-09 1.7653E-09 1.7807E-09 1.7817E-09
1.8110E-09 1.8214E-09 1.8318E-09 1.8408E-09 1.8489E-09 1.8566E-09 1.8632E-09 1.8700E-09 1.8751E-09 1.8806E-09 1.8835E-09 1.8885E-09 1.8903E-09 1.8958E-09 1.8969E-09 1.9003E-09 1.9023E-09 1.9033E-09 1.9036E-09 1.9038E-09 1.9032E-09 1.9021E-09 1.9012E-09 1.8989E-09 1.8977E-09 1.8947E-09 1.8922E-09 1.8890E-09 1.8853E-09 1.8817E-09 1.8769E-09 1.8737E-09 1.8684E-09 1.8626E-09 1.8586E-09 1.8523E-09 1.8470E-09 1.8409E-09 1.8337E-09 1.8262E-09 1.8205E-09 1.8126E-09 1.8044E-09 1.7958E-09 1.7979E-09 1.7968E-09 1.7941E-09 1.7897E-09 1.7854E-09 1.7844E-09 1.7809E-09 1.7782E-09 1.7758E-09 1.7880E-09 1.8033E-09 1.8095E-09 1.8108E-09
1.8360E-09 1.8463E-09 1.8572E-09 1.8657E-09 1.8741E-09 1.8813E-09 1.8887E-09 1.8946E-09 1.9005E-09 1.9050E-09 1.9088E-09 1.9129E-09 1.9146E-09 1.9202E-09 1.9212E-09 1.9263E-09 1.9268E-09 1.9284E-09 1.9281E-09 1.9287E-09 1.9277E-09 1.9271E-09 1.9257E-09 1.9238E-09 1.9222E-09 1.9191E-09 1.9171E-09 1.9133E-09 1.9100E-09 1.9060E-09 1.9010E-09 1.8979E-09 1.8924E-09 1.8879E-09 1.8825E-09 1.8761E-09 1.8714E-09 1.8646E-09 1.8573E-09 1.8496E-09 1.8439E-09 1.8359E-09 1.8275E-09 1.8264E-09 1.8277E-09 1.8261E-09 1.8219E-09 1.8177E-09 1.8147E-09 1.8132E-09 1.8107E-09 1.8058E-09 1.8037E-09 1.8206E-09 1.8386E-09 1.8417E-09 1.8437E-09
1.8610E-09 1.8712E-09 1.8821E-09 1.8904E-09 1.8993E-09 1.9059E-09 1.9141E-09 1.9191E-09 1.9259E-09 1.9295E-09 1.9341E-09 1.9373E-09 1.9403E-09 1.9447E-09 1.9456E-09 1.9509E-09 1.9514E-09 1.9530E-09 1.9526E-09 1.9534E-09 1.9522E-09 1.9522E-09 1.9503E-09 1.9489E-09 1.9467E-09 1.9436E-09 1.9416E-09 1.9378E-09 1.9349E-09 1.9304E-09 1.9260E-09 1.9222E-09 1.9166E-09 1.9128E-09 1.9067E-09 1.9001E-09 1.8955E-09 1.8884E-09 1.8810E-09 1.8746E-09 1.8675E-09 1.8593E-09 1.8507E-09 1.8531E-09 1.8531E-09 1.8508E-09 1.8467E-09 1.8428E-09 1.8420E-09 1.8389E-09 1.8366E-09 1.8346E-09 1.8363E-09 1.8573E-09 1.8700E-09 1.8721E-09 1.8744E-09
1.8878E-09 1.8985E-09 1.9089E-09 1.9172E-09 1.9262E-09 1.9327E-09 1.9410E-09 1.9459E-09 1.9529E-09 1.9564E-09 1.9620E-09 1.9643E-09 1.9689E-09 1.9719E-09 1.9758E-09 1.9783E-09 1.9792E-09 1.9804E-09 1.9805E-09 1.9808E-09 1.9797E-09 1.9796E-09 1.9777E-09 1.9767E-09 1.9740E-09 1.9718E-09 1.9688E-09 1.9648E-09 1.9619E-09 1.9572E-09 1.9541E-09 1.9487E-09 1.9428E-09 1.9389E-09 1.9325E-09 1.9271E-09 1.9209E-09 1.9134E-09 1.9054E-09 1.8992E-09 1.8913E-09 1.8829E-09 1.8802E-09 1.8848E-09 1.8845E-09 1.8807E-09 1.8771E-09 1.8737E-09 1.8730E-09 1.8690E-09 1.8674E-09 1.8660E-09 1.8804E-09 1.8994E-09 1.9065E-09 1.9094E-09 1.9125E-09
1.9128E-09 1.9241E-09 1.9339E-09 1.9426E-09 1.9510E-09 1.9583E-09 1.9658E-09 1.9716E-09 1.9777E-09 1.9811E-09 1.9868E-09 1.9890E-09 1.9952E-09 1.9998E-09 2.0059E-09 2.0076E-09 2.0097E-09 2.0110E-09 2.0122E-09 2.0127E-09 2.0126E-09 2.0126E-09 2.0112E-09 2.0019E-09 1.9992E-09 1.9975E-09 1.9939E-09 1.9909E-09 1.9870E-09 1.9821E-09 1.9790E-09 1.9735E-09 1.9683E-09 1.9636E-09 1.9571E-09 1.9525E-09 1.9455E-09 1.9380E-09 1.9297E-09 1.9237E-09 1.9152E-09 1.9067E-09 1.9104E-09 1.9119E-09 1.9101E-09 1.9065E-09 1.9031E-09 1.9009E-09 1.9004E-09 1.8988E-09 1.8965E-09 1.8934E-09 1.9177E-09 1.9351E-09 1.9383E-09 1.9417E-09 1.9453E-09
