Assets/Resources/2015_m01_d12_0100(utc+0800)_l00_csi_1hr_conc.grd
DSAA
         159         159
     -79.000      79.000
     -79.000      79.000
  0.0000E+00  0.3637E-05
[rows 25 to 49 of 159, columns 57 to 113 of 159]
2.7178E-10 3.0802E-10 3.4888E-10 3.9622E-10 4.5215E-10 5.1696E-10 5.9127E-10 6.7389E-10 7.6176E-10 8.6214E-10 9.8773E-10 1.1448E-09 1.3464E-09 1.7167E-09 2.1775E-09 2.8052E-09 3.7496E-09 4.9787E-09 6.5393E-09 8.5363E-09 1.1033E-08 1.4033E-08 1.7503E-08 2.1366E-08 2.5469E-08 2.9615E-08 3.3569E-08 3.7102E-08 3.9984E-08 4.2022E-08 4.3090E-08 4.3159E-08 4.2242E-08 4.0432E-08 3.7903E-08 3.4814E-08 3.1352E-08 2.7719E-08 2.4086E-08 2.0569E-08 1.7285E-08 1.4293E-08 1.1643E-08 9.3482E-09 7.3948E-09 5.7767E-09 4.4451E-09 3.3626E-09 2.5146E-09 1.8546E-09 1.3476E-09 9.5601E-10 6.7347E-10 4.5105E-10 2.7642E-10 1.6037E-10 8.3784E-11
2.1482E-10 2.4243E-10 2.7293E-10 3.0880E-10 3.5092E-10 4.0122E-10 4.6065E-10 5.2950E-10 6.0132E-10 6.7536E-10 7.7065E-10 8.9576E-10 1.0830E-09 1.4420E-09 1.9154E-09 2.5669E-09 3.5283E-09 4.8328E-09 6.5116E-09 8.6800E-09 1.1382E-08 1.4641E-08 1.8411E-08 2.2587E-08 2.6993E-08 3.1400E-08 3.5559E-08 3.9187E-08 4.2028E-08 4.3925E-08 4.4756E-08 4.4493E-08 4.3187E-08 4.0990E-08 3.8069E-08 3.4642E-08 3.0912E-08 2.7069E-08 2.3292E-08 1.9704E-08 1.6393E-08 1.3435E-08 1.0839E-08 8.6295E-09 6.7662E-09 5.2394E-09 3.9898E-09 2.9934E-09 2.2241E-09 1.6241E-09 1.1680E-09 8.2808E-10 5.7533E-10 3.6535E-10 2.1926E-10 1.2388E-10 5.0148E-11
1.6353E-10 1.8594E-10 2.0822E-10 2.3387E-10 2.6643E-10 3.0520E-10 3.5144E-10 4.0565E-10 4.6397E-10 5.2467E-10 5.8757E-10 6.8283E-10 8.4962E-10 1.2030E-09 1.7117E-09 2.3962E-09 3.4021E-09 4.8094E-09 6.6315E-09 8.9936E-09 1.1956E-08 1.5525E-08 1.9646E-08 2.4177E-08 2.8917E-08 3.3600E-08 3.7919E-08 4.1581E-08 4.4340E-08 4.6005E-08 4.6484E-08 4.5798E-08 4.4044E-08 4.1398E-08 3.8051E-08 3.4256E-08 3.0244E-08 2.6212E-08 2.2299E-08 1.8662E-08 1.5366E-08 1.2463E-08 9.9575E-09 7.8495E-09 6.0957E-09 4.6709E-09 3.5202E-09 2.6238E-09 1.9310E-09 1.3946E-09 9.9762E-10 6.9945E-10 4.6405E-10 2.8956E-10 1.6524E-10 7.3399E-11 9.6373E-12
1.1532E-10 1.3335E-10 1.5399E-10 1.7416E-10 1.9854E-10 2.2694E-10 2.6287E-10 3.0225E-10 3.4493E-10 3.9508E-10 4.4635E-10 5.1279E-10 6.5777E-10 1.0146E-09 1.5518E-09 2.2902E-09 3.3671E-09 4.8901E-09 6.9004E-09 9.5113E-09 1.2780E-08 1.6710E-08 2.1216E-08 2.6132E-08 3.1216E-08 3.6142E-08 4.0593E-08 4.4245E-08 4.6830E-08 4.8181E-08 4.8242E-08 4.7048E-08 4.4763E-08 4.1590E-08 3.7801E-08 3.3641E-08 2.9337E-08 2.5115E-08 2.1124E-08 1.7459E-08 1.4217E-08 1.1401E-08 9.0149E-09 7.0245E-09 5.4011E-09 4.0883E-09 3.0590E-09 2.2547E-09 1.6432E-09 1.1747E-09 8.3199E-10 5.6287E-10 3.7009E-10 2.1743E-10 9.3964E-11 1.6966E-11 2.8756E-12
8.0553E-11 9.5117E-11 1.1153E-10 1.2901E-10 1.4753E-10 1.6872E-10 1.9321E-10 2.1960E-10 2.4942E-10 2.8427E-10 3.2741E-10 3.7414E-10 5.2507E-10 8.6030E-10 1.4370E-09 2.2416E-09 3.4136E-09 5.0940E-09 7.3241E-09 1.0220E-08 1.3846E-08 1.8183E-08 2.3128E-08 2.8468E-08 3.3895E-08 3.9066E-08 4.3604E-08 4.7147E-08 4.9465E-08 5.0398E-08 4.9921E-08 4.8147E-08 4.5268E-08 4.1540E-08 3.7274E-08 3.2737E-08 2.8184E-08 2.3799E-08 1.9757E-08 1.6127E-08 1.2968E-08 1.0275E-08 8.0317E-09 6.1815E-09 4.6975E-09 3.5209E-09 2.6057E-09 1.8973E-09 1.3692E-09 9.7118E-10 6.7141E-10 4.4111E-10 2.6847E-10 1.1733E-10 2.6324E-11 7.2159E-12 0.0000E+00
5.8912E-11 7.0395E-11 8.2838E-11 9.6655E-11 1.1189E-10 1.2700E-10 1.4354E-10 1.6107E-10 1.8080E-10 2.0393E-10 2.3717E-10 2.9188E-10 4.4664E-10 7.6294E-10 1.3707E-09 2.2539E-09 3.5475E-09 5.3977E-09 7.8863E-09 1.1116E-08 1.5154E-08 1.9954E-08 2.5374E-08 3.1147E-08 3.6932E-08 4.2305E-08 4.6851E-08 5.0233E-08 5.2186E-08 5.2584E-08 5.1473E-08 4.9015E-08 4.5479E-08 4.1184E-08 3.6430E-08 3.1531E-08 2.6762E-08 2.2289E-08 1.8238E-08 1.4692E-08 1.1653E-08 9.1136E-09 7.0288E-09 5.3401E-09 4.0143E-09 2.9737E-09 2.1730E-09 1.5646E-09 1.1205E-09 7.7673E-10 5.1677E-10 3.0947E-10 1.5043E-10 3.9106E-11 1.2548E-11 1.4091E-13 0.0000E+00
4.1354E-11 5.0639E-11 6.0050E-11 7.0164E-11 8.1951E-11 9.3688E-11 1.0512E-10 1.1685E-10 1.3038E-10 1.4556E-10 1.7028E-10 2.3645E-10 3.8868E-10 7.0448E-10 1.3625E-09 2.3272E-09 3.7514E-09 5.7983E-09 8.5712E-09 1.2176E-08 1.6665E-08 2.1972E-08 2.7899E-08 3.4139E-08 4.0261E-08 4.5798E-08 5.0309E-08 5.3411E-08 5.4863E-08 5.4625E-08 5.2789E-08 4.9592E-08 4.5347E-08 4.0437E-08 3.5240E-08 3.0050E-08 2.5104E-08 2.0603E-08 1.6604E-08 1.3172E-08 1.0302E-08 7.9403E-09 6.0381E-09 4.5329E-09 3.3622E-09 2.4588E-09 1.7744E-09 1.2654E-09 8.7984E-10 5.8179E-10 3.5326E-10 1.7358E-10 5.1354E-11 1.8322E-11 1.0842E-12 0.0000E+00 0.0000E+00
2.5017E-11 3.2825E-11 4.0574E-11 4.8572E-11 5.7073E-11 6.6640E-11 7.4671E-11 8.2548E-11 9.0981E-11 9.9601E-11 1.1751E-10 1.9057E-10 3.5270E-10 7.0084E-10 1.3779E-09 2.4452E-09 4.0283E-09 6.2858E-09 9.3593E-09 1.3377E-08 1.8365E-08 2.4217E-08 3.0694E-08 3.7401E-08 4.3845E-08 4.9506E-08 5.3863E-08 5.6579E-08 5.7440E-08 5.6441E-08 5.3771E-08 4.9758E-08 4.4808E-08 3.9343E-08 3.3719E-08 2.8286E-08 2.3256E-08 1.8761E-08 1.4886E-08 1.1615E-08 8.9446E-09 6.7926E-09 5.0938E-09 3.7702E-09 2.7551E-09 1.9899E-09 1.4157E-09 9.7955E-10 6.4961E-10 3.9271E-10 2.0037E-10 6.5672E-11 2.4326E-11 2.7579E-12 0.0000E+00 0.0000E+00 0.0000E+00
1.2368E-11 1.7370E-11 2.3453E-11 2.9154E-11 3.5278E-11 4.2677E-11 4.7980E-11 5.2226E-11 5.7836E-11 6.3603E-11 7.8653E-11 1.5831E-10 3.5374E-10 7.1758E-10 1.4226E-09 2.6099E-09 4.3525E-09 6.8429E-09 1.0251E-08 1.4704E-08 2.0216E-08 2.6643E-08 3.3671E-08 4.0840E-08 4.7572E-08 5.3259E-08 5.7399E-08 5.9618E-08 5.9753E-08 5.7911E-08 5.4362E-08 4.9512E-08 4.3852E-08 3.7845E-08 3.1884E-08 2.6279E-08 2.1234E-08 1.6827E-08 1.3122E-08 1.0063E-08 7.6250E-09 5.7052E-09 4.2087E-09 3.0649E-09 2.2034E-09 1.5689E-09 1.0896E-09 7.0783E-10 4.2164E-10 2.1739E-10 7.5612E-11 3.0671E-11 4.9286E-12 0.0000E+00 0.0000E+00 0.0000E+00 0.0000E+00
3.8819E-12 6.4360E-12 1.0240E-11 1.4496E-11 1.7928E-11 2.2518E-11 2.5407E-11 2.8573E-11 3.1822E-11 3.5105E-11 5.0134E-11 1.5547E-10 3.6197E-10 7.4624E-10 1.5010E-09 2.7988E-09 4.7149E-09 7.4474E-09 1.1206E-08 1.6120E-08 2.2180E-08 2.9197E-08 3.6792E-08 4.4399E-08 5.1354E-08 5.7001E-08 6.0794E-08 6.2377E-08 6.1704E-08 5.8936E-08 5.4467E-08 4.8798E-08 4.2471E-08 3.5990E-08 2.9774E-08 2.4074E-08 1.9078E-08 1.4851E-08 1.1359E-08 8.5565E-09 6.3728E-09 4.6911E-09 3.3999E-09 2.4347E-09 1.7190E-09 1.1892E-09 7.7139E-10 4.5656E-10 2.3918E-10 8.7302E-11 3.4302E-11 7.2762E-12 0.0000E+00 0.0000E+00 0.0000E+00 0.0000E+00 0.0000E+00
1.2844E-13 8.2102E-13 2.2606E-12 4.3795E-12 6.8179E-12 8.5908E-12 9.9864E-12 1.1628E-11 1.2460E-11 1.5179E-11 3.4399E-11 1.4154E-10 3.6976E-10 8.0760E-10 1.6067E-09 3.0105E-09 5.0922E-09 8.0645E-09 1.2191E-08 1.7580E-08 2.4205E-08 3.1817E-08 3.9951E-08 4.7941E-08 5.5057E-08 6.0567E-08 6.3901E-08 6.4779E-08 6.3198E-08 5.9449E-08 5.4036E-08 4.7556E-08 4.0647E-08 3.3788E-08 2.7389E-08 2.1725E-08 1.6869E-08 1.2877E-08 9.6525E-09 7.1307E-09 5.2158E-09 3.7732E-09 2.6816E-09 1.8816E-09 1.2893E-09 8.3394E-10 4.8619E-10 2.5894E-10 9.7020E-11 3.7042E-11 1.0043E-11 0.0000E+00 0.0000E+00 0.0000E+00 0.0000E+00 0.0000E+00 0.0000E+00
0.0000E+00 0.0000E+00 0.0000E+00 3.6516E-13 8.9970E-13 1.4239E-12 2.2732E-12 3.1096E-12 3.8806E-12 5.3825E-12 2.3151E-11 1.3758E-10 3.9135E-10 8.6132E-10 1.7095E-09 3.2169E-09 5.4686E-09 8.6985E-09 1.3175E-08 1.9042E-08 2.6219E-08 3.4404E-08 4.3036E-08 5.1380E-08 5.8566E-08 6.3818E-08 6.6599E-08 6.6652E-08 6.4095E-08 5.9349E-08 5.3024E-08 4.5829E-08 3.8390E-08 3.1271E-08 2.4835E-08 1.9277E-08 1.4656E-08 1.0940E-08 8.0344E-09 5.8138E-09 4.1701E-09 2.9550E-09 2.0516E-09 1.4009E-09 9.0823E-10 5.1392E-10 2.6908E-10 1.0873E-10 4.1904E-11 1.0617E-11 0.0000E+00 0.0000E+00 0.0000E+00 0.0000E+00 0.0000E+00 0.0000E+00 0.0000E+00
0.0000E+00 0.0000E+00 0.0000E+00 0.0000E+00 0.0000E+00 0.0000E+00 1.1115E-13 4.5278E-13 7.6617E-13 1.0433E-12 1.5224E-11 1.3681E-10 4.0188E-10 9.0284E-10 1.8003E-09 3.4067E-09 5.8079E-09 9.2849E-09 1.4122E-08 2.0440E-08 2.8155E-08 3.6892E-08 4.5999E-08 5.4582E-08 6.1739E-08 6.6659E-08 6.8771E-08 6.7927E-08 6.4362E-08 5.8615E-08 5.1424E-08 4.3577E-08 3.5767E-08 2.8516E-08 2.2144E-08 1.6790E-08 1.2485E-08 9.1018E-09 6.5376E-09 4.6192E-09 3.2417E-09 2.2396E-09 1.5109E-09 9.7202E-10 5.3202E-10 2.6739E-10 1.2922E-10 4.4360E-11 9.2660E-12 0.0000E+00 0.0000E+00 0.0000E+00 0.0000E+00 0.0000E+00 0.0000E+00 0.0000E+00 0.0000E+00
0.0000E+00 0.0000E+00 0.0000E+00 0.0000E+00 0.0000E+00 0.0000E+00 0.0000E+00 0.0000E+00 0.0000E+00 0.0000E+00 9.1618E-12 1.2792E-10 4.0219E-10 9.1809E-10 1.8960E-09 3.5575E-09 6.0788E-09 9.7908E-09 1.4964E-08 2.1722E-08 2.9939E-08 3.9168E-08 4.8642E-08 5.7411E-08 6.4469E-08 6.8919E-08 7.0307E-08 6.8541E-08 6.3960E-08 5.7270E-08 4.9316E-08 4.0945E-08 3.2871E-08 2.5598E-08 1.9408E-08 1.4356E-08 1.0407E-08 7.3980E-09 5.1777E-09 3.5645E-09 2.4452E-09 1.6433E-09 1.0504E-09 5.7219E-10 2.8326E-10 1.4107E-10 4.5622E-11 6.8458E-12 0.0000E+00 0.0000E+00 0.0000E+00 0.0000E+00 0.0000E+00 0.0000E+00 0.0000E+00 0.0000E+00 0.0000E+00
0.0000E+00 0.0000E+00 0.0000E+00 0.0000E+00 0.0000E+00 0.0000E+00 0.0000E+00 0.0000E+00 0.0000E+00 0.0000E+00 2.1007E-13 1.1341E-10 3.8479E-10 9.3821E-10 1.9518E-09 3.6458E-09 6.2547E-09 1.0162E-08 1.5629E-08 2.2775E-08 3.1429E-08 4.1082E-08 5.0893E-08 5.9776E-08 6.6620E-08 7.0594E-08 7.1216E-08 6.8495E-08 6.2952E-08 5.5398E-08 4.6786E-08 3.8022E-08 2.9823E-08 2.2656E-08 1.6720E-08 1.2046E-08 8.4864E-09 5.8643E-09 3.9883E-09 2.6692E-09 1.7729E-09 1.1189E-09 6.3409E-10 2.9498E-10 1.5090E-10 4.7678E-11 4.3550E-12 0.0000E+00 0.0000E+00 0.0000E+00 0.0000E+00 0.0000E+00 0.0000E+00 0.0000E+00 0.0000E+00 0.0000E+00 0.0000E+00
0.0000E+00 0.0000E+00 0.0000E+00 0.0000E+00 0.0000E+00 0.0000E+00 0.0000E+00 0.0000E+00 0.0000E+00 0.0000E+00 0.0000E+00 7.9180E-11 3.7022E-10 9.2464E-10 1.9509E-09 3.6489E-09 6.3287E-09 1.0362E-08 1.6053E-08 2.3514E-08 3.2540E-08 4.2560E-08 5.2599E-08 6.1508E-08 6.8151E-08 7.1614E-08 7.1478E-08 6.7908E-08 6.1489E-08 5.3178E-08 4.4024E-08 3.4987E-08 2.6774E-08 1.9799E-08 1.4195E-08 9.9223E-09 6.7724E-09 4.5394E-09 2.9870E-09 1.9197E-09 1.2047E-09 6.7094E-10 3.0347E-10 1.4548E-10 4.2447E-11 2.8571E-12 0.0000E+00 0.0000E+00 0.0000E+00 0.0000E+00 0.0000E+00 0.0000E+00 0.0000E+00 0.0000E+00 0.0000E+00 0.0000E+00 0.0000E+00
0.0000E+00 0.0000E+00 0.0000E+00 0.0000E+00 0.0000E+00 0.0000E+00 0.0000E+00 0.0000E+00 0.0000E+00 0.0000E+00 0.0000E+00 4.2407E-11 3.2689E-10 8.7407E-10 1.8917E-09 3.5762E-09 6.2701E-09 1.0361E-08 1.6188E-08 2.3860E-08 3.3160E-08 4.3428E-08 5.3664E-08 6.2617E-08 6.9021E-08 7.2024E-08 7.1243E-08 6.6873E-08 5.9693E-08 5.0766E-08 4.1212E-08 3.2020E-08 2.3875E-08 1.7154E-08 1.1923E-08 8.0566E-09 5.3047E-09 3.4156E-09 2.1462E-09 1.2959E-09 6.9317E-10 2.9441E-10 1.3602E-10 3.7949E-11 2.4466E-12 0.0000E+00 0.0000E+00 0.0000E+00 0.0000E+00 0.0000E+00 0.0000E+00 0.0000E+00 0.0000E+00 0.0000E+00 0.0000E+00 0.0000E+00 0.0000E+00
0.0000E+00 0.0000E+00 0.0000E+00 0.0000E+00 0.0000E+00 0.0000E+00 0.0000E+00 0.0000E+00 0.0000E+00 0.0000E+00 0.0000E+00 1.2883E-11 2.3627E-10 8.0367E-10 1.7903E-09 3.4117E-09 6.0559E-09 1.0135E-08 1.5992E-08 2.3742E-08 3.3183E-08 4.3640E-08 5.4026E-08 6.2969E-08 6.9243E-08 7.1901E-08 7.0578E-08 6.5619E-08 5.7845E-08 4.8411E-08 3.8558E-08 2.9293E-08 2.1276E-08 1.4822E-08 9.9589E-09 6.4783E-09 4.0808E-09 2.5134E-09 1.4778E-09 7.2252E-10 2.8301E-10 1.1606E-10 2.8507E-11 1.3896E-12 0.0000E+00 0.0000E+00 0.0000E+00 0.0000E+00 0.0000E+00 0.0000E+00 0.0000E+00 0.0000E+00 0.0000E+00 0.0000E+00 0.0000E+00 0.0000E+00 0.0000E+00
0.0000E+00 0.0000E+00 0.0000E+00 0.0000E+00 0.0000E+00 0.0000E+00 0.0000E+00 0.0000E+00 0.0000E+00 0.0000E+00 0.0000E+00 0.0000E+00 1.5755E-10 6.9317E-10 1.6137E-09 3.1525E-09 5.7011E-09 9.6715E-09 1.5423E-08 2.3139E-08 3.2605E-08 4.3149E-08 5.3623E-08 6.2665E-08 6.8909E-08 7.1375E-08 6.9741E-08 6.4342E-08 5.6119E-08 4.6336E-08 3.6270E-08 2.6970E-08 1.9093E-08 1.2901E-08 8.3599E-09 5.2137E-09 3.1309E-09 1.7919E-09 8.4842E-10 2.7296E-10 9.8018E-11 2.0306E-11 5.1810E-13 0.0000E+00 0.0000E+00 0.0000E+00 0.0000E+00 0.0000E+00 0.0000E+00 0.0000E+00 0.0000E+00 0.0000E+00 0.0000E+00 0.0000E+00 0.0000E+00 0.0000E+00 0.0000E+00
0.0000E+00 0.0000E+00 0.0000E+00 0.0000E+00 0.0000E+00 0.0000E+00 0.0000E+00 0.0000E+00 0.0000E+00 0.0000E+00 0.0000E+00 0.0000E+00 8.0811E-11 5.3024E-10 1.3984E-09 2.8185E-09 5.1967E-09 8.9566E-09 1.4492E-08 2.2027E-08 3.1373E-08 4.1922E-08 5.2541E-08 6.1720E-08 6.8084E-08 7.0613E-08 6.8876E-08 6.3271E-08 5.4780E-08 4.4750E-08 3.4536E-08 2.5213E-08 1.7425E-08 1.1429E-08 7.1395E-09 4.2484E-09 2.3850E-09 1.1233E-09 3.4960E-10 7.5247E-11 1.0381E-11 0.0000E+00 0.0000E+00 0.0000E+00 0.0000E+00 0.0000E+00 0.0000E+00 0.0000E+00 0.0000E+00 0.0000E+00 0.0000E+00 0.0000E+00 0.0000E+00 0.0000E+00 0.0000E+00 0.0000E+00 0.0000E+00
0.0000E+00 0.0000E+00 0.0000E+00 0.0000E+00 0.0000E+00 0.0000E+00 0.0000E+00 0.0000E+00 0.0000E+00 0.0000E+00 0.0000E+00 0.0000E+00 2.8040E-11 3.5672E-10 1.1006E-09 2.4069E-09 4.5573E-09 8.0313E-09 1.3251E-08 2.0447E-08 2.9585E-08 4.0065E-08 5.0771E-08 6.0258E-08 6.7019E-08 6.9822E-08 6.8268E-08 6.2673E-08 5.4048E-08 4.3828E-08 3.3457E-08 2.4066E-08 1.6309E-08 1.0410E-08 6.2804E-09 3.5410E-09 1.7391E-09 6.0574E-10 1.5346E-10 1.0851E-11 0.0000E+00 0.0000E+00 0.0000E+00 0.0000E+00 0.0000E+00 0.0000E+00 0.0000E+00 0.0000E+00 0.0000E+00 0.0000E+00 0.0000E+00 0.0000E+00 0.0000E+00 0.0000E+00 0.0000E+00 0.0000E+00 0.0000E+00
0.0000E+00 0.0000E+00 0.0000E+00 0.0000E+00 0.0000E+00 0.0000E+00 0.0000E+00 0.0000E+00 0.0000E+00 0.0000E+00 0.0000E+00 0.0000E+00 2.6311E-12 2.0819E-10 7.9930E-10 1.9535E-09 3.8397E-09 6.9588E-09 1.1720E-08 1.8490E-08 2.7280E-08 3.7622E-08 4.8496E-08 5.8401E-08 6.5715E-08 6.9131E-08 6.8038E-08 6.2669E-08 5.4081E-08 4.3744E-08 3.3180E-08 2.3611E-08 1.5743E-08 9.8212E-09 5.7410E-09 3.0063E-09 1.2297E-09 4.1821E-10 9.9378E-11 1.2624E-11 0.0000E+00 0.0000E+00 0.0000E+00 0.0000E+00 0.0000E+00 0.0000E+00 0.0000E+00 0.0000E+00 0.0000E+00 0.0000E+00 0.0000E+00 0.0000E+00 0.0000E+00 0.0000E+00 0.0000E+00 0.0000E+00 0.0000E+00
0.0000E+00 0.0000E+00 0.0000E+00 0.0000E+00 0.0000E+00 0.0000E+00 0.0000E+00 0.0000E+00 0.0000E+00 0.0000E+00 0.0000E+00 0.0000E+00 0.0000E+00 9.1699E-11 5.1020E-10 1.4395E-09 3.0833E-09 5.7834E-09 1.0044E-08 1.6279E-08 2.4623E-08 3.4760E-08 4.5797E-08 5.6265E-08 6.4427E-08 6.8742E-08 6.8382E-08 6.3451E-08 5.4977E-08 4.4508E-08 3.3677E-08 2.3839E-08 1.5728E-08 9.6643E-09 5.4428E-09 2.5776E-09 1.1055E-09 4.2894E-10 1.1759E-10 1.6754E-11 0.0000E+00 0.0000E+00 0.0000E+00 0.0000E+00 0.0000E+00 0.0000E+00 0.0000E+00 0.0000E+00 0.0000E+00 0.0000E+00 0.0000E+00 0.0000E+00 0.0000E+00 0.0000E+00 0.0000E+00 0.0000E+00 0.0000E+00
0.0000E+00 0.0000E+00 0.0000E+00 0.0000E+00 0.0000E+00 0.0000E+00 0.0000E+00 0.0000E+00 0.0000E+00 0.0000E+00 0.0000E+00 0.0000E+00 0.0000E+00 2.4792E-11 2.7249E-10 9.6675E-10 2.2979E-09 4.5717E-09 8.2802E-09 1.3885E-08 2.1701E-08 3.1600E-08 4.2808E-08 5.3925E-08 6.3134E-08 6.8644E-08 6.9296E-08 6.5028E-08 5.6783E-08 4.6165E-08 3.4994E-08 2.4720E-08 1.6206E-08 9.8044E-09 5.2640E-09 2.6253E-09 1.1954E-09 4.7538E-10 1.4258E-10 2.1757E-11 0.0000E+00 0.0000E+00 0.0000E+00 0.0000E+00 0.0000E+00 0.0000E+00 0.0000E+00 0.0000E+00 0.0000E+00 0.0000E+00 0.0000E+00 0.0000E+00 0.0000E+00 0.0000E+00 0.0000E+00 0.0000E+00 0.0000E+00
0.0000E+00 0.0000E+00 0.0000E+00 0.0000E+00 0.0000E+00 0.0000E+00 0.0000E+00 0.0000E+00 0.0000E+00 0.0000E+00 0.0000E+00 0.0000E+00 0.0000E+00 5.4995E-12 9.7692E-11 5.5782E-10 1.5551E-09 3.4365E-09 6.5501E-09 1.1461E-08 1.8646E-08 2.8184E-08 3.9546E-08 5.1427E-08 6.1843E-08 6.8796E-08 7.0808E-08 6.7432E-08 5.9504E-08 4.8712E-08 3.7074E-08 2.6207E-08 1.7137E-08 1.0144E-08 5.5928E-09 2.8591E-09 1.3125E-09 5.1792E-10 1.6527E-10 1.7100E-11 0.0000E+00 0.0000E+00 0.0000E+00 0.0000E+00 0.0000E+00 0.0000E+00 0.0000E+00 0.0000E+00 0.0000E+00 0.0000E+00 0.0000E+00 0.0000E+00 0.0000E+00 0.0000E+00 0.0000E+00 0.0000E+00 0.0000E+00
