Assets/Resources/2015_m01_d03_0700(utc+0800)_l00_csi_1hr_conc.grd
DSAA
         159         159
     -79.000      79.000
     -79.000      79.000
  0.0000E+00  0.1484E-04
[rows 100 to 124 of 159, columns 57 to 113 of 159]
1.2241E-09 1.2935E-09 1.3588E-09 1.4357E-09 1.5051E-09 1.5863E-09 1.6591E-09 1.7442E-09 1.8195E-09 1.9815E-09 2.1773E-09 2.3924E-09 2.6060E-09 2.8932E-09 3.1895E-09 3.5077E-09 3.8974E-09 4.2994E-09 4.7555E-09 5.2722E-09 5.9073E-09 6.5678E-09 7.9334E-09 1.0403E-08 1.3524E-08 1.5960E-08 1.9745E-08 2.3780E-08 2.7801E-08 3.1996E-08 3.6083E-08 3.9997E-08 4.3267E-08 4.5979E-08 4.7977E-08 4.9250E-08 4.9845E-08 4.9879E-08 4.9402E-08 4.8576E-08 4.7394E-08 4.5969E-08 4.4392E-08 4.2635E-08 4.0811E-08 3.9010E-08 3.7218E-08 3.5418E-08 3.3619E-08 3.1885E-08 3.0236E-08 2.8584E-08 2.6932E-08 2.5300E-08 2.3704E-08 2.2159E-08 2.0672E-08
1.1704E-09 1.2396E-09 1.3027E-09 1.3763E-09 1.4435E-09 1.5212E-09 1.5916E-09 1.6729E-09 1.7460E-09 1.8612E-09 2.0219E-09 2.2385E-09 2.4444E-09 2.7011E-09 2.9625E-09 3.2604E-09 3.5939E-09 3.9855E-09 4.3939E-09 4.8553E-09 5.4046E-09 6.0097E-09 7.2185E-09 9.5675E-09 1.2157E-08 1.4210E-08 1.7328E-08 2.0864E-08 2.4304E-08 2.7764E-08 3.1102E-08 3.4422E-08 3.7261E-08 3.9629E-08 4.1454E-08 4.2657E-08 4.3377E-08 4.3634E-08 4.3426E-08 4.2875E-08 4.2061E-08 4.0967E-08 3.9709E-08 3.8401E-08 3.6961E-08 3.5465E-08 3.3933E-08 3.2378E-08 3.0861E-08 2.9368E-08 2.7903E-08 2.6418E-08 2.4934E-08 2.3464E-08 2.2026E-08 2.0631E-08 1.9287E-08
1.1210E-09 1.1875E-09 1.2483E-09 1.3160E-09 1.3837E-09 1.4521E-09 1.5261E-09 1.5943E-09 1.6744E-09 1.7454E-09 1.8992E-09 2.0751E-09 2.2805E-09 2.4826E-09 2.7610E-09 3.0298E-09 3.3259E-09 3.6911E-09 4.0556E-09 4.4651E-09 4.9369E-09 5.4889E-09 6.5302E-09 8.3178E-09 1.0899E-08 1.2725E-08 1.5431E-08 1.8367E-08 2.1269E-08 2.4358E-08 2.7240E-08 2.9916E-08 3.2262E-08 3.4286E-08 3.5878E-08 3.7097E-08 3.7857E-08 3.8234E-08 3.8248E-08 3.7959E-08 3.7426E-08 3.6707E-08 3.5782E-08 3.4697E-08 3.3505E-08 3.2230E-08 3.0909E-08 2.9631E-08 2.8313E-08 2.7014E-08 2.5706E-08 2.4379E-08 2.3050E-08 2.1732E-08 2.0441E-08 1.9185E-08 1.7974E-08
1.0733E-09 1.1344E-09 1.1955E-09 1.2606E-09 1.3256E-09 1.3914E-09 1.4625E-09 1.5282E-09 1.6052E-09 1.6735E-09 1.7744E-09 1.9151E-09 2.1315E-09 2.3245E-09 2.5502E-09 2.8010E-09 3.0865E-09 3.3854E-09 3.7412E-09 4.1029E-09 4.5194E-09 5.0073E-09 5.7620E-09 7.4601E-09 9.7178E-09 1.1342E-08 1.3564E-08 1.6289E-08 1.8838E-08 2.1434E-08 2.3944E-08 2.6305E-08 2.8393E-08 3.0150E-08 3.1625E-08 3.2724E-08 3.3481E-08 3.3948E-08 3.4085E-08 3.3958E-08 3.3574E-08 3.3003E-08 3.2243E-08 3.1309E-08 3.0311E-08 2.9308E-08 2.8227E-08 2.7113E-08 2.5956E-08 2.4816E-08 2.3653E-08 2.2472E-08 2.1286E-08 2.0109E-08 1.8955E-08 1.7829E-08 1.6740E-08
1.0271E-09 1.0858E-09 1.1445E-09 1.2042E-09 1.2694E-09 1.3326E-09 1.4009E-09 1.4641E-09 1.5380E-09 1.6038E-09 1.6767E-09 1.7997E-09 1.9595E-09 2.1509E-09 2.3606E-09 2.5940E-09 2.8326E-09 3.1243E-09 3.4437E-09 3.7692E-09 4.1355E-09 4.5652E-09 5.2263E-09 6.6975E-09 8.6909E-09 1.0133E-08 1.1728E-08 1.4407E-08 1.6671E-08 1.8960E-08 2.1192E-08 2.3275E-08 2.5136E-08 2.6732E-08 2.8032E-08 2.9072E-08 2.9790E-08 3.0240E-08 3.0418E-08 3.0361E-08 3.0089E-08 2.9651E-08 2.9077E-08 2.8375E-08 2.7573E-08 2.6702E-08 2.5766E-08 2.4785E-08 2.3775E-08 2.2776E-08 2.1747E-08 2.0699E-08 1.9644E-08 1.8597E-08 1.7568E-08 1.6562E-08 1.5587E-08
9.8253E-10 1.0389E-09 1.0952E-09 1.1525E-09 1.2151E-09 1.2728E-09 1.3413E-09 1.4020E-09 1.4730E-09 1.5362E-09 1.6063E-09 1.6777E-09 1.8300E-09 1.9983E-09 2.1792E-09 2.3931E-09 2.6265E-09 2.8622E-09 3.1628E-09 3.4591E-09 3.7851E-09 4.1624E-09 4.5969E-09 5.8744E-09 7.5941E-09 9.0481E-09 1.0462E-08 1.2585E-08 1.4748E-08 1.6762E-08 1.8746E-08 2.0612E-08 2.2302E-08 2.3767E-08 2.4978E-08 2.5928E-08 2.6620E-08 2.7068E-08 2.7289E-08 2.7304E-08 2.7136E-08 2.6805E-08 2.6333E-08 2.5740E-08 2.5064E-08 2.4313E-08 2.3505E-08 2.2646E-08 2.1775E-08 2.0894E-08 1.9986E-08 1.9059E-08 1.8125E-08 1.7197E-08 1.6281E-08 1.5384E-08 1.4514E-08
9.3954E-10 9.9355E-10 1.0476E-09 1.1026E-09 1.1626E-09 1.2180E-09 1.2837E-09 1.3420E-09 1.4101E-09 1.4709E-09 1.5381E-09 1.6040E-09 1.6910E-09 1.8369E-09 2.0255E-09 2.2148E-09 2.4001E-09 2.6394E-09 2.8910E-09 3.1643E-09 3.4480E-09 3.7978E-09 4.1568E-09 5.2601E-09 6.7608E-09 8.0793E-09 9.3043E-09 1.1163E-08 1.3047E-08 1.4820E-08 1.6579E-08 1.8250E-08 1.9779E-08 2.1120E-08 2.2244E-08 2.3141E-08 2.3812E-08 2.4266E-08 2.4516E-08 2.4579E-08 2.4475E-08 2.4223E-08 2.3840E-08 2.3345E-08 2.2778E-08 2.2133E-08 2.1440E-08 2.0693E-08 1.9942E-08 1.9167E-08 1.8367E-08 1.7551E-08 1.6726E-08 1.5905E-08 1.5092E-08 1.4294E-08 1.3523E-08
8.9813E-10 9.4741E-10 1.0017E-09 1.0545E-09 1.1120E-09 1.1652E-09 1.2281E-09 1.2841E-09 1.3465E-09 1.4077E-09 1.4723E-09 1.5356E-09 1.6019E-09 1.7134E-09 1.8459E-09 2.0484E-09 2.2246E-09 2.3978E-09 2.6678E-09 2.8828E-09 3.1456E-09 3.4615E-09 3.7823E-09 4.5787E-09 5.9284E-09 7.2181E-09 8.2747E-09 9.8826E-09 1.1549E-08 1.3109E-08 1.4667E-08 1.6161E-08 1.7542E-08 1.8766E-08 1.9806E-08 2.0650E-08 2.1296E-08 2.1749E-08 2.2020E-08 2.2123E-08 2.2075E-08 2.1890E-08 2.1585E-08 2.1180E-08 2.0704E-08 2.0159E-08 1.9562E-08 1.8919E-08 1.8268E-08 1.7588E-08 1.6886E-08 1.6169E-08 1.5443E-08 1.4717E-08 1.3997E-08 1.3289E-08 1.2606E-08
8.5828E-10 9.0553E-10 9.5757E-10 1.0055E-09 1.0632E-09 1.1143E-09 1.1745E-09 1.2283E-09 1.2881E-09 1.3468E-09 1.4056E-09 1.4695E-09 1.5331E-09 1.6071E-09 1.7176E-09 1.8627E-09 2.0456E-09 2.2198E-09 2.4197E-09 2.6547E-09 2.8576E-09 3.1546E-09 3.4127E-09 4.0347E-09 5.2886E-09 6.4309E-09 7.3634E-09 8.4137E-09 1.0233E-08 1.1606E-08 1.2985E-08 1.4321E-08 1.5566E-08 1.6681E-08 1.7640E-08 1.8432E-08 1.9050E-08 1.9498E-08 1.9785E-08 1.9919E-08 1.9917E-08 1.9790E-08 1.9554E-08 1.9228E-08 1.8830E-08 1.8372E-08 1.7860E-08 1.7312E-08 1.6746E-08 1.6151E-08 1.5536E-08 1.4906E-08 1.4269E-08 1.3629E-08 1.2992E-08 1.2364E-08 1.1761E-08
8.1996E-10 8.6526E-10 9.1509E-10 9.6112E-10 1.0163E-09 1.0653E-09 1.1204E-09 1.1745E-09 1.2318E-09 1.2882E-09 1.3446E-09 1.4057E-09 1.4667E-09 1.5374E-09 1.5989E-09 1.7364E-09 1.8595E-09 2.0281E-09 2.2309E-09 2.4051E-09 2.6193E-09 2.8456E-09 3.1031E-09 3.6371E-09 4.6457E-09 5.7368E-09 6.5854E-09 7.5163E-09 8.9621E-09 1.0289E-08 1.1510E-08 1.2704E-08 1.3825E-08 1.4839E-08 1.5723E-08 1.6462E-08 1.7052E-08 1.7492E-08 1.7787E-08 1.7948E-08 1.7984E-08 1.7907E-08 1.7730E-08 1.7472E-08 1.7142E-08 1.6758E-08 1.6322E-08 1.5858E-08 1.5365E-08 1.4846E-08 1.4308E-08 1.3757E-08 1.3197E-08 1.2634E-08 1.2071E-08 1.1517E-08 1.0983E-08
7.8315E-10 8.2422E-10 8.7425E-10 9.1842E-10 9.7117E-10 1.0182E-09 1.0709E-09 1.1228E-09 1.1750E-09 1.2317E-09 1.2858E-09 1.3444E-09 1.3972E-09 1.4703E-09 1.5288E-09 1.6137E-09 1.7273E-09 1.8475E-09 2.0160E-09 2.2021E-09 2.3780E-09 2.5904E-09 2.8127E-09 3.1951E-09 4.0237E-09 5.1167E-09 5.9005E-09 6.7253E-09 7.9566E-09 9.1365E-09 1.0220E-08 1.1285E-08 1.2294E-08 1.3216E-08 1.4029E-08 1.4719E-08 1.5279E-08 1.5708E-08 1.6009E-08 1.6189E-08 1.6257E-08 1.6223E-08 1.6097E-08 1.5895E-08 1.5626E-08 1.5305E-08 1.4938E-08 1.4543E-08 1.4116E-08 1.3663E-08 1.3193E-08 1.2711E-08 1.2221E-08 1.1726E-08 1.1229E-08 1.0741E-08 1.0253E-08
7.4781E-10 7.8722E-10 8.3503E-10 8.7740E-10 9.2781E-10 9.7290E-10 1.0233E-09 1.0731E-09 1.1231E-09 1.1774E-09 1.2264E-09 1.2853E-09 1.3361E-09 1.4057E-09 1.4618E-09 1.5408E-09 1.6065E-09 1.7084E-09 1.8455E-09 1.9856E-09 2.1615E-09 2.3675E-09 2.5507E-09 2.7980E-09 3.5041E-09 4.5796E-09 5.2753E-09 6.0296E-09 6.9561E-09 8.1305E-09 9.0916E-09 1.0044E-08 1.0952E-08 1.1790E-08 1.2537E-08 1.3179E-08 1.3709E-08 1.4125E-08 1.4427E-08 1.4622E-08 1.4716E-08 1.4718E-08 1.4636E-08 1.4482E-08 1.4266E-08 1.3998E-08 1.3690E-08 1.3354E-08 1.2985E-08 1.2593E-08 1.2182E-08 1.1762E-08 1.1333E-08 1.0897E-08 1.0454E-08 1.0005E-08 9.5581E-09
7.1391E-10 7.5172E-10 7.9740E-10 8.3803E-10 8.8399E-10 9.2944E-10 9.7526E-10 1.0254E-09 1.0706E-09 1.1252E-09 1.1723E-09 1.2286E-09 1.2773E-09 1.3437E-09 1.3974E-09 1.4660E-09 1.5336E-09 1.5951E-09 1.6888E-09 1.8350E-09 1.9664E-09 2.1178E-09 2.3283E-09 2.5341E-09 3.1305E-09 4.0291E-09 4.7295E-09 5.3468E-09 6.0254E-09 7.2529E-09 8.1072E-09 8.9577E-09 9.7754E-09 1.0537E-08 1.1223E-08 1.1820E-08 1.2321E-08 1.2722E-08 1.3023E-08 1.3229E-08 1.3344E-08 1.3376E-08 1.3330E-08 1.3217E-08 1.3045E-08 1.2825E-08 1.2568E-08 1.2281E-08 1.1964E-08 1.1623E-08 1.1260E-08 1.0887E-08 1.0504E-08 1.0105E-08 9.6989E-09 9.2939E-09 8.5937E-09
6.8141E-10 7.1768E-10 7.6132E-10 8.0028E-10 8.4422E-10 8.8774E-10 9.3162E-10 9.7954E-10 1.0229E-09 1.0751E-09 1.1203E-09 1.1742E-09 1.2209E-09 1.2790E-09 1.3355E-09 1.4007E-09 1.4651E-09 1.5239E-09 1.5911E-09 1.6949E-09 1.8127E-09 1.9324E-09 2.0743E-09 2.2811E-09 2.7518E-09 3.5155E-09 4.2148E-09 4.7805E-09 5.4051E-09 6.3570E-09 7.2249E-09 7.9827E-09 8.7453E-09 9.4372E-09 1.0067E-08 1.0622E-08 1.1094E-08 1.1480E-08 1.1778E-08 1.1991E-08 1.2123E-08 1.2179E-08 1.2162E-08 1.2084E-08 1.1949E-08 1.1768E-08 1.1548E-08 1.1297E-08 1.1018E-08 1.0709E-08 1.0387E-08 1.0059E-08 9.7167E-09 9.3566E-09 8.7019E-09 8.3747E-09 8.0753E-09
6.4791E-10 6.8507E-10 7.2474E-10 7.6409E-10 8.0394E-10 8.4776E-10 8.8745E-10 9.3560E-10 9.7725E-10 1.0271E-09 1.0705E-09 1.1193E-09 1.1668E-09 1.2222E-09 1.2761E-09 1.3320E-09 1.3994E-09 1.4555E-09 1.5112E-09 1.5974E-09 1.6745E-09 1.7522E-09 1.9208E-09 2.0475E-09 2.3634E-09 3.0648E-09 3.7773E-09 4.2822E-09 4.8427E-09 5.6841E-09 6.4592E-09 7.1358E-09 7.7958E-09 8.4488E-09 9.0250E-09 9.5663E-09 1.0011E-08 1.0380E-08 1.0673E-08 1.0890E-08 1.1035E-08 1.1109E-08 1.1112E-08 1.1056E-08 1.0944E-08 1.0787E-08 1.0593E-08 1.0379E-08 1.0135E-08 9.8709E-09 9.5854E-09 9.2791E-09 8.6674E-09 8.3935E-09 8.1292E-09 7.8504E-09 7.5770E-09
6.1826E-10 6.5383E-10 6.8969E-10 7.2942E-10 7.6757E-10 8.0946E-10 8.4754E-10 8.9350E-10 9.3347E-10 9.8105E-10 1.0227E-09 1.0694E-09 1.1149E-09 1.1627E-09 1.2192E-09 1.2725E-09 1.3365E-09 1.3900E-09 1.4432E-09 1.5244E-09 1.5861E-09 1.6475E-09 1.7660E-09 1.8604E-09 2.0463E-09 2.7067E-09 3.3272E-09 3.7891E-09 4.3521E-09 4.8453E-09 5.7733E-09 6.3763E-09 6.9927E-09 7.5868E-09 8.1148E-09 8.5904E-09 9.0057E-09 9.3560E-09 9.6465E-09 9.8727E-09 1.0029E-08 1.0109E-08 1.0129E-08 1.0093E-08 1.0005E-08 9.8779E-09 9.7213E-09 9.5354E-09 9.3140E-09 8.7706E-09 8.5434E-09 8.3157E-09 8.0818E-09 7.8426E-09 7.5991E-09 7.3434E-09 6.8405E-09
5.8762E-10 6.2393E-10 6.5826E-10 6.9623E-10 7.3070E-10 7.7279E-10 8.0932E-10 8.5318E-10 8.9153E-10 9.3470E-10 9.7689E-10 1.0190E-09 1.0652E-09 1.1109E-09 1.1647E-09 1.2096E-09 1.2762E-09 1.3273E-09 1.3782E-09 1.4546E-09 1.5133E-09 1.5717E-09 1.6521E-09 1.7412E-09 1.8685E-09 2.3564E-09 3.0300E-09 3.4459E-09 3.8624E-09 4.2848E-09 5.0337E-09 5.7165E-09 6.2493E-09 6.8095E-09 7.2951E-09 7.7568E-09 8.1476E-09 8.4774E-09 8.7461E-09 8.9577E-09 9.1100E-09 9.1992E-09 9.2380E-09 9.2243E-09 9.1621E-09 9.0514E-09 8.6070E-09 8.4659E-09 8.3071E-09 8.1351E-09 7.9473E-09 7.7523E-09 7.5379E-09 7.3070E-09 6.8231E-09 6.6401E-09 6.4639E-09
5.5834E-10 5.9533E-10 6.2624E-10 6.6448E-10 6.9754E-10 7.3769E-10 7.7273E-10 8.1246E-10 8.5138E-10 8.9034E-10 9.3306E-10 9.7344E-10 1.0175E-09 1.0566E-09 1.1125E-09 1.1555E-09 1.2185E-09 1.2673E-09 1.3159E-09 1.3807E-09 1.4437E-09 1.4994E-09 1.5749E-09 1.6485E-09 1.7423E-09 2.0608E-09 2.6814E-09 3.0854E-09 3.4875E-09 3.8873E-09 4.4687E-09 5.0031E-09 5.4540E-09 5.9306E-09 6.3416E-09 6.7184E-09 7.0549E-09 7.3471E-09 7.6005E-09 7.8100E-09 7.9646E-09 8.0792E-09 8.1448E-09 8.1546E-09 8.1246E-09 8.0575E-09 7.9613E-09 7.8414E-09 7.7071E-09 7.5559E-09 7.3781E-09 6.9343E-09 6.7665E-09 6.6069E-09 6.4470E-09 6.2860E-09 6.1172E-09
5.3271E-10 5.6797E-10 5.9763E-10 6.3411E-10 6.6582E-10 7.0413E-10 7.3773E-10 7.7570E-10 8.1296E-10 8.5028E-10 8.9111E-10 9.2744E-10 9.7197E-10 1.0095E-09 1.0625E-09 1.1038E-09 1.1633E-09 1.2099E-09 1.2564E-09 1.3176E-09 1.3773E-09 1.4303E-09 1.4923E-09 1.5706E-09 1.6454E-09 1.8683E-09 2.4031E-09 2.8239E-09 3.1573E-09 3.5148E-09 3.8955E-09 4.4864E-09 4.9387E-09 5.3570E-09 5.7553E-09 6.1044E-09 6.4412E-09 6.7194E-09 6.9566E-09 7.1500E-09 7.3004E-09 7.4140E-09 7.4763E-09 7.4983E-09 7.4827E-09 7.4352E-09 7.3562E-09 7.2544E-09 6.8715E-09 6.7645E-09 6.6455E-09 6.5166E-09 6.3802E-09 6.2390E-09 6.0856E-09 5.9244E-09 5.3261E-09
5.0820E-10 5.4182E-10 5.7028E-10 6.0507E-10 6.3549E-10 6.7016E-10 7.0426E-10 7.3854E-10 7.7621E-10 8.0981E-10 8.5099E-10 8.8589E-10 9.2836E-10 9.6444E-10 1.0148E-09 1.0543E-09 1.1054E-09 1.1551E-09 1.1995E-09 1.2507E-09 1.3139E-09 1.3644E-09 1.4142E-09 1.4965E-09 1.5544E-09 1.6570E-09 2.1756E-09 2.5982E-09 2.9064E-09 3.2301E-09 3.5613E-09 4.0262E-09 4.3719E-09 4.7080E-09 5.0488E-09 5.3470E-09 5.6178E-09 5.8580E-09 6.3027E-09 6.5108E-09 6.6651E-09 6.5204E-09 6.6009E-09 6.6462E-09 6.6513E-09 6.6279E-09 6.5839E-09 6.5220E-09 6.4449E-09 6.3549E-09 6.2465E-09 6.1323E-09 6.0025E-09 5.4087E-09 5.3048E-09 5.2045E-09 5.1030E-09
4.8478E-10 5.1474E-10 5.4413E-10 5.7554E-10 6.0649E-10 6.3773E-10 6.7226E-10 7.0308E-10 7.4109E-10 7.7335E-10 8.1263E-10 8.4615E-10 8.8667E-10 9.2133E-10 9.6490E-10 1.0069E-09 1.0555E-09 1.1027E-09 1.1452E-09 1.1871E-09 1.2535E-09 1.3015E-09 1.3490E-09 1.4260E-09 1.4809E-09 1.5760E-09 1.9354E-09 2.4179E-09 2.6979E-09 2.9813E-09 3.2668E-09 3.5808E-09 3.9402E-09 4.3216E-09 4.6380E-09 4.9168E-09 5.1723E-09 5.4013E-09 5.6013E-09 5.7783E-09 5.9244E-09 6.0374E-09 6.1194E-09 6.1713E-09 6.1845E-09 6.1729E-09 6.1415E-09 6.0947E-09 6.0324E-09 5.9556E-09 5.3994E-09 5.3249E-09 5.2435E-09 5.1580E-09 5.0691E-09 4.9785E-09 4.8872E-09
4.6241E-10 4.9103E-10 5.1915E-10 5.4738E-10 5.7879E-10 6.0681E-10 6.4168E-10 6.7127E-10 7.0752E-10 7.3849E-10 7.7597E-10 8.0816E-10 8.4468E-10 8.8011E-10 9.1738E-10 9.6172E-10 1.0029E-09 1.0527E-09 1.0933E-09 1.1334E-09 1.1958E-09 1.2416E-09 1.2870E-09 1.3589E-09 1.4110E-09 1.4993E-09 1.7735E-09 2.2528E-09 2.5074E-09 2.7445E-09 3.0282E-09 3.3167E-09 3.5745E-09 3.8239E-09 4.0604E-09 4.2804E-09 4.4812E-09 4.8293E-09 5.0037E-09 5.3444E-09 5.4837E-09 5.5978E-09 5.6838E-09 5.7394E-09 5.2842E-09 5.2928E-09 5.2855E-09 5.2637E-09 5.2298E-09 5.1853E-09 5.1305E-09 5.0665E-09 4.9962E-09 4.9208E-09 4.8421E-09 4.7606E-09 4.6786E-09
4.4104E-10 4.6643E-10 4.9530E-10 5.2232E-10 5.5233E-10 5.7922E-10 6.1248E-10 6.4088E-10 6.7545E-10 7.0519E-10 7.3899E-10 7.7186E-10 8.0464E-10 8.4071E-10 8.7635E-10 9.1852E-10 9.5299E-10 1.0050E-09 1.0438E-09 1.0822E-09 1.1409E-09 1.1845E-09 1.2278E-09 1.2874E-09 1.3446E-09 1.4161E-09 1.5824E-09 2.0152E-09 2.3117E-09 2.5505E-09 2.8100E-09 3.0750E-09 3.3143E-09 3.5470E-09 3.7690E-09 3.9770E-09 4.1685E-09 4.3411E-09 4.4934E-09 4.6248E-09 4.7349E-09 4.8240E-09 4.8928E-09 4.9424E-09 4.9751E-09 4.9910E-09 4.9919E-09 4.9789E-09 4.9546E-09 4.9195E-09 4.8742E-09 4.8200E-09 4.7596E-09 4.6933E-09 4.6240E-09 4.5510E-09 4.4770E-09
4.2064E-10 4.4302E-10 4.7251E-10 4.9676E-10 5.2706E-10 5.5287E-10 5.8459E-10 6.1185E-10 6.4300E-10 6.7338E-10 7.0374E-10 7.3717E-10 7.6648E-10 8.0308E-10 8.3333E-10 8.7728E-10 9.1034E-10 9.5952E-10 9.9656E-10 1.0333E-09 1.0827E-09 1.1302E-09 1.1714E-09 1.2120E-09 1.2811E-09 1.3383E-09 1.4125E-09 1.8082E-09 2.1448E-09 2.3728E-09 2.6103E-09 2.8260E-09 3.0757E-09 3.2926E-09 3.5010E-09 3.6974E-09 3.8796E-09 4.0451E-09 4.1926E-09 4.3213E-09 4.4306E-09 4.5209E-09 4.5923E-09 4.6464E-09 4.6843E-09 4.7066E-09 4.7146E-09 4.7095E-09 4.6936E-09 4.6668E-09 4.6302E-09 4.5850E-09 4.5333E-09 4.4757E-09 4.4142E-09 4.3493E-09 4.2816E-09
4.0117E-10 4.2267E-10 4.5077E-10 4.7404E-10 5.0293E-10 5.2771E-10 5.5625E-10 5.8413E-10 6.1210E-10 6.4300E-10 6.7017E-10 7.0405E-10 7.3223E-10 7.6714E-10 7.9622E-10 8.3790E-10 8.6962E-10 9.1610E-10 9.5152E-10 9.8673E-10 1.0276E-09 1.0784E-09 1.1178E-09 1.1566E-09 1.2212E-09 1.2655E-09 1.3442E-09 1.6656E-09 2.0021E-09 2.2101E-09 2.4088E-09 2.6267E-09 2.8569E-09 3.0590E-09 3.2543E-09 3.4396E-09 3.6126E-09 3.7710E-09 3.9134E-09 4.0389E-09 4.1470E-09 4.2376E-09 4.3110E-09 4.3686E-09 4.4109E-09 4.4385E-09 4.4526E-09 4.4545E-09 4.4460E-09 4.4267E-09 4.3979E-09 4.3608E-09 4.3167E-09 4.2670E-09 4.2127E-09 4.1550E-09 4.0935E-09
