Assets/Resources/2015_m01_d25_2200(utc+0800)_l00_csi_1hr_conc.grd
DSAA
         159         159
     -79.000      79.000
     -79.000      79.000
  0.0000E+00  0.8626E-04
[rows 50 to 74 of 159, columns 57 to 113 of 159]
8.1170E-10 8.7249E-10 9.3634E-10 1.0032E-09 1.0732E-09 1.1640E-09 1.2414E-09 1.3217E-09 1.4047E-09 1.4903E-09 1.5783E-09 1.6820E-09 1.7939E-09 1.9412E-09 2.0473E-09 2.1848E-09 2.3255E-09 2.4570E-09 2.5947E-09 2.7145E-09 2.8331E-09 2.9497E-09 3.2789E-09 3.3975E-09 3.5098E-09 3.6151E-09 3.7119E-09 3.7995E-09 3.8777E-09 3.9464E-09 4.0047E-09 3.8543E-09 3.9075E-09 3.9537E-09 3.9221E-09 3.8810E-09 3.9201E-09 3.9536E-09 3.9813E-09 3.9757E-09 3.9721E-09 3.9732E-09 3.9868E-09 3.9944E-09 3.9955E-09 3.9912E-09 3.9817E-09 3.9670E-09 3.9473E-09 3.9227E-09 3.8862E-09 3.8531E-09 3.8154E-09 3.7671E-09 3.7217E-09 3.6723E-09 3.6190E-09
8.3298E-10 8.9594E-10 9.6208E-10 1.0490E-09 1.1232E-09 1.2005E-09 1.2810E-09 1.3644E-09 1.4507E-09 1.5528E-09 1.6461E-09 1.8116E-09 1.9196E-09 2.0603E-09 2.2207E-09 2.3465E-09 2.4743E-09 2.6249E-09 2.9802E-09 3.1310E-09 3.2789E-09 3.4222E-09 3.5593E-09 3.6889E-09 3.8099E-09 3.9219E-09 4.0229E-09 4.1123E-09 4.1898E-09 4.2552E-09 4.3081E-09 4.3490E-09 4.3793E-09 4.3999E-09 4.4117E-09 4.1344E-09 4.0956E-09 4.0920E-09 4.1156E-09 4.1333E-09 4.1453E-09 4.1219E-09 4.1164E-09 4.1056E-09 4.0886E-09 4.0809E-09 4.0678E-09 4.0495E-09 4.0262E-09 3.9979E-09 3.9649E-09 3.9272E-09 3.8784E-09 3.8329E-09 3.7834E-09 3.7241E-09 3.6677E-09
8.5576E-10 9.2105E-10 1.0083E-09 1.0821E-09 1.1593E-09 1.2398E-09 1.3236E-09 1.4230E-09 1.5147E-09 1.6243E-09 1.7849E-09 1.9257E-09 2.0893E-09 2.2206E-09 2.3555E-09 2.7344E-09 2.9054E-09 3.0782E-09 3.2510E-09 3.4219E-09 3.5888E-09 3.7499E-09 3.9029E-09 4.0460E-09 4.1779E-09 4.2981E-09 4.4041E-09 4.4953E-09 4.5713E-09 4.6322E-09 4.6777E-09 4.7083E-09 4.7261E-09 4.7321E-09 4.7279E-09 4.7148E-09 4.5864E-09 4.2856E-09 4.2644E-09 4.2767E-09 4.2831E-09 4.2846E-09 4.2466E-09 4.2398E-09 4.2168E-09 4.1758E-09 4.1589E-09 4.1366E-09 4.1093E-09 4.0769E-09 4.0399E-09 3.9982E-09 3.9522E-09 3.9020E-09 3.8415E-09 3.7844E-09 3.7177E-09
8.8015E-10 9.6749E-10 1.0408E-09 1.1178E-09 1.1982E-09 1.2822E-09 1.3829E-09 1.4897E-09 1.6447E-09 1.7565E-09 1.9171E-09 2.0794E-09 2.2191E-09 2.5841E-09 2.7942E-09 2.9866E-09 3.1831E-09 3.3818E-09 3.5804E-09 3.7764E-09 3.9673E-09 4.1505E-09 4.3233E-09 4.4833E-09 4.6287E-09 4.7588E-09 4.8708E-09 4.9638E-09 5.0376E-09 5.0922E-09 5.1278E-09 5.1451E-09 5.1465E-09 5.1337E-09 5.1088E-09 5.0736E-09 5.0301E-09 4.8519E-09 4.7153E-09 4.4356E-09 4.4352E-09 4.4303E-09 4.4202E-09 4.3635E-09 4.3449E-09 4.3214E-09 4.2712E-09 4.2286E-09 4.1968E-09 4.1601E-09 4.1186E-09 4.0726E-09 4.0222E-09 3.9678E-09 3.9095E-09 3.8409E-09 3.7764E-09
9.4619E-10 9.9931E-10 1.0758E-09 1.1561E-09 1.2522E-09 1.3420E-09 1.4507E-09 1.6109E-09 1.7657E-09 1.9252E-09 2.0664E-09 2.4242E-09 2.6186E-09 2.8515E-09 3.0673E-09 3.2904E-09 3.5186E-09 3.7494E-09 3.9800E-09 4.2074E-09 4.4281E-09 4.6388E-09 4.8361E-09 5.0171E-09 5.1791E-09 5.3213E-09 5.4404E-09 5.5353E-09 5.6058E-09 5.6522E-09 5.6749E-09 5.6748E-09 5.6553E-09 5.6185E-09 5.5672E-09 5.5039E-09 5.4314E-09 5.3522E-09 5.1191E-09 4.9381E-09 4.8336E-09 4.5910E-09 4.5723E-09 4.5470E-09 4.4724E-09 4.4419E-09 4.4067E-09 4.3672E-09 4.2892E-09 4.2476E-09 4.2013E-09 4.1506E-09 4.0955E-09 4.0365E-09 3.9737E-09 3.9073E-09 3.8308E-09
9.8253E-10 1.0574E-09 1.1134E-09 1.2099E-09 1.2999E-09 1.4102E-09 1.5747E-09 1.7346E-09 1.9010E-09 2.0491E-09 2.4342E-09 2.6740E-09 2.9019E-09 3.1425E-09 3.3942E-09 3.6550E-09 3.9222E-09 4.1928E-09 4.4630E-09 4.7290E-09 4.9865E-09 5.2312E-09 5.4589E-09 5.6657E-09 5.8481E-09 6.0049E-09 6.1324E-09 6.2294E-09 6.2953E-09 6.3309E-09 6.3370E-09 6.3151E-09 6.2690E-09 6.2020E-09 6.1174E-09 6.0189E-09 5.9101E-09 5.7941E-09 5.6741E-09 5.3827E-09 5.1549E-09 5.0776E-09 4.7398E-09 4.7050E-09 4.6654E-09 4.6213E-09 4.5291E-09 4.4820E-09 4.4309E-09 4.3548E-09 4.2883E-09 4.2323E-09 4.1722E-09 4.1082E-09 4.0405E-09 3.9694E-09 3.8952E-09
1.0214E-09 1.1011E-09 1.1957E-09 1.2967E-09 1.3682E-09 1.5356E-09 1.6995E-09 1.8538E-09 2.0262E-09 2.4340E-09 2.6924E-09 2.9411E-09 3.2068E-09 3.4883E-09 3.7837E-09 4.0905E-09 4.4055E-09 4.7246E-09 5.0433E-09 5.3566E-09 5.6591E-09 5.9455E-09 6.2102E-09 6.4485E-09 6.6559E-09 6.8304E-09 6.9680E-09 7.0669E-09 7.1269E-09 7.1488E-09 7.1341E-09 7.0847E-09 7.0055E-09 6.9008E-09 6.7750E-09 6.6328E-09 6.4789E-09 6.3176E-09 6.1527E-09 5.9876E-09 5.6372E-09 5.3624E-09 5.2582E-09 5.0990E-09 4.8279E-09 4.7733E-09 4.7149E-09 4.6054E-09 4.5459E-09 4.4832E-09 4.3950E-09 4.3180E-09 4.2523E-09 4.1830E-09 4.1101E-09 4.0340E-09 3.9549E-09
1.0634E-09 1.1600E-09 1.2648E-09 1.3842E-09 1.5253E-09 1.6890E-09 1.8458E-09 1.9739E-09 2.4211E-09 2.6964E-09 2.9647E-09 3.2548E-09 3.5659E-09 3.8966E-09 4.2449E-09 4.6074E-09 4.9801E-09 5.3580E-09 5.7355E-09 6.1062E-09 6.4634E-09 6.8003E-09 7.1100E-09 7.3864E-09 7.6240E-09 7.8198E-09 7.9692E-09 8.0703E-09 8.1226E-09 8.1273E-09 8.0867E-09 8.0035E-09 7.8836E-09 7.7325E-09 7.5561E-09 7.3604E-09 7.1515E-09 6.9347E-09 6.7151E-09 6.4969E-09 6.2850E-09 5.8766E-09 5.5524E-09 5.4217E-09 5.2336E-09 4.9390E-09 4.8690E-09 4.7960E-09 4.6693E-09 4.5975E-09 4.5231E-09 4.4234E-09 4.3362E-09 4.2610E-09 4.1825E-09 4.1010E-09 4.0167E-09
1.1195E-09 1.2263E-09 1.3496E-09 1.4943E-09 1.6443E-09 1.7993E-09 1.9735E-09 2.4287E-09 2.6836E-09 2.9692E-09 3.2815E-09 3.6207E-09 3.9859E-09 4.3756E-09 4.7869E-09 5.2161E-09 5.6580E-09 6.1065E-09 6.5546E-09 6.9942E-09 7.4170E-09 7.8144E-09 8.1781E-09 8.5002E-09 8.7740E-09 8.9951E-09 9.1585E-09 9.2618E-09 9.3045E-09 9.2881E-09 9.2160E-09 9.0916E-09 8.9222E-09 8.7150E-09 8.4773E-09 8.2170E-09 7.9414E-09 7.6576E-09 7.3720E-09 7.0901E-09 6.8176E-09 6.5566E-09 6.0913E-09 5.7217E-09 5.5652E-09 5.4167E-09 5.0363E-09 4.9506E-09 4.8630E-09 4.7737E-09 4.6870E-09 4.6006E-09 4.4857E-09 4.3423E-09 4.2578E-09 4.1705E-09 4.0806E-09
1.1814E-09 1.3086E-09 1.4534E-09 1.6076E-09 1.7683E-09 1.9233E-09 2.3707E-09 2.6627E-09 2.9559E-09 3.2832E-09 3.6473E-09 4.0443E-09 4.4735E-09 4.9327E-09 5.4188E-09 5.9268E-09 6.4507E-09 6.9829E-09 7.5146E-09 8.0360E-09 8.5366E-09 9.0060E-09 9.4337E-09 9.8101E-09 1.0127E-08 1.0378E-08 1.0558E-08 1.0663E-08 1.0694E-08 1.0652E-08 1.0542E-08 1.0368E-08 1.0140E-08 9.8655E-09 9.5547E-09 9.2170E-09 8.8619E-09 8.4983E-09 8.1342E-09 7.7765E-09 7.4319E-09 7.1028E-09 6.7918E-09 6.2771E-09 5.8666E-09 5.6855E-09 5.5154E-09 5.1849E-09 5.0845E-09 4.9821E-09 4.8776E-09 4.7222E-09 4.6174E-09 4.4743E-09 4.3360E-09 4.2425E-09 4.1467E-09
1.2595E-09 1.3722E-09 1.5353E-09 1.7069E-09 1.8866E-09 2.3052E-09 2.5924E-09 2.9287E-09 3.2679E-09 3.6449E-09 4.0662E-09 4.5307E-09 5.0343E-09 5.5749E-09 6.1482E-09 6.7486E-09 7.3685E-09 7.9987E-09 8.6284E-09 9.2457E-09 9.8377E-09 1.0391E-08 1.0894E-08 1.1334E-08 1.1701E-08 1.1987E-08 1.2186E-08 1.2294E-08 1.2311E-08 1.2239E-08 1.2084E-08 1.1852E-08 1.1553E-08 1.1200E-08 1.0803E-08 1.0374E-08 9.9251E-09 9.4676E-09 9.0111E-09 8.5644E-09 8.1349E-09 7.7261E-09 7.3420E-09 6.9836E-09 6.6570E-09 6.1719E-09 5.7834E-09 5.6050E-09 5.2708E-09 5.1514E-09 5.0312E-09 4.9053E-09 4.7326E-09 4.6168E-09 4.4649E-09 4.3170E-09 4.2150E-09
1.3204E-09 1.4797E-09 1.6527E-09 1.8150E-09 2.2455E-09 2.5406E-09 2.8841E-09 3.2307E-09 3.6205E-09 4.0581E-09 4.5431E-09 5.0837E-09 5.6733E-09 6.3075E-09 6.9817E-09 7.6888E-09 8.4197E-09 9.1633E-09 9.9065E-09 1.0635E-08 1.1333E-08 1.1984E-08 1.2574E-08 1.3088E-08 1.3512E-08 1.3839E-08 1.4060E-08 1.4171E-08 1.4171E-08 1.4064E-08 1.3856E-08 1.3556E-08 1.3177E-08 1.2731E-08 1.2233E-08 1.1698E-08 1.1141E-08 1.0574E-08 1.0011E-08 9.4607E-09 8.9328E-09 8.4319E-09 7.9575E-09 7.5240E-09 7.1283E-09 6.7697E-09 6.2773E-09 6.0318E-09 5.4708E-09 5.3340E-09 5.1907E-09 5.0495E-09 4.9110E-09 4.7270E-09 4.6009E-09 4.4416E-09 4.2852E-09
1.4203E-09 1.5894E-09 1.7513E-09 2.1411E-09 2.4323E-09 2.7690E-09 3.1680E-09 3.5674E-09 4.0167E-09 4.5216E-09 5.0847E-09 5.7059E-09 6.3933E-09 7.1343E-09 7.9234E-09 8.7522E-09 9.6098E-09 1.0483E-08 1.1356E-08 1.2211E-08 1.3030E-08 1.3793E-08 1.4574E-08 1.5188E-08 1.5692E-08 1.6074E-08 1.6323E-08 1.6434E-08 1.6285E-08 1.6138E-08 1.5870E-08 1.5492E-08 1.5019E-08 1.4467E-08 1.3854E-08 1.3198E-08 1.2516E-08 1.1825E-08 1.1139E-08 1.0470E-08 9.8297E-09 9.2112E-09 8.6424E-09 8.1216E-09 7.6475E-09 7.2345E-09 6.8648E-09 6.3533E-09 6.0851E-09 5.5229E-09 5.3607E-09 5.2028E-09 5.0488E-09 4.8987E-09 4.7523E-09 4.5698E-09 4.4043E-09
1.4957E-09 1.6812E-09 1.8572E-09 2.3350E-09 2.6341E-09 3.0193E-09 3.4761E-09 3.9382E-09 4.4555E-09 5.0364E-09 5.6865E-09 6.4058E-09 7.1953E-09 8.0564E-09 8.9747E-09 9.9404E-09 1.0941E-08 1.1959E-08 1.2978E-08 1.4061E-08 1.5046E-08 1.5967E-08 1.6802E-08 1.7526E-08 1.8119E-08 1.8666E-08 1.8953E-08 1.9066E-08 1.8897E-08 1.8464E-08 1.8129E-08 1.7663E-08 1.7084E-08 1.6413E-08 1.5670E-08 1.4877E-08 1.4054E-08 1.3222E-08 1.2397E-08 1.1595E-08 1.0804E-08 1.0070E-08 9.3932E-09 8.7737E-09 8.2268E-09 7.7433E-09 7.3048E-09 6.9091E-09 6.5486E-09 6.0920E-09 5.5415E-09 5.3651E-09 5.1944E-09 5.0290E-09 4.8686E-09 4.7128E-09 4.4964E-09
1.6061E-09 1.7790E-09 2.1943E-09 2.5160E-09 2.8953E-09 3.2897E-09 3.8114E-09 4.3384E-09 4.9344E-09 5.6018E-09 6.3471E-09 7.1756E-09 8.0834E-09 9.0719E-09 1.0133E-08 1.1251E-08 1.2409E-08 1.3590E-08 1.4884E-08 1.6086E-08 1.7247E-08 1.8444E-08 1.9465E-08 2.0355E-08 2.1084E-08 2.1624E-08 2.1955E-08 2.2067E-08 2.1960E-08 2.1446E-08 2.0629E-08 2.0065E-08 1.9369E-08 1.8565E-08 1.7678E-08 1.6732E-08 1.5753E-08 1.4763E-08 1.3785E-08 1.2795E-08 1.1864E-08 1.1001E-08 1.0203E-08 9.4888E-09 8.8614E-09 8.2938E-09 7.7803E-09 7.3173E-09 6.8955E-09 6.5185E-09 5.8703E-09 5.5365E-09 5.3475E-09 5.1655E-09 4.9901E-09 4.8208E-09 4.6570E-09
1.6956E-09 1.8826E-09 2.3506E-09 2.7096E-09 3.1352E-09 3.6466E-09 4.1721E-09 4.7688E-09 5.4481E-09 6.2121E-09 7.0646E-09 8.0100E-09 9.0505E-09 1.0178E-08 1.1393E-08 1.2677E-08 1.4097E-08 1.5502E-08 1.6925E-08 1.8446E-08 1.9864E-08 2.1216E-08 2.2460E-08 2.3551E-08 2.4445E-08 2.5102E-08 2.5493E-08 2.5602E-08 2.5431E-08 2.4596E-08 2.3357E-08 2.2686E-08 2.1862E-08 2.0913E-08 1.9867E-08 1.8754E-08 1.7604E-08 1.6443E-08 1.5236E-08 1.4081E-08 1.3000E-08 1.1990E-08 1.1075E-08 1.0272E-08 9.5440E-09 8.8828E-09 8.2890E-09 7.7480E-09 7.2657E-09 6.8363E-09 6.4540E-09 5.8424E-09 5.5078E-09 5.3081E-09 5.1166E-09 4.9327E-09 4.7558E-09
1.7896E-09 2.2143E-09 2.5564E-09 2.9144E-09 3.3896E-09 3.9632E-09 4.5521E-09 5.2270E-09 5.9932E-09 6.8607E-09 7.8296E-09 8.9040E-09 1.0085E-08 1.1369E-08 1.2744E-08 1.4299E-08 1.5874E-08 1.7504E-08 1.9299E-08 2.1030E-08 2.2748E-08 2.4406E-08 2.5951E-08 2.7321E-08 2.8449E-08 2.9273E-08 2.9747E-08 2.9848E-08 2.9580E-08 2.8972E-08 2.7407E-08 2.5504E-08 2.4542E-08 2.3436E-08 2.2220E-08 2.0927E-08 1.9592E-08 1.8161E-08 1.6763E-08 1.5440E-08 1.4187E-08 1.3040E-08 1.2027E-08 1.1107E-08 1.0266E-08 9.5078E-09 8.8197E-09 8.2042E-09 7.6570E-09 7.1716E-09 6.7411E-09 6.1657E-09 5.7879E-09 5.4561E-09 5.2475E-09 5.0482E-09 4.8575E-09
1.8875E-09 2.3578E-09 2.7348E-09 3.1287E-09 3.6565E-09 4.2958E-09 4.9514E-09 5.7057E-09 6.5660E-09 7.5393E-09 8.6331E-09 9.8446E-09 1.1176E-08 1.2624E-08 1.4267E-08 1.5972E-08 1.7780E-08 1.9818E-08 2.1847E-08 2.3934E-08 2.6042E-08 2.8117E-08 3.0085E-08 3.1854E-08 3.3323E-08 3.4394E-08 3.4991E-08 3.5077E-08 3.4658E-08 3.3785E-08 3.2541E-08 3.0016E-08 2.7379E-08 2.6108E-08 2.4711E-08 2.3228E-08 2.1580E-08 1.9933E-08 1.8353E-08 1.6834E-08 1.5430E-08 1.4175E-08 1.3031E-08 1.1979E-08 1.1023E-08 1.0156E-08 9.3764E-09 8.6820E-09 8.0663E-09 7.5217E-09 7.0404E-09 6.6144E-09 6.0762E-09 5.7085E-09 5.3823E-09 5.1668E-09 4.9615E-09
1.9888E-09 2.5059E-09 2.9191E-09 3.4144E-09 4.0154E-09 4.6405E-09 5.3654E-09 6.2011E-09 7.1579E-09 8.2420E-09 9.4609E-09 1.0817E-08 1.2307E-08 1.3925E-08 1.5803E-08 1.7738E-08 1.9957E-08 2.2240E-08 2.4662E-08 2.7207E-08 2.9838E-08 3.2490E-08 3.5060E-08 4.0462E-08 4.3038E-08 4.4886E-08 4.5801E-08 4.5687E-08 4.4596E-08 4.2702E-08 3.7983E-08 3.5888E-08 3.0332E-08 2.8889E-08 2.7305E-08 2.5469E-08 2.3583E-08 2.1749E-08 1.9951E-08 1.8271E-08 1.6754E-08 1.5361E-08 1.4068E-08 1.2882E-08 1.1803E-08 1.0826E-08 9.9531E-09 9.1767E-09 8.4897E-09 7.8835E-09 7.3491E-09 6.8779E-09 6.2817E-09 5.9615E-09 5.6060E-09 5.2878E-09 5.0673E-09
2.3233E-09 2.6568E-09 3.1073E-09 3.6489E-09 4.3080E-09 4.9927E-09 5.7882E-09 6.7069E-09 7.7602E-09 8.9578E-09 1.0304E-08 1.1805E-08 1.3457E-08 1.5370E-08 1.7386E-08 1.9716E-08 2.2173E-08 2.4854E-08 2.7767E-08 3.0906E-08 3.4242E-08 4.1271E-08 4.6085E-08 5.0719E-08 5.4705E-08 5.7557E-08 5.8894E-08 5.8551E-08 5.6626E-08 5.3450E-08 4.9474E-08 4.5174E-08 3.6329E-08 3.1734E-08 2.9764E-08 2.7668E-08 2.5600E-08 2.3531E-08 2.1570E-08 1.9782E-08 1.8123E-08 1.6566E-08 1.5123E-08 1.3801E-08 1.2596E-08 1.1512E-08 1.0543E-08 9.6823E-09 8.9222E-09 8.2528E-09 7.6642E-09 7.1463E-09 6.4912E-09 6.1425E-09 5.8245E-09 5.4827E-09 5.1740E-09
2.4504E-09 2.8640E-09 3.2969E-09 3.8852E-09 4.6026E-09 5.3470E-09 6.2131E-09 7.2147E-09 8.3645E-09 9.6732E-09 1.1148E-08 1.2792E-08 1.4695E-08 1.6743E-08 1.9111E-08 2.1663E-08 2.5024E-08 2.8596E-08 3.2780E-08 4.0585E-08 4.8030E-08 5.6728E-08 6.6282E-08 7.5908E-08 8.4482E-08 9.0807E-08 7.8154E-08 7.7413E-08 8.8304E-08 8.1285E-08 6.2348E-08 5.5544E-08 4.9043E-08 3.7546E-08 3.2100E-08 2.9840E-08 2.7526E-08 2.5302E-08 2.3252E-08 2.1323E-08 1.9491E-08 1.7772E-08 1.6180E-08 1.4721E-08 1.3395E-08 1.2202E-08 1.1137E-08 1.0192E-08 9.3583E-09 8.6252E-09 7.9816E-09 7.4168E-09 6.9202E-09 6.3250E-09 5.9816E-09 5.6683E-09 5.3410E-09
2.5769E-09 3.0213E-09 3.5565E-09 4.1197E-09 4.8947E-09 5.6976E-09 6.6330E-09 7.7159E-09 8.9601E-09 1.0377E-08 1.1976E-08 1.3759E-08 1.5850E-08 1.8098E-08 2.0757E-08 2.4087E-08 2.7743E-08 3.2140E-08 4.0538E-08 4.9308E-08 6.0403E-08 7.3795E-08 8.8879E-08 1.0435E-07 1.1831E-07 1.2867E-07 1.3354E-07 1.3177E-07 1.2304E-07 1.1145E-07 9.7407E-08 8.2866E-08 6.9093E-08 5.7145E-08 4.4657E-08 3.4609E-08 3.1050E-08 2.8063E-08 2.4938E-08 2.2833E-08 2.0832E-08 1.8957E-08 1.7222E-08 1.5631E-08 1.4186E-08 1.2886E-08 1.1726E-08 1.0698E-08 9.7916E-09 8.9954E-09 8.2974E-09 7.6857E-09 7.1491E-09 6.5070E-09 6.1380E-09 5.8024E-09 5.4959E-09
2.7011E-09 3.1755E-09 3.7478E-09 4.4460E-09 5.1792E-09 6.0384E-09 7.0401E-09 8.2006E-09 9.5350E-09 1.1056E-08 1.2772E-08 1.4688E-08 1.6963E-08 1.9533E-08 2.2706E-08 2.6272E-08 3.0611E-08 3.6025E-08 4.7988E-08 6.0459E-08 7.6758E-08 9.6948E-08 1.2015E-07 1.4431E-07 1.6641E-07 1.8278E-07 1.9048E-07 1.8663E-07 1.7172E-07 1.5340E-07 1.3140E-07 1.0860E-07 8.7607E-08 7.0121E-08 5.2073E-08 3.7945E-08 3.3771E-08 3.0310E-08 2.7313E-08 2.4678E-08 2.2122E-08 2.0102E-08 1.8232E-08 1.6514E-08 1.4955E-08 1.3552E-08 1.2301E-08 1.1192E-08 1.0215E-08 9.3578E-09 8.6068E-09 7.9495E-09 7.3736E-09 6.6864E-09 6.2919E-09 5.9341E-09 5.6083E-09
2.8805E-09 3.3244E-09 4.0165E-09 4.6759E-09 5.4521E-09 6.3628E-09 7.4264E-09 8.6592E-09 1.0077E-08 1.1694E-08 1.3519E-08 1.5660E-08 1.8005E-08 2.0800E-08 2.4379E-08 2.8447E-08 3.3556E-08 4.4427E-08 5.6816E-08 7.4114E-08 9.7332E-08 1.2667E-07 1.6092E-07 1.9704E-07 2.3038E-07 2.5523E-07 2.6695E-07 2.5898E-07 2.3565E-07 2.0816E-07 1.7504E-07 1.4128E-07 1.1145E-07 8.6529E-08 6.7040E-08 4.5567E-08 3.6665E-08 3.2550E-08 2.9124E-08 2.6188E-08 2.3612E-08 2.1187E-08 1.9188E-08 1.7353E-08 1.5687E-08 1.4188E-08 1.2851E-08 1.1666E-08 1.0622E-08 9.7067E-09 8.9050E-09 8.2040E-09 7.5904E-09 6.8609E-09 6.4414E-09 6.0619E-09 5.7170E-09
2.9999E-09 3.5425E-09 4.2008E-09 4.8936E-09 5.7087E-09 6.6655E-09 7.7823E-09 9.0779E-09 1.0570E-08 1.2275E-08 1.4200E-08 1.6469E-08 1.8953E-08 2.2264E-08 2.5950E-08 3.0532E-08 3.9538E-08 5.0560E-08 6.6688E-08 8.9785E-08 1.2143E-07 1.6206E-07 2.1008E-07 2.6124E-07 3.0884E-07 3.4454E-07 3.6144E-07 3.4625E-07 3.1280E-07 2.7361E-07 2.2717E-07 1.8212E-07 1.4067E-07 1.0607E-07 7.9654E-08 5.5705E-08 4.2323E-08 3.4724E-08 3.0843E-08 2.7600E-08 2.4819E-08 2.2185E-08 2.0072E-08 1.8131E-08 1.6368E-08 1.4781E-08 1.3366E-08 1.2111E-08 1.1006E-08 1.0036E-08 9.1873E-09 8.4453E-09 7.7963E-09 7.0282E-09 6.5846E-09 6.1839E-09 5.8207E-09
