Assets/Resources/2015_m01_d07_0900(utc+0800)_l00_csi_1hr_conc.grd
DSAA
         159         159
     -79.000      79.000
     -79.000      79.000
  0.0000E+00  0.1207E-04
[rows 75 to 99 of 159, columns 57 to 113 of 159]
1.9309E-10 2.1359E-10 2.3670E-10 2.6471E-10 3.1056E-10 3.7285E-10 4.4701E-10 5.2878E-10 6.1510E-10 7.1398E-10 8.3143E-10 9.7029E-10 1.1334E-09 1.3376E-09 1.5589E-09 1.8329E-09 2.1215E-09 2.4790E-09 2.8768E-09 3.3486E-09 3.9717E-09 5.0136E-09 7.0951E-09 3.2512E-08 1.5351E-07 4.0554E-07 4.6417E-07 4.0404E-07 3.2588E-07 2.5110E-07 1.8732E-07 1.3506E-07 9.5627E-08 6.7589E-08 4.8079E-08 3.4975E-08 2.6442E-08 2.0940E-08 1.7405E-08 1.5115E-08 1.3504E-08 1.2352E-08 1.1451E-08 1.0717E-08 1.0078E-08 9.4899E-09 8.9230E-09 8.3740E-09 7.8538E-09 7.3621E-09 6.8951E-09 6.4548E-09 6.0459E-09 5.6651E-09 5.3104E-09 4.9809E-09 4.6731E-09
1.6890E-10 1.8992E-10 2.0711E-10 2.3328E-10 2.7013E-10 3.2497E-10 3.9115E-10 4.6745E-10 5.4982E-10 6.3789E-10 7.4240E-10 8.6583E-10 1.0107E-09 1.1795E-09 1.3745E-09 1.6123E-09 1.8664E-09 2.1869E-09 2.5392E-09 2.9444E-09 3.4524E-09 4.2995E-09 6.1788E-09 7.6234E-08 6.0748E-07 8.5296E-07 5.7087E-07 3.9274E-07 2.8469E-07 2.1160E-07 1.5205E-07 1.0860E-07 7.6766E-08 5.4494E-08 3.9236E-08 2.8977E-08 2.2257E-08 1.7926E-08 1.5117E-08 1.3287E-08 1.1989E-08 1.1036E-08 1.0303E-08 9.6907E-09 9.1413E-09 8.6396E-09 8.1470E-09 7.6690E-09 7.2155E-09 6.7794E-09 6.3596E-09 5.9650E-09 5.5992E-09 5.2476E-09 4.9301E-09 4.6402E-09 4.3700E-09
1.3746E-10 1.6570E-10 1.8305E-10 2.0465E-10 2.3559E-10 2.7975E-10 3.3712E-10 4.0727E-10 4.8449E-10 5.6661E-10 6.5875E-10 7.6745E-10 8.9494E-10 1.0434E-09 1.2148E-09 1.4109E-09 1.6329E-09 1.9017E-09 2.2072E-09 2.5596E-09 2.9894E-09 3.6052E-09 4.9667E-09 5.7226E-07 1.1990E-06 9.0603E-07 4.3300E-07 2.6255E-07 1.8585E-07 1.4061E-07 1.0537E-07 7.7026E-08 5.5895E-08 4.0797E-08 3.0208E-08 2.2988E-08 1.8204E-08 1.5026E-08 1.2987E-08 1.1590E-08 1.0597E-08 9.8316E-09 9.2370E-09 8.7343E-09 8.2693E-09 7.8403E-09 7.4176E-09 7.0075E-09 6.6137E-09 6.2251E-09 5.8618E-09 5.5165E-09 5.1807E-09 4.8841E-09 4.6050E-09 4.3389E-09 4.0854E-09
1.1130E-10 1.3460E-10 1.5098E-10 1.7690E-10 2.0484E-10 2.3715E-10 2.8591E-10 3.4922E-10 4.1832E-10 4.9967E-10 5.8090E-10 6.7579E-10 7.8698E-10 9.1637E-10 1.0657E-09 1.2364E-09 1.4295E-09 1.6462E-09 1.8981E-09 2.1971E-09 2.5373E-09 2.9960E-09 3.8904E-09 2.3428E-06 1.5082E-06 7.3551E-07 1.4885E-07 9.2615E-08 8.4161E-08 7.3836E-08 6.0452E-08 4.8245E-08 3.7252E-08 2.8676E-08 2.2276E-08 1.7726E-08 1.4615E-08 1.2471E-08 1.1071E-08 1.0046E-08 9.3313E-09 8.7025E-09 8.2594E-09 7.8363E-09 7.4555E-09 7.0962E-09 6.7342E-09 6.3825E-09 6.0396E-09 5.7133E-09 5.3833E-09 5.0874E-09 4.8012E-09 4.5413E-09 4.2892E-09 4.0447E-09 3.8295E-09
9.9351E-11 1.0878E-10 1.2053E-10 1.4282E-10 1.6590E-10 2.0101E-10 2.4320E-10 2.9328E-10 3.5688E-10 4.2911E-10 5.0636E-10 5.9130E-10 6.8742E-10 7.9916E-10 9.2805E-10 1.0752E-09 1.2417E-09 1.4277E-09 1.6366E-09 1.8804E-09 2.1436E-09 2.4913E-09 3.0081E-09 1.2070E-05 1.6425E-06 1.9854E-07 2.4364E-08 2.9190E-08 3.2879E-08 3.3947E-08 3.1414E-08 2.7539E-08 2.3204E-08 1.9417E-08 1.6031E-08 1.3514E-08 1.1631E-08 1.0328E-08 9.3981E-09 8.7139E-09 8.1753E-09 7.7191E-09 7.3606E-09 7.0222E-09 6.7037E-09 6.3876E-09 6.0935E-09 5.8019E-09 5.4979E-09 5.2213E-09 4.9491E-09 4.6912E-09 4.4519E-09 4.2088E-09 3.9883E-09 3.7858E-09 3.5965E-09
7.4781E-11 9.4282E-11 1.0577E-10 1.1545E-10 1.2983E-10 1.6055E-10 1.9500E-10 2.4241E-10 3.0048E-10 3.6040E-10 4.3371E-10 5.1159E-10 5.9382E-10 6.9232E-10 8.0252E-10 9.2836E-10 1.0705E-09 1.2292E-09 1.4043E-09 1.6011E-09 1.8251E-09 2.0661E-09 2.3879E-09 2.9224E-09 3.7949E-09 8.5449E-09 1.0983E-08 1.3289E-08 1.4781E-08 1.5953E-08 1.6351E-08 1.5541E-08 1.4385E-08 1.2945E-08 1.1544E-08 1.0323E-08 9.2908E-09 8.5620E-09 7.9800E-09 7.5387E-09 7.1376E-09 6.8299E-09 6.5269E-09 6.2643E-09 5.9938E-09 5.7390E-09 5.4949E-09 5.2543E-09 5.0096E-09 4.7719E-09 4.5466E-09 4.3180E-09 4.1050E-09 3.9061E-09 3.7176E-09 3.5393E-09 3.1104E-09
6.4032E-11 7.5441E-11 8.5145E-11 1.0000E-10 1.1245E-10 1.2748E-10 1.5087E-10 1.9222E-10 2.3616E-10 3.0033E-10 3.6419E-10 4.3426E-10 5.0952E-10 5.9042E-10 6.8666E-10 7.9597E-10 9.1620E-10 1.0503E-09 1.1982E-09 1.3590E-09 1.5393E-09 1.7394E-09 1.9510E-09 2.2380E-09 2.6835E-09 4.4068E-09 6.2708E-09 7.4956E-09 8.4229E-09 8.9858E-09 9.3094E-09 9.4210E-09 9.2774E-09 8.8933E-09 8.4773E-09 7.9395E-09 7.4999E-09 7.1174E-09 6.7842E-09 6.4812E-09 6.2448E-09 5.9926E-09 5.7772E-09 5.5633E-09 5.3484E-09 5.1576E-09 4.9533E-09 4.7558E-09 4.5560E-09 4.3467E-09 4.1582E-09 3.9757E-09 3.7976E-09 3.6254E-09 3.4607E-09 3.3063E-09 2.9111E-09
4.7623E-11 5.7134E-11 7.0613E-11 8.2830E-11 9.0353E-11 1.1023E-10 1.2716E-10 1.5113E-10 1.8149E-10 2.2569E-10 2.8700E-10 3.5118E-10 4.2752E-10 5.0262E-10 5.8079E-10 6.7261E-10 7.7606E-10 8.8827E-10 1.0148E-09 1.1492E-09 1.2936E-09 1.4528E-09 1.6276E-09 1.8041E-09 2.0218E-09 2.3617E-09 4.0443E-09 4.8408E-09 5.4311E-09 5.8763E-09 6.2189E-09 6.4392E-09 6.4814E-09 6.5357E-09 6.4319E-09 6.3201E-09 6.1583E-09 5.9739E-09 5.7957E-09 5.6295E-09 5.4544E-09 5.2763E-09 5.1013E-09 4.9378E-09 4.7756E-09 4.6150E-09 4.4494E-09 4.2901E-09 4.1296E-09 3.9702E-09 3.8135E-09 3.6587E-09 3.5061E-09 3.3592E-09 3.2181E-09 2.8208E-09 2.7208E-09
3.6093E-11 4.4807E-11 5.3294E-11 6.6308E-11 7.7446E-11 8.7910E-11 9.9936E-11 1.2526E-10 1.5145E-10 1.8187E-10 2.2279E-10 2.7475E-10 3.3243E-10 4.0775E-10 4.8023E-10 5.6152E-10 6.5016E-10 7.4306E-10 8.4808E-10 9.5947E-10 1.0818E-09 1.2079E-09 1.3457E-09 1.4952E-09 1.6379E-09 1.7881E-09 1.9608E-09 3.3456E-09 3.8392E-09 4.2003E-09 4.5368E-09 4.8057E-09 4.9706E-09 5.0773E-09 5.1558E-09 5.1580E-09 5.1104E-09 5.0409E-09 4.9618E-09 4.8611E-09 4.7470E-09 4.6141E-09 4.4920E-09 4.3745E-09 4.2496E-09 4.1299E-09 4.0068E-09 3.8794E-09 3.7498E-09 3.6199E-09 3.4904E-09 3.3607E-09 3.2325E-09 3.1080E-09 2.7122E-09 2.6225E-09 2.5422E-09
2.2443E-11 3.2130E-11 4.1847E-11 5.0407E-11 6.1510E-11 7.2274E-11 8.3171E-11 9.9149E-11 1.2011E-10 1.4871E-10 1.7910E-10 2.2007E-10 2.6906E-10 3.2004E-10 3.8478E-10 4.5061E-10 5.2760E-10 6.0959E-10 7.0099E-10 7.9748E-10 8.9543E-10 1.0015E-09 1.1088E-09 1.2187E-09 1.3384E-09 1.4586E-09 1.5705E-09 2.3407E-09 2.7260E-09 3.0437E-09 3.3627E-09 3.6770E-09 3.9227E-09 4.0507E-09 4.2083E-09 4.2833E-09 4.2938E-09 4.2878E-09 4.2454E-09 4.2080E-09 4.1307E-09 4.0529E-09 3.9672E-09 3.8811E-09 3.7878E-09 3.6956E-09 3.6007E-09 3.5011E-09 3.3986E-09 3.2947E-09 3.1881E-09 3.0812E-09 2.9750E-09 2.8696E-09 2.5063E-09 2.4374E-09 2.3720E-09
1.2265E-11 1.9528E-11 2.7244E-11 3.9597E-11 4.7519E-11 5.8116E-11 6.4808E-11 7.7962E-11 9.3675E-11 1.1573E-10 1.4253E-10 1.7431E-10 2.1371E-10 2.6076E-10 3.0828E-10 3.6742E-10 4.2642E-10 4.8783E-10 5.5878E-10 6.3423E-10 7.2417E-10 8.1210E-10 9.0653E-10 9.9780E-10 1.0894E-09 1.1764E-09 1.2670E-09 1.3571E-09 2.0173E-09 2.2890E-09 2.5681E-09 2.8445E-09 3.0932E-09 3.2760E-09 3.4214E-09 3.5619E-09 3.6046E-09 3.6360E-09 3.6291E-09 3.6165E-09 3.5944E-09 3.5483E-09 3.4939E-09 3.4344E-09 3.3683E-09 3.3003E-09 3.2295E-09 3.1539E-09 3.0748E-09 2.9930E-09 2.9078E-09 2.8196E-09 2.7330E-09 2.3712E-09 2.3168E-09 2.2661E-09 2.2145E-09
6.3164E-12 1.1533E-11 1.6214E-11 2.5877E-11 3.4121E-11 4.4915E-11 5.4707E-11 6.1664E-11 7.4629E-11 8.9537E-11 1.1020E-10 1.3316E-10 1.6514E-10 2.0110E-10 2.4676E-10 2.9118E-10 3.4496E-10 4.0226E-10 4.5713E-10 5.1640E-10 5.7984E-10 6.4669E-10 7.1771E-10 7.9019E-10 8.6448E-10 9.4327E-10 1.0099E-09 1.0763E-09 1.3316E-09 1.7074E-09 1.9437E-09 2.1931E-09 2.4340E-09 2.6155E-09 2.7529E-09 2.8692E-09 3.0032E-09 3.0558E-09 3.0950E-09 3.0993E-09 3.1143E-09 3.0954E-09 3.0680E-09 3.0319E-09 2.9889E-09 2.9418E-09 2.8914E-09 2.8362E-09 2.7770E-09 2.7122E-09 2.6458E-09 2.5763E-09 2.2179E-09 2.1802E-09 2.1446E-09 2.1026E-09 2.0591E-09
3.7876E-12 5.7492E-12 1.1818E-11 1.6886E-11 2.2019E-11 3.0366E-11 3.8759E-11 4.9794E-11 5.8450E-11 6.9523E-11 8.5193E-11 1.0433E-10 1.2690E-10 1.5218E-10 1.8593E-10 2.2970E-10 2.6915E-10 3.1575E-10 3.7087E-10 4.2176E-10 4.7246E-10 5.2584E-10 5.8116E-10 6.3752E-10 6.9389E-10 7.4910E-10 8.0192E-10 8.5112E-10 8.9713E-10 1.2596E-09 1.4679E-09 1.6869E-09 1.8974E-09 2.0828E-09 2.2313E-09 2.3390E-09 2.4954E-09 2.5532E-09 2.6163E-09 2.6494E-09 2.6626E-09 2.6907E-09 2.6859E-09 2.6704E-09 2.6467E-09 2.6178E-09 2.5827E-09 2.5448E-09 2.5027E-09 2.4559E-09 2.3997E-09 2.0529E-09 2.0322E-09 2.0087E-09 1.9761E-09 1.9498E-09 1.6828E-09
1.8867E-13 3.2498E-12 6.6810E-12 1.0014E-11 1.5122E-11 2.0368E-11 2.6209E-11 3.1911E-11 4.2497E-11 5.1161E-11 6.4827E-11 7.7278E-11 9.7919E-11 1.1775E-10 1.3973E-10 1.6861E-10 2.0688E-10 2.4595E-10 2.8274E-10 3.2882E-10 3.7845E-10 4.2390E-10 4.6845E-10 5.1366E-10 5.5823E-10 6.0188E-10 6.4365E-10 6.8257E-10 7.1767E-10 7.4807E-10 1.0847E-09 1.2749E-09 1.4601E-09 1.6302E-09 1.7794E-09 1.8916E-09 2.0021E-09 2.1309E-09 2.1953E-09 2.2569E-09 2.2838E-09 2.3187E-09 2.3428E-09 2.3451E-09 2.3375E-09 2.3245E-09 2.3049E-09 2.2813E-09 2.2515E-09 2.2028E-09 1.8766E-09 1.8707E-09 1.8582E-09 1.8438E-09 1.8273E-09 1.5616E-09 1.5631E-09
0.0000E+00 0.0000E+00 2.4169E-12 5.8965E-12 8.2183E-12 1.2903E-11 2.0989E-11 2.3997E-11 3.2004E-11 3.5717E-11 4.5346E-11 5.6099E-11 6.9045E-11 8.8786E-11 1.0664E-10 1.2813E-10 1.5128E-10 1.8250E-10 2.1912E-10 2.5291E-10 2.8676E-10 3.2720E-10 3.6931E-10 4.0816E-10 4.4373E-10 4.7790E-10 5.1210E-10 5.4281E-10 5.7085E-10 5.9523E-10 8.1044E-10 9.4604E-10 1.1078E-09 1.2603E-09 1.4065E-09 1.5139E-09 1.6074E-09 1.7066E-09 1.8266E-09 1.8912E-09 1.9529E-09 1.9890E-09 2.0389E-09 2.0565E-09 2.0617E-09 2.0622E-09 2.0535E-09 2.0300E-09 1.9942E-09 1.6946E-09 1.6996E-09 1.7020E-09 1.7018E-09 1.6915E-09 1.4325E-09 1.4462E-09 1.4581E-09
0.0000E+00 0.0000E+00 0.0000E+00 1.3915E-12 4.9761E-12 6.8394E-12 1.0047E-11 1.8564E-11 2.3269E-11 2.9050E-11 3.3095E-11 3.9126E-11 4.9183E-11 5.9710E-11 7.6638E-11 9.2225E-11 1.1354E-10 1.3288E-10 1.5817E-10 1.8960E-10 2.1966E-10 2.4848E-10 2.7622E-10 3.0897E-10 3.4541E-10 3.7586E-10 4.0284E-10 4.2721E-10 4.4937E-10 4.6804E-10 4.8490E-10 6.9755E-10 8.3042E-10 9.6414E-10 1.0917E-09 1.2034E-09 1.3007E-09 1.3917E-09 1.5213E-09 1.5791E-09 1.6588E-09 1.7072E-09 1.7472E-09 1.7994E-09 1.8121E-09 1.8088E-09 1.8017E-09 1.7906E-09 1.5070E-09 1.5259E-09 1.5413E-09 1.5500E-09 1.5418E-09 1.2978E-09 1.3225E-09 1.3406E-09 1.3562E-09
0.0000E+00 0.0000E+00 0.0000E+00 0.0000E+00 4.1114E-13 3.4555E-12 5.8639E-12 9.2912E-12 1.5210E-11 2.0829E-11 2.6099E-11 2.9799E-11 3.5653E-11 4.3311E-11 5.1197E-11 6.5009E-11 7.9118E-11 9.6176E-11 1.1396E-10 1.3492E-10 1.5615E-10 1.8535E-10 2.1134E-10 2.3394E-10 2.5570E-10 2.7682E-10 3.0208E-10 3.2811E-10 3.4794E-10 3.6564E-10 3.7799E-10 3.8788E-10 6.0200E-10 7.2402E-10 8.3483E-10 9.4018E-10 1.0365E-09 1.1141E-09 1.2042E-09 1.3202E-09 1.3901E-09 1.4567E-09 1.4910E-09 1.5405E-09 1.5713E-09 1.5806E-09 1.5853E-09 1.3262E-09 1.3518E-09 1.3758E-09 1.3877E-09 1.3847E-09 1.1630E-09 1.1931E-09 1.2189E-09 1.2437E-09 1.2391E-09
0.0000E+00 0.0000E+00 0.0000E+00 0.0000E+00 0.0000E+00 0.0000E+00 1.5101E-12 4.6922E-12 7.6915E-12 1.1763E-11 1.6355E-11 2.3554E-11 2.6475E-11 3.1063E-11 3.9031E-11 4.4447E-11 5.4360E-11 6.6879E-11 7.9688E-11 9.3008E-11 1.0936E-10 1.2680E-10 1.4393E-10 1.7033E-10 1.9198E-10 2.0841E-10 2.2596E-10 2.4321E-10 2.5495E-10 2.6629E-10 2.7702E-10 2.8658E-10 4.3105E-10 5.2247E-10 6.1550E-10 7.0967E-10 8.0499E-10 8.7788E-10 9.4950E-10 1.0416E-09 1.1393E-09 1.2046E-09 1.2700E-09 1.3177E-09 1.3625E-09 1.1100E-09 1.1492E-09 1.1802E-09 1.2012E-09 1.2185E-09 1.2349E-09 1.0240E-09 1.0609E-09 1.0951E-09 1.1033E-09 1.1304E-09 1.1527E-09
0.0000E+00 0.0000E+00 0.0000E+00 0.0000E+00 0.0000E+00 0.0000E+00 0.0000E+00 1.5894E-13 2.3741E-12 6.4078E-12 9.8162E-12 1.2147E-11 1.7601E-11 2.3705E-11 2.6743E-11 3.2501E-11 3.9215E-11 4.5469E-11 5.4694E-11 6.5749E-11 7.7173E-11 8.6518E-11 9.9885E-11 1.1461E-10 1.2535E-10 1.3951E-10 1.6276E-10 1.7836E-10 1.9055E-10 1.9792E-10 2.0476E-10 2.1087E-10 2.1458E-10 3.6112E-10 4.4879E-10 5.3247E-10 6.1427E-10 6.9015E-10 7.5960E-10 8.3161E-10 9.4748E-10 1.0022E-09 1.0826E-09 8.5185E-10 9.0592E-10 9.6848E-10 1.0037E-09 1.0343E-09 1.0605E-09 1.0821E-09 8.8650E-10 9.1046E-10 9.5008E-10 9.8606E-10 9.9689E-10 1.0227E-09 1.0465E-09
0.0000E+00 0.0000E+00 0.0000E+00 0.0000E+00 0.0000E+00 0.0000E+00 0.0000E+00 0.0000E+00 0.0000E+00 3.0004E-13 3.9989E-12 8.7507E-12 9.8394E-12 1.2568E-11 1.7237E-11 2.2255E-11 2.7482E-11 3.3191E-11 3.7416E-11 4.4414E-11 5.2014E-11 5.9571E-11 7.0642E-11 7.9722E-11 8.5652E-11 9.5442E-11 1.0703E-10 1.1441E-10 1.2001E-10 1.3228E-10 1.4220E-10 1.5142E-10 1.5596E-10 1.5916E-10 3.0871E-10 3.8981E-10 4.6262E-10 5.3272E-10 5.9880E-10 6.6032E-10 7.3569E-10 5.9433E-10 6.5675E-10 7.2419E-10 7.7122E-10 8.2472E-10 8.7383E-10 9.0572E-10 6.9047E-10 7.3905E-10 7.8505E-10 8.2672E-10 8.4661E-10 8.8285E-10 8.9627E-10 9.0635E-10 9.2940E-10
0.0000E+00 0.0000E+00 0.0000E+00 0.0000E+00 0.0000E+00 0.0000E+00 0.0000E+00 0.0000E+00 0.0000E+00 0.0000E+00 0.0000E+00 5.8807E-13 4.6871E-12 8.6228E-12 9.6091E-12 1.2258E-11 1.6537E-11 1.9473E-11 2.5675E-11 3.2769E-11 3.5181E-11 3.9857E-11 4.7179E-11 5.1919E-11 5.8150E-11 6.7340E-11 7.4084E-11 7.8664E-11 8.3016E-11 8.6960E-11 9.1169E-11 9.5112E-11 9.6392E-11 9.7019E-11 1.9964E-10 2.5952E-10 3.2015E-10 2.5801E-10 2.9929E-10 3.3929E-10 3.8125E-10 4.5099E-10 5.3449E-10 5.9338E-10 6.4698E-10 6.9631E-10 5.1834E-10 5.6546E-10 6.0063E-10 6.4619E-10 6.7997E-10 7.1814E-10 7.4090E-10 7.7325E-10 7.8730E-10 8.1652E-10 8.4297E-10
0.0000E+00 0.0000E+00 0.0000E+00 0.0000E+00 0.0000E+00 0.0000E+00 0.0000E+00 0.0000E+00 0.0000E+00 0.0000E+00 0.0000E+00 0.0000E+00 0.0000E+00 8.8355E-13 4.4779E-12 8.0180E-12 9.4384E-12 1.1096E-11 1.4920E-11 1.7580E-11 2.0717E-11 2.7528E-11 3.2368E-11 3.5029E-11 3.9026E-11 4.4134E-11 4.7510E-11 5.0698E-11 5.3401E-11 5.6145E-11 5.9345E-11 6.2552E-11 6.4024E-11 6.4596E-11 6.4785E-11 1.1769E-10 1.5765E-10 1.8796E-10 2.2761E-10 2.6180E-10 3.0159E-10 3.4991E-10 4.3916E-10 4.8554E-10 3.3830E-10 3.7951E-10 4.2305E-10 4.8090E-10 5.1372E-10 5.5575E-10 5.9525E-10 6.3492E-10 6.5651E-10 6.9118E-10 7.2326E-10 7.1160E-10 7.3687E-10
0.0000E+00 0.0000E+00 0.0000E+00 0.0000E+00 0.0000E+00 0.0000E+00 0.0000E+00 0.0000E+00 0.0000E+00 0.0000E+00 0.0000E+00 0.0000E+00 0.0000E+00 0.0000E+00 0.0000E+00 1.1957E-12 3.3593E-12 6.0771E-12 8.7845E-12 1.0165E-11 1.2295E-11 1.5273E-11 1.7573E-11 2.0466E-11 2.5024E-11 2.7609E-11 3.0544E-11 3.3391E-11 3.5697E-11 3.8721E-11 4.1512E-11 4.4071E-11 4.4715E-11 4.5118E-11 4.5276E-11 4.5192E-11 9.3894E-11 1.3366E-10 1.6795E-10 2.0236E-10 2.3601E-10 1.1483E-10 1.5431E-10 2.2485E-10 2.6813E-10 3.1840E-10 3.5784E-10 4.0020E-10 4.4306E-10 4.8334E-10 5.0987E-10 5.4612E-10 5.6565E-10 5.9771E-10 6.1336E-10 6.2311E-10 6.4646E-10
0.0000E+00 0.0000E+00 0.0000E+00 0.0000E+00 0.0000E+00 0.0000E+00 0.0000E+00 0.0000E+00 0.0000E+00 0.0000E+00 0.0000E+00 0.0000E+00 0.0000E+00 0.0000E+00 0.0000E+00 0.0000E+00 4.7183E-14 1.1752E-12 2.7800E-12 3.6997E-12 5.8298E-12 8.4808E-12 1.0482E-11 1.2198E-11 1.3811E-11 1.5865E-11 1.7675E-11 1.9087E-11 2.1521E-11 2.4366E-11 2.5808E-11 2.6356E-11 2.6781E-11 2.7081E-11 2.7251E-11 2.7293E-11 2.1691E-11 3.3299E-11 4.2598E-11 5.8520E-11 7.3972E-11 9.1334E-11 1.1028E-10 1.4916E-10 2.1113E-10 2.5372E-10 3.0459E-10 3.4102E-10 3.7141E-10 4.0510E-10 4.3774E-10 4.6951E-10 4.8855E-10 5.1701E-10 5.4470E-10 5.7036E-10 5.2471E-10
0.0000E+00 0.0000E+00 0.0000E+00 0.0000E+00 0.0000E+00 0.0000E+00 0.0000E+00 0.0000E+00 0.0000E+00 0.0000E+00 0.0000E+00 0.0000E+00 0.0000E+00 0.0000E+00 0.0000E+00 0.0000E+00 0.0000E+00 0.0000E+00 0.0000E+00 7.6606E-13 2.3537E-12 3.2234E-12 3.4248E-12 4.1513E-12 5.9553E-12 8.7862E-12 1.1246E-11 1.2072E-11 1.3145E-11 1.4037E-11 1.4677E-11 1.5789E-11 1.6910E-11 1.7807E-11 1.8028E-11 1.8193E-11 1.8299E-11 1.8346E-11 3.5351E-11 4.7422E-11 6.4692E-11 7.3327E-11 8.3925E-11 1.1476E-10 1.7318E-10 2.0318E-10 2.5625E-10 2.8183E-10 3.1253E-10 3.4684E-10 3.7855E-10 4.1029E-10 3.8825E-10 4.1425E-10 4.3920E-10 4.5344E-10 4.7501E-10
