Assets/Resources/2015_m01_d18_0900(utc+0800)_l00_csi_1hr_conc.grd
DSAA
         159         159
     -79.000      79.000
     -79.000      79.000
  0.1665E-10  0.1323E-05
[rows 50 to 74 of 159, columns 57 to 113 of 159]
9.0813E-10 9.3745E-10 9.6689E-10 9.9719E-10 1.0274E-09 1.0588E-09 1.0899E-09 1.1220E-09 1.1539E-09 1.1867E-09 1.2195E-09 1.2529E-09 1.2863E-09 1.3202E-09 1.3544E-09 1.3887E-09 1.4233E-09 1.4578E-09 1.4930E-09 1.5276E-09 1.5629E-09 1.5976E-09 1.6332E-09 1.6679E-09 1.7030E-09 1.7378E-09 1.7726E-09 1.8070E-09 1.8415E-09 1.8755E-09 1.9094E-09 1.9428E-09 1.9757E-09 2.0083E-09 2.0402E-09 2.0723E-09 2.1031E-09 2.1337E-09 2.1630E-09 2.1914E-09 2.2184E-09 2.2433E-09 2.2671E-09 2.2898E-09 2.3115E-09 2.3318E-09 2.3501E-09 2.3663E-09 2.3813E-09 2.3955E-09 2.4085E-09 2.4204E-09 2.4303E-09 2.4402E-09 2.4482E-09 2.4555E-09 2.4612E-09
9.2826E-10 9.5791E-10 9.8844E-10 1.0189E-09 1.0506E-09 1.0821E-09 1.1145E-09 1.1468E-09 1.1800E-09 1.2133E-09 1.2471E-09 1.2811E-09 1.3156E-09 1.3504E-09 1.3852E-09 1.4205E-09 1.4558E-09 1.4917E-09 1.5271E-09 1.5632E-09 1.5988E-09 1.6353E-09 1.6709E-09 1.7072E-09 1.7428E-09 1.7786E-09 1.8142E-09 1.8498E-09 1.8849E-09 1.9200E-09 1.9546E-09 1.9889E-09 2.0228E-09 2.0564E-09 2.0894E-09 2.1217E-09 2.1537E-09 2.1847E-09 2.2149E-09 2.2439E-09 2.2708E-09 2.2964E-09 2.3205E-09 2.3439E-09 2.3655E-09 2.3859E-09 2.4039E-09 2.4208E-09 2.4359E-09 2.4507E-09 2.4635E-09 2.4758E-09 2.4863E-09 2.4959E-09 2.5035E-09 2.5105E-09 2.5161E-09
9.4809E-10 9.7865E-10 1.0096E-09 1.0415E-09 1.0732E-09 1.1060E-09 1.1386E-09 1.1722E-09 1.2060E-09 1.2402E-09 1.2747E-09 1.3097E-09 1.3450E-09 1.3805E-09 1.4164E-09 1.4523E-09 1.4889E-09 1.5251E-09 1.5620E-09 1.5984E-09 1.6357E-09 1.6723E-09 1.7095E-09 1.7461E-09 1.7832E-09 1.8196E-09 1.8563E-09 1.8926E-09 1.9289E-09 1.9647E-09 2.0002E-09 2.0354E-09 2.0706E-09 2.1047E-09 2.1386E-09 2.1719E-09 2.2045E-09 2.2364E-09 2.2673E-09 2.2962E-09 2.3235E-09 2.3497E-09 2.3744E-09 2.3975E-09 2.4202E-09 2.4404E-09 2.4589E-09 2.4759E-09 2.4913E-09 2.5054E-09 2.5191E-09 2.5309E-09 2.5418E-09 2.5511E-09 2.5592E-09 2.5660E-09 2.5717E-09
9.6783E-10 9.9929E-10 1.0309E-09 1.0634E-09 1.0961E-09 1.1294E-09 1.1632E-09 1.1975E-09 1.2321E-09 1.2671E-09 1.3025E-09 1.3384E-09 1.3744E-09 1.4109E-09 1.4475E-09 1.4847E-09 1.5216E-09 1.5593E-09 1.5965E-09 1.6346E-09 1.6721E-09 1.7102E-09 1.7477E-09 1.7858E-09 1.8233E-09 1.8612E-09 1.8984E-09 1.9359E-09 1.9729E-09 2.0096E-09 2.0461E-09 2.0826E-09 2.1181E-09 2.1536E-09 2.1881E-09 2.2222E-09 2.2562E-09 2.2885E-09 2.3195E-09 2.3489E-09 2.3768E-09 2.4033E-09 2.4286E-09 2.4522E-09 2.4748E-09 2.4951E-09 2.5136E-09 2.5309E-09 2.5472E-09 2.5616E-09 2.5751E-09 2.5866E-09 2.5972E-09 2.6069E-09 2.6147E-09 2.6216E-09 2.6273E-09
9.8816E-10 1.0198E-09 1.0527E-09 1.0854E-09 1.1192E-09 1.1529E-09 1.1879E-09 1.2225E-09 1.2582E-09 1.2940E-09 1.3305E-09 1.3668E-09 1.4041E-09 1.4411E-09 1.4791E-09 1.5167E-09 1.5550E-09 1.5930E-09 1.6320E-09 1.6702E-09 1.7092E-09 1.7477E-09 1.7867E-09 1.8252E-09 1.8642E-09 1.9025E-09 1.9412E-09 1.9792E-09 2.0172E-09 2.0549E-09 2.0927E-09 2.1295E-09 2.1663E-09 2.2023E-09 2.2381E-09 2.2734E-09 2.3076E-09 2.3409E-09 2.3721E-09 2.4024E-09 2.4302E-09 2.4571E-09 2.4828E-09 2.5068E-09 2.5292E-09 2.5502E-09 2.5686E-09 2.5865E-09 2.6023E-09 2.6172E-09 2.6306E-09 2.6425E-09 2.6532E-09 2.6627E-09 2.6709E-09 2.6775E-09 2.6832E-09
1.0080E-09 1.0410E-09 1.0739E-09 1.1080E-09 1.1419E-09 1.1772E-09 1.2122E-09 1.2483E-09 1.2842E-09 1.3213E-09 1.3581E-09 1.3959E-09 1.4334E-09 1.4721E-09 1.5103E-09 1.5493E-09 1.5880E-09 1.6277E-09 1.6667E-09 1.7066E-09 1.7459E-09 1.7859E-09 1.8253E-09 1.8653E-09 1.9046E-09 1.9445E-09 1.9836E-09 2.0230E-09 2.0616E-09 2.1007E-09 2.1388E-09 2.1770E-09 2.2144E-09 2.2517E-09 2.2885E-09 2.3243E-09 2.3594E-09 2.3930E-09 2.4254E-09 2.4551E-09 2.4842E-09 2.5112E-09 2.5373E-09 2.5620E-09 2.5845E-09 2.6051E-09 2.6242E-09 2.6415E-09 2.6580E-09 2.6727E-09 2.6865E-09 2.6983E-09 2.7091E-09 2.7186E-09 2.7266E-09 2.7336E-09 2.7393E-09
1.0285E-09 1.0616E-09 1.0958E-09 1.1300E-09 1.1655E-09 1.2008E-09 1.2371E-09 1.2734E-09 1.3108E-09 1.3482E-09 1.3862E-09 1.4244E-09 1.4634E-09 1.5024E-09 1.5418E-09 1.5814E-09 1.6218E-09 1.6616E-09 1.7022E-09 1.7424E-09 1.7832E-09 1.8236E-09 1.8646E-09 1.9049E-09 1.9458E-09 1.9861E-09 2.0265E-09 2.0664E-09 2.1067E-09 2.1461E-09 2.1857E-09 2.2244E-09 2.2631E-09 2.3015E-09 2.3388E-09 2.3755E-09 2.4116E-09 2.4459E-09 2.4784E-09 2.5088E-09 2.5376E-09 2.5655E-09 2.5919E-09 2.6169E-09 2.6402E-09 2.6602E-09 2.6799E-09 2.6971E-09 2.7134E-09 2.7286E-09 2.7419E-09 2.7545E-09 2.7651E-09 2.7747E-09 2.7831E-09 2.7899E-09 2.7956E-09
1.0483E-09 1.0826E-09 1.1170E-09 1.1525E-09 1.1883E-09 1.2247E-09 1.2615E-09 1.2990E-09 1.3370E-09 1.3752E-09 1.4141E-09 1.4536E-09 1.4931E-09 1.5331E-09 1.5733E-09 1.6141E-09 1.6549E-09 1.6960E-09 1.7372E-09 1.7787E-09 1.8201E-09 1.8620E-09 1.9033E-09 1.9453E-09 1.9865E-09 2.0279E-09 2.0692E-09 2.1107E-09 2.1513E-09 2.1921E-09 2.2322E-09 2.2723E-09 2.3122E-09 2.3510E-09 2.3893E-09 2.4271E-09 2.4636E-09 2.4985E-09 2.5313E-09 2.5623E-09 2.5915E-09 2.6197E-09 2.6465E-09 2.6720E-09 2.6947E-09 2.7157E-09 2.7345E-09 2.7527E-09 2.7692E-09 2.7843E-09 2.7981E-09 2.8102E-09 2.8212E-09 2.8310E-09 2.8391E-09 2.8463E-09 2.8518E-09
1.0680E-09 1.1031E-09 1.1386E-09 1.1747E-09 1.2114E-09 1.2484E-09 1.2862E-09 1.3245E-09 1.3631E-09 1.4024E-09 1.4419E-09 1.4823E-09 1.5225E-09 1.5636E-09 1.6045E-09 1.6465E-09 1.6881E-09 1.7302E-09 1.7723E-09 1.8148E-09 1.8574E-09 1.8998E-09 1.9425E-09 1.9850E-09 2.0275E-09 2.0699E-09 2.1125E-09 2.1544E-09 2.1964E-09 2.2378E-09 2.2792E-09 2.3205E-09 2.3609E-09 2.4008E-09 2.4402E-09 2.4786E-09 2.5158E-09 2.5512E-09 2.5843E-09 2.6154E-09 2.6458E-09 2.6740E-09 2.7015E-09 2.7265E-09 2.7496E-09 2.7705E-09 2.7902E-09 2.8080E-09 2.8247E-09 2.8400E-09 2.8536E-09 2.8666E-09 2.8775E-09 2.8874E-09 2.8956E-09 2.9025E-09 2.9084E-09
1.0883E-09 1.1235E-09 1.1602E-09 1.1966E-09 1.2343E-09 1.2719E-09 1.3109E-09 1.3496E-09 1.3895E-09 1.4294E-09 1.4702E-09 1.5108E-09 1.5525E-09 1.5939E-09 1.6365E-09 1.6786E-09 1.7216E-09 1.7642E-09 1.8077E-09 1.8509E-09 1.8944E-09 1.9381E-09 1.9816E-09 2.0251E-09 2.0685E-09 2.1123E-09 2.1553E-09 2.1986E-09 2.2412E-09 2.2839E-09 2.3266E-09 2.3684E-09 2.4099E-09 2.4510E-09 2.4912E-09 2.5304E-09 2.5681E-09 2.6039E-09 2.6369E-09 2.6692E-09 2.6992E-09 2.7286E-09 2.7557E-09 2.7812E-09 2.8040E-09 2.8255E-09 2.8449E-09 2.8636E-09 2.8802E-09 2.8957E-09 2.9099E-09 2.9224E-09 2.9338E-09 2.9435E-09 2.9518E-09 2.9591E-09 2.9647E-09
1.1079E-09 1.1446E-09 1.1812E-09 1.2190E-09 1.2569E-09 1.2961E-09 1.3351E-09 1.3752E-09 1.4153E-09 1.4567E-09 1.4978E-09 1.5399E-09 1.5818E-09 1.6250E-09 1.6677E-09 1.7113E-09 1.7546E-09 1.7988E-09 1.8428E-09 1.8872E-09 1.9315E-09 1.9761E-09 2.0206E-09 2.0650E-09 2.1099E-09 2.1540E-09 2.1985E-09 2.2423E-09 2.2863E-09 2.3303E-09 2.3735E-09 2.4166E-09 2.4592E-09 2.5011E-09 2.5420E-09 2.5820E-09 2.6204E-09 2.6561E-09 2.6902E-09 2.7225E-09 2.7534E-09 2.7823E-09 2.8101E-09 2.8354E-09 2.8586E-09 2.8798E-09 2.9001E-09 2.9184E-09 2.9356E-09 2.9514E-09 2.9655E-09 2.9785E-09 2.9897E-09 2.9995E-09 3.0083E-09 3.0154E-09 3.0211E-09
1.1280E-09 1.1649E-09 1.2026E-09 1.2408E-09 1.2800E-09 1.3194E-09 1.3596E-09 1.4002E-09 1.4419E-09 1.4833E-09 1.5258E-09 1.5682E-09 1.6119E-09 1.6551E-09 1.6993E-09 1.7433E-09 1.7881E-09 1.8329E-09 1.8780E-09 1.9232E-09 1.9687E-09 2.0141E-09 2.0595E-09 2.1054E-09 2.1506E-09 2.1962E-09 2.2412E-09 2.2864E-09 2.3317E-09 2.3762E-09 2.4207E-09 2.4649E-09 2.5084E-09 2.5510E-09 2.5934E-09 2.6337E-09 2.6721E-09 2.7087E-09 2.7429E-09 2.7757E-09 2.8069E-09 2.8363E-09 2.8639E-09 2.8895E-09 2.9125E-09 2.9346E-09 2.9546E-09 2.9739E-09 2.9910E-09 3.0067E-09 3.0213E-09 3.0341E-09 3.0459E-09 3.0559E-09 3.0645E-09 3.0716E-09 3.0774E-09
1.1476E-09 1.1852E-09 1.2237E-09 1.2628E-09 1.3026E-09 1.3428E-09 1.3838E-09 1.4254E-09 1.4675E-09 1.5100E-09 1.5532E-09 1.5971E-09 1.6410E-09 1.6857E-09 1.7303E-09 1.7758E-09 1.8212E-09 1.8670E-09 1.9130E-09 1.9593E-09 2.0055E-09 2.0519E-09 2.0985E-09 2.1450E-09 2.1916E-09 2.2378E-09 2.2842E-09 2.3307E-09 2.3765E-09 2.4223E-09 2.4680E-09 2.5129E-09 2.5574E-09 2.6010E-09 2.6440E-09 2.6848E-09 2.7244E-09 2.7607E-09 2.7955E-09 2.8286E-09 2.8599E-09 2.8900E-09 2.9178E-09 2.9428E-09 2.9668E-09 2.9886E-09 3.0096E-09 3.0285E-09 3.0462E-09 3.0622E-09 3.0767E-09 3.0901E-09 3.1017E-09 3.1118E-09 3.1205E-09 3.1278E-09 3.1336E-09
1.1669E-09 1.2056E-09 1.2444E-09 1.2847E-09 1.3248E-09 1.3662E-09 1.4076E-09 1.4504E-09 1.4930E-09 1.5367E-09 1.5804E-09 1.6253E-09 1.6704E-09 1.7156E-09 1.7615E-09 1.8075E-09 1.8542E-09 1.9009E-09 1.9479E-09 1.9950E-09 2.0422E-09 2.0898E-09 2.1372E-09 2.1849E-09 2.2321E-09 2.2797E-09 2.3273E-09 2.3744E-09 2.4214E-09 2.4685E-09 2.5149E-09 2.5610E-09 2.6064E-09 2.6511E-09 2.6944E-09 2.7366E-09 2.7758E-09 2.8125E-09 2.8476E-09 2.8809E-09 2.9130E-09 2.9431E-09 2.9710E-09 2.9966E-09 3.0202E-09 3.0430E-09 3.0637E-09 3.0832E-09 3.1009E-09 3.1171E-09 3.1322E-09 3.1455E-09 3.1572E-09 3.1676E-09 3.1764E-09 3.1838E-09 3.1898E-09
1.1863E-09 1.2254E-09 1.2657E-09 1.3060E-09 1.3475E-09 1.3891E-09 1.4320E-09 1.4749E-09 1.5189E-09 1.5629E-09 1.6082E-09 1.6532E-09 1.6993E-09 1.7453E-09 1.7923E-09 1.8392E-09 1.8867E-09 1.9347E-09 1.9823E-09 2.0305E-09 2.0787E-09 2.1273E-09 2.1759E-09 2.2242E-09 2.2728E-09 2.3213E-09 2.3698E-09 2.4181E-09 2.4664E-09 2.5142E-09 2.5620E-09 2.6090E-09 2.6554E-09 2.7006E-09 2.7452E-09 2.7873E-09 2.8269E-09 2.8639E-09 2.8992E-09 2.9332E-09 2.9653E-09 2.9957E-09 3.0237E-09 3.0493E-09 3.0739E-09 3.0965E-09 3.1178E-09 3.1373E-09 3.1553E-09 3.1721E-09 3.1871E-09 3.2006E-09 3.2126E-09 3.2231E-09 3.2321E-09 3.2397E-09 3.2458E-09
1.2054E-09 1.2454E-09 1.2861E-09 1.3273E-09 1.3693E-09 1.4123E-09 1.4555E-09 1.4997E-09 1.5440E-09 1.5896E-09 1.6350E-09 1.6815E-09 1.7279E-09 1.7753E-09 1.8228E-09 1.8709E-09 1.9191E-09 1.9678E-09 2.0166E-09 2.0658E-09 2.1152E-09 2.1646E-09 2.2140E-09 2.2634E-09 2.3132E-09 2.3628E-09 2.4123E-09 2.4618E-09 2.5110E-09 2.5601E-09 2.6087E-09 2.6569E-09 2.7037E-09 2.7506E-09 2.7952E-09 2.8378E-09 2.8774E-09 2.9147E-09 2.9504E-09 2.9848E-09 3.0169E-09 3.0479E-09 3.0757E-09 3.1023E-09 3.1267E-09 3.1499E-09 3.1713E-09 3.1914E-09 3.2098E-09 3.2265E-09 3.2418E-09 3.2555E-09 3.2677E-09 3.2784E-09 3.2876E-09 3.2953E-09 3.3015E-09
1.2241E-09 1.2652E-09 1.3062E-09 1.3485E-09 1.3910E-09 1.4349E-09 1.4789E-09 1.5238E-09 1.5692E-09 1.6153E-09 1.6619E-09 1.7089E-09 1.7568E-09 1.8047E-09 1.8533E-09 1.9021E-09 1.9515E-09 2.0009E-09 2.0507E-09 2.1011E-09 2.1510E-09 2.2015E-09 2.2517E-09 2.3028E-09 2.3532E-09 2.4040E-09 2.4547E-09 2.5051E-09 2.5555E-09 2.6056E-09 2.6554E-09 2.7040E-09 2.7526E-09 2.7994E-09 2.8450E-09 2.8874E-09 2.9271E-09 2.9649E-09 3.0013E-09 3.0355E-09 3.0688E-09 3.0992E-09 3.1280E-09 3.1543E-09 3.1794E-09 3.2027E-09 3.2247E-09 3.2449E-09 3.2635E-09 3.2806E-09 3.2961E-09 3.3100E-09 3.3225E-09 3.3334E-09 3.3428E-09 3.3507E-09 3.3571E-09
1.2434E-09 1.2843E-09 1.3267E-09 1.3691E-09 1.4131E-09 1.4570E-09 1.5022E-09 1.5475E-09 1.5942E-09 1.6407E-09 1.6884E-09 1.7364E-09 1.7850E-09 1.8340E-09 1.8833E-09 1.9332E-09 1.9833E-09 2.0337E-09 2.0846E-09 2.1355E-09 2.1869E-09 2.2380E-09 2.2900E-09 2.3414E-09 2.3933E-09 2.4445E-09 2.4966E-09 2.5478E-09 2.5997E-09 2.6507E-09 2.7013E-09 2.7512E-09 2.8003E-09 2.8484E-09 2.8937E-09 2.9366E-09 2.9764E-09 3.0149E-09 3.0511E-09 3.0864E-09 3.1194E-09 3.1507E-09 3.1791E-09 3.2061E-09 3.2313E-09 3.2553E-09 3.2774E-09 3.2979E-09 3.3168E-09 3.3342E-09 3.3500E-09 3.3642E-09 3.3769E-09 3.3880E-09 3.3976E-09 3.4057E-09 3.4123E-09
1.2616E-09 1.3034E-09 1.3463E-09 1.3899E-09 1.4342E-09 1.4795E-09 1.5249E-09 1.5717E-09 1.6184E-09 1.6664E-09 1.7143E-09 1.7634E-09 1.8126E-09 1.8626E-09 1.9130E-09 1.9636E-09 2.0148E-09 2.0664E-09 2.1180E-09 2.1701E-09 2.2220E-09 2.2745E-09 2.3272E-09 2.3801E-09 2.4323E-09 2.4856E-09 2.5380E-09 2.5910E-09 2.6433E-09 2.6957E-09 2.7473E-09 2.7980E-09 2.8483E-09 2.8962E-09 2.9422E-09 2.9848E-09 3.0253E-09 3.0636E-09 3.1010E-09 3.1361E-09 3.1700E-09 3.2009E-09 3.2299E-09 3.2571E-09 3.2830E-09 3.3071E-09 3.3295E-09 3.3504E-09 3.3696E-09 3.3873E-09 3.4034E-09 3.4179E-09 3.4309E-09 3.4422E-09 3.4521E-09 3.4604E-09 3.4671E-09
1.2795E-09 1.3224E-09 1.3656E-09 1.4103E-09 1.4552E-09 1.5010E-09 1.5476E-09 1.5948E-09 1.6428E-09 1.6911E-09 1.7405E-09 1.7901E-09 1.8404E-09 1.8910E-09 1.9423E-09 1.9938E-09 2.0459E-09 2.0984E-09 2.1510E-09 2.2038E-09 2.2569E-09 2.3105E-09 2.3641E-09 2.4177E-09 2.4716E-09 2.5253E-09 2.5791E-09 2.6332E-09 2.6869E-09 2.7398E-09 2.7923E-09 2.8443E-09 2.8946E-09 2.9437E-09 2.9893E-09 3.0326E-09 3.0730E-09 3.1124E-09 3.1496E-09 3.1858E-09 3.2193E-09 3.2507E-09 3.2799E-09 3.3078E-09 3.3338E-09 3.3583E-09 3.3811E-09 3.4023E-09 3.4219E-09 3.4399E-09 3.4563E-09 3.4711E-09 3.4844E-09 3.4960E-09 3.5061E-09 3.5146E-09 3.5216E-09
1.2975E-09 1.3407E-09 1.3854E-09 1.4300E-09 1.4761E-09 1.5222E-09 1.5700E-09 1.6176E-09 1.6665E-09 1.7159E-09 1.7659E-09 1.8165E-09 1.8675E-09 1.9191E-09 1.9711E-09 2.0235E-09 2.0766E-09 2.1298E-09 2.1835E-09 2.2371E-09 2.2917E-09 2.3462E-09 2.4007E-09 2.4556E-09 2.5102E-09 2.5651E-09 2.6200E-09 2.6749E-09 2.7293E-09 2.7839E-09 2.8376E-09 2.8897E-09 2.9414E-09 2.9899E-09 3.0366E-09 3.0791E-09 3.1206E-09 3.1599E-09 3.1982E-09 3.2342E-09 3.2682E-09 3.2996E-09 3.3295E-09 3.3576E-09 3.3840E-09 3.4088E-09 3.4321E-09 3.4536E-09 3.4736E-09 3.4920E-09 3.5087E-09 3.5238E-09 3.5373E-09 3.5493E-09 3.5596E-09 3.5683E-09 3.5755E-09
1.3150E-09 1.3591E-09 1.4040E-09 1.4496E-09 1.4961E-09 1.5438E-09 1.5915E-09 1.6405E-09 1.6897E-09 1.7400E-09 1.7907E-09 1.8421E-09 1.8941E-09 1.9467E-09 1.9995E-09 2.0531E-09 2.1068E-09 2.1611E-09 2.2153E-09 2.2707E-09 2.3257E-09 2.3813E-09 2.4364E-09 2.4926E-09 2.5485E-09 2.6045E-09 2.6605E-09 2.7161E-09 2.7723E-09 2.8272E-09 2.8815E-09 2.9348E-09 2.9863E-09 3.0361E-09 3.0818E-09 3.1254E-09 3.1668E-09 3.2072E-09 3.2453E-09 3.2820E-09 3.3160E-09 3.3481E-09 3.3781E-09 3.4066E-09 3.4335E-09 3.4587E-09 3.4824E-09 3.5043E-09 3.5247E-09 3.5434E-09 3.5605E-09 3.5759E-09 3.5897E-09 3.6019E-09 3.6126E-09 3.6216E-09 3.6290E-09
1.3319E-09 1.3770E-09 1.4223E-09 1.4689E-09 1.5160E-09 1.5643E-09 1.6131E-09 1.6625E-09 1.7128E-09 1.7637E-09 1.8154E-09 1.8675E-09 1.9203E-09 1.9735E-09 2.0274E-09 2.0818E-09 2.1365E-09 2.1915E-09 2.2471E-09 2.3029E-09 2.3595E-09 2.4154E-09 2.4725E-09 2.5290E-09 2.5863E-09 2.6430E-09 2.7001E-09 2.7571E-09 2.8138E-09 2.8701E-09 2.9248E-09 2.9789E-09 3.0308E-09 3.0805E-09 3.1265E-09 3.1703E-09 3.2125E-09 3.2531E-09 3.2920E-09 3.3287E-09 3.3629E-09 3.3954E-09 3.4260E-09 3.4549E-09 3.4822E-09 3.5079E-09 3.5319E-09 3.5543E-09 3.5750E-09 3.5941E-09 3.6115E-09 3.6273E-09 3.6415E-09 3.6540E-09 3.6649E-09 3.6742E-09 3.6819E-09
1.3488E-09 1.3942E-09 1.4407E-09 1.4875E-09 1.5359E-09 1.5843E-09 1.6340E-09 1.6839E-09 1.7354E-09 1.7872E-09 1.8394E-09 1.8925E-09 1.9460E-09 2.0000E-09 2.0548E-09 2.1099E-09 2.1656E-09 2.2215E-09 2.2782E-09 2.3350E-09 2.3921E-09 2.4496E-09 2.5071E-09 2.5649E-09 2.6232E-09 2.6814E-09 2.7391E-09 2.7971E-09 2.8554E-09 2.9114E-09 2.9677E-09 3.0222E-09 3.0748E-09 3.1240E-09 3.1704E-09 3.2143E-09 3.2574E-09 3.2981E-09 3.3376E-09 3.3744E-09 3.4093E-09 3.4419E-09 3.4730E-09 3.5023E-09 3.5301E-09 3.5562E-09 3.5807E-09 3.6035E-09 3.6246E-09 3.6441E-09 3.6619E-09 3.6780E-09 3.6925E-09 3.7054E-09 3.7166E-09 3.7262E-09 3.7342E-09
1.3653E-09 1.4110E-09 1.4582E-09 1.5060E-09 1.5547E-09 1.6042E-09 1.6543E-09 1.7055E-09 1.7572E-09 1.8097E-09 1.8627E-09 1.9166E-09 1.9709E-09 2.0262E-09 2.0816E-09 2.1378E-09 2.1939E-09 2.2514E-09 2.3085E-09 2.3665E-09 2.4245E-09 2.4829E-09 2.5416E-09 2.6004E-09 2.6595E-09 2.7182E-09 2.7778E-09 2.8368E-09 2.8952E-09 2.9532E-09 3.0091E-09 3.0647E-09 3.1170E-09 3.1669E-09 3.2130E-09 3.2581E-09 3.3010E-09 3.3426E-09 3.3820E-09 3.4196E-09 3.4544E-09 3.4875E-09 3.5191E-09 3.5489E-09 3.5772E-09 3.6037E-09 3.6286E-09 3.6518E-09 3.6734E-09 3.6933E-09 3.7114E-09 3.7280E-09 3.7428E-09 3.7560E-09 3.7676E-09 3.7775E-09 3.7858E-09
