Assets/Resources/2015_m01_d28_0200(utc+0800)_l00_csi_1hr_conc.grd
DSAA
         159         159
     -79.000      79.000
     -79.000      79.000
  0.0000E+00  0.5537E-05
[rows 25 to 49 of 159, columns 57 to 113 of 159]
4.2526E-10 5.8454E-10 7.8302E-10 1.0297E-09 1.3343E-09 1.7054E-09 2.2072E-09 2.7596E-09 3.4042E-09 4.1449E-09 4.9705E-09 5.8750E-09 6.8414E-09 7.8340E-09 8.8408E-09 9.8234E-09 1.0745E-08 1.1561E-08 1.2244E-08 1.2757E-08 1.3072E-08 1.3173E-08 1.3058E-08 1.2724E-08 1.2188E-08 1.1478E-08 1.0625E-08 9.6687E-09 8.6485E-09 7.6039E-09 6.5730E-09 5.5843E-09 4.6648E-09 3.8301E-09 3.0924E-09 2.4510E-09 1.9084E-09 1.4639E-09 1.0993E-09 8.1050E-10 5.8159E-10 4.0117E-10 2.6563E-10 1.6520E-10 8.8602E-11 4.1245E-11 2.3310E-12 0.0000E+00 0.0000E+00 0.0000E+00 0.0000E+00 0.0000E+00 0.0000E+00 0.0000E+00 0.0000E+00 0.0000E+00 0.0000E+00
3.6676E-10 5.1407E-10 6.9997E-10 9.3305E-10 1.2227E-09 1.5787E-09 2.0727E-09 2.6280E-09 3.2890E-09 4.0465E-09 4.8986E-09 5.8430E-09 6.8602E-09 7.9259E-09 9.0119E-09 1.0068E-08 1.1072E-08 1.1972E-08 1.2728E-08 1.3303E-08 1.3667E-08 1.3799E-08 1.3693E-08 1.3351E-08 1.2797E-08 1.2048E-08 1.1145E-08 1.0128E-08 9.0427E-09 7.9330E-09 6.8372E-09 5.7907E-09 4.8191E-09 3.9411E-09 3.1658E-09 2.4997E-09 1.9366E-09 1.4738E-09 1.1046E-09 8.0657E-10 5.7428E-10 3.9037E-10 2.5802E-10 1.5472E-10 7.8794E-11 2.8296E-11 0.0000E+00 0.0000E+00 0.0000E+00 0.0000E+00 0.0000E+00 0.0000E+00 0.0000E+00 0.0000E+00 0.0000E+00 0.0000E+00 0.0000E+00
3.1252E-10 4.5128E-10 6.2258E-10 8.4193E-10 1.1176E-09 1.4591E-09 1.9509E-09 2.5092E-09 3.1675E-09 3.9465E-09 4.8407E-09 5.8341E-09 6.9050E-09 8.0405E-09 9.2077E-09 1.0361E-08 1.1456E-08 1.2438E-08 1.3274E-08 1.3915E-08 1.4326E-08 1.4493E-08 1.4394E-08 1.4039E-08 1.3446E-08 1.2646E-08 1.1687E-08 1.0601E-08 9.4431E-09 8.2614E-09 7.0985E-09 5.9914E-09 4.9671E-09 4.0441E-09 3.2340E-09 2.5381E-09 1.9589E-09 1.4798E-09 1.1000E-09 7.9920E-10 5.6391E-10 3.8002E-10 2.4600E-10 1.4199E-10 6.6669E-11 1.1374E-11 0.0000E+00 0.0000E+00 0.0000E+00 0.0000E+00 0.0000E+00 0.0000E+00 0.0000E+00 0.0000E+00 0.0000E+00 0.0000E+00 0.0000E+00
2.6029E-10 3.9145E-10 5.4997E-10 7.5483E-10 1.0146E-09 1.3420E-09 1.8222E-09 2.3808E-09 3.0588E-09 3.8593E-09 4.7746E-09 5.8180E-09 6.9651E-09 8.1861E-09 9.4272E-09 1.0677E-08 1.1870E-08 1.2953E-08 1.3873E-08 1.4582E-08 1.5044E-08 1.5230E-08 1.5132E-08 1.4766E-08 1.4134E-08 1.3277E-08 1.2241E-08 1.1077E-08 9.8467E-09 8.5872E-09 7.3538E-09 6.1797E-09 5.0998E-09 4.1333E-09 3.2889E-09 2.5685E-09 1.9667E-09 1.4782E-09 1.0887E-09 7.8550E-10 5.4636E-10 3.6593E-10 2.3053E-10 1.2863E-10 4.5197E-11 1.5477E-12 0.0000E+00 0.0000E+00 0.0000E+00 0.0000E+00 0.0000E+00 0.0000E+00 0.0000E+00 0.0000E+00 0.0000E+00 0.0000E+00 0.0000E+00
2.0736E-10 3.3320E-10 4.8200E-10 6.7434E-10 9.1744E-10 1.2287E-09 1.6937E-09 2.2635E-09 2.9449E-09 3.7620E-09 4.7304E-09 5.8346E-09 7.0468E-09 8.3595E-09 9.7238E-09 1.1089E-08 1.2384E-08 1.3572E-08 1.4585E-08 1.5367E-08 1.5879E-08 1.6091E-08 1.5989E-08 1.5579E-08 1.4889E-08 1.3972E-08 1.2851E-08 1.1596E-08 1.0266E-08 8.9165E-09 7.6046E-09 6.3600E-09 5.2191E-09 4.2086E-09 3.3305E-09 2.5874E-09 1.9692E-09 1.4658E-09 1.0748E-09 7.6625E-10 5.2983E-10 3.4738E-10 2.1346E-10 1.1106E-10 2.4655E-11 6.7582E-13 0.0000E+00 0.0000E+00 0.0000E+00 0.0000E+00 0.0000E+00 0.0000E+00 0.0000E+00 0.0000E+00 0.0000E+00 0.0000E+00 0.0000E+00
1.4790E-10 2.7556E-10 4.1509E-10 5.9547E-10 8.2472E-10 1.1177E-09 1.5200E-09 2.1417E-09 2.8292E-09 3.6748E-09 4.6822E-09 5.8458E-09 7.1549E-09 8.5682E-09 1.0039E-08 1.1527E-08 1.2960E-08 1.4267E-08 1.5379E-08 1.6241E-08 1.6801E-08 1.7026E-08 1.6911E-08 1.6464E-08 1.5705E-08 1.4684E-08 1.3464E-08 1.2115E-08 1.0680E-08 9.2353E-09 7.8326E-09 6.5179E-09 5.3210E-09 4.2646E-09 3.3555E-09 2.5893E-09 1.9595E-09 1.4449E-09 1.0511E-09 7.4087E-10 5.0727E-10 3.2450E-10 1.9514E-10 8.0983E-11 7.7808E-12 7.6329E-13 0.0000E+00 0.0000E+00 0.0000E+00 0.0000E+00 0.0000E+00 0.0000E+00 0.0000E+00 0.0000E+00 0.0000E+00 0.0000E+00 0.0000E+00
9.4746E-11 2.1826E-10 3.5032E-10 5.2090E-10 7.3500E-10 1.0126E-09 1.3761E-09 2.0108E-09 2.7122E-09 3.5881E-09 4.6420E-09 5.8713E-09 7.2659E-09 8.7959E-09 1.0410E-08 1.2035E-08 1.3597E-08 1.5032E-08 1.6254E-08 1.7196E-08 1.7806E-08 1.8045E-08 1.7901E-08 1.7389E-08 1.6551E-08 1.5439E-08 1.4101E-08 1.2622E-08 1.1077E-08 9.5404E-09 8.0469E-09 6.6550E-09 5.4010E-09 4.3043E-09 3.3654E-09 2.5805E-09 1.9360E-09 1.4202E-09 1.0203E-09 7.1524E-10 4.8189E-10 3.0001E-10 1.7024E-10 5.6279E-11 4.8145E-12 7.1752E-13 0.0000E+00 0.0000E+00 0.0000E+00 0.0000E+00 0.0000E+00 0.0000E+00 0.0000E+00 0.0000E+00 0.0000E+00 0.0000E+00 0.0000E+00
5.0758E-11 1.5971E-10 2.8573E-10 4.4901E-10 6.4803E-10 9.1022E-10 1.2551E-09 1.8886E-09 2.5976E-09 3.4842E-09 4.5883E-09 5.9062E-09 7.4200E-09 9.0775E-09 1.0838E-08 1.2634E-08 1.4371E-08 1.5954E-08 1.7295E-08 1.8324E-08 1.8975E-08 1.9217E-08 1.9043E-08 1.8457E-08 1.7503E-08 1.6247E-08 1.4777E-08 1.3168E-08 1.1487E-08 9.8217E-09 8.2350E-09 6.7707E-09 5.4548E-09 4.3206E-09 3.3580E-09 2.5592E-09 1.9027E-09 1.3856E-09 9.8401E-10 6.8457E-10 4.5147E-10 2.7598E-10 1.3270E-10 3.1413E-11 4.6916E-12 0.0000E+00 0.0000E+00 0.0000E+00 0.0000E+00 0.0000E+00 0.0000E+00 0.0000E+00 0.0000E+00 0.0000E+00 0.0000E+00 0.0000E+00 0.0000E+00
3.0607E-11 1.0527E-10 2.2501E-10 3.8245E-10 5.6793E-10 8.1473E-10 1.1419E-09 1.7560E-09 2.4672E-09 3.3901E-09 4.5454E-09 5.9383E-09 7.5665E-09 9.3865E-09 1.1331E-08 1.3297E-08 1.5208E-08 1.6955E-08 1.8432E-08 1.9550E-08 2.0246E-08 2.0475E-08 2.0232E-08 1.9551E-08 1.8486E-08 1.7089E-08 1.5458E-08 1.3684E-08 1.1870E-08 1.0089E-08 8.3984E-09 6.8539E-09 5.4831E-09 4.3088E-09 3.3284E-09 2.5161E-09 1.8617E-09 1.3371E-09 9.4524E-10 6.4816E-10 4.1932E-10 2.4362E-10 9.4940E-11 2.8473E-11 4.0325E-12 0.0000E+00 0.0000E+00 0.0000E+00 0.0000E+00 0.0000E+00 0.0000E+00 0.0000E+00 0.0000E+00 0.0000E+00 0.0000E+00 0.0000E+00 0.0000E+00
1.6568E-11 5.9984E-11 1.6508E-10 3.1524E-10 4.9078E-10 7.2630E-10 1.0376E-09 1.6088E-09 2.3377E-09 3.2784E-09 4.4847E-09 5.9786E-09 7.7358E-09 9.7117E-09 1.1852E-08 1.4043E-08 1.6165E-08 1.8079E-08 1.9700E-08 2.0909E-08 2.1637E-08 2.1851E-08 2.1548E-08 2.0744E-08 1.9510E-08 1.7941E-08 1.6150E-08 1.4210E-08 1.2240E-08 1.0321E-08 8.5267E-09 6.9056E-09 5.4831E-09 4.2768E-09 3.2842E-09 2.4609E-09 1.8081E-09 1.2864E-09 9.0589E-10 6.0903E-10 3.8932E-10 1.9727E-10 6.9232E-11 2.7891E-11 2.3722E-12 0.0000E+00 0.0000E+00 0.0000E+00 0.0000E+00 0.0000E+00 0.0000E+00 0.0000E+00 0.0000E+00 0.0000E+00 0.0000E+00 0.0000E+00 0.0000E+00
5.2483E-12 2.6384E-11 1.1311E-10 2.4457E-10 4.1668E-10 6.4170E-10 9.3749E-10 1.4037E-09 2.2083E-09 3.1619E-09 4.4112E-09 5.9931E-09 7.9023E-09 1.0090E-08 1.2456E-08 1.4878E-08 1.7242E-08 1.9385E-08 2.1170E-08 2.2485E-08 2.3255E-08 2.3430E-08 2.3013E-08 2.2068E-08 2.0653E-08 1.8873E-08 1.6856E-08 1.4714E-08 1.2577E-08 1.0517E-08 8.6175E-09 6.9204E-09 5.4463E-09 4.2161E-09 3.2088E-09 2.3952E-09 1.7456E-09 1.2291E-09 8.5544E-10 5.6863E-10 3.5513E-10 1.5180E-10 6.4927E-11 2.5932E-11 2.0967E-12 0.0000E+00 0.0000E+00 0.0000E+00 0.0000E+00 0.0000E+00 0.0000E+00 0.0000E+00 0.0000E+00 0.0000E+00 0.0000E+00 0.0000E+00 0.0000E+00
0.0000E+00 1.3220E-11 7.2029E-11 1.8710E-10 3.4694E-10 5.6171E-10 8.4477E-10 1.2539E-09 2.0631E-09 3.0323E-09 4.3330E-09 6.0161E-09 8.0636E-09 1.0454E-08 1.3080E-08 1.5800E-08 1.8432E-08 2.0807E-08 2.2780E-08 2.4203E-08 2.4995E-08 2.5125E-08 2.4592E-08 2.3456E-08 2.1814E-08 1.9811E-08 1.7564E-08 1.5208E-08 1.2877E-08 1.0670E-08 8.6608E-09 6.8894E-09 5.3721E-09 4.1247E-09 3.1145E-09 2.3031E-09 1.6593E-09 1.1679E-09 8.0628E-10 5.2416E-10 2.9393E-10 1.2179E-10 6.3896E-11 2.2414E-11 4.3266E-13 0.0000E+00 0.0000E+00 0.0000E+00 0.0000E+00 0.0000E+00 0.0000E+00 0.0000E+00 0.0000E+00 0.0000E+00 0.0000E+00 0.0000E+00 0.0000E+00
0.0000E+00 3.9670E-12 3.4240E-11 1.3471E-10 2.7900E-10 4.9085E-10 7.5602E-10 1.1217E-09 1.9151E-09 2.9002E-09 4.2306E-09 6.0007E-09 8.2155E-09 1.0839E-08 1.3731E-08 1.6770E-08 1.9730E-08 2.2398E-08 2.4581E-08 2.6134E-08 2.6964E-08 2.7019E-08 2.6332E-08 2.4990E-08 2.3086E-08 2.0787E-08 1.8257E-08 1.5670E-08 1.3137E-08 1.0771E-08 8.6509E-09 6.8115E-09 5.2606E-09 3.9946E-09 2.9981E-09 2.2003E-09 1.5714E-09 1.0913E-09 7.4181E-10 4.7284E-10 2.4416E-10 1.1172E-10 5.6810E-11 2.0975E-11 0.0000E+00 0.0000E+00 0.0000E+00 0.0000E+00 0.0000E+00 0.0000E+00 0.0000E+00 0.0000E+00 0.0000E+00 0.0000E+00 0.0000E+00 0.0000E+00 0.0000E+00
0.0000E+00 0.0000E+00 1.7394E-11 9.3562E-11 2.1855E-10 4.2136E-10 6.7382E-10 1.0234E-09 1.7658E-09 2.7548E-09 4.1229E-09 5.9642E-09 8.3250E-09 1.1177E-08 1.4393E-08 1.7783E-08 2.1081E-08 2.4079E-08 2.6525E-08 2.8230E-08 2.9091E-08 2.9076E-08 2.8212E-08 2.6601E-08 2.4400E-08 2.1800E-08 1.8967E-08 1.6088E-08 1.3327E-08 1.0801E-08 8.5758E-09 6.6712E-09 5.1029E-09 3.8332E-09 2.8477E-09 2.0671E-09 1.4670E-09 1.0123E-09 6.7706E-10 4.0121E-10 1.9997E-10 1.0373E-10 4.9888E-11 1.3837E-11 0.0000E+00 0.0000E+00 0.0000E+00 0.0000E+00 0.0000E+00 0.0000E+00 0.0000E+00 0.0000E+00 0.0000E+00 0.0000E+00 0.0000E+00 0.0000E+00 0.0000E+00
0.0000E+00 0.0000E+00 7.4113E-12 5.5905E-11 1.6373E-10 3.5637E-10 5.9936E-10 9.2883E-10 1.6082E-09 2.6143E-09 4.0008E-09 5.9041E-09 8.4194E-09 1.1490E-08 1.5001E-08 1.8764E-08 2.2478E-08 2.5840E-08 2.8565E-08 3.0455E-08 3.1366E-08 3.1261E-08 3.0201E-08 2.8321E-08 2.5776E-08 2.2797E-08 1.9618E-08 1.6465E-08 1.3461E-08 1.0763E-08 8.4327E-09 6.4759E-09 4.8839E-09 3.6352E-09 2.6853E-09 1.9313E-09 1.3497E-09 9.1542E-10 5.9541E-10 3.3410E-10 1.7789E-10 8.9191E-11 3.9854E-11 9.9633E-12 0.0000E+00 0.0000E+00 0.0000E+00 0.0000E+00 0.0000E+00 0.0000E+00 0.0000E+00 0.0000E+00 0.0000E+00 0.0000E+00 0.0000E+00 0.0000E+00 0.0000E+00
0.0000E+00 0.0000E+00 1.9547E-12 3.1234E-11 1.2044E-10 2.9103E-10 5.2545E-10 8.3923E-10 1.3864E-09 2.4501E-09 3.8475E-09 5.8163E-09 8.4550E-09 1.1735E-08 1.5584E-08 1.9725E-08 2.3848E-08 2.7617E-08 3.0686E-08 3.2790E-08 3.3787E-08 3.3613E-08 3.2334E-08 3.0118E-08 2.7202E-08 2.3828E-08 2.0265E-08 1.6761E-08 1.3504E-08 1.0634E-08 8.2008E-09 6.2208E-09 4.6290E-09 3.3992E-09 2.4799E-09 1.7682E-09 1.2299E-09 8.2229E-10 5.0221E-10 2.7631E-10 1.5676E-10 7.5293E-11 2.5282E-11 7.7136E-12 0.0000E+00 0.0000E+00 0.0000E+00 0.0000E+00 0.0000E+00 0.0000E+00 0.0000E+00 0.0000E+00 0.0000E+00 0.0000E+00 0.0000E+00 0.0000E+00 0.0000E+00
0.0000E+00 0.0000E+00 0.0000E+00 1.8693E-11 8.0300E-11 2.3981E-10 4.6149E-10 7.6090E-10 1.2342E-09 2.2788E-09 3.6807E-09 5.6806E-09 8.4222E-09 1.1922E-08 1.6077E-08 2.0599E-08 2.5183E-08 2.9366E-08 3.2777E-08 3.5125E-08 3.6206E-08 3.5982E-08 3.4512E-08 3.1967E-08 2.8624E-08 2.4802E-08 2.0824E-08 1.6968E-08 1.3449E-08 1.0409E-08 7.8876E-09 5.8695E-09 4.3021E-09 3.1230E-09 2.2652E-09 1.5903E-09 1.0834E-09 7.0476E-10 4.1281E-10 2.4085E-10 1.2867E-10 5.6442E-11 1.7232E-11 5.5902E-12 0.0000E+00 0.0000E+00 0.0000E+00 0.0000E+00 0.0000E+00 0.0000E+00 0.0000E+00 0.0000E+00 0.0000E+00 0.0000E+00 0.0000E+00 0.0000E+00 0.0000E+00
0.0000E+00 0.0000E+00 0.0000E+00 6.3967E-12 5.2691E-11 1.9006E-10 4.0405E-10 6.8130E-10 1.1163E-09 2.1200E-09 3.4795E-09 5.4798E-09 8.3175E-09 1.1999E-08 1.6445E-08 2.1370E-08 2.6382E-08 3.0990E-08 3.4799E-08 3.7415E-08 3.8606E-08 3.8325E-08 3.6638E-08 3.3770E-08 3.0017E-08 2.5733E-08 2.1310E-08 1.7081E-08 1.3291E-08 1.0078E-08 7.4874E-09 5.4706E-09 3.9444E-09 2.8080E-09 2.0135E-09 1.4012E-09 9.4154E-10 5.8984E-10 3.4113E-10 1.9952E-10 1.0400E-10 3.1194E-11 9.8968E-12 0.0000E+00 0.0000E+00 0.0000E+00 0.0000E+00 0.0000E+00 0.0000E+00 0.0000E+00 0.0000E+00 0.0000E+00 0.0000E+00 0.0000E+00 0.0000E+00 0.0000E+00 0.0000E+00
0.0000E+00 0.0000E+00 0.0000E+00 1.5348E-12 3.4626E-11 1.4613E-10 3.4268E-10 6.0942E-10 1.0191E-09 1.9176E-09 3.2630E-09 5.2675E-09 8.1110E-09 1.1926E-08 1.6644E-08 2.1934E-08 2.7394E-08 3.2473E-08 3.6678E-08 3.9569E-08 4.0930E-08 4.0652E-08 3.8777E-08 3.5572E-08 3.1377E-08 2.6618E-08 2.1731E-08 1.7096E-08 1.3018E-08 9.6551E-09 7.0038E-09 4.9951E-09 3.5277E-09 2.4846E-09 1.7626E-09 1.1960E-09 7.8647E-10 4.7392E-10 2.8578E-10 1.5759E-10 6.0881E-11 1.5961E-11 2.8482E-12 0.0000E+00 0.0000E+00 0.0000E+00 0.0000E+00 0.0000E+00 0.0000E+00 0.0000E+00 0.0000E+00 0.0000E+00 0.0000E+00 0.0000E+00 0.0000E+00 0.0000E+00 0.0000E+00
0.0000E+00 0.0000E+00 0.0000E+00 0.0000E+00 1.6999E-11 1.0587E-10 2.9050E-10 5.3413E-10 9.2363E-10 1.7084E-09 3.0294E-09 4.9736E-09 7.8381E-09 1.1765E-08 1.6642E-08 2.2271E-08 2.8145E-08 3.3661E-08 3.8278E-08 4.1524E-08 4.3053E-08 4.2781E-08 4.0785E-08 3.7294E-08 3.2663E-08 2.7419E-08 2.2059E-08 1.7038E-08 1.2678E-08 9.1396E-09 6.4511E-09 4.4978E-09 3.0888E-09 2.1285E-09 1.4878E-09 9.9708E-10 6.3946E-10 3.7879E-10 2.1905E-10 1.0656E-10 2.5240E-11 6.7057E-12 0.0000E+00 0.0000E+00 0.0000E+00 0.0000E+00 0.0000E+00 0.0000E+00 0.0000E+00 0.0000E+00 0.0000E+00 0.0000E+00 0.0000E+00 0.0000E+00 0.0000E+00 0.0000E+00 0.0000E+00
0.0000E+00 0.0000E+00 0.0000E+00 0.0000E+00 7.6543E-12 7.0714E-11 2.3644E-10 4.6163E-10 8.2842E-10 1.4908E-09 2.7590E-09 4.6406E-09 7.4820E-09 1.1422E-08 1.6472E-08 2.2362E-08 2.8541E-08 3.4489E-08 3.9525E-08 4.3098E-08 4.4887E-08 4.4744E-08 4.2646E-08 3.8890E-08 3.3903E-08 2.8196E-08 2.2363E-08 1.6920E-08 1.2276E-08 8.5983E-09 5.8606E-09 3.9416E-09 2.6501E-09 1.7940E-09 1.2268E-09 7.8912E-10 4.7299E-10 2.9318E-10 1.5760E-10 4.9348E-11 1.2340E-11 0.0000E+00 0.0000E+00 0.0000E+00 0.0000E+00 0.0000E+00 0.0000E+00 0.0000E+00 0.0000E+00 0.0000E+00 0.0000E+00 0.0000E+00 0.0000E+00 0.0000E+00 0.0000E+00 0.0000E+00 0.0000E+00
0.0000E+00 0.0000E+00 0.0000E+00 0.0000E+00 2.2304E-12 3.7634E-11 1.7724E-10 3.9100E-10 7.3033E-10 1.2821E-09 2.4782E-09 4.2642E-09 7.0099E-09 1.0931E-08 1.6065E-08 2.2118E-08 2.8637E-08 3.4936E-08 4.0321E-08 4.4285E-08 4.6386E-08 4.6387E-08 4.4347E-08 4.0445E-08 3.5126E-08 2.8985E-08 2.2700E-08 1.6841E-08 1.1877E-08 8.0242E-09 5.2843E-09 3.4073E-09 2.1876E-09 1.4360E-09 9.5928E-10 5.7750E-10 3.5873E-10 2.1539E-10 9.4597E-11 2.0047E-11 3.6660E-12 0.0000E+00 0.0000E+00 0.0000E+00 0.0000E+00 0.0000E+00 0.0000E+00 0.0000E+00 0.0000E+00 0.0000E+00 0.0000E+00 0.0000E+00 0.0000E+00 0.0000E+00 0.0000E+00 0.0000E+00 0.0000E+00
0.0000E+00 0.0000E+00 0.0000E+00 0.0000E+00 1.3594E-13 1.5662E-11 1.1214E-10 3.1877E-10 6.2597E-10 1.1135E-09 2.1547E-09 3.8380E-09 6.4568E-09 1.0280E-08 1.5399E-08 2.1549E-08 2.8268E-08 3.4868E-08 4.0640E-08 4.4979E-08 4.7391E-08 4.7685E-08 4.5804E-08 4.1873E-08 3.6353E-08 2.9868E-08 2.3115E-08 1.6811E-08 1.1525E-08 7.4782E-09 4.6942E-09 2.8781E-09 1.7865E-09 1.1229E-09 7.0664E-10 4.1525E-10 2.5758E-10 1.4541E-10 3.6955E-11 8.3073E-12 0.0000E+00 0.0000E+00 0.0000E+00 0.0000E+00 0.0000E+00 0.0000E+00 0.0000E+00 0.0000E+00 0.0000E+00 0.0000E+00 0.0000E+00 0.0000E+00 0.0000E+00 0.0000E+00 0.0000E+00 0.0000E+00 0.0000E+00
0.0000E+00 0.0000E+00 0.0000E+00 0.0000E+00 0.0000E+00 3.5485E-12 6.2954E-11 2.3574E-10 5.1653E-10 9.6339E-10 1.8411E-09 3.4038E-09 5.8283E-09 9.4709E-09 1.4477E-08 2.0598E-08 2.7426E-08 3.4267E-08 4.0368E-08 4.5120E-08 4.8020E-08 4.8753E-08 4.7121E-08 4.3338E-08 3.7725E-08 3.0891E-08 2.3670E-08 1.6887E-08 1.1201E-08 6.9702E-09 4.1413E-09 2.3715E-09 1.3786E-09 8.1855E-10 4.9066E-10 2.9266E-10 1.7129E-10 7.2535E-11 1.5704E-11 0.0000E+00 0.0000E+00 0.0000E+00 0.0000E+00 0.0000E+00 0.0000E+00 0.0000E+00 0.0000E+00 0.0000E+00 0.0000E+00 0.0000E+00 0.0000E+00 0.0000E+00 0.0000E+00 0.0000E+00 0.0000E+00 0.0000E+00 0.0000E+00
0.0000E+00 0.0000E+00 0.0000E+00 0.0000E+00 0.0000E+00 2.6562E-13 2.7850E-11 1.6223E-10 3.9865E-10 7.8653E-10 1.5563E-09 2.9252E-09 5.1313E-09 8.5488E-09 1.3316E-08 1.9310E-08 2.6064E-08 3.3012E-08 3.9443E-08 4.4633E-08 4.8094E-08 4.9406E-08 4.8340E-08 4.4871E-08 3.9253E-08 3.2151E-08 2.4456E-08 1.7089E-08 1.0969E-08 6.5100E-09 3.6234E-09 1.9561E-09 1.0692E-09 5.7581E-10 3.4168E-10 1.8978E-10 9.5675E-11 2.6141E-11 4.9913E-12 0.0000E+00 0.0000E+00 0.0000E+00 0.0000E+00 0.0000E+00 0.0000E+00 0.0000E+00 0.0000E+00 0.0000E+00 0.0000E+00 0.0000E+00 0.0000E+00 0.0000E+00 0.0000E+00 0.0000E+00 0.0000E+00 0.0000E+00 0.0000E+00
