Assets/Resources/2015_m01_d13_1000(utc+0800)_l00_csi_1hr_conc.grd
DSAA
         159         159
     -79.000      79.000
     -79.000      79.000
  0.0000E+00  0.7958E-05
[rows 100 to 124 of 159, columns 0 to 56 of 159]
2.4759E-09 2.5802E-09 2.6900E-09 2.8048E-09 2.9217E-09 3.0419E-09 3.1662E-09 3.3009E-09 3.4328E-09 3.5663E-09 3.7100E-09 3.8576E-09 3.9978E-09 4.1575E-09 4.3114E-09 4.4550E-09 4.6288E-09 4.7852E-09 4.9312E-09 5.0953E-09 5.2592E-09 5.4080E-09 5.5655E-09 5.7300E-09 5.8763E-09 6.0278E-09 6.1744E-09 6.3092E-09 6.4374E-09 6.5653E-09 6.6781E-09 6.7812E-09 6.8742E-09 6.9593E-09 7.0341E-09 7.0953E-09 7.1469E-09 7.1889E-09 7.2162E-09 7.2343E-09 7.2404E-09 7.2412E-09 7.2402E-09 7.2204E-09 7.1872E-09 7.1393E-09 7.0901E-09 7.0123E-09 6.9096E-09 6.7868E-09 6.6489E-09 6.4761E-09 6.2782E-09 6.0522E-09 5.8071E-09 5.5205E-09 5.1898E-09
2.3634E-09 2.4619E-09 2.5631E-09 2.6699E-09 2.7793E-09 2.8902E-09 3.0051E-09 3.1299E-09 3.2504E-09 3.3741E-09 3.5063E-09 3.6416E-09 3.7704E-09 3.9166E-09 4.0579E-09 4.1893E-09 4.3469E-09 4.4902E-09 4.6231E-09 4.7725E-09 4.9211E-09 5.0563E-09 5.1990E-09 5.3476E-09 5.4795E-09 5.6155E-09 5.7467E-09 5.8669E-09 5.9807E-09 6.0937E-09 6.1931E-09 6.2834E-09 6.3643E-09 6.4355E-09 6.4987E-09 6.5534E-09 6.5934E-09 6.6215E-09 6.6414E-09 6.6503E-09 6.6517E-09 6.6434E-09 6.6270E-09 6.5965E-09 6.5601E-09 6.5037E-09 6.4315E-09 6.3439E-09 6.2454E-09 6.1191E-09 5.9723E-09 5.8021E-09 5.6094E-09 5.4057E-09 5.1615E-09 4.8792E-09 4.5815E-09
2.2506E-09 2.3437E-09 2.4370E-09 2.5348E-09 2.6368E-09 2.7391E-09 2.8442E-09 2.9597E-09 3.0692E-09 3.1826E-09 3.3046E-09 3.4279E-09 3.5452E-09 3.6791E-09 3.8068E-09 3.9270E-09 4.0697E-09 4.1987E-09 4.3197E-09 4.4548E-09 4.5889E-09 4.7108E-09 4.8391E-09 4.9724E-09 5.0905E-09 5.2116E-09 5.3280E-09 5.4342E-09 5.5343E-09 5.6332E-09 5.7197E-09 5.7980E-09 5.8676E-09 5.9284E-09 5.9800E-09 6.0231E-09 6.0575E-09 6.0735E-09 6.0822E-09 6.0850E-09 6.0808E-09 6.0674E-09 6.0434E-09 6.0081E-09 5.9575E-09 5.8964E-09 5.8254E-09 5.7376E-09 5.6308E-09 5.5037E-09 5.3616E-09 5.1971E-09 5.0128E-09 4.8089E-09 4.5678E-09 4.3254E-09 4.0697E-09
2.1381E-09 2.2249E-09 2.3122E-09 2.4010E-09 2.4949E-09 2.5898E-09 2.6854E-09 2.7911E-09 2.8913E-09 2.9933E-09 3.1053E-09 3.2174E-09 3.3233E-09 3.4448E-09 3.5602E-09 3.6687E-09 3.7983E-09 3.9130E-09 4.0222E-09 4.1442E-09 4.2643E-09 4.3735E-09 4.4881E-09 4.6066E-09 4.7113E-09 4.8183E-09 4.9207E-09 5.0137E-09 5.1009E-09 5.1864E-09 5.2610E-09 5.3279E-09 5.3871E-09 5.4383E-09 5.4812E-09 5.5126E-09 5.5318E-09 5.5465E-09 5.5494E-09 5.5471E-09 5.5367E-09 5.5205E-09 5.4891E-09 5.4493E-09 5.3964E-09 5.3347E-09 5.2569E-09 5.1630E-09 5.0583E-09 4.9340E-09 4.8028E-09 4.6406E-09 4.4669E-09 4.2702E-09 4.0672E-09 3.8494E-09 3.6131E-09
2.0285E-09 2.1066E-09 2.1886E-09 2.2696E-09 2.3542E-09 2.4418E-09 2.5291E-09 2.6245E-09 2.7160E-09 2.8075E-09 2.9087E-09 3.0111E-09 3.1060E-09 3.2152E-09 3.3196E-09 3.4162E-09 3.5337E-09 3.6360E-09 3.7323E-09 3.8421E-09 3.9493E-09 4.0459E-09 4.1478E-09 4.2520E-09 4.3441E-09 4.4378E-09 4.5270E-09 4.6076E-09 4.6827E-09 4.7559E-09 4.8193E-09 4.8759E-09 4.9255E-09 4.9679E-09 4.9997E-09 5.0206E-09 5.0341E-09 5.0383E-09 5.0395E-09 5.0381E-09 5.0240E-09 4.9999E-09 4.9640E-09 4.9249E-09 4.8698E-09 4.8037E-09 4.7277E-09 4.6382E-09 4.5388E-09 4.4211E-09 4.2885E-09 4.1360E-09 3.9744E-09 3.8038E-09 3.6168E-09 3.4213E-09 3.2056E-09
1.9202E-09 1.9900E-09 2.0653E-09 2.1406E-09 2.2160E-09 2.2955E-09 2.3758E-09 2.4617E-09 2.5440E-09 2.6270E-09 2.7165E-09 2.8092E-09 2.8947E-09 2.9919E-09 3.0850E-09 3.1715E-09 3.2756E-09 3.3674E-09 3.4519E-09 3.5487E-09 3.6445E-09 3.7296E-09 3.8192E-09 3.9103E-09 3.9906E-09 4.0719E-09 4.1488E-09 4.2179E-09 4.2818E-09 4.3433E-09 4.3968E-09 4.4440E-09 4.4848E-09 4.5180E-09 4.5373E-09 4.5508E-09 4.5571E-09 4.5640E-09 4.5627E-09 4.5522E-09 4.5336E-09 4.5115E-09 4.4764E-09 4.4305E-09 4.3774E-09 4.3160E-09 4.2444E-09 4.1585E-09 4.0594E-09 3.9475E-09 3.8240E-09 3.6880E-09 3.5495E-09 3.3901E-09 3.2250E-09 3.0387E-09 2.8459E-09
1.8133E-09 1.8773E-09 1.9436E-09 2.0141E-09 2.0822E-09 2.1524E-09 2.2255E-09 2.3034E-09 2.3763E-09 2.4507E-09 2.5305E-09 2.6122E-09 2.6892E-09 2.7758E-09 2.8579E-09 2.9345E-09 3.0266E-09 3.1077E-09 3.1826E-09 3.2665E-09 3.3507E-09 3.4259E-09 3.5039E-09 3.5828E-09 3.6522E-09 3.7220E-09 3.7869E-09 3.8460E-09 3.8998E-09 3.9488E-09 3.9950E-09 4.0338E-09 4.0655E-09 4.0845E-09 4.0984E-09 4.1068E-09 4.1150E-09 4.1180E-09 4.1113E-09 4.0993E-09 4.0771E-09 4.0513E-09 4.0137E-09 3.9729E-09 3.9238E-09 3.8628E-09 3.7933E-09 3.7119E-09 3.6215E-09 3.5213E-09 3.4111E-09 3.2862E-09 3.1547E-09 3.0107E-09 2.8606E-09 2.6953E-09 2.5197E-09
1.7069E-09 1.7669E-09 1.8256E-09 1.8884E-09 1.9517E-09 2.0135E-09 2.0781E-09 2.1491E-09 2.2139E-09 2.2792E-09 2.3509E-09 2.4218E-09 2.4899E-09 2.5677E-09 2.6393E-09 2.7063E-09 2.7879E-09 2.8579E-09 2.9240E-09 2.9981E-09 3.0691E-09 3.1358E-09 3.2030E-09 3.2700E-09 3.3299E-09 3.3892E-09 3.4418E-09 3.4929E-09 3.5379E-09 3.5778E-09 3.6133E-09 3.6432E-09 3.6611E-09 3.6730E-09 3.6861E-09 3.6948E-09 3.7021E-09 3.6973E-09 3.6904E-09 3.6730E-09 3.6535E-09 3.6234E-09 3.5888E-09 3.5477E-09 3.4977E-09 3.4417E-09 3.3760E-09 3.3081E-09 3.2250E-09 3.1310E-09 3.0297E-09 2.9170E-09 2.7981E-09 2.6710E-09 2.5311E-09 2.3847E-09 2.2280E-09
1.6029E-09 1.6583E-09 1.7120E-09 1.7657E-09 1.8240E-09 1.8800E-09 1.9355E-09 1.9988E-09 2.0574E-09 2.1142E-09 2.1770E-09 2.2404E-09 2.2980E-09 2.3670E-09 2.4307E-09 2.4883E-09 2.5589E-09 2.6208E-09 2.6764E-09 2.7418E-09 2.8021E-09 2.8583E-09 2.9172E-09 2.9725E-09 3.0242E-09 3.0741E-09 3.1181E-09 3.1581E-09 3.1965E-09 3.2276E-09 3.2540E-09 3.2673E-09 3.2757E-09 3.2920E-09 3.3012E-09 3.3090E-09 3.3066E-09 3.3025E-09 3.2870E-09 3.2703E-09 3.2462E-09 3.2171E-09 3.1824E-09 3.1418E-09 3.0968E-09 3.0415E-09 2.9831E-09 2.9136E-09 2.8351E-09 2.7499E-09 2.6562E-09 2.5561E-09 2.4499E-09 2.3344E-09 2.2094E-09 2.0786E-09 1.9402E-09
1.5039E-09 1.5515E-09 1.6017E-09 1.6493E-09 1.6987E-09 1.7508E-09 1.7995E-09 1.8536E-09 1.9059E-09 1.9566E-09 2.0104E-09 2.0658E-09 2.1163E-09 2.1744E-09 2.2307E-09 2.2811E-09 2.3411E-09 2.3941E-09 2.4425E-09 2.4974E-09 2.5488E-09 2.5967E-09 2.6456E-09 2.6937E-09 2.7349E-09 2.7757E-09 2.8139E-09 2.8464E-09 2.8735E-09 2.8930E-09 2.9022E-09 2.9126E-09 2.9249E-09 2.9379E-09 2.9453E-09 2.9451E-09 2.9416E-09 2.9306E-09 2.9162E-09 2.8949E-09 2.8693E-09 2.8408E-09 2.8071E-09 2.7711E-09 2.7252E-09 2.6786E-09 2.6208E-09 2.5583E-09 2.4883E-09 2.4076E-09 2.3260E-09 2.2394E-09 2.1407E-09 2.0383E-09 1.9301E-09 1.8106E-09 1.6898E-09
1.4080E-09 1.4490E-09 1.4930E-09 1.5371E-09 1.5792E-09 1.6239E-09 1.6689E-09 1.7153E-09 1.7595E-09 1.8047E-09 1.8520E-09 1.8988E-09 1.9426E-09 1.9926E-09 2.0394E-09 2.0836E-09 2.1356E-09 2.1795E-09 2.2205E-09 2.2678E-09 2.3101E-09 2.3501E-09 2.3913E-09 2.4299E-09 2.4657E-09 2.4968E-09 2.5247E-09 2.5479E-09 2.5603E-09 2.5606E-09 2.5782E-09 2.5880E-09 2.5990E-09 2.6014E-09 2.6045E-09 2.5982E-09 2.5914E-09 2.5747E-09 2.5592E-09 2.5348E-09 2.5074E-09 2.4788E-09 2.4486E-09 2.4093E-09 2.3686E-09 2.3220E-09 2.2682E-09 2.2114E-09 2.1446E-09 2.0765E-09 2.0033E-09 1.9243E-09 1.8383E-09 1.7458E-09 1.6503E-09 1.5468E-09 1.4387E-09
1.3141E-09 1.3515E-09 1.3879E-09 1.4279E-09 1.4658E-09 1.5023E-09 1.5421E-09 1.5841E-09 1.6206E-09 1.6588E-09 1.7008E-09 1.7410E-09 1.7773E-09 1.8206E-09 1.8601E-09 1.8957E-09 1.9416E-09 1.9784E-09 2.0120E-09 2.0513E-09 2.0875E-09 2.1190E-09 2.1528E-09 2.1814E-09 2.2094E-09 2.2342E-09 2.2561E-09 2.2523E-09 2.2648E-09 2.2756E-09 2.2882E-09 2.2953E-09 2.2998E-09 2.3030E-09 2.2976E-09 2.2932E-09 2.2792E-09 2.2631E-09 2.2444E-09 2.2205E-09 2.1941E-09 2.1695E-09 2.1385E-09 2.1052E-09 2.0677E-09 2.0233E-09 1.9782E-09 1.9217E-09 1.8669E-09 1.8058E-09 1.7405E-09 1.6719E-09 1.5966E-09 1.5176E-09 1.4317E-09 1.3380E-09 1.2370E-09
1.2216E-09 1.2574E-09 1.2894E-09 1.3216E-09 1.3567E-09 1.3886E-09 1.4198E-09 1.4580E-09 1.4901E-09 1.5206E-09 1.5563E-09 1.5917E-09 1.6219E-09 1.6577E-09 1.6915E-09 1.7201E-09 1.7575E-09 1.7890E-09 1.8174E-09 1.8484E-09 1.8767E-09 1.9047E-09 1.9291E-09 1.9550E-09 1.9740E-09 1.9748E-09 1.9817E-09 1.9952E-09 2.0086E-09 2.0181E-09 2.0229E-09 2.0287E-09 2.0270E-09 2.0275E-09 2.0188E-09 2.0120E-09 1.9965E-09 1.9768E-09 1.9603E-09 1.9376E-09 1.9116E-09 1.8900E-09 1.8597E-09 1.8326E-09 1.7943E-09 1.7589E-09 1.7124E-09 1.6677E-09 1.6163E-09 1.5636E-09 1.5032E-09 1.4417E-09 1.3762E-09 1.3062E-09 1.2285E-09 1.1479E-09 1.0662E-09
1.1349E-09 1.1645E-09 1.1951E-09 1.2222E-09 1.2503E-09 1.2801E-09 1.3065E-09 1.3360E-09 1.3658E-09 1.3920E-09 1.4196E-09 1.4495E-09 1.4759E-09 1.5054E-09 1.5325E-09 1.5566E-09 1.5862E-09 1.6093E-09 1.6351E-09 1.6586E-09 1.6821E-09 1.7028E-09 1.7209E-09 1.7218E-09 1.7269E-09 1.7391E-09 1.7509E-09 1.7611E-09 1.7676E-09 1.7738E-09 1.7739E-09 1.7748E-09 1.7728E-09 1.7661E-09 1.7545E-09 1.7449E-09 1.7271E-09 1.7065E-09 1.6896E-09 1.6655E-09 1.6471E-09 1.6196E-09 1.5972E-09 1.5647E-09 1.5338E-09 1.4958E-09 1.4564E-09 1.4155E-09 1.3675E-09 1.3132E-09 1.2646E-09 1.2114E-09 1.1566E-09 1.0962E-09 1.0334E-09 9.6354E-10 8.9304E-10
1.0534E-09 1.0765E-09 1.1027E-09 1.1281E-09 1.1506E-09 1.1747E-09 1.1994E-09 1.2236E-09 1.2456E-09 1.2702E-09 1.2935E-09 1.3157E-09 1.3376E-09 1.3632E-09 1.3848E-09 1.4032E-09 1.4253E-09 1.4457E-09 1.4626E-09 1.4813E-09 1.4970E-09 1.5016E-09 1.5023E-09 1.5115E-09 1.5219E-09 1.5331E-09 1.5378E-09 1.5438E-09 1.5450E-09 1.5471E-09 1.5465E-09 1.5416E-09 1.5353E-09 1.5269E-09 1.5132E-09 1.4988E-09 1.4823E-09 1.4602E-09 1.4438E-09 1.4196E-09 1.4026E-09 1.3762E-09 1.3554E-09 1.3244E-09 1.2980E-09 1.2629E-09 1.2307E-09 1.1886E-09 1.1391E-09 1.0989E-09 1.0578E-09 1.0147E-09 9.6933E-10 9.1826E-10 8.6419E-10 8.0465E-10 7.4270E-10
9.7401E-10 9.9512E-10 1.0143E-09 1.0369E-09 1.0575E-09 1.0757E-09 1.0959E-09 1.1183E-09 1.1354E-09 1.1527E-09 1.1747E-09 1.1931E-09 1.2081E-09 1.2282E-09 1.2472E-09 1.2621E-09 1.2768E-09 1.2916E-09 1.3037E-09 1.3111E-09 1.3121E-09 1.3187E-09 1.3259E-09 1.3344E-09 1.3407E-09 1.3460E-09 1.3494E-09 1.3508E-09 1.3508E-09 1.3466E-09 1.3426E-09 1.3371E-09 1.3288E-09 1.3186E-09 1.3068E-09 1.2917E-09 1.2749E-09 1.2584E-09 1.2386E-09 1.2234E-09 1.2007E-09 1.1839E-09 1.1580E-09 1.1371E-09 1.1080E-09 1.0818E-09 1.0420E-09 1.0025E-09 9.6966E-10 9.3802E-10 9.0408E-10 8.6654E-10 8.2627E-10 7.8247E-10 7.3609E-10 6.8501E-10 6.3129E-10
8.9620E-10 9.1688E-10 9.3349E-10 9.4923E-10 9.6806E-10 9.8450E-10 9.9870E-10 1.0171E-09 1.0329E-09 1.0458E-09 1.0606E-09 1.0781E-09 1.0903E-09 1.1027E-09 1.1159E-09 1.1306E-09 1.1409E-09 1.1477E-09 1.1509E-09 1.1550E-09 1.1561E-09 1.1622E-09 1.1699E-09 1.1749E-09 1.1775E-09 1.1793E-09 1.1807E-09 1.1791E-09 1.1751E-09 1.1705E-09 1.1635E-09 1.1561E-09 1.1472E-09 1.1365E-09 1.1241E-09 1.1114E-09 1.0935E-09 1.0779E-09 1.0596E-09 1.0463E-09 1.0207E-09 1.0077E-09 9.8579E-10 9.6783E-10 9.4152E-10 9.0601E-10 8.7953E-10 8.5374E-10 8.2748E-10 7.9985E-10 7.6867E-10 7.3646E-10 7.0122E-10 6.6508E-10 6.2432E-10 5.8185E-10 5.3455E-10
8.2546E-10 8.3969E-10 8.5676E-10 8.6962E-10 8.8201E-10 8.9720E-10 9.0994E-10 9.2237E-10 9.3481E-10 9.4690E-10 9.5715E-10 9.6710E-10 9.7995E-10 9.8880E-10 9.9688E-10 1.0053E-09 1.0109E-09 1.0109E-09 1.0110E-09 1.0113E-09 1.0138E-09 1.0174E-09 1.0200E-09 1.0236E-09 1.0248E-09 1.0230E-09 1.0195E-09 1.0154E-09 1.0102E-09 1.0024E-09 9.9318E-10 9.8454E-10 9.7251E-10 9.6442E-10 9.4716E-10 9.3567E-10 9.1652E-10 9.0415E-10 8.8646E-10 8.6815E-10 8.5335E-10 8.3689E-10 8.2229E-10 7.9889E-10 7.6647E-10 7.4485E-10 7.2656E-10 7.0545E-10 6.8244E-10 6.5804E-10 6.3184E-10 6.0315E-10 5.7430E-10 5.4261E-10 5.0741E-10 4.7070E-10 4.3172E-10
7.5950E-10 7.6977E-10 7.8103E-10 7.9485E-10 8.0431E-10 8.1356E-10 8.2521E-10 8.3585E-10 8.4367E-10 8.5230E-10 8.6104E-10 8.6818E-10 8.7473E-10 8.8335E-10 8.8945E-10 8.9252E-10 8.9119E-10 8.9019E-10 8.8868E-10 8.8737E-10 8.8601E-10 8.8725E-10 8.8772E-10 8.8525E-10 8.8422E-10 8.8119E-10 8.7611E-10 8.6839E-10 8.6090E-10 8.5272E-10 8.4330E-10 8.3362E-10 8.2109E-10 8.0857E-10 7.9257E-10 7.7928E-10 7.6362E-10 7.4844E-10 7.2963E-10 7.1415E-10 7.0388E-10 6.8667E-10 6.5787E-10 6.4189E-10 6.2742E-10 6.1113E-10 5.9348E-10 5.7429E-10 5.5331E-10 5.3112E-10 5.0874E-10 4.8373E-10 4.5877E-10 4.3178E-10 4.0252E-10 3.7139E-10 3.4084E-10
6.9491E-10 7.0530E-10 7.1254E-10 7.2116E-10 7.3193E-10 7.3841E-10 7.4458E-10 7.5293E-10 7.6090E-10 7.6568E-10 7.7068E-10 7.7661E-10 7.8137E-10 7.8351E-10 7.8553E-10 7.8432E-10 7.7918E-10 7.7369E-10 7.7249E-10 7.7170E-10 7.7050E-10 7.6768E-10 7.6537E-10 7.6205E-10 7.5654E-10 7.4879E-10 7.4453E-10 7.3725E-10 7.2722E-10 7.1703E-10 7.0738E-10 6.9546E-10 6.8375E-10 6.7120E-10 6.5609E-10 6.4145E-10 6.2162E-10 6.0351E-10 5.9383E-10 5.7943E-10 5.5955E-10 5.4225E-10 5.3218E-10 5.2062E-10 5.0766E-10 4.9307E-10 4.7703E-10 4.5948E-10 4.4096E-10 4.2162E-10 4.0162E-10 3.8144E-10 3.5957E-10 3.3739E-10 3.1303E-10 2.8838E-10 2.6420E-10
6.3349E-10 6.4254E-10 6.5011E-10 6.5479E-10 6.6063E-10 6.6870E-10 6.7269E-10 6.7607E-10 6.8114E-10 6.8690E-10 6.8920E-10 6.9101E-10 6.9454E-10 6.9549E-10 6.9077E-10 6.8483E-10 6.8205E-10 6.7889E-10 6.7583E-10 6.7378E-10 6.7236E-10 6.6976E-10 6.6608E-10 6.6061E-10 6.5596E-10 6.4848E-10 6.4057E-10 6.3043E-10 6.2246E-10 6.1476E-10 6.0595E-10 5.9669E-10 5.8459E-10 5.7144E-10 5.5603E-10 5.4259E-10 5.2550E-10 5.1302E-10 4.9951E-10 4.8272E-10 4.7452E-10 4.6697E-10 4.5805E-10 4.4751E-10 4.3528E-10 4.2169E-10 4.0724E-10 3.9191E-10 3.7579E-10 3.5902E-10 3.4174E-10 3.2494E-10 3.0605E-10 2.8705E-10 2.6596E-10 2.4421E-10 2.2255E-10
5.7923E-10 5.8294E-10 5.8938E-10 5.9478E-10 5.9705E-10 6.0018E-10 6.0588E-10 6.0799E-10 6.0873E-10 6.1114E-10 6.1464E-10 6.1527E-10 6.1313E-10 6.1057E-10 6.0346E-10 5.9670E-10 5.9134E-10 5.8950E-10 5.8905E-10 5.8536E-10 5.8069E-10 5.7549E-10 5.7183E-10 5.6700E-10 5.5945E-10 5.5035E-10 5.4262E-10 5.3444E-10 5.2478E-10 5.1616E-10 5.0713E-10 4.9641E-10 4.8660E-10 4.7483E-10 4.5739E-10 4.4333E-10 4.2997E-10 4.1386E-10 4.0578E-10 3.9892E-10 3.9301E-10 3.8594E-10 3.7723E-10 3.6716E-10 3.5585E-10 3.4377E-10 3.3106E-10 3.1813E-10 3.0415E-10 2.8942E-10 2.7459E-10 2.5964E-10 2.4495E-10 2.2892E-10 2.1190E-10 1.9409E-10 1.7708E-10
5.2727E-10 5.3073E-10 5.3228E-10 5.3612E-10 5.3978E-10 5.4007E-10 5.4072E-10 5.4427E-10 5.4487E-10 5.4342E-10 5.4327E-10 5.4374E-10 5.3997E-10 5.2985E-10 5.2160E-10 5.1818E-10 5.1415E-10 5.1051E-10 5.0655E-10 5.0371E-10 4.9893E-10 4.9300E-10 4.8625E-10 4.7949E-10 4.7140E-10 4.6387E-10 4.5564E-10 4.4784E-10 4.3858E-10 4.3002E-10 4.1990E-10 4.1044E-10 3.9784E-10 3.8160E-10 3.6825E-10 3.5346E-10 3.4624E-10 3.3885E-10 3.3295E-10 3.2827E-10 3.2227E-10 3.1479E-10 3.0634E-10 2.9879E-10 2.9086E-10 2.8100E-10 2.7032E-10 2.5842E-10 2.4580E-10 2.3238E-10 2.1850E-10 2.0507E-10 1.9191E-10 1.7836E-10 1.6428E-10 1.5098E-10 1.3840E-10
4.7708E-10 4.8054E-10 4.8245E-10 4.8211E-10 4.8333E-10 4.8568E-10 4.8451E-10 4.8288E-10 4.8417E-10 4.8390E-10 4.8114E-10 4.7603E-10 4.6757E-10 4.5988E-10 4.5405E-10 4.4947E-10 4.4730E-10 4.4471E-10 4.3994E-10 4.3316E-10 4.2813E-10 4.2388E-10 4.1741E-10 4.0863E-10 4.0088E-10 3.9347E-10 3.8748E-10 3.7862E-10 3.7144E-10 3.6386E-10 3.5437E-10 3.4290E-10 3.2635E-10 3.1475E-10 3.0819E-10 3.0109E-10 2.9454E-10 2.8939E-10 2.8377E-10 2.7869E-10 2.7408E-10 2.6923E-10 2.6267E-10 2.5513E-10 2.4669E-10 2.3747E-10 2.2787E-10 2.1789E-10 2.0708E-10 1.9574E-10 1.8347E-10 1.7133E-10 1.5893E-10 1.4819E-10 1.3795E-10 1.2696E-10 1.1639E-10
4.3292E-10 4.3294E-10 4.3411E-10 4.3495E-10 4.3304E-10 4.3192E-10 4.3305E-10 4.3104E-10 4.2757E-10 4.2654E-10 4.2289E-10 4.1297E-10 4.0282E-10 3.9794E-10 3.9426E-10 3.9187E-10 3.8730E-10 3.8315E-10 3.7828E-10 3.7404E-10 3.6806E-10 3.6054E-10 3.5297E-10 3.4680E-10 3.4046E-10 3.3389E-10 3.2577E-10 3.1898E-10 3.1389E-10 3.0310E-10 2.8970E-10 2.7991E-10 2.7130E-10 2.6676E-10 2.6051E-10 2.5495E-10 2.5071E-10 2.4580E-10 2.4274E-10 2.3849E-10 2.3377E-10 2.2837E-10 2.2204E-10 2.1498E-10 2.0740E-10 1.9944E-10 1.9120E-10 1.8266E-10 1.7386E-10 1.6472E-10 1.5378E-10 1.4313E-10 1.3380E-10 1.2503E-10 1.1572E-10 1.0639E-10 9.7954E-11
