Assets/Resources/2015_m01_d08_1700(utc+0800)_l00_csi_1hr_conc.grd
DSAA
         159         159
     -79.000      79.000
     -79.000      79.000
  0.2458E-09  0.1303E-04
[rows 0 to 24 of 159, columns 0 to 56 of 159]
7.4939E-10 7.6857E-10 7.8783E-10 8.0716E-10 8.2678E-10 8.4668E-10 8.6686E-10 8.8733E-10 9.0806E-10 9.2907E-10 9.5034E-10 9.7213E-10 9.9445E-10 1.0165E-09 1.0388E-09 1.0614E-09 1.0842E-09 1.1072E-09 1.1304E-09 1.1539E-09 1.1775E-09 1.2013E-09 1.2253E-09 1.2495E-09 1.2738E-09 1.2983E-09 1.3229E-09 1.3477E-09 1.3725E-09 1.3975E-09 1.4226E-09 1.4477E-09 1.4739E-09 1.4992E-09 1.5246E-09 1.5500E-09 1.5754E-09 1.6008E-09 1.6262E-09 1.6516E-09 1.6770E-09 1.7024E-09 1.7276E-09 1.7525E-09 1.7771E-09 1.8013E-09 1.8252E-09 1.8487E-09 1.8722E-09 1.8957E-09 1.9189E-09 1.9416E-09 1.9654E-09 1.9881E-09 2.0094E-09 2.0302E-09 2.0504E-09
7.5933E-10 7.7881E-10 7.9814E-10 8.1776E-10 8.3768E-10 8.5789E-10 8.7838E-10 8.9916E-10 9.2021E-10 9.4154E-10 9.6340E-10 9.8580E-10 1.0080E-09 1.0304E-09 1.0531E-09 1.0760E-09 1.0991E-09 1.1225E-09 1.1461E-09 1.1699E-09 1.1939E-09 1.2181E-09 1.2425E-09 1.2670E-09 1.2918E-09 1.3166E-09 1.3417E-09 1.3668E-09 1.3921E-09 1.4174E-09 1.4429E-09 1.4695E-09 1.4951E-09 1.5209E-09 1.5466E-09 1.5725E-09 1.5983E-09 1.6241E-09 1.6499E-09 1.6757E-09 1.7015E-09 1.7273E-09 1.7529E-09 1.7782E-09 1.8032E-09 1.8278E-09 1.8521E-09 1.8759E-09 1.8993E-09 1.9230E-09 1.9464E-09 1.9717E-09 1.9944E-09 2.0164E-09 2.0380E-09 2.0590E-09 2.0793E-09
7.6951E-10 7.8882E-10 8.0843E-10 8.2835E-10 8.4856E-10 8.6908E-10 8.8988E-10 9.1097E-10 9.3235E-10 9.5400E-10 9.7646E-10 9.9896E-10 1.0215E-09 1.0442E-09 1.0673E-09 1.0905E-09 1.1140E-09 1.1378E-09 1.1617E-09 1.1859E-09 1.2103E-09 1.2349E-09 1.2597E-09 1.2846E-09 1.3097E-09 1.3350E-09 1.3604E-09 1.3860E-09 1.4116E-09 1.4377E-09 1.4643E-09 1.4903E-09 1.5164E-09 1.5425E-09 1.5687E-09 1.5950E-09 1.6212E-09 1.6475E-09 1.6737E-09 1.6999E-09 1.7261E-09 1.7522E-09 1.7783E-09 1.8041E-09 1.8295E-09 1.8545E-09 1.8791E-09 1.9032E-09 1.9270E-09 1.9512E-09 1.9766E-09 1.9999E-09 2.0227E-09 2.0451E-09 2.0668E-09 2.0880E-09 2.1086E-09
7.7920E-10 7.9880E-10 8.1870E-10 8.3891E-10 8.5943E-10 8.8025E-10 9.0136E-10 9.2277E-10 9.4446E-10 9.6697E-10 9.8953E-10 1.0121E-09 1.0350E-09 1.0581E-09 1.0815E-09 1.1051E-09 1.1290E-09 1.1531E-09 1.1774E-09 1.2019E-09 1.2267E-09 1.2517E-09 1.2768E-09 1.3022E-09 1.3277E-09 1.3533E-09 1.3792E-09 1.4051E-09 1.4315E-09 1.4584E-09 1.4847E-09 1.5111E-09 1.5376E-09 1.5642E-09 1.5908E-09 1.6175E-09 1.6442E-09 1.6708E-09 1.6975E-09 1.7241E-09 1.7507E-09 1.7772E-09 1.8037E-09 1.8299E-09 1.8559E-09 1.8813E-09 1.9062E-09 1.9307E-09 1.9564E-09 1.9809E-09 2.0047E-09 2.0283E-09 2.0513E-09 2.0739E-09 2.0959E-09 2.1173E-09 2.1381E-09
7.8887E-10 8.0875E-10 8.2894E-10 8.4945E-10 8.7027E-10 8.9139E-10 9.1281E-10 9.3454E-10 9.5707E-10 9.7967E-10 1.0023E-09 1.0252E-09 1.0484E-09 1.0719E-09 1.0956E-09 1.1196E-09 1.1438E-09 1.1683E-09 1.1930E-09 1.2179E-09 1.2431E-09 1.2684E-09 1.2940E-09 1.3197E-09 1.3456E-09 1.3717E-09 1.3979E-09 1.4246E-09 1.4517E-09 1.4784E-09 1.5051E-09 1.5320E-09 1.5589E-09 1.5859E-09 1.6129E-09 1.6400E-09 1.6671E-09 1.6942E-09 1.7213E-09 1.7483E-09 1.7753E-09 1.8023E-09 1.8292E-09 1.8559E-09 1.8822E-09 1.9082E-09 1.9335E-09 1.9608E-09 1.9853E-09 2.0093E-09 2.0330E-09 2.0568E-09 2.0802E-09 2.1030E-09 2.1252E-09 2.1468E-09 2.1678E-09
7.9851E-10 8.1867E-10 8.3915E-10 8.5995E-10 8.8107E-10 9.0249E-10 9.2423E-10 9.4653E-10 9.6941E-10 9.9209E-10 1.0151E-09 1.0383E-09 1.0619E-09 1.0857E-09 1.1098E-09 1.1341E-09 1.1587E-09 1.1835E-09 1.2086E-09 1.2339E-09 1.2594E-09 1.2852E-09 1.3111E-09 1.3372E-09 1.3635E-09 1.3900E-09 1.4169E-09 1.4443E-09 1.4713E-09 1.4983E-09 1.5255E-09 1.5528E-09 1.5801E-09 1.6075E-09 1.6350E-09 1.6625E-09 1.6900E-09 1.7175E-09 1.7450E-09 1.7725E-09 1.8000E-09 1.8273E-09 1.8546E-09 1.8818E-09 1.9086E-09 1.9359E-09 1.9634E-09 1.9887E-09 2.0136E-09 2.0380E-09 2.0619E-09 2.0857E-09 2.1092E-09 2.1323E-09 2.1547E-09 2.1766E-09 2.1978E-09
8.0810E-10 8.2855E-10 8.4932E-10 8.7041E-10 8.9183E-10 9.1356E-10 9.3587E-10 9.5876E-10 9.8146E-10 1.0045E-09 1.0278E-09 1.0514E-09 1.0753E-09 1.0994E-09 1.1239E-09 1.1486E-09 1.1735E-09 1.1987E-09 1.2242E-09 1.2498E-09 1.2757E-09 1.3019E-09 1.3282E-09 1.3547E-09 1.3814E-09 1.4086E-09 1.4362E-09 1.4635E-09 1.4908E-09 1.5183E-09 1.5459E-09 1.5736E-09 1.6013E-09 1.6292E-09 1.6570E-09 1.6850E-09 1.7129E-09 1.7408E-09 1.7688E-09 1.7967E-09 1.8246E-09 1.8524E-09 1.8801E-09 1.9077E-09 1.9366E-09 1.9644E-09 1.9909E-09 2.0168E-09 2.0420E-09 2.0668E-09 2.0910E-09 2.1147E-09 2.1385E-09 2.1618E-09 2.1845E-09 2.2066E-09 2.2279E-09
8.1765E-10 8.3838E-10 8.5944E-10 8.8083E-10 9.0254E-10 9.2458E-10 9.4747E-10 9.7044E-10 9.9347E-10 1.0168E-09 1.0404E-09 1.0644E-09 1.0886E-09 1.1131E-09 1.1379E-09 1.1630E-09 1.1883E-09 1.2139E-09 1.2397E-09 1.2657E-09 1.2920E-09 1.3185E-09 1.3452E-09 1.3721E-09 1.3995E-09 1.4274E-09 1.4549E-09 1.4825E-09 1.5103E-09 1.5382E-09 1.5662E-09 1.5943E-09 1.6225E-09 1.6507E-09 1.6791E-09 1.7074E-09 1.7358E-09 1.7641E-09 1.7925E-09 1.8208E-09 1.8491E-09 1.8773E-09 1.9055E-09 1.9351E-09 1.9639E-09 1.9915E-09 2.0186E-09 2.0450E-09 2.0706E-09 2.0957E-09 2.1202E-09 2.1442E-09 2.1679E-09 2.1915E-09 2.2144E-09 2.2449E-09 2.2673E-09
8.2715E-10 8.4816E-10 8.6951E-10 8.9119E-10 9.1321E-10 9.3607E-10 9.5903E-10 9.8206E-10 1.0054E-09 1.0291E-09 1.0530E-09 1.0773E-09 1.1019E-09 1.1268E-09 1.1519E-09 1.1773E-09 1.2030E-09 1.2289E-09 1.2551E-09 1.2815E-09 1.3082E-09 1.3351E-09 1.3622E-09 1.3895E-09 1.4179E-09 1.4457E-09 1.4735E-09 1.5016E-09 1.5298E-09 1.5581E-09 1.5865E-09 1.6150E-09 1.6436E-09 1.6723E-09 1.7010E-09 1.7298E-09 1.7586E-09 1.7874E-09 1.8161E-09 1.8449E-09 1.8736E-09 1.9023E-09 1.9332E-09 1.9619E-09 1.9903E-09 2.0184E-09 2.0461E-09 2.0731E-09 2.0993E-09 2.1247E-09 2.1496E-09 2.1739E-09 2.1977E-09 2.2282E-09 2.2539E-09 2.2774E-09 2.3032E-09
8.3660E-10 8.5789E-10 8.7952E-10 9.0150E-10 9.2407E-10 9.4726E-10 9.7028E-10 9.9363E-10 1.0173E-09 1.0413E-09 1.0656E-09 1.0902E-09 1.1151E-09 1.1403E-09 1.1658E-09 1.1916E-09 1.2176E-09 1.2439E-09 1.2705E-09 1.2973E-09 1.3243E-09 1.3516E-09 1.3791E-09 1.4074E-09 1.4357E-09 1.4638E-09 1.4921E-09 1.5205E-09 1.5491E-09 1.5778E-09 1.6067E-09 1.6356E-09 1.6646E-09 1.6937E-09 1.7229E-09 1.7521E-09 1.7813E-09 1.8105E-09 1.8397E-09 1.8689E-09 1.8988E-09 1.9296E-09 1.9587E-09 1.9878E-09 2.0167E-09 2.0453E-09 2.0735E-09 2.1012E-09 2.1280E-09 2.1539E-09 2.1791E-09 2.2093E-09 2.2355E-09 2.2601E-09 2.2863E-09 2.3129E-09 2.3460E-09
8.4597E-10 8.6755E-10 8.8947E-10 9.1199E-10 9.3514E-10 9.5813E-10 9.8146E-10 1.0051E-09 1.0291E-09 1.0534E-09 1.0781E-09 1.1030E-09 1.1283E-09 1.1538E-09 1.1797E-09 1.2058E-09 1.2322E-09 1.2589E-09 1.2858E-09 1.3130E-09 1.3404E-09 1.3681E-09 1.3966E-09 1.4250E-09 1.4534E-09 1.4819E-09 1.5106E-09 1.5394E-09 1.5684E-09 1.5975E-09 1.6268E-09 1.6561E-09 1.6856E-09 1.7151E-09 1.7447E-09 1.7743E-09 1.8039E-09 1.8336E-09 1.8632E-09 1.8936E-09 1.9248E-09 1.9545E-09 1.9841E-09 2.0136E-09 2.0429E-09 2.0721E-09 2.1009E-09 2.1291E-09 2.1565E-09 2.1873E-09 2.2147E-09 2.2407E-09 2.2660E-09 2.3021E-09 2.3298E-09 2.3569E-09 2.3820E-09
8.5528E-10 8.7714E-10 8.9934E-10 9.2243E-10 9.4563E-10 9.6893E-10 9.9257E-10 1.0165E-09 1.0409E-09 1.0655E-09 1.0905E-09 1.1157E-09 1.1413E-09 1.1672E-09 1.1934E-09 1.2199E-09 1.2467E-09 1.2737E-09 1.3010E-09 1.3286E-09 1.3564E-09 1.3851E-09 1.4137E-09 1.4422E-09 1.4709E-09 1.4998E-09 1.5289E-09 1.5582E-09 1.5876E-09 1.6172E-09 1.6468E-09 1.6766E-09 1.7065E-09 1.7364E-09 1.7664E-09 1.7964E-09 1.8265E-09 1.8566E-09 1.8874E-09 1.9191E-09 1.9493E-09 1.9794E-09 2.0094E-09 2.0393E-09 2.0691E-09 2.0988E-09 2.1281E-09 2.1569E-09 2.1887E-09 2.2175E-09 2.2446E-09 2.2787E-09 2.3088E-09 2.3365E-09 2.3627E-09 2.3907E-09 2.4280E-09
8.6452E-10 8.8665E-10 9.0966E-10 9.3280E-10 9.5604E-10 9.7964E-10 1.0036E-09 1.0279E-09 1.0525E-09 1.0775E-09 1.1028E-09 1.1284E-09 1.1543E-09 1.1806E-09 1.2071E-09 1.2339E-09 1.2611E-09 1.2885E-09 1.3161E-09 1.3441E-09 1.3726E-09 1.4017E-09 1.4304E-09 1.4593E-09 1.4884E-09 1.5177E-09 1.5472E-09 1.5769E-09 1.6067E-09 1.6367E-09 1.6667E-09 1.6969E-09 1.7272E-09 1.7576E-09 1.7880E-09 1.8184E-09 1.8489E-09 1.8802E-09 1.9124E-09 1.9430E-09 1.9736E-09 2.0041E-09 2.0346E-09 2.0649E-09 2.0952E-09 2.1253E-09 2.1552E-09 2.1846E-09 2.2171E-09 2.2512E-09 2.2836E-09 2.3134E-09 2.3411E-09 2.3774E-09 2.4062E-09 2.4376E-09 2.4670E-09
8.7367E-10 8.9634E-10 9.1965E-10 9.4283E-10 9.6637E-10 9.9027E-10 1.0145E-09 1.0391E-09 1.0641E-09 1.0894E-09 1.1150E-09 1.1409E-09 1.1672E-09 1.1938E-09 1.2207E-09 1.2479E-09 1.2754E-09 1.3031E-09 1.3312E-09 1.3598E-09 1.3890E-09 1.4179E-09 1.4469E-09 1.4762E-09 1.5058E-09 1.5355E-09 1.5654E-09 1.5954E-09 1.6257E-09 1.6560E-09 1.6865E-09 1.7171E-09 1.7478E-09 1.7786E-09 1.8095E-09 1.8403E-09 1.8720E-09 1.9046E-09 1.9357E-09 1.9668E-09 1.9978E-09 2.0287E-09 2.0596E-09 2.0904E-09 2.1211E-09 2.1517E-09 2.1821E-09 2.2121E-09 2.2493E-09 2.2832E-09 2.3146E-09 2.3516E-09 2.3833E-09 2.4136E-09 2.4437E-09 2.4817E-09 2.5127E-09
8.8273E-10 9.0595E-10 9.2930E-10 9.5277E-10 9.7661E-10 1.0008E-09 1.0254E-09 1.0503E-09 1.0755E-09 1.1011E-09 1.1271E-09 1.1534E-09 1.1800E-09 1.2069E-09 1.2341E-09 1.2617E-09 1.2895E-09 1.3176E-09 1.3464E-09 1.3754E-09 1.4047E-09 1.4339E-09 1.4634E-09 1.4931E-09 1.5230E-09 1.5531E-09 1.5834E-09 1.6139E-09 1.6445E-09 1.6753E-09 1.7062E-09 1.7372E-09 1.7683E-09 1.7995E-09 1.8308E-09 1.8629E-09 1.8959E-09 1.9274E-09 1.9589E-09 1.9904E-09 2.0218E-09 2.0532E-09 2.0846E-09 2.1158E-09 2.1469E-09 2.1779E-09 2.2087E-09 2.2393E-09 2.2802E-09 2.3180E-09 2.3524E-09 2.3851E-09 2.4162E-09 2.4547E-09 2.4865E-09 2.5198E-09 2.5521E-09
8.9222E-10 9.1547E-10 9.3885E-10 9.6261E-10 9.8674E-10 1.0112E-09 1.0361E-09 1.0613E-09 1.0869E-09 1.1128E-09 1.1391E-09 1.1657E-09 1.1926E-09 1.2199E-09 1.2475E-09 1.2754E-09 1.3036E-09 1.3321E-09 1.3615E-09 1.3909E-09 1.4202E-09 1.4499E-09 1.4797E-09 1.5098E-09 1.5401E-09 1.5706E-09 1.6013E-09 1.6322E-09 1.6632E-09 1.6944E-09 1.7257E-09 1.7571E-09 1.7887E-09 1.8203E-09 1.8527E-09 1.8861E-09 1.9180E-09 1.9500E-09 1.9819E-09 2.0139E-09 2.0457E-09 2.0776E-09 2.1093E-09 2.1410E-09 2.1726E-09 2.2040E-09 2.2352E-09 2.2691E-09 2.3143E-09 2.3481E-09 2.3824E-09 2.4217E-09 2.4556E-09 2.4897E-09 2.5226E-09 2.5636E-09 2.5989E-09
9.0137E-10 9.2465E-10 9.4831E-10 9.7234E-10 9.9676E-10 1.0216E-09 1.0467E-09 1.0722E-09 1.0981E-09 1.1244E-09 1.1510E-09 1.1779E-09 1.2052E-09 1.2328E-09 1.2607E-09 1.2889E-09 1.3175E-09 1.3470E-09 1.3765E-09 1.4059E-09 1.4357E-09 1.4657E-09 1.4959E-09 1.5264E-09 1.5571E-09 1.5880E-09 1.6190E-09 1.6503E-09 1.6818E-09 1.7133E-09 1.7451E-09 1.7769E-09 1.8088E-09 1.8417E-09 1.8754E-09 1.9077E-09 1.9401E-09 1.9724E-09 2.0048E-09 2.0372E-09 2.0695E-09 2.1018E-09 2.1339E-09 2.1660E-09 2.1980E-09 2.2308E-09 2.2644E-09 2.2961E-09 2.3433E-09 2.3770E-09 2.4133E-09 2.4528E-09 2.4888E-09 2.5302E-09 2.5662E-09 2.6024E-09 2.6395E-09
9.1016E-10 9.3371E-10 9.5764E-10 9.8196E-10 1.0067E-09 1.0318E-09 1.0572E-09 1.0830E-09 1.1092E-09 1.1358E-09 1.1627E-09 1.1900E-09 1.2176E-09 1.2455E-09 1.2738E-09 1.3024E-09 1.3316E-09 1.3614E-09 1.3910E-09 1.4208E-09 1.4509E-09 1.4813E-09 1.5119E-09 1.5428E-09 1.5738E-09 1.6051E-09 1.6366E-09 1.6683E-09 1.7001E-09 1.7321E-09 1.7642E-09 1.7965E-09 1.8296E-09 1.8629E-09 1.8964E-09 1.9291E-09 1.9619E-09 1.9947E-09 2.0275E-09 2.0603E-09 2.0930E-09 2.1257E-09 2.1584E-09 2.1909E-09 2.2242E-09 2.2584E-09 2.2907E-09 2.3229E-09 2.3710E-09 2.4055E-09 2.4428E-09 2.4891E-09 2.5272E-09 2.5644E-09 2.6014E-09 2.6476E-09 2.6915E-09
9.1884E-10 9.4266E-10 9.6687E-10 9.9147E-10 1.0165E-09 1.0418E-09 1.0676E-09 1.0937E-09 1.1202E-09 1.1471E-09 1.1743E-09 1.2019E-09 1.2298E-09 1.2581E-09 1.2867E-09 1.3159E-09 1.3455E-09 1.3755E-09 1.4054E-09 1.4356E-09 1.4660E-09 1.4968E-09 1.5278E-09 1.5590E-09 1.5905E-09 1.6221E-09 1.6540E-09 1.6861E-09 1.7183E-09 1.7507E-09 1.7832E-09 1.8167E-09 1.8503E-09 1.8841E-09 1.9172E-09 1.9503E-09 1.9835E-09 2.0167E-09 2.0500E-09 2.0832E-09 2.1164E-09 2.1495E-09 2.1826E-09 2.2164E-09 2.2512E-09 2.2841E-09 2.3169E-09 2.3495E-09 2.3985E-09 2.4338E-09 2.4720E-09 2.5197E-09 2.5591E-09 2.6056E-09 2.6448E-09 2.6889E-09 2.7336E-09
9.2740E-10 9.5148E-10 9.7596E-10 1.0008E-09 1.0261E-09 1.0518E-09 1.0778E-09 1.1042E-09 1.1311E-09 1.1582E-09 1.1858E-09 1.2137E-09 1.2419E-09 1.2705E-09 1.2995E-09 1.3294E-09 1.3593E-09 1.3893E-09 1.4196E-09 1.4501E-09 1.4810E-09 1.5121E-09 1.5434E-09 1.5750E-09 1.6069E-09 1.6390E-09 1.6712E-09 1.7037E-09 1.7363E-09 1.7691E-09 1.8020E-09 1.8367E-09 1.8708E-09 1.9042E-09 1.9377E-09 1.9713E-09 2.0049E-09 2.0386E-09 2.0723E-09 2.1059E-09 2.1395E-09 2.1731E-09 2.2075E-09 2.2428E-09 2.2763E-09 2.3096E-09 2.3428E-09 2.3758E-09 2.4258E-09 2.4617E-09 2.5093E-09 2.5551E-09 2.5965E-09 2.6396E-09 2.6838E-09 2.7247E-09 2.7722E-09
9.3584E-10 9.6018E-10 9.8493E-10 1.0101E-09 1.0356E-09 1.0616E-09 1.0879E-09 1.1146E-09 1.1417E-09 1.1692E-09 1.1971E-09 1.2253E-09 1.2539E-09 1.2828E-09 1.3124E-09 1.3427E-09 1.3727E-09 1.4030E-09 1.4336E-09 1.4645E-09 1.4957E-09 1.5272E-09 1.5589E-09 1.5909E-09 1.6231E-09 1.6556E-09 1.6882E-09 1.7211E-09 1.7541E-09 1.7873E-09 1.8222E-09 1.8566E-09 1.8903E-09 1.9242E-09 1.9581E-09 1.9921E-09 2.0261E-09 2.0602E-09 2.0943E-09 2.1284E-09 2.1624E-09 2.1973E-09 2.2331E-09 2.2672E-09 2.3011E-09 2.3349E-09 2.3685E-09 2.4020E-09 2.4528E-09 2.4893E-09 2.5424E-09 2.5852E-09 2.6289E-09 2.6747E-09 2.7184E-09 2.7619E-09 2.8132E-09
9.4414E-10 9.6874E-10 9.9375E-10 1.0192E-09 1.0450E-09 1.0712E-09 1.0978E-09 1.1249E-09 1.1523E-09 1.1801E-09 1.2082E-09 1.2367E-09 1.2656E-09 1.2952E-09 1.3252E-09 1.3555E-09 1.3858E-09 1.4165E-09 1.4474E-09 1.4787E-09 1.5102E-09 1.5421E-09 1.5742E-09 1.6065E-09 1.6391E-09 1.6720E-09 1.7050E-09 1.7382E-09 1.7716E-09 1.8068E-09 1.8414E-09 1.8755E-09 1.9096E-09 1.9439E-09 1.9782E-09 2.0126E-09 2.0471E-09 2.0816E-09 2.1161E-09 2.1506E-09 2.1860E-09 2.2223E-09 2.2568E-09 2.2913E-09 2.3256E-09 2.3599E-09 2.4065E-09 2.4444E-09 2.4797E-09 2.5167E-09 2.5709E-09 2.6170E-09 2.6622E-09 2.7074E-09 2.7527E-09 2.7979E-09 2.8557E-09
9.5230E-10 9.7716E-10 1.0024E-09 1.0281E-09 1.0542E-09 1.0807E-09 1.1076E-09 1.1349E-09 1.1626E-09 1.1907E-09 1.2192E-09 1.2480E-09 1.2772E-09 1.3075E-09 1.3377E-09 1.3681E-09 1.3987E-09 1.4297E-09 1.4611E-09 1.4927E-09 1.5246E-09 1.5568E-09 1.5893E-09 1.6220E-09 1.6549E-09 1.6881E-09 1.7216E-09 1.7552E-09 1.7898E-09 1.8254E-09 1.8597E-09 1.8941E-09 1.9287E-09 1.9633E-09 1.9981E-09 2.0329E-09 2.0678E-09 2.1027E-09 2.1376E-09 2.1734E-09 2.2102E-09 2.2453E-09 2.2802E-09 2.3151E-09 2.3499E-09 2.3976E-09 2.4363E-09 2.4717E-09 2.5102E-09 2.5473E-09 2.6044E-09 2.6475E-09 2.6931E-09 2.7398E-09 2.7868E-09 2.8387E-09 2.8936E-09
9.6031E-10 9.8543E-10 1.0110E-09 1.0369E-09 1.0633E-09 1.0901E-09 1.1172E-09 1.1448E-09 1.1728E-09 1.2012E-09 1.2300E-09 1.2591E-09 1.2890E-09 1.3195E-09 1.3498E-09 1.3805E-09 1.4115E-09 1.4428E-09 1.4745E-09 1.5064E-09 1.5387E-09 1.5713E-09 1.6041E-09 1.6372E-09 1.6705E-09 1.7041E-09 1.7379E-09 1.7726E-09 1.8077E-09 1.8430E-09 1.8776E-09 1.9125E-09 1.9474E-09 1.9825E-09 2.0177E-09 2.0529E-09 2.0882E-09 2.1235E-09 2.1589E-09 2.1970E-09 2.2325E-09 2.2680E-09 2.3034E-09 2.3513E-09 2.3905E-09 2.4268E-09 2.4650E-09 2.5022E-09 2.5393E-09 2.5799E-09 2.6341E-09 2.6799E-09 2.7237E-09 2.7735E-09 2.8255E-09 2.8763E-09 2.9370E-09
9.6818E-10 9.9354E-10 1.0193E-09 1.0455E-09 1.0722E-09 1.0992E-09 1.1267E-09 1.1545E-09 1.1828E-09 1.2115E-09 1.2406E-09 1.2703E-09 1.3005E-09 1.3311E-09 1.3617E-09 1.3927E-09 1.4240E-09 1.4557E-09 1.4877E-09 1.5200E-09 1.5526E-09 1.5855E-09 1.6187E-09 1.6521E-09 1.6858E-09 1.7198E-09 1.7539E-09 1.7899E-09 1.8254E-09 1.8603E-09 1.8954E-09 1.9306E-09 1.9660E-09 2.0014E-09 2.0370E-09 2.0726E-09 2.1083E-09 2.1441E-09 2.1817E-09 2.2185E-09 2.2545E-09 2.2904E-09 2.3391E-09 2.3790E-09 2.4159E-09 2.4559E-09 2.4928E-09 2.5327E-09 2.5717E-09 2.6127E-09 2.6660E-09 2.7108E-09 2.7599E-09 2.8088E-09 2.8626E-09 2.9155E-09 2.9825E-09
