Assets/Resources/2015_m01_d16_0400(utc+0800)_l00_csi_1hr_conc.grd
DSAA
         159         159
     -79.000      79.000
     -79.000      79.000
  0.3209E-10  0.1061E-04
[rows 50 to 74 of 159, columns 57 to 113 of 159]
3.9457E-09 4.1108E-09 4.2801E-09 4.4534E-09 4.6307E-09 4.8116E-09 4.9957E-09 5.1830E-09 5.3729E-09 5.5651E-09 5.7593E-09 5.9548E-09 6.1509E-09 6.3461E-09 6.5418E-09 6.7364E-09 6.9289E-09 7.1191E-09 7.3054E-09 7.4883E-09 7.6658E-09 7.8381E-09 8.0045E-09 8.1645E-09 8.3191E-09 8.4664E-09 8.6063E-09 8.7380E-09 8.8610E-09 8.9748E-09 9.0794E-09 9.1750E-09 9.2615E-09 9.3389E-09 9.4071E-09 9.4662E-09 9.5152E-09 9.5550E-09 9.5859E-09 9.6079E-09 9.6212E-09 9.6266E-09 9.6247E-09 9.6174E-09 9.6020E-09 9.5784E-09 9.5447E-09 9.5038E-09 9.4558E-09 9.4012E-09 9.3399E-09 9.2731E-09 9.2005E-09 9.1225E-09 9.0395E-09 8.9528E-09 8.8627E-09
4.0455E-09 4.2160E-09 4.3909E-09 4.5700E-09 4.7532E-09 4.9400E-09 5.1304E-09 5.3238E-09 5.5200E-09 5.7176E-09 5.9181E-09 6.1197E-09 6.3220E-09 6.5231E-09 6.7247E-09 6.9258E-09 7.1242E-09 7.3191E-09 7.5110E-09 7.6977E-09 7.8796E-09 8.0560E-09 8.2270E-09 8.3913E-09 8.5504E-09 8.7010E-09 8.8435E-09 8.9775E-09 9.1009E-09 9.2164E-09 9.3228E-09 9.4200E-09 9.5078E-09 9.5863E-09 9.6554E-09 9.7140E-09 9.7632E-09 9.8031E-09 9.8338E-09 9.8560E-09 9.8702E-09 9.8784E-09 9.8780E-09 9.8687E-09 9.8486E-09 9.8203E-09 9.7843E-09 9.7409E-09 9.6904E-09 9.6331E-09 9.5688E-09 9.4998E-09 9.4265E-09 9.3482E-09 9.2647E-09 9.1742E-09 9.0779E-09
4.1436E-09 4.3202E-09 4.5007E-09 4.6865E-09 4.8755E-09 5.0684E-09 5.2649E-09 5.4645E-09 5.6660E-09 5.8709E-09 6.0775E-09 6.2844E-09 6.4916E-09 6.6998E-09 6.9079E-09 7.1140E-09 7.3182E-09 7.5188E-09 7.7146E-09 7.9060E-09 8.0922E-09 8.2746E-09 8.4494E-09 8.6180E-09 8.7794E-09 8.9330E-09 9.0780E-09 9.2126E-09 9.3393E-09 9.4569E-09 9.5652E-09 9.6640E-09 9.7533E-09 9.8330E-09 9.9019E-09 9.9612E-09 1.0011E-08 1.0051E-08 1.0083E-08 1.0109E-08 1.0125E-08 1.0132E-08 1.0128E-08 1.0114E-08 1.0093E-08 1.0063E-08 1.0025E-08 9.9791E-09 9.9272E-09 9.8696E-09 9.8061E-09 9.7357E-09 9.6580E-09 9.5739E-09 9.4842E-09 9.3893E-09 9.2890E-09
4.2429E-09 4.4242E-09 4.6103E-09 4.8009E-09 4.9957E-09 5.1946E-09 5.3980E-09 5.6029E-09 5.8124E-09 6.0234E-09 6.2353E-09 6.4481E-09 6.6622E-09 6.8769E-09 7.0903E-09 7.3014E-09 7.5105E-09 7.7160E-09 7.9166E-09 8.1125E-09 8.3040E-09 8.4901E-09 8.6694E-09 8.8416E-09 9.0063E-09 9.1627E-09 9.3103E-09 9.4486E-09 9.5778E-09 9.6970E-09 9.8070E-09 9.9076E-09 9.9973E-09 1.0077E-08 1.0147E-08 1.0207E-08 1.0258E-08 1.0303E-08 1.0338E-08 1.0363E-08 1.0377E-08 1.0381E-08 1.0375E-08 1.0360E-08 1.0337E-08 1.0306E-08 1.0268E-08 1.0223E-08 1.0171E-08 1.0110E-08 1.0042E-08 9.9667E-09 9.8852E-09 9.7977E-09 9.7045E-09 9.6059E-09 9.5017E-09
4.3415E-09 4.5283E-09 4.7199E-09 4.9162E-09 5.1170E-09 5.3218E-09 5.5303E-09 5.7422E-09 5.9570E-09 6.1740E-09 6.3917E-09 6.6114E-09 6.8319E-09 7.0519E-09 7.2705E-09 7.4876E-09 7.7016E-09 7.9111E-09 8.1163E-09 8.3177E-09 8.5139E-09 8.7037E-09 8.8868E-09 9.0626E-09 9.2303E-09 9.3895E-09 9.5397E-09 9.6802E-09 9.8112E-09 9.9332E-09 1.0045E-08 1.0147E-08 1.0238E-08 1.0319E-08 1.0391E-08 1.0453E-08 1.0508E-08 1.0554E-08 1.0589E-08 1.0612E-08 1.0625E-08 1.0628E-08 1.0621E-08 1.0606E-08 1.0584E-08 1.0554E-08 1.0515E-08 1.0468E-08 1.0412E-08 1.0347E-08 1.0276E-08 1.0198E-08 1.0113E-08 1.0023E-08 9.9260E-09 9.8232E-09 9.7180E-09
4.4376E-09 4.6297E-09 4.8277E-09 5.0296E-09 5.2371E-09 5.4477E-09 5.6612E-09 5.8791E-09 6.0999E-09 6.3228E-09 6.5474E-09 6.7731E-09 6.9990E-09 7.2246E-09 7.4492E-09 7.6711E-09 7.8892E-09 8.1034E-09 8.3130E-09 8.5203E-09 8.7204E-09 8.9143E-09 9.1010E-09 9.2800E-09 9.4506E-09 9.6125E-09 9.7647E-09 9.9082E-09 1.0042E-08 1.0166E-08 1.0280E-08 1.0383E-08 1.0476E-08 1.0560E-08 1.0636E-08 1.0702E-08 1.0758E-08 1.0802E-08 1.0835E-08 1.0858E-08 1.0871E-08 1.0874E-08 1.0869E-08 1.0856E-08 1.0833E-08 1.0801E-08 1.0760E-08 1.0709E-08 1.0650E-08 1.0584E-08 1.0510E-08 1.0430E-08 1.0344E-08 1.0254E-08 1.0161E-08 1.0063E-08 9.9557E-09
4.5342E-09 4.7316E-09 4.9342E-09 5.1418E-09 5.3539E-09 5.5703E-09 5.7906E-09 6.0152E-09 6.2409E-09 6.4686E-09 6.6990E-09 6.9309E-09 7.1636E-09 7.3952E-09 7.6246E-09 7.8506E-09 8.0734E-09 8.2921E-09 8.5077E-09 8.7179E-09 8.9233E-09 9.1208E-09 9.3110E-09 9.4931E-09 9.6664E-09 9.8310E-09 9.9865E-09 1.0133E-08 1.0269E-08 1.0395E-08 1.0511E-08 1.0616E-08 1.0712E-08 1.0801E-08 1.0879E-08 1.0947E-08 1.1002E-08 1.1046E-08 1.1079E-08 1.1103E-08 1.1117E-08 1.1122E-08 1.1118E-08 1.1104E-08 1.1080E-08 1.1045E-08 1.1002E-08 1.0950E-08 1.0889E-08 1.0822E-08 1.0750E-08 1.0674E-08 1.0591E-08 1.0500E-08 1.0399E-08 1.0291E-08 1.0178E-08
4.6276E-09 4.8319E-09 5.0399E-09 5.2529E-09 5.4706E-09 5.6917E-09 5.9187E-09 6.1481E-09 6.3794E-09 6.6137E-09 6.8501E-09 7.0871E-09 7.3237E-09 7.5600E-09 7.7955E-09 8.0263E-09 8.2536E-09 8.4783E-09 8.6979E-09 8.9124E-09 9.1206E-09 9.3217E-09 9.5162E-09 9.7012E-09 9.8777E-09 1.0045E-08 1.0204E-08 1.0353E-08 1.0491E-08 1.0620E-08 1.0738E-08 1.0847E-08 1.0947E-08 1.1038E-08 1.1118E-08 1.1185E-08 1.1241E-08 1.1286E-08 1.1321E-08 1.1347E-08 1.1363E-08 1.1369E-08 1.1364E-08 1.1349E-08 1.1323E-08 1.1288E-08 1.1243E-08 1.1192E-08 1.1135E-08 1.1072E-08 1.1001E-08 1.0921E-08 1.0831E-08 1.0734E-08 1.0629E-08 1.0518E-08 1.0402E-08
4.7210E-09 4.9286E-09 5.1419E-09 5.3602E-09 5.5833E-09 5.8117E-09 6.0433E-09 6.2773E-09 6.5149E-09 6.7558E-09 6.9973E-09 7.2394E-09 7.4819E-09 7.7230E-09 7.9612E-09 8.1965E-09 8.4296E-09 8.6593E-09 8.8835E-09 9.1019E-09 9.3137E-09 9.5193E-09 9.7158E-09 9.9040E-09 1.0084E-08 1.0254E-08 1.0416E-08 1.0567E-08 1.0708E-08 1.0839E-08 1.0961E-08 1.1074E-08 1.1178E-08 1.1271E-08 1.1351E-08 1.1419E-08 1.1476E-08 1.1524E-08 1.1562E-08 1.1590E-08 1.1606E-08 1.1612E-08 1.1606E-08 1.1590E-08 1.1564E-08 1.1531E-08 1.1491E-08 1.1443E-08 1.1387E-08 1.1321E-08 1.1245E-08 1.1160E-08 1.1067E-08 1.0967E-08 1.0860E-08 1.0747E-08 1.0629E-08
4.8121E-09 5.0249E-09 5.2432E-09 5.4667E-09 5.6952E-09 5.9281E-09 6.1649E-09 6.4041E-09 6.6471E-09 6.8929E-09 7.1406E-09 7.3884E-09 7.6355E-09 7.8803E-09 8.1231E-09 8.3640E-09 8.6020E-09 8.8353E-09 9.0635E-09 9.2856E-09 9.5020E-09 9.7096E-09 9.9093E-09 1.0101E-08 1.0284E-08 1.0458E-08 1.0621E-08 1.0775E-08 1.0919E-08 1.1054E-08 1.1181E-08 1.1297E-08 1.1404E-08 1.1496E-08 1.1578E-08 1.1648E-08 1.1709E-08 1.1760E-08 1.1800E-08 1.1828E-08 1.1845E-08 1.1850E-08 1.1845E-08 1.1831E-08 1.1809E-08 1.1780E-08 1.1741E-08 1.1692E-08 1.1632E-08 1.1562E-08 1.1484E-08 1.1398E-08 1.1304E-08 1.1204E-08 1.1102E-08 1.0995E-08 1.0881E-08
4.8993E-09 5.1169E-09 5.3401E-09 5.5695E-09 5.8030E-09 6.0410E-09 6.2820E-09 6.5282E-09 6.7766E-09 7.0269E-09 7.2782E-09 7.5305E-09 7.7832E-09 8.0325E-09 8.2795E-09 8.5251E-09 8.7680E-09 9.0054E-09 9.2372E-09 9.4627E-09 9.6812E-09 9.8920E-09 1.0096E-08 1.0291E-08 1.0477E-08 1.0653E-08 1.0819E-08 1.0976E-08 1.1125E-08 1.1265E-08 1.1395E-08 1.1515E-08 1.1621E-08 1.1716E-08 1.1800E-08 1.1874E-08 1.1938E-08 1.1991E-08 1.2032E-08 1.2061E-08 1.2078E-08 1.2085E-08 1.2084E-08 1.2075E-08 1.2056E-08 1.2028E-08 1.1986E-08 1.1935E-08 1.1873E-08 1.1803E-08 1.1726E-08 1.1643E-08 1.1555E-08 1.1460E-08 1.1355E-08 1.1240E-08 1.1118E-08
4.9855E-09 5.2077E-09 5.4357E-09 5.6691E-09 5.9075E-09 6.1503E-09 6.3961E-09 6.6464E-09 6.9011E-09 7.1561E-09 7.4127E-09 7.6693E-09 7.9244E-09 8.1779E-09 8.4304E-09 8.6807E-09 8.9266E-09 9.1676E-09 9.4030E-09 9.6329E-09 9.8544E-09 1.0069E-08 1.0275E-08 1.0473E-08 1.0662E-08 1.0841E-08 1.1011E-08 1.1172E-08 1.1326E-08 1.1469E-08 1.1603E-08 1.1723E-08 1.1831E-08 1.1929E-08 1.2018E-08 1.2095E-08 1.2162E-08 1.2216E-08 1.2258E-08 1.2288E-08 1.2308E-08 1.2321E-08 1.2324E-08 1.2317E-08 1.2299E-08 1.2269E-08 1.2226E-08 1.2174E-08 1.2115E-08 1.2051E-08 1.1979E-08 1.1899E-08 1.1808E-08 1.1707E-08 1.1597E-08 1.1481E-08 1.1357E-08
5.0669E-09 5.2936E-09 5.5261E-09 5.7649E-09 6.0080E-09 6.2554E-09 6.5068E-09 6.7621E-09 7.0197E-09 7.2799E-09 7.5406E-09 7.8015E-09 8.0606E-09 8.3192E-09 8.5762E-09 8.8297E-09 9.0792E-09 9.3237E-09 9.5634E-09 9.7952E-09 1.0020E-08 1.0237E-08 1.0447E-08 1.0648E-08 1.0839E-08 1.1022E-08 1.1195E-08 1.1362E-08 1.1519E-08 1.1666E-08 1.1800E-08 1.1923E-08 1.2035E-08 1.2138E-08 1.2229E-08 1.2310E-08 1.2378E-08 1.2434E-08 1.2478E-08 1.2513E-08 1.2539E-08 1.2555E-08 1.2561E-08 1.2554E-08 1.2535E-08 1.2503E-08 1.2464E-08 1.2419E-08 1.2366E-08 1.2304E-08 1.2232E-08 1.2148E-08 1.2053E-08 1.1951E-08 1.1841E-08 1.1723E-08 1.1601E-08
5.1467E-09 5.3777E-09 5.6146E-09 5.8569E-09 6.1043E-09 6.3551E-09 6.6110E-09 6.8720E-09 7.1337E-09 7.3977E-09 7.6624E-09 7.9262E-09 8.1900E-09 8.4528E-09 8.7130E-09 8.9713E-09 9.2242E-09 9.4730E-09 9.7145E-09 9.9493E-09 1.0177E-08 1.0398E-08 1.0610E-08 1.0814E-08 1.1008E-08 1.1194E-08 1.1374E-08 1.1544E-08 1.1705E-08 1.1853E-08 1.1989E-08 1.2116E-08 1.2233E-08 1.2339E-08 1.2434E-08 1.2516E-08 1.2587E-08 1.2645E-08 1.2694E-08 1.2735E-08 1.2765E-08 1.2784E-08 1.2790E-08 1.2783E-08 1.2766E-08 1.2741E-08 1.2709E-08 1.2667E-08 1.2615E-08 1.2552E-08 1.2477E-08 1.2391E-08 1.2300E-08 1.2207E-08 1.2116E-08 1.2019E-08 1.1920E-08
5.2212E-09 5.4561E-09 5.6971E-09 5.9444E-09 6.1949E-09 6.4517E-09 6.7121E-09 6.9754E-09 7.2418E-09 7.5094E-09 7.7778E-09 8.0452E-09 8.3128E-09 8.5796E-09 8.8435E-09 9.1039E-09 9.3598E-09 9.6115E-09 9.8557E-09 1.0093E-08 1.0326E-08 1.0549E-08 1.0764E-08 1.0970E-08 1.1168E-08 1.1360E-08 1.1544E-08 1.1717E-08 1.1879E-08 1.2030E-08 1.2171E-08 1.2302E-08 1.2422E-08 1.2532E-08 1.2629E-08 1.2714E-08 1.2788E-08 1.2852E-08 1.2908E-08 1.2952E-08 1.2985E-08 1.3005E-08 1.3012E-08 1.3010E-08 1.2999E-08 1.2980E-08 1.2951E-08 1.2911E-08 1.2858E-08 1.2795E-08 1.2732E-08 1.2666E-08 1.2599E-08 1.2549E-08 1.2474E-08 1.2399E-08 1.2286E-08
5.2917E-09 5.5313E-09 5.7770E-09 6.0272E-09 6.2814E-09 6.5413E-09 6.8068E-09 7.0736E-09 7.3432E-09 7.6143E-09 7.8852E-09 8.1568E-09 8.4281E-09 8.6989E-09 8.9658E-09 9.2292E-09 9.4890E-09 9.7420E-09 9.9890E-09 1.0230E-08 1.0464E-08 1.0690E-08 1.0907E-08 1.1117E-08 1.1320E-08 1.1515E-08 1.1702E-08 1.1879E-08 1.2044E-08 1.2198E-08 1.2343E-08 1.2478E-08 1.2602E-08 1.2715E-08 1.2815E-08 1.2904E-08 1.2984E-08 1.3054E-08 1.3114E-08 1.3162E-08 1.3197E-08 1.3219E-08 1.3232E-08 1.3237E-08 1.3231E-08 1.3216E-08 1.3187E-08 1.3151E-08 1.3112E-08 1.3071E-08 1.3028E-08 1.3026E-08 1.2981E-08 1.2915E-08 1.2833E-08 1.2756E-08 1.2657E-08
5.3597E-09 5.6020E-09 5.8503E-09 6.1040E-09 6.3626E-09 6.6272E-09 6.8944E-09 7.1642E-09 7.4381E-09 7.7123E-09 7.9862E-09 8.2612E-09 8.5360E-09 8.8086E-09 9.0783E-09 9.3442E-09 9.6064E-09 9.8631E-09 1.0113E-08 1.0356E-08 1.0593E-08 1.0821E-08 1.1041E-08 1.1255E-08 1.1463E-08 1.1662E-08 1.1852E-08 1.2030E-08 1.2198E-08 1.2357E-08 1.2507E-08 1.2645E-08 1.2773E-08 1.2888E-08 1.2992E-08 1.3087E-08 1.3174E-08 1.3248E-08 1.3312E-08 1.3362E-08 1.3400E-08 1.3429E-08 1.3450E-08 1.3459E-08 1.3458E-08 1.3447E-08 1.3433E-08 1.3450E-08 1.3466E-08 1.3471E-08 1.3458E-08 1.3425E-08 1.3391E-08 1.3335E-08 1.3278E-08 1.3194E-08 1.3098E-08
5.4215E-09 5.6679E-09 5.9193E-09 6.1762E-09 6.4382E-09 6.7053E-09 6.9765E-09 7.2500E-09 7.5257E-09 7.8018E-09 8.0793E-09 8.3574E-09 8.6356E-09 8.9107E-09 9.1829E-09 9.4522E-09 9.7154E-09 9.9732E-09 1.0225E-08 1.0471E-08 1.0710E-08 1.0941E-08 1.1165E-08 1.1384E-08 1.1595E-08 1.1798E-08 1.1989E-08 1.2170E-08 1.2342E-08 1.2506E-08 1.2659E-08 1.2802E-08 1.2932E-08 1.3051E-08 1.3162E-08 1.3263E-08 1.3354E-08 1.3433E-08 1.3499E-08 1.3553E-08 1.3599E-08 1.3636E-08 1.3661E-08 1.3680E-08 1.3704E-08 1.3745E-08 1.3798E-08 1.3852E-08 1.3893E-08 1.3899E-08 1.3886E-08 1.3857E-08 1.3814E-08 1.3760E-08 1.3694E-08 1.3616E-08 1.3524E-08
5.4794E-09 5.7288E-09 5.9831E-09 6.2417E-09 6.5079E-09 6.7781E-09 7.0506E-09 7.3266E-09 7.6059E-09 7.8844E-09 8.1648E-09 8.4457E-09 8.7252E-09 9.0025E-09 9.2768E-09 9.5492E-09 9.8143E-09 1.0074E-08 1.0329E-08 1.0577E-08 1.0817E-08 1.1051E-08 1.1279E-08 1.1501E-08 1.1715E-08 1.1920E-08 1.2114E-08 1.2300E-08 1.2476E-08 1.2644E-08 1.2801E-08 1.2946E-08 1.3080E-08 1.3206E-08 1.3323E-08 1.3429E-08 1.3524E-08 1.3607E-08 1.3677E-08 1.3740E-08 1.3793E-08 1.3837E-08 1.3887E-08 1.3959E-08 1.4049E-08 1.4145E-08 1.4220E-08 1.4260E-08 1.4272E-08 1.4270E-08 1.4260E-08 1.4240E-08 1.4210E-08 1.4169E-08 1.4117E-08 1.4052E-08 1.3975E-08
5.5324E-09 5.7834E-09 6.0402E-09 6.3025E-09 6.5712E-09 6.8430E-09 7.1186E-09 7.3978E-09 7.6773E-09 7.9579E-09 8.2416E-09 8.5253E-09 8.8066E-09 9.0860E-09 9.3631E-09 9.6347E-09 9.9018E-09 1.0164E-08 1.0421E-08 1.0671E-08 1.0913E-08 1.1150E-08 1.1383E-08 1.1608E-08 1.1825E-08 1.2031E-08 1.2228E-08 1.2418E-08 1.2598E-08 1.2769E-08 1.2930E-08 1.3079E-08 1.3218E-08 1.3351E-08 1.3473E-08 1.3584E-08 1.3683E-08 1.3770E-08 1.3849E-08 1.3918E-08 1.3991E-08 1.4086E-08 1.4204E-08 1.4329E-08 1.4437E-08 1.4515E-08 1.4563E-08 1.4599E-08 1.4625E-08 1.4643E-08 1.4651E-08 1.4649E-08 1.4637E-08 1.4616E-08 1.4581E-08 1.4532E-08 1.4470E-08
5.5793E-09 5.8332E-09 6.0922E-09 6.3568E-09 6.6273E-09 6.9017E-09 7.1791E-09 7.4593E-09 7.7416E-09 8.0252E-09 8.3102E-09 8.5946E-09 8.8777E-09 9.1584E-09 9.4368E-09 9.7111E-09 9.9797E-09 1.0243E-08 1.0502E-08 1.0753E-08 1.0998E-08 1.1238E-08 1.1475E-08 1.1702E-08 1.1920E-08 1.2129E-08 1.2331E-08 1.2524E-08 1.2708E-08 1.2883E-08 1.3046E-08 1.3200E-08 1.3347E-08 1.3484E-08 1.3611E-08 1.3726E-08 1.3830E-08 1.3925E-08 1.4016E-08 1.4125E-08 1.4262E-08 1.4410E-08 1.4551E-08 1.4671E-08 1.4761E-08 1.4835E-08 1.4899E-08 1.4958E-08 1.5014E-08 1.5065E-08 1.5106E-08 1.5134E-08 1.5144E-08 1.5141E-08 1.5122E-08 1.5088E-08 1.5038E-08
5.6214E-09 5.8774E-09 6.1372E-09 6.4050E-09 6.6773E-09 6.9522E-09 7.2322E-09 7.5139E-09 7.7966E-09 8.0819E-09 8.3688E-09 8.6545E-09 8.9399E-09 9.2230E-09 9.5013E-09 9.7756E-09 1.0046E-08 1.0311E-08 1.0571E-08 1.0824E-08 1.1072E-08 1.1316E-08 1.1553E-08 1.1783E-08 1.2004E-08 1.2216E-08 1.2421E-08 1.2618E-08 1.2805E-08 1.2983E-08 1.3150E-08 1.3310E-08 1.3463E-08 1.3605E-08 1.3737E-08 1.3857E-08 1.3968E-08 1.4086E-08 1.4227E-08 1.4394E-08 1.4563E-08 1.4722E-08 1.4858E-08 1.4972E-08 1.5082E-08 1.5190E-08 1.5298E-08 1.5396E-08 1.5476E-08 1.5547E-08 1.5608E-08 1.5656E-08 1.5691E-08 1.5713E-08 1.5717E-08 1.5705E-08 1.5672E-08
5.6581E-09 5.9146E-09 6.1771E-09 6.4464E-09 6.7192E-09 6.9962E-09 7.2773E-09 7.5593E-09 7.8431E-09 8.1309E-09 8.4192E-09 8.7060E-09 8.9912E-09 9.2749E-09 9.5539E-09 9.8305E-09 1.0102E-08 1.0368E-08 1.0628E-08 1.0883E-08 1.1133E-08 1.1381E-08 1.1621E-08 1.1851E-08 1.2074E-08 1.2290E-08 1.2498E-08 1.2698E-08 1.2889E-08 1.3070E-08 1.3243E-08 1.3409E-08 1.3566E-08 1.3713E-08 1.3849E-08 1.3978E-08 1.4120E-08 1.4291E-08 1.4478E-08 1.4668E-08 1.4848E-08 1.5008E-08 1.5158E-08 1.5307E-08 1.5451E-08 1.5586E-08 1.5713E-08 1.5831E-08 1.5943E-08 1.6047E-08 1.6140E-08 1.6219E-08 1.6285E-08 1.6332E-08 1.6364E-08 1.6376E-08 1.6366E-08
5.6880E-09 5.9457E-09 6.2103E-09 6.4803E-09 6.7537E-09 7.0325E-09 7.3135E-09 7.5973E-09 7.8832E-09 8.1712E-09 8.4592E-09 8.7465E-09 9.0345E-09 9.3175E-09 9.5971E-09 9.8731E-09 1.0145E-08 1.0412E-08 1.0674E-08 1.0931E-08 1.1184E-08 1.1432E-08 1.1674E-08 1.1906E-08 1.2132E-08 1.2351E-08 1.2562E-08 1.2765E-08 1.2959E-08 1.3144E-08 1.3323E-08 1.3494E-08 1.3655E-08 1.3807E-08 1.3954E-08 1.4118E-08 1.4309E-08 1.4516E-08 1.4726E-08 1.4931E-08 1.5120E-08 1.5303E-08 1.5482E-08 1.5656E-08 1.5824E-08 1.5989E-08 1.6151E-08 1.6307E-08 1.6457E-08 1.6599E-08 1.6730E-08 1.6846E-08 1.6946E-08 1.7027E-08 1.7089E-08 1.7129E-08 1.7143E-08
5.7127E-09 5.9713E-09 6.2362E-09 6.5079E-09 6.7818E-09 7.0601E-09 7.3427E-09 7.6260E-09 7.9125E-09 8.2013E-09 8.4906E-09 8.7783E-09 9.0653E-09 9.3483E-09 9.6282E-09 9.9059E-09 1.0178E-08 1.0445E-08 1.0708E-08 1.0966E-08 1.1221E-08 1.1473E-08 1.1714E-08 1.1948E-08 1.2177E-08 1.2399E-08 1.2613E-08 1.2819E-08 1.3015E-08 1.3205E-08 1.3389E-08 1.3565E-08 1.3731E-08 1.3894E-08 1.4076E-08 1.4284E-08 1.4507E-08 1.4739E-08 1.4970E-08 1.5188E-08 1.5397E-08 1.5606E-08 1.5811E-08 1.6015E-08 1.6220E-08 1.6426E-08 1.6629E-08 1.6830E-08 1.7025E-08 1.7211E-08 1.7386E-08 1.7545E-08 1.7688E-08 1.7807E-08 1.7906E-08 1.7979E-08 1.8020E-08
