Assets/Resources/2015_m01_d05_0400(utc+0800)_l00_csi_1hr_conc.grd
DSAA
         159         159
     -79.000      79.000
     -79.000      79.000
  0.2418E-09  0.6153E-04
[rows 100 to 124 of 159, columns 57 to 113 of 159]
1.1557E-08 1.2177E-08 1.2287E-08 1.2608E-08 1.2472E-08 1.2409E-08 1.2335E-08 1.2098E-08 1.1739E-08 1.1238E-08 1.0634E-08 9.9290E-09 9.1575E-09 8.2901E-09 7.4693E-09 6.7136E-09 5.9838E-09 5.3463E-09 4.7675E-09 4.1915E-09 3.6961E-09 3.3275E-09 3.0468E-09 2.7664E-09 2.5627E-09 2.4577E-09 2.3495E-09 2.2638E-09 2.1285E-09 2.0194E-09 1.8955E-09 1.7958E-09 1.7176E-09 1.6446E-09 1.5778E-09 1.5207E-09 1.4655E-09 1.4131E-09 1.3701E-09 1.3327E-09 1.2973E-09 1.2603E-09 1.2224E-09 1.1916E-09 1.1653E-09 1.1369E-09 1.1073E-09 1.0841E-09 1.0600E-09 1.0291E-09 1.0063E-09 9.8971E-10 9.7356E-10 9.5728E-10 9.4119E-10 9.2527E-10 9.0907E-10
9.5702E-09 9.6621E-09 9.9518E-09 9.7739E-09 9.8520E-09 9.8716E-09 9.7323E-09 9.4959E-09 9.1470E-09 8.6610E-09 8.0884E-09 7.5186E-09 6.9654E-09 6.4025E-09 5.9020E-09 5.3064E-09 4.8272E-09 4.2927E-09 3.8359E-09 3.4667E-09 3.1714E-09 2.9313E-09 2.6746E-09 2.4966E-09 2.3821E-09 2.2813E-09 2.1503E-09 2.0636E-09 1.9789E-09 1.8782E-09 1.7960E-09 1.7231E-09 1.6525E-09 1.5876E-09 1.5324E-09 1.4780E-09 1.4259E-09 1.3824E-09 1.3450E-09 1.3097E-09 1.2742E-09 1.2360E-09 1.2030E-09 1.1765E-09 1.1499E-09 1.1201E-09 1.0942E-09 1.0729E-09 1.0437E-09 1.0161E-09 9.9841E-10 9.8232E-10 9.6608E-10 9.5003E-10 9.3414E-10 9.1843E-10 9.0272E-10
7.4835E-09 7.6313E-09 7.5420E-09 7.4135E-09 7.5318E-09 7.5122E-09 7.4296E-09 7.2102E-09 6.9532E-09 6.6388E-09 6.3123E-09 5.9608E-09 5.5164E-09 5.0045E-09 4.6521E-09 4.2273E-09 3.8272E-09 3.5161E-09 3.2361E-09 3.0115E-09 2.7824E-09 2.5756E-09 2.4405E-09 2.3415E-09 2.2321E-09 2.1152E-09 2.0335E-09 1.9450E-09 1.8631E-09 1.7933E-09 1.7241E-09 1.6563E-09 1.5942E-09 1.5413E-09 1.4876E-09 1.4364E-09 1.3932E-09 1.3560E-09 1.3208E-09 1.2864E-09 1.2484E-09 1.2141E-09 1.1870E-09 1.1614E-09 1.1322E-09 1.1046E-09 1.0830E-09 1.0579E-09 1.0277E-09 1.0071E-09 9.9072E-10 9.7484E-10 9.5882E-10 9.4268E-10 9.2730E-10 9.1133E-10 8.9601E-10
5.9011E-09 5.7983E-09 5.8901E-09 5.9743E-09 5.9869E-09 5.9467E-09 5.8443E-09 5.7165E-09 5.5542E-09 5.2815E-09 5.0549E-09 4.5429E-09 4.3073E-09 4.0133E-09 3.7322E-09 3.4799E-09 3.2503E-09 3.0364E-09 2.8298E-09 2.6397E-09 2.4862E-09 2.3803E-09 2.2952E-09 2.1689E-09 2.0792E-09 1.9956E-09 1.9238E-09 1.8514E-09 1.7872E-09 1.7207E-09 1.6561E-09 1.5979E-09 1.5472E-09 1.4943E-09 1.4443E-09 1.4022E-09 1.3654E-09 1.3305E-09 1.2967E-09 1.2594E-09 1.2245E-09 1.1967E-09 1.1714E-09 1.1436E-09 1.1150E-09 1.0921E-09 1.0703E-09 1.0405E-09 1.0154E-09 9.9874E-10 9.8294E-10 9.6698E-10 9.5119E-10 9.3555E-10 9.2009E-10 9.0462E-10 8.8902E-10
4.5654E-09 4.6732E-09 4.7652E-09 4.7917E-09 4.7866E-09 4.7564E-09 4.6405E-09 4.5523E-09 4.3720E-09 4.1192E-09 3.9190E-09 3.7483E-09 3.5573E-09 3.3703E-09 3.1918E-09 3.0088E-09 2.8339E-09 2.6622E-09 2.5175E-09 2.4074E-09 2.3190E-09 2.2045E-09 2.1095E-09 2.0316E-09 1.9664E-09 1.9028E-09 1.8409E-09 1.7772E-09 1.7101E-09 1.6524E-09 1.5992E-09 1.5499E-09 1.4981E-09 1.4499E-09 1.4094E-09 1.3732E-09 1.3388E-09 1.3056E-09 1.2689E-09 1.2338E-09 1.2056E-09 1.1803E-09 1.1541E-09 1.1252E-09 1.1006E-09 1.0805E-09 1.0526E-09 1.0248E-09 1.0067E-09 9.9067E-10 9.7508E-10 9.5934E-10 9.4348E-10 9.2806E-10 9.1263E-10 8.9755E-10 8.8199E-10
3.7677E-09 3.8276E-09 3.8575E-09 3.8373E-09 3.7849E-09 3.7047E-09 3.6620E-09 3.5996E-09 3.4457E-09 3.3504E-09 3.2427E-09 3.1441E-09 3.0365E-09 2.9149E-09 2.7883E-09 2.6565E-09 2.5310E-09 2.4262E-09 2.3358E-09 2.2533E-09 2.1345E-09 2.0643E-09 2.0034E-09 1.9433E-09 1.8737E-09 1.8166E-09 1.7529E-09 1.6988E-09 1.6460E-09 1.5986E-09 1.5492E-09 1.4990E-09 1.4533E-09 1.4148E-09 1.3794E-09 1.3456E-09 1.3129E-09 1.2768E-09 1.2420E-09 1.2135E-09 1.1884E-09 1.1631E-09 1.1346E-09 1.1089E-09 1.0885E-09 1.0641E-09 1.0351E-09 1.0140E-09 9.9801E-10 9.8252E-10 9.6686E-10 9.5135E-10 9.3599E-10 9.2079E-10 9.0557E-10 8.9022E-10 8.7535E-10
3.0958E-09 3.1048E-09 3.0726E-09 3.0302E-09 3.0302E-09 3.0213E-09 2.9983E-09 2.9670E-09 2.9275E-09 2.8811E-09 2.8260E-09 2.7594E-09 2.6860E-09 2.6042E-09 2.5189E-09 2.4319E-09 2.3476E-09 2.2666E-09 2.1893E-09 2.0978E-09 2.0272E-09 1.9604E-09 1.8961E-09 1.8440E-09 1.7843E-09 1.7351E-09 1.6870E-09 1.6404E-09 1.5939E-09 1.5446E-09 1.4972E-09 1.4549E-09 1.4184E-09 1.3839E-09 1.3508E-09 1.3186E-09 1.2830E-09 1.2488E-09 1.2205E-09 1.1957E-09 1.1711E-09 1.1430E-09 1.1167E-09 1.0959E-09 1.0741E-09 1.0453E-09 1.0211E-09 1.0053E-09 9.8957E-10 9.7400E-10 9.5857E-10 9.4329E-10 9.2815E-10 9.1299E-10 8.9816E-10 8.8285E-10 8.6816E-10
2.7662E-09 2.7656E-09 2.7626E-09 2.7535E-09 2.7397E-09 2.7204E-09 2.6977E-09 2.6722E-09 2.6418E-09 2.6084E-09 2.5706E-09 2.5282E-09 2.4783E-09 2.4217E-09 2.3570E-09 2.2860E-09 2.2121E-09 2.1293E-09 2.0622E-09 1.9735E-09 1.9084E-09 1.8608E-09 1.8137E-09 1.7670E-09 1.7211E-09 1.6760E-09 1.6314E-09 1.5848E-09 1.5357E-09 1.4934E-09 1.4550E-09 1.4202E-09 1.3867E-09 1.3545E-09 1.3227E-09 1.2875E-09 1.2540E-09 1.2265E-09 1.2020E-09 1.1779E-09 1.1504E-09 1.1239E-09 1.1027E-09 1.0825E-09 1.0547E-09 1.0287E-09 1.0118E-09 9.9623E-10 9.8106E-10 9.6572E-10 9.5052E-10 9.3546E-10 9.2007E-10 9.0531E-10 8.9051E-10 8.7588E-10 8.6093E-10
2.6084E-09 2.6037E-09 2.5967E-09 2.5841E-09 2.5701E-09 2.5507E-09 2.5322E-09 2.5088E-09 2.4802E-09 2.4517E-09 2.4173E-09 2.3811E-09 2.3388E-09 2.2787E-09 2.2215E-09 2.1485E-09 2.0835E-09 2.0108E-09 1.9433E-09 1.8768E-09 1.8334E-09 1.7902E-09 1.7471E-09 1.7046E-09 1.6620E-09 1.6125E-09 1.5658E-09 1.5266E-09 1.4883E-09 1.4537E-09 1.4202E-09 1.3879E-09 1.3566E-09 1.3248E-09 1.2903E-09 1.2581E-09 1.2315E-09 1.2073E-09 1.1837E-09 1.1567E-09 1.1303E-09 1.1089E-09 1.0897E-09 1.0632E-09 1.0362E-09 1.0180E-09 1.0025E-09 9.8744E-10 9.7220E-10 9.5710E-10 9.4212E-10 9.2728E-10 9.1241E-10 8.9738E-10 8.8282E-10 8.6838E-10 8.5366E-10
2.4623E-09 2.4557E-09 2.4465E-09 2.4325E-09 2.4206E-09 2.4030E-09 2.3820E-09 2.3605E-09 2.3355E-09 2.3076E-09 2.2788E-09 2.2403E-09 2.2027E-09 2.1491E-09 2.0976E-09 2.0413E-09 1.9824E-09 1.9251E-09 1.8580E-09 1.8042E-09 1.7648E-09 1.7158E-09 1.6774E-09 1.6315E-09 1.5878E-09 1.5523E-09 1.5176E-09 1.4836E-09 1.4506E-09 1.4185E-09 1.3874E-09 1.3573E-09 1.3250E-09 1.2915E-09 1.2608E-09 1.2354E-09 1.2118E-09 1.1885E-09 1.1619E-09 1.1359E-09 1.1145E-09 1.0955E-09 1.0708E-09 1.0437E-09 1.0237E-09 1.0086E-09 9.9341E-10 9.7859E-10 9.6358E-10 9.4841E-10 9.3367E-10 9.1888E-10 9.0440E-10 8.8942E-10 8.7553E-10 8.6084E-10 8.4679E-10
2.3301E-09 2.3208E-09 2.3115E-09 2.2985E-09 2.2823E-09 2.2674E-09 2.2475E-09 2.2264E-09 2.2047E-09 2.1805E-09 2.1538E-09 2.1245E-09 2.0908E-09 2.0506E-09 2.0042E-09 1.9533E-09 1.8997E-09 1.8352E-09 1.7752E-09 1.7203E-09 1.6855E-09 1.6432E-09 1.6092E-09 1.5754E-09 1.5421E-09 1.5093E-09 1.4772E-09 1.4458E-09 1.4152E-09 1.3854E-09 1.3556E-09 1.3231E-09 1.2910E-09 1.2625E-09 1.2384E-09 1.2152E-09 1.1922E-09 1.1660E-09 1.1405E-09 1.1194E-09 1.1007E-09 1.0773E-09 1.0503E-09 1.0290E-09 1.0141E-09 9.9898E-10 9.8428E-10 9.6940E-10 9.5463E-10 9.3998E-10 9.2499E-10 9.1089E-10 8.9616E-10 8.8188E-10 8.6725E-10 8.5327E-10 8.3940E-10
2.2104E-09 2.2030E-09 2.1952E-09 2.1856E-09 2.1723E-09 2.1558E-09 2.1402E-09 2.1222E-09 2.1018E-09 2.0792E-09 2.0543E-09 2.0276E-09 1.9971E-09 1.9521E-09 1.9104E-09 1.8557E-09 1.8078E-09 1.7529E-09 1.6932E-09 1.6559E-09 1.6244E-09 1.5929E-09 1.5614E-09 1.5302E-09 1.4995E-09 1.4692E-09 1.4395E-09 1.4104E-09 1.3820E-09 1.3515E-09 1.3196E-09 1.2894E-09 1.2635E-09 1.2403E-09 1.2177E-09 1.1948E-09 1.1689E-09 1.1440E-09 1.1236E-09 1.1051E-09 1.0828E-09 1.0560E-09 1.0340E-09 1.0191E-09 1.0041E-09 9.8957E-10 9.7482E-10 9.6017E-10 9.4563E-10 9.3122E-10 9.1675E-10 9.0257E-10 8.8790E-10 8.7381E-10 8.5943E-10 8.4609E-10 8.3198E-10
2.1013E-09 2.0966E-09 2.0874E-09 2.0764E-09 2.0660E-09 2.0529E-09 2.0377E-09 2.0203E-09 2.0011E-09 1.9798E-09 1.9568E-09 1.9242E-09 1.8971E-09 1.8575E-09 1.8203E-09 1.7792E-09 1.7358E-09 1.6878E-09 1.6379E-09 1.6045E-09 1.5753E-09 1.5461E-09 1.5170E-09 1.4883E-09 1.4598E-09 1.4318E-09 1.4042E-09 1.3756E-09 1.3448E-09 1.3142E-09 1.2873E-09 1.2637E-09 1.2412E-09 1.2193E-09 1.1961E-09 1.1707E-09 1.1468E-09 1.1271E-09 1.1090E-09 1.0871E-09 1.0607E-09 1.0386E-09 1.0237E-09 1.0092E-09 9.9445E-10 9.8013E-10 9.6532E-10 9.5120E-10 9.3660E-10 9.2224E-10 9.0817E-10 8.9358E-10 8.8006E-10 8.6572E-10 8.5201E-10 8.3796E-10 8.2496E-10
2.0061E-09 1.9983E-09 1.9918E-09 1.9831E-09 1.9725E-09 1.9599E-09 1.9453E-09 1.9287E-09 1.9102E-09 1.8849E-09 1.8634E-09 1.8407E-09 1.8160E-09 1.7876E-09 1.7545E-09 1.7170E-09 1.6775E-09 1.6315E-09 1.5868E-09 1.5567E-09 1.5297E-09 1.5027E-09 1.4758E-09 1.4492E-09 1.4228E-09 1.3906E-09 1.3634E-09 1.3339E-09 1.3090E-09 1.2852E-09 1.2629E-09 1.2412E-09 1.2199E-09 1.1962E-09 1.1714E-09 1.1487E-09 1.1300E-09 1.1122E-09 1.0903E-09 1.0644E-09 1.0426E-09 1.0278E-09 1.0135E-09 9.9891E-10 9.8474E-10 9.7036E-10 9.5609E-10 9.4190E-10 9.2736E-10 9.1369E-10 8.9938E-10 8.8549E-10 8.7124E-10 8.5761E-10 8.4409E-10 8.3071E-10 8.1789E-10
1.9252E-09 1.9192E-09 1.9114E-09 1.9021E-09 1.8912E-09 1.8786E-09 1.8645E-09 1.8487E-09 1.8316E-09 1.8129E-09 1.7929E-09 1.7717E-09 1.7490E-09 1.7234E-09 1.6935E-09 1.6596E-09 1.6236E-09 1.5806E-09 1.5393E-09 1.5125E-09 1.4874E-09 1.4624E-09 1.4308E-09 1.4005E-09 1.3766E-09 1.3488E-09 1.3264E-09 1.3043E-09 1.2826E-09 1.2612E-09 1.2402E-09 1.2188E-09 1.1948E-09 1.1710E-09 1.1500E-09 1.1321E-09 1.1147E-09 1.0923E-09 1.0671E-09 1.0460E-09 1.0315E-09 1.0173E-09 1.0029E-09 9.8893E-10 9.7470E-10 9.6057E-10 9.4652E-10 9.3258E-10 9.1857E-10 9.0436E-10 8.9058E-10 8.7689E-10 8.6289E-10 8.4992E-10 8.3615E-10 8.2342E-10 8.1033E-10
1.8557E-09 1.8493E-09 1.8415E-09 1.8322E-09 1.8215E-09 1.8094E-09 1.7958E-09 1.7809E-09 1.7646E-09 1.7470E-09 1.7283E-09 1.7085E-09 1.6876E-09 1.6644E-09 1.6375E-09 1.6067E-09 1.5738E-09 1.5320E-09 1.4948E-09 1.4646E-09 1.4354E-09 1.4071E-09 1.3854E-09 1.3637E-09 1.3422E-09 1.3209E-09 1.2998E-09 1.2790E-09 1.2585E-09 1.2383E-09 1.2161E-09 1.1924E-09 1.1700E-09 1.1509E-09 1.1336E-09 1.1163E-09 1.0932E-09 1.0688E-09 1.0488E-09 1.0347E-09 1.0207E-09 1.0068E-09 9.9270E-10 9.7893E-10 9.6465E-10 9.5075E-10 9.3695E-10 9.2306E-10 9.0945E-10 8.9531E-10 8.8220E-10 8.6782E-10 8.5496E-10 8.4127E-10 8.2863E-10 8.1562E-10 8.0318E-10
1.7919E-09 1.7853E-09 1.7774E-09 1.7682E-09 1.7578E-09 1.7459E-09 1.7329E-09 1.7187E-09 1.7033E-09 1.6868E-09 1.6691E-09 1.6506E-09 1.6310E-09 1.6100E-09 1.5789E-09 1.5512E-09 1.5145E-09 1.4800E-09 1.4369E-09 1.4165E-09 1.3960E-09 1.3756E-09 1.3551E-09 1.3348E-09 1.3146E-09 1.2945E-09 1.2747E-09 1.2550E-09 1.2343E-09 1.2115E-09 1.1891E-09 1.1688E-09 1.1513E-09 1.1345E-09 1.1166E-09 1.0930E-09 1.0695E-09 1.0513E-09 1.0375E-09 1.0237E-09 1.0100E-09 9.9603E-10 9.8244E-10 9.6862E-10 9.5488E-10 9.4121E-10 9.2718E-10 9.1370E-10 8.9968E-10 8.8670E-10 8.7288E-10 8.5966E-10 8.4653E-10 8.3352E-10 8.2106E-10 8.0825E-10 7.9598E-10
1.7297E-09 1.7237E-09 1.7164E-09 1.7080E-09 1.6981E-09 1.6871E-09 1.6747E-09 1.6611E-09 1.6464E-09 1.6305E-09 1.6088E-09 1.5914E-09 1.5669E-09 1.5478E-09 1.5201E-09 1.4957E-09 1.4688E-09 1.4338E-09 1.4035E-09 1.3843E-09 1.3651E-09 1.3458E-09 1.3266E-09 1.3075E-09 1.2884E-09 1.2695E-09 1.2497E-09 1.2258E-09 1.2054E-09 1.1854E-09 1.1677E-09 1.1510E-09 1.1346E-09 1.1155E-09 1.0919E-09 1.0696E-09 1.0533E-09 1.0398E-09 1.0262E-09 1.0127E-09 9.9894E-10 9.8553E-10 9.7188E-10 9.5831E-10 9.4480E-10 9.3091E-10 9.1787E-10 9.0415E-10 8.9083E-10 8.7759E-10 8.6402E-10 8.5100E-10 8.3810E-10 8.2574E-10 8.1301E-10 8.0084E-10 7.8874E-10
1.6715E-09 1.6649E-09 1.6574E-09 1.6485E-09 1.6387E-09 1.6277E-09 1.6156E-09 1.6026E-09 1.5852E-09 1.5705E-09 1.5493E-09 1.5331E-09 1.5163E-09 1.4987E-09 1.4791E-09 1.4568E-09 1.4322E-09 1.3989E-09 1.3721E-09 1.3540E-09 1.3359E-09 1.3178E-09 1.2997E-09 1.2816E-09 1.2585E-09 1.2362E-09 1.2180E-09 1.1988E-09 1.1825E-09 1.1662E-09 1.1501E-09 1.1337E-09 1.1128E-09 1.0898E-09 1.0694E-09 1.0550E-09 1.0416E-09 1.0283E-09 1.0150E-09 1.0014E-09 9.8819E-10 9.7472E-10 9.6132E-10 9.4798E-10 9.3472E-10 9.2136E-10 9.0825E-10 8.9460E-10 8.8149E-10 8.6804E-10 8.5560E-10 8.4234E-10 8.3009E-10 8.1747E-10 8.0539E-10 7.9339E-10 7.8146E-10
1.6182E-09 1.6109E-09 1.6025E-09 1.5934E-09 1.5834E-09 1.5726E-09 1.5610E-09 1.5484E-09 1.5353E-09 1.5213E-09 1.5066E-09 1.4913E-09 1.4753E-09 1.4588E-09 1.4409E-09 1.4207E-09 1.3971E-09 1.3663E-09 1.3425E-09 1.3255E-09 1.3027E-09 1.2860E-09 1.2643E-09 1.2475E-09 1.2274E-09 1.2115E-09 1.1956E-09 1.1798E-09 1.1641E-09 1.1485E-09 1.1307E-09 1.1086E-09 1.0869E-09 1.0694E-09 1.0561E-09 1.0430E-09 1.0299E-09 1.0168E-09 1.0037E-09 9.9041E-10 9.7743E-10 9.6392E-10 9.5105E-10 9.3766E-10 9.2446E-10 9.1151E-10 8.9800E-10 8.8550E-10 8.7171E-10 8.5940E-10 8.4625E-10 8.3412E-10 8.2160E-10 8.0963E-10 7.9773E-10 7.8590E-10 7.7415E-10
1.5748E-09 1.5674E-09 1.5592E-09 1.5503E-09 1.5405E-09 1.5301E-09 1.5188E-09 1.5069E-09 1.4942E-09 1.4809E-09 1.4669E-09 1.4523E-09 1.4372E-09 1.4215E-09 1.4049E-09 1.3867E-09 1.3581E-09 1.3311E-09 1.3040E-09 1.2885E-09 1.2682E-09 1.2529E-09 1.2376E-09 1.2223E-09 1.2070E-09 1.1918E-09 1.1766E-09 1.1614E-09 1.1453E-09 1.1253E-09 1.1037E-09 1.0842E-09 1.0696E-09 1.0568E-09 1.0439E-09 1.0310E-09 1.0182E-09 1.0053E-09 9.9220E-10 9.7943E-10 9.6611E-10 9.5342E-10 9.4021E-10 9.2718E-10 9.1438E-10 9.0103E-10 8.8868E-10 8.7547E-10 8.6285E-10 8.5028E-10 8.3781E-10 8.2587E-10 8.1355E-10 8.0176E-10 7.9003E-10 7.7838E-10 7.6680E-10
1.5343E-09 1.5270E-09 1.5189E-09 1.5101E-09 1.5007E-09 1.4905E-09 1.4797E-09 1.4682E-09 1.4560E-09 1.4433E-09 1.4299E-09 1.4160E-09 1.3960E-09 1.3814E-09 1.3608E-09 1.3444E-09 1.3216E-09 1.2913E-09 1.2749E-09 1.2604E-09 1.2459E-09 1.2313E-09 1.2167E-09 1.2020E-09 1.1874E-09 1.1727E-09 1.1576E-09 1.1392E-09 1.1183E-09 1.0983E-09 1.0823E-09 1.0696E-09 1.0569E-09 1.0443E-09 1.0317E-09 1.0191E-09 1.0065E-09 9.9355E-10 9.8099E-10 9.6816E-10 9.5538E-10 9.4264E-10 9.2949E-10 9.1716E-10 9.0367E-10 8.9149E-10 8.7842E-10 8.6594E-10 8.5350E-10 8.4117E-10 8.2935E-10 8.1715E-10 8.0548E-10 7.9386E-10 7.8231E-10 7.7083E-10 7.5942E-10
1.4941E-09 1.4873E-09 1.4797E-09 1.4714E-09 1.4623E-09 1.4525E-09 1.4420E-09 1.4308E-09 1.4189E-09 1.4034E-09 1.3907E-09 1.3726E-09 1.3542E-09 1.3406E-09 1.3267E-09 1.3117E-09 1.2904E-09 1.2660E-09 1.2522E-09 1.2384E-09 1.2245E-09 1.2105E-09 1.1965E-09 1.1824E-09 1.1677E-09 1.1503E-09 1.1304E-09 1.1108E-09 1.0944E-09 1.0813E-09 1.0690E-09 1.0566E-09 1.0443E-09 1.0319E-09 1.0195E-09 1.0071E-09 9.9447E-10 9.8212E-10 9.6950E-10 9.5692E-10 9.4437E-10 9.3141E-10 9.1926E-10 9.0640E-10 8.9392E-10 8.8147E-10 8.6867E-10 8.5685E-10 8.4419E-10 8.3250E-10 8.2043E-10 8.0888E-10 7.9738E-10 7.8594E-10 7.7456E-10 7.6325E-10 7.5201E-10
1.4535E-09 1.4461E-09 1.4382E-09 1.4296E-09 1.4206E-09 1.4110E-09 1.4008E-09 1.3901E-09 1.3785E-09 1.3629E-09 1.3508E-09 1.3384E-09 1.3257E-09 1.3127E-09 1.2995E-09 1.2856E-09 1.2636E-09 1.2436E-09 1.2304E-09 1.2172E-09 1.2038E-09 1.1904E-09 1.1757E-09 1.1588E-09 1.1398E-09 1.1211E-09 1.1051E-09 1.0920E-09 1.0800E-09 1.0680E-09 1.0559E-09 1.0438E-09 1.0317E-09 1.0195E-09 1.0074E-09 9.9494E-10 9.8281E-10 9.7041E-10 9.5804E-10 9.4569E-10 9.3292E-10 9.2096E-10 9.0828E-10 8.9597E-10 8.8369E-10 8.7105E-10 8.5938E-10 8.4686E-10 8.3532E-10 8.2337E-10 8.1195E-10 8.0058E-10 7.8926E-10 7.7799E-10 7.6679E-10 7.5565E-10 7.4457E-10
1.4181E-09 1.4108E-09 1.4029E-09 1.3946E-09 1.3857E-09 1.3764E-09 1.3666E-09 1.3562E-09 1.3455E-09 1.3342E-09 1.3226E-09 1.3107E-09 1.2986E-09 1.2814E-09 1.2689E-09 1.2504E-09 1.2346E-09 1.2221E-09 1.2094E-09 1.1963E-09 1.1814E-09 1.1647E-09 1.1465E-09 1.1292E-09 1.1142E-09 1.1016E-09 1.0899E-09 1.0782E-09 1.0664E-09 1.0546E-09 1.0428E-09 1.0309E-09 1.0191E-09 1.0072E-09 9.9528E-10 9.8308E-10 9.7090E-10 9.5875E-10 9.4661E-10 9.3451E-10 9.2227E-10 9.1024E-10 8.9764E-10 8.8601E-10 8.7305E-10 8.6155E-10 8.4917E-10 8.3779E-10 8.2598E-10 8.1470E-10 8.0346E-10 7.9226E-10 7.8112E-10 7.7003E-10 7.5900E-10 7.4803E-10 7.3712E-10
