Assets/Resources/2015_m01_d28_0100(utc+0800)_l00_csi_1hr_conc.grd
DSAA
         159         159
     -79.000      79.000
     -79.000      79.000
  0.0000E+00  0.8516E-05
[rows 0 to 24 of 159, columns 57 to 113 of 159]
5.1337E-09 5.6502E-09 6.1644E-09 6.6681E-09 7.1502E-09 7.5976E-09 7.9988E-09 8.3449E-09 8.6242E-09 8.8276E-09 8.9526E-09 8.9927E-09 8.9443E-09 8.8097E-09 8.5918E-09 8.2957E-09 7.9281E-09 7.5025E-09 7.0262E-09 6.5115E-09 5.9708E-09 5.4163E-09 4.8601E-09 4.3130E-09 3.7872E-09 3.2854E-09 2.8166E-09 2.3861E-09 1.9975E-09 1.6518E-09 1.3486E-09 1.0883E-09 8.6589E-10 6.7890E-10 5.2442E-10 3.9768E-10 2.9139E-10 1.9617E-10 1.2479E-10 6.5683E-11 2.2438E-11 6.5165E-12 0.0000E+00 0.0000E+00 0.0000E+00 0.0000E+00 0.0000E+00 0.0000E+00 0.0000E+00 0.0000E+00 0.0000E+00 0.0000E+00 0.0000E+00 0.0000E+00 0.0000E+00 0.0000E+00 0.0000E+00
5.3616E-09 5.9128E-09 6.4655E-09 7.0072E-09 7.5252E-09 8.0063E-09 8.4429E-09 8.8195E-09 9.1269E-09 9.3554E-09 9.4957E-09 9.5457E-09 9.5009E-09 9.3645E-09 9.1391E-09 8.8294E-09 8.4434E-09 7.9910E-09 7.4838E-09 6.9345E-09 6.3576E-09 5.7643E-09 5.1680E-09 4.5811E-09 4.0143E-09 3.4767E-09 2.9758E-09 2.5162E-09 2.1035E-09 1.7344E-09 1.4121E-09 1.1343E-09 8.9878E-10 7.0250E-10 5.4076E-10 4.0908E-10 2.9678E-10 1.9891E-10 1.2510E-10 6.3697E-11 2.1433E-11 6.4684E-12 0.0000E+00 0.0000E+00 0.0000E+00 0.0000E+00 0.0000E+00 0.0000E+00 0.0000E+00 0.0000E+00 0.0000E+00 0.0000E+00 0.0000E+00 0.0000E+00 0.0000E+00 0.0000E+00 0.0000E+00
5.5643E-09 6.1507E-09 6.7372E-09 7.3140E-09 7.8694E-09 8.3881E-09 8.8580E-09 9.2668E-09 9.6013E-09 9.8502E-09 1.0012E-08 1.0078E-08 1.0043E-08 9.9089E-09 9.6777E-09 9.3552E-09 8.9488E-09 8.4717E-09 7.9344E-09 7.3508E-09 6.7354E-09 6.1026E-09 5.4667E-09 4.8407E-09 4.2384E-09 3.6646E-09 3.1300E-09 2.6406E-09 2.2001E-09 1.8093E-09 1.4684E-09 1.1767E-09 9.3021E-10 7.2388E-10 5.5507E-10 4.1743E-10 2.9622E-10 2.0001E-10 1.2363E-10 6.1202E-11 1.9844E-11 4.8999E-12 0.0000E+00 0.0000E+00 0.0000E+00 0.0000E+00 0.0000E+00 0.0000E+00 0.0000E+00 0.0000E+00 0.0000E+00 0.0000E+00 0.0000E+00 0.0000E+00 0.0000E+00 0.0000E+00 0.0000E+00
5.7370E-09 6.3537E-09 6.9747E-09 7.5876E-09 8.1777E-09 8.7293E-09 9.2339E-09 9.6758E-09 1.0043E-08 1.0322E-08 1.0506E-08 1.0587E-08 1.0562E-08 1.0428E-08 1.0193E-08 9.8603E-09 9.4377E-09 8.9365E-09 8.3699E-09 7.7528E-09 7.1019E-09 6.4306E-09 5.7552E-09 5.0901E-09 4.4482E-09 3.8400E-09 3.2739E-09 2.7559E-09 2.2922E-09 1.8801E-09 1.5213E-09 1.2138E-09 9.5550E-10 7.4078E-10 5.6562E-10 4.2054E-10 2.9940E-10 1.9989E-10 1.1944E-10 5.6101E-11 1.8226E-11 4.7049E-12 0.0000E+00 0.0000E+00 0.0000E+00 0.0000E+00 0.0000E+00 0.0000E+00 0.0000E+00 0.0000E+00 0.0000E+00 0.0000E+00 0.0000E+00 0.0000E+00 0.0000E+00 0.0000E+00 0.0000E+00
5.8738E-09 6.5203E-09 7.1722E-09 7.8172E-09 8.4421E-09 9.0321E-09 9.5734E-09 1.0051E-08 1.0448E-08 1.0750E-08 1.0959E-08 1.1059E-08 1.1048E-08 1.0923E-08 1.0688E-08 1.0346E-08 9.9075E-09 9.3836E-09 8.7899E-09 8.1410E-09 7.4537E-09 6.7448E-09 6.0311E-09 5.3280E-09 4.6514E-09 4.0084E-09 3.4104E-09 2.8644E-09 2.3739E-09 1.9412E-09 1.5662E-09 1.2458E-09 9.7752E-10 7.5541E-10 5.7242E-10 4.2263E-10 3.0017E-10 1.9878E-10 1.1295E-10 5.1901E-11 1.5277E-11 3.7977E-12 0.0000E+00 0.0000E+00 0.0000E+00 0.0000E+00 0.0000E+00 0.0000E+00 0.0000E+00 0.0000E+00 0.0000E+00 0.0000E+00 0.0000E+00 0.0000E+00 0.0000E+00 0.0000E+00 0.0000E+00
5.9718E-09 6.6447E-09 7.3270E-09 8.0045E-09 8.6645E-09 9.2881E-09 9.8628E-09 1.0373E-08 1.0805E-08 1.1145E-08 1.1380E-08 1.1503E-08 1.1506E-08 1.1385E-08 1.1150E-08 1.0803E-08 1.0351E-08 9.8082E-09 9.1886E-09 8.5090E-09 7.7884E-09 7.0432E-09 6.2922E-09 5.5521E-09 4.8376E-09 4.1614E-09 3.5334E-09 2.9607E-09 2.4495E-09 1.9977E-09 1.6063E-09 1.2736E-09 9.9479E-10 7.6499E-10 5.7628E-10 4.2370E-10 2.9924E-10 1.9421E-10 1.0725E-10 4.8479E-11 1.3556E-11 1.5026E-12 0.0000E+00 0.0000E+00 0.0000E+00 0.0000E+00 0.0000E+00 0.0000E+00 0.0000E+00 0.0000E+00 0.0000E+00 0.0000E+00 0.0000E+00 0.0000E+00 0.0000E+00 0.0000E+00 0.0000E+00
6.0296E-09 6.7266E-09 7.4355E-09 8.1436E-09 8.8347E-09 9.4943E-09 1.0107E-08 1.0654E-08 1.1120E-08 1.1487E-08 1.1749E-08 1.1894E-08 1.1915E-08 1.1810E-08 1.1579E-08 1.1228E-08 1.0766E-08 1.0204E-08 9.5615E-09 8.8541E-09 8.1009E-09 7.3216E-09 6.5352E-09 5.7597E-09 5.0131E-09 4.3053E-09 3.6482E-09 3.0496E-09 2.5143E-09 2.0450E-09 1.6393E-09 1.2948E-09 1.0094E-09 7.7338E-10 5.7820E-10 4.2501E-10 2.9655E-10 1.8774E-10 1.0348E-10 4.3603E-11 1.1353E-11 1.0329E-12 0.0000E+00 0.0000E+00 0.0000E+00 0.0000E+00 0.0000E+00 0.0000E+00 0.0000E+00 0.0000E+00 0.0000E+00 0.0000E+00 0.0000E+00 0.0000E+00 0.0000E+00 0.0000E+00 0.0000E+00
6.0451E-09 6.7631E-09 7.4966E-09 8.2319E-09 8.9547E-09 9.6470E-09 1.0294E-08 1.0876E-08 1.1377E-08 1.1781E-08 1.2075E-08 1.2246E-08 1.2287E-08 1.2192E-08 1.1968E-08 1.1616E-08 1.1147E-08 1.0572E-08 9.9087E-09 9.1751E-09 8.3923E-09 7.5810E-09 6.7610E-09 5.9519E-09 5.1710E-09 4.4339E-09 3.7495E-09 3.1271E-09 2.5739E-09 2.0873E-09 1.6682E-09 1.3134E-09 1.0185E-09 7.7324E-10 5.7811E-10 4.2343E-10 2.9210E-10 1.8122E-10 9.7366E-11 3.9391E-11 1.0039E-11 0.0000E+00 0.0000E+00 0.0000E+00 0.0000E+00 0.0000E+00 0.0000E+00 0.0000E+00 0.0000E+00 0.0000E+00 0.0000E+00 0.0000E+00 0.0000E+00 0.0000E+00 0.0000E+00 0.0000E+00 0.0000E+00
6.0178E-09 6.7526E-09 7.5077E-09 8.2685E-09 9.0208E-09 9.7461E-09 1.0427E-08 1.1044E-08 1.1581E-08 1.2016E-08 1.2341E-08 1.2539E-08 1.2603E-08 1.2529E-08 1.2315E-08 1.1966E-08 1.1491E-08 1.0904E-08 1.0223E-08 9.4675E-09 8.6591E-09 7.8180E-09 6.9672E-09 6.1271E-09 5.3177E-09 4.5523E-09 3.8424E-09 3.1981E-09 2.6233E-09 2.1205E-09 1.6892E-09 1.3263E-09 1.0255E-09 7.7315E-10 5.7839E-10 4.1978E-10 2.8212E-10 1.7184E-10 8.9690E-11 3.4630E-11 6.4529E-12 0.0000E+00 0.0000E+00 0.0000E+00 0.0000E+00 0.0000E+00 0.0000E+00 0.0000E+00 0.0000E+00 0.0000E+00 0.0000E+00 0.0000E+00 0.0000E+00 0.0000E+00 0.0000E+00 0.0000E+00 0.0000E+00
5.9490E-09 6.6973E-09 7.4698E-09 8.2528E-09 9.0305E-09 9.7840E-09 1.0498E-08 1.1152E-08 1.1723E-08 1.2196E-08 1.2554E-08 1.2783E-08 1.2873E-08 1.2815E-08 1.2614E-08 1.2273E-08 1.1799E-08 1.1206E-08 1.0511E-08 9.7355E-09 8.9017E-09 8.0351E-09 7.1557E-09 6.2878E-09 5.4485E-09 4.6553E-09 3.9213E-09 3.2570E-09 2.6661E-09 2.1500E-09 1.7078E-09 1.3352E-09 1.0275E-09 7.7340E-10 5.7573E-10 4.1461E-10 2.7284E-10 1.6168E-10 8.1699E-11 2.9057E-11 4.3544E-12 0.0000E+00 0.0000E+00 0.0000E+00 0.0000E+00 0.0000E+00 0.0000E+00 0.0000E+00 0.0000E+00 0.0000E+00 0.0000E+00 0.0000E+00 0.0000E+00 0.0000E+00 0.0000E+00 0.0000E+00 0.0000E+00
5.8384E-09 6.5962E-09 7.3832E-09 8.1845E-09 8.9857E-09 9.7692E-09 1.0513E-08 1.1199E-08 1.1806E-08 1.2313E-08 1.2706E-08 1.2968E-08 1.3087E-08 1.3056E-08 1.2872E-08 1.2540E-08 1.2068E-08 1.1470E-08 1.0765E-08 9.9744E-09 9.1208E-09 8.2291E-09 7.3238E-09 6.4292E-09 5.5645E-09 4.7494E-09 3.9950E-09 3.3098E-09 2.7011E-09 2.1728E-09 1.7199E-09 1.3402E-09 1.0224E-09 7.7130E-10 5.7149E-10 4.0700E-10 2.6432E-10 1.5492E-10 7.5688E-11 2.6490E-11 3.1056E-12 0.0000E+00 0.0000E+00 0.0000E+00 0.0000E+00 0.0000E+00 0.0000E+00 0.0000E+00 0.0000E+00 0.0000E+00 0.0000E+00 0.0000E+00 0.0000E+00 0.0000E+00 0.0000E+00 0.0000E+00 0.0000E+00
5.6908E-09 6.4532E-09 7.2493E-09 8.0658E-09 8.8869E-09 9.6939E-09 1.0467E-08 1.1187E-08 1.1831E-08 1.2376E-08 1.2804E-08 1.3099E-08 1.3248E-08 1.3241E-08 1.3078E-08 1.2760E-08 1.2297E-08 1.1701E-08 1.0989E-08 1.0186E-08 9.3149E-09 8.4050E-09 7.4772E-09 6.5578E-09 5.6687E-09 4.8299E-09 4.0545E-09 3.3523E-09 2.7304E-09 2.1902E-09 1.7292E-09 1.3435E-09 1.0209E-09 7.6767E-10 5.6620E-10 3.9468E-10 2.5056E-10 1.4641E-10 6.6584E-11 2.2643E-11 3.1888E-12 0.0000E+00 0.0000E+00 0.0000E+00 0.0000E+00 0.0000E+00 0.0000E+00 0.0000E+00 0.0000E+00 0.0000E+00 0.0000E+00 0.0000E+00 0.0000E+00 0.0000E+00 0.0000E+00 0.0000E+00 0.0000E+00
5.5059E-09 6.2711E-09 7.0740E-09 7.9014E-09 8.7388E-09 9.5676E-09 1.0369E-08 1.1118E-08 1.1795E-08 1.2375E-08 1.2841E-08 1.3173E-08 1.3357E-08 1.3382E-08 1.3243E-08 1.2943E-08 1.2490E-08 1.1897E-08 1.1183E-08 1.0370E-08 9.4854E-09 8.5551E-09 7.6076E-09 6.6670E-09 5.7584E-09 4.9001E-09 4.1066E-09 3.3887E-09 2.7549E-09 2.2034E-09 1.7343E-09 1.3400E-09 1.0174E-09 7.6262E-10 5.6113E-10 3.8266E-10 2.3945E-10 1.3506E-10 5.6885E-11 1.9900E-11 3.5707E-12 0.0000E+00 0.0000E+00 0.0000E+00 0.0000E+00 0.0000E+00 0.0000E+00 0.0000E+00 0.0000E+00 0.0000E+00 0.0000E+00 0.0000E+00 0.0000E+00 0.0000E+00 0.0000E+00 0.0000E+00 0.0000E+00
5.2950E-09 6.0544E-09 6.8573E-09 7.6912E-09 8.5424E-09 9.3903E-09 1.0214E-08 1.0994E-08 1.1705E-08 1.2324E-08 1.2828E-08 1.3197E-08 1.3416E-08 1.3471E-08 1.3360E-08 1.3083E-08 1.2645E-08 1.2061E-08 1.1348E-08 1.0532E-08 9.6377E-09 8.6940E-09 7.7287E-09 6.7688E-09 5.8418E-09 4.9639E-09 4.1532E-09 3.4207E-09 2.7728E-09 2.2124E-09 1.7386E-09 1.3373E-09 1.0155E-09 7.5798E-10 5.4982E-10 3.6620E-10 2.2893E-10 1.2374E-10 5.3373E-11 2.0054E-11 3.8715E-12 0.0000E+00 0.0000E+00 0.0000E+00 0.0000E+00 0.0000E+00 0.0000E+00 0.0000E+00 0.0000E+00 0.0000E+00 0.0000E+00 0.0000E+00 0.0000E+00 0.0000E+00 0.0000E+00 0.0000E+00 0.0000E+00
5.0537E-09 5.8063E-09 6.6087E-09 7.4462E-09 8.3044E-09 9.1664E-09 1.0013E-08 1.0821E-08 1.1564E-08 1.2218E-08 1.2759E-08 1.3167E-08 1.3425E-08 1.3518E-08 1.3438E-08 1.3186E-08 1.2767E-08 1.2194E-08 1.1486E-08 1.0667E-08 9.7653E-09 8.8094E-09 7.8294E-09 6.8536E-09 5.9078E-09 5.0145E-09 4.1924E-09 3.4489E-09 2.7911E-09 2.2219E-09 1.7372E-09 1.3346E-09 1.0125E-09 7.5329E-10 5.4427E-10 3.5673E-10 2.1974E-10 1.1214E-10 4.8953E-11 2.0522E-11 4.2634E-12 0.0000E+00 0.0000E+00 0.0000E+00 0.0000E+00 0.0000E+00 0.0000E+00 0.0000E+00 0.0000E+00 0.0000E+00 0.0000E+00 0.0000E+00 0.0000E+00 0.0000E+00 0.0000E+00 0.0000E+00 0.0000E+00
4.7935E-09 5.5343E-09 6.3282E-09 7.1636E-09 8.0276E-09 8.9041E-09 9.7687E-09 1.0599E-08 1.1373E-08 1.2063E-08 1.2645E-08 1.3094E-08 1.3391E-08 1.3521E-08 1.3474E-08 1.3250E-08 1.2853E-08 1.2297E-08 1.1598E-08 1.0781E-08 9.8756E-09 8.9116E-09 7.9210E-09 6.9340E-09 5.9744E-09 5.0663E-09 4.2278E-09 3.4711E-09 2.8055E-09 2.2295E-09 1.7395E-09 1.3376E-09 1.0108E-09 7.4889E-10 5.3124E-10 3.4694E-10 2.1196E-10 1.0326E-10 4.9935E-11 2.2102E-11 4.7422E-12 0.0000E+00 0.0000E+00 0.0000E+00 0.0000E+00 0.0000E+00 0.0000E+00 0.0000E+00 0.0000E+00 0.0000E+00 0.0000E+00 0.0000E+00 0.0000E+00 0.0000E+00 0.0000E+00 0.0000E+00 0.0000E+00
4.5147E-09 5.2409E-09 6.0245E-09 6.8553E-09 7.7210E-09 8.6040E-09 9.4831E-09 1.0340E-08 1.1143E-08 1.1867E-08 1.2484E-08 1.2973E-08 1.3311E-08 1.3481E-08 1.3472E-08 1.3280E-08 1.2909E-08 1.2370E-08 1.1683E-08 1.0872E-08 9.9666E-09 8.9980E-09 7.9982E-09 6.9983E-09 6.0274E-09 5.1115E-09 4.2642E-09 3.4993E-09 2.8225E-09 2.2369E-09 1.7442E-09 1.3399E-09 1.0099E-09 7.4509E-10 5.2064E-10 3.3531E-10 1.9959E-10 9.9268E-11 5.2808E-11 2.2442E-11 5.0478E-12 0.0000E+00 0.0000E+00 0.0000E+00 0.0000E+00 0.0000E+00 0.0000E+00 0.0000E+00 0.0000E+00 0.0000E+00 0.0000E+00 0.0000E+00 0.0000E+00 0.0000E+00 0.0000E+00 0.0000E+00 0.0000E+00
4.2255E-09 4.9327E-09 5.7007E-09 6.5243E-09 7.3867E-09 8.2738E-09 9.1669E-09 1.0040E-08 1.0868E-08 1.1626E-08 1.2283E-08 1.2813E-08 1.3192E-08 1.3402E-08 1.3430E-08 1.3270E-08 1.2927E-08 1.2411E-08 1.1741E-08 1.0940E-08 1.0038E-08 9.0701E-09 8.0675E-09 7.0617E-09 6.0818E-09 5.1528E-09 4.2940E-09 3.5237E-09 2.8401E-09 2.2501E-09 1.7549E-09 1.3451E-09 1.0110E-09 7.4141E-10 5.1155E-10 3.2600E-10 1.8546E-10 9.9629E-11 5.6262E-11 2.4469E-11 5.7272E-12 0.0000E+00 0.0000E+00 0.0000E+00 0.0000E+00 0.0000E+00 0.0000E+00 0.0000E+00 0.0000E+00 0.0000E+00 0.0000E+00 0.0000E+00 0.0000E+00 0.0000E+00 0.0000E+00 0.0000E+00 0.0000E+00
3.9280E-09 4.6129E-09 5.3636E-09 6.1727E-09 7.0283E-09 7.9187E-09 8.8186E-09 9.7073E-09 1.0561E-08 1.1349E-08 1.2040E-08 1.2609E-08 1.3030E-08 1.3284E-08 1.3355E-08 1.3235E-08 1.2926E-08 1.2437E-08 1.1788E-08 1.1002E-08 1.0109E-08 9.1431E-09 8.1374E-09 7.1287E-09 6.1438E-09 5.2070E-09 4.3402E-09 3.5565E-09 2.8638E-09 2.2706E-09 1.7690E-09 1.3533E-09 1.0161E-09 7.3686E-10 5.0247E-10 3.1778E-10 1.8224E-10 1.0700E-10 5.9002E-11 2.5965E-11 6.1642E-12 0.0000E+00 0.0000E+00 0.0000E+00 0.0000E+00 0.0000E+00 0.0000E+00 0.0000E+00 0.0000E+00 0.0000E+00 0.0000E+00 0.0000E+00 0.0000E+00 0.0000E+00 0.0000E+00 0.0000E+00 0.0000E+00
3.6265E-09 4.2857E-09 5.0158E-09 5.8073E-09 6.6536E-09 7.5367E-09 8.4410E-09 9.3457E-09 1.0220E-08 1.1033E-08 1.1760E-08 1.2370E-08 1.2836E-08 1.3133E-08 1.3245E-08 1.3165E-08 1.2892E-08 1.2435E-08 1.1811E-08 1.1043E-08 1.0165E-08 9.2067E-09 8.2046E-09 7.1926E-09 6.2004E-09 5.2582E-09 4.3863E-09 3.5952E-09 2.8967E-09 2.2949E-09 1.7861E-09 1.3660E-09 1.0235E-09 7.3745E-10 4.9842E-10 3.1067E-10 1.8254E-10 1.1269E-10 6.2005E-11 2.7565E-11 7.8535E-12 0.0000E+00 0.0000E+00 0.0000E+00 0.0000E+00 0.0000E+00 0.0000E+00 0.0000E+00 0.0000E+00 0.0000E+00 0.0000E+00 0.0000E+00 0.0000E+00 0.0000E+00 0.0000E+00 0.0000E+00 0.0000E+00
3.3235E-09 3.9549E-09 4.6583E-09 5.4314E-09 6.2647E-09 7.1415E-09 8.0476E-09 8.9566E-09 9.8459E-09 1.0688E-08 1.1450E-08 1.2097E-08 1.2603E-08 1.2946E-08 1.3106E-08 1.3071E-08 1.2840E-08 1.2421E-08 1.1828E-08 1.1084E-08 1.0221E-08 9.2737E-09 8.2797E-09 7.2680E-09 6.2730E-09 5.3231E-09 4.4404E-09 3.6416E-09 2.9396E-09 2.3284E-09 1.8120E-09 1.3836E-09 1.0302E-09 7.3274E-10 4.9225E-10 3.0922E-10 1.9297E-10 1.2007E-10 6.6072E-11 2.9231E-11 9.0455E-12 4.4682E-13 0.0000E+00 0.0000E+00 0.0000E+00 0.0000E+00 0.0000E+00 0.0000E+00 0.0000E+00 0.0000E+00 0.0000E+00 0.0000E+00 0.0000E+00 0.0000E+00 0.0000E+00 0.0000E+00 0.0000E+00
3.0263E-09 3.6281E-09 4.3040E-09 5.0513E-09 5.8632E-09 6.7292E-09 7.6322E-09 8.5487E-09 9.4544E-09 1.0317E-08 1.1106E-08 1.1792E-08 1.2345E-08 1.2736E-08 1.2944E-08 1.2956E-08 1.2769E-08 1.2389E-08 1.1831E-08 1.1117E-08 1.0277E-08 9.3439E-09 8.3547E-09 7.3450E-09 6.3533E-09 5.3994E-09 4.5096E-09 3.7022E-09 2.9860E-09 2.3650E-09 1.8421E-09 1.4038E-09 1.0404E-09 7.3680E-10 4.9122E-10 3.1366E-10 2.0510E-10 1.2612E-10 6.9835E-11 3.2351E-11 1.0259E-11 1.2452E-12 0.0000E+00 0.0000E+00 0.0000E+00 0.0000E+00 0.0000E+00 0.0000E+00 0.0000E+00 0.0000E+00 0.0000E+00 0.0000E+00 0.0000E+00 0.0000E+00 0.0000E+00 0.0000E+00 0.0000E+00
2.7326E-09 3.3004E-09 3.9489E-09 4.6717E-09 5.4645E-09 6.3128E-09 7.2065E-09 8.1239E-09 9.0392E-09 9.9231E-09 1.0744E-08 1.1467E-08 1.2061E-08 1.2498E-08 1.2756E-08 1.2819E-08 1.2683E-08 1.2348E-08 1.1829E-08 1.1147E-08 1.0332E-08 9.4185E-09 8.4415E-09 7.4371E-09 6.4402E-09 5.4804E-09 4.5861E-09 3.7730E-09 3.0479E-09 2.4168E-09 1.8782E-09 1.4253E-09 1.0492E-09 7.4442E-10 4.9930E-10 3.2814E-10 2.1625E-10 1.3381E-10 7.3168E-11 3.4352E-11 1.2290E-11 1.8672E-12 5.0830E-13 0.0000E+00 0.0000E+00 0.0000E+00 0.0000E+00 0.0000E+00 0.0000E+00 0.0000E+00 0.0000E+00 0.0000E+00 0.0000E+00 0.0000E+00 0.0000E+00 0.0000E+00 0.0000E+00
2.4517E-09 2.9886E-09 3.6012E-09 4.2938E-09 5.0596E-09 5.8941E-09 6.7776E-09 7.6900E-09 8.6125E-09 9.5134E-09 1.0360E-08 1.1119E-08 1.1758E-08 1.2247E-08 1.2561E-08 1.2680E-08 1.2596E-08 1.2311E-08 1.1837E-08 1.1193E-08 1.0408E-08 9.5134E-09 8.5484E-09 7.5535E-09 6.5572E-09 5.5930E-09 4.6861E-09 3.8559E-09 3.1161E-09 2.4707E-09 1.9169E-09 1.4547E-09 1.0728E-09 7.6038E-10 5.1420E-10 3.4872E-10 2.2935E-10 1.3906E-10 7.8994E-11 3.7409E-11 1.4472E-11 2.4331E-12 1.2818E-12 0.0000E+00 0.0000E+00 0.0000E+00 0.0000E+00 0.0000E+00 0.0000E+00 0.0000E+00 0.0000E+00 0.0000E+00 0.0000E+00 0.0000E+00 0.0000E+00 0.0000E+00 0.0000E+00
2.1785E-09 2.6840E-09 3.2651E-09 3.9258E-09 4.6654E-09 5.4759E-09 6.3410E-09 7.2544E-09 8.1804E-09 9.0930E-09 9.9640E-09 1.0759E-08 1.1442E-08 1.1982E-08 1.2349E-08 1.2525E-08 1.2499E-08 1.2269E-08 1.1843E-08 1.1242E-08 1.0489E-08 9.6197E-09 8.6695E-09 7.6773E-09 6.6792E-09 5.7126E-09 4.7963E-09 3.9550E-09 3.1992E-09 2.5343E-09 1.9649E-09 1.4888E-09 1.0980E-09 7.8129E-10 5.3701E-10 3.6776E-10 2.4239E-10 1.4794E-10 8.3378E-11 4.0667E-11 1.6376E-11 4.6219E-12 2.0171E-12 0.0000E+00 0.0000E+00 0.0000E+00 0.0000E+00 0.0000E+00 0.0000E+00 0.0000E+00 0.0000E+00 0.0000E+00 0.0000E+00 0.0000E+00 0.0000E+00 0.0000E+00 0.0000E+00
