Assets/Resources/2015_m01_d18_0300(utc+0800)_l00_csi_1hr_conc.grd
DSAA
         159         159
     -79.000      79.000
     -79.000      79.000
  0.0000E+00  0.4365E-05
[rows 125 to 149 of 159, columns 57 to 113 of 159]
1.4862E-09 1.5208E-09 1.5511E-09 1.5813E-09 1.6168E-09 1.6477E-09 1.6786E-09 1.7150E-09 1.7467E-09 1.7814E-09 1.8135E-09 1.8466E-09 1.8822E-09 1.9158E-09 1.9485E-09 1.9850E-09 2.0193E-09 2.0562E-09 2.0912E-09 2.1251E-09 2.1630E-09 2.1987E-09 2.2333E-09 2.2678E-09 2.3084E-09 2.3448E-09 2.3824E-09 2.4230E-09 2.4606E-09 2.4982E-09 2.5349E-09 2.5723E-09 2.6085E-09 2.6445E-09 2.6802E-09 2.7205E-09 2.7624E-09 2.7991E-09 2.8397E-09 2.8838E-09 2.9538E-09 3.0543E-09 3.1731E-09 3.2731E-09 3.4521E-09 3.5870E-09 3.8373E-09 4.0338E-09 4.2614E-09 4.5031E-09 4.7672E-09 5.0583E-09 5.3629E-09 5.6842E-09 6.0463E-09 6.4231E-09 6.8177E-09
1.4440E-09 1.4777E-09 1.5070E-09 1.5362E-09 1.5696E-09 1.6006E-09 1.6305E-09 1.6648E-09 1.6965E-09 1.7294E-09 1.7612E-09 1.7932E-09 1.8276E-09 1.8591E-09 1.8917E-09 1.9270E-09 1.9601E-09 1.9958E-09 2.0284E-09 2.0622E-09 2.0988E-09 2.1320E-09 2.1665E-09 2.1996E-09 2.2376E-09 2.2728E-09 2.3088E-09 2.3488E-09 2.3836E-09 2.4195E-09 2.4555E-09 2.4915E-09 2.5260E-09 2.5603E-09 2.5943E-09 2.6329E-09 2.6700E-09 2.7078E-09 2.7464E-09 2.7813E-09 2.8548E-09 2.9065E-09 3.0075E-09 3.1397E-09 3.2311E-09 3.4193E-09 3.5555E-09 3.8115E-09 3.9979E-09 4.2095E-09 4.4487E-09 4.6984E-09 4.9663E-09 5.2476E-09 5.5376E-09 5.8484E-09 6.1942E-09
1.4026E-09 1.4343E-09 1.4636E-09 1.4919E-09 1.5243E-09 1.5543E-09 1.5861E-09 1.6165E-09 1.6459E-09 1.6790E-09 1.7097E-09 1.7396E-09 1.7731E-09 1.8044E-09 1.8358E-09 1.8690E-09 1.9008E-09 1.9355E-09 1.9678E-09 2.0004E-09 2.0347E-09 2.0677E-09 2.1008E-09 2.1327E-09 2.1693E-09 2.2017E-09 2.2365E-09 2.2739E-09 2.3093E-09 2.3437E-09 2.3773E-09 2.4111E-09 2.4453E-09 2.4780E-09 2.5103E-09 2.5472E-09 2.5826E-09 2.6151E-09 2.6513E-09 2.6883E-09 2.7243E-09 2.8001E-09 2.8932E-09 2.9582E-09 3.1004E-09 3.1905E-09 3.3876E-09 3.5208E-09 3.7588E-09 3.9461E-09 4.1376E-09 4.3618E-09 4.5959E-09 4.8400E-09 5.0969E-09 5.3626E-09 5.6322E-09
1.3619E-09 1.3926E-09 1.4210E-09 1.4502E-09 1.4788E-09 1.5076E-09 1.5386E-09 1.5679E-09 1.5974E-09 1.6273E-09 1.6582E-09 1.6880E-09 1.7193E-09 1.7496E-09 1.7814E-09 1.8130E-09 1.8436E-09 1.8760E-09 1.9073E-09 1.9385E-09 1.9728E-09 2.0034E-09 2.0351E-09 2.0691E-09 2.1011E-09 2.1334E-09 2.1643E-09 2.2015E-09 2.2354E-09 2.2682E-09 2.3010E-09 2.3337E-09 2.3650E-09 2.3974E-09 2.4281E-09 2.4609E-09 2.4942E-09 2.5280E-09 2.5625E-09 2.5931E-09 2.6317E-09 2.6696E-09 2.7437E-09 2.8496E-09 2.9122E-09 3.0552E-09 3.1455E-09 3.3410E-09 3.4723E-09 3.6126E-09 3.8674E-09 4.0508E-09 4.2503E-09 4.4652E-09 4.6873E-09 4.9163E-09 5.1601E-09
1.3219E-09 1.3507E-09 1.3780E-09 1.4073E-09 1.4350E-09 1.4629E-09 1.4916E-09 1.5212E-09 1.5485E-09 1.5786E-09 1.6086E-09 1.6363E-09 1.6667E-09 1.6968E-09 1.7275E-09 1.7558E-09 1.7865E-09 1.8178E-09 1.8489E-09 1.8789E-09 1.9097E-09 1.9414E-09 1.9719E-09 2.0032E-09 2.0355E-09 2.0650E-09 2.0960E-09 2.1297E-09 2.1632E-09 2.1953E-09 2.2262E-09 2.2568E-09 2.2878E-09 2.3175E-09 2.3478E-09 2.3791E-09 2.4107E-09 2.4396E-09 2.4718E-09 2.5047E-09 2.5332E-09 2.5707E-09 2.6464E-09 2.6852E-09 2.7961E-09 2.8572E-09 3.0038E-09 3.0971E-09 3.2762E-09 3.4060E-09 3.5308E-09 3.6872E-09 3.9356E-09 4.1143E-09 4.3041E-09 4.5114E-09 4.7125E-09
1.2843E-09 1.3104E-09 1.3368E-09 1.3640E-09 1.3910E-09 1.4178E-09 1.4458E-09 1.4743E-09 1.5017E-09 1.5287E-09 1.5573E-09 1.5865E-09 1.6147E-09 1.6427E-09 1.6727E-09 1.7018E-09 1.7300E-09 1.7605E-09 1.7892E-09 1.8193E-09 1.8502E-09 1.8780E-09 1.9087E-09 1.9390E-09 1.9699E-09 1.9994E-09 2.0276E-09 2.0585E-09 2.0910E-09 2.1222E-09 2.1530E-09 2.1827E-09 2.2110E-09 2.2403E-09 2.2689E-09 2.2967E-09 2.3264E-09 2.3565E-09 2.3872E-09 2.4140E-09 2.4452E-09 2.4752E-09 2.5078E-09 2.5875E-09 2.6301E-09 2.7391E-09 2.7983E-09 2.9463E-09 3.0345E-09 3.1284E-09 3.3176E-09 3.4371E-09 3.5726E-09 3.7215E-09 3.9599E-09 4.1236E-09 4.3120E-09
1.2448E-09 1.2699E-09 1.2953E-09 1.3218E-09 1.3474E-09 1.3747E-09 1.4004E-09 1.4278E-09 1.4545E-09 1.4818E-09 1.5095E-09 1.5349E-09 1.5640E-09 1.5918E-09 1.6194E-09 1.6477E-09 1.6750E-09 1.7045E-09 1.7330E-09 1.7605E-09 1.7895E-09 1.8185E-09 1.8480E-09 1.8757E-09 1.9052E-09 1.9338E-09 1.9621E-09 1.9917E-09 2.0200E-09 2.0508E-09 2.0806E-09 2.1092E-09 2.1372E-09 2.1640E-09 2.1913E-09 2.2185E-09 2.2468E-09 2.2722E-09 2.3007E-09 2.3297E-09 2.3544E-09 2.3839E-09 2.4123E-09 2.4430E-09 2.5264E-09 2.5674E-09 2.6770E-09 2.7351E-09 2.8750E-09 2.9601E-09 3.0435E-09 3.1429E-09 3.3260E-09 3.4436E-09 3.5754E-09 3.7163E-09 3.9302E-09
1.2060E-09 1.2311E-09 1.2556E-09 1.2800E-09 1.3049E-09 1.3312E-09 1.3563E-09 1.3826E-09 1.4078E-09 1.4336E-09 1.4601E-09 1.4870E-09 1.5122E-09 1.5398E-09 1.5667E-09 1.5934E-09 1.6207E-09 1.6478E-09 1.6756E-09 1.7033E-09 1.7306E-09 1.7576E-09 1.7856E-09 1.8141E-09 1.8422E-09 1.8690E-09 1.8964E-09 1.9234E-09 1.9520E-09 1.9789E-09 2.0087E-09 2.0374E-09 2.0639E-09 2.0903E-09 2.1161E-09 2.1409E-09 2.1662E-09 2.1929E-09 2.2199E-09 2.2431E-09 2.2705E-09 2.2930E-09 2.3208E-09 2.3475E-09 2.3820E-09 2.4628E-09 2.5020E-09 2.6101E-09 2.6670E-09 2.7291E-09 2.8708E-09 2.9500E-09 3.0332E-09 3.1975E-09 3.3042E-09 3.4146E-09 3.5463E-09
1.1680E-09 1.1912E-09 1.2156E-09 1.2393E-09 1.2629E-09 1.2881E-09 1.3126E-09 1.3379E-09 1.3624E-09 1.3868E-09 1.4140E-09 1.4374E-09 1.4634E-09 1.4888E-09 1.5154E-09 1.5413E-09 1.5662E-09 1.5941E-09 1.6201E-09 1.6468E-09 1.6723E-09 1.6987E-09 1.7273E-09 1.7515E-09 1.7801E-09 1.8061E-09 1.8317E-09 1.8595E-09 1.8849E-09 1.9110E-09 1.9373E-09 1.9672E-09 1.9924E-09 2.0175E-09 2.0421E-09 2.0662E-09 2.0889E-09 2.1122E-09 2.1373E-09 2.1626E-09 2.1838E-09 2.2095E-09 2.2299E-09 2.2559E-09 2.2810E-09 2.3142E-09 2.3954E-09 2.4338E-09 2.5335E-09 2.5899E-09 2.6440E-09 2.7043E-09 2.8425E-09 2.9141E-09 2.9955E-09 3.0865E-09 3.2484E-09
1.1306E-09 1.1538E-09 1.1765E-09 1.1990E-09 1.2220E-09 1.2463E-09 1.2693E-09 1.2943E-09 1.3175E-09 1.3412E-09 1.3647E-09 1.3913E-09 1.4136E-09 1.4388E-09 1.4655E-09 1.4891E-09 1.5141E-09 1.5379E-09 1.5650E-09 1.5901E-09 1.6158E-09 1.6403E-09 1.6656E-09 1.6934E-09 1.7163E-09 1.7440E-09 1.7688E-09 1.7931E-09 1.8198E-09 1.8440E-09 1.8688E-09 1.8942E-09 1.9225E-09 1.9461E-09 1.9700E-09 1.9921E-09 2.0145E-09 2.0351E-09 2.0598E-09 2.0799E-09 2.1037E-09 2.1228E-09 2.1468E-09 2.1651E-09 2.1945E-09 2.2127E-09 2.2445E-09 2.3245E-09 2.3628E-09 2.3918E-09 2.5020E-09 2.5511E-09 2.6006E-09 2.7246E-09 2.7920E-09 2.8568E-09 2.9430E-09
1.0940E-09 1.1154E-09 1.1379E-09 1.1598E-09 1.1816E-09 1.2048E-09 1.2273E-09 1.2495E-09 1.2738E-09 1.2961E-09 1.3204E-09 1.3415E-09 1.3675E-09 1.3899E-09 1.4142E-09 1.4391E-09 1.4617E-09 1.4858E-09 1.5099E-09 1.5360E-09 1.5590E-09 1.5838E-09 1.6099E-09 1.6315E-09 1.6584E-09 1.6817E-09 1.7068E-09 1.7320E-09 1.7535E-09 1.7790E-09 1.8020E-09 1.8273E-09 1.8493E-09 1.8764E-09 1.8981E-09 1.9205E-09 1.9405E-09 1.9609E-09 1.9797E-09 2.0029E-09 2.0209E-09 2.0430E-09 2.0601E-09 2.0824E-09 2.0986E-09 2.1267E-09 2.1427E-09 2.1732E-09 2.2477E-09 2.2843E-09 2.3072E-09 2.3991E-09 2.4518E-09 2.4935E-09 2.5422E-09 2.5983E-09 2.7176E-09
1.0588E-09 1.0795E-09 1.1003E-09 1.1211E-09 1.1422E-09 1.1646E-09 1.1857E-09 1.2088E-09 1.2288E-09 1.2524E-09 1.2738E-09 1.2974E-09 1.3175E-09 1.3428E-09 1.3663E-09 1.3877E-09 1.4118E-09 1.4334E-09 1.4580E-09 1.4797E-09 1.5049E-09 1.5269E-09 1.5507E-09 1.5759E-09 1.5963E-09 1.6223E-09 1.6444E-09 1.6685E-09 1.6926E-09 1.7126E-09 1.7370E-09 1.7584E-09 1.7824E-09 1.8028E-09 1.8291E-09 1.8485E-09 1.8692E-09 1.8872E-09 1.9057E-09 1.9226E-09 1.9443E-09 1.9603E-09 1.9808E-09 1.9958E-09 2.0164E-09 2.0305E-09 2.0574E-09 2.0714E-09 2.1000E-09 2.1138E-09 2.2014E-09 2.2231E-09 2.2460E-09 2.3469E-09 2.3864E-09 2.4227E-09 2.4758E-09
1.0227E-09 1.0434E-09 1.0633E-09 1.0834E-09 1.1034E-09 1.1248E-09 1.1454E-09 1.1657E-09 1.1880E-09 1.2071E-09 1.2314E-09 1.2506E-09 1.2734E-09 1.2959E-09 1.3171E-09 1.3398E-09 1.3602E-09 1.3834E-09 1.4053E-09 1.4279E-09 1.4485E-09 1.4729E-09 1.4953E-09 1.5166E-09 1.5410E-09 1.5617E-09 1.5852E-09 1.6077E-09 1.6290E-09 1.6518E-09 1.6703E-09 1.6953E-09 1.7134E-09 1.7362E-09 1.7548E-09 1.7800E-09 1.7973E-09 1.8162E-09 1.8324E-09 1.8491E-09 1.8647E-09 1.8837E-09 1.8981E-09 1.9170E-09 1.9300E-09 1.9490E-09 1.9612E-09 1.9870E-09 1.9989E-09 2.0179E-09 2.0372E-09 2.1062E-09 2.1364E-09 2.1526E-09 2.1840E-09 2.2745E-09 2.3054E-09
9.8896E-10 1.0079E-09 1.0272E-09 1.0462E-09 1.0656E-09 1.0862E-09 1.1055E-09 1.1266E-09 1.1448E-09 1.1664E-09 1.1845E-09 1.2083E-09 1.2264E-09 1.2485E-09 1.2702E-09 1.2905E-09 1.3124E-09 1.3318E-09 1.3557E-09 1.3751E-09 1.3968E-09 1.4164E-09 1.4399E-09 1.4614E-09 1.4816E-09 1.5050E-09 1.5246E-09 1.5469E-09 1.5681E-09 1.5880E-09 1.6097E-09 1.6265E-09 1.6504E-09 1.6669E-09 1.6889E-09 1.7053E-09 1.7292E-09 1.7452E-09 1.7610E-09 1.7761E-09 1.7909E-09 1.8042E-09 1.8211E-09 1.8342E-09 1.8520E-09 1.8633E-09 1.8807E-09 1.8911E-09 1.9153E-09 1.9252E-09 1.9427E-09 1.9595E-09 1.9680E-09 2.0448E-09 2.0606E-09 2.0735E-09 2.1080E-09
9.5427E-10 9.7337E-10 9.9159E-10 1.0101E-09 1.0283E-09 1.0481E-09 1.0669E-09 1.0853E-09 1.1058E-09 1.1230E-09 1.1440E-09 1.1611E-09 1.1843E-09 1.2014E-09 1.2228E-09 1.2432E-09 1.2630E-09 1.2841E-09 1.3025E-09 1.3228E-09 1.3440E-09 1.3648E-09 1.3848E-09 1.4060E-09 1.4265E-09 1.4470E-09 1.4678E-09 1.4861E-09 1.5071E-09 1.5272E-09 1.5457E-09 1.5661E-09 1.5814E-09 1.6041E-09 1.6189E-09 1.6399E-09 1.6543E-09 1.6767E-09 1.6908E-09 1.7048E-09 1.7188E-09 1.7311E-09 1.7427E-09 1.7585E-09 1.7695E-09 1.7859E-09 1.7957E-09 1.8117E-09 1.8202E-09 1.8354E-09 1.8507E-09 1.8579E-09 1.8731E-09 1.8868E-09 1.9011E-09 1.9646E-09 1.9757E-09
9.2190E-10 9.3932E-10 9.5698E-10 9.7445E-10 9.9216E-10 1.0111E-09 1.0287E-09 1.0467E-09 1.0644E-09 1.0842E-09 1.1004E-09 1.1207E-09 1.1368E-09 1.1594E-09 1.1756E-09 1.1962E-09 1.2158E-09 1.2347E-09 1.2537E-09 1.2724E-09 1.2917E-09 1.3121E-09 1.3319E-09 1.3508E-09 1.3710E-09 1.3903E-09 1.4071E-09 1.4293E-09 1.4462E-09 1.4661E-09 1.4849E-09 1.4992E-09 1.5211E-09 1.5349E-09 1.5533E-09 1.5696E-09 1.5893E-09 1.6027E-09 1.6222E-09 1.6351E-09 1.6475E-09 1.6594E-09 1.6695E-09 1.6802E-09 1.6951E-09 1.7039E-09 1.7191E-09 1.7273E-09 1.7419E-09 1.7487E-09 1.7625E-09 1.7757E-09 1.7809E-09 1.7939E-09 1.7973E-09 1.8083E-09 1.8200E-09
8.8824E-10 9.0621E-10 9.2290E-10 9.3983E-10 9.5654E-10 9.7346E-10 9.9169E-10 1.0085E-09 1.0258E-09 1.0426E-09 1.0617E-09 1.0771E-09 1.0966E-09 1.1118E-09 1.1338E-09 1.1510E-09 1.1687E-09 1.1876E-09 1.2056E-09 1.2237E-09 1.2414E-09 1.2598E-09 1.2791E-09 1.2978E-09 1.3157E-09 1.3347E-09 1.3529E-09 1.3685E-09 1.3896E-09 1.4053E-09 1.4237E-09 1.4415E-09 1.4543E-09 1.4749E-09 1.4872E-09 1.5044E-09 1.5191E-09 1.5375E-09 1.5492E-09 1.5639E-09 1.5786E-09 1.5894E-09 1.5994E-09 1.6082E-09 1.6172E-09 1.6309E-09 1.6384E-09 1.6520E-09 1.6587E-09 1.6645E-09 1.6768E-09 1.6810E-09 1.6927E-09 1.7028E-09 1.7138E-09 1.7159E-09 1.7174E-09
8.5728E-10 8.7246E-10 8.8977E-10 9.0573E-10 9.2191E-10 9.3787E-10 9.5514E-10 9.7158E-10 9.8758E-10 1.0041E-09 1.0201E-09 1.0385E-09 1.0529E-09 1.0718E-09 1.0860E-09 1.1074E-09 1.1237E-09 1.1406E-09 1.1561E-09 1.1756E-09 1.1928E-09 1.2094E-09 1.2268E-09 1.2451E-09 1.2627E-09 1.2796E-09 1.2924E-09 1.3144E-09 1.3289E-09 1.3487E-09 1.3632E-09 1.3749E-09 1.3969E-09 1.4083E-09 1.4247E-09 1.4384E-09 1.4545E-09 1.4677E-09 1.4847E-09 1.4947E-09 1.5084E-09 1.5217E-09 1.5300E-09 1.5388E-09 1.5466E-09 1.5534E-09 1.5664E-09 1.5726E-09 1.5847E-09 1.5899E-09 1.5941E-09 1.6041E-09 1.6068E-09 1.6167E-09 1.6175E-09 1.6261E-09 1.6356E-09
8.2506E-10 8.4155E-10 8.5597E-10 8.7262E-10 8.8785E-10 9.0329E-10 9.1849E-10 9.3504E-10 9.5074E-10 9.6594E-10 9.8170E-10 9.9530E-10 1.0146E-09 1.0281E-09 1.0462E-09 1.0615E-09 1.0802E-09 1.0957E-09 1.1115E-09 1.1261E-09 1.1446E-09 1.1609E-09 1.1765E-09 1.1929E-09 1.2068E-09 1.2266E-09 1.2425E-09 1.2541E-09 1.2750E-09 1.2883E-09 1.3043E-09 1.3202E-09 1.3306E-09 1.3513E-09 1.3614E-09 1.3738E-09 1.3890E-09 1.4040E-09 1.4128E-09 1.4286E-09 1.4402E-09 1.4488E-09 1.4605E-09 1.4709E-09 1.4783E-09 1.4845E-09 1.4903E-09 1.5019E-09 1.5069E-09 1.5106E-09 1.5206E-09 1.5230E-09 1.5247E-09 1.5329E-09 1.5416E-09 1.5416E-09 1.5414E-09
7.9430E-10 8.0927E-10 8.2513E-10 8.3879E-10 8.5478E-10 8.6929E-10 8.8507E-10 8.9841E-10 9.1425E-10 9.2921E-10 9.4219E-10 9.5860E-10 9.7130E-10 9.8998E-10 1.0025E-09 1.0200E-09 1.0344E-09 1.0522E-09 1.0643E-09 1.0818E-09 1.0954E-09 1.1098E-09 1.1282E-09 1.1427E-09 1.1582E-09 1.1711E-09 1.1849E-09 1.2046E-09 1.2149E-09 1.2323E-09 1.2470E-09 1.2566E-09 1.2764E-09 1.2856E-09 1.2997E-09 1.3140E-09 1.3253E-09 1.3392E-09 1.3531E-09 1.3607E-09 1.3753E-09 1.3858E-09 1.3919E-09 1.4025E-09 1.4120E-09 1.4175E-09 1.4228E-09 1.4274E-09 1.4375E-09 1.4410E-09 1.4434E-09 1.4518E-09 1.4530E-09 1.4536E-09 1.4532E-09 1.4597E-09 1.4672E-09
7.6354E-10 7.7854E-10 7.9283E-10 8.0805E-10 8.2096E-10 8.3628E-10 8.5006E-10 8.6516E-10 8.7768E-10 8.9280E-10 9.0702E-10 9.1914E-10 9.3483E-10 9.4664E-10 9.6466E-10 9.7629E-10 9.9298E-10 1.0066E-09 1.0206E-09 1.0347E-09 1.0512E-09 1.0639E-09 1.0774E-09 1.0949E-09 1.1051E-09 1.1227E-09 1.1346E-09 1.1473E-09 1.1659E-09 1.1752E-09 1.1889E-09 1.2049E-09 1.2134E-09 1.2295E-09 1.2402E-09 1.2506E-09 1.2664E-09 1.2767E-09 1.2835E-09 1.2990E-09 1.3085E-09 1.3153E-09 1.3277E-09 1.3361E-09 1.3450E-09 1.3499E-09 1.3576E-09 1.3616E-09 1.3650E-09 1.3675E-09 1.3758E-09 1.3770E-09 1.3776E-09 1.3842E-09 1.3834E-09 1.3822E-09 1.3876E-09
7.3295E-10 7.4777E-10 7.6216E-10 7.7577E-10 7.9035E-10 8.0250E-10 8.1821E-10 8.3021E-10 8.4461E-10 8.5633E-10 8.6934E-10 8.8420E-10 8.9545E-10 9.1044E-10 9.2139E-10 9.3872E-10 9.4946E-10 9.6540E-10 9.7580E-10 9.9134E-10 1.0044E-09 1.0171E-09 1.0318E-09 1.0443E-09 1.0609E-09 1.0701E-09 1.0820E-09 1.0976E-09 1.1060E-09 1.1243E-09 1.1349E-09 1.1426E-09 1.1602E-09 1.1702E-09 1.1799E-09 1.1948E-09 1.2042E-09 1.2161E-09 1.2280E-09 1.2338E-09 1.2453E-09 1.2568E-09 1.2613E-09 1.2701E-09 1.2806E-09 1.2845E-09 1.2918E-09 1.2952E-09 1.3013E-09 1.3035E-09 1.3043E-09 1.3118E-09 1.3118E-09 1.3113E-09 1.3098E-09 1.3149E-09 1.3130E-09
7.0449E-10 7.1719E-10 7.3140E-10 7.4519E-10 7.5671E-10 7.7206E-10 7.8345E-10 7.9855E-10 8.0976E-10 8.2347E-10 8.3438E-10 8.4503E-10 8.6078E-10 8.7122E-10 8.8551E-10 8.9560E-10 9.1059E-10 9.2215E-10 9.3443E-10 9.4679E-10 9.6155E-10 9.7365E-10 9.8548E-10 9.9926E-10 1.0078E-09 1.0234E-09 1.0346E-09 1.0455E-09 1.0601E-09 1.0675E-09 1.0794E-09 1.0945E-09 1.1014E-09 1.1155E-09 1.1245E-09 1.1330E-09 1.1469E-09 1.1580E-09 1.1633E-09 1.1739E-09 1.1843E-09 1.1886E-09 1.2019E-09 1.2088E-09 1.2162E-09 1.2196E-09 1.2286E-09 1.2313E-09 1.2369E-09 1.2385E-09 1.2429E-09 1.2433E-09 1.2428E-09 1.2480E-09 1.2462E-09 1.2441E-09 1.2483E-09
6.7538E-10 6.8881E-10 7.0088E-10 7.1446E-10 7.2765E-10 7.3847E-10 7.5319E-10 7.6385E-10 7.7684E-10 7.8876E-10 8.0048E-10 8.1195E-10 8.2180E-10 8.3689E-10 8.4654E-10 8.6011E-10 8.6940E-10 8.8372E-10 8.9440E-10 9.0593E-10 9.1741E-10 9.2847E-10 9.3958E-10 9.5343E-10 9.6633E-10 9.7392E-10 9.8418E-10 9.9582E-10 1.0058E-09 1.0202E-09 1.0292E-09 1.0354E-09 1.0488E-09 1.0602E-09 1.0684E-09 1.0815E-09 1.0891E-09 1.0993E-09 1.1095E-09 1.1164E-09 1.1260E-09 1.1328E-09 1.1389E-09 1.1453E-09 1.1569E-09 1.1595E-09 1.1655E-09 1.1675E-09 1.1752E-09 1.1800E-09 1.1806E-09 1.1808E-09 1.1800E-09 1.1817E-09 1.1857E-09 1.1828E-09 1.1800E-09
6.4705E-10 6.5841E-10 6.7263E-10 6.8409E-10 6.9428E-10 7.0964E-10 7.1976E-10 7.3385E-10 7.4379E-10 7.5615E-10 7.6731E-10 7.7679E-10 7.8907E-10 7.9818E-10 8.1263E-10 8.2149E-10 8.3275E-10 8.4289E-10 8.5373E-10 8.6467E-10 8.7708E-10 8.8767E-10 8.9802E-10 9.0824E-10 9.1524E-10 9.3021E-10 9.3992E-10 9.4935E-10 9.6022E-10 9.6931E-10 9.7748E-10 9.9097E-10 9.9640E-10 1.0065E-09 1.0162E-09 1.0241E-09 1.0364E-09 1.0432E-09 1.0471E-09 1.0586E-09 1.0677E-09 1.0733E-09 1.0817E-09 1.0872E-09 1.0954E-09 1.0972E-09 1.1047E-09 1.1091E-09 1.1135E-09 1.1142E-09 1.1206E-09 1.1240E-09 1.1230E-09 1.1209E-09 1.1185E-09 1.1186E-09 1.1217E-09
