Assets/Resources/2015_m01_d06_1400(utc+0800)_l00_csi_1hr_conc.grd
DSAA
         159         159
     -79.000      79.000
     -79.000      79.000
  0.0000E+00  0.4857E-05
[rows 50 to 74 of 159, columns 57 to 113 of 159]
0.0000E+00 0.0000E+00 0.0000E+00 0.0000E+00 0.0000E+00 0.0000E+00 0.0000E+00 9.1436E-12 1.4409E-11 2.1564E-11 6.4283E-11 8.7559E-11 1.2452E-10 1.8510E-10 6.1190E-10 9.2172E-10 1.3097E-09 1.8065E-09 2.3798E-09 3.0882E-09 3.9471E-09 4.9667E-09 6.1274E-09 7.4291E-09 8.8488E-09 1.0347E-08 1.1874E-08 1.3358E-08 1.4758E-08 1.5985E-08 1.6974E-08 1.7668E-08 1.8023E-08 1.8019E-08 1.7655E-08 1.6956E-08 1.5965E-08 1.4739E-08 1.3346E-08 1.1857E-08 1.0340E-08 8.8551E-09 7.4504E-09 6.1534E-09 4.9978E-09 4.0021E-09 3.1572E-09 2.4556E-09 1.8842E-09 1.4264E-09 1.0599E-09 7.1971E-10 4.6566E-10 3.1255E-10 1.9754E-10 6.5774E-11 3.4136E-11
0.0000E+00 0.0000E+00 0.0000E+00 0.0000E+00 0.0000E+00 0.0000E+00 0.0000E+00 6.1239E-12 1.2344E-11 1.8408E-11 5.5430E-11 7.5459E-11 1.0143E-10 1.5392E-10 5.1188E-10 8.0891E-10 1.2021E-09 1.6846E-09 2.2468E-09 2.9445E-09 3.8048E-09 4.7938E-09 5.9637E-09 7.2888E-09 8.7348E-09 1.0271E-08 1.1844E-08 1.3389E-08 1.4833E-08 1.6101E-08 1.7119E-08 1.7827E-08 1.8181E-08 1.8179E-08 1.7785E-08 1.7042E-08 1.5996E-08 1.4712E-08 1.3263E-08 1.1723E-08 1.0162E-08 8.6469E-09 7.2265E-09 5.9337E-09 4.7846E-09 3.7931E-09 2.9672E-09 2.2870E-09 1.7382E-09 1.3036E-09 9.1618E-10 6.2847E-10 4.0208E-10 2.5933E-10 1.3084E-10 7.6546E-11 2.1633E-11
0.0000E+00 0.0000E+00 0.0000E+00 0.0000E+00 0.0000E+00 0.0000E+00 0.0000E+00 0.0000E+00 1.0666E-11 1.5508E-11 4.7152E-11 6.4152E-11 8.6181E-11 1.2372E-10 4.4253E-10 6.9366E-10 1.0693E-09 1.5557E-09 2.1049E-09 2.7930E-09 3.6333E-09 4.6479E-09 5.8323E-09 7.1750E-09 8.6630E-09 1.0246E-08 1.1873E-08 1.3458E-08 1.4962E-08 1.6282E-08 1.7340E-08 1.8071E-08 1.8427E-08 1.8386E-08 1.7953E-08 1.7159E-08 1.6056E-08 1.4714E-08 1.3210E-08 1.1621E-08 1.0020E-08 8.4739E-09 7.0277E-09 5.7286E-09 4.5887E-09 3.6063E-09 2.7910E-09 2.1323E-09 1.6059E-09 1.1922E-09 7.9798E-10 5.4133E-10 3.3425E-10 2.2266E-10 1.0777E-10 3.6818E-11 2.6930E-11
0.0000E+00 0.0000E+00 0.0000E+00 0.0000E+00 0.0000E+00 0.0000E+00 0.0000E+00 0.0000E+00 7.9830E-12 1.2896E-11 3.9573E-11 5.3806E-11 7.2236E-11 1.0237E-10 1.7782E-10 6.1011E-10 9.4537E-10 1.4273E-09 1.9740E-09 2.6502E-09 3.4762E-09 4.4912E-09 5.6841E-09 7.0565E-09 8.5864E-09 1.0227E-08 1.1927E-08 1.3609E-08 1.5184E-08 1.6566E-08 1.7669E-08 1.8423E-08 1.8796E-08 1.8734E-08 1.8255E-08 1.7396E-08 1.6217E-08 1.4793E-08 1.3212E-08 1.1557E-08 9.9072E-09 8.3278E-09 6.8682E-09 5.5551E-09 4.4200E-09 3.4352E-09 2.6312E-09 1.9838E-09 1.4753E-09 1.0451E-09 6.8674E-10 4.2795E-10 2.8671E-10 1.8091E-10 6.0059E-11 1.9150E-11 7.5574E-12
0.0000E+00 0.0000E+00 0.0000E+00 0.0000E+00 0.0000E+00 0.0000E+00 0.0000E+00 0.0000E+00 0.0000E+00 1.0585E-11 3.2770E-11 4.4525E-11 5.9734E-11 8.0287E-11 1.4878E-10 5.1803E-10 8.4111E-10 1.2817E-09 1.8101E-09 2.4852E-09 3.3203E-09 4.3418E-09 5.5638E-09 6.9920E-09 8.6010E-09 1.0352E-08 1.2127E-08 1.3917E-08 1.5601E-08 1.7079E-08 1.8255E-08 1.9045E-08 1.9398E-08 1.9294E-08 1.8744E-08 1.7792E-08 1.6508E-08 1.4980E-08 1.3297E-08 1.1550E-08 9.8247E-09 8.1902E-09 6.6908E-09 5.3648E-09 4.2177E-09 3.2639E-09 2.4753E-09 1.8371E-09 1.3505E-09 9.3121E-10 6.0719E-10 3.6145E-10 2.3746E-10 1.4781E-10 3.6097E-11 7.4959E-12 3.4034E-12
0.0000E+00 0.0000E+00 0.0000E+00 0.0000E+00 0.0000E+00 0.0000E+00 0.0000E+00 0.0000E+00 0.0000E+00 7.8397E-13 2.6778E-11 3.6355E-11 4.8738E-11 6.4507E-11 1.2246E-10 3.8276E-10 7.3112E-10 1.1523E-09 1.6605E-09 2.3083E-09 3.1361E-09 4.1745E-09 5.4266E-09 6.9051E-09 8.5965E-09 1.0462E-08 1.2420E-08 1.4321E-08 1.6131E-08 1.7719E-08 1.8967E-08 1.9793E-08 2.0162E-08 2.0011E-08 1.9374E-08 1.8307E-08 1.6890E-08 1.5225E-08 1.3416E-08 1.1565E-08 9.7596E-09 8.0689E-09 6.5401E-09 5.1987E-09 4.0231E-09 3.0737E-09 2.2835E-09 1.6780E-09 1.2110E-09 8.2164E-10 5.3209E-10 3.5212E-10 1.9317E-10 1.1607E-10 2.0667E-11 3.0996E-12 0.0000E+00
0.0000E+00 0.0000E+00 0.0000E+00 0.0000E+00 0.0000E+00 0.0000E+00 0.0000E+00 0.0000E+00 0.0000E+00 0.0000E+00 2.1593E-11 2.9293E-11 3.9239E-11 5.1895E-11 9.3109E-11 2.0216E-10 5.5951E-10 1.0331E-09 1.5149E-09 2.1408E-09 2.9645E-09 4.0041E-09 5.2943E-09 6.8399E-09 8.6403E-09 1.0638E-08 1.2762E-08 1.4902E-08 1.6840E-08 1.8571E-08 1.9925E-08 2.0805E-08 2.1145E-08 2.0926E-08 2.0175E-08 1.8961E-08 1.7383E-08 1.5555E-08 1.3587E-08 1.1601E-08 9.6901E-09 7.9245E-09 6.3501E-09 4.9857E-09 3.8339E-09 2.8838E-09 2.1122E-09 1.5300E-09 1.0977E-09 7.2792E-10 4.5165E-10 2.4267E-10 1.5281E-10 8.4620E-11 1.0048E-11 6.2636E-13 0.0000E+00
0.0000E+00 0.0000E+00 0.0000E+00 0.0000E+00 0.0000E+00 0.0000E+00 0.0000E+00 0.0000E+00 0.0000E+00 0.0000E+00 9.8089E-12 2.3294E-11 3.1177E-11 4.1199E-11 6.9379E-11 1.6352E-10 4.8740E-10 9.2555E-10 1.3808E-09 1.9894E-09 2.7952E-09 3.8463E-09 5.1661E-09 6.7944E-09 8.7193E-09 1.0885E-08 1.3229E-08 1.5599E-08 1.7770E-08 1.9683E-08 2.1171E-08 2.2113E-08 2.2438E-08 2.2125E-08 2.1212E-08 1.9803E-08 1.8007E-08 1.5962E-08 1.3809E-08 1.1669E-08 9.6428E-09 7.7993E-09 6.1724E-09 4.7569E-09 3.6166E-09 2.6245E-09 1.8974E-09 1.3740E-09 9.7935E-10 6.3556E-10 3.0744E-10 1.9512E-10 1.1594E-10 3.8812E-11 5.9136E-12 6.9848E-13 0.0000E+00
0.0000E+00 0.0000E+00 0.0000E+00 0.0000E+00 0.0000E+00 0.0000E+00 0.0000E+00 0.0000E+00 0.0000E+00 0.0000E+00 0.0000E+00 1.0560E-11 2.4448E-11 3.2279E-11 4.9469E-11 1.2869E-10 4.1112E-10 7.3704E-10 1.2312E-09 1.8464E-09 2.6494E-09 3.7130E-09 5.0828E-09 6.8116E-09 8.8410E-09 1.1212E-08 1.3799E-08 1.6442E-08 1.8956E-08 2.1039E-08 2.2683E-08 2.3698E-08 2.4000E-08 2.3574E-08 2.2476E-08 2.0818E-08 1.8742E-08 1.6439E-08 1.4054E-08 1.1719E-08 9.5488E-09 7.6149E-09 5.9442E-09 4.5382E-09 3.4064E-09 2.4327E-09 1.7284E-09 1.2445E-09 8.7694E-10 5.4435E-10 2.5029E-10 1.6000E-10 8.8937E-11 2.9028E-11 4.6063E-12 5.5109E-13 0.0000E+00
0.0000E+00 0.0000E+00 0.0000E+00 0.0000E+00 0.0000E+00 0.0000E+00 0.0000E+00 0.0000E+00 0.0000E+00 0.0000E+00 0.0000E+00 0.0000E+00 1.1052E-11 2.4963E-11 3.2510E-11 9.2275E-11 3.1031E-10 6.3712E-10 1.1037E-09 1.6990E-09 2.4978E-09 3.5632E-09 4.9729E-09 6.7966E-09 9.0217E-09 1.1619E-08 1.4479E-08 1.7396E-08 2.0183E-08 2.2605E-08 2.4311E-08 2.5380E-08 2.5630E-08 2.5054E-08 2.3730E-08 2.1801E-08 1.9452E-08 1.6875E-08 1.4246E-08 1.1738E-08 9.4385E-09 7.4211E-09 5.7108E-09 4.3106E-09 3.1923E-09 2.2264E-09 1.5459E-09 1.1010E-09 7.6829E-10 3.1635E-10 2.1053E-10 1.2745E-10 6.9439E-11 1.3670E-11 4.1905E-12 0.0000E+00 0.0000E+00
0.0000E+00 0.0000E+00 0.0000E+00 0.0000E+00 0.0000E+00 0.0000E+00 0.0000E+00 0.0000E+00 0.0000E+00 0.0000E+00 0.0000E+00 0.0000E+00 1.3164E-12 1.1246E-11 2.4796E-11 6.3538E-11 2.5031E-10 5.4672E-10 9.9027E-10 1.5496E-09 2.3543E-09 3.4277E-09 4.9102E-09 6.7966E-09 9.2051E-09 1.2061E-08 1.5225E-08 1.8486E-08 2.1594E-08 2.4280E-08 2.6291E-08 2.7281E-08 2.7443E-08 2.6664E-08 2.5084E-08 2.2858E-08 2.0184E-08 1.7309E-08 1.4437E-08 1.1722E-08 9.3000E-09 7.2106E-09 5.4718E-09 4.0698E-09 2.9709E-09 2.0137E-09 1.3605E-09 9.5871E-10 3.8319E-10 2.6441E-10 1.7032E-10 9.9217E-11 4.1186E-11 1.2262E-11 3.7432E-12 0.0000E+00 0.0000E+00
0.0000E+00 0.0000E+00 0.0000E+00 0.0000E+00 0.0000E+00 0.0000E+00 0.0000E+00 0.0000E+00 0.0000E+00 0.0000E+00 0.0000E+00 0.0000E+00 0.0000E+00 2.3069E-12 1.1124E-11 3.2798E-11 1.9121E-10 4.6006E-10 8.4970E-10 1.3784E-09 2.1665E-09 3.2201E-09 4.7476E-09 6.8313E-09 9.4386E-09 1.2596E-08 1.6133E-08 1.9787E-08 2.3246E-08 2.6172E-08 2.8327E-08 2.9488E-08 2.9422E-08 2.8415E-08 2.6502E-08 2.3893E-08 2.0880E-08 1.7702E-08 1.4588E-08 1.1704E-08 9.1515E-09 6.9563E-09 5.1972E-09 3.8053E-09 2.6649E-09 1.7929E-09 1.1719E-09 4.5133E-10 3.1723E-10 2.1413E-10 1.3691E-10 6.7975E-11 2.3034E-11 1.0788E-11 3.2830E-12 0.0000E+00 0.0000E+00
0.0000E+00 0.0000E+00 0.0000E+00 0.0000E+00 0.0000E+00 0.0000E+00 0.0000E+00 0.0000E+00 0.0000E+00 0.0000E+00 0.0000E+00 0.0000E+00 0.0000E+00 0.0000E+00 1.4866E-12 1.0697E-11 1.3280E-10 3.5989E-10 6.9862E-10 1.1792E-09 1.9249E-09 2.9641E-09 4.5295E-09 6.7484E-09 9.6657E-09 1.3169E-08 1.7167E-08 2.1268E-08 2.5119E-08 2.8317E-08 3.0571E-08 3.1661E-08 3.1458E-08 3.0148E-08 2.7863E-08 2.4854E-08 2.1430E-08 1.7921E-08 1.4549E-08 1.1489E-08 8.8432E-09 6.6412E-09 4.8875E-09 3.5253E-09 2.2359E-09 1.5796E-09 1.0718E-09 3.6827E-10 2.5448E-10 1.7100E-10 1.0020E-10 4.3346E-11 1.9926E-11 9.1651E-12 3.7807E-13 0.0000E+00 0.0000E+00
0.0000E+00 0.0000E+00 0.0000E+00 0.0000E+00 0.0000E+00 0.0000E+00 0.0000E+00 0.0000E+00 0.0000E+00 0.0000E+00 0.0000E+00 0.0000E+00 0.0000E+00 0.0000E+00 0.0000E+00 1.5948E-15 7.9362E-11 2.7090E-10 5.0880E-10 9.9360E-10 1.6549E-09 2.6889E-09 4.2680E-09 6.6183E-09 9.9147E-09 1.3997E-08 1.8536E-08 2.3210E-08 2.7501E-08 3.0929E-08 3.3174E-08 3.4037E-08 3.3521E-08 3.1781E-08 2.9024E-08 2.5570E-08 2.1770E-08 1.7935E-08 1.4350E-08 1.1162E-08 8.4043E-09 6.1940E-09 4.4771E-09 3.1714E-09 1.9168E-09 1.3335E-09 4.0629E-10 2.9168E-10 1.9458E-10 1.2623E-10 6.9359E-11 3.2332E-11 1.5297E-11 5.1171E-12 0.0000E+00 0.0000E+00 0.0000E+00
0.0000E+00 0.0000E+00 0.0000E+00 0.0000E+00 0.0000E+00 0.0000E+00 0.0000E+00 0.0000E+00 0.0000E+00 0.0000E+00 0.0000E+00 0.0000E+00 0.0000E+00 0.0000E+00 0.0000E+00 0.0000E+00 4.5557E-11 2.0540E-10 4.0216E-10 8.3345E-10 1.4395E-09 2.4393E-09 4.0769E-09 6.6169E-09 1.0324E-08 1.5174E-08 2.0510E-08 2.5927E-08 3.0776E-08 3.4450E-08 3.6568E-08 3.7001E-08 3.5847E-08 3.3359E-08 2.9998E-08 2.5974E-08 2.1737E-08 1.7606E-08 1.3821E-08 1.0554E-08 7.8476E-09 5.6954E-09 4.0357E-09 2.8112E-09 1.7335E-09 5.0075E-10 3.1793E-10 2.1889E-10 1.4328E-10 8.8910E-11 5.1612E-11 2.6627E-11 1.2819E-11 4.2205E-12 0.0000E+00 0.0000E+00 0.0000E+00
0.0000E+00 0.0000E+00 0.0000E+00 0.0000E+00 0.0000E+00 0.0000E+00 0.0000E+00 0.0000E+00 0.0000E+00 0.0000E+00 0.0000E+00 0.0000E+00 0.0000E+00 0.0000E+00 0.0000E+00 0.0000E+00 3.2345E-11 1.3067E-10 3.1463E-10 6.9179E-10 1.2650E-09 2.2743E-09 4.0168E-09 6.8447E-09 1.1190E-08 1.6926E-08 2.3450E-08 2.9760E-08 3.5148E-08 3.8933E-08 4.0723E-08 4.0458E-08 3.8428E-08 3.5021E-08 3.0732E-08 2.6153E-08 2.1418E-08 1.6972E-08 1.3045E-08 9.7426E-09 7.1003E-09 5.0526E-09 3.5079E-09 2.3944E-09 5.7416E-10 4.0047E-10 2.3795E-10 1.5841E-10 1.0476E-10 6.5454E-11 3.6953E-11 2.2373E-11 1.0381E-11 0.0000E+00 0.0000E+00 0.0000E+00 0.0000E+00
0.0000E+00 0.0000E+00 0.0000E+00 0.0000E+00 0.0000E+00 0.0000E+00 0.0000E+00 0.0000E+00 0.0000E+00 0.0000E+00 0.0000E+00 0.0000E+00 0.0000E+00 0.0000E+00 0.0000E+00 0.0000E+00 2.8395E-11 9.1441E-11 2.6326E-10 5.8308E-10 1.1479E-09 2.1629E-09 4.1823E-09 7.5288E-09 1.2729E-08 1.9871E-08 2.7922E-08 3.5401E-08 4.1255E-08 4.4714E-08 4.5542E-08 4.4062E-08 4.0751E-08 3.6212E-08 3.1028E-08 2.5789E-08 2.0654E-08 1.5988E-08 1.1994E-08 8.7346E-09 6.2086E-09 4.3153E-09 2.9265E-09 1.0185E-09 4.7059E-10 3.2051E-10 1.7091E-10 1.1713E-10 7.6033E-11 4.6082E-11 2.9198E-11 1.4147E-11 4.6793E-12 0.0000E+00 0.0000E+00 0.0000E+00 0.0000E+00
0.0000E+00 0.0000E+00 0.0000E+00 0.0000E+00 0.0000E+00 0.0000E+00 0.0000E+00 0.0000E+00 0.0000E+00 0.0000E+00 0.0000E+00 0.0000E+00 0.0000E+00 0.0000E+00 0.0000E+00 0.0000E+00 2.4418E-11 6.5078E-11 2.0562E-10 5.2932E-10 1.0601E-09 2.2628E-09 4.6030E-09 8.9236E-09 1.5700E-08 2.4880E-08 3.5080E-08 4.3855E-08 4.9742E-08 5.2339E-08 5.1565E-08 4.8142E-08 4.2995E-08 3.6969E-08 3.0716E-08 2.4723E-08 1.9364E-08 1.4643E-08 1.0732E-08 7.6363E-09 5.2925E-09 3.5842E-09 2.3818E-09 5.5894E-10 3.8735E-10 2.6626E-10 1.2419E-10 8.3643E-11 5.2715E-11 3.5457E-11 2.2578E-11 9.3357E-12 0.0000E+00 0.0000E+00 0.0000E+00 0.0000E+00 0.0000E+00
0.0000E+00 0.0000E+00 0.0000E+00 0.0000E+00 0.0000E+00 0.0000E+00 0.0000E+00 0.0000E+00 0.0000E+00 0.0000E+00 0.0000E+00 0.0000E+00 0.0000E+00 0.0000E+00 0.0000E+00 0.0000E+00 2.0708E-11 5.1621E-11 1.5562E-10 4.8441E-10 1.1314E-09 2.6410E-09 5.5745E-09 1.1413E-08 2.0973E-08 3.3391E-08 4.6447E-08 5.6596E-08 6.1205E-08 6.1697E-08 5.8335E-08 5.2210E-08 4.4868E-08 3.7183E-08 2.9848E-08 2.3275E-08 1.7661E-08 1.3065E-08 9.3638E-09 6.5271E-09 4.4203E-09 2.9339E-09 8.0919E-10 4.8351E-10 3.2724E-10 2.2150E-10 8.7170E-11 5.7056E-11 3.9748E-11 2.6659E-11 1.2816E-11 0.0000E+00 0.0000E+00 0.0000E+00 0.0000E+00 0.0000E+00 0.0000E+00
0.0000E+00 0.0000E+00 0.0000E+00 0.0000E+00 0.0000E+00 0.0000E+00 0.0000E+00 0.0000E+00 0.0000E+00 0.0000E+00 0.0000E+00 0.0000E+00 0.0000E+00 0.0000E+00 0.0000E+00 0.0000E+00 1.7378E-11 6.1387E-11 1.6089E-10 4.7958E-10 1.3669E-09 3.4101E-09 7.5374E-09 1.5660E-08 2.9878E-08 4.7890E-08 6.4424E-08 7.4678E-08 7.6683E-08 7.1813E-08 6.4658E-08 5.5289E-08 4.5644E-08 3.6425E-08 2.8231E-08 2.1314E-08 1.5715E-08 1.1338E-08 7.9244E-09 5.4099E-09 3.5964E-09 1.5236E-09 6.9860E-10 4.1944E-10 2.7840E-10 1.8403E-10 5.8472E-11 4.1732E-11 2.9150E-11 1.9639E-11 1.5800E-12 0.0000E+00 0.0000E+00 0.0000E+00 0.0000E+00 0.0000E+00 0.0000E+00
0.0000E+00 0.0000E+00 0.0000E+00 0.0000E+00 0.0000E+00 0.0000E+00 0.0000E+00 0.0000E+00 0.0000E+00 0.0000E+00 0.0000E+00 0.0000E+00 0.0000E+00 0.0000E+00 0.0000E+00 0.0000E+00 1.1080E-11 5.2887E-11 1.5100E-10 4.7616E-10 1.2455E-09 3.3693E-09 1.0678E-08 2.2975E-08 4.4924E-08 7.2141E-08 9.2502E-08 9.8709E-08 9.3915E-08 8.2080E-08 6.7512E-08 5.5765E-08 4.4322E-08 3.4136E-08 2.5593E-08 1.8739E-08 1.3412E-08 9.4659E-09 6.5867E-09 4.3362E-09 2.0655E-09 1.2731E-09 5.8241E-10 3.6306E-10 2.4002E-10 1.5275E-10 4.1740E-11 2.9866E-11 2.0920E-11 4.8446E-12 0.0000E+00 0.0000E+00 0.0000E+00 0.0000E+00 0.0000E+00 0.0000E+00 0.0000E+00
0.0000E+00 0.0000E+00 0.0000E+00 0.0000E+00 0.0000E+00 0.0000E+00 0.0000E+00 0.0000E+00 0.0000E+00 0.0000E+00 0.0000E+00 0.0000E+00 0.0000E+00 0.0000E+00 0.0000E+00 0.0000E+00 0.0000E+00 3.8006E-11 1.3899E-10 4.6148E-10 1.2983E-09 3.4931E-09 8.7302E-09 3.2183E-08 6.8665E-08 1.1588E-07 1.3356E-07 1.2756E-07 1.0835E-07 8.7707E-08 6.6784E-08 5.2229E-08 4.0179E-08 3.0023E-08 2.1877E-08 1.5497E-08 1.0904E-08 7.5586E-09 5.1146E-09 2.4819E-09 1.6801E-09 1.0020E-09 4.7629E-10 3.1145E-10 2.0304E-10 1.3054E-10 2.9162E-11 2.0922E-11 5.5200E-12 0.0000E+00 0.0000E+00 0.0000E+00 0.0000E+00 0.0000E+00 0.0000E+00 0.0000E+00 0.0000E+00
0.0000E+00 0.0000E+00 0.0000E+00 0.0000E+00 0.0000E+00 0.0000E+00 0.0000E+00 0.0000E+00 0.0000E+00 0.0000E+00 0.0000E+00 0.0000E+00 0.0000E+00 0.0000E+00 0.0000E+00 0.0000E+00 0.0000E+00 2.9536E-11 1.4563E-10 4.3531E-10 1.2395E-09 3.4227E-09 8.8398E-09 2.1875E-08 1.2822E-07 1.8880E-07 1.9694E-07 1.5188E-07 1.1364E-07 7.7754E-08 5.9811E-08 4.4817E-08 3.3424E-08 2.4440E-08 1.7151E-08 1.2116E-08 8.3970E-09 5.5817E-09 3.8461E-09 1.8828E-09 1.2584E-09 8.1165E-10 4.0798E-10 2.6818E-10 1.7335E-10 1.1035E-10 1.9950E-11 3.0293E-12 0.0000E+00 0.0000E+00 0.0000E+00 0.0000E+00 0.0000E+00 0.0000E+00 0.0000E+00 0.0000E+00 0.0000E+00
0.0000E+00 0.0000E+00 0.0000E+00 0.0000E+00 0.0000E+00 0.0000E+00 0.0000E+00 0.0000E+00 0.0000E+00 0.0000E+00 0.0000E+00 0.0000E+00 0.0000E+00 0.0000E+00 0.0000E+00 0.0000E+00 0.0000E+00 3.9258E-13 1.2112E-10 3.5374E-10 1.0436E-09 2.9058E-09 7.5484E-09 1.8697E-08 1.0672E-07 6.9784E-07 2.9410E-07 1.5505E-07 1.0086E-07 6.2270E-08 4.6577E-08 3.4555E-08 2.5301E-08 1.7557E-08 1.2647E-08 8.8665E-09 5.7731E-09 4.0090E-09 2.0959E-09 1.4330E-09 1.0376E-09 6.3009E-10 3.4564E-10 2.2621E-10 2.4149E-11 1.8157E-11 4.9420E-13 0.0000E+00 0.0000E+00 0.0000E+00 0.0000E+00 0.0000E+00 0.0000E+00 0.0000E+00 0.0000E+00 0.0000E+00 0.0000E+00
0.0000E+00 0.0000E+00 0.0000E+00 0.0000E+00 0.0000E+00 0.0000E+00 0.0000E+00 0.0000E+00 0.0000E+00 0.0000E+00 0.0000E+00 0.0000E+00 0.0000E+00 0.0000E+00 0.0000E+00 0.0000E+00 0.0000E+00 0.0000E+00 6.6218E-11 2.6499E-10 7.5112E-10 2.0805E-09 5.3336E-09 1.2603E-08 4.1720E-07 9.9352E-07 1.8981E-07 6.9857E-08 5.4042E-08 4.1378E-08 3.0990E-08 2.0029E-08 1.5716E-08 1.1912E-08 7.5208E-09 5.5125E-09 3.9330E-09 2.2687E-09 1.4804E-09 1.0429E-09 7.6118E-10 4.9753E-10 2.8525E-10 2.0474E-11 1.3507E-11 0.0000E+00 0.0000E+00 0.0000E+00 0.0000E+00 0.0000E+00 0.0000E+00 0.0000E+00 0.0000E+00 0.0000E+00 0.0000E+00 0.0000E+00 0.0000E+00
