Assets/Resources/2015_m01_d30_0600(utc+0800)_l00_csi_1hr_conc.grd
DSAA
         159         159
     -79.000      79.000
     -79.000      79.000
  0.0000E+00  0.1962E-04
[rows 50 to 74 of 159, columns 57 to 113 of 159]
0.0000E+00 0.0000E+00 0.0000E+00 0.0000E+00 0.0000E+00 0.0000E+00 0.0000E+00 0.0000E+00 0.0000E+00 0.0000E+00 0.0000E+00 0.0000E+00 0.0000E+00 0.0000E+00 0.0000E+00 0.0000E+00 0.0000E+00 0.0000E+00 0.0000E+00 0.0000E+00 0.0000E+00 0.0000E+00 1.3692E-11 4.5232E-11 1.7924E-10 5.9422E-10 9.8504E-10 1.4986E-09 2.1885E-09 3.1189E-09 4.3051E-09 5.8162E-09 7.6688E-09 9.8555E-09 1.2359E-08 1.5139E-08 1.8125E-08 2.1249E-08 2.4376E-08 2.7368E-08 3.0121E-08 3.2506E-08 3.4410E-08 3.5789E-08 3.6598E-08 3.6850E-08 3.6606E-08 3.5930E-08 3.4894E-08 3.3567E-08 3.2057E-08 3.0415E-08 2.8707E-08 2.7018E-08 2.5395E-08 2.3874E-08 2.2477E-08
0.0000E+00 0.0000E+00 0.0000E+00 0.0000E+00 0.0000E+00 0.0000E+00 0.0000E+00 0.0000E+00 0.0000E+00 0.0000E+00 0.0000E+00 0.0000E+00 0.0000E+00 0.0000E+00 0.0000E+00 0.0000E+00 0.0000E+00 0.0000E+00 0.0000E+00 0.0000E+00 0.0000E+00 0.0000E+00 1.1852E-11 4.2780E-11 2.5826E-10 6.9982E-10 1.1116E-09 1.6813E-09 2.4796E-09 3.5120E-09 4.8792E-09 6.5998E-09 8.6815E-09 1.1141E-08 1.3955E-08 1.7094E-08 2.0446E-08 2.3886E-08 2.7271E-08 3.0471E-08 3.3360E-08 3.5804E-08 3.7706E-08 3.8960E-08 3.9612E-08 3.9659E-08 3.9132E-08 3.8147E-08 3.6786E-08 3.5163E-08 3.3345E-08 3.1445E-08 2.9508E-08 2.7588E-08 2.5772E-08 2.4085E-08 2.2543E-08
0.0000E+00 0.0000E+00 0.0000E+00 0.0000E+00 0.0000E+00 0.0000E+00 0.0000E+00 0.0000E+00 0.0000E+00 0.0000E+00 0.0000E+00 0.0000E+00 0.0000E+00 0.0000E+00 0.0000E+00 0.0000E+00 0.0000E+00 0.0000E+00 0.0000E+00 0.0000E+00 0.0000E+00 0.0000E+00 9.7037E-12 5.0398E-11 3.6818E-10 7.7679E-10 1.2393E-09 1.8871E-09 2.7665E-09 3.9528E-09 5.4871E-09 7.4016E-09 9.7366E-09 1.2489E-08 1.5668E-08 1.9200E-08 2.2884E-08 2.6631E-08 3.0281E-08 3.3679E-08 3.6651E-08 3.9118E-08 4.0943E-08 4.2087E-08 4.2513E-08 4.2271E-08 4.1444E-08 4.0124E-08 3.8428E-08 3.6482E-08 3.4368E-08 3.2186E-08 3.0023E-08 2.7922E-08 2.5919E-08 2.4088E-08 2.2431E-08
0.0000E+00 0.0000E+00 0.0000E+00 0.0000E+00 0.0000E+00 0.0000E+00 0.0000E+00 0.0000E+00 0.0000E+00 0.0000E+00 0.0000E+00 0.0000E+00 0.0000E+00 0.0000E+00 0.0000E+00 0.0000E+00 0.0000E+00 0.0000E+00 0.0000E+00 0.0000E+00 0.0000E+00 0.0000E+00 7.3484E-12 7.4332E-11 4.2821E-10 8.5876E-10 1.3758E-09 2.0917E-09 3.0872E-09 4.4077E-09 6.0978E-09 8.2297E-09 1.0826E-08 1.3884E-08 1.7507E-08 2.1373E-08 2.5409E-08 2.9456E-08 3.3353E-08 3.6917E-08 3.9984E-08 4.2422E-08 4.4137E-08 4.5054E-08 4.5206E-08 4.4664E-08 4.3488E-08 4.1813E-08 3.9761E-08 3.7473E-08 3.5074E-08 3.2631E-08 3.0237E-08 2.7961E-08 2.5828E-08 2.3863E-08 2.2112E-08
0.0000E+00 0.0000E+00 0.0000E+00 0.0000E+00 0.0000E+00 0.0000E+00 0.0000E+00 0.0000E+00 0.0000E+00 0.0000E+00 0.0000E+00 0.0000E+00 0.0000E+00 0.0000E+00 0.0000E+00 0.0000E+00 0.0000E+00 0.0000E+00 0.0000E+00 0.0000E+00 0.0000E+00 0.0000E+00 5.0845E-12 1.1505E-10 4.7003E-10 9.3832E-10 1.5128E-09 2.3045E-09 3.4090E-09 4.8483E-09 6.7146E-09 9.0653E-09 1.1929E-08 1.5422E-08 1.9317E-08 2.3583E-08 2.7979E-08 3.2332E-08 3.6455E-08 4.0175E-08 4.3283E-08 4.5642E-08 4.7178E-08 4.7862E-08 4.7691E-08 4.6754E-08 4.5206E-08 4.3152E-08 4.0750E-08 3.8123E-08 3.5418E-08 3.2746E-08 3.0149E-08 2.7709E-08 2.5466E-08 2.3423E-08 2.1597E-08
0.0000E+00 0.0000E+00 0.0000E+00 0.0000E+00 0.0000E+00 0.0000E+00 0.0000E+00 0.0000E+00 0.0000E+00 0.0000E+00 0.0000E+00 0.0000E+00 0.0000E+00 0.0000E+00 0.0000E+00 0.0000E+00 0.0000E+00 0.0000E+00 0.0000E+00 0.0000E+00 0.0000E+00 0.0000E+00 8.5886E-12 1.3549E-10 4.9507E-10 9.9924E-10 1.6369E-09 2.5184E-09 3.6963E-09 5.2722E-09 7.3128E-09 9.8846E-09 1.3084E-08 1.6851E-08 2.1138E-08 2.5787E-08 3.0565E-08 3.5227E-08 3.9619E-08 4.3429E-08 4.6516E-08 4.8726E-08 5.0002E-08 5.0368E-08 4.9850E-08 4.8549E-08 4.6576E-08 4.4112E-08 4.1348E-08 3.8406E-08 3.5416E-08 3.2507E-08 2.9750E-08 2.7174E-08 2.4836E-08 2.2745E-08 2.0890E-08
0.0000E+00 0.0000E+00 0.0000E+00 0.0000E+00 0.0000E+00 0.0000E+00 0.0000E+00 0.0000E+00 0.0000E+00 0.0000E+00 0.0000E+00 0.0000E+00 0.0000E+00 0.0000E+00 0.0000E+00 0.0000E+00 0.0000E+00 0.0000E+00 0.0000E+00 0.0000E+00 0.0000E+00 0.0000E+00 8.5933E-12 1.2913E-10 4.9200E-10 1.0345E-09 1.7340E-09 2.6746E-09 3.9439E-09 5.6533E-09 7.8632E-09 1.0638E-08 1.4090E-08 1.8229E-08 2.2884E-08 2.7966E-08 3.3201E-08 3.8239E-08 4.2822E-08 4.6683E-08 4.9686E-08 5.1700E-08 5.2677E-08 5.2625E-08 5.1655E-08 4.9889E-08 4.7521E-08 4.4672E-08 4.1539E-08 3.8294E-08 3.5061E-08 3.1942E-08 2.9037E-08 2.6373E-08 2.3970E-08 2.1849E-08 1.9999E-08
0.0000E+00 0.0000E+00 0.0000E+00 0.0000E+00 0.0000E+00 0.0000E+00 0.0000E+00 0.0000E+00 0.0000E+00 0.0000E+00 0.0000E+00 0.0000E+00 0.0000E+00 0.0000E+00 0.0000E+00 0.0000E+00 0.0000E+00 0.0000E+00 0.0000E+00 0.0000E+00 0.0000E+00 0.0000E+00 8.9603E-12 1.2635E-10 4.7508E-10 1.0473E-09 1.8077E-09 2.7796E-09 4.1235E-09 5.9468E-09 8.3165E-09 1.1282E-08 1.4997E-08 1.9448E-08 2.4607E-08 3.0225E-08 3.5890E-08 4.1361E-08 4.6113E-08 4.9994E-08 5.2846E-08 5.4541E-08 5.5108E-08 5.4587E-08 5.3127E-08 5.0876E-08 4.8003E-08 4.4759E-08 4.1302E-08 3.7781E-08 3.4337E-08 3.1064E-08 2.8040E-08 2.5318E-08 2.2889E-08 2.0761E-08 1.8937E-08
0.0000E+00 0.0000E+00 0.0000E+00 0.0000E+00 0.0000E+00 0.0000E+00 0.0000E+00 0.0000E+00 0.0000E+00 0.0000E+00 0.0000E+00 0.0000E+00 0.0000E+00 0.0000E+00 0.0000E+00 0.0000E+00 0.0000E+00 0.0000E+00 0.0000E+00 0.0000E+00 0.0000E+00 0.0000E+00 9.4908E-12 1.1895E-10 4.4480E-10 1.0444E-09 1.8421E-09 2.8433E-09 4.2468E-09 6.1583E-09 8.6612E-09 1.1799E-08 1.5722E-08 2.0642E-08 2.6560E-08 3.2804E-08 3.9033E-08 4.4782E-08 4.9663E-08 5.3481E-08 5.6066E-08 5.7385E-08 5.7422E-08 5.6312E-08 5.4230E-08 5.1426E-08 4.8098E-08 4.4424E-08 4.0617E-08 3.6862E-08 3.3251E-08 2.9870E-08 2.6783E-08 2.4035E-08 2.1619E-08 1.9523E-08 1.7738E-08
0.0000E+00 0.0000E+00 0.0000E+00 0.0000E+00 0.0000E+00 0.0000E+00 0.0000E+00 0.0000E+00 0.0000E+00 0.0000E+00 0.0000E+00 0.0000E+00 0.0000E+00 0.0000E+00 0.0000E+00 0.0000E+00 0.0000E+00 0.0000E+00 0.0000E+00 0.0000E+00 0.0000E+00 0.0000E+00 9.2634E-12 1.2752E-10 4.1803E-10 1.0116E-09 1.8249E-09 2.8567E-09 4.2992E-09 6.2712E-09 8.8689E-09 1.2156E-08 1.6410E-08 2.2102E-08 2.8936E-08 3.6157E-08 4.3033E-08 4.9203E-08 5.4175E-08 5.7749E-08 5.9816E-08 6.0448E-08 5.9729E-08 5.7884E-08 5.5090E-08 5.1608E-08 4.7742E-08 4.3676E-08 3.9562E-08 3.5562E-08 3.1823E-08 2.8391E-08 2.5281E-08 2.2551E-08 2.0188E-08 1.8156E-08 1.6438E-08
0.0000E+00 0.0000E+00 0.0000E+00 0.0000E+00 0.0000E+00 0.0000E+00 0.0000E+00 0.0000E+00 0.0000E+00 0.0000E+00 0.0000E+00 0.0000E+00 0.0000E+00 0.0000E+00 0.0000E+00 0.0000E+00 0.0000E+00 0.0000E+00 0.0000E+00 0.0000E+00 0.0000E+00 0.0000E+00 8.2843E-12 1.2694E-10 4.0447E-10 9.5909E-10 1.7633E-09 2.8127E-09 4.2863E-09 6.3115E-09 8.9835E-09 1.2501E-08 1.7371E-08 2.4172E-08 3.2455E-08 4.0874E-08 4.8635E-08 5.5099E-08 6.0056E-08 6.3125E-08 6.4450E-08 6.4204E-08 6.2469E-08 5.9583E-08 5.5907E-08 5.1663E-08 4.7105E-08 4.2563E-08 3.8152E-08 3.3964E-08 3.0112E-08 2.6661E-08 2.3592E-08 2.0907E-08 1.8627E-08 1.6691E-08 1.5067E-08
0.0000E+00 0.0000E+00 0.0000E+00 0.0000E+00 0.0000E+00 0.0000E+00 0.0000E+00 0.0000E+00 0.0000E+00 0.0000E+00 0.0000E+00 0.0000E+00 0.0000E+00 0.0000E+00 0.0000E+00 0.0000E+00 0.0000E+00 0.0000E+00 0.0000E+00 0.0000E+00 0.0000E+00 0.0000E+00 6.6926E-12 1.1662E-10 3.7728E-10 8.5370E-10 1.6276E-09 2.7260E-09 4.2123E-09 6.2534E-09 9.1128E-09 1.3062E-08 1.9492E-08 2.8377E-08 3.8778E-08 4.9566E-08 5.8316E-08 6.4714E-08 6.9048E-08 7.0860E-08 7.0642E-08 6.8751E-08 6.5588E-08 6.1360E-08 5.6529E-08 5.1459E-08 4.6288E-08 4.1220E-08 3.6507E-08 3.2155E-08 2.8210E-08 2.4754E-08 2.1753E-08 1.9157E-08 1.6981E-08 1.5166E-08 1.3655E-08
0.0000E+00 0.0000E+00 0.0000E+00 0.0000E+00 0.0000E+00 0.0000E+00 0.0000E+00 0.0000E+00 0.0000E+00 0.0000E+00 0.0000E+00 0.0000E+00 0.0000E+00 0.0000E+00 0.0000E+00 0.0000E+00 0.0000E+00 0.0000E+00 0.0000E+00 0.0000E+00 0.0000E+00 0.0000E+00 4.6990E-12 9.4051E-11 3.4881E-10 7.9979E-10 1.5513E-09 2.7471E-09 4.4649E-09 6.9406E-09 1.0570E-08 1.6286E-08 2.5686E-08 3.8455E-08 5.3241E-08 6.6091E-08 7.5711E-08 8.1300E-08 8.3284E-08 8.2276E-08 7.8985E-08 7.4377E-08 6.9027E-08 6.3172E-08 5.6982E-08 5.0861E-08 4.5041E-08 3.9553E-08 3.4538E-08 3.0087E-08 2.6137E-08 2.2708E-08 1.9810E-08 1.7340E-08 1.5288E-08 1.3613E-08 1.2234E-08
0.0000E+00 0.0000E+00 0.0000E+00 0.0000E+00 0.0000E+00 0.0000E+00 0.0000E+00 0.0000E+00 0.0000E+00 0.0000E+00 0.0000E+00 0.0000E+00 0.0000E+00 0.0000E+00 0.0000E+00 0.0000E+00 0.0000E+00 0.0000E+00 0.0000E+00 0.0000E+00 0.0000E+00 0.0000E+00 2.5537E-12 6.9358E-11 3.1962E-10 8.5959E-10 1.8872E-09 3.6094E-09 6.2995E-09 1.0350E-08 1.6600E-08 2.6982E-08 4.2610E-08 6.1568E-08 8.1214E-08 9.6513E-08 1.0485E-07 1.0686E-07 1.0397E-07 9.7706E-08 8.9840E-08 8.1355E-08 7.2835E-08 6.4801E-08 5.7118E-08 4.9879E-08 4.3361E-08 3.7504E-08 3.2285E-08 2.7783E-08 2.3895E-08 2.0562E-08 1.7797E-08 1.5484E-08 1.3577E-08 1.2050E-08 1.0807E-08
0.0000E+00 0.0000E+00 0.0000E+00 0.0000E+00 0.0000E+00 0.0000E+00 0.0000E+00 0.0000E+00 0.0000E+00 0.0000E+00 0.0000E+00 0.0000E+00 0.0000E+00 0.0000E+00 0.0000E+00 0.0000E+00 0.0000E+00 0.0000E+00 0.0000E+00 0.0000E+00 0.0000E+00 0.0000E+00 5.3585E-13 4.3433E-11 2.9881E-10 1.3554E-09 3.5073E-09 7.4601E-09 1.3888E-08 2.3510E-08 3.6885E-08 5.6935E-08 8.2461E-08 1.1055E-07 1.3462E-07 1.4896E-07 1.5156E-07 1.4459E-07 1.3227E-07 1.1820E-07 1.0322E-07 8.9115E-08 7.6889E-08 6.6063E-08 5.6693E-08 4.8425E-08 4.1227E-08 3.5087E-08 2.9783E-08 2.5295E-08 2.1538E-08 1.8369E-08 1.5769E-08 1.3640E-08 1.1906E-08 1.0529E-08 9.4332E-09
0.0000E+00 0.0000E+00 0.0000E+00 0.0000E+00 0.0000E+00 0.0000E+00 0.0000E+00 0.0000E+00 0.0000E+00 0.0000E+00 0.0000E+00 0.0000E+00 0.0000E+00 0.0000E+00 0.0000E+00 0.0000E+00 0.0000E+00 0.0000E+00 0.0000E+00 0.0000E+00 0.0000E+00 0.0000E+00 0.0000E+00 2.2901E-11 5.9651E-10 3.2477E-09 8.7497E-09 2.0007E-08 4.5444E-08 7.0550E-08 9.9565E-08 1.3294E-07 1.6936E-07 2.0106E-07 2.1987E-07 2.2382E-07 2.1218E-07 1.9074E-07 1.6579E-07 1.4051E-07 1.1730E-07 9.7281E-08 8.0416E-08 6.6679E-08 5.5598E-08 4.6376E-08 3.8667E-08 3.2322E-08 2.7048E-08 2.2683E-08 1.9123E-08 1.6168E-08 1.3775E-08 1.1854E-08 1.0304E-08 9.0891E-09 8.1440E-09
0.0000E+00 0.0000E+00 0.0000E+00 0.0000E+00 0.0000E+00 0.0000E+00 0.0000E+00 0.0000E+00 0.0000E+00 0.0000E+00 0.0000E+00 0.0000E+00 0.0000E+00 0.0000E+00 0.0000E+00 0.0000E+00 0.0000E+00 0.0000E+00 0.0000E+00 0.0000E+00 0.0000E+00 0.0000E+00 0.0000E+00 1.2194E-11 1.9339E-09 1.2930E-08 4.0832E-08 8.8244E-08 1.4091E-07 1.9071E-07 2.3561E-07 2.7872E-07 3.1516E-07 3.3350E-07 3.3125E-07 3.1104E-07 2.7772E-07 2.3717E-07 1.9590E-07 1.5905E-07 1.2781E-07 1.0188E-07 8.1380E-08 6.5521E-08 5.3134E-08 4.3437E-08 3.5563E-08 2.9225E-08 2.4122E-08 1.9991E-08 1.6693E-08 1.3999E-08 1.1852E-08 1.0159E-08 8.7993E-09 7.7562E-09 6.9526E-09
0.0000E+00 0.0000E+00 0.0000E+00 0.0000E+00 0.0000E+00 0.0000E+00 0.0000E+00 0.0000E+00 0.0000E+00 0.0000E+00 0.0000E+00 0.0000E+00 0.0000E+00 0.0000E+00 0.0000E+00 0.0000E+00 0.0000E+00 0.0000E+00 0.0000E+00 0.0000E+00 0.0000E+00 0.0000E+00 0.0000E+00 4.2888E-11 4.4365E-09 3.6804E-08 1.2178E-07 2.3077E-07 3.2274E-07 3.8843E-07 4.3603E-07 4.7160E-07 4.8605E-07 4.7257E-07 4.3498E-07 3.8266E-07 3.2586E-07 2.6809E-07 2.1480E-07 1.6871E-07 1.3121E-07 1.0195E-07 7.8949E-08 6.1575E-08 4.8776E-08 3.9084E-08 3.1562E-08 2.5628E-08 2.0940E-08 1.7195E-08 1.4239E-08 1.1868E-08 1.0005E-08 8.5471E-09 7.3977E-09 6.5299E-09 5.8664E-09
0.0000E+00 0.0000E+00 0.0000E+00 0.0000E+00 0.0000E+00 0.0000E+00 0.0000E+00 0.0000E+00 0.0000E+00 0.0000E+00 0.0000E+00 0.0000E+00 0.0000E+00 0.0000E+00 0.0000E+00 0.0000E+00 0.0000E+00 0.0000E+00 0.0000E+00 0.0000E+00 0.0000E+00 0.0000E+00 0.0000E+00 6.4972E-11 6.0258E-09 7.0390E-08 2.1664E-07 3.5467E-07 4.5391E-07 5.1820E-07 5.5783E-07 5.7727E-07 5.7289E-07 5.3431E-07 4.7172E-07 4.0255E-07 3.3337E-07 2.6901E-07 2.1206E-07 1.6397E-07 1.2566E-07 9.5590E-08 7.2730E-08 5.5742E-08 4.3184E-08 3.3949E-08 2.7146E-08 2.1853E-08 1.7722E-08 1.4460E-08 1.1909E-08 9.8790E-09 8.3027E-09 7.0750E-09 6.1162E-09 5.4150E-09 4.8896E-09
0.0000E+00 0.0000E+00 0.0000E+00 0.0000E+00 0.0000E+00 0.0000E+00 0.0000E+00 0.0000E+00 0.0000E+00 0.0000E+00 0.0000E+00 0.0000E+00 0.0000E+00 0.0000E+00 0.0000E+00 0.0000E+00 0.0000E+00 0.0000E+00 0.0000E+00 0.0000E+00 0.0000E+00 0.0000E+00 0.0000E+00 2.6036E-11 4.9881E-09 1.0163E-07 2.6948E-07 3.5384E-07 4.1373E-07 4.6164E-07 4.9359E-07 5.0677E-07 4.9911E-07 4.6422E-07 4.1273E-07 3.5166E-07 2.9147E-07 2.3604E-07 1.8578E-07 1.4390E-07 1.0978E-07 8.3207E-08 6.3095E-08 4.7866E-08 3.6600E-08 2.8516E-08 2.2556E-08 1.8077E-08 1.4606E-08 1.1897E-08 9.7772E-09 8.1055E-09 6.8168E-09 5.8060E-09 5.0367E-09 4.4811E-09 4.0512E-09
0.0000E+00 0.0000E+00 0.0000E+00 0.0000E+00 0.0000E+00 0.0000E+00 0.0000E+00 0.0000E+00 0.0000E+00 0.0000E+00 0.0000E+00 0.0000E+00 0.0000E+00 0.0000E+00 0.0000E+00 0.0000E+00 0.0000E+00 0.0000E+00 0.0000E+00 0.0000E+00 0.0000E+00 0.0000E+00 0.0000E+00 1.9430E-12 7.1517E-09 1.3965E-07 2.7589E-07 2.9225E-07 3.1055E-07 3.3004E-07 3.4329E-07 3.4740E-07 3.3965E-07 3.1946E-07 2.9006E-07 2.5425E-07 2.1685E-07 1.7871E-07 1.4344E-07 1.1272E-07 8.6787E-08 6.6427E-08 5.0613E-08 3.8654E-08 2.9630E-08 2.2966E-08 1.8094E-08 1.4474E-08 1.1707E-08 9.5417E-09 7.8508E-09 6.5225E-09 5.4884E-09 4.6992E-09 4.1170E-09 3.6731E-09 3.3356E-09
0.0000E+00 0.0000E+00 0.0000E+00 0.0000E+00 0.0000E+00 0.0000E+00 0.0000E+00 0.0000E+00 0.0000E+00 0.0000E+00 0.0000E+00 0.0000E+00 0.0000E+00 0.0000E+00 0.0000E+00 0.0000E+00 0.0000E+00 0.0000E+00 0.0000E+00 0.0000E+00 0.0000E+00 0.0000E+00 0.0000E+00 0.0000E+00 1.8374E-08 2.0210E-07 3.0125E-07 2.8730E-07 2.7163E-07 2.5832E-07 2.4080E-07 2.2126E-07 2.0314E-07 1.8746E-07 1.7208E-07 1.5551E-07 1.3718E-07 1.1738E-07 9.7404E-08 7.8189E-08 6.1791E-08 4.8077E-08 3.7320E-08 2.8995E-08 2.2576E-08 1.7691E-08 1.4007E-08 1.1211E-08 9.1070E-09 7.4494E-09 6.1397E-09 5.1178E-09 4.3516E-09 3.7594E-09 3.3128E-09 2.9712E-09 2.7299E-09
0.0000E+00 0.0000E+00 0.0000E+00 0.0000E+00 0.0000E+00 0.0000E+00 0.0000E+00 0.0000E+00 0.0000E+00 0.0000E+00 0.0000E+00 0.0000E+00 0.0000E+00 0.0000E+00 0.0000E+00 0.0000E+00 0.0000E+00 0.0000E+00 0.0000E+00 0.0000E+00 0.0000E+00 0.0000E+00 0.0000E+00 0.0000E+00 5.7780E-08 2.7488E-07 2.9625E-07 2.8670E-07 2.6023E-07 2.2532E-07 1.8549E-07 1.4626E-07 1.1682E-07 9.9630E-08 9.0070E-08 8.3351E-08 7.6085E-08 6.7578E-08 5.8107E-08 4.8506E-08 3.9419E-08 3.1508E-08 2.5161E-08 2.0090E-08 1.6010E-08 1.2882E-08 1.0382E-08 8.4209E-09 6.8789E-09 5.6568E-09 4.6946E-09 3.9619E-09 3.4025E-09 2.9555E-09 2.6223E-09 2.3915E-09 2.2252E-09
0.0000E+00 0.0000E+00 0.0000E+00 0.0000E+00 0.0000E+00 0.0000E+00 0.0000E+00 0.0000E+00 0.0000E+00 0.0000E+00 0.0000E+00 0.0000E+00 0.0000E+00 0.0000E+00 0.0000E+00 0.0000E+00 0.0000E+00 0.0000E+00 0.0000E+00 0.0000E+00 0.0000E+00 0.0000E+00 0.0000E+00 1.6225E-10 1.4900E-07 3.1030E-07 2.9494E-07 3.0115E-07 2.8581E-07 2.2950E-07 1.6194E-07 1.0114E-07 6.3862E-08 4.7434E-08 4.1768E-08 3.9856E-08 3.7973E-08 3.5098E-08 3.1268E-08 2.7046E-08 2.2746E-08 1.8806E-08 1.5556E-08 1.2794E-08 1.0592E-08 8.7854E-09 7.2832E-09 6.0628E-09 5.0205E-09 4.1699E-09 3.5158E-09 3.0130E-09 2.5909E-09 2.2844E-09 2.0760E-09 1.9117E-09 1.7831E-09
0.0000E+00 0.0000E+00 0.0000E+00 0.0000E+00 0.0000E+00 0.0000E+00 0.0000E+00 0.0000E+00 0.0000E+00 0.0000E+00 0.0000E+00 0.0000E+00 0.0000E+00 0.0000E+00 0.0000E+00 0.0000E+00 0.0000E+00 0.0000E+00 0.0000E+00 0.0000E+00 0.0000E+00 0.0000E+00 0.0000E+00 4.0527E-09 2.9473E-07 3.3547E-07 3.0958E-07 2.9440E-07 2.8855E-07 2.3516E-07 1.4589E-07 7.1113E-08 3.2206E-08 1.9388E-08 1.7005E-08 1.7186E-08 1.7385E-08 1.6894E-08 1.5616E-08 1.3921E-08 1.2101E-08 1.0421E-08 8.8519E-09 7.5244E-09 6.5329E-09 5.5774E-09 4.8189E-09 4.1362E-09 3.5260E-09 3.0224E-09 2.5927E-09 2.2290E-09 1.9548E-09 1.7688E-09 1.6164E-09 1.4920E-09 1.4144E-09
