Assets/Resources/2015_m01_d25_0700(utc+0800)_l00_csi_1hr_conc.grd
DSAA
         159         159
     -79.000      79.000
     -79.000      79.000
  0.0000E+00  0.4859E-05
[rows 25 to 49 of 159, columns 57 to 113 of 159]
1.8902E-10 2.5507E-10 3.4331E-10 4.5363E-10 5.9409E-10 7.7335E-10 9.9721E-10 1.2825E-09 1.6297E-09 2.0930E-09 2.7103E-09 3.5049E-09 4.5404E-09 5.8385E-09 7.4492E-09 9.4540E-09 1.1882E-08 1.4770E-08 1.8128E-08 2.1958E-08 2.6176E-08 3.0670E-08 3.5287E-08 3.9816E-08 4.4023E-08 4.7656E-08 5.0480E-08 5.2285E-08 5.2927E-08 5.2326E-08 5.0511E-08 4.7591E-08 4.3746E-08 3.9220E-08 3.4285E-08 2.9216E-08 2.4265E-08 1.9639E-08 1.5489E-08 1.1906E-08 8.9143E-09 6.5074E-09 4.6243E-09 3.1955E-09 2.1387E-09 1.3799E-09 8.4426E-10 4.6955E-10 2.3820E-10 9.2198E-11 1.6047E-11 0.0000E+00 0.0000E+00 0.0000E+00 0.0000E+00 0.0000E+00 0.0000E+00
1.4994E-10 2.0793E-10 2.8283E-10 3.7920E-10 4.9961E-10 6.5770E-10 8.5801E-10 1.1110E-09 1.4414E-09 1.8744E-09 2.4627E-09 3.2434E-09 4.2582E-09 5.5485E-09 7.1853E-09 9.2395E-09 1.1760E-08 1.4785E-08 1.8319E-08 2.2371E-08 2.6839E-08 3.1604E-08 3.6494E-08 4.1284E-08 4.5709E-08 4.9502E-08 5.2399E-08 5.4194E-08 5.4743E-08 5.3986E-08 5.1951E-08 4.8765E-08 4.4638E-08 3.9829E-08 3.4628E-08 2.9328E-08 2.4188E-08 1.9432E-08 1.5197E-08 1.1572E-08 8.5694E-09 6.1794E-09 4.3307E-09 2.9388E-09 1.9310E-09 1.2123E-09 7.0594E-10 3.7421E-10 1.6491E-10 4.2068E-11 0.0000E+00 0.0000E+00 0.0000E+00 0.0000E+00 0.0000E+00 0.0000E+00 0.0000E+00
1.1703E-10 1.6406E-10 2.2769E-10 3.0894E-10 4.1433E-10 5.4888E-10 7.2614E-10 9.4966E-10 1.2474E-09 1.6575E-09 2.2128E-09 2.9669E-09 3.9654E-09 5.2487E-09 6.8934E-09 8.9885E-09 1.1592E-08 1.4750E-08 1.8470E-08 2.2723E-08 2.7435E-08 3.2464E-08 3.7611E-08 4.2629E-08 4.7245E-08 5.1166E-08 5.4132E-08 5.5913E-08 5.6369E-08 5.5446E-08 5.3190E-08 4.9738E-08 4.5329E-08 4.0247E-08 3.4802E-08 2.9297E-08 2.4001E-08 1.9127E-08 1.4832E-08 1.1185E-08 8.1899E-09 5.8284E-09 4.0133E-09 2.6796E-09 1.7163E-09 1.0337E-09 5.7551E-10 2.8031E-10 9.8470E-11 3.4017E-12 0.0000E+00 0.0000E+00 0.0000E+00 0.0000E+00 0.0000E+00 0.0000E+00 0.0000E+00
8.6352E-11 1.2659E-10 1.7803E-10 2.4681E-10 3.3373E-10 4.5043E-10 6.0332E-10 7.9686E-10 1.0599E-09 1.4409E-09 1.9710E-09 2.6940E-09 3.6721E-09 4.9370E-09 6.5986E-09 8.7164E-09 1.1387E-08 1.4661E-08 1.8551E-08 2.3005E-08 2.7944E-08 3.3225E-08 3.8626E-08 4.3878E-08 4.8681E-08 5.2717E-08 5.5718E-08 5.7451E-08 5.7779E-08 5.6659E-08 5.4169E-08 5.0469E-08 4.5805E-08 4.0481E-08 3.4820E-08 2.9140E-08 2.3718E-08 1.8760E-08 1.4416E-08 1.0756E-08 7.7834E-09 5.4475E-09 3.6977E-09 2.4148E-09 1.4975E-09 8.6553E-10 4.5791E-10 1.8877E-10 4.2131E-11 0.0000E+00 0.0000E+00 0.0000E+00 0.0000E+00 0.0000E+00 0.0000E+00 0.0000E+00 0.0000E+00
6.0673E-11 9.2331E-11 1.3554E-10 1.9034E-10 2.6474E-10 3.6018E-10 4.9098E-10 6.5854E-10 8.8837E-10 1.2320E-09 1.7279E-09 2.4312E-09 3.3725E-09 4.6224E-09 6.2768E-09 8.4178E-09 1.1143E-08 1.4508E-08 1.8559E-08 2.3207E-08 2.8360E-08 3.3871E-08 3.9497E-08 4.4949E-08 4.9897E-08 5.4024E-08 5.7034E-08 5.8713E-08 5.8926E-08 5.7635E-08 5.4929E-08 5.0993E-08 4.6093E-08 4.0552E-08 3.4706E-08 2.8877E-08 2.3344E-08 1.8328E-08 1.3960E-08 1.0306E-08 7.3616E-09 5.0799E-09 3.3835E-09 2.1496E-09 1.2800E-09 7.1363E-10 3.3974E-10 1.1432E-10 6.9166E-12 0.0000E+00 0.0000E+00 0.0000E+00 0.0000E+00 0.0000E+00 0.0000E+00 0.0000E+00 0.0000E+00
3.9921E-11 6.4667E-11 9.6679E-11 1.4308E-10 2.0170E-10 2.8205E-10 3.9217E-10 5.3101E-10 7.3143E-10 1.0476E-09 1.5021E-09 2.1624E-09 3.0658E-09 4.2845E-09 5.9323E-09 8.0927E-09 1.0863E-08 1.4304E-08 1.8480E-08 2.3294E-08 2.8648E-08 3.4367E-08 4.0206E-08 4.5840E-08 5.0938E-08 5.5148E-08 5.8160E-08 5.9755E-08 5.9815E-08 5.8333E-08 5.5416E-08 5.1269E-08 4.6172E-08 4.0456E-08 3.4469E-08 2.8535E-08 2.2925E-08 1.7861E-08 1.3483E-08 9.8419E-09 6.9357E-09 4.7105E-09 3.0645E-09 1.8828E-09 1.0901E-09 5.6566E-10 2.3742E-10 4.0524E-11 0.0000E+00 0.0000E+00 0.0000E+00 0.0000E+00 0.0000E+00 0.0000E+00 0.0000E+00 0.0000E+00 0.0000E+00
2.6451E-11 4.2829E-11 6.7428E-11 1.0158E-10 1.4922E-10 2.1423E-10 3.0297E-10 4.2039E-10 5.9165E-10 8.7474E-10 1.3016E-09 1.9144E-09 2.7702E-09 3.9548E-09 5.5812E-09 7.7351E-09 1.0526E-08 1.4045E-08 1.8315E-08 2.3286E-08 2.8820E-08 3.4735E-08 4.0757E-08 4.6540E-08 5.1730E-08 5.5973E-08 5.8961E-08 6.0480E-08 6.0409E-08 5.8769E-08 5.5676E-08 5.1355E-08 4.6098E-08 4.0243E-08 3.4143E-08 2.8124E-08 2.2471E-08 1.7387E-08 1.3009E-08 9.3882E-09 6.5275E-09 4.3531E-09 2.7517E-09 1.6468E-09 9.0428E-10 4.3290E-10 1.2431E-10 2.7579E-11 0.0000E+00 0.0000E+00 0.0000E+00 0.0000E+00 0.0000E+00 0.0000E+00 0.0000E+00 0.0000E+00 0.0000E+00
1.6958E-11 2.7944E-11 4.4660E-11 7.0364E-11 1.0519E-10 1.5573E-10 2.2865E-10 3.2394E-10 4.7061E-10 7.1931E-10 1.1072E-09 1.6826E-09 2.4807E-09 3.6224E-09 5.1978E-09 7.3353E-09 1.0144E-08 1.3710E-08 1.8052E-08 2.3129E-08 2.8810E-08 3.4882E-08 4.1061E-08 4.6985E-08 5.2271E-08 5.6547E-08 5.9511E-08 6.0943E-08 6.0734E-08 5.8938E-08 5.5689E-08 5.1223E-08 4.5857E-08 3.9927E-08 3.3769E-08 2.7709E-08 2.2026E-08 1.6928E-08 1.2543E-08 8.9659E-09 6.1381E-09 3.9972E-09 2.4639E-09 1.4139E-09 7.3596E-10 2.8502E-10 8.9625E-11 1.4700E-11 0.0000E+00 0.0000E+00 0.0000E+00 0.0000E+00 0.0000E+00 0.0000E+00 0.0000E+00 0.0000E+00 0.0000E+00
9.6355E-12 1.7216E-11 2.9555E-11 4.6093E-11 7.2718E-11 1.1026E-10 1.6417E-10 2.4278E-10 3.6016E-10 5.7108E-10 9.1733E-10 1.4473E-09 2.1968E-09 3.2916E-09 4.8198E-09 6.9233E-09 9.7026E-09 1.3283E-08 1.7670E-08 2.2842E-08 2.8653E-08 3.4869E-08 4.1187E-08 4.7217E-08 5.2563E-08 5.6840E-08 5.9748E-08 6.1075E-08 6.0759E-08 5.8838E-08 5.5484E-08 5.0941E-08 4.5522E-08 3.9555E-08 3.3377E-08 2.7309E-08 2.1618E-08 1.6512E-08 1.2145E-08 8.5754E-09 5.7652E-09 3.6671E-09 2.1972E-09 1.2072E-09 5.5400E-10 2.2228E-10 5.4811E-11 7.0407E-13 0.0000E+00 0.0000E+00 0.0000E+00 0.0000E+00 0.0000E+00 0.0000E+00 0.0000E+00 0.0000E+00 0.0000E+00
4.1736E-12 9.8996E-12 1.8550E-11 3.0514E-11 4.8461E-11 7.4015E-11 1.1510E-10 1.7635E-10 2.7114E-10 4.4740E-10 7.6166E-10 1.2302E-09 1.9326E-09 2.9592E-09 4.4327E-09 6.4713E-09 9.2037E-09 1.2774E-08 1.7178E-08 2.2393E-08 2.8282E-08 3.4606E-08 4.1027E-08 4.7157E-08 5.2557E-08 5.6842E-08 5.9699E-08 6.0952E-08 6.0537E-08 5.8529E-08 5.5111E-08 5.0547E-08 4.5135E-08 3.9194E-08 3.3037E-08 2.6980E-08 2.1286E-08 1.6178E-08 1.1805E-08 8.2245E-09 5.4228E-09 3.3787E-09 1.9546E-09 9.9781E-10 4.5124E-10 1.6487E-10 3.0684E-11 0.0000E+00 0.0000E+00 0.0000E+00 0.0000E+00 0.0000E+00 0.0000E+00 0.0000E+00 0.0000E+00 0.0000E+00 0.0000E+00
6.4604E-13 4.2141E-12 9.9759E-12 1.8542E-11 3.1957E-11 4.9561E-11 7.7537E-11 1.2254E-10 1.9617E-10 3.4487E-10 6.2019E-10 1.0342E-09 1.6654E-09 2.6289E-09 4.0210E-09 5.9900E-09 8.6728E-09 1.2185E-08 1.6564E-08 2.1789E-08 2.7740E-08 3.4158E-08 4.0680E-08 4.6869E-08 5.2297E-08 5.6559E-08 5.9360E-08 6.0528E-08 6.0036E-08 5.7987E-08 5.4573E-08 5.0054E-08 4.4713E-08 3.8854E-08 3.2772E-08 2.6747E-08 2.1055E-08 1.5928E-08 1.1525E-08 7.9056E-09 5.1340E-09 3.1107E-09 1.7102E-09 8.5227E-10 3.8080E-10 1.2799E-10 1.0618E-11 0.0000E+00 0.0000E+00 0.0000E+00 0.0000E+00 0.0000E+00 0.0000E+00 0.0000E+00 0.0000E+00 0.0000E+00 0.0000E+00
0.0000E+00 6.8502E-13 3.8556E-12 9.7037E-12 1.8638E-11 3.1377E-11 5.1149E-11 8.2125E-11 1.3797E-10 2.5612E-10 4.9300E-10 8.6118E-10 1.4282E-09 2.3056E-09 3.6098E-09 5.4851E-09 8.0870E-09 1.1510E-08 1.5844E-08 2.1056E-08 2.7018E-08 3.3484E-08 4.0060E-08 4.6300E-08 5.1751E-08 5.5996E-08 5.8757E-08 5.9871E-08 5.9346E-08 5.7301E-08 5.3947E-08 4.9534E-08 4.4332E-08 3.8602E-08 3.2613E-08 2.6641E-08 2.0951E-08 1.5783E-08 1.1316E-08 7.6792E-09 4.8814E-09 2.8732E-09 1.5404E-09 7.6745E-10 3.2553E-10 8.6217E-11 0.0000E+00 0.0000E+00 0.0000E+00 0.0000E+00 0.0000E+00 0.0000E+00 0.0000E+00 0.0000E+00 0.0000E+00 0.0000E+00 0.0000E+00
0.0000E+00 0.0000E+00 6.0508E-13 3.1792E-12 8.7742E-12 1.8064E-11 3.1060E-11 5.2045E-11 9.2153E-11 1.8620E-10 3.8379E-10 7.0089E-10 1.2127E-09 1.9985E-09 3.1990E-09 4.9558E-09 7.4518E-09 1.0767E-08 1.5021E-08 2.0177E-08 2.6122E-08 3.2618E-08 3.9249E-08 4.5539E-08 5.1010E-08 5.5230E-08 5.7934E-08 5.9000E-08 5.8455E-08 5.6467E-08 5.3235E-08 4.9005E-08 4.4006E-08 3.8458E-08 3.2592E-08 2.6671E-08 2.0965E-08 1.5734E-08 1.1192E-08 7.4930E-09 4.6739E-09 2.6838E-09 1.4480E-09 6.9657E-10 2.6898E-10 5.9069E-11 0.0000E+00 0.0000E+00 0.0000E+00 0.0000E+00 0.0000E+00 0.0000E+00 0.0000E+00 0.0000E+00 0.0000E+00 0.0000E+00 0.0000E+00
0.0000E+00 0.0000E+00 0.0000E+00 4.2906E-13 2.7370E-12 7.5209E-12 1.6431E-11 2.9855E-11 5.3674E-11 1.2288E-10 2.8231E-10 5.4569E-10 9.9506E-10 1.7105E-09 2.7965E-09 4.4216E-09 6.7945E-09 9.9797E-09 1.4118E-08 1.9208E-08 2.5114E-08 3.1601E-08 3.8250E-08 4.4550E-08 5.0029E-08 5.4231E-08 5.6907E-08 5.7956E-08 5.7454E-08 5.5570E-08 5.2522E-08 4.8526E-08 4.3767E-08 3.8438E-08 3.2733E-08 2.6871E-08 2.1146E-08 1.5819E-08 1.1183E-08 7.4065E-09 4.5308E-09 2.6076E-09 1.3701E-09 6.2299E-10 2.2502E-10 4.4598E-11 0.0000E+00 0.0000E+00 0.0000E+00 0.0000E+00 0.0000E+00 0.0000E+00 0.0000E+00 0.0000E+00 0.0000E+00 0.0000E+00 0.0000E+00
0.0000E+00 0.0000E+00 0.0000E+00 0.0000E+00 2.2447E-13 2.1210E-12 6.3158E-12 1.4391E-11 2.8037E-11 7.2205E-11 1.9468E-10 4.1481E-10 7.9607E-10 1.4255E-09 2.4052E-09 3.9078E-09 6.1162E-09 9.1466E-09 1.3143E-08 1.8145E-08 2.3987E-08 3.0454E-08 3.7109E-08 4.3420E-08 4.8910E-08 5.3110E-08 5.5763E-08 5.6823E-08 5.6385E-08 5.4650E-08 5.1830E-08 4.8133E-08 4.3676E-08 3.8595E-08 3.3052E-08 2.7241E-08 2.1460E-08 1.6047E-08 1.1279E-08 7.3672E-09 4.5174E-09 2.5468E-09 1.2975E-09 5.6751E-10 1.9175E-10 3.4395E-11 0.0000E+00 0.0000E+00 0.0000E+00 0.0000E+00 0.0000E+00 0.0000E+00 0.0000E+00 0.0000E+00 0.0000E+00 0.0000E+00 0.0000E+00
0.0000E+00 0.0000E+00 0.0000E+00 0.0000E+00 0.0000E+00 6.0378E-14 1.4308E-12 4.9432E-12 1.1833E-11 3.6778E-11 1.2372E-10 2.9885E-10 6.1134E-10 1.1478E-09 2.0277E-09 3.4018E-09 5.4450E-09 8.3183E-09 1.2161E-08 1.7023E-08 2.2796E-08 2.9212E-08 3.5857E-08 4.2164E-08 4.7644E-08 5.1848E-08 5.4515E-08 5.5615E-08 5.5291E-08 5.3750E-08 5.1218E-08 4.7837E-08 4.3726E-08 3.8920E-08 3.3555E-08 2.7812E-08 2.1966E-08 1.6415E-08 1.1445E-08 7.4924E-09 4.5439E-09 2.5150E-09 1.2335E-09 5.1807E-10 1.6344E-10 2.5463E-11 0.0000E+00 0.0000E+00 0.0000E+00 0.0000E+00 0.0000E+00 0.0000E+00 0.0000E+00 0.0000E+00 0.0000E+00 0.0000E+00 0.0000E+00
0.0000E+00 0.0000E+00 0.0000E+00 0.0000E+00 0.0000E+00 0.0000E+00 0.0000E+00 7.5314E-13 3.4689E-12 1.1265E-11 6.1352E-11 1.9789E-10 4.5675E-10 9.0710E-10 1.6688E-09 2.9139E-09 4.7859E-09 7.4923E-09 1.1159E-08 1.5871E-08 2.1552E-08 2.7913E-08 3.4528E-08 4.0843E-08 4.6315E-08 5.0538E-08 5.3243E-08 5.4403E-08 5.4237E-08 5.2920E-08 5.0693E-08 4.7670E-08 4.3913E-08 3.9435E-08 3.4271E-08 2.8577E-08 2.2671E-08 1.6886E-08 1.1817E-08 7.6851E-09 4.5921E-09 2.4780E-09 1.1797E-09 4.8123E-10 1.5256E-10 1.9731E-11 0.0000E+00 0.0000E+00 0.0000E+00 0.0000E+00 0.0000E+00 0.0000E+00 0.0000E+00 0.0000E+00 0.0000E+00 0.0000E+00 0.0000E+00
0.0000E+00 0.0000E+00 0.0000E+00 0.0000E+00 0.0000E+00 0.0000E+00 0.0000E+00 0.0000E+00 1.8194E-13 1.9876E-12 2.6001E-11 1.1749E-10 3.2587E-10 7.0136E-10 1.3404E-09 2.4596E-09 4.1576E-09 6.6763E-09 1.0163E-08 1.4713E-08 2.0274E-08 2.6560E-08 3.3125E-08 3.9449E-08 4.4923E-08 4.9163E-08 5.1939E-08 5.3208E-08 5.3217E-08 5.2166E-08 5.0272E-08 4.7655E-08 4.4293E-08 4.0150E-08 3.5197E-08 2.9555E-08 2.3506E-08 1.7575E-08 1.2284E-08 7.9183E-09 4.6356E-09 2.4395E-09 1.1377E-09 4.5194E-10 1.3514E-10 1.8006E-11 0.0000E+00 0.0000E+00 0.0000E+00 0.0000E+00 0.0000E+00 0.0000E+00 0.0000E+00 0.0000E+00 0.0000E+00 0.0000E+00 0.0000E+00
0.0000E+00 0.0000E+00 0.0000E+00 0.0000E+00 0.0000E+00 0.0000E+00 0.0000E+00 0.0000E+00 0.0000E+00 0.0000E+00 5.5059E-12 5.2141E-11 2.0879E-10 5.1830E-10 1.0703E-09 2.0472E-09 3.5773E-09 5.8838E-09 9.1826E-09 1.3542E-08 1.8945E-08 2.5141E-08 3.1666E-08 3.7980E-08 4.3494E-08 4.7779E-08 5.0664E-08 5.2060E-08 5.2285E-08 5.1506E-08 4.9959E-08 4.7772E-08 4.4852E-08 4.1100E-08 3.6398E-08 3.0782E-08 2.4582E-08 1.8423E-08 1.2770E-08 8.1156E-09 4.6723E-09 2.4131E-09 1.1050E-09 4.2207E-10 1.1478E-10 1.9034E-11 0.0000E+00 0.0000E+00 0.0000E+00 0.0000E+00 0.0000E+00 0.0000E+00 0.0000E+00 0.0000E+00 0.0000E+00 0.0000E+00 0.0000E+00
0.0000E+00 0.0000E+00 0.0000E+00 0.0000E+00 0.0000E+00 0.0000E+00 0.0000E+00 0.0000E+00 0.0000E+00 0.0000E+00 0.0000E+00 1.9994E-11 1.2345E-10 3.6252E-10 8.3743E-10 1.6635E-09 3.0289E-09 5.1316E-09 8.1990E-09 1.2365E-08 1.7572E-08 2.3656E-08 3.0117E-08 3.6420E-08 4.2004E-08 4.6396E-08 4.9399E-08 5.1001E-08 5.1451E-08 5.0986E-08 4.9830E-08 4.8084E-08 4.5649E-08 4.2332E-08 3.7881E-08 3.2235E-08 2.5871E-08 1.9313E-08 1.3248E-08 8.2599E-09 4.6545E-09 2.3510E-09 1.0450E-09 3.9172E-10 1.1211E-10 2.5133E-11 0.0000E+00 0.0000E+00 0.0000E+00 0.0000E+00 0.0000E+00 0.0000E+00 0.0000E+00 0.0000E+00 0.0000E+00 0.0000E+00 0.0000E+00
0.0000E+00 0.0000E+00 0.0000E+00 0.0000E+00 0.0000E+00 0.0000E+00 0.0000E+00 0.0000E+00 0.0000E+00 0.0000E+00 0.0000E+00 4.7987E-12 5.6113E-11 2.3278E-10 6.2864E-10 1.3215E-09 2.5284E-09 4.4170E-09 7.2309E-09 1.1150E-08 1.6149E-08 2.2059E-08 2.8464E-08 3.4775E-08 4.0453E-08 4.4997E-08 4.8181E-08 5.0009E-08 5.0728E-08 5.0572E-08 4.9831E-08 4.8609E-08 4.6783E-08 4.3946E-08 3.9698E-08 3.4064E-08 2.7304E-08 2.0186E-08 1.3615E-08 8.3100E-09 4.5789E-09 2.2475E-09 9.7369E-10 3.4150E-10 9.9395E-11 2.3072E-11 0.0000E+00 0.0000E+00 0.0000E+00 0.0000E+00 0.0000E+00 0.0000E+00 0.0000E+00 0.0000E+00 0.0000E+00 0.0000E+00 0.0000E+00
0.0000E+00 0.0000E+00 0.0000E+00 0.0000E+00 0.0000E+00 0.0000E+00 0.0000E+00 0.0000E+00 0.0000E+00 0.0000E+00 0.0000E+00 0.0000E+00 2.2318E-11 1.3838E-10 4.5814E-10 1.0197E-09 2.0536E-09 3.7348E-09 6.2817E-09 9.9151E-09 1.4670E-08 2.0377E-08 2.6720E-08 3.3073E-08 3.8888E-08 4.3665E-08 4.7077E-08 4.9142E-08 5.0166E-08 5.0384E-08 5.0118E-08 4.9512E-08 4.8314E-08 4.6047E-08 4.2067E-08 3.6202E-08 2.8838E-08 2.0970E-08 1.3814E-08 8.1788E-09 4.3301E-09 2.0442E-09 8.4739E-10 2.9823E-10 9.1052E-11 1.7330E-11 0.0000E+00 0.0000E+00 0.0000E+00 0.0000E+00 0.0000E+00 0.0000E+00 0.0000E+00 0.0000E+00 0.0000E+00 0.0000E+00 0.0000E+00
0.0000E+00 0.0000E+00 0.0000E+00 0.0000E+00 0.0000E+00 0.0000E+00 0.0000E+00 0.0000E+00 0.0000E+00 0.0000E+00 0.0000E+00 0.0000E+00 5.2629E-12 6.9742E-11 3.1286E-10 7.6956E-10 1.6283E-09 3.0861E-09 5.3576E-09 8.6708E-09 1.3144E-08 1.8648E-08 2.4873E-08 3.1304E-08 3.7281E-08 4.2356E-08 4.6062E-08 4.8461E-08 4.9738E-08 5.0372E-08 5.0625E-08 5.0774E-08 5.0438E-08 4.8809E-08 4.4948E-08 3.8568E-08 3.0287E-08 2.1497E-08 1.3702E-08 7.8044E-09 3.9600E-09 1.7832E-09 6.9158E-10 2.3872E-10 6.9880E-11 0.0000E+00 0.0000E+00 0.0000E+00 0.0000E+00 0.0000E+00 0.0000E+00 0.0000E+00 0.0000E+00 0.0000E+00 0.0000E+00 0.0000E+00 0.0000E+00
0.0000E+00 0.0000E+00 0.0000E+00 0.0000E+00 0.0000E+00 0.0000E+00 0.0000E+00 0.0000E+00 0.0000E+00 0.0000E+00 0.0000E+00 0.0000E+00 0.0000E+00 2.7409E-11 1.9684E-10 5.5337E-10 1.2386E-09 2.4626E-09 4.4575E-09 7.4328E-09 1.1595E-08 1.6881E-08 2.3010E-08 2.9521E-08 3.5745E-08 4.1122E-08 4.5191E-08 4.7926E-08 4.9593E-08 5.0676E-08 5.1629E-08 5.2676E-08 5.3311E-08 5.2282E-08 4.8317E-08 4.1033E-08 3.1479E-08 2.1619E-08 1.3188E-08 7.1172E-09 3.4286E-09 1.4707E-09 5.5223E-10 1.8088E-10 7.9891E-12 0.0000E+00 0.0000E+00 0.0000E+00 0.0000E+00 0.0000E+00 0.0000E+00 0.0000E+00 0.0000E+00 0.0000E+00 0.0000E+00 0.0000E+00 0.0000E+00
0.0000E+00 0.0000E+00 0.0000E+00 0.0000E+00 0.0000E+00 0.0000E+00 0.0000E+00 0.0000E+00 0.0000E+00 0.0000E+00 0.0000E+00 0.0000E+00 0.0000E+00 8.7494E-12 1.0695E-10 3.7914E-10 9.1464E-10 1.9120E-09 3.6036E-09 6.2246E-09 1.0040E-08 1.5071E-08 2.1096E-08 2.7719E-08 3.4269E-08 4.0037E-08 4.4537E-08 4.7624E-08 4.9640E-08 5.1301E-08 5.3121E-08 5.5338E-08 5.7080E-08 5.6501E-08 5.2036E-08 4.3341E-08 3.2170E-08 2.1084E-08 1.2191E-08 6.2227E-09 2.8165E-09 1.1327E-09 3.7965E-10 9.1474E-11 0.0000E+00 0.0000E+00 0.0000E+00 0.0000E+00 0.0000E+00 0.0000E+00 0.0000E+00 0.0000E+00 0.0000E+00 0.0000E+00 0.0000E+00 0.0000E+00 0.0000E+00
