Assets/Resources/2015_m01_d17_1000(utc+0800)_l00_csi_1hr_conc.grd
DSAA
         159         159
     -79.000      79.000
     -79.000      79.000
  0.0000E+00  0.1304E-05
[rows 50 to 74 of 159, columns 57 to 113 of 159]
1.5184E-08 1.6619E-08 1.8014E-08 1.9328E-08 2.0522E-08 2.1548E-08 2.2405E-08 2.3063E-08 2.3500E-08 2.3725E-08 2.3742E-08 2.3558E-08 2.3199E-08 2.2668E-08 2.2015E-08 2.1246E-08 2.0389E-08 1.9471E-08 1.8510E-08 1.7540E-08 1.6510E-08 1.5566E-08 1.4658E-08 1.3767E-08 1.2905E-08 1.2080E-08 1.1297E-08 1.0564E-08 9.8662E-09 9.2044E-09 8.5871E-09 7.9971E-09 7.4390E-09 6.9377E-09 6.4732E-09 6.0577E-09 5.6651E-09 5.2916E-09 4.9298E-09 4.5797E-09 4.2409E-09 3.9151E-09 3.6045E-09 3.3100E-09 3.0331E-09 2.7724E-09 2.5264E-09 2.2977E-09 2.0825E-09 1.8814E-09 1.6943E-09 1.5287E-09 1.3667E-09 1.2221E-09 1.0895E-09 9.6760E-10 8.5824E-10
1.6673E-08 1.8374E-08 2.0001E-08 2.1512E-08 2.2878E-08 2.4056E-08 2.5022E-08 2.5716E-08 2.6141E-08 2.6313E-08 2.6226E-08 2.5902E-08 2.5387E-08 2.4675E-08 2.3802E-08 2.2821E-08 2.1772E-08 2.0656E-08 1.9486E-08 1.8355E-08 1.7203E-08 1.6038E-08 1.5013E-08 1.4031E-08 1.3089E-08 1.2190E-08 1.1344E-08 1.0551E-08 9.8028E-09 9.1021E-09 8.4528E-09 7.8404E-09 7.2612E-09 6.7490E-09 6.2735E-09 5.8535E-09 5.4675E-09 5.0979E-09 4.7416E-09 4.3988E-09 4.0681E-09 3.7513E-09 3.4500E-09 3.1644E-09 2.8966E-09 2.6456E-09 2.4091E-09 2.1856E-09 1.9805E-09 1.7880E-09 1.6091E-09 1.4447E-09 1.2953E-09 1.1581E-09 1.0314E-09 9.1638E-10 8.1212E-10
1.8426E-08 2.0426E-08 2.2352E-08 2.4141E-08 2.5732E-08 2.7089E-08 2.8142E-08 2.8894E-08 2.9323E-08 2.9417E-08 2.9204E-08 2.8712E-08 2.7956E-08 2.7004E-08 2.5878E-08 2.4629E-08 2.3318E-08 2.1957E-08 2.0581E-08 1.9224E-08 1.7906E-08 1.6596E-08 1.5342E-08 1.4270E-08 1.3242E-08 1.2271E-08 1.1362E-08 1.0516E-08 9.7162E-09 8.9723E-09 8.2937E-09 7.6677E-09 7.0645E-09 6.5421E-09 6.0668E-09 5.6372E-09 5.2597E-09 4.8960E-09 4.5463E-09 4.2116E-09 3.8902E-09 3.5830E-09 3.2917E-09 3.0163E-09 2.7579E-09 2.5162E-09 2.2882E-09 2.0739E-09 1.8756E-09 1.6941E-09 1.5234E-09 1.3670E-09 1.2249E-09 1.0941E-09 9.7568E-10 8.6479E-10 7.6641E-10
2.0498E-08 2.2808E-08 2.5094E-08 2.7249E-08 2.9151E-08 3.0724E-08 3.1947E-08 3.2777E-08 3.3187E-08 3.3193E-08 3.2817E-08 3.2086E-08 3.1064E-08 2.9782E-08 2.8325E-08 2.6747E-08 2.5086E-08 2.3409E-08 2.1766E-08 2.0149E-08 1.8639E-08 1.7199E-08 1.5738E-08 1.4473E-08 1.3365E-08 1.2319E-08 1.1346E-08 1.0447E-08 9.6042E-09 8.8209E-09 8.1139E-09 7.4729E-09 6.8626E-09 6.3224E-09 5.8435E-09 5.4274E-09 5.0430E-09 4.6866E-09 4.3453E-09 4.0196E-09 3.7081E-09 3.4115E-09 3.1310E-09 2.8655E-09 2.6157E-09 2.3831E-09 2.1667E-09 1.9620E-09 1.7727E-09 1.5999E-09 1.4384E-09 1.2894E-09 1.1545E-09 1.0315E-09 9.1768E-10 8.1432E-10 7.2093E-10
2.2905E-08 2.5621E-08 2.8292E-08 3.0816E-08 3.3079E-08 3.4991E-08 3.6453E-08 3.7405E-08 3.7836E-08 3.7741E-08 3.7152E-08 3.6153E-08 3.4795E-08 3.3119E-08 3.1224E-08 2.9216E-08 2.7143E-08 2.5079E-08 2.3091E-08 2.1175E-08 1.9373E-08 1.7745E-08 1.6204E-08 1.4680E-08 1.3445E-08 1.2330E-08 1.1294E-08 1.0347E-08 9.4654E-09 8.6494E-09 7.9177E-09 7.2630E-09 6.6445E-09 6.1045E-09 5.6136E-09 5.2048E-09 4.8184E-09 4.4711E-09 4.1396E-09 3.8243E-09 3.5233E-09 3.2372E-09 2.9667E-09 2.7117E-09 2.4735E-09 2.2514E-09 2.0444E-09 1.8502E-09 1.6708E-09 1.5062E-09 1.3538E-09 1.2130E-09 1.0855E-09 9.6909E-10 8.6249E-10 7.6465E-10 6.7641E-10
2.5767E-08 2.8966E-08 3.2093E-08 3.5022E-08 3.7703E-08 4.0011E-08 4.1755E-08 4.2920E-08 4.3422E-08 4.3227E-08 4.2402E-08 4.1058E-08 3.9259E-08 3.7103E-08 3.4689E-08 3.2131E-08 2.9536E-08 2.6986E-08 2.4569E-08 2.2308E-08 2.0195E-08 1.8286E-08 1.6580E-08 1.4980E-08 1.3487E-08 1.2294E-08 1.1205E-08 1.0211E-08 9.2975E-09 8.4574E-09 7.7089E-09 7.0387E-09 6.4122E-09 5.8764E-09 5.3786E-09 4.9687E-09 4.5937E-09 4.2507E-09 3.9303E-09 3.6257E-09 3.3350E-09 3.0600E-09 2.8021E-09 2.5587E-09 2.3308E-09 2.1202E-09 1.9236E-09 1.7398E-09 1.5698E-09 1.4139E-09 1.2706E-09 1.1376E-09 1.0179E-09 9.0825E-10 8.0759E-10 7.1576E-10 6.3269E-10
2.9041E-08 3.2791E-08 3.6448E-08 3.9934E-08 4.3051E-08 4.5758E-08 4.7891E-08 4.9271E-08 4.9895E-08 4.9682E-08 4.8633E-08 4.6885E-08 4.4552E-08 4.1792E-08 3.8751E-08 3.5534E-08 3.2315E-08 2.9183E-08 2.6225E-08 2.3538E-08 2.1088E-08 1.8866E-08 1.6921E-08 1.5176E-08 1.3573E-08 1.2208E-08 1.1073E-08 1.0048E-08 9.1004E-09 8.2375E-09 7.4778E-09 6.8006E-09 6.1636E-09 5.6291E-09 5.1431E-09 4.7268E-09 4.3615E-09 4.0259E-09 3.7165E-09 3.4236E-09 3.1464E-09 2.8838E-09 2.6374E-09 2.4059E-09 2.1899E-09 1.9907E-09 1.8035E-09 1.6307E-09 1.4707E-09 1.3237E-09 1.1887E-09 1.0640E-09 9.5147E-10 8.4828E-10 7.5422E-10 6.6784E-10 5.8992E-10
3.2753E-08 3.7150E-08 4.1490E-08 4.5580E-08 4.9249E-08 5.2390E-08 5.4840E-08 5.6487E-08 5.7221E-08 5.6989E-08 5.5773E-08 5.3647E-08 5.0728E-08 4.7246E-08 4.3445E-08 3.9454E-08 3.5472E-08 3.1662E-08 2.8096E-08 2.4860E-08 2.1998E-08 1.9462E-08 1.7238E-08 1.5307E-08 1.3605E-08 1.2106E-08 1.0889E-08 9.8345E-09 8.8720E-09 7.9883E-09 7.2192E-09 6.5386E-09 5.8997E-09 5.3688E-09 4.8900E-09 4.4770E-09 4.1229E-09 3.7988E-09 3.5010E-09 3.2214E-09 2.9574E-09 2.7087E-09 2.4749E-09 2.2558E-09 2.0505E-09 1.8630E-09 1.6868E-09 1.5231E-09 1.3733E-09 1.2357E-09 1.1084E-09 9.9185E-10 8.8656E-10 7.8990E-10 7.0158E-10 6.2113E-10 5.4817E-10
3.6849E-08 4.2032E-08 4.7127E-08 5.1920E-08 5.6208E-08 5.9808E-08 6.2609E-08 6.4507E-08 6.5331E-08 6.5004E-08 6.3626E-08 6.1105E-08 5.7620E-08 5.3399E-08 4.8699E-08 4.3843E-08 3.8992E-08 3.4366E-08 3.0099E-08 2.6262E-08 2.2910E-08 1.9999E-08 1.7505E-08 1.5365E-08 1.3542E-08 1.1970E-08 1.0648E-08 9.5697E-09 8.5942E-09 7.7016E-09 6.9295E-09 6.2509E-09 5.6199E-09 5.0962E-09 4.6255E-09 4.2289E-09 3.8817E-09 3.5705E-09 3.2860E-09 3.0210E-09 2.7705E-09 2.5341E-09 2.3140E-09 2.1076E-09 1.9146E-09 1.7374E-09 1.5725E-09 1.4187E-09 1.2786E-09 1.1497E-09 1.0302E-09 9.2170E-10 8.2340E-10 7.3313E-10 6.5069E-10 5.7573E-10 5.0770E-10
4.1234E-08 4.7291E-08 5.3228E-08 5.8801E-08 6.3761E-08 6.7910E-08 7.1097E-08 7.3155E-08 7.4038E-08 7.3640E-08 7.1917E-08 6.8986E-08 6.4925E-08 5.9956E-08 5.4343E-08 4.8489E-08 4.2690E-08 3.7165E-08 3.2119E-08 2.7621E-08 2.3730E-08 2.0446E-08 1.7678E-08 1.5339E-08 1.3387E-08 1.1750E-08 1.0361E-08 9.2385E-09 8.2630E-09 7.3776E-09 6.6098E-09 5.9371E-09 5.3207E-09 4.8120E-09 4.3537E-09 3.9745E-09 3.6386E-09 3.3421E-09 3.0738E-09 2.8221E-09 2.5855E-09 2.3643E-09 2.1567E-09 1.9617E-09 1.7812E-09 1.6159E-09 1.4613E-09 1.3170E-09 1.1865E-09 1.0661E-09 9.5451E-10 8.5372E-10 7.6226E-10 6.7840E-10 6.0096E-10 5.3191E-10 4.6862E-10
4.5676E-08 5.2598E-08 5.9419E-08 6.5824E-08 7.1511E-08 7.6285E-08 7.9897E-08 8.2212E-08 8.3129E-08 8.2503E-08 8.0391E-08 7.6968E-08 7.2246E-08 6.6466E-08 5.9985E-08 5.3143E-08 4.6325E-08 3.9867E-08 3.3988E-08 2.8835E-08 2.4416E-08 2.0728E-08 1.7706E-08 1.5198E-08 1.3129E-08 1.1433E-08 1.0009E-08 8.8501E-09 7.8817E-09 7.0115E-09 6.2631E-09 5.6035E-09 5.0042E-09 4.5166E-09 4.0793E-09 3.7160E-09 3.3962E-09 3.1164E-09 2.8627E-09 2.6262E-09 2.4044E-09 2.1963E-09 2.0022E-09 1.8203E-09 1.6517E-09 1.4971E-09 1.3529E-09 1.2187E-09 1.0968E-09 9.8521E-10 8.8136E-10 7.8763E-10 7.0333E-10 6.2525E-10 5.5368E-10 4.8950E-10 4.3107E-10
5.0037E-08 5.7822E-08 6.5479E-08 7.2647E-08 7.9032E-08 8.4348E-08 8.8359E-08 9.0865E-08 9.1800E-08 9.1029E-08 8.8517E-08 8.4416E-08 7.8975E-08 7.2426E-08 6.5053E-08 5.7308E-08 4.9564E-08 4.2222E-08 3.5564E-08 2.9768E-08 2.4877E-08 2.0827E-08 1.7553E-08 1.4896E-08 1.2732E-08 1.0992E-08 9.5613E-09 8.3982E-09 7.4484E-09 6.6095E-09 5.8862E-09 5.2545E-09 4.6800E-09 4.2156E-09 3.8039E-09 3.4585E-09 3.1566E-09 2.8938E-09 2.6554E-09 2.4340E-09 2.2262E-09 2.0328E-09 1.8515E-09 1.6820E-09 1.5257E-09 1.3819E-09 1.2476E-09 1.1236E-09 1.0108E-09 9.0705E-10 8.1110E-10 7.2444E-10 6.4675E-10 5.7443E-10 5.0834E-10 4.4934E-10 3.9478E-10
5.4213E-08 6.2821E-08 7.1224E-08 7.9085E-08 8.6029E-08 9.1707E-08 9.5899E-08 9.8414E-08 9.9260E-08 9.8110E-08 9.5186E-08 9.0480E-08 8.4355E-08 7.7088E-08 6.9012E-08 6.0532E-08 5.2055E-08 4.4007E-08 3.6710E-08 3.0366E-08 2.5055E-08 2.0701E-08 1.7214E-08 1.4425E-08 1.2191E-08 1.0434E-08 9.0162E-09 7.8750E-09 6.9565E-09 6.1538E-09 5.4743E-09 4.8824E-09 4.3487E-09 3.9151E-09 3.5270E-09 3.2023E-09 2.9207E-09 2.6756E-09 2.4535E-09 2.2466E-09 2.0530E-09 1.8731E-09 1.7047E-09 1.5475E-09 1.4028E-09 1.2703E-09 1.1460E-09 1.0317E-09 9.2791E-10 8.3223E-10 7.4394E-10 6.6427E-10 5.9261E-10 5.2588E-10 4.6501E-10 4.0999E-10 3.6044E-10
5.8026E-08 6.7460E-08 7.6689E-08 8.5215E-08 9.2552E-08 9.8393E-08 1.0248E-07 1.0463E-07 1.0475E-07 1.0311E-07 9.9491E-08 9.4161E-08 8.7400E-08 7.9589E-08 7.1036E-08 6.2138E-08 5.3273E-08 4.4843E-08 3.7183E-08 3.0491E-08 2.4881E-08 2.0321E-08 1.6689E-08 1.3829E-08 1.1543E-08 9.7736E-09 8.3897E-09 7.2838E-09 6.4152E-09 5.6661E-09 5.0352E-09 4.4910E-09 4.0079E-09 3.6095E-09 3.2547E-09 2.9513E-09 2.6907E-09 2.4632E-09 2.2568E-09 2.0644E-09 1.8853E-09 1.7184E-09 1.5621E-09 1.4168E-09 1.2843E-09 1.1622E-09 1.0480E-09 9.4372E-10 8.4856E-10 7.6035E-10 6.7992E-10 6.0705E-10 5.4060E-10 4.7973E-10 4.2390E-10 3.7342E-10 3.2761E-10
6.1100E-08 7.1501E-08 8.1569E-08 9.0757E-08 9.8508E-08 1.0440E-07 1.0805E-07 1.0947E-07 1.0871E-07 1.0584E-07 1.0129E-07 9.5052E-08 8.7625E-08 7.9382E-08 7.0606E-08 6.1590E-08 5.2692E-08 4.4249E-08 3.6585E-08 2.9880E-08 2.4221E-08 1.9608E-08 1.5944E-08 1.3076E-08 1.0837E-08 9.0611E-09 7.7007E-09 6.6458E-09 5.8412E-09 5.1639E-09 4.5862E-09 4.0892E-09 3.6572E-09 3.2995E-09 2.9805E-09 2.7053E-09 2.4670E-09 2.2575E-09 2.0667E-09 1.8888E-09 1.7234E-09 1.5692E-09 1.4249E-09 1.2916E-09 1.1701E-09 1.0581E-09 9.5350E-10 8.5904E-10 7.7279E-10 6.9183E-10 6.1876E-10 5.5277E-10 4.9159E-10 4.3547E-10 3.8472E-10 3.3870E-10 2.9482E-10
6.3121E-08 7.4420E-08 8.5414E-08 9.5385E-08 1.0358E-07 1.0949E-07 1.1265E-07 1.1312E-07 1.1093E-07 1.0663E-07 1.0058E-07 9.3424E-08 8.5318E-08 7.6660E-08 6.7827E-08 5.8975E-08 5.0327E-08 4.2192E-08 3.4823E-08 2.8394E-08 2.2958E-08 1.8510E-08 1.4962E-08 1.2186E-08 1.0027E-08 8.3523E-09 7.0162E-09 6.0162E-09 5.2817E-09 4.6715E-09 4.1526E-09 3.7020E-09 3.3100E-09 2.9877E-09 2.7119E-09 2.4671E-09 2.2509E-09 2.0595E-09 1.8843E-09 1.7203E-09 1.5683E-09 1.4262E-09 1.2937E-09 1.1725E-09 1.0612E-09 9.5853E-10 8.6370E-10 7.7837E-10 6.9986E-10 6.2679E-10 5.6058E-10 5.0123E-10 4.4542E-10 3.9409E-10 3.4812E-10 3.0414E-10 2.6311E-10
6.3533E-08 7.5717E-08 8.7687E-08 9.8485E-08 1.0745E-07 1.1345E-07 1.1622E-07 1.1565E-07 1.1187E-07 1.0576E-07 9.7925E-08 8.9389E-08 8.0599E-08 7.1834E-08 6.3102E-08 5.4639E-08 4.6477E-08 3.8883E-08 3.2045E-08 2.6103E-08 2.1092E-08 1.6992E-08 1.3707E-08 1.1119E-08 9.1107E-09 7.5694E-09 6.3793E-09 5.4097E-09 4.7448E-09 4.2018E-09 3.7364E-09 3.3348E-09 2.9891E-09 2.7055E-09 2.4583E-09 2.2370E-09 2.0423E-09 1.8694E-09 1.7094E-09 1.5598E-09 1.4205E-09 1.2901E-09 1.1692E-09 1.0592E-09 9.5810E-10 8.6420E-10 7.7858E-10 7.0142E-10 6.3038E-10 5.6475E-10 5.0596E-10 4.5169E-10 4.0188E-10 3.5545E-10 3.1319E-10 2.7046E-10 2.3214E-10
6.2221E-08 7.4976E-08 8.7737E-08 9.9589E-08 1.0937E-07 1.1611E-07 1.1902E-07 1.1744E-07 1.1211E-07 1.0368E-07 9.3728E-08 8.3250E-08 7.3993E-08 6.5197E-08 5.6947E-08 4.9145E-08 4.1671E-08 3.4751E-08 2.8563E-08 2.3214E-08 1.8731E-08 1.5073E-08 1.2155E-08 9.8711E-09 8.1017E-09 6.7429E-09 5.6880E-09 4.8685E-09 4.2265E-09 3.7517E-09 3.3424E-09 2.9951E-09 2.6953E-09 2.4383E-09 2.2144E-09 2.0164E-09 1.8427E-09 1.6867E-09 1.5421E-09 1.4073E-09 1.2805E-09 1.1614E-09 1.0518E-09 9.5163E-10 8.6038E-10 7.7540E-10 6.9880E-10 6.2910E-10 5.6450E-10 5.0583E-10 4.5397E-10 4.0525E-10 3.5982E-10 3.1860E-10 2.7615E-10 2.3816E-10 2.0227E-10
5.8845E-08 7.1804E-08 8.5133E-08 9.7843E-08 1.0891E-07 1.1696E-07 1.2063E-07 1.1915E-07 1.1246E-07 1.0184E-07 8.9157E-08 7.6628E-08 6.5516E-08 5.6929E-08 4.9390E-08 4.2505E-08 3.6004E-08 2.9987E-08 2.4614E-08 1.9972E-08 1.6089E-08 1.2935E-08 1.0441E-08 8.4984E-09 7.0070E-09 5.8657E-09 4.9780E-09 4.2848E-09 3.7582E-09 3.3272E-09 2.9892E-09 2.6876E-09 2.4187E-09 2.1880E-09 1.9849E-09 1.8070E-09 1.6530E-09 1.5132E-09 1.3828E-09 1.2614E-09 1.1474E-09 1.0402E-09 9.4192E-10 8.5194E-10 7.6853E-10 6.9259E-10 6.2416E-10 5.6090E-10 5.0319E-10 4.5139E-10 4.0434E-10 3.6128E-10 3.2073E-10 2.7933E-10 2.4216E-10 2.0700E-10 1.7586E-10
5.3427E-08 6.6022E-08 7.9350E-08 9.2894E-08 1.0523E-07 1.1521E-07 1.2089E-07 1.2081E-07 1.1428E-07 1.0193E-07 8.6347E-08 7.0498E-08 5.7434E-08 4.7602E-08 4.0855E-08 3.5061E-08 2.9712E-08 2.4770E-08 2.0347E-08 1.6535E-08 1.3355E-08 1.0775E-08 8.7358E-09 7.1505E-09 5.9373E-09 5.0078E-09 4.2894E-09 3.7293E-09 3.2977E-09 2.9520E-09 2.6580E-09 2.3947E-09 2.1588E-09 1.9546E-09 1.7735E-09 1.6148E-09 1.4760E-09 1.3501E-09 1.2331E-09 1.1239E-09 1.0213E-09 9.2572E-10 8.3851E-10 7.5810E-10 6.8354E-10 6.1544E-10 5.5451E-10 4.9827E-10 4.4665E-10 4.0095E-10 3.5858E-10 3.1918E-10 2.7864E-10 2.4249E-10 2.0911E-10 1.7618E-10 1.4656E-10
4.5917E-08 5.7461E-08 7.0454E-08 8.3955E-08 9.7473E-08 1.0954E-07 1.1811E-07 1.2156E-07 1.1744E-07 1.0592E-07 8.8365E-08 6.8752E-08 5.2083E-08 3.9975E-08 3.2250E-08 2.7472E-08 2.3328E-08 1.9532E-08 1.6129E-08 1.3192E-08 1.0742E-08 8.7498E-09 7.1656E-09 5.9256E-09 4.9686E-09 4.2299E-09 3.6604E-09 3.2318E-09 2.8841E-09 2.5914E-09 2.3395E-09 2.1138E-09 1.9129E-09 1.7362E-09 1.5779E-09 1.4395E-09 1.3147E-09 1.2000E-09 1.0940E-09 9.9542E-10 9.0393E-10 8.1914E-10 7.4162E-10 6.7052E-10 6.0434E-10 5.4472E-10 4.8963E-10 4.3919E-10 3.9464E-10 3.5355E-10 3.1551E-10 2.7664E-10 2.3966E-10 2.0744E-10 1.7731E-10 1.4716E-10 1.2117E-10
3.6760E-08 4.6772E-08 5.8241E-08 7.1050E-08 8.4764E-08 9.8170E-08 1.1018E-07 1.1799E-07 1.1945E-07 1.1278E-07 9.6838E-08 7.6125E-08 5.4405E-08 3.7293E-08 2.6571E-08 2.0731E-08 1.7628E-08 1.4882E-08 1.2414E-08 1.0268E-08 8.4644E-09 6.9946E-09 5.8143E-09 4.8787E-09 4.1431E-09 3.5759E-09 3.1317E-09 2.7792E-09 2.4902E-09 2.2492E-09 2.0386E-09 1.8488E-09 1.6808E-09 1.5312E-09 1.3970E-09 1.2774E-09 1.1664E-09 1.0632E-09 9.6733E-10 8.7763E-10 7.9501E-10 7.2045E-10 6.5220E-10 5.8848E-10 5.3115E-10 4.7875E-10 4.3031E-10 3.8618E-10 3.4669E-10 3.1051E-10 2.7162E-10 2.3491E-10 2.0202E-10 1.7391E-10 1.4446E-10 1.2051E-10 9.9901E-11
2.7288E-08 3.5082E-08 4.4347E-08 5.5178E-08 6.7428E-08 8.0764E-08 9.4318E-08 1.0639E-07 1.1497E-07 1.1637E-07 1.0940E-07 9.3105E-08 7.0142E-08 4.6235E-08 2.8386E-08 1.7635E-08 1.3202E-08 1.1181E-08 9.4511E-09 7.9393E-09 6.6515E-09 5.5844E-09 4.7224E-09 4.0259E-09 3.4733E-09 3.0244E-09 2.6644E-09 2.3706E-09 2.1264E-09 1.9277E-09 1.7563E-09 1.6018E-09 1.4630E-09 1.3398E-09 1.2296E-09 1.1268E-09 1.0297E-09 9.3830E-10 8.5191E-10 7.7136E-10 6.9754E-10 6.3079E-10 5.6995E-10 5.1430E-10 4.6355E-10 4.1791E-10 3.7555E-10 3.3756E-10 2.9956E-10 2.6493E-10 2.2766E-10 1.9531E-10 1.6918E-10 1.4054E-10 1.1702E-10 9.5601E-11 8.1146E-11
1.8642E-08 2.4149E-08 3.0757E-08 3.8828E-08 4.8252E-08 5.9408E-08 7.1816E-08 8.5293E-08 9.8423E-08 1.0928E-07 1.1459E-07 1.1131E-07 9.8032E-08 7.4825E-08 4.7463E-08 2.4599E-08 1.2438E-08 8.3886E-09 7.1643E-09 6.1223E-09 5.2221E-09 4.4611E-09 3.8334E-09 3.3185E-09 2.8987E-09 2.5467E-09 2.2547E-09 2.0089E-09 1.8057E-09 1.6390E-09 1.4962E-09 1.3727E-09 1.2627E-09 1.1632E-09 1.0724E-09 9.8690E-10 9.0385E-10 8.2251E-10 7.4612E-10 6.7476E-10 6.0861E-10 5.4798E-10 4.9368E-10 4.4478E-10 4.0116E-10 3.6140E-10 3.2506E-10 2.8752E-10 2.5287E-10 2.1965E-10 1.8809E-10 1.5805E-10 1.3607E-10 1.1305E-10 9.1724E-11 7.8525E-11 6.5841E-11
1.1937E-08 1.5319E-08 1.9510E-08 2.4569E-08 3.0755E-08 3.8330E-08 4.7488E-08 5.8553E-08 7.1457E-08 8.5177E-08 9.9739E-08 1.1157E-07 1.1847E-07 1.1496E-07 9.5512E-08 6.0886E-08 2.7008E-08 9.1393E-09 5.4025E-09 4.6764E-09 4.0656E-09 3.5389E-09 3.1067E-09 2.7286E-09 2.4045E-09 2.1312E-09 1.8975E-09 1.6964E-09 1.5297E-09 1.3888E-09 1.2691E-09 1.1672E-09 1.0804E-09 1.0017E-09 9.2723E-10 8.5535E-10 7.8445E-10 7.1530E-10 6.4864E-10 5.8576E-10 5.2818E-10 4.7490E-10 4.2601E-10 3.8256E-10 3.4305E-10 3.0570E-10 2.6795E-10 2.3455E-10 2.0333E-10 1.7636E-10 1.5029E-10 1.2712E-10 1.0718E-10 8.9240E-11 7.6430E-11 6.5685E-11 5.5918E-11
