Assets/Resources/2015_m01_d23_0000(utc+0800)_l00_csi_1hr_conc.grd
DSAA
         159         159
     -79.000      79.000
     -79.000      79.000
  0.0000E+00  0.3263E-04
[rows 0 to 24 of 159, columns 0 to 56 of 159]
0.0000E+00 0.0000E+00 0.0000E+00 0.0000E+00 3.3427E-12 8.9616E-12 2.5015E-11 3.8617E-11 5.6525E-11 8.0650E-11 1.0116E-10 1.2239E-10 1.5541E-10 1.9368E-10 2.3580E-10 2.7315E-10 3.1146E-10 3.5250E-10 4.0051E-10 4.5176E-10 5.1023E-10 5.7358E-10 6.4457E-10 7.2212E-10 8.0666E-10 9.0041E-10 1.0015E-09 1.1108E-09 1.2293E-09 1.3579E-09 1.4969E-09 1.6484E-09 1.8098E-09 1.9844E-09 2.1717E-09 2.3703E-09 2.5841E-09 2.8102E-09 3.0491E-09 3.3014E-09 3.5738E-09 3.8540E-09 4.1470E-09 4.4509E-09 4.7709E-09 5.0924E-09 5.4176E-09 5.7429E-09 6.0720E-09 6.3879E-09 6.6936E-09 6.9910E-09 7.2751E-09 7.5427E-09 7.7963E-09 8.0319E-09 8.2495E-09
0.0000E+00 0.0000E+00 0.0000E+00 0.0000E+00 3.3872E-12 1.0678E-11 2.6824E-11 3.9030E-11 5.7724E-11 8.1325E-11 1.0199E-10 1.2792E-10 1.5914E-10 1.9741E-10 2.4027E-10 2.7605E-10 3.1489E-10 3.5760E-10 4.0512E-10 4.5889E-10 5.1663E-10 5.8186E-10 6.5344E-10 7.3234E-10 8.1853E-10 9.1339E-10 1.0165E-09 1.1271E-09 1.2477E-09 1.3788E-09 1.5209E-09 1.6740E-09 1.8388E-09 2.0174E-09 2.2065E-09 2.4109E-09 2.6276E-09 2.8570E-09 3.1031E-09 3.3638E-09 3.6357E-09 3.9214E-09 4.2254E-09 4.5351E-09 4.8550E-09 5.1818E-09 5.5155E-09 5.8501E-09 6.1782E-09 6.4990E-09 6.8144E-09 7.1148E-09 7.4013E-09 7.6729E-09 7.9300E-09 8.1681E-09 8.3884E-09
0.0000E+00 0.0000E+00 0.0000E+00 0.0000E+00 3.4260E-12 1.2391E-11 2.7084E-11 3.9379E-11 5.8783E-11 8.1875E-11 1.0369E-10 1.2883E-10 1.6035E-10 2.0421E-10 2.4233E-10 2.7962E-10 3.1775E-10 3.6199E-10 4.1021E-10 4.6369E-10 5.2304E-10 5.8867E-10 6.6138E-10 7.4106E-10 8.2864E-10 9.2577E-10 1.0294E-09 1.1423E-09 1.2649E-09 1.3982E-09 1.5421E-09 1.6974E-09 1.8663E-09 2.0455E-09 2.2393E-09 2.4465E-09 2.6658E-09 2.9021E-09 3.1530E-09 3.4155E-09 3.6921E-09 3.9882E-09 4.2920E-09 4.6069E-09 4.9321E-09 5.2707E-09 5.6070E-09 5.9434E-09 6.2767E-09 6.6088E-09 6.9247E-09 7.2278E-09 7.5204E-09 7.7979E-09 8.0554E-09 8.2980E-09 8.5214E-09
0.0000E+00 0.0000E+00 0.0000E+00 0.0000E+00 3.4589E-12 1.2499E-11 2.7299E-11 3.9663E-11 5.9135E-11 8.2298E-11 1.0485E-10 1.2952E-10 1.6222E-10 2.0660E-10 2.4397E-10 2.8227E-10 3.2109E-10 3.6474E-10 4.1422E-10 4.6813E-10 5.2808E-10 5.9456E-10 6.6855E-10 7.4920E-10 8.3762E-10 9.3567E-10 1.0410E-09 1.1552E-09 1.2795E-09 1.4142E-09 1.5598E-09 1.7188E-09 1.8884E-09 2.0718E-09 2.2685E-09 2.4771E-09 2.7028E-09 2.9431E-09 3.1952E-09 3.4614E-09 3.7480E-09 4.0433E-09 4.3519E-09 4.6720E-09 5.0085E-09 5.3461E-09 5.6875E-09 6.0304E-09 6.3737E-09 6.7044E-09 7.0245E-09 7.3370E-09 7.6326E-09 7.9109E-09 8.1733E-09 8.4193E-09 8.6447E-09
0.0000E+00 0.0000E+00 0.0000E+00 0.0000E+00 3.4856E-12 1.5720E-11 2.7466E-11 4.1357E-11 6.1427E-11 8.1613E-11 1.0521E-10 1.3000E-10 1.6498E-10 2.0855E-10 2.4515E-10 2.8373E-10 3.2281E-10 3.6812E-10 4.1684E-10 4.7161E-10 5.3231E-10 5.9996E-10 6.7334E-10 7.5584E-10 8.4556E-10 9.4373E-10 1.0507E-09 1.1661E-09 1.2915E-09 1.4281E-09 1.5764E-09 1.7363E-09 1.9084E-09 2.0947E-09 2.2922E-09 2.5066E-09 2.7357E-09 2.9765E-09 3.2315E-09 3.5072E-09 3.7924E-09 4.0920E-09 4.4052E-09 4.7361E-09 5.0713E-09 5.4139E-09 5.7663E-09 6.1129E-09 6.4557E-09 6.7911E-09 7.1207E-09 7.4351E-09 7.7330E-09 8.0160E-09 8.2835E-09 8.5304E-09 8.7607E-09
0.0000E+00 0.0000E+00 0.0000E+00 0.0000E+00 3.5060E-12 1.5800E-11 2.7586E-11 4.1506E-11 6.0190E-11 8.1781E-11 1.0541E-10 1.3026E-10 1.6725E-10 2.0912E-10 2.4588E-10 2.8574E-10 3.2522E-10 3.6973E-10 4.2015E-10 4.7443E-10 5.3561E-10 6.0295E-10 6.7849E-10 7.6102E-10 8.5116E-10 9.5111E-10 1.0585E-09 1.1753E-09 1.3022E-09 1.4405E-09 1.5898E-09 1.7511E-09 1.9263E-09 2.1123E-09 2.3136E-09 2.5323E-09 2.7612E-09 3.0043E-09 3.2682E-09 3.5418E-09 3.8306E-09 4.1357E-09 4.4575E-09 4.7870E-09 5.1267E-09 5.4799E-09 5.8308E-09 6.1818E-09 6.5293E-09 6.8759E-09 7.2054E-09 7.5222E-09 7.8252E-09 8.1137E-09 8.3826E-09 8.6339E-09 8.8673E-09
0.0000E+00 0.0000E+00 0.0000E+00 0.0000E+00 5.1555E-12 1.5852E-11 2.7658E-11 4.3058E-11 5.9184E-11 8.1817E-11 1.0543E-10 1.3031E-10 1.6938E-10 2.1001E-10 2.4716E-10 2.8618E-10 3.2595E-10 3.7049E-10 4.2151E-10 4.7696E-10 5.3767E-10 6.0600E-10 6.8243E-10 7.6400E-10 8.5543E-10 9.5623E-10 1.0647E-09 1.1821E-09 1.3103E-09 1.4492E-09 1.5995E-09 1.7635E-09 1.9384E-09 2.1278E-09 2.3342E-09 2.5507E-09 2.7813E-09 3.0313E-09 3.2938E-09 3.5705E-09 3.8654E-09 4.1755E-09 4.4969E-09 4.8304E-09 5.1802E-09 5.5314E-09 5.8866E-09 6.2467E-09 6.6006E-09 6.9452E-09 7.2790E-09 7.6036E-09 7.9101E-09 8.1998E-09 8.4717E-09 8.7288E-09 8.9630E-09
0.0000E+00 0.0000E+00 0.0000E+00 0.0000E+00 5.1651E-12 1.5876E-11 2.7680E-11 4.0113E-11 5.8627E-11 8.1723E-11 1.0529E-10 1.3014E-10 1.6920E-10 2.0982E-10 2.4810E-10 2.8594E-10 3.2605E-10 3.7219E-10 4.2187E-10 4.7794E-10 5.3951E-10 6.0788E-10 6.8361E-10 7.6678E-10 8.5901E-10 9.5932E-10 1.0685E-09 1.1870E-09 1.3156E-09 1.4557E-09 1.6077E-09 1.7716E-09 1.9474E-09 2.1414E-09 2.3465E-09 2.5641E-09 2.8009E-09 3.0504E-09 3.3140E-09 3.5959E-09 3.8938E-09 4.2043E-09 4.5290E-09 4.8720E-09 5.2193E-09 5.5746E-09 5.9403E-09 6.3001E-09 6.6564E-09 7.0051E-09 7.3470E-09 7.6725E-09 7.9824E-09 8.2757E-09 8.5549E-09 8.8116E-09 9.0484E-09
0.0000E+00 0.0000E+00 0.0000E+00 0.0000E+00 5.1653E-12 1.5871E-11 2.7654E-11 4.0051E-11 5.8497E-11 8.1497E-11 1.0402E-10 1.2975E-10 1.6871E-10 2.0923E-10 2.4748E-10 2.8546E-10 3.2639E-10 3.7144E-10 4.2199E-10 4.7740E-10 5.3918E-10 6.0781E-10 6.8472E-10 7.6786E-10 8.6021E-10 9.6041E-10 1.0708E-09 1.1894E-09 1.3188E-09 1.4596E-09 1.6125E-09 1.7762E-09 1.9562E-09 2.1496E-09 2.3540E-09 2.5759E-09 2.8131E-09 3.0630E-09 3.3296E-09 3.6154E-09 3.9131E-09 4.2259E-09 4.5594E-09 4.8996E-09 5.2505E-09 5.6155E-09 5.9789E-09 6.3427E-09 6.7028E-09 7.0595E-09 7.4020E-09 7.7310E-09 8.0470E-09 8.3452E-09 8.6242E-09 8.8842E-09 9.1253E-09
0.0000E+00 0.0000E+00 0.0000E+00 0.0000E+00 5.1559E-12 1.5838E-11 2.6076E-11 3.9214E-11 5.7629E-11 8.0487E-11 1.0293E-10 1.3019E-10 1.6656E-10 2.0606E-10 2.4610E-10 2.8437E-10 3.2630E-10 3.7027E-10 4.2115E-10 4.7685E-10 5.3870E-10 6.0697E-10 6.8402E-10 7.6756E-10 8.5965E-10 9.6060E-10 1.0709E-09 1.1899E-09 1.3204E-09 1.4611E-09 1.6133E-09 1.7808E-09 1.9612E-09 2.1521E-09 2.3602E-09 2.5833E-09 2.8190E-09 3.0713E-09 3.3427E-09 3.6263E-09 3.9253E-09 4.2463E-09 4.5764E-09 4.9195E-09 5.2794E-09 5.6415E-09 6.0085E-09 6.3793E-09 6.7436E-09 7.1004E-09 7.4467E-09 7.7830E-09 8.1004E-09 8.4009E-09 8.6834E-09 8.9490E-09 9.1924E-09
0.0000E+00 0.0000E+00 0.0000E+00 0.0000E+00 3.5114E-12 1.5776E-11 2.5966E-11 3.9021E-11 5.5680E-11 7.7361E-11 1.0230E-10 1.2938E-10 1.6549E-10 2.0275E-10 2.4455E-10 2.8265E-10 3.2432E-10 3.6891E-10 4.1972E-10 4.7525E-10 5.3747E-10 6.0558E-10 6.8236E-10 7.6604E-10 8.5863E-10 9.5891E-10 1.0697E-09 1.1884E-09 1.3185E-09 1.4595E-09 1.6132E-09 1.7806E-09 1.9595E-09 2.1522E-09 2.3612E-09 2.5836E-09 2.8211E-09 3.0776E-09 3.3462E-09 3.6304E-09 3.9368E-09 4.2539E-09 4.5860E-09 4.9374E-09 5.2939E-09 5.6591E-09 6.0326E-09 6.4035E-09 6.7709E-09 7.1313E-09 7.4847E-09 7.8211E-09 8.1421E-09 8.4462E-09 8.7347E-09 9.0016E-09 9.2481E-09
0.0000E+00 0.0000E+00 0.0000E+00 0.0000E+00 3.4931E-12 1.4097E-11 2.5810E-11 3.8761E-11 5.5281E-11 7.6202E-11 1.0150E-10 1.2488E-10 1.6028E-10 1.9969E-10 2.4255E-10 2.8042E-10 3.2204E-10 3.6651E-10 4.1685E-10 4.7284E-10 5.3470E-10 6.0292E-10 6.7971E-10 7.6178E-10 8.5557E-10 9.5586E-10 1.0658E-09 1.1851E-09 1.3144E-09 1.4551E-09 1.6098E-09 1.7768E-09 1.9542E-09 2.1503E-09 2.3580E-09 2.5790E-09 2.8202E-09 3.0747E-09 3.3433E-09 3.6329E-09 3.9363E-09 4.2545E-09 4.5940E-09 4.9414E-09 5.3002E-09 5.6712E-09 6.0443E-09 6.4180E-09 6.7884E-09 7.1555E-09 7.5089E-09 7.8489E-09 8.1759E-09 8.4838E-09 8.7736E-09 9.0439E-09 9.2949E-09
0.0000E+00 0.0000E+00 0.0000E+00 0.0000E+00 3.4684E-12 1.0885E-11 2.5609E-11 3.7736E-11 5.2695E-11 7.3861E-11 1.0000E-10 1.2369E-10 1.5552E-10 1.9768E-10 2.4012E-10 2.7739E-10 3.1877E-10 3.6286E-10 4.1322E-10 4.6969E-10 5.3103E-10 5.9913E-10 6.7428E-10 7.5795E-10 8.5057E-10 9.5091E-10 1.0596E-09 1.1789E-09 1.3083E-09 1.4507E-09 1.6046E-09 1.7684E-09 1.9488E-09 2.1432E-09 2.3490E-09 2.5733E-09 2.8133E-09 3.0660E-09 3.3394E-09 3.6268E-09 3.9292E-09 4.2524E-09 4.5888E-09 4.9377E-09 5.3014E-09 5.6714E-09 6.0466E-09 6.4251E-09 6.7993E-09 7.1662E-09 7.5229E-09 7.8688E-09 8.1972E-09 8.5088E-09 8.8021E-09 9.0784E-09 9.3318E-09
0.0000E+00 0.0000E+00 0.0000E+00 0.0000E+00 3.4376E-12 1.0786E-11 2.5365E-11 3.5904E-11 5.1458E-11 7.3072E-11 9.4914E-11 1.2231E-10 1.5134E-10 1.9430E-10 2.3619E-10 2.7530E-10 3.1575E-10 3.5883E-10 4.0975E-10 4.6541E-10 5.2646E-10 5.9393E-10 6.6951E-10 7.5280E-10 8.4391E-10 9.4361E-10 1.0525E-09 1.1711E-09 1.3008E-09 1.4420E-09 1.5938E-09 1.7587E-09 1.9386E-09 2.1307E-09 2.3379E-09 2.5634E-09 2.7998E-09 3.0552E-09 3.3274E-09 3.6132E-09 3.9199E-09 4.2408E-09 4.5764E-09 4.9283E-09 5.2912E-09 5.6627E-09 6.0418E-09 6.4213E-09 6.7970E-09 7.1669E-09 7.5292E-09 7.8763E-09 8.2082E-09 8.5234E-09 8.8229E-09 9.1004E-09 9.3573E-09
0.0000E+00 0.0000E+00 0.0000E+00 0.0000E+00 3.4008E-12 9.0830E-12 2.1988E-11 3.5484E-11 4.8533E-11 7.0959E-11 9.0695E-11 1.2075E-10 1.4816E-10 1.9165E-10 2.3103E-10 2.7130E-10 3.1132E-10 3.5387E-10 4.0524E-10 4.6013E-10 5.2095E-10 5.8825E-10 6.6268E-10 7.4508E-10 8.3553E-10 9.3484E-10 1.0434E-09 1.1615E-09 1.2906E-09 1.4307E-09 1.5805E-09 1.7461E-09 1.9248E-09 2.1164E-09 2.3246E-09 2.5461E-09 2.7831E-09 3.0397E-09 3.3085E-09 3.5964E-09 3.9017E-09 4.2212E-09 4.5587E-09 4.9101E-09 5.2728E-09 5.6472E-09 6.0266E-09 6.4070E-09 6.7851E-09 7.1601E-09 7.5232E-09 7.8736E-09 8.2114E-09 8.5304E-09 8.8312E-09 9.1122E-09 9.3738E-09
0.0000E+00 0.0000E+00 0.0000E+00 0.0000E+00 3.3581E-12 8.9683E-12 1.8667E-11 3.5007E-11 4.6445E-11 6.8656E-11 8.8243E-11 1.1608E-10 1.4491E-10 1.8268E-10 2.2613E-10 2.6714E-10 3.0635E-10 3.4860E-10 3.9996E-10 4.5378E-10 5.1423E-10 5.8106E-10 6.5518E-10 7.3675E-10 8.2634E-10 9.2437E-10 1.0329E-09 1.1503E-09 1.2780E-09 1.4159E-09 1.5662E-09 1.7304E-09 1.9066E-09 2.0991E-09 2.3057E-09 2.5259E-09 2.7639E-09 3.0166E-09 3.2853E-09 3.5744E-09 3.8763E-09 4.1958E-09 4.5331E-09 4.8833E-09 5.2480E-09 5.6219E-09 6.0014E-09 6.3833E-09 6.7661E-09 7.1414E-09 7.5074E-09 7.8633E-09 8.2023E-09 8.5249E-09 8.8292E-09 9.1152E-09 9.3797E-09
0.0000E+00 0.0000E+00 0.0000E+00 0.0000E+00 3.3099E-12 8.8388E-12 1.8395E-11 3.2254E-11 4.5047E-11 6.4269E-11 8.5683E-11 1.0931E-10 1.4041E-10 1.7811E-10 2.2219E-10 2.6254E-10 3.0117E-10 3.4335E-10 3.9321E-10 4.4723E-10 5.0729E-10 5.7346E-10 6.4653E-10 7.2750E-10 8.1559E-10 9.1331E-10 1.0203E-09 1.1368E-09 1.2634E-09 1.4004E-09 1.5491E-09 1.7119E-09 1.8873E-09 2.0780E-09 2.2815E-09 2.5023E-09 2.7389E-09 2.9898E-09 3.2591E-09 3.5444E-09 3.8456E-09 4.1654E-09 4.4996E-09 4.8497E-09 5.2141E-09 5.5871E-09 5.9673E-09 6.3531E-09 6.7355E-09 7.1131E-09 7.4842E-09 7.8409E-09 8.1834E-09 8.5094E-09 8.8186E-09 9.1075E-09 9.3764E-09
0.0000E+00 0.0000E+00 0.0000E+00 0.0000E+00 0.0000E+00 8.6954E-12 1.6564E-11 3.0223E-11 4.4276E-11 6.0163E-11 8.3079E-11 1.0686E-10 1.3310E-10 1.7374E-10 2.1285E-10 2.5633E-10 2.9552E-10 3.3725E-10 3.8611E-10 4.4115E-10 4.9934E-10 5.6424E-10 6.3665E-10 7.1695E-10 8.0364E-10 9.0081E-10 1.0056E-09 1.1217E-09 1.2458E-09 1.3824E-09 1.5296E-09 1.6898E-09 1.8649E-09 2.0535E-09 2.2557E-09 2.4749E-09 2.7078E-09 2.9588E-09 3.2270E-09 3.5085E-09 3.8095E-09 4.1267E-09 4.4600E-09 4.8100E-09 5.1715E-09 5.5442E-09 5.9273E-09 6.3117E-09 6.6959E-09 7.0780E-09 7.4493E-09 7.8089E-09 8.1559E-09 8.4855E-09 8.7975E-09 9.0909E-09 9.3654E-09
0.0000E+00 0.0000E+00 0.0000E+00 0.0000E+00 0.0000E+00 8.5387E-12 1.6264E-11 2.8184E-11 4.1289E-11 5.7778E-11 7.8293E-11 1.0367E-10 1.2767E-10 1.6488E-10 2.0701E-10 2.5097E-10 2.8914E-10 3.3036E-10 3.7813E-10 4.3238E-10 4.9016E-10 5.5530E-10 6.2590E-10 7.0437E-10 7.9184E-10 8.8579E-10 9.9037E-10 1.1038E-09 1.2276E-09 1.3610E-09 1.5081E-09 1.6667E-09 1.8394E-09 2.0248E-09 2.2269E-09 2.4435E-09 2.6746E-09 2.9255E-09 3.1883E-09 3.4701E-09 3.7682E-09 4.0815E-09 4.4149E-09 4.7612E-09 5.1215E-09 5.4959E-09 5.8768E-09 6.2619E-09 6.6498E-09 7.0315E-09 7.4051E-09 7.7685E-09 8.1178E-09 8.4513E-09 8.7679E-09 9.0668E-09 9.3434E-09
0.0000E+00 0.0000E+00 0.0000E+00 0.0000E+00 0.0000E+00 5.2039E-12 1.4347E-11 2.6134E-11 3.6837E-11 5.2684E-11 7.5625E-11 9.6468E-11 1.2499E-10 1.5681E-10 1.9931E-10 2.4127E-10 2.8136E-10 3.2270E-10 3.7084E-10 4.2298E-10 4.8063E-10 5.4405E-10 6.1423E-10 6.9178E-10 7.7664E-10 8.7136E-10 9.7256E-10 1.0851E-09 1.2061E-09 1.3393E-09 1.4832E-09 1.6408E-09 1.8113E-09 1.9951E-09 2.1945E-09 2.4088E-09 2.6397E-09 2.8850E-09 3.1463E-09 3.4261E-09 3.7200E-09 4.0328E-09 4.3617E-09 4.7057E-09 5.0667E-09 5.4379E-09 5.8184E-09 6.2063E-09 6.5930E-09 6.9761E-09 7.3530E-09 7.7181E-09 8.0711E-09 8.4090E-09 8.7308E-09 9.0313E-09 9.3115E-09
0.0000E+00 0.0000E+00 0.0000E+00 0.0000E+00 0.0000E+00 3.4873E-12 1.4040E-11 2.4022E-11 3.6026E-11 4.9778E-11 7.2751E-11 9.1258E-11 1.1872E-10 1.4932E-10 1.9015E-10 2.3213E-10 2.7451E-10 3.1463E-10 3.6132E-10 4.1299E-10 4.7050E-10 5.3260E-10 6.0055E-10 6.7741E-10 7.6134E-10 8.5324E-10 9.5481E-10 1.0639E-09 1.1846E-09 1.3159E-09 1.4575E-09 1.6126E-09 1.7814E-09 1.9625E-09 2.1590E-09 2.3715E-09 2.5995E-09 2.8405E-09 3.1007E-09 3.3760E-09 3.6677E-09 3.9776E-09 4.3026E-09 4.6452E-09 5.0031E-09 5.3728E-09 5.7548E-09 6.1405E-09 6.5279E-09 6.9134E-09 7.2911E-09 7.6594E-09 8.0165E-09 8.3592E-09 8.6820E-09 8.9865E-09 9.2716E-09
0.0000E+00 0.0000E+00 0.0000E+00 0.0000E+00 0.0000E+00 3.4056E-12 9.0764E-12 2.1931E-11 3.4447E-11 4.6511E-11 6.5918E-11 8.7931E-11 1.1343E-10 1.3761E-10 1.8004E-10 2.2288E-10 2.6733E-10 3.0616E-10 3.5216E-10 4.0248E-10 4.5889E-10 5.1976E-10 5.8731E-10 6.6244E-10 7.4416E-10 8.3545E-10 9.3339E-10 1.0428E-09 1.1618E-09 1.2894E-09 1.4298E-09 1.5828E-09 1.7477E-09 1.9271E-09 2.1214E-09 2.3312E-09 2.5545E-09 2.7940E-09 3.0508E-09 3.3224E-09 3.6119E-09 3.9164E-09 4.2391E-09 4.5789E-09 4.9331E-09 5.3032E-09 5.6819E-09 6.0671E-09 6.4560E-09 6.8415E-09 7.2215E-09 7.5947E-09 7.9548E-09 8.2980E-09 8.6248E-09 8.9341E-09 9.2227E-09
0.0000E+00 0.0000E+00 0.0000E+00 0.0000E+00 0.0000E+00 3.3197E-12 8.8481E-12 1.8372E-11 3.0590E-11 4.4645E-11 6.0524E-11 8.2502E-11 1.0758E-10 1.3208E-10 1.6731E-10 2.1422E-10 2.5698E-10 2.9707E-10 3.4231E-10 3.9305E-10 4.4768E-10 5.0757E-10 5.7306E-10 6.4615E-10 7.2861E-10 8.1557E-10 9.1309E-10 1.0208E-09 1.1362E-09 1.2626E-09 1.4007E-09 1.5513E-09 1.7130E-09 1.8896E-09 2.0816E-09 2.2877E-09 2.5068E-09 2.7441E-09 2.9956E-09 3.2648E-09 3.5497E-09 3.8504E-09 4.1707E-09 4.5059E-09 4.8583E-09 5.2251E-09 5.6021E-09 5.9877E-09 6.3754E-09 6.7623E-09 7.1463E-09 7.5207E-09 7.8819E-09 8.2288E-09 8.5602E-09 8.8725E-09 9.1636E-09
0.0000E+00 0.0000E+00 0.0000E+00 0.0000E+00 0.0000E+00 0.0000E+00 8.6098E-12 1.6364E-11 2.8300E-11 4.1289E-11 5.7629E-11 7.7973E-11 1.0074E-10 1.2654E-10 1.5935E-10 2.0172E-10 2.4828E-10 2.8797E-10 3.3209E-10 3.8198E-10 4.3478E-10 4.9447E-10 5.5892E-10 6.2918E-10 7.1005E-10 7.9646E-10 8.9214E-10 9.9551E-10 1.1104E-09 1.2345E-09 1.3688E-09 1.5164E-09 1.6764E-09 1.8507E-09 2.0391E-09 2.2406E-09 2.4576E-09 2.6905E-09 2.9383E-09 3.2036E-09 3.4834E-09 3.7823E-09 4.0965E-09 4.4277E-09 4.7780E-09 5.1410E-09 5.5158E-09 5.9003E-09 6.2881E-09 6.6782E-09 7.0624E-09 7.4372E-09 7.8014E-09 8.1528E-09 8.4865E-09 8.8012E-09 9.1006E-09
0.0000E+00 0.0000E+00 0.0000E+00 0.0000E+00 0.0000E+00 0.0000E+00 5.1939E-12 1.4320E-11 2.4450E-11 3.6538E-11 5.1020E-11 7.4044E-11 9.3668E-11 1.2004E-10 1.4865E-10 1.9143E-10 2.3348E-10 2.7756E-10 3.2159E-10 3.7025E-10 4.2174E-10 4.7976E-10 5.4295E-10 6.1262E-10 6.9149E-10 7.7447E-10 8.6862E-10 9.7144E-10 1.0832E-09 1.2040E-09 1.3368E-09 1.4813E-09 1.6386E-09 1.8099E-09 1.9930E-09 2.1915E-09 2.4054E-09 2.6330E-09 2.8778E-09 3.1379E-09 3.4146E-09 3.7081E-09 4.0179E-09 4.3472E-09 4.6915E-09 5.0512E-09 5.4248E-09 5.8068E-09 6.1955E-09 6.5860E-09 6.9696E-09 7.3467E-09 7.7147E-09 8.0678E-09 8.4035E-09 8.7265E-09 9.0259E-09
