Assets/Resources/2015_m01_d24_1800(utc+0800)_l00_csi_1hr_conc.grd
DSAA
         159         159
     -79.000      79.000
     -79.000      79.000
  0.0000E+00  0.4619E-05
[rows 75 to 99 of 159, columns 0 to 56 of 159]
8.2031E-10 8.2602E-10 8.3157E-10 8.3694E-10 8.4213E-10 8.4714E-10 8.5196E-10 8.5659E-10 8.6102E-10 8.6523E-10 8.6924E-10 8.7302E-10 8.7659E-10 8.7992E-10 8.8302E-10 8.8588E-10 8.8849E-10 8.9085E-10 8.9296E-10 8.9481E-10 8.9640E-10 8.9772E-10 8.9877E-10 8.9954E-10 9.0003E-10 9.0025E-10 9.0017E-10 8.9982E-10 8.9917E-10 8.9824E-10 8.9702E-10 8.9550E-10 8.9370E-10 8.9160E-10 8.8921E-10 8.8653E-10 8.8355E-10 8.8028E-10 8.7672E-10 8.7287E-10 8.6873E-10 8.6431E-10 8.5960E-10 8.5461E-10 8.4935E-10 8.4382E-10 8.3801E-10 8.3195E-10 8.2562E-10 8.1904E-10 8.1222E-10 8.0515E-10 7.9786E-10 7.9033E-10 7.8258E-10 7.7461E-10 7.6644E-10
8.0682E-10 8.1240E-10 8.1781E-10 8.2305E-10 8.2812E-10 8.3300E-10 8.3770E-10 8.4221E-10 8.4651E-10 8.5061E-10 8.5450E-10 8.5818E-10 8.6163E-10 8.6486E-10 8.6785E-10 8.7061E-10 8.7313E-10 8.7540E-10 8.7742E-10 8.7918E-10 8.8069E-10 8.8193E-10 8.8290E-10 8.8360E-10 8.8403E-10 8.8418E-10 8.8405E-10 8.8365E-10 8.8296E-10 8.8198E-10 8.8073E-10 8.7918E-10 8.7736E-10 8.7524E-10 8.7284E-10 8.7015E-10 8.6717E-10 8.6391E-10 8.6036E-10 8.5653E-10 8.5241E-10 8.4802E-10 8.4335E-10 8.3841E-10 8.3319E-10 8.2772E-10 8.2198E-10 8.1598E-10 8.0974E-10 8.0324E-10 7.9651E-10 7.8954E-10 7.8234E-10 7.7492E-10 7.6729E-10 7.5944E-10 7.5140E-10
7.9328E-10 7.9872E-10 8.0400E-10 8.0911E-10 8.1405E-10 8.1881E-10 8.2338E-10 8.2776E-10 8.3195E-10 8.3593E-10 8.3971E-10 8.4327E-10 8.4662E-10 8.4974E-10 8.5263E-10 8.5529E-10 8.5771E-10 8.5989E-10 8.6182E-10 8.6350E-10 8.6492E-10 8.6609E-10 8.6699E-10 8.6762E-10 8.6798E-10 8.6807E-10 8.6789E-10 8.6743E-10 8.6670E-10 8.6569E-10 8.6440E-10 8.6283E-10 8.6098E-10 8.5885E-10 8.5643E-10 8.5374E-10 8.5076E-10 8.4751E-10 8.4397E-10 8.4016E-10 8.3607E-10 8.3171E-10 8.2708E-10 8.2219E-10 8.1703E-10 8.1161E-10 8.0594E-10 8.0002E-10 7.9385E-10 7.8744E-10 7.8080E-10 7.7393E-10 7.6684E-10 7.5953E-10 7.5201E-10 7.4428E-10 7.3636E-10
7.7968E-10 7.8499E-10 7.9014E-10 7.9512E-10 7.9993E-10 8.0457E-10 8.0902E-10 8.1328E-10 8.1734E-10 8.2121E-10 8.2487E-10 8.2833E-10 8.3156E-10 8.3458E-10 8.3737E-10 8.3993E-10 8.4225E-10 8.4434E-10 8.4618E-10 8.4778E-10 8.4912E-10 8.5021E-10 8.5103E-10 8.5160E-10 8.5190E-10 8.5193E-10 8.5169E-10 8.5119E-10 8.5041E-10 8.4937E-10 8.4805E-10 8.4645E-10 8.4458E-10 8.4243E-10 8.4001E-10 8.3731E-10 8.3434E-10 8.3110E-10 8.2758E-10 8.2379E-10 8.1973E-10 8.1540E-10 8.1082E-10 8.0597E-10 8.0087E-10 7.9551E-10 7.8991E-10 7.8406E-10 7.7797E-10 7.7165E-10 7.6511E-10 7.5834E-10 7.5135E-10 7.4415E-10 7.3675E-10 7.2915E-10 7.2136E-10
7.6605E-10 7.7123E-10 7.7624E-10 7.8109E-10 7.8578E-10 7.9028E-10 7.9461E-10 7.9875E-10 8.0270E-10 8.0645E-10 8.1000E-10 8.1334E-10 8.1647E-10 8.1938E-10 8.2207E-10 8.2453E-10 8.2677E-10 8.2876E-10 8.3051E-10 8.3203E-10 8.3329E-10 8.3430E-10 8.3505E-10 8.3555E-10 8.3579E-10 8.3576E-10 8.3548E-10 8.3493E-10 8.3411E-10 8.3303E-10 8.3168E-10 8.3006E-10 8.2817E-10 8.2601E-10 8.2358E-10 8.2089E-10 8.1792E-10 8.1468E-10 8.1118E-10 8.0742E-10 8.0339E-10 7.9910E-10 7.9456E-10 7.8977E-10 7.8472E-10 7.7943E-10 7.7390E-10 7.6813E-10 7.6212E-10 7.5589E-10 7.4944E-10 7.4277E-10 7.3589E-10 7.2881E-10 7.2152E-10 7.1405E-10 7.0639E-10
7.5239E-10 7.5743E-10 7.6232E-10 7.6704E-10 7.7159E-10 7.7598E-10 7.8018E-10 7.8420E-10 7.8803E-10 7.9167E-10 7.9510E-10 7.9833E-10 8.0136E-10 8.0416E-10 8.0675E-10 8.0912E-10 8.1125E-10 8.1316E-10 8.1483E-10 8.1625E-10 8.1744E-10 8.1837E-10 8.1906E-10 8.1949E-10 8.1967E-10 8.1959E-10 8.1925E-10 8.1866E-10 8.1780E-10 8.1669E-10 8.1531E-10 8.1367E-10 8.1176E-10 8.0959E-10 8.0716E-10 8.0446E-10 8.0150E-10 7.9828E-10 7.9480E-10 7.9106E-10 7.8707E-10 7.8282E-10 7.7833E-10 7.7359E-10 7.6860E-10 7.6338E-10 7.5792E-10 7.5222E-10 7.4631E-10 7.4017E-10 7.3381E-10 7.2725E-10 7.2048E-10 7.1351E-10 7.0634E-10 6.9899E-10 6.9146E-10
7.3870E-10 7.4361E-10 7.4837E-10 7.5296E-10 7.5739E-10 7.6165E-10 7.6573E-10 7.6963E-10 7.7334E-10 7.7686E-10 7.8019E-10 7.8331E-10 7.8623E-10 7.8893E-10 7.9142E-10 7.9369E-10 7.9573E-10 7.9755E-10 7.9913E-10 8.0048E-10 8.0158E-10 8.0244E-10 8.0306E-10 8.0343E-10 8.0354E-10 8.0341E-10 8.0303E-10 8.0239E-10 8.0150E-10 8.0035E-10 7.9895E-10 7.9729E-10 7.9537E-10 7.9319E-10 7.9076E-10 7.8806E-10 7.8511E-10 7.8191E-10 7.7845E-10 7.7474E-10 7.7078E-10 7.6658E-10 7.6213E-10 7.5744E-10 7.5252E-10 7.4736E-10 7.4198E-10 7.3637E-10 7.3054E-10 7.2449E-10 7.1823E-10 7.1177E-10 7.0511E-10 6.9826E-10 6.9122E-10 6.8399E-10 6.7659E-10
7.2501E-10 7.2979E-10 7.3441E-10 7.3888E-10 7.4318E-10 7.4731E-10 7.5127E-10 7.5505E-10 7.5865E-10 7.6206E-10 7.6527E-10 7.6828E-10 7.7109E-10 7.7370E-10 7.7609E-10 7.7826E-10 7.8021E-10 7.8194E-10 7.8344E-10 7.8470E-10 7.8573E-10 7.8652E-10 7.8707E-10 7.8737E-10 7.8743E-10 7.8725E-10 7.8682E-10 7.8614E-10 7.8522E-10 7.8404E-10 7.8261E-10 7.8093E-10 7.7900E-10 7.7682E-10 7.7438E-10 7.7169E-10 7.6875E-10 7.6557E-10 7.6213E-10 7.5845E-10 7.5453E-10 7.5038E-10 7.4598E-10 7.4135E-10 7.3649E-10 7.3140E-10 7.2609E-10 7.2056E-10 7.1482E-10 7.0887E-10 7.0271E-10 6.9636E-10 6.8981E-10 6.8307E-10 6.7615E-10 6.6906E-10 6.6179E-10
7.1131E-10 7.1596E-10 7.2045E-10 7.2479E-10 7.2897E-10 7.3298E-10 7.3682E-10 7.4048E-10 7.4396E-10 7.4725E-10 7.5035E-10 7.5326E-10 7.5597E-10 7.5847E-10 7.6076E-10 7.6284E-10 7.6470E-10 7.6634E-10 7.6775E-10 7.6894E-10 7.6989E-10 7.7061E-10 7.7109E-10 7.7134E-10 7.7135E-10 7.7111E-10 7.7064E-10 7.6992E-10 7.6896E-10 7.6776E-10 7.6631E-10 7.6461E-10 7.6267E-10 7.6048E-10 7.5804E-10 7.5536E-10 7.5244E-10 7.4927E-10 7.4587E-10 7.4222E-10 7.3834E-10 7.3423E-10 7.2989E-10 7.2531E-10 7.2052E-10 7.1550E-10 7.1027E-10 7.0483E-10 6.9917E-10 6.9332E-10 6.8726E-10 6.8102E-10 6.7458E-10 6.6796E-10 6.6117E-10 6.5420E-10 6.4707E-10
6.9762E-10 7.0213E-10 7.0650E-10 7.1071E-10 7.1476E-10 7.1865E-10 7.2237E-10 7.2591E-10 7.2928E-10 7.3246E-10 7.3545E-10 7.3825E-10 7.4086E-10 7.4326E-10 7.4545E-10 7.4744E-10 7.4921E-10 7.5076E-10 7.5209E-10 7.5320E-10 7.5408E-10 7.5473E-10 7.5515E-10 7.5534E-10 7.5529E-10 7.5501E-10 7.5450E-10 7.5374E-10 7.5275E-10 7.5152E-10 7.5005E-10 7.4834E-10 7.4638E-10 7.4419E-10 7.4176E-10 7.3909E-10 7.3618E-10 7.3304E-10 7.2966E-10 7.2605E-10 7.2221E-10 7.1815E-10 7.1386E-10 7.0935E-10 7.0462E-10 6.9968E-10 6.9453E-10 6.8917E-10 6.8361E-10 6.7785E-10 6.7190E-10 6.6576E-10 6.5943E-10 6.5294E-10 6.4626E-10 6.3943E-10 6.3243E-10
6.8394E-10 6.8832E-10 6.9256E-10 6.9665E-10 7.0057E-10 7.0434E-10 7.0794E-10 7.1137E-10 7.1462E-10 7.1769E-10 7.2058E-10 7.2327E-10 7.2577E-10 7.2807E-10 7.3017E-10 7.3207E-10 7.3375E-10 7.3522E-10 7.3647E-10 7.3750E-10 7.3830E-10 7.3889E-10 7.3924E-10 7.3938E-10 7.3928E-10 7.3895E-10 7.3840E-10 7.3761E-10 7.3659E-10 7.3533E-10 7.3384E-10 7.3212E-10 7.3016E-10 7.2797E-10 7.2554E-10 7.2288E-10 7.1999E-10 7.1687E-10 7.1352E-10 7.0995E-10 7.0616E-10 7.0215E-10 6.9791E-10 6.9347E-10 6.8881E-10 6.8394E-10 6.7887E-10 6.7359E-10 6.6813E-10 6.6247E-10 6.5662E-10 6.5059E-10 6.4438E-10 6.3800E-10 6.3146E-10 6.2475E-10 6.1789E-10
6.7028E-10 6.7454E-10 6.7865E-10 6.8261E-10 6.8641E-10 6.9006E-10 6.9354E-10 6.9685E-10 6.9999E-10 7.0295E-10 7.0573E-10 7.0832E-10 7.1072E-10 7.1292E-10 7.1493E-10 7.1673E-10 7.1833E-10 7.1971E-10 7.2088E-10 7.2184E-10 7.2257E-10 7.2309E-10 7.2339E-10 7.2347E-10 7.2332E-10 7.2295E-10 7.2236E-10 7.2154E-10 7.2049E-10 7.1921E-10 7.1770E-10 7.1597E-10 7.1400E-10 7.1181E-10 7.0939E-10 7.0675E-10 7.0388E-10 7.0078E-10 6.9747E-10 6.9394E-10 6.9019E-10 6.8623E-10 6.8206E-10 6.7767E-10 6.7308E-10 6.6829E-10 6.6330E-10 6.5812E-10 6.5274E-10 6.4718E-10 6.4144E-10 6.3552E-10 6.2943E-10 6.2317E-10 6.1675E-10 6.1018E-10 6.0345E-10
6.5665E-10 6.6078E-10 6.6477E-10 6.6860E-10 6.7229E-10 6.7581E-10 6.7918E-10 6.8238E-10 6.8540E-10 6.8825E-10 6.9093E-10 6.9341E-10 6.9571E-10 6.9782E-10 6.9973E-10 7.0145E-10 7.0295E-10 7.0426E-10 7.0535E-10 7.0623E-10 7.0690E-10 7.0736E-10 7.0760E-10 7.0762E-10 7.0743E-10 7.0702E-10 7.0639E-10 7.0554E-10 7.0446E-10 7.0316E-10 7.0164E-10 6.9990E-10 6.9793E-10 6.9574E-10 6.9333E-10 6.9070E-10 6.8785E-10 6.8479E-10 6.8151E-10 6.7802E-10 6.7432E-10 6.7041E-10 6.6630E-10 6.6198E-10 6.5746E-10 6.5275E-10 6.4784E-10 6.4275E-10 6.3747E-10 6.3201E-10 6.2637E-10 6.2056E-10 6.1459E-10 6.0845E-10 6.0216E-10 5.9571E-10 5.8913E-10
6.4306E-10 6.4707E-10 6.5093E-10 6.5464E-10 6.5820E-10 6.6161E-10 6.6486E-10 6.6795E-10 6.7086E-10 6.7361E-10 6.7617E-10 6.7856E-10 6.8076E-10 6.8277E-10 6.8459E-10 6.8622E-10 6.8764E-10 6.8886E-10 6.8988E-10 6.9069E-10 6.9130E-10 6.9169E-10 6.9188E-10 6.9185E-10 6.9162E-10 6.9116E-10 6.9050E-10 6.8961E-10 6.8852E-10 6.8720E-10 6.8567E-10 6.8391E-10 6.8195E-10 6.7976E-10 6.7736E-10 6.7475E-10 6.7193E-10 6.6890E-10 6.6566E-10 6.6221E-10 6.5856E-10 6.5471E-10 6.5065E-10 6.4640E-10 6.4196E-10 6.3732E-10 6.3250E-10 6.2749E-10 6.2231E-10 6.1695E-10 6.1142E-10 6.0572E-10 5.9986E-10 5.9385E-10 5.8768E-10 5.8137E-10 5.7492E-10
6.2952E-10 6.3340E-10 6.3714E-10 6.4073E-10 6.4417E-10 6.4746E-10 6.5060E-10 6.5357E-10 6.5638E-10 6.5902E-10 6.6148E-10 6.6377E-10 6.6587E-10 6.6779E-10 6.6952E-10 6.7106E-10 6.7240E-10 6.7354E-10 6.7448E-10 6.7523E-10 6.7577E-10 6.7611E-10 6.7624E-10 6.7616E-10 6.7588E-10 6.7539E-10 6.7470E-10 6.7378E-10 6.7266E-10 6.7133E-10 6.6978E-10 6.6803E-10 6.6606E-10 6.6389E-10 6.6150E-10 6.5891E-10 6.5612E-10 6.5312E-10 6.4992E-10 6.4651E-10 6.4291E-10 6.3911E-10 6.3512E-10 6.3094E-10 6.2657E-10 6.2201E-10 6.1728E-10 6.1236E-10 6.0727E-10 6.0202E-10 5.9659E-10 5.9101E-10 5.8527E-10 5.7938E-10 5.7334E-10 5.6716E-10 5.6085E-10
6.1604E-10 6.1979E-10 6.2340E-10 6.2687E-10 6.3020E-10 6.3338E-10 6.3640E-10 6.3926E-10 6.4196E-10 6.4449E-10 6.4686E-10 6.4904E-10 6.5105E-10 6.5288E-10 6.5452E-10 6.5597E-10 6.5723E-10 6.5830E-10 6.5917E-10 6.5985E-10 6.6033E-10 6.6061E-10 6.6069E-10 6.6057E-10 6.6025E-10 6.5972E-10 6.5899E-10 6.5806E-10 6.5691E-10 6.5557E-10 6.5401E-10 6.5225E-10 6.5029E-10 6.4812E-10 6.4576E-10 6.4319E-10 6.4042E-10 6.3745E-10 6.3429E-10 6.3094E-10 6.2739E-10 6.2365E-10 6.1972E-10 6.1561E-10 6.1131E-10 6.0684E-10 6.0219E-10 5.9737E-10 5.9237E-10 5.8722E-10 5.8190E-10 5.7643E-10 5.7081E-10 5.6504E-10 5.5913E-10 5.5309E-10 5.4691E-10
6.0261E-10 6.0624E-10 6.0973E-10 6.1309E-10 6.1630E-10 6.1936E-10 6.2227E-10 6.2502E-10 6.2762E-10 6.3005E-10 6.3231E-10 6.3440E-10 6.3631E-10 6.3805E-10 6.3960E-10 6.4097E-10 6.4215E-10 6.4315E-10 6.4395E-10 6.4456E-10 6.4498E-10 6.4521E-10 6.4524E-10 6.4508E-10 6.4471E-10 6.4415E-10 6.4340E-10 6.4243E-10 6.4128E-10 6.3991E-10 6.3836E-10 6.3659E-10 6.3464E-10 6.3248E-10 6.3013E-10 6.2759E-10 6.2485E-10 6.2193E-10 6.1880E-10 6.1550E-10 6.1200E-10 6.0832E-10 6.0446E-10 6.0041E-10 5.9619E-10 5.9180E-10 5.8724E-10 5.8251E-10 5.7762E-10 5.7256E-10 5.6736E-10 5.6200E-10 5.5650E-10 5.5085E-10 5.4507E-10 5.3916E-10 5.3312E-10
5.8926E-10 5.9276E-10 5.9614E-10 5.9937E-10 6.0247E-10 6.0542E-10 6.0822E-10 6.1087E-10 6.1336E-10 6.1568E-10 6.1785E-10 6.1984E-10 6.2166E-10 6.2331E-10 6.2478E-10 6.2607E-10 6.2717E-10 6.2809E-10 6.2883E-10 6.2938E-10 6.2974E-10 6.2992E-10 6.2990E-10 6.2969E-10 6.2930E-10 6.2870E-10 6.2792E-10 6.2693E-10 6.2576E-10 6.2439E-10 6.2282E-10 6.2107E-10 6.1911E-10 6.1698E-10 6.1465E-10 6.1213E-10 6.0942E-10 6.0653E-10 6.0346E-10 6.0020E-10 5.9676E-10 5.9313E-10 5.8934E-10 5.8536E-10 5.8122E-10 5.7691E-10 5.7244E-10 5.6780E-10 5.6301E-10 5.5806E-10 5.5296E-10 5.4772E-10 5.4233E-10 5.3681E-10 5.3116E-10 5.2538E-10 5.1947E-10
5.7598E-10 5.7937E-10 5.8262E-10 5.8574E-10 5.8873E-10 5.9156E-10 5.9426E-10 5.9680E-10 5.9918E-10 6.0141E-10 6.0348E-10 6.0538E-10 6.0711E-10 6.0867E-10 6.1006E-10 6.1126E-10 6.1229E-10 6.1315E-10 6.1382E-10 6.1431E-10 6.1462E-10 6.1474E-10 6.1468E-10 6.1443E-10 6.1400E-10 6.1338E-10 6.1256E-10 6.1156E-10 6.1037E-10 6.0899E-10 6.0743E-10 6.0567E-10 6.0374E-10 6.0161E-10 5.9930E-10 5.9681E-10 5.9414E-10 5.9129E-10 5.8826E-10 5.8505E-10 5.8166E-10 5.7810E-10 5.7437E-10 5.7047E-10 5.6641E-10 5.6218E-10 5.5779E-10 5.5325E-10 5.4856E-10 5.4371E-10 5.3872E-10 5.3359E-10 5.2833E-10 5.2293E-10 5.1740E-10 5.1175E-10 5.0599E-10
5.6279E-10 5.6606E-10 5.6920E-10 5.7220E-10 5.7507E-10 5.7780E-10 5.8039E-10 5.8282E-10 5.8511E-10 5.8724E-10 5.8921E-10 5.9102E-10 5.9266E-10 5.9414E-10 5.9544E-10 5.9657E-10 5.9753E-10 5.9832E-10 5.9892E-10 5.9936E-10 5.9961E-10 5.9969E-10 5.9958E-10 5.9930E-10 5.9883E-10 5.9818E-10 5.9735E-10 5.9633E-10 5.9513E-10 5.9374E-10 5.9218E-10 5.9042E-10 5.8850E-10 5.8639E-10 5.8411E-10 5.8165E-10 5.7901E-10 5.7620E-10 5.7321E-10 5.7005E-10 5.6672E-10 5.6323E-10 5.5956E-10 5.5574E-10 5.5175E-10 5.4761E-10 5.4331E-10 5.3887E-10 5.3427E-10 5.2953E-10 5.2465E-10 5.1963E-10 5.1449E-10 5.0921E-10 5.0381E-10 4.9830E-10 4.9267E-10
5.4969E-10 5.5284E-10 5.5586E-10 5.5876E-10 5.6152E-10 5.6414E-10 5.6662E-10 5.6896E-10 5.7114E-10 5.7317E-10 5.7505E-10 5.7677E-10 5.7833E-10 5.7972E-10 5.8094E-10 5.8200E-10 5.8289E-10 5.8361E-10 5.8416E-10 5.8454E-10 5.8474E-10 5.8477E-10 5.8463E-10 5.8430E-10 5.8380E-10 5.8313E-10 5.8227E-10 5.8124E-10 5.8003E-10 5.7864E-10 5.7707E-10 5.7533E-10 5.7342E-10 5.7134E-10 5.6907E-10 5.6665E-10 5.6404E-10 5.6127E-10 5.5833E-10 5.5523E-10 5.5196E-10 5.4852E-10 5.4493E-10 5.4118E-10 5.3727E-10 5.3321E-10 5.2900E-10 5.2465E-10 5.2015E-10 5.1552E-10 5.1075E-10 5.0584E-10 5.0082E-10 4.9566E-10 4.9040E-10 4.8501E-10 4.7952E-10
5.3668E-10 5.3972E-10 5.4263E-10 5.4542E-10 5.4807E-10 5.5059E-10 5.5296E-10 5.5520E-10 5.5729E-10 5.5922E-10 5.6101E-10 5.6264E-10 5.6411E-10 5.6542E-10 5.6657E-10 5.6756E-10 5.6838E-10 5.6903E-10 5.6953E-10 5.6985E-10 5.7001E-10 5.6999E-10 5.6981E-10 5.6945E-10 5.6892E-10 5.6822E-10 5.6735E-10 5.6630E-10 5.6508E-10 5.6369E-10 5.6213E-10 5.6040E-10 5.5851E-10 5.5644E-10 5.5421E-10 5.5181E-10 5.4925E-10 5.4652E-10 5.4363E-10 5.4057E-10 5.3736E-10 5.3399E-10 5.3046E-10 5.2679E-10 5.2296E-10 5.1899E-10 5.1487E-10 5.1061E-10 5.0621E-10 5.0168E-10 4.9702E-10 4.9223E-10 4.8732E-10 4.8229E-10 4.7715E-10 4.7190E-10 4.6655E-10
5.2379E-10 5.2671E-10 5.2951E-10 5.3219E-10 5.3473E-10 5.3715E-10 5.3942E-10 5.4156E-10 5.4355E-10 5.4540E-10 5.4709E-10 5.4863E-10 5.5002E-10 5.5126E-10 5.5233E-10 5.5325E-10 5.5400E-10 5.5460E-10 5.5504E-10 5.5531E-10 5.5542E-10 5.5536E-10 5.5514E-10 5.5475E-10 5.5420E-10 5.5347E-10 5.5258E-10 5.5152E-10 5.5030E-10 5.4891E-10 5.4736E-10 5.4564E-10 5.4376E-10 5.4172E-10 5.3952E-10 5.3715E-10 5.3462E-10 5.3194E-10 5.2909E-10 5.2610E-10 5.2294E-10 5.1964E-10 5.1618E-10 5.1258E-10 5.0884E-10 5.0495E-10 5.0092E-10 4.9676E-10 4.9246E-10 4.8803E-10 4.8348E-10 4.7881E-10 4.7401E-10 4.6911E-10 4.6409E-10 4.5897E-10 4.5375E-10
5.1100E-10 5.1381E-10 5.1651E-10 5.1907E-10 5.2152E-10 5.2383E-10 5.2600E-10 5.2804E-10 5.2994E-10 5.3170E-10 5.3330E-10 5.3476E-10 5.3607E-10 5.3723E-10 5.3823E-10 5.3908E-10 5.3977E-10 5.4031E-10 5.4070E-10 5.4092E-10 5.4098E-10 5.4089E-10 5.4063E-10 5.4021E-10 5.3963E-10 5.3889E-10 5.3799E-10 5.3692E-10 5.3569E-10 5.3430E-10 5.3276E-10 5.3106E-10 5.2919E-10 5.2718E-10 5.2500E-10 5.2267E-10 5.2018E-10 5.1754E-10 5.1475E-10 5.1180E-10 5.0872E-10 5.0547E-10 5.0209E-10 4.9857E-10 4.9490E-10 4.9110E-10 4.8716E-10 4.8309E-10 4.7889E-10 4.7457E-10 4.7013E-10 4.6557E-10 4.6089E-10 4.5611E-10 4.5122E-10 4.4623E-10 4.4115E-10
4.9833E-10 5.0104E-10 5.0362E-10 5.0608E-10 5.0842E-10 5.1063E-10 5.1271E-10 5.1466E-10 5.1646E-10 5.1813E-10 5.1965E-10 5.2103E-10 5.2226E-10 5.2334E-10 5.2428E-10 5.2506E-10 5.2570E-10 5.2618E-10 5.2651E-10 5.2669E-10 5.2671E-10 5.2658E-10 5.2629E-10 5.2584E-10 5.2524E-10 5.2448E-10 5.2356E-10 5.2249E-10 5.2125E-10 5.1988E-10 5.1834E-10 5.1665E-10 5.1481E-10 5.1282E-10 5.1068E-10 5.0838E-10 5.0593E-10 5.0334E-10 5.0060E-10 4.9771E-10 4.9468E-10 4.9151E-10 4.8819E-10 4.8474E-10 4.8116E-10 4.7744E-10 4.7359E-10 4.6962E-10 4.6552E-10 4.6130E-10 4.5697E-10 4.5252E-10 4.4797E-10 4.4331E-10 4.3854E-10 4.3369E-10 4.2873E-10
