Assets/Resources/2015_m01_d13_0200(utc+0800)_l00_csi_1hr_conc.grd
DSAA
         159         159
     -79.000      79.000
     -79.000      79.000
  0.0000E+00  0.2308E-05
[rows 25 to 49 of 159, columns 0 to 56 of 159]
1.4879E-11 1.4802E-11 1.4669E-11 1.4481E-11 1.4241E-11 1.3910E-11 1.3188E-11 1.2313E-11 1.1853E-11 1.1306E-11 1.0017E-11 9.5196E-12 7.2910E-12 6.8577E-12 5.5678E-12 3.4003E-12 3.1379E-12 1.0364E-12 0.0000E+00 0.0000E+00 0.0000E+00 0.0000E+00 0.0000E+00 0.0000E+00 0.0000E+00 0.0000E+00 0.0000E+00 0.0000E+00 0.0000E+00 0.0000E+00 0.0000E+00 0.0000E+00 0.0000E+00 0.0000E+00 0.0000E+00 0.0000E+00 0.0000E+00 0.0000E+00 0.0000E+00 0.0000E+00 0.0000E+00 0.0000E+00 0.0000E+00 0.0000E+00 0.0000E+00 0.0000E+00 0.0000E+00 0.0000E+00 0.0000E+00 0.0000E+00 0.0000E+00 0.0000E+00 0.0000E+00 0.0000E+00 0.0000E+00 0.0000E+00 0.0000E+00
1.9370E-11 1.9345E-11 1.9212E-11 1.8967E-11 1.8677E-11 1.8091E-11 1.7327E-11 1.6562E-11 1.5973E-11 1.5263E-11 1.3797E-11 1.3135E-11 1.1615E-11 1.0961E-11 9.4618E-12 7.0812E-12 5.6764E-12 3.3798E-12 3.0936E-12 0.0000E+00 0.0000E+00 0.0000E+00 0.0000E+00 0.0000E+00 0.0000E+00 0.0000E+00 0.0000E+00 0.0000E+00 0.0000E+00 0.0000E+00 0.0000E+00 0.0000E+00 0.0000E+00 0.0000E+00 0.0000E+00 0.0000E+00 0.0000E+00 0.0000E+00 0.0000E+00 0.0000E+00 0.0000E+00 0.0000E+00 0.0000E+00 0.0000E+00 0.0000E+00 0.0000E+00 0.0000E+00 0.0000E+00 0.0000E+00 0.0000E+00 0.0000E+00 0.0000E+00 0.0000E+00 0.0000E+00 0.0000E+00 0.0000E+00 0.0000E+00
2.4258E-11 2.4178E-11 2.4004E-11 2.3738E-11 2.3420E-11 2.2899E-11 2.2299E-11 2.1628E-11 2.0893E-11 1.9591E-11 1.8391E-11 1.7540E-11 1.5765E-11 1.4903E-11 1.3125E-11 1.1429E-11 9.7561E-12 7.1805E-12 5.6827E-12 3.2986E-12 1.0091E-12 0.0000E+00 0.0000E+00 0.0000E+00 0.0000E+00 0.0000E+00 0.0000E+00 0.0000E+00 0.0000E+00 0.0000E+00 0.0000E+00 0.0000E+00 0.0000E+00 0.0000E+00 0.0000E+00 0.0000E+00 0.0000E+00 0.0000E+00 0.0000E+00 0.0000E+00 0.0000E+00 0.0000E+00 0.0000E+00 0.0000E+00 0.0000E+00 0.0000E+00 0.0000E+00 0.0000E+00 0.0000E+00 0.0000E+00 0.0000E+00 0.0000E+00 0.0000E+00 0.0000E+00 0.0000E+00 0.0000E+00 0.0000E+00
3.0407E-11 2.9693E-11 2.9458E-11 2.9229E-11 2.8723E-11 2.8113E-11 2.7405E-11 2.6607E-11 2.5519E-11 2.4132E-11 2.2853E-11 2.1815E-11 2.0737E-11 1.9632E-11 1.7613E-11 1.6528E-11 1.4558E-11 1.1696E-11 7.7814E-12 7.1476E-12 3.4760E-12 2.0892E-12 0.0000E+00 0.0000E+00 0.0000E+00 0.0000E+00 0.0000E+00 0.0000E+00 0.0000E+00 0.0000E+00 0.0000E+00 0.0000E+00 0.0000E+00 0.0000E+00 0.0000E+00 0.0000E+00 0.0000E+00 0.0000E+00 0.0000E+00 0.0000E+00 0.0000E+00 0.0000E+00 0.0000E+00 0.0000E+00 0.0000E+00 0.0000E+00 0.0000E+00 0.0000E+00 0.0000E+00 0.0000E+00 0.0000E+00 0.0000E+00 0.0000E+00 0.0000E+00 0.0000E+00 0.0000E+00 0.0000E+00
4.0208E-11 3.9625E-11 3.8653E-11 3.7589E-11 3.6511E-11 3.5350E-11 3.4744E-11 3.4097E-11 3.3053E-11 3.2148E-11 3.0845E-11 2.9624E-11 2.7342E-11 2.5416E-11 2.2226E-11 2.0580E-11 1.9246E-11 1.5999E-11 1.2747E-11 1.0691E-11 7.5904E-12 5.7772E-12 2.0794E-12 0.0000E+00 0.0000E+00 0.0000E+00 0.0000E+00 0.0000E+00 0.0000E+00 0.0000E+00 0.0000E+00 0.0000E+00 0.0000E+00 0.0000E+00 0.0000E+00 0.0000E+00 0.0000E+00 0.0000E+00 0.0000E+00 0.0000E+00 0.0000E+00 0.0000E+00 0.0000E+00 0.0000E+00 0.0000E+00 0.0000E+00 0.0000E+00 0.0000E+00 0.0000E+00 0.0000E+00 0.0000E+00 0.0000E+00 0.0000E+00 0.0000E+00 0.0000E+00 0.0000E+00 0.0000E+00
5.1675E-11 5.1437E-11 5.1018E-11 5.0043E-11 4.8557E-11 4.6948E-11 4.5269E-11 4.3834E-11 4.2250E-11 4.0806E-11 3.9133E-11 3.7628E-11 3.6141E-11 3.4540E-11 3.2788E-11 3.0998E-11 2.7798E-11 2.4541E-11 1.8595E-11 1.6067E-11 1.2521E-11 1.0192E-11 6.8943E-12 1.0965E-12 0.0000E+00 0.0000E+00 0.0000E+00 0.0000E+00 0.0000E+00 0.0000E+00 0.0000E+00 0.0000E+00 0.0000E+00 0.0000E+00 0.0000E+00 0.0000E+00 0.0000E+00 0.0000E+00 0.0000E+00 0.0000E+00 0.0000E+00 0.0000E+00 0.0000E+00 0.0000E+00 0.0000E+00 0.0000E+00 0.0000E+00 0.0000E+00 0.0000E+00 0.0000E+00 0.0000E+00 0.0000E+00 0.0000E+00 0.0000E+00 0.0000E+00 0.0000E+00 0.0000E+00
6.7418E-11 6.7385E-11 6.7244E-11 6.6166E-11 6.4660E-11 6.2973E-11 6.1075E-11 5.8994E-11 5.6208E-11 5.4985E-11 5.3548E-11 5.2262E-11 5.0574E-11 4.8693E-11 4.5990E-11 4.3770E-11 4.0781E-11 3.7667E-11 3.4380E-11 3.1095E-11 2.7364E-11 2.1604E-11 1.3416E-11 1.0246E-11 2.2268E-12 1.0382E-12 0.0000E+00 0.0000E+00 0.0000E+00 0.0000E+00 0.0000E+00 0.0000E+00 0.0000E+00 0.0000E+00 0.0000E+00 0.0000E+00 0.0000E+00 0.0000E+00 0.0000E+00 0.0000E+00 0.0000E+00 0.0000E+00 0.0000E+00 0.0000E+00 0.0000E+00 0.0000E+00 0.0000E+00 0.0000E+00 0.0000E+00 0.0000E+00 0.0000E+00 0.0000E+00 0.0000E+00 0.0000E+00 0.0000E+00 0.0000E+00 0.0000E+00
8.6122E-11 8.5958E-11 8.5773E-11 8.5122E-11 8.3576E-11 8.2162E-11 8.0639E-11 7.8714E-11 7.6255E-11 7.4051E-11 7.1406E-11 6.9468E-11 6.7627E-11 6.5522E-11 6.3096E-11 6.1058E-11 5.8594E-11 5.6072E-11 5.2128E-11 4.8307E-11 4.0616E-11 3.5885E-11 3.1898E-11 2.8082E-11 1.6162E-11 7.2425E-12 4.9437E-12 1.7928E-12 0.0000E+00 0.0000E+00 0.0000E+00 0.0000E+00 0.0000E+00 0.0000E+00 0.0000E+00 0.0000E+00 0.0000E+00 0.0000E+00 0.0000E+00 0.0000E+00 0.0000E+00 0.0000E+00 0.0000E+00 0.0000E+00 0.0000E+00 0.0000E+00 0.0000E+00 0.0000E+00 0.0000E+00 0.0000E+00 0.0000E+00 0.0000E+00 0.0000E+00 0.0000E+00 0.0000E+00 0.0000E+00 0.0000E+00
1.0670E-10 1.0714E-10 1.0759E-10 1.0822E-10 1.0776E-10 1.0647E-10 1.0476E-10 1.0292E-10 1.0067E-10 9.8109E-11 9.5436E-11 9.2391E-11 9.0480E-11 8.8732E-11 8.7371E-11 8.6331E-11 8.4693E-11 8.2012E-11 7.7668E-11 7.2457E-11 6.7422E-11 6.3360E-11 5.6806E-11 4.8694E-11 3.8612E-11 2.7605E-11 2.0915E-11 1.5719E-11 9.1426E-12 6.0880E-12 3.3479E-12 0.0000E+00 0.0000E+00 0.0000E+00 0.0000E+00 0.0000E+00 0.0000E+00 0.0000E+00 0.0000E+00 0.0000E+00 0.0000E+00 0.0000E+00 0.0000E+00 0.0000E+00 0.0000E+00 0.0000E+00 0.0000E+00 0.0000E+00 0.0000E+00 0.0000E+00 0.0000E+00 0.0000E+00 0.0000E+00 0.0000E+00 0.0000E+00 0.0000E+00 0.0000E+00
1.3082E-10 1.3319E-10 1.3438E-10 1.3527E-10 1.3608E-10 1.3556E-10 1.3400E-10 1.3318E-10 1.3148E-10 1.2923E-10 1.2689E-10 1.2535E-10 1.2379E-10 1.1935E-10 1.1707E-10 1.1452E-10 1.1114E-10 1.0763E-10 1.0365E-10 9.8784E-11 9.4379E-11 8.8132E-11 7.9958E-11 7.0889E-11 6.4288E-11 5.2850E-11 4.4732E-11 3.5050E-11 2.7411E-11 2.0235E-11 1.2812E-11 8.9046E-12 5.9475E-12 5.1655E-13 0.0000E+00 0.0000E+00 0.0000E+00 0.0000E+00 0.0000E+00 0.0000E+00 0.0000E+00 0.0000E+00 0.0000E+00 0.0000E+00 0.0000E+00 0.0000E+00 0.0000E+00 0.0000E+00 0.0000E+00 0.0000E+00 0.0000E+00 0.0000E+00 0.0000E+00 0.0000E+00 0.0000E+00 0.0000E+00 0.0000E+00
1.5953E-10 1.6289E-10 1.6458E-10 1.6654E-10 1.6876E-10 1.7031E-10 1.7022E-10 1.6985E-10 1.6998E-10 1.6924E-10 1.6685E-10 1.6470E-10 1.6137E-10 1.5680E-10 1.5224E-10 1.5180E-10 1.5091E-10 1.4892E-10 1.4521E-10 1.3989E-10 1.3327E-10 1.2444E-10 1.1797E-10 1.1012E-10 1.0362E-10 9.3593E-11 7.2435E-11 6.3026E-11 5.4035E-11 4.3603E-11 3.4263E-11 2.3469E-11 1.4747E-11 9.3365E-12 8.3817E-12 1.5308E-12 0.0000E+00 0.0000E+00 0.0000E+00 0.0000E+00 0.0000E+00 0.0000E+00 0.0000E+00 0.0000E+00 0.0000E+00 0.0000E+00 0.0000E+00 0.0000E+00 0.0000E+00 0.0000E+00 0.0000E+00 0.0000E+00 0.0000E+00 0.0000E+00 0.0000E+00 0.0000E+00 0.0000E+00
1.9188E-10 1.9671E-10 2.0094E-10 2.0393E-10 2.0642E-10 2.0913E-10 2.1107E-10 2.1240E-10 2.1367E-10 2.1360E-10 2.1199E-10 2.0998E-10 2.0888E-10 2.0721E-10 2.0399E-10 1.9868E-10 1.9384E-10 1.9049E-10 1.8576E-10 1.7981E-10 1.7437E-10 1.6929E-10 1.6314E-10 1.5585E-10 1.4478E-10 1.2833E-10 1.1547E-10 1.0462E-10 8.9403E-11 7.6845E-11 6.0741E-11 4.6722E-11 3.2671E-11 2.5120E-11 1.7894E-11 9.4459E-12 8.3578E-12 8.3537E-13 0.0000E+00 0.0000E+00 0.0000E+00 0.0000E+00 0.0000E+00 0.0000E+00 0.0000E+00 0.0000E+00 0.0000E+00 0.0000E+00 0.0000E+00 0.0000E+00 0.0000E+00 0.0000E+00 0.0000E+00 0.0000E+00 0.0000E+00 0.0000E+00 0.0000E+00
2.2984E-10 2.3593E-10 2.4128E-10 2.4549E-10 2.5043E-10 2.5556E-10 2.5911E-10 2.6088E-10 2.6105E-10 2.6270E-10 2.6470E-10 2.6500E-10 2.6421E-10 2.6226E-10 2.5785E-10 2.5212E-10 2.4918E-10 2.4809E-10 2.4419E-10 2.3891E-10 2.3162E-10 2.2389E-10 2.1543E-10 2.0622E-10 1.9631E-10 1.8581E-10 1.7474E-10 1.5706E-10 1.3058E-10 1.1597E-10 1.0095E-10 8.4572E-11 6.9214E-11 4.7922E-11 3.3255E-11 2.5508E-11 2.0023E-11 9.2186E-12 7.4990E-12 0.0000E+00 0.0000E+00 0.0000E+00 0.0000E+00 0.0000E+00 0.0000E+00 0.0000E+00 0.0000E+00 0.0000E+00 0.0000E+00 0.0000E+00 0.0000E+00 0.0000E+00 0.0000E+00 0.0000E+00 0.0000E+00 0.0000E+00 0.0000E+00
2.7332E-10 2.8048E-10 2.8817E-10 2.9589E-10 3.0301E-10 3.0797E-10 3.1158E-10 3.1603E-10 3.2079E-10 3.2563E-10 3.2804E-10 3.2876E-10 3.2814E-10 3.3041E-10 3.3258E-10 3.3041E-10 3.2739E-10 3.1995E-10 3.1406E-10 3.0647E-10 2.9761E-10 2.9033E-10 2.8342E-10 2.7520E-10 2.6579E-10 2.5496E-10 2.4194E-10 2.2133E-10 2.0449E-10 1.8487E-10 1.6406E-10 1.3912E-10 1.1275E-10 8.4118E-11 6.0230E-11 4.8991E-11 3.5506E-11 2.5216E-11 1.8600E-11 8.6772E-12 2.7814E-12 0.0000E+00 0.0000E+00 0.0000E+00 0.0000E+00 0.0000E+00 0.0000E+00 0.0000E+00 0.0000E+00 0.0000E+00 0.0000E+00 0.0000E+00 0.0000E+00 0.0000E+00 0.0000E+00 0.0000E+00 0.0000E+00
3.2570E-10 3.3682E-10 3.4702E-10 3.5587E-10 3.6349E-10 3.7013E-10 3.7817E-10 3.8640E-10 3.9258E-10 3.9620E-10 3.9970E-10 4.0542E-10 4.1029E-10 4.1355E-10 4.1312E-10 4.1130E-10 4.0774E-10 4.0449E-10 4.0105E-10 3.9778E-10 3.8984E-10 3.7969E-10 3.6825E-10 3.5572E-10 3.4095E-10 3.2622E-10 3.1102E-10 2.9355E-10 2.7399E-10 2.5339E-10 2.2699E-10 2.0257E-10 1.7747E-10 1.5087E-10 1.1022E-10 7.9253E-11 5.7895E-11 4.7322E-11 3.3048E-11 2.3488E-11 1.3236E-11 5.9087E-12 0.0000E+00 0.0000E+00 0.0000E+00 0.0000E+00 0.0000E+00 0.0000E+00 0.0000E+00 0.0000E+00 0.0000E+00 0.0000E+00 0.0000E+00 0.0000E+00 0.0000E+00 0.0000E+00 0.0000E+00
3.8835E-10 4.0105E-10 4.1208E-10 4.2279E-10 4.3422E-10 4.4648E-10 4.5693E-10 4.6443E-10 4.7016E-10 4.7972E-10 4.9034E-10 4.9764E-10 5.0195E-10 5.0384E-10 5.0600E-10 5.0929E-10 5.1055E-10 5.0754E-10 5.0010E-10 4.9320E-10 4.8313E-10 4.7233E-10 4.6233E-10 4.4876E-10 4.3491E-10 4.2002E-10 4.0286E-10 3.8031E-10 3.5827E-10 3.2926E-10 3.0336E-10 2.7552E-10 2.4665E-10 2.1738E-10 1.7994E-10 1.2687E-10 1.0472E-10 8.7150E-11 6.4777E-11 4.9278E-11 3.2566E-11 2.4620E-11 1.2509E-11 5.1602E-12 4.4291E-12 4.1388E-12 3.8261E-12 3.4992E-12 3.1658E-12 2.9170E-12 0.0000E+00 0.0000E+00 0.0000E+00 0.0000E+00 0.0000E+00 0.0000E+00 0.0000E+00
4.6006E-10 4.7448E-10 4.8811E-10 5.0308E-10 5.1951E-10 5.3306E-10 5.4503E-10 5.5652E-10 5.6983E-10 5.8281E-10 5.9171E-10 5.9830E-10 6.0618E-10 6.1479E-10 6.2217E-10 6.2542E-10 6.2510E-10 6.2266E-10 6.1959E-10 6.1658E-10 6.0919E-10 5.9972E-10 5.8667E-10 5.7133E-10 5.5444E-10 5.3392E-10 5.1200E-10 4.8621E-10 4.6208E-10 4.3431E-10 4.0372E-10 3.7239E-10 3.3729E-10 3.0550E-10 2.7127E-10 2.3204E-10 1.7939E-10 1.4061E-10 1.1595E-10 9.8720E-11 7.0096E-11 5.6950E-11 3.3347E-11 1.8126E-11 7.0607E-12 5.5117E-12 5.0955E-12 4.6602E-12 4.3669E-12 3.6425E-12 2.9812E-12 0.0000E+00 0.0000E+00 0.0000E+00 0.0000E+00 0.0000E+00 0.0000E+00
5.4188E-10 5.6010E-10 5.8007E-10 5.9987E-10 6.1679E-10 6.3288E-10 6.5079E-10 6.6970E-10 6.8542E-10 6.9730E-10 7.0865E-10 7.2211E-10 7.3727E-10 7.4689E-10 7.5279E-10 7.5604E-10 7.6015E-10 7.6298E-10 7.6268E-10 7.5729E-10 7.5007E-10 7.4109E-10 7.2954E-10 7.1607E-10 6.9943E-10 6.7918E-10 6.5792E-10 6.3032E-10 6.0305E-10 5.7201E-10 5.3507E-10 4.9756E-10 4.5635E-10 4.1658E-10 3.7605E-10 3.3470E-10 2.8165E-10 2.2796E-10 1.9184E-10 1.6326E-10 1.3911E-10 1.1041E-10 8.2532E-11 6.0701E-11 4.1129E-11 2.4028E-11 2.0745E-11 1.4940E-11 1.3237E-11 1.1924E-11 1.0143E-11 2.9867E-12 0.0000E+00 0.0000E+00 0.0000E+00 0.0000E+00 0.0000E+00
6.3572E-10 6.6118E-10 6.8591E-10 7.0766E-10 7.2810E-10 7.5125E-10 7.7481E-10 7.9507E-10 8.1268E-10 8.3194E-10 8.5079E-10 8.6745E-10 8.8142E-10 8.9327E-10 9.0584E-10 9.1814E-10 9.2717E-10 9.3057E-10 9.3145E-10 9.2947E-10 9.2910E-10 9.2441E-10 9.1678E-10 9.0398E-10 8.8906E-10 8.6861E-10 8.3981E-10 8.1139E-10 7.7661E-10 7.4023E-10 6.9832E-10 6.5478E-10 6.0589E-10 5.5862E-10 5.0967E-10 4.6296E-10 4.1511E-10 3.4920E-10 2.9490E-10 2.5152E-10 2.1648E-10 1.8321E-10 1.4879E-10 1.1845E-10 8.1958E-11 5.8629E-11 3.4683E-11 2.8226E-11 2.2268E-11 1.6216E-11 1.2728E-11 1.0290E-11 1.7265E-12 0.0000E+00 0.0000E+00 0.0000E+00 0.0000E+00
7.4453E-10 7.7599E-10 8.0452E-10 8.3161E-10 8.6048E-10 8.8928E-10 9.1411E-10 9.3777E-10 9.6469E-10 9.9083E-10 1.0136E-09 1.0331E-09 1.0514E-09 1.0716E-09 1.0906E-09 1.1039E-09 1.1143E-09 1.1225E-09 1.1312E-09 1.1372E-09 1.1379E-09 1.1341E-09 1.1279E-09 1.1193E-09 1.1051E-09 1.0852E-09 1.0586E-09 1.0264E-09 9.9025E-10 9.4962E-10 9.0032E-10 8.4896E-10 7.9249E-10 7.3684E-10 6.8005E-10 6.2319E-10 5.6826E-10 5.1195E-10 4.3331E-10 3.7239E-10 3.2747E-10 2.8514E-10 2.4725E-10 2.0548E-10 1.6502E-10 1.2524E-10 9.0636E-11 6.5598E-11 5.4338E-11 4.0458E-11 3.3414E-11 2.4027E-11 1.0330E-11 0.0000E+00 0.0000E+00 0.0000E+00 0.0000E+00
8.6559E-10 9.0155E-10 9.3612E-10 9.7287E-10 1.0091E-09 1.0410E-09 1.0719E-09 1.1055E-09 1.1380E-09 1.1674E-09 1.1950E-09 1.2230E-09 1.2505E-09 1.2756E-09 1.2971E-09 1.3172E-09 1.3371E-09 1.3545E-09 1.3674E-09 1.3757E-09 1.3810E-09 1.3840E-09 1.3844E-09 1.3768E-09 1.3617E-09 1.3408E-09 1.3170E-09 1.2855E-09 1.2445E-09 1.1970E-09 1.1424E-09 1.0826E-09 1.0176E-09 9.5173E-10 8.8227E-10 8.1459E-10 7.4664E-10 6.8086E-10 6.1547E-10 5.3607E-10 4.6534E-10 4.1331E-10 3.5878E-10 3.0694E-10 2.6005E-10 2.1381E-10 1.5659E-10 1.1663E-10 8.2078E-11 6.4811E-11 5.2971E-11 3.5528E-11 2.7279E-11 5.4128E-12 0.0000E+00 0.0000E+00 0.0000E+00
9.9608E-10 1.0389E-09 1.0843E-09 1.1294E-09 1.1705E-09 1.2101E-09 1.2517E-09 1.2924E-09 1.3300E-09 1.3661E-09 1.4050E-09 1.4432E-09 1.4766E-09 1.5075E-09 1.5383E-09 1.5693E-09 1.5967E-09 1.6191E-09 1.6392E-09 1.6559E-09 1.6713E-09 1.6806E-09 1.6825E-09 1.6768E-09 1.6668E-09 1.6526E-09 1.6278E-09 1.5954E-09 1.5514E-09 1.5011E-09 1.4421E-09 1.3763E-09 1.3038E-09 1.2287E-09 1.1489E-09 1.0701E-09 9.9121E-10 9.1184E-10 8.3540E-10 7.5808E-10 6.6751E-10 5.8505E-10 5.1966E-10 4.5660E-10 3.9681E-10 3.3330E-10 2.7403E-10 2.0959E-10 1.5721E-10 1.1884E-10 9.5518E-11 7.0543E-11 5.3737E-11 2.9206E-11 5.1305E-13 0.0000E+00 0.0000E+00
1.1389E-09 1.1938E-09 1.2486E-09 1.3000E-09 1.3506E-09 1.4024E-09 1.4528E-09 1.4999E-09 1.5461E-09 1.5954E-09 1.6444E-09 1.6894E-09 1.7331E-09 1.7765E-09 1.8180E-09 1.8559E-09 1.8927E-09 1.9260E-09 1.9573E-09 1.9852E-09 2.0061E-09 2.0206E-09 2.0294E-09 2.0340E-09 2.0320E-09 2.0178E-09 1.9936E-09 1.9604E-09 1.9204E-09 1.8683E-09 1.8034E-09 1.7289E-09 1.6443E-09 1.5577E-09 1.4678E-09 1.3757E-09 1.2819E-09 1.1877E-09 1.0941E-09 1.0013E-09 9.0728E-10 8.0079E-10 7.0965E-10 6.3235E-10 5.5657E-10 4.7878E-10 4.0306E-10 3.3023E-10 2.4996E-10 1.8161E-10 1.4182E-10 1.0766E-10 7.8986E-11 5.6486E-11 1.5618E-11 1.3423E-12 0.0000E+00
1.2973E-09 1.3633E-09 1.4263E-09 1.4882E-09 1.5518E-09 1.6147E-09 1.6743E-09 1.7320E-09 1.7924E-09 1.8530E-09 1.9104E-09 1.9678E-09 2.0264E-09 2.0828E-09 2.1335E-09 2.1837E-09 2.2326E-09 2.2792E-09 2.3221E-09 2.3595E-09 2.3905E-09 2.4170E-09 2.4393E-09 2.4504E-09 2.4522E-09 2.4421E-09 2.4250E-09 2.3970E-09 2.3572E-09 2.3013E-09 2.2335E-09 2.1556E-09 2.0667E-09 1.9692E-09 1.8679E-09 1.7609E-09 1.6512E-09 1.5382E-09 1.4224E-09 1.3058E-09 1.1911E-09 1.0765E-09 9.4646E-10 8.4650E-10 7.5255E-10 6.5869E-10 5.7039E-10 4.8060E-10 3.9439E-10 2.9592E-10 2.2350E-10 1.7062E-10 1.2706E-10 9.3656E-11 5.8248E-11 7.2359E-12 1.6247E-12
1.4699E-09 1.5457E-09 1.6194E-09 1.6956E-09 1.7720E-09 1.8457E-09 1.9179E-09 1.9925E-09 2.0666E-09 2.1375E-09 2.2089E-09 2.2825E-09 2.3552E-09 2.4233E-09 2.4913E-09 2.5567E-09 2.6192E-09 2.6786E-09 2.7360E-09 2.7874E-09 2.8336E-09 2.8751E-09 2.9055E-09 2.9265E-09 2.9370E-09 2.9391E-09 2.9301E-09 2.9063E-09 2.8667E-09 2.8128E-09 2.7449E-09 2.6630E-09 2.5675E-09 2.4560E-09 2.3350E-09 2.2097E-09 2.0796E-09 1.9478E-09 1.8128E-09 1.6741E-09 1.5324E-09 1.3936E-09 1.2555E-09 1.1069E-09 9.8708E-10 8.6981E-10 7.5978E-10 6.4693E-10 5.4554E-10 4.3477E-10 3.2167E-10 2.4561E-10 1.8740E-10 1.3801E-10 9.3683E-11 1.8569E-11 7.7825E-12
