Assets/Resources/2015_m01_d04_2000(utc+0800)_l00_csi_1hr_conc.grd
DSAA
         159         159
     -79.000      79.000
     -79.000      79.000
  0.2546E-09  0.1220E-04
[rows 75 to 99 of 159, columns 57 to 113 of 159]
3.6233E-08 3.5720E-08 3.5355E-08 3.5108E-08 3.5451E-08 3.6258E-08 3.8266E-08 4.1563E-08 4.7135E-08 5.5661E-08 7.3439E-08 9.4323E-08 1.2224E-07 1.5756E-07 2.0166E-07 2.5182E-07 3.0133E-07 3.5141E-07 3.9361E-07 4.3039E-07 4.5218E-07 4.6241E-07 4.6936E-07 4.3849E-07 4.5859E-07 6.0009E-07 1.0769E-06 2.2127E-06 5.0545E-06 8.7616E-06 5.1902E-06 3.7179E-07 4.3634E-09 3.3031E-09 2.6346E-09 2.1257E-09 2.0087E-09 1.9442E-09 1.8942E-09 1.8498E-09 1.8104E-09 1.7761E-09 1.7385E-09 1.7083E-09 1.6785E-09 1.6468E-09 1.6181E-09 1.5898E-09 1.5573E-09 1.5301E-09 1.5033E-09 1.4769E-09 1.4488E-09 1.4232E-09 1.3961E-09 1.3693E-09 1.3452E-09
3.1817E-08 3.1316E-08 3.0956E-08 3.0729E-08 3.0788E-08 3.1586E-08 3.3368E-08 3.6233E-08 4.1137E-08 4.8664E-08 6.5203E-08 8.4402E-08 1.1117E-07 1.4725E-07 1.9152E-07 2.4114E-07 2.9147E-07 3.4215E-07 3.9929E-07 4.5924E-07 5.2327E-07 6.0093E-07 7.3162E-07 1.0038E-06 1.4604E-06 2.2745E-06 2.4989E-06 7.9283E-06 8.0215E-06 9.5072E-07 1.0001E-08 6.1915E-09 4.1025E-09 3.1465E-09 2.5268E-09 2.0686E-09 1.9858E-09 1.9301E-09 1.8794E-09 1.8446E-09 1.8054E-09 1.7645E-09 1.7339E-09 1.7038E-09 1.6717E-09 1.6426E-09 1.6140E-09 1.5834E-09 1.5534E-09 1.5263E-09 1.4996E-09 1.4711E-09 1.4453E-09 1.4177E-09 1.3906E-09 1.3661E-09 1.3399E-09
2.7707E-08 2.7230E-08 2.6851E-08 2.6629E-08 2.6527E-08 2.7004E-08 2.8421E-08 3.0904E-08 3.4948E-08 4.1139E-08 5.5672E-08 7.2583E-08 9.6760E-08 1.2872E-07 1.6768E-07 2.1045E-07 2.5781E-07 3.1400E-07 3.8158E-07 4.5951E-07 5.6009E-07 7.4347E-07 9.1206E-07 1.0140E-06 8.2920E-07 2.2994E-06 9.6039E-06 3.2420E-06 2.7904E-08 1.4704E-08 8.7996E-09 5.5014E-09 3.7742E-09 2.9717E-09 2.3879E-09 2.0360E-09 1.9701E-09 1.9180E-09 1.8719E-09 1.8321E-09 1.8002E-09 1.7595E-09 1.7291E-09 1.6991E-09 1.6671E-09 1.6382E-09 1.6096E-09 1.5792E-09 1.5494E-09 1.5223E-09 1.4957E-09 1.4673E-09 1.4415E-09 1.4141E-09 1.3871E-09 1.3627E-09 1.3366E-09
2.3946E-08 2.3497E-08 2.3097E-08 2.2854E-08 2.2711E-08 2.2710E-08 2.3730E-08 2.5842E-08 2.8900E-08 3.3460E-08 4.5442E-08 5.8921E-08 7.8122E-08 1.0383E-07 1.3472E-07 1.7079E-07 2.1352E-07 2.6585E-07 3.3157E-07 4.1298E-07 4.9667E-07 5.4843E-07 5.1779E-07 4.1344E-07 1.2196E-05 7.8006E-06 7.4119E-08 4.0306E-08 2.1109E-08 1.1895E-08 7.3581E-09 4.7246E-09 3.4220E-09 2.7689E-09 2.2170E-09 2.0170E-09 1.9534E-09 1.9088E-09 1.8659E-09 1.8264E-09 1.7920E-09 1.7543E-09 1.7239E-09 1.6941E-09 1.6623E-09 1.6334E-09 1.6050E-09 1.5724E-09 1.5450E-09 1.5181E-09 1.4915E-09 1.4633E-09 1.4376E-09 1.4103E-09 1.3834E-09 1.3591E-09 1.3311E-09
2.0551E-08 2.0106E-08 1.9727E-08 1.9441E-08 1.9282E-08 1.9189E-08 1.9602E-08 2.0642E-08 2.3063E-08 2.6140E-08 3.5236E-08 4.5194E-08 5.9809E-08 7.8694E-08 1.0136E-07 1.2846E-07 1.6078E-07 1.9980E-07 2.4734E-07 2.9792E-07 3.1991E-07 2.9757E-07 2.1510E-07 1.8101E-07 1.2570E-07 8.5447E-08 4.5596E-08 2.5325E-08 1.4515E-08 9.1512E-09 5.9176E-09 4.0151E-09 3.1091E-09 2.5428E-09 2.1009E-09 1.9911E-09 1.9392E-09 1.8926E-09 1.8526E-09 1.8204E-09 1.7794E-09 1.7487E-09 1.7185E-09 1.6863E-09 1.6571E-09 1.6284E-09 1.5977E-09 1.5677E-09 1.5404E-09 1.5136E-09 1.4849E-09 1.4590E-09 1.4313E-09 1.4041E-09 1.3795E-09 1.3532E-09 1.3274E-09
1.7563E-08 1.7113E-08 1.6742E-08 1.6449E-08 1.6214E-08 1.6106E-08 1.6008E-08 1.5968E-08 1.7007E-08 1.8775E-08 2.6827E-08 3.3991E-08 4.3887E-08 5.5873E-08 7.0314E-08 8.7281E-08 1.0666E-07 1.2735E-07 1.4610E-07 1.5615E-07 1.5659E-07 1.3890E-07 1.0889E-07 8.4781E-08 5.7484E-08 4.3480E-08 2.5856E-08 1.5470E-08 1.0252E-08 6.4238E-09 4.4934E-09 3.4350E-09 2.8162E-09 2.2957E-09 2.0337E-09 1.9716E-09 1.9283E-09 1.8857E-09 1.8460E-09 1.8140E-09 1.7734E-09 1.7428E-09 1.7128E-09 1.6808E-09 1.6517E-09 1.6231E-09 1.5926E-09 1.5627E-09 1.5356E-09 1.5089E-09 1.4804E-09 1.4546E-09 1.4270E-09 1.3999E-09 1.3754E-09 1.3493E-09 1.3236E-09
1.4960E-08 1.4534E-08 1.4156E-08 1.3870E-08 1.3635E-08 1.3417E-08 1.3260E-08 1.3195E-08 1.3110E-08 1.4312E-08 1.9517E-08 2.4966E-08 3.0313E-08 3.6900E-08 4.4517E-08 5.3097E-08 6.2053E-08 6.5921E-08 7.2222E-08 7.5496E-08 7.1473E-08 6.2988E-08 5.4294E-08 4.4504E-08 3.2147E-08 2.2513E-08 1.2997E-08 9.4092E-09 6.8812E-09 4.9758E-09 3.7172E-09 3.0197E-09 2.5099E-09 2.1252E-09 2.0069E-09 1.9573E-09 1.9117E-09 1.8714E-09 1.8391E-09 1.7979E-09 1.7671E-09 1.7367E-09 1.7043E-09 1.6749E-09 1.6461E-09 1.6176E-09 1.5850E-09 1.5576E-09 1.5306E-09 1.5017E-09 1.4756E-09 1.4478E-09 1.4225E-09 1.3956E-09 1.3712E-09 1.3431E-09 1.3196E-09
1.2689E-08 1.2315E-08 1.2011E-08 1.1692E-08 1.1371E-08 1.1198E-08 1.0990E-08 1.0828E-08 1.0726E-08 1.0791E-08 1.4006E-08 1.7035E-08 1.9345E-08 2.1078E-08 2.5390E-08 2.9343E-08 3.3387E-08 3.5351E-08 3.7751E-08 3.8651E-08 3.6390E-08 3.2918E-08 2.9809E-08 2.3057E-08 1.8953E-08 1.4206E-08 9.0332E-09 6.8533E-09 5.1483E-09 3.8923E-09 3.1635E-09 2.6649E-09 2.2141E-09 2.0457E-09 1.9855E-09 1.9445E-09 1.9038E-09 1.8640E-09 1.8319E-09 1.7911E-09 1.7604E-09 1.7302E-09 1.6980E-09 1.6688E-09 1.6401E-09 1.6094E-09 1.5794E-09 1.5522E-09 1.5253E-09 1.4966E-09 1.4706E-09 1.4429E-09 1.4157E-09 1.3910E-09 1.3646E-09 1.3388E-09 1.3154E-09
1.0772E-08 1.0440E-08 1.0159E-08 9.8737E-09 9.6066E-09 9.3789E-09 9.1716E-09 8.9823E-09 8.8516E-09 8.7075E-09 9.9673E-09 1.0660E-08 1.2201E-08 1.2687E-08 1.4441E-08 1.6776E-08 1.7807E-08 1.9383E-08 2.0393E-08 2.0656E-08 2.0193E-08 1.9032E-08 1.7292E-08 1.4085E-08 1.1623E-08 7.9820E-09 6.3625E-09 4.9891E-09 3.8830E-09 3.2030E-09 2.7494E-09 2.2746E-09 2.0755E-09 2.0158E-09 1.9717E-09 1.9288E-09 1.8886E-09 1.8562E-09 1.8217E-09 1.7839E-09 1.7535E-09 1.7235E-09 1.6915E-09 1.6625E-09 1.6339E-09 1.6011E-09 1.5736E-09 1.5465E-09 1.5198E-09 1.4913E-09 1.4654E-09 1.4379E-09 1.4108E-09 1.3862E-09 1.3580E-09 1.3343E-09 1.3110E-09
9.1865E-09 8.9219E-09 8.6421E-09 8.3914E-09 8.2139E-09 7.9881E-09 7.7862E-09 7.5911E-09 7.4028E-09 7.1442E-09 7.2607E-09 7.4848E-09 7.6814E-09 8.1090E-09 8.5372E-09 9.8898E-09 1.0961E-08 1.1600E-08 1.2042E-08 1.2146E-08 1.1664E-08 1.0897E-08 9.7135E-09 8.5524E-09 7.3332E-09 5.5598E-09 4.5107E-09 3.7013E-09 3.1475E-09 2.7590E-09 2.3039E-09 2.1149E-09 2.0513E-09 1.9982E-09 1.9607E-09 1.9200E-09 1.8802E-09 1.8481E-09 1.8072E-09 1.7765E-09 1.7462E-09 1.7139E-09 1.6847E-09 1.6558E-09 1.6250E-09 1.5949E-09 1.5676E-09 1.5406E-09 1.5118E-09 1.4857E-09 1.4579E-09 1.4305E-09 1.4057E-09 1.3792E-09 1.3532E-09 1.3297E-09 1.3065E-09
7.9125E-09 7.6802E-09 7.4725E-09 7.2612E-09 7.0759E-09 6.8974E-09 6.7206E-09 6.4773E-09 6.2168E-09 5.9859E-09 5.8172E-09 5.6805E-09 5.7179E-09 5.9021E-09 6.0489E-09 6.1815E-09 6.6493E-09 7.2674E-09 7.4120E-09 7.2756E-09 7.0136E-09 6.5973E-09 5.9161E-09 5.3237E-09 4.6798E-09 3.9073E-09 3.3586E-09 3.0180E-09 2.6928E-09 2.3177E-09 2.1365E-09 2.0774E-09 2.0261E-09 1.9851E-09 1.9440E-09 1.9038E-09 1.8715E-09 1.8370E-09 1.7992E-09 1.7687E-09 1.7387E-09 1.7066E-09 1.6776E-09 1.6489E-09 1.6184E-09 1.5885E-09 1.5613E-09 1.5345E-09 1.5059E-09 1.4800E-09 1.4523E-09 1.4251E-09 1.4004E-09 1.3721E-09 1.3483E-09 1.3249E-09 1.2978E-09
6.8955E-09 6.6827E-09 6.5271E-09 6.3682E-09 6.1873E-09 6.0294E-09 5.7836E-09 5.5323E-09 5.3227E-09 5.1206E-09 4.9207E-09 4.6945E-09 4.6103E-09 4.5345E-09 4.5165E-09 4.5485E-09 4.5956E-09 4.8482E-09 4.9790E-09 4.9540E-09 4.8105E-09 4.5478E-09 4.0243E-09 3.7099E-09 3.3613E-09 3.1001E-09 2.8379E-09 2.4400E-09 2.2783E-09 2.1607E-09 2.1085E-09 2.0580E-09 2.0091E-09 1.9748E-09 1.9342E-09 1.8945E-09 1.8624E-09 1.8216E-09 1.7909E-09 1.7606E-09 1.7283E-09 1.6990E-09 1.6702E-09 1.6393E-09 1.6091E-09 1.5817E-09 1.5547E-09 1.5259E-09 1.4997E-09 1.4718E-09 1.4465E-09 1.4195E-09 1.3929E-09 1.3668E-09 1.3432E-09 1.3198E-09 1.2911E-09
6.0832E-09 5.9064E-09 5.7460E-09 5.6029E-09 5.3517E-09 5.1023E-09 4.9728E-09 4.8170E-09 4.6007E-09 4.4075E-09 4.3135E-09 4.1406E-09 3.9656E-09 3.7990E-09 3.7124E-09 3.6732E-09 3.6380E-09 3.6013E-09 3.6232E-09 3.5762E-09 3.4842E-09 3.3416E-09 3.1974E-09 3.0288E-09 2.8289E-09 2.5105E-09 2.3147E-09 2.2453E-09 2.1827E-09 2.1308E-09 2.0812E-09 2.0349E-09 1.9981E-09 1.9571E-09 1.9170E-09 1.8848E-09 1.8530E-09 1.8127E-09 1.7822E-09 1.7522E-09 1.7202E-09 1.6912E-09 1.6625E-09 1.6320E-09 1.6020E-09 1.5748E-09 1.5480E-09 1.5193E-09 1.4934E-09 1.4657E-09 1.4384E-09 1.4137E-09 1.3873E-09 1.3614E-09 1.3378E-09 1.3107E-09 1.2861E-09
5.4020E-09 5.1892E-09 4.9027E-09 4.7956E-09 4.7041E-09 4.5327E-09 4.3600E-09 4.1881E-09 4.1120E-09 3.9498E-09 3.7923E-09 3.6385E-09 3.5620E-09 3.4759E-09 3.3827E-09 3.2817E-09 3.1765E-09 3.0815E-09 2.9674E-09 2.8543E-09 2.7529E-09 2.6392E-09 2.5526E-09 2.4794E-09 2.3902E-09 2.3273E-09 2.2659E-09 2.2050E-09 2.1518E-09 2.1099E-09 2.0577E-09 2.0207E-09 1.9867E-09 1.9462E-09 1.9067E-09 1.8748E-09 1.8340E-09 1.8035E-09 1.7733E-09 1.7410E-09 1.7118E-09 1.6830E-09 1.6522E-09 1.6220E-09 1.5946E-09 1.5676E-09 1.5387E-09 1.5126E-09 1.4846E-09 1.4593E-09 1.4322E-09 1.4077E-09 1.3794E-09 1.3557E-09 1.3324E-09 1.3035E-09 1.2810E-09
4.6543E-09 4.5626E-09 4.4366E-09 4.2049E-09 4.0870E-09 4.0234E-09 3.9532E-09 3.8086E-09 3.5891E-09 3.5293E-09 3.4652E-09 3.3960E-09 3.3166E-09 3.2365E-09 3.1543E-09 3.0635E-09 2.9736E-09 2.8776E-09 2.7904E-09 2.7042E-09 2.6161E-09 2.5382E-09 2.4690E-09 2.4025E-09 2.3297E-09 2.2828E-09 2.2304E-09 2.1738E-09 2.1305E-09 2.0874E-09 2.0427E-09 2.0085E-09 1.9679E-09 1.9280E-09 1.8960E-09 1.8549E-09 1.8242E-09 1.7939E-09 1.7640E-09 1.7321E-09 1.7031E-09 1.6746E-09 1.6440E-09 1.6141E-09 1.5870E-09 1.5602E-09 1.5315E-09 1.5056E-09 1.4779E-09 1.4506E-09 1.4258E-09 1.3994E-09 1.3735E-09 1.3499E-09 1.3227E-09 1.2981E-09 1.2757E-09
4.0712E-09 4.0095E-09 3.9526E-09 3.8943E-09 3.7055E-09 3.5553E-09 3.5026E-09 3.4529E-09 3.4008E-09 3.3353E-09 3.2705E-09 3.2017E-09 3.1226E-09 3.0465E-09 2.9692E-09 2.8929E-09 2.8155E-09 2.7443E-09 2.6656E-09 2.5955E-09 2.5293E-09 2.4572E-09 2.4017E-09 2.3466E-09 2.2916E-09 2.2459E-09 2.1940E-09 2.1521E-09 2.1088E-09 2.0663E-09 2.0297E-09 1.9960E-09 1.9559E-09 1.9167E-09 1.8850E-09 1.8445E-09 1.8141E-09 1.7841E-09 1.7520E-09 1.7229E-09 1.6942E-09 1.6634E-09 1.6333E-09 1.6060E-09 1.5791E-09 1.5502E-09 1.5241E-09 1.4962E-09 1.4709E-09 1.4438E-09 1.4193E-09 1.3910E-09 1.3673E-09 1.3439E-09 1.3150E-09 1.2925E-09 1.2671E-09
3.7363E-09 3.6253E-09 3.5341E-09 3.4916E-09 3.4518E-09 3.4008E-09 3.3505E-09 3.2993E-09 3.2397E-09 3.1756E-09 3.1120E-09 3.0438E-09 2.9819E-09 2.9141E-09 2.8416E-09 2.7745E-09 2.6979E-09 2.6360E-09 2.5823E-09 2.5181E-09 2.4611E-09 2.4129E-09 2.3529E-09 2.3049E-09 2.2653E-09 2.2116E-09 2.1727E-09 2.1369E-09 2.0942E-09 2.0501E-09 2.0164E-09 1.9761E-09 1.9367E-09 1.9049E-09 1.8642E-09 1.8337E-09 1.8036E-09 1.7739E-09 1.7422E-09 1.7133E-09 1.6849E-09 1.6545E-09 1.6247E-09 1.5976E-09 1.5709E-09 1.5424E-09 1.5165E-09 1.4888E-09 1.4616E-09 1.4369E-09 1.4105E-09 1.3845E-09 1.3610E-09 1.3338E-09 1.3091E-09 1.2868E-09 1.2597E-09
3.4545E-09 3.4151E-09 3.3809E-09 3.3417E-09 3.2943E-09 3.2480E-09 3.1963E-09 3.1429E-09 3.0880E-09 3.0379E-09 2.9812E-09 2.9231E-09 2.8631E-09 2.8058E-09 2.7413E-09 2.6882E-09 2.6264E-09 2.5693E-09 2.5080E-09 2.4610E-09 2.4148E-09 2.3663E-09 2.3209E-09 2.2784E-09 2.2413E-09 2.1922E-09 2.1565E-09 2.1138E-09 2.0696E-09 2.0359E-09 1.9955E-09 1.9560E-09 1.9242E-09 1.8928E-09 1.8527E-09 1.8226E-09 1.7928E-09 1.7609E-09 1.7321E-09 1.7035E-09 1.6730E-09 1.6430E-09 1.6158E-09 1.5890E-09 1.5603E-09 1.5343E-09 1.5064E-09 1.4790E-09 1.4542E-09 1.4276E-09 1.4015E-09 1.3778E-09 1.3545E-09 1.3256E-09 1.3031E-09 1.2776E-09 1.2521E-09
3.3387E-09 3.2990E-09 3.2563E-09 3.2171E-09 3.1748E-09 3.1304E-09 3.0753E-09 3.0291E-09 2.9806E-09 2.9243E-09 2.8718E-09 2.8176E-09 2.7655E-09 2.7167E-09 2.6613E-09 2.6079E-09 2.5632E-09 2.5115E-09 2.4630E-09 2.4234E-09 2.3764E-09 2.3335E-09 2.2964E-09 2.2596E-09 2.2105E-09 2.1750E-09 2.1399E-09 2.0907E-09 2.0546E-09 2.0214E-09 1.9816E-09 1.9427E-09 1.9114E-09 1.8711E-09 1.8409E-09 1.8111E-09 1.7792E-09 1.7502E-09 1.7217E-09 1.6935E-09 1.6632E-09 1.6336E-09 1.6067E-09 1.5801E-09 1.5517E-09 1.5259E-09 1.4984E-09 1.4712E-09 1.4466E-09 1.4182E-09 1.3944E-09 1.3709E-09 1.3438E-09 1.3192E-09 1.2968E-09 1.2697E-09 1.2463E-09
3.2493E-09 3.2053E-09 3.1636E-09 3.1192E-09 3.0745E-09 3.0276E-09 2.9866E-09 2.9443E-09 2.8945E-09 2.8455E-09 2.7984E-09 2.7463E-09 2.6983E-09 2.6501E-09 2.5990E-09 2.5575E-09 2.5142E-09 2.4706E-09 2.4326E-09 2.3948E-09 2.3497E-09 2.3129E-09 2.2764E-09 2.2302E-09 2.1923E-09 2.1575E-09 2.1156E-09 2.0723E-09 2.0392E-09 1.9994E-09 1.9605E-09 1.9292E-09 1.8914E-09 1.8586E-09 1.8288E-09 1.7994E-09 1.7679E-09 1.7393E-09 1.7110E-09 1.6807E-09 1.6510E-09 1.6240E-09 1.5973E-09 1.5688E-09 1.5429E-09 1.5152E-09 1.4880E-09 1.4632E-09 1.4368E-09 1.4108E-09 1.3872E-09 1.3639E-09 1.3351E-09 1.3126E-09 1.2872E-09 1.2617E-09 1.2372E-09
3.1741E-09 3.1321E-09 3.0931E-09 3.0509E-09 3.0070E-09 2.9629E-09 2.9198E-09 2.8677E-09 2.8271E-09 2.7853E-09 2.7376E-09 2.6915E-09 2.6498E-09 2.6085E-09 2.5675E-09 2.5266E-09 2.4836E-09 2.4461E-09 2.4089E-09 2.3669E-09 2.3279E-09 2.2919E-09 2.2536E-09 2.2083E-09 2.1737E-09 2.1321E-09 2.0888E-09 2.0560E-09 2.0234E-09 1.9773E-09 1.9461E-09 1.9152E-09 1.8755E-09 1.8458E-09 1.8164E-09 1.7848E-09 1.7562E-09 1.7280E-09 1.6976E-09 1.6678E-09 1.6408E-09 1.6140E-09 1.5877E-09 1.5595E-09 1.5339E-09 1.5065E-09 1.4795E-09 1.4550E-09 1.4268E-09 1.4031E-09 1.3797E-09 1.3527E-09 1.3281E-09 1.3058E-09 1.2788E-09 1.2555E-09 1.2312E-09
3.1088E-09 3.0712E-09 3.0315E-09 2.9885E-09 2.9499E-09 2.9116E-09 2.8662E-09 2.8263E-09 2.7835E-09 2.7386E-09 2.6982E-09 2.6576E-09 2.6172E-09 2.5771E-09 2.5397E-09 2.4946E-09 2.4578E-09 2.4213E-09 2.3798E-09 2.3413E-09 2.3057E-09 2.2679E-09 2.2229E-09 2.1887E-09 2.1548E-09 2.1042E-09 2.0716E-09 2.0393E-09 1.9933E-09 1.9621E-09 1.9314E-09 1.8916E-09 1.8619E-09 1.8326E-09 1.8036E-09 1.7725E-09 1.7443E-09 1.7164E-09 1.6864E-09 1.6570E-09 1.6303E-09 1.6039E-09 1.5756E-09 1.5499E-09 1.5225E-09 1.4954E-09 1.4709E-09 1.4446E-09 1.4187E-09 1.3952E-09 1.3681E-09 1.3434E-09 1.3210E-09 1.2958E-09 1.2703E-09 1.2459E-09 1.2220E-09
3.0448E-09 3.0107E-09 2.9736E-09 2.9386E-09 2.9007E-09 2.8569E-09 2.8182E-09 2.7825E-09 2.7409E-09 2.7020E-09 2.6628E-09 2.6234E-09 2.5843E-09 2.5479E-09 2.5035E-09 2.4676E-09 2.4317E-09 2.3908E-09 2.3529E-09 2.3179E-09 2.2806E-09 2.2360E-09 2.2022E-09 2.1687E-09 2.1208E-09 2.0860E-09 2.0540E-09 2.0152E-09 1.9772E-09 1.9466E-09 1.9095E-09 1.8773E-09 1.8481E-09 1.8192E-09 1.7881E-09 1.7599E-09 1.7321E-09 1.7021E-09 1.6727E-09 1.6460E-09 1.6196E-09 1.5912E-09 1.5655E-09 1.5380E-09 1.5130E-09 1.4863E-09 1.4620E-09 1.4340E-09 1.4104E-09 1.3872E-09 1.3584E-09 1.3359E-09 1.3105E-09 1.2868E-09 1.2636E-09 1.2394E-09 1.2139E-09
2.9928E-09 2.9585E-09 2.9206E-09 2.8846E-09 2.8464E-09 2.8134E-09 2.7797E-09 2.7399E-09 2.7028E-09 2.6649E-09 2.6271E-09 2.5892E-09 2.5537E-09 2.5103E-09 2.4752E-09 2.4402E-09 2.4000E-09 2.3628E-09 2.3284E-09 2.2942E-09 2.2475E-09 2.2142E-09 2.1811E-09 2.1410E-09 2.0992E-09 2.0675E-09 2.0290E-09 1.9912E-09 1.9608E-09 1.9308E-09 1.8918E-09 1.8627E-09 1.8339E-09 1.8029E-09 1.7748E-09 1.7470E-09 1.7171E-09 1.6877E-09 1.6611E-09 1.6347E-09 1.6086E-09 1.5806E-09 1.5552E-09 1.5280E-09 1.5012E-09 1.4769E-09 1.4488E-09 1.4252E-09 1.4019E-09 1.3750E-09 1.3505E-09 1.3282E-09 1.3012E-09 1.2778E-09 1.2536E-09 1.2297E-09 1.2044E-09
2.9307E-09 2.9016E-09 2.8689E-09 2.8357E-09 2.8047E-09 2.7731E-09 2.7354E-09 2.7000E-09 2.6640E-09 2.6277E-09 2.5913E-09 2.5572E-09 2.5148E-09 2.4807E-09 2.4465E-09 2.4072E-09 2.3707E-09 2.3370E-09 2.3035E-09 2.2599E-09 2.2246E-09 2.1920E-09 2.1523E-09 2.1109E-09 2.0796E-09 2.0486E-09 2.0039E-09 1.9739E-09 1.9441E-09 1.9053E-09 1.8764E-09 1.8477E-09 1.8194E-09 1.7889E-09 1.7612E-09 1.7339E-09 1.7044E-09 1.6755E-09 1.6492E-09 1.6231E-09 1.5952E-09 1.5698E-09 1.5426E-09 1.5157E-09 1.4914E-09 1.4653E-09 1.4396E-09 1.4163E-09 1.3933E-09 1.3647E-09 1.3424E-09 1.3172E-09 1.2918E-09 1.2674E-09 1.2435E-09 1.2211E-09 1.1980E-09
