Assets/Resources/2015_m01_d31_1800(utc+0800)_l00_csi_1hr_conc.grd
DSAA
         159         159
     -79.000      79.000
     -79.000      79.000
  0.0000E+00  0.5727E-05
[rows 50 to 74 of 159, columns 0 to 56 of 159]
5.1295E-10 5.7878E-10 6.5222E-10 7.3701E-10 8.2849E-10 9.3057E-10 1.0437E-09 1.1690E-09 1.3084E-09 1.4569E-09 1.6220E-09 1.8012E-09 1.9994E-09 2.2178E-09 2.4462E-09 2.6979E-09 2.9650E-09 3.2536E-09 3.5605E-09 3.8799E-09 4.2219E-09 4.5783E-09 4.9499E-09 5.3374E-09 5.7326E-09 6.1348E-09 6.5421E-09 6.9495E-09 7.3539E-09 7.7479E-09 8.1300E-09 8.4899E-09 8.8264E-09 9.1357E-09 9.4170E-09 9.6468E-09 9.8447E-09 9.9854E-09 1.0086E-08 1.0134E-08 1.0136E-08 1.0087E-08 9.9959E-09 9.8585E-09 9.6811E-09 9.4669E-09 9.2202E-09 8.9346E-09 8.6257E-09 8.2877E-09 7.9253E-09 7.5451E-09 7.1481E-09 6.7344E-09 6.3194E-09 5.8892E-09 5.4563E-09
4.3792E-10 4.9565E-10 5.6027E-10 6.3578E-10 7.1764E-10 8.0975E-10 9.1203E-10 1.0261E-09 1.1537E-09 1.2897E-09 1.4415E-09 1.6071E-09 1.7914E-09 1.9951E-09 2.2082E-09 2.4450E-09 2.6974E-09 2.9681E-09 3.2639E-09 3.5701E-09 3.9010E-09 4.2480E-09 4.6124E-09 4.9958E-09 5.3869E-09 5.7884E-09 6.1983E-09 6.6150E-09 7.0290E-09 7.4396E-09 7.8385E-09 8.2216E-09 8.5826E-09 8.9228E-09 9.2348E-09 9.5025E-09 9.7407E-09 9.9289E-09 1.0073E-08 1.0166E-08 1.0218E-08 1.0223E-08 1.0181E-08 1.0097E-08 9.9742E-09 9.8138E-09 9.6080E-09 9.3776E-09 9.1131E-09 8.8183E-09 8.4907E-09 8.1401E-09 7.7813E-09 7.3899E-09 6.9826E-09 6.5579E-09 6.1273E-09
3.7129E-10 4.2148E-10 4.7820E-10 5.4519E-10 6.1834E-10 7.0080E-10 7.9282E-10 8.9572E-10 1.0118E-09 1.1354E-09 1.2746E-09 1.4272E-09 1.5972E-09 1.7859E-09 1.9836E-09 2.2053E-09 2.4422E-09 2.6969E-09 2.9745E-09 3.2689E-09 3.5876E-09 3.9238E-09 4.2792E-09 4.6561E-09 5.0427E-09 5.4426E-09 5.8541E-09 6.2746E-09 6.6995E-09 7.1200E-09 7.5354E-09 7.9381E-09 8.3190E-09 8.6863E-09 9.0304E-09 9.3335E-09 9.6100E-09 9.8429E-09 1.0032E-08 1.0178E-08 1.0276E-08 1.0334E-08 1.0348E-08 1.0321E-08 1.0254E-08 1.0146E-08 1.0006E-08 9.8253E-09 9.6165E-09 9.3624E-09 9.0826E-09 8.7839E-09 8.4429E-09 8.0799E-09 7.6858E-09 7.2753E-09 6.8490E-09
3.1067E-10 3.5633E-10 4.0604E-10 4.6530E-10 5.2988E-10 6.0324E-10 6.8542E-10 7.7802E-10 8.8318E-10 9.9496E-10 1.1218E-09 1.2612E-09 1.4168E-09 1.5908E-09 1.7730E-09 1.9788E-09 2.1993E-09 2.4379E-09 2.7008E-09 2.9772E-09 3.2843E-09 3.6086E-09 3.9534E-09 4.3222E-09 4.7031E-09 5.0994E-09 5.5100E-09 5.9326E-09 6.3614E-09 6.7904E-09 7.2186E-09 7.6357E-09 8.0388E-09 8.4298E-09 8.8052E-09 9.1373E-09 9.4540E-09 9.7289E-09 9.9623E-09 1.0155E-08 1.0306E-08 1.0418E-08 1.0489E-08 1.0523E-08 1.0515E-08 1.0474E-08 1.0392E-08 1.0274E-08 1.0114E-08 9.9264E-09 9.7044E-09 9.4372E-09 9.1371E-09 8.8047E-09 8.4407E-09 8.0567E-09 7.6429E-09
2.5033E-10 2.9368E-10 3.4280E-10 3.9491E-10 4.5160E-10 5.1646E-10 5.8982E-10 6.7286E-10 7.6751E-10 8.6755E-10 9.8182E-10 1.1082E-09 1.2497E-09 1.4089E-09 1.5748E-09 1.7643E-09 1.9690E-09 2.1922E-09 2.4401E-09 2.7017E-09 2.9925E-09 3.3024E-09 3.6374E-09 3.9963E-09 4.3688E-09 4.7597E-09 5.1685E-09 5.5874E-09 6.0183E-09 6.4534E-09 6.8902E-09 7.3179E-09 7.7390E-09 8.1519E-09 8.5528E-09 8.9168E-09 9.2696E-09 9.5836E-09 9.8607E-09 1.0100E-08 1.0301E-08 1.0469E-08 1.0601E-08 1.0697E-08 1.0753E-08 1.0774E-08 1.0758E-08 1.0704E-08 1.0617E-08 1.0493E-08 1.0319E-08 1.0114E-08 9.8663E-09 9.5846E-09 9.2621E-09 8.9057E-09 8.5203E-09
1.8617E-10 2.2642E-10 2.7407E-10 3.2819E-10 3.8064E-10 4.3936E-10 5.0495E-10 5.7867E-10 6.6286E-10 7.5175E-10 8.5391E-10 9.6743E-10 1.0949E-09 1.2389E-09 1.3892E-09 1.5635E-09 1.7526E-09 1.9598E-09 2.1926E-09 2.4393E-09 2.7163E-09 3.0133E-09 3.3321E-09 3.6783E-09 4.0404E-09 4.4235E-09 4.8249E-09 5.2430E-09 5.6712E-09 6.1083E-09 6.5513E-09 6.9897E-09 7.4221E-09 7.8536E-09 8.2799E-09 8.6690E-09 9.0523E-09 9.4047E-09 9.7215E-09 1.0007E-08 1.0263E-08 1.0488E-08 1.0678E-08 1.0836E-08 1.0956E-08 1.1045E-08 1.1094E-08 1.1120E-08 1.1103E-08 1.1038E-08 1.0939E-08 1.0793E-08 1.0608E-08 1.0375E-08 1.0101E-08 9.7872E-09 9.4462E-09
1.3353E-10 1.6220E-10 2.0216E-10 2.5955E-10 3.1060E-10 3.6393E-10 4.2346E-10 4.8964E-10 5.6527E-10 6.4449E-10 7.3594E-10 8.3728E-10 9.5137E-10 1.0814E-09 1.2172E-09 1.3764E-09 1.5498E-09 1.7413E-09 1.9591E-09 2.1903E-09 2.4520E-09 2.7335E-09 3.0375E-09 3.3716E-09 3.7189E-09 4.0910E-09 4.4857E-09 4.8975E-09 5.3229E-09 5.7593E-09 6.2017E-09 6.6491E-09 7.0915E-09 7.5355E-09 7.9799E-09 8.3909E-09 8.8045E-09 9.1918E-09 9.5504E-09 9.8812E-09 1.0184E-08 1.0462E-08 1.0708E-08 1.0928E-08 1.1116E-08 1.1273E-08 1.1397E-08 1.1499E-08 1.1550E-08 1.1567E-08 1.1537E-08 1.1464E-08 1.1344E-08 1.1176E-08 1.0961E-08 1.0716E-08 1.0441E-08
9.7617E-11 1.1839E-10 1.4615E-10 1.8171E-10 2.4057E-10 2.9172E-10 3.4674E-10 4.0662E-10 4.7343E-10 5.4333E-10 6.2439E-10 7.1451E-10 8.1666E-10 9.3410E-10 1.0564E-09 1.2017E-09 1.3611E-09 1.5379E-09 1.7396E-09 1.9535E-09 2.1990E-09 2.4656E-09 2.7553E-09 3.0745E-09 3.4100E-09 3.7696E-09 4.1531E-09 4.5540E-09 4.9753E-09 5.4093E-09 5.8494E-09 6.2962E-09 6.7444E-09 7.1970E-09 7.6564E-09 8.0861E-09 8.5308E-09 8.9502E-09 9.3392E-09 9.7085E-09 1.0057E-08 1.0387E-08 1.0692E-08 1.0969E-08 1.1226E-08 1.1452E-08 1.1644E-08 1.1827E-08 1.1959E-08 1.2049E-08 1.2100E-08 1.2106E-08 1.2062E-08 1.1969E-08 1.1843E-08 1.1686E-08 1.1474E-08
7.6367E-11 9.0147E-11 1.1131E-10 1.3390E-10 1.6759E-10 2.2527E-10 2.7427E-10 3.2836E-10 3.8880E-10 4.5073E-10 5.2275E-10 6.0292E-10 6.9405E-10 7.9935E-10 9.0889E-10 1.0415E-09 1.1877E-09 1.3502E-09 1.5375E-09 1.7362E-09 1.9644E-09 2.2134E-09 2.4868E-09 2.7916E-09 3.1115E-09 3.4583E-09 3.8277E-09 4.2175E-09 4.6272E-09 5.0543E-09 5.4905E-09 5.9367E-09 6.3836E-09 6.8420E-09 7.3158E-09 7.7634E-09 8.2240E-09 8.6680E-09 9.0865E-09 9.4924E-09 9.8869E-09 1.0261E-08 1.0617E-08 1.0956E-08 1.1275E-08 1.1567E-08 1.1825E-08 1.2085E-08 1.2300E-08 1.2477E-08 1.2612E-08 1.2703E-08 1.2744E-08 1.2750E-08 1.2731E-08 1.2663E-08 1.2567E-08
5.0151E-11 7.1946E-11 8.7031E-11 1.0712E-10 1.2590E-10 1.6694E-10 2.1395E-10 2.5904E-10 3.1134E-10 3.6541E-10 4.2916E-10 4.9993E-10 5.8096E-10 6.7585E-10 7.7400E-10 8.9450E-10 1.0275E-09 1.1759E-09 1.3485E-09 1.5319E-09 1.7455E-09 1.9790E-09 2.2346E-09 2.5214E-09 2.8249E-09 3.1559E-09 3.5118E-09 3.8881E-09 4.2855E-09 4.7008E-09 5.1280E-09 5.5680E-09 6.0162E-09 6.4743E-09 6.9540E-09 7.4106E-09 7.8864E-09 8.3506E-09 8.7969E-09 9.2341E-09 9.6623E-09 1.0080E-08 1.0486E-08 1.0877E-08 1.1254E-08 1.1601E-08 1.1933E-08 1.2272E-08 1.2574E-08 1.2833E-08 1.3055E-08 1.3236E-08 1.3380E-08 1.3508E-08 1.3594E-08 1.3655E-08 1.3676E-08
1.9307E-11 3.5261E-11 5.6354E-11 8.3832E-11 1.0101E-10 1.1845E-10 1.6196E-10 2.0623E-10 2.4673E-10 2.9201E-10 3.4649E-10 4.0854E-10 4.8148E-10 5.6735E-10 6.5498E-10 7.6345E-10 8.8347E-10 1.0185E-09 1.1768E-09 1.3449E-09 1.5427E-09 1.7597E-09 1.9991E-09 2.2693E-09 2.5546E-09 2.8681E-09 3.2066E-09 3.5660E-09 3.9506E-09 4.3498E-09 4.7669E-09 5.1975E-09 5.6374E-09 6.0925E-09 6.5752E-09 7.0342E-09 7.5217E-09 8.0008E-09 8.4644E-09 8.9279E-09 9.3905E-09 9.8405E-09 1.0288E-08 1.0723E-08 1.1150E-08 1.1561E-08 1.1959E-08 1.2376E-08 1.2758E-08 1.3101E-08 1.3412E-08 1.3690E-08 1.3960E-08 1.4202E-08 1.4426E-08 1.4630E-08 1.4792E-08
1.6333E-11 1.8635E-11 3.3422E-11 4.0001E-11 6.4902E-11 9.4496E-11 1.1051E-10 1.5454E-10 1.9936E-10 2.3366E-10 2.7876E-10 3.3214E-10 3.9622E-10 4.7228E-10 5.4972E-10 6.4718E-10 7.5518E-10 8.7689E-10 1.0214E-09 1.1745E-09 1.3566E-09 1.5571E-09 1.7791E-09 2.0315E-09 2.2987E-09 2.5945E-09 2.9144E-09 3.2554E-09 3.6217E-09 4.0046E-09 4.4054E-09 4.8225E-09 5.2526E-09 5.7021E-09 6.1814E-09 6.6369E-09 7.1286E-09 7.6194E-09 8.0982E-09 8.5785E-09 9.0623E-09 9.5378E-09 1.0020E-08 1.0499E-08 1.0972E-08 1.1438E-08 1.1897E-08 1.2386E-08 1.2844E-08 1.3268E-08 1.3668E-08 1.4062E-08 1.4448E-08 1.4824E-08 1.5201E-08 1.5557E-08 1.5877E-08
1.3053E-11 1.5682E-11 1.7796E-11 2.0088E-11 3.7541E-11 5.9645E-11 8.2097E-11 1.1236E-10 1.4695E-10 1.8923E-10 2.2544E-10 2.7186E-10 3.2626E-10 3.9269E-10 4.5999E-10 5.4666E-10 6.4317E-10 7.5192E-10 8.8229E-10 1.0206E-09 1.1868E-09 1.3708E-09 1.5755E-09 1.8101E-09 2.0587E-09 2.3346E-09 2.6342E-09 2.9556E-09 3.3026E-09 3.6678E-09 4.0511E-09 4.4519E-09 4.8634E-09 5.3022E-09 5.7736E-09 6.2273E-09 6.7177E-09 7.2096E-09 7.6925E-09 8.1835E-09 8.6824E-09 9.1811E-09 9.6924E-09 1.0207E-08 1.0716E-08 1.1231E-08 1.1741E-08 1.2293E-08 1.2822E-08 1.3323E-08 1.3821E-08 1.4326E-08 1.4832E-08 1.5356E-08 1.5887E-08 1.6404E-08 1.6889E-08
7.3962E-12 1.1745E-11 1.4896E-11 1.6814E-11 1.8878E-11 2.1081E-11 4.3198E-11 6.5854E-11 1.0212E-10 1.3546E-10 1.8057E-10 2.2152E-10 2.7024E-10 3.2787E-10 3.8531E-10 4.6062E-10 5.4544E-10 6.4202E-10 7.5916E-10 8.8345E-10 1.0344E-09 1.2021E-09 1.3895E-09 1.6052E-09 1.8341E-09 2.0897E-09 2.3684E-09 2.6678E-09 2.9942E-09 3.3383E-09 3.7014E-09 4.0851E-09 4.4806E-09 4.9011E-09 5.3591E-09 5.8029E-09 6.2869E-09 6.7728E-09 7.2534E-09 7.7529E-09 8.2590E-09 8.7760E-09 9.3055E-09 9.8425E-09 1.0383E-08 1.0935E-08 1.1487E-08 1.2093E-08 1.2687E-08 1.3262E-08 1.3854E-08 1.4461E-08 1.5099E-08 1.5769E-08 1.6447E-08 1.7133E-08 1.7803E-08
2.2615E-12 5.9742E-12 1.0230E-11 1.3759E-11 1.5718E-11 1.7552E-11 1.9496E-11 3.5293E-11 4.9129E-11 8.3522E-11 1.2212E-10 1.7220E-10 2.2057E-10 2.7391E-10 3.2296E-10 3.8894E-10 4.6317E-10 5.4832E-10 6.5255E-10 7.6302E-10 8.9902E-10 1.0501E-09 1.2198E-09 1.4171E-09 1.6266E-09 1.8617E-09 2.1195E-09 2.3974E-09 2.7008E-09 3.0218E-09 3.3625E-09 3.7250E-09 4.1011E-09 4.5044E-09 4.9453E-09 5.3683E-09 5.8399E-09 6.3181E-09 6.7952E-09 7.2930E-09 7.7981E-09 8.3229E-09 8.8629E-09 9.4133E-09 9.9768E-09 1.0553E-08 1.1135E-08 1.1786E-08 1.2435E-08 1.3083E-08 1.3753E-08 1.4463E-08 1.5225E-08 1.6023E-08 1.6854E-08 1.7706E-08 1.8559E-08
0.0000E+00 1.4919E-12 4.8027E-12 7.9700E-12 1.1569E-11 1.4538E-11 1.6147E-11 2.0077E-11 2.7213E-11 4.3134E-11 7.3025E-11 1.0745E-10 1.6929E-10 2.2185E-10 2.6756E-10 3.2741E-10 3.9282E-10 4.6741E-10 5.5989E-10 6.5720E-10 7.7872E-10 9.1459E-10 1.0676E-09 1.2467E-09 1.4368E-09 1.6513E-09 1.8877E-09 2.1432E-09 2.4237E-09 2.7211E-09 3.0375E-09 3.3765E-09 3.7292E-09 4.1098E-09 4.5298E-09 4.9355E-09 5.3902E-09 5.8520E-09 6.3175E-09 6.8067E-09 7.3058E-09 7.8290E-09 8.3711E-09 8.9241E-09 9.4977E-09 1.0090E-08 1.0691E-08 1.1376E-08 1.2076E-08 1.2774E-08 1.3517E-08 1.4324E-08 1.5188E-08 1.6104E-08 1.7078E-08 1.8091E-08 1.9122E-08
0.0000E+00 0.0000E+00 7.0801E-13 2.7644E-12 5.8705E-12 9.2633E-12 1.2239E-11 1.4698E-11 1.8398E-11 2.7669E-11 3.6458E-11 6.1164E-11 1.1860E-10 1.6935E-10 2.1180E-10 2.6738E-10 3.2801E-10 3.9512E-10 4.7784E-10 5.6415E-10 6.7265E-10 7.9364E-10 9.3026E-10 1.0912E-09 1.2624E-09 1.4561E-09 1.6710E-09 1.9041E-09 2.1612E-09 2.4354E-09 2.7278E-09 3.0423E-09 3.3703E-09 3.7256E-09 4.1209E-09 4.5043E-09 4.9379E-09 5.3815E-09 5.8288E-09 6.3017E-09 6.7898E-09 7.3019E-09 7.8353E-09 8.3823E-09 8.9590E-09 9.5554E-09 1.0162E-08 1.0872E-08 1.1603E-08 1.2340E-08 1.3147E-08 1.4024E-08 1.4973E-08 1.5993E-08 1.7091E-08 1.8248E-08 1.9435E-08
0.0000E+00 0.0000E+00 0.0000E+00 0.0000E+00 1.4608E-12 4.0206E-12 6.4177E-12 9.4302E-12 1.2102E-11 1.6632E-11 2.5582E-11 3.3917E-11 5.8575E-11 1.2412E-10 1.6402E-10 2.1026E-10 2.6328E-10 3.2494E-10 4.0115E-10 4.7824E-10 5.7527E-10 6.8315E-10 8.0501E-10 9.4932E-10 1.1023E-09 1.2759E-09 1.4700E-09 1.6811E-09 1.9149E-09 2.1658E-09 2.4331E-09 2.7216E-09 3.0244E-09 3.3539E-09 3.7231E-09 4.0805E-09 4.4891E-09 4.9105E-09 5.3346E-09 5.7871E-09 6.2544E-09 6.7479E-09 7.2679E-09 7.8020E-09 8.3659E-09 8.9556E-09 9.5606E-09 1.0279E-08 1.1027E-08 1.1791E-08 1.2635E-08 1.3564E-08 1.4574E-08 1.5675E-08 1.6873E-08 1.8154E-08 1.9470E-08
0.0000E+00 0.0000E+00 0.0000E+00 0.0000E+00 0.0000E+00 3.0010E-13 1.9122E-12 4.2505E-12 6.3917E-12 8.8166E-12 1.5299E-11 2.5062E-11 3.4394E-11 7.0200E-11 1.2482E-10 1.6700E-10 2.1062E-10 2.6185E-10 3.2767E-10 3.9724E-10 4.8491E-10 5.8121E-10 6.8995E-10 8.1869E-10 9.5512E-10 1.1099E-09 1.2849E-09 1.4752E-09 1.6856E-09 1.9129E-09 2.1550E-09 2.4174E-09 2.6945E-09 2.9971E-09 3.3389E-09 3.6696E-09 4.0507E-09 4.4430E-09 4.8400E-09 5.2687E-09 5.7109E-09 6.1811E-09 6.6767E-09 7.1886E-09 7.7330E-09 8.3056E-09 8.8968E-09 9.6066E-09 1.0356E-08 1.1130E-08 1.1991E-08 1.2949E-08 1.3994E-08 1.5148E-08 1.6416E-08 1.7775E-08 1.9195E-08
0.0000E+00 0.0000E+00 0.0000E+00 0.0000E+00 0.0000E+00 0.0000E+00 0.0000E+00 4.3296E-13 1.9671E-12 3.9042E-12 7.3305E-12 1.3462E-11 2.3408E-11 3.7604E-11 8.0065E-11 1.3233E-10 1.7133E-10 2.1436E-10 2.6894E-10 3.2679E-10 4.0218E-10 4.8730E-10 5.8355E-10 6.9889E-10 8.2088E-10 9.5817E-10 1.1143E-09 1.2848E-09 1.4728E-09 1.6778E-09 1.8955E-09 2.1315E-09 2.3827E-09 2.6584E-09 2.9699E-09 3.2728E-09 3.6245E-09 3.9886E-09 4.3549E-09 4.7538E-09 5.1658E-09 5.6051E-09 6.0744E-09 6.5556E-09 7.0745E-09 7.6165E-09 8.1820E-09 8.8712E-09 9.6053E-09 1.0370E-08 1.1227E-08 1.2186E-08 1.3240E-08 1.4415E-08 1.5717E-08 1.7117E-08 1.8602E-08
0.0000E+00 0.0000E+00 0.0000E+00 0.0000E+00 0.0000E+00 0.0000E+00 0.0000E+00 0.0000E+00 0.0000E+00 3.7176E-13 1.5744E-12 4.4541E-12 1.2543E-11 2.5871E-11 3.9387E-11 8.8570E-11 1.3390E-10 1.7408E-10 2.2325E-10 2.7132E-10 3.3476E-10 4.0709E-10 4.9114E-10 5.9236E-10 6.9944E-10 8.2019E-10 9.5808E-10 1.1104E-09 1.2766E-09 1.4593E-09 1.6537E-09 1.8644E-09 2.0907E-09 2.3400E-09 2.6225E-09 2.8964E-09 3.2172E-09 3.5473E-09 3.8838E-09 4.2493E-09 4.6291E-09 5.0366E-09 5.4684E-09 5.9167E-09 6.3956E-09 6.9023E-09 7.4338E-09 8.0880E-09 8.7925E-09 9.5283E-09 1.0360E-08 1.1296E-08 1.2330E-08 1.3490E-08 1.4789E-08 1.6195E-08 1.7697E-08
0.0000E+00 0.0000E+00 0.0000E+00 0.0000E+00 0.0000E+00 0.0000E+00 0.0000E+00 0.0000E+00 0.0000E+00 0.0000E+00 0.0000E+00 1.2112E-13 4.2827E-12 1.5416E-11 2.3256E-11 5.0458E-11 9.6332E-11 1.3441E-10 1.7944E-10 2.2390E-10 2.8036E-10 3.4243E-10 4.1313E-10 5.0024E-10 5.9293E-10 6.9784E-10 8.1743E-10 9.5223E-10 1.0989E-09 1.2603E-09 1.4335E-09 1.6192E-09 1.8200E-09 2.0429E-09 2.2974E-09 2.5430E-09 2.8318E-09 3.1305E-09 3.4340E-09 3.7613E-09 4.1093E-09 4.4783E-09 4.8730E-09 5.2785E-09 5.7150E-09 6.1813E-09 6.6652E-09 7.2763E-09 7.9373E-09 8.6270E-09 9.4135E-09 1.0304E-08 1.1290E-08 1.2405E-08 1.3663E-08 1.5028E-08 1.6511E-08
0.0000E+00 0.0000E+00 0.0000E+00 0.0000E+00 0.0000E+00 0.0000E+00 0.0000E+00 0.0000E+00 0.0000E+00 0.0000E+00 0.0000E+00 0.0000E+00 2.2993E-12 8.8087E-12 1.3844E-11 2.8128E-11 6.0497E-11 9.8055E-11 1.3930E-10 1.8000E-10 2.3127E-10 2.8631E-10 3.4885E-10 4.2435E-10 5.0351E-10 5.9311E-10 6.9581E-10 8.1358E-10 9.4206E-10 1.0832E-09 1.2364E-09 1.3980E-09 1.5744E-09 1.7723E-09 1.9980E-09 2.2145E-09 2.4709E-09 2.7384E-09 3.0076E-09 3.2998E-09 3.6115E-09 3.9390E-09 4.2915E-09 4.6544E-09 5.0446E-09 5.4605E-09 5.8959E-09 6.4522E-09 7.0581E-09 7.6899E-09 8.4136E-09 9.2376E-09 1.0156E-08 1.1196E-08 1.2379E-08 1.3668E-08 1.5095E-08
0.0000E+00 0.0000E+00 0.0000E+00 0.0000E+00 0.0000E+00 0.0000E+00 0.0000E+00 0.0000E+00 0.0000E+00 0.0000E+00 0.0000E+00 0.0000E+00 2.0865E-12 7.3925E-12 9.6045E-12 1.8546E-11 3.6323E-11 6.8425E-11 1.0451E-10 1.3931E-10 1.8563E-10 2.3537E-10 2.9053E-10 3.5624E-10 4.2584E-10 5.0398E-10 5.9228E-10 6.9345E-10 8.0457E-10 9.2509E-10 1.0587E-09 1.1994E-09 1.3520E-09 1.5260E-09 1.7245E-09 1.9133E-09 2.1391E-09 2.3743E-09 2.6097E-09 2.8641E-09 3.1411E-09 3.4290E-09 3.7342E-09 4.0556E-09 4.3912E-09 4.7552E-09 5.1398E-09 5.6368E-09 6.1777E-09 6.7405E-09 7.3917E-09 8.1352E-09 8.9645E-09 9.9061E-09 1.0986E-08 1.2173E-08 1.3497E-08
0.0000E+00 0.0000E+00 0.0000E+00 0.0000E+00 0.0000E+00 0.0000E+00 0.0000E+00 0.0000E+00 0.0000E+00 0.0000E+00 0.0000E+00 0.0000E+00 1.8799E-12 6.0096E-12 8.4314E-12 1.5035E-11 2.4315E-11 4.7654E-11 7.8831E-11 1.0560E-10 1.4430E-10 1.8890E-10 2.3811E-10 2.9629E-10 3.5693E-10 4.2462E-10 5.0072E-10 5.8675E-10 6.8344E-10 7.8743E-10 9.0219E-10 1.0247E-09 1.1544E-09 1.3048E-09 1.4781E-09 1.6412E-09 1.8379E-09 2.0413E-09 2.2448E-09 2.4629E-09 2.7010E-09 2.9457E-09 3.2077E-09 3.4854E-09 3.7680E-09 4.0810E-09 4.4111E-09 4.8457E-09 5.3203E-09 5.8089E-09 6.3767E-09 7.0296E-09 7.7584E-09 8.5859E-09 9.5428E-09 1.0601E-08 1.1782E-08
