Assets/Resources/2015_m01_d10_1900(utc+0800)_l00_csi_1hr_conc.grd
DSAA
         159         159
     -79.000      79.000
     -79.000      79.000
  0.1296E-10  0.3218E-05
[rows 125 to 149 of 159, columns 57 to 113 of 159]
7.0757E-10 7.2952E-10 7.5198E-10 7.7495E-10 7.9843E-10 8.2245E-10 8.4701E-10 8.7210E-10 8.9775E-10 9.2393E-10 9.5067E-10 9.7794E-10 1.0058E-09 1.0341E-09 1.0630E-09 1.0923E-09 1.1222E-09 1.1524E-09 1.1830E-09 1.2140E-09 1.2453E-09 1.2768E-09 1.3086E-09 1.3406E-09 1.3726E-09 1.4048E-09 1.4371E-09 1.4694E-09 1.5016E-09 1.5338E-09 1.5659E-09 1.5978E-09 1.6297E-09 1.6613E-09 1.6927E-09 1.7239E-09 1.7548E-09 1.7854E-09 1.8157E-09 1.8457E-09 1.8752E-09 1.9044E-09 1.9331E-09 1.9614E-09 1.9891E-09 2.0164E-09 2.0445E-09 2.0727E-09 2.1004E-09 2.2139E-09 2.4179E-09 2.5384E-09 2.5517E-09 2.8508E-09 3.3874E-09 4.1273E-09 4.8341E-09
7.0694E-10 7.2884E-10 7.5125E-10 7.7417E-10 7.9761E-10 8.2159E-10 8.4611E-10 8.7117E-10 8.9678E-10 9.2293E-10 9.4962E-10 9.7686E-10 1.0046E-09 1.0330E-09 1.0618E-09 1.0911E-09 1.1209E-09 1.1510E-09 1.1816E-09 1.2124E-09 1.2436E-09 1.2750E-09 1.3066E-09 1.3384E-09 1.3703E-09 1.4024E-09 1.4344E-09 1.4665E-09 1.4985E-09 1.5305E-09 1.5624E-09 1.5941E-09 1.6257E-09 1.6571E-09 1.6883E-09 1.7193E-09 1.7500E-09 1.7804E-09 1.8104E-09 1.8401E-09 1.8695E-09 1.8984E-09 1.9269E-09 1.9549E-09 1.9825E-09 2.0096E-09 2.0361E-09 2.0623E-09 2.0897E-09 2.1317E-09 2.2412E-09 2.3880E-09 2.4499E-09 2.5200E-09 2.9227E-09 3.5098E-09 4.1350E-09
7.0608E-10 7.2793E-10 7.5028E-10 7.7315E-10 7.9655E-10 8.2049E-10 8.4496E-10 8.6998E-10 8.9554E-10 9.2165E-10 9.4831E-10 9.7552E-10 1.0033E-09 1.0315E-09 1.0603E-09 1.0896E-09 1.1192E-09 1.1493E-09 1.1797E-09 1.2105E-09 1.2415E-09 1.2728E-09 1.3042E-09 1.3359E-09 1.3676E-09 1.3994E-09 1.4313E-09 1.4632E-09 1.4950E-09 1.5267E-09 1.5584E-09 1.5899E-09 1.6212E-09 1.6524E-09 1.6834E-09 1.7141E-09 1.7446E-09 1.7748E-09 1.8046E-09 1.8341E-09 1.8632E-09 1.8919E-09 1.9202E-09 1.9480E-09 1.9753E-09 2.0022E-09 2.0285E-09 2.0542E-09 2.0794E-09 2.1057E-09 2.1542E-09 2.2394E-09 2.3466E-09 2.4163E-09 2.5683E-09 2.9614E-09 3.5059E-09
7.0501E-10 7.2680E-10 7.4909E-10 7.7191E-10 7.9526E-10 8.1914E-10 8.4357E-10 8.6854E-10 8.9405E-10 9.2012E-10 9.4673E-10 9.7390E-10 1.0016E-09 1.0298E-09 1.0586E-09 1.0877E-09 1.1173E-09 1.1473E-09 1.1776E-09 1.2082E-09 1.2391E-09 1.2702E-09 1.3015E-09 1.3329E-09 1.3645E-09 1.3961E-09 1.4277E-09 1.4594E-09 1.4910E-09 1.5225E-09 1.5539E-09 1.5852E-09 1.6163E-09 1.6473E-09 1.6780E-09 1.7085E-09 1.7387E-09 1.7686E-09 1.7983E-09 1.8275E-09 1.8564E-09 1.8849E-09 1.9129E-09 1.9405E-09 1.9676E-09 1.9942E-09 2.0203E-09 2.0459E-09 2.0708E-09 2.0952E-09 2.1219E-09 2.1753E-09 2.2662E-09 2.3552E-09 2.4365E-09 2.6467E-09 3.0453E-09
7.0372E-10 7.2544E-10 7.4768E-10 7.7044E-10 7.9373E-10 8.1756E-10 8.4193E-10 8.6685E-10 8.9231E-10 9.1833E-10 9.4491E-10 9.7203E-10 9.9970E-10 1.0279E-09 1.0565E-09 1.0856E-09 1.1151E-09 1.1449E-09 1.1751E-09 1.2055E-09 1.2363E-09 1.2672E-09 1.2983E-09 1.3296E-09 1.3609E-09 1.3923E-09 1.4238E-09 1.4552E-09 1.4865E-09 1.5178E-09 1.5490E-09 1.5800E-09 1.6109E-09 1.6416E-09 1.6721E-09 1.7024E-09 1.7324E-09 1.7620E-09 1.7914E-09 1.8204E-09 1.8491E-09 1.8773E-09 1.9051E-09 1.9325E-09 1.9594E-09 1.9858E-09 2.0116E-09 2.0370E-09 2.0617E-09 2.0859E-09 2.1103E-09 2.1435E-09 2.2098E-09 2.2957E-09 2.3825E-09 2.4730E-09 2.7162E-09
7.0222E-10 7.2387E-10 7.4604E-10 7.6874E-10 7.9198E-10 8.1575E-10 8.4006E-10 8.6492E-10 8.9033E-10 9.1630E-10 9.4283E-10 9.6991E-10 9.9752E-10 1.0256E-09 1.0542E-09 1.0831E-09 1.1125E-09 1.1422E-09 1.1722E-09 1.2026E-09 1.2331E-09 1.2639E-09 1.2948E-09 1.3259E-09 1.3570E-09 1.3882E-09 1.4194E-09 1.4505E-09 1.4816E-09 1.5127E-09 1.5436E-09 1.5744E-09 1.6051E-09 1.6355E-09 1.6658E-09 1.6958E-09 1.7255E-09 1.7550E-09 1.7841E-09 1.8129E-09 1.8413E-09 1.8693E-09 1.8968E-09 1.9240E-09 1.9506E-09 1.9768E-09 2.0024E-09 2.0275E-09 2.0521E-09 2.0761E-09 2.0994E-09 2.1286E-09 2.1718E-09 2.2448E-09 2.3291E-09 2.4218E-09 2.5194E-09
7.0051E-10 7.2209E-10 7.4420E-10 7.6683E-10 7.9000E-10 8.1371E-10 8.3796E-10 8.6276E-10 8.8812E-10 9.1404E-10 9.4053E-10 9.6755E-10 9.9508E-10 1.0231E-09 1.0515E-09 1.0804E-09 1.1096E-09 1.1392E-09 1.1691E-09 1.1992E-09 1.2296E-09 1.2602E-09 1.2909E-09 1.3218E-09 1.3527E-09 1.3836E-09 1.4145E-09 1.4454E-09 1.4763E-09 1.5071E-09 1.5378E-09 1.5684E-09 1.5988E-09 1.6290E-09 1.6590E-09 1.6887E-09 1.7182E-09 1.7474E-09 1.7763E-09 1.8048E-09 1.8330E-09 1.8607E-09 1.8881E-09 1.9150E-09 1.9414E-09 1.9673E-09 1.9927E-09 2.0176E-09 2.0419E-09 2.0657E-09 2.0889E-09 2.1144E-09 2.1514E-09 2.2051E-09 2.2812E-09 2.3725E-09 2.4680E-09
6.9860E-10 7.2011E-10 7.4215E-10 7.6471E-10 7.8781E-10 8.1145E-10 8.3564E-10 8.6038E-10 8.8569E-10 9.1157E-10 9.3799E-10 9.6495E-10 9.9239E-10 1.0203E-09 1.0486E-09 1.0774E-09 1.1065E-09 1.1359E-09 1.1656E-09 1.1956E-09 1.2258E-09 1.2562E-09 1.2867E-09 1.3173E-09 1.3479E-09 1.3786E-09 1.4093E-09 1.4400E-09 1.4706E-09 1.5011E-09 1.5316E-09 1.5619E-09 1.5920E-09 1.6220E-09 1.6517E-09 1.6812E-09 1.7105E-09 1.7394E-09 1.7680E-09 1.7963E-09 1.8242E-09 1.8517E-09 1.8788E-09 1.9055E-09 1.9316E-09 1.9573E-09 1.9825E-09 2.0072E-09 2.0313E-09 2.0549E-09 2.0778E-09 2.1009E-09 2.1346E-09 2.1792E-09 2.2381E-09 2.3251E-09 2.4184E-09
6.9650E-10 7.1793E-10 7.3990E-10 7.6239E-10 7.8541E-10 8.0898E-10 8.3310E-10 8.5779E-10 8.8305E-10 9.0888E-10 9.3523E-10 9.6210E-10 9.8945E-10 1.0172E-09 1.0455E-09 1.0740E-09 1.1030E-09 1.1323E-09 1.1618E-09 1.1916E-09 1.2216E-09 1.2518E-09 1.2820E-09 1.3124E-09 1.3428E-09 1.3733E-09 1.4037E-09 1.4341E-09 1.4645E-09 1.4948E-09 1.5249E-09 1.5550E-09 1.5849E-09 1.6146E-09 1.6440E-09 1.6733E-09 1.7023E-09 1.7309E-09 1.7593E-09 1.7873E-09 1.8150E-09 1.8422E-09 1.8691E-09 1.8955E-09 1.9214E-09 1.9469E-09 1.9719E-09 1.9963E-09 2.0202E-09 2.0435E-09 2.0663E-09 2.0884E-09 2.1169E-09 2.1593E-09 2.2088E-09 2.2792E-09 2.3739E-09
6.9421E-10 7.1556E-10 7.3745E-10 7.5986E-10 7.8281E-10 8.0631E-10 8.3038E-10 8.5501E-10 8.8022E-10 9.0597E-10 9.3225E-10 9.5902E-10 9.8626E-10 1.0139E-09 1.0420E-09 1.0705E-09 1.0993E-09 1.1284E-09 1.1577E-09 1.1873E-09 1.2171E-09 1.2470E-09 1.2771E-09 1.3072E-09 1.3373E-09 1.3675E-09 1.3977E-09 1.4279E-09 1.4580E-09 1.4880E-09 1.5179E-09 1.5477E-09 1.5773E-09 1.6067E-09 1.6359E-09 1.6649E-09 1.6936E-09 1.7221E-09 1.7502E-09 1.7779E-09 1.8053E-09 1.8323E-09 1.8589E-09 1.8851E-09 1.9108E-09 1.9360E-09 1.9607E-09 1.9849E-09 2.0086E-09 2.0317E-09 2.0542E-09 2.0762E-09 2.0995E-09 2.1392E-09 2.1862E-09 2.2404E-09 2.3272E-09
6.9173E-10 7.1301E-10 7.3481E-10 7.5714E-10 7.8002E-10 8.0345E-10 8.2746E-10 8.5204E-10 8.7718E-10 9.0286E-10 9.2904E-10 9.5571E-10 9.8283E-10 1.0104E-09 1.0383E-09 1.0666E-09 1.0952E-09 1.1242E-09 1.1533E-09 1.1827E-09 1.2123E-09 1.2419E-09 1.2717E-09 1.3016E-09 1.3315E-09 1.3614E-09 1.3913E-09 1.4212E-09 1.4511E-09 1.4808E-09 1.5105E-09 1.5400E-09 1.5693E-09 1.5985E-09 1.6274E-09 1.6561E-09 1.6846E-09 1.7127E-09 1.7406E-09 1.7681E-09 1.7952E-09 1.8220E-09 1.8483E-09 1.8742E-09 1.8997E-09 1.9247E-09 1.9492E-09 1.9731E-09 1.9966E-09 2.0195E-09 2.0418E-09 2.0635E-09 2.0846E-09 2.1175E-09 2.1642E-09 2.2148E-09 2.2852E-09
6.8908E-10 7.1027E-10 7.3199E-10 7.5424E-10 7.7704E-10 8.0042E-10 8.2437E-10 8.4889E-10 8.7396E-10 8.9954E-10 9.2563E-10 9.5218E-10 9.7917E-10 1.0066E-09 1.0344E-09 1.0625E-09 1.0910E-09 1.1197E-09 1.1486E-09 1.1778E-09 1.2071E-09 1.2365E-09 1.2660E-09 1.2956E-09 1.3253E-09 1.3549E-09 1.3846E-09 1.4142E-09 1.4438E-09 1.4733E-09 1.5026E-09 1.5319E-09 1.5610E-09 1.5898E-09 1.6185E-09 1.6470E-09 1.6751E-09 1.7030E-09 1.7306E-09 1.7578E-09 1.7847E-09 1.8112E-09 1.8373E-09 1.8630E-09 1.8882E-09 1.9129E-09 1.9372E-09 1.9609E-09 1.9841E-09 2.0068E-09 2.0289E-09 2.0504E-09 2.0713E-09 2.0949E-09 2.1409E-09 2.1899E-09 2.2510E-09
6.8625E-10 7.0736E-10 7.2899E-10 7.5116E-10 7.7391E-10 7.9722E-10 8.2112E-10 8.4556E-10 8.7054E-10 8.9603E-10 9.2200E-10 9.4843E-10 9.7528E-10 1.0025E-09 1.0302E-09 1.0581E-09 1.0864E-09 1.1149E-09 1.1436E-09 1.1725E-09 1.2016E-09 1.2308E-09 1.2600E-09 1.2894E-09 1.3187E-09 1.3481E-09 1.3775E-09 1.4069E-09 1.4362E-09 1.4654E-09 1.4945E-09 1.5234E-09 1.5522E-09 1.5808E-09 1.6092E-09 1.6374E-09 1.6653E-09 1.6929E-09 1.7202E-09 1.7472E-09 1.7738E-09 1.8001E-09 1.8259E-09 1.8513E-09 1.8763E-09 1.9008E-09 1.9248E-09 1.9483E-09 1.9712E-09 1.9937E-09 2.0155E-09 2.0368E-09 2.0576E-09 2.0777E-09 2.1148E-09 2.1652E-09 2.2182E-09
6.8326E-10 7.0427E-10 7.2583E-10 7.4793E-10 7.7061E-10 7.9388E-10 8.1769E-10 8.4206E-10 8.6694E-10 8.9232E-10 9.1817E-10 9.4446E-10 9.7117E-10 9.9827E-10 1.0257E-09 1.0535E-09 1.0815E-09 1.1098E-09 1.1383E-09 1.1670E-09 1.1958E-09 1.2247E-09 1.2537E-09 1.2828E-09 1.3119E-09 1.3410E-09 1.3701E-09 1.3992E-09 1.4282E-09 1.4571E-09 1.4859E-09 1.5146E-09 1.5431E-09 1.5715E-09 1.5996E-09 1.6275E-09 1.6551E-09 1.6824E-09 1.7095E-09 1.7362E-09 1.7625E-09 1.7885E-09 1.8141E-09 1.8392E-09 1.8639E-09 1.8882E-09 1.9119E-09 1.9352E-09 1.9580E-09 1.9802E-09 2.0018E-09 2.0229E-09 2.0434E-09 2.0633E-09 2.0865E-09 2.1380E-09 2.1900E-09
6.8011E-10 7.0104E-10 7.2251E-10 7.4456E-10 7.6718E-10 7.9037E-10 8.1412E-10 8.3838E-10 8.6316E-10 8.8842E-10 9.1414E-10 9.4029E-10 9.6685E-10 9.9378E-10 1.0211E-09 1.0486E-09 1.0764E-09 1.1045E-09 1.1327E-09 1.1611E-09 1.1897E-09 1.2183E-09 1.2470E-09 1.2758E-09 1.3047E-09 1.3335E-09 1.3623E-09 1.3911E-09 1.4199E-09 1.4485E-09 1.4770E-09 1.5054E-09 1.5337E-09 1.5617E-09 1.5896E-09 1.6172E-09 1.6445E-09 1.6716E-09 1.6983E-09 1.7248E-09 1.7509E-09 1.7766E-09 1.8019E-09 1.8268E-09 1.8512E-09 1.8752E-09 1.8987E-09 1.9218E-09 1.9443E-09 1.9663E-09 1.9877E-09 2.0086E-09 2.0289E-09 2.0486E-09 2.0677E-09 2.1044E-09 2.1616E-09
6.7682E-10 6.9766E-10 7.1907E-10 7.4105E-10 7.6361E-10 7.8673E-10 8.1037E-10 8.3455E-10 8.5920E-10 8.8433E-10 9.0991E-10 9.3591E-10 9.6231E-10 9.8906E-10 1.0161E-09 1.0435E-09 1.0711E-09 1.0989E-09 1.1269E-09 1.1550E-09 1.1833E-09 1.2116E-09 1.2401E-09 1.2686E-09 1.2972E-09 1.3257E-09 1.3543E-09 1.3828E-09 1.4112E-09 1.4396E-09 1.4678E-09 1.4959E-09 1.5239E-09 1.5516E-09 1.5792E-09 1.6065E-09 1.6336E-09 1.6604E-09 1.6869E-09 1.7130E-09 1.7388E-09 1.7643E-09 1.7893E-09 1.8140E-09 1.8382E-09 1.8619E-09 1.8852E-09 1.9080E-09 1.9302E-09 1.9520E-09 1.9732E-09 1.9939E-09 2.0140E-09 2.0335E-09 2.0524E-09 2.0739E-09 2.1278E-09
6.7338E-10 6.9416E-10 7.1550E-10 7.3742E-10 7.5990E-10 7.8293E-10 8.0648E-10 8.3054E-10 8.5507E-10 8.8007E-10 9.0550E-10 9.3135E-10 9.5756E-10 9.8412E-10 1.0110E-09 1.0381E-09 1.0655E-09 1.0930E-09 1.1207E-09 1.1486E-09 1.1766E-09 1.2047E-09 1.2328E-09 1.2611E-09 1.2893E-09 1.3176E-09 1.3459E-09 1.3741E-09 1.4022E-09 1.4303E-09 1.4583E-09 1.4861E-09 1.5138E-09 1.5412E-09 1.5685E-09 1.5955E-09 1.6223E-09 1.6488E-09 1.6750E-09 1.7009E-09 1.7265E-09 1.7516E-09 1.7764E-09 1.8008E-09 1.8247E-09 1.8482E-09 1.8713E-09 1.8938E-09 1.9159E-09 1.9374E-09 1.9584E-09 1.9788E-09 1.9987E-09 2.0180E-09 2.0367E-09 2.0548E-09 2.0869E-09
6.6982E-10 6.9053E-10 7.1182E-10 7.3366E-10 7.5607E-10 7.7900E-10 8.0244E-10 8.2638E-10 8.5077E-10 8.7563E-10 9.0091E-10 9.2657E-10 9.5261E-10 9.7895E-10 1.0056E-09 1.0325E-09 1.0596E-09 1.0869E-09 1.1143E-09 1.1419E-09 1.1696E-09 1.1974E-09 1.2253E-09 1.2533E-09 1.2812E-09 1.3092E-09 1.3372E-09 1.3651E-09 1.3930E-09 1.4208E-09 1.4484E-09 1.4760E-09 1.5033E-09 1.5305E-09 1.5575E-09 1.5842E-09 1.6107E-09 1.6370E-09 1.6629E-09 1.6885E-09 1.7138E-09 1.7387E-09 1.7632E-09 1.7873E-09 1.8110E-09 1.8342E-09 1.8570E-09 1.8793E-09 1.9011E-09 1.9224E-09 1.9432E-09 1.9634E-09 1.9831E-09 2.0022E-09 2.0207E-09 2.0386E-09 2.0587E-09
6.6616E-10 6.8681E-10 7.0802E-10 7.2980E-10 7.5210E-10 7.7493E-10 7.9825E-10 8.2205E-10 8.4632E-10 8.7102E-10 8.9613E-10 9.2162E-10 9.4744E-10 9.7357E-10 9.9996E-10 1.0266E-09 1.0534E-09 1.0804E-09 1.1076E-09 1.1349E-09 1.1624E-09 1.1899E-09 1.2175E-09 1.2452E-09 1.2729E-09 1.3005E-09 1.3282E-09 1.3559E-09 1.3834E-09 1.4109E-09 1.4383E-09 1.4655E-09 1.4926E-09 1.5195E-09 1.5462E-09 1.5726E-09 1.5988E-09 1.6248E-09 1.6504E-09 1.6758E-09 1.7007E-09 1.7254E-09 1.7496E-09 1.7735E-09 1.7969E-09 1.8199E-09 1.8424E-09 1.8645E-09 1.8861E-09 1.9071E-09 1.9277E-09 1.9477E-09 1.9671E-09 1.9860E-09 2.0043E-09 2.0220E-09 2.0392E-09
6.6240E-10 6.8298E-10 7.0412E-10 7.2580E-10 7.4801E-10 7.7072E-10 7.9392E-10 8.1759E-10 8.4170E-10 8.6625E-10 8.9118E-10 9.1647E-10 9.4207E-10 9.6797E-10 9.9412E-10 1.0205E-09 1.0470E-09 1.0738E-09 1.1007E-09 1.1277E-09 1.1549E-09 1.1821E-09 1.2094E-09 1.2368E-09 1.2642E-09 1.2916E-09 1.3190E-09 1.3463E-09 1.3736E-09 1.4008E-09 1.4279E-09 1.4548E-09 1.4816E-09 1.5082E-09 1.5346E-09 1.5607E-09 1.5867E-09 1.6123E-09 1.6377E-09 1.6627E-09 1.6874E-09 1.7118E-09 1.7358E-09 1.7593E-09 1.7825E-09 1.8052E-09 1.8275E-09 1.8493E-09 1.8707E-09 1.8915E-09 1.9118E-09 1.9316E-09 1.9509E-09 1.9696E-09 1.9877E-09 2.0052E-09 2.0221E-09
6.5856E-10 6.7906E-10 7.0012E-10 7.2170E-10 7.4379E-10 7.6639E-10 7.8945E-10 8.1297E-10 8.3694E-10 8.6130E-10 8.8605E-10 9.1112E-10 9.3650E-10 9.6215E-10 9.8804E-10 1.0141E-09 1.0404E-09 1.0669E-09 1.0935E-09 1.1203E-09 1.1471E-09 1.1741E-09 1.2011E-09 1.2282E-09 1.2553E-09 1.2824E-09 1.3095E-09 1.3365E-09 1.3635E-09 1.3904E-09 1.4171E-09 1.4438E-09 1.4703E-09 1.4966E-09 1.5227E-09 1.5485E-09 1.5742E-09 1.5995E-09 1.6246E-09 1.6494E-09 1.6738E-09 1.6979E-09 1.7216E-09 1.7449E-09 1.7678E-09 1.7903E-09 1.8123E-09 1.8339E-09 1.8550E-09 1.8756E-09 1.8957E-09 1.9153E-09 1.9343E-09 1.9528E-09 1.9707E-09 1.9881E-09 2.0048E-09
6.5462E-10 6.7506E-10 6.9601E-10 7.1748E-10 7.3946E-10 7.6192E-10 7.8485E-10 8.0822E-10 8.3202E-10 8.5621E-10 8.8073E-10 9.0559E-10 9.3072E-10 9.5612E-10 9.8174E-10 1.0076E-09 1.0336E-09 1.0598E-09 1.0861E-09 1.1126E-09 1.1392E-09 1.1658E-09 1.1926E-09 1.2193E-09 1.2461E-09 1.2729E-09 1.2997E-09 1.3265E-09 1.3531E-09 1.3797E-09 1.4062E-09 1.4325E-09 1.4587E-09 1.4847E-09 1.5105E-09 1.5361E-09 1.5614E-09 1.5865E-09 1.6113E-09 1.6358E-09 1.6599E-09 1.6837E-09 1.7072E-09 1.7302E-09 1.7529E-09 1.7751E-09 1.7969E-09 1.8182E-09 1.8391E-09 1.8594E-09 1.8793E-09 1.8987E-09 1.9175E-09 1.9358E-09 1.9535E-09 1.9706E-09 1.9872E-09
6.5062E-10 6.7095E-10 6.9181E-10 7.1316E-10 7.3501E-10 7.5734E-10 7.8012E-10 8.0334E-10 8.2695E-10 8.5093E-10 8.7525E-10 8.9986E-10 9.2475E-10 9.4988E-10 9.7523E-10 1.0008E-09 1.0265E-09 1.0524E-09 1.0785E-09 1.1047E-09 1.1309E-09 1.1573E-09 1.1838E-09 1.2102E-09 1.2367E-09 1.2632E-09 1.2897E-09 1.3161E-09 1.3425E-09 1.3688E-09 1.3950E-09 1.4210E-09 1.4469E-09 1.4726E-09 1.4981E-09 1.5234E-09 1.5484E-09 1.5732E-09 1.5977E-09 1.6219E-09 1.6458E-09 1.6693E-09 1.6925E-09 1.7153E-09 1.7376E-09 1.7596E-09 1.7811E-09 1.8022E-09 1.8229E-09 1.8430E-09 1.8626E-09 1.8818E-09 1.9004E-09 1.9185E-09 1.9360E-09 1.9529E-09 1.9693E-09
6.4651E-10 6.6676E-10 6.8749E-10 7.0874E-10 7.3045E-10 7.5264E-10 7.7527E-10 7.9831E-10 8.2173E-10 8.4550E-10 8.6958E-10 8.9395E-10 9.1858E-10 9.4344E-10 9.6852E-10 9.9379E-10 1.0193E-09 1.0449E-09 1.0706E-09 1.0965E-09 1.1225E-09 1.1486E-09 1.1747E-09 1.2009E-09 1.2271E-09 1.2533E-09 1.2795E-09 1.3056E-09 1.3317E-09 1.3576E-09 1.3835E-09 1.4092E-09 1.4348E-09 1.4602E-09 1.4854E-09 1.5104E-09 1.5352E-09 1.5597E-09 1.5839E-09 1.6078E-09 1.6314E-09 1.6546E-09 1.6775E-09 1.7000E-09 1.7222E-09 1.7439E-09 1.7652E-09 1.7860E-09 1.8064E-09 1.8263E-09 1.8457E-09 1.8646E-09 1.8830E-09 1.9009E-09 1.9182E-09 1.9350E-09 1.9512E-09
6.4234E-10 6.6247E-10 6.8310E-10 7.0421E-10 7.2579E-10 7.4783E-10 7.7028E-10 7.9315E-10 8.1635E-10 8.3989E-10 8.6374E-10 8.8785E-10 9.1221E-10 9.3680E-10 9.6160E-10 9.8660E-10 1.0118E-09 1.0371E-09 1.0626E-09 1.0882E-09 1.1139E-09 1.1397E-09 1.1655E-09 1.1914E-09 1.2173E-09 1.2432E-09 1.2690E-09 1.2948E-09 1.3206E-09 1.3463E-09 1.3718E-09 1.3973E-09 1.4225E-09 1.4476E-09 1.4725E-09 1.4972E-09 1.5217E-09 1.5459E-09 1.5698E-09 1.5934E-09 1.6167E-09 1.6397E-09 1.6623E-09 1.6846E-09 1.7065E-09 1.7279E-09 1.7489E-09 1.7695E-09 1.7897E-09 1.8094E-09 1.8286E-09 1.8473E-09 1.8654E-09 1.8831E-09 1.9002E-09 1.9168E-09 1.9329E-09
