Assets/Resources/2015_m01_d25_1100(utc+0800)_l00_csi_1hr_conc.grd
DSAA
         159         159
     -79.000      79.000
     -79.000      79.000
  0.0000E+00  0.2990E-04
[rows 25 to 49 of 159, columns 57 to 113 of 159]
0.0000E+00 0.0000E+00 0.0000E+00 0.0000E+00 0.0000E+00 0.0000E+00 0.0000E+00 0.0000E+00 0.0000E+00 0.0000E+00 0.0000E+00 0.0000E+00 0.0000E+00 0.0000E+00 0.0000E+00 0.0000E+00 0.0000E+00 0.0000E+00 0.0000E+00 0.0000E+00 2.8876E-12 7.9687E-11 1.8926E-10 4.4973E-10 6.7065E-10 9.7738E-10 1.3377E-09 1.7813E-09 2.3314E-09 2.9970E-09 3.7955E-09 4.7272E-09 5.7950E-09 6.9978E-09 8.3204E-09 9.7403E-09 1.1233E-08 1.2765E-08 1.4295E-08 1.5772E-08 1.7151E-08 1.8388E-08 1.9441E-08 2.0268E-08 2.0840E-08 2.1138E-08 2.1154E-08 2.0890E-08 2.0363E-08 1.9594E-08 1.8614E-08 1.7459E-08 1.6176E-08 1.4805E-08 1.3387E-08 1.1962E-08 1.0566E-08
0.0000E+00 0.0000E+00 0.0000E+00 0.0000E+00 0.0000E+00 0.0000E+00 0.0000E+00 0.0000E+00 0.0000E+00 0.0000E+00 0.0000E+00 0.0000E+00 0.0000E+00 0.0000E+00 0.0000E+00 0.0000E+00 0.0000E+00 0.0000E+00 0.0000E+00 0.0000E+00 0.0000E+00 7.2133E-11 1.8759E-10 4.1867E-10 6.5755E-10 9.6945E-10 1.3572E-09 1.8239E-09 2.3918E-09 3.0792E-09 3.9021E-09 4.8563E-09 5.9483E-09 7.1755E-09 8.5176E-09 9.9545E-09 1.1458E-08 1.2992E-08 1.4514E-08 1.5979E-08 1.7339E-08 1.8542E-08 1.9551E-08 2.0329E-08 2.0849E-08 2.1090E-08 2.1049E-08 2.0729E-08 2.0146E-08 1.9329E-08 1.8311E-08 1.7130E-08 1.5824E-08 1.4441E-08 1.3023E-08 1.1605E-08 1.0221E-08
0.0000E+00 0.0000E+00 0.0000E+00 0.0000E+00 0.0000E+00 0.0000E+00 0.0000E+00 0.0000E+00 0.0000E+00 0.0000E+00 0.0000E+00 0.0000E+00 0.0000E+00 0.0000E+00 0.0000E+00 0.0000E+00 0.0000E+00 0.0000E+00 0.0000E+00 0.0000E+00 0.0000E+00 8.7510E-11 2.5529E-10 4.3729E-10 6.5973E-10 9.7573E-10 1.3796E-09 1.8705E-09 2.4673E-09 3.1800E-09 4.0295E-09 5.0131E-09 6.1320E-09 7.3832E-09 8.7444E-09 1.0194E-08 1.1704E-08 1.3233E-08 1.4741E-08 1.6180E-08 1.7502E-08 1.8663E-08 1.9619E-08 2.0337E-08 2.0790E-08 2.0963E-08 2.0858E-08 2.0478E-08 1.9843E-08 1.8977E-08 1.7919E-08 1.6713E-08 1.5397E-08 1.4009E-08 1.2593E-08 1.1191E-08 9.8293E-09
0.0000E+00 0.0000E+00 0.0000E+00 0.0000E+00 0.0000E+00 0.0000E+00 0.0000E+00 0.0000E+00 0.0000E+00 0.0000E+00 0.0000E+00 0.0000E+00 0.0000E+00 0.0000E+00 0.0000E+00 0.0000E+00 0.0000E+00 0.0000E+00 0.0000E+00 0.0000E+00 0.0000E+00 1.0561E-10 3.0529E-10 4.6005E-10 6.7616E-10 9.9463E-10 1.4136E-09 1.9281E-09 2.5529E-09 3.2983E-09 4.1825E-09 5.1984E-09 6.3493E-09 7.6293E-09 9.0168E-09 1.0481E-08 1.1993E-08 1.3513E-08 1.4995E-08 1.6396E-08 1.7669E-08 1.8769E-08 1.9654E-08 2.0299E-08 2.0676E-08 2.0775E-08 2.0598E-08 2.0149E-08 1.9459E-08 1.8551E-08 1.7460E-08 1.6226E-08 1.4899E-08 1.3518E-08 1.2115E-08 1.0730E-08 9.3964E-09
0.0000E+00 0.0000E+00 0.0000E+00 0.0000E+00 0.0000E+00 0.0000E+00 0.0000E+00 0.0000E+00 0.0000E+00 0.0000E+00 0.0000E+00 0.0000E+00 0.0000E+00 0.0000E+00 0.0000E+00 0.0000E+00 0.0000E+00 0.0000E+00 0.0000E+00 0.0000E+00 0.0000E+00 1.0162E-10 3.1708E-10 4.9575E-10 7.1924E-10 1.0251E-09 1.4589E-09 1.9992E-09 2.6578E-09 3.4360E-09 4.3584E-09 5.4137E-09 6.6009E-09 7.9110E-09 9.3221E-09 1.0802E-08 1.2317E-08 1.3825E-08 1.5280E-08 1.6637E-08 1.7847E-08 1.8875E-08 1.9681E-08 2.0238E-08 2.0527E-08 2.0541E-08 2.0283E-08 1.9764E-08 1.9011E-08 1.8054E-08 1.6937E-08 1.5688E-08 1.4349E-08 1.2973E-08 1.1592E-08 1.0235E-08 8.9288E-09
0.0000E+00 0.0000E+00 0.0000E+00 0.0000E+00 0.0000E+00 0.0000E+00 0.0000E+00 0.0000E+00 0.0000E+00 0.0000E+00 0.0000E+00 0.0000E+00 0.0000E+00 0.0000E+00 0.0000E+00 0.0000E+00 0.0000E+00 0.0000E+00 0.0000E+00 0.0000E+00 0.0000E+00 9.3645E-11 3.3454E-10 5.3194E-10 7.7219E-10 1.0896E-09 1.5251E-09 2.0857E-09 2.7801E-09 3.5986E-09 4.5617E-09 5.6594E-09 6.8884E-09 8.2352E-09 9.6732E-09 1.1170E-08 1.2687E-08 1.4181E-08 1.5606E-08 1.6913E-08 1.8056E-08 1.9002E-08 1.9713E-08 2.0173E-08 2.0359E-08 2.0275E-08 1.9927E-08 1.9337E-08 1.8524E-08 1.7515E-08 1.6358E-08 1.5095E-08 1.3763E-08 1.2390E-08 1.1028E-08 9.7070E-09 8.4426E-09
0.0000E+00 0.0000E+00 0.0000E+00 0.0000E+00 0.0000E+00 0.0000E+00 0.0000E+00 0.0000E+00 0.0000E+00 0.0000E+00 0.0000E+00 0.0000E+00 0.0000E+00 0.0000E+00 0.0000E+00 0.0000E+00 0.0000E+00 0.0000E+00 0.0000E+00 0.0000E+00 0.0000E+00 1.3687E-10 3.6540E-10 5.7455E-10 8.3119E-10 1.1695E-09 1.6160E-09 2.1964E-09 2.9228E-09 3.7893E-09 4.8007E-09 5.9447E-09 7.2170E-09 8.5996E-09 1.0065E-08 1.1578E-08 1.3095E-08 1.4570E-08 1.5958E-08 1.7211E-08 1.8287E-08 1.9145E-08 1.9757E-08 2.0110E-08 2.0193E-08 2.0006E-08 1.9559E-08 1.8877E-08 1.7996E-08 1.6944E-08 1.5755E-08 1.4467E-08 1.3137E-08 1.1786E-08 1.0447E-08 9.1548E-09 7.9352E-09
0.0000E+00 0.0000E+00 0.0000E+00 0.0000E+00 0.0000E+00 0.0000E+00 0.0000E+00 0.0000E+00 0.0000E+00 0.0000E+00 0.0000E+00 0.0000E+00 0.0000E+00 0.0000E+00 0.0000E+00 0.0000E+00 0.0000E+00 0.0000E+00 0.0000E+00 0.0000E+00 0.0000E+00 1.7985E-10 3.9426E-10 6.2038E-10 8.9647E-10 1.2612E-09 1.7364E-09 2.3475E-09 3.1033E-09 4.0139E-09 5.0793E-09 6.2792E-09 7.6030E-09 9.0285E-09 1.0524E-08 1.2051E-08 1.3563E-08 1.5014E-08 1.6353E-08 1.7539E-08 1.8531E-08 1.9294E-08 1.9803E-08 2.0045E-08 2.0010E-08 1.9719E-08 1.9178E-08 1.8413E-08 1.7453E-08 1.6346E-08 1.5129E-08 1.3832E-08 1.2491E-08 1.1158E-08 9.8533E-09 8.5964E-09 7.4201E-09
0.0000E+00 0.0000E+00 0.0000E+00 0.0000E+00 0.0000E+00 0.0000E+00 0.0000E+00 0.0000E+00 0.0000E+00 0.0000E+00 0.0000E+00 0.0000E+00 0.0000E+00 0.0000E+00 0.0000E+00 0.0000E+00 0.0000E+00 0.0000E+00 0.0000E+00 0.0000E+00 0.0000E+00 2.0785E-10 4.2564E-10 6.6833E-10 9.7222E-10 1.3684E-09 1.8775E-09 2.5275E-09 3.3307E-09 4.2824E-09 5.4022E-09 6.6609E-09 8.0386E-09 9.5111E-09 1.1040E-08 1.2583E-08 1.4091E-08 1.5514E-08 1.6801E-08 1.7911E-08 1.8804E-08 1.9452E-08 1.9843E-08 1.9960E-08 1.9809E-08 1.9403E-08 1.8756E-08 1.7915E-08 1.6895E-08 1.5734E-08 1.4482E-08 1.3179E-08 1.1849E-08 1.0526E-08 9.2511E-09 8.0400E-09 6.9087E-09
0.0000E+00 0.0000E+00 0.0000E+00 0.0000E+00 0.0000E+00 0.0000E+00 0.0000E+00 0.0000E+00 0.0000E+00 0.0000E+00 0.0000E+00 0.0000E+00 0.0000E+00 0.0000E+00 0.0000E+00 0.0000E+00 0.0000E+00 0.0000E+00 0.0000E+00 0.0000E+00 0.0000E+00 2.3407E-10 4.6350E-10 7.2673E-10 1.0607E-09 1.4950E-09 2.0476E-09 2.7346E-09 3.5856E-09 4.5992E-09 5.7682E-09 7.0927E-09 8.5337E-09 1.0056E-08 1.1620E-08 1.3176E-08 1.4676E-08 1.6067E-08 1.7297E-08 1.8324E-08 1.9117E-08 1.9651E-08 1.9907E-08 1.9887E-08 1.9609E-08 1.9079E-08 1.8325E-08 1.7382E-08 1.6297E-08 1.5096E-08 1.3814E-08 1.2500E-08 1.1188E-08 9.8966E-09 8.6541E-09 7.4852E-09 6.4029E-09
0.0000E+00 0.0000E+00 0.0000E+00 0.0000E+00 0.0000E+00 0.0000E+00 0.0000E+00 0.0000E+00 0.0000E+00 0.0000E+00 0.0000E+00 0.0000E+00 0.0000E+00 0.0000E+00 0.0000E+00 0.0000E+00 0.0000E+00 0.0000E+00 0.0000E+00 0.0000E+00 3.8615E-11 2.6541E-10 5.0914E-10 7.9296E-10 1.1654E-09 1.6382E-09 2.2374E-09 2.9852E-09 3.8925E-09 4.9707E-09 6.2072E-09 7.5894E-09 9.0927E-09 1.0668E-08 1.2269E-08 1.3842E-08 1.5333E-08 1.6686E-08 1.7850E-08 1.8784E-08 1.9462E-08 1.9865E-08 1.9982E-08 1.9822E-08 1.9399E-08 1.8743E-08 1.7886E-08 1.6855E-08 1.5689E-08 1.4443E-08 1.3142E-08 1.1813E-08 1.0509E-08 9.2527E-09 8.0536E-09 6.9327E-09 5.9059E-09
0.0000E+00 0.0000E+00 0.0000E+00 0.0000E+00 0.0000E+00 0.0000E+00 0.0000E+00 0.0000E+00 0.0000E+00 0.0000E+00 0.0000E+00 0.0000E+00 0.0000E+00 0.0000E+00 0.0000E+00 0.0000E+00 0.0000E+00 0.0000E+00 0.0000E+00 0.0000E+00 1.0135E-10 3.0407E-10 5.6511E-10 8.7832E-10 1.2798E-09 1.8050E-09 2.4611E-09 3.2710E-09 4.2446E-09 5.3932E-09 6.7119E-09 8.1702E-09 9.7343E-09 1.1366E-08 1.3004E-08 1.4589E-08 1.6065E-08 1.7373E-08 1.8462E-08 1.9297E-08 1.9851E-08 2.0111E-08 2.0080E-08 1.9773E-08 1.9206E-08 1.8412E-08 1.7430E-08 1.6312E-08 1.5084E-08 1.3783E-08 1.2460E-08 1.1144E-08 9.8476E-09 8.6100E-09 7.4563E-09 6.3876E-09 5.4137E-09
0.0000E+00 0.0000E+00 0.0000E+00 0.0000E+00 0.0000E+00 0.0000E+00 0.0000E+00 0.0000E+00 0.0000E+00 0.0000E+00 0.0000E+00 0.0000E+00 0.0000E+00 0.0000E+00 0.0000E+00 0.0000E+00 0.0000E+00 0.0000E+00 0.0000E+00 9.5961E-12 1.4822E-10 3.5657E-10 6.3478E-10 9.7497E-10 1.4185E-09 1.9887E-09 2.7046E-09 3.5867E-09 4.6428E-09 5.8717E-09 7.2682E-09 8.8053E-09 1.0439E-08 1.2119E-08 1.3791E-08 1.5385E-08 1.6838E-08 1.8091E-08 1.9098E-08 1.9824E-08 2.0248E-08 2.0360E-08 2.0168E-08 1.9701E-08 1.8992E-08 1.8071E-08 1.6976E-08 1.5758E-08 1.4464E-08 1.3125E-08 1.1777E-08 1.0461E-08 9.1936E-09 7.9902E-09 6.8740E-09 5.8562E-09 4.9364E-09
0.0000E+00 0.0000E+00 0.0000E+00 0.0000E+00 0.0000E+00 0.0000E+00 0.0000E+00 0.0000E+00 0.0000E+00 0.0000E+00 0.0000E+00 0.0000E+00 0.0000E+00 0.0000E+00 0.0000E+00 0.0000E+00 0.0000E+00 0.0000E+00 0.0000E+00 3.4522E-11 1.9631E-10 4.2270E-10 7.1815E-10 1.0910E-09 1.5715E-09 2.1961E-09 2.9823E-09 3.9477E-09 5.0929E-09 6.4164E-09 7.8973E-09 9.5150E-09 1.1220E-08 1.2953E-08 1.4648E-08 1.6241E-08 1.7663E-08 1.8852E-08 1.9764E-08 2.0365E-08 2.0642E-08 2.0600E-08 2.0253E-08 1.9628E-08 1.8762E-08 1.7704E-08 1.6504E-08 1.5199E-08 1.3834E-08 1.2460E-08 1.1098E-08 9.7826E-09 8.5401E-09 7.3772E-09 6.3062E-09 5.3403E-09 4.4763E-09
0.0000E+00 0.0000E+00 0.0000E+00 0.0000E+00 0.0000E+00 0.0000E+00 0.0000E+00 0.0000E+00 0.0000E+00 0.0000E+00 0.0000E+00 0.0000E+00 0.0000E+00 0.0000E+00 0.0000E+00 0.0000E+00 0.0000E+00 0.0000E+00 6.2350E-12 7.2297E-11 2.5731E-10 5.0175E-10 8.0784E-10 1.2162E-09 1.7464E-09 2.4358E-09 3.3000E-09 4.3532E-09 5.5923E-09 7.0174E-09 8.6003E-09 1.0300E-08 1.2072E-08 1.3854E-08 1.5568E-08 1.7147E-08 1.8522E-08 1.9635E-08 2.0441E-08 2.0912E-08 2.1038E-08 2.0827E-08 2.0308E-08 1.9524E-08 1.8512E-08 1.7324E-08 1.6012E-08 1.4627E-08 1.3205E-08 1.1794E-08 1.0427E-08 9.1136E-09 7.8949E-09 6.7740E-09 5.7541E-09 4.8425E-09 4.0364E-09
0.0000E+00 0.0000E+00 0.0000E+00 0.0000E+00 0.0000E+00 0.0000E+00 0.0000E+00 0.0000E+00 0.0000E+00 0.0000E+00 0.0000E+00 0.0000E+00 0.0000E+00 0.0000E+00 0.0000E+00 0.0000E+00 0.0000E+00 0.0000E+00 2.5849E-11 1.2394E-10 3.2851E-10 5.8058E-10 9.1002E-10 1.3638E-09 1.9548E-09 2.7099E-09 3.6541E-09 4.8014E-09 6.1501E-09 7.6788E-09 9.3662E-09 1.1157E-08 1.2995E-08 1.4813E-08 1.6537E-08 1.8091E-08 1.9401E-08 2.0416E-08 2.1098E-08 2.1422E-08 2.1388E-08 2.1011E-08 2.0327E-08 1.9375E-08 1.8214E-08 1.6898E-08 1.5484E-08 1.4025E-08 1.2561E-08 1.1122E-08 9.7506E-09 8.4632E-09 7.2681E-09 6.1820E-09 5.2151E-09 4.3575E-09 3.6107E-09
0.0000E+00 0.0000E+00 0.0000E+00 0.0000E+00 0.0000E+00 0.0000E+00 0.0000E+00 0.0000E+00 0.0000E+00 0.0000E+00 0.0000E+00 0.0000E+00 0.0000E+00 0.0000E+00 0.0000E+00 0.0000E+00 0.0000E+00 0.0000E+00 5.6898E-11 1.7201E-10 4.1336E-10 6.6951E-10 1.0295E-09 1.5304E-09 2.1859E-09 3.0174E-09 4.0528E-09 5.3064E-09 6.7670E-09 8.4121E-09 1.0203E-08 1.2087E-08 1.3996E-08 1.5850E-08 1.7568E-08 1.9077E-08 2.0306E-08 2.1207E-08 2.1740E-08 2.1895E-08 2.1685E-08 2.1128E-08 2.0270E-08 1.9164E-08 1.7864E-08 1.6431E-08 1.4921E-08 1.3391E-08 1.1885E-08 1.0436E-08 9.0689E-09 7.8061E-09 6.6511E-09 5.6158E-09 4.6994E-09 3.8908E-09 3.2024E-09
0.0000E+00 0.0000E+00 0.0000E+00 0.0000E+00 0.0000E+00 0.0000E+00 0.0000E+00 0.0000E+00 0.0000E+00 0.0000E+00 0.0000E+00 0.0000E+00 0.0000E+00 0.0000E+00 0.0000E+00 0.0000E+00 0.0000E+00 0.0000E+00 9.9279E-11 2.4985E-10 4.8372E-10 7.7073E-10 1.1667E-09 1.7183E-09 2.4438E-09 3.3633E-09 4.4975E-09 5.8552E-09 7.4321E-09 9.1946E-09 1.1098E-08 1.3076E-08 1.5052E-08 1.6939E-08 1.8654E-08 2.0113E-08 2.1245E-08 2.2009E-08 2.2378E-08 2.2356E-08 2.1951E-08 2.1204E-08 2.0169E-08 1.8898E-08 1.7457E-08 1.5905E-08 1.4314E-08 1.2730E-08 1.1194E-08 9.7376E-09 8.3874E-09 7.1540E-09 6.0454E-09 5.0587E-09 4.1994E-09 3.4561E-09 2.8231E-09
0.0000E+00 0.0000E+00 0.0000E+00 0.0000E+00 0.0000E+00 0.0000E+00 0.0000E+00 0.0000E+00 0.0000E+00 0.0000E+00 0.0000E+00 0.0000E+00 0.0000E+00 0.0000E+00 0.0000E+00 0.0000E+00 0.0000E+00 0.0000E+00 1.2969E-10 3.3097E-10 5.5767E-10 8.7531E-10 1.3178E-09 1.9230E-09 2.7259E-09 3.7384E-09 4.9775E-09 6.4502E-09 8.1478E-09 1.0030E-08 1.2044E-08 1.4115E-08 1.6160E-08 1.8073E-08 1.9769E-08 2.1168E-08 2.2195E-08 2.2814E-08 2.3005E-08 2.2781E-08 2.2172E-08 2.1222E-08 1.9993E-08 1.8563E-08 1.6994E-08 1.5345E-08 1.3681E-08 1.2050E-08 1.0485E-08 9.0376E-09 7.7108E-09 6.5166E-09 5.4579E-09 4.5312E-09 3.7258E-09 3.0397E-09 2.4650E-09
0.0000E+00 0.0000E+00 0.0000E+00 0.0000E+00 0.0000E+00 0.0000E+00 0.0000E+00 0.0000E+00 0.0000E+00 0.0000E+00 0.0000E+00 0.0000E+00 0.0000E+00 0.0000E+00 0.0000E+00 0.0000E+00 0.0000E+00 5.7001E-12 1.7147E-10 3.8405E-10 6.2997E-10 9.8816E-10 1.4825E-09 2.1468E-09 3.0263E-09 4.1387E-09 5.4899E-09 7.0839E-09 8.9009E-09 1.0901E-08 1.3026E-08 1.5187E-08 1.7287E-08 1.9218E-08 2.0884E-08 2.2205E-08 2.3116E-08 2.3585E-08 2.3596E-08 2.3174E-08 2.2358E-08 2.1210E-08 1.9801E-08 1.8206E-08 1.6499E-08 1.4741E-08 1.3011E-08 1.1349E-08 9.7907E-09 8.3510E-09 7.0538E-09 5.8955E-09 4.8901E-09 4.0246E-09 3.2805E-09 2.6516E-09 2.1335E-09
0.0000E+00 0.0000E+00 0.0000E+00 0.0000E+00 0.0000E+00 0.0000E+00 0.0000E+00 0.0000E+00 0.0000E+00 0.0000E+00 0.0000E+00 0.0000E+00 0.0000E+00 0.0000E+00 0.0000E+00 0.0000E+00 0.0000E+00 1.5615E-11 2.1922E-10 4.3504E-10 7.0130E-10 1.1067E-09 1.6494E-09 2.3804E-09 3.3387E-09 4.5532E-09 6.0199E-09 7.7345E-09 9.6789E-09 1.1806E-08 1.4039E-08 1.6278E-08 1.8427E-08 2.0368E-08 2.2003E-08 2.3240E-08 2.4027E-08 2.4338E-08 2.4165E-08 2.3539E-08 2.2516E-08 2.1167E-08 1.9570E-08 1.7818E-08 1.5987E-08 1.4145E-08 1.2353E-08 1.0650E-08 9.0861E-09 7.6715E-09 6.4162E-09 5.3103E-09 4.3573E-09 3.5489E-09 2.8627E-09 2.2899E-09 1.8245E-09
0.0000E+00 0.0000E+00 0.0000E+00 0.0000E+00 0.0000E+00 0.0000E+00 0.0000E+00 0.0000E+00 0.0000E+00 0.0000E+00 0.0000E+00 0.0000E+00 0.0000E+00 0.0000E+00 0.0000E+00 0.0000E+00 0.0000E+00 2.7371E-11 2.7952E-10 4.8298E-10 7.7157E-10 1.2231E-09 1.8172E-09 2.6196E-09 3.6578E-09 4.9628E-09 6.5457E-09 8.3917E-09 1.0471E-08 1.2721E-08 1.5056E-08 1.7375E-08 1.9574E-08 2.1514E-08 2.3115E-08 2.4279E-08 2.4946E-08 2.5090E-08 2.4724E-08 2.3888E-08 2.2656E-08 2.1112E-08 1.9340E-08 1.7436E-08 1.5479E-08 1.3542E-08 1.1692E-08 9.9772E-09 8.4151E-09 7.0165E-09 5.7994E-09 4.7501E-09 3.8508E-09 3.1028E-09 2.4773E-09 1.9601E-09 1.5440E-09
0.0000E+00 0.0000E+00 0.0000E+00 0.0000E+00 0.0000E+00 0.0000E+00 0.0000E+00 0.0000E+00 0.0000E+00 0.0000E+00 0.0000E+00 0.0000E+00 0.0000E+00 0.0000E+00 0.0000E+00 0.0000E+00 0.0000E+00 4.8983E-11 3.0116E-10 5.2908E-10 8.3918E-10 1.3373E-09 1.9872E-09 2.8536E-09 3.9671E-09 5.3628E-09 7.0576E-09 9.0398E-09 1.1251E-08 1.3622E-08 1.6066E-08 1.8465E-08 2.0716E-08 2.2681E-08 2.4252E-08 2.5330E-08 2.5871E-08 2.5856E-08 2.5305E-08 2.4267E-08 2.2825E-08 2.1072E-08 1.9115E-08 1.7063E-08 1.4996E-08 1.2980E-08 1.1069E-08 9.3230E-09 7.7711E-09 6.4017E-09 5.2190E-09 4.2219E-09 3.3846E-09 2.6879E-09 2.1221E-09 1.6601E-09 1.2835E-09
0.0000E+00 0.0000E+00 0.0000E+00 0.0000E+00 0.0000E+00 0.0000E+00 0.0000E+00 0.0000E+00 0.0000E+00 0.0000E+00 0.0000E+00 0.0000E+00 0.0000E+00 0.0000E+00 0.0000E+00 0.0000E+00 0.0000E+00 8.1716E-11 3.1759E-10 5.6929E-10 8.9889E-10 1.4491E-09 2.1450E-09 3.0645E-09 4.2542E-09 5.7414E-09 7.5476E-09 9.6500E-09 1.1991E-08 1.4490E-08 1.7064E-08 1.9574E-08 2.1886E-08 2.3866E-08 2.5401E-08 2.6428E-08 2.6860E-08 2.6682E-08 2.5931E-08 2.4687E-08 2.3036E-08 2.1086E-08 1.8953E-08 1.6734E-08 1.4535E-08 1.2443E-08 1.0486E-08 8.7215E-09 7.1707E-09 5.8294E-09 4.6897E-09 3.7402E-09 2.9531E-09 2.3169E-09 1.7990E-09 1.3857E-09 1.0507E-09
0.0000E+00 0.0000E+00 0.0000E+00 0.0000E+00 0.0000E+00 0.0000E+00 0.0000E+00 0.0000E+00 0.0000E+00 0.0000E+00 0.0000E+00 0.0000E+00 0.0000E+00 0.0000E+00 0.0000E+00 0.0000E+00 0.0000E+00 9.0279E-11 3.2704E-10 6.0060E-10 9.4573E-10 1.5456E-09 2.2770E-09 3.2485E-09 4.5033E-09 6.0806E-09 7.9889E-09 1.0201E-08 1.2679E-08 1.5336E-08 1.8042E-08 2.0666E-08 2.3064E-08 2.5109E-08 2.6656E-08 2.7612E-08 2.7926E-08 2.7609E-08 2.6691E-08 2.5237E-08 2.3361E-08 2.1193E-08 1.8867E-08 1.6496E-08 1.4173E-08 1.1979E-08 9.9532E-09 8.1666E-09 6.6209E-09 5.3085E-09 4.2064E-09 3.3024E-09 2.5734E-09 1.9792E-09 1.5096E-09 1.1341E-09 8.4666E-10
