Assets/Resources/2015_m01_d08_1100(utc+0800)_l00_csi_1hr_conc.grd
DSAA
         159         159
     -79.000      79.000
     -79.000      79.000
  0.1245E-09  0.4493E-06
[rows 0 to 24 of 159, columns 57 to 113 of 159]
1.3121E-09 1.3488E-09 1.3862E-09 1.4234E-09 1.4615E-09 1.4995E-09 1.5375E-09 1.5763E-09 1.6152E-09 1.6537E-09 1.6926E-09 1.7312E-09 1.7704E-09 1.8092E-09 1.8480E-09 1.8866E-09 1.9248E-09 1.9633E-09 2.0010E-09 2.0389E-09 2.0759E-09 2.1124E-09 2.1488E-09 2.1844E-09 2.2199E-09 2.2543E-09 2.2884E-09 2.3217E-09 2.3540E-09 2.3858E-09 2.4164E-09 2.4465E-09 2.4756E-09 2.5035E-09 2.5307E-09 2.5565E-09 2.5816E-09 2.6060E-09 2.6285E-09 2.6498E-09 2.6702E-09 2.6895E-09 2.7071E-09 2.7235E-09 2.7386E-09 2.7532E-09 2.7657E-09 2.7771E-09 2.7868E-09 2.7952E-09 2.8023E-09 2.8080E-09 2.8129E-09 2.8158E-09 2.8175E-09 2.8177E-09 2.8166E-09
1.3445E-09 1.3825E-09 1.4209E-09 1.4591E-09 1.4979E-09 1.5373E-09 1.5763E-09 1.6161E-09 1.6558E-09 1.6954E-09 1.7356E-09 1.7755E-09 1.8155E-09 1.8554E-09 1.8949E-09 1.9348E-09 1.9740E-09 2.0136E-09 2.0522E-09 2.0908E-09 2.1288E-09 2.1669E-09 2.2039E-09 2.2404E-09 2.2768E-09 2.3121E-09 2.3470E-09 2.3808E-09 2.4142E-09 2.4468E-09 2.4784E-09 2.5089E-09 2.5387E-09 2.5679E-09 2.5954E-09 2.6218E-09 2.6474E-09 2.6718E-09 2.6947E-09 2.7164E-09 2.7378E-09 2.7573E-09 2.7752E-09 2.7918E-09 2.8074E-09 2.8216E-09 2.8341E-09 2.8452E-09 2.8550E-09 2.8633E-09 2.8708E-09 2.8764E-09 2.8805E-09 2.8832E-09 2.8845E-09 2.8844E-09 2.8830E-09
1.3777E-09 1.4168E-09 1.4559E-09 1.4957E-09 1.5353E-09 1.5757E-09 1.6161E-09 1.6565E-09 1.6975E-09 1.7381E-09 1.7794E-09 1.8204E-09 1.8612E-09 1.9024E-09 1.9430E-09 1.9840E-09 2.0242E-09 2.0645E-09 2.1042E-09 2.1441E-09 2.1830E-09 2.2221E-09 2.2601E-09 2.2975E-09 2.3346E-09 2.3711E-09 2.4068E-09 2.4418E-09 2.4756E-09 2.5089E-09 2.5418E-09 2.5730E-09 2.6032E-09 2.6329E-09 2.6610E-09 2.6879E-09 2.7143E-09 2.7395E-09 2.7629E-09 2.7853E-09 2.8064E-09 2.8259E-09 2.8441E-09 2.8612E-09 2.8769E-09 2.8909E-09 2.9035E-09 2.9146E-09 2.9243E-09 2.9329E-09 2.9397E-09 2.9549E-09 2.9589E-09 2.9615E-09 2.9626E-09 2.9623E-09 2.9606E-09
1.4115E-09 1.4514E-09 1.4919E-09 1.5327E-09 1.5734E-09 1.6146E-09 1.6564E-09 1.6978E-09 1.7399E-09 1.7817E-09 1.8237E-09 1.8661E-09 1.9080E-09 1.9503E-09 1.9920E-09 2.0338E-09 2.0751E-09 2.1167E-09 2.1575E-09 2.1984E-09 2.2384E-09 2.2781E-09 2.3174E-09 2.3560E-09 2.3938E-09 2.4311E-09 2.4677E-09 2.5040E-09 2.5387E-09 2.5725E-09 2.6060E-09 2.6379E-09 2.6691E-09 2.6997E-09 2.7284E-09 2.7562E-09 2.7829E-09 2.8080E-09 2.8318E-09 2.8546E-09 2.8761E-09 2.8959E-09 2.9143E-09 2.9316E-09 2.9471E-09 2.9711E-09 2.9839E-09 2.9953E-09 3.0054E-09 3.0138E-09 3.0210E-09 3.0263E-09 3.0301E-09 3.0324E-09 3.0333E-09 3.0326E-09 3.0304E-09
1.4462E-09 1.4868E-09 1.5284E-09 1.5701E-09 1.6118E-09 1.6545E-09 1.6973E-09 1.7399E-09 1.7829E-09 1.8257E-09 1.8692E-09 1.9127E-09 1.9557E-09 1.9989E-09 2.0416E-09 2.0848E-09 2.1272E-09 2.1699E-09 2.2117E-09 2.2534E-09 2.2947E-09 2.3355E-09 2.3758E-09 2.4154E-09 2.4541E-09 2.4928E-09 2.5301E-09 2.5671E-09 2.6026E-09 2.6372E-09 2.6715E-09 2.7047E-09 2.7366E-09 2.7673E-09 2.7966E-09 2.8250E-09 2.8522E-09 2.8778E-09 2.9020E-09 2.9252E-09 2.9467E-09 2.9767E-09 2.9956E-09 3.0134E-09 3.0297E-09 3.0441E-09 3.0570E-09 3.0684E-09 3.0782E-09 3.0868E-09 3.0936E-09 3.0987E-09 3.1023E-09 3.1043E-09 3.1048E-09 3.1038E-09 3.1016E-09
1.4812E-09 1.5229E-09 1.5653E-09 1.6084E-09 1.6513E-09 1.6950E-09 1.7387E-09 1.7824E-09 1.8268E-09 1.8711E-09 1.9154E-09 1.9598E-09 2.0039E-09 2.0485E-09 2.0925E-09 2.1368E-09 2.1803E-09 2.2238E-09 2.2670E-09 2.3098E-09 2.3522E-09 2.3940E-09 2.4352E-09 2.4760E-09 2.5160E-09 2.5553E-09 2.5934E-09 2.6313E-09 2.6683E-09 2.7040E-09 2.7388E-09 2.7722E-09 2.8048E-09 2.8362E-09 2.8661E-09 2.8948E-09 2.9225E-09 2.9583E-09 2.9833E-09 3.0072E-09 3.0297E-09 3.0503E-09 3.0695E-09 3.0872E-09 3.1036E-09 3.1182E-09 3.1312E-09 3.1426E-09 3.1527E-09 3.1609E-09 3.1675E-09 3.1724E-09 3.1758E-09 3.1776E-09 3.1780E-09 3.1766E-09 3.1737E-09
1.5165E-09 1.5593E-09 1.6031E-09 1.6473E-09 1.6913E-09 1.7359E-09 1.7811E-09 1.8259E-09 1.8715E-09 1.9167E-09 1.9622E-09 2.0081E-09 2.0533E-09 2.0991E-09 2.1442E-09 2.1894E-09 2.2343E-09 2.2790E-09 2.3233E-09 2.3672E-09 2.4110E-09 2.4537E-09 2.4963E-09 2.5377E-09 2.5786E-09 2.6188E-09 2.6585E-09 2.6970E-09 2.7346E-09 2.7712E-09 2.8068E-09 2.8409E-09 2.8739E-09 2.9060E-09 2.9463E-09 2.9762E-09 3.0045E-09 3.0317E-09 3.0572E-09 3.0812E-09 3.1040E-09 3.1250E-09 3.1445E-09 3.1627E-09 3.1790E-09 3.1937E-09 3.2067E-09 3.2184E-09 3.2282E-09 3.2363E-09 3.2427E-09 3.2475E-09 3.2506E-09 3.2521E-09 3.2519E-09 3.2501E-09 3.2467E-09
1.5523E-09 1.5965E-09 1.6415E-09 1.6866E-09 1.7317E-09 1.7778E-09 1.8242E-09 1.8702E-09 1.9167E-09 1.9633E-09 2.0101E-09 2.0571E-09 2.1036E-09 2.1503E-09 2.1968E-09 2.2432E-09 2.2893E-09 2.3351E-09 2.3806E-09 2.4257E-09 2.4706E-09 2.5143E-09 2.5580E-09 2.6004E-09 2.6429E-09 2.6839E-09 2.7242E-09 2.7637E-09 2.8021E-09 2.8393E-09 2.8756E-09 2.9105E-09 2.9543E-09 2.9875E-09 3.0193E-09 3.0496E-09 3.0784E-09 3.1062E-09 3.1321E-09 3.1565E-09 3.1798E-09 3.2011E-09 3.2208E-09 3.2392E-09 3.2557E-09 3.2705E-09 3.2836E-09 3.2950E-09 3.3047E-09 3.3127E-09 3.3190E-09 3.3235E-09 3.3264E-09 3.3276E-09 3.3271E-09 3.3249E-09 3.3210E-09
1.5889E-09 1.6343E-09 1.6802E-09 1.7264E-09 1.7731E-09 1.8204E-09 1.8676E-09 1.9149E-09 1.9629E-09 2.0107E-09 2.0587E-09 2.1067E-09 2.1544E-09 2.2026E-09 2.2503E-09 2.2979E-09 2.3452E-09 2.3924E-09 2.4393E-09 2.4852E-09 2.5311E-09 2.5760E-09 2.6210E-09 2.6648E-09 2.7078E-09 2.7500E-09 2.7911E-09 2.8311E-09 2.8705E-09 2.9183E-09 2.9559E-09 2.9923E-09 3.0272E-09 3.0608E-09 3.0934E-09 3.1242E-09 3.1540E-09 3.1819E-09 3.2084E-09 3.2335E-09 3.2568E-09 3.2785E-09 3.2985E-09 3.3168E-09 3.3334E-09 3.3483E-09 3.3615E-09 3.3729E-09 3.3825E-09 3.4015E-09 3.4078E-09 3.4124E-09 3.4152E-09 3.4163E-09 3.4156E-09 3.4135E-09 3.4094E-09
1.6261E-09 1.6724E-09 1.7197E-09 1.7675E-09 1.8151E-09 1.8633E-09 1.9118E-09 1.9606E-09 2.0098E-09 2.0586E-09 2.1078E-09 2.1574E-09 2.2063E-09 2.2557E-09 2.3047E-09 2.3537E-09 2.4022E-09 2.4504E-09 2.4985E-09 2.5456E-09 2.5930E-09 2.6392E-09 2.6848E-09 2.7297E-09 2.7735E-09 2.8167E-09 2.8587E-09 2.9099E-09 2.9504E-09 2.9900E-09 3.0282E-09 3.0654E-09 3.1011E-09 3.1354E-09 3.1687E-09 3.2002E-09 3.2305E-09 3.2590E-09 3.2859E-09 3.3112E-09 3.3349E-09 3.3569E-09 3.3771E-09 3.3957E-09 3.4125E-09 3.4387E-09 3.4522E-09 3.4640E-09 3.4738E-09 3.4823E-09 3.4885E-09 3.4929E-09 3.4955E-09 3.4963E-09 3.4956E-09 3.4928E-09 3.4883E-09
1.6636E-09 1.7113E-09 1.7599E-09 1.8086E-09 1.8574E-09 1.9071E-09 1.9569E-09 2.0069E-09 2.0571E-09 2.1075E-09 2.1580E-09 2.2088E-09 2.2590E-09 2.3098E-09 2.3601E-09 2.4102E-09 2.4599E-09 2.5094E-09 2.5590E-09 2.6072E-09 2.6556E-09 2.7030E-09 2.7494E-09 2.7953E-09 2.8402E-09 2.8944E-09 2.9379E-09 2.9807E-09 3.0221E-09 3.0626E-09 3.1017E-09 3.1398E-09 3.1762E-09 3.2116E-09 3.2453E-09 3.2774E-09 3.3080E-09 3.3371E-09 3.3645E-09 3.3902E-09 3.4143E-09 3.4477E-09 3.4687E-09 3.4878E-09 3.5055E-09 3.5210E-09 3.5346E-09 3.5464E-09 3.5566E-09 3.5646E-09 3.5708E-09 3.5750E-09 3.5773E-09 3.5782E-09 3.5769E-09 3.5737E-09 3.5687E-09
1.7018E-09 1.7508E-09 1.8003E-09 1.8502E-09 1.9006E-09 1.9516E-09 2.0023E-09 2.0536E-09 2.1055E-09 2.1571E-09 2.2089E-09 2.2607E-09 2.3129E-09 2.3647E-09 2.4162E-09 2.4675E-09 2.5191E-09 2.5695E-09 2.6201E-09 2.6696E-09 2.7188E-09 2.7673E-09 2.8149E-09 2.8719E-09 2.9183E-09 2.9642E-09 3.0087E-09 3.0525E-09 3.0949E-09 3.1364E-09 3.1763E-09 3.2153E-09 3.2526E-09 3.2884E-09 3.3228E-09 3.3556E-09 3.3868E-09 3.4164E-09 3.4555E-09 3.4821E-09 3.5070E-09 3.5305E-09 3.5518E-09 3.5712E-09 3.5891E-09 3.6048E-09 3.6185E-09 3.6303E-09 3.6406E-09 3.6485E-09 3.6545E-09 3.6586E-09 3.6610E-09 3.6612E-09 3.6595E-09 3.6560E-09 3.6505E-09
1.7402E-09 1.7904E-09 1.8412E-09 1.8927E-09 1.9443E-09 1.9963E-09 2.0484E-09 2.1013E-09 2.1544E-09 2.2074E-09 2.2607E-09 2.3138E-09 2.3672E-09 2.4203E-09 2.4728E-09 2.5260E-09 2.5786E-09 2.6303E-09 2.6818E-09 2.7328E-09 2.7829E-09 2.8425E-09 2.8918E-09 2.9405E-09 2.9881E-09 3.0350E-09 3.0807E-09 3.1255E-09 3.1689E-09 3.2113E-09 3.2522E-09 3.2917E-09 3.3298E-09 3.3664E-09 3.4015E-09 3.4460E-09 3.4784E-09 3.5090E-09 3.5383E-09 3.5655E-09 3.5909E-09 3.6148E-09 3.6364E-09 3.6561E-09 3.6743E-09 3.6901E-09 3.7039E-09 3.7161E-09 3.7260E-09 3.7339E-09 3.7397E-09 3.7436E-09 3.7454E-09 3.7453E-09 3.7432E-09 3.7392E-09 3.7333E-09
1.7791E-09 1.8309E-09 1.8832E-09 1.9354E-09 1.9884E-09 2.0420E-09 2.0954E-09 2.1496E-09 2.2038E-09 2.2586E-09 2.3130E-09 2.3675E-09 2.4220E-09 2.4769E-09 2.5308E-09 2.5850E-09 2.6387E-09 2.6916E-09 2.7444E-09 2.7966E-09 2.8582E-09 2.9097E-09 2.9602E-09 3.0101E-09 3.0589E-09 3.1070E-09 3.1537E-09 3.1996E-09 3.2439E-09 3.2871E-09 3.3289E-09 3.3693E-09 3.4082E-09 3.4568E-09 3.4932E-09 3.5283E-09 3.5614E-09 3.5927E-09 3.6226E-09 3.6503E-09 3.6765E-09 3.7004E-09 3.7224E-09 3.7428E-09 3.7608E-09 3.7768E-09 3.7907E-09 3.8026E-09 3.8124E-09 3.8202E-09 3.8258E-09 3.8295E-09 3.8310E-09 3.8306E-09 3.8281E-09 3.8236E-09 3.8172E-09
1.8188E-09 1.8718E-09 1.9251E-09 1.9787E-09 2.0332E-09 2.0882E-09 2.1432E-09 2.1987E-09 2.2542E-09 2.3102E-09 2.3661E-09 2.4216E-09 2.4780E-09 2.5340E-09 2.5892E-09 2.6445E-09 2.6995E-09 2.7537E-09 2.8178E-09 2.8716E-09 2.9251E-09 2.9779E-09 3.0296E-09 3.0807E-09 3.1307E-09 3.1799E-09 3.2277E-09 3.2744E-09 3.3198E-09 3.3639E-09 3.4067E-09 3.4593E-09 3.4997E-09 3.5389E-09 3.5761E-09 3.6120E-09 3.6458E-09 3.6781E-09 3.7082E-09 3.7365E-09 3.7632E-09 3.7875E-09 3.8098E-09 3.8301E-09 3.8483E-09 3.8644E-09 3.8784E-09 3.8903E-09 3.9000E-09 3.9076E-09 3.9131E-09 3.9165E-09 3.9177E-09 3.9169E-09 3.9140E-09 3.9091E-09 3.9021E-09
1.8588E-09 1.9129E-09 1.9675E-09 2.0227E-09 2.0786E-09 2.1347E-09 2.1915E-09 2.2482E-09 2.3051E-09 2.3622E-09 2.4200E-09 2.4769E-09 2.5344E-09 2.5915E-09 2.6481E-09 2.7047E-09 2.7707E-09 2.8269E-09 2.8829E-09 2.9384E-09 2.9929E-09 3.0469E-09 3.0999E-09 3.1523E-09 3.2034E-09 3.2535E-09 3.3025E-09 3.3502E-09 3.3967E-09 3.4532E-09 3.4976E-09 3.5408E-09 3.5821E-09 3.6222E-09 3.6603E-09 3.6969E-09 3.7314E-09 3.7644E-09 3.7951E-09 3.8239E-09 3.8506E-09 3.8754E-09 3.8980E-09 3.9185E-09 3.9369E-09 3.9531E-09 3.9671E-09 3.9790E-09 3.9886E-09 3.9961E-09 4.0014E-09 4.0045E-09 4.0054E-09 4.0042E-09 4.0009E-09 3.9954E-09 3.9879E-09
1.8991E-09 1.9548E-09 2.0107E-09 2.0673E-09 2.1242E-09 2.1821E-09 2.2402E-09 2.2983E-09 2.3563E-09 2.4153E-09 2.4742E-09 2.5326E-09 2.5912E-09 2.6496E-09 2.7079E-09 2.7756E-09 2.8339E-09 2.8915E-09 2.9488E-09 3.0056E-09 3.0615E-09 3.1169E-09 3.1711E-09 3.2244E-09 3.2768E-09 3.3281E-09 3.3782E-09 3.4384E-09 3.4866E-09 3.5338E-09 3.5792E-09 3.6235E-09 3.6657E-09 3.7067E-09 3.7456E-09 3.7830E-09 3.8181E-09 3.8514E-09 3.8827E-09 3.9120E-09 3.9391E-09 3.9642E-09 3.9871E-09 4.0079E-09 4.0264E-09 4.0427E-09 4.0567E-09 4.0685E-09 4.0781E-09 4.0854E-09 4.0905E-09 4.0932E-09 4.0938E-09 4.0922E-09 4.0884E-09 4.0824E-09 4.0743E-09
1.9400E-09 1.9970E-09 2.0540E-09 2.1119E-09 2.1707E-09 2.2298E-09 2.2890E-09 2.3485E-09 2.4085E-09 2.4687E-09 2.5288E-09 2.5885E-09 2.6485E-09 2.7083E-09 2.7780E-09 2.8381E-09 2.8978E-09 2.9568E-09 3.0155E-09 3.0737E-09 3.1309E-09 3.1873E-09 3.2429E-09 3.2975E-09 3.3510E-09 3.4148E-09 3.4667E-09 3.5178E-09 3.5671E-09 3.6154E-09 3.6619E-09 3.7071E-09 3.7503E-09 3.7921E-09 3.8318E-09 3.8696E-09 3.9055E-09 3.9394E-09 3.9712E-09 4.0009E-09 4.0285E-09 4.0539E-09 4.0771E-09 4.0980E-09 4.1166E-09 4.1330E-09 4.1471E-09 4.1588E-09 4.1682E-09 4.1753E-09 4.1801E-09 4.1825E-09 4.1827E-09 4.1806E-09 4.1763E-09 4.1698E-09 4.1611E-09
1.9812E-09 2.0393E-09 2.0977E-09 2.1574E-09 2.2175E-09 2.2777E-09 2.3383E-09 2.3998E-09 2.4610E-09 2.5223E-09 2.5838E-09 2.6449E-09 2.7162E-09 2.7779E-09 2.8397E-09 2.9012E-09 2.9623E-09 3.0227E-09 3.0829E-09 3.1422E-09 3.2008E-09 3.2585E-09 3.3154E-09 3.3823E-09 3.4378E-09 3.4926E-09 3.5458E-09 3.5981E-09 3.6486E-09 3.6980E-09 3.7458E-09 3.7916E-09 3.8358E-09 3.8781E-09 3.9185E-09 3.9570E-09 3.9935E-09 4.0280E-09 4.0603E-09 4.0905E-09 4.1184E-09 4.1441E-09 4.1675E-09 4.1886E-09 4.2074E-09 4.2238E-09 4.2378E-09 4.2494E-09 4.2587E-09 4.2656E-09 4.2700E-09 4.2722E-09 4.2719E-09 4.2694E-09 4.2646E-09 4.2721E-09 4.2631E-09
2.0225E-09 2.0824E-09 2.1422E-09 2.2032E-09 2.2643E-09 2.3265E-09 2.3885E-09 2.4509E-09 2.5136E-09 2.5763E-09 2.6392E-09 2.7119E-09 2.7755E-09 2.8386E-09 2.9019E-09 2.9649E-09 3.0275E-09 3.0894E-09 3.1507E-09 3.2114E-09 3.2713E-09 3.3304E-09 3.4000E-09 3.4583E-09 3.5152E-09 3.5712E-09 3.6256E-09 3.6791E-09 3.7311E-09 3.7812E-09 3.8297E-09 3.8764E-09 3.9214E-09 3.9646E-09 4.0058E-09 4.0450E-09 4.0821E-09 4.1171E-09 4.1499E-09 4.1805E-09 4.2088E-09 4.2348E-09 4.2584E-09 4.2796E-09 4.2984E-09 4.3148E-09 4.3288E-09 4.3403E-09 4.3493E-09 4.3560E-09 4.3749E-09 4.3771E-09 4.3769E-09 4.3743E-09 4.3699E-09 4.3627E-09 4.3531E-09
2.0645E-09 2.1256E-09 2.1868E-09 2.2489E-09 2.3121E-09 2.3755E-09 2.4389E-09 2.5024E-09 2.5665E-09 2.6307E-09 2.7050E-09 2.7702E-09 2.8352E-09 2.8999E-09 2.9647E-09 3.0292E-09 3.0930E-09 3.1563E-09 3.2191E-09 3.2811E-09 3.3535E-09 3.4147E-09 3.4753E-09 3.5350E-09 3.5931E-09 3.6504E-09 3.7061E-09 3.7607E-09 3.8134E-09 3.8645E-09 3.9140E-09 3.9617E-09 4.0075E-09 4.0514E-09 4.0934E-09 4.1332E-09 4.1709E-09 4.2064E-09 4.2397E-09 4.2707E-09 4.2992E-09 4.3255E-09 4.3493E-09 4.3706E-09 4.3895E-09 4.4059E-09 4.4343E-09 4.4463E-09 4.4558E-09 4.4632E-09 4.4677E-09 4.4696E-09 4.4691E-09 4.4667E-09 4.4613E-09 4.4536E-09 4.4435E-09
2.1066E-09 2.1689E-09 2.2317E-09 2.2955E-09 2.3598E-09 2.4244E-09 2.4893E-09 2.5543E-09 2.6198E-09 2.6956E-09 2.7622E-09 2.8288E-09 2.8954E-09 2.9620E-09 3.0279E-09 3.0936E-09 3.1589E-09 3.2236E-09 3.2878E-09 3.3627E-09 3.4265E-09 3.4891E-09 3.5511E-09 3.6121E-09 3.6715E-09 3.7300E-09 3.7869E-09 3.8422E-09 3.8960E-09 3.9482E-09 3.9986E-09 4.0471E-09 4.0938E-09 4.1384E-09 4.1810E-09 4.2215E-09 4.2598E-09 4.2957E-09 4.3294E-09 4.3607E-09 4.3896E-09 4.4160E-09 4.4400E-09 4.4761E-09 4.4957E-09 4.5128E-09 4.5277E-09 4.5397E-09 4.5491E-09 4.5564E-09 4.5607E-09 4.5624E-09 4.5616E-09 4.5588E-09 4.5530E-09 4.5448E-09 4.5342E-09
2.1486E-09 2.2122E-09 2.2771E-09 2.3420E-09 2.4075E-09 2.4735E-09 2.5399E-09 2.6161E-09 2.6835E-09 2.7515E-09 2.8197E-09 2.8879E-09 2.9560E-09 3.0238E-09 3.0912E-09 3.1584E-09 3.2251E-09 3.2913E-09 3.3685E-09 3.4346E-09 3.4998E-09 3.5638E-09 3.6272E-09 3.6894E-09 3.7501E-09 3.8095E-09 3.8675E-09 3.9239E-09 3.9787E-09 4.0318E-09 4.0831E-09 4.1325E-09 4.1799E-09 4.2253E-09 4.2685E-09 4.3096E-09 4.3483E-09 4.3848E-09 4.4189E-09 4.4505E-09 4.4797E-09 4.5215E-09 4.5464E-09 4.5692E-09 4.5890E-09 4.6062E-09 4.6212E-09 4.6332E-09 4.6425E-09 4.6497E-09 4.6538E-09 4.6553E-09 4.6547E-09 4.6511E-09 4.6449E-09 4.6363E-09 4.6251E-09
2.1907E-09 2.2563E-09 2.3221E-09 2.3884E-09 2.4554E-09 2.5228E-09 2.6002E-09 2.6692E-09 2.7382E-09 2.8078E-09 2.8775E-09 2.9472E-09 3.0166E-09 3.0858E-09 3.1547E-09 3.2233E-09 3.3026E-09 3.3710E-09 3.4392E-09 3.5067E-09 3.5734E-09 3.6387E-09 3.7034E-09 3.7665E-09 3.8284E-09 3.8890E-09 3.9480E-09 4.0054E-09 4.0612E-09 4.1152E-09 4.1674E-09 4.2176E-09 4.2657E-09 4.3118E-09 4.3556E-09 4.3972E-09 4.4365E-09 4.4734E-09 4.5225E-09 4.5553E-09 4.5861E-09 4.6139E-09 4.6391E-09 4.6622E-09 4.6821E-09 4.6999E-09 4.7146E-09 4.7266E-09 4.7363E-09 4.7430E-09 4.7469E-09 4.7483E-09 4.7469E-09 4.7430E-09 4.7365E-09 4.7274E-09 4.7158E-09
2.2335E-09 2.3000E-09 2.3671E-09 2.4350E-09 2.5033E-09 2.5819E-09 2.6520E-09 2.7226E-09 2.7931E-09 2.8642E-09 2.9354E-09 3.0063E-09 3.0772E-09 3.1479E-09 3.2183E-09 3.2997E-09 3.3705E-09 3.4404E-09 3.5100E-09 3.5789E-09 3.6469E-09 3.7135E-09 3.7791E-09 3.8435E-09 3.9065E-09 3.9681E-09 4.0282E-09 4.0866E-09 4.1433E-09 4.1982E-09 4.2512E-09 4.3021E-09 4.3510E-09 4.3977E-09 4.4421E-09 4.4843E-09 4.5388E-09 4.5771E-09 4.6134E-09 4.6467E-09 4.6779E-09 4.7060E-09 4.7316E-09 4.7549E-09 4.7751E-09 4.7930E-09 4.8078E-09 4.8198E-09 4.8292E-09 4.8357E-09 4.8396E-09 4.8408E-09 4.8392E-09 4.8350E-09 4.8282E-09 4.8187E-09 4.8067E-09
