Assets/Resources/2015_m01_d25_0400(utc+0800)_l00_csi_1hr_conc.grd
DSAA
         159         159
     -79.000      79.000
     -79.000      79.000
  0.0000E+00  0.1883E-04
[rows 0 to 24 of 159, columns 0 to 56 of 159]
6.5006E-12 1.0444E-11 1.7749E-11 2.6629E-11 3.7578E-11 5.1607E-11 6.6979E-11 8.4212E-11 1.0795E-10 1.3441E-10 1.6604E-10 2.0240E-10 2.4382E-10 2.9241E-10 3.4765E-10 4.0846E-10 4.7749E-10 5.5413E-10 6.4121E-10 7.3785E-10 8.4474E-10 9.6359E-10 1.0942E-09 1.2365E-09 1.3953E-09 1.5666E-09 1.7503E-09 1.9442E-09 2.1499E-09 2.3666E-09 2.5918E-09 2.8276E-09 3.0705E-09 3.3159E-09 3.5668E-09 3.8204E-09 4.0695E-09 4.3142E-09 4.5551E-09 4.7838E-09 4.9987E-09 5.2006E-09 5.3832E-09 5.5390E-09 5.6707E-09 5.7770E-09 5.8537E-09 5.8969E-09 5.9018E-09 5.8712E-09 5.8072E-09 5.7084E-09 5.5743E-09 5.4059E-09 5.2046E-09 4.9741E-09 4.7170E-09
6.4069E-12 1.0311E-11 1.7673E-11 2.6541E-11 3.7161E-11 5.1144E-11 6.6667E-11 8.4137E-11 1.0789E-10 1.3435E-10 1.6623E-10 2.0346E-10 2.4553E-10 2.9465E-10 3.5072E-10 4.1329E-10 4.8389E-10 5.6300E-10 6.5140E-10 7.5053E-10 8.6104E-10 9.8411E-10 1.1182E-09 1.2664E-09 1.4317E-09 1.6105E-09 1.8027E-09 2.0060E-09 2.2227E-09 2.4503E-09 2.6896E-09 2.9410E-09 3.1970E-09 3.4618E-09 3.7342E-09 4.0053E-09 4.2757E-09 4.5464E-09 4.8107E-09 5.0644E-09 5.3088E-09 5.5359E-09 5.7419E-09 5.9278E-09 6.0892E-09 6.2223E-09 6.3189E-09 6.3795E-09 6.4084E-09 6.3994E-09 6.3506E-09 6.2614E-09 6.1322E-09 5.9650E-09 5.7616E-09 5.5241E-09 5.2559E-09
6.3678E-12 1.0236E-11 1.7308E-11 2.5946E-11 3.6547E-11 5.0560E-11 6.6018E-11 8.3093E-11 1.0677E-10 1.3354E-10 1.6578E-10 2.0299E-10 2.4514E-10 2.9508E-10 3.5229E-10 4.1609E-10 4.8696E-10 5.6794E-10 6.5867E-10 7.5981E-10 8.7260E-10 9.9877E-10 1.1375E-09 1.2901E-09 1.4615E-09 1.6472E-09 1.8469E-09 2.0601E-09 2.2861E-09 2.5251E-09 2.7789E-09 3.0419E-09 3.3157E-09 3.6005E-09 3.8885E-09 4.1800E-09 4.4761E-09 4.7708E-09 5.0600E-09 5.3432E-09 5.6142E-09 5.8696E-09 6.1083E-09 6.3257E-09 6.5161E-09 6.6730E-09 6.8000E-09 6.8936E-09 6.9476E-09 6.9578E-09 6.9241E-09 6.8488E-09 6.7318E-09 6.5733E-09 6.3719E-09 6.1315E-09 5.8542E-09
6.1427E-12 9.8021E-12 1.6733E-11 2.5362E-11 3.5730E-11 4.9404E-11 6.4502E-11 8.1589E-11 1.0534E-10 1.3180E-10 1.6375E-10 2.0117E-10 2.4376E-10 2.9397E-10 3.5131E-10 4.1605E-10 4.8782E-10 5.6966E-10 6.6191E-10 7.6431E-10 8.7992E-10 1.0085E-09 1.1509E-09 1.3071E-09 1.4842E-09 1.6759E-09 1.8820E-09 2.1042E-09 2.3393E-09 2.5899E-09 2.8555E-09 3.1322E-09 3.4238E-09 3.7240E-09 4.0310E-09 4.3464E-09 4.6645E-09 4.9846E-09 5.3021E-09 5.6128E-09 5.9144E-09 6.2030E-09 6.4754E-09 6.7242E-09 6.9465E-09 7.1411E-09 7.3041E-09 7.4272E-09 7.5034E-09 7.5400E-09 7.5339E-09 7.4814E-09 7.3804E-09 7.2312E-09 7.0352E-09 6.7936E-09 6.5117E-09
5.7901E-12 9.4046E-12 1.6208E-11 2.4407E-11 3.4397E-11 4.7853E-11 6.2847E-11 7.9490E-11 1.0272E-10 1.2902E-10 1.6097E-10 1.9834E-10 2.4041E-10 2.9052E-10 3.4840E-10 4.1372E-10 4.8589E-10 5.6807E-10 6.6087E-10 7.6526E-10 8.8242E-10 1.0123E-09 1.1572E-09 1.3181E-09 1.4986E-09 1.6954E-09 1.9083E-09 2.1379E-09 2.3821E-09 2.6431E-09 2.9191E-09 3.2116E-09 3.5165E-09 3.8335E-09 4.1618E-09 4.4968E-09 4.8402E-09 5.1855E-09 5.5301E-09 5.8730E-09 6.2075E-09 6.5305E-09 6.8367E-09 7.1225E-09 7.3856E-09 7.6200E-09 7.8148E-09 7.9694E-09 8.0856E-09 8.1574E-09 8.1812E-09 8.1517E-09 8.0696E-09 7.9350E-09 7.7509E-09 7.5167E-09 7.2337E-09
5.4322E-12 8.8155E-12 1.5269E-11 2.3228E-11 3.2985E-11 4.6089E-11 6.0474E-11 7.6615E-11 9.9714E-11 1.2559E-10 1.5695E-10 1.9374E-10 2.3576E-10 2.8579E-10 3.4337E-10 4.0825E-10 4.8095E-10 5.6372E-10 6.5607E-10 7.6108E-10 8.7918E-10 1.0110E-09 1.1575E-09 1.3210E-09 1.5047E-09 1.7059E-09 1.9247E-09 2.1600E-09 2.4123E-09 2.6833E-09 2.9702E-09 3.2746E-09 3.5941E-09 3.9277E-09 4.2735E-09 4.6327E-09 4.9995E-09 5.3700E-09 5.7460E-09 6.1192E-09 6.4877E-09 6.8471E-09 7.1924E-09 7.5208E-09 7.8242E-09 8.0941E-09 8.3318E-09 8.5324E-09 8.6913E-09 8.7982E-09 8.8523E-09 8.8557E-09 8.8036E-09 8.6952E-09 8.5279E-09 8.3047E-09 8.0271E-09
5.0144E-12 8.1648E-12 1.4349E-11 2.1919E-11 3.1208E-11 4.3739E-11 5.7828E-11 7.3601E-11 9.5895E-11 1.2106E-10 1.5193E-10 1.8844E-10 2.2967E-10 2.7891E-10 3.3593E-10 4.0078E-10 4.7300E-10 5.5579E-10 6.4746E-10 7.5238E-10 8.7146E-10 1.0038E-09 1.1512E-09 1.3161E-09 1.5029E-09 1.7069E-09 1.9300E-09 2.1703E-09 2.4306E-09 2.7097E-09 3.0069E-09 3.3212E-09 3.6552E-09 4.0043E-09 4.3690E-09 4.7494E-09 5.1384E-09 5.5382E-09 5.9422E-09 6.3478E-09 6.7529E-09 7.1503E-09 7.5381E-09 7.9078E-09 8.2526E-09 8.5712E-09 8.8595E-09 9.1056E-09 9.3036E-09 9.4560E-09 9.5567E-09 9.6004E-09 9.5843E-09 9.5043E-09 9.3622E-09 9.1562E-09 8.8889E-09
4.5942E-12 7.5062E-12 1.3254E-11 2.0369E-11 2.9280E-11 4.1376E-11 5.4817E-11 6.9784E-11 9.1479E-11 1.1609E-10 1.4623E-10 1.8165E-10 2.2189E-10 2.7058E-10 3.2706E-10 3.9062E-10 4.6177E-10 5.4449E-10 6.3583E-10 7.3902E-10 8.5792E-10 9.9024E-10 1.1393E-09 1.3033E-09 1.4917E-09 1.6983E-09 1.9243E-09 2.1686E-09 2.4356E-09 2.7212E-09 3.0264E-09 3.3517E-09 3.6976E-09 4.0609E-09 4.4443E-09 4.8438E-09 5.2575E-09 5.6834E-09 6.1169E-09 6.5571E-09 6.9984E-09 7.4363E-09 7.8655E-09 8.2792E-09 8.6741E-09 9.0461E-09 9.3805E-09 9.6761E-09 9.9300E-09 1.0136E-08 1.0287E-08 1.0376E-08 1.0401E-08 1.0362E-08 1.0253E-08 1.0073E-08 9.8268E-09
4.1768E-12 6.8479E-12 1.2150E-11 1.8811E-11 2.7106E-11 3.8585E-11 5.1344E-11 6.5829E-11 8.6708E-11 1.1031E-10 1.3932E-10 1.7402E-10 2.1330E-10 2.6065E-10 3.1574E-10 3.7833E-10 4.4842E-10 5.2976E-10 6.2003E-10 7.2224E-10 8.3946E-10 9.7142E-10 1.1199E-09 1.2828E-09 1.4721E-09 1.6802E-09 1.9066E-09 2.1547E-09 2.4264E-09 2.7173E-09 3.0278E-09 3.3649E-09 3.7198E-09 4.0966E-09 4.4982E-09 4.9151E-09 5.3526E-09 5.8041E-09 6.2679E-09 6.7418E-09 7.2199E-09 7.6979E-09 8.1710E-09 8.6338E-09 9.0820E-09 9.5012E-09 9.8919E-09 1.0248E-08 1.0564E-08 1.0826E-08 1.1032E-08 1.1178E-08 1.1259E-08 1.1267E-08 1.1201E-08 1.1058E-08 1.0839E-08
3.0074E-12 6.1978E-12 1.1050E-11 1.7182E-11 2.4855E-11 3.5717E-11 4.7901E-11 6.1428E-11 8.1287E-11 1.0398E-10 1.3210E-10 1.6545E-10 2.0323E-10 2.4920E-10 3.0323E-10 3.6415E-10 4.3225E-10 5.1182E-10 6.0104E-10 7.0197E-10 8.1587E-10 9.4667E-10 1.0938E-09 1.2560E-09 1.4434E-09 1.6513E-09 1.8786E-09 2.1281E-09 2.4024E-09 2.6978E-09 3.0142E-09 3.3577E-09 3.7215E-09 4.1121E-09 4.5265E-09 4.9626E-09 5.4216E-09 5.8967E-09 6.3916E-09 6.8981E-09 7.4117E-09 7.9319E-09 8.4511E-09 8.9647E-09 9.4630E-09 9.9386E-09 1.0392E-08 1.0813E-08 1.1189E-08 1.1516E-08 1.1793E-08 1.2006E-08 1.2147E-08 1.2215E-08 1.2202E-08 1.2107E-08 1.1928E-08
1.2652E-12 4.9726E-12 9.7431E-12 1.5570E-11 2.2611E-11 3.2649E-11 4.4014E-11 5.6780E-11 7.5757E-11 9.7336E-11 1.2398E-10 1.5598E-10 1.9246E-10 2.3692E-10 2.8889E-10 3.4788E-10 4.1409E-10 4.9168E-10 5.7817E-10 6.7779E-10 7.8898E-10 9.1646E-10 1.0611E-09 1.2217E-09 1.4065E-09 1.6129E-09 1.8401E-09 2.0896E-09 2.3641E-09 2.6626E-09 2.9842E-09 3.3297E-09 3.7033E-09 4.1038E-09 4.5300E-09 4.9845E-09 5.4609E-09 5.9618E-09 6.4842E-09 7.0196E-09 7.5721E-09 8.1341E-09 8.6988E-09 9.2618E-09 9.8123E-09 1.0354E-08 1.0871E-08 1.1355E-08 1.1804E-08 1.2209E-08 1.2560E-08 1.2846E-08 1.3063E-08 1.3201E-08 1.3255E-08 1.3220E-08 1.3095E-08
0.0000E+00 2.2638E-12 7.8103E-12 1.3664E-11 2.0402E-11 2.9605E-11 4.0156E-11 5.2016E-11 6.9839E-11 9.0153E-11 1.1562E-10 1.4624E-10 1.8081E-10 2.2330E-10 2.7349E-10 3.3048E-10 3.9404E-10 4.6882E-10 5.5266E-10 6.4973E-10 7.5825E-10 8.8134E-10 1.0223E-09 1.1804E-09 1.3629E-09 1.5647E-09 1.7905E-09 2.0401E-09 2.3115E-09 2.6115E-09 2.9363E-09 3.2837E-09 3.6624E-09 4.0711E-09 4.5099E-09 4.9759E-09 5.4718E-09 5.9954E-09 6.5401E-09 7.1080E-09 7.6972E-09 8.2972E-09 8.9078E-09 9.5206E-09 1.0131E-08 1.0733E-08 1.1316E-08 1.1875E-08 1.2404E-08 1.2890E-08 1.3322E-08 1.3696E-08 1.3997E-08 1.4218E-08 1.4352E-08 1.4393E-08 1.4342E-08
0.0000E+00 0.0000E+00 3.7738E-12 1.0350E-11 1.7757E-11 2.6622E-11 3.6270E-11 4.7150E-11 6.3840E-11 8.3043E-11 1.0687E-10 1.3575E-10 1.6854E-10 2.0927E-10 2.5709E-10 3.1142E-10 3.7229E-10 4.4450E-10 5.2466E-10 6.1792E-10 7.2417E-10 8.4268E-10 9.7855E-10 1.1328E-09 1.3112E-09 1.5088E-09 1.7306E-09 1.9780E-09 2.2475E-09 2.5452E-09 2.8699E-09 3.2199E-09 3.5994E-09 4.0156E-09 4.4628E-09 4.9394E-09 5.4525E-09 5.9933E-09 6.5609E-09 7.1595E-09 7.7790E-09 8.4184E-09 9.0737E-09 9.7363E-09 1.0407E-08 1.1070E-08 1.1722E-08 1.2365E-08 1.2974E-08 1.3546E-08 1.4076E-08 1.4543E-08 1.4941E-08 1.5258E-08 1.5490E-08 1.5628E-08 1.5671E-08
0.0000E+00 0.0000E+00 0.0000E+00 5.4807E-12 1.3296E-11 2.2885E-11 3.2482E-11 4.2379E-11 5.7806E-11 7.5576E-11 9.7905E-11 1.2524E-10 1.5610E-10 1.9437E-10 2.3985E-10 2.9164E-10 3.4965E-10 4.1798E-10 4.9471E-10 5.8398E-10 6.8601E-10 8.0034E-10 9.3017E-10 1.0788E-09 1.2526E-09 1.4461E-09 1.6611E-09 1.9043E-09 2.1717E-09 2.4641E-09 2.7864E-09 3.1376E-09 3.5182E-09 3.9353E-09 4.3885E-09 4.8754E-09 5.3989E-09 5.9554E-09 6.5453E-09 7.1686E-09 7.8170E-09 8.4948E-09 9.1914E-09 9.9063E-09 1.0629E-08 1.1358E-08 1.2090E-08 1.2807E-08 1.3506E-08 1.4177E-08 1.4804E-08 1.5377E-08 1.5886E-08 1.6320E-08 1.6665E-08 1.6926E-08 1.7317E-08
0.0000E+00 0.0000E+00 0.0000E+00 1.3065E-13 7.0676E-12 1.7290E-11 2.8357E-11 3.7760E-11 5.1859E-11 6.8276E-11 8.9098E-11 1.1449E-10 1.4328E-10 1.7936E-10 2.2236E-10 2.7118E-10 3.2565E-10 3.9061E-10 4.6314E-10 5.4766E-10 6.4526E-10 7.5463E-10 8.7868E-10 1.0206E-09 1.1877E-09 1.3760E-09 1.5849E-09 1.8207E-09 2.0840E-09 2.3713E-09 2.6874E-09 3.0362E-09 3.4181E-09 3.8314E-09 4.2891E-09 4.7821E-09 5.3115E-09 5.8828E-09 6.4904E-09 7.1334E-09 7.8105E-09 8.5207E-09 9.2577E-09 1.0021E-08 1.0798E-08 1.1596E-08 1.2399E-08 1.3199E-08 1.3992E-08 1.4764E-08 1.5498E-08 1.6191E-08 1.6826E-08 1.7386E-08 1.7887E-08 1.8518E-08 1.8997E-08
0.0000E+00 0.0000E+00 0.0000E+00 0.0000E+00 1.5957E-13 8.8843E-12 2.1073E-11 3.2996E-11 4.6124E-11 6.1089E-11 8.0233E-11 1.0382E-10 1.3065E-10 1.6436E-10 2.0452E-10 2.5015E-10 3.0147E-10 3.6231E-10 4.3017E-10 5.0980E-10 6.0205E-10 7.0549E-10 8.2489E-10 9.5825E-10 1.1183E-09 1.2995E-09 1.5008E-09 1.7289E-09 1.9850E-09 2.2665E-09 2.5745E-09 2.9176E-09 3.2979E-09 3.7083E-09 4.1639E-09 4.6595E-09 5.1936E-09 5.7745E-09 6.3947E-09 7.0543E-09 7.7574E-09 8.4941E-09 9.2708E-09 1.0074E-08 1.0909E-08 1.1771E-08 1.2645E-08 1.3532E-08 1.4423E-08 1.5295E-08 1.6154E-08 1.6976E-08 1.7746E-08 1.8490E-08 1.9369E-08 2.0312E-08 2.0834E-08
0.0000E+00 0.0000E+00 0.0000E+00 0.0000E+00 0.0000E+00 4.6061E-13 1.0766E-11 2.4869E-11 4.0662E-11 5.4194E-11 7.1665E-11 9.3456E-11 1.1816E-10 1.4920E-10 1.8670E-10 2.2889E-10 2.7673E-10 3.3323E-10 3.9700E-10 4.7019E-10 5.5774E-10 6.5525E-10 7.6758E-10 8.9366E-10 1.0453E-09 1.2176E-09 1.4110E-09 1.6305E-09 1.8769E-09 2.1511E-09 2.4507E-09 2.7841E-09 3.1585E-09 3.5668E-09 4.0146E-09 4.5088E-09 5.0464E-09 5.6296E-09 6.2587E-09 6.9326E-09 7.6546E-09 8.4177E-09 9.2229E-09 1.0070E-08 1.0958E-08 1.1876E-08 1.2827E-08 1.3801E-08 1.4780E-08 1.5774E-08 1.6757E-08 1.7719E-08 1.8700E-08 1.9809E-08 2.0793E-08 2.1865E-08 2.4259E-08
0.0000E+00 0.0000E+00 0.0000E+00 0.0000E+00 0.0000E+00 0.0000E+00 6.5254E-13 1.2797E-11 3.0995E-11 4.7658E-11 6.3485E-11 8.3424E-11 1.0590E-10 1.3447E-10 1.6928E-10 2.0725E-10 2.5225E-10 3.0373E-10 3.6326E-10 4.3124E-10 5.1139E-10 6.0317E-10 7.0901E-10 8.2719E-10 9.6916E-10 1.1328E-09 1.3161E-09 1.5262E-09 1.7622E-09 2.0257E-09 2.3161E-09 2.6380E-09 3.0030E-09 3.4062E-09 3.8471E-09 4.3321E-09 4.8694E-09 5.4527E-09 6.0837E-09 6.7686E-09 7.5022E-09 8.2877E-09 9.1183E-09 1.0003E-08 1.0938E-08 1.1913E-08 1.2935E-08 1.3989E-08 1.5075E-08 1.6186E-08 1.7305E-08 1.8520E-08 1.9808E-08 2.1041E-08 2.2498E-08 2.5034E-08 2.6371E-08
0.0000E+00 0.0000E+00 0.0000E+00 0.0000E+00 0.0000E+00 0.0000E+00 0.0000E+00 9.1582E-13 1.6628E-11 3.7346E-11 5.5818E-11 7.3713E-11 9.4075E-11 1.2033E-10 1.5195E-10 1.8696E-10 2.2716E-10 2.7502E-10 3.2947E-10 3.9243E-10 4.6600E-10 5.5096E-10 6.4916E-10 7.5954E-10 8.9275E-10 1.0454E-09 1.2180E-09 1.4178E-09 1.6415E-09 1.8937E-09 2.1731E-09 2.4831E-09 2.8348E-09 3.2281E-09 3.6612E-09 4.1335E-09 4.6646E-09 5.2449E-09 5.8727E-09 6.5618E-09 7.3054E-09 8.1021E-09 8.9575E-09 9.8739E-09 1.0844E-08 1.1879E-08 1.2965E-08 1.4102E-08 1.5295E-08 1.6531E-08 1.8003E-08 1.9376E-08 2.0842E-08 2.2679E-08 2.5261E-08 2.7644E-08 3.0501E-08
0.0000E+00 0.0000E+00 0.0000E+00 0.0000E+00 0.0000E+00 0.0000E+00 0.0000E+00 0.0000E+00 2.4501E-12 2.0937E-11 4.5173E-11 6.4696E-11 8.2976E-11 1.0653E-10 1.3550E-10 1.6729E-10 2.0326E-10 2.4701E-10 2.9596E-10 3.5390E-10 4.2189E-10 4.9815E-10 5.8971E-10 6.9178E-10 8.1488E-10 9.5715E-10 1.1188E-09 1.3062E-09 1.5177E-09 1.7574E-09 2.0229E-09 2.3205E-09 2.6564E-09 3.0359E-09 3.4570E-09 3.9191E-09 4.4353E-09 5.0067E-09 5.6308E-09 6.3160E-09 7.0620E-09 7.8672E-09 8.7392E-09 9.6785E-09 1.0686E-08 1.1767E-08 1.2917E-08 1.4142E-08 1.5447E-08 1.6995E-08 1.8549E-08 2.0252E-08 2.2260E-08 2.4968E-08 2.8082E-08 3.0680E-08 3.2641E-08
0.0000E+00 0.0000E+00 0.0000E+00 0.0000E+00 0.0000E+00 0.0000E+00 0.0000E+00 0.0000E+00 1.2402E-12 4.4911E-12 2.6401E-11 5.3135E-11 7.2343E-11 9.3760E-11 1.1979E-10 1.4822E-10 1.8006E-10 2.1923E-10 2.6405E-10 3.1583E-10 3.7757E-10 4.4761E-10 5.2895E-10 6.2397E-10 7.3808E-10 8.6895E-10 1.0190E-09 1.1945E-09 1.3928E-09 1.6184E-09 1.8689E-09 2.1518E-09 2.4720E-09 2.8340E-09 3.2389E-09 3.6889E-09 4.1864E-09 4.7438E-09 5.3594E-09 6.0349E-09 6.7767E-09 7.5856E-09 8.4663E-09 9.4212E-09 1.0462E-08 1.1584E-08 1.2795E-08 1.4122E-08 1.5689E-08 1.7476E-08 1.9119E-08 2.1204E-08 2.4205E-08 2.7370E-08 3.0198E-08 3.3108E-08 3.4069E-08
0.0000E+00 0.0000E+00 0.0000E+00 0.0000E+00 0.0000E+00 0.0000E+00 0.0000E+00 0.0000E+00 1.0866E-12 2.6312E-12 7.9694E-12 3.1964E-11 5.9222E-11 8.1534E-11 1.0496E-10 1.3056E-10 1.5821E-10 1.9336E-10 2.3199E-10 2.7962E-10 3.3436E-10 3.9868E-10 4.7096E-10 5.5715E-10 6.6267E-10 7.8249E-10 9.2111E-10 1.0803E-09 1.2678E-09 1.4788E-09 1.7132E-09 1.9793E-09 2.2835E-09 2.6253E-09 3.0110E-09 3.4438E-09 3.9231E-09 4.4601E-09 5.0602E-09 5.7223E-09 6.4540E-09 7.2596E-09 8.1424E-09 9.1115E-09 1.0172E-08 1.1335E-08 1.2634E-08 1.4166E-08 1.5795E-08 1.7653E-08 2.0769E-08 2.2836E-08 2.6215E-08 2.9143E-08 3.2184E-08 3.3512E-08 3.5829E-08
0.0000E+00 0.0000E+00 0.0000E+00 0.0000E+00 0.0000E+00 0.0000E+00 0.0000E+00 0.0000E+00 5.2062E-13 2.2965E-12 5.3334E-12 1.1783E-11 3.6738E-11 6.6076E-11 9.0985E-11 1.1356E-10 1.3833E-10 1.6819E-10 2.0268E-10 2.4492E-10 2.9334E-10 3.5066E-10 4.1694E-10 4.9237E-10 5.8957E-10 6.9891E-10 8.2532E-10 9.7142E-10 1.1433E-09 1.3407E-09 1.5585E-09 1.8065E-09 2.0896E-09 2.4126E-09 2.7774E-09 3.1882E-09 3.6474E-09 4.1617E-09 4.7405E-09 5.3836E-09 6.0996E-09 6.8957E-09 7.7748E-09 8.7483E-09 9.8318E-09 1.1073E-08 1.2516E-08 1.4086E-08 1.5963E-08 1.8861E-08 2.1122E-08 2.5373E-08 2.7390E-08 3.0474E-08 3.1989E-08 3.4706E-08 3.5735E-08
0.0000E+00 0.0000E+00 0.0000E+00 0.0000E+00 0.0000E+00 0.0000E+00 0.0000E+00 0.0000E+00 0.0000E+00 1.2939E-12 4.2567E-12 8.2108E-12 1.5367E-11 4.2253E-11 7.1968E-11 9.7163E-11 1.1951E-10 1.4506E-10 1.7557E-10 2.1069E-10 2.5548E-10 3.0484E-10 3.6503E-10 4.3195E-10 5.1824E-10 6.1864E-10 7.3328E-10 8.6658E-10 1.0222E-09 1.2058E-09 1.4056E-09 1.6355E-09 1.8968E-09 2.1992E-09 2.5406E-09 2.9279E-09 3.3628E-09 3.8530E-09 4.4051E-09 5.0256E-09 5.7208E-09 6.4998E-09 7.3723E-09 8.3506E-09 9.5485E-09 1.0823E-08 1.2302E-08 1.4176E-08 1.6756E-08 1.9300E-08 2.2941E-08 2.4970E-08 2.8311E-08 3.0001E-08 3.2840E-08 3.4244E-08 3.6797E-08
0.0000E+00 0.0000E+00 0.0000E+00 0.0000E+00 0.0000E+00 0.0000E+00 0.0000E+00 0.0000E+00 0.0000E+00 0.0000E+00 1.9989E-12 6.5132E-12 1.0586E-11 2.1205E-11 4.8093E-11 7.5184E-11 9.9335E-11 1.2390E-10 1.4924E-10 1.8060E-10 2.1913E-10 2.6250E-10 3.1546E-10 3.7523E-10 4.5176E-10 5.4281E-10 6.4615E-10 7.6669E-10 9.0713E-10 1.0727E-09 1.2551E-09 1.4684E-09 1.7087E-09 1.9834E-09 2.3052E-09 2.6662E-09 3.0741E-09 3.5385E-09 4.0603E-09 4.6528E-09 5.3237E-09 6.0834E-09 6.9467E-09 8.0055E-09 9.1705E-09 1.0566E-08 1.2250E-08 1.4570E-08 1.7586E-08 2.0277E-08 2.2746E-08 2.5539E-08 2.7572E-08 3.0460E-08 3.2075E-08 3.4785E-08 3.5781E-08
