Assets/Resources/2015_m01_d09_1900(utc+0800)_l00_csi_1hr_conc.grd
DSAA
         159         159
     -79.000      79.000
     -79.000      79.000
  0.8818E-09  0.3548E-05
[rows 75 to 99 of 159, columns 57 to 113 of 159]
1.1829E-07 1.2913E-07 1.4137E-07 1.5522E-07 1.7105E-07 1.8883E-07 2.0866E-07 2.3051E-07 2.5760E-07 2.9398E-07 3.2701E-07 3.6311E-07 4.0313E-07 4.4550E-07 4.9057E-07 5.3321E-07 5.7850E-07 6.2453E-07 6.7077E-07 7.1365E-07 7.5005E-07 7.7678E-07 1.4268E-06 1.6245E-06 1.6465E-06 1.4381E-06 1.1225E-06 8.4255E-07 6.4117E-07 4.9946E-07 3.9365E-07 3.0964E-07 2.4048E-07 1.8390E-07 1.3789E-07 1.0178E-07 7.4396E-08 5.4170E-08 3.9751E-08 2.9829E-08 2.3105E-08 1.4449E-08 1.3501E-08 1.2670E-08 1.1992E-08 1.1625E-08 1.1183E-08 1.0778E-08 1.0516E-08 1.0227E-08 9.9834E-09 9.7460E-09 9.5144E-09 9.2889E-09 9.0693E-09 8.8557E-09 8.6479E-09
1.2156E-07 1.3262E-07 1.4541E-07 1.5986E-07 1.7651E-07 1.9527E-07 2.1625E-07 2.3953E-07 2.6789E-07 3.0585E-07 3.4096E-07 3.7974E-07 4.2222E-07 4.6781E-07 5.1691E-07 5.6344E-07 6.1186E-07 6.6059E-07 7.0876E-07 7.5389E-07 7.9183E-07 1.5277E-06 2.0160E-06 2.3974E-06 2.3570E-06 1.9453E-06 1.4035E-06 9.7809E-07 7.0712E-07 5.3513E-07 4.1550E-07 3.2438E-07 2.5086E-07 1.9148E-07 1.4337E-07 1.0573E-07 7.7280E-08 5.6174E-08 4.1234E-08 3.0862E-08 2.3873E-08 1.4907E-08 1.3913E-08 1.3039E-08 1.2331E-08 1.1947E-08 1.1566E-08 1.1101E-08 1.0783E-08 1.0482E-08 1.0229E-08 9.9826E-09 9.7423E-09 9.5082E-09 9.2804E-09 9.0588E-09 8.8433E-09
1.2356E-07 1.3479E-07 1.4787E-07 1.6261E-07 1.7973E-07 1.9899E-07 2.2063E-07 2.4475E-07 2.7274E-07 3.1198E-07 3.4818E-07 3.8850E-07 4.3220E-07 4.7959E-07 5.3176E-07 5.8017E-07 6.3011E-07 6.8020E-07 7.2822E-07 7.7381E-07 1.3566E-06 1.9399E-06 2.6991E-06 3.2348E-06 3.0465E-06 2.3029E-06 1.5666E-06 1.0465E-06 7.3648E-07 5.4896E-07 4.2285E-07 3.2884E-07 2.5374E-07 1.9356E-07 1.4489E-07 1.0689E-07 7.8189E-08 5.6909E-08 4.1847E-08 3.1388E-08 2.4385E-08 1.5332E-08 1.4351E-08 1.3401E-08 1.2672E-08 1.2270E-08 1.1872E-08 1.1467E-08 1.1053E-08 1.0777E-08 1.0476E-08 1.0221E-08 9.9714E-09 9.7288E-09 9.4926E-09 9.2630E-09 9.0397E-09
1.2446E-07 1.3567E-07 1.4870E-07 1.6342E-07 1.8055E-07 1.9982E-07 2.2159E-07 2.4590E-07 2.7267E-07 3.1154E-07 3.4818E-07 3.8878E-07 4.3237E-07 4.7997E-07 5.3333E-07 5.8201E-07 6.3179E-07 6.8141E-07 7.2871E-07 1.0511E-06 1.4706E-06 2.2443E-06 3.1318E-06 3.5480E-06 3.1629E-06 2.2879E-06 1.5084E-06 1.0118E-06 7.1734E-07 5.3685E-07 4.1428E-07 3.2240E-07 2.4883E-07 1.8994E-07 1.4239E-07 1.0526E-07 7.7152E-08 5.6353E-08 4.1630E-08 3.1398E-08 2.4538E-08 1.5721E-08 1.4725E-08 1.3756E-08 1.3013E-08 1.2595E-08 1.2204E-08 1.1837E-08 1.1323E-08 1.1037E-08 1.0725E-08 1.0460E-08 1.0202E-08 9.9502E-09 9.7057E-09 9.4680E-09 9.2370E-09
1.2423E-07 1.3521E-07 1.4790E-07 1.6231E-07 1.7901E-07 1.9783E-07 2.1912E-07 2.4229E-07 2.6776E-07 3.0515E-07 3.4107E-07 3.8066E-07 4.2278E-07 4.6955E-07 5.2075E-07 5.6888E-07 6.1680E-07 6.6425E-07 8.1546E-07 1.0145E-06 1.4053E-06 2.1005E-06 2.9137E-06 3.0681E-06 2.5788E-06 1.8710E-06 1.2830E-06 8.9620E-07 6.5736E-07 5.0176E-07 3.9105E-07 3.0579E-07 2.3667E-07 1.8105E-07 1.3606E-07 1.0096E-07 7.4318E-08 5.4656E-08 4.0649E-08 3.0979E-08 2.4406E-08 1.6073E-08 1.5078E-08 1.4103E-08 1.3356E-08 1.2920E-08 1.2513E-08 1.2131E-08 1.1639E-08 1.1298E-08 1.0973E-08 1.0699E-08 1.0432E-08 1.0172E-08 9.9193E-09 9.6735E-09 9.4347E-09
1.2301E-07 1.3351E-07 1.4560E-07 1.5936E-07 1.7523E-07 1.9317E-07 2.1346E-07 2.3470E-07 2.5844E-07 2.9335E-07 3.2745E-07 3.6482E-07 4.0425E-07 4.4875E-07 4.9619E-07 5.4205E-07 5.8655E-07 6.6260E-07 7.5561E-07 9.0982E-07 1.1811E-06 1.6112E-06 2.0447E-06 2.1356E-06 1.7914E-06 1.3601E-06 1.0039E-06 7.4977E-07 5.7562E-07 4.5095E-07 3.5690E-07 2.8103E-07 2.1877E-07 1.6781E-07 1.2673E-07 9.4475E-08 7.0000E-08 5.1928E-08 3.9039E-08 3.0123E-08 2.4039E-08 1.6435E-08 1.5411E-08 1.4481E-08 1.3697E-08 1.3245E-08 1.2823E-08 1.2426E-08 1.1995E-08 1.1558E-08 1.1260E-08 1.0939E-08 1.0663E-08 1.0394E-08 1.0133E-08 9.8791E-09 9.6325E-09
1.2086E-07 1.3068E-07 1.4201E-07 1.5482E-07 1.6957E-07 1.8622E-07 2.0468E-07 2.2391E-07 2.4540E-07 2.7705E-07 3.0839E-07 3.4229E-07 3.7874E-07 4.1925E-07 4.6176E-07 5.0379E-07 5.5165E-07 6.0483E-07 6.7458E-07 7.7631E-07 9.2778E-07 1.1292E-06 1.3029E-06 1.3244E-06 1.1799E-06 9.6363E-07 7.6363E-07 6.0998E-07 4.8903E-07 3.9435E-07 3.1592E-07 2.5128E-07 1.9657E-07 1.5162E-07 1.1519E-07 8.6441E-08 6.4558E-08 4.8500E-08 3.6980E-08 2.8988E-08 2.3504E-08 1.6726E-08 1.5727E-08 1.4812E-08 1.4037E-08 1.3569E-08 1.3130E-08 1.2719E-08 1.2272E-08 1.1818E-08 1.1511E-08 1.1178E-08 1.0893E-08 1.0616E-08 1.0346E-08 1.0085E-08 9.8301E-09
1.1794E-07 1.2695E-07 1.3736E-07 1.4900E-07 1.6238E-07 1.7744E-07 1.9343E-07 2.1065E-07 2.2960E-07 2.5306E-07 2.8540E-07 3.1517E-07 3.4770E-07 3.8325E-07 4.2008E-07 4.5856E-07 4.9648E-07 5.3807E-07 5.8718E-07 6.4786E-07 7.2387E-07 8.0695E-07 8.6775E-07 8.6777E-07 8.0178E-07 6.9823E-07 5.8810E-07 4.9103E-07 4.0952E-07 3.3582E-07 2.7327E-07 2.1856E-07 1.7260E-07 1.3393E-07 1.0241E-07 7.7547E-08 5.8577E-08 4.4574E-08 3.4707E-08 2.7699E-08 1.8450E-08 1.6997E-08 1.5852E-08 1.4934E-08 1.4374E-08 1.3890E-08 1.3437E-08 1.3011E-08 1.2632E-08 1.2078E-08 1.1760E-08 1.1417E-08 1.1123E-08 1.0837E-08 1.0559E-08 1.0289E-08 1.0027E-08
1.1443E-07 1.2258E-07 1.3173E-07 1.4224E-07 1.5393E-07 1.6726E-07 1.8089E-07 1.9591E-07 2.1234E-07 2.3229E-07 2.5992E-07 2.8542E-07 3.1320E-07 3.4330E-07 3.7414E-07 4.0636E-07 4.3658E-07 4.6850E-07 5.0196E-07 5.3705E-07 5.7403E-07 6.0720E-07 6.2519E-07 6.1767E-07 5.8107E-07 5.2399E-07 4.5951E-07 3.9680E-07 3.3587E-07 2.8093E-07 2.3052E-07 1.8660E-07 1.4834E-07 1.1584E-07 8.9257E-08 6.8471E-08 5.2475E-08 4.0693E-08 3.2347E-08 2.6377E-08 1.8649E-08 1.7251E-08 1.6190E-08 1.5284E-08 1.4740E-08 1.4208E-08 1.3740E-08 1.3301E-08 1.2909E-08 1.2419E-08 1.2008E-08 1.1654E-08 1.1351E-08 1.1057E-08 1.0771E-08 1.0493E-08 1.0223E-08
1.1026E-07 1.1765E-07 1.2571E-07 1.3490E-07 1.4504E-07 1.5604E-07 1.6760E-07 1.8029E-07 1.9413E-07 2.1055E-07 2.3337E-07 2.5447E-07 2.7731E-07 3.0172E-07 3.2682E-07 3.5247E-07 3.7651E-07 3.9991E-07 4.2253E-07 4.4320E-07 4.6130E-07 4.7379E-07 4.7629E-07 4.6579E-07 4.4152E-07 4.0527E-07 3.6346E-07 3.1761E-07 2.7330E-07 2.3092E-07 1.9193E-07 1.5634E-07 1.2500E-07 9.8417E-08 7.6774E-08 5.9758E-08 4.6683E-08 3.7020E-08 2.9997E-08 2.5121E-08 1.8784E-08 1.7476E-08 1.6492E-08 1.5674E-08 1.5069E-08 1.4522E-08 1.4040E-08 1.3587E-08 1.3184E-08 1.2721E-08 1.2254E-08 1.1927E-08 1.1578E-08 1.1276E-08 1.0981E-08 1.0696E-08 1.0418E-08
1.0608E-07 1.1256E-07 1.1949E-07 1.2731E-07 1.3584E-07 1.4467E-07 1.5422E-07 1.6463E-07 1.7592E-07 1.8900E-07 2.0367E-07 2.2398E-07 2.4209E-07 2.6116E-07 2.8080E-07 3.0087E-07 3.1851E-07 3.3591E-07 3.5057E-07 3.6323E-07 3.7210E-07 3.7591E-07 3.7290E-07 3.6180E-07 3.4325E-07 3.1791E-07 2.8701E-07 2.5375E-07 2.1974E-07 1.8776E-07 1.5715E-07 1.2878E-07 1.0377E-07 8.2698E-08 6.5450E-08 5.1821E-08 4.1459E-08 3.3687E-08 2.7951E-08 2.0269E-08 1.8719E-08 1.7531E-08 1.6622E-08 1.6015E-08 1.5392E-08 1.4831E-08 1.4336E-08 1.3870E-08 1.3455E-08 1.2978E-08 1.2498E-08 1.2162E-08 1.1803E-08 1.1492E-08 1.1190E-08 1.0896E-08 1.0612E-08
1.0185E-07 1.0739E-07 1.1323E-07 1.1957E-07 1.2649E-07 1.3352E-07 1.4132E-07 1.4960E-07 1.5851E-07 1.6858E-07 1.7986E-07 1.9110E-07 2.0911E-07 2.2342E-07 2.3815E-07 2.5312E-07 2.6605E-07 2.7748E-07 2.8757E-07 2.9480E-07 2.9874E-07 2.9907E-07 2.9423E-07 2.8409E-07 2.6884E-07 2.4936E-07 2.2580E-07 2.0092E-07 1.7575E-07 1.5066E-07 1.2680E-07 1.0489E-07 8.5476E-08 6.9020E-08 5.5719E-08 4.5037E-08 3.6800E-08 3.0724E-08 2.1965E-08 2.0254E-08 1.8871E-08 1.7824E-08 1.6968E-08 1.6372E-08 1.5751E-08 1.5160E-08 1.4626E-08 1.4148E-08 1.3722E-08 1.3313E-08 1.2738E-08 1.2394E-08 1.2025E-08 1.1706E-08 1.1396E-08 1.1095E-08 1.0803E-08
9.7626E-08 1.0214E-07 1.0713E-07 1.1227E-07 1.1767E-07 1.2321E-07 1.2929E-07 1.3566E-07 1.4245E-07 1.4991E-07 1.5818E-07 1.6643E-07 1.7947E-07 1.8971E-07 2.0023E-07 2.1064E-07 2.1970E-07 2.2726E-07 2.3321E-07 2.3699E-07 2.3875E-07 2.3695E-07 2.3166E-07 2.2272E-07 2.1027E-07 1.9457E-07 1.7736E-07 1.5857E-07 1.3912E-07 1.1990E-07 1.0166E-07 8.4941E-08 7.0263E-08 5.7837E-08 4.7553E-08 3.9352E-08 3.3031E-08 2.8221E-08 2.1755E-08 2.0266E-08 1.8884E-08 1.7973E-08 1.7304E-08 1.6695E-08 1.6062E-08 1.5457E-08 1.4911E-08 1.4421E-08 1.3984E-08 1.3565E-08 1.2975E-08 1.2622E-08 1.2244E-08 1.1917E-08 1.1600E-08 1.1291E-08 1.0992E-08
9.3331E-08 9.7218E-08 1.0128E-07 1.0533E-07 1.0954E-07 1.1381E-07 1.1827E-07 1.2313E-07 1.2809E-07 1.3336E-07 1.3910E-07 1.4480E-07 1.5054E-07 1.6069E-07 1.6776E-07 1.7455E-07 1.8036E-07 1.8498E-07 1.8833E-07 1.9000E-07 1.8966E-07 1.8702E-07 1.8189E-07 1.7427E-07 1.6432E-07 1.5236E-07 1.3899E-07 1.2459E-07 1.0984E-07 9.5361E-08 8.1703E-08 6.9094E-08 5.8177E-08 4.8795E-08 4.0930E-08 3.4761E-08 3.0094E-08 2.3151E-08 2.1518E-08 2.0186E-08 1.9013E-08 1.8310E-08 1.7630E-08 1.7008E-08 1.6364E-08 1.5784E-08 1.5189E-08 1.4688E-08 1.4241E-08 1.3812E-08 1.3208E-08 1.2847E-08 1.2460E-08 1.2125E-08 1.1800E-08 1.1484E-08 1.1178E-08
8.9381E-08 9.2522E-08 9.5757E-08 9.8904E-08 1.0205E-07 1.0543E-07 1.0868E-07 1.1199E-07 1.1558E-07 1.1910E-07 1.2281E-07 1.2643E-07 1.3002E-07 1.3330E-07 1.4089E-07 1.4488E-07 1.4823E-07 1.5064E-07 1.5207E-07 1.5225E-07 1.5095E-07 1.4800E-07 1.4331E-07 1.3689E-07 1.2889E-07 1.1954E-07 1.0923E-07 9.8336E-08 8.7287E-08 7.6530E-08 6.6305E-08 5.6950E-08 4.8775E-08 4.1647E-08 3.5969E-08 3.1367E-08 2.4536E-08 2.2905E-08 2.1331E-08 2.0207E-08 1.9348E-08 1.8633E-08 1.7943E-08 1.7310E-08 1.6675E-08 1.6066E-08 1.5512E-08 1.4948E-08 1.4491E-08 1.4053E-08 1.3436E-08 1.3067E-08 1.2671E-08 1.2329E-08 1.1997E-08 1.1674E-08 1.1361E-08
8.5646E-08 8.8082E-08 9.0578E-08 9.3091E-08 9.5473E-08 9.7791E-08 1.0030E-07 1.0261E-07 1.0476E-07 1.0712E-07 1.0926E-07 1.1125E-07 1.1319E-07 1.1490E-07 1.1632E-07 1.1709E-07 1.2283E-07 1.2365E-07 1.2373E-07 1.2290E-07 1.2103E-07 1.1801E-07 1.1381E-07 1.0845E-07 1.0205E-07 9.4789E-08 8.6931E-08 7.8744E-08 7.0529E-08 6.2586E-08 5.4850E-08 4.7759E-08 4.1661E-08 3.6626E-08 2.8104E-08 2.6016E-08 2.4152E-08 2.2636E-08 2.1353E-08 2.0436E-08 1.9668E-08 1.8943E-08 1.8244E-08 1.7600E-08 1.6956E-08 1.6339E-08 1.5776E-08 1.5201E-08 1.4734E-08 1.4287E-08 1.3699E-08 1.3282E-08 1.2878E-08 1.2529E-08 1.2190E-08 1.1860E-08 1.1540E-08
8.2131E-08 8.4140E-08 8.6078E-08 8.7877E-08 8.9721E-08 9.1305E-08 9.2835E-08 9.4487E-08 9.5827E-08 9.7240E-08 9.8227E-08 9.9002E-08 9.9745E-08 1.0029E-07 1.0061E-07 1.0042E-07 9.9775E-08 1.0304E-07 1.0223E-07 1.0078E-07 9.8616E-08 9.5677E-08 9.1954E-08 8.7486E-08 8.2362E-08 7.6720E-08 7.0734E-08 6.4597E-08 5.8461E-08 5.2109E-08 4.6310E-08 4.1356E-08 3.6850E-08 2.9447E-08 2.7281E-08 2.5421E-08 2.3934E-08 2.2466E-08 2.1589E-08 2.0747E-08 1.9971E-08 1.9237E-08 1.8530E-08 1.7878E-08 1.7226E-08 1.6602E-08 1.6030E-08 1.5477E-08 1.4970E-08 1.4515E-08 1.3959E-08 1.3492E-08 1.3080E-08 1.2724E-08 1.2378E-08 1.2042E-08 1.1715E-08
7.8962E-08 8.0545E-08 8.2098E-08 8.3506E-08 8.4804E-08 8.5884E-08 8.6787E-08 8.7681E-08 8.8305E-08 8.8818E-08 8.9287E-08 8.9317E-08 8.9251E-08 8.8981E-08 8.8532E-08 8.7721E-08 8.6573E-08 8.4933E-08 8.2843E-08 8.0268E-08 8.2276E-08 7.9500E-08 7.6212E-08 7.2471E-08 6.8337E-08 6.3916E-08 5.9309E-08 5.4603E-08 4.9543E-08 4.4879E-08 3.6408E-08 3.3329E-08 3.0708E-08 2.8549E-08 2.6641E-08 2.5136E-08 2.3702E-08 2.2767E-08 2.1867E-08 2.1038E-08 2.0254E-08 1.9497E-08 1.8801E-08 1.8141E-08 1.7468E-08 1.6852E-08 1.6273E-08 1.5712E-08 1.5198E-08 1.4735E-08 1.4171E-08 1.3696E-08 1.3315E-08 1.2914E-08 1.2562E-08 1.2219E-08 1.1886E-08
7.6161E-08 7.7480E-08 7.8686E-08 7.9702E-08 8.0560E-08 8.1345E-08 8.1795E-08 8.2047E-08 8.2277E-08 8.2309E-08 8.1930E-08 8.1291E-08 8.1011E-08 8.0332E-08 7.9450E-08 7.8189E-08 7.6667E-08 7.4899E-08 7.2769E-08 7.0357E-08 6.7632E-08 6.4633E-08 6.1394E-08 5.7969E-08 5.4461E-08 5.0925E-08 4.7306E-08 4.3514E-08 4.0246E-08 3.7179E-08 3.4410E-08 3.1867E-08 2.9768E-08 2.7890E-08 2.6346E-08 2.4974E-08 2.3982E-08 2.3045E-08 2.2143E-08 2.1309E-08 2.0520E-08 1.9759E-08 1.9056E-08 1.8390E-08 1.7713E-08 1.7091E-08 1.6505E-08 1.5939E-08 1.5417E-08 1.4947E-08 1.4375E-08 1.3894E-08 1.3507E-08 1.3099E-08 1.2740E-08 1.2391E-08 1.2053E-08
7.3661E-08 7.4805E-08 7.5726E-08 7.6473E-08 7.7022E-08 7.7400E-08 7.7665E-08 7.7596E-08 7.7388E-08 7.6949E-08 7.6386E-08 7.5408E-08 7.4426E-08 7.3556E-08 7.2378E-08 7.1003E-08 6.9359E-08 6.7535E-08 6.5490E-08 6.3247E-08 6.0804E-08 5.8164E-08 5.5422E-08 5.2572E-08 4.9654E-08 4.6593E-08 4.3297E-08 4.0582E-08 3.7806E-08 3.5454E-08 3.3074E-08 3.1024E-08 2.9146E-08 2.7597E-08 2.6276E-08 2.5229E-08 2.4237E-08 2.3280E-08 2.2396E-08 2.1559E-08 2.0767E-08 2.0003E-08 1.9296E-08 1.8625E-08 1.7944E-08 1.7318E-08 1.6726E-08 1.6155E-08 1.5627E-08 1.5151E-08 1.4573E-08 1.4084E-08 1.3691E-08 1.3278E-08 1.2913E-08 1.2558E-08 1.2214E-08
7.1328E-08 7.2420E-08 7.3196E-08 7.3732E-08 7.4029E-08 7.4146E-08 7.4050E-08 7.3920E-08 7.3472E-08 7.2834E-08 7.1932E-08 7.0890E-08 6.9644E-08 6.8336E-08 6.6926E-08 6.5602E-08 6.4009E-08 6.2251E-08 6.0296E-08 5.8191E-08 5.5983E-08 5.3666E-08 5.1263E-08 4.8784E-08 4.6162E-08 4.3423E-08 4.0981E-08 3.8560E-08 3.6400E-08 3.4208E-08 3.2280E-08 3.0403E-08 2.8935E-08 2.7597E-08 2.6498E-08 2.5455E-08 2.4465E-08 2.3512E-08 2.2627E-08 2.1789E-08 2.0979E-08 2.0230E-08 1.9519E-08 1.8844E-08 1.8162E-08 1.7532E-08 1.6936E-08 1.6361E-08 1.5828E-08 1.5345E-08 1.4762E-08 1.4268E-08 1.3869E-08 1.3450E-08 1.3080E-08 1.2720E-08 1.2370E-08
6.9289E-08 7.0153E-08 7.0896E-08 7.1339E-08 7.1539E-08 7.1498E-08 7.1216E-08 7.0748E-08 7.0135E-08 6.9525E-08 6.8533E-08 6.7215E-08 6.5845E-08 6.4602E-08 6.3166E-08 6.1630E-08 5.9902E-08 5.8160E-08 5.6559E-08 5.4628E-08 5.2634E-08 5.0514E-08 4.8326E-08 4.5955E-08 4.3721E-08 4.1463E-08 3.9378E-08 3.7246E-08 3.5326E-08 3.3325E-08 3.1702E-08 3.0161E-08 2.8951E-08 2.7781E-08 2.6689E-08 2.5652E-08 2.4649E-08 2.3719E-08 2.2836E-08 2.1998E-08 2.1190E-08 2.0439E-08 1.9726E-08 1.9035E-08 1.8366E-08 1.7734E-08 1.7121E-08 1.6555E-08 1.6018E-08 1.5530E-08 1.4943E-08 1.4444E-08 1.4040E-08 1.3616E-08 1.3240E-08 1.2875E-08 1.2521E-08
6.7305E-08 6.8161E-08 6.8731E-08 6.9080E-08 6.9210E-08 6.9213E-08 6.8906E-08 6.8369E-08 6.7604E-08 6.6694E-08 6.5785E-08 6.4503E-08 6.3100E-08 6.1700E-08 6.0202E-08 5.8805E-08 5.7187E-08 5.5520E-08 5.3746E-08 5.1918E-08 5.0034E-08 4.8069E-08 4.6085E-08 4.3968E-08 4.2041E-08 4.0029E-08 3.8210E-08 3.6424E-08 3.4608E-08 3.2996E-08 3.1532E-08 3.0281E-08 2.9066E-08 2.7931E-08 2.6849E-08 2.5820E-08 2.4826E-08 2.3901E-08 2.3021E-08 2.2170E-08 2.1380E-08 2.0630E-08 1.9916E-08 1.9225E-08 1.8556E-08 1.7922E-08 1.7308E-08 1.6739E-08 1.6198E-08 1.5705E-08 1.5073E-08 1.4612E-08 1.4203E-08 1.3774E-08 1.3394E-08 1.3024E-08 1.2665E-08
6.5526E-08 6.6228E-08 6.6730E-08 6.7106E-08 6.7211E-08 6.7101E-08 6.6772E-08 6.6250E-08 6.5589E-08 6.4692E-08 6.3578E-08 6.2138E-08 6.0874E-08 5.9568E-08 5.8130E-08 5.6601E-08 5.5039E-08 5.3401E-08 5.1617E-08 5.0073E-08 4.8335E-08 4.6530E-08 4.4622E-08 4.2853E-08 4.1083E-08 3.9131E-08 3.7469E-08 3.5871E-08 3.4216E-08 3.2880E-08 3.1595E-08 3.0364E-08 2.9170E-08 2.8048E-08 2.6979E-08 2.5943E-08 2.4977E-08 2.4058E-08 2.3184E-08 2.2338E-08 2.1551E-08 2.0802E-08 2.0075E-08 1.9399E-08 1.8731E-08 1.8096E-08 1.7481E-08 1.6910E-08 1.6366E-08 1.5870E-08 1.5236E-08 1.4772E-08 1.4321E-08 1.3925E-08 1.3540E-08 1.3166E-08 1.2803E-08
6.3806E-08 6.4469E-08 6.4943E-08 6.5220E-08 6.5301E-08 6.5183E-08 6.4921E-08 6.4432E-08 6.3745E-08 6.2890E-08 6.1882E-08 6.0547E-08 5.9157E-08 5.7728E-08 5.6229E-08 5.4705E-08 5.3390E-08 5.1922E-08 5.0329E-08 4.8686E-08 4.6912E-08 4.5258E-08 4.3602E-08 4.1958E-08 4.0342E-08 3.8533E-08 3.7026E-08 3.5546E-08 3.4189E-08 3.2880E-08 3.1620E-08 3.0393E-08 2.9238E-08 2.8134E-08 2.7079E-08 2.6057E-08 2.5102E-08 2.4191E-08 2.3307E-08 2.2485E-08 2.1702E-08 2.0956E-08 2.0232E-08 1.9557E-08 1.8890E-08 1.8243E-08 1.7642E-08 1.7070E-08 1.6524E-08 1.6024E-08 1.5352E-08 1.4923E-08 1.4468E-08 1.4069E-08 1.3680E-08 1.3301E-08 1.2934E-08
