Assets/Resources/2015_m01_d25_0600(utc+0800)_l00_csi_1hr_conc.grd
DSAA
         159         159
     -79.000      79.000
     -79.000      79.000
  0.0000E+00  0.3083E-05
[rows 25 to 49 of 159, columns 57 to 113 of 159]
4.1698E-09 4.9764E-09 5.9171E-09 6.9879E-09 8.1949E-09 9.5661E-09 1.1068E-08 1.2700E-08 1.4440E-08 1.6264E-08 1.8139E-08 2.0029E-08 2.1861E-08 2.3605E-08 2.5176E-08 2.6507E-08 2.7538E-08 2.8203E-08 2.8448E-08 2.8238E-08 2.7556E-08 2.6410E-08 2.4845E-08 2.2931E-08 2.0750E-08 1.8391E-08 1.5958E-08 1.3550E-08 1.1259E-08 9.1534E-09 7.2906E-09 5.6739E-09 4.3096E-09 3.2028E-09 2.3225E-09 1.6190E-09 1.0943E-09 7.0411E-10 4.2814E-10 2.3668E-10 1.2899E-10 7.0078E-11 3.0817E-11 8.4597E-12 0.0000E+00 0.0000E+00 0.0000E+00 0.0000E+00 0.0000E+00 0.0000E+00 0.0000E+00 0.0000E+00 0.0000E+00 0.0000E+00 0.0000E+00 0.0000E+00 0.0000E+00
3.7666E-09 4.5521E-09 5.4789E-09 6.5449E-09 7.7581E-09 9.1228E-09 1.0649E-08 1.2321E-08 1.4118E-08 1.6033E-08 1.8038E-08 2.0070E-08 2.2107E-08 2.4057E-08 2.5863E-08 2.7460E-08 2.8751E-08 2.9660E-08 3.0116E-08 3.0074E-08 2.9510E-08 2.8418E-08 2.6833E-08 2.4817E-08 2.2467E-08 1.9901E-08 1.7240E-08 1.4602E-08 1.2087E-08 9.7689E-09 7.7106E-09 5.9446E-09 4.4808E-09 3.2880E-09 2.3476E-09 1.6177E-09 1.0709E-09 6.7917E-10 3.9421E-10 2.1670E-10 1.1911E-10 6.2412E-11 2.5374E-11 5.1513E-12 0.0000E+00 0.0000E+00 0.0000E+00 0.0000E+00 0.0000E+00 0.0000E+00 0.0000E+00 0.0000E+00 0.0000E+00 0.0000E+00 0.0000E+00 0.0000E+00 0.0000E+00
3.4194E-09 4.1702E-09 5.0641E-09 6.0987E-09 7.2928E-09 8.6594E-09 1.0192E-08 1.1887E-08 1.3749E-08 1.5750E-08 1.7866E-08 2.0071E-08 2.2295E-08 2.4489E-08 2.6573E-08 2.8450E-08 3.0037E-08 3.1249E-08 3.1980E-08 3.2156E-08 3.1730E-08 3.0700E-08 2.9092E-08 2.6970E-08 2.4437E-08 2.1628E-08 1.8689E-08 1.5763E-08 1.2968E-08 1.0418E-08 8.1589E-09 6.2247E-09 4.6297E-09 3.3675E-09 2.3608E-09 1.6069E-09 1.0428E-09 6.4262E-10 3.6583E-10 2.0282E-10 1.0825E-10 5.4849E-11 1.9530E-11 2.1455E-12 0.0000E+00 0.0000E+00 0.0000E+00 0.0000E+00 0.0000E+00 0.0000E+00 0.0000E+00 0.0000E+00 0.0000E+00 0.0000E+00 0.0000E+00 0.0000E+00 0.0000E+00
3.0798E-09 3.7945E-09 4.6487E-09 5.6513E-09 6.8204E-09 8.1610E-09 9.6881E-09 1.1408E-08 1.3312E-08 1.5396E-08 1.7644E-08 2.0005E-08 2.2447E-08 2.4897E-08 2.7283E-08 2.9505E-08 3.1447E-08 3.2994E-08 3.4042E-08 3.4483E-08 3.4244E-08 3.3290E-08 3.1647E-08 2.9393E-08 2.6643E-08 2.3553E-08 2.0300E-08 1.7047E-08 1.3940E-08 1.1097E-08 8.6046E-09 6.5073E-09 4.7818E-09 3.4214E-09 2.3665E-09 1.5717E-09 1.0123E-09 5.9987E-10 3.3868E-10 1.8146E-10 9.8554E-11 4.3833E-11 1.2647E-11 0.0000E+00 0.0000E+00 0.0000E+00 0.0000E+00 0.0000E+00 0.0000E+00 0.0000E+00 0.0000E+00 0.0000E+00 0.0000E+00 0.0000E+00 0.0000E+00 0.0000E+00 0.0000E+00
2.7528E-09 3.4168E-09 4.2300E-09 5.1892E-09 6.3225E-09 7.6383E-09 9.1602E-09 1.0876E-08 1.2828E-08 1.4988E-08 1.7348E-08 1.9884E-08 2.2552E-08 2.5287E-08 2.8014E-08 3.0620E-08 3.2975E-08 3.4940E-08 3.6362E-08 3.7114E-08 3.7095E-08 3.6243E-08 3.4569E-08 3.2154E-08 2.9138E-08 2.5710E-08 2.2068E-08 1.8420E-08 1.4967E-08 1.1820E-08 9.0690E-09 6.7674E-09 4.9259E-09 3.4564E-09 2.3655E-09 1.5462E-09 9.6810E-10 5.6880E-10 3.2277E-10 1.6678E-10 8.4098E-11 3.2170E-11 4.4490E-12 0.0000E+00 0.0000E+00 0.0000E+00 0.0000E+00 0.0000E+00 0.0000E+00 0.0000E+00 0.0000E+00 0.0000E+00 0.0000E+00 0.0000E+00 0.0000E+00 0.0000E+00 0.0000E+00
2.4294E-09 3.0540E-09 3.8177E-09 4.7453E-09 5.8179E-09 7.0920E-09 8.5847E-09 1.0304E-08 1.2279E-08 1.4512E-08 1.6994E-08 1.9702E-08 2.2615E-08 2.5665E-08 2.8770E-08 3.1808E-08 3.4640E-08 3.7084E-08 3.8955E-08 4.0069E-08 4.0294E-08 3.9554E-08 3.7841E-08 3.5238E-08 3.1911E-08 2.8087E-08 2.4010E-08 1.9923E-08 1.6042E-08 1.2547E-08 9.5422E-09 7.0289E-09 5.0343E-09 3.4985E-09 2.3344E-09 1.5118E-09 9.1620E-10 5.3935E-10 2.9845E-10 1.4825E-10 6.4554E-11 1.8675E-11 2.1286E-12 0.0000E+00 0.0000E+00 0.0000E+00 0.0000E+00 0.0000E+00 0.0000E+00 0.0000E+00 0.0000E+00 0.0000E+00 0.0000E+00 0.0000E+00 0.0000E+00 0.0000E+00 0.0000E+00
2.1136E-09 2.6960E-09 3.4070E-09 4.2677E-09 5.3003E-09 6.5343E-09 8.0003E-09 9.6891E-09 1.1681E-08 1.3988E-08 1.6568E-08 1.9465E-08 2.2627E-08 2.6022E-08 2.9546E-08 3.3080E-08 3.6442E-08 3.9433E-08 4.1823E-08 4.3374E-08 4.3898E-08 4.3282E-08 4.1511E-08 3.8683E-08 3.4981E-08 3.0676E-08 2.6081E-08 2.1507E-08 1.7182E-08 1.3295E-08 9.9730E-09 7.2799E-09 5.1206E-09 3.5053E-09 2.3126E-09 1.4627E-09 8.7657E-10 5.1533E-10 2.7059E-10 1.2451E-10 4.6423E-11 1.1879E-11 0.0000E+00 0.0000E+00 0.0000E+00 0.0000E+00 0.0000E+00 0.0000E+00 0.0000E+00 0.0000E+00 0.0000E+00 0.0000E+00 0.0000E+00 0.0000E+00 0.0000E+00 0.0000E+00 0.0000E+00
1.8126E-09 2.3511E-09 3.0020E-09 3.8078E-09 4.7812E-09 5.9604E-09 7.3777E-09 9.0395E-09 1.1050E-08 1.3393E-08 1.6101E-08 1.9160E-08 2.2597E-08 2.6339E-08 3.0327E-08 3.4419E-08 3.8402E-08 4.2022E-08 4.4995E-08 4.7040E-08 4.7905E-08 4.7429E-08 4.5579E-08 4.2474E-08 3.8337E-08 3.3492E-08 2.8302E-08 2.3135E-08 1.8305E-08 1.4037E-08 1.0402E-08 7.4648E-09 5.2020E-09 3.4910E-09 2.2774E-09 1.4028E-09 8.4546E-10 4.8036E-10 2.3758E-10 9.8687E-11 3.3258E-11 6.0628E-12 0.0000E+00 0.0000E+00 0.0000E+00 0.0000E+00 0.0000E+00 0.0000E+00 0.0000E+00 0.0000E+00 0.0000E+00 0.0000E+00 0.0000E+00 0.0000E+00 0.0000E+00 0.0000E+00 0.0000E+00
1.5289E-09 2.0169E-09 2.6041E-09 3.3591E-09 4.2607E-09 5.3912E-09 6.7565E-09 8.3649E-09 1.0341E-08 1.2742E-08 1.5544E-08 1.8793E-08 2.2487E-08 2.6627E-08 3.1118E-08 3.5807E-08 4.0486E-08 4.4840E-08 4.8509E-08 5.1120E-08 5.2367E-08 5.2043E-08 5.0090E-08 4.6631E-08 4.1956E-08 3.6468E-08 3.0622E-08 2.4823E-08 1.9429E-08 1.4696E-08 1.0781E-08 7.6258E-09 5.2363E-09 3.4753E-09 2.2107E-09 1.3486E-09 8.0394E-10 4.2857E-10 2.0259E-10 7.5530E-11 2.2976E-11 0.0000E+00 0.0000E+00 0.0000E+00 0.0000E+00 0.0000E+00 0.0000E+00 0.0000E+00 0.0000E+00 0.0000E+00 0.0000E+00 0.0000E+00 0.0000E+00 0.0000E+00 0.0000E+00 0.0000E+00 0.0000E+00
1.2750E-09 1.7132E-09 2.2337E-09 2.9221E-09 3.7601E-09 4.8183E-09 6.1163E-09 7.6734E-09 9.6223E-09 1.2051E-08 1.4936E-08 1.8334E-08 2.2309E-08 2.6855E-08 3.1889E-08 3.7271E-08 4.2723E-08 4.7889E-08 5.2343E-08 5.5612E-08 5.7292E-08 5.7119E-08 5.5015E-08 5.1134E-08 4.5822E-08 3.9580E-08 3.2956E-08 2.6465E-08 2.0516E-08 1.5328E-08 1.1064E-08 7.7400E-09 5.2181E-09 3.4247E-09 2.1224E-09 1.3072E-09 7.4205E-10 3.7618E-10 1.6590E-10 5.4736E-11 6.7936E-12 0.0000E+00 0.0000E+00 0.0000E+00 0.0000E+00 0.0000E+00 0.0000E+00 0.0000E+00 0.0000E+00 0.0000E+00 0.0000E+00 0.0000E+00 0.0000E+00 0.0000E+00 0.0000E+00 0.0000E+00 0.0000E+00
1.0493E-09 1.4344E-09 1.8961E-09 2.5177E-09 3.2747E-09 4.2602E-09 5.4814E-09 6.9688E-09 8.8482E-09 1.1284E-08 1.4245E-08 1.7803E-08 2.2044E-08 2.6994E-08 3.2623E-08 3.8744E-08 4.5070E-08 5.1168E-08 5.6500E-08 6.0494E-08 6.2649E-08 6.2623E-08 6.0324E-08 5.5941E-08 4.9904E-08 4.2829E-08 3.5349E-08 2.8071E-08 2.1468E-08 1.5860E-08 1.1283E-08 7.7669E-09 5.1778E-09 3.3105E-09 2.0424E-09 1.2283E-09 6.5724E-10 3.2064E-10 1.2686E-10 2.1835E-11 0.0000E+00 0.0000E+00 0.0000E+00 0.0000E+00 0.0000E+00 0.0000E+00 0.0000E+00 0.0000E+00 0.0000E+00 0.0000E+00 0.0000E+00 0.0000E+00 0.0000E+00 0.0000E+00 0.0000E+00 0.0000E+00 0.0000E+00
8.4570E-10 1.1822E-09 1.5833E-09 2.1355E-09 2.8143E-09 3.7092E-09 4.8396E-09 6.2562E-09 8.0511E-09 1.0484E-08 1.3490E-08 1.7163E-08 2.1675E-08 2.7063E-08 3.3298E-08 4.0229E-08 4.7532E-08 5.4670E-08 6.0997E-08 6.5813E-08 6.8486E-08 6.8590E-08 6.6013E-08 6.0999E-08 5.4097E-08 4.6042E-08 3.7622E-08 2.9562E-08 2.2319E-08 1.6224E-08 1.1399E-08 7.7070E-09 5.0556E-09 3.1451E-09 1.9319E-09 1.1000E-09 5.6961E-10 2.6085E-10 7.3740E-11 7.5765E-12 0.0000E+00 0.0000E+00 0.0000E+00 0.0000E+00 0.0000E+00 0.0000E+00 0.0000E+00 0.0000E+00 0.0000E+00 0.0000E+00 0.0000E+00 0.0000E+00 0.0000E+00 0.0000E+00 0.0000E+00 0.0000E+00 0.0000E+00
6.6600E-10 9.5235E-10 1.2981E-09 1.7875E-09 2.3815E-09 3.1850E-09 4.2206E-09 5.5310E-09 7.2299E-09 9.5977E-09 1.2651E-08 1.6445E-08 2.1193E-08 2.7021E-08 3.3916E-08 4.1718E-08 5.0055E-08 5.8329E-08 6.5751E-08 7.1450E-08 7.4654E-08 7.4856E-08 7.1928E-08 6.6201E-08 5.8340E-08 4.9225E-08 3.9788E-08 3.0834E-08 2.2979E-08 1.6449E-08 1.1345E-08 7.5651E-09 4.8357E-09 2.9822E-09 1.7680E-09 9.6539E-10 4.7691E-10 1.6579E-10 4.2747E-11 0.0000E+00 0.0000E+00 0.0000E+00 0.0000E+00 0.0000E+00 0.0000E+00 0.0000E+00 0.0000E+00 0.0000E+00 0.0000E+00 0.0000E+00 0.0000E+00 0.0000E+00 0.0000E+00 0.0000E+00 0.0000E+00 0.0000E+00 0.0000E+00
5.1234E-10 7.4595E-10 1.0420E-09 1.4581E-09 1.9779E-09 2.6834E-09 3.6105E-09 4.8218E-09 6.4264E-09 8.7191E-09 1.1760E-08 1.5622E-08 2.0614E-08 2.6860E-08 3.4419E-08 4.3142E-08 5.2616E-08 6.2139E-08 7.0762E-08 7.7427E-08 8.1197E-08 8.1465E-08 7.8103E-08 7.1510E-08 6.2507E-08 5.2201E-08 4.1703E-08 3.1877E-08 2.3351E-08 1.6462E-08 1.1147E-08 7.2889E-09 4.5457E-09 2.7465E-09 1.5578E-09 8.1835E-10 3.6191E-10 1.0658E-10 2.8926E-12 0.0000E+00 0.0000E+00 0.0000E+00 0.0000E+00 0.0000E+00 0.0000E+00 0.0000E+00 0.0000E+00 0.0000E+00 0.0000E+00 0.0000E+00 0.0000E+00 0.0000E+00 0.0000E+00 0.0000E+00 0.0000E+00 0.0000E+00 0.0000E+00
3.8044E-10 5.6580E-10 8.1203E-10 1.1594E-09 1.6039E-09 2.2111E-09 3.0238E-09 4.1166E-09 5.5516E-09 7.7815E-09 1.0799E-08 1.4737E-08 1.9906E-08 2.6558E-08 3.4805E-08 4.4488E-08 5.5160E-08 6.6000E-08 7.5895E-08 8.3588E-08 8.7943E-08 8.8221E-08 8.4312E-08 7.6736E-08 6.6508E-08 5.4932E-08 4.3272E-08 3.2591E-08 2.3482E-08 1.6217E-08 1.0777E-08 6.8541E-09 4.1949E-09 2.4492E-09 1.3394E-09 6.5651E-10 2.1464E-10 4.6221E-11 0.0000E+00 0.0000E+00 0.0000E+00 0.0000E+00 0.0000E+00 0.0000E+00 0.0000E+00 0.0000E+00 0.0000E+00 0.0000E+00 0.0000E+00 0.0000E+00 0.0000E+00 0.0000E+00 0.0000E+00 0.0000E+00 0.0000E+00 0.0000E+00 0.0000E+00
2.7011E-10 4.1671E-10 6.1261E-10 8.9626E-10 1.2624E-09 1.7870E-09 2.4756E-09 3.4464E-09 4.7088E-09 6.8025E-09 9.7847E-09 1.3722E-08 1.9067E-08 2.6113E-08 3.5004E-08 4.5668E-08 5.7603E-08 6.9864E-08 8.1122E-08 8.9882E-08 9.4833E-08 9.5096E-08 9.0529E-08 8.1803E-08 7.0213E-08 5.7296E-08 4.4469E-08 3.2888E-08 2.3264E-08 1.5737E-08 1.0225E-08 6.3250E-09 3.7666E-09 2.1205E-09 1.0890E-09 4.1418E-10 1.3679E-10 6.0222E-12 0.0000E+00 0.0000E+00 0.0000E+00 0.0000E+00 0.0000E+00 0.0000E+00 0.0000E+00 0.0000E+00 0.0000E+00 0.0000E+00 0.0000E+00 0.0000E+00 0.0000E+00 0.0000E+00 0.0000E+00 0.0000E+00 0.0000E+00 0.0000E+00 0.0000E+00
1.7944E-10 2.8752E-10 4.4404E-10 6.6332E-10 9.6274E-10 1.3864E-09 1.9664E-09 2.8083E-09 3.9090E-09 5.8518E-09 8.7442E-09 1.2668E-08 1.8102E-08 2.5466E-08 3.5022E-08 4.6683E-08 5.9929E-08 7.3691E-08 8.6410E-08 9.6306E-08 1.0180E-07 1.0192E-07 9.6577E-08 8.6606E-08 7.3519E-08 5.9149E-08 4.5191E-08 3.2820E-08 2.2696E-08 1.5006E-08 9.4636E-09 5.7135E-09 3.2835E-09 1.7605E-09 8.1230E-10 2.8412E-10 3.6849E-11 0.0000E+00 0.0000E+00 0.0000E+00 0.0000E+00 0.0000E+00 0.0000E+00 0.0000E+00 0.0000E+00 0.0000E+00 0.0000E+00 0.0000E+00 0.0000E+00 0.0000E+00 0.0000E+00 0.0000E+00 0.0000E+00 0.0000E+00 0.0000E+00 0.0000E+00 0.0000E+00
1.1125E-10 1.8065E-10 3.0580E-10 4.6624E-10 7.0690E-10 1.0368E-09 1.5089E-09 2.2211E-09 3.1495E-09 4.8959E-09 7.6539E-09 1.1512E-08 1.7007E-08 2.4669E-08 3.4829E-08 4.7473E-08 6.2065E-08 7.7361E-08 9.1569E-08 1.0262E-07 1.0865E-07 1.0854E-07 1.0230E-07 9.0978E-08 7.6348E-08 6.0511E-08 4.5373E-08 3.2282E-08 2.1813E-08 1.4054E-08 8.5930E-09 5.0218E-09 2.7717E-09 1.3828E-09 5.1534E-10 1.2956E-10 3.6508E-12 0.0000E+00 0.0000E+00 0.0000E+00 0.0000E+00 0.0000E+00 0.0000E+00 0.0000E+00 0.0000E+00 0.0000E+00 0.0000E+00 0.0000E+00 0.0000E+00 0.0000E+00 0.0000E+00 0.0000E+00 0.0000E+00 0.0000E+00 0.0000E+00 0.0000E+00 0.0000E+00
6.6875E-11 1.0923E-10 1.9797E-10 3.0774E-10 4.9719E-10 7.4378E-10 1.1230E-09 1.6962E-09 2.4636E-09 3.9779E-09 6.5928E-09 1.0302E-08 1.5819E-08 2.3691E-08 3.4401E-08 4.8018E-08 6.3963E-08 8.0867E-08 9.6643E-08 1.0888E-07 1.1543E-07 1.1505E-07 1.0774E-07 9.4833E-08 7.8518E-08 6.1244E-08 4.5057E-08 3.1311E-08 2.0641E-08 1.2901E-08 7.6650E-09 4.3057E-09 2.2380E-09 9.2828E-10 3.0773E-10 4.1729E-11 0.0000E+00 0.0000E+00 0.0000E+00 0.0000E+00 0.0000E+00 0.0000E+00 0.0000E+00 0.0000E+00 0.0000E+00 0.0000E+00 0.0000E+00 0.0000E+00 0.0000E+00 0.0000E+00 0.0000E+00 0.0000E+00 0.0000E+00 0.0000E+00 0.0000E+00 0.0000E+00 0.0000E+00
3.8520E-11 6.6766E-11 1.2038E-10 1.9863E-10 3.3183E-10 5.1112E-10 8.0487E-10 1.2488E-09 1.8656E-09 3.1307E-09 5.5180E-09 9.0788E-09 1.4537E-08 2.2558E-08 3.3756E-08 4.8293E-08 6.5582E-08 8.4093E-08 1.0145E-07 1.1484E-07 1.2182E-07 1.2103E-07 1.1261E-07 9.8128E-08 8.0132E-08 6.1408E-08 4.4244E-08 3.0013E-08 1.9228E-08 1.1638E-08 6.6766E-09 3.5745E-09 1.6755E-09 6.1219E-10 1.3236E-10 0.0000E+00 0.0000E+00 0.0000E+00 0.0000E+00 0.0000E+00 0.0000E+00 0.0000E+00 0.0000E+00 0.0000E+00 0.0000E+00 0.0000E+00 0.0000E+00 0.0000E+00 0.0000E+00 0.0000E+00 0.0000E+00 0.0000E+00 0.0000E+00 0.0000E+00 0.0000E+00 0.0000E+00 0.0000E+00
1.6474E-11 3.7908E-11 6.9322E-11 1.2011E-10 2.0753E-10 3.3440E-10 5.5176E-10 8.8536E-10 1.3600E-09 2.3703E-09 4.4812E-09 7.8497E-09 1.3198E-08 2.1267E-08 3.2851E-08 4.8223E-08 6.6789E-08 8.6885E-08 1.0581E-07 1.2039E-07 1.2784E-07 1.2659E-07 1.1690E-07 1.0073E-07 8.1065E-08 6.0992E-08 4.2952E-08 2.8403E-08 1.7642E-08 1.0340E-08 5.6822E-09 2.8469E-09 1.1445E-09 3.1266E-10 6.0527E-12 0.0000E+00 0.0000E+00 0.0000E+00 0.0000E+00 0.0000E+00 0.0000E+00 0.0000E+00 0.0000E+00 0.0000E+00 0.0000E+00 0.0000E+00 0.0000E+00 0.0000E+00 0.0000E+00 0.0000E+00 0.0000E+00 0.0000E+00 0.0000E+00 0.0000E+00 0.0000E+00 0.0000E+00 0.0000E+00
3.6759E-12 1.6170E-11 3.4563E-11 7.1230E-11 1.2211E-10 2.0466E-10 3.5582E-10 5.9709E-10 9.5771E-10 1.7690E-09 3.5186E-09 6.6357E-09 1.1772E-08 1.9807E-08 3.1663E-08 4.7768E-08 6.7582E-08 8.9249E-08 1.0975E-07 1.2547E-07 1.3326E-07 1.3146E-07 1.2047E-07 1.0262E-07 8.1324E-08 6.0031E-08 4.1325E-08 2.6574E-08 1.5973E-08 9.0175E-09 4.6891E-09 2.0749E-09 7.1551E-10 9.5212E-11 0.0000E+00 0.0000E+00 0.0000E+00 0.0000E+00 0.0000E+00 0.0000E+00 0.0000E+00 0.0000E+00 0.0000E+00 0.0000E+00 0.0000E+00 0.0000E+00 0.0000E+00 0.0000E+00 0.0000E+00 0.0000E+00 0.0000E+00 0.0000E+00 0.0000E+00 0.0000E+00 0.0000E+00 0.0000E+00 0.0000E+00
0.0000E+00 3.5556E-12 1.3994E-11 3.4620E-11 6.5847E-11 1.2443E-10 2.1161E-10 3.6881E-10 6.3924E-10 1.2041E-09 2.6644E-09 5.4965E-09 1.0273E-08 1.8181E-08 3.0168E-08 4.6802E-08 6.7656E-08 9.0780E-08 1.1279E-07 1.2965E-07 1.3781E-07 1.3547E-07 1.2322E-07 1.0377E-07 8.0948E-08 5.8548E-08 3.9335E-08 2.4558E-08 1.4290E-08 7.7023E-09 3.7298E-09 1.4670E-09 3.6838E-10 0.0000E+00 0.0000E+00 0.0000E+00 0.0000E+00 0.0000E+00 0.0000E+00 0.0000E+00 0.0000E+00 0.0000E+00 0.0000E+00 0.0000E+00 0.0000E+00 0.0000E+00 0.0000E+00 0.0000E+00 0.0000E+00 0.0000E+00 0.0000E+00 0.0000E+00 0.0000E+00 0.0000E+00 0.0000E+00 0.0000E+00 0.0000E+00
0.0000E+00 0.0000E+00 2.8877E-12 1.1791E-11 3.1110E-11 6.5581E-11 1.1492E-10 2.0803E-10 3.9081E-10 7.9749E-10 1.9323E-09 4.4331E-09 8.7711E-09 1.6396E-08 2.8284E-08 4.5273E-08 6.7017E-08 9.1502E-08 1.1504E-07 1.3303E-07 1.4154E-07 1.3864E-07 1.2512E-07 1.0412E-07 7.9956E-08 5.6711E-08 3.7181E-08 2.2527E-08 1.2630E-08 6.4484E-09 2.8004E-09 9.5496E-10 1.1468E-10 0.0000E+00 0.0000E+00 0.0000E+00 0.0000E+00 0.0000E+00 0.0000E+00 0.0000E+00 0.0000E+00 0.0000E+00 0.0000E+00 0.0000E+00 0.0000E+00 0.0000E+00 0.0000E+00 0.0000E+00 0.0000E+00 0.0000E+00 0.0000E+00 0.0000E+00 0.0000E+00 0.0000E+00 0.0000E+00 0.0000E+00 0.0000E+00
0.0000E+00 0.0000E+00 0.0000E+00 1.9384E-12 9.5461E-12 2.7730E-11 5.8024E-11 1.1174E-10 2.1456E-10 4.8241E-10 1.3391E-09 3.4601E-09 7.3249E-09 1.4414E-08 2.6069E-08 4.3106E-08 6.5453E-08 9.1084E-08 1.1598E-07 1.3513E-07 1.4411E-07 1.4080E-07 1.2619E-07 1.0385E-07 7.8534E-08 5.4607E-08 3.4913E-08 2.0523E-08 1.1002E-08 5.1984E-09 2.0378E-09 4.8902E-10 5.9822E-11 0.0000E+00 0.0000E+00 0.0000E+00 0.0000E+00 0.0000E+00 0.0000E+00 0.0000E+00 0.0000E+00 0.0000E+00 0.0000E+00 0.0000E+00 0.0000E+00 0.0000E+00 0.0000E+00 0.0000E+00 0.0000E+00 0.0000E+00 0.0000E+00 0.0000E+00 0.0000E+00 0.0000E+00 0.0000E+00 0.0000E+00 0.0000E+00
