Assets/Resources/2015_m01_d21_0100(utc+0800)_l00_csi_1hr_conc.grd
DSAA
         159         159
     -79.000      79.000
     -79.000      79.000
  0.3500E-10  0.2362E-04
[rows 50 to 74 of 159, columns 0 to 56 of 159]
1.3946E-09 1.4216E-09 1.4464E-09 1.4740E-09 1.5016E-09 1.5299E-09 1.5592E-09 1.5883E-09 1.6193E-09 1.6516E-09 1.6849E-09 1.7177E-09 1.7514E-09 1.7860E-09 1.8227E-09 1.8593E-09 1.8988E-09 1.9380E-09 1.9779E-09 2.0201E-09 2.0632E-09 2.1087E-09 2.1544E-09 2.2059E-09 2.2535E-09 2.3025E-09 2.3583E-09 2.4101E-09 2.4630E-09 2.5224E-09 2.5783E-09 2.6377E-09 2.6990E-09 2.7588E-09 2.8252E-09 2.8878E-09 2.9513E-09 3.0188E-09 3.0845E-09 3.1571E-09 3.2246E-09 3.2970E-09 3.3731E-09 3.4499E-09 3.5256E-09 3.6092E-09 3.6811E-09 3.7526E-09 3.8234E-09 3.8932E-09 3.9676E-09 4.0362E-09 4.1088E-09 4.1815E-09 4.2490E-09 4.3150E-09 4.3796E-09
1.3865E-09 1.4127E-09 1.4378E-09 1.4666E-09 1.4935E-09 1.5221E-09 1.5518E-09 1.5813E-09 1.6128E-09 1.6442E-09 1.6765E-09 1.7098E-09 1.7440E-09 1.7817E-09 1.8181E-09 1.8570E-09 1.8979E-09 1.9379E-09 1.9788E-09 2.0234E-09 2.0669E-09 2.1140E-09 2.1626E-09 2.2149E-09 2.2688E-09 2.3257E-09 2.3868E-09 2.4496E-09 2.5111E-09 2.5777E-09 2.6384E-09 2.7031E-09 2.7726E-09 2.8382E-09 2.9148E-09 2.9841E-09 3.0586E-09 3.1339E-09 3.2103E-09 3.2869E-09 3.3636E-09 3.4462E-09 3.5245E-09 3.6081E-09 3.6885E-09 3.7693E-09 3.8502E-09 3.9275E-09 4.0040E-09 4.0838E-09 4.1674E-09 4.2455E-09 4.3253E-09 4.4027E-09 4.4870E-09 4.5636E-09 4.6434E-09
1.3775E-09 1.4041E-09 1.4293E-09 1.4585E-09 1.4856E-09 1.5146E-09 1.5447E-09 1.5745E-09 1.6065E-09 1.6384E-09 1.6713E-09 1.7068E-09 1.7433E-09 1.7875E-09 1.8277E-09 1.8736E-09 1.9211E-09 1.9654E-09 2.0104E-09 2.0596E-09 2.1092E-09 2.1632E-09 2.2150E-09 2.2741E-09 2.3284E-09 2.3872E-09 2.4519E-09 2.5142E-09 2.5761E-09 2.6513E-09 2.7178E-09 2.7922E-09 2.8659E-09 2.9383E-09 3.0210E-09 3.0977E-09 3.1760E-09 3.2618E-09 3.3437E-09 3.4269E-09 3.5156E-09 3.6021E-09 3.6897E-09 3.7831E-09 3.8734E-09 3.9641E-09 4.0553E-09 4.1464E-09 4.2391E-09 4.3347E-09 4.4249E-09 4.5165E-09 4.6119E-09 4.7080E-09 4.7970E-09 4.8850E-09 4.9801E-09
1.3708E-09 1.3966E-09 1.4224E-09 1.4603E-09 1.4915E-09 1.5244E-09 1.5588E-09 1.5903E-09 1.6278E-09 1.6655E-09 1.7008E-09 1.7374E-09 1.7760E-09 1.8169E-09 1.8601E-09 1.9081E-09 1.9545E-09 2.0000E-09 2.0511E-09 2.1016E-09 2.1521E-09 2.2087E-09 2.2638E-09 2.3252E-09 2.3851E-09 2.4457E-09 2.5140E-09 2.5791E-09 2.6461E-09 2.7214E-09 2.7932E-09 2.8715E-09 2.9530E-09 3.0318E-09 3.1192E-09 3.2029E-09 3.2886E-09 3.3798E-09 3.4697E-09 3.5612E-09 3.6589E-09 3.7545E-09 3.8532E-09 3.9551E-09 4.0555E-09 4.1567E-09 4.2586E-09 4.3607E-09 4.4626E-09 4.5704E-09 4.6726E-09 4.7793E-09 4.8821E-09 4.9919E-09 5.0942E-09 5.2028E-09 5.3054E-09
1.3877E-09 1.4163E-09 1.4456E-09 1.4764E-09 1.5088E-09 1.5436E-09 1.5783E-09 1.6130E-09 1.6490E-09 1.6851E-09 1.7224E-09 1.7610E-09 1.8021E-09 1.8436E-09 1.8866E-09 1.9335E-09 1.9798E-09 2.0289E-09 2.0798E-09 2.1325E-09 2.1869E-09 2.2476E-09 2.3053E-09 2.3704E-09 2.4341E-09 2.4987E-09 2.5714E-09 2.6410E-09 2.7127E-09 2.7934E-09 2.8706E-09 2.9532E-09 3.0391E-09 3.1241E-09 3.2183E-09 3.3088E-09 3.4016E-09 3.5005E-09 3.6000E-09 3.7021E-09 3.8085E-09 3.9133E-09 4.0245E-09 4.1337E-09 4.2443E-09 4.3562E-09 4.4690E-09 4.5825E-09 4.7017E-09 4.8164E-09 4.9308E-09 5.0514E-09 5.1742E-09 5.2912E-09 5.4076E-09 5.5322E-09 5.6489E-09
1.3994E-09 1.4281E-09 1.4575E-09 1.4896E-09 1.5204E-09 1.5536E-09 1.5883E-09 1.6229E-09 1.6601E-09 1.6984E-09 1.7382E-09 1.7784E-09 1.8213E-09 1.8647E-09 1.9119E-09 1.9588E-09 2.0073E-09 2.0590E-09 2.1123E-09 2.1666E-09 2.2239E-09 2.2864E-09 2.3472E-09 2.4167E-09 2.4832E-09 2.5515E-09 2.6312E-09 2.7052E-09 2.7816E-09 2.8675E-09 2.9499E-09 3.0381E-09 3.1301E-09 3.2212E-09 3.3221E-09 3.4195E-09 3.5195E-09 3.6260E-09 3.7316E-09 3.8439E-09 3.9550E-09 4.0685E-09 4.1890E-09 4.3077E-09 4.4281E-09 4.5501E-09 4.6734E-09 4.7976E-09 4.9305E-09 5.0570E-09 5.1834E-09 5.3194E-09 5.4559E-09 5.5866E-09 5.7200E-09 5.8567E-09 5.9884E-09
1.4056E-09 1.4361E-09 1.4654E-09 1.4986E-09 1.5304E-09 1.5647E-09 1.6006E-09 1.6364E-09 1.6751E-09 1.7138E-09 1.7540E-09 1.7968E-09 1.8403E-09 1.8853E-09 1.9344E-09 1.9843E-09 2.0360E-09 2.0911E-09 2.1459E-09 2.2027E-09 2.2640E-09 2.3285E-09 2.3924E-09 2.4660E-09 2.5356E-09 2.6075E-09 2.6888E-09 2.7667E-09 2.8473E-09 2.9380E-09 3.0251E-09 3.1185E-09 3.2158E-09 3.3141E-09 3.4229E-09 3.5267E-09 3.6333E-09 3.7470E-09 3.8599E-09 3.9800E-09 4.0992E-09 4.2210E-09 4.3505E-09 4.4782E-09 4.6080E-09 4.7397E-09 4.8729E-09 5.0074E-09 5.1494E-09 5.2868E-09 5.4308E-09 5.5771E-09 5.7198E-09 5.8631E-09 6.0150E-09 6.1612E-09 6.3071E-09
1.4116E-09 1.4429E-09 1.4730E-09 1.5071E-09 1.5397E-09 1.5758E-09 1.6137E-09 1.6507E-09 1.6907E-09 1.7308E-09 1.7724E-09 1.8168E-09 1.8618E-09 1.9086E-09 1.9596E-09 2.0103E-09 2.0641E-09 2.1201E-09 2.1771E-09 2.2361E-09 2.3000E-09 2.3683E-09 2.4362E-09 2.5131E-09 2.5859E-09 2.6613E-09 2.7463E-09 2.8281E-09 2.9127E-09 3.0079E-09 3.0994E-09 3.1977E-09 3.3002E-09 3.4021E-09 3.5150E-09 3.6244E-09 3.7369E-09 3.8569E-09 3.9762E-09 4.1033E-09 4.2295E-09 4.3649E-09 4.4998E-09 4.6357E-09 4.7739E-09 4.9144E-09 5.0567E-09 5.2062E-09 5.3527E-09 5.5002E-09 5.6552E-09 5.8131E-09 5.9670E-09 6.1222E-09 6.2874E-09 6.4467E-09 6.6060E-09
1.4197E-09 1.4518E-09 1.4827E-09 1.5177E-09 1.5695E-09 1.6246E-09 1.6851E-09 1.7331E-09 1.7856E-09 1.8397E-09 1.8972E-09 1.9600E-09 2.0253E-09 2.0952E-09 2.1662E-09 2.2399E-09 2.3167E-09 2.3949E-09 2.4720E-09 2.5491E-09 2.6237E-09 2.6966E-09 2.7616E-09 2.8282E-09 2.8823E-09 2.9314E-09 2.9493E-09 3.0053E-09 3.0352E-09 3.1001E-09 3.1674E-09 3.2699E-09 3.3770E-09 3.4836E-09 3.6016E-09 3.7161E-09 3.8340E-09 3.9597E-09 4.0890E-09 4.2183E-09 4.3510E-09 4.4915E-09 4.6314E-09 4.7743E-09 4.9199E-09 5.0680E-09 5.2181E-09 5.3761E-09 5.5310E-09 5.6871E-09 5.8516E-09 6.0220E-09 6.1859E-09 6.3604E-09 6.5313E-09 6.7024E-09 6.8776E-09
1.4894E-09 1.5310E-09 1.5746E-09 1.6244E-09 1.6739E-09 1.7285E-09 1.7965E-09 1.8693E-09 1.9407E-09 2.0160E-09 2.0980E-09 2.2062E-09 2.3023E-09 2.4070E-09 2.5394E-09 2.6553E-09 2.7774E-09 2.8996E-09 3.0237E-09 3.1441E-09 3.2284E-09 3.3372E-09 3.4320E-09 3.4825E-09 3.5490E-09 3.5971E-09 3.6338E-09 3.6469E-09 3.6467E-09 3.6223E-09 3.6224E-09 3.6134E-09 3.6456E-09 3.6656E-09 3.7049E-09 3.7938E-09 3.9177E-09 4.0501E-09 4.1846E-09 4.3193E-09 4.4575E-09 4.6041E-09 4.7501E-09 4.8993E-09 5.0515E-09 5.2063E-09 5.3635E-09 5.5292E-09 5.6916E-09 5.8617E-09 6.0330E-09 6.2059E-09 6.3786E-09 6.5622E-09 6.7416E-09 6.9230E-09 7.1145E-09
1.5948E-09 1.6508E-09 1.7098E-09 1.7771E-09 1.8471E-09 1.9249E-09 2.0098E-09 2.1004E-09 2.2016E-09 2.3201E-09 2.4498E-09 2.5792E-09 2.7186E-09 2.8701E-09 3.0290E-09 3.1963E-09 3.3730E-09 3.5525E-09 3.7339E-09 3.9159E-09 4.0897E-09 4.2556E-09 4.4026E-09 4.5326E-09 4.6293E-09 4.6933E-09 4.7283E-09 4.7206E-09 4.6796E-09 4.6193E-09 4.5084E-09 4.3656E-09 4.2876E-09 4.2389E-09 4.2136E-09 4.1806E-09 4.1869E-09 4.2286E-09 4.3087E-09 4.4029E-09 4.5457E-09 4.6999E-09 4.8511E-09 5.0085E-09 5.1665E-09 5.3273E-09 5.4930E-09 5.6631E-09 5.8324E-09 6.0097E-09 6.1913E-09 6.3693E-09 6.5499E-09 6.7427E-09 6.9311E-09 7.1219E-09 7.3242E-09
1.7200E-09 1.7902E-09 1.8649E-09 1.9628E-09 2.0678E-09 2.1712E-09 2.2845E-09 2.4064E-09 2.5409E-09 2.6855E-09 2.8434E-09 3.0129E-09 3.2063E-09 3.4168E-09 3.6290E-09 3.8538E-09 4.0874E-09 4.3270E-09 4.5700E-09 4.8146E-09 5.0508E-09 5.2781E-09 5.4839E-09 5.6691E-09 5.8138E-09 5.9180E-09 5.9844E-09 5.9950E-09 5.9284E-09 5.8323E-09 5.7275E-09 5.5674E-09 5.4133E-09 5.2267E-09 5.0790E-09 4.9410E-09 4.7881E-09 4.7251E-09 4.7051E-09 4.7335E-09 4.7794E-09 4.8293E-09 4.9538E-09 5.0969E-09 5.2596E-09 5.4253E-09 5.6023E-09 5.7779E-09 5.9529E-09 6.1367E-09 6.3250E-09 6.5097E-09 6.6972E-09 6.8980E-09 7.0943E-09 7.2936E-09 7.5055E-09
1.8856E-09 1.9731E-09 2.0792E-09 2.1867E-09 2.3007E-09 2.4274E-09 2.5658E-09 2.7295E-09 2.8947E-09 3.0899E-09 3.2854E-09 3.4951E-09 3.7223E-09 3.9627E-09 4.2174E-09 4.4864E-09 4.7800E-09 5.0826E-09 5.3805E-09 5.6805E-09 5.9742E-09 6.2583E-09 6.5210E-09 6.7628E-09 6.9307E-09 7.0929E-09 7.1816E-09 7.2478E-09 7.2547E-09 7.2098E-09 7.0982E-09 6.9161E-09 6.7184E-09 6.4674E-09 6.1836E-09 5.9655E-09 5.7544E-09 5.5705E-09 5.4062E-09 5.2910E-09 5.2115E-09 5.2058E-09 5.2455E-09 5.3168E-09 5.4056E-09 5.5403E-09 5.6923E-09 5.8697E-09 6.0495E-09 6.2385E-09 6.4355E-09 6.6257E-09 6.8223E-09 7.0302E-09 7.2335E-09 7.4486E-09 7.6604E-09
2.0832E-09 2.1896E-09 2.3035E-09 2.4312E-09 2.5666E-09 2.7223E-09 2.8931E-09 3.0697E-09 3.2630E-09 3.4705E-09 3.6973E-09 3.9376E-09 4.1969E-09 4.4710E-09 4.7610E-09 5.0682E-09 5.4032E-09 5.7327E-09 6.0514E-09 6.3905E-09 6.7256E-09 7.0728E-09 7.3850E-09 7.6839E-09 7.9581E-09 8.1745E-09 8.3495E-09 8.4605E-09 8.5089E-09 8.5074E-09 8.4310E-09 8.3095E-09 8.0712E-09 7.8195E-09 7.5872E-09 7.3039E-09 7.0219E-09 6.7370E-09 6.4272E-09 6.1367E-09 5.9883E-09 5.8567E-09 5.7740E-09 5.6937E-09 5.7422E-09 5.7785E-09 5.9004E-09 6.0179E-09 6.1581E-09 6.3293E-09 6.5282E-09 6.7235E-09 6.9295E-09 7.1352E-09 7.3441E-09 7.5655E-09 7.7839E-09
2.2803E-09 2.4036E-09 2.5356E-09 2.6814E-09 2.8360E-09 3.0053E-09 3.1888E-09 3.3852E-09 3.5989E-09 3.8434E-09 4.0911E-09 4.3561E-09 4.6410E-09 4.9426E-09 5.2610E-09 5.5960E-09 5.9427E-09 6.3465E-09 6.8119E-09 7.2110E-09 7.6126E-09 8.0251E-09 8.4196E-09 8.8149E-09 9.1760E-09 9.5150E-09 9.8214E-09 1.0076E-08 1.0276E-08 1.0426E-08 1.0487E-08 1.0487E-08 1.0434E-08 1.0298E-08 1.0094E-08 9.8130E-09 9.4730E-09 9.0205E-09 8.6149E-09 8.1834E-09 7.7804E-09 7.4751E-09 7.1294E-09 6.8722E-09 6.7223E-09 6.5934E-09 6.4909E-09 6.5214E-09 6.5517E-09 6.6638E-09 6.7624E-09 6.8967E-09 7.0506E-09 7.2477E-09 7.4393E-09 7.6667E-09 7.8910E-09
2.4643E-09 2.5981E-09 2.7407E-09 2.8986E-09 3.0750E-09 3.2592E-09 3.4668E-09 3.6983E-09 3.9741E-09 4.2404E-09 4.5211E-09 4.8179E-09 5.1417E-09 5.4805E-09 5.8440E-09 6.2268E-09 6.6309E-09 7.0525E-09 7.4900E-09 7.9390E-09 8.3981E-09 8.8691E-09 9.3370E-09 9.8096E-09 1.0266E-08 1.0686E-08 1.1118E-08 1.1493E-08 1.1857E-08 1.2184E-08 1.2449E-08 1.2656E-08 1.2792E-08 1.2844E-08 1.2818E-08 1.2678E-08 1.2456E-08 1.2163E-08 1.1777E-08 1.1318E-08 1.0811E-08 1.0240E-08 9.7172E-09 9.1900E-09 8.6893E-09 8.2814E-09 7.9631E-09 7.7188E-09 7.5209E-09 7.4356E-09 7.3704E-09 7.3782E-09 7.4436E-09 7.5363E-09 7.7175E-09 7.9015E-09 8.0946E-09
2.6916E-09 2.8423E-09 3.0060E-09 3.1840E-09 3.3752E-09 3.5807E-09 3.8055E-09 4.0429E-09 4.3053E-09 4.5814E-09 4.8764E-09 5.1920E-09 5.5312E-09 5.9040E-09 6.2869E-09 6.6915E-09 7.1160E-09 7.5603E-09 8.0253E-09 8.4858E-09 8.9785E-09 9.4875E-09 9.9982E-09 1.0519E-08 1.1031E-08 1.1534E-08 1.2034E-08 1.2504E-08 1.2946E-08 1.3363E-08 1.3730E-08 1.4053E-08 1.4319E-08 1.4483E-08 1.4624E-08 1.4668E-08 1.4617E-08 1.4476E-08 1.4225E-08 1.3862E-08 1.3422E-08 1.2915E-08 1.2346E-08 1.1741E-08 1.1111E-08 1.0508E-08 9.9657E-09 9.4530E-09 9.0019E-09 8.6737E-09 8.4216E-09 8.2368E-09 8.1282E-09 8.1056E-09 8.1968E-09 8.3248E-09 8.4350E-09
2.8968E-09 3.0617E-09 3.2352E-09 3.4261E-09 3.6279E-09 3.8467E-09 4.0823E-09 4.3332E-09 4.6042E-09 4.8935E-09 5.2016E-09 5.5300E-09 5.8817E-09 6.2524E-09 6.6453E-09 7.0592E-09 7.4934E-09 7.9466E-09 8.4181E-09 8.9025E-09 9.3990E-09 9.9104E-09 1.0422E-08 1.0944E-08 1.1455E-08 1.1958E-08 1.2457E-08 1.2930E-08 1.3380E-08 1.3793E-08 1.4169E-08 1.4534E-08 1.4852E-08 1.5109E-08 1.5313E-08 1.5439E-08 1.5491E-08 1.5457E-08 1.5334E-08 1.5137E-08 1.4853E-08 1.4478E-08 1.4025E-08 1.3486E-08 1.2930E-08 1.2342E-08 1.1753E-08 1.1158E-08 1.0614E-08 1.0139E-08 9.7211E-09 9.3096E-09 9.0702E-09 8.8604E-09 8.9395E-09 8.8816E-09 8.9479E-09
3.0730E-09 3.2428E-09 3.4230E-09 3.6203E-09 3.8279E-09 4.0618E-09 4.3131E-09 4.5708E-09 4.8504E-09 5.1452E-09 5.4578E-09 5.7907E-09 6.1431E-09 6.5140E-09 6.9051E-09 7.3151E-09 7.7414E-09 8.1842E-09 8.6432E-09 9.1121E-09 9.5899E-09 1.0080E-08 1.0566E-08 1.1060E-08 1.1523E-08 1.1998E-08 1.2450E-08 1.2904E-08 1.3330E-08 1.3739E-08 1.4108E-08 1.4446E-08 1.4747E-08 1.4998E-08 1.5211E-08 1.5333E-08 1.5440E-08 1.5490E-08 1.5462E-08 1.5364E-08 1.5197E-08 1.4943E-08 1.4628E-08 1.4260E-08 1.3834E-08 1.3361E-08 1.2857E-08 1.2337E-08 1.1827E-08 1.1337E-08 1.0859E-08 1.0434E-08 1.0084E-08 9.7917E-09 9.7304E-09 9.6391E-09 9.5619E-09
3.2412E-09 3.4169E-09 3.6028E-09 3.8055E-09 4.0181E-09 4.2469E-09 4.4912E-09 4.7491E-09 5.0253E-09 5.3175E-09 5.6259E-09 5.9538E-09 6.2974E-09 6.6581E-09 7.0369E-09 7.4320E-09 7.8408E-09 8.2643E-09 8.7032E-09 9.1466E-09 9.5961E-09 1.0055E-08 1.0508E-08 1.0965E-08 1.1407E-08 1.1837E-08 1.2260E-08 1.2656E-08 1.3030E-08 1.3388E-08 1.3710E-08 1.4006E-08 1.4239E-08 1.4476E-08 1.4683E-08 1.4840E-08 1.4952E-08 1.5022E-08 1.5036E-08 1.4986E-08 1.4895E-08 1.4758E-08 1.4564E-08 1.4318E-08 1.4021E-08 1.3666E-08 1.3302E-08 1.2903E-08 1.2489E-08 1.2068E-08 1.1649E-08 1.1256E-08 1.0898E-08 1.0565E-08 1.0571E-08 1.0395E-08 1.0282E-08
3.3810E-09 3.5594E-09 3.7475E-09 3.9518E-09 4.1653E-09 4.3941E-09 4.6375E-09 4.8935E-09 5.1665E-09 5.4572E-09 5.7594E-09 6.0795E-09 6.4130E-09 6.7615E-09 7.1254E-09 7.5029E-09 7.8911E-09 8.2906E-09 8.6983E-09 9.1104E-09 9.5249E-09 9.9448E-09 1.0356E-08 1.0768E-08 1.1162E-08 1.1542E-08 1.1918E-08 1.2263E-08 1.2572E-08 1.2870E-08 1.3155E-08 1.3416E-08 1.3649E-08 1.3846E-08 1.4021E-08 1.4156E-08 1.4241E-08 1.4308E-08 1.4352E-08 1.4355E-08 1.4321E-08 1.4243E-08 1.4125E-08 1.3950E-08 1.3769E-08 1.3556E-08 1.3306E-08 1.3021E-08 1.2701E-08 1.2400E-08 1.2089E-08 1.1778E-08 1.1470E-08 1.1181E-08 1.1252E-08 1.1072E-08 1.0910E-08
3.4865E-09 3.6665E-09 3.8528E-09 4.0545E-09 4.2644E-09 4.4885E-09 4.7259E-09 4.9849E-09 5.2504E-09 5.5402E-09 5.8326E-09 6.1410E-09 6.4608E-09 6.7934E-09 7.1391E-09 7.4957E-09 7.8605E-09 8.2355E-09 8.6161E-09 8.9964E-09 9.3764E-09 9.7424E-09 1.0116E-08 1.0470E-08 1.0826E-08 1.1168E-08 1.1501E-08 1.1805E-08 1.2088E-08 1.2357E-08 1.2593E-08 1.2809E-08 1.3001E-08 1.3165E-08 1.3285E-08 1.3425E-08 1.3524E-08 1.3600E-08 1.3648E-08 1.3667E-08 1.3660E-08 1.3619E-08 1.3563E-08 1.3476E-08 1.3361E-08 1.3219E-08 1.3040E-08 1.2858E-08 1.2654E-08 1.2447E-08 1.2218E-08 1.1970E-08 1.1747E-08 1.1525E-08 1.1675E-08 1.1519E-08 1.1394E-08
3.5826E-09 3.7592E-09 3.9439E-09 4.1434E-09 4.3503E-09 4.5705E-09 4.8032E-09 5.0458E-09 5.3034E-09 5.5747E-09 5.8549E-09 6.1493E-09 6.4536E-09 6.7688E-09 7.0953E-09 7.4309E-09 7.7728E-09 8.1214E-09 8.4735E-09 8.8254E-09 9.1753E-09 9.5264E-09 9.8644E-09 1.0200E-08 1.0515E-08 1.0814E-08 1.1114E-08 1.1376E-08 1.1617E-08 1.1846E-08 1.2033E-08 1.2212E-08 1.2385E-08 1.2531E-08 1.2663E-08 1.2766E-08 1.2848E-08 1.2915E-08 1.2953E-08 1.2975E-08 1.2992E-08 1.2989E-08 1.2963E-08 1.2920E-08 1.2838E-08 1.2762E-08 1.2672E-08 1.2558E-08 1.2428E-08 1.2282E-08 1.2137E-08 1.1983E-08 1.1831E-08 1.1675E-08 1.1893E-08 1.1795E-08 1.1707E-08
3.6396E-09 3.8218E-09 4.0100E-09 4.2058E-09 4.4081E-09 4.6229E-09 4.8493E-09 5.0847E-09 5.3342E-09 5.5926E-09 5.8618E-09 6.1439E-09 6.4343E-09 6.7341E-09 7.0435E-09 7.3603E-09 7.6814E-09 8.0145E-09 8.3443E-09 8.6703E-09 8.9923E-09 9.3170E-09 9.6302E-09 9.9342E-09 1.0217E-08 1.0482E-08 1.0722E-08 1.0936E-08 1.1153E-08 1.1358E-08 1.1534E-08 1.1693E-08 1.1834E-08 1.1951E-08 1.2065E-08 1.2135E-08 1.2199E-08 1.2269E-08 1.2323E-08 1.2358E-08 1.2379E-08 1.2392E-08 1.2368E-08 1.2359E-08 1.2335E-08 1.2297E-08 1.2251E-08 1.2180E-08 1.2106E-08 1.2039E-08 1.1958E-08 1.1864E-08 1.1758E-08 1.1668E-08 1.1967E-08 1.1917E-08 1.1870E-08
3.6981E-09 3.8676E-09 4.0440E-09 4.2337E-09 4.4291E-09 4.6361E-09 4.8536E-09 5.0790E-09 5.3174E-09 5.5711E-09 5.8273E-09 6.1074E-09 6.3837E-09 6.6708E-09 6.9688E-09 7.2684E-09 7.5713E-09 7.8780E-09 8.1854E-09 8.4898E-09 8.7895E-09 9.0708E-09 9.3561E-09 9.6375E-09 9.8972E-09 1.0144E-08 1.0377E-08 1.0583E-08 1.0768E-08 1.0943E-08 1.1089E-08 1.1221E-08 1.1338E-08 1.1406E-08 1.1509E-08 1.1587E-08 1.1652E-08 1.1712E-08 1.1762E-08 1.1784E-08 1.1805E-08 1.1836E-08 1.1852E-08 1.1859E-08 1.1857E-08 1.1838E-08 1.1822E-08 1.1802E-08 1.1773E-08 1.1743E-08 1.1702E-08 1.1653E-08 1.1607E-08 1.1572E-08 1.1927E-08 1.1908E-08 1.1903E-08
