Assets/Resources/2015_m01_d04_2100(utc+0800)_l00_csi_1hr_conc.grd
DSAA
         159         159
     -79.000      79.000
     -79.000      79.000
  0.1609E-09  0.8982E-05
[rows 0 to 24 of 159, columns 57 to 113 of 159]
2.5520E-09 2.5106E-09 2.4649E-09 2.4299E-09 2.3961E-09 2.3600E-09 2.3269E-09 2.2999E-09 2.2723E-09 2.2440E-09 2.2152E-09 2.1836E-09 2.1541E-09 2.1220E-09 2.0920E-09 2.0594E-09 2.0287E-09 1.9957E-09 1.9645E-09 1.9309E-09 1.8991E-09 1.8650E-09 1.8327E-09 1.7949E-09 1.7579E-09 1.7262E-09 1.6940E-09 1.6594E-09 1.6268E-09 1.5939E-09 1.5606E-09 1.5265E-09 1.4918E-09 1.4584E-09 1.4249E-09 1.3897E-09 1.3565E-09 1.3222E-09 1.2890E-09 1.2553E-09 1.2227E-09 1.1879E-09 1.1570E-09 1.1234E-09 1.0937E-09 1.0613E-09 1.0329E-09 1.0048E-09 9.7720E-10 9.5009E-10 9.2353E-10 8.9757E-10 8.7224E-10 8.4758E-10 8.2360E-10 7.9768E-10 7.6945E-10
2.6209E-09 2.5788E-09 2.5380E-09 2.4960E-09 2.4523E-09 2.4173E-09 2.3802E-09 2.3460E-09 2.3174E-09 2.2882E-09 2.2585E-09 2.2260E-09 2.1956E-09 2.1626E-09 2.1309E-09 2.0982E-09 2.0644E-09 2.0327E-09 1.9983E-09 1.9660E-09 1.9332E-09 1.8982E-09 1.8589E-09 1.8207E-09 1.7885E-09 1.7558E-09 1.7227E-09 1.6871E-09 1.6535E-09 1.6196E-09 1.5853E-09 1.5489E-09 1.5147E-09 1.4803E-09 1.4452E-09 1.4098E-09 1.3757E-09 1.3399E-09 1.3065E-09 1.2713E-09 1.2386E-09 1.2031E-09 1.1715E-09 1.1372E-09 1.1068E-09 1.0739E-09 1.0447E-09 1.0160E-09 9.8778E-10 9.6010E-10 9.3300E-10 9.0654E-10 8.8074E-10 8.5565E-10 8.3128E-10 8.0245E-10 7.7418E-10
2.6875E-09 2.6420E-09 2.6017E-09 2.5634E-09 2.5198E-09 2.4777E-09 2.4408E-09 2.3986E-09 2.3633E-09 2.3332E-09 2.3016E-09 2.2691E-09 2.2362E-09 2.2039E-09 2.1697E-09 2.1376E-09 2.1028E-09 2.0701E-09 2.0348E-09 2.0015E-09 1.9671E-09 1.9318E-09 1.8918E-09 1.8527E-09 1.8195E-09 1.7858E-09 1.7508E-09 1.7151E-09 1.6804E-09 1.6455E-09 1.6102E-09 1.5729E-09 1.5376E-09 1.5023E-09 1.4649E-09 1.4299E-09 1.3949E-09 1.3583E-09 1.3240E-09 1.2880E-09 1.2545E-09 1.2183E-09 1.1848E-09 1.1510E-09 1.1176E-09 1.0863E-09 1.0565E-09 1.0271E-09 9.9826E-10 9.7000E-10 9.4237E-10 9.1541E-10 8.8915E-10 8.6363E-10 8.3888E-10 8.0589E-10 7.8157E-10
2.7545E-09 2.7082E-09 2.6613E-09 2.6216E-09 2.5820E-09 2.5408E-09 2.4962E-09 2.4580E-09 2.4184E-09 2.3789E-09 2.3447E-09 2.3129E-09 2.2782E-09 2.2458E-09 2.2106E-09 2.1775E-09 2.1418E-09 2.1081E-09 2.0719E-09 2.0376E-09 2.0006E-09 1.9658E-09 1.9249E-09 1.8850E-09 1.8508E-09 1.8160E-09 1.7786E-09 1.7433E-09 1.7076E-09 1.6715E-09 1.6345E-09 1.5969E-09 1.5607E-09 1.5243E-09 1.4861E-09 1.4501E-09 1.4128E-09 1.3767E-09 1.3401E-09 1.3047E-09 1.2681E-09 1.2334E-09 1.1969E-09 1.1646E-09 1.1296E-09 1.0986E-09 1.0681E-09 1.0381E-09 1.0086E-09 9.7979E-10 9.5162E-10 9.2417E-10 8.9745E-10 8.7152E-10 8.4363E-10 8.1206E-10 7.8748E-10
2.8220E-09 2.7739E-09 2.7291E-09 2.6852E-09 2.6395E-09 2.5993E-09 2.5608E-09 2.5126E-09 2.4772E-09 2.4328E-09 2.3902E-09 2.3574E-09 2.3218E-09 2.2883E-09 2.2522E-09 2.2164E-09 2.1814E-09 2.1458E-09 2.1094E-09 2.0740E-09 2.0361E-09 1.9981E-09 1.9544E-09 1.9176E-09 1.8823E-09 1.8465E-09 1.8080E-09 1.7716E-09 1.7348E-09 1.6977E-09 1.6583E-09 1.6211E-09 1.5838E-09 1.5457E-09 1.5072E-09 1.4703E-09 1.4314E-09 1.3950E-09 1.3569E-09 1.3213E-09 1.2828E-09 1.2484E-09 1.2113E-09 1.1782E-09 1.1425E-09 1.1108E-09 1.0796E-09 1.0489E-09 1.0189E-09 9.8946E-10 9.6076E-10 9.3281E-10 9.0565E-10 8.7930E-10 8.4843E-10 8.1823E-10 7.9338E-10
2.8873E-09 2.8433E-09 2.7930E-09 2.7448E-09 2.7008E-09 2.6561E-09 2.6145E-09 2.5755E-09 2.5269E-09 2.4893E-09 2.4431E-09 2.4008E-09 2.3659E-09 2.3289E-09 2.2943E-09 2.2567E-09 2.2214E-09 2.1833E-09 2.1473E-09 2.1108E-09 2.0719E-09 2.0287E-09 1.9864E-09 1.9506E-09 1.9142E-09 1.8772E-09 1.8377E-09 1.8002E-09 1.7623E-09 1.7241E-09 1.6836E-09 1.6453E-09 1.6070E-09 1.5665E-09 1.5284E-09 1.4904E-09 1.4507E-09 1.4133E-09 1.3743E-09 1.3367E-09 1.2986E-09 1.2622E-09 1.2255E-09 1.1894E-09 1.1553E-09 1.1229E-09 1.0909E-09 1.0596E-09 1.0290E-09 9.9898E-10 9.6976E-10 9.4133E-10 9.1372E-10 8.8698E-10 8.5184E-10 8.2574E-10 7.9928E-10
2.9567E-09 2.9088E-09 2.8594E-09 2.8060E-09 2.7621E-09 2.7155E-09 2.6710E-09 2.6286E-09 2.5874E-09 2.5386E-09 2.4989E-09 2.4542E-09 2.4107E-09 2.3727E-09 2.3369E-09 2.2983E-09 2.2619E-09 2.2227E-09 2.1857E-09 2.1466E-09 2.1081E-09 2.0640E-09 2.0208E-09 1.9839E-09 1.9463E-09 1.9058E-09 1.8676E-09 1.8289E-09 1.7899E-09 1.7505E-09 1.7090E-09 1.6696E-09 1.6302E-09 1.5887E-09 1.5496E-09 1.5091E-09 1.4699E-09 1.4301E-09 1.3917E-09 1.3519E-09 1.3142E-09 1.2747E-09 1.2396E-09 1.2016E-09 1.1679E-09 1.1348E-09 1.1022E-09 1.0702E-09 1.0389E-09 1.0084E-09 9.7862E-10 9.4971E-10 9.2167E-10 8.9172E-10 8.5807E-10 8.3171E-10 8.0658E-10
3.0303E-09 2.9773E-09 2.9273E-09 2.8757E-09 2.8206E-09 2.7758E-09 2.7280E-09 2.6824E-09 2.6399E-09 2.5946E-09 2.5493E-09 2.5050E-09 2.4633E-09 2.4169E-09 2.3792E-09 2.3404E-09 2.3020E-09 2.2627E-09 2.2244E-09 2.1835E-09 2.1447E-09 2.0975E-09 2.0555E-09 2.0174E-09 1.9786E-09 1.9370E-09 1.8976E-09 1.8577E-09 1.8175E-09 1.7755E-09 1.7344E-09 1.6939E-09 1.6526E-09 1.6108E-09 1.5706E-09 1.5285E-09 1.4889E-09 1.4476E-09 1.4089E-09 1.3671E-09 1.3297E-09 1.2895E-09 1.2523E-09 1.2148E-09 1.1804E-09 1.1465E-09 1.1132E-09 1.0806E-09 1.0487E-09 1.0176E-09 9.8732E-10 9.5794E-10 9.2948E-10 8.9354E-10 8.6427E-10 8.3766E-10 8.1304E-10
3.1053E-09 3.0523E-09 2.9992E-09 2.9433E-09 2.8891E-09 2.8386E-09 2.7891E-09 2.7387E-09 2.6929E-09 2.6465E-09 2.6022E-09 2.5549E-09 2.5103E-09 2.4679E-09 2.4212E-09 2.3830E-09 2.3418E-09 2.3030E-09 2.2636E-09 2.2215E-09 2.1748E-09 2.1292E-09 2.0905E-09 2.0511E-09 2.0111E-09 1.9684E-09 1.9277E-09 1.8867E-09 1.8452E-09 1.8014E-09 1.7599E-09 1.7182E-09 1.6743E-09 1.6329E-09 1.5916E-09 1.5485E-09 1.5072E-09 1.4656E-09 1.4247E-09 1.3834E-09 1.3426E-09 1.3041E-09 1.2649E-09 1.2279E-09 1.1927E-09 1.1580E-09 1.1240E-09 1.0907E-09 1.0582E-09 1.0266E-09 9.9585E-10 9.6602E-10 9.3414E-10 8.9981E-10 8.7183E-10 8.4359E-10 8.1946E-10
3.1810E-09 3.1258E-09 3.0697E-09 3.0132E-09 2.9566E-09 2.9002E-09 2.8508E-09 2.8022E-09 2.7492E-09 2.6994E-09 2.6502E-09 2.6074E-09 2.5585E-09 2.5147E-09 2.4696E-09 2.4260E-09 2.3837E-09 2.3436E-09 2.3014E-09 2.2599E-09 2.2122E-09 2.1656E-09 2.1257E-09 2.0850E-09 2.0421E-09 1.9999E-09 1.9580E-09 1.9156E-09 1.8730E-09 1.8280E-09 1.7853E-09 1.7424E-09 1.6974E-09 1.6549E-09 1.6110E-09 1.5684E-09 1.5252E-09 1.4834E-09 1.4391E-09 1.3994E-09 1.3566E-09 1.3184E-09 1.2773E-09 1.2407E-09 1.2047E-09 1.1693E-09 1.1346E-09 1.1007E-09 1.0676E-09 1.0354E-09 1.0042E-09 9.7393E-10 9.3880E-10 9.0452E-10 8.7780E-10 8.5093E-10 8.2582E-10
3.2596E-09 3.2033E-09 3.1450E-09 3.0886E-09 3.0272E-09 2.9683E-09 2.9153E-09 2.8595E-09 2.8065E-09 2.7597E-09 2.7062E-09 2.6573E-09 2.6097E-09 2.5606E-09 2.5167E-09 2.4711E-09 2.4260E-09 2.3847E-09 2.3404E-09 2.2985E-09 2.2498E-09 2.2022E-09 2.1610E-09 2.1191E-09 2.0741E-09 2.0314E-09 1.9882E-09 1.9446E-09 1.8991E-09 1.8545E-09 1.8106E-09 1.7657E-09 1.7204E-09 1.6768E-09 1.6310E-09 1.5880E-09 1.5432E-09 1.5011E-09 1.4559E-09 1.4139E-09 1.3717E-09 1.3313E-09 1.2907E-09 1.2533E-09 1.2165E-09 1.1804E-09 1.1450E-09 1.1105E-09 1.0768E-09 1.0441E-09 1.0124E-09 9.8168E-10 9.4192E-10 9.1219E-10 8.8219E-10 8.5740E-10 8.3289E-10
3.3436E-09 3.2844E-09 3.2234E-09 3.1615E-09 3.1020E-09 3.0396E-09 2.9841E-09 2.9254E-09 2.8630E-09 2.8140E-09 2.7627E-09 2.7112E-09 2.6614E-09 2.6091E-09 2.5614E-09 2.5155E-09 2.4686E-09 2.4260E-09 2.3806E-09 2.3326E-09 2.2808E-09 2.2391E-09 2.1965E-09 2.1532E-09 2.1070E-09 2.0630E-09 2.0185E-09 1.9736E-09 1.9261E-09 1.8810E-09 1.8358E-09 1.7882E-09 1.7433E-09 1.6976E-09 1.6516E-09 1.6067E-09 1.5616E-09 1.5172E-09 1.4724E-09 1.4283E-09 1.3864E-09 1.3427E-09 1.3039E-09 1.2656E-09 1.2280E-09 1.1912E-09 1.1551E-09 1.1200E-09 1.0857E-09 1.0525E-09 1.0203E-09 9.8618E-10 9.4812E-10 9.1815E-10 8.8963E-10 8.6381E-10 8.3905E-10
3.4345E-09 3.3706E-09 3.3052E-09 3.2399E-09 3.1763E-09 3.1122E-09 3.0543E-09 3.0231E-09 2.9308E-09 2.8674E-09 2.8164E-09 2.7626E-09 2.7155E-09 2.6636E-09 2.6105E-09 2.5601E-09 2.5149E-09 2.4658E-09 2.4209E-09 2.3694E-09 2.3192E-09 2.2760E-09 2.2321E-09 2.1857E-09 2.1400E-09 2.0946E-09 2.0487E-09 2.0016E-09 1.9537E-09 1.9074E-09 1.8608E-09 1.8121E-09 1.7659E-09 1.7183E-09 1.6720E-09 1.6244E-09 1.5798E-09 1.5318E-09 1.4887E-09 1.4424E-09 1.4009E-09 1.3565E-09 1.3168E-09 1.2777E-09 1.2393E-09 1.2017E-09 1.1650E-09 1.1292E-09 1.0944E-09 1.0607E-09 1.0281E-09 9.9067E-10 9.5424E-10 9.2406E-10 8.9613E-10 8.7015E-10 8.4517E-10
3.5267E-09 3.4559E-09 3.3901E-09 3.3217E-09 3.2548E-09 3.2003E-09 3.1327E-09 3.1193E-09 3.0609E-09 2.9376E-09 2.8767E-09 2.8185E-09 2.7636E-09 2.7137E-09 2.6625E-09 2.6086E-09 2.5584E-09 2.5087E-09 2.4614E-09 2.4090E-09 2.3576E-09 2.3131E-09 2.2677E-09 2.2191E-09 2.1729E-09 2.1261E-09 2.0789E-09 2.0296E-09 1.9812E-09 1.9335E-09 1.8840E-09 1.8357E-09 1.7883E-09 1.7387E-09 1.6920E-09 1.6434E-09 1.5977E-09 1.5488E-09 1.5033E-09 1.4575E-09 1.4125E-09 1.3699E-09 1.3293E-09 1.2894E-09 1.2502E-09 1.2119E-09 1.1746E-09 1.1382E-09 1.1029E-09 1.0687E-09 1.0324E-09 9.9359E-10 9.6181E-10 9.2990E-10 9.0254E-10 8.7717E-10 8.5123E-10
3.6250E-09 3.5508E-09 3.4781E-09 3.4087E-09 3.3374E-09 3.2817E-09 3.2906E-09 3.2357E-09 3.1963E-09 3.0912E-09 2.9403E-09 2.8769E-09 2.8206E-09 2.7651E-09 2.7096E-09 2.6584E-09 2.6070E-09 2.5528E-09 2.4970E-09 2.4438E-09 2.3962E-09 2.3502E-09 2.3033E-09 2.2534E-09 2.2058E-09 2.1575E-09 2.1088E-09 2.0574E-09 2.0085E-09 1.9594E-09 1.9079E-09 1.8591E-09 1.8095E-09 1.7597E-09 1.7101E-09 1.6620E-09 1.6125E-09 1.5654E-09 1.5163E-09 1.4723E-09 1.4251E-09 1.3830E-09 1.3415E-09 1.3008E-09 1.2608E-09 1.2218E-09 1.1838E-09 1.1469E-09 1.1111E-09 1.0764E-09 1.0367E-09 9.9798E-10 9.6764E-10 9.3724E-10 9.0887E-10 8.8328E-10 8.5803E-10
3.7283E-09 3.6484E-09 3.5713E-09 3.4979E-09 3.4239E-09 3.3625E-09 3.3991E-09 3.4403E-09 3.3314E-09 3.2638E-09 3.0897E-09 2.9381E-09 2.8760E-09 2.8210E-09 2.7636E-09 2.7061E-09 2.6524E-09 2.5993E-09 2.5394E-09 2.4813E-09 2.4347E-09 2.3872E-09 2.3371E-09 2.2876E-09 2.2385E-09 2.1887E-09 2.1377E-09 2.0858E-09 2.0355E-09 1.9850E-09 1.9322E-09 1.8821E-09 1.8296E-09 1.7802E-09 1.7287E-09 1.6803E-09 1.6285E-09 1.5817E-09 1.5317E-09 1.4853E-09 1.4387E-09 1.3957E-09 1.3533E-09 1.3118E-09 1.2711E-09 1.2314E-09 1.1928E-09 1.1553E-09 1.1190E-09 1.0839E-09 1.0392E-09 1.0055E-09 9.7171E-10 9.4361E-10 9.1591E-10 8.8931E-10 8.6389E-10
3.8367E-09 3.7580E-09 3.6747E-09 3.5949E-09 3.5185E-09 3.4584E-09 3.5084E-09 3.6011E-09 3.5164E-09 3.4337E-09 3.2690E-09 3.1082E-09 2.9376E-09 2.8786E-09 2.8223E-09 2.7648E-09 2.7037E-09 2.6425E-09 2.5825E-09 2.5261E-09 2.4740E-09 2.4241E-09 2.3716E-09 2.3216E-09 2.2709E-09 2.2197E-09 2.1655E-09 2.1140E-09 2.0622E-09 2.0086E-09 1.9562E-09 1.9047E-09 1.8511E-09 1.7995E-09 1.7477E-09 1.6968E-09 1.6454E-09 1.5948E-09 1.5467E-09 1.4980E-09 1.4519E-09 1.4079E-09 1.3647E-09 1.3224E-09 1.2810E-09 1.2406E-09 1.2014E-09 1.1634E-09 1.1266E-09 1.0878E-09 1.0451E-09 1.0112E-09 9.7903E-10 9.4901E-10 9.2195E-10 8.9527E-10 8.6970E-10
3.9513E-09 3.8649E-09 3.7789E-09 3.6922E-09 3.6318E-09 3.6967E-09 3.6226E-09 3.7401E-09 3.8025E-09 3.6621E-09 3.4568E-09 3.2678E-09 3.0827E-09 2.9382E-09 2.8742E-09 2.8173E-09 2.7566E-09 2.6925E-09 2.6251E-09 2.5698E-09 2.5170E-09 2.4623E-09 2.4070E-09 2.3554E-09 2.3031E-09 2.2504E-09 2.1947E-09 2.1417E-09 2.0885E-09 2.0327E-09 1.9797E-09 1.9252E-09 1.8721E-09 1.8184E-09 1.7663E-09 1.7114E-09 1.6618E-09 1.6089E-09 1.5612E-09 1.5103E-09 1.4647E-09 1.4198E-09 1.3757E-09 1.3325E-09 1.2904E-09 1.2494E-09 1.2096E-09 1.1711E-09 1.1339E-09 1.0900E-09 1.0508E-09 1.0168E-09 9.8531E-10 9.5601E-10 9.2791E-10 9.0107E-10 8.7546E-10
4.0714E-09 3.9783E-09 3.8884E-09 3.7986E-09 3.7307E-09 3.8386E-09 3.8600E-09 3.9625E-09 4.0006E-09 3.9033E-09 3.6646E-09 3.4348E-09 3.2683E-09 3.0590E-09 2.9368E-09 2.8705E-09 2.8085E-09 2.7394E-09 2.6747E-09 2.6156E-09 2.5583E-09 2.5010E-09 2.4435E-09 2.3888E-09 2.3350E-09 2.2797E-09 2.2236E-09 2.1690E-09 2.1134E-09 2.0571E-09 2.0028E-09 1.9461E-09 1.8925E-09 1.8368E-09 1.7844E-09 1.7285E-09 1.6763E-09 1.6239E-09 1.5723E-09 1.5235E-09 1.4769E-09 1.4311E-09 1.3862E-09 1.3423E-09 1.2995E-09 1.2579E-09 1.2175E-09 1.1785E-09 1.1375E-09 1.0922E-09 1.0563E-09 1.0223E-09 9.9145E-10 9.6196E-10 9.3379E-10 9.0770E-10 8.8202E-10
4.2058E-09 4.1083E-09 4.0145E-09 3.9184E-09 3.8511E-09 3.9820E-09 4.1913E-09 4.2737E-09 4.2453E-09 4.1454E-09 3.9124E-09 3.6646E-09 3.4220E-09 3.2646E-09 3.0342E-09 2.9333E-09 2.8654E-09 2.7906E-09 2.7237E-09 2.6623E-09 2.6027E-09 2.5405E-09 2.4815E-09 2.4233E-09 2.3664E-09 2.3077E-09 2.2519E-09 2.1958E-09 2.1369E-09 2.0811E-09 2.0244E-09 1.9673E-09 1.9115E-09 1.8555E-09 1.7990E-09 1.7450E-09 1.6889E-09 1.6384E-09 1.5845E-09 1.5362E-09 1.4886E-09 1.4419E-09 1.3962E-09 1.3515E-09 1.3081E-09 1.2659E-09 1.2250E-09 1.1856E-09 1.1410E-09 1.0977E-09 1.0617E-09 1.0284E-09 9.9745E-10 9.6779E-10 9.4042E-10 9.1249E-10 8.8761E-10
4.3414E-09 4.2380E-09 4.1360E-09 4.0686E-09 3.9790E-09 4.1333E-09 4.4083E-09 4.6793E-09 4.5593E-09 4.4486E-09 4.2124E-09 3.9028E-09 3.6736E-09 3.3991E-09 3.2208E-09 2.9938E-09 2.9181E-09 2.8448E-09 2.7782E-09 2.7112E-09 2.6456E-09 2.5827E-09 2.5207E-09 2.4589E-09 2.3987E-09 2.3371E-09 2.2797E-09 2.2220E-09 2.1617E-09 2.1044E-09 2.0454E-09 1.9879E-09 1.9291E-09 1.8736E-09 1.8145E-09 1.7594E-09 1.7039E-09 1.6508E-09 1.5976E-09 1.5483E-09 1.4997E-09 1.4522E-09 1.4056E-09 1.3603E-09 1.3162E-09 1.2735E-09 1.2322E-09 1.1887E-09 1.1426E-09 1.1029E-09 1.0669E-09 1.0343E-09 1.0042E-09 9.7352E-10 9.4603E-10 9.1900E-10 8.9317E-10
4.4842E-09 4.3779E-09 4.2701E-09 4.2009E-09 4.3894E-09 4.5039E-09 4.6370E-09 4.9572E-09 4.9745E-09 4.8011E-09 4.5322E-09 4.2101E-09 3.8833E-09 3.6475E-09 3.3637E-09 3.1681E-09 2.9761E-09 2.9029E-09 2.8360E-09 2.7645E-09 2.6919E-09 2.6258E-09 2.5597E-09 2.4959E-09 2.4303E-09 2.3674E-09 2.3068E-09 2.2457E-09 2.1859E-09 2.1270E-09 2.0659E-09 2.0069E-09 1.9478E-09 1.8896E-09 1.8309E-09 1.7732E-09 1.7182E-09 1.6612E-09 1.6101E-09 1.5597E-09 1.5103E-09 1.4618E-09 1.4146E-09 1.3686E-09 1.3239E-09 1.2806E-09 1.2389E-09 1.1917E-09 1.1477E-09 1.1098E-09 1.0728E-09 1.0401E-09 1.0098E-09 9.8003E-10 9.5157E-10 9.2448E-10 8.9681E-10
4.6482E-09 4.5368E-09 4.4226E-09 4.3481E-09 4.6162E-09 5.0328E-09 5.0416E-09 5.2735E-09 5.3097E-09 5.1227E-09 4.8261E-09 4.5409E-09 4.2069E-09 3.8574E-09 3.5931E-09 3.3436E-09 3.1040E-09 2.9653E-09 2.8929E-09 2.8206E-09 2.7425E-09 2.6701E-09 2.6010E-09 2.5335E-09 2.4631E-09 2.3984E-09 2.3347E-09 2.2697E-09 2.2093E-09 2.1471E-09 2.0864E-09 2.0253E-09 1.9658E-09 1.9033E-09 1.8466E-09 1.7863E-09 1.7303E-09 1.6740E-09 1.6218E-09 1.5705E-09 1.5202E-09 1.4709E-09 1.4229E-09 1.3763E-09 1.3311E-09 1.2873E-09 1.2452E-09 1.1927E-09 1.1527E-09 1.1128E-09 1.0794E-09 1.0467E-09 1.0144E-09 9.8547E-10 9.5704E-10 9.2992E-10 9.0142E-10
4.8153E-09 4.6925E-09 4.5771E-09 4.5046E-09 4.8189E-09 5.3498E-09 5.5925E-09 5.7843E-09 5.6793E-09 5.4790E-09 5.1476E-09 4.8263E-09 4.5292E-09 4.1511E-09 3.8331E-09 3.5179E-09 3.2517E-09 3.0299E-09 2.9523E-09 2.8749E-09 2.7963E-09 2.7184E-09 2.6434E-09 2.5710E-09 2.5004E-09 2.4286E-09 2.3628E-09 2.2952E-09 2.2319E-09 2.1673E-09 2.1062E-09 2.0428E-09 1.9813E-09 1.9194E-09 1.8584E-09 1.8004E-09 1.7417E-09 1.6861E-09 1.6329E-09 1.5806E-09 1.5294E-09 1.4794E-09 1.4307E-09 1.3835E-09 1.3377E-09 1.2936E-09 1.2476E-09 1.1974E-09 1.1573E-09 1.1194E-09 1.0840E-09 1.0521E-09 1.0207E-09 9.9082E-10 9.6237E-10 9.3532E-10 9.0416E-10
4.9974E-09 4.8679E-09 4.7962E-09 5.1454E-09 5.0626E-09 5.6665E-09 6.3245E-09 6.4700E-09 6.0989E-09 5.8734E-09 5.5055E-09 5.1510E-09 4.8126E-09 4.5026E-09 4.0888E-09 3.7701E-09 3.4491E-09 3.1885E-09 3.0161E-09 2.9315E-09 2.8496E-09 2.7696E-09 2.6888E-09 2.6105E-09 2.5356E-09 2.4638E-09 2.3887E-09 2.3220E-09 2.2539E-09 2.1876E-09 2.1231E-09 2.0604E-09 1.9962E-09 1.9347E-09 1.8711E-09 1.8135E-09 1.7524E-09 1.6973E-09 1.6431E-09 1.5899E-09 1.5379E-09 1.4872E-09 1.4379E-09 1.3901E-09 1.3439E-09 1.2994E-09 1.2440E-09 1.2018E-09 1.1598E-09 1.1247E-09 1.0902E-09 1.0573E-09 1.0259E-09 9.9608E-10 9.6764E-10 9.3779E-10 9.0901E-10
