Assets/Resources/2015_m01_d26_1100(utc+0800)_l00_csi_1hr_conc.grd
DSAA
         159         159
     -79.000      79.000
     -79.000      79.000
  0.0000E+00  0.9030E-05
[rows 75 to 99 of 159, columns 0 to 56 of 159]
1.2085E-09 1.2638E-09 1.2992E-09 1.3421E-09 1.3936E-09 1.4390E-09 1.4850E-09 1.5245E-09 1.5643E-09 1.6045E-09 1.6461E-09 1.6873E-09 1.7299E-09 1.7723E-09 1.8470E-09 1.9022E-09 1.9472E-09 2.0002E-09 2.0742E-09 2.1233E-09 2.1842E-09 2.2337E-09 2.3205E-09 2.3775E-09 2.4490E-09 2.5045E-09 2.5870E-09 2.6645E-09 2.7287E-09 2.8030E-09 2.8667E-09 2.9327E-09 2.9954E-09 3.0534E-09 3.1978E-09 3.2712E-09 3.3405E-09 3.4984E-09 3.5828E-09 3.6644E-09 3.8407E-09 3.9429E-09 4.0421E-09 4.1427E-09 4.3553E-09 4.4703E-09 4.5806E-09 4.6972E-09 4.8102E-09 4.9101E-09 5.0185E-09 5.1397E-09 5.2638E-09 5.3928E-09 5.5505E-09 5.7849E-09 6.0806E-09
1.1825E-09 1.2154E-09 1.2704E-09 1.3052E-09 1.3477E-09 1.3987E-09 1.4435E-09 1.4888E-09 1.5276E-09 1.5667E-09 1.6061E-09 1.6458E-09 1.6859E-09 1.7268E-09 1.7677E-09 1.8232E-09 1.8840E-09 1.9390E-09 1.9830E-09 2.0498E-09 2.1075E-09 2.1541E-09 2.2134E-09 2.2772E-09 2.3502E-09 2.4069E-09 2.4734E-09 2.5267E-09 2.6098E-09 2.6835E-09 2.7413E-09 2.7973E-09 2.8693E-09 2.9256E-09 2.9773E-09 3.1136E-09 3.1775E-09 3.2401E-09 3.3936E-09 3.4708E-09 3.5439E-09 3.7092E-09 3.8010E-09 3.8863E-09 3.9701E-09 4.1679E-09 4.2735E-09 4.3714E-09 4.4624E-09 4.5488E-09 4.6310E-09 4.7072E-09 4.7872E-09 4.8442E-09 4.9258E-09 5.0289E-09 5.2013E-09
1.1503E-09 1.1887E-09 1.2212E-09 1.2757E-09 1.3101E-09 1.3520E-09 1.4024E-09 1.4465E-09 1.4911E-09 1.5292E-09 1.5675E-09 1.6060E-09 1.6448E-09 1.6838E-09 1.7229E-09 1.7622E-09 1.8017E-09 1.8742E-09 1.9157E-09 1.9694E-09 2.0122E-09 2.0780E-09 2.1345E-09 2.1796E-09 2.2372E-09 2.3088E-09 2.3623E-09 2.4276E-09 2.4787E-09 2.5437E-09 2.6238E-09 2.6772E-09 2.7395E-09 2.7881E-09 2.8369E-09 2.9694E-09 3.0277E-09 3.0834E-09 3.1397E-09 3.2845E-09 3.3540E-09 3.4211E-09 3.5774E-09 3.6578E-09 3.7351E-09 3.8106E-09 3.9904E-09 4.0795E-09 4.1622E-09 4.2340E-09 4.2993E-09 4.3521E-09 4.3797E-09 4.4225E-09 4.4435E-09 4.4803E-09 4.5453E-09
1.1184E-09 1.1558E-09 1.1938E-09 1.2258E-09 1.2799E-09 1.3137E-09 1.3550E-09 1.4047E-09 1.4481E-09 1.4920E-09 1.5292E-09 1.5666E-09 1.6043E-09 1.6421E-09 1.6801E-09 1.7182E-09 1.7566E-09 1.7951E-09 1.8482E-09 1.9061E-09 1.9468E-09 1.9995E-09 2.0411E-09 2.1057E-09 2.1608E-09 2.2047E-09 2.2614E-09 2.3255E-09 2.3860E-09 2.4478E-09 2.4948E-09 2.5418E-09 2.6177E-09 2.6714E-09 2.7139E-09 2.7682E-09 2.8831E-09 2.9371E-09 2.9889E-09 3.0362E-09 3.1720E-09 3.2440E-09 3.3019E-09 3.3590E-09 3.5173E-09 3.5875E-09 3.6510E-09 3.8109E-09 3.8828E-09 3.9463E-09 4.0007E-09 4.0379E-09 4.0595E-09 4.0723E-09 4.0672E-09 4.0688E-09 4.0719E-09
1.0805E-09 1.1232E-09 1.1603E-09 1.1978E-09 1.2293E-09 1.2827E-09 1.3160E-09 1.3566E-09 1.4056E-09 1.4483E-09 1.4913E-09 1.5276E-09 1.5642E-09 1.6009E-09 1.6378E-09 1.6748E-09 1.7120E-09 1.7494E-09 1.7870E-09 1.8248E-09 1.8840E-09 1.9345E-09 1.9743E-09 2.0260E-09 2.0667E-09 2.1303E-09 2.1844E-09 2.2273E-09 2.2718E-09 2.3387E-09 2.4011E-09 2.4449E-09 2.4986E-09 2.5406E-09 2.5805E-09 2.6346E-09 2.6791E-09 2.7241E-09 2.8445E-09 2.8899E-09 2.9425E-09 3.0689E-09 3.1234E-09 3.1742E-09 3.2215E-09 3.3651E-09 3.4235E-09 3.4780E-09 3.5270E-09 3.6692E-09 3.7150E-09 3.7426E-09 3.7693E-09 3.7655E-09 3.7601E-09 3.7294E-09 3.6941E-09
1.0501E-09 1.0847E-09 1.1271E-09 1.1636E-09 1.2006E-09 1.2316E-09 1.2844E-09 1.3170E-09 1.3570E-09 1.4051E-09 1.4470E-09 1.4891E-09 1.5246E-09 1.5602E-09 1.5960E-09 1.6318E-09 1.6679E-09 1.7041E-09 1.7406E-09 1.7772E-09 1.8141E-09 1.8512E-09 1.9097E-09 1.9481E-09 1.9985E-09 2.0379E-09 2.0892E-09 2.1515E-09 2.1923E-09 2.2447E-09 2.2862E-09 2.3281E-09 2.3832E-09 2.4403E-09 2.4759E-09 2.5109E-09 2.5544E-09 2.5868E-09 2.6262E-09 2.7453E-09 2.7867E-09 2.8300E-09 2.8659E-09 2.9923E-09 3.0379E-09 3.0786E-09 3.1189E-09 3.2564E-09 3.3013E-09 3.3362E-09 3.3588E-09 3.4768E-09 3.4864E-09 3.4894E-09 3.4733E-09 3.4494E-09 3.4052E-09
1.0201E-09 1.0538E-09 1.0880E-09 1.1299E-09 1.1659E-09 1.2024E-09 1.2328E-09 1.2779E-09 1.3168E-09 1.3560E-09 1.4033E-09 1.4442E-09 1.4855E-09 1.5200E-09 1.5547E-09 1.5895E-09 1.6244E-09 1.6595E-09 1.6948E-09 1.7303E-09 1.7660E-09 1.8019E-09 1.8380E-09 1.8743E-09 1.9246E-09 1.9693E-09 2.0182E-09 2.0563E-09 2.0944E-09 2.1397E-09 2.2030E-09 2.2393E-09 2.2761E-09 2.3233E-09 2.3577E-09 2.3981E-09 2.4357E-09 2.4718E-09 2.4998E-09 2.5345E-09 2.6386E-09 2.6745E-09 2.7159E-09 2.7548E-09 2.8738E-09 2.9108E-09 2.9462E-09 2.9766E-09 3.0032E-09 3.1153E-09 3.1396E-09 3.1439E-09 3.1504E-09 3.1360E-09 3.2200E-09 3.1908E-09 3.1507E-09
9.8424E-10 1.0233E-09 1.0566E-09 1.0903E-09 1.1181E-09 1.1671E-09 1.2030E-09 1.2328E-09 1.2772E-09 1.3153E-09 1.3537E-09 1.3856E-09 1.4401E-09 1.4733E-09 1.5140E-09 1.5476E-09 1.5815E-09 1.6155E-09 1.6497E-09 1.6840E-09 1.7186E-09 1.7533E-09 1.7882E-09 1.8233E-09 1.8585E-09 1.8939E-09 1.9363E-09 1.9866E-09 2.0229E-09 2.0705E-09 2.1058E-09 2.1401E-09 2.1802E-09 2.2196E-09 2.2670E-09 2.2974E-09 2.3253E-09 2.3523E-09 2.3939E-09 2.4187E-09 2.4488E-09 2.4719E-09 2.5753E-09 2.6049E-09 2.6357E-09 2.6592E-09 2.7662E-09 2.7937E-09 2.8218E-09 2.8426E-09 2.8494E-09 2.9441E-09 2.9412E-09 2.9304E-09 2.9125E-09 2.8819E-09 2.8537E-09
9.3554E-10 9.8701E-10 1.0256E-09 1.0584E-09 1.0917E-09 1.1190E-09 1.1673E-09 1.1959E-09 1.2317E-09 1.2752E-09 1.3125E-09 1.3501E-09 1.3812E-09 1.4273E-09 1.4668E-09 1.5064E-09 1.5392E-09 1.5721E-09 1.6052E-09 1.6384E-09 1.6719E-09 1.7054E-09 1.7392E-09 1.7731E-09 1.8071E-09 1.8413E-09 1.8755E-09 1.9098E-09 1.9441E-09 1.9852E-09 2.0260E-09 2.0662E-09 2.0978E-09 2.1280E-09 2.1657E-09 2.1996E-09 2.2311E-09 2.2565E-09 2.2807E-09 2.3094E-09 2.3307E-09 2.3519E-09 2.3712E-09 2.3947E-09 2.4968E-09 2.5205E-09 2.5426E-09 2.5594E-09 2.5744E-09 2.6723E-09 2.6829E-09 2.6801E-09 2.6759E-09 2.6645E-09 2.6466E-09 2.6272E-09 2.6617E-09
9.0950E-10 9.3781E-10 9.8892E-10 1.0270E-09 1.0593E-09 1.0920E-09 1.1188E-09 1.1596E-09 1.1944E-09 1.2294E-09 1.2581E-09 1.3085E-09 1.3453E-09 1.3755E-09 1.4205E-09 1.4589E-09 1.4976E-09 1.5294E-09 1.5614E-09 1.5936E-09 1.6259E-09 1.6583E-09 1.6909E-09 1.7237E-09 1.7565E-09 1.7895E-09 1.8224E-09 1.8554E-09 1.8884E-09 1.9213E-09 1.9532E-09 1.9844E-09 2.0212E-09 2.0569E-09 2.0840E-09 2.1156E-09 2.1391E-09 2.1617E-09 2.1832E-09 2.2096E-09 2.2297E-09 2.2494E-09 2.2768E-09 2.2930E-09 2.3079E-09 2.3202E-09 2.4124E-09 2.4252E-09 2.4395E-09 2.4487E-09 2.4507E-09 2.4492E-09 2.5228E-09 2.5104E-09 2.4966E-09 2.4750E-09 2.4516E-09
8.8893E-10 9.1135E-10 9.3929E-10 9.8997E-10 1.0144E-09 1.0593E-09 1.0914E-09 1.1176E-09 1.1577E-09 1.1917E-09 1.2260E-09 1.2540E-09 1.2964E-09 1.3324E-09 1.3686E-09 1.3980E-09 1.4425E-09 1.4803E-09 1.5184E-09 1.5494E-09 1.5807E-09 1.6120E-09 1.6435E-09 1.6751E-09 1.7068E-09 1.7385E-09 1.7703E-09 1.8020E-09 1.8336E-09 1.8652E-09 1.8959E-09 1.9256E-09 1.9540E-09 1.9814E-09 2.0071E-09 2.0315E-09 2.0601E-09 2.0814E-09 2.1069E-09 2.1260E-09 2.1440E-09 2.1609E-09 2.1767E-09 2.1947E-09 2.2075E-09 2.2190E-09 2.2289E-09 2.2411E-09 2.2483E-09 2.3310E-09 2.3328E-09 2.3295E-09 2.3236E-09 2.3181E-09 2.3059E-09 2.2940E-09 2.2796E-09
8.4256E-10 8.9038E-10 9.1244E-10 9.3469E-10 9.9016E-10 1.0142E-09 1.0518E-09 1.0835E-09 1.1154E-09 1.1412E-09 1.1880E-09 1.2215E-09 1.2487E-09 1.2760E-09 1.3252E-09 1.3603E-09 1.3889E-09 1.4323E-09 1.4691E-09 1.5060E-09 1.5362E-09 1.5665E-09 1.5969E-09 1.6274E-09 1.6580E-09 1.6885E-09 1.7191E-09 1.7496E-09 1.7799E-09 1.8102E-09 1.8396E-09 1.8679E-09 1.8950E-09 1.9208E-09 1.9451E-09 1.9680E-09 1.9889E-09 2.0088E-09 2.0276E-09 2.0454E-09 2.0623E-09 2.0828E-09 2.0972E-09 2.1104E-09 2.1223E-09 2.1328E-09 2.1419E-09 2.1494E-09 2.1553E-09 2.1595E-09 2.1620E-09 2.1627E-09 2.1616E-09 2.1585E-09 2.1991E-09 2.1884E-09 2.1747E-09
8.1852E-10 8.4369E-10 8.9109E-10 9.1276E-10 9.3461E-10 9.8950E-10 1.0130E-09 1.0500E-09 1.0810E-09 1.1123E-09 1.1374E-09 1.1765E-09 1.2093E-09 1.2423E-09 1.2689E-09 1.3098E-09 1.3441E-09 1.3787E-09 1.4066E-09 1.4494E-09 1.4855E-09 1.5218E-09 1.5511E-09 1.5805E-09 1.6100E-09 1.6394E-09 1.6688E-09 1.6981E-09 1.7272E-09 1.7562E-09 1.7844E-09 1.8113E-09 1.8371E-09 1.8615E-09 1.8844E-09 1.9058E-09 1.9253E-09 1.9437E-09 1.9609E-09 1.9773E-09 1.9926E-09 2.0069E-09 2.0201E-09 2.0321E-09 2.0428E-09 2.0522E-09 2.0602E-09 2.0666E-09 2.0716E-09 2.0749E-09 2.0766E-09 2.0765E-09 2.0746E-09 2.0710E-09 2.0654E-09 2.0580E-09 2.0487E-09
7.9984E-10 8.1932E-10 8.4413E-10 8.9105E-10 9.1232E-10 9.3374E-10 9.7711E-10 1.0110E-09 1.0342E-09 1.0776E-09 1.1081E-09 1.1326E-09 1.1572E-09 1.2028E-09 1.2349E-09 1.2606E-09 1.2864E-09 1.3338E-09 1.3674E-09 1.3944E-09 1.4215E-09 1.4710E-09 1.4990E-09 1.5346E-09 1.5630E-09 1.5913E-09 1.6196E-09 1.6477E-09 1.6756E-09 1.7033E-09 1.7303E-09 1.7560E-09 1.7804E-09 1.8035E-09 1.8251E-09 1.8451E-09 1.8632E-09 1.8801E-09 1.8960E-09 1.9108E-09 1.9248E-09 1.9377E-09 1.9495E-09 1.9601E-09 1.9695E-09 1.9776E-09 1.9843E-09 1.9896E-09 1.9934E-09 1.9956E-09 1.9963E-09 1.9953E-09 1.9926E-09 1.9882E-09 1.9820E-09 1.9741E-09 1.9643E-09
7.5596E-10 8.0031E-10 8.1946E-10 8.4389E-10 8.9026E-10 9.1112E-10 9.3210E-10 9.5859E-10 1.0081E-09 1.0308E-09 1.0668E-09 1.0967E-09 1.1269E-09 1.1508E-09 1.1885E-09 1.2198E-09 1.2513E-09 1.2763E-09 1.3156E-09 1.3483E-09 1.3812E-09 1.4075E-09 1.4338E-09 1.4825E-09 1.5168E-09 1.5441E-09 1.5713E-09 1.5982E-09 1.6250E-09 1.6515E-09 1.6773E-09 1.7017E-09 1.7250E-09 1.7468E-09 1.7671E-09 1.7858E-09 1.8026E-09 1.8181E-09 1.8326E-09 1.8461E-09 1.8587E-09 1.8703E-09 1.8808E-09 1.8901E-09 1.8983E-09 1.9052E-09 1.9107E-09 1.9149E-09 1.9177E-09 1.9190E-09 1.9187E-09 1.9169E-09 1.9135E-09 1.9084E-09 1.9017E-09 1.8932E-09 1.8831E-09
7.3391E-10 7.5626E-10 8.0015E-10 8.1894E-10 8.3787E-10 8.8874E-10 9.0916E-10 9.2968E-10 9.5564E-10 1.0044E-09 1.0265E-09 1.0486E-09 1.0908E-09 1.1202E-09 1.1434E-09 1.1666E-09 1.2104E-09 1.2344E-09 1.2653E-09 1.2895E-09 1.3282E-09 1.3602E-09 1.3924E-09 1.4178E-09 1.4432E-09 1.4909E-09 1.5240E-09 1.5498E-09 1.5755E-09 1.6008E-09 1.6255E-09 1.6487E-09 1.6708E-09 1.6914E-09 1.7104E-09 1.7279E-09 1.7435E-09 1.7577E-09 1.7709E-09 1.7831E-09 1.7945E-09 1.8048E-09 1.8140E-09 1.8222E-09 1.8292E-09 1.8350E-09 1.8395E-09 1.8427E-09 1.8445E-09 1.8448E-09 1.8438E-09 1.8412E-09 1.8371E-09 1.8314E-09 1.8242E-09 1.8154E-09 1.8049E-09
7.1709E-10 7.3397E-10 7.5597E-10 7.9934E-10 8.1777E-10 8.3631E-10 8.6541E-10 9.0645E-10 9.2650E-10 9.4663E-10 9.9982E-10 1.0213E-09 1.0429E-09 1.0776E-09 1.1063E-09 1.1350E-09 1.1575E-09 1.1800E-09 1.2234E-09 1.2533E-09 1.2768E-09 1.3004E-09 1.3382E-09 1.3695E-09 1.4008E-09 1.4252E-09 1.4494E-09 1.4882E-09 1.5271E-09 1.5513E-09 1.5748E-09 1.5969E-09 1.6178E-09 1.6372E-09 1.6552E-09 1.6714E-09 1.6859E-09 1.6988E-09 1.7108E-09 1.7218E-09 1.7320E-09 1.7411E-09 1.7492E-09 1.7563E-09 1.7622E-09 1.7669E-09 1.7705E-09 1.7727E-09 1.7736E-09 1.7732E-09 1.7714E-09 1.7681E-09 1.7634E-09 1.7572E-09 1.7496E-09 1.7404E-09 1.7297E-09
6.8068E-10 7.1688E-10 7.3345E-10 7.5013E-10 7.9789E-10 8.1594E-10 8.3408E-10 8.5749E-10 9.0300E-10 9.2257E-10 9.4219E-10 9.7265E-10 1.0153E-09 1.0363E-09 1.0572E-09 1.0914E-09 1.1194E-09 1.1476E-09 1.1694E-09 1.1912E-09 1.2339E-09 1.2632E-09 1.2859E-09 1.3087E-09 1.3457E-09 1.3759E-09 1.4059E-09 1.4289E-09 1.4516E-09 1.4739E-09 1.5181E-09 1.5463E-09 1.5661E-09 1.5843E-09 1.6012E-09 1.6163E-09 1.6297E-09 1.6415E-09 1.6523E-09 1.6622E-09 1.6712E-09 1.6793E-09 1.6863E-09 1.6923E-09 1.6973E-09 1.7011E-09 1.7037E-09 1.7050E-09 1.7052E-09 1.7040E-09 1.7015E-09 1.6976E-09 1.6924E-09 1.6858E-09 1.6777E-09 1.6683E-09 1.6574E-09
6.5572E-10 6.7553E-10 7.1611E-10 7.3237E-10 7.4872E-10 7.7532E-10 8.1346E-10 8.3120E-10 8.4900E-10 8.9883E-10 9.1789E-10 9.3700E-10 9.6144E-10 1.0085E-09 1.0288E-09 1.0491E-09 1.0694E-09 1.1030E-09 1.1304E-09 1.1579E-09 1.1791E-09 1.2002E-09 1.2422E-09 1.2706E-09 1.2926E-09 1.3143E-09 1.3359E-09 1.3787E-09 1.4072E-09 1.4285E-09 1.4492E-09 1.4684E-09 1.5013E-09 1.5255E-09 1.5486E-09 1.5626E-09 1.5750E-09 1.5857E-09 1.5955E-09 1.6043E-09 1.6122E-09 1.6192E-09 1.6253E-09 1.6304E-09 1.6344E-09 1.6373E-09 1.6390E-09 1.6396E-09 1.6390E-09 1.6372E-09 1.6340E-09 1.6296E-09 1.6239E-09 1.6169E-09 1.6086E-09 1.5989E-09 1.5878E-09
6.4069E-10 6.5526E-10 6.7476E-10 7.1479E-10 7.3072E-10 7.4674E-10 7.6784E-10 8.1035E-10 8.2767E-10 8.4503E-10 8.7287E-10 9.1250E-10 9.3107E-10 9.4965E-10 9.7905E-10 1.0206E-09 1.0403E-09 1.0599E-09 1.0796E-09 1.1125E-09 1.1393E-09 1.1661E-09 1.1865E-09 1.2070E-09 1.2412E-09 1.2754E-09 1.2961E-09 1.3164E-09 1.3365E-09 1.3561E-09 1.3970E-09 1.4221E-09 1.4391E-09 1.4546E-09 1.4688E-09 1.4812E-09 1.5145E-09 1.5314E-09 1.5402E-09 1.5480E-09 1.5549E-09 1.5610E-09 1.5661E-09 1.5703E-09 1.5734E-09 1.5755E-09 1.5765E-09 1.5764E-09 1.5751E-09 1.5727E-09 1.5690E-09 1.5641E-09 1.5580E-09 1.5506E-09 1.5420E-09 1.5321E-09 1.5210E-09
6.2579E-10 6.4001E-10 6.5432E-10 6.6871E-10 7.1293E-10 7.2852E-10 7.4419E-10 7.5990E-10 8.0661E-10 8.2350E-10 8.4041E-10 8.5735E-10 9.0639E-10 9.2443E-10 9.4246E-10 9.6045E-10 1.0116E-09 1.0306E-09 1.0497E-09 1.0687E-09 1.0878E-09 1.1200E-09 1.1460E-09 1.1720E-09 1.1917E-09 1.2112E-09 1.2303E-09 1.2700E-09 1.2958E-09 1.3146E-09 1.3328E-09 1.3495E-09 1.3650E-09 1.4006E-09 1.4208E-09 1.4323E-09 1.4427E-09 1.4515E-09 1.4596E-09 1.4670E-09 1.4993E-09 1.5045E-09 1.5088E-09 1.5121E-09 1.5145E-09 1.5158E-09 1.5161E-09 1.5153E-09 1.5134E-09 1.5104E-09 1.5063E-09 1.5009E-09 1.4945E-09 1.4868E-09 1.4780E-09 1.4679E-09 1.4567E-09
6.1104E-10 6.2491E-10 6.3887E-10 6.5290E-10 6.6701E-10 6.8604E-10 7.2577E-10 7.4107E-10 7.5642E-10 7.7684E-10 8.1870E-10 8.3516E-10 8.5163E-10 8.7330E-10 9.1709E-10 9.3456E-10 9.5197E-10 9.7475E-10 1.0203E-09 1.0387E-09 1.0571E-09 1.0755E-09 1.0939E-09 1.1122E-09 1.1504E-09 1.1755E-09 1.1939E-09 1.2120E-09 1.2297E-09 1.2470E-09 1.2846E-09 1.3071E-09 1.3218E-09 1.3349E-09 1.3470E-09 1.3577E-09 1.3805E-09 1.4021E-09 1.4093E-09 1.4158E-09 1.4215E-09 1.4265E-09 1.4306E-09 1.4338E-09 1.4362E-09 1.4431E-09 1.4577E-09 1.4563E-09 1.4539E-09 1.4504E-09 1.4458E-09 1.4401E-09 1.4333E-09 1.4254E-09 1.4164E-09 1.4062E-09 1.3950E-09
5.9644E-10 6.0997E-10 6.2357E-10 6.3726E-10 6.5100E-10 6.6481E-10 6.7866E-10 7.2248E-10 7.3741E-10 7.5237E-10 7.6735E-10 8.1329E-10 8.2929E-10 8.4528E-10 8.6124E-10 9.0908E-10 9.2598E-10 9.4285E-10 9.5969E-10 9.8736E-10 1.0271E-09 1.0448E-09 1.0626E-09 1.0803E-09 1.0979E-09 1.1153E-09 1.1324E-09 1.1692E-09 1.1925E-09 1.2090E-09 1.2250E-09 1.2395E-09 1.2530E-09 1.2853E-09 1.3032E-09 1.3131E-09 1.3220E-09 1.3296E-09 1.3365E-09 1.3427E-09 1.3482E-09 1.3645E-09 1.3785E-09 1.3810E-09 1.3827E-09 1.3834E-09 1.3832E-09 1.3821E-09 1.3799E-09 1.3768E-09 1.3727E-09 1.3675E-09 1.3613E-09 1.3541E-09 1.3458E-09 1.3396E-09 1.3289E-09
5.8201E-10 5.9518E-10 6.0845E-10 6.2178E-10 6.3518E-10 6.4863E-10 6.6213E-10 6.7566E-10 6.9410E-10 7.3321E-10 7.4778E-10 7.6236E-10 7.8195E-10 8.2282E-10 8.3832E-10 8.5379E-10 8.7436E-10 9.1677E-10 9.3309E-10 9.4938E-10 9.6562E-10 1.0037E-09 1.0319E-09 1.0489E-09 1.0659E-09 1.0827E-09 1.0991E-09 1.1152E-09 1.1308E-09 1.1460E-09 1.1807E-09 1.2009E-09 1.2136E-09 1.2251E-09 1.2357E-09 1.2452E-09 1.2538E-09 1.2611E-09 1.2907E-09 1.2961E-09 1.3009E-09 1.3049E-09 1.3082E-09 1.3108E-09 1.3125E-09 1.3133E-09 1.3133E-09 1.3169E-09 1.3149E-09 1.3120E-09 1.3081E-09 1.3065E-09 1.3004E-09 1.2934E-09 1.2853E-09 1.2763E-09 1.2662E-09
5.6773E-10 5.8057E-10 5.9349E-10 6.0648E-10 6.1953E-10 6.3264E-10 6.4579E-10 6.5897E-10 6.7218E-10 6.8541E-10 7.2848E-10 7.4265E-10 7.5682E-10 7.7097E-10 7.9524E-10 8.3077E-10 8.4574E-10 8.6066E-10 8.8073E-10 9.2273E-10 9.3844E-10 9.5411E-10 9.6971E-10 1.0072E-09 1.0345E-09 1.0507E-09 1.0665E-09 1.0819E-09 1.0969E-09 1.1114E-09 1.1254E-09 1.1384E-09 1.1505E-09 1.1616E-09 1.1957E-09 1.2045E-09 1.2124E-09 1.2190E-09 1.2249E-09 1.2302E-09 1.2348E-09 1.2388E-09 1.2421E-09 1.2496E-09 1.2638E-09 1.2641E-09 1.2636E-09 1.2622E-09 1.2599E-09 1.2568E-09 1.2527E-09 1.2477E-09 1.2418E-09 1.2349E-09 1.2271E-09 1.2183E-09 1.2017E-09
