Assets/Resources/2015_m01_d22_0200(utc+0800)_l00_csi_1hr_conc.grd
DSAA
         159         159
     -79.000      79.000
     -79.000      79.000
  0.0000E+00  0.2330E-05
[rows 50 to 74 of 159, columns 57 to 113 of 159]
0.0000E+00 0.0000E+00 0.0000E+00 0.0000E+00 0.0000E+00 0.0000E+00 0.0000E+00 0.0000E+00 0.0000E+00 0.0000E+00 0.0000E+00 0.0000E+00 0.0000E+00 0.0000E+00 0.0000E+00 0.0000E+00 0.0000E+00 0.0000E+00 0.0000E+00 0.0000E+00 0.0000E+00 0.0000E+00 0.0000E+00 0.0000E+00 0.0000E+00 0.0000E+00 0.0000E+00 0.0000E+00 0.0000E+00 0.0000E+00 0.0000E+00 0.0000E+00 2.5685E-12 2.0131E-11 6.1370E-11 9.9424E-11 1.3497E-10 1.7979E-10 2.3812E-10 3.1103E-10 3.9796E-10 4.9680E-10 6.1306E-10 7.4842E-10 9.0445E-10 1.0824E-09 1.2839E-09 1.5108E-09 1.7617E-09 2.0390E-09 2.3449E-09 2.6674E-09 3.0097E-09 3.3743E-09 3.7480E-09 4.1306E-09 4.5164E-09
0.0000E+00 0.0000E+00 0.0000E+00 0.0000E+00 0.0000E+00 0.0000E+00 0.0000E+00 0.0000E+00 0.0000E+00 0.0000E+00 0.0000E+00 0.0000E+00 0.0000E+00 0.0000E+00 0.0000E+00 0.0000E+00 0.0000E+00 0.0000E+00 0.0000E+00 0.0000E+00 0.0000E+00 0.0000E+00 0.0000E+00 0.0000E+00 0.0000E+00 0.0000E+00 0.0000E+00 0.0000E+00 0.0000E+00 0.0000E+00 0.0000E+00 0.0000E+00 2.7056E-12 1.9439E-11 6.3804E-11 1.0467E-10 1.3770E-10 1.8463E-10 2.4254E-10 3.1783E-10 4.0614E-10 5.0966E-10 6.2954E-10 7.6885E-10 9.2996E-10 1.1135E-09 1.3206E-09 1.5540E-09 1.8178E-09 2.1015E-09 2.4214E-09 2.7538E-09 3.1057E-09 3.4732E-09 3.8546E-09 4.2442E-09 4.6525E-09
0.0000E+00 0.0000E+00 0.0000E+00 0.0000E+00 0.0000E+00 0.0000E+00 0.0000E+00 0.0000E+00 0.0000E+00 0.0000E+00 0.0000E+00 0.0000E+00 0.0000E+00 0.0000E+00 0.0000E+00 0.0000E+00 0.0000E+00 0.0000E+00 0.0000E+00 0.0000E+00 0.0000E+00 0.0000E+00 0.0000E+00 0.0000E+00 0.0000E+00 0.0000E+00 0.0000E+00 0.0000E+00 0.0000E+00 0.0000E+00 0.0000E+00 0.0000E+00 2.7429E-12 2.1066E-11 6.8102E-11 1.0613E-10 1.4322E-10 1.8748E-10 2.4843E-10 3.2287E-10 4.1433E-10 5.2180E-10 6.4511E-10 7.8894E-10 9.5482E-10 1.1442E-09 1.3611E-09 1.6051E-09 1.8830E-09 2.1766E-09 2.5021E-09 2.8501E-09 3.2138E-09 3.5917E-09 3.9794E-09 4.3869E-09 4.8081E-09
0.0000E+00 0.0000E+00 0.0000E+00 0.0000E+00 0.0000E+00 0.0000E+00 0.0000E+00 0.0000E+00 0.0000E+00 0.0000E+00 0.0000E+00 0.0000E+00 0.0000E+00 0.0000E+00 0.0000E+00 0.0000E+00 0.0000E+00 0.0000E+00 0.0000E+00 0.0000E+00 0.0000E+00 0.0000E+00 0.0000E+00 0.0000E+00 0.0000E+00 0.0000E+00 0.0000E+00 0.0000E+00 0.0000E+00 0.0000E+00 0.0000E+00 0.0000E+00 2.6822E-12 2.1715E-11 7.0512E-11 1.0654E-10 1.4636E-10 1.9276E-10 2.5258E-10 3.2825E-10 4.2243E-10 5.3227E-10 6.6058E-10 8.0857E-10 9.7986E-10 1.1803E-09 1.4130E-09 1.6740E-09 1.9737E-09 2.2806E-09 2.6128E-09 2.9681E-09 3.3438E-09 3.7319E-09 4.1481E-09 4.5768E-09 4.9915E-09
0.0000E+00 0.0000E+00 0.0000E+00 0.0000E+00 0.0000E+00 0.0000E+00 0.0000E+00 0.0000E+00 0.0000E+00 0.0000E+00 0.0000E+00 0.0000E+00 0.0000E+00 0.0000E+00 0.0000E+00 0.0000E+00 0.0000E+00 0.0000E+00 0.0000E+00 0.0000E+00 0.0000E+00 0.0000E+00 0.0000E+00 0.0000E+00 0.0000E+00 0.0000E+00 0.0000E+00 0.0000E+00 0.0000E+00 0.0000E+00 0.0000E+00 0.0000E+00 2.5283E-12 2.2607E-11 7.2007E-11 1.0888E-10 1.4782E-10 1.9752E-10 2.5685E-10 3.3487E-10 4.2872E-10 5.4255E-10 6.7538E-10 8.2903E-10 1.0203E-09 1.2495E-09 1.5022E-09 1.7673E-09 2.0764E-09 2.4042E-09 2.7515E-09 3.1238E-09 3.5143E-09 3.9268E-09 4.3686E-09 4.7967E-09 5.2162E-09
0.0000E+00 0.0000E+00 0.0000E+00 0.0000E+00 0.0000E+00 0.0000E+00 0.0000E+00 0.0000E+00 0.0000E+00 0.0000E+00 0.0000E+00 0.0000E+00 0.0000E+00 0.0000E+00 0.0000E+00 0.0000E+00 0.0000E+00 0.0000E+00 0.0000E+00 0.0000E+00 0.0000E+00 0.0000E+00 0.0000E+00 0.0000E+00 0.0000E+00 0.0000E+00 0.0000E+00 0.0000E+00 0.0000E+00 0.0000E+00 0.0000E+00 0.0000E+00 2.2888E-12 2.2880E-11 6.8917E-11 1.1144E-10 1.5112E-10 1.9974E-10 2.6230E-10 3.3945E-10 4.3575E-10 5.5387E-10 7.1119E-10 8.9070E-10 1.1015E-09 1.3442E-09 1.6207E-09 1.9051E-09 2.2253E-09 2.5759E-09 2.9490E-09 3.3397E-09 3.7630E-09 4.2000E-09 4.6341E-09 5.0665E-09 5.4851E-09
0.0000E+00 0.0000E+00 0.0000E+00 0.0000E+00 0.0000E+00 0.0000E+00 0.0000E+00 0.0000E+00 0.0000E+00 0.0000E+00 0.0000E+00 0.0000E+00 0.0000E+00 0.0000E+00 0.0000E+00 0.0000E+00 0.0000E+00 0.0000E+00 0.0000E+00 0.0000E+00 0.0000E+00 0.0000E+00 0.0000E+00 0.0000E+00 0.0000E+00 0.0000E+00 0.0000E+00 0.0000E+00 0.0000E+00 0.0000E+00 0.0000E+00 0.0000E+00 1.9741E-12 2.5012E-11 6.5172E-11 1.0980E-10 1.5513E-10 2.0336E-10 2.6636E-10 3.5214E-10 4.6297E-10 5.9377E-10 7.7454E-10 9.8374E-10 1.2188E-09 1.4781E-09 1.7871E-09 2.1111E-09 2.4569E-09 2.8324E-09 3.2236E-09 3.6461E-09 4.0827E-09 4.5206E-09 4.9609E-09 5.3992E-09 5.8179E-09
0.0000E+00 0.0000E+00 0.0000E+00 0.0000E+00 0.0000E+00 0.0000E+00 0.0000E+00 0.0000E+00 0.0000E+00 0.0000E+00 0.0000E+00 0.0000E+00 0.0000E+00 0.0000E+00 0.0000E+00 0.0000E+00 0.0000E+00 0.0000E+00 0.0000E+00 0.0000E+00 0.0000E+00 0.0000E+00 0.0000E+00 0.0000E+00 0.0000E+00 0.0000E+00 0.0000E+00 0.0000E+00 0.0000E+00 0.0000E+00 0.0000E+00 0.0000E+00 1.5962E-12 2.4849E-11 6.4760E-11 1.0716E-10 1.5480E-10 2.1310E-10 2.8427E-10 3.8258E-10 5.1217E-10 6.7634E-10 8.8131E-10 1.1461E-09 1.4239E-09 1.7181E-09 2.0442E-09 2.3949E-09 2.7682E-09 3.1580E-09 3.5828E-09 4.0204E-09 4.4663E-09 4.9219E-09 5.3692E-09 5.8081E-09 6.2250E-09
0.0000E+00 0.0000E+00 0.0000E+00 0.0000E+00 0.0000E+00 0.0000E+00 0.0000E+00 0.0000E+00 0.0000E+00 0.0000E+00 0.0000E+00 0.0000E+00 0.0000E+00 0.0000E+00 0.0000E+00 0.0000E+00 0.0000E+00 0.0000E+00 0.0000E+00 0.0000E+00 0.0000E+00 0.0000E+00 0.0000E+00 0.0000E+00 0.0000E+00 0.0000E+00 0.0000E+00 0.0000E+00 0.0000E+00 0.0000E+00 0.0000E+00 0.0000E+00 1.1691E-12 2.2883E-11 6.2596E-11 1.0956E-10 1.6233E-10 2.3493E-10 3.2535E-10 4.3591E-10 6.2161E-10 8.5302E-10 1.1168E-09 1.4045E-09 1.7201E-09 2.0561E-09 2.4167E-09 2.7950E-09 3.1960E-09 3.6185E-09 4.0612E-09 4.5137E-09 4.9719E-09 5.4296E-09 5.8811E-09 6.3160E-09 6.7234E-09
0.0000E+00 0.0000E+00 0.0000E+00 0.0000E+00 0.0000E+00 0.0000E+00 0.0000E+00 0.0000E+00 0.0000E+00 0.0000E+00 0.0000E+00 0.0000E+00 0.0000E+00 0.0000E+00 0.0000E+00 0.0000E+00 0.0000E+00 0.0000E+00 0.0000E+00 0.0000E+00 0.0000E+00 0.0000E+00 0.0000E+00 0.0000E+00 0.0000E+00 0.0000E+00 0.0000E+00 0.0000E+00 0.0000E+00 0.0000E+00 0.0000E+00 0.0000E+00 9.6785E-12 2.7021E-11 6.6776E-11 1.4300E-10 2.1219E-10 3.0253E-10 4.3970E-10 6.2426E-10 8.7886E-10 1.1770E-09 1.4792E-09 1.7980E-09 2.1512E-09 2.5300E-09 2.9261E-09 3.3346E-09 3.7760E-09 4.2185E-09 4.6791E-09 5.1422E-09 5.6120E-09 6.0729E-09 6.5189E-09 6.9466E-09 7.3375E-09
0.0000E+00 0.0000E+00 0.0000E+00 0.0000E+00 0.0000E+00 0.0000E+00 0.0000E+00 0.0000E+00 0.0000E+00 0.0000E+00 0.0000E+00 0.0000E+00 0.0000E+00 0.0000E+00 0.0000E+00 0.0000E+00 0.0000E+00 0.0000E+00 0.0000E+00 0.0000E+00 0.0000E+00 0.0000E+00 0.0000E+00 0.0000E+00 0.0000E+00 0.0000E+00 0.0000E+00 0.0000E+00 0.0000E+00 4.1549E-12 1.1768E-11 1.5922E-11 6.0403E-11 8.6606E-11 1.3373E-10 2.1833E-10 3.5543E-10 5.1456E-10 7.3081E-10 1.0151E-09 1.3187E-09 1.6443E-09 1.9953E-09 2.3778E-09 2.7777E-09 3.1958E-09 3.6264E-09 4.0688E-09 4.5310E-09 4.9893E-09 5.4678E-09 5.9408E-09 6.4170E-09 6.8746E-09 7.3139E-09 7.7180E-09 8.0794E-09
0.0000E+00 0.0000E+00 0.0000E+00 0.0000E+00 0.0000E+00 0.0000E+00 0.0000E+00 0.0000E+00 0.0000E+00 0.0000E+00 0.0000E+00 0.0000E+00 0.0000E+00 0.0000E+00 0.0000E+00 0.0000E+00 0.0000E+00 0.0000E+00 0.0000E+00 0.0000E+00 0.0000E+00 0.0000E+00 0.0000E+00 0.0000E+00 0.0000E+00 0.0000E+00 0.0000E+00 1.6747E-12 1.0547E-11 1.6180E-11 5.9327E-11 1.0216E-10 1.3036E-10 2.0907E-10 3.1485E-10 4.5708E-10 6.8397E-10 9.2054E-10 1.2320E-09 1.6009E-09 1.9649E-09 2.3609E-09 2.7780E-09 3.2039E-09 3.6433E-09 4.0944E-09 4.5500E-09 5.0167E-09 5.5031E-09 5.9832E-09 6.4787E-09 6.9542E-09 7.4236E-09 7.8676E-09 8.2855E-09 8.6520E-09 8.9717E-09
0.0000E+00 0.0000E+00 0.0000E+00 0.0000E+00 0.0000E+00 0.0000E+00 0.0000E+00 0.0000E+00 0.0000E+00 0.0000E+00 0.0000E+00 0.0000E+00 0.0000E+00 0.0000E+00 0.0000E+00 0.0000E+00 0.0000E+00 0.0000E+00 0.0000E+00 0.0000E+00 0.0000E+00 0.0000E+00 0.0000E+00 0.0000E+00 0.0000E+00 0.0000E+00 3.4167E-12 1.5336E-11 3.3113E-11 5.0110E-11 1.8654E-10 2.7561E-10 3.6750E-10 5.2973E-10 7.2179E-10 9.6848E-10 1.2732E-09 1.6415E-09 2.0763E-09 2.5067E-09 2.9332E-09 3.3979E-09 3.8585E-09 4.3276E-09 4.7865E-09 5.2747E-09 5.7617E-09 6.2484E-09 6.7522E-09 7.2408E-09 7.7423E-09 8.2117E-09 8.6663E-09 9.0781E-09 9.4557E-09 9.7729E-09 1.0028E-08
0.0000E+00 0.0000E+00 0.0000E+00 0.0000E+00 0.0000E+00 0.0000E+00 0.0000E+00 0.0000E+00 0.0000E+00 0.0000E+00 0.0000E+00 0.0000E+00 0.0000E+00 0.0000E+00 0.0000E+00 0.0000E+00 0.0000E+00 0.0000E+00 0.0000E+00 0.0000E+00 0.0000E+00 0.0000E+00 0.0000E+00 0.0000E+00 0.0000E+00 3.3069E-12 1.9986E-11 4.1494E-11 7.7217E-11 2.3694E-10 4.0008E-10 6.9441E-10 9.2139E-10 1.1881E-09 1.5221E-09 1.9034E-09 2.3408E-09 2.8588E-09 3.3411E-09 3.8281E-09 4.3261E-09 4.8402E-09 5.3299E-09 5.8381E-09 6.3159E-09 6.8119E-09 7.3059E-09 7.8104E-09 8.3130E-09 8.8011E-09 9.2909E-09 9.7378E-09 1.0159E-08 1.0524E-08 1.0838E-08 1.1083E-08 1.1255E-08
0.0000E+00 0.0000E+00 0.0000E+00 0.0000E+00 0.0000E+00 0.0000E+00 0.0000E+00 0.0000E+00 0.0000E+00 0.0000E+00 0.0000E+00 0.0000E+00 0.0000E+00 0.0000E+00 0.0000E+00 0.0000E+00 0.0000E+00 0.0000E+00 0.0000E+00 0.0000E+00 0.0000E+00 0.0000E+00 0.0000E+00 0.0000E+00 2.4415E-12 2.0721E-11 5.3759E-11 9.3171E-11 2.7735E-10 6.1267E-10 1.0289E-09 1.5206E-09 1.9503E-09 2.4252E-09 2.9484E-09 3.4793E-09 4.0442E-09 4.6288E-09 5.1756E-09 5.7476E-09 6.2821E-09 6.8051E-09 7.2902E-09 7.7952E-09 8.2670E-09 8.7577E-09 9.2310E-09 9.7281E-09 1.0219E-08 1.0683E-08 1.1136E-08 1.1543E-08 1.1912E-08 1.2204E-08 1.2434E-08 1.2581E-08 1.2647E-08
0.0000E+00 0.0000E+00 0.0000E+00 0.0000E+00 0.0000E+00 0.0000E+00 0.0000E+00 0.0000E+00 0.0000E+00 0.0000E+00 0.0000E+00 0.0000E+00 0.0000E+00 0.0000E+00 0.0000E+00 0.0000E+00 0.0000E+00 0.0000E+00 0.0000E+00 0.0000E+00 0.0000E+00 0.0000E+00 0.0000E+00 5.8605E-13 1.6318E-11 5.4783E-11 1.4765E-10 2.9308E-10 7.1778E-10 1.5001E-09 2.2677E-09 3.0949E-09 3.8495E-09 4.5882E-09 5.2749E-09 5.9420E-09 6.6307E-09 7.2436E-09 7.8119E-09 8.3630E-09 8.8760E-09 9.3481E-09 9.7844E-09 1.0237E-08 1.0658E-08 1.1115E-08 1.1542E-08 1.2005E-08 1.2455E-08 1.2883E-08 1.3282E-08 1.3619E-08 1.3909E-08 1.4108E-08 1.4227E-08 1.4251E-08 1.4185E-08
0.0000E+00 0.0000E+00 0.0000E+00 0.0000E+00 0.0000E+00 0.0000E+00 0.0000E+00 0.0000E+00 0.0000E+00 0.0000E+00 0.0000E+00 0.0000E+00 0.0000E+00 0.0000E+00 0.0000E+00 0.0000E+00 0.0000E+00 0.0000E+00 0.0000E+00 0.0000E+00 0.0000E+00 0.0000E+00 0.0000E+00 8.4686E-12 5.3569E-11 1.3896E-10 2.8833E-10 9.2444E-10 1.7616E-09 3.1256E-09 4.4589E-09 5.8999E-09 7.0599E-09 8.0442E-09 8.8800E-09 9.6481E-09 1.0311E-08 1.0857E-08 1.1347E-08 1.1754E-08 1.2139E-08 1.2486E-08 1.2802E-08 1.3136E-08 1.3471E-08 1.3855E-08 1.4218E-08 1.4619E-08 1.5006E-08 1.5366E-08 1.5683E-08 1.5932E-08 1.6114E-08 1.6196E-08 1.6182E-08 1.6056E-08 1.5840E-08
0.0000E+00 0.0000E+00 0.0000E+00 0.0000E+00 0.0000E+00 0.0000E+00 0.0000E+00 0.0000E+00 0.0000E+00 0.0000E+00 0.0000E+00 0.0000E+00 0.0000E+00 0.0000E+00 0.0000E+00 0.0000E+00 0.0000E+00 0.0000E+00 0.0000E+00 0.0000E+00 0.0000E+00 0.0000E+00 1.7851E-12 3.2522E-11 1.2034E-10 2.9685E-10 7.5853E-10 1.9033E-09 3.8683E-09 6.2699E-09 8.7243E-09 1.0656E-08 1.2193E-08 1.3339E-08 1.4146E-08 1.4788E-08 1.5208E-08 1.5516E-08 1.5735E-08 1.5883E-08 1.6011E-08 1.6112E-08 1.6255E-08 1.6428E-08 1.6623E-08 1.6896E-08 1.7176E-08 1.7494E-08 1.7785E-08 1.8062E-08 1.8283E-08 1.8418E-08 1.8467E-08 1.8410E-08 1.8244E-08 1.7945E-08 1.7560E-08
0.0000E+00 0.0000E+00 0.0000E+00 0.0000E+00 0.0000E+00 0.0000E+00 0.0000E+00 0.0000E+00 0.0000E+00 0.0000E+00 0.0000E+00 0.0000E+00 0.0000E+00 0.0000E+00 0.0000E+00 0.0000E+00 0.0000E+00 0.0000E+00 0.0000E+00 0.0000E+00 0.0000E+00 0.0000E+00 1.2267E-11 7.6230E-11 2.2227E-10 6.1914E-10 1.7869E-09 4.3170E-09 7.8176E-09 1.2068E-08 1.5746E-08 1.8271E-08 1.9861E-08 2.0759E-08 2.1165E-08 2.1314E-08 2.1222E-08 2.1036E-08 2.0795E-08 2.0527E-08 2.0293E-08 2.0080E-08 1.9971E-08 1.9937E-08 1.9976E-08 2.0118E-08 2.0293E-08 2.0509E-08 2.0701E-08 2.0868E-08 2.0971E-08 2.0983E-08 2.0883E-08 2.0669E-08 2.0334E-08 1.9850E-08 1.9284E-08
0.0000E+00 0.0000E+00 0.0000E+00 0.0000E+00 0.0000E+00 0.0000E+00 0.0000E+00 0.0000E+00 0.0000E+00 0.0000E+00 0.0000E+00 0.0000E+00 0.0000E+00 0.0000E+00 0.0000E+00 0.0000E+00 0.0000E+00 0.0000E+00 0.0000E+00 0.0000E+00 0.0000E+00 6.7789E-13 2.9256E-11 1.4305E-10 4.3068E-10 1.3658E-09 3.9967E-09 8.5173E-09 1.5596E-08 2.2135E-08 2.6989E-08 2.9711E-08 3.0416E-08 3.0263E-08 2.9682E-08 2.8832E-08 2.7889E-08 2.6978E-08 2.6122E-08 2.5331E-08 2.4662E-08 2.4097E-08 2.3703E-08 2.3460E-08 2.3324E-08 2.3327E-08 2.3399E-08 2.3507E-08 2.3596E-08 2.3645E-08 2.3629E-08 2.3504E-08 2.3254E-08 2.2872E-08 2.2365E-08 2.1690E-08 2.0934E-08
0.0000E+00 0.0000E+00 0.0000E+00 0.0000E+00 0.0000E+00 0.0000E+00 0.0000E+00 0.0000E+00 0.0000E+00 0.0000E+00 0.0000E+00 0.0000E+00 0.0000E+00 0.0000E+00 0.0000E+00 0.0000E+00 0.0000E+00 0.0000E+00 0.0000E+00 0.0000E+00 0.0000E+00 3.0090E-12 5.6232E-11 2.9047E-10 9.1482E-10 2.6321E-09 7.8884E-09 1.8501E-08 3.0164E-08 3.9238E-08 4.3734E-08 4.4732E-08 4.3437E-08 4.1045E-08 3.8786E-08 3.6456E-08 3.4446E-08 3.2679E-08 3.1133E-08 2.9802E-08 2.8699E-08 2.7807E-08 2.7146E-08 2.6707E-08 2.6433E-08 2.6316E-08 2.6291E-08 2.6304E-08 2.6298E-08 2.6231E-08 2.6103E-08 2.5846E-08 2.5448E-08 2.4904E-08 2.4231E-08 2.3370E-08 2.2434E-08
0.0000E+00 0.0000E+00 0.0000E+00 0.0000E+00 0.0000E+00 0.0000E+00 0.0000E+00 0.0000E+00 0.0000E+00 0.0000E+00 0.0000E+00 0.0000E+00 0.0000E+00 0.0000E+00 0.0000E+00 0.0000E+00 0.0000E+00 0.0000E+00 0.0000E+00 0.0000E+00 0.0000E+00 5.7103E-12 9.0871E-11 4.3592E-10 1.4750E-09 5.4776E-09 1.7636E-08 3.9597E-08 5.6896E-08 6.6100E-08 6.6453E-08 6.2684E-08 5.7214E-08 5.1716E-08 4.6997E-08 4.3055E-08 3.9882E-08 3.7315E-08 3.5175E-08 3.3404E-08 3.1966E-08 3.0837E-08 2.9986E-08 2.9417E-08 2.9042E-08 2.8851E-08 2.8756E-08 2.8703E-08 2.8621E-08 2.8459E-08 2.8233E-08 2.7860E-08 2.7335E-08 2.6646E-08 2.5823E-08 2.4797E-08 2.3696E-08
0.0000E+00 0.0000E+00 0.0000E+00 0.0000E+00 0.0000E+00 0.0000E+00 0.0000E+00 0.0000E+00 0.0000E+00 0.0000E+00 0.0000E+00 0.0000E+00 0.0000E+00 0.0000E+00 0.0000E+00 0.0000E+00 0.0000E+00 0.0000E+00 0.0000E+00 0.0000E+00 0.0000E+00 7.6330E-12 1.2036E-10 5.6411E-10 2.4106E-09 1.2468E-08 4.7964E-08 8.6332E-08 1.0417E-07 1.0490E-07 9.3802E-08 8.0595E-08 6.8717E-08 5.9717E-08 5.2488E-08 4.7288E-08 4.3215E-08 4.0136E-08 3.7659E-08 3.5668E-08 3.4079E-08 3.2856E-08 3.1939E-08 3.1330E-08 3.0931E-08 3.0716E-08 3.0598E-08 3.0516E-08 3.0389E-08 3.0168E-08 2.9870E-08 2.9410E-08 2.8783E-08 2.7984E-08 2.7038E-08 2.5878E-08 2.4645E-08
0.0000E+00 0.0000E+00 0.0000E+00 0.0000E+00 0.0000E+00 0.0000E+00 0.0000E+00 0.0000E+00 0.0000E+00 0.0000E+00 0.0000E+00 0.0000E+00 0.0000E+00 0.0000E+00 0.0000E+00 0.0000E+00 0.0000E+00 0.0000E+00 0.0000E+00 0.0000E+00 0.0000E+00 7.9194E-12 1.2964E-10 6.7084E-10 3.9305E-09 5.2493E-08 1.3548E-07 1.7924E-07 1.7693E-07 1.5074E-07 1.1891E-07 9.2992E-08 7.4687E-08 6.2541E-08 5.3980E-08 4.8099E-08 4.3790E-08 4.0653E-08 3.8220E-08 3.6295E-08 3.4786E-08 3.3644E-08 3.2805E-08 3.2262E-08 3.1921E-08 3.1757E-08 3.1662E-08 3.1599E-08 3.1462E-08 3.1218E-08 3.0887E-08 3.0378E-08 2.9691E-08 2.8820E-08 2.7784E-08 2.6537E-08 2.5213E-08
0.0000E+00 0.0000E+00 0.0000E+00 0.0000E+00 0.0000E+00 0.0000E+00 0.0000E+00 0.0000E+00 0.0000E+00 0.0000E+00 0.0000E+00 0.0000E+00 0.0000E+00 0.0000E+00 0.0000E+00 0.0000E+00 0.0000E+00 0.0000E+00 0.0000E+00 0.0000E+00 0.0000E+00 6.4714E-12 1.1115E-10 1.3611E-09 8.1375E-08 2.4902E-07 3.2834E-07 2.9956E-07 2.4887E-07 1.8381E-07 1.3041E-07 9.3658E-08 7.1885E-08 5.8931E-08 5.0748E-08 4.5245E-08 4.1520E-08 3.8809E-08 3.6799E-08 3.5233E-08 3.4034E-08 3.3135E-08 3.2513E-08 3.2130E-08 3.1923E-08 3.1871E-08 3.1855E-08 3.1851E-08 3.1751E-08 3.1533E-08 3.1202E-08 3.0689E-08 2.9981E-08 2.9086E-08 2.8007E-08 2.6719E-08 2.5349E-08
