Assets/Resources/2015_m01_d19_0800(utc+0800)_l00_csi_1hr_conc.grd
DSAA
         159         159
     -79.000      79.000
     -79.000      79.000
  0.0000E+00  0.4362E-05
[rows 75 to 99 of 159, columns 57 to 113 of 159]
1.3828E-11 2.1797E-11 3.0791E-11 4.5059E-11 6.1304E-11 8.5547E-11 1.5439E-10 2.3592E-10 4.3140E-10 6.2041E-10 1.0430E-09 1.5371E-09 2.3497E-09 3.3591E-09 6.2091E-09 1.6365E-08 6.4423E-08 2.1680E-07 2.3688E-07 1.7437E-07 2.2442E-07 3.1621E-07 7.3198E-08 1.5324E-08 1.2608E-08 9.6682E-09 7.0341E-09 5.0082E-09 3.6608E-09 2.9027E-09 2.5494E-09 2.5212E-09 2.6305E-09 2.7377E-09 2.8508E-09 2.9683E-09 3.0907E-09 3.2208E-09 3.3577E-09 3.5035E-09 3.6499E-09 3.8017E-09 3.9522E-09 4.1029E-09 4.2488E-09 4.3910E-09 4.5303E-09 4.6622E-09 4.7854E-09 4.8991E-09 5.0021E-09 5.0938E-09 5.1748E-09 5.2431E-09 5.2981E-09 5.3408E-09 5.3714E-09
9.5797E-12 1.4825E-11 2.2733E-11 3.2270E-11 4.6244E-11 6.2795E-11 8.6360E-11 1.5202E-10 2.1590E-10 3.6741E-10 5.6042E-10 8.7344E-10 1.2549E-09 1.7745E-09 2.7845E-09 5.1631E-09 1.4380E-08 1.0291E-07 4.8266E-07 4.4943E-07 2.2336E-07 3.2379E-07 7.7078E-08 7.6448E-09 6.4584E-09 5.1608E-09 3.9622E-09 3.0064E-09 2.3660E-09 2.0461E-09 2.0027E-09 2.0927E-09 2.2006E-09 2.3064E-09 2.4090E-09 2.5182E-09 2.6344E-09 2.7554E-09 2.8889E-09 3.0227E-09 3.1621E-09 3.3012E-09 3.4438E-09 3.5820E-09 3.7215E-09 3.8567E-09 3.9900E-09 4.1162E-09 4.2347E-09 4.3453E-09 4.4458E-09 4.5370E-09 4.6183E-09 4.6877E-09 4.7464E-09 4.7948E-09 4.8321E-09
6.0585E-12 9.8228E-12 1.5411E-11 2.3117E-11 3.2839E-11 4.6354E-11 6.2581E-11 8.4207E-11 1.4208E-10 1.9722E-10 3.1174E-10 4.3822E-10 6.5834E-10 9.7961E-10 1.2863E-09 1.8152E-09 2.3627E-09 2.9726E-09 5.4915E-08 8.4783E-07 1.0840E-06 3.4303E-07 9.2938E-08 3.9700E-09 3.4055E-09 2.7894E-09 2.2498E-09 1.8393E-09 1.5939E-09 1.5293E-09 1.6043E-09 1.7215E-09 1.8246E-09 1.9242E-09 2.0204E-09 2.1218E-09 2.2338E-09 2.3510E-09 2.4724E-09 2.5984E-09 2.7271E-09 2.8560E-09 2.9871E-09 3.1166E-09 3.2474E-09 3.3764E-09 3.5007E-09 3.6209E-09 3.7344E-09 3.8395E-09 3.9369E-09 4.0261E-09 4.1055E-09 4.1757E-09 4.2373E-09 4.2894E-09 4.3307E-09
3.1669E-12 6.0447E-12 9.8133E-12 1.5529E-11 2.1617E-11 3.2314E-11 4.4901E-11 6.0891E-11 8.0579E-11 1.1267E-10 1.6577E-10 2.5608E-10 3.2700E-10 4.8073E-10 6.0594E-10 8.5228E-10 1.1340E-09 1.4176E-09 1.6875E-09 1.9134E-09 3.9105E-07 4.3620E-06 1.3546E-07 1.9031E-09 1.6994E-09 1.4979E-09 1.3049E-09 1.1874E-09 1.1642E-09 1.2188E-09 1.3021E-09 1.3970E-09 1.4985E-09 1.5886E-09 1.6864E-09 1.7845E-09 1.8884E-09 1.9962E-09 2.1071E-09 2.2233E-09 2.3410E-09 2.4608E-09 2.5792E-09 2.7027E-09 2.8226E-09 2.9448E-09 3.0618E-09 3.1746E-09 3.2810E-09 3.3807E-09 3.4738E-09 3.5590E-09 3.6366E-09 3.7070E-09 3.7696E-09 3.8231E-09 3.8657E-09
8.2718E-13 3.1102E-12 5.9110E-12 9.4899E-12 1.5001E-11 2.0941E-11 3.0409E-11 4.0609E-11 5.7612E-11 7.3464E-11 9.0422E-11 1.2575E-10 1.6946E-10 2.3924E-10 3.0115E-10 4.0365E-10 4.9548E-10 6.1847E-10 7.6285E-10 9.0011E-10 9.7487E-10 1.0155E-09 1.0045E-09 9.5665E-10 8.8116E-10 8.1759E-10 8.0896E-10 8.4269E-10 9.2288E-10 9.8648E-10 1.0550E-09 1.1280E-09 1.2141E-09 1.3130E-09 1.4040E-09 1.4959E-09 1.5899E-09 1.6884E-09 1.7890E-09 1.8949E-09 2.0013E-09 2.1112E-09 2.2216E-09 2.3351E-09 2.4477E-09 2.5601E-09 2.6695E-09 2.7737E-09 2.8728E-09 2.9665E-09 3.0537E-09 3.1350E-09 3.2107E-09 3.2798E-09 3.3410E-09 3.3908E-09 3.4290E-09
0.0000E+00 0.0000E+00 2.1701E-12 5.6656E-12 9.0519E-12 1.3445E-11 1.9331E-11 2.7730E-11 3.6896E-11 5.1003E-11 6.6097E-11 7.9257E-11 9.6514E-11 1.1382E-10 1.4455E-10 1.7749E-10 2.1857E-10 2.5005E-10 2.7536E-10 2.9772E-10 3.1224E-10 3.4152E-10 3.7495E-10 4.2354E-10 4.7500E-10 5.2664E-10 5.8714E-10 6.5038E-10 7.1333E-10 7.8958E-10 8.4763E-10 9.1761E-10 9.9294E-10 1.0716E-09 1.1639E-09 1.2482E-09 1.3331E-09 1.4224E-09 1.5117E-09 1.6074E-09 1.7040E-09 1.8054E-09 1.9075E-09 2.0107E-09 2.1151E-09 2.2198E-09 2.3194E-09 2.4151E-09 2.5068E-09 2.5932E-09 2.6751E-09 2.7524E-09 2.8207E-09 2.8803E-09 2.9324E-09 2.9758E-09 3.0190E-09
0.0000E+00 0.0000E+00 0.0000E+00 2.0367E-12 4.1816E-12 7.4968E-12 1.1891E-11 1.7511E-11 2.3884E-11 3.2945E-11 4.4200E-11 5.7725E-11 6.8805E-11 8.0640E-11 9.5123E-11 1.0976E-10 1.2739E-10 1.4738E-10 1.7154E-10 1.9060E-10 2.1706E-10 2.3835E-10 2.6985E-10 3.0475E-10 3.4665E-10 3.9151E-10 4.3412E-10 4.8650E-10 5.3572E-10 6.0580E-10 6.8342E-10 7.4613E-10 8.0955E-10 8.7776E-10 9.5111E-10 1.0345E-09 1.1110E-09 1.1895E-09 1.2726E-09 1.3545E-09 1.4471E-09 1.5367E-09 1.6307E-09 1.7258E-09 1.8227E-09 1.9146E-09 2.0072E-09 2.0944E-09 2.1770E-09 2.2507E-09 2.3204E-09 2.3850E-09 2.4419E-09 2.5067E-09 2.5686E-09 2.6237E-09 2.6711E-09
0.0000E+00 0.0000E+00 0.0000E+00 0.0000E+00 3.6773E-13 3.0970E-12 5.8793E-12 1.0023E-11 1.4701E-11 1.9636E-11 2.8267E-11 3.6210E-11 4.7766E-11 5.7814E-11 6.6846E-11 7.6103E-11 8.7333E-11 1.0069E-10 1.1230E-10 1.3157E-10 1.4657E-10 1.6450E-10 1.8418E-10 2.0608E-10 2.3469E-10 2.7409E-10 3.1665E-10 3.5539E-10 4.0656E-10 4.5736E-10 5.2146E-10 5.8304E-10 6.5478E-10 7.1578E-10 7.7526E-10 8.4075E-10 9.0931E-10 9.8177E-10 1.0574E-09 1.1350E-09 1.2146E-09 1.2980E-09 1.3846E-09 1.4686E-09 1.5552E-09 1.6394E-09 1.7155E-09 1.7869E-09 1.8558E-09 1.9217E-09 1.9984E-09 2.0709E-09 2.1387E-09 2.2012E-09 2.2575E-09 2.3071E-09 2.3495E-09
0.0000E+00 0.0000E+00 0.0000E+00 0.0000E+00 0.0000E+00 0.0000E+00 1.1694E-12 4.0479E-12 7.4659E-12 1.0375E-11 1.6572E-11 2.0963E-11 2.9872E-11 3.8295E-11 4.8806E-11 5.5737E-11 6.2778E-11 6.9878E-11 8.0097E-11 8.9434E-11 1.0243E-10 1.1718E-10 1.3065E-10 1.4846E-10 1.6386E-10 1.9315E-10 2.2095E-10 2.5750E-10 2.9729E-10 3.3443E-10 3.8770E-10 4.4152E-10 4.9983E-10 5.6422E-10 6.2053E-10 6.7459E-10 7.3450E-10 7.9761E-10 8.6250E-10 9.3468E-10 1.0082E-09 1.0885E-09 1.1625E-09 1.2372E-09 1.3074E-09 1.3780E-09 1.4471E-09 1.5262E-09 1.6012E-09 1.6732E-09 1.7420E-09 1.8064E-09 1.8660E-09 1.9201E-09 1.9698E-09 2.0154E-09 2.0564E-09
0.0000E+00 0.0000E+00 0.0000E+00 0.0000E+00 0.0000E+00 0.0000E+00 0.0000E+00 0.0000E+00 1.2360E-12 4.0560E-12 7.5876E-12 1.0244E-11 1.6744E-11 2.0361E-11 2.8563E-11 3.6528E-11 4.5654E-11 5.0569E-11 5.5625E-11 6.3028E-11 7.0205E-11 7.9564E-11 9.2293E-11 1.0192E-10 1.1952E-10 1.3219E-10 1.5590E-10 1.7688E-10 2.0877E-10 2.4411E-10 2.7665E-10 3.1950E-10 3.5820E-10 4.1289E-10 4.7286E-10 5.2785E-10 5.8627E-10 6.4303E-10 7.0580E-10 7.6837E-10 8.3083E-10 8.9553E-10 9.6362E-10 1.0319E-09 1.1056E-09 1.1801E-09 1.2510E-09 1.3192E-09 1.3831E-09 1.4448E-09 1.5039E-09 1.5604E-09 1.6144E-09 1.6650E-09 1.7122E-09 1.7551E-09 1.7938E-09
0.0000E+00 0.0000E+00 0.0000E+00 0.0000E+00 0.0000E+00 0.0000E+00 0.0000E+00 0.0000E+00 0.0000E+00 0.0000E+00 4.3111E-13 3.3233E-12 5.8812E-12 9.0653E-12 1.3533E-11 1.7088E-11 2.4281E-11 3.0113E-11 3.8996E-11 4.3437E-11 4.8884E-11 5.4878E-11 6.1024E-11 7.1778E-11 7.8054E-11 9.3332E-11 1.0363E-10 1.2393E-10 1.4063E-10 1.6116E-10 1.8778E-10 2.1732E-10 2.5191E-10 2.9334E-10 3.3564E-10 3.8437E-10 4.4028E-10 5.0147E-10 5.5760E-10 6.1625E-10 6.7682E-10 7.3598E-10 8.0103E-10 8.6602E-10 9.3175E-10 9.9660E-10 1.0611E-09 1.1220E-09 1.1829E-09 1.2397E-09 1.2933E-09 1.3442E-09 1.3926E-09 1.4385E-09 1.4819E-09 1.5223E-09 1.5596E-09
0.0000E+00 0.0000E+00 0.0000E+00 0.0000E+00 0.0000E+00 0.0000E+00 0.0000E+00 0.0000E+00 0.0000E+00 0.0000E+00 0.0000E+00 0.0000E+00 0.0000E+00 1.1175E-12 2.6959E-12 5.1682E-12 7.8510E-12 1.1059E-11 1.4904E-11 1.8746E-11 2.3882E-11 3.0084E-11 3.5531E-11 4.0484E-11 5.0407E-11 5.4446E-11 6.7782E-11 7.6815E-11 9.5268E-11 1.1117E-10 1.3140E-10 1.5417E-10 1.8088E-10 2.1029E-10 2.4688E-10 2.9067E-10 3.3523E-10 3.8537E-10 4.3875E-10 4.9841E-10 5.5648E-10 6.1422E-10 6.6917E-10 7.2726E-10 7.8340E-10 8.3991E-10 8.9404E-10 9.5013E-10 1.0019E-09 1.0548E-09 1.1050E-09 1.1529E-09 1.1979E-09 1.2395E-09 1.2787E-09 1.3155E-09 1.3504E-09
0.0000E+00 0.0000E+00 0.0000E+00 0.0000E+00 0.0000E+00 0.0000E+00 0.0000E+00 0.0000E+00 0.0000E+00 0.0000E+00 0.0000E+00 0.0000E+00 0.0000E+00 0.0000E+00 0.0000E+00 4.0190E-14 5.5109E-13 1.2986E-12 2.3218E-12 3.4859E-12 4.8278E-12 6.3926E-12 1.0224E-11 1.5285E-11 2.0658E-11 3.0344E-11 3.5156E-11 5.0168E-11 5.9080E-11 7.8151E-11 9.4591E-11 1.1317E-10 1.3571E-10 1.5956E-10 1.8753E-10 2.2119E-10 2.5758E-10 2.9773E-10 3.4281E-10 3.9646E-10 4.5246E-10 5.0573E-10 5.5910E-10 6.0898E-10 6.5931E-10 7.0849E-10 7.5674E-10 8.0406E-10 8.5073E-10 8.9690E-10 9.4007E-10 9.8188E-10 1.0229E-09 1.0627E-09 1.1010E-09 1.1367E-09 1.1698E-09
0.0000E+00 0.0000E+00 0.0000E+00 0.0000E+00 0.0000E+00 0.0000E+00 0.0000E+00 0.0000E+00 0.0000E+00 0.0000E+00 0.0000E+00 0.0000E+00 0.0000E+00 0.0000E+00 0.0000E+00 0.0000E+00 0.0000E+00 0.0000E+00 0.0000E+00 1.3688E-14 1.8221E-13 3.1545E-13 4.1388E-13 2.6004E-12 4.8734E-12 9.1417E-12 1.7424E-11 2.1323E-11 3.5051E-11 4.5996E-11 6.5599E-11 8.1415E-11 1.0159E-10 1.2373E-10 1.4325E-10 1.7425E-10 2.0636E-10 2.4022E-10 2.7946E-10 3.1505E-10 3.6092E-10 4.0904E-10 4.6214E-10 5.0749E-10 5.5288E-10 5.9463E-10 6.3911E-10 6.8052E-10 7.2371E-10 7.6353E-10 8.0419E-10 8.4186E-10 8.7837E-10 9.1348E-10 9.4725E-10 9.7982E-10 1.0107E-09
0.0000E+00 0.0000E+00 0.0000E+00 0.0000E+00 0.0000E+00 0.0000E+00 0.0000E+00 0.0000E+00 0.0000E+00 0.0000E+00 0.0000E+00 0.0000E+00 0.0000E+00 0.0000E+00 0.0000E+00 0.0000E+00 0.0000E+00 0.0000E+00 0.0000E+00 0.0000E+00 0.0000E+00 0.0000E+00 0.0000E+00 0.0000E+00 2.0834E-12 3.5413E-12 8.4221E-12 1.5646E-11 2.0309E-11 3.3805E-11 4.2828E-11 6.1834E-11 7.8349E-11 9.9355E-11 1.1999E-10 1.4183E-10 1.6659E-10 1.9738E-10 2.2869E-10 2.5903E-10 2.9776E-10 3.3343E-10 3.7810E-10 4.1835E-10 4.5822E-10 4.9967E-10 5.3757E-10 5.7562E-10 6.1187E-10 6.5013E-10 6.8614E-10 7.1945E-10 7.5184E-10 7.8310E-10 8.1322E-10 8.4207E-10 8.6958E-10
0.0000E+00 0.0000E+00 0.0000E+00 0.0000E+00 0.0000E+00 0.0000E+00 0.0000E+00 0.0000E+00 0.0000E+00 0.0000E+00 0.0000E+00 0.0000E+00 0.0000E+00 0.0000E+00 0.0000E+00 0.0000E+00 0.0000E+00 0.0000E+00 0.0000E+00 0.0000E+00 0.0000E+00 0.0000E+00 0.0000E+00 0.0000E+00 0.0000E+00 2.0275E-12 2.2984E-12 7.0151E-12 1.2540E-11 1.8298E-11 3.2648E-11 3.9324E-11 5.9348E-11 7.1020E-11 9.3331E-11 1.1601E-10 1.3615E-10 1.6305E-10 1.8963E-10 2.1694E-10 2.4633E-10 2.7627E-10 3.1140E-10 3.4461E-10 3.8150E-10 4.1380E-10 4.4963E-10 4.8360E-10 5.1622E-10 5.4833E-10 5.8002E-10 6.1145E-10 6.4059E-10 6.6880E-10 6.9567E-10 7.2160E-10 7.4645E-10
0.0000E+00 0.0000E+00 0.0000E+00 0.0000E+00 0.0000E+00 0.0000E+00 0.0000E+00 0.0000E+00 0.0000E+00 0.0000E+00 0.0000E+00 0.0000E+00 0.0000E+00 0.0000E+00 0.0000E+00 0.0000E+00 0.0000E+00 0.0000E+00 0.0000E+00 0.0000E+00 0.0000E+00 0.0000E+00 0.0000E+00 0.0000E+00 0.0000E+00 0.0000E+00 1.0303E-12 2.2072E-12 6.7414E-12 8.1469E-12 1.6185E-11 2.4715E-11 3.6156E-11 5.4459E-11 6.6902E-11 8.8547E-11 1.0759E-10 1.2996E-10 1.5584E-10 1.7999E-10 2.0614E-10 2.2996E-10 2.5923E-10 2.8775E-10 3.1631E-10 3.4440E-10 3.7261E-10 4.0123E-10 4.3201E-10 4.5933E-10 4.8798E-10 5.1438E-10 5.4147E-10 5.6646E-10 5.9098E-10 6.1497E-10 6.3818E-10
0.0000E+00 0.0000E+00 0.0000E+00 0.0000E+00 0.0000E+00 0.0000E+00 0.0000E+00 0.0000E+00 0.0000E+00 0.0000E+00 0.0000E+00 0.0000E+00 0.0000E+00 0.0000E+00 0.0000E+00 0.0000E+00 0.0000E+00 0.0000E+00 0.0000E+00 0.0000E+00 0.0000E+00 0.0000E+00 0.0000E+00 0.0000E+00 0.0000E+00 0.0000E+00 0.0000E+00 0.0000E+00 2.1010E-12 3.9940E-12 7.7573E-12 1.6150E-11 1.8613E-11 3.3731E-11 4.3692E-11 6.3491E-11 8.1819E-11 1.0062E-10 1.2534E-10 1.4266E-10 1.7027E-10 1.9326E-10 2.1738E-10 2.3957E-10 2.6276E-10 2.8882E-10 3.1163E-10 3.3696E-10 3.6040E-10 3.8456E-10 4.0740E-10 4.3172E-10 4.5420E-10 4.7753E-10 4.9895E-10 5.2011E-10 5.4088E-10
0.0000E+00 0.0000E+00 0.0000E+00 0.0000E+00 0.0000E+00 0.0000E+00 0.0000E+00 0.0000E+00 0.0000E+00 0.0000E+00 0.0000E+00 0.0000E+00 0.0000E+00 0.0000E+00 0.0000E+00 0.0000E+00 0.0000E+00 0.0000E+00 0.0000E+00 0.0000E+00 0.0000E+00 0.0000E+00 0.0000E+00 0.0000E+00 0.0000E+00 0.0000E+00 0.0000E+00 0.0000E+00 0.0000E+00 1.1313E-12 2.2077E-12 7.3239E-12 1.0006E-11 1.8208E-11 2.6177E-11 3.9727E-11 5.7776E-11 7.1628E-11 9.3621E-11 1.1346E-10 1.3452E-10 1.5408E-10 1.8147E-10 2.0108E-10 2.2055E-10 2.4100E-10 2.6311E-10 2.8392E-10 3.0524E-10 3.2553E-10 3.4650E-10 3.6620E-10 3.8740E-10 4.0842E-10 4.2721E-10 4.4593E-10 4.6447E-10
0.0000E+00 0.0000E+00 0.0000E+00 0.0000E+00 0.0000E+00 0.0000E+00 0.0000E+00 0.0000E+00 0.0000E+00 0.0000E+00 0.0000E+00 0.0000E+00 0.0000E+00 0.0000E+00 0.0000E+00 0.0000E+00 0.0000E+00 0.0000E+00 0.0000E+00 0.0000E+00 0.0000E+00 0.0000E+00 0.0000E+00 0.0000E+00 0.0000E+00 0.0000E+00 0.0000E+00 0.0000E+00 0.0000E+00 0.0000E+00 0.0000E+00 2.0554E-12 3.1556E-12 8.2435E-12 1.4654E-11 2.1215E-11 3.5329E-11 4.4950E-11 6.4911E-11 8.4401E-11 9.8739E-11 1.2248E-10 1.4089E-10 1.6399E-10 1.8025E-10 2.0085E-10 2.1889E-10 2.3740E-10 2.5550E-10 2.7603E-10 2.9415E-10 3.1185E-10 3.2944E-10 3.4652E-10 3.6490E-10 3.8128E-10 3.9768E-10
0.0000E+00 0.0000E+00 0.0000E+00 0.0000E+00 0.0000E+00 0.0000E+00 0.0000E+00 0.0000E+00 0.0000E+00 0.0000E+00 0.0000E+00 0.0000E+00 0.0000E+00 0.0000E+00 0.0000E+00 0.0000E+00 0.0000E+00 0.0000E+00 0.0000E+00 0.0000E+00 0.0000E+00 0.0000E+00 0.0000E+00 0.0000E+00 0.0000E+00 0.0000E+00 0.0000E+00 0.0000E+00 0.0000E+00 0.0000E+00 0.0000E+00 0.0000E+00 0.0000E+00 2.6392E-12 4.5820E-12 9.5469E-12 1.8109E-11 2.3606E-11 3.9516E-11 5.3008E-11 6.9888E-11 9.0153E-11 1.0332E-10 1.2788E-10 1.4300E-10 1.6426E-10 1.7926E-10 1.9648E-10 2.1369E-10 2.2947E-10 2.4751E-10 2.6323E-10 2.7861E-10 2.9390E-10 3.0874E-10 3.2504E-10 3.3951E-10
0.0000E+00 0.0000E+00 0.0000E+00 0.0000E+00 0.0000E+00 0.0000E+00 0.0000E+00 0.0000E+00 0.0000E+00 0.0000E+00 0.0000E+00 0.0000E+00 0.0000E+00 0.0000E+00 0.0000E+00 0.0000E+00 0.0000E+00 0.0000E+00 0.0000E+00 0.0000E+00 0.0000E+00 0.0000E+00 0.0000E+00 0.0000E+00 0.0000E+00 0.0000E+00 0.0000E+00 0.0000E+00 0.0000E+00 0.0000E+00 0.0000E+00 0.0000E+00 0.0000E+00 0.0000E+00 5.4390E-13 2.7430E-12 5.4442E-12 1.0445E-11 1.8091E-11 2.8258E-11 4.0543E-11 5.5259E-11 7.0626E-11 8.9932E-11 1.0743E-10 1.2529E-10 1.4437E-10 1.5956E-10 1.7346E-10 1.8966E-10 2.0519E-10 2.2054E-10 2.3449E-10 2.4790E-10 2.6199E-10 2.7443E-10 2.8909E-10
0.0000E+00 0.0000E+00 0.0000E+00 0.0000E+00 0.0000E+00 0.0000E+00 0.0000E+00 0.0000E+00 0.0000E+00 0.0000E+00 0.0000E+00 0.0000E+00 0.0000E+00 0.0000E+00 0.0000E+00 0.0000E+00 0.0000E+00 0.0000E+00 0.0000E+00 0.0000E+00 0.0000E+00 0.0000E+00 0.0000E+00 0.0000E+00 0.0000E+00 0.0000E+00 0.0000E+00 0.0000E+00 0.0000E+00 0.0000E+00 0.0000E+00 0.0000E+00 0.0000E+00 0.0000E+00 0.0000E+00 0.0000E+00 5.8840E-13 2.4379E-12 5.0851E-12 9.8682E-12 1.6696E-11 2.7390E-11 3.8545E-11 5.3564E-11 6.8381E-11 8.4998E-11 1.0152E-10 1.1933E-10 1.3713E-10 1.4967E-10 1.6245E-10 1.7611E-10 1.8838E-10 2.0148E-10 2.1322E-10 2.2581E-10 2.3704E-10
0.0000E+00 0.0000E+00 0.0000E+00 0.0000E+00 0.0000E+00 0.0000E+00 0.0000E+00 0.0000E+00 0.0000E+00 0.0000E+00 0.0000E+00 0.0000E+00 0.0000E+00 0.0000E+00 0.0000E+00 0.0000E+00 0.0000E+00 0.0000E+00 0.0000E+00 0.0000E+00 0.0000E+00 0.0000E+00 0.0000E+00 0.0000E+00 0.0000E+00 0.0000E+00 0.0000E+00 0.0000E+00 0.0000E+00 0.0000E+00 0.0000E+00 0.0000E+00 0.0000E+00 0.0000E+00 0.0000E+00 0.0000E+00 0.0000E+00 5.6826E-13 1.0855E-12 2.6573E-12 4.9260E-12 8.3739E-12 1.5219E-11 2.3781E-11 3.5441E-11 4.7327E-11 6.1040E-11 7.5999E-11 9.3360E-11 1.1115E-10 1.2775E-10 1.4240E-10 1.5427E-10 1.6563E-10 1.7802E-10 1.8927E-10 2.0101E-10
0.0000E+00 0.0000E+00 0.0000E+00 0.0000E+00 0.0000E+00 0.0000E+00 0.0000E+00 0.0000E+00 0.0000E+00 0.0000E+00 0.0000E+00 0.0000E+00 0.0000E+00 0.0000E+00 0.0000E+00 0.0000E+00 0.0000E+00 0.0000E+00 0.0000E+00 0.0000E+00 0.0000E+00 0.0000E+00 0.0000E+00 0.0000E+00 0.0000E+00 0.0000E+00 0.0000E+00 0.0000E+00 0.0000E+00 0.0000E+00 0.0000E+00 0.0000E+00 0.0000E+00 0.0000E+00 0.0000E+00 0.0000E+00 0.0000E+00 0.0000E+00 4.0096E-13 1.0066E-12 2.4866E-12 3.4858E-12 5.3238E-12 7.1913E-12 1.1647E-11 1.8324E-11 2.6973E-11 3.6503E-11 4.7857E-11 6.0177E-11 7.4602E-11 8.9520E-11 1.0724E-10 1.2247E-10 1.3792E-10 1.4938E-10 1.6225E-10
