Assets/Resources/2015_m01_d21_0700(utc+0800)_l00_csi_1hr_conc.grd
DSAA
         159         159
     -79.000      79.000
     -79.000      79.000
  0.7186E-09  0.2276E-04
[rows 75 to 99 of 159, columns 0 to 56 of 159]
1.8376E-09 1.8939E-09 1.9399E-09 1.9867E-09 2.0438E-09 2.0929E-09 2.1432E-09 2.2056E-09 2.2615E-09 2.3207E-09 2.3930E-09 2.4595E-09 2.5303E-09 2.6160E-09 2.6972E-09 2.7844E-09 2.8786E-09 2.9803E-09 3.1135E-09 3.2346E-09 3.3675E-09 3.5148E-09 3.6777E-09 3.8588E-09 4.0701E-09 4.2523E-09 4.4441E-09 4.6300E-09 4.8594E-09 5.0496E-09 5.3831E-09 5.5665E-09 5.7637E-09 5.9473E-09 6.1897E-09 6.3854E-09 6.5865E-09 6.7969E-09 7.0113E-09 7.2348E-09 7.5087E-09 7.7084E-09 7.8927E-09 8.0559E-09 8.1920E-09 8.4126E-09 8.5432E-09 8.6684E-09 8.7986E-09 8.9181E-09 9.1977E-09 9.3459E-09 9.5330E-09 9.6867E-09 9.8413E-09 1.0009E-08 1.0182E-08
1.8824E-09 1.9367E-09 1.9831E-09 2.0309E-09 2.0887E-09 2.1393E-09 2.1922E-09 2.2578E-09 2.3172E-09 2.3800E-09 2.4564E-09 2.5276E-09 2.6037E-09 2.6952E-09 2.7829E-09 2.8774E-09 2.9799E-09 3.0915E-09 3.2351E-09 3.3692E-09 3.5175E-09 3.6812E-09 3.8634E-09 4.0389E-09 4.2501E-09 4.4378E-09 4.6224E-09 4.8116E-09 5.0393E-09 5.2270E-09 5.4138E-09 5.7493E-09 5.9373E-09 6.1415E-09 6.3351E-09 6.5857E-09 6.7994E-09 7.0173E-09 7.2425E-09 7.4575E-09 7.6503E-09 7.8923E-09 8.0494E-09 8.1948E-09 8.3303E-09 8.4659E-09 8.6811E-09 8.8119E-09 8.9375E-09 9.0655E-09 9.3429E-09 9.4929E-09 9.6869E-09 9.8344E-09 9.9976E-09 1.0161E-08 1.0346E-08
1.9238E-09 1.9698E-09 2.0266E-09 2.0747E-09 2.1346E-09 2.1876E-09 2.2440E-09 2.3129E-09 2.3758E-09 2.4427E-09 2.5237E-09 2.6001E-09 2.6819E-09 2.7798E-09 2.8746E-09 2.9775E-09 3.0895E-09 3.2113E-09 3.3458E-09 3.5168E-09 3.6807E-09 3.8606E-09 4.0306E-09 4.2159E-09 4.3967E-09 4.6095E-09 4.7947E-09 4.9848E-09 5.2057E-09 5.3966E-09 5.5851E-09 5.9191E-09 6.1239E-09 6.3188E-09 6.5286E-09 6.7863E-09 7.0075E-09 7.2297E-09 7.4449E-09 7.6385E-09 7.8159E-09 8.0280E-09 8.1785E-09 8.3170E-09 8.4552E-09 8.5927E-09 8.8080E-09 8.9411E-09 9.0693E-09 9.1973E-09 9.4605E-09 9.6316E-09 9.8157E-09 9.9720E-09 1.0131E-08 1.0310E-08 1.0514E-08
1.9652E-09 2.0124E-09 2.0694E-09 2.1200E-09 2.1731E-09 2.2387E-09 2.2982E-09 2.3612E-09 2.4377E-09 2.5091E-09 2.5952E-09 2.6771E-09 2.7652E-09 2.8699E-09 2.9731E-09 3.0850E-09 3.2071E-09 3.3418E-09 3.4901E-09 3.6759E-09 3.8486E-09 4.0177E-09 4.1989E-09 4.3763E-09 4.5627E-09 4.7717E-09 4.9606E-09 5.1417E-09 5.3718E-09 5.5558E-09 5.7521E-09 6.0923E-09 6.2929E-09 6.5039E-09 6.7196E-09 6.9851E-09 7.2037E-09 7.4119E-09 7.6055E-09 7.7830E-09 7.9324E-09 8.1455E-09 8.2876E-09 8.4284E-09 8.5706E-09 8.6995E-09 8.9257E-09 9.0545E-09 9.1837E-09 9.3112E-09 9.4489E-09 9.7322E-09 9.9255E-09 1.0088E-08 1.0261E-08 1.0450E-08 1.0649E-08
2.0064E-09 2.0544E-09 2.1139E-09 2.1671E-09 2.2234E-09 2.2921E-09 2.3551E-09 2.4221E-09 2.5030E-09 2.5794E-09 2.6611E-09 2.7588E-09 2.8537E-09 2.9566E-09 3.0781E-09 3.2001E-09 3.3345E-09 3.4820E-09 3.6447E-09 3.8310E-09 4.0000E-09 4.1759E-09 4.3508E-09 4.5324E-09 4.7156E-09 4.9266E-09 5.1073E-09 5.2993E-09 5.4826E-09 5.7189E-09 5.9122E-09 6.2574E-09 6.4684E-09 6.6846E-09 6.9078E-09 7.1220E-09 7.3654E-09 7.5558E-09 7.7271E-09 7.8824E-09 8.0329E-09 8.1786E-09 8.3856E-09 8.5289E-09 8.6621E-09 8.7994E-09 8.9275E-09 9.1520E-09 9.2848E-09 9.4073E-09 9.5352E-09 9.8322E-09 9.9896E-09 1.0199E-08 1.0373E-08 1.0558E-08 1.0767E-08
2.0478E-09 2.0981E-09 2.1604E-09 2.2166E-09 2.2758E-09 2.3480E-09 2.4149E-09 2.4863E-09 2.5718E-09 2.6535E-09 2.7411E-09 2.8454E-09 2.9480E-09 3.0588E-09 3.1903E-09 3.3238E-09 3.4698E-09 3.6308E-09 3.7873E-09 3.9552E-09 4.1480E-09 4.3202E-09 4.4967E-09 4.6774E-09 4.8569E-09 5.0662E-09 5.2525E-09 5.4386E-09 5.6374E-09 5.8653E-09 6.0704E-09 6.2786E-09 6.6366E-09 6.8551E-09 7.0699E-09 7.2612E-09 7.4925E-09 7.6570E-09 7.8176E-09 7.9671E-09 8.1153E-09 8.2616E-09 8.4689E-09 8.6079E-09 8.7466E-09 8.8775E-09 9.0052E-09 9.2366E-09 9.3599E-09 9.4882E-09 9.6104E-09 9.8986E-09 1.0081E-08 1.0280E-08 1.0452E-08 1.0639E-08 1.0835E-08
2.0907E-09 2.1438E-09 2.2088E-09 2.2680E-09 2.3307E-09 2.4066E-09 2.4777E-09 2.5535E-09 2.6443E-09 2.7313E-09 2.8255E-09 2.9368E-09 3.0469E-09 3.1676E-09 3.3095E-09 3.4536E-09 3.6089E-09 3.7616E-09 3.9268E-09 4.0904E-09 4.2846E-09 4.4556E-09 4.6337E-09 4.8085E-09 4.9915E-09 5.1715E-09 5.3871E-09 5.5816E-09 5.7733E-09 6.0133E-09 6.2192E-09 6.4291E-09 6.7878E-09 6.9943E-09 7.1872E-09 7.3668E-09 7.5737E-09 7.7361E-09 7.8868E-09 8.0368E-09 8.1875E-09 8.3257E-09 8.5373E-09 8.6748E-09 8.8087E-09 8.9394E-09 9.0673E-09 9.1896E-09 9.4220E-09 9.5437E-09 9.6707E-09 9.8155E-09 1.0120E-08 1.0317E-08 1.0492E-08 1.0656E-08 1.0816E-08
2.1355E-09 2.1912E-09 2.2501E-09 2.3216E-09 2.3879E-09 2.4585E-09 2.5432E-09 2.6239E-09 2.7102E-09 2.8131E-09 2.9137E-09 3.0227E-09 3.1516E-09 3.2815E-09 3.4231E-09 3.5806E-09 3.7314E-09 3.8906E-09 4.0507E-09 4.2186E-09 4.4092E-09 4.5843E-09 4.7542E-09 4.9359E-09 5.1117E-09 5.2997E-09 5.5162E-09 5.7097E-09 5.9090E-09 6.1109E-09 6.3568E-09 6.5593E-09 6.7517E-09 7.0952E-09 7.2715E-09 7.4313E-09 7.5917E-09 7.7928E-09 7.9445E-09 8.0961E-09 8.2358E-09 8.3797E-09 8.5146E-09 8.7216E-09 8.8565E-09 8.9821E-09 9.1071E-09 9.2294E-09 9.4576E-09 9.5835E-09 9.7079E-09 9.8271E-09 1.0137E-08 1.0285E-08 1.0458E-08 1.0573E-08 1.0649E-08
2.1817E-09 2.2403E-09 2.3023E-09 2.3773E-09 2.4474E-09 2.5221E-09 2.6113E-09 2.6969E-09 2.7892E-09 2.8978E-09 3.0055E-09 3.1229E-09 3.2597E-09 3.3981E-09 3.5386E-09 3.6968E-09 3.8502E-09 4.0066E-09 4.1684E-09 4.3337E-09 4.5015E-09 4.6943E-09 4.8711E-09 5.0455E-09 5.2326E-09 5.4145E-09 5.6075E-09 5.8331E-09 6.0320E-09 6.2329E-09 6.4704E-09 6.6539E-09 6.8330E-09 7.1611E-09 7.3242E-09 7.4821E-09 7.6353E-09 7.8390E-09 7.9882E-09 8.1317E-09 8.2772E-09 8.4122E-09 8.5451E-09 8.7555E-09 8.8802E-09 9.0068E-09 9.1269E-09 9.2435E-09 9.4764E-09 9.5925E-09 9.7044E-09 9.8134E-09 9.9248E-09 1.0191E-08 1.0317E-08 1.0350E-08 1.0341E-08
2.2294E-09 2.2910E-09 2.3564E-09 2.4348E-09 2.5089E-09 2.5877E-09 2.6817E-09 2.7727E-09 2.8701E-09 2.9855E-09 3.1005E-09 3.2244E-09 3.3680E-09 3.5030E-09 3.6476E-09 3.8048E-09 3.9581E-09 4.1138E-09 4.2753E-09 4.4376E-09 4.6047E-09 4.7993E-09 4.9732E-09 5.1559E-09 5.3350E-09 5.5239E-09 5.7144E-09 5.9405E-09 6.1344E-09 6.3261E-09 6.5031E-09 6.7198E-09 6.8776E-09 7.2051E-09 7.3609E-09 7.5149E-09 7.6702E-09 7.8145E-09 8.0141E-09 8.1588E-09 8.2951E-09 8.4294E-09 8.5610E-09 8.6839E-09 8.8893E-09 9.0075E-09 9.1234E-09 9.2396E-09 9.3426E-09 9.5620E-09 9.6563E-09 9.7322E-09 9.7869E-09 1.0008E-08 1.0016E-08 1.0018E-08 9.9758E-09
2.2698E-09 2.3433E-09 2.4119E-09 2.4850E-09 2.5718E-09 2.6552E-09 2.7444E-09 2.8495E-09 2.9533E-09 3.0650E-09 3.1950E-09 3.3225E-09 3.4534E-09 3.6028E-09 3.7444E-09 3.8944E-09 4.0549E-09 4.2126E-09 4.3692E-09 4.5341E-09 4.6977E-09 4.8950E-09 5.0706E-09 5.2487E-09 5.4327E-09 5.6188E-09 5.8076E-09 6.0266E-09 6.2090E-09 6.3832E-09 6.5505E-09 6.7498E-09 6.9088E-09 7.0563E-09 7.3839E-09 7.5387E-09 7.6829E-09 7.8296E-09 8.0263E-09 8.1633E-09 8.3000E-09 8.4289E-09 8.5533E-09 8.6771E-09 8.8725E-09 8.9868E-09 9.0969E-09 9.1944E-09 9.2852E-09 9.4812E-09 9.5405E-09 9.5747E-09 9.5711E-09 9.5366E-09 9.6856E-09 9.6794E-09 9.5810E-09
2.3201E-09 2.3966E-09 2.4686E-09 2.5451E-09 2.6360E-09 2.7233E-09 2.8170E-09 2.9276E-09 3.0359E-09 3.1519E-09 3.2831E-09 3.4102E-09 3.5432E-09 3.6909E-09 3.8346E-09 3.9809E-09 4.1443E-09 4.2964E-09 4.4573E-09 4.6163E-09 4.7858E-09 4.9536E-09 5.1560E-09 5.3340E-09 5.5156E-09 5.6979E-09 5.8781E-09 6.0503E-09 6.2536E-09 6.4145E-09 6.5694E-09 6.7696E-09 6.9177E-09 7.0666E-09 7.3953E-09 7.5406E-09 7.6881E-09 7.8269E-09 8.0196E-09 8.1581E-09 8.2840E-09 8.4092E-09 8.5306E-09 8.6422E-09 8.7511E-09 8.9384E-09 9.0306E-09 9.1134E-09 9.1746E-09 9.2155E-09 9.3536E-09 9.3390E-09 9.2961E-09 9.2393E-09 9.3539E-09 9.2821E-09 9.2240E-09
2.3712E-09 2.4506E-09 2.5258E-09 2.6059E-09 2.7000E-09 2.7914E-09 2.8894E-09 3.0034E-09 3.1149E-09 3.2306E-09 3.3635E-09 3.4907E-09 3.6235E-09 3.7715E-09 3.9134E-09 4.0592E-09 4.2196E-09 4.3740E-09 4.5304E-09 4.6948E-09 4.8579E-09 5.0292E-09 5.2279E-09 5.4047E-09 5.5789E-09 5.7544E-09 5.9179E-09 6.0829E-09 6.2712E-09 6.4265E-09 6.5770E-09 6.7235E-09 6.9203E-09 7.0625E-09 7.2022E-09 7.5366E-09 7.6729E-09 7.8092E-09 7.9431E-09 8.1273E-09 8.2528E-09 8.3713E-09 8.4818E-09 8.5885E-09 8.6825E-09 8.8532E-09 8.9273E-09 8.9778E-09 9.0086E-09 9.0112E-09 8.9801E-09 9.0739E-09 9.0054E-09 8.9307E-09 8.8610E-09 8.9461E-09 8.9054E-09
2.4222E-09 2.4956E-09 2.5827E-09 2.6653E-09 2.7538E-09 2.8579E-09 2.9579E-09 3.0638E-09 3.1853E-09 3.3029E-09 3.4242E-09 3.5634E-09 3.6943E-09 3.8315E-09 3.9824E-09 4.1274E-09 4.2752E-09 4.4403E-09 4.5981E-09 4.7574E-09 4.9222E-09 5.0880E-09 5.2566E-09 5.4522E-09 5.6189E-09 5.7788E-09 5.9376E-09 6.0877E-09 6.2410E-09 6.4236E-09 6.5699E-09 6.7183E-09 6.9051E-09 7.0456E-09 7.1839E-09 7.5094E-09 7.6465E-09 7.7773E-09 7.9017E-09 8.0860E-09 8.2009E-09 8.3098E-09 8.4137E-09 8.5021E-09 8.5812E-09 8.6437E-09 8.7730E-09 8.7976E-09 8.7948E-09 8.7722E-09 8.7379E-09 8.7885E-09 8.7271E-09 8.6509E-09 8.5677E-09 8.5000E-09 8.5671E-09
2.4727E-09 2.5482E-09 2.6376E-09 2.7232E-09 2.8137E-09 2.9191E-09 3.0200E-09 3.1267E-09 3.2489E-09 3.3657E-09 3.4888E-09 3.6253E-09 3.7578E-09 3.8913E-09 4.0432E-09 4.1853E-09 4.3343E-09 4.4970E-09 4.6526E-09 4.8102E-09 4.9705E-09 5.1312E-09 5.2914E-09 5.4779E-09 5.6335E-09 5.7860E-09 5.9346E-09 6.0860E-09 6.2284E-09 6.4107E-09 6.5553E-09 6.6929E-09 6.8320E-09 7.0172E-09 7.1472E-09 7.2782E-09 7.6030E-09 7.7273E-09 7.8505E-09 7.9604E-09 8.1279E-09 8.2269E-09 8.3123E-09 8.3874E-09 8.4424E-09 8.4794E-09 8.5838E-09 8.5762E-09 8.5661E-09 8.5288E-09 8.4837E-09 8.4239E-09 8.4708E-09 8.3959E-09 8.3117E-09 8.2450E-09 8.2936E-09
2.5210E-09 2.5984E-09 2.6902E-09 2.7766E-09 2.8673E-09 2.9737E-09 3.0757E-09 3.1820E-09 3.3048E-09 3.4218E-09 3.5425E-09 3.6801E-09 3.8091E-09 3.9438E-09 4.0927E-09 4.2367E-09 4.3804E-09 4.5312E-09 4.6939E-09 4.8486E-09 5.0009E-09 5.1549E-09 5.3038E-09 5.4544E-09 5.6306E-09 5.7777E-09 5.9246E-09 6.0657E-09 6.2102E-09 6.3495E-09 6.5246E-09 6.6640E-09 6.7940E-09 6.9745E-09 7.1043E-09 7.2236E-09 7.5453E-09 7.6654E-09 7.7742E-09 7.8778E-09 7.9706E-09 8.1148E-09 8.1872E-09 8.2364E-09 8.2720E-09 8.2823E-09 8.2889E-09 8.3570E-09 8.3297E-09 8.2975E-09 8.2498E-09 8.2023E-09 8.2406E-09 8.1736E-09 8.1029E-09 8.0362E-09 7.9817E-09
2.5666E-09 2.6453E-09 2.7271E-09 2.8228E-09 2.9151E-09 3.0117E-09 3.1235E-09 3.2309E-09 3.3418E-09 3.4688E-09 3.5891E-09 3.7130E-09 3.8532E-09 3.9856E-09 4.1223E-09 4.2736E-09 4.4173E-09 4.5607E-09 4.7212E-09 4.8661E-09 5.0134E-09 5.1559E-09 5.3025E-09 5.4426E-09 5.6181E-09 5.7601E-09 5.9000E-09 6.0435E-09 6.1786E-09 6.3140E-09 6.4896E-09 6.6172E-09 6.7466E-09 6.8713E-09 7.0425E-09 7.1609E-09 7.2713E-09 7.5814E-09 7.6835E-09 7.7724E-09 7.8517E-09 7.9795E-09 8.0279E-09 8.0648E-09 8.0805E-09 8.0906E-09 8.0785E-09 8.0635E-09 8.1191E-09 8.0837E-09 8.0506E-09 8.0031E-09 7.9596E-09 7.9868E-09 7.9340E-09 7.8895E-09 7.8294E-09
2.6076E-09 2.6851E-09 2.7663E-09 2.8647E-09 2.9561E-09 3.0527E-09 3.1658E-09 3.2711E-09 3.3820E-09 3.5079E-09 3.6266E-09 3.7492E-09 3.8885E-09 4.0182E-09 4.1520E-09 4.3005E-09 4.4381E-09 4.5769E-09 4.7287E-09 4.8680E-09 5.0060E-09 5.1459E-09 5.2841E-09 5.4265E-09 5.5936E-09 5.7322E-09 5.8721E-09 6.0051E-09 6.1393E-09 6.2723E-09 6.3984E-09 6.5665E-09 6.6882E-09 6.8058E-09 6.9763E-09 7.0829E-09 7.1843E-09 7.4834E-09 7.5699E-09 7.6483E-09 7.7117E-09 7.7606E-09 7.8545E-09 7.8794E-09 7.8915E-09 7.8952E-09 7.8857E-09 7.8809E-09 7.9237E-09 7.8988E-09 7.8739E-09 7.8388E-09 7.8145E-09 7.7951E-09 7.8082E-09 7.7347E-09 7.7158E-09
2.6409E-09 2.7187E-09 2.8019E-09 2.8989E-09 2.9912E-09 3.0879E-09 3.1877E-09 3.3050E-09 3.4139E-09 3.5271E-09 3.6559E-09 3.7775E-09 3.9005E-09 4.0411E-09 4.1691E-09 4.3004E-09 4.4437E-09 4.5763E-09 4.7078E-09 4.8555E-09 4.9892E-09 5.1250E-09 5.2632E-09 5.3954E-09 5.5318E-09 5.6980E-09 5.8298E-09 5.9634E-09 6.0919E-09 6.2177E-09 6.3454E-09 6.5022E-09 6.6191E-09 6.7354E-09 6.8397E-09 6.9920E-09 7.0852E-09 7.1680E-09 7.4431E-09 7.5045E-09 7.5511E-09 7.5963E-09 7.6755E-09 7.6983E-09 7.7103E-09 7.7135E-09 7.7191E-09 7.7120E-09 7.7038E-09 7.7447E-09 7.7351E-09 7.7256E-09 7.7101E-09 7.6721E-09 7.6668E-09 7.6855E-09 7.6945E-09
2.6618E-09 2.7478E-09 2.8298E-09 2.9175E-09 3.0197E-09 3.1149E-09 3.2152E-09 3.3304E-09 3.4382E-09 3.5497E-09 3.6768E-09 3.7943E-09 3.9159E-09 4.0491E-09 4.1744E-09 4.2963E-09 4.4362E-09 4.5612E-09 4.6914E-09 4.8334E-09 4.9659E-09 5.0991E-09 5.2289E-09 5.3634E-09 5.4928E-09 5.6218E-09 5.7867E-09 5.9103E-09 6.0358E-09 6.1596E-09 6.2768E-09 6.3931E-09 6.5443E-09 6.6482E-09 6.7482E-09 6.8389E-09 6.9728E-09 7.0497E-09 7.1047E-09 7.3518E-09 7.3927E-09 7.4279E-09 7.4611E-09 7.5301E-09 7.5461E-09 7.5614E-09 7.5643E-09 7.5770E-09 7.5814E-09 7.5921E-09 7.6366E-09 7.6406E-09 7.6213E-09 7.6409E-09 7.6660E-09 7.6837E-09 7.6924E-09
2.6844E-09 2.7706E-09 2.8536E-09 2.9398E-09 3.0414E-09 3.1365E-09 3.2345E-09 3.3488E-09 3.4549E-09 3.5630E-09 3.6750E-09 3.8017E-09 3.9162E-09 4.0331E-09 4.1626E-09 4.2819E-09 4.4014E-09 4.5404E-09 4.6651E-09 4.7944E-09 4.9359E-09 5.0636E-09 5.1953E-09 5.3202E-09 5.4471E-09 5.5754E-09 5.7285E-09 5.8536E-09 5.9738E-09 6.0901E-09 6.2070E-09 6.3158E-09 6.4560E-09 6.5566E-09 6.6458E-09 6.7307E-09 6.8547E-09 6.9171E-09 6.9820E-09 7.2001E-09 7.2442E-09 7.2796E-09 7.3130E-09 7.3440E-09 7.4025E-09 7.4219E-09 7.4437E-09 7.4648E-09 7.4981E-09 7.5195E-09 7.5343E-09 7.5669E-09 7.6064E-09 7.6377E-09 7.6615E-09 7.6793E-09 7.6882E-09
2.7029E-09 2.7889E-09 2.8703E-09 2.9562E-09 3.0461E-09 3.1501E-09 3.2476E-09 3.3477E-09 3.4620E-09 3.5683E-09 3.6747E-09 3.7962E-09 3.9052E-09 4.0162E-09 4.1424E-09 4.2580E-09 4.3766E-09 4.5126E-09 4.6388E-09 4.7603E-09 4.8856E-09 5.0258E-09 5.1490E-09 5.2739E-09 5.3977E-09 5.5178E-09 5.6409E-09 5.7888E-09 5.9039E-09 6.0207E-09 6.1264E-09 6.2296E-09 6.3287E-09 6.4538E-09 6.5410E-09 6.6143E-09 6.6881E-09 6.7961E-09 6.8530E-09 6.9116E-09 7.1023E-09 7.1464E-09 7.1870E-09 7.2187E-09 7.2864E-09 7.3221E-09 7.3571E-09 7.3934E-09 7.4084E-09 7.4621E-09 7.5180E-09 7.5639E-09 7.6011E-09 7.6307E-09 7.6558E-09 7.6719E-09 7.6867E-09
2.7160E-09 2.7923E-09 2.8822E-09 2.9671E-09 3.0546E-09 3.1584E-09 3.2526E-09 3.3492E-09 3.4617E-09 3.5610E-09 3.6641E-09 3.7652E-09 3.8843E-09 3.9915E-09 4.1035E-09 4.2307E-09 4.3489E-09 4.4697E-09 4.6014E-09 4.7244E-09 4.8451E-09 4.9798E-09 5.1032E-09 5.2219E-09 5.3409E-09 5.4615E-09 5.5753E-09 5.7191E-09 5.8331E-09 5.9384E-09 6.0417E-09 6.1397E-09 6.2322E-09 6.3185E-09 6.4301E-09 6.5043E-09 6.5758E-09 6.6794E-09 6.7475E-09 6.8049E-09 6.8649E-09 7.0289E-09 7.0741E-09 7.1283E-09 7.1767E-09 7.2483E-09 7.2655E-09 7.3283E-09 7.3972E-09 7.4589E-09 7.5122E-09 7.5567E-09 7.5916E-09 7.6219E-09 7.6470E-09 7.6670E-09 7.6841E-09
2.7234E-09 2.8002E-09 2.8884E-09 2.9714E-09 3.0579E-09 3.1456E-09 3.2496E-09 3.3430E-09 3.4362E-09 3.5455E-09 3.6412E-09 3.7410E-09 3.8566E-09 3.9654E-09 4.0744E-09 4.2023E-09 4.3178E-09 4.4327E-09 4.5661E-09 4.6820E-09 4.7995E-09 4.9200E-09 5.0485E-09 5.1665E-09 5.2827E-09 5.3956E-09 5.5094E-09 5.6196E-09 5.7526E-09 5.8564E-09 5.9534E-09 6.0479E-09 6.1370E-09 6.2218E-09 6.3298E-09 6.4019E-09 6.4779E-09 6.5549E-09 6.6513E-09 6.7218E-09 6.7885E-09 6.9324E-09 6.9952E-09 7.0599E-09 7.1220E-09 7.1704E-09 7.2519E-09 7.3260E-09 7.3928E-09 7.4513E-09 7.5021E-09 7.5446E-09 7.5798E-09 7.6139E-09 7.6386E-09 7.6632E-09 7.6793E-09
2.7272E-09 2.8014E-09 2.8802E-09 2.9701E-09 3.0524E-09 3.1387E-09 3.2379E-09 3.3260E-09 3.4156E-09 3.5195E-09 3.6142E-09 3.7120E-09 3.8153E-09 3.9354E-09 4.0464E-09 4.1558E-09 4.2816E-09 4.3965E-09 4.5087E-09 4.6369E-09 4.7531E-09 4.8654E-09 4.9951E-09 5.1077E-09 5.2190E-09 5.3327E-09 5.4393E-09 5.5442E-09 5.6485E-09 5.7707E-09 5.8644E-09 5.9582E-09 6.0442E-09 6.1334E-09 6.2150E-09 6.3163E-09 6.3987E-09 6.4734E-09 6.5583E-09 6.6498E-09 6.7381E-09 6.8211E-09 6.9351E-09 6.9929E-09 7.0799E-09 7.1688E-09 7.2490E-09 7.3204E-09 7.3837E-09 7.4392E-09 7.4902E-09 7.5301E-09 7.5704E-09 7.6020E-09 7.6316E-09 7.6561E-09 7.6762E-09
