Assets/Resources/2015_m01_d09_1900(utc+0800)_l00_csi_1hr_conc.grd
DSAA
         159         159
     -79.000      79.000
     -79.000      79.000
  0.8818E-09  0.3548E-05
[rows 0 to 24 of 159, columns 57 to 113 of 159]
1.5261E-09 1.5341E-09 1.5418E-09 1.5493E-09 1.5566E-09 1.5637E-09 1.5706E-09 1.5772E-09 1.5835E-09 1.5896E-09 1.5955E-09 1.6011E-09 1.6065E-09 1.6115E-09 1.6164E-09 1.6210E-09 1.6253E-09 1.6293E-09 1.6331E-09 1.6366E-09 1.6398E-09 1.6427E-09 1.6454E-09 1.6478E-09 1.6499E-09 1.6518E-09 1.6533E-09 1.6546E-09 1.6556E-09 1.6563E-09 1.6568E-09 1.6570E-09 1.6569E-09 1.6565E-09 1.6559E-09 1.6550E-09 1.6538E-09 1.6524E-09 1.6507E-09 1.6487E-09 1.6465E-09 1.6440E-09 1.6413E-09 1.6383E-09 1.6351E-09 1.6316E-09 1.6170E-09 1.6132E-09 1.6092E-09 1.6050E-09 1.5951E-09 1.5906E-09 1.5858E-09 1.5808E-09 1.5756E-09 1.5702E-09 1.5592E-09
1.5566E-09 1.5647E-09 1.5727E-09 1.5804E-09 1.5879E-09 1.5951E-09 1.6021E-09 1.6089E-09 1.6154E-09 1.6217E-09 1.6277E-09 1.6334E-09 1.6389E-09 1.6441E-09 1.6490E-09 1.6537E-09 1.6581E-09 1.6622E-09 1.6660E-09 1.6696E-09 1.6729E-09 1.6759E-09 1.6786E-09 1.6810E-09 1.6831E-09 1.6850E-09 1.6865E-09 1.6878E-09 1.6888E-09 1.6895E-09 1.6899E-09 1.6900E-09 1.6899E-09 1.6895E-09 1.6888E-09 1.6878E-09 1.6865E-09 1.6850E-09 1.6832E-09 1.6811E-09 1.6787E-09 1.6761E-09 1.6733E-09 1.6702E-09 1.6668E-09 1.6632E-09 1.6593E-09 1.6552E-09 1.6508E-09 1.6463E-09 1.6415E-09 1.6256E-09 1.6205E-09 1.6153E-09 1.6044E-09 1.5988E-09 1.5930E-09
1.5877E-09 1.5961E-09 1.6043E-09 1.6122E-09 1.6199E-09 1.6273E-09 1.6345E-09 1.6414E-09 1.6481E-09 1.6545E-09 1.6607E-09 1.6665E-09 1.6721E-09 1.6775E-09 1.6825E-09 1.6873E-09 1.6918E-09 1.6959E-09 1.6999E-09 1.7035E-09 1.7068E-09 1.7098E-09 1.7126E-09 1.7150E-09 1.7172E-09 1.7190E-09 1.7206E-09 1.7218E-09 1.7228E-09 1.7235E-09 1.7238E-09 1.7239E-09 1.7237E-09 1.7232E-09 1.7224E-09 1.7214E-09 1.7200E-09 1.7184E-09 1.7164E-09 1.7142E-09 1.7118E-09 1.7090E-09 1.7060E-09 1.7028E-09 1.6992E-09 1.6954E-09 1.6914E-09 1.6871E-09 1.6826E-09 1.6778E-09 1.6728E-09 1.6676E-09 1.6621E-09 1.6564E-09 1.6505E-09 1.6336E-09 1.6275E-09
1.6197E-09 1.6283E-09 1.6367E-09 1.6448E-09 1.6527E-09 1.6603E-09 1.6677E-09 1.6748E-09 1.6816E-09 1.6882E-09 1.6945E-09 1.7005E-09 1.7062E-09 1.7116E-09 1.7168E-09 1.7217E-09 1.7262E-09 1.7305E-09 1.7345E-09 1.7382E-09 1.7416E-09 1.7446E-09 1.7474E-09 1.7499E-09 1.7520E-09 1.7539E-09 1.7554E-09 1.7567E-09 1.7576E-09 1.7583E-09 1.7586E-09 1.7586E-09 1.7584E-09 1.7578E-09 1.7569E-09 1.7558E-09 1.7543E-09 1.7525E-09 1.7505E-09 1.7482E-09 1.7456E-09 1.7427E-09 1.7396E-09 1.7361E-09 1.7324E-09 1.7285E-09 1.7243E-09 1.7198E-09 1.7151E-09 1.7101E-09 1.7049E-09 1.6994E-09 1.6937E-09 1.6878E-09 1.6817E-09 1.6754E-09 1.6688E-09
1.6524E-09 1.6613E-09 1.6699E-09 1.6782E-09 1.6863E-09 1.6941E-09 1.7016E-09 1.7089E-09 1.7159E-09 1.7226E-09 1.7291E-09 1.7352E-09 1.7411E-09 1.7467E-09 1.7519E-09 1.7569E-09 1.7616E-09 1.7659E-09 1.7700E-09 1.7737E-09 1.7772E-09 1.7803E-09 1.7831E-09 1.7856E-09 1.7878E-09 1.7896E-09 1.7912E-09 1.7924E-09 1.7933E-09 1.7939E-09 1.7942E-09 1.7942E-09 1.7938E-09 1.7932E-09 1.7922E-09 1.7910E-09 1.7894E-09 1.7876E-09 1.7854E-09 1.7830E-09 1.7802E-09 1.7772E-09 1.7739E-09 1.7703E-09 1.7664E-09 1.7623E-09 1.7579E-09 1.7532E-09 1.7483E-09 1.7431E-09 1.7377E-09 1.7320E-09 1.7261E-09 1.7200E-09 1.7136E-09 1.7070E-09 1.7002E-09
1.6860E-09 1.6950E-09 1.7038E-09 1.7124E-09 1.7207E-09 1.7287E-09 1.7365E-09 1.7439E-09 1.7511E-09 1.7580E-09 1.7646E-09 1.7709E-09 1.7769E-09 1.7826E-09 1.7880E-09 1.7930E-09 1.7978E-09 1.8023E-09 1.8064E-09 1.8102E-09 1.8137E-09 1.8168E-09 1.8197E-09 1.8222E-09 1.8244E-09 1.8263E-09 1.8278E-09 1.8290E-09 1.8299E-09 1.8305E-09 1.8307E-09 1.8306E-09 1.8302E-09 1.8295E-09 1.8284E-09 1.8271E-09 1.8254E-09 1.8234E-09 1.8211E-09 1.8186E-09 1.8157E-09 1.8125E-09 1.8090E-09 1.8053E-09 1.8012E-09 1.7969E-09 1.7923E-09 1.7874E-09 1.7823E-09 1.7769E-09 1.7712E-09 1.7653E-09 1.7592E-09 1.7528E-09 1.7462E-09 1.7394E-09 1.7323E-09
1.7203E-09 1.7296E-09 1.7387E-09 1.7474E-09 1.7560E-09 1.7642E-09 1.7721E-09 1.7798E-09 1.7871E-09 1.7942E-09 1.8009E-09 1.8074E-09 1.8135E-09 1.8194E-09 1.8249E-09 1.8301E-09 1.8349E-09 1.8395E-09 1.8437E-09 1.8475E-09 1.8511E-09 1.8543E-09 1.8572E-09 1.8597E-09 1.8619E-09 1.8638E-09 1.8653E-09 1.8665E-09 1.8674E-09 1.8679E-09 1.8681E-09 1.8679E-09 1.8674E-09 1.8666E-09 1.8655E-09 1.8640E-09 1.8623E-09 1.8602E-09 1.8577E-09 1.8550E-09 1.8520E-09 1.8486E-09 1.8450E-09 1.8411E-09 1.8368E-09 1.8323E-09 1.8275E-09 1.8224E-09 1.8171E-09 1.8115E-09 1.8056E-09 1.7994E-09 1.7930E-09 1.7864E-09 1.7795E-09 1.7724E-09 1.7651E-09
1.7555E-09 1.7651E-09 1.7743E-09 1.7834E-09 1.7921E-09 1.8005E-09 1.8087E-09 1.8165E-09 1.8241E-09 1.8313E-09 1.8382E-09 1.8448E-09 1.8511E-09 1.8571E-09 1.8627E-09 1.8680E-09 1.8730E-09 1.8776E-09 1.8819E-09 1.8858E-09 1.8894E-09 1.8927E-09 1.8956E-09 1.8982E-09 1.9004E-09 1.9022E-09 1.9038E-09 1.9049E-09 1.9057E-09 1.9062E-09 1.9064E-09 1.9061E-09 1.9056E-09 1.9047E-09 1.9035E-09 1.9019E-09 1.9000E-09 1.8978E-09 1.8952E-09 1.8924E-09 1.8892E-09 1.8856E-09 1.8818E-09 1.8777E-09 1.8733E-09 1.8686E-09 1.8635E-09 1.8583E-09 1.8527E-09 1.8468E-09 1.8407E-09 1.8343E-09 1.8277E-09 1.8208E-09 1.8136E-09 1.8063E-09 1.7986E-09
1.7916E-09 1.8014E-09 1.8109E-09 1.8201E-09 1.8291E-09 1.8378E-09 1.8461E-09 1.8542E-09 1.8619E-09 1.8693E-09 1.8764E-09 1.8832E-09 1.8896E-09 1.8957E-09 1.9015E-09 1.9069E-09 1.9119E-09 1.9167E-09 1.9210E-09 1.9250E-09 1.9287E-09 1.9320E-09 1.9350E-09 1.9375E-09 1.9398E-09 1.9416E-09 1.9431E-09 1.9443E-09 1.9451E-09 1.9455E-09 1.9456E-09 1.9453E-09 1.9447E-09 1.9437E-09 1.9424E-09 1.9407E-09 1.9387E-09 1.9363E-09 1.9336E-09 1.9306E-09 1.9272E-09 1.9235E-09 1.9195E-09 1.9152E-09 1.9106E-09 1.9057E-09 1.9004E-09 1.8949E-09 1.8891E-09 1.8830E-09 1.8766E-09 1.8700E-09 1.8631E-09 1.8559E-09 1.8485E-09 1.8408E-09 1.8329E-09
1.8285E-09 1.8385E-09 1.8483E-09 1.8578E-09 1.8670E-09 1.8759E-09 1.8845E-09 1.8927E-09 1.9007E-09 1.9083E-09 1.9155E-09 1.9225E-09 1.9290E-09 1.9353E-09 1.9412E-09 1.9467E-09 1.9519E-09 1.9567E-09 1.9611E-09 1.9652E-09 1.9690E-09 1.9723E-09 1.9753E-09 1.9779E-09 1.9801E-09 1.9820E-09 1.9835E-09 1.9846E-09 1.9854E-09 1.9858E-09 1.9858E-09 1.9854E-09 1.9847E-09 1.9836E-09 1.9822E-09 1.9804E-09 1.9782E-09 1.9758E-09 1.9729E-09 1.9697E-09 1.9662E-09 1.9623E-09 1.9581E-09 1.9536E-09 1.9488E-09 1.9436E-09 1.9382E-09 1.9324E-09 1.9264E-09 1.9200E-09 1.9134E-09 1.9065E-09 1.8993E-09 1.8919E-09 1.8842E-09 1.8762E-09 1.8680E-09
1.8663E-09 1.8766E-09 1.8867E-09 1.8964E-09 1.9059E-09 1.9150E-09 1.9238E-09 1.9322E-09 1.9404E-09 1.9482E-09 1.9556E-09 1.9627E-09 1.9695E-09 1.9758E-09 1.9819E-09 1.9875E-09 1.9928E-09 1.9977E-09 2.0022E-09 2.0064E-09 2.0102E-09 2.0136E-09 2.0166E-09 2.0192E-09 2.0215E-09 2.0234E-09 2.0248E-09 2.0259E-09 2.0267E-09 2.0270E-09 2.0269E-09 2.0265E-09 2.0257E-09 2.0245E-09 2.0230E-09 2.0211E-09 2.0188E-09 2.0161E-09 2.0131E-09 2.0098E-09 2.0061E-09 2.0020E-09 1.9977E-09 1.9929E-09 1.9879E-09 1.9825E-09 1.9768E-09 1.9708E-09 1.9645E-09 1.9579E-09 1.9510E-09 1.9438E-09 1.9363E-09 1.9286E-09 1.9206E-09 1.9124E-09 1.9038E-09
1.9050E-09 1.9156E-09 1.9259E-09 1.9360E-09 1.9456E-09 1.9550E-09 1.9640E-09 1.9727E-09 1.9811E-09 1.9890E-09 1.9967E-09 2.0040E-09 2.0109E-09 2.0174E-09 2.0235E-09 2.0293E-09 2.0347E-09 2.0397E-09 2.0444E-09 2.0486E-09 2.0524E-09 2.0559E-09 2.0589E-09 2.0616E-09 2.0639E-09 2.0657E-09 2.0672E-09 2.0683E-09 2.0689E-09 2.0692E-09 2.0691E-09 2.0686E-09 2.0677E-09 2.0664E-09 2.0648E-09 2.0627E-09 2.0603E-09 2.0575E-09 2.0544E-09 2.0508E-09 2.0469E-09 2.0427E-09 2.0381E-09 2.0332E-09 2.0279E-09 2.0223E-09 2.0163E-09 2.0101E-09 2.0035E-09 1.9966E-09 1.9895E-09 1.9820E-09 1.9742E-09 1.9662E-09 1.9579E-09 1.9493E-09 1.9405E-09
1.9446E-09 1.9556E-09 1.9662E-09 1.9764E-09 1.9864E-09 1.9960E-09 2.0053E-09 2.0142E-09 2.0227E-09 2.0309E-09 2.0388E-09 2.0462E-09 2.0533E-09 2.0600E-09 2.0663E-09 2.0722E-09 2.0777E-09 2.0828E-09 2.0875E-09 2.0918E-09 2.0957E-09 2.0992E-09 2.1023E-09 2.1050E-09 2.1073E-09 2.1091E-09 2.1106E-09 2.1116E-09 2.1123E-09 2.1125E-09 2.1123E-09 2.1117E-09 2.1107E-09 2.1093E-09 2.1076E-09 2.1054E-09 2.1028E-09 2.0999E-09 2.0965E-09 2.0928E-09 2.0888E-09 2.0843E-09 2.0795E-09 2.0743E-09 2.0688E-09 2.0630E-09 2.0568E-09 2.0503E-09 2.0434E-09 2.0363E-09 2.0288E-09 2.0210E-09 2.0130E-09 2.0046E-09 1.9960E-09 1.9871E-09 1.9779E-09
1.9853E-09 1.9965E-09 2.0074E-09 2.0179E-09 2.0281E-09 2.0380E-09 2.0475E-09 2.0567E-09 2.0654E-09 2.0738E-09 2.0819E-09 2.0895E-09 2.0967E-09 2.1036E-09 2.1100E-09 2.1161E-09 2.1217E-09 2.1269E-09 2.1317E-09 2.1361E-09 2.1401E-09 2.1436E-09 2.1468E-09 2.1495E-09 2.1517E-09 2.1536E-09 2.1550E-09 2.1560E-09 2.1566E-09 2.1568E-09 2.1565E-09 2.1559E-09 2.1548E-09 2.1533E-09 2.1514E-09 2.1491E-09 2.1463E-09 2.1432E-09 2.1397E-09 2.1358E-09 2.1316E-09 2.1269E-09 2.1219E-09 2.1165E-09 2.1107E-09 2.1046E-09 2.0982E-09 2.0914E-09 2.0843E-09 2.0768E-09 2.0691E-09 2.0610E-09 2.0526E-09 2.0439E-09 2.0350E-09 2.0257E-09 2.0162E-09
2.0268E-09 2.0384E-09 2.0495E-09 2.0604E-09 2.0709E-09 2.0810E-09 2.0908E-09 2.1002E-09 2.1092E-09 2.1178E-09 2.1260E-09 2.1338E-09 2.1412E-09 2.1482E-09 2.1548E-09 2.1610E-09 2.1668E-09 2.1721E-09 2.1770E-09 2.1815E-09 2.1855E-09 2.1891E-09 2.1923E-09 2.1950E-09 2.1973E-09 2.1991E-09 2.2006E-09 2.2015E-09 2.2021E-09 2.2022E-09 2.2018E-09 2.2011E-09 2.1999E-09 2.1983E-09 2.1962E-09 2.1938E-09 2.1909E-09 2.1876E-09 2.1839E-09 2.1799E-09 2.1754E-09 2.1705E-09 2.1653E-09 2.1596E-09 2.1536E-09 2.1473E-09 2.1405E-09 2.1335E-09 2.1260E-09 2.1183E-09 2.1102E-09 2.1018E-09 2.0931E-09 2.0841E-09 2.0748E-09 2.0652E-09 2.0553E-09
2.0694E-09 2.0812E-09 2.0927E-09 2.1039E-09 2.1146E-09 2.1250E-09 2.1351E-09 2.1447E-09 2.1539E-09 2.1628E-09 2.1712E-09 2.1792E-09 2.1868E-09 2.1940E-09 2.2008E-09 2.2071E-09 2.2129E-09 2.2184E-09 2.2234E-09 2.2279E-09 2.2320E-09 2.2357E-09 2.2389E-09 2.2416E-09 2.2439E-09 2.2458E-09 2.2472E-09 2.2481E-09 2.2486E-09 2.2486E-09 2.2482E-09 2.2474E-09 2.2461E-09 2.2443E-09 2.2422E-09 2.2396E-09 2.2365E-09 2.2331E-09 2.2292E-09 2.2249E-09 2.2202E-09 2.2151E-09 2.2096E-09 2.2038E-09 2.1975E-09 2.1909E-09 2.1839E-09 2.1765E-09 2.1688E-09 2.1607E-09 2.1523E-09 2.1436E-09 2.1345E-09 2.1252E-09 2.1155E-09 2.1056E-09 2.0953E-09
2.1130E-09 2.1251E-09 2.1370E-09 2.1484E-09 2.1595E-09 2.1701E-09 2.1804E-09 2.1903E-09 2.1998E-09 2.2089E-09 2.2175E-09 2.2257E-09 2.2335E-09 2.2409E-09 2.2478E-09 2.2542E-09 2.2602E-09 2.2658E-09 2.2709E-09 2.2755E-09 2.2797E-09 2.2834E-09 2.2866E-09 2.2894E-09 2.2917E-09 2.2936E-09 2.2949E-09 2.2958E-09 2.2963E-09 2.2962E-09 2.2957E-09 2.2948E-09 2.2934E-09 2.2915E-09 2.2892E-09 2.2864E-09 2.2832E-09 2.2796E-09 2.2755E-09 2.2710E-09 2.2661E-09 2.2608E-09 2.2551E-09 2.2489E-09 2.2424E-09 2.2355E-09 2.2282E-09 2.2205E-09 2.2125E-09 2.2041E-09 2.1954E-09 2.1863E-09 2.1769E-09 2.1672E-09 2.1571E-09 2.1468E-09 2.1362E-09
2.1576E-09 2.1701E-09 2.1822E-09 2.1940E-09 2.2053E-09 2.2163E-09 2.2269E-09 2.2370E-09 2.2467E-09 2.2560E-09 2.2649E-09 2.2733E-09 2.2813E-09 2.2888E-09 2.2959E-09 2.3025E-09 2.3087E-09 2.3143E-09 2.3195E-09 2.3243E-09 2.3285E-09 2.3323E-09 2.3355E-09 2.3383E-09 2.3406E-09 2.3425E-09 2.3438E-09 2.3447E-09 2.3451E-09 2.3450E-09 2.3444E-09 2.3433E-09 2.3418E-09 2.3398E-09 2.3373E-09 2.3344E-09 2.3310E-09 2.3272E-09 2.3229E-09 2.3182E-09 2.3131E-09 2.3075E-09 2.3015E-09 2.2951E-09 2.2883E-09 2.2811E-09 2.2735E-09 2.2655E-09 2.2572E-09 2.2484E-09 2.2394E-09 2.2299E-09 2.2202E-09 2.2101E-09 2.1997E-09 2.1890E-09 2.1780E-09
2.2032E-09 2.2161E-09 2.2285E-09 2.2406E-09 2.2523E-09 2.2636E-09 2.2744E-09 2.2848E-09 2.2948E-09 2.3044E-09 2.3135E-09 2.3221E-09 2.3303E-09 2.3380E-09 2.3452E-09 2.3520E-09 2.3582E-09 2.3640E-09 2.3693E-09 2.3741E-09 2.3785E-09 2.3823E-09 2.3856E-09 2.3884E-09 2.3907E-09 2.3925E-09 2.3939E-09 2.3947E-09 2.3950E-09 2.3948E-09 2.3942E-09 2.3930E-09 2.3914E-09 2.3892E-09 2.3866E-09 2.3835E-09 2.3800E-09 2.3759E-09 2.3715E-09 2.3665E-09 2.3611E-09 2.3553E-09 2.3491E-09 2.3424E-09 2.3353E-09 2.3278E-09 2.3198E-09 2.3115E-09 2.3029E-09 2.2938E-09 2.2844E-09 2.2746E-09 2.2644E-09 2.2540E-09 2.2432E-09 2.2321E-09 2.2206E-09
2.2499E-09 2.2631E-09 2.2760E-09 2.2884E-09 2.3004E-09 2.3119E-09 2.3231E-09 2.3338E-09 2.3440E-09 2.3538E-09 2.3631E-09 2.3720E-09 2.3804E-09 2.3883E-09 2.3957E-09 2.4026E-09 2.4090E-09 2.4149E-09 2.4203E-09 2.4252E-09 2.4296E-09 2.4335E-09 2.4368E-09 2.4397E-09 2.4420E-09 2.4438E-09 2.4451E-09 2.4459E-09 2.4461E-09 2.4459E-09 2.4451E-09 2.4439E-09 2.4421E-09 2.4398E-09 2.4370E-09 2.4338E-09 2.4300E-09 2.4258E-09 2.4211E-09 2.4159E-09 2.4103E-09 2.4042E-09 2.3977E-09 2.3907E-09 2.3833E-09 2.3755E-09 2.3672E-09 2.3586E-09 2.3496E-09 2.3401E-09 2.3303E-09 2.3202E-09 2.3097E-09 2.2988E-09 2.2876E-09 2.2761E-09 2.2642E-09
2.2977E-09 2.3113E-09 2.3245E-09 2.3372E-09 2.3496E-09 2.3614E-09 2.3729E-09 2.3839E-09 2.3944E-09 2.4044E-09 2.4140E-09 2.4231E-09 2.4317E-09 2.4398E-09 2.4473E-09 2.4544E-09 2.4610E-09 2.4670E-09 2.4725E-09 2.4775E-09 2.4820E-09 2.4859E-09 2.4893E-09 2.4922E-09 2.4945E-09 2.4963E-09 2.4976E-09 2.4983E-09 2.4985E-09 2.4981E-09 2.4973E-09 2.4959E-09 2.4940E-09 2.4916E-09 2.4886E-09 2.4852E-09 2.4813E-09 2.4768E-09 2.4719E-09 2.4665E-09 2.4606E-09 2.4542E-09 2.4474E-09 2.4402E-09 2.4324E-09 2.4243E-09 2.4157E-09 2.4067E-09 2.3973E-09 2.3875E-09 2.3774E-09 2.3668E-09 2.3559E-09 2.3446E-09 2.3330E-09 2.3210E-09 2.3088E-09
2.3466E-09 2.3606E-09 2.3741E-09 2.3872E-09 2.3999E-09 2.4121E-09 2.4239E-09 2.4351E-09 2.4459E-09 2.4562E-09 2.4661E-09 2.4754E-09 2.4842E-09 2.4925E-09 2.5002E-09 2.5075E-09 2.5142E-09 2.5203E-09 2.5260E-09 2.5310E-09 2.5356E-09 2.5396E-09 2.5430E-09 2.5459E-09 2.5482E-09 2.5500E-09 2.5512E-09 2.5519E-09 2.5520E-09 2.5516E-09 2.5506E-09 2.5491E-09 2.5471E-09 2.5445E-09 2.5414E-09 2.5378E-09 2.5337E-09 2.5290E-09 2.5238E-09 2.5182E-09 2.5120E-09 2.5054E-09 2.4983E-09 2.4907E-09 2.4827E-09 2.4742E-09 2.4653E-09 2.4559E-09 2.4462E-09 2.4360E-09 2.4254E-09 2.4145E-09 2.4031E-09 2.3914E-09 2.3794E-09 2.3670E-09 2.3542E-09
2.3966E-09 2.4110E-09 2.4249E-09 2.4384E-09 2.4514E-09 2.4639E-09 2.4760E-09 2.4876E-09 2.4987E-09 2.5092E-09 2.5193E-09 2.5289E-09 2.5379E-09 2.5464E-09 2.5543E-09 2.5617E-09 2.5686E-09 2.5749E-09 2.5806E-09 2.5858E-09 2.5904E-09 2.5945E-09 2.5979E-09 2.6008E-09 2.6032E-09 2.6049E-09 2.6061E-09 2.6068E-09 2.6068E-09 2.6063E-09 2.6053E-09 2.6036E-09 2.6014E-09 2.5987E-09 2.5954E-09 2.5916E-09 2.5873E-09 2.5824E-09 2.5770E-09 2.5710E-09 2.5646E-09 2.5577E-09 2.5503E-09 2.5424E-09 2.5340E-09 2.5252E-09 2.5159E-09 2.5062E-09 2.4961E-09 2.4855E-09 2.4745E-09 2.4631E-09 2.4514E-09 2.4392E-09 2.4267E-09 2.4139E-09 2.4007E-09
2.4478E-09 2.4625E-09 2.4768E-09 2.4907E-09 2.5041E-09 2.5169E-09 2.5293E-09 2.5412E-09 2.5526E-09 2.5635E-09 2.5738E-09 2.5836E-09 2.5928E-09 2.6015E-09 2.6097E-09 2.6173E-09 2.6243E-09 2.6307E-09 2.6366E-09 2.6418E-09 2.6465E-09 2.6506E-09 2.6542E-09 2.6571E-09 2.6594E-09 2.6612E-09 2.6623E-09 2.6629E-09 2.6629E-09 2.6623E-09 2.6611E-09 2.6594E-09 2.6570E-09 2.6541E-09 2.6507E-09 2.6466E-09 2.6421E-09 2.6369E-09 2.6313E-09 2.6251E-09 2.6184E-09 2.6112E-09 2.6035E-09 2.5952E-09 2.5865E-09 2.5773E-09 2.5677E-09 2.5576E-09 2.5470E-09 2.5361E-09 2.5247E-09 2.5129E-09 2.5007E-09 2.4881E-09 2.4751E-09 2.4618E-09 2.4481E-09
2.5382E-09 2.5535E-09 2.5684E-09 2.5827E-09 2.5964E-09 2.6096E-09 2.6222E-09 2.6342E-09 2.6456E-09 2.6564E-09 2.6295E-09 2.6396E-09 2.6491E-09 2.6580E-09 2.6663E-09 2.6741E-09 2.6812E-09 2.6878E-09 2.6938E-09 2.6992E-09 2.7039E-09 2.7081E-09 2.7117E-09 2.7146E-09 2.7169E-09 2.7187E-09 2.7198E-09 2.7203E-09 2.7202E-09 2.7195E-09 2.7182E-09 2.7163E-09 2.7139E-09 2.7108E-09 2.7071E-09 2.7029E-09 2.6981E-09 2.6928E-09 2.6868E-09 2.6804E-09 2.6734E-09 2.6659E-09 2.6578E-09 2.6492E-09 2.6402E-09 2.6306E-09 2.6206E-09 2.6101E-09 2.5991E-09 2.5877E-09 2.5759E-09 2.5637E-09 2.5510E-09 2.5379E-09 2.5245E-09 2.5107E-09 2.4965E-09
