Assets/Resources/2015_m01_d25_1700(utc+0800)_l00_csi_1hr_conc.grd
DSAA
         159         159
     -79.000      79.000
     -79.000      79.000
  0.0000E+00  0.4990E-04
[rows 0 to 24 of 159, columns 57 to 113 of 159]
7.6777E-11 8.5598E-11 1.0062E-10 1.1419E-10 1.3084E-10 1.4668E-10 1.6217E-10 1.8070E-10 1.9895E-10 2.1857E-10 2.3960E-10 2.6486E-10 2.8912E-10 3.1616E-10 3.4363E-10 3.7384E-10 4.0453E-10 4.3677E-10 4.7173E-10 5.0706E-10 5.4382E-10 5.8194E-10 6.2255E-10 6.6319E-10 7.0490E-10 7.4753E-10 7.9095E-10 8.3619E-10 8.8074E-10 9.2555E-10 9.7041E-10 1.0151E-09 1.0595E-09 1.1032E-09 1.1462E-09 1.1880E-09 1.2286E-09 1.2676E-09 1.3061E-09 1.3413E-09 1.3744E-09 1.4050E-09 1.4329E-09 1.4580E-09 1.4802E-09 1.4992E-09 1.5138E-09 1.5261E-09 1.5350E-09 1.5404E-09 1.5422E-09 1.5405E-09 1.5351E-09 1.5263E-09 1.5140E-09 1.4983E-09 1.4793E-09
7.9925E-11 9.1901E-11 1.0501E-10 1.2152E-10 1.3872E-10 1.5372E-10 1.7179E-10 1.8959E-10 2.0879E-10 2.2942E-10 2.5310E-10 2.7837E-10 3.0523E-10 3.3254E-10 3.6277E-10 3.9350E-10 4.2589E-10 4.6121E-10 4.9696E-10 5.3428E-10 5.7437E-10 6.1475E-10 6.5647E-10 6.9945E-10 7.4477E-10 7.8993E-10 8.3593E-10 8.8259E-10 9.2974E-10 9.7716E-10 1.0247E-09 1.0732E-09 1.1202E-09 1.1666E-09 1.2121E-09 1.2564E-09 1.2994E-09 1.3408E-09 1.3803E-09 1.4176E-09 1.4526E-09 1.4850E-09 1.5147E-09 1.5413E-09 1.5647E-09 1.5849E-09 1.6015E-09 1.6146E-09 1.6240E-09 1.6297E-09 1.6315E-09 1.6296E-09 1.6239E-09 1.6145E-09 1.6003E-09 1.5836E-09 1.5635E-09
8.3034E-11 9.5599E-11 1.0937E-10 1.2890E-10 1.4508E-10 1.6261E-10 1.7989E-10 1.9857E-10 2.1872E-10 2.4039E-10 2.6686E-10 2.9341E-10 3.2165E-10 3.5053E-10 3.8115E-10 4.1479E-10 4.4903E-10 4.8502E-10 5.2398E-10 5.6344E-10 6.0451E-10 6.4712E-10 6.9243E-10 7.3789E-10 7.8454E-10 8.3224E-10 8.8083E-10 9.3136E-10 9.8123E-10 1.0314E-09 1.0817E-09 1.1318E-09 1.1814E-09 1.2305E-09 1.2786E-09 1.3255E-09 1.3710E-09 1.4147E-09 1.4565E-09 1.4960E-09 1.5330E-09 1.5673E-09 1.5986E-09 1.6267E-09 1.6515E-09 1.6728E-09 1.6904E-09 1.7043E-09 1.7142E-09 1.7202E-09 1.7221E-09 1.7201E-09 1.7140E-09 1.7040E-09 1.6901E-09 1.6724E-09 1.6511E-09
8.6090E-11 9.9248E-11 1.1642E-10 1.3443E-10 1.5325E-10 1.6994E-10 1.8804E-10 2.0762E-10 2.2873E-10 2.5322E-10 2.8084E-10 3.0872E-10 3.3725E-10 3.6883E-10 4.0115E-10 4.3533E-10 4.7262E-10 5.1061E-10 5.5041E-10 5.9319E-10 6.3656E-10 6.8154E-10 7.2806E-10 7.7598E-10 8.2642E-10 8.7679E-10 9.2812E-10 9.8020E-10 1.0328E-09 1.0858E-09 1.1388E-09 1.1917E-09 1.2454E-09 1.2972E-09 1.3480E-09 1.3975E-09 1.4456E-09 1.4918E-09 1.5359E-09 1.5776E-09 1.6167E-09 1.6529E-09 1.6860E-09 1.7157E-09 1.7419E-09 1.7643E-09 1.7829E-09 1.7974E-09 1.8078E-09 1.8141E-09 1.8161E-09 1.8127E-09 1.8063E-09 1.7957E-09 1.7810E-09 1.7623E-09 1.7397E-09
8.9078E-11 1.0585E-10 1.2349E-10 1.4204E-10 1.5984E-10 1.7729E-10 1.9621E-10 2.1669E-10 2.3878E-10 2.6624E-10 2.9504E-10 3.2310E-10 3.5432E-10 3.8632E-10 4.2149E-10 4.5750E-10 4.9549E-10 5.3665E-10 5.7860E-10 6.2242E-10 6.6805E-10 7.1662E-10 7.6566E-10 8.1619E-10 8.6806E-10 9.2112E-10 9.7518E-10 1.0313E-09 1.0868E-09 1.1426E-09 1.1986E-09 1.2543E-09 1.3097E-09 1.3643E-09 1.4178E-09 1.4701E-09 1.5207E-09 1.5694E-09 1.6159E-09 1.6599E-09 1.7011E-09 1.7393E-09 1.7741E-09 1.8055E-09 1.8330E-09 1.8567E-09 1.8762E-09 1.8915E-09 1.9025E-09 1.9090E-09 1.9111E-09 1.9087E-09 1.9019E-09 1.8906E-09 1.8750E-09 1.8552E-09 1.8301E-09
9.5254E-11 1.0958E-10 1.2816E-10 1.4773E-10 1.6642E-10 1.8463E-10 2.0438E-10 2.2576E-10 2.5083E-10 2.7942E-10 3.0821E-10 3.3894E-10 3.7045E-10 4.0529E-10 4.4101E-10 4.7880E-10 5.1999E-10 5.6202E-10 6.0607E-10 6.5337E-10 7.0139E-10 7.5123E-10 8.0278E-10 8.5590E-10 9.1171E-10 9.6757E-10 1.0245E-09 1.0823E-09 1.1407E-09 1.1994E-09 1.2583E-09 1.3170E-09 1.3752E-09 1.4339E-09 1.4904E-09 1.5454E-09 1.5987E-09 1.6500E-09 1.6989E-09 1.7452E-09 1.7886E-09 1.8288E-09 1.8654E-09 1.8984E-09 1.9274E-09 1.9522E-09 1.9727E-09 1.9888E-09 1.9993E-09 2.0059E-09 2.0080E-09 2.0054E-09 1.9982E-09 1.9862E-09 1.9697E-09 1.9488E-09 1.9236E-09
9.8284E-11 1.1628E-10 1.3539E-10 1.5553E-10 1.7296E-10 1.9193E-10 2.1252E-10 2.3481E-10 2.6302E-10 2.9275E-10 3.2284E-10 3.5496E-10 3.8807E-10 4.2331E-10 4.6202E-10 5.0174E-10 5.4363E-10 5.8898E-10 6.3528E-10 6.8366E-10 7.3405E-10 7.8760E-10 8.4178E-10 8.9763E-10 9.5498E-10 1.0137E-09 1.0734E-09 1.1341E-09 1.1968E-09 1.2586E-09 1.3205E-09 1.3822E-09 1.4434E-09 1.5038E-09 1.5631E-09 1.6210E-09 1.6770E-09 1.7309E-09 1.7824E-09 1.8310E-09 1.8766E-09 1.9188E-09 1.9573E-09 1.9919E-09 2.0223E-09 2.0484E-09 2.0699E-09 2.0867E-09 2.0987E-09 2.1058E-09 2.1079E-09 2.1051E-09 2.0973E-09 2.0847E-09 2.0661E-09 2.0440E-09 2.0174E-09
1.0450E-10 1.2006E-10 1.4013E-10 1.6132E-10 1.7945E-10 1.9918E-10 2.2059E-10 2.4600E-10 2.7531E-10 3.0619E-10 3.3760E-10 3.7000E-10 4.0586E-10 4.4284E-10 4.8209E-10 5.2492E-10 5.6888E-10 6.1513E-10 6.6362E-10 7.1559E-10 7.6848E-10 8.2338E-10 8.8018E-10 9.3873E-10 1.0001E-09 1.0617E-09 1.1245E-09 1.1882E-09 1.2526E-09 1.3175E-09 1.3824E-09 1.4472E-09 1.5115E-09 1.5749E-09 1.6383E-09 1.6990E-09 1.7579E-09 1.8144E-09 1.8684E-09 1.9195E-09 1.9673E-09 2.0115E-09 2.0519E-09 2.0882E-09 2.1200E-09 2.1461E-09 2.1686E-09 2.1862E-09 2.1987E-09 2.2060E-09 2.2082E-09 2.2051E-09 2.1969E-09 2.1835E-09 2.1651E-09 2.1418E-09 2.1137E-09
1.0753E-10 1.2687E-10 1.4748E-10 1.6704E-10 1.8585E-10 2.0633E-10 2.2857E-10 2.5728E-10 2.8768E-10 3.1972E-10 3.5128E-10 3.8641E-10 4.2266E-10 4.6253E-10 5.0365E-10 5.4719E-10 5.9315E-10 6.4281E-10 6.9363E-10 7.4674E-10 8.0208E-10 8.6082E-10 9.2035E-10 9.8172E-10 1.0448E-09 1.1093E-09 1.1750E-09 1.2418E-09 1.3105E-09 1.3785E-09 1.4466E-09 1.5145E-09 1.5819E-09 1.6483E-09 1.7136E-09 1.7772E-09 1.8388E-09 1.8981E-09 1.9546E-09 2.0081E-09 2.0582E-09 2.1045E-09 2.1468E-09 2.1847E-09 2.2180E-09 2.2466E-09 2.2700E-09 2.2883E-09 2.3013E-09 2.3089E-09 2.3110E-09 2.3064E-09 2.2977E-09 2.2835E-09 2.2641E-09 2.2396E-09 2.2100E-09
1.1043E-10 1.3364E-10 1.5480E-10 1.7265E-10 1.9214E-10 2.1337E-10 2.3885E-10 2.6861E-10 3.0012E-10 3.3333E-10 3.6633E-10 4.0170E-10 4.4083E-10 4.8122E-10 5.2413E-10 5.7089E-10 6.1897E-10 6.6957E-10 7.2265E-10 7.7947E-10 8.3738E-10 8.9753E-10 9.5977E-10 1.0239E-09 1.0911E-09 1.1587E-09 1.2275E-09 1.2974E-09 1.3680E-09 1.4391E-09 1.5104E-09 1.5814E-09 1.6519E-09 1.7215E-09 1.7897E-09 1.8563E-09 1.9207E-09 1.9827E-09 2.0419E-09 2.0978E-09 2.1502E-09 2.1986E-09 2.2428E-09 2.2824E-09 2.3172E-09 2.3469E-09 2.3714E-09 2.3905E-09 2.4039E-09 2.4117E-09 2.4138E-09 2.4102E-09 2.4008E-09 2.3858E-09 2.3653E-09 2.3382E-09 2.3072E-09
1.1676E-10 1.3752E-10 1.5968E-10 1.7814E-10 1.9830E-10 2.2026E-10 2.4917E-10 2.7998E-10 3.1259E-10 3.4583E-10 3.8144E-10 4.1838E-10 4.5787E-10 5.0125E-10 5.4608E-10 5.9356E-10 6.4369E-10 6.9781E-10 7.5328E-10 8.1128E-10 8.7173E-10 9.3580E-10 1.0008E-09 1.0679E-09 1.1368E-09 1.2074E-09 1.2793E-09 1.3523E-09 1.4261E-09 1.5017E-09 1.5761E-09 1.6504E-09 1.7241E-09 1.7968E-09 1.8681E-09 1.9376E-09 2.0050E-09 2.0697E-09 2.1315E-09 2.1899E-09 2.2445E-09 2.2951E-09 2.3411E-09 2.3824E-09 2.4187E-09 2.4496E-09 2.4750E-09 2.4948E-09 2.5087E-09 2.5154E-09 2.5174E-09 2.5135E-09 2.5035E-09 2.4877E-09 2.4661E-09 2.4389E-09 2.4063E-09
1.2305E-10 1.4434E-10 1.6442E-10 1.8347E-10 2.0429E-10 2.2959E-10 2.5952E-10 2.9137E-10 3.2509E-10 3.5959E-10 3.9542E-10 4.3383E-10 4.7627E-10 5.2018E-10 5.6683E-10 6.1762E-10 6.6993E-10 7.2501E-10 7.8280E-10 8.4458E-10 9.0767E-10 9.7320E-10 1.0410E-09 1.1110E-09 1.1828E-09 1.2578E-09 1.3328E-09 1.4090E-09 1.4861E-09 1.5636E-09 1.6413E-09 1.7188E-09 1.7956E-09 1.8715E-09 1.9459E-09 2.0184E-09 2.0887E-09 2.1562E-09 2.2206E-09 2.2815E-09 2.3384E-09 2.3910E-09 2.4390E-09 2.4820E-09 2.5197E-09 2.5518E-09 2.5782E-09 2.5987E-09 2.6130E-09 2.6211E-09 2.6230E-09 2.6186E-09 2.6080E-09 2.5900E-09 2.5673E-09 2.5388E-09 2.5045E-09
1.2595E-10 1.4815E-10 1.6900E-10 1.8863E-10 2.1008E-10 2.3893E-10 2.6986E-10 3.0276E-10 3.3757E-10 3.7213E-10 4.1064E-10 4.5066E-10 4.9345E-10 5.4041E-10 5.8903E-10 6.4054E-10 6.9495E-10 7.5362E-10 8.1385E-10 8.7685E-10 9.4253E-10 1.0121E-09 1.0828E-09 1.1557E-09 1.2306E-09 1.3073E-09 1.3855E-09 1.4649E-09 1.5451E-09 1.6276E-09 1.7086E-09 1.7894E-09 1.8695E-09 1.9485E-09 2.0260E-09 2.1016E-09 2.1747E-09 2.2451E-09 2.3121E-09 2.3754E-09 2.4347E-09 2.4894E-09 2.5392E-09 2.5838E-09 2.6229E-09 2.6563E-09 2.6835E-09 2.7029E-09 2.7177E-09 2.7260E-09 2.7277E-09 2.7229E-09 2.7117E-09 2.6940E-09 2.6700E-09 2.6400E-09 2.6036E-09
1.3224E-10 1.5498E-10 1.7340E-10 1.9359E-10 2.1845E-10 2.4827E-10 2.8019E-10 3.1413E-10 3.4875E-10 3.8595E-10 4.2464E-10 4.6745E-10 5.1197E-10 5.5945E-10 6.0992E-10 6.6481E-10 7.2144E-10 7.8108E-10 8.4367E-10 9.1053E-10 9.7889E-10 1.0499E-09 1.1234E-09 1.1993E-09 1.2772E-09 1.3587E-09 1.4401E-09 1.5228E-09 1.6064E-09 1.6905E-09 1.7748E-09 1.8588E-09 1.9421E-09 2.0243E-09 2.1049E-09 2.1835E-09 2.2596E-09 2.3327E-09 2.4024E-09 2.4682E-09 2.5297E-09 2.5865E-09 2.6382E-09 2.6845E-09 2.7250E-09 2.7595E-09 2.7876E-09 2.8093E-09 2.8244E-09 2.8327E-09 2.8342E-09 2.8272E-09 2.8152E-09 2.7966E-09 2.7714E-09 2.7399E-09 2.7023E-09
1.3846E-10 1.5869E-10 1.7760E-10 1.9833E-10 2.2682E-10 2.5759E-10 2.9049E-10 3.2544E-10 3.6123E-10 3.9845E-10 4.3990E-10 4.8303E-10 5.2917E-10 5.7977E-10 6.3223E-10 6.8784E-10 7.4791E-10 8.0990E-10 8.7497E-10 9.4305E-10 1.0140E-09 1.0895E-09 1.1659E-09 1.2448E-09 1.3259E-09 1.4088E-09 1.4934E-09 1.5793E-09 1.6661E-09 1.7535E-09 1.8411E-09 1.9284E-09 2.0149E-09 2.1021E-09 2.1858E-09 2.2675E-09 2.3465E-09 2.4223E-09 2.4947E-09 2.5629E-09 2.6267E-09 2.6856E-09 2.7391E-09 2.7870E-09 2.8288E-09 2.8626E-09 2.8917E-09 2.9140E-09 2.9294E-09 2.9377E-09 2.9390E-09 2.9332E-09 2.9204E-09 2.9007E-09 2.8742E-09 2.8394E-09 2.8001E-09
1.4130E-10 1.6220E-10 1.8158E-10 2.0575E-10 2.3516E-10 2.6687E-10 3.0075E-10 3.3667E-10 3.7362E-10 4.1225E-10 4.5383E-10 4.9982E-10 5.4771E-10 5.9880E-10 6.5447E-10 7.1219E-10 7.7319E-10 8.3745E-10 9.0491E-10 9.7727E-10 1.0510E-09 1.1276E-09 1.2069E-09 1.2888E-09 1.3729E-09 1.4590E-09 1.5467E-09 1.6376E-09 1.7278E-09 1.8185E-09 1.9094E-09 2.0000E-09 2.0899E-09 2.1785E-09 2.2653E-09 2.3500E-09 2.4319E-09 2.5105E-09 2.5854E-09 2.6561E-09 2.7221E-09 2.7830E-09 2.8384E-09 2.8878E-09 2.9310E-09 2.9676E-09 2.9974E-09 3.0202E-09 3.0358E-09 3.0441E-09 3.0451E-09 3.0370E-09 3.0234E-09 3.0026E-09 2.9747E-09 2.9401E-09 2.8988E-09
1.4748E-10 1.6550E-10 1.8531E-10 2.1315E-10 2.4347E-10 2.7611E-10 3.1093E-10 3.4643E-10 3.8474E-10 4.2464E-10 4.6904E-10 5.1531E-10 5.6483E-10 6.1911E-10 6.7545E-10 7.3519E-10 8.0002E-10 8.6668E-10 9.3668E-10 1.0099E-09 1.0863E-09 1.1657E-09 1.2479E-09 1.3344E-09 1.4216E-09 1.5109E-09 1.6020E-09 1.6944E-09 1.7878E-09 1.8819E-09 1.9761E-09 2.0699E-09 2.1630E-09 2.2548E-09 2.3447E-09 2.4324E-09 2.5171E-09 2.6002E-09 2.6777E-09 2.7508E-09 2.8190E-09 2.8819E-09 2.9373E-09 2.9883E-09 3.0327E-09 3.0704E-09 3.1009E-09 3.1242E-09 3.1400E-09 3.1483E-09 3.1489E-09 3.1419E-09 3.1273E-09 3.1053E-09 3.0743E-09 3.0380E-09 2.9950E-09
1.4998E-10 1.6841E-10 1.9172E-10 2.2051E-10 2.5174E-10 2.8529E-10 3.2099E-10 3.5757E-10 3.9704E-10 4.3835E-10 4.8285E-10 5.3203E-10 5.8331E-10 6.3804E-10 6.9796E-10 7.5987E-10 8.2530E-10 8.9425E-10 9.6665E-10 1.0424E-09 1.1232E-09 1.2054E-09 1.2906E-09 1.3785E-09 1.4687E-09 1.5612E-09 1.6554E-09 1.7511E-09 1.8478E-09 1.9468E-09 2.0444E-09 2.1415E-09 2.2379E-09 2.3328E-09 2.4259E-09 2.5165E-09 2.6041E-09 2.6882E-09 2.7682E-09 2.8437E-09 2.9141E-09 2.9789E-09 3.0377E-09 3.0901E-09 3.1358E-09 3.1744E-09 3.2056E-09 3.2293E-09 3.2452E-09 3.2532E-09 3.2517E-09 3.2440E-09 3.2285E-09 3.2053E-09 3.1746E-09 3.1366E-09 3.0915E-09
1.5225E-10 1.7101E-10 1.9798E-10 2.2762E-10 2.5976E-10 2.9423E-10 3.2925E-10 3.6858E-10 4.0799E-10 4.5193E-10 4.9794E-10 5.4736E-10 6.0196E-10 6.5860E-10 7.1887E-10 7.8280E-10 8.5039E-10 9.2162E-10 9.9820E-10 1.0766E-09 1.1584E-09 1.2435E-09 1.3315E-09 1.4223E-09 1.5157E-09 1.6130E-09 1.7105E-09 1.8094E-09 1.9095E-09 2.0101E-09 2.1109E-09 2.2113E-09 2.3108E-09 2.4089E-09 2.5050E-09 2.5985E-09 2.6890E-09 2.7757E-09 2.8582E-09 2.9360E-09 3.0084E-09 3.0751E-09 3.1356E-09 3.1895E-09 3.2363E-09 3.2758E-09 3.3076E-09 3.3316E-09 3.3476E-09 3.3555E-09 3.3552E-09 3.3467E-09 3.3301E-09 3.3056E-09 3.2716E-09 3.2319E-09 3.1849E-09
1.5429E-10 1.7644E-10 2.0423E-10 2.3469E-10 2.6766E-10 3.0293E-10 3.3891E-10 3.7788E-10 4.1995E-10 4.6403E-10 5.1152E-10 5.6428E-10 6.1899E-10 6.7741E-10 7.3957E-10 8.0552E-10 8.7705E-10 9.5070E-10 1.0281E-09 1.1090E-09 1.1935E-09 1.2813E-09 1.3739E-09 1.4678E-09 1.5643E-09 1.6631E-09 1.7637E-09 1.8659E-09 1.9692E-09 2.0731E-09 2.1771E-09 2.2807E-09 2.3852E-09 2.4864E-09 2.5855E-09 2.6819E-09 2.7751E-09 2.8645E-09 2.9495E-09 3.0295E-09 3.1040E-09 3.1725E-09 3.2346E-09 3.2897E-09 3.3376E-09 3.3779E-09 3.4102E-09 3.4345E-09 3.4504E-09 3.4562E-09 3.4554E-09 3.4461E-09 3.4285E-09 3.4026E-09 3.3688E-09 3.3272E-09 3.2782E-09
1.5608E-10 1.8183E-10 2.1045E-10 2.4173E-10 2.7549E-10 3.0962E-10 3.4844E-10 3.8844E-10 4.3037E-10 4.7744E-10 5.2648E-10 5.7918E-10 6.3562E-10 6.9589E-10 7.6182E-10 8.2994E-10 9.0198E-10 9.7790E-10 1.0577E-09 1.1411E-09 1.2301E-09 1.3207E-09 1.4146E-09 1.5114E-09 1.6110E-09 1.7128E-09 1.8166E-09 1.9238E-09 2.0303E-09 2.1375E-09 2.2448E-09 2.3516E-09 2.4575E-09 2.5617E-09 2.6638E-09 2.7631E-09 2.8590E-09 2.9509E-09 3.0382E-09 3.1204E-09 3.1968E-09 3.2671E-09 3.3306E-09 3.3871E-09 3.4359E-09 3.4769E-09 3.5098E-09 3.5342E-09 3.5501E-09 3.5572E-09 3.5557E-09 3.5455E-09 3.5267E-09 3.4976E-09 3.4621E-09 3.4187E-09 3.3676E-09
1.5763E-10 1.8718E-10 2.1660E-10 2.4869E-10 2.8321E-10 3.1822E-10 3.5784E-10 3.9753E-10 4.4241E-10 4.8917E-10 5.3959E-10 5.9377E-10 6.5359E-10 7.1578E-10 7.8198E-10 8.5222E-10 9.2650E-10 1.0065E-09 1.0889E-09 1.1750E-09 1.2649E-09 1.3583E-09 1.4550E-09 1.5547E-09 1.6591E-09 1.7641E-09 1.8711E-09 1.9798E-09 2.0895E-09 2.1999E-09 2.3103E-09 2.4203E-09 2.5292E-09 2.6364E-09 2.7413E-09 2.8452E-09 2.9437E-09 3.0381E-09 3.1277E-09 3.2120E-09 3.2904E-09 3.3623E-09 3.4273E-09 3.4848E-09 3.5346E-09 3.5762E-09 3.6094E-09 3.6321E-09 3.6478E-09 3.6545E-09 3.6523E-09 3.6411E-09 3.6211E-09 3.5923E-09 3.5551E-09 3.5097E-09 3.4565E-09
1.6518E-10 1.9253E-10 2.2271E-10 2.5556E-10 2.8859E-10 3.2667E-10 3.6741E-10 4.0831E-10 4.5269E-10 5.0070E-10 5.5248E-10 6.1001E-10 6.6986E-10 7.3378E-10 8.0185E-10 8.7583E-10 9.5241E-10 1.0331E-09 1.1179E-09 1.2067E-09 1.2992E-09 1.3972E-09 1.4969E-09 1.5996E-09 1.7053E-09 1.8133E-09 1.9235E-09 2.0352E-09 2.1481E-09 2.2634E-09 2.3770E-09 2.4901E-09 2.6021E-09 2.7123E-09 2.8201E-09 2.9249E-09 3.0260E-09 3.1228E-09 3.2146E-09 3.3009E-09 3.3810E-09 3.4545E-09 3.5207E-09 3.5794E-09 3.6299E-09 3.6721E-09 3.7055E-09 3.7300E-09 3.7454E-09 3.7515E-09 3.7485E-09 3.7362E-09 3.7148E-09 3.6827E-09 3.6437E-09 3.5964E-09 3.5410E-09
1.6975E-10 1.9785E-10 2.2879E-10 2.6231E-10 2.9614E-10 3.3670E-10 3.7527E-10 4.1725E-10 4.6279E-10 5.1380E-10 5.6710E-10 6.2442E-10 6.8588E-10 7.5154E-10 8.2334E-10 8.9775E-10 9.7645E-10 1.0594E-09 1.1466E-09 1.2397E-09 1.3350E-09 1.4341E-09 1.5367E-09 1.6424E-09 1.7510E-09 1.8621E-09 1.9771E-09 2.0921E-09 2.2082E-09 2.3248E-09 2.4415E-09 2.5576E-09 2.6725E-09 2.7856E-09 2.8961E-09 3.0035E-09 3.1071E-09 3.2061E-09 3.3001E-09 3.3882E-09 3.4701E-09 3.5450E-09 3.6125E-09 3.6720E-09 3.7233E-09 3.7659E-09 3.7995E-09 3.8239E-09 3.8389E-09 3.8444E-09 3.8404E-09 3.8270E-09 3.8042E-09 3.7723E-09 3.7314E-09 3.6820E-09 3.6225E-09
1.7431E-10 2.0316E-10 2.3481E-10 2.6894E-10 3.0538E-10 3.4341E-10 3.8289E-10 4.2588E-10 4.7442E-10 5.2515E-10 5.7985E-10 6.3864E-10 7.0349E-10 7.7103E-10 8.4298E-10 9.1937E-10 1.0002E-09 1.0873E-09 1.1770E-09 1.2709E-09 1.3688E-09 1.4706E-09 1.5760E-09 1.6865E-09 1.7982E-09 1.9125E-09 2.0288E-09 2.1468E-09 2.2658E-09 2.3855E-09 2.5052E-09 2.6243E-09 2.7439E-09 2.8598E-09 2.9731E-09 3.0830E-09 3.1890E-09 3.2903E-09 3.3862E-09 3.4762E-09 3.5596E-09 3.6359E-09 3.7045E-09 3.7649E-09 3.8167E-09 3.8596E-09 3.8932E-09 3.9173E-09 3.9318E-09 3.9365E-09 3.9315E-09 3.9149E-09 3.8907E-09 3.8571E-09 3.8143E-09 3.7628E-09 3.7029E-09
