Assets/Resources/2015_m01_d14_0100(utc+0800)_l00_csi_1hr_conc.grd
DSAA
         159         159
     -79.000      79.000
     -79.000      79.000
  0.0000E+00  0.9977E-05
[rows 0 to 24 of 159, columns 0 to 56 of 159]
8.3946E-10 8.4763E-10 8.5496E-10 8.6620E-10 8.7193E-10 8.7677E-10 8.8067E-10 8.8363E-10 8.8564E-10 8.8668E-10 8.8674E-10 8.8581E-10 8.8399E-10 8.8122E-10 8.7747E-10 8.7274E-10 8.6705E-10 8.6041E-10 8.5280E-10 8.4426E-10 8.3484E-10 8.2457E-10 8.1348E-10 8.0161E-10 7.8898E-10 7.7564E-10 7.6163E-10 7.4698E-10 7.3175E-10 7.1598E-10 6.9972E-10 6.8301E-10 6.6590E-10 6.4844E-10 6.3068E-10 6.1264E-10 5.9434E-10 5.7590E-10 5.5250E-10 5.3396E-10 5.1540E-10 4.9228E-10 4.7403E-10 4.5581E-10 4.2857E-10 4.0625E-10 3.8437E-10 3.6279E-10 3.4118E-10 3.1580E-10 2.9556E-10 2.6737E-10 2.4851E-10 2.1813E-10 1.8944E-10 1.5261E-10 1.2329E-10
8.8398E-10 8.9774E-10 9.0588E-10 9.1301E-10 9.1921E-10 9.2445E-10 9.2873E-10 9.3201E-10 9.3428E-10 9.3568E-10 9.3604E-10 9.3535E-10 9.3362E-10 9.3079E-10 9.2687E-10 9.2193E-10 9.1597E-10 9.0901E-10 9.0107E-10 8.9216E-10 8.8233E-10 8.7169E-10 8.6017E-10 8.4780E-10 8.3461E-10 8.2063E-10 8.0592E-10 7.9052E-10 7.7446E-10 7.5780E-10 7.4059E-10 7.2288E-10 7.0473E-10 6.8624E-10 6.6741E-10 6.4838E-10 6.2916E-10 6.0970E-10 5.9015E-10 5.7049E-10 5.5065E-10 5.2595E-10 5.0606E-10 4.8617E-10 4.6198E-10 4.4263E-10 4.1438E-10 3.9116E-10 3.6834E-10 3.4551E-10 3.2312E-10 2.9299E-10 2.6382E-10 2.4405E-10 2.1311E-10 1.8354E-10 1.4253E-10
9.3568E-10 9.4523E-10 9.5385E-10 9.6153E-10 9.6823E-10 9.7392E-10 9.7874E-10 9.8253E-10 9.8526E-10 9.8689E-10 9.8731E-10 9.8663E-10 9.8485E-10 9.8197E-10 9.7800E-10 9.7309E-10 9.6716E-10 9.6015E-10 9.5209E-10 9.4299E-10 9.3288E-10 9.2178E-10 9.0974E-10 8.9674E-10 8.8285E-10 8.6815E-10 8.5267E-10 8.3647E-10 8.1959E-10 8.0209E-10 7.8401E-10 7.6539E-10 7.4628E-10 7.2674E-10 7.0679E-10 6.8655E-10 6.6598E-10 6.4518E-10 6.2416E-10 6.0305E-10 5.8186E-10 5.6074E-10 5.3948E-10 5.1345E-10 4.9224E-10 4.7109E-10 4.4558E-10 4.2056E-10 3.9602E-10 3.7150E-10 3.4285E-10 3.1962E-10 2.8833E-10 2.6698E-10 2.3778E-10 2.1074E-10 1.7651E-10
9.8344E-10 9.9361E-10 1.0028E-09 1.0111E-09 1.0185E-09 1.0248E-09 1.0300E-09 1.0340E-09 1.0369E-09 1.0386E-09 1.0392E-09 1.0388E-09 1.0373E-09 1.0347E-09 1.0309E-09 1.0260E-09 1.0198E-09 1.0124E-09 1.0038E-09 9.9421E-10 9.8354E-10 9.7184E-10 9.5916E-10 9.4552E-10 9.3096E-10 9.1554E-10 8.9929E-10 8.8228E-10 8.6454E-10 8.4614E-10 8.2712E-10 8.0755E-10 7.8748E-10 7.6697E-10 7.4612E-10 7.2480E-10 7.0324E-10 6.8133E-10 6.5911E-10 6.3669E-10 6.1394E-10 5.9104E-10 5.6803E-10 5.4522E-10 5.2254E-10 4.9998E-10 4.7287E-10 4.4585E-10 4.2406E-10 3.9819E-10 3.6794E-10 3.4257E-10 3.1395E-10 2.8611E-10 2.6412E-10 2.3412E-10 2.0219E-10
1.0329E-09 1.0440E-09 1.0542E-09 1.0632E-09 1.0711E-09 1.0778E-09 1.0833E-09 1.0877E-09 1.0911E-09 1.0934E-09 1.0946E-09 1.0945E-09 1.0931E-09 1.0903E-09 1.0862E-09 1.0810E-09 1.0745E-09 1.0669E-09 1.0582E-09 1.0484E-09 1.0374E-09 1.0254E-09 1.0123E-09 9.9812E-10 9.8298E-10 9.6689E-10 9.4990E-10 9.3206E-10 9.1343E-10 8.9406E-10 8.7402E-10 8.5335E-10 8.3209E-10 8.1032E-10 7.8805E-10 7.6531E-10 7.4231E-10 7.1888E-10 6.9535E-10 6.7149E-10 6.4746E-10 6.2336E-10 5.9901E-10 5.7456E-10 5.4986E-10 5.2535E-10 5.0119E-10 4.7255E-10 4.4928E-10 4.2144E-10 3.9381E-10 3.6663E-10 3.4037E-10 3.1074E-10 2.8231E-10 2.5518E-10 2.2522E-10
1.0841E-09 1.0959E-09 1.1066E-09 1.1160E-09 1.1244E-09 1.1316E-09 1.1380E-09 1.1431E-09 1.1470E-09 1.1496E-09 1.1507E-09 1.1505E-09 1.1490E-09 1.1462E-09 1.1424E-09 1.1373E-09 1.1309E-09 1.1232E-09 1.1143E-09 1.1042E-09 1.0928E-09 1.0803E-09 1.0665E-09 1.0518E-09 1.0359E-09 1.0191E-09 1.0013E-09 9.8261E-10 9.6309E-10 9.4279E-10 9.2175E-10 9.0005E-10 8.7772E-10 8.5483E-10 8.3134E-10 8.0738E-10 7.8285E-10 7.5787E-10 7.3252E-10 7.0678E-10 6.8091E-10 6.5489E-10 6.2886E-10 6.0301E-10 5.7708E-10 5.5129E-10 5.2532E-10 4.9950E-10 4.7415E-10 4.4457E-10 4.2060E-10 3.9207E-10 3.6360E-10 3.3212E-10 3.0160E-10 2.7302E-10 2.4484E-10
1.1365E-09 1.1489E-09 1.1601E-09 1.1704E-09 1.1797E-09 1.1879E-09 1.1947E-09 1.2000E-09 1.2040E-09 1.2067E-09 1.2081E-09 1.2085E-09 1.2074E-09 1.2050E-09 1.2012E-09 1.1959E-09 1.1893E-09 1.1814E-09 1.1721E-09 1.1615E-09 1.1497E-09 1.1365E-09 1.1222E-09 1.1069E-09 1.0904E-09 1.0728E-09 1.0542E-09 1.0347E-09 1.0142E-09 9.9291E-10 9.7079E-10 9.4791E-10 9.2432E-10 9.0007E-10 8.7523E-10 8.4988E-10 8.2404E-10 7.9772E-10 7.7101E-10 7.4379E-10 7.1638E-10 6.8854E-10 6.6051E-10 6.3223E-10 6.0426E-10 5.7659E-10 5.4932E-10 5.2233E-10 4.9553E-10 4.6905E-10 4.4306E-10 4.1315E-10 3.8381E-10 3.5451E-10 3.2221E-10 2.9085E-10 2.6198E-10
1.1901E-09 1.2033E-09 1.2157E-09 1.2270E-09 1.2369E-09 1.2453E-09 1.2524E-09 1.2582E-09 1.2629E-09 1.2663E-09 1.2683E-09 1.2687E-09 1.2677E-09 1.2653E-09 1.2614E-09 1.2561E-09 1.2494E-09 1.2413E-09 1.2319E-09 1.2211E-09 1.2089E-09 1.1954E-09 1.1806E-09 1.1647E-09 1.1476E-09 1.1293E-09 1.1099E-09 1.0896E-09 1.0682E-09 1.0459E-09 1.0227E-09 9.9866E-10 9.7374E-10 9.4812E-10 9.2168E-10 8.9458E-10 8.6682E-10 8.3864E-10 8.0994E-10 7.8094E-10 7.5172E-10 7.2228E-10 6.9278E-10 6.6322E-10 6.3346E-10 6.0368E-10 5.7402E-10 5.4513E-10 5.1686E-10 4.8920E-10 4.6192E-10 4.3507E-10 4.0398E-10 3.7346E-10 3.4364E-10 3.1527E-10 2.8332E-10
1.2454E-09 1.2598E-09 1.2729E-09 1.2846E-09 1.2949E-09 1.3040E-09 1.3121E-09 1.3188E-09 1.3240E-09 1.3276E-09 1.3298E-09 1.3305E-09 1.3297E-09 1.3275E-09 1.3238E-09 1.3186E-09 1.3119E-09 1.3037E-09 1.2940E-09 1.2828E-09 1.2701E-09 1.2561E-09 1.2408E-09 1.2243E-09 1.2066E-09 1.1877E-09 1.1675E-09 1.1463E-09 1.1239E-09 1.1006E-09 1.0762E-09 1.0509E-09 1.0247E-09 9.9762E-10 9.6974E-10 9.4112E-10 9.1181E-10 8.8183E-10 8.5135E-10 8.2036E-10 7.8895E-10 7.5719E-10 7.2543E-10 6.9385E-10 6.6249E-10 6.3150E-10 6.0072E-10 5.6987E-10 5.3928E-10 5.0934E-10 4.8042E-10 4.5246E-10 4.2503E-10 3.9806E-10 3.6578E-10 3.3098E-10 3.0210E-10
1.3023E-09 1.3172E-09 1.3309E-09 1.3435E-09 1.3550E-09 1.3651E-09 1.3737E-09 1.3807E-09 1.3863E-09 1.3905E-09 1.3932E-09 1.3944E-09 1.3940E-09 1.3919E-09 1.3883E-09 1.3830E-09 1.3761E-09 1.3676E-09 1.3577E-09 1.3463E-09 1.3335E-09 1.3193E-09 1.3038E-09 1.2868E-09 1.2685E-09 1.2488E-09 1.2279E-09 1.2057E-09 1.1823E-09 1.1578E-09 1.1321E-09 1.1054E-09 1.0777E-09 1.0491E-09 1.0195E-09 9.8917E-10 9.5797E-10 9.2608E-10 8.9370E-10 8.6086E-10 8.2768E-10 7.9426E-10 7.6061E-10 7.2689E-10 6.9316E-10 6.5954E-10 6.2665E-10 5.9437E-10 5.6273E-10 5.3140E-10 5.0028E-10 4.6976E-10 4.4061E-10 4.1270E-10 3.8525E-10 3.5202E-10 3.2117E-10
1.3599E-09 1.3758E-09 1.3908E-09 1.4045E-09 1.4166E-09 1.4273E-09 1.4365E-09 1.4444E-09 1.4507E-09 1.4555E-09 1.4586E-09 1.4600E-09 1.4598E-09 1.4578E-09 1.4542E-09 1.4490E-09 1.4423E-09 1.4341E-09 1.4243E-09 1.4130E-09 1.3999E-09 1.3855E-09 1.3694E-09 1.3519E-09 1.3330E-09 1.3125E-09 1.2907E-09 1.2675E-09 1.2431E-09 1.2173E-09 1.1903E-09 1.1622E-09 1.1329E-09 1.1026E-09 1.0712E-09 1.0390E-09 1.0059E-09 9.7217E-10 9.3768E-10 9.0270E-10 8.6752E-10 8.3205E-10 7.9638E-10 7.6083E-10 7.2537E-10 6.9007E-10 6.5482E-10 6.1992E-10 5.8573E-10 5.5253E-10 5.2036E-10 4.8887E-10 4.5754E-10 4.2700E-10 3.9812E-10 3.6963E-10 3.3648E-10
1.4191E-09 1.4364E-09 1.4521E-09 1.4665E-09 1.4794E-09 1.4911E-09 1.5013E-09 1.5099E-09 1.5167E-09 1.5219E-09 1.5254E-09 1.5271E-09 1.5273E-09 1.5258E-09 1.5227E-09 1.5179E-09 1.5116E-09 1.5034E-09 1.4936E-09 1.4821E-09 1.4689E-09 1.4543E-09 1.4379E-09 1.4201E-09 1.4008E-09 1.3798E-09 1.3573E-09 1.3333E-09 1.3077E-09 1.2808E-09 1.2525E-09 1.2228E-09 1.1919E-09 1.1597E-09 1.1265E-09 1.0922E-09 1.0570E-09 1.0211E-09 9.8440E-10 9.4711E-10 9.0932E-10 8.7133E-10 8.3358E-10 7.9563E-10 7.5795E-10 7.2051E-10 6.8360E-10 6.4712E-10 6.1096E-10 5.7524E-10 5.4021E-10 5.0659E-10 4.7431E-10 4.4292E-10 4.1178E-10 3.8186E-10 3.5211E-10
1.4797E-09 1.4977E-09 1.5145E-09 1.5300E-09 1.5442E-09 1.5567E-09 1.5674E-09 1.5766E-09 1.5840E-09 1.5898E-09 1.5940E-09 1.5966E-09 1.5974E-09 1.5966E-09 1.5940E-09 1.5896E-09 1.5835E-09 1.5755E-09 1.5661E-09 1.5550E-09 1.5420E-09 1.5273E-09 1.5108E-09 1.4925E-09 1.4723E-09 1.4503E-09 1.4267E-09 1.4015E-09 1.3747E-09 1.3464E-09 1.3165E-09 1.2852E-09 1.2526E-09 1.2186E-09 1.1834E-09 1.1471E-09 1.1098E-09 1.0717E-09 1.0328E-09 9.9369E-10 9.5403E-10 9.1393E-10 8.7346E-10 8.3297E-10 7.9243E-10 7.5233E-10 7.1287E-10 6.7403E-10 6.3594E-10 5.9874E-10 5.6218E-10 5.2600E-10 4.9079E-10 4.5731E-10 4.2528E-10 3.9437E-10 3.6325E-10
1.5410E-09 1.5604E-09 1.5786E-09 1.5952E-09 1.6099E-09 1.6232E-09 1.6348E-09 1.6447E-09 1.6532E-09 1.6601E-09 1.6652E-09 1.6687E-09 1.6703E-09 1.6701E-09 1.6682E-09 1.6645E-09 1.6594E-09 1.6521E-09 1.6430E-09 1.6319E-09 1.6187E-09 1.6036E-09 1.5864E-09 1.5677E-09 1.5471E-09 1.5247E-09 1.5004E-09 1.4743E-09 1.4465E-09 1.4168E-09 1.3855E-09 1.3525E-09 1.3179E-09 1.2819E-09 1.2446E-09 1.2060E-09 1.1664E-09 1.1256E-09 1.0842E-09 1.0423E-09 9.9990E-10 9.5714E-10 9.1436E-10 8.7167E-10 8.2905E-10 7.8682E-10 7.4466E-10 7.0289E-10 6.6188E-10 6.2191E-10 5.8317E-10 5.4577E-10 5.0914E-10 4.7307E-10 4.3833E-10 4.0561E-10 3.7422E-10
1.6039E-09 1.6246E-09 1.6436E-09 1.6609E-09 1.6768E-09 1.6910E-09 1.7041E-09 1.7154E-09 1.7252E-09 1.7332E-09 1.7393E-09 1.7438E-09 1.7462E-09 1.7476E-09 1.7469E-09 1.7440E-09 1.7392E-09 1.7322E-09 1.7232E-09 1.7122E-09 1.6993E-09 1.6845E-09 1.6677E-09 1.6489E-09 1.6276E-09 1.6042E-09 1.5788E-09 1.5513E-09 1.5220E-09 1.4907E-09 1.4575E-09 1.4228E-09 1.3863E-09 1.3483E-09 1.3089E-09 1.2682E-09 1.2262E-09 1.1834E-09 1.1394E-09 1.0948E-09 1.0496E-09 1.0039E-09 9.5790E-10 9.1205E-10 8.6674E-10 8.2169E-10 7.7727E-10 7.3332E-10 6.8976E-10 6.4740E-10 6.0569E-10 5.6498E-10 5.2621E-10 4.8913E-10 4.5289E-10 4.1732E-10 3.8393E-10
1.6678E-09 1.6893E-09 1.7094E-09 1.7281E-09 1.7456E-09 1.7617E-09 1.7763E-09 1.7890E-09 1.8000E-09 1.8092E-09 1.8168E-09 1.8231E-09 1.8271E-09 1.8294E-09 1.8291E-09 1.8270E-09 1.8228E-09 1.8166E-09 1.8087E-09 1.7984E-09 1.7859E-09 1.7707E-09 1.7529E-09 1.7330E-09 1.7110E-09 1.6867E-09 1.6603E-09 1.6317E-09 1.6010E-09 1.5682E-09 1.5333E-09 1.4965E-09 1.4579E-09 1.4176E-09 1.3758E-09 1.3326E-09 1.2882E-09 1.2427E-09 1.1962E-09 1.1491E-09 1.1013E-09 1.0532E-09 1.0049E-09 9.5664E-10 9.0803E-10 8.5960E-10 8.1140E-10 7.6418E-10 7.1852E-10 6.7359E-10 6.2930E-10 5.8625E-10 5.4458E-10 5.0422E-10 4.6615E-10 4.2972E-10 3.9429E-10
1.7321E-09 1.7553E-09 1.7771E-09 1.7982E-09 1.8176E-09 1.8352E-09 1.8512E-09 1.8654E-09 1.8783E-09 1.8896E-09 1.8991E-09 1.9065E-09 1.9116E-09 1.9147E-09 1.9158E-09 1.9153E-09 1.9125E-09 1.9072E-09 1.8992E-09 1.8882E-09 1.8753E-09 1.8600E-09 1.8425E-09 1.8225E-09 1.7999E-09 1.7749E-09 1.7475E-09 1.7176E-09 1.6855E-09 1.6512E-09 1.6145E-09 1.5758E-09 1.5353E-09 1.4928E-09 1.4486E-09 1.4028E-09 1.3556E-09 1.3071E-09 1.2575E-09 1.2072E-09 1.1562E-09 1.1048E-09 1.0533E-09 1.0018E-09 9.5046E-10 8.9941E-10 8.4879E-10 7.9889E-10 7.4948E-10 7.0075E-10 6.5325E-10 6.0804E-10 5.6404E-10 5.2130E-10 4.8024E-10 4.4108E-10 4.0431E-10
1.7988E-09 1.8243E-09 1.8484E-09 1.8711E-09 1.8921E-09 1.9118E-09 1.9297E-09 1.9464E-09 1.9620E-09 1.9754E-09 1.9864E-09 1.9950E-09 2.0021E-09 2.0075E-09 2.0105E-09 2.0107E-09 2.0079E-09 2.0027E-09 1.9954E-09 1.9859E-09 1.9740E-09 1.9589E-09 1.9410E-09 1.9202E-09 1.8972E-09 1.8713E-09 1.8428E-09 1.8117E-09 1.7780E-09 1.7417E-09 1.7030E-09 1.6622E-09 1.6191E-09 1.5740E-09 1.5271E-09 1.4785E-09 1.4283E-09 1.3769E-09 1.3243E-09 1.2709E-09 1.2163E-09 1.1613E-09 1.1058E-09 1.0506E-09 9.9556E-10 9.4089E-10 8.8740E-10 8.3443E-10 7.8217E-10 7.3048E-10 6.8013E-10 6.3145E-10 5.8380E-10 5.3849E-10 4.9553E-10 4.5394E-10 4.1429E-10
1.8685E-09 1.8961E-09 1.9223E-09 1.9473E-09 1.9703E-09 1.9922E-09 2.0133E-09 2.0328E-09 2.0496E-09 2.0640E-09 2.0771E-09 2.0886E-09 2.0979E-09 2.1039E-09 2.1070E-09 2.1080E-09 2.1072E-09 2.1040E-09 2.0976E-09 2.0879E-09 2.0751E-09 2.0597E-09 2.0416E-09 2.0206E-09 1.9968E-09 1.9699E-09 1.9403E-09 1.9077E-09 1.8723E-09 1.8341E-09 1.7934E-09 1.7503E-09 1.7050E-09 1.6574E-09 1.6077E-09 1.5561E-09 1.5030E-09 1.4483E-09 1.3923E-09 1.3355E-09 1.2780E-09 1.2195E-09 1.1606E-09 1.1016E-09 1.0434E-09 9.8579E-10 9.2823E-10 8.7131E-10 8.1548E-10 7.6124E-10 7.0857E-10 6.5688E-10 6.0586E-10 5.5709E-10 5.1086E-10 4.6718E-10 4.2537E-10
1.9413E-09 1.9712E-09 1.9994E-09 2.0267E-09 2.0530E-09 2.0786E-09 2.1016E-09 2.1220E-09 2.1411E-09 2.1592E-09 2.1754E-09 2.1881E-09 2.1978E-09 2.2057E-09 2.2118E-09 2.2152E-09 2.2152E-09 2.2115E-09 2.2050E-09 2.1959E-09 2.1840E-09 2.1691E-09 2.1508E-09 2.1295E-09 2.1050E-09 2.0773E-09 2.0465E-09 2.0126E-09 1.9756E-09 1.9358E-09 1.8932E-09 1.8480E-09 1.8002E-09 1.7499E-09 1.6974E-09 1.6429E-09 1.5864E-09 1.5283E-09 1.4688E-09 1.4079E-09 1.3459E-09 1.2834E-09 1.2204E-09 1.1572E-09 1.0945E-09 1.0320E-09 9.7105E-10 9.1087E-10 8.5130E-10 7.9353E-10 7.3704E-10 6.8197E-10 6.2909E-10 5.7830E-10 5.2897E-10 4.8147E-10 4.3702E-10
2.0171E-09 2.0494E-09 2.0811E-09 2.1119E-09 2.1411E-09 2.1681E-09 2.1930E-09 2.2176E-09 2.2402E-09 2.2598E-09 2.2765E-09 2.2911E-09 2.3042E-09 2.3146E-09 2.3212E-09 2.3243E-09 2.3248E-09 2.3227E-09 2.3178E-09 2.3095E-09 2.2978E-09 2.2826E-09 2.2639E-09 2.2420E-09 2.2165E-09 2.1879E-09 2.1562E-09 2.1215E-09 2.0832E-09 2.0415E-09 1.9968E-09 1.9490E-09 1.8985E-09 1.8450E-09 1.7893E-09 1.7313E-09 1.6714E-09 1.6097E-09 1.5468E-09 1.4824E-09 1.4173E-09 1.3508E-09 1.2839E-09 1.2170E-09 1.1500E-09 1.0825E-09 1.0163E-09 9.5192E-10 8.8951E-10 8.2824E-10 7.6797E-10 7.0895E-10 6.5265E-10 5.9892E-10 5.4715E-10 4.9801E-10 4.5023E-10
2.0970E-09 2.1326E-09 2.1678E-09 2.2013E-09 2.2327E-09 2.2630E-09 2.2919E-09 2.3189E-09 2.3427E-09 2.3640E-09 2.3841E-09 2.4018E-09 2.4159E-09 2.4264E-09 2.4342E-09 2.4397E-09 2.4424E-09 2.4416E-09 2.4371E-09 2.4288E-09 2.4169E-09 2.4016E-09 2.3829E-09 2.3611E-09 2.3357E-09 2.3068E-09 2.2738E-09 2.2371E-09 2.1967E-09 2.1527E-09 2.1054E-09 2.0549E-09 2.0015E-09 1.9456E-09 1.8871E-09 1.8263E-09 1.7632E-09 1.6981E-09 1.6313E-09 1.5629E-09 1.4934E-09 1.4233E-09 1.3522E-09 1.2807E-09 1.2091E-09 1.1371E-09 1.0657E-09 9.9704E-10 9.2973E-10 8.6428E-10 8.0027E-10 7.3868E-10 6.7921E-10 6.2124E-10 5.6586E-10 5.1417E-10 4.6460E-10
2.1813E-09 2.2210E-09 2.2591E-09 2.2949E-09 2.3301E-09 2.3639E-09 2.3951E-09 2.4234E-09 2.4501E-09 2.4754E-09 2.4979E-09 2.5167E-09 2.5325E-09 2.5459E-09 2.5569E-09 2.5643E-09 2.5679E-09 2.5673E-09 2.5633E-09 2.5560E-09 2.5455E-09 2.5313E-09 2.5132E-09 2.4909E-09 2.4644E-09 2.4340E-09 2.4000E-09 2.3620E-09 2.3202E-09 2.2748E-09 2.2260E-09 2.1735E-09 2.1177E-09 2.0585E-09 1.9963E-09 1.9313E-09 1.8640E-09 1.7944E-09 1.7232E-09 1.6503E-09 1.5760E-09 1.5006E-09 1.4247E-09 1.3486E-09 1.2725E-09 1.1959E-09 1.1202E-09 1.0457E-09 9.7374E-10 9.0309E-10 8.3493E-10 7.6983E-10 7.0676E-10 6.4596E-10 5.8801E-10 5.3196E-10 4.7897E-10
2.2713E-09 2.3133E-09 2.3539E-09 2.3945E-09 2.4330E-09 2.4683E-09 2.5014E-09 2.5341E-09 2.5647E-09 2.5918E-09 2.6153E-09 2.6366E-09 2.6561E-09 2.6725E-09 2.6845E-09 2.6922E-09 2.6967E-09 2.6982E-09 2.6965E-09 2.6904E-09 2.6803E-09 2.6656E-09 2.6468E-09 2.6243E-09 2.5979E-09 2.5671E-09 2.5326E-09 2.4938E-09 2.4508E-09 2.4030E-09 2.3510E-09 2.2948E-09 2.2353E-09 2.1727E-09 2.1068E-09 2.0383E-09 1.9674E-09 1.8942E-09 1.8189E-09 1.7419E-09 1.6631E-09 1.5833E-09 1.5022E-09 1.4211E-09 1.3402E-09 1.2588E-09 1.1777E-09 1.0979E-09 1.0209E-09 9.4619E-10 8.7366E-10 8.0401E-10 7.3600E-10 6.7169E-10 6.1056E-10 5.5209E-10 4.9631E-10
2.3643E-09 2.4099E-09 2.4549E-09 2.4978E-09 2.5380E-09 2.5769E-09 2.6156E-09 2.6510E-09 2.6827E-09 2.7117E-09 2.7397E-09 2.7654E-09 2.7866E-09 2.8037E-09 2.8176E-09 2.8287E-09 2.8365E-09 2.8395E-09 2.8383E-09 2.8325E-09 2.8232E-09 2.8101E-09 2.7923E-09 2.7697E-09 2.7432E-09 2.7123E-09 2.6768E-09 2.6359E-09 2.5905E-09 2.5404E-09 2.4859E-09 2.4277E-09 2.3660E-09 2.3006E-09 2.2318E-09 2.1596E-09 2.0844E-09 2.0059E-09 1.9252E-09 1.8427E-09 1.7582E-09 1.6725E-09 1.5863E-09 1.4998E-09 1.4130E-09 1.3259E-09 1.2393E-09 1.1542E-09 1.0710E-09 9.9176E-10 9.1536E-10 8.4047E-10 7.6910E-10 7.0070E-10 6.3500E-10 5.7263E-10 5.1372E-10
