Assets/Resources/2015_m01_d19_2000(utc+0800)_l00_csi_1hr_conc.grd
DSAA
         159         159
     -79.000      79.000
     -79.000      79.000
  0.0000E+00  0.5745E-04
[rows 75 to 99 of 159, columns 57 to 113 of 159]
1.1960E-08 1.2432E-08 1.2904E-08 1.3386E-08 1.3904E-08 1.4428E-08 1.4956E-08 1.5516E-08 1.6109E-08 1.6723E-08 1.7444E-08 2.9172E-08 3.7257E-08 5.6894E-08 6.2089E-08 6.3349E-08 6.4053E-08 6.4220E-08 6.3875E-08 6.3458E-08 6.3269E-08 6.3920E-08 6.6326E-08 7.1404E-08 7.9944E-08 9.4821E-08 9.9733E-06 9.7609E-07 1.3131E-06 3.4218E-06 3.9251E-06 3.8441E-06 1.4366E-06 6.0613E-08 1.2780E-08 7.9710E-09 5.0789E-09 3.3728E-09 2.2004E-09 1.4873E-09 1.0702E-09 7.8145E-10 6.0697E-10 4.8604E-10 4.0050E-10 3.6080E-10 3.1346E-10 3.0745E-10 3.0415E-10 2.9910E-10 2.9607E-10 2.9317E-10 2.9009E-10 2.8688E-10 2.8319E-10 2.7972E-10 2.7584E-10
1.1105E-08 1.1519E-08 1.1938E-08 1.2357E-08 1.2804E-08 1.3262E-08 1.3714E-08 1.4188E-08 1.4703E-08 1.5244E-08 2.1067E-08 3.1166E-08 4.3579E-08 5.1720E-08 5.3035E-08 5.3921E-08 5.4405E-08 5.4440E-08 5.4216E-08 5.4105E-08 5.4197E-08 5.4981E-08 5.7807E-08 6.1647E-08 6.9752E-08 1.4819E-05 1.0667E-07 1.8091E-07 2.4976E-07 4.1177E-07 1.6166E-06 1.1066E-06 3.4640E-08 1.4861E-08 9.5555E-09 6.2504E-09 4.1468E-09 2.7532E-09 1.8920E-09 1.2673E-09 9.2722E-10 6.8342E-10 5.3268E-10 4.2455E-10 3.6248E-10 3.1521E-10 2.8582E-10 2.8081E-10 2.7809E-10 2.7353E-10 2.7172E-10 2.6907E-10 2.6692E-10 2.6396E-10 2.6121E-10 2.5802E-10 2.5502E-10
1.0256E-08 1.0612E-08 1.0980E-08 1.1339E-08 1.1711E-08 1.2107E-08 1.2486E-08 1.2873E-08 1.3316E-08 1.7682E-08 2.5720E-08 3.5429E-08 4.2201E-08 4.3433E-08 4.4334E-08 4.4942E-08 4.5237E-08 4.5296E-08 4.5233E-08 4.5286E-08 4.5507E-08 4.6172E-08 4.7808E-08 5.1214E-08 2.5738E-05 6.6750E-08 7.4457E-08 6.0194E-08 5.3376E-08 4.0202E-08 2.8987E-08 2.1427E-08 1.5044E-08 1.0439E-08 7.1048E-09 4.8320E-09 3.2764E-09 2.2521E-09 1.5143E-09 1.0851E-09 7.9296E-10 5.8940E-10 4.6737E-10 3.6449E-10 3.2416E-10 2.6946E-10 2.5907E-10 2.5588E-10 2.5268E-10 2.4974E-10 2.4783E-10 2.4638E-10 2.4413E-10 2.4207E-10 2.3957E-10 2.3722E-10 2.3451E-10
9.3943E-09 9.6895E-09 1.0008E-08 1.0324E-08 1.0636E-08 1.0972E-08 1.1284E-08 1.1596E-08 1.2357E-08 2.1071E-08 2.5739E-08 3.3815E-08 3.4906E-08 3.5720E-08 3.6321E-08 3.6719E-08 3.6958E-08 3.7092E-08 3.7153E-08 3.7210E-08 3.7458E-08 3.7871E-08 3.8877E-08 5.7449E-05 4.4401E-08 4.6965E-08 4.4713E-08 3.4111E-08 2.7598E-08 2.2554E-08 1.8193E-08 1.3935E-08 1.0409E-08 7.4579E-09 5.3278E-09 3.7163E-09 2.5457E-09 1.8157E-09 1.2629E-09 8.9332E-10 6.7444E-10 4.9616E-10 4.0234E-10 3.2136E-10 2.8255E-10 2.3947E-10 2.3427E-10 2.3199E-10 2.2867E-10 2.2658E-10 2.2575E-10 2.2418E-10 2.2277E-10 2.2092E-10 2.1920E-10 2.1713E-10 2.1493E-10
8.5853E-09 8.8310E-09 9.0851E-09 9.3444E-09 9.5893E-09 9.8433E-09 1.0105E-08 1.0389E-08 1.7108E-08 1.8175E-08 2.6696E-08 2.7563E-08 2.8295E-08 2.8829E-08 2.9224E-08 2.9523E-08 2.9766E-08 2.9936E-08 3.0041E-08 3.0064E-08 3.0144E-08 3.0392E-08 3.0851E-08 3.1471E-08 3.1276E-08 3.0895E-08 2.7168E-08 2.2950E-08 1.8139E-08 1.5129E-08 1.2167E-08 9.5772E-09 7.3313E-09 5.4424E-09 3.9717E-09 2.7777E-09 2.0422E-09 1.4092E-09 1.0179E-09 7.4123E-10 5.4718E-10 4.2606E-10 3.2783E-10 2.8198E-10 2.2952E-10 2.1563E-10 2.1113E-10 2.0964E-10 2.0597E-10 2.0556E-10 2.0455E-10 2.0347E-10 2.0224E-10 2.0111E-10 1.9964E-10 1.9803E-10 1.9635E-10
7.8160E-09 8.0253E-09 8.2227E-09 8.4344E-09 8.6241E-09 8.8128E-09 9.0355E-09 1.3893E-08 1.4383E-08 2.0885E-08 2.1563E-08 2.2086E-08 2.2519E-08 2.2889E-08 2.3169E-08 2.3443E-08 2.3664E-08 2.3820E-08 2.3894E-08 2.3878E-08 2.3801E-08 2.3818E-08 2.3741E-08 2.2739E-08 2.1627E-08 1.9936E-08 1.7898E-08 1.5409E-08 1.2941E-08 1.0885E-08 8.8372E-09 6.8862E-09 5.3878E-09 4.0071E-09 2.9236E-09 2.1468E-09 1.5051E-09 1.1237E-09 7.8919E-10 6.0489E-10 4.3793E-10 3.5346E-10 2.7283E-10 2.3868E-10 1.9594E-10 1.9290E-10 1.8982E-10 1.8798E-10 1.8571E-10 1.8509E-10 1.8466E-10 1.8393E-10 1.8333E-10 1.8219E-10 1.8114E-10 1.8000E-10 1.7889E-10
7.0796E-09 7.2474E-09 7.4045E-09 7.5626E-09 7.7179E-09 7.8633E-09 1.0748E-08 1.1649E-08 1.6245E-08 1.6742E-08 1.7163E-08 1.7462E-08 1.7715E-08 1.7985E-08 1.8237E-08 1.8463E-08 1.8626E-08 1.8713E-08 1.8716E-08 1.8649E-08 1.8494E-08 1.8218E-08 1.7344E-08 1.5577E-08 1.4936E-08 1.3790E-08 1.2376E-08 1.0742E-08 9.3115E-09 7.7957E-09 6.2374E-09 5.0499E-09 3.8569E-09 2.8875E-09 2.1663E-09 1.5440E-09 1.1737E-09 8.2674E-10 6.3405E-10 4.5008E-10 3.6015E-10 2.6717E-10 2.2960E-10 1.7728E-10 1.7164E-10 1.6773E-10 1.6667E-10 1.6426E-10 1.6323E-10 1.6308E-10 1.6271E-10 1.6247E-10 1.6181E-10 1.6147E-10 1.6271E-10 1.6271E-10 1.6160E-10
6.4029E-09 6.5249E-09 6.6537E-09 6.7600E-09 6.8779E-09 8.8272E-09 9.4581E-09 1.2641E-08 1.2996E-08 1.3267E-08 1.3491E-08 1.3686E-08 1.3852E-08 1.4050E-08 1.4279E-08 1.4437E-08 1.4518E-08 1.4521E-08 1.4462E-08 1.4330E-08 1.4128E-08 1.3631E-08 1.2535E-08 1.1347E-08 1.0381E-08 9.6560E-09 8.7868E-09 7.6716E-09 6.6535E-09 5.4675E-09 4.5466E-09 3.5450E-09 2.6687E-09 2.0794E-09 1.5368E-09 1.1629E-09 8.7173E-10 6.4518E-10 4.8018E-10 3.5822E-10 2.7981E-10 2.1797E-10 1.7660E-10 1.5086E-10 1.4805E-10 1.4580E-10 1.4500E-10 1.4234E-10 1.4276E-10 1.4264E-10 1.4264E-10 1.4229E-10 1.4241E-10 1.4279E-10 1.4470E-10 1.4438E-10 1.4424E-10
5.7494E-09 5.8604E-09 5.9382E-09 6.0320E-09 6.9817E-09 7.7775E-09 9.5412E-09 1.0128E-08 1.0329E-08 1.0462E-08 1.0566E-08 1.0696E-08 1.0843E-08 1.0972E-08 1.1113E-08 1.1212E-08 1.1208E-08 1.1149E-08 1.1033E-08 1.0862E-08 1.0586E-08 9.9173E-09 9.0940E-09 8.4169E-09 7.7755E-09 7.0739E-09 6.2327E-09 5.5586E-09 4.6527E-09 3.8370E-09 3.1668E-09 2.4284E-09 1.9525E-09 1.4586E-09 1.1433E-09 8.7703E-10 6.4421E-10 4.9386E-10 3.5495E-10 2.8485E-10 2.0901E-10 1.7887E-10 1.3449E-10 1.3064E-10 1.2677E-10 1.2551E-10 1.2433E-10 1.2315E-10 1.2341E-10 1.2361E-10 1.2404E-10 1.2434E-10 1.2445E-10 1.2601E-10 1.2749E-10 1.2771E-10 1.2780E-10
5.1542E-09 5.2201E-09 5.2966E-09 5.6581E-09 6.4383E-09 7.2849E-09 7.9828E-09 8.0928E-09 8.1739E-09 8.2495E-09 8.3060E-09 8.3835E-09 8.5020E-09 8.5961E-09 8.6301E-09 8.6130E-09 8.6052E-09 8.4939E-09 8.3461E-09 8.1467E-09 7.7435E-09 7.1908E-09 6.7089E-09 6.2623E-09 5.7219E-09 5.1524E-09 4.4389E-09 3.9090E-09 3.2240E-09 2.7337E-09 2.1632E-09 1.7141E-09 1.3754E-09 1.0953E-09 8.5437E-10 6.2840E-10 4.8634E-10 3.4647E-10 2.7679E-10 1.9863E-10 1.6555E-10 1.2102E-10 1.1544E-10 1.1328E-10 1.0859E-10 1.0879E-10 1.0629E-10 1.0708E-10 1.0796E-10 1.0827E-10 1.0870E-10 1.0922E-10 1.0971E-10 1.1018E-10 1.1161E-10 1.1231E-10 1.1260E-10
4.5722E-09 4.6427E-09 4.7116E-09 5.3834E-09 5.7019E-09 6.3573E-09 6.4400E-09 6.4841E-09 6.4966E-09 6.5128E-09 6.5733E-09 6.6251E-09 6.6684E-09 6.6999E-09 6.7118E-09 6.6296E-09 6.5003E-09 6.3834E-09 6.2802E-09 6.0165E-09 5.6484E-09 5.3038E-09 4.9371E-09 4.5415E-09 4.0797E-09 3.6230E-09 3.1032E-09 2.7206E-09 2.2251E-09 1.8990E-09 1.5308E-09 1.2650E-09 1.0267E-09 8.0358E-10 6.0549E-10 4.6642E-10 3.3873E-10 2.6342E-10 1.8920E-10 1.5184E-10 1.0731E-10 1.0171E-10 9.8355E-11 9.4884E-11 9.3678E-11 9.2376E-11 9.1347E-11 9.2327E-11 9.3275E-11 9.4695E-11 9.5315E-11 9.5899E-11 9.6434E-11 9.6958E-11 9.7456E-11 9.8602E-11 9.9681E-11
4.0397E-09 4.0662E-09 4.1968E-09 4.4104E-09 5.0091E-09 5.0608E-09 5.0762E-09 5.0765E-09 5.1167E-09 5.2127E-09 5.2319E-09 5.2608E-09 5.2931E-09 5.2582E-09 5.1735E-09 5.0850E-09 4.9937E-09 4.7933E-09 4.5700E-09 4.3749E-09 4.1170E-09 3.8463E-09 3.4833E-09 3.1617E-09 2.7862E-09 2.4732E-09 2.1087E-09 1.8570E-09 1.5584E-09 1.3407E-09 1.1299E-09 9.4140E-10 7.4337E-10 5.7597E-10 4.4042E-10 3.2857E-10 2.4924E-10 1.8334E-10 1.3781E-10 9.8746E-11 9.3257E-11 8.6916E-11 8.5015E-11 8.0374E-11 8.0524E-11 7.8036E-11 7.8807E-11 7.9556E-11 8.0652E-11 8.1713E-11 8.2736E-11 8.3721E-11 8.4304E-11 8.4847E-11 8.5386E-11 8.5906E-11 8.7081E-11
3.6002E-09 3.6187E-09 3.6264E-09 3.6330E-09 3.6207E-09 3.5978E-09 3.6280E-09 3.6313E-09 3.5767E-09 3.5695E-09 3.7019E-09 3.8222E-09 3.9246E-09 3.9644E-09 3.9070E-09 3.7825E-09 3.5898E-09 3.4107E-09 3.2308E-09 2.9904E-09 2.7417E-09 2.5366E-09 2.3520E-09 2.1153E-09 1.9052E-09 1.6937E-09 1.4965E-09 1.3211E-09 1.1527E-09 9.7732E-10 8.1915E-10 6.5634E-10 5.1821E-10 3.9892E-10 3.0686E-10 2.3643E-10 1.7579E-10 1.2821E-10 9.5645E-11 8.4827E-11 7.7883E-11 7.4297E-11 7.0821E-11 6.9709E-11 6.8539E-11 6.8525E-11 6.9288E-11 7.0012E-11 7.0718E-11 7.1390E-11 7.2036E-11 7.2656E-11 7.3248E-11 7.3824E-11 7.4365E-11 7.4909E-11 7.5440E-11
3.1979E-09 3.2102E-09 3.2113E-09 3.2001E-09 3.1821E-09 3.1548E-09 3.1088E-09 3.0650E-09 2.9931E-09 2.9339E-09 2.8447E-09 2.7929E-09 2.7123E-09 2.6120E-09 2.5035E-09 2.4320E-09 2.3363E-09 2.2124E-09 2.0747E-09 1.9700E-09 1.8683E-09 1.7329E-09 1.5840E-09 1.4936E-09 1.3857E-09 1.2541E-09 1.1151E-09 9.7535E-10 8.3948E-10 7.0354E-10 5.7192E-10 4.5642E-10 3.5071E-10 2.7744E-10 2.0703E-10 1.5619E-10 1.1692E-10 9.5052E-11 8.0563E-11 7.3419E-11 6.6651E-11 6.4582E-11 6.0113E-11 6.0214E-11 5.7736E-11 5.8467E-11 5.9173E-11 5.9870E-11 6.0930E-11 6.1973E-11 6.2990E-11 6.3982E-11 6.4581E-11 6.5155E-11 6.5721E-11 6.6257E-11 6.6800E-11
2.8281E-09 2.8352E-09 2.8324E-09 2.8173E-09 2.7906E-09 2.7529E-09 2.7137E-09 2.6547E-09 2.5989E-09 2.5238E-09 2.4526E-09 2.3622E-09 2.2791E-09 2.1752E-09 2.0634E-09 1.9440E-09 1.8228E-09 1.7463E-09 1.6508E-09 1.5445E-09 1.4371E-09 1.3603E-09 1.2508E-09 1.1467E-09 1.0286E-09 9.2823E-10 8.1499E-10 7.0002E-10 5.8898E-10 4.9133E-10 3.9748E-10 3.1613E-10 2.5407E-10 1.9518E-10 1.4932E-10 1.1027E-10 8.9074E-11 6.9993E-11 5.9801E-11 4.9303E-11 4.7865E-11 4.6439E-11 4.9112E-11 4.9112E-11 5.0303E-11 5.0982E-11 5.1651E-11 5.2299E-11 5.2944E-11 5.3566E-11 5.4177E-11 5.4772E-11 5.5353E-11 5.5922E-11 5.6472E-11 5.7018E-11 5.7892E-11
2.4957E-09 2.4986E-09 2.4889E-09 2.4698E-09 2.4399E-09 2.4009E-09 2.3509E-09 2.3004E-09 2.2403E-09 2.1752E-09 2.0981E-09 2.0211E-09 1.9328E-09 1.8433E-09 1.7472E-09 1.6307E-09 1.5303E-09 1.4279E-09 1.3304E-09 1.2482E-09 1.1609E-09 1.0730E-09 9.7241E-10 8.9009E-10 7.8737E-10 6.9113E-10 6.0150E-10 5.0442E-10 4.3064E-10 3.5255E-10 2.8794E-10 2.3792E-10 1.9229E-10 1.5069E-10 1.2064E-10 9.7149E-11 7.7321E-11 6.1026E-11 4.9102E-11 3.8691E-11 3.2860E-11 3.0071E-11 3.0059E-11 3.0550E-11 3.2450E-11 3.6808E-11 4.0345E-11 4.3414E-11 4.5813E-11 4.6715E-11 4.7293E-11 4.7864E-11 4.8424E-11 4.8973E-11 4.9518E-11 5.0045E-11 5.0572E-11
2.1788E-09 2.1834E-09 2.1783E-09 2.1613E-09 2.1317E-09 2.0921E-09 2.0430E-09 1.9882E-09 1.9252E-09 1.8573E-09 1.7891E-09 1.7143E-09 1.6365E-09 1.5529E-09 1.4516E-09 1.3538E-09 1.2556E-09 1.1619E-09 1.0825E-09 1.0016E-09 9.1317E-10 8.2916E-10 7.5553E-10 6.8030E-10 6.0043E-10 5.2463E-10 4.5241E-10 3.8586E-10 3.2387E-10 2.7300E-10 2.2601E-10 1.9030E-10 1.5961E-10 1.2922E-10 1.0402E-10 8.2648E-11 6.3577E-11 5.0401E-11 3.7015E-11 2.9878E-11 2.3861E-11 2.4114E-11 2.1703E-11 2.2487E-11 2.3029E-11 2.3594E-11 2.4177E-11 2.5597E-11 2.7355E-11 2.9914E-11 3.3604E-11 3.6225E-11 3.9513E-11 4.2085E-11 4.3237E-11 4.3755E-11 4.4258E-11
1.9070E-09 1.8993E-09 1.8870E-09 1.8685E-09 1.8455E-09 1.8118E-09 1.7676E-09 1.7173E-09 1.6515E-09 1.5889E-09 1.5192E-09 1.4485E-09 1.3727E-09 1.2703E-09 1.1826E-09 1.1068E-09 1.0241E-09 9.5484E-10 8.6427E-10 8.0051E-10 7.3320E-10 6.7039E-10 6.0480E-10 5.3306E-10 4.7192E-10 4.1387E-10 3.6117E-10 3.0337E-10 2.6099E-10 2.2288E-10 1.9307E-10 1.6300E-10 1.3719E-10 1.0957E-10 8.8176E-11 6.7412E-11 5.3521E-11 3.8650E-11 2.9930E-11 2.0379E-11 1.6863E-11 1.3517E-11 1.4560E-11 1.5278E-11 1.6101E-11 1.7731E-11 1.8657E-11 1.9688E-11 2.0732E-11 2.1544E-11 2.2123E-11 2.2415E-11 2.3035E-11 2.4702E-11 2.6375E-11 2.9071E-11 3.1476E-11
1.6544E-09 1.6509E-09 1.6395E-09 1.6178E-09 1.5904E-09 1.5536E-09 1.5116E-09 1.4642E-09 1.4139E-09 1.3402E-09 1.2793E-09 1.2149E-09 1.1468E-09 1.0706E-09 9.9260E-10 9.1574E-10 8.5093E-10 7.7703E-10 7.1894E-10 6.5839E-10 6.0339E-10 5.4617E-10 4.8769E-10 4.3797E-10 3.8695E-10 3.4302E-10 2.9286E-10 2.5623E-10 2.2006E-10 1.9291E-10 1.6338E-10 1.3986E-10 1.1354E-10 9.2798E-11 7.1826E-11 5.6240E-11 4.0825E-11 3.0966E-11 2.0513E-11 1.5983E-11 1.0327E-11 1.0067E-11 9.7820E-12 9.4933E-12 9.2009E-12 9.6088E-12 1.0606E-11 1.1875E-11 1.3416E-11 1.4341E-11 1.4989E-11 1.6237E-11 1.7499E-11 1.8283E-11 1.9348E-11 1.9649E-11 2.0205E-11
1.4347E-09 1.4242E-09 1.4081E-09 1.3887E-09 1.3623E-09 1.3303E-09 1.2861E-09 1.2396E-09 1.1915E-09 1.1391E-09 1.0860E-09 1.0196E-09 9.6250E-10 9.0263E-10 8.4513E-10 7.8892E-10 7.2307E-10 6.7179E-10 6.1889E-10 5.7090E-10 5.1938E-10 4.6485E-10 4.1874E-10 3.7045E-10 3.2411E-10 2.8264E-10 2.4456E-10 2.1258E-10 1.8595E-10 1.5873E-10 1.3624E-10 1.1107E-10 9.2367E-11 7.4462E-11 5.5759E-11 4.2446E-11 2.9782E-11 2.0783E-11 1.4220E-11 9.5887E-12 6.8450E-12 6.3428E-12 6.0973E-12 5.8506E-12 5.8430E-12 5.5737E-12 5.0515E-12 4.7853E-12 4.5855E-12 4.9055E-12 6.3728E-12 7.8403E-12 9.3181E-12 1.0469E-11 1.0889E-11 1.1105E-11 1.1212E-11
1.2511E-09 1.2392E-09 1.2203E-09 1.1974E-09 1.1677E-09 1.1352E-09 1.0972E-09 1.0577E-09 1.0100E-09 9.6610E-10 9.1697E-10 8.6717E-10 8.1776E-10 7.6746E-10 7.1905E-10 6.6890E-10 6.2270E-10 5.7703E-10 5.3398E-10 4.8905E-10 4.4099E-10 3.9852E-10 3.5568E-10 3.1201E-10 2.7552E-10 2.3839E-10 2.1282E-10 1.8387E-10 1.6151E-10 1.3464E-10 1.1436E-10 9.4986E-11 7.8248E-11 5.8737E-11 4.4901E-11 3.0005E-11 2.0761E-11 1.1747E-11 7.3627E-12 1.9223E-12 9.8043E-14 0.0000E+00 0.0000E+00 0.0000E+00 0.0000E+00 0.0000E+00 0.0000E+00 0.0000E+00 0.0000E+00 0.0000E+00 0.0000E+00 0.0000E+00 6.2423E-13 1.4853E-12 2.5243E-12 4.1831E-12 6.3125E-12
1.0871E-09 1.0745E-09 1.0580E-09 1.0366E-09 1.0096E-09 9.7842E-10 9.4394E-10 9.0685E-10 8.6723E-10 8.2745E-10 7.8427E-10 7.4270E-10 6.9864E-10 6.5658E-10 6.1300E-10 5.7212E-10 5.3121E-10 4.9116E-10 4.5347E-10 4.1200E-10 3.7360E-10 3.3494E-10 2.9768E-10 2.6378E-10 2.3383E-10 2.0691E-10 1.8364E-10 1.6040E-10 1.3552E-10 1.1844E-10 9.7648E-11 8.2876E-11 6.3289E-11 5.1259E-11 3.4195E-11 2.5805E-11 1.6093E-11 1.0692E-11 4.2873E-12 2.0951E-12 1.2005E-13 0.0000E+00 0.0000E+00 0.0000E+00 0.0000E+00 0.0000E+00 0.0000E+00 0.0000E+00 0.0000E+00 0.0000E+00 0.0000E+00 0.0000E+00 0.0000E+00 0.0000E+00 0.0000E+00 0.0000E+00 2.9675E-13
9.4076E-10 9.2864E-10 9.1355E-10 8.9299E-10 8.7005E-10 8.4124E-10 8.1092E-10 7.7680E-10 7.4352E-10 7.0734E-10 6.7134E-10 6.3502E-10 5.9711E-10 5.5988E-10 5.2230E-10 4.8771E-10 4.4944E-10 4.1363E-10 3.7516E-10 3.4062E-10 3.1055E-10 2.7809E-10 2.4969E-10 2.2384E-10 2.0314E-10 1.7888E-10 1.5957E-10 1.3693E-10 1.2084E-10 1.0080E-10 8.6495E-11 6.7174E-11 5.6350E-11 3.9806E-11 3.0785E-11 2.0365E-11 1.3713E-11 7.4218E-12 4.4695E-12 2.1697E-12 1.1697E-13 0.0000E+00 0.0000E+00 0.0000E+00 0.0000E+00 0.0000E+00 0.0000E+00 0.0000E+00 0.0000E+00 0.0000E+00 0.0000E+00 0.0000E+00 0.0000E+00 0.0000E+00 0.0000E+00 0.0000E+00 0.0000E+00
8.0437E-10 7.9478E-10 7.8300E-10 7.6591E-10 7.4548E-10 7.1978E-10 6.9312E-10 6.6269E-10 6.3411E-10 6.0315E-10 5.7287E-10 5.3940E-10 5.0706E-10 4.7328E-10 4.4285E-10 4.0914E-10 3.7153E-10 3.3934E-10 3.1077E-10 2.8277E-10 2.5715E-10 2.3435E-10 2.1345E-10 1.9408E-10 1.7515E-10 1.5604E-10 1.3709E-10 1.2083E-10 1.0304E-10 8.7003E-11 7.0580E-11 5.8117E-11 4.4473E-11 3.4175E-11 2.4691E-11 1.6519E-11 1.0799E-11 7.3627E-12 4.3184E-12 2.1778E-12 4.0554E-13 0.0000E+00 0.0000E+00 0.0000E+00 0.0000E+00 0.0000E+00 0.0000E+00 0.0000E+00 0.0000E+00 0.0000E+00 0.0000E+00 0.0000E+00 0.0000E+00 0.0000E+00 0.0000E+00 0.0000E+00 0.0000E+00
6.8535E-10 6.7492E-10 6.6296E-10 6.4727E-10 6.2910E-10 6.0712E-10 5.8360E-10 5.5829E-10 5.3376E-10 5.0707E-10 4.8012E-10 4.5248E-10 4.2461E-10 3.9457E-10 3.6506E-10 3.3406E-10 3.0509E-10 2.8037E-10 2.5674E-10 2.3135E-10 2.1568E-10 1.9974E-10 1.8539E-10 1.6858E-10 1.5137E-10 1.3587E-10 1.1888E-10 1.0430E-10 8.4525E-11 7.3329E-11 5.6549E-11 4.7899E-11 3.6769E-11 2.9437E-11 1.9215E-11 1.4446E-11 1.0354E-11 7.0827E-12 4.4274E-12 2.3049E-12 3.9405E-13 0.0000E+00 0.0000E+00 0.0000E+00 0.0000E+00 0.0000E+00 0.0000E+00 0.0000E+00 0.0000E+00 0.0000E+00 0.0000E+00 0.0000E+00 0.0000E+00 0.0000E+00 0.0000E+00 0.0000E+00 0.0000E+00
