Assets/Resources/2015_m01_d25_2000(utc+0800)_l00_csi_1hr_conc.grd
DSAA
         159         159
     -79.000      79.000
     -79.000      79.000
  0.0000E+00  0.5169E-04
[rows 25 to 49 of 159, columns 57 to 113 of 159]
4.7962E-10 5.1768E-10 5.5786E-10 6.0019E-10 6.4684E-10 6.9372E-10 7.4280E-10 7.9407E-10 8.4964E-10 9.0537E-10 9.6319E-10 1.0230E-09 1.0848E-09 1.1507E-09 1.2163E-09 1.2835E-09 1.3522E-09 1.4222E-09 1.4977E-09 1.5702E-09 1.6435E-09 1.7174E-09 1.7942E-09 1.8687E-09 1.9448E-09 2.0190E-09 2.0925E-09 2.1652E-09 2.2367E-09 2.3068E-09 2.3752E-09 2.4417E-09 2.5058E-09 2.5675E-09 2.6264E-09 2.6822E-09 2.7348E-09 2.7854E-09 2.8308E-09 2.8722E-09 2.9095E-09 2.9426E-09 2.9712E-09 2.9952E-09 3.0146E-09 3.0292E-09 3.0375E-09 3.0425E-09 3.0427E-09 3.0380E-09 3.0285E-09 3.0142E-09 2.9953E-09 2.9718E-09 2.9438E-09 2.9116E-09 2.8751E-09
4.8846E-10 5.2729E-10 5.6828E-10 6.1366E-10 6.5928E-10 7.0714E-10 7.5723E-10 8.1179E-10 8.6652E-10 9.2343E-10 9.8247E-10 1.0458E-09 1.1090E-09 1.1742E-09 1.2411E-09 1.3098E-09 1.3842E-09 1.4560E-09 1.5290E-09 1.6030E-09 1.6805E-09 1.7577E-09 1.8337E-09 1.9099E-09 1.9860E-09 2.0616E-09 2.1367E-09 2.2108E-09 2.2837E-09 2.3551E-09 2.4264E-09 2.4940E-09 2.5594E-09 2.6221E-09 2.6820E-09 2.7387E-09 2.7920E-09 2.8418E-09 2.8877E-09 2.9296E-09 2.9672E-09 3.0004E-09 3.0291E-09 3.0532E-09 3.0724E-09 3.0868E-09 3.0963E-09 3.1008E-09 3.1003E-09 3.0949E-09 3.0846E-09 3.0695E-09 3.0495E-09 3.0234E-09 2.9943E-09 2.9608E-09 2.9231E-09
4.9712E-10 5.3670E-10 5.8071E-10 6.2496E-10 6.7149E-10 7.2031E-10 7.7370E-10 8.2729E-10 8.8314E-10 9.4121E-10 1.0037E-09 1.0663E-09 1.1308E-09 1.1973E-09 1.2699E-09 1.3403E-09 1.4122E-09 1.4855E-09 1.5643E-09 1.6401E-09 1.7167E-09 1.7939E-09 1.8715E-09 1.9492E-09 2.0268E-09 2.1055E-09 2.1821E-09 2.2576E-09 2.3320E-09 2.4047E-09 2.4757E-09 2.5445E-09 2.6109E-09 2.6747E-09 2.7355E-09 2.7930E-09 2.8471E-09 2.8975E-09 2.9439E-09 2.9861E-09 3.0241E-09 3.0575E-09 3.0862E-09 3.1102E-09 3.1293E-09 3.1434E-09 3.1525E-09 3.1565E-09 3.1554E-09 3.1493E-09 3.1381E-09 3.1220E-09 3.1011E-09 3.0754E-09 3.0451E-09 3.0103E-09 2.9713E-09
5.0556E-10 5.4813E-10 5.9093E-10 6.3604E-10 6.8560E-10 7.3557E-10 7.8788E-10 8.4252E-10 8.9947E-10 9.6106E-10 1.0227E-09 1.0865E-09 1.1565E-09 1.2247E-09 1.2947E-09 1.3665E-09 1.4442E-09 1.5192E-09 1.5955E-09 1.6729E-09 1.7510E-09 1.8298E-09 1.9106E-09 1.9899E-09 2.0690E-09 2.1477E-09 2.2257E-09 2.3026E-09 2.3783E-09 2.4524E-09 2.5245E-09 2.5945E-09 2.6620E-09 2.7284E-09 2.7901E-09 2.8484E-09 2.9032E-09 2.9542E-09 3.0011E-09 3.0437E-09 3.0819E-09 3.1154E-09 3.1442E-09 3.1681E-09 3.1869E-09 3.2006E-09 3.2092E-09 3.2126E-09 3.2109E-09 3.2024E-09 3.1904E-09 3.1733E-09 3.1513E-09 3.1245E-09 3.0930E-09 3.0570E-09 3.0166E-09
5.1605E-10 5.5733E-10 6.0092E-10 6.4903E-10 6.9755E-10 7.4847E-10 8.0178E-10 8.5970E-10 9.1794E-10 9.7851E-10 1.0429E-09 1.1108E-09 1.1783E-09 1.2478E-09 1.3235E-09 1.3970E-09 1.4721E-09 1.5487E-09 1.6265E-09 1.7054E-09 1.7868E-09 1.8672E-09 1.9479E-09 2.0287E-09 2.1093E-09 2.1895E-09 2.2689E-09 2.3483E-09 2.4259E-09 2.5013E-09 2.5747E-09 2.6458E-09 2.7144E-09 2.7801E-09 2.8427E-09 2.9018E-09 2.9572E-09 3.0087E-09 3.0561E-09 3.0990E-09 3.1374E-09 3.1711E-09 3.1998E-09 3.2235E-09 3.2421E-09 3.2554E-09 3.2635E-09 3.2663E-09 3.2638E-09 3.2561E-09 3.2431E-09 3.2250E-09 3.2019E-09 3.1739E-09 3.1395E-09 3.1022E-09 3.0604E-09
5.2428E-10 5.6628E-10 6.1285E-10 6.5984E-10 7.0925E-10 7.6109E-10 8.1767E-10 8.7460E-10 9.3393E-10 9.9987E-10 1.0642E-09 1.1309E-09 1.2039E-09 1.2751E-09 1.3483E-09 1.4232E-09 1.4998E-09 1.5795E-09 1.6589E-09 1.7394E-09 1.8207E-09 1.9026E-09 1.9849E-09 2.0672E-09 2.1510E-09 2.2327E-09 2.3135E-09 2.3933E-09 2.4716E-09 2.5483E-09 2.6228E-09 2.6951E-09 2.7646E-09 2.8313E-09 2.8946E-09 2.9545E-09 3.0106E-09 3.0626E-09 3.1103E-09 3.1536E-09 3.1921E-09 3.2258E-09 3.2545E-09 3.2780E-09 3.2962E-09 3.3092E-09 3.3167E-09 3.3189E-09 3.3156E-09 3.3070E-09 3.2931E-09 3.2740E-09 3.2497E-09 3.2205E-09 3.1864E-09 3.1476E-09 3.1044E-09
5.3227E-10 5.7721E-10 6.2257E-10 6.7037E-10 7.2065E-10 7.7576E-10 8.3123E-10 8.9079E-10 9.5399E-10 1.0172E-09 1.0828E-09 1.1551E-09 1.2256E-09 1.2982E-09 1.3727E-09 1.4508E-09 1.5289E-09 1.6086E-09 1.6895E-09 1.7715E-09 1.8543E-09 1.9395E-09 2.0233E-09 2.1072E-09 2.1908E-09 2.2739E-09 2.3562E-09 2.4373E-09 2.5169E-09 2.5947E-09 2.6722E-09 2.7455E-09 2.8161E-09 2.8837E-09 2.9479E-09 3.0084E-09 3.0651E-09 3.1176E-09 3.1657E-09 3.2092E-09 3.2479E-09 3.2816E-09 3.3101E-09 3.3333E-09 3.3512E-09 3.3637E-09 3.3706E-09 3.3720E-09 3.3679E-09 3.3584E-09 3.3418E-09 3.3216E-09 3.2961E-09 3.2657E-09 3.2303E-09 3.1901E-09 3.1455E-09
5.4223E-10 5.8589E-10 6.3201E-10 6.8062E-10 7.3413E-10 7.8803E-10 8.4614E-10 9.0797E-10 9.6986E-10 1.0385E-09 1.1057E-09 1.1752E-09 1.2470E-09 1.3226E-09 1.3986E-09 1.4766E-09 1.5562E-09 1.6373E-09 1.7214E-09 1.8050E-09 1.8895E-09 1.9745E-09 2.0598E-09 2.1452E-09 2.2303E-09 2.3148E-09 2.4002E-09 2.4826E-09 2.5636E-09 2.6427E-09 2.7196E-09 2.7940E-09 2.8655E-09 2.9340E-09 2.9989E-09 3.0602E-09 3.1174E-09 3.1703E-09 3.2188E-09 3.2625E-09 3.3012E-09 3.3348E-09 3.3632E-09 3.3862E-09 3.4037E-09 3.4156E-09 3.4219E-09 3.4226E-09 3.4176E-09 3.4071E-09 3.3911E-09 3.3697E-09 3.3430E-09 3.3111E-09 3.2727E-09 3.2311E-09 3.1850E-09
5.4994E-10 5.9430E-10 6.4116E-10 6.9296E-10 7.4517E-10 8.0422E-10 8.6203E-10 9.2244E-10 9.8988E-10 1.0558E-09 1.1242E-09 1.1966E-09 1.2698E-09 1.3452E-09 1.4227E-09 1.5020E-09 1.5848E-09 1.6676E-09 1.7516E-09 1.8367E-09 1.9226E-09 2.0091E-09 2.0977E-09 2.1846E-09 2.2712E-09 2.3572E-09 2.4422E-09 2.5260E-09 2.6082E-09 2.6885E-09 2.7665E-09 2.8419E-09 2.9144E-09 2.9837E-09 3.0494E-09 3.1130E-09 3.1707E-09 3.2241E-09 3.2728E-09 3.3167E-09 3.3555E-09 3.3890E-09 3.4171E-09 3.4398E-09 3.4551E-09 3.4664E-09 3.4721E-09 3.4720E-09 3.4661E-09 3.4546E-09 3.4375E-09 3.4149E-09 3.3870E-09 3.3538E-09 3.3156E-09 3.2725E-09 3.2248E-09
5.5738E-10 6.0242E-10 6.5242E-10 7.0285E-10 7.6023E-10 8.1635E-10 8.7681E-10 9.4120E-10 1.0057E-09 1.0727E-09 1.1441E-09 1.2163E-09 1.2908E-09 1.3676E-09 1.4482E-09 1.5291E-09 1.6117E-09 1.6959E-09 1.7814E-09 1.8697E-09 1.9572E-09 2.0453E-09 2.1337E-09 2.2221E-09 2.3101E-09 2.3975E-09 2.4839E-09 2.5690E-09 2.6542E-09 2.7357E-09 2.8148E-09 2.8913E-09 2.9647E-09 3.0348E-09 3.1013E-09 3.1638E-09 3.2220E-09 3.2757E-09 3.3247E-09 3.3687E-09 3.4075E-09 3.4409E-09 3.4688E-09 3.4910E-09 3.5075E-09 3.5182E-09 3.5231E-09 3.5221E-09 3.5153E-09 3.5027E-09 3.4844E-09 3.4589E-09 3.4296E-09 3.3950E-09 3.3554E-09 3.3109E-09 3.2616E-09
5.6454E-10 6.1265E-10 6.6285E-10 7.1680E-10 7.7113E-10 8.3250E-10 8.9268E-10 9.5558E-10 1.0229E-09 1.0913E-09 1.1622E-09 1.2357E-09 1.3133E-09 1.3915E-09 1.4718E-09 1.5541E-09 1.6382E-09 1.7256E-09 1.8127E-09 1.9009E-09 1.9899E-09 2.0795E-09 2.1694E-09 2.2592E-09 2.3505E-09 2.4393E-09 2.5271E-09 2.6135E-09 2.6983E-09 2.7809E-09 2.8611E-09 2.9385E-09 3.0129E-09 3.0838E-09 3.1509E-09 3.2139E-09 3.2726E-09 3.3267E-09 3.3759E-09 3.4199E-09 3.4587E-09 3.4919E-09 3.5195E-09 3.5414E-09 3.5573E-09 3.5674E-09 3.5714E-09 3.5696E-09 3.5617E-09 3.5481E-09 3.5286E-09 3.5034E-09 3.4728E-09 3.4367E-09 3.3955E-09 3.3478E-09 3.2970E-09
5.7380E-10 6.2041E-10 6.7411E-10 7.2654E-10 7.8614E-10 8.4453E-10 9.0570E-10 9.7145E-10 1.0383E-09 1.1078E-09 1.1817E-09 1.2566E-09 1.3338E-09 1.4134E-09 1.4951E-09 1.5807E-09 1.6663E-09 1.7535E-09 1.8421E-09 1.9318E-09 2.0223E-09 2.1152E-09 2.2066E-09 2.2979E-09 2.3889E-09 2.4791E-09 2.5683E-09 2.6560E-09 2.7419E-09 2.8256E-09 2.9069E-09 2.9853E-09 3.0605E-09 3.1322E-09 3.1999E-09 3.2635E-09 3.3226E-09 3.3770E-09 3.4264E-09 3.4705E-09 3.5091E-09 3.5422E-09 3.5695E-09 3.5908E-09 3.6062E-09 3.6155E-09 3.6188E-09 3.6160E-09 3.6071E-09 3.5923E-09 3.5716E-09 3.5451E-09 3.5131E-09 3.4756E-09 3.4328E-09 3.3851E-09 3.3327E-09
5.8058E-10 6.3230E-10 6.8275E-10 7.4046E-10 7.9694E-10 8.5795E-10 9.2028E-10 9.8543E-10 1.0534E-09 1.1259E-09 1.1994E-09 1.2755E-09 1.3541E-09 1.4368E-09 1.5201E-09 1.6053E-09 1.6924E-09 1.7811E-09 1.8729E-09 1.9642E-09 2.0563E-09 2.1490E-09 2.2418E-09 2.3346E-09 2.4270E-09 2.5186E-09 2.6090E-09 2.6980E-09 2.7851E-09 2.8700E-09 2.9522E-09 3.0316E-09 3.1076E-09 3.1800E-09 3.2484E-09 3.3125E-09 3.3720E-09 3.4267E-09 3.4762E-09 3.5203E-09 3.5588E-09 3.5916E-09 3.6185E-09 3.6394E-09 3.6542E-09 3.6627E-09 3.6651E-09 3.6613E-09 3.6514E-09 3.6354E-09 3.6134E-09 3.5856E-09 3.5521E-09 3.5131E-09 3.4688E-09 3.4195E-09 3.3654E-09
5.8963E-10 6.3990E-10 6.9561E-10 7.5008E-10 8.0918E-10 8.6960E-10 9.3291E-10 1.0009E-09 1.0701E-09 1.1420E-09 1.2168E-09 1.2959E-09 1.3759E-09 1.4583E-09 1.5429E-09 1.6296E-09 1.7200E-09 1.8103E-09 1.9019E-09 1.9946E-09 2.0882E-09 2.1823E-09 2.2767E-09 2.3709E-09 2.4646E-09 2.5576E-09 2.6493E-09 2.7396E-09 2.8278E-09 2.9138E-09 2.9971E-09 3.0774E-09 3.1542E-09 3.2273E-09 3.2963E-09 3.3609E-09 3.4208E-09 3.4757E-09 3.5253E-09 3.5694E-09 3.6078E-09 3.6403E-09 3.6668E-09 3.6871E-09 3.7012E-09 3.7090E-09 3.7105E-09 3.7057E-09 3.6946E-09 3.6774E-09 3.6541E-09 3.6249E-09 3.5899E-09 3.5494E-09 3.5035E-09 3.4526E-09 3.3968E-09
5.9814E-10 6.5176E-10 7.0413E-10 7.6120E-10 8.1958E-10 8.8092E-10 9.4703E-10 1.0144E-09 1.0847E-09 1.1596E-09 1.2357E-09 1.3144E-09 1.3958E-09 1.4795E-09 1.5674E-09 1.6556E-09 1.7457E-09 1.8374E-09 1.9305E-09 2.0247E-09 2.1198E-09 2.2180E-09 2.3139E-09 2.4097E-09 2.5050E-09 2.5994E-09 2.6926E-09 2.7842E-09 2.8737E-09 2.9572E-09 3.0415E-09 3.1227E-09 3.2003E-09 3.2741E-09 3.3437E-09 3.4088E-09 3.4690E-09 3.5241E-09 3.5737E-09 3.6178E-09 3.6560E-09 3.6882E-09 3.7142E-09 3.7340E-09 3.7473E-09 3.7543E-09 3.7548E-09 3.7490E-09 3.7367E-09 3.7182E-09 3.6936E-09 3.6630E-09 3.6265E-09 3.5844E-09 3.5369E-09 3.4843E-09 3.4268E-09
6.0713E-10 6.5923E-10 7.1417E-10 7.7043E-10 8.2967E-10 8.9381E-10 9.5924E-10 1.0277E-09 1.1009E-09 1.1754E-09 1.2526E-09 1.3326E-09 1.4171E-09 1.5023E-09 1.5898E-09 1.6795E-09 1.7710E-09 1.8641E-09 1.9614E-09 2.0572E-09 2.1539E-09 2.2541E-09 2.3516E-09 2.4490E-09 2.5458E-09 2.6417E-09 2.7327E-09 2.8255E-09 2.9163E-09 3.0045E-09 3.0899E-09 3.1721E-09 3.2506E-09 3.3204E-09 3.3905E-09 3.4560E-09 3.5165E-09 3.5718E-09 3.6215E-09 3.6655E-09 3.7035E-09 3.7353E-09 3.7609E-09 3.7800E-09 3.7926E-09 3.7987E-09 3.7983E-09 3.7913E-09 3.7779E-09 3.7581E-09 3.7320E-09 3.6999E-09 3.6619E-09 3.6182E-09 3.5690E-09 3.5147E-09 3.4555E-09
6.1553E-10 6.6640E-10 7.2230E-10 7.8110E-10 8.4137E-10 9.0471E-10 9.7290E-10 1.0425E-09 1.1151E-09 1.1907E-09 1.2711E-09 1.3525E-09 1.4365E-09 1.5231E-09 1.6119E-09 1.7030E-09 1.7986E-09 1.8962E-09 1.9926E-09 2.0902E-09 2.1915E-09 2.2906E-09 2.3898E-09 2.4888E-09 2.5836E-09 2.6809E-09 2.7768E-09 2.8710E-09 2.9630E-09 3.0525E-09 3.1390E-09 3.2172E-09 3.2965E-09 3.3718E-09 3.4425E-09 3.5085E-09 3.5693E-09 3.6247E-09 3.6687E-09 3.7125E-09 3.7503E-09 3.7817E-09 3.8067E-09 3.8252E-09 3.8371E-09 3.8422E-09 3.8408E-09 3.8326E-09 3.8180E-09 3.7968E-09 3.7694E-09 3.7357E-09 3.6961E-09 3.6508E-09 3.5999E-09 3.5439E-09 3.4829E-09
6.2173E-10 6.7535E-10 7.3191E-10 7.8992E-10 8.5103E-10 9.1713E-10 9.8467E-10 1.0553E-09 1.1308E-09 1.2077E-09 1.2875E-09 1.3702E-09 1.4555E-09 1.5434E-09 1.6364E-09 1.7319E-09 1.8267E-09 1.9262E-09 2.0244E-09 2.1237E-09 2.2238E-09 2.3244E-09 2.4251E-09 2.5256E-09 2.6255E-09 2.7243E-09 2.8217E-09 2.9173E-09 3.0058E-09 3.0963E-09 3.1838E-09 3.2678E-09 3.3480E-09 3.4239E-09 3.4953E-09 3.5556E-09 3.6167E-09 3.6723E-09 3.7220E-09 3.7657E-09 3.8031E-09 3.8341E-09 3.8518E-09 3.8696E-09 3.8806E-09 3.8849E-09 3.8823E-09 3.8730E-09 3.8571E-09 3.8346E-09 3.8056E-09 3.7704E-09 3.7292E-09 3.6822E-09 3.6296E-09 3.5718E-09 3.5091E-09
6.2760E-10 6.8210E-10 7.3961E-10 7.9840E-10 8.6227E-10 9.2759E-10 9.9608E-10 1.0697E-09 1.1446E-09 1.2227E-09 1.3037E-09 1.3875E-09 1.4769E-09 1.5693E-09 1.6643E-09 1.7588E-09 1.8554E-09 1.9536E-09 2.0566E-09 2.1576E-09 2.2595E-09 2.3618E-09 2.4643E-09 2.5624E-09 2.6637E-09 2.7640E-09 2.8628E-09 2.9596E-09 3.0541E-09 3.1459E-09 3.2345E-09 3.3195E-09 3.3943E-09 3.4709E-09 3.5427E-09 3.6095E-09 3.6709E-09 3.7265E-09 3.7762E-09 3.8126E-09 3.8497E-09 3.8802E-09 3.9039E-09 3.9209E-09 3.9309E-09 3.9340E-09 3.9230E-09 3.9125E-09 3.9023E-09 3.8789E-09 3.8482E-09 3.8112E-09 3.7680E-09 3.7125E-09 3.6582E-09 3.5986E-09 3.5340E-09
6.3551E-10 6.9061E-10 7.4698E-10 8.0851E-10 8.7148E-10 9.3951E-10 1.0091E-09 1.0820E-09 1.1580E-09 1.2372E-09 1.3221E-09 1.4104E-09 1.5018E-09 1.5931E-09 1.6869E-09 1.7862E-09 1.8845E-09 1.9845E-09 2.0861E-09 2.1888E-09 2.2923E-09 2.3963E-09 2.5003E-09 2.6040E-09 2.7070E-09 2.8089E-09 2.9092E-09 3.0019E-09 3.0977E-09 3.1905E-09 3.2801E-09 3.3660E-09 3.4478E-09 3.5251E-09 3.5975E-09 3.6646E-09 3.7262E-09 3.7745E-09 3.8241E-09 3.8673E-09 3.9039E-09 3.9338E-09 3.9567E-09 3.9727E-09 3.9741E-09 3.9762E-09 3.9712E-09 3.9671E-09 3.9487E-09 3.9234E-09 3.8908E-09 3.8449E-09 3.8000E-09 3.7492E-09 3.6927E-09 3.6309E-09 3.5641E-09
6.4096E-10 6.9694E-10 7.5603E-10 8.1655E-10 8.8223E-10 9.4952E-10 1.0201E-09 1.0940E-09 1.1737E-09 1.2571E-09 1.3440E-09 1.4312E-09 1.5243E-09 1.6174E-09 1.7129E-09 1.8108E-09 1.9107E-09 2.0158E-09 2.1192E-09 2.2200E-09 2.3251E-09 2.4308E-09 2.5364E-09 2.6417E-09 2.7463E-09 2.8496E-09 2.9514E-09 3.0510E-09 3.1481E-09 3.2422E-09 3.3329E-09 3.4126E-09 3.4952E-09 3.5731E-09 3.6460E-09 3.7135E-09 3.7753E-09 3.8310E-09 3.8804E-09 3.9232E-09 3.9593E-09 3.9803E-09 4.0025E-09 4.0176E-09 4.0256E-09 4.0346E-09 4.0286E-09 4.0155E-09 3.9879E-09 3.9609E-09 3.9265E-09 3.8857E-09 3.8386E-09 3.7855E-09 3.7267E-09 3.6564E-09 3.5877E-09
6.4843E-10 7.0499E-10 7.6296E-10 8.2617E-10 8.9098E-10 9.5916E-10 1.0307E-09 1.1111E-09 1.1927E-09 1.2750E-09 1.3636E-09 1.4524E-09 1.5442E-09 1.6388E-09 1.7392E-09 1.8390E-09 1.9408E-09 2.0444E-09 2.1496E-09 2.2559E-09 2.3630E-09 2.4705E-09 2.5780E-09 2.6852E-09 2.7858E-09 2.8906E-09 2.9938E-09 3.0948E-09 3.1931E-09 3.2884E-09 3.3802E-09 3.4679E-09 3.5513E-09 3.6299E-09 3.7032E-09 3.7710E-09 3.8244E-09 3.8802E-09 3.9294E-09 3.9720E-09 4.0076E-09 4.0361E-09 4.0573E-09 4.0800E-09 4.0872E-09 4.0787E-09 4.0715E-09 4.0570E-09 4.0353E-09 4.0061E-09 3.9696E-09 3.9264E-09 3.8701E-09 3.8151E-09 3.7543E-09 3.6882E-09 3.6170E-09
6.5345E-10 7.1088E-10 7.7152E-10 8.3375E-10 8.9938E-10 9.7104E-10 1.0495E-09 1.1263E-09 1.2095E-09 1.2934E-09 1.3805E-09 1.4708E-09 1.5675E-09 1.6639E-09 1.7667E-09 1.8684E-09 1.9722E-09 2.0779E-09 2.1851E-09 2.2934E-09 2.4025E-09 2.5065E-09 2.6157E-09 2.7246E-09 2.8325E-09 2.9391E-09 3.0439E-09 3.1464E-09 3.2385E-09 3.3350E-09 3.4278E-09 3.5165E-09 3.6007E-09 3.6798E-09 3.7537E-09 3.8218E-09 3.8837E-09 3.9393E-09 3.9882E-09 4.0302E-09 4.0559E-09 4.0838E-09 4.1137E-09 4.1278E-09 4.1339E-09 4.1325E-09 4.1235E-09 4.1071E-09 4.0833E-09 4.0516E-09 4.0055E-09 3.9604E-09 3.9090E-09 3.8515E-09 3.7882E-09 3.7195E-09 3.6458E-09
6.5811E-10 7.1642E-10 7.7800E-10 8.4096E-10 9.1281E-10 9.8632E-10 1.0607E-09 1.1419E-09 1.2236E-09 1.3088E-09 1.4008E-09 1.4965E-09 1.5919E-09 1.6903E-09 1.7914E-09 1.8949E-09 2.0006E-09 2.1081E-09 2.2172E-09 2.3274E-09 2.4384E-09 2.5498E-09 2.6611E-09 2.8011E-09 2.9106E-09 3.0108E-09 3.1166E-09 3.2198E-09 3.3200E-09 3.4168E-09 3.5097E-09 3.5981E-09 3.6505E-09 3.7303E-09 3.8046E-09 3.8730E-09 3.9351E-09 3.9907E-09 4.0394E-09 4.0810E-09 4.1153E-09 4.1525E-09 4.1729E-09 4.1855E-09 4.1809E-09 4.1781E-09 4.1677E-09 4.1497E-09 4.1243E-09 4.0904E-09 4.0496E-09 4.0020E-09 3.9479E-09 3.8878E-09 3.8155E-09 3.7447E-09 3.6688E-09
6.6504E-10 7.2389E-10 7.8411E-10 8.5618E-10 9.2440E-10 9.9933E-10 1.0751E-09 1.1546E-09 1.2410E-09 1.3316E-09 1.4223E-09 1.5163E-09 1.6134E-09 1.7136E-09 1.8165E-09 1.9218E-09 2.0294E-09 2.1389E-09 2.2499E-09 2.3620E-09 2.4750E-09 2.6252E-09 2.7384E-09 2.8509E-09 2.9622E-09 3.0718E-09 3.1791E-09 3.2837E-09 3.3852E-09 3.4829E-09 3.5667E-09 3.6558E-09 3.7399E-09 3.8187E-09 3.8917E-09 3.9585E-09 3.9978E-09 4.0426E-09 4.1063E-09 4.1466E-09 4.1906E-09 4.2174E-09 4.2360E-09 4.2466E-09 4.2489E-09 4.2434E-09 4.2300E-09 4.2090E-09 4.1733E-09 4.1292E-09 4.0863E-09 4.0365E-09 3.9803E-09 3.9179E-09 3.8497E-09 3.7760E-09 3.6973E-09
