Assets/Resources/2015_m01_d01_2100(utc+0800)_l00_csi_1hr_conc.grd
DSAA
         159         159
     -79.000      79.000
     -79.000      79.000
  0.0000E+00  0.1220E-04
[rows 100 to 124 of 159, columns 57 to 113 of 159]
0.0000E+00 0.0000E+00 0.0000E+00 0.0000E+00 0.0000E+00 0.0000E+00 0.0000E+00 0.0000E+00 0.0000E+00 0.0000E+00 0.0000E+00 0.0000E+00 0.0000E+00 0.0000E+00 0.0000E+00 0.0000E+00 0.0000E+00 0.0000E+00 4.7734E-13 5.6556E-12 1.9429E-11 8.8711E-11 2.7305E-10 3.7800E-10 8.9862E-10 1.8526E-09 2.3727E-09 2.9077E-09 3.6420E-09 4.4359E-09 5.3364E-09 6.0914E-09 6.8185E-09 7.6375E-09 8.4882E-09 9.4028E-09 1.0373E-08 1.1403E-08 1.2396E-08 1.3417E-08 1.4433E-08 1.4277E-08 1.3775E-08 1.2551E-08 9.4406E-09 6.7904E-09 6.1743E-09 5.8497E-09 5.7988E-09 5.7532E-09 5.7232E-09 5.1530E-09 5.1749E-09 5.2100E-09 5.2688E-09 5.3205E-09 5.3838E-09
0.0000E+00 0.0000E+00 0.0000E+00 0.0000E+00 0.0000E+00 0.0000E+00 0.0000E+00 0.0000E+00 0.0000E+00 0.0000E+00 0.0000E+00 0.0000E+00 0.0000E+00 0.0000E+00 0.0000E+00 0.0000E+00 0.0000E+00 0.0000E+00 0.0000E+00 2.5555E-12 8.6990E-12 2.3822E-11 4.1731E-11 2.4814E-10 6.6453E-10 9.0793E-10 1.1308E-09 2.1228E-09 2.6410E-09 3.2360E-09 3.9105E-09 4.6132E-09 5.2113E-09 5.8982E-09 6.6309E-09 7.4604E-09 8.3060E-09 9.1677E-09 1.0070E-08 1.0987E-08 1.1903E-08 1.1814E-08 9.5506E-09 8.5844E-09 7.0009E-09 5.1872E-09 4.9910E-09 4.7748E-09 4.7742E-09 4.2276E-09 4.3062E-09 4.3671E-09 4.4418E-09 4.5143E-09 4.5875E-09 4.6747E-09 4.7686E-09
0.0000E+00 0.0000E+00 0.0000E+00 0.0000E+00 0.0000E+00 0.0000E+00 0.0000E+00 0.0000E+00 0.0000E+00 0.0000E+00 0.0000E+00 0.0000E+00 0.0000E+00 0.0000E+00 0.0000E+00 0.0000E+00 0.0000E+00 0.0000E+00 0.0000E+00 0.0000E+00 5.5895E-12 1.3512E-11 2.7323E-11 5.0894E-11 7.7757E-11 6.3987E-10 8.5031E-10 1.0521E-09 1.2973E-09 1.6402E-09 2.0986E-09 2.5688E-09 3.9942E-09 4.5979E-09 5.2026E-09 5.8721E-09 6.6024E-09 7.3606E-09 7.4347E-09 8.2789E-09 8.4872E-09 8.4492E-09 7.7713E-09 6.2795E-09 5.6690E-09 4.0747E-09 3.8708E-09 3.8847E-09 3.3951E-09 3.4954E-09 3.6036E-09 3.7082E-09 3.7972E-09 3.8876E-09 3.9976E-09 4.1040E-09 4.2160E-09
0.0000E+00 0.0000E+00 0.0000E+00 0.0000E+00 0.0000E+00 0.0000E+00 0.0000E+00 0.0000E+00 0.0000E+00 0.0000E+00 0.0000E+00 0.0000E+00 0.0000E+00 0.0000E+00 0.0000E+00 0.0000E+00 0.0000E+00 0.0000E+00 0.0000E+00 0.0000E+00 1.0913E-12 7.3268E-12 1.8447E-11 3.1566E-11 5.7104E-11 8.2967E-11 1.0921E-10 7.4377E-10 9.3078E-10 1.1124E-09 1.4693E-09 1.7372E-09 2.3349E-09 2.9270E-09 3.4361E-09 4.0136E-09 4.6320E-09 5.2924E-09 5.9907E-09 6.7550E-09 6.9071E-09 6.8712E-09 6.3790E-09 4.6034E-09 3.4971E-09 2.6486E-09 2.5600E-09 2.6496E-09 2.7533E-09 2.8840E-09 3.0149E-09 3.1284E-09 3.2446E-09 3.3595E-09 3.4786E-09 3.5998E-09 3.7126E-09
0.0000E+00 0.0000E+00 0.0000E+00 0.0000E+00 0.0000E+00 0.0000E+00 0.0000E+00 0.0000E+00 0.0000E+00 0.0000E+00 0.0000E+00 0.0000E+00 0.0000E+00 0.0000E+00 0.0000E+00 0.0000E+00 0.0000E+00 0.0000E+00 0.0000E+00 0.0000E+00 0.0000E+00 3.3240E-12 9.1400E-12 2.2555E-11 3.6154E-11 6.0390E-11 8.7348E-11 1.0739E-10 1.5693E-10 2.3730E-10 9.3722E-10 1.2974E-09 1.5873E-09 2.1830E-09 2.6341E-09 3.1277E-09 3.6909E-09 4.2757E-09 4.8952E-09 5.5377E-09 5.6693E-09 4.9747E-09 3.9555E-09 3.1453E-09 2.0965E-09 2.0384E-09 2.0073E-09 2.1160E-09 2.2369E-09 2.3604E-09 2.5002E-09 2.6405E-09 2.7672E-09 2.8919E-09 3.0102E-09 3.1340E-09 3.2627E-09
0.0000E+00 0.0000E+00 0.0000E+00 0.0000E+00 0.0000E+00 0.0000E+00 0.0000E+00 0.0000E+00 0.0000E+00 0.0000E+00 0.0000E+00 0.0000E+00 0.0000E+00 0.0000E+00 0.0000E+00 0.0000E+00 0.0000E+00 0.0000E+00 0.0000E+00 0.0000E+00 0.0000E+00 1.0611E-13 5.7696E-12 1.0931E-11 2.5855E-11 4.0112E-11 6.0948E-11 9.0500E-11 1.0742E-10 1.4539E-10 1.8287E-10 2.1669E-10 5.1400E-10 1.0112E-09 1.4710E-09 1.8716E-09 2.3308E-09 2.8341E-09 3.3812E-09 3.6285E-09 3.7448E-09 3.4964E-09 2.5970E-09 2.4998E-09 1.5830E-09 1.5171E-09 1.5805E-09 1.6701E-09 1.8185E-09 1.9559E-09 2.1029E-09 2.2475E-09 2.3765E-09 2.4963E-09 2.6202E-09 2.7415E-09 2.8645E-09
0.0000E+00 0.0000E+00 0.0000E+00 0.0000E+00 0.0000E+00 0.0000E+00 0.0000E+00 0.0000E+00 0.0000E+00 0.0000E+00 0.0000E+00 0.0000E+00 0.0000E+00 0.0000E+00 0.0000E+00 0.0000E+00 0.0000E+00 0.0000E+00 0.0000E+00 0.0000E+00 0.0000E+00 0.0000E+00 8.6518E-13 7.5820E-12 1.2622E-11 2.9127E-11 4.3311E-11 6.0197E-11 9.1508E-11 1.0772E-10 1.3160E-10 1.7358E-10 2.0385E-10 5.9226E-10 1.0746E-09 1.4675E-09 1.8582E-09 2.2843E-09 2.7508E-09 2.9349E-09 2.8574E-09 2.8559E-09 1.8992E-09 1.3018E-09 1.2174E-09 1.1894E-09 1.2687E-09 1.3598E-09 1.4742E-09 1.6217E-09 1.7653E-09 1.9012E-09 2.0296E-09 2.1493E-09 2.2692E-09 2.3907E-09 2.5145E-09
0.0000E+00 0.0000E+00 0.0000E+00 0.0000E+00 0.0000E+00 0.0000E+00 0.0000E+00 0.0000E+00 0.0000E+00 0.0000E+00 0.0000E+00 0.0000E+00 0.0000E+00 0.0000E+00 0.0000E+00 0.0000E+00 0.0000E+00 0.0000E+00 0.0000E+00 0.0000E+00 0.0000E+00 0.0000E+00 0.0000E+00 2.0448E-12 8.1587E-12 1.4638E-11 3.0433E-11 4.5562E-11 5.8182E-11 8.5792E-11 1.0541E-10 1.2629E-10 1.4956E-10 2.9906E-10 7.2891E-10 1.1870E-09 1.4915E-09 1.8581E-09 2.2655E-09 2.4295E-09 2.1394E-09 1.9782E-09 1.5574E-09 9.6304E-10 9.2862E-10 9.6384E-10 1.0343E-09 1.1169E-09 1.2145E-09 1.3428E-09 1.4798E-09 1.6118E-09 1.7294E-09 1.8459E-09 1.9573E-09 2.0717E-09 2.1918E-09
0.0000E+00 0.0000E+00 0.0000E+00 0.0000E+00 0.0000E+00 0.0000E+00 0.0000E+00 0.0000E+00 0.0000E+00 0.0000E+00 0.0000E+00 0.0000E+00 0.0000E+00 0.0000E+00 0.0000E+00 0.0000E+00 0.0000E+00 0.0000E+00 0.0000E+00 0.0000E+00 0.0000E+00 0.0000E+00 0.0000E+00 0.0000E+00 3.1674E-12 8.8286E-12 1.6935E-11 2.9576E-11 4.6482E-11 5.8836E-11 7.6416E-11 9.8583E-11 1.2005E-10 1.4064E-10 4.7661E-10 8.5056E-10 1.2378E-09 1.5467E-09 1.7118E-09 1.8318E-09 1.7644E-09 1.2829E-09 1.2936E-09 7.7795E-10 7.5238E-10 8.0478E-10 8.6579E-10 9.3206E-10 1.0128E-09 1.1067E-09 1.2412E-09 1.3671E-09 1.4805E-09 1.5888E-09 1.6988E-09 1.8089E-09 1.9220E-09
0.0000E+00 0.0000E+00 0.0000E+00 0.0000E+00 0.0000E+00 0.0000E+00 0.0000E+00 0.0000E+00 0.0000E+00 0.0000E+00 0.0000E+00 0.0000E+00 0.0000E+00 0.0000E+00 0.0000E+00 0.0000E+00 0.0000E+00 0.0000E+00 0.0000E+00 0.0000E+00 0.0000E+00 0.0000E+00 0.0000E+00 0.0000E+00 1.8555E-13 3.9342E-12 9.4621E-12 1.8488E-11 2.7596E-11 4.6503E-11 5.9220E-11 6.9040E-11 8.7056E-11 1.0876E-10 2.3184E-10 5.7972E-10 9.6427E-10 1.2729E-09 1.4226E-09 1.3655E-09 1.4778E-09 9.9410E-10 6.7656E-10 6.3527E-10 6.2400E-10 6.7389E-10 7.2679E-10 7.8526E-10 8.5390E-10 9.3408E-10 1.0324E-09 1.1584E-09 1.2613E-09 1.3601E-09 1.4599E-09 1.5628E-09 1.6686E-09
0.0000E+00 0.0000E+00 0.0000E+00 0.0000E+00 0.0000E+00 0.0000E+00 0.0000E+00 0.0000E+00 0.0000E+00 0.0000E+00 0.0000E+00 0.0000E+00 0.0000E+00 0.0000E+00 0.0000E+00 0.0000E+00 0.0000E+00 0.0000E+00 0.0000E+00 0.0000E+00 0.0000E+00 0.0000E+00 0.0000E+00 0.0000E+00 0.0000E+00 5.7456E-13 4.3431E-12 1.0479E-11 1.9064E-11 2.6897E-11 4.4080E-11 5.7468E-11 6.8275E-11 8.1430E-11 9.6894E-11 3.2833E-10 6.4266E-10 1.0394E-09 1.1744E-09 1.0628E-09 1.0038E-09 8.0706E-10 4.9121E-10 4.8312E-10 5.1172E-10 5.5899E-10 6.0806E-10 6.6230E-10 7.2228E-10 7.9385E-10 8.6900E-10 9.8465E-10 1.0790E-09 1.1694E-09 1.2617E-09 1.3549E-09 1.4535E-09
0.0000E+00 0.0000E+00 0.0000E+00 0.0000E+00 0.0000E+00 0.0000E+00 0.0000E+00 0.0000E+00 0.0000E+00 0.0000E+00 0.0000E+00 0.0000E+00 0.0000E+00 0.0000E+00 0.0000E+00 0.0000E+00 0.0000E+00 0.0000E+00 0.0000E+00 0.0000E+00 0.0000E+00 0.0000E+00 0.0000E+00 0.0000E+00 0.0000E+00 0.0000E+00 8.6624E-13 4.4266E-12 1.0385E-11 1.9171E-11 2.6856E-11 3.9161E-11 5.3499E-11 6.4892E-11 7.7505E-11 1.0375E-10 3.8794E-10 6.7869E-10 8.8230E-10 8.7625E-10 6.3123E-10 5.2634E-10 3.8618E-10 3.7797E-10 4.1522E-10 4.5952E-10 5.0215E-10 5.4397E-10 6.0584E-10 6.6702E-10 7.3602E-10 8.2722E-10 9.1776E-10 1.0012E-09 1.0885E-09 1.1779E-09 1.2684E-09
0.0000E+00 0.0000E+00 0.0000E+00 0.0000E+00 0.0000E+00 0.0000E+00 0.0000E+00 0.0000E+00 0.0000E+00 0.0000E+00 0.0000E+00 0.0000E+00 0.0000E+00 0.0000E+00 0.0000E+00 0.0000E+00 0.0000E+00 0.0000E+00 0.0000E+00 0.0000E+00 0.0000E+00 0.0000E+00 0.0000E+00 0.0000E+00 0.0000E+00 0.0000E+00 0.0000E+00 9.9908E-13 4.4660E-12 9.4338E-12 1.8997E-11 2.6774E-11 3.7026E-11 4.7792E-11 5.9729E-11 7.1397E-11 1.9540E-10 4.7270E-10 6.1853E-10 7.2581E-10 4.8956E-10 3.2390E-10 3.0858E-10 3.0442E-10 3.4125E-10 3.8022E-10 4.1690E-10 4.5646E-10 5.0423E-10 5.6526E-10 6.2738E-10 7.1037E-10 7.8177E-10 8.6451E-10 9.4305E-10 1.0248E-09 1.1073E-09
0.0000E+00 0.0000E+00 0.0000E+00 0.0000E+00 0.0000E+00 0.0000E+00 0.0000E+00 0.0000E+00 0.0000E+00 0.0000E+00 0.0000E+00 0.0000E+00 0.0000E+00 0.0000E+00 0.0000E+00 0.0000E+00 0.0000E+00 0.0000E+00 0.0000E+00 0.0000E+00 0.0000E+00 0.0000E+00 0.0000E+00 0.0000E+00 0.0000E+00 0.0000E+00 0.0000E+00 0.0000E+00 8.9538E-13 4.4602E-12 9.4348E-12 1.8574E-11 2.5698E-11 3.1551E-11 4.5362E-11 5.4176E-11 6.5488E-11 2.7958E-10 4.4413E-10 4.8650E-10 3.9605E-10 2.3004E-10 2.2406E-10 2.4418E-10 2.7630E-10 3.0993E-10 3.4388E-10 3.7692E-10 4.2162E-10 4.7401E-10 5.3562E-10 6.0587E-10 6.7416E-10 7.4279E-10 8.1418E-10 8.8644E-10 9.6032E-10
0.0000E+00 0.0000E+00 0.0000E+00 0.0000E+00 0.0000E+00 0.0000E+00 0.0000E+00 0.0000E+00 0.0000E+00 0.0000E+00 0.0000E+00 0.0000E+00 0.0000E+00 0.0000E+00 0.0000E+00 0.0000E+00 0.0000E+00 0.0000E+00 0.0000E+00 0.0000E+00 0.0000E+00 0.0000E+00 0.0000E+00 0.0000E+00 0.0000E+00 0.0000E+00 0.0000E+00 0.0000E+00 0.0000E+00 4.4937E-13 4.5127E-12 9.4534E-12 1.6444E-11 2.4197E-11 2.9242E-11 4.3375E-11 5.1514E-11 9.7113E-11 2.8251E-10 2.8547E-10 2.2187E-10 1.8033E-10 1.7581E-10 1.9722E-10 2.2041E-10 2.4543E-10 2.7233E-10 3.0420E-10 3.4130E-10 3.8838E-10 4.4239E-10 5.0257E-10 5.7200E-10 6.3547E-10 7.0074E-10 7.6749E-10 8.3475E-10
0.0000E+00 0.0000E+00 0.0000E+00 0.0000E+00 0.0000E+00 0.0000E+00 0.0000E+00 0.0000E+00 0.0000E+00 0.0000E+00 0.0000E+00 0.0000E+00 0.0000E+00 0.0000E+00 0.0000E+00 0.0000E+00 0.0000E+00 0.0000E+00 0.0000E+00 0.0000E+00 0.0000E+00 0.0000E+00 0.0000E+00 0.0000E+00 0.0000E+00 0.0000E+00 0.0000E+00 0.0000E+00 0.0000E+00 0.0000E+00 0.0000E+00 4.8901E-12 9.3903E-12 1.3225E-11 2.2004E-11 2.6963E-11 3.6359E-11 4.8179E-11 1.4390E-10 2.0819E-10 1.3904E-10 1.3971E-10 1.3947E-10 1.5814E-10 1.7803E-10 2.0012E-10 2.2132E-10 2.4467E-10 2.7320E-10 3.1878E-10 3.6479E-10 4.2411E-10 4.9019E-10 5.4929E-10 6.0863E-10 6.6725E-10 7.3041E-10
0.0000E+00 0.0000E+00 0.0000E+00 0.0000E+00 0.0000E+00 0.0000E+00 0.0000E+00 0.0000E+00 0.0000E+00 0.0000E+00 0.0000E+00 0.0000E+00 0.0000E+00 0.0000E+00 0.0000E+00 0.0000E+00 0.0000E+00 0.0000E+00 0.0000E+00 0.0000E+00 0.0000E+00 0.0000E+00 0.0000E+00 0.0000E+00 0.0000E+00 0.0000E+00 0.0000E+00 0.0000E+00 0.0000E+00 0.0000E+00 0.0000E+00 0.0000E+00 5.0068E-12 9.2478E-12 1.1341E-11 2.1369E-11 2.4239E-11 3.3581E-11 4.0468E-11 1.2470E-10 9.1746E-11 9.1734E-11 1.0968E-10 1.2578E-10 1.4143E-10 1.5723E-10 1.7866E-10 1.9587E-10 2.2415E-10 2.5408E-10 2.9870E-10 3.5329E-10 4.1089E-10 4.7130E-10 5.2238E-10 5.7389E-10 6.3120E-10
0.0000E+00 0.0000E+00 0.0000E+00 0.0000E+00 0.0000E+00 0.0000E+00 0.0000E+00 0.0000E+00 0.0000E+00 0.0000E+00 0.0000E+00 0.0000E+00 0.0000E+00 0.0000E+00 0.0000E+00 0.0000E+00 0.0000E+00 0.0000E+00 0.0000E+00 0.0000E+00 0.0000E+00 0.0000E+00 0.0000E+00 0.0000E+00 0.0000E+00 0.0000E+00 0.0000E+00 0.0000E+00 0.0000E+00 0.0000E+00 0.0000E+00 0.0000E+00 0.0000E+00 2.9490E-12 9.0303E-12 1.0688E-11 1.6296E-11 2.3202E-11 3.0404E-11 3.7066E-11 6.1561E-11 6.7298E-11 8.1486E-11 1.0010E-10 1.1521E-10 1.2885E-10 1.4153E-10 1.5964E-10 1.7790E-10 1.9894E-10 2.3851E-10 2.8540E-10 3.4164E-10 3.9315E-10 4.4339E-10 4.9603E-10 5.4973E-10
0.0000E+00 0.0000E+00 0.0000E+00 0.0000E+00 0.0000E+00 0.0000E+00 0.0000E+00 0.0000E+00 0.0000E+00 0.0000E+00 0.0000E+00 0.0000E+00 0.0000E+00 0.0000E+00 0.0000E+00 0.0000E+00 0.0000E+00 0.0000E+00 0.0000E+00 0.0000E+00 0.0000E+00 0.0000E+00 0.0000E+00 0.0000E+00 0.0000E+00 0.0000E+00 0.0000E+00 0.0000E+00 0.0000E+00 0.0000E+00 0.0000E+00 0.0000E+00 0.0000E+00 0.0000E+00 6.4354E-13 8.7441E-12 9.9089E-12 1.5265E-11 1.9851E-11 2.7299E-11 3.4280E-11 4.6683E-11 5.7602E-11 7.1848E-11 8.8740E-11 1.0423E-10 1.1543E-10 1.2774E-10 1.4450E-10 1.6709E-10 1.9530E-10 2.2976E-10 2.8823E-10 3.3403E-10 3.7885E-10 4.2855E-10 4.7981E-10
0.0000E+00 0.0000E+00 0.0000E+00 0.0000E+00 0.0000E+00 0.0000E+00 0.0000E+00 0.0000E+00 0.0000E+00 0.0000E+00 0.0000E+00 0.0000E+00 0.0000E+00 0.0000E+00 0.0000E+00 0.0000E+00 0.0000E+00 0.0000E+00 0.0000E+00 0.0000E+00 0.0000E+00 0.0000E+00 0.0000E+00 0.0000E+00 0.0000E+00 0.0000E+00 0.0000E+00 0.0000E+00 0.0000E+00 0.0000E+00 0.0000E+00 0.0000E+00 0.0000E+00 0.0000E+00 0.0000E+00 3.5982E-13 5.7589E-12 9.4558E-12 1.3565E-11 1.6817E-11 2.1529E-11 3.1633E-11 4.3548E-11 5.3775E-11 6.3624E-11 7.3730E-11 8.6789E-11 9.7172E-11 1.0793E-10 1.2743E-10 1.5150E-10 1.8105E-10 2.2758E-10 2.7058E-10 3.1291E-10 3.5817E-10 4.0289E-10
0.0000E+00 0.0000E+00 0.0000E+00 0.0000E+00 0.0000E+00 0.0000E+00 0.0000E+00 0.0000E+00 0.0000E+00 0.0000E+00 0.0000E+00 0.0000E+00 0.0000E+00 0.0000E+00 0.0000E+00 0.0000E+00 0.0000E+00 0.0000E+00 0.0000E+00 0.0000E+00 0.0000E+00 0.0000E+00 0.0000E+00 0.0000E+00 0.0000E+00 0.0000E+00 0.0000E+00 0.0000E+00 0.0000E+00 0.0000E+00 0.0000E+00 0.0000E+00 0.0000E+00 0.0000E+00 0.0000E+00 0.0000E+00 3.6310E-15 3.9571E-12 7.7871E-12 1.1446E-11 1.5883E-11 1.7916E-11 2.4259E-11 3.7245E-11 4.9473E-11 5.8561E-11 6.6652E-11 7.7567E-11 8.6044E-11 1.0186E-10 1.2105E-10 1.4714E-10 1.7828E-10 2.2472E-10 2.6420E-10 3.0491E-10 3.4665E-10
0.0000E+00 0.0000E+00 0.0000E+00 0.0000E+00 0.0000E+00 0.0000E+00 0.0000E+00 0.0000E+00 0.0000E+00 0.0000E+00 0.0000E+00 0.0000E+00 0.0000E+00 0.0000E+00 0.0000E+00 0.0000E+00 0.0000E+00 0.0000E+00 0.0000E+00 0.0000E+00 0.0000E+00 0.0000E+00 0.0000E+00 0.0000E+00 0.0000E+00 0.0000E+00 0.0000E+00 0.0000E+00 0.0000E+00 0.0000E+00 0.0000E+00 0.0000E+00 0.0000E+00 0.0000E+00 0.0000E+00 0.0000E+00 0.0000E+00 0.0000E+00 2.7720E-12 4.6523E-12 7.6933E-12 1.3428E-11 1.6444E-11 2.1720E-11 3.0984E-11 4.1403E-11 4.9260E-11 5.5796E-11 6.2518E-11 7.7558E-11 9.5871E-11 1.1344E-10 1.4460E-10 1.8182E-10 2.1631E-10 2.5424E-10 2.9080E-10
0.0000E+00 0.0000E+00 0.0000E+00 0.0000E+00 0.0000E+00 0.0000E+00 0.0000E+00 0.0000E+00 0.0000E+00 0.0000E+00 0.0000E+00 0.0000E+00 0.0000E+00 0.0000E+00 0.0000E+00 0.0000E+00 0.0000E+00 0.0000E+00 0.0000E+00 0.0000E+00 0.0000E+00 0.0000E+00 0.0000E+00 0.0000E+00 0.0000E+00 0.0000E+00 0.0000E+00 0.0000E+00 0.0000E+00 0.0000E+00 0.0000E+00 0.0000E+00 0.0000E+00 0.0000E+00 0.0000E+00 0.0000E+00 0.0000E+00 0.0000E+00 0.0000E+00 1.3460E-12 4.4580E-12 4.9672E-12 8.8781E-12 1.3505E-11 2.0745E-11 2.6643E-11 3.4161E-11 3.9520E-11 4.3315E-11 5.4801E-11 6.9655E-11 8.8571E-11 1.1337E-10 1.4687E-10 1.7719E-10 2.0801E-10 2.4042E-10
0.0000E+00 0.0000E+00 0.0000E+00 0.0000E+00 0.0000E+00 0.0000E+00 0.0000E+00 0.0000E+00 0.0000E+00 0.0000E+00 0.0000E+00 0.0000E+00 0.0000E+00 0.0000E+00 0.0000E+00 0.0000E+00 0.0000E+00 0.0000E+00 0.0000E+00 0.0000E+00 0.0000E+00 0.0000E+00 0.0000E+00 0.0000E+00 0.0000E+00 0.0000E+00 0.0000E+00 0.0000E+00 0.0000E+00 0.0000E+00 0.0000E+00 0.0000E+00 0.0000E+00 0.0000E+00 0.0000E+00 0.0000E+00 0.0000E+00 0.0000E+00 0.0000E+00 0.0000E+00 3.9208E-13 2.8661E-12 4.7042E-12 5.2005E-12 7.3394E-12 1.4596E-11 2.3159E-11 2.7307E-11 3.1437E-11 3.8871E-11 4.7643E-11 6.5740E-11 8.4441E-11 1.1242E-10 1.4584E-10 1.6988E-10 1.9877E-10
0.0000E+00 0.0000E+00 0.0000E+00 0.0000E+00 0.0000E+00 0.0000E+00 0.0000E+00 0.0000E+00 0.0000E+00 0.0000E+00 0.0000E+00 0.0000E+00 0.0000E+00 0.0000E+00 0.0000E+00 0.0000E+00 0.0000E+00 0.0000E+00 0.0000E+00 0.0000E+00 0.0000E+00 0.0000E+00 0.0000E+00 0.0000E+00 0.0000E+00 0.0000E+00 0.0000E+00 0.0000E+00 0.0000E+00 0.0000E+00 0.0000E+00 0.0000E+00 0.0000E+00 0.0000E+00 0.0000E+00 0.0000E+00 0.0000E+00 0.0000E+00 0.0000E+00 0.0000E+00 0.0000E+00 0.0000E+00 1.3794E-12 3.0075E-12 4.8677E-12 5.9539E-12 8.8119E-12 1.4164E-11 1.7688E-11 2.5309E-11 3.4114E-11 4.4205E-11 6.0231E-11 8.8572E-11 1.1045E-10 1.3317E-10 1.6586E-10
