Assets/Resources/2015_m01_d24_1500(utc+0800)_l00_csi_1hr_conc.grd
DSAA
         159         159
     -79.000      79.000
     -79.000      79.000
  0.1174E-10  0.2466E-05
[rows 100 to 124 of 159, columns 57 to 113 of 159]
1.1492E-09 1.1432E-09 1.1368E-09 1.1300E-09 1.1228E-09 1.1152E-09 1.1073E-09 1.0990E-09 1.0904E-09 1.0815E-09 1.0722E-09 1.0626E-09 1.0527E-09 1.0425E-09 1.0320E-09 1.0212E-09 1.0101E-09 9.9884E-10 9.8729E-10 9.7550E-10 9.6348E-10 9.5126E-10 9.3884E-10 9.2623E-10 9.1344E-10 9.0049E-10 8.8739E-10 8.7415E-10 8.6079E-10 8.4731E-10 8.3374E-10 8.1979E-10 8.0606E-10 7.9227E-10 7.7818E-10 7.6430E-10 7.5025E-10 7.3622E-10 7.2219E-10 7.0817E-10 6.9416E-10 6.8018E-10 6.6634E-10 6.5235E-10 6.3861E-10 6.2483E-10 6.1104E-10 5.9743E-10 5.8377E-10 5.7036E-10 5.5696E-10 5.4369E-10 5.3049E-10 5.1748E-10 5.0460E-10 4.9187E-10 4.7929E-10
1.1236E-09 1.1177E-09 1.1114E-09 1.1048E-09 1.0978E-09 1.0904E-09 1.0827E-09 1.0746E-09 1.0662E-09 1.0574E-09 1.0483E-09 1.0390E-09 1.0293E-09 1.0193E-09 1.0090E-09 9.9852E-10 9.8772E-10 9.7667E-10 9.6538E-10 9.5386E-10 9.4211E-10 9.3017E-10 9.1803E-10 9.0570E-10 8.9320E-10 8.8055E-10 8.6775E-10 8.5481E-10 8.4175E-10 8.2844E-10 8.1504E-10 8.0170E-10 7.8815E-10 7.7457E-10 7.6104E-10 7.4724E-10 7.3366E-10 7.1996E-10 7.0625E-10 6.9255E-10 6.7886E-10 6.6520E-10 6.5158E-10 6.3810E-10 6.2448E-10 6.1103E-10 5.9765E-10 5.8416E-10 5.7096E-10 5.5772E-10 5.4473E-10 5.3161E-10 5.1887E-10 5.0615E-10 4.9358E-10 4.8114E-10 4.6880E-10
1.0980E-09 1.0923E-09 1.0862E-09 1.0797E-09 1.0728E-09 1.0657E-09 1.0581E-09 1.0502E-09 1.0420E-09 1.0335E-09 1.0246E-09 1.0155E-09 1.0060E-09 9.9626E-10 9.8624E-10 9.7594E-10 9.6540E-10 9.5460E-10 9.4357E-10 9.3232E-10 9.2085E-10 9.0918E-10 8.9731E-10 8.8527E-10 8.7307E-10 8.6071E-10 8.4820E-10 8.3557E-10 8.2254E-10 8.0968E-10 7.9674E-10 7.8347E-10 7.7037E-10 7.5707E-10 7.4377E-10 7.3043E-10 7.1706E-10 7.0378E-10 6.9039E-10 6.7700E-10 6.6364E-10 6.5030E-10 6.3700E-10 6.2374E-10 6.1044E-10 5.9730E-10 5.8415E-10 5.7117E-10 5.5809E-10 5.4530E-10 5.3238E-10 5.1981E-10 5.0717E-10 4.9485E-10 4.8252E-10 4.7043E-10 4.5832E-10
1.0726E-09 1.0670E-09 1.0611E-09 1.0548E-09 1.0481E-09 1.0411E-09 1.0337E-09 1.0260E-09 1.0180E-09 1.0097E-09 1.0010E-09 9.9208E-10 9.8285E-10 9.7333E-10 9.6355E-10 9.5350E-10 9.4320E-10 9.3266E-10 9.2189E-10 9.1090E-10 8.9970E-10 8.8830E-10 8.7672E-10 8.6497E-10 8.5305E-10 8.4098E-10 8.2849E-10 8.1617E-10 8.0372E-10 7.9104E-10 7.7830E-10 7.6559E-10 7.5256E-10 7.3972E-10 7.2674E-10 7.1371E-10 7.0067E-10 6.8760E-10 6.7463E-10 6.6147E-10 6.4852E-10 6.3550E-10 6.2242E-10 6.0948E-10 5.9659E-10 5.8368E-10 5.7083E-10 5.5807E-10 5.4535E-10 5.3278E-10 5.2040E-10 5.0795E-10 4.9580E-10 4.8358E-10 4.7164E-10 4.5973E-10 4.4806E-10
1.0474E-09 1.0419E-09 1.0361E-09 1.0300E-09 1.0235E-09 1.0166E-09 1.0095E-09 1.0019E-09 9.9413E-10 9.8600E-10 9.7757E-10 9.6884E-10 9.5983E-10 9.5055E-10 9.4100E-10 9.3119E-10 9.2114E-10 9.1085E-10 9.0034E-10 8.8961E-10 8.7868E-10 8.6757E-10 8.5626E-10 8.4479E-10 8.3302E-10 8.2111E-10 8.0921E-10 7.9704E-10 7.8480E-10 7.7256E-10 7.6010E-10 7.4760E-10 7.3503E-10 7.2240E-10 7.0983E-10 6.9712E-10 6.8438E-10 6.7163E-10 6.5889E-10 6.4624E-10 6.3341E-10 6.2071E-10 6.0804E-10 5.9527E-10 5.8275E-10 5.7010E-10 5.5762E-10 5.4512E-10 5.3276E-10 5.2055E-10 5.0833E-10 4.9632E-10 4.8427E-10 4.7249E-10 4.6079E-10 4.4926E-10 4.3775E-10
1.0223E-09 1.0170E-09 1.0114E-09 1.0054E-09 9.9904E-10 9.9236E-10 9.8537E-10 9.7805E-10 9.7043E-10 9.6250E-10 9.5428E-10 9.4576E-10 9.3698E-10 9.2792E-10 9.1860E-10 9.0904E-10 8.9923E-10 8.8920E-10 8.7894E-10 8.6848E-10 8.5782E-10 8.4697E-10 8.3580E-10 8.2449E-10 8.1315E-10 8.0167E-10 7.8993E-10 7.7810E-10 7.6612E-10 7.5409E-10 7.4208E-10 7.2988E-10 7.1762E-10 7.0531E-10 6.9294E-10 6.8065E-10 6.6823E-10 6.5580E-10 6.4336E-10 6.3093E-10 6.1842E-10 6.0604E-10 5.9359E-10 5.8128E-10 5.6888E-10 5.5674E-10 5.4442E-10 5.3234E-10 5.2033E-10 5.0832E-10 4.9650E-10 4.8464E-10 4.7303E-10 4.6149E-10 4.5012E-10 4.3876E-10 4.2757E-10
9.9749E-10 9.9232E-10 9.8681E-10 9.8097E-10 9.7479E-10 9.6829E-10 9.6147E-10 9.5434E-10 9.4691E-10 9.3918E-10 9.3116E-10 9.2286E-10 9.1430E-10 9.0546E-10 8.9638E-10 8.8706E-10 8.7749E-10 8.6771E-10 8.5772E-10 8.4751E-10 8.3698E-10 8.2627E-10 8.1553E-10 8.0463E-10 7.9345E-10 7.8216E-10 7.7085E-10 7.5928E-10 7.4765E-10 7.3592E-10 7.2410E-10 7.1232E-10 7.0037E-10 6.8836E-10 6.7631E-10 6.6423E-10 6.5222E-10 6.4009E-10 6.2788E-10 6.1576E-10 6.0361E-10 5.9150E-10 5.7936E-10 5.6727E-10 5.5533E-10 5.4326E-10 5.3145E-10 5.1966E-10 5.0791E-10 4.9629E-10 4.8463E-10 4.7320E-10 4.6184E-10 4.5056E-10 4.3942E-10 4.2839E-10 4.1755E-10
9.7284E-10 9.6781E-10 9.6245E-10 9.5676E-10 9.5075E-10 9.4441E-10 9.3777E-10 9.3083E-10 9.2358E-10 9.1605E-10 9.0824E-10 9.0015E-10 8.9181E-10 8.8320E-10 8.7435E-10 8.6526E-10 8.5595E-10 8.4641E-10 8.3652E-10 8.2645E-10 8.1633E-10 8.0604E-10 7.9544E-10 7.8472E-10 7.7396E-10 7.6292E-10 7.5180E-10 7.4057E-10 7.2934E-10 7.1791E-10 7.0640E-10 6.9481E-10 6.8326E-10 6.7156E-10 6.5982E-10 6.4805E-10 6.3625E-10 6.2445E-10 6.1264E-10 6.0069E-10 5.8896E-10 5.7705E-10 5.6528E-10 5.5350E-10 5.4172E-10 5.3015E-10 5.1850E-10 5.0706E-10 4.9555E-10 4.8424E-10 4.7301E-10 4.6182E-10 4.5072E-10 4.3975E-10 4.2887E-10 4.1818E-10 4.0748E-10
9.4843E-10 9.4353E-10 9.3831E-10 9.3277E-10 9.2692E-10 9.2075E-10 9.1429E-10 9.0752E-10 9.0047E-10 8.9313E-10 8.8553E-10 8.7765E-10 8.6952E-10 8.6114E-10 8.5252E-10 8.4367E-10 8.3445E-10 8.2503E-10 8.1555E-10 8.0588E-10 7.9589E-10 7.8576E-10 7.7558E-10 7.6510E-10 7.5452E-10 7.4392E-10 7.3309E-10 7.2215E-10 7.1111E-10 7.0008E-10 6.8886E-10 6.7758E-10 6.6624E-10 6.5494E-10 6.4350E-10 6.3194E-10 6.2045E-10 6.0896E-10 5.9736E-10 5.8587E-10 5.7425E-10 5.6285E-10 5.5124E-10 5.3982E-10 5.2849E-10 5.1703E-10 5.0582E-10 4.9454E-10 4.8343E-10 4.7239E-10 4.6140E-10 4.5048E-10 4.3974E-10 4.2903E-10 4.1849E-10 4.0794E-10 3.9764E-10
9.2424E-10 9.1949E-10 9.1441E-10 9.0902E-10 9.0332E-10 8.9732E-10 8.9103E-10 8.8445E-10 8.7758E-10 8.7044E-10 8.6304E-10 8.5537E-10 8.4745E-10 8.3930E-10 8.3076E-10 8.2201E-10 8.1319E-10 8.0416E-10 7.9479E-10 7.8528E-10 7.7569E-10 7.6580E-10 7.5578E-10 7.4573E-10 7.3543E-10 7.2501E-10 7.1456E-10 7.0392E-10 6.9316E-10 6.8233E-10 6.7141E-10 6.6053E-10 6.4948E-10 6.3839E-10 6.2726E-10 6.1610E-10 6.0478E-10 5.9364E-10 5.8235E-10 5.7107E-10 5.5990E-10 5.4857E-10 5.3751E-10 5.2633E-10 5.1522E-10 5.0424E-10 4.9313E-10 4.8224E-10 4.7137E-10 4.6063E-10 4.4990E-10 4.3934E-10 4.2885E-10 4.1843E-10 4.0808E-10 3.9794E-10 3.8782E-10
9.0032E-10 8.9569E-10 8.9076E-10 8.8551E-10 8.7997E-10 8.7414E-10 8.6802E-10 8.6161E-10 8.5494E-10 8.4799E-10 8.4078E-10 8.3333E-10 8.2548E-10 8.1741E-10 8.0926E-10 8.0088E-10 7.9216E-10 7.8327E-10 7.7430E-10 7.6501E-10 7.5558E-10 7.4610E-10 7.3636E-10 7.2647E-10 7.1655E-10 7.0641E-10 6.9615E-10 6.8588E-10 6.7542E-10 6.6488E-10 6.5425E-10 6.4357E-10 6.3283E-10 6.2203E-10 6.1120E-10 6.0025E-10 5.8942E-10 5.7835E-10 5.6751E-10 5.5654E-10 5.4553E-10 5.3469E-10 5.2378E-10 5.1301E-10 5.0218E-10 4.9141E-10 4.8074E-10 4.7008E-10 4.5955E-10 4.4897E-10 4.3859E-10 4.2829E-10 4.1809E-10 4.0787E-10 3.9787E-10 3.8791E-10 3.7813E-10
8.7665E-10 8.7216E-10 8.6736E-10 8.6227E-10 8.5689E-10 8.5121E-10 8.4526E-10 8.3904E-10 8.3254E-10 8.2564E-10 8.1851E-10 8.1126E-10 8.0378E-10 7.9607E-10 7.8800E-10 7.7976E-10 7.7142E-10 7.6274E-10 7.5391E-10 7.4502E-10 7.3585E-10 7.2652E-10 7.1715E-10 7.0754E-10 6.9779E-10 6.8802E-10 6.7805E-10 6.6797E-10 6.5789E-10 6.4763E-10 6.3721E-10 6.2681E-10 6.1637E-10 6.0583E-10 5.9535E-10 5.8469E-10 5.7402E-10 5.6349E-10 5.5266E-10 5.4214E-10 5.3157E-10 5.2083E-10 5.1032E-10 4.9974E-10 4.8926E-10 4.7877E-10 4.6843E-10 4.5806E-10 4.4774E-10 4.3756E-10 4.2740E-10 4.1738E-10 4.0738E-10 3.9755E-10 3.8774E-10 3.7812E-10 3.6846E-10
8.5327E-10 8.4891E-10 8.4425E-10 8.3930E-10 8.3407E-10 8.2856E-10 8.2263E-10 8.1658E-10 8.1014E-10 8.0359E-10 7.9678E-10 7.8961E-10 7.8234E-10 7.7475E-10 7.6704E-10 7.5900E-10 7.5079E-10 7.4249E-10 7.3392E-10 7.2517E-10 7.1636E-10 7.0730E-10 6.9819E-10 6.8884E-10 6.7936E-10 6.6978E-10 6.6017E-10 6.5037E-10 6.4048E-10 6.3052E-10 6.2047E-10 6.1023E-10 6.0012E-10 5.8987E-10 5.7955E-10 5.6934E-10 5.5896E-10 5.4853E-10 5.3829E-10 5.2786E-10 5.1760E-10 5.0734E-10 4.9692E-10 4.8669E-10 4.7653E-10 4.6638E-10 4.5623E-10 4.4617E-10 4.3615E-10 4.2623E-10 4.1640E-10 4.0653E-10 3.9692E-10 3.8723E-10 3.7781E-10 3.6830E-10 3.5909E-10
8.3018E-10 8.2595E-10 8.2142E-10 8.1648E-10 8.1140E-10 8.0591E-10 8.0031E-10 7.9444E-10 7.8831E-10 7.8181E-10 7.7511E-10 7.6827E-10 7.6122E-10 7.5381E-10 7.4622E-10 7.3854E-10 7.3058E-10 7.2242E-10 7.1419E-10 7.0569E-10 6.9713E-10 6.8832E-10 6.7937E-10 6.7029E-10 6.6118E-10 6.5186E-10 6.4243E-10 6.3292E-10 6.2331E-10 6.1362E-10 6.0383E-10 5.9406E-10 5.8395E-10 5.7410E-10 5.6410E-10 5.5400E-10 5.4406E-10 5.3407E-10 5.2392E-10 5.1388E-10 5.0380E-10 4.9384E-10 4.8385E-10 4.7385E-10 4.6393E-10 4.5404E-10 4.4417E-10 4.3446E-10 4.2469E-10 4.1506E-10 4.0542E-10 3.9594E-10 3.8647E-10 3.7721E-10 3.6786E-10 3.5879E-10 3.4964E-10
8.0725E-10 8.0315E-10 7.9862E-10 7.9397E-10 7.8905E-10 7.8386E-10 7.7828E-10 7.7258E-10 7.6655E-10 7.6037E-10 7.5382E-10 7.4719E-10 7.4025E-10 7.3309E-10 7.2583E-10 7.1828E-10 7.1063E-10 7.0271E-10 6.9462E-10 6.8646E-10 6.7806E-10 6.6951E-10 6.6091E-10 6.5209E-10 6.4315E-10 6.3410E-10 6.2495E-10 6.1570E-10 6.0633E-10 5.9697E-10 5.8740E-10 5.7783E-10 5.6830E-10 5.5843E-10 5.4879E-10 5.3916E-10 5.2931E-10 5.1961E-10 5.0989E-10 5.0004E-10 4.9029E-10 4.8056E-10 4.7091E-10 4.6123E-10 4.5147E-10 4.4188E-10 4.3237E-10 4.2283E-10 4.1338E-10 4.0395E-10 3.9471E-10 3.8536E-10 3.7628E-10 3.6713E-10 3.5823E-10 3.4922E-10 3.4055E-10
7.8465E-10 7.8068E-10 7.7643E-10 7.7178E-10 7.6701E-10 7.6188E-10 7.5660E-10 7.5094E-10 7.4518E-10 7.3910E-10 7.3289E-10 7.2636E-10 7.1972E-10 7.1277E-10 7.0563E-10 6.9840E-10 6.9088E-10 6.8329E-10 6.7543E-10 6.6743E-10 6.5936E-10 6.5106E-10 6.4262E-10 6.3406E-10 6.2538E-10 6.1660E-10 6.0767E-10 5.9875E-10 5.8964E-10 5.8042E-10 5.7128E-10 5.6193E-10 5.5254E-10 5.4325E-10 5.3373E-10 5.2434E-10 5.1492E-10 5.0535E-10 4.9592E-10 4.8645E-10 4.7697E-10 4.6747E-10 4.5809E-10 4.4867E-10 4.3931E-10 4.2992E-10 4.2064E-10 4.1139E-10 4.0218E-10 3.9311E-10 3.8401E-10 3.7510E-10 3.6608E-10 3.5733E-10 3.4848E-10 3.3996E-10 3.3128E-10
7.6239E-10 7.5854E-10 7.5433E-10 7.4996E-10 7.4519E-10 7.4033E-10 7.3511E-10 7.2977E-10 7.2409E-10 7.1829E-10 7.1216E-10 7.0593E-10 6.9939E-10 6.9275E-10 6.8582E-10 6.7881E-10 6.7152E-10 6.6406E-10 6.5654E-10 6.4876E-10 6.4085E-10 6.3279E-10 6.2461E-10 6.1630E-10 6.0784E-10 5.9941E-10 5.9070E-10 5.8190E-10 5.7317E-10 5.6426E-10 5.5525E-10 5.4628E-10 5.3726E-10 5.2810E-10 5.1901E-10 5.0974E-10 5.0060E-10 4.9145E-10 4.8220E-10 4.7305E-10 4.6385E-10 4.5467E-10 4.4540E-10 4.3637E-10 4.2726E-10 4.1820E-10 4.0906E-10 4.0015E-10 3.9111E-10 3.8232E-10 3.7345E-10 3.6480E-10 3.5609E-10 3.4753E-10 3.3916E-10 3.3058E-10 3.2245E-10
7.4051E-10 7.3664E-10 7.3266E-10 7.2834E-10 7.2386E-10 7.1915E-10 7.1410E-10 7.0892E-10 7.0342E-10 6.9770E-10 6.9186E-10 6.8572E-10 6.7948E-10 6.7295E-10 6.6633E-10 6.5943E-10 6.5246E-10 6.4523E-10 6.3784E-10 6.3030E-10 6.2262E-10 6.1481E-10 6.0683E-10 5.9887E-10 5.9066E-10 5.8226E-10 5.7400E-10 5.6546E-10 5.5685E-10 5.4827E-10 5.3967E-10 5.3087E-10 5.2212E-10 5.1328E-10 5.0436E-10 4.9552E-10 4.8655E-10 4.7767E-10 4.6879E-10 4.5980E-10 4.5086E-10 4.4195E-10 4.3311E-10 4.2413E-10 4.1540E-10 4.0652E-10 3.9782E-10 3.8899E-10 3.8039E-10 3.7166E-10 3.6319E-10 3.5464E-10 3.4631E-10 3.3790E-10 3.2967E-10 3.2155E-10 3.1343E-10
7.1884E-10 7.1524E-10 7.1140E-10 7.0721E-10 7.0288E-10 6.9822E-10 6.9343E-10 6.8831E-10 6.8308E-10 6.7753E-10 6.7188E-10 6.6594E-10 6.5980E-10 6.5356E-10 6.4705E-10 6.4046E-10 6.3352E-10 6.2661E-10 6.1945E-10 6.1214E-10 6.0465E-10 5.9718E-10 5.8944E-10 5.8149E-10 5.7368E-10 5.6562E-10 5.5738E-10 5.4930E-10 5.4105E-10 5.3258E-10 5.2420E-10 5.1576E-10 5.0718E-10 4.9866E-10 4.9005E-10 4.8142E-10 4.7282E-10 4.6410E-10 4.5548E-10 4.4680E-10 4.3814E-10 4.2948E-10 4.2085E-10 4.1223E-10 4.0359E-10 3.9516E-10 3.8658E-10 3.7813E-10 3.6964E-10 3.6136E-10 3.5293E-10 3.4483E-10 3.3653E-10 3.2852E-10 3.2042E-10 3.1257E-10 3.0470E-10
6.9769E-10 6.9421E-10 6.9038E-10 6.8643E-10 6.8215E-10 6.7773E-10 6.7300E-10 6.6815E-10 6.6298E-10 6.5762E-10 6.5215E-10 6.4649E-10 6.4054E-10 6.3441E-10 6.2810E-10 6.2163E-10 6.1509E-10 6.0830E-10 6.0132E-10 5.9434E-10 5.8708E-10 5.7965E-10 5.7225E-10 5.6464E-10 5.5684E-10 5.4918E-10 5.4134E-10 5.3327E-10 5.2537E-10 5.1730E-10 5.0898E-10 5.0086E-10 4.9258E-10 4.8427E-10 4.7597E-10 4.6760E-10 4.5921E-10 4.5080E-10 4.4239E-10 4.3403E-10 4.2561E-10 4.1722E-10 4.0877E-10 4.0047E-10 3.9214E-10 3.8379E-10 3.7565E-10 3.6736E-10 3.5921E-10 3.5102E-10 3.4309E-10 3.3491E-10 3.2711E-10 3.1912E-10 3.1147E-10 3.0368E-10 2.9613E-10
6.7689E-10 6.7343E-10 6.6984E-10 6.6592E-10 6.6187E-10 6.5751E-10 6.5303E-10 6.4824E-10 6.4334E-10 6.3815E-10 6.3285E-10 6.2728E-10 6.2152E-10 6.1558E-10 6.0948E-10 6.0316E-10 5.9684E-10 5.9036E-10 5.8355E-10 5.7665E-10 5.6973E-10 5.6258E-10 5.5527E-10 5.4800E-10 5.4059E-10 5.3297E-10 5.2543E-10 5.1775E-10 5.0981E-10 5.0210E-10 4.9422E-10 4.8620E-10 4.7823E-10 4.7017E-10 4.6208E-10 4.5402E-10 4.4582E-10 4.3773E-10 4.2956E-10 4.2140E-10 4.1330E-10 4.0514E-10 3.9702E-10 3.8884E-10 3.8082E-10 3.7269E-10 3.6470E-10 3.5684E-10 3.4885E-10 3.4104E-10 3.3309E-10 3.2546E-10 3.1763E-10 3.1013E-10 3.0243E-10 2.9509E-10 2.8760E-10
6.5637E-10 6.5313E-10 6.4956E-10 6.4587E-10 6.4187E-10 6.3775E-10 6.3332E-10 6.2878E-10 6.2395E-10 6.1893E-10 6.1372E-10 6.0842E-10 6.0285E-10 5.9706E-10 5.9125E-10 5.8523E-10 5.7887E-10 5.7251E-10 5.6611E-10 5.5943E-10 5.5259E-10 5.4577E-10 5.3879E-10 5.3161E-10 5.2448E-10 5.1721E-10 5.0970E-10 5.0232E-10 4.9482E-10 4.8715E-10 4.7958E-10 4.7190E-10 4.6408E-10 4.5633E-10 4.4848E-10 4.4061E-10 4.3277E-10 4.2481E-10 4.1696E-10 4.0898E-10 4.0113E-10 3.9329E-10 3.8539E-10 3.7754E-10 3.6962E-10 3.6188E-10 3.5403E-10 3.4637E-10 3.3880E-10 3.3098E-10 3.2357E-10 3.1591E-10 3.0857E-10 3.0102E-10 2.9382E-10 2.8642E-10 2.7942E-10
6.3624E-10 6.3311E-10 6.2977E-10 6.2610E-10 6.2233E-10 6.1825E-10 6.1398E-10 6.0950E-10 6.0493E-10 6.0007E-10 5.9498E-10 5.8986E-10 5.8457E-10 5.7897E-10 5.7316E-10 5.6734E-10 5.6143E-10 5.5509E-10 5.4885E-10 5.4249E-10 5.3596E-10 5.2922E-10 5.2252E-10 5.1567E-10 5.0857E-10 5.0158E-10 4.9447E-10 4.8722E-10 4.8000E-10 4.7263E-10 4.6514E-10 4.5777E-10 4.5029E-10 4.4266E-10 4.3512E-10 4.2755E-10 4.1985E-10 4.1225E-10 4.0456E-10 3.9690E-10 3.8917E-10 3.8157E-10 3.7404E-10 3.6634E-10 3.5876E-10 3.5111E-10 3.4369E-10 3.3600E-10 3.2867E-10 3.2137E-10 3.1390E-10 3.0677E-10 2.9939E-10 2.9234E-10 2.8508E-10 2.7822E-10 2.7111E-10
6.1659E-10 6.1357E-10 6.1025E-10 6.0672E-10 6.0298E-10 5.9914E-10 5.9500E-10 5.9068E-10 5.8622E-10 5.8162E-10 5.7675E-10 5.7161E-10 5.6645E-10 5.6113E-10 5.5556E-10 5.4980E-10 5.4404E-10 5.3820E-10 5.3207E-10 5.2583E-10 5.1956E-10 5.1314E-10 5.0650E-10 4.9988E-10 4.9316E-10 4.8634E-10 4.7946E-10 4.7245E-10 4.6537E-10 4.5833E-10 4.5113E-10 4.4387E-10 4.3664E-10 4.2936E-10 4.2194E-10 4.1462E-10 4.0721E-10 3.9978E-10 3.9241E-10 3.8497E-10 3.7755E-10 3.7005E-10 3.6271E-10 3.5544E-10 3.4799E-10 3.4073E-10 3.3328E-10 3.2614E-10 3.1877E-10 3.1171E-10 3.0462E-10 2.9748E-10 2.9064E-10 2.8353E-10 2.7682E-10 2.6980E-10 2.6323E-10
5.9723E-10 5.9423E-10 5.9112E-10 5.8771E-10 5.8411E-10 5.8035E-10 5.7646E-10 5.7228E-10 5.6788E-10 5.6334E-10 5.5874E-10 5.5382E-10 5.4874E-10 5.4356E-10 5.3828E-10 5.3285E-10 5.2709E-10 5.2140E-10 5.1563E-10 5.0963E-10 5.0343E-10 4.9722E-10 4.9091E-10 4.8449E-10 4.7799E-10 4.7136E-10 4.6469E-10 4.5796E-10 4.5111E-10 4.4425E-10 4.3732E-10 4.3031E-10 4.2324E-10 4.1621E-10 4.0914E-10 4.0191E-10 3.9480E-10 3.8755E-10 3.8042E-10 3.7333E-10 3.6606E-10 3.5889E-10 3.5163E-10 3.4459E-10 3.3757E-10 3.3032E-10 3.2337E-10 3.1618E-10 3.0931E-10 3.0226E-10 2.9541E-10 2.8859E-10 2.8178E-10 2.7521E-10 2.6834E-10 2.6190E-10 2.5523E-10
