Assets/Resources/2015_m01_d23_1600(utc+0800)_l00_csi_1hr_conc.grd
DSAA
         159         159
     -79.000      79.000
     -79.000      79.000
  0.0000E+00  0.2918E-04
[rows 125 to 149 of 159, columns 57 to 113 of 159]
7.8977E-10 8.0720E-10 8.3469E-10 8.9006E-10 9.6752E-10 1.0765E-09 1.2084E-09 1.3842E-09 1.5756E-09 1.8062E-09 2.0747E-09 2.3937E-09 2.7740E-09 3.2158E-09 3.7218E-09 4.2977E-09 4.9384E-09 5.6469E-09 6.4133E-09 7.2279E-09 8.0877E-09 8.9744E-09 9.8867E-09 1.0801E-08 1.1710E-08 1.2598E-08 1.3456E-08 1.4276E-08 1.5045E-08 1.5758E-08 1.6406E-08 1.6987E-08 1.7495E-08 1.7924E-08 1.8281E-08 1.8555E-08 1.8759E-08 1.8879E-08 1.8927E-08 1.8905E-08 1.8816E-08 1.8680E-08 1.8470E-08 1.8214E-08 1.7921E-08 1.7587E-08 1.7230E-08 1.6856E-08 1.6460E-08 1.6066E-08 1.5662E-08 1.5248E-08 1.4822E-08 1.4401E-08 1.3989E-08 1.3583E-08 1.3191E-08
7.8383E-10 7.9906E-10 8.2698E-10 8.7892E-10 9.5446E-10 1.0611E-09 1.1955E-09 1.3583E-09 1.5389E-09 1.7573E-09 2.0169E-09 2.3230E-09 2.6829E-09 3.1038E-09 3.5854E-09 4.1360E-09 4.7513E-09 5.4258E-09 6.1536E-09 6.9369E-09 7.7680E-09 8.6303E-09 9.5151E-09 1.0417E-08 1.1315E-08 1.2204E-08 1.3075E-08 1.3918E-08 1.4723E-08 1.5482E-08 1.6187E-08 1.6830E-08 1.7409E-08 1.7914E-08 1.8351E-08 1.8707E-08 1.8984E-08 1.9180E-08 1.9301E-08 1.9355E-08 1.9330E-08 1.9248E-08 1.9097E-08 1.8886E-08 1.8637E-08 1.8342E-08 1.8025E-08 1.7700E-08 1.7342E-08 1.6949E-08 1.6553E-08 1.6148E-08 1.5735E-08 1.5341E-08 1.4947E-08 1.4560E-08 1.4180E-08
7.7674E-10 7.9188E-10 8.1824E-10 8.7021E-10 9.5031E-10 1.0473E-09 1.1726E-09 1.3313E-09 1.5058E-09 1.7107E-09 1.9599E-09 2.2571E-09 2.5997E-09 2.9968E-09 3.4583E-09 3.9841E-09 4.5705E-09 5.2202E-09 5.9211E-09 6.6746E-09 7.4718E-09 8.3121E-09 9.1746E-09 1.0062E-08 1.0954E-08 1.1846E-08 1.2731E-08 1.3595E-08 1.4432E-08 1.5233E-08 1.5987E-08 1.6687E-08 1.7332E-08 1.7908E-08 1.8411E-08 1.8835E-08 1.9184E-08 1.9454E-08 1.9641E-08 1.9761E-08 1.9800E-08 1.9771E-08 1.9684E-08 1.9527E-08 1.9344E-08 1.9103E-08 1.8817E-08 1.8510E-08 1.8170E-08 1.7816E-08 1.7467E-08 1.7094E-08 1.6719E-08 1.6333E-08 1.5937E-08 1.5546E-08 1.5190E-08
7.6989E-10 7.8621E-10 8.1742E-10 8.5986E-10 9.3739E-10 1.0350E-09 1.1548E-09 1.3044E-09 1.4772E-09 1.6707E-09 1.9042E-09 2.1870E-09 2.5194E-09 2.9023E-09 3.3431E-09 3.8473E-09 4.4095E-09 5.0253E-09 5.6977E-09 6.4265E-09 7.1954E-09 8.0093E-09 8.8568E-09 9.7249E-09 1.0610E-08 1.1505E-08 1.2399E-08 1.3285E-08 1.4149E-08 1.4987E-08 1.5787E-08 1.6544E-08 1.7244E-08 1.7877E-08 1.8447E-08 1.8935E-08 1.9347E-08 1.9683E-08 1.9937E-08 2.0118E-08 2.0224E-08 2.0274E-08 2.0257E-08 2.0158E-08 1.9998E-08 1.9794E-08 1.9557E-08 1.9310E-08 1.9032E-08 1.8717E-08 1.8377E-08 1.8020E-08 1.7651E-08 1.7283E-08 1.6929E-08 1.6602E-08 1.6254E-08
7.6441E-10 7.8085E-10 8.1045E-10 8.5133E-10 9.2328E-10 1.0203E-09 1.1438E-09 1.2820E-09 1.4440E-09 1.6313E-09 1.8569E-09 2.1242E-09 2.4395E-09 2.8085E-09 3.2372E-09 3.7172E-09 4.2554E-09 4.8482E-09 5.4933E-09 6.1922E-09 6.9425E-09 7.7293E-09 8.5589E-09 9.4144E-09 1.0293E-08 1.1190E-08 1.2092E-08 1.2994E-08 1.3884E-08 1.4758E-08 1.5599E-08 1.6396E-08 1.7146E-08 1.7831E-08 1.8455E-08 1.8998E-08 1.9469E-08 1.9871E-08 2.0189E-08 2.0452E-08 2.0632E-08 2.0731E-08 2.0756E-08 2.0709E-08 2.0630E-08 2.0498E-08 2.0313E-08 2.0088E-08 1.9832E-08 1.9553E-08 1.9250E-08 1.8936E-08 1.8642E-08 1.8315E-08 1.7978E-08 1.7642E-08 1.7309E-08
7.5855E-10 7.7510E-10 8.0251E-10 8.4818E-10 9.1454E-10 1.0097E-09 1.1276E-09 1.2613E-09 1.4143E-09 1.5933E-09 1.8113E-09 2.0680E-09 2.3690E-09 2.7184E-09 3.1303E-09 3.5962E-09 4.1149E-09 4.6802E-09 5.3045E-09 5.9779E-09 6.7036E-09 7.4694E-09 8.2814E-09 9.1273E-09 9.9993E-09 1.0896E-08 1.1804E-08 1.2724E-08 1.3638E-08 1.4537E-08 1.5410E-08 1.6241E-08 1.7031E-08 1.7757E-08 1.8422E-08 1.9027E-08 1.9560E-08 2.0036E-08 2.0420E-08 2.0727E-08 2.0959E-08 2.1131E-08 2.1238E-08 2.1267E-08 2.1219E-08 2.1115E-08 2.0974E-08 2.0825E-08 2.0645E-08 2.0419E-08 2.0168E-08 1.9896E-08 1.9607E-08 1.9310E-08 1.9006E-08 1.8699E-08 1.8398E-08
7.5296E-10 7.6920E-10 7.9600E-10 8.4486E-10 9.1157E-10 9.9809E-10 1.1065E-09 1.2393E-09 1.3886E-09 1.5593E-09 1.7662E-09 2.0125E-09 2.3031E-09 2.6495E-09 3.0348E-09 3.4749E-09 3.9717E-09 4.5180E-09 5.1174E-09 5.7639E-09 6.4666E-09 7.2197E-09 8.0104E-09 8.8426E-09 9.7062E-09 1.0604E-08 1.1522E-08 1.2454E-08 1.3382E-08 1.4296E-08 1.5195E-08 1.6053E-08 1.6873E-08 1.7644E-08 1.8366E-08 1.9034E-08 1.9616E-08 2.0132E-08 2.0572E-08 2.0963E-08 2.1271E-08 2.1500E-08 2.1643E-08 2.1718E-08 2.1753E-08 2.1737E-08 2.1659E-08 2.1551E-08 2.1402E-08 2.1227E-08 2.1027E-08 2.0800E-08 2.0557E-08 2.0300E-08 2.0034E-08 1.9764E-08 1.9496E-08
7.4783E-10 7.6552E-10 7.9339E-10 8.4075E-10 9.0226E-10 9.9100E-10 1.0899E-09 1.2138E-09 1.3601E-09 1.5292E-09 1.7257E-09 1.9633E-09 2.2425E-09 2.5724E-09 2.9473E-09 3.3652E-09 3.8413E-09 4.3626E-09 4.9392E-09 5.5718E-09 6.2489E-09 6.9833E-09 7.7563E-09 8.5783E-09 9.4400E-09 1.0340E-08 1.1257E-08 1.2189E-08 1.3127E-08 1.4052E-08 1.4970E-08 1.5851E-08 1.6718E-08 1.7532E-08 1.8284E-08 1.8980E-08 1.9624E-08 2.0214E-08 2.0716E-08 2.1138E-08 2.1492E-08 2.1811E-08 2.2033E-08 2.2168E-08 2.2249E-08 2.2274E-08 2.2253E-08 2.2201E-08 2.2117E-08 2.1998E-08 2.1849E-08 2.1671E-08 2.1472E-08 2.1257E-08 2.1027E-08 2.0794E-08 2.0557E-08
7.4281E-10 7.6417E-10 7.8770E-10 8.3534E-10 8.9151E-10 9.8020E-10 1.0747E-09 1.1938E-09 1.3297E-09 1.4999E-09 1.6932E-09 1.9193E-09 2.1789E-09 2.4959E-09 2.8562E-09 3.2572E-09 3.7110E-09 4.2143E-09 4.7670E-09 5.3801E-09 6.0362E-09 6.7539E-09 7.5169E-09 8.3333E-09 9.1848E-09 1.0077E-08 1.0988E-08 1.1916E-08 1.2861E-08 1.3794E-08 1.4744E-08 1.5651E-08 1.6526E-08 1.7361E-08 1.8169E-08 1.8927E-08 1.9601E-08 2.0212E-08 2.0778E-08 2.1283E-08 2.1700E-08 2.2048E-08 2.2323E-08 2.2524E-08 2.2666E-08 2.2754E-08 2.2791E-08 2.2806E-08 2.2781E-08 2.2718E-08 2.2616E-08 2.2486E-08 2.2329E-08 2.2150E-08 2.1960E-08 2.1757E-08 2.1547E-08
7.3819E-10 7.5880E-10 7.8191E-10 8.2887E-10 8.8234E-10 9.6908E-10 1.0589E-09 1.1752E-09 1.3101E-09 1.4679E-09 1.6512E-09 1.8704E-09 2.1267E-09 2.4273E-09 2.7655E-09 3.1497E-09 3.5842E-09 4.0716E-09 4.6010E-09 5.1915E-09 5.8322E-09 6.5380E-09 7.2864E-09 8.0880E-09 8.9264E-09 9.8006E-09 1.0711E-08 1.1640E-08 1.2597E-08 1.3542E-08 1.4480E-08 1.5402E-08 1.6321E-08 1.7193E-08 1.8011E-08 1.8794E-08 1.9539E-08 2.0201E-08 2.0801E-08 2.1338E-08 2.1809E-08 2.2216E-08 2.2554E-08 2.2817E-08 2.3021E-08 2.3170E-08 2.3272E-08 2.3347E-08 2.3378E-08 2.3363E-08 2.3309E-08 2.3221E-08 2.3103E-08 2.2962E-08 2.2803E-08 2.2628E-08 2.2437E-08
7.3355E-10 7.5369E-10 7.7670E-10 8.2129E-10 8.7319E-10 9.5746E-10 1.0438E-09 1.1544E-09 1.2844E-09 1.4403E-09 1.6117E-09 1.8203E-09 2.0685E-09 2.3557E-09 2.6796E-09 3.0504E-09 3.4639E-09 3.9310E-09 4.4460E-09 5.0278E-09 5.6559E-09 6.3408E-09 7.0706E-09 7.8487E-09 8.6778E-09 9.5459E-09 1.0460E-08 1.1380E-08 1.2318E-08 1.3266E-08 1.4237E-08 1.5171E-08 1.6081E-08 1.6996E-08 1.7845E-08 1.8649E-08 1.9405E-08 2.0106E-08 2.0750E-08 2.1333E-08 2.1858E-08 2.2323E-08 2.2722E-08 2.3044E-08 2.3307E-08 2.3521E-08 2.3681E-08 2.3810E-08 2.3888E-08 2.3920E-08 2.3909E-08 2.3860E-08 2.3779E-08 2.3670E-08 2.3538E-08 2.3382E-08 2.3211E-08
7.2881E-10 7.4799E-10 7.7135E-10 8.1362E-10 8.6450E-10 9.4285E-10 1.0292E-09 1.1327E-09 1.2562E-09 1.4068E-09 1.5806E-09 1.7727E-09 2.0080E-09 2.2800E-09 2.5938E-09 2.9448E-09 3.3465E-09 3.8009E-09 4.3003E-09 4.8604E-09 5.4725E-09 6.1331E-09 6.8511E-09 7.6215E-09 8.4472E-09 9.2945E-09 1.0180E-08 1.1106E-08 1.2058E-08 1.2999E-08 1.3945E-08 1.4911E-08 1.5835E-08 1.6734E-08 1.7601E-08 1.8431E-08 1.9215E-08 1.9954E-08 2.0641E-08 2.1273E-08 2.1847E-08 2.2366E-08 2.2821E-08 2.3202E-08 2.3525E-08 2.3793E-08 2.4005E-08 2.4177E-08 2.4301E-08 2.4375E-08 2.4402E-08 2.4390E-08 2.4342E-08 2.4262E-08 2.4150E-08 2.4013E-08 2.3858E-08
7.2398E-10 7.4128E-10 7.6537E-10 8.0334E-10 8.5578E-10 9.2400E-10 1.0132E-09 1.1130E-09 1.2277E-09 1.3727E-09 1.5375E-09 1.7235E-09 1.9519E-09 2.2096E-09 2.5062E-09 2.8525E-09 3.2382E-09 3.6775E-09 4.1662E-09 4.6968E-09 5.2935E-09 5.9424E-09 6.6521E-09 7.3952E-09 8.1897E-09 9.0458E-09 9.9278E-09 1.0827E-08 1.1766E-08 1.2714E-08 1.3657E-08 1.4597E-08 1.5525E-08 1.6434E-08 1.7319E-08 1.8173E-08 1.8986E-08 1.9757E-08 2.0481E-08 2.1155E-08 2.1774E-08 2.2343E-08 2.2854E-08 2.3286E-08 2.3660E-08 2.3974E-08 2.4230E-08 2.4443E-08 2.4607E-08 2.4718E-08 2.4783E-08 2.4804E-08 2.4784E-08 2.4726E-08 2.4633E-08 2.4514E-08 2.4374E-08
7.1906E-10 7.3345E-10 7.5974E-10 7.9194E-10 8.4576E-10 9.0746E-10 9.9701E-10 1.0908E-09 1.2062E-09 1.3389E-09 1.4973E-09 1.6766E-09 1.8926E-09 2.1437E-09 2.4262E-09 2.7588E-09 3.1328E-09 3.5553E-09 4.0288E-09 4.5594E-09 5.1449E-09 5.7688E-09 6.4430E-09 7.1920E-09 7.9729E-09 8.7876E-09 9.6668E-09 1.0554E-08 1.1465E-08 1.2393E-08 1.3329E-08 1.4267E-08 1.5198E-08 1.6115E-08 1.7010E-08 1.7879E-08 1.8715E-08 1.9511E-08 2.0267E-08 2.0979E-08 2.1643E-08 2.2255E-08 2.2811E-08 2.3287E-08 2.3700E-08 2.4057E-08 2.4352E-08 2.4602E-08 2.4800E-08 2.4948E-08 2.5046E-08 2.5096E-08 2.5100E-08 2.5062E-08 2.4989E-08 2.4886E-08 2.4750E-08
7.1408E-10 7.2737E-10 7.5428E-10 7.8487E-10 8.3570E-10 8.9556E-10 9.7635E-10 1.0658E-09 1.1786E-09 1.3040E-09 1.4579E-09 1.6279E-09 1.8355E-09 2.0763E-09 2.3542E-09 2.6691E-09 3.0302E-09 3.4469E-09 3.9054E-09 4.4137E-09 4.9699E-09 5.5974E-09 6.2616E-09 6.9699E-09 7.7443E-09 8.5426E-09 9.3789E-09 1.0248E-08 1.1142E-08 1.2056E-08 1.2981E-08 1.3912E-08 1.4840E-08 1.5758E-08 1.6660E-08 1.7539E-08 1.8393E-08 1.9216E-08 2.0004E-08 2.0749E-08 2.1447E-08 2.2094E-08 2.2684E-08 2.3197E-08 2.3650E-08 2.4041E-08 2.4368E-08 2.4649E-08 2.4884E-08 2.5064E-08 2.5190E-08 2.5264E-08 2.5290E-08 2.5273E-08 2.5217E-08 2.5122E-08 2.4987E-08
7.0901E-10 7.2213E-10 7.4812E-10 7.7742E-10 8.2424E-10 8.8233E-10 9.5569E-10 1.0401E-09 1.1469E-09 1.2663E-09 1.4161E-09 1.5789E-09 1.7760E-09 2.0093E-09 2.2806E-09 2.5867E-09 2.9388E-09 3.3376E-09 3.7798E-09 4.2882E-09 4.8341E-09 5.4228E-09 6.0751E-09 6.7615E-09 7.4948E-09 8.2713E-09 9.0856E-09 9.9335E-09 1.0809E-08 1.1705E-08 1.2617E-08 1.3536E-08 1.4457E-08 1.5373E-08 1.6281E-08 1.7172E-08 1.8042E-08 1.8884E-08 1.9691E-08 2.0459E-08 2.1181E-08 2.1853E-08 2.2474E-08 2.3020E-08 2.3503E-08 2.3921E-08 2.4280E-08 2.4593E-08 2.4857E-08 2.5064E-08 2.5214E-08 2.5311E-08 2.5359E-08 2.5359E-08 2.5314E-08 2.5223E-08 2.5090E-08
7.0387E-10 7.1682E-10 7.4153E-10 7.7001E-10 8.1008E-10 8.6623E-10 9.3466E-10 1.0146E-09 1.1161E-09 1.2297E-09 1.3733E-09 1.5335E-09 1.7251E-09 1.9507E-09 2.2055E-09 2.5020E-09 2.8363E-09 3.2323E-09 3.6660E-09 4.1599E-09 4.6901E-09 5.2547E-09 5.8690E-09 6.5314E-09 7.2399E-09 7.9903E-09 8.7803E-09 9.6045E-09 1.0458E-08 1.1335E-08 1.2230E-08 1.3137E-08 1.4050E-08 1.4963E-08 1.5871E-08 1.6767E-08 1.7644E-08 1.8496E-08 1.9316E-08 2.0098E-08 2.0841E-08 2.1536E-08 2.2181E-08 2.2753E-08 2.3260E-08 2.3706E-08 2.4093E-08 2.4431E-08 2.4722E-08 2.4951E-08 2.5124E-08 2.5243E-08 2.5308E-08 2.5320E-08 2.5280E-08 2.5196E-08 2.5065E-08
6.9867E-10 7.1141E-10 7.3444E-10 7.6249E-10 7.9723E-10 8.4891E-10 9.1142E-10 9.8791E-10 1.0867E-09 1.1949E-09 1.3285E-09 1.4844E-09 1.6736E-09 1.8864E-09 2.1317E-09 2.4226E-09 2.7487E-09 3.1378E-09 3.5691E-09 4.0358E-09 4.5345E-09 5.0789E-09 5.6711E-09 6.3093E-09 6.9929E-09 7.7188E-09 8.4830E-09 9.2821E-09 1.0112E-08 1.0967E-08 1.1843E-08 1.2733E-08 1.3633E-08 1.4538E-08 1.5440E-08 1.6333E-08 1.7209E-08 1.8065E-08 1.8893E-08 1.9686E-08 2.0441E-08 2.1152E-08 2.1813E-08 2.2404E-08 2.2931E-08 2.3400E-08 2.3811E-08 2.4169E-08 2.4479E-08 2.4733E-08 2.4925E-08 2.5059E-08 2.5137E-08 2.5157E-08 2.5128E-08 2.5051E-08 2.4923E-08
6.9341E-10 7.0593E-10 7.2654E-10 7.5320E-10 7.8471E-10 8.3226E-10 8.9070E-10 9.6136E-10 1.0561E-09 1.1594E-09 1.2883E-09 1.4370E-09 1.6188E-09 1.8227E-09 2.0588E-09 2.3510E-09 2.6700E-09 3.0485E-09 3.4539E-09 3.9054E-09 4.3836E-09 4.9045E-09 5.4720E-09 6.0850E-09 6.7416E-09 7.4407E-09 8.1779E-09 8.9505E-09 9.7544E-09 1.0586E-08 1.1439E-08 1.2311E-08 1.3196E-08 1.4088E-08 1.4979E-08 1.5864E-08 1.6736E-08 1.7590E-08 1.8419E-08 1.9217E-08 1.9978E-08 2.0698E-08 2.1370E-08 2.1975E-08 2.2518E-08 2.3006E-08 2.3434E-08 2.3811E-08 2.4142E-08 2.4411E-08 2.4617E-08 2.4763E-08 2.4850E-08 2.4883E-08 2.4867E-08 2.4800E-08 2.4679E-08
6.8809E-10 7.0038E-10 7.1756E-10 7.4385E-10 7.7027E-10 8.1461E-10 8.6824E-10 9.3413E-10 1.0238E-09 1.1225E-09 1.2558E-09 1.3936E-09 1.5651E-09 1.7629E-09 1.9897E-09 2.2723E-09 2.5717E-09 2.9407E-09 3.3316E-09 3.7667E-09 4.2228E-09 4.7207E-09 5.2633E-09 5.8494E-09 6.4783E-09 7.1480E-09 7.8566E-09 8.6005E-09 9.3769E-09 1.0183E-08 1.1013E-08 1.1864E-08 1.2729E-08 1.3602E-08 1.4478E-08 1.5351E-08 1.6214E-08 1.7061E-08 1.7887E-08 1.8685E-08 1.9449E-08 2.0173E-08 2.0850E-08 2.1467E-08 2.2025E-08 2.2528E-08 2.2975E-08 2.3366E-08 2.3710E-08 2.3989E-08 2.4204E-08 2.4362E-08 2.4463E-08 2.4513E-08 2.4512E-08 2.4455E-08 2.4356E-08
6.8272E-10 6.9302E-10 7.0776E-10 7.3167E-10 7.5882E-10 7.9365E-10 8.4532E-10 9.0785E-10 9.9297E-10 1.0863E-09 1.2149E-09 1.3483E-09 1.5128E-09 1.7070E-09 1.9209E-09 2.1994E-09 2.4905E-09 2.8444E-09 3.2209E-09 3.6410E-09 4.0773E-09 4.5522E-09 5.0698E-09 5.6298E-09 6.2310E-09 6.8717E-09 7.5507E-09 8.2661E-09 9.0144E-09 9.7926E-09 1.0597E-08 1.1421E-08 1.2262E-08 1.3114E-08 1.3970E-08 1.4825E-08 1.5674E-08 1.6509E-08 1.7326E-08 1.8118E-08 1.8878E-08 1.9599E-08 2.0278E-08 2.0902E-08 2.1468E-08 2.1981E-08 2.2437E-08 2.2837E-08 2.3187E-08 2.3473E-08 2.3701E-08 2.3872E-08 2.3992E-08 2.4061E-08 2.4076E-08 2.4037E-08 2.3957E-08
6.7731E-10 6.8584E-10 6.9894E-10 7.1843E-10 7.4565E-10 7.7822E-10 8.2516E-10 8.8308E-10 9.6477E-10 1.0548E-09 1.1771E-09 1.3026E-09 1.4616E-09 1.6475E-09 1.8485E-09 2.1276E-09 2.4115E-09 2.7511E-09 3.1129E-09 3.5157E-09 3.9311E-09 4.3834E-09 4.8764E-09 5.4090E-09 5.9819E-09 6.5934E-09 7.2428E-09 7.9283E-09 8.6467E-09 9.3950E-09 1.0170E-08 1.0967E-08 1.1781E-08 1.2607E-08 1.3440E-08 1.4275E-08 1.5105E-08 1.5925E-08 1.6728E-08 1.7509E-08 1.8260E-08 1.8975E-08 1.9651E-08 2.0277E-08 2.0847E-08 2.1365E-08 2.1826E-08 2.2227E-08 2.2581E-08 2.2878E-08 2.3121E-08 2.3311E-08 2.3453E-08 2.3539E-08 2.3569E-08 2.3551E-08 2.3485E-08
6.7186E-10 6.8026E-10 6.9259E-10 7.0878E-10 7.3311E-10 7.6278E-10 8.0903E-10 8.6052E-10 9.3674E-10 1.0220E-09 1.1396E-09 1.2615E-09 1.4130E-09 1.5872E-09 1.7772E-09 2.0472E-09 2.3127E-09 2.6461E-09 2.9934E-09 3.3796E-09 3.7715E-09 4.1985E-09 4.6640E-09 5.1689E-09 5.7129E-09 6.2947E-09 6.9134E-09 7.5672E-09 8.2543E-09 8.9714E-09 9.7152E-09 1.0482E-08 1.1267E-08 1.2066E-08 1.2874E-08 1.3685E-08 1.4494E-08 1.5296E-08 1.6083E-08 1.6849E-08 1.7588E-08 1.8295E-08 1.8967E-08 1.9592E-08 2.0162E-08 2.0681E-08 2.1143E-08 2.1550E-08 2.1912E-08 2.2222E-08 2.2484E-08 2.2692E-08 2.2850E-08 2.2955E-08 2.3000E-08 2.2994E-08 2.2940E-08
6.6639E-10 6.7466E-10 6.8667E-10 6.9999E-10 7.2315E-10 7.4834E-10 7.8953E-10 8.3876E-10 9.0904E-10 9.8909E-10 1.0997E-09 1.2202E-09 1.3659E-09 1.5284E-09 1.7156E-09 1.9812E-09 2.2297E-09 2.5569E-09 2.8860E-09 3.2598E-09 3.6313E-09 4.0355E-09 4.4755E-09 4.9528E-09 5.4676E-09 6.0197E-09 6.6077E-09 7.2304E-09 7.8857E-09 8.5705E-09 9.2819E-09 1.0017E-08 1.0771E-08 1.1540E-08 1.2319E-08 1.3103E-08 1.3886E-08 1.4664E-08 1.5430E-08 1.6178E-08 1.6902E-08 1.7597E-08 1.8258E-08 1.8874E-08 1.9438E-08 1.9951E-08 2.0411E-08 2.0822E-08 2.1197E-08 2.1522E-08 2.1795E-08 2.2022E-08 2.2198E-08 2.2311E-08 2.2367E-08 2.2374E-08 2.2333E-08
6.6092E-10 6.6906E-10 6.8037E-10 6.9319E-10 7.1100E-10 7.3528E-10 7.6842E-10 8.1714E-10 8.8226E-10 9.5997E-10 1.0631E-09 1.1760E-09 1.3185E-09 1.4747E-09 1.6544E-09 1.9139E-09 2.1464E-09 2.4706E-09 2.7773E-09 3.1401E-09 3.4896E-09 3.8706E-09 4.2873E-09 4.7388E-09 5.2258E-09 5.7483E-09 6.3051E-09 6.8953E-09 7.5171E-09 8.1686E-09 8.8466E-09 9.5480E-09 1.0269E-08 1.1006E-08 1.1754E-08 1.2509E-08 1.3266E-08 1.4018E-08 1.4760E-08 1.5486E-08 1.6191E-08 1.6869E-08 1.7514E-08 1.8117E-08 1.8671E-08 1.9179E-08 1.9641E-08 2.0062E-08 2.0443E-08 2.0777E-08 2.1068E-08 2.1308E-08 2.1490E-08 2.1613E-08 2.1680E-08 2.1700E-08 2.1672E-08
