Assets/Resources/2015_m01_d08_1800(utc+0800)_l00_csi_1hr_conc.grd
DSAA
         159         159
     -79.000      79.000
     -79.000      79.000
  0.2247E-09  0.3452E-04
[rows 100 to 124 of 159, columns 57 to 113 of 159]
1.1520E-08 1.2170E-08 1.2829E-08 1.3496E-08 1.4167E-08 1.4838E-08 1.5505E-08 1.6165E-08 1.6814E-08 1.7447E-08 1.8063E-08 1.8656E-08 1.9424E-08 2.0397E-08 2.1550E-08 2.2699E-08 2.3820E-08 2.4798E-08 2.5436E-08 2.5712E-08 2.5844E-08 2.5956E-08 2.6043E-08 2.6103E-08 2.6077E-08 2.6059E-08 2.5949E-08 2.5909E-08 2.5803E-08 2.5617E-08 2.5338E-08 2.4985E-08 2.4743E-08 2.4494E-08 2.4224E-08 2.3903E-08 2.3523E-08 2.3093E-08 2.2626E-08 2.2138E-08 2.1631E-08 2.1103E-08 2.0567E-08 2.0035E-08 1.9520E-08 1.8996E-08 1.8429E-08 1.7795E-08 1.7171E-08 1.6558E-08 1.5973E-08 1.5413E-08 1.4884E-08 1.4370E-08 1.3886E-08 1.3430E-08 1.2984E-08
1.1129E-08 1.1756E-08 1.2391E-08 1.3035E-08 1.3682E-08 1.4330E-08 1.4975E-08 1.5614E-08 1.6243E-08 1.6858E-08 1.7455E-08 1.8032E-08 1.8582E-08 1.9367E-08 2.0337E-08 2.1468E-08 2.2545E-08 2.3572E-08 2.4436E-08 2.4967E-08 2.5170E-08 2.5223E-08 2.5248E-08 2.5224E-08 2.5245E-08 2.5180E-08 2.5093E-08 2.4951E-08 2.4831E-08 2.4683E-08 2.4481E-08 2.4207E-08 2.3873E-08 2.3491E-08 2.3295E-08 2.3010E-08 2.2694E-08 2.2333E-08 2.1935E-08 2.1505E-08 2.1053E-08 2.0584E-08 2.0102E-08 1.9614E-08 1.9130E-08 1.8656E-08 1.8175E-08 1.7653E-08 1.7066E-08 1.6483E-08 1.5906E-08 1.5361E-08 1.4833E-08 1.4337E-08 1.3849E-08 1.3395E-08 1.2961E-08
1.0725E-08 1.1327E-08 1.1940E-08 1.2560E-08 1.3185E-08 1.3810E-08 1.4433E-08 1.5050E-08 1.5657E-08 1.6251E-08 1.6828E-08 1.7385E-08 1.7920E-08 1.8429E-08 1.9215E-08 2.0155E-08 2.1228E-08 2.2215E-08 2.3114E-08 2.3858E-08 2.4303E-08 2.4456E-08 2.4454E-08 2.4423E-08 2.4357E-08 2.4304E-08 2.4203E-08 2.4076E-08 2.3908E-08 2.3690E-08 2.3548E-08 2.3332E-08 2.3064E-08 2.2748E-08 2.2391E-08 2.2129E-08 2.1827E-08 2.1514E-08 2.1173E-08 2.0801E-08 2.0402E-08 1.9984E-08 1.9553E-08 1.9113E-08 1.8672E-08 1.8232E-08 1.7800E-08 1.7360E-08 1.6880E-08 1.6341E-08 1.5796E-08 1.5264E-08 1.4753E-08 1.4258E-08 1.3792E-08 1.3334E-08 1.2904E-08
1.0333E-08 1.0909E-08 1.1495E-08 1.2090E-08 1.2688E-08 1.3289E-08 1.3888E-08 1.4482E-08 1.5067E-08 1.5641E-08 1.6200E-08 1.6741E-08 1.7260E-08 1.7752E-08 1.8216E-08 1.8969E-08 1.9848E-08 2.0810E-08 2.1685E-08 2.2457E-08 2.3091E-08 2.3476E-08 2.3603E-08 2.3548E-08 2.3501E-08 2.3406E-08 2.3308E-08 2.3179E-08 2.3002E-08 2.2835E-08 2.2611E-08 2.2420E-08 2.2191E-08 2.1929E-08 2.1625E-08 2.1289E-08 2.0927E-08 2.0687E-08 2.0376E-08 2.0048E-08 1.9699E-08 1.9329E-08 1.8942E-08 1.8545E-08 1.8144E-08 1.7745E-08 1.7350E-08 1.6957E-08 1.6555E-08 1.6115E-08 1.5620E-08 1.5122E-08 1.4626E-08 1.4153E-08 1.3690E-08 1.3254E-08 1.2824E-08
9.9351E-09 1.0488E-08 1.1051E-08 1.1622E-08 1.2196E-08 1.2772E-08 1.3347E-08 1.3918E-08 1.4481E-08 1.5033E-08 1.5571E-08 1.6092E-08 1.6590E-08 1.7063E-08 1.7511E-08 1.7932E-08 1.8612E-08 1.9401E-08 2.0241E-08 2.1009E-08 2.1655E-08 2.2182E-08 2.2516E-08 2.2635E-08 2.2594E-08 2.2516E-08 2.2399E-08 2.2248E-08 2.2124E-08 2.1940E-08 2.1752E-08 2.1528E-08 2.1274E-08 2.1068E-08 2.0808E-08 2.0520E-08 2.0203E-08 1.9863E-08 1.9589E-08 1.9281E-08 1.8965E-08 1.8636E-08 1.8291E-08 1.7931E-08 1.7564E-08 1.7203E-08 1.6844E-08 1.6488E-08 1.6130E-08 1.5764E-08 1.5365E-08 1.4916E-08 1.4454E-08 1.4000E-08 1.3560E-08 1.3128E-08 1.2722E-08
9.5434E-09 1.0070E-08 1.0606E-08 1.1150E-08 1.1699E-08 1.2250E-08 1.2801E-08 1.3347E-08 1.3887E-08 1.4417E-08 1.4934E-08 1.5436E-08 1.5916E-08 1.6375E-08 1.6808E-08 1.7215E-08 1.7591E-08 1.8166E-08 1.8851E-08 1.9559E-08 2.0212E-08 2.0681E-08 2.1186E-08 2.1478E-08 2.1594E-08 2.1570E-08 2.1452E-08 2.1360E-08 2.1207E-08 2.1059E-08 2.0875E-08 2.0660E-08 2.0449E-08 2.0201E-08 1.9975E-08 1.9717E-08 1.9440E-08 1.9141E-08 1.8822E-08 1.8487E-08 1.8232E-08 1.7928E-08 1.7616E-08 1.7291E-08 1.6960E-08 1.6621E-08 1.6293E-08 1.5969E-08 1.5648E-08 1.5325E-08 1.4993E-08 1.4630E-08 1.4224E-08 1.3803E-08 1.3381E-08 1.2977E-08 1.2576E-08
9.1533E-09 9.6562E-09 1.0168E-08 1.0687E-08 1.1210E-08 1.1737E-08 1.2262E-08 1.2785E-08 1.3301E-08 1.3809E-08 1.4305E-08 1.4785E-08 1.5246E-08 1.5686E-08 1.6102E-08 1.6493E-08 1.6855E-08 1.7189E-08 1.7658E-08 1.8231E-08 1.8809E-08 1.9349E-08 1.9756E-08 2.0147E-08 2.0399E-08 2.0516E-08 2.0509E-08 2.0415E-08 2.0309E-08 2.0160E-08 1.9979E-08 1.9813E-08 1.9604E-08 1.9390E-08 1.9149E-08 1.8889E-08 1.8660E-08 1.8393E-08 1.8110E-08 1.7811E-08 1.7499E-08 1.7176E-08 1.6937E-08 1.6640E-08 1.6339E-08 1.6029E-08 1.5715E-08 1.5417E-08 1.5125E-08 1.4839E-08 1.4542E-08 1.4241E-08 1.3917E-08 1.3549E-08 1.3161E-08 1.2778E-08 1.2404E-08
8.7670E-09 9.2439E-09 9.7302E-09 1.0224E-08 1.0722E-08 1.1223E-08 1.1725E-08 1.2223E-08 1.2716E-08 1.3201E-08 1.3675E-08 1.4133E-08 1.4575E-08 1.4998E-08 1.5399E-08 1.5775E-08 1.6124E-08 1.6450E-08 1.6748E-08 1.7109E-08 1.7562E-08 1.7983E-08 1.8458E-08 1.8808E-08 1.9109E-08 1.9320E-08 1.9431E-08 1.9440E-08 1.9367E-08 1.9258E-08 1.9115E-08 1.8944E-08 1.8771E-08 1.8568E-08 1.8344E-08 1.8123E-08 1.7875E-08 1.7626E-08 1.7384E-08 1.7116E-08 1.6836E-08 1.6544E-08 1.6242E-08 1.5995E-08 1.5714E-08 1.5429E-08 1.5141E-08 1.4850E-08 1.4582E-08 1.4318E-08 1.4055E-08 1.3789E-08 1.3516E-08 1.3220E-08 1.2889E-08 1.2538E-08 1.2186E-08
8.3871E-09 8.8402E-09 9.3018E-09 9.7705E-09 1.0244E-08 1.0720E-08 1.1197E-08 1.1671E-08 1.2141E-08 1.2603E-08 1.3054E-08 1.3492E-08 1.3914E-08 1.4319E-08 1.4702E-08 1.5061E-08 1.5397E-08 1.5711E-08 1.5998E-08 1.6257E-08 1.6485E-08 1.6878E-08 1.7218E-08 1.7575E-08 1.7862E-08 1.8057E-08 1.8269E-08 1.8364E-08 1.8380E-08 1.8324E-08 1.8212E-08 1.8089E-08 1.7927E-08 1.7740E-08 1.7559E-08 1.7346E-08 1.7115E-08 1.6894E-08 1.6645E-08 1.6416E-08 1.6161E-08 1.5898E-08 1.5628E-08 1.5349E-08 1.5064E-08 1.4833E-08 1.4567E-08 1.4300E-08 1.4030E-08 1.3782E-08 1.3542E-08 1.3308E-08 1.3061E-08 1.2812E-08 1.2547E-08 1.2248E-08 1.1929E-08
8.0119E-09 8.4403E-09 8.8774E-09 9.3214E-09 9.7706E-09 1.0222E-08 1.0675E-08 1.1125E-08 1.1571E-08 1.2010E-08 1.2438E-08 1.2855E-08 1.3258E-08 1.3644E-08 1.4010E-08 1.4355E-08 1.4681E-08 1.4983E-08 1.5258E-08 1.5505E-08 1.5727E-08 1.5920E-08 1.6194E-08 1.6457E-08 1.6673E-08 1.6944E-08 1.7106E-08 1.7257E-08 1.7335E-08 1.7350E-08 1.7305E-08 1.7208E-08 1.7071E-08 1.6936E-08 1.6761E-08 1.6582E-08 1.6381E-08 1.6164E-08 1.5950E-08 1.5715E-08 1.5471E-08 1.5251E-08 1.5005E-08 1.4752E-08 1.4492E-08 1.4229E-08 1.3962E-08 1.3751E-08 1.3500E-08 1.3250E-08 1.3026E-08 1.2806E-08 1.2588E-08 1.2365E-08 1.2135E-08 1.1896E-08 1.1627E-08
7.6450E-09 8.0508E-09 8.4648E-09 8.8847E-09 9.3091E-09 9.7363E-09 1.0164E-08 1.0591E-08 1.1013E-08 1.1430E-08 1.1837E-08 1.2233E-08 1.2616E-08 1.2984E-08 1.3332E-08 1.3661E-08 1.3972E-08 1.4262E-08 1.4527E-08 1.4767E-08 1.4982E-08 1.5169E-08 1.5329E-08 1.5514E-08 1.5707E-08 1.5875E-08 1.6064E-08 1.6191E-08 1.6263E-08 1.6351E-08 1.6359E-08 1.6319E-08 1.6234E-08 1.6111E-08 1.5978E-08 1.5815E-08 1.5634E-08 1.5453E-08 1.5249E-08 1.5034E-08 1.4826E-08 1.4599E-08 1.4374E-08 1.4152E-08 1.3920E-08 1.3679E-08 1.3437E-08 1.3189E-08 1.2978E-08 1.2747E-08 1.2516E-08 1.2304E-08 1.2101E-08 1.1903E-08 1.1697E-08 1.1484E-08 1.1267E-08
7.2876E-09 7.6693E-09 8.0588E-09 8.4546E-09 8.8551E-09 9.2585E-09 9.6627E-09 1.0066E-08 1.0465E-08 1.0859E-08 1.1245E-08 1.1621E-08 1.1985E-08 1.2334E-08 1.2666E-08 1.2983E-08 1.3280E-08 1.3557E-08 1.3811E-08 1.4042E-08 1.4247E-08 1.4428E-08 1.4584E-08 1.4715E-08 1.4820E-08 1.4978E-08 1.5100E-08 1.5189E-08 1.5316E-08 1.5368E-08 1.5416E-08 1.5414E-08 1.5374E-08 1.5297E-08 1.5186E-08 1.5048E-08 1.4908E-08 1.4736E-08 1.4553E-08 1.4376E-08 1.4177E-08 1.3968E-08 1.3765E-08 1.3550E-08 1.3347E-08 1.3131E-08 1.2908E-08 1.2681E-08 1.2456E-08 1.2227E-08 1.2033E-08 1.1818E-08 1.1623E-08 1.1433E-08 1.1248E-08 1.1057E-08 1.0858E-08
6.9398E-09 7.2999E-09 7.6664E-09 8.0392E-09 8.4164E-09 8.7964E-09 9.1774E-09 9.5576E-09 9.9347E-09 1.0307E-08 1.0671E-08 1.1027E-08 1.1372E-08 1.1702E-08 1.2019E-08 1.2320E-08 1.2602E-08 1.2865E-08 1.3109E-08 1.3331E-08 1.3530E-08 1.3706E-08 1.3858E-08 1.3987E-08 1.4091E-08 1.4171E-08 1.4268E-08 1.4349E-08 1.4409E-08 1.4483E-08 1.4514E-08 1.4511E-08 1.4519E-08 1.4476E-08 1.4402E-08 1.4301E-08 1.4172E-08 1.4026E-08 1.3883E-08 1.3713E-08 1.3544E-08 1.3357E-08 1.3167E-08 1.2976E-08 1.2778E-08 1.2572E-08 1.2381E-08 1.2178E-08 1.1971E-08 1.1760E-08 1.1547E-08 1.1335E-08 1.1160E-08 1.0977E-08 1.0797E-08 1.0624E-08 1.0443E-08
6.6014E-09 6.9385E-09 7.2829E-09 7.6330E-09 7.9874E-09 8.3451E-09 8.7038E-09 9.0617E-09 9.4169E-09 9.7675E-09 1.0112E-08 1.0447E-08 1.0773E-08 1.1086E-08 1.1387E-08 1.1673E-08 1.1943E-08 1.2195E-08 1.2427E-08 1.2640E-08 1.2832E-08 1.3002E-08 1.3150E-08 1.3276E-08 1.3379E-08 1.3461E-08 1.3520E-08 1.3558E-08 1.3624E-08 1.3657E-08 1.3669E-08 1.3702E-08 1.3689E-08 1.3648E-08 1.3625E-08 1.3551E-08 1.3457E-08 1.3343E-08 1.3208E-08 1.3070E-08 1.2913E-08 1.2749E-08 1.2584E-08 1.2409E-08 1.2224E-08 1.2046E-08 1.1857E-08 1.1666E-08 1.1488E-08 1.1295E-08 1.1101E-08 1.0905E-08 1.0708E-08 1.0510E-08 1.0363E-08 1.0192E-08 1.0025E-08
6.2674E-09 6.5832E-09 6.9059E-09 7.2339E-09 7.5665E-09 7.9017E-09 8.2382E-09 8.5743E-09 8.9083E-09 9.2384E-09 9.5629E-09 9.8797E-09 1.0187E-08 1.0484E-08 1.0769E-08 1.1040E-08 1.1297E-08 1.1537E-08 1.1759E-08 1.1963E-08 1.2147E-08 1.2312E-08 1.2456E-08 1.2580E-08 1.2683E-08 1.2765E-08 1.2827E-08 1.2869E-08 1.2891E-08 1.2895E-08 1.2932E-08 1.2928E-08 1.2931E-08 1.2905E-08 1.2861E-08 1.2822E-08 1.2752E-08 1.2661E-08 1.2552E-08 1.2429E-08 1.2295E-08 1.2157E-08 1.2007E-08 1.1846E-08 1.1690E-08 1.1522E-08 1.1351E-08 1.1182E-08 1.1004E-08 1.0837E-08 1.0659E-08 1.0478E-08 1.0295E-08 1.0111E-08 9.9277E-09 9.7787E-09 9.6121E-09
5.9541E-09 6.2496E-09 6.5516E-09 6.8590E-09 7.1703E-09 7.4844E-09 7.7998E-09 8.1152E-09 8.4288E-09 8.7390E-09 9.0441E-09 9.3423E-09 9.6319E-09 9.9123E-09 1.0182E-08 1.0438E-08 1.0681E-08 1.0909E-08 1.1121E-08 1.1316E-08 1.1493E-08 1.1651E-08 1.1791E-08 1.1912E-08 1.2013E-08 1.2096E-08 1.2160E-08 1.2205E-08 1.2232E-08 1.2241E-08 1.2234E-08 1.2240E-08 1.2221E-08 1.2189E-08 1.2169E-08 1.2120E-08 1.2052E-08 1.1993E-08 1.1910E-08 1.1812E-08 1.1697E-08 1.1574E-08 1.1437E-08 1.1306E-08 1.1159E-08 1.1008E-08 1.0860E-08 1.0700E-08 1.0545E-08 1.0381E-08 1.0214E-08 1.0056E-08 9.8873E-09 9.7163E-09 9.5443E-09 9.3681E-09 9.2043E-09
5.6446E-09 5.9207E-09 6.2026E-09 6.4896E-09 6.7806E-09 7.0743E-09 7.3696E-09 7.6650E-09 7.9590E-09 8.2499E-09 8.5364E-09 8.8168E-09 9.0896E-09 9.3539E-09 9.6081E-09 9.8508E-09 1.0081E-08 1.0297E-08 1.0499E-08 1.0685E-08 1.0855E-08 1.1008E-08 1.1143E-08 1.1262E-08 1.1362E-08 1.1445E-08 1.1510E-08 1.1559E-08 1.1590E-08 1.1606E-08 1.1604E-08 1.1589E-08 1.1560E-08 1.1547E-08 1.1507E-08 1.1453E-08 1.1416E-08 1.1351E-08 1.1273E-08 1.1206E-08 1.1112E-08 1.1008E-08 1.0893E-08 1.0770E-08 1.0648E-08 1.0513E-08 1.0373E-08 1.0236E-08 1.0090E-08 9.9392E-09 9.7912E-09 9.6355E-09 9.4768E-09 9.3272E-09 9.1658E-09 9.0021E-09 8.8418E-09
5.3485E-09 5.6057E-09 5.8685E-09 6.1362E-09 6.4078E-09 6.6821E-09 6.9583E-09 7.2345E-09 7.5096E-09 7.7821E-09 8.0508E-09 8.3141E-09 8.5706E-09 8.8192E-09 9.0587E-09 9.2879E-09 9.5056E-09 9.7108E-09 9.9026E-09 1.0080E-08 1.0243E-08 1.0390E-08 1.0522E-08 1.0637E-08 1.0736E-08 1.0819E-08 1.0886E-08 1.0937E-08 1.0971E-08 1.0991E-08 1.0998E-08 1.0990E-08 1.0969E-08 1.0932E-08 1.0887E-08 1.0861E-08 1.0808E-08 1.0758E-08 1.0693E-08 1.0616E-08 1.0546E-08 1.0456E-08 1.0361E-08 1.0257E-08 1.0143E-08 1.0023E-08 9.9051E-09 9.7768E-09 9.6434E-09 9.5122E-09 9.3724E-09 9.2288E-09 9.0876E-09 8.9377E-09 8.7828E-09 8.6418E-09 8.4868E-09
5.0728E-09 5.3125E-09 5.5575E-09 5.8072E-09 6.0604E-09 6.3166E-09 6.5743E-09 6.8324E-09 7.0894E-09 7.3445E-09 7.5961E-09 7.8427E-09 8.0832E-09 8.3167E-09 8.5419E-09 8.7578E-09 8.9632E-09 9.1574E-09 9.3393E-09 9.5083E-09 9.6637E-09 9.8050E-09 9.9318E-09 1.0044E-08 1.0141E-08 1.0223E-08 1.0289E-08 1.0342E-08 1.0381E-08 1.0406E-08 1.0418E-08 1.0413E-08 1.0399E-08 1.0374E-08 1.0338E-08 1.0292E-08 1.0251E-08 1.0196E-08 1.0129E-08 1.0075E-08 9.9992E-09 9.9194E-09 9.8473E-09 9.7560E-09 9.6576E-09 9.5540E-09 9.4441E-09 9.3282E-09 9.2142E-09 9.0903E-09 8.9620E-09 8.8361E-09 8.7005E-09 8.5590E-09 8.4245E-09 8.2815E-09 8.1381E-09
4.7872E-09 5.0253E-09 5.2533E-09 5.4856E-09 5.7214E-09 5.9601E-09 6.2003E-09 6.4409E-09 6.6809E-09 6.9193E-09 7.1546E-09 7.3852E-09 7.6106E-09 7.8297E-09 8.0413E-09 8.2446E-09 8.4385E-09 8.6221E-09 8.7947E-09 8.9555E-09 9.1041E-09 9.2398E-09 9.3618E-09 9.4695E-09 9.5651E-09 9.6470E-09 9.7154E-09 9.7703E-09 9.8121E-09 9.8378E-09 9.8542E-09 9.8591E-09 9.8525E-09 9.8349E-09 9.8041E-09 9.7664E-09 9.7185E-09 9.6634E-09 9.6189E-09 9.5535E-09 9.4848E-09 9.4256E-09 9.3475E-09 9.2630E-09 9.1888E-09 9.0981E-09 9.0014E-09 8.8990E-09 8.7912E-09 8.6784E-09 8.5678E-09 8.4465E-09 8.3228E-09 8.1982E-09 8.0695E-09 7.9313E-09 7.7993E-09
4.5158E-09 4.7367E-09 4.9472E-09 5.1803E-09 5.3998E-09 5.6219E-09 5.8455E-09 6.0696E-09 6.2934E-09 6.5160E-09 6.7355E-09 6.9510E-09 7.1619E-09 7.3672E-09 7.5659E-09 7.7571E-09 7.9399E-09 8.1134E-09 8.2766E-09 8.4286E-09 8.5699E-09 8.7002E-09 8.8184E-09 8.9245E-09 9.0181E-09 9.0992E-09 9.1679E-09 9.2207E-09 9.2653E-09 9.2980E-09 9.3192E-09 9.3293E-09 9.3275E-09 9.3146E-09 9.2945E-09 9.2653E-09 9.2274E-09 9.1780E-09 9.1248E-09 9.0646E-09 9.0139E-09 8.9470E-09 8.8731E-09 8.8109E-09 8.7323E-09 8.6480E-09 8.5725E-09 8.4814E-09 8.3855E-09 8.2847E-09 8.1777E-09 8.0729E-09 7.9568E-09 7.8411E-09 7.7213E-09 7.5958E-09 7.4686E-09
4.2833E-09 4.4721E-09 4.6650E-09 4.8804E-09 5.1008E-09 5.3073E-09 5.5155E-09 5.7243E-09 5.9332E-09 6.1407E-09 6.3451E-09 6.5462E-09 6.7431E-09 6.9350E-09 7.1209E-09 7.3005E-09 7.4724E-09 7.6361E-09 7.7908E-09 7.9359E-09 8.0710E-09 8.1954E-09 8.3090E-09 8.4115E-09 8.5000E-09 8.5790E-09 8.6477E-09 8.7050E-09 8.7512E-09 8.7866E-09 8.8103E-09 8.8224E-09 8.8273E-09 8.8226E-09 8.8090E-09 8.7867E-09 8.7530E-09 8.7153E-09 8.6703E-09 8.6169E-09 8.5574E-09 8.4937E-09 8.4411E-09 8.3719E-09 8.3084E-09 8.2332E-09 8.1532E-09 8.0784E-09 7.9922E-09 7.9017E-09 7.8055E-09 7.7026E-09 7.5998E-09 7.4925E-09 7.3828E-09 7.2676E-09 7.1364E-09
4.0530E-09 4.2296E-09 4.4100E-09 4.5934E-09 4.7971E-09 5.0044E-09 5.1975E-09 5.3916E-09 5.5859E-09 5.7785E-09 5.9688E-09 6.1565E-09 6.3406E-09 6.5203E-09 6.6948E-09 6.8633E-09 7.0250E-09 7.1793E-09 7.3256E-09 7.4633E-09 7.5904E-09 7.7074E-09 7.8167E-09 7.9161E-09 8.0051E-09 8.0838E-09 8.1521E-09 8.2101E-09 8.2555E-09 8.2924E-09 8.3206E-09 8.3394E-09 8.3490E-09 8.3497E-09 8.3386E-09 8.3232E-09 8.3000E-09 8.2696E-09 8.2323E-09 8.1869E-09 8.1372E-09 8.0817E-09 8.0209E-09 7.9662E-09 7.8997E-09 7.8287E-09 7.7638E-09 7.6874E-09 7.6059E-09 7.5304E-09 7.4407E-09 7.3514E-09 7.2567E-09 7.1549E-09 7.0421E-09 6.9322E-09 6.8066E-09
3.8444E-09 4.0071E-09 4.1734E-09 4.3434E-09 4.5158E-09 4.7076E-09 4.8857E-09 5.0834E-09 5.2644E-09 5.4435E-09 5.6209E-09 5.7957E-09 5.9673E-09 6.1348E-09 6.2975E-09 6.4547E-09 6.6058E-09 6.7511E-09 6.8893E-09 7.0197E-09 7.1419E-09 7.2556E-09 7.3603E-09 7.4559E-09 7.5422E-09 7.6180E-09 7.6831E-09 7.7414E-09 7.7903E-09 7.8301E-09 7.8608E-09 7.8827E-09 7.8928E-09 7.8983E-09 7.8960E-09 7.8860E-09 7.8689E-09 7.8433E-09 7.8128E-09 7.7762E-09 7.7337E-09 7.6856E-09 7.6323E-09 7.5741E-09 7.5111E-09 7.4546E-09 7.3866E-09 7.3132E-09 7.2473E-09 7.1666E-09 7.0864E-09 7.0103E-09 6.9204E-09 6.8116E-09 6.7011E-09 6.6050E-09 6.5097E-09
3.6438E-09 3.7958E-09 3.9519E-09 4.1106E-09 4.2709E-09 4.4328E-09 4.5963E-09 4.7785E-09 4.9523E-09 5.1271E-09 5.2918E-09 5.4546E-09 5.6146E-09 5.7713E-09 5.9239E-09 6.0718E-09 6.2144E-09 6.3510E-09 6.4812E-09 6.6045E-09 6.7204E-09 6.8285E-09 6.9264E-09 7.0173E-09 7.1010E-09 7.1762E-09 7.2427E-09 7.3007E-09 7.3501E-09 7.3911E-09 7.4205E-09 7.4454E-09 7.4625E-09 7.4719E-09 7.4739E-09 7.4686E-09 7.4555E-09 7.4373E-09 7.4129E-09 7.3826E-09 7.3467E-09 7.3054E-09 7.2590E-09 7.2077E-09 7.1519E-09 7.0917E-09 7.0260E-09 6.9682E-09 6.8954E-09 6.8232E-09 6.7556E-09 6.6561E-09 6.5660E-09 6.4833E-09 6.4009E-09 6.3126E-09 6.2219E-09
