Assets/Resources/2015_m01_d20_0800(utc+0800)_l00_csi_1hr_conc.grd
DSAA
         159         159
     -79.000      79.000
     -79.000      79.000
  0.1779E-12  0.1390E-05
[rows 75 to 99 of 159, columns 0 to 56 of 159]
4.6509E-10 4.8271E-10 5.0043E-10 5.1954E-10 5.3842E-10 5.5776E-10 5.7816E-10 5.9850E-10 6.1951E-10 6.4122E-10 6.6306E-10 6.8557E-10 7.0881E-10 7.3216E-10 7.5629E-10 7.8120E-10 8.0615E-10 8.3211E-10 8.5862E-10 8.8490E-10 9.1271E-10 9.4057E-10 9.6843E-10 9.9786E-10 1.0273E-09 1.0570E-09 1.0880E-09 1.1188E-09 1.1508E-09 1.1842E-09 1.2164E-09 1.2505E-09 1.2853E-09 1.3193E-09 1.3537E-09 1.3906E-09 1.4273E-09 1.4634E-09 1.5032E-09 1.5423E-09 1.5804E-09 1.6249E-09 1.6651E-09 1.7074E-09 1.7489E-09 1.7901E-09 1.8496E-09 1.8947E-09 1.9484E-09 1.9938E-09 2.0367E-09 2.0996E-09 2.1499E-09 2.2012E-09 2.2627E-09 2.3378E-09 2.3925E-09
4.6060E-10 4.7761E-10 4.9542E-10 5.1408E-10 5.3249E-10 5.5190E-10 5.7182E-10 5.9166E-10 6.1253E-10 6.3392E-10 6.5521E-10 6.7757E-10 7.0045E-10 7.2323E-10 7.4722E-10 7.7175E-10 7.9605E-10 8.2185E-10 8.4771E-10 8.7380E-10 9.0119E-10 9.2836E-10 9.5627E-10 9.8523E-10 1.0137E-09 1.0432E-09 1.0737E-09 1.1037E-09 1.1361E-09 1.1681E-09 1.1998E-09 1.2339E-09 1.2677E-09 1.3011E-09 1.3354E-09 1.3723E-09 1.4074E-09 1.4430E-09 1.4830E-09 1.5208E-09 1.5607E-09 1.6021E-09 1.6411E-09 1.6823E-09 1.7230E-09 1.7686E-09 1.8123E-09 1.8528E-09 1.9118E-09 1.9574E-09 2.0032E-09 2.0679E-09 2.1186E-09 2.1553E-09 2.2264E-09 2.2782E-09 2.3314E-09
4.5571E-10 4.7245E-10 4.9035E-10 5.0838E-10 5.2649E-10 5.4599E-10 5.6524E-10 5.8475E-10 6.0569E-10 6.2637E-10 6.4731E-10 6.6971E-10 6.9184E-10 7.1448E-10 7.3834E-10 7.6201E-10 7.8640E-10 8.1180E-10 8.3675E-10 8.6291E-10 8.8963E-10 9.1609E-10 9.4405E-10 9.7207E-10 1.0001E-09 1.0296E-09 1.0591E-09 1.0891E-09 1.1209E-09 1.1521E-09 1.1837E-09 1.2177E-09 1.2501E-09 1.2829E-09 1.3176E-09 1.3530E-09 1.3876E-09 1.4240E-09 1.4628E-09 1.4992E-09 1.5397E-09 1.5790E-09 1.6174E-09 1.6583E-09 1.6979E-09 1.7408E-09 1.7822E-09 1.8234E-09 1.8832E-09 1.9209E-09 1.9595E-09 2.0206E-09 2.0665E-09 2.1133E-09 2.1898E-09 2.2428E-09 2.2965E-09
4.5076E-10 4.6724E-10 4.8506E-10 5.0264E-10 5.2082E-10 5.3984E-10 5.5861E-10 5.7818E-10 5.9861E-10 6.1877E-10 6.3975E-10 6.6162E-10 6.8319E-10 7.0569E-10 7.2919E-10 7.5223E-10 7.7670E-10 8.0123E-10 8.2575E-10 8.5174E-10 8.7778E-10 9.0379E-10 9.3157E-10 9.5887E-10 9.8663E-10 1.0157E-09 1.0445E-09 1.0748E-09 1.1058E-09 1.1359E-09 1.1679E-09 1.2006E-09 1.2324E-09 1.2646E-09 1.2993E-09 1.3337E-09 1.3677E-09 1.4051E-09 1.4418E-09 1.4777E-09 1.5188E-09 1.5561E-09 1.5946E-09 1.6341E-09 1.6731E-09 1.7148E-09 1.7553E-09 1.7981E-09 1.8418E-09 1.8833E-09 1.9423E-09 1.9884E-09 2.0343E-09 2.0899E-09 2.1416E-09 2.1883E-09 2.2463E-09
4.4576E-10 4.6233E-10 4.7972E-10 4.9684E-10 5.1492E-10 5.3348E-10 5.5193E-10 5.7156E-10 5.9131E-10 6.1113E-10 6.3215E-10 6.5330E-10 6.7450E-10 6.9711E-10 7.1977E-10 7.4241E-10 7.6674E-10 7.9063E-10 8.1521E-10 8.4080E-10 8.6591E-10 8.9197E-10 9.1906E-10 9.4564E-10 9.7344E-10 1.0018E-09 1.0298E-09 1.0601E-09 1.0902E-09 1.1198E-09 1.1522E-09 1.1834E-09 1.2147E-09 1.2464E-09 1.2815E-09 1.3144E-09 1.3477E-09 1.3861E-09 1.4208E-09 1.4569E-09 1.4966E-09 1.5333E-09 1.5716E-09 1.6100E-09 1.6484E-09 1.6894E-09 1.7290E-09 1.7711E-09 1.8126E-09 1.8539E-09 1.9030E-09 1.9444E-09 1.9865E-09 2.0561E-09 2.1042E-09 2.1525E-09 2.2295E-09
4.4072E-10 4.5739E-10 4.7417E-10 4.9100E-10 5.0916E-10 5.2707E-10 5.4521E-10 5.6472E-10 5.8397E-10 6.0345E-10 6.2433E-10 6.4494E-10 6.6601E-10 6.8850E-10 7.1032E-10 7.3305E-10 7.5676E-10 7.8000E-10 8.0441E-10 8.2935E-10 8.5402E-10 8.8014E-10 9.0629E-10 9.3240E-10 9.5999E-10 9.8760E-10 1.0156E-09 1.0459E-09 1.0745E-09 1.1036E-09 1.1360E-09 1.1663E-09 1.1970E-09 1.2291E-09 1.2627E-09 1.2951E-09 1.3278E-09 1.3657E-09 1.3998E-09 1.4375E-09 1.4745E-09 1.5106E-09 1.5488E-09 1.5860E-09 1.6248E-09 1.6640E-09 1.7029E-09 1.7444E-09 1.7848E-09 1.8254E-09 1.8698E-09 1.9118E-09 1.9540E-09 2.0203E-09 2.0543E-09 2.0947E-09 2.1668E-09
4.3564E-10 4.5241E-10 4.6857E-10 4.8530E-10 5.0319E-10 5.2063E-10 5.3883E-10 5.5786E-10 5.7660E-10 5.9612E-10 6.1649E-10 6.3655E-10 6.5773E-10 6.7941E-10 7.0085E-10 7.2366E-10 7.4652E-10 7.6935E-10 7.9384E-10 8.1788E-10 8.4212E-10 8.6830E-10 8.9352E-10 9.1941E-10 9.4680E-10 9.7343E-10 1.0018E-09 1.0307E-09 1.0589E-09 1.0888E-09 1.1194E-09 1.1491E-09 1.1793E-09 1.2118E-09 1.2440E-09 1.2757E-09 1.3101E-09 1.3453E-09 1.3788E-09 1.4174E-09 1.4524E-09 1.4879E-09 1.5255E-09 1.5621E-09 1.6006E-09 1.6387E-09 1.6770E-09 1.7178E-09 1.7573E-09 1.7980E-09 1.8404E-09 1.8816E-09 1.9251E-09 1.9711E-09 2.0135E-09 2.0655E-09 2.1307E-09
4.3087E-10 4.4705E-10 4.6294E-10 4.7975E-10 4.9702E-10 5.1416E-10 5.3242E-10 5.5079E-10 5.6920E-10 5.8877E-10 6.0844E-10 6.2815E-10 6.4921E-10 6.7030E-10 6.9136E-10 7.1427E-10 7.3628E-10 7.5917E-10 7.8303E-10 8.0642E-10 8.3070E-10 8.5598E-10 8.8074E-10 9.0667E-10 9.3312E-10 9.5927E-10 9.8800E-10 1.0156E-09 1.0433E-09 1.0736E-09 1.1028E-09 1.1320E-09 1.1616E-09 1.1945E-09 1.2253E-09 1.2564E-09 1.2924E-09 1.3249E-09 1.3579E-09 1.3959E-09 1.4303E-09 1.4662E-09 1.5022E-09 1.5382E-09 1.5764E-09 1.6135E-09 1.6519E-09 1.6912E-09 1.7301E-09 1.7707E-09 1.8115E-09 1.8521E-09 1.8957E-09 1.9381E-09 1.9803E-09 2.0313E-09 2.0738E-09
4.2608E-10 4.4167E-10 4.5729E-10 4.7418E-10 4.9082E-10 5.0766E-10 5.2599E-10 5.4369E-10 5.6178E-10 5.8140E-10 6.0037E-10 6.1973E-10 6.4090E-10 6.6118E-10 6.8232E-10 7.0442E-10 7.2602E-10 7.4899E-10 7.7199E-10 7.9495E-10 8.1929E-10 8.4367E-10 8.6798E-10 8.9395E-10 9.1945E-10 9.4512E-10 9.7384E-10 1.0006E-09 1.0277E-09 1.0580E-09 1.0862E-09 1.1149E-09 1.1440E-09 1.1764E-09 1.2066E-09 1.2372E-09 1.2727E-09 1.3046E-09 1.3377E-09 1.3745E-09 1.4083E-09 1.4441E-09 1.4790E-09 1.5144E-09 1.5519E-09 1.5885E-09 1.6269E-09 1.6648E-09 1.7030E-09 1.7433E-09 1.7830E-09 1.8229E-09 1.8655E-09 1.9068E-09 1.9483E-09 1.9942E-09 2.0370E-09
4.2126E-10 4.3625E-10 4.5160E-10 4.6842E-10 4.8459E-10 5.0131E-10 5.1919E-10 5.3658E-10 5.5471E-10 5.7366E-10 5.9229E-10 6.1198E-10 6.3215E-10 6.5206E-10 6.7329E-10 6.9456E-10 7.1577E-10 7.3859E-10 7.6096E-10 7.8349E-10 8.0790E-10 8.3137E-10 8.5523E-10 8.8101E-10 9.0580E-10 9.3224E-10 9.5927E-10 9.8551E-10 1.0126E-09 1.0420E-09 1.0697E-09 1.0978E-09 1.1281E-09 1.1582E-09 1.1879E-09 1.2179E-09 1.2529E-09 1.2843E-09 1.3197E-09 1.3531E-09 1.3863E-09 1.4215E-09 1.4558E-09 1.4916E-09 1.5275E-09 1.5634E-09 1.6015E-09 1.6385E-09 1.6761E-09 1.7159E-09 1.7546E-09 1.7938E-09 1.8357E-09 1.8760E-09 1.9169E-09 1.9611E-09 2.0031E-09
4.1608E-10 4.3082E-10 4.4642E-10 4.6246E-10 4.7835E-10 4.9532E-10 5.1237E-10 5.2945E-10 5.4764E-10 5.6591E-10 5.8420E-10 6.0400E-10 6.2339E-10 6.4293E-10 6.6427E-10 6.8471E-10 7.0553E-10 7.2820E-10 7.4993E-10 7.7252E-10 7.9606E-10 8.1908E-10 8.4297E-10 8.6784E-10 8.9217E-10 9.1897E-10 9.4471E-10 9.7045E-10 9.9831E-10 1.0259E-09 1.0531E-09 1.0807E-09 1.1115E-09 1.1401E-09 1.1692E-09 1.2022E-09 1.2332E-09 1.2640E-09 1.2996E-09 1.3317E-09 1.3643E-09 1.3990E-09 1.4327E-09 1.4684E-09 1.5032E-09 1.5384E-09 1.5759E-09 1.6123E-09 1.6497E-09 1.6883E-09 1.7264E-09 1.7659E-09 1.8059E-09 1.8455E-09 1.8871E-09 1.9287E-09 1.9700E-09
4.1089E-10 4.2536E-10 4.4106E-10 4.5649E-10 4.7209E-10 4.8913E-10 5.0555E-10 5.2232E-10 5.4056E-10 5.5815E-10 5.7611E-10 5.9581E-10 6.1463E-10 6.3404E-10 6.5481E-10 6.7487E-10 6.9599E-10 7.1760E-10 7.3891E-10 7.6155E-10 7.8422E-10 8.0679E-10 8.3096E-10 8.5466E-10 8.7852E-10 9.0529E-10 9.3015E-10 9.5540E-10 9.8364E-10 1.0099E-09 1.0366E-09 1.0637E-09 1.0939E-09 1.1221E-09 1.1506E-09 1.1831E-09 1.2136E-09 1.2438E-09 1.2789E-09 1.3104E-09 1.3434E-09 1.3765E-09 1.4096E-09 1.4447E-09 1.4789E-09 1.5145E-09 1.5503E-09 1.5861E-09 1.6237E-09 1.6608E-09 1.6982E-09 1.7375E-09 1.7763E-09 1.8153E-09 1.8564E-09 1.8968E-09 1.9373E-09
4.0568E-10 4.1990E-10 4.3551E-10 4.5050E-10 4.6583E-10 4.8260E-10 4.9872E-10 5.1518E-10 5.3313E-10 5.5040E-10 5.6846E-10 5.8741E-10 6.0588E-10 6.2560E-10 6.4534E-10 6.6502E-10 6.8623E-10 7.0699E-10 7.2788E-10 7.5058E-10 7.7235E-10 7.9448E-10 8.1847E-10 8.4148E-10 8.6487E-10 8.9122E-10 9.1560E-10 9.4036E-10 9.6814E-10 9.9392E-10 1.0201E-09 1.0466E-09 1.0764E-09 1.1040E-09 1.1320E-09 1.1640E-09 1.1939E-09 1.2236E-09 1.2574E-09 1.2892E-09 1.3218E-09 1.3541E-09 1.3866E-09 1.4211E-09 1.4546E-09 1.4902E-09 1.5249E-09 1.5600E-09 1.5972E-09 1.6334E-09 1.6701E-09 1.7090E-09 1.7468E-09 1.7851E-09 1.8257E-09 1.8651E-09 1.9049E-09
4.0045E-10 4.1442E-10 4.2979E-10 4.4451E-10 4.6008E-10 4.7607E-10 4.9189E-10 5.0858E-10 5.2570E-10 5.4265E-10 5.6082E-10 5.7900E-10 5.9712E-10 6.1694E-10 6.3587E-10 6.5515E-10 6.7620E-10 6.9633E-10 7.1682E-10 7.3913E-10 7.6047E-10 7.8217E-10 8.0573E-10 8.2829E-10 8.5283E-10 8.7714E-10 9.0104E-10 9.2614E-10 9.5265E-10 9.7793E-10 1.0036E-09 1.0314E-09 1.0589E-09 1.0860E-09 1.1135E-09 1.1449E-09 1.1744E-09 1.2062E-09 1.2368E-09 1.2680E-09 1.2998E-09 1.3314E-09 1.3646E-09 1.3975E-09 1.4305E-09 1.4652E-09 1.4995E-09 1.5339E-09 1.5705E-09 1.6061E-09 1.6421E-09 1.6803E-09 1.7175E-09 1.7550E-09 1.7949E-09 1.8336E-09 1.8727E-09
3.9522E-10 4.0978E-10 4.2407E-10 4.3852E-10 4.5433E-10 4.6952E-10 4.8505E-10 5.0197E-10 5.1826E-10 5.3488E-10 5.5316E-10 5.7056E-10 5.8831E-10 6.0778E-10 6.2634E-10 6.4569E-10 6.6593E-10 6.8566E-10 7.0642E-10 7.2764E-10 7.4856E-10 7.7076E-10 7.9297E-10 8.1508E-10 8.3999E-10 8.6305E-10 8.8648E-10 9.1276E-10 9.3717E-10 9.6195E-10 9.8711E-10 1.0148E-09 1.0415E-09 1.0680E-09 1.0976E-09 1.1259E-09 1.1548E-09 1.1862E-09 1.2162E-09 1.2468E-09 1.2780E-09 1.3091E-09 1.3417E-09 1.3738E-09 1.4064E-09 1.4405E-09 1.4741E-09 1.5080E-09 1.5439E-09 1.5788E-09 1.6150E-09 1.6518E-09 1.6882E-09 1.7265E-09 1.7642E-09 1.8022E-09 1.8419E-09
3.8999E-10 4.0447E-10 4.1833E-10 4.3251E-10 4.4806E-10 4.6297E-10 4.7819E-10 4.9481E-10 5.1076E-10 5.2704E-10 5.4501E-10 5.6207E-10 5.8011E-10 5.9859E-10 6.1678E-10 6.3641E-10 6.5561E-10 6.7494E-10 6.9598E-10 7.1613E-10 7.3662E-10 7.5887E-10 7.8019E-10 8.0186E-10 8.2635E-10 8.4895E-10 8.7192E-10 8.9734E-10 9.2169E-10 9.4599E-10 9.7066E-10 9.9747E-10 1.0235E-09 1.0501E-09 1.0785E-09 1.1062E-09 1.1345E-09 1.1655E-09 1.1949E-09 1.2255E-09 1.2564E-09 1.2869E-09 1.3188E-09 1.3504E-09 1.3831E-09 1.4159E-09 1.4489E-09 1.4831E-09 1.5171E-09 1.5517E-09 1.5877E-09 1.6233E-09 1.6590E-09 1.6965E-09 1.7336E-09 1.7708E-09 1.8110E-09
3.8473E-10 3.9897E-10 4.1257E-10 4.2646E-10 4.4173E-10 4.5633E-10 4.7124E-10 4.8758E-10 5.0321E-10 5.1981E-10 5.3681E-10 5.5352E-10 5.7186E-10 5.8934E-10 6.0715E-10 6.2665E-10 6.4525E-10 6.6419E-10 6.8485E-10 7.0459E-10 7.2466E-10 7.4650E-10 7.6739E-10 7.8862E-10 8.1271E-10 8.3486E-10 8.5736E-10 8.8235E-10 9.0623E-10 9.3004E-10 9.5422E-10 9.8056E-10 1.0061E-09 1.0321E-09 1.0601E-09 1.0873E-09 1.1150E-09 1.1455E-09 1.1743E-09 1.2045E-09 1.2348E-09 1.2647E-09 1.2958E-09 1.3270E-09 1.3591E-09 1.3913E-09 1.4237E-09 1.4573E-09 1.4907E-09 1.5246E-09 1.5599E-09 1.5948E-09 1.6298E-09 1.6667E-09 1.7030E-09 1.7394E-09 1.7785E-09
3.7941E-10 3.9339E-10 4.0672E-10 4.2100E-10 4.3534E-10 4.4965E-10 4.6512E-10 4.8029E-10 4.9560E-10 5.1250E-10 5.2855E-10 5.4491E-10 5.6293E-10 5.8005E-10 5.9749E-10 6.1663E-10 6.3485E-10 6.5339E-10 6.7368E-10 6.9301E-10 7.1267E-10 7.3412E-10 7.5458E-10 7.7731E-10 7.9905E-10 8.2076E-10 8.4280E-10 8.6736E-10 8.9077E-10 9.1411E-10 9.3905E-10 9.6367E-10 9.8874E-10 1.0143E-09 1.0417E-09 1.0684E-09 1.0970E-09 1.1256E-09 1.1539E-09 1.1832E-09 1.2129E-09 1.2427E-09 1.2728E-09 1.3034E-09 1.3350E-09 1.3665E-09 1.3983E-09 1.4316E-09 1.4643E-09 1.4975E-09 1.5319E-09 1.5661E-09 1.6007E-09 1.6369E-09 1.6725E-09 1.7082E-09 1.7465E-09
3.7483E-10 3.8776E-10 4.0082E-10 4.1516E-10 4.2887E-10 4.4288E-10 4.5823E-10 4.7292E-10 4.8792E-10 5.0451E-10 5.2023E-10 5.3625E-10 5.5393E-10 5.7069E-10 5.8777E-10 6.0656E-10 6.2440E-10 6.4322E-10 6.6248E-10 6.8141E-10 7.0156E-10 7.2171E-10 7.4175E-10 7.6408E-10 7.8539E-10 8.0665E-10 8.2945E-10 8.5194E-10 8.7485E-10 8.9819E-10 9.2225E-10 9.4635E-10 9.7088E-10 9.9650E-10 1.0227E-09 1.0488E-09 1.0761E-09 1.1041E-09 1.1327E-09 1.1614E-09 1.1905E-09 1.2207E-09 1.2502E-09 1.2802E-09 1.3111E-09 1.3421E-09 1.3732E-09 1.4059E-09 1.4380E-09 1.4710E-09 1.5043E-09 1.5377E-09 1.5727E-09 1.6071E-09 1.6420E-09 1.6774E-09 1.7146E-09
3.6938E-10 3.8204E-10 3.9482E-10 4.0873E-10 4.2233E-10 4.3605E-10 4.5111E-10 4.6549E-10 4.8017E-10 4.9645E-10 5.1184E-10 5.2815E-10 5.4488E-10 5.6129E-10 5.7909E-10 5.9646E-10 6.1392E-10 6.3280E-10 6.5124E-10 6.6977E-10 6.8976E-10 7.0929E-10 7.2891E-10 7.5044E-10 7.7129E-10 7.9255E-10 8.1491E-10 8.3695E-10 8.5941E-10 8.8229E-10 9.0588E-10 9.2951E-10 9.5356E-10 9.7869E-10 1.0044E-09 1.0300E-09 1.0568E-09 1.0842E-09 1.1125E-09 1.1405E-09 1.1691E-09 1.1987E-09 1.2276E-09 1.2567E-09 1.2874E-09 1.3177E-09 1.3487E-09 1.3796E-09 1.4114E-09 1.4440E-09 1.4767E-09 1.5094E-09 1.5435E-09 1.5772E-09 1.6113E-09 1.6471E-09 1.6827E-09
3.6368E-10 3.7607E-10 3.8876E-10 4.0240E-10 4.1571E-10 4.2914E-10 4.4373E-10 4.5799E-10 4.7296E-10 4.8834E-10 5.0340E-10 5.1980E-10 5.3577E-10 5.5184E-10 5.6929E-10 5.8630E-10 6.0339E-10 6.2192E-10 6.3997E-10 6.5811E-10 6.7749E-10 6.9659E-10 7.1605E-10 7.3718E-10 7.5761E-10 7.7844E-10 8.0038E-10 8.2198E-10 8.4399E-10 8.6641E-10 8.8955E-10 9.1270E-10 9.3628E-10 9.6092E-10 9.8613E-10 1.0113E-09 1.0375E-09 1.0645E-09 1.0910E-09 1.1194E-09 1.1474E-09 1.1751E-09 1.2045E-09 1.2335E-09 1.2631E-09 1.2928E-09 1.3235E-09 1.3541E-09 1.3852E-09 1.4169E-09 1.4489E-09 1.4809E-09 1.5142E-09 1.5476E-09 1.5810E-09 1.6160E-09 1.6505E-09
3.5806E-10 3.7019E-10 3.8309E-10 3.9598E-10 4.0902E-10 4.2282E-10 4.3647E-10 4.5042E-10 4.6530E-10 4.7993E-10 4.9489E-10 5.1076E-10 5.2638E-10 5.4234E-10 5.5924E-10 5.7586E-10 5.9283E-10 6.1077E-10 6.2842E-10 6.4643E-10 6.6542E-10 6.8413E-10 7.0430E-10 7.2392E-10 7.4393E-10 7.6433E-10 7.8585E-10 8.0702E-10 8.2858E-10 8.5003E-10 8.7280E-10 8.9546E-10 9.1852E-10 9.4199E-10 9.6660E-10 9.9176E-10 1.0168E-09 1.0431E-09 1.0699E-09 1.0977E-09 1.1251E-09 1.1532E-09 1.1820E-09 1.2105E-09 1.2394E-09 1.2685E-09 1.2986E-09 1.3286E-09 1.3590E-09 1.3901E-09 1.4211E-09 1.4528E-09 1.4855E-09 1.5181E-09 1.5508E-09 1.5851E-09 1.6188E-09
3.5235E-10 3.6423E-10 3.7687E-10 3.8932E-10 4.0206E-10 4.1577E-10 4.2913E-10 4.4278E-10 4.5737E-10 4.7169E-10 4.8633E-10 5.0189E-10 5.1718E-10 5.3279E-10 5.4935E-10 5.6562E-10 5.8265E-10 5.9981E-10 6.1710E-10 6.3536E-10 6.5333E-10 6.7164E-10 6.9143E-10 7.1065E-10 7.3025E-10 7.5062E-10 7.7093E-10 7.9163E-10 8.1272E-10 8.3421E-10 8.5654E-10 8.7873E-10 9.0131E-10 9.2430E-10 9.4843E-10 9.7310E-10 9.9763E-10 1.0234E-09 1.0498E-09 1.0770E-09 1.1038E-09 1.1314E-09 1.1596E-09 1.1872E-09 1.2155E-09 1.2444E-09 1.2732E-09 1.3029E-09 1.3323E-09 1.3631E-09 1.3937E-09 1.4251E-09 1.4565E-09 1.4884E-09 1.5203E-09 1.5540E-09 1.5873E-09
3.4658E-10 3.5819E-10 3.7038E-10 3.8276E-10 3.9522E-10 4.0849E-10 4.2155E-10 4.3489E-10 4.4938E-10 4.6339E-10 4.7771E-10 4.9295E-10 5.0791E-10 5.2381E-10 5.3942E-10 5.5534E-10 5.7223E-10 5.8882E-10 6.0574E-10 6.2364E-10 6.4123E-10 6.5916E-10 6.7819E-10 6.9698E-10 7.1615E-10 7.3608E-10 7.5646E-10 7.7673E-10 7.9738E-10 8.1843E-10 8.4031E-10 8.6204E-10 8.8417E-10 9.0669E-10 9.3033E-10 9.5386E-10 9.7854E-10 1.0038E-09 1.0286E-09 1.0550E-09 1.0824E-09 1.1081E-09 1.1356E-09 1.1637E-09 1.1915E-09 1.2197E-09 1.2482E-09 1.2773E-09 1.3067E-09 1.3366E-09 1.3665E-09 1.3969E-09 1.4276E-09 1.4588E-09 1.4908E-09 1.5229E-09 1.5555E-09
3.4034E-10 3.5189E-10 3.6401E-10 3.7613E-10 3.8832E-10 4.0131E-10 4.1407E-10 4.2713E-10 4.4111E-10 4.5480E-10 4.6920E-10 4.8375E-10 4.9836E-10 5.1371E-10 5.2944E-10 5.4503E-10 5.6110E-10 5.7758E-10 5.9411E-10 6.1142E-10 6.2890E-10 6.4644E-10 6.6507E-10 6.8375E-10 7.0251E-10 7.2204E-10 7.4201E-10 7.6186E-10 7.8209E-10 8.0216E-10 8.2356E-10 8.4542E-10 8.6655E-10 8.8855E-10 9.1169E-10 9.3453E-10 9.5865E-10 9.8334E-10 1.0078E-09 1.0336E-09 1.0603E-09 1.0864E-09 1.1134E-09 1.1410E-09 1.1681E-09 1.1953E-09 1.2237E-09 1.2517E-09 1.2806E-09 1.3099E-09 1.3388E-09 1.3687E-09 1.3992E-09 1.4297E-09 1.4610E-09 1.4924E-09 1.5238E-09
