Assets/Resources/2015_m01_d15_0800(utc+0800)_l00_csi_1hr_conc.grd
DSAA
         159         159
     -79.000      79.000
     -79.000      79.000
  0.0000E+00  0.3993E-05
[rows 100 to 124 of 159, columns 57 to 113 of 159]
4.5800E-10 4.7563E-10 4.9075E-10 5.0611E-10 5.2503E-10 5.4128E-10 5.5777E-10 5.8180E-10 5.9974E-10 6.1799E-10 6.4458E-10 6.6451E-10 6.8482E-10 7.1385E-10 7.3606E-10 7.6533E-10 7.9649E-10 8.2487E-10 8.7180E-10 9.7206E-10 1.0432E-09 1.1286E-09 1.2231E-09 1.3156E-09 1.4274E-09 1.5339E-09 1.6400E-09 1.7633E-09 1.8843E-09 2.0122E-09 2.1470E-09 2.2845E-09 2.4295E-09 2.5818E-09 2.7379E-09 2.8964E-09 3.0570E-09 3.2208E-09 3.4045E-09 3.5933E-09 3.7731E-09 3.9520E-09 4.1306E-09 4.3076E-09 4.4820E-09 4.6524E-09 4.8176E-09 4.9755E-09 5.1249E-09 5.2634E-09 5.3908E-09 5.5254E-09 5.6471E-09 5.7477E-09 5.8319E-09 5.9016E-09 5.9577E-09
4.4505E-10 4.6218E-10 4.7680E-10 4.9165E-10 5.1002E-10 5.2573E-10 5.4166E-10 5.6507E-10 5.8242E-10 6.0147E-10 6.2594E-10 6.4520E-10 6.6481E-10 6.9305E-10 7.1450E-10 7.4291E-10 7.7316E-10 7.9800E-10 8.4199E-10 9.2472E-10 9.8369E-10 1.0693E-09 1.1447E-09 1.2464E-09 1.3315E-09 1.4391E-09 1.5449E-09 1.6465E-09 1.7656E-09 1.8833E-09 2.0047E-09 2.1342E-09 2.2670E-09 2.4017E-09 2.5418E-09 2.6874E-09 2.8366E-09 2.9865E-09 3.1486E-09 3.3213E-09 3.4907E-09 3.6538E-09 3.8161E-09 3.9768E-09 4.1354E-09 4.2908E-09 4.4417E-09 4.5859E-09 4.7228E-09 4.8507E-09 4.9683E-09 5.0763E-09 5.1973E-09 5.2932E-09 5.3735E-09 5.4418E-09 5.4981E-09
4.3342E-10 4.4896E-10 4.6309E-10 4.7744E-10 4.9527E-10 5.1045E-10 5.2585E-10 5.4864E-10 5.6539E-10 5.8662E-10 6.0762E-10 6.2622E-10 6.4516E-10 6.7261E-10 6.9332E-10 7.2089E-10 7.4885E-10 7.7708E-10 8.1736E-10 8.7918E-10 9.3666E-10 9.9999E-10 1.0838E-09 1.1581E-09 1.2596E-09 1.3446E-09 1.4449E-09 1.5522E-09 1.6515E-09 1.7592E-09 1.8777E-09 1.9930E-09 2.1131E-09 2.2396E-09 2.3697E-09 2.4991E-09 2.6322E-09 2.7684E-09 2.9090E-09 3.0680E-09 3.2268E-09 3.3753E-09 3.5241E-09 3.6716E-09 3.8169E-09 3.9591E-09 4.0972E-09 4.2300E-09 4.3552E-09 4.4728E-09 4.5816E-09 4.6815E-09 4.7856E-09 4.8769E-09 4.9541E-09 5.0195E-09 5.0746E-09
4.2198E-10 4.3596E-10 4.4961E-10 4.6347E-10 4.8078E-10 4.9544E-10 5.1031E-10 5.3249E-10 5.4868E-10 5.7199E-10 5.8963E-10 6.0759E-10 6.2586E-10 6.5255E-10 6.7253E-10 6.9799E-10 7.2636E-10 7.5352E-10 7.8771E-10 8.3830E-10 8.9031E-10 9.5667E-10 1.0180E-09 1.1030E-09 1.1773E-09 1.2683E-09 1.3539E-09 1.4486E-09 1.5541E-09 1.6506E-09 1.7504E-09 1.8625E-09 1.9766E-09 2.0890E-09 2.2044E-09 2.3266E-09 2.4502E-09 2.5743E-09 2.6984E-09 2.8380E-09 2.9815E-09 3.1203E-09 3.2553E-09 3.3900E-09 3.5232E-09 3.6538E-09 3.7800E-09 3.9012E-09 4.0165E-09 4.1248E-09 4.2252E-09 4.3180E-09 4.4025E-09 4.4942E-09 4.5677E-09 4.6303E-09 4.6824E-09
4.1019E-10 4.2318E-10 4.3637E-10 4.4976E-10 4.6655E-10 4.8071E-10 4.9507E-10 5.1664E-10 5.3227E-10 5.5357E-10 5.7196E-10 5.8929E-10 6.0975E-10 6.3285E-10 6.5213E-10 6.7679E-10 7.0294E-10 7.2917E-10 7.6532E-10 8.0653E-10 8.4715E-10 8.9671E-10 9.6826E-10 1.0287E-09 1.1130E-09 1.1873E-09 1.2715E-09 1.3602E-09 1.4516E-09 1.5472E-09 1.6462E-09 1.7404E-09 1.8405E-09 1.9504E-09 2.0604E-09 2.1675E-09 2.2782E-09 2.3913E-09 2.5069E-09 2.6302E-09 2.7610E-09 2.8911E-09 3.0127E-09 3.1340E-09 3.2547E-09 3.3739E-09 3.4897E-09 3.6010E-09 3.7067E-09 3.8066E-09 3.8992E-09 3.9848E-09 4.0635E-09 4.1438E-09 4.2142E-09 4.2736E-09 4.3251E-09
3.9755E-10 4.1063E-10 4.2337E-10 4.3630E-10 4.5194E-10 4.6625E-10 4.8010E-10 4.9969E-10 5.1616E-10 5.3685E-10 5.5462E-10 5.7135E-10 5.9251E-10 6.1195E-10 6.3211E-10 6.5476E-10 6.7992E-10 7.0666E-10 7.3511E-10 7.7012E-10 8.0942E-10 8.6075E-10 9.0945E-10 9.8214E-10 1.0448E-09 1.1197E-09 1.1949E-09 1.2733E-09 1.3614E-09 1.4513E-09 1.5383E-09 1.6342E-09 1.7278E-09 1.8197E-09 1.9165E-09 2.0208E-09 2.1256E-09 2.2292E-09 2.3314E-09 2.4360E-09 2.5559E-09 2.6758E-09 2.7915E-09 2.9029E-09 3.0131E-09 3.1211E-09 3.2267E-09 3.3286E-09 3.4259E-09 3.5175E-09 3.6028E-09 3.6822E-09 3.7557E-09 3.8248E-09 3.8934E-09 3.9505E-09 4.0001E-09
3.8567E-10 3.9831E-10 4.1061E-10 4.2308E-10 4.3824E-10 4.5206E-10 4.6542E-10 4.8444E-10 5.0036E-10 5.1911E-10 5.3612E-10 5.5375E-10 5.7425E-10 5.9302E-10 6.1074E-10 6.3438E-10 6.5743E-10 6.8023E-10 7.0743E-10 7.4051E-10 7.7554E-10 8.1155E-10 8.6544E-10 9.1519E-10 9.8746E-10 1.0525E-09 1.1237E-09 1.2009E-09 1.2744E-09 1.3544E-09 1.4478E-09 1.5284E-09 1.6163E-09 1.7078E-09 1.7971E-09 1.8850E-09 1.9769E-09 2.0716E-09 2.1698E-09 2.2671E-09 2.3723E-09 2.4812E-09 2.5889E-09 2.6894E-09 2.7901E-09 2.8893E-09 2.9857E-09 3.0789E-09 3.1680E-09 3.2520E-09 3.3309E-09 3.4046E-09 3.4733E-09 3.5367E-09 3.5979E-09 3.6530E-09 3.7009E-09
3.7348E-10 3.8563E-10 3.9808E-10 4.1012E-10 4.2418E-10 4.3744E-10 4.5342E-10 4.6814E-10 4.8336E-10 5.0304E-10 5.1947E-10 5.3484E-10 5.5500E-10 5.7294E-10 5.9154E-10 6.1322E-10 6.3534E-10 6.5869E-10 6.8188E-10 7.0975E-10 7.4227E-10 7.8545E-10 8.1802E-10 8.7551E-10 9.2628E-10 9.9038E-10 1.0583E-09 1.1268E-09 1.2038E-09 1.2748E-09 1.3455E-09 1.4383E-09 1.5154E-09 1.5977E-09 1.6800E-09 1.7662E-09 1.8517E-09 1.9350E-09 2.0195E-09 2.1054E-09 2.1964E-09 2.2982E-09 2.4014E-09 2.4978E-09 2.5897E-09 2.6796E-09 2.7673E-09 2.8519E-09 2.9328E-09 3.0094E-09 3.0822E-09 3.1508E-09 3.2151E-09 3.2745E-09 3.3289E-09 3.3829E-09 3.4290E-09
3.6204E-10 3.7377E-10 3.8515E-10 3.9740E-10 4.1100E-10 4.2381E-10 4.3852E-10 4.5350E-10 4.6820E-10 4.8434E-10 5.0170E-10 5.1796E-10 5.3746E-10 5.5478E-10 5.7208E-10 5.9181E-10 6.1378E-10 6.3337E-10 6.5681E-10 6.8159E-10 7.0822E-10 7.4143E-10 7.8616E-10 8.1881E-10 8.7829E-10 9.2947E-10 9.9152E-10 1.0625E-09 1.1292E-09 1.2005E-09 1.2742E-09 1.3375E-09 1.4093E-09 1.4986E-09 1.5740E-09 1.6530E-09 1.7293E-09 1.8091E-09 1.8892E-09 1.9676E-09 2.0453E-09 2.1325E-09 2.2237E-09 2.3165E-09 2.4008E-09 2.4841E-09 2.5659E-09 2.6453E-09 2.7212E-09 2.7928E-09 2.8603E-09 2.9241E-09 2.9835E-09 3.0388E-09 3.0898E-09 3.1369E-09 3.1809E-09
3.5030E-10 3.6157E-10 3.7311E-10 3.8423E-10 3.9748E-10 4.0976E-10 4.2468E-10 4.3784E-10 4.5188E-10 4.6896E-10 4.8573E-10 4.9983E-10 5.1722E-10 5.3551E-10 5.5367E-10 5.7154E-10 5.9060E-10 6.1279E-10 6.3384E-10 6.5424E-10 6.8106E-10 7.1486E-10 7.4466E-10 7.8592E-10 8.2549E-10 8.7972E-10 9.3144E-10 9.9220E-10 1.0627E-09 1.1301E-09 1.1850E-09 1.2694E-09 1.3291E-09 1.3944E-09 1.4742E-09 1.5461E-09 1.6204E-09 1.6927E-09 1.7633E-09 1.8342E-09 1.9073E-09 1.9860E-09 2.0695E-09 2.1543E-09 2.2335E-09 2.3083E-09 2.3817E-09 2.4525E-09 2.5211E-09 2.5869E-09 2.6497E-09 2.7089E-09 2.7648E-09 2.8162E-09 2.8641E-09 2.9077E-09 2.9477E-09
3.3929E-10 3.5017E-10 3.6069E-10 3.7256E-10 3.8482E-10 3.9668E-10 4.0922E-10 4.2299E-10 4.3735E-10 4.5103E-10 4.6693E-10 4.8365E-10 5.0046E-10 5.1622E-10 5.3300E-10 5.5107E-10 5.7002E-10 5.8766E-10 6.0991E-10 6.3084E-10 6.5090E-10 6.7795E-10 7.1259E-10 7.4266E-10 7.8486E-10 8.2491E-10 8.7971E-10 9.3199E-10 9.9153E-10 1.0588E-09 1.1291E-09 1.1796E-09 1.2468E-09 1.3180E-09 1.3774E-09 1.4520E-09 1.5139E-09 1.5800E-09 1.6497E-09 1.7184E-09 1.7815E-09 1.8462E-09 1.9213E-09 1.9982E-09 2.0755E-09 2.1460E-09 2.2144E-09 2.2807E-09 2.3436E-09 2.4035E-09 2.4609E-09 2.5153E-09 2.5668E-09 2.6149E-09 2.6600E-09 2.7017E-09 2.7397E-09
3.2801E-10 3.3844E-10 3.4913E-10 3.6059E-10 3.7110E-10 3.8320E-10 3.9596E-10 4.0798E-10 4.2084E-10 4.3632E-10 4.5167E-10 4.6440E-10 4.8107E-10 4.9780E-10 5.1336E-10 5.3283E-10 5.4789E-10 5.6809E-10 5.8560E-10 6.0631E-10 6.2898E-10 6.5095E-10 6.7894E-10 7.0962E-10 7.4624E-10 7.8283E-10 8.2325E-10 8.7826E-10 9.3107E-10 9.8953E-10 1.0433E-09 1.1240E-09 1.1726E-09 1.2364E-09 1.3007E-09 1.3565E-09 1.4150E-09 1.4842E-09 1.5405E-09 1.5991E-09 1.6629E-09 1.7261E-09 1.7927E-09 1.8618E-09 1.9304E-09 1.9946E-09 2.0556E-09 2.1160E-09 2.1749E-09 2.2309E-09 2.2849E-09 2.3365E-09 2.3848E-09 2.4302E-09 2.4722E-09 2.5109E-09 2.5465E-09
3.1680E-10 3.2750E-10 3.3720E-10 3.4768E-10 3.5898E-10 3.6986E-10 3.8114E-10 3.9378E-10 4.0695E-10 4.1821E-10 4.3369E-10 4.4898E-10 4.6305E-10 4.7938E-10 4.9462E-10 5.0995E-10 5.2946E-10 5.4406E-10 5.6427E-10 5.8407E-10 6.0213E-10 6.2480E-10 6.4883E-10 6.7486E-10 7.0585E-10 7.4299E-10 7.7982E-10 8.2048E-10 8.7460E-10 9.2819E-10 9.8619E-10 1.0365E-09 1.1030E-09 1.1617E-09 1.2105E-09 1.2834E-09 1.3318E-09 1.3834E-09 1.4393E-09 1.5045E-09 1.5551E-09 1.6059E-09 1.6623E-09 1.7300E-09 1.7979E-09 1.8616E-09 1.9183E-09 1.9726E-09 2.0251E-09 2.0760E-09 2.1247E-09 2.1714E-09 2.2158E-09 2.2581E-09 2.2976E-09 2.3343E-09 2.3681E-09
3.0597E-10 3.1556E-10 3.2612E-10 3.3622E-10 3.4583E-10 3.5697E-10 3.6761E-10 3.8066E-10 3.9115E-10 4.0419E-10 4.1815E-10 4.3058E-10 4.4580E-10 4.5965E-10 4.7589E-10 4.9258E-10 5.0828E-10 5.2547E-10 5.4123E-10 5.5993E-10 5.8136E-10 5.9925E-10 6.1994E-10 6.4396E-10 6.7002E-10 7.0127E-10 7.3882E-10 7.7579E-10 8.1656E-10 8.6977E-10 9.1377E-10 9.8196E-10 1.0284E-09 1.0822E-09 1.1463E-09 1.1907E-09 1.2498E-09 1.3074E-09 1.3520E-09 1.3988E-09 1.4493E-09 1.5119E-09 1.5589E-09 1.6114E-09 1.6682E-09 1.7260E-09 1.7810E-09 1.8333E-09 1.8833E-09 1.9316E-09 1.9778E-09 2.0216E-09 2.0633E-09 2.1026E-09 2.1394E-09 2.1735E-09 2.2051E-09
2.9523E-10 3.0509E-10 3.1468E-10 3.2435E-10 3.3424E-10 3.4420E-10 3.5453E-10 3.6584E-10 3.7791E-10 3.8808E-10 4.0098E-10 4.1591E-10 4.2864E-10 4.4214E-10 4.5799E-10 4.7185E-10 4.8849E-10 5.0394E-10 5.2099E-10 5.3885E-10 5.5499E-10 5.7639E-10 5.9605E-10 6.1442E-10 6.3838E-10 6.6443E-10 6.9586E-10 7.3372E-10 7.7073E-10 8.1148E-10 8.6392E-10 9.0611E-10 9.6467E-10 1.0182E-09 1.0568E-09 1.1294E-09 1.1684E-09 1.2099E-09 1.2669E-09 1.3210E-09 1.3614E-09 1.4025E-09 1.4469E-09 1.5088E-09 1.5628E-09 1.6150E-09 1.6644E-09 1.7089E-09 1.7532E-09 1.7965E-09 1.8382E-09 1.8788E-09 1.9175E-09 1.9543E-09 1.9888E-09 2.0209E-09 2.0508E-09
2.8533E-10 2.9364E-10 3.0336E-10 3.1338E-10 3.2221E-10 3.3187E-10 3.4160E-10 3.5244E-10 3.6280E-10 3.7473E-10 3.8620E-10 3.9732E-10 4.1218E-10 4.2468E-10 4.3795E-10 4.5541E-10 4.6961E-10 4.8389E-10 5.0052E-10 5.1596E-10 5.3539E-10 5.4948E-10 5.7080E-10 5.9024E-10 6.0824E-10 6.3209E-10 6.5809E-10 6.8961E-10 7.2769E-10 7.6463E-10 7.9595E-10 8.5766E-10 8.9622E-10 9.4536E-10 9.9705E-10 1.0387E-09 1.0978E-09 1.1457E-09 1.1809E-09 1.2302E-09 1.2839E-09 1.3240E-09 1.3612E-09 1.3985E-09 1.4441E-09 1.5052E-09 1.5528E-09 1.5947E-09 1.6349E-09 1.6742E-09 1.7115E-09 1.7480E-09 1.7830E-09 1.8162E-09 1.8475E-09 1.8770E-09 1.9044E-09
2.7504E-10 2.8364E-10 2.9242E-10 3.0127E-10 3.1113E-10 3.1968E-10 3.2912E-10 3.3948E-10 3.4925E-10 3.5935E-10 3.7109E-10 3.8337E-10 3.9477E-10 4.0805E-10 4.2252E-10 4.3335E-10 4.5082E-10 4.6477E-10 4.7878E-10 4.9756E-10 5.1039E-10 5.2976E-10 5.4539E-10 5.6460E-10 5.8380E-10 6.0139E-10 6.2510E-10 6.5098E-10 6.8253E-10 7.2071E-10 7.5747E-10 7.8824E-10 8.3943E-10 8.8466E-10 9.2616E-10 9.8245E-10 1.0211E-09 1.0523E-09 1.1087E-09 1.1532E-09 1.1854E-09 1.2297E-09 1.2785E-09 1.3164E-09 1.3557E-09 1.3982E-09 1.4389E-09 1.4769E-09 1.5261E-09 1.5620E-09 1.5972E-09 1.6315E-09 1.6641E-09 1.6950E-09 1.7238E-09 1.7509E-09 1.7761E-09
2.6557E-10 2.7320E-10 2.8160E-10 2.9080E-10 2.9882E-10 3.0850E-10 3.1678E-10 3.2670E-10 3.3615E-10 3.4563E-10 3.5795E-10 3.6708E-10 3.7919E-10 3.9037E-10 4.0348E-10 4.1784E-10 4.3046E-10 4.4576E-10 4.5944E-10 4.7318E-10 4.9190E-10 5.0429E-10 5.2358E-10 5.3885E-10 5.5780E-10 5.7673E-10 5.9388E-10 6.1741E-10 6.4312E-10 6.7461E-10 7.0397E-10 7.4925E-10 7.7937E-10 8.2907E-10 8.6313E-10 8.9765E-10 9.5290E-10 9.9155E-10 1.0282E-09 1.0681E-09 1.1223E-09 1.1531E-09 1.1819E-09 1.2224E-09 1.2551E-09 1.3083E-09 1.3477E-09 1.3854E-09 1.4181E-09 1.4501E-09 1.4813E-09 1.5245E-09 1.5543E-09 1.5829E-09 1.6098E-09 1.6348E-09 1.6582E-09
2.5504E-10 2.6363E-10 2.7171E-10 2.7922E-10 2.8826E-10 2.9601E-10 3.0552E-10 3.1433E-10 3.2321E-10 3.3240E-10 3.4165E-10 3.5387E-10 3.6267E-10 3.7462E-10 3.8769E-10 3.9848E-10 4.1272E-10 4.2509E-10 4.4025E-10 4.5587E-10 4.6709E-10 4.8574E-10 4.9960E-10 5.1685E-10 5.3173E-10 5.5041E-10 5.6903E-10 5.8573E-10 6.0620E-10 6.3449E-10 6.6584E-10 6.9478E-10 7.3984E-10 7.6856E-10 7.9869E-10 8.4827E-10 8.7969E-10 9.0466E-10 9.6852E-10 1.0035E-09 1.0284E-09 1.0655E-09 1.1165E-09 1.1453E-09 1.1721E-09 1.2023E-09 1.2473E-09 1.2923E-09 1.3223E-09 1.3524E-09 1.3818E-09 1.4097E-09 1.4363E-09 1.4614E-09 1.4853E-09 1.5204E-09 1.5419E-09
2.4601E-10 2.5293E-10 2.6137E-10 2.6925E-10 2.7651E-10 2.8538E-10 2.9284E-10 3.0215E-10 3.1074E-10 3.1938E-10 3.2921E-10 3.3730E-10 3.4941E-10 3.5787E-10 3.6964E-10 3.8260E-10 3.9517E-10 4.0718E-10 4.1928E-10 4.3428E-10 4.4973E-10 4.6053E-10 4.7907E-10 4.9257E-10 5.0958E-10 5.2405E-10 5.4242E-10 5.6071E-10 5.7691E-10 5.9700E-10 6.2507E-10 6.5618E-10 6.8108E-10 7.2824E-10 7.4661E-10 7.7406E-10 8.2066E-10 8.5136E-10 8.8124E-10 9.1957E-10 9.6642E-10 9.9979E-10 1.0226E-09 1.0567E-09 1.1040E-09 1.1305E-09 1.1617E-09 1.1917E-09 1.2180E-09 1.2546E-09 1.2922E-09 1.3180E-09 1.3425E-09 1.3660E-09 1.3882E-09 1.4091E-09 1.4289E-09
2.3595E-10 2.4382E-10 2.5117E-10 2.5879E-10 2.6645E-10 2.7345E-10 2.8214E-10 2.9017E-10 2.9846E-10 3.0681E-10 3.1520E-10 3.2481E-10 3.3258E-10 3.4457E-10 3.5474E-10 3.6428E-10 3.7712E-10 3.8949E-10 4.0123E-10 4.1520E-10 4.2786E-10 4.4313E-10 4.5534E-10 4.7190E-10 4.8503E-10 5.0176E-10 5.1580E-10 5.3382E-10 5.4901E-10 5.6738E-10 5.8706E-10 6.1480E-10 6.4546E-10 6.6919E-10 6.9774E-10 7.3145E-10 7.5729E-10 7.8851E-10 8.3049E-10 8.5861E-10 8.7771E-10 9.1378E-10 9.5831E-10 9.9046E-10 1.0116E-09 1.0322E-09 1.0771E-09 1.1163E-09 1.1412E-09 1.1647E-09 1.1873E-09 1.2090E-09 1.2410E-09 1.2614E-09 1.2930E-09 1.3117E-09 1.3292E-09
2.2663E-10 2.3360E-10 2.4132E-10 2.4848E-10 2.5589E-10 2.6334E-10 2.7009E-10 2.7859E-10 2.8639E-10 2.9444E-10 3.0340E-10 3.1067E-10 3.2007E-10 3.2751E-10 3.3938E-10 3.4932E-10 3.6057E-10 3.7125E-10 3.8341E-10 3.9486E-10 4.0867E-10 4.2101E-10 4.3607E-10 4.4794E-10 4.6423E-10 4.7695E-10 4.9337E-10 5.0694E-10 5.2095E-10 5.3924E-10 5.5709E-10 5.7621E-10 6.0004E-10 6.3301E-10 6.4708E-10 6.7330E-10 7.1449E-10 7.3014E-10 7.5483E-10 7.8877E-10 8.2563E-10 8.5226E-10 8.6976E-10 9.0318E-10 9.4493E-10 9.7558E-10 9.9550E-10 1.0189E-09 1.0510E-09 1.0815E-09 1.1134E-09 1.1337E-09 1.1534E-09 1.1724E-09 1.1904E-09 1.2072E-09 1.2339E-09
2.1760E-10 2.2419E-10 2.3161E-10 2.3853E-10 2.4549E-10 2.5269E-10 2.5993E-10 2.6721E-10 2.7473E-10 2.8229E-10 2.9009E-10 2.9885E-10 3.0582E-10 3.1499E-10 3.2409E-10 3.3383E-10 3.4353E-10 3.5460E-10 3.6501E-10 3.7694E-10 3.8810E-10 4.0173E-10 4.1059E-10 4.2855E-10 4.4003E-10 4.5267E-10 4.6831E-10 4.8437E-10 4.9482E-10 5.1086E-10 5.2863E-10 5.4590E-10 5.6448E-10 5.8435E-10 6.0300E-10 6.3198E-10 6.5348E-10 6.8361E-10 7.1070E-10 7.3397E-10 7.4857E-10 7.9079E-10 8.1689E-10 8.4203E-10 8.5800E-10 8.8884E-10 9.1657E-10 9.4776E-10 9.8027E-10 9.9938E-10 1.0170E-09 1.0448E-09 1.0721E-09 1.0999E-09 1.1161E-09 1.1318E-09 1.1465E-09
2.0873E-10 2.1506E-10 2.2147E-10 2.2874E-10 2.3546E-10 2.4222E-10 2.4919E-10 2.5622E-10 2.6328E-10 2.7056E-10 2.7789E-10 2.8543E-10 2.9398E-10 3.0064E-10 3.0958E-10 3.1846E-10 3.2795E-10 3.3741E-10 3.4826E-10 3.5840E-10 3.6859E-10 3.8093E-10 3.9434E-10 4.0275E-10 4.2051E-10 4.3160E-10 4.4379E-10 4.5901E-10 4.7118E-10 4.8452E-10 5.0010E-10 5.1722E-10 5.3060E-10 5.5164E-10 5.6247E-10 5.8806E-10 6.1569E-10 6.2764E-10 6.5167E-10 6.9030E-10 7.0362E-10 7.2576E-10 7.3913E-10 7.8007E-10 8.0474E-10 8.2844E-10 8.4297E-10 8.6166E-10 8.9959E-10 9.2641E-10 9.4273E-10 9.6854E-10 9.8391E-10 9.9860E-10 1.0122E-09 1.0356E-09 1.0580E-09
1.9941E-10 2.0611E-10 2.1226E-10 2.1848E-10 2.2559E-10 2.3210E-10 2.3866E-10 2.4542E-10 2.5222E-10 2.5905E-10 2.6610E-10 2.7318E-10 2.8047E-10 2.8881E-10 2.9515E-10 3.0386E-10 3.1250E-10 3.2038E-10 3.3093E-10 3.4156E-10 3.5141E-10 3.6129E-10 3.7029E-10 3.8649E-10 3.9445E-10 4.0871E-10 4.2259E-10 4.3439E-10 4.4660E-10 4.6077E-10 4.7353E-10 4.8862E-10 5.0137E-10 5.1473E-10 5.3427E-10 5.4772E-10 5.6891E-10 5.8644E-10 6.0958E-10 6.2904E-10 6.4369E-10 6.8150E-10 6.9371E-10 7.1477E-10 7.2703E-10 7.5727E-10 7.8979E-10 8.1194E-10 8.2630E-10 8.4527E-10 8.5823E-10 8.9108E-10 9.1507E-10 9.2823E-10 9.5078E-10 9.6321E-10 9.7394E-10
