Assets/Resources/2015_m01_d06_2000(utc+0800)_l00_csi_1hr_conc.grd
DSAA
         159         159
     -79.000      79.000
     -79.000      79.000
  0.0000E+00  0.1424E-04
[rows 50 to 74 of 159, columns 57 to 113 of 159]
2.4472E-09 3.0755E-09 3.6856E-09 4.4041E-09 5.2051E-09 6.1016E-09 7.0519E-09 8.0449E-09 9.0553E-09 1.0066E-08 1.1037E-08 1.1968E-08 1.2842E-08 1.3662E-08 1.4406E-08 1.5069E-08 1.5658E-08 1.6143E-08 1.6524E-08 1.6799E-08 1.6960E-08 1.7025E-08 1.6991E-08 1.6859E-08 1.6630E-08 1.6315E-08 1.5917E-08 1.5440E-08 1.4893E-08 1.4287E-08 1.3627E-08 1.2940E-08 1.2240E-08 1.1528E-08 1.0814E-08 1.0110E-08 9.4242E-09 8.7690E-09 7.9377E-09 7.3582E-09 6.8111E-09 6.3015E-09 5.6598E-09 5.2401E-09 4.8445E-09 4.3197E-09 3.9842E-09 3.6705E-09 3.3716E-09 3.0856E-09 2.8243E-09 2.5784E-09 2.3448E-09 2.1381E-09 1.9438E-09 1.7598E-09 1.5932E-09
2.4997E-09 3.1235E-09 3.7793E-09 4.5365E-09 5.4112E-09 6.3696E-09 7.4038E-09 8.5011E-09 9.6170E-09 1.0715E-08 1.1779E-08 1.2800E-08 1.3740E-08 1.4613E-08 1.5391E-08 1.6098E-08 1.6693E-08 1.7205E-08 1.7589E-08 1.7852E-08 1.8001E-08 1.8029E-08 1.7951E-08 1.7775E-08 1.7495E-08 1.7114E-08 1.6650E-08 1.6108E-08 1.5492E-08 1.4821E-08 1.4097E-08 1.3336E-08 1.2553E-08 1.1779E-08 1.1016E-08 1.0264E-08 9.5383E-09 8.8429E-09 8.1726E-09 7.3561E-09 6.7919E-09 6.2708E-09 5.6047E-09 5.1751E-09 4.7774E-09 4.2435E-09 3.9033E-09 3.5866E-09 3.2870E-09 2.9999E-09 2.7413E-09 2.5008E-09 2.2717E-09 2.0628E-09 1.8702E-09 1.6888E-09 1.5254E-09
2.5506E-09 3.0029E-09 3.8424E-09 4.6645E-09 5.5981E-09 6.6401E-09 7.7801E-09 8.9770E-09 1.0198E-08 1.1412E-08 1.2588E-08 1.3693E-08 1.4725E-08 1.5663E-08 1.6505E-08 1.7232E-08 1.7841E-08 1.8342E-08 1.8730E-08 1.8999E-08 1.9118E-08 1.9133E-08 1.9006E-08 1.8767E-08 1.8432E-08 1.7988E-08 1.7444E-08 1.6814E-08 1.6110E-08 1.5353E-08 1.4552E-08 1.3721E-08 1.2873E-08 1.2025E-08 1.1194E-08 1.0394E-08 9.6266E-09 8.8900E-09 8.1908E-09 7.3368E-09 6.7588E-09 6.2196E-09 5.7204E-09 5.1039E-09 4.7014E-09 4.3187E-09 3.8107E-09 3.4931E-09 3.1976E-09 2.9153E-09 2.6568E-09 2.4177E-09 2.1900E-09 1.9832E-09 1.7941E-09 1.6189E-09 1.4625E-09
2.5982E-09 3.0679E-09 3.8909E-09 4.7485E-09 5.7635E-09 6.9150E-09 8.1614E-09 9.4676E-09 1.0814E-08 1.2151E-08 1.3440E-08 1.4669E-08 1.5807E-08 1.6822E-08 1.7721E-08 1.8475E-08 1.9122E-08 1.9623E-08 1.9982E-08 2.0242E-08 2.0360E-08 2.0315E-08 2.0165E-08 1.9865E-08 1.9446E-08 1.8932E-08 1.8305E-08 1.7586E-08 1.6783E-08 1.5918E-08 1.5014E-08 1.4100E-08 1.3176E-08 1.2257E-08 1.1362E-08 1.0505E-08 9.6895E-09 8.9120E-09 8.1834E-09 7.5132E-09 6.7046E-09 6.1565E-09 5.6555E-09 5.0238E-09 4.6136E-09 4.2285E-09 3.7154E-09 3.3955E-09 3.1051E-09 2.8234E-09 2.5637E-09 2.3283E-09 2.1057E-09 1.9055E-09 1.7226E-09 1.5503E-09 1.3937E-09
2.6518E-09 3.2851E-09 4.0113E-09 4.8117E-09 5.8937E-09 7.1569E-09 8.5329E-09 9.9810E-09 1.1457E-08 1.2926E-08 1.4370E-08 1.5717E-08 1.6958E-08 1.8078E-08 1.9047E-08 1.9869E-08 2.0541E-08 2.1051E-08 2.1437E-08 2.1628E-08 2.1719E-08 2.1650E-08 2.1421E-08 2.1069E-08 2.0568E-08 1.9936E-08 1.9217E-08 1.8393E-08 1.7490E-08 1.6525E-08 1.5518E-08 1.4489E-08 1.3469E-08 1.2471E-08 1.1508E-08 1.0591E-08 9.7277E-09 8.9024E-09 8.1502E-09 7.4641E-09 6.6287E-09 6.0680E-09 5.5716E-09 4.9283E-09 4.5157E-09 4.1312E-09 3.6144E-09 3.2948E-09 3.0032E-09 2.7285E-09 2.4692E-09 2.2388E-09 2.0253E-09 1.8242E-09 1.6440E-09 1.4766E-09 1.3240E-09
2.7599E-09 3.4592E-09 4.1563E-09 4.9929E-09 5.9859E-09 7.3295E-09 8.8678E-09 1.0496E-08 1.2130E-08 1.3775E-08 1.5348E-08 1.6829E-08 1.8200E-08 1.9421E-08 2.0488E-08 2.1393E-08 2.2117E-08 2.2683E-08 2.3061E-08 2.3268E-08 2.3298E-08 2.3157E-08 2.2886E-08 2.2425E-08 2.1826E-08 2.1084E-08 2.0209E-08 1.9260E-08 1.8232E-08 1.7145E-08 1.6021E-08 1.4886E-08 1.3764E-08 1.2668E-08 1.1628E-08 1.0652E-08 9.7219E-09 8.8636E-09 8.0892E-09 7.3839E-09 6.7324E-09 5.9646E-09 5.4699E-09 5.0036E-09 4.4041E-09 4.0218E-09 3.6632E-09 3.1856E-09 2.8988E-09 2.6302E-09 2.3750E-09 2.1488E-09 1.9389E-09 1.7420E-09 1.5671E-09 1.4051E-09 1.2571E-09
2.8701E-09 3.5563E-09 4.2952E-09 5.1892E-09 6.2421E-09 7.4658E-09 9.1175E-09 1.0946E-08 1.2851E-08 1.4662E-08 1.6402E-08 1.8038E-08 1.9536E-08 2.0868E-08 2.2064E-08 2.3059E-08 2.3871E-08 2.4493E-08 2.4894E-08 2.5135E-08 2.5121E-08 2.4936E-08 2.4543E-08 2.3989E-08 2.3261E-08 2.2375E-08 2.1376E-08 2.0251E-08 1.9062E-08 1.7815E-08 1.6548E-08 1.5284E-08 1.4048E-08 1.2862E-08 1.1730E-08 1.0664E-08 9.6818E-09 8.7914E-09 7.9837E-09 7.2624E-09 6.6144E-09 5.8459E-09 5.3505E-09 4.8855E-09 4.2797E-09 3.9006E-09 3.5472E-09 3.0684E-09 2.7869E-09 2.5251E-09 2.2753E-09 2.0549E-09 1.8518E-09 1.6601E-09 1.4914E-09 1.3353E-09 1.1926E-09
2.9842E-09 3.6352E-09 4.4313E-09 5.3790E-09 6.4964E-09 7.8216E-09 9.3554E-09 1.1318E-08 1.3464E-08 1.5595E-08 1.7550E-08 1.9350E-08 2.1001E-08 2.2481E-08 2.3773E-08 2.4882E-08 2.5795E-08 2.6495E-08 2.6964E-08 2.7204E-08 2.7212E-08 2.6982E-08 2.6483E-08 2.5801E-08 2.4924E-08 2.3870E-08 2.2673E-08 2.1375E-08 1.9988E-08 1.8567E-08 1.7131E-08 1.5700E-08 1.4324E-08 1.3017E-08 1.1778E-08 1.0644E-08 9.5927E-09 8.6537E-09 7.8360E-09 7.1226E-09 6.4802E-09 5.7075E-09 5.2135E-09 4.7510E-09 4.1435E-09 3.7681E-09 3.4209E-09 2.9441E-09 2.6680E-09 2.4142E-09 2.1705E-09 1.9570E-09 1.7609E-09 1.5756E-09 1.4134E-09 1.2621E-09 1.1248E-09
3.0222E-09 3.7036E-09 4.5335E-09 5.5328E-09 6.7278E-09 8.1336E-09 9.7882E-09 1.1693E-08 1.3977E-08 1.6411E-08 1.8773E-08 2.0794E-08 2.2638E-08 2.4269E-08 2.5682E-08 2.6909E-08 2.7897E-08 2.8688E-08 2.9248E-08 2.9537E-08 2.9569E-08 2.9289E-08 2.8748E-08 2.7921E-08 2.6843E-08 2.5608E-08 2.4172E-08 2.2634E-08 2.1031E-08 1.9379E-08 1.7738E-08 1.6145E-08 1.4595E-08 1.3120E-08 1.1772E-08 1.0537E-08 9.4271E-09 8.4789E-09 7.6782E-09 6.9700E-09 6.3286E-09 5.7599E-09 5.0556E-09 4.5997E-09 3.9949E-09 3.6253E-09 3.2852E-09 2.8135E-09 2.5440E-09 2.2984E-09 2.0623E-09 1.8558E-09 1.6675E-09 1.4891E-09 1.3318E-09 1.1888E-09 1.0543E-09
3.0443E-09 3.7542E-09 4.6164E-09 5.6510E-09 6.9051E-09 8.3910E-09 1.0150E-08 1.2183E-08 1.4503E-08 1.7135E-08 1.9806E-08 2.2353E-08 2.4429E-08 2.6243E-08 2.7807E-08 2.9147E-08 3.0255E-08 3.1141E-08 3.1767E-08 3.2115E-08 3.2160E-08 3.1884E-08 3.1292E-08 3.0350E-08 2.9133E-08 2.7631E-08 2.5966E-08 2.4149E-08 2.2225E-08 2.0310E-08 1.8414E-08 1.6569E-08 1.4803E-08 1.3166E-08 1.1684E-08 1.0355E-08 9.2464E-09 8.3119E-09 7.5030E-09 6.7855E-09 6.1577E-09 5.5937E-09 4.8867E-09 4.4357E-09 3.8322E-09 3.4697E-09 3.1381E-09 2.6766E-09 2.4152E-09 2.1784E-09 1.9506E-09 1.7525E-09 1.5708E-09 1.3995E-09 1.2503E-09 1.1108E-09 9.8765E-10
3.0498E-09 3.7741E-09 4.6582E-09 5.7339E-09 7.0293E-09 8.5884E-09 1.0430E-08 1.2570E-08 1.5024E-08 1.7784E-08 2.0809E-08 2.3695E-08 2.6303E-08 2.8418E-08 3.0153E-08 3.1635E-08 3.2878E-08 3.3845E-08 3.4539E-08 3.4946E-08 3.5031E-08 3.4764E-08 3.4113E-08 3.3097E-08 3.1730E-08 3.0017E-08 2.8061E-08 2.5917E-08 2.3686E-08 2.1410E-08 1.9170E-08 1.6986E-08 1.4944E-08 1.3124E-08 1.1545E-08 1.0188E-08 9.0604E-09 8.1007E-09 7.3023E-09 6.5867E-09 5.9760E-09 5.4091E-09 4.6989E-09 4.2568E-09 3.8460E-09 3.3084E-09 2.9887E-09 2.5320E-09 2.2798E-09 2.0526E-09 1.8328E-09 1.6440E-09 1.4733E-09 1.3075E-09 1.1657E-09 1.0351E-09 9.1804E-10
3.0413E-09 3.7688E-09 4.6638E-09 5.7624E-09 7.0925E-09 8.7000E-09 1.0605E-08 1.2844E-08 1.5413E-08 1.8325E-08 2.1550E-08 2.4945E-08 2.7971E-08 3.0602E-08 3.2702E-08 3.4349E-08 3.5703E-08 3.6795E-08 3.7597E-08 3.8080E-08 3.8202E-08 3.7955E-08 3.7296E-08 3.6194E-08 3.4646E-08 3.2719E-08 3.0447E-08 2.7942E-08 2.5345E-08 2.2675E-08 2.0006E-08 1.7443E-08 1.5106E-08 1.3094E-08 1.1406E-08 9.9920E-09 8.8397E-09 7.8725E-09 7.0625E-09 6.3785E-09 5.7677E-09 5.2050E-09 4.4997E-09 4.0684E-09 3.6716E-09 3.1408E-09 2.8305E-09 2.3836E-09 2.1415E-09 1.9258E-09 1.7159E-09 1.5341E-09 1.3689E-09 1.2154E-09 1.0814E-09 9.5776E-10 8.4956E-10
3.0074E-09 3.7334E-09 4.6306E-09 5.7367E-09 7.0892E-09 8.7249E-09 1.0672E-08 1.2973E-08 1.5640E-08 1.8659E-08 2.2017E-08 2.5672E-08 2.9498E-08 3.2548E-08 3.5163E-08 3.7200E-08 3.8728E-08 3.9953E-08 4.0888E-08 4.1486E-08 4.1741E-08 4.1543E-08 4.0850E-08 3.9652E-08 3.7948E-08 3.5761E-08 3.3182E-08 3.0364E-08 2.7295E-08 2.4090E-08 2.0906E-08 1.7945E-08 1.5335E-08 1.3123E-08 1.1265E-08 9.7667E-09 8.5751E-09 7.6229E-09 6.8143E-09 6.1479E-09 5.5388E-09 4.9882E-09 4.2935E-09 3.8702E-09 3.4847E-09 2.9654E-09 2.6661E-09 2.2333E-09 2.0023E-09 1.7952E-09 1.5927E-09 1.4252E-09 1.2671E-09 1.1254E-09 1.0009E-09 8.8355E-10 7.8286E-10
2.9435E-09 3.6632E-09 4.5539E-09 5.6538E-09 7.0083E-09 8.6517E-09 1.0624E-08 1.2946E-08 1.5666E-08 1.8770E-08 2.2228E-08 2.6006E-08 3.0023E-08 3.4182E-08 3.7298E-08 3.9839E-08 4.1851E-08 4.3245E-08 4.4382E-08 4.5185E-08 4.5573E-08 4.5466E-08 4.4823E-08 4.3585E-08 4.1763E-08 3.9411E-08 3.6634E-08 3.3364E-08 2.9634E-08 2.5727E-08 2.1952E-08 1.8534E-08 1.5569E-08 1.3116E-08 1.1106E-08 9.5365E-09 8.2981E-09 7.3265E-09 6.5625E-09 5.8932E-09 5.2938E-09 4.7609E-09 4.0738E-09 3.6620E-09 3.2896E-09 2.7843E-09 2.5009E-09 2.0774E-09 1.8594E-09 1.6642E-09 1.4743E-09 1.3178E-09 1.1707E-09 1.0372E-09 9.2123E-10 8.1211E-10 7.1861E-10
2.8496E-09 3.5567E-09 4.4304E-09 5.5138E-09 6.8477E-09 8.4758E-09 1.0440E-08 1.2773E-08 1.5501E-08 1.8630E-08 2.2150E-08 2.6001E-08 3.0142E-08 3.4460E-08 3.8815E-08 4.2093E-08 4.4564E-08 4.6600E-08 4.7977E-08 4.9005E-08 4.9639E-08 4.9755E-08 4.9299E-08 4.8170E-08 4.6410E-08 4.4020E-08 4.0787E-08 3.6716E-08 3.2199E-08 2.7600E-08 2.3214E-08 1.9237E-08 1.5835E-08 1.3062E-08 1.0918E-08 9.2796E-09 8.0242E-09 7.0398E-09 6.2864E-09 5.6205E-09 5.0331E-09 4.5132E-09 3.8420E-09 3.4453E-09 3.0926E-09 2.6040E-09 2.3338E-09 1.9242E-09 1.7213E-09 1.5368E-09 1.3616E-09 1.2134E-09 1.0729E-09 9.5215E-10 8.4388E-10 7.4392E-10 6.5804E-10
2.7287E-09 3.4052E-09 4.2533E-09 5.3069E-09 6.6054E-09 8.1957E-09 1.0125E-08 1.2431E-08 1.5135E-08 1.8243E-08 2.1763E-08 2.5658E-08 2.9868E-08 3.4294E-08 3.8844E-08 4.3352E-08 4.6852E-08 4.9388E-08 5.1489E-08 5.2902E-08 5.3898E-08 5.4449E-08 5.4466E-08 5.3771E-08 5.2256E-08 4.9455E-08 4.5403E-08 4.0501E-08 3.5152E-08 2.9719E-08 2.4568E-08 1.9985E-08 1.6147E-08 1.3054E-08 1.0745E-08 9.0235E-09 7.7431E-09 6.7671E-09 5.9842E-09 5.3332E-09 4.7577E-09 4.2555E-09 3.6072E-09 3.2283E-09 2.8913E-09 2.4230E-09 2.1679E-09 1.7739E-09 1.5877E-09 1.4137E-09 1.2518E-09 1.1146E-09 9.8300E-10 8.7259E-10 7.7357E-10 6.8197E-10 6.0247E-10
2.5764E-09 3.2185E-09 4.0275E-09 5.0356E-09 6.2813E-09 7.8155E-09 9.6794E-09 1.1919E-08 1.4558E-08 1.7614E-08 2.1078E-08 2.4956E-08 2.9183E-08 3.3688E-08 3.8366E-08 4.3110E-08 4.7793E-08 5.1605E-08 5.4299E-08 5.6660E-08 5.8457E-08 5.9915E-08 6.0669E-08 6.0529E-08 5.8830E-08 5.5546E-08 5.0926E-08 4.5231E-08 3.8877E-08 3.2383E-08 2.6240E-08 2.0877E-08 1.6517E-08 1.3140E-08 1.0608E-08 8.8263E-09 7.4691E-09 6.4737E-09 5.6582E-09 5.0308E-09 4.4739E-09 3.9917E-09 3.3666E-09 3.0082E-09 2.5055E-09 2.2430E-09 2.0065E-09 1.6317E-09 1.4590E-09 1.2925E-09 1.1475E-09 1.0191E-09 9.0083E-10 7.9915E-10 7.0481E-10 6.2329E-10 5.4913E-10
2.3979E-09 2.9970E-09 3.7537E-09 4.7056E-09 5.8846E-09 7.3414E-09 9.1173E-09 1.1255E-08 1.3789E-08 1.6742E-08 2.0122E-08 2.3919E-08 2.8104E-08 3.2629E-08 3.7391E-08 4.2324E-08 4.7308E-08 5.2204E-08 5.6646E-08 6.0153E-08 6.3444E-08 6.5880E-08 6.7390E-08 6.7452E-08 6.6023E-08 6.2742E-08 5.7632E-08 5.0995E-08 4.3432E-08 3.5696E-08 2.8488E-08 2.2235E-08 1.7132E-08 1.3360E-08 1.0622E-08 8.6752E-09 7.1907E-09 6.1412E-09 5.3402E-09 4.7014E-09 4.1698E-09 3.7171E-09 3.1235E-09 2.7902E-09 2.3125E-09 2.0717E-09 1.8479E-09 1.4955E-09 1.3334E-09 1.1769E-09 1.0503E-09 9.3057E-10 8.2208E-10 7.2745E-10 6.4147E-10 5.6713E-10 4.9871E-10
2.1393E-09 2.7447E-09 3.4453E-09 4.3291E-09 5.4257E-09 6.7856E-09 8.4500E-09 1.0456E-08 1.2849E-08 1.5657E-08 1.8897E-08 2.2567E-08 2.6651E-08 3.1126E-08 3.5931E-08 4.1027E-08 4.6326E-08 5.1958E-08 5.7781E-08 6.3273E-08 6.7540E-08 7.1238E-08 7.3837E-08 7.5129E-08 7.7195E-08 7.4166E-08 6.6146E-08 5.8484E-08 4.9500E-08 4.0227E-08 3.1593E-08 2.4168E-08 1.8183E-08 1.3890E-08 1.0719E-08 8.5303E-09 6.9138E-09 5.7853E-09 4.9832E-09 4.3513E-09 3.8501E-09 3.4363E-09 2.8745E-09 2.5701E-09 2.1226E-09 1.9013E-09 1.5311E-09 1.3661E-09 1.2141E-09 1.0744E-09 9.5436E-10 8.4201E-10 7.4685E-10 6.6014E-10 5.8386E-10 5.1543E-10 4.5229E-10
1.9260E-09 2.4723E-09 3.1105E-09 3.9166E-09 4.9175E-09 6.1642E-09 7.6962E-09 9.5467E-09 1.1767E-08 1.4389E-08 1.7440E-08 2.0927E-08 2.4853E-08 2.9201E-08 3.3995E-08 3.9317E-08 4.5174E-08 5.1422E-08 5.7763E-08 6.4029E-08 7.0274E-08 7.8852E-08 8.4218E-08 8.8121E-08 8.9464E-08 8.7205E-08 8.1188E-08 7.1985E-08 6.0660E-08 4.6761E-08 3.6071E-08 2.6873E-08 1.9774E-08 1.4607E-08 1.0901E-08 8.3673E-09 6.6248E-09 5.4464E-09 4.6101E-09 3.9993E-09 3.5273E-09 2.9296E-09 2.6234E-09 2.3474E-09 1.9315E-09 1.7311E-09 1.3837E-09 1.2365E-09 1.0988E-09 9.7424E-10 8.6387E-10 7.6413E-10 6.7677E-10 5.9726E-10 5.2860E-10 4.6536E-10 4.0781E-10
1.7045E-09 2.1868E-09 2.7571E-09 3.4802E-09 4.3756E-09 5.4960E-09 6.8785E-09 8.5533E-09 1.0573E-08 1.2973E-08 1.5789E-08 1.9034E-08 2.2740E-08 2.6957E-08 3.1760E-08 3.7208E-08 4.3167E-08 4.9443E-08 5.6193E-08 6.5639E-08 7.4953E-08 8.4390E-08 9.3224E-08 1.0095E-07 1.0556E-07 1.0510E-07 9.9162E-08 8.8273E-08 7.4174E-08 5.8892E-08 4.2071E-08 3.0632E-08 2.1818E-08 1.5463E-08 1.1154E-08 8.2052E-09 6.3128E-09 5.0722E-09 4.2298E-09 3.6449E-09 3.2003E-09 2.6458E-09 2.3660E-09 1.9340E-09 1.7418E-09 1.5607E-09 1.2427E-09 1.1104E-09 9.8545E-10 8.7778E-10 7.7829E-10 6.8926E-10 6.1013E-10 5.3943E-10 4.7581E-10 4.1902E-10 3.6742E-10
1.4076E-09 1.8520E-09 2.3964E-09 3.0297E-09 3.8167E-09 4.8023E-09 6.0225E-09 7.5067E-09 9.3034E-09 1.1451E-08 1.3986E-08 1.6940E-08 2.0394E-08 2.4409E-08 2.8982E-08 3.4134E-08 3.9742E-08 4.6177E-08 5.3559E-08 6.4532E-08 7.6843E-08 9.0356E-08 1.1013E-07 1.2382E-07 1.3376E-07 1.3583E-07 1.2467E-07 1.1147E-07 9.2908E-08 7.1974E-08 5.2897E-08 3.5152E-08 2.4175E-08 1.6457E-08 1.1331E-08 8.0426E-09 5.9697E-09 4.6344E-09 3.8001E-09 3.2699E-09 2.8765E-09 2.3662E-09 2.1154E-09 1.7220E-09 1.5546E-09 1.2289E-09 1.1035E-09 9.8587E-10 8.7999E-10 7.8500E-10 6.9737E-10 6.1975E-10 5.4809E-10 4.8521E-10 4.2712E-10 3.7520E-10 3.2929E-10
1.1962E-09 1.5779E-09 2.0411E-09 2.5828E-09 3.2588E-09 4.1051E-09 5.1561E-09 6.4400E-09 7.9930E-09 9.8467E-09 1.2056E-08 1.4672E-08 1.7771E-08 2.1388E-08 2.5470E-08 3.0013E-08 3.5480E-08 4.1789E-08 4.9552E-08 6.2151E-08 8.4735E-08 1.0725E-07 1.3084E-07 1.5364E-07 1.7044E-07 1.7599E-07 1.6820E-07 1.4859E-07 1.1649E-07 8.8392E-08 6.3303E-08 4.3273E-08 2.6771E-08 1.7455E-08 1.1334E-08 7.6726E-09 5.4583E-09 4.0972E-09 3.3339E-09 2.8920E-09 2.3456E-09 2.0928E-09 1.8734E-09 1.5221E-09 1.3716E-09 1.0834E-09 9.7064E-10 8.6823E-10 7.7928E-10 6.9472E-10 6.2112E-10 5.5225E-10 4.9073E-10 4.3409E-10 3.8238E-10 3.3583E-10 2.9338E-10
9.7980E-10 1.2375E-09 1.6572E-09 2.1545E-09 2.7211E-09 3.4283E-09 4.3055E-09 5.3695E-09 6.6431E-09 8.1752E-09 1.0039E-08 1.2279E-08 1.4946E-08 1.8045E-08 2.1559E-08 2.5545E-08 3.0255E-08 3.6502E-08 4.4161E-08 6.1719E-08 9.0631E-08 1.2610E-07 1.6377E-07 2.0106E-07 2.2726E-07 2.3430E-07 2.2262E-07 1.9183E-07 1.5209E-07 1.0838E-07 7.5480E-08 4.9794E-08 3.1479E-08 1.7909E-08 1.1024E-08 7.0402E-09 4.8435E-09 3.5798E-09 2.9052E-09 2.5196E-09 2.0490E-09 1.8297E-09 1.4810E-09 1.3367E-09 1.2048E-09 9.4810E-10 8.4931E-10 7.6041E-10 6.8160E-10 6.0968E-10 5.4638E-10 4.8743E-10 4.3609E-10 3.8556E-10 3.4059E-10 2.9934E-10 2.5286E-10
7.3710E-10 1.0107E-09 1.3438E-09 1.7070E-09 2.2204E-09 2.7800E-09 3.4647E-09 4.2969E-09 5.3022E-09 6.5559E-09 8.1036E-09 9.9439E-09 1.2119E-08 1.4636E-08 1.7499E-08 2.0764E-08 2.4683E-08 3.0069E-08 3.8043E-08 5.6707E-08 1.0022E-07 1.7743E-07 2.4258E-07 2.9801E-07 3.3209E-07 3.3234E-07 2.9246E-07 2.4638E-07 1.9050E-07 1.3575E-07 8.7186E-08 5.4916E-08 3.2920E-08 1.7528E-08 1.0303E-08 6.2612E-09 4.2109E-09 3.0877E-09 2.4972E-09 1.9929E-09 1.7651E-09 1.5730E-09 1.2814E-09 1.1570E-09 9.1446E-10 8.1769E-10 7.2757E-10 6.4936E-10 5.7999E-10 5.1815E-10 4.6911E-10 4.1896E-10 3.7777E-10 3.3470E-10 2.9560E-10 2.5421E-10 2.2270E-10
