Assets/Resources/2015_m01_d18_1100(utc+0800)_l00_csi_1hr_conc.grd
DSAA
         159         159
     -79.000      79.000
     -79.000      79.000
  0.0000E+00  0.1279E-05
[rows 25 to 49 of 159, columns 0 to 56 of 159]
1.6865E-13 1.7691E-13 1.8552E-13 2.6167E-13 3.2471E-13 4.9756E-13 6.5877E-13 7.7931E-13 9.9103E-13 1.1099E-12 1.3236E-12 1.4585E-12 1.6382E-12 1.7880E-12 1.9467E-12 2.1873E-12 2.3253E-12 2.5106E-12 2.7826E-12 2.9488E-12 3.3235E-12 3.5548E-12 3.8749E-12 4.1304E-12 4.5270E-12 4.8482E-12 5.2375E-12 5.7163E-12 6.1825E-12 6.6221E-12 7.1270E-12 7.6063E-12 8.2127E-12 8.7373E-12 9.3904E-12 1.0011E-11 1.0758E-11 1.1348E-11 1.2147E-11 1.2792E-11 1.3664E-11 1.4500E-11 1.5299E-11 1.6389E-11 1.7161E-11 1.8586E-11 1.9884E-11 2.1832E-11 2.2937E-11 2.4951E-11 2.6175E-11 2.8307E-11 2.9655E-11 3.1904E-11 3.3380E-11 3.5756E-11 3.7367E-11
1.7193E-13 1.8035E-13 1.8913E-13 2.6688E-13 4.3363E-13 5.4284E-13 7.2449E-13 8.3167E-13 1.0488E-12 1.1720E-12 1.3885E-12 1.5659E-12 1.7128E-12 1.9032E-12 2.0681E-12 2.2403E-12 2.4575E-12 2.6525E-12 2.8888E-12 3.1033E-12 3.4080E-12 3.7653E-12 4.0534E-12 4.4447E-12 4.7252E-12 5.1465E-12 5.4572E-12 6.0045E-12 6.4359E-12 6.9387E-12 7.4898E-12 8.0905E-12 8.6107E-12 9.2584E-12 9.7464E-12 1.0534E-11 1.1074E-11 1.1915E-11 1.2638E-11 1.3506E-11 1.4206E-11 1.5134E-11 1.5994E-11 1.6990E-11 1.8167E-11 1.9707E-11 2.1347E-11 2.2758E-11 2.4621E-11 2.5998E-11 2.8132E-11 2.9484E-11 3.1739E-11 3.3222E-11 3.5607E-11 3.7227E-11 3.9741E-11
1.7523E-13 1.8381E-13 2.5945E-13 3.2216E-13 4.9451E-13 6.0496E-13 7.7598E-13 9.3699E-13 1.1069E-12 1.3213E-12 1.4568E-12 1.6376E-12 1.8254E-12 1.9481E-12 2.1906E-12 2.3298E-12 2.5169E-12 2.7919E-12 3.0394E-12 3.3394E-12 3.5738E-12 3.8983E-12 4.2802E-12 4.5605E-12 5.0536E-12 5.3607E-12 5.7701E-12 6.2452E-12 6.6933E-12 7.2085E-12 7.8297E-12 8.4800E-12 9.1219E-12 9.6062E-12 1.0388E-11 1.0924E-11 1.1759E-11 1.2350E-11 1.3340E-11 1.4037E-11 1.4960E-11 1.5817E-11 1.6809E-11 1.7758E-11 1.9518E-11 2.0818E-11 2.2564E-11 2.4030E-11 2.5803E-11 2.7634E-11 2.9293E-11 3.1550E-11 3.3040E-11 3.5430E-11 3.7059E-11 3.9583E-11 4.1357E-11
1.7853E-13 1.8728E-13 2.6445E-13 4.3034E-13 5.3937E-13 7.2052E-13 8.2775E-13 1.0449E-12 1.2041E-12 1.3854E-12 1.5636E-12 1.7113E-12 1.9027E-12 2.1039E-12 2.2423E-12 2.4612E-12 2.6937E-12 2.8968E-12 3.2340E-12 3.5009E-12 3.8203E-12 4.0759E-12 4.4731E-12 4.7577E-12 5.1857E-12 5.6665E-12 6.1358E-12 6.5786E-12 7.0879E-12 7.5718E-12 8.1856E-12 8.8474E-12 9.4614E-12 1.0009E-11 1.0768E-11 1.1596E-11 1.2183E-11 1.3166E-11 1.3733E-11 1.4777E-11 1.5504E-11 1.6617E-11 1.7415E-11 1.9316E-11 2.0334E-11 2.2354E-11 2.3726E-11 2.5590E-11 2.7180E-11 2.9080E-11 3.1038E-11 3.2832E-11 3.5078E-11 3.6946E-11 3.9394E-11 4.1178E-11 4.3856E-11
1.8185E-13 2.5685E-13 3.1915E-13 4.9071E-13 6.0079E-13 7.7146E-13 9.3234E-13 1.1385E-12 1.3170E-12 1.4529E-12 1.6343E-12 1.8230E-12 1.9464E-12 2.1904E-12 2.3690E-12 2.5989E-12 2.8333E-12 3.0467E-12 3.3499E-12 3.7060E-12 3.9154E-12 4.3844E-12 4.6651E-12 5.0869E-12 5.3985E-12 5.9483E-12 6.4615E-12 6.8882E-12 7.4430E-12 8.0499E-12 8.5753E-12 9.2311E-12 9.8552E-12 1.0525E-11 1.1203E-11 1.2011E-11 1.2894E-11 1.3550E-11 1.4586E-11 1.5213E-11 1.6416E-11 1.7114E-11 1.9102E-11 2.0118E-11 2.2129E-11 2.3352E-11 2.5359E-11 2.6856E-11 2.8846E-11 3.0563E-11 3.2601E-11 3.4698E-11 3.6722E-11 3.9028E-11 4.1050E-11 4.3654E-11 4.5771E-11
1.8517E-13 2.6164E-13 3.7586E-13 5.0049E-13 7.1545E-13 8.2257E-13 1.0394E-12 1.1987E-12 1.3801E-12 1.5589E-12 1.7070E-12 1.8992E-12 2.1383E-12 2.2407E-12 2.4611E-12 2.7335E-12 2.9791E-12 3.2408E-12 3.5103E-12 3.8333E-12 4.1769E-12 4.4942E-12 4.9867E-12 5.2941E-12 5.7044E-12 6.1813E-12 6.7636E-12 7.2325E-12 7.7748E-12 8.4305E-12 9.0790E-12 9.5690E-12 1.0360E-11 1.0904E-11 1.1751E-11 1.2481E-11 1.3359E-11 1.4164E-11 1.5011E-11 1.6206E-11 1.6901E-11 1.8771E-11 1.9793E-11 2.1890E-11 2.3110E-11 2.5110E-11 2.6460E-11 2.8592E-11 3.0162E-11 3.2346E-11 3.4204E-11 3.6471E-11 3.8482E-11 4.0809E-11 4.3123E-11 4.5546E-11 4.8224E-11
2.5390E-13 2.6645E-13 4.8619E-13 5.9573E-13 7.6576E-13 9.2625E-13 1.1322E-12 1.3106E-12 1.4466E-12 1.6285E-12 1.8178E-12 1.9773E-12 2.1867E-12 2.3663E-12 2.5979E-12 2.8338E-12 3.0490E-12 3.3550E-12 3.7146E-12 4.0048E-12 4.4006E-12 4.6846E-12 5.1120E-12 5.5926E-12 5.9858E-12 6.5066E-12 7.0178E-12 7.5040E-12 8.1221E-12 8.7885E-12 9.4082E-12 1.0191E-11 1.0729E-11 1.1568E-11 1.2164E-11 1.3162E-11 1.3866E-11 1.4801E-11 1.5765E-11 1.6678E-11 1.8444E-11 1.9553E-11 2.1533E-11 2.2759E-11 2.4741E-11 2.6097E-11 2.8318E-11 2.9888E-11 3.2067E-11 3.3781E-11 3.6193E-11 3.8207E-11 4.0536E-11 4.2708E-11 4.5286E-11 4.7678E-11 5.0275E-11
2.5848E-13 3.7170E-13 4.9557E-13 6.5842E-13 8.1614E-13 1.0322E-12 1.1915E-12 1.3726E-12 1.5517E-12 1.7000E-12 1.8927E-12 2.1326E-12 2.2354E-12 2.4569E-12 2.7311E-12 2.9784E-12 3.2788E-12 3.5141E-12 3.8400E-12 4.3061E-12 4.5857E-12 5.0062E-12 5.3173E-12 5.8667E-12 6.3005E-12 6.8078E-12 7.3636E-12 7.9736E-12 8.5018E-12 9.1623E-12 9.7914E-12 1.0550E-11 1.1380E-11 1.1970E-11 1.2958E-11 1.3531E-11 1.4583E-11 1.5320E-11 1.6446E-11 1.7824E-11 1.9302E-11 2.1048E-11 2.2490E-11 2.4461E-11 2.5814E-11 2.7922E-11 2.9498E-11 3.1766E-11 3.3480E-11 3.5888E-11 3.7759E-11 4.0234E-11 4.2265E-11 4.4991E-11 4.7244E-11 4.9995E-11 5.2328E-11
2.6306E-13 4.2977E-13 5.4021E-13 7.5891E-13 9.1876E-13 1.1241E-12 1.3021E-12 1.4381E-12 1.6201E-12 1.8097E-12 2.0080E-12 2.1795E-12 2.3964E-12 2.5926E-12 2.8297E-12 3.1665E-12 3.4332E-12 3.7172E-12 4.0098E-12 4.4096E-12 4.8621E-12 5.1286E-12 5.6149E-12 6.0910E-12 6.6732E-12 7.0594E-12 7.8222E-12 8.3436E-12 8.9955E-12 9.4888E-12 1.0286E-11 1.0963E-11 1.1690E-11 1.2524E-11 1.3317E-11 1.4358E-11 1.5090E-11 1.6206E-11 1.7162E-11 1.9039E-11 2.0274E-11 2.2206E-11 2.3926E-11 2.5514E-11 2.7522E-11 2.9184E-11 3.1341E-11 3.3062E-11 3.5558E-11 3.7336E-11 3.9901E-11 4.1936E-11 4.4662E-11 4.6777E-11 4.9676E-11 5.2018E-11 5.4647E-11
2.6764E-13 4.8994E-13 6.5158E-13 8.0849E-13 1.0236E-12 1.1825E-12 1.3289E-12 1.5420E-12 1.6904E-12 1.8831E-12 2.1235E-12 2.2266E-12 2.4488E-12 2.7242E-12 2.9729E-12 3.2751E-12 3.5934E-12 3.8404E-12 4.3106E-12 4.5927E-12 5.0174E-12 5.4159E-12 5.8878E-12 6.4069E-12 6.9175E-12 7.4037E-12 8.0230E-12 8.6907E-12 9.3130E-12 1.0100E-11 1.0642E-11 1.1487E-11 1.2089E-11 1.3096E-11 1.3905E-11 1.4756E-11 1.5957E-11 1.6661E-11 1.8766E-11 1.9690E-11 2.1910E-11 2.3119E-11 2.5198E-11 2.6953E-11 2.8851E-11 3.0998E-11 3.2716E-11 3.5101E-11 3.6980E-11 3.9439E-11 4.1483E-11 4.4299E-11 4.6419E-11 4.9319E-11 5.1669E-11 5.4305E-11 5.6823E-11
3.7352E-13 5.3393E-13 7.5095E-13 8.5997E-13 1.0781E-12 1.2569E-12 1.4274E-12 1.6091E-12 1.7987E-12 1.9971E-12 2.1688E-12 2.3862E-12 2.5831E-12 2.8210E-12 3.1597E-12 3.4279E-12 3.7499E-12 4.0936E-12 4.4113E-12 4.9053E-12 5.2143E-12 5.7608E-12 6.1093E-12 6.6985E-12 7.2526E-12 7.8626E-12 8.3910E-12 9.0529E-12 9.6838E-12 1.0364E-11 1.1280E-11 1.1875E-11 1.2870E-11 1.3450E-11 1.4512E-11 1.5481E-11 1.6399E-11 1.8156E-11 1.9305E-11 2.1601E-11 2.2656E-11 2.4867E-11 2.6208E-11 2.8500E-11 3.0144E-11 3.2348E-11 3.4575E-11 3.6599E-11 3.9050E-11 4.1093E-11 4.3804E-11 4.6027E-11 4.8925E-11 5.1280E-11 5.3921E-11 5.6447E-11 5.9111E-11
4.8363E-13 5.9371E-13 7.9966E-13 1.0134E-12 1.1363E-12 1.3174E-12 1.5300E-12 1.6781E-12 1.8706E-12 2.1111E-12 2.2143E-12 2.5164E-12 2.7130E-12 2.9626E-12 3.2661E-12 3.5862E-12 3.9126E-12 4.3080E-12 4.5920E-12 5.0202E-12 5.5024E-12 5.8989E-12 6.4232E-12 6.9395E-12 7.5639E-12 8.1421E-12 8.8725E-12 9.3667E-12 1.0166E-11 1.0716E-11 1.1576E-11 1.2506E-11 1.3213E-11 1.4263E-11 1.5003E-11 1.6130E-11 1.7623E-11 1.9007E-11 2.0877E-11 2.2233E-11 2.4441E-11 2.5613E-11 2.8130E-11 2.9469E-11 3.1959E-11 3.3835E-11 3.6192E-11 3.8488E-11 4.0675E-11 4.3379E-11 4.5601E-11 4.8395E-11 5.0853E-11 5.3397E-11 5.6029E-11 5.8700E-11 6.1457E-11
5.2691E-13 7.4191E-13 8.1459E-13 1.0327E-12 1.1945E-12 1.4145E-12 1.5957E-12 1.7849E-12 1.9831E-12 2.1547E-12 2.3722E-12 2.5696E-12 2.8078E-12 3.1477E-12 3.4169E-12 3.7403E-12 4.1670E-12 4.4057E-12 4.9030E-12 5.2143E-12 5.7658E-12 6.2014E-12 6.7125E-12 7.2721E-12 7.8895E-12 8.5552E-12 9.0948E-12 9.9639E-12 1.0508E-11 1.1355E-11 1.2054E-11 1.2971E-11 1.3785E-11 1.4740E-11 1.5854E-11 1.7074E-11 1.8700E-11 2.0050E-11 2.1895E-11 2.3890E-11 2.5247E-11 2.7471E-11 2.8982E-11 3.1549E-11 3.3039E-11 3.5762E-11 3.7651E-11 4.0228E-11 4.2530E-11 4.5142E-11 4.7785E-11 5.0388E-11 5.2934E-11 5.5568E-11 5.8145E-11 6.1008E-11 6.3767E-11
5.3620E-13 7.5544E-13 9.1643E-13 1.1239E-12 1.3040E-12 1.5157E-12 1.6633E-12 1.8552E-12 2.0953E-12 2.1985E-12 2.5007E-12 2.6975E-12 2.9475E-12 3.2519E-12 3.6108E-12 3.9007E-12 4.2981E-12 4.6687E-12 5.0147E-12 5.5002E-12 5.9773E-12 6.5615E-12 7.0330E-12 7.7182E-12 8.2443E-12 8.9042E-12 9.4044E-12 1.0214E-11 1.1130E-11 1.1726E-11 1.2724E-11 1.3307E-11 1.4375E-11 1.5351E-11 1.6276E-11 1.8384E-11 1.9314E-11 2.1545E-11 2.3025E-11 2.4867E-11 2.6830E-11 2.8573E-11 3.0938E-11 3.2509E-11 3.5230E-11 3.6964E-11 3.9755E-11 4.1674E-11 4.4652E-11 4.7043E-11 4.9887E-11 5.2431E-11 5.5066E-11 5.7646E-11 6.0513E-11 6.3179E-11 6.6230E-11
5.9581E-13 8.0392E-13 1.0202E-12 1.1809E-12 1.3995E-12 1.5799E-12 1.7685E-12 1.9304E-12 2.1373E-12 2.3545E-12 2.5519E-12 2.7901E-12 3.1307E-12 3.4003E-12 3.7247E-12 4.1531E-12 4.3928E-12 4.8926E-12 5.2056E-12 5.7610E-12 6.2796E-12 6.7150E-12 7.4106E-12 7.9030E-12 8.7114E-12 9.2041E-12 1.0001E-11 1.0551E-11 1.1410E-11 1.2248E-11 1.3049E-11 1.4102E-11 1.4847E-11 1.5979E-11 1.7841E-11 1.8885E-11 2.0966E-11 2.2248E-11 2.4474E-11 2.6085E-11 2.8148E-11 3.0150E-11 3.2055E-11 3.4653E-11 3.6389E-11 3.9177E-11 4.1075E-11 4.4132E-11 4.6144E-11 4.9351E-11 5.1646E-11 5.4524E-11 5.7006E-11 5.9972E-11 6.2643E-11 6.5698E-11 6.8612E-11
7.4471E-13 8.5437E-13 1.1099E-12 1.2886E-12 1.4991E-12 1.6460E-12 1.8026E-12 2.0415E-12 2.1793E-12 2.4811E-12 2.6777E-12 2.9277E-12 3.2323E-12 3.5919E-12 3.8824E-12 4.2812E-12 4.6533E-12 5.0007E-12 5.6214E-12 5.9688E-12 6.5572E-12 7.0321E-12 7.7233E-12 8.2540E-12 8.9206E-12 9.6504E-12 1.0327E-11 1.1172E-11 1.1871E-11 1.2787E-11 1.3602E-11 1.4560E-11 1.5677E-11 1.7012E-11 1.8544E-11 2.0356E-11 2.1773E-11 2.3980E-11 2.5171E-11 2.7707E-11 2.9064E-11 3.1582E-11 3.3671E-11 3.5885E-11 3.8405E-11 4.0544E-11 4.3403E-11 4.5589E-11 4.8781E-11 5.0991E-11 5.3943E-11 5.6343E-11 5.9387E-11 6.2060E-11 6.5117E-11 6.8035E-11 7.1090E-11
7.9215E-13 1.0062E-12 1.1657E-12 1.3484E-12 1.5271E-12 1.7142E-12 1.9105E-12 2.1165E-12 2.2966E-12 2.5303E-12 2.7681E-12 3.1086E-12 3.3783E-12 3.7029E-12 4.1324E-12 4.4504E-12 4.8741E-12 5.2726E-12 5.7465E-12 6.2678E-12 6.7827E-12 7.5424E-12 7.9857E-12 8.7182E-12 9.2154E-12 1.0020E-11 1.0706E-11 1.1445E-11 1.2521E-11 1.3105E-11 1.4172E-11 1.5023E-11 1.6174E-11 1.8066E-11 1.9648E-11 2.1385E-11 2.3323E-11 2.4745E-11 2.7164E-11 2.8503E-11 3.1091E-11 3.2687E-11 3.5359E-11 3.7532E-11 3.9987E-11 4.2580E-11 4.5004E-11 4.7951E-11 5.0382E-11 5.3248E-11 5.5721E-11 5.8760E-11 6.1351E-11 6.4487E-11 6.7408E-11 7.0466E-11 7.3585E-11
8.4154E-13 1.0602E-12 1.1865E-12 1.4451E-12 1.5905E-12 1.7820E-12 2.0196E-12 2.1568E-12 2.4577E-12 2.6537E-12 2.9033E-12 3.2077E-12 3.5672E-12 3.8578E-12 4.2572E-12 4.7106E-12 4.9784E-12 5.6015E-12 5.9503E-12 6.5418E-12 7.0984E-12 7.7151E-12 8.3801E-12 8.9214E-12 9.7934E-12 1.0341E-11 1.1194E-11 1.1901E-11 1.2827E-11 1.3877E-11 1.4624E-11 1.5755E-11 1.7625E-11 1.8673E-11 2.0769E-11 2.2163E-11 2.4307E-11 2.6123E-11 2.8024E-11 3.0492E-11 3.2074E-11 3.4814E-11 3.6484E-11 3.9406E-11 4.1506E-11 4.4391E-11 4.6928E-11 4.9740E-11 5.2446E-11 5.5061E-11 5.7867E-11 6.0679E-11 6.3811E-11 6.6651E-11 6.9790E-11 7.2911E-11 7.6150E-11
8.5579E-13 1.1134E-12 1.2939E-12 1.5070E-12 1.6928E-12 1.8495E-12 2.0926E-12 2.2719E-12 2.5047E-12 2.7417E-12 3.0817E-12 3.3509E-12 3.6753E-12 4.1049E-12 4.4230E-12 4.8474E-12 5.2468E-12 5.7224E-12 6.2454E-12 6.7626E-12 7.5264E-12 7.9723E-12 8.7098E-12 9.2106E-12 1.0022E-11 1.0941E-11 1.1541E-11 1.2547E-11 1.3233E-11 1.4315E-11 1.5298E-11 1.6874E-11 1.8302E-11 2.0123E-11 2.1547E-11 2.3770E-11 2.5150E-11 2.7532E-11 2.9494E-11 3.1539E-11 3.4011E-11 3.5908E-11 3.8718E-11 4.0653E-11 4.3666E-11 4.5804E-11 4.9066E-11 5.1580E-11 5.4364E-11 5.7160E-11 5.9966E-11 6.2867E-11 6.5927E-11 6.8987E-11 7.2105E-11 7.5425E-11 7.8678E-11
1.0076E-12 1.1686E-12 1.4246E-12 1.5687E-12 1.7587E-12 1.9582E-12 2.1311E-12 2.4305E-12 2.5903E-12 2.8744E-12 3.1780E-12 3.4993E-12 3.8270E-12 4.2264E-12 4.6799E-12 4.9479E-12 5.5722E-12 6.0053E-12 6.5152E-12 7.0737E-12 7.6935E-12 8.4972E-12 8.9890E-12 9.7849E-12 1.0336E-11 1.1197E-11 1.2131E-11 1.2845E-11 1.3906E-11 1.4756E-11 1.5806E-11 1.7706E-11 1.9568E-11 2.1122E-11 2.3071E-11 2.4501E-11 2.6939E-11 2.8373E-11 3.0906E-11 3.2853E-11 3.5230E-11 3.7698E-11 4.0014E-11 4.2999E-11 4.5125E-11 4.8278E-11 5.0618E-11 5.3631E-11 5.6140E-11 5.9211E-11 6.2005E-11 6.5156E-11 6.8164E-11 7.1326E-11 7.4597E-11 7.7899E-11 8.1434E-11
1.0611E-12 1.2233E-12 1.4848E-12 1.6322E-12 1.7899E-12 2.0657E-12 2.2439E-12 2.4755E-12 2.7112E-12 3.0499E-12 3.3183E-12 3.6059E-12 4.0708E-12 4.3109E-12 4.8128E-12 5.2124E-12 5.6886E-12 6.3445E-12 6.7310E-12 7.4975E-12 7.9453E-12 8.6863E-12 9.4128E-12 1.0007E-11 1.0932E-11 1.1633E-11 1.2551E-11 1.3243E-11 1.4336E-11 1.5461E-11 1.7082E-11 1.8374E-11 2.0473E-11 2.2055E-11 2.4021E-11 2.6034E-11 2.7762E-11 3.0249E-11 3.1849E-11 3.4617E-11 3.6487E-11 3.9272E-11 4.1840E-11 4.4420E-11 4.7401E-11 4.9871E-11 5.2783E-11 5.5363E-11 5.8335E-11 6.1124E-11 6.4341E-11 6.7264E-11 7.0497E-11 7.3712E-11 7.7062E-11 8.0549E-11 8.4074E-11
1.1491E-12 1.3313E-12 1.5102E-12 1.6979E-12 1.8951E-12 2.1023E-12 2.3209E-12 2.5586E-12 2.8411E-12 3.1072E-12 3.4636E-12 3.7901E-12 4.1887E-12 4.6416E-12 4.9094E-12 5.5336E-12 5.9670E-12 6.4776E-12 7.0370E-12 7.6588E-12 8.4652E-12 8.9591E-12 9.7591E-12 1.0313E-11 1.1179E-11 1.2254E-11 1.2840E-11 1.3910E-11 1.4768E-11 1.6554E-11 1.7845E-11 1.9796E-11 2.1218E-11 2.3444E-11 2.4932E-11 2.7131E-11 2.9379E-11 3.1255E-11 3.3749E-11 3.5666E-11 3.8592E-11 4.0551E-11 4.3609E-11 4.6221E-11 4.9015E-11 5.1985E-11 5.4550E-11 5.7506E-11 6.0282E-11 6.3352E-11 6.6397E-11 6.9570E-11 7.2750E-11 7.6171E-11 7.9604E-11 8.3177E-11 8.6819E-11
1.1677E-12 1.4254E-12 1.5707E-12 1.7626E-12 2.0012E-12 2.1773E-12 2.4425E-12 2.6403E-12 2.9759E-12 3.2805E-12 3.5669E-12 4.0303E-12 4.2697E-12 4.7704E-12 5.1694E-12 5.6455E-12 6.3013E-12 6.6880E-12 7.4558E-12 7.9045E-12 8.6477E-12 9.3769E-12 9.9734E-12 1.0903E-11 1.1608E-11 1.2532E-11 1.3450E-11 1.4331E-11 1.5466E-11 1.7356E-11 1.9063E-11 2.0541E-11 2.2557E-11 2.4221E-11 2.6489E-11 2.8023E-11 3.0648E-11 3.2962E-11 3.5004E-11 3.7600E-11 3.9755E-11 4.2857E-11 4.5010E-11 4.8212E-11 5.0637E-11 5.3576E-11 5.6465E-11 5.9352E-11 6.2455E-11 6.5486E-11 6.8566E-11 7.1816E-11 7.5097E-11 7.8576E-11 8.2219E-11 8.5858E-11 8.9665E-11
1.2215E-12 1.4846E-12 1.6702E-12 1.8653E-12 2.0706E-12 2.2507E-12 2.4853E-12 2.8036E-12 3.0681E-12 3.4226E-12 3.6694E-12 4.1444E-12 4.5157E-12 4.8629E-12 5.4860E-12 5.9188E-12 6.4292E-12 6.9884E-12 7.6109E-12 8.4187E-12 8.9137E-12 9.7163E-12 1.0273E-11 1.1142E-11 1.2223E-11 1.2908E-11 1.3987E-11 1.4753E-11 1.6558E-11 1.7993E-11 2.0082E-11 2.1668E-11 2.3531E-11 2.5635E-11 2.7362E-11 2.9708E-11 3.1546E-11 3.4244E-11 3.6232E-11 3.9020E-11 4.1710E-11 4.4138E-11 4.7239E-11 4.9662E-11 5.2702E-11 5.5373E-11 5.8357E-11 6.1247E-11 6.4405E-11 6.7599E-11 7.0835E-11 7.4104E-11 7.7571E-11 8.1076E-11 8.4836E-11 8.8638E-11 9.2518E-11
1.3659E-12 1.5432E-12 1.7329E-12 1.9322E-12 2.1053E-12 2.4061E-12 2.6022E-12 2.9354E-12 3.2379E-12 3.5226E-12 3.9835E-12 4.2218E-12 4.6832E-12 5.1182E-12 5.5931E-12 6.2477E-12 6.5574E-12 7.4015E-12 7.8504E-12 8.5942E-12 9.3247E-12 9.9228E-12 1.0855E-11 1.1563E-11 1.2491E-11 1.3546E-11 1.4300E-11 1.5858E-11 1.7351E-11 1.9227E-11 2.0661E-11 2.2764E-11 2.4376E-11 2.6688E-11 2.8936E-11 3.0817E-11 3.3169E-11 3.5325E-11 3.8185E-11 4.0162E-11 4.3324E-11 4.6161E-11 4.8789E-11 5.1800E-11 5.4323E-11 5.7409E-11 6.0231E-11 6.3415E-11 6.6515E-11 6.9682E-11 7.3062E-11 7.6467E-11 8.0008E-11 8.3756E-11 8.7421E-11 9.1422E-11 9.5475E-11
