Assets/Resources/2015_m01_d11_1400(utc+0800)_l00_csi_1hr_conc.grd
DSAA
         159         159
     -79.000      79.000
     -79.000      79.000
  0.0000E+00  0.1505E-05
[rows 25 to 49 of 159, columns 57 to 113 of 159]
1.0697E-09 1.0947E-09 1.1189E-09 1.1420E-09 1.1641E-09 1.1850E-09 1.2046E-09 1.2228E-09 1.2395E-09 1.2545E-09 1.2679E-09 1.2795E-09 1.2892E-09 1.2970E-09 1.3027E-09 1.3064E-09 1.3080E-09 1.3074E-09 1.3046E-09 1.2996E-09 1.2924E-09 1.2831E-09 1.2716E-09 1.2580E-09 1.2424E-09 1.2249E-09 1.2054E-09 1.1842E-09 1.1613E-09 1.1368E-09 1.1108E-09 1.0834E-09 1.0548E-09 1.0251E-09 9.9443E-10 9.6292E-10 9.3069E-10 8.9791E-10 8.6469E-10 8.3117E-10 7.9750E-10 7.6379E-10 7.3018E-10 6.9678E-10 6.6371E-10 6.3108E-10 5.9897E-10 5.6749E-10 5.3671E-10 5.0671E-10 4.7756E-10 4.4931E-10 4.2201E-10 3.9569E-10 3.7040E-10 3.4615E-10 3.2295E-10
1.0401E-09 1.0601E-09 1.0834E-09 1.1057E-09 1.1269E-09 1.1471E-09 1.1659E-09 1.1834E-09 1.1994E-09 1.2138E-09 1.2266E-09 1.2376E-09 1.2468E-09 1.2542E-09 1.2595E-09 1.2629E-09 1.2642E-09 1.2634E-09 1.2605E-09 1.2555E-09 1.2484E-09 1.2393E-09 1.2280E-09 1.2148E-09 1.1996E-09 1.1825E-09 1.1636E-09 1.1430E-09 1.1207E-09 1.0969E-09 1.0717E-09 1.0452E-09 1.0175E-09 9.8879E-10 9.5912E-10 9.2864E-10 8.9748E-10 8.6580E-10 8.3370E-10 8.0133E-10 7.6881E-10 7.3628E-10 7.0385E-10 6.7162E-10 6.3973E-10 6.0826E-10 5.7731E-10 5.4696E-10 5.1730E-10 4.8840E-10 4.6030E-10 4.3310E-10 4.0679E-10 3.8146E-10 3.5710E-10 3.3374E-10 3.1141E-10
1.0130E-09 1.0256E-09 1.0469E-09 1.0684E-09 1.0888E-09 1.1081E-09 1.1262E-09 1.1429E-09 1.1582E-09 1.1720E-09 1.1842E-09 1.1947E-09 1.2034E-09 1.2103E-09 1.2153E-09 1.2183E-09 1.2194E-09 1.2185E-09 1.2155E-09 1.2105E-09 1.2035E-09 1.1945E-09 1.1835E-09 1.1706E-09 1.1558E-09 1.1392E-09 1.1209E-09 1.1009E-09 1.0794E-09 1.0563E-09 1.0320E-09 1.0064E-09 9.7960E-10 9.5184E-10 9.2319E-10 8.9376E-10 8.6372E-10 8.3315E-10 8.0221E-10 7.7101E-10 7.3968E-10 7.0835E-10 6.7712E-10 6.4610E-10 6.1541E-10 5.8512E-10 5.5535E-10 5.2615E-10 4.9764E-10 4.6984E-10 4.4284E-10 4.1667E-10 3.9140E-10 3.6704E-10 3.4363E-10 3.2119E-10 2.9973E-10
9.9229E-10 9.9527E-10 1.0098E-09 1.0304E-09 1.0499E-09 1.0684E-09 1.0857E-09 1.1017E-09 1.1162E-09 1.1294E-09 1.1409E-09 1.1508E-09 1.1591E-09 1.1655E-09 1.1701E-09 1.1729E-09 1.1738E-09 1.1727E-09 1.1697E-09 1.1647E-09 1.1578E-09 1.1490E-09 1.1383E-09 1.1257E-09 1.1114E-09 1.0953E-09 1.0776E-09 1.0582E-09 1.0374E-09 1.0152E-09 9.9167E-10 9.6695E-10 9.4116E-10 9.1441E-10 8.8680E-10 8.5847E-10 8.2954E-10 8.0013E-10 7.7036E-10 7.4036E-10 7.1025E-10 6.8013E-10 6.5012E-10 6.2034E-10 5.9085E-10 5.6178E-10 5.3319E-10 5.0518E-10 4.7780E-10 4.5113E-10 4.2523E-10 4.0013E-10 3.7588E-10 3.5252E-10 3.3007E-10 3.0855E-10 2.8796E-10
9.7934E-10 9.7049E-10 9.7565E-10 9.9169E-10 1.0104E-09 1.0280E-09 1.0445E-09 1.0597E-09 1.0736E-09 1.0860E-09 1.0970E-09 1.1063E-09 1.1140E-09 1.1201E-09 1.1243E-09 1.1268E-09 1.1275E-09 1.1263E-09 1.1232E-09 1.1183E-09 1.1116E-09 1.1030E-09 1.0925E-09 1.0804E-09 1.0665E-09 1.0509E-09 1.0338E-09 1.0151E-09 9.9505E-10 9.7364E-10 9.5099E-10 9.2720E-10 9.0239E-10 8.7665E-10 8.5012E-10 8.2290E-10 7.9511E-10 7.6687E-10 7.3830E-10 7.0952E-10 6.8063E-10 6.5175E-10 6.2299E-10 5.9442E-10 5.6618E-10 5.3831E-10 5.1094E-10 4.8410E-10 4.5789E-10 4.3235E-10 4.0754E-10 3.8352E-10 3.6031E-10 3.3795E-10 3.1646E-10 2.9585E-10 2.7614E-10
9.9216E-10 9.5237E-10 9.4459E-10 9.5254E-10 9.7037E-10 9.8716E-10 1.0028E-09 1.0173E-09 1.0304E-09 1.0422E-09 1.0525E-09 1.0613E-09 1.0685E-09 1.0742E-09 1.0781E-09 1.0803E-09 1.0808E-09 1.0795E-09 1.0764E-09 1.0716E-09 1.0649E-09 1.0566E-09 1.0465E-09 1.0347E-09 1.0213E-09 1.0062E-09 9.8973E-10 9.7177E-10 9.5246E-10 9.3187E-10 9.1010E-10 8.8726E-10 8.6344E-10 8.3875E-10 8.1330E-10 7.8720E-10 7.6058E-10 7.3352E-10 7.0616E-10 6.7861E-10 6.5096E-10 6.2333E-10 5.9580E-10 5.6850E-10 5.4148E-10 5.1484E-10 4.8867E-10 4.6302E-10 4.3798E-10 4.1357E-10 3.8988E-10 3.6692E-10 3.4474E-10 3.2338E-10 3.0285E-10 2.8316E-10 2.6431E-10
1.0395E-09 9.5178E-10 9.1940E-10 9.1766E-10 9.3003E-10 9.4597E-10 9.6082E-10 9.7450E-10 9.8692E-10 9.9802E-10 1.0077E-09 1.0160E-09 1.0228E-09 1.0280E-09 1.0316E-09 1.0336E-09 1.0339E-09 1.0325E-09 1.0294E-09 1.0246E-09 1.0182E-09 1.0100E-09 1.0002E-09 9.8887E-10 9.7592E-10 9.6149E-10 9.4560E-10 9.2835E-10 9.0981E-10 8.9006E-10 8.6919E-10 8.4730E-10 8.2449E-10 8.0086E-10 7.7650E-10 7.5154E-10 7.2608E-10 7.0022E-10 6.7408E-10 6.4775E-10 6.2136E-10 5.9497E-10 5.6870E-10 5.4264E-10 5.1686E-10 4.9146E-10 4.6648E-10 4.4203E-10 4.1813E-10 3.9487E-10 3.7227E-10 3.5038E-10 3.2924E-10 3.0888E-10 2.8929E-10 2.7051E-10 2.5233E-10
1.1422E-09 9.9060E-10 9.0646E-10 8.9177E-10 8.9016E-10 9.0461E-10 9.1865E-10 9.3156E-10 9.4326E-10 9.5371E-10 9.6283E-10 9.7057E-10 9.7688E-10 9.8170E-10 9.8500E-10 9.8674E-10 9.8689E-10 9.8544E-10 9.8237E-10 9.7769E-10 9.7140E-10 9.6352E-10 9.5408E-10 9.4312E-10 9.3068E-10 9.1681E-10 9.0157E-10 8.8504E-10 8.6728E-10 8.4838E-10 8.2842E-10 8.0749E-10 7.8569E-10 7.6312E-10 7.3987E-10 7.1605E-10 6.9175E-10 6.6710E-10 6.4218E-10 6.1709E-10 5.9193E-10 5.6680E-10 5.4178E-10 5.1695E-10 4.9242E-10 4.6822E-10 4.4446E-10 4.2118E-10 3.9845E-10 3.7631E-10 3.5480E-10 3.3398E-10 3.1386E-10 2.9448E-10 2.7584E-10 2.5795E-10 2.4065E-10
1.2698E-09 1.0752E-09 9.3041E-10 8.6994E-10 8.5766E-10 8.6323E-10 8.7647E-10 8.8861E-10 8.9962E-10 9.0943E-10 9.1797E-10 9.2521E-10 9.3107E-10 9.3553E-10 9.3854E-10 9.4007E-10 9.4008E-10 9.3857E-10 9.3553E-10 9.3095E-10 9.2485E-10 9.1724E-10 9.0815E-10 8.9762E-10 8.8568E-10 8.7239E-10 8.5781E-10 8.4200E-10 8.2503E-10 8.0698E-10 7.8793E-10 7.6798E-10 7.4719E-10 7.2568E-10 7.0354E-10 6.8086E-10 6.5774E-10 6.3428E-10 6.1057E-10 5.8672E-10 5.6280E-10 5.3892E-10 5.1513E-10 4.9155E-10 4.6823E-10 4.4525E-10 4.2268E-10 4.0057E-10 3.7898E-10 3.5795E-10 3.3753E-10 3.1776E-10 2.9865E-10 2.8023E-10 2.6252E-10 2.4533E-10 2.2885E-10
1.4516E-09 1.1863E-09 9.9321E-10 8.7212E-10 8.3327E-10 8.2607E-10 8.3444E-10 8.4585E-10 8.5618E-10 8.6535E-10 8.7335E-10 8.8009E-10 8.8554E-10 8.8965E-10 8.9238E-10 8.9371E-10 8.9360E-10 8.9205E-10 8.8904E-10 8.8458E-10 8.7868E-10 8.7135E-10 8.6262E-10 8.5252E-10 8.4110E-10 8.2840E-10 8.1448E-10 7.9940E-10 7.8322E-10 7.6603E-10 7.4789E-10 7.2890E-10 7.0913E-10 6.8869E-10 6.6765E-10 6.4610E-10 6.2415E-10 6.0188E-10 5.7939E-10 5.5675E-10 5.3407E-10 5.1140E-10 4.8886E-10 4.6650E-10 4.4439E-10 4.2261E-10 4.0121E-10 3.8026E-10 3.5979E-10 3.3987E-10 3.2052E-10 3.0177E-10 2.8366E-10 2.6619E-10 2.4919E-10 2.3309E-10 2.1747E-10
1.7048E-09 1.3388E-09 1.0799E-09 9.1265E-10 8.1783E-10 7.9504E-10 7.9271E-10 8.0341E-10 8.1307E-10 8.2166E-10 8.2912E-10 8.3539E-10 8.4044E-10 8.4422E-10 8.4669E-10 8.4783E-10 8.4762E-10 8.4604E-10 8.4308E-10 8.3875E-10 8.3306E-10 8.2602E-10 8.1766E-10 8.0800E-10 7.9710E-10 7.8499E-10 7.7173E-10 7.5738E-10 7.4200E-10 7.2566E-10 7.0844E-10 6.9041E-10 6.7166E-10 6.5226E-10 6.3232E-10 6.1191E-10 5.9111E-10 5.7002E-10 5.4872E-10 5.2729E-10 5.0581E-10 4.8437E-10 4.6304E-10 4.4188E-10 4.2097E-10 4.0036E-10 3.8013E-10 3.6030E-10 3.4095E-10 3.2210E-10 3.0380E-10 2.8606E-10 2.6892E-10 2.5217E-10 2.3630E-10 2.2084E-10 2.0627E-10
2.0387E-09 1.5469E-09 1.2014E-09 9.7270E-10 8.3507E-10 7.6978E-10 7.5669E-10 7.6146E-10 7.7048E-10 7.7850E-10 7.8544E-10 7.9127E-10 7.9594E-10 7.9940E-10 8.0164E-10 8.0261E-10 8.0230E-10 8.0070E-10 7.9781E-10 7.9362E-10 7.8815E-10 7.8140E-10 7.7341E-10 7.6420E-10 7.5382E-10 7.4231E-10 7.2971E-10 7.1608E-10 7.0149E-10 6.8601E-10 6.6969E-10 6.5262E-10 6.3487E-10 6.1653E-10 5.9767E-10 5.7837E-10 5.5871E-10 5.3878E-10 5.1866E-10 4.9842E-10 4.7813E-10 4.5789E-10 4.3774E-10 4.1777E-10 3.9803E-10 3.7858E-10 3.5948E-10 3.4077E-10 3.2250E-10 3.0471E-10 2.8742E-10 2.7067E-10 2.5448E-10 2.3867E-10 2.2344E-10 2.0906E-10 1.9486E-10
2.4609E-09 1.8286E-09 1.3725E-09 1.0595E-09 8.6917E-10 7.6555E-10 7.2672E-10 7.2019E-10 7.2855E-10 7.3602E-10 7.4247E-10 7.4787E-10 7.5217E-10 7.5535E-10 7.5735E-10 7.5817E-10 7.5779E-10 7.5619E-10 7.5337E-10 7.4933E-10 7.4408E-10 7.3763E-10 7.3002E-10 7.2126E-10 7.1140E-10 7.0048E-10 6.8854E-10 6.7564E-10 6.6184E-10 6.4720E-10 6.3178E-10 6.1566E-10 5.9890E-10 5.8159E-10 5.6379E-10 5.4559E-10 5.2706E-10 5.0826E-10 4.8930E-10 4.7022E-10 4.5111E-10 4.3203E-10 4.1306E-10 3.9424E-10 3.7564E-10 3.5732E-10 3.3932E-10 3.2170E-10 3.0449E-10 2.8772E-10 2.7143E-10 2.5564E-10 2.4017E-10 2.2524E-10 2.1111E-10 1.9710E-10 1.8416E-10
2.9888E-09 2.1804E-09 1.5936E-09 1.1807E-09 9.2718E-10 7.7882E-10 7.0391E-10 6.8155E-10 6.8742E-10 6.9435E-10 7.0034E-10 7.0533E-10 7.0929E-10 7.1219E-10 7.1399E-10 7.1467E-10 7.1422E-10 7.1263E-10 7.0989E-10 7.0601E-10 7.0099E-10 6.9485E-10 6.8761E-10 6.7931E-10 6.6997E-10 6.5964E-10 6.4836E-10 6.3617E-10 6.2315E-10 6.0934E-10 5.9481E-10 5.7962E-10 5.6384E-10 5.4754E-10 5.3079E-10 5.1366E-10 4.9622E-10 4.7855E-10 4.6071E-10 4.4277E-10 4.2480E-10 4.0687E-10 3.8903E-10 3.7134E-10 3.5386E-10 3.3663E-10 3.1971E-10 3.0314E-10 2.8696E-10 2.7119E-10 2.5586E-10 2.4080E-10 2.2645E-10 2.1240E-10 1.9865E-10 1.8592E-10 1.7331E-10
3.6180E-09 2.6151E-09 1.8800E-09 1.3474E-09 1.0064E-09 8.0262E-10 6.9604E-10 6.4879E-10 6.4720E-10 6.5364E-10 6.5918E-10 6.6378E-10 6.6742E-10 6.7005E-10 6.7166E-10 6.7222E-10 6.7172E-10 6.7015E-10 6.6750E-10 6.6378E-10 6.5900E-10 6.5317E-10 6.4631E-10 6.3846E-10 6.2964E-10 6.1989E-10 6.0926E-10 5.9778E-10 5.8552E-10 5.7254E-10 5.5887E-10 5.4460E-10 5.2977E-10 5.1446E-10 4.9874E-10 4.8266E-10 4.6629E-10 4.4970E-10 4.3297E-10 4.1614E-10 3.9928E-10 3.8245E-10 3.6571E-10 3.4912E-10 3.3272E-10 3.1656E-10 3.0068E-10 2.8513E-10 2.6994E-10 2.5513E-10 2.4053E-10 2.2660E-10 2.1291E-10 1.9969E-10 1.8701E-10 1.7462E-10 1.6320E-10
4.3394E-09 3.1391E-09 2.2234E-09 1.5602E-09 1.1160E-09 8.4573E-10 6.9404E-10 6.2489E-10 6.0802E-10 6.1398E-10 6.1909E-10 6.2333E-10 6.2666E-10 6.2906E-10 6.3049E-10 6.3094E-10 6.3039E-10 6.2886E-10 6.2630E-10 6.2276E-10 6.1822E-10 6.1270E-10 6.0622E-10 5.9881E-10 5.9051E-10 5.8134E-10 5.7134E-10 5.6056E-10 5.4906E-10 5.3687E-10 5.2406E-10 5.1068E-10 4.9679E-10 4.8244E-10 4.6771E-10 4.5265E-10 4.3732E-10 4.2179E-10 4.0612E-10 3.9036E-10 3.7458E-10 3.5883E-10 3.4316E-10 3.2762E-10 3.1227E-10 2.9714E-10 2.8227E-10 2.6770E-10 2.5347E-10 2.3938E-10 2.2591E-10 2.1263E-10 2.0002E-10 1.8742E-10 1.7530E-10 1.6413E-10 1.5278E-10
5.1501E-09 3.7337E-09 2.6326E-09 1.8239E-09 1.2569E-09 9.0534E-10 7.0636E-10 6.0955E-10 5.6997E-10 5.7546E-10 5.8019E-10 5.8408E-10 5.8713E-10 5.8929E-10 5.9057E-10 5.9092E-10 5.9035E-10 5.8885E-10 5.8640E-10 5.8303E-10 5.7873E-10 5.7353E-10 5.6743E-10 5.6046E-10 5.5266E-10 5.4406E-10 5.3469E-10 5.2460E-10 5.1383E-10 5.0242E-10 4.9044E-10 4.7793E-10 4.6494E-10 4.5153E-10 4.3776E-10 4.2369E-10 4.0937E-10 3.9486E-10 3.8022E-10 3.6550E-10 3.5076E-10 3.3604E-10 3.2140E-10 3.0689E-10 2.9254E-10 2.7839E-10 2.6450E-10 2.5088E-10 2.3735E-10 2.2439E-10 2.1157E-10 1.9937E-10 1.8714E-10 1.7578E-10 1.6445E-10 1.5333E-10 1.4336E-10
6.0379E-09 4.4084E-09 3.1084E-09 2.1282E-09 1.4339E-09 9.8837E-10 7.3575E-10 5.9581E-10 5.3857E-10 5.3820E-10 5.4254E-10 5.4611E-10 5.4889E-10 5.5086E-10 5.5198E-10 5.5225E-10 5.5167E-10 5.5020E-10 5.4788E-10 5.4468E-10 5.4063E-10 5.3573E-10 5.3000E-10 5.2348E-10 5.1617E-10 5.0813E-10 4.9937E-10 4.8995E-10 4.7989E-10 4.6925E-10 4.5807E-10 4.4640E-10 4.3428E-10 4.2179E-10 4.0895E-10 3.9583E-10 3.8248E-10 3.6896E-10 3.5531E-10 3.4159E-10 3.2784E-10 3.1412E-10 3.0047E-10 2.8694E-10 2.7355E-10 2.6036E-10 2.4739E-10 2.3447E-10 2.2206E-10 2.0974E-10 1.9799E-10 1.8616E-10 1.7518E-10 1.6416E-10 1.5353E-10 1.4361E-10 1.3366E-10
6.9848E-09 5.1526E-09 3.6435E-09 2.4847E-09 1.6536E-09 1.1013E-09 7.6979E-10 5.9607E-10 5.1566E-10 5.0225E-10 5.0623E-10 5.0950E-10 5.1204E-10 5.1381E-10 5.1481E-10 5.1501E-10 5.1441E-10 5.1301E-10 5.1080E-10 5.0778E-10 5.0398E-10 4.9938E-10 4.9403E-10 4.8793E-10 4.8111E-10 4.7361E-10 4.6545E-10 4.5667E-10 4.4731E-10 4.3740E-10 4.2700E-10 4.1614E-10 4.0487E-10 3.9324E-10 3.8130E-10 3.6910E-10 3.5668E-10 3.4411E-10 3.3141E-10 3.1865E-10 3.0586E-10 2.9309E-10 2.8039E-10 2.6779E-10 2.5533E-10 2.4305E-10 2.3076E-10 2.1894E-10 2.0715E-10 1.9590E-10 1.8451E-10 1.7393E-10 1.6327E-10 1.5319E-10 1.4332E-10 1.3362E-10 1.2498E-10
7.9802E-09 5.9639E-09 4.2504E-09 2.9002E-09 1.9069E-09 1.2391E-09 8.2891E-10 6.0370E-10 4.9717E-10 4.6768E-10 4.7133E-10 4.7432E-10 4.7662E-10 4.7822E-10 4.7911E-10 4.7924E-10 4.7865E-10 4.7731E-10 4.7522E-10 4.7239E-10 4.6882E-10 4.6453E-10 4.5954E-10 4.5386E-10 4.4752E-10 4.4055E-10 4.3297E-10 4.2481E-10 4.1612E-10 4.0692E-10 3.9726E-10 3.8718E-10 3.7672E-10 3.6593E-10 3.5485E-10 3.4353E-10 3.3201E-10 3.2033E-10 3.0855E-10 2.9670E-10 2.8483E-10 2.7297E-10 2.6118E-10 2.4947E-10 2.3789E-10 2.2626E-10 2.1505E-10 2.0384E-10 1.9311E-10 1.8220E-10 1.7206E-10 1.6179E-10 1.5206E-10 1.4251E-10 1.3330E-10 1.2470E-10 1.1583E-10
9.0232E-09 6.8392E-09 4.9248E-09 3.3719E-09 2.2102E-09 1.4080E-09 9.0503E-10 6.2431E-10 4.8298E-10 4.3453E-10 4.3787E-10 4.4060E-10 4.4269E-10 4.4414E-10 4.4491E-10 4.4501E-10 4.4443E-10 4.4315E-10 4.4119E-10 4.3854E-10 4.3521E-10 4.3122E-10 4.2658E-10 4.2131E-10 4.1543E-10 4.0897E-10 4.0195E-10 3.9439E-10 3.8634E-10 3.7783E-10 3.6888E-10 3.5955E-10 3.4987E-10 3.3988E-10 3.2962E-10 3.1914E-10 3.0846E-10 2.9765E-10 2.8674E-10 2.7576E-10 2.6476E-10 2.5377E-10 2.4283E-10 2.3198E-10 2.2103E-10 2.1046E-10 1.9983E-10 1.8965E-10 1.7925E-10 1.6957E-10 1.5973E-10 1.5039E-10 1.4119E-10 1.3228E-10 1.2397E-10 1.1534E-10 1.0793E-10
1.0111E-08 7.7859E-09 5.6801E-09 3.9193E-09 2.5699E-09 1.6126E-09 1.0071E-09 6.5702E-10 4.7968E-10 4.0622E-10 4.0591E-10 4.0839E-10 4.1029E-10 4.1159E-10 4.1227E-10 4.1234E-10 4.1177E-10 4.1057E-10 4.0873E-10 4.0626E-10 4.0318E-10 3.9948E-10 3.9518E-10 3.9031E-10 3.8488E-10 3.7890E-10 3.7241E-10 3.6544E-10 3.5800E-10 3.5013E-10 3.4188E-10 3.3325E-10 3.2432E-10 3.1508E-10 3.0561E-10 2.9592E-10 2.8606E-10 2.7607E-10 2.6598E-10 2.5583E-10 2.4566E-10 2.3549E-10 2.2537E-10 2.1512E-10 2.0519E-10 1.9518E-10 1.8556E-10 1.7570E-10 1.6650E-10 1.5712E-10 1.4819E-10 1.3936E-10 1.3101E-10 1.2279E-10 1.1443E-10 1.0727E-10 9.9603E-11
1.1236E-08 8.8093E-09 6.5201E-09 4.5452E-09 2.9948E-09 1.8680E-09 1.1421E-09 7.1148E-10 4.8702E-10 3.8786E-10 3.7545E-10 3.7771E-10 3.7944E-10 3.8061E-10 3.8122E-10 3.8125E-10 3.8071E-10 3.7958E-10 3.7787E-10 3.7559E-10 3.7273E-10 3.6932E-10 3.6536E-10 3.6087E-10 3.5586E-10 3.5036E-10 3.4438E-10 3.3795E-10 3.3110E-10 3.2386E-10 3.1624E-10 3.0831E-10 3.0006E-10 2.9156E-10 2.8283E-10 2.7389E-10 2.6481E-10 2.5559E-10 2.4628E-10 2.3691E-10 2.2752E-10 2.1813E-10 2.0858E-10 1.9908E-10 1.8992E-10 1.8065E-10 1.7157E-10 1.6289E-10 1.5397E-10 1.4547E-10 1.3705E-10 1.2906E-10 1.2117E-10 1.1312E-10 1.0622E-10 9.8790E-11 9.2486E-11
1.2403E-08 9.9117E-09 7.4628E-09 5.2695E-09 3.5080E-09 2.1832E-09 1.3030E-09 7.8924E-10 5.0780E-10 3.7697E-10 3.4652E-10 3.4859E-10 3.5014E-10 3.5121E-10 3.5174E-10 3.5175E-10 3.5124E-10 3.5019E-10 3.4862E-10 3.4651E-10 3.4388E-10 3.4075E-10 3.3711E-10 3.3298E-10 3.2839E-10 3.2333E-10 3.1784E-10 3.1193E-10 3.0564E-10 2.9898E-10 2.9199E-10 2.8469E-10 2.7711E-10 2.6930E-10 2.6126E-10 2.5305E-10 2.4468E-10 2.3619E-10 2.2762E-10 2.1899E-10 2.1012E-10 2.0149E-10 1.9265E-10 1.8412E-10 1.7522E-10 1.6693E-10 1.5853E-10 1.5033E-10 1.4207E-10 1.3428E-10 1.2646E-10 1.1914E-10 1.1140E-10 1.0480E-10 9.7625E-11 9.1556E-11 8.4759E-11
1.3611E-08 1.1099E-08 8.5178E-09 6.1134E-09 4.0933E-09 2.5646E-09 1.5267E-09 8.8733E-10 5.4078E-10 3.7108E-10 3.1913E-10 3.2099E-10 3.2242E-10 3.2338E-10 3.2385E-10 3.2386E-10 3.2338E-10 3.2241E-10 3.2097E-10 3.1903E-10 3.1663E-10 3.1376E-10 3.1043E-10 3.0665E-10 3.0244E-10 2.9781E-10 2.9278E-10 2.8737E-10 2.8160E-10 2.7550E-10 2.6909E-10 2.6239E-10 2.5545E-10 2.4827E-10 2.4090E-10 2.3336E-10 2.2567E-10 2.1788E-10 2.0999E-10 2.0185E-10 1.9391E-10 1.8574E-10 1.7784E-10 1.6954E-10 1.6180E-10 1.5372E-10 1.4623E-10 1.3823E-10 1.3108E-10 1.2366E-10 1.1670E-10 1.0931E-10 1.0301E-10 9.6120E-11 9.0304E-11 8.3734E-11 7.8433E-11
