Assets/Resources/2015_m01_d05_0800(utc+0800)_l00_csi_1hr_conc.grd
DSAA
         159         159
     -79.000      79.000
     -79.000      79.000
  0.1760E-09  0.1022E-04
[rows 0 to 24 of 159, columns 57 to 113 of 159]
2.6067E-09 2.5572E-09 2.5061E-09 2.4536E-09 2.3943E-09 2.3397E-09 2.2843E-09 2.2280E-09 2.1711E-09 2.1137E-09 2.0561E-09 1.9983E-09 1.9368E-09 1.8797E-09 1.8229E-09 1.7634E-09 1.7079E-09 1.6495E-09 1.5933E-09 1.5366E-09 1.4831E-09 1.4341E-09 1.3873E-09 1.3369E-09 1.2887E-09 1.2303E-09 1.1523E-09 1.0946E-09 1.0609E-09 1.0273E-09 1.0025E-09 9.8529E-10 9.6933E-10 9.5345E-10 9.3766E-10 9.2197E-10 9.0639E-10 8.9092E-10 8.7557E-10 8.6034E-10 8.4523E-10 8.3027E-10 8.1544E-10 8.0076E-10 7.8622E-10 7.7184E-10 7.5761E-10 7.4354E-10 7.2963E-10 7.1589E-10 7.0232E-10 6.8891E-10 6.7567E-10 6.6261E-10 6.4971E-10 6.3700E-10 6.2446E-10
2.6938E-09 2.6427E-09 2.5900E-09 2.5356E-09 2.4799E-09 2.4230E-09 2.3650E-09 2.3061E-09 2.2465E-09 2.1815E-09 2.1168E-09 2.0567E-09 1.9966E-09 1.9367E-09 1.8772E-09 1.8183E-09 1.7568E-09 1.6992E-09 1.6382E-09 1.5777E-09 1.5213E-09 1.4698E-09 1.4182E-09 1.3671E-09 1.3155E-09 1.2543E-09 1.1846E-09 1.1133E-09 1.0756E-09 1.0431E-09 1.0139E-09 9.9529E-10 9.7918E-10 9.6315E-10 9.4722E-10 9.3138E-10 9.1565E-10 9.0004E-10 8.8454E-10 8.6916E-10 8.5392E-10 8.3881E-10 8.2385E-10 8.0902E-10 7.9435E-10 7.7983E-10 7.6546E-10 7.5126E-10 7.3722E-10 7.2334E-10 7.0963E-10 6.9610E-10 6.8273E-10 6.6953E-10 6.5652E-10 6.4368E-10 6.3101E-10
2.7984E-09 2.7394E-09 2.6849E-09 2.6284E-09 2.5638E-09 2.5047E-09 2.4386E-09 2.3775E-09 2.3157E-09 2.2532E-09 2.1902E-09 2.1270E-09 2.0638E-09 2.0007E-09 1.9306E-09 1.8690E-09 1.8082E-09 1.7481E-09 1.6878E-09 1.6256E-09 1.5647E-09 1.5059E-09 1.4539E-09 1.3982E-09 1.3510E-09 1.2991E-09 1.2285E-09 1.1445E-09 1.0929E-09 1.0567E-09 1.0266E-09 1.0052E-09 9.8892E-10 9.7275E-10 9.5667E-10 9.4069E-10 9.2482E-10 9.0906E-10 8.9342E-10 8.7791E-10 8.6252E-10 8.4728E-10 8.3217E-10 8.1721E-10 8.0240E-10 7.8775E-10 7.7325E-10 7.5891E-10 7.4474E-10 7.3073E-10 7.1689E-10 7.0323E-10 6.8973E-10 6.7641E-10 6.6327E-10 6.5030E-10 6.3752E-10
2.8881E-09 2.8339E-09 2.7776E-09 2.7193E-09 2.6592E-09 2.5975E-09 2.5346E-09 2.4704E-09 2.4053E-09 2.3395E-09 2.2678E-09 2.1917E-09 2.1258E-09 2.0600E-09 1.9945E-09 1.9295E-09 1.8653E-09 1.7956E-09 1.7336E-09 1.6714E-09 1.6077E-09 1.5477E-09 1.4904E-09 1.4356E-09 1.3805E-09 1.3259E-09 1.2633E-09 1.1831E-09 1.1095E-09 1.0730E-09 1.0406E-09 1.0149E-09 9.9854E-10 9.8223E-10 9.6601E-10 9.4989E-10 9.3388E-10 9.1798E-10 9.0220E-10 8.8655E-10 8.7103E-10 8.5565E-10 8.4041E-10 8.2532E-10 8.1038E-10 7.9559E-10 7.8096E-10 7.6649E-10 7.5219E-10 7.3806E-10 7.2409E-10 7.1030E-10 6.9668E-10 6.8323E-10 6.6997E-10 6.5688E-10 6.4397E-10
3.0060E-09 2.9502E-09 2.8920E-09 2.8315E-09 2.7687E-09 2.7041E-09 2.6312E-09 2.5500E-09 2.4825E-09 2.4140E-09 2.3449E-09 2.2754E-09 2.2057E-09 2.1360E-09 2.0623E-09 1.9857E-09 1.9186E-09 1.8524E-09 1.7869E-09 1.7193E-09 1.6532E-09 1.5884E-09 1.5263E-09 1.4711E-09 1.4102E-09 1.3608E-09 1.3068E-09 1.2265E-09 1.1374E-09 1.0897E-09 1.0535E-09 1.0271E-09 1.0080E-09 9.9159E-10 9.7523E-10 9.5898E-10 9.4283E-10 9.2680E-10 9.1088E-10 8.9510E-10 8.7945E-10 8.6393E-10 8.4856E-10 8.3334E-10 8.1827E-10 8.0335E-10 7.8859E-10 7.7400E-10 7.5957E-10 7.4531E-10 7.3122E-10 7.1730E-10 7.0356E-10 6.9000E-10 6.7661E-10 6.6340E-10 6.5037E-10
3.1057E-09 3.0483E-09 2.9882E-09 2.9257E-09 2.8608E-09 2.7941E-09 2.7256E-09 2.6556E-09 2.5845E-09 2.5122E-09 2.4392E-09 2.3656E-09 2.2803E-09 2.2023E-09 2.1298E-09 2.0577E-09 1.9863E-09 1.9161E-09 1.8368E-09 1.7695E-09 1.7030E-09 1.6329E-09 1.5692E-09 1.5068E-09 1.4515E-09 1.3909E-09 1.3341E-09 1.2646E-09 1.1728E-09 1.1043E-09 1.0691E-09 1.0368E-09 1.0174E-09 1.0008E-09 9.8434E-10 9.6794E-10 9.5166E-10 9.3550E-10 9.1946E-10 9.0354E-10 8.8776E-10 8.7212E-10 8.5662E-10 8.4127E-10 8.2607E-10 8.1103E-10 7.9615E-10 7.8143E-10 7.6687E-10 7.5249E-10 7.3828E-10 7.2424E-10 7.1038E-10 6.9669E-10 6.8319E-10 6.6986E-10 6.5672E-10
3.2358E-09 3.1768E-09 3.1148E-09 3.0502E-09 2.9829E-09 2.9134E-09 2.8416E-09 2.7607E-09 2.6709E-09 2.5959E-09 2.5199E-09 2.4432E-09 2.3662E-09 2.2889E-09 2.2118E-09 2.1299E-09 2.0460E-09 1.9724E-09 1.9001E-09 1.8284E-09 1.7552E-09 1.6816E-09 1.6103E-09 1.5421E-09 1.4841E-09 1.4202E-09 1.3667E-09 1.3036E-09 1.2202E-09 1.1287E-09 1.0838E-09 1.0491E-09 1.0266E-09 1.0099E-09 9.9331E-10 9.7679E-10 9.6038E-10 9.4409E-10 9.2792E-10 9.1188E-10 8.9597E-10 8.8020E-10 8.6458E-10 8.4910E-10 8.3378E-10 8.1862E-10 8.0361E-10 7.8877E-10 7.7410E-10 7.5960E-10 7.4526E-10 7.3111E-10 7.1713E-10 7.0333E-10 6.8970E-10 6.7626E-10 6.6301E-10
3.3607E-09 3.2997E-09 3.2355E-09 3.1681E-09 3.0978E-09 3.0247E-09 2.9492E-09 2.8716E-09 2.7859E-09 2.7067E-09 2.6265E-09 2.5453E-09 2.4637E-09 2.3692E-09 2.2829E-09 2.2026E-09 2.1231E-09 2.0446E-09 1.9633E-09 1.8812E-09 1.8076E-09 1.7357E-09 1.6569E-09 1.5883E-09 1.5201E-09 1.4622E-09 1.3988E-09 1.3398E-09 1.2577E-09 1.1706E-09 1.0984E-09 1.0641E-09 1.0357E-09 1.0189E-09 1.0021E-09 9.8550E-10 9.6897E-10 9.5256E-10 9.3626E-10 9.2010E-10 9.0407E-10 8.8818E-10 8.7243E-10 8.5684E-10 8.4139E-10 8.2611E-10 8.1099E-10 7.9603E-10 7.8124E-10 7.6662E-10 7.5217E-10 7.3790E-10 7.2380E-10 7.0989E-10 6.9615E-10 6.8260E-10 6.6924E-10
3.4910E-09 3.4278E-09 3.3611E-09 3.2909E-09 3.2188E-09 3.1436E-09 3.0658E-09 2.9859E-09 2.9042E-09 2.8208E-09 2.7275E-09 2.6416E-09 2.5476E-09 2.4619E-09 2.3762E-09 2.2907E-09 2.2060E-09 2.1126E-09 2.0272E-09 1.9476E-09 1.8698E-09 1.7868E-09 1.7083E-09 1.6315E-09 1.5558E-09 1.4949E-09 1.4281E-09 1.3697E-09 1.3029E-09 1.1981E-09 1.1307E-09 1.0738E-09 1.0475E-09 1.0277E-09 1.0109E-09 9.9408E-10 9.7743E-10 9.6090E-10 9.4448E-10 9.2820E-10 9.1205E-10 8.9604E-10 8.8018E-10 8.6447E-10 8.4891E-10 8.3351E-10 8.1827E-10 8.0320E-10 7.8829E-10 7.7356E-10 7.5899E-10 7.4461E-10 7.3040E-10 7.1637E-10 7.0253E-10 6.8887E-10 6.7539E-10
3.6237E-09 3.5599E-09 3.4924E-09 3.4212E-09 3.3464E-09 3.2681E-09 3.1867E-09 3.1020E-09 3.0133E-09 2.9243E-09 2.8350E-09 2.7446E-09 2.6543E-09 2.5634E-09 2.4652E-09 2.3693E-09 2.2784E-09 2.1906E-09 2.1042E-09 2.0196E-09 1.9253E-09 1.8449E-09 1.7640E-09 1.6751E-09 1.6055E-09 1.5311E-09 1.4707E-09 1.4048E-09 1.3381E-09 1.2480E-09 1.1599E-09 1.0907E-09 1.0565E-09 1.0364E-09 1.0194E-09 1.0025E-09 9.8576E-10 9.6910E-10 9.5258E-10 9.3618E-10 9.1991E-10 9.0379E-10 8.8781E-10 8.7199E-10 8.5632E-10 8.4080E-10 8.2545E-10 8.1027E-10 7.9525E-10 7.8041E-10 7.6573E-10 7.5124E-10 7.3692E-10 7.2279E-10 7.0883E-10 6.9507E-10 6.8149E-10
3.7602E-09 3.6940E-09 3.6237E-09 3.5497E-09 3.4717E-09 3.3908E-09 3.3075E-09 3.2216E-09 3.1333E-09 3.0430E-09 2.9509E-09 2.8573E-09 2.7593E-09 2.6618E-09 2.5645E-09 2.4666E-09 2.3695E-09 2.2760E-09 2.1743E-09 2.0828E-09 1.9957E-09 1.9105E-09 1.8204E-09 1.7301E-09 1.6461E-09 1.5670E-09 1.5036E-09 1.4344E-09 1.3709E-09 1.2816E-09 1.1859E-09 1.1344E-09 1.0682E-09 1.0449E-09 1.0278E-09 1.0108E-09 9.9394E-10 9.7718E-10 9.6054E-10 9.4403E-10 9.2765E-10 9.1142E-10 8.9533E-10 8.7940E-10 8.6362E-10 8.4799E-10 8.3253E-10 8.1724E-10 8.0212E-10 7.8716E-10 7.7238E-10 7.5778E-10 7.4336E-10 7.2912E-10 7.1506E-10 7.0119E-10 6.8751E-10
3.9025E-09 3.8352E-09 3.7637E-09 3.6881E-09 3.6085E-09 3.5252E-09 3.4387E-09 3.3491E-09 3.2566E-09 3.1598E-09 3.0615E-09 2.9639E-09 2.8650E-09 2.7652E-09 2.6649E-09 2.5617E-09 2.4621E-09 2.3603E-09 2.2627E-09 2.1607E-09 2.0658E-09 1.9684E-09 1.8811E-09 1.7908E-09 1.6900E-09 1.6150E-09 1.5399E-09 1.4717E-09 1.4060E-09 1.3338E-09 1.2186E-09 1.1518E-09 1.0957E-09 1.0533E-09 1.0361E-09 1.0190E-09 1.0020E-09 9.8511E-10 9.6836E-10 9.5174E-10 9.3526E-10 9.1892E-10 9.0273E-10 8.8669E-10 8.7080E-10 8.5507E-10 8.3951E-10 8.2411E-10 8.0888E-10 7.9382E-10 7.7894E-10 7.6423E-10 7.4971E-10 7.3536E-10 7.2120E-10 7.0723E-10 6.9345E-10
4.0512E-09 3.9817E-09 3.9081E-09 3.8299E-09 3.7473E-09 3.6609E-09 3.5711E-09 3.4789E-09 3.3838E-09 3.2860E-09 3.1860E-09 3.0840E-09 2.9804E-09 2.8729E-09 2.7654E-09 2.6586E-09 2.5539E-09 2.4501E-09 2.3447E-09 2.2443E-09 2.1397E-09 2.0447E-09 1.9484E-09 1.8423E-09 1.7493E-09 1.6588E-09 1.5759E-09 1.5097E-09 1.4378E-09 1.3656E-09 1.2591E-09 1.1678E-09 1.1295E-09 1.0615E-09 1.0442E-09 1.0270E-09 1.0099E-09 9.9289E-10 9.7605E-10 9.5933E-10 9.4274E-10 9.2630E-10 9.1000E-10 8.9386E-10 8.7787E-10 8.6204E-10 8.4637E-10 8.3087E-10 8.1554E-10 8.0038E-10 7.8540E-10 7.7059E-10 7.5597E-10 7.4152E-10 7.2726E-10 7.1319E-10 6.9931E-10
4.2082E-09 4.1376E-09 4.0624E-09 3.9824E-09 3.8980E-09 3.8083E-09 3.7142E-09 3.6187E-09 3.5199E-09 3.4183E-09 3.3127E-09 3.2040E-09 3.0958E-09 2.9863E-09 2.8760E-09 2.7655E-09 2.6519E-09 2.5426E-09 2.4311E-09 2.3251E-09 2.2148E-09 2.1145E-09 2.0136E-09 1.9192E-09 1.8161E-09 1.7024E-09 1.6211E-09 1.5454E-09 1.4723E-09 1.4019E-09 1.3081E-09 1.1965E-09 1.1463E-09 1.1110E-09 1.0521E-09 1.0348E-09 1.0176E-09 1.0005E-09 9.8358E-10 9.6676E-10 9.5008E-10 9.3354E-10 9.1715E-10 9.0091E-10 8.8482E-10 8.6889E-10 8.5313E-10 8.3753E-10 8.2210E-10 8.0684E-10 7.9176E-10 7.7686E-10 7.6213E-10 7.4759E-10 7.3324E-10 7.1907E-10 7.0509E-10
4.3732E-09 4.3007E-09 4.2230E-09 4.1407E-09 4.0537E-09 3.9622E-09 3.8663E-09 3.7663E-09 3.6638E-09 3.5570E-09 3.4460E-09 3.3349E-09 3.2218E-09 3.1071E-09 2.9898E-09 2.8719E-09 2.7560E-09 2.6409E-09 2.5270E-09 2.4118E-09 2.3023E-09 2.1883E-09 2.0825E-09 1.9827E-09 1.8743E-09 1.7691E-09 1.6777E-09 1.5817E-09 1.5101E-09 1.4354E-09 1.3509E-09 1.2290E-09 1.1611E-09 1.1270E-09 1.0689E-09 1.0425E-09 1.0252E-09 1.0080E-09 9.9097E-10 9.7406E-10 9.5728E-10 9.4065E-10 9.2416E-10 9.0783E-10 8.9164E-10 8.7562E-10 8.5976E-10 8.4407E-10 8.2854E-10 8.1319E-10 7.9802E-10 7.8302E-10 7.6820E-10 7.5357E-10 7.3912E-10 7.2486E-10 7.1077E-10
4.5611E-09 4.4870E-09 4.4073E-09 4.3222E-09 4.2212E-09 4.1275E-09 4.0284E-09 3.9236E-09 3.8168E-09 3.7069E-09 3.5935E-09 3.4766E-09 3.3553E-09 3.2316E-09 3.1104E-09 2.9886E-09 2.8667E-09 2.7437E-09 2.6219E-09 2.5038E-09 2.3881E-09 2.2682E-09 2.1592E-09 2.0526E-09 1.9424E-09 1.8389E-09 1.7242E-09 1.6339E-09 1.5575E-09 1.4692E-09 1.3908E-09 1.2723E-09 1.1776E-09 1.1413E-09 1.1097E-09 1.0500E-09 1.0326E-09 1.0153E-09 9.9821E-10 9.8120E-10 9.6434E-10 9.4762E-10 9.3104E-10 9.1461E-10 8.9834E-10 8.8223E-10 8.6627E-10 8.5049E-10 8.3488E-10 8.1944E-10 8.0417E-10 7.8908E-10 7.7417E-10 7.5945E-10 7.4491E-10 7.3056E-10 7.1635E-10
4.7568E-09 4.6799E-09 4.5969E-09 4.4972E-09 4.4049E-09 4.3075E-09 4.2052E-09 4.0890E-09 3.9787E-09 3.8644E-09 3.7461E-09 3.6213E-09 3.4975E-09 3.3716E-09 3.2443E-09 3.1122E-09 2.9807E-09 2.8532E-09 2.7267E-09 2.6019E-09 2.4761E-09 2.3571E-09 2.2376E-09 2.1234E-09 2.0164E-09 1.8989E-09 1.7819E-09 1.6866E-09 1.5955E-09 1.5174E-09 1.4366E-09 1.3077E-09 1.2034E-09 1.1570E-09 1.1270E-09 1.0790E-09 1.0398E-09 1.0225E-09 1.0053E-09 9.8820E-10 9.7124E-10 9.5443E-10 9.3777E-10 9.2126E-10 9.0490E-10 8.8870E-10 8.7266E-10 8.5679E-10 8.4109E-10 8.2556E-10 8.1021E-10 7.9503E-10 7.8004E-10 7.6523E-10 7.5060E-10 7.3614E-10 7.2184E-10
4.9833E-09 4.9017E-09 4.8034E-09 4.7124E-09 4.6156E-09 4.5011E-09 4.3856E-09 4.2745E-09 4.1568E-09 4.0355E-09 3.9045E-09 3.7780E-09 3.6485E-09 3.5166E-09 3.3794E-09 3.2448E-09 3.1098E-09 2.9716E-09 2.8382E-09 2.7028E-09 2.5736E-09 2.4476E-09 2.3175E-09 2.2004E-09 2.0869E-09 1.9663E-09 1.8566E-09 1.7384E-09 1.6387E-09 1.5591E-09 1.4735E-09 1.3726E-09 1.2286E-09 1.1731E-09 1.1388E-09 1.1090E-09 1.0522E-09 1.0295E-09 1.0122E-09 9.9503E-10 9.7800E-10 9.6111E-10 9.4436E-10 9.2777E-10 9.1133E-10 8.9505E-10 8.7893E-10 8.6297E-10 8.4719E-10 8.3158E-10 8.1614E-10 8.0088E-10 7.8580E-10 7.7090E-10 7.5619E-10 7.4163E-10 7.2723E-10
5.2095E-09 5.1249E-09 5.0308E-09 4.9308E-09 4.8270E-09 4.7106E-09 4.5948E-09 4.4781E-09 4.3562E-09 4.2135E-09 4.0844E-09 3.9512E-09 3.8109E-09 3.6669E-09 3.5269E-09 3.3854E-09 3.2397E-09 3.0979E-09 2.9569E-09 2.8142E-09 2.6776E-09 2.5405E-09 2.4117E-09 2.2826E-09 2.1587E-09 2.0440E-09 1.9194E-09 1.7948E-09 1.6925E-09 1.6009E-09 1.5164E-09 1.4281E-09 1.2786E-09 1.1938E-09 1.1555E-09 1.1232E-09 1.0798E-09 1.0363E-09 1.0189E-09 1.0017E-09 9.8460E-10 9.6763E-10 9.5081E-10 9.3413E-10 9.1762E-10 9.0125E-10 8.8506E-10 8.6902E-10 8.5316E-10 8.3747E-10 8.2195E-10 8.0661E-10 7.9145E-10 7.7647E-10 7.6166E-10 7.4700E-10 7.3251E-10
5.4422E-09 5.3575E-09 5.2652E-09 5.1652E-09 5.0597E-09 4.9435E-09 4.8208E-09 4.6982E-09 4.5599E-09 4.4182E-09 4.2790E-09 4.1247E-09 3.9822E-09 3.8308E-09 3.6839E-09 3.5313E-09 3.3818E-09 3.2323E-09 3.0831E-09 2.9328E-09 2.7881E-09 2.6438E-09 2.5073E-09 2.3666E-09 2.2393E-09 2.1171E-09 1.9831E-09 1.8637E-09 1.7452E-09 1.6467E-09 1.5586E-09 1.4707E-09 1.3370E-09 1.2167E-09 1.1773E-09 1.1381E-09 1.1041E-09 1.0543E-09 1.0255E-09 1.0082E-09 9.9103E-10 9.7399E-10 9.5710E-10 9.4035E-10 9.2376E-10 9.0733E-10 8.9105E-10 8.7494E-10 8.5901E-10 8.4324E-10 8.2764E-10 8.1222E-10 7.9698E-10 7.8193E-10 7.6702E-10 7.5227E-10 7.3769E-10
5.7077E-09 5.6202E-09 5.5235E-09 5.4186E-09 5.2966E-09 5.1797E-09 5.0575E-09 4.9247E-09 4.7766E-09 4.6375E-09 4.4879E-09 4.3396E-09 4.1719E-09 4.0155E-09 3.8468E-09 3.6908E-09 3.5334E-09 3.3756E-09 3.2148E-09 3.0594E-09 2.9044E-09 2.7538E-09 2.6089E-09 2.4600E-09 2.3250E-09 2.1918E-09 2.0690E-09 1.9360E-09 1.8017E-09 1.6951E-09 1.6030E-09 1.5104E-09 1.3744E-09 1.2473E-09 1.1960E-09 1.1613E-09 1.1235E-09 1.0793E-09 1.0319E-09 1.0146E-09 9.9731E-10 9.8020E-10 9.6324E-10 9.4642E-10 9.2976E-10 9.1326E-10 8.9691E-10 8.8073E-10 8.6472E-10 8.4888E-10 8.3321E-10 8.1772E-10 8.0241E-10 7.8726E-10 7.7226E-10 7.5743E-10 7.4277E-10
5.9904E-09 5.8884E-09 5.7872E-09 5.6817E-09 5.5674E-09 5.4470E-09 5.3141E-09 5.1644E-09 5.0243E-09 4.8753E-09 4.7075E-09 4.5400E-09 4.3747E-09 4.2129E-09 4.0272E-09 3.8606E-09 3.6907E-09 3.5246E-09 3.3589E-09 3.1944E-09 3.0290E-09 2.8713E-09 2.7139E-09 2.5646E-09 2.4123E-09 2.2752E-09 2.1444E-09 2.0011E-09 1.8669E-09 1.7478E-09 1.6495E-09 1.5520E-09 1.4350E-09 1.2844E-09 1.2177E-09 1.1765E-09 1.1453E-09 1.1023E-09 1.0509E-09 1.0207E-09 1.0034E-09 9.8625E-10 9.6922E-10 9.5234E-10 9.3561E-10 9.1904E-10 9.0263E-10 8.8638E-10 8.7030E-10 8.5439E-10 8.3865E-10 8.2309E-10 8.0771E-10 7.9247E-10 7.7739E-10 7.6247E-10 7.4773E-10
6.3218E-09 6.2298E-09 6.1274E-09 5.9902E-09 5.8720E-09 5.7275E-09 5.5842E-09 5.4399E-09 5.2889E-09 5.1175E-09 4.9506E-09 4.7803E-09 4.6075E-09 4.4095E-09 4.2365E-09 4.0490E-09 3.8686E-09 3.6877E-09 3.5127E-09 3.3348E-09 3.1641E-09 2.9962E-09 2.8297E-09 2.6711E-09 2.5092E-09 2.3623E-09 2.2210E-09 2.0781E-09 1.9410E-09 1.8050E-09 1.6944E-09 1.6001E-09 1.4848E-09 1.3260E-09 1.2399E-09 1.1998E-09 1.1602E-09 1.1199E-09 1.0783E-09 1.0275E-09 1.0094E-09 9.9213E-10 9.7504E-10 9.5810E-10 9.4131E-10 9.2468E-10 9.0820E-10 8.9190E-10 8.7575E-10 8.5978E-10 8.4397E-10 8.2834E-10 8.1288E-10 7.9756E-10 7.8239E-10 7.6740E-10 7.5258E-10
6.6588E-09 6.5569E-09 6.4393E-09 6.3157E-09 6.1931E-09 6.0610E-09 5.9196E-09 5.7650E-09 5.5700E-09 5.3991E-09 5.2214E-09 5.0403E-09 4.8348E-09 4.6469E-09 4.4553E-09 4.2450E-09 4.0544E-09 3.8688E-09 3.6781E-09 3.4890E-09 3.3086E-09 3.1269E-09 2.9536E-09 2.7815E-09 2.6187E-09 2.4542E-09 2.3059E-09 2.1630E-09 2.0156E-09 1.8666E-09 1.7479E-09 1.6469E-09 1.5428E-09 1.3880E-09 1.2607E-09 1.2175E-09 1.1784E-09 1.1428E-09 1.0954E-09 1.0520E-09 1.0164E-09 9.9783E-10 9.8070E-10 9.6370E-10 9.4685E-10 9.3017E-10 9.1363E-10 8.9726E-10 8.8106E-10 8.6502E-10 8.4915E-10 8.3346E-10 8.1792E-10 8.0251E-10 7.8728E-10 7.7221E-10 7.5732E-10
7.0608E-09 6.9620E-09 6.8519E-09 6.7308E-09 6.5988E-09 6.4081E-09 6.2439E-09 6.0702E-09 5.8979E-09 5.7239E-09 5.5395E-09 5.3176E-09 5.1134E-09 4.9106E-09 4.6809E-09 4.4841E-09 4.2650E-09 4.0586E-09 3.8551E-09 3.6608E-09 3.4631E-09 3.2703E-09 3.0860E-09 2.9030E-09 2.7301E-09 2.5542E-09 2.3956E-09 2.2446E-09 2.0831E-09 1.9338E-09 1.8058E-09 1.6919E-09 1.5912E-09 1.4439E-09 1.3002E-09 1.2410E-09 1.1981E-09 1.1577E-09 1.1178E-09 1.0743E-09 1.0289E-09 1.0049E-09 9.8618E-10 9.6914E-10 9.5224E-10 9.3550E-10 9.1892E-10 9.0249E-10 8.8623E-10 8.7013E-10 8.5420E-10 8.3845E-10 8.2282E-10 8.0734E-10 7.9204E-10 7.7690E-10 7.6193E-10
