Assets/Resources/2015_m01_d14_0400(utc+0800)_l00_csi_1hr_conc.grd
DSAA
         159         159
     -79.000      79.000
     -79.000      79.000
  0.0000E+00  0.1999E-05
[rows 25 to 49 of 159, columns 0 to 56 of 159]
2.6440E-09 2.7115E-09 2.7737E-09 2.8342E-09 2.8927E-09 2.9521E-09 3.0067E-09 3.0588E-09 3.1084E-09 3.1552E-09 3.2023E-09 3.2436E-09 3.2817E-09 3.3204E-09 3.3524E-09 3.3808E-09 3.4096E-09 3.4313E-09 3.4492E-09 3.4674E-09 3.4782E-09 3.4852E-09 3.4922E-09 3.4919E-09 3.4877E-09 3.4796E-09 3.4734E-09 3.4583E-09 3.4394E-09 3.4168E-09 3.3905E-09 3.3606E-09 3.3332E-09 3.2970E-09 3.2575E-09 3.2148E-09 3.1690E-09 3.1201E-09 3.0684E-09 3.0198E-09 2.9633E-09 2.9043E-09 2.8429E-09 2.7794E-09 2.7138E-09 2.6464E-09 2.5772E-09 2.5064E-09 2.4342E-09 2.3608E-09 2.2843E-09 2.2065E-09 2.1280E-09 2.0490E-09 1.9705E-09 1.8925E-09 1.8153E-09
2.7198E-09 2.7903E-09 2.8552E-09 2.9183E-09 2.9824E-09 3.0418E-09 3.0991E-09 3.1539E-09 3.2061E-09 3.2587E-09 3.3056E-09 3.3495E-09 3.3941E-09 3.4320E-09 3.4664E-09 3.5013E-09 3.5291E-09 3.5532E-09 3.5775E-09 3.5945E-09 3.6076E-09 3.6208E-09 3.6265E-09 3.6282E-09 3.6312E-09 3.6256E-09 3.6162E-09 3.6028E-09 3.5855E-09 3.5644E-09 3.5451E-09 3.5171E-09 3.4855E-09 3.4503E-09 3.4117E-09 3.3697E-09 3.3244E-09 3.2817E-09 3.2308E-09 3.1769E-09 3.1203E-09 3.0610E-09 2.9992E-09 2.9350E-09 2.8685E-09 2.7999E-09 2.7293E-09 2.6570E-09 2.5830E-09 2.5076E-09 2.4287E-09 2.3484E-09 2.2671E-09 2.1853E-09 2.1037E-09 2.0226E-09 1.9417E-09
2.7988E-09 2.8678E-09 2.9353E-09 3.0039E-09 3.0682E-09 3.1304E-09 3.1903E-09 3.2478E-09 3.3059E-09 3.3585E-09 3.4081E-09 3.4586E-09 3.5025E-09 3.5430E-09 3.5841E-09 3.6182E-09 3.6486E-09 3.6792E-09 3.7026E-09 3.7221E-09 3.7417E-09 3.7538E-09 3.7619E-09 3.7712E-09 3.7718E-09 3.7685E-09 3.7611E-09 3.7497E-09 3.7343E-09 3.7207E-09 3.6981E-09 3.6718E-09 3.6416E-09 3.6077E-09 3.5702E-09 3.5292E-09 3.4910E-09 3.4438E-09 3.3935E-09 3.3400E-09 3.2835E-09 3.2242E-09 3.1621E-09 3.0975E-09 3.0303E-09 2.9608E-09 2.8891E-09 2.8153E-09 2.7397E-09 2.6623E-09 2.5812E-09 2.4986E-09 2.4146E-09 2.3300E-09 2.2453E-09 2.1610E-09 2.0764E-09
2.8720E-09 2.9436E-09 3.0166E-09 3.0854E-09 3.1524E-09 3.2174E-09 3.2801E-09 3.3435E-09 3.4017E-09 3.4571E-09 3.5133E-09 3.5632E-09 3.6100E-09 3.6572E-09 3.6977E-09 3.7346E-09 3.7717E-09 3.8017E-09 3.8278E-09 3.8540E-09 3.8728E-09 3.8875E-09 3.9035E-09 3.9107E-09 3.9139E-09 3.9130E-09 3.9079E-09 3.8988E-09 3.8915E-09 3.8749E-09 3.8543E-09 3.8298E-09 3.8014E-09 3.7691E-09 3.7390E-09 3.7000E-09 3.6574E-09 3.6113E-09 3.5618E-09 3.5090E-09 3.4530E-09 3.3940E-09 3.3319E-09 3.2670E-09 3.1994E-09 3.1292E-09 3.0566E-09 2.9816E-09 2.9046E-09 2.8252E-09 2.7421E-09 2.6573E-09 2.5708E-09 2.4835E-09 2.3956E-09 2.3081E-09 2.2199E-09
2.9433E-09 3.0176E-09 3.0935E-09 3.1652E-09 3.2350E-09 3.3027E-09 3.3713E-09 3.4349E-09 3.4959E-09 3.5542E-09 3.6137E-09 3.6666E-09 3.7200E-09 3.7669E-09 3.8104E-09 3.8541E-09 3.8908E-09 3.9237E-09 3.9567E-09 3.9824E-09 4.0040E-09 4.0269E-09 4.0411E-09 4.0512E-09 4.0571E-09 4.0589E-09 4.0564E-09 4.0558E-09 4.0458E-09 4.0317E-09 4.0134E-09 3.9911E-09 3.9647E-09 3.9406E-09 3.9071E-09 3.8698E-09 3.8288E-09 3.7841E-09 3.7358E-09 3.6840E-09 3.6288E-09 3.5703E-09 3.5086E-09 3.4438E-09 3.3760E-09 3.3053E-09 3.2414E-09 3.1663E-09 3.0887E-09 3.0084E-09 2.9243E-09 2.8381E-09 2.7499E-09 2.6607E-09 2.5705E-09 2.4804E-09 2.3890E-09
3.0125E-09 3.0924E-09 3.1684E-09 3.2428E-09 3.3154E-09 3.3889E-09 3.4578E-09 3.5243E-09 3.5882E-09 3.6536E-09 3.7125E-09 3.7684E-09 3.8253E-09 3.8753E-09 3.9218E-09 3.9691E-09 4.0089E-09 4.0457E-09 4.0816E-09 4.1104E-09 4.1403E-09 4.1617E-09 4.1790E-09 4.1922E-09 4.2011E-09 4.2058E-09 4.2124E-09 4.2094E-09 4.2022E-09 4.1908E-09 4.1751E-09 4.1553E-09 4.1378E-09 4.1106E-09 4.0794E-09 4.0442E-09 4.0050E-09 3.9621E-09 3.9153E-09 3.8706E-09 3.8173E-09 3.7604E-09 3.7001E-09 3.6365E-09 3.5697E-09 3.4998E-09 3.4269E-09 3.3511E-09 3.2727E-09 3.1910E-09 3.1055E-09 3.0175E-09 2.9272E-09 2.8356E-09 2.7426E-09 2.6495E-09 2.5544E-09
3.0821E-09 3.1622E-09 3.2409E-09 3.3181E-09 3.3935E-09 3.4702E-09 3.5420E-09 3.6115E-09 3.6824E-09 3.7472E-09 3.8092E-09 3.8724E-09 3.9288E-09 3.9820E-09 4.0359E-09 4.0827E-09 4.1258E-09 4.1695E-09 4.2056E-09 4.2376E-09 4.2716E-09 4.2964E-09 4.3170E-09 4.3335E-09 4.3456E-09 4.3598E-09 4.3642E-09 4.3644E-09 4.3603E-09 4.3519E-09 4.3451E-09 4.3290E-09 4.3087E-09 4.2842E-09 4.2555E-09 4.2228E-09 4.1860E-09 4.1506E-09 4.1065E-09 4.0585E-09 4.0068E-09 3.9513E-09 3.8982E-09 3.8362E-09 3.7708E-09 3.7020E-09 3.6300E-09 3.5549E-09 3.4767E-09 3.3950E-09 3.3093E-09 3.2207E-09 3.1295E-09 3.0366E-09 2.9418E-09 2.8466E-09 2.7488E-09
3.1467E-09 3.2294E-09 3.3109E-09 3.3908E-09 3.4721E-09 3.5490E-09 3.6237E-09 3.6999E-09 3.7705E-09 3.8385E-09 3.9076E-09 3.9704E-09 4.0302E-09 4.0907E-09 4.1444E-09 4.1946E-09 4.2454E-09 4.2887E-09 4.3283E-09 4.3696E-09 4.4021E-09 4.4304E-09 4.4546E-09 4.4746E-09 4.4965E-09 4.5088E-09 4.5168E-09 4.5205E-09 4.5198E-09 4.5208E-09 4.5123E-09 4.4995E-09 4.4824E-09 4.4610E-09 4.4354E-09 4.4055E-09 4.3771E-09 4.3396E-09 4.2979E-09 4.2522E-09 4.2082E-09 4.1553E-09 4.0986E-09 4.0381E-09 3.9738E-09 3.9059E-09 3.8345E-09 3.7596E-09 3.6813E-09 3.5991E-09 3.5127E-09 3.4231E-09 3.3303E-09 3.2356E-09 3.1385E-09 3.0405E-09 2.9393E-09
3.2083E-09 3.2937E-09 3.3779E-09 3.4636E-09 3.5451E-09 3.6248E-09 3.7025E-09 3.7822E-09 3.8559E-09 3.9309E-09 3.9999E-09 4.0660E-09 4.1330E-09 4.1935E-09 4.2507E-09 4.3085E-09 4.3592E-09 4.4062E-09 4.4550E-09 4.4952E-09 4.5314E-09 4.5635E-09 4.5915E-09 4.6214E-09 4.6418E-09 4.6580E-09 4.6698E-09 4.6773E-09 4.6865E-09 4.6861E-09 4.6814E-09 4.6723E-09 4.6588E-09 4.6409E-09 4.6239E-09 4.5980E-09 4.5678E-09 4.5334E-09 4.4946E-09 4.4577E-09 4.4113E-09 4.3608E-09 4.3063E-09 4.2535E-09 4.1917E-09 4.1260E-09 4.0564E-09 3.9831E-09 3.9062E-09 3.8249E-09 3.7394E-09 3.6502E-09 3.5575E-09 3.4623E-09 3.3644E-09 3.2648E-09 3.1617E-09
3.2669E-09 3.3550E-09 3.4418E-09 3.5305E-09 3.6149E-09 3.6976E-09 3.7822E-09 3.8614E-09 3.9383E-09 4.0168E-09 4.0891E-09 4.1586E-09 4.2295E-09 4.2936E-09 4.3583E-09 4.4162E-09 4.4707E-09 4.5269E-09 4.5748E-09 4.6189E-09 4.6591E-09 4.6952E-09 4.7332E-09 4.7620E-09 4.7866E-09 4.8069E-09 4.8229E-09 4.8406E-09 4.8487E-09 4.8525E-09 4.8519E-09 4.8469E-09 4.8374E-09 4.8288E-09 4.8112E-09 4.7891E-09 4.7627E-09 4.7373E-09 4.7027E-09 4.6638E-09 4.6206E-09 4.5729E-09 4.5273E-09 4.4719E-09 4.4123E-09 4.3486E-09 4.2806E-09 4.2086E-09 4.1405E-09 4.0608E-09 3.9767E-09 3.8885E-09 3.7964E-09 3.7013E-09 3.6031E-09 3.5024E-09 3.3978E-09
3.3223E-09 3.4129E-09 3.5054E-09 3.5941E-09 3.6813E-09 3.7707E-09 3.8549E-09 3.9372E-09 4.0212E-09 4.0994E-09 4.1751E-09 4.2522E-09 4.3229E-09 4.3906E-09 4.4594E-09 4.5212E-09 4.5795E-09 4.6403E-09 4.6922E-09 4.7405E-09 4.7848E-09 4.8310E-09 4.8682E-09 4.9014E-09 4.9303E-09 4.9551E-09 4.9816E-09 4.9986E-09 5.0113E-09 5.0196E-09 5.0235E-09 5.0230E-09 5.0234E-09 5.0146E-09 5.0013E-09 4.9836E-09 4.9669E-09 4.9409E-09 4.9104E-09 4.8753E-09 4.8414E-09 4.7981E-09 4.7503E-09 4.6980E-09 4.6412E-09 4.5864E-09 4.5216E-09 4.4524E-09 4.3788E-09 4.3005E-09 4.2175E-09 4.1299E-09 4.0379E-09 3.9424E-09 3.8431E-09 3.7406E-09 3.6339E-09
3.3741E-09 3.4700E-09 3.5626E-09 3.6541E-09 3.7441E-09 3.8367E-09 3.9240E-09 4.0130E-09 4.0969E-09 4.1784E-09 4.2615E-09 4.3385E-09 4.4128E-09 4.4883E-09 4.5572E-09 4.6229E-09 4.6910E-09 4.7507E-09 4.8069E-09 4.8594E-09 4.9138E-09 4.9595E-09 5.0013E-09 5.0390E-09 5.0727E-09 5.1081E-09 5.1342E-09 5.1561E-09 5.1737E-09 5.1870E-09 5.1957E-09 5.2056E-09 5.2062E-09 5.2023E-09 5.1939E-09 5.1867E-09 5.1699E-09 5.1485E-09 5.1225E-09 5.0977E-09 5.0632E-09 5.0240E-09 4.9801E-09 4.9314E-09 4.8849E-09 4.8277E-09 4.7658E-09 4.6991E-09 4.6277E-09 4.5514E-09 4.4700E-09 4.3836E-09 4.2922E-09 4.1966E-09 4.0967E-09 3.9927E-09 3.8841E-09
3.4221E-09 3.5208E-09 3.6160E-09 3.7101E-09 3.8068E-09 3.8987E-09 3.9890E-09 4.0815E-09 4.1686E-09 4.2535E-09 4.3403E-09 4.4210E-09 4.5028E-09 4.5786E-09 4.6514E-09 4.7266E-09 4.7939E-09 4.8579E-09 4.9184E-09 4.9754E-09 5.0350E-09 5.0854E-09 5.1319E-09 5.1745E-09 5.2189E-09 5.2543E-09 5.2856E-09 5.3127E-09 5.3356E-09 5.3540E-09 5.3736E-09 5.3841E-09 5.3900E-09 5.3915E-09 5.3942E-09 5.3874E-09 5.3759E-09 5.3597E-09 5.3448E-09 5.3200E-09 5.2904E-09 5.2559E-09 5.2227E-09 5.1793E-09 5.1310E-09 5.0776E-09 5.0192E-09 4.9556E-09 4.8869E-09 4.8133E-09 4.7342E-09 4.6495E-09 4.5593E-09 4.4641E-09 4.3640E-09 4.2590E-09 4.1489E-09
3.4692E-09 3.5676E-09 3.6653E-09 3.7621E-09 3.8618E-09 3.9566E-09 4.0536E-09 4.1458E-09 4.2361E-09 4.3283E-09 4.4150E-09 4.4992E-09 4.5851E-09 4.6648E-09 4.7415E-09 4.8213E-09 4.8929E-09 4.9613E-09 5.0263E-09 5.0940E-09 5.1529E-09 5.2082E-09 5.2597E-09 5.3074E-09 5.3578E-09 5.3985E-09 5.4353E-09 5.4679E-09 5.4962E-09 5.5258E-09 5.5464E-09 5.5626E-09 5.5743E-09 5.5875E-09 5.5911E-09 5.5901E-09 5.5843E-09 5.5800E-09 5.5657E-09 5.5465E-09 5.5224E-09 5.4997E-09 5.4665E-09 5.4281E-09 5.3846E-09 5.3357E-09 5.2814E-09 5.2217E-09 5.1564E-09 5.0862E-09 5.0100E-09 4.9277E-09 4.8626E-09 4.7713E-09 4.6745E-09 4.5723E-09 4.4645E-09
3.5094E-09 3.6102E-09 3.7104E-09 3.8136E-09 3.9124E-09 4.0100E-09 4.1103E-09 4.2056E-09 4.2990E-09 4.3950E-09 4.4851E-09 4.5769E-09 4.6630E-09 4.7465E-09 4.8329E-09 4.9118E-09 4.9878E-09 5.0606E-09 5.1360E-09 5.2032E-09 5.2671E-09 5.3274E-09 5.3841E-09 5.4435E-09 5.4937E-09 5.5401E-09 5.5825E-09 5.6209E-09 5.6606E-09 5.6915E-09 5.7182E-09 5.7406E-09 5.7644E-09 5.7789E-09 5.7888E-09 5.7941E-09 5.8009E-09 5.7978E-09 5.7898E-09 5.7768E-09 5.7654E-09 5.7433E-09 5.7160E-09 5.6834E-09 5.6454E-09 5.6017E-09 5.5645E-09 5.5113E-09 5.4525E-09 5.3891E-09 5.3194E-09 5.2434E-09 5.1607E-09 5.0716E-09 4.9764E-09 4.8749E-09 4.7672E-09
3.5453E-09 3.6484E-09 3.7510E-09 3.8569E-09 3.9584E-09 4.0626E-09 4.1623E-09 4.2605E-09 4.3613E-09 4.4568E-09 4.5503E-09 4.6461E-09 4.7359E-09 4.8286E-09 4.9144E-09 4.9976E-09 5.0779E-09 5.1553E-09 5.2360E-09 5.3082E-09 5.3771E-09 5.4427E-09 5.5109E-09 5.5704E-09 5.6263E-09 5.6785E-09 5.7269E-09 5.7766E-09 5.8180E-09 5.8553E-09 5.8885E-09 5.9232E-09 5.9488E-09 5.9700E-09 5.9868E-09 6.0051E-09 6.0136E-09 6.0174E-09 6.0163E-09 6.0168E-09 6.0067E-09 5.9915E-09 5.9708E-09 5.9446E-09 5.9234E-09 5.8876E-09 5.8460E-09 5.7985E-09 5.7453E-09 5.6874E-09 5.6227E-09 5.5511E-09 5.4723E-09 5.3863E-09 5.2931E-09 5.2233E-09 5.1205E-09
3.5768E-09 3.6821E-09 3.7907E-09 3.8955E-09 3.9995E-09 4.1067E-09 4.2092E-09 4.3105E-09 4.4146E-09 4.5134E-09 4.6144E-09 4.7101E-09 4.8037E-09 4.9008E-09 4.9908E-09 5.0782E-09 5.1630E-09 5.2510E-09 5.3312E-09 5.4084E-09 5.4825E-09 5.5592E-09 5.6278E-09 5.6931E-09 5.7549E-09 5.8132E-09 5.8728E-09 5.9246E-09 5.9725E-09 6.0166E-09 6.0621E-09 6.0990E-09 6.1318E-09 6.1602E-09 6.1903E-09 6.2109E-09 6.2270E-09 6.2383E-09 6.2512E-09 6.2538E-09 6.2513E-09 6.2434E-09 6.2301E-09 6.2218E-09 6.1989E-09 6.1702E-09 6.1355E-09 6.0945E-09 6.0478E-09 6.0111E-09 5.9552E-09 5.8922E-09 5.8216E-09 5.7434E-09 5.6575E-09 5.5647E-09 5.4645E-09
3.6037E-09 3.7110E-09 3.8221E-09 3.9292E-09 4.0394E-09 4.1457E-09 4.2510E-09 4.3592E-09 4.4627E-09 4.5647E-09 4.6694E-09 4.7687E-09 4.8713E-09 4.9676E-09 5.0616E-09 5.1534E-09 5.2482E-09 5.3359E-09 5.4210E-09 5.5033E-09 5.5826E-09 5.6655E-09 5.7399E-09 5.8111E-09 5.8790E-09 5.9435E-09 6.0103E-09 6.0687E-09 6.1235E-09 6.1799E-09 6.2281E-09 6.2724E-09 6.3126E-09 6.3546E-09 6.3875E-09 6.4161E-09 6.4401E-09 6.4659E-09 6.4816E-09 6.4924E-09 6.4981E-09 6.4984E-09 6.5038E-09 6.4948E-09 6.4800E-09 6.4592E-09 6.4321E-09 6.4112E-09 6.3746E-09 6.3335E-09 6.2851E-09 6.2293E-09 6.1649E-09 6.0926E-09 6.0114E-09 5.9229E-09 5.8263E-09
3.6258E-09 3.7388E-09 3.8484E-09 3.9578E-09 4.0706E-09 4.1794E-09 4.2874E-09 4.3987E-09 4.5052E-09 4.6143E-09 4.7187E-09 4.8215E-09 4.9283E-09 5.0285E-09 5.1266E-09 5.2227E-09 5.3226E-09 5.4150E-09 5.5051E-09 5.5925E-09 5.6833E-09 5.7663E-09 5.8465E-09 5.9238E-09 5.9979E-09 6.0744E-09 6.1430E-09 6.2084E-09 6.2703E-09 6.3347E-09 6.3904E-09 6.4425E-09 6.4962E-09 6.5415E-09 6.5827E-09 6.6197E-09 6.6584E-09 6.6876E-09 6.7122E-09 6.7318E-09 6.7463E-09 6.7660E-09 6.7716E-09 6.7716E-09 6.7658E-09 6.7641E-09 6.7479E-09 6.7253E-09 6.6979E-09 6.6657E-09 6.6260E-09 6.5785E-09 6.5215E-09 6.4560E-09 6.3807E-09 6.2977E-09 6.2057E-09
3.6430E-09 3.7580E-09 3.8697E-09 3.9811E-09 4.0965E-09 4.2077E-09 4.3221E-09 4.4325E-09 4.5419E-09 4.6544E-09 4.7620E-09 4.8683E-09 4.9792E-09 5.0832E-09 5.1855E-09 5.2914E-09 5.3907E-09 5.4880E-09 5.5829E-09 5.6755E-09 5.7724E-09 5.8611E-09 5.9473E-09 6.0306E-09 6.1163E-09 6.1948E-09 6.2704E-09 6.3428E-09 6.4178E-09 6.4848E-09 6.5484E-09 6.6085E-09 6.6713E-09 6.7251E-09 6.7750E-09 6.8268E-09 6.8696E-09 6.9080E-09 6.9419E-09 6.9710E-09 7.0052E-09 7.0260E-09 7.0415E-09 7.0513E-09 7.0551E-09 7.0652E-09 7.0589E-09 7.0461E-09 7.0290E-09 7.0070E-09 6.9771E-09 6.9390E-09 6.8906E-09 6.8330E-09 6.7907E-09 6.7197E-09 6.6396E-09
3.6588E-09 3.7722E-09 3.8856E-09 4.0029E-09 4.1168E-09 4.2302E-09 4.3474E-09 4.4604E-09 4.5764E-09 4.6883E-09 4.7992E-09 4.9144E-09 5.0237E-09 5.1316E-09 5.2378E-09 5.3485E-09 5.4523E-09 5.5542E-09 5.6542E-09 5.7582E-09 5.8549E-09 5.9494E-09 6.0415E-09 6.1311E-09 6.2238E-09 6.3091E-09 6.3917E-09 6.4768E-09 6.5547E-09 6.6295E-09 6.7012E-09 6.7756E-09 6.8418E-09 6.9044E-09 6.9634E-09 7.0254E-09 7.0778E-09 7.1260E-09 7.1698E-09 7.2187E-09 7.2549E-09 7.2862E-09 7.3122E-09 7.3325E-09 7.3591E-09 7.3700E-09 7.3745E-09 7.3725E-09 7.3670E-09 7.3562E-09 7.3513E-09 7.3274E-09 7.2930E-09 7.2494E-09 7.1959E-09 7.1341E-09 7.0628E-09
3.6662E-09 3.7811E-09 3.8963E-09 4.0156E-09 4.1314E-09 4.2508E-09 4.3668E-09 4.4822E-09 4.6012E-09 4.7160E-09 4.8299E-09 4.9488E-09 5.0616E-09 5.1731E-09 5.2889E-09 5.3987E-09 5.5069E-09 5.6135E-09 5.7183E-09 5.8282E-09 5.9304E-09 6.0306E-09 6.1287E-09 6.2298E-09 6.3244E-09 6.4166E-09 6.5063E-09 6.5995E-09 6.6851E-09 6.7679E-09 6.8536E-09 6.9317E-09 7.0068E-09 7.0786E-09 7.1535E-09 7.2196E-09 7.2820E-09 7.3404E-09 7.4039E-09 7.4556E-09 7.5029E-09 7.5453E-09 7.5824E-09 7.6259E-09 7.6544E-09 7.6770E-09 7.6934E-09 7.7032E-09 7.7105E-09 7.7259E-09 7.7229E-09 7.7117E-09 7.6895E-09 7.6574E-09 7.6154E-09 7.5646E-09 7.5037E-09
3.6685E-09 3.7848E-09 3.9051E-09 4.0227E-09 4.1403E-09 4.2619E-09 4.3800E-09 4.4979E-09 4.6196E-09 4.7371E-09 4.8594E-09 4.9764E-09 5.0926E-09 5.2078E-09 5.3278E-09 5.4417E-09 5.5543E-09 5.6655E-09 5.7814E-09 5.8907E-09 5.9983E-09 6.1043E-09 6.2132E-09 6.3163E-09 6.4175E-09 6.5166E-09 6.6191E-09 6.7148E-09 6.8083E-09 6.8993E-09 6.9941E-09 7.0811E-09 7.1654E-09 7.2526E-09 7.3321E-09 7.4083E-09 7.4811E-09 7.5588E-09 7.6259E-09 7.6890E-09 7.7478E-09 7.8019E-09 7.8621E-09 7.9085E-09 7.9496E-09 7.9850E-09 8.0141E-09 8.0366E-09 8.0713E-09 8.0902E-09 8.1016E-09 8.1043E-09 8.0958E-09 8.0767E-09 8.0481E-09 8.0100E-09 7.9868E-09
3.6656E-09 3.7831E-09 3.9050E-09 4.0241E-09 4.1434E-09 4.2670E-09 4.3872E-09 4.5110E-09 4.6315E-09 4.7516E-09 4.8770E-09 4.9971E-09 5.1165E-09 5.2351E-09 5.3593E-09 5.4772E-09 5.5940E-09 5.7097E-09 5.8310E-09 5.9453E-09 6.0583E-09 6.1699E-09 6.2853E-09 6.3947E-09 6.5024E-09 6.6136E-09 6.7188E-09 6.8222E-09 6.9236E-09 7.0287E-09 7.1270E-09 7.2230E-09 7.3165E-09 7.4142E-09 7.5037E-09 7.5903E-09 7.6738E-09 7.7638E-09 7.8424E-09 7.9173E-09 7.9881E-09 8.0649E-09 8.1292E-09 8.1888E-09 8.2432E-09 8.2921E-09 8.3350E-09 8.3712E-09 8.4241E-09 8.4586E-09 8.4856E-09 8.5037E-09 8.5105E-09 8.5059E-09 8.4923E-09 8.4948E-09 8.4680E-09
3.6575E-09 3.7761E-09 3.8993E-09 4.0197E-09 4.1443E-09 4.2661E-09 4.3880E-09 4.5141E-09 4.6368E-09 4.7593E-09 4.8877E-09 5.0106E-09 5.1331E-09 5.2608E-09 5.3832E-09 5.5049E-09 5.6259E-09 5.7521E-09 5.8724E-09 5.9917E-09 6.1100E-09 6.2319E-09 6.3488E-09 6.4644E-09 6.5787E-09 6.6973E-09 6.8098E-09 6.9208E-09 7.0319E-09 7.1442E-09 7.2512E-09 7.3563E-09 7.4655E-09 7.5676E-09 7.6673E-09 7.7646E-09 7.8681E-09 7.9616E-09 8.0521E-09 8.1392E-09 8.2225E-09 8.3138E-09 8.3916E-09 8.4650E-09 8.5335E-09 8.5967E-09 8.6541E-09 8.7204E-09 8.7778E-09 8.8291E-09 8.8731E-09 8.9079E-09 8.9314E-09 8.9429E-09 8.9720E-09 8.9730E-09 8.9647E-09
