Assets/Resources/2015_m01_d11_1300(utc+0800)_l00_csi_1hr_conc.grd
DSAA
         159         159
     -79.000      79.000
     -79.000      79.000
  0.0000E+00  0.3895E-05
[rows 50 to 74 of 159, columns 0 to 56 of 159]
0.0000E+00 0.0000E+00 0.0000E+00 0.0000E+00 0.0000E+00 0.0000E+00 0.0000E+00 0.0000E+00 0.0000E+00 0.0000E+00 0.0000E+00 0.0000E+00 0.0000E+00 4.3056E-13 1.7770E-12 3.4713E-12 5.9689E-12 9.1571E-12 1.2837E-11 1.7225E-11 2.2989E-11 3.0150E-11 3.7740E-11 4.5651E-11 5.4389E-11 6.4069E-11 7.3988E-11 8.2740E-11 9.2277E-11 1.0075E-10 1.0930E-10 1.1908E-10 1.4156E-10 1.8768E-10 2.4900E-10 3.3418E-10 4.6667E-10 6.3288E-10 8.3807E-10 1.0912E-09 1.4104E-09 1.8072E-09 2.2931E-09 2.8907E-09 3.5910E-09 4.4163E-09 5.3677E-09 6.4661E-09 7.7140E-09 9.1310E-09 1.0733E-08 1.2535E-08 1.4549E-08 1.6772E-08 1.9153E-08 2.1581E-08 2.3878E-08
0.0000E+00 0.0000E+00 0.0000E+00 0.0000E+00 0.0000E+00 0.0000E+00 0.0000E+00 0.0000E+00 0.0000E+00 0.0000E+00 0.0000E+00 0.0000E+00 0.0000E+00 0.0000E+00 6.4529E-13 2.2008E-12 4.1260E-12 6.8647E-12 1.0261E-11 1.4085E-11 1.8589E-11 2.3826E-11 3.0066E-11 3.7796E-11 4.6098E-11 5.4535E-11 6.3106E-11 7.2705E-11 8.1618E-11 9.0027E-11 9.9155E-11 1.0725E-10 1.1635E-10 1.2580E-10 1.5122E-10 2.0035E-10 2.7051E-10 3.6792E-10 5.0949E-10 6.8903E-10 9.0124E-10 1.1691E-09 1.4985E-09 1.9057E-09 2.3963E-09 2.9860E-09 3.6754E-09 4.4926E-09 5.4540E-09 6.5749E-09 7.8950E-09 9.4439E-09 1.1260E-08 1.3387E-08 1.5817E-08 1.8526E-08 2.1364E-08
0.0000E+00 0.0000E+00 0.0000E+00 0.0000E+00 0.0000E+00 0.0000E+00 0.0000E+00 0.0000E+00 0.0000E+00 0.0000E+00 0.0000E+00 0.0000E+00 0.0000E+00 0.0000E+00 0.0000E+00 8.3813E-13 2.1872E-12 4.1009E-12 7.0178E-12 1.0630E-11 1.4445E-11 1.9086E-11 2.5159E-11 3.0984E-11 3.8281E-11 4.5644E-11 5.4653E-11 6.2857E-11 7.1150E-11 7.9061E-11 8.8204E-11 9.6551E-11 1.0505E-10 1.1380E-10 1.2226E-10 1.3162E-10 1.5969E-10 2.1612E-10 2.9438E-10 4.0207E-10 5.4074E-10 7.1186E-10 9.3040E-10 1.1986E-09 1.5271E-09 1.9223E-09 2.3921E-09 2.9541E-09 3.6327E-09 4.4555E-09 5.4488E-09 6.6627E-09 8.1544E-09 9.9830E-09 1.2224E-08 1.4887E-08 1.7923E-08
0.0000E+00 0.0000E+00 0.0000E+00 0.0000E+00 0.0000E+00 0.0000E+00 0.0000E+00 0.0000E+00 0.0000E+00 0.0000E+00 0.0000E+00 0.0000E+00 0.0000E+00 0.0000E+00 0.0000E+00 2.0162E-13 1.2408E-12 2.7947E-12 4.8840E-12 8.0146E-12 1.1291E-11 1.5434E-11 1.9606E-11 2.4922E-11 3.1740E-11 3.8516E-11 4.6224E-11 5.3772E-11 6.2161E-11 6.9137E-11 7.7513E-11 8.5304E-11 9.4383E-11 1.0208E-10 1.1029E-10 1.1867E-10 1.2732E-10 1.3664E-10 1.6935E-10 2.3126E-10 3.1675E-10 4.1834E-10 5.4725E-10 7.0891E-10 9.1068E-10 1.1623E-09 1.4711E-09 1.8399E-09 2.2734E-09 2.8290E-09 3.5167E-09 4.3886E-09 5.5018E-09 6.9390E-09 8.8029E-09 1.1150E-08 1.4056E-08
0.0000E+00 0.0000E+00 0.0000E+00 0.0000E+00 0.0000E+00 0.0000E+00 0.0000E+00 0.0000E+00 0.0000E+00 0.0000E+00 0.0000E+00 0.0000E+00 0.0000E+00 0.0000E+00 0.0000E+00 0.0000E+00 5.8636E-13 1.6315E-12 3.1860E-12 5.6724E-12 8.2531E-12 1.1867E-11 1.5449E-11 2.1001E-11 2.6125E-11 3.1649E-11 3.8138E-11 4.6091E-11 5.3242E-11 6.0414E-11 6.7328E-11 7.4365E-11 8.2830E-11 9.0229E-11 9.9177E-11 1.0706E-10 1.1481E-10 1.2319E-10 1.3134E-10 1.4098E-10 1.8000E-10 2.4633E-10 3.2102E-10 4.0994E-10 5.2532E-10 6.6533E-10 8.4471E-10 1.0618E-09 1.3358E-09 1.6771E-09 2.1104E-09 2.6878E-09 3.4455E-09 4.4794E-09 5.8820E-09 7.7809E-09 1.0281E-08
0.0000E+00 0.0000E+00 0.0000E+00 0.0000E+00 0.0000E+00 0.0000E+00 0.0000E+00 0.0000E+00 0.0000E+00 0.0000E+00 0.0000E+00 0.0000E+00 0.0000E+00 0.0000E+00 0.0000E+00 0.0000E+00 0.0000E+00 5.7873E-13 1.6105E-12 3.3227E-12 5.7932E-12 8.5466E-12 1.2316E-11 1.6322E-11 2.0950E-11 2.6788E-11 3.2405E-11 3.8693E-11 4.5429E-11 5.2207E-11 5.9125E-11 6.5057E-11 7.2182E-11 7.9050E-11 8.7186E-11 9.4621E-11 1.0305E-10 1.1062E-10 1.1838E-10 1.2664E-10 1.3519E-10 1.4637E-10 1.8799E-10 2.4217E-10 3.0198E-10 3.7809E-10 4.7229E-10 5.8691E-10 7.3632E-10 9.1624E-10 1.1705E-09 1.5168E-09 1.9968E-09 2.6767E-09 3.6429E-09 5.0460E-09 7.0010E-09
0.0000E+00 0.0000E+00 0.0000E+00 0.0000E+00 0.0000E+00 0.0000E+00 0.0000E+00 0.0000E+00 0.0000E+00 0.0000E+00 0.0000E+00 0.0000E+00 0.0000E+00 0.0000E+00 0.0000E+00 0.0000E+00 0.0000E+00 0.0000E+00 5.6928E-13 1.7823E-12 4.0382E-12 6.1604E-12 9.2384E-12 1.2264E-11 1.6769E-11 2.1522E-11 2.6169E-11 3.2451E-11 3.8997E-11 4.5154E-11 5.0616E-11 5.6938E-11 6.3248E-11 6.9283E-11 7.6284E-11 8.2943E-11 9.0832E-11 9.7938E-11 1.0613E-10 1.1328E-10 1.2126E-10 1.2957E-10 1.3801E-10 1.5044E-10 1.8244E-10 2.1848E-10 2.6394E-10 3.2440E-10 3.9614E-10 4.8895E-10 6.0596E-10 7.8036E-10 1.0589E-09 1.4677E-09 2.0936E-09 3.0378E-09 4.4740E-09
0.0000E+00 0.0000E+00 0.0000E+00 0.0000E+00 0.0000E+00 0.0000E+00 0.0000E+00 0.0000E+00 0.0000E+00 0.0000E+00 0.0000E+00 0.0000E+00 0.0000E+00 0.0000E+00 0.0000E+00 0.0000E+00 0.0000E+00 0.0000E+00 0.0000E+00 9.2494E-13 2.3155E-12 4.3622E-12 6.4691E-12 9.2119E-12 1.2940E-11 1.7098E-11 2.1940E-11 2.6966E-11 3.2044E-11 3.8707E-11 4.3922E-11 5.0069E-11 5.5302E-11 6.1168E-11 6.6975E-11 7.2494E-11 7.9765E-11 8.5807E-11 9.3528E-11 1.0053E-10 1.0825E-10 1.1549E-10 1.2333E-10 1.3146E-10 1.3970E-10 1.5093E-10 1.6497E-10 1.8852E-10 2.2131E-10 2.6287E-10 3.1601E-10 3.9056E-10 5.1575E-10 7.3133E-10 1.1054E-09 1.7032E-09 2.6816E-09
0.0000E+00 0.0000E+00 0.0000E+00 0.0000E+00 0.0000E+00 0.0000E+00 0.0000E+00 0.0000E+00 0.0000E+00 0.0000E+00 0.0000E+00 0.0000E+00 0.0000E+00 0.0000E+00 0.0000E+00 0.0000E+00 0.0000E+00 0.0000E+00 0.0000E+00 3.4827E-13 1.0894E-12 2.2690E-12 4.1393E-12 6.5374E-12 9.2150E-12 1.2903E-11 1.7158E-11 2.1511E-11 2.7008E-11 3.2443E-11 3.8201E-11 4.3235E-11 4.7988E-11 5.3646E-11 5.8781E-11 6.4355E-11 6.9768E-11 7.5139E-11 8.2130E-11 8.8247E-11 9.5493E-11 1.0240E-10 1.0982E-10 1.1715E-10 1.2485E-10 1.3257E-10 1.4052E-10 1.4946E-10 1.5896E-10 1.6816E-10 1.8372E-10 2.1191E-10 2.5119E-10 3.5289E-10 5.3196E-10 8.9151E-10 1.5138E-09
0.0000E+00 0.0000E+00 0.0000E+00 0.0000E+00 0.0000E+00 0.0000E+00 0.0000E+00 0.0000E+00 0.0000E+00 0.0000E+00 0.0000E+00 0.0000E+00 0.0000E+00 0.0000E+00 0.0000E+00 0.0000E+00 0.0000E+00 0.0000E+00 0.0000E+00 0.0000E+00 3.4014E-13 1.0638E-12 2.2156E-12 4.0439E-12 6.2454E-12 9.3777E-12 1.3075E-11 1.7262E-11 2.1487E-11 2.5990E-11 3.2313E-11 3.7120E-11 4.2416E-11 4.7013E-11 5.1260E-11 5.6397E-11 6.1393E-11 6.6600E-11 7.1842E-11 7.7378E-11 8.4229E-11 9.0167E-11 9.6886E-11 1.0341E-10 1.1004E-10 1.1778E-10 1.2508E-10 1.3282E-10 1.4071E-10 1.4889E-10 1.5703E-10 1.6540E-10 1.7397E-10 1.8787E-10 2.6987E-10 4.5021E-10 8.0902E-10
0.0000E+00 0.0000E+00 0.0000E+00 0.0000E+00 0.0000E+00 0.0000E+00 0.0000E+00 0.0000E+00 0.0000E+00 0.0000E+00 0.0000E+00 0.0000E+00 0.0000E+00 0.0000E+00 0.0000E+00 0.0000E+00 0.0000E+00 0.0000E+00 0.0000E+00 0.0000E+00 0.0000E+00 3.3098E-13 1.0351E-12 2.1715E-12 4.2769E-12 6.6603E-12 9.2766E-12 1.3403E-11 1.6844E-11 2.1371E-11 2.6169E-11 3.1176E-11 3.6440E-11 4.0780E-11 4.5587E-11 5.0065E-11 5.4178E-11 5.8946E-11 6.3505E-11 6.8275E-11 7.3691E-11 7.9217E-11 8.5332E-11 9.1212E-11 9.7412E-11 1.0401E-10 1.1032E-10 1.1747E-10 1.2468E-10 1.3214E-10 1.3996E-10 1.4758E-10 1.5532E-10 1.6326E-10 1.8476E-10 2.6109E-10 4.5272E-10
0.0000E+00 0.0000E+00 0.0000E+00 0.0000E+00 0.0000E+00 0.0000E+00 0.0000E+00 0.0000E+00 0.0000E+00 0.0000E+00 0.0000E+00 0.0000E+00 0.0000E+00 0.0000E+00 0.0000E+00 0.0000E+00 0.0000E+00 0.0000E+00 0.0000E+00 0.0000E+00 0.0000E+00 0.0000E+00 3.2086E-13 8.5004E-13 2.2685E-12 4.2248E-12 6.8676E-12 9.2480E-12 1.2599E-11 1.7037E-11 2.0788E-11 2.6056E-11 3.0505E-11 3.4985E-11 3.9183E-11 4.3232E-11 4.7728E-11 5.2050E-11 5.5970E-11 6.0491E-11 6.5032E-11 6.9561E-11 7.5084E-11 8.0144E-11 8.5696E-11 9.1811E-11 9.7286E-11 1.0362E-10 1.0995E-10 1.1679E-10 1.2386E-10 1.3070E-10 1.3813E-10 1.4534E-10 1.5264E-10 1.8145E-10 2.8214E-10
0.0000E+00 0.0000E+00 0.0000E+00 0.0000E+00 0.0000E+00 0.0000E+00 0.0000E+00 0.0000E+00 0.0000E+00 0.0000E+00 0.0000E+00 0.0000E+00 0.0000E+00 0.0000E+00 0.0000E+00 0.0000E+00 0.0000E+00 0.0000E+00 0.0000E+00 0.0000E+00 0.0000E+00 0.0000E+00 0.0000E+00 3.0984E-13 8.2228E-13 2.2265E-12 4.2832E-12 6.0242E-12 9.3149E-12 1.2453E-11 1.6254E-11 2.0438E-11 2.4868E-11 2.9739E-11 3.3548E-11 3.7969E-11 4.1854E-11 4.5770E-11 4.9879E-11 5.3561E-11 5.7231E-11 6.1495E-11 6.5977E-11 7.0222E-11 7.5715E-11 8.0732E-11 8.5526E-11 9.1610E-11 9.6990E-11 1.0300E-10 1.0898E-10 1.1535E-10 1.2189E-10 1.2857E-10 1.3515E-10 1.4229E-10 1.8308E-10
0.0000E+00 0.0000E+00 0.0000E+00 0.0000E+00 0.0000E+00 0.0000E+00 0.0000E+00 0.0000E+00 0.0000E+00 0.0000E+00 0.0000E+00 0.0000E+00 0.0000E+00 0.0000E+00 0.0000E+00 0.0000E+00 0.0000E+00 0.0000E+00 0.0000E+00 0.0000E+00 0.0000E+00 0.0000E+00 0.0000E+00 0.0000E+00 1.5156E-13 7.9229E-13 2.3234E-12 3.8238E-12 5.8341E-12 8.5483E-12 1.2261E-11 1.5647E-11 2.0157E-11 2.4651E-11 2.8253E-11 3.2637E-11 3.5934E-11 4.0016E-11 4.3541E-11 4.7029E-11 5.0697E-11 5.4330E-11 5.8142E-11 6.1913E-11 6.6705E-11 7.0620E-11 7.5358E-11 8.0687E-11 8.5461E-11 9.0615E-11 9.5940E-11 1.0165E-10 1.0746E-10 1.1345E-10 1.1916E-10 1.2563E-10 1.3180E-10
0.0000E+00 0.0000E+00 0.0000E+00 0.0000E+00 0.0000E+00 0.0000E+00 0.0000E+00 0.0000E+00 0.0000E+00 0.0000E+00 0.0000E+00 0.0000E+00 0.0000E+00 0.0000E+00 0.0000E+00 0.0000E+00 0.0000E+00 0.0000E+00 0.0000E+00 0.0000E+00 0.0000E+00 0.0000E+00 0.0000E+00 0.0000E+00 0.0000E+00 0.0000E+00 4.6104E-13 2.2395E-12 3.3798E-12 5.4570E-12 8.6061E-12 1.1426E-11 1.5425E-11 1.9465E-11 2.3584E-11 2.7025E-11 3.0498E-11 3.4205E-11 3.7531E-11 4.1058E-11 4.4559E-11 4.7796E-11 5.1201E-11 5.4758E-11 5.8478E-11 6.2333E-11 6.6531E-11 7.0536E-11 7.4947E-11 7.9580E-11 8.4599E-11 8.9490E-11 9.4529E-11 9.9492E-11 1.0520E-10 1.1082E-10 1.1611E-10
0.0000E+00 0.0000E+00 0.0000E+00 0.0000E+00 0.0000E+00 0.0000E+00 0.0000E+00 0.0000E+00 0.0000E+00 0.0000E+00 0.0000E+00 0.0000E+00 0.0000E+00 0.0000E+00 0.0000E+00 0.0000E+00 0.0000E+00 0.0000E+00 0.0000E+00 0.0000E+00 0.0000E+00 0.0000E+00 0.0000E+00 0.0000E+00 0.0000E+00 0.0000E+00 0.0000E+00 0.0000E+00 1.5384E-12 3.2499E-12 5.0850E-12 8.3505E-12 1.1420E-11 1.4429E-11 1.8310E-11 2.1909E-11 2.5941E-11 2.9107E-11 3.2473E-11 3.5846E-11 3.8773E-11 4.1657E-11 4.5078E-11 4.8252E-11 5.1362E-11 5.4814E-11 5.8414E-11 6.2133E-11 6.6083E-11 6.9967E-11 7.4114E-11 7.8217E-11 8.3155E-11 8.7763E-11 9.2513E-11 9.7139E-11 1.0252E-10
0.0000E+00 0.0000E+00 0.0000E+00 0.0000E+00 0.0000E+00 0.0000E+00 0.0000E+00 0.0000E+00 0.0000E+00 0.0000E+00 0.0000E+00 0.0000E+00 0.0000E+00 0.0000E+00 0.0000E+00 0.0000E+00 0.0000E+00 0.0000E+00 0.0000E+00 0.0000E+00 0.0000E+00 0.0000E+00 0.0000E+00 0.0000E+00 0.0000E+00 0.0000E+00 0.0000E+00 0.0000E+00 0.0000E+00 0.0000E+00 2.3347E-12 4.8782E-12 7.5701E-12 1.0509E-11 1.3558E-11 1.7663E-11 2.1160E-11 2.4138E-11 2.7719E-11 3.0540E-11 3.3513E-11 3.6466E-11 3.9149E-11 4.1765E-11 4.5111E-11 4.8190E-11 5.1188E-11 5.4482E-11 5.7938E-11 6.1500E-11 6.4994E-11 6.9074E-11 7.2850E-11 7.6664E-11 8.1271E-11 8.5349E-11 8.9748E-11
0.0000E+00 0.0000E+00 0.0000E+00 0.0000E+00 0.0000E+00 0.0000E+00 0.0000E+00 0.0000E+00 0.0000E+00 0.0000E+00 0.0000E+00 0.0000E+00 0.0000E+00 0.0000E+00 0.0000E+00 0.0000E+00 0.0000E+00 0.0000E+00 0.0000E+00 0.0000E+00 0.0000E+00 0.0000E+00 0.0000E+00 0.0000E+00 0.0000E+00 0.0000E+00 0.0000E+00 0.0000E+00 0.0000E+00 0.0000E+00 0.0000E+00 0.0000E+00 3.8736E-12 7.1035E-12 9.2630E-12 1.2688E-11 1.6315E-11 2.0047E-11 2.2883E-11 2.5539E-11 2.8764E-11 3.1208E-11 3.3764E-11 3.6460E-11 3.9064E-11 4.1788E-11 4.4635E-11 4.7785E-11 5.0435E-11 5.3784E-11 5.7058E-11 6.0444E-11 6.3707E-11 6.7524E-11 7.1060E-11 7.5092E-11 7.9009E-11
0.0000E+00 0.0000E+00 0.0000E+00 0.0000E+00 0.0000E+00 0.0000E+00 0.0000E+00 0.0000E+00 0.0000E+00 0.0000E+00 0.0000E+00 0.0000E+00 0.0000E+00 0.0000E+00 0.0000E+00 0.0000E+00 0.0000E+00 0.0000E+00 0.0000E+00 0.0000E+00 0.0000E+00 0.0000E+00 0.0000E+00 0.0000E+00 0.0000E+00 0.0000E+00 0.0000E+00 0.0000E+00 0.0000E+00 0.0000E+00 0.0000E+00 0.0000E+00 0.0000E+00 4.7810E-13 5.8312E-12 8.5446E-12 1.1472E-11 1.5509E-11 1.8189E-11 2.1243E-11 2.3758E-11 2.6610E-11 2.9466E-11 3.1486E-11 3.3783E-11 3.6198E-11 3.8707E-11 4.1325E-11 4.4022E-11 4.6832E-11 4.9533E-11 5.2724E-11 5.5606E-11 5.8987E-11 6.2042E-11 6.5386E-11 6.8854E-11
0.0000E+00 0.0000E+00 0.0000E+00 0.0000E+00 0.0000E+00 0.0000E+00 0.0000E+00 0.0000E+00 0.0000E+00 0.0000E+00 0.0000E+00 0.0000E+00 0.0000E+00 0.0000E+00 0.0000E+00 0.0000E+00 0.0000E+00 0.0000E+00 0.0000E+00 0.0000E+00 0.0000E+00 0.0000E+00 0.0000E+00 0.0000E+00 0.0000E+00 0.0000E+00 0.0000E+00 0.0000E+00 0.0000E+00 0.0000E+00 0.0000E+00 0.0000E+00 0.0000E+00 0.0000E+00 0.0000E+00 1.5996E-12 7.0277E-12 1.0804E-11 1.3651E-11 1.6712E-11 1.9248E-11 2.2346E-11 2.4891E-11 2.6813E-11 2.9032E-11 3.1161E-11 3.3556E-11 3.5669E-11 3.8065E-11 4.0558E-11 4.3121E-11 4.5553E-11 4.8289E-11 5.1312E-11 5.4006E-11 5.7193E-11 6.0221E-11
0.0000E+00 0.0000E+00 0.0000E+00 0.0000E+00 0.0000E+00 0.0000E+00 0.0000E+00 0.0000E+00 0.0000E+00 0.0000E+00 0.0000E+00 0.0000E+00 0.0000E+00 0.0000E+00 0.0000E+00 0.0000E+00 0.0000E+00 0.0000E+00 0.0000E+00 0.0000E+00 0.0000E+00 0.0000E+00 0.0000E+00 0.0000E+00 0.0000E+00 0.0000E+00 0.0000E+00 0.0000E+00 0.0000E+00 0.0000E+00 0.0000E+00 0.0000E+00 0.0000E+00 0.0000E+00 0.0000E+00 0.0000E+00 0.0000E+00 2.5525E-12 9.1945E-12 1.2530E-11 1.5076E-11 1.7999E-11 2.0414E-11 2.2794E-11 2.4942E-11 2.6622E-11 2.8570E-11 3.0609E-11 3.2906E-11 3.4905E-11 3.6954E-11 3.9503E-11 4.1922E-11 4.4197E-11 4.7152E-11 4.9580E-11 5.2084E-11
0.0000E+00 0.0000E+00 0.0000E+00 0.0000E+00 0.0000E+00 0.0000E+00 0.0000E+00 0.0000E+00 0.0000E+00 0.0000E+00 0.0000E+00 0.0000E+00 0.0000E+00 0.0000E+00 0.0000E+00 0.0000E+00 0.0000E+00 0.0000E+00 0.0000E+00 0.0000E+00 0.0000E+00 0.0000E+00 0.0000E+00 0.0000E+00 0.0000E+00 0.0000E+00 0.0000E+00 0.0000E+00 0.0000E+00 0.0000E+00 0.0000E+00 0.0000E+00 0.0000E+00 0.0000E+00 0.0000E+00 0.0000E+00 0.0000E+00 0.0000E+00 0.0000E+00 4.2825E-12 1.0031E-11 1.3174E-11 1.6093E-11 1.8539E-11 2.0576E-11 2.2381E-11 2.4458E-11 2.6058E-11 2.7891E-11 2.9829E-11 3.1635E-11 3.3889E-11 3.5807E-11 3.7978E-11 4.0453E-11 4.2566E-11 4.5143E-11
0.0000E+00 0.0000E+00 0.0000E+00 0.0000E+00 0.0000E+00 0.0000E+00 0.0000E+00 0.0000E+00 0.0000E+00 0.0000E+00 0.0000E+00 0.0000E+00 0.0000E+00 0.0000E+00 0.0000E+00 0.0000E+00 0.0000E+00 0.0000E+00 0.0000E+00 0.0000E+00 0.0000E+00 0.0000E+00 0.0000E+00 0.0000E+00 0.0000E+00 0.0000E+00 0.0000E+00 0.0000E+00 0.0000E+00 0.0000E+00 0.0000E+00 0.0000E+00 0.0000E+00 0.0000E+00 0.0000E+00 0.0000E+00 0.0000E+00 0.0000E+00 0.0000E+00 0.0000E+00 0.0000E+00 5.5926E-12 1.0296E-11 1.3808E-11 1.6046E-11 1.8277E-11 2.0261E-11 2.1624E-11 2.3795E-11 2.5302E-11 2.7034E-11 2.8652E-11 3.0518E-11 3.2439E-11 3.4429E-11 3.6460E-11 3.8751E-11
0.0000E+00 0.0000E+00 0.0000E+00 0.0000E+00 0.0000E+00 0.0000E+00 0.0000E+00 0.0000E+00 0.0000E+00 0.0000E+00 0.0000E+00 0.0000E+00 0.0000E+00 0.0000E+00 0.0000E+00 0.0000E+00 0.0000E+00 0.0000E+00 0.0000E+00 0.0000E+00 0.0000E+00 0.0000E+00 0.0000E+00 0.0000E+00 0.0000E+00 0.0000E+00 0.0000E+00 0.0000E+00 0.0000E+00 0.0000E+00 0.0000E+00 0.0000E+00 0.0000E+00 0.0000E+00 0.0000E+00 0.0000E+00 0.0000E+00 0.0000E+00 0.0000E+00 0.0000E+00 0.0000E+00 0.0000E+00 0.0000E+00 5.8101E-12 1.0411E-11 1.3397E-11 1.5403E-11 1.7569E-11 1.9302E-11 2.0743E-11 2.2433E-11 2.3994E-11 2.5616E-11 2.7491E-11 2.9205E-11 3.0997E-11 3.2857E-11
0.0000E+00 0.0000E+00 0.0000E+00 0.0000E+00 0.0000E+00 0.0000E+00 0.0000E+00 0.0000E+00 0.0000E+00 0.0000E+00 0.0000E+00 0.0000E+00 0.0000E+00 0.0000E+00 0.0000E+00 0.0000E+00 0.0000E+00 0.0000E+00 0.0000E+00 0.0000E+00 0.0000E+00 0.0000E+00 0.0000E+00 0.0000E+00 0.0000E+00 0.0000E+00 0.0000E+00 0.0000E+00 0.0000E+00 0.0000E+00 0.0000E+00 0.0000E+00 0.0000E+00 0.0000E+00 0.0000E+00 0.0000E+00 0.0000E+00 0.0000E+00 0.0000E+00 0.0000E+00 0.0000E+00 0.0000E+00 0.0000E+00 0.0000E+00 0.0000E+00 6.1851E-12 9.7049E-12 1.2622E-11 1.4360E-11 1.6416E-11 1.8059E-11 1.9563E-11 2.0772E-11 2.2558E-11 2.4229E-11 2.6350E-11 2.7762E-11
