Assets/Resources/2015_m01_d16_1200(utc+0800)_l00_csi_1hr_conc.grd
DSAA
         159         159
     -79.000      79.000
     -79.000      79.000
  0.0000E+00  0.1180E-05
[rows 100 to 124 of 159, columns 0 to 56 of 159]
7.3103E-13 7.5517E-13 7.7995E-13 8.0538E-13 8.3147E-13 8.5822E-13 8.8566E-13 9.1378E-13 9.4261E-13 9.7215E-13 1.0024E-12 1.0334E-12 1.0651E-12 1.0976E-12 1.1308E-12 1.1648E-12 1.1996E-12 1.2352E-12 1.2715E-12 1.3087E-12 1.3467E-12 1.3854E-12 1.4251E-12 1.4655E-12 1.5068E-12 1.5489E-12 1.5919E-12 1.6357E-12 1.6804E-12 1.7260E-12 1.7725E-12 1.8198E-12 1.8680E-12 2.7945E-12 4.6723E-12 5.1369E-12 5.6301E-12 5.9258E-12 6.2369E-12 6.5638E-12 7.7246E-12 9.6577E-12 1.2240E-11 1.6657E-11 1.9282E-11 2.1328E-11 2.3154E-11 2.5468E-11 2.7949E-11 3.0605E-11 3.3333E-11 3.6244E-11 3.9267E-11 4.2487E-11 4.5615E-11 4.8953E-11 5.2495E-11
7.1775E-13 7.4145E-13 7.6578E-13 7.9075E-13 8.1637E-13 8.4263E-13 8.6957E-13 8.9719E-13 9.2549E-13 9.5449E-13 9.8420E-13 1.0146E-12 1.0458E-12 1.0777E-12 1.1103E-12 1.1437E-12 1.1778E-12 1.2127E-12 1.2484E-12 1.2849E-12 1.3222E-12 1.3603E-12 1.3992E-12 1.4389E-12 1.4794E-12 1.5208E-12 1.5630E-12 1.6060E-12 1.6499E-12 1.6947E-12 1.7403E-12 1.7867E-12 1.8341E-12 1.8823E-12 4.1679E-12 5.0461E-12 5.5307E-12 5.8213E-12 6.1269E-12 6.4481E-12 6.7858E-12 9.4905E-12 1.1904E-11 1.5017E-11 1.8830E-11 2.0960E-11 2.2754E-11 2.4667E-11 2.7462E-11 2.9703E-11 3.2459E-11 3.5606E-11 3.8281E-11 4.1736E-11 4.4808E-11 4.8086E-11 5.1564E-11
7.0457E-13 7.2784E-13 7.5172E-13 7.7623E-13 8.0137E-13 8.2716E-13 8.5360E-13 8.8071E-13 9.0850E-13 9.3696E-13 9.6612E-13 9.9599E-13 1.0266E-12 1.0579E-12 1.0899E-12 1.1227E-12 1.1562E-12 1.1905E-12 1.2255E-12 1.2613E-12 1.2979E-12 1.3353E-12 1.3735E-12 1.4125E-12 1.4523E-12 1.4929E-12 1.5343E-12 1.5765E-12 1.6196E-12 1.6635E-12 1.7083E-12 1.7539E-12 1.8004E-12 1.8477E-12 3.2437E-12 4.7364E-12 5.4308E-12 5.7162E-12 6.0162E-12 6.3317E-12 6.6633E-12 8.2730E-12 1.1566E-11 1.4503E-11 1.7908E-11 2.0586E-11 2.2347E-11 2.4226E-11 2.6614E-11 2.9166E-11 3.1510E-11 3.4672E-11 3.7583E-11 4.0684E-11 4.3987E-11 4.7203E-11 5.0617E-11
6.9149E-13 7.1433E-13 7.3777E-13 7.6182E-13 7.8650E-13 8.1181E-13 8.3776E-13 8.6437E-13 8.9163E-13 9.1957E-13 9.4819E-13 9.7750E-13 1.0075E-12 1.0382E-12 1.0697E-12 1.1018E-12 1.1347E-12 1.1684E-12 1.2028E-12 1.2379E-12 1.2738E-12 1.3105E-12 1.3480E-12 1.3862E-12 1.4253E-12 1.4651E-12 1.5058E-12 1.5473E-12 1.5896E-12 1.6327E-12 1.6766E-12 1.7214E-12 1.7670E-12 1.8134E-12 3.1838E-12 4.6490E-12 5.1156E-12 5.6106E-12 5.9051E-12 6.2148E-12 6.5402E-12 7.9915E-12 9.9561E-12 1.3991E-11 1.7335E-11 1.9498E-11 2.1565E-11 2.3778E-11 2.5742E-11 2.8622E-11 3.0920E-11 3.3667E-11 3.6595E-11 3.9915E-11 4.2871E-11 4.6008E-11 4.9656E-11
6.7852E-13 7.0093E-13 7.2392E-13 7.4752E-13 7.7174E-13 7.9657E-13 8.2204E-13 8.4814E-13 8.7490E-13 9.0231E-13 9.3040E-13 9.5915E-13 9.8860E-13 1.0187E-12 1.0496E-12 1.0812E-12 1.1134E-12 1.1464E-12 1.1802E-12 1.2147E-12 1.2499E-12 1.2859E-12 1.3227E-12 1.3602E-12 1.3986E-12 1.4377E-12 1.4775E-12 1.5182E-12 1.5597E-12 1.6020E-12 1.6451E-12 1.6891E-12 1.7338E-12 1.7794E-12 2.6980E-12 4.5613E-12 5.0190E-12 5.5046E-12 5.7936E-12 6.0974E-12 6.4167E-12 7.8409E-12 9.5123E-12 1.2352E-11 1.6765E-11 1.9130E-11 2.1156E-11 2.2962E-11 2.5249E-11 2.7700E-11 3.0323E-11 3.3014E-11 3.5883E-11 3.8862E-11 4.2033E-11 4.5108E-11 4.8388E-11
6.6565E-13 6.8763E-13 7.1019E-13 7.3335E-13 7.5710E-13 7.8147E-13 8.0645E-13 8.3206E-13 8.5830E-13 8.8520E-13 9.1275E-13 9.4096E-13 9.6985E-13 9.9943E-13 1.0297E-12 1.0606E-12 1.0923E-12 1.1247E-12 1.1578E-12 1.1916E-12 1.2262E-12 1.2615E-12 1.2976E-12 1.3344E-12 1.3720E-12 1.4104E-12 1.4495E-12 1.4894E-12 1.5302E-12 1.5716E-12 1.6139E-12 1.6570E-12 1.7009E-12 1.7456E-12 1.7911E-12 3.1984E-12 4.9223E-12 5.3984E-12 5.6817E-12 5.9797E-12 6.2928E-12 6.6218E-12 9.3289E-12 1.1736E-11 1.4967E-11 1.8286E-11 2.0742E-11 2.2511E-11 2.4396E-11 2.7151E-11 2.9356E-11 3.1703E-11 3.5163E-11 3.7789E-11 4.0893E-11 4.4197E-11 4.7410E-11
6.5289E-13 6.7445E-13 6.9658E-13 7.1929E-13 7.4259E-13 7.6648E-13 7.9099E-13 8.1611E-13 8.4185E-13 8.6823E-13 8.9525E-13 9.2293E-13 9.5127E-13 9.8027E-13 1.0100E-12 1.0403E-12 1.0714E-12 1.1031E-12 1.1356E-12 1.1688E-12 1.2027E-12 1.2373E-12 1.2727E-12 1.3089E-12 1.3457E-12 1.3834E-12 1.4217E-12 1.4609E-12 1.5008E-12 1.5415E-12 1.5830E-12 1.6253E-12 1.6683E-12 1.7122E-12 1.7568E-12 3.1360E-12 4.6091E-12 5.0753E-12 5.5697E-12 5.8617E-12 6.1686E-12 6.4911E-12 8.0943E-12 1.1008E-11 1.4297E-11 1.7681E-11 1.9608E-11 2.2056E-11 2.3902E-11 2.6249E-11 2.8755E-11 3.1053E-11 3.3800E-11 3.6725E-11 4.0044E-11 4.2991E-11 4.6118E-11
6.4024E-13 6.6139E-13 6.8309E-13 7.0536E-13 7.2821E-13 7.5164E-13 7.7567E-13 8.0030E-13 8.2555E-13 8.5142E-13 8.7791E-13 9.0505E-13 9.3284E-13 9.6129E-13 9.9039E-13 1.0202E-12 1.0506E-12 1.0818E-12 1.1136E-12 1.1462E-12 1.1794E-12 1.2134E-12 1.2481E-12 1.2835E-12 1.3197E-12 1.3566E-12 1.3942E-12 1.4326E-12 1.4718E-12 1.5117E-12 1.5523E-12 1.5938E-12 1.6360E-12 1.6790E-12 1.7228E-12 2.6450E-12 4.5166E-12 4.9733E-12 5.4576E-12 5.7436E-12 6.0443E-12 6.3602E-12 7.9307E-12 9.7528E-12 1.3398E-11 1.7071E-11 1.9204E-11 2.1234E-11 2.3403E-11 2.5327E-11 2.7777E-11 3.0397E-11 3.3083E-11 3.5943E-11 3.8913E-11 4.2071E-11 4.5129E-11
6.2771E-13 6.4844E-13 6.6972E-13 6.9156E-13 7.1396E-13 7.3693E-13 7.6049E-13 7.8464E-13 8.0939E-13 8.3475E-13 8.6074E-13 8.8734E-13 9.1458E-13 9.4247E-13 9.7101E-13 1.0002E-12 1.0301E-12 1.0606E-12 1.0918E-12 1.1237E-12 1.1563E-12 1.1896E-12 1.2237E-12 1.2584E-12 1.2938E-12 1.3300E-12 1.3669E-12 1.4046E-12 1.4430E-12 1.4821E-12 1.5220E-12 1.5626E-12 1.6040E-12 1.6461E-12 1.6891E-12 1.7327E-12 4.0040E-12 4.8714E-12 5.3454E-12 5.6255E-12 5.9199E-12 6.2292E-12 7.6384E-12 9.2926E-12 1.1980E-11 1.5740E-11 1.8798E-11 2.0781E-11 2.2546E-11 2.4426E-11 2.7176E-11 2.9372E-11 3.2072E-11 3.5156E-11 3.7765E-11 4.1144E-11 4.4133E-11
6.1530E-13 6.3563E-13 6.5648E-13 6.7788E-13 6.9984E-13 7.2236E-13 7.4546E-13 7.6913E-13 7.9339E-13 8.1825E-13 8.4372E-13 8.6980E-13 8.9650E-13 9.2384E-13 9.5181E-13 9.8043E-13 1.0097E-12 1.0396E-12 1.0702E-12 1.1015E-12 1.1335E-12 1.1661E-12 1.1995E-12 1.2335E-12 1.2683E-12 1.3037E-12 1.3399E-12 1.3768E-12 1.4144E-12 1.4528E-12 1.4919E-12 1.5317E-12 1.5723E-12 1.6136E-12 1.6557E-12 1.6985E-12 3.0792E-12 4.5526E-12 5.0162E-12 5.5075E-12 5.7956E-12 6.0983E-12 6.4162E-12 8.8273E-12 1.1469E-11 1.4534E-11 1.7805E-11 1.9608E-11 2.2051E-11 2.3887E-11 2.6224E-11 2.8718E-11 3.0999E-11 3.3727E-11 3.6631E-11 3.9926E-11 4.2845E-11
6.0302E-13 6.2293E-13 6.4337E-13 6.6435E-13 6.8587E-13 7.0794E-13 7.3057E-13 7.5377E-13 7.7755E-13 8.0191E-13 8.2687E-13 8.5243E-13 8.7860E-13 9.0539E-13 9.3280E-13 9.6085E-13 9.8954E-13 1.0189E-12 1.0489E-12 1.0795E-12 1.1108E-12 1.1428E-12 1.1755E-12 1.2089E-12 1.2429E-12 1.2777E-12 1.3131E-12 1.3493E-12 1.3862E-12 1.4238E-12 1.4621E-12 1.5011E-12 1.5409E-12 1.5814E-12 1.6226E-12 1.6645E-12 2.5856E-12 4.4558E-12 4.9092E-12 5.3897E-12 5.6715E-12 5.9676E-12 6.2785E-12 7.8578E-12 1.0208E-11 1.3481E-11 1.7289E-11 1.9170E-11 2.1189E-11 2.3347E-11 2.5255E-11 2.7688E-11 3.0287E-11 3.2950E-11 3.5784E-11 3.8723E-11 4.1847E-11
5.9085E-13 6.1036E-13 6.3039E-13 6.5095E-13 6.7203E-13 6.9366E-13 7.1583E-13 7.3856E-13 7.6186E-13 7.8573E-13 8.1019E-13 8.3523E-13 8.6088E-13 8.8713E-13 9.1399E-13 9.4147E-13 9.6958E-13 9.9832E-13 1.0277E-12 1.0577E-12 1.0884E-12 1.1198E-12 1.1518E-12 1.1845E-12 1.2179E-12 1.2519E-12 1.2867E-12 1.3221E-12 1.3582E-12 1.3951E-12 1.4326E-12 1.4708E-12 1.5098E-12 1.5495E-12 1.5899E-12 1.6310E-12 1.6728E-12 3.9393E-12 4.8024E-12 5.2721E-12 5.5476E-12 5.8371E-12 6.1412E-12 7.5539E-12 9.4734E-12 1.2287E-11 1.5802E-11 1.8378E-11 2.0700E-11 2.2450E-11 2.4312E-11 2.7039E-11 2.9211E-11 3.1519E-11 3.4934E-11 3.7508E-11 4.0847E-11
5.7881E-13 5.9793E-13 6.1755E-13 6.3769E-13 6.5834E-13 6.7953E-13 7.0125E-13 7.2352E-13 7.4634E-13 7.6973E-13 7.9368E-13 8.1822E-13 8.4334E-13 8.6905E-13 8.9536E-13 9.2229E-13 9.4983E-13 9.7799E-13 1.0068E-12 1.0362E-12 1.0663E-12 1.0970E-12 1.1283E-12 1.1604E-12 1.1930E-12 1.2264E-12 1.2604E-12 1.2952E-12 1.3305E-12 1.3666E-12 1.4034E-12 1.4409E-12 1.4790E-12 1.5179E-12 1.5575E-12 1.5978E-12 1.6387E-12 3.0138E-12 4.4797E-12 4.9384E-12 5.4242E-12 5.7071E-12 6.0042E-12 6.8490E-12 8.7347E-12 1.1633E-11 1.4442E-11 1.7708E-11 1.9496E-11 2.1917E-11 2.3733E-11 2.5664E-11 2.8507E-11 3.0758E-11 3.3450E-11 3.6312E-11 3.9561E-11
5.6691E-13 5.8563E-13 6.0485E-13 6.2457E-13 6.4480E-13 6.6555E-13 6.8682E-13 7.0863E-13 7.3099E-13 7.5389E-13 7.7736E-13 8.0139E-13 8.2599E-13 8.5117E-13 8.7695E-13 9.0332E-13 9.3029E-13 9.5786E-13 9.8606E-13 1.0149E-12 1.0443E-12 1.0744E-12 1.1051E-12 1.1365E-12 1.1685E-12 1.2012E-12 1.2345E-12 1.2685E-12 1.3032E-12 1.3385E-12 1.3745E-12 1.4112E-12 1.4486E-12 1.4867E-12 1.5254E-12 1.5649E-12 1.6050E-12 2.5201E-12 4.3790E-12 4.8269E-12 5.3012E-12 5.5776E-12 5.8678E-12 6.1724E-12 8.0105E-12 1.0101E-11 1.3492E-11 1.7163E-11 1.9026E-11 2.1022E-11 2.2791E-11 2.5035E-11 2.7434E-11 2.9626E-11 3.2617E-11 3.5405E-11 3.8296E-11
5.5513E-13 5.7346E-13 5.9228E-13 6.1159E-13 6.3140E-13 6.5172E-13 6.7256E-13 6.9391E-13 7.1580E-13 7.3823E-13 7.6121E-13 7.8474E-13 8.0883E-13 8.3349E-13 8.5873E-13 8.8455E-13 9.1096E-13 9.3797E-13 9.6558E-13 9.9380E-13 1.0226E-12 1.0521E-12 1.0822E-12 1.1129E-12 1.1442E-12 1.1762E-12 1.2089E-12 1.2422E-12 1.2761E-12 1.3107E-12 1.3460E-12 1.3819E-12 1.4185E-12 1.4558E-12 1.4937E-12 1.5324E-12 1.5717E-12 1.6117E-12 3.0082E-12 4.4958E-12 5.1788E-12 5.4486E-12 5.7319E-12 6.0294E-12 7.5676E-12 9.3508E-12 1.2410E-11 1.5654E-11 1.8208E-11 2.0500E-11 2.2223E-11 2.4055E-11 2.6390E-11 2.8876E-11 3.1142E-11 3.3855E-11 3.7022E-11
5.4349E-13 5.6144E-13 5.7986E-13 5.9876E-13 6.1816E-13 6.3805E-13 6.5845E-13 6.7936E-13 7.0079E-13 7.2275E-13 7.4524E-13 7.6828E-13 7.9187E-13 8.1601E-13 8.4072E-13 8.6600E-13 8.9185E-13 9.1830E-13 9.4533E-13 9.7295E-13 1.0012E-12 1.0300E-12 1.0595E-12 1.0895E-12 1.1202E-12 1.1516E-12 1.1835E-12 1.2161E-12 1.2493E-12 1.2832E-12 1.3178E-12 1.3529E-12 1.3888E-12 1.4253E-12 1.4624E-12 1.5002E-12 1.5387E-12 1.5779E-12 2.9400E-12 4.3909E-12 4.8425E-12 5.3203E-12 5.5968E-12 5.8871E-12 6.7261E-12 8.6015E-12 1.1118E-11 1.4521E-11 1.7511E-11 1.9272E-11 2.1288E-11 2.3439E-11 2.5334E-11 2.7752E-11 3.0332E-11 3.2971E-11 3.5773E-11
5.3198E-13 5.4955E-13 5.6758E-13 5.8609E-13 6.0507E-13 6.2454E-13 6.4451E-13 6.6498E-13 6.8595E-13 7.0744E-13 7.2946E-13 7.5201E-13 7.7510E-13 7.9873E-13 8.2292E-13 8.4766E-13 8.7297E-13 8.9885E-13 9.2531E-13 9.5235E-13 9.7998E-13 1.0082E-12 1.0370E-12 1.0665E-12 1.0965E-12 1.1272E-12 1.1585E-12 1.1904E-12 1.2229E-12 1.2560E-12 1.2898E-12 1.3243E-12 1.3594E-12 1.3951E-12 1.4315E-12 1.4685E-12 1.5061E-12 1.5444E-12 1.5834E-12 3.8634E-12 4.7270E-12 5.1929E-12 5.4625E-12 5.7456E-12 6.0427E-12 7.8694E-12 9.9448E-12 1.3049E-11 1.6587E-11 1.8775E-11 2.0734E-11 2.2469E-11 2.4312E-11 2.7018E-11 2.9162E-11 3.1436E-11 3.4814E-11
5.2061E-13 5.3780E-13 5.5545E-13 5.7356E-13 5.9214E-13 6.1119E-13 6.3073E-13 6.5076E-13 6.7129E-13 6.9232E-13 7.1387E-13 7.3594E-13 7.5853E-13 7.8166E-13 8.0533E-13 8.2954E-13 8.5431E-13 8.7964E-13 9.0553E-13 9.3199E-13 9.5904E-13 9.8666E-13 1.0149E-12 1.0437E-12 1.0731E-12 1.1031E-12 1.1337E-12 1.1649E-12 1.1967E-12 1.2292E-12 1.2623E-12 1.2960E-12 1.3303E-12 1.3653E-12 1.4009E-12 1.4371E-12 1.4739E-12 1.5114E-12 1.5496E-12 2.9279E-12 4.3949E-12 4.8490E-12 5.3292E-12 5.6052E-12 5.8947E-12 7.1487E-12 9.1837E-12 1.1834E-11 1.5043E-11 1.7816E-11 1.9467E-11 2.1869E-11 2.3660E-11 2.5562E-11 2.8371E-11 3.0581E-11 3.3226E-11
5.0938E-13 5.2620E-13 5.4346E-13 5.6118E-13 5.7936E-13 5.9801E-13 6.1712E-13 6.3672E-13 6.5681E-13 6.7739E-13 6.9847E-13 7.2006E-13 7.4217E-13 7.6479E-13 7.8795E-13 8.1165E-13 8.3588E-13 8.6066E-13 8.8599E-13 9.1189E-13 9.3835E-13 9.6537E-13 9.9297E-13 1.0212E-12 1.0499E-12 1.0793E-12 1.1092E-12 1.1398E-12 1.1709E-12 1.2027E-12 1.2350E-12 1.2680E-12 1.3016E-12 1.3358E-12 1.3706E-12 1.4061E-12 1.4421E-12 1.4788E-12 1.5161E-12 2.4297E-12 4.2869E-12 4.7291E-12 5.1969E-12 5.4657E-12 5.7479E-12 6.3106E-12 8.1650E-12 1.0654E-11 1.3666E-11 1.7217E-11 1.8941E-11 2.0911E-11 2.2651E-11 2.4859E-11 2.7216E-11 2.9362E-11 3.2298E-11
4.9828E-13 5.1474E-13 5.3163E-13 5.4896E-13 5.6674E-13 5.8498E-13 6.0368E-13 6.2285E-13 6.4250E-13 6.6264E-13 6.8326E-13 7.0438E-13 7.2601E-13 7.4814E-13 7.7080E-13 7.9397E-13 8.1768E-13 8.4192E-13 8.6670E-13 8.9203E-13 9.1791E-13 9.4435E-13 9.7135E-13 9.9892E-13 1.0271E-12 1.0558E-12 1.0851E-12 1.1150E-12 1.1454E-12 1.1765E-12 1.2082E-12 1.2404E-12 1.2733E-12 1.3067E-12 1.3408E-12 1.3755E-12 1.4107E-12 1.4466E-12 1.4831E-12 1.5202E-12 2.9113E-12 4.3906E-12 5.0657E-12 5.3275E-12 5.6023E-12 5.8905E-12 7.4339E-12 9.4820E-12 1.2292E-11 1.5785E-11 1.8072E-11 1.9984E-11 2.2019E-11 2.3812E-11 2.6099E-11 2.8530E-11 3.0738E-11
4.8733E-13 5.0343E-13 5.1995E-13 5.3690E-13 5.5429E-13 5.7213E-13 5.9042E-13 6.0917E-13 6.2838E-13 6.4808E-13 6.6824E-13 6.8890E-13 7.1005E-13 7.3170E-13 7.5386E-13 7.7652E-13 7.9971E-13 8.2342E-13 8.4766E-13 8.7243E-13 8.9774E-13 9.2360E-13 9.5001E-13 9.7697E-13 1.0045E-12 1.0326E-12 1.0612E-12 1.0905E-12 1.1203E-12 1.1506E-12 1.1816E-12 1.2131E-12 1.2453E-12 1.2780E-12 1.3113E-12 1.3452E-12 1.3797E-12 1.4148E-12 1.4505E-12 1.4868E-12 2.8400E-12 4.2790E-12 4.7222E-12 5.1906E-12 5.4580E-12 5.7385E-12 6.7057E-12 8.7097E-12 1.1218E-11 1.4119E-11 1.7326E-11 1.9055E-11 2.1028E-11 2.2768E-11 2.4977E-11 2.7334E-11 2.9475E-11
4.7653E-13 4.9226E-13 5.0842E-13 5.2499E-13 5.4200E-13 5.5944E-13 5.7732E-13 5.9566E-13 6.1445E-13 6.3370E-13 6.5342E-13 6.7362E-13 6.9431E-13 7.1547E-13 7.3714E-13 7.5930E-13 7.8198E-13 8.0516E-13 8.2886E-13 8.5308E-13 8.7783E-13 9.0312E-13 9.2894E-13 9.5530E-13 9.8222E-13 1.0097E-12 1.0377E-12 1.0663E-12 1.0954E-12 1.1251E-12 1.1554E-12 1.1862E-12 1.2177E-12 1.2497E-12 1.2822E-12 1.3154E-12 1.3491E-12 1.3835E-12 1.4184E-12 1.4538E-12 1.4899E-12 3.7482E-12 4.5995E-12 5.0550E-12 5.3152E-12 5.5881E-12 6.1386E-12 7.6974E-12 1.0019E-11 1.2978E-11 1.5984E-11 1.8158E-11 2.0419E-11 2.2106E-11 2.3895E-11 2.6178E-11 2.8603E-11
4.6586E-13 4.8125E-13 4.9704E-13 5.1324E-13 5.2987E-13 5.4692E-13 5.6441E-13 5.8233E-13 6.0070E-13 6.1952E-13 6.3881E-13 6.5855E-13 6.7877E-13 6.9946E-13 7.2064E-13 7.4231E-13 7.6448E-13 7.8714E-13 8.1031E-13 8.3399E-13 8.5819E-13 8.8291E-13 9.0815E-13 9.3393E-13 9.6024E-13 9.8709E-13 1.0145E-12 1.0424E-12 1.0709E-12 1.0999E-12 1.1295E-12 1.1597E-12 1.1904E-12 1.2217E-12 1.2536E-12 1.2860E-12 1.3189E-12 1.3525E-12 1.3866E-12 1.4213E-12 1.4566E-12 2.8172E-12 4.2630E-12 4.7059E-12 5.1738E-12 5.4392E-12 5.7174E-12 6.9627E-12 8.9704E-12 1.1242E-11 1.4905E-11 1.7509E-11 1.9114E-11 2.1085E-11 2.2819E-11 2.5021E-11 2.7369E-11
4.5535E-13 4.7038E-13 4.8582E-13 5.0166E-13 5.1791E-13 5.3457E-13 5.5166E-13 5.6918E-13 5.8714E-13 6.0554E-13 6.2438E-13 6.4368E-13 6.6344E-13 6.8367E-13 7.0437E-13 7.2555E-13 7.4722E-13 7.6937E-13 7.9201E-13 8.1516E-13 8.3881E-13 8.6297E-13 8.8765E-13 9.1284E-13 9.3856E-13 9.6480E-13 9.9157E-13 1.0189E-12 1.0467E-12 1.0751E-12 1.1040E-12 1.1335E-12 1.1635E-12 1.1941E-12 1.2253E-12 1.2569E-12 1.2892E-12 1.3220E-12 1.3553E-12 1.3892E-12 1.4237E-12 1.4587E-12 3.7267E-12 4.5796E-12 5.0341E-12 5.2920E-12 5.5624E-12 6.1142E-12 8.0773E-12 1.0150E-11 1.3247E-11 1.6140E-11 1.8192E-11 2.0449E-11 2.2127E-11 2.3907E-11 2.6178E-11
4.4497E-13 4.5967E-13 4.7475E-13 4.9023E-13 5.0611E-13 5.2240E-13 5.3910E-13 5.5622E-13 5.7376E-13 5.9174E-13 6.1016E-13 6.2902E-13 6.4833E-13 6.6810E-13 6.8833E-13 7.0903E-13 7.3020E-13 7.5184E-13 7.7398E-13 7.9660E-13 8.1971E-13 8.4332E-13 8.6743E-13 8.9205E-13 9.1718E-13 9.4282E-13 9.6899E-13 9.9567E-13 1.0229E-12 1.0506E-12 1.0789E-12 1.1077E-12 1.1370E-12 1.1669E-12 1.1973E-12 1.2283E-12 1.2598E-12 1.2919E-12 1.3244E-12 1.3576E-12 1.3913E-12 1.4255E-12 2.7900E-12 4.2388E-12 4.6804E-12 5.1466E-12 5.4092E-12 5.6845E-12 7.1968E-12 8.9559E-12 1.1620E-11 1.5163E-11 1.7520E-11 1.9117E-11 2.1079E-11 2.2801E-11 2.4989E-11
