Assets/Resources/2015_m01_d11_1500(utc+0800)_l00_csi_1hr_conc.grd
DSAA
         159         159
     -79.000      79.000
     -79.000      79.000
  0.0000E+00  0.2235E-05
[rows 0 to 24 of 159, columns 57 to 113 of 159]
1.9128E-10 1.9467E-10 1.9790E-10 2.0096E-10 2.0382E-10 2.0648E-10 2.0893E-10 2.1116E-10 2.1314E-10 2.1488E-10 2.1637E-10 2.1758E-10 2.1853E-10 2.1918E-10 2.1956E-10 2.1963E-10 2.1941E-10 2.1889E-10 2.1807E-10 2.1694E-10 2.1551E-10 2.1378E-10 2.1176E-10 2.0944E-10 2.0684E-10 2.0395E-10 2.0080E-10 1.9739E-10 1.9373E-10 1.8983E-10 1.8572E-10 1.8139E-10 1.7687E-10 1.7217E-10 1.6731E-10 1.6231E-10 1.5718E-10 1.5195E-10 1.4662E-10 1.4123E-10 1.3579E-10 1.3031E-10 1.2482E-10 1.1934E-10 1.1387E-10 1.0845E-10 1.0308E-10 9.7780E-11 9.2566E-11 8.7450E-11 8.2447E-11 7.7567E-11 7.2821E-11 6.8219E-11 6.3769E-11 5.9478E-11 5.5353E-11
1.9250E-10 1.9594E-10 1.9921E-10 2.0231E-10 2.0521E-10 2.0791E-10 2.1039E-10 2.1264E-10 2.1465E-10 2.1642E-10 2.1792E-10 2.1914E-10 2.2010E-10 2.2076E-10 2.2113E-10 2.2120E-10 2.2097E-10 2.2044E-10 2.1959E-10 2.1844E-10 2.1698E-10 2.1522E-10 2.1316E-10 2.1080E-10 2.0815E-10 2.0521E-10 2.0201E-10 1.9854E-10 1.9482E-10 1.9086E-10 1.8668E-10 1.8228E-10 1.7769E-10 1.7292E-10 1.6799E-10 1.6292E-10 1.5772E-10 1.5242E-10 1.4703E-10 1.4157E-10 1.3606E-10 1.3052E-10 1.2496E-10 1.1942E-10 1.1390E-10 1.0842E-10 1.0300E-10 9.7652E-11 9.2394E-11 8.7238E-11 8.2198E-11 7.7286E-11 7.2511E-11 6.7884E-11 6.3413E-11 5.9116E-11 5.4993E-11
1.9348E-10 1.9696E-10 2.0027E-10 2.0340E-10 2.0634E-10 2.0907E-10 2.1158E-10 2.1385E-10 2.1589E-10 2.1767E-10 2.1918E-10 2.2042E-10 2.2138E-10 2.2204E-10 2.2241E-10 2.2248E-10 2.2223E-10 2.2168E-10 2.2082E-10 2.1964E-10 2.1816E-10 2.1636E-10 2.1426E-10 2.1186E-10 2.0916E-10 2.0618E-10 2.0293E-10 1.9940E-10 1.9563E-10 1.9161E-10 1.8736E-10 1.8290E-10 1.7825E-10 1.7342E-10 1.6842E-10 1.6328E-10 1.5802E-10 1.5265E-10 1.4720E-10 1.4168E-10 1.3611E-10 1.3051E-10 1.2490E-10 1.1930E-10 1.1373E-10 1.0821E-10 1.0274E-10 9.7357E-11 9.2063E-11 8.6876E-11 8.1807E-11 7.6870E-11 7.2075E-11 6.7438E-11 6.2971E-11 5.8670E-11 5.4539E-11
1.9420E-10 1.9772E-10 2.0106E-10 2.0422E-10 2.0719E-10 2.0995E-10 2.1248E-10 2.1478E-10 2.1683E-10 2.1862E-10 2.2015E-10 2.2140E-10 2.2235E-10 2.2302E-10 2.2338E-10 2.2344E-10 2.2319E-10 2.2262E-10 2.2173E-10 2.2053E-10 2.1902E-10 2.1719E-10 2.1505E-10 2.1261E-10 2.0987E-10 2.0685E-10 2.0354E-10 1.9997E-10 1.9614E-10 1.9206E-10 1.8776E-10 1.8324E-10 1.7853E-10 1.7364E-10 1.6858E-10 1.6339E-10 1.5807E-10 1.5264E-10 1.4713E-10 1.4155E-10 1.3593E-10 1.3028E-10 1.2463E-10 1.1899E-10 1.1337E-10 1.0781E-10 1.0231E-10 9.6894E-11 9.1572E-11 8.6361E-11 8.1272E-11 7.6322E-11 7.1533E-11 6.6897E-11 6.2424E-11 5.8132E-11 5.4018E-11
1.9467E-10 1.9821E-10 2.0158E-10 2.0477E-10 2.0776E-10 2.1054E-10 2.1309E-10 2.1541E-10 2.1747E-10 2.1928E-10 2.2081E-10 2.2206E-10 2.2302E-10 2.2368E-10 2.2404E-10 2.2408E-10 2.2382E-10 2.2323E-10 2.2232E-10 2.2110E-10 2.1955E-10 2.1769E-10 2.1552E-10 2.1304E-10 2.1026E-10 2.0719E-10 2.0384E-10 2.0022E-10 1.9634E-10 1.9221E-10 1.8786E-10 1.8329E-10 1.7852E-10 1.7358E-10 1.6847E-10 1.6322E-10 1.5785E-10 1.5237E-10 1.4681E-10 1.4119E-10 1.3552E-10 1.2983E-10 1.2414E-10 1.1846E-10 1.1282E-10 1.0722E-10 1.0170E-10 9.6259E-11 9.0918E-11 8.5692E-11 8.0611E-11 7.5668E-11 7.0874E-11 6.6247E-11 6.1792E-11 5.7508E-11 5.3414E-11
1.9486E-10 1.9842E-10 2.0182E-10 2.0503E-10 2.0804E-10 2.1083E-10 2.1340E-10 2.1572E-10 2.1780E-10 2.1961E-10 2.2115E-10 2.2240E-10 2.2336E-10 2.2401E-10 2.2436E-10 2.2440E-10 2.2411E-10 2.2351E-10 2.2258E-10 2.2133E-10 2.1976E-10 2.1787E-10 2.1566E-10 2.1314E-10 2.1033E-10 2.0722E-10 2.0382E-10 2.0015E-10 1.9623E-10 1.9206E-10 1.8765E-10 1.8304E-10 1.7822E-10 1.7323E-10 1.6808E-10 1.6278E-10 1.5737E-10 1.5185E-10 1.4625E-10 1.4059E-10 1.3488E-10 1.2916E-10 1.2344E-10 1.1773E-10 1.1206E-10 1.0645E-10 1.0091E-10 9.5452E-11 9.0118E-11 8.4904E-11 7.9820E-11 7.4885E-11 7.0113E-11 6.5500E-11 6.1065E-11 5.6810E-11 5.2732E-11
1.9477E-10 1.9835E-10 2.0176E-10 2.0499E-10 2.0801E-10 2.1082E-10 2.1339E-10 2.1573E-10 2.1781E-10 2.1962E-10 2.2116E-10 2.2240E-10 2.2336E-10 2.2400E-10 2.2434E-10 2.2436E-10 2.2406E-10 2.2344E-10 2.2249E-10 2.2121E-10 2.1961E-10 2.1769E-10 2.1545E-10 2.1290E-10 2.1005E-10 2.0690E-10 2.0347E-10 1.9976E-10 1.9579E-10 1.9158E-10 1.8714E-10 1.8248E-10 1.7762E-10 1.7259E-10 1.6740E-10 1.6206E-10 1.5661E-10 1.5106E-10 1.4542E-10 1.3973E-10 1.3400E-10 1.2826E-10 1.2251E-10 1.1679E-10 1.1110E-10 1.0548E-10 9.9942E-11 9.4504E-11 8.9173E-11 8.3966E-11 7.8908E-11 7.3993E-11 6.9241E-11 6.4661E-11 6.0249E-11 5.6025E-11 5.1985E-11
1.9439E-10 1.9799E-10 2.0141E-10 2.0464E-10 2.0767E-10 2.1048E-10 2.1306E-10 2.1540E-10 2.1748E-10 2.1929E-10 2.2082E-10 2.2207E-10 2.2301E-10 2.2365E-10 2.2397E-10 2.2398E-10 2.2366E-10 2.2301E-10 2.2204E-10 2.2074E-10 2.1911E-10 2.1716E-10 2.1489E-10 2.1231E-10 2.0943E-10 2.0624E-10 2.0277E-10 1.9903E-10 1.9503E-10 1.9078E-10 1.8630E-10 1.8161E-10 1.7672E-10 1.7165E-10 1.6642E-10 1.6106E-10 1.5558E-10 1.5000E-10 1.4434E-10 1.3863E-10 1.3288E-10 1.2712E-10 1.2137E-10 1.1563E-10 1.0995E-10 1.0435E-10 9.8820E-11 9.3388E-11 8.8086E-11 8.2907E-11 7.7868E-11 7.2991E-11 6.8269E-11 6.3720E-11 5.9352E-11 5.5164E-11 5.1181E-11
1.9373E-10 1.9733E-10 2.0075E-10 2.0399E-10 2.0702E-10 2.0983E-10 2.1241E-10 2.1474E-10 2.1682E-10 2.1862E-10 2.2015E-10 2.2138E-10 2.2231E-10 2.2293E-10 2.2324E-10 2.2323E-10 2.2289E-10 2.2223E-10 2.2123E-10 2.1991E-10 2.1825E-10 2.1628E-10 2.1398E-10 2.1137E-10 2.0845E-10 2.0524E-10 2.0174E-10 1.9796E-10 1.9393E-10 1.8965E-10 1.8514E-10 1.8042E-10 1.7550E-10 1.7041E-10 1.6516E-10 1.5977E-10 1.5427E-10 1.4867E-10 1.4300E-10 1.3728E-10 1.3152E-10 1.2576E-10 1.2000E-10 1.1429E-10 1.0863E-10 1.0303E-10 9.7533E-11 9.2137E-11 8.6854E-11 8.1716E-11 7.6717E-11 7.1872E-11 6.7198E-11 6.2691E-11 5.8381E-11 5.4258E-11 5.0322E-11
1.9276E-10 1.9636E-10 1.9978E-10 2.0301E-10 2.0604E-10 2.0884E-10 2.1142E-10 2.1374E-10 2.1581E-10 2.1760E-10 2.1912E-10 2.2033E-10 2.2125E-10 2.2186E-10 2.2215E-10 2.2212E-10 2.2176E-10 2.2107E-10 2.2005E-10 2.1870E-10 2.1703E-10 2.1502E-10 2.1270E-10 2.1006E-10 2.0712E-10 2.0387E-10 2.0035E-10 1.9655E-10 1.9249E-10 1.8818E-10 1.8365E-10 1.7891E-10 1.7397E-10 1.6886E-10 1.6359E-10 1.5819E-10 1.5268E-10 1.4708E-10 1.4140E-10 1.3568E-10 1.2992E-10 1.2418E-10 1.1845E-10 1.1275E-10 1.0712E-10 1.0156E-10 9.6087E-11 9.0733E-11 8.5498E-11 8.0395E-11 7.5448E-11 7.0652E-11 6.6036E-11 6.1602E-11 5.7345E-11 5.3291E-11 4.9427E-11
1.9150E-10 1.9508E-10 1.9850E-10 2.0172E-10 2.0473E-10 2.0753E-10 2.1009E-10 2.1240E-10 2.1445E-10 2.1623E-10 2.1773E-10 2.1893E-10 2.1983E-10 2.2042E-10 2.2069E-10 2.2063E-10 2.2025E-10 2.1954E-10 2.1850E-10 2.1713E-10 2.1543E-10 2.1340E-10 2.1105E-10 2.0839E-10 2.0542E-10 2.0216E-10 1.9861E-10 1.9479E-10 1.9071E-10 1.8638E-10 1.8183E-10 1.7707E-10 1.7213E-10 1.6700E-10 1.6173E-10 1.5633E-10 1.5081E-10 1.4521E-10 1.3954E-10 1.3384E-10 1.2811E-10 1.2239E-10 1.1669E-10 1.1103E-10 1.0543E-10 9.9915E-11 9.4497E-11 8.9184E-11 8.4004E-11 7.8959E-11 7.4069E-11 6.9351E-11 6.4799E-11 6.0435E-11 5.6260E-11 5.2268E-11 4.8482E-11
1.8993E-10 1.9350E-10 1.9689E-10 2.0010E-10 2.0310E-10 2.0587E-10 2.0841E-10 2.1071E-10 2.1274E-10 2.1450E-10 2.1598E-10 2.1716E-10 2.1803E-10 2.1860E-10 2.1885E-10 2.1877E-10 2.1837E-10 2.1764E-10 2.1657E-10 2.1518E-10 2.1345E-10 2.1140E-10 2.0903E-10 2.0635E-10 2.0336E-10 2.0008E-10 1.9651E-10 1.9268E-10 1.8858E-10 1.8425E-10 1.7969E-10 1.7492E-10 1.6997E-10 1.6485E-10 1.5958E-10 1.5418E-10 1.4867E-10 1.4309E-10 1.3745E-10 1.3177E-10 1.2608E-10 1.2039E-10 1.1473E-10 1.0912E-10 1.0358E-10 9.8114E-11 9.2752E-11 8.7504E-11 8.2383E-11 7.7419E-11 7.2604E-11 6.7958E-11 6.3494E-11 5.9204E-11 5.5109E-11 5.1206E-11 4.7491E-11
1.8806E-10 1.9160E-10 1.9497E-10 1.9815E-10 2.0113E-10 2.0388E-10 2.0640E-10 2.0867E-10 2.1068E-10 2.1241E-10 2.1386E-10 2.1502E-10 2.1587E-10 2.1642E-10 2.1664E-10 2.1654E-10 2.1611E-10 2.1536E-10 2.1427E-10 2.1285E-10 2.1111E-10 2.0904E-10 2.0665E-10 2.0395E-10 2.0094E-10 1.9765E-10 1.9407E-10 1.9022E-10 1.8612E-10 1.8178E-10 1.7722E-10 1.7246E-10 1.6751E-10 1.6239E-10 1.5713E-10 1.5175E-10 1.4628E-10 1.4072E-10 1.3511E-10 1.2948E-10 1.2383E-10 1.1820E-10 1.1259E-10 1.0704E-10 1.0156E-10 9.6161E-11 9.0865E-11 8.5698E-11 8.0663E-11 7.5773E-11 7.1051E-11 6.6492E-11 6.2111E-11 5.7918E-11 5.3905E-11 5.0092E-11 4.6471E-11
1.8588E-10 1.8940E-10 1.9274E-10 1.9589E-10 1.9883E-10 2.0155E-10 2.0404E-10 2.0628E-10 2.0826E-10 2.0997E-10 2.1139E-10 2.1252E-10 2.1335E-10 2.1386E-10 2.1406E-10 2.1393E-10 2.1348E-10 2.1270E-10 2.1159E-10 2.1015E-10 2.0839E-10 2.0630E-10 2.0390E-10 2.0118E-10 1.9817E-10 1.9486E-10 1.9128E-10 1.8743E-10 1.8333E-10 1.7899E-10 1.7443E-10 1.6968E-10 1.6474E-10 1.5964E-10 1.5441E-10 1.4907E-10 1.4362E-10 1.3811E-10 1.3256E-10 1.2697E-10 1.2138E-10 1.1581E-10 1.1027E-10 1.0479E-10 9.9379E-11 9.4064E-11 8.8859E-11 8.3775E-11 7.8834E-11 7.4042E-11 6.9408E-11 6.4952E-11 6.0667E-11 5.6567E-11 5.2659E-11 4.8935E-11 4.5400E-11
1.8341E-10 1.8689E-10 1.9019E-10 1.9330E-10 1.9621E-10 1.9889E-10 2.0135E-10 2.0355E-10 2.0550E-10 2.0717E-10 2.0856E-10 2.0966E-10 2.1045E-10 2.1094E-10 2.1111E-10 2.1096E-10 2.1048E-10 2.0968E-10 2.0855E-10 2.0709E-10 2.0531E-10 2.0320E-10 2.0079E-10 1.9806E-10 1.9504E-10 1.9173E-10 1.8814E-10 1.8430E-10 1.8020E-10 1.7587E-10 1.7133E-10 1.6659E-10 1.6168E-10 1.5662E-10 1.5142E-10 1.4612E-10 1.4073E-10 1.3527E-10 1.2977E-10 1.2426E-10 1.1874E-10 1.1324E-10 1.0778E-10 1.0238E-10 9.7061E-11 9.1837E-11 8.6729E-11 8.1749E-11 7.6906E-11 7.2221E-11 6.7695E-11 6.3338E-11 5.9165E-11 5.5169E-11 5.1356E-11 4.7732E-11 4.4288E-11
1.8064E-10 1.8407E-10 1.8733E-10 1.9040E-10 1.9326E-10 1.9590E-10 1.9832E-10 2.0048E-10 2.0239E-10 2.0402E-10 2.0538E-10 2.0644E-10 2.0720E-10 2.0766E-10 2.0780E-10 2.0762E-10 2.0711E-10 2.0629E-10 2.0514E-10 2.0366E-10 2.0186E-10 1.9975E-10 1.9732E-10 1.9459E-10 1.9157E-10 1.8826E-10 1.8468E-10 1.8084E-10 1.7676E-10 1.7245E-10 1.6793E-10 1.6322E-10 1.5834E-10 1.5332E-10 1.4818E-10 1.4293E-10 1.3760E-10 1.3221E-10 1.2678E-10 1.2134E-10 1.1591E-10 1.1049E-10 1.0512E-10 9.9824E-11 9.4606E-11 8.9491E-11 8.4489E-11 7.9620E-11 7.4893E-11 7.0318E-11 6.5909E-11 6.1669E-11 5.7602E-11 5.3716E-11 5.0009E-11 4.6480E-11 4.3128E-11
1.7758E-10 1.8096E-10 1.8417E-10 1.8718E-10 1.9000E-10 1.9259E-10 1.9496E-10 1.9708E-10 1.9894E-10 2.0053E-10 2.0185E-10 2.0287E-10 2.0360E-10 2.0402E-10 2.0413E-10 2.0392E-10 2.0339E-10 2.0254E-10 2.0137E-10 1.9988E-10 1.9807E-10 1.9594E-10 1.9351E-10 1.9078E-10 1.8776E-10 1.8445E-10 1.8089E-10 1.7706E-10 1.7300E-10 1.6871E-10 1.6423E-10 1.5956E-10 1.5474E-10 1.4977E-10 1.4468E-10 1.3950E-10 1.3425E-10 1.2894E-10 1.2360E-10 1.1824E-10 1.1290E-10 1.0759E-10 1.0232E-10 9.7132E-11 9.2030E-11 8.7029E-11 8.2150E-11 7.7401E-11 7.2797E-11 6.8348E-11 6.4058E-11 5.9938E-11 5.5990E-11 5.2214E-11 4.8611E-11 4.5181E-11 4.1923E-11
1.7424E-10 1.7756E-10 1.8071E-10 1.8367E-10 1.8642E-10 1.8897E-10 1.9128E-10 1.9335E-10 1.9516E-10 1.9671E-10 1.9798E-10 1.9896E-10 1.9965E-10 2.0004E-10 2.0011E-10 1.9987E-10 1.9932E-10 1.9845E-10 1.9726E-10 1.9575E-10 1.9393E-10 1.9180E-10 1.8937E-10 1.8664E-10 1.8362E-10 1.8033E-10 1.7678E-10 1.7297E-10 1.6894E-10 1.6470E-10 1.6026E-10 1.5564E-10 1.5087E-10 1.4597E-10 1.4096E-10 1.3586E-10 1.3069E-10 1.2547E-10 1.2022E-10 1.1497E-10 1.0973E-10 1.0453E-10 9.9388E-11 9.4318E-11 8.9341E-11 8.4471E-11 7.9720E-11 7.5104E-11 7.0632E-11 6.6313E-11 6.2153E-11 5.8157E-11 5.4326E-11 5.0663E-11 4.7168E-11 4.3841E-11 4.0681E-11
1.7062E-10 1.7388E-10 1.7696E-10 1.7986E-10 1.8255E-10 1.8504E-10 1.8729E-10 1.8931E-10 1.9107E-10 1.9256E-10 1.9379E-10 1.9473E-10 1.9537E-10 1.9572E-10 1.9576E-10 1.9550E-10 1.9492E-10 1.9402E-10 1.9282E-10 1.9130E-10 1.8947E-10 1.8734E-10 1.8490E-10 1.8218E-10 1.7918E-10 1.7590E-10 1.7237E-10 1.6860E-10 1.6460E-10 1.6041E-10 1.5603E-10 1.5147E-10 1.4678E-10 1.4195E-10 1.3702E-10 1.3201E-10 1.2693E-10 1.2181E-10 1.1667E-10 1.1153E-10 1.0642E-10 1.0135E-10 9.6331E-11 9.1399E-11 8.6556E-11 8.1824E-11 7.7216E-11 7.2740E-11 6.8408E-11 6.4225E-11 6.0198E-11 5.6328E-11 5.2619E-11 4.9072E-11 4.5688E-11 4.2466E-11 3.9405E-11
1.6675E-10 1.6993E-10 1.7294E-10 1.7577E-10 1.7840E-10 1.8081E-10 1.8301E-10 1.8496E-10 1.8667E-10 1.8811E-10 1.8928E-10 1.9018E-10 1.9078E-10 1.9109E-10 1.9110E-10 1.9080E-10 1.9020E-10 1.8928E-10 1.8806E-10 1.8653E-10 1.8470E-10 1.8256E-10 1.8014E-10 1.7742E-10 1.7443E-10 1.7118E-10 1.6768E-10 1.6395E-10 1.6001E-10 1.5587E-10 1.5155E-10 1.4708E-10 1.4246E-10 1.3773E-10 1.3288E-10 1.2797E-10 1.2300E-10 1.1799E-10 1.1297E-10 1.0797E-10 1.0298E-10 9.8047E-11 9.3176E-11 8.8383E-11 8.3692E-11 7.9110E-11 7.4650E-11 7.0323E-11 6.6136E-11 6.2094E-11 5.8201E-11 5.4461E-11 5.0876E-11 4.7447E-11 4.4176E-11 4.1061E-11 3.8103E-11
1.6262E-10 1.6572E-10 1.6866E-10 1.7141E-10 1.7397E-10 1.7631E-10 1.7844E-10 1.8033E-10 1.8198E-10 1.8336E-10 1.8448E-10 1.8533E-10 1.8589E-10 1.8616E-10 1.8613E-10 1.8580E-10 1.8517E-10 1.8424E-10 1.8300E-10 1.8146E-10 1.7963E-10 1.7749E-10 1.7506E-10 1.7237E-10 1.6940E-10 1.6619E-10 1.6273E-10 1.5905E-10 1.5517E-10 1.5111E-10 1.4686E-10 1.4247E-10 1.3794E-10 1.3329E-10 1.2857E-10 1.2376E-10 1.1891E-10 1.1404E-10 1.0915E-10 1.0428E-10 9.9443E-11 9.4651E-11 8.9935E-11 8.5304E-11 8.0767E-11 7.6343E-11 7.2041E-11 6.7866E-11 6.3827E-11 5.9927E-11 5.6171E-11 5.2562E-11 4.9103E-11 4.5795E-11 4.2638E-11 3.9633E-11 3.6778E-11
1.5826E-10 1.6128E-10 1.6413E-10 1.6680E-10 1.6928E-10 1.7155E-10 1.7361E-10 1.7543E-10 1.7701E-10 1.7834E-10 1.7940E-10 1.8020E-10 1.8071E-10 1.8094E-10 1.8088E-10 1.8052E-10 1.7987E-10 1.7892E-10 1.7767E-10 1.7611E-10 1.7427E-10 1.7214E-10 1.6973E-10 1.6706E-10 1.6413E-10 1.6095E-10 1.5755E-10 1.5394E-10 1.5012E-10 1.4613E-10 1.4198E-10 1.3766E-10 1.3324E-10 1.2870E-10 1.2409E-10 1.1941E-10 1.1469E-10 1.0995E-10 1.0522E-10 1.0050E-10 9.5815E-11 9.1194E-11 8.6638E-11 8.2171E-11 7.7803E-11 7.3543E-11 6.9399E-11 6.5379E-11 6.1489E-11 5.7733E-11 5.4116E-11 5.0640E-11 4.7308E-11 4.4122E-11 4.1082E-11 3.8187E-11 3.5437E-11
1.5369E-10 1.5661E-10 1.5937E-10 1.6196E-10 1.6435E-10 1.6655E-10 1.6853E-10 1.7028E-10 1.7179E-10 1.7306E-10 1.7406E-10 1.7481E-10 1.7527E-10 1.7546E-10 1.7536E-10 1.7498E-10 1.7430E-10 1.7332E-10 1.7205E-10 1.7050E-10 1.6866E-10 1.6654E-10 1.6416E-10 1.6152E-10 1.5862E-10 1.5551E-10 1.5216E-10 1.4862E-10 1.4489E-10 1.4097E-10 1.3690E-10 1.3270E-10 1.2838E-10 1.2397E-10 1.1949E-10 1.1494E-10 1.1038E-10 1.0579E-10 1.0120E-10 9.6654E-11 9.2140E-11 8.7686E-11 8.3307E-11 7.9013E-11 7.4814E-11 7.0719E-11 6.6736E-11 6.2872E-11 5.9132E-11 5.5521E-11 5.2044E-11 4.8702E-11 4.5499E-11 4.2435E-11 3.9512E-11 3.6728E-11 3.4084E-11
1.6175E-10 1.5173E-10 1.5440E-10 1.5690E-10 1.5921E-10 1.6132E-10 1.6322E-10 1.6490E-10 1.6634E-10 1.6754E-10 1.6849E-10 1.6917E-10 1.6959E-10 1.6974E-10 1.6961E-10 1.6919E-10 1.6847E-10 1.6748E-10 1.6621E-10 1.6465E-10 1.6282E-10 1.6073E-10 1.5837E-10 1.5577E-10 1.5293E-10 1.4987E-10 1.4660E-10 1.4312E-10 1.3947E-10 1.3565E-10 1.3169E-10 1.2760E-10 1.2341E-10 1.1913E-10 1.1479E-10 1.1040E-10 1.0598E-10 1.0156E-10 9.7150E-11 9.2769E-11 8.8436E-11 8.4163E-11 7.9961E-11 7.5842E-11 7.1813E-11 6.7884E-11 6.4062E-11 6.0354E-11 5.6765E-11 5.3300E-11 4.9963E-11 4.6756E-11 4.3682E-11 4.0741E-11 3.7935E-11 3.5264E-11 3.2725E-11
1.7354E-10 1.4667E-10 1.4924E-10 1.5164E-10 1.5386E-10 1.5589E-10 1.5771E-10 1.5931E-10 1.6068E-10 1.6181E-10 1.6270E-10 1.6333E-10 1.6370E-10 1.6380E-10 1.6362E-10 1.6316E-10 1.6244E-10 1.6143E-10 1.6015E-10 1.5860E-10 1.5679E-10 1.5472E-10 1.5241E-10 1.4985E-10 1.4708E-10 1.4407E-10 1.4087E-10 1.3749E-10 1.3392E-10 1.3021E-10 1.2637E-10 1.2240E-10 1.1835E-10 1.1422E-10 1.1002E-10 1.0580E-10 1.0155E-10 9.7304E-11 9.3075E-11 8.8880E-11 8.4730E-11 8.0638E-11 7.6614E-11 7.2669E-11 6.8810E-11 6.5047E-11 6.1386E-11 5.7834E-11 5.4396E-11 5.1077E-11 4.7880E-11 4.4808E-11 4.1863E-11 3.9046E-11 3.6357E-11 3.3797E-11 3.1365E-11
