Assets/Resources/2015_m01_d20_0300(utc+0800)_l00_csi_1hr_conc.grd
DSAA
         159         159
     -79.000      79.000
     -79.000      79.000
  0.0000E+00  0.1371E-04
[rows 0 to 24 of 159, columns 0 to 56 of 159]
8.2974E-11 1.1312E-10 1.4240E-10 1.6664E-10 1.9940E-10 2.5132E-10 3.2347E-10 4.0995E-10 5.0488E-10 6.1381E-10 7.2690E-10 8.5564E-10 9.8196E-10 1.1205E-09 1.2606E-09 1.4034E-09 1.5499E-09 1.6960E-09 1.8442E-09 1.9878E-09 2.1330E-09 2.2728E-09 2.4075E-09 2.5418E-09 2.6660E-09 2.7868E-09 2.9048E-09 3.0179E-09 3.1281E-09 3.2332E-09 3.3355E-09 3.4299E-09 3.5196E-09 3.6050E-09 3.6858E-09 3.7609E-09 3.8318E-09 3.8982E-09 3.9589E-09 4.0181E-09 4.0692E-09 4.1184E-09 4.1609E-09 4.2004E-09 4.2337E-09 4.2628E-09 4.2897E-09 4.3112E-09 4.3308E-09 4.3441E-09 4.3557E-09 4.3630E-09 4.3666E-09 4.3687E-09 4.3649E-09 4.3609E-09 4.3516E-09
8.7075E-11 1.2977E-10 1.4978E-10 1.7644E-10 2.0957E-10 2.5496E-10 3.2664E-10 4.1486E-10 5.1387E-10 6.2417E-10 7.4059E-10 8.7329E-10 1.0064E-09 1.1468E-09 1.2915E-09 1.4391E-09 1.5905E-09 1.7416E-09 1.8954E-09 2.0454E-09 2.1928E-09 2.3384E-09 2.4766E-09 2.6140E-09 2.7431E-09 2.8654E-09 2.9863E-09 3.1010E-09 3.2134E-09 3.3202E-09 3.4244E-09 3.5202E-09 3.6112E-09 3.6967E-09 3.7789E-09 3.8538E-09 3.9266E-09 3.9922E-09 4.0534E-09 4.1119E-09 4.1634E-09 4.2123E-09 4.2546E-09 4.2940E-09 4.3268E-09 4.3571E-09 4.3818E-09 4.4026E-09 4.4220E-09 4.4342E-09 4.4460E-09 4.4522E-09 4.4543E-09 4.4557E-09 4.4509E-09 4.4461E-09 4.4357E-09
9.6441E-11 1.3615E-10 1.5756E-10 1.8515E-10 2.1770E-10 2.6337E-10 3.2950E-10 4.1794E-10 5.2035E-10 6.3364E-10 7.5336E-10 8.8998E-10 1.0272E-09 1.1722E-09 1.3216E-09 1.4749E-09 1.6305E-09 1.7874E-09 1.9462E-09 2.1017E-09 2.2523E-09 2.4033E-09 2.5448E-09 2.6862E-09 2.8196E-09 2.9443E-09 3.0677E-09 3.1846E-09 3.2984E-09 3.4076E-09 3.5132E-09 3.6103E-09 3.7026E-09 3.7888E-09 3.8720E-09 3.9471E-09 4.0204E-09 4.0866E-09 4.1484E-09 4.2060E-09 4.2578E-09 4.3064E-09 4.3485E-09 4.3880E-09 4.4201E-09 4.4508E-09 4.4744E-09 4.4941E-09 4.5130E-09 4.5243E-09 4.5355E-09 4.5415E-09 4.5431E-09 4.5426E-09 4.5369E-09 4.5312E-09 4.5198E-09
1.2229E-10 1.4248E-10 1.6833E-10 1.9720E-10 2.2733E-10 2.6963E-10 3.3402E-10 4.2143E-10 5.2594E-10 6.4379E-10 7.6506E-10 9.0558E-10 1.0478E-09 1.1965E-09 1.3507E-09 1.5098E-09 1.6695E-09 1.8316E-09 1.9955E-09 2.1560E-09 2.3123E-09 2.4670E-09 2.6137E-09 2.7583E-09 2.8960E-09 3.0235E-09 3.1493E-09 3.2681E-09 3.3843E-09 3.4953E-09 3.6021E-09 3.7007E-09 3.7947E-09 3.8813E-09 3.9652E-09 4.0410E-09 4.1144E-09 4.1808E-09 4.2440E-09 4.3003E-09 4.3529E-09 4.4006E-09 4.4424E-09 4.4820E-09 4.5134E-09 4.5437E-09 4.5669E-09 4.5873E-09 4.6038E-09 4.6144E-09 4.6248E-09 4.6300E-09 4.6328E-09 4.6295E-09 4.6228E-09 4.6163E-09 4.6038E-09
1.2768E-10 1.4873E-10 1.7574E-10 2.0594E-10 2.4090E-10 2.7843E-10 3.3774E-10 4.2429E-10 5.3050E-10 6.5113E-10 7.7560E-10 9.1995E-10 1.0664E-09 1.2196E-09 1.3804E-09 1.5427E-09 1.7076E-09 1.8748E-09 2.0439E-09 2.2110E-09 2.3707E-09 2.5310E-09 2.6828E-09 2.8300E-09 2.9716E-09 3.1031E-09 3.2313E-09 3.3519E-09 3.4698E-09 3.5830E-09 3.6912E-09 3.7911E-09 3.8871E-09 3.9740E-09 4.0585E-09 4.1347E-09 4.2085E-09 4.2750E-09 4.3384E-09 4.3946E-09 4.4488E-09 4.4950E-09 4.5362E-09 4.5756E-09 4.6065E-09 4.6364E-09 4.6590E-09 4.6796E-09 4.6945E-09 4.7047E-09 4.7140E-09 4.7183E-09 4.7204E-09 4.7161E-09 4.7095E-09 4.7011E-09 4.6876E-09
1.3295E-10 1.5484E-10 1.8339E-10 2.1451E-10 2.5099E-10 2.9175E-10 3.4520E-10 4.2699E-10 5.3409E-10 6.5725E-10 7.8484E-10 9.3294E-10 1.0835E-09 1.2413E-09 1.4070E-09 1.5743E-09 1.7444E-09 1.9177E-09 2.0912E-09 2.2635E-09 2.4282E-09 2.5934E-09 2.7521E-09 2.9012E-09 3.0468E-09 3.1817E-09 3.3130E-09 3.4359E-09 3.5560E-09 3.6702E-09 3.7801E-09 3.8816E-09 3.9788E-09 4.0667E-09 4.1518E-09 4.2287E-09 4.3026E-09 4.3691E-09 4.4331E-09 4.4887E-09 4.5428E-09 4.5888E-09 4.6315E-09 4.6690E-09 4.6993E-09 4.7289E-09 4.7508E-09 4.7707E-09 4.7849E-09 4.7951E-09 4.8029E-09 4.8063E-09 4.8076E-09 4.8025E-09 4.7970E-09 4.7857E-09 4.7712E-09
1.3809E-10 1.6424E-10 1.9391E-10 2.2401E-10 2.6082E-10 3.0307E-10 3.5443E-10 4.3142E-10 5.3670E-10 6.6209E-10 7.9440E-10 9.4442E-10 1.0990E-09 1.2622E-09 1.4319E-09 1.6051E-09 1.7796E-09 1.9583E-09 2.1372E-09 2.3148E-09 2.4846E-09 2.6548E-09 2.8182E-09 2.9715E-09 3.1212E-09 3.2612E-09 3.3944E-09 3.5206E-09 3.6415E-09 3.7586E-09 3.8688E-09 3.9726E-09 4.0707E-09 4.1600E-09 4.2450E-09 4.3230E-09 4.3963E-09 4.4631E-09 4.5271E-09 4.5826E-09 4.6365E-09 4.6825E-09 4.7257E-09 4.7618E-09 4.7930E-09 4.8209E-09 4.8425E-09 4.8615E-09 4.8748E-09 4.8863E-09 4.8913E-09 4.8938E-09 4.8944E-09 4.8883E-09 4.8821E-09 4.8698E-09 4.8553E-09
1.4347E-10 1.7014E-10 2.0091E-10 2.3457E-10 2.7392E-10 3.1424E-10 3.6444E-10 4.3611E-10 5.3852E-10 6.6550E-10 8.0063E-10 9.5424E-10 1.1129E-09 1.2805E-09 1.4551E-09 1.6333E-09 1.8131E-09 1.9980E-09 2.1816E-09 2.3645E-09 2.5411E-09 2.7148E-09 2.8830E-09 3.0417E-09 3.1946E-09 3.3384E-09 3.4750E-09 3.6039E-09 3.7274E-09 3.8462E-09 3.9575E-09 4.0631E-09 4.1619E-09 4.2530E-09 4.3379E-09 4.4174E-09 4.4897E-09 4.5576E-09 4.6207E-09 4.6760E-09 4.7298E-09 4.7753E-09 4.8183E-09 4.8541E-09 4.8858E-09 4.9123E-09 4.9333E-09 4.9517E-09 4.9642E-09 4.9750E-09 4.9791E-09 4.9807E-09 4.9806E-09 4.9736E-09 4.9666E-09 4.9533E-09 4.9402E-09
1.4822E-10 1.7580E-10 2.0763E-10 2.4251E-10 2.8328E-10 3.2871E-10 3.7814E-10 4.4275E-10 5.3888E-10 6.6762E-10 8.0522E-10 9.6220E-10 1.1247E-09 1.2968E-09 1.4762E-09 1.6596E-09 1.8458E-09 2.0369E-09 2.2240E-09 2.4125E-09 2.5944E-09 2.7733E-09 2.9479E-09 3.1096E-09 3.2668E-09 3.4154E-09 3.5546E-09 3.6875E-09 3.8121E-09 3.9325E-09 4.0452E-09 4.1523E-09 4.2523E-09 4.3444E-09 4.4302E-09 4.5101E-09 4.5826E-09 4.6504E-09 4.7140E-09 4.7688E-09 4.8224E-09 4.8676E-09 4.9103E-09 4.9457E-09 4.9780E-09 5.0030E-09 5.0233E-09 5.0412E-09 5.0528E-09 5.0630E-09 5.0662E-09 5.0692E-09 5.0661E-09 5.0582E-09 5.0505E-09 5.0362E-09 5.0223E-09
1.5500E-10 1.8349E-10 2.1634E-10 2.5006E-10 2.9218E-10 3.3918E-10 3.9153E-10 4.5450E-10 5.4112E-10 6.6671E-10 8.0801E-10 9.6822E-10 1.1345E-09 1.3109E-09 1.4951E-09 1.6847E-09 1.8751E-09 2.0717E-09 2.2655E-09 2.4584E-09 2.6457E-09 2.8299E-09 3.0095E-09 3.1769E-09 3.3375E-09 3.4901E-09 3.6330E-09 3.7690E-09 3.8961E-09 4.0190E-09 4.1320E-09 4.2414E-09 4.3418E-09 4.4363E-09 4.5217E-09 4.6030E-09 4.6747E-09 4.7437E-09 4.8062E-09 4.8618E-09 4.9142E-09 4.9589E-09 5.0014E-09 5.0364E-09 5.0683E-09 5.0928E-09 5.1145E-09 5.1298E-09 5.1406E-09 5.1500E-09 5.1524E-09 5.1559E-09 5.1508E-09 5.1419E-09 5.1336E-09 5.1183E-09 5.1037E-09
1.6041E-10 1.8976E-10 2.2321E-10 2.6081E-10 3.0419E-10 3.4906E-10 4.0312E-10 4.6488E-10 5.4599E-10 6.6669E-10 8.0725E-10 9.7210E-10 1.1421E-09 1.3226E-09 1.5115E-09 1.7061E-09 1.9019E-09 2.1040E-09 2.3034E-09 2.5030E-09 2.6948E-09 2.8843E-09 3.0691E-09 3.2413E-09 3.4064E-09 3.5631E-09 3.7097E-09 3.8501E-09 3.9788E-09 4.1037E-09 4.2179E-09 4.3286E-09 4.4302E-09 4.5260E-09 4.6121E-09 4.6941E-09 4.7663E-09 4.8359E-09 4.8974E-09 4.9538E-09 5.0051E-09 5.0493E-09 5.0914E-09 5.1260E-09 5.1576E-09 5.1815E-09 5.2037E-09 5.2174E-09 5.2274E-09 5.2361E-09 5.2377E-09 5.2405E-09 5.2345E-09 5.2272E-09 5.2157E-09 5.1996E-09 5.1842E-09
1.6403E-10 1.9458E-10 2.2895E-10 2.6761E-10 3.1223E-10 3.6167E-10 4.1765E-10 4.7713E-10 5.5482E-10 6.6712E-10 8.0647E-10 9.7378E-10 1.1471E-09 1.3318E-09 1.5252E-09 1.7248E-09 1.9259E-09 2.1335E-09 2.3385E-09 2.5438E-09 2.7423E-09 2.9362E-09 3.1263E-09 3.3034E-09 3.4731E-09 3.6351E-09 3.7845E-09 3.9284E-09 4.0601E-09 4.1876E-09 4.3025E-09 4.4146E-09 4.5174E-09 4.6144E-09 4.7013E-09 4.7840E-09 4.8564E-09 4.9261E-09 4.9874E-09 5.0438E-09 5.0947E-09 5.1396E-09 5.1802E-09 5.2143E-09 5.2456E-09 5.2690E-09 5.2907E-09 5.3038E-09 5.3141E-09 5.3211E-09 5.3218E-09 5.3239E-09 5.3171E-09 5.3102E-09 5.2968E-09 5.2798E-09 5.2638E-09
1.6773E-10 1.9899E-10 2.3420E-10 2.7386E-10 3.1963E-10 3.7041E-10 4.2793E-10 4.8848E-10 5.6682E-10 6.6823E-10 8.0410E-10 9.7319E-10 1.1488E-09 1.3373E-09 1.5360E-09 1.7397E-09 1.9468E-09 2.1600E-09 2.3706E-09 2.5816E-09 2.7858E-09 2.9863E-09 3.1807E-09 3.3640E-09 3.5373E-09 3.7038E-09 3.8571E-09 4.0047E-09 4.1395E-09 4.2690E-09 4.3858E-09 4.4990E-09 4.6029E-09 4.7011E-09 4.7890E-09 4.8725E-09 4.9452E-09 5.0150E-09 5.0760E-09 5.1334E-09 5.1830E-09 5.2285E-09 5.2678E-09 5.3012E-09 5.3323E-09 5.3551E-09 5.3764E-09 5.3889E-09 5.3996E-09 5.4049E-09 5.4046E-09 5.4061E-09 5.3985E-09 5.3910E-09 5.3767E-09 5.3601E-09 5.3422E-09
1.7223E-10 2.0642E-10 2.4250E-10 2.8312E-10 3.2996E-10 3.7836E-10 4.3730E-10 4.9920E-10 5.7733E-10 6.7024E-10 8.0825E-10 9.7045E-10 1.1507E-09 1.3407E-09 1.5436E-09 1.7521E-09 1.9643E-09 2.1830E-09 2.3993E-09 2.6161E-09 2.8260E-09 3.0322E-09 3.2321E-09 3.4206E-09 3.5987E-09 3.7698E-09 3.9271E-09 4.0785E-09 4.2166E-09 4.3488E-09 4.4674E-09 4.5818E-09 4.6867E-09 4.7862E-09 4.8749E-09 4.9592E-09 5.0323E-09 5.1023E-09 5.1632E-09 5.2205E-09 5.2698E-09 5.3150E-09 5.3537E-09 5.3877E-09 5.4173E-09 5.4397E-09 5.4606E-09 5.4724E-09 5.4836E-09 5.4872E-09 5.4860E-09 5.4869E-09 5.4785E-09 5.4704E-09 5.4553E-09 5.4405E-09 5.4194E-09
1.7742E-10 2.1005E-10 2.4644E-10 2.8831E-10 3.3613E-10 3.8885E-10 4.4570E-10 5.1568E-10 5.8688E-10 6.7643E-10 8.0585E-10 9.6561E-10 1.1502E-09 1.3411E-09 1.5478E-09 1.7597E-09 1.9783E-09 2.2023E-09 2.4244E-09 2.6469E-09 2.8626E-09 3.0745E-09 3.2785E-09 3.4738E-09 3.6570E-09 3.8327E-09 3.9943E-09 4.1496E-09 4.2910E-09 4.4263E-09 4.5480E-09 4.6626E-09 4.7695E-09 4.8691E-09 4.9598E-09 5.0440E-09 5.1173E-09 5.1879E-09 5.2482E-09 5.3057E-09 5.3548E-09 5.4008E-09 5.4380E-09 5.4725E-09 5.5006E-09 5.5225E-09 5.5430E-09 5.5543E-09 5.5650E-09 5.5679E-09 5.5685E-09 5.5662E-09 5.5570E-09 5.5484E-09 5.5324E-09 5.5171E-09 5.4953E-09
1.8001E-10 2.1316E-10 2.5019E-10 2.9280E-10 3.4111E-10 3.9527E-10 4.5306E-10 5.2417E-10 5.9704E-10 6.9075E-10 8.0557E-10 9.5906E-10 1.1441E-09 1.3383E-09 1.5512E-09 1.7648E-09 1.9884E-09 2.2169E-09 2.4453E-09 2.6736E-09 2.8952E-09 3.1129E-09 3.3225E-09 3.5234E-09 3.7116E-09 3.8922E-09 4.0582E-09 4.2176E-09 4.3636E-09 4.5010E-09 4.6251E-09 4.7413E-09 4.8491E-09 4.9497E-09 5.0415E-09 5.1267E-09 5.2016E-09 5.2715E-09 5.3316E-09 5.3890E-09 5.4378E-09 5.4837E-09 5.5204E-09 5.5556E-09 5.5819E-09 5.6045E-09 5.6233E-09 5.6343E-09 5.6446E-09 5.6465E-09 5.6469E-09 5.6438E-09 5.6338E-09 5.6247E-09 5.6081E-09 5.5923E-09 5.5697E-09
1.8215E-10 2.1574E-10 2.5411E-10 2.9901E-10 3.4690E-10 4.0072E-10 4.6590E-10 5.3139E-10 6.0577E-10 6.9996E-10 8.0501E-10 9.5781E-10 1.1361E-09 1.3323E-09 1.5487E-09 1.7653E-09 1.9943E-09 2.2280E-09 2.4619E-09 2.6960E-09 2.9234E-09 3.1470E-09 3.3624E-09 3.5688E-09 3.7623E-09 3.9479E-09 4.1195E-09 4.2821E-09 4.4313E-09 4.5725E-09 4.6994E-09 4.8174E-09 4.9273E-09 5.0276E-09 5.1218E-09 5.2065E-09 5.2824E-09 5.3528E-09 5.4129E-09 5.4702E-09 5.5186E-09 5.5644E-09 5.6006E-09 5.6354E-09 5.6613E-09 5.6845E-09 5.7018E-09 5.7123E-09 5.7222E-09 5.7235E-09 5.7248E-09 5.7197E-09 5.7103E-09 5.6993E-09 5.6820E-09 5.6658E-09 5.6425E-09
1.8382E-10 2.1975E-10 2.5900E-10 3.0331E-10 3.5271E-10 4.0517E-10 4.7100E-10 5.3771E-10 6.1960E-10 7.0691E-10 8.0939E-10 9.5128E-10 1.1257E-09 1.3301E-09 1.5426E-09 1.7667E-09 1.9959E-09 2.2337E-09 2.4738E-09 2.7136E-09 2.9481E-09 3.1776E-09 3.3976E-09 3.6098E-09 3.8086E-09 3.9988E-09 4.1757E-09 4.3427E-09 4.4957E-09 4.6405E-09 4.7715E-09 4.8907E-09 5.0013E-09 5.1030E-09 5.1982E-09 5.2838E-09 5.3617E-09 5.4315E-09 5.4930E-09 5.5490E-09 5.5971E-09 5.6424E-09 5.6786E-09 5.7131E-09 5.7381E-09 5.7611E-09 5.7781E-09 5.7881E-09 5.7977E-09 5.7985E-09 5.7994E-09 5.7936E-09 5.7850E-09 5.7721E-09 5.7541E-09 5.7375E-09 5.7136E-09
1.8621E-10 2.2241E-10 2.6093E-10 3.0570E-10 3.5565E-10 4.0856E-10 4.7530E-10 5.4266E-10 6.2567E-10 7.1211E-10 8.1893E-10 9.4612E-10 1.1129E-09 1.3181E-09 1.5319E-09 1.7592E-09 1.9931E-09 2.2346E-09 2.4808E-09 2.7261E-09 2.9650E-09 3.2020E-09 3.4263E-09 3.6458E-09 3.8513E-09 4.0457E-09 4.2275E-09 4.3990E-09 4.5562E-09 4.7041E-09 4.8383E-09 4.9605E-09 5.0728E-09 5.1755E-09 5.2716E-09 5.3583E-09 5.4371E-09 5.5074E-09 5.5689E-09 5.6252E-09 5.6730E-09 5.7182E-09 5.7540E-09 5.7884E-09 5.8128E-09 5.8366E-09 5.8520E-09 5.8628E-09 5.8709E-09 5.8712E-09 5.8718E-09 5.8648E-09 5.8577E-09 5.8429E-09 5.8258E-09 5.8074E-09 5.7829E-09
1.8807E-10 2.2296E-10 2.6217E-10 3.0687E-10 3.5725E-10 4.1742E-10 4.7796E-10 5.4620E-10 6.2976E-10 7.1722E-10 8.2473E-10 9.4233E-10 1.1075E-09 1.3030E-09 1.5211E-09 1.7485E-09 1.9884E-09 2.2305E-09 2.4824E-09 2.7333E-09 2.9780E-09 3.2209E-09 3.4512E-09 3.6766E-09 3.8871E-09 4.0875E-09 4.2744E-09 4.4506E-09 4.6127E-09 4.7639E-09 4.9014E-09 5.0266E-09 5.1409E-09 5.2446E-09 5.3428E-09 5.4290E-09 5.5092E-09 5.5802E-09 5.6434E-09 5.6987E-09 5.7475E-09 5.7913E-09 5.8268E-09 5.8606E-09 5.8849E-09 5.9084E-09 5.9230E-09 5.9351E-09 5.9417E-09 5.9411E-09 5.9419E-09 5.9344E-09 5.9269E-09 5.9115E-09 5.8939E-09 5.8753E-09 5.8503E-09
1.8939E-10 2.2333E-10 2.6394E-10 3.1013E-10 3.5831E-10 4.1895E-10 4.7935E-10 5.5277E-10 6.3219E-10 7.1874E-10 8.2707E-10 9.4216E-10 1.0965E-09 1.2843E-09 1.5040E-09 1.7334E-09 1.9766E-09 2.2226E-09 2.4785E-09 2.7332E-09 2.9851E-09 3.2339E-09 3.4702E-09 3.7015E-09 3.9179E-09 4.1233E-09 4.3160E-09 4.4966E-09 4.6637E-09 4.8184E-09 4.9601E-09 5.0884E-09 5.2058E-09 5.3102E-09 5.4094E-09 5.4966E-09 5.5790E-09 5.6497E-09 5.7135E-09 5.7691E-09 5.8174E-09 5.8610E-09 5.8967E-09 5.9303E-09 5.9543E-09 5.9775E-09 5.9916E-09 6.0035E-09 6.0095E-09 6.0089E-09 6.0095E-09 6.0010E-09 5.9939E-09 5.9780E-09 5.9615E-09 5.9411E-09 5.9157E-09
1.8912E-10 2.2390E-10 2.6615E-10 3.1094E-10 3.5840E-10 4.1898E-10 4.7988E-10 5.5581E-10 6.3294E-10 7.2688E-10 8.2733E-10 9.4068E-10 1.0855E-09 1.2655E-09 1.4821E-09 1.7179E-09 1.9590E-09 2.2107E-09 2.4683E-09 2.7286E-09 2.9862E-09 3.2408E-09 3.4815E-09 3.7204E-09 3.9420E-09 4.1538E-09 4.3531E-09 4.5376E-09 4.7089E-09 4.8679E-09 5.0151E-09 5.1455E-09 5.2657E-09 5.3719E-09 5.4723E-09 5.5604E-09 5.6441E-09 5.7151E-09 5.7797E-09 5.8360E-09 5.8857E-09 5.9280E-09 5.9647E-09 5.9967E-09 6.0207E-09 6.0437E-09 6.0571E-09 6.0704E-09 6.0749E-09 6.0756E-09 6.0746E-09 6.0657E-09 6.0584E-09 6.0420E-09 6.0269E-09 6.0047E-09 5.9805E-09
1.8795E-10 2.2426E-10 2.6536E-10 3.0976E-10 3.5752E-10 4.1788E-10 4.7911E-10 5.5490E-10 6.3242E-10 7.2668E-10 8.2712E-10 9.4720E-10 1.0786E-09 1.2488E-09 1.4576E-09 1.6942E-09 1.9376E-09 2.1914E-09 2.4536E-09 2.7163E-09 2.9808E-09 3.2397E-09 3.4891E-09 3.7327E-09 3.9603E-09 4.1779E-09 4.3828E-09 4.5720E-09 4.7488E-09 4.9118E-09 5.0636E-09 5.1971E-09 5.3205E-09 5.4293E-09 5.5307E-09 5.6197E-09 5.7050E-09 5.7770E-09 5.8438E-09 5.8995E-09 5.9491E-09 5.9917E-09 6.0283E-09 6.0602E-09 6.0839E-09 6.1065E-09 6.1199E-09 6.1330E-09 6.1371E-09 6.1395E-09 6.1368E-09 6.1271E-09 6.1204E-09 6.1036E-09 6.0884E-09 6.0659E-09 6.0415E-09
1.8626E-10 2.2287E-10 2.6345E-10 3.0816E-10 3.6012E-10 4.1565E-10 4.7706E-10 5.5250E-10 6.3020E-10 7.2418E-10 8.2305E-10 9.4315E-10 1.0699E-09 1.2304E-09 1.4344E-09 1.6654E-09 1.9144E-09 2.1677E-09 2.4334E-09 2.6991E-09 2.9686E-09 3.2331E-09 3.4885E-09 3.7381E-09 3.9712E-09 4.1953E-09 4.4054E-09 4.6007E-09 4.7826E-09 4.9502E-09 5.1064E-09 5.2436E-09 5.3705E-09 5.4818E-09 5.5851E-09 5.6751E-09 5.7615E-09 5.8344E-09 5.9027E-09 5.9589E-09 6.0091E-09 6.0517E-09 6.0896E-09 6.1199E-09 6.1438E-09 6.1665E-09 6.1795E-09 6.1925E-09 6.1965E-09 6.1989E-09 6.1959E-09 6.1879E-09 6.1797E-09 6.1627E-09 6.1475E-09 6.1247E-09 6.1019E-09
1.8569E-10 2.2201E-10 2.6084E-10 3.0574E-10 3.5920E-10 4.1273E-10 4.7822E-10 5.4863E-10 6.2859E-10 7.1976E-10 8.1682E-10 9.3663E-10 1.0621E-09 1.2135E-09 1.4066E-09 1.6333E-09 1.8821E-09 2.1384E-09 2.4053E-09 2.6768E-09 2.9481E-09 3.2180E-09 3.4806E-09 3.7348E-09 3.9754E-09 4.2056E-09 4.4216E-09 4.6219E-09 4.8098E-09 4.9813E-09 5.1426E-09 5.2838E-09 5.4148E-09 5.5293E-09 5.6343E-09 5.7259E-09 5.8137E-09 5.8877E-09 5.9571E-09 6.0139E-09 6.0662E-09 6.1081E-09 6.1457E-09 6.1764E-09 6.2016E-09 6.2226E-09 6.2358E-09 6.2485E-09 6.2524E-09 6.2569E-09 6.2519E-09 6.2442E-09 6.2361E-09 6.2190E-09 6.2039E-09 6.1809E-09 6.1583E-09
