Assets/Resources/2015_m01_d28_1400(utc+0800)_l00_csi_1hr_conc.grd
DSAA
         159         159
     -79.000      79.000
     -79.000      79.000
  0.0000E+00  0.1740E-05
[rows 0 to 24 of 159, columns 57 to 113 of 159]
6.9335E-09 7.0261E-09 7.0739E-09 7.0753E-09 7.0291E-09 6.9364E-09 6.7993E-09 6.6197E-09 6.4007E-09 6.1466E-09 5.8619E-09 5.5517E-09 5.2215E-09 4.8770E-09 4.5232E-09 4.1656E-09 3.8112E-09 3.4630E-09 3.1248E-09 2.8015E-09 2.4952E-09 2.2082E-09 1.9418E-09 1.6968E-09 1.4748E-09 1.2714E-09 1.0909E-09 9.2906E-10 7.8811E-10 6.6349E-10 5.5404E-10 4.4366E-10 3.6559E-10 2.9906E-10 2.4498E-10 2.0289E-10 1.6777E-10 1.3748E-10 1.1331E-10 9.1040E-11 7.3885E-11 5.8058E-11 4.5280E-11 3.3565E-11 2.3455E-11 1.3765E-11 5.4171E-12 2.3338E-12 0.0000E+00 0.0000E+00 0.0000E+00 0.0000E+00 0.0000E+00 0.0000E+00 0.0000E+00 0.0000E+00 0.0000E+00
7.4189E-09 7.5254E-09 7.5827E-09 7.5880E-09 7.5432E-09 7.4478E-09 7.3027E-09 7.1114E-09 6.8774E-09 6.6043E-09 6.2974E-09 5.9625E-09 5.6055E-09 5.2323E-09 4.8494E-09 4.4630E-09 4.0784E-09 3.7001E-09 3.3349E-09 2.9853E-09 2.6540E-09 2.3446E-09 2.0578E-09 1.7953E-09 1.5550E-09 1.3386E-09 1.1442E-09 9.7441E-10 8.2360E-10 6.9246E-10 5.7819E-10 4.6552E-10 3.7468E-10 3.0561E-10 2.4894E-10 2.0534E-10 1.6883E-10 1.3779E-10 1.1351E-10 9.0737E-11 7.3835E-11 5.7540E-11 4.4809E-11 3.3199E-11 2.3023E-11 1.3300E-11 5.2877E-12 2.3802E-12 0.0000E+00 0.0000E+00 0.0000E+00 0.0000E+00 0.0000E+00 0.0000E+00 0.0000E+00 0.0000E+00 0.0000E+00
7.9140E-09 8.0340E-09 8.1012E-09 8.1144E-09 8.0715E-09 7.9727E-09 7.8213E-09 7.6187E-09 7.3688E-09 7.0762E-09 6.7469E-09 6.3866E-09 6.0017E-09 5.5993E-09 5.1862E-09 4.7690E-09 4.3533E-09 3.9464E-09 3.5517E-09 3.1739E-09 2.8179E-09 2.4847E-09 2.1760E-09 1.8946E-09 1.6378E-09 1.4048E-09 1.1974E-09 1.0165E-09 8.5732E-10 7.1951E-10 5.9827E-10 4.9030E-10 3.8497E-10 3.1056E-10 2.5227E-10 2.0620E-10 1.6906E-10 1.3841E-10 1.1268E-10 9.0508E-11 7.2984E-11 5.6746E-11 4.3976E-11 3.2372E-11 2.2283E-11 1.2706E-11 5.1431E-12 2.3760E-12 0.0000E+00 0.0000E+00 0.0000E+00 0.0000E+00 0.0000E+00 0.0000E+00 0.0000E+00 0.0000E+00 0.0000E+00
8.4067E-09 8.5435E-09 8.6232E-09 8.6428E-09 8.6022E-09 8.5029E-09 8.3448E-09 8.1305E-09 7.8652E-09 7.5536E-09 7.2014E-09 6.8149E-09 6.4021E-09 5.9700E-09 5.5258E-09 5.0766E-09 4.6303E-09 4.1927E-09 3.7681E-09 3.3633E-09 2.9808E-09 2.6235E-09 2.2949E-09 1.9924E-09 1.7196E-09 1.4708E-09 1.2511E-09 1.0578E-09 8.8941E-10 7.4328E-10 6.1830E-10 5.0678E-10 3.9981E-10 3.1450E-10 2.5406E-10 2.0679E-10 1.6926E-10 1.3735E-10 1.1096E-10 8.9343E-11 7.1494E-11 5.5673E-11 4.2784E-11 3.1283E-11 2.1332E-11 1.2005E-11 4.9632E-12 2.2829E-12 0.0000E+00 0.0000E+00 0.0000E+00 0.0000E+00 0.0000E+00 0.0000E+00 0.0000E+00 0.0000E+00 0.0000E+00
8.9013E-09 9.0556E-09 9.1477E-09 9.1771E-09 9.1415E-09 9.0403E-09 8.8757E-09 8.6516E-09 8.3709E-09 8.0398E-09 7.6640E-09 7.2517E-09 6.8101E-09 6.3474E-09 5.8715E-09 5.3906E-09 4.9120E-09 4.4423E-09 3.9888E-09 3.5550E-09 3.1459E-09 2.7644E-09 2.4124E-09 2.0914E-09 1.8000E-09 1.5361E-09 1.3023E-09 1.0977E-09 9.2082E-10 7.6677E-10 6.3529E-10 5.1963E-10 4.1575E-10 3.1773E-10 2.5483E-10 2.0668E-10 1.6774E-10 1.3498E-10 1.0876E-10 8.7417E-11 6.9559E-11 5.4048E-11 4.1157E-11 2.9830E-11 2.0137E-11 1.1293E-11 4.8180E-12 2.1788E-12 0.0000E+00 0.0000E+00 0.0000E+00 0.0000E+00 0.0000E+00 0.0000E+00 0.0000E+00 0.0000E+00 0.0000E+00
9.3899E-09 9.5629E-09 9.6713E-09 9.7105E-09 9.6790E-09 9.5779E-09 9.4086E-09 9.1741E-09 8.8778E-09 8.5274E-09 8.1289E-09 7.6901E-09 7.2193E-09 6.7255E-09 6.2172E-09 5.7044E-09 5.1930E-09 4.6923E-09 4.2079E-09 3.7455E-09 3.3092E-09 2.9033E-09 2.5287E-09 2.1879E-09 1.8774E-09 1.6003E-09 1.3521E-09 1.1359E-09 9.4957E-10 7.8813E-10 6.4998E-10 5.2998E-10 4.2720E-10 3.2843E-10 2.5462E-10 2.0463E-10 1.6527E-10 1.3247E-10 1.0607E-10 8.4689E-11 6.7177E-11 5.1928E-11 3.9210E-11 2.8107E-11 1.8684E-11 1.0565E-11 4.5800E-12 2.0649E-12 0.0000E+00 0.0000E+00 0.0000E+00 0.0000E+00 0.0000E+00 0.0000E+00 0.0000E+00 0.0000E+00 0.0000E+00
9.8695E-09 1.0064E-08 1.0187E-08 1.0237E-08 1.0213E-08 1.0113E-08 9.9393E-09 9.6948E-09 9.3851E-09 9.0157E-09 8.5941E-09 8.1288E-09 7.6292E-09 7.1045E-09 6.5652E-09 6.0183E-09 5.4741E-09 4.9427E-09 4.4265E-09 3.9342E-09 3.4725E-09 3.0405E-09 2.6426E-09 2.2818E-09 1.9545E-09 1.6604E-09 1.4001E-09 1.1724E-09 9.7628E-10 8.0663E-10 6.6311E-10 5.3869E-10 4.3248E-10 3.3579E-10 2.5340E-10 2.0174E-10 1.6260E-10 1.2949E-10 1.0249E-10 8.1475E-11 6.4409E-11 4.9463E-11 3.6934E-11 2.6385E-11 1.7225E-11 9.7512E-12 4.3222E-12 1.9425E-12 0.0000E+00 0.0000E+00 0.0000E+00 0.0000E+00 0.0000E+00 0.0000E+00 0.0000E+00 0.0000E+00 0.0000E+00
1.0337E-08 1.0552E-08 1.0693E-08 1.0757E-08 1.0741E-08 1.0642E-08 1.0465E-08 1.0213E-08 9.8893E-09 9.5013E-09 9.0575E-09 8.5665E-09 8.0387E-09 7.4833E-09 6.9107E-09 6.3324E-09 5.7564E-09 5.1895E-09 4.6446E-09 4.1240E-09 3.6318E-09 3.1753E-09 2.7555E-09 2.3716E-09 2.0277E-09 1.7184E-09 1.4456E-09 1.2060E-09 1.0003E-09 8.2288E-10 6.7429E-10 5.4429E-10 4.3525E-10 3.4167E-10 2.5636E-10 1.9842E-10 1.5927E-10 1.2564E-10 9.8763E-11 7.7692E-11 6.1145E-11 4.6550E-11 3.4573E-11 2.3924E-11 1.5666E-11 8.8301E-12 4.0477E-12 1.8131E-12 0.0000E+00 0.0000E+00 0.0000E+00 0.0000E+00 0.0000E+00 0.0000E+00 0.0000E+00 0.0000E+00 0.0000E+00
1.0784E-08 1.1023E-08 1.1184E-08 1.1260E-08 1.1252E-08 1.1158E-08 1.0979E-08 1.0719E-08 1.0383E-08 9.9777E-09 9.5119E-09 8.9960E-09 8.4395E-09 7.8535E-09 7.2510E-09 6.6397E-09 6.0305E-09 5.4343E-09 4.8569E-09 4.3050E-09 3.7879E-09 3.3055E-09 2.8619E-09 2.4599E-09 2.0968E-09 1.7722E-09 1.4871E-09 1.2372E-09 1.0212E-09 8.3738E-10 6.8263E-10 5.4746E-10 4.3659E-10 3.4231E-10 2.5918E-10 1.9455E-10 1.5493E-10 1.2086E-10 9.5778E-11 7.3536E-11 5.7193E-11 4.3266E-11 3.1900E-11 2.1642E-11 1.4201E-11 8.0013E-12 3.7601E-12 1.6783E-12 0.0000E+00 0.0000E+00 0.0000E+00 0.0000E+00 0.0000E+00 0.0000E+00 0.0000E+00 0.0000E+00 0.0000E+00
1.1212E-08 1.1475E-08 1.1654E-08 1.1747E-08 1.1750E-08 1.1660E-08 1.1480E-08 1.1213E-08 1.0866E-08 1.0445E-08 9.9590E-09 9.4184E-09 8.8356E-09 8.2202E-09 7.5846E-09 6.9428E-09 6.3013E-09 5.6724E-09 5.0637E-09 4.4849E-09 3.9387E-09 3.4312E-09 2.9651E-09 2.5424E-09 2.1610E-09 1.8232E-09 1.5254E-09 1.2655E-09 1.0419E-09 8.4936E-10 6.8783E-10 5.5040E-10 4.3705E-10 3.4047E-10 2.6345E-10 1.9163E-10 1.4994E-10 1.1653E-10 9.0976E-11 6.9064E-11 5.2989E-11 3.9868E-11 2.8948E-11 1.9117E-11 1.2778E-11 7.1662E-12 3.3664E-12 1.5399E-12 0.0000E+00 0.0000E+00 0.0000E+00 0.0000E+00 0.0000E+00 0.0000E+00 0.0000E+00 0.0000E+00 0.0000E+00
1.1611E-08 1.1900E-08 1.2102E-08 1.2212E-08 1.2225E-08 1.2142E-08 1.1963E-08 1.1692E-08 1.1334E-08 1.0898E-08 1.0392E-08 9.8289E-09 9.2185E-09 8.5753E-09 7.9105E-09 7.2354E-09 6.5631E-09 5.9036E-09 5.2646E-09 4.6554E-09 4.0835E-09 3.5504E-09 3.0620E-09 2.6197E-09 2.2219E-09 1.8683E-09 1.5594E-09 1.2898E-09 1.0584E-09 8.5882E-10 6.9231E-10 5.5092E-10 4.3551E-10 3.3777E-10 2.6036E-10 1.9259E-10 1.4506E-10 1.1171E-10 8.5565E-11 6.4854E-11 4.8577E-11 3.6186E-11 2.5915E-11 1.6934E-11 1.1158E-11 6.2832E-12 2.8473E-12 1.2753E-12 0.0000E+00 0.0000E+00 0.0000E+00 0.0000E+00 0.0000E+00 0.0000E+00 0.0000E+00 0.0000E+00 0.0000E+00
1.1986E-08 1.2302E-08 1.2526E-08 1.2653E-08 1.2680E-08 1.2605E-08 1.2428E-08 1.2154E-08 1.1787E-08 1.1337E-08 1.0814E-08 1.0227E-08 9.5919E-09 8.9191E-09 8.2228E-09 7.5189E-09 6.8146E-09 6.1227E-09 5.4570E-09 4.8185E-09 4.2194E-09 3.6640E-09 3.1535E-09 2.6909E-09 2.2770E-09 1.9104E-09 1.5888E-09 1.3109E-09 1.0724E-09 8.6639E-10 6.9457E-10 5.4939E-10 4.3249E-10 3.3480E-10 2.5701E-10 1.9195E-10 1.4077E-10 1.0560E-10 8.0703E-11 5.9793E-11 4.4044E-11 3.2215E-11 2.2661E-11 1.4609E-11 9.6700E-12 5.2449E-12 2.3512E-12 9.2095E-13 0.0000E+00 0.0000E+00 0.0000E+00 0.0000E+00 0.0000E+00 0.0000E+00 0.0000E+00 0.0000E+00 0.0000E+00
1.2325E-08 1.2667E-08 1.2916E-08 1.3064E-08 1.3106E-08 1.3040E-08 1.2868E-08 1.2592E-08 1.2219E-08 1.1756E-08 1.1216E-08 1.0610E-08 9.9493E-09 9.2498E-09 8.5259E-09 7.7892E-09 7.0549E-09 6.3355E-09 5.6375E-09 4.9726E-09 4.3492E-09 3.7688E-09 3.2358E-09 2.7573E-09 2.3264E-09 1.9458E-09 1.6150E-09 1.3283E-09 1.0824E-09 8.7134E-10 6.9434E-10 5.4652E-10 4.2880E-10 3.2964E-10 2.5213E-10 1.8964E-10 1.3828E-10 9.9040E-11 7.5678E-11 5.4527E-11 3.9496E-11 2.8232E-11 1.9354E-11 1.2354E-11 8.0773E-12 4.2330E-12 1.8735E-12 5.9212E-13 0.0000E+00 0.0000E+00 0.0000E+00 0.0000E+00 0.0000E+00 0.0000E+00 0.0000E+00 0.0000E+00 0.0000E+00
1.2633E-08 1.3005E-08 1.3278E-08 1.3447E-08 1.3505E-08 1.3451E-08 1.3285E-08 1.3009E-08 1.2631E-08 1.2159E-08 1.1603E-08 1.0975E-08 1.0293E-08 9.5671E-09 8.8129E-09 8.0482E-09 7.2840E-09 6.5324E-09 5.8083E-09 5.1175E-09 4.4663E-09 3.8659E-09 3.3153E-09 2.8147E-09 2.3701E-09 1.9777E-09 1.6365E-09 1.3405E-09 1.0900E-09 8.7286E-10 6.9124E-10 5.4204E-10 4.2245E-10 3.2284E-10 2.4628E-10 1.8507E-10 1.3620E-10 9.4637E-11 6.9588E-11 4.9121E-11 3.4817E-11 2.4207E-11 1.6055E-11 1.0224E-11 6.4952E-12 3.2694E-12 1.4092E-12 2.8262E-13 0.0000E+00 0.0000E+00 0.0000E+00 0.0000E+00 0.0000E+00 0.0000E+00 0.0000E+00 0.0000E+00 0.0000E+00
1.2906E-08 1.3305E-08 1.3605E-08 1.3796E-08 1.3873E-08 1.3831E-08 1.3672E-08 1.3398E-08 1.3016E-08 1.2535E-08 1.1966E-08 1.1322E-08 1.0616E-08 9.8661E-09 9.0854E-09 8.2910E-09 7.4959E-09 6.7192E-09 5.9652E-09 5.2479E-09 4.5757E-09 3.9523E-09 3.3810E-09 2.8663E-09 2.4071E-09 2.0025E-09 1.6537E-09 1.3497E-09 1.0938E-09 8.7119E-10 6.8907E-10 5.3516E-10 4.1421E-10 3.1589E-10 2.4002E-10 1.7825E-10 1.3180E-10 8.8993E-11 6.3213E-11 4.3551E-11 2.9996E-11 2.0205E-11 1.3029E-11 8.2463E-12 5.0573E-12 2.4243E-12 7.1652E-13 0.0000E+00 0.0000E+00 0.0000E+00 0.0000E+00 0.0000E+00 0.0000E+00 0.0000E+00 0.0000E+00 0.0000E+00 0.0000E+00
1.3145E-08 1.3575E-08 1.3903E-08 1.4118E-08 1.4213E-08 1.4185E-08 1.4036E-08 1.3766E-08 1.3382E-08 1.2894E-08 1.2312E-08 1.1649E-08 1.0924E-08 1.0150E-08 9.3426E-09 8.5214E-09 7.6987E-09 6.8901E-09 6.1126E-09 5.3692E-09 4.6734E-09 4.0290E-09 3.4412E-09 2.9101E-09 2.4379E-09 2.0240E-09 1.6639E-09 1.3538E-09 1.0921E-09 8.6585E-10 6.8349E-10 5.2871E-10 4.0575E-10 3.0679E-10 2.3164E-10 1.7083E-10 1.2598E-10 8.4975E-11 5.7676E-11 3.8012E-11 2.5378E-11 1.6518E-11 1.0253E-11 6.2570E-12 3.6886E-12 1.3577E-12 7.9094E-14 0.0000E+00 0.0000E+00 0.0000E+00 0.0000E+00 0.0000E+00 0.0000E+00 0.0000E+00 0.0000E+00 0.0000E+00 0.0000E+00
1.3351E-08 1.3812E-08 1.4167E-08 1.4406E-08 1.4522E-08 1.4511E-08 1.4371E-08 1.4107E-08 1.3722E-08 1.3226E-08 1.2634E-08 1.1957E-08 1.1210E-08 1.0413E-08 9.5820E-09 8.7330E-09 7.8846E-09 7.0494E-09 6.2430E-09 5.4767E-09 4.7602E-09 4.0957E-09 3.4899E-09 2.9464E-09 2.4620E-09 2.0374E-09 1.6713E-09 1.3554E-09 1.0850E-09 8.6026E-10 6.7490E-10 5.1866E-10 3.9762E-10 2.9725E-10 2.2306E-10 1.6372E-10 1.1837E-10 7.9627E-11 5.1826E-11 3.2605E-11 2.0961E-11 1.3090E-11 7.6889E-12 4.4138E-12 2.1818E-12 4.1150E-13 0.0000E+00 0.0000E+00 0.0000E+00 0.0000E+00 0.0000E+00 0.0000E+00 0.0000E+00 0.0000E+00 0.0000E+00 0.0000E+00 0.0000E+00
1.3532E-08 1.4025E-08 1.4409E-08 1.4675E-08 1.4814E-08 1.4820E-08 1.4692E-08 1.4433E-08 1.4048E-08 1.3548E-08 1.2944E-08 1.2251E-08 1.1485E-08 1.0665E-08 9.8074E-09 8.9344E-09 8.0583E-09 7.1964E-09 6.3654E-09 5.5744E-09 4.8332E-09 4.1529E-09 3.5304E-09 2.9719E-09 2.4790E-09 2.0459E-09 1.6729E-09 1.3496E-09 1.0766E-09 8.4993E-10 6.6328E-10 5.0967E-10 3.8703E-10 2.8654E-10 2.1438E-10 1.5515E-10 1.1059E-10 7.4164E-11 4.6378E-11 2.7384E-11 1.6741E-11 9.8456E-12 5.4104E-12 2.7227E-12 8.4007E-13 0.0000E+00 0.0000E+00 0.0000E+00 0.0000E+00 0.0000E+00 0.0000E+00 0.0000E+00 0.0000E+00 0.0000E+00 0.0000E+00 0.0000E+00 0.0000E+00
1.3683E-08 1.4210E-08 1.4625E-08 1.4917E-08 1.5078E-08 1.5102E-08 1.4986E-08 1.4734E-08 1.4350E-08 1.3844E-08 1.3230E-08 1.2522E-08 1.1737E-08 1.0895E-08 1.0015E-08 9.1139E-09 8.2128E-09 7.3284E-09 6.4708E-09 5.6565E-09 4.8973E-09 4.1963E-09 3.5600E-09 2.9927E-09 2.4891E-09 2.0478E-09 1.6693E-09 1.3389E-09 1.0658E-09 8.3779E-10 6.5095E-10 4.9737E-10 3.7521E-10 2.7596E-10 2.0476E-10 1.4573E-10 1.0393E-10 6.7484E-11 4.1202E-11 2.2302E-11 1.2860E-11 6.9843E-12 3.2532E-12 1.2307E-12 0.0000E+00 0.0000E+00 0.0000E+00 0.0000E+00 0.0000E+00 0.0000E+00 0.0000E+00 0.0000E+00 0.0000E+00 0.0000E+00 0.0000E+00 0.0000E+00 0.0000E+00
1.3811E-08 1.4372E-08 1.4820E-08 1.5142E-08 1.5326E-08 1.5368E-08 1.5266E-08 1.5019E-08 1.4636E-08 1.4126E-08 1.3501E-08 1.2777E-08 1.1974E-08 1.1110E-08 1.0204E-08 9.2799E-09 8.3530E-09 7.4404E-09 6.5632E-09 5.7278E-09 4.9447E-09 4.2302E-09 3.5807E-09 3.0006E-09 2.4911E-09 2.0464E-09 1.6576E-09 1.3254E-09 1.0519E-09 8.2177E-10 6.3714E-10 4.8372E-10 3.6331E-10 2.6492E-10 1.9330E-10 1.3709E-10 9.5529E-11 6.0635E-11 3.5913E-11 1.7477E-11 9.2404E-12 4.3558E-12 1.5448E-12 0.0000E+00 0.0000E+00 0.0000E+00 0.0000E+00 0.0000E+00 0.0000E+00 0.0000E+00 0.0000E+00 0.0000E+00 0.0000E+00 0.0000E+00 0.0000E+00 0.0000E+00 0.0000E+00
1.3914E-08 1.4510E-08 1.4990E-08 1.5341E-08 1.5552E-08 1.5614E-08 1.5524E-08 1.5287E-08 1.4905E-08 1.4390E-08 1.3755E-08 1.3017E-08 1.2195E-08 1.1309E-08 1.0381E-08 9.4301E-09 8.4784E-09 7.5450E-09 6.6415E-09 5.7849E-09 4.9892E-09 4.2540E-09 3.5931E-09 3.0040E-09 2.4870E-09 2.0347E-09 1.6440E-09 1.3099E-09 1.0324E-09 8.0463E-10 6.2097E-10 4.6778E-10 3.5082E-10 2.5330E-10 1.8246E-10 1.2785E-10 8.6996E-11 5.3493E-11 3.0398E-11 1.3096E-11 6.0971E-12 2.1843E-12 1.0752E-13 0.0000E+00 0.0000E+00 0.0000E+00 0.0000E+00 0.0000E+00 0.0000E+00 0.0000E+00 0.0000E+00 0.0000E+00 0.0000E+00 0.0000E+00 0.0000E+00 0.0000E+00 0.0000E+00
1.3998E-08 1.4631E-08 1.5148E-08 1.5531E-08 1.5768E-08 1.5852E-08 1.5779E-08 1.5547E-08 1.5168E-08 1.4648E-08 1.4002E-08 1.3248E-08 1.2407E-08 1.1498E-08 1.0544E-08 9.5687E-09 8.5901E-09 7.6310E-09 6.7079E-09 5.8320E-09 5.0161E-09 4.2695E-09 3.5972E-09 2.9992E-09 2.4763E-09 2.0200E-09 1.6251E-09 1.2901E-09 1.0135E-09 7.8567E-10 6.0148E-10 4.5244E-10 3.3553E-10 2.3947E-10 1.7258E-10 1.1751E-10 7.8893E-11 4.6337E-11 2.4967E-11 9.2928E-12 3.2369E-12 4.4814E-13 0.0000E+00 0.0000E+00 0.0000E+00 0.0000E+00 0.0000E+00 0.0000E+00 0.0000E+00 0.0000E+00 0.0000E+00 0.0000E+00 0.0000E+00 0.0000E+00 0.0000E+00 0.0000E+00 0.0000E+00
1.4059E-08 1.4735E-08 1.5289E-08 1.5705E-08 1.5970E-08 1.6076E-08 1.6017E-08 1.5797E-08 1.5419E-08 1.4894E-08 1.4238E-08 1.3468E-08 1.2605E-08 1.1674E-08 1.0696E-08 9.6934E-09 8.6916E-09 7.7073E-09 6.7624E-09 5.8688E-09 5.0375E-09 4.2780E-09 3.5911E-09 2.9895E-09 2.4584E-09 1.9974E-09 1.6018E-09 1.2658E-09 9.9076E-10 7.6438E-10 5.8162E-10 4.3529E-10 3.1970E-10 2.2689E-10 1.6045E-10 1.0715E-10 7.0191E-11 3.9458E-11 1.9830E-11 5.8871E-12 9.2843E-13 0.0000E+00 0.0000E+00 0.0000E+00 0.0000E+00 0.0000E+00 0.0000E+00 0.0000E+00 0.0000E+00 0.0000E+00 0.0000E+00 0.0000E+00 0.0000E+00 0.0000E+00 0.0000E+00 0.0000E+00 0.0000E+00
1.4107E-08 1.4823E-08 1.5417E-08 1.5869E-08 1.6165E-08 1.6294E-08 1.6254E-08 1.6042E-08 1.5666E-08 1.5136E-08 1.4467E-08 1.3680E-08 1.2798E-08 1.1841E-08 1.0836E-08 9.8090E-09 8.7809E-09 7.7721E-09 6.8069E-09 5.8962E-09 5.0490E-09 4.2801E-09 3.5838E-09 2.9708E-09 2.4365E-09 1.9708E-09 1.5754E-09 1.2413E-09 9.6629E-10 7.3977E-10 5.6112E-10 4.1554E-10 3.0259E-10 2.1366E-10 1.4745E-10 9.7323E-11 6.1448E-11 3.2855E-11 1.5056E-11 2.8700E-12 0.0000E+00 0.0000E+00 0.0000E+00 0.0000E+00 0.0000E+00 0.0000E+00 0.0000E+00 0.0000E+00 0.0000E+00 0.0000E+00 0.0000E+00 0.0000E+00 0.0000E+00 0.0000E+00 0.0000E+00 0.0000E+00 0.0000E+00
1.4135E-08 1.4896E-08 1.5531E-08 1.6022E-08 1.6352E-08 1.6507E-08 1.6484E-08 1.6283E-08 1.5909E-08 1.5374E-08 1.4694E-08 1.3889E-08 1.2983E-08 1.2002E-08 1.0972E-08 9.9181E-09 8.8646E-09 7.8354E-09 6.8452E-09 5.9153E-09 5.0568E-09 4.2715E-09 3.5700E-09 2.9464E-09 2.4043E-09 1.9377E-09 1.5443E-09 1.2118E-09 9.3832E-10 7.1377E-10 5.3834E-10 3.9523E-10 2.8639E-10 1.9853E-10 1.3619E-10 8.7036E-11 5.3354E-11 2.6821E-11 1.0740E-11 1.4386E-12 0.0000E+00 0.0000E+00 0.0000E+00 0.0000E+00 0.0000E+00 0.0000E+00 0.0000E+00 0.0000E+00 0.0000E+00 0.0000E+00 0.0000E+00 0.0000E+00 0.0000E+00 0.0000E+00 0.0000E+00 0.0000E+00 0.0000E+00
