Assets/Resources/2015_m01_d07_2200(utc+0800)_l00_csi_1hr_conc.grd
DSAA
         159         159
     -79.000      79.000
     -79.000      79.000
  0.0000E+00  0.6026E-04
[rows 25 to 49 of 159, columns 0 to 56 of 159]
0.0000E+00 0.0000E+00 0.0000E+00 0.0000E+00 0.0000E+00 8.5378E-13 3.2811E-12 7.3759E-12 1.0254E-11 1.7252E-11 2.2476E-11 2.9130E-11 3.9389E-11 4.6386E-11 5.6239E-11 6.6365E-11 7.5950E-11 8.6868E-11 1.0066E-10 1.1426E-10 1.2932E-10 1.4690E-10 1.6521E-10 1.8524E-10 2.0708E-10 2.3080E-10 2.5647E-10 2.8413E-10 3.1464E-10 3.4845E-10 3.8268E-10 4.1984E-10 4.6314E-10 5.0463E-10 5.4795E-10 5.9655E-10 6.4670E-10 6.9634E-10 7.4756E-10 9.2287E-10 1.0681E-09 1.2455E-09 1.4423E-09 1.6458E-09 1.8527E-09 2.0846E-09 2.3388E-09 2.6538E-09 2.9878E-09 3.4070E-09 3.9171E-09 4.6411E-09 5.4784E-09 6.3701E-09 7.2892E-09 8.2522E-09 9.2215E-09
0.0000E+00 0.0000E+00 0.0000E+00 0.0000E+00 1.3593E-13 1.2729E-12 5.0662E-12 7.9236E-12 1.3469E-11 1.8850E-11 2.5862E-11 3.3822E-11 4.3108E-11 5.0892E-11 6.1607E-11 7.1254E-11 8.1539E-11 9.4536E-11 1.0819E-10 1.2275E-10 1.3979E-10 1.5787E-10 1.7756E-10 1.9911E-10 2.2260E-10 2.4811E-10 2.7572E-10 3.0584E-10 3.4020E-10 3.7479E-10 4.1192E-10 4.5611E-10 4.9881E-10 5.4331E-10 5.9292E-10 6.4520E-10 6.9688E-10 7.5048E-10 8.0892E-10 9.9104E-10 1.1482E-09 1.3410E-09 1.5554E-09 1.7772E-09 2.0020E-09 2.2372E-09 2.4795E-09 2.8094E-09 3.1561E-09 3.5655E-09 4.0859E-09 4.7667E-09 5.6010E-09 6.5248E-09 7.4653E-09 8.4466E-09 9.4444E-09
0.0000E+00 0.0000E+00 0.0000E+00 0.0000E+00 4.6260E-13 1.6926E-12 6.5891E-12 8.7976E-12 1.5945E-11 2.1497E-11 2.8774E-11 3.8927E-11 4.6059E-11 5.6373E-11 6.6446E-11 7.6268E-11 8.7841E-11 1.0183E-10 1.1588E-10 1.3194E-10 1.4995E-10 1.6917E-10 1.9028E-10 2.1338E-10 2.3857E-10 2.6594E-10 2.9555E-10 3.2972E-10 3.6483E-10 4.0195E-10 4.4617E-10 4.9005E-10 5.3543E-10 5.8546E-10 6.3958E-10 6.9317E-10 7.4880E-10 8.0960E-10 8.6969E-10 1.0609E-09 1.2308E-09 1.4401E-09 1.6735E-09 1.9151E-09 2.1594E-09 2.4038E-09 2.6615E-09 2.9657E-09 3.3414E-09 3.7450E-09 4.2712E-09 4.9338E-09 5.7599E-09 6.6925E-09 7.6557E-09 8.6523E-09 9.6689E-09
0.0000E+00 0.0000E+00 0.0000E+00 0.0000E+00 8.0808E-13 2.6812E-12 7.5594E-12 1.0904E-11 1.6990E-11 2.4749E-11 3.2447E-11 4.2423E-11 5.0348E-11 6.1204E-11 7.0909E-11 8.1451E-11 9.4917E-11 1.0873E-10 1.2379E-10 1.4157E-10 1.6020E-10 1.8074E-10 2.0331E-10 2.2801E-10 2.5494E-10 2.8421E-10 3.1727E-10 3.5298E-10 3.9010E-10 4.3304E-10 4.7850E-10 5.2443E-10 5.7440E-10 6.2999E-10 6.8524E-10 7.4255E-10 8.0516E-10 8.6781E-10 9.3233E-10 1.1323E-09 1.3154E-09 1.5424E-09 1.7962E-09 2.0594E-09 2.3247E-09 2.5853E-09 2.8475E-09 3.1476E-09 3.5193E-09 3.9518E-09 4.4671E-09 5.0847E-09 5.9336E-09 6.8458E-09 7.8525E-09 8.8650E-09 9.9030E-09
0.0000E+00 0.0000E+00 0.0000E+00 6.2352E-14 1.2683E-12 4.0208E-12 8.0072E-12 1.3158E-11 1.8806E-11 2.7251E-11 3.6617E-11 4.5060E-11 5.4852E-11 6.5530E-11 7.5449E-11 8.7281E-11 1.0141E-10 1.1577E-10 1.3248E-10 1.5078E-10 1.7064E-10 1.9253E-10 2.1659E-10 2.4292E-10 2.7164E-10 3.0329E-10 3.3943E-10 3.7628E-10 4.1752E-10 4.6429E-10 5.1052E-10 5.6009E-10 6.1671E-10 6.7326E-10 7.3183E-10 7.9548E-10 8.6062E-10 9.2749E-10 9.9661E-10 1.2046E-09 1.4016E-09 1.6472E-09 1.9230E-09 2.2095E-09 2.4976E-09 2.7792E-09 3.0535E-09 3.3574E-09 3.7365E-09 4.1513E-09 4.6909E-09 5.2870E-09 6.1204E-09 7.0254E-09 8.0529E-09 9.0917E-09 1.0148E-08
0.0000E+00 0.0000E+00 0.0000E+00 3.1414E-13 1.6088E-12 5.1807E-12 8.9585E-12 1.4970E-11 2.1492E-11 2.9703E-11 3.9902E-11 4.8800E-11 5.8154E-11 6.9517E-11 8.0044E-11 9.3029E-11 1.0765E-10 1.2310E-10 1.4107E-10 1.6013E-10 1.8123E-10 2.0450E-10 2.3006E-10 2.5805E-10 2.8857E-10 3.2399E-10 3.6075E-10 4.0036E-10 4.4734E-10 4.9395E-10 5.4317E-10 5.9969E-10 6.5743E-10 7.1685E-10 7.8095E-10 8.4824E-10 9.1699E-10 9.8841E-10 1.0623E-09 1.2774E-09 1.4885E-09 1.7538E-09 2.0533E-09 2.3602E-09 2.6777E-09 2.9821E-09 3.2694E-09 3.5624E-09 3.9389E-09 4.3621E-09 4.9123E-09 5.5129E-09 6.2979E-09 7.2193E-09 8.2456E-09 9.3295E-09 1.0401E-08
0.0000E+00 0.0000E+00 0.0000E+00 5.7234E-13 2.2371E-12 6.1508E-12 1.0676E-11 1.6045E-11 2.3956E-11 3.2977E-11 4.2309E-11 5.2743E-11 6.1474E-11 7.3529E-11 8.4670E-11 9.8438E-11 1.1394E-10 1.3092E-10 1.4936E-10 1.6955E-10 1.9191E-10 2.1656E-10 2.4365E-10 2.7331E-10 3.0591E-10 3.4375E-10 3.8227E-10 4.2750E-10 4.7499E-10 5.2387E-10 5.7896E-10 6.3785E-10 6.9786E-10 7.6191E-10 8.3089E-10 9.0104E-10 9.7424E-10 1.0503E-09 1.1290E-09 1.3258E-09 1.5697E-09 1.8613E-09 2.1861E-09 2.5202E-09 2.8648E-09 3.1949E-09 3.4984E-09 3.7977E-09 4.1852E-09 4.6002E-09 5.1477E-09 5.7377E-09 6.5176E-09 7.4602E-09 8.4590E-09 9.5648E-09 1.0664E-08
0.0000E+00 0.0000E+00 0.0000E+00 8.3259E-13 3.2162E-12 6.6425E-12 1.2452E-11 1.7507E-11 2.6297E-11 3.6163E-11 4.5168E-11 5.5944E-11 6.4792E-11 7.7544E-11 8.9300E-11 1.0386E-10 1.2024E-10 1.3847E-10 1.5767E-10 1.7900E-10 2.0262E-10 2.2866E-10 2.5728E-10 2.8862E-10 3.2388E-10 3.6316E-10 4.0470E-10 4.5376E-10 5.0223E-10 5.5522E-10 6.1472E-10 6.7520E-10 7.3872E-10 8.0888E-10 8.7991E-10 9.5436E-10 1.0321E-09 1.1128E-09 1.1964E-09 1.3985E-09 1.6559E-09 1.9688E-09 2.3152E-09 2.6842E-09 3.0587E-09 3.4135E-09 3.7409E-09 4.0556E-09 4.4396E-09 4.8410E-09 5.4003E-09 5.9994E-09 6.7354E-09 7.7055E-09 8.6980E-09 9.8074E-09 1.0938E-08
0.0000E+00 0.0000E+00 3.3215E-14 1.2845E-12 4.1525E-12 6.9792E-12 1.4259E-11 1.9632E-11 2.8438E-11 3.8843E-11 4.8385E-11 5.8785E-11 6.8087E-11 8.1538E-11 9.3904E-11 1.0925E-10 1.2651E-10 1.4574E-10 1.6596E-10 1.8842E-10 2.1329E-10 2.4073E-10 2.7087E-10 3.0429E-10 3.4129E-10 3.8275E-10 4.2741E-10 4.7854E-10 5.2963E-10 5.8859E-10 6.4926E-10 7.1245E-10 7.8219E-10 8.5398E-10 9.2912E-10 1.0079E-09 1.0902E-09 1.1757E-09 1.2642E-09 1.4702E-09 1.7403E-09 2.0748E-09 2.4501E-09 2.8516E-09 3.2557E-09 3.6404E-09 3.9896E-09 4.3001E-09 4.6968E-09 5.1134E-09 5.6684E-09 6.2605E-09 6.9856E-09 7.9531E-09 8.9426E-09 1.0054E-08 1.1210E-08
0.0000E+00 0.0000E+00 2.0701E-13 1.5874E-12 4.9835E-12 7.7212E-12 1.5433E-11 2.1679E-11 3.1176E-11 4.0696E-11 5.1664E-11 6.1588E-11 7.1337E-11 8.5484E-11 9.8455E-11 1.1458E-10 1.3272E-10 1.5293E-10 1.7416E-10 1.9775E-10 2.2387E-10 2.5268E-10 2.8434E-10 3.2017E-10 3.5836E-10 4.0283E-10 4.4984E-10 5.0296E-10 5.5768E-10 6.2011E-10 6.8299E-10 7.5098E-10 8.2371E-10 8.9897E-10 9.7824E-10 1.0614E-09 1.1482E-09 1.2385E-09 1.3320E-09 1.5110E-09 1.8218E-09 2.1721E-09 2.5847E-09 3.0183E-09 3.4576E-09 3.8744E-09 4.2475E-09 4.5781E-09 4.9576E-09 5.3919E-09 5.9252E-09 6.5318E-09 7.2676E-09 8.2017E-09 9.2190E-09 1.0313E-08 1.1485E-08
0.0000E+00 0.0000E+00 3.7621E-13 1.8358E-12 5.7936E-12 8.4590E-12 1.6552E-11 2.3431E-11 3.3701E-11 4.3199E-11 5.3961E-11 6.4334E-11 7.4522E-11 8.9356E-11 1.0292E-10 1.1982E-10 1.3882E-10 1.6001E-10 1.8224E-10 2.0693E-10 2.3427E-10 2.6444E-10 2.9800E-10 3.3530E-10 3.7552E-10 4.2276E-10 4.7123E-10 5.2750E-10 5.8516E-10 6.5072E-10 7.1663E-10 7.8961E-10 8.6443E-10 9.4358E-10 1.0270E-09 1.1144E-09 1.2058E-09 1.3009E-09 1.3994E-09 1.5804E-09 1.8993E-09 2.2729E-09 2.7084E-09 3.1853E-09 3.6620E-09 4.1097E-09 4.5098E-09 4.8678E-09 5.2527E-09 5.6924E-09 6.2190E-09 6.8213E-09 7.5429E-09 8.4631E-09 9.4883E-09 1.0592E-08 1.1769E-08
0.0000E+00 0.0000E+00 5.3783E-13 2.0765E-12 6.3044E-12 9.1811E-12 1.7661E-11 2.5491E-11 3.5710E-11 4.5705E-11 5.6182E-11 6.7003E-11 7.7618E-11 9.3128E-11 1.0727E-10 1.2492E-10 1.4478E-10 1.6692E-10 1.9012E-10 2.1589E-10 2.4444E-10 2.7592E-10 3.1160E-10 3.4996E-10 3.9273E-10 4.4219E-10 4.9217E-10 5.5205E-10 6.1236E-10 6.8042E-10 7.5155E-10 8.2610E-10 9.0453E-10 9.8751E-10 1.0750E-09 1.1667E-09 1.2627E-09 1.3625E-09 1.4659E-09 1.6168E-09 1.9735E-09 2.3658E-09 2.8339E-09 3.3501E-09 3.8634E-09 4.3452E-09 4.7804E-09 5.1611E-09 5.5324E-09 5.9897E-09 6.5237E-09 7.1129E-09 7.8428E-09 8.7325E-09 9.7689E-09 1.0883E-08 1.2055E-08
0.0000E+00 0.0000E+00 6.9551E-13 2.4012E-12 6.6555E-12 9.8761E-12 1.8743E-11 2.7318E-11 3.7454E-11 4.8185E-11 5.8320E-11 6.9576E-11 8.0602E-11 9.6772E-11 1.1147E-10 1.2986E-10 1.5054E-10 1.7362E-10 1.9775E-10 2.2458E-10 2.5428E-10 2.8734E-10 3.2446E-10 3.6451E-10 4.0955E-10 4.6045E-10 5.1302E-10 5.7566E-10 6.3843E-10 7.0964E-10 7.8460E-10 8.6175E-10 9.4372E-10 1.0305E-09 1.1219E-09 1.2179E-09 1.3183E-09 1.4228E-09 1.5311E-09 1.6853E-09 2.0398E-09 2.4444E-09 2.9532E-09 3.5068E-09 4.0594E-09 4.5783E-09 5.0445E-09 5.4555E-09 5.8461E-09 6.2973E-09 6.8143E-09 7.4173E-09 8.1133E-09 9.0286E-09 1.0040E-08 1.1168E-08 1.2357E-08
0.0000E+00 0.0000E+00 9.6424E-13 2.6946E-12 6.8201E-12 1.0533E-11 1.9783E-11 2.9260E-11 3.9178E-11 5.0121E-11 6.0359E-11 7.2033E-11 8.3453E-11 1.0026E-10 1.1550E-10 1.3460E-10 1.5607E-10 1.8004E-10 2.0509E-10 2.3292E-10 2.6374E-10 2.9856E-10 3.3662E-10 3.7884E-10 4.2565E-10 4.7802E-10 5.3342E-10 5.9871E-10 6.6338E-10 7.3851E-10 8.1593E-10 8.9631E-10 9.8174E-10 1.0722E-09 1.1675E-09 1.2677E-09 1.3724E-09 1.4815E-09 1.5951E-09 1.7510E-09 2.0993E-09 2.5224E-09 3.0603E-09 3.6520E-09 4.2519E-09 4.8103E-09 5.3105E-09 5.7490E-09 6.1632E-09 6.6111E-09 7.1028E-09 7.7135E-09 8.4224E-09 9.2953E-09 1.0322E-08 1.1478E-08 1.2664E-08
0.0000E+00 0.0000E+00 1.2089E-12 2.8660E-12 6.9641E-12 1.0778E-11 2.0715E-11 3.0913E-11 4.0931E-11 5.1693E-11 6.2283E-11 7.4356E-11 8.6147E-11 1.0357E-10 1.1931E-10 1.3909E-10 1.6132E-10 1.8616E-10 2.1206E-10 2.4085E-10 2.7280E-10 3.0925E-10 3.4837E-10 3.9267E-10 4.4065E-10 4.9521E-10 5.5267E-10 6.2050E-10 6.8754E-10 7.6592E-10 8.4603E-10 9.2952E-10 1.0183E-09 1.1123E-09 1.2115E-09 1.3156E-09 1.4246E-09 1.5381E-09 1.6581E-09 1.7801E-09 2.1532E-09 2.5882E-09 3.1515E-09 3.7867E-09 4.4311E-09 5.0323E-09 5.5695E-09 6.0409E-09 6.4772E-09 6.9079E-09 7.4202E-09 8.0316E-09 8.7223E-09 9.6052E-09 1.0626E-08 1.1744E-08 1.2969E-08
0.0000E+00 0.0000E+00 1.4255E-12 3.0177E-12 7.0911E-12 1.0993E-11 2.1621E-11 3.2163E-11 4.2602E-11 5.3154E-11 6.4077E-11 7.6524E-11 8.8663E-11 1.0666E-10 1.2288E-10 1.4330E-10 1.6625E-10 1.9191E-10 2.1862E-10 2.4831E-10 2.8168E-10 3.1892E-10 3.5980E-10 4.0556E-10 4.5463E-10 5.1171E-10 5.7107E-10 6.4087E-10 7.1091E-10 7.9160E-10 8.7466E-10 9.6115E-10 1.0531E-09 1.1506E-09 1.2534E-09 1.3614E-09 1.4744E-09 1.5935E-09 1.7170E-09 1.8458E-09 2.1689E-09 2.6310E-09 3.2276E-09 3.9031E-09 4.5871E-09 5.2328E-09 5.8197E-09 6.3238E-09 6.7834E-09 7.1801E-09 7.7006E-09 8.3455E-09 9.0463E-09 9.8785E-09 1.0940E-08 1.2020E-08 1.3252E-08
0.0000E+00 0.0000E+00 1.6104E-12 3.1473E-12 7.2001E-12 1.1181E-11 2.2467E-11 3.3316E-11 4.4170E-11 5.4494E-11 6.5726E-11 7.8522E-11 9.0980E-11 1.0953E-10 1.2619E-10 1.4721E-10 1.7082E-10 1.9724E-10 2.2471E-10 2.5525E-10 2.9000E-10 3.2790E-10 3.7059E-10 4.1761E-10 4.6787E-10 5.2700E-10 5.8828E-10 6.6010E-10 7.3272E-10 8.1574E-10 9.0161E-10 9.9093E-10 1.0860E-09 1.1866E-09 1.2929E-09 1.4046E-09 1.5219E-09 1.6458E-09 1.7736E-09 1.9089E-09 2.2118E-09 2.6689E-09 3.2854E-09 3.9892E-09 4.7257E-09 5.4227E-09 6.0527E-09 6.5920E-09 7.0782E-09 7.4969E-09 8.0124E-09 8.6433E-09 9.3494E-09 1.0185E-08 1.1238E-08 1.2329E-08 1.3555E-08
0.0000E+00 0.0000E+00 1.7250E-12 3.2529E-12 7.2902E-12 1.1338E-11 2.3240E-11 3.4356E-11 4.5612E-11 5.5700E-11 6.7216E-11 8.0331E-11 9.3080E-11 1.1213E-10 1.2919E-10 1.5077E-10 1.7500E-10 2.0213E-10 2.3029E-10 2.6168E-10 2.9761E-10 3.3646E-10 3.8049E-10 4.2827E-10 4.8036E-10 5.4116E-10 6.0371E-10 6.7832E-10 7.5248E-10 8.3815E-10 9.2667E-10 1.0186E-09 1.1165E-09 1.2203E-09 1.3298E-09 1.4450E-09 1.5673E-09 1.6941E-09 1.8283E-09 1.9677E-09 2.2143E-09 2.6947E-09 3.3115E-09 4.0541E-09 4.8314E-09 5.5865E-09 6.2617E-09 6.8407E-09 7.3361E-09 7.7773E-09 8.3108E-09 8.9192E-09 9.6404E-09 1.0472E-08 1.1511E-08 1.2630E-08 1.3842E-08
0.0000E+00 0.0000E+00 1.8010E-12 3.3331E-12 7.3607E-12 1.1465E-11 2.3928E-11 3.4995E-11 4.6476E-11 5.6762E-11 6.8533E-11 8.1938E-11 9.4944E-11 1.1446E-10 1.3188E-10 1.5395E-10 1.7875E-10 2.0652E-10 2.3530E-10 2.6771E-10 3.0416E-10 3.4431E-10 3.8939E-10 4.3790E-10 4.9175E-10 5.5408E-10 6.1771E-10 6.9503E-10 7.7049E-10 8.5863E-10 9.4962E-10 1.0441E-09 1.1446E-09 1.2512E-09 1.3637E-09 1.4827E-09 1.6085E-09 1.7402E-09 1.8790E-09 2.0212E-09 2.2235E-09 2.7056E-09 3.3214E-09 4.0808E-09 4.9121E-09 5.7156E-09 6.4407E-09 7.0629E-09 7.5929E-09 8.0605E-09 8.5521E-09 9.2101E-09 9.9041E-09 1.0738E-08 1.1779E-08 1.2919E-08 1.4110E-08
0.0000E+00 0.0000E+00 1.8571E-12 3.3867E-12 7.4109E-12 1.1560E-11 2.4522E-11 3.5478E-11 4.7197E-11 5.7672E-11 6.9668E-11 8.3327E-11 9.6556E-11 1.1649E-10 1.3422E-10 1.5674E-10 1.8204E-10 2.1038E-10 2.3971E-10 2.7307E-10 3.0993E-10 3.5133E-10 3.9731E-10 4.4668E-10 5.0171E-10 5.6553E-10 6.3051E-10 7.0959E-10 7.8660E-10 8.7702E-10 9.7027E-10 1.0670E-09 1.1699E-09 1.2791E-09 1.3944E-09 1.5176E-09 1.6456E-09 1.7826E-09 1.9250E-09 2.0712E-09 2.2260E-09 2.7041E-09 3.2985E-09 4.0841E-09 4.9513E-09 5.8052E-09 6.5822E-09 7.2452E-09 7.7964E-09 8.3164E-09 8.7929E-09 9.4576E-09 1.0142E-08 1.0996E-08 1.1980E-08 1.3170E-08 1.4374E-08
0.0000E+00 0.0000E+00 1.8924E-12 3.4132E-12 4.5308E-12 1.1623E-11 2.5013E-11 3.5859E-11 4.7785E-11 5.8420E-11 7.0610E-11 8.4487E-11 9.7902E-11 1.1820E-10 1.3619E-10 1.5910E-10 1.8483E-10 2.1368E-10 2.4347E-10 2.7770E-10 3.1507E-10 3.5750E-10 4.0384E-10 4.5440E-10 5.1040E-10 5.7515E-10 6.4177E-10 7.2219E-10 8.0066E-10 8.9316E-10 9.8846E-10 1.0872E-09 1.1923E-09 1.3038E-09 1.4221E-09 1.5480E-09 1.6791E-09 1.8209E-09 1.9655E-09 2.1168E-09 2.2759E-09 2.6614E-09 3.2558E-09 4.0507E-09 4.9463E-09 5.8481E-09 6.6714E-09 7.3925E-09 7.9874E-09 8.5382E-09 9.0419E-09 9.6695E-09 1.0387E-08 1.1206E-08 1.2191E-08 1.3394E-08 1.4613E-08
0.0000E+00 0.0000E+00 1.9066E-12 3.4126E-12 4.5364E-12 8.7263E-12 2.5214E-11 3.6135E-11 4.8234E-11 5.9000E-11 7.1350E-11 8.5407E-11 9.8970E-11 1.1957E-10 1.3778E-10 1.6102E-10 1.8711E-10 2.1638E-10 2.4670E-10 2.8148E-10 3.1944E-10 3.6249E-10 4.0921E-10 4.6089E-10 5.1769E-10 5.8319E-10 6.5131E-10 7.3282E-10 8.1257E-10 9.0691E-10 1.0040E-09 1.1045E-09 1.2115E-09 1.3250E-09 1.4466E-09 1.5741E-09 1.7090E-09 1.8539E-09 2.0021E-09 2.1573E-09 2.3201E-09 2.6148E-09 3.2056E-09 3.9812E-09 4.8948E-09 5.8312E-09 6.7153E-09 7.4826E-09 8.1322E-09 8.7195E-09 9.2496E-09 9.8396E-09 1.0593E-08 1.1418E-08 1.2393E-08 1.3576E-08 1.4815E-08
0.0000E+00 0.0000E+00 1.8998E-12 3.3851E-12 4.5297E-12 8.7118E-12 2.2572E-11 3.3185E-11 4.8540E-11 5.9406E-11 7.1881E-11 8.6079E-11 9.9751E-11 1.2061E-10 1.3898E-10 1.6247E-10 1.8886E-10 2.1846E-10 2.4930E-10 2.8425E-10 3.2291E-10 3.6645E-10 4.1350E-10 4.6606E-10 5.2353E-10 5.8983E-10 6.5876E-10 7.4141E-10 8.2220E-10 9.1816E-10 1.0168E-09 1.1188E-09 1.2274E-09 1.3429E-09 1.4669E-09 1.5963E-09 1.7349E-09 1.8811E-09 2.0335E-09 2.1919E-09 2.3572E-09 2.5888E-09 3.1406E-09 3.8728E-09 4.7888E-09 5.7656E-09 6.6925E-09 7.5225E-09 8.2245E-09 8.8532E-09 9.3920E-09 9.9764E-09 1.0743E-08 1.1572E-08 1.2560E-08 1.3730E-08 1.4977E-08
0.0000E+00 0.0000E+00 1.8636E-12 3.3316E-12 4.5108E-12 8.6728E-12 2.2562E-11 3.3219E-11 4.8700E-11 5.9636E-11 7.2200E-11 8.6498E-11 1.0024E-10 1.2129E-10 1.3976E-10 1.6345E-10 1.9005E-10 2.1991E-10 2.5118E-10 2.8619E-10 3.2544E-10 3.6934E-10 4.1678E-10 4.6974E-10 5.2769E-10 5.9487E-10 6.6413E-10 7.4788E-10 8.2948E-10 9.2680E-10 1.0268E-09 1.1299E-09 1.2398E-09 1.3576E-09 1.4826E-09 1.6146E-09 1.7555E-09 1.9031E-09 2.0597E-09 2.2205E-09 2.3881E-09 2.5641E-09 3.0311E-09 3.7514E-09 4.6403E-09 5.6383E-09 6.6179E-09 7.5022E-09 8.2620E-09 8.9074E-09 9.5109E-09 1.0088E-08 1.0870E-08 1.1707E-08 1.2668E-08 1.3784E-08 1.5095E-08
0.0000E+00 0.0000E+00 1.7495E-12 3.2533E-12 4.4797E-12 8.6096E-12 1.9036E-11 2.9629E-11 4.8713E-11 5.9688E-11 7.2303E-11 8.6659E-11 1.0042E-10 1.2161E-10 1.4014E-10 1.6395E-10 1.9068E-10 2.2071E-10 2.5230E-10 2.8737E-10 3.2718E-10 3.7102E-10 4.1882E-10 4.7207E-10 5.3014E-10 5.9816E-10 6.6756E-10 7.5216E-10 8.3434E-10 9.3276E-10 1.0338E-09 1.1378E-09 1.2487E-09 1.3685E-09 1.4940E-09 1.6293E-09 1.7706E-09 1.9212E-09 2.0809E-09 2.2436E-09 2.4159E-09 2.5946E-09 2.9804E-09 3.6014E-09 4.4673E-09 5.4649E-09 6.4765E-09 7.4124E-09 8.2197E-09 8.9225E-09 9.5433E-09 1.0149E-08 1.0916E-08 1.1754E-08 1.2731E-08 1.3824E-08 1.5145E-08
