Assets/Resources/2015_m01_d12_1900(utc+0800)_l00_csi_1hr_conc.grd
DSAA
         159         159
     -79.000      79.000
     -79.000      79.000
  0.0000E+00  0.3461E-05
[rows 0 to 24 of 159, columns 0 to 56 of 159]
8.1736E-11 8.1462E-11 8.0771E-11 7.9667E-11 7.8069E-11 7.5984E-11 7.3448E-11 7.0495E-11 6.7171E-11 6.3559E-11 5.9749E-11 5.5835E-11 5.1815E-11 4.7757E-11 4.3335E-11 3.8172E-11 3.2472E-11 2.6561E-11 2.1462E-11 1.7021E-11 1.2567E-11 8.3585E-12 4.2834E-12 9.8998E-13 3.6097E-13 5.4285E-14 0.0000E+00 0.0000E+00 0.0000E+00 0.0000E+00 0.0000E+00 0.0000E+00 0.0000E+00 0.0000E+00 0.0000E+00 0.0000E+00 0.0000E+00 0.0000E+00 0.0000E+00 0.0000E+00 0.0000E+00 0.0000E+00 0.0000E+00 0.0000E+00 0.0000E+00 0.0000E+00 0.0000E+00 0.0000E+00 0.0000E+00 0.0000E+00 0.0000E+00 0.0000E+00 0.0000E+00 0.0000E+00 0.0000E+00 0.0000E+00 0.0000E+00
1.0285E-10 1.0286E-10 1.0235E-10 1.0132E-10 9.9692E-11 9.7441E-11 9.4586E-11 9.1144E-11 8.7245E-11 8.2999E-11 7.8518E-11 7.3846E-11 6.8969E-11 6.3972E-11 5.8864E-11 5.3476E-11 4.7374E-11 4.0695E-11 3.3835E-11 2.7482E-11 2.1727E-11 1.6291E-11 1.0971E-11 5.9633E-12 1.5736E-12 7.3122E-13 2.1825E-13 0.0000E+00 0.0000E+00 0.0000E+00 0.0000E+00 0.0000E+00 0.0000E+00 0.0000E+00 0.0000E+00 0.0000E+00 0.0000E+00 0.0000E+00 0.0000E+00 0.0000E+00 0.0000E+00 0.0000E+00 0.0000E+00 0.0000E+00 0.0000E+00 0.0000E+00 0.0000E+00 0.0000E+00 0.0000E+00 0.0000E+00 0.0000E+00 0.0000E+00 0.0000E+00 0.0000E+00 0.0000E+00 0.0000E+00 0.0000E+00
1.2687E-10 1.2726E-10 1.2703E-10 1.2612E-10 1.2442E-10 1.2200E-10 1.1884E-10 1.1502E-10 1.1060E-10 1.0570E-10 1.0048E-10 9.4943E-11 8.9156E-11 8.3148E-11 7.6990E-11 7.0796E-11 6.4298E-11 5.7067E-11 4.9510E-11 4.1805E-11 3.3961E-11 2.6977E-11 2.0256E-11 1.3770E-11 7.8573E-12 2.4551E-12 1.0613E-12 3.6184E-13 3.1467E-14 0.0000E+00 0.0000E+00 0.0000E+00 0.0000E+00 0.0000E+00 0.0000E+00 0.0000E+00 0.0000E+00 0.0000E+00 0.0000E+00 0.0000E+00 0.0000E+00 0.0000E+00 0.0000E+00 0.0000E+00 0.0000E+00 0.0000E+00 0.0000E+00 0.0000E+00 0.0000E+00 0.0000E+00 0.0000E+00 0.0000E+00 0.0000E+00 0.0000E+00 0.0000E+00 0.0000E+00 0.0000E+00
1.5189E-10 1.5265E-10 1.5267E-10 1.5185E-10 1.5017E-10 1.4755E-10 1.4401E-10 1.3970E-10 1.3469E-10 1.2910E-10 1.2312E-10 1.1675E-10 1.0998E-10 1.0289E-10 9.5597E-11 8.8248E-11 8.0904E-11 7.3348E-11 6.5221E-11 5.7093E-11 4.8910E-11 3.9769E-11 3.1914E-11 2.4169E-11 1.6783E-11 9.7963E-12 3.7459E-12 1.3987E-12 5.6751E-13 1.1744E-13 0.0000E+00 0.0000E+00 0.0000E+00 0.0000E+00 0.0000E+00 0.0000E+00 0.0000E+00 0.0000E+00 0.0000E+00 0.0000E+00 0.0000E+00 0.0000E+00 0.0000E+00 0.0000E+00 0.0000E+00 0.0000E+00 0.0000E+00 0.0000E+00 0.0000E+00 0.0000E+00 0.0000E+00 0.0000E+00 0.0000E+00 0.0000E+00 0.0000E+00 0.0000E+00 0.0000E+00
1.8151E-10 1.8272E-10 1.8302E-10 1.8227E-10 1.8049E-10 1.7761E-10 1.7373E-10 1.6891E-10 1.6320E-10 1.5678E-10 1.4980E-10 1.4236E-10 1.3441E-10 1.2609E-10 1.1749E-10 1.0870E-10 9.9867E-11 9.1085E-11 8.2210E-11 7.3103E-11 6.4229E-11 5.5247E-11 4.4181E-11 3.5089E-11 2.6644E-11 1.8819E-11 1.1596E-11 5.0016E-12 1.6500E-12 7.2130E-13 1.7828E-13 0.0000E+00 0.0000E+00 0.0000E+00 0.0000E+00 0.0000E+00 0.0000E+00 0.0000E+00 0.0000E+00 0.0000E+00 0.0000E+00 0.0000E+00 0.0000E+00 0.0000E+00 0.0000E+00 0.0000E+00 0.0000E+00 0.0000E+00 0.0000E+00 0.0000E+00 0.0000E+00 0.0000E+00 0.0000E+00 0.0000E+00 0.0000E+00 0.0000E+00 0.0000E+00
2.1685E-10 2.1892E-10 2.1977E-10 2.1946E-10 2.1783E-10 2.1485E-10 2.1072E-10 2.0548E-10 1.9923E-10 1.9213E-10 1.8432E-10 1.7581E-10 1.6663E-10 1.5693E-10 1.4687E-10 1.3656E-10 1.2612E-10 1.1567E-10 1.0547E-10 9.5070E-11 8.5339E-11 7.5361E-11 6.4870E-11 5.2027E-11 4.0971E-11 3.1426E-11 2.2363E-11 1.3907E-11 6.1624E-12 1.7808E-12 8.1727E-13 2.1204E-13 0.0000E+00 0.0000E+00 0.0000E+00 0.0000E+00 0.0000E+00 0.0000E+00 0.0000E+00 0.0000E+00 0.0000E+00 0.0000E+00 0.0000E+00 0.0000E+00 0.0000E+00 0.0000E+00 0.0000E+00 0.0000E+00 0.0000E+00 0.0000E+00 0.0000E+00 0.0000E+00 0.0000E+00 0.0000E+00 0.0000E+00 0.0000E+00 0.0000E+00
2.5559E-10 2.5856E-10 2.6048E-10 2.6093E-10 2.5975E-10 2.5688E-10 2.5264E-10 2.4704E-10 2.4022E-10 2.3234E-10 2.2361E-10 2.1399E-10 2.0356E-10 1.9246E-10 1.8082E-10 1.6880E-10 1.5654E-10 1.4426E-10 1.3219E-10 1.2048E-10 1.0903E-10 9.7823E-11 8.6384E-11 7.4426E-11 6.0017E-11 4.7175E-11 3.6109E-11 2.5751E-11 1.5915E-11 7.6179E-12 1.8435E-12 8.5284E-13 2.1800E-13 0.0000E+00 0.0000E+00 0.0000E+00 0.0000E+00 0.0000E+00 0.0000E+00 0.0000E+00 0.0000E+00 0.0000E+00 0.0000E+00 0.0000E+00 0.0000E+00 0.0000E+00 0.0000E+00 0.0000E+00 0.0000E+00 0.0000E+00 0.0000E+00 0.0000E+00 0.0000E+00 0.0000E+00 0.0000E+00 0.0000E+00 0.0000E+00
2.9828E-10 3.0222E-10 3.0442E-10 3.0519E-10 3.0423E-10 3.0167E-10 2.9762E-10 2.9174E-10 2.8433E-10 2.7570E-10 2.6595E-10 2.5502E-10 2.4311E-10 2.3041E-10 2.1706E-10 2.0322E-10 1.8906E-10 1.7482E-10 1.6066E-10 1.4693E-10 1.3362E-10 1.2080E-10 1.0810E-10 9.5450E-11 8.2377E-11 6.7131E-11 5.2979E-11 4.0591E-11 2.9047E-11 1.8092E-11 8.4106E-12 1.8368E-12 8.2806E-13 1.9672E-13 0.0000E+00 0.0000E+00 0.0000E+00 0.0000E+00 0.0000E+00 0.0000E+00 0.0000E+00 0.0000E+00 0.0000E+00 0.0000E+00 0.0000E+00 0.0000E+00 0.0000E+00 0.0000E+00 0.0000E+00 0.0000E+00 0.0000E+00 0.0000E+00 0.0000E+00 0.0000E+00 0.0000E+00 0.0000E+00 0.0000E+00
3.4802E-10 3.5313E-10 3.5636E-10 3.5770E-10 3.5746E-10 3.5473E-10 3.5010E-10 3.4368E-10 3.3549E-10 3.2597E-10 3.1505E-10 3.0279E-10 2.8931E-10 2.7478E-10 2.5940E-10 2.4336E-10 2.2694E-10 2.1039E-10 1.9394E-10 1.7786E-10 1.6214E-10 1.4695E-10 1.3217E-10 1.1772E-10 1.0354E-10 8.8869E-11 7.2503E-11 5.6632E-11 4.3161E-11 3.0589E-11 1.8874E-11 8.8789E-12 1.7625E-12 7.4557E-13 1.4993E-13 0.0000E+00 0.0000E+00 0.0000E+00 0.0000E+00 0.0000E+00 0.0000E+00 0.0000E+00 0.0000E+00 0.0000E+00 0.0000E+00 0.0000E+00 0.0000E+00 0.0000E+00 0.0000E+00 0.0000E+00 0.0000E+00 0.0000E+00 0.0000E+00 0.0000E+00 0.0000E+00 0.0000E+00 0.0000E+00
4.0234E-10 4.0847E-10 4.1293E-10 4.1461E-10 4.1413E-10 4.1141E-10 4.0661E-10 3.9970E-10 3.9089E-10 3.8052E-10 3.6854E-10 3.5510E-10 3.4038E-10 3.2456E-10 3.0776E-10 2.8999E-10 2.7145E-10 2.5238E-10 2.3323E-10 2.1445E-10 1.9597E-10 1.7799E-10 1.6036E-10 1.4336E-10 1.2683E-10 1.1071E-10 9.4304E-11 7.7003E-11 5.9784E-11 4.4840E-11 3.1280E-11 1.9200E-11 9.3456E-12 2.1810E-12 6.1043E-13 8.0509E-14 0.0000E+00 0.0000E+00 0.0000E+00 0.0000E+00 0.0000E+00 0.0000E+00 0.0000E+00 0.0000E+00 0.0000E+00 0.0000E+00 0.0000E+00 0.0000E+00 0.0000E+00 0.0000E+00 0.0000E+00 0.0000E+00 0.0000E+00 0.0000E+00 0.0000E+00 0.0000E+00 0.0000E+00
4.6450E-10 4.7232E-10 4.7773E-10 4.8125E-10 4.8202E-10 4.8057E-10 4.7745E-10 4.7123E-10 4.6290E-10 4.5255E-10 4.4024E-10 4.2597E-10 4.0955E-10 3.9143E-10 3.7198E-10 3.5153E-10 3.3029E-10 3.0871E-10 2.8702E-10 2.6560E-10 2.4454E-10 2.2376E-10 2.0348E-10 1.8368E-10 1.6459E-10 1.4608E-10 1.2775E-10 1.0910E-10 9.0209E-11 7.0558E-11 5.3117E-11 3.7084E-11 2.3303E-11 1.1887E-11 3.7219E-12 5.4512E-13 0.0000E+00 0.0000E+00 0.0000E+00 0.0000E+00 0.0000E+00 0.0000E+00 0.0000E+00 0.0000E+00 0.0000E+00 0.0000E+00 0.0000E+00 0.0000E+00 0.0000E+00 0.0000E+00 0.0000E+00 0.0000E+00 0.0000E+00 0.0000E+00 0.0000E+00 0.0000E+00 0.0000E+00
5.3203E-10 5.4183E-10 5.4875E-10 5.5396E-10 5.5649E-10 5.5563E-10 5.5206E-10 5.4587E-10 5.3713E-10 5.2641E-10 5.1240E-10 4.9608E-10 4.7769E-10 4.5747E-10 4.3567E-10 4.1256E-10 3.8843E-10 3.6382E-10 3.3910E-10 3.1459E-10 2.9033E-10 2.6638E-10 2.4286E-10 2.1987E-10 1.9778E-10 1.7670E-10 1.5646E-10 1.3623E-10 1.1564E-10 9.5986E-11 7.5514E-11 5.7050E-11 4.0205E-11 2.5678E-11 1.4040E-11 5.0441E-12 4.8582E-13 0.0000E+00 0.0000E+00 0.0000E+00 0.0000E+00 0.0000E+00 0.0000E+00 0.0000E+00 0.0000E+00 0.0000E+00 0.0000E+00 0.0000E+00 0.0000E+00 0.0000E+00 0.0000E+00 0.0000E+00 0.0000E+00 0.0000E+00 0.0000E+00 0.0000E+00 0.0000E+00
6.0782E-10 6.2104E-10 6.3033E-10 6.3778E-10 6.4180E-10 6.4234E-10 6.4037E-10 6.3510E-10 6.2604E-10 6.1410E-10 5.9933E-10 5.8185E-10 5.6189E-10 5.3970E-10 5.1566E-10 4.9000E-10 4.6308E-10 4.3559E-10 4.0770E-10 3.7978E-10 3.5201E-10 3.2446E-10 2.9727E-10 2.7070E-10 2.4492E-10 2.2005E-10 1.9634E-10 1.7345E-10 1.5051E-10 1.2781E-10 1.0638E-10 8.4298E-11 6.3766E-11 4.5049E-11 2.8912E-11 1.5888E-11 6.4078E-12 2.5049E-13 0.0000E+00 0.0000E+00 0.0000E+00 0.0000E+00 0.0000E+00 0.0000E+00 0.0000E+00 0.0000E+00 0.0000E+00 0.0000E+00 0.0000E+00 0.0000E+00 0.0000E+00 0.0000E+00 0.0000E+00 0.0000E+00 0.0000E+00 0.0000E+00 0.0000E+00
6.9185E-10 7.0738E-10 7.1944E-10 7.2801E-10 7.3432E-10 7.3612E-10 7.3521E-10 7.3025E-10 7.2136E-10 7.0984E-10 6.9498E-10 6.7667E-10 6.5529E-10 6.3131E-10 6.0506E-10 5.7675E-10 5.4701E-10 5.1632E-10 4.8517E-10 4.5381E-10 4.2253E-10 3.9122E-10 3.6005E-10 3.2952E-10 2.9974E-10 2.7093E-10 2.4330E-10 2.1686E-10 1.9120E-10 1.6539E-10 1.4066E-10 1.1819E-10 9.4911E-11 7.2284E-11 5.1281E-11 3.3596E-11 1.9218E-11 7.6316E-12 0.0000E+00 0.0000E+00 0.0000E+00 0.0000E+00 0.0000E+00 0.0000E+00 0.0000E+00 0.0000E+00 0.0000E+00 0.0000E+00 0.0000E+00 0.0000E+00 0.0000E+00 0.0000E+00 0.0000E+00 0.0000E+00 0.0000E+00 0.0000E+00 0.0000E+00
7.8362E-10 8.0234E-10 8.1732E-10 8.2866E-10 8.3683E-10 8.4020E-10 8.3948E-10 8.3542E-10 8.2705E-10 8.1508E-10 7.9881E-10 7.7898E-10 7.5568E-10 7.2943E-10 7.0046E-10 6.6916E-10 6.3609E-10 6.0169E-10 5.6666E-10 5.3115E-10 4.9561E-10 4.5985E-10 4.2430E-10 3.8923E-10 3.5490E-10 3.2147E-10 2.8912E-10 2.5823E-10 2.2889E-10 2.0025E-10 1.7208E-10 1.4579E-10 1.2206E-10 9.8187E-11 7.3825E-11 5.2206E-11 3.3638E-11 1.9011E-11 7.8759E-12 4.8625E-13 0.0000E+00 0.0000E+00 0.0000E+00 0.0000E+00 0.0000E+00 0.0000E+00 0.0000E+00 0.0000E+00 0.0000E+00 0.0000E+00 0.0000E+00 0.0000E+00 0.0000E+00 0.0000E+00 0.0000E+00 0.0000E+00 0.0000E+00
8.8341E-10 9.0578E-10 9.2333E-10 9.3722E-10 9.4781E-10 9.5406E-10 9.5501E-10 9.5293E-10 9.4538E-10 9.3335E-10 9.1763E-10 8.9734E-10 8.7353E-10 8.4564E-10 8.1446E-10 7.8051E-10 7.4447E-10 7.0678E-10 6.6824E-10 6.2910E-10 5.8935E-10 5.4911E-10 5.0899E-10 4.6921E-10 4.3009E-10 3.9180E-10 3.5460E-10 3.1877E-10 2.8451E-10 2.5202E-10 2.2011E-10 1.8912E-10 1.6089E-10 1.3495E-10 1.0911E-10 8.1655E-11 5.7701E-11 3.7670E-11 2.1793E-11 9.6367E-12 1.5872E-12 3.5004E-13 0.0000E+00 0.0000E+00 0.0000E+00 0.0000E+00 0.0000E+00 0.0000E+00 0.0000E+00 0.0000E+00 0.0000E+00 0.0000E+00 0.0000E+00 0.0000E+00 0.0000E+00 0.0000E+00 0.0000E+00
9.9127E-10 1.0166E-09 1.0390E-09 1.0555E-09 1.0689E-09 1.0770E-09 1.0806E-09 1.0792E-09 1.0729E-09 1.0607E-09 1.0455E-09 1.0243E-09 9.9905E-10 9.7009E-10 9.3687E-10 9.0089E-10 8.6169E-10 8.2050E-10 7.7803E-10 7.3477E-10 6.9053E-10 6.4574E-10 6.0074E-10 5.5591E-10 5.1149E-10 4.6778E-10 4.2531E-10 3.8424E-10 3.4486E-10 3.0756E-10 2.7175E-10 2.3674E-10 2.0369E-10 1.7338E-10 1.4550E-10 1.1722E-10 8.8975E-11 6.3431E-11 4.2032E-11 2.4669E-11 1.1449E-11 2.2679E-12 8.9147E-13 2.8353E-13 0.0000E+00 0.0000E+00 0.0000E+00 0.0000E+00 0.0000E+00 0.0000E+00 0.0000E+00 0.0000E+00 0.0000E+00 0.0000E+00 0.0000E+00 0.0000E+00 0.0000E+00
1.1073E-09 1.1369E-09 1.1622E-09 1.1832E-09 1.2002E-09 1.2122E-09 1.2175E-09 1.2187E-09 1.2145E-09 1.2033E-09 1.1875E-09 1.1664E-09 1.1396E-09 1.1090E-09 1.0733E-09 1.0337E-09 9.9111E-10 9.4620E-10 8.9972E-10 8.5174E-10 8.0234E-10 7.5221E-10 7.0162E-10 6.5104E-10 6.0073E-10 5.5107E-10 5.0255E-10 4.5523E-10 4.0997E-10 3.6687E-10 3.2601E-10 2.8644E-10 2.4809E-10 2.1268E-10 1.8038E-10 1.5028E-10 1.1984E-10 8.9621E-11 6.3817E-11 4.1993E-11 2.4877E-11 1.1743E-11 2.6796E-12 1.3764E-12 5.3715E-13 1.0858E-13 0.0000E+00 0.0000E+00 0.0000E+00 0.0000E+00 0.0000E+00 0.0000E+00 0.0000E+00 0.0000E+00 0.0000E+00 0.0000E+00 0.0000E+00
1.2300E-09 1.2652E-09 1.2952E-09 1.3213E-09 1.3416E-09 1.3572E-09 1.3658E-09 1.3697E-09 1.3669E-09 1.3575E-09 1.3426E-09 1.3220E-09 1.2955E-09 1.2629E-09 1.2261E-09 1.1851E-09 1.1399E-09 1.0916E-09 1.0413E-09 9.8905E-10 9.3518E-10 8.8005E-10 8.2416E-10 7.6781E-10 7.1146E-10 6.5578E-10 6.0104E-10 5.4767E-10 4.9621E-10 4.4677E-10 3.9985E-10 3.5494E-10 3.1121E-10 2.6996E-10 2.3190E-10 1.9682E-10 1.6384E-10 1.2997E-10 9.7354E-11 6.9451E-11 4.6095E-11 2.7431E-11 1.2740E-11 2.9095E-12 1.6644E-12 6.9524E-13 1.5610E-13 0.0000E+00 0.0000E+00 0.0000E+00 0.0000E+00 0.0000E+00 0.0000E+00 0.0000E+00 0.0000E+00 0.0000E+00 0.0000E+00
1.3611E-09 1.4010E-09 1.4373E-09 1.4683E-09 1.4932E-09 1.5122E-09 1.5256E-09 1.5323E-09 1.5314E-09 1.5237E-09 1.5102E-09 1.4888E-09 1.4616E-09 1.4277E-09 1.3891E-09 1.3446E-09 1.2959E-09 1.2440E-09 1.1892E-09 1.1318E-09 1.0725E-09 1.0114E-09 9.4926E-10 8.8639E-10 8.2330E-10 7.6064E-10 6.9857E-10 6.3818E-10 5.7989E-10 5.2413E-10 4.7071E-10 4.1976E-10 3.7029E-10 3.2287E-10 2.7911E-10 2.3880E-10 2.0117E-10 1.6604E-10 1.3031E-10 9.6433E-11 6.8207E-11 4.5459E-11 2.6972E-11 1.2307E-11 2.9125E-12 1.7591E-12 7.5565E-13 1.7198E-13 0.0000E+00 0.0000E+00 0.0000E+00 0.0000E+00 0.0000E+00 0.0000E+00 0.0000E+00 0.0000E+00 0.0000E+00
1.4993E-09 1.5462E-09 1.5876E-09 1.6236E-09 1.6544E-09 1.6791E-09 1.6960E-09 1.7063E-09 1.7074E-09 1.7028E-09 1.6894E-09 1.6690E-09 1.6418E-09 1.6070E-09 1.5658E-09 1.5189E-09 1.4669E-09 1.4111E-09 1.3518E-09 1.2896E-09 1.2249E-09 1.1583E-09 1.0904E-09 1.0217E-09 9.5290E-10 8.8424E-10 8.1611E-10 7.4886E-10 6.8285E-10 6.1922E-10 5.5795E-10 4.9931E-10 4.4306E-10 3.8866E-10 3.3783E-10 2.9105E-10 2.4760E-10 2.0701E-10 1.6923E-10 1.3148E-10 9.6613E-11 6.7358E-11 4.4147E-11 2.5988E-11 1.1537E-11 2.9596E-12 1.7715E-12 7.4584E-13 1.5658E-13 0.0000E+00 0.0000E+00 0.0000E+00 0.0000E+00 0.0000E+00 0.0000E+00 0.0000E+00 0.0000E+00
1.6444E-09 1.6973E-09 1.7461E-09 1.7883E-09 1.8260E-09 1.8545E-09 1.8771E-09 1.8907E-09 1.8961E-09 1.8935E-09 1.8817E-09 1.8628E-09 1.8350E-09 1.7996E-09 1.7570E-09 1.7079E-09 1.6532E-09 1.5943E-09 1.5316E-09 1.4653E-09 1.3958E-09 1.3236E-09 1.2494E-09 1.1738E-09 1.0967E-09 1.0190E-09 9.4204E-10 8.6636E-10 7.9247E-10 7.2090E-10 6.5196E-10 5.8590E-10 5.2287E-10 4.6184E-10 4.0409E-10 3.5085E-10 3.0165E-10 2.5551E-10 2.1182E-10 1.7148E-10 1.3206E-10 9.6638E-11 6.7224E-11 4.3225E-11 2.4018E-11 9.9361E-12 2.9107E-12 1.7033E-12 6.6890E-13 1.1212E-13 0.0000E+00 0.0000E+00 0.0000E+00 0.0000E+00 0.0000E+00 0.0000E+00 0.0000E+00
1.7946E-09 1.8565E-09 1.9110E-09 1.9620E-09 2.0039E-09 2.0401E-09 2.0682E-09 2.0858E-09 2.0953E-09 2.0951E-09 2.0868E-09 2.0687E-09 2.0418E-09 2.0063E-09 1.9633E-09 1.9132E-09 1.8567E-09 1.7952E-09 1.7286E-09 1.6574E-09 1.5822E-09 1.5042E-09 1.4228E-09 1.3399E-09 1.2560E-09 1.1719E-09 1.0881E-09 1.0055E-09 9.2379E-10 8.4358E-10 7.6552E-10 6.9042E-10 6.1843E-10 5.4926E-10 4.8295E-10 4.2162E-10 3.6522E-10 3.1269E-10 2.6338E-10 2.1752E-10 1.7464E-10 1.3335E-10 9.6878E-11 6.6892E-11 4.2353E-11 2.2992E-11 8.9377E-12 2.7701E-12 1.5602E-12 5.3168E-13 4.2500E-14 0.0000E+00 0.0000E+00 0.0000E+00 0.0000E+00 0.0000E+00 0.0000E+00
1.9516E-09 2.0193E-09 2.0841E-09 2.1407E-09 2.1912E-09 2.2341E-09 2.2667E-09 2.2906E-09 2.3042E-09 2.3088E-09 2.3029E-09 2.2871E-09 2.2623E-09 2.2280E-09 2.1850E-09 2.1355E-09 2.0783E-09 2.0142E-09 1.9458E-09 1.8720E-09 1.7941E-09 1.7110E-09 1.6248E-09 1.5362E-09 1.4456E-09 1.3544E-09 1.2623E-09 1.1709E-09 1.0805E-09 9.9163E-10 9.0495E-10 8.2113E-10 7.4055E-10 6.6338E-10 5.8902E-10 5.1949E-10 4.5527E-10 3.9576E-10 3.4004E-10 2.8768E-10 2.3932E-10 1.9451E-10 1.5112E-10 1.1379E-10 8.2464E-11 5.6115E-11 3.4597E-11 2.0174E-11 1.3627E-11 1.1161E-11 8.2032E-12 4.8407E-12 2.1139E-12 3.4908E-13 0.0000E+00 0.0000E+00 0.0000E+00
2.1104E-09 2.1892E-09 2.2607E-09 2.3263E-09 2.3848E-09 2.4340E-09 2.4741E-09 2.5034E-09 2.5231E-09 2.5317E-09 2.5314E-09 2.5193E-09 2.4986E-09 2.4678E-09 2.4256E-09 2.3760E-09 2.3184E-09 2.2552E-09 2.1844E-09 2.1064E-09 2.0233E-09 1.9353E-09 1.8433E-09 1.7482E-09 1.6501E-09 1.5504E-09 1.4502E-09 1.3500E-09 1.2506E-09 1.1525E-09 1.0563E-09 9.6269E-10 8.7240E-10 7.8558E-10 7.0187E-10 6.2244E-10 5.4889E-10 4.8060E-10 4.1673E-10 3.5716E-10 3.0198E-10 2.5141E-10 2.0504E-10 1.6001E-10 1.2107E-10 8.8433E-11 6.0677E-11 3.8736E-11 2.3356E-11 1.6567E-11 1.1468E-11 7.1044E-12 3.7532E-12 1.0219E-12 0.0000E+00 0.0000E+00 0.0000E+00
