Assets/Resources/2015_m01_d14_1000(utc+0800)_l00_csi_1hr_conc.grd
DSAA
         159         159
     -79.000      79.000
     -79.000      79.000
  0.0000E+00  0.8860E-06
[rows 75 to 99 of 159, columns 57 to 113 of 159]
5.0483E-09 5.1816E-09 5.3056E-09 5.4168E-09 5.5147E-09 5.5936E-09 5.6511E-09 5.6864E-09 5.6959E-09 5.7007E-09 5.7167E-09 6.0697E-09 6.8832E-09 8.4156E-09 1.1502E-08 1.6759E-08 2.7083E-08 4.8478E-08 9.7859E-08 1.8735E-07 2.2019E-07 3.5309E-08 3.4054E-09 3.1572E-09 2.9062E-09 2.6705E-09 2.4348E-09 2.2183E-09 1.9986E-09 1.7974E-09 1.6134E-09 1.4394E-09 1.2690E-09 1.1258E-09 9.9005E-10 8.7637E-10 7.6313E-10 6.6030E-10 5.6779E-10 4.8669E-10 4.1375E-10 3.4666E-10 2.8250E-10 2.2415E-10 1.7455E-10 1.3000E-10 9.4017E-11 6.1563E-11 3.7418E-11 2.0831E-11 1.1137E-11 3.3288E-12 0.0000E+00 0.0000E+00 0.0000E+00 0.0000E+00 0.0000E+00
4.4497E-09 4.5592E-09 4.6601E-09 4.7517E-09 4.8286E-09 4.8916E-09 4.9364E-09 4.9619E-09 4.9658E-09 4.9475E-09 4.9065E-09 4.8863E-09 4.9730E-09 5.2579E-09 5.9708E-09 7.1722E-09 9.4579E-09 1.6312E-08 4.1378E-08 1.2516E-07 3.5831E-07 1.7381E-07 2.9826E-09 2.7575E-09 2.5481E-09 2.3362E-09 2.1394E-09 1.9381E-09 1.7520E-09 1.5806E-09 1.4106E-09 1.2546E-09 1.1186E-09 9.8812E-10 8.7911E-10 7.6894E-10 6.6788E-10 5.7647E-10 4.9692E-10 4.2635E-10 3.5795E-10 2.9389E-10 2.3585E-10 1.8693E-10 1.4417E-10 1.0419E-10 7.0217E-11 4.5393E-11 2.6477E-11 1.3762E-11 6.0431E-12 0.0000E+00 0.0000E+00 0.0000E+00 0.0000E+00 0.0000E+00 0.0000E+00
3.9184E-09 4.0056E-09 4.0877E-09 4.1588E-09 4.2213E-09 4.2689E-09 4.3030E-09 4.3194E-09 4.3191E-09 4.2994E-09 4.2615E-09 4.2042E-09 4.1290E-09 4.0690E-09 4.0159E-09 3.9995E-09 4.0036E-09 4.1928E-09 6.6857E-09 3.1501E-08 2.1107E-07 8.8604E-07 2.6177E-09 2.3990E-09 2.2191E-09 2.0350E-09 1.8612E-09 1.6854E-09 1.5337E-09 1.3737E-09 1.2296E-09 1.0994E-09 9.8416E-10 8.7194E-10 7.6787E-10 6.6768E-10 5.8828E-10 5.0287E-10 4.3189E-10 3.6634E-10 3.0302E-10 2.4864E-10 1.9979E-10 1.5412E-10 1.1350E-10 8.0338E-11 5.2044E-11 3.1822E-11 1.7964E-11 9.3238E-12 2.5017E-12 0.0000E+00 0.0000E+00 0.0000E+00 0.0000E+00 0.0000E+00 0.0000E+00
3.4386E-09 3.5087E-09 3.5717E-09 3.6292E-09 3.6830E-09 3.7202E-09 3.7429E-09 3.7538E-09 3.7484E-09 3.7214E-09 3.6853E-09 3.6350E-09 3.5701E-09 3.4897E-09 3.3974E-09 3.2863E-09 3.1658E-09 3.0290E-09 2.8737E-09 2.7234E-09 1.2480E-08 6.5007E-07 3.3789E-09 2.0882E-09 1.9201E-09 1.7708E-09 1.6119E-09 1.4744E-09 1.3258E-09 1.1941E-09 1.0709E-09 9.5882E-10 8.5733E-10 7.5955E-10 6.6396E-10 5.8708E-10 5.0405E-10 4.3508E-10 3.7155E-10 3.1008E-10 2.5792E-10 2.0749E-10 1.6173E-10 1.2237E-10 8.7463E-11 5.9454E-11 3.8523E-11 2.2183E-11 1.2622E-11 6.2592E-12 0.0000E+00 0.0000E+00 0.0000E+00 0.0000E+00 0.0000E+00 0.0000E+00 0.0000E+00
3.0082E-09 3.0705E-09 3.1199E-09 3.1614E-09 3.1971E-09 3.2215E-09 3.2467E-09 3.2499E-09 3.2353E-09 3.2141E-09 3.1821E-09 3.1375E-09 3.0798E-09 3.0095E-09 2.9271E-09 2.8250E-09 2.7210E-09 2.6070E-09 2.4852E-09 2.3490E-09 2.2170E-09 2.0826E-09 1.9339E-09 1.8010E-09 1.6547E-09 1.5279E-09 1.3923E-09 1.2700E-09 1.1457E-09 1.0363E-09 9.3012E-10 8.3759E-10 7.4547E-10 6.6149E-10 5.7723E-10 5.0078E-10 4.3281E-10 3.7305E-10 3.1279E-10 2.5949E-10 2.1246E-10 1.6859E-10 1.2907E-10 9.6428E-11 6.6992E-11 4.3007E-11 2.6436E-11 1.4649E-11 6.6505E-12 2.3323E-12 0.0000E+00 7.9807E-13 0.0000E+00 8.0932E-13 0.0000E+00 0.0000E+00 0.0000E+00
2.6375E-09 2.6773E-09 2.7221E-09 2.7533E-09 2.7772E-09 2.7952E-09 2.8029E-09 2.8040E-09 2.7926E-09 2.7737E-09 2.7439E-09 2.7031E-09 2.6517E-09 2.5898E-09 2.5182E-09 2.4374E-09 2.3395E-09 2.2426E-09 2.1386E-09 2.0201E-09 1.9025E-09 1.7891E-09 1.6658E-09 1.5471E-09 1.4323E-09 1.3097E-09 1.2022E-09 1.0876E-09 9.9419E-10 8.9516E-10 8.1096E-10 7.2008E-10 6.3891E-10 5.6435E-10 4.9281E-10 4.2786E-10 3.7021E-10 3.1246E-10 2.6075E-10 2.1538E-10 1.7306E-10 1.3537E-10 1.0174E-10 7.1050E-11 4.7570E-11 2.9681E-11 1.7483E-11 1.0248E-11 4.1363E-12 0.0000E+00 0.0000E+00 3.0191E-13 0.0000E+00 6.9634E-13 0.0000E+00 0.0000E+00 0.0000E+00
2.3022E-09 2.3407E-09 2.3656E-09 2.3959E-09 2.4124E-09 2.4220E-09 2.4261E-09 2.4212E-09 2.4106E-09 2.3913E-09 2.3627E-09 2.3254E-09 2.2791E-09 2.2247E-09 2.1625E-09 2.0927E-09 2.0072E-09 1.9182E-09 1.8299E-09 1.7375E-09 1.6275E-09 1.5277E-09 1.4312E-09 1.3208E-09 1.2238E-09 1.1166E-09 1.0302E-09 9.4272E-10 8.5566E-10 7.7458E-10 6.9484E-10 6.1805E-10 5.4869E-10 4.8047E-10 4.1917E-10 3.6236E-10 3.0919E-10 2.5812E-10 2.1557E-10 1.7538E-10 1.3735E-10 1.0404E-10 7.4852E-11 5.1636E-11 3.3313E-11 2.1284E-11 1.2193E-11 4.9339E-12 5.9873E-13 0.0000E+00 0.0000E+00 0.0000E+00 0.0000E+00 0.0000E+00 0.0000E+00 0.0000E+00 0.0000E+00
2.0085E-09 2.0364E-09 2.0632E-09 2.0758E-09 2.0847E-09 2.0990E-09 2.0978E-09 2.0920E-09 2.0794E-09 2.0595E-09 2.0323E-09 1.9977E-09 1.9563E-09 1.9082E-09 1.8479E-09 1.7882E-09 1.7130E-09 1.6426E-09 1.5601E-09 1.4805E-09 1.3903E-09 1.3035E-09 1.2191E-09 1.1290E-09 1.0445E-09 9.6425E-10 8.8353E-10 8.0950E-10 7.3049E-10 6.6404E-10 5.8826E-10 5.2838E-10 4.5936E-10 4.0595E-10 3.5093E-10 3.0313E-10 2.5400E-10 2.1356E-10 1.7440E-10 1.3849E-10 1.0523E-10 7.7430E-11 5.5378E-11 3.6810E-11 2.2214E-11 1.3824E-11 6.3498E-12 1.9418E-12 0.0000E+00 0.0000E+00 0.0000E+00 0.0000E+00 0.0000E+00 0.0000E+00 0.0000E+00 0.0000E+00 0.0000E+00
1.7642E-09 1.7764E-09 1.7838E-09 1.7901E-09 1.8036E-09 1.8032E-09 1.8098E-09 1.8012E-09 1.7871E-09 1.7672E-09 1.7412E-09 1.7095E-09 1.6723E-09 1.6296E-09 1.5744E-09 1.5211E-09 1.4649E-09 1.3961E-09 1.3267E-09 1.2572E-09 1.1894E-09 1.1055E-09 1.0338E-09 9.6644E-10 8.9310E-10 8.2382E-10 7.5944E-10 6.8979E-10 6.2505E-10 5.5938E-10 5.0011E-10 4.4032E-10 3.9059E-10 3.3870E-10 2.9424E-10 2.4778E-10 2.0955E-10 1.7237E-10 1.3795E-10 1.0685E-10 7.9091E-11 5.6446E-11 3.7559E-11 2.4613E-11 1.4863E-11 8.2887E-12 4.1300E-12 0.0000E+00 0.0000E+00 0.0000E+00 0.0000E+00 0.0000E+00 0.0000E+00 0.0000E+00 0.0000E+00 0.0000E+00 0.0000E+00
1.5410E-09 1.5462E-09 1.5579E-09 1.5583E-09 1.5600E-09 1.5565E-09 1.5474E-09 1.5467E-09 1.5314E-09 1.5117E-09 1.4871E-09 1.4580E-09 1.4243E-09 1.3870E-09 1.3371E-09 1.2907E-09 1.2436E-09 1.1829E-09 1.1297E-09 1.0642E-09 1.0077E-09 9.4958E-10 8.8504E-10 8.2373E-10 7.6574E-10 7.0113E-10 6.4183E-10 5.7956E-10 5.2771E-10 4.6510E-10 4.1824E-10 3.6668E-10 3.2348E-10 2.7756E-10 2.3834E-10 2.0203E-10 1.6835E-10 1.3482E-10 1.0620E-10 7.8813E-11 5.7313E-11 3.8682E-11 2.5631E-11 1.7054E-11 1.0806E-11 4.2605E-12 0.0000E+00 0.0000E+00 0.0000E+00 0.0000E+00 0.0000E+00 0.0000E+00 0.0000E+00 0.0000E+00 0.0000E+00 0.0000E+00 0.0000E+00
1.3480E-09 1.3522E-09 1.3518E-09 1.3581E-09 1.3551E-09 1.3493E-09 1.3402E-09 1.3277E-09 1.3116E-09 1.2920E-09 1.2689E-09 1.2418E-09 1.2116E-09 1.1781E-09 1.1397E-09 1.0934E-09 1.0528E-09 1.0094E-09 9.6401E-10 9.0981E-10 8.5691E-10 8.0723E-10 7.4992E-10 6.9517E-10 6.4529E-10 5.8781E-10 5.3600E-10 4.8883E-10 4.3693E-10 3.8822E-10 3.4705E-10 3.0273E-10 2.6390E-10 2.2845E-10 1.9382E-10 1.6278E-10 1.2997E-10 1.0338E-10 7.6952E-11 5.7358E-11 4.0196E-11 2.7058E-11 1.7733E-11 1.1051E-11 5.5676E-12 1.9119E-12 0.0000E+00 0.0000E+00 0.0000E+00 0.0000E+00 0.0000E+00 0.0000E+00 0.0000E+00 0.0000E+00 0.0000E+00 0.0000E+00 0.0000E+00
1.1722E-09 1.1788E-09 1.1773E-09 1.1761E-09 1.1775E-09 1.1699E-09 1.1596E-09 1.1464E-09 1.1302E-09 1.1114E-09 1.0894E-09 1.0645E-09 1.0371E-09 1.0069E-09 9.7557E-10 9.3294E-10 8.9540E-10 8.5830E-10 8.1862E-10 7.7715E-10 7.2401E-10 6.7986E-10 6.3581E-10 5.8469E-10 5.3759E-10 4.9466E-10 4.4589E-10 4.0086E-10 3.6167E-10 3.2504E-10 2.8342E-10 2.4916E-10 2.1640E-10 1.8428E-10 1.5405E-10 1.2363E-10 9.7515E-11 7.5495E-11 5.6298E-11 3.9985E-11 2.7303E-11 1.8438E-11 1.1250E-11 6.9611E-12 2.4886E-12 0.0000E+00 0.0000E+00 0.0000E+00 0.0000E+00 0.0000E+00 0.0000E+00 0.0000E+00 0.0000E+00 0.0000E+00 0.0000E+00 0.0000E+00 0.0000E+00
1.0130E-09 1.0206E-09 1.0165E-09 1.0190E-09 1.0140E-09 1.0048E-09 1.0008E-09 9.8720E-10 9.7160E-10 9.5317E-10 9.3243E-10 9.0975E-10 8.8445E-10 8.5796E-10 8.2946E-10 7.9007E-10 7.5724E-10 7.2422E-10 6.8863E-10 6.5295E-10 6.0642E-10 5.6600E-10 5.2851E-10 4.8379E-10 4.4165E-10 4.0573E-10 3.6912E-10 3.3038E-10 2.9684E-10 2.6519E-10 2.3209E-10 2.0241E-10 1.7221E-10 1.4360E-10 1.1664E-10 9.3151E-11 7.2767E-11 5.4179E-11 4.0137E-11 2.7566E-11 1.8489E-11 1.2577E-11 7.5907E-12 3.5269E-12 0.0000E+00 0.0000E+00 0.0000E+00 0.0000E+00 0.0000E+00 0.0000E+00 0.0000E+00 0.0000E+00 0.0000E+00 0.0000E+00 0.0000E+00 0.0000E+00 0.0000E+00
8.7995E-10 8.7964E-10 8.7517E-10 8.7078E-10 8.7057E-10 8.6111E-10 8.5142E-10 8.4476E-10 8.2922E-10 8.1096E-10 7.9148E-10 7.6976E-10 7.4705E-10 7.2352E-10 6.9815E-10 6.6175E-10 6.3168E-10 6.0316E-10 5.7286E-10 5.4211E-10 5.0254E-10 4.6643E-10 4.3347E-10 4.0179E-10 3.6912E-10 3.3328E-10 3.0265E-10 2.7321E-10 2.4286E-10 2.1501E-10 1.8694E-10 1.5938E-10 1.3396E-10 1.0966E-10 8.7134E-11 6.9168E-11 5.0928E-11 3.8545E-11 2.7734E-11 1.8431E-11 1.2688E-11 8.1118E-12 3.5850E-12 0.0000E+00 0.0000E+00 0.0000E+00 0.0000E+00 0.0000E+00 0.0000E+00 0.0000E+00 0.0000E+00 0.0000E+00 0.0000E+00 0.0000E+00 0.0000E+00 0.0000E+00 0.0000E+00
7.5954E-10 7.5695E-10 7.5184E-10 7.4756E-10 7.4155E-10 7.3148E-10 7.2000E-10 7.0650E-10 6.9306E-10 6.8414E-10 6.6579E-10 6.4489E-10 6.2459E-10 6.0303E-10 5.8073E-10 5.4739E-10 5.2148E-10 4.9751E-10 4.7190E-10 4.4506E-10 4.1809E-10 3.8827E-10 3.5659E-10 3.3031E-10 3.0284E-10 2.7471E-10 2.4910E-10 2.2189E-10 1.9599E-10 1.7152E-10 1.4716E-10 1.2243E-10 1.0037E-10 7.9044E-11 6.3716E-11 4.8550E-11 3.7959E-11 2.7751E-11 1.8407E-11 1.3799E-11 8.1788E-12 4.1972E-12 0.0000E+00 0.0000E+00 0.0000E+00 0.0000E+00 0.0000E+00 0.0000E+00 0.0000E+00 0.0000E+00 0.0000E+00 0.0000E+00 0.0000E+00 0.0000E+00 0.0000E+00 0.0000E+00 0.0000E+00
6.5420E-10 6.5121E-10 6.4547E-10 6.3914E-10 6.3106E-10 6.2363E-10 6.1290E-10 5.9987E-10 5.8516E-10 5.7014E-10 5.5559E-10 5.3712E-10 5.1814E-10 4.9883E-10 4.7672E-10 4.5655E-10 4.3606E-10 4.1267E-10 3.9055E-10 3.6677E-10 3.4363E-10 3.1986E-10 2.9592E-10 2.7199E-10 2.4791E-10 2.2410E-10 2.0073E-10 1.7733E-10 1.5446E-10 1.3164E-10 1.1081E-10 9.1475E-11 7.4333E-11 5.9840E-11 4.7126E-11 3.6100E-11 2.7370E-11 1.8230E-11 1.2958E-11 8.6329E-12 4.2251E-12 1.2242E-12 0.0000E+00 0.0000E+00 0.0000E+00 0.0000E+00 0.0000E+00 0.0000E+00 0.0000E+00 0.0000E+00 0.0000E+00 0.0000E+00 0.0000E+00 0.0000E+00 0.0000E+00 0.0000E+00 0.0000E+00
5.6331E-10 5.5881E-10 5.5323E-10 5.4669E-10 5.3932E-10 5.2983E-10 5.1987E-10 5.0797E-10 4.9559E-10 4.8116E-10 4.6667E-10 4.4924E-10 4.3249E-10 4.1509E-10 3.9705E-10 3.7964E-10 3.6021E-10 3.4218E-10 3.2371E-10 3.0446E-10 2.8293E-10 2.6305E-10 2.4197E-10 2.2010E-10 2.0146E-10 1.7929E-10 1.5850E-10 1.3880E-10 1.1817E-10 9.9657E-11 8.4062E-11 6.9210E-11 5.5509E-11 4.4379E-11 3.3020E-11 2.5261E-11 1.8396E-11 1.2918E-11 8.6285E-12 4.2343E-12 1.8897E-12 0.0000E+00 0.0000E+00 0.0000E+00 0.0000E+00 0.0000E+00 0.0000E+00 0.0000E+00 0.0000E+00 0.0000E+00 0.0000E+00 0.0000E+00 0.0000E+00 0.0000E+00 0.0000E+00 0.0000E+00 0.0000E+00
4.8947E-10 4.8167E-10 4.7419E-10 4.6717E-10 4.5894E-10 4.5013E-10 4.3982E-10 4.2986E-10 4.1783E-10 4.0518E-10 3.9186E-10 3.7642E-10 3.6202E-10 3.4520E-10 3.2943E-10 3.1412E-10 2.9730E-10 2.8115E-10 2.6564E-10 2.4938E-10 2.2986E-10 2.1280E-10 1.9518E-10 1.7754E-10 1.5906E-10 1.4045E-10 1.2282E-10 1.0641E-10 8.9233E-11 7.6483E-11 6.2375E-11 5.2032E-11 4.2272E-11 3.2115E-11 2.4969E-11 1.8497E-11 1.2191E-11 8.5864E-12 3.6645E-12 1.8934E-12 0.0000E+00 0.0000E+00 0.0000E+00 0.0000E+00 0.0000E+00 0.0000E+00 0.0000E+00 0.0000E+00 0.0000E+00 0.0000E+00 0.0000E+00 0.0000E+00 0.0000E+00 0.0000E+00 0.0000E+00 0.0000E+00 0.0000E+00
4.3565E-10 4.2439E-10 4.1336E-10 4.0253E-10 3.9236E-10 3.8262E-10 3.7255E-10 3.6282E-10 3.5132E-10 3.4045E-10 3.2825E-10 3.1620E-10 3.0148E-10 2.8649E-10 2.7324E-10 2.5864E-10 2.4455E-10 2.2922E-10 2.1511E-10 2.0128E-10 1.8737E-10 1.6963E-10 1.5629E-10 1.4113E-10 1.2407E-10 1.1141E-10 9.3800E-11 8.2775E-11 6.9508E-11 5.8385E-11 4.8494E-11 3.9876E-11 3.1552E-11 2.4371E-11 1.7986E-11 1.1480E-11 7.5017E-12 3.6448E-12 1.8892E-12 0.0000E+00 0.0000E+00 0.0000E+00 0.0000E+00 0.0000E+00 0.0000E+00 0.0000E+00 0.0000E+00 0.0000E+00 0.0000E+00 0.0000E+00 0.0000E+00 0.0000E+00 0.0000E+00 0.0000E+00 0.0000E+00 0.0000E+00 0.0000E+00
3.8795E-10 3.7717E-10 3.6689E-10 3.5518E-10 3.4390E-10 3.3189E-10 3.2070E-10 3.0944E-10 2.9914E-10 2.8685E-10 2.7570E-10 2.6454E-10 2.5153E-10 2.3963E-10 2.2654E-10 2.1386E-10 2.0115E-10 1.8817E-10 1.7427E-10 1.6277E-10 1.5159E-10 1.3670E-10 1.2468E-10 1.1183E-10 9.9092E-11 8.6234E-11 7.5412E-11 6.4122E-11 5.4792E-11 4.4280E-11 3.7972E-11 2.9013E-11 2.3071E-11 1.6278E-11 1.0163E-11 7.4079E-12 3.6096E-12 1.2219E-12 0.0000E+00 0.0000E+00 0.0000E+00 0.0000E+00 0.0000E+00 0.0000E+00 0.0000E+00 0.0000E+00 0.0000E+00 0.0000E+00 0.0000E+00 0.0000E+00 0.0000E+00 0.0000E+00 0.0000E+00 0.0000E+00 0.0000E+00 0.0000E+00 0.0000E+00
3.4400E-10 3.3469E-10 3.2449E-10 3.1480E-10 3.0393E-10 2.9387E-10 2.8285E-10 2.7177E-10 2.6126E-10 2.4933E-10 2.3877E-10 2.2722E-10 2.1572E-10 2.0491E-10 1.9344E-10 1.8183E-10 1.7156E-10 1.6037E-10 1.4887E-10 1.3722E-10 1.2612E-10 1.1571E-10 1.0180E-10 9.1504E-11 8.0733E-11 6.8050E-11 6.1349E-11 4.9595E-11 4.3044E-11 3.4039E-11 2.7613E-11 2.1010E-11 1.5535E-11 9.9612E-12 6.7826E-12 3.5593E-12 6.2114E-13 0.0000E+00 0.0000E+00 0.0000E+00 0.0000E+00 0.0000E+00 0.0000E+00 0.0000E+00 0.0000E+00 0.0000E+00 0.0000E+00 0.0000E+00 0.0000E+00 0.0000E+00 0.0000E+00 0.0000E+00 0.0000E+00 0.0000E+00 0.0000E+00 0.0000E+00 0.0000E+00
3.0421E-10 2.9559E-10 2.8619E-10 2.7764E-10 2.6784E-10 2.5889E-10 2.4911E-10 2.3921E-10 2.2918E-10 2.1905E-10 2.0917E-10 1.9937E-10 1.8781E-10 1.7807E-10 1.6797E-10 1.5782E-10 1.4754E-10 1.3701E-10 1.2769E-10 1.1599E-10 1.0533E-10 9.5349E-11 8.3211E-11 7.4257E-11 6.3763E-11 5.5171E-11 4.6142E-11 3.9324E-11 3.1595E-11 2.5401E-11 1.8561E-11 1.4116E-11 8.6209E-12 6.0816E-12 2.9687E-12 0.0000E+00 0.0000E+00 0.0000E+00 0.0000E+00 0.0000E+00 0.0000E+00 0.0000E+00 0.0000E+00 0.0000E+00 0.0000E+00 0.0000E+00 0.0000E+00 0.0000E+00 0.0000E+00 0.0000E+00 0.0000E+00 0.0000E+00 0.0000E+00 0.0000E+00 0.0000E+00 0.0000E+00 0.0000E+00
2.6947E-10 2.6087E-10 2.5297E-10 2.4393E-10 2.3609E-10 2.2696E-10 2.1888E-10 2.0921E-10 2.0049E-10 1.9097E-10 1.8165E-10 1.7307E-10 1.6355E-10 1.5515E-10 1.4537E-10 1.3653E-10 1.2666E-10 1.1821E-10 1.0743E-10 9.8148E-11 8.6520E-11 7.7724E-11 6.8426E-11 5.8421E-11 5.0853E-11 4.3919E-11 3.5154E-11 3.0284E-11 2.2019E-11 1.8029E-11 1.1536E-11 7.9826E-12 3.7207E-12 2.4794E-12 0.0000E+00 0.0000E+00 0.0000E+00 0.0000E+00 0.0000E+00 0.0000E+00 0.0000E+00 0.0000E+00 0.0000E+00 0.0000E+00 0.0000E+00 0.0000E+00 0.0000E+00 0.0000E+00 0.0000E+00 0.0000E+00 0.0000E+00 0.0000E+00 0.0000E+00 0.0000E+00 0.0000E+00 0.0000E+00 0.0000E+00
2.3923E-10 2.3122E-10 2.2430E-10 2.1619E-10 2.0891E-10 2.0079E-10 1.9290E-10 1.8412E-10 1.7659E-10 1.6749E-10 1.6004E-10 1.5085E-10 1.4359E-10 1.3467E-10 1.2706E-10 1.1640E-10 1.0952E-10 9.8306E-11 8.8449E-11 8.0353E-11 6.8895E-11 6.1746E-11 5.4095E-11 4.5679E-11 3.9313E-11 3.1650E-11 2.5973E-11 1.9393E-11 1.5006E-11 9.6666E-12 6.2566E-12 3.0766E-12 1.9087E-12 0.0000E+00 0.0000E+00 0.0000E+00 0.0000E+00 0.0000E+00 0.0000E+00 0.0000E+00 0.0000E+00 0.0000E+00 0.0000E+00 0.0000E+00 0.0000E+00 0.0000E+00 0.0000E+00 0.0000E+00 0.0000E+00 0.0000E+00 0.0000E+00 0.0000E+00 0.0000E+00 0.0000E+00 0.0000E+00 0.0000E+00 0.0000E+00
2.1110E-10 2.0481E-10 1.9763E-10 1.9150E-10 1.8399E-10 1.7770E-10 1.6972E-10 1.6219E-10 1.5446E-10 1.4623E-10 1.3936E-10 1.3156E-10 1.2392E-10 1.1545E-10 1.0804E-10 9.7334E-11 8.8620E-11 8.0007E-11 7.1626E-11 6.3395E-11 5.7364E-11 4.8156E-11 4.1960E-11 3.5137E-11 2.8408E-11 2.2661E-11 1.8112E-11 1.2384E-11 9.0455E-12 5.4045E-12 2.9797E-12 6.1976E-13 0.0000E+00 0.0000E+00 0.0000E+00 0.0000E+00 0.0000E+00 0.0000E+00 0.0000E+00 0.0000E+00 0.0000E+00 0.0000E+00 0.0000E+00 0.0000E+00 0.0000E+00 0.0000E+00 0.0000E+00 0.0000E+00 0.0000E+00 0.0000E+00 0.0000E+00 0.0000E+00 0.0000E+00 0.0000E+00 0.0000E+00 0.0000E+00 0.0000E+00
