Assets/Resources/2015_m01_d12_0500(utc+0800)_l00_csi_1hr_conc.grd
DSAA
         159         159
     -79.000      79.000
     -79.000      79.000
  0.0000E+00  0.2720E-05
[rows 0 to 24 of 159, columns 57 to 113 of 159]
3.5170E-09 3.8602E-09 4.1994E-09 4.5292E-09 4.8426E-09 5.1322E-09 5.3913E-09 5.6131E-09 5.7916E-09 5.9227E-09 6.0036E-09 6.0309E-09 6.0037E-09 5.9225E-09 5.7878E-09 5.6030E-09 5.3751E-09 5.1074E-09 4.8076E-09 4.4837E-09 4.1404E-09 3.7875E-09 3.4303E-09 3.0748E-09 2.7298E-09 2.3985E-09 2.0853E-09 1.7960E-09 1.5288E-09 1.2884E-09 1.0746E-09 8.8547E-10 7.2332E-10 5.8333E-10 4.6646E-10 3.6853E-10 2.8788E-10 2.2134E-10 1.6292E-10 1.0966E-10 6.2597E-11 2.9190E-11 7.4270E-12 2.5873E-12 1.9682E-12 9.2366E-13 0.0000E+00 0.0000E+00 0.0000E+00 0.0000E+00 0.0000E+00 0.0000E+00 0.0000E+00 0.0000E+00 0.0000E+00 0.0000E+00 0.0000E+00
3.7541E-09 4.1267E-09 4.4961E-09 4.8549E-09 5.1953E-09 5.5091E-09 5.7898E-09 6.0309E-09 6.2259E-09 6.3693E-09 6.4567E-09 6.4863E-09 6.4574E-09 6.3697E-09 6.2249E-09 6.0276E-09 5.7803E-09 5.4900E-09 5.1663E-09 4.8139E-09 4.4434E-09 4.0620E-09 3.6757E-09 3.2937E-09 2.9213E-09 2.5643E-09 2.2286E-09 1.9161E-09 1.6305E-09 1.3717E-09 1.1424E-09 9.4060E-10 7.6609E-10 6.1761E-10 4.9173E-10 3.8906E-10 3.0342E-10 2.3265E-10 1.7218E-10 1.1801E-10 6.7638E-11 3.1184E-11 7.1051E-12 2.5358E-12 1.9290E-12 7.9575E-13 0.0000E+00 0.0000E+00 0.0000E+00 0.0000E+00 0.0000E+00 0.0000E+00 0.0000E+00 0.0000E+00 0.0000E+00 0.0000E+00 0.0000E+00
3.9946E-09 4.3973E-09 4.7959E-09 5.1824E-09 5.5498E-09 5.8896E-09 6.1933E-09 6.4536E-09 6.6642E-09 6.8188E-09 6.9131E-09 6.9450E-09 6.9130E-09 6.8167E-09 6.6601E-09 6.4468E-09 6.1810E-09 5.8716E-09 5.5213E-09 5.1425E-09 4.7434E-09 4.3320E-09 3.9180E-09 3.5081E-09 3.1080E-09 2.7260E-09 2.3665E-09 2.0329E-09 1.7287E-09 1.4523E-09 1.2076E-09 9.9328E-10 8.0693E-10 6.5012E-10 5.1585E-10 4.0730E-10 3.1823E-10 2.4323E-10 1.7944E-10 1.2514E-10 7.1923E-11 3.4430E-11 7.7647E-12 2.4634E-12 1.8739E-12 6.3573E-13 0.0000E+00 0.0000E+00 0.0000E+00 0.0000E+00 0.0000E+00 0.0000E+00 0.0000E+00 0.0000E+00 0.0000E+00 0.0000E+00 0.0000E+00
4.2326E-09 4.6647E-09 5.0937E-09 5.5105E-09 5.9063E-09 6.2724E-09 6.5987E-09 6.8778E-09 7.1032E-09 7.2682E-09 7.3684E-09 7.4016E-09 7.3660E-09 7.2630E-09 7.0940E-09 6.8620E-09 6.5770E-09 6.2427E-09 5.8685E-09 5.4628E-09 5.0350E-09 4.5954E-09 4.1525E-09 3.7138E-09 3.2892E-09 2.8819E-09 2.4985E-09 2.1444E-09 1.8198E-09 1.5294E-09 1.2695E-09 1.0433E-09 8.4642E-10 6.8010E-10 5.3951E-10 4.2393E-10 3.3075E-10 2.5308E-10 1.8646E-10 1.2935E-10 7.7189E-11 3.5062E-11 1.0970E-11 2.3721E-12 1.8045E-12 4.4871E-13 0.0000E+00 0.0000E+00 0.0000E+00 0.0000E+00 0.0000E+00 0.0000E+00 0.0000E+00 0.0000E+00 0.0000E+00 0.0000E+00 0.0000E+00
4.4704E-09 4.9338E-09 5.3933E-09 5.8392E-09 6.2617E-09 6.6525E-09 7.0018E-09 7.3008E-09 7.5413E-09 7.7174E-09 7.8241E-09 7.8568E-09 7.8157E-09 7.7025E-09 7.5191E-09 7.2712E-09 6.9635E-09 6.6047E-09 6.2056E-09 5.7718E-09 5.3157E-09 4.8481E-09 4.3758E-09 3.9104E-09 3.4598E-09 3.0287E-09 2.6236E-09 2.2490E-09 1.9059E-09 1.5993E-09 1.3277E-09 1.0893E-09 8.8334E-10 7.0714E-10 5.6138E-10 4.3890E-10 3.4223E-10 2.6166E-10 1.9256E-10 1.3460E-10 8.2618E-11 3.7672E-11 1.2080E-11 2.2642E-12 1.5335E-12 2.3994E-13 0.0000E+00 0.0000E+00 0.0000E+00 0.0000E+00 0.0000E+00 0.0000E+00 0.0000E+00 0.0000E+00 0.0000E+00 0.0000E+00 0.0000E+00
4.7075E-09 5.2000E-09 5.6892E-09 6.1649E-09 6.6169E-09 7.0339E-09 7.4064E-09 7.7234E-09 7.9771E-09 8.1612E-09 8.2717E-09 8.3039E-09 8.2577E-09 8.1331E-09 7.9343E-09 7.6670E-09 7.3365E-09 6.9548E-09 6.5263E-09 6.0667E-09 5.5831E-09 5.0852E-09 4.5870E-09 4.0954E-09 3.6180E-09 3.1651E-09 2.7382E-09 2.3447E-09 1.9862E-09 1.6624E-09 1.3796E-09 1.1296E-09 9.1645E-10 7.3212E-10 5.8015E-10 4.5254E-10 3.5239E-10 2.6932E-10 1.9935E-10 1.3835E-10 8.4507E-11 4.0842E-11 1.3479E-11 3.0115E-12 1.2145E-12 1.4648E-14 0.0000E+00 0.0000E+00 0.0000E+00 0.0000E+00 0.0000E+00 0.0000E+00 0.0000E+00 0.0000E+00 0.0000E+00 0.0000E+00 0.0000E+00
4.9396E-09 5.4643E-09 5.9852E-09 6.4913E-09 6.9708E-09 7.4117E-09 7.8049E-09 8.1404E-09 8.4084E-09 8.6014E-09 8.7141E-09 8.7436E-09 8.6893E-09 8.5532E-09 8.3391E-09 8.0500E-09 7.6979E-09 7.2877E-09 6.8333E-09 6.3445E-09 5.8320E-09 5.3078E-09 4.7819E-09 4.2642E-09 3.7642E-09 3.2883E-09 2.8413E-09 2.4301E-09 2.0571E-09 1.7207E-09 1.4249E-09 1.1665E-09 9.4426E-10 7.5636E-10 5.9761E-10 4.6613E-10 3.6071E-10 2.7540E-10 2.0383E-10 1.4271E-10 8.6505E-11 4.3992E-11 1.5148E-11 4.1182E-12 8.8303E-13 0.0000E+00 0.0000E+00 0.0000E+00 0.0000E+00 0.0000E+00 0.0000E+00 0.0000E+00 0.0000E+00 0.0000E+00 0.0000E+00 0.0000E+00 0.0000E+00
5.1743E-09 5.7296E-09 6.2797E-09 6.8141E-09 7.3213E-09 7.7881E-09 8.2028E-09 8.5546E-09 8.8342E-09 9.0340E-09 9.1487E-09 9.1753E-09 9.1115E-09 8.9607E-09 8.7270E-09 8.4181E-09 8.0407E-09 7.6044E-09 7.1238E-09 6.6049E-09 6.0637E-09 5.5122E-09 4.9588E-09 4.4163E-09 3.8940E-09 3.3965E-09 2.9333E-09 2.5056E-09 2.1182E-09 1.7709E-09 1.4646E-09 1.1984E-09 9.6762E-10 7.7588E-10 6.1231E-10 4.7848E-10 3.6740E-10 2.8038E-10 2.0698E-10 1.4414E-10 8.9127E-11 4.7053E-11 1.6350E-11 4.5439E-12 5.4532E-13 0.0000E+00 0.0000E+00 0.0000E+00 0.0000E+00 0.0000E+00 0.0000E+00 0.0000E+00 0.0000E+00 0.0000E+00 0.0000E+00 0.0000E+00 0.0000E+00
5.4040E-09 5.9903E-09 6.5722E-09 7.1370E-09 7.6716E-09 8.1630E-09 8.5977E-09 8.9650E-09 9.2553E-09 9.4602E-09 9.5741E-09 9.5947E-09 9.5216E-09 9.3559E-09 9.1023E-09 8.7709E-09 8.3655E-09 7.9031E-09 7.3900E-09 6.8446E-09 6.2766E-09 5.6963E-09 5.1187E-09 4.5508E-09 4.0071E-09 3.4914E-09 3.0101E-09 2.5701E-09 2.1688E-09 1.8114E-09 1.4954E-09 1.2245E-09 9.8668E-10 7.9052E-10 6.2252E-10 4.8700E-10 3.7240E-10 2.8377E-10 2.0933E-10 1.4517E-10 9.0983E-11 4.8212E-11 1.8904E-11 4.3985E-12 2.0719E-13 0.0000E+00 0.0000E+00 0.0000E+00 0.0000E+00 0.0000E+00 0.0000E+00 0.0000E+00 0.0000E+00 0.0000E+00 0.0000E+00 0.0000E+00 0.0000E+00
5.6389E-09 6.2564E-09 6.8687E-09 7.4611E-09 8.0207E-09 8.5347E-09 8.9891E-09 9.3715E-09 9.6719E-09 9.8820E-09 9.9947E-09 1.0008E-08 9.9215E-09 9.7374E-09 9.4634E-09 9.1050E-09 8.6746E-09 8.1827E-09 7.6415E-09 7.0647E-09 6.4666E-09 5.8588E-09 5.2577E-09 4.6676E-09 4.1034E-09 3.5703E-09 3.0721E-09 2.6197E-09 2.2085E-09 1.8428E-09 1.5195E-09 1.2418E-09 1.0023E-09 8.0090E-10 6.3129E-10 4.9313E-10 3.7701E-10 2.8491E-10 2.0973E-10 1.4562E-10 9.1688E-11 5.0123E-11 1.9427E-11 5.0746E-12 0.0000E+00 0.0000E+00 0.0000E+00 0.0000E+00 0.0000E+00 0.0000E+00 0.0000E+00 0.0000E+00 0.0000E+00 0.0000E+00 0.0000E+00 0.0000E+00 0.0000E+00
5.8765E-09 6.5235E-09 7.1654E-09 7.7872E-09 8.3741E-09 8.9112E-09 9.3840E-09 9.7793E-09 1.0086E-08 1.0297E-08 1.0406E-08 1.0410E-08 1.0308E-08 1.0105E-08 9.8081E-09 9.4227E-09 8.9639E-09 8.4400E-09 7.8707E-09 7.2633E-09 6.6369E-09 6.0031E-09 5.3747E-09 4.7644E-09 4.1801E-09 3.6317E-09 3.1221E-09 2.6554E-09 2.2370E-09 1.8632E-09 1.5379E-09 1.2525E-09 1.0112E-09 8.0604E-10 6.3660E-10 4.9440E-10 3.8123E-10 2.8474E-10 2.0883E-10 1.4434E-10 9.1433E-11 5.1680E-11 2.2012E-11 4.7044E-12 0.0000E+00 0.0000E+00 0.0000E+00 0.0000E+00 0.0000E+00 0.0000E+00 0.0000E+00 0.0000E+00 0.0000E+00 0.0000E+00 0.0000E+00 0.0000E+00 0.0000E+00
6.1213E-09 6.8017E-09 7.4749E-09 8.1253E-09 8.7361E-09 9.2923E-09 9.7804E-09 1.0187E-08 1.0500E-08 1.0710E-08 1.0812E-08 1.0804E-08 1.0686E-08 1.0462E-08 1.0136E-08 9.7241E-09 9.2337E-09 8.6809E-09 8.0758E-09 7.4395E-09 6.7841E-09 6.1240E-09 5.4737E-09 4.8430E-09 4.2407E-09 3.6764E-09 3.1554E-09 2.6796E-09 2.2535E-09 1.8728E-09 1.5441E-09 1.2561E-09 1.0135E-09 8.0560E-10 6.3785E-10 4.9247E-10 3.7955E-10 2.8274E-10 2.0634E-10 1.4300E-10 9.0658E-11 5.2231E-11 2.2218E-11 5.1167E-12 0.0000E+00 0.0000E+00 0.0000E+00 0.0000E+00 0.0000E+00 0.0000E+00 0.0000E+00 0.0000E+00 0.0000E+00 0.0000E+00 0.0000E+00 0.0000E+00 0.0000E+00
6.3752E-09 7.0869E-09 7.7890E-09 8.4670E-09 9.1040E-09 9.6825E-09 1.0186E-08 1.0602E-08 1.0918E-08 1.1125E-08 1.1218E-08 1.1193E-08 1.1054E-08 1.0805E-08 1.0452E-08 1.0008E-08 9.4847E-09 8.8989E-09 8.2628E-09 7.5974E-09 6.9115E-09 6.2252E-09 5.5519E-09 4.8994E-09 4.2839E-09 3.7043E-09 3.1737E-09 2.6891E-09 2.2590E-09 1.8735E-09 1.5413E-09 1.2525E-09 1.0103E-09 8.0197E-10 6.3244E-10 4.8994E-10 3.7487E-10 2.8087E-10 2.0196E-10 1.3983E-10 8.9941E-11 5.1936E-11 2.2909E-11 5.1367E-12 0.0000E+00 0.0000E+00 0.0000E+00 0.0000E+00 0.0000E+00 0.0000E+00 0.0000E+00 0.0000E+00 0.0000E+00 0.0000E+00 0.0000E+00 0.0000E+00 0.0000E+00
6.6398E-09 7.3865E-09 8.1227E-09 8.8301E-09 9.4917E-09 1.0089E-08 1.0604E-08 1.1026E-08 1.1342E-08 1.1542E-08 1.1621E-08 1.1578E-08 1.1415E-08 1.1135E-08 1.0754E-08 1.0276E-08 9.7194E-09 9.0970E-09 8.4308E-09 7.7303E-09 7.0188E-09 6.3085E-09 5.6108E-09 4.9401E-09 4.3071E-09 3.7174E-09 3.1777E-09 2.6871E-09 2.2503E-09 1.8663E-09 1.5300E-09 1.2434E-09 9.9866E-10 7.9438E-10 6.2220E-10 4.8465E-10 3.6711E-10 2.7578E-10 1.9615E-10 1.3588E-10 8.8302E-11 5.0533E-11 2.3659E-11 5.2175E-12 0.0000E+00 0.0000E+00 0.0000E+00 0.0000E+00 0.0000E+00 0.0000E+00 0.0000E+00 0.0000E+00 0.0000E+00 0.0000E+00 0.0000E+00 0.0000E+00 0.0000E+00
6.9197E-09 7.7019E-09 8.4699E-09 9.2045E-09 9.8900E-09 1.0506E-08 1.1035E-08 1.1463E-08 1.1777E-08 1.1968E-08 1.2031E-08 1.1966E-08 1.1773E-08 1.1464E-08 1.1043E-08 1.0531E-08 9.9367E-09 9.2795E-09 8.5776E-09 7.8454E-09 7.1052E-09 6.3682E-09 5.6495E-09 4.9631E-09 4.3122E-09 3.7145E-09 3.1643E-09 2.6725E-09 2.2301E-09 1.8464E-09 1.5100E-09 1.2255E-09 9.8015E-10 7.8064E-10 6.0805E-10 4.7252E-10 3.5691E-10 2.6646E-10 1.8935E-10 1.3071E-10 8.5051E-11 4.8548E-11 2.3071E-11 5.2414E-12 0.0000E+00 0.0000E+00 0.0000E+00 0.0000E+00 0.0000E+00 0.0000E+00 0.0000E+00 0.0000E+00 0.0000E+00 0.0000E+00 0.0000E+00 0.0000E+00 0.0000E+00
7.2179E-09 8.0350E-09 8.8373E-09 9.6041E-09 1.0315E-08 1.0950E-08 1.1489E-08 1.1919E-08 1.2226E-08 1.2403E-08 1.2445E-08 1.2352E-08 1.2129E-08 1.1784E-08 1.1326E-08 1.0772E-08 1.0137E-08 9.4434E-09 8.7029E-09 7.9426E-09 7.1705E-09 6.4083E-09 5.6685E-09 4.9643E-09 4.3017E-09 3.6929E-09 3.1354E-09 2.6408E-09 2.1999E-09 1.8168E-09 1.4814E-09 1.2004E-09 9.5736E-10 7.5894E-10 5.9188E-10 4.5611E-10 3.4582E-10 2.5441E-10 1.8152E-10 1.2395E-10 8.0403E-11 4.6706E-11 2.2034E-11 4.9852E-12 0.0000E+00 0.0000E+00 0.0000E+00 0.0000E+00 0.0000E+00 0.0000E+00 0.0000E+00 0.0000E+00 0.0000E+00 0.0000E+00 0.0000E+00 0.0000E+00 0.0000E+00
7.5360E-09 8.3922E-09 9.2303E-09 1.0027E-08 1.0760E-08 1.1410E-08 1.1959E-08 1.2390E-08 1.2690E-08 1.2851E-08 1.2870E-08 1.2746E-08 1.2486E-08 1.2098E-08 1.1599E-08 1.1000E-08 1.0323E-08 9.5866E-09 8.8106E-09 8.0128E-09 7.2132E-09 6.4264E-09 5.6669E-09 4.9459E-09 4.2737E-09 3.6561E-09 3.0948E-09 2.5964E-09 2.1581E-09 1.7766E-09 1.4459E-09 1.1655E-09 9.3021E-10 7.3174E-10 5.7177E-10 4.3577E-10 3.2942E-10 2.3980E-10 1.7192E-10 1.1626E-10 7.6353E-11 4.4285E-11 2.0507E-11 4.9381E-12 0.0000E+00 0.0000E+00 0.0000E+00 0.0000E+00 0.0000E+00 0.0000E+00 0.0000E+00 0.0000E+00 0.0000E+00 0.0000E+00 0.0000E+00 0.0000E+00 0.0000E+00
7.8772E-09 8.7716E-09 9.6445E-09 1.0473E-08 1.1232E-08 1.1901E-08 1.2458E-08 1.2888E-08 1.3176E-08 1.3316E-08 1.3306E-08 1.3145E-08 1.2844E-08 1.2413E-08 1.1864E-08 1.1217E-08 1.0493E-08 9.7098E-09 8.8962E-09 8.0620E-09 7.2341E-09 6.4207E-09 5.6447E-09 4.9076E-09 4.2271E-09 3.6004E-09 3.0425E-09 2.5390E-09 2.1054E-09 1.7247E-09 1.4014E-09 1.1231E-09 8.9558E-10 6.9968E-10 5.4465E-10 4.1234E-10 3.0911E-10 2.2467E-10 1.6018E-10 1.0860E-10 7.1464E-11 4.0768E-11 1.8344E-11 4.3736E-12 0.0000E+00 0.0000E+00 0.0000E+00 0.0000E+00 0.0000E+00 0.0000E+00 0.0000E+00 0.0000E+00 0.0000E+00 0.0000E+00 0.0000E+00 0.0000E+00 0.0000E+00
8.2417E-09 9.1771E-09 1.0088E-08 1.0948E-08 1.1733E-08 1.2416E-08 1.2979E-08 1.3404E-08 1.3679E-08 1.3795E-08 1.3751E-08 1.3550E-08 1.3201E-08 1.2719E-08 1.2117E-08 1.1422E-08 1.0646E-08 9.8186E-09 8.9577E-09 8.0913E-09 7.2288E-09 6.3950E-09 5.5974E-09 4.8522E-09 4.1631E-09 3.5315E-09 2.9724E-09 2.4707E-09 2.0407E-09 1.6647E-09 1.3492E-09 1.0761E-09 8.5347E-10 6.6604E-10 5.1311E-10 3.8744E-10 2.8741E-10 2.0795E-10 1.4694E-10 1.0037E-10 6.5858E-11 3.6811E-11 1.5977E-11 3.6920E-12 0.0000E+00 0.0000E+00 0.0000E+00 0.0000E+00 0.0000E+00 0.0000E+00 0.0000E+00 0.0000E+00 0.0000E+00 0.0000E+00 0.0000E+00 0.0000E+00 0.0000E+00
8.6339E-09 9.6114E-09 1.0559E-08 1.1451E-08 1.2260E-08 1.2960E-08 1.3529E-08 1.3950E-08 1.4207E-08 1.4295E-08 1.4213E-08 1.3966E-08 1.3565E-08 1.3025E-08 1.2367E-08 1.1611E-08 1.0783E-08 9.9047E-09 9.0005E-09 8.0960E-09 7.2035E-09 6.3480E-09 5.5298E-09 4.7750E-09 4.0766E-09 3.4499E-09 2.8869E-09 2.3913E-09 1.9660E-09 1.5982E-09 1.2871E-09 1.0265E-09 8.0635E-10 6.2817E-10 4.7751E-10 3.5941E-10 2.6323E-10 1.9066E-10 1.3376E-10 9.1603E-11 5.9733E-11 3.2204E-11 1.3321E-11 3.0535E-12 0.0000E+00 0.0000E+00 0.0000E+00 0.0000E+00 0.0000E+00 0.0000E+00 0.0000E+00 0.0000E+00 0.0000E+00 0.0000E+00 0.0000E+00 0.0000E+00 0.0000E+00
9.0507E-09 1.0072E-08 1.1060E-08 1.1986E-08 1.2821E-08 1.3536E-08 1.4107E-08 1.4517E-08 1.4754E-08 1.4810E-08 1.4685E-08 1.4386E-08 1.3928E-08 1.3327E-08 1.2606E-08 1.1788E-08 1.0904E-08 9.9729E-09 9.0247E-09 8.0752E-09 7.1564E-09 6.2730E-09 5.4463E-09 4.6768E-09 3.9750E-09 3.3470E-09 2.7880E-09 2.3006E-09 1.8782E-09 1.5243E-09 1.2178E-09 9.6812E-10 7.5418E-10 5.8359E-10 4.3982E-10 3.2945E-10 2.3933E-10 1.7187E-10 1.1991E-10 8.2146E-11 5.2749E-11 2.7518E-11 1.0369E-11 2.4983E-12 0.0000E+00 0.0000E+00 0.0000E+00 0.0000E+00 0.0000E+00 0.0000E+00 0.0000E+00 0.0000E+00 0.0000E+00 0.0000E+00 0.0000E+00 0.0000E+00 0.0000E+00
9.4944E-09 1.0563E-08 1.1593E-08 1.2551E-08 1.3409E-08 1.4138E-08 1.4712E-08 1.5113E-08 1.5326E-08 1.5346E-08 1.5174E-08 1.4819E-08 1.4297E-08 1.3628E-08 1.2837E-08 1.1955E-08 1.1004E-08 1.0020E-08 9.0227E-09 8.0361E-09 7.0838E-09 6.1763E-09 5.3350E-09 4.5583E-09 3.8575E-09 3.2276E-09 2.6754E-09 2.1982E-09 1.7817E-09 1.4392E-09 1.1441E-09 9.0365E-10 7.0044E-10 5.3602E-10 4.0306E-10 2.9826E-10 2.1533E-10 1.5366E-10 1.0645E-10 7.2109E-11 4.5502E-11 2.2820E-11 7.4923E-12 2.0668E-12 0.0000E+00 0.0000E+00 0.0000E+00 0.0000E+00 0.0000E+00 0.0000E+00 0.0000E+00 0.0000E+00 0.0000E+00 0.0000E+00 0.0000E+00 0.0000E+00 0.0000E+00
9.9626E-09 1.1079E-08 1.2153E-08 1.3147E-08 1.4031E-08 1.4774E-08 1.5347E-08 1.5733E-08 1.5919E-08 1.5897E-08 1.5674E-08 1.5257E-08 1.4667E-08 1.3927E-08 1.3063E-08 1.2110E-08 1.1093E-08 1.0046E-08 8.9975E-09 7.9733E-09 6.9841E-09 6.0617E-09 5.2023E-09 4.4202E-09 3.7206E-09 3.0932E-09 2.5531E-09 2.0839E-09 1.6816E-09 1.3468E-09 1.0680E-09 8.3377E-10 6.4336E-10 4.8722E-10 3.6437E-10 2.6657E-10 1.9185E-10 1.3545E-10 9.2954E-11 6.1777E-11 3.7796E-11 1.8056E-11 5.2104E-12 1.2789E-12 0.0000E+00 0.0000E+00 0.0000E+00 0.0000E+00 0.0000E+00 0.0000E+00 0.0000E+00 0.0000E+00 0.0000E+00 0.0000E+00 0.0000E+00 0.0000E+00 0.0000E+00
1.0448E-08 1.1618E-08 1.2739E-08 1.3770E-08 1.4678E-08 1.5433E-08 1.6006E-08 1.6377E-08 1.6532E-08 1.6465E-08 1.6184E-08 1.5700E-08 1.5036E-08 1.4218E-08 1.3277E-08 1.2247E-08 1.1164E-08 1.0055E-08 8.9547E-09 7.8863E-09 6.8647E-09 5.9175E-09 5.0496E-09 4.2654E-09 3.5644E-09 2.9493E-09 2.4177E-09 1.9563E-09 1.5768E-09 1.2473E-09 9.8400E-10 7.6019E-10 5.8362E-10 4.3723E-10 3.2549E-10 2.3621E-10 1.6887E-10 1.1774E-10 7.9533E-11 5.1103E-11 3.0486E-11 1.3142E-11 3.0179E-12 5.1278E-13 0.0000E+00 0.0000E+00 0.0000E+00 0.0000E+00 0.0000E+00 0.0000E+00 0.0000E+00 0.0000E+00 0.0000E+00 0.0000E+00 0.0000E+00 0.0000E+00 0.0000E+00
1.0949E-08 1.2174E-08 1.3342E-08 1.4412E-08 1.5349E-08 1.6118E-08 1.6690E-08 1.7043E-08 1.7162E-08 1.7046E-08 1.6702E-08 1.6147E-08 1.5402E-08 1.4502E-08 1.3477E-08 1.2368E-08 1.1211E-08 1.0040E-08 8.8869E-09 7.7758E-09 6.7281E-09 5.7541E-09 4.8761E-09 4.0929E-09 3.3933E-09 2.7920E-09 2.2715E-09 1.8244E-09 1.4583E-09 1.1446E-09 8.9533E-10 6.8779E-10 5.2282E-10 3.8948E-10 2.8739E-10 2.0659E-10 1.4650E-10 1.0036E-10 6.5892E-11 4.0891E-11 2.3076E-11 8.5899E-12 1.4941E-12 0.0000E+00 0.0000E+00 0.0000E+00 0.0000E+00 0.0000E+00 0.0000E+00 0.0000E+00 0.0000E+00 0.0000E+00 0.0000E+00 0.0000E+00 0.0000E+00 0.0000E+00 0.0000E+00
