Assets/Resources/2015_m01_d09_0900(utc+0800)_l00_csi_1hr_conc.grd
DSAA
         159         159
     -79.000      79.000
     -79.000      79.000
  0.5093E-09  0.2120E-04
[rows 100 to 124 of 159, columns 57 to 113 of 159]
1.2848E-08 1.3617E-08 1.4465E-08 1.5466E-08 1.6545E-08 1.7986E-08 1.9791E-08 2.1974E-08 2.4503E-08 2.7676E-08 3.1747E-08 3.6678E-08 4.2672E-08 4.9910E-08 5.8463E-08 6.8532E-08 8.0302E-08 9.3661E-08 1.1094E-07 1.2710E-07 1.4418E-07 1.6166E-07 1.7893E-07 1.9540E-07 2.1053E-07 2.2387E-07 2.3528E-07 2.4454E-07 2.4883E-07 2.5314E-07 2.5559E-07 2.5677E-07 2.5746E-07 2.5833E-07 2.5982E-07 2.6210E-07 2.6375E-07 2.5078E-07 1.7902E-07 1.7119E-07 1.6632E-07 1.6216E-07 1.5839E-07 1.5458E-07 1.4950E-07 1.4400E-07 1.3841E-07 1.3282E-07 1.2723E-07 1.2159E-07 1.1592E-07 1.1041E-07 1.0482E-07 9.9274E-08 9.3930E-08 8.8679E-08 8.3598E-08
1.2758E-08 1.3518E-08 1.4358E-08 1.5346E-08 1.6411E-08 1.7722E-08 1.9410E-08 2.1458E-08 2.3866E-08 2.6720E-08 3.0309E-08 3.4733E-08 4.0063E-08 4.6401E-08 5.3951E-08 6.2758E-08 7.2912E-08 8.4477E-08 9.7382E-08 1.1135E-07 1.2609E-07 1.4121E-07 1.5627E-07 1.7074E-07 1.8418E-07 1.9630E-07 2.0675E-07 2.1544E-07 2.2228E-07 2.2760E-07 2.3115E-07 2.3310E-07 2.3435E-07 2.3538E-07 2.3671E-07 2.3875E-07 2.4159E-07 2.4517E-07 2.4727E-07 2.3290E-07 1.6364E-07 1.5871E-07 1.5572E-07 1.5260E-07 1.4941E-07 1.4587E-07 1.4065E-07 1.3512E-07 1.2930E-07 1.2357E-07 1.1777E-07 1.1207E-07 1.0638E-07 1.0086E-07 9.5406E-08 9.0027E-08 8.4891E-08
1.2644E-08 1.3393E-08 1.4223E-08 1.5193E-08 1.6246E-08 1.7457E-08 1.9033E-08 2.0949E-08 2.3170E-08 2.5835E-08 2.9050E-08 3.2940E-08 3.7678E-08 4.3309E-08 4.9941E-08 5.7667E-08 6.6553E-08 7.6646E-08 8.7805E-08 9.9863E-08 1.1265E-07 1.2577E-07 1.3886E-07 1.5150E-07 1.6340E-07 1.7421E-07 1.8368E-07 1.9173E-07 1.9834E-07 2.0367E-07 2.0790E-07 2.1128E-07 2.1365E-07 2.1514E-07 2.1647E-07 2.1798E-07 2.2013E-07 2.2293E-07 2.2587E-07 2.2964E-07 2.3152E-07 2.1632E-07 1.5256E-07 1.4930E-07 1.4666E-07 1.4375E-07 1.4040E-07 1.3638E-07 1.3086E-07 1.2500E-07 1.1906E-07 1.1321E-07 1.0741E-07 1.0170E-07 9.6193E-08 9.0856E-08 8.5669E-08
1.2507E-08 1.3246E-08 1.4061E-08 1.5009E-08 1.6045E-08 1.7205E-08 1.8634E-08 2.0448E-08 2.2513E-08 2.4973E-08 2.7825E-08 3.1384E-08 3.5527E-08 4.0544E-08 4.6462E-08 5.3348E-08 6.1140E-08 6.9882E-08 7.9562E-08 9.0063E-08 1.0111E-07 1.1246E-07 1.2380E-07 1.3484E-07 1.4530E-07 1.5493E-07 1.6357E-07 1.7110E-07 1.7751E-07 1.8281E-07 1.8709E-07 1.9059E-07 1.9357E-07 1.9628E-07 1.9838E-07 2.0005E-07 2.0177E-07 2.0343E-07 2.0561E-07 2.0843E-07 2.1168E-07 2.1484E-07 2.1561E-07 1.9904E-07 1.4316E-07 1.4035E-07 1.3753E-07 1.3418E-07 1.3023E-07 1.2557E-07 1.1973E-07 1.1379E-07 1.0781E-07 1.0202E-07 9.6472E-08 9.1033E-08 8.5869E-08
1.2353E-08 1.3080E-08 1.3877E-08 1.4797E-08 1.5813E-08 1.6950E-08 1.8230E-08 1.9919E-08 2.1870E-08 2.4139E-08 2.6779E-08 2.9900E-08 3.3688E-08 3.8164E-08 4.3423E-08 4.9508E-08 5.6470E-08 6.4150E-08 7.2576E-08 8.1651E-08 9.1207E-08 1.0102E-07 1.1085E-07 1.2051E-07 1.2974E-07 1.3837E-07 1.4626E-07 1.5325E-07 1.5932E-07 1.6450E-07 1.6880E-07 1.7238E-07 1.7540E-07 1.7813E-07 1.8072E-07 1.8338E-07 1.8558E-07 1.8709E-07 1.8852E-07 1.9039E-07 1.9264E-07 1.9514E-07 1.9756E-07 1.9917E-07 1.9790E-07 1.8042E-07 1.3369E-07 1.3066E-07 1.2718E-07 1.2320E-07 1.1869E-07 1.1352E-07 1.0766E-07 1.0191E-07 9.6258E-08 9.0823E-08 8.5680E-08
1.2184E-08 1.2901E-08 1.3682E-08 1.4567E-08 1.5557E-08 1.6665E-08 1.7917E-08 1.9397E-08 2.1221E-08 2.3340E-08 2.5807E-08 2.8659E-08 3.2042E-08 3.6139E-08 4.0813E-08 4.6185E-08 5.2330E-08 5.9177E-08 6.6544E-08 7.4464E-08 8.2780E-08 9.1312E-08 9.9897E-08 1.0837E-07 1.1657E-07 1.2430E-07 1.3142E-07 1.3785E-07 1.4354E-07 1.4848E-07 1.5273E-07 1.5636E-07 1.5945E-07 1.6221E-07 1.6473E-07 1.6724E-07 1.6976E-07 1.7199E-07 1.7380E-07 1.7537E-07 1.7688E-07 1.7849E-07 1.7996E-07 1.8120E-07 1.8186E-07 1.8143E-07 1.7802E-07 1.6050E-07 1.2331E-07 1.1980E-07 1.1585E-07 1.1140E-07 1.0648E-07 1.0116E-07 9.5636E-08 9.0260E-08 8.5040E-08
1.2003E-08 1.2702E-08 1.3473E-08 1.4326E-08 1.5296E-08 1.6365E-08 1.7572E-08 1.8935E-08 2.0615E-08 2.2574E-08 2.4880E-08 2.7560E-08 3.0694E-08 3.4316E-08 3.8519E-08 4.3334E-08 4.8730E-08 5.4777E-08 6.1334E-08 6.8278E-08 7.5496E-08 8.2914E-08 9.0425E-08 9.7880E-08 1.0514E-07 1.1207E-07 1.1855E-07 1.2451E-07 1.2987E-07 1.3463E-07 1.3877E-07 1.4237E-07 1.4551E-07 1.4831E-07 1.5086E-07 1.5320E-07 1.5532E-07 1.5720E-07 1.5927E-07 1.6157E-07 1.6328E-07 1.6441E-07 1.6522E-07 1.6574E-07 1.6596E-07 1.6562E-07 1.6446E-07 1.6210E-07 1.5707E-07 1.4056E-07 1.1227E-07 1.0836E-07 1.0404E-07 9.9374E-08 9.4344E-08 8.9127E-08 8.4060E-08
1.1821E-08 1.2504E-08 1.3255E-08 1.4075E-08 1.5022E-08 1.6061E-08 1.7221E-08 1.8531E-08 2.0002E-08 2.1870E-08 2.4018E-08 2.6552E-08 2.9455E-08 3.2754E-08 3.6538E-08 4.0816E-08 4.5627E-08 5.0959E-08 5.6746E-08 6.2849E-08 6.9187E-08 7.5705E-08 8.2326E-08 8.8924E-08 9.5406E-08 1.0165E-07 1.0757E-07 1.1308E-07 1.1810E-07 1.2261E-07 1.2663E-07 1.3022E-07 1.3338E-07 1.3615E-07 1.3862E-07 1.4090E-07 1.4280E-07 1.4428E-07 1.4589E-07 1.4767E-07 1.4949E-07 1.5143E-07 1.5247E-07 1.5274E-07 1.5256E-07 1.5191E-07 1.5081E-07 1.4904E-07 1.4637E-07 1.4258E-07 1.3647E-07 1.2164E-07 1.0093E-07 9.6762E-08 9.2236E-08 8.7569E-08 8.2719E-08
1.1632E-08 1.2300E-08 1.3032E-08 1.3833E-08 1.4738E-08 1.5742E-08 1.6868E-08 1.8131E-08 1.9554E-08 2.1221E-08 2.3226E-08 2.5592E-08 2.8286E-08 3.1334E-08 3.4788E-08 3.8662E-08 4.2948E-08 4.7642E-08 5.2720E-08 5.8120E-08 6.3746E-08 6.9505E-08 7.5357E-08 8.1237E-08 8.7049E-08 9.2710E-08 9.8124E-08 1.0323E-07 1.0795E-07 1.1227E-07 1.1616E-07 1.1962E-07 1.2269E-07 1.2541E-07 1.2786E-07 1.3001E-07 1.3151E-07 1.3277E-07 1.3418E-07 1.3549E-07 1.3688E-07 1.3834E-07 1.3968E-07 1.4091E-07 1.4105E-07 1.4044E-07 1.3921E-07 1.3742E-07 1.3514E-07 1.3209E-07 1.2824E-07 1.2348E-07 1.1700E-07 1.0434E-07 8.9546E-08 8.5292E-08 8.0902E-08
1.1436E-08 1.2089E-08 1.2804E-08 1.3590E-08 1.4458E-08 1.5425E-08 1.6506E-08 1.7711E-08 1.9107E-08 2.0695E-08 2.2535E-08 2.4712E-08 2.7195E-08 3.0014E-08 3.3190E-08 3.6713E-08 4.0552E-08 4.4694E-08 4.9195E-08 5.3965E-08 5.9000E-08 6.4189E-08 6.9438E-08 7.4715E-08 7.9950E-08 8.5075E-08 9.0007E-08 9.4697E-08 9.9091E-08 1.0315E-07 1.0687E-07 1.1025E-07 1.1328E-07 1.1590E-07 1.1813E-07 1.2008E-07 1.2145E-07 1.2259E-07 1.2376E-07 1.2491E-07 1.2608E-07 1.2711E-07 1.2801E-07 1.2881E-07 1.2942E-07 1.2983E-07 1.2900E-07 1.2746E-07 1.2529E-07 1.2252E-07 1.1926E-07 1.1541E-07 1.1091E-07 1.0571E-07 9.9361E-08 8.9028E-08 7.8610E-08
1.1238E-08 1.1874E-08 1.2567E-08 1.3333E-08 1.4175E-08 1.5113E-08 1.6153E-08 1.7315E-08 1.8665E-08 2.0206E-08 2.1955E-08 2.3929E-08 2.6203E-08 2.8797E-08 3.1670E-08 3.4853E-08 3.8353E-08 4.2086E-08 4.6100E-08 5.0338E-08 5.4820E-08 5.9462E-08 6.4188E-08 6.8933E-08 7.3664E-08 7.8330E-08 8.2870E-08 8.7224E-08 9.1356E-08 9.5213E-08 9.8725E-08 1.0189E-07 1.0470E-07 1.0721E-07 1.0942E-07 1.1128E-07 1.1247E-07 1.1353E-07 1.1464E-07 1.1565E-07 1.1655E-07 1.1732E-07 1.1794E-07 1.1837E-07 1.1861E-07 1.1866E-07 1.1853E-07 1.1813E-07 1.1643E-07 1.1405E-07 1.1113E-07 1.0772E-07 1.0390E-07 9.9611E-08 9.4862E-08 8.9779E-08 8.3978E-08
1.1048E-08 1.1661E-08 1.2326E-08 1.3069E-08 1.3887E-08 1.4786E-08 1.5793E-08 1.6946E-08 1.8262E-08 1.9748E-08 2.1386E-08 2.3217E-08 2.5314E-08 2.7676E-08 3.0283E-08 3.3172E-08 3.6308E-08 3.9689E-08 4.3298E-08 4.7105E-08 5.1135E-08 5.5304E-08 5.9578E-08 6.3892E-08 6.8200E-08 7.2466E-08 7.6642E-08 8.0647E-08 8.4449E-08 8.8008E-08 9.1309E-08 9.4329E-08 9.7080E-08 9.9511E-08 1.0162E-07 1.0325E-07 1.0446E-07 1.0556E-07 1.0649E-07 1.0733E-07 1.0809E-07 1.0866E-07 1.0902E-07 1.0922E-07 1.0924E-07 1.0907E-07 1.0869E-07 1.0803E-07 1.0714E-07 1.0602E-07 1.0368E-07 1.0077E-07 9.7334E-08 9.3583E-08 8.9547E-08 8.5216E-08 8.0670E-08
1.0853E-08 1.1444E-08 1.2089E-08 1.2802E-08 1.3589E-08 1.4456E-08 1.5446E-08 1.6584E-08 1.7870E-08 1.9277E-08 2.0833E-08 2.2555E-08 2.4465E-08 2.6617E-08 2.9014E-08 3.1627E-08 3.4447E-08 3.7513E-08 4.0769E-08 4.4214E-08 4.7837E-08 5.1591E-08 5.5438E-08 5.9386E-08 6.3323E-08 6.7227E-08 7.1062E-08 7.4764E-08 7.8295E-08 8.1643E-08 8.4751E-08 8.7592E-08 9.0165E-08 9.2479E-08 9.4553E-08 9.6089E-08 9.7194E-08 9.8199E-08 9.9085E-08 9.9898E-08 1.0047E-07 1.0084E-07 1.0107E-07 1.0111E-07 1.0097E-07 1.0065E-07 1.0006E-07 9.9298E-08 9.8326E-08 9.7128E-08 9.5685E-08 9.3970E-08 9.1186E-08 8.7941E-08 8.4347E-08 8.0547E-08 7.6619E-08
1.0645E-08 1.1222E-08 1.1849E-08 1.2534E-08 1.3294E-08 1.4138E-08 1.5119E-08 1.6230E-08 1.7440E-08 1.8781E-08 2.0264E-08 2.1901E-08 2.3688E-08 2.5645E-08 2.7807E-08 3.0185E-08 3.2773E-08 3.5546E-08 3.8474E-08 4.1582E-08 4.4844E-08 4.8245E-08 5.1762E-08 5.5353E-08 5.8963E-08 6.2537E-08 6.6059E-08 6.9478E-08 7.2756E-08 7.5869E-08 7.8780E-08 8.1487E-08 8.3950E-08 8.6149E-08 8.8052E-08 8.9384E-08 9.0492E-08 9.1521E-08 9.2337E-08 9.3009E-08 9.3516E-08 9.3841E-08 9.3912E-08 9.3846E-08 9.3581E-08 9.3092E-08 9.2447E-08 9.1620E-08 9.0600E-08 8.9371E-08 8.7918E-08 8.6262E-08 8.4415E-08 8.2339E-08 7.9356E-08 7.6080E-08 7.2513E-08
1.0442E-08 1.1010E-08 1.1612E-08 1.2267E-08 1.2996E-08 1.3844E-08 1.4794E-08 1.5842E-08 1.6993E-08 1.8271E-08 1.9675E-08 2.1223E-08 2.2908E-08 2.4737E-08 2.6718E-08 2.8863E-08 3.1194E-08 3.3729E-08 3.6413E-08 3.9240E-08 4.2184E-08 4.5234E-08 4.8404E-08 5.1680E-08 5.4978E-08 5.8264E-08 6.1520E-08 6.4689E-08 6.7739E-08 7.0638E-08 7.3356E-08 7.5868E-08 7.8168E-08 8.0244E-08 8.2031E-08 8.3300E-08 8.4343E-08 8.5257E-08 8.6044E-08 8.6718E-08 8.7157E-08 8.7372E-08 8.7421E-08 8.7269E-08 8.6876E-08 8.6333E-08 8.5631E-08 8.4768E-08 8.3725E-08 8.2496E-08 8.1067E-08 7.9487E-08 7.7705E-08 7.5791E-08 7.3722E-08 7.1468E-08 6.8503E-08
1.0257E-08 1.0803E-08 1.1372E-08 1.2003E-08 1.2728E-08 1.3549E-08 1.4461E-08 1.5447E-08 1.6540E-08 1.7749E-08 1.9076E-08 2.0526E-08 2.2118E-08 2.3834E-08 2.5684E-08 2.7662E-08 2.9772E-08 3.2055E-08 3.4487E-08 3.7084E-08 3.9798E-08 4.2593E-08 4.5441E-08 4.8381E-08 5.1357E-08 5.4386E-08 5.7379E-08 6.0299E-08 6.3116E-08 6.5806E-08 6.8346E-08 7.0705E-08 7.2862E-08 7.4798E-08 7.6388E-08 7.7541E-08 7.8599E-08 7.9511E-08 8.0273E-08 8.0847E-08 8.1237E-08 8.1429E-08 8.1408E-08 8.1173E-08 8.0770E-08 8.0221E-08 7.9491E-08 7.8598E-08 7.7537E-08 7.6308E-08 7.4955E-08 7.3418E-08 7.1769E-08 6.9980E-08 6.8058E-08 6.6002E-08 6.3874E-08
1.0064E-08 1.0589E-08 1.1149E-08 1.1767E-08 1.2472E-08 1.3257E-08 1.4107E-08 1.5045E-08 1.6083E-08 1.7226E-08 1.8479E-08 1.9841E-08 2.1312E-08 2.2930E-08 2.4658E-08 2.6499E-08 2.8455E-08 3.0543E-08 3.2744E-08 3.5101E-08 3.7568E-08 4.0138E-08 4.2785E-08 4.5459E-08 4.8148E-08 5.0864E-08 5.3569E-08 5.6253E-08 5.8852E-08 6.1337E-08 6.3684E-08 6.5869E-08 6.7873E-08 6.9700E-08 7.1156E-08 7.2283E-08 7.3288E-08 7.4117E-08 7.4845E-08 7.5395E-08 7.5735E-08 7.5852E-08 7.5786E-08 7.5557E-08 7.5165E-08 7.4601E-08 7.3872E-08 7.2983E-08 7.1920E-08 7.0747E-08 6.9403E-08 6.7980E-08 6.6431E-08 6.4762E-08 6.2962E-08 6.1092E-08 5.9139E-08
9.8799E-09 1.0372E-08 1.0935E-08 1.1545E-08 1.2223E-08 1.2954E-08 1.3759E-08 1.4651E-08 1.5622E-08 1.6705E-08 1.7883E-08 1.9160E-08 2.0536E-08 2.2010E-08 2.3623E-08 2.5357E-08 2.7183E-08 2.9112E-08 3.1144E-08 3.3296E-08 3.5528E-08 3.7859E-08 4.0264E-08 4.2724E-08 4.5207E-08 4.7675E-08 5.0112E-08 5.2529E-08 5.4892E-08 5.7191E-08 5.9368E-08 6.1399E-08 6.3268E-08 6.4945E-08 6.6247E-08 6.7304E-08 6.8284E-08 6.9092E-08 6.9774E-08 7.0249E-08 7.0528E-08 7.0638E-08 7.0584E-08 7.0354E-08 6.9954E-08 6.9392E-08 6.8672E-08 6.7795E-08 6.6803E-08 6.5650E-08 6.4407E-08 6.3052E-08 6.1586E-08 6.0010E-08 5.8374E-08 5.6655E-08 5.4865E-08
9.7009E-09 1.0180E-08 1.0733E-08 1.1317E-08 1.1967E-08 1.2663E-08 1.3429E-08 1.4267E-08 1.5179E-08 1.6184E-08 1.7286E-08 1.8474E-08 1.9759E-08 2.1130E-08 2.2605E-08 2.4212E-08 2.5927E-08 2.7733E-08 2.9622E-08 3.1596E-08 3.3644E-08 3.5772E-08 3.7945E-08 4.0168E-08 4.2418E-08 4.4686E-08 4.6940E-08 4.9136E-08 5.1255E-08 5.3315E-08 5.5287E-08 5.7167E-08 5.8904E-08 6.0450E-08 6.1653E-08 6.2673E-08 6.3577E-08 6.4321E-08 6.4948E-08 6.5404E-08 6.5688E-08 6.5791E-08 6.5721E-08 6.5484E-08 6.5088E-08 6.4529E-08 6.3832E-08 6.3013E-08 6.2043E-08 6.0988E-08 5.9821E-08 5.8551E-08 5.7173E-08 5.5714E-08 5.4190E-08 5.2611E-08 5.0968E-08
9.5217E-09 1.0006E-08 1.0544E-08 1.1109E-08 1.1712E-08 1.2370E-08 1.3092E-08 1.3883E-08 1.4745E-08 1.5668E-08 1.6680E-08 1.7790E-08 1.8986E-08 2.0270E-08 2.1643E-08 2.3108E-08 2.4690E-08 2.6374E-08 2.8139E-08 2.9971E-08 3.1867E-08 3.3820E-08 3.5815E-08 3.7833E-08 3.9871E-08 4.1907E-08 4.3940E-08 4.5953E-08 4.7912E-08 4.9778E-08 5.1540E-08 5.3216E-08 5.4783E-08 5.6174E-08 5.7279E-08 5.8256E-08 5.9118E-08 5.9860E-08 6.0461E-08 6.0888E-08 6.1141E-08 6.1227E-08 6.1149E-08 6.0912E-08 6.0511E-08 5.9991E-08 5.9332E-08 5.8542E-08 5.7658E-08 5.6667E-08 5.5577E-08 5.4389E-08 5.3113E-08 5.1779E-08 5.0376E-08 4.8917E-08 4.7389E-08
9.3566E-09 9.8252E-09 1.0346E-08 1.0887E-08 1.1457E-08 1.2081E-08 1.2758E-08 1.3489E-08 1.4292E-08 1.5155E-08 1.6096E-08 1.7120E-08 1.8235E-08 1.9433E-08 2.0707E-08 2.2069E-08 2.3516E-08 2.5046E-08 2.6684E-08 2.8388E-08 3.0149E-08 3.1954E-08 3.3795E-08 3.5660E-08 3.7531E-08 3.9391E-08 4.1222E-08 4.3018E-08 4.4771E-08 4.6475E-08 4.8097E-08 4.9605E-08 5.0994E-08 5.2204E-08 5.3226E-08 5.4168E-08 5.4976E-08 5.5676E-08 5.6230E-08 5.6621E-08 5.6852E-08 5.6924E-08 5.6834E-08 5.6602E-08 5.6242E-08 5.5736E-08 5.5122E-08 5.4401E-08 5.3575E-08 5.2651E-08 5.1632E-08 5.0527E-08 4.9366E-08 4.8140E-08 4.6857E-08 4.5503E-08 4.4133E-08
9.1995E-09 9.6453E-09 1.0143E-08 1.0655E-08 1.1194E-08 1.1775E-08 1.2412E-08 1.3098E-08 1.3843E-08 1.4655E-08 1.5524E-08 1.6477E-08 1.7509E-08 1.8622E-08 1.9805E-08 2.1064E-08 2.2399E-08 2.3812E-08 2.5293E-08 2.6848E-08 2.8477E-08 3.0148E-08 3.1851E-08 3.3571E-08 3.5294E-08 3.7008E-08 3.8697E-08 4.0340E-08 4.1924E-08 4.3445E-08 4.4896E-08 4.6275E-08 4.7547E-08 4.8607E-08 4.9504E-08 5.0334E-08 5.1064E-08 5.1721E-08 5.2233E-08 5.2589E-08 5.2793E-08 5.2851E-08 5.2779E-08 5.2561E-08 5.2217E-08 5.1766E-08 5.1201E-08 5.0531E-08 4.9765E-08 4.8899E-08 4.7956E-08 4.6954E-08 4.5888E-08 4.4765E-08 4.3571E-08 4.2363E-08 4.1119E-08
9.0336E-09 9.4539E-09 9.9154E-09 1.0417E-08 1.0921E-08 1.1470E-08 1.2064E-08 1.2713E-08 1.3414E-08 1.4172E-08 1.4983E-08 1.5853E-08 1.6807E-08 1.7835E-08 1.8938E-08 2.0102E-08 2.1329E-08 2.2628E-08 2.3989E-08 2.5412E-08 2.6884E-08 2.8402E-08 2.9971E-08 3.1554E-08 3.3142E-08 3.4726E-08 3.6280E-08 3.7794E-08 3.9253E-08 4.0639E-08 4.1943E-08 4.3164E-08 4.4287E-08 4.5253E-08 4.6096E-08 4.6827E-08 4.7448E-08 4.7999E-08 4.8443E-08 4.8776E-08 4.8970E-08 4.9027E-08 4.8955E-08 4.8770E-08 4.8466E-08 4.8050E-08 4.7529E-08 4.6912E-08 4.6190E-08 4.5402E-08 4.4549E-08 4.3630E-08 4.2655E-08 4.1609E-08 4.0546E-08 3.9448E-08 3.8320E-08
8.8550E-09 9.2543E-09 9.6876E-09 1.0164E-08 1.0647E-08 1.1164E-08 1.1723E-08 1.2330E-08 1.2991E-08 1.3697E-08 1.4462E-08 1.5271E-08 1.6139E-08 1.7079E-08 1.8092E-08 1.9174E-08 2.0312E-08 2.1503E-08 2.2747E-08 2.4050E-08 2.5396E-08 2.6784E-08 2.8200E-08 2.9632E-08 3.1081E-08 3.2525E-08 3.3951E-08 3.5346E-08 3.6689E-08 3.7968E-08 3.9169E-08 4.0278E-08 4.1268E-08 4.2118E-08 4.2867E-08 4.3540E-08 4.4121E-08 4.4593E-08 4.4947E-08 4.5203E-08 4.5375E-08 4.5442E-08 4.5390E-08 4.5223E-08 4.4946E-08 4.4566E-08 4.4085E-08 4.3505E-08 4.2864E-08 4.2150E-08 4.1371E-08 4.0530E-08 3.9625E-08 3.8699E-08 3.7734E-08 3.6739E-08 3.5704E-08
8.3042E-09 9.0522E-09 9.4602E-09 9.9069E-09 1.0379E-08 1.0865E-08 1.1391E-08 1.1951E-08 1.2571E-08 1.3237E-08 1.3949E-08 1.4706E-08 1.5512E-08 1.6372E-08 1.7292E-08 1.8278E-08 1.9326E-08 2.0426E-08 2.1574E-08 2.2761E-08 2.3986E-08 2.5251E-08 2.6541E-08 2.7851E-08 2.9166E-08 3.0474E-08 3.1766E-08 3.3026E-08 3.4248E-08 3.5420E-08 3.6520E-08 3.7541E-08 3.8449E-08 3.9230E-08 3.9907E-08 4.0489E-08 4.1001E-08 4.1440E-08 4.1767E-08 4.1974E-08 4.2079E-08 4.2101E-08 4.2043E-08 4.1894E-08 4.1643E-08 4.1288E-08 4.0853E-08 4.0345E-08 3.9764E-08 3.9116E-08 3.8399E-08 3.7630E-08 3.6830E-08 3.5991E-08 3.5119E-08 3.4209E-08 3.3285E-08
