Assets/Resources/2015_m01_d10_0500(utc+0800)_l00_csi_1hr_conc.grd
DSAA
         159         159
     -79.000      79.000
     -79.000      79.000
  0.2309E-08  0.8426E-04
[rows 125 to 149 of 159, columns 57 to 113 of 159]
8.8062E-09 8.8735E-09 8.9428E-09 9.0007E-09 9.0530E-09 9.1044E-09 9.1462E-09 9.1825E-09 9.2135E-09 9.2389E-09 9.2588E-09 9.2733E-09 9.2786E-09 9.2776E-09 9.2698E-09 9.2500E-09 9.2284E-09 9.1867E-09 9.1420E-09 9.0904E-09 9.0333E-09 8.9721E-09 8.8972E-09 8.8183E-09 8.7460E-09 8.6722E-09 8.5880E-09 8.5106E-09 8.4315E-09 8.3332E-09 8.2403E-09 8.1469E-09 8.0618E-09 7.9758E-09 7.8791E-09 7.7845E-09 7.6965E-09 7.5901E-09 7.4945E-09 7.4058E-09 7.3171E-09 7.2215E-09 7.1327E-09 7.0441E-09 6.9492E-09 6.8613E-09 6.7674E-09 6.6808E-09 6.5949E-09 6.5034E-09 6.4188E-09 6.3285E-09 6.2451E-09 6.1557E-09 6.0734E-09 5.9919E-09 5.9053E-09
8.6416E-09 8.7085E-09 8.7711E-09 8.8331E-09 8.8856E-09 8.9328E-09 8.9770E-09 9.0138E-09 9.0453E-09 9.0715E-09 9.0922E-09 9.1077E-09 9.1141E-09 9.1144E-09 9.1081E-09 9.0960E-09 9.0698E-09 9.0359E-09 8.9939E-09 8.9373E-09 8.8828E-09 8.8243E-09 8.7528E-09 8.6852E-09 8.6082E-09 8.5369E-09 8.4570E-09 8.3735E-09 8.2881E-09 8.2087E-09 8.1281E-09 8.0373E-09 7.9547E-09 7.8642E-09 7.7707E-09 7.6771E-09 7.5846E-09 7.4986E-09 7.4121E-09 7.3186E-09 7.2319E-09 7.1450E-09 7.0513E-09 6.9646E-09 6.8715E-09 6.7854E-09 6.6997E-09 6.6083E-09 6.5239E-09 6.4403E-09 6.3509E-09 6.2683E-09 6.1800E-09 6.0982E-09 6.0110E-09 5.9309E-09 5.8515E-09
8.4773E-09 8.5437E-09 8.6060E-09 8.6675E-09 8.7202E-09 8.7677E-09 8.8100E-09 8.8496E-09 8.8820E-09 8.9091E-09 8.9309E-09 8.9477E-09 8.9498E-09 8.9514E-09 8.9467E-09 8.9308E-09 8.9126E-09 8.8753E-09 8.8353E-09 8.7883E-09 8.7362E-09 8.6801E-09 8.6047E-09 8.5396E-09 8.4646E-09 8.3959E-09 8.3256E-09 8.2453E-09 8.1713E-09 8.0945E-09 8.0095E-09 7.9215E-09 7.8329E-09 7.7522E-09 7.6637E-09 7.5813E-09 7.4980E-09 7.4074E-09 7.3229E-09 7.2381E-09 7.1467E-09 7.0617E-09 6.9765E-09 6.8851E-09 6.8004E-09 6.7096E-09 6.6256E-09 6.5421E-09 6.4530E-09 6.3709E-09 6.2830E-09 6.2018E-09 6.1210E-09 6.0344E-09 5.9547E-09 5.8699E-09 5.7918E-09
8.3118E-09 8.3811E-09 8.4432E-09 8.5004E-09 8.5547E-09 8.6023E-09 8.6448E-09 8.6824E-09 8.7150E-09 8.7425E-09 8.7648E-09 8.7822E-09 8.7907E-09 8.7935E-09 8.7901E-09 8.7810E-09 8.7647E-09 8.7231E-09 8.6854E-09 8.6340E-09 8.5842E-09 8.5305E-09 8.4646E-09 8.4022E-09 8.3378E-09 8.2718E-09 8.2042E-09 8.1199E-09 8.0484E-09 7.9658E-09 7.8903E-09 7.8070E-09 7.7298E-09 7.6517E-09 7.5658E-09 7.4857E-09 7.4046E-09 7.3162E-09 7.2338E-09 7.1510E-09 7.0615E-09 6.9785E-09 6.8952E-09 6.8057E-09 6.7228E-09 6.6401E-09 6.5514E-09 6.4696E-09 6.3882E-09 6.3015E-09 6.2212E-09 6.1353E-09 6.0558E-09 5.9707E-09 5.8923E-09 5.8147E-09 5.7321E-09
8.1552E-09 8.2200E-09 8.2835E-09 8.3406E-09 8.3928E-09 8.4424E-09 8.4854E-09 8.5235E-09 8.5568E-09 8.5852E-09 8.6084E-09 8.6228E-09 8.6323E-09 8.6311E-09 8.6246E-09 8.6166E-09 8.6012E-09 8.5727E-09 8.5373E-09 8.4949E-09 8.4477E-09 8.3965E-09 8.3401E-09 8.2675E-09 8.2057E-09 8.1348E-09 8.0695E-09 8.0025E-09 7.9267E-09 7.8550E-09 7.7823E-09 7.7018E-09 7.6272E-09 7.5516E-09 7.4748E-09 7.3903E-09 7.3115E-09 7.2319E-09 7.1448E-09 7.0640E-09 6.9831E-09 6.8955E-09 6.8141E-09 6.7327E-09 6.6453E-09 6.5643E-09 6.4835E-09 6.3972E-09 6.3173E-09 6.2321E-09 6.1533E-09 6.0747E-09 5.9907E-09 5.9129E-09 5.8300E-09 5.7537E-09 5.6781E-09
7.9972E-09 8.0612E-09 8.1238E-09 8.1805E-09 8.2325E-09 8.2800E-09 8.3228E-09 8.3610E-09 8.3944E-09 8.4232E-09 8.4469E-09 8.4660E-09 8.4765E-09 8.4816E-09 8.4811E-09 8.4749E-09 8.4614E-09 8.4298E-09 8.3916E-09 8.3515E-09 8.3003E-09 8.2514E-09 8.1973E-09 8.1401E-09 8.0747E-09 8.0139E-09 7.9513E-09 7.8868E-09 7.8142E-09 7.7450E-09 7.6748E-09 7.6036E-09 7.5249E-09 7.4517E-09 7.3774E-09 7.3018E-09 7.2185E-09 7.1410E-09 7.0625E-09 6.9773E-09 6.8982E-09 6.8189E-09 6.7330E-09 6.6535E-09 6.5741E-09 6.4886E-09 6.4095E-09 6.3248E-09 6.2465E-09 6.1688E-09 6.0854E-09 6.0083E-09 5.9315E-09 5.8492E-09 5.7734E-09 5.6926E-09 5.6183E-09
7.8440E-09 7.9091E-09 7.9696E-09 8.0260E-09 8.0780E-09 8.1255E-09 8.1686E-09 8.2072E-09 8.2412E-09 8.2706E-09 8.2952E-09 8.3115E-09 8.3231E-09 8.3247E-09 8.3254E-09 8.3203E-09 8.3080E-09 8.2835E-09 8.2526E-09 8.2148E-09 8.1669E-09 8.1205E-09 8.0690E-09 8.0145E-09 7.9525E-09 7.8942E-09 7.8342E-09 7.7724E-09 7.7085E-09 7.6354E-09 7.5677E-09 7.4991E-09 7.4295E-09 7.3522E-09 7.2801E-09 7.2068E-09 7.1258E-09 7.0504E-09 6.9739E-09 6.8970E-09 6.8135E-09 6.7361E-09 6.6583E-09 6.5744E-09 6.4968E-09 6.4131E-09 6.3356E-09 6.2585E-09 6.1758E-09 6.0995E-09 6.0235E-09 5.9419E-09 5.8665E-09 5.7856E-09 5.7111E-09 5.6373E-09 5.5586E-09
7.6934E-09 7.7559E-09 7.8157E-09 7.8716E-09 7.9232E-09 7.9706E-09 8.0137E-09 8.0525E-09 8.0868E-09 8.1168E-09 8.1419E-09 8.1624E-09 8.1752E-09 8.1827E-09 8.1850E-09 8.1772E-09 8.1664E-09 8.1440E-09 8.1154E-09 8.0752E-09 8.0352E-09 7.9913E-09 7.9423E-09 7.8905E-09 7.8367E-09 7.7751E-09 7.7177E-09 7.6583E-09 7.5968E-09 7.5327E-09 7.4610E-09 7.3949E-09 7.3278E-09 7.2531E-09 7.1833E-09 7.1122E-09 7.0398E-09 6.9601E-09 6.8855E-09 6.8105E-09 6.7352E-09 6.6535E-09 6.5775E-09 6.4955E-09 6.4197E-09 6.3437E-09 6.2618E-09 6.1863E-09 6.1110E-09 6.0304E-09 5.9558E-09 5.8813E-09 5.8016E-09 5.7277E-09 5.6489E-09 5.5709E-09 5.4992E-09
7.5451E-09 7.6087E-09 7.6681E-09 7.7216E-09 7.7730E-09 7.8204E-09 7.8636E-09 7.9028E-09 7.9376E-09 7.9681E-09 7.9909E-09 8.0120E-09 8.0259E-09 8.0344E-09 8.0380E-09 8.0361E-09 8.0268E-09 8.0064E-09 7.9800E-09 7.9468E-09 7.9093E-09 7.8628E-09 7.8163E-09 7.7670E-09 7.7158E-09 7.6627E-09 7.6078E-09 7.5447E-09 7.4856E-09 7.4240E-09 7.3552E-09 7.2914E-09 7.2267E-09 7.1607E-09 7.0932E-09 7.0179E-09 6.9476E-09 6.8762E-09 6.7974E-09 6.7243E-09 6.6509E-09 6.5712E-09 6.4970E-09 6.4228E-09 6.3427E-09 6.2684E-09 6.1941E-09 6.1143E-09 6.0405E-09 5.9671E-09 5.8882E-09 5.8151E-09 5.7367E-09 5.6642E-09 5.5869E-09 5.5156E-09 5.4451E-09
7.3997E-09 7.4607E-09 7.5193E-09 7.5744E-09 7.6256E-09 7.6729E-09 7.7163E-09 7.7557E-09 7.7909E-09 7.8219E-09 7.8485E-09 7.8705E-09 7.8856E-09 7.8955E-09 7.9006E-09 7.8961E-09 7.8883E-09 7.8698E-09 7.8455E-09 7.8146E-09 7.7795E-09 7.7405E-09 7.6966E-09 7.6443E-09 7.5955E-09 7.5449E-09 7.4869E-09 7.4323E-09 7.3756E-09 7.3163E-09 7.2561E-09 7.1947E-09 7.1260E-09 7.0623E-09 6.9970E-09 6.9302E-09 6.8557E-09 6.7864E-09 6.7096E-09 6.6384E-09 6.5669E-09 6.4950E-09 6.4166E-09 6.3442E-09 6.2718E-09 6.1933E-09 6.1206E-09 6.0481E-09 5.9701E-09 5.8982E-09 5.8263E-09 5.7490E-09 5.6721E-09 5.6009E-09 5.5303E-09 5.4603E-09 5.3856E-09
7.2566E-09 7.3167E-09 7.3747E-09 7.4293E-09 7.4802E-09 7.5274E-09 7.5708E-09 7.6104E-09 7.6459E-09 7.6774E-09 7.7046E-09 7.7272E-09 7.7434E-09 7.7543E-09 7.7607E-09 7.7617E-09 7.7555E-09 7.7390E-09 7.7168E-09 7.6834E-09 7.6505E-09 7.6138E-09 7.5674E-09 7.5231E-09 7.4767E-09 7.4285E-09 7.3784E-09 7.3263E-09 7.2660E-09 7.2091E-09 7.1511E-09 7.0920E-09 7.0320E-09 6.9643E-09 6.9013E-09 6.8365E-09 6.7643E-09 6.6969E-09 6.6281E-09 6.5587E-09 6.4831E-09 6.4131E-09 6.3424E-09 6.2659E-09 6.1952E-09 6.1241E-09 6.0473E-09 5.9764E-09 5.9055E-09 5.8294E-09 5.7535E-09 5.6831E-09 5.6131E-09 5.5431E-09 5.4684E-09 5.3891E-09 5.3212E-09
7.1160E-09 7.1767E-09 7.2342E-09 7.2883E-09 7.3391E-09 7.3862E-09 7.4297E-09 7.4696E-09 7.5056E-09 7.5376E-09 7.5655E-09 7.5889E-09 7.6025E-09 7.6145E-09 7.6220E-09 7.6207E-09 7.6157E-09 7.6009E-09 7.5805E-09 7.5540E-09 7.5233E-09 7.4889E-09 7.4496E-09 7.4078E-09 7.3586E-09 7.3127E-09 7.2650E-09 7.2152E-09 7.1630E-09 7.1085E-09 7.0466E-09 6.9899E-09 6.9322E-09 6.8669E-09 6.8060E-09 6.7434E-09 6.6792E-09 6.6078E-09 6.5409E-09 6.4734E-09 6.4055E-09 6.3314E-09 6.2625E-09 6.1878E-09 6.1188E-09 6.0494E-09 5.9798E-09 5.9048E-09 5.8299E-09 5.7609E-09 5.6919E-09 5.6228E-09 5.5486E-09 5.4693E-09 5.4015E-09 5.3341E-09 5.2674E-09
6.9776E-09 7.0360E-09 7.0926E-09 7.1460E-09 7.1962E-09 7.2429E-09 7.2862E-09 7.3259E-09 7.3619E-09 7.3941E-09 7.4223E-09 7.4460E-09 7.4640E-09 7.4769E-09 7.4855E-09 7.4891E-09 7.4857E-09 7.4727E-09 7.4543E-09 7.4256E-09 7.3971E-09 7.3648E-09 7.3278E-09 7.2882E-09 7.2467E-09 7.2032E-09 7.1578E-09 7.1046E-09 7.0546E-09 6.9968E-09 6.9433E-09 6.8887E-09 6.8331E-09 6.7760E-09 6.7112E-09 6.6506E-09 6.5884E-09 6.5249E-09 6.4598E-09 6.3883E-09 6.3222E-09 6.2501E-09 6.1830E-09 6.1157E-09 6.0483E-09 5.9749E-09 5.9014E-09 5.8335E-09 5.7657E-09 5.6979E-09 5.6248E-09 5.5572E-09 5.4792E-09 5.4120E-09 5.3453E-09 5.2791E-09 5.2084E-09
6.8430E-09 6.9007E-09 6.9566E-09 7.0096E-09 7.0594E-09 7.1060E-09 7.1493E-09 7.1892E-09 7.2255E-09 7.2581E-09 7.2869E-09 7.3112E-09 7.3270E-09 7.3408E-09 7.3504E-09 7.3552E-09 7.3530E-09 7.3417E-09 7.3251E-09 7.3029E-09 7.2766E-09 7.2465E-09 7.2118E-09 7.1695E-09 7.1302E-09 7.0840E-09 7.0407E-09 6.9954E-09 6.9475E-09 6.8974E-09 6.8462E-09 6.7880E-09 6.7345E-09 6.6795E-09 6.6228E-09 6.5641E-09 6.4980E-09 6.4364E-09 6.3675E-09 6.3037E-09 6.2394E-09 6.1747E-09 6.1037E-09 6.0381E-09 5.9669E-09 5.9008E-09 5.8343E-09 5.7679E-09 5.6961E-09 5.6297E-09 5.5529E-09 5.4867E-09 5.4206E-09 5.3546E-09 5.2891E-09 5.2089E-09 5.1447E-09
6.7083E-09 6.7662E-09 6.8213E-09 6.8736E-09 6.9230E-09 6.9692E-09 7.0122E-09 7.0521E-09 7.0884E-09 7.1213E-09 7.1504E-09 7.1752E-09 7.1949E-09 7.2096E-09 7.2203E-09 7.2264E-09 7.2256E-09 7.2161E-09 7.1971E-09 7.1768E-09 7.1484E-09 7.1203E-09 7.0875E-09 7.0524E-09 7.0153E-09 6.9762E-09 6.9352E-09 6.8921E-09 6.8410E-09 6.7930E-09 6.7439E-09 6.6937E-09 6.6423E-09 6.5836E-09 6.5289E-09 6.4722E-09 6.4082E-09 6.3485E-09 6.2872E-09 6.2251E-09 6.1570E-09 6.0940E-09 6.0248E-09 5.9610E-09 5.8969E-09 5.8323E-09 5.7620E-09 5.6970E-09 5.6215E-09 5.5567E-09 5.4918E-09 5.4268E-09 5.3619E-09 5.2819E-09 5.2179E-09 5.1544E-09 5.0913E-09
6.5783E-09 6.6354E-09 6.6898E-09 6.7415E-09 6.7904E-09 6.8364E-09 6.8794E-09 6.9193E-09 6.9558E-09 6.9862E-09 7.0155E-09 7.0407E-09 7.0582E-09 7.0736E-09 7.0850E-09 7.0920E-09 7.0922E-09 7.0841E-09 7.0710E-09 7.0526E-09 7.0303E-09 7.0043E-09 6.9737E-09 6.9409E-09 6.9012E-09 6.8643E-09 6.8253E-09 6.7843E-09 6.7406E-09 6.6949E-09 6.6422E-09 6.5940E-09 6.5392E-09 6.4884E-09 6.4356E-09 6.3809E-09 6.3245E-09 6.2609E-09 6.2015E-09 6.1412E-09 6.0749E-09 6.0137E-09 5.9518E-09 5.8895E-09 5.8216E-09 5.7586E-09 5.6847E-09 5.6213E-09 5.5579E-09 5.4944E-09 5.4307E-09 5.3517E-09 5.2883E-09 5.2251E-09 5.1623E-09 5.0998E-09 5.0232E-09
6.4494E-09 6.5042E-09 6.5576E-09 6.6084E-09 6.6566E-09 6.7020E-09 6.7445E-09 6.7841E-09 6.8204E-09 6.8535E-09 6.8831E-09 6.9085E-09 6.9296E-09 6.9457E-09 6.9582E-09 6.9662E-09 6.9677E-09 6.9613E-09 6.9461E-09 6.9295E-09 6.9091E-09 6.8850E-09 6.8565E-09 6.8257E-09 6.7929E-09 6.7581E-09 6.7161E-09 6.6772E-09 6.6355E-09 6.5867E-09 6.5417E-09 6.4955E-09 6.4482E-09 6.3993E-09 6.3429E-09 6.2901E-09 6.2356E-09 6.1739E-09 6.1162E-09 6.0577E-09 5.9987E-09 5.9337E-09 5.8735E-09 5.8076E-09 5.7415E-09 5.6802E-09 5.6184E-09 5.5564E-09 5.4943E-09 5.4167E-09 5.3546E-09 5.2925E-09 5.2303E-09 5.1682E-09 5.0967E-09 5.0308E-09 4.9703E-09
6.3216E-09 6.3779E-09 6.4305E-09 6.4807E-09 6.5284E-09 6.5735E-09 6.6158E-09 6.6532E-09 6.6894E-09 6.7225E-09 6.7523E-09 6.7780E-09 6.7996E-09 6.8164E-09 6.8296E-09 6.8386E-09 6.8411E-09 6.8362E-09 6.8264E-09 6.8117E-09 6.7933E-09 6.7712E-09 6.7402E-09 6.7114E-09 6.6762E-09 6.6434E-09 6.6084E-09 6.5714E-09 6.5318E-09 6.4900E-09 6.4471E-09 6.3975E-09 6.3522E-09 6.3052E-09 6.2507E-09 6.1999E-09 6.1472E-09 6.0929E-09 6.0369E-09 5.9748E-09 5.9175E-09 5.8543E-09 5.7905E-09 5.7316E-09 5.6724E-09 5.6126E-09 5.5522E-09 5.4762E-09 5.4157E-09 5.3551E-09 5.2942E-09 5.2333E-09 5.1673E-09 5.0968E-09 5.0366E-09 4.9768E-09 4.9174E-09
6.1985E-09 6.2525E-09 6.3042E-09 6.3537E-09 6.4007E-09 6.4452E-09 6.4872E-09 6.5264E-09 6.5626E-09 6.5959E-09 6.6259E-09 6.6520E-09 6.6742E-09 6.6918E-09 6.7058E-09 6.7157E-09 6.7159E-09 6.7124E-09 6.7006E-09 6.6875E-09 6.6707E-09 6.6503E-09 6.6257E-09 6.5988E-09 6.5700E-09 6.5392E-09 6.5063E-09 6.4664E-09 6.4287E-09 6.3889E-09 6.3479E-09 6.3002E-09 6.2567E-09 6.2117E-09 6.1647E-09 6.1156E-09 6.0594E-09 6.0068E-09 5.9473E-09 5.8870E-09 5.8315E-09 5.7753E-09 5.7185E-09 5.6612E-09 5.6034E-09 5.5297E-09 5.4710E-09 5.4120E-09 5.3529E-09 5.2935E-09 5.2339E-09 5.1595E-09 5.1000E-09 5.0406E-09 4.9815E-09 4.9180E-09 4.8504E-09
6.0763E-09 6.1281E-09 6.1788E-09 6.2273E-09 6.2735E-09 6.3174E-09 6.3587E-09 6.3975E-09 6.4334E-09 6.4665E-09 6.4964E-09 6.5226E-09 6.5450E-09 6.5630E-09 6.5776E-09 6.5882E-09 6.5928E-09 6.5906E-09 6.5838E-09 6.5724E-09 6.5575E-09 6.5389E-09 6.5163E-09 6.4872E-09 6.4602E-09 6.4313E-09 6.4003E-09 6.3672E-09 6.3264E-09 6.2885E-09 6.2493E-09 6.2090E-09 6.1624E-09 6.1191E-09 6.0739E-09 6.0265E-09 5.9668E-09 5.9161E-09 5.8637E-09 5.8104E-09 5.7565E-09 5.7020E-09 5.6416E-09 5.5756E-09 5.5196E-09 5.4630E-09 5.4056E-09 5.3480E-09 5.2901E-09 5.2173E-09 5.1592E-09 5.1010E-09 5.0426E-09 4.9844E-09 4.9123E-09 4.8550E-09 4.7981E-09
5.9553E-09 6.0084E-09 6.0583E-09 6.1060E-09 6.1517E-09 6.1951E-09 6.2361E-09 6.2747E-09 6.3106E-09 6.3436E-09 6.3737E-09 6.4002E-09 6.4231E-09 6.4418E-09 6.4571E-09 6.4686E-09 6.4742E-09 6.4702E-09 6.4648E-09 6.4550E-09 6.4417E-09 6.4247E-09 6.4039E-09 6.3809E-09 6.3514E-09 6.3244E-09 6.2951E-09 6.2639E-09 6.2254E-09 6.1893E-09 6.1520E-09 6.1135E-09 6.0686E-09 6.0271E-09 5.9784E-09 5.9329E-09 5.8856E-09 5.8365E-09 5.7858E-09 5.7341E-09 5.6716E-09 5.6136E-09 5.5602E-09 5.5061E-09 5.4516E-09 5.3964E-09 5.3404E-09 5.2694E-09 5.2131E-09 5.1565E-09 5.0996E-09 5.0426E-09 4.9711E-09 4.9143E-09 4.8578E-09 4.8016E-09 4.7342E-09
5.8387E-09 5.8886E-09 5.9385E-09 5.9855E-09 6.0304E-09 6.0732E-09 6.1137E-09 6.1519E-09 6.1875E-09 6.2204E-09 6.2505E-09 6.2771E-09 6.3003E-09 6.3194E-09 6.3353E-09 6.3475E-09 6.3541E-09 6.3546E-09 6.3471E-09 6.3387E-09 6.3271E-09 6.3117E-09 6.2927E-09 6.2715E-09 6.2442E-09 6.2189E-09 6.1915E-09 6.1620E-09 6.1298E-09 6.0909E-09 6.0503E-09 6.0135E-09 5.9755E-09 5.9358E-09 5.8942E-09 5.8504E-09 5.8048E-09 5.7522E-09 5.6929E-09 5.6431E-09 5.5926E-09 5.5413E-09 5.4894E-09 5.4368E-09 5.3738E-09 5.3153E-09 5.2609E-09 5.2062E-09 5.1512E-09 5.0958E-09 5.0258E-09 4.9702E-09 4.9145E-09 4.8588E-09 4.7918E-09 4.7278E-09 4.6734E-09
5.7242E-09 5.7731E-09 5.8221E-09 5.8683E-09 5.9126E-09 5.9549E-09 5.9950E-09 6.0330E-09 6.0662E-09 6.0990E-09 6.1290E-09 6.1557E-09 6.1792E-09 6.1987E-09 6.2151E-09 6.2279E-09 6.2353E-09 6.2340E-09 6.2313E-09 6.2244E-09 6.2143E-09 6.2004E-09 6.1831E-09 6.1636E-09 6.1380E-09 6.1145E-09 6.0887E-09 6.0563E-09 6.0258E-09 5.9933E-09 5.9596E-09 5.9246E-09 5.8883E-09 5.8455E-09 5.8055E-09 5.7530E-09 5.7093E-09 5.6635E-09 5.6162E-09 5.5680E-09 5.5190E-09 5.4693E-09 5.4041E-09 5.3532E-09 5.3018E-09 5.2496E-09 5.1966E-09 5.1431E-09 5.0751E-09 5.0212E-09 4.9670E-09 4.9125E-09 4.8462E-09 4.7874E-09 4.7289E-09 4.6753E-09 4.6109E-09
5.6086E-09 5.6586E-09 5.7055E-09 5.7507E-09 5.7941E-09 5.8356E-09 5.8750E-09 5.9124E-09 5.9474E-09 5.9799E-09 6.0098E-09 6.0365E-09 6.0602E-09 6.0801E-09 6.0970E-09 6.1104E-09 6.1187E-09 6.1215E-09 6.1202E-09 6.1114E-09 6.1027E-09 6.0904E-09 6.0707E-09 6.0527E-09 6.0328E-09 6.0110E-09 5.9869E-09 5.9608E-09 5.9321E-09 5.9014E-09 5.8649E-09 5.8268E-09 5.7871E-09 5.7507E-09 5.7124E-09 5.6720E-09 5.6298E-09 5.5856E-09 5.5399E-09 5.4833E-09 5.4311E-09 5.3831E-09 5.3344E-09 5.2850E-09 5.2349E-09 5.1841E-09 5.1181E-09 5.0662E-09 5.0140E-09 4.9613E-09 4.9082E-09 4.8435E-09 4.7812E-09 4.7282E-09 4.6642E-09 4.5901E-09 4.5167E-09
5.4983E-09 5.5451E-09 5.5921E-09 5.6364E-09 5.6790E-09 5.7198E-09 5.7587E-09 5.7956E-09 5.8302E-09 5.8625E-09 5.8923E-09 5.9190E-09 5.9429E-09 5.9631E-09 5.9804E-09 5.9944E-09 6.0003E-09 6.0041E-09 6.0038E-09 5.9996E-09 5.9924E-09 5.9815E-09 5.9674E-09 5.9512E-09 5.9330E-09 5.9090E-09 5.8865E-09 5.8578E-09 5.8305E-09 5.7967E-09 5.7663E-09 5.7346E-09 5.7016E-09 5.6669E-09 5.6302E-09 5.5914E-09 5.5458E-09 5.4934E-09 5.4494E-09 5.4044E-09 5.3587E-09 5.3122E-09 5.2649E-09 5.2122E-09 5.1541E-09 5.1048E-09 5.0547E-09 5.0041E-09 4.9531E-09 4.8900E-09 4.8293E-09 4.7776E-09 4.7143E-09 4.6407E-09 4.5677E-09 4.5130E-09 4.4631E-09
