Assets/Resources/2015_m01_d07_1900(utc+0800)_l00_csi_1hr_conc.grd
DSAA
         159         159
     -79.000      79.000
     -79.000      79.000
  0.0000E+00  0.3750E-04
[rows 75 to 99 of 159, columns 57 to 113 of 159]
7.6621E-09 9.2133E-09 1.8617E-08 2.8977E-08 3.2570E-08 3.6241E-08 4.0041E-08 4.3684E-08 4.7131E-08 5.0221E-08 5.2821E-08 5.4913E-08 5.6474E-08 5.7491E-08 5.7962E-08 5.8069E-08 5.8031E-08 6.3334E-08 1.1829E-07 1.5123E-07 1.7496E-07 1.8106E-07 2.0072E-07 2.3904E-07 2.5242E-07 8.0208E-07 4.8357E-06 5.6441E-06 7.7957E-07 3.1874E-08 2.3255E-08 1.7063E-08 1.2609E-08 9.6206E-09 7.4400E-09 5.7789E-09 4.7761E-09 4.1461E-09 3.6599E-09 3.3151E-09 3.1889E-09 3.0666E-09 2.9806E-09 2.8971E-09 2.8245E-09 2.7581E-09 2.6956E-09 2.6357E-09 2.5767E-09 2.5213E-09 2.4681E-09 2.4169E-09 2.3681E-09 2.3213E-09 2.2755E-09 2.2326E-09 2.1901E-09
1.2461E-08 1.9735E-08 2.2475E-08 2.5510E-08 2.8725E-08 3.2026E-08 3.5444E-08 3.8744E-08 4.1803E-08 4.4517E-08 4.6825E-08 4.8683E-08 5.0066E-08 5.0986E-08 5.1477E-08 5.1685E-08 5.1975E-08 8.3472E-08 1.0840E-07 1.3859E-07 1.5873E-07 1.6076E-07 1.7164E-07 1.5825E-07 1.2086E-07 9.5115E-08 1.8081E-07 3.7897E-06 9.3447E-06 1.4864E-06 2.1190E-08 1.5677E-08 1.1750E-08 9.0278E-09 6.9483E-09 5.4970E-09 4.6118E-09 3.9846E-09 3.5469E-09 3.2536E-09 3.1295E-09 3.0178E-09 2.9333E-09 2.8539E-09 2.7833E-09 2.7200E-09 2.6593E-09 2.6004E-09 2.5437E-09 2.4897E-09 2.4379E-09 2.3879E-09 2.3402E-09 2.2946E-09 2.2498E-09 2.2078E-09 2.1663E-09
1.4939E-08 1.7013E-08 1.9388E-08 2.2025E-08 2.4828E-08 2.7749E-08 3.0739E-08 3.3590E-08 3.6255E-08 3.8626E-08 4.0643E-08 4.2286E-08 4.3523E-08 4.4379E-08 4.4911E-08 4.5235E-08 4.8835E-08 7.4461E-08 9.7476E-08 1.4279E-07 1.4046E-07 1.3877E-07 1.3861E-07 1.2265E-07 9.5886E-08 7.7182E-08 5.9954E-08 4.5573E-08 7.9304E-06 1.5960E-05 8.3811E-07 1.4128E-08 1.0772E-08 8.3523E-09 6.3623E-09 5.1565E-09 4.4241E-09 3.7889E-09 3.4108E-09 3.1908E-09 3.0683E-09 2.9686E-09 2.8848E-09 2.8090E-09 2.7429E-09 2.6815E-09 2.6226E-09 2.5648E-09 2.5104E-09 2.4577E-09 2.4072E-09 2.3585E-09 2.3121E-09 2.2669E-09 2.2237E-09 2.1826E-09 2.1421E-09
1.2623E-08 1.4375E-08 1.6389E-08 1.8641E-08 2.1038E-08 2.3525E-08 2.6056E-08 2.8508E-08 3.0797E-08 3.2861E-08 3.4632E-08 3.6067E-08 3.7215E-08 3.8047E-08 3.8620E-08 3.9059E-08 4.2575E-08 6.5454E-08 8.7948E-08 1.2535E-07 1.2105E-07 1.1584E-07 1.0334E-07 8.6826E-08 7.6128E-08 6.2140E-08 2.7227E-06 1.8324E-05 9.9417E-06 2.8512E-07 1.6622E-08 1.2612E-08 9.7375E-09 7.5934E-09 5.9219E-09 4.8298E-09 4.2236E-09 3.6546E-09 3.2562E-09 3.1271E-09 3.0098E-09 2.9191E-09 2.8336E-09 2.7657E-09 2.7023E-09 2.6428E-09 2.5848E-09 2.5296E-09 2.4767E-09 2.4254E-09 2.3762E-09 2.3288E-09 2.2835E-09 2.2389E-09 2.1972E-09 2.1571E-09 2.0693E-09
1.0455E-08 1.1895E-08 1.3534E-08 1.5428E-08 1.7436E-08 1.9516E-08 2.1619E-08 2.3717E-08 2.5719E-08 2.7483E-08 2.9061E-08 3.0374E-08 3.1413E-08 3.2216E-08 3.2812E-08 3.3331E-08 3.6755E-08 7.1190E-08 9.3971E-08 1.0750E-07 1.0290E-07 9.6269E-08 8.5120E-08 1.9225E-05 3.7504E-05 1.9469E-05 5.7051E-06 1.6972E-07 2.4444E-08 1.8820E-08 1.4349E-08 1.1108E-08 8.6928E-09 6.7191E-09 5.4464E-09 4.5540E-09 3.9721E-09 3.5185E-09 3.1779E-09 3.0593E-09 2.9475E-09 2.8691E-09 2.7866E-09 2.7227E-09 2.6615E-09 2.6037E-09 2.5474E-09 2.4942E-09 2.4427E-09 2.3928E-09 2.3449E-09 2.2988E-09 2.2539E-09 2.2112E-09 2.1704E-09 2.1308E-09 2.0448E-09
8.4924E-09 9.6524E-09 1.0973E-08 1.2491E-08 1.4161E-08 1.5863E-08 1.7648E-08 1.9442E-08 2.1169E-08 2.2758E-08 2.4134E-08 2.5308E-08 2.6259E-08 2.7000E-08 2.7578E-08 2.8153E-08 3.2533E-08 6.2383E-08 7.9035E-08 8.9914E-08 8.4798E-08 7.6601E-08 6.8300E-08 5.7271E-08 4.8458E-08 4.0094E-08 3.2458E-08 2.5869E-08 2.0355E-08 1.5755E-08 1.2320E-08 9.6869E-09 7.6588E-09 6.0091E-09 4.9065E-09 4.2798E-09 3.6819E-09 3.3275E-09 3.1031E-09 2.9903E-09 2.8928E-09 2.8144E-09 2.7413E-09 2.6795E-09 2.6206E-09 2.5637E-09 2.5102E-09 2.4585E-09 2.4085E-09 2.3600E-09 2.3133E-09 2.2684E-09 2.2242E-09 2.1831E-09 2.1432E-09 2.0555E-09 2.0195E-09
6.7738E-09 7.6828E-09 8.7208E-09 9.9366E-09 1.1292E-08 1.2727E-08 1.4212E-08 1.5798E-08 1.7310E-08 1.8675E-08 1.9902E-08 2.0927E-08 2.1766E-08 2.2432E-08 2.2974E-08 2.3645E-08 3.8744E-08 5.2091E-08 6.5803E-08 7.3918E-08 6.8810E-08 6.1150E-08 5.2157E-08 4.4864E-08 3.7948E-08 3.2035E-08 2.6182E-08 2.1081E-08 1.6704E-08 1.3207E-08 1.0489E-08 8.3780E-09 6.5951E-09 5.4070E-09 4.5362E-09 3.9939E-09 3.5124E-09 3.1477E-09 3.0304E-09 2.9223E-09 2.8381E-09 2.7599E-09 2.6960E-09 2.6362E-09 2.5787E-09 2.5246E-09 2.4728E-09 2.4225E-09 2.3740E-09 2.3269E-09 2.2814E-09 2.2370E-09 2.1948E-09 2.1547E-09 2.1154E-09 2.0294E-09 1.9947E-09
5.3061E-09 5.9915E-09 6.7948E-09 7.7872E-09 8.9143E-09 1.0119E-08 1.1418E-08 1.2759E-08 1.4049E-08 1.5265E-08 1.6312E-08 1.7195E-08 1.7923E-08 1.8507E-08 1.8911E-08 2.0674E-08 3.1797E-08 4.3062E-08 6.2592E-08 5.9317E-08 5.3828E-08 4.8166E-08 4.1399E-08 3.5593E-08 3.0174E-08 2.5196E-08 2.0778E-08 1.6867E-08 1.3581E-08 1.0966E-08 8.8787E-09 7.1139E-09 5.7723E-09 4.7632E-09 4.2023E-09 3.6405E-09 3.2969E-09 3.0613E-09 2.9551E-09 2.8558E-09 2.7839E-09 2.7112E-09 2.6507E-09 2.5926E-09 2.5373E-09 2.4854E-09 2.4352E-09 2.3865E-09 2.3394E-09 2.2937E-09 2.2491E-09 2.2059E-09 2.1651E-09 2.1260E-09 2.0389E-09 2.0028E-09 1.9226E-09
4.1051E-09 4.6225E-09 5.2715E-09 6.0706E-09 7.0586E-09 8.0638E-09 9.1405E-09 1.0314E-08 1.1395E-08 1.2415E-08 1.3314E-08 1.4066E-08 1.4603E-08 1.5116E-08 1.5558E-08 1.7072E-08 2.6077E-08 4.2931E-08 4.9655E-08 4.6556E-08 4.2106E-08 3.6708E-08 3.2277E-08 2.7760E-08 2.3687E-08 1.9935E-08 1.6524E-08 1.3562E-08 1.1135E-08 9.1363E-09 7.4488E-09 6.0064E-09 5.0335E-09 4.3589E-09 3.8531E-09 3.4365E-09 3.0916E-09 2.9825E-09 2.8772E-09 2.7986E-09 2.7264E-09 2.6636E-09 2.6054E-09 2.5486E-09 2.4964E-09 2.4462E-09 2.3975E-09 2.3503E-09 2.3045E-09 2.2602E-09 2.2160E-09 2.1749E-09 2.1352E-09 2.0478E-09 2.0113E-09 1.9292E-09 1.8978E-09
3.1744E-09 3.5615E-09 4.1104E-09 4.7832E-09 5.5835E-09 6.4347E-09 7.3379E-09 8.3019E-09 9.2233E-09 1.0071E-08 1.0754E-08 1.1399E-08 1.1935E-08 1.2380E-08 1.2782E-08 1.4130E-08 2.7515E-08 3.3636E-08 3.8646E-08 3.5577E-08 3.2314E-08 2.8156E-08 2.4723E-08 2.1437E-08 1.8394E-08 1.5543E-08 1.3055E-08 1.0927E-08 9.1166E-09 7.5484E-09 6.1901E-09 5.2085E-09 4.4669E-09 3.9946E-09 3.4935E-09 3.1491E-09 3.0014E-09 2.8999E-09 2.8092E-09 2.7424E-09 2.6741E-09 2.6161E-09 2.5591E-09 2.5055E-09 2.4554E-09 2.4068E-09 2.3598E-09 2.3140E-09 2.2696E-09 2.2258E-09 2.1837E-09 2.1437E-09 2.1049E-09 2.0191E-09 1.9836E-09 1.9038E-09 1.8262E-09
2.4274E-09 2.7921E-09 3.2284E-09 3.7821E-09 4.4272E-09 5.1417E-09 5.8792E-09 6.5896E-09 7.3688E-09 8.0903E-09 8.7252E-09 9.2746E-09 9.7248E-09 1.0007E-08 1.0442E-08 1.5981E-08 2.1634E-08 2.6110E-08 2.9640E-08 2.7133E-08 2.4048E-08 2.1391E-08 1.8787E-08 1.6434E-08 1.4073E-08 1.2135E-08 1.0372E-08 8.8204E-09 7.4174E-09 6.1900E-09 5.2500E-09 4.5142E-09 4.0529E-09 3.5621E-09 3.2410E-09 3.0130E-09 2.9170E-09 2.8160E-09 2.7514E-09 2.6810E-09 2.6247E-09 2.5677E-09 2.5142E-09 2.4628E-09 2.4144E-09 2.3675E-09 2.3220E-09 2.2777E-09 2.2342E-09 2.1917E-09 2.1513E-09 2.1124E-09 2.0255E-09 1.9899E-09 1.9091E-09 1.8776E-09 1.7582E-09
1.7186E-09 2.1919E-09 2.5533E-09 2.9160E-09 3.4373E-09 3.9993E-09 4.6306E-09 5.3042E-09 5.9371E-09 6.5784E-09 7.0457E-09 7.5205E-09 7.9116E-09 8.1604E-09 8.8208E-09 1.2568E-08 1.6873E-08 2.3811E-08 2.2046E-08 2.0383E-08 1.8093E-08 1.6148E-08 1.4130E-08 1.2455E-08 1.0924E-08 9.5474E-09 8.2904E-09 7.0639E-09 6.0021E-09 5.1522E-09 4.4945E-09 4.0547E-09 3.6180E-09 3.2847E-09 3.0171E-09 2.9248E-09 2.8202E-09 2.7551E-09 2.6898E-09 2.6297E-09 2.5746E-09 2.5206E-09 2.4695E-09 2.4201E-09 2.3735E-09 2.3282E-09 2.2842E-09 2.2413E-09 2.1984E-09 2.1580E-09 2.1187E-09 2.0317E-09 1.9957E-09 1.9138E-09 1.8824E-09 1.8057E-09 1.7342E-09
1.3160E-09 1.5040E-09 1.7382E-09 2.2596E-09 2.7231E-09 3.1917E-09 3.6943E-09 4.1896E-09 4.7423E-09 5.2792E-09 5.7470E-09 6.1128E-09 6.4570E-09 6.7508E-09 7.2855E-09 1.0026E-08 1.5551E-08 1.7962E-08 1.6613E-08 1.4996E-08 1.3393E-08 1.1958E-08 1.0644E-08 9.6118E-09 8.5542E-09 7.5825E-09 6.5849E-09 5.6496E-09 4.8898E-09 4.4057E-09 4.0131E-09 3.6114E-09 3.2814E-09 3.0142E-09 2.9251E-09 2.8218E-09 2.7555E-09 2.6931E-09 2.6314E-09 2.5778E-09 2.5255E-09 2.4740E-09 2.4250E-09 2.3776E-09 2.3327E-09 2.2890E-09 2.2465E-09 2.2039E-09 2.1634E-09 2.1241E-09 2.0859E-09 2.0006E-09 1.9658E-09 1.8862E-09 1.8088E-09 1.7367E-09 1.6677E-09
9.4420E-10 1.2128E-09 1.3254E-09 1.5520E-09 1.8790E-09 2.3020E-09 2.8898E-09 3.2691E-09 3.7663E-09 4.2357E-09 4.6392E-09 4.9928E-09 5.3399E-09 5.5971E-09 5.9750E-09 1.0274E-08 1.1851E-08 1.3414E-08 1.2343E-08 1.1176E-08 1.0100E-08 9.1426E-09 8.2555E-09 7.4754E-09 6.6626E-09 5.9149E-09 5.1913E-09 4.6286E-09 4.2511E-09 3.9297E-09 3.5347E-09 3.2269E-09 3.0019E-09 2.9169E-09 2.8191E-09 2.7517E-09 2.6917E-09 2.6294E-09 2.5776E-09 2.5269E-09 2.4772E-09 2.4278E-09 2.3807E-09 2.3353E-09 2.2920E-09 2.2499E-09 2.2080E-09 2.1676E-09 2.1284E-09 2.0903E-09 2.0044E-09 1.9691E-09 1.8893E-09 1.8118E-09 1.7389E-09 1.6691E-09 1.6025E-09
6.4997E-10 7.5246E-10 9.7289E-10 1.1656E-09 1.4324E-09 1.7645E-09 2.1164E-09 2.4876E-09 2.9271E-09 3.3318E-09 3.6954E-09 3.9536E-09 4.2250E-09 4.4690E-09 6.0252E-09 7.8609E-09 8.8638E-09 9.9994E-09 9.1800E-09 7.7493E-09 7.2404E-09 7.1070E-09 6.4317E-09 5.7823E-09 5.1281E-09 4.6791E-09 4.3657E-09 4.0739E-09 3.8073E-09 3.4098E-09 3.0896E-09 2.9826E-09 2.8941E-09 2.8108E-09 2.7443E-09 2.6853E-09 2.6244E-09 2.5737E-09 2.5249E-09 2.4769E-09 2.4291E-09 2.3819E-09 2.3366E-09 2.2932E-09 2.2515E-09 2.2103E-09 2.1700E-09 2.1313E-09 2.0934E-09 2.0072E-09 1.9720E-09 1.8914E-09 1.8141E-09 1.7407E-09 1.6697E-09 1.6027E-09 1.5797E-09
4.6629E-10 5.4086E-10 6.3712E-10 7.7726E-10 9.6074E-10 1.4076E-09 1.7009E-09 1.9595E-09 2.3414E-09 2.7268E-09 3.0601E-09 3.3572E-09 3.6093E-09 3.9482E-09 4.9063E-09 5.4119E-09 6.7902E-09 6.4766E-09 6.1798E-09 5.7924E-09 5.3746E-09 5.0316E-09 4.7627E-09 4.5045E-09 4.3274E-09 4.0964E-09 3.8694E-09 3.5703E-09 3.2498E-09 3.0266E-09 2.9484E-09 2.8650E-09 2.7956E-09 2.7322E-09 2.6739E-09 2.6160E-09 2.5666E-09 2.5193E-09 2.4731E-09 2.4273E-09 2.3815E-09 2.3363E-09 2.2928E-09 2.2513E-09 2.2107E-09 2.1709E-09 2.1325E-09 2.0951E-09 2.0093E-09 1.9739E-09 1.8929E-09 1.8619E-09 1.7857E-09 1.7139E-09 1.6456E-09 1.5796E-09 1.5157E-09
3.0647E-10 3.7163E-10 4.3297E-10 5.4944E-10 7.2177E-10 9.7251E-10 1.2107E-09 1.4908E-09 1.8268E-09 2.1449E-09 2.5659E-09 2.8344E-09 3.0640E-09 3.3039E-09 3.5890E-09 4.4500E-09 5.3666E-09 5.1616E-09 4.9655E-09 4.7320E-09 4.5032E-09 4.2785E-09 4.0992E-09 3.9304E-09 3.7696E-09 3.5460E-09 3.2114E-09 3.0216E-09 2.9613E-09 2.9018E-09 2.8368E-09 2.7742E-09 2.7153E-09 2.6549E-09 2.6044E-09 2.5561E-09 2.5106E-09 2.4660E-09 2.4219E-09 2.3781E-09 2.3342E-09 2.2911E-09 2.2493E-09 2.2092E-09 2.1699E-09 2.1322E-09 2.0952E-09 2.0099E-09 1.9748E-09 1.8934E-09 1.8624E-09 1.7859E-09 1.7142E-09 1.6455E-09 1.5790E-09 1.5147E-09 1.4544E-09
2.4528E-10 2.9115E-10 3.2913E-10 4.3346E-10 6.0213E-10 7.8073E-10 9.9126E-10 1.2426E-09 1.5395E-09 1.8305E-09 2.1383E-09 2.3942E-09 2.6162E-09 2.8134E-09 3.6880E-09 3.7854E-09 4.3789E-09 4.3288E-09 3.1931E-09 3.2117E-09 3.2094E-09 3.4439E-09 3.3430E-09 3.1124E-09 3.0633E-09 3.0126E-09 2.9633E-09 2.9129E-09 2.8589E-09 2.8021E-09 2.7455E-09 2.6904E-09 2.6349E-09 2.5883E-09 2.5424E-09 2.4984E-09 2.4555E-09 2.4133E-09 2.3712E-09 2.3294E-09 2.2873E-09 2.2462E-09 2.2058E-09 2.1670E-09 2.1300E-09 2.0937E-09 2.0089E-09 1.9743E-09 1.8930E-09 1.8620E-09 1.7857E-09 1.7136E-09 1.6446E-09 1.5781E-09 1.5131E-09 1.4523E-09 1.3948E-09
1.8915E-10 2.0913E-10 2.6197E-10 3.4250E-10 4.6831E-10 6.4006E-10 8.5274E-10 1.0853E-09 1.3666E-09 1.6350E-09 1.9034E-09 2.1448E-09 2.3611E-09 2.4867E-09 2.6384E-09 2.7602E-09 2.8557E-09 2.9251E-09 2.9704E-09 2.9927E-09 2.9970E-09 2.9869E-09 2.9950E-09 2.9675E-09 2.9339E-09 2.8957E-09 2.8540E-09 2.8062E-09 2.7582E-09 2.7061E-09 2.6547E-09 2.6119E-09 2.5681E-09 2.5246E-09 2.4828E-09 2.4416E-09 2.4011E-09 2.3611E-09 2.3212E-09 2.2812E-09 2.2409E-09 2.2013E-09 2.1623E-09 2.1260E-09 2.0903E-09 2.0064E-09 1.9723E-09 1.8913E-09 1.8607E-09 1.7845E-09 1.7123E-09 1.6431E-09 1.5765E-09 1.5113E-09 1.4503E-09 1.3921E-09 1.3752E-09
1.4857E-10 1.6228E-10 2.1176E-10 2.8961E-10 4.0107E-10 5.5851E-10 7.3102E-10 9.4516E-10 1.2017E-09 1.4176E-09 1.6873E-09 1.9168E-09 2.1234E-09 2.3020E-09 2.4529E-09 2.5768E-09 2.6727E-09 2.7449E-09 2.7962E-09 2.8282E-09 2.8472E-09 2.8513E-09 2.8430E-09 2.8258E-09 2.8015E-09 2.7677E-09 2.7450E-09 2.6947E-09 2.6578E-09 2.6212E-09 2.5832E-09 2.5426E-09 2.5032E-09 2.4633E-09 2.4242E-09 2.3856E-09 2.3474E-09 2.3096E-09 2.2716E-09 2.2335E-09 2.1944E-09 2.1565E-09 2.1200E-09 2.0851E-09 2.0021E-09 1.9687E-09 1.8884E-09 1.8581E-09 1.7824E-09 1.7102E-09 1.6410E-09 1.5742E-09 1.5092E-09 1.4480E-09 1.3894E-09 1.3720E-09 1.3556E-09
1.2474E-10 1.2784E-10 1.6333E-10 2.2986E-10 2.9777E-10 4.5949E-10 6.1567E-10 8.0570E-10 1.0366E-09 1.2786E-09 1.5294E-09 1.7502E-09 1.9518E-09 2.1276E-09 2.2799E-09 2.4069E-09 2.5104E-09 2.5918E-09 2.6524E-09 2.6942E-09 2.7193E-09 2.7298E-09 2.7279E-09 2.7112E-09 2.6908E-09 2.6650E-09 2.6382E-09 2.6106E-09 2.5805E-09 2.5467E-09 2.5122E-09 2.4761E-09 2.4399E-09 2.4030E-09 2.3666E-09 2.3305E-09 2.2945E-09 2.2588E-09 2.2227E-09 2.1856E-09 2.1484E-09 2.1129E-09 2.0781E-09 1.9959E-09 1.9633E-09 1.8840E-09 1.8078E-09 1.7791E-09 1.6637E-09 1.6381E-09 1.5714E-09 1.5065E-09 1.4453E-09 1.3863E-09 1.3688E-09 1.3519E-09 1.2985E-09
1.0142E-10 1.0312E-10 1.3367E-10 1.8292E-10 2.5037E-10 3.6839E-10 5.3592E-10 7.2438E-10 9.2920E-10 1.1697E-09 1.4075E-09 1.6191E-09 1.8131E-09 1.9857E-09 2.1368E-09 2.2655E-09 2.3717E-09 2.4566E-09 2.5214E-09 2.5670E-09 2.5942E-09 2.6062E-09 2.6087E-09 2.6008E-09 2.5907E-09 2.5747E-09 2.5547E-09 2.5308E-09 2.5039E-09 2.4746E-09 2.4440E-09 2.4109E-09 2.3779E-09 2.3439E-09 2.3098E-09 2.2761E-09 2.2423E-09 2.2085E-09 2.1732E-09 2.1386E-09 2.1036E-09 2.0697E-09 1.9878E-09 1.9562E-09 1.8779E-09 1.8026E-09 1.7746E-09 1.6598E-09 1.6344E-09 1.5678E-09 1.5030E-09 1.4421E-09 1.3829E-09 1.3652E-09 1.3109E-09 1.2947E-09 1.2437E-09
8.9507E-11 9.1214E-11 1.1796E-10 1.6187E-10 2.2258E-10 3.2968E-10 4.6459E-10 6.2744E-10 8.3073E-10 1.0534E-09 1.2767E-09 1.4798E-09 1.6792E-09 1.8480E-09 1.9984E-09 2.1264E-09 2.2345E-09 2.3218E-09 2.3856E-09 2.4352E-09 2.4716E-09 2.4941E-09 2.5051E-09 2.5062E-09 2.5009E-09 2.4891E-09 2.4723E-09 2.4528E-09 2.4306E-09 2.4048E-09 2.3773E-09 2.3474E-09 2.3170E-09 2.2857E-09 2.2541E-09 2.2226E-09 2.1907E-09 2.1579E-09 2.1256E-09 2.0926E-09 2.0593E-09 1.9782E-09 1.9471E-09 1.8701E-09 1.7960E-09 1.7685E-09 1.6548E-09 1.6298E-09 1.5635E-09 1.4990E-09 1.4381E-09 1.3792E-09 1.3614E-09 1.3069E-09 1.2908E-09 1.2394E-09 1.1903E-09
7.7497E-11 7.8839E-11 1.0222E-10 1.2328E-10 1.7860E-10 2.7475E-10 4.1843E-10 5.6192E-10 7.3704E-10 9.5847E-10 1.1669E-09 1.3752E-09 1.5624E-09 1.7271E-09 1.8739E-09 2.0012E-09 2.1091E-09 2.1994E-09 2.2716E-09 2.3270E-09 2.3673E-09 2.3939E-09 2.4094E-09 2.4144E-09 2.4127E-09 2.4056E-09 2.3939E-09 2.3779E-09 2.3592E-09 2.3366E-09 2.3121E-09 2.2852E-09 2.2573E-09 2.2286E-09 2.1994E-09 2.1694E-09 2.1392E-09 2.1091E-09 2.0785E-09 1.9986E-09 1.9669E-09 1.8888E-09 1.8606E-09 1.7877E-09 1.7608E-09 1.6483E-09 1.6241E-09 1.5584E-09 1.4541E-09 1.4337E-09 1.3748E-09 1.3572E-09 1.3028E-09 1.2499E-09 1.2349E-09 1.1859E-09 1.1731E-09
6.8384E-11 6.9280E-11 8.9942E-11 1.0553E-10 1.5742E-10 2.4601E-10 3.7777E-10 5.1086E-10 6.7464E-10 8.7692E-10 1.0779E-09 1.2766E-09 1.4559E-09 1.6165E-09 1.7615E-09 1.8893E-09 1.9989E-09 2.0906E-09 2.1652E-09 2.2236E-09 2.2673E-09 2.2967E-09 2.3160E-09 2.3258E-09 2.3288E-09 2.3257E-09 2.3177E-09 2.3052E-09 2.2895E-09 2.2700E-09 2.2484E-09 2.2243E-09 2.1988E-09 2.1726E-09 2.1445E-09 2.1172E-09 2.0894E-09 2.0611E-09 1.9837E-09 1.9540E-09 1.8769E-09 1.8032E-09 1.7776E-09 1.6643E-09 1.6405E-09 1.5740E-09 1.5521E-09 1.4488E-09 1.4284E-09 1.3699E-09 1.3523E-09 1.2983E-09 1.2456E-09 1.2302E-09 1.1812E-09 1.1684E-09 1.0881E-09
