Assets/Resources/2015_m01_d08_2000(utc+0800)_l00_csi_1hr_conc.grd
DSAA
         159         159
     -79.000      79.000
     -79.000      79.000
  0.2909E-09  0.3129E-04
[rows 50 to 74 of 159, columns 57 to 113 of 159]
1.0739E-08 1.1174E-08 1.1597E-08 1.2004E-08 1.2391E-08 1.2801E-08 1.3147E-08 1.3464E-08 1.3749E-08 1.3998E-08 1.4209E-08 1.4381E-08 1.4511E-08 1.4599E-08 1.4646E-08 1.4457E-08 1.4408E-08 1.4323E-08 1.4205E-08 1.4056E-08 1.3880E-08 1.3681E-08 1.3465E-08 1.3237E-08 1.3004E-08 1.2773E-08 1.2543E-08 1.2299E-08 1.1898E-08 1.1677E-08 1.1344E-08 1.1170E-08 1.0907E-08 1.0769E-08 1.0638E-08 1.0513E-08 1.0396E-08 1.0219E-08 1.0124E-08 1.0014E-08 9.9263E-09 9.8281E-09 9.7425E-09 9.6337E-09 9.5326E-09 9.4344E-09 9.3359E-09 9.2540E-09 9.1585E-09 9.0717E-09 8.9815E-09 8.8802E-09 8.7779E-09 8.6626E-09 8.5603E-09 8.4511E-09 8.3458E-09
1.1434E-08 1.1913E-08 1.2380E-08 1.2869E-08 1.3308E-08 1.3724E-08 1.4111E-08 1.4515E-08 1.4847E-08 1.5142E-08 1.5397E-08 1.5610E-08 1.5777E-08 1.5899E-08 1.5972E-08 1.5999E-08 1.5775E-08 1.5692E-08 1.5565E-08 1.5398E-08 1.5197E-08 1.4963E-08 1.4707E-08 1.4122E-08 1.3857E-08 1.3591E-08 1.3310E-08 1.3028E-08 1.2746E-08 1.2464E-08 1.1864E-08 1.1662E-08 1.1472E-08 1.1293E-08 1.1044E-08 1.0903E-08 1.0770E-08 1.0643E-08 1.0462E-08 1.0358E-08 1.0242E-08 1.0145E-08 1.0039E-08 9.9276E-09 9.8298E-09 9.7170E-09 9.6152E-09 9.5087E-09 9.4170E-09 9.3128E-09 9.2165E-09 9.1084E-09 8.9994E-09 8.8894E-09 8.7740E-09 8.6579E-09 8.5463E-09
1.2162E-08 1.2688E-08 1.3244E-08 1.3752E-08 1.4241E-08 1.4704E-08 1.5191E-08 1.5605E-08 1.5983E-08 1.6375E-08 1.6683E-08 1.6948E-08 1.7165E-08 1.7332E-08 1.7448E-08 1.7514E-08 1.7527E-08 1.7266E-08 1.7145E-08 1.6975E-08 1.6757E-08 1.6499E-08 1.6205E-08 1.5877E-08 1.4786E-08 1.4477E-08 1.4147E-08 1.3822E-08 1.3476E-08 1.3153E-08 1.2625E-08 1.2176E-08 1.1958E-08 1.1755E-08 1.1565E-08 1.1388E-08 1.1156E-08 1.1014E-08 1.0880E-08 1.0751E-08 1.0582E-08 1.0473E-08 1.0353E-08 1.0248E-08 1.0121E-08 1.0010E-08 9.8831E-09 9.7846E-09 9.6699E-09 9.5583E-09 9.4556E-09 9.3404E-09 9.2333E-09 9.1159E-09 8.9975E-09 8.8681E-09 8.7499E-09
1.2919E-08 1.3539E-08 1.4117E-08 1.4680E-08 1.5265E-08 1.5796E-08 1.6298E-08 1.6768E-08 1.7258E-08 1.7665E-08 1.8028E-08 1.8404E-08 1.8685E-08 1.8915E-08 1.9092E-08 1.9217E-08 1.9282E-08 1.9285E-08 1.9228E-08 1.9107E-08 1.8613E-08 1.9713E-08 1.9557E-08 1.9350E-08 1.9102E-08 1.8295E-08 1.7451E-08 1.7047E-08 1.6602E-08 1.6146E-08 1.5648E-08 1.4923E-08 1.4262E-08 1.3687E-08 1.2018E-08 1.1819E-08 1.1633E-08 1.1395E-08 1.1246E-08 1.1104E-08 1.0967E-08 1.0819E-08 1.0677E-08 1.0550E-08 1.0436E-08 1.0298E-08 1.0171E-08 1.0050E-08 9.9418E-09 9.8081E-09 9.6985E-09 9.5860E-09 9.4621E-09 9.3375E-09 9.2121E-09 9.0875E-09 8.9560E-09
1.3743E-08 1.4388E-08 1.5025E-08 1.5691E-08 1.6308E-08 1.6903E-08 1.7470E-08 1.8065E-08 1.8579E-08 1.9053E-08 1.9548E-08 1.9946E-08 2.0293E-08 2.0586E-08 2.0828E-08 2.1005E-08 2.1115E-08 2.1155E-08 2.1118E-08 2.2534E-08 2.2598E-08 2.2591E-08 2.2532E-08 2.2394E-08 2.2172E-08 2.1824E-08 2.1401E-08 2.0855E-08 1.9078E-08 1.8447E-08 1.7797E-08 1.6823E-08 1.6197E-08 1.5578E-08 1.4738E-08 1.4074E-08 1.3597E-08 1.1958E-08 1.1756E-08 1.1521E-08 1.1315E-08 1.1171E-08 1.1017E-08 1.0869E-08 1.0734E-08 1.0611E-08 1.0464E-08 1.0320E-08 1.0204E-08 1.0073E-08 9.9447E-09 9.8252E-09 9.6936E-09 9.5616E-09 9.4290E-09 9.3037E-09 9.1650E-09
1.4556E-08 1.5263E-08 1.6006E-08 1.6709E-08 1.7396E-08 1.8063E-08 1.8765E-08 1.9393E-08 1.9987E-08 2.0610E-08 2.1140E-08 2.1622E-08 2.2052E-08 2.2435E-08 2.2754E-08 2.3002E-08 2.3174E-08 2.4808E-08 2.5123E-08 2.5380E-08 2.5561E-08 2.5674E-08 2.5711E-08 2.5665E-08 2.5444E-08 2.5106E-08 2.4616E-08 2.4010E-08 2.3316E-08 2.2492E-08 2.1644E-08 1.9878E-08 1.8943E-08 1.7742E-08 1.6897E-08 1.6089E-08 1.5039E-08 1.4292E-08 1.3726E-08 1.2068E-08 1.1849E-08 1.1572E-08 1.1361E-08 1.1201E-08 1.1061E-08 1.0906E-08 1.0748E-08 1.0622E-08 1.0470E-08 1.0344E-08 1.0194E-08 1.0067E-08 9.9276E-09 9.7878E-09 9.6568E-09 9.5158E-09 9.3760E-09
1.5385E-08 1.6199E-08 1.6982E-08 1.7759E-08 1.8524E-08 1.9332E-08 2.0076E-08 2.0794E-08 2.1550E-08 2.2222E-08 2.2854E-08 2.3439E-08 2.3982E-08 2.4468E-08 2.4885E-08 2.6660E-08 2.7257E-08 2.7816E-08 2.8326E-08 2.8764E-08 2.9119E-08 2.9414E-08 2.9611E-08 2.9649E-08 2.9487E-08 2.9169E-08 2.8636E-08 2.8001E-08 2.7123E-08 2.6167E-08 2.5071E-08 2.3816E-08 2.2526E-08 2.1233E-08 1.9967E-08 1.8528E-08 1.7441E-08 1.6437E-08 1.5433E-08 1.4334E-08 1.2415E-08 1.2151E-08 1.1873E-08 1.1604E-08 1.1385E-08 1.1214E-08 1.1051E-08 1.0903E-08 1.0767E-08 1.0619E-08 1.0469E-08 1.0311E-08 1.0174E-08 1.0026E-08 9.8776E-09 9.7292E-09 9.5883E-09
1.6223E-08 1.7117E-08 1.7977E-08 1.8835E-08 1.9744E-08 2.0601E-08 2.1443E-08 2.2331E-08 2.3149E-08 2.3937E-08 2.4690E-08 2.5408E-08 2.6082E-08 2.6695E-08 2.8792E-08 2.9658E-08 3.0507E-08 3.1325E-08 3.2091E-08 3.2781E-08 3.3404E-08 3.3938E-08 3.4355E-08 3.4503E-08 3.4486E-08 3.4167E-08 3.3652E-08 3.2899E-08 3.1892E-08 3.0761E-08 2.9347E-08 2.7758E-08 2.6108E-08 2.4445E-08 2.2809E-08 2.1239E-08 1.9765E-08 1.8235E-08 1.7053E-08 1.6003E-08 1.5019E-08 1.4245E-08 1.2518E-08 1.2188E-08 1.1879E-08 1.1624E-08 1.1356E-08 1.1198E-08 1.1042E-08 1.0895E-08 1.0738E-08 1.0580E-08 1.0424E-08 1.0256E-08 1.0100E-08 9.9433E-09 9.7955E-09
1.7110E-08 1.8043E-08 1.8985E-08 1.9984E-08 2.0946E-08 2.1906E-08 2.2922E-08 2.3882E-08 2.4828E-08 2.5752E-08 2.6652E-08 2.7527E-08 2.8353E-08 3.0745E-08 3.1904E-08 3.3076E-08 3.4247E-08 3.5398E-08 3.6497E-08 3.7529E-08 3.8512E-08 3.9391E-08 4.0006E-08 4.0404E-08 4.0517E-08 4.0300E-08 3.9835E-08 3.8946E-08 3.7855E-08 3.6408E-08 3.4628E-08 3.2624E-08 3.0529E-08 2.8404E-08 2.6306E-08 2.4286E-08 2.2387E-08 2.0640E-08 1.8902E-08 1.7551E-08 1.6373E-08 1.5362E-08 1.4463E-08 1.2666E-08 1.2331E-08 1.1961E-08 1.1666E-08 1.1485E-08 1.1328E-08 1.1163E-08 1.1005E-08 1.0829E-08 1.0664E-08 1.0498E-08 1.0332E-08 1.0167E-08 1.0003E-08
1.7954E-08 1.8967E-08 2.0043E-08 2.1099E-08 2.2166E-08 2.3297E-08 2.4392E-08 2.5488E-08 2.6579E-08 2.7660E-08 2.8738E-08 2.9787E-08 3.2426E-08 3.3884E-08 3.5395E-08 3.6946E-08 3.8521E-08 4.0085E-08 4.1617E-08 4.3124E-08 4.4566E-08 4.5791E-08 4.6755E-08 4.7513E-08 4.7779E-08 4.7786E-08 4.7251E-08 4.6349E-08 4.5017E-08 4.3303E-08 4.1059E-08 3.8553E-08 3.5915E-08 3.3223E-08 3.0557E-08 2.7985E-08 2.5563E-08 2.3332E-08 2.1322E-08 1.9547E-08 1.7894E-08 1.6610E-08 1.5528E-08 1.4627E-08 1.2741E-08 1.2402E-08 1.2073E-08 1.1773E-08 1.1605E-08 1.1431E-08 1.1264E-08 1.1079E-08 1.0914E-08 1.0741E-08 1.0566E-08 1.0392E-08 1.0210E-08
1.8783E-08 1.9878E-08 2.1056E-08 2.2214E-08 2.3391E-08 2.4659E-08 2.5891E-08 2.7137E-08 2.8390E-08 2.9662E-08 3.0922E-08 3.3753E-08 3.5500E-08 3.7345E-08 3.9278E-08 4.1293E-08 4.3352E-08 4.5437E-08 4.7523E-08 4.9634E-08 5.1623E-08 5.3249E-08 5.4736E-08 5.5838E-08 5.6442E-08 5.6670E-08 5.6141E-08 5.5316E-08 5.3574E-08 5.1586E-08 4.8770E-08 4.5666E-08 4.2376E-08 3.9005E-08 3.5653E-08 3.2410E-08 2.9350E-08 2.6532E-08 2.3992E-08 2.1750E-08 1.9809E-08 1.8158E-08 1.6702E-08 1.5579E-08 1.4659E-08 1.2833E-08 1.2484E-08 1.2151E-08 1.1884E-08 1.1699E-08 1.1523E-08 1.1347E-08 1.1155E-08 1.0980E-08 1.0790E-08 1.0608E-08 1.0426E-08
1.9588E-08 2.0819E-08 2.2050E-08 2.3314E-08 2.4674E-08 2.6023E-08 2.7403E-08 2.8811E-08 3.0257E-08 3.1707E-08 3.4667E-08 3.6674E-08 3.8826E-08 4.1119E-08 4.3555E-08 4.6109E-08 4.8760E-08 5.1475E-08 5.4295E-08 5.7087E-08 5.9622E-08 6.1885E-08 6.3996E-08 6.5543E-08 6.6716E-08 6.6998E-08 6.6683E-08 6.5620E-08 6.3644E-08 6.1274E-08 5.7852E-08 5.4046E-08 4.9989E-08 4.5813E-08 4.1647E-08 3.7608E-08 3.3793E-08 3.0275E-08 2.7106E-08 2.4309E-08 2.1891E-08 1.9838E-08 1.8125E-08 1.6714E-08 1.5523E-08 1.3274E-08 1.2883E-08 1.2521E-08 1.2240E-08 1.1968E-08 1.1782E-08 1.1597E-08 1.1395E-08 1.1212E-08 1.1013E-08 1.0822E-08 1.0641E-08
2.0359E-08 2.1685E-08 2.3013E-08 2.4387E-08 2.5882E-08 2.7371E-08 2.8909E-08 3.0501E-08 3.2114E-08 3.5133E-08 3.7356E-08 3.9768E-08 4.2375E-08 4.5187E-08 4.8197E-08 5.1388E-08 5.4748E-08 5.8250E-08 6.1902E-08 6.5412E-08 6.8658E-08 7.1750E-08 7.4474E-08 7.6719E-08 7.8285E-08 7.8934E-08 7.8848E-08 7.7473E-08 7.5265E-08 7.2447E-08 6.8332E-08 6.3722E-08 5.8779E-08 5.3672E-08 4.8564E-08 4.3602E-08 3.8908E-08 3.4577E-08 3.0674E-08 2.7233E-08 2.4260E-08 2.1741E-08 1.9643E-08 1.7922E-08 1.6530E-08 1.5378E-08 1.3269E-08 1.2849E-08 1.2536E-08 1.2235E-08 1.2040E-08 1.1845E-08 1.1634E-08 1.1442E-08 1.1243E-08 1.1043E-08 1.0845E-08
2.1136E-08 2.2505E-08 2.3932E-08 2.5481E-08 2.7051E-08 2.8686E-08 3.0391E-08 3.2133E-08 3.3946E-08 3.7528E-08 4.0138E-08 4.2994E-08 4.6112E-08 4.9505E-08 5.3172E-08 5.7114E-08 6.1244E-08 6.5703E-08 7.0177E-08 7.4534E-08 7.8705E-08 8.2678E-08 8.6227E-08 8.9397E-08 9.1304E-08 9.2581E-08 9.2269E-08 9.0823E-08 8.8399E-08 8.5054E-08 8.0166E-08 7.4651E-08 6.8711E-08 6.2552E-08 5.6376E-08 5.0366E-08 4.4675E-08 3.9422E-08 3.4686E-08 3.0511E-08 2.6908E-08 2.3859E-08 2.1324E-08 1.9252E-08 1.7581E-08 1.6249E-08 1.5143E-08 1.3261E-08 1.2892E-08 1.2581E-08 1.2295E-08 1.2090E-08 1.1880E-08 1.1669E-08 1.1461E-08 1.1253E-08 1.1046E-08
2.1814E-08 2.3268E-08 2.4791E-08 2.6462E-08 2.8161E-08 2.9929E-08 3.1774E-08 3.3715E-08 3.7204E-08 3.9943E-08 4.2967E-08 4.6302E-08 4.9982E-08 5.4023E-08 5.8434E-08 6.3159E-08 6.8271E-08 7.3635E-08 7.9077E-08 8.4405E-08 8.9704E-08 9.4538E-08 9.9221E-08 1.0302E-07 1.0574E-07 1.0735E-07 1.0702E-07 1.0552E-07 1.0291E-07 9.8947E-08 9.3216E-08 8.6709E-08 7.9671E-08 7.2351E-08 6.4997E-08 5.7828E-08 5.1034E-08 4.4757E-08 3.9098E-08 3.4110E-08 2.9808E-08 2.6171E-08 2.3152E-08 2.0690E-08 1.8711E-08 1.7139E-08 1.5845E-08 1.3607E-08 1.3197E-08 1.2858E-08 1.2546E-08 1.2332E-08 1.2113E-08 1.1893E-08 1.1676E-08 1.1459E-08 1.1244E-08
2.2426E-08 2.3961E-08 2.5639E-08 2.7368E-08 2.9166E-08 3.1067E-08 3.3089E-08 3.5227E-08 3.9222E-08 4.2329E-08 4.5784E-08 4.9635E-08 5.3927E-08 5.8665E-08 6.3835E-08 6.9451E-08 7.5567E-08 8.1919E-08 8.8369E-08 9.4873E-08 1.0118E-07 1.0725E-07 1.1316E-07 1.1768E-07 1.2164E-07 1.2290E-07 1.2282E-07 1.2129E-07 1.1854E-07 1.1387E-07 1.0724E-07 9.9673E-08 9.1457E-08 8.2892E-08 7.4269E-08 6.5853E-08 5.7868E-08 5.0488E-08 4.3833E-08 3.7968E-08 3.2910E-08 2.8638E-08 2.5098E-08 2.2214E-08 1.9902E-08 1.8072E-08 1.6603E-08 1.5420E-08 1.3501E-08 1.3132E-08 1.2870E-08 1.2571E-08 1.2342E-08 1.2113E-08 1.1887E-08 1.1671E-08 1.1447E-08
2.2962E-08 2.4573E-08 2.6346E-08 2.8140E-08 3.0058E-08 3.2114E-08 3.4305E-08 3.8041E-08 4.1150E-08 4.4627E-08 4.8538E-08 5.2940E-08 5.7847E-08 6.3277E-08 6.9240E-08 7.5873E-08 8.2899E-08 9.0328E-08 9.7932E-08 1.0573E-07 1.1308E-07 1.2071E-07 1.2743E-07 1.3318E-07 1.3735E-07 1.3907E-07 1.3929E-07 1.3775E-07 1.3494E-07 1.2943E-07 1.2188E-07 1.1322E-07 1.0378E-07 9.3912E-08 8.3964E-08 7.4243E-08 6.5013E-08 5.6477E-08 4.8778E-08 4.1993E-08 3.6144E-08 3.1205E-08 2.7117E-08 2.3792E-08 2.1131E-08 1.9031E-08 1.7392E-08 1.6068E-08 1.3850E-08 1.3464E-08 1.3125E-08 1.2804E-08 1.2566E-08 1.2327E-08 1.2094E-08 1.1869E-08 1.1637E-08
2.3414E-08 2.5087E-08 2.6905E-08 2.8801E-08 3.0848E-08 3.3043E-08 3.5394E-08 3.9523E-08 4.2935E-08 4.6797E-08 5.1158E-08 5.6067E-08 6.1586E-08 6.7724E-08 7.4587E-08 8.2073E-08 9.0197E-08 9.8662E-08 1.0755E-07 1.1643E-07 1.2514E-07 1.3409E-07 1.4197E-07 1.4908E-07 1.5315E-07 1.5535E-07 1.5593E-07 1.5440E-07 1.5162E-07 1.4517E-07 1.3669E-07 1.2692E-07 1.1625E-07 1.0507E-07 9.3787E-08 8.2745E-08 7.2253E-08 6.2545E-08 5.3786E-08 4.6067E-08 3.9414E-08 3.3800E-08 2.9156E-08 2.5383E-08 2.2368E-08 1.9994E-08 1.8146E-08 1.6663E-08 1.5505E-08 1.3737E-08 1.3373E-08 1.3031E-08 1.2784E-08 1.2546E-08 1.2295E-08 1.2061E-08 1.1821E-08
2.3757E-08 2.5513E-08 2.7357E-08 2.9357E-08 3.1510E-08 3.3828E-08 3.6318E-08 4.0808E-08 4.4521E-08 4.8743E-08 5.3523E-08 5.8952E-08 6.5058E-08 7.1908E-08 7.9580E-08 8.7992E-08 9.7080E-08 1.0670E-07 1.1682E-07 1.2684E-07 1.3726E-07 1.4702E-07 1.5652E-07 1.6363E-07 1.6847E-07 1.7117E-07 1.7216E-07 1.7067E-07 1.6803E-07 1.6050E-07 1.5114E-07 1.4030E-07 1.2843E-07 1.1598E-07 1.0339E-07 9.1056E-08 7.9331E-08 6.8479E-08 5.8685E-08 5.0053E-08 4.2614E-08 3.6339E-08 3.1150E-08 2.6938E-08 2.3578E-08 2.0935E-08 1.8883E-08 1.7244E-08 1.5970E-08 1.4001E-08 1.3615E-08 1.3326E-08 1.2996E-08 1.2749E-08 1.2490E-08 1.2248E-08 1.2008E-08
2.3976E-08 2.5788E-08 2.7709E-08 2.9778E-08 3.2005E-08 3.4414E-08 3.8387E-08 4.1891E-08 4.5881E-08 5.0418E-08 5.5601E-08 6.1484E-08 6.8162E-08 7.5688E-08 8.4090E-08 9.3415E-08 1.0341E-07 1.1424E-07 1.2529E-07 1.3670E-07 1.4807E-07 1.5930E-07 1.6990E-07 1.7711E-07 1.8265E-07 1.8589E-07 1.8721E-07 1.8589E-07 1.8294E-07 1.7481E-07 1.6462E-07 1.5280E-07 1.3982E-07 1.2618E-07 1.1238E-07 9.8843E-08 8.5968E-08 7.4046E-08 6.3283E-08 5.3797E-08 4.5622E-08 3.8727E-08 3.3028E-08 2.8406E-08 2.4720E-08 2.1826E-08 1.9582E-08 1.7791E-08 1.6415E-08 1.4256E-08 1.3904E-08 1.3546E-08 1.3201E-08 1.2946E-08 1.2678E-08 1.2428E-08 1.2180E-08
2.4097E-08 2.5949E-08 2.7905E-08 3.0023E-08 3.2319E-08 3.4827E-08 3.9052E-08 4.2745E-08 4.6954E-08 5.1777E-08 5.7296E-08 6.3603E-08 7.0754E-08 7.8866E-08 8.7996E-08 9.8033E-08 1.0897E-07 1.2071E-07 1.3282E-07 1.4567E-07 1.5777E-07 1.7078E-07 1.8091E-07 1.8892E-07 1.9510E-07 1.9887E-07 2.0050E-07 1.9940E-07 1.9610E-07 1.8745E-07 1.7655E-07 1.6387E-07 1.4992E-07 1.3524E-07 1.2036E-07 1.0577E-07 9.1874E-08 7.9005E-08 6.7385E-08 5.7141E-08 4.8314E-08 4.0869E-08 3.4717E-08 2.9729E-08 2.5755E-08 2.2637E-08 2.0221E-08 1.8300E-08 1.6828E-08 1.4499E-08 1.4132E-08 1.3758E-08 1.3398E-08 1.3134E-08 1.2866E-08 1.2601E-08 1.2345E-08
2.4102E-08 2.5983E-08 2.7968E-08 3.0125E-08 3.2493E-08 3.5083E-08 3.9488E-08 4.3318E-08 4.7711E-08 5.2766E-08 5.8566E-08 6.5232E-08 7.2742E-08 8.1361E-08 9.1075E-08 1.0174E-07 1.1360E-07 1.2593E-07 1.3924E-07 1.5260E-07 1.6606E-07 1.7937E-07 1.8980E-07 1.9851E-07 2.0524E-07 2.0950E-07 2.1140E-07 2.1057E-07 2.0688E-07 1.9781E-07 1.8635E-07 1.7298E-07 1.5824E-07 1.4271E-07 1.2696E-07 1.1150E-07 9.6772E-08 8.3127E-08 7.0802E-08 5.9935E-08 5.0570E-08 4.2673E-08 3.6147E-08 3.0857E-08 2.6643E-08 2.3339E-08 2.0781E-08 1.8753E-08 1.7200E-08 1.4777E-08 1.4347E-08 1.3952E-08 1.3586E-08 1.3314E-08 1.3038E-08 1.2765E-08 1.2502E-08
2.4018E-08 2.5908E-08 2.7907E-08 3.0108E-08 3.2513E-08 3.5144E-08 3.9676E-08 4.3605E-08 4.8135E-08 5.3341E-08 5.9358E-08 6.6149E-08 7.4045E-08 8.3090E-08 9.3161E-08 1.0442E-07 1.1670E-07 1.2982E-07 1.4399E-07 1.5782E-07 1.7291E-07 1.8516E-07 1.9615E-07 2.0542E-07 2.1257E-07 2.1726E-07 2.1938E-07 2.1885E-07 2.1472E-07 2.0538E-07 1.9834E-07 1.7966E-07 1.6436E-07 1.4823E-07 1.3184E-07 1.1575E-07 1.0042E-07 8.6212E-08 7.3372E-08 6.2049E-08 5.2289E-08 4.4058E-08 3.7256E-08 3.1743E-08 2.7351E-08 2.3909E-08 2.1245E-08 1.9130E-08 1.7561E-08 1.6369E-08 1.4550E-08 1.4142E-08 1.3765E-08 1.3485E-08 1.3201E-08 1.2921E-08 1.2651E-08
2.3841E-08 2.5728E-08 2.7749E-08 2.9956E-08 3.2370E-08 3.5017E-08 3.9605E-08 4.3591E-08 4.8176E-08 5.3481E-08 5.9515E-08 6.6512E-08 7.4620E-08 8.3869E-08 9.4233E-08 1.0593E-07 1.1845E-07 1.3244E-07 1.4653E-07 1.6126E-07 1.7562E-07 1.8828E-07 1.9963E-07 2.0928E-07 2.1670E-07 2.2173E-07 2.2401E-07 2.2381E-07 7.3664E-07 3.1603E-07 2.1213E-07 1.8489E-07 1.6798E-07 1.5150E-07 1.3477E-07 1.1832E-07 1.0265E-07 8.8108E-08 7.4970E-08 6.3381E-08 5.3390E-08 4.4963E-08 3.7998E-08 3.2351E-08 2.7853E-08 2.4327E-08 2.1593E-08 1.9433E-08 1.7826E-08 1.6604E-08 1.4737E-08 1.4320E-08 1.3933E-08 1.3645E-08 1.3354E-08 1.3073E-08 1.2790E-08
2.3588E-08 2.5474E-08 2.7476E-08 2.9663E-08 3.2062E-08 3.4685E-08 3.9278E-08 4.3250E-08 4.7847E-08 5.3123E-08 5.9145E-08 6.6233E-08 7.4457E-08 8.3711E-08 9.4294E-08 1.0596E-07 1.1883E-07 1.3290E-07 1.4723E-07 1.6250E-07 1.7574E-07 1.8857E-07 2.0004E-07 2.0988E-07 2.1743E-07 2.2580E-07 4.3709E-06 7.9046E-06 1.4613E-06 3.9372E-07 2.2080E-07 1.8643E-07 1.6889E-07 1.5237E-07 1.3558E-07 1.1907E-07 1.0333E-07 8.8724E-08 7.5521E-08 6.3872E-08 5.3826E-08 4.5350E-08 3.8343E-08 3.2661E-08 2.8133E-08 2.4581E-08 2.1826E-08 1.9645E-08 1.8023E-08 1.6795E-08 1.4909E-08 1.4485E-08 1.4089E-08 1.3794E-08 1.3497E-08 1.3208E-08 1.2919E-08
