Assets/Resources/2015_m01_d16_1000(utc+0800)_l00_csi_1hr_conc.grd
DSAA
         159         159
     -79.000      79.000
     -79.000      79.000
  0.5427E-11  0.1028E-04
[rows 125 to 149 of 159, columns 57 to 113 of 159]
2.3086E-10 2.4191E-10 2.5342E-10 2.6520E-10 2.7783E-10 2.9057E-10 3.0379E-10 3.1774E-10 3.3217E-10 3.4696E-10 3.6248E-10 3.7897E-10 3.9585E-10 4.1330E-10 4.3242E-10 4.5156E-10 4.7795E-10 5.0500E-10 5.3339E-10 5.6270E-10 5.9364E-10 6.2553E-10 6.6515E-10 7.0012E-10 7.3625E-10 7.7377E-10 8.2045E-10 8.6921E-10 9.2405E-10 9.7452E-10 1.0391E-09 1.1068E-09 1.1839E-09 1.2533E-09 1.3327E-09 1.4041E-09 1.4916E-09 1.5704E-09 1.6600E-09 1.7473E-09 1.8318E-09 1.9196E-09 2.0036E-09 2.0902E-09 2.1947E-09 2.2878E-09 2.3836E-09 2.4821E-09 2.5942E-09 2.6996E-09 2.8079E-09 2.9196E-09 3.0341E-09 3.1519E-09 3.2721E-09 3.3953E-09 3.5212E-09
2.2325E-10 2.3374E-10 2.4464E-10 2.5638E-10 2.6818E-10 2.8065E-10 2.9340E-10 3.0702E-10 3.2076E-10 3.3499E-10 3.4975E-10 3.6523E-10 3.8168E-10 3.9849E-10 4.1585E-10 4.3487E-10 4.5389E-10 4.8013E-10 5.0700E-10 5.3519E-10 5.6427E-10 5.9494E-10 6.2654E-10 6.6584E-10 7.0042E-10 7.3612E-10 7.7316E-10 8.1933E-10 8.7326E-10 9.2173E-10 9.7726E-10 1.0353E-09 1.1082E-09 1.1788E-09 1.2534E-09 1.3262E-09 1.3966E-09 1.4832E-09 1.5672E-09 1.6559E-09 1.7351E-09 1.8180E-09 1.9040E-09 1.9858E-09 2.0775E-09 2.1723E-09 2.2628E-09 2.3559E-09 2.4519E-09 2.5609E-09 2.6633E-09 2.7687E-09 2.8768E-09 2.9880E-09 3.1016E-09 3.2179E-09 3.3367E-09
2.1534E-10 2.2571E-10 2.3641E-10 2.4754E-10 2.5910E-10 2.7092E-10 2.8321E-10 2.9615E-10 3.0958E-10 3.2329E-10 3.3749E-10 3.5241E-10 3.6782E-10 3.8399E-10 4.0071E-10 4.1859E-10 4.3687E-10 4.5574E-10 4.8177E-10 5.0843E-10 5.3638E-10 5.6517E-10 5.9553E-10 6.2678E-10 6.6570E-10 6.9984E-10 7.3504E-10 7.7154E-10 8.1711E-10 8.7039E-10 9.1813E-10 9.7290E-10 1.0302E-09 1.1024E-09 1.1726E-09 1.2460E-09 1.3179E-09 1.3993E-09 1.4793E-09 1.5557E-09 1.6430E-09 1.7206E-09 1.8017E-09 1.8857E-09 1.9653E-09 2.0547E-09 2.1470E-09 2.2349E-09 2.3255E-09 2.4185E-09 2.5248E-09 2.6242E-09 2.7262E-09 2.8311E-09 2.9383E-09 3.0480E-09 3.1602E-09
2.0823E-10 2.1803E-10 2.2817E-10 2.3889E-10 2.5003E-10 2.6142E-10 2.7323E-10 2.8590E-10 2.9863E-10 3.1184E-10 3.2551E-10 3.3965E-10 3.5471E-10 3.6984E-10 3.8591E-10 4.0271E-10 4.2026E-10 4.3839E-10 4.5709E-10 4.8289E-10 5.0928E-10 5.3694E-10 5.6541E-10 5.9540E-10 6.2625E-10 6.6472E-10 6.9836E-10 7.3302E-10 7.6891E-10 8.1380E-10 8.6058E-10 9.1329E-10 9.6727E-10 1.0292E-09 1.0952E-09 1.1704E-09 1.2370E-09 1.3138E-09 1.3883E-09 1.4670E-09 1.5488E-09 1.6279E-09 1.7038E-09 1.7830E-09 1.8649E-09 1.9422E-09 2.0291E-09 2.1190E-09 2.2045E-09 2.2922E-09 2.3825E-09 2.4859E-09 2.5821E-09 2.6811E-09 2.7821E-09 2.8857E-09 2.9914E-09
2.0083E-10 2.1027E-10 2.2029E-10 2.3044E-10 2.4097E-10 2.5211E-10 2.6349E-10 2.7568E-10 2.8794E-10 3.0063E-10 3.1379E-10 3.2759E-10 3.4168E-10 3.5644E-10 3.7147E-10 3.8743E-10 4.0409E-10 4.2148E-10 4.3943E-10 4.5793E-10 4.8345E-10 5.0305E-10 5.3667E-10 5.6497E-10 5.9456E-10 6.2495E-10 6.6291E-10 6.9600E-10 7.3005E-10 7.6529E-10 8.0942E-10 8.5540E-10 9.0729E-10 9.6047E-10 1.0216E-09 1.0867E-09 1.1610E-09 1.2266E-09 1.3085E-09 1.3755E-09 1.4530E-09 1.5332E-09 1.6107E-09 1.6847E-09 1.7619E-09 1.8417E-09 1.9166E-09 2.0011E-09 2.0887E-09 2.1714E-09 2.2566E-09 2.3440E-09 2.4445E-09 2.5377E-09 2.6330E-09 2.7306E-09 2.8303E-09
1.9358E-10 2.0268E-10 2.1214E-10 2.2216E-10 2.3249E-10 2.4301E-10 2.5416E-10 2.6569E-10 2.7748E-10 2.8969E-10 3.0233E-10 3.1562E-10 3.2936E-10 3.4315E-10 3.5781E-10 3.7271E-10 3.8853E-10 4.0503E-10 4.2225E-10 4.4000E-10 4.5827E-10 4.7708E-10 5.0279E-10 5.3598E-10 5.6387E-10 5.9301E-10 6.2290E-10 6.5365E-10 6.8570E-10 7.2615E-10 7.6068E-10 8.0401E-10 8.4917E-10 9.0025E-10 9.5257E-10 1.0074E-09 1.0769E-09 1.1502E-09 1.2147E-09 1.2954E-09 1.3611E-09 1.4371E-09 1.5158E-09 1.5915E-09 1.6636E-09 1.7456E-09 1.8162E-09 1.8887E-09 1.9711E-09 2.0561E-09 2.1364E-09 2.2187E-09 2.3034E-09 2.4009E-09 2.4907E-09 2.5826E-09 2.6766E-09
1.8667E-10 1.9525E-10 2.0461E-10 2.1426E-10 2.2402E-10 2.3414E-10 2.4485E-10 2.5595E-10 2.6727E-10 2.7901E-10 2.9117E-10 3.0393E-10 3.1695E-10 3.3059E-10 3.4427E-10 3.5880E-10 3.7356E-10 3.8921E-10 4.0554E-10 4.2255E-10 4.3942E-10 4.5810E-10 4.7602E-10 5.0174E-10 5.2826E-10 5.6189E-10 5.9031E-10 6.2009E-10 6.5025E-10 6.8166E-10 7.2134E-10 7.5513E-10 7.9741E-10 8.3490E-10 8.8653E-10 9.3791E-10 9.9748E-10 1.0660E-09 1.1381E-09 1.2014E-09 1.2809E-09 1.3452E-09 1.4196E-09 1.4966E-09 1.5705E-09 1.6405E-09 1.7203E-09 1.7887E-09 1.8590E-09 1.9390E-09 2.0217E-09 2.0991E-09 2.1789E-09 2.2607E-09 2.3551E-09 2.4415E-09 2.5301E-09
1.7968E-10 1.8844E-10 1.9720E-10 2.0629E-10 2.1574E-10 2.2548E-10 2.3577E-10 2.4644E-10 2.5732E-10 2.6859E-10 2.8027E-10 2.9254E-10 3.0503E-10 3.1794E-10 3.3147E-10 3.4502E-10 3.5941E-10 3.7401E-10 3.8948E-10 4.0560E-10 4.2178E-10 4.3902E-10 4.5743E-10 4.7505E-10 5.0035E-10 5.2641E-10 5.5946E-10 5.8735E-10 6.1653E-10 6.4606E-10 6.7679E-10 7.0870E-10 7.4870E-10 7.9021E-10 8.2692E-10 8.7767E-10 9.2806E-10 9.8661E-10 1.0539E-09 1.1190E-09 1.1869E-09 1.2587E-09 1.3277E-09 1.4004E-09 1.4757E-09 1.5476E-09 1.6156E-09 1.6932E-09 1.7595E-09 1.8276E-09 1.9052E-09 1.9852E-09 2.0604E-09 2.1373E-09 2.2162E-09 2.3072E-09 2.3905E-09
1.7313E-10 1.8129E-10 1.8978E-10 1.9852E-10 2.0760E-10 2.1702E-10 2.2692E-10 2.3717E-10 2.4762E-10 2.5844E-10 2.6964E-10 2.8143E-10 2.9362E-10 3.0582E-10 3.1861E-10 3.3201E-10 3.4541E-10 3.5964E-10 3.7406E-10 3.8869E-10 4.0522E-10 4.2117E-10 4.3814E-10 4.5560E-10 4.7356E-10 4.9778E-10 5.2374E-10 5.4958E-10 5.8348E-10 6.0503E-10 6.4110E-10 6.7090E-10 7.0229E-10 7.4153E-10 7.7487E-10 8.1819E-10 8.6095E-10 9.1178E-10 9.6914E-10 1.0349E-09 1.1044E-09 1.1712E-09 1.2356E-09 1.3089E-09 1.3799E-09 1.4532E-09 1.5231E-09 1.5891E-09 1.6577E-09 1.7288E-09 1.7947E-09 1.8697E-09 1.9475E-09 2.0198E-09 2.0941E-09 2.1698E-09 2.2578E-09
1.6647E-10 1.7457E-10 1.8272E-10 1.9094E-10 1.9966E-10 2.0897E-10 2.1848E-10 2.2814E-10 2.3816E-10 2.4855E-10 2.5930E-10 2.7061E-10 2.8212E-10 2.9421E-10 3.0629E-10 3.1895E-10 3.3220E-10 3.4544E-10 3.5948E-10 3.7371E-10 3.8812E-10 4.0441E-10 4.2009E-10 4.3678E-10 4.5393E-10 4.7090E-10 4.8891E-10 5.1363E-10 5.4576E-10 5.7240E-10 6.0014E-10 6.2845E-10 6.6449E-10 6.8785E-10 7.2685E-10 7.6632E-10 8.0122E-10 8.4479E-10 9.0037E-10 9.5655E-10 1.0148E-09 1.0828E-09 1.1485E-09 1.2172E-09 1.2888E-09 1.3515E-09 1.4226E-09 1.4972E-09 1.5612E-09 1.6279E-09 1.6967E-09 1.7601E-09 1.8331E-09 1.9081E-09 1.9780E-09 2.0492E-09 2.1222E-09
1.6000E-10 1.6777E-10 1.7560E-10 1.8373E-10 1.9192E-10 2.0087E-10 2.1007E-10 2.1935E-10 2.2896E-10 2.3891E-10 2.4923E-10 2.6009E-10 2.7112E-10 2.8253E-10 2.9449E-10 3.0644E-10 3.1895E-10 3.3204E-10 3.4510E-10 3.5873E-10 3.7295E-10 3.8713E-10 4.0253E-10 4.1856E-10 4.3434E-10 4.5111E-10 4.6838E-10 4.8537E-10 5.0993E-10 5.3516E-10 5.6732E-10 5.9414E-10 6.2219E-10 6.5082E-10 6.8030E-10 7.1848E-10 7.5039E-10 7.9126E-10 8.3388E-10 8.8222E-10 9.3185E-10 9.9461E-10 1.0610E-09 1.1308E-09 1.1977E-09 1.2614E-09 1.3283E-09 1.3975E-09 1.4701E-09 1.5322E-09 1.5967E-09 1.6631E-09 1.7247E-09 1.7876E-09 1.8677E-09 1.9346E-09 2.0032E-09
1.5396E-10 1.6142E-10 1.6866E-10 1.7646E-10 1.8484E-10 1.9298E-10 2.0182E-10 2.1079E-10 2.2001E-10 2.2955E-10 2.3943E-10 2.4985E-10 2.6062E-10 2.7136E-10 2.8264E-10 2.9447E-10 3.0626E-10 3.1861E-10 3.3152E-10 3.4439E-10 3.5781E-10 3.7180E-10 3.8573E-10 4.0085E-10 4.1595E-10 4.3204E-10 4.4786E-10 4.6470E-10 4.8193E-10 4.9947E-10 5.2371E-10 5.5501E-10 5.8797E-10 6.0858E-10 6.4317E-10 6.7222E-10 7.0244E-10 7.4079E-10 7.7316E-10 8.1535E-10 8.6400E-10 9.1203E-10 9.6798E-10 1.0325E-09 1.1004E-09 1.1651E-09 1.2333E-09 1.3041E-09 1.3650E-09 1.4355E-09 1.5021E-09 1.5644E-09 1.6290E-09 1.6881E-09 1.7488E-09 1.8259E-09 1.8903E-09
1.4808E-10 1.5500E-10 1.6218E-10 1.6939E-10 1.7744E-10 1.8550E-10 1.9379E-10 2.0239E-10 2.1130E-10 2.2045E-10 2.2992E-10 2.3990E-10 2.5004E-10 2.6070E-10 2.7131E-10 2.8246E-10 2.9414E-10 3.0577E-10 3.1794E-10 3.3046E-10 3.4331E-10 3.5651E-10 3.7004E-10 3.8392E-10 3.9791E-10 4.1353E-10 4.2928E-10 4.4474E-10 4.6052E-10 4.7734E-10 4.9445E-10 5.1842E-10 5.4246E-10 5.7437E-10 6.0102E-10 6.2855E-10 6.6346E-10 6.8614E-10 7.2388E-10 7.6235E-10 7.9604E-10 8.3822E-10 8.8623E-10 9.4654E-10 1.0093E-09 1.0752E-09 1.1380E-09 1.2102E-09 1.2662E-09 1.3382E-09 1.4066E-09 1.4644E-09 1.5245E-09 1.5936E-09 1.6507E-09 1.7089E-09 1.7760E-09
1.4189E-10 1.4875E-10 1.5564E-10 1.6279E-10 1.7024E-10 1.7822E-10 1.8599E-10 1.9423E-10 2.0277E-10 2.1161E-10 2.2068E-10 2.3024E-10 2.3995E-10 2.4998E-10 2.6051E-10 2.7099E-10 2.8199E-10 2.9351E-10 3.0496E-10 3.1694E-10 3.2925E-10 3.4188E-10 3.5462E-10 3.6811E-10 3.8170E-10 3.9539E-10 4.1004E-10 4.2545E-10 4.4115E-10 4.5653E-10 4.7225E-10 4.8891E-10 5.0586E-10 5.2953E-10 5.6039E-10 5.9306E-10 6.1335E-10 6.4792E-10 6.7649E-10 7.0660E-10 7.4442E-10 7.7655E-10 8.1782E-10 8.6579E-10 9.1314E-10 9.7936E-10 1.0431E-09 1.1101E-09 1.1739E-09 1.2408E-09 1.3047E-09 1.3639E-09 1.4330E-09 1.4907E-09 1.5508E-09 1.6124E-09 1.6683E-09
1.3613E-10 1.4245E-10 1.4928E-10 1.5613E-10 1.6325E-10 1.7091E-10 1.7859E-10 1.8630E-10 1.9448E-10 2.0321E-10 2.1171E-10 2.2087E-10 2.3035E-10 2.3975E-10 2.4966E-10 2.6006E-10 2.7039E-10 2.8123E-10 2.9238E-10 3.0384E-10 3.1540E-10 3.2770E-10 3.3989E-10 3.5258E-10 3.6579E-10 3.7889E-10 3.9247E-10 4.0677E-10 4.2118E-10 4.3649E-10 4.5206E-10 4.6669E-10 4.8291E-10 4.9949E-10 5.1648E-10 5.4668E-10 5.7827E-10 6.0465E-10 6.3189E-10 6.6653E-10 6.8887E-10 7.2614E-10 7.6403E-10 7.9716E-10 8.3819E-10 8.8515E-10 9.4421E-10 1.0115E-09 1.0762E-09 1.1437E-09 1.2028E-09 1.2703E-09 1.3340E-09 1.3941E-09 1.4566E-09 1.5142E-09 1.5735E-09
1.3027E-10 1.3659E-10 1.4287E-10 1.4967E-10 1.5648E-10 1.6381E-10 1.7116E-10 1.7879E-10 1.8643E-10 1.9480E-10 2.0319E-10 2.1178E-10 2.2067E-10 2.3003E-10 2.3932E-10 2.4908E-10 2.5934E-10 2.6951E-10 2.8018E-10 2.9114E-10 3.0240E-10 3.1375E-10 3.2581E-10 3.3775E-10 3.5018E-10 3.6289E-10 3.7589E-10 3.8895E-10 4.0246E-10 4.1647E-10 4.3139E-10 4.4654E-10 4.6135E-10 4.7588E-10 4.9279E-10 5.0949E-10 5.3263E-10 5.6313E-10 5.9567E-10 6.1575E-10 6.4994E-10 6.7813E-10 7.0045E-10 7.4474E-10 7.7609E-10 8.1628E-10 8.6295E-10 9.0885E-10 9.6762E-10 1.0418E-09 1.1075E-09 1.1703E-09 1.2295E-09 1.2973E-09 1.3617E-09 1.4152E-09 1.4702E-09
1.2480E-10 1.3090E-10 1.3692E-10 1.4316E-10 1.4992E-10 1.5719E-10 1.6396E-10 1.7125E-10 1.7881E-10 1.8665E-10 1.9468E-10 2.0297E-10 2.1147E-10 2.2024E-10 2.2949E-10 2.3864E-10 2.4826E-10 2.5817E-10 2.6836E-10 2.7884E-10 2.8961E-10 3.0066E-10 3.1178E-10 3.2339E-10 3.3527E-10 3.4722E-10 3.5962E-10 3.7231E-10 3.8523E-10 3.9818E-10 4.1134E-10 4.2585E-10 4.4060E-10 4.5566E-10 4.6988E-10 4.8519E-10 5.0226E-10 5.1915E-10 5.4193E-10 5.7302E-10 6.0597E-10 6.2619E-10 6.6040E-10 6.8894E-10 7.1828E-10 7.6228E-10 7.8688E-10 8.3394E-10 8.7364E-10 9.3093E-10 9.9064E-10 1.0658E-09 1.1316E-09 1.1947E-09 1.2545E-09 1.3159E-09 1.3801E-09
1.1923E-10 1.2508E-10 1.3114E-10 1.3712E-10 1.4356E-10 1.5028E-10 1.5725E-10 1.6395E-10 1.7118E-10 1.7867E-10 1.8643E-10 1.9436E-10 2.0256E-10 2.1095E-10 2.1960E-10 2.2871E-10 2.3772E-10 2.4719E-10 2.5693E-10 2.6694E-10 2.7703E-10 2.8778E-10 2.9841E-10 3.0950E-10 3.2085E-10 3.3226E-10 3.4412E-10 3.5621E-10 3.6836E-10 3.8093E-10 3.9371E-10 4.0648E-10 4.1993E-10 4.3432E-10 4.4909E-10 4.6366E-10 4.7805E-10 4.9419E-10 5.1085E-10 5.2800E-10 5.5126E-10 5.8283E-10 6.1578E-10 6.3583E-10 6.7697E-10 6.9890E-10 7.2788E-10 7.7189E-10 7.9622E-10 8.4338E-10 8.8905E-10 9.5219E-10 1.0180E-09 1.0874E-09 1.1546E-09 1.2115E-09 1.2769E-09
1.1373E-10 1.1969E-10 1.2524E-10 1.3126E-10 1.3719E-10 1.4358E-10 1.5025E-10 1.5716E-10 1.6379E-10 1.7095E-10 1.7835E-10 1.8602E-10 1.9386E-10 2.0195E-10 2.1022E-10 2.1874E-10 2.2771E-10 2.3657E-10 2.4587E-10 2.5544E-10 2.6526E-10 2.7514E-10 2.8548E-10 2.9608E-10 3.0672E-10 3.1778E-10 3.2912E-10 3.4048E-10 3.5226E-10 3.6404E-10 3.7626E-10 3.8866E-10 4.0125E-10 4.1371E-10 4.2781E-10 4.4231E-10 4.5725E-10 4.7139E-10 4.8601E-10 5.0241E-10 5.1995E-10 5.3671E-10 5.5987E-10 5.9179E-10 6.2504E-10 6.4505E-10 6.8619E-10 7.0769E-10 7.4363E-10 7.8081E-10 8.0476E-10 8.5891E-10 8.9731E-10 9.6593E-10 1.0386E-09 1.1023E-09 1.1685E-09
1.0769E-10 1.1386E-10 1.1978E-10 1.2529E-10 1.3126E-10 1.3738E-10 1.4347E-10 1.5007E-10 1.5692E-10 1.6348E-10 1.7055E-10 1.7814E-10 1.8544E-10 1.9317E-10 2.0114E-10 2.0928E-10 2.1767E-10 2.2630E-10 2.3518E-10 2.4412E-10 2.5369E-10 2.6313E-10 2.7299E-10 2.8310E-10 2.9345E-10 3.0383E-10 3.1463E-10 3.2547E-10 3.3672E-10 3.4817E-10 3.5960E-10 3.7123E-10 3.8326E-10 3.9553E-10 4.0793E-10 4.2048E-10 4.3539E-10 4.5006E-10 4.6463E-10 4.7903E-10 4.9390E-10 5.1054E-10 5.2826E-10 5.4517E-10 5.6184E-10 6.0049E-10 6.3367E-10 6.5333E-10 6.9432E-10 7.1580E-10 7.4451E-10 7.8871E-10 8.1245E-10 8.6635E-10 9.0449E-10 9.7313E-10 1.0451E-09
1.0099E-10 1.0814E-10 1.1389E-10 1.1976E-10 1.2522E-10 1.3114E-10 1.3720E-10 1.4323E-10 1.5003E-10 1.5653E-10 1.6301E-10 1.7000E-10 1.7749E-10 1.8468E-10 1.9229E-10 2.0014E-10 2.0815E-10 2.1639E-10 2.2486E-10 2.3358E-10 2.4233E-10 2.5170E-10 2.6093E-10 2.7057E-10 2.8024E-10 2.9035E-10 3.0067E-10 3.1099E-10 3.2151E-10 3.3244E-10 3.4355E-10 3.5483E-10 3.6589E-10 3.7758E-10 3.8961E-10 4.0196E-10 4.1432E-10 4.2705E-10 4.4219E-10 4.5776E-10 4.7198E-10 4.8665E-10 5.0170E-10 5.1716E-10 5.3696E-10 5.5335E-10 5.7005E-10 6.0797E-10 6.4141E-10 6.6109E-10 7.0198E-10 7.2336E-10 7.4460E-10 7.9602E-10 8.1941E-10 8.7283E-10 8.9871E-10
9.4568E-11 1.0137E-10 1.0811E-10 1.1380E-10 1.1964E-10 1.2504E-10 1.3090E-10 1.3690E-10 1.4286E-10 1.4931E-10 1.5600E-10 1.6240E-10 1.6953E-10 1.7667E-10 1.8375E-10 1.9124E-10 1.9896E-10 2.0681E-10 2.1490E-10 2.2321E-10 2.3156E-10 2.4031E-10 2.4929E-10 2.5850E-10 2.6772E-10 2.7733E-10 2.8698E-10 2.9703E-10 3.0726E-10 3.1747E-10 3.2786E-10 3.3863E-10 3.4955E-10 3.6048E-10 3.7153E-10 3.8352E-10 3.9569E-10 4.0804E-10 4.2061E-10 4.3361E-10 4.4964E-10 4.6488E-10 4.7930E-10 4.9413E-10 5.0933E-10 5.2492E-10 5.4475E-10 5.6112E-10 5.7784E-10 6.0151E-10 6.3487E-10 6.6849E-10 7.0875E-10 7.3029E-10 7.5149E-10 8.0214E-10 8.2539E-10
8.8923E-11 9.5011E-11 1.0154E-10 1.0797E-10 1.1362E-10 1.1914E-10 1.2474E-10 1.3054E-10 1.3647E-10 1.4235E-10 1.4873E-10 1.5533E-10 1.6163E-10 1.6866E-10 1.7541E-10 1.8264E-10 1.9000E-10 1.9758E-10 2.0529E-10 2.1301E-10 2.2135E-10 2.2951E-10 2.3807E-10 2.4684E-10 2.5563E-10 2.6481E-10 2.7399E-10 2.8356E-10 2.9312E-10 3.0305E-10 3.1314E-10 3.2299E-10 3.3342E-10 3.4402E-10 3.5493E-10 3.6575E-10 3.7693E-10 3.8911E-10 4.0171E-10 4.1412E-10 4.2696E-10 4.4024E-10 4.5650E-10 4.7190E-10 4.8649E-10 5.0146E-10 5.1675E-10 5.3234E-10 5.5154E-10 5.6855E-10 5.9170E-10 6.0916E-10 6.4205E-10 6.7541E-10 6.9489E-10 7.3669E-10 7.5761E-10
8.3540E-11 8.9063E-11 9.4961E-11 1.0135E-10 1.0774E-10 1.1333E-10 1.1880E-10 1.2433E-10 1.3006E-10 1.3592E-10 1.4172E-10 1.4801E-10 1.5452E-10 1.6071E-10 1.6738E-10 1.7427E-10 1.8137E-10 1.8840E-10 1.9602E-10 2.0339E-10 2.1113E-10 2.1909E-10 2.2726E-10 2.3543E-10 2.4396E-10 2.5273E-10 2.6147E-10 2.7059E-10 2.7968E-10 2.8895E-10 2.9858E-10 3.0835E-10 3.1807E-10 3.2777E-10 3.3836E-10 3.4905E-10 3.5989E-10 3.7089E-10 3.8229E-10 3.9495E-10 4.0760E-10 4.2031E-10 4.3339E-10 4.4684E-10 4.6326E-10 4.7883E-10 4.9352E-10 5.0851E-10 5.2385E-10 5.3946E-10 5.5668E-10 5.7534E-10 5.9859E-10 6.2906E-10 6.5448E-10 6.8141E-10 7.0777E-10
7.8417E-11 8.3573E-11 8.8873E-11 9.4729E-11 1.0107E-10 1.0741E-10 1.1294E-10 1.1835E-10 1.2381E-10 1.2921E-10 1.3500E-10 1.4096E-10 1.4716E-10 1.5356E-10 1.5965E-10 1.6621E-10 1.7297E-10 1.7993E-10 1.8682E-10 1.9428E-10 2.0149E-10 2.0906E-10 2.1683E-10 2.2480E-10 2.3276E-10 2.4108E-10 2.4941E-10 2.5811E-10 2.6677E-10 2.7578E-10 2.8454E-10 2.9386E-10 3.0331E-10 3.1292E-10 3.2240E-10 3.3238E-10 3.4289E-10 3.5396E-10 3.6483E-10 3.7609E-10 3.8776E-10 4.0071E-10 4.1362E-10 4.2650E-10 4.3978E-10 4.5341E-10 4.6737E-10 4.8553E-10 5.0028E-10 5.1531E-10 5.3057E-10 5.4730E-10 5.6347E-10 5.8762E-10 6.1099E-10 6.4176E-10 6.6666E-10
