Assets/Resources/2015_m01_d03_1000(utc+0800)_l00_csi_1hr_conc.grd
DSAA
         159         159
     -79.000      79.000
     -79.000      79.000
  0.1721E-10  0.1820E-05
[rows 100 to 124 of 159, columns 57 to 113 of 159]
1.5174E-09 1.5691E-09 1.6262E-09 1.7054E-09 1.7831E-09 1.8541E-09 1.9403E-09 2.0308E-09 2.1220E-09 2.2214E-09 2.3215E-09 2.4266E-09 2.5381E-09 2.6563E-09 2.7813E-09 2.9282E-09 3.1849E-09 3.5047E-09 3.8429E-09 4.2562E-09 4.7443E-09 5.3029E-09 5.9822E-09 6.8102E-09 7.8497E-09 9.3218E-09 1.1108E-08 1.3640E-08 1.6805E-08 2.0649E-08 2.5235E-08 3.0596E-08 3.6613E-08 4.2812E-08 4.8560E-08 5.3510E-08 5.7546E-08 6.0562E-08 6.2531E-08 6.3498E-08 6.3529E-08 6.2748E-08 6.1257E-08 5.9218E-08 5.6797E-08 5.4154E-08 5.1403E-08 4.8635E-08 4.5960E-08 4.3369E-08 4.0925E-08 3.8655E-08 3.6530E-08 3.4521E-08 3.2650E-08 3.0867E-08 2.9169E-08
1.4951E-09 1.5479E-09 1.6143E-09 1.6945E-09 1.7616E-09 1.8325E-09 1.9226E-09 2.0138E-09 2.1051E-09 2.2015E-09 2.3013E-09 2.4057E-09 2.5164E-09 2.6336E-09 2.7572E-09 2.9216E-09 3.1889E-09 3.4939E-09 3.8417E-09 4.2578E-09 4.7402E-09 5.2879E-09 5.9333E-09 6.7275E-09 7.7079E-09 9.0682E-09 1.0691E-08 1.2837E-08 1.5573E-08 1.8858E-08 2.2777E-08 2.7451E-08 3.2756E-08 3.8285E-08 4.3448E-08 4.7956E-08 5.1655E-08 5.4493E-08 5.6465E-08 5.7586E-08 5.7927E-08 5.7550E-08 5.6547E-08 5.5040E-08 5.3166E-08 5.1054E-08 4.8810E-08 4.6505E-08 4.4227E-08 4.1977E-08 3.9805E-08 3.7721E-08 3.5734E-08 3.3816E-08 3.1994E-08 3.0255E-08 2.8576E-08
1.4742E-09 1.5310E-09 1.6040E-09 1.6787E-09 1.7395E-09 1.8186E-09 1.9109E-09 1.9960E-09 2.0872E-09 2.1819E-09 2.2796E-09 2.3833E-09 2.4929E-09 2.6088E-09 2.7309E-09 2.9214E-09 3.1833E-09 3.4805E-09 3.8312E-09 4.2461E-09 4.7160E-09 5.2551E-09 5.8864E-09 6.6321E-09 7.5682E-09 8.8018E-09 1.0272E-08 1.2184E-08 1.4521E-08 1.7394E-08 2.0807E-08 2.4842E-08 2.9544E-08 3.4463E-08 3.9064E-08 4.3135E-08 4.6505E-08 4.9153E-08 5.1077E-08 5.2284E-08 5.2825E-08 5.2752E-08 5.2124E-08 5.1042E-08 4.9609E-08 4.7947E-08 4.6134E-08 4.4215E-08 4.2282E-08 4.0357E-08 3.8450E-08 3.6566E-08 3.4733E-08 3.2933E-08 3.1193E-08 2.9504E-08 2.7871E-08
1.4531E-09 1.5141E-09 1.5878E-09 1.6568E-09 1.7232E-09 1.8044E-09 1.8895E-09 1.9760E-09 2.0670E-09 2.1597E-09 2.2566E-09 2.3592E-09 2.4677E-09 2.5821E-09 2.7024E-09 2.8942E-09 3.1818E-09 3.4766E-09 3.8184E-09 4.2157E-09 4.6758E-09 5.2024E-09 5.8186E-09 6.5383E-09 7.3805E-09 8.5302E-09 9.8896E-09 1.1536E-08 1.3630E-08 1.6078E-08 1.9032E-08 2.2553E-08 2.6682E-08 3.1042E-08 3.5186E-08 3.8844E-08 4.1934E-08 4.4406E-08 4.6257E-08 4.7508E-08 4.8191E-08 4.8345E-08 4.8007E-08 4.7257E-08 4.6184E-08 4.4894E-08 4.3426E-08 4.1846E-08 4.0206E-08 3.8553E-08 3.6893E-08 3.5216E-08 3.3545E-08 3.1872E-08 3.0239E-08 2.8622E-08 2.7054E-08
1.4333E-09 1.4973E-09 1.5716E-09 1.6344E-09 1.7081E-09 1.7913E-09 1.8705E-09 1.9566E-09 2.0458E-09 2.1364E-09 2.2323E-09 2.3337E-09 2.4408E-09 2.5535E-09 2.6848E-09 2.8903E-09 3.1663E-09 3.4584E-09 3.7926E-09 4.1798E-09 4.6210E-09 5.1326E-09 5.7256E-09 6.4135E-09 7.2168E-09 8.2309E-09 9.5036E-09 1.0982E-08 1.2775E-08 1.4973E-08 1.7524E-08 2.0585E-08 2.4197E-08 2.8078E-08 3.1796E-08 3.5090E-08 3.7911E-08 4.0199E-08 4.1960E-08 4.3210E-08 4.3980E-08 4.4294E-08 4.4180E-08 4.3696E-08 4.2917E-08 4.1914E-08 4.0736E-08 3.9435E-08 3.8055E-08 3.6628E-08 3.5181E-08 3.3702E-08 3.2192E-08 3.0654E-08 2.9135E-08 2.7616E-08 2.6128E-08
1.4163E-09 1.4864E-09 1.5552E-09 1.6117E-09 1.6928E-09 1.7719E-09 1.8508E-09 1.9351E-09 2.0223E-09 2.1119E-09 2.2067E-09 2.3068E-09 2.4122E-09 2.5231E-09 2.6777E-09 2.8900E-09 3.1463E-09 3.4279E-09 3.7596E-09 4.1313E-09 4.5600E-09 5.0525E-09 5.6206E-09 6.2767E-09 7.0365E-09 7.9532E-09 9.0718E-09 1.0438E-08 1.2041E-08 1.3926E-08 1.6164E-08 1.8805E-08 2.1940E-08 2.5388E-08 2.8695E-08 3.1693E-08 3.4270E-08 3.6395E-08 3.8068E-08 3.9303E-08 4.0126E-08 4.0552E-08 4.0609E-08 4.0338E-08 3.9789E-08 3.9023E-08 3.8089E-08 3.7026E-08 3.5861E-08 3.4633E-08 3.3370E-08 3.2061E-08 3.0707E-08 2.9315E-08 2.7907E-08 2.6495E-08 2.5099E-08
1.3993E-09 1.4726E-09 1.5328E-09 1.5945E-09 1.6701E-09 1.7506E-09 1.8291E-09 1.9129E-09 1.9979E-09 2.0864E-09 2.1799E-09 2.2785E-09 2.3822E-09 2.4911E-09 2.6579E-09 2.8760E-09 3.1177E-09 3.3909E-09 3.7166E-09 4.0719E-09 4.4838E-09 4.9536E-09 5.5028E-09 6.1218E-09 6.8310E-09 7.6747E-09 8.7011E-09 9.8932E-09 1.1321E-08 1.2974E-08 1.4881E-08 1.7134E-08 1.9872E-08 2.2885E-08 2.5851E-08 2.8565E-08 3.0930E-08 3.2909E-08 3.4499E-08 3.5715E-08 3.6571E-08 3.7084E-08 3.7268E-08 3.7153E-08 3.6789E-08 3.6226E-08 3.5499E-08 3.4631E-08 3.3651E-08 3.2603E-08 3.1495E-08 3.0332E-08 2.9127E-08 2.7871E-08 2.6584E-08 2.5281E-08 2.3984E-08
1.3879E-09 1.4560E-09 1.5102E-09 1.5771E-09 1.6558E-09 1.7288E-09 1.8081E-09 1.8898E-09 1.9725E-09 2.0599E-09 2.1519E-09 2.2489E-09 2.3508E-09 2.4692E-09 2.6490E-09 2.8548E-09 3.0915E-09 3.3532E-09 3.6616E-09 4.0057E-09 4.3988E-09 4.8494E-09 5.3627E-09 5.9512E-09 6.6197E-09 7.3817E-09 8.3128E-09 9.3817E-09 1.0634E-08 1.2089E-08 1.3753E-08 1.5680E-08 1.8043E-08 2.0675E-08 2.3306E-08 2.5750E-08 2.7917E-08 2.9757E-08 3.1256E-08 3.2430E-08 3.3291E-08 3.3854E-08 3.4131E-08 3.4143E-08 3.3928E-08 3.3528E-08 3.2966E-08 3.2265E-08 3.1453E-08 3.0558E-08 2.9588E-08 2.8565E-08 2.7486E-08 2.6353E-08 2.5191E-08 2.4000E-08 2.2805E-08
1.3710E-09 1.4352E-09 1.4872E-09 1.5610E-09 1.6355E-09 1.7080E-09 1.7852E-09 1.8648E-09 1.9463E-09 2.0323E-09 2.1229E-09 2.2181E-09 2.3180E-09 2.4461E-09 2.6339E-09 2.8302E-09 3.0568E-09 3.3118E-09 3.6071E-09 3.9395E-09 4.3160E-09 4.7425E-09 5.2211E-09 5.7771E-09 6.3923E-09 7.0979E-09 7.9361E-09 8.8948E-09 9.9981E-09 1.1280E-08 1.2715E-08 1.4363E-08 1.6364E-08 1.8658E-08 2.0985E-08 2.3179E-08 2.5155E-08 2.6859E-08 2.8270E-08 2.9397E-08 3.0254E-08 3.0849E-08 3.1195E-08 3.1307E-08 3.1209E-08 3.0937E-08 3.0510E-08 2.9953E-08 2.9277E-08 2.8515E-08 2.7679E-08 2.6781E-08 2.5818E-08 2.4798E-08 2.3753E-08 2.2678E-08 2.1586E-08
1.3571E-09 1.4128E-09 1.4696E-09 1.5447E-09 1.6135E-09 1.6853E-09 1.7618E-09 1.8391E-09 1.9194E-09 2.0039E-09 2.0929E-09 2.1863E-09 2.2841E-09 2.4333E-09 2.6174E-09 2.7987E-09 3.0186E-09 3.2627E-09 3.5353E-09 3.8522E-09 4.2131E-09 4.6191E-09 5.0763E-09 5.5823E-09 6.1682E-09 6.8178E-09 7.5655E-09 8.4301E-09 9.4052E-09 1.0508E-08 1.1737E-08 1.3158E-08 1.4862E-08 1.6817E-08 1.8849E-08 2.0805E-08 2.2597E-08 2.4169E-08 2.5500E-08 2.6584E-08 2.7431E-08 2.8051E-08 2.8447E-08 2.8629E-08 2.8621E-08 2.8457E-08 2.8147E-08 2.7705E-08 2.7150E-08 2.6510E-08 2.5791E-08 2.5002E-08 2.4148E-08 2.3244E-08 2.2304E-08 2.1337E-08 2.0345E-08
1.3404E-09 1.3902E-09 1.4518E-09 1.5230E-09 1.5898E-09 1.6622E-09 1.7378E-09 1.8127E-09 1.8916E-09 1.9747E-09 2.0619E-09 2.1534E-09 2.2491E-09 2.4196E-09 2.5884E-09 2.7715E-09 2.9745E-09 3.2158E-09 3.4721E-09 3.7724E-09 4.1152E-09 4.4981E-09 4.9208E-09 5.4013E-09 5.9364E-09 6.5329E-09 7.1980E-09 7.9652E-09 8.8370E-09 9.8124E-09 1.0889E-08 1.2099E-08 1.3550E-08 1.5226E-08 1.6980E-08 1.8704E-08 2.0311E-08 2.1746E-08 2.2982E-08 2.4011E-08 2.4832E-08 2.5456E-08 2.5884E-08 2.6120E-08 2.6185E-08 2.6102E-08 2.5885E-08 2.5546E-08 2.5098E-08 2.4559E-08 2.3940E-08 2.3253E-08 2.2502E-08 2.1705E-08 2.0868E-08 1.9994E-08 1.9107E-08
1.3198E-09 1.3675E-09 1.4353E-09 1.5023E-09 1.5684E-09 1.6386E-09 1.7120E-09 1.7857E-09 1.8632E-09 1.9447E-09 2.0301E-09 2.1196E-09 2.2237E-09 2.3950E-09 2.5629E-09 2.7390E-09 2.9342E-09 3.1647E-09 3.4122E-09 3.6874E-09 4.0106E-09 4.3698E-09 4.7724E-09 5.2147E-09 5.7038E-09 6.2535E-09 6.8586E-09 7.5402E-09 8.3109E-09 9.1565E-09 1.0100E-08 1.1132E-08 1.2382E-08 1.3800E-08 1.5314E-08 1.6821E-08 1.8253E-08 1.9553E-08 2.0692E-08 2.1657E-08 2.2446E-08 2.3061E-08 2.3504E-08 2.3780E-08 2.3899E-08 2.3886E-08 2.3747E-08 2.3488E-08 2.3126E-08 2.2675E-08 2.2148E-08 2.1554E-08 2.0903E-08 2.0202E-08 1.9455E-08 1.8678E-08 1.7891E-08
1.2978E-09 1.3447E-09 1.4187E-09 1.4801E-09 1.5454E-09 1.6147E-09 1.6858E-09 1.7581E-09 1.8342E-09 1.9140E-09 1.9976E-09 2.0850E-09 2.1975E-09 2.3743E-09 2.5356E-09 2.7044E-09 2.8905E-09 3.1028E-09 3.3357E-09 3.5981E-09 3.9041E-09 4.2418E-09 4.6216E-09 5.0289E-09 5.4859E-09 5.9831E-09 6.5323E-09 7.1340E-09 7.8248E-09 8.5649E-09 9.3782E-09 1.0269E-08 1.1330E-08 1.2545E-08 1.3838E-08 1.5145E-08 1.6405E-08 1.7572E-08 1.8610E-08 1.9507E-08 2.0255E-08 2.0856E-08 2.1307E-08 2.1607E-08 2.1767E-08 2.1805E-08 2.1727E-08 2.1537E-08 2.1251E-08 2.0877E-08 2.0435E-08 1.9928E-08 1.9363E-08 1.8746E-08 1.8089E-08 1.7407E-08 1.6715E-08
1.2757E-09 1.3270E-09 1.3970E-09 1.4577E-09 1.5221E-09 1.5904E-09 1.6591E-09 1.7301E-09 1.8046E-09 1.8827E-09 1.9644E-09 2.0497E-09 2.1807E-09 2.3426E-09 2.5018E-09 2.6678E-09 2.8502E-09 3.0449E-09 3.2675E-09 3.5207E-09 3.7912E-09 4.1156E-09 4.4616E-09 4.8501E-09 5.2656E-09 5.7225E-09 6.2233E-09 6.7644E-09 7.3585E-09 8.0233E-09 8.7331E-09 9.4910E-09 1.0381E-08 1.1426E-08 1.2532E-08 1.3663E-08 1.4768E-08 1.5805E-08 1.6743E-08 1.7564E-08 1.8264E-08 1.8839E-08 1.9285E-08 1.9599E-08 1.9788E-08 1.9866E-08 1.9838E-08 1.9707E-08 1.9487E-08 1.9184E-08 1.8814E-08 1.8381E-08 1.7892E-08 1.7355E-08 1.6785E-08 1.6199E-08 1.5590E-08
1.2535E-09 1.3092E-09 1.3751E-09 1.4350E-09 1.4985E-09 1.5658E-09 1.6320E-09 1.7016E-09 1.7745E-09 1.8508E-09 1.9306E-09 2.0137E-09 2.1633E-09 2.3098E-09 2.4620E-09 2.6249E-09 2.8033E-09 2.9901E-09 3.1966E-09 3.4272E-09 3.6942E-09 3.9815E-09 4.3129E-09 4.6685E-09 5.0583E-09 5.4756E-09 5.9239E-09 6.4177E-09 6.9437E-09 7.5165E-09 8.1435E-09 8.8108E-09 9.5489E-09 1.0425E-08 1.1374E-08 1.2344E-08 1.3309E-08 1.4228E-08 1.5072E-08 1.5822E-08 1.6469E-08 1.7011E-08 1.7444E-08 1.7763E-08 1.7971E-08 1.8078E-08 1.8091E-08 1.8008E-08 1.7841E-08 1.7598E-08 1.7290E-08 1.6922E-08 1.6503E-08 1.6048E-08 1.5565E-08 1.5051E-08 1.4514E-08
1.2313E-09 1.2927E-09 1.3532E-09 1.4122E-09 1.4747E-09 1.5397E-09 1.6046E-09 1.6727E-09 1.7439E-09 1.8185E-09 1.8963E-09 1.9773E-09 2.1358E-09 2.2759E-09 2.4209E-09 2.5803E-09 2.7545E-09 2.9258E-09 3.1218E-09 3.3461E-09 3.5858E-09 3.8562E-09 4.1592E-09 4.4970E-09 4.8497E-09 5.2380E-09 5.6480E-09 6.0885E-09 6.5627E-09 7.0671E-09 7.6086E-09 8.1850E-09 8.8147E-09 9.5564E-09 1.0365E-08 1.1195E-08 1.2024E-08 1.2827E-08 1.3578E-08 1.4256E-08 1.4850E-08 1.5358E-08 1.5773E-08 1.6089E-08 1.6308E-08 1.6437E-08 1.6480E-08 1.6436E-08 1.6316E-08 1.6124E-08 1.5869E-08 1.5563E-08 1.5216E-08 1.4833E-08 1.4414E-08 1.3968E-08 1.3511E-08
1.2091E-09 1.2762E-09 1.3311E-09 1.3892E-09 1.4507E-09 1.5134E-09 1.5769E-09 1.6434E-09 1.7130E-09 1.7857E-09 1.8615E-09 1.9497E-09 2.1077E-09 2.2450E-09 2.3870E-09 2.5342E-09 2.7040E-09 2.8697E-09 3.0576E-09 3.2605E-09 3.4877E-09 3.7468E-09 4.0185E-09 4.3246E-09 4.6550E-09 5.0021E-09 5.3852E-09 5.7838E-09 6.2075E-09 6.6556E-09 7.1333E-09 7.6353E-09 8.1759E-09 8.7858E-09 9.4622E-09 1.0186E-08 1.0900E-08 1.1599E-08 1.2260E-08 1.2866E-08 1.3405E-08 1.3874E-08 1.4265E-08 1.4574E-08 1.4799E-08 1.4943E-08 1.5011E-08 1.4998E-08 1.4914E-08 1.4765E-08 1.4564E-08 1.4316E-08 1.4025E-08 1.3697E-08 1.3342E-08 1.2965E-08 1.2577E-08
1.1917E-09 1.2549E-09 1.3100E-09 1.3672E-09 1.4276E-09 1.4868E-09 1.5489E-09 1.6139E-09 1.6818E-09 1.7527E-09 1.8265E-09 1.9307E-09 2.0698E-09 2.2090E-09 2.3519E-09 2.4991E-09 2.6521E-09 2.8121E-09 2.9832E-09 3.1772E-09 3.3961E-09 3.6240E-09 3.8845E-09 4.1545E-09 4.4599E-09 4.7886E-09 5.1289E-09 5.4949E-09 5.8802E-09 6.2833E-09 6.7008E-09 7.1410E-09 7.5999E-09 8.1216E-09 8.6930E-09 9.2976E-09 9.9205E-09 1.0523E-08 1.1102E-08 1.1639E-08 1.2125E-08 1.2554E-08 1.2920E-08 1.3216E-08 1.3439E-08 1.3591E-08 1.3675E-08 1.3687E-08 1.3637E-08 1.3530E-08 1.3371E-08 1.3168E-08 1.2926E-08 1.2654E-08 1.2355E-08 1.2038E-08 1.1708E-08
1.1744E-09 1.2335E-09 1.2867E-09 1.3428E-09 1.4021E-09 1.4601E-09 1.5207E-09 1.5842E-09 1.6504E-09 1.7194E-09 1.7911E-09 1.9025E-09 2.0441E-09 2.1721E-09 2.3076E-09 2.4548E-09 2.5989E-09 2.7532E-09 2.9179E-09 3.1028E-09 3.2961E-09 3.5184E-09 3.7466E-09 4.0081E-09 4.2793E-09 4.5750E-09 4.8961E-09 5.2255E-09 5.5708E-09 5.9357E-09 6.3138E-09 6.7022E-09 7.1001E-09 7.5340E-09 8.0210E-09 8.5325E-09 9.0605E-09 9.5899E-09 1.0092E-08 1.0565E-08 1.0998E-08 1.1387E-08 1.1724E-08 1.2004E-08 1.2220E-08 1.2374E-08 1.2470E-08 1.2504E-08 1.2483E-08 1.2408E-08 1.2283E-08 1.2122E-08 1.1924E-08 1.1698E-08 1.1452E-08 1.1188E-08 1.0905E-08
1.1582E-09 1.2110E-09 1.2632E-09 1.3183E-09 1.3765E-09 1.4332E-09 1.4924E-09 1.5543E-09 1.6188E-09 1.6859E-09 1.7556E-09 1.8826E-09 2.0093E-09 2.1304E-09 2.2624E-09 2.4055E-09 2.5447E-09 2.6935E-09 2.8517E-09 3.0195E-09 3.2075E-09 3.4058E-09 3.6266E-09 3.8583E-09 4.1174E-09 4.3851E-09 4.6624E-09 4.9742E-09 5.2900E-09 5.6148E-09 5.9531E-09 6.3013E-09 6.6577E-09 7.0178E-09 7.4232E-09 7.8562E-09 8.3086E-09 8.7639E-09 9.2086E-09 9.6225E-09 1.0006E-08 1.0355E-08 1.0662E-08 1.0923E-08 1.1131E-08 1.1287E-08 1.1394E-08 1.1444E-08 1.1442E-08 1.1394E-08 1.1301E-08 1.1172E-08 1.1013E-08 1.0832E-08 1.0628E-08 1.0403E-08 1.0162E-08
1.1421E-09 1.1907E-09 1.2419E-09 1.2960E-09 1.3509E-09 1.4062E-09 1.4640E-09 1.5242E-09 1.5870E-09 1.6523E-09 1.7200E-09 1.8621E-09 1.9700E-09 2.0881E-09 2.2166E-09 2.3514E-09 2.4899E-09 2.6330E-09 2.7849E-09 2.9456E-09 3.1148E-09 3.3072E-09 3.5087E-09 3.7302E-09 3.9545E-09 4.2055E-09 4.4649E-09 4.7301E-09 5.0192E-09 5.3213E-09 5.6276E-09 5.9365E-09 6.2526E-09 6.5751E-09 6.9093E-09 7.2787E-09 7.6595E-09 8.0465E-09 8.4333E-09 8.7989E-09 9.1370E-09 9.4483E-09 9.7279E-09 9.9700E-09 1.0169E-08 1.0323E-08 1.0433E-08 1.0493E-08 1.0509E-08 1.0482E-08 1.0414E-08 1.0318E-08 1.0194E-08 1.0043E-08 9.8709E-09 9.6851E-09 9.4900E-09
1.1217E-09 1.1693E-09 1.2195E-09 1.2725E-09 1.3252E-09 1.3791E-09 1.4354E-09 1.4941E-09 1.5552E-09 1.6186E-09 1.6844E-09 1.8249E-09 1.9303E-09 2.0454E-09 2.1660E-09 2.3010E-09 2.4345E-09 2.5721E-09 2.7179E-09 2.8717E-09 3.0332E-09 3.2093E-09 3.3957E-09 3.5946E-09 3.8117E-09 4.0305E-09 4.2710E-09 4.5218E-09 4.7747E-09 5.0362E-09 5.3171E-09 5.6062E-09 5.8889E-09 6.1736E-09 6.4597E-09 6.7747E-09 7.0989E-09 7.4289E-09 7.7600E-09 8.0853E-09 8.3844E-09 8.6606E-09 8.9123E-09 9.1343E-09 9.3197E-09 9.4664E-09 9.5772E-09 9.6454E-09 9.6743E-09 9.6661E-09 9.6222E-09 9.5489E-09 9.4468E-09 9.3235E-09 9.1864E-09 9.0357E-09 8.8717E-09
1.1012E-09 1.1480E-09 1.1972E-09 1.2490E-09 1.2994E-09 1.3521E-09 1.4069E-09 1.4640E-09 1.5234E-09 1.5849E-09 1.6487E-09 1.7875E-09 1.8860E-09 1.9980E-09 2.1193E-09 2.2449E-09 2.3739E-09 2.5110E-09 2.6507E-09 2.7977E-09 2.9520E-09 3.1130E-09 3.2894E-09 3.4715E-09 3.6654E-09 3.8778E-09 4.0893E-09 4.3127E-09 4.5541E-09 4.7952E-09 5.0328E-09 5.2849E-09 5.5499E-09 5.8083E-09 6.0641E-09 6.3185E-09 6.6014E-09 6.8881E-09 7.1706E-09 7.4514E-09 7.7241E-09 7.9694E-09 8.1942E-09 8.3959E-09 8.5689E-09 8.7100E-09 8.8201E-09 8.8926E-09 8.9324E-09 8.9380E-09 8.9072E-09 8.8507E-09 8.7722E-09 8.6772E-09 8.5665E-09 8.4410E-09 8.3033E-09
1.0798E-09 1.1256E-09 1.1738E-09 1.2246E-09 1.2737E-09 1.3250E-09 1.3784E-09 1.4339E-09 1.4916E-09 1.5513E-09 1.6364E-09 1.7319E-09 1.8532E-09 1.9619E-09 2.0628E-09 2.1898E-09 2.3181E-09 2.4439E-09 2.5836E-09 2.7242E-09 2.8713E-09 3.0245E-09 3.1835E-09 3.3572E-09 3.5354E-09 3.7242E-09 3.9268E-09 4.1313E-09 4.3400E-09 4.5609E-09 4.7897E-09 5.0122E-09 5.2352E-09 5.4663E-09 5.7023E-09 5.9295E-09 6.1649E-09 6.4113E-09 6.6569E-09 6.8993E-09 7.1296E-09 7.3499E-09 7.5495E-09 7.7302E-09 7.8868E-09 8.0166E-09 8.1209E-09 8.1991E-09 8.2453E-09 8.2605E-09 8.2450E-09 8.2102E-09 8.1539E-09 8.0792E-09 7.9908E-09 7.8884E-09 7.7728E-09
1.0584E-09 1.1033E-09 1.1505E-09 1.2002E-09 1.2481E-09 1.2980E-09 1.3499E-09 1.4039E-09 1.4599E-09 1.5179E-09 1.5934E-09 1.6946E-09 1.8026E-09 1.9054E-09 2.0195E-09 2.1326E-09 2.2513E-09 2.3831E-09 2.5101E-09 2.6511E-09 2.7913E-09 2.9372E-09 3.0883E-09 3.2441E-09 3.4127E-09 3.5878E-09 3.7666E-09 3.9578E-09 4.1550E-09 4.3502E-09 4.5492E-09 4.7580E-09 4.9681E-09 5.1709E-09 5.3707E-09 5.5737E-09 5.7759E-09 5.9884E-09 6.1990E-09 6.4086E-09 6.6150E-09 6.8099E-09 6.9923E-09 7.1557E-09 7.2999E-09 7.4228E-09 7.5221E-09 7.5997E-09 7.6493E-09 7.6730E-09 7.6729E-09 7.6509E-09 7.6087E-09 7.5487E-09 7.4754E-09 7.3904E-09 7.2949E-09
