Assets/Resources/2015_m01_d22_2200(utc+0800)_l00_csi_1hr_conc.grd
DSAA
         159         159
     -79.000      79.000
     -79.000      79.000
  0.0000E+00  0.3940E-04
[rows 0 to 24 of 159, columns 57 to 113 of 159]
1.2978E-08 1.2775E-08 1.2558E-08 1.2328E-08 1.2089E-08 1.1848E-08 1.1599E-08 1.1352E-08 1.1105E-08 1.0859E-08 1.0618E-08 1.0377E-08 1.0142E-08 9.9096E-09 9.6822E-09 9.4547E-09 9.2131E-09 8.9695E-09 8.7287E-09 8.4921E-09 8.2616E-09 8.0373E-09 7.8228E-09 7.6134E-09 7.4154E-09 7.2246E-09 7.0433E-09 6.8655E-09 6.6957E-09 6.5296E-09 6.3683E-09 6.2118E-09 6.0584E-09 5.9106E-09 5.7655E-09 5.6278E-09 5.4915E-09 5.3626E-09 5.2375E-09 5.1152E-09 4.9965E-09 4.8802E-09 4.7665E-09 4.6546E-09 4.5430E-09 4.4199E-09 4.2968E-09 4.1748E-09 4.0655E-09 3.9450E-09 3.8225E-09 3.7159E-09 3.6117E-09 3.5101E-09 3.4117E-09 3.3167E-09 3.2247E-09
1.3316E-08 1.3103E-08 1.2873E-08 1.2626E-08 1.2374E-08 1.2117E-08 1.1857E-08 1.1598E-08 1.1338E-08 1.1081E-08 1.0828E-08 1.0578E-08 1.0334E-08 1.0091E-08 9.8557E-09 9.6228E-09 9.3769E-09 9.1265E-09 8.8769E-09 8.6343E-09 8.3952E-09 8.1642E-09 7.9424E-09 7.7264E-09 7.5222E-09 7.3245E-09 7.1387E-09 6.9557E-09 6.7811E-09 6.6103E-09 6.4451E-09 6.2843E-09 6.1278E-09 5.9758E-09 5.8276E-09 5.6855E-09 5.5480E-09 5.4159E-09 5.2870E-09 5.1628E-09 5.0415E-09 4.9234E-09 4.8072E-09 4.6920E-09 4.5807E-09 4.4688E-09 4.3442E-09 4.2211E-09 4.0963E-09 3.9737E-09 3.8643E-09 3.7426E-09 3.6370E-09 3.5342E-09 3.4344E-09 3.3377E-09 3.2445E-09
1.3652E-08 1.3430E-08 1.3183E-08 1.2923E-08 1.2660E-08 1.2388E-08 1.2116E-08 1.1845E-08 1.1572E-08 1.1306E-08 1.1041E-08 1.0781E-08 1.0526E-08 1.0275E-08 1.0032E-08 9.7898E-09 9.5441E-09 9.2849E-09 9.0287E-09 8.7799E-09 8.5324E-09 8.2948E-09 8.0649E-09 7.8429E-09 7.6314E-09 7.4283E-09 7.2357E-09 7.0482E-09 6.8682E-09 6.6930E-09 6.5238E-09 6.3584E-09 6.1987E-09 6.0421E-09 5.8911E-09 5.7435E-09 5.6029E-09 5.4668E-09 5.3365E-09 5.2096E-09 5.0842E-09 4.9640E-09 4.8465E-09 4.7283E-09 4.6148E-09 4.5024E-09 4.3917E-09 4.2649E-09 4.1406E-09 4.0156E-09 3.8905E-09 3.7816E-09 3.6610E-09 3.5569E-09 3.4558E-09 3.3579E-09 3.2630E-09
1.3975E-08 1.3744E-08 1.3481E-08 1.3209E-08 1.2931E-08 1.2646E-08 1.2363E-08 1.2079E-08 1.1797E-08 1.1520E-08 1.1243E-08 1.0975E-08 1.0709E-08 1.0450E-08 1.0197E-08 9.9478E-09 9.6979E-09 9.4347E-09 9.1721E-09 8.9153E-09 8.6622E-09 8.4184E-09 8.1804E-09 7.9533E-09 7.7341E-09 7.5256E-09 7.3261E-09 7.1347E-09 6.9487E-09 6.7700E-09 6.5962E-09 6.4272E-09 6.2638E-09 6.1035E-09 5.9497E-09 5.7986E-09 5.6556E-09 5.5146E-09 5.3818E-09 5.2532E-09 5.1271E-09 5.0039E-09 4.8825E-09 4.7642E-09 4.6481E-09 4.5324E-09 4.4224E-09 4.2941E-09 4.1827E-09 4.0564E-09 3.9305E-09 3.8052E-09 3.6830E-09 3.5784E-09 3.4756E-09 3.3770E-09 3.2805E-09
1.4287E-08 1.4046E-08 1.3770E-08 1.3487E-08 1.3194E-08 1.2898E-08 1.2605E-08 1.2307E-08 1.2015E-08 1.1726E-08 1.1441E-08 1.1164E-08 1.0888E-08 1.0621E-08 1.0358E-08 1.0102E-08 9.8483E-09 9.5808E-09 9.3125E-09 9.0478E-09 8.7893E-09 8.5375E-09 8.2937E-09 8.0613E-09 7.8345E-09 7.6205E-09 7.4141E-09 7.2188E-09 7.0274E-09 6.8447E-09 6.6665E-09 6.4938E-09 6.3264E-09 6.1628E-09 6.0053E-09 5.8511E-09 5.7047E-09 5.5615E-09 5.4254E-09 5.2936E-09 5.1656E-09 5.0415E-09 4.9187E-09 4.7972E-09 4.6789E-09 4.5629E-09 4.4491E-09 4.3361E-09 4.2094E-09 4.0955E-09 3.9697E-09 3.8422E-09 3.7176E-09 3.5978E-09 3.4946E-09 3.3941E-09 3.2973E-09
1.4593E-08 1.4337E-08 1.4055E-08 1.3760E-08 1.3454E-08 1.3149E-08 1.2842E-08 1.2535E-08 1.2234E-08 1.1934E-08 1.1640E-08 1.1352E-08 1.1069E-08 1.0794E-08 1.0522E-08 1.0260E-08 9.9998E-09 9.7304E-09 9.4560E-09 9.1836E-09 8.9199E-09 8.6603E-09 8.4106E-09 8.1708E-09 7.9382E-09 7.7181E-09 7.5055E-09 7.3054E-09 7.1089E-09 6.9216E-09 6.7386E-09 6.5620E-09 6.3903E-09 6.2237E-09 6.0619E-09 5.9048E-09 5.7534E-09 5.6074E-09 5.4678E-09 5.3336E-09 5.2027E-09 5.0749E-09 4.9512E-09 4.8295E-09 4.7079E-09 4.5906E-09 4.4753E-09 4.3609E-09 4.2475E-09 4.1193E-09 3.9914E-09 3.8632E-09 3.7520E-09 3.6291E-09 3.5118E-09 3.4102E-09 3.3123E-09
1.4880E-08 1.4609E-08 1.4323E-08 1.4014E-08 1.3699E-08 1.3384E-08 1.3065E-08 1.2750E-08 1.2439E-08 1.2129E-08 1.1827E-08 1.1529E-08 1.1238E-08 1.0954E-08 1.0675E-08 1.0405E-08 1.0138E-08 9.8691E-09 9.5878E-09 9.3104E-09 9.0414E-09 8.7750E-09 8.5196E-09 8.2725E-09 8.0349E-09 7.8079E-09 7.5906E-09 7.3840E-09 7.1839E-09 6.9912E-09 6.8046E-09 6.6243E-09 6.4486E-09 6.2793E-09 6.1132E-09 5.9538E-09 5.7984E-09 5.6506E-09 5.5064E-09 5.3692E-09 5.2380E-09 5.1083E-09 4.9818E-09 4.8583E-09 4.7358E-09 4.6173E-09 4.4981E-09 4.3848E-09 4.2694E-09 4.1553E-09 4.0272E-09 3.8974E-09 3.7705E-09 3.6461E-09 3.5267E-09 3.4250E-09 3.3259E-09
1.5150E-08 1.4871E-08 1.4581E-08 1.4259E-08 1.3936E-08 1.3610E-08 1.3282E-08 1.2959E-08 1.2637E-08 1.2320E-08 1.2010E-08 1.1703E-08 1.1406E-08 1.1112E-08 1.0827E-08 1.0548E-08 1.0275E-08 1.0003E-08 9.7192E-09 9.4368E-09 9.1605E-09 8.8895E-09 8.6279E-09 8.3739E-09 8.1315E-09 7.8969E-09 7.6742E-09 7.4605E-09 7.2564E-09 7.0580E-09 6.8682E-09 6.6836E-09 6.5045E-09 6.3315E-09 6.1622E-09 5.9999E-09 5.8408E-09 5.6905E-09 5.5431E-09 5.4039E-09 5.2692E-09 5.1380E-09 5.0116E-09 4.8850E-09 4.7601E-09 4.6403E-09 4.5207E-09 4.4056E-09 4.2896E-09 4.1755E-09 4.0447E-09 3.9315E-09 3.8019E-09 3.6761E-09 3.5544E-09 3.4376E-09 3.3382E-09
1.5397E-08 1.5117E-08 1.4818E-08 1.4492E-08 1.4161E-08 1.3824E-08 1.3489E-08 1.3159E-08 1.2827E-08 1.2504E-08 1.2185E-08 1.1871E-08 1.1566E-08 1.1265E-08 1.0974E-08 1.0687E-08 1.0409E-08 1.0134E-08 9.8472E-09 9.5600E-09 9.2768E-09 9.0014E-09 8.7327E-09 8.4734E-09 8.2259E-09 7.9850E-09 7.7570E-09 7.5369E-09 7.3289E-09 7.1254E-09 6.9313E-09 6.7424E-09 6.5598E-09 6.3828E-09 6.2105E-09 6.0445E-09 5.8826E-09 5.7279E-09 5.5775E-09 5.4353E-09 5.2983E-09 5.1654E-09 5.0359E-09 4.9098E-09 4.7840E-09 4.6606E-09 4.5410E-09 4.4237E-09 4.3072E-09 4.1927E-09 4.0765E-09 3.9479E-09 3.8329E-09 3.7049E-09 3.5816E-09 3.4491E-09 3.3486E-09
1.5625E-08 1.5345E-08 1.5036E-08 1.4709E-08 1.4371E-08 1.4027E-08 1.3686E-08 1.3346E-08 1.3009E-08 1.2680E-08 1.2351E-08 1.2033E-08 1.1719E-08 1.1413E-08 1.1115E-08 1.0821E-08 1.0538E-08 1.0258E-08 9.9716E-09 9.6789E-09 9.3899E-09 9.1102E-09 8.8348E-09 8.5703E-09 8.3160E-09 8.0701E-09 7.8365E-09 7.6108E-09 7.3976E-09 7.1891E-09 6.9903E-09 6.7969E-09 6.6109E-09 6.4301E-09 6.2554E-09 6.0854E-09 5.9212E-09 5.7628E-09 5.6111E-09 5.4645E-09 5.3245E-09 5.1899E-09 5.0588E-09 4.9313E-09 4.8052E-09 4.6800E-09 4.5587E-09 4.4395E-09 4.3234E-09 4.2068E-09 4.0917E-09 3.9768E-09 3.8467E-09 3.7333E-09 3.5932E-09 3.4731E-09 3.3577E-09
1.5834E-08 1.5557E-08 1.5240E-08 1.4914E-08 1.4568E-08 1.4219E-08 1.3874E-08 1.3525E-08 1.3184E-08 1.2847E-08 1.2514E-08 1.2191E-08 1.1869E-08 1.1558E-08 1.1253E-08 1.0954E-08 1.0665E-08 1.0379E-08 1.0093E-08 9.7954E-09 9.5024E-09 9.2175E-09 8.9365E-09 8.6664E-09 8.4048E-09 8.1538E-09 7.9134E-09 7.6836E-09 7.4635E-09 7.2515E-09 7.0465E-09 6.8492E-09 6.6590E-09 6.4748E-09 6.2974E-09 6.1237E-09 5.9574E-09 5.7951E-09 5.6413E-09 5.4913E-09 5.3492E-09 5.2119E-09 5.0786E-09 4.9503E-09 4.8232E-09 4.6970E-09 4.5754E-09 4.4539E-09 4.3376E-09 4.2201E-09 4.1046E-09 3.9891E-09 3.8588E-09 3.7450E-09 3.6180E-09 3.4964E-09 3.3791E-09
1.6014E-08 1.5735E-08 1.5419E-08 1.5096E-08 1.4743E-08 1.4391E-08 1.4039E-08 1.3687E-08 1.3342E-08 1.2998E-08 1.2661E-08 1.2332E-08 1.2006E-08 1.1690E-08 1.1378E-08 1.1075E-08 1.0778E-08 1.0488E-08 1.0200E-08 9.9013E-09 9.6047E-09 9.3140E-09 9.0296E-09 8.7542E-09 8.4872E-09 8.2324E-09 7.9853E-09 7.7511E-09 7.5259E-09 7.3102E-09 7.1000E-09 6.8995E-09 6.7047E-09 6.5168E-09 6.3359E-09 6.1595E-09 5.9902E-09 5.8249E-09 5.6687E-09 5.5156E-09 5.3711E-09 5.2320E-09 5.0963E-09 4.9661E-09 4.8382E-09 4.7115E-09 4.5881E-09 4.4670E-09 4.3498E-09 4.2313E-09 4.1157E-09 3.9995E-09 3.8849E-09 3.7548E-09 3.6420E-09 3.5187E-09 3.3855E-09
1.6175E-08 1.5893E-08 1.5584E-08 1.5256E-08 1.4907E-08 1.4555E-08 1.4197E-08 1.3843E-08 1.3494E-08 1.3146E-08 1.2807E-08 1.2471E-08 1.2142E-08 1.1821E-08 1.1504E-08 1.1198E-08 1.0894E-08 1.0601E-08 1.0311E-08 1.0011E-08 9.7102E-09 9.4138E-09 9.1258E-09 8.8442E-09 8.5726E-09 8.3118E-09 8.0585E-09 7.8190E-09 7.5874E-09 7.3688E-09 7.1530E-09 6.9482E-09 6.7490E-09 6.5564E-09 6.3716E-09 6.1928E-09 6.0202E-09 5.8525E-09 5.6923E-09 5.5376E-09 5.3903E-09 5.2487E-09 5.1122E-09 4.9793E-09 4.8500E-09 4.7236E-09 4.5993E-09 4.4771E-09 4.3588E-09 4.2410E-09 4.1243E-09 4.0077E-09 3.8939E-09 3.7628E-09 3.6500E-09 3.5249E-09 3.4053E-09
1.6309E-08 1.6027E-08 1.5726E-08 1.5397E-08 1.5053E-08 1.4698E-08 1.4340E-08 1.3987E-08 1.3633E-08 1.3284E-08 1.2943E-08 1.2602E-08 1.2271E-08 1.1944E-08 1.1625E-08 1.1313E-08 1.1006E-08 1.0709E-08 1.0414E-08 1.0116E-08 9.8108E-09 9.5105E-09 9.2192E-09 8.9319E-09 8.6558E-09 8.3895E-09 8.1306E-09 7.8849E-09 7.6486E-09 7.4238E-09 7.2051E-09 6.9951E-09 6.7916E-09 6.5957E-09 6.4049E-09 6.2235E-09 6.0473E-09 5.8775E-09 5.7135E-09 5.5571E-09 5.4064E-09 5.2628E-09 5.1247E-09 4.9904E-09 4.8602E-09 4.7324E-09 4.6077E-09 4.4861E-09 4.3657E-09 4.2486E-09 4.1311E-09 4.0145E-09 3.8993E-09 3.7846E-09 3.6562E-09 3.5452E-09 3.4237E-09
1.6410E-08 1.6131E-08 1.5840E-08 1.5511E-08 1.5175E-08 1.4819E-08 1.4462E-08 1.4108E-08 1.3752E-08 1.3404E-08 1.3058E-08 1.2716E-08 1.2384E-08 1.2053E-08 1.1731E-08 1.1414E-08 1.1104E-08 1.0801E-08 1.0504E-08 1.0206E-08 9.8988E-09 9.5959E-09 9.3003E-09 9.0096E-09 8.7296E-09 8.4578E-09 8.1964E-09 7.9444E-09 7.7040E-09 7.4738E-09 7.2523E-09 7.0378E-09 6.8309E-09 6.6311E-09 6.4360E-09 6.2511E-09 6.0713E-09 5.8996E-09 5.7322E-09 5.5740E-09 5.4199E-09 5.2744E-09 5.1345E-09 4.9985E-09 4.8679E-09 4.7395E-09 4.6132E-09 4.4913E-09 4.3709E-09 4.2539E-09 4.1358E-09 4.0196E-09 3.9031E-09 3.7886E-09 3.6607E-09 3.5488E-09 3.4415E-09
1.6483E-08 1.6210E-08 1.5924E-08 1.5606E-08 1.5278E-08 1.4924E-08 1.4571E-08 1.4216E-08 1.3863E-08 1.3515E-08 1.3167E-08 1.2825E-08 1.2489E-08 1.2157E-08 1.1834E-08 1.1513E-08 1.1201E-08 1.0893E-08 1.0593E-08 1.0294E-08 9.9867E-09 9.6814E-09 9.3811E-09 9.0874E-09 8.8018E-09 8.5257E-09 8.2615E-09 8.0037E-09 7.7581E-09 7.5220E-09 7.2950E-09 7.0774E-09 6.8680E-09 6.6639E-09 6.4673E-09 6.2757E-09 6.0926E-09 5.9180E-09 5.7484E-09 5.5878E-09 5.4313E-09 5.2834E-09 5.1415E-09 5.0044E-09 4.8725E-09 4.7431E-09 4.6170E-09 4.4932E-09 4.3731E-09 4.2561E-09 4.1379E-09 4.0225E-09 3.9052E-09 3.7912E-09 3.6768E-09 3.5512E-09 3.4422E-09
1.6524E-08 1.6261E-08 1.5981E-08 1.5678E-08 1.5353E-08 1.5011E-08 1.4663E-08 1.4309E-08 1.3959E-08 1.3610E-08 1.3264E-08 1.2924E-08 1.2587E-08 1.2255E-08 1.1929E-08 1.1607E-08 1.1293E-08 1.0981E-08 1.0679E-08 1.0379E-08 1.0072E-08 9.7639E-09 9.4597E-09 9.1636E-09 8.8731E-09 8.5930E-09 8.3238E-09 8.0625E-09 7.8125E-09 7.5700E-09 7.3406E-09 7.1141E-09 6.9016E-09 6.6942E-09 6.4928E-09 6.3008E-09 6.1119E-09 5.9336E-09 5.7621E-09 5.5979E-09 5.4403E-09 5.2900E-09 5.1460E-09 5.0078E-09 4.8739E-09 4.7440E-09 4.6174E-09 4.4929E-09 4.3730E-09 4.2548E-09 4.1381E-09 4.0216E-09 3.9057E-09 3.7913E-09 3.6771E-09 3.5510E-09 3.4425E-09
1.6531E-08 1.6281E-08 1.6011E-08 1.5723E-08 1.5404E-08 1.5074E-08 1.4730E-08 1.4382E-08 1.4038E-08 1.3691E-08 1.3347E-08 1.3009E-08 1.2670E-08 1.2339E-08 1.2010E-08 1.1688E-08 1.1370E-08 1.1057E-08 1.0753E-08 1.0452E-08 1.0148E-08 9.8364E-09 9.5303E-09 9.2321E-09 8.9375E-09 8.6539E-09 8.3796E-09 8.1146E-09 7.8610E-09 7.6148E-09 7.3785E-09 7.1525E-09 6.9322E-09 6.7215E-09 6.5176E-09 6.3202E-09 6.1328E-09 5.9473E-09 5.7728E-09 5.6054E-09 5.4465E-09 5.2932E-09 5.1478E-09 5.0084E-09 4.8729E-09 4.7424E-09 4.6147E-09 4.4893E-09 4.3702E-09 4.2508E-09 4.1352E-09 4.0192E-09 3.9037E-09 3.7887E-09 3.6755E-09 3.5487E-09 3.4403E-09
1.6504E-08 1.6271E-08 1.6013E-08 1.5741E-08 1.5433E-08 1.5119E-08 1.4782E-08 1.4442E-08 1.4101E-08 1.3758E-08 1.3419E-08 1.3080E-08 1.2745E-08 1.2417E-08 1.2087E-08 1.1765E-08 1.1445E-08 1.1132E-08 1.0823E-08 1.0520E-08 1.0217E-08 9.9054E-09 9.5976E-09 9.2960E-09 8.9996E-09 8.7130E-09 8.4343E-09 8.1668E-09 7.9086E-09 7.6611E-09 7.4212E-09 7.1885E-09 6.9660E-09 6.7493E-09 6.5425E-09 6.3421E-09 6.1494E-09 5.9640E-09 5.7837E-09 5.6123E-09 5.4518E-09 5.2956E-09 5.1481E-09 5.0061E-09 4.8694E-09 4.7378E-09 4.6091E-09 4.4831E-09 4.3633E-09 4.2450E-09 4.1301E-09 4.0135E-09 3.8995E-09 3.7849E-09 3.6708E-09 3.5602E-09 3.4359E-09
1.6442E-08 1.6229E-08 1.5988E-08 1.5731E-08 1.5442E-08 1.5138E-08 1.4811E-08 1.4481E-08 1.4145E-08 1.3811E-08 1.3477E-08 1.3142E-08 1.2811E-08 1.2482E-08 1.2154E-08 1.1833E-08 1.1512E-08 1.1198E-08 1.0887E-08 1.0583E-08 1.0280E-08 9.9688E-09 9.6598E-09 9.3552E-09 9.0571E-09 8.7660E-09 8.4841E-09 8.2133E-09 7.9502E-09 7.6988E-09 7.4555E-09 7.2209E-09 6.9921E-09 6.7758E-09 6.5622E-09 6.3595E-09 6.1628E-09 5.9732E-09 5.7922E-09 5.6165E-09 5.4520E-09 5.2944E-09 5.1447E-09 5.0014E-09 4.8631E-09 4.7300E-09 4.6011E-09 4.4748E-09 4.3538E-09 4.2359E-09 4.1210E-09 4.0055E-09 3.8924E-09 3.7786E-09 3.6650E-09 3.5535E-09 3.4298E-09
1.6335E-08 1.6160E-08 1.5938E-08 1.5693E-08 1.5424E-08 1.5132E-08 1.4823E-08 1.4504E-08 1.4178E-08 1.3851E-08 1.3522E-08 1.3192E-08 1.2865E-08 1.2537E-08 1.2213E-08 1.1891E-08 1.1572E-08 1.1259E-08 1.0947E-08 1.0643E-08 1.0339E-08 1.0031E-08 9.7204E-09 9.4137E-09 9.1142E-09 8.8195E-09 8.5342E-09 8.2588E-09 7.9916E-09 7.7364E-09 7.4896E-09 7.2541E-09 7.0216E-09 6.7992E-09 6.5845E-09 6.3760E-09 6.1776E-09 5.9856E-09 5.8005E-09 5.6232E-09 5.4524E-09 5.2923E-09 5.1406E-09 4.9949E-09 4.8552E-09 4.7199E-09 4.5904E-09 4.4636E-09 4.3417E-09 4.2241E-09 4.1084E-09 3.9953E-09 3.8818E-09 3.7695E-09 3.6575E-09 3.5447E-09 3.4216E-09
1.6199E-08 1.6056E-08 1.5856E-08 1.5629E-08 1.5386E-08 1.5110E-08 1.4818E-08 1.4509E-08 1.4193E-08 1.3875E-08 1.3552E-08 1.3229E-08 1.2909E-08 1.2585E-08 1.2265E-08 1.1944E-08 1.1628E-08 1.1313E-08 1.1001E-08 1.0695E-08 1.0391E-08 1.0085E-08 9.7738E-09 9.4668E-09 9.1664E-09 8.8695E-09 8.5822E-09 8.3029E-09 8.0327E-09 7.7727E-09 7.5226E-09 7.2820E-09 7.0493E-09 6.8221E-09 6.6029E-09 6.3929E-09 6.1889E-09 5.9958E-09 5.8069E-09 5.6270E-09 5.4529E-09 5.2863E-09 5.1311E-09 4.9845E-09 4.8441E-09 4.7082E-09 4.5766E-09 4.4492E-09 4.3272E-09 4.2097E-09 4.0937E-09 3.9818E-09 3.8691E-09 3.7576E-09 3.6473E-09 3.5344E-09 3.4257E-09
1.6029E-08 1.5921E-08 1.5749E-08 1.5547E-08 1.5321E-08 1.5062E-08 1.4789E-08 1.4491E-08 1.4191E-08 1.3884E-08 1.3570E-08 1.3257E-08 1.2939E-08 1.2621E-08 1.2305E-08 1.1987E-08 1.1674E-08 1.1359E-08 1.1049E-08 1.0741E-08 1.0438E-08 1.0133E-08 9.8230E-09 9.5161E-09 9.2137E-09 8.9158E-09 8.6257E-09 8.3435E-09 8.0711E-09 7.8069E-09 7.5537E-09 7.3085E-09 7.0730E-09 6.8438E-09 6.6219E-09 6.4074E-09 6.2018E-09 6.0025E-09 5.8116E-09 5.6289E-09 5.4521E-09 5.2845E-09 5.1226E-09 4.9742E-09 4.8314E-09 4.6940E-09 4.5616E-09 4.4323E-09 4.3100E-09 4.1922E-09 4.0767E-09 3.9653E-09 3.8534E-09 3.7439E-09 3.6339E-09 3.5233E-09 3.4130E-09
1.5828E-08 1.5760E-08 1.5615E-08 1.5434E-08 1.5227E-08 1.4991E-08 1.4739E-08 1.4461E-08 1.4173E-08 1.3876E-08 1.3574E-08 1.3269E-08 1.2958E-08 1.2648E-08 1.2335E-08 1.2023E-08 1.1712E-08 1.1400E-08 1.1092E-08 1.0784E-08 1.0481E-08 1.0178E-08 9.8692E-09 9.5622E-09 9.2582E-09 8.9596E-09 8.6665E-09 8.3817E-09 8.1068E-09 7.8391E-09 7.5824E-09 7.3332E-09 7.0950E-09 6.8625E-09 6.6402E-09 6.4214E-09 6.2118E-09 6.0097E-09 5.8139E-09 5.6285E-09 5.4489E-09 5.2783E-09 5.1137E-09 4.9595E-09 4.8160E-09 4.6773E-09 4.5431E-09 4.4140E-09 4.2908E-09 4.1721E-09 4.0572E-09 3.9454E-09 3.8350E-09 3.7266E-09 3.6179E-09 3.5102E-09 3.3981E-09
1.5597E-08 1.5559E-08 1.5451E-08 1.5295E-08 1.5115E-08 1.4905E-08 1.4666E-08 1.4408E-08 1.4135E-08 1.3851E-08 1.3563E-08 1.3266E-08 1.2966E-08 1.2664E-08 1.2357E-08 1.2050E-08 1.1742E-08 1.1434E-08 1.1128E-08 1.0821E-08 1.0519E-08 1.0217E-08 9.9116E-09 9.6042E-09 9.2997E-09 9.0008E-09 8.7052E-09 8.4183E-09 8.1400E-09 7.8692E-09 7.6089E-09 7.3569E-09 7.1155E-09 6.8805E-09 6.6549E-09 6.4343E-09 6.2217E-09 6.0155E-09 5.8173E-09 5.6263E-09 5.4458E-09 5.2716E-09 5.1064E-09 4.9478E-09 4.7999E-09 4.6602E-09 4.5245E-09 4.3941E-09 4.2691E-09 4.1495E-09 4.0352E-09 3.9230E-09 3.8142E-09 3.7062E-09 3.5996E-09 3.4932E-09 3.3824E-09
