Assets/Resources/2015_m01_d28_1900(utc+0800)_l00_csi_1hr_conc.grd
DSAA
         159         159
     -79.000      79.000
     -79.000      79.000
  0.0000E+00  0.4015E-05
[rows 25 to 49 of 159, columns 0 to 56 of 159]
2.8642E-10 3.4881E-10 4.2824E-10 5.1946E-10 6.3243E-10 7.6126E-10 9.0922E-10 1.0718E-09 1.2595E-09 1.4708E-09 1.7104E-09 1.9789E-09 2.2776E-09 2.6073E-09 2.9703E-09 3.3671E-09 3.7943E-09 4.2548E-09 4.7431E-09 5.2588E-09 5.7965E-09 6.3509E-09 6.9197E-09 7.4927E-09 8.0616E-09 8.6221E-09 9.1626E-09 9.6720E-09 1.0144E-08 1.0568E-08 1.0934E-08 1.1235E-08 1.1463E-08 1.1614E-08 1.1682E-08 1.1666E-08 1.1565E-08 1.1384E-08 1.1123E-08 1.0786E-08 1.0384E-08 9.9228E-09 9.4117E-09 8.8560E-09 8.2671E-09 7.6561E-09 7.0299E-09 6.3990E-09 5.7740E-09 5.1631E-09 4.5704E-09 4.0038E-09 3.4734E-09 2.9774E-09 2.5234E-09 2.1125E-09 1.7452E-09
2.5141E-10 3.0714E-10 3.7376E-10 4.5399E-10 5.5287E-10 6.6864E-10 8.0675E-10 9.5692E-10 1.1267E-09 1.3188E-09 1.5381E-09 1.7831E-09 2.0577E-09 2.3623E-09 2.6989E-09 3.0665E-09 3.4658E-09 3.8986E-09 4.3572E-09 4.8463E-09 5.3577E-09 5.8901E-09 6.4380E-09 6.9934E-09 7.5525E-09 8.1064E-09 8.6447E-09 9.1609E-09 9.6463E-09 1.0090E-08 1.0483E-08 1.0817E-08 1.1088E-08 1.1286E-08 1.1407E-08 1.1451E-08 1.1415E-08 1.1297E-08 1.1100E-08 1.0832E-08 1.0495E-08 1.0092E-08 9.6324E-09 9.1253E-09 8.5767E-09 7.9958E-09 7.3944E-09 6.7784E-09 6.1598E-09 5.5437E-09 4.9401E-09 4.3604E-09 3.8062E-09 3.2862E-09 2.8087E-09 2.3644E-09 1.9616E-09
2.1849E-10 2.6865E-10 3.2685E-10 3.9388E-10 4.7977E-10 5.8092E-10 7.0504E-10 8.4499E-10 9.9918E-10 1.1730E-09 1.3708E-09 1.5932E-09 1.8448E-09 2.1227E-09 2.4314E-09 2.7708E-09 3.1419E-09 3.5428E-09 3.9721E-09 4.4342E-09 4.9163E-09 5.4234E-09 5.9487E-09 6.4847E-09 7.0289E-09 7.5730E-09 8.1073E-09 8.6268E-09 9.1223E-09 9.5818E-09 9.9990E-09 1.0368E-08 1.0679E-08 1.0922E-08 1.1100E-08 1.1205E-08 1.1233E-08 1.1183E-08 1.1060E-08 1.0863E-08 1.0590E-08 1.0253E-08 9.8543E-09 9.3992E-09 8.8968E-09 8.3543E-09 7.7798E-09 7.1822E-09 6.5709E-09 5.9552E-09 5.3470E-09 4.7507E-09 4.1769E-09 3.6355E-09 3.1206E-09 2.6431E-09 2.2117E-09
1.8810E-10 2.3237E-10 2.8294E-10 3.4306E-10 4.1484E-10 5.0046E-10 6.0695E-10 7.3093E-10 8.7706E-10 1.0332E-09 1.2111E-09 1.4123E-09 1.6384E-09 1.8907E-09 2.1732E-09 2.4835E-09 2.8235E-09 3.1945E-09 3.5947E-09 4.0240E-09 4.4772E-09 4.9595E-09 5.4569E-09 5.9719E-09 6.4998E-09 7.0291E-09 7.5571E-09 8.0780E-09 8.5771E-09 9.0508E-09 9.4936E-09 9.8919E-09 1.0239E-08 1.0534E-08 1.0767E-08 1.0931E-08 1.1025E-08 1.1050E-08 1.1000E-08 1.0872E-08 1.0674E-08 1.0408E-08 1.0071E-08 9.6762E-09 9.2245E-09 8.7232E-09 8.1811E-09 7.6075E-09 7.0099E-09 6.4007E-09 5.7863E-09 5.1776E-09 4.5872E-09 4.0133E-09 3.4671E-09 2.9599E-09 2.4883E-09
1.6016E-10 1.9782E-10 2.4254E-10 2.9577E-10 3.5749E-10 4.3164E-10 5.2023E-10 6.2456E-10 7.5164E-10 8.9870E-10 1.0603E-09 1.2396E-09 1.4427E-09 1.6708E-09 1.9247E-09 2.2066E-09 2.5176E-09 2.8580E-09 3.2256E-09 3.6248E-09 4.0486E-09 4.4997E-09 4.9718E-09 5.4643E-09 5.9694E-09 6.4848E-09 7.0039E-09 7.5181E-09 8.0218E-09 8.5092E-09 8.9691E-09 9.3949E-09 9.7829E-09 1.0123E-08 1.0407E-08 1.0633E-08 1.0798E-08 1.0892E-08 1.0913E-08 1.0865E-08 1.0745E-08 1.0548E-08 1.0284E-08 9.9525E-09 9.5557E-09 9.1054E-09 8.6042E-09 8.0606E-09 7.4843E-09 6.8841E-09 6.2705E-09 5.6556E-09 5.0419E-09 4.4416E-09 3.8675E-09 3.3185E-09 2.8099E-09
1.2758E-10 1.6578E-10 2.0574E-10 2.5101E-10 3.0516E-10 3.7062E-10 4.4662E-10 5.3336E-10 6.3836E-10 7.6394E-10 9.1286E-10 1.0768E-09 1.2591E-09 1.4618E-09 1.6903E-09 1.9449E-09 2.2257E-09 2.5358E-09 2.8722E-09 3.2402E-09 3.6330E-09 4.0553E-09 4.4977E-09 4.9669E-09 5.4489E-09 5.9453E-09 6.4539E-09 6.9604E-09 7.4645E-09 7.9608E-09 8.4362E-09 8.8890E-09 9.3113E-09 9.6920E-09 1.0030E-08 1.0317E-08 1.0545E-08 1.0709E-08 1.0809E-08 1.0840E-08 1.0794E-08 1.0677E-08 1.0487E-08 1.0223E-08 9.8925E-09 9.4963E-09 9.0399E-09 8.5335E-09 7.9836E-09 7.3993E-09 6.7912E-09 6.1654E-09 5.5343E-09 4.9120E-09 4.3008E-09 3.7175E-09 3.1736E-09
7.9506E-11 1.2725E-10 1.7063E-10 2.1052E-10 2.5778E-10 3.1389E-10 3.8002E-10 4.5654E-10 5.4485E-10 6.4634E-10 7.7041E-10 9.1737E-10 1.0839E-09 1.2666E-09 1.4715E-09 1.6992E-09 1.9520E-09 2.2317E-09 2.5385E-09 2.8754E-09 3.2348E-09 3.6293E-09 4.0435E-09 4.4840E-09 4.9428E-09 5.4230E-09 5.9117E-09 6.4098E-09 6.9147E-09 7.4120E-09 7.9013E-09 8.3779E-09 8.8282E-09 9.2493E-09 9.6370E-09 9.9774E-09 1.0269E-08 1.0506E-08 1.0682E-08 1.0787E-08 1.0825E-08 1.0789E-08 1.0675E-08 1.0488E-08 1.0227E-08 9.8903E-09 9.4910E-09 9.0299E-09 8.5131E-09 7.9509E-09 7.3512E-09 6.7243E-09 6.0831E-09 5.4348E-09 4.7959E-09 4.1800E-09 3.5878E-09
4.7188E-11 7.4766E-11 1.1895E-10 1.7067E-10 2.1452E-10 2.6215E-10 3.2001E-10 3.8628E-10 4.6272E-10 5.5081E-10 6.5379E-10 7.7189E-10 9.1524E-10 1.0805E-09 1.2642E-09 1.4682E-09 1.6973E-09 1.9498E-09 2.2252E-09 2.5323E-09 2.8638E-09 3.2256E-09 3.6091E-09 4.0264E-09 4.4580E-09 4.9152E-09 5.3883E-09 5.8759E-09 6.3710E-09 6.8711E-09 7.3713E-09 7.8621E-09 8.3391E-09 8.7974E-09 9.2260E-09 9.6200E-09 9.9739E-09 1.0277E-08 1.0525E-08 1.0712E-08 1.0833E-08 1.0877E-08 1.0849E-08 1.0742E-08 1.0552E-08 1.0291E-08 9.9520E-09 9.5392E-09 9.0634E-09 8.5293E-09 7.9458E-09 7.3218E-09 6.6692E-09 6.0030E-09 5.3384E-09 4.6802E-09 4.0471E-09
3.1368E-11 5.0142E-11 7.4559E-11 1.1179E-10 1.5967E-10 2.1590E-10 2.6597E-10 3.2287E-10 3.8989E-10 4.6494E-10 5.5345E-10 6.5527E-10 7.7381E-10 9.0931E-10 1.0708E-09 1.2542E-09 1.4567E-09 1.6827E-09 1.9343E-09 2.2135E-09 2.5127E-09 2.8481E-09 3.2037E-09 3.5893E-09 3.9978E-09 4.4331E-09 4.8838E-09 5.3587E-09 5.8433E-09 6.3402E-09 6.8451E-09 7.3473E-09 7.8464E-09 8.3333E-09 8.8012E-09 9.2451E-09 9.6542E-09 1.0023E-08 1.0344E-08 1.0609E-08 1.0810E-08 1.0943E-08 1.1000E-08 1.0975E-08 1.0873E-08 1.0685E-08 1.0411E-08 1.0061E-08 9.6345E-09 9.1355E-09 8.5739E-09 7.9599E-09 7.3083E-09 6.6284E-09 5.9340E-09 5.2433E-09 4.5677E-09
1.6364E-11 3.1343E-11 5.1510E-11 7.6808E-11 1.0579E-10 1.4821E-10 2.0816E-10 2.6590E-10 3.2449E-10 3.8866E-10 4.6550E-10 5.5220E-10 6.5365E-10 7.7050E-10 9.0538E-10 1.0596E-09 1.2396E-09 1.4419E-09 1.6634E-09 1.9152E-09 2.1868E-09 2.4925E-09 2.8193E-09 3.1786E-09 3.5593E-09 3.9703E-09 4.4011E-09 4.8567E-09 5.3296E-09 5.8218E-09 6.3244E-09 6.8352E-09 7.3518E-09 7.8631E-09 8.3652E-09 8.8524E-09 9.3154E-09 9.7451E-09 1.0133E-08 1.0476E-08 1.0760E-08 1.0978E-08 1.1121E-08 1.1190E-08 1.1172E-08 1.1063E-08 1.0871E-08 1.0589E-08 1.0215E-08 9.7613E-09 9.2325E-09 8.6391E-09 7.9912E-09 7.3018E-09 6.5907E-09 5.8653E-09 5.1417E-09
8.7819E-12 1.5498E-11 3.0169E-11 5.2103E-11 7.7993E-11 1.0444E-10 1.4091E-10 1.9092E-10 2.5925E-10 3.2137E-10 3.8697E-10 4.6150E-10 5.4932E-10 6.4898E-10 7.6571E-10 8.9900E-10 1.0516E-09 1.2267E-09 1.4229E-09 1.6474E-09 1.8918E-09 2.1691E-09 2.4644E-09 2.7974E-09 3.1498E-09 3.5340E-09 3.9420E-09 4.3804E-09 4.8370E-09 5.3187E-09 5.8177E-09 6.3333E-09 6.8596E-09 7.3894E-09 7.9212E-09 8.4467E-09 8.9549E-09 9.4404E-09 9.8975E-09 1.0311E-08 1.0670E-08 1.0976E-08 1.1214E-08 1.1371E-08 1.1440E-08 1.1428E-08 1.1318E-08 1.1106E-08 1.0802E-08 1.0405E-08 9.9196E-09 9.3559E-09 8.7222E-09 8.0355E-09 7.3045E-09 6.5464E-09 5.7838E-09
2.6410E-12 7.7950E-12 1.5541E-11 3.0275E-11 5.1802E-11 7.8880E-11 1.0579E-10 1.3630E-10 1.8267E-10 2.4200E-10 3.1180E-10 3.8101E-10 4.5733E-10 5.4306E-10 6.4320E-10 7.5898E-10 8.9170E-10 1.0427E-09 1.2140E-09 1.4114E-09 1.6259E-09 1.8754E-09 2.1452E-09 2.4475E-09 2.7707E-09 3.1323E-09 3.5156E-09 3.9287E-09 4.3697E-09 4.8386E-09 5.3280E-09 5.8418E-09 6.3717E-09 6.9159E-09 7.4703E-09 8.0245E-09 8.5737E-09 9.1127E-09 9.6270E-09 1.0106E-08 1.0549E-08 1.0939E-08 1.1259E-08 1.1510E-08 1.1683E-08 1.1761E-08 1.1736E-08 1.1616E-08 1.1391E-08 1.1058E-08 1.0629E-08 1.0104E-08 9.4957E-09 8.8137E-09 8.0719E-09 7.2956E-09 6.4877E-09
0.0000E+00 1.6991E-12 6.0458E-12 1.4434E-11 2.9586E-11 5.0460E-11 7.5875E-11 1.0621E-10 1.3867E-10 1.7514E-10 2.2974E-10 2.9550E-10 3.7077E-10 4.5093E-10 5.3730E-10 6.3580E-10 7.4992E-10 8.8354E-10 1.0312E-09 1.2036E-09 1.3947E-09 1.6162E-09 1.8547E-09 2.1305E-09 2.4272E-09 2.7582E-09 3.1162E-09 3.5071E-09 3.9279E-09 4.3768E-09 4.8548E-09 5.3623E-09 5.8903E-09 6.4427E-09 7.0115E-09 7.5891E-09 8.1750E-09 8.7559E-09 9.3206E-09 9.8690E-09 1.0384E-08 1.0846E-08 1.1262E-08 1.1611E-08 1.1875E-08 1.2050E-08 1.2131E-08 1.2106E-08 1.1964E-08 1.1714E-08 1.1351E-08 1.0878E-08 1.0305E-08 9.6414E-09 8.9031E-09 8.1027E-09 7.2589E-09
0.0000E+00 0.0000E+00 9.6823E-13 4.1191E-12 1.2774E-11 2.5269E-11 4.8538E-11 7.3307E-11 1.0259E-10 1.3876E-10 1.7784E-10 2.1967E-10 2.8174E-10 3.5500E-10 4.3911E-10 5.2939E-10 6.2781E-10 7.4091E-10 8.6993E-10 1.0225E-09 1.1873E-09 1.3849E-09 1.5979E-09 1.8460E-09 2.1138E-09 2.4173E-09 2.7485E-09 3.1131E-09 3.5098E-09 3.9378E-09 4.4031E-09 4.8953E-09 5.4185E-09 5.9727E-09 6.5468E-09 7.1439E-09 7.7556E-09 8.3683E-09 8.9843E-09 9.5892E-09 1.0164E-08 1.0712E-08 1.1214E-08 1.1648E-08 1.2015E-08 1.2300E-08 1.2482E-08 1.2558E-08 1.2520E-08 1.2361E-08 1.2075E-08 1.1669E-08 1.1144E-08 1.0509E-08 9.7784E-09 8.9655E-09 8.0973E-09
0.0000E+00 0.0000E+00 0.0000E+00 2.9135E-13 2.4952E-12 1.0160E-11 2.1960E-11 4.3506E-11 7.1113E-11 9.9296E-11 1.3388E-10 1.7595E-10 2.1984E-10 2.6811E-10 3.3844E-10 4.2182E-10 5.1803E-10 6.1691E-10 7.2808E-10 8.5972E-10 1.0039E-09 1.1786E-09 1.3661E-09 1.5885E-09 1.8289E-09 2.1060E-09 2.4092E-09 2.7460E-09 3.1185E-09 3.5240E-09 3.9676E-09 4.4425E-09 4.9591E-09 5.5042E-09 6.0791E-09 6.6862E-09 7.3133E-09 7.9562E-09 8.6110E-09 9.2609E-09 9.9015E-09 1.0523E-08 1.1101E-08 1.1632E-08 1.2102E-08 1.2485E-08 1.2781E-08 1.2971E-08 1.3041E-08 1.2981E-08 1.2790E-08 1.2461E-08 1.1997E-08 1.1406E-08 1.0695E-08 9.8852E-09 8.9980E-09
0.0000E+00 0.0000E+00 0.0000E+00 0.0000E+00 0.0000E+00 8.8474E-13 7.4203E-12 1.6902E-11 3.7900E-11 6.5895E-11 9.7682E-11 1.3014E-10 1.7116E-10 2.1380E-10 2.6257E-10 3.2310E-10 4.0157E-10 4.9711E-10 5.9950E-10 7.1482E-10 8.4022E-10 9.9357E-10 1.1581E-09 1.3558E-09 1.5701E-09 1.8204E-09 2.0950E-09 2.4054E-09 2.7518E-09 3.1289E-09 3.5513E-09 4.0064E-09 4.5053E-09 5.0366E-09 5.6107E-09 6.2176E-09 6.8523E-09 7.5179E-09 8.2013E-09 8.8923E-09 9.5893E-09 1.0271E-08 1.0929E-08 1.1551E-08 1.2114E-08 1.2611E-08 1.3021E-08 1.3321E-08 1.3510E-08 1.3565E-08 1.3476E-08 1.3239E-08 1.2851E-08 1.2317E-08 1.1644E-08 1.0851E-08 9.9542E-09
0.0000E+00 0.0000E+00 0.0000E+00 0.0000E+00 0.0000E+00 0.0000E+00 0.0000E+00 4.6708E-12 1.2821E-11 2.6535E-11 5.8063E-11 8.9203E-11 1.2986E-10 1.6770E-10 2.0757E-10 2.5499E-10 3.1107E-10 3.8352E-10 4.7034E-10 5.7912E-10 6.8956E-10 8.2424E-10 9.6908E-10 1.1433E-09 1.3337E-09 1.5567E-09 1.8056E-09 2.0886E-09 2.4052E-09 2.7566E-09 3.1542E-09 3.5819E-09 4.0623E-09 4.5785E-09 5.1403E-09 5.7398E-09 6.3798E-09 7.0563E-09 7.7576E-09 8.4839E-09 9.2239E-09 9.9630E-09 1.0694E-08 1.1395E-08 1.2059E-08 1.2661E-08 1.3179E-08 1.3606E-08 1.3915E-08 1.4083E-08 1.4114E-08 1.3983E-08 1.3687E-08 1.3225E-08 1.2609E-08 1.1849E-08 1.0967E-08
0.0000E+00 0.0000E+00 0.0000E+00 0.0000E+00 0.0000E+00 0.0000E+00 0.0000E+00 0.0000E+00 2.8804E-12 8.8011E-12 1.9621E-11 4.9728E-11 8.0764E-11 1.1824E-10 1.6319E-10 2.0387E-10 2.4827E-10 3.0339E-10 3.6683E-10 4.5323E-10 5.4882E-10 6.6827E-10 7.9538E-10 9.4940E-10 1.1167E-09 1.3161E-09 1.5391E-09 1.7932E-09 2.0834E-09 2.4074E-09 2.7751E-09 3.1769E-09 3.6369E-09 4.1252E-09 4.6724E-09 5.2614E-09 5.8949E-09 6.5717E-09 7.2853E-09 8.0363E-09 8.8105E-09 9.5975E-09 1.0389E-08 1.1170E-08 1.1919E-08 1.2620E-08 1.3254E-08 1.3800E-08 1.4227E-08 1.4532E-08 1.4685E-08 1.4667E-08 1.4480E-08 1.4115E-08 1.3574E-08 1.2869E-08 1.2020E-08
0.0000E+00 0.0000E+00 0.0000E+00 0.0000E+00 0.0000E+00 0.0000E+00 0.0000E+00 0.0000E+00 0.0000E+00 1.4713E-12 6.3122E-12 1.3446E-11 3.3952E-11 7.1237E-11 1.0876E-10 1.4937E-10 1.9485E-10 2.4322E-10 2.9481E-10 3.6039E-10 4.3335E-10 5.3356E-10 6.4082E-10 7.7559E-10 9.2289E-10 1.0980E-09 1.2951E-09 1.5239E-09 1.7870E-09 2.0797E-09 2.4195E-09 2.7943E-09 3.2229E-09 3.6851E-09 4.2154E-09 4.7784E-09 5.4029E-09 6.0754E-09 6.7916E-09 7.5549E-09 8.3509E-09 9.1765E-09 1.0020E-08 1.0862E-08 1.1690E-08 1.2486E-08 1.3227E-08 1.3882E-08 1.4445E-08 1.4878E-08 1.5155E-08 1.5274E-08 1.5212E-08 1.4957E-08 1.4515E-08 1.3887E-08 1.3092E-08
0.0000E+00 0.0000E+00 0.0000E+00 0.0000E+00 0.0000E+00 0.0000E+00 0.0000E+00 0.0000E+00 0.0000E+00 0.0000E+00 2.1357E-13 4.3027E-12 1.0059E-11 2.5961E-11 5.2916E-11 9.6951E-11 1.3682E-10 1.8540E-10 2.3034E-10 2.8700E-10 3.4754E-10 4.2708E-10 5.1396E-10 6.2855E-10 7.5257E-10 9.0565E-10 1.0802E-09 1.2817E-09 1.5150E-09 1.7796E-09 2.0919E-09 2.4316E-09 2.8316E-09 3.2680E-09 3.7657E-09 4.3044E-09 4.9162E-09 5.5658E-09 6.2787E-09 7.0449E-09 7.8499E-09 8.7010E-09 9.5791E-09 1.0473E-08 1.1371E-08 1.2248E-08 1.3081E-08 1.3854E-08 1.4537E-08 1.5092E-08 1.5517E-08 1.5778E-08 1.5847E-08 1.5729E-08 1.5406E-08 1.4881E-08 1.4166E-08
0.0000E+00 0.0000E+00 0.0000E+00 0.0000E+00 0.0000E+00 0.0000E+00 0.0000E+00 0.0000E+00 0.0000E+00 0.0000E+00 0.0000E+00 0.0000E+00 1.5897E-12 7.2172E-12 1.6958E-11 4.5944E-11 7.7472E-11 1.2514E-10 1.7235E-10 2.2167E-10 2.7150E-10 3.3939E-10 4.1225E-10 5.0618E-10 6.0994E-10 7.4241E-10 8.9086E-10 1.0675E-09 1.2760E-09 1.5111E-09 1.7897E-09 2.0984E-09 2.4698E-09 2.8674E-09 3.3351E-09 3.8470E-09 4.4266E-09 5.0531E-09 5.7561E-09 6.5042E-09 7.3121E-09 8.1751E-09 9.0723E-09 1.0005E-08 1.0955E-08 1.1896E-08 1.2817E-08 1.3692E-08 1.4482E-08 1.5176E-08 1.5741E-08 1.6140E-08 1.6369E-08 1.6399E-08 1.6213E-08 1.5820E-08 1.5220E-08
0.0000E+00 0.0000E+00 0.0000E+00 0.0000E+00 0.0000E+00 0.0000E+00 0.0000E+00 0.0000E+00 0.0000E+00 0.0000E+00 0.0000E+00 0.0000E+00 0.0000E+00 2.0692E-13 2.9076E-12 1.2726E-11 3.3696E-11 7.0948E-11 1.0651E-10 1.6252E-10 2.0792E-10 2.6548E-10 3.2502E-10 4.0461E-10 4.9281E-10 6.0287E-10 7.2930E-10 8.8382E-10 1.0631E-09 1.2687E-09 1.5192E-09 1.7969E-09 2.1297E-09 2.4929E-09 2.9300E-09 3.3998E-09 3.9478E-09 4.5474E-09 5.2198E-09 5.9458E-09 6.7466E-09 7.5988E-09 8.5048E-09 9.4598E-09 1.0439E-08 1.1434E-08 1.2426E-08 1.3383E-08 1.4283E-08 1.5102E-08 1.5796E-08 1.6355E-08 1.6743E-08 1.6928E-08 1.6912E-08 1.6675E-08 1.6211E-08
0.0000E+00 0.0000E+00 0.0000E+00 0.0000E+00 0.0000E+00 0.0000E+00 0.0000E+00 0.0000E+00 0.0000E+00 0.0000E+00 0.0000E+00 0.0000E+00 0.0000E+00 0.0000E+00 0.0000E+00 3.6770E-13 5.2933E-12 2.8267E-11 5.7275E-11 9.9947E-11 1.4210E-10 2.0210E-10 2.5436E-10 3.2147E-10 3.9351E-10 4.8664E-10 5.9581E-10 7.2460E-10 8.7945E-10 1.0617E-09 1.2790E-09 1.5213E-09 1.8214E-09 2.1497E-09 2.5436E-09 2.9750E-09 3.4888E-09 4.0433E-09 4.6816E-09 5.3789E-09 6.1503E-09 6.9816E-09 7.8832E-09 8.8373E-09 9.8315E-09 1.0863E-08 1.1905E-08 1.2931E-08 1.3927E-08 1.4852E-08 1.5683E-08 1.6392E-08 1.6933E-08 1.7301E-08 1.7465E-08 1.7400E-08 1.7111E-08
0.0000E+00 0.0000E+00 0.0000E+00 0.0000E+00 0.0000E+00 0.0000E+00 0.0000E+00 0.0000E+00 0.0000E+00 0.0000E+00 0.0000E+00 0.0000E+00 0.0000E+00 0.0000E+00 0.0000E+00 0.0000E+00 0.0000E+00 2.2951E-12 1.7308E-11 4.7672E-11 8.0561E-11 1.3538E-10 1.8890E-10 2.4856E-10 3.1172E-10 3.9106E-10 4.8027E-10 5.8922E-10 7.2421E-10 8.7593E-10 1.0650E-09 1.2803E-09 1.5433E-09 1.8300E-09 2.1858E-09 2.5771E-09 3.0415E-09 3.5515E-09 4.1512E-09 4.7996E-09 5.5352E-09 6.3364E-09 7.2106E-09 8.1487E-09 9.1457E-09 1.0190E-08 1.1260E-08 1.2342E-08 1.3409E-08 1.4429E-08 1.5383E-08 1.6224E-08 1.6934E-08 1.7481E-08 1.7827E-08 1.7967E-08 1.7874E-08
0.0000E+00 0.0000E+00 0.0000E+00 0.0000E+00 0.0000E+00 0.0000E+00 0.0000E+00 0.0000E+00 0.0000E+00 0.0000E+00 0.0000E+00 0.0000E+00 0.0000E+00 0.0000E+00 0.0000E+00 0.0000E+00 0.0000E+00 0.0000E+00 1.7777E-12 9.5828E-12 3.3959E-11 7.0746E-11 1.1327E-10 1.7872E-10 2.3517E-10 3.0336E-10 3.7985E-10 4.7369E-10 5.8454E-10 7.1296E-10 8.7832E-10 1.0577E-09 1.2872E-09 1.5406E-09 1.8534E-09 2.1962E-09 2.6148E-09 3.0791E-09 3.6244E-09 4.2230E-09 4.9157E-09 5.6664E-09 6.5046E-09 7.4122E-09 8.3890E-09 9.4266E-09 1.0507E-08 1.1619E-08 1.2734E-08 1.3835E-08 1.4886E-08 1.5856E-08 1.6719E-08 1.7432E-08 1.7982E-08 1.8332E-08 1.8460E-08
