Assets/Resources/2015_m01_d15_1100(utc+0800)_l00_csi_1hr_conc.grd
DSAA
         159         159
     -79.000      79.000
     -79.000      79.000
  0.0000E+00  0.5813E-05
[rows 125 to 149 of 159, columns 57 to 113 of 159]
4.3045E-10 4.4823E-10 4.6843E-10 4.9090E-10 5.1533E-10 5.3515E-10 5.6148E-10 5.9132E-10 6.1810E-10 6.5126E-10 6.7972E-10 7.0928E-10 7.4450E-10 7.7234E-10 8.0510E-10 8.3711E-10 8.7059E-10 9.0013E-10 9.3102E-10 9.6687E-10 9.9506E-10 1.0304E-09 1.0613E-09 1.0932E-09 1.1232E-09 1.1546E-09 1.1847E-09 1.2140E-09 1.2460E-09 1.2756E-09 1.3050E-09 1.3340E-09 1.3604E-09 1.3862E-09 1.4127E-09 1.4405E-09 1.4642E-09 1.4869E-09 1.5088E-09 1.5296E-09 1.5493E-09 1.5679E-09 1.5853E-09 1.6015E-09 1.6152E-09 1.6287E-09 1.6418E-09 1.6539E-09 1.6633E-09 1.6716E-09 1.6779E-09 1.6806E-09 1.6839E-09 1.6847E-09 1.6869E-09 1.6839E-09 1.6802E-09
4.1174E-10 4.2597E-10 4.4481E-10 4.6511E-10 4.8690E-10 5.1045E-10 5.2837E-10 5.5425E-10 5.8346E-10 6.0768E-10 6.3828E-10 6.6573E-10 6.9648E-10 7.2706E-10 7.5528E-10 7.8553E-10 8.1512E-10 8.4471E-10 8.7746E-10 9.0614E-10 9.3649E-10 9.7058E-10 9.9628E-10 1.0293E-09 1.0574E-09 1.0855E-09 1.1189E-09 1.1450E-09 1.1742E-09 1.2020E-09 1.2274E-09 1.2525E-09 1.2812E-09 1.3065E-09 1.3321E-09 1.3571E-09 1.3793E-09 1.4027E-09 1.4232E-09 1.4428E-09 1.4614E-09 1.4790E-09 1.4955E-09 1.5108E-09 1.5249E-09 1.5378E-09 1.5496E-09 1.5612E-09 1.5698E-09 1.5781E-09 1.5842E-09 1.5869E-09 1.5891E-09 1.5911E-09 1.5918E-09 1.5889E-09 1.5856E-09
3.9225E-10 4.0630E-10 4.2116E-10 4.3894E-10 4.5899E-10 4.7885E-10 5.0363E-10 5.1942E-10 5.4475E-10 5.7023E-10 5.9578E-10 6.2317E-10 6.5214E-10 6.7943E-10 7.0968E-10 7.3789E-10 7.6437E-10 7.9377E-10 8.2585E-10 8.4951E-10 8.8059E-10 9.0705E-10 9.4164E-10 9.6755E-10 9.9493E-10 1.0231E-09 1.0485E-09 1.0768E-09 1.1030E-09 1.1309E-09 1.1567E-09 1.1813E-09 1.2043E-09 1.2322E-09 1.2542E-09 1.2757E-09 1.2964E-09 1.3164E-09 1.3355E-09 1.3580E-09 1.3755E-09 1.3939E-09 1.4094E-09 1.4238E-09 1.4371E-09 1.4514E-09 1.4624E-09 1.4699E-09 1.4771E-09 1.4831E-09 1.4872E-09 1.4908E-09 1.4943E-09 1.4964E-09 1.4952E-09 1.4947E-09 1.4920E-09
3.7489E-10 3.8676E-10 4.0253E-10 4.1524E-10 4.3278E-10 4.5254E-10 4.7028E-10 4.9464E-10 5.1180E-10 5.3482E-10 5.6045E-10 5.8310E-10 6.0818E-10 6.3741E-10 6.6225E-10 6.9191E-10 7.1868E-10 7.4191E-10 7.7135E-10 7.9757E-10 8.2876E-10 8.5027E-10 8.7935E-10 9.0536E-10 9.3592E-10 9.6427E-10 9.8680E-10 1.0143E-09 1.0387E-09 1.0610E-09 1.0851E-09 1.1099E-09 1.1353E-09 1.1583E-09 1.1809E-09 1.2009E-09 1.2203E-09 1.2390E-09 1.2591E-09 1.2763E-09 1.2927E-09 1.3082E-09 1.3227E-09 1.3364E-09 1.3490E-09 1.3606E-09 1.3711E-09 1.3807E-09 1.3896E-09 1.3974E-09 1.4021E-09 1.4068E-09 1.4102E-09 1.4124E-09 1.4103E-09 1.4113E-09 1.4070E-09
3.5843E-10 3.6938E-10 3.8104E-10 3.9659E-10 4.0905E-10 4.2632E-10 4.4577E-10 4.6316E-10 4.8388E-10 5.0379E-10 5.2465E-10 5.4778E-10 5.6840E-10 5.9369E-10 6.1907E-10 6.4601E-10 6.7131E-10 6.9605E-10 7.2231E-10 7.4885E-10 7.7353E-10 7.9853E-10 8.2575E-10 8.4919E-10 8.7588E-10 8.9968E-10 9.2576E-10 9.5032E-10 9.7695E-10 9.9887E-10 1.0212E-09 1.0467E-09 1.0666E-09 1.0862E-09 1.1053E-09 1.1238E-09 1.1478E-09 1.1653E-09 1.1842E-09 1.2023E-09 1.2177E-09 1.2322E-09 1.2459E-09 1.2587E-09 1.2706E-09 1.2815E-09 1.2914E-09 1.3003E-09 1.3087E-09 1.3148E-09 1.3206E-09 1.3252E-09 1.3266E-09 1.3240E-09 1.3234E-09 1.3236E-09 1.3207E-09
3.4265E-10 3.5293E-10 3.6366E-10 3.7694E-10 3.9041E-10 4.0260E-10 4.1958E-10 4.3869E-10 4.5571E-10 4.7597E-10 4.9359E-10 5.1397E-10 5.3487E-10 5.5621E-10 5.7960E-10 6.0395E-10 6.2453E-10 6.5135E-10 6.7612E-10 7.0294E-10 7.2260E-10 7.4984E-10 7.7201E-10 7.9519E-10 8.2313E-10 8.4452E-10 8.6858E-10 8.8964E-10 9.1045E-10 9.3808E-10 9.5708E-10 9.7971E-10 1.0002E-09 1.0222E-09 1.0400E-09 1.0574E-09 1.0762E-09 1.0925E-09 1.1104E-09 1.1265E-09 1.1409E-09 1.1545E-09 1.1673E-09 1.1813E-09 1.1925E-09 1.2017E-09 1.2111E-09 1.2196E-09 1.2272E-09 1.2323E-09 1.2380E-09 1.2425E-09 1.2460E-09 1.2473E-09 1.2468E-09 1.2460E-09 1.2435E-09
3.2675E-10 3.3715E-10 3.4722E-10 3.6011E-10 3.7278E-10 3.8399E-10 3.9591E-10 4.1258E-10 4.3131E-10 4.4624E-10 4.6439E-10 4.8485E-10 5.0247E-10 5.2244E-10 5.4213E-10 5.6316E-10 5.8427E-10 6.0841E-10 6.2832E-10 6.5501E-10 6.7496E-10 7.0187E-10 7.2168E-10 7.4504E-10 7.6722E-10 7.8809E-10 8.1091E-10 8.3773E-10 8.5541E-10 8.7477E-10 8.9897E-10 9.1802E-10 9.3689E-10 9.5370E-10 9.7409E-10 9.9402E-10 1.0108E-09 1.0298E-09 1.0445E-09 1.0586E-09 1.0741E-09 1.0869E-09 1.0989E-09 1.1103E-09 1.1208E-09 1.1325E-09 1.1403E-09 1.1484E-09 1.1555E-09 1.1600E-09 1.1637E-09 1.1669E-09 1.1703E-09 1.1728E-09 1.1723E-09 1.1718E-09 1.1657E-09
3.1357E-10 3.2128E-10 3.3229E-10 3.4132E-10 3.5398E-10 3.6641E-10 3.7735E-10 3.8898E-10 4.0532E-10 4.2365E-10 4.3616E-10 4.5588E-10 4.7411E-10 4.8898E-10 5.0883E-10 5.2943E-10 5.4759E-10 5.6693E-10 5.8635E-10 6.1109E-10 6.3234E-10 6.5543E-10 6.7361E-10 6.9780E-10 7.1762E-10 7.3902E-10 7.5876E-10 7.7648E-10 8.0097E-10 8.1899E-10 8.4126E-10 8.5916E-10 8.7674E-10 8.9511E-10 9.1400E-10 9.3209E-10 9.4845E-10 9.6259E-10 9.7622E-10 9.8932E-10 1.0037E-09 1.0157E-09 1.0269E-09 1.0375E-09 1.0493E-09 1.0573E-09 1.0657E-09 1.0734E-09 1.0802E-09 1.0862E-09 1.0904E-09 1.0947E-09 1.0960E-09 1.0985E-09 1.0991E-09 1.0999E-09 1.0998E-09
2.9855E-10 3.0816E-10 3.1565E-10 3.2644E-10 3.3525E-10 3.4766E-10 3.5983E-10 3.7049E-10 3.8183E-10 3.9625E-10 4.1336E-10 4.2786E-10 4.4351E-10 4.6213E-10 4.7910E-10 4.9630E-10 5.1417E-10 5.3217E-10 5.5242E-10 5.7000E-10 5.8973E-10 6.1003E-10 6.3001E-10 6.4917E-10 6.6884E-10 6.8852E-10 7.1211E-10 7.2933E-10 7.4899E-10 7.6733E-10 7.8378E-10 8.0014E-10 8.2085E-10 8.3814E-10 8.5414E-10 8.6983E-10 8.8678E-10 9.0179E-10 9.1619E-10 9.2839E-10 9.4375E-10 9.5492E-10 9.6549E-10 9.7544E-10 9.8473E-10 9.9335E-10 1.0013E-09 1.0084E-09 1.0149E-09 1.0195E-09 1.0244E-09 1.0285E-09 1.0318E-09 1.0313E-09 1.0311E-09 1.0320E-09 1.0321E-09
2.8537E-10 2.9319E-10 3.0259E-10 3.0986E-10 3.2043E-10 3.2900E-10 3.4117E-10 3.5306E-10 3.6343E-10 3.7447E-10 3.8854E-10 4.0444E-10 4.1741E-10 4.3281E-10 4.4867E-10 4.6533E-10 4.8376E-10 4.9938E-10 5.1804E-10 5.3162E-10 5.5145E-10 5.6670E-10 5.8761E-10 6.0421E-10 6.2471E-10 6.4365E-10 6.5965E-10 6.7848E-10 6.9776E-10 7.1740E-10 7.3286E-10 7.4923E-10 7.6418E-10 7.8396E-10 7.9866E-10 8.1381E-10 8.2625E-10 8.3830E-10 8.5181E-10 8.6856E-10 8.7940E-10 8.9342E-10 9.0496E-10 9.1614E-10 9.2484E-10 9.3291E-10 9.4034E-10 9.4710E-10 9.5380E-10 9.5730E-10 9.6005E-10 9.6216E-10 9.6253E-10 9.6507E-10 9.6685E-10 9.6590E-10 9.6341E-10
2.7430E-10 2.8008E-10 2.8914E-10 2.9688E-10 3.0393E-10 3.1426E-10 3.2259E-10 3.3450E-10 3.4611E-10 3.5619E-10 3.6691E-10 3.7850E-10 3.9310E-10 4.0700E-10 4.2141E-10 4.3561E-10 4.5323E-10 4.6847E-10 4.8303E-10 4.9916E-10 5.1853E-10 5.3179E-10 5.5198E-10 5.6361E-10 5.8402E-10 6.0180E-10 6.1838E-10 6.3542E-10 6.4961E-10 6.6519E-10 6.8330E-10 7.0089E-10 7.1682E-10 7.3080E-10 7.4446E-10 7.5969E-10 7.7280E-10 7.8393E-10 8.0073E-10 8.1122E-10 8.2128E-10 8.3088E-10 8.4000E-10 8.4860E-10 8.5836E-10 8.6590E-10 8.7287E-10 8.7924E-10 8.8499E-10 8.9010E-10 8.9456E-10 8.9836E-10 9.0044E-10 9.0461E-10 9.0638E-10 9.0391E-10 9.0431E-10
2.6048E-10 2.6909E-10 2.7466E-10 2.8351E-10 2.9104E-10 2.9785E-10 3.0795E-10 3.1604E-10 3.2767E-10 3.3702E-10 3.4784E-10 3.5918E-10 3.7042E-10 3.8215E-10 3.9805E-10 4.0993E-10 4.2280E-10 4.4110E-10 4.5393E-10 4.7122E-10 4.8409E-10 4.9657E-10 5.1568E-10 5.3064E-10 5.4795E-10 5.5891E-10 5.7511E-10 5.9187E-10 6.0904E-10 6.2250E-10 6.3551E-10 6.5313E-10 6.6595E-10 6.8091E-10 6.9421E-10 7.0495E-10 7.2097E-10 7.3121E-10 7.4462E-10 7.5786E-10 7.6713E-10 7.8007E-10 7.8857E-10 7.9660E-10 8.0586E-10 8.1291E-10 8.1943E-10 8.2540E-10 8.3080E-10 8.3561E-10 8.3982E-10 8.4343E-10 8.4806E-10 8.4852E-10 8.4661E-10 8.4497E-10 8.4552E-10
2.4893E-10 2.5535E-10 2.6376E-10 2.6913E-10 2.7690E-10 2.8507E-10 2.9165E-10 3.0062E-10 3.0935E-10 3.1998E-10 3.2977E-10 3.3837E-10 3.5044E-10 3.6017E-10 3.7157E-10 3.8806E-10 3.9872E-10 4.1271E-10 4.2402E-10 4.4072E-10 4.5162E-10 4.6852E-10 4.8182E-10 4.9449E-10 5.1141E-10 5.2576E-10 5.4060E-10 5.5259E-10 5.6639E-10 5.7992E-10 5.9466E-10 6.1067E-10 6.2276E-10 6.3460E-10 6.4619E-10 6.5761E-10 6.7129E-10 6.8673E-10 6.9594E-10 7.0585E-10 7.1440E-10 7.2256E-10 7.3198E-10 7.4118E-10 7.4814E-10 7.5465E-10 7.6305E-10 7.6929E-10 7.7437E-10 7.8067E-10 7.8273E-10 7.8620E-10 7.8736E-10 7.8969E-10 7.9145E-10 7.9262E-10 7.9142E-10
2.3747E-10 2.4389E-10 2.4970E-10 2.5832E-10 2.6349E-10 2.7105E-10 2.7898E-10 2.8534E-10 2.9407E-10 3.0253E-10 3.1211E-10 3.2055E-10 3.3068E-10 3.4167E-10 3.4993E-10 3.6280E-10 3.7275E-10 3.8712E-10 3.9827E-10 4.1236E-10 4.2305E-10 4.3965E-10 4.5029E-10 4.6756E-10 4.7741E-10 4.8991E-10 5.0226E-10 5.1941E-10 5.3184E-10 5.4292E-10 5.5765E-10 5.6865E-10 5.8179E-10 5.9548E-10 6.0467E-10 6.1725E-10 6.2608E-10 6.3983E-10 6.4824E-10 6.6025E-10 6.7048E-10 6.7808E-10 6.8701E-10 6.9389E-10 7.0219E-10 7.0825E-10 7.1388E-10 7.1905E-10 7.2538E-10 7.2961E-10 7.3335E-10 7.3476E-10 7.3748E-10 7.3967E-10 7.4133E-10 7.4245E-10 7.4302E-10
2.2583E-10 2.3252E-10 2.3875E-10 2.4437E-10 2.5279E-10 2.5775E-10 2.6509E-10 2.7280E-10 2.7893E-10 2.8741E-10 2.9561E-10 3.0490E-10 3.1306E-10 3.2286E-10 3.3274E-10 3.4145E-10 3.5179E-10 3.6255E-10 3.7576E-10 3.8638E-10 3.9954E-10 4.1002E-10 4.2091E-10 4.3557E-10 4.4573E-10 4.6074E-10 4.7173E-10 4.8363E-10 4.9529E-10 5.0910E-10 5.2328E-10 5.3188E-10 5.4406E-10 5.5409E-10 5.6581E-10 5.7623E-10 5.9044E-10 5.9843E-10 6.0618E-10 6.1365E-10 6.2261E-10 6.3113E-10 6.3994E-10 6.4625E-10 6.5788E-10 6.6353E-10 6.6877E-10 6.7360E-10 6.7800E-10 6.8195E-10 6.8545E-10 6.8849E-10 6.9104E-10 6.9312E-10 6.9470E-10 6.9579E-10 6.9637E-10
2.1625E-10 2.2098E-10 2.2816E-10 2.3353E-10 2.3896E-10 2.4716E-10 2.5192E-10 2.5905E-10 2.6652E-10 2.7152E-10 2.8065E-10 2.8858E-10 2.9581E-10 3.0546E-10 3.1296E-10 3.2267E-10 3.3284E-10 3.4083E-10 3.5123E-10 3.6132E-10 3.7412E-10 3.8288E-10 3.9569E-10 4.0746E-10 4.1624E-10 4.2873E-10 4.4002E-10 4.5283E-10 4.6309E-10 4.7604E-10 4.8539E-10 4.9687E-10 5.0989E-10 5.1936E-10 5.2699E-10 5.3827E-10 5.4892E-10 5.5614E-10 5.6697E-10 5.7824E-10 5.8836E-10 5.9481E-10 6.0095E-10 6.0677E-10 6.1226E-10 6.1740E-10 6.2378E-10 6.3039E-10 6.3445E-10 6.3810E-10 6.4133E-10 6.4645E-10 6.4884E-10 6.5078E-10 6.5227E-10 6.5329E-10 6.5211E-10
2.0574E-10 2.1150E-10 2.1605E-10 2.2221E-10 2.2823E-10 2.3347E-10 2.4060E-10 2.4601E-10 2.5223E-10 2.5842E-10 2.6494E-10 2.7300E-10 2.8059E-10 2.8657E-10 2.9777E-10 3.0498E-10 3.1246E-10 3.2259E-10 3.2994E-10 3.3967E-10 3.4975E-10 3.5922E-10 3.7200E-10 3.8053E-10 3.9020E-10 4.0225E-10 4.1055E-10 4.2250E-10 4.3152E-10 4.4541E-10 4.5338E-10 4.6401E-10 4.7256E-10 4.8283E-10 4.9444E-10 5.0564E-10 5.1243E-10 5.2101E-10 5.2919E-10 5.3699E-10 5.4303E-10 5.5267E-10 5.6193E-10 5.7137E-10 5.7647E-10 5.8125E-10 5.8570E-10 5.8979E-10 5.9517E-10 5.9854E-10 6.0153E-10 6.0236E-10 6.0457E-10 6.0636E-10 6.0775E-10 6.0871E-10 6.0926E-10
1.9600E-10 2.0069E-10 2.0669E-10 2.1106E-10 2.1704E-10 2.2287E-10 2.2792E-10 2.3357E-10 2.4004E-10 2.4531E-10 2.5201E-10 2.5829E-10 2.6539E-10 2.7163E-10 2.7914E-10 2.8772E-10 2.9511E-10 3.0408E-10 3.1214E-10 3.2086E-10 3.2823E-10 3.3582E-10 3.4651E-10 3.5475E-10 3.6715E-10 3.7528E-10 3.8648E-10 3.9607E-10 4.0386E-10 4.1367E-10 4.2367E-10 4.3518E-10 4.4419E-10 4.5055E-10 4.5876E-10 4.6815E-10 4.7514E-10 4.8483E-10 4.9836E-10 5.0414E-10 5.0969E-10 5.1704E-10 5.2215E-10 5.2700E-10 5.3315E-10 5.3745E-10 5.4364E-10 5.5118E-10 5.5688E-10 5.6001E-10 5.6278E-10 5.6679E-10 5.6713E-10 5.6881E-10 5.6983E-10 5.7075E-10 5.7128E-10
1.8660E-10 1.9147E-10 1.9600E-10 2.0181E-10 2.0562E-10 2.1141E-10 2.1745E-10 2.2231E-10 2.2777E-10 2.3401E-10 2.3907E-10 2.4555E-10 2.5159E-10 2.5769E-10 2.6443E-10 2.7078E-10 2.7815E-10 2.8702E-10 2.9371E-10 3.0062E-10 3.1016E-10 3.1690E-10 3.2397E-10 3.3336E-10 3.4314E-10 3.4949E-10 3.5992E-10 3.6914E-10 3.7988E-10 3.8734E-10 3.9472E-10 4.0392E-10 4.1118E-10 4.2147E-10 4.3229E-10 4.3796E-10 4.4713E-10 4.5258E-10 4.5940E-10 4.6713E-10 4.7424E-10 4.8493E-10 4.8963E-10 4.9409E-10 5.0190E-10 5.0590E-10 5.0962E-10 5.1304E-10 5.1617E-10 5.1899E-10 5.2150E-10 5.2340E-10 5.2680E-10 5.3048E-10 5.3346E-10 5.3431E-10 5.3481E-10
1.7756E-10 1.8218E-10 1.8649E-10 1.9126E-10 1.9690E-10 2.0053E-10 2.0546E-10 2.1198E-10 2.1578E-10 2.2192E-10 2.2794E-10 2.3190E-10 2.3904E-10 2.4312E-10 2.4896E-10 2.5718E-10 2.6327E-10 2.6850E-10 2.7736E-10 2.8346E-10 2.8990E-10 2.9845E-10 3.0742E-10 3.1413E-10 3.1903E-10 3.2807E-10 3.3835E-10 3.4345E-10 3.5193E-10 3.6013E-10 3.7043E-10 3.7935E-10 3.8458E-10 3.9327E-10 3.9991E-10 4.0647E-10 4.1535E-10 4.2611E-10 4.3098E-10 4.3763E-10 4.4219E-10 4.4655E-10 4.5224E-10 4.5887E-10 4.6478E-10 4.7040E-10 4.7598E-10 4.8040E-10 4.8492E-10 4.8951E-10 4.9155E-10 4.9358E-10 4.9530E-10 4.9670E-10 4.9750E-10 4.9663E-10 4.9680E-10
1.6925E-10 1.7288E-10 1.7691E-10 1.8188E-10 1.8648E-10 1.9110E-10 1.9541E-10 2.0016E-10 2.0562E-10 2.1009E-10 2.1603E-10 2.1973E-10 2.2559E-10 2.3250E-10 2.3637E-10 2.4197E-10 2.4841E-10 2.5395E-10 2.5983E-10 2.6757E-10 2.7505E-10 2.8118E-10 2.8750E-10 2.9468E-10 3.0249E-10 3.0887E-10 3.1341E-10 3.2298E-10 3.3198E-10 3.3667E-10 3.4469E-10 3.5085E-10 3.6000E-10 3.7051E-10 3.7522E-10 3.7981E-10 3.8624E-10 3.9375E-10 3.9899E-10 4.0769E-10 4.1602E-10 4.2004E-10 4.2517E-10 4.3079E-10 4.3427E-10 4.3753E-10 4.4120E-10 4.4401E-10 4.4810E-10 4.5042E-10 4.5431E-10 4.5817E-10 4.5944E-10 4.6072E-10 4.6142E-10 4.6183E-10 4.6194E-10
1.6041E-10 1.6506E-10 1.6854E-10 1.7242E-10 1.7722E-10 1.8166E-10 1.8490E-10 1.9025E-10 1.9443E-10 1.9887E-10 2.0438E-10 2.0943E-10 2.1363E-10 2.1927E-10 2.2446E-10 2.2961E-10 2.3325E-10 2.3950E-10 2.4644E-10 2.5206E-10 2.5678E-10 2.6510E-10 2.7066E-10 2.7653E-10 2.8255E-10 2.9115E-10 2.9693E-10 3.0297E-10 3.0715E-10 3.1631E-10 3.2490E-10 3.2917E-10 3.3526E-10 3.4092E-10 3.4653E-10 3.5438E-10 3.6477E-10 3.6884E-10 3.7468E-10 3.7852E-10 3.8219E-10 3.8786E-10 3.9420E-10 3.9747E-10 4.0791E-10 4.1090E-10 4.1340E-10 4.1791E-10 4.1999E-10 4.2212E-10 4.2372E-10 4.2537E-10 4.2742E-10 4.2827E-10 4.2886E-10 4.2919E-10 4.2924E-10
1.5244E-10 1.5566E-10 1.6056E-10 1.6379E-10 1.6751E-10 1.7255E-10 1.7644E-10 1.7990E-10 1.8508E-10 1.8909E-10 1.9334E-10 1.9865E-10 2.0278E-10 2.0751E-10 2.1169E-10 2.1630E-10 2.2283E-10 2.2628E-10 2.3057E-10 2.3813E-10 2.4250E-10 2.4789E-10 2.5236E-10 2.6200E-10 2.6575E-10 2.7133E-10 2.7704E-10 2.8577E-10 2.9049E-10 2.9618E-10 2.9999E-10 3.0575E-10 3.1686E-10 3.2073E-10 3.2420E-10 3.2979E-10 3.3489E-10 3.3934E-10 3.4804E-10 3.5563E-10 3.6027E-10 3.6352E-10 3.6856E-10 3.7153E-10 3.7404E-10 3.7728E-10 3.8210E-10 3.8645E-10 3.8797E-10 3.9187E-10 3.9327E-10 3.9693E-10 3.9761E-10 3.9865E-10 4.0112E-10 4.0141E-10 4.0143E-10
1.4513E-10 1.4783E-10 1.5130E-10 1.5605E-10 1.5885E-10 1.6205E-10 1.6729E-10 1.7018E-10 1.7462E-10 1.7961E-10 1.8345E-10 1.8714E-10 1.9140E-10 1.9571E-10 2.0112E-10 2.0425E-10 2.0908E-10 2.1578E-10 2.1903E-10 2.2225E-10 2.2804E-10 2.3451E-10 2.3963E-10 2.4269E-10 2.4964E-10 2.5631E-10 2.6158E-10 2.6505E-10 2.7045E-10 2.7912E-10 2.8350E-10 2.8882E-10 2.9227E-10 2.9535E-10 3.0236E-10 3.1139E-10 3.1473E-10 3.1985E-10 3.2274E-10 3.2725E-10 3.3081E-10 3.3736E-10 3.4360E-10 3.4785E-10 3.5042E-10 3.5251E-10 3.5667E-10 3.5844E-10 3.6158E-10 3.6329E-10 3.6545E-10 3.6734E-10 3.6817E-10 3.6880E-10 3.6921E-10 3.6939E-10 3.6948E-10
1.3570E-10 1.3897E-10 1.4361E-10 1.4657E-10 1.5073E-10 1.5420E-10 1.5725E-10 1.6195E-10 1.6506E-10 1.6867E-10 1.7181E-10 1.7668E-10 1.8106E-10 1.8390E-10 1.8925E-10 1.9445E-10 1.9770E-10 2.0033E-10 2.0586E-10 2.1153E-10 2.1456E-10 2.1754E-10 2.2477E-10 2.2938E-10 2.3427E-10 2.3736E-10 2.4404E-10 2.5044E-10 2.5542E-10 2.5858E-10 2.6365E-10 2.7095E-10 2.7571E-10 2.7854E-10 2.8346E-10 2.8646E-10 2.9026E-10 2.9693E-10 3.0355E-10 3.0638E-10 3.0908E-10 3.1326E-10 3.1575E-10 3.1780E-10 3.2321E-10 3.2618E-10 3.2961E-10 3.3313E-10 3.3696E-10 3.3823E-10 3.3930E-10 3.4342E-10 3.4445E-10 3.4500E-10 3.4533E-10 3.4549E-10 3.4554E-10
