Assets/Resources/2015_m01_d12_2300(utc+0800)_l00_csi_1hr_conc.grd
DSAA
         159         159
     -79.000      79.000
     -79.000      79.000
  0.0000E+00  0.3619E-05
[rows 75 to 99 of 159, columns 0 to 56 of 159]
2.8310E-09 3.0978E-09 3.3776E-09 3.6695E-09 3.9740E-09 4.2939E-09 4.6211E-09 4.9608E-09 5.3041E-09 5.6548E-09 6.0123E-09 6.3756E-09 6.7507E-09 7.1245E-09 7.5106E-09 7.8968E-09 8.2950E-09 8.6984E-09 9.1054E-09 9.5304E-09 9.9591E-09 1.0404E-08 1.0856E-08 1.1328E-08 1.1801E-08 1.2286E-08 1.2773E-08 1.3263E-08 1.3751E-08 1.4234E-08 1.4712E-08 1.5176E-08 1.5626E-08 1.6054E-08 1.6462E-08 1.6853E-08 1.7212E-08 1.7550E-08 1.7857E-08 1.8125E-08 1.8360E-08 1.8546E-08 1.8693E-08 1.8781E-08 1.8812E-08 1.8770E-08 1.8668E-08 1.8504E-08 1.8276E-08 1.7963E-08 1.7546E-08 1.7078E-08 1.6492E-08 1.5917E-08 1.5262E-08 1.4646E-08 1.4120E-08
2.5288E-09 2.7700E-09 3.0290E-09 3.2966E-09 3.5783E-09 3.8758E-09 4.1785E-09 4.4958E-09 4.8193E-09 5.1517E-09 5.4920E-09 5.8413E-09 6.2027E-09 6.5661E-09 6.9432E-09 7.3223E-09 7.7134E-09 8.1104E-09 8.5124E-09 8.9331E-09 9.3618E-09 9.8046E-09 1.0257E-08 1.0722E-08 1.1196E-08 1.1672E-08 1.2155E-08 1.2634E-08 1.3120E-08 1.3589E-08 1.4056E-08 1.4495E-08 1.4917E-08 1.5310E-08 1.5677E-08 1.6012E-08 1.6318E-08 1.6576E-08 1.6799E-08 1.6973E-08 1.7089E-08 1.7158E-08 1.7151E-08 1.7091E-08 1.6932E-08 1.6701E-08 1.6361E-08 1.5953E-08 1.5453E-08 1.4875E-08 1.4174E-08 1.3396E-08 1.2531E-08 1.1595E-08 1.0631E-08 9.6790E-09 8.8139E-09
2.2528E-09 2.4716E-09 2.7074E-09 2.9538E-09 3.2101E-09 3.4834E-09 3.7638E-09 4.0583E-09 4.3599E-09 4.6724E-09 4.9931E-09 5.3246E-09 5.6690E-09 6.0168E-09 6.3780E-09 6.7427E-09 7.1188E-09 7.5054E-09 7.8966E-09 8.3086E-09 8.7262E-09 9.1606E-09 9.6004E-09 1.0055E-08 1.0511E-08 1.0975E-08 1.1443E-08 1.1910E-08 1.2373E-08 1.2827E-08 1.3264E-08 1.3680E-08 1.4066E-08 1.4416E-08 1.4742E-08 1.5023E-08 1.5265E-08 1.5462E-08 1.5599E-08 1.5684E-08 1.5709E-08 1.5660E-08 1.5560E-08 1.5351E-08 1.5087E-08 1.4702E-08 1.4228E-08 1.3641E-08 1.2984E-08 1.2254E-08 1.1434E-08 1.0495E-08 9.5033E-09 8.4636E-09 7.4032E-09 6.3787E-09 5.4301E-09
1.9922E-09 2.1991E-09 2.4113E-09 2.6357E-09 2.8679E-09 3.1178E-09 3.3753E-09 3.6469E-09 3.9262E-09 4.2156E-09 4.5142E-09 4.8235E-09 5.1462E-09 5.4733E-09 5.8149E-09 6.1622E-09 6.5216E-09 6.8920E-09 7.2679E-09 7.6630E-09 8.0628E-09 8.4801E-09 8.9003E-09 9.3345E-09 9.7674E-09 1.0214E-08 1.0658E-08 1.1104E-08 1.1538E-08 1.1962E-08 1.2366E-08 1.2751E-08 1.3098E-08 1.3413E-08 1.3683E-08 1.3922E-08 1.4101E-08 1.4233E-08 1.4303E-08 1.4310E-08 1.4255E-08 1.4120E-08 1.3916E-08 1.3646E-08 1.3276E-08 1.2824E-08 1.2271E-08 1.1619E-08 1.0877E-08 1.0047E-08 9.1675E-09 8.2064E-09 7.2101E-09 6.1927E-09 5.2165E-09 4.2702E-09 3.4052E-09
1.7087E-09 1.8939E-09 2.1078E-09 2.3287E-09 2.5422E-09 2.7699E-09 3.0046E-09 3.2524E-09 3.5072E-09 3.7735E-09 4.0484E-09 4.3349E-09 4.6358E-09 4.9420E-09 5.2631E-09 5.5897E-09 5.9295E-09 6.2770E-09 6.6341E-09 7.0046E-09 7.3831E-09 7.7721E-09 8.1695E-09 8.5787E-09 8.9883E-09 9.4046E-09 9.8216E-09 1.0233E-08 1.0635E-08 1.1022E-08 1.1389E-08 1.1735E-08 1.2046E-08 1.2317E-08 1.2547E-08 1.2732E-08 1.2862E-08 1.2939E-08 1.2949E-08 1.2891E-08 1.2769E-08 1.2581E-08 1.2311E-08 1.1961E-08 1.1540E-08 1.1033E-08 1.0439E-08 9.7589E-09 9.0277E-09 8.2254E-09 7.3602E-09 6.4754E-09 5.5861E-09 4.6692E-09 3.8006E-09 2.9659E-09 2.2131E-09
1.5149E-09 1.6687E-09 1.8348E-09 2.0104E-09 2.2013E-09 2.4171E-09 2.6405E-09 2.8709E-09 3.1053E-09 3.3499E-09 3.6038E-09 3.8672E-09 4.1460E-09 4.4289E-09 4.7273E-09 5.0306E-09 5.3463E-09 5.6682E-09 6.0011E-09 6.3452E-09 6.6958E-09 7.0567E-09 7.4286E-09 7.8056E-09 8.1859E-09 8.5646E-09 8.9462E-09 9.3189E-09 9.6862E-09 1.0033E-08 1.0362E-08 1.0663E-08 1.0936E-08 1.1168E-08 1.1356E-08 1.1499E-08 1.1585E-08 1.1610E-08 1.1571E-08 1.1462E-08 1.1300E-08 1.1065E-08 1.0758E-08 1.0380E-08 9.9353E-09 9.4115E-09 8.8421E-09 8.1887E-09 7.4847E-09 6.7446E-09 5.9699E-09 5.1698E-09 4.3680E-09 3.5989E-09 2.8696E-09 2.2266E-09 1.6407E-09
1.3362E-09 1.4737E-09 1.6223E-09 1.7789E-09 1.9464E-09 2.1250E-09 2.3133E-09 2.5144E-09 2.7250E-09 2.9479E-09 3.1809E-09 3.4222E-09 3.6773E-09 3.9379E-09 4.2107E-09 4.4904E-09 4.7802E-09 5.0773E-09 5.3800E-09 5.6979E-09 6.0191E-09 6.3514E-09 6.6852E-09 7.0300E-09 7.3720E-09 7.7135E-09 8.0544E-09 8.3892E-09 8.7143E-09 9.0244E-09 9.3105E-09 9.5727E-09 9.8018E-09 9.9947E-09 1.0147E-08 1.0247E-08 1.0299E-08 1.0286E-08 1.0214E-08 1.0080E-08 9.8771E-09 9.6210E-09 9.2986E-09 8.9158E-09 8.4731E-09 7.9716E-09 7.4158E-09 6.8130E-09 6.1780E-09 5.5170E-09 4.8387E-09 4.1509E-09 3.4881E-09 2.8563E-09 2.2706E-09 1.7303E-09 1.2630E-09
1.1711E-09 1.2927E-09 1.4250E-09 1.5633E-09 1.7123E-09 1.8712E-09 2.0390E-09 2.2183E-09 2.4050E-09 2.6006E-09 2.8075E-09 3.0222E-09 3.2508E-09 3.4860E-09 3.7318E-09 3.9841E-09 4.2452E-09 4.5125E-09 4.7859E-09 5.0710E-09 5.3579E-09 5.6564E-09 5.9516E-09 6.2609E-09 6.5624E-09 6.8683E-09 7.1666E-09 7.4624E-09 7.7471E-09 8.0155E-09 8.2645E-09 8.4839E-09 8.6761E-09 8.8308E-09 8.9435E-09 9.0135E-09 9.0313E-09 8.9993E-09 8.9004E-09 8.7473E-09 8.5367E-09 8.2675E-09 7.9539E-09 7.5857E-09 7.1692E-09 6.7067E-09 6.2035E-09 5.6672E-09 5.1076E-09 4.5336E-09 3.9548E-09 3.3817E-09 2.8250E-09 2.2943E-09 1.8057E-09 1.3698E-09 9.9098E-10
1.0204E-09 1.1264E-09 1.2428E-09 1.3645E-09 1.4950E-09 1.6364E-09 1.7833E-09 1.9419E-09 2.1075E-09 2.2804E-09 2.4633E-09 2.6544E-09 2.8564E-09 3.0632E-09 3.2808E-09 3.5049E-09 3.7368E-09 3.9727E-09 4.2149E-09 4.4654E-09 4.7201E-09 4.9811E-09 5.2435E-09 5.5113E-09 5.7798E-09 6.0430E-09 6.3056E-09 6.5602E-09 6.8030E-09 7.0337E-09 7.2414E-09 7.4281E-09 7.5780E-09 7.7026E-09 7.7854E-09 7.8219E-09 7.8175E-09 7.7598E-09 7.6533E-09 7.4919E-09 7.2777E-09 7.0165E-09 6.7134E-09 6.3711E-09 5.9898E-09 5.5728E-09 5.1261E-09 4.6573E-09 4.1746E-09 3.6855E-09 3.1990E-09 2.7228E-09 2.2632E-09 1.8307E-09 1.4347E-09 1.0777E-09 7.7165E-10
8.8242E-10 9.7479E-10 1.0762E-09 1.1825E-09 1.2957E-09 1.4196E-09 1.5478E-09 1.6871E-09 1.8317E-09 1.9827E-09 2.1410E-09 2.3084E-09 2.4845E-09 2.6663E-09 2.8569E-09 3.0516E-09 3.2558E-09 3.4609E-09 3.6736E-09 3.8919E-09 4.1114E-09 4.3411E-09 4.5681E-09 4.8002E-09 5.0301E-09 5.2583E-09 5.4814E-09 5.6980E-09 5.9052E-09 6.0942E-09 6.2683E-09 6.4161E-09 6.5409E-09 6.6291E-09 6.6878E-09 6.7044E-09 6.6769E-09 6.6074E-09 6.4869E-09 6.3278E-09 6.1225E-09 5.8767E-09 5.5935E-09 5.2780E-09 4.9375E-09 4.5721E-09 4.1849E-09 3.7818E-09 3.3700E-09 2.9579E-09 2.5526E-09 2.1612E-09 1.7887E-09 1.4412E-09 1.1223E-09 8.3529E-10 5.9094E-10
7.5777E-10 8.3741E-10 9.2465E-10 1.0170E-09 1.1134E-09 1.2197E-09 1.3302E-09 1.4509E-09 1.5748E-09 1.7069E-09 1.8434E-09 1.9876E-09 2.1402E-09 2.2975E-09 2.4616E-09 2.6310E-09 2.8064E-09 2.9852E-09 3.1676E-09 3.3567E-09 3.5452E-09 3.7408E-09 3.9365E-09 4.1340E-09 4.3292E-09 4.5215E-09 4.7096E-09 4.8902E-09 5.0619E-09 5.2192E-09 5.3573E-09 5.4758E-09 5.5665E-09 5.6333E-09 5.6691E-09 5.6689E-09 5.6278E-09 5.5513E-09 5.4348E-09 5.2766E-09 5.0861E-09 4.8574E-09 4.5982E-09 4.3134E-09 4.0087E-09 3.6878E-09 3.3552E-09 3.0159E-09 2.6750E-09 2.3367E-09 2.0067E-09 1.6895E-09 1.3901E-09 1.1135E-09 8.6441E-10 6.3691E-10 4.4562E-10
6.4030E-10 7.0853E-10 7.8351E-10 8.6140E-10 9.4579E-10 1.0365E-09 1.1315E-09 1.2348E-09 1.3415E-09 1.4538E-09 1.5719E-09 1.6952E-09 1.8239E-09 1.9604E-09 2.0996E-09 2.2447E-09 2.3937E-09 2.5483E-09 2.7027E-09 2.8643E-09 3.0241E-09 3.1885E-09 3.3527E-09 3.5196E-09 3.6839E-09 3.8429E-09 3.9988E-09 4.1479E-09 4.2856E-09 4.4137E-09 4.5216E-09 4.6148E-09 4.6837E-09 4.7236E-09 4.7401E-09 4.7265E-09 4.6808E-09 4.6012E-09 4.4869E-09 4.3420E-09 4.1687E-09 3.9672E-09 3.7410E-09 3.4943E-09 3.2328E-09 2.9603E-09 2.6802E-09 2.3961E-09 2.1130E-09 1.8344E-09 1.5649E-09 1.3085E-09 1.0706E-09 8.5445E-10 6.5605E-10 4.7893E-10 3.2997E-10
5.2876E-10 5.8921E-10 6.5398E-10 7.2187E-10 7.9343E-10 8.7128E-10 9.5305E-10 1.0399E-09 1.1324E-09 1.2272E-09 1.3279E-09 1.4320E-09 1.5412E-09 1.6556E-09 1.7742E-09 1.8962E-09 2.0217E-09 2.1510E-09 2.2829E-09 2.4154E-09 2.5521E-09 2.6871E-09 2.8244E-09 2.9610E-09 3.0968E-09 3.2313E-09 3.3552E-09 3.4755E-09 3.5842E-09 3.6847E-09 3.7726E-09 3.8374E-09 3.8891E-09 3.9151E-09 3.9137E-09 3.8901E-09 3.8384E-09 3.7595E-09 3.6523E-09 3.5204E-09 3.3661E-09 3.1904E-09 2.9976E-09 2.7912E-09 2.5744E-09 2.3475E-09 2.1152E-09 1.8818E-09 1.6508E-09 1.4250E-09 1.2081E-09 1.0037E-09 8.1459E-10 6.4233E-10 4.8534E-10 3.4872E-10 2.3588E-10
4.3882E-10 4.8982E-10 5.4196E-10 6.0091E-10 6.6190E-10 7.2963E-10 7.9750E-10 8.7157E-10 9.4832E-10 1.0284E-09 1.1122E-09 1.1999E-09 1.2905E-09 1.3845E-09 1.4846E-09 1.5844E-09 1.6891E-09 1.7961E-09 1.9058E-09 2.0150E-09 2.1280E-09 2.2399E-09 2.3526E-09 2.4635E-09 2.5747E-09 2.6804E-09 2.7851E-09 2.8770E-09 2.9649E-09 3.0389E-09 3.1032E-09 3.1536E-09 3.1847E-09 3.2000E-09 3.1904E-09 3.1618E-09 3.1102E-09 3.0322E-09 2.9360E-09 2.8164E-09 2.6787E-09 2.5256E-09 2.3594E-09 2.1846E-09 2.0043E-09 1.8202E-09 1.6348E-09 1.4492E-09 1.2662E-09 1.0877E-09 9.1585E-10 7.5453E-10 6.0600E-10 4.7107E-10 3.5014E-10 2.4800E-10 1.6437E-10
3.6588E-10 4.0563E-10 4.5049E-10 4.9682E-10 5.4726E-10 6.0005E-10 6.5810E-10 7.1896E-10 7.8343E-10 8.5228E-10 9.2069E-10 9.9355E-10 1.0687E-09 1.1455E-09 1.2248E-09 1.3103E-09 1.3930E-09 1.4820E-09 1.5707E-09 1.6615E-09 1.7532E-09 1.8453E-09 1.9364E-09 2.0281E-09 2.1138E-09 2.2002E-09 2.2803E-09 2.3543E-09 2.4218E-09 2.4799E-09 2.5232E-09 2.5564E-09 2.5759E-09 2.5781E-09 2.5672E-09 2.5347E-09 2.4824E-09 2.4130E-09 2.3271E-09 2.2246E-09 2.1091E-09 1.9810E-09 1.8454E-09 1.7034E-09 1.5566E-09 1.4090E-09 1.2604E-09 1.1125E-09 9.6542E-10 8.2301E-10 6.8790E-10 5.6181E-10 4.4502E-10 3.3884E-10 2.4511E-10 1.6785E-10 1.0491E-10
3.0098E-10 3.3453E-10 3.7172E-10 4.1002E-10 4.5234E-10 4.9558E-10 5.4245E-10 5.9230E-10 6.4522E-10 6.9848E-10 7.5717E-10 8.1423E-10 8.7511E-10 9.3823E-10 1.0016E-09 1.0687E-09 1.1398E-09 1.2082E-09 1.2822E-09 1.3554E-09 1.4285E-09 1.5031E-09 1.5747E-09 1.6467E-09 1.7170E-09 1.7836E-09 1.8461E-09 1.9025E-09 1.9542E-09 1.9968E-09 2.0270E-09 2.0490E-09 2.0590E-09 2.0519E-09 2.0340E-09 2.0020E-09 1.9528E-09 1.8899E-09 1.8140E-09 1.7275E-09 1.6318E-09 1.5297E-09 1.4220E-09 1.3081E-09 1.1921E-09 1.0763E-09 9.6079E-10 8.4417E-10 7.2753E-10 6.1543E-10 5.0889E-10 4.0851E-10 3.1800E-10 2.3400E-10 1.6381E-10 1.0659E-10 6.1570E-11
2.4500E-10 2.7314E-10 3.0222E-10 3.3557E-10 3.6881E-10 4.0581E-10 4.4285E-10 4.8270E-10 5.2586E-10 5.7063E-10 6.1539E-10 6.6432E-10 7.1097E-10 7.6091E-10 8.1378E-10 8.6401E-10 9.2023E-10 9.7866E-10 1.0322E-09 1.0922E-09 1.1481E-09 1.2061E-09 1.2668E-09 1.3194E-09 1.3770E-09 1.4304E-09 1.4774E-09 1.5205E-09 1.5571E-09 1.5865E-09 1.6092E-09 1.6219E-09 1.6231E-09 1.6132E-09 1.5934E-09 1.5614E-09 1.5151E-09 1.4612E-09 1.3939E-09 1.3184E-09 1.2372E-09 1.1504E-09 1.0623E-09 9.7405E-10 8.8652E-10 7.9941E-10 7.1155E-10 6.2297E-10 5.3460E-10 4.4703E-10 3.6340E-10 2.8641E-10 2.1647E-10 1.5520E-10 1.0427E-10 6.2611E-11 3.1166E-11
1.9857E-10 2.1968E-10 2.4414E-10 2.6978E-10 2.9852E-10 3.2728E-10 3.5835E-10 3.9016E-10 4.2355E-10 4.6045E-10 4.9662E-10 5.3367E-10 5.7336E-10 6.0986E-10 6.5092E-10 6.9361E-10 7.3249E-10 7.7758E-10 8.2097E-10 8.6440E-10 9.1326E-10 9.5396E-10 1.0023E-09 1.0489E-09 1.0883E-09 1.1314E-09 1.1674E-09 1.2008E-09 1.2282E-09 1.2467E-09 1.2613E-09 1.2652E-09 1.2611E-09 1.2492E-09 1.2283E-09 1.1982E-09 1.1592E-09 1.1121E-09 1.0579E-09 9.9827E-10 9.3297E-10 8.6539E-10 7.9667E-10 7.2783E-10 6.5938E-10 5.9105E-10 5.2203E-10 4.5328E-10 3.8509E-10 3.1829E-10 2.5403E-10 1.9550E-10 1.4310E-10 9.7705E-11 6.1136E-11 3.2545E-11 1.4048E-11
1.5595E-10 1.7466E-10 1.9398E-10 2.1502E-10 2.3731E-10 2.6044E-10 2.8596E-10 3.1154E-10 3.3825E-10 3.6550E-10 3.9605E-10 4.2311E-10 4.5309E-10 4.8421E-10 5.1143E-10 5.4354E-10 5.7508E-10 6.0725E-10 6.4286E-10 6.7535E-10 7.1186E-10 7.4913E-10 7.8080E-10 8.1693E-10 8.5035E-10 8.8308E-10 9.1140E-10 9.3246E-10 9.5577E-10 9.6895E-10 9.7477E-10 9.7694E-10 9.6935E-10 9.5459E-10 9.3249E-10 9.0361E-10 8.6829E-10 8.2805E-10 7.8240E-10 7.3385E-10 6.8420E-10 6.3446E-10 5.8366E-10 5.3194E-10 4.7949E-10 4.2694E-10 3.7364E-10 3.2001E-10 2.6739E-10 2.1628E-10 1.6850E-10 1.2528E-10 8.7397E-11 5.6212E-11 3.2129E-11 1.5766E-11 5.3401E-12
1.1126E-10 1.2762E-10 1.4331E-10 1.6347E-10 1.8098E-10 1.9923E-10 2.2093E-10 2.4191E-10 2.6055E-10 2.8318E-10 3.0447E-10 3.2715E-10 3.4874E-10 3.7245E-10 3.9520E-10 4.1829E-10 4.4399E-10 4.6692E-10 4.9446E-10 5.2164E-10 5.4818E-10 5.7564E-10 6.0435E-10 6.3032E-10 6.5510E-10 6.7607E-10 6.9956E-10 7.1615E-10 7.2825E-10 7.3908E-10 7.4233E-10 7.4075E-10 7.3265E-10 7.2011E-10 7.0036E-10 6.7541E-10 6.4631E-10 6.1195E-10 5.7452E-10 5.3553E-10 4.9566E-10 4.5499E-10 4.1460E-10 3.7411E-10 3.3308E-10 2.9236E-10 2.5111E-10 2.1133E-10 1.7295E-10 1.3729E-10 1.0590E-10 7.5937E-11 4.9568E-11 2.9781E-11 1.6342E-11 7.2558E-12 1.4541E-12
6.6473E-11 7.9741E-11 9.4835E-11 1.0806E-10 1.2059E-10 1.3666E-10 1.5466E-10 1.6827E-10 1.8805E-10 2.0671E-10 2.2424E-10 2.4108E-10 2.6105E-10 2.8036E-10 2.9814E-10 3.1652E-10 3.3692E-10 3.5635E-10 3.7520E-10 3.9656E-10 4.1765E-10 4.3815E-10 4.5911E-10 4.7714E-10 4.9790E-10 5.1225E-10 5.2520E-10 5.3698E-10 5.4344E-10 5.4986E-10 5.4931E-10 5.4965E-10 5.4165E-10 5.3039E-10 5.1572E-10 4.9717E-10 4.7329E-10 4.4651E-10 4.1833E-10 3.8791E-10 3.5591E-10 3.2417E-10 2.9154E-10 2.5666E-10 2.2275E-10 1.9074E-10 1.6101E-10 1.3157E-10 1.0510E-10 8.1673E-11 5.9856E-11 4.0940E-11 2.6473E-11 1.6126E-11 9.2390E-12 3.5289E-12 0.0000E+00
3.0361E-11 4.4205E-11 5.8071E-11 7.0882E-11 8.1584E-11 9.3989E-11 1.0400E-10 1.1724E-10 1.3101E-10 1.4869E-10 1.5850E-10 1.7658E-10 1.9148E-10 2.0419E-10 2.2108E-10 2.3599E-10 2.5250E-10 2.6754E-10 2.8153E-10 2.9731E-10 3.1242E-10 3.2593E-10 3.4210E-10 3.5325E-10 3.6489E-10 3.7464E-10 3.8065E-10 3.8365E-10 3.8451E-10 3.8437E-10 3.7902E-10 3.7076E-10 3.6243E-10 3.5005E-10 3.3300E-10 3.1282E-10 2.9031E-10 2.6732E-10 2.4402E-10 2.1912E-10 1.9380E-10 1.6706E-10 1.4017E-10 1.1556E-10 9.4084E-11 7.1259E-11 5.1182E-11 3.6004E-11 2.3540E-11 1.5104E-11 1.0213E-11 8.3087E-12 7.6862E-12 6.1336E-12 4.5563E-12 1.5301E-12 0.0000E+00
6.3493E-12 9.6646E-12 1.3066E-11 1.6278E-11 2.4005E-11 3.9361E-11 5.1116E-11 7.1693E-11 8.4374E-11 9.2239E-11 1.0155E-10 1.1381E-10 1.2463E-10 1.3573E-10 1.4931E-10 1.6192E-10 1.7402E-10 1.9008E-10 2.0332E-10 2.1553E-10 2.2505E-10 2.3563E-10 2.4628E-10 2.5529E-10 2.6199E-10 2.6626E-10 2.7039E-10 2.7321E-10 2.7169E-10 2.6836E-10 2.6301E-10 2.5664E-10 2.4680E-10 2.3344E-10 2.1704E-10 1.9935E-10 1.8027E-10 1.6066E-10 1.4025E-10 1.1823E-10 9.5715E-11 7.6232E-11 5.8050E-11 4.3331E-11 2.9527E-11 1.7793E-11 8.4798E-12 3.1767E-12 7.7330E-13 0.0000E+00 0.0000E+00 0.0000E+00 0.0000E+00 0.0000E+00 0.0000E+00 0.0000E+00 0.0000E+00
1.6234E-12 2.9774E-12 4.9448E-12 7.3142E-12 9.7521E-12 1.2372E-11 1.7553E-11 2.3041E-11 2.6836E-11 3.2975E-11 3.9610E-11 4.9671E-11 5.9582E-11 7.3392E-11 8.2296E-11 8.9725E-11 1.0134E-10 1.1105E-10 1.1914E-10 1.2996E-10 1.4321E-10 1.5376E-10 1.6228E-10 1.6962E-10 1.7547E-10 1.7928E-10 1.8165E-10 1.8157E-10 1.8045E-10 1.7820E-10 1.7404E-10 1.6648E-10 1.5691E-10 1.4544E-10 1.3207E-10 1.1811E-10 1.0301E-10 8.7031E-11 7.0861E-11 5.4795E-11 4.0997E-11 2.8309E-11 1.9815E-11 1.2044E-11 6.0377E-12 2.1203E-12 4.1267E-13 0.0000E+00 0.0000E+00 0.0000E+00 0.0000E+00 0.0000E+00 0.0000E+00 0.0000E+00 0.0000E+00 0.0000E+00 0.0000E+00
0.0000E+00 1.5194E-13 7.0620E-13 1.7077E-12 2.8971E-12 4.4087E-12 6.1998E-12 9.5877E-12 1.2339E-11 1.7467E-11 2.1472E-11 2.5381E-11 3.1964E-11 3.7395E-11 4.3174E-11 4.9816E-11 6.0409E-11 6.9287E-11 7.3750E-11 8.3568E-11 9.0972E-11 9.4433E-11 1.0135E-10 1.0581E-10 1.1077E-10 1.1265E-10 1.1445E-10 1.1491E-10 1.1429E-10 1.1138E-10 1.0569E-10 9.9487E-11 9.2773E-11 8.3303E-11 7.3115E-11 6.1706E-11 4.9784E-11 3.7994E-11 2.6870E-11 1.8603E-11 1.3071E-11 8.0883E-12 4.0315E-12 1.4286E-12 2.6382E-13 0.0000E+00 0.0000E+00 0.0000E+00 0.0000E+00 0.0000E+00 0.0000E+00 0.0000E+00 0.0000E+00 0.0000E+00 0.0000E+00 0.0000E+00 0.0000E+00
