Assets/Resources/2015_m01_d22_1000(utc+0800)_l00_csi_1hr_conc.grd
DSAA
         159         159
     -79.000      79.000
     -79.000      79.000
  0.0000E+00  0.6767E-06
[rows 0 to 24 of 159, columns 57 to 113 of 159]
0.0000E+00 0.0000E+00 0.0000E+00 0.0000E+00 0.0000E+00 0.0000E+00 0.0000E+00 0.0000E+00 0.0000E+00 0.0000E+00 0.0000E+00 0.0000E+00 0.0000E+00 0.0000E+00 0.0000E+00 7.2731E-13 1.7934E-12 3.1767E-12 5.4702E-12 7.9300E-12 1.0847E-11 1.4772E-11 1.8072E-11 2.2554E-11 2.6969E-11 3.1849E-11 3.7856E-11 4.2871E-11 4.7826E-11 5.3373E-11 5.9236E-11 6.4060E-11 7.0581E-11 7.7266E-11 8.3014E-11 8.9350E-11 9.5972E-11 1.0291E-10 1.0971E-10 1.1635E-10 1.2505E-10 1.3229E-10 1.4026E-10 1.4759E-10 1.5745E-10 1.6581E-10 1.7443E-10 1.8283E-10 1.9144E-10 2.0311E-10 2.1226E-10 2.2160E-10 2.3307E-10 2.4283E-10 2.5516E-10 2.6741E-10 2.7776E-10
0.0000E+00 0.0000E+00 0.0000E+00 0.0000E+00 0.0000E+00 0.0000E+00 0.0000E+00 0.0000E+00 0.0000E+00 0.0000E+00 0.0000E+00 0.0000E+00 0.0000E+00 0.0000E+00 0.0000E+00 7.4423E-13 2.3159E-12 4.0168E-12 6.5989E-12 9.1592E-12 1.2173E-11 1.6502E-11 1.9665E-11 2.4983E-11 2.9159E-11 3.5047E-11 3.9669E-11 4.5306E-11 5.1285E-11 5.7060E-11 6.2367E-11 6.8817E-11 7.5448E-11 8.0598E-11 8.7463E-11 9.4064E-11 1.0099E-10 1.0780E-10 1.1488E-10 1.2318E-10 1.3090E-10 1.3847E-10 1.4586E-10 1.5583E-10 1.6429E-10 1.7300E-10 1.8152E-10 1.9261E-10 2.0216E-10 2.1148E-10 2.2296E-10 2.3277E-10 2.4722E-10 2.5757E-10 2.6807E-10 2.8091E-10 2.9599E-10
0.0000E+00 0.0000E+00 0.0000E+00 0.0000E+00 0.0000E+00 0.0000E+00 0.0000E+00 0.0000E+00 0.0000E+00 0.0000E+00 0.0000E+00 0.0000E+00 0.0000E+00 0.0000E+00 0.0000E+00 1.4962E-12 2.3695E-12 5.3550E-12 7.0392E-12 1.1180E-11 1.3822E-11 1.7880E-11 2.1976E-11 2.7195E-11 3.1437E-11 3.8320E-11 4.3836E-11 4.9161E-11 5.4161E-11 6.0604E-11 6.6971E-11 7.2560E-11 7.8640E-11 8.5455E-11 9.2448E-11 9.8931E-11 1.0572E-10 1.1236E-10 1.2111E-10 1.2885E-10 1.3645E-10 1.4525E-10 1.5439E-10 1.6247E-10 1.7127E-10 1.8035E-10 1.9162E-10 2.0085E-10 2.1227E-10 2.2205E-10 2.3650E-10 2.4690E-10 2.5963E-10 2.7385E-10 2.8942E-10 3.0257E-10 3.1776E-10
0.0000E+00 0.0000E+00 0.0000E+00 0.0000E+00 0.0000E+00 0.0000E+00 0.0000E+00 0.0000E+00 0.0000E+00 0.0000E+00 0.0000E+00 0.0000E+00 0.0000E+00 0.0000E+00 0.0000E+00 1.7820E-12 3.6605E-12 5.4828E-12 8.7194E-12 1.1476E-11 1.6008E-11 1.9437E-11 2.4474E-11 2.9478E-11 3.5404E-11 4.1294E-11 4.6620E-11 5.1911E-11 5.8239E-11 6.4506E-11 6.9743E-11 7.6586E-11 8.3335E-11 8.9853E-11 9.6728E-11 1.0348E-10 1.1055E-10 1.1886E-10 1.2660E-10 1.3421E-10 1.4395E-10 1.5224E-10 1.6083E-10 1.6925E-10 1.8030E-10 1.8983E-10 1.9918E-10 2.1080E-10 2.2279E-10 2.3553E-10 2.4829E-10 2.6633E-10 2.8101E-10 2.9313E-10 3.0859E-10 3.2071E-10 3.3513E-10
0.0000E+00 0.0000E+00 0.0000E+00 0.0000E+00 0.0000E+00 0.0000E+00 0.0000E+00 0.0000E+00 0.0000E+00 0.0000E+00 0.0000E+00 0.0000E+00 0.0000E+00 0.0000E+00 7.3756E-13 2.3017E-12 4.0038E-12 6.6142E-12 9.7134E-12 1.3314E-11 1.7106E-11 2.1942E-11 2.6795E-11 3.1689E-11 3.7968E-11 4.3671E-11 4.9635E-11 5.5835E-11 6.1578E-11 6.7694E-11 7.4445E-11 8.1114E-11 8.7150E-11 9.4396E-11 1.0110E-10 1.0858E-10 1.1686E-10 1.2416E-10 1.3177E-10 1.4154E-10 1.4985E-10 1.5847E-10 1.6741E-10 1.7809E-10 1.8771E-10 1.9915E-10 2.1100E-10 2.2360E-10 2.4356E-10 2.5583E-10 2.6929E-10 2.8101E-10 2.9711E-10 3.0940E-10 3.2409E-10 3.3909E-10 3.5654E-10
0.0000E+00 0.0000E+00 0.0000E+00 0.0000E+00 0.0000E+00 0.0000E+00 0.0000E+00 0.0000E+00 0.0000E+00 0.0000E+00 0.0000E+00 0.0000E+00 0.0000E+00 0.0000E+00 7.5204E-13 2.3487E-12 5.0799E-12 7.2726E-12 1.1232E-11 1.4944E-11 1.9515E-11 2.3742E-11 2.9543E-11 3.4803E-11 4.1012E-11 4.6813E-11 5.3001E-11 5.8205E-11 6.5580E-11 7.1667E-11 7.7821E-11 8.4775E-11 9.1946E-11 9.8589E-11 1.0603E-10 1.1427E-10 1.2153E-10 1.2958E-10 1.3890E-10 1.4722E-10 1.5586E-10 1.6577E-10 1.7605E-10 1.8723E-10 1.9685E-10 2.1357E-10 2.3122E-10 2.4342E-10 2.5684E-10 2.6857E-10 2.8470E-10 2.9709E-10 3.1428E-10 3.3218E-10 3.4762E-10 3.6268E-10 3.7861E-10
0.0000E+00 0.0000E+00 0.0000E+00 0.0000E+00 0.0000E+00 0.0000E+00 0.0000E+00 0.0000E+00 0.0000E+00 0.0000E+00 0.0000E+00 0.0000E+00 0.0000E+00 0.0000E+00 1.5086E-12 2.8875E-12 5.6900E-12 8.7129E-12 1.2530E-11 1.6509E-11 2.1581E-11 2.6133E-11 3.1301E-11 3.7707E-11 4.3601E-11 4.9339E-11 5.6187E-11 6.2454E-11 6.8977E-11 7.4610E-11 8.1882E-11 8.9391E-11 9.5959E-11 1.0334E-10 1.1152E-10 1.1874E-10 1.2721E-10 1.3606E-10 1.4437E-10 1.5300E-10 1.6342E-10 1.7327E-10 1.8454E-10 2.0128E-10 2.1846E-10 2.3052E-10 2.4380E-10 2.5551E-10 2.7162E-10 2.8624E-10 3.0635E-10 3.1963E-10 3.3526E-10 3.5272E-10 3.6683E-10 3.8111E-10 3.9781E-10
0.0000E+00 0.0000E+00 0.0000E+00 0.0000E+00 0.0000E+00 0.0000E+00 0.0000E+00 0.0000E+00 0.0000E+00 0.0000E+00 0.0000E+00 0.0000E+00 0.0000E+00 0.0000E+00 2.0173E-12 4.1913E-12 6.5700E-12 1.0198E-11 1.3339E-11 1.8858E-11 2.2539E-11 2.9088E-11 3.3944E-11 4.0418E-11 4.6935E-11 5.3063E-11 5.9721E-11 6.5827E-11 7.2185E-11 7.9339E-11 8.6743E-11 9.2366E-11 1.0053E-10 1.0864E-10 1.1535E-10 1.2421E-10 1.3303E-10 1.4130E-10 1.5039E-10 1.6081E-10 1.7149E-10 1.8656E-10 2.0150E-10 2.1740E-10 2.2858E-10 2.4213E-10 2.5616E-10 2.7542E-10 2.9289E-10 3.0859E-10 3.2436E-10 3.4098E-10 3.5632E-10 3.7308E-10 3.9144E-10 4.1121E-10 4.2784E-10
0.0000E+00 0.0000E+00 0.0000E+00 0.0000E+00 0.0000E+00 0.0000E+00 0.0000E+00 0.0000E+00 0.0000E+00 0.0000E+00 0.0000E+00 0.0000E+00 0.0000E+00 7.3673E-13 2.0542E-12 4.7577E-12 7.2184E-12 1.1441E-11 1.5079E-11 2.0111E-11 2.5364E-11 3.0260E-11 3.7283E-11 4.3477E-11 5.0079E-11 5.6158E-11 6.2522E-11 6.9151E-11 7.6168E-11 8.2738E-11 8.9549E-11 9.7610E-11 1.0519E-10 1.1227E-10 1.2106E-10 1.2982E-10 1.3805E-10 1.4710E-10 1.5881E-10 1.7286E-10 1.8702E-10 2.0317E-10 2.1505E-10 2.3073E-10 2.4587E-10 2.6326E-10 2.8112E-10 2.9443E-10 3.1015E-10 3.2630E-10 3.4222E-10 3.5922E-10 3.8183E-10 3.9948E-10 4.1526E-10 4.3450E-10 4.5069E-10
0.0000E+00 0.0000E+00 0.0000E+00 0.0000E+00 0.0000E+00 0.0000E+00 0.0000E+00 0.0000E+00 0.0000E+00 0.0000E+00 0.0000E+00 0.0000E+00 0.0000E+00 7.4852E-13 2.8370E-12 5.6170E-12 8.3846E-12 1.2208E-11 1.7130E-11 2.2040E-11 2.7214E-11 3.3470E-11 3.9394E-11 4.7136E-11 5.2478E-11 5.9620E-11 6.6229E-11 7.2667E-11 7.9540E-11 8.6654E-11 9.4154E-11 1.0163E-10 1.0906E-10 1.1777E-10 1.2645E-10 1.3462E-10 1.4549E-10 1.5806E-10 1.7097E-10 1.8757E-10 2.0333E-10 2.1481E-10 2.2952E-10 2.4726E-10 2.6636E-10 2.7972E-10 2.9549E-10 3.0961E-10 3.2779E-10 3.5126E-10 3.6794E-10 3.8586E-10 4.0196E-10 4.2155E-10 4.3815E-10 4.5736E-10 4.7841E-10
0.0000E+00 0.0000E+00 0.0000E+00 0.0000E+00 0.0000E+00 0.0000E+00 0.0000E+00 0.0000E+00 0.0000E+00 0.0000E+00 0.0000E+00 0.0000E+00 0.0000E+00 1.2430E-12 2.8849E-12 6.7200E-12 1.0344E-11 1.4160E-11 1.8036E-11 2.3886E-11 2.9749E-11 3.5670E-11 4.2758E-11 4.8833E-11 5.6318E-11 6.2739E-11 6.8589E-11 7.6719E-11 8.3694E-11 9.0630E-11 9.7993E-11 1.0574E-10 1.1435E-10 1.2256E-10 1.3123E-10 1.4335E-10 1.5829E-10 1.7336E-10 1.8773E-10 2.0026E-10 2.1314E-10 2.3160E-10 2.4917E-10 2.6496E-10 2.7855E-10 2.9463E-10 3.1628E-10 3.3881E-10 3.5559E-10 3.7363E-10 3.8988E-10 4.0971E-10 4.2662E-10 4.4995E-10 4.7184E-10 4.9267E-10 5.1156E-10
0.0000E+00 0.0000E+00 0.0000E+00 0.0000E+00 0.0000E+00 0.0000E+00 0.0000E+00 0.0000E+00 0.0000E+00 0.0000E+00 0.0000E+00 0.0000E+00 0.0000E+00 2.0036E-12 4.1840E-12 6.8436E-12 1.1554E-11 1.5359E-11 2.0687E-11 2.4963E-11 3.2224E-11 3.8337E-11 4.5791E-11 5.2082E-11 5.8837E-11 6.5919E-11 7.3304E-11 8.0260E-11 8.6619E-11 9.4714E-11 1.0233E-10 1.1092E-10 1.1910E-10 1.2899E-10 1.4349E-10 1.5486E-10 1.7102E-10 1.8498E-10 1.9911E-10 2.1509E-10 2.3054E-10 2.5124E-10 2.6571E-10 2.8154E-10 3.0049E-10 3.2274E-10 3.3943E-10 3.5539E-10 3.7398E-10 3.9309E-10 4.1142E-10 4.3912E-10 4.5766E-10 4.7893E-10 5.0072E-10 5.2085E-10 5.4026E-10
0.0000E+00 0.0000E+00 0.0000E+00 0.0000E+00 0.0000E+00 0.0000E+00 0.0000E+00 0.0000E+00 0.0000E+00 0.0000E+00 0.0000E+00 0.0000E+00 0.0000E+00 2.0329E-12 4.7551E-12 8.2463E-12 1.2441E-11 1.6204E-11 2.2449E-11 2.8219E-11 3.4333E-11 4.1479E-11 4.7918E-11 5.5823E-11 6.2275E-11 6.9589E-11 7.6369E-11 8.2988E-11 9.1364E-11 9.8939E-11 1.0657E-10 1.1791E-10 1.2909E-10 1.3986E-10 1.5238E-10 1.6772E-10 1.8187E-10 1.9731E-10 2.1586E-10 2.3154E-10 2.4935E-10 2.6325E-10 2.8183E-10 3.0142E-10 3.2318E-10 3.3945E-10 3.5823E-10 3.7751E-10 4.0004E-10 4.2415E-10 4.4291E-10 4.6454E-10 4.8674E-10 5.0745E-10 5.2994E-10 5.5539E-10 5.8132E-10
0.0000E+00 0.0000E+00 0.0000E+00 0.0000E+00 0.0000E+00 0.0000E+00 0.0000E+00 0.0000E+00 0.0000E+00 0.0000E+00 0.0000E+00 0.0000E+00 4.7405E-13 2.5538E-12 5.8295E-12 9.4132E-12 1.4094E-11 1.8772E-11 2.3731E-11 3.0312E-11 3.6089E-11 4.3982E-11 5.1895E-11 5.8100E-11 6.5755E-11 7.2336E-11 7.9342E-11 8.7163E-11 9.5096E-11 1.0497E-10 1.1566E-10 1.2536E-10 1.3681E-10 1.5096E-10 1.6541E-10 1.8224E-10 1.9786E-10 2.1279E-10 2.3182E-10 2.4702E-10 2.6376E-10 2.8530E-10 3.0480E-10 3.2321E-10 3.3986E-10 3.5907E-10 3.8441E-10 4.0771E-10 4.2641E-10 4.4798E-10 4.7037E-10 4.9157E-10 5.1474E-10 5.4388E-10 5.6790E-10 5.9034E-10 6.1519E-10
0.0000E+00 0.0000E+00 0.0000E+00 0.0000E+00 0.0000E+00 0.0000E+00 0.0000E+00 0.0000E+00 0.0000E+00 0.0000E+00 0.0000E+00 0.0000E+00 7.4225E-13 3.0844E-12 6.4145E-12 1.0458E-11 1.4877E-11 2.0971E-11 2.6098E-11 3.2207E-11 3.9759E-11 4.6400E-11 5.4546E-11 6.1107E-11 6.8310E-11 7.5685E-11 8.3441E-11 9.3131E-11 1.0148E-10 1.1147E-10 1.2275E-10 1.3307E-10 1.4681E-10 1.6647E-10 1.8058E-10 1.9500E-10 2.1411E-10 2.3124E-10 2.4802E-10 2.6731E-10 2.8727E-10 3.0777E-10 3.2498E-10 3.4522E-10 3.6744E-10 3.9150E-10 4.1178E-10 4.3154E-10 4.5410E-10 4.7793E-10 5.0847E-10 5.3174E-10 5.5635E-10 5.7936E-10 6.0508E-10 6.2835E-10 6.5398E-10
0.0000E+00 0.0000E+00 0.0000E+00 0.0000E+00 0.0000E+00 0.0000E+00 0.0000E+00 0.0000E+00 0.0000E+00 0.0000E+00 0.0000E+00 0.0000E+00 1.2326E-12 3.6262E-12 7.2945E-12 1.1424E-11 1.6059E-11 2.1896E-11 2.7435E-11 3.5193E-11 4.1466E-11 5.0113E-11 5.6813E-11 6.4878E-11 7.1570E-11 7.8824E-11 8.9746E-11 9.7356E-11 1.0846E-10 1.1809E-10 1.2921E-10 1.4604E-10 1.6313E-10 1.7643E-10 1.9258E-10 2.1131E-10 2.2856E-10 2.4687E-10 2.6627E-10 2.8522E-10 3.0584E-10 3.2437E-10 3.4672E-10 3.6989E-10 3.9364E-10 4.1344E-10 4.3626E-10 4.6281E-10 4.9159E-10 5.1516E-10 5.3797E-10 5.6352E-10 5.8981E-10 6.1396E-10 6.4463E-10 6.7345E-10 6.9871E-10
0.0000E+00 0.0000E+00 0.0000E+00 0.0000E+00 0.0000E+00 0.0000E+00 0.0000E+00 0.0000E+00 0.0000E+00 0.0000E+00 0.0000E+00 0.0000E+00 1.7306E-12 3.6764E-12 8.4199E-12 1.3022E-11 1.7787E-11 2.3907E-11 2.9855E-11 3.6738E-11 4.5243E-11 5.2602E-11 6.0091E-11 6.7056E-11 7.7923E-11 8.5848E-11 9.4499E-11 1.0383E-10 1.1424E-10 1.2727E-10 1.4004E-10 1.5852E-10 1.7274E-10 1.8831E-10 2.0769E-10 2.2740E-10 2.4640E-10 2.6495E-10 2.8766E-10 3.0627E-10 3.2661E-10 3.5195E-10 3.7645E-10 3.9693E-10 4.1766E-10 4.4412E-10 4.7179E-10 4.9938E-10 5.2271E-10 5.4876E-10 5.7562E-10 6.0055E-10 6.3651E-10 6.6229E-10 6.8847E-10 7.1509E-10 7.4140E-10
0.0000E+00 0.0000E+00 0.0000E+00 0.0000E+00 0.0000E+00 0.0000E+00 0.0000E+00 0.0000E+00 0.0000E+00 0.0000E+00 0.0000E+00 0.0000E+00 1.7490E-12 4.7185E-12 9.4288E-12 1.4135E-11 1.9267E-11 2.5673E-11 3.2706E-11 3.8822E-11 4.7298E-11 5.4780E-11 6.3016E-11 7.3266E-11 8.1016E-11 8.9943E-11 1.0007E-10 1.1280E-10 1.2444E-10 1.3547E-10 1.5581E-10 1.6852E-10 1.8326E-10 2.0397E-10 2.2422E-10 2.4266E-10 2.6337E-10 2.8549E-10 3.0563E-10 3.2858E-10 3.5241E-10 3.7654E-10 3.9794E-10 4.2432E-10 4.5194E-10 4.8062E-10 5.0447E-10 5.3129E-10 5.5671E-10 5.8890E-10 6.2139E-10 6.4806E-10 6.7495E-10 7.0231E-10 7.2970E-10 7.5694E-10 7.8418E-10
0.0000E+00 0.0000E+00 0.0000E+00 0.0000E+00 0.0000E+00 0.0000E+00 0.0000E+00 0.0000E+00 0.0000E+00 0.0000E+00 0.0000E+00 0.0000E+00 2.2588E-12 6.2808E-12 1.0057E-11 1.4840E-11 2.0882E-11 2.7170E-11 3.4651E-11 4.1906E-11 4.9875E-11 6.0996E-11 6.8641E-11 7.6643E-11 8.5906E-11 9.5374E-11 1.0801E-10 1.1990E-10 1.3225E-10 1.5178E-10 1.6441E-10 1.7787E-10 2.0003E-10 2.1879E-10 2.3870E-10 2.6191E-10 2.8458E-10 3.0544E-10 3.2879E-10 3.5212E-10 3.7763E-10 4.0114E-10 4.2885E-10 4.5695E-10 4.8480E-10 5.0954E-10 5.3752E-10 5.7028E-10 6.0208E-10 6.3039E-10 6.5794E-10 6.8609E-10 7.1474E-10 7.4354E-10 7.7231E-10 8.0140E-10 8.3090E-10
0.0000E+00 0.0000E+00 0.0000E+00 0.0000E+00 0.0000E+00 0.0000E+00 0.0000E+00 0.0000E+00 0.0000E+00 0.0000E+00 0.0000E+00 0.0000E+00 2.7734E-12 6.8566E-12 1.0569E-11 1.6481E-11 2.2499E-11 2.8949E-11 3.6298E-11 4.4491E-11 5.5397E-11 6.3618E-11 7.2188E-11 8.1417E-11 9.3139E-11 1.0356E-10 1.1503E-10 1.2783E-10 1.4714E-10 1.5990E-10 1.7365E-10 1.9513E-10 2.1502E-10 2.3377E-10 2.5766E-10 2.8168E-10 3.0565E-10 3.2922E-10 3.5709E-10 3.8156E-10 4.0566E-10 4.3591E-10 4.6483E-10 4.9085E-10 5.1806E-10 5.4980E-10 5.8228E-10 6.1416E-10 6.4300E-10 6.7236E-10 7.0193E-10 7.3169E-10 7.6176E-10 7.9193E-10 8.2253E-10 8.5306E-10 8.8326E-10
0.0000E+00 0.0000E+00 0.0000E+00 0.0000E+00 0.0000E+00 0.0000E+00 0.0000E+00 0.0000E+00 0.0000E+00 0.0000E+00 0.0000E+00 0.0000E+00 3.2906E-12 7.7932E-12 1.1595E-11 1.8269E-11 2.4159E-11 3.0736E-11 3.8650E-11 4.8997E-11 5.8585E-11 6.6987E-11 7.6383E-11 8.8528E-11 9.8803E-11 1.0990E-10 1.2373E-10 1.4087E-10 1.5513E-10 1.6902E-10 1.9104E-10 2.1071E-10 2.2930E-10 2.5294E-10 2.7815E-10 3.0178E-10 3.2823E-10 3.5619E-10 3.8276E-10 4.0749E-10 4.3875E-10 4.6859E-10 4.9519E-10 5.2779E-10 5.6110E-10 5.9466E-10 6.2418E-10 6.5476E-10 6.8584E-10 7.1692E-10 7.4772E-10 7.7885E-10 8.1038E-10 8.4227E-10 8.7403E-10 9.0561E-10 9.3722E-10
0.0000E+00 0.0000E+00 0.0000E+00 0.0000E+00 0.0000E+00 0.0000E+00 0.0000E+00 0.0000E+00 0.0000E+00 0.0000E+00 0.0000E+00 0.0000E+00 3.8155E-12 8.3458E-12 1.3123E-11 1.8862E-11 2.6329E-11 3.2330E-11 4.3538E-11 5.2486E-11 6.1371E-11 7.3864E-11 8.3892E-11 9.4050E-11 1.0502E-10 1.1764E-10 1.3578E-10 1.5080E-10 1.6552E-10 1.8846E-10 2.0707E-10 2.2512E-10 2.4924E-10 2.7284E-10 2.9727E-10 3.2453E-10 3.5648E-10 3.8407E-10 4.1157E-10 4.4326E-10 4.7487E-10 5.0572E-10 5.3778E-10 5.7157E-10 6.0559E-10 6.3659E-10 6.6820E-10 7.0016E-10 7.3229E-10 7.6494E-10 7.9797E-10 8.3111E-10 8.6437E-10 8.9794E-10 9.3150E-10 9.6532E-10 9.9896E-10
0.0000E+00 0.0000E+00 0.0000E+00 0.0000E+00 0.0000E+00 0.0000E+00 0.0000E+00 0.0000E+00 0.0000E+00 0.0000E+00 0.0000E+00 4.4642E-13 4.3407E-12 8.7768E-12 1.4256E-11 1.9981E-11 2.6895E-11 3.7641E-11 4.5821E-11 5.6067E-11 6.8587E-11 7.8374E-11 8.8855E-11 9.9704E-11 1.1306E-10 1.2574E-10 1.4700E-10 1.6144E-10 1.8220E-10 2.0326E-10 2.2046E-10 2.4470E-10 2.6868E-10 2.9348E-10 3.2095E-10 3.5326E-10 3.8376E-10 4.1465E-10 4.4692E-10 4.7916E-10 5.1056E-10 5.4345E-10 5.8153E-10 6.1315E-10 6.4544E-10 6.7837E-10 7.1146E-10 7.4517E-10 7.7983E-10 8.1516E-10 8.5030E-10 8.8516E-10 9.2017E-10 9.5542E-10 9.9093E-10 1.0260E-09 1.0610E-09
0.0000E+00 0.0000E+00 0.0000E+00 0.0000E+00 0.0000E+00 0.0000E+00 0.0000E+00 0.0000E+00 0.0000E+00 0.0000E+00 0.0000E+00 8.9842E-13 4.8745E-12 1.0233E-11 1.5162E-11 2.1764E-11 3.1350E-11 3.9700E-11 4.8269E-11 6.1272E-11 7.2829E-11 8.4187E-11 9.4858E-11 1.0792E-10 1.2141E-10 1.4243E-10 1.5843E-10 1.7521E-10 1.9815E-10 2.1542E-10 2.3850E-10 2.6708E-10 2.9086E-10 3.1760E-10 3.5055E-10 3.7968E-10 4.1205E-10 4.4943E-10 4.8295E-10 5.1419E-10 5.5264E-10 5.8884E-10 6.2237E-10 6.5617E-10 6.8989E-10 7.2435E-10 7.6015E-10 7.9652E-10 8.3325E-10 8.7000E-10 9.0691E-10 9.4399E-10 9.8108E-10 1.0182E-09 1.0553E-09 1.0921E-09 1.1290E-09
0.0000E+00 0.0000E+00 0.0000E+00 0.0000E+00 0.0000E+00 0.0000E+00 0.0000E+00 0.0000E+00 0.0000E+00 0.0000E+00 0.0000E+00 8.7941E-13 5.2753E-12 1.1180E-11 1.6813E-11 2.5716E-11 3.3703E-11 4.1985E-11 5.3822E-11 6.5901E-11 7.7973E-11 8.9982E-11 1.0249E-10 1.1677E-10 1.3795E-10 1.5395E-10 1.6992E-10 1.9307E-10 2.1143E-10 2.3342E-10 2.6439E-10 2.8749E-10 3.1534E-10 3.4642E-10 3.7518E-10 4.1013E-10 4.4927E-10 4.8460E-10 5.2083E-10 5.6022E-10 5.9805E-10 6.3255E-10 6.6713E-10 7.0315E-10 7.4008E-10 7.7738E-10 8.1550E-10 8.5365E-10 8.9217E-10 9.3151E-10 9.7125E-10 1.0106E-09 1.0498E-09 1.0889E-09 1.1279E-09 1.1670E-09 1.2054E-09
