Assets/Resources/2015_m01_d13_2200(utc+0800)_l00_csi_1hr_conc.grd
DSAA
         159         159
     -79.000      79.000
     -79.000      79.000
  0.0000E+00  0.4215E-05
[rows 75 to 99 of 159, columns 0 to 56 of 159]
3.5050E-09 3.6378E-09 3.7678E-09 3.8936E-09 4.0108E-09 4.1195E-09 4.2226E-09 4.3094E-09 4.3877E-09 4.4537E-09 4.5066E-09 4.5512E-09 4.5877E-09 4.6286E-09 4.6880E-09 4.7514E-09 4.8341E-09 4.9468E-09 5.0856E-09 5.2579E-09 5.4855E-09 5.7319E-09 5.9987E-09 6.2925E-09 6.6210E-09 6.9499E-09 7.3170E-09 7.7351E-09 8.1828E-09 8.6665E-09 9.2028E-09 9.7693E-09 1.0361E-08 1.0961E-08 1.1583E-08 1.2230E-08 1.2883E-08 1.3571E-08 1.4275E-08 1.5010E-08 1.5781E-08 1.6635E-08 1.7489E-08 1.8393E-08 1.9411E-08 2.0448E-08 2.1540E-08 2.2809E-08 2.4169E-08 2.5668E-08 2.7289E-08 2.9054E-08 3.0912E-08 3.2793E-08 3.4709E-08 3.6671E-08 3.8674E-08
3.2081E-09 3.3184E-09 3.4242E-09 3.5270E-09 3.6188E-09 3.7015E-09 3.7803E-09 3.8430E-09 3.8973E-09 3.9431E-09 3.9769E-09 4.0056E-09 4.0337E-09 4.0694E-09 4.1278E-09 4.1915E-09 4.2760E-09 4.3941E-09 4.5391E-09 4.7201E-09 4.9440E-09 5.1849E-09 5.4450E-09 5.7328E-09 6.0180E-09 6.3545E-09 6.7150E-09 7.1254E-09 7.5706E-09 8.0668E-09 8.5860E-09 9.1338E-09 9.7084E-09 1.0291E-08 1.0895E-08 1.1528E-08 1.2168E-08 1.2845E-08 1.3542E-08 1.4266E-08 1.5029E-08 1.5874E-08 1.6718E-08 1.7612E-08 1.8610E-08 1.9629E-08 2.0709E-08 2.1968E-08 2.3325E-08 2.4803E-08 2.6425E-08 2.8200E-08 3.0063E-08 3.2001E-08 3.3998E-08 3.6114E-08 3.8349E-08
2.9159E-09 3.0060E-09 3.0898E-09 3.1693E-09 3.2399E-09 3.2996E-09 3.3550E-09 3.3983E-09 3.4317E-09 3.4601E-09 3.4798E-09 3.4965E-09 3.5200E-09 3.5540E-09 3.6119E-09 3.6760E-09 3.7640E-09 3.8870E-09 4.0354E-09 4.2185E-09 4.4340E-09 4.6595E-09 4.9076E-09 5.1477E-09 5.4368E-09 5.7691E-09 6.1242E-09 6.5321E-09 6.9773E-09 7.4509E-09 7.9460E-09 8.4679E-09 9.0187E-09 9.5790E-09 1.0156E-08 1.0769E-08 1.1388E-08 1.2037E-08 1.2720E-08 1.3419E-08 1.4159E-08 1.4979E-08 1.5791E-08 1.6651E-08 1.7607E-08 1.8583E-08 1.9634E-08 2.0837E-08 2.2136E-08 2.3574E-08 2.5126E-08 2.6831E-08 2.8652E-08 3.0532E-08 3.2541E-08 3.4709E-08 3.7079E-08
2.6311E-09 2.7036E-09 2.7667E-09 2.8249E-09 2.8769E-09 2.9171E-09 2.9509E-09 2.9789E-09 2.9955E-09 3.0095E-09 3.0191E-09 3.0297E-09 3.0500E-09 3.0844E-09 3.1424E-09 3.2078E-09 3.2993E-09 3.4243E-09 3.5686E-09 3.7465E-09 3.9511E-09 4.1572E-09 4.3480E-09 4.6105E-09 4.9058E-09 5.2097E-09 5.5726E-09 5.9629E-09 6.3814E-09 6.8267E-09 7.2935E-09 7.7852E-09 8.3049E-09 8.8376E-09 9.3854E-09 9.9677E-09 1.0559E-08 1.1176E-08 1.1827E-08 1.2491E-08 1.3193E-08 1.3972E-08 1.4736E-08 1.5537E-08 1.6435E-08 1.7360E-08 1.8323E-08 1.9449E-08 2.0676E-08 2.1995E-08 2.3433E-08 2.5034E-08 2.6703E-08 2.8473E-08 3.0398E-08 3.2515E-08 3.4895E-08
2.3575E-09 2.4122E-09 2.4582E-09 2.4975E-09 2.5324E-09 2.5565E-09 2.5727E-09 2.5877E-09 2.5920E-09 2.5953E-09 2.5975E-09 2.6060E-09 2.6257E-09 2.6606E-09 2.7194E-09 2.7873E-09 2.8796E-09 3.0018E-09 3.1488E-09 3.3177E-09 3.4525E-09 3.6489E-09 3.8679E-09 4.0956E-09 4.3885E-09 4.7032E-09 5.0401E-09 5.4013E-09 5.7896E-09 6.2033E-09 6.6386E-09 7.0960E-09 7.5808E-09 8.0821E-09 8.5949E-09 9.1398E-09 9.6988E-09 1.0273E-08 1.0883E-08 1.1503E-08 1.2156E-08 1.2879E-08 1.3576E-08 1.4317E-08 1.5146E-08 1.5971E-08 1.6849E-08 1.7882E-08 1.8973E-08 2.0159E-08 2.1449E-08 2.2853E-08 2.4344E-08 2.5931E-08 2.7684E-08 2.9645E-08 3.1899E-08
2.0966E-09 2.1345E-09 2.1665E-09 2.1895E-09 2.2092E-09 2.2210E-09 2.2241E-09 2.2271E-09 2.2240E-09 2.2193E-09 2.2189E-09 2.2269E-09 2.2467E-09 2.2843E-09 2.3422E-09 2.4139E-09 2.4989E-09 2.6158E-09 2.7280E-09 2.8531E-09 3.0203E-09 3.1894E-09 3.4183E-09 3.6608E-09 3.9262E-09 4.2143E-09 4.5236E-09 4.8535E-09 5.2097E-09 5.5897E-09 5.9917E-09 6.4127E-09 6.8583E-09 7.3247E-09 7.8015E-09 8.3019E-09 8.8232E-09 9.3501E-09 9.9102E-09 1.0481E-08 1.1068E-08 1.1727E-08 1.2357E-08 1.3024E-08 1.3760E-08 1.4498E-08 1.5272E-08 1.6170E-08 1.7131E-08 1.8149E-08 1.9233E-08 2.0426E-08 2.1697E-08 2.3045E-08 2.4551E-08 2.6265E-08 2.8268E-08
1.8505E-09 1.8733E-09 1.8927E-09 1.9037E-09 1.9094E-09 1.9122E-09 1.9066E-09 1.8992E-09 1.8927E-09 1.8834E-09 1.8820E-09 1.8922E-09 1.9140E-09 1.9511E-09 2.0115E-09 2.0779E-09 2.1203E-09 2.2061E-09 2.3269E-09 2.4583E-09 2.6369E-09 2.8233E-09 3.0304E-09 3.2490E-09 3.4865E-09 3.7474E-09 4.0277E-09 4.3258E-09 4.6493E-09 4.9950E-09 5.3624E-09 5.7454E-09 6.1509E-09 6.5797E-09 7.0166E-09 7.4672E-09 7.9481E-09 8.4257E-09 8.9267E-09 9.4421E-09 9.9585E-09 1.0556E-08 1.1115E-08 1.1685E-08 1.2340E-08 1.2962E-08 1.3626E-08 1.4404E-08 1.5182E-08 1.6025E-08 1.6915E-08 1.7868E-08 1.8892E-08 1.9976E-08 2.1182E-08 2.2571E-08 2.4215E-08
1.6205E-09 1.6305E-09 1.6385E-09 1.6407E-09 1.6361E-09 1.6309E-09 1.6203E-09 1.6060E-09 1.5975E-09 1.5870E-09 1.5874E-09 1.5986E-09 1.6234E-09 1.6334E-09 1.6613E-09 1.6942E-09 1.7652E-09 1.8894E-09 2.0157E-09 2.1558E-09 2.3180E-09 2.4833E-09 2.6671E-09 2.8628E-09 3.0731E-09 3.3064E-09 3.5572E-09 3.8258E-09 4.1160E-09 4.4272E-09 4.7587E-09 5.1059E-09 5.4708E-09 5.8551E-09 6.2524E-09 6.6553E-09 7.0859E-09 7.5153E-09 7.9492E-09 8.4059E-09 8.8624E-09 9.3780E-09 9.8667E-09 1.0353E-08 1.0910E-08 1.1432E-08 1.1980E-08 1.2614E-08 1.3226E-08 1.3896E-08 1.4587E-08 1.5294E-08 1.6073E-08 1.6881E-08 1.7754E-08 1.8770E-08 1.9964E-08
1.4066E-09 1.4080E-09 1.4054E-09 1.4012E-09 1.3906E-09 1.3776E-09 1.3655E-09 1.3490E-09 1.3363E-09 1.3309E-09 1.3323E-09 1.3216E-09 1.3170E-09 1.3373E-09 1.3787E-09 1.4411E-09 1.5349E-09 1.6431E-09 1.7569E-09 1.8796E-09 2.0242E-09 2.1697E-09 2.3294E-09 2.5038E-09 2.6886E-09 2.8936E-09 3.1163E-09 3.3573E-09 3.6142E-09 3.8920E-09 4.1871E-09 4.4995E-09 4.8224E-09 5.1606E-09 5.5194E-09 5.8767E-09 6.2435E-09 6.6266E-09 7.0031E-09 7.4004E-09 7.8014E-09 8.2308E-09 8.6529E-09 9.0674E-09 9.5192E-09 9.9515E-09 1.0387E-08 1.0877E-08 1.1352E-08 1.1840E-08 1.2340E-08 1.2841E-08 1.3361E-08 1.3897E-08 1.4444E-08 1.5071E-08 1.5789E-08
1.2103E-09 1.2054E-09 1.1953E-09 1.1851E-09 1.1718E-09 1.1545E-09 1.1405E-09 1.1253E-09 1.1114E-09 1.0868E-09 1.0670E-09 1.0712E-09 1.0895E-09 1.1156E-09 1.1669E-09 1.2453E-09 1.3264E-09 1.4219E-09 1.5215E-09 1.6299E-09 1.7546E-09 1.8828E-09 2.0197E-09 2.1727E-09 2.3353E-09 2.5125E-09 2.7100E-09 2.9223E-09 3.1494E-09 3.3944E-09 3.6553E-09 3.9298E-09 4.2140E-09 4.5107E-09 4.8191E-09 5.1304E-09 5.4425E-09 5.7790E-09 6.1102E-09 6.4413E-09 6.7886E-09 7.1472E-09 7.4978E-09 7.8489E-09 8.2043E-09 8.5473E-09 8.8837E-09 9.2301E-09 9.5791E-09 9.9144E-09 1.0249E-08 1.0563E-08 1.0867E-08 1.1145E-08 1.1419E-08 1.1696E-08 1.2024E-08
1.0324E-09 1.0221E-09 1.0088E-09 9.9299E-10 9.7842E-10 9.6113E-10 9.4399E-10 9.2848E-10 8.9157E-10 8.7921E-10 8.7969E-10 8.8876E-10 8.9769E-10 9.3902E-10 1.0022E-09 1.0692E-09 1.1408E-09 1.2240E-09 1.3099E-09 1.4036E-09 1.5102E-09 1.6219E-09 1.7389E-09 1.8706E-09 2.0135E-09 2.1661E-09 2.3383E-09 2.5240E-09 2.7244E-09 2.9365E-09 3.1629E-09 3.4003E-09 3.6468E-09 3.8964E-09 4.1556E-09 4.4327E-09 4.7038E-09 4.9797E-09 5.2734E-09 5.5521E-09 5.8407E-09 6.1410E-09 6.4197E-09 6.7065E-09 6.9771E-09 7.2292E-09 7.4875E-09 7.7224E-09 7.9502E-09 8.1630E-09 8.3462E-09 8.5034E-09 8.6166E-09 8.7142E-09 8.7610E-09 8.7901E-09 8.8731E-09
8.7249E-10 8.5918E-10 8.4381E-10 8.2623E-10 8.0971E-10 7.9410E-10 7.7391E-10 7.3970E-10 7.2591E-10 7.1202E-10 7.1295E-10 7.2098E-10 7.5545E-10 8.0141E-10 8.5663E-10 9.1162E-10 9.7589E-10 1.0470E-09 1.1210E-09 1.1995E-09 1.2915E-09 1.3854E-09 1.4880E-09 1.5982E-09 1.7234E-09 1.8561E-09 2.0021E-09 2.1647E-09 2.3372E-09 2.5173E-09 2.7089E-09 2.9077E-09 3.1161E-09 3.3322E-09 3.5555E-09 3.7868E-09 4.0241E-09 4.2564E-09 4.4988E-09 4.7434E-09 4.9744E-09 5.2119E-09 5.4387E-09 5.6524E-09 5.8670E-09 6.0481E-09 6.2209E-09 6.3814E-09 6.5113E-09 6.6182E-09 6.6894E-09 6.7269E-09 6.7223E-09 6.6800E-09 6.6351E-09 6.5656E-09 6.4862E-09
7.2633E-10 7.1378E-10 6.9910E-10 6.8228E-10 6.6482E-10 6.4161E-10 6.1277E-10 5.8562E-10 5.8410E-10 5.7851E-10 5.8108E-10 6.0845E-10 6.4048E-10 6.8145E-10 7.2749E-10 7.7556E-10 8.2770E-10 8.9185E-10 9.5194E-10 1.0190E-09 1.0960E-09 1.1760E-09 1.2640E-09 1.3574E-09 1.4635E-09 1.5778E-09 1.6991E-09 1.8338E-09 1.9776E-09 2.1305E-09 2.2888E-09 2.4591E-09 2.6389E-09 2.8246E-09 3.0122E-09 3.2081E-09 3.4100E-09 3.6097E-09 3.8018E-09 4.0068E-09 4.1988E-09 4.3799E-09 4.5635E-09 4.7277E-09 4.8777E-09 5.0206E-09 5.1323E-09 5.2292E-09 5.3070E-09 5.3405E-09 5.3442E-09 5.3096E-09 5.2450E-09 5.1471E-09 5.0322E-09 4.9241E-09 4.8088E-09
5.9486E-10 5.8080E-10 5.6843E-10 5.5542E-10 5.2803E-10 4.9141E-10 4.7610E-10 4.6446E-10 4.5518E-10 4.5114E-10 4.7425E-10 4.9969E-10 5.2648E-10 5.6280E-10 5.9994E-10 6.4324E-10 6.8585E-10 7.3881E-10 7.9009E-10 8.4527E-10 9.1151E-10 9.8028E-10 1.0526E-09 1.1342E-09 1.2190E-09 1.3174E-09 1.4192E-09 1.5292E-09 1.6527E-09 1.7832E-09 1.9208E-09 2.0660E-09 2.2162E-09 2.3746E-09 2.5367E-09 2.6968E-09 2.8608E-09 3.0316E-09 3.1892E-09 3.3410E-09 3.5053E-09 3.6487E-09 3.7808E-09 3.9112E-09 4.0087E-09 4.1059E-09 4.1896E-09 4.2387E-09 4.2652E-09 4.2662E-09 4.2240E-09 4.1493E-09 4.0551E-09 3.9383E-09 3.7987E-09 3.6598E-09 3.5351E-09
4.6920E-10 4.5557E-10 4.4061E-10 4.1388E-10 3.8357E-10 3.6536E-10 3.5191E-10 3.4366E-10 3.4415E-10 3.6351E-10 3.8101E-10 4.0460E-10 4.3039E-10 4.5439E-10 4.9366E-10 5.2746E-10 5.6010E-10 6.0275E-10 6.4712E-10 6.9158E-10 7.4808E-10 8.0226E-10 8.6558E-10 9.3227E-10 1.0059E-09 1.0866E-09 1.1788E-09 1.2730E-09 1.3754E-09 1.4883E-09 1.6049E-09 1.7256E-09 1.8534E-09 1.9838E-09 2.1150E-09 2.2506E-09 2.3824E-09 2.5123E-09 2.6494E-09 2.7707E-09 2.8840E-09 3.0070E-09 3.1069E-09 3.1939E-09 3.2608E-09 3.3244E-09 3.3686E-09 3.3972E-09 3.3897E-09 3.3522E-09 3.2969E-09 3.2036E-09 3.0892E-09 2.9549E-09 2.8366E-09 2.6931E-09 2.5430E-09
3.6250E-10 3.4625E-10 3.1663E-10 2.8585E-10 2.7667E-10 2.5976E-10 2.5310E-10 2.6143E-10 2.7871E-10 2.9746E-10 3.1550E-10 3.3457E-10 3.5342E-10 3.7660E-10 4.0197E-10 4.2599E-10 4.5640E-10 4.8750E-10 5.2324E-10 5.6361E-10 6.0693E-10 6.5764E-10 7.0877E-10 7.6934E-10 8.3342E-10 9.0162E-10 9.7784E-10 1.0604E-09 1.1441E-09 1.2357E-09 1.3335E-09 1.4340E-09 1.5354E-09 1.6434E-09 1.7515E-09 1.8563E-09 1.9669E-09 2.0677E-09 2.1693E-09 2.2752E-09 2.3635E-09 2.4410E-09 2.5188E-09 2.5837E-09 2.6200E-09 2.6628E-09 2.6857E-09 2.6826E-09 2.6568E-09 2.5936E-09 2.5236E-09 2.4331E-09 2.3191E-09 2.1926E-09 2.0546E-09 1.9243E-09 1.8229E-09
2.8093E-10 2.4443E-10 2.1964E-10 2.0851E-10 2.0165E-10 1.9016E-10 2.0503E-10 2.1927E-10 2.3404E-10 2.5027E-10 2.6482E-10 2.8152E-10 2.9867E-10 3.1504E-10 3.3683E-10 3.5638E-10 3.7622E-10 4.0713E-10 4.3297E-10 4.6513E-10 5.0349E-10 5.4161E-10 5.8907E-10 6.3682E-10 6.9147E-10 7.5025E-10 8.0969E-10 8.7787E-10 9.4826E-10 1.0191E-09 1.0975E-09 1.1796E-09 1.2640E-09 1.3468E-09 1.4358E-09 1.5200E-09 1.6051E-09 1.6890E-09 1.7640E-09 1.8406E-09 1.9139E-09 1.9732E-09 2.0182E-09 2.0596E-09 2.0933E-09 2.1063E-09 2.1076E-09 2.0888E-09 2.0358E-09 1.9712E-09 1.8816E-09 1.7768E-09 1.6877E-09 1.5917E-09 1.4709E-09 1.3504E-09 1.2083E-09
1.9051E-10 1.7299E-10 1.5744E-10 1.5044E-10 1.4609E-10 1.5737E-10 1.6925E-10 1.8217E-10 1.9484E-10 2.0888E-10 2.2108E-10 2.3243E-10 2.4590E-10 2.6049E-10 2.7845E-10 2.9425E-10 3.1152E-10 3.2805E-10 3.5503E-10 3.7942E-10 4.0818E-10 4.4542E-10 4.7934E-10 5.2321E-10 5.6823E-10 6.1577E-10 6.6731E-10 7.1879E-10 7.7819E-10 8.3700E-10 8.9562E-10 9.6120E-10 1.0305E-09 1.0980E-09 1.1646E-09 1.2335E-09 1.2997E-09 1.3636E-09 1.4263E-09 1.4789E-09 1.5290E-09 1.5660E-09 1.6077E-09 1.6242E-09 1.6362E-09 1.6418E-09 1.6204E-09 1.5779E-09 1.5156E-09 1.4831E-09 1.3984E-09 1.3036E-09 1.2036E-09 1.1016E-09 9.8382E-10 9.3498E-10 8.2469E-10
1.4145E-10 1.2490E-10 1.1220E-10 1.1348E-10 1.2034E-10 1.2949E-10 1.3864E-10 1.4914E-10 1.6073E-10 1.7124E-10 1.8141E-10 1.9227E-10 2.0030E-10 2.0939E-10 2.2035E-10 2.3490E-10 2.5012E-10 2.6704E-10 2.8378E-10 3.0755E-10 3.3204E-10 3.5859E-10 3.9049E-10 4.2092E-10 4.5960E-10 5.0045E-10 5.4188E-10 5.8549E-10 6.2924E-10 6.8005E-10 7.2899E-10 7.7662E-10 8.3130E-10 8.8528E-10 9.3960E-10 9.9048E-10 1.0452E-09 1.0908E-09 1.1362E-09 1.1721E-09 1.2090E-09 1.2329E-09 1.2566E-09 1.2623E-09 1.2701E-09 1.2699E-09 1.2431E-09 1.2006E-09 1.1433E-09 1.0728E-09 9.9390E-10 9.2837E-10 8.4666E-10 7.3951E-10 6.6589E-10 5.7518E-10 5.0755E-10
9.6849E-11 8.7227E-11 9.1805E-11 9.6745E-11 1.0207E-10 1.0799E-10 1.1387E-10 1.2017E-10 1.2649E-10 1.3788E-10 1.4767E-10 1.5519E-10 1.6335E-10 1.7000E-10 1.7904E-10 1.8862E-10 1.9776E-10 2.1044E-10 2.2611E-10 2.4486E-10 2.6381E-10 2.8341E-10 3.1153E-10 3.3976E-10 3.6666E-10 3.9839E-10 4.3229E-10 4.6966E-10 5.0582E-10 5.4183E-10 5.8405E-10 6.2642E-10 6.6551E-10 7.0688E-10 7.5153E-10 7.8878E-10 8.3121E-10 8.6175E-10 8.9520E-10 9.2197E-10 9.4536E-10 9.6336E-10 9.7497E-10 9.7297E-10 9.6728E-10 9.4962E-10 9.2017E-10 8.9049E-10 8.3837E-10 7.7771E-10 7.1337E-10 6.4946E-10 5.6606E-10 4.9770E-10 4.5154E-10 3.9526E-10 3.5443E-10
7.4256E-11 7.5840E-11 7.8789E-11 8.2992E-11 8.7311E-11 9.0997E-11 9.5568E-11 1.0156E-10 1.0627E-10 1.1051E-10 1.1519E-10 1.2340E-10 1.3341E-10 1.4058E-10 1.4491E-10 1.5072E-10 1.6036E-10 1.6902E-10 1.7880E-10 1.8941E-10 2.0538E-10 2.2201E-10 2.3791E-10 2.6238E-10 2.8650E-10 3.1141E-10 3.3650E-10 3.6388E-10 3.9564E-10 4.2627E-10 4.5720E-10 4.9339E-10 5.2991E-10 5.5974E-10 5.8981E-10 6.2263E-10 6.5138E-10 6.7644E-10 6.9328E-10 7.1344E-10 7.2710E-10 7.3523E-10 7.3801E-10 7.3805E-10 7.2875E-10 7.1191E-10 6.8565E-10 6.4902E-10 6.0571E-10 5.5734E-10 5.0937E-10 4.3271E-10 4.0369E-10 3.5206E-10 3.0607E-10 2.7073E-10 2.3389E-10
6.6105E-11 6.7539E-11 6.9068E-11 7.0457E-11 7.3265E-11 7.7799E-11 8.1597E-11 8.4292E-11 8.6222E-11 9.3334E-11 9.7410E-11 1.0092E-10 1.0309E-10 1.0606E-10 1.1894E-10 1.2285E-10 1.2807E-10 1.3446E-10 1.4125E-10 1.4924E-10 1.5725E-10 1.7024E-10 1.8362E-10 1.9935E-10 2.1677E-10 2.3574E-10 2.5321E-10 2.7639E-10 2.9746E-10 3.2481E-10 3.4863E-10 3.7437E-10 4.0283E-10 4.3248E-10 4.5814E-10 4.7799E-10 5.0150E-10 5.1728E-10 5.2784E-10 5.4337E-10 5.5045E-10 5.5346E-10 5.4941E-10 5.4121E-10 5.3097E-10 5.1528E-10 5.0364E-10 4.7458E-10 4.4059E-10 4.0515E-10 3.4405E-10 3.0540E-10 2.7143E-10 2.3752E-10 2.1852E-10 1.8953E-10 1.5983E-10
5.8746E-11 6.0050E-11 6.1394E-11 6.2614E-11 6.3699E-11 6.4642E-11 6.6026E-11 7.1778E-11 7.5213E-11 7.6788E-11 7.7691E-11 7.8698E-11 8.8760E-11 9.0644E-11 9.2087E-11 9.4099E-11 9.5926E-11 1.0348E-10 1.1072E-10 1.1634E-10 1.2186E-10 1.3127E-10 1.3877E-10 1.4902E-10 1.5844E-10 1.7354E-10 1.8814E-10 2.0438E-10 2.1928E-10 2.3793E-10 2.5805E-10 2.7606E-10 2.9679E-10 3.1570E-10 3.3897E-10 3.5853E-10 3.7263E-10 3.8163E-10 3.9459E-10 4.0007E-10 4.0234E-10 4.0806E-10 4.0064E-10 3.9658E-10 3.8829E-10 3.7569E-10 3.5794E-10 3.3489E-10 3.0987E-10 2.5073E-10 2.4001E-10 2.0913E-10 1.8541E-10 1.6373E-10 1.4034E-10 1.1771E-10 9.6718E-11
5.2118E-11 5.3307E-11 5.4487E-11 5.5556E-11 5.6507E-11 5.7333E-11 5.8025E-11 5.8580E-11 5.8992E-11 6.2215E-11 6.7905E-11 6.8672E-11 6.9068E-11 7.0041E-11 7.0626E-11 7.8614E-11 8.0589E-11 8.3099E-11 8.4613E-11 8.8233E-11 8.9303E-11 9.7213E-11 1.0249E-10 1.0858E-10 1.1360E-10 1.2302E-10 1.3249E-10 1.4500E-10 1.5490E-10 1.6461E-10 1.7960E-10 1.9322E-10 2.1201E-10 2.2633E-10 2.4021E-10 2.5198E-10 2.6690E-10 2.7989E-10 2.8737E-10 2.9264E-10 2.9284E-10 2.9143E-10 2.8476E-10 2.8078E-10 2.7366E-10 2.6329E-10 2.4875E-10 2.2320E-10 1.9205E-10 1.6957E-10 1.4850E-10 1.3191E-10 1.1487E-10 1.0411E-10 8.6869E-11 7.0143E-11 5.5335E-11
4.4474E-11 4.5473E-11 4.7235E-11 4.9220E-11 5.0052E-11 5.0773E-11 5.1378E-11 5.1861E-11 5.2218E-11 5.2447E-11 5.2545E-11 5.2512E-11 5.4450E-11 6.0215E-11 6.0584E-11 6.1431E-11 6.1976E-11 6.1802E-11 6.3193E-11 6.8025E-11 7.2787E-11 7.3634E-11 7.4410E-11 7.8937E-11 8.3631E-11 8.6221E-11 8.7972E-11 9.3084E-11 1.0314E-10 1.1241E-10 1.2133E-10 1.2902E-10 1.3929E-10 1.4960E-10 1.6269E-10 1.7122E-10 1.8235E-10 1.9152E-10 1.9743E-10 2.0229E-10 2.0444E-10 2.0439E-10 1.9809E-10 1.9393E-10 1.8669E-10 1.7729E-10 1.5140E-10 1.3320E-10 1.2366E-10 1.1210E-10 9.8717E-11 8.5034E-11 7.1364E-11 5.7848E-11 4.6844E-11 3.4560E-11 2.4554E-11
