Assets/Resources/2015_m01_d31_1500(utc+0800)_l00_csi_1hr_conc.grd
DSAA
         159         159
     -79.000      79.000
     -79.000      79.000
  0.0000E+00  0.1521E-05
[rows 0 to 24 of 159, columns 0 to 56 of 159]
1.0561E-09 1.2086E-09 1.3774E-09 1.5613E-09 1.7598E-09 1.9734E-09 2.2027E-09 2.4458E-09 2.7010E-09 2.9676E-09 3.2443E-09 3.5293E-09 3.8188E-09 4.1100E-09 4.4003E-09 4.6878E-09 4.9691E-09 5.2398E-09 5.4957E-09 5.7338E-09 5.9509E-09 6.1440E-09 6.3102E-09 6.4470E-09 6.5522E-09 6.6243E-09 6.6619E-09 6.6648E-09 6.6322E-09 6.5629E-09 6.4602E-09 6.3243E-09 6.1583E-09 5.9675E-09 5.7498E-09 5.5097E-09 5.2524E-09 4.9786E-09 4.6917E-09 4.3976E-09 4.0994E-09 3.7981E-09 3.4999E-09 3.2074E-09 2.9211E-09 2.6454E-09 2.3832E-09 2.1338E-09 1.9000E-09 1.6788E-09 1.4771E-09 1.2868E-09 1.0766E-09 9.3841E-10 8.1169E-10 7.0005E-10 6.0064E-10
1.0920E-09 1.2522E-09 1.4280E-09 1.6192E-09 1.8266E-09 2.0510E-09 2.2909E-09 2.5448E-09 2.8124E-09 3.0927E-09 3.3839E-09 3.6821E-09 3.9856E-09 4.2928E-09 4.6005E-09 4.9046E-09 5.2003E-09 5.4846E-09 5.7543E-09 6.0056E-09 6.2354E-09 6.4399E-09 6.6161E-09 6.7613E-09 6.8732E-09 6.9501E-09 6.9911E-09 6.9950E-09 6.9614E-09 6.8914E-09 6.7849E-09 6.6425E-09 6.4692E-09 6.2646E-09 6.0337E-09 5.7835E-09 5.5097E-09 5.2197E-09 4.9194E-09 4.6082E-09 4.2917E-09 3.9755E-09 3.6610E-09 3.3509E-09 3.0501E-09 2.7605E-09 2.4833E-09 2.2215E-09 1.9766E-09 1.7483E-09 1.5364E-09 1.3374E-09 1.1161E-09 9.6693E-10 8.3516E-10 7.1946E-10 6.1699E-10
1.1256E-09 1.2919E-09 1.4740E-09 1.6731E-09 1.8901E-09 2.1240E-09 2.3738E-09 2.6392E-09 2.9201E-09 3.2136E-09 3.5173E-09 3.8299E-09 4.1496E-09 4.4733E-09 4.7959E-09 5.1140E-09 5.4243E-09 5.7234E-09 6.0080E-09 6.2738E-09 6.5166E-09 6.7326E-09 6.9190E-09 7.0729E-09 7.1919E-09 7.2738E-09 7.3181E-09 7.3230E-09 7.2891E-09 7.2159E-09 7.1049E-09 6.9585E-09 6.7767E-09 6.5622E-09 6.3219E-09 6.0538E-09 5.7649E-09 5.4626E-09 5.1433E-09 4.8154E-09 4.4852E-09 4.1500E-09 3.8178E-09 3.4932E-09 3.1764E-09 2.8711E-09 2.5809E-09 2.3064E-09 2.0491E-09 1.8105E-09 1.5893E-09 1.3877E-09 1.1717E-09 9.9316E-10 8.5717E-10 7.3576E-10 6.3060E-10
1.1556E-09 1.3272E-09 1.5160E-09 1.7233E-09 1.9487E-09 2.1915E-09 2.4517E-09 2.7294E-09 3.0220E-09 3.3276E-09 3.6454E-09 3.9737E-09 4.3089E-09 4.6466E-09 4.9837E-09 5.3180E-09 5.6466E-09 5.9636E-09 6.2644E-09 6.5441E-09 6.8004E-09 7.0289E-09 7.2265E-09 7.3897E-09 7.5167E-09 7.6054E-09 7.6535E-09 7.6609E-09 7.6267E-09 7.5515E-09 7.4369E-09 7.2833E-09 7.0936E-09 6.8722E-09 6.6186E-09 6.3373E-09 6.0359E-09 5.7131E-09 5.3768E-09 5.0344E-09 4.6829E-09 4.3305E-09 3.9832E-09 3.6395E-09 3.3060E-09 2.9866E-09 2.6808E-09 2.3925E-09 2.1239E-09 1.8719E-09 1.6404E-09 1.4288E-09 1.2325E-09 1.0164E-09 8.7601E-10 7.4898E-10 6.4153E-10
1.1811E-09 1.3581E-09 1.5536E-09 1.7684E-09 2.0015E-09 2.2535E-09 2.5246E-09 2.8128E-09 3.1168E-09 3.4358E-09 3.7685E-09 4.1110E-09 4.4599E-09 4.8123E-09 5.1671E-09 5.5192E-09 5.8633E-09 6.1940E-09 6.5084E-09 6.8026E-09 7.0719E-09 7.3125E-09 7.5203E-09 7.6934E-09 7.8280E-09 7.9218E-09 7.9741E-09 7.9831E-09 7.9491E-09 7.8717E-09 7.7522E-09 7.5924E-09 7.3955E-09 7.1624E-09 6.8973E-09 6.6061E-09 6.2880E-09 5.9500E-09 5.5995E-09 5.2355E-09 4.8667E-09 4.4993E-09 4.1322E-09 3.7723E-09 3.4244E-09 3.0884E-09 2.7690E-09 2.4689E-09 2.1875E-09 1.9271E-09 1.6881E-09 1.4696E-09 1.2685E-09 1.0363E-09 8.9399E-10 7.5912E-10 6.4954E-10
1.2024E-09 1.3846E-09 1.5867E-09 1.8079E-09 2.0488E-09 2.3103E-09 2.5908E-09 2.8893E-09 3.2054E-09 3.5381E-09 3.8837E-09 4.2393E-09 4.6031E-09 4.9733E-09 5.3447E-09 5.7116E-09 6.0699E-09 6.4162E-09 6.7478E-09 7.0588E-09 7.3440E-09 7.5978E-09 7.8186E-09 8.0024E-09 8.1452E-09 8.2474E-09 8.3050E-09 8.3175E-09 8.2843E-09 8.2060E-09 8.0837E-09 7.9184E-09 7.7127E-09 7.4703E-09 7.1948E-09 6.8877E-09 6.5562E-09 6.2044E-09 5.8341E-09 5.4527E-09 5.0672E-09 4.6781E-09 4.2928E-09 3.9166E-09 3.5499E-09 3.1985E-09 2.8644E-09 2.5491E-09 2.2552E-09 1.9824E-09 1.7335E-09 1.5034E-09 1.2985E-09 1.0546E-09 9.0655E-10 7.6787E-10 6.5471E-10
1.2195E-09 1.4071E-09 1.6143E-09 1.8419E-09 2.0907E-09 2.3603E-09 2.6497E-09 2.9591E-09 3.2875E-09 3.6319E-09 3.9897E-09 4.3602E-09 4.7409E-09 5.1267E-09 5.5122E-09 5.8941E-09 6.2696E-09 6.6342E-09 6.9820E-09 7.3069E-09 7.6043E-09 7.8719E-09 8.1045E-09 8.2976E-09 8.4506E-09 8.5592E-09 8.6212E-09 8.6375E-09 8.6062E-09 8.5270E-09 8.4010E-09 8.2302E-09 8.0181E-09 7.7657E-09 7.4770E-09 7.1582E-09 6.8112E-09 6.4409E-09 6.0543E-09 5.6561E-09 5.2505E-09 4.8435E-09 4.4415E-09 4.0459E-09 3.6631E-09 3.2960E-09 2.9467E-09 2.6189E-09 2.3132E-09 2.0308E-09 1.7725E-09 1.5372E-09 1.3249E-09 1.0780E-09 9.1853E-10 7.7646E-10 6.5672E-10
1.2330E-09 1.4246E-09 1.6369E-09 1.8707E-09 2.1263E-09 2.4033E-09 2.7021E-09 3.0221E-09 3.3608E-09 3.7162E-09 4.0882E-09 4.4742E-09 4.8692E-09 5.2687E-09 5.6694E-09 6.0695E-09 6.4627E-09 6.8433E-09 7.2053E-09 7.5444E-09 7.8580E-09 8.1408E-09 8.3862E-09 8.5934E-09 8.7570E-09 8.8736E-09 8.9439E-09 8.9650E-09 8.9345E-09 8.8554E-09 8.7271E-09 8.5521E-09 8.3316E-09 8.0696E-09 7.7721E-09 7.4381E-09 7.0756E-09 6.6912E-09 6.2871E-09 5.8696E-09 5.4465E-09 5.0208E-09 4.5969E-09 4.1824E-09 3.7819E-09 3.3973E-09 3.0335E-09 2.6906E-09 2.3718E-09 2.0780E-09 1.8093E-09 1.5646E-09 1.3463E-09 1.1419E-09 9.2425E-10 7.8421E-10 6.5555E-10
1.2421E-09 1.4374E-09 1.6542E-09 1.8935E-09 2.1551E-09 2.4396E-09 2.7472E-09 3.0762E-09 3.4246E-09 3.7928E-09 4.1787E-09 4.5777E-09 4.9856E-09 5.4001E-09 5.8188E-09 6.2356E-09 6.6441E-09 7.0396E-09 7.4172E-09 7.7747E-09 8.1044E-09 8.4008E-09 8.6612E-09 8.8800E-09 9.0524E-09 9.1790E-09 9.2559E-09 9.2793E-09 9.2528E-09 9.1744E-09 9.0448E-09 8.8655E-09 8.6390E-09 8.3701E-09 8.0589E-09 7.7122E-09 7.3366E-09 6.9329E-09 6.5097E-09 6.0748E-09 5.6318E-09 5.1863E-09 4.7458E-09 4.3129E-09 3.8949E-09 3.4905E-09 3.1100E-09 2.7534E-09 2.4240E-09 2.1186E-09 1.8408E-09 1.5879E-09 1.3654E-09 1.1558E-09 9.2973E-10 7.8769E-10 6.5080E-10
1.2471E-09 1.4454E-09 1.6662E-09 1.9101E-09 2.1776E-09 2.4691E-09 2.7843E-09 3.1211E-09 3.4805E-09 3.8608E-09 4.2580E-09 4.6686E-09 5.0907E-09 5.5221E-09 5.9566E-09 6.3880E-09 6.8110E-09 7.2243E-09 7.6211E-09 7.9943E-09 8.3398E-09 8.6526E-09 8.9267E-09 9.1560E-09 9.3419E-09 9.4787E-09 9.5624E-09 9.5956E-09 9.5738E-09 9.4964E-09 9.3660E-09 9.1829E-09 8.9504E-09 8.6709E-09 8.3493E-09 7.9911E-09 7.5984E-09 7.1791E-09 6.7407E-09 6.2861E-09 5.8227E-09 5.3581E-09 4.8938E-09 4.4402E-09 4.0022E-09 3.5830E-09 3.1879E-09 2.8138E-09 2.4693E-09 2.1534E-09 1.8679E-09 1.6090E-09 1.3777E-09 1.1638E-09 9.2918E-10 7.8706E-10 6.4384E-10
1.2479E-09 1.4488E-09 1.6728E-09 1.9209E-09 2.1936E-09 2.4912E-09 2.8124E-09 3.1582E-09 3.5277E-09 3.9178E-09 4.3252E-09 4.7485E-09 5.1859E-09 5.6318E-09 6.0800E-09 6.5257E-09 6.9679E-09 7.3991E-09 7.8114E-09 8.2028E-09 8.5653E-09 8.8919E-09 9.1826E-09 9.4317E-09 9.6319E-09 9.7800E-09 9.8769E-09 9.9165E-09 9.8985E-09 9.8252E-09 9.6952E-09 9.5099E-09 9.2731E-09 8.9876E-09 8.6572E-09 8.2852E-09 7.8781E-09 7.4436E-09 6.9838E-09 6.5080E-09 6.0250E-09 5.5395E-09 5.0559E-09 4.5822E-09 4.1239E-09 3.6834E-09 3.2667E-09 2.8786E-09 2.5206E-09 2.1889E-09 1.8909E-09 1.6235E-09 1.3844E-09 1.1688E-09 9.2394E-10 7.8095E-10 6.3611E-10
1.2445E-09 1.4475E-09 1.6741E-09 1.9257E-09 2.2029E-09 2.5051E-09 2.8329E-09 3.1868E-09 3.5646E-09 3.9631E-09 4.3812E-09 4.8181E-09 5.2685E-09 5.7267E-09 6.1884E-09 6.6529E-09 7.1127E-09 7.5591E-09 7.9908E-09 8.3993E-09 8.7764E-09 9.1257E-09 9.4352E-09 9.6961E-09 9.9113E-09 1.0074E-08 1.0180E-08 1.0229E-08 1.0221E-08 1.0152E-08 1.0025E-08 9.8408E-09 9.6005E-09 9.3077E-09 8.9663E-09 8.5819E-09 8.1611E-09 7.7076E-09 7.2298E-09 6.7361E-09 6.2305E-09 5.7210E-09 5.2141E-09 4.7171E-09 4.2368E-09 3.7778E-09 3.3444E-09 2.9390E-09 2.5622E-09 2.2204E-09 1.9090E-09 1.6334E-09 1.3891E-09 1.1656E-09 9.5425E-10 7.7514E-10 6.3032E-10
1.2369E-09 1.4413E-09 1.6702E-09 1.9244E-09 2.2048E-09 2.5114E-09 2.8453E-09 3.2059E-09 3.5901E-09 3.9970E-09 4.4267E-09 4.8749E-09 5.3360E-09 5.8064E-09 6.2858E-09 6.7670E-09 7.2411E-09 7.7070E-09 8.1563E-09 8.5813E-09 8.9837E-09 9.3508E-09 9.6725E-09 9.9556E-09 1.0189E-08 1.0364E-08 1.0488E-08 1.0552E-08 1.0552E-08 1.0490E-08 1.0367E-08 1.0182E-08 9.9390E-09 9.6404E-09 9.2904E-09 8.8947E-09 8.4582E-09 7.9877E-09 7.4915E-09 6.9741E-09 6.4454E-09 5.9136E-09 5.3854E-09 4.8655E-09 4.3626E-09 3.8835E-09 3.4248E-09 3.0008E-09 2.6103E-09 2.2504E-09 1.9270E-09 1.6402E-09 1.3874E-09 1.1619E-09 9.5086E-10 7.6316E-10 6.2248E-10
1.2249E-09 1.4305E-09 1.6607E-09 1.9167E-09 2.1992E-09 2.5100E-09 2.8490E-09 3.2140E-09 3.6041E-09 4.0204E-09 4.4595E-09 4.9166E-09 5.3882E-09 5.8744E-09 6.3691E-09 6.8635E-09 7.3563E-09 7.8398E-09 8.3067E-09 8.7565E-09 9.1771E-09 9.5584E-09 9.9063E-09 1.0209E-08 1.0457E-08 1.0655E-08 1.0794E-08 1.0866E-08 1.0879E-08 1.0826E-08 1.0707E-08 1.0527E-08 1.0284E-08 9.9820E-09 9.6251E-09 9.2182E-09 8.7677E-09 8.2799E-09 7.7622E-09 7.2232E-09 6.6729E-09 6.1147E-09 5.5587E-09 5.0122E-09 4.4853E-09 3.9806E-09 3.5048E-09 3.0630E-09 2.6505E-09 2.2801E-09 1.9469E-09 1.6486E-09 1.3858E-09 1.1505E-09 9.3932E-10 7.4858E-10 6.1490E-10
1.2087E-09 1.4149E-09 1.6451E-09 1.9020E-09 2.1868E-09 2.5005E-09 2.8423E-09 3.2109E-09 3.6076E-09 4.0314E-09 4.4767E-09 4.9428E-09 5.4277E-09 5.9264E-09 6.4339E-09 6.9454E-09 7.4551E-09 7.9559E-09 8.4464E-09 8.9147E-09 9.3511E-09 9.7606E-09 1.0130E-08 1.0450E-08 1.0724E-08 1.0941E-08 1.1094E-08 1.1189E-08 1.1218E-08 1.1176E-08 1.1069E-08 1.0892E-08 1.0650E-08 1.0345E-08 9.9807E-09 9.5634E-09 9.0983E-09 8.5929E-09 8.0560E-09 7.4942E-09 6.9165E-09 6.3324E-09 5.7532E-09 5.1813E-09 4.6266E-09 4.0968E-09 3.5988E-09 3.1288E-09 2.7022E-09 2.3161E-09 1.9613E-09 1.6547E-09 1.3820E-09 1.1389E-09 9.2396E-10 7.2861E-10 6.0231E-10
1.1881E-09 1.3938E-09 1.6233E-09 1.8809E-09 2.1668E-09 2.4819E-09 2.8252E-09 3.1976E-09 3.5997E-09 4.0277E-09 4.4802E-09 4.9556E-09 5.4503E-09 5.9619E-09 6.4831E-09 7.0075E-09 7.5358E-09 8.0586E-09 8.5657E-09 9.0519E-09 9.5172E-09 9.9479E-09 1.0338E-08 1.0686E-08 1.0982E-08 1.1217E-08 1.1397E-08 1.1511E-08 1.1552E-08 1.1525E-08 1.1427E-08 1.1256E-08 1.1017E-08 1.0711E-08 1.0342E-08 9.9160E-09 9.4378E-09 8.9160E-09 8.3574E-09 7.7717E-09 7.1690E-09 6.5590E-09 5.9473E-09 5.3457E-09 4.7634E-09 4.2084E-09 3.6839E-09 3.1969E-09 2.7523E-09 2.3427E-09 1.9830E-09 1.6639E-09 1.3810E-09 1.1308E-09 9.0476E-10 7.2042E-10 5.8730E-10
1.1632E-09 1.3674E-09 1.5957E-09 1.8534E-09 2.1390E-09 2.4541E-09 2.7982E-09 3.1737E-09 3.5786E-09 4.0108E-09 4.4691E-09 4.9524E-09 5.4584E-09 5.9799E-09 6.5108E-09 7.0552E-09 7.6009E-09 8.1365E-09 8.6654E-09 9.1784E-09 9.6634E-09 1.0118E-08 1.0537E-08 1.0908E-08 1.1227E-08 1.1493E-08 1.1696E-08 1.1828E-08 1.1893E-08 1.1885E-08 1.1801E-08 1.1643E-08 1.1411E-08 1.1107E-08 1.0736E-08 1.0301E-08 9.8105E-09 9.2713E-09 8.6920E-09 8.0834E-09 7.4530E-09 6.8116E-09 6.1703E-09 5.5415E-09 4.9280E-09 4.3421E-09 3.7907E-09 3.2779E-09 2.8090E-09 2.3865E-09 2.0095E-09 1.6688E-09 1.3848E-09 1.1320E-09 8.8941E-10 7.0093E-10 5.6631E-10
1.1344E-09 1.3361E-09 1.5626E-09 1.8190E-09 2.1029E-09 2.4171E-09 2.7618E-09 3.1384E-09 3.5448E-09 3.9795E-09 4.4433E-09 4.9349E-09 5.4477E-09 5.9766E-09 6.5253E-09 7.0834E-09 7.6393E-09 8.1987E-09 8.7496E-09 9.2790E-09 9.7926E-09 1.0275E-08 1.0715E-08 1.1116E-08 1.1468E-08 1.1758E-08 1.1984E-08 1.2146E-08 1.2235E-08 1.2244E-08 1.2177E-08 1.2031E-08 1.1807E-08 1.1506E-08 1.1132E-08 1.0692E-08 1.0190E-08 9.6339E-09 9.0342E-09 8.3991E-09 7.7402E-09 7.0703E-09 6.3973E-09 5.7329E-09 5.0882E-09 4.4746E-09 3.8944E-09 3.3562E-09 2.8651E-09 2.4241E-09 2.0303E-09 1.6889E-09 1.3868E-09 1.1286E-09 8.8194E-10 6.7891E-10 5.4285E-10
1.1015E-09 1.3002E-09 1.5241E-09 1.7781E-09 2.0592E-09 2.3718E-09 2.7154E-09 3.0918E-09 3.4977E-09 3.9346E-09 4.4039E-09 4.8996E-09 5.4167E-09 5.9592E-09 6.5189E-09 7.0854E-09 7.6626E-09 8.2402E-09 8.8067E-09 9.3657E-09 9.9028E-09 1.0406E-08 1.0882E-08 1.1313E-08 1.1687E-08 1.2011E-08 1.2271E-08 1.2459E-08 1.2571E-08 1.2609E-08 1.2565E-08 1.2437E-08 1.2224E-08 1.1933E-08 1.1562E-08 1.1118E-08 1.0605E-08 1.0035E-08 9.4145E-09 8.7550E-09 8.0684E-09 7.3645E-09 6.6572E-09 5.9597E-09 5.2817E-09 4.6313E-09 4.0195E-09 3.4551E-09 2.9390E-09 2.4750E-09 2.0662E-09 1.7016E-09 1.3943E-09 1.1323E-09 8.8393E-10 6.5877E-10 5.1830E-10
1.0654E-09 1.2602E-09 1.4806E-09 1.7307E-09 2.0079E-09 2.3179E-09 2.6595E-09 3.0336E-09 3.4378E-09 3.8777E-09 4.3485E-09 4.8450E-09 5.3712E-09 5.9216E-09 6.4875E-09 7.0704E-09 7.6625E-09 8.2541E-09 8.8468E-09 9.4274E-09 9.9851E-09 1.0525E-08 1.1029E-08 1.1485E-08 1.1899E-08 1.2256E-08 1.2545E-08 1.2765E-08 1.2912E-08 1.2975E-08 1.2952E-08 1.2844E-08 1.2649E-08 1.2367E-08 1.1997E-08 1.1552E-08 1.1032E-08 1.0447E-08 9.8067E-09 9.1213E-09 8.4037E-09 7.6670E-09 6.9263E-09 6.1912E-09 5.4751E-09 4.7901E-09 4.1483E-09 3.5519E-09 3.0089E-09 2.5257E-09 2.0975E-09 1.7274E-09 1.4103E-09 1.1344E-09 8.8743E-10 6.5450E-10 4.9814E-10
1.0273E-09 1.2176E-09 1.4335E-09 1.6787E-09 1.9510E-09 2.2570E-09 2.5940E-09 2.9644E-09 3.3675E-09 3.8063E-09 4.2756E-09 4.7760E-09 5.3061E-09 5.8610E-09 6.4378E-09 7.0318E-09 7.6354E-09 8.2487E-09 8.8597E-09 9.4595E-09 1.0051E-08 1.0616E-08 1.1147E-08 1.1644E-08 1.2092E-08 1.2478E-08 1.2808E-08 1.3066E-08 1.3244E-08 1.3337E-08 1.3347E-08 1.3267E-08 1.3091E-08 1.2823E-08 1.2466E-08 1.2023E-08 1.1497E-08 1.0900E-08 1.0241E-08 9.5306E-09 8.7837E-09 8.0135E-09 7.2343E-09 6.4600E-09 5.7066E-09 4.9846E-09 4.3045E-09 3.6750E-09 3.1071E-09 2.5958E-09 2.1478E-09 1.7598E-09 1.4247E-09 1.1450E-09 9.0212E-10 6.5730E-10 4.7768E-10
9.8725E-10 1.1722E-09 1.3828E-09 1.6222E-09 1.8888E-09 2.1898E-09 2.5211E-09 2.8867E-09 3.2865E-09 3.7231E-09 4.1903E-09 4.6906E-09 5.2230E-09 5.7824E-09 6.3640E-09 6.9676E-09 7.5875E-09 8.2139E-09 8.8425E-09 9.4714E-09 1.0087E-08 1.0678E-08 1.1247E-08 1.1776E-08 1.2258E-08 1.2690E-08 1.3058E-08 1.3349E-08 1.3567E-08 1.3702E-08 1.3745E-08 1.3688E-08 1.3539E-08 1.3290E-08 1.2944E-08 1.2502E-08 1.1974E-08 1.1367E-08 1.0689E-08 9.9543E-09 9.1771E-09 8.3709E-09 7.5528E-09 6.7393E-09 5.9448E-09 5.1830E-09 4.4661E-09 3.8063E-09 3.2042E-09 2.6688E-09 2.2017E-09 1.7954E-09 1.4502E-09 1.1625E-09 9.0903E-10 6.7327E-10 4.6283E-10
9.4552E-10 1.1249E-09 1.3292E-09 1.5624E-09 1.8225E-09 2.1166E-09 2.4412E-09 2.8011E-09 3.1960E-09 3.6270E-09 4.0903E-09 4.5910E-09 5.1231E-09 5.6824E-09 6.2710E-09 6.8834E-09 7.5103E-09 8.1521E-09 8.8021E-09 9.4508E-09 1.0090E-08 1.0716E-08 1.1315E-08 1.1880E-08 1.2405E-08 1.2875E-08 1.3281E-08 1.3622E-08 1.3885E-08 1.4055E-08 1.4134E-08 1.4117E-08 1.3997E-08 1.3769E-08 1.3440E-08 1.3009E-08 1.2482E-08 1.1865E-08 1.1171E-08 1.0414E-08 9.6056E-09 8.7647E-09 7.9088E-09 7.0529E-09 6.2150E-09 5.4119E-09 4.6583E-09 3.9598E-09 3.3261E-09 2.7657E-09 2.2698E-09 1.8433E-09 1.4823E-09 1.1760E-09 9.2203E-10 6.8797E-10 4.7245E-10
9.0301E-10 1.0758E-09 1.2733E-09 1.4997E-09 1.7514E-09 2.0380E-09 2.3550E-09 2.7074E-09 3.0958E-09 3.5207E-09 3.9791E-09 4.4765E-09 5.0044E-09 5.5655E-09 6.1575E-09 6.7724E-09 7.4099E-09 8.0661E-09 8.7304E-09 9.4003E-09 1.0065E-08 1.0719E-08 1.1353E-08 1.1957E-08 1.2517E-08 1.3032E-08 1.3489E-08 1.3876E-08 1.4177E-08 1.4398E-08 1.4524E-08 1.4544E-08 1.4456E-08 1.4260E-08 1.3952E-08 1.3531E-08 1.3008E-08 1.2388E-08 1.1681E-08 1.0901E-08 1.0064E-08 9.1886E-09 8.2918E-09 7.3933E-09 6.5169E-09 5.6687E-09 4.8722E-09 4.1339E-09 3.4692E-09 2.8723E-09 2.3517E-09 1.9041E-09 1.5226E-09 1.2049E-09 9.3672E-10 7.0048E-10 4.9067E-10
8.5907E-10 1.0251E-09 1.2158E-09 1.4336E-09 1.6770E-09 1.9556E-09 2.2632E-09 2.6073E-09 2.9872E-09 3.4037E-09 3.8557E-09 4.3470E-09 4.8705E-09 5.4301E-09 6.0209E-09 6.6401E-09 7.2859E-09 7.9513E-09 8.6319E-09 9.3198E-09 1.0009E-08 1.0692E-08 1.1357E-08 1.1996E-08 1.2603E-08 1.3164E-08 1.3663E-08 1.4099E-08 1.4458E-08 1.4729E-08 1.4896E-08 1.4964E-08 1.4918E-08 1.4755E-08 1.4469E-08 1.4069E-08 1.3554E-08 1.2932E-08 1.2212E-08 1.1412E-08 1.0547E-08 9.6367E-09 8.6999E-09 7.7634E-09 6.8370E-09 5.9490E-09 5.1136E-09 4.3370E-09 3.6289E-09 3.0020E-09 2.4487E-09 1.9744E-09 1.5716E-09 1.2361E-09 9.5602E-10 7.1744E-10 5.0767E-10
