Assets/Resources/2015_m01_d06_0400(utc+0800)_l00_csi_1hr_conc.grd
DSAA
         159         159
     -79.000      79.000
     -79.000      79.000
  0.0000E+00  0.2123E-04
[rows 0 to 24 of 159, columns 57 to 113 of 159]
0.0000E+00 0.0000E+00 9.8153E-12 4.3268E-11 1.0228E-10 1.9650E-10 3.4115E-10 5.6240E-10 8.7607E-10 1.2906E-09 1.8236E-09 2.4947E-09 3.3108E-09 4.2631E-09 5.3283E-09 6.4643E-09 7.6130E-09 8.7056E-09 9.6657E-09 1.0422E-08 1.0914E-08 1.1101E-08 1.0971E-08 1.0534E-08 9.8285E-09 8.9124E-09 7.8586E-09 6.7381E-09 5.6197E-09 4.5598E-09 3.5997E-09 2.7654E-09 2.0717E-09 1.5068E-09 1.0697E-09 7.3660E-10 4.9380E-10 3.2039E-10 1.9700E-10 1.0936E-10 5.2897E-11 1.0554E-11 0.0000E+00 0.0000E+00 0.0000E+00 0.0000E+00 0.0000E+00 0.0000E+00 0.0000E+00 0.0000E+00 0.0000E+00 0.0000E+00 0.0000E+00 0.0000E+00 0.0000E+00 0.0000E+00 0.0000E+00
0.0000E+00 0.0000E+00 1.1901E-11 4.9776E-11 1.1777E-10 2.2220E-10 3.8740E-10 6.3221E-10 9.8561E-10 1.4516E-09 2.0503E-09 2.8069E-09 3.7269E-09 4.7998E-09 5.9958E-09 7.2669E-09 8.5469E-09 9.7551E-09 1.0806E-08 1.1617E-08 1.2123E-08 1.2282E-08 1.2082E-08 1.1544E-08 1.0715E-08 9.6629E-09 8.4681E-09 7.2128E-09 5.9748E-09 4.8128E-09 3.7717E-09 2.8753E-09 2.1336E-09 1.5418E-09 1.0818E-09 7.3894E-10 4.9028E-10 3.1651E-10 1.9000E-10 1.0198E-10 4.2307E-11 2.4571E-12 0.0000E+00 0.0000E+00 0.0000E+00 0.0000E+00 0.0000E+00 0.0000E+00 0.0000E+00 0.0000E+00 0.0000E+00 0.0000E+00 0.0000E+00 0.0000E+00 0.0000E+00 0.0000E+00 0.0000E+00
0.0000E+00 0.0000E+00 1.6028E-11 5.9196E-11 1.3033E-10 2.5135E-10 4.3346E-10 7.0432E-10 1.0987E-09 1.6172E-09 2.2854E-09 3.1300E-09 4.1537E-09 5.3450E-09 6.6709E-09 8.0750E-09 9.4804E-09 1.0795E-08 1.1924E-08 1.2775E-08 1.3281E-08 1.3397E-08 1.3115E-08 1.2463E-08 1.1497E-08 1.0301E-08 8.9664E-09 7.5842E-09 6.2336E-09 4.9822E-09 3.8712E-09 2.9276E-09 2.1521E-09 1.5418E-09 1.0717E-09 7.2469E-10 4.7613E-10 3.0227E-10 1.7607E-10 9.1732E-11 2.2673E-11 0.0000E+00 0.0000E+00 0.0000E+00 0.0000E+00 0.0000E+00 0.0000E+00 0.0000E+00 0.0000E+00 0.0000E+00 0.0000E+00 0.0000E+00 0.0000E+00 0.0000E+00 0.0000E+00 0.0000E+00 0.0000E+00
0.0000E+00 6.9264E-13 2.1458E-11 6.9114E-11 1.4976E-10 2.8001E-10 4.8317E-10 7.8601E-10 1.2166E-09 1.7891E-09 2.5280E-09 3.4588E-09 4.5875E-09 5.8989E-09 7.3518E-09 8.8819E-09 1.0402E-08 1.1810E-08 1.3000E-08 1.3874E-08 1.4358E-08 1.4411E-08 1.4029E-08 1.3251E-08 1.2147E-08 1.0809E-08 9.3372E-09 7.8352E-09 6.3883E-09 5.0611E-09 3.8994E-09 2.9190E-09 2.1273E-09 1.5046E-09 1.0378E-09 6.9297E-10 4.5038E-10 2.7960E-10 1.5857E-10 7.1368E-11 3.0312E-12 0.0000E+00 0.0000E+00 0.0000E+00 0.0000E+00 0.0000E+00 0.0000E+00 0.0000E+00 0.0000E+00 0.0000E+00 0.0000E+00 0.0000E+00 0.0000E+00 0.0000E+00 0.0000E+00 0.0000E+00 0.0000E+00
0.0000E+00 2.0909E-12 2.5374E-11 7.5564E-11 1.6866E-10 3.1068E-10 5.3458E-10 8.6667E-10 1.3410E-09 1.9691E-09 2.7783E-09 3.7978E-09 5.0311E-09 6.4562E-09 8.0285E-09 9.6747E-09 1.1298E-08 1.2784E-08 1.4016E-08 1.4892E-08 1.5335E-08 1.5306E-08 1.4810E-08 1.3894E-08 1.2645E-08 1.1165E-08 9.5682E-09 7.9590E-09 6.4302E-09 5.0472E-09 3.8483E-09 2.8541E-09 2.0563E-09 1.4412E-09 9.8206E-10 6.4776E-10 4.1413E-10 2.5014E-10 1.3763E-10 3.3969E-11 0.0000E+00 0.0000E+00 0.0000E+00 0.0000E+00 0.0000E+00 0.0000E+00 0.0000E+00 0.0000E+00 0.0000E+00 0.0000E+00 0.0000E+00 0.0000E+00 0.0000E+00 0.0000E+00 0.0000E+00 0.0000E+00 0.0000E+00
0.0000E+00 4.5810E-12 3.1830E-11 8.6908E-11 1.8381E-10 3.4647E-10 5.8620E-10 9.4815E-10 1.4658E-09 2.1486E-09 3.0337E-09 4.1422E-09 5.4777E-09 7.0169E-09 8.7051E-09 1.0460E-08 1.2172E-08 1.3716E-08 1.4968E-08 1.5821E-08 1.6196E-08 1.6063E-08 1.5436E-08 1.4377E-08 1.2981E-08 1.1364E-08 9.6524E-09 7.9562E-09 6.3641E-09 4.9443E-09 3.7306E-09 2.7361E-09 1.9479E-09 1.3485E-09 9.0542E-10 5.9118E-10 3.7044E-10 2.1738E-10 1.0234E-10 2.9556E-12 0.0000E+00 0.0000E+00 0.0000E+00 0.0000E+00 0.0000E+00 0.0000E+00 0.0000E+00 0.0000E+00 0.0000E+00 0.0000E+00 0.0000E+00 0.0000E+00 0.0000E+00 0.0000E+00 0.0000E+00 0.0000E+00 0.0000E+00
0.0000E+00 9.0304E-12 3.8909E-11 1.0027E-10 2.0676E-10 3.7801E-10 6.4532E-10 1.0403E-09 1.5960E-09 2.3368E-09 3.2983E-09 4.4952E-09 5.9329E-09 7.5807E-09 9.3759E-09 1.1226E-08 1.3011E-08 1.4595E-08 1.5846E-08 1.6651E-08 1.6939E-08 1.6684E-08 1.5912E-08 1.4699E-08 1.3156E-08 1.1413E-08 9.5977E-09 7.8285E-09 6.1974E-09 4.7592E-09 3.5499E-09 2.5706E-09 1.8107E-09 1.2356E-09 8.1926E-10 5.2572E-10 3.2074E-10 1.8258E-10 4.3017E-11 0.0000E+00 0.0000E+00 0.0000E+00 0.0000E+00 0.0000E+00 0.0000E+00 0.0000E+00 0.0000E+00 0.0000E+00 0.0000E+00 0.0000E+00 0.0000E+00 0.0000E+00 0.0000E+00 0.0000E+00 0.0000E+00 0.0000E+00 0.0000E+00
0.0000E+00 1.3318E-11 4.4433E-11 1.1076E-10 2.2767E-10 4.1331E-10 7.0146E-10 1.1269E-09 1.7329E-09 2.5311E-09 3.5635E-09 4.8524E-09 6.3916E-09 8.1473E-09 1.0047E-08 1.1985E-08 1.3828E-08 1.5432E-08 1.6658E-08 1.7393E-08 1.7568E-08 1.7168E-08 1.6237E-08 1.4866E-08 1.3180E-08 1.1319E-08 9.4192E-09 7.5975E-09 5.9421E-09 4.5114E-09 3.3207E-09 2.3733E-09 1.6473E-09 1.1082E-09 7.2415E-10 4.5545E-10 2.6981E-10 1.2344E-10 2.3534E-12 0.0000E+00 0.0000E+00 0.0000E+00 0.0000E+00 0.0000E+00 0.0000E+00 0.0000E+00 0.0000E+00 0.0000E+00 0.0000E+00 0.0000E+00 0.0000E+00 0.0000E+00 0.0000E+00 0.0000E+00 0.0000E+00 0.0000E+00 0.0000E+00
7.2769E-13 1.6555E-11 5.4288E-11 1.2418E-10 2.5144E-10 4.5367E-10 7.5955E-10 1.2232E-09 1.8740E-09 2.7268E-09 3.8375E-09 5.2203E-09 6.8604E-09 8.7180E-09 1.0712E-08 1.2726E-08 1.4615E-08 1.6223E-08 1.7405E-08 1.8047E-08 1.8090E-08 1.7534E-08 1.6434E-08 1.4900E-08 1.3075E-08 1.1105E-08 9.1338E-09 7.2807E-09 5.6225E-09 4.2091E-09 3.0576E-09 2.1530E-09 1.4719E-09 9.7859E-10 6.2594E-10 3.8563E-10 2.1159E-10 4.8535E-11 0.0000E+00 0.0000E+00 0.0000E+00 0.0000E+00 0.0000E+00 0.0000E+00 0.0000E+00 0.0000E+00 0.0000E+00 0.0000E+00 0.0000E+00 0.0000E+00 0.0000E+00 0.0000E+00 0.0000E+00 0.0000E+00 0.0000E+00 0.0000E+00 0.0000E+00
2.0089E-12 1.9591E-11 6.3071E-11 1.3820E-10 2.7218E-10 4.8641E-10 8.2551E-10 1.3200E-09 2.0120E-09 2.9332E-09 4.1197E-09 5.5888E-09 7.3301E-09 9.2878E-09 1.1375E-08 1.3460E-08 1.5380E-08 1.6973E-08 1.8092E-08 1.8623E-08 1.8518E-08 1.7788E-08 1.6510E-08 1.4813E-08 1.2854E-08 1.0791E-08 8.7673E-09 6.8950E-09 5.2565E-09 3.8799E-09 2.7760E-09 1.9225E-09 1.2941E-09 8.4291E-10 5.2778E-10 3.1427E-10 1.3500E-10 1.1357E-12 0.0000E+00 0.0000E+00 0.0000E+00 0.0000E+00 0.0000E+00 0.0000E+00 0.0000E+00 0.0000E+00 0.0000E+00 0.0000E+00 0.0000E+00 0.0000E+00 0.0000E+00 0.0000E+00 0.0000E+00 0.0000E+00 0.0000E+00 0.0000E+00 0.0000E+00
3.3293E-12 2.4985E-11 7.1034E-11 1.5480E-10 2.9458E-10 5.2551E-10 8.8811E-10 1.4171E-09 2.1604E-09 3.1410E-09 4.4024E-09 5.9659E-09 7.8067E-09 9.8669E-09 1.2039E-08 1.4179E-08 1.6119E-08 1.7685E-08 1.8723E-08 1.9126E-08 1.8854E-08 1.7941E-08 1.6484E-08 1.4629E-08 1.2545E-08 1.0398E-08 8.3363E-09 6.4677E-09 4.8541E-09 3.5312E-09 2.4847E-09 1.6935E-09 1.1184E-09 7.1450E-10 4.3424E-10 2.3077E-10 5.0704E-11 0.0000E+00 0.0000E+00 0.0000E+00 0.0000E+00 0.0000E+00 0.0000E+00 0.0000E+00 0.0000E+00 0.0000E+00 0.0000E+00 0.0000E+00 0.0000E+00 0.0000E+00 0.0000E+00 0.0000E+00 0.0000E+00 0.0000E+00 0.0000E+00 0.0000E+00 0.0000E+00
4.3627E-12 2.4830E-11 7.8996E-11 1.6605E-10 3.1857E-10 5.6634E-10 9.4420E-10 1.5189E-09 2.3039E-09 3.3486E-09 4.6944E-09 6.3499E-09 8.2880E-09 1.0441E-08 1.2697E-08 1.4892E-08 1.6844E-08 1.8366E-08 1.9305E-08 1.9563E-08 1.9116E-08 1.8012E-08 1.6372E-08 1.4359E-08 1.2159E-08 9.9465E-09 7.8619E-09 6.0095E-09 4.4444E-09 3.1793E-09 2.2003E-09 1.4687E-09 9.4990E-10 5.9257E-10 3.3804E-10 1.4106E-10 1.3116E-14 0.0000E+00 0.0000E+00 0.0000E+00 0.0000E+00 0.0000E+00 0.0000E+00 0.0000E+00 0.0000E+00 0.0000E+00 0.0000E+00 0.0000E+00 0.0000E+00 0.0000E+00 0.0000E+00 0.0000E+00 0.0000E+00 0.0000E+00 0.0000E+00 0.0000E+00 0.0000E+00
5.9313E-12 2.6746E-11 8.6059E-11 1.7783E-10 3.3725E-10 5.9650E-10 1.0073E-09 1.6075E-09 2.4443E-09 3.5584E-09 4.9825E-09 6.7280E-09 8.7685E-09 1.1024E-08 1.3360E-08 1.5601E-08 1.7549E-08 1.9016E-08 1.9845E-08 1.9949E-08 1.9312E-08 1.8009E-08 1.6186E-08 1.4026E-08 1.1723E-08 9.4557E-09 7.3658E-09 5.5413E-09 4.0299E-09 2.8321E-09 1.9237E-09 1.2579E-09 7.9209E-10 4.7508E-10 2.4292E-10 5.4070E-11 0.0000E+00 0.0000E+00 0.0000E+00 0.0000E+00 0.0000E+00 0.0000E+00 0.0000E+00 0.0000E+00 0.0000E+00 0.0000E+00 0.0000E+00 0.0000E+00 0.0000E+00 0.0000E+00 0.0000E+00 0.0000E+00 0.0000E+00 0.0000E+00 0.0000E+00 0.0000E+00 0.0000E+00
8.1708E-12 3.0227E-11 8.9803E-11 1.9141E-10 3.5539E-10 6.3170E-10 1.0633E-09 1.7009E-09 2.5863E-09 3.7543E-09 5.2604E-09 7.1079E-09 9.2523E-09 1.1600E-08 1.4010E-08 1.6293E-08 1.8236E-08 1.9641E-08 2.0348E-08 2.0280E-08 1.9449E-08 1.7951E-08 1.5949E-08 1.3646E-08 1.1250E-08 8.9413E-09 6.8565E-09 5.0766E-09 3.6278E-09 2.5038E-09 1.6637E-09 1.0605E-09 6.4230E-10 3.6333E-10 1.4681E-10 0.0000E+00 0.0000E+00 0.0000E+00 0.0000E+00 0.0000E+00 0.0000E+00 0.0000E+00 0.0000E+00 0.0000E+00 0.0000E+00 0.0000E+00 0.0000E+00 0.0000E+00 0.0000E+00 0.0000E+00 0.0000E+00 0.0000E+00 0.0000E+00 0.0000E+00 0.0000E+00 0.0000E+00 0.0000E+00
7.8613E-12 3.4469E-11 8.9573E-11 2.0047E-10 3.7131E-10 6.5761E-10 1.1040E-09 1.7811E-09 2.7030E-09 3.9433E-09 5.5348E-09 7.4736E-09 9.7159E-09 1.2164E-08 1.4653E-08 1.6974E-08 1.8900E-08 2.0227E-08 2.0807E-08 2.0568E-08 1.9540E-08 1.7842E-08 1.5666E-08 1.3233E-08 1.0759E-08 8.4260E-09 6.3555E-09 4.6229E-09 3.2440E-09 2.1916E-09 1.4203E-09 8.7716E-10 5.0568E-10 2.6366E-10 5.7300E-11 0.0000E+00 0.0000E+00 0.0000E+00 0.0000E+00 0.0000E+00 0.0000E+00 0.0000E+00 0.0000E+00 0.0000E+00 0.0000E+00 0.0000E+00 0.0000E+00 0.0000E+00 0.0000E+00 0.0000E+00 0.0000E+00 0.0000E+00 0.0000E+00 0.0000E+00 0.0000E+00 0.0000E+00 0.0000E+00
6.6228E-12 3.5412E-11 9.2785E-11 2.0188E-10 3.8496E-10 6.7870E-10 1.1504E-09 1.8471E-09 2.8163E-09 4.1178E-09 5.7817E-09 7.8173E-09 1.0168E-08 1.2713E-08 1.5272E-08 1.7627E-08 1.9537E-08 2.0788E-08 2.1232E-08 2.0812E-08 1.9583E-08 1.7695E-08 1.5355E-08 1.2803E-08 1.0262E-08 7.9099E-09 5.8697E-09 4.1922E-09 2.8832E-09 1.9044E-09 1.2017E-09 7.1546E-10 3.8597E-10 1.6403E-10 0.0000E+00 0.0000E+00 0.0000E+00 0.0000E+00 0.0000E+00 0.0000E+00 0.0000E+00 0.0000E+00 0.0000E+00 0.0000E+00 0.0000E+00 0.0000E+00 0.0000E+00 0.0000E+00 0.0000E+00 0.0000E+00 0.0000E+00 0.0000E+00 0.0000E+00 0.0000E+00 0.0000E+00 0.0000E+00 0.0000E+00
6.3573E-12 3.5087E-11 9.0294E-11 1.9830E-10 3.8951E-10 6.9328E-10 1.1733E-09 1.8991E-09 2.9084E-09 4.2600E-09 6.0081E-09 8.1369E-09 1.0587E-08 1.3227E-08 1.5865E-08 1.8257E-08 2.0145E-08 2.1311E-08 2.1617E-08 2.1024E-08 1.9601E-08 1.7524E-08 1.5029E-08 1.2369E-08 9.7750E-09 7.4214E-09 5.4120E-09 3.7945E-09 2.5550E-09 1.6503E-09 1.0125E-09 5.7852E-10 2.8413E-10 6.0283E-11 0.0000E+00 0.0000E+00 0.0000E+00 0.0000E+00 0.0000E+00 0.0000E+00 0.0000E+00 0.0000E+00 0.0000E+00 0.0000E+00 0.0000E+00 0.0000E+00 0.0000E+00 0.0000E+00 0.0000E+00 0.0000E+00 0.0000E+00 0.0000E+00 0.0000E+00 0.0000E+00 0.0000E+00 0.0000E+00 0.0000E+00
3.1699E-12 3.3549E-11 8.5180E-11 1.9719E-10 3.8752E-10 6.9888E-10 1.1860E-09 1.9327E-09 2.9696E-09 4.3815E-09 6.1997E-09 8.4127E-09 1.0966E-08 1.3706E-08 1.6419E-08 1.8846E-08 2.0719E-08 2.1812E-08 2.1982E-08 2.1215E-08 1.9602E-08 1.7347E-08 1.4709E-08 1.1954E-08 9.3138E-09 6.9629E-09 4.9948E-09 3.4378E-09 2.2680E-09 1.4289E-09 8.5016E-10 4.5872E-10 1.8809E-10 0.0000E+00 0.0000E+00 0.0000E+00 0.0000E+00 0.0000E+00 0.0000E+00 0.0000E+00 0.0000E+00 0.0000E+00 0.0000E+00 0.0000E+00 0.0000E+00 0.0000E+00 0.0000E+00 0.0000E+00 0.0000E+00 0.0000E+00 0.0000E+00 0.0000E+00 0.0000E+00 0.0000E+00 0.0000E+00 0.0000E+00 0.0000E+00
0.0000E+00 2.7032E-11 8.1888E-11 1.8720E-10 3.8205E-10 6.9287E-10 1.1908E-09 1.9411E-09 3.0115E-09 4.4642E-09 6.3419E-09 8.6463E-09 1.1298E-08 1.4134E-08 1.6927E-08 1.9397E-08 2.1258E-08 2.2279E-08 2.2325E-08 2.1393E-08 1.9605E-08 1.7185E-08 1.4414E-08 1.1574E-08 8.8998E-09 6.5567E-09 4.6274E-09 3.1280E-09 2.0212E-09 1.2398E-09 7.1484E-10 3.5881E-10 7.3992E-11 0.0000E+00 0.0000E+00 0.0000E+00 0.0000E+00 0.0000E+00 0.0000E+00 0.0000E+00 0.0000E+00 0.0000E+00 0.0000E+00 0.0000E+00 0.0000E+00 0.0000E+00 0.0000E+00 0.0000E+00 0.0000E+00 0.0000E+00 0.0000E+00 0.0000E+00 0.0000E+00 0.0000E+00 0.0000E+00 0.0000E+00 0.0000E+00
0.0000E+00 2.1301E-11 7.1581E-11 1.7013E-10 3.6116E-10 6.8000E-10 1.1759E-09 1.9337E-09 3.0143E-09 4.4975E-09 6.4395E-09 8.8218E-09 1.1560E-08 1.4495E-08 1.7371E-08 1.9892E-08 2.1756E-08 2.2722E-08 2.2662E-08 2.1581E-08 1.9633E-08 1.7060E-08 1.4167E-08 1.1248E-08 8.5406E-09 6.2044E-09 4.3120E-09 2.8662E-09 1.8139E-09 1.0862E-09 6.0372E-10 2.7348E-10 9.0867E-12 0.0000E+00 0.0000E+00 0.0000E+00 0.0000E+00 0.0000E+00 0.0000E+00 0.0000E+00 0.0000E+00 0.0000E+00 0.0000E+00 0.0000E+00 0.0000E+00 0.0000E+00 0.0000E+00 0.0000E+00 0.0000E+00 0.0000E+00 0.0000E+00 0.0000E+00 0.0000E+00 0.0000E+00 0.0000E+00 0.0000E+00 0.0000E+00
0.0000E+00 0.0000E+00 6.2202E-11 1.6100E-10 3.3518E-10 6.5086E-10 1.1465E-09 1.8977E-09 2.9797E-09 4.4943E-09 6.4742E-09 8.9177E-09 1.1749E-08 1.4780E-08 1.7744E-08 2.0324E-08 2.2202E-08 2.3132E-08 2.2987E-08 2.1783E-08 1.9691E-08 1.6985E-08 1.3982E-08 1.0993E-08 8.2571E-09 5.9238E-09 4.0620E-09 2.6565E-09 1.6511E-09 9.6398E-10 5.1032E-10 1.6537E-10 1.3624E-11 0.0000E+00 0.0000E+00 0.0000E+00 0.0000E+00 0.0000E+00 0.0000E+00 0.0000E+00 0.0000E+00 0.0000E+00 0.0000E+00 0.0000E+00 0.0000E+00 0.0000E+00 0.0000E+00 0.0000E+00 0.0000E+00 0.0000E+00 0.0000E+00 0.0000E+00 0.0000E+00 0.0000E+00 0.0000E+00 0.0000E+00 0.0000E+00
0.0000E+00 0.0000E+00 4.6101E-11 1.4811E-10 3.0275E-10 6.0259E-10 1.1061E-09 1.8290E-09 2.9161E-09 4.4310E-09 6.4373E-09 8.9416E-09 1.1847E-08 1.4964E-08 1.8018E-08 2.0675E-08 2.2596E-08 2.3518E-08 2.3313E-08 2.2014E-08 1.9804E-08 1.6983E-08 1.3882E-08 1.0824E-08 8.0529E-09 5.7167E-09 3.8730E-09 2.4979E-09 1.5263E-09 8.7242E-10 4.3640E-10 8.9327E-11 1.9009E-11 0.0000E+00 0.0000E+00 0.0000E+00 0.0000E+00 0.0000E+00 0.0000E+00 0.0000E+00 0.0000E+00 0.0000E+00 0.0000E+00 0.0000E+00 0.0000E+00 0.0000E+00 0.0000E+00 0.0000E+00 0.0000E+00 0.0000E+00 0.0000E+00 0.0000E+00 0.0000E+00 0.0000E+00 0.0000E+00 0.0000E+00 0.0000E+00
0.0000E+00 0.0000E+00 0.0000E+00 1.2787E-10 2.7998E-10 5.5384E-10 1.0372E-09 1.7437E-09 2.8094E-09 4.3147E-09 6.3395E-09 8.8716E-09 1.1838E-08 1.5048E-08 1.8205E-08 2.0948E-08 2.2929E-08 2.3870E-08 2.3641E-08 2.2280E-08 1.9983E-08 1.7063E-08 1.3876E-08 1.0752E-08 7.9438E-09 5.5933E-09 3.7558E-09 2.3966E-09 1.4441E-09 8.0288E-10 3.5391E-10 9.7235E-11 2.2121E-11 0.0000E+00 0.0000E+00 0.0000E+00 0.0000E+00 0.0000E+00 0.0000E+00 0.0000E+00 0.0000E+00 0.0000E+00 0.0000E+00 0.0000E+00 0.0000E+00 0.0000E+00 0.0000E+00 0.0000E+00 0.0000E+00 0.0000E+00 0.0000E+00 0.0000E+00 0.0000E+00 0.0000E+00 0.0000E+00 0.0000E+00 0.0000E+00
0.0000E+00 0.0000E+00 0.0000E+00 9.4931E-11 2.5143E-10 4.9990E-10 9.4928E-10 1.6404E-09 2.6626E-09 4.1502E-09 6.1530E-09 8.7042E-09 1.1723E-08 1.5007E-08 1.8262E-08 2.1114E-08 2.3195E-08 2.4207E-08 2.4001E-08 2.2615E-08 2.0258E-08 1.7258E-08 1.3989E-08 1.0797E-08 7.9362E-09 5.5569E-09 3.7062E-09 2.3415E-09 1.3922E-09 7.5767E-10 2.7832E-10 1.0947E-10 2.8976E-11 0.0000E+00 0.0000E+00 0.0000E+00 0.0000E+00 0.0000E+00 0.0000E+00 0.0000E+00 0.0000E+00 0.0000E+00 0.0000E+00 0.0000E+00 0.0000E+00 0.0000E+00 0.0000E+00 0.0000E+00 0.0000E+00 0.0000E+00 0.0000E+00 0.0000E+00 0.0000E+00 0.0000E+00 0.0000E+00 0.0000E+00 0.0000E+00
0.0000E+00 0.0000E+00 0.0000E+00 1.2287E-11 2.0963E-10 4.4620E-10 8.5448E-10 1.5005E-09 2.4916E-09 3.9292E-09 5.9030E-09 8.4484E-09 1.1480E-08 1.4833E-08 1.8197E-08 2.1184E-08 2.3395E-08 2.4511E-08 2.4369E-08 2.2999E-08 2.0619E-08 1.7564E-08 1.4223E-08 1.0957E-08 8.0352E-09 5.6092E-09 3.7275E-09 2.3427E-09 1.3797E-09 7.2645E-10 2.9902E-10 1.2502E-10 3.5847E-11 0.0000E+00 0.0000E+00 0.0000E+00 0.0000E+00 0.0000E+00 0.0000E+00 0.0000E+00 0.0000E+00 0.0000E+00 0.0000E+00 0.0000E+00 0.0000E+00 0.0000E+00 0.0000E+00 0.0000E+00 0.0000E+00 0.0000E+00 0.0000E+00 0.0000E+00 0.0000E+00 0.0000E+00 0.0000E+00 0.0000E+00 0.0000E+00
