Assets/Resources/2015_m01_d10_2000(utc+0800)_l00_csi_1hr_conc.grd
DSAA
         159         159
     -79.000      79.000
     -79.000      79.000
  0.6968E-12  0.3810E-05
[rows 25 to 49 of 159, columns 57 to 113 of 159]
3.0125E-11 3.1251E-11 3.2410E-11 3.3602E-11 3.4828E-11 3.6088E-11 3.7382E-11 3.8712E-11 4.0077E-11 4.1477E-11 4.2913E-11 4.4385E-11 4.5893E-11 4.7437E-11 4.9017E-11 5.0634E-11 5.2288E-11 5.3977E-11 5.5704E-11 5.7466E-11 5.9264E-11 6.1098E-11 6.2968E-11 6.4873E-11 6.6813E-11 6.8787E-11 7.0795E-11 7.2836E-11 7.4910E-11 7.7017E-11 7.9154E-11 8.1322E-11 8.3520E-11 8.5747E-11 8.8001E-11 9.0282E-11 9.2589E-11 9.4920E-11 9.7274E-11 9.9651E-11 1.0205E-10 1.0446E-10 1.0690E-10 1.0935E-10 1.1181E-10 1.1429E-10 1.1678E-10 1.1928E-10 1.2178E-10 1.2429E-10 1.2681E-10 1.2932E-10 1.3184E-10 1.3435E-10 1.3687E-10 1.3937E-10 1.4186E-10
3.1246E-11 3.2416E-11 3.3620E-11 3.4859E-11 3.6133E-11 3.7443E-11 3.8788E-11 4.0170E-11 4.1589E-11 4.3044E-11 4.4537E-11 4.6066E-11 4.7634E-11 4.9239E-11 5.0882E-11 5.2563E-11 5.4282E-11 5.6039E-11 5.7834E-11 5.9666E-11 6.1536E-11 6.3443E-11 6.5387E-11 6.7368E-11 6.9385E-11 7.1438E-11 7.3526E-11 7.5648E-11 7.7805E-11 7.9996E-11 8.2219E-11 8.4473E-11 8.6759E-11 8.9075E-11 9.1419E-11 9.3792E-11 9.6191E-11 9.8616E-11 1.0106E-10 1.0354E-10 1.0603E-10 1.0854E-10 1.1107E-10 1.1362E-10 1.1619E-10 1.1876E-10 1.2135E-10 1.2395E-10 1.2656E-10 1.2917E-10 1.3178E-10 1.3440E-10 1.3702E-10 1.3964E-10 1.4225E-10 1.4485E-10 1.4745E-10
3.2399E-11 3.3614E-11 3.4865E-11 3.6152E-11 3.7476E-11 3.8836E-11 4.0234E-11 4.1670E-11 4.3144E-11 4.4656E-11 4.6207E-11 4.7796E-11 4.9425E-11 5.1093E-11 5.2801E-11 5.4548E-11 5.6334E-11 5.8160E-11 6.0025E-11 6.1929E-11 6.3873E-11 6.5855E-11 6.7876E-11 6.9934E-11 7.2031E-11 7.4165E-11 7.6335E-11 7.8542E-11 8.0784E-11 8.3061E-11 8.5372E-11 8.7716E-11 9.0092E-11 9.2500E-11 9.4937E-11 9.7404E-11 9.9898E-11 1.0242E-10 1.0496E-10 1.0753E-10 1.1013E-10 1.1274E-10 1.1537E-10 1.1802E-10 1.2069E-10 1.2337E-10 1.2606E-10 1.2876E-10 1.3147E-10 1.3419E-10 1.3691E-10 1.3963E-10 1.4235E-10 1.4507E-10 1.4779E-10 1.5050E-10 1.5319E-10
3.3584E-11 3.4846E-11 3.6145E-11 3.7481E-11 3.8856E-11 4.0268E-11 4.1720E-11 4.3211E-11 4.4742E-11 4.6313E-11 4.7924E-11 4.9575E-11 5.1267E-11 5.3000E-11 5.4774E-11 5.6588E-11 5.8444E-11 6.0341E-11 6.2279E-11 6.4257E-11 6.6276E-11 6.8336E-11 7.0435E-11 7.2574E-11 7.4753E-11 7.6970E-11 7.9225E-11 8.1518E-11 8.3848E-11 8.6214E-11 8.8616E-11 9.1051E-11 9.3521E-11 9.6023E-11 9.8556E-11 1.0112E-10 1.0371E-10 1.0633E-10 1.0898E-10 1.1165E-10 1.1434E-10 1.1706E-10 1.1979E-10 1.2255E-10 1.2532E-10 1.2810E-10 1.3090E-10 1.3371E-10 1.3653E-10 1.3935E-10 1.4218E-10 1.4501E-10 1.4784E-10 1.5067E-10 1.5349E-10 1.5630E-10 1.5911E-10
3.4801E-11 3.6111E-11 3.7459E-11 3.8846E-11 4.0273E-11 4.1740E-11 4.3247E-11 4.4796E-11 4.6385E-11 4.8016E-11 4.9688E-11 5.1403E-11 5.3160E-11 5.4959E-11 5.6801E-11 5.8685E-11 6.0612E-11 6.2582E-11 6.4595E-11 6.6649E-11 6.8746E-11 7.0885E-11 7.3066E-11 7.5287E-11 7.7550E-11 7.9853E-11 8.2196E-11 8.4577E-11 8.6998E-11 8.9455E-11 9.1950E-11 9.4480E-11 9.7045E-11 9.9644E-11 1.0228E-10 1.0494E-10 1.0763E-10 1.1035E-10 1.1310E-10 1.1588E-10 1.1868E-10 1.2150E-10 1.2434E-10 1.2720E-10 1.3008E-10 1.3297E-10 1.3588E-10 1.3880E-10 1.4173E-10 1.4466E-10 1.4760E-10 1.5054E-10 1.5348E-10 1.5642E-10 1.5935E-10 1.6227E-10 1.6519E-10
3.6051E-11 3.7410E-11 3.8809E-11 4.0249E-11 4.1729E-11 4.3252E-11 4.4816E-11 4.6422E-11 4.8072E-11 4.9764E-11 5.1500E-11 5.3280E-11 5.5104E-11 5.6971E-11 5.8883E-11 6.0839E-11 6.2840E-11 6.4885E-11 6.6974E-11 6.9107E-11 7.1284E-11 7.3504E-11 7.5768E-11 7.8075E-11 8.0424E-11 8.2815E-11 8.5248E-11 8.7721E-11 9.0233E-11 9.2785E-11 9.5376E-11 9.8003E-11 1.0067E-10 1.0337E-10 1.0610E-10 1.0886E-10 1.1166E-10 1.1449E-10 1.1734E-10 1.2022E-10 1.2313E-10 1.2606E-10 1.2901E-10 1.3198E-10 1.3497E-10 1.3798E-10 1.4100E-10 1.4403E-10 1.4707E-10 1.5012E-10 1.5317E-10 1.5622E-10 1.5927E-10 1.6233E-10 1.6537E-10 1.6841E-10 1.7144E-10
3.7333E-11 3.8743E-11 4.0194E-11 4.1688E-11 4.3224E-11 4.4803E-11 4.6426E-11 4.8093E-11 4.9804E-11 5.1560E-11 5.3361E-11 5.5207E-11 5.7100E-11 5.9037E-11 6.1021E-11 6.3051E-11 6.5127E-11 6.7249E-11 6.9417E-11 7.1630E-11 7.3890E-11 7.6194E-11 7.8544E-11 8.0938E-11 8.3376E-11 8.5857E-11 8.8382E-11 9.0949E-11 9.3557E-11 9.6206E-11 9.8894E-11 1.0162E-10 1.0439E-10 1.0719E-10 1.1002E-10 1.1289E-10 1.1580E-10 1.1873E-10 1.2170E-10 1.2469E-10 1.2770E-10 1.3075E-10 1.3381E-10 1.3690E-10 1.4000E-10 1.4312E-10 1.4625E-10 1.4940E-10 1.5256E-10 1.5572E-10 1.5889E-10 1.6206E-10 1.6523E-10 1.6840E-10 1.7156E-10 1.7472E-10 1.7786E-10
3.8649E-11 4.0111E-11 4.1616E-11 4.3164E-11 4.4757E-11 4.6395E-11 4.8078E-11 4.9806E-11 5.1581E-11 5.3402E-11 5.5270E-11 5.7185E-11 5.9148E-11 6.1158E-11 6.3215E-11 6.5321E-11 6.7474E-11 6.9675E-11 7.1924E-11 7.4220E-11 7.6564E-11 7.8955E-11 8.1392E-11 8.3876E-11 8.6405E-11 8.8980E-11 9.1599E-11 9.4262E-11 9.6968E-11 9.9716E-11 1.0251E-10 1.0534E-10 1.0820E-10 1.1111E-10 1.1405E-10 1.1703E-10 1.2004E-10 1.2309E-10 1.2616E-10 1.2927E-10 1.3240E-10 1.3556E-10 1.3874E-10 1.4194E-10 1.4516E-10 1.4840E-10 1.5165E-10 1.5492E-10 1.5819E-10 1.6147E-10 1.6476E-10 1.6805E-10 1.7134E-10 1.7463E-10 1.7791E-10 1.8119E-10 1.8445E-10
3.9998E-11 4.1513E-11 4.3073E-11 4.4678E-11 4.6329E-11 4.8027E-11 4.9772E-11 5.1563E-11 5.3403E-11 5.5291E-11 5.7228E-11 5.9214E-11 6.1248E-11 6.3332E-11 6.5466E-11 6.7649E-11 6.9882E-11 7.2164E-11 7.4496E-11 7.6877E-11 7.9307E-11 8.1786E-11 8.4314E-11 8.6890E-11 8.9513E-11 9.2183E-11 9.4899E-11 9.7661E-11 1.0047E-10 1.0332E-10 1.0621E-10 1.0915E-10 1.1212E-10 1.1514E-10 1.1819E-10 1.2128E-10 1.2440E-10 1.2756E-10 1.3075E-10 1.3397E-10 1.3722E-10 1.4049E-10 1.4379E-10 1.4711E-10 1.5045E-10 1.5381E-10 1.5719E-10 1.6057E-10 1.6397E-10 1.6738E-10 1.7079E-10 1.7420E-10 1.7762E-10 1.8103E-10 1.8443E-10 1.8783E-10 1.9122E-10
4.1381E-11 4.2951E-11 4.4567E-11 4.6230E-11 4.7941E-11 4.9700E-11 5.1508E-11 5.3365E-11 5.5271E-11 5.7228E-11 5.9235E-11 6.1293E-11 6.3402E-11 6.5562E-11 6.7773E-11 7.0036E-11 7.2350E-11 7.4716E-11 7.7133E-11 7.9601E-11 8.2120E-11 8.4690E-11 8.7310E-11 8.9980E-11 9.2699E-11 9.5467E-11 9.8283E-11 1.0115E-10 1.0406E-10 1.0701E-10 1.1001E-10 1.1305E-10 1.1614E-10 1.1926E-10 1.2243E-10 1.2563E-10 1.2887E-10 1.3215E-10 1.3545E-10 1.3879E-10 1.4216E-10 1.4556E-10 1.4898E-10 1.5242E-10 1.5588E-10 1.5937E-10 1.6287E-10 1.6638E-10 1.6990E-10 1.7343E-10 1.7697E-10 1.8051E-10 1.8405E-10 1.8759E-10 1.9112E-10 1.9464E-10 1.9815E-10
4.2797E-11 4.4423E-11 4.6097E-11 4.7820E-11 4.9592E-11 5.1414E-11 5.3287E-11 5.5210E-11 5.7185E-11 5.9212E-11 6.1292E-11 6.3424E-11 6.5608E-11 6.7846E-11 7.0137E-11 7.2482E-11 7.4879E-11 7.7330E-11 7.9835E-11 8.2392E-11 8.5003E-11 8.7666E-11 9.0381E-11 9.3147E-11 9.5965E-11 9.8834E-11 1.0175E-10 1.0472E-10 1.0773E-10 1.1080E-10 1.1391E-10 1.1706E-10 1.2026E-10 1.2350E-10 1.2678E-10 1.3010E-10 1.3345E-10 1.3685E-10 1.4027E-10 1.4374E-10 1.4723E-10 1.5075E-10 1.5429E-10 1.5786E-10 1.6145E-10 1.6506E-10 1.6869E-10 1.7233E-10 1.7598E-10 1.7964E-10 1.8331E-10 1.8698E-10 1.9065E-10 1.9432E-10 1.9798E-10 2.0163E-10 2.0527E-10
4.4248E-11 4.5931E-11 4.7664E-11 4.9448E-11 5.1283E-11 5.3169E-11 5.5108E-11 5.7100E-11 5.9145E-11 6.1245E-11 6.3398E-11 6.5606E-11 6.7868E-11 7.0186E-11 7.2558E-11 7.4986E-11 7.7470E-11 8.0008E-11 8.2602E-11 8.5251E-11 8.7955E-11 9.0713E-11 9.3526E-11 9.6391E-11 9.9310E-11 1.0228E-10 1.0530E-10 1.0838E-10 1.1150E-10 1.1467E-10 1.1789E-10 1.2116E-10 1.2447E-10 1.2783E-10 1.3123E-10 1.3467E-10 1.3815E-10 1.4166E-10 1.4521E-10 1.4880E-10 1.5242E-10 1.5606E-10 1.5974E-10 1.6343E-10 1.6715E-10 1.7089E-10 1.7465E-10 1.7842E-10 1.8221E-10 1.8600E-10 1.8980E-10 1.9360E-10 1.9741E-10 2.0121E-10 2.0500E-10 2.0878E-10 2.1255E-10
4.5732E-11 4.7474E-11 4.9268E-11 5.1114E-11 5.3013E-11 5.4966E-11 5.6973E-11 5.9035E-11 6.1152E-11 6.3324E-11 6.5553E-11 6.7839E-11 7.0181E-11 7.2580E-11 7.5037E-11 7.7551E-11 8.0122E-11 8.2750E-11 8.5436E-11 8.8178E-11 9.0978E-11 9.3834E-11 9.6745E-11 9.9713E-11 1.0274E-10 1.0581E-10 1.0894E-10 1.1212E-10 1.1536E-10 1.1864E-10 1.2198E-10 1.2536E-10 1.2879E-10 1.3227E-10 1.3579E-10 1.3935E-10 1.4295E-10 1.4659E-10 1.5027E-10 1.5398E-10 1.5773E-10 1.6151E-10 1.6531E-10 1.6914E-10 1.7299E-10 1.7687E-10 1.8076E-10 1.8467E-10 1.8859E-10 1.9252E-10 1.9645E-10 2.0039E-10 2.0433E-10 2.0826E-10 2.1219E-10 2.1611E-10 2.2002E-10
4.7250E-11 4.9052E-11 5.0908E-11 5.2818E-11 5.4783E-11 5.6803E-11 5.8880E-11 6.1013E-11 6.3204E-11 6.5452E-11 6.7759E-11 7.0124E-11 7.2548E-11 7.5031E-11 7.7573E-11 8.0174E-11 8.2835E-11 8.5555E-11 8.8335E-11 9.1173E-11 9.4071E-11 9.7026E-11 1.0004E-10 1.0311E-10 1.0624E-10 1.0942E-10 1.1266E-10 1.1596E-10 1.1931E-10 1.2271E-10 1.2616E-10 1.2966E-10 1.3321E-10 1.3681E-10 1.4045E-10 1.4414E-10 1.4787E-10 1.5164E-10 1.5545E-10 1.5929E-10 1.6317E-10 1.6708E-10 1.7102E-10 1.7498E-10 1.7897E-10 1.8298E-10 1.8701E-10 1.9106E-10 1.9511E-10 1.9918E-10 2.0326E-10 2.0733E-10 2.1141E-10 2.1549E-10 2.1955E-10 2.2361E-10 2.2766E-10
4.8802E-11 5.0666E-11 5.2585E-11 5.4560E-11 5.6593E-11 5.8682E-11 6.0830E-11 6.3037E-11 6.5303E-11 6.7628E-11 7.0014E-11 7.2461E-11 7.4968E-11 7.7536E-11 8.0166E-11 8.2857E-11 8.5610E-11 8.8424E-11 9.1299E-11 9.4236E-11 9.7233E-11 1.0029E-10 1.0341E-10 1.0659E-10 1.0982E-10 1.1312E-10 1.1647E-10 1.1988E-10 1.2334E-10 1.2686E-10 1.3043E-10 1.3406E-10 1.3773E-10 1.4145E-10 1.4522E-10 1.4904E-10 1.5290E-10 1.5680E-10 1.6074E-10 1.6472E-10 1.6873E-10 1.7278E-10 1.7685E-10 1.8096E-10 1.8508E-10 1.8924E-10 1.9341E-10 1.9759E-10 2.0179E-10 2.0600E-10 2.1022E-10 2.1444E-10 2.1866E-10 2.2288E-10 2.2709E-10 2.3129E-10 2.3547E-10
5.0388E-11 5.2314E-11 5.4299E-11 5.6341E-11 5.8442E-11 6.0602E-11 6.2823E-11 6.5105E-11 6.7447E-11 6.9852E-11 7.2319E-11 7.4848E-11 7.7441E-11 8.0097E-11 8.2816E-11 8.5599E-11 8.8446E-11 9.1356E-11 9.4329E-11 9.7367E-11 1.0047E-10 1.0363E-10 1.0685E-10 1.1014E-10 1.1349E-10 1.1690E-10 1.2036E-10 1.2389E-10 1.2747E-10 1.3111E-10 1.3480E-10 1.3855E-10 1.4235E-10 1.4620E-10 1.5010E-10 1.5405E-10 1.5804E-10 1.6208E-10 1.6615E-10 1.7027E-10 1.7442E-10 1.7860E-10 1.8282E-10 1.8706E-10 1.9134E-10 1.9563E-10 1.9994E-10 2.0427E-10 2.0862E-10 2.1297E-10 2.1734E-10 2.2170E-10 2.2607E-10 2.3043E-10 2.3479E-10 2.3913E-10 2.4346E-10
5.2007E-11 5.3998E-11 5.6049E-11 5.8159E-11 6.0331E-11 6.2564E-11 6.4859E-11 6.7217E-11 6.9638E-11 7.2123E-11 7.4673E-11 7.7288E-11 7.9968E-11 8.2713E-11 8.5524E-11 8.8400E-11 9.1343E-11 9.4351E-11 9.7425E-11 1.0056E-10 1.0377E-10 1.0704E-10 1.1037E-10 1.1377E-10 1.1723E-10 1.2075E-10 1.2434E-10 1.2798E-10 1.3169E-10 1.3545E-10 1.3927E-10 1.4315E-10 1.4707E-10 1.5106E-10 1.5509E-10 1.5917E-10 1.6330E-10 1.6747E-10 1.7168E-10 1.7594E-10 1.8023E-10 1.8456E-10 1.8892E-10 1.9331E-10 1.9772E-10 2.0216E-10 2.0662E-10 2.1110E-10 2.1559E-10 2.2010E-10 2.2461E-10 2.2912E-10 2.3364E-10 2.3815E-10 2.4265E-10 2.4715E-10 2.5163E-10
5.3660E-11 5.5717E-11 5.7835E-11 6.0016E-11 6.2259E-11 6.4566E-11 6.6937E-11 6.9373E-11 7.1875E-11 7.4442E-11 7.7077E-11 7.9778E-11 8.2547E-11 8.5384E-11 8.8288E-11 9.1261E-11 9.4301E-11 9.7410E-11 1.0059E-10 1.0383E-10 1.0714E-10 1.1052E-10 1.1397E-10 1.1748E-10 1.2105E-10 1.2469E-10 1.2840E-10 1.3217E-10 1.3599E-10 1.3988E-10 1.4383E-10 1.4784E-10 1.5190E-10 1.5601E-10 1.6018E-10 1.6440E-10 1.6866E-10 1.7297E-10 1.7733E-10 1.8173E-10 1.8616E-10 1.9064E-10 1.9514E-10 1.9968E-10 2.0425E-10 2.0883E-10 2.1345E-10 2.1807E-10 2.2272E-10 2.2737E-10 2.3204E-10 2.3670E-10 2.4137E-10 2.4603E-10 2.5069E-10 2.5533E-10 2.5996E-10
5.5347E-11 5.7471E-11 5.9658E-11 6.1910E-11 6.4226E-11 6.6608E-11 6.9057E-11 7.1573E-11 7.4157E-11 7.6809E-11 7.9529E-11 8.2320E-11 8.5179E-11 8.8109E-11 9.1109E-11 9.4179E-11 9.7320E-11 1.0053E-10 1.0381E-10 1.0716E-10 1.1058E-10 1.1407E-10 1.1763E-10 1.2126E-10 1.2495E-10 1.2872E-10 1.3254E-10 1.3643E-10 1.4039E-10 1.4441E-10 1.4848E-10 1.5262E-10 1.5682E-10 1.6107E-10 1.6537E-10 1.6973E-10 1.7414E-10 1.7859E-10 1.8309E-10 1.8764E-10 1.9222E-10 1.9684E-10 2.0150E-10 2.0619E-10 2.1090E-10 2.1565E-10 2.2041E-10 2.2519E-10 2.2999E-10 2.3480E-10 2.3962E-10 2.4444E-10 2.4926E-10 2.5408E-10 2.5889E-10 2.6369E-10 2.6848E-10
5.7067E-11 5.9259E-11 6.1517E-11 6.3841E-11 6.6232E-11 6.8692E-11 7.1219E-11 7.3817E-11 7.6484E-11 7.9222E-11 8.2031E-11 8.4911E-11 8.7864E-11 9.0889E-11 9.3986E-11 9.7156E-11 1.0040E-10 1.0371E-10 1.0710E-10 1.1056E-10 1.1409E-10 1.1770E-10 1.2137E-10 1.2512E-10 1.2893E-10 1.3282E-10 1.3677E-10 1.4079E-10 1.4487E-10 1.4902E-10 1.5323E-10 1.5750E-10 1.6184E-10 1.6623E-10 1.7067E-10 1.7517E-10 1.7973E-10 1.8433E-10 1.8897E-10 1.9367E-10 1.9840E-10 2.0317E-10 2.0798E-10 2.1282E-10 2.1770E-10 2.2259E-10 2.2751E-10 2.3245E-10 2.3741E-10 2.4238E-10 2.4735E-10 2.5233E-10 2.5732E-10 2.6229E-10 2.6726E-10 2.7222E-10 2.7716E-10
5.8820E-11 6.1082E-11 6.3412E-11 6.5810E-11 6.8277E-11 7.0815E-11 7.3423E-11 7.6104E-11 7.8856E-11 8.1682E-11 8.4581E-11 8.7553E-11 9.0601E-11 9.3722E-11 9.6919E-11 1.0019E-10 1.0354E-10 1.0696E-10 1.1046E-10 1.1403E-10 1.1767E-10 1.2139E-10 1.2519E-10 1.2905E-10 1.3299E-10 1.3700E-10 1.4108E-10 1.4523E-10 1.4944E-10 1.5372E-10 1.5807E-10 1.6248E-10 1.6695E-10 1.7149E-10 1.7608E-10 1.8072E-10 1.8542E-10 1.9017E-10 1.9497E-10 1.9981E-10 2.0470E-10 2.0963E-10 2.1459E-10 2.1959E-10 2.2462E-10 2.2968E-10 2.3476E-10 2.3986E-10 2.4497E-10 2.5010E-10 2.5524E-10 2.6038E-10 2.6553E-10 2.7066E-10 2.7579E-10 2.8091E-10 2.8601E-10
6.0605E-11 6.2938E-11 6.5341E-11 6.7815E-11 7.0360E-11 7.2978E-11 7.5669E-11 7.8434E-11 8.1273E-11 8.4188E-11 8.7178E-11 9.0245E-11 9.3389E-11 9.6609E-11 9.9907E-11 1.0328E-10 1.0674E-10 1.1027E-10 1.1387E-10 1.1756E-10 1.2132E-10 1.2516E-10 1.2907E-10 1.3306E-10 1.3712E-10 1.4126E-10 1.4547E-10 1.4975E-10 1.5410E-10 1.5852E-10 1.6300E-10 1.6755E-10 1.7217E-10 1.7685E-10 1.8158E-10 1.8638E-10 1.9123E-10 1.9613E-10 2.0108E-10 2.0608E-10 2.1112E-10 2.1621E-10 2.2133E-10 2.2649E-10 2.3168E-10 2.3690E-10 2.4214E-10 2.4740E-10 2.5268E-10 2.5797E-10 2.6328E-10 2.6858E-10 2.7389E-10 2.7919E-10 2.8449E-10 2.8977E-10 2.9504E-10
6.2423E-11 6.4829E-11 6.7306E-11 6.9857E-11 7.2481E-11 7.5180E-11 7.7955E-11 8.0806E-11 8.3734E-11 8.6739E-11 8.9823E-11 9.2986E-11 9.6227E-11 9.9549E-11 1.0295E-10 1.0643E-10 1.0999E-10 1.1363E-10 1.1735E-10 1.2115E-10 1.2503E-10 1.2899E-10 1.3303E-10 1.3714E-10 1.4133E-10 1.4560E-10 1.4994E-10 1.5435E-10 1.5884E-10 1.6340E-10 1.6803E-10 1.7272E-10 1.7748E-10 1.8230E-10 1.8719E-10 1.9213E-10 1.9714E-10 2.0219E-10 2.0730E-10 2.1246E-10 2.1766E-10 2.2290E-10 2.2819E-10 2.3351E-10 2.3886E-10 2.4425E-10 2.4965E-10 2.5508E-10 2.6053E-10 2.6599E-10 2.7146E-10 2.7694E-10 2.8241E-10 2.8788E-10 2.9334E-10 2.9879E-10 3.0422E-10
6.4273E-11 6.6752E-11 6.9306E-11 7.1934E-11 7.4639E-11 7.7421E-11 8.0281E-11 8.3220E-11 8.6238E-11 8.9336E-11 9.2515E-11 9.5775E-11 9.9116E-11 1.0254E-10 1.0605E-10 1.0963E-10 1.1331E-10 1.1706E-10 1.2089E-10 1.2481E-10 1.2881E-10 1.3289E-10 1.3705E-10 1.4129E-10 1.4562E-10 1.5001E-10 1.5449E-10 1.5904E-10 1.6367E-10 1.6837E-10 1.7314E-10 1.7798E-10 1.8289E-10 1.8786E-10 1.9290E-10 1.9800E-10 2.0315E-10 2.0837E-10 2.1363E-10 2.1895E-10 2.2431E-10 2.2972E-10 2.3517E-10 2.4066E-10 2.4618E-10 2.5173E-10 2.5731E-10 2.6291E-10 2.6852E-10 2.7415E-10 2.7979E-10 2.8544E-10 2.9108E-10 2.9673E-10 3.0236E-10 3.0798E-10 3.1358E-10
6.6154E-11 6.8708E-11 7.1339E-11 7.4047E-11 7.6834E-11 7.9701E-11 8.2647E-11 8.5675E-11 8.8785E-11 9.1977E-11 9.5252E-11 9.8611E-11 1.0205E-10 1.0558E-10 1.0920E-10 1.1289E-10 1.1668E-10 1.2054E-10 1.2450E-10 1.2853E-10 1.3265E-10 1.3686E-10 1.4115E-10 1.4552E-10 1.4997E-10 1.5451E-10 1.5912E-10 1.6381E-10 1.6858E-10 1.7342E-10 1.7834E-10 1.8333E-10 1.8838E-10 1.9351E-10 1.9870E-10 2.0396E-10 2.0927E-10 2.1465E-10 2.2007E-10 2.2555E-10 2.3108E-10 2.3666E-10 2.4228E-10 2.4793E-10 2.5362E-10 2.5934E-10 2.6509E-10 2.7086E-10 2.7665E-10 2.8245E-10 2.8827E-10 2.9409E-10 2.9991E-10 3.0572E-10 3.1153E-10 3.1732E-10 3.2309E-10
