Assets/Resources/2015_m01_d07_1800(utc+0800)_l00_csi_1hr_conc.grd
DSAA
         159         159
     -79.000      79.000
     -79.000      79.000
  0.0000E+00  0.1417E-04
[rows 100 to 124 of 159, columns 57 to 113 of 159]
3.6092E-11 3.6907E-11 3.1696E-11 3.2190E-11 3.2585E-11 3.2880E-11 3.3071E-11 3.3156E-11 3.3135E-11 3.3008E-11 3.2776E-11 5.6565E-11 8.1938E-11 1.1209E-10 1.5475E-10 2.2150E-10 2.7780E-10 3.5135E-10 4.7386E-10 5.4919E-10 6.1234E-10 6.6704E-10 7.3888E-10 8.0968E-10 8.2825E-10 8.8453E-10 9.1334E-10 9.6468E-10 9.8935E-10 1.0072E-09 1.0252E-09 1.0610E-09 1.0688E-09 1.0747E-09 1.0572E-09 1.0578E-09 1.0798E-09 1.0779E-09 1.0953E-09 1.0645E-09 1.0531E-09 1.0638E-09 1.0506E-09 1.0356E-09 1.0070E-09 1.0113E-09 1.0007E-09 9.8260E-10 9.8366E-10 9.4109E-10 9.2854E-10 9.2766E-10 9.2561E-10 9.0059E-10 8.9729E-10 8.9309E-10 8.8808E-10
2.6011E-11 2.6584E-11 2.7083E-11 2.7503E-11 2.7839E-11 2.8090E-11 2.8251E-11 2.8323E-11 2.8304E-11 2.8194E-11 2.7995E-11 2.7709E-11 5.2270E-11 7.7542E-11 1.1298E-10 1.4139E-10 1.9743E-10 2.6639E-10 3.4997E-10 4.3494E-10 4.9550E-10 5.5061E-10 6.1045E-10 6.7521E-10 7.1781E-10 7.5313E-10 8.0485E-10 8.1121E-10 8.5699E-10 8.9841E-10 9.1449E-10 9.2896E-10 9.2221E-10 9.3105E-10 9.5879E-10 9.6441E-10 9.8868E-10 9.4444E-10 9.6194E-10 9.7876E-10 9.7183E-10 9.8506E-10 9.4041E-10 9.4997E-10 9.4421E-10 9.2981E-10 9.3465E-10 8.9535E-10 8.9885E-10 8.8864E-10 8.8997E-10 8.6775E-10 8.6732E-10 8.6576E-10 8.6329E-10 8.4961E-10 8.4574E-10
1.1662E-11 1.3734E-11 1.6190E-11 1.6514E-11 1.6792E-11 1.7019E-11 1.7195E-11 1.7318E-11 1.7386E-11 1.7398E-11 1.7356E-11 1.7259E-11 1.7107E-11 5.7339E-11 6.7769E-11 9.8043E-11 1.2863E-10 1.8403E-10 2.4259E-10 3.1377E-10 3.8519E-10 4.3999E-10 4.9755E-10 5.5584E-10 5.8481E-10 6.3595E-10 6.8450E-10 7.1053E-10 7.3500E-10 7.5993E-10 7.6047E-10 7.9646E-10 8.2957E-10 8.4195E-10 8.7124E-10 8.3785E-10 8.6028E-10 8.8220E-10 8.8165E-10 9.0011E-10 8.6282E-10 8.7754E-10 8.7708E-10 8.6762E-10 8.7718E-10 8.4148E-10 8.4861E-10 8.4190E-10 8.4671E-10 8.5008E-10 8.3051E-10 8.3203E-10 8.3245E-10 8.3169E-10 8.1988E-10 8.1756E-10 8.1445E-10
7.6838E-12 7.8814E-12 8.0599E-12 8.2178E-12 8.3538E-12 8.4667E-12 8.5554E-12 8.6195E-12 8.6583E-12 8.6715E-12 8.6591E-12 8.6211E-12 8.5580E-12 2.3001E-11 4.5545E-11 5.8133E-11 7.4871E-11 1.2323E-10 1.6075E-10 2.1050E-10 2.9932E-10 3.4664E-10 4.0193E-10 4.5450E-10 4.9436E-10 5.2265E-10 5.5246E-10 5.7861E-10 6.1878E-10 6.5764E-10 6.7967E-10 7.1387E-10 7.1400E-10 7.2329E-10 7.5153E-10 7.7794E-10 7.8319E-10 8.0581E-10 7.7717E-10 7.9573E-10 8.0063E-10 7.9583E-10 8.0963E-10 7.7951E-10 7.9044E-10 7.8744E-10 7.9579E-10 8.0263E-10 7.8630E-10 7.9116E-10 7.9487E-10 7.9717E-10 7.8815E-10 7.8843E-10 7.8778E-10 7.8618E-10 7.8381E-10
3.7637E-12 4.6246E-12 4.7491E-12 4.8627E-12 4.9646E-12 5.0541E-12 5.1301E-12 5.1923E-12 5.2401E-12 5.2730E-12 5.2908E-12 5.2934E-12 5.2805E-12 5.2526E-12 2.7244E-11 4.2835E-11 5.1438E-11 6.8627E-11 1.0617E-10 1.4343E-10 1.7597E-10 2.5973E-10 3.0087E-10 3.5472E-10 3.8760E-10 4.3328E-10 4.7088E-10 5.0953E-10 5.4747E-10 5.5836E-10 5.7483E-10 6.0733E-10 6.3848E-10 6.5229E-10 6.7912E-10 6.7817E-10 6.8555E-10 7.0754E-10 7.1715E-10 7.1741E-10 7.3457E-10 7.1102E-10 7.2505E-10 7.2593E-10 7.3745E-10 7.4781E-10 7.3488E-10 7.4302E-10 7.5003E-10 7.5568E-10 7.6009E-10 7.5313E-10 7.5540E-10 7.5636E-10 7.5639E-10 7.5549E-10 7.5381E-10
0.0000E+00 0.0000E+00 0.0000E+00 0.0000E+00 9.2312E-13 2.0413E-12 2.0990E-12 2.1516E-12 2.1989E-12 2.2406E-12 2.2761E-12 2.3053E-12 2.3278E-12 2.3435E-12 2.3522E-12 2.4844E-11 3.4787E-11 4.7356E-11 5.6829E-11 8.0061E-11 1.1749E-10 1.7641E-10 2.3488E-10 2.8887E-10 3.2437E-10 3.5361E-10 3.8513E-10 4.2349E-10 4.5756E-10 4.9106E-10 5.1120E-10 5.4224E-10 5.6483E-10 5.6404E-10 5.9004E-10 6.0561E-10 6.1246E-10 6.3388E-10 6.3558E-10 6.3732E-10 6.5419E-10 6.5896E-10 6.7329E-10 6.8647E-10 6.7781E-10 6.8861E-10 6.9837E-10 7.0712E-10 7.1480E-10 7.1107E-10 7.1642E-10 7.2049E-10 7.2345E-10 7.2507E-10 7.2574E-10 7.2551E-10 7.2448E-10
0.0000E+00 0.0000E+00 0.0000E+00 0.0000E+00 0.0000E+00 0.0000E+00 0.0000E+00 0.0000E+00 0.0000E+00 0.0000E+00 0.0000E+00 0.0000E+00 4.0432E-13 7.9087E-13 1.0383E-12 7.5468E-12 2.8398E-11 3.2677E-11 4.5099E-11 5.8320E-11 7.8752E-11 1.1634E-10 1.6582E-10 2.2359E-10 2.6326E-10 2.9982E-10 3.2918E-10 3.7217E-10 3.9892E-10 4.0866E-10 4.3755E-10 4.6583E-10 4.8611E-10 5.1229E-10 5.2348E-10 5.3171E-10 5.3939E-10 5.5978E-10 5.6960E-10 5.8756E-10 6.0442E-10 6.0155E-10 6.1591E-10 6.2921E-10 6.4149E-10 6.5275E-10 6.6302E-10 6.6245E-10 6.7077E-10 6.7803E-10 6.8397E-10 6.8871E-10 6.9231E-10 6.9457E-10 6.9584E-10 6.9622E-10 6.9578E-10
0.0000E+00 0.0000E+00 0.0000E+00 0.0000E+00 0.0000E+00 0.0000E+00 0.0000E+00 0.0000E+00 0.0000E+00 0.0000E+00 0.0000E+00 0.0000E+00 0.0000E+00 0.0000E+00 0.0000E+00 0.0000E+00 1.9388E-11 2.7968E-11 3.3485E-11 4.5038E-11 6.2759E-11 8.0560E-11 1.1263E-10 1.6525E-10 2.0911E-10 2.3790E-10 2.7161E-10 3.0188E-10 3.3820E-10 3.6573E-10 3.8275E-10 4.0888E-10 4.2251E-10 4.3530E-10 4.5813E-10 4.7238E-10 4.9319E-10 5.1311E-10 5.3208E-10 5.3354E-10 5.5008E-10 5.6566E-10 5.8025E-10 5.9385E-10 5.9742E-10 6.0897E-10 6.1959E-10 6.2930E-10 6.3812E-10 6.4596E-10 6.5245E-10 6.5781E-10 6.6197E-10 6.6484E-10 6.6669E-10 6.6765E-10 6.6777E-10
0.0000E+00 0.0000E+00 0.0000E+00 0.0000E+00 0.0000E+00 0.0000E+00 0.0000E+00 0.0000E+00 0.0000E+00 0.0000E+00 0.0000E+00 0.0000E+00 0.0000E+00 0.0000E+00 0.0000E+00 0.0000E+00 0.0000E+00 1.9702E-11 2.8197E-11 3.7698E-11 4.5373E-11 6.2818E-11 8.3305E-11 1.1502E-10 1.6511E-10 1.9600E-10 2.3245E-10 2.5263E-10 2.7554E-10 3.0697E-10 3.3083E-10 3.5449E-10 3.7190E-10 3.9432E-10 4.1618E-10 4.3100E-10 4.4421E-10 4.6330E-10 4.8159E-10 4.9904E-10 5.1561E-10 5.3128E-10 5.3783E-10 5.5150E-10 5.6428E-10 5.7615E-10 5.8713E-10 5.9724E-10 6.0650E-10 6.1487E-10 6.2186E-10 6.2778E-10 6.3246E-10 6.3591E-10 6.3830E-10 6.2674E-10 6.1602E-10
0.0000E+00 0.0000E+00 0.0000E+00 0.0000E+00 0.0000E+00 0.0000E+00 0.0000E+00 0.0000E+00 0.0000E+00 0.0000E+00 0.0000E+00 0.0000E+00 0.0000E+00 0.0000E+00 0.0000E+00 0.0000E+00 0.0000E+00 0.0000E+00 2.1362E-11 2.8327E-11 3.9070E-11 4.7404E-11 6.2754E-11 8.8798E-11 1.1099E-10 1.5557E-10 1.8909E-10 2.1500E-10 2.3996E-10 2.7052E-10 2.9652E-10 3.1427E-10 3.3100E-10 3.5196E-10 3.7250E-10 3.9254E-10 4.1199E-10 4.3078E-10 4.4886E-10 4.5917E-10 4.7546E-10 4.9095E-10 5.0561E-10 5.1943E-10 5.3241E-10 5.4454E-10 5.5583E-10 5.6628E-10 5.7591E-10 5.8474E-10 5.9220E-10 5.9864E-10 6.0379E-10 5.9509E-10 5.9225E-10 5.7597E-10 5.5395E-10
0.0000E+00 0.0000E+00 0.0000E+00 0.0000E+00 0.0000E+00 0.0000E+00 0.0000E+00 0.0000E+00 0.0000E+00 0.0000E+00 0.0000E+00 0.0000E+00 0.0000E+00 0.0000E+00 0.0000E+00 0.0000E+00 0.0000E+00 0.0000E+00 1.1434E-11 2.4369E-11 2.8366E-11 3.8958E-11 5.0210E-11 6.4076E-11 8.9413E-11 1.2662E-10 1.5455E-10 1.8176E-10 2.0614E-10 2.3121E-10 2.6205E-10 2.8257E-10 3.0299E-10 3.2320E-10 3.4309E-10 3.6257E-10 3.7590E-10 3.9405E-10 4.1159E-10 4.2847E-10 4.4465E-10 4.6009E-10 4.7478E-10 4.8869E-10 5.0181E-10 5.1414E-10 5.2567E-10 5.3640E-10 5.4636E-10 5.5554E-10 5.6346E-10 5.5846E-10 5.5820E-10 5.5055E-10 5.2412E-10 5.2159E-10 5.1206E-10
0.0000E+00 0.0000E+00 0.0000E+00 0.0000E+00 0.0000E+00 0.0000E+00 0.0000E+00 0.0000E+00 0.0000E+00 0.0000E+00 0.0000E+00 0.0000E+00 0.0000E+00 0.0000E+00 0.0000E+00 0.0000E+00 0.0000E+00 0.0000E+00 0.0000E+00 1.7238E-11 2.4507E-11 3.0255E-11 3.8755E-11 5.4496E-11 6.6692E-11 9.3046E-11 1.2709E-10 1.5405E-10 1.7951E-10 2.0313E-10 2.3095E-10 2.5376E-10 2.7297E-10 2.9206E-10 3.1095E-10 3.2953E-10 3.4772E-10 3.6546E-10 3.8267E-10 3.9931E-10 4.1532E-10 4.3066E-10 4.4532E-10 4.5926E-10 4.7246E-10 4.8493E-10 4.9664E-10 5.0761E-10 5.1184E-10 5.1628E-10 5.1328E-10 5.1453E-10 4.9023E-10 4.9028E-10 4.8309E-10 4.7022E-10 4.5637E-10
0.0000E+00 0.0000E+00 0.0000E+00 0.0000E+00 0.0000E+00 0.0000E+00 0.0000E+00 0.0000E+00 0.0000E+00 0.0000E+00 0.0000E+00 0.0000E+00 0.0000E+00 0.0000E+00 0.0000E+00 0.0000E+00 0.0000E+00 0.0000E+00 0.0000E+00 0.0000E+00 1.7395E-11 2.4570E-11 3.3897E-11 3.9444E-11 5.4026E-11 7.4302E-11 9.6795E-11 1.2615E-10 1.5449E-10 1.8097E-10 2.0086E-10 2.2388E-10 2.4911E-10 2.6741E-10 2.8559E-10 3.0354E-10 3.2120E-10 3.3848E-10 3.5531E-10 3.7165E-10 3.8744E-10 4.0263E-10 4.1720E-10 4.3111E-10 4.4435E-10 4.5690E-10 4.5888E-10 4.5972E-10 4.6979E-10 4.7369E-10 4.4667E-10 4.4859E-10 4.4542E-10 4.4012E-10 4.3434E-10 4.0524E-10 4.0378E-10
0.0000E+00 0.0000E+00 0.0000E+00 0.0000E+00 0.0000E+00 0.0000E+00 0.0000E+00 0.0000E+00 0.0000E+00 0.0000E+00 0.0000E+00 0.0000E+00 0.0000E+00 0.0000E+00 0.0000E+00 0.0000E+00 0.0000E+00 0.0000E+00 0.0000E+00 0.0000E+00 0.0000E+00 1.8754E-11 2.4566E-11 3.3766E-11 4.0759E-11 5.4300E-11 7.6904E-11 9.6720E-11 1.2697E-10 1.5762E-10 1.7857E-10 1.9774E-10 2.2357E-10 2.4444E-10 2.6188E-10 2.7918E-10 2.9627E-10 3.1305E-10 3.2947E-10 3.4546E-10 3.6098E-10 3.7597E-10 3.8593E-10 3.9572E-10 4.0429E-10 4.1195E-10 4.1836E-10 4.2466E-10 4.0575E-10 4.0503E-10 4.0409E-10 3.9689E-10 3.9943E-10 3.7131E-10 3.7672E-10 3.6544E-10 3.5177E-10
0.0000E+00 0.0000E+00 0.0000E+00 0.0000E+00 0.0000E+00 0.0000E+00 0.0000E+00 0.0000E+00 0.0000E+00 0.0000E+00 0.0000E+00 0.0000E+00 0.0000E+00 0.0000E+00 0.0000E+00 0.0000E+00 0.0000E+00 0.0000E+00 0.0000E+00 0.0000E+00 0.0000E+00 1.5082E-11 2.1319E-11 2.5107E-11 3.3567E-11 4.2105E-11 5.5552E-11 7.8525E-11 1.0599E-10 1.3126E-10 1.5574E-10 1.7607E-10 1.9696E-10 2.2308E-10 2.3977E-10 2.5639E-10 2.7287E-10 2.8912E-10 3.0509E-10 3.1710E-10 3.2889E-10 3.3972E-10 3.4957E-10 3.6272E-10 3.6696E-10 3.7364E-10 3.5047E-10 3.6056E-10 3.5716E-10 3.5733E-10 3.6545E-10 3.3993E-10 3.3684E-10 3.3373E-10 3.1892E-10 3.1386E-10 2.9465E-10
0.0000E+00 0.0000E+00 0.0000E+00 0.0000E+00 0.0000E+00 0.0000E+00 0.0000E+00 0.0000E+00 0.0000E+00 0.0000E+00 0.0000E+00 0.0000E+00 0.0000E+00 0.0000E+00 0.0000E+00 0.0000E+00 0.0000E+00 0.0000E+00 0.0000E+00 0.0000E+00 0.0000E+00 0.0000E+00 1.5187E-11 2.1343E-11 2.6199E-11 3.3308E-11 4.6994E-11 5.9633E-11 8.0843E-11 1.0896E-10 1.3318E-10 1.5376E-10 1.7350E-10 1.9373E-10 2.1685E-10 2.3258E-10 2.4344E-10 2.5860E-10 2.7044E-10 2.8496E-10 2.9631E-10 3.0599E-10 3.1914E-10 3.1663E-10 3.0152E-10 3.0535E-10 3.1537E-10 3.2032E-10 3.2016E-10 3.0208E-10 3.0167E-10 2.9099E-10 2.8878E-10 2.8936E-10 2.6625E-10 2.6539E-10 2.6384E-10
0.0000E+00 0.0000E+00 0.0000E+00 0.0000E+00 0.0000E+00 0.0000E+00 0.0000E+00 0.0000E+00 0.0000E+00 0.0000E+00 0.0000E+00 0.0000E+00 0.0000E+00 0.0000E+00 0.0000E+00 0.0000E+00 0.0000E+00 0.0000E+00 0.0000E+00 0.0000E+00 0.0000E+00 0.0000E+00 0.0000E+00 1.5250E-11 2.1315E-11 2.8247E-11 3.4358E-11 4.6519E-11 6.4517E-11 8.4227E-11 1.0836E-10 1.3148E-10 1.4935E-10 1.6892E-10 1.8568E-10 2.0478E-10 2.1914E-10 2.3027E-10 2.4220E-10 2.5277E-10 2.5699E-10 2.4664E-10 2.5463E-10 2.6564E-10 2.6893E-10 2.7901E-10 2.7973E-10 2.6168E-10 2.5427E-10 2.5867E-10 2.6111E-10 2.5708E-10 2.3665E-10 2.3667E-10 2.3784E-10 2.2863E-10 2.2443E-10
0.0000E+00 0.0000E+00 0.0000E+00 0.0000E+00 0.0000E+00 0.0000E+00 0.0000E+00 0.0000E+00 0.0000E+00 0.0000E+00 0.0000E+00 0.0000E+00 0.0000E+00 0.0000E+00 0.0000E+00 0.0000E+00 0.0000E+00 0.0000E+00 0.0000E+00 0.0000E+00 0.0000E+00 0.0000E+00 0.0000E+00 0.0000E+00 1.5273E-11 2.1241E-11 2.9156E-11 3.5079E-11 4.5339E-11 6.4538E-11 8.2063E-11 1.0705E-10 1.2820E-10 1.4243E-10 1.5617E-10 1.7220E-10 1.8478E-10 1.9727E-10 1.9199E-10 2.0358E-10 2.1262E-10 2.2022E-10 2.3099E-10 2.3116E-10 2.1730E-10 2.1317E-10 2.2137E-10 2.2512E-10 2.2333E-10 2.2558E-10 2.0638E-10 2.0677E-10 2.0300E-10 2.0056E-10 2.0387E-10 2.0281E-10 2.0534E-10
0.0000E+00 0.0000E+00 0.0000E+00 0.0000E+00 0.0000E+00 0.0000E+00 0.0000E+00 0.0000E+00 0.0000E+00 0.0000E+00 0.0000E+00 0.0000E+00 0.0000E+00 0.0000E+00 0.0000E+00 0.0000E+00 0.0000E+00 0.0000E+00 0.0000E+00 0.0000E+00 0.0000E+00 0.0000E+00 0.0000E+00 0.0000E+00 0.0000E+00 1.8577E-11 2.2259E-11 2.7823E-11 3.3445E-11 4.5400E-11 6.4515E-11 8.7259E-11 1.0142E-10 1.1904E-10 1.2027E-10 1.3430E-10 1.5299E-10 1.5982E-10 1.6820E-10 1.7711E-10 1.7747E-10 1.6855E-10 1.7444E-10 1.8171E-10 1.8259E-10 1.8825E-10 1.8979E-10 1.7227E-10 1.7472E-10 1.7067E-10 1.7496E-10 1.7905E-10 1.7931E-10 1.8266E-10 1.8338E-10 1.7397E-10 1.7332E-10
0.0000E+00 0.0000E+00 0.0000E+00 0.0000E+00 0.0000E+00 0.0000E+00 0.0000E+00 0.0000E+00 0.0000E+00 0.0000E+00 0.0000E+00 0.0000E+00 0.0000E+00 0.0000E+00 0.0000E+00 0.0000E+00 0.0000E+00 0.0000E+00 0.0000E+00 0.0000E+00 0.0000E+00 0.0000E+00 0.0000E+00 0.0000E+00 0.0000E+00 1.3317E-11 1.7432E-11 2.1422E-11 2.6141E-11 2.7743E-11 3.8288E-11 5.4589E-11 7.2079E-11 8.9845E-11 1.0063E-10 1.1085E-10 1.1787E-10 1.3313E-10 1.2712E-10 1.3381E-10 1.4141E-10 1.4364E-10 1.4784E-10 1.5171E-10 1.5592E-10 1.3731E-10 1.4344E-10 1.4673E-10 1.5136E-10 1.5448E-10 1.5650E-10 1.5763E-10 1.5317E-10 1.5498E-10 1.5622E-10 1.5368E-10 1.5718E-10
0.0000E+00 0.0000E+00 0.0000E+00 0.0000E+00 0.0000E+00 0.0000E+00 0.0000E+00 0.0000E+00 0.0000E+00 0.0000E+00 0.0000E+00 0.0000E+00 0.0000E+00 0.0000E+00 0.0000E+00 0.0000E+00 0.0000E+00 0.0000E+00 0.0000E+00 0.0000E+00 0.0000E+00 0.0000E+00 0.0000E+00 0.0000E+00 0.0000E+00 0.0000E+00 8.8865E-12 1.2323E-11 1.5602E-11 1.9741E-11 2.6119E-11 4.0709E-11 4.9501E-11 6.8398E-11 7.4527E-11 8.0808E-11 8.7420E-11 9.5355E-11 1.0640E-10 1.1187E-10 1.1326E-10 1.1762E-10 1.0898E-10 1.1423E-10 1.1935E-10 1.2329E-10 1.2549E-10 1.2684E-10 1.3199E-10 1.2929E-10 1.3269E-10 1.3415E-10 1.3465E-10 1.3862E-10 1.3620E-10 1.3679E-10 1.2127E-10
0.0000E+00 0.0000E+00 0.0000E+00 0.0000E+00 0.0000E+00 0.0000E+00 0.0000E+00 0.0000E+00 0.0000E+00 0.0000E+00 0.0000E+00 0.0000E+00 0.0000E+00 0.0000E+00 0.0000E+00 0.0000E+00 0.0000E+00 0.0000E+00 0.0000E+00 0.0000E+00 0.0000E+00 0.0000E+00 0.0000E+00 0.0000E+00 0.0000E+00 0.0000E+00 0.0000E+00 8.8800E-12 6.1376E-12 9.5807E-12 1.1917E-11 1.5725E-11 2.7552E-11 3.8802E-11 5.6111E-11 6.8524E-11 7.1720E-11 7.7479E-11 7.2212E-11 8.2857E-11 8.6582E-11 8.9968E-11 9.3428E-11 9.8040E-11 1.0340E-10 1.0248E-10 1.0744E-10 1.0889E-10 1.1253E-10 1.1484E-10 1.1621E-10 1.1558E-10 1.1468E-10 1.0659E-10 1.0710E-10 1.0999E-10 1.1277E-10
0.0000E+00 0.0000E+00 0.0000E+00 0.0000E+00 0.0000E+00 0.0000E+00 0.0000E+00 0.0000E+00 0.0000E+00 0.0000E+00 0.0000E+00 0.0000E+00 0.0000E+00 0.0000E+00 0.0000E+00 0.0000E+00 0.0000E+00 0.0000E+00 0.0000E+00 0.0000E+00 0.0000E+00 0.0000E+00 0.0000E+00 0.0000E+00 0.0000E+00 0.0000E+00 0.0000E+00 0.0000E+00 5.4038E-12 7.6850E-12 8.5494E-12 9.6670E-12 1.4013E-11 1.9319E-11 3.4261E-11 4.3356E-11 5.3179E-11 5.7983E-11 6.2704E-11 6.6436E-11 7.1239E-11 7.5276E-11 7.9379E-11 8.3412E-11 8.7362E-11 8.8968E-11 9.1749E-11 9.1456E-11 9.5475E-11 8.7912E-11 9.0218E-11 9.2418E-11 9.5583E-11 9.8657E-11 9.9131E-11 1.0194E-10 9.2376E-11
0.0000E+00 0.0000E+00 0.0000E+00 0.0000E+00 0.0000E+00 0.0000E+00 0.0000E+00 0.0000E+00 0.0000E+00 0.0000E+00 0.0000E+00 0.0000E+00 0.0000E+00 0.0000E+00 0.0000E+00 0.0000E+00 0.0000E+00 0.0000E+00 0.0000E+00 0.0000E+00 0.0000E+00 0.0000E+00 0.0000E+00 0.0000E+00 0.0000E+00 0.0000E+00 0.0000E+00 0.0000E+00 0.0000E+00 0.0000E+00 1.5929E-12 1.7354E-12 4.2183E-12 1.0310E-11 1.9654E-11 3.1329E-11 4.1671E-11 4.7791E-11 5.2547E-11 5.5370E-11 5.9209E-11 6.3386E-11 6.6197E-11 6.9603E-11 7.2214E-11 6.8829E-11 7.2378E-11 7.4095E-11 7.7480E-11 8.0810E-11 8.3064E-11 8.3109E-11 8.6058E-11 8.0526E-11 8.1870E-11 8.4292E-11 8.6635E-11
0.0000E+00 0.0000E+00 0.0000E+00 0.0000E+00 0.0000E+00 0.0000E+00 0.0000E+00 0.0000E+00 0.0000E+00 0.0000E+00 0.0000E+00 0.0000E+00 0.0000E+00 0.0000E+00 0.0000E+00 0.0000E+00 0.0000E+00 0.0000E+00 0.0000E+00 0.0000E+00 0.0000E+00 0.0000E+00 0.0000E+00 0.0000E+00 0.0000E+00 0.0000E+00 0.0000E+00 0.0000E+00 0.0000E+00 0.0000E+00 0.0000E+00 1.5999E-12 2.9290E-12 3.1791E-12 1.0707E-11 1.7605E-11 3.1219E-11 4.1551E-11 4.3914E-11 4.6539E-11 4.6196E-11 5.0472E-11 5.2634E-11 5.6009E-11 5.9392E-11 6.2769E-11 6.3922E-11 6.6250E-11 6.9372E-11 6.5656E-11 6.8391E-11 7.0060E-11 7.2651E-11 7.5182E-11 7.7649E-11 7.8854E-11 7.2413E-11
