Assets/Resources/2015_m01_d07_2000(utc+0800)_l00_csi_1hr_conc.grd
DSAA
         159         159
     -79.000      79.000
     -79.000      79.000
  0.0000E+00  0.4645E-04
[rows 25 to 49 of 159, columns 57 to 113 of 159]
4.4354E-09 5.5324E-09 6.8464E-09 8.2564E-09 9.9256E-09 1.1677E-08 1.3538E-08 1.5207E-08 1.6646E-08 1.7700E-08 1.8336E-08 1.8602E-08 1.8529E-08 1.8186E-08 1.7652E-08 1.6991E-08 1.6246E-08 1.5455E-08 1.4647E-08 1.3843E-08 1.3062E-08 1.2310E-08 1.1599E-08 1.0933E-08 1.0306E-08 9.7249E-09 9.1834E-09 8.6833E-09 8.2196E-09 7.7897E-09 7.3893E-09 7.0183E-09 6.6734E-09 6.3538E-09 5.9907E-09 5.7220E-09 5.4707E-09 5.1765E-09 4.9038E-09 4.7066E-09 4.5225E-09 4.2944E-09 4.1339E-09 3.9821E-09 3.8397E-09 3.7067E-09 3.5813E-09 3.4641E-09 3.3533E-09 3.2498E-09 3.1504E-09 3.0570E-09 2.9679E-09 2.8840E-09 2.8032E-09 2.7274E-09 2.6550E-09
4.5576E-09 5.6738E-09 7.0118E-09 8.4678E-09 9.9841E-09 1.1853E-08 1.3683E-08 1.5390E-08 1.6852E-08 1.7945E-08 1.8610E-08 1.8902E-08 1.8863E-08 1.8544E-08 1.8021E-08 1.7361E-08 1.6613E-08 1.5812E-08 1.4991E-08 1.4172E-08 1.3369E-08 1.2602E-08 1.1869E-08 1.1180E-08 1.0536E-08 9.9369E-09 9.3772E-09 8.8618E-09 8.3833E-09 7.9412E-09 7.5306E-09 7.1489E-09 6.7947E-09 6.4657E-09 6.1630E-09 5.8138E-09 5.5575E-09 5.3183E-09 5.0360E-09 4.7738E-09 4.5852E-09 4.4091E-09 4.1889E-09 4.0339E-09 3.8883E-09 3.7520E-09 3.6244E-09 3.5037E-09 3.3912E-09 3.2851E-09 3.1846E-09 3.0889E-09 2.9977E-09 2.9125E-09 2.8307E-09 2.7530E-09 2.6793E-09
4.7751E-09 5.8514E-09 7.1627E-09 8.6594E-09 1.0213E-08 1.2072E-08 1.3894E-08 1.5625E-08 1.7076E-08 1.8198E-08 1.8885E-08 1.9194E-08 1.9184E-08 1.8888E-08 1.8376E-08 1.7717E-08 1.6968E-08 1.6160E-08 1.5328E-08 1.4495E-08 1.3678E-08 1.2888E-08 1.2138E-08 1.1428E-08 1.0766E-08 1.0146E-08 9.5739E-09 9.0399E-09 8.5469E-09 8.0927E-09 7.6693E-09 7.2787E-09 6.9157E-09 6.5769E-09 6.2647E-09 5.9095E-09 5.6440E-09 5.3981E-09 5.1707E-09 4.8403E-09 4.6473E-09 4.4676E-09 4.2428E-09 4.0859E-09 3.9364E-09 3.7967E-09 3.6665E-09 3.5438E-09 3.4289E-09 3.3197E-09 3.2179E-09 3.1203E-09 3.0278E-09 2.9403E-09 2.8576E-09 2.7781E-09 2.7033E-09
5.0330E-09 6.0804E-09 7.4084E-09 8.9112E-09 1.0498E-08 1.2292E-08 1.4140E-08 1.5875E-08 1.7324E-08 1.8446E-08 1.9177E-08 1.9501E-08 1.9507E-08 1.9232E-08 1.8734E-08 1.8078E-08 1.7328E-08 1.6515E-08 1.5672E-08 1.4825E-08 1.3993E-08 1.3186E-08 1.2416E-08 1.1688E-08 1.1005E-08 1.0369E-08 9.7767E-09 9.2272E-09 8.7192E-09 8.2489E-09 7.8164E-09 7.4105E-09 7.0375E-09 6.6912E-09 6.3691E-09 6.0696E-09 5.7301E-09 5.4795E-09 5.2434E-09 4.9667E-09 4.7089E-09 4.5252E-09 4.3528E-09 4.1362E-09 3.9842E-09 3.8412E-09 3.7080E-09 3.5829E-09 3.4651E-09 3.3543E-09 3.2502E-09 3.1515E-09 3.0573E-09 2.9675E-09 2.8836E-09 2.8034E-09 2.7268E-09
5.2737E-09 6.3039E-09 7.6899E-09 9.1883E-09 1.0768E-08 1.2537E-08 1.4335E-08 1.6089E-08 1.7587E-08 1.8723E-08 1.9461E-08 1.9794E-08 1.9805E-08 1.9549E-08 1.9063E-08 1.8412E-08 1.7660E-08 1.6845E-08 1.5995E-08 1.5137E-08 1.4292E-08 1.3471E-08 1.2682E-08 1.1936E-08 1.1234E-08 1.0581E-08 9.9726E-09 9.4076E-09 8.8844E-09 8.4012E-09 7.9540E-09 7.5413E-09 7.1589E-09 6.8010E-09 6.4715E-09 6.1661E-09 5.8846E-09 5.5565E-09 5.3184E-09 5.0954E-09 4.7698E-09 4.5818E-09 4.4062E-09 4.1856E-09 4.0316E-09 3.8851E-09 3.7489E-09 3.6213E-09 3.5013E-09 3.3887E-09 3.2818E-09 3.1816E-09 3.0857E-09 2.9949E-09 2.9091E-09 2.8280E-09 2.7499E-09
5.5356E-09 6.5618E-09 7.9928E-09 9.4987E-09 1.1091E-08 1.2750E-08 1.4644E-08 1.6397E-08 1.7899E-08 1.9004E-08 1.9728E-08 2.0097E-08 2.0103E-08 1.9860E-08 1.9386E-08 1.8741E-08 1.7985E-08 1.7169E-08 1.6314E-08 1.5447E-08 1.4589E-08 1.3755E-08 1.2952E-08 1.2189E-08 1.1468E-08 1.0796E-08 1.0172E-08 9.5916E-09 9.0548E-09 8.5555E-09 8.0982E-09 7.6726E-09 7.2786E-09 6.9154E-09 6.5755E-09 6.2585E-09 5.9701E-09 5.6362E-09 5.3905E-09 5.1625E-09 4.8904E-09 4.6376E-09 4.4586E-09 4.2901E-09 4.0775E-09 3.9284E-09 3.7889E-09 3.6590E-09 3.5371E-09 3.4219E-09 3.3129E-09 3.2110E-09 3.1142E-09 3.0217E-09 2.9341E-09 2.8516E-09 2.7728E-09
5.8633E-09 6.8901E-09 8.3548E-09 9.8647E-09 1.1483E-08 1.3097E-08 1.4954E-08 1.6673E-08 1.8136E-08 1.9292E-08 2.0042E-08 2.0408E-08 2.0411E-08 2.0163E-08 1.9698E-08 1.9059E-08 1.8302E-08 1.7483E-08 1.6624E-08 1.5749E-08 1.4881E-08 1.4033E-08 1.3218E-08 1.2438E-08 1.1701E-08 1.1012E-08 1.0368E-08 9.7759E-09 9.2240E-09 8.7115E-09 8.2396E-09 7.8041E-09 7.3998E-09 7.0238E-09 6.6759E-09 6.3566E-09 6.0555E-09 5.7141E-09 5.4622E-09 5.2285E-09 4.9509E-09 4.6922E-09 4.5098E-09 4.3384E-09 4.1221E-09 3.9714E-09 3.8283E-09 3.6958E-09 3.5713E-09 3.4542E-09 3.3440E-09 3.2396E-09 3.1416E-09 3.0475E-09 2.9586E-09 2.8747E-09 2.7953E-09
6.2636E-09 7.2624E-09 8.6855E-09 1.0271E-08 1.1926E-08 1.3502E-08 1.5252E-08 1.6969E-08 1.8482E-08 1.9636E-08 2.0339E-08 2.0700E-08 2.0711E-08 2.0448E-08 1.9989E-08 1.9356E-08 1.8601E-08 1.7776E-08 1.6915E-08 1.6034E-08 1.5156E-08 1.4298E-08 1.3469E-08 1.2677E-08 1.1927E-08 1.1220E-08 1.0562E-08 9.9516E-09 9.3866E-09 8.8634E-09 8.3778E-09 7.9324E-09 7.5166E-09 7.1343E-09 6.7767E-09 6.4481E-09 6.1413E-09 5.8596E-09 5.5316E-09 5.2949E-09 5.0725E-09 4.8060E-09 4.5595E-09 4.3853E-09 4.1656E-09 4.0130E-09 3.8671E-09 3.7318E-09 3.6049E-09 3.4861E-09 3.3739E-09 3.2675E-09 3.1679E-09 3.0732E-09 2.9827E-09 2.8972E-09 2.8166E-09
6.6913E-09 7.6857E-09 9.1460E-09 1.0718E-08 1.2359E-08 1.4013E-08 1.5616E-08 1.7311E-08 1.8812E-08 1.9925E-08 2.0651E-08 2.1009E-08 2.1026E-08 2.0741E-08 2.0283E-08 1.9653E-08 1.8899E-08 1.8068E-08 1.7205E-08 1.6318E-08 1.5431E-08 1.4561E-08 1.3720E-08 1.2915E-08 1.2152E-08 1.1431E-08 1.0757E-08 1.0130E-08 9.5515E-09 9.0170E-09 8.5186E-09 8.0601E-09 7.6362E-09 7.2413E-09 6.8767E-09 6.5382E-09 6.2266E-09 5.9373E-09 5.6020E-09 5.3573E-09 5.1305E-09 4.8586E-09 4.6079E-09 4.4309E-09 4.2641E-09 4.0528E-09 3.9054E-09 3.7667E-09 3.6379E-09 3.5169E-09 3.4026E-09 3.2950E-09 3.1937E-09 3.0981E-09 3.0060E-09 2.9190E-09 2.8372E-09
7.1349E-09 8.1656E-09 9.6367E-09 1.1219E-08 1.2899E-08 1.4525E-08 1.6058E-08 1.7679E-08 1.9147E-08 2.0269E-08 2.1013E-08 2.1329E-08 2.1334E-08 2.1035E-08 2.0558E-08 1.9928E-08 1.9175E-08 1.8340E-08 1.7472E-08 1.6583E-08 1.5691E-08 1.4813E-08 1.3961E-08 1.3143E-08 1.2364E-08 1.1632E-08 1.0945E-08 1.0302E-08 9.7108E-09 9.1643E-09 8.6558E-09 8.1849E-09 7.7512E-09 7.3494E-09 6.9748E-09 6.6282E-09 6.3095E-09 6.0094E-09 5.7362E-09 5.4192E-09 5.1877E-09 4.9730E-09 4.6550E-09 4.4749E-09 4.3056E-09 4.0914E-09 3.9425E-09 3.8007E-09 3.6698E-09 3.5464E-09 3.4307E-09 3.3218E-09 3.2186E-09 3.1216E-09 3.0286E-09 2.9404E-09 2.8572E-09
7.5986E-09 8.6892E-09 1.0110E-08 1.1801E-08 1.3521E-08 1.5105E-08 1.6543E-08 1.8098E-08 1.9510E-08 2.0620E-08 2.1317E-08 2.1613E-08 2.1613E-08 2.1333E-08 2.0828E-08 2.0196E-08 1.9441E-08 1.8603E-08 1.7726E-08 1.6834E-08 1.5937E-08 1.5051E-08 1.4190E-08 1.3362E-08 1.2573E-08 1.1829E-08 1.1130E-08 1.0473E-08 9.8672E-09 9.3065E-09 8.7912E-09 8.3079E-09 7.8645E-09 7.4536E-09 7.0719E-09 6.7170E-09 6.3887E-09 6.0842E-09 5.8026E-09 5.4794E-09 5.2438E-09 5.0230E-09 4.7607E-09 4.5173E-09 4.3457E-09 4.1284E-09 3.9779E-09 3.8341E-09 3.7004E-09 3.5753E-09 3.4580E-09 3.3475E-09 3.2425E-09 3.1442E-09 3.0508E-09 2.9611E-09 2.8766E-09
8.0682E-09 9.2108E-09 1.0628E-08 1.2437E-08 1.4163E-08 1.5772E-08 1.7206E-08 1.8586E-08 1.9832E-08 2.0955E-08 2.1653E-08 2.1980E-08 2.1932E-08 2.1635E-08 2.1098E-08 2.0457E-08 1.9699E-08 1.8860E-08 1.7974E-08 1.7079E-08 1.6175E-08 1.5283E-08 1.4413E-08 1.3573E-08 1.2772E-08 1.2016E-08 1.1306E-08 1.0645E-08 1.0024E-08 9.4473E-09 8.9210E-09 8.4307E-09 7.9744E-09 7.5533E-09 7.1633E-09 6.8028E-09 6.4689E-09 6.1566E-09 5.8657E-09 5.5360E-09 5.2956E-09 5.0714E-09 4.8049E-09 4.5579E-09 4.3842E-09 4.2202E-09 4.0116E-09 3.8664E-09 3.7300E-09 3.6033E-09 3.4843E-09 3.3720E-09 3.2659E-09 3.1661E-09 3.0719E-09 2.9810E-09 2.8952E-09
8.5575E-09 9.7549E-09 1.1191E-08 1.3049E-08 1.4838E-08 1.6503E-08 1.7906E-08 1.9040E-08 2.0293E-08 2.1322E-08 2.2002E-08 2.2303E-08 2.2207E-08 2.1900E-08 2.1378E-08 2.0708E-08 1.9943E-08 1.9100E-08 1.8207E-08 1.7307E-08 1.6402E-08 1.5504E-08 1.4627E-08 1.3778E-08 1.2967E-08 1.2200E-08 1.1477E-08 1.0804E-08 1.0174E-08 9.5890E-09 9.0482E-09 8.5478E-09 8.0834E-09 7.6519E-09 7.2530E-09 6.8836E-09 6.5430E-09 6.2274E-09 5.9309E-09 5.6593E-09 5.3446E-09 5.1187E-09 4.8468E-09 4.5969E-09 4.4206E-09 4.2546E-09 4.0438E-09 3.8975E-09 3.7586E-09 3.6301E-09 3.5092E-09 3.3953E-09 3.2884E-09 3.1871E-09 3.0917E-09 2.9999E-09 2.9129E-09
9.0903E-09 1.0345E-08 1.1835E-08 1.3754E-08 1.5639E-08 1.7288E-08 1.8612E-08 1.9706E-08 2.0798E-08 2.1688E-08 2.2331E-08 2.2610E-08 2.2560E-08 2.2220E-08 2.1664E-08 2.0960E-08 2.0185E-08 1.9334E-08 1.8436E-08 1.7525E-08 1.6616E-08 1.5712E-08 1.4828E-08 1.3974E-08 1.3156E-08 1.2377E-08 1.1645E-08 1.0960E-08 1.0322E-08 9.7224E-09 9.1689E-09 8.6619E-09 8.1897E-09 7.7478E-09 7.3386E-09 6.9614E-09 6.6135E-09 6.2913E-09 5.9912E-09 5.7140E-09 5.3931E-09 5.1629E-09 4.9495E-09 4.6340E-09 4.4551E-09 4.2875E-09 4.0743E-09 3.9270E-09 3.7863E-09 3.6557E-09 3.5331E-09 3.4178E-09 3.3100E-09 3.2070E-09 3.1104E-09 3.0184E-09 2.9301E-09
9.5419E-09 1.0872E-08 1.2482E-08 1.4497E-08 1.6464E-08 1.8151E-08 1.9476E-08 2.0471E-08 2.1245E-08 2.2070E-08 2.2692E-08 2.2943E-08 2.2863E-08 2.2463E-08 2.1910E-08 2.1202E-08 2.0415E-08 1.9557E-08 1.8654E-08 1.7732E-08 1.6820E-08 1.5914E-08 1.5024E-08 1.4161E-08 1.3336E-08 1.2548E-08 1.1807E-08 1.1110E-08 1.0459E-08 9.8561E-09 9.2880E-09 8.7666E-09 8.2881E-09 7.8437E-09 7.4217E-09 7.0381E-09 6.6807E-09 6.3515E-09 6.0487E-09 5.7677E-09 5.4384E-09 5.2050E-09 4.9875E-09 4.6690E-09 4.4877E-09 4.3184E-09 4.1030E-09 3.9546E-09 3.8125E-09 3.6799E-09 3.5561E-09 3.4393E-09 3.3300E-09 3.2257E-09 3.1284E-09 3.0357E-09 2.9463E-09
1.0039E-08 1.1500E-08 1.3149E-08 1.5263E-08 1.7317E-08 1.9060E-08 2.0413E-08 2.1284E-08 2.1901E-08 2.2579E-08 2.3055E-08 2.3265E-08 2.3161E-08 2.2794E-08 2.2207E-08 2.1466E-08 2.0646E-08 1.9776E-08 1.8864E-08 1.7931E-08 1.7011E-08 1.6100E-08 1.5206E-08 1.4340E-08 1.3509E-08 1.2714E-08 1.1962E-08 1.1255E-08 1.0594E-08 9.9782E-09 9.4046E-09 8.8707E-09 8.3812E-09 7.9294E-09 7.5060E-09 7.1097E-09 6.7469E-09 6.4084E-09 6.1014E-09 5.8147E-09 5.4858E-09 5.2433E-09 5.0236E-09 4.7619E-09 4.5184E-09 4.3473E-09 4.1860E-09 3.9803E-09 3.8374E-09 3.7029E-09 3.5777E-09 3.4596E-09 3.3487E-09 3.2438E-09 3.1453E-09 3.0519E-09 2.9619E-09
1.0680E-08 1.2124E-08 1.3856E-08 1.5980E-08 1.8152E-08 2.0020E-08 2.1320E-08 2.2155E-08 2.2674E-08 2.3112E-08 2.3436E-08 2.3616E-08 2.3486E-08 2.3086E-08 2.2442E-08 2.1703E-08 2.0878E-08 1.9995E-08 1.9074E-08 1.8134E-08 1.7199E-08 1.6279E-08 1.5380E-08 1.4506E-08 1.3669E-08 1.2869E-08 1.2109E-08 1.1393E-08 1.0721E-08 1.0098E-08 9.5161E-09 8.9703E-09 8.4693E-09 8.0106E-09 7.5809E-09 7.1798E-09 6.8111E-09 6.4640E-09 6.1502E-09 5.8595E-09 5.5266E-09 5.2819E-09 5.0565E-09 4.7922E-09 4.5470E-09 4.3740E-09 4.2116E-09 4.0042E-09 3.8607E-09 3.7249E-09 3.5979E-09 3.4787E-09 3.3662E-09 3.2609E-09 3.1611E-09 3.0668E-09 2.9762E-09
1.1336E-08 1.2770E-08 1.4568E-08 1.6650E-08 1.9041E-08 2.1011E-08 2.2376E-08 2.3159E-08 2.3490E-08 2.3622E-08 2.3885E-08 2.3963E-08 2.3775E-08 2.3352E-08 2.2736E-08 2.1965E-08 2.1094E-08 2.0197E-08 1.9265E-08 1.8319E-08 1.7375E-08 1.6452E-08 1.5548E-08 1.4671E-08 1.3822E-08 1.3012E-08 1.2245E-08 1.1522E-08 1.0843E-08 1.0209E-08 9.6186E-09 9.0690E-09 8.5554E-09 8.0842E-09 7.6534E-09 7.2449E-09 6.8675E-09 6.5211E-09 6.1937E-09 5.9006E-09 5.6311E-09 5.3177E-09 5.0878E-09 4.8197E-09 4.5733E-09 4.3985E-09 4.2352E-09 4.0262E-09 3.8822E-09 3.7452E-09 3.6167E-09 3.4966E-09 3.3824E-09 3.2767E-09 3.1756E-09 3.0807E-09 2.9898E-09
1.1996E-08 1.3457E-08 1.5307E-08 1.7352E-08 1.9911E-08 2.2027E-08 2.3474E-08 2.4184E-08 2.4451E-08 2.4407E-08 2.4413E-08 2.4325E-08 2.4096E-08 2.3647E-08 2.2997E-08 2.2174E-08 2.1302E-08 2.0404E-08 1.9459E-08 1.8501E-08 1.7544E-08 1.6615E-08 1.5705E-08 1.4823E-08 1.3970E-08 1.3155E-08 1.2376E-08 1.1641E-08 1.0954E-08 1.0313E-08 9.7144E-09 9.1565E-09 8.6392E-09 8.1578E-09 7.7154E-09 7.3054E-09 6.9211E-09 6.5663E-09 6.2407E-09 5.9366E-09 5.6633E-09 5.3472E-09 5.1201E-09 4.9078E-09 4.5969E-09 4.4210E-09 4.2565E-09 4.0463E-09 3.9018E-09 3.7638E-09 3.6340E-09 3.5129E-09 3.3975E-09 3.2911E-09 3.1889E-09 3.0936E-09 3.0021E-09
1.2651E-08 1.3999E-08 1.6042E-08 1.8163E-08 2.0740E-08 2.3003E-08 2.4496E-08 2.5245E-08 2.5398E-08 2.5184E-08 2.4970E-08 2.4712E-08 2.4429E-08 2.3927E-08 2.3254E-08 2.2456E-08 2.1556E-08 2.0612E-08 1.9652E-08 1.8683E-08 1.7715E-08 1.6772E-08 1.5858E-08 1.4970E-08 1.4111E-08 1.3289E-08 1.2505E-08 1.1763E-08 1.1059E-08 1.0405E-08 9.7995E-09 9.2388E-09 8.7127E-09 8.2261E-09 7.7764E-09 7.3578E-09 6.9710E-09 6.6100E-09 6.2791E-09 5.9736E-09 5.6938E-09 5.3746E-09 5.1458E-09 4.9321E-09 4.6177E-09 4.4413E-09 4.2754E-09 4.0646E-09 3.9193E-09 3.7806E-09 3.6503E-09 3.5278E-09 3.4115E-09 3.3039E-09 3.2012E-09 3.1052E-09 3.0133E-09
1.3300E-08 1.4766E-08 1.6693E-08 1.8878E-08 2.1485E-08 2.3936E-08 2.5611E-08 2.6387E-08 2.6425E-08 2.6111E-08 2.5587E-08 2.5196E-08 2.4752E-08 2.4209E-08 2.3514E-08 2.2671E-08 2.1738E-08 2.0782E-08 1.9836E-08 1.8857E-08 1.7882E-08 1.6928E-08 1.6005E-08 1.5108E-08 1.4245E-08 1.3416E-08 1.2630E-08 1.1926E-08 1.1200E-08 1.0495E-08 9.8816E-09 9.3101E-09 8.7807E-09 8.2896E-09 7.8309E-09 7.4101E-09 7.0150E-09 6.6512E-09 6.3141E-09 6.0079E-09 5.7216E-09 5.3984E-09 5.1680E-09 4.9561E-09 4.6357E-09 4.4590E-09 4.2920E-09 4.0806E-09 3.9346E-09 3.7954E-09 3.6647E-09 3.5411E-09 3.4245E-09 3.3153E-09 3.2122E-09 3.1155E-09 3.0235E-09
1.3926E-08 1.5415E-08 1.7375E-08 1.9601E-08 2.2239E-08 2.4819E-08 2.6678E-08 2.7495E-08 2.7488E-08 2.7028E-08 2.6324E-08 2.5711E-08 2.5108E-08 2.4483E-08 2.3754E-08 2.2910E-08 2.1993E-08 2.1011E-08 2.0029E-08 1.9038E-08 1.8054E-08 1.7084E-08 1.6153E-08 1.5251E-08 1.4379E-08 1.3547E-08 1.2968E-08 1.2128E-08 1.1423E-08 1.0635E-08 9.9566E-09 9.3794E-09 8.8422E-09 8.3448E-09 7.8834E-09 7.4533E-09 7.0575E-09 6.6874E-09 6.3465E-09 6.0355E-09 5.7481E-09 5.4178E-09 5.1866E-09 4.9739E-09 4.6526E-09 4.4739E-09 4.3063E-09 4.0943E-09 3.9478E-09 3.8083E-09 3.6774E-09 3.5528E-09 3.4357E-09 3.3255E-09 3.2218E-09 3.1245E-09 3.0324E-09
1.4413E-08 1.6176E-08 1.8154E-08 2.0388E-08 2.2770E-08 2.5614E-08 2.7644E-08 2.8551E-08 2.8570E-08 2.7974E-08 2.7145E-08 2.6235E-08 2.5531E-08 2.4803E-08 2.4030E-08 2.3157E-08 2.2197E-08 2.1187E-08 2.0193E-08 1.9214E-08 1.8222E-08 1.7248E-08 1.6304E-08 1.5394E-08 1.4517E-08 1.3690E-08 1.3214E-08 1.2359E-08 1.1690E-08 1.0864E-08 1.0092E-08 9.4430E-09 8.9015E-09 8.3943E-09 7.9284E-09 7.4939E-09 7.0917E-09 6.7203E-09 6.3753E-09 6.0587E-09 5.7724E-09 5.4357E-09 5.2014E-09 4.9874E-09 4.6692E-09 4.4859E-09 4.3184E-09 4.1055E-09 3.9591E-09 3.8192E-09 3.6881E-09 3.5634E-09 3.4454E-09 3.3343E-09 3.2301E-09 3.1325E-09 3.0399E-09
1.4994E-08 1.6900E-08 1.8782E-08 2.1153E-08 2.3485E-08 2.6270E-08 2.8513E-08 2.9616E-08 2.9631E-08 2.8995E-08 2.8028E-08 2.6932E-08 2.6013E-08 2.5126E-08 2.4284E-08 2.3385E-08 2.2413E-08 2.1417E-08 2.0382E-08 1.9390E-08 1.8398E-08 1.7414E-08 1.6460E-08 1.5544E-08 1.4663E-08 1.4022E-08 1.3516E-08 1.2982E-08 1.2020E-08 1.1128E-08 1.0329E-08 9.5630E-09 8.9546E-09 8.4434E-09 7.9719E-09 7.5279E-09 7.1223E-09 6.7459E-09 6.3978E-09 6.0791E-09 5.7887E-09 5.4528E-09 5.2130E-09 4.9976E-09 4.6808E-09 4.4954E-09 4.3278E-09 4.1143E-09 3.9680E-09 3.8279E-09 3.6969E-09 3.5721E-09 3.4534E-09 3.3420E-09 3.2369E-09 3.1391E-09 3.0461E-09
1.5520E-08 1.7557E-08 1.9613E-08 2.1846E-08 2.4196E-08 2.6875E-08 2.9252E-08 3.0556E-08 3.0639E-08 2.9941E-08 2.8838E-08 2.7633E-08 2.6431E-08 2.5482E-08 2.4573E-08 2.3642E-08 2.2649E-08 2.1617E-08 2.0575E-08 1.9570E-08 1.8579E-08 1.7587E-08 1.6629E-08 1.5709E-08 1.4859E-08 1.4323E-08 1.3894E-08 1.3494E-08 1.2385E-08 1.1440E-08 1.0576E-08 9.8047E-09 9.0715E-09 8.4867E-09 8.0091E-09 7.5653E-09 7.1498E-09 6.7672E-09 6.4166E-09 6.0963E-09 5.8015E-09 5.4681E-09 5.2211E-09 5.0050E-09 4.6876E-09 4.5045E-09 4.3343E-09 4.1209E-09 3.9746E-09 3.8344E-09 3.7036E-09 3.5790E-09 3.4597E-09 3.3481E-09 3.2424E-09 3.1442E-09 3.0509E-09
