Assets/Resources/2015_m01_d14_1400(utc+0800)_l00_csi_1hr_conc.grd
DSAA
         159         159
     -79.000      79.000
     -79.000      79.000
  0.0000E+00  0.8268E-06
[rows 0 to 24 of 159, columns 0 to 56 of 159]
3.8773E-09 4.0483E-09 4.2217E-09 4.4081E-09 4.6041E-09 4.8020E-09 5.0146E-09 5.2391E-09 5.4655E-09 5.7152E-09 5.9650E-09 6.2241E-09 6.5077E-09 6.7935E-09 7.0898E-09 7.4109E-09 7.7345E-09 8.0707E-09 8.4154E-09 8.7705E-09 9.1372E-09 9.5128E-09 9.8974E-09 1.0289E-08 1.0689E-08 1.1094E-08 1.1502E-08 1.1909E-08 1.2315E-08 1.2718E-08 1.3112E-08 1.3496E-08 1.3864E-08 1.4215E-08 1.4546E-08 1.4852E-08 1.5133E-08 1.5382E-08 1.5597E-08 1.5773E-08 1.5907E-08 1.5996E-08 1.6040E-08 1.6037E-08 1.5986E-08 1.5888E-08 1.5743E-08 1.5551E-08 1.5315E-08 1.5037E-08 1.4719E-08 1.4364E-08 1.3976E-08 1.3559E-08 1.3116E-08 1.2652E-08 1.2167E-08
3.9197E-09 4.0958E-09 4.2726E-09 4.4700E-09 4.6657E-09 4.8686E-09 5.0949E-09 5.3197E-09 5.5598E-09 5.8127E-09 6.0714E-09 6.3464E-09 6.6373E-09 6.9350E-09 7.2499E-09 7.5821E-09 7.9228E-09 8.2740E-09 8.6366E-09 9.0130E-09 9.4007E-09 9.7987E-09 1.0208E-08 1.0628E-08 1.1056E-08 1.1489E-08 1.1925E-08 1.2365E-08 1.2803E-08 1.3238E-08 1.3666E-08 1.4082E-08 1.4482E-08 1.4864E-08 1.5225E-08 1.5560E-08 1.5867E-08 1.6140E-08 1.6377E-08 1.6573E-08 1.6723E-08 1.6824E-08 1.6877E-08 1.6878E-08 1.6828E-08 1.6727E-08 1.6573E-08 1.6370E-08 1.6118E-08 1.5820E-08 1.5479E-08 1.5098E-08 1.4681E-08 1.4233E-08 1.3757E-08 1.3258E-08 1.2740E-08
3.9654E-09 4.1392E-09 4.3265E-09 4.5230E-09 4.7226E-09 4.9378E-09 5.1650E-09 5.3949E-09 5.6501E-09 5.9060E-09 6.1718E-09 6.4656E-09 6.7625E-09 7.0700E-09 7.4078E-09 7.7504E-09 8.1060E-09 8.4728E-09 8.8557E-09 9.2526E-09 9.6610E-09 1.0084E-08 1.0520E-08 1.0967E-08 1.1422E-08 1.1885E-08 1.2355E-08 1.2827E-08 1.3299E-08 1.3767E-08 1.4231E-08 1.4684E-08 1.5119E-08 1.5534E-08 1.5925E-08 1.6291E-08 1.6626E-08 1.6926E-08 1.7186E-08 1.7401E-08 1.7569E-08 1.7684E-08 1.7747E-08 1.7754E-08 1.7705E-08 1.7599E-08 1.7438E-08 1.7222E-08 1.6953E-08 1.6634E-08 1.6268E-08 1.5860E-08 1.5413E-08 1.4931E-08 1.4420E-08 1.3884E-08 1.3330E-08
4.0020E-09 4.1786E-09 4.3760E-09 4.5716E-09 4.7754E-09 5.0028E-09 5.2297E-09 5.4732E-09 5.7297E-09 5.9930E-09 6.2753E-09 6.5743E-09 6.8808E-09 7.2079E-09 7.5558E-09 7.9126E-09 8.2817E-09 8.6681E-09 9.0708E-09 9.4866E-09 9.9189E-09 1.0368E-08 1.0830E-08 1.1303E-08 1.1789E-08 1.2285E-08 1.2786E-08 1.3292E-08 1.3800E-08 1.4307E-08 1.4807E-08 1.5296E-08 1.5769E-08 1.6219E-08 1.6646E-08 1.7044E-08 1.7409E-08 1.7736E-08 1.8020E-08 1.8258E-08 1.8445E-08 1.8576E-08 1.8649E-08 1.8662E-08 1.8615E-08 1.8506E-08 1.8336E-08 1.8106E-08 1.7819E-08 1.7478E-08 1.7086E-08 1.6648E-08 1.6168E-08 1.5651E-08 1.5102E-08 1.4527E-08 1.3934E-08
4.0346E-09 4.2144E-09 4.4156E-09 4.6151E-09 4.8305E-09 5.0574E-09 5.2886E-09 5.5390E-09 5.8043E-09 6.0738E-09 6.3735E-09 6.6768E-09 6.9920E-09 7.3420E-09 7.6975E-09 8.0665E-09 8.4530E-09 8.8581E-09 9.2780E-09 9.7160E-09 1.0174E-08 1.0647E-08 1.1134E-08 1.1638E-08 1.2155E-08 1.2682E-08 1.3217E-08 1.3760E-08 1.4306E-08 1.4851E-08 1.5388E-08 1.5918E-08 1.6433E-08 1.6923E-08 1.7386E-08 1.7817E-08 1.8215E-08 1.8572E-08 1.8885E-08 1.9147E-08 1.9353E-08 1.9501E-08 1.9586E-08 1.9607E-08 1.9561E-08 1.9449E-08 1.9272E-08 1.9029E-08 1.8724E-08 1.8360E-08 1.7940E-08 1.7469E-08 1.6953E-08 1.6398E-08 1.5809E-08 1.5194E-08 1.4557E-08
4.0629E-09 4.2523E-09 4.4513E-09 4.6539E-09 4.8804E-09 5.1063E-09 5.3430E-09 5.6067E-09 5.8716E-09 6.1571E-09 6.4594E-09 6.7705E-09 7.1061E-09 7.4630E-09 7.8296E-09 8.2136E-09 8.6175E-09 9.0387E-09 9.4783E-09 9.9405E-09 1.0421E-08 1.0917E-08 1.1435E-08 1.1968E-08 1.2515E-08 1.3074E-08 1.3647E-08 1.4227E-08 1.4810E-08 1.5393E-08 1.5973E-08 1.6545E-08 1.7101E-08 1.7633E-08 1.8134E-08 1.8604E-08 1.9037E-08 1.9426E-08 1.9766E-08 2.0052E-08 2.0279E-08 2.0444E-08 2.0543E-08 2.0572E-08 2.0529E-08 2.0415E-08 2.0228E-08 1.9971E-08 1.9646E-08 1.9258E-08 1.8809E-08 1.8305E-08 1.7754E-08 1.7159E-08 1.6529E-08 1.5868E-08 1.5184E-08
4.0868E-09 4.2790E-09 4.4819E-09 4.6882E-09 4.9188E-09 5.1490E-09 5.3985E-09 5.6621E-09 5.9323E-09 6.2261E-09 6.5380E-09 6.8574E-09 7.2128E-09 7.5752E-09 7.9535E-09 8.3532E-09 8.7727E-09 9.2099E-09 9.6720E-09 1.0156E-08 1.0657E-08 1.1182E-08 1.1727E-08 1.2289E-08 1.2867E-08 1.3463E-08 1.4072E-08 1.4688E-08 1.5311E-08 1.5936E-08 1.6559E-08 1.7172E-08 1.7770E-08 1.8348E-08 1.8893E-08 1.9403E-08 1.9871E-08 2.0293E-08 2.0663E-08 2.0977E-08 2.1228E-08 2.1412E-08 2.1524E-08 2.1561E-08 2.1522E-08 2.1405E-08 2.1210E-08 2.0939E-08 2.0596E-08 2.0182E-08 1.9703E-08 1.9167E-08 1.8575E-08 1.7938E-08 1.7261E-08 1.6553E-08 1.5824E-08
4.1067E-09 4.3076E-09 4.5072E-09 4.7240E-09 4.9522E-09 5.1862E-09 5.4405E-09 5.7101E-09 5.9872E-09 6.2954E-09 6.6072E-09 6.9456E-09 7.3051E-09 7.6760E-09 8.0691E-09 8.4829E-09 8.9155E-09 9.3733E-09 9.8555E-09 1.0357E-08 1.0885E-08 1.1436E-08 1.2008E-08 1.2598E-08 1.3212E-08 1.3843E-08 1.4486E-08 1.5142E-08 1.5807E-08 1.6474E-08 1.7138E-08 1.7795E-08 1.8441E-08 1.9065E-08 1.9656E-08 2.0205E-08 2.0713E-08 2.1172E-08 2.1576E-08 2.1919E-08 2.2194E-08 2.2396E-08 2.2522E-08 2.2569E-08 2.2535E-08 2.2417E-08 2.2214E-08 2.1930E-08 2.1566E-08 2.1126E-08 2.0617E-08 2.0042E-08 1.9410E-08 1.8730E-08 1.8007E-08 1.7254E-08 1.6475E-08
4.1221E-09 4.3255E-09 4.5276E-09 4.7473E-09 4.9793E-09 5.2175E-09 5.4832E-09 5.7506E-09 6.0419E-09 6.3502E-09 6.6691E-09 7.0169E-09 7.3866E-09 7.7690E-09 8.1742E-09 8.6005E-09 9.0493E-09 9.5254E-09 1.0025E-08 1.0548E-08 1.1100E-08 1.1676E-08 1.2274E-08 1.2897E-08 1.3544E-08 1.4207E-08 1.4889E-08 1.5585E-08 1.6291E-08 1.7000E-08 1.7710E-08 1.8414E-08 1.9105E-08 1.9774E-08 2.0413E-08 2.1010E-08 2.1558E-08 2.2055E-08 2.2494E-08 2.2867E-08 2.3168E-08 2.3391E-08 2.3533E-08 2.3590E-08 2.3561E-08 2.3441E-08 2.3231E-08 2.2931E-08 2.2547E-08 2.2082E-08 2.1540E-08 2.0929E-08 2.0258E-08 1.9531E-08 1.8762E-08 1.7957E-08 1.7126E-08
4.1392E-09 4.3384E-09 4.5428E-09 4.7715E-09 5.0002E-09 5.2495E-09 5.5124E-09 5.7845E-09 6.0809E-09 6.3953E-09 6.7231E-09 7.0866E-09 7.4566E-09 7.8515E-09 8.2679E-09 8.7049E-09 9.1712E-09 9.6636E-09 1.0179E-08 1.0726E-08 1.1301E-08 1.1898E-08 1.2526E-08 1.3180E-08 1.3857E-08 1.4556E-08 1.5277E-08 1.6012E-08 1.6758E-08 1.7513E-08 1.8268E-08 1.9018E-08 1.9755E-08 2.0475E-08 2.1163E-08 2.1808E-08 2.2400E-08 2.2936E-08 2.3412E-08 2.3818E-08 2.4147E-08 2.4392E-08 2.4550E-08 2.4618E-08 2.4594E-08 2.4475E-08 2.4259E-08 2.3947E-08 2.3543E-08 2.3051E-08 2.2477E-08 2.1830E-08 2.1113E-08 2.0341E-08 1.9522E-08 1.8664E-08 1.7783E-08
4.1447E-09 4.3460E-09 4.5524E-09 4.7833E-09 5.0149E-09 5.2672E-09 5.5339E-09 5.8108E-09 6.1189E-09 6.4318E-09 6.7750E-09 7.1381E-09 7.5170E-09 7.9216E-09 8.3473E-09 8.7987E-09 9.2790E-09 9.7846E-09 1.0320E-08 1.0888E-08 1.1481E-08 1.2106E-08 1.2761E-08 1.3443E-08 1.4152E-08 1.4887E-08 1.5644E-08 1.6417E-08 1.7208E-08 1.8006E-08 1.8806E-08 1.9603E-08 2.0391E-08 2.1157E-08 2.1894E-08 2.2587E-08 2.3227E-08 2.3807E-08 2.4321E-08 2.4763E-08 2.5122E-08 2.5393E-08 2.5569E-08 2.5649E-08 2.5631E-08 2.5513E-08 2.5290E-08 2.4966E-08 2.4543E-08 2.4024E-08 2.3418E-08 2.2731E-08 2.1972E-08 2.1153E-08 2.0283E-08 1.9374E-08 1.8439E-08
4.1452E-09 4.3482E-09 4.5564E-09 4.7893E-09 5.0231E-09 5.2778E-09 5.5480E-09 5.8289E-09 6.1409E-09 6.4594E-09 6.8084E-09 7.1781E-09 7.5661E-09 7.9791E-09 8.4133E-09 8.8779E-09 9.3707E-09 9.8904E-09 1.0445E-08 1.1029E-08 1.1644E-08 1.2293E-08 1.2973E-08 1.3683E-08 1.4424E-08 1.5195E-08 1.5986E-08 1.6801E-08 1.7632E-08 1.8474E-08 1.9321E-08 2.0166E-08 2.1001E-08 2.1814E-08 2.2601E-08 2.3346E-08 2.4034E-08 2.4659E-08 2.5215E-08 2.5692E-08 2.6082E-08 2.6378E-08 2.6572E-08 2.6666E-08 2.6655E-08 2.6538E-08 2.6313E-08 2.5977E-08 2.5533E-08 2.4989E-08 2.4350E-08 2.3624E-08 2.2823E-08 2.1954E-08 2.1033E-08 2.0072E-08 1.9081E-08
4.1473E-09 4.3450E-09 4.5613E-09 4.7889E-09 5.0247E-09 5.2880E-09 5.5543E-09 5.8456E-09 6.1539E-09 6.4772E-09 6.8383E-09 7.2071E-09 7.6023E-09 8.0219E-09 8.4660E-09 8.9415E-09 9.4443E-09 9.9803E-09 1.0550E-08 1.1150E-08 1.1786E-08 1.2457E-08 1.3161E-08 1.3900E-08 1.4672E-08 1.5472E-08 1.6302E-08 1.7155E-08 1.8026E-08 1.8912E-08 1.9805E-08 2.0697E-08 2.1578E-08 2.2442E-08 2.3278E-08 2.4073E-08 2.4814E-08 2.5485E-08 2.6082E-08 2.6596E-08 2.7019E-08 2.7345E-08 2.7567E-08 2.7673E-08 2.7669E-08 2.7553E-08 2.7323E-08 2.6975E-08 2.6515E-08 2.5945E-08 2.5273E-08 2.4511E-08 2.3664E-08 2.2748E-08 2.1777E-08 2.0760E-08 1.9714E-08
4.1379E-09 4.3364E-09 4.5533E-09 4.7821E-09 5.0193E-09 5.2837E-09 5.5526E-09 5.8459E-09 6.1576E-09 6.4846E-09 6.8494E-09 7.2243E-09 7.6244E-09 8.0507E-09 8.5036E-09 8.9876E-09 9.5012E-09 1.0051E-08 1.0633E-08 1.1250E-08 1.1905E-08 1.2596E-08 1.3323E-08 1.4089E-08 1.4889E-08 1.5721E-08 1.6585E-08 1.7475E-08 1.8387E-08 1.9315E-08 2.0252E-08 2.1189E-08 2.2120E-08 2.3032E-08 2.3915E-08 2.4761E-08 2.5554E-08 2.6274E-08 2.6913E-08 2.7470E-08 2.7932E-08 2.8287E-08 2.8529E-08 2.8653E-08 2.8656E-08 2.8545E-08 2.8312E-08 2.7957E-08 2.7479E-08 2.6884E-08 2.6182E-08 2.5380E-08 2.4490E-08 2.3527E-08 2.2502E-08 2.1432E-08 2.0331E-08
4.1233E-09 4.3221E-09 4.5393E-09 4.7689E-09 5.0069E-09 5.2723E-09 5.5426E-09 5.8370E-09 6.1517E-09 6.4814E-09 6.8496E-09 7.2289E-09 7.6325E-09 8.0649E-09 8.5248E-09 9.0156E-09 9.5405E-09 1.0101E-08 1.0694E-08 1.1327E-08 1.1998E-08 1.2707E-08 1.3457E-08 1.4247E-08 1.5073E-08 1.5936E-08 1.6832E-08 1.7757E-08 1.8708E-08 1.9676E-08 2.0656E-08 2.1639E-08 2.2615E-08 2.3575E-08 2.4509E-08 2.5405E-08 2.6246E-08 2.7017E-08 2.7706E-08 2.8303E-08 2.8799E-08 2.9186E-08 2.9456E-08 2.9603E-08 2.9622E-08 2.9511E-08 2.9275E-08 2.8911E-08 2.8418E-08 2.7802E-08 2.7070E-08 2.6232E-08 2.5303E-08 2.4291E-08 2.3216E-08 2.2093E-08 2.0934E-08
4.1035E-09 4.3023E-09 4.5192E-09 4.7490E-09 4.9873E-09 5.2532E-09 5.5243E-09 5.8263E-09 6.1357E-09 6.4745E-09 6.8382E-09 7.2205E-09 7.6265E-09 8.0643E-09 8.5287E-09 9.0258E-09 9.5598E-09 1.0128E-08 1.0733E-08 1.1378E-08 1.2064E-08 1.2791E-08 1.3561E-08 1.4371E-08 1.5222E-08 1.6113E-08 1.7039E-08 1.7998E-08 1.8983E-08 1.9990E-08 2.1011E-08 2.2036E-08 2.3059E-08 2.4067E-08 2.5049E-08 2.5990E-08 2.6883E-08 2.7706E-08 2.8442E-08 2.9081E-08 2.9618E-08 3.0044E-08 3.0346E-08 3.0514E-08 3.0544E-08 3.0439E-08 3.0205E-08 2.9837E-08 2.9333E-08 2.8697E-08 2.7937E-08 2.7065E-08 2.6093E-08 2.5036E-08 2.3912E-08 2.2734E-08 2.1521E-08
4.0785E-09 4.2769E-09 4.4931E-09 4.7227E-09 4.9604E-09 5.2263E-09 5.4974E-09 5.7994E-09 6.1096E-09 6.4488E-09 6.8146E-09 7.1986E-09 7.6061E-09 8.0479E-09 8.5153E-09 9.0182E-09 9.5579E-09 1.0133E-08 1.0748E-08 1.1403E-08 1.2101E-08 1.2843E-08 1.3630E-08 1.4459E-08 1.5333E-08 1.6248E-08 1.7202E-08 1.8191E-08 1.9210E-08 2.0253E-08 2.1311E-08 2.2380E-08 2.3445E-08 2.4498E-08 2.5525E-08 2.6517E-08 2.7458E-08 2.8331E-08 2.9116E-08 2.9802E-08 3.0381E-08 3.0841E-08 3.1170E-08 3.1364E-08 3.1417E-08 3.1325E-08 3.1091E-08 3.0718E-08 3.0203E-08 2.9548E-08 2.8765E-08 2.7861E-08 2.6850E-08 2.5752E-08 2.4578E-08 2.3348E-08 2.2081E-08
4.0485E-09 4.2459E-09 4.4609E-09 4.6897E-09 4.9335E-09 5.1916E-09 5.4618E-09 5.7632E-09 6.0733E-09 6.4119E-09 6.7788E-09 7.1632E-09 7.5715E-09 8.0150E-09 8.4847E-09 8.9915E-09 9.5347E-09 1.0115E-08 1.0738E-08 1.1400E-08 1.2110E-08 1.2864E-08 1.3664E-08 1.4510E-08 1.5404E-08 1.6339E-08 1.7318E-08 1.8334E-08 1.9383E-08 2.0458E-08 2.1554E-08 2.2661E-08 2.3767E-08 2.4862E-08 2.5936E-08 2.6975E-08 2.7961E-08 2.8881E-08 2.9716E-08 3.0450E-08 3.1069E-08 3.1565E-08 3.1934E-08 3.2161E-08 3.2236E-08 3.2155E-08 3.1923E-08 3.1548E-08 3.1028E-08 3.0362E-08 2.9556E-08 2.8623E-08 2.7577E-08 2.6436E-08 2.5215E-08 2.3937E-08 2.2614E-08
4.0135E-09 4.2093E-09 4.4230E-09 4.6502E-09 4.8924E-09 5.1492E-09 5.4178E-09 5.7179E-09 6.0267E-09 6.3640E-09 6.7306E-09 7.1144E-09 7.5223E-09 7.9661E-09 8.4365E-09 8.9449E-09 9.4902E-09 1.0074E-08 1.0701E-08 1.1368E-08 1.2087E-08 1.2850E-08 1.3661E-08 1.4522E-08 1.5430E-08 1.6384E-08 1.7384E-08 1.8423E-08 1.9498E-08 2.0604E-08 2.1733E-08 2.2874E-08 2.4017E-08 2.5155E-08 2.6273E-08 2.7353E-08 2.8383E-08 2.9351E-08 3.0235E-08 3.1013E-08 3.1678E-08 3.2220E-08 3.2624E-08 3.2878E-08 3.2978E-08 3.2917E-08 3.2697E-08 3.2324E-08 3.1799E-08 3.1122E-08 3.0298E-08 2.9339E-08 2.8263E-08 2.7082E-08 2.5820E-08 2.4492E-08 2.3119E-08
3.9735E-09 4.1673E-09 4.3791E-09 4.6042E-09 4.8371E-09 5.0990E-09 5.3653E-09 5.6634E-09 5.9701E-09 6.3053E-09 6.6701E-09 7.0520E-09 7.4580E-09 7.9011E-09 8.3706E-09 8.8786E-09 9.4241E-09 1.0010E-08 1.0639E-08 1.1308E-08 1.2033E-08 1.2800E-08 1.3621E-08 1.4492E-08 1.5411E-08 1.6381E-08 1.7398E-08 1.8456E-08 1.9554E-08 2.0687E-08 2.1843E-08 2.3013E-08 2.4194E-08 2.5370E-08 2.6524E-08 2.7646E-08 2.8722E-08 2.9732E-08 3.0661E-08 3.1490E-08 3.2199E-08 3.2782E-08 3.3222E-08 3.3512E-08 3.3646E-08 3.3613E-08 3.3407E-08 3.3036E-08 3.2509E-08 3.1826E-08 3.0989E-08 3.0011E-08 2.8905E-08 2.7693E-08 2.6389E-08 2.5016E-08 2.3596E-08
3.9221E-09 4.1200E-09 4.3297E-09 4.5520E-09 4.7824E-09 5.0414E-09 5.3048E-09 5.6000E-09 5.9035E-09 6.2357E-09 6.5978E-09 6.9765E-09 7.3794E-09 7.8203E-09 8.2871E-09 8.7929E-09 9.3365E-09 9.9215E-09 1.0549E-08 1.1221E-08 1.1947E-08 1.2716E-08 1.3544E-08 1.4418E-08 1.5346E-08 1.6328E-08 1.7356E-08 1.8431E-08 1.9548E-08 2.0701E-08 2.1879E-08 2.3080E-08 2.4291E-08 2.5498E-08 2.6688E-08 2.7850E-08 2.8964E-08 3.0015E-08 3.0989E-08 3.1864E-08 3.2622E-08 3.3245E-08 3.3730E-08 3.4063E-08 3.4228E-08 3.4220E-08 3.4035E-08 3.3675E-08 3.3155E-08 3.2472E-08 3.1628E-08 3.0636E-08 2.9510E-08 2.8268E-08 2.6930E-08 2.5518E-08 2.4051E-08
3.8727E-09 4.0676E-09 4.2746E-09 4.4936E-09 4.7209E-09 4.9764E-09 5.2363E-09 5.5279E-09 5.8272E-09 6.1556E-09 6.5137E-09 6.8882E-09 7.2866E-09 7.7236E-09 8.1861E-09 8.6878E-09 9.2277E-09 9.8092E-09 1.0434E-08 1.1104E-08 1.1828E-08 1.2597E-08 1.3426E-08 1.4302E-08 1.5236E-08 1.6224E-08 1.7259E-08 1.8346E-08 1.9477E-08 2.0643E-08 2.1842E-08 2.3067E-08 2.4302E-08 2.5536E-08 2.6761E-08 2.7956E-08 2.9106E-08 3.0198E-08 3.1213E-08 3.2135E-08 3.2936E-08 3.3608E-08 3.4137E-08 3.4507E-08 3.4709E-08 3.4734E-08 3.4580E-08 3.4243E-08 3.3727E-08 3.3046E-08 3.2202E-08 3.1200E-08 3.0059E-08 2.8794E-08 2.7427E-08 2.5978E-08 2.4471E-08
3.8189E-09 4.0102E-09 4.2071E-09 4.4292E-09 4.6529E-09 4.9043E-09 5.1601E-09 5.4475E-09 5.7417E-09 6.0654E-09 6.4182E-09 6.7874E-09 7.1802E-09 7.6116E-09 8.0682E-09 8.5639E-09 9.0983E-09 9.6735E-09 1.0293E-08 1.0957E-08 1.1677E-08 1.2443E-08 1.3269E-08 1.4144E-08 1.5079E-08 1.6067E-08 1.7106E-08 1.8200E-08 1.9337E-08 2.0515E-08 2.1730E-08 2.2970E-08 2.4224E-08 2.5485E-08 2.6735E-08 2.7958E-08 2.9145E-08 3.0272E-08 3.1328E-08 3.2291E-08 3.3139E-08 3.3860E-08 3.4431E-08 3.4845E-08 3.5092E-08 3.5157E-08 3.5034E-08 3.4721E-08 3.4221E-08 3.3550E-08 3.2712E-08 3.1711E-08 3.0561E-08 2.9280E-08 2.7890E-08 2.6411E-08 2.4867E-08
3.7538E-09 3.9479E-09 4.1414E-09 4.3592E-09 4.5789E-09 4.8259E-09 5.0766E-09 5.3515E-09 5.6473E-09 5.9653E-09 6.3118E-09 6.6746E-09 7.0604E-09 7.4852E-09 7.9337E-09 8.4219E-09 8.9483E-09 9.5154E-09 1.0127E-08 1.0783E-08 1.1495E-08 1.2255E-08 1.3075E-08 1.3944E-08 1.4874E-08 1.5859E-08 1.6898E-08 1.7992E-08 1.9130E-08 2.0315E-08 2.1538E-08 2.2787E-08 2.4059E-08 2.5336E-08 2.6607E-08 2.7859E-08 2.9075E-08 3.0237E-08 3.1328E-08 3.2330E-08 3.3228E-08 3.3992E-08 3.4612E-08 3.5075E-08 3.5363E-08 3.5469E-08 3.5386E-08 3.5104E-08 3.4635E-08 3.3982E-08 3.3156E-08 3.2162E-08 3.1012E-08 2.9723E-08 2.8314E-08 2.6811E-08 2.5236E-08
3.6913E-09 3.8809E-09 4.0707E-09 4.2841E-09 4.4991E-09 4.7340E-09 4.9860E-09 5.2555E-09 5.5446E-09 5.8560E-09 6.1950E-09 6.5501E-09 6.9281E-09 7.3447E-09 7.7838E-09 8.2625E-09 8.7789E-09 9.3355E-09 9.9376E-09 1.0582E-08 1.1283E-08 1.2033E-08 1.2842E-08 1.3703E-08 1.4623E-08 1.5601E-08 1.6634E-08 1.7722E-08 1.8858E-08 2.0043E-08 2.1267E-08 2.2522E-08 2.3801E-08 2.5092E-08 2.6379E-08 2.7652E-08 2.8895E-08 3.0086E-08 3.1210E-08 3.2255E-08 3.3194E-08 3.4002E-08 3.4672E-08 3.5180E-08 3.5518E-08 3.5673E-08 3.5634E-08 3.5401E-08 3.4965E-08 3.4336E-08 3.3531E-08 3.2554E-08 3.1410E-08 3.0121E-08 2.8705E-08 2.7183E-08 2.5582E-08
