Assets/Resources/2015_m01_d06_1700(utc+0800)_l00_csi_1hr_conc.grd
DSAA
         159         159
     -79.000      79.000
     -79.000      79.000
  0.0000E+00  0.1218E-04
[rows 0 to 24 of 159, columns 57 to 113 of 159]
1.2475E-09 1.3670E-09 1.4927E-09 1.6241E-09 1.7605E-09 1.9016E-09 2.0470E-09 2.1960E-09 2.3472E-09 2.4997E-09 2.6525E-09 2.8048E-09 2.9554E-09 3.1032E-09 3.2470E-09 3.3856E-09 3.5182E-09 3.6434E-09 3.7600E-09 3.8670E-09 3.9637E-09 4.0489E-09 4.1222E-09 4.1826E-09 4.2300E-09 4.2634E-09 4.2833E-09 4.2888E-09 4.2807E-09 4.2582E-09 4.2225E-09 4.1730E-09 4.1114E-09 4.0371E-09 3.9521E-09 3.8562E-09 3.7513E-09 3.6372E-09 3.5160E-09 3.3880E-09 3.2543E-09 3.1160E-09 2.9742E-09 2.8292E-09 2.6834E-09 2.5374E-09 2.3918E-09 2.2470E-09 2.1042E-09 1.9642E-09 1.8277E-09 1.6952E-09 1.5671E-09 1.4441E-09 1.3240E-09 1.2122E-09 1.1064E-09
1.2983E-09 1.4242E-09 1.5565E-09 1.6946E-09 1.8389E-09 1.9885E-09 2.1422E-09 2.2993E-09 2.4588E-09 2.6199E-09 2.7817E-09 2.9429E-09 3.1025E-09 3.2593E-09 3.4119E-09 3.5589E-09 3.6991E-09 3.8312E-09 3.9542E-09 4.0671E-09 4.1687E-09 4.2581E-09 4.3348E-09 4.3978E-09 4.4469E-09 4.4812E-09 4.5010E-09 4.5056E-09 4.4957E-09 4.4706E-09 4.4316E-09 4.3781E-09 4.3118E-09 4.2324E-09 4.1414E-09 4.0388E-09 3.9268E-09 3.8052E-09 3.6762E-09 3.5401E-09 3.3988E-09 3.2526E-09 3.1032E-09 2.9510E-09 2.7974E-09 2.6427E-09 2.4891E-09 2.3371E-09 2.1879E-09 2.0409E-09 1.8978E-09 1.7589E-09 1.6252E-09 1.4966E-09 1.3738E-09 1.2544E-09 1.1442E-09
1.3495E-09 1.4810E-09 1.6202E-09 1.7663E-09 1.9185E-09 2.0758E-09 2.2376E-09 2.4032E-09 2.5721E-09 2.7429E-09 2.9148E-09 3.0857E-09 3.2548E-09 3.4205E-09 3.5816E-09 3.7369E-09 3.8850E-09 4.0246E-09 4.1544E-09 4.2735E-09 4.3806E-09 4.4751E-09 4.5555E-09 4.6212E-09 4.6718E-09 4.7072E-09 4.7263E-09 4.7300E-09 4.7175E-09 4.6897E-09 4.6463E-09 4.5888E-09 4.5168E-09 4.4323E-09 4.3346E-09 4.2259E-09 4.1062E-09 3.9778E-09 3.8409E-09 3.6962E-09 3.5455E-09 3.3908E-09 3.2320E-09 3.0717E-09 2.9102E-09 2.7482E-09 2.5866E-09 2.4265E-09 2.2694E-09 2.1161E-09 1.9667E-09 1.8215E-09 1.6817E-09 1.5477E-09 1.4198E-09 1.2982E-09 1.1806E-09
1.3992E-09 1.5380E-09 1.6846E-09 1.8381E-09 1.9977E-09 2.1631E-09 2.3339E-09 2.5092E-09 2.6878E-09 2.8681E-09 3.0489E-09 3.2289E-09 3.4076E-09 3.5825E-09 3.7528E-09 3.9171E-09 4.0741E-09 4.2219E-09 4.3592E-09 4.4849E-09 4.5975E-09 4.6962E-09 4.7801E-09 4.8488E-09 4.9012E-09 4.9370E-09 4.9561E-09 4.9586E-09 4.9441E-09 4.9137E-09 4.8667E-09 4.8043E-09 4.7265E-09 4.6354E-09 4.5306E-09 4.4143E-09 4.2870E-09 4.1504E-09 4.0049E-09 3.8524E-09 3.6936E-09 3.5299E-09 3.3622E-09 3.1927E-09 3.0217E-09 2.8515E-09 2.6823E-09 2.5153E-09 2.3505E-09 2.1894E-09 2.0333E-09 1.8826E-09 1.7368E-09 1.5972E-09 1.4642E-09 1.3379E-09 1.2185E-09
1.4492E-09 1.5949E-09 1.7482E-09 1.9089E-09 2.0769E-09 2.2514E-09 2.4319E-09 2.6165E-09 2.8041E-09 2.9938E-09 3.1844E-09 3.3745E-09 3.5631E-09 3.7485E-09 3.9287E-09 4.1020E-09 4.2669E-09 4.4221E-09 4.5662E-09 4.6979E-09 4.8159E-09 4.9193E-09 5.0070E-09 5.0781E-09 5.1334E-09 5.1702E-09 5.1897E-09 5.1909E-09 5.1741E-09 5.1401E-09 5.0896E-09 5.0222E-09 4.9397E-09 4.8420E-09 4.7310E-09 4.6067E-09 4.4711E-09 4.3247E-09 4.1701E-09 4.0081E-09 3.8404E-09 3.6676E-09 3.4917E-09 3.3132E-09 3.1333E-09 2.9539E-09 2.7760E-09 2.6009E-09 2.4295E-09 2.2618E-09 2.0983E-09 1.9407E-09 1.7900E-09 1.6449E-09 1.5069E-09 1.3760E-09 1.2525E-09
1.4979E-09 1.6498E-09 1.8103E-09 1.9796E-09 2.1568E-09 2.3404E-09 2.5294E-09 2.7231E-09 2.9205E-09 3.1206E-09 3.3223E-09 3.5234E-09 3.7221E-09 3.9167E-09 4.1059E-09 4.2881E-09 4.4624E-09 4.6259E-09 4.7777E-09 4.9164E-09 5.0409E-09 5.1498E-09 5.2421E-09 5.3167E-09 5.3730E-09 5.4106E-09 5.4293E-09 5.4288E-09 5.4100E-09 5.3721E-09 5.3163E-09 5.2431E-09 5.1542E-09 5.0495E-09 4.9309E-09 4.7995E-09 4.6557E-09 4.5010E-09 4.3375E-09 4.1652E-09 3.9870E-09 3.8043E-09 3.6190E-09 3.4313E-09 3.2433E-09 3.0551E-09 2.8688E-09 2.6850E-09 2.5054E-09 2.3308E-09 2.1615E-09 1.9974E-09 1.8400E-09 1.6905E-09 1.5475E-09 1.4123E-09 1.2847E-09
1.5443E-09 1.7035E-09 1.8725E-09 2.0502E-09 2.2355E-09 2.4277E-09 2.6262E-09 2.8302E-09 3.0389E-09 3.2501E-09 3.4618E-09 3.6728E-09 3.8815E-09 4.0864E-09 4.2858E-09 4.4782E-09 4.6619E-09 4.8346E-09 4.9949E-09 5.1420E-09 5.2726E-09 5.3864E-09 5.4826E-09 5.5602E-09 5.6183E-09 5.6567E-09 5.6752E-09 5.6734E-09 5.6530E-09 5.6117E-09 5.5511E-09 5.4727E-09 5.3761E-09 5.2629E-09 5.1345E-09 4.9930E-09 4.8393E-09 4.6757E-09 4.5021E-09 4.3212E-09 4.1336E-09 3.9411E-09 3.7448E-09 3.5471E-09 3.3496E-09 3.1533E-09 2.9587E-09 2.7668E-09 2.5794E-09 2.3968E-09 2.2209E-09 2.0516E-09 1.8885E-09 1.7329E-09 1.5859E-09 1.4463E-09 1.3150E-09
1.5894E-09 1.7566E-09 1.9332E-09 2.1185E-09 2.3123E-09 2.5142E-09 2.7237E-09 2.9387E-09 3.1573E-09 3.3785E-09 3.6009E-09 3.8231E-09 4.0437E-09 4.2607E-09 4.4718E-09 4.6747E-09 4.8672E-09 5.0482E-09 5.2161E-09 5.3691E-09 5.5070E-09 5.6262E-09 5.7266E-09 5.8073E-09 5.8674E-09 5.9065E-09 5.9243E-09 5.9206E-09 5.8958E-09 5.8502E-09 5.7857E-09 5.7007E-09 5.5973E-09 5.4775E-09 5.3415E-09 5.1908E-09 5.0266E-09 4.8515E-09 4.6665E-09 4.4757E-09 4.2778E-09 4.0755E-09 3.8700E-09 3.6624E-09 3.4538E-09 3.2480E-09 3.0449E-09 2.8455E-09 2.6502E-09 2.4607E-09 2.2774E-09 2.1019E-09 1.9342E-09 1.7738E-09 1.6215E-09 1.4783E-09 1.3432E-09
1.6338E-09 1.8076E-09 1.9914E-09 2.1856E-09 2.3899E-09 2.6031E-09 2.8224E-09 3.0474E-09 3.2770E-09 3.5099E-09 3.7456E-09 3.9810E-09 4.2137E-09 4.4413E-09 4.6626E-09 4.8757E-09 5.0786E-09 5.2692E-09 5.4459E-09 5.6070E-09 5.7509E-09 5.8758E-09 5.9807E-09 6.0659E-09 6.1278E-09 6.1673E-09 6.1841E-09 6.1782E-09 6.1497E-09 6.0992E-09 6.0273E-09 5.9351E-09 5.8253E-09 5.6963E-09 5.5508E-09 5.3903E-09 5.2172E-09 5.0320E-09 4.8368E-09 4.6325E-09 4.4219E-09 4.2082E-09 3.9925E-09 3.7750E-09 3.5581E-09 3.3417E-09 3.1277E-09 2.9197E-09 2.7174E-09 2.5211E-09 2.3310E-09 2.1491E-09 1.9754E-09 1.8108E-09 1.6543E-09 1.5065E-09 1.3683E-09
1.6746E-09 1.8552E-09 2.0484E-09 2.2528E-09 2.4662E-09 2.6878E-09 2.9172E-09 3.1534E-09 3.3961E-09 3.6424E-09 3.8893E-09 4.1355E-09 4.3793E-09 4.6187E-09 4.8516E-09 5.0772E-09 5.2914E-09 5.4926E-09 5.6788E-09 5.8480E-09 5.9985E-09 6.1289E-09 6.2381E-09 6.3248E-09 6.3884E-09 6.4282E-09 6.4440E-09 6.4358E-09 6.4039E-09 6.3487E-09 6.2712E-09 6.1720E-09 6.0524E-09 5.9138E-09 5.7590E-09 5.5874E-09 5.4023E-09 5.2058E-09 4.9999E-09 4.7856E-09 4.5649E-09 4.3389E-09 4.1100E-09 3.8819E-09 3.6553E-09 3.4307E-09 3.2096E-09 2.9916E-09 2.7803E-09 2.5771E-09 2.3817E-09 2.1934E-09 2.0145E-09 1.8440E-09 1.6838E-09 1.5325E-09 1.3902E-09
1.7135E-09 1.9030E-09 2.1046E-09 2.3164E-09 2.5385E-09 2.7701E-09 3.0118E-09 3.2611E-09 3.5149E-09 3.7719E-09 4.0307E-09 4.2894E-09 4.5465E-09 4.7993E-09 5.0451E-09 5.2814E-09 5.5058E-09 5.7164E-09 5.9113E-09 6.0883E-09 6.2456E-09 6.3818E-09 6.4952E-09 6.5850E-09 6.6502E-09 6.6902E-09 6.7048E-09 6.6957E-09 6.6598E-09 6.5994E-09 6.5154E-09 6.4089E-09 6.2807E-09 6.1330E-09 5.9673E-09 5.7855E-09 5.5888E-09 5.3796E-09 5.1603E-09 4.9338E-09 4.7016E-09 4.4659E-09 4.2277E-09 3.9878E-09 3.7486E-09 3.5146E-09 3.2850E-09 3.0607E-09 2.8416E-09 2.6295E-09 2.4269E-09 2.2339E-09 2.0490E-09 1.8745E-09 1.7090E-09 1.5545E-09 1.4092E-09
1.7519E-09 1.9484E-09 2.1567E-09 2.3776E-09 2.6112E-09 2.8567E-09 3.1100E-09 3.3697E-09 3.6353E-09 3.9052E-09 4.1783E-09 4.4515E-09 4.7220E-09 4.9872E-09 5.2451E-09 5.4933E-09 5.7294E-09 5.9510E-09 6.1557E-09 6.3417E-09 6.5069E-09 6.6495E-09 6.7680E-09 6.8612E-09 6.9281E-09 6.9682E-09 6.9814E-09 6.9676E-09 6.9268E-09 6.8600E-09 6.7683E-09 6.6530E-09 6.5153E-09 6.3570E-09 6.1800E-09 5.9865E-09 5.7783E-09 5.5577E-09 5.3276E-09 5.0880E-09 4.8422E-09 4.5935E-09 4.3436E-09 4.0942E-09 3.8462E-09 3.5988E-09 3.3561E-09 3.1231E-09 2.8976E-09 2.6795E-09 2.4688E-09 2.2687E-09 2.0798E-09 1.9001E-09 1.7314E-09 1.5727E-09 1.4254E-09
1.7869E-09 1.9898E-09 2.2068E-09 2.4390E-09 2.6835E-09 2.9369E-09 3.1999E-09 3.4711E-09 3.7501E-09 4.0340E-09 4.3197E-09 4.6051E-09 4.8881E-09 5.1662E-09 5.4368E-09 5.6975E-09 5.9456E-09 6.1783E-09 6.3932E-09 6.5880E-09 6.7604E-09 6.9089E-09 7.0318E-09 7.1280E-09 7.1964E-09 7.2363E-09 7.2476E-09 7.2305E-09 7.1853E-09 7.1125E-09 7.0135E-09 6.8896E-09 6.7424E-09 6.5734E-09 6.3851E-09 6.1795E-09 5.9594E-09 5.7267E-09 5.4837E-09 5.2328E-09 4.9762E-09 4.7154E-09 4.4525E-09 4.1912E-09 3.9330E-09 3.6787E-09 3.4292E-09 3.1831E-09 2.9479E-09 2.7231E-09 2.5076E-09 2.3008E-09 2.1053E-09 1.9220E-09 1.7486E-09 1.5871E-09 1.4361E-09
1.8183E-09 2.0296E-09 2.2571E-09 2.4974E-09 2.7500E-09 3.0143E-09 3.2903E-09 3.5760E-09 3.8676E-09 4.1636E-09 4.4624E-09 4.7616E-09 5.0585E-09 5.3509E-09 5.6354E-09 5.9091E-09 6.1691E-09 6.4127E-09 6.6376E-09 6.8412E-09 7.0214E-09 7.1760E-09 7.3035E-09 7.4027E-09 7.4725E-09 7.5119E-09 7.5212E-09 7.5004E-09 7.4501E-09 7.3708E-09 7.2640E-09 7.1312E-09 6.9741E-09 6.7948E-09 6.5953E-09 6.3781E-09 6.1451E-09 5.8990E-09 5.6425E-09 5.3787E-09 5.1093E-09 4.8367E-09 4.5631E-09 4.2890E-09 4.0165E-09 3.7509E-09 3.4928E-09 3.2420E-09 2.9967E-09 2.7619E-09 2.5404E-09 2.3298E-09 2.1287E-09 1.9400E-09 1.7636E-09 1.5983E-09 1.4449E-09
1.8483E-09 2.0686E-09 2.3027E-09 2.5509E-09 2.8129E-09 3.0900E-09 3.3783E-09 3.6745E-09 3.9781E-09 4.2873E-09 4.6000E-09 4.9136E-09 5.2249E-09 5.5305E-09 5.8280E-09 6.1143E-09 6.3865E-09 6.6413E-09 6.8764E-09 7.0890E-09 7.2768E-09 7.4375E-09 7.5696E-09 7.6716E-09 7.7426E-09 7.7819E-09 7.7892E-09 7.7649E-09 7.7094E-09 7.6238E-09 7.5094E-09 7.3678E-09 7.2008E-09 7.0105E-09 6.7995E-09 6.5700E-09 6.3246E-09 6.0661E-09 5.7971E-09 5.5196E-09 5.2366E-09 4.9514E-09 4.6657E-09 4.3816E-09 4.1006E-09 3.8219E-09 3.5513E-09 3.2915E-09 3.0419E-09 2.8002E-09 2.5684E-09 2.3518E-09 2.1476E-09 1.9539E-09 1.7735E-09 1.6058E-09 1.4492E-09
1.8763E-09 2.1021E-09 2.3430E-09 2.6005E-09 2.8748E-09 3.1611E-09 3.4582E-09 3.7659E-09 4.0821E-09 4.4051E-09 4.7315E-09 5.0581E-09 5.3826E-09 5.7018E-09 6.0124E-09 6.3114E-09 6.5955E-09 6.8616E-09 7.1066E-09 7.3281E-09 7.5234E-09 7.6903E-09 7.8269E-09 7.9319E-09 8.0043E-09 8.0433E-09 8.0489E-09 8.0212E-09 7.9608E-09 7.8689E-09 7.7464E-09 7.5959E-09 7.4189E-09 7.2178E-09 6.9951E-09 6.7534E-09 6.4954E-09 6.2241E-09 5.9420E-09 5.6522E-09 5.3572E-09 5.0591E-09 4.7606E-09 4.4653E-09 4.1741E-09 3.8890E-09 3.6095E-09 3.3370E-09 3.0783E-09 2.8324E-09 2.5963E-09 2.3711E-09 2.1612E-09 1.9650E-09 1.7801E-09 1.6092E-09 1.4511E-09
1.8996E-09 2.1309E-09 2.3810E-09 2.6487E-09 2.9296E-09 3.2257E-09 3.5348E-09 3.8562E-09 4.1866E-09 4.5224E-09 4.8621E-09 5.2028E-09 5.5414E-09 5.8746E-09 6.1990E-09 6.5112E-09 6.8078E-09 7.0856E-09 7.3413E-09 7.5722E-09 7.7755E-09 7.9489E-09 8.0907E-09 8.1992E-09 8.2732E-09 8.3121E-09 8.3156E-09 8.2843E-09 8.2187E-09 8.1199E-09 7.9895E-09 7.8294E-09 7.6418E-09 7.4290E-09 7.1938E-09 6.9391E-09 6.6677E-09 6.3827E-09 6.0870E-09 5.7836E-09 5.4753E-09 5.1649E-09 4.8545E-09 4.5452E-09 4.2412E-09 3.9459E-09 3.6594E-09 3.3823E-09 3.1122E-09 2.8571E-09 2.6166E-09 2.3878E-09 2.1712E-09 1.9700E-09 1.7837E-09 1.6091E-09 1.4484E-09
1.9174E-09 2.1570E-09 2.4150E-09 2.6885E-09 2.9790E-09 3.2854E-09 3.6066E-09 3.9385E-09 4.2798E-09 4.6284E-09 4.9813E-09 5.3356E-09 5.6879E-09 6.0347E-09 6.3724E-09 6.6976E-09 7.0070E-09 7.2968E-09 7.5635E-09 7.8041E-09 8.0157E-09 8.1959E-09 8.3428E-09 8.4546E-09 8.5301E-09 8.5689E-09 8.5705E-09 8.5354E-09 8.4643E-09 8.3585E-09 8.2192E-09 8.0491E-09 7.8504E-09 7.6262E-09 7.3789E-09 7.1115E-09 6.8270E-09 6.5288E-09 6.2199E-09 5.9035E-09 5.5825E-09 5.2597E-09 4.9380E-09 4.6196E-09 4.3059E-09 3.9979E-09 3.7014E-09 3.4168E-09 3.1439E-09 2.8800E-09 2.6312E-09 2.3987E-09 2.1790E-09 1.9727E-09 1.7819E-09 1.6059E-09 1.4430E-09
1.9336E-09 2.1789E-09 2.4422E-09 2.7237E-09 3.0238E-09 3.3402E-09 3.6701E-09 4.0127E-09 4.3659E-09 4.7270E-09 5.0931E-09 5.4607E-09 5.8266E-09 6.1879E-09 6.5399E-09 6.8788E-09 7.2006E-09 7.5017E-09 7.7788E-09 8.0286E-09 8.2482E-09 8.4349E-09 8.5867E-09 8.7018E-09 8.7790E-09 8.8176E-09 8.8174E-09 8.7787E-09 8.7025E-09 8.5900E-09 8.4431E-09 8.2638E-09 8.0548E-09 7.8183E-09 7.5579E-09 7.2768E-09 6.9789E-09 6.6674E-09 6.3452E-09 6.0157E-09 5.6819E-09 5.3469E-09 5.0134E-09 4.6840E-09 4.3610E-09 4.0462E-09 3.7393E-09 3.4444E-09 3.1643E-09 2.8981E-09 2.6427E-09 2.4026E-09 2.1800E-09 1.9706E-09 1.7764E-09 1.5973E-09 1.4325E-09
1.9450E-09 2.1945E-09 2.4638E-09 2.7548E-09 3.0635E-09 3.3880E-09 3.7294E-09 4.0844E-09 4.4499E-09 4.8241E-09 5.2041E-09 5.5869E-09 5.9679E-09 6.3431E-09 6.7086E-09 7.0608E-09 7.3955E-09 7.7089E-09 7.9973E-09 8.2572E-09 8.4854E-09 8.6795E-09 8.8369E-09 8.9556E-09 9.0344E-09 9.0727E-09 9.0702E-09 9.0274E-09 8.9452E-09 8.8253E-09 8.6691E-09 8.4797E-09 8.2594E-09 8.0112E-09 7.7384E-09 7.4444E-09 7.1322E-09 6.8057E-09 6.4689E-09 6.1257E-09 5.7787E-09 5.4310E-09 5.0854E-09 4.7435E-09 4.4084E-09 4.0840E-09 3.7710E-09 3.4688E-09 3.1792E-09 2.9065E-09 2.6494E-09 2.4045E-09 2.1754E-09 1.9646E-09 1.7669E-09 1.5857E-09 1.4195E-09
1.9526E-09 2.2068E-09 2.4838E-09 2.7795E-09 3.0948E-09 3.4291E-09 3.7794E-09 4.1441E-09 4.5215E-09 4.9090E-09 5.3023E-09 5.6975E-09 6.0915E-09 6.4801E-09 6.8593E-09 7.2247E-09 7.5728E-09 7.8989E-09 8.1988E-09 8.4690E-09 8.7060E-09 8.9071E-09 9.0695E-09 9.1917E-09 9.2722E-09 9.3103E-09 9.3059E-09 9.2594E-09 9.1716E-09 9.0442E-09 8.8793E-09 8.6794E-09 8.4474E-09 8.1869E-09 7.9015E-09 7.5944E-09 7.2694E-09 6.9302E-09 6.5802E-09 6.2227E-09 5.8622E-09 5.5024E-09 5.1455E-09 4.7940E-09 4.4501E-09 4.1147E-09 3.7922E-09 3.4843E-09 3.1898E-09 2.9086E-09 2.6456E-09 2.4000E-09 2.1672E-09 1.9513E-09 1.7535E-09 1.5690E-09 1.4015E-09
1.9563E-09 2.2164E-09 2.4962E-09 2.7982E-09 3.1205E-09 3.4624E-09 3.8224E-09 4.1990E-09 4.5884E-09 4.9870E-09 5.3925E-09 5.8011E-09 6.2087E-09 6.6120E-09 7.0059E-09 7.3856E-09 7.7466E-09 8.0844E-09 8.3953E-09 8.6752E-09 8.9206E-09 9.1286E-09 9.2964E-09 9.4222E-09 9.5044E-09 9.5424E-09 9.5359E-09 9.4854E-09 9.3921E-09 9.2576E-09 9.0839E-09 8.8743E-09 8.6316E-09 8.3589E-09 8.0598E-09 7.7383E-09 7.3992E-09 7.0464E-09 6.6833E-09 6.3136E-09 5.9407E-09 5.5666E-09 5.1965E-09 4.8346E-09 4.4815E-09 4.1392E-09 3.8083E-09 3.4911E-09 3.1912E-09 2.9073E-09 2.6375E-09 2.3868E-09 2.1546E-09 1.9356E-09 1.7342E-09 1.5502E-09 1.3810E-09
1.9581E-09 2.2199E-09 2.5049E-09 2.8119E-09 3.1414E-09 3.4924E-09 3.8617E-09 4.2464E-09 4.6454E-09 5.0556E-09 5.4737E-09 5.8966E-09 6.3190E-09 6.7359E-09 7.1430E-09 7.5358E-09 7.9096E-09 8.2599E-09 8.5822E-09 8.8723E-09 9.1269E-09 9.3425E-09 9.5162E-09 9.6458E-09 9.7299E-09 9.7676E-09 9.7589E-09 9.7042E-09 9.6048E-09 9.4626E-09 9.2803E-09 9.0603E-09 8.8061E-09 8.5213E-09 8.2098E-09 7.8757E-09 7.5227E-09 7.1549E-09 6.7771E-09 6.3942E-09 6.0087E-09 5.6243E-09 5.2434E-09 4.8670E-09 4.5028E-09 4.1521E-09 3.8150E-09 3.4922E-09 3.1843E-09 2.8954E-09 2.6241E-09 2.3682E-09 2.1320E-09 1.9147E-09 1.7111E-09 1.5254E-09 1.3555E-09
1.9533E-09 2.2187E-09 2.5078E-09 2.8209E-09 3.1571E-09 3.5133E-09 3.8888E-09 4.2823E-09 4.6911E-09 5.1133E-09 5.5439E-09 5.9785E-09 6.4129E-09 6.8428E-09 7.2632E-09 7.6691E-09 8.0565E-09 8.4197E-09 8.7538E-09 9.0546E-09 9.3181E-09 9.5407E-09 9.7197E-09 9.8529E-09 9.9388E-09 9.9765E-09 9.9659E-09 9.9076E-09 9.8028E-09 9.6533E-09 9.4614E-09 9.2308E-09 8.9648E-09 8.6672E-09 8.3431E-09 7.9959E-09 7.6300E-09 7.2498E-09 6.8593E-09 6.4621E-09 6.0634E-09 5.6673E-09 5.2763E-09 4.8932E-09 4.5183E-09 4.1558E-09 3.8117E-09 3.4836E-09 3.1723E-09 2.8771E-09 2.6021E-09 2.3457E-09 2.1059E-09 1.8861E-09 1.6840E-09 1.4974E-09 1.3281E-09
1.9456E-09 2.2143E-09 2.5076E-09 2.8250E-09 3.1646E-09 3.5263E-09 3.9119E-09 4.3199E-09 4.7422E-09 5.1760E-09 5.6190E-09 6.0673E-09 6.5152E-09 6.9600E-09 7.3960E-09 7.8173E-09 8.2182E-09 8.5940E-09 8.9397E-09 9.2509E-09 9.5234E-09 9.7536E-09 9.9383E-09 1.0075E-08 1.0163E-08 1.0200E-08 1.0187E-08 1.0124E-08 1.0013E-08 9.8554E-09 9.6543E-09 9.4129E-09 9.1349E-09 8.8243E-09 8.4850E-09 8.1219E-09 7.7404E-09 7.3454E-09 6.9407E-09 6.5305E-09 6.1177E-09 5.7050E-09 5.3017E-09 4.9085E-09 4.5269E-09 4.1579E-09 3.8017E-09 3.4650E-09 3.1495E-09 2.8526E-09 2.5728E-09 2.3141E-09 2.0744E-09 1.8526E-09 1.6505E-09 1.4646E-09 1.2957E-09
