Assets/Resources/2015_m01_d03_1800(utc+0800)_l00_csi_1hr_conc.grd
DSAA
         159         159
     -79.000      79.000
     -79.000      79.000
  0.0000E+00  0.2243E-04
[rows 50 to 74 of 159, columns 57 to 113 of 159]
1.0582E-10 1.2014E-10 1.3587E-10 1.5239E-10 1.7056E-10 1.8892E-10 2.0912E-10 2.2872E-10 2.4991E-10 2.7076E-10 2.9178E-10 3.1275E-10 3.3364E-10 3.5365E-10 3.7448E-10 3.9510E-10 4.1365E-10 4.3273E-10 4.4958E-10 4.6693E-10 4.8197E-10 4.9755E-10 5.1130E-10 5.2423E-10 5.3564E-10 5.4729E-10 5.5698E-10 5.6695E-10 5.7505E-10 5.8346E-10 5.9011E-10 5.9712E-10 6.0248E-10 6.0900E-10 6.1333E-10 6.1890E-10 6.2238E-10 6.2534E-10 6.2968E-10 6.3199E-10 6.3387E-10 6.4011E-10 6.4539E-10 6.5887E-10 6.7123E-10 6.7809E-10 6.8519E-10 6.9104E-10 6.9692E-10 7.0279E-10 7.0863E-10 7.1440E-10 7.2007E-10 7.2559E-10 7.3094E-10 7.3609E-10 7.4100E-10
1.0776E-10 1.2213E-10 1.3793E-10 1.5464E-10 1.7314E-10 1.9198E-10 2.1258E-10 2.3272E-10 2.5436E-10 2.7521E-10 2.9727E-10 3.1827E-10 3.4018E-10 3.6079E-10 3.8205E-10 4.0181E-10 4.2237E-10 4.4200E-10 4.5937E-10 4.7720E-10 4.9269E-10 5.0866E-10 5.2225E-10 5.3604E-10 5.4773E-10 5.5964E-10 5.6955E-10 5.7969E-10 5.8795E-10 5.9649E-10 6.0324E-10 6.1033E-10 6.1574E-10 6.2229E-10 6.2664E-10 6.3222E-10 6.3569E-10 6.3862E-10 6.4292E-10 6.4518E-10 6.4700E-10 6.5042E-10 6.6172E-10 6.7192E-10 6.8430E-10 6.9119E-10 6.9834E-10 7.0424E-10 7.1017E-10 7.1611E-10 7.2202E-10 7.2787E-10 7.3361E-10 7.3922E-10 7.4465E-10 7.4987E-10 7.5485E-10
1.0977E-10 1.2425E-10 1.3984E-10 1.5697E-10 1.7585E-10 1.9501E-10 2.1619E-10 2.3672E-10 2.5900E-10 2.8027E-10 3.0300E-10 3.2442E-10 3.4701E-10 3.6803E-10 3.8993E-10 4.1008E-10 4.3124E-10 4.5144E-10 4.6935E-10 4.8768E-10 5.0363E-10 5.2002E-10 5.3399E-10 5.4811E-10 5.6011E-10 5.7228E-10 5.8241E-10 5.9275E-10 6.0116E-10 6.0983E-10 6.1669E-10 6.2385E-10 6.2932E-10 6.3590E-10 6.4027E-10 6.4585E-10 6.4930E-10 6.5221E-10 6.5647E-10 6.5869E-10 6.6045E-10 6.6381E-10 6.7509E-10 6.8383E-10 6.9767E-10 7.0458E-10 7.1177E-10 7.1772E-10 7.2371E-10 7.2972E-10 7.3571E-10 7.4163E-10 7.4745E-10 7.5314E-10 7.5865E-10 7.6395E-10 7.6901E-10
1.1194E-10 1.2652E-10 1.4183E-10 1.5942E-10 1.7852E-10 1.9805E-10 2.1979E-10 2.4075E-10 2.6364E-10 2.8538E-10 3.0876E-10 3.3066E-10 3.5390E-10 3.7539E-10 3.9792E-10 4.1850E-10 4.4026E-10 4.6106E-10 4.7953E-10 4.9838E-10 5.1480E-10 5.3163E-10 5.4599E-10 5.6046E-10 5.7277E-10 5.8521E-10 5.9557E-10 6.0611E-10 6.1469E-10 6.2350E-10 6.3046E-10 6.3770E-10 6.4322E-10 6.4984E-10 6.5423E-10 6.5981E-10 6.6324E-10 6.6612E-10 6.7035E-10 6.7251E-10 6.7421E-10 6.7750E-10 6.8875E-10 6.9747E-10 7.1132E-10 7.1827E-10 7.2549E-10 7.3149E-10 7.3755E-10 7.4362E-10 7.4968E-10 7.5569E-10 7.6160E-10 7.6737E-10 7.7297E-10 7.7835E-10 7.8349E-10
1.1421E-10 1.2885E-10 1.4431E-10 1.6207E-10 1.8092E-10 2.0125E-10 2.2335E-10 2.4497E-10 2.6828E-10 2.9072E-10 3.1456E-10 3.3717E-10 3.6086E-10 3.8305E-10 4.0602E-10 4.2726E-10 4.4942E-10 4.7011E-10 4.8989E-10 5.0928E-10 5.2620E-10 5.4349E-10 5.5825E-10 5.7309E-10 5.8572E-10 5.9844E-10 6.0905E-10 6.1979E-10 6.2854E-10 6.3749E-10 6.4456E-10 6.5189E-10 6.5746E-10 6.6412E-10 6.6852E-10 6.7409E-10 6.7752E-10 6.8036E-10 6.8454E-10 6.8665E-10 6.8828E-10 6.9151E-10 7.0178E-10 7.1142E-10 7.2528E-10 7.3225E-10 7.3951E-10 7.4556E-10 7.5168E-10 7.5783E-10 7.6397E-10 7.7006E-10 7.7605E-10 7.8191E-10 7.8760E-10 7.9307E-10 7.9828E-10
1.1655E-10 1.3137E-10 1.4694E-10 1.6479E-10 1.8344E-10 2.0441E-10 2.2692E-10 2.4916E-10 2.7294E-10 2.9607E-10 3.2040E-10 3.4372E-10 3.6791E-10 3.9080E-10 4.1424E-10 4.3616E-10 4.5875E-10 4.7931E-10 5.0045E-10 5.2040E-10 5.3783E-10 5.5559E-10 5.7078E-10 5.8600E-10 5.9896E-10 6.1198E-10 6.2284E-10 6.3380E-10 6.4272E-10 6.5181E-10 6.5899E-10 6.6641E-10 6.7204E-10 6.7873E-10 6.8315E-10 6.8872E-10 6.9212E-10 6.9493E-10 6.9907E-10 7.0112E-10 7.0268E-10 7.0584E-10 7.1512E-10 7.2567E-10 7.3954E-10 7.4653E-10 7.5383E-10 7.5994E-10 7.6611E-10 7.7233E-10 7.7856E-10 7.8473E-10 7.9082E-10 7.9677E-10 8.0255E-10 8.0811E-10 8.1341E-10
1.1906E-10 1.3397E-10 1.4964E-10 1.6768E-10 1.8652E-10 2.0763E-10 2.3000E-10 2.5332E-10 2.7781E-10 3.0141E-10 3.2649E-10 3.5030E-10 3.7524E-10 3.9862E-10 4.2279E-10 4.4517E-10 4.6844E-10 4.8943E-10 5.1119E-10 5.3172E-10 5.4970E-10 5.6794E-10 5.8357E-10 5.9919E-10 6.1250E-10 6.2582E-10 6.3694E-10 6.4812E-10 6.5723E-10 6.6647E-10 6.7377E-10 6.8071E-10 6.8696E-10 6.9183E-10 6.9812E-10 7.0183E-10 7.0707E-10 7.0984E-10 7.1393E-10 7.1592E-10 7.1742E-10 7.2050E-10 7.2821E-10 7.3718E-10 7.5411E-10 7.6112E-10 7.6846E-10 7.7462E-10 7.8086E-10 7.8716E-10 7.9346E-10 7.9973E-10 8.0591E-10 8.1196E-10 8.1784E-10 8.2349E-10 8.2888E-10
1.2164E-10 1.3667E-10 1.5255E-10 1.7071E-10 1.8968E-10 2.1100E-10 2.3303E-10 2.5747E-10 2.8265E-10 3.0677E-10 3.3259E-10 3.5694E-10 3.8263E-10 4.0653E-10 4.3144E-10 4.5430E-10 4.7828E-10 4.9970E-10 5.2211E-10 5.4249E-10 5.6178E-10 5.8054E-10 5.9663E-10 6.1266E-10 6.2633E-10 6.3997E-10 6.5136E-10 6.6277E-10 6.7208E-10 6.8089E-10 6.8889E-10 6.9535E-10 7.0224E-10 7.0714E-10 7.1344E-10 7.1715E-10 7.2237E-10 7.2510E-10 7.2819E-10 7.3107E-10 7.3249E-10 7.3549E-10 7.4315E-10 7.4898E-10 7.6900E-10 7.7603E-10 7.8181E-10 7.8961E-10 7.9592E-10 8.0229E-10 8.0869E-10 8.1505E-10 8.2133E-10 8.2748E-10 8.3346E-10 8.3921E-10 8.4469E-10
1.2433E-10 1.3915E-10 1.5553E-10 1.7381E-10 1.9302E-10 2.1456E-10 2.3678E-10 2.6181E-10 2.8679E-10 3.1235E-10 3.3868E-10 3.6383E-10 3.9006E-10 4.1475E-10 4.4017E-10 4.6379E-10 4.8824E-10 5.1037E-10 5.3321E-10 5.5345E-10 5.7410E-10 5.9338E-10 6.0996E-10 6.2641E-10 6.4047E-10 6.5443E-10 6.6611E-10 6.7776E-10 6.8727E-10 6.9566E-10 7.0436E-10 7.1092E-10 7.1787E-10 7.2280E-10 7.2912E-10 7.3282E-10 7.3802E-10 7.4071E-10 7.4279E-10 7.4656E-10 7.4791E-10 7.5082E-10 7.5842E-10 7.6419E-10 7.8421E-10 7.9126E-10 7.9707E-10 8.0493E-10 8.1130E-10 8.1776E-10 8.2424E-10 8.3070E-10 8.3708E-10 8.4334E-10 8.4942E-10 8.5528E-10 8.6086E-10
1.2707E-10 1.4169E-10 1.5862E-10 1.7713E-10 1.9649E-10 2.1818E-10 2.4068E-10 2.6609E-10 2.9090E-10 3.1790E-10 3.4478E-10 3.7074E-10 3.9752E-10 4.2303E-10 4.4833E-10 4.7339E-10 4.9834E-10 5.2119E-10 5.4448E-10 5.6538E-10 5.8663E-10 6.0646E-10 6.2354E-10 6.4044E-10 6.5490E-10 6.6920E-10 6.8118E-10 6.9189E-10 7.0279E-10 7.1135E-10 7.2019E-10 7.2684E-10 7.3386E-10 7.3883E-10 7.4517E-10 7.4886E-10 7.5403E-10 7.5668E-10 7.5870E-10 7.6241E-10 7.6367E-10 7.6650E-10 7.7403E-10 7.7975E-10 7.9975E-10 8.0681E-10 8.1265E-10 8.2057E-10 8.2701E-10 8.3355E-10 8.4012E-10 8.4668E-10 8.5318E-10 8.5955E-10 8.6574E-10 8.7170E-10 8.7739E-10
1.2986E-10 1.4475E-10 1.6188E-10 1.8052E-10 2.0004E-10 2.2202E-10 2.4476E-10 2.7040E-10 2.9589E-10 3.2342E-10 3.5045E-10 3.7766E-10 4.0460E-10 4.3135E-10 4.5681E-10 4.8308E-10 5.0879E-10 5.3216E-10 5.5614E-10 5.7750E-10 5.9938E-10 6.1979E-10 6.3739E-10 6.5476E-10 6.6962E-10 6.8368E-10 6.9658E-10 7.0754E-10 7.1867E-10 7.2740E-10 7.3638E-10 7.4313E-10 7.5022E-10 7.5523E-10 7.6158E-10 7.6527E-10 7.7041E-10 7.7302E-10 7.7498E-10 7.7861E-10 7.7979E-10 7.8253E-10 7.8999E-10 7.9564E-10 8.0798E-10 8.2269E-10 8.2857E-10 8.3654E-10 8.4306E-10 8.4968E-10 8.5635E-10 8.6302E-10 8.6962E-10 8.7611E-10 8.8242E-10 8.8849E-10 8.9429E-10
1.3268E-10 1.4785E-10 1.6519E-10 1.8363E-10 2.0382E-10 2.2596E-10 2.4890E-10 2.7488E-10 3.0081E-10 3.2889E-10 3.5608E-10 3.8456E-10 4.1169E-10 4.3972E-10 4.6602E-10 4.9286E-10 5.1770E-10 5.4326E-10 5.6798E-10 5.8981E-10 6.1235E-10 6.3178E-10 6.5150E-10 6.6872E-10 6.8465E-10 6.9846E-10 7.1230E-10 7.2354E-10 7.3489E-10 7.4381E-10 7.5293E-10 7.5978E-10 7.6694E-10 7.7200E-10 7.7837E-10 7.8204E-10 7.8716E-10 7.8973E-10 7.9162E-10 7.9518E-10 7.9628E-10 7.9685E-10 8.0630E-10 8.1189E-10 8.2309E-10 8.3722E-10 8.4482E-10 8.5285E-10 8.5944E-10 8.6615E-10 8.7292E-10 8.7970E-10 8.8642E-10 8.9303E-10 8.9946E-10 9.0566E-10 9.1157E-10
1.3556E-10 1.5102E-10 1.6866E-10 1.8690E-10 2.0765E-10 2.2999E-10 2.5328E-10 2.7952E-10 3.0574E-10 3.3458E-10 3.6236E-10 3.9172E-10 4.1947E-10 4.4837E-10 4.7529E-10 5.0296E-10 5.2839E-10 5.5471E-10 5.7997E-10 6.0249E-10 6.2551E-10 6.4557E-10 6.6587E-10 6.8296E-10 6.9997E-10 7.1417E-10 7.2835E-10 7.3988E-10 7.5147E-10 7.6057E-10 7.6984E-10 7.7681E-10 7.8405E-10 7.8915E-10 7.9553E-10 7.9920E-10 8.0429E-10 8.0681E-10 8.0864E-10 8.1213E-10 8.1313E-10 8.1360E-10 8.2297E-10 8.2849E-10 8.3964E-10 8.5378E-10 8.6141E-10 8.6950E-10 8.7616E-10 8.8296E-10 8.8984E-10 8.9674E-10 9.0358E-10 9.1032E-10 9.1688E-10 9.2320E-10 9.2924E-10
1.3801E-10 1.5419E-10 1.7214E-10 1.9063E-10 2.1162E-10 2.3383E-10 2.5774E-10 2.8421E-10 3.1087E-10 3.4019E-10 3.6859E-10 3.9884E-10 4.2724E-10 4.5704E-10 4.8460E-10 5.1314E-10 5.3917E-10 5.6631E-10 5.9211E-10 6.1538E-10 6.3888E-10 6.5960E-10 6.8048E-10 6.9810E-10 7.1559E-10 7.3020E-10 7.4473E-10 7.5656E-10 7.6839E-10 7.7770E-10 7.8713E-10 7.9421E-10 8.0153E-10 8.0667E-10 8.1307E-10 8.1674E-10 8.2180E-10 8.2427E-10 8.2604E-10 8.2945E-10 8.3036E-10 8.3073E-10 8.4001E-10 8.4544E-10 8.5655E-10 8.7069E-10 8.7835E-10 8.8649E-10 8.9324E-10 9.0013E-10 9.0712E-10 9.1414E-10 9.2112E-10 9.2799E-10 9.3468E-10 9.4114E-10 9.4730E-10
1.4054E-10 1.5743E-10 1.7570E-10 1.9453E-10 2.1574E-10 2.3772E-10 2.6230E-10 2.8915E-10 3.1612E-10 3.4579E-10 3.7502E-10 4.0593E-10 4.3525E-10 4.6573E-10 4.9419E-10 5.2339E-10 5.5026E-10 5.7802E-10 6.0372E-10 6.2843E-10 6.5261E-10 6.7384E-10 6.9534E-10 7.1352E-10 7.3149E-10 7.4653E-10 7.6143E-10 7.7358E-10 7.8567E-10 7.9519E-10 8.0478E-10 8.1199E-10 8.1939E-10 8.2459E-10 8.3101E-10 8.3467E-10 8.3970E-10 8.4213E-10 8.4382E-10 8.4715E-10 8.4797E-10 8.4823E-10 8.5045E-10 8.6277E-10 8.7381E-10 8.8794E-10 8.9564E-10 9.0384E-10 9.1066E-10 9.1766E-10 9.2476E-10 9.3191E-10 9.3903E-10 9.4604E-10 9.5288E-10 9.6969E-10 9.7714E-10
1.4347E-10 1.6064E-10 1.7923E-10 1.9843E-10 2.1991E-10 2.4218E-10 2.6707E-10 2.9340E-10 3.2141E-10 3.5158E-10 3.8138E-10 4.1296E-10 4.4323E-10 4.7440E-10 5.0381E-10 5.3368E-10 5.6146E-10 5.8984E-10 6.1548E-10 6.4163E-10 6.6655E-10 6.8829E-10 7.1043E-10 7.2920E-10 7.4768E-10 7.6318E-10 7.7846E-10 7.9093E-10 8.0330E-10 8.1304E-10 8.2281E-10 8.3015E-10 8.3764E-10 8.4289E-10 8.4933E-10 8.5299E-10 8.5799E-10 8.6037E-10 8.6200E-10 8.6524E-10 8.6596E-10 8.6611E-10 8.6822E-10 8.8046E-10 8.8965E-10 9.0556E-10 9.1329E-10 9.2155E-10 9.2845E-10 9.3555E-10 9.4278E-10 9.5006E-10 9.5732E-10 9.7262E-10 9.8631E-10 9.9481E-10 1.0102E-09
1.4648E-10 1.6395E-10 1.8240E-10 2.0240E-10 2.2426E-10 2.4678E-10 2.7187E-10 2.9774E-10 3.2697E-10 3.5747E-10 3.8769E-10 4.2016E-10 4.5118E-10 4.8328E-10 5.1344E-10 5.4422E-10 5.7271E-10 6.0193E-10 6.2824E-10 6.5516E-10 6.8067E-10 7.0308E-10 7.2575E-10 7.4513E-10 7.6415E-10 7.8012E-10 7.9581E-10 8.0863E-10 8.2128E-10 8.3126E-10 8.4120E-10 8.4869E-10 8.5627E-10 8.6337E-10 8.7135E-10 8.7496E-10 8.7874E-10 8.7900E-10 8.8057E-10 8.8372E-10 8.8435E-10 8.8438E-10 8.8637E-10 8.9737E-10 9.0764E-10 9.2354E-10 9.3130E-10 9.3962E-10 9.4661E-10 9.5382E-10 9.6117E-10 9.7474E-10 9.8771E-10 1.0023E-09 1.0118E-09 1.0211E-09 1.0301E-09
1.4945E-10 1.6719E-10 1.8551E-10 2.0633E-10 2.2858E-10 2.5141E-10 2.7684E-10 3.0305E-10 3.3256E-10 3.6264E-10 3.9421E-10 4.2730E-10 4.5906E-10 4.9216E-10 5.2307E-10 5.5481E-10 5.8402E-10 6.1415E-10 6.4112E-10 6.6886E-10 6.9406E-10 7.1810E-10 7.4129E-10 7.6131E-10 7.8089E-10 7.9735E-10 8.1347E-10 8.2666E-10 8.3961E-10 8.5790E-10 8.7482E-10 8.8787E-10 8.9929E-10 9.0933E-10 9.1666E-10 9.2212E-10 9.2558E-10 9.2763E-10 9.2685E-10 9.2495E-10 9.1684E-10 9.0437E-10 9.0491E-10 9.1466E-10 9.2601E-10 9.4188E-10 9.4967E-10 9.5805E-10 9.6513E-10 9.7788E-10 9.8867E-10 1.0023E-09 1.0121E-09 1.0219E-09 1.0316E-09 1.0520E-09 1.0625E-09
1.5248E-10 1.7052E-10 1.8917E-10 2.1035E-10 2.3299E-10 2.5625E-10 2.8193E-10 3.0839E-10 3.3826E-10 3.6803E-10 4.0079E-10 4.3436E-10 4.6708E-10 5.0099E-10 5.3287E-10 5.6541E-10 5.9555E-10 6.2643E-10 6.5425E-10 6.8268E-10 7.0773E-10 7.3331E-10 7.5716E-10 7.7772E-10 7.9789E-10 8.1488E-10 8.3144E-10 8.5995E-10 8.8151E-10 9.2064E-10 9.4756E-10 9.6622E-10 9.8118E-10 9.9405E-10 1.0013E-09 1.0069E-09 1.0060E-09 1.0037E-09 9.9124E-10 9.7277E-10 9.5987E-10 9.5471E-10 9.4920E-10 9.4523E-10 9.3891E-10 9.6060E-10 9.6842E-10 9.7894E-10 9.8859E-10 1.0004E-09 1.0120E-09 1.0218E-09 1.0318E-09 1.0504E-09 1.0675E-09 1.0793E-09 1.0984E-09
1.5547E-10 1.7379E-10 1.9276E-10 2.1429E-10 2.3686E-10 2.6103E-10 2.8704E-10 3.1391E-10 3.4412E-10 3.7424E-10 4.0743E-10 4.4084E-10 4.7505E-10 5.0896E-10 5.4268E-10 5.7446E-10 6.0715E-10 6.3876E-10 6.6751E-10 6.9662E-10 7.2250E-10 7.4869E-10 7.7325E-10 7.9436E-10 8.1515E-10 8.4611E-10 8.7398E-10 9.2859E-10 9.5939E-10 9.9017E-10 1.0618E-09 1.0999E-09 1.1287E-09 1.1497E-09 1.1586E-09 1.1581E-09 1.1406E-09 1.1082E-09 1.0743E-09 1.0572E-09 1.0393E-09 1.0098E-09 9.8750E-10 9.8742E-10 9.8281E-10 9.9163E-10 9.9044E-10 9.9866E-10 1.0089E-09 1.0199E-09 1.0317E-09 1.0481E-09 1.0643E-09 1.0823E-09 1.0951E-09 1.1078E-09 1.1203E-09
1.5849E-10 1.7710E-10 1.9642E-10 2.1832E-10 2.4082E-10 2.6589E-10 2.9236E-10 3.1950E-10 3.5000E-10 3.8056E-10 4.1426E-10 4.4735E-10 4.8292E-10 5.1705E-10 5.5243E-10 5.8522E-10 6.1875E-10 6.5032E-10 6.8084E-10 7.1079E-10 7.3740E-10 7.6433E-10 7.8861E-10 8.1301E-10 8.5466E-10 9.0372E-10 9.5069E-10 9.9282E-10 1.0919E-09 1.1686E-09 1.2425E-09 1.3107E-09 1.3638E-09 1.4013E-09 1.4139E-09 1.4297E-09 1.4233E-09 1.3837E-09 1.3152E-09 1.2139E-09 1.1284E-09 1.0973E-09 1.0660E-09 1.0308E-09 1.0220E-09 1.0342E-09 1.0293E-09 1.0263E-09 1.0303E-09 1.0454E-09 1.0608E-09 1.0775E-09 1.0905E-09 1.1036E-09 1.1168E-09 1.1299E-09 1.1427E-09
1.6147E-10 1.7987E-10 2.0001E-10 2.2225E-10 2.4515E-10 2.7065E-10 2.9713E-10 3.2513E-10 3.5606E-10 3.8701E-10 4.2109E-10 4.5471E-10 4.9097E-10 5.2587E-10 5.6211E-10 5.9598E-10 6.3034E-10 6.6194E-10 6.9423E-10 7.2509E-10 7.5242E-10 7.8017E-10 8.0953E-10 8.5709E-10 9.1969E-10 9.6843E-10 1.0721E-09 1.1806E-09 1.2948E-09 1.4461E-09 1.5825E-09 1.8251E-09 1.9353E-09 2.0083E-09 2.0336E-09 2.0141E-09 1.9470E-09 1.8442E-09 1.7285E-09 1.6196E-09 1.5109E-09 1.3766E-09 1.2726E-09 1.1810E-09 1.0788E-09 1.0701E-09 1.0707E-09 1.0659E-09 1.0639E-09 1.0734E-09 1.0856E-09 1.0986E-09 1.1118E-09 1.1253E-09 1.1389E-09 1.1524E-09 1.1656E-09
1.6445E-10 1.8265E-10 2.0362E-10 2.2624E-10 2.4956E-10 2.7551E-10 3.0198E-10 3.3096E-10 3.6217E-10 3.9346E-10 4.2804E-10 4.6222E-10 4.9902E-10 5.3458E-10 5.7187E-10 6.0668E-10 6.4205E-10 6.7456E-10 7.0778E-10 7.3947E-10 7.6764E-10 8.0195E-10 8.5129E-10 9.2121E-10 9.7752E-10 1.1159E-09 1.2512E-09 1.4506E-09 1.7710E-09 2.0235E-09 2.3312E-09 2.5852E-09 2.8728E-09 3.0256E-09 3.0583E-09 2.9886E-09 2.8382E-09 2.6657E-09 2.4590E-09 2.2334E-09 2.0144E-09 1.8320E-09 1.6352E-09 1.4596E-09 1.3251E-09 1.2323E-09 1.1402E-09 1.1043E-09 1.1030E-09 1.1051E-09 1.1128E-09 1.1208E-09 1.1336E-09 1.1475E-09 1.1615E-09 1.1754E-09 1.1891E-09
1.6741E-10 1.8590E-10 2.0718E-10 2.3014E-10 2.5386E-10 2.8023E-10 3.0718E-10 3.3668E-10 3.6830E-10 4.0009E-10 4.3508E-10 4.6972E-10 5.0711E-10 5.4344E-10 5.8156E-10 6.1730E-10 6.5377E-10 6.8716E-10 7.2139E-10 7.5287E-10 7.8634E-10 8.4294E-10 9.1347E-10 9.7825E-10 1.1368E-09 1.3036E-09 1.6675E-09 1.9867E-09 2.4390E-09 3.0210E-09 3.5265E-09 3.9945E-09 4.4493E-09 4.6987E-09 4.8403E-09 4.6893E-09 4.4262E-09 4.0502E-09 3.6033E-09 3.1818E-09 2.8093E-09 2.4387E-09 2.1477E-09 1.8847E-09 1.6767E-09 1.5276E-09 1.3770E-09 1.2543E-09 1.1551E-09 1.1380E-09 1.1435E-09 1.1486E-09 1.1572E-09 1.1702E-09 1.1846E-09 1.1989E-09 1.2131E-09
1.7032E-10 1.8911E-10 2.1072E-10 2.3353E-10 2.5819E-10 2.8501E-10 3.1247E-10 3.4249E-10 3.7286E-10 4.0674E-10 4.4209E-10 4.7733E-10 5.1531E-10 5.5226E-10 5.9112E-10 6.2795E-10 6.6541E-10 6.9984E-10 7.3501E-10 7.6647E-10 8.2784E-10 8.8365E-10 9.6639E-10 1.1334E-09 1.3239E-09 1.7380E-09 2.1919E-09 2.8773E-09 3.6138E-09 4.5442E-09 5.7615E-09 6.7742E-09 7.5563E-09 7.9591E-09 7.9184E-09 7.5454E-09 6.9442E-09 6.1760E-09 5.4633E-09 4.7303E-09 4.1093E-09 3.5136E-09 2.9489E-09 2.4852E-09 2.1819E-09 1.9415E-09 1.7207E-09 1.5304E-09 1.3882E-09 1.2453E-09 1.1761E-09 1.1773E-09 1.1848E-09 1.1945E-09 1.2082E-09 1.2230E-09 1.2376E-09
