Assets/Resources/2015_m01_d06_0800(utc+0800)_l00_csi_1hr_conc.grd
DSAA
         159         159
     -79.000      79.000
     -79.000      79.000
  0.0000E+00  0.1899E-05
[rows 25 to 49 of 159, columns 57 to 113 of 159]
0.0000E+00 0.0000E+00 0.0000E+00 0.0000E+00 0.0000E+00 0.0000E+00 0.0000E+00 0.0000E+00 0.0000E+00 0.0000E+00 0.0000E+00 0.0000E+00 0.0000E+00 0.0000E+00 0.0000E+00 0.0000E+00 9.5563E-13 3.5108E-12 2.3119E-11 8.8076E-11 2.8486E-10 5.7715E-10 9.4282E-10 1.4438E-09 2.1114E-09 2.9656E-09 4.0244E-09 5.3021E-09 6.7916E-09 8.4621E-09 1.0263E-08 1.2122E-08 1.3950E-08 1.5652E-08 1.7129E-08 1.8291E-08 1.9071E-08 1.9416E-08 1.9303E-08 1.8750E-08 1.7801E-08 1.6522E-08 1.4993E-08 1.3307E-08 1.1557E-08 9.8256E-09 8.1780E-09 6.6680E-09 5.3288E-09 4.1741E-09 3.2075E-09 2.4174E-09 1.7882E-09 1.2958E-09 9.0888E-10 6.1166E-10 3.9937E-10
0.0000E+00 0.0000E+00 0.0000E+00 0.0000E+00 0.0000E+00 0.0000E+00 0.0000E+00 0.0000E+00 0.0000E+00 0.0000E+00 0.0000E+00 0.0000E+00 0.0000E+00 0.0000E+00 0.0000E+00 8.6973E-13 3.7810E-12 7.8431E-12 4.0085E-11 1.1492E-10 3.1160E-10 6.3076E-10 1.0349E-09 1.5826E-09 2.3083E-09 3.2167E-09 4.3426E-09 5.6879E-09 7.2396E-09 8.9626E-09 1.0798E-08 1.2670E-08 1.4486E-08 1.6146E-08 1.7554E-08 1.8621E-08 1.9282E-08 1.9501E-08 1.9268E-08 1.8599E-08 1.7544E-08 1.6179E-08 1.4591E-08 1.2870E-08 1.1106E-08 9.3825E-09 7.7612E-09 6.2884E-09 4.9942E-09 3.8886E-09 2.9697E-09 2.2253E-09 1.6388E-09 1.1722E-09 8.1117E-10 5.3863E-10 3.4039E-10
0.0000E+00 0.0000E+00 0.0000E+00 0.0000E+00 0.0000E+00 0.0000E+00 0.0000E+00 0.0000E+00 0.0000E+00 0.0000E+00 0.0000E+00 0.0000E+00 0.0000E+00 0.0000E+00 0.0000E+00 3.7975E-12 6.3132E-12 2.4164E-11 6.9471E-11 1.6030E-10 3.6698E-10 7.3199E-10 1.1821E-09 1.7894E-09 2.5756E-09 3.5611E-09 4.7659E-09 6.1896E-09 7.8061E-09 9.5763E-09 1.1433E-08 1.3293E-08 1.5065E-08 1.6648E-08 1.7950E-08 1.8895E-08 1.9418E-08 1.9487E-08 1.9110E-08 1.8316E-08 1.7160E-08 1.5716E-08 1.4078E-08 1.2337E-08 1.0578E-08 8.8780E-09 7.2978E-09 5.8767E-09 4.6376E-09 3.5901E-09 2.7265E-09 2.0297E-09 1.4827E-09 1.0478E-09 7.1405E-10 4.6172E-10 2.8891E-10
0.0000E+00 0.0000E+00 0.0000E+00 0.0000E+00 0.0000E+00 0.0000E+00 0.0000E+00 0.0000E+00 0.0000E+00 0.0000E+00 0.0000E+00 0.0000E+00 0.0000E+00 0.0000E+00 3.5933E-12 6.4286E-12 1.7001E-11 4.3328E-11 1.0931E-10 2.2662E-10 4.5107E-10 8.6309E-10 1.3766E-09 2.0632E-09 2.9242E-09 3.9985E-09 5.2951E-09 6.8001E-09 8.4844E-09 1.0292E-08 1.2156E-08 1.3987E-08 1.5687E-08 1.7161E-08 1.8323E-08 1.9100E-08 1.9454E-08 1.9361E-08 1.8828E-08 1.7900E-08 1.6642E-08 1.5132E-08 1.3457E-08 1.1710E-08 9.9746E-09 8.3165E-09 6.7914E-09 5.4352E-09 4.2636E-09 3.2790E-09 2.4762E-09 1.8307E-09 1.3220E-09 9.2116E-10 6.1778E-10 3.9374E-10 2.4795E-10
0.0000E+00 0.0000E+00 0.0000E+00 0.0000E+00 0.0000E+00 0.0000E+00 0.0000E+00 0.0000E+00 0.0000E+00 0.0000E+00 0.0000E+00 0.0000E+00 0.0000E+00 0.0000E+00 4.6132E-12 1.5101E-11 2.7576E-11 7.8395E-11 1.6997E-10 3.2025E-10 5.8137E-10 1.0469E-09 1.6514E-09 2.4215E-09 3.3852E-09 4.5688E-09 5.9675E-09 7.5602E-09 9.3051E-09 1.1139E-08 1.2981E-08 1.4747E-08 1.6339E-08 1.7669E-08 1.8658E-08 1.9244E-08 1.9395E-08 1.9112E-08 1.8418E-08 1.7356E-08 1.5998E-08 1.4429E-08 1.2734E-08 1.0999E-08 9.3000E-09 7.7017E-09 6.2470E-09 4.9654E-09 3.8712E-09 2.9578E-09 2.2170E-09 1.6269E-09 1.1566E-09 7.9590E-10 5.2620E-10 3.3648E-10 2.1070E-10
0.0000E+00 0.0000E+00 0.0000E+00 0.0000E+00 0.0000E+00 0.0000E+00 0.0000E+00 0.0000E+00 0.0000E+00 0.0000E+00 0.0000E+00 0.0000E+00 0.0000E+00 0.0000E+00 1.1708E-11 2.1035E-11 5.5226E-11 1.1885E-10 2.4114E-10 4.3923E-10 7.5836E-10 1.2893E-09 1.9998E-09 2.8738E-09 3.9582E-09 5.2635E-09 6.7754E-09 8.4573E-09 1.0254E-08 1.2099E-08 1.3900E-08 1.5566E-08 1.7012E-08 1.8153E-08 1.8925E-08 1.9290E-08 1.9224E-08 1.8737E-08 1.7870E-08 1.6679E-08 1.5234E-08 1.3619E-08 1.1919E-08 1.0215E-08 8.5720E-09 7.0460E-09 5.6762E-09 4.4796E-09 3.4678E-09 2.6310E-09 1.9562E-09 1.4132E-09 9.9695E-10 6.7759E-10 4.4367E-10 2.8289E-10 1.7695E-10
0.0000E+00 0.0000E+00 0.0000E+00 0.0000E+00 0.0000E+00 0.0000E+00 0.0000E+00 0.0000E+00 0.0000E+00 0.0000E+00 0.0000E+00 0.0000E+00 0.0000E+00 0.0000E+00 1.6249E-11 3.7693E-11 8.1743E-11 1.7697E-10 3.4133E-10 5.9676E-10 9.8782E-10 1.6056E-09 2.4356E-09 3.4419E-09 4.6744E-09 6.1182E-09 7.7439E-09 9.5091E-09 1.1340E-08 1.3157E-08 1.4877E-08 1.6407E-08 1.7664E-08 1.8579E-08 1.9101E-08 1.9207E-08 1.8905E-08 1.8211E-08 1.7171E-08 1.5857E-08 1.4339E-08 1.2698E-08 1.1015E-08 9.3590E-09 7.7924E-09 6.3546E-09 5.0808E-09 3.9802E-09 3.0572E-09 2.3009E-09 1.6895E-09 1.2093E-09 8.4669E-10 5.7410E-10 3.7872E-10 2.4006E-10 1.4809E-10
0.0000E+00 0.0000E+00 0.0000E+00 0.0000E+00 0.0000E+00 0.0000E+00 0.0000E+00 0.0000E+00 0.0000E+00 0.0000E+00 0.0000E+00 0.0000E+00 0.0000E+00 0.0000E+00 2.6457E-11 5.6123E-11 1.2685E-10 2.4927E-10 4.5831E-10 7.9066E-10 1.2829E-09 2.0088E-09 2.9743E-09 4.1407E-09 5.5290E-09 7.1253E-09 8.8717E-09 1.0703E-08 1.2546E-08 1.4307E-08 1.5897E-08 1.7237E-08 1.8254E-08 1.8901E-08 1.9144E-08 1.8976E-08 1.8418E-08 1.7516E-08 1.6318E-08 1.4894E-08 1.3325E-08 1.1680E-08 1.0036E-08 8.4497E-09 6.9750E-09 5.6423E-09 4.4744E-09 3.4780E-09 2.6489E-09 1.9733E-09 1.4349E-09 1.0218E-09 7.1396E-10 4.8450E-10 3.1739E-10 1.9593E-10 1.1629E-10
0.0000E+00 0.0000E+00 0.0000E+00 0.0000E+00 0.0000E+00 0.0000E+00 0.0000E+00 0.0000E+00 0.0000E+00 0.0000E+00 0.0000E+00 0.0000E+00 0.0000E+00 0.0000E+00 3.7738E-11 8.4904E-11 1.7526E-10 3.4057E-10 6.1501E-10 1.0331E-09 1.6462E-09 2.4985E-09 3.6234E-09 4.9762E-09 6.5492E-09 8.2950E-09 1.0154E-08 1.2036E-08 1.3847E-08 1.5502E-08 1.6916E-08 1.8012E-08 1.8744E-08 1.9079E-08 1.9010E-08 1.8557E-08 1.7748E-08 1.6641E-08 1.5303E-08 1.3797E-08 1.2202E-08 1.0581E-08 8.9996E-09 7.5053E-09 6.1385E-09 4.9234E-09 3.8717E-09 2.9837E-09 2.2498E-09 1.6625E-09 1.2023E-09 8.5471E-10 5.9718E-10 3.9851E-10 2.5492E-10 1.5151E-10 8.6693E-11
0.0000E+00 0.0000E+00 0.0000E+00 0.0000E+00 0.0000E+00 0.0000E+00 0.0000E+00 0.0000E+00 0.0000E+00 0.0000E+00 0.0000E+00 0.0000E+00 0.0000E+00 0.0000E+00 4.9628E-11 1.1856E-10 2.3978E-10 4.5020E-10 7.9489E-10 1.3289E-09 2.0941E-09 3.0989E-09 4.4140E-09 5.9686E-09 7.7349E-09 9.6387E-09 1.1586E-08 1.3482E-08 1.5219E-08 1.6708E-08 1.7878E-08 1.8678E-08 1.9078E-08 1.9070E-08 1.8672E-08 1.7926E-08 1.6881E-08 1.5590E-08 1.4136E-08 1.2581E-08 1.0989E-08 9.4234E-09 7.9281E-09 6.5461E-09 5.3043E-09 4.2153E-09 3.2847E-09 2.5098E-09 1.8768E-09 1.3793E-09 9.9529E-10 7.0690E-10 4.8915E-10 3.1515E-10 1.9349E-10 1.1085E-10 6.1617E-11
0.0000E+00 0.0000E+00 0.0000E+00 0.0000E+00 0.0000E+00 0.0000E+00 0.0000E+00 0.0000E+00 0.0000E+00 0.0000E+00 0.0000E+00 0.0000E+00 0.0000E+00 0.0000E+00 7.4272E-11 1.5832E-10 3.1515E-10 5.8353E-10 1.0266E-09 1.6912E-09 2.6038E-09 3.8037E-09 5.3313E-09 7.1158E-09 9.0797E-09 1.1128E-08 1.3142E-08 1.5000E-08 1.6604E-08 1.7867E-08 1.8734E-08 1.9181E-08 1.9207E-08 1.8837E-08 1.8108E-08 1.7077E-08 1.5814E-08 1.4383E-08 1.2844E-08 1.1278E-08 9.7225E-09 8.2370E-09 6.8519E-09 5.5978E-09 4.4912E-09 3.5359E-09 2.7295E-09 2.0697E-09 1.5392E-09 1.1276E-09 8.1073E-10 5.7134E-10 3.8327E-10 2.4233E-10 1.4524E-10 8.0597E-11 4.2714E-11
0.0000E+00 0.0000E+00 0.0000E+00 0.0000E+00 0.0000E+00 0.0000E+00 0.0000E+00 0.0000E+00 0.0000E+00 0.0000E+00 0.0000E+00 0.0000E+00 0.0000E+00 0.0000E+00 8.8057E-11 2.0546E-10 4.0508E-10 7.4683E-10 1.2903E-09 2.1111E-09 3.2180E-09 4.6500E-09 6.4083E-09 8.4299E-09 1.0592E-08 1.2757E-08 1.4791E-08 1.6556E-08 1.7949E-08 1.8911E-08 1.9415E-08 1.9463E-08 1.9087E-08 1.8342E-08 1.7297E-08 1.6017E-08 1.4566E-08 1.3032E-08 1.1460E-08 9.9110E-09 8.4323E-09 7.0537E-09 5.7971E-09 4.6852E-09 3.7203E-09 2.9021E-09 2.2216E-09 1.6737E-09 1.2388E-09 9.0286E-10 6.4256E-10 4.4167E-10 2.8858E-10 1.7726E-10 1.0246E-10 5.2722E-11 2.2632E-11
0.0000E+00 0.0000E+00 0.0000E+00 0.0000E+00 0.0000E+00 0.0000E+00 0.0000E+00 0.0000E+00 0.0000E+00 0.0000E+00 0.0000E+00 0.0000E+00 0.0000E+00 0.0000E+00 1.1840E-10 2.5414E-10 5.1118E-10 9.3463E-10 1.6198E-09 2.5979E-09 3.9154E-09 5.6088E-09 7.6338E-09 9.8969E-09 1.2242E-08 1.4497E-08 1.6485E-08 1.8084E-08 1.9196E-08 1.9784E-08 1.9860E-08 1.9472E-08 1.8686E-08 1.7577E-08 1.6231E-08 1.4740E-08 1.3164E-08 1.1569E-08 1.0015E-08 8.5277E-09 7.1507E-09 5.9052E-09 4.7912E-09 3.8298E-09 3.0123E-09 2.3269E-09 1.7683E-09 1.3238E-09 9.7048E-10 7.0079E-10 4.8823E-10 3.2981E-10 2.0702E-10 1.2009E-10 6.6044E-11 2.6686E-11 4.4288E-13
0.0000E+00 0.0000E+00 0.0000E+00 0.0000E+00 0.0000E+00 0.0000E+00 0.0000E+00 0.0000E+00 0.0000E+00 0.0000E+00 0.0000E+00 0.0000E+00 0.0000E+00 0.0000E+00 1.3478E-10 3.1839E-10 6.2687E-10 1.1583E-09 1.9806E-09 3.1521E-09 4.7364E-09 6.7157E-09 9.0219E-09 1.1524E-08 1.4017E-08 1.6299E-08 1.8179E-08 1.9520E-08 2.0268E-08 2.0419E-08 2.0023E-08 1.9171E-08 1.7972E-08 1.6534E-08 1.4946E-08 1.3289E-08 1.1640E-08 1.0043E-08 8.5448E-09 7.1617E-09 5.9176E-09 4.8195E-09 3.8626E-09 3.0508E-09 2.3768E-09 1.8201E-09 1.3691E-09 1.0156E-09 7.3621E-10 5.2154E-10 3.5834E-10 2.3741E-10 1.4094E-10 7.6660E-11 2.4118E-11 2.5806E-13 0.0000E+00
0.0000E+00 0.0000E+00 0.0000E+00 0.0000E+00 0.0000E+00 0.0000E+00 0.0000E+00 0.0000E+00 0.0000E+00 0.0000E+00 0.0000E+00 0.0000E+00 0.0000E+00 0.0000E+00 1.6277E-10 3.7469E-10 7.6761E-10 1.4092E-09 2.3940E-09 3.7930E-09 5.6481E-09 7.9431E-09 1.0552E-08 1.3281E-08 1.5889E-08 1.8126E-08 1.9803E-08 2.0805E-08 2.1102E-08 2.0747E-08 1.9854E-08 1.8548E-08 1.6965E-08 1.5234E-08 1.3456E-08 1.1707E-08 1.0046E-08 8.5033E-09 7.1058E-09 5.8555E-09 4.7646E-09 3.8260E-09 3.0272E-09 2.3646E-09 1.8209E-09 1.3794E-09 1.0265E-09 7.5114E-10 5.3633E-10 3.7327E-10 2.4871E-10 1.5456E-10 7.2247E-11 1.8922E-11 1.7482E-13 0.0000E+00 0.0000E+00
0.0000E+00 0.0000E+00 0.0000E+00 0.0000E+00 0.0000E+00 0.0000E+00 0.0000E+00 0.0000E+00 0.0000E+00 0.0000E+00 0.0000E+00 0.0000E+00 0.0000E+00 0.0000E+00 1.8080E-10 4.5538E-10 9.0954E-10 1.6875E-09 2.8514E-09 4.5093E-09 6.6904E-09 9.3197E-09 1.2225E-08 1.5155E-08 1.7812E-08 1.9927E-08 2.1302E-08 2.1863E-08 2.1636E-08 2.0738E-08 1.9328E-08 1.7586E-08 1.5675E-08 1.3723E-08 1.1830E-08 1.0055E-08 8.4390E-09 7.0020E-09 5.7356E-09 4.6461E-09 3.7214E-09 2.9436E-09 2.2941E-09 1.7726E-09 1.3497E-09 1.0083E-09 7.4016E-10 5.3396E-10 3.7355E-10 2.5397E-10 1.5358E-10 6.3090E-11 1.4754E-11 0.0000E+00 0.0000E+00 0.0000E+00 0.0000E+00
0.0000E+00 0.0000E+00 0.0000E+00 0.0000E+00 0.0000E+00 0.0000E+00 0.0000E+00 0.0000E+00 0.0000E+00 0.0000E+00 0.0000E+00 0.0000E+00 0.0000E+00 0.0000E+00 2.0543E-10 5.1770E-10 1.0832E-09 1.9838E-09 3.3643E-09 5.3118E-09 7.8292E-09 1.0805E-08 1.4010E-08 1.7104E-08 1.9742E-08 2.1634E-08 2.2610E-08 2.2639E-08 2.1823E-08 2.0353E-08 1.8449E-08 1.6323E-08 1.4151E-08 1.2052E-08 1.0116E-08 8.3944E-09 6.8809E-09 5.5906E-09 4.4870E-09 3.5654E-09 2.8071E-09 2.1811E-09 1.6810E-09 1.2802E-09 9.6213E-10 7.0945E-10 5.1149E-10 3.6150E-10 2.3925E-10 1.3266E-10 5.2301E-11 9.2278E-12 0.0000E+00 0.0000E+00 0.0000E+00 0.0000E+00 0.0000E+00
0.0000E+00 0.0000E+00 0.0000E+00 0.0000E+00 0.0000E+00 0.0000E+00 0.0000E+00 0.0000E+00 0.0000E+00 0.0000E+00 0.0000E+00 0.0000E+00 0.0000E+00 0.0000E+00 2.3660E-10 6.1205E-10 1.2455E-09 2.3100E-09 3.9205E-09 6.1826E-09 9.0779E-09 1.2415E-08 1.5891E-08 1.9094E-08 2.1623E-08 2.3188E-08 2.3655E-08 2.3074E-08 2.1640E-08 1.9603E-08 1.7242E-08 1.4794E-08 1.2445E-08 1.0305E-08 8.4071E-09 6.7920E-09 5.4290E-09 4.3090E-09 3.3817E-09 2.6369E-09 2.0315E-09 1.5538E-09 1.1827E-09 8.8802E-10 6.5658E-10 4.7197E-10 3.2488E-10 2.0354E-10 1.0305E-10 3.6450E-11 4.1314E-12 0.0000E+00 0.0000E+00 0.0000E+00 0.0000E+00 0.0000E+00 0.0000E+00
0.0000E+00 0.0000E+00 0.0000E+00 0.0000E+00 0.0000E+00 0.0000E+00 0.0000E+00 0.0000E+00 0.0000E+00 0.0000E+00 0.0000E+00 0.0000E+00 0.0000E+00 0.0000E+00 2.5424E-10 6.8063E-10 1.4371E-09 2.6529E-09 4.5264E-09 7.1345E-09 1.0399E-08 1.4098E-08 1.7813E-08 2.1060E-08 2.3389E-08 2.4521E-08 2.4389E-08 2.3143E-08 2.1061E-08 1.8492E-08 1.5756E-08 1.3090E-08 1.0653E-08 8.5392E-09 6.7631E-09 5.3040E-09 4.1268E-09 3.1976E-09 2.4467E-09 1.8640E-09 1.3990E-09 1.0624E-09 7.9405E-10 5.8111E-10 4.1412E-10 2.7449E-10 1.5731E-10 7.1357E-11 2.1088E-11 2.0746E-12 0.0000E+00 0.0000E+00 0.0000E+00 0.0000E+00 0.0000E+00 0.0000E+00 0.0000E+00
0.0000E+00 0.0000E+00 0.0000E+00 0.0000E+00 0.0000E+00 0.0000E+00 0.0000E+00 0.0000E+00 0.0000E+00 0.0000E+00 0.0000E+00 0.0000E+00 0.0000E+00 0.0000E+00 2.8940E-10 7.8172E-10 1.6152E-09 3.0354E-09 5.1778E-09 8.1451E-09 1.1821E-08 1.5864E-08 1.9773E-08 2.2966E-08 2.4983E-08 2.5567E-08 2.4759E-08 2.2818E-08 2.0122E-08 1.7086E-08 1.4051E-08 1.1263E-08 8.8567E-09 6.8542E-09 5.2559E-09 3.9917E-09 3.0113E-09 2.2665E-09 1.6867E-09 1.2454E-09 9.2528E-10 6.8784E-10 4.9932E-10 3.4059E-10 2.0582E-10 1.0860E-10 3.8504E-11 1.0248E-11 6.6918E-13 0.0000E+00 0.0000E+00 0.0000E+00 0.0000E+00 0.0000E+00 0.0000E+00 0.0000E+00 0.0000E+00
0.0000E+00 0.0000E+00 0.0000E+00 0.0000E+00 0.0000E+00 0.0000E+00 0.0000E+00 0.0000E+00 0.0000E+00 0.0000E+00 0.0000E+00 0.0000E+00 0.0000E+00 0.0000E+00 3.0868E-10 8.5949E-10 1.8278E-09 3.4238E-09 5.8795E-09 9.2150E-09 1.3296E-08 1.7664E-08 2.1699E-08 2.4759E-08 2.6354E-08 2.6309E-08 2.4761E-08 2.2100E-08 1.8836E-08 1.5428E-08 1.2227E-08 9.4301E-09 7.1283E-09 5.3110E-09 3.9263E-09 2.8727E-09 2.1031E-09 1.5234E-09 1.0901E-09 7.8517E-10 5.7293E-10 4.0460E-10 2.5091E-10 1.4159E-10 6.0939E-11 1.1862E-11 5.0492E-12 0.0000E+00 0.0000E+00 0.0000E+00 0.0000E+00 0.0000E+00 0.0000E+00 0.0000E+00 0.0000E+00 0.0000E+00 0.0000E+00
0.0000E+00 0.0000E+00 0.0000E+00 0.0000E+00 0.0000E+00 0.0000E+00 0.0000E+00 0.0000E+00 0.0000E+00 0.0000E+00 0.0000E+00 0.0000E+00 0.0000E+00 8.4954E-12 2.9200E-10 9.6056E-10 2.0289E-09 3.8541E-09 6.6160E-09 1.0362E-08 1.4835E-08 1.9499E-08 2.3589E-08 2.6401E-08 2.7461E-08 2.6684E-08 2.4378E-08 2.1053E-08 1.7300E-08 1.3623E-08 1.0354E-08 7.6557E-09 5.5468E-09 3.9620E-09 2.8104E-09 1.9736E-09 1.3826E-09 9.5165E-10 6.4543E-10 4.5785E-10 2.9869E-10 1.6944E-10 7.9171E-11 1.9512E-11 5.6463E-12 1.7356E-12 0.0000E+00 0.0000E+00 0.0000E+00 0.0000E+00 0.0000E+00 0.0000E+00 0.0000E+00 0.0000E+00 0.0000E+00 0.0000E+00 0.0000E+00
0.0000E+00 0.0000E+00 0.0000E+00 0.0000E+00 0.0000E+00 0.0000E+00 0.0000E+00 0.0000E+00 0.0000E+00 0.0000E+00 0.0000E+00 0.0000E+00 0.0000E+00 1.7912E-11 3.3029E-10 1.0486E-09 2.2604E-09 4.3010E-09 7.4069E-09 1.1563E-08 1.6440E-08 2.1345E-08 2.5416E-08 2.7866E-08 2.8281E-08 2.6722E-08 2.3625E-08 1.9697E-08 1.5571E-08 1.1757E-08 8.5528E-09 6.0375E-09 4.1634E-09 2.8425E-09 1.9099E-09 1.2727E-09 8.3142E-10 5.2426E-10 3.4515E-10 2.0442E-10 9.9928E-11 2.9458E-11 3.6053E-12 1.5711E-12 1.3476E-13 0.0000E+00 0.0000E+00 0.0000E+00 0.0000E+00 0.0000E+00 0.0000E+00 0.0000E+00 0.0000E+00 0.0000E+00 0.0000E+00 0.0000E+00 0.0000E+00
0.0000E+00 0.0000E+00 0.0000E+00 0.0000E+00 0.0000E+00 0.0000E+00 0.0000E+00 0.0000E+00 0.0000E+00 0.0000E+00 0.0000E+00 0.0000E+00 0.0000E+00 3.0915E-11 3.5620E-10 1.1674E-09 2.5011E-09 4.7991E-09 8.2673E-09 1.2851E-08 1.8116E-08 2.3205E-08 2.7139E-08 2.9120E-08 2.8792E-08 2.6394E-08 2.2571E-08 1.8118E-08 1.3748E-08 9.9237E-09 6.8745E-09 4.6199E-09 3.0187E-09 1.9480E-09 1.2208E-09 7.4270E-10 4.2444E-10 2.4235E-10 1.2216E-10 4.2458E-11 1.1797E-12 5.7584E-13 0.0000E+00 0.0000E+00 0.0000E+00 0.0000E+00 0.0000E+00 0.0000E+00 0.0000E+00 0.0000E+00 0.0000E+00 0.0000E+00 0.0000E+00 0.0000E+00 0.0000E+00 0.0000E+00 0.0000E+00
0.0000E+00 0.0000E+00 0.0000E+00 0.0000E+00 0.0000E+00 0.0000E+00 0.0000E+00 0.0000E+00 0.0000E+00 0.0000E+00 0.0000E+00 0.0000E+00 0.0000E+00 5.5289E-11 4.1508E-10 1.2782E-09 2.7850E-09 5.3348E-09 9.1965E-09 1.4242E-08 1.9884E-08 2.5105E-08 2.8800E-08 3.0162E-08 2.8998E-08 2.5735E-08 2.1233E-08 1.6389E-08 1.1909E-08 8.2134E-09 5.4110E-09 3.4293E-09 2.1110E-09 1.2553E-09 7.0536E-10 3.5911E-10 1.6001E-10 6.0688E-11 4.0208E-12 0.0000E+00 0.0000E+00 0.0000E+00 0.0000E+00 0.0000E+00 0.0000E+00 0.0000E+00 0.0000E+00 0.0000E+00 0.0000E+00 0.0000E+00 0.0000E+00 0.0000E+00 0.0000E+00 0.0000E+00 0.0000E+00 0.0000E+00 0.0000E+00
