Assets/Resources/2015_m01_d14_2000(utc+0800)_l00_csi_1hr_conc.grd
DSAA
         159         159
     -79.000      79.000
     -79.000      79.000
  0.0000E+00  0.1063E-03
[rows 50 to 74 of 159, columns 0 to 56 of 159]
1.7053E-10 1.8710E-10 2.0505E-10 2.2709E-10 2.5040E-10 2.8734E-10 3.1421E-10 3.5556E-10 3.8999E-10 4.3882E-10 4.8893E-10 5.4321E-10 6.1763E-10 6.8565E-10 8.1405E-10 9.4148E-10 1.0954E-09 1.2253E-09 1.3637E-09 1.5000E-09 1.6550E-09 1.8143E-09 1.9837E-09 2.1697E-09 2.3543E-09 2.5609E-09 2.7618E-09 2.9830E-09 3.1973E-09 3.4159E-09 3.6495E-09 3.8904E-09 4.1389E-09 4.3987E-09 4.6688E-09 4.9366E-09 5.1989E-09 5.4743E-09 5.7481E-09 6.0344E-09 6.3208E-09 6.6161E-09 6.9194E-09 7.2263E-09 7.5397E-09 7.8601E-09 8.1865E-09 8.5190E-09 8.8569E-09 9.2029E-09 9.5495E-09 9.8961E-09 1.0245E-08 1.0593E-08 1.0935E-08 1.1269E-08 1.1594E-08
1.3688E-10 1.7011E-10 1.8639E-10 2.0590E-10 2.2732E-10 2.6209E-10 2.8703E-10 3.2561E-10 3.5731E-10 4.0285E-10 4.4937E-10 4.9964E-10 5.6933E-10 6.3272E-10 7.1482E-10 8.2363E-10 9.7056E-10 1.1174E-09 1.2523E-09 1.3784E-09 1.5228E-09 1.6711E-09 1.8291E-09 2.0033E-09 2.1760E-09 2.3712E-09 2.5607E-09 2.7709E-09 2.9747E-09 3.1834E-09 3.4071E-09 3.6388E-09 3.8786E-09 4.1305E-09 4.3944E-09 4.6566E-09 4.9135E-09 5.1850E-09 5.4551E-09 5.7395E-09 6.0245E-09 6.3199E-09 6.6244E-09 6.9333E-09 7.2508E-09 7.5761E-09 7.9093E-09 8.2497E-09 8.6002E-09 8.9570E-09 9.3153E-09 9.6787E-09 1.0046E-08 1.0411E-08 1.0773E-08 1.1129E-08 1.1477E-08
1.1403E-10 1.3646E-10 1.6899E-10 1.8490E-10 2.0565E-10 2.3796E-10 2.6149E-10 2.9742E-10 3.2654E-10 3.6886E-10 4.1179E-10 4.5812E-10 5.2329E-10 5.8224E-10 6.5930E-10 7.2824E-10 8.4564E-10 9.8555E-10 1.1411E-09 1.2640E-09 1.3982E-09 1.5356E-09 1.6824E-09 1.8451E-09 2.0065E-09 2.1901E-09 2.3684E-09 2.5677E-09 2.7610E-09 2.9597E-09 3.1733E-09 3.3951E-09 3.6256E-09 3.8688E-09 4.1254E-09 4.3808E-09 4.6312E-09 4.8977E-09 5.1632E-09 5.4444E-09 5.7265E-09 6.0207E-09 6.3251E-09 6.6354E-09 6.9551E-09 7.2844E-09 7.6229E-09 7.9715E-09 8.3321E-09 8.6967E-09 9.0675E-09 9.4471E-09 9.8285E-09 1.0211E-08 1.0592E-08 1.0971E-08 1.1340E-08
9.3574E-11 1.1350E-10 1.3547E-10 1.5277E-10 1.8541E-10 2.1450E-10 2.3758E-10 2.7097E-10 2.9757E-10 3.3666E-10 3.7614E-10 4.1878E-10 4.7955E-10 5.3407E-10 6.0621E-10 6.7048E-10 7.5012E-10 8.5702E-10 1.0137E-09 1.1563E-09 1.2805E-09 1.4075E-09 1.5435E-09 1.6952E-09 1.8454E-09 2.0178E-09 2.1852E-09 2.3739E-09 2.5568E-09 2.7454E-09 2.9484E-09 3.1600E-09 3.3805E-09 3.6141E-09 3.8623E-09 4.1099E-09 4.3530E-09 4.6136E-09 4.8733E-09 5.1503E-09 5.4286E-09 5.7204E-09 6.0238E-09 6.3339E-09 6.6547E-09 6.9864E-09 7.3286E-09 7.6853E-09 8.0514E-09 8.4240E-09 8.8079E-09 9.1987E-09 9.5953E-09 9.9939E-09 1.0394E-08 1.0792E-08 1.1183E-08
6.7088E-11 8.7870E-11 1.1106E-10 1.2870E-10 1.4631E-10 1.9352E-10 2.1493E-10 2.4612E-10 2.7023E-10 3.0625E-10 3.4252E-10 3.8159E-10 4.3800E-10 4.8830E-10 5.5573E-10 6.1532E-10 6.8979E-10 7.6277E-10 8.7728E-10 1.0176E-09 1.1694E-09 1.2867E-09 1.4124E-09 1.5534E-09 1.6930E-09 1.8548E-09 2.0115E-09 2.1897E-09 2.3622E-09 2.5404E-09 2.7326E-09 2.9335E-09 3.1435E-09 3.3669E-09 3.6059E-09 3.8450E-09 4.0800E-09 4.3338E-09 4.5867E-09 4.8586E-09 5.1320E-09 5.4204E-09 5.7216E-09 6.0301E-09 6.3507E-09 6.6831E-09 7.0292E-09 7.3908E-09 7.7600E-09 8.1409E-09 8.5352E-09 8.9339E-09 9.3454E-09 9.7597E-09 1.0176E-08 1.0593E-08 1.1002E-08
5.1817E-11 6.3257E-11 8.3374E-11 1.0565E-10 1.2537E-10 1.5544E-10 1.8173E-10 2.2274E-10 2.4455E-10 2.7771E-10 3.1084E-10 3.4646E-10 3.9875E-10 4.4503E-10 5.0771E-10 5.6270E-10 6.3209E-10 6.9523E-10 7.8072E-10 8.8493E-10 1.0329E-09 1.1707E-09 1.2890E-09 1.4199E-09 1.5496E-09 1.7010E-09 1.8475E-09 2.0152E-09 2.1771E-09 2.3450E-09 2.5259E-09 2.7159E-09 2.9149E-09 3.1276E-09 3.3568E-09 3.5868E-09 3.8129E-09 4.0592E-09 4.3045E-09 4.5704E-09 4.8378E-09 5.1219E-09 5.4193E-09 5.7251E-09 6.0436E-09 6.3754E-09 6.7243E-09 7.0866E-09 7.4590E-09 7.8476E-09 8.2475E-09 8.6541E-09 9.0796E-09 9.5079E-09 9.9356E-09 1.0372E-08 1.0798E-08
3.1131E-11 4.6628E-11 6.1451E-11 8.1139E-11 1.0383E-10 1.2816E-10 1.5076E-10 1.8261E-10 2.1558E-10 2.5091E-10 2.8106E-10 3.1348E-10 3.6177E-10 4.0407E-10 4.6210E-10 5.1266E-10 5.7703E-10 6.3515E-10 7.0762E-10 7.8782E-10 9.0557E-10 1.0359E-09 1.1691E-09 1.2950E-09 1.4151E-09 1.5564E-09 1.6928E-09 1.8500E-09 2.0015E-09 2.1589E-09 2.3215E-09 2.5073E-09 2.6952E-09 2.8967E-09 3.1156E-09 3.3360E-09 3.5526E-09 3.7906E-09 4.0276E-09 4.2864E-09 4.5473E-09 4.8254E-09 5.1183E-09 5.4194E-09 5.7347E-09 6.0650E-09 6.4143E-09 6.7750E-09 7.1504E-09 7.5439E-09 7.9466E-09 8.3598E-09 8.7982E-09 9.2358E-09 9.6755E-09 1.0128E-08 1.0571E-08
2.7951E-11 3.0753E-11 3.3468E-11 5.8669E-11 7.6571E-11 1.0580E-10 1.2540E-10 1.5320E-10 1.7808E-10 2.1151E-10 2.5324E-10 2.8256E-10 3.2688E-10 3.6538E-10 4.1898E-10 4.6519E-10 5.2459E-10 5.7803E-10 6.4535E-10 7.0641E-10 8.0068E-10 9.2090E-10 1.0416E-09 1.1762E-09 1.2893E-09 1.4208E-09 1.5472E-09 1.6941E-09 1.8353E-09 1.9822E-09 2.1344E-09 2.3081E-09 2.4847E-09 2.6748E-09 2.8830E-09 3.0932E-09 3.2998E-09 3.5290E-09 3.7568E-09 4.0082E-09 4.2609E-09 4.5324E-09 4.8189E-09 5.1144E-09 5.4244E-09 5.7527E-09 6.0987E-09 6.4570E-09 6.8345E-09 7.2285E-09 7.6335E-09 8.0530E-09 8.5011E-09 8.9449E-09 9.3952E-09 9.8625E-09 1.0320E-08
2.3322E-11 2.7795E-11 3.0243E-11 3.2895E-11 4.8681E-11 7.5414E-11 9.7311E-11 1.2972E-10 1.5071E-10 1.7933E-10 2.1369E-10 2.5352E-10 2.9414E-10 3.2904E-10 3.7827E-10 4.2030E-10 4.7510E-10 5.2410E-10 5.8635E-10 6.4271E-10 7.1207E-10 8.0641E-10 9.1912E-10 1.0543E-09 1.1653E-09 1.2914E-09 1.4105E-09 1.5473E-09 1.6783E-09 1.8149E-09 1.9567E-09 2.1035E-09 2.2837E-09 2.4623E-09 2.6593E-09 2.8590E-09 3.0554E-09 3.2750E-09 3.4935E-09 3.7359E-09 3.9800E-09 4.2433E-09 4.5224E-09 4.8106E-09 5.1142E-09 5.4387E-09 5.7789E-09 6.1344E-09 6.5116E-09 6.9033E-09 7.3091E-09 7.7336E-09 8.1863E-09 8.6361E-09 9.0949E-09 9.5743E-09 1.0045E-08
1.8791E-11 2.3629E-11 2.7219E-11 2.9601E-11 3.2177E-11 4.1923E-11 6.6011E-11 1.0145E-10 1.2317E-10 1.5267E-10 1.8024E-10 2.1791E-10 2.6353E-10 2.9496E-10 3.4004E-10 3.7828E-10 4.2865E-10 4.7333E-10 5.3096E-10 5.8296E-10 6.4629E-10 7.1293E-10 8.0748E-10 9.3614E-10 1.0491E-09 1.1686E-09 1.2803E-09 1.4069E-09 1.5304E-09 1.6570E-09 1.7887E-09 1.9253E-09 2.0924E-09 2.2595E-09 2.4452E-09 2.6342E-09 2.8197E-09 3.0296E-09 3.2377E-09 3.4709E-09 3.7051E-09 3.9593E-09 4.2296E-09 4.5091E-09 4.8061E-09 5.1243E-09 5.4568E-09 5.8087E-09 6.1824E-09 6.5698E-09 6.9751E-09 7.4017E-09 7.8559E-09 8.3099E-09 8.7748E-09 9.2642E-09 9.7456E-09
1.3685E-11 1.8668E-11 2.3626E-11 2.6529E-11 2.8833E-11 3.7609E-11 4.0946E-11 6.0142E-11 9.2149E-11 1.2539E-10 1.4895E-10 1.7755E-10 2.2630E-10 2.6326E-10 3.0450E-10 3.3909E-10 3.8522E-10 4.2604E-10 4.7928E-10 5.2712E-10 5.8580E-10 6.4356E-10 7.1152E-10 8.1650E-10 9.3164E-10 1.0550E-09 1.1590E-09 1.2781E-09 1.3916E-09 1.5085E-09 1.6304E-09 1.7571E-09 1.8883E-09 2.0668E-09 2.2411E-09 2.4190E-09 2.5938E-09 2.7933E-09 2.9905E-09 3.2134E-09 3.4370E-09 3.6810E-09 3.9414E-09 4.2113E-09 4.5003E-09 4.8096E-09 5.1336E-09 5.4801E-09 5.8466E-09 6.2291E-09 6.6328E-09 7.0574E-09 7.5114E-09 7.9671E-09 8.4357E-09 8.9327E-09 9.4226E-09
1.0665E-11 1.3220E-11 1.8387E-11 2.2268E-11 2.5731E-11 3.3594E-11 3.6573E-11 4.6208E-11 5.4885E-11 9.3261E-11 1.2160E-10 1.4599E-10 1.8921E-10 2.2978E-10 2.7155E-10 3.0272E-10 3.4500E-10 3.8220E-10 4.3127E-10 4.7511E-10 5.2924E-10 5.8245E-10 6.3912E-10 7.1426E-10 8.1234E-10 9.4260E-10 1.0462E-09 1.1578E-09 1.2598E-09 1.3693E-09 1.4817E-09 1.5988E-09 1.7202E-09 1.8830E-09 2.0473E-09 2.2141E-09 2.3777E-09 2.5664E-09 2.7524E-09 2.9644E-09 3.1766E-09 3.4096E-09 3.6591E-09 3.9181E-09 4.1977E-09 4.4961E-09 4.8107E-09 5.1498E-09 5.5072E-09 5.8826E-09 6.2824E-09 6.7013E-09 7.1541E-09 7.6090E-09 8.0787E-09 8.5811E-09 9.0767E-09
9.3646E-12 9.8576E-12 1.2597E-11 1.5852E-11 2.1521E-11 2.9877E-11 3.2525E-11 4.1135E-11 4.4835E-11 6.2652E-11 8.9807E-11 1.1804E-10 1.5512E-10 1.9575E-10 2.4116E-10 2.6928E-10 3.0791E-10 3.4172E-10 3.8678E-10 4.2679E-10 4.7658E-10 5.2544E-10 5.7752E-10 6.3842E-10 7.0658E-10 8.1972E-10 9.3460E-10 1.0418E-09 1.1392E-09 1.2373E-09 1.3426E-09 1.4503E-09 1.5624E-09 1.6786E-09 1.8639E-09 2.0196E-09 2.1720E-09 2.3497E-09 2.5239E-09 2.7245E-09 2.9246E-09 3.1458E-09 3.3836E-09 3.6306E-09 3.8997E-09 4.1858E-09 4.4903E-09 4.8193E-09 5.1656E-09 5.5327E-09 5.9256E-09 6.3365E-09 6.7855E-09 7.2373E-09 7.7056E-09 8.2105E-09 8.7099E-09
8.1748E-12 8.5935E-12 9.0283E-12 1.0696E-11 1.5111E-11 2.4866E-11 2.8798E-11 3.6450E-11 3.9730E-11 4.7575E-11 6.4171E-11 9.1830E-11 1.2412E-10 1.5284E-10 2.0198E-10 2.3849E-10 2.7386E-10 3.0447E-10 3.4571E-10 3.8213E-10 4.2778E-10 4.7249E-10 5.2016E-10 5.7615E-10 6.2801E-10 7.0600E-10 8.0731E-10 9.3510E-10 1.0252E-09 1.1167E-09 1.2129E-09 1.3117E-09 1.4146E-09 1.5215E-09 1.6866E-09 1.8357E-09 1.9769E-09 2.1432E-09 2.3055E-09 2.4942E-09 2.6818E-09 2.8907E-09 3.1160E-09 3.3501E-09 3.6074E-09 3.8800E-09 4.1729E-09 4.4898E-09 4.8236E-09 5.1809E-09 5.5645E-09 5.9649E-09 6.4081E-09 6.8540E-09 7.3184E-09 7.8232E-09 8.3233E-09
7.0934E-12 7.4459E-12 7.8108E-12 8.1880E-12 9.8102E-12 1.6270E-11 2.2894E-11 2.9885E-11 3.5025E-11 4.1940E-11 5.1338E-11 6.8679E-11 9.5826E-11 1.2118E-10 1.6450E-10 2.0467E-10 2.4186E-10 2.7007E-10 3.0800E-10 3.4103E-10 3.8273E-10 4.2351E-10 4.6696E-10 5.1822E-10 5.6548E-10 6.2577E-10 6.9697E-10 8.1274E-10 9.1812E-10 1.0030E-09 1.0906E-09 1.1827E-09 1.2767E-09 1.3748E-09 1.4891E-09 1.6607E-09 1.7926E-09 1.9475E-09 2.0976E-09 2.2741E-09 2.4491E-09 2.6451E-09 2.8572E-09 3.0777E-09 3.3222E-09 3.5802E-09 3.8602E-09 4.1628E-09 4.4834E-09 4.8291E-09 5.2000E-09 5.5895E-09 6.0239E-09 6.4618E-09 6.9193E-09 7.4214E-09 7.9197E-09
3.8177E-12 4.0043E-12 4.1974E-12 4.3969E-12 4.6024E-12 6.0577E-12 1.1412E-11 2.1276E-11 2.6291E-11 3.3089E-11 4.1106E-11 4.9159E-11 7.8895E-11 9.7178E-11 1.2419E-10 1.6296E-10 2.1043E-10 2.3694E-10 2.7214E-10 3.0301E-10 3.4135E-10 3.7836E-10 4.1778E-10 4.6457E-10 5.0747E-10 5.6268E-10 6.1183E-10 6.9550E-10 7.9915E-10 8.9817E-10 9.7952E-10 1.0611E-09 1.1488E-09 1.2382E-09 1.3389E-09 1.4900E-09 1.6185E-09 1.7626E-09 1.9007E-09 2.0650E-09 2.2270E-09 2.4099E-09 2.6083E-09 2.8147E-09 3.0452E-09 3.2881E-09 3.5539E-09 3.8412E-09 4.1470E-09 4.4795E-09 4.8360E-09 5.2122E-09 5.6361E-09 6.0629E-09 6.5113E-09 7.0066E-09 7.4992E-09
0.0000E+00 1.1995E-12 1.2585E-12 1.3197E-12 1.3828E-12 1.4479E-12 2.7634E-12 5.8072E-12 1.4022E-11 1.8288E-11 2.6157E-11 3.2211E-11 4.8388E-11 7.3574E-11 1.0045E-10 1.2238E-10 1.6786E-10 2.0419E-10 2.3770E-10 2.6585E-10 3.0218E-10 3.3688E-10 3.7255E-10 4.1510E-10 4.5392E-10 5.0419E-10 5.4827E-10 6.0475E-10 6.7845E-10 7.8792E-10 8.7344E-10 9.5105E-10 1.0284E-09 1.1116E-09 1.2037E-09 1.3115E-09 1.4497E-09 1.5888E-09 1.7152E-09 1.8672E-09 2.0164E-09 2.1858E-09 2.3704E-09 2.5621E-09 2.7779E-09 3.0052E-09 3.2561E-09 3.5269E-09 3.8170E-09 4.1346E-09 4.4750E-09 4.8351E-09 5.2452E-09 5.6593E-09 6.0956E-09 6.5834E-09 7.0674E-09
0.0000E+00 0.0000E+00 0.0000E+00 0.0000E+00 0.0000E+00 0.0000E+00 0.0000E+00 0.0000E+00 4.1573E-12 7.2368E-12 1.4548E-11 1.6926E-11 2.4889E-11 4.8486E-11 7.3852E-11 9.3989E-11 1.2783E-10 1.6336E-10 2.0109E-10 2.2744E-10 2.6036E-10 2.9469E-10 3.2935E-10 3.6806E-10 4.0293E-10 4.4852E-10 4.8965E-10 5.4082E-10 5.8623E-10 6.6240E-10 7.6452E-10 8.4659E-10 9.1820E-10 9.9305E-10 1.0768E-09 1.1653E-09 1.2870E-09 1.4194E-09 1.5397E-09 1.6796E-09 1.8159E-09 1.9720E-09 2.1426E-09 2.3196E-09 2.5203E-09 2.7317E-09 2.9667E-09 3.2209E-09 3.4938E-09 3.7955E-09 4.1185E-09 4.4631E-09 4.8569E-09 5.2535E-09 5.6757E-09 6.1516E-09 6.6253E-09
0.0000E+00 0.0000E+00 0.0000E+00 0.0000E+00 0.0000E+00 0.0000E+00 0.0000E+00 0.0000E+00 0.0000E+00 1.3523E-12 4.2207E-12 7.5318E-12 1.1291E-11 2.1737E-11 4.8520E-11 6.7788E-11 9.3397E-11 1.2116E-10 1.6673E-10 1.9269E-10 2.2195E-10 2.5200E-10 2.8446E-10 3.2341E-10 3.5586E-10 3.9728E-10 4.3338E-10 4.8152E-10 5.2398E-10 5.6746E-10 6.3949E-10 7.4099E-10 8.1402E-10 8.8109E-10 9.5853E-10 1.0387E-09 1.1306E-09 1.2571E-09 1.3707E-09 1.5029E-09 1.6268E-09 1.7697E-09 1.9263E-09 2.0888E-09 2.2743E-09 2.4697E-09 2.6887E-09 2.9253E-09 3.1811E-09 3.4652E-09 3.7699E-09 4.0965E-09 4.4743E-09 4.8551E-09 5.2588E-09 5.7196E-09 6.1788E-09
0.0000E+00 0.0000E+00 0.0000E+00 0.0000E+00 0.0000E+00 0.0000E+00 0.0000E+00 0.0000E+00 0.0000E+00 0.0000E+00 0.0000E+00 2.7088E-12 5.8451E-12 1.0878E-11 2.3106E-11 4.4025E-11 6.4542E-11 8.5087E-11 1.2657E-10 1.5769E-10 1.9076E-10 2.1530E-10 2.4326E-10 2.7787E-10 3.1142E-10 3.5156E-10 3.8441E-10 4.2694E-10 4.6524E-10 5.0413E-10 5.4495E-10 6.1447E-10 7.1296E-10 7.8188E-10 8.4984E-10 9.2408E-10 9.9317E-10 1.1101E-09 1.2118E-09 1.3388E-09 1.4534E-09 1.5835E-09 1.7267E-09 1.8749E-09 2.0455E-09 2.2252E-09 2.4276E-09 2.6472E-09 2.8847E-09 3.1509E-09 3.4362E-09 3.7432E-09 4.1022E-09 4.4634E-09 4.8492E-09 5.2916E-09 5.7316E-09
0.0000E+00 0.0000E+00 0.0000E+00 0.0000E+00 0.0000E+00 0.0000E+00 0.0000E+00 0.0000E+00 0.0000E+00 0.0000E+00 0.0000E+00 0.0000E+00 1.3309E-12 5.6337E-12 9.0991E-12 2.4420E-11 4.6610E-11 6.2986E-11 8.5866E-11 1.1977E-10 1.5638E-10 1.7912E-10 2.1014E-10 2.3829E-10 2.6552E-10 3.0479E-10 3.3824E-10 3.7814E-10 4.1196E-10 4.4816E-10 4.8479E-10 5.2300E-10 5.8857E-10 6.8408E-10 7.5248E-10 8.1759E-10 8.8115E-10 9.7583E-10 1.0662E-09 1.1829E-09 1.2933E-09 1.4118E-09 1.5420E-09 1.6768E-09 1.8326E-09 1.9971E-09 2.1832E-09 2.3855E-09 2.6053E-09 2.8524E-09 3.1181E-09 3.4048E-09 3.7429E-09 4.0832E-09 4.4474E-09 4.8699E-09 5.2804E-09
0.0000E+00 0.0000E+00 0.0000E+00 0.0000E+00 0.0000E+00 0.0000E+00 0.0000E+00 0.0000E+00 0.0000E+00 0.0000E+00 0.0000E+00 0.0000E+00 0.0000E+00 1.2959E-12 2.7983E-12 9.1941E-12 3.2386E-11 4.9075E-11 6.4435E-11 8.1536E-11 1.1966E-10 1.5058E-10 1.6822E-10 1.9966E-10 2.2979E-10 2.6085E-10 2.9113E-10 3.3097E-10 3.6331E-10 3.9555E-10 4.2858E-10 4.6247E-10 4.9767E-10 5.5917E-10 6.6204E-10 7.2368E-10 7.7862E-10 8.5353E-10 9.3749E-10 1.0387E-09 1.1438E-09 1.2558E-09 1.3741E-09 1.4958E-09 1.6376E-09 1.7874E-09 1.9573E-09 2.1432E-09 2.3447E-09 2.5729E-09 2.8186E-09 3.0842E-09 3.4009E-09 3.7099E-09 4.0511E-09 4.4502E-09 4.8377E-09
0.0000E+00 0.0000E+00 0.0000E+00 0.0000E+00 0.0000E+00 0.0000E+00 0.0000E+00 0.0000E+00 0.0000E+00 0.0000E+00 0.0000E+00 0.0000E+00 0.0000E+00 0.0000E+00 1.2553E-12 2.6968E-12 1.5616E-11 3.7022E-11 5.3968E-11 6.4838E-11 8.6289E-11 1.1576E-10 1.4137E-10 1.6388E-10 1.8565E-10 2.1898E-10 2.4454E-10 2.8345E-10 3.1475E-10 3.4609E-10 3.7662E-10 4.0747E-10 4.3916E-10 4.7174E-10 5.3494E-10 6.3542E-10 6.8734E-10 7.5341E-10 8.2032E-10 9.1154E-10 1.0021E-09 1.1129E-09 1.2205E-09 1.3304E-09 1.4584E-09 1.5946E-09 1.7488E-09 1.9186E-09 2.1028E-09 2.3045E-09 2.5304E-09 2.7746E-09 3.0683E-09 3.3544E-09 3.6709E-09 4.0452E-09 4.3935E-09
0.0000E+00 0.0000E+00 0.0000E+00 0.0000E+00 0.0000E+00 0.0000E+00 0.0000E+00 0.0000E+00 0.0000E+00 0.0000E+00 0.0000E+00 0.0000E+00 0.0000E+00 0.0000E+00 0.0000E+00 0.0000E+00 4.0680E-12 1.7575E-11 3.8267E-11 5.1188E-11 6.7326E-11 8.9161E-11 1.1470E-10 1.3501E-10 1.5360E-10 1.7748E-10 2.0316E-10 2.3371E-10 2.6439E-10 2.9626E-10 3.2595E-10 3.5557E-10 3.8439E-10 4.1401E-10 4.5017E-10 5.1066E-10 5.9801E-10 6.6469E-10 7.1705E-10 7.9703E-10 8.7327E-10 9.7662E-10 1.0814E-09 1.1749E-09 1.2897E-09 1.4130E-09 1.5518E-09 1.7063E-09 1.8687E-09 2.0563E-09 2.2625E-09 2.4853E-09 2.7390E-09 3.0059E-09 3.2972E-09 3.6449E-09 3.9783E-09
0.0000E+00 0.0000E+00 0.0000E+00 0.0000E+00 0.0000E+00 0.0000E+00 0.0000E+00 0.0000E+00 0.0000E+00 0.0000E+00 0.0000E+00 0.0000E+00 0.0000E+00 0.0000E+00 0.0000E+00 0.0000E+00 3.4853E-13 2.9748E-12 1.5461E-11 3.5073E-11 5.1456E-11 6.4086E-11 8.3804E-11 1.1896E-10 1.3178E-10 1.4962E-10 1.6753E-10 1.9335E-10 2.1928E-10 2.4264E-10 2.7394E-10 3.0224E-10 3.3036E-10 3.5813E-10 3.9224E-10 4.2743E-10 4.7537E-10 5.7417E-10 6.2564E-10 6.9133E-10 7.5577E-10 8.4190E-10 9.4460E-10 1.0353E-09 1.1372E-09 1.2488E-09 1.3659E-09 1.4999E-09 1.6479E-09 1.8181E-09 2.0052E-09 2.2020E-09 2.4470E-09 2.6899E-09 2.9559E-09 3.2592E-09 3.5733E-09
