Assets/Resources/2015_m01_d18_0900(utc+0800)_l00_csi_1hr_conc.grd
DSAA
         159         159
     -79.000      79.000
     -79.000      79.000
  0.1665E-10  0.1323E-05
[rows 75 to 99 of 159, columns 57 to 113 of 159]
1.3810E-09 1.4280E-09 1.4752E-09 1.5241E-09 1.5730E-09 1.6234E-09 1.6744E-09 1.7262E-09 1.7788E-09 1.8319E-09 1.8859E-09 1.9403E-09 1.9957E-09 2.0516E-09 2.1078E-09 2.1646E-09 2.2218E-09 2.2799E-09 2.3386E-09 2.3968E-09 2.4564E-09 2.5154E-09 2.5754E-09 2.6350E-09 2.6951E-09 2.7556E-09 2.8154E-09 2.8757E-09 2.9349E-09 2.9929E-09 3.0507E-09 3.1057E-09 3.1588E-09 3.2080E-09 3.2552E-09 3.3002E-09 3.3439E-09 3.3856E-09 3.4259E-09 3.4633E-09 3.4986E-09 3.5322E-09 3.5642E-09 3.5946E-09 3.6233E-09 3.6503E-09 3.6756E-09 3.6993E-09 3.7213E-09 3.7416E-09 3.7602E-09 3.7771E-09 3.7923E-09 3.8059E-09 3.8178E-09 3.8280E-09 3.8366E-09
1.3965E-09 1.4438E-09 1.4921E-09 1.5412E-09 1.5912E-09 1.6419E-09 1.6938E-09 1.7461E-09 1.7994E-09 1.8533E-09 1.9082E-09 1.9635E-09 2.0196E-09 2.0761E-09 2.1334E-09 2.1908E-09 2.2495E-09 2.3083E-09 2.3674E-09 2.4271E-09 2.4870E-09 2.5473E-09 2.6083E-09 2.6692E-09 2.7303E-09 2.7910E-09 2.8529E-09 2.9133E-09 2.9734E-09 3.0321E-09 3.0902E-09 3.1456E-09 3.1990E-09 3.2487E-09 3.2958E-09 3.3416E-09 3.3855E-09 3.4281E-09 3.4682E-09 3.5059E-09 3.5417E-09 3.5759E-09 3.6084E-09 3.6392E-09 3.6684E-09 3.6959E-09 3.7217E-09 3.7458E-09 3.7682E-09 3.7890E-09 3.8080E-09 3.8253E-09 3.8409E-09 3.8549E-09 3.8671E-09 3.8777E-09 3.8867E-09
1.4117E-09 1.4592E-09 1.5085E-09 1.5581E-09 1.6087E-09 1.6603E-09 1.7127E-09 1.7659E-09 1.8197E-09 1.8744E-09 1.9298E-09 1.9860E-09 2.0428E-09 2.1001E-09 2.1580E-09 2.2171E-09 2.2760E-09 2.3358E-09 2.3954E-09 2.4565E-09 2.5174E-09 2.5787E-09 2.6404E-09 2.7018E-09 2.7643E-09 2.8263E-09 2.8885E-09 2.9504E-09 3.0105E-09 3.0707E-09 3.1287E-09 3.1851E-09 3.2378E-09 3.2877E-09 3.3353E-09 3.3816E-09 3.4263E-09 3.4690E-09 3.5094E-09 3.5475E-09 3.5838E-09 3.6185E-09 3.6515E-09 3.6828E-09 3.7125E-09 3.7405E-09 3.7668E-09 3.7913E-09 3.8142E-09 3.8354E-09 3.8548E-09 3.8726E-09 3.8886E-09 3.9029E-09 3.9156E-09 3.9266E-09 3.9359E-09
1.4260E-09 1.4745E-09 1.5240E-09 1.5746E-09 1.6255E-09 1.6778E-09 1.7307E-09 1.7848E-09 1.8395E-09 1.8948E-09 1.9508E-09 2.0078E-09 2.0654E-09 2.1235E-09 2.1822E-09 2.2418E-09 2.3018E-09 2.3622E-09 2.4237E-09 2.4848E-09 2.5468E-09 2.6090E-09 2.6716E-09 2.7344E-09 2.7974E-09 2.8609E-09 2.9235E-09 2.9859E-09 3.0477E-09 3.1076E-09 3.1671E-09 3.2269E-09 3.2896E-09 3.3404E-09 3.3796E-09 3.4204E-09 3.4656E-09 3.5087E-09 3.5494E-09 3.5879E-09 3.6250E-09 3.6605E-09 3.6944E-09 3.7265E-09 3.7567E-09 3.7849E-09 3.8108E-09 3.8358E-09 3.8591E-09 3.8808E-09 3.9007E-09 3.9188E-09 3.9353E-09 3.9500E-09 3.9631E-09 3.9745E-09 3.9841E-09
1.4397E-09 1.4892E-09 1.5391E-09 1.5901E-09 1.6420E-09 1.6948E-09 1.7485E-09 1.8029E-09 1.8583E-09 1.9143E-09 1.9712E-09 2.0289E-09 2.0873E-09 2.1459E-09 2.2059E-09 2.2660E-09 2.3269E-09 2.3884E-09 2.4501E-09 2.5125E-09 2.5752E-09 2.6385E-09 2.7020E-09 2.8393E-07 4.8595E-08 3.2721E-09 3.0937E-09 3.0936E-09 3.1703E-09 3.3253E-09 4.8501E-09 5.0237E-09 4.7930E-09 4.3449E-09 3.9039E-09 3.6844E-09 3.5421E-09 3.5605E-09 3.5955E-09 3.6369E-09 3.6760E-09 3.7124E-09 3.7474E-09 3.7805E-09 3.8775E-09 3.9065E-09 3.9366E-09 3.9619E-09 3.9474E-09 3.9681E-09 3.9454E-09 3.9640E-09 3.9809E-09 3.9961E-09 4.0096E-09 4.0214E-09 4.0315E-09
1.4534E-09 1.5030E-09 1.5536E-09 1.6050E-09 1.6577E-09 1.7110E-09 1.7655E-09 1.8207E-09 1.8766E-09 1.9332E-09 1.9909E-09 2.0493E-09 2.1082E-09 2.1677E-09 2.2283E-09 2.2897E-09 2.3509E-09 2.4135E-09 2.4759E-09 2.5395E-09 2.6029E-09 2.6670E-09 2.7318E-09 2.0690E-07 6.5131E-07 1.3235E-06 7.3955E-07 3.1605E-07 1.3118E-07 6.3962E-08 3.7325E-08 2.2656E-08 1.4595E-08 9.2955E-09 6.3843E-09 4.8510E-09 4.0791E-09 3.7781E-09 3.8133E-09 3.8871E-09 3.9150E-09 4.0042E-09 4.0844E-09 4.0686E-09 4.1093E-09 4.0814E-09 4.1098E-09 4.1277E-09 4.0882E-09 4.1037E-09 4.0661E-09 4.0744E-09 4.0838E-09 4.0469E-09 4.0567E-09 4.0673E-09 4.0777E-09
1.4664E-09 1.5162E-09 1.5676E-09 1.6197E-09 1.6728E-09 1.7269E-09 1.7816E-09 1.8374E-09 1.8939E-09 1.9515E-09 2.0098E-09 2.0689E-09 2.1282E-09 2.1891E-09 2.2500E-09 2.3120E-09 2.3745E-09 2.4374E-09 2.5010E-09 2.5654E-09 2.6300E-09 2.6950E-09 2.7599E-09 1.0026E-08 1.0646E-07 1.4257E-07 2.0457E-07 3.0955E-07 2.9977E-07 1.9671E-07 1.1809E-07 6.8393E-08 4.0492E-08 2.3567E-08 1.4237E-08 8.9844E-09 6.4822E-09 5.3665E-09 4.8544E-09 4.6752E-09 4.4917E-09 4.4675E-09 4.4805E-09 4.4233E-09 4.4283E-09 4.3654E-09 4.3716E-09 4.3035E-09 4.3044E-09 4.2990E-09 4.2315E-09 4.2285E-09 4.1670E-09 4.1672E-09 4.1142E-09 4.1213E-09 4.1274E-09
1.4785E-09 1.5292E-09 1.5807E-09 1.6336E-09 1.6871E-09 1.7419E-09 1.7974E-09 1.8537E-09 1.9107E-09 1.9689E-09 2.0279E-09 2.0874E-09 2.1477E-09 2.2091E-09 2.2713E-09 2.3334E-09 2.3971E-09 2.4605E-09 2.5253E-09 2.5903E-09 2.6554E-09 2.7216E-09 2.7876E-09 2.9319E-09 2.3708E-08 7.7761E-08 9.3252E-08 9.5618E-08 1.1451E-07 1.3294E-07 1.1912E-07 9.1490E-08 6.3292E-08 4.1408E-08 2.6410E-08 1.6966E-08 1.1615E-08 8.6544E-09 7.0705E-09 6.1894E-09 5.7244E-09 5.4278E-09 5.1521E-09 5.0284E-09 4.8355E-09 4.7930E-09 4.6557E-09 4.6293E-09 4.5927E-09 4.4892E-09 4.4598E-09 4.3655E-09 4.3465E-09 4.2641E-09 4.2550E-09 4.2426E-09 4.1868E-09
1.4900E-09 1.5414E-09 1.5934E-09 1.6468E-09 1.7010E-09 1.7560E-09 1.8121E-09 1.8689E-09 1.9268E-09 1.9856E-09 2.0452E-09 2.1052E-09 2.1667E-09 2.2286E-09 2.2911E-09 2.3545E-09 2.4183E-09 2.4833E-09 2.5484E-09 2.6142E-09 2.6805E-09 2.7471E-09 2.8145E-09 2.8814E-09 5.4137E-09 3.0013E-08 5.9306E-08 7.3043E-08 7.8160E-08 8.3824E-08 8.7226E-08 8.3180E-08 6.9935E-08 5.3606E-08 3.9074E-08 2.7484E-08 1.9419E-08 1.4231E-08 1.0993E-08 9.0403E-09 7.8063E-09 7.0183E-09 6.4466E-09 5.9571E-09 5.6758E-09 5.3581E-09 5.2080E-09 5.0721E-09 4.9141E-09 4.8369E-09 4.6965E-09 4.6358E-09 4.5159E-09 4.4735E-09 4.3719E-09 4.3487E-09 4.3255E-09
1.5012E-09 1.5527E-09 1.6054E-09 1.6591E-09 1.7138E-09 1.7693E-09 1.8262E-09 1.8836E-09 1.9421E-09 2.0014E-09 2.0614E-09 2.1222E-09 2.1842E-09 2.2471E-09 2.3099E-09 2.3744E-09 2.4388E-09 2.5045E-09 2.5706E-09 2.6367E-09 2.7042E-09 2.7715E-09 2.8394E-09 2.9085E-09 3.4831E-09 1.2752E-08 3.4590E-08 5.4893E-08 6.6923E-08 7.2590E-08 7.5965E-08 7.6289E-08 7.1245E-08 6.1656E-08 4.9848E-08 3.8238E-08 2.8864E-08 2.1698E-08 1.6753E-08 1.3346E-08 1.1009E-08 9.4263E-09 8.2973E-09 7.4704E-09 6.7893E-09 6.3433E-09 5.9928E-09 5.6702E-09 5.4466E-09 5.2278E-09 5.0991E-09 4.9182E-09 4.8229E-09 4.6812E-09 4.6119E-09 4.4944E-09 4.4589E-09
1.5116E-09 1.5633E-09 1.6169E-09 1.6711E-09 1.7261E-09 1.7823E-09 1.8393E-09 1.8975E-09 1.9565E-09 2.0164E-09 2.0768E-09 2.1388E-09 2.2012E-09 2.2643E-09 2.3284E-09 2.3930E-09 2.4588E-09 2.5248E-09 2.5916E-09 2.6589E-09 2.7267E-09 2.7953E-09 2.8640E-09 2.9371E-09 3.2522E-09 7.2921E-09 2.0599E-08 3.9466E-08 5.5347E-08 6.5773E-08 7.1562E-08 7.3625E-08 7.2009E-08 6.6598E-08 5.7791E-08 4.7900E-08 3.8201E-08 3.0089E-08 2.3612E-08 1.8790E-08 1.5267E-08 1.2687E-08 1.0809E-08 9.3938E-09 8.3768E-09 7.5275E-09 6.9600E-09 6.4337E-09 6.0978E-09 5.8196E-09 5.5376E-09 5.3679E-09 5.1536E-09 5.0256E-09 4.8487E-09 4.7662E-09 4.6372E-09
1.5211E-09 1.5737E-09 1.6273E-09 1.6820E-09 1.7375E-09 1.7944E-09 1.8518E-09 1.9105E-09 1.9701E-09 2.0304E-09 2.0915E-09 2.1538E-09 2.2172E-09 2.2806E-09 2.3457E-09 2.4107E-09 2.4772E-09 2.5441E-09 2.6112E-09 2.6796E-09 2.7480E-09 2.8171E-09 2.8903E-09 3.0153E-09 3.1962E-09 5.4219E-09 1.3519E-08 2.7910E-08 4.4226E-08 5.7805E-08 6.6784E-08 7.1381E-08 7.2291E-08 6.9550E-08 6.3628E-08 5.5486E-08 4.6656E-08 3.8218E-08 3.0925E-08 2.4990E-08 2.0340E-08 1.6730E-08 1.3975E-08 1.1860E-08 1.0306E-08 9.1384E-09 8.1456E-09 7.4920E-09 6.8805E-09 6.4921E-09 6.0881E-09 5.8471E-09 5.6313E-09 5.3856E-09 5.2277E-09 5.0390E-09 4.9321E-09
1.5300E-09 1.5833E-09 1.6372E-09 1.6923E-09 1.7484E-09 1.8054E-09 1.8636E-09 1.9227E-09 1.9826E-09 2.0434E-09 2.1056E-09 2.1681E-09 2.2319E-09 2.2964E-09 2.3615E-09 2.4275E-09 2.4943E-09 2.5622E-09 2.6304E-09 2.6991E-09 2.7687E-09 2.8400E-09 2.9180E-09 3.0792E-09 3.3767E-09 4.8717E-09 1.0112E-08 2.0971E-08 3.5516E-08 5.0128E-08 6.1814E-08 6.9158E-08 7.2355E-08 7.1683E-08 6.7942E-08 6.1690E-08 5.3912E-08 4.5863E-08 3.8269E-08 3.1611E-08 2.6017E-08 2.1406E-08 1.7755E-08 1.4862E-08 1.2696E-08 1.1003E-08 9.7049E-09 8.6859E-09 7.9319E-09 7.2927E-09 6.8355E-09 6.4148E-09 6.1342E-09 5.8226E-09 5.6174E-09 5.3764E-09 5.2371E-09
1.5385E-09 1.5919E-09 1.6463E-09 1.7016E-09 1.7582E-09 1.8156E-09 1.8744E-09 1.9338E-09 1.9944E-09 2.0556E-09 2.1182E-09 2.1815E-09 2.2455E-09 2.3110E-09 2.3765E-09 2.4435E-09 2.5111E-09 2.5788E-09 2.6480E-09 2.7173E-09 2.7878E-09 2.8634E-09 3.0051E-09 3.2054E-09 3.5676E-09 4.8105E-09 8.7457E-09 1.7067E-08 2.9621E-08 4.4162E-08 5.7390E-08 6.6969E-08 7.2197E-08 7.3587E-08 7.1566E-08 6.6930E-08 6.0385E-08 5.2942E-08 4.5412E-08 3.8317E-08 3.2012E-08 2.6530E-08 2.2006E-08 1.8313E-08 1.5441E-08 1.3205E-08 1.1483E-08 1.0103E-08 9.1052E-09 8.2677E-09 7.6624E-09 7.1052E-09 6.7319E-09 6.4152E-09 6.0941E-09 5.8745E-09 5.6315E-09
1.5460E-09 1.5997E-09 1.6547E-09 1.7104E-09 1.7674E-09 1.8254E-09 1.8842E-09 1.9442E-09 2.0050E-09 2.0674E-09 2.1298E-09 2.1940E-09 2.2588E-09 2.3242E-09 2.3906E-09 2.4578E-09 2.5263E-09 2.5951E-09 2.6641E-09 2.7348E-09 2.8071E-09 2.8871E-09 3.0608E-09 3.3131E-09 3.7374E-09 4.9459E-09 8.2128E-09 1.4948E-08 2.5926E-08 3.9667E-08 5.3437E-08 6.4535E-08 7.1728E-08 7.4974E-08 7.4567E-08 7.1347E-08 6.5993E-08 5.9322E-08 5.2079E-08 4.4798E-08 3.7957E-08 3.1779E-08 2.6482E-08 2.2039E-08 1.8493E-08 1.5694E-08 1.3490E-08 1.1741E-08 1.0465E-08 9.4877E-09 8.6446E-09 8.0345E-09 7.4724E-09 7.0666E-09 6.6591E-09 6.3721E-09 6.0618E-09
1.5531E-09 1.6071E-09 1.6621E-09 1.7183E-09 1.7755E-09 1.8339E-09 1.8933E-09 1.9538E-09 2.0147E-09 2.0775E-09 2.1409E-09 2.2050E-09 2.2707E-09 2.3365E-09 2.4038E-09 2.4713E-09 2.5400E-09 2.6097E-09 2.6796E-09 2.7504E-09 2.8256E-09 2.9635E-09 3.1655E-09 3.4724E-09 3.9767E-09 5.2070E-09 8.0722E-09 1.3845E-08 2.3359E-08 3.5920E-08 4.9462E-08 6.1522E-08 7.0213E-08 7.5088E-08 7.6349E-08 7.4485E-08 7.0344E-08 6.4511E-08 5.7731E-08 5.0545E-08 4.3423E-08 3.6806E-08 3.0902E-08 2.5843E-08 2.1691E-08 1.8335E-08 1.5698E-08 1.3667E-08 1.2019E-08 1.0819E-08 9.7833E-09 9.0259E-09 8.3308E-09 7.8154E-09 7.3134E-09 6.9549E-09 6.6402E-09
1.5590E-09 1.6134E-09 1.6687E-09 1.7255E-09 1.7829E-09 1.8417E-09 1.9015E-09 1.9621E-09 2.0237E-09 2.0867E-09 2.1508E-09 2.2151E-09 2.2812E-09 2.3478E-09 2.4152E-09 2.4837E-09 2.5524E-09 2.6227E-09 2.6940E-09 2.7652E-09 2.8438E-09 2.9996E-09 3.2339E-09 3.6005E-09 4.2011E-09 5.4552E-09 8.1134E-09 1.3168E-08 2.1398E-08 3.2675E-08 4.5469E-08 5.7581E-08 6.7202E-08 7.3417E-08 7.6092E-08 7.5675E-08 7.2751E-08 6.7953E-08 6.1842E-08 5.5011E-08 4.7982E-08 4.1176E-08 3.4930E-08 2.9432E-08 2.4813E-08 2.1019E-08 1.8001E-08 1.5638E-08 1.3708E-08 1.2284E-08 1.1059E-08 1.0149E-08 9.3897E-09 8.6927E-09 8.1566E-09 7.6409E-09 7.2552E-09
1.5643E-09 1.6191E-09 1.6749E-09 1.7316E-09 1.7896E-09 1.8484E-09 1.9086E-09 1.9695E-09 2.0321E-09 2.0951E-09 2.1594E-09 2.2246E-09 2.2906E-09 2.3580E-09 2.4259E-09 2.4948E-09 2.5645E-09 2.6349E-09 2.7063E-09 2.7795E-09 2.8604E-09 3.0319E-09 3.2952E-09 3.7146E-09 4.3887E-09 5.6690E-09 8.1909E-09 1.2658E-08 1.9839E-08 2.9725E-08 4.1231E-08 5.2785E-08 6.2550E-08 6.9549E-08 7.3382E-08 7.4290E-08 7.2690E-08 6.9068E-08 6.3911E-08 5.7753E-08 5.1129E-08 4.4468E-08 3.8183E-08 3.2517E-08 2.7629E-08 2.3557E-08 2.0255E-08 1.7627E-08 1.5467E-08 1.3841E-08 1.2444E-08 1.1385E-08 1.0498E-08 9.6845E-09 9.0466E-09 8.4379E-09 7.9695E-09
1.5691E-09 1.6238E-09 1.6798E-09 1.7368E-09 1.7953E-09 1.8545E-09 1.9149E-09 1.9762E-09 2.0389E-09 2.1024E-09 2.1669E-09 2.2329E-09 2.2991E-09 2.3669E-09 2.4354E-09 2.5043E-09 2.5749E-09 2.6456E-09 2.7173E-09 2.7920E-09 2.8748E-09 3.0572E-09 3.3421E-09 3.8002E-09 4.5393E-09 5.8354E-09 8.1853E-09 1.2225E-08 1.8411E-08 2.6870E-08 3.6909E-08 4.7252E-08 5.6463E-08 6.3634E-08 6.8318E-08 7.0365E-08 7.0087E-08 6.7694E-08 6.3658E-08 5.8462E-08 5.2540E-08 4.6397E-08 4.0377E-08 3.4829E-08 2.9929E-08 2.5765E-08 2.2330E-08 1.9539E-08 1.7222E-08 1.5439E-08 1.3973E-08 1.2713E-08 1.1707E-08 1.0784E-08 1.0047E-08 9.3446E-09 8.7899E-09
1.5728E-09 1.6277E-09 1.6842E-09 1.7414E-09 1.7999E-09 1.8596E-09 1.9201E-09 1.9820E-09 2.0447E-09 2.1089E-09 2.1733E-09 2.2397E-09 2.3066E-09 2.3744E-09 2.4437E-09 2.5134E-09 2.5840E-09 2.6556E-09 2.7273E-09 2.8024E-09 2.8881E-09 3.0747E-09 3.4070E-09 3.8821E-09 4.6411E-09 5.9172E-09 8.1339E-09 1.1691E-08 1.7049E-08 2.4178E-08 3.2593E-08 4.1455E-08 4.9800E-08 5.6707E-08 6.1760E-08 6.4641E-08 6.5385E-08 6.4204E-08 6.1342E-08 5.7258E-08 5.2273E-08 4.6877E-08 4.1424E-08 3.6255E-08 3.1590E-08 2.7538E-08 2.4124E-08 2.1297E-08 1.8908E-08 1.7037E-08 1.5472E-08 1.4112E-08 1.3005E-08 1.1985E-08 1.1152E-08 1.0360E-08 9.7168E-09
1.5758E-09 1.6310E-09 1.6874E-09 1.7451E-09 1.8036E-09 1.8635E-09 1.9243E-09 1.9867E-09 2.0498E-09 2.1139E-09 2.1792E-09 2.2453E-09 2.3129E-09 2.3811E-09 2.4504E-09 2.5209E-09 2.5914E-09 2.6635E-09 2.7359E-09 2.8110E-09 2.8979E-09 3.0831E-09 3.4136E-09 3.8870E-09 4.6408E-09 5.8536E-09 7.8987E-09 1.1073E-08 1.5611E-08 2.1546E-08 2.8566E-08 3.6029E-08 4.3335E-08 4.9736E-08 5.4709E-08 5.8047E-08 5.9530E-08 5.9337E-08 5.7577E-08 5.4556E-08 5.0627E-08 4.6129E-08 4.1430E-08 3.6869E-08 3.2615E-08 2.8866E-08 2.5616E-08 2.2869E-08 2.0501E-08 1.8603E-08 1.6992E-08 1.5573E-08 1.4395E-08 1.3300E-08 1.2389E-08 1.1518E-08 1.0793E-08
1.5779E-09 1.6334E-09 1.6899E-09 1.7477E-09 1.8067E-09 1.8668E-09 1.9277E-09 1.9902E-09 2.0535E-09 2.1179E-09 2.1838E-09 2.2500E-09 2.3180E-09 2.3866E-09 2.4558E-09 2.5267E-09 2.5978E-09 2.6700E-09 2.7432E-09 2.8182E-09 2.9051E-09 3.0831E-09 3.3626E-09 3.8480E-09 4.5621E-09 5.6905E-09 7.5263E-09 1.0294E-08 1.4152E-08 1.9066E-08 2.4868E-08 3.1131E-08 3.7365E-08 4.3063E-08 4.7775E-08 5.1218E-08 5.3232E-08 5.3751E-08 5.2941E-08 5.0934E-08 4.8037E-08 4.4500E-08 4.0651E-08 3.6814E-08 3.3128E-08 2.9784E-08 2.6816E-08 2.4245E-08 2.1984E-08 2.0123E-08 1.8523E-08 1.7078E-08 1.5853E-08 1.4700E-08 1.3720E-08 1.2771E-08 1.1969E-08
1.5792E-09 1.6348E-09 1.6914E-09 1.7496E-09 1.8088E-09 1.8688E-09 1.9304E-09 1.9926E-09 2.0566E-09 2.1207E-09 2.1869E-09 2.2538E-09 2.3216E-09 2.3909E-09 2.4608E-09 2.5315E-09 2.6035E-09 2.6755E-09 2.7486E-09 2.8243E-09 2.9096E-09 3.0752E-09 3.3325E-09 3.7417E-09 4.4214E-09 5.4416E-09 7.0257E-09 9.4077E-09 1.2628E-08 1.6712E-08 2.1509E-08 2.6737E-08 3.2031E-08 3.6999E-08 4.1310E-08 4.4703E-08 4.6973E-08 4.8043E-08 4.7983E-08 4.6873E-08 4.4894E-08 4.2305E-08 3.9344E-08 3.6241E-08 3.3187E-08 3.0327E-08 2.7719E-08 2.5404E-08 2.3316E-08 2.1550E-08 1.9940E-08 1.8575E-08 1.7333E-08 1.6142E-08 1.5106E-08 1.4095E-08 1.3220E-08
1.5797E-09 1.6356E-09 1.6926E-09 1.7505E-09 1.8097E-09 1.8699E-09 1.9318E-09 1.9942E-09 2.0582E-09 2.1231E-09 2.1889E-09 2.2563E-09 2.3244E-09 2.3936E-09 2.4641E-09 2.5347E-09 2.6069E-09 2.6796E-09 2.7527E-09 2.8283E-09 2.9118E-09 3.0152E-09 3.2920E-09 3.6503E-09 4.2141E-09 5.1141E-09 6.4805E-09 8.4439E-09 1.1136E-08 1.4491E-08 1.8463E-08 2.2804E-08 2.7297E-08 3.1608E-08 3.5498E-08 3.8721E-08 4.1101E-08 4.2545E-08 4.3055E-08 4.2672E-08 4.1526E-08 3.9780E-08 3.7645E-08 3.5273E-08 3.2870E-08 3.0523E-08 2.8334E-08 2.6336E-08 2.4477E-08 2.2869E-08 2.1362E-08 2.0041E-08 1.8815E-08 1.7614E-08 1.6546E-08 1.5489E-08 1.4552E-08
1.5797E-09 1.6353E-09 1.6924E-09 1.7506E-09 1.8100E-09 1.8700E-09 1.9321E-09 1.9949E-09 2.0587E-09 2.1242E-09 2.1900E-09 2.2576E-09 2.3260E-09 2.3950E-09 2.4657E-09 2.5368E-09 2.6090E-09 2.6823E-09 2.7553E-09 2.8306E-09 2.9123E-09 3.0116E-09 3.2062E-09 3.5540E-09 4.0272E-09 4.7456E-09 5.9069E-09 7.5243E-09 9.7057E-09 1.2481E-08 1.5737E-08 1.9382E-08 2.3157E-08 2.6907E-08 3.0384E-08 3.3408E-08 3.5805E-08 3.7486E-08 3.8414E-08 3.8598E-08 3.8131E-08 3.7113E-08 3.5702E-08 3.4030E-08 3.2249E-08 3.0439E-08 2.8698E-08 2.6973E-08 2.5468E-08 2.4066E-08 2.2692E-08 2.1454E-08 2.0278E-08 1.9095E-08 1.8020E-08 1.6935E-08 1.5950E-08
