Assets/Resources/2015_m01_d21_1400(utc+0800)_l00_csi_1hr_conc.grd
DSAA
         159         159
     -79.000      79.000
     -79.000      79.000
  0.4256E-10  0.5869E-05
[rows 50 to 74 of 159, columns 0 to 56 of 159]
4.2818E-10 4.4501E-10 4.6265E-10 4.8074E-10 4.9970E-10 5.1917E-10 5.3961E-10 5.6059E-10 5.8230E-10 6.0457E-10 6.2771E-10 6.5155E-10 6.7607E-10 7.0151E-10 7.2779E-10 7.5481E-10 7.8279E-10 8.1165E-10 8.4131E-10 8.7197E-10 9.0346E-10 9.3597E-10 9.6944E-10 1.0039E-09 1.0391E-09 1.0754E-09 1.1127E-09 1.1510E-09 1.1902E-09 1.2305E-09 1.2718E-09 1.3142E-09 1.3574E-09 1.4019E-09 1.4472E-09 1.4937E-09 1.5412E-09 1.5897E-09 1.6392E-09 1.6897E-09 1.7414E-09 1.7939E-09 1.8475E-09 1.9019E-09 1.9573E-09 2.0134E-09 2.0706E-09 2.1285E-09 2.1871E-09 2.2465E-09 2.3065E-09 2.3670E-09 2.4281E-09 2.4895E-09 2.5513E-09 2.6137E-09 2.6765E-09
4.2506E-10 4.4174E-10 4.5905E-10 4.7718E-10 4.9598E-10 5.1546E-10 5.3562E-10 5.5642E-10 5.7775E-10 5.9993E-10 6.2287E-10 6.4657E-10 6.7089E-10 6.9610E-10 7.2214E-10 7.4891E-10 7.7664E-10 8.0524E-10 8.3463E-10 8.6500E-10 8.9630E-10 9.2842E-10 9.6147E-10 9.9557E-10 1.0306E-09 1.0665E-09 1.1034E-09 1.1414E-09 1.1804E-09 1.2202E-09 1.2611E-09 1.3030E-09 1.3460E-09 1.3899E-09 1.4348E-09 1.4808E-09 1.5278E-09 1.5758E-09 1.6249E-09 1.6749E-09 1.7259E-09 1.7780E-09 1.8309E-09 1.8849E-09 1.9398E-09 1.9955E-09 2.0521E-09 2.1095E-09 2.1675E-09 2.2264E-09 2.2855E-09 2.3455E-09 2.4060E-09 2.4670E-09 2.5284E-09 2.5901E-09 2.6523E-09
4.2172E-10 4.3838E-10 4.5572E-10 4.7369E-10 4.9232E-10 5.1143E-10 5.3123E-10 5.5184E-10 5.7317E-10 5.9523E-10 6.1795E-10 6.4144E-10 6.6553E-10 6.9051E-10 7.1630E-10 7.4283E-10 7.7029E-10 7.9852E-10 8.2773E-10 8.5782E-10 8.8881E-10 9.2063E-10 9.5346E-10 9.8712E-10 1.0218E-09 1.0574E-09 1.0940E-09 1.1315E-09 1.1700E-09 1.2096E-09 1.2500E-09 1.2915E-09 1.3340E-09 1.3776E-09 1.4220E-09 1.4676E-09 1.5140E-09 1.5616E-09 1.6102E-09 1.6597E-09 1.7102E-09 1.7617E-09 1.8141E-09 1.8675E-09 1.9219E-09 1.9769E-09 2.0328E-09 2.0896E-09 2.1471E-09 2.2053E-09 2.2642E-09 2.3236E-09 2.3835E-09 2.4441E-09 2.5048E-09 2.5658E-09 2.6274E-09
4.1859E-10 4.3492E-10 4.5210E-10 4.6972E-10 4.8817E-10 5.0711E-10 5.2691E-10 5.4751E-10 5.6863E-10 5.9038E-10 6.1289E-10 6.3598E-10 6.6002E-10 6.8476E-10 7.1030E-10 7.3657E-10 7.6377E-10 7.9171E-10 8.2063E-10 8.5042E-10 8.8101E-10 9.1260E-10 9.4511E-10 9.7844E-10 1.0127E-09 1.0480E-09 1.0843E-09 1.1214E-09 1.1595E-09 1.1986E-09 1.2388E-09 1.2797E-09 1.3218E-09 1.3649E-09 1.4089E-09 1.4539E-09 1.4999E-09 1.5470E-09 1.5949E-09 1.6440E-09 1.6940E-09 1.7449E-09 1.7967E-09 1.8495E-09 1.9033E-09 1.9578E-09 2.0132E-09 2.0695E-09 2.1264E-09 2.1840E-09 2.2421E-09 2.3009E-09 2.3603E-09 2.4200E-09 2.4804E-09 2.5410E-09 2.6019E-09
4.1519E-10 4.3154E-10 4.4819E-10 4.6583E-10 4.8410E-10 5.0305E-10 5.2266E-10 5.4295E-10 5.6349E-10 5.8513E-10 6.0761E-10 6.3055E-10 6.5435E-10 6.7884E-10 7.0404E-10 7.3013E-10 7.5705E-10 7.8472E-10 8.1334E-10 8.4283E-10 8.7310E-10 9.0436E-10 9.3644E-10 9.6952E-10 1.0035E-09 1.0384E-09 1.0741E-09 1.1110E-09 1.1488E-09 1.1873E-09 1.2270E-09 1.2677E-09 1.3092E-09 1.3518E-09 1.3954E-09 1.4400E-09 1.4854E-09 1.5319E-09 1.5794E-09 1.6279E-09 1.6773E-09 1.7277E-09 1.7789E-09 1.8311E-09 1.8843E-09 1.9384E-09 1.9931E-09 2.0485E-09 2.1049E-09 2.1619E-09 2.2196E-09 2.2779E-09 2.3366E-09 2.3958E-09 2.4553E-09 2.5154E-09 2.5756E-09
4.1157E-10 4.2777E-10 4.4456E-10 4.6203E-10 4.7994E-10 4.9848E-10 5.1790E-10 5.3782E-10 5.5871E-10 5.8013E-10 6.0227E-10 6.2497E-10 6.4853E-10 6.7278E-10 6.9770E-10 7.2353E-10 7.5017E-10 7.7755E-10 8.0586E-10 8.3494E-10 8.6499E-10 8.9592E-10 9.2764E-10 9.6037E-10 9.9402E-10 1.0285E-09 1.0639E-09 1.1003E-09 1.1377E-09 1.1758E-09 1.2151E-09 1.2553E-09 1.2964E-09 1.3385E-09 1.3816E-09 1.4256E-09 1.4706E-09 1.5165E-09 1.5635E-09 1.6114E-09 1.6603E-09 1.7101E-09 1.7608E-09 1.8124E-09 1.8648E-09 1.9183E-09 1.9724E-09 2.0274E-09 2.0832E-09 2.1396E-09 2.1966E-09 2.2540E-09 2.3122E-09 2.3708E-09 2.4297E-09 2.4892E-09 2.5489E-09
4.0818E-10 4.2403E-10 4.4065E-10 4.5775E-10 4.7548E-10 4.9402E-10 5.1324E-10 5.3313E-10 5.5370E-10 5.7489E-10 5.9643E-10 6.1918E-10 6.4249E-10 6.6646E-10 6.9122E-10 7.1677E-10 7.4302E-10 7.7020E-10 7.9820E-10 8.2697E-10 8.5669E-10 8.8727E-10 9.1865E-10 9.5102E-10 9.8418E-10 1.0184E-09 1.0535E-09 1.0893E-09 1.1262E-09 1.1641E-09 1.2028E-09 1.2425E-09 1.2833E-09 1.3248E-09 1.3674E-09 1.4109E-09 1.4555E-09 1.5009E-09 1.5473E-09 1.5946E-09 1.6429E-09 1.6920E-09 1.7422E-09 1.7932E-09 1.8450E-09 1.8978E-09 1.9515E-09 2.0057E-09 2.0606E-09 2.1165E-09 2.1729E-09 2.2298E-09 2.2874E-09 2.3454E-09 2.4037E-09 2.4624E-09 2.5214E-09
4.0451E-10 4.2008E-10 4.3653E-10 4.5357E-10 4.7130E-10 4.8965E-10 5.0866E-10 5.2795E-10 5.4830E-10 5.6927E-10 5.9094E-10 6.1334E-10 6.3639E-10 6.6010E-10 6.8459E-10 7.0986E-10 7.3582E-10 7.6269E-10 7.9029E-10 8.1881E-10 8.4820E-10 8.7834E-10 9.0946E-10 9.4135E-10 9.7424E-10 1.0080E-09 1.0426E-09 1.0781E-09 1.1147E-09 1.1521E-09 1.1903E-09 1.2296E-09 1.2698E-09 1.3109E-09 1.3529E-09 1.3960E-09 1.4399E-09 1.4849E-09 1.5306E-09 1.5774E-09 1.6251E-09 1.6737E-09 1.7232E-09 1.7736E-09 1.8248E-09 1.8769E-09 1.9299E-09 1.9836E-09 2.0380E-09 2.0932E-09 2.1489E-09 2.2052E-09 2.2618E-09 2.3193E-09 2.3770E-09 2.4351E-09 2.4936E-09
4.0072E-10 4.1636E-10 4.3263E-10 4.4931E-10 4.6665E-10 4.8480E-10 5.0340E-10 5.2286E-10 5.4299E-10 5.6390E-10 5.8523E-10 6.0719E-10 6.2999E-10 6.5353E-10 6.7782E-10 7.0270E-10 7.2846E-10 7.5502E-10 7.8230E-10 8.1049E-10 8.3944E-10 8.6933E-10 9.0007E-10 9.3159E-10 9.6409E-10 9.9738E-10 1.0317E-09 1.0668E-09 1.1027E-09 1.1397E-09 1.1777E-09 1.2163E-09 1.2561E-09 1.2967E-09 1.3383E-09 1.3807E-09 1.4241E-09 1.4685E-09 1.5137E-09 1.5599E-09 1.6070E-09 1.6550E-09 1.7039E-09 1.7537E-09 1.8043E-09 1.8557E-09 1.9080E-09 1.9610E-09 2.0147E-09 2.0691E-09 2.1243E-09 2.1799E-09 2.2361E-09 2.2929E-09 2.3499E-09 2.4071E-09 2.4648E-09
3.9690E-10 4.1237E-10 4.2847E-10 4.4484E-10 4.6210E-10 4.8005E-10 4.9862E-10 5.1786E-10 5.3756E-10 5.5795E-10 5.7914E-10 6.0103E-10 6.2364E-10 6.4691E-10 6.7082E-10 6.9551E-10 7.2096E-10 7.4711E-10 7.7416E-10 8.0192E-10 8.3061E-10 8.6014E-10 8.9041E-10 9.2165E-10 9.5376E-10 9.8664E-10 1.0205E-09 1.0552E-09 1.0907E-09 1.1273E-09 1.1647E-09 1.2029E-09 1.2421E-09 1.2823E-09 1.3233E-09 1.3652E-09 1.4081E-09 1.4518E-09 1.4966E-09 1.5421E-09 1.5886E-09 1.6360E-09 1.6843E-09 1.7333E-09 1.7832E-09 1.8341E-09 1.8857E-09 1.9380E-09 1.9912E-09 2.0449E-09 2.0993E-09 2.1544E-09 2.2097E-09 2.2657E-09 2.3222E-09 2.3789E-09 2.4360E-09
3.9307E-10 4.0826E-10 4.2410E-10 4.4059E-10 4.5747E-10 4.7522E-10 4.9339E-10 5.1238E-10 5.3186E-10 5.5220E-10 5.7331E-10 5.9484E-10 6.1718E-10 6.3998E-10 6.6370E-10 6.8817E-10 7.1323E-10 7.3915E-10 7.6587E-10 7.9329E-10 8.2162E-10 8.5069E-10 8.8069E-10 9.1153E-10 9.4314E-10 9.7571E-10 1.0090E-09 1.0434E-09 1.0786E-09 1.1144E-09 1.1514E-09 1.1893E-09 1.2279E-09 1.2675E-09 1.3081E-09 1.3495E-09 1.3917E-09 1.4350E-09 1.4790E-09 1.5241E-09 1.5699E-09 1.6167E-09 1.6642E-09 1.7127E-09 1.7620E-09 1.8122E-09 1.8631E-09 1.9147E-09 1.9672E-09 2.0202E-09 2.0739E-09 2.1282E-09 2.1831E-09 2.2384E-09 2.2942E-09 2.3500E-09 2.4064E-09
3.8918E-10 4.0412E-10 4.1978E-10 4.3608E-10 4.5264E-10 4.7010E-10 4.8825E-10 5.0701E-10 5.2644E-10 5.4652E-10 5.6690E-10 5.8828E-10 6.1034E-10 6.3312E-10 6.5655E-10 6.8062E-10 7.0547E-10 7.3107E-10 7.5734E-10 7.8452E-10 8.1240E-10 8.4118E-10 8.7080E-10 9.0115E-10 9.3246E-10 9.6461E-10 9.9751E-10 1.0314E-09 1.0660E-09 1.1015E-09 1.1380E-09 1.1754E-09 1.2135E-09 1.2526E-09 1.2927E-09 1.3334E-09 1.3752E-09 1.4178E-09 1.4613E-09 1.5056E-09 1.5509E-09 1.5970E-09 1.6440E-09 1.6918E-09 1.7403E-09 1.7899E-09 1.8401E-09 1.8910E-09 1.9428E-09 1.9952E-09 2.0481E-09 2.1018E-09 2.1558E-09 2.2104E-09 2.2654E-09 2.3210E-09 2.3767E-09
3.8515E-10 3.9998E-10 4.1534E-10 4.3137E-10 4.4804E-10 4.6510E-10 4.8303E-10 5.0137E-10 5.2054E-10 5.4020E-10 5.6070E-10 5.8198E-10 6.0367E-10 6.2616E-10 6.4911E-10 6.7297E-10 6.9757E-10 7.2275E-10 7.4879E-10 7.7561E-10 8.0312E-10 8.3153E-10 8.6067E-10 8.9072E-10 9.2160E-10 9.5323E-10 9.8581E-10 1.0191E-09 1.0534E-09 1.0885E-09 1.1244E-09 1.1612E-09 1.1990E-09 1.2374E-09 1.2769E-09 1.3172E-09 1.3583E-09 1.4004E-09 1.4433E-09 1.4871E-09 1.5316E-09 1.5772E-09 1.6234E-09 1.6706E-09 1.7185E-09 1.7673E-09 1.8168E-09 1.8671E-09 1.9181E-09 1.9698E-09 2.0221E-09 2.0749E-09 2.1285E-09 2.1823E-09 2.2364E-09 2.2911E-09 2.3462E-09
3.8090E-10 3.9578E-10 4.1088E-10 4.2671E-10 4.4318E-10 4.6010E-10 4.7753E-10 4.9584E-10 5.1477E-10 5.3435E-10 5.5459E-10 5.7512E-10 5.9663E-10 6.1883E-10 6.4174E-10 6.6529E-10 6.8948E-10 7.1442E-10 7.4011E-10 7.6647E-10 7.9372E-10 8.2166E-10 8.5049E-10 8.8014E-10 9.1051E-10 9.4181E-10 9.7384E-10 1.0068E-09 1.0405E-09 1.0752E-09 1.1106E-09 1.1470E-09 1.1841E-09 1.2221E-09 1.2610E-09 1.3007E-09 1.3413E-09 1.3828E-09 1.4252E-09 1.4682E-09 1.5122E-09 1.5571E-09 1.6027E-09 1.6491E-09 1.6964E-09 1.7444E-09 1.7933E-09 1.8429E-09 1.8931E-09 1.9441E-09 1.9957E-09 2.0477E-09 2.1004E-09 2.1537E-09 2.2073E-09 2.2612E-09 2.3157E-09
3.7694E-10 3.9144E-10 4.0642E-10 4.2195E-10 4.3813E-10 4.5495E-10 4.7217E-10 4.9024E-10 5.0873E-10 5.2804E-10 5.4783E-10 5.6847E-10 5.8987E-10 6.1168E-10 6.3409E-10 6.5733E-10 6.8129E-10 7.0597E-10 7.3122E-10 7.5732E-10 7.8410E-10 8.1175E-10 8.4009E-10 8.6933E-10 8.9938E-10 9.3013E-10 9.6182E-10 9.9424E-10 1.0276E-09 1.0618E-09 1.0967E-09 1.1324E-09 1.1691E-09 1.2066E-09 1.2449E-09 1.2840E-09 1.3241E-09 1.3649E-09 1.4067E-09 1.4491E-09 1.4925E-09 1.5367E-09 1.5816E-09 1.6275E-09 1.6740E-09 1.7214E-09 1.7695E-09 1.8183E-09 1.8679E-09 1.9181E-09 1.9689E-09 2.0204E-09 2.0724E-09 2.1248E-09 2.1776E-09 2.2308E-09 2.2844E-09
3.7257E-10 3.8689E-10 4.0191E-10 4.1716E-10 4.3314E-10 4.4974E-10 4.6661E-10 4.8437E-10 5.0280E-10 5.2186E-10 5.4156E-10 5.6172E-10 5.8255E-10 6.0416E-10 6.2646E-10 6.4945E-10 6.7308E-10 6.9733E-10 7.2233E-10 7.4797E-10 7.7446E-10 8.0163E-10 8.2967E-10 8.5849E-10 8.8801E-10 9.1844E-10 9.4957E-10 9.8162E-10 1.0144E-09 1.0481E-09 1.0825E-09 1.1178E-09 1.1539E-09 1.1908E-09 1.2287E-09 1.2673E-09 1.3066E-09 1.3469E-09 1.3881E-09 1.4298E-09 1.4726E-09 1.5162E-09 1.5605E-09 1.6055E-09 1.6514E-09 1.6980E-09 1.7455E-09 1.7936E-09 1.8425E-09 1.8919E-09 1.9420E-09 1.9926E-09 2.0439E-09 2.0955E-09 2.1478E-09 2.2003E-09 2.2529E-09
3.6850E-10 3.8264E-10 3.9727E-10 4.1239E-10 4.2804E-10 4.4434E-10 4.6129E-10 4.7863E-10 4.9682E-10 5.1542E-10 5.3465E-10 5.5473E-10 5.7545E-10 5.9693E-10 6.1882E-10 6.4112E-10 6.6460E-10 6.8861E-10 7.1323E-10 7.3861E-10 7.6463E-10 7.9150E-10 8.1913E-10 8.4744E-10 8.7664E-10 9.0652E-10 9.3729E-10 9.6878E-10 1.0012E-09 1.0344E-09 1.0683E-09 1.1030E-09 1.1386E-09 1.1750E-09 1.2123E-09 1.2502E-09 1.2891E-09 1.3288E-09 1.3692E-09 1.4105E-09 1.4526E-09 1.4954E-09 1.5390E-09 1.5835E-09 1.6286E-09 1.6746E-09 1.7212E-09 1.7685E-09 1.8167E-09 1.8654E-09 1.9147E-09 1.9647E-09 2.0152E-09 2.0660E-09 2.1174E-09 2.1693E-09 2.2214E-09
3.6391E-10 3.7798E-10 3.9242E-10 4.0756E-10 4.2293E-10 4.3902E-10 4.5573E-10 4.7270E-10 4.9057E-10 5.0910E-10 5.2824E-10 5.4803E-10 5.6808E-10 5.8898E-10 6.1084E-10 6.3319E-10 6.5622E-10 6.7978E-10 7.0397E-10 7.2916E-10 7.5479E-10 7.8117E-10 8.0840E-10 8.3639E-10 8.6505E-10 8.9458E-10 9.2481E-10 9.5591E-10 9.8772E-10 1.0204E-09 1.0538E-09 1.0881E-09 1.1232E-09 1.1589E-09 1.1957E-09 1.2332E-09 1.2713E-09 1.3104E-09 1.3502E-09 1.3908E-09 1.4323E-09 1.4744E-09 1.5175E-09 1.5611E-09 1.6057E-09 1.6508E-09 1.6967E-09 1.7434E-09 1.7907E-09 1.8387E-09 1.8873E-09 1.9365E-09 1.9862E-09 2.0365E-09 2.0870E-09 2.1380E-09 2.1893E-09
3.5975E-10 3.7351E-10 3.8787E-10 4.0250E-10 4.1772E-10 4.3359E-10 4.4999E-10 4.6703E-10 4.8446E-10 5.0253E-10 5.2122E-10 5.4071E-10 5.6084E-10 5.8162E-10 6.0305E-10 6.2470E-10 6.4740E-10 6.7089E-10 6.9480E-10 7.1952E-10 7.4478E-10 7.7086E-10 7.9767E-10 8.2514E-10 8.5337E-10 8.8245E-10 9.1231E-10 9.4285E-10 9.7427E-10 1.0065E-09 1.0394E-09 1.0730E-09 1.1076E-09 1.1429E-09 1.1790E-09 1.2157E-09 1.2535E-09 1.2920E-09 1.3311E-09 1.3711E-09 1.4119E-09 1.4534E-09 1.4957E-09 1.5388E-09 1.5825E-09 1.6269E-09 1.6722E-09 1.7181E-09 1.7647E-09 1.8119E-09 1.8598E-09 1.9080E-09 1.9570E-09 2.0065E-09 2.0563E-09 2.1066E-09 2.1573E-09
3.5532E-10 3.6876E-10 3.8292E-10 3.9747E-10 4.1251E-10 4.2815E-10 4.4432E-10 4.6081E-10 4.7817E-10 4.9610E-10 5.1470E-10 5.3372E-10 5.5334E-10 5.7382E-10 5.9475E-10 6.1662E-10 6.3898E-10 6.6192E-10 6.8538E-10 7.0972E-10 7.3477E-10 7.6036E-10 7.8676E-10 8.1391E-10 8.4169E-10 8.7023E-10 8.9963E-10 9.2979E-10 9.6061E-10 9.9231E-10 1.0247E-09 1.0579E-09 1.0919E-09 1.1267E-09 1.1621E-09 1.1984E-09 1.2355E-09 1.2733E-09 1.3119E-09 1.3513E-09 1.3914E-09 1.4322E-09 1.4739E-09 1.5161E-09 1.5592E-09 1.6030E-09 1.6474E-09 1.6926E-09 1.7384E-09 1.7848E-09 1.8320E-09 1.8796E-09 1.9277E-09 1.9764E-09 2.0255E-09 2.0749E-09 2.1247E-09
3.5085E-10 3.6422E-10 3.7818E-10 3.9251E-10 4.0710E-10 4.2263E-10 4.3857E-10 4.5504E-10 4.7196E-10 4.8962E-10 5.0775E-10 5.2648E-10 5.4600E-10 5.6616E-10 5.8695E-10 6.0801E-10 6.3003E-10 6.5271E-10 6.7607E-10 7.0004E-10 7.2460E-10 7.4989E-10 7.7578E-10 8.0249E-10 8.2985E-10 8.5803E-10 8.8695E-10 9.1654E-10 9.4688E-10 9.7807E-10 1.0100E-09 1.0426E-09 1.0760E-09 1.1103E-09 1.1453E-09 1.1808E-09 1.2174E-09 1.2546E-09 1.2925E-09 1.3313E-09 1.3707E-09 1.4108E-09 1.4518E-09 1.4934E-09 1.5357E-09 1.5788E-09 1.6225E-09 1.6670E-09 1.7120E-09 1.7577E-09 1.8039E-09 1.8508E-09 1.8983E-09 1.9460E-09 1.9944E-09 2.0432E-09 2.0922E-09
3.4635E-10 3.5951E-10 3.7315E-10 3.8739E-10 4.0200E-10 4.1711E-10 4.3281E-10 4.4881E-10 4.6558E-10 4.8298E-10 5.0095E-10 5.1939E-10 5.3842E-10 5.5807E-10 5.7854E-10 5.9965E-10 6.2149E-10 6.4372E-10 6.6634E-10 6.9012E-10 7.1439E-10 7.3925E-10 7.6474E-10 7.9102E-10 8.1802E-10 8.4566E-10 8.7412E-10 9.0332E-10 9.3316E-10 9.6374E-10 9.9518E-10 1.0274E-09 1.0602E-09 1.0938E-09 1.1282E-09 1.1633E-09 1.1992E-09 1.2357E-09 1.2731E-09 1.3112E-09 1.3499E-09 1.3895E-09 1.4298E-09 1.4706E-09 1.5123E-09 1.5546E-09 1.5976E-09 1.6412E-09 1.6856E-09 1.7305E-09 1.7759E-09 1.8221E-09 1.8687E-09 1.9157E-09 1.9632E-09 2.0111E-09 2.0595E-09
3.4182E-10 3.5480E-10 3.6834E-10 3.8224E-10 3.9651E-10 4.1140E-10 4.2697E-10 4.4296E-10 4.5928E-10 4.7642E-10 4.9380E-10 5.1206E-10 5.3099E-10 5.5050E-10 5.7065E-10 5.9103E-10 6.1226E-10 6.3441E-10 6.5704E-10 6.8022E-10 7.0392E-10 7.2848E-10 7.5373E-10 7.7958E-10 8.0605E-10 8.3333E-10 8.6122E-10 8.8993E-10 9.1928E-10 9.4946E-10 9.8027E-10 1.0119E-09 1.0442E-09 1.0773E-09 1.1111E-09 1.1457E-09 1.1809E-09 1.2169E-09 1.2536E-09 1.2910E-09 1.3291E-09 1.3681E-09 1.4075E-09 1.4478E-09 1.4888E-09 1.5303E-09 1.5725E-09 1.6155E-09 1.6590E-09 1.7031E-09 1.7479E-09 1.7931E-09 1.8389E-09 1.8853E-09 1.9319E-09 1.9790E-09 2.0266E-09
3.3715E-10 3.4992E-10 3.6326E-10 3.7706E-10 3.9123E-10 4.0600E-10 4.2104E-10 4.3665E-10 4.5291E-10 4.6970E-10 4.8711E-10 5.0490E-10 5.2333E-10 5.4235E-10 5.6216E-10 5.8259E-10 6.0365E-10 6.2514E-10 6.4721E-10 6.7012E-10 6.9369E-10 7.1784E-10 7.4257E-10 7.6801E-10 7.9413E-10 8.2084E-10 8.4827E-10 8.7651E-10 9.0545E-10 9.3502E-10 9.6531E-10 9.9642E-10 1.0283E-09 1.0607E-09 1.0939E-09 1.1279E-09 1.1626E-09 1.1979E-09 1.2340E-09 1.2709E-09 1.3082E-09 1.3465E-09 1.3853E-09 1.4248E-09 1.4650E-09 1.5059E-09 1.5474E-09 1.5896E-09 1.6323E-09 1.6756E-09 1.7197E-09 1.7641E-09 1.8091E-09 1.8547E-09 1.9006E-09 1.9470E-09 1.9936E-09
3.3269E-10 3.4515E-10 3.5839E-10 3.7186E-10 3.8568E-10 4.0022E-10 4.1514E-10 4.3073E-10 4.4655E-10 4.6296E-10 4.7990E-10 4.9758E-10 5.1583E-10 5.3454E-10 5.5402E-10 5.7391E-10 5.9444E-10 6.1577E-10 6.3783E-10 6.6025E-10 6.8305E-10 7.0699E-10 7.3140E-10 7.5638E-10 7.8197E-10 8.0833E-10 8.3537E-10 8.6303E-10 8.9138E-10 9.2064E-10 9.5040E-10 9.8088E-10 1.0122E-09 1.0441E-09 1.0768E-09 1.1101E-09 1.1441E-09 1.1789E-09 1.2144E-09 1.2505E-09 1.2873E-09 1.3248E-09 1.3630E-09 1.4019E-09 1.4412E-09 1.4815E-09 1.5222E-09 1.5637E-09 1.6056E-09 1.6483E-09 1.6914E-09 1.7351E-09 1.7794E-09 1.8239E-09 1.8692E-09 1.9147E-09 1.9606E-09
