Assets/Resources/2015_m01_d17_0700(utc+0800)_l00_csi_1hr_conc.grd
DSAA
         159         159
     -79.000      79.000
     -79.000      79.000
  0.0000E+00  0.1062E-04
[rows 0 to 24 of 159, columns 0 to 56 of 159]
0.0000E+00 0.0000E+00 0.0000E+00 0.0000E+00 0.0000E+00 0.0000E+00 0.0000E+00 0.0000E+00 0.0000E+00 0.0000E+00 0.0000E+00 0.0000E+00 0.0000E+00 0.0000E+00 0.0000E+00 0.0000E+00 0.0000E+00 0.0000E+00 0.0000E+00 0.0000E+00 0.0000E+00 0.0000E+00 0.0000E+00 0.0000E+00 0.0000E+00 0.0000E+00 0.0000E+00 0.0000E+00 7.4398E-13 1.6558E-12 4.2878E-12 9.7044E-12 1.5129E-11 2.2121E-11 2.9902E-11 3.8449E-11 4.7034E-11 5.4902E-11 6.4010E-11 7.3696E-11 8.4987E-11 9.7195E-11 1.1113E-10 1.2659E-10 1.4344E-10 1.6208E-10 1.8221E-10 2.0431E-10 2.3320E-10 2.6509E-10 2.9912E-10 3.3505E-10 3.7404E-10 4.1658E-10 4.6259E-10 5.1283E-10 5.6717E-10
0.0000E+00 0.0000E+00 0.0000E+00 0.0000E+00 0.0000E+00 0.0000E+00 0.0000E+00 0.0000E+00 0.0000E+00 0.0000E+00 0.0000E+00 0.0000E+00 0.0000E+00 0.0000E+00 0.0000E+00 0.0000E+00 0.0000E+00 0.0000E+00 0.0000E+00 0.0000E+00 0.0000E+00 0.0000E+00 0.0000E+00 0.0000E+00 0.0000E+00 0.0000E+00 0.0000E+00 0.0000E+00 0.0000E+00 1.6179E-12 4.3044E-12 1.0833E-11 1.6324E-11 2.3368E-11 3.1756E-11 4.0317E-11 4.8601E-11 5.6984E-11 6.6327E-11 7.6363E-11 8.8246E-11 1.0101E-10 1.1555E-10 1.3134E-10 1.4884E-10 1.6811E-10 1.8903E-10 2.1198E-10 2.4180E-10 2.7568E-10 3.1019E-10 3.4765E-10 3.8818E-10 4.3192E-10 4.7968E-10 5.3186E-10 5.8781E-10
0.0000E+00 0.0000E+00 0.0000E+00 0.0000E+00 0.0000E+00 0.0000E+00 0.0000E+00 0.0000E+00 0.0000E+00 0.0000E+00 0.0000E+00 0.0000E+00 0.0000E+00 0.0000E+00 0.0000E+00 0.0000E+00 0.0000E+00 0.0000E+00 0.0000E+00 0.0000E+00 0.0000E+00 0.0000E+00 0.0000E+00 0.0000E+00 0.0000E+00 0.0000E+00 0.0000E+00 0.0000E+00 0.0000E+00 1.2037E-12 4.2862E-12 1.1321E-11 1.7394E-11 2.4591E-11 3.3246E-11 4.1996E-11 5.0045E-11 5.8870E-11 6.8394E-11 7.9020E-11 9.1187E-11 1.0460E-10 1.1963E-10 1.3600E-10 1.5417E-10 1.7384E-10 1.9551E-10 2.1929E-10 2.5096E-10 2.8522E-10 3.2095E-10 3.5994E-10 4.0149E-10 4.4677E-10 4.9650E-10 5.5004E-10 6.0801E-10
0.0000E+00 0.0000E+00 0.0000E+00 0.0000E+00 0.0000E+00 0.0000E+00 0.0000E+00 0.0000E+00 0.0000E+00 0.0000E+00 0.0000E+00 0.0000E+00 0.0000E+00 0.0000E+00 0.0000E+00 0.0000E+00 0.0000E+00 0.0000E+00 0.0000E+00 0.0000E+00 0.0000E+00 0.0000E+00 0.0000E+00 0.0000E+00 0.0000E+00 0.0000E+00 0.0000E+00 0.0000E+00 0.0000E+00 4.3147E-13 4.6366E-12 1.1585E-11 1.8232E-11 2.6001E-11 3.4648E-11 4.3550E-11 5.1372E-11 6.0484E-11 7.0308E-11 8.1377E-11 9.4066E-11 1.0803E-10 1.2332E-10 1.4024E-10 1.5892E-10 1.7924E-10 2.0163E-10 2.2620E-10 2.5888E-10 2.9408E-10 3.3110E-10 3.7136E-10 4.1417E-10 4.6117E-10 5.1218E-10 5.6732E-10 6.2733E-10
0.0000E+00 0.0000E+00 0.0000E+00 0.0000E+00 0.0000E+00 0.0000E+00 0.0000E+00 0.0000E+00 0.0000E+00 0.0000E+00 0.0000E+00 0.0000E+00 0.0000E+00 0.0000E+00 0.0000E+00 0.0000E+00 0.0000E+00 0.0000E+00 0.0000E+00 0.0000E+00 0.0000E+00 0.0000E+00 0.0000E+00 0.0000E+00 0.0000E+00 0.0000E+00 0.0000E+00 0.0000E+00 0.0000E+00 4.3307E-13 4.6103E-12 1.1696E-11 1.8805E-11 2.7394E-11 3.5765E-11 4.4718E-11 5.2610E-11 6.1989E-11 7.2093E-11 8.3488E-11 9.6668E-11 1.1099E-10 1.2693E-10 1.4441E-10 1.6336E-10 1.8430E-10 2.0736E-10 2.3286E-10 2.6578E-10 3.0262E-10 3.4093E-10 3.8188E-10 4.2590E-10 4.7439E-10 5.2664E-10 5.8344E-10 6.4526E-10
0.0000E+00 0.0000E+00 0.0000E+00 0.0000E+00 0.0000E+00 0.0000E+00 0.0000E+00 0.0000E+00 0.0000E+00 0.0000E+00 0.0000E+00 0.0000E+00 0.0000E+00 0.0000E+00 0.0000E+00 0.0000E+00 0.0000E+00 0.0000E+00 0.0000E+00 0.0000E+00 0.0000E+00 0.0000E+00 0.0000E+00 0.0000E+00 0.0000E+00 0.0000E+00 0.0000E+00 0.0000E+00 3.7259E-13 8.1607E-13 3.4517E-12 1.1812E-11 1.9175E-11 2.8721E-11 3.7169E-11 4.5696E-11 5.3784E-11 6.3415E-11 7.3781E-11 8.5481E-11 9.9025E-11 1.1374E-10 1.3022E-10 1.4809E-10 1.6754E-10 1.8904E-10 2.1274E-10 2.3917E-10 2.7134E-10 3.1056E-10 3.4981E-10 3.9190E-10 4.3746E-10 4.8684E-10 5.4045E-10 5.9907E-10 6.6204E-10
0.0000E+00 0.0000E+00 0.0000E+00 0.0000E+00 0.0000E+00 0.0000E+00 0.0000E+00 0.0000E+00 0.0000E+00 0.0000E+00 0.0000E+00 0.0000E+00 0.0000E+00 0.0000E+00 0.0000E+00 0.0000E+00 0.0000E+00 0.0000E+00 0.0000E+00 0.0000E+00 0.0000E+00 0.0000E+00 0.0000E+00 0.0000E+00 0.0000E+00 0.0000E+00 0.0000E+00 0.0000E+00 3.7204E-13 8.1605E-13 3.4741E-12 1.1930E-11 1.9441E-11 2.9767E-11 3.8297E-11 4.6629E-11 5.4906E-11 6.4775E-11 7.5385E-11 8.7373E-11 1.0126E-10 1.1635E-10 1.3348E-10 1.5156E-10 1.7148E-10 1.9351E-10 2.1786E-10 2.4510E-10 2.7805E-10 3.1753E-10 3.5794E-10 4.0097E-10 4.4762E-10 4.9807E-10 5.5303E-10 6.1290E-10 6.7726E-10
0.0000E+00 0.0000E+00 0.0000E+00 0.0000E+00 0.0000E+00 0.0000E+00 0.0000E+00 0.0000E+00 0.0000E+00 0.0000E+00 0.0000E+00 0.0000E+00 0.0000E+00 0.0000E+00 0.0000E+00 0.0000E+00 0.0000E+00 0.0000E+00 0.0000E+00 0.0000E+00 0.0000E+00 0.0000E+00 0.0000E+00 0.0000E+00 0.0000E+00 0.0000E+00 0.0000E+00 0.0000E+00 3.7052E-13 8.1392E-13 3.4879E-12 1.2038E-11 1.9682E-11 3.0525E-11 3.9299E-11 4.7495E-11 5.5947E-11 6.6041E-11 7.6882E-11 8.9140E-11 1.0335E-10 1.1878E-10 1.3644E-10 1.5480E-10 1.7516E-10 1.9768E-10 2.2279E-10 2.5066E-10 2.8209E-10 3.2434E-10 3.6563E-10 4.0987E-10 4.5714E-10 5.0857E-10 5.6494E-10 6.2562E-10 6.9277E-10
0.0000E+00 0.0000E+00 0.0000E+00 0.0000E+00 0.0000E+00 0.0000E+00 0.0000E+00 0.0000E+00 0.0000E+00 0.0000E+00 0.0000E+00 0.0000E+00 0.0000E+00 0.0000E+00 0.0000E+00 0.0000E+00 0.0000E+00 0.0000E+00 0.0000E+00 0.0000E+00 0.0000E+00 0.0000E+00 0.0000E+00 0.0000E+00 0.0000E+00 0.0000E+00 0.0000E+00 0.0000E+00 3.6806E-13 8.0969E-13 4.2744E-12 1.2125E-11 1.9885E-11 3.1153E-11 4.0202E-11 4.8271E-11 5.6884E-11 6.7185E-11 7.8236E-11 9.0743E-11 1.0525E-10 1.2100E-10 1.3904E-10 1.5776E-10 1.7853E-10 2.0149E-10 2.2731E-10 2.5581E-10 2.8817E-10 3.2979E-10 3.7245E-10 4.1748E-10 4.6556E-10 5.1808E-10 5.7531E-10 6.3708E-10 7.0581E-10
0.0000E+00 0.0000E+00 0.0000E+00 0.0000E+00 0.0000E+00 0.0000E+00 0.0000E+00 0.0000E+00 0.0000E+00 0.0000E+00 0.0000E+00 0.0000E+00 0.0000E+00 0.0000E+00 0.0000E+00 0.0000E+00 0.0000E+00 0.0000E+00 0.0000E+00 0.0000E+00 0.0000E+00 0.0000E+00 0.0000E+00 0.0000E+00 0.0000E+00 0.0000E+00 0.0000E+00 0.0000E+00 3.6467E-13 1.1810E-12 4.2708E-12 1.2183E-11 2.0041E-11 3.1538E-11 4.0734E-11 4.8939E-11 5.7696E-11 6.8184E-11 7.9424E-11 9.2155E-11 1.0693E-10 1.2297E-10 1.4136E-10 1.6040E-10 1.8153E-10 2.0500E-10 2.3139E-10 2.6041E-10 2.9269E-10 3.3406E-10 3.7887E-10 4.2434E-10 4.7315E-10 5.2671E-10 5.8446E-10 6.4707E-10 7.1865E-10
0.0000E+00 0.0000E+00 0.0000E+00 0.0000E+00 0.0000E+00 0.0000E+00 0.0000E+00 0.0000E+00 0.0000E+00 0.0000E+00 0.0000E+00 0.0000E+00 0.0000E+00 0.0000E+00 0.0000E+00 0.0000E+00 0.0000E+00 0.0000E+00 0.0000E+00 0.0000E+00 0.0000E+00 0.0000E+00 0.0000E+00 0.0000E+00 0.0000E+00 0.0000E+00 0.0000E+00 0.0000E+00 3.6037E-13 1.1700E-12 4.2564E-12 1.2209E-11 2.0144E-11 3.1815E-11 4.1166E-11 4.9487E-11 5.8367E-11 6.9019E-11 8.0422E-11 9.3349E-11 1.0837E-10 1.2466E-10 1.4336E-10 1.6268E-10 1.8412E-10 2.0811E-10 2.3496E-10 2.6466E-10 2.9729E-10 3.3817E-10 3.8420E-10 4.3014E-10 4.7966E-10 5.3380E-10 5.9237E-10 6.5608E-10 7.2857E-10
0.0000E+00 0.0000E+00 0.0000E+00 0.0000E+00 0.0000E+00 0.0000E+00 0.0000E+00 0.0000E+00 0.0000E+00 0.0000E+00 0.0000E+00 0.0000E+00 0.0000E+00 0.0000E+00 0.0000E+00 0.0000E+00 0.0000E+00 0.0000E+00 0.0000E+00 0.0000E+00 0.0000E+00 0.0000E+00 0.0000E+00 0.0000E+00 0.0000E+00 0.0000E+00 0.0000E+00 0.0000E+00 3.5521E-13 1.1475E-12 4.2311E-12 1.2203E-11 2.0195E-11 3.2010E-11 4.1492E-11 4.9911E-11 5.8892E-11 6.9683E-11 8.1223E-11 9.4315E-11 1.0954E-10 1.2604E-10 1.4502E-10 1.6457E-10 1.8626E-10 2.1078E-10 2.3798E-10 2.6827E-10 3.0119E-10 3.4038E-10 3.8787E-10 4.3506E-10 4.8531E-10 5.3975E-10 5.9878E-10 6.6322E-10 7.3663E-10
0.0000E+00 0.0000E+00 0.0000E+00 0.0000E+00 0.0000E+00 0.0000E+00 0.0000E+00 0.0000E+00 0.0000E+00 0.0000E+00 0.0000E+00 0.0000E+00 0.0000E+00 0.0000E+00 0.0000E+00 0.0000E+00 0.0000E+00 0.0000E+00 0.0000E+00 0.0000E+00 0.0000E+00 0.0000E+00 0.0000E+00 0.0000E+00 0.0000E+00 0.0000E+00 0.0000E+00 0.0000E+00 3.1897E-13 1.1073E-12 4.5570E-12 1.2164E-11 2.0192E-11 3.2122E-11 4.1711E-11 5.0206E-11 5.9267E-11 7.0171E-11 8.1819E-11 9.5046E-11 1.1044E-10 1.2712E-10 1.4632E-10 1.6606E-10 1.8802E-10 2.1289E-10 2.4045E-10 2.7108E-10 3.0439E-10 3.4258E-10 3.9135E-10 4.3885E-10 4.8950E-10 5.4438E-10 6.0416E-10 6.6884E-10 7.4323E-10
0.0000E+00 0.0000E+00 0.0000E+00 0.0000E+00 0.0000E+00 0.0000E+00 0.0000E+00 0.0000E+00 0.0000E+00 0.0000E+00 0.0000E+00 0.0000E+00 0.0000E+00 0.0000E+00 0.0000E+00 0.0000E+00 0.0000E+00 0.0000E+00 0.0000E+00 0.0000E+00 0.0000E+00 0.0000E+00 0.0000E+00 0.0000E+00 0.0000E+00 0.0000E+00 0.0000E+00 0.0000E+00 2.7647E-13 1.0598E-12 4.8674E-12 1.2094E-11 2.0136E-11 3.2149E-11 4.1822E-11 5.0372E-11 5.9489E-11 7.0479E-11 8.2206E-11 9.5534E-11 1.1105E-10 1.2787E-10 1.4725E-10 1.6713E-10 1.8937E-10 2.1455E-10 2.4244E-10 2.7320E-10 3.0685E-10 3.4384E-10 3.9190E-10 4.4183E-10 4.9257E-10 5.4771E-10 6.0795E-10 6.7275E-10 7.4792E-10
0.0000E+00 0.0000E+00 0.0000E+00 0.0000E+00 0.0000E+00 0.0000E+00 0.0000E+00 0.0000E+00 0.0000E+00 0.0000E+00 0.0000E+00 0.0000E+00 0.0000E+00 0.0000E+00 0.0000E+00 0.0000E+00 0.0000E+00 0.0000E+00 0.0000E+00 0.0000E+00 0.0000E+00 0.0000E+00 0.0000E+00 0.0000E+00 0.0000E+00 0.0000E+00 0.0000E+00 0.0000E+00 2.3044E-13 1.3370E-12 4.7645E-12 1.1993E-11 2.0027E-11 3.2091E-11 4.1822E-11 5.0405E-11 5.9557E-11 7.0604E-11 8.2382E-11 9.5778E-11 1.1139E-10 1.2830E-10 1.4781E-10 1.6777E-10 1.9026E-10 2.1561E-10 2.4382E-10 2.7470E-10 3.0861E-10 3.4577E-10 3.9094E-10 4.4355E-10 4.9441E-10 5.4982E-10 6.1012E-10 6.7518E-10 7.5135E-10
0.0000E+00 0.0000E+00 0.0000E+00 0.0000E+00 0.0000E+00 0.0000E+00 0.0000E+00 0.0000E+00 0.0000E+00 0.0000E+00 0.0000E+00 0.0000E+00 0.0000E+00 0.0000E+00 0.0000E+00 0.0000E+00 0.0000E+00 0.0000E+00 0.0000E+00 0.0000E+00 0.0000E+00 0.0000E+00 0.0000E+00 0.0000E+00 0.0000E+00 0.0000E+00 0.0000E+00 0.0000E+00 1.8153E-13 1.1756E-12 4.6367E-12 1.1861E-11 1.9866E-11 3.1950E-11 4.1712E-11 5.0307E-11 5.9469E-11 7.0547E-11 8.2344E-11 9.5775E-11 1.1144E-10 1.2840E-10 1.4800E-10 1.6800E-10 1.9075E-10 2.1616E-10 2.4450E-10 2.7545E-10 3.0959E-10 3.4688E-10 3.8985E-10 4.4344E-10 4.9509E-10 5.5072E-10 6.1087E-10 6.7590E-10 7.5262E-10
0.0000E+00 0.0000E+00 0.0000E+00 0.0000E+00 0.0000E+00 0.0000E+00 0.0000E+00 0.0000E+00 0.0000E+00 0.0000E+00 0.0000E+00 0.0000E+00 0.0000E+00 0.0000E+00 0.0000E+00 0.0000E+00 0.0000E+00 0.0000E+00 0.0000E+00 0.0000E+00 0.0000E+00 0.0000E+00 0.0000E+00 0.0000E+00 0.0000E+00 0.0000E+00 0.0000E+00 0.0000E+00 1.3038E-13 9.9953E-13 4.4524E-12 1.1700E-11 1.9653E-11 3.1724E-11 4.1493E-11 5.0078E-11 5.9226E-11 7.0306E-11 8.2093E-11 9.5524E-11 1.1120E-10 1.2818E-10 1.4781E-10 1.6781E-10 1.9066E-10 2.1619E-10 2.4451E-10 2.7559E-10 3.0970E-10 3.4708E-10 3.8877E-10 4.3967E-10 4.9457E-10 5.5010E-10 6.1013E-10 6.7527E-10 7.5224E-10
0.0000E+00 0.0000E+00 0.0000E+00 0.0000E+00 0.0000E+00 0.0000E+00 0.0000E+00 0.0000E+00 0.0000E+00 0.0000E+00 0.0000E+00 0.0000E+00 0.0000E+00 0.0000E+00 0.0000E+00 0.0000E+00 0.0000E+00 0.0000E+00 0.0000E+00 0.0000E+00 0.0000E+00 0.0000E+00 0.0000E+00 0.0000E+00 0.0000E+00 0.0000E+00 0.0000E+00 0.0000E+00 7.7664E-14 8.1141E-13 4.2405E-12 1.1511E-11 1.9392E-11 3.1418E-11 4.1166E-11 4.9719E-11 5.8830E-11 6.9885E-11 8.1631E-11 9.5028E-11 1.1068E-10 1.2762E-10 1.4724E-10 1.6726E-10 1.9016E-10 2.1570E-10 2.4391E-10 2.7496E-10 3.0910E-10 3.4643E-10 3.8730E-10 4.3500E-10 4.9292E-10 5.4815E-10 6.0798E-10 6.7291E-10 7.5009E-10
0.0000E+00 0.0000E+00 0.0000E+00 0.0000E+00 0.0000E+00 0.0000E+00 0.0000E+00 0.0000E+00 0.0000E+00 0.0000E+00 0.0000E+00 0.0000E+00 0.0000E+00 0.0000E+00 0.0000E+00 0.0000E+00 0.0000E+00 0.0000E+00 0.0000E+00 0.0000E+00 0.0000E+00 0.0000E+00 0.0000E+00 0.0000E+00 0.0000E+00 0.0000E+00 0.0000E+00 0.0000E+00 2.4003E-14 6.0410E-13 4.0595E-12 1.1294E-11 1.9083E-11 3.1032E-11 4.0734E-11 4.9234E-11 5.8285E-11 6.9285E-11 8.0962E-11 9.4291E-11 1.0988E-10 1.2674E-10 1.4630E-10 1.6628E-10 1.8918E-10 2.1466E-10 2.4276E-10 2.7370E-10 3.0764E-10 3.4495E-10 3.8572E-10 4.3081E-10 4.8950E-10 5.4495E-10 6.0439E-10 6.6891E-10 7.4632E-10
0.0000E+00 0.0000E+00 0.0000E+00 0.0000E+00 0.0000E+00 0.0000E+00 0.0000E+00 0.0000E+00 0.0000E+00 0.0000E+00 0.0000E+00 0.0000E+00 0.0000E+00 0.0000E+00 0.0000E+00 0.0000E+00 0.0000E+00 0.0000E+00 0.0000E+00 0.0000E+00 0.0000E+00 0.0000E+00 0.0000E+00 0.0000E+00 0.0000E+00 0.0000E+00 0.0000E+00 0.0000E+00 0.0000E+00 3.8016E-13 3.6075E-12 1.1053E-11 1.8729E-11 3.0571E-11 4.0200E-11 4.8625E-11 5.7593E-11 6.8513E-11 8.0090E-11 9.3318E-11 1.0881E-10 1.2555E-10 1.4500E-10 1.6490E-10 1.8766E-10 2.1299E-10 2.4090E-10 2.7169E-10 3.0552E-10 3.4258E-10 3.8310E-10 4.2728E-10 4.8083E-10 5.4044E-10 5.9956E-10 6.6333E-10 7.4081E-10
0.0000E+00 0.0000E+00 0.0000E+00 0.0000E+00 0.0000E+00 0.0000E+00 0.0000E+00 0.0000E+00 0.0000E+00 0.0000E+00 0.0000E+00 0.0000E+00 0.0000E+00 0.0000E+00 0.0000E+00 0.0000E+00 0.0000E+00 0.0000E+00 0.0000E+00 0.0000E+00 0.0000E+00 0.0000E+00 0.0000E+00 0.0000E+00 0.0000E+00 0.0000E+00 0.0000E+00 0.0000E+00 0.0000E+00 2.0778E-13 1.9418E-12 1.0788E-11 1.8333E-11 3.0036E-11 3.9569E-11 4.7898E-11 5.6762E-11 6.7573E-11 7.9023E-11 9.2117E-11 1.0746E-10 1.2405E-10 1.4334E-10 1.6315E-10 1.8575E-10 2.1084E-10 2.3856E-10 2.6897E-10 3.0257E-10 3.3941E-10 3.7958E-10 4.2341E-10 4.7264E-10 5.3331E-10 5.9301E-10 6.5613E-10 7.3356E-10
0.0000E+00 0.0000E+00 0.0000E+00 0.0000E+00 0.0000E+00 0.0000E+00 0.0000E+00 0.0000E+00 0.0000E+00 0.0000E+00 0.0000E+00 0.0000E+00 0.0000E+00 0.0000E+00 0.0000E+00 0.0000E+00 0.0000E+00 0.0000E+00 0.0000E+00 0.0000E+00 0.0000E+00 0.0000E+00 0.0000E+00 0.0000E+00 0.0000E+00 0.0000E+00 0.0000E+00 0.0000E+00 0.0000E+00 1.0769E-13 1.3984E-12 8.9802E-12 1.7898E-11 2.9433E-11 3.8845E-11 4.7059E-11 5.5796E-11 6.6473E-11 7.7768E-11 9.0696E-11 1.0587E-10 1.2225E-10 1.4134E-10 1.6100E-10 1.8339E-10 2.0817E-10 2.3561E-10 2.6566E-10 2.9888E-10 3.3521E-10 3.7502E-10 4.1842E-10 4.6544E-10 5.2293E-10 5.8438E-10 6.4726E-10 7.2449E-10
0.0000E+00 0.0000E+00 0.0000E+00 0.0000E+00 0.0000E+00 0.0000E+00 0.0000E+00 0.0000E+00 0.0000E+00 0.0000E+00 0.0000E+00 0.0000E+00 0.0000E+00 0.0000E+00 0.0000E+00 0.0000E+00 0.0000E+00 0.0000E+00 0.0000E+00 0.0000E+00 0.0000E+00 0.0000E+00 0.0000E+00 0.0000E+00 0.0000E+00 0.0000E+00 0.0000E+00 0.0000E+00 0.0000E+00 3.6296E-14 9.2593E-13 6.0134E-12 1.7427E-11 2.8766E-11 3.8033E-11 4.6113E-11 5.4704E-11 6.5221E-11 7.6335E-11 8.9067E-11 1.0402E-10 1.2017E-10 1.3901E-10 1.5844E-10 1.8050E-10 2.0491E-10 2.3192E-10 2.6155E-10 2.9433E-10 3.3006E-10 3.6929E-10 4.1210E-10 4.5868E-10 5.1073E-10 5.7371E-10 6.3701E-10 7.1371E-10
0.0000E+00 0.0000E+00 0.0000E+00 0.0000E+00 0.0000E+00 0.0000E+00 0.0000E+00 0.0000E+00 0.0000E+00 0.0000E+00 0.0000E+00 0.0000E+00 0.0000E+00 0.0000E+00 0.0000E+00 0.0000E+00 0.0000E+00 0.0000E+00 0.0000E+00 0.0000E+00 0.0000E+00 0.0000E+00 0.0000E+00 0.0000E+00 0.0000E+00 0.0000E+00 0.0000E+00 0.0000E+00 0.0000E+00 0.0000E+00 4.9261E-13 2.9094E-12 1.5476E-11 2.8040E-11 3.7140E-11 4.5067E-11 5.3492E-11 6.3826E-11 7.4734E-11 8.7233E-11 1.0193E-10 1.1777E-10 1.3627E-10 1.5538E-10 1.7700E-10 2.0100E-10 2.2748E-10 2.5660E-10 2.8883E-10 3.2404E-10 3.6274E-10 4.0480E-10 4.5074E-10 5.0058E-10 5.6074E-10 6.2400E-10 7.0146E-10
0.0000E+00 0.0000E+00 0.0000E+00 0.0000E+00 0.0000E+00 0.0000E+00 0.0000E+00 0.0000E+00 0.0000E+00 0.0000E+00 0.0000E+00 0.0000E+00 0.0000E+00 0.0000E+00 0.0000E+00 0.0000E+00 0.0000E+00 0.0000E+00 0.0000E+00 0.0000E+00 0.0000E+00 0.0000E+00 0.0000E+00 0.0000E+00 0.0000E+00 0.0000E+00 0.0000E+00 0.0000E+00 0.0000E+00 0.0000E+00 1.9204E-13 2.2469E-12 1.2436E-11 2.7114E-11 3.6171E-11 4.3925E-11 5.2159E-11 6.2264E-11 7.2916E-11 8.5121E-11 9.9491E-11 1.1496E-10 1.3308E-10 1.5178E-10 1.7296E-10 1.9652E-10 2.2244E-10 2.5107E-10 2.8267E-10 3.1726E-10 3.5533E-10 3.9669E-10 4.4186E-10 4.9076E-10 5.4532E-10 6.0924E-10 6.8774E-10
