Assets/Resources/2015_m01_d14_1600(utc+0800)_l00_csi_1hr_conc.grd
DSAA
         159         159
     -79.000      79.000
     -79.000      79.000
  0.0000E+00  0.7731E-05
[rows 25 to 49 of 159, columns 0 to 56 of 159]
5.2937E-09 5.6552E-09 6.0501E-09 6.4683E-09 6.9161E-09 7.3973E-09 7.9044E-09 8.4469E-09 9.0245E-09 9.6285E-09 1.0267E-08 1.0940E-08 1.1637E-08 1.2364E-08 1.3124E-08 1.3904E-08 1.4700E-08 1.5514E-08 1.6341E-08 1.7167E-08 1.7987E-08 1.8793E-08 1.9579E-08 2.0329E-08 2.1028E-08 2.1666E-08 2.2230E-08 2.2705E-08 2.3076E-08 2.3325E-08 2.3446E-08 2.3434E-08 2.3284E-08 2.3012E-08 2.2635E-08 2.2177E-08 2.1654E-08 2.1057E-08 2.0369E-08 1.9572E-08 1.8673E-08 1.7679E-08 1.6614E-08 1.5499E-08 1.4365E-08 1.3210E-08 1.2080E-08 1.0979E-08 9.9037E-09 8.9080E-09 7.9894E-09 7.1175E-09 6.3029E-09 5.5405E-09 4.8339E-09 4.1841E-09 3.5957E-09
5.1670E-09 5.5184E-09 5.9024E-09 6.3084E-09 6.7434E-09 7.2110E-09 7.7038E-09 8.2316E-09 8.7933E-09 9.3809E-09 1.0004E-08 1.0658E-08 1.1337E-08 1.2049E-08 1.2790E-08 1.3548E-08 1.4325E-08 1.5122E-08 1.5927E-08 1.6731E-08 1.7530E-08 1.8319E-08 1.9084E-08 1.9811E-08 2.0489E-08 2.1109E-08 2.1659E-08 2.2117E-08 2.2474E-08 2.2720E-08 2.2848E-08 2.2852E-08 2.2731E-08 2.2503E-08 2.2190E-08 2.1806E-08 2.1352E-08 2.0818E-08 2.0171E-08 1.9414E-08 1.8549E-08 1.7591E-08 1.6563E-08 1.5487E-08 1.4368E-08 1.3266E-08 1.2169E-08 1.1089E-08 1.0038E-08 9.0811E-09 8.1628E-09 7.2923E-09 6.4676E-09 5.6934E-09 4.9726E-09 4.3111E-09 3.7052E-09
5.0308E-09 5.3708E-09 5.7425E-09 6.1350E-09 6.5555E-09 7.0081E-09 7.4849E-09 7.9957E-09 8.5394E-09 9.1090E-09 9.7137E-09 1.0347E-08 1.1005E-08 1.1699E-08 1.2416E-08 1.3151E-08 1.3908E-08 1.4684E-08 1.5462E-08 1.6243E-08 1.7021E-08 1.7788E-08 1.8527E-08 1.9230E-08 1.9890E-08 2.0493E-08 2.1023E-08 2.1469E-08 2.1821E-08 2.2073E-08 2.2215E-08 2.2239E-08 2.2160E-08 2.1992E-08 2.1750E-08 2.1436E-08 2.1047E-08 2.0560E-08 1.9957E-08 1.9236E-08 1.8407E-08 1.7489E-08 1.6500E-08 1.5458E-08 1.4383E-08 1.3313E-08 1.2239E-08 1.1178E-08 1.0199E-08 9.2504E-09 8.3371E-09 7.4621E-09 6.6272E-09 5.8410E-09 5.1110E-09 4.4303E-09 3.8048E-09
4.8857E-09 5.2131E-09 5.5712E-09 5.9490E-09 6.3536E-09 6.7895E-09 7.2488E-09 7.7405E-09 8.2653E-09 8.8149E-09 9.3972E-09 1.0008E-08 1.0644E-08 1.1315E-08 1.2006E-08 1.2717E-08 1.3451E-08 1.4199E-08 1.4951E-08 1.5707E-08 1.6461E-08 1.7199E-08 1.7912E-08 1.8594E-08 1.9235E-08 1.9818E-08 2.0334E-08 2.0775E-08 2.1132E-08 2.1393E-08 2.1551E-08 2.1614E-08 2.1587E-08 2.1484E-08 2.1308E-08 2.1065E-08 2.0735E-08 2.0299E-08 1.9740E-08 1.9064E-08 1.8280E-08 1.7410E-08 1.6458E-08 1.5458E-08 1.4437E-08 1.3422E-08 1.2355E-08 1.1378E-08 1.0418E-08 9.4807E-09 8.5677E-09 7.6854E-09 6.8439E-09 6.0465E-09 5.2943E-09 4.5932E-09 3.9517E-09
4.7322E-09 5.0460E-09 5.3893E-09 5.7511E-09 6.1389E-09 6.5567E-09 6.9973E-09 7.4683E-09 7.9721E-09 8.4997E-09 9.0583E-09 9.6448E-09 1.0256E-08 1.0901E-08 1.1566E-08 1.2251E-08 1.2956E-08 1.3674E-08 1.4398E-08 1.5128E-08 1.5852E-08 1.6560E-08 1.7249E-08 1.7911E-08 1.8530E-08 1.9097E-08 1.9606E-08 2.0047E-08 2.0409E-08 2.0685E-08 2.0876E-08 2.0982E-08 2.1013E-08 2.0972E-08 2.0866E-08 2.0686E-08 2.0417E-08 2.0021E-08 1.9508E-08 1.8877E-08 1.8142E-08 1.7311E-08 1.6408E-08 1.5464E-08 1.4510E-08 1.3485E-08 1.2534E-08 1.1583E-08 1.0641E-08 9.7112E-09 8.7983E-09 7.9132E-09 7.0633E-09 6.2462E-09 5.4751E-09 4.7600E-09 4.0887E-09
4.5709E-09 4.8702E-09 5.1980E-09 5.5432E-09 5.9128E-09 6.3121E-09 6.7321E-09 7.1806E-09 7.6634E-09 8.1667E-09 8.6989E-09 9.2594E-09 9.8441E-09 1.0460E-08 1.1095E-08 1.1751E-08 1.2426E-08 1.3113E-08 1.3808E-08 1.4508E-08 1.5200E-08 1.5882E-08 1.6547E-08 1.7186E-08 1.7786E-08 1.8342E-08 1.8847E-08 1.9290E-08 1.9662E-08 1.9964E-08 2.0187E-08 2.0345E-08 2.0433E-08 2.0460E-08 2.0423E-08 2.0304E-08 2.0075E-08 1.9730E-08 1.9266E-08 1.8687E-08 1.8004E-08 1.7226E-08 1.6390E-08 1.5523E-08 1.4573E-08 1.3676E-08 1.2763E-08 1.1844E-08 1.0922E-08 1.0002E-08 9.0941E-09 8.2047E-09 7.3378E-09 6.5076E-09 5.7193E-09 4.9701E-09 4.2599E-09
4.4028E-09 4.6871E-09 4.9994E-09 5.3265E-09 5.6773E-09 6.0576E-09 6.4554E-09 6.8820E-09 7.3403E-09 7.8166E-09 8.3223E-09 8.8559E-09 9.4104E-09 9.9958E-09 1.0601E-08 1.1226E-08 1.1867E-08 1.2523E-08 1.3185E-08 1.3854E-08 1.4516E-08 1.5171E-08 1.5812E-08 1.6428E-08 1.7013E-08 1.7561E-08 1.8063E-08 1.8510E-08 1.8900E-08 1.9229E-08 1.9497E-08 1.9701E-08 1.9851E-08 1.9942E-08 1.9963E-08 1.9895E-08 1.9718E-08 1.9425E-08 1.9017E-08 1.8476E-08 1.7859E-08 1.7135E-08 1.6370E-08 1.5541E-08 1.4727E-08 1.3876E-08 1.3005E-08 1.2116E-08 1.1213E-08 1.0305E-08 9.3988E-09 8.5004E-09 7.6240E-09 6.7771E-09 5.9584E-09 5.1838E-09 4.4246E-09
4.2294E-09 4.4991E-09 4.7939E-09 5.1029E-09 5.4351E-09 5.7942E-09 6.1686E-09 6.5713E-09 7.0047E-09 7.4541E-09 7.9315E-09 8.4353E-09 8.9584E-09 9.5127E-09 1.0086E-08 1.0676E-08 1.1283E-08 1.1908E-08 1.2538E-08 1.3173E-08 1.3805E-08 1.4435E-08 1.5051E-08 1.5646E-08 1.6217E-08 1.6758E-08 1.7259E-08 1.7717E-08 1.8128E-08 1.8489E-08 1.8795E-08 1.9053E-08 1.9261E-08 1.9410E-08 1.9484E-08 1.9468E-08 1.9343E-08 1.9104E-08 1.8721E-08 1.8277E-08 1.7701E-08 1.7052E-08 1.6374E-08 1.5669E-08 1.4914E-08 1.4122E-08 1.3297E-08 1.2443E-08 1.1565E-08 1.0672E-08 9.7683E-09 8.8677E-09 7.9808E-09 7.1072E-09 6.2642E-09 5.4396E-09 4.6692E-09
4.0528E-09 4.3059E-09 4.5837E-09 4.8749E-09 5.1862E-09 5.5229E-09 5.8753E-09 6.2520E-09 6.6595E-09 7.0806E-09 7.5282E-09 8.0026E-09 8.4936E-09 9.0151E-09 9.5544E-09 1.0111E-08 1.0684E-08 1.1274E-08 1.1870E-08 1.2473E-08 1.3077E-08 1.3679E-08 1.4269E-08 1.4846E-08 1.5406E-08 1.5940E-08 1.6443E-08 1.6915E-08 1.7349E-08 1.7739E-08 1.8088E-08 1.8397E-08 1.8654E-08 1.8856E-08 1.8984E-08 1.9017E-08 1.8907E-08 1.8737E-08 1.8419E-08 1.8052E-08 1.7532E-08 1.7022E-08 1.6441E-08 1.5806E-08 1.5118E-08 1.4385E-08 1.3608E-08 1.2790E-08 1.1939E-08 1.1059E-08 1.0162E-08 9.2576E-09 8.3500E-09 7.4578E-09 6.5633E-09 5.7126E-09 4.9238E-09
3.8722E-09 4.1098E-09 4.3711E-09 4.6421E-09 4.9320E-09 5.2484E-09 5.5747E-09 5.9258E-09 6.3073E-09 6.6992E-09 7.1179E-09 7.5614E-09 8.0187E-09 8.5070E-09 9.0126E-09 9.5334E-09 1.0071E-08 1.0627E-08 1.1189E-08 1.1761E-08 1.2334E-08 1.2908E-08 1.3476E-08 1.4036E-08 1.4584E-08 1.5112E-08 1.5621E-08 1.6106E-08 1.6561E-08 1.6983E-08 1.7374E-08 1.7723E-08 1.8031E-08 1.8281E-08 1.8419E-08 1.8509E-08 1.8464E-08 1.8358E-08 1.8086E-08 1.7809E-08 1.7450E-08 1.7015E-08 1.6519E-08 1.5967E-08 1.5357E-08 1.4686E-08 1.3965E-08 1.3191E-08 1.2369E-08 1.1509E-08 1.0620E-08 9.7077E-09 8.7882E-09 7.8618E-09 6.9324E-09 6.0640E-09 5.2417E-09
3.6903E-09 3.9120E-09 4.1547E-09 4.4058E-09 4.6755E-09 4.9680E-09 5.2700E-09 5.5973E-09 5.9510E-09 6.3140E-09 6.7024E-09 7.1141E-09 7.5386E-09 7.9939E-09 8.4642E-09 8.9487E-09 9.4508E-09 9.9726E-09 1.0500E-08 1.1040E-08 1.1584E-08 1.2132E-08 1.2677E-08 1.3221E-08 1.3756E-08 1.4282E-08 1.4796E-08 1.5293E-08 1.5766E-08 1.6219E-08 1.6644E-08 1.7022E-08 1.7350E-08 1.7651E-08 1.7841E-08 1.7989E-08 1.7972E-08 1.7942E-08 1.7833E-08 1.7634E-08 1.7356E-08 1.7017E-08 1.6620E-08 1.6151E-08 1.5620E-08 1.5023E-08 1.4361E-08 1.3633E-08 1.2845E-08 1.2009E-08 1.1125E-08 1.0210E-08 9.2661E-09 8.2969E-09 7.3682E-09 6.4671E-09 5.5928E-09
3.5082E-09 3.7121E-09 3.9369E-09 4.1693E-09 4.4174E-09 4.6869E-09 4.9663E-09 5.2668E-09 5.5930E-09 5.9267E-09 6.2857E-09 6.6660E-09 7.0566E-09 7.4778E-09 7.9133E-09 8.3627E-09 8.8284E-09 9.3150E-09 9.8083E-09 1.0318E-08 1.0831E-08 1.1353E-08 1.1877E-08 1.2404E-08 1.2929E-08 1.3452E-08 1.3969E-08 1.4474E-08 1.4969E-08 1.5406E-08 1.5868E-08 1.6272E-08 1.6656E-08 1.6931E-08 1.7216E-08 1.7420E-08 1.7548E-08 1.7597E-08 1.7559E-08 1.7447E-08 1.7274E-08 1.7040E-08 1.6734E-08 1.6358E-08 1.5912E-08 1.5394E-08 1.4792E-08 1.4118E-08 1.3370E-08 1.2554E-08 1.1682E-08 1.0754E-08 9.7790E-09 8.8176E-09 7.8612E-09 6.9053E-09 5.9106E-09
3.3257E-09 3.5119E-09 3.7201E-09 3.9326E-09 4.1593E-09 4.4080E-09 4.6618E-09 4.9366E-09 5.2365E-09 5.5416E-09 5.8705E-09 6.2185E-09 6.5753E-09 6.9637E-09 7.3639E-09 7.7775E-09 8.2082E-09 8.6615E-09 9.1210E-09 9.5986E-09 1.0082E-08 1.0580E-08 1.1082E-08 1.1592E-08 1.2105E-08 1.2625E-08 1.3142E-08 1.3643E-08 1.4131E-08 1.4612E-08 1.5063E-08 1.5484E-08 1.5930E-08 1.6318E-08 1.6646E-08 1.6910E-08 1.7104E-08 1.7222E-08 1.7268E-08 1.7264E-08 1.7198E-08 1.7065E-08 1.6863E-08 1.6595E-08 1.6240E-08 1.5804E-08 1.5276E-08 1.4656E-08 1.3949E-08 1.3162E-08 1.2296E-08 1.1355E-08 1.0401E-08 9.4222E-09 8.4139E-09 7.3514E-09 6.3645E-09
3.1432E-09 3.3136E-09 3.5042E-09 3.6973E-09 3.9039E-09 4.1297E-09 4.3603E-09 4.6103E-09 4.8835E-09 5.1595E-09 5.4583E-09 5.7756E-09 6.1000E-09 6.4549E-09 6.8204E-09 7.2002E-09 7.5961E-09 8.0150E-09 8.4415E-09 8.8883E-09 9.3433E-09 9.8156E-09 1.0296E-08 1.0788E-08 1.1290E-08 1.1802E-08 1.2306E-08 1.2807E-08 1.3313E-08 1.3803E-08 1.4275E-08 1.4783E-08 1.5251E-08 1.5673E-08 1.6052E-08 1.6375E-08 1.6629E-08 1.6833E-08 1.6984E-08 1.7082E-08 1.7123E-08 1.7106E-08 1.7021E-08 1.6851E-08 1.6593E-08 1.6239E-08 1.5780E-08 1.5217E-08 1.4559E-08 1.3780E-08 1.2934E-08 1.2031E-08 1.1072E-08 1.0040E-08 8.9362E-09 7.8975E-09 6.8756E-09
2.9631E-09 3.1176E-09 3.2899E-09 3.4650E-09 3.6521E-09 3.8555E-09 4.0631E-09 4.2884E-09 4.5350E-09 4.7838E-09 5.0540E-09 5.3402E-09 5.6323E-09 5.9552E-09 6.2876E-09 6.6329E-09 6.9952E-09 7.3812E-09 7.7754E-09 8.1918E-09 8.6182E-09 9.0652E-09 9.5224E-09 9.9963E-09 1.0483E-08 1.0977E-08 1.1472E-08 1.1980E-08 1.2486E-08 1.2987E-08 1.3531E-08 1.4051E-08 1.4545E-08 1.5009E-08 1.5432E-08 1.5811E-08 1.6145E-08 1.6443E-08 1.6694E-08 1.6900E-08 1.7061E-08 1.7161E-08 1.7184E-08 1.7117E-08 1.6958E-08 1.6685E-08 1.6307E-08 1.5821E-08 1.5176E-08 1.4476E-08 1.3675E-08 1.2777E-08 1.1773E-08 1.0696E-08 9.6363E-09 8.5451E-09 7.4668E-09
2.7851E-09 2.9247E-09 3.0788E-09 3.2374E-09 3.4043E-09 3.5867E-09 3.7719E-09 3.9733E-09 4.1949E-09 4.4165E-09 4.6583E-09 4.9151E-09 5.1769E-09 5.4685E-09 5.7680E-09 6.0808E-09 6.4103E-09 6.7644E-09 7.1270E-09 7.5136E-09 7.9115E-09 8.3327E-09 8.7665E-09 9.2208E-09 9.6710E-09 1.0149E-08 1.0641E-08 1.1131E-08 1.1661E-08 1.2216E-08 1.2766E-08 1.3301E-08 1.3822E-08 1.4322E-08 1.4793E-08 1.5235E-08 1.5654E-08 1.6041E-08 1.6396E-08 1.6721E-08 1.6999E-08 1.7203E-08 1.7338E-08 1.7383E-08 1.7316E-08 1.7151E-08 1.6848E-08 1.6407E-08 1.5880E-08 1.5232E-08 1.4450E-08 1.3543E-08 1.2536E-08 1.1503E-08 1.0394E-08 9.2681E-09 8.1197E-09
2.6095E-09 2.7352E-09 2.8720E-09 3.0138E-09 3.1624E-09 3.3242E-09 3.4886E-09 3.6668E-09 3.8637E-09 4.0600E-09 4.2751E-09 4.5036E-09 4.7357E-09 4.9972E-09 5.2658E-09 5.5472E-09 5.8453E-09 6.1683E-09 6.5001E-09 6.8572E-09 7.2267E-09 7.6218E-09 8.0318E-09 8.4458E-09 8.8842E-09 9.3528E-09 9.8209E-09 1.0333E-08 1.0882E-08 1.1434E-08 1.1988E-08 1.2540E-08 1.3086E-08 1.3620E-08 1.4145E-08 1.4656E-08 1.5155E-08 1.5635E-08 1.6100E-08 1.6528E-08 1.6911E-08 1.7233E-08 1.7478E-08 1.7627E-08 1.7675E-08 1.7567E-08 1.7371E-08 1.7056E-08 1.6593E-08 1.5961E-08 1.5229E-08 1.4364E-08 1.3414E-08 1.2352E-08 1.1226E-08 1.0046E-08 8.8431E-09
2.4375E-09 2.5503E-09 2.6704E-09 2.7943E-09 2.9270E-09 3.0701E-09 3.2143E-09 3.3705E-09 3.5445E-09 3.7166E-09 3.9058E-09 4.1074E-09 4.3118E-09 4.5447E-09 4.7839E-09 5.0354E-09 5.3032E-09 5.5961E-09 5.8979E-09 6.2259E-09 6.5671E-09 6.9266E-09 7.2943E-09 7.7013E-09 8.1244E-09 8.5428E-09 9.0439E-09 9.5637E-09 1.0101E-08 1.0648E-08 1.1207E-08 1.1771E-08 1.2342E-08 1.2915E-08 1.3490E-08 1.4069E-08 1.4646E-08 1.5220E-08 1.5776E-08 1.6309E-08 1.6796E-08 1.7230E-08 1.7578E-08 1.7803E-08 1.7971E-08 1.8009E-08 1.7922E-08 1.7667E-08 1.7302E-08 1.6775E-08 1.6105E-08 1.5298E-08 1.4365E-08 1.3300E-08 1.2158E-08 1.0936E-08 9.6693E-09
2.2701E-09 2.3681E-09 2.4755E-09 2.5817E-09 2.6991E-09 2.8237E-09 2.9507E-09 3.0861E-09 3.2380E-09 3.3877E-09 3.5527E-09 3.7289E-09 3.9075E-09 4.1132E-09 4.3246E-09 4.5477E-09 4.7865E-09 5.0506E-09 5.3231E-09 5.6227E-09 5.9180E-09 6.2549E-09 6.6017E-09 6.9718E-09 7.3598E-09 7.8217E-09 8.3014E-09 8.8008E-09 9.3260E-09 9.8670E-09 1.0429E-08 1.1004E-08 1.1598E-08 1.2207E-08 1.2832E-08 1.3474E-08 1.4125E-08 1.4775E-08 1.5422E-08 1.6050E-08 1.6638E-08 1.7129E-08 1.7605E-08 1.7996E-08 1.8265E-08 1.8396E-08 1.8435E-08 1.8332E-08 1.8045E-08 1.7618E-08 1.7027E-08 1.6285E-08 1.5367E-08 1.4328E-08 1.3162E-08 1.1893E-08 1.0566E-08
2.1078E-09 2.1936E-09 2.2854E-09 2.3784E-09 2.4796E-09 2.5866E-09 2.6967E-09 2.8149E-09 2.9461E-09 3.0749E-09 3.2174E-09 3.3699E-09 3.5243E-09 3.7045E-09 3.8900E-09 4.0862E-09 4.2976E-09 4.5337E-09 4.7794E-09 5.0249E-09 5.3063E-09 5.6120E-09 5.9206E-09 6.2794E-09 6.6836E-09 7.1188E-09 7.5721E-09 8.0509E-09 8.5633E-09 9.0953E-09 9.6561E-09 1.0242E-08 1.0858E-08 1.1499E-08 1.2168E-08 1.2864E-08 1.3573E-08 1.4298E-08 1.5011E-08 1.5699E-08 1.6388E-08 1.7038E-08 1.7606E-08 1.8079E-08 1.8491E-08 1.8801E-08 1.8929E-08 1.8939E-08 1.8805E-08 1.8483E-08 1.7971E-08 1.7296E-08 1.6435E-08 1.5407E-08 1.4223E-08 1.2920E-08 1.1527E-08
1.9518E-09 2.0251E-09 2.1029E-09 2.1842E-09 2.2692E-09 2.3612E-09 2.4551E-09 2.5544E-09 2.6697E-09 2.7790E-09 2.9010E-09 3.0319E-09 3.1636E-09 3.3203E-09 3.4813E-09 3.6526E-09 3.8378E-09 4.0403E-09 4.2432E-09 4.4755E-09 4.7342E-09 4.9842E-09 5.3058E-09 5.6558E-09 6.0300E-09 6.4358E-09 6.8632E-09 7.3234E-09 7.8173E-09 8.3363E-09 8.8981E-09 9.4894E-09 1.0121E-08 1.0788E-08 1.1494E-08 1.2198E-08 1.2951E-08 1.3744E-08 1.4544E-08 1.5310E-08 1.6074E-08 1.6828E-08 1.7528E-08 1.8169E-08 1.8685E-08 1.9098E-08 1.9417E-08 1.9577E-08 1.9547E-08 1.9350E-08 1.8958E-08 1.8352E-08 1.7547E-08 1.6540E-08 1.5354E-08 1.4020E-08 1.2580E-08
1.8007E-09 1.8631E-09 1.9301E-09 1.9977E-09 2.0697E-09 2.1472E-09 2.2266E-09 2.3085E-09 2.4055E-09 2.5001E-09 2.6041E-09 2.7155E-09 2.8264E-09 2.9608E-09 3.0995E-09 3.2477E-09 3.3860E-09 3.5740E-09 3.7469E-09 3.9601E-09 4.1721E-09 4.4478E-09 4.7417E-09 5.0593E-09 5.4005E-09 5.7807E-09 6.1826E-09 6.6161E-09 7.0906E-09 7.5994E-09 8.1541E-09 8.7467E-09 9.3895E-09 1.0061E-08 1.0767E-08 1.1529E-08 1.2327E-08 1.3146E-08 1.4002E-08 1.4878E-08 1.5760E-08 1.6613E-08 1.7384E-08 1.8140E-08 1.8820E-08 1.9395E-08 1.9833E-08 2.0128E-08 2.0261E-08 2.0194E-08 1.9900E-08 1.9392E-08 1.8648E-08 1.7677E-08 1.6506E-08 1.5162E-08 1.3692E-08
1.6577E-09 1.7096E-09 1.7643E-09 1.8218E-09 1.8813E-09 1.9432E-09 2.0109E-09 2.0787E-09 2.1584E-09 2.2362E-09 2.3256E-09 2.4215E-09 2.5131E-09 2.6278E-09 2.7389E-09 2.8524E-09 2.9865E-09 3.1395E-09 3.2710E-09 3.4772E-09 3.6969E-09 3.9439E-09 4.2048E-09 4.4905E-09 4.8043E-09 5.1543E-09 5.5277E-09 5.9357E-09 6.3926E-09 6.8856E-09 7.4287E-09 8.0172E-09 8.6394E-09 9.3256E-09 1.0067E-08 1.0842E-08 1.1665E-08 1.2553E-08 1.3475E-08 1.4400E-08 1.5324E-08 1.6273E-08 1.7192E-08 1.8058E-08 1.8864E-08 1.9591E-08 2.0179E-08 2.0633E-08 2.0906E-08 2.0962E-08 2.0807E-08 2.0401E-08 1.9736E-08 1.8831E-08 1.7695E-08 1.6365E-08 1.4870E-08
1.5233E-09 1.5651E-09 1.6080E-09 1.6557E-09 1.7030E-09 1.7542E-09 1.8077E-09 1.8642E-09 1.9295E-09 1.9916E-09 2.0657E-09 2.1459E-09 2.2237E-09 2.3010E-09 2.4014E-09 2.4911E-09 2.6020E-09 2.7234E-09 2.8790E-09 3.0602E-09 3.2515E-09 3.4689E-09 3.6993E-09 3.9571E-09 4.2414E-09 4.5602E-09 4.9051E-09 5.2908E-09 5.7243E-09 6.1961E-09 6.7317E-09 7.2864E-09 7.9203E-09 8.6073E-09 9.3477E-09 1.0138E-08 1.0982E-08 1.1884E-08 1.2838E-08 1.3837E-08 1.4847E-08 1.5878E-08 1.6900E-08 1.7894E-08 1.8836E-08 1.9685E-08 2.0430E-08 2.1037E-08 2.1450E-08 2.1670E-08 2.1646E-08 2.1355E-08 2.0806E-08 1.9987E-08 1.8915E-08 1.7612E-08 1.6111E-08
1.3900E-09 1.4303E-09 1.4651E-09 1.4984E-09 1.5385E-09 1.5778E-09 1.6185E-09 1.6642E-09 1.7169E-09 1.7669E-09 1.8268E-09 1.8840E-09 1.9378E-09 2.0111E-09 2.0889E-09 2.1462E-09 2.2562E-09 2.3841E-09 2.5176E-09 2.6740E-09 2.8371E-09 3.0264E-09 3.2317E-09 3.4594E-09 3.7111E-09 4.0044E-09 4.3225E-09 4.6810E-09 5.0910E-09 5.5471E-09 6.0385E-09 6.5936E-09 7.2153E-09 7.8885E-09 8.5951E-09 9.3989E-09 1.0275E-08 1.1211E-08 1.2193E-08 1.3235E-08 1.4319E-08 1.5422E-08 1.6528E-08 1.7623E-08 1.8670E-08 1.9656E-08 2.0547E-08 2.1285E-08 2.1866E-08 2.2233E-08 2.2351E-08 2.2214E-08 2.1796E-08 2.1089E-08 2.0101E-08 1.8848E-08 1.7358E-08
