Assets/Resources/2015_m01_d17_1500(utc+0800)_l00_csi_1hr_conc.grd
DSAA
         159         159
     -79.000      79.000
     -79.000      79.000
  0.0000E+00  0.4903E-05
[rows 0 to 24 of 159, columns 57 to 113 of 159]
2.5794E-09 2.5317E-09 2.4759E-09 2.4196E-09 2.3635E-09 2.3040E-09 2.2383E-09 2.1688E-09 2.1017E-09 2.0287E-09 1.9523E-09 1.8791E-09 1.8037E-09 1.7245E-09 1.6449E-09 1.5649E-09 1.4834E-09 1.4012E-09 1.3198E-09 1.2389E-09 1.1576E-09 1.0781E-09 1.0007E-09 9.2681E-10 8.5523E-10 7.8445E-10 7.2015E-10 6.5827E-10 6.0036E-10 5.4884E-10 5.0156E-10 4.5364E-10 4.1474E-10 3.7874E-10 3.4086E-10 3.1063E-10 2.8259E-10 2.5214E-10 2.2874E-10 2.0714E-10 1.8292E-10 1.6522E-10 1.4309E-10 1.2897E-10 1.1046E-10 9.9365E-11 8.5095E-11 7.5348E-11 6.6266E-11 5.8457E-11 5.1412E-11 4.4583E-11 3.9749E-11 3.4204E-11 2.9593E-11 2.5507E-11 2.1411E-11
2.6706E-09 2.6211E-09 2.5649E-09 2.5021E-09 2.4437E-09 2.3817E-09 2.3147E-09 2.2403E-09 2.1705E-09 2.0961E-09 2.0164E-09 1.9385E-09 1.8601E-09 1.7785E-09 1.6948E-09 1.6126E-09 1.5281E-09 1.4423E-09 1.3580E-09 1.2740E-09 1.1901E-09 1.1068E-09 1.0267E-09 9.4964E-10 8.7660E-10 8.0298E-10 7.3732E-10 6.7580E-10 6.1513E-10 5.6275E-10 5.1466E-10 4.6574E-10 4.2587E-10 3.8893E-10 3.4977E-10 3.1866E-10 2.8981E-10 2.5934E-10 2.3427E-10 2.1209E-10 1.8807E-10 1.6892E-10 1.4997E-10 1.3161E-10 1.1624E-10 1.0120E-10 8.7726E-11 7.6588E-11 6.7794E-11 5.9359E-11 5.2639E-11 4.5705E-11 4.0317E-11 3.4673E-11 2.9980E-11 2.5832E-11 2.1664E-11
2.7718E-09 2.7195E-09 2.6620E-09 2.5941E-09 2.5307E-09 2.4657E-09 2.3972E-09 2.3190E-09 2.2441E-09 2.1681E-09 2.0846E-09 2.0014E-09 1.9197E-09 1.8345E-09 1.7472E-09 1.6616E-09 1.5734E-09 1.4846E-09 1.3964E-09 1.3092E-09 1.2218E-09 1.1349E-09 1.0537E-09 9.7193E-10 8.9675E-10 8.2434E-10 7.5427E-10 6.9161E-10 6.3347E-10 5.7661E-10 5.2778E-10 4.8299E-10 4.3669E-10 3.9880E-10 3.6362E-10 3.2635E-10 2.9672E-10 2.6930E-10 2.3952E-10 2.1680E-10 1.9500E-10 1.7242E-10 1.5539E-10 1.3407E-10 1.1949E-10 1.0289E-10 9.0263E-11 7.7710E-11 6.9221E-11 6.0655E-11 5.3780E-11 4.6760E-11 4.0820E-11 3.5530E-11 3.0319E-11 2.6528E-11 2.2333E-11
2.8744E-09 2.8161E-09 2.7556E-09 2.6879E-09 2.6165E-09 2.5479E-09 2.4763E-09 2.3981E-09 2.3159E-09 2.2367E-09 2.1513E-09 2.0626E-09 1.9776E-09 1.8897E-09 1.7989E-09 1.7082E-09 1.6183E-09 1.5258E-09 1.4331E-09 1.3433E-09 1.2525E-09 1.1622E-09 1.0779E-09 9.9352E-10 9.1644E-10 8.4338E-10 7.7171E-10 7.0730E-10 6.4820E-10 5.9018E-10 5.4071E-10 4.9484E-10 4.4713E-10 4.0827E-10 3.7214E-10 3.3577E-10 3.0328E-10 2.7518E-10 2.4553E-10 2.2123E-10 1.9984E-10 1.7568E-10 1.5829E-10 1.3896E-10 1.2260E-10 1.0569E-10 9.2680E-11 7.9908E-11 7.0538E-11 6.1861E-11 5.4413E-11 4.7736E-11 4.1256E-11 3.5897E-11 3.1069E-11 2.6776E-11 2.2956E-11
2.9823E-09 2.9109E-09 2.8479E-09 2.7786E-09 2.7016E-09 2.6294E-09 2.5537E-09 2.4738E-09 2.3862E-09 2.3036E-09 2.2166E-09 2.1242E-09 2.0339E-09 1.9435E-09 1.8492E-09 1.7549E-09 1.6611E-09 1.5657E-09 1.4703E-09 1.3756E-09 1.2851E-09 1.1891E-09 1.1014E-09 1.0185E-09 9.3575E-10 8.6126E-10 7.9131E-10 7.2266E-10 6.6274E-10 6.0744E-10 5.5319E-10 5.0624E-10 4.6259E-10 4.1727E-10 3.8023E-10 3.4587E-10 3.0947E-10 2.8071E-10 2.5327E-10 2.2538E-10 2.0353E-10 1.8173E-10 1.6098E-10 1.4364E-10 1.2444E-10 1.0956E-10 9.4956E-11 8.2004E-11 7.1313E-11 6.2510E-11 5.4956E-11 4.8196E-11 4.1623E-11 3.6636E-11 3.1318E-11 2.6977E-11 2.3119E-11
3.0905E-09 3.0100E-09 2.9447E-09 2.8739E-09 2.7946E-09 2.7148E-09 2.6351E-09 2.5522E-09 2.4625E-09 2.3724E-09 2.2834E-09 2.1871E-09 2.0912E-09 1.9972E-09 1.9000E-09 1.8012E-09 1.7035E-09 1.6060E-09 1.5060E-09 1.4070E-09 1.3137E-09 1.2177E-09 1.1240E-09 1.0391E-09 9.5756E-10 8.7875E-10 8.0766E-10 7.4142E-10 6.7683E-10 6.2082E-10 5.6806E-10 5.1711E-10 4.7243E-10 4.2793E-10 3.8784E-10 3.5268E-10 3.1633E-10 2.8588E-10 2.5878E-10 2.3023E-10 2.0693E-10 1.8561E-10 1.6342E-10 1.4693E-10 1.2739E-10 1.1207E-10 9.6021E-11 8.3976E-11 7.1967E-11 6.3524E-11 5.5405E-11 4.9015E-11 4.2401E-11 3.6889E-11 3.1964E-11 2.7535E-11 2.3241E-11
3.1922E-09 3.1152E-09 3.0397E-09 2.9653E-09 2.8839E-09 2.7982E-09 2.7149E-09 2.6280E-09 2.5348E-09 2.4390E-09 2.3465E-09 2.2481E-09 2.1464E-09 2.0489E-09 1.9481E-09 1.8464E-09 1.7454E-09 1.6440E-09 1.5412E-09 1.4383E-09 1.3412E-09 1.2441E-09 1.1457E-09 1.0591E-09 9.7687E-10 8.9562E-10 8.2349E-10 7.5636E-10 6.9062E-10 6.3357E-10 5.8032E-10 5.2738E-10 4.8166E-10 4.3913E-10 3.9493E-10 3.5902E-10 3.2487E-10 2.9064E-10 2.6302E-10 2.3581E-10 2.1003E-10 1.8925E-10 1.6763E-10 1.4887E-10 1.3019E-10 1.1331E-10 9.8192E-11 8.5802E-11 7.3676E-11 6.4421E-11 5.6249E-11 4.9318E-11 4.3098E-11 3.7491E-11 3.2114E-11 2.7648E-11 2.3745E-11
3.2951E-09 3.2204E-09 3.1338E-09 3.0574E-09 2.9737E-09 2.8841E-09 2.7947E-09 2.7040E-09 2.6063E-09 2.5051E-09 2.4089E-09 2.3065E-09 2.2027E-09 2.0996E-09 1.9959E-09 1.8897E-09 1.7850E-09 1.6813E-09 1.5771E-09 1.4681E-09 1.3676E-09 1.2676E-09 1.1706E-09 1.0784E-09 9.9477E-10 9.1596E-10 8.3874E-10 7.7063E-10 7.0766E-10 6.4561E-10 5.9122E-10 5.3920E-10 4.9025E-10 4.4681E-10 4.0364E-10 3.6485E-10 3.3099E-10 2.9603E-10 2.6687E-10 2.4010E-10 2.1281E-10 1.9170E-10 1.7064E-10 1.5057E-10 1.3280E-10 1.1550E-10 1.0022E-10 8.6426E-11 7.4125E-11 6.4769E-11 5.6520E-11 4.9959E-11 4.3270E-11 3.7620E-11 3.2641E-11 2.7711E-11 2.3791E-11
3.4099E-09 3.3235E-09 3.2319E-09 3.1483E-09 3.0640E-09 2.9703E-09 2.8744E-09 2.7796E-09 2.6798E-09 2.5735E-09 2.4703E-09 2.3658E-09 2.2560E-09 2.1490E-09 2.0425E-09 1.9325E-09 1.8234E-09 1.7163E-09 1.6100E-09 1.4994E-09 1.3928E-09 1.2901E-09 1.1910E-09 1.0968E-09 1.0118E-09 9.3188E-10 8.5341E-10 7.8441E-10 7.2033E-10 6.5682E-10 6.0134E-10 5.4961E-10 4.9814E-10 4.5385E-10 4.1182E-10 3.7014E-10 3.3568E-10 3.0206E-10 2.7030E-10 2.4405E-10 2.1731E-10 1.9384E-10 1.7339E-10 1.5203E-10 1.3522E-10 1.1769E-10 1.0208E-10 8.7965E-11 7.5614E-11 6.5001E-11 5.7171E-11 5.0094E-11 4.3365E-11 3.7682E-11 3.2684E-11 2.8179E-11 2.3795E-11
3.5197E-09 3.4243E-09 3.3344E-09 3.2393E-09 3.1510E-09 3.0548E-09 2.9539E-09 2.8548E-09 2.7525E-09 2.6420E-09 2.5314E-09 2.4220E-09 2.3100E-09 2.1970E-09 2.0868E-09 1.9748E-09 1.8602E-09 1.7498E-09 1.6403E-09 1.5293E-09 1.4166E-09 1.3115E-09 1.2103E-09 1.1185E-09 1.0281E-09 9.4695E-10 8.7119E-10 7.9738E-10 7.3207E-10 6.7095E-10 6.1061E-10 5.5789E-10 5.0752E-10 4.6022E-10 4.1842E-10 3.7595E-10 3.3986E-10 3.0665E-10 2.7330E-10 2.4669E-10 2.2049E-10 1.9567E-10 1.7586E-10 1.5524E-10 1.3739E-10 1.1970E-10 1.0375E-10 8.9544E-11 7.6949E-11 6.5560E-11 5.7252E-11 5.0139E-11 4.3834E-11 3.7676E-11 3.2668E-11 2.8151E-11 2.3755E-11
3.6308E-09 3.5329E-09 3.4340E-09 3.3301E-09 3.2376E-09 3.1390E-09 3.0334E-09 2.9294E-09 2.8225E-09 2.7093E-09 2.5922E-09 2.4793E-09 2.3624E-09 2.2433E-09 2.1295E-09 2.0147E-09 1.8963E-09 1.7817E-09 1.6691E-09 1.5551E-09 1.4434E-09 1.3318E-09 1.2284E-09 1.1353E-09 1.0465E-09 9.6119E-10 8.8451E-10 8.1087E-10 7.4277E-10 6.8055E-10 6.1895E-10 5.6531E-10 5.1541E-10 4.6586E-10 4.2341E-10 3.8228E-10 3.4348E-10 3.1077E-10 2.7798E-10 2.4892E-10 2.2333E-10 1.9717E-10 1.7716E-10 1.5722E-10 1.3820E-10 1.2151E-10 1.0413E-10 8.9775E-11 7.7062E-11 6.5567E-11 5.7694E-11 5.0095E-11 4.3781E-11 3.8077E-11 3.2593E-11 2.8072E-11 2.3674E-11
3.7392E-09 3.6390E-09 3.5339E-09 3.4280E-09 3.3235E-09 3.2203E-09 3.1120E-09 3.0011E-09 2.8915E-09 2.7736E-09 2.6537E-09 2.5344E-09 2.4154E-09 2.2899E-09 2.1701E-09 2.0518E-09 1.9335E-09 1.8117E-09 1.6962E-09 1.5791E-09 1.4648E-09 1.3506E-09 1.2454E-09 1.1509E-09 1.0616E-09 9.7422E-10 8.9674E-10 8.2402E-10 7.5236E-10 6.8911E-10 6.2940E-10 5.7184E-10 5.2118E-10 4.7224E-10 4.2772E-10 3.8698E-10 3.4654E-10 3.1344E-10 2.8119E-10 2.5073E-10 2.2580E-10 2.0039E-10 1.7816E-10 1.5892E-10 1.3877E-10 1.2192E-10 1.0433E-10 9.1064E-11 7.7038E-11 6.6650E-11 5.7577E-11 5.0446E-11 4.3648E-11 3.7945E-11 3.2460E-11 2.7944E-11 2.3550E-11
3.8480E-09 3.7456E-09 3.6340E-09 3.5220E-09 3.4086E-09 3.3028E-09 3.1872E-09 3.0714E-09 2.9573E-09 2.8381E-09 2.7117E-09 2.5878E-09 2.4643E-09 2.3323E-09 2.2087E-09 2.0869E-09 1.9652E-09 1.8426E-09 1.7215E-09 1.6014E-09 1.4847E-09 1.3726E-09 1.2609E-09 1.1651E-09 1.0749E-09 9.8951E-10 9.0763E-10 8.3374E-10 7.6236E-10 6.9656E-10 6.3665E-10 5.7743E-10 5.2609E-10 4.7717E-10 4.3131E-10 3.9106E-10 3.5119E-10 3.1558E-10 2.8394E-10 2.5211E-10 2.2697E-10 2.0226E-10 1.7884E-10 1.5947E-10 1.4011E-10 1.2332E-10 1.0678E-10 9.1007E-11 7.7967E-11 6.6451E-11 5.7357E-11 5.0231E-11 4.3438E-11 3.7745E-11 3.2690E-11 2.7766E-11 2.3793E-11
3.9587E-09 3.8523E-09 3.7341E-09 3.6119E-09 3.4923E-09 3.3817E-09 3.2632E-09 3.1399E-09 3.0211E-09 2.8994E-09 2.7694E-09 2.6393E-09 2.5114E-09 2.3823E-09 2.2450E-09 2.1197E-09 1.9947E-09 1.8709E-09 1.7446E-09 1.6220E-09 1.5029E-09 1.3889E-09 1.2775E-09 1.1779E-09 1.0866E-09 1.0012E-09 9.1707E-10 8.4211E-10 7.7118E-10 7.0285E-10 6.4217E-10 5.8436E-10 5.3012E-10 4.8197E-10 4.3490E-10 3.9352E-10 3.5421E-10 3.1716E-10 2.8620E-10 2.5516E-10 2.2775E-10 2.0284E-10 1.7920E-10 1.6062E-10 1.4121E-10 1.2333E-10 1.0792E-10 9.1964E-11 7.7683E-11 6.7279E-11 5.7034E-11 4.9927E-11 4.3586E-11 3.7932E-11 3.2444E-11 2.7983E-11 2.3588E-11
4.0737E-09 3.9569E-09 3.8339E-09 3.7044E-09 3.5787E-09 3.4589E-09 3.3374E-09 3.2087E-09 3.0828E-09 2.9566E-09 2.8279E-09 2.6879E-09 2.5566E-09 2.4232E-09 2.2853E-09 2.1499E-09 2.0219E-09 1.8951E-09 1.7705E-09 1.6407E-09 1.5193E-09 1.4033E-09 1.2917E-09 1.1892E-09 1.0970E-09 1.0105E-09 9.2749E-10 8.4907E-10 7.7798E-10 7.0875E-10 6.4659E-10 5.8883E-10 5.3322E-10 4.8463E-10 4.3777E-10 3.9528E-10 3.5661E-10 3.1819E-10 2.8703E-10 2.5673E-10 2.2812E-10 2.0402E-10 1.8029E-10 1.6062E-10 1.4203E-10 1.2427E-10 1.0766E-10 9.1605E-11 7.8497E-11 6.6864E-11 5.7059E-11 5.0002E-11 4.3225E-11 3.7603E-11 3.2142E-11 2.7712E-11 2.3342E-11
4.1941E-09 4.0656E-09 3.9346E-09 3.7997E-09 3.6636E-09 3.5340E-09 3.4094E-09 3.2754E-09 3.1419E-09 3.0111E-09 2.8781E-09 2.7349E-09 2.5984E-09 2.4615E-09 2.3239E-09 2.1778E-09 2.0465E-09 1.9169E-09 1.7899E-09 1.6573E-09 1.5337E-09 1.4159E-09 1.3025E-09 1.2013E-09 1.1057E-09 1.0180E-09 9.3555E-10 8.5455E-10 7.8272E-10 7.1425E-10 6.4987E-10 5.9229E-10 5.3617E-10 4.8643E-10 4.3988E-10 3.9634E-10 3.5839E-10 3.2081E-10 2.8736E-10 2.5688E-10 2.2808E-10 2.0481E-10 1.8105E-10 1.6033E-10 1.4169E-10 1.2385E-10 1.0841E-10 9.1081E-11 7.7964E-11 6.6330E-11 5.6540E-11 4.9529E-11 4.2789E-11 3.7211E-11 3.1786E-11 2.7393E-11 2.3057E-11
4.3161E-09 4.1786E-09 4.0392E-09 3.8916E-09 3.7465E-09 3.6067E-09 3.4768E-09 3.3370E-09 3.1983E-09 3.0628E-09 2.9251E-09 2.7861E-09 2.6361E-09 2.4972E-09 2.3559E-09 2.2147E-09 2.0684E-09 1.9361E-09 1.8070E-09 1.6764E-09 1.5459E-09 1.4264E-09 1.3114E-09 1.2109E-09 1.1125E-09 1.0238E-09 9.4050E-10 8.6021E-10 7.8607E-10 7.1845E-10 6.5199E-10 5.9402E-10 5.3893E-10 4.8735E-10 4.4122E-10 3.9744E-10 3.5858E-10 3.2078E-10 2.8716E-10 2.5754E-10 2.2869E-10 2.0435E-10 1.8051E-10 1.5974E-10 1.4110E-10 1.2423E-10 1.0778E-10 9.2800E-11 7.7295E-11 6.5681E-11 5.5923E-11 4.8971E-11 4.2281E-11 3.6755E-11 3.1376E-11 2.7029E-11 2.2330E-11
4.4421E-09 4.2919E-09 4.1441E-09 3.9869E-09 3.8242E-09 3.6809E-09 3.5414E-09 3.4032E-09 3.2516E-09 3.1114E-09 2.9693E-09 2.8256E-09 2.6792E-09 2.5279E-09 2.3849E-09 2.2404E-09 2.0879E-09 1.9527E-09 1.8215E-09 1.6888E-09 1.5558E-09 1.4346E-09 1.3181E-09 1.2169E-09 1.1190E-09 1.0278E-09 9.4376E-10 8.6434E-10 7.8800E-10 7.1995E-10 6.5456E-10 5.9466E-10 5.3998E-10 4.8738E-10 4.4175E-10 3.9782E-10 3.5812E-10 3.2121E-10 2.8644E-10 2.5679E-10 2.2888E-10 2.0351E-10 1.8062E-10 1.5887E-10 1.4117E-10 1.2340E-10 1.0696E-10 9.1997E-11 7.8740E-11 6.6023E-11 5.5212E-11 4.8331E-11 4.1703E-11 3.6239E-11 3.0915E-11 2.6622E-11 2.1974E-11
4.5631E-09 4.4085E-09 4.2484E-09 4.0824E-09 3.9166E-09 3.7484E-09 3.6028E-09 3.4595E-09 3.3115E-09 3.1565E-09 3.0099E-09 2.8621E-09 2.7138E-09 2.5551E-09 2.4092E-09 2.2634E-09 2.1168E-09 1.9665E-09 1.8333E-09 1.6985E-09 1.5680E-09 1.4407E-09 1.3227E-09 1.2207E-09 1.1236E-09 1.0298E-09 9.4530E-10 8.6614E-10 7.8933E-10 7.2014E-10 6.5516E-10 5.9421E-10 5.4005E-10 4.8732E-10 4.4082E-10 3.9748E-10 3.5701E-10 3.2104E-10 2.8628E-10 2.5652E-10 2.2767E-10 2.0231E-10 1.7946E-10 1.5874E-10 1.4009E-10 1.2332E-10 1.0595E-10 9.1035E-11 7.7825E-11 6.5161E-11 5.5577E-11 4.7612E-11 4.1058E-11 3.5664E-11 3.0405E-11 2.6173E-11 2.1584E-11
4.6812E-09 4.5195E-09 4.3546E-09 4.1805E-09 4.0019E-09 3.8217E-09 3.6605E-09 3.5120E-09 3.3616E-09 3.1981E-09 3.0468E-09 2.8948E-09 2.7425E-09 2.5903E-09 2.4296E-09 2.2816E-09 2.1338E-09 1.9803E-09 1.8423E-09 1.7055E-09 1.5731E-09 1.4451E-09 1.3250E-09 1.2222E-09 1.1252E-09 1.0309E-09 9.4509E-10 8.6562E-10 7.9003E-10 7.1899E-10 6.5457E-10 5.9347E-10 5.3846E-10 4.8637E-10 4.3908E-10 3.9574E-10 3.5524E-10 3.1933E-10 2.8560E-10 2.5486E-10 2.2704E-10 2.0074E-10 1.7891E-10 1.5733E-10 1.3876E-10 1.2207E-10 1.0593E-10 8.9917E-11 7.6780E-11 6.4191E-11 5.4698E-11 4.6818E-11 4.0349E-11 3.5035E-11 2.9433E-11 2.5685E-11 2.1164E-11
4.7992E-09 4.6268E-09 4.4534E-09 4.2797E-09 4.0901E-09 3.9080E-09 3.7178E-09 3.5608E-09 3.4052E-09 3.2485E-09 3.0801E-09 2.9238E-09 2.7673E-09 2.6115E-09 2.4464E-09 2.2955E-09 2.1472E-09 1.9991E-09 1.8482E-09 1.7096E-09 1.5756E-09 1.4490E-09 1.3247E-09 1.2214E-09 1.1240E-09 1.0310E-09 9.4312E-10 8.6350E-10 7.8849E-10 7.1650E-10 6.5277E-10 5.9165E-10 5.3587E-10 4.8453E-10 4.3654E-10 3.9396E-10 3.5359E-10 3.1798E-10 2.8339E-10 2.5274E-10 2.2504E-10 1.9985E-10 1.7712E-10 1.5662E-10 1.3719E-10 1.2062E-10 1.0457E-10 8.9890E-11 7.5609E-11 6.3120E-11 5.3734E-11 4.5953E-11 3.9579E-11 3.4355E-11 2.8838E-11 2.5160E-11 2.0310E-11
4.9173E-09 4.7328E-09 4.5492E-09 4.3666E-09 4.1767E-09 3.9814E-09 3.7959E-09 3.6065E-09 3.4448E-09 3.2830E-09 3.1089E-09 2.9486E-09 2.7882E-09 2.6286E-09 2.4706E-09 2.3056E-09 2.1553E-09 2.0077E-09 1.8541E-09 1.7107E-09 1.5752E-09 1.4486E-09 1.3219E-09 1.2183E-09 1.1207E-09 1.0283E-09 9.3937E-10 8.5976E-10 7.8548E-10 7.1354E-10 6.4906E-10 5.8874E-10 5.3230E-10 4.8179E-10 4.3397E-10 3.9079E-10 3.5128E-10 3.1513E-10 2.8067E-10 2.5016E-10 2.2263E-10 1.9760E-10 1.7503E-10 1.5468E-10 1.3626E-10 1.1896E-10 1.0304E-10 8.8490E-11 7.4318E-11 6.1953E-11 5.2690E-11 4.5021E-11 3.8753E-11 3.3625E-11 2.8204E-11 2.3768E-11 1.9649E-11
5.0328E-09 4.8367E-09 4.6431E-09 4.4506E-09 4.2601E-09 4.0573E-09 3.8638E-09 3.6548E-09 3.4799E-09 3.3134E-09 3.1465E-09 2.9688E-09 2.8047E-09 2.6417E-09 2.4805E-09 2.3119E-09 2.1594E-09 2.0114E-09 1.8628E-09 1.7088E-09 1.5720E-09 1.4445E-09 1.3185E-09 1.2128E-09 1.1152E-09 1.0236E-09 9.3566E-10 8.5441E-10 7.8031E-10 7.0926E-10 6.4415E-10 5.8403E-10 5.2775E-10 4.7749E-10 4.3060E-10 3.8758E-10 3.4764E-10 3.1171E-10 2.7849E-10 2.4715E-10 2.2080E-10 1.9501E-10 1.7264E-10 1.5248E-10 1.3424E-10 1.1804E-10 1.0134E-10 8.6950E-11 7.2914E-11 6.0694E-11 5.1572E-11 4.4027E-11 3.7448E-11 3.2851E-11 2.7533E-11 2.3189E-11 1.8965E-11
5.1464E-09 4.9382E-09 4.7333E-09 4.5322E-09 4.3319E-09 4.1348E-09 3.9253E-09 3.7282E-09 3.5140E-09 3.3388E-09 3.1676E-09 2.9921E-09 2.8167E-09 2.6502E-09 2.4862E-09 2.3235E-09 2.1597E-09 2.0101E-09 1.8651E-09 1.7067E-09 1.5658E-09 1.4376E-09 1.3126E-09 1.2051E-09 1.1077E-09 1.0163E-09 9.2935E-10 8.4746E-10 7.7369E-10 7.0369E-10 6.3805E-10 5.7899E-10 5.2306E-10 4.7300E-10 4.2575E-10 3.8303E-10 3.4408E-10 3.0775E-10 2.7481E-10 2.4480E-10 2.1764E-10 1.9310E-10 1.6995E-10 1.5003E-10 1.3199E-10 1.1600E-10 1.0047E-10 8.5278E-11 7.0365E-11 5.9351E-11 5.0384E-11 4.2975E-11 3.6527E-11 3.2036E-11 2.6829E-11 2.2178E-11 1.7852E-11
5.2583E-09 5.0379E-09 4.8207E-09 4.6091E-09 4.4012E-09 4.1948E-09 3.9723E-09 3.7788E-09 3.5533E-09 3.3599E-09 3.1834E-09 3.0084E-09 2.8239E-09 2.6543E-09 2.4875E-09 2.3245E-09 2.1561E-09 2.0051E-09 1.8602E-09 1.7056E-09 1.5566E-09 1.4280E-09 1.3033E-09 1.1960E-09 1.0981E-09 1.0071E-09 9.2132E-10 8.3896E-10 7.6565E-10 6.9682E-10 6.3163E-10 5.7218E-10 5.1742E-10 4.6701E-10 4.2015E-10 3.7780E-10 3.3924E-10 3.0399E-10 2.7067E-10 2.4097E-10 2.1413E-10 1.8988E-10 1.6700E-10 1.4734E-10 1.2953E-10 1.1379E-10 9.8466E-11 8.3481E-11 6.8765E-11 5.7930E-11 4.8691E-11 4.1871E-11 3.5563E-11 3.0337E-11 2.6095E-11 2.1365E-11 1.6948E-11
