Assets/Resources/2015_m01_d07_1400(utc+0800)_l00_csi_1hr_conc.grd
DSAA
         159         159
     -79.000      79.000
     -79.000      79.000
  0.0000E+00  0.1107E-05
[rows 25 to 49 of 159, columns 0 to 56 of 159]
2.6304E-10 2.7649E-10 2.9482E-10 3.1514E-10 3.3633E-10 3.6148E-10 3.8340E-10 4.1391E-10 4.3801E-10 4.7038E-10 4.9970E-10 5.3210E-10 5.6691E-10 5.9765E-10 6.2975E-10 6.6552E-10 7.0156E-10 7.4075E-10 7.7958E-10 8.2242E-10 8.6419E-10 9.1086E-10 9.5581E-10 1.0086E-09 1.0591E-09 1.1165E-09 1.1734E-09 1.2328E-09 1.2946E-09 1.3593E-09 1.4270E-09 1.4997E-09 1.5782E-09 1.6598E-09 1.7564E-09 1.8443E-09 1.9311E-09 2.0387E-09 2.1351E-09 2.2382E-09 2.3553E-09 2.4662E-09 2.5821E-09 2.7104E-09 2.8332E-09 2.9611E-09 3.1035E-09 3.2417E-09 3.3841E-09 3.5407E-09 3.6932E-09 3.8501E-09 4.0111E-09 4.1783E-09 4.3504E-09 4.5262E-09 4.7066E-09
2.6026E-10 2.7361E-10 2.9183E-10 3.1204E-10 3.3312E-10 3.5816E-10 3.7996E-10 4.1039E-10 4.3440E-10 4.6733E-10 4.9591E-10 5.3043E-10 5.6301E-10 5.9429E-10 6.3035E-10 6.6334E-10 7.0207E-10 7.3706E-10 7.8004E-10 8.1788E-10 8.6462E-10 9.0628E-10 9.5114E-10 1.0039E-09 1.0545E-09 1.1142E-09 1.1689E-09 1.2305E-09 1.2904E-09 1.3576E-09 1.4252E-09 1.4987E-09 1.5772E-09 1.6617E-09 1.7575E-09 1.8458E-09 1.9361E-09 2.0430E-09 2.1403E-09 2.2564E-09 2.3637E-09 2.4736E-09 2.6006E-09 2.7216E-09 2.8467E-09 2.9864E-09 3.1225E-09 3.2632E-09 3.4178E-09 3.5686E-09 3.7240E-09 3.8836E-09 4.0494E-09 4.2206E-09 4.3958E-09 4.5759E-09 4.7616E-09
2.5733E-10 2.7058E-10 2.8867E-10 3.0875E-10 3.2969E-10 3.5462E-10 3.7631E-10 4.0661E-10 4.3191E-10 4.6480E-10 4.9334E-10 5.2688E-10 5.5867E-10 5.9182E-10 6.2574E-10 6.5999E-10 6.9726E-10 7.3421E-10 7.7501E-10 8.1489E-10 8.5944E-10 9.0165E-10 9.5087E-10 9.9927E-10 1.0542E-09 1.1087E-09 1.1635E-09 1.2252E-09 1.2850E-09 1.3546E-09 1.4228E-09 1.4984E-09 1.5771E-09 1.6717E-09 1.7569E-09 1.8438E-09 1.9492E-09 2.0435E-09 2.1470E-09 2.2621E-09 2.3684E-09 2.4819E-09 2.6086E-09 2.7311E-09 2.8680E-09 3.0009E-09 3.1391E-09 3.2816E-09 3.4403E-09 3.5938E-09 3.7519E-09 3.9159E-09 4.0858E-09 4.2600E-09 4.4390E-09 4.6243E-09 4.8147E-09
2.5426E-10 2.6738E-10 2.8533E-10 3.0528E-10 3.2608E-10 3.5149E-10 3.7240E-10 4.0255E-10 4.2638E-10 4.6049E-10 4.8888E-10 5.2358E-10 5.5531E-10 5.8687E-10 6.2067E-10 6.5474E-10 6.9187E-10 7.2868E-10 7.6939E-10 8.0909E-10 8.5353E-10 8.9634E-10 9.4672E-10 9.9296E-10 1.0500E-09 1.1024E-09 1.1591E-09 1.2187E-09 1.2809E-09 1.3483E-09 1.4165E-09 1.4968E-09 1.5742E-09 1.6692E-09 1.7552E-09 1.8541E-09 1.9495E-09 2.0449E-09 2.1589E-09 2.2639E-09 2.3716E-09 2.4964E-09 2.6150E-09 2.7391E-09 2.8786E-09 3.0137E-09 3.1534E-09 3.3087E-09 3.4598E-09 3.6158E-09 3.7776E-09 3.9459E-09 4.1189E-09 4.2965E-09 4.4808E-09 4.6706E-09 4.8648E-09
2.4934E-10 2.6403E-10 2.8183E-10 2.9902E-10 3.2226E-10 3.4570E-10 3.6825E-10 3.9890E-10 4.2341E-10 4.5648E-10 4.8539E-10 5.1853E-10 5.5008E-10 5.8147E-10 6.1506E-10 6.4897E-10 6.8595E-10 7.2258E-10 7.6309E-10 8.0262E-10 8.4695E-10 8.8952E-10 9.3978E-10 9.8791E-10 1.0428E-09 1.0972E-09 1.1540E-09 1.2112E-09 1.2755E-09 1.3407E-09 1.4136E-09 1.4896E-09 1.5783E-09 1.6678E-09 1.7519E-09 1.8521E-09 1.9463E-09 2.0471E-09 2.1599E-09 2.2640E-09 2.3848E-09 2.4998E-09 2.6199E-09 2.7553E-09 2.8876E-09 3.0243E-09 3.1814E-09 3.3300E-09 3.4837E-09 3.6429E-09 3.8095E-09 3.9816E-09 4.1582E-09 4.3421E-09 4.5319E-09 4.7264E-09 4.9276E-09
2.4599E-10 2.6053E-10 2.7634E-10 2.9391E-10 3.1824E-10 3.4152E-10 3.6388E-10 3.9430E-10 4.1859E-10 4.5208E-10 4.7874E-10 5.1310E-10 5.4440E-10 5.7558E-10 6.0898E-10 6.4270E-10 6.7944E-10 7.1586E-10 7.5620E-10 7.9549E-10 8.3957E-10 8.8195E-10 9.3208E-10 9.7996E-10 1.0347E-09 1.0889E-09 1.1456E-09 1.2048E-09 1.2692E-09 1.3367E-09 1.4095E-09 1.4832E-09 1.5753E-09 1.6605E-09 1.7562E-09 1.8489E-09 1.9437E-09 2.0549E-09 2.1573E-09 2.2622E-09 2.3849E-09 2.5012E-09 2.6326E-09 2.7606E-09 2.8945E-09 3.0426E-09 3.1937E-09 3.3437E-09 3.4992E-09 3.6623E-09 3.8316E-09 4.0055E-09 4.1869E-09 4.3750E-09 4.5686E-09 4.7689E-09 4.9749E-09
2.4250E-10 2.5688E-10 2.7252E-10 2.8992E-10 3.1404E-10 3.3710E-10 3.5922E-10 3.8744E-10 4.1345E-10 4.4670E-10 4.7312E-10 5.0722E-10 5.3830E-10 5.6927E-10 6.0241E-10 6.3587E-10 6.7239E-10 7.0857E-10 7.4862E-10 7.8765E-10 8.3154E-10 8.7363E-10 9.2349E-10 9.7114E-10 1.0279E-09 1.0797E-09 1.1383E-09 1.1951E-09 1.2594E-09 1.3269E-09 1.4017E-09 1.4893E-09 1.5709E-09 1.6563E-09 1.7484E-09 1.8440E-09 1.9393E-09 2.0495E-09 2.1528E-09 2.2708E-09 2.3831E-09 2.5006E-09 2.6336E-09 2.7637E-09 2.8990E-09 3.0493E-09 3.2021E-09 3.3549E-09 3.5191E-09 3.6857E-09 3.8573E-09 4.0359E-09 4.2218E-09 4.4142E-09 4.6133E-09 4.8192E-09 5.0311E-09
2.3886E-10 2.5307E-10 2.6682E-10 2.8575E-10 3.0961E-10 3.3176E-10 3.5426E-10 3.8223E-10 4.0799E-10 4.4094E-10 4.6711E-10 5.0097E-10 5.3178E-10 5.6245E-10 5.9534E-10 6.2855E-10 6.6477E-10 7.0062E-10 7.4043E-10 7.7918E-10 8.2273E-10 8.6450E-10 9.1415E-10 9.6149E-10 1.0179E-09 1.0694E-09 1.1278E-09 1.1843E-09 1.2507E-09 1.3158E-09 1.3930E-09 1.4788E-09 1.5627E-09 1.6484E-09 1.7439E-09 1.8377E-09 1.9434E-09 2.0447E-09 2.1464E-09 2.2659E-09 2.3794E-09 2.5076E-09 2.6332E-09 2.7647E-09 2.9111E-09 3.0537E-09 3.2077E-09 3.3625E-09 3.5316E-09 3.7009E-09 3.8749E-09 4.0574E-09 4.2467E-09 4.4426E-09 4.6461E-09 4.8563E-09 5.0725E-09
2.3511E-10 2.4775E-10 2.6268E-10 2.8134E-10 3.0489E-10 3.2419E-10 3.4905E-10 3.7489E-10 4.0219E-10 4.3486E-10 4.6077E-10 4.9431E-10 5.2480E-10 5.5520E-10 5.8780E-10 6.2064E-10 6.5657E-10 6.9212E-10 7.3159E-10 7.7500E-10 8.1322E-10 8.5985E-10 9.0468E-10 9.5614E-10 1.0070E-09 1.0581E-09 1.1162E-09 1.1749E-09 1.2387E-09 1.3081E-09 1.3829E-09 1.4669E-09 1.5534E-09 1.6462E-09 1.7379E-09 1.8297E-09 1.9362E-09 2.0360E-09 2.1482E-09 2.2592E-09 2.3734E-09 2.5034E-09 2.6305E-09 2.7728E-09 2.9113E-09 3.0555E-09 3.2102E-09 3.3683E-09 3.5404E-09 3.7119E-09 3.8965E-09 4.0840E-09 4.2759E-09 4.4772E-09 4.6855E-09 4.9001E-09 5.1244E-09
2.3120E-10 2.4364E-10 2.5695E-10 2.7672E-10 2.9814E-10 3.1768E-10 3.4354E-10 3.6846E-10 3.9469E-10 4.2648E-10 4.5264E-10 4.8725E-10 5.1744E-10 5.4746E-10 5.7971E-10 6.1224E-10 6.4784E-10 6.8790E-10 7.2210E-10 7.6520E-10 8.0373E-10 8.4915E-10 8.9356E-10 9.4472E-10 9.9525E-10 1.0459E-09 1.1037E-09 1.1620E-09 1.2255E-09 1.2947E-09 1.3804E-09 1.4584E-09 1.5425E-09 1.6336E-09 1.7257E-09 1.8273E-09 1.9274E-09 2.0255E-09 2.1412E-09 2.2508E-09 2.3755E-09 2.4975E-09 2.6255E-09 2.7690E-09 2.9091E-09 3.0542E-09 3.2105E-09 3.3711E-09 3.5440E-09 3.7190E-09 3.9090E-09 4.0989E-09 4.2972E-09 4.5018E-09 4.7136E-09 4.9347E-09 5.1656E-09
2.2710E-10 2.3931E-10 2.5241E-10 2.7057E-10 2.9124E-10 3.1163E-10 3.3780E-10 3.6242E-10 3.8677E-10 4.1972E-10 4.4557E-10 4.7980E-10 5.0957E-10 5.3927E-10 5.7119E-10 6.0330E-10 6.3849E-10 6.7823E-10 7.1273E-10 7.5463E-10 7.9339E-10 8.3770E-10 8.8171E-10 9.3245E-10 9.8251E-10 1.0351E-09 1.0902E-09 1.1504E-09 1.2138E-09 1.2868E-09 1.3688E-09 1.4487E-09 1.5394E-09 1.6218E-09 1.7144E-09 1.8142E-09 1.9146E-09 2.0230E-09 2.1299E-09 2.2402E-09 2.3662E-09 2.4893E-09 2.6281E-09 2.7631E-09 2.9042E-09 3.0500E-09 3.2086E-09 3.3706E-09 3.5446E-09 3.7229E-09 3.9169E-09 4.1109E-09 4.3135E-09 4.5225E-09 4.7406E-09 4.9682E-09 5.2048E-09
2.2284E-10 2.3314E-10 2.4768E-10 2.6411E-10 2.8591E-10 3.0601E-10 3.2990E-10 3.5338E-10 3.8008E-10 4.1013E-10 4.3810E-10 4.7193E-10 5.0134E-10 5.3064E-10 5.6211E-10 5.9384E-10 6.2865E-10 6.6793E-10 7.0332E-10 7.4334E-10 7.8168E-10 8.2554E-10 8.6902E-10 9.1933E-10 9.6894E-10 1.0210E-09 1.0756E-09 1.1376E-09 1.1984E-09 1.2733E-09 1.3554E-09 1.4351E-09 1.5263E-09 1.6112E-09 1.7108E-09 1.8042E-09 1.9002E-09 2.0094E-09 2.1169E-09 2.2376E-09 2.3550E-09 2.4792E-09 2.6185E-09 2.7546E-09 2.8963E-09 3.0438E-09 3.2038E-09 3.3663E-09 3.5429E-09 3.7238E-09 3.9191E-09 4.1242E-09 4.3322E-09 4.5463E-09 4.7737E-09 5.0088E-09 5.2517E-09
2.1843E-10 2.2848E-10 2.4277E-10 2.5711E-10 2.7772E-10 3.0012E-10 3.2366E-10 3.4543E-10 3.7309E-10 4.0056E-10 4.3030E-10 4.6371E-10 4.8835E-10 5.2154E-10 5.5261E-10 5.8390E-10 6.1815E-10 6.5692E-10 6.9188E-10 7.3145E-10 7.6925E-10 8.1260E-10 8.5560E-10 9.0543E-10 9.5446E-10 1.0081E-09 1.0600E-09 1.1216E-09 1.1841E-09 1.2674E-09 1.3387E-09 1.4203E-09 1.5094E-09 1.5944E-09 1.6943E-09 1.7901E-09 1.8937E-09 1.9963E-09 2.1019E-09 2.2235E-09 2.3421E-09 2.4766E-09 2.6067E-09 2.7437E-09 2.8854E-09 3.0352E-09 3.1945E-09 3.3593E-09 3.5378E-09 3.7204E-09 3.9185E-09 4.1274E-09 4.3377E-09 4.5609E-09 4.7940E-09 5.0348E-09 5.2867E-09
2.1384E-10 2.2368E-10 2.3711E-10 2.5000E-10 2.7070E-10 2.9266E-10 3.1541E-10 3.3791E-10 3.6579E-10 3.9287E-10 4.2214E-10 4.5305E-10 4.7930E-10 5.1205E-10 5.4259E-10 5.7332E-10 6.0709E-10 6.4542E-10 6.7985E-10 7.1887E-10 7.5616E-10 7.9901E-10 8.4141E-10 8.9065E-10 9.3913E-10 9.9219E-10 1.0457E-09 1.1045E-09 1.1665E-09 1.2498E-09 1.3206E-09 1.4158E-09 1.4911E-09 1.5808E-09 1.6762E-09 1.7720E-09 1.8765E-09 1.9790E-09 2.0950E-09 2.2075E-09 2.3268E-09 2.4617E-09 2.5926E-09 2.7298E-09 2.8724E-09 3.0237E-09 3.1805E-09 3.3498E-09 3.5297E-09 3.7135E-09 3.9137E-09 4.1247E-09 4.3412E-09 4.5773E-09 4.8159E-09 5.0659E-09 5.3280E-09
2.0913E-10 2.1873E-10 2.3185E-10 2.4448E-10 2.6351E-10 2.8449E-10 3.0868E-10 3.3016E-10 3.5630E-10 3.8143E-10 4.1217E-10 4.4410E-10 4.6986E-10 5.0200E-10 5.3203E-10 5.6230E-10 5.9558E-10 6.3334E-10 6.6722E-10 7.0573E-10 7.4244E-10 7.8467E-10 8.2645E-10 8.7514E-10 9.2299E-10 9.7539E-10 1.0283E-09 1.0865E-09 1.1500E-09 1.2334E-09 1.3034E-09 1.3966E-09 1.4738E-09 1.5730E-09 1.6567E-09 1.7525E-09 1.8575E-09 1.9599E-09 2.0766E-09 2.1893E-09 2.3191E-09 2.4442E-09 2.5758E-09 2.7128E-09 2.8571E-09 3.0090E-09 3.1663E-09 3.3347E-09 3.5172E-09 3.7035E-09 3.9053E-09 4.1179E-09 4.3409E-09 4.5822E-09 4.8276E-09 5.0881E-09 5.3577E-09
2.0425E-10 2.1364E-10 2.2480E-10 2.3880E-10 2.5678E-10 2.7656E-10 2.9772E-10 3.2279E-10 3.4660E-10 3.7174E-10 4.0184E-10 4.3471E-10 4.5991E-10 4.9154E-10 5.2110E-10 5.5082E-10 5.8352E-10 6.2076E-10 6.5409E-10 6.9197E-10 7.2803E-10 7.6969E-10 8.1083E-10 8.5886E-10 9.0601E-10 9.5777E-10 1.0100E-09 1.0698E-09 1.1325E-09 1.2136E-09 1.2879E-09 1.3761E-09 1.4529E-09 1.5522E-09 1.6379E-09 1.7413E-09 1.8390E-09 1.9391E-09 2.0562E-09 2.1694E-09 2.2993E-09 2.4245E-09 2.5562E-09 2.6930E-09 2.8388E-09 2.9905E-09 3.1498E-09 3.3181E-09 3.4982E-09 3.6895E-09 3.8921E-09 4.1098E-09 4.3368E-09 4.5820E-09 4.8371E-09 5.1105E-09 5.3900E-09
1.9928E-10 2.0843E-10 2.1792E-10 2.3161E-10 2.4992E-10 2.6814E-10 2.8922E-10 3.1378E-10 3.3856E-10 3.6250E-10 3.9262E-10 4.2208E-10 4.4966E-10 4.8074E-10 5.0972E-10 5.3888E-10 5.7104E-10 6.0768E-10 6.4035E-10 6.7763E-10 7.1308E-10 7.5407E-10 7.9449E-10 8.4185E-10 8.8832E-10 9.3935E-10 9.9079E-10 1.0499E-09 1.1276E-09 1.1927E-09 1.2685E-09 1.3544E-09 1.4331E-09 1.5301E-09 1.6177E-09 1.7191E-09 1.8163E-09 1.9265E-09 2.0335E-09 2.1470E-09 2.2771E-09 2.4024E-09 2.5336E-09 2.6713E-09 2.8175E-09 2.9689E-09 3.1298E-09 3.2988E-09 3.4757E-09 3.6712E-09 3.8759E-09 4.0984E-09 4.3287E-09 4.5794E-09 4.8410E-09 5.1242E-09 5.4154E-09
1.9418E-10 2.0308E-10 2.1234E-10 2.2569E-10 2.4048E-10 2.6011E-10 2.8130E-10 3.0410E-10 3.2883E-10 3.5289E-10 3.8117E-10 4.0860E-10 4.3756E-10 4.6953E-10 4.9798E-10 5.2658E-10 5.5809E-10 5.9408E-10 6.2615E-10 6.6278E-10 6.9752E-10 7.3781E-10 7.7755E-10 8.2421E-10 8.6986E-10 9.2011E-10 9.7083E-10 1.0292E-09 1.1064E-09 1.1707E-09 1.2575E-09 1.3315E-09 1.4237E-09 1.5066E-09 1.5962E-09 1.6953E-09 1.7917E-09 1.9025E-09 2.0089E-09 2.1329E-09 2.2525E-09 2.3774E-09 2.5084E-09 2.6468E-09 2.7928E-09 2.9449E-09 3.1068E-09 3.2757E-09 3.4542E-09 3.6445E-09 3.8575E-09 4.0837E-09 4.3161E-09 4.5747E-09 4.8444E-09 5.1350E-09 5.4417E-09
1.8898E-10 1.9765E-10 2.0664E-10 2.1962E-10 2.3103E-10 2.5197E-10 2.7319E-10 2.9279E-10 3.1740E-10 3.4376E-10 3.6959E-10 3.9617E-10 4.2665E-10 4.5803E-10 4.8587E-10 5.1382E-10 5.4473E-10 5.8007E-10 6.1147E-10 6.4738E-10 6.8144E-10 7.2105E-10 7.6001E-10 8.0585E-10 8.5075E-10 8.9813E-10 9.5003E-10 1.0075E-09 1.0843E-09 1.1506E-09 1.2343E-09 1.3075E-09 1.4020E-09 1.4816E-09 1.5806E-09 1.6699E-09 1.7655E-09 1.8765E-09 1.9825E-09 2.1066E-09 2.2254E-09 2.3498E-09 2.4803E-09 2.6190E-09 2.7646E-09 2.9178E-09 3.0800E-09 3.2498E-09 3.4291E-09 3.6189E-09 3.8316E-09 4.0614E-09 4.3047E-09 4.5688E-09 4.8459E-09 5.1573E-09 5.4861E-09
1.8370E-10 1.9209E-10 2.0084E-10 2.1137E-10 2.2458E-10 2.4221E-10 2.6181E-10 2.8341E-10 3.0667E-10 3.3107E-10 3.5826E-10 3.8497E-10 4.1347E-10 4.4339E-10 4.7338E-10 5.0074E-10 5.3099E-10 5.6065E-10 5.9487E-10 6.3156E-10 6.6491E-10 7.0370E-10 7.4188E-10 7.8697E-10 8.3100E-10 8.7746E-10 9.2853E-10 9.8520E-10 1.0614E-09 1.1269E-09 1.2100E-09 1.2824E-09 1.3765E-09 1.4553E-09 1.5543E-09 1.6425E-09 1.7479E-09 1.8484E-09 1.9540E-09 2.0780E-09 2.1959E-09 2.3195E-09 2.4501E-09 2.5883E-09 2.7333E-09 2.8869E-09 3.0493E-09 3.2199E-09 3.4006E-09 3.5944E-09 3.8028E-09 4.0359E-09 4.2902E-09 4.5674E-09 4.8613E-09 5.1980E-09 5.5575E-09
1.7831E-10 1.8648E-10 1.9499E-10 2.0517E-10 2.1797E-10 2.3351E-10 2.5256E-10 2.7393E-10 2.9717E-10 3.1829E-10 3.4680E-10 3.7351E-10 4.0201E-10 4.2849E-10 4.6063E-10 4.8732E-10 5.1687E-10 5.4586E-10 5.7938E-10 6.1528E-10 6.4785E-10 6.8591E-10 7.2328E-10 7.6747E-10 8.1062E-10 8.5626E-10 9.0646E-10 9.6217E-10 1.0377E-09 1.1022E-09 1.1872E-09 1.2561E-09 1.3498E-09 1.4277E-09 1.5265E-09 1.6136E-09 1.7190E-09 1.8183E-09 1.9338E-09 2.0465E-09 2.1637E-09 2.2868E-09 2.4170E-09 2.5548E-09 2.6997E-09 2.8530E-09 3.0147E-09 3.1866E-09 3.3689E-09 3.5662E-09 3.7768E-09 4.0126E-09 4.2811E-09 4.5744E-09 4.9055E-09 5.2720E-09 5.6649E-09
1.7148E-10 1.8080E-10 1.8902E-10 1.9759E-10 2.1002E-10 2.2368E-10 2.4233E-10 2.6290E-10 2.8523E-10 3.0754E-10 3.3234E-10 3.5914E-10 3.9037E-10 4.1402E-10 4.4755E-10 4.7359E-10 5.0247E-10 5.3075E-10 5.6275E-10 5.9862E-10 6.3045E-10 6.6765E-10 7.0414E-10 7.4750E-10 7.8982E-10 8.3453E-10 8.8157E-10 9.3615E-10 1.0132E-09 1.0766E-09 1.1609E-09 1.2288E-09 1.3219E-09 1.4011E-09 1.4972E-09 1.5854E-09 1.6882E-09 1.7863E-09 1.9017E-09 2.0118E-09 2.1269E-09 2.2512E-09 2.3806E-09 2.5176E-09 2.6623E-09 2.8154E-09 2.9775E-09 3.1497E-09 3.3345E-09 3.5360E-09 3.7530E-09 3.9970E-09 4.2828E-09 4.6094E-09 4.9783E-09 5.3843E-09 5.8220E-09
1.6467E-10 1.7506E-10 1.8305E-10 1.9138E-10 2.0342E-10 2.1541E-10 2.3355E-10 2.5240E-10 2.7328E-10 2.9665E-10 3.2138E-10 3.4633E-10 3.7578E-10 4.0078E-10 4.2951E-10 4.5824E-10 4.8775E-10 5.1531E-10 5.4658E-10 5.8164E-10 6.1261E-10 6.4899E-10 6.8271E-10 7.2717E-10 7.6852E-10 8.1229E-10 8.5828E-10 9.1179E-10 9.8795E-10 1.0594E-09 1.1337E-09 1.2120E-09 1.2928E-09 1.3733E-09 1.4664E-09 1.5534E-09 1.6559E-09 1.7525E-09 1.8676E-09 1.9759E-09 2.0893E-09 2.2092E-09 2.3412E-09 2.4774E-09 2.6211E-09 2.7738E-09 2.9364E-09 3.1086E-09 3.2969E-09 3.5018E-09 3.7342E-09 4.0024E-09 4.3025E-09 4.6685E-09 5.0813E-09 5.5530E-09 6.0774E-09
1.5924E-10 1.6932E-10 1.7708E-10 1.8518E-10 1.9491E-10 2.0711E-10 2.2344E-10 2.4204E-10 2.6179E-10 2.8571E-10 3.0863E-10 3.3366E-10 3.6101E-10 3.8622E-10 4.1606E-10 4.4263E-10 4.7282E-10 4.9964E-10 5.3008E-10 5.5920E-10 5.9376E-10 6.3009E-10 6.6293E-10 7.0643E-10 7.4679E-10 7.8952E-10 8.3446E-10 8.9361E-10 9.6201E-10 1.0347E-09 1.1031E-09 1.1898E-09 1.2626E-09 1.3520E-09 1.4343E-09 1.5302E-09 1.6218E-09 1.7171E-09 1.8315E-09 1.9380E-09 2.0501E-09 2.1682E-09 2.2944E-09 2.4335E-09 2.5761E-09 2.7285E-09 2.8905E-09 3.0642E-09 3.2572E-09 3.4723E-09 3.7269E-09 4.0151E-09 4.3516E-09 4.7581E-09 5.2471E-09 5.8129E-09 6.4550E-09
1.5246E-10 1.6360E-10 1.7113E-10 1.7898E-10 1.8841E-10 2.0020E-10 2.1454E-10 2.3102E-10 2.5181E-10 2.7243E-10 2.9456E-10 3.2002E-10 3.4696E-10 3.7196E-10 4.0110E-10 4.2760E-10 4.5768E-10 4.8370E-10 5.1337E-10 5.4174E-10 5.7472E-10 6.1087E-10 6.4284E-10 6.8323E-10 7.2464E-10 7.6399E-10 8.1016E-10 8.7041E-10 9.3544E-10 1.0092E-09 1.0742E-09 1.1599E-09 1.2313E-09 1.3199E-09 1.4006E-09 1.4959E-09 1.5858E-09 1.6908E-09 1.7931E-09 1.8980E-09 2.0086E-09 2.1255E-09 2.2495E-09 2.3809E-09 2.5271E-09 2.6792E-09 2.8401E-09 3.0163E-09 3.2153E-09 3.4474E-09 3.7241E-09 4.0411E-09 4.4291E-09 4.9074E-09 5.4897E-09 6.1834E-09 6.9713E-09
