Assets/Resources/2015_m01_d29_2200(utc+0800)_l00_csi_1hr_conc.grd
DSAA
         159         159
     -79.000      79.000
     -79.000      79.000
  0.0000E+00  0.7997E-05
[rows 0 to 24 of 159, columns 0 to 56 of 159]
8.9951E-13 1.1190E-12 1.3118E-12 1.5589E-12 1.8208E-12 2.1795E-12 2.4737E-12 2.7452E-12 3.0745E-12 3.3822E-12 3.7501E-12 4.0976E-12 4.4826E-12 4.8462E-12 5.2899E-12 5.7147E-12 6.1629E-12 6.5744E-12 7.0070E-12 7.4618E-12 7.9394E-12 8.3794E-12 8.8403E-12 9.3228E-12 9.8276E-12 1.0356E-11 1.0908E-11 1.1484E-11 1.2087E-11 1.2716E-11 1.3372E-11 1.4056E-11 1.4769E-11 1.5513E-11 1.6287E-11 1.7093E-11 1.7931E-11 1.8803E-11 1.9710E-11 2.0652E-11 2.1630E-11 2.2645E-11 2.3699E-11 2.4791E-11 2.5923E-11 2.7096E-11 2.8310E-11 2.9567E-11 3.0868E-11 3.2212E-11 3.3601E-11 3.5036E-11 3.6518E-11 3.8047E-11 3.9623E-11 4.1249E-11 4.2923E-11
9.0258E-13 1.1229E-12 1.3165E-12 1.6462E-12 1.9099E-12 2.1884E-12 2.4842E-12 2.7570E-12 3.0882E-12 3.3976E-12 3.7677E-12 4.1173E-12 4.5048E-12 4.8707E-12 5.3175E-12 5.7451E-12 6.1964E-12 6.6105E-12 7.0461E-12 7.5038E-12 7.9846E-12 8.4272E-12 8.8908E-12 9.3761E-12 9.8839E-12 1.0415E-11 1.0970E-11 1.1550E-11 1.2156E-11 1.2789E-11 1.3449E-11 1.4137E-11 1.4855E-11 1.5603E-11 1.6381E-11 1.7192E-11 1.8036E-11 1.8913E-11 1.9825E-11 2.0772E-11 2.1756E-11 2.2778E-11 2.3837E-11 2.4936E-11 2.6075E-11 2.7255E-11 2.8477E-11 2.9742E-11 3.1050E-11 3.2402E-11 3.3800E-11 3.5244E-11 3.6735E-11 3.8273E-11 3.9859E-11 4.1494E-11 4.3179E-11
9.0530E-13 1.1264E-12 1.4029E-12 1.6518E-12 1.9168E-12 2.1965E-12 2.4937E-12 2.7679E-12 3.1008E-12 3.4118E-12 3.7839E-12 4.1354E-12 4.5667E-12 4.9346E-12 5.4006E-12 5.7733E-12 6.2276E-12 6.6442E-12 7.0824E-12 7.5430E-12 8.0269E-12 8.4719E-12 8.9380E-12 9.4259E-12 9.9365E-12 1.0471E-11 1.1029E-11 1.1612E-11 1.2221E-11 1.2857E-11 1.3521E-11 1.4213E-11 1.4935E-11 1.5687E-11 1.6470E-11 1.7285E-11 1.8133E-11 1.9015E-11 1.9932E-11 2.0885E-11 2.1875E-11 2.2902E-11 2.3967E-11 2.5072E-11 2.6218E-11 2.7404E-11 2.8633E-11 2.9905E-11 3.1220E-11 3.2581E-11 3.3986E-11 3.5438E-11 3.6937E-11 3.8484E-11 4.0080E-11 4.1724E-11 4.3419E-11
9.0766E-13 1.1705E-12 1.4071E-12 1.6568E-12 1.9618E-12 2.2037E-12 2.5022E-12 2.7776E-12 3.1121E-12 3.4246E-12 3.7987E-12 4.2347E-12 4.5857E-12 5.0139E-12 5.4834E-12 5.8580E-12 6.2564E-12 6.6753E-12 7.1161E-12 7.5793E-12 8.0661E-12 8.5133E-12 8.9818E-12 9.4722E-12 9.9854E-12 1.0522E-11 1.1083E-11 1.1669E-11 1.2282E-11 1.2921E-11 1.3588E-11 1.4284E-11 1.5009E-11 1.5765E-11 1.6552E-11 1.7371E-11 1.8224E-11 1.9111E-11 2.0032E-11 2.0990E-11 2.1985E-11 2.3017E-11 2.4088E-11 2.5199E-11 2.6350E-11 2.7543E-11 2.8778E-11 3.0057E-11 3.1379E-11 3.2747E-11 3.4160E-11 3.5619E-11 3.7126E-11 3.8681E-11 4.0285E-11 4.1939E-11 4.3642E-11
9.5101E-13 1.1733E-12 1.4502E-12 1.7005E-12 1.9673E-12 2.2100E-12 2.5097E-12 2.7862E-12 3.1222E-12 3.4361E-12 3.9357E-12 4.3091E-12 4.6618E-12 5.0930E-12 5.5058E-12 5.9422E-12 6.3426E-12 6.7039E-12 7.2074E-12 7.6127E-12 8.1022E-12 8.5515E-12 9.0222E-12 9.5148E-12 1.0030E-11 1.0570E-11 1.1133E-11 1.1722E-11 1.2338E-11 1.2980E-11 1.3650E-11 1.4349E-11 1.5078E-11 1.5837E-11 1.6628E-11 1.7451E-11 1.8308E-11 1.9199E-11 2.0125E-11 2.1087E-11 2.2086E-11 2.3124E-11 2.4200E-11 2.5316E-11 2.6473E-11 2.7672E-11 2.8913E-11 3.0197E-11 3.1526E-11 3.2900E-11 3.4320E-11 3.5787E-11 3.7301E-11 3.8864E-11 4.0475E-11 4.2137E-11 4.3849E-11
9.5283E-13 1.2155E-12 1.4534E-12 1.7043E-12 1.9719E-12 2.2154E-12 2.5162E-12 2.7938E-12 3.1730E-12 3.5712E-12 3.9483E-12 4.3234E-12 4.6778E-12 5.1112E-12 5.5261E-12 5.9648E-12 6.3672E-12 6.7908E-12 7.2362E-12 7.7046E-12 8.1352E-12 8.5864E-12 9.0590E-12 9.5538E-12 1.0072E-11 1.0613E-11 1.1179E-11 1.1771E-11 1.2389E-11 1.3034E-11 1.3707E-11 1.4409E-11 1.5140E-11 1.5903E-11 1.6697E-11 1.7524E-11 1.8384E-11 1.9279E-11 2.0209E-11 2.1176E-11 2.2180E-11 2.3221E-11 2.4302E-11 2.5424E-11 2.6586E-11 2.7789E-11 2.9036E-11 3.0326E-11 3.1661E-11 3.3041E-11 3.4467E-11 3.5941E-11 3.7462E-11 3.9031E-11 4.0650E-11 4.2319E-11 4.4039E-11
9.9458E-13 1.2175E-12 1.4559E-12 1.7074E-12 1.9758E-12 2.2200E-12 2.5218E-12 2.8425E-12 3.2219E-12 3.5807E-12 3.9592E-12 4.3360E-12 4.6919E-12 5.1274E-12 5.5442E-12 5.9851E-12 6.3892E-12 6.8148E-12 7.2622E-12 7.7328E-12 8.1650E-12 8.6180E-12 9.0924E-12 9.5890E-12 1.0109E-11 1.0652E-11 1.1221E-11 1.1814E-11 1.2435E-11 1.3082E-11 1.3758E-11 1.4463E-11 1.5197E-11 1.5963E-11 1.6760E-11 1.7590E-11 1.8454E-11 1.9352E-11 2.0286E-11 2.1256E-11 2.2264E-11 2.3310E-11 2.4395E-11 2.5521E-11 2.6688E-11 2.7896E-11 2.9148E-11 3.0443E-11 3.1783E-11 3.3169E-11 3.4601E-11 3.6080E-11 3.7608E-11 3.9184E-11 4.0809E-11 4.2485E-11 4.4211E-11
9.9573E-13 1.2190E-12 1.4579E-12 1.7098E-12 1.9788E-12 2.2237E-12 2.5679E-12 2.8895E-12 3.2686E-12 3.6285E-12 3.9686E-12 4.3469E-12 4.7042E-12 5.1416E-12 5.5602E-12 6.0030E-12 6.4087E-12 6.8361E-12 7.2853E-12 7.7579E-12 8.1916E-12 8.6461E-12 9.1222E-12 9.6205E-12 1.0142E-11 1.0687E-11 1.1258E-11 1.1854E-11 1.2476E-11 1.3126E-11 1.3804E-11 1.4511E-11 1.5248E-11 1.6016E-11 1.6817E-11 1.7650E-11 1.8516E-11 1.9418E-11 2.0355E-11 2.1329E-11 2.2340E-11 2.3390E-11 2.4479E-11 2.5608E-11 2.6779E-11 2.7992E-11 2.9248E-11 3.0549E-11 3.1893E-11 3.3284E-11 3.4721E-11 3.6206E-11 3.7739E-11 3.9321E-11 4.0952E-11 4.2634E-11 4.4367E-11
9.9648E-13 1.2199E-12 1.4592E-12 1.7116E-12 1.9811E-12 2.2685E-12 2.5716E-12 2.9344E-12 3.2743E-12 3.6353E-12 3.9764E-12 4.3561E-12 4.7146E-12 5.1537E-12 5.5739E-12 6.0185E-12 6.4257E-12 6.8547E-12 7.3056E-12 7.7800E-12 8.2150E-12 8.6709E-12 9.1484E-12 9.6482E-12 1.0171E-11 1.0718E-11 1.1290E-11 1.1888E-11 1.2512E-11 1.3164E-11 1.3844E-11 1.4554E-11 1.5293E-11 1.6064E-11 1.6866E-11 1.7702E-11 1.8571E-11 1.9476E-11 2.0416E-11 2.1393E-11 2.2407E-11 2.3460E-11 2.4553E-11 2.5686E-11 2.6860E-11 2.8077E-11 2.9337E-11 3.0642E-11 3.1991E-11 3.3386E-11 3.4828E-11 3.6317E-11 3.7855E-11 3.9442E-11 4.1079E-11 4.2766E-11 4.4505E-11
9.9683E-13 1.2204E-12 1.4600E-12 1.7126E-12 1.9826E-12 2.2706E-12 2.6149E-12 2.9380E-12 3.2786E-12 3.6406E-12 3.9826E-12 4.3635E-12 4.7231E-12 5.1638E-12 5.5854E-12 6.0316E-12 6.4401E-12 6.8705E-12 7.3229E-12 7.7990E-12 8.2352E-12 8.6922E-12 9.1709E-12 9.6721E-12 1.0196E-11 1.0745E-11 1.1319E-11 1.1918E-11 1.2544E-11 1.3197E-11 1.3879E-11 1.4590E-11 1.5332E-11 1.6105E-11 1.6909E-11 1.7747E-11 1.8619E-11 1.9526E-11 2.0468E-11 2.1448E-11 2.2465E-11 2.3521E-11 2.4617E-11 2.5753E-11 2.6931E-11 2.8151E-11 2.9415E-11 3.0723E-11 3.2076E-11 3.3475E-11 3.4921E-11 3.6414E-11 3.7957E-11 3.9548E-11 4.1189E-11 4.2882E-11 4.4625E-11
9.9678E-13 1.2204E-12 1.4602E-12 1.7130E-12 1.9833E-12 2.3128E-12 2.6167E-12 2.9404E-12 3.2816E-12 3.6444E-12 3.9872E-12 4.3692E-12 4.7297E-12 5.2291E-12 5.6529E-12 6.1016E-12 6.4520E-12 6.9435E-12 7.3373E-12 7.8149E-12 8.2520E-12 8.7100E-12 9.1898E-12 9.6920E-12 1.0218E-11 1.0767E-11 1.1342E-11 1.1943E-11 1.2570E-11 1.3225E-11 1.3908E-11 1.4621E-11 1.5365E-11 1.6139E-11 1.6946E-11 1.7785E-11 1.8659E-11 1.9568E-11 2.0513E-11 2.1495E-11 2.2514E-11 2.3573E-11 2.4671E-11 2.5810E-11 2.6990E-11 2.8214E-11 2.9480E-11 3.0791E-11 3.2148E-11 3.3550E-11 3.5000E-11 3.6497E-11 3.8043E-11 3.9638E-11 4.1283E-11 4.2980E-11 4.4728E-11
9.9633E-13 1.2199E-12 1.4598E-12 1.7126E-12 2.0246E-12 2.3131E-12 2.6174E-12 2.9416E-12 3.2833E-12 3.6468E-12 3.9902E-12 4.3731E-12 4.7922E-12 5.2941E-12 5.7201E-12 6.1103E-12 6.5217E-12 6.9543E-12 7.4100E-12 7.8276E-12 8.2655E-12 8.7244E-12 9.2050E-12 9.7081E-12 1.0235E-11 1.0785E-11 1.1361E-11 1.1963E-11 1.2591E-11 1.3248E-11 1.3932E-11 1.4646E-11 1.5391E-11 1.6167E-11 1.6975E-11 1.7816E-11 1.8692E-11 1.9603E-11 2.0549E-11 2.1533E-11 2.2554E-11 2.3615E-11 2.4715E-11 2.5856E-11 2.7039E-11 2.8265E-11 2.9534E-11 3.0848E-11 3.2207E-11 3.3612E-11 3.5064E-11 3.6565E-11 3.8114E-11 3.9712E-11 4.1361E-11 4.3061E-11 4.4812E-11
9.9547E-13 1.2189E-12 1.4588E-12 1.7534E-12 2.0237E-12 2.3126E-12 2.6170E-12 2.9416E-12 3.2837E-12 3.6477E-12 3.9916E-12 4.4336E-12 4.8958E-12 5.2986E-12 5.7256E-12 6.1165E-12 6.5288E-12 6.9624E-12 7.4190E-12 7.8372E-12 8.2757E-12 8.7352E-12 9.2164E-12 9.7203E-12 1.0248E-11 1.0799E-11 1.1376E-11 1.1978E-11 1.2608E-11 1.3265E-11 1.3950E-11 1.4666E-11 1.5411E-11 1.6188E-11 1.6998E-11 1.7840E-11 1.8717E-11 1.9629E-11 2.0577E-11 2.1562E-11 2.2585E-11 2.3648E-11 2.4750E-11 2.5893E-11 2.7077E-11 2.8305E-11 2.9576E-11 3.0892E-11 3.2253E-11 3.3660E-11 3.5115E-11 3.6618E-11 3.8169E-11 3.9770E-11 4.1422E-11 4.3124E-11 4.4879E-11
9.9422E-13 1.2175E-12 1.4573E-12 1.7518E-12 2.0221E-12 2.3111E-12 2.6156E-12 2.9404E-12 3.2827E-12 3.6471E-12 4.0503E-12 4.4757E-12 4.8974E-12 5.3009E-12 5.7287E-12 6.1203E-12 6.5333E-12 6.9675E-12 7.4250E-12 7.8437E-12 8.2825E-12 8.7425E-12 9.2242E-12 9.7286E-12 1.0256E-11 1.0808E-11 1.1386E-11 1.1989E-11 1.2619E-11 1.3277E-11 1.3963E-11 1.4679E-11 1.5425E-11 1.6203E-11 1.7014E-11 1.7857E-11 1.8735E-11 1.9648E-11 2.0597E-11 2.1583E-11 2.2607E-11 2.3671E-11 2.4774E-11 2.5918E-11 2.7104E-11 2.8333E-11 2.9606E-11 3.0923E-11 3.2286E-11 3.3695E-11 3.5152E-11 3.6656E-11 3.8209E-11 3.9813E-11 4.1466E-11 4.3171E-11 4.4927E-11
9.9256E-13 1.2155E-12 1.4551E-12 1.7494E-12 2.0197E-12 2.3086E-12 2.6131E-12 2.9381E-12 3.2804E-12 3.6871E-12 4.0905E-12 4.4747E-12 4.8970E-12 5.3010E-12 5.7296E-12 6.1216E-12 6.5351E-12 6.9699E-12 7.4281E-12 7.8469E-12 8.2860E-12 8.7462E-12 9.2282E-12 9.7329E-12 1.0261E-11 1.0813E-11 1.1391E-11 1.1994E-11 1.2625E-11 1.3283E-11 1.3970E-11 1.4686E-11 1.5433E-11 1.6212E-11 1.7022E-11 1.7867E-11 1.8745E-11 1.9658E-11 2.0608E-11 2.1595E-11 2.2620E-11 2.3684E-11 2.4788E-11 2.5933E-11 2.7120E-11 2.8350E-11 2.9624E-11 3.0942E-11 3.2306E-11 3.3716E-11 3.5174E-11 3.6679E-11 3.8234E-11 3.9839E-11 4.1493E-11 4.3200E-11 4.4957E-11
9.9051E-13 1.2130E-12 1.4524E-12 1.7464E-12 2.0164E-12 2.3053E-12 2.6096E-12 2.9345E-12 3.3193E-12 3.6837E-12 4.0875E-12 4.4718E-12 4.8946E-12 5.2990E-12 5.7281E-12 6.1204E-12 6.5343E-12 6.9694E-12 7.4281E-12 7.8470E-12 8.2862E-12 8.7464E-12 9.2285E-12 9.7333E-12 1.0261E-11 1.0814E-11 1.1392E-11 1.1995E-11 1.2626E-11 1.3284E-11 1.3971E-11 1.4688E-11 1.5435E-11 1.6213E-11 1.7024E-11 1.7869E-11 1.8747E-11 1.9661E-11 2.0611E-11 2.1598E-11 2.2624E-11 2.3688E-11 2.4793E-11 2.5938E-11 2.7125E-11 2.8356E-11 2.9630E-11 3.0948E-11 3.2313E-11 3.3724E-11 3.5182E-11 3.6688E-11 3.8243E-11 3.9848E-11 4.1504E-11 4.3211E-11 4.4969E-11
9.8806E-13 1.2101E-12 1.4491E-12 1.7427E-12 2.0123E-12 2.3010E-12 2.6050E-12 2.9298E-12 3.3145E-12 3.6788E-12 4.0827E-12 4.4672E-12 4.8903E-12 5.2949E-12 5.7243E-12 6.1167E-12 6.5308E-12 6.9662E-12 7.4251E-12 7.8439E-12 8.2830E-12 8.7431E-12 9.2251E-12 9.7297E-12 1.0258E-11 1.0810E-11 1.1388E-11 1.1991E-11 1.2622E-11 1.3280E-11 1.3967E-11 1.4683E-11 1.5430E-11 1.6209E-11 1.7020E-11 1.7864E-11 1.8742E-11 1.9656E-11 2.0606E-11 2.1593E-11 2.2618E-11 2.3683E-11 2.4787E-11 2.5932E-11 2.7120E-11 2.8350E-11 2.9624E-11 3.0942E-11 3.2307E-11 3.3717E-11 3.5176E-11 3.6682E-11 3.8237E-11 3.9842E-11 4.1498E-11 4.3204E-11 4.4963E-11
9.8521E-13 1.2067E-12 1.4452E-12 1.7383E-12 1.9688E-12 2.2958E-12 2.5994E-12 2.9239E-12 3.3083E-12 3.6725E-12 4.0764E-12 4.4608E-12 4.8840E-12 5.2886E-12 5.7182E-12 6.1105E-12 6.5247E-12 6.9601E-12 7.4191E-12 7.8376E-12 8.2764E-12 8.7362E-12 9.2179E-12 9.7222E-12 1.0250E-11 1.0802E-11 1.1379E-11 1.1982E-11 1.2612E-11 1.3270E-11 1.3957E-11 1.4673E-11 1.5419E-11 1.6197E-11 1.7008E-11 1.7851E-11 1.8729E-11 1.9643E-11 2.0592E-11 2.1579E-11 2.2603E-11 2.3667E-11 2.4771E-11 2.5916E-11 2.7103E-11 2.8332E-11 2.9606E-11 3.0924E-11 3.2287E-11 3.3697E-11 3.5155E-11 3.6661E-11 3.8215E-11 3.9820E-11 4.1475E-11 4.3181E-11 4.4939E-11
9.8198E-13 1.2028E-12 1.4012E-12 1.6942E-12 1.9632E-12 2.2897E-12 2.5928E-12 2.9168E-12 3.3009E-12 3.6646E-12 4.0684E-12 4.4526E-12 4.8757E-12 5.2802E-12 5.7098E-12 6.1019E-12 6.5160E-12 6.9512E-12 7.4101E-12 7.8281E-12 8.2665E-12 8.7258E-12 9.2070E-12 9.7107E-12 1.0238E-11 1.0789E-11 1.1366E-11 1.1969E-11 1.2598E-11 1.3255E-11 1.3941E-11 1.4656E-11 1.5402E-11 1.6179E-11 1.6989E-11 1.7832E-11 1.8709E-11 1.9622E-11 2.0570E-11 2.1556E-11 2.2580E-11 2.3642E-11 2.4745E-11 2.5889E-11 2.7075E-11 2.8303E-11 2.9576E-11 3.0892E-11 3.2255E-11 3.3664E-11 3.5120E-11 3.6625E-11 3.8178E-11 3.9781E-11 4.1435E-11 4.3139E-11 4.4896E-11
9.3972E-13 1.1205E-12 1.3963E-12 1.6885E-12 1.9569E-12 2.2826E-12 2.5851E-12 2.9086E-12 3.2921E-12 3.6554E-12 4.0587E-12 4.4425E-12 4.8655E-12 5.2697E-12 5.6991E-12 6.0909E-12 6.5046E-12 7.0001E-12 7.3981E-12 7.8155E-12 8.2532E-12 8.7119E-12 9.1923E-12 9.6954E-12 1.0222E-11 1.0772E-11 1.1348E-11 1.1950E-11 1.2578E-11 1.3235E-11 1.3920E-11 1.4634E-11 1.5379E-11 1.6155E-11 1.6963E-11 1.7805E-11 1.8681E-11 1.9592E-11 2.0540E-11 2.1524E-11 2.2547E-11 2.3608E-11 2.4709E-11 2.5852E-11 2.7036E-11 2.8263E-11 2.9533E-11 3.0849E-11 3.2210E-11 3.3617E-11 3.5071E-11 3.6574E-11 3.8125E-11 3.9726E-11 4.1378E-11 4.3081E-11 4.4835E-11
8.9582E-13 1.1160E-12 1.3909E-12 1.6822E-12 1.9498E-12 2.2747E-12 2.5764E-12 2.8992E-12 3.2820E-12 3.6446E-12 4.0475E-12 4.4308E-12 4.8533E-12 5.2570E-12 5.6861E-12 6.0773E-12 6.5502E-12 6.9859E-12 7.3831E-12 7.7998E-12 8.2366E-12 8.6944E-12 9.1740E-12 9.6761E-12 1.0202E-11 1.0751E-11 1.1326E-11 1.1927E-11 1.2554E-11 1.3209E-11 1.3893E-11 1.4606E-11 1.5349E-11 1.6124E-11 1.6931E-11 1.7771E-11 1.8646E-11 1.9555E-11 2.0501E-11 2.1484E-11 2.2504E-11 2.3564E-11 2.4664E-11 2.5804E-11 2.6986E-11 2.8211E-11 2.9479E-11 3.0793E-11 3.2151E-11 3.3556E-11 3.5008E-11 3.6508E-11 3.8057E-11 3.9656E-11 4.1304E-11 4.3004E-11 4.4756E-11
8.9180E-13 1.1110E-12 1.3849E-12 1.6752E-12 1.9420E-12 2.2659E-12 2.5667E-12 2.8887E-12 3.2707E-12 3.6324E-12 4.0346E-12 4.4172E-12 4.8392E-12 5.2423E-12 5.6708E-12 6.1216E-12 6.5338E-12 6.9689E-12 7.3652E-12 7.7809E-12 8.2168E-12 8.6735E-12 9.1520E-12 9.6530E-12 1.0177E-11 1.0726E-11 1.1299E-11 1.1898E-11 1.2524E-11 1.3178E-11 1.3860E-11 1.4572E-11 1.5313E-11 1.6087E-11 1.6892E-11 1.7730E-11 1.8603E-11 1.9511E-11 2.0454E-11 2.1435E-11 2.2453E-11 2.3511E-11 2.4608E-11 2.5746E-11 2.6925E-11 2.8148E-11 2.9414E-11 3.0724E-11 3.2080E-11 3.3482E-11 3.4931E-11 3.6428E-11 3.7974E-11 3.9569E-11 4.1214E-11 4.2911E-11 4.4659E-11
8.8744E-13 1.1057E-12 1.3784E-12 1.6676E-12 1.9334E-12 2.2562E-12 2.5560E-12 2.8771E-12 3.2580E-12 3.5794E-12 4.0202E-12 4.4019E-12 4.8232E-12 5.2255E-12 5.6533E-12 6.1034E-12 6.5148E-12 6.9491E-12 7.3443E-12 7.7589E-12 8.1936E-12 8.6491E-12 9.1263E-12 9.6260E-12 1.0149E-11 1.0696E-11 1.1268E-11 1.1865E-11 1.2490E-11 1.3142E-11 1.3822E-11 1.4532E-11 1.5272E-11 1.6043E-11 1.6846E-11 1.7682E-11 1.8553E-11 1.9458E-11 2.0399E-11 2.1377E-11 2.2393E-11 2.3448E-11 2.4542E-11 2.5677E-11 2.6854E-11 2.8073E-11 2.9336E-11 3.0643E-11 3.1996E-11 3.3394E-11 3.4840E-11 3.6333E-11 3.7875E-11 3.9466E-11 4.1108E-11 4.2800E-11 4.4544E-11
8.4462E-13 1.0999E-12 1.3713E-12 1.6594E-12 1.9241E-12 2.2456E-12 2.5443E-12 2.8643E-12 3.2044E-12 3.5645E-12 4.0041E-12 4.3849E-12 4.8052E-12 5.2066E-12 5.6335E-12 6.0828E-12 6.4932E-12 6.9265E-12 7.3206E-12 7.7339E-12 8.1672E-12 8.6213E-12 9.0971E-12 9.5952E-12 1.0116E-11 1.0662E-11 1.1232E-11 1.1828E-11 1.2450E-11 1.3100E-11 1.3778E-11 1.4486E-11 1.5224E-11 1.5993E-11 1.6793E-11 1.7627E-11 1.8495E-11 1.9398E-11 2.0336E-11 2.1311E-11 2.2324E-11 2.3376E-11 2.4467E-11 2.5599E-11 2.6772E-11 2.7988E-11 2.9247E-11 3.0550E-11 3.1899E-11 3.3293E-11 3.4734E-11 3.6224E-11 3.7761E-11 3.9348E-11 4.0985E-11 4.2673E-11 4.4412E-11
8.3988E-13 1.0937E-12 1.3638E-12 1.6121E-12 1.9140E-12 2.2342E-12 2.4928E-12 2.8104E-12 3.1894E-12 3.5483E-12 3.9866E-12 4.3662E-12 4.7854E-12 5.1857E-12 5.6706E-12 6.0599E-12 6.4691E-12 6.9013E-12 7.2939E-12 7.7057E-12 8.1376E-12 8.5901E-12 9.0642E-12 9.5606E-12 1.0080E-11 1.0623E-11 1.1192E-11 1.1785E-11 1.2406E-11 1.3053E-11 1.3729E-11 1.4435E-11 1.5170E-11 1.5936E-11 1.6734E-11 1.7565E-11 1.8430E-11 1.9329E-11 2.0265E-11 2.1237E-11 2.2246E-11 2.3294E-11 2.4382E-11 2.5510E-11 2.6679E-11 2.7891E-11 2.9146E-11 3.0445E-11 3.1789E-11 3.3179E-11 3.4616E-11 3.6100E-11 3.7632E-11 3.9214E-11 4.0846E-11 4.2528E-11 4.4262E-11
