Assets/Resources/2015_m01_d14_2200(utc+0800)_l00_csi_1hr_conc.grd
DSAA
         159         159
     -79.000      79.000
     -79.000      79.000
  0.0000E+00  0.1063E-04
[rows 25 to 49 of 159, columns 57 to 113 of 159]
8.9520E-09 8.9241E-09 8.8840E-09 8.8318E-09 8.7680E-09 8.6927E-09 8.6065E-09 8.5096E-09 8.4025E-09 8.2858E-09 8.1600E-09 8.0256E-09 7.8835E-09 7.7340E-09 7.5776E-09 7.4151E-09 7.2470E-09 7.0740E-09 6.8971E-09 6.7163E-09 6.5322E-09 6.3453E-09 6.1563E-09 5.9658E-09 5.7744E-09 5.5823E-09 5.3903E-09 5.1985E-09 5.0076E-09 4.8179E-09 4.6296E-09 4.4435E-09 4.2598E-09 4.0790E-09 3.9014E-09 3.7273E-09 3.5569E-09 3.3909E-09 3.2293E-09 3.0725E-09 2.9183E-09 2.7677E-09 2.6249E-09 2.4877E-09 2.3579E-09 2.2336E-09 2.1147E-09 2.0012E-09 1.8915E-09 1.7888E-09 1.6912E-09 1.5987E-09 1.5111E-09 1.4268E-09 1.3468E-09 1.2726E-09 1.1937E-09
8.9377E-09 8.9177E-09 8.8855E-09 8.8414E-09 8.7856E-09 8.7183E-09 8.6399E-09 8.5506E-09 8.4511E-09 8.3418E-09 8.2232E-09 8.0957E-09 7.9598E-09 7.8163E-09 7.6655E-09 7.5084E-09 7.3454E-09 7.1768E-09 7.0032E-09 6.8252E-09 6.6433E-09 6.4585E-09 6.2710E-09 6.0813E-09 5.8902E-09 5.6978E-09 5.5050E-09 5.3119E-09 5.1191E-09 4.9272E-09 4.7364E-09 4.5474E-09 4.3603E-09 4.1756E-09 3.9936E-09 3.8151E-09 3.6404E-09 3.4698E-09 3.3035E-09 3.1420E-09 2.9817E-09 2.8308E-09 2.6821E-09 2.5393E-09 2.4027E-09 2.2730E-09 2.1509E-09 2.0342E-09 1.9231E-09 1.8174E-09 1.7171E-09 1.6221E-09 1.5307E-09 1.4458E-09 1.3655E-09 1.2894E-09 1.2112E-09
8.9154E-09 8.9030E-09 8.8787E-09 8.8425E-09 8.7945E-09 8.7351E-09 8.6645E-09 8.5832E-09 8.4914E-09 8.3895E-09 8.2780E-09 8.1574E-09 8.0283E-09 7.8913E-09 7.7467E-09 7.5948E-09 7.4364E-09 7.2718E-09 7.1018E-09 6.9272E-09 6.7481E-09 6.5653E-09 6.3792E-09 6.1904E-09 5.9996E-09 5.8071E-09 5.6134E-09 5.4193E-09 5.2249E-09 5.0310E-09 4.8375E-09 4.6452E-09 4.4546E-09 4.2662E-09 4.0806E-09 3.8982E-09 3.7193E-09 3.5444E-09 3.3739E-09 3.2083E-09 3.0475E-09 2.8880E-09 2.7347E-09 2.5876E-09 2.4500E-09 2.3152E-09 2.1894E-09 2.0693E-09 1.9550E-09 1.8463E-09 1.7416E-09 1.6441E-09 1.5517E-09 1.4645E-09 1.3822E-09 1.3031E-09 1.2260E-09
8.8903E-09 8.8871E-09 8.8713E-09 8.8434E-09 8.8041E-09 8.7533E-09 8.6915E-09 8.6187E-09 8.5354E-09 8.4419E-09 8.3388E-09 8.2265E-09 8.1051E-09 7.9750E-09 7.8367E-09 7.6908E-09 7.5380E-09 7.3786E-09 7.2130E-09 7.0422E-09 6.8662E-09 6.6859E-09 6.5017E-09 6.3140E-09 6.1238E-09 5.9314E-09 5.7374E-09 5.5421E-09 5.3458E-09 5.1490E-09 4.9527E-09 4.7571E-09 4.5630E-09 4.3706E-09 4.1806E-09 3.9934E-09 3.8097E-09 3.6299E-09 3.4543E-09 3.2834E-09 3.1175E-09 2.9568E-09 2.7965E-09 2.6429E-09 2.4960E-09 2.3558E-09 2.2265E-09 2.1031E-09 1.9855E-09 1.8738E-09 1.7678E-09 1.6675E-09 1.5727E-09 1.4816E-09 1.3973E-09 1.3168E-09 1.2392E-09
8.8605E-09 8.8642E-09 8.8564E-09 8.8372E-09 8.8064E-09 8.7642E-09 8.7112E-09 8.6472E-09 8.5728E-09 8.4883E-09 8.3935E-09 8.2889E-09 8.1749E-09 8.0517E-09 7.9203E-09 7.7806E-09 7.6333E-09 7.4789E-09 7.3179E-09 7.1513E-09 6.9790E-09 6.8016E-09 6.6199E-09 6.4341E-09 6.2451E-09 6.0529E-09 5.8581E-09 5.6613E-09 5.4630E-09 5.2640E-09 5.0647E-09 4.8656E-09 4.6674E-09 4.4706E-09 4.2760E-09 4.0839E-09 3.8950E-09 3.7101E-09 3.5296E-09 3.3539E-09 3.1831E-09 3.0176E-09 2.8578E-09 2.6987E-09 2.5467E-09 2.4017E-09 2.2636E-09 2.1367E-09 2.0158E-09 1.9010E-09 1.7922E-09 1.6892E-09 1.5919E-09 1.5002E-09 1.4137E-09 1.3312E-09 1.2523E-09
8.8256E-09 8.8376E-09 8.8383E-09 8.8277E-09 8.8059E-09 8.7732E-09 8.7297E-09 8.6753E-09 8.6100E-09 8.5341E-09 8.4477E-09 8.3514E-09 8.2453E-09 8.1297E-09 8.0053E-09 7.8727E-09 7.7320E-09 7.5837E-09 7.4279E-09 7.2654E-09 7.0966E-09 6.9217E-09 6.7418E-09 6.5570E-09 6.3678E-09 6.1752E-09 5.9794E-09 5.7814E-09 5.5813E-09 5.3798E-09 5.1777E-09 4.9755E-09 4.7742E-09 4.5738E-09 4.3752E-09 4.1791E-09 3.9856E-09 3.7955E-09 3.6092E-09 3.4272E-09 3.2506E-09 3.0796E-09 2.9148E-09 2.7502E-09 2.5985E-09 2.4484E-09 2.3055E-09 2.1700E-09 2.0458E-09 1.9278E-09 1.8161E-09 1.7105E-09 1.6107E-09 1.5167E-09 1.4283E-09 1.3439E-09 1.2627E-09
8.7872E-09 8.8077E-09 8.8174E-09 8.8163E-09 8.8044E-09 8.7814E-09 8.7474E-09 8.7023E-09 8.6463E-09 8.5797E-09 8.5022E-09 8.4144E-09 8.3173E-09 8.2103E-09 8.0941E-09 7.9685E-09 7.8337E-09 7.6901E-09 7.5387E-09 7.3803E-09 7.2153E-09 7.0436E-09 6.8659E-09 6.6829E-09 6.4951E-09 6.3031E-09 6.1071E-09 5.9078E-09 5.7060E-09 5.5023E-09 5.2975E-09 5.0919E-09 4.8863E-09 4.6815E-09 4.4779E-09 4.2763E-09 4.0776E-09 3.8822E-09 3.6907E-09 3.5040E-09 3.3221E-09 3.1449E-09 2.9738E-09 2.8092E-09 2.6456E-09 2.4903E-09 2.3427E-09 2.2079E-09 2.0752E-09 1.9541E-09 1.8395E-09 1.7311E-09 1.6290E-09 1.5328E-09 1.4424E-09 1.3562E-09 1.2733E-09
8.7465E-09 8.7761E-09 8.7955E-09 8.8040E-09 8.8017E-09 8.7884E-09 8.7641E-09 8.7290E-09 8.6826E-09 8.6254E-09 8.5582E-09 8.4803E-09 8.3920E-09 8.2929E-09 8.1830E-09 8.0635E-09 7.9352E-09 7.7985E-09 7.6530E-09 7.4992E-09 7.3377E-09 7.1689E-09 6.9932E-09 6.8114E-09 6.6238E-09 6.4313E-09 6.2344E-09 6.0339E-09 5.8302E-09 5.6240E-09 5.4162E-09 5.2072E-09 4.9978E-09 4.7887E-09 4.5808E-09 4.3749E-09 4.1715E-09 3.9714E-09 3.7749E-09 3.5825E-09 3.3944E-09 3.2120E-09 3.0345E-09 2.8638E-09 2.7004E-09 2.5383E-09 2.3856E-09 2.2408E-09 2.1041E-09 1.9798E-09 1.8623E-09 1.7513E-09 1.6467E-09 1.5483E-09 1.4559E-09 1.3671E-09 1.2834E-09
8.7048E-09 8.7437E-09 8.7723E-09 8.7905E-09 8.7981E-09 8.7949E-09 8.7806E-09 8.7554E-09 8.7199E-09 8.6734E-09 8.6157E-09 8.5461E-09 8.4651E-09 8.3739E-09 8.2729E-09 8.1617E-09 8.0403E-09 7.9088E-09 7.7677E-09 7.6178E-09 7.4596E-09 7.2935E-09 7.1203E-09 6.9408E-09 6.7548E-09 6.5632E-09 6.3664E-09 6.1649E-09 5.9598E-09 5.7514E-09 5.5405E-09 5.3278E-09 5.1143E-09 4.9006E-09 4.6876E-09 4.4762E-09 4.2670E-09 4.0609E-09 3.8584E-09 3.6603E-09 3.4675E-09 3.2804E-09 3.0981E-09 2.9225E-09 2.7523E-09 2.5898E-09 2.4301E-09 2.2792E-09 2.1379E-09 2.0048E-09 1.8844E-09 1.7708E-09 1.6638E-09 1.5633E-09 1.4690E-09 1.3800E-09 1.2942E-09
8.6618E-09 8.7098E-09 8.7483E-09 8.7764E-09 8.7939E-09 8.8007E-09 8.7974E-09 8.7835E-09 8.7581E-09 8.7202E-09 8.6707E-09 8.6106E-09 8.5399E-09 8.4578E-09 8.3643E-09 8.2589E-09 8.1432E-09 8.0173E-09 7.8819E-09 7.7375E-09 7.5840E-09 7.4221E-09 7.2522E-09 7.0747E-09 6.8896E-09 6.6978E-09 6.5001E-09 6.2972E-09 6.0897E-09 5.8786E-09 5.6644E-09 5.4481E-09 5.2304E-09 5.0124E-09 4.7949E-09 4.5787E-09 4.3645E-09 4.1533E-09 3.9455E-09 3.7417E-09 3.5426E-09 3.3485E-09 3.1610E-09 2.9804E-09 2.8057E-09 2.6390E-09 2.4720E-09 2.3206E-09 2.1732E-09 2.0346E-09 1.9057E-09 1.7896E-09 1.6803E-09 1.5776E-09 1.4815E-09 1.3913E-09 1.3034E-09
8.6182E-09 8.6757E-09 8.7236E-09 8.7614E-09 8.7895E-09 8.8078E-09 8.8151E-09 8.8101E-09 8.7937E-09 8.7666E-09 8.7284E-09 8.6782E-09 8.6155E-09 8.5404E-09 8.4539E-09 8.3565E-09 8.2487E-09 8.1301E-09 8.0013E-09 7.8622E-09 7.7129E-09 7.5538E-09 7.3859E-09 7.2097E-09 7.0256E-09 6.8341E-09 6.6359E-09 6.4319E-09 6.2227E-09 6.0091E-09 5.7919E-09 5.5719E-09 5.3502E-09 5.1276E-09 4.9051E-09 4.6836E-09 4.4639E-09 4.2468E-09 4.0332E-09 3.8239E-09 3.6195E-09 3.4208E-09 3.2281E-09 3.0408E-09 2.8610E-09 2.6872E-09 2.5221E-09 2.3583E-09 2.2044E-09 2.0602E-09 1.9317E-09 1.8075E-09 1.6960E-09 1.5914E-09 1.4933E-09 1.4015E-09 1.3121E-09
8.5740E-09 8.6407E-09 8.6980E-09 8.7469E-09 8.7859E-09 8.8136E-09 8.8300E-09 8.8369E-09 8.8336E-09 8.8174E-09 8.7880E-09 8.7461E-09 8.6920E-09 8.6265E-09 8.5498E-09 8.4614E-09 8.3618E-09 8.2499E-09 8.1265E-09 7.9922E-09 7.8473E-09 7.6925E-09 7.5279E-09 7.3541E-09 7.1716E-09 6.9809E-09 6.7829E-09 6.5782E-09 6.3676E-09 6.1518E-09 5.9317E-09 5.7082E-09 5.4824E-09 5.2553E-09 5.0275E-09 4.8000E-09 4.5738E-09 4.3501E-09 4.1298E-09 3.9136E-09 3.7025E-09 3.4970E-09 3.2979E-09 3.1036E-09 2.9171E-09 2.7374E-09 2.5663E-09 2.4038E-09 2.2427E-09 2.0932E-09 1.9536E-09 1.8247E-09 1.7109E-09 1.6043E-09 1.5045E-09 1.4112E-09 1.3204E-09
8.5290E-09 8.6051E-09 8.6735E-09 8.7324E-09 8.7799E-09 8.8179E-09 8.8470E-09 8.8646E-09 8.8692E-09 8.8612E-09 8.8423E-09 8.8120E-09 8.7697E-09 8.7145E-09 8.6472E-09 8.5665E-09 8.4736E-09 8.3686E-09 8.2518E-09 8.1236E-09 7.9841E-09 7.8337E-09 7.6727E-09 7.5018E-09 7.3214E-09 7.1322E-09 6.9347E-09 6.7297E-09 6.5180E-09 6.3003E-09 6.0776E-09 5.8510E-09 5.6215E-09 5.3899E-09 5.1571E-09 4.9241E-09 4.6919E-09 4.4614E-09 4.2340E-09 4.0106E-09 3.7922E-09 3.5795E-09 3.3732E-09 3.1741E-09 2.9783E-09 2.7915E-09 2.6121E-09 2.4478E-09 2.3395E-09 2.1321E-09 1.9887E-09 1.8539E-09 1.7251E-09 1.6166E-09 1.5150E-09 1.4203E-09 1.3288E-09
8.4839E-09 8.5705E-09 8.6480E-09 8.7151E-09 8.7737E-09 8.8236E-09 8.8620E-09 8.8871E-09 8.9014E-09 8.9046E-09 8.8968E-09 8.8760E-09 8.8425E-09 8.7952E-09 8.7351E-09 8.6622E-09 8.5768E-09 8.4787E-09 8.3681E-09 8.2453E-09 8.1106E-09 7.9643E-09 7.8068E-09 7.6384E-09 7.4597E-09 7.2715E-09 7.0741E-09 6.8685E-09 6.6553E-09 6.4356E-09 6.2102E-09 5.9802E-09 5.7468E-09 5.5107E-09 5.2729E-09 5.0343E-09 4.7962E-09 4.5596E-09 4.3259E-09 4.0962E-09 3.8713E-09 3.6522E-09 3.4397E-09 3.2346E-09 3.0373E-09 2.8437E-09 2.6599E-09 2.4926E-09 2.3846E-09 2.2206E-09 2.0698E-09 1.9250E-09 1.7894E-09 1.6294E-09 1.5249E-09 1.4286E-09 1.3365E-09
8.4399E-09 8.5345E-09 8.6196E-09 8.6978E-09 8.7678E-09 8.8259E-09 8.8719E-09 8.9078E-09 8.9337E-09 8.9479E-09 8.9492E-09 8.9365E-09 8.9109E-09 8.8724E-09 8.8211E-09 8.7564E-09 8.6784E-09 8.5873E-09 8.4831E-09 8.3662E-09 8.2365E-09 8.0945E-09 7.9406E-09 7.7750E-09 7.5983E-09 7.4119E-09 7.2166E-09 7.0123E-09 6.7996E-09 6.5796E-09 6.3532E-09 6.1215E-09 5.8850E-09 5.6446E-09 5.4019E-09 5.1579E-09 4.9138E-09 4.6711E-09 4.4310E-09 4.1946E-09 3.9628E-09 3.7363E-09 3.5142E-09 3.2998E-09 3.0943E-09 2.8980E-09 2.7162E-09 2.6166E-09 2.4337E-09 2.3228E-09 2.1614E-09 2.0077E-09 1.8155E-09 1.6890E-09 1.5352E-09 1.4361E-09 1.3431E-09
8.3930E-09 8.4950E-09 8.5920E-09 8.6807E-09 8.7575E-09 8.8236E-09 8.8808E-09 8.9291E-09 8.9648E-09 8.9873E-09 8.9966E-09 8.9934E-09 8.9774E-09 8.9480E-09 8.9052E-09 8.8486E-09 8.7785E-09 8.6946E-09 8.5971E-09 8.4861E-09 8.3618E-09 8.2244E-09 8.0750E-09 7.9145E-09 7.7424E-09 7.5591E-09 7.3652E-09 7.1601E-09 6.9455E-09 6.7229E-09 6.4932E-09 6.2576E-09 6.0169E-09 5.7720E-09 5.5242E-09 5.2746E-09 5.0246E-09 4.7756E-09 4.5291E-09 4.2860E-09 4.0478E-09 3.8152E-09 3.5894E-09 3.3712E-09 3.1612E-09 2.9687E-09 2.7743E-09 2.6736E-09 2.5686E-09 2.4571E-09 2.2645E-09 2.1011E-09 1.8940E-09 1.7105E-09 1.5480E-09 1.4456E-09 1.3500E-09
8.3437E-09 8.4577E-09 8.5637E-09 8.6580E-09 8.7437E-09 8.8217E-09 8.8907E-09 8.9474E-09 8.9908E-09 9.0225E-09 9.0417E-09 9.0482E-09 9.0415E-09 9.0212E-09 8.9873E-09 8.9392E-09 8.8770E-09 8.8005E-09 8.7100E-09 8.6053E-09 8.4882E-09 8.3582E-09 8.2151E-09 8.0588E-09 7.8881E-09 7.7051E-09 7.5106E-09 7.3053E-09 7.0902E-09 6.8662E-09 6.6345E-09 6.3964E-09 6.1522E-09 5.9033E-09 5.6506E-09 5.3956E-09 5.1398E-09 4.8846E-09 4.6315E-09 4.3818E-09 4.1366E-09 3.8970E-09 3.6643E-09 3.4391E-09 3.2215E-09 3.0284E-09 2.9561E-09 2.8617E-09 2.6405E-09 2.5264E-09 2.3999E-09 2.1989E-09 1.9785E-09 1.7822E-09 1.6084E-09 1.4560E-09 1.3574E-09
8.2965E-09 8.4183E-09 8.5295E-09 8.6334E-09 8.7308E-09 8.8193E-09 8.8960E-09 8.9607E-09 9.0139E-09 9.0553E-09 9.0843E-09 9.1006E-09 9.1035E-09 9.0926E-09 9.0675E-09 9.0281E-09 8.9741E-09 8.9053E-09 8.8237E-09 8.7286E-09 8.6192E-09 8.4943E-09 8.3537E-09 8.1994E-09 8.0316E-09 7.8509E-09 7.6582E-09 7.4556E-09 7.2427E-09 7.0201E-09 6.7890E-09 6.5500E-09 6.3038E-09 6.0509E-09 5.7933E-09 5.5329E-09 5.2711E-09 5.0096E-09 4.7499E-09 4.4932E-09 4.2409E-09 3.9943E-09 3.7543E-09 3.5217E-09 3.3122E-09 3.0975E-09 3.0300E-09 2.9438E-09 2.8497E-09 2.6171E-09 2.4833E-09 2.2698E-09 2.0194E-09 1.8573E-09 1.6734E-09 1.5097E-09 1.3659E-09
8.2471E-09 8.3737E-09 8.4941E-09 8.6093E-09 8.7164E-09 8.8122E-09 8.8969E-09 8.9710E-09 9.0341E-09 9.0855E-09 9.1245E-09 9.1506E-09 9.1631E-09 9.1617E-09 9.1458E-09 9.1151E-09 9.0707E-09 9.0133E-09 8.9411E-09 8.8524E-09 8.7470E-09 8.6266E-09 8.4912E-09 8.3413E-09 8.1790E-09 8.0040E-09 7.8160E-09 7.6158E-09 7.4029E-09 7.1780E-09 6.9436E-09 6.7005E-09 6.4496E-09 6.1921E-09 5.9296E-09 5.6636E-09 5.3959E-09 5.1280E-09 4.8615E-09 4.5979E-09 4.3385E-09 4.0845E-09 3.8374E-09 3.5979E-09 3.3893E-09 3.3586E-09 3.2941E-09 3.0394E-09 2.9529E-09 2.9015E-09 2.6464E-09 2.4126E-09 2.1827E-09 1.8957E-09 1.6995E-09 1.5276E-09 1.4143E-09
8.1926E-09 8.3276E-09 8.4592E-09 8.5834E-09 8.6968E-09 8.8006E-09 8.8947E-09 8.9787E-09 9.0517E-09 9.1131E-09 9.1622E-09 9.1982E-09 9.2204E-09 9.2285E-09 9.2220E-09 9.2037E-09 9.1708E-09 9.1218E-09 9.0550E-09 8.9725E-09 8.8741E-09 8.7601E-09 8.6331E-09 8.4916E-09 8.3355E-09 8.1636E-09 7.9757E-09 7.7744E-09 7.5608E-09 7.3356E-09 7.0998E-09 6.8541E-09 6.5998E-09 6.3383E-09 6.0708E-09 5.7994E-09 5.5257E-09 5.2514E-09 4.9782E-09 4.7073E-09 4.4405E-09 4.1793E-09 3.9244E-09 3.7051E-09 3.7169E-09 3.4559E-09 3.4030E-09 3.3377E-09 3.3205E-09 3.1284E-09 2.8410E-09 2.5021E-09 2.2546E-09 1.9789E-09 1.7718E-09 1.5900E-09 1.4276E-09
8.1366E-09 8.2821E-09 8.4219E-09 8.5518E-09 8.6732E-09 8.7861E-09 8.8898E-09 8.9836E-09 9.0666E-09 9.1380E-09 9.1970E-09 9.2428E-09 9.2751E-09 9.2943E-09 9.3013E-09 9.2937E-09 9.2677E-09 9.2256E-09 9.1674E-09 9.0927E-09 9.0046E-09 8.9015E-09 8.7825E-09 8.6450E-09 8.4904E-09 8.3203E-09 8.1353E-09 7.9360E-09 7.7231E-09 7.4978E-09 7.2608E-09 7.0129E-09 6.7554E-09 6.4897E-09 6.2176E-09 5.9409E-09 5.6612E-09 5.3805E-09 5.1002E-09 4.8223E-09 4.5480E-09 4.2789E-09 4.0196E-09 3.7961E-09 3.8318E-09 3.8132E-09 3.7527E-09 3.4724E-09 3.4934E-09 3.3048E-09 3.1668E-09 2.8557E-09 2.4925E-09 2.1724E-09 1.8071E-09 1.6345E-09 1.4770E-09
8.0803E-09 8.2340E-09 8.3789E-09 8.5164E-09 8.6466E-09 8.7687E-09 8.8820E-09 8.9854E-09 9.0783E-09 9.1596E-09 9.2288E-09 9.2849E-09 9.3297E-09 9.3621E-09 9.3790E-09 9.3783E-09 9.3617E-09 9.3289E-09 9.2812E-09 9.2196E-09 9.1418E-09 9.0446E-09 8.9289E-09 8.7962E-09 8.6468E-09 8.4809E-09 8.2990E-09 8.1019E-09 7.8905E-09 7.6653E-09 7.4289E-09 7.1821E-09 6.9249E-09 6.6587E-09 6.3849E-09 6.1058E-09 5.8227E-09 5.5374E-09 5.2511E-09 4.9659E-09 4.6840E-09 4.4069E-09 4.1757E-09 4.2740E-09 3.9759E-09 3.9659E-09 3.9409E-09 4.0063E-09 3.6785E-09 3.5928E-09 3.4630E-09 3.2854E-09 2.8564E-09 2.4126E-09 2.0336E-09 1.6829E-09 1.4912E-09
8.0220E-09 8.1803E-09 8.3322E-09 8.4779E-09 8.6168E-09 8.7481E-09 8.8707E-09 8.9838E-09 9.0867E-09 9.1783E-09 9.2576E-09 9.3274E-09 9.3853E-09 9.4266E-09 9.4517E-09 9.4612E-09 9.4547E-09 9.4357E-09 9.4012E-09 9.3486E-09 9.2756E-09 9.1850E-09 9.0767E-09 8.9504E-09 8.8065E-09 8.6452E-09 8.4672E-09 8.2742E-09 8.0684E-09 7.8483E-09 7.6145E-09 7.3679E-09 7.1071E-09 6.8356E-09 6.5561E-09 6.2704E-09 5.9801E-09 5.6874E-09 5.3938E-09 5.1014E-09 4.8118E-09 4.5758E-09 4.3004E-09 4.4322E-09 4.4830E-09 4.4685E-09 4.1471E-09 4.2371E-09 4.0644E-09 3.9784E-09 3.8213E-09 3.5104E-09 3.1913E-09 2.6820E-09 2.2520E-09 1.8523E-09 1.5187E-09
7.9583E-09 8.1226E-09 8.2820E-09 8.4359E-09 8.5834E-09 8.7237E-09 8.8559E-09 8.9788E-09 9.0916E-09 9.1935E-09 9.2873E-09 9.3699E-09 9.4356E-09 9.4866E-09 9.5225E-09 9.5436E-09 9.5528E-09 9.5463E-09 9.5189E-09 9.4732E-09 9.4095E-09 9.3273E-09 9.2267E-09 9.1075E-09 8.9698E-09 8.8163E-09 8.6476E-09 8.4623E-09 8.2607E-09 8.0396E-09 7.8027E-09 7.5520E-09 7.2887E-09 7.0146E-09 6.7314E-09 6.4411E-09 6.1457E-09 5.8467E-09 5.5464E-09 5.2465E-09 4.9489E-09 4.7139E-09 4.9390E-09 5.0567E-09 4.6842E-09 4.6907E-09 4.6526E-09 4.5372E-09 4.5573E-09 4.4667E-09 4.2852E-09 3.7766E-09 3.4160E-09 2.9913E-09 2.5016E-09 2.0587E-09 1.7055E-09
7.8900E-09 8.0611E-09 8.2281E-09 8.3902E-09 8.5464E-09 8.6957E-09 8.8372E-09 8.9701E-09 9.0932E-09 9.2096E-09 9.3159E-09 9.4058E-09 9.4822E-09 9.5444E-09 9.5933E-09 9.6304E-09 9.6514E-09 9.6515E-09 9.6341E-09 9.5985E-09 9.5445E-09 9.4715E-09 9.3793E-09 9.2696E-09 9.1445E-09 9.0013E-09 8.8384E-09 8.6534E-09 8.4507E-09 8.2310E-09 7.9950E-09 7.7445E-09 7.4838E-09 7.2123E-09 6.9310E-09 6.6416E-09 6.3456E-09 6.0452E-09 5.7407E-09 5.4344E-09 5.1986E-09 4.9278E-09 5.1743E-09 5.3261E-09 5.3814E-09 5.0472E-09 5.2668E-09 5.1337E-09 5.1518E-09 4.8456E-09 4.6558E-09 4.2434E-09 3.6903E-09 3.2043E-09 2.7514E-09 2.2891E-09 1.8654E-09
