Assets/Resources/2015_m01_d01_2000(utc+0800)_l00_csi_1hr_conc.grd
DSAA
         159         159
     -79.000      79.000
     -79.000      79.000
  0.0000E+00  0.7117E-05
[rows 50 to 74 of 159, columns 57 to 113 of 159]
0.0000E+00 0.0000E+00 0.0000E+00 0.0000E+00 0.0000E+00 0.0000E+00 0.0000E+00 0.0000E+00 0.0000E+00 0.0000E+00 0.0000E+00 0.0000E+00 0.0000E+00 0.0000E+00 0.0000E+00 0.0000E+00 0.0000E+00 0.0000E+00 0.0000E+00 0.0000E+00 0.0000E+00 0.0000E+00 0.0000E+00 0.0000E+00 0.0000E+00 0.0000E+00 3.2167E-13 1.6179E-12 3.7992E-12 7.4133E-12 1.2735E-11 2.6370E-11 4.0473E-11 6.9730E-11 8.8998E-11 1.1384E-10 1.7485E-10 2.0369E-10 2.4723E-10 2.9859E-10 3.4413E-10 4.0595E-10 4.6964E-10 5.3271E-10 6.0000E-10 6.6024E-10 7.3292E-10 8.1336E-10 8.9627E-10 9.9489E-10 1.2404E-09 1.5251E-09 1.6934E-09 1.8682E-09 2.0261E-09 2.2308E-09 2.4713E-09
0.0000E+00 0.0000E+00 0.0000E+00 0.0000E+00 0.0000E+00 0.0000E+00 0.0000E+00 0.0000E+00 0.0000E+00 0.0000E+00 0.0000E+00 0.0000E+00 0.0000E+00 0.0000E+00 0.0000E+00 0.0000E+00 0.0000E+00 0.0000E+00 0.0000E+00 0.0000E+00 0.0000E+00 0.0000E+00 0.0000E+00 0.0000E+00 0.0000E+00 0.0000E+00 7.5036E-13 2.0932E-12 5.4953E-12 1.4004E-11 2.0563E-11 4.9762E-11 6.9740E-11 1.0447E-10 1.4724E-10 1.7901E-10 2.1110E-10 2.6187E-10 3.0864E-10 3.6747E-10 4.1715E-10 4.9638E-10 5.6789E-10 6.3361E-10 7.1167E-10 7.8859E-10 8.6903E-10 1.1907E-09 1.4307E-09 1.5700E-09 1.7369E-09 1.9101E-09 2.1632E-09 2.4513E-09 2.6850E-09 2.9244E-09 3.1443E-09
0.0000E+00 0.0000E+00 0.0000E+00 0.0000E+00 0.0000E+00 0.0000E+00 0.0000E+00 0.0000E+00 0.0000E+00 0.0000E+00 0.0000E+00 0.0000E+00 0.0000E+00 0.0000E+00 0.0000E+00 0.0000E+00 0.0000E+00 0.0000E+00 0.0000E+00 0.0000E+00 0.0000E+00 0.0000E+00 0.0000E+00 0.0000E+00 0.0000E+00 2.8036E-14 1.2052E-12 4.3413E-12 1.2360E-11 2.6678E-11 4.9264E-11 8.5886E-11 1.1911E-10 1.5022E-10 1.9888E-10 2.3202E-10 2.7044E-10 3.1744E-10 3.7537E-10 4.6022E-10 5.3805E-10 6.3434E-10 8.8727E-10 1.1404E-09 1.2616E-09 1.3820E-09 1.5034E-09 1.6335E-09 1.7724E-09 1.9326E-09 2.2711E-09 2.6519E-09 2.9234E-09 3.2096E-09 3.4914E-09 3.7696E-09 4.0001E-09
0.0000E+00 0.0000E+00 0.0000E+00 0.0000E+00 0.0000E+00 0.0000E+00 0.0000E+00 0.0000E+00 0.0000E+00 0.0000E+00 0.0000E+00 0.0000E+00 0.0000E+00 0.0000E+00 0.0000E+00 0.0000E+00 0.0000E+00 0.0000E+00 0.0000E+00 0.0000E+00 0.0000E+00 0.0000E+00 0.0000E+00 0.0000E+00 0.0000E+00 3.6838E-13 3.9469E-12 1.1821E-11 2.8624E-11 5.5476E-11 9.1483E-11 1.2492E-10 1.6872E-10 2.0847E-10 2.4483E-10 3.1681E-10 3.7177E-10 4.2958E-10 5.0523E-10 6.8959E-10 1.0018E-09 1.1877E-09 1.3409E-09 1.4860E-09 1.6210E-09 1.7599E-09 1.9055E-09 2.0552E-09 2.4352E-09 2.8994E-09 3.2267E-09 3.5189E-09 3.7938E-09 4.0907E-09 4.3654E-09 4.6183E-09 4.4593E-09
0.0000E+00 0.0000E+00 0.0000E+00 0.0000E+00 0.0000E+00 0.0000E+00 0.0000E+00 0.0000E+00 0.0000E+00 0.0000E+00 0.0000E+00 0.0000E+00 0.0000E+00 0.0000E+00 0.0000E+00 0.0000E+00 0.0000E+00 0.0000E+00 0.0000E+00 0.0000E+00 0.0000E+00 0.0000E+00 0.0000E+00 0.0000E+00 0.0000E+00 3.6626E-12 1.2250E-11 2.7336E-11 6.6070E-11 9.2699E-11 1.3372E-10 1.7479E-10 2.3601E-10 2.9981E-10 3.5023E-10 4.1242E-10 4.7039E-10 6.9864E-10 9.5369E-10 1.1221E-09 1.3681E-09 1.5738E-09 1.7689E-09 2.1997E-09 2.5323E-09 2.7343E-09 2.9160E-09 3.1622E-09 3.4489E-09 3.8031E-09 4.1557E-09 4.5029E-09 4.8354E-09 5.1333E-09 5.3879E-09 5.6309E-09 5.3360E-09
0.0000E+00 0.0000E+00 0.0000E+00 0.0000E+00 0.0000E+00 0.0000E+00 0.0000E+00 0.0000E+00 0.0000E+00 0.0000E+00 0.0000E+00 0.0000E+00 0.0000E+00 0.0000E+00 0.0000E+00 0.0000E+00 0.0000E+00 0.0000E+00 0.0000E+00 0.0000E+00 0.0000E+00 0.0000E+00 0.0000E+00 0.0000E+00 3.0553E-12 1.2566E-11 2.9044E-11 6.5049E-11 9.5008E-11 1.3982E-10 1.9946E-10 2.7351E-10 3.2714E-10 3.8662E-10 4.5222E-10 6.2157E-10 8.6625E-10 1.0975E-09 1.2718E-09 1.6036E-09 2.0973E-09 2.4856E-09 2.7684E-09 3.0406E-09 3.2866E-09 3.5220E-09 3.7636E-09 4.0797E-09 4.4654E-09 4.8863E-09 5.2931E-09 5.6925E-09 6.0408E-09 6.3682E-09 6.6552E-09 6.9027E-09 6.3956E-09
0.0000E+00 0.0000E+00 0.0000E+00 0.0000E+00 0.0000E+00 0.0000E+00 0.0000E+00 0.0000E+00 0.0000E+00 0.0000E+00 0.0000E+00 0.0000E+00 0.0000E+00 0.0000E+00 0.0000E+00 0.0000E+00 0.0000E+00 0.0000E+00 0.0000E+00 0.0000E+00 0.0000E+00 0.0000E+00 0.0000E+00 2.7435E-12 1.2007E-11 3.0044E-11 6.4293E-11 9.4540E-11 1.4625E-10 2.3095E-10 2.9055E-10 3.5013E-10 4.1597E-10 5.1833E-10 7.7551E-10 1.0614E-09 1.2407E-09 1.6124E-09 2.0776E-09 2.5221E-09 2.9052E-09 3.2864E-09 3.6354E-09 3.9596E-09 4.2628E-09 4.5334E-09 4.8819E-09 5.2834E-09 5.7835E-09 6.2697E-09 6.7169E-09 7.1378E-09 7.5162E-09 7.8433E-09 8.1363E-09 7.4974E-09 7.6707E-09
0.0000E+00 0.0000E+00 0.0000E+00 0.0000E+00 0.0000E+00 0.0000E+00 0.0000E+00 0.0000E+00 0.0000E+00 0.0000E+00 0.0000E+00 0.0000E+00 0.0000E+00 0.0000E+00 0.0000E+00 0.0000E+00 0.0000E+00 0.0000E+00 0.0000E+00 0.0000E+00 0.0000E+00 0.0000E+00 2.1120E-12 1.1057E-11 2.9241E-11 6.1881E-11 9.2131E-11 1.5718E-10 2.3294E-10 2.9327E-10 3.6522E-10 4.5906E-10 6.3487E-10 9.0845E-10 1.1945E-09 1.5186E-09 1.9947E-09 2.4470E-09 2.8932E-09 3.3897E-09 3.8857E-09 4.3718E-09 4.8137E-09 5.2016E-09 5.5644E-09 5.9129E-09 6.3800E-09 6.8800E-09 7.4589E-09 8.0154E-09 8.5185E-09 8.9367E-09 9.2954E-09 9.6114E-09 9.8859E-09 8.9504E-09 7.3532E-09
0.0000E+00 0.0000E+00 0.0000E+00 0.0000E+00 0.0000E+00 0.0000E+00 0.0000E+00 0.0000E+00 0.0000E+00 0.0000E+00 0.0000E+00 0.0000E+00 0.0000E+00 0.0000E+00 0.0000E+00 0.0000E+00 0.0000E+00 0.0000E+00 0.0000E+00 0.0000E+00 0.0000E+00 1.3197E-12 9.5726E-12 2.6720E-11 5.8570E-11 8.9346E-11 1.6075E-10 2.2901E-10 2.9453E-10 4.0017E-10 5.2741E-10 7.4645E-10 1.0562E-09 1.3812E-09 1.8870E-09 2.4185E-09 2.8723E-09 3.3731E-09 3.9547E-09 4.5495E-09 5.1557E-09 5.7355E-09 6.2380E-09 6.7347E-09 7.1876E-09 7.6420E-09 8.1932E-09 8.8563E-09 9.5371E-09 1.0144E-08 1.0676E-08 1.1092E-08 1.1459E-08 1.1726E-08 1.1940E-08 1.0641E-08 7.1703E-09
0.0000E+00 0.0000E+00 0.0000E+00 0.0000E+00 0.0000E+00 0.0000E+00 0.0000E+00 0.0000E+00 0.0000E+00 0.0000E+00 0.0000E+00 0.0000E+00 0.0000E+00 0.0000E+00 0.0000E+00 0.0000E+00 0.0000E+00 0.0000E+00 0.0000E+00 0.0000E+00 4.1671E-13 7.3211E-12 2.3330E-11 5.3293E-11 8.6218E-11 1.5596E-10 2.2036E-10 2.9765E-10 4.5833E-10 2.9253E-09 4.0965E-09 5.2830E-09 6.3937E-09 7.4784E-09 8.3899E-09 3.4699E-09 4.0610E-09 4.7098E-09 5.3689E-09 6.0728E-09 6.7835E-09 7.4521E-09 8.0995E-09 8.6815E-09 9.2035E-09 9.8151E-09 1.0502E-08 1.1334E-08 1.2066E-08 1.2704E-08 1.3238E-08 1.3655E-08 1.3945E-08 1.4195E-08 1.2491E-08 1.2526E-08 8.1657E-09
0.0000E+00 0.0000E+00 0.0000E+00 0.0000E+00 0.0000E+00 0.0000E+00 0.0000E+00 0.0000E+00 0.0000E+00 0.0000E+00 0.0000E+00 0.0000E+00 0.0000E+00 0.0000E+00 0.0000E+00 0.0000E+00 0.0000E+00 0.0000E+00 0.0000E+00 0.0000E+00 3.8046E-12 1.8386E-11 4.7689E-11 7.9314E-11 1.4588E-10 4.8430E-10 8.8732E-10 1.1841E-09 3.0401E-09 4.4507E-09 5.9876E-09 7.4835E-09 8.9152E-09 1.0126E-08 1.1013E-08 1.1578E-08 1.2000E-08 1.2460E-08 1.2866E-08 8.2496E-09 9.0592E-09 9.7517E-09 1.0489E-08 1.1141E-08 1.1767E-08 1.2571E-08 1.3399E-08 1.4307E-08 1.5123E-08 1.5779E-08 1.6248E-08 1.6613E-08 1.6854E-08 1.7005E-08 1.4731E-08 1.1683E-08 9.3478E-09
0.0000E+00 0.0000E+00 0.0000E+00 0.0000E+00 0.0000E+00 0.0000E+00 0.0000E+00 0.0000E+00 0.0000E+00 0.0000E+00 0.0000E+00 0.0000E+00 0.0000E+00 0.0000E+00 0.0000E+00 0.0000E+00 0.0000E+00 0.0000E+00 0.0000E+00 1.5779E-12 1.1569E-11 3.7275E-11 9.4238E-11 5.2586E-10 9.4918E-10 1.3460E-09 1.7073E-09 2.0588E-09 4.7773E-09 6.7090E-09 8.7117E-09 1.0657E-08 1.2274E-08 1.3648E-08 1.4519E-08 1.5201E-08 1.5681E-08 1.6135E-08 1.6578E-08 1.7057E-08 1.7486E-08 1.2871E-08 1.3659E-08 1.4294E-08 1.5089E-08 1.5894E-08 1.6932E-08 1.7929E-08 1.8709E-08 1.9370E-08 1.9755E-08 2.0031E-08 2.0152E-08 2.0205E-08 1.7268E-08 1.0786E-08 1.0372E-08
0.0000E+00 0.0000E+00 0.0000E+00 0.0000E+00 0.0000E+00 0.0000E+00 0.0000E+00 0.0000E+00 0.0000E+00 0.0000E+00 0.0000E+00 0.0000E+00 0.0000E+00 0.0000E+00 0.0000E+00 0.0000E+00 0.0000E+00 0.0000E+00 2.0053E-13 6.9517E-12 2.6860E-11 3.8511E-10 7.8916E-10 1.1956E-09 1.6289E-09 2.0907E-09 2.5901E-09 4.8165E-09 1.0431E-08 1.4552E-08 1.8456E-08 2.1753E-08 2.4333E-08 1.8368E-08 1.9233E-08 1.9868E-08 2.0299E-08 2.0777E-08 2.1268E-08 2.1698E-08 2.2170E-08 2.2568E-08 2.2876E-08 1.8323E-08 1.9184E-08 2.0139E-08 2.1204E-08 2.2145E-08 2.2931E-08 2.3445E-08 2.3740E-08 2.3855E-08 2.3877E-08 2.0309E-08 2.0083E-08 1.2258E-08 7.7423E-09
0.0000E+00 0.0000E+00 0.0000E+00 0.0000E+00 0.0000E+00 0.0000E+00 0.0000E+00 0.0000E+00 0.0000E+00 0.0000E+00 0.0000E+00 0.0000E+00 0.0000E+00 0.0000E+00 0.0000E+00 0.0000E+00 0.0000E+00 0.0000E+00 2.1253E-12 8.8137E-11 4.6843E-10 9.0657E-10 1.3608E-09 1.8606E-09 2.7551E-09 3.7954E-09 4.8492E-09 1.0482E-08 1.5646E-08 2.0989E-08 2.5627E-08 2.9401E-08 3.2300E-08 3.3909E-08 3.4096E-08 3.4185E-08 3.3814E-08 2.6671E-08 2.7109E-08 2.7420E-08 2.7850E-08 2.8136E-08 2.8386E-08 2.8653E-08 2.4192E-08 2.5209E-08 2.6242E-08 2.7184E-08 2.7717E-08 2.8085E-08 2.8213E-08 2.8123E-08 2.7970E-08 2.3499E-08 1.8185E-08 1.3516E-08 8.6038E-09
0.0000E+00 0.0000E+00 0.0000E+00 0.0000E+00 0.0000E+00 0.0000E+00 0.0000E+00 0.0000E+00 0.0000E+00 0.0000E+00 0.0000E+00 0.0000E+00 0.0000E+00 0.0000E+00 0.0000E+00 0.0000E+00 0.0000E+00 3.5902E-13 1.3018E-10 5.0728E-10 9.5681E-10 1.4586E-09 2.4766E-09 3.6514E-09 4.8673E-09 6.2244E-09 7.7792E-09 1.6205E-08 2.3166E-08 2.9806E-08 3.5395E-08 3.9788E-08 4.2871E-08 4.4270E-08 4.3969E-08 4.3743E-08 4.2909E-08 4.2455E-08 4.1997E-08 3.4679E-08 3.4861E-08 3.4904E-08 3.5054E-08 3.5156E-08 3.5563E-08 3.1145E-08 3.2109E-08 3.2778E-08 3.3305E-08 3.3214E-08 3.3158E-08 3.2858E-08 3.2438E-08 2.6979E-08 1.6045E-08 1.0198E-08 9.5473E-09
0.0000E+00 0.0000E+00 0.0000E+00 0.0000E+00 0.0000E+00 0.0000E+00 0.0000E+00 0.0000E+00 0.0000E+00 0.0000E+00 0.0000E+00 0.0000E+00 0.0000E+00 0.0000E+00 0.0000E+00 0.0000E+00 0.0000E+00 1.2547E-10 4.9622E-10 9.6197E-10 1.6261E-09 2.7602E-09 4.0973E-09 5.6300E-09 7.3870E-09 9.4391E-09 1.4018E-08 2.4175E-08 3.3414E-08 4.4896E-08 5.4389E-08 6.1951E-08 6.7166E-08 6.9368E-08 6.8567E-08 6.6910E-08 6.4643E-08 5.3352E-08 5.2462E-08 5.1501E-08 4.3360E-08 4.3200E-08 4.2869E-08 4.2988E-08 4.3117E-08 4.3458E-08 3.8749E-08 3.9167E-08 3.9178E-08 3.9006E-08 3.8427E-08 3.7952E-08 3.1480E-08 2.5927E-08 1.7962E-08 1.0842E-08 1.0129E-08
0.0000E+00 0.0000E+00 0.0000E+00 0.0000E+00 0.0000E+00 0.0000E+00 0.0000E+00 0.0000E+00 0.0000E+00 0.0000E+00 0.0000E+00 0.0000E+00 0.0000E+00 0.0000E+00 0.0000E+00 0.0000E+00 8.7918E-11 4.4446E-10 9.1194E-10 1.7002E-09 2.8938E-09 4.3512E-09 6.1458E-09 8.2905E-09 1.0843E-08 1.3991E-08 2.3679E-08 3.5218E-08 4.7351E-08 6.2326E-08 7.3891E-08 8.2394E-08 8.7569E-08 8.8814E-08 8.7228E-08 8.4158E-08 8.0821E-08 7.8227E-08 7.5462E-08 6.3351E-08 6.1729E-08 6.0090E-08 5.2241E-08 5.1923E-08 5.1828E-08 5.1778E-08 5.1563E-08 4.6187E-08 4.5736E-08 4.5065E-08 4.4253E-08 4.3301E-08 3.5593E-08 2.1541E-08 1.9435E-08 1.1951E-08 1.1145E-08
0.0000E+00 0.0000E+00 0.0000E+00 0.0000E+00 0.0000E+00 0.0000E+00 0.0000E+00 0.0000E+00 0.0000E+00 0.0000E+00 0.0000E+00 0.0000E+00 0.0000E+00 0.0000E+00 0.0000E+00 3.8232E-11 3.7166E-10 7.9647E-10 1.6009E-09 2.8047E-09 4.3632E-09 6.3503E-09 8.8332E-09 1.1898E-08 1.5663E-08 2.0220E-08 3.4698E-08 5.0562E-08 6.6097E-08 8.5878E-08 9.9746E-08 1.0893E-07 1.1348E-07 1.1315E-07 1.1091E-07 1.0501E-07 1.0016E-07 9.6512E-08 9.2638E-08 8.8595E-08 7.4787E-08 7.2352E-08 7.0174E-08 6.2125E-08 6.1507E-08 6.0967E-08 6.0071E-08 5.9007E-08 5.2684E-08 5.1579E-08 5.0323E-08 4.9023E-08 3.9858E-08 2.3050E-08 1.4021E-08 1.3074E-08 1.2220E-08
0.0000E+00 0.0000E+00 0.0000E+00 0.0000E+00 0.0000E+00 0.0000E+00 0.0000E+00 0.0000E+00 0.0000E+00 0.0000E+00 0.0000E+00 0.0000E+00 0.0000E+00 0.0000E+00 0.0000E+00 2.2244E-10 6.1124E-10 1.3544E-09 2.5205E-09 4.1238E-09 6.1767E-09 8.9057E-09 1.2368E-08 1.6684E-08 2.2091E-08 2.8473E-08 4.9841E-08 7.1296E-08 1.0009E-07 1.2765E-07 1.4939E-07 1.6200E-07 1.6601E-07 1.6162E-07 1.5474E-07 1.2976E-07 1.2295E-07 1.1786E-07 1.1255E-07 1.0705E-07 1.0151E-07 9.6159E-08 8.3188E-08 8.0498E-08 7.2182E-08 7.0858E-08 6.9225E-08 6.7168E-08 6.4976E-08 5.8258E-08 5.6549E-08 4.6072E-08 3.5603E-08 2.5300E-08 1.5022E-08 1.3773E-08 1.3315E-08
0.0000E+00 0.0000E+00 0.0000E+00 0.0000E+00 0.0000E+00 0.0000E+00 0.0000E+00 0.0000E+00 0.0000E+00 0.0000E+00 0.0000E+00 0.0000E+00 0.0000E+00 0.0000E+00 8.8798E-11 4.4433E-10 1.0529E-09 2.1252E-09 3.6531E-09 5.6725E-09 8.4540E-09 1.2130E-08 1.6868E-08 2.2886E-08 3.0298E-08 4.2861E-08 7.0304E-08 9.8962E-08 1.3916E-07 1.7459E-07 1.9960E-07 2.1109E-07 2.1172E-07 2.0345E-07 1.9198E-07 1.7765E-07 1.6568E-07 1.4226E-07 1.3514E-07 1.2784E-07 1.2052E-07 1.1353E-07 1.0721E-07 9.3683E-08 8.3534E-08 8.1449E-08 7.8761E-08 7.5813E-08 7.2723E-08 6.5117E-08 6.2939E-08 5.0794E-08 2.9826E-08 2.6899E-08 1.6323E-08 1.4989E-08 1.4410E-08
0.0000E+00 0.0000E+00 0.0000E+00 0.0000E+00 0.0000E+00 0.0000E+00 0.0000E+00 0.0000E+00 0.0000E+00 0.0000E+00 0.0000E+00 0.0000E+00 0.0000E+00 6.5433E-12 2.5133E-10 6.8991E-10 1.6703E-09 2.9846E-09 4.8827E-09 7.5415E-09 1.1209E-08 1.6089E-08 2.2423E-08 3.0521E-08 4.0449E-08 6.2401E-08 9.7460E-08 1.3502E-07 1.9182E-07 2.3643E-07 2.6321E-07 2.7151E-07 2.6592E-07 2.5308E-07 2.3503E-07 2.1558E-07 2.0024E-07 1.8660E-07 1.6016E-07 1.5069E-07 1.4128E-07 1.3235E-07 1.2414E-07 1.0761E-07 1.0293E-07 9.2035E-08 8.8627E-08 8.4442E-08 8.0669E-08 7.6980E-08 5.9077E-08 5.5533E-08 3.1835E-08 1.9166E-08 1.7646E-08 1.6204E-08 1.5501E-08
0.0000E+00 0.0000E+00 0.0000E+00 0.0000E+00 0.0000E+00 0.0000E+00 0.0000E+00 0.0000E+00 0.0000E+00 0.0000E+00 0.0000E+00 0.0000E+00 0.0000E+00 7.4392E-11 4.2655E-10 1.1114E-09 2.2449E-09 3.9365E-09 6.3094E-09 9.7133E-09 1.4425E-08 2.0741E-08 2.9006E-08 3.9547E-08 5.2388E-08 8.4084E-08 1.3286E-07 1.9315E-07 2.6239E-07 3.1677E-07 3.4229E-07 3.4399E-07 3.2890E-07 3.0911E-07 2.8344E-07 2.5739E-07 2.3880E-07 2.2026E-07 2.0418E-07 1.7510E-07 1.6331E-07 1.5213E-07 1.4180E-07 1.3253E-07 1.1581E-07 1.0966E-07 9.7858E-08 9.2970E-08 8.8269E-08 8.3999E-08 6.3270E-08 4.8682E-08 3.4223E-08 2.0352E-08 1.8303E-08 1.7376E-08 1.6560E-08
0.0000E+00 0.0000E+00 0.0000E+00 0.0000E+00 0.0000E+00 0.0000E+00 0.0000E+00 0.0000E+00 0.0000E+00 0.0000E+00 0.0000E+00 0.0000E+00 0.0000E+00 1.7293E-10 6.0519E-10 1.5817E-09 2.9198E-09 4.9339E-09 7.8928E-09 1.2144E-08 1.8031E-08 2.5976E-08 3.6442E-08 4.9753E-08 6.5783E-08 1.1128E-07 1.7793E-07 2.6217E-07 3.5668E-07 4.1953E-07 4.3825E-07 4.2843E-07 3.9977E-07 3.6937E-07 3.3573E-07 3.0221E-07 2.7958E-07 2.5557E-07 2.3579E-07 2.1650E-07 1.8597E-07 1.7226E-07 1.5959E-07 1.4816E-07 1.3805E-07 1.2081E-07 1.0701E-07 1.0111E-07 9.5593E-08 9.0660E-08 6.7903E-08 3.9782E-08 3.5631E-08 2.1728E-08 1.9543E-08 1.8482E-08 1.7564E-08
0.0000E+00 0.0000E+00 0.0000E+00 0.0000E+00 0.0000E+00 0.0000E+00 0.0000E+00 0.0000E+00 0.0000E+00 0.0000E+00 0.0000E+00 0.0000E+00 2.1336E-11 2.9212E-10 8.5780E-10 1.9646E-09 3.6081E-09 5.9938E-09 9.5601E-09 1.4703E-08 2.1870E-08 3.1572E-08 4.4381E-08 6.0625E-08 8.0069E-08 1.4458E-07 2.3373E-07 3.5427E-07 4.8226E-07 5.4851E-07 5.5142E-07 5.2201E-07 4.7665E-07 4.3247E-07 3.8975E-07 3.4916E-07 3.2021E-07 2.9137E-07 2.6740E-07 2.4445E-07 2.0833E-07 1.9200E-07 1.7684E-07 1.6317E-07 1.5071E-07 1.3121E-07 1.1544E-07 1.0866E-07 1.0233E-07 8.3236E-08 7.7335E-08 4.1666E-08 2.5321E-08 2.3022E-08 2.0734E-08 1.9491E-08 1.8480E-08
0.0000E+00 0.0000E+00 0.0000E+00 0.0000E+00 0.0000E+00 0.0000E+00 0.0000E+00 0.0000E+00 0.0000E+00 0.0000E+00 0.0000E+00 0.0000E+00 5.9597E-11 3.8152E-10 1.1449E-09 2.3612E-09 4.2394E-09 7.0335E-09 1.1214E-08 1.7259E-08 2.5715E-08 3.7189E-08 5.2353E-08 7.1525E-08 9.9899E-08 1.8389E-07 3.0013E-07 4.7822E-07 6.4772E-07 7.0612E-07 6.8031E-07 6.2297E-07 5.5657E-07 4.9621E-07 4.4309E-07 3.9633E-07 3.5937E-07 3.2591E-07 2.9746E-07 2.7095E-07 2.4588E-07 2.1041E-07 1.9280E-07 1.7696E-07 1.6239E-07 1.4003E-07 1.3004E-07 1.1523E-07 1.0830E-07 8.7038E-08 6.7481E-08 4.3678E-08 2.6362E-08 2.3409E-08 2.1778E-08 2.0387E-08 1.9284E-08
