Assets/Resources/2015_m01_d16_2100(utc+0800)_l00_csi_1hr_conc.grd
DSAA
         159         159
     -79.000      79.000
     -79.000      79.000
  0.0000E+00  0.1664E-05
[rows 25 to 49 of 159, columns 57 to 113 of 159]
6.4273E-10 9.5381E-10 1.3663E-09 1.8905E-09 2.5324E-09 3.2866E-09 4.1456E-09 5.0831E-09 6.0766E-09 7.0850E-09 8.0768E-09 9.0206E-09 9.8849E-09 1.0661E-08 1.1325E-08 1.1887E-08 1.2348E-08 1.2703E-08 1.2975E-08 1.3161E-08 1.3268E-08 1.3280E-08 1.3201E-08 1.3009E-08 1.2699E-08 1.2252E-08 1.1671E-08 1.0955E-08 1.0113E-08 9.1681E-09 8.1585E-09 7.1096E-09 6.0720E-09 5.0705E-09 4.1424E-09 3.3076E-09 2.5817E-09 1.9638E-09 1.4637E-09 1.0592E-09 7.4699E-10 5.1150E-10 3.3782E-10 2.1419E-10 1.2854E-10 6.9684E-11 3.2761E-11 1.2098E-11 1.2137E-12 0.0000E+00 0.0000E+00 0.0000E+00 0.0000E+00 0.0000E+00 0.0000E+00 0.0000E+00 0.0000E+00
6.9768E-10 1.0347E-09 1.4805E-09 2.0466E-09 2.7371E-09 3.5499E-09 4.4645E-09 5.4634E-09 6.5057E-09 7.5588E-09 8.5841E-09 9.5417E-09 1.0413E-08 1.1171E-08 1.1813E-08 1.2337E-08 1.2754E-08 1.3066E-08 1.3278E-08 1.3408E-08 1.3459E-08 1.3419E-08 1.3278E-08 1.3020E-08 1.2635E-08 1.2110E-08 1.1446E-08 1.0649E-08 9.7331E-09 8.7275E-09 7.6740E-09 6.6004E-09 5.5589E-09 4.5724E-09 3.6778E-09 2.8863E-09 2.2157E-09 1.6540E-09 1.2093E-09 8.5611E-10 5.9368E-10 3.9435E-10 2.5452E-10 1.5638E-10 8.8315E-11 4.4505E-11 1.7868E-11 3.4904E-12 4.3626E-14 0.0000E+00 0.0000E+00 0.0000E+00 0.0000E+00 0.0000E+00 0.0000E+00 0.0000E+00 0.0000E+00
7.5011E-10 1.1141E-09 1.5951E-09 2.2041E-09 2.9464E-09 3.8131E-09 4.7909E-09 5.8458E-09 6.9461E-09 8.0450E-09 9.1021E-09 1.0079E-08 1.0949E-08 1.1695E-08 1.2309E-08 1.2798E-08 1.3171E-08 1.3429E-08 1.3595E-08 1.3666E-08 1.3652E-08 1.3559E-08 1.3347E-08 1.3023E-08 1.2564E-08 1.1956E-08 1.1208E-08 1.0331E-08 9.3435E-09 8.2856E-09 7.1919E-09 6.1040E-09 5.0624E-09 4.1012E-09 3.2406E-09 2.5027E-09 1.8808E-09 1.3811E-09 9.8644E-10 6.8409E-10 4.6095E-10 2.9999E-10 1.8434E-10 1.0928E-10 5.7273E-11 2.4851E-11 6.8592E-12 5.5959E-13 0.0000E+00 0.0000E+00 0.0000E+00 0.0000E+00 0.0000E+00 0.0000E+00 0.0000E+00 0.0000E+00 0.0000E+00
7.9994E-10 1.1905E-09 1.7064E-09 2.3581E-09 3.1504E-09 4.0783E-09 5.1154E-09 6.2360E-09 7.3925E-09 8.5371E-09 9.6290E-09 1.0624E-08 1.1500E-08 1.2229E-08 1.2819E-08 1.3269E-08 1.3595E-08 1.3804E-08 1.3913E-08 1.3933E-08 1.3860E-08 1.3690E-08 1.3419E-08 1.3019E-08 1.2475E-08 1.1783E-08 1.0953E-08 9.9953E-09 8.9407E-09 7.8364E-09 6.7088E-09 5.6144E-09 4.5821E-09 3.6513E-09 2.8319E-09 2.1485E-09 1.5800E-09 1.1374E-09 7.9146E-10 5.3748E-10 3.5061E-10 2.1988E-10 1.3047E-10 7.0989E-11 3.3577E-11 1.1042E-11 8.3988E-13 0.0000E+00 0.0000E+00 0.0000E+00 0.0000E+00 0.0000E+00 0.0000E+00 0.0000E+00 0.0000E+00 0.0000E+00 0.0000E+00
8.4575E-10 1.2621E-09 1.8102E-09 2.5052E-09 3.3517E-09 4.3357E-09 5.4419E-09 6.6209E-09 7.8363E-09 9.0334E-09 1.0161E-08 1.1183E-08 1.2058E-08 1.2780E-08 1.3341E-08 1.3757E-08 1.4035E-08 1.4187E-08 1.4244E-08 1.4198E-08 1.4068E-08 1.3828E-08 1.3477E-08 1.3000E-08 1.2367E-08 1.1590E-08 1.0674E-08 9.6389E-09 8.5256E-09 7.3749E-09 6.2266E-09 5.1298E-09 4.1220E-09 3.2246E-09 2.4578E-09 1.8243E-09 1.3171E-09 9.2425E-10 6.2912E-10 4.1216E-10 2.6209E-10 1.5685E-10 8.6438E-11 4.3283E-11 1.5606E-11 1.9038E-12 0.0000E+00 0.0000E+00 0.0000E+00 0.0000E+00 0.0000E+00 0.0000E+00 0.0000E+00 0.0000E+00 0.0000E+00 0.0000E+00 0.0000E+00
8.8671E-10 1.3268E-09 1.9101E-09 2.6494E-09 3.5462E-09 4.5930E-09 5.7581E-09 7.0088E-09 8.2868E-09 9.5368E-09 1.0704E-08 1.1744E-08 1.2630E-08 1.3340E-08 1.3881E-08 1.4259E-08 1.4485E-08 1.4590E-08 1.4580E-08 1.4479E-08 1.4275E-08 1.3967E-08 1.3535E-08 1.2959E-08 1.2240E-08 1.1369E-08 1.0364E-08 9.2587E-09 8.0905E-09 6.8991E-09 5.7435E-09 4.6519E-09 3.6761E-09 2.8205E-09 2.1115E-09 1.5304E-09 1.0814E-09 7.3890E-10 4.9005E-10 3.1033E-10 1.8902E-10 1.0739E-10 5.4330E-11 2.1744E-11 4.7806E-12 0.0000E+00 0.0000E+00 0.0000E+00 0.0000E+00 0.0000E+00 0.0000E+00 0.0000E+00 0.0000E+00 0.0000E+00 0.0000E+00 0.0000E+00 0.0000E+00
9.2260E-10 1.3879E-09 2.0009E-09 2.7806E-09 3.7309E-09 4.8355E-09 6.0729E-09 7.3860E-09 8.7265E-09 1.0031E-08 1.1243E-08 1.2316E-08 1.3208E-08 1.3915E-08 1.4429E-08 1.4772E-08 1.4957E-08 1.5005E-08 1.4939E-08 1.4765E-08 1.4487E-08 1.4097E-08 1.3574E-08 1.2911E-08 1.2083E-08 1.1114E-08 1.0031E-08 8.8540E-09 7.6303E-09 6.4162E-09 5.2551E-09 4.1870E-09 3.2483E-09 2.4437E-09 1.7910E-09 1.2718E-09 8.7426E-10 5.8363E-10 3.7380E-10 2.2765E-10 1.3200E-10 6.8663E-11 3.0229E-11 8.3003E-12 0.0000E+00 0.0000E+00 0.0000E+00 0.0000E+00 0.0000E+00 0.0000E+00 0.0000E+00 0.0000E+00 0.0000E+00 0.0000E+00 0.0000E+00 0.0000E+00 0.0000E+00
9.5197E-10 1.4367E-09 2.0829E-09 2.9058E-09 3.9056E-09 5.0745E-09 6.3721E-09 7.7575E-09 9.1656E-09 1.0529E-08 1.1787E-08 1.2882E-08 1.3794E-08 1.4496E-08 1.4996E-08 1.5309E-08 1.5443E-08 1.5440E-08 1.5307E-08 1.5064E-08 1.4708E-08 1.4224E-08 1.3607E-08 1.2831E-08 1.1899E-08 1.0840E-08 9.6634E-09 8.4169E-09 7.1532E-09 5.9228E-09 4.7664E-09 3.7341E-09 2.8364E-09 2.0960E-09 1.4984E-09 1.0414E-09 6.9573E-10 4.5130E-10 2.7777E-10 1.6260E-10 8.7250E-11 4.0918E-11 1.3881E-11 5.9235E-13 0.0000E+00 0.0000E+00 0.0000E+00 0.0000E+00 0.0000E+00 0.0000E+00 0.0000E+00 0.0000E+00 0.0000E+00 0.0000E+00 0.0000E+00 0.0000E+00 0.0000E+00
9.7147E-10 1.4793E-09 2.1569E-09 3.0195E-09 4.0737E-09 5.2978E-09 6.6660E-09 8.1192E-09 9.5916E-09 1.1016E-08 1.2320E-08 1.3456E-08 1.4383E-08 1.5086E-08 1.5572E-08 1.5855E-08 1.5954E-08 1.5890E-08 1.5700E-08 1.5379E-08 1.4933E-08 1.4349E-08 1.3621E-08 1.2728E-08 1.1690E-08 1.0527E-08 9.2660E-09 7.9602E-09 6.6608E-09 5.4181E-09 4.2837E-09 3.2938E-09 2.4502E-09 1.7705E-09 1.2373E-09 8.3685E-10 5.4364E-10 3.4142E-10 2.0048E-10 1.1124E-10 5.4509E-11 2.0928E-11 3.7726E-12 0.0000E+00 0.0000E+00 0.0000E+00 0.0000E+00 0.0000E+00 0.0000E+00 0.0000E+00 0.0000E+00 0.0000E+00 0.0000E+00 0.0000E+00 0.0000E+00 0.0000E+00 0.0000E+00
9.8779E-10 1.5136E-09 2.2191E-09 3.1217E-09 4.2237E-09 5.5138E-09 6.9444E-09 8.4686E-09 1.0008E-08 1.1493E-08 1.2850E-08 1.4018E-08 1.4970E-08 1.5678E-08 1.6160E-08 1.6416E-08 1.6475E-08 1.6367E-08 1.6106E-08 1.5710E-08 1.5165E-08 1.4474E-08 1.3622E-08 1.2602E-08 1.1452E-08 1.0180E-08 8.8365E-09 7.4771E-09 6.1517E-09 4.9148E-09 3.8152E-09 2.8689E-09 2.0941E-09 1.4741E-09 1.0076E-09 6.6051E-10 4.1813E-10 2.5067E-10 1.4030E-10 7.2561E-11 3.0953E-11 8.2156E-12 0.0000E+00 0.0000E+00 0.0000E+00 0.0000E+00 0.0000E+00 0.0000E+00 0.0000E+00 0.0000E+00 0.0000E+00 0.0000E+00 0.0000E+00 0.0000E+00 0.0000E+00 0.0000E+00 0.0000E+00
9.9500E-10 1.5373E-09 2.2709E-09 3.2114E-09 4.3689E-09 5.7134E-09 7.2137E-09 8.8042E-09 1.0414E-08 1.1959E-08 1.3363E-08 1.4576E-08 1.5548E-08 1.6272E-08 1.6752E-08 1.6987E-08 1.7017E-08 1.6858E-08 1.6535E-08 1.6052E-08 1.5409E-08 1.4594E-08 1.3606E-08 1.2461E-08 1.1180E-08 9.8015E-09 8.3826E-09 6.9704E-09 5.6310E-09 4.4173E-09 3.3556E-09 2.4671E-09 1.7598E-09 1.2077E-09 8.0477E-10 5.1098E-10 3.1300E-10 1.7943E-10 9.2981E-11 4.3582E-11 1.4295E-11 2.7382E-13 0.0000E+00 0.0000E+00 0.0000E+00 0.0000E+00 0.0000E+00 0.0000E+00 0.0000E+00 0.0000E+00 0.0000E+00 0.0000E+00 0.0000E+00 0.0000E+00 0.0000E+00 0.0000E+00 0.0000E+00
9.9883E-10 1.5576E-09 2.3160E-09 3.2971E-09 4.4971E-09 5.9072E-09 7.4756E-09 9.1366E-09 1.0811E-08 1.2413E-08 1.3874E-08 1.5121E-08 1.6122E-08 1.6860E-08 1.7340E-08 1.7568E-08 1.7566E-08 1.7369E-08 1.6979E-08 1.6408E-08 1.5654E-08 1.4711E-08 1.3584E-08 1.2294E-08 1.0882E-08 9.3982E-09 7.8967E-09 6.4477E-09 5.1122E-09 3.9222E-09 2.9125E-09 2.0977E-09 1.4538E-09 9.7672E-10 6.2802E-10 3.8741E-10 2.2689E-10 1.2204E-10 5.7279E-11 2.2240E-11 3.5666E-12 0.0000E+00 0.0000E+00 0.0000E+00 0.0000E+00 0.0000E+00 0.0000E+00 0.0000E+00 0.0000E+00 0.0000E+00 0.0000E+00 0.0000E+00 0.0000E+00 0.0000E+00 0.0000E+00 0.0000E+00 0.0000E+00
9.9799E-10 1.5716E-09 2.3534E-09 3.3677E-09 4.6225E-09 6.0889E-09 7.7255E-09 9.4559E-09 1.1197E-08 1.2862E-08 1.4365E-08 1.5653E-08 1.6679E-08 1.7440E-08 1.7923E-08 1.8144E-08 1.8126E-08 1.7885E-08 1.7438E-08 1.6777E-08 1.5912E-08 1.4833E-08 1.3545E-08 1.2106E-08 1.0563E-08 8.9694E-09 7.3967E-09 5.9223E-09 4.5904E-09 3.4419E-09 2.5000E-09 1.7511E-09 1.1789E-09 7.7102E-10 4.7873E-10 2.8315E-10 1.5778E-10 7.8047E-11 3.0643E-11 7.9411E-12 0.0000E+00 0.0000E+00 0.0000E+00 0.0000E+00 0.0000E+00 0.0000E+00 0.0000E+00 0.0000E+00 0.0000E+00 0.0000E+00 0.0000E+00 0.0000E+00 0.0000E+00 0.0000E+00 0.0000E+00 0.0000E+00 0.0000E+00
9.9539E-10 1.5804E-09 2.3830E-09 3.4380E-09 4.7354E-09 6.2675E-09 7.9702E-09 9.7713E-09 1.1580E-08 1.3298E-08 1.4854E-08 1.6173E-08 1.7230E-08 1.8002E-08 1.8491E-08 1.8712E-08 1.8683E-08 1.8415E-08 1.7901E-08 1.7157E-08 1.6165E-08 1.4941E-08 1.3498E-08 1.1906E-08 1.0218E-08 8.5175E-09 6.8890E-09 5.3923E-09 4.0795E-09 2.9881E-09 2.1117E-09 1.4334E-09 9.4314E-10 5.9308E-10 3.5566E-10 2.0047E-10 1.0369E-10 4.5059E-11 1.3702E-11 0.0000E+00 0.0000E+00 0.0000E+00 0.0000E+00 0.0000E+00 0.0000E+00 0.0000E+00 0.0000E+00 0.0000E+00 0.0000E+00 0.0000E+00 0.0000E+00 0.0000E+00 0.0000E+00 0.0000E+00 0.0000E+00 0.0000E+00 0.0000E+00
9.8734E-10 1.5836E-09 2.4142E-09 3.4975E-09 4.8493E-09 6.4394E-09 8.2129E-09 1.0085E-08 1.1958E-08 1.3738E-08 1.5329E-08 1.6680E-08 1.7756E-08 1.8547E-08 1.9049E-08 1.9271E-08 1.9233E-08 1.8931E-08 1.8372E-08 1.7536E-08 1.6422E-08 1.5047E-08 1.3445E-08 1.1686E-08 9.8596E-09 8.0625E-09 6.3760E-09 4.8673E-09 3.5947E-09 2.5567E-09 1.7517E-09 1.1602E-09 7.3418E-10 4.4481E-10 2.5529E-10 1.3392E-10 6.3113E-11 2.1816E-11 2.5323E-12 0.0000E+00 0.0000E+00 0.0000E+00 0.0000E+00 0.0000E+00 0.0000E+00 0.0000E+00 0.0000E+00 0.0000E+00 0.0000E+00 0.0000E+00 0.0000E+00 0.0000E+00 0.0000E+00 0.0000E+00 0.0000E+00 0.0000E+00 0.0000E+00
9.7379E-10 1.5857E-09 2.4322E-09 3.5561E-09 4.9539E-09 6.6075E-09 8.4476E-09 1.0388E-08 1.2328E-08 1.4158E-08 1.5795E-08 1.7172E-08 1.8269E-08 1.9068E-08 1.9573E-08 1.9806E-08 1.9760E-08 1.9445E-08 1.8833E-08 1.7908E-08 1.6677E-08 1.5146E-08 1.3381E-08 1.1458E-08 9.4995E-09 7.6039E-09 5.8697E-09 4.3687E-09 3.1340E-09 2.1607E-09 1.4342E-09 9.1518E-10 5.5634E-10 3.2337E-10 1.7539E-10 8.5117E-11 3.2989E-11 7.1483E-12 0.0000E+00 0.0000E+00 0.0000E+00 0.0000E+00 0.0000E+00 0.0000E+00 0.0000E+00 0.0000E+00 0.0000E+00 0.0000E+00 0.0000E+00 0.0000E+00 0.0000E+00 0.0000E+00 0.0000E+00 0.0000E+00 0.0000E+00 0.0000E+00 0.0000E+00
9.6368E-10 1.5762E-09 2.4470E-09 3.6019E-09 5.0547E-09 6.7644E-09 8.6776E-09 1.0692E-08 1.2690E-08 1.4576E-08 1.6246E-08 1.7654E-08 1.8760E-08 1.9567E-08 2.0080E-08 2.0316E-08 2.0274E-08 1.9931E-08 1.9281E-08 1.8278E-08 1.6920E-08 1.5233E-08 1.3306E-08 1.1231E-08 9.1365E-09 7.1517E-09 5.3837E-09 3.8977E-09 2.7045E-09 1.8029E-09 1.1564E-09 7.0401E-10 4.1078E-10 2.2589E-10 1.1324E-10 4.8204E-11 1.4163E-11 0.0000E+00 0.0000E+00 0.0000E+00 0.0000E+00 0.0000E+00 0.0000E+00 0.0000E+00 0.0000E+00 0.0000E+00 0.0000E+00 0.0000E+00 0.0000E+00 0.0000E+00 0.0000E+00 0.0000E+00 0.0000E+00 0.0000E+00 0.0000E+00 0.0000E+00 0.0000E+00
9.4243E-10 1.5670E-09 2.4548E-09 3.6486E-09 5.1455E-09 6.9267E-09 8.9102E-09 1.0992E-08 1.3057E-08 1.4982E-08 1.6686E-08 1.8109E-08 1.9228E-08 2.0043E-08 2.0558E-08 2.0797E-08 2.0749E-08 2.0402E-08 1.9702E-08 1.8629E-08 1.7150E-08 1.5321E-08 1.3227E-08 1.1000E-08 8.7790E-09 6.7207E-09 4.9277E-09 3.4570E-09 2.3194E-09 1.4919E-09 9.1189E-10 5.3128E-10 2.9297E-10 1.4814E-10 6.8172E-11 2.3040E-11 2.0154E-12 0.0000E+00 0.0000E+00 0.0000E+00 0.0000E+00 0.0000E+00 0.0000E+00 0.0000E+00 0.0000E+00 0.0000E+00 0.0000E+00 0.0000E+00 0.0000E+00 0.0000E+00 0.0000E+00 0.0000E+00 0.0000E+00 0.0000E+00 0.0000E+00 0.0000E+00 0.0000E+00
9.1873E-10 1.5480E-09 2.4588E-09 3.6839E-09 5.2419E-09 7.0904E-09 9.1500E-09 1.1306E-08 1.3425E-08 1.5393E-08 1.7116E-08 1.8550E-08 1.9674E-08 2.0486E-08 2.1007E-08 2.1244E-08 2.1206E-08 2.0838E-08 2.0101E-08 1.8958E-08 1.7365E-08 1.5397E-08 1.3144E-08 1.0775E-08 8.4407E-09 6.3139E-09 4.5013E-09 3.0567E-09 1.9809E-09 1.2174E-09 7.0861E-10 3.9092E-10 1.9764E-10 9.0441E-11 3.5001E-11 6.7722E-12 0.0000E+00 0.0000E+00 0.0000E+00 0.0000E+00 0.0000E+00 0.0000E+00 0.0000E+00 0.0000E+00 0.0000E+00 0.0000E+00 0.0000E+00 0.0000E+00 0.0000E+00 0.0000E+00 0.0000E+00 0.0000E+00 0.0000E+00 0.0000E+00 0.0000E+00 0.0000E+00 0.0000E+00
8.8340E-10 1.5216E-09 2.4528E-09 3.7221E-09 5.3450E-09 7.2714E-09 9.4178E-09 1.1647E-08 1.3825E-08 1.5822E-08 1.7560E-08 1.8981E-08 2.0097E-08 2.0904E-08 2.1425E-08 2.1671E-08 2.1619E-08 2.1248E-08 2.0473E-08 1.9260E-08 1.7572E-08 1.5461E-08 1.3065E-08 1.0552E-08 8.1216E-09 5.9322E-09 4.1124E-09 2.7064E-09 1.6839E-09 9.8531E-10 5.4751E-10 2.7811E-10 1.2617E-10 4.7158E-11 1.3815E-11 0.0000E+00 0.0000E+00 0.0000E+00 0.0000E+00 0.0000E+00 0.0000E+00 0.0000E+00 0.0000E+00 0.0000E+00 0.0000E+00 0.0000E+00 0.0000E+00 0.0000E+00 0.0000E+00 0.0000E+00 0.0000E+00 0.0000E+00 0.0000E+00 0.0000E+00 0.0000E+00 0.0000E+00 0.0000E+00
8.3545E-10 1.4798E-09 2.4344E-09 3.7633E-09 5.4606E-09 7.4931E-09 9.7376E-09 1.2053E-08 1.4276E-08 1.6290E-08 1.8009E-08 1.9413E-08 2.0507E-08 2.1296E-08 2.1811E-08 2.2056E-08 2.2012E-08 2.1629E-08 2.0828E-08 1.9536E-08 1.7755E-08 1.5519E-08 1.2988E-08 1.0340E-08 7.8180E-09 5.5822E-09 3.7657E-09 2.3921E-09 1.4259E-09 8.0314E-10 4.1289E-10 1.9014E-10 7.3454E-11 2.0824E-11 5.5949E-13 0.0000E+00 0.0000E+00 0.0000E+00 0.0000E+00 0.0000E+00 0.0000E+00 0.0000E+00 0.0000E+00 0.0000E+00 0.0000E+00 0.0000E+00 0.0000E+00 0.0000E+00 0.0000E+00 0.0000E+00 0.0000E+00 0.0000E+00 0.0000E+00 0.0000E+00 0.0000E+00 0.0000E+00 0.0000E+00
7.7846E-10 1.4136E-09 2.4042E-09 3.7904E-09 5.5986E-09 7.7585E-09 1.0136E-08 1.2545E-08 1.4824E-08 1.6833E-08 1.8516E-08 1.9857E-08 2.0898E-08 2.1657E-08 2.2150E-08 2.2412E-08 2.2369E-08 2.1978E-08 2.1151E-08 1.9796E-08 1.7922E-08 1.5571E-08 1.2896E-08 1.0137E-08 7.5303E-09 5.2622E-09 3.4492E-09 2.1163E-09 1.2146E-09 6.4479E-10 3.0698E-10 1.2791E-10 3.6207E-11 4.6000E-12 0.0000E+00 0.0000E+00 0.0000E+00 0.0000E+00 0.0000E+00 0.0000E+00 0.0000E+00 0.0000E+00 0.0000E+00 0.0000E+00 0.0000E+00 0.0000E+00 0.0000E+00 0.0000E+00 0.0000E+00 0.0000E+00 0.0000E+00 0.0000E+00 0.0000E+00 0.0000E+00 0.0000E+00 0.0000E+00 0.0000E+00
6.9643E-10 1.3343E-09 2.3447E-09 3.8082E-09 5.7469E-09 8.0811E-09 1.0628E-08 1.3168E-08 1.5489E-08 1.7477E-08 1.9080E-08 2.0329E-08 2.1285E-08 2.1998E-08 2.2481E-08 2.2727E-08 2.2706E-08 2.2305E-08 2.1455E-08 2.0053E-08 1.8074E-08 1.5612E-08 1.2808E-08 9.9433E-09 7.2550E-09 4.9660E-09 3.1627E-09 1.8811E-09 1.0339E-09 5.1283E-10 2.2904E-10 7.8869E-11 1.1712E-11 0.0000E+00 0.0000E+00 0.0000E+00 0.0000E+00 0.0000E+00 0.0000E+00 0.0000E+00 0.0000E+00 0.0000E+00 0.0000E+00 0.0000E+00 0.0000E+00 0.0000E+00 0.0000E+00 0.0000E+00 0.0000E+00 0.0000E+00 0.0000E+00 0.0000E+00 0.0000E+00 0.0000E+00 0.0000E+00 0.0000E+00 0.0000E+00
6.0139E-10 1.2237E-09 2.2484E-09 3.8087E-09 5.9201E-09 8.4833E-09 1.1265E-08 1.3969E-08 1.6347E-08 1.8272E-08 1.9735E-08 2.0853E-08 2.1691E-08 2.2331E-08 2.2777E-08 2.3020E-08 2.3008E-08 2.2616E-08 2.1738E-08 2.0289E-08 1.8216E-08 1.5637E-08 1.2717E-08 9.7399E-09 6.9875E-09 4.6833E-09 2.9117E-09 1.6713E-09 8.7589E-10 4.1786E-10 1.6749E-10 4.5374E-11 0.0000E+00 0.0000E+00 0.0000E+00 0.0000E+00 0.0000E+00 0.0000E+00 0.0000E+00 0.0000E+00 0.0000E+00 0.0000E+00 0.0000E+00 0.0000E+00 0.0000E+00 0.0000E+00 0.0000E+00 0.0000E+00 0.0000E+00 0.0000E+00 0.0000E+00 0.0000E+00 0.0000E+00 0.0000E+00 0.0000E+00 0.0000E+00 0.0000E+00
4.9625E-10 1.0851E-09 2.1351E-09 3.7995E-09 6.1296E-09 9.0034E-09 1.2104E-08 1.5023E-08 1.7456E-08 1.9272E-08 2.0556E-08 2.1432E-08 2.2115E-08 2.2644E-08 2.3057E-08 2.3290E-08 2.3287E-08 2.2909E-08 2.2012E-08 2.0516E-08 1.8365E-08 1.5652E-08 1.2617E-08 9.5327E-09 6.7329E-09 4.4097E-09 2.6773E-09 1.4826E-09 7.4599E-10 3.3347E-10 1.1837E-10 2.2874E-11 0.0000E+00 0.0000E+00 0.0000E+00 0.0000E+00 0.0000E+00 0.0000E+00 0.0000E+00 0.0000E+00 0.0000E+00 0.0000E+00 0.0000E+00 0.0000E+00 0.0000E+00 0.0000E+00 0.0000E+00 0.0000E+00 0.0000E+00 0.0000E+00 0.0000E+00 0.0000E+00 0.0000E+00 0.0000E+00 0.0000E+00 0.0000E+00 0.0000E+00
