Assets/Resources/2015_m01_d21_0900(utc+0800)_l00_csi_1hr_conc.grd
DSAA
         159         159
     -79.000      79.000
     -79.000      79.000
  0.1080E-08  0.2197E-05
[rows 100 to 124 of 159, columns 0 to 56 of 159]
3.4530E-09 3.5305E-09 3.6087E-09 3.6879E-09 3.7678E-09 3.8483E-09 3.9295E-09 4.0116E-09 4.0941E-09 4.1770E-09 4.2604E-09 4.3446E-09 4.4287E-09 4.5130E-09 4.5980E-09 4.6831E-09 4.7679E-09 4.8528E-09 4.9382E-09 5.0231E-09 5.1076E-09 5.1922E-09 5.2767E-09 5.3602E-09 5.4435E-09 5.5263E-09 5.6081E-09 5.6892E-09 5.7697E-09 5.8492E-09 5.9276E-09 6.0050E-09 6.0811E-09 6.1561E-09 6.2298E-09 6.3019E-09 6.3727E-09 6.4419E-09 6.5093E-09 6.5749E-09 6.6385E-09 6.6999E-09 6.7599E-09 6.8189E-09 6.8754E-09 6.9293E-09 6.9815E-09 7.0305E-09 7.0778E-09 7.1235E-09 7.1668E-09 7.2071E-09 7.2469E-09 7.2848E-09 7.3184E-09 7.3560E-09 7.3923E-09
3.4184E-09 3.4951E-09 3.5726E-09 3.6509E-09 3.7300E-09 3.8099E-09 3.8903E-09 3.9715E-09 4.0533E-09 4.1354E-09 4.2180E-09 4.3012E-09 4.3847E-09 4.4683E-09 4.5520E-09 4.6365E-09 4.7206E-09 4.8046E-09 4.8887E-09 4.9730E-09 5.0568E-09 5.1402E-09 5.2236E-09 5.3068E-09 5.3888E-09 5.4707E-09 5.5520E-09 5.6321E-09 5.7117E-09 5.7903E-09 5.8678E-09 5.9444E-09 6.0198E-09 6.0937E-09 6.1666E-09 6.2380E-09 6.3077E-09 6.3761E-09 6.4429E-09 6.5077E-09 6.5705E-09 6.6315E-09 6.6902E-09 6.7480E-09 6.8037E-09 6.8573E-09 6.9083E-09 6.9571E-09 7.0035E-09 7.0479E-09 7.0905E-09 7.1308E-09 7.1680E-09 7.2047E-09 7.2390E-09 7.2700E-09 7.3045E-09
3.3830E-09 3.4589E-09 3.5357E-09 3.6133E-09 3.6915E-09 3.7707E-09 3.8503E-09 3.9304E-09 4.0116E-09 4.0930E-09 4.1746E-09 4.2568E-09 4.3396E-09 4.4225E-09 4.5054E-09 4.5885E-09 4.6721E-09 4.7552E-09 4.8384E-09 4.9216E-09 5.0047E-09 5.0873E-09 5.1696E-09 5.2517E-09 5.3333E-09 5.4140E-09 5.4943E-09 5.5738E-09 5.6523E-09 5.7301E-09 5.8067E-09 5.8822E-09 5.9569E-09 6.0300E-09 6.1017E-09 6.1726E-09 6.2415E-09 6.3088E-09 6.3750E-09 6.4390E-09 6.5012E-09 6.5614E-09 6.6196E-09 6.6756E-09 6.7306E-09 6.7835E-09 6.8343E-09 6.8823E-09 6.9282E-09 6.9717E-09 7.0136E-09 7.0526E-09 7.0898E-09 7.1240E-09 7.1577E-09 7.1889E-09 7.2168E-09
3.3471E-09 3.4220E-09 3.4980E-09 3.5749E-09 3.6523E-09 3.7304E-09 3.8096E-09 3.8889E-09 3.9687E-09 4.0497E-09 4.1305E-09 4.2117E-09 4.2935E-09 4.3756E-09 4.4578E-09 4.5399E-09 4.6224E-09 4.7049E-09 4.7871E-09 4.8693E-09 4.9513E-09 5.0332E-09 5.1144E-09 5.1957E-09 5.2762E-09 5.3560E-09 5.4356E-09 5.5140E-09 5.5918E-09 5.6687E-09 5.7444E-09 5.8190E-09 5.8926E-09 5.9650E-09 6.0360E-09 6.1057E-09 6.1740E-09 6.2405E-09 6.3053E-09 6.3690E-09 6.4305E-09 6.4901E-09 6.5476E-09 6.6031E-09 6.6563E-09 6.7090E-09 6.7586E-09 6.8064E-09 6.8516E-09 6.8945E-09 6.9350E-09 6.9740E-09 7.0101E-09 7.0443E-09 7.0755E-09 7.1061E-09 7.1343E-09
3.3101E-09 3.3847E-09 3.4596E-09 3.5356E-09 3.6124E-09 3.6896E-09 3.7676E-09 3.8465E-09 3.9255E-09 4.0051E-09 4.0855E-09 4.1659E-09 4.2465E-09 4.3278E-09 4.4091E-09 4.4905E-09 4.5719E-09 4.6535E-09 4.7349E-09 4.8160E-09 4.8972E-09 4.9781E-09 5.0585E-09 5.1385E-09 5.2182E-09 5.2971E-09 5.3756E-09 5.4533E-09 5.5300E-09 5.6059E-09 5.6809E-09 5.7547E-09 5.8272E-09 5.8989E-09 5.9690E-09 6.0376E-09 6.1053E-09 6.1710E-09 6.2350E-09 6.2976E-09 6.3585E-09 6.4174E-09 6.4744E-09 6.5291E-09 6.5819E-09 6.6329E-09 6.6823E-09 6.7290E-09 6.7740E-09 6.8163E-09 6.8562E-09 6.8939E-09 6.9299E-09 6.9630E-09 6.9937E-09 7.0235E-09 7.0503E-09
3.2729E-09 3.3464E-09 3.4208E-09 3.4957E-09 3.5717E-09 3.6482E-09 3.7251E-09 3.8031E-09 3.8815E-09 3.9601E-09 4.0394E-09 4.1192E-09 4.1990E-09 4.2791E-09 4.3595E-09 4.4400E-09 4.5204E-09 4.6012E-09 4.6817E-09 4.7620E-09 4.8420E-09 4.9221E-09 5.0015E-09 5.0805E-09 5.1593E-09 5.2375E-09 5.3146E-09 5.3916E-09 5.4675E-09 5.5422E-09 5.6164E-09 5.6895E-09 5.7610E-09 5.8316E-09 5.9012E-09 5.9690E-09 6.0351E-09 6.1004E-09 6.1639E-09 6.2252E-09 6.2853E-09 6.3439E-09 6.3999E-09 6.4542E-09 6.5063E-09 6.5563E-09 6.6045E-09 6.6511E-09 6.6950E-09 6.7367E-09 6.7766E-09 6.8136E-09 6.8479E-09 6.8816E-09 6.9118E-09 6.9396E-09 6.9659E-09
3.2351E-09 3.3077E-09 3.3812E-09 3.4554E-09 3.5302E-09 3.6061E-09 3.6823E-09 3.7590E-09 3.8366E-09 3.9146E-09 3.9927E-09 4.0716E-09 4.1505E-09 4.2297E-09 4.3093E-09 4.3888E-09 4.4684E-09 4.5480E-09 4.6276E-09 4.7070E-09 4.7861E-09 4.8652E-09 4.9437E-09 5.0217E-09 5.0995E-09 5.1767E-09 5.2531E-09 5.3285E-09 5.4040E-09 5.4779E-09 5.5508E-09 5.6232E-09 5.6939E-09 5.7635E-09 5.8320E-09 5.8992E-09 5.9647E-09 6.0285E-09 6.0914E-09 6.1524E-09 6.2112E-09 6.2688E-09 6.3245E-09 6.3781E-09 6.4295E-09 6.4791E-09 6.5264E-09 6.5718E-09 6.6156E-09 6.6568E-09 6.6956E-09 6.7322E-09 6.7665E-09 6.7984E-09 6.8292E-09 6.8567E-09 6.8817E-09
3.1968E-09 3.2685E-09 3.3410E-09 3.4146E-09 3.4884E-09 3.5632E-09 3.6388E-09 3.7146E-09 3.7911E-09 3.8681E-09 3.9454E-09 4.0233E-09 4.1014E-09 4.1796E-09 4.2581E-09 4.3368E-09 4.4156E-09 4.4941E-09 4.5728E-09 4.6513E-09 4.7294E-09 4.8073E-09 4.8850E-09 4.9622E-09 5.0387E-09 5.1151E-09 5.1906E-09 5.2652E-09 5.3391E-09 5.4125E-09 5.4846E-09 5.5556E-09 5.6259E-09 5.6946E-09 5.7620E-09 5.8283E-09 5.8931E-09 5.9563E-09 6.0180E-09 6.0782E-09 6.1367E-09 6.1931E-09 6.2481E-09 6.3012E-09 6.3521E-09 6.4009E-09 6.4475E-09 6.4921E-09 6.5350E-09 6.5761E-09 6.6145E-09 6.6506E-09 6.6844E-09 6.7159E-09 6.7451E-09 6.7732E-09 6.7979E-09
3.1577E-09 3.2288E-09 3.3004E-09 3.3729E-09 3.4462E-09 3.5199E-09 3.5943E-09 3.6697E-09 3.7450E-09 3.8211E-09 3.8977E-09 3.9743E-09 4.0516E-09 4.1289E-09 4.2064E-09 4.2842E-09 4.3620E-09 4.4396E-09 4.5171E-09 4.5948E-09 4.6721E-09 4.7490E-09 4.8256E-09 4.9019E-09 4.9775E-09 5.0524E-09 5.1272E-09 5.2010E-09 5.2739E-09 5.3462E-09 5.4175E-09 5.4876E-09 5.5566E-09 5.6248E-09 5.6914E-09 5.7566E-09 5.8206E-09 5.8832E-09 5.9440E-09 6.0033E-09 6.0610E-09 6.1170E-09 6.1709E-09 6.2233E-09 6.2738E-09 6.3221E-09 6.3682E-09 6.4122E-09 6.4541E-09 6.4943E-09 6.5327E-09 6.5684E-09 6.6018E-09 6.6329E-09 6.6617E-09 6.6877E-09 6.7125E-09
3.1184E-09 3.1886E-09 3.2594E-09 3.3309E-09 3.4033E-09 3.4762E-09 3.5497E-09 3.6238E-09 3.6986E-09 3.7736E-09 3.8491E-09 3.9250E-09 4.0012E-09 4.0776E-09 4.1541E-09 4.2307E-09 4.3077E-09 4.3844E-09 4.4610E-09 4.5375E-09 4.6139E-09 4.6899E-09 4.7655E-09 4.8408E-09 4.9155E-09 4.9896E-09 5.0631E-09 5.1360E-09 5.2080E-09 5.2792E-09 5.3496E-09 5.4190E-09 5.4871E-09 5.5540E-09 5.6200E-09 5.6844E-09 5.7472E-09 5.8091E-09 5.8694E-09 5.9276E-09 5.9846E-09 6.0399E-09 6.0934E-09 6.1447E-09 6.1946E-09 6.2425E-09 6.2882E-09 6.3317E-09 6.3730E-09 6.4123E-09 6.4499E-09 6.4851E-09 6.5186E-09 6.5494E-09 6.5774E-09 6.6036E-09 6.6275E-09
3.0787E-09 3.1479E-09 3.2180E-09 3.2885E-09 3.3599E-09 3.4320E-09 3.5045E-09 3.5777E-09 3.6513E-09 3.7254E-09 3.8002E-09 3.8750E-09 3.9502E-09 4.0257E-09 4.1014E-09 4.1770E-09 4.2529E-09 4.3286E-09 4.4042E-09 4.4797E-09 4.5552E-09 4.6301E-09 4.7048E-09 4.7790E-09 4.8528E-09 4.9260E-09 4.9985E-09 5.0703E-09 5.1417E-09 5.2117E-09 5.2810E-09 5.3496E-09 5.4168E-09 5.4828E-09 5.5478E-09 5.6115E-09 5.6737E-09 5.7344E-09 5.7938E-09 5.8515E-09 5.9075E-09 5.9621E-09 6.0149E-09 6.0655E-09 6.1149E-09 6.1620E-09 6.2070E-09 6.2503E-09 6.2914E-09 6.3302E-09 6.3666E-09 6.4016E-09 6.4344E-09 6.4649E-09 6.4931E-09 6.5190E-09 6.5426E-09
3.0388E-09 3.1068E-09 3.1760E-09 3.2458E-09 3.3161E-09 3.3873E-09 3.4588E-09 3.5311E-09 3.6038E-09 3.6770E-09 3.7506E-09 3.8246E-09 3.8987E-09 3.9733E-09 4.0480E-09 4.1227E-09 4.1974E-09 4.2723E-09 4.3470E-09 4.4214E-09 4.4958E-09 4.5698E-09 4.6435E-09 4.7167E-09 4.7895E-09 4.8618E-09 4.9333E-09 5.0041E-09 5.0744E-09 5.1438E-09 5.2119E-09 5.2794E-09 5.3459E-09 5.4112E-09 5.4749E-09 5.5378E-09 5.5993E-09 5.6592E-09 5.7176E-09 5.7748E-09 5.8300E-09 5.8837E-09 5.9358E-09 5.9860E-09 6.0344E-09 6.0810E-09 6.1256E-09 6.1682E-09 6.2088E-09 6.2474E-09 6.2836E-09 6.3177E-09 6.3501E-09 6.3804E-09 6.4083E-09 6.4340E-09 6.4574E-09
2.9983E-09 3.0657E-09 3.1337E-09 3.2025E-09 3.2720E-09 3.3421E-09 3.4129E-09 3.4840E-09 3.5559E-09 3.6281E-09 3.7006E-09 3.7737E-09 3.8470E-09 3.9203E-09 3.9942E-09 4.0678E-09 4.1416E-09 4.2154E-09 4.2892E-09 4.3627E-09 4.4359E-09 4.5090E-09 4.5818E-09 4.6540E-09 4.7256E-09 4.7969E-09 4.8676E-09 4.9373E-09 5.0064E-09 5.0748E-09 5.1424E-09 5.2086E-09 5.2742E-09 5.3386E-09 5.4017E-09 5.4635E-09 5.5242E-09 5.5833E-09 5.6411E-09 5.6972E-09 5.7520E-09 5.8050E-09 5.8562E-09 5.9060E-09 5.9537E-09 5.9996E-09 6.0438E-09 6.0859E-09 6.1260E-09 6.1641E-09 6.1999E-09 6.2338E-09 6.2654E-09 6.2952E-09 6.3230E-09 6.3486E-09 6.3718E-09
2.9575E-09 3.0239E-09 3.0911E-09 3.1590E-09 3.2276E-09 3.2968E-09 3.3665E-09 3.4367E-09 3.5074E-09 3.5788E-09 3.6504E-09 3.7222E-09 3.7947E-09 3.8671E-09 3.9396E-09 4.0126E-09 4.0853E-09 4.1580E-09 4.2308E-09 4.3033E-09 4.3756E-09 4.4474E-09 4.5194E-09 4.5906E-09 4.6613E-09 4.7314E-09 4.8011E-09 4.8701E-09 4.9381E-09 5.0053E-09 5.0720E-09 5.1376E-09 5.2019E-09 5.2654E-09 5.3278E-09 5.3888E-09 5.4484E-09 5.5070E-09 5.5638E-09 5.6194E-09 5.6733E-09 5.7255E-09 5.7763E-09 5.8250E-09 5.8725E-09 5.9179E-09 5.9611E-09 6.0029E-09 6.0427E-09 6.0804E-09 6.1158E-09 6.1494E-09 6.1808E-09 6.2098E-09 6.2373E-09 6.2627E-09 6.2857E-09
2.9164E-09 2.9820E-09 3.0481E-09 3.1151E-09 3.1828E-09 3.2509E-09 3.3197E-09 3.3890E-09 3.4588E-09 3.5290E-09 3.5997E-09 3.6706E-09 3.7418E-09 3.8134E-09 3.8849E-09 3.9567E-09 4.0286E-09 4.1003E-09 4.1717E-09 4.2434E-09 4.3147E-09 4.3856E-09 4.4561E-09 4.5266E-09 4.5964E-09 4.6656E-09 4.7340E-09 4.8021E-09 4.8694E-09 4.9356E-09 5.0011E-09 5.0658E-09 5.1295E-09 5.1918E-09 5.2531E-09 5.3135E-09 5.3723E-09 5.4298E-09 5.4861E-09 5.5408E-09 5.5939E-09 5.6457E-09 5.6956E-09 5.7439E-09 5.7906E-09 5.8353E-09 5.8784E-09 5.9195E-09 5.9586E-09 5.9961E-09 6.0313E-09 6.0645E-09 6.0955E-09 6.1244E-09 6.1514E-09 6.1760E-09 6.1988E-09
2.8750E-09 2.9398E-09 3.0050E-09 3.0710E-09 3.1376E-09 3.2049E-09 3.2726E-09 3.3410E-09 3.4098E-09 3.4789E-09 3.5485E-09 3.6186E-09 3.6886E-09 3.7591E-09 3.8297E-09 3.9003E-09 3.9712E-09 4.0419E-09 4.1125E-09 4.1828E-09 4.2531E-09 4.3232E-09 4.3928E-09 4.4619E-09 4.5308E-09 4.5991E-09 4.6666E-09 4.7336E-09 4.7999E-09 4.8655E-09 4.9298E-09 4.9935E-09 5.0561E-09 5.1179E-09 5.1783E-09 5.2376E-09 5.2959E-09 5.3526E-09 5.4081E-09 5.4621E-09 5.5145E-09 5.5654E-09 5.6148E-09 5.6625E-09 5.7084E-09 5.7526E-09 5.7950E-09 5.8358E-09 5.8745E-09 5.9110E-09 5.9461E-09 5.9791E-09 6.0100E-09 6.0387E-09 6.0654E-09 6.0899E-09 6.1122E-09
2.8335E-09 2.8971E-09 2.9616E-09 3.0266E-09 3.0921E-09 3.1585E-09 3.2252E-09 3.2924E-09 3.3604E-09 3.4285E-09 3.4970E-09 3.5660E-09 3.6352E-09 3.7044E-09 3.7741E-09 3.8438E-09 3.9132E-09 3.9831E-09 4.0527E-09 4.1221E-09 4.1913E-09 4.2603E-09 4.3289E-09 4.3971E-09 4.4649E-09 4.5321E-09 4.5989E-09 4.6647E-09 4.7301E-09 4.7946E-09 4.8584E-09 4.9209E-09 4.9827E-09 5.0434E-09 5.1032E-09 5.1616E-09 5.2188E-09 5.2750E-09 5.3296E-09 5.3827E-09 5.4347E-09 5.4849E-09 5.5335E-09 5.5806E-09 5.6261E-09 5.6697E-09 5.7114E-09 5.7517E-09 5.7902E-09 5.8263E-09 5.8608E-09 5.8935E-09 5.9239E-09 5.9526E-09 5.9792E-09 6.0032E-09 6.0256E-09
2.7918E-09 2.8544E-09 2.9177E-09 2.9819E-09 3.0464E-09 3.1117E-09 3.1775E-09 3.2437E-09 3.3104E-09 3.3777E-09 3.4451E-09 3.5130E-09 3.5811E-09 3.6495E-09 3.7178E-09 3.7866E-09 3.8552E-09 3.9237E-09 3.9923E-09 4.0608E-09 4.1290E-09 4.1969E-09 4.2646E-09 4.3318E-09 4.3986E-09 4.4648E-09 4.5306E-09 4.5956E-09 4.6598E-09 4.7234E-09 4.7861E-09 4.8480E-09 4.9088E-09 4.9687E-09 5.0274E-09 5.0852E-09 5.1416E-09 5.1968E-09 5.2509E-09 5.3031E-09 5.3542E-09 5.4041E-09 5.4519E-09 5.4983E-09 5.5433E-09 5.5864E-09 5.6278E-09 5.6674E-09 5.7054E-09 5.7411E-09 5.7754E-09 5.8076E-09 5.8377E-09 5.8662E-09 5.8925E-09 5.9166E-09 5.9389E-09
2.7497E-09 2.8113E-09 2.8736E-09 2.9367E-09 3.0004E-09 3.0645E-09 3.1293E-09 3.1947E-09 3.2603E-09 3.3263E-09 3.3931E-09 3.4597E-09 3.5267E-09 3.5940E-09 3.6615E-09 3.7289E-09 3.7967E-09 3.8643E-09 3.9316E-09 3.9990E-09 4.0663E-09 4.1332E-09 4.1998E-09 4.2661E-09 4.3319E-09 4.3971E-09 4.4618E-09 4.5260E-09 4.5894E-09 4.6519E-09 4.7137E-09 4.7746E-09 4.8345E-09 4.8936E-09 4.9515E-09 5.0083E-09 5.0638E-09 5.1182E-09 5.1714E-09 5.2232E-09 5.2735E-09 5.3224E-09 5.3698E-09 5.4160E-09 5.4600E-09 5.5028E-09 5.5437E-09 5.5830E-09 5.6201E-09 5.6557E-09 5.6896E-09 5.7213E-09 5.7513E-09 5.7795E-09 5.8054E-09 5.8295E-09 5.8517E-09
2.7070E-09 2.7680E-09 2.8293E-09 2.8913E-09 2.9540E-09 3.0172E-09 3.0809E-09 3.1452E-09 3.2099E-09 3.2749E-09 3.3404E-09 3.4061E-09 3.4720E-09 3.5383E-09 3.6047E-09 3.6712E-09 3.7376E-09 3.8043E-09 3.8708E-09 3.9371E-09 4.0033E-09 4.0691E-09 4.1347E-09 4.2000E-09 4.2649E-09 4.3292E-09 4.3927E-09 4.4558E-09 4.5183E-09 4.5801E-09 4.6410E-09 4.7010E-09 4.7601E-09 4.8182E-09 4.8752E-09 4.9312E-09 4.9860E-09 5.0396E-09 5.0920E-09 5.1432E-09 5.1928E-09 5.2411E-09 5.2876E-09 5.3331E-09 5.3769E-09 5.4187E-09 5.4591E-09 5.4980E-09 5.5347E-09 5.5701E-09 5.6034E-09 5.6350E-09 5.6647E-09 5.6925E-09 5.7183E-09 5.7423E-09 5.7643E-09
2.6645E-09 2.7242E-09 2.7848E-09 2.8457E-09 2.9073E-09 2.9696E-09 3.0324E-09 3.0954E-09 3.1592E-09 3.2232E-09 3.2875E-09 3.3522E-09 3.4172E-09 3.4823E-09 3.5478E-09 3.6131E-09 3.6786E-09 3.7440E-09 3.8094E-09 3.8748E-09 3.9399E-09 4.0049E-09 4.0694E-09 4.1336E-09 4.1973E-09 4.2608E-09 4.3235E-09 4.3856E-09 4.4471E-09 4.5079E-09 4.5680E-09 4.6271E-09 4.6853E-09 4.7426E-09 4.7987E-09 4.8538E-09 4.9080E-09 4.9609E-09 5.0125E-09 5.0626E-09 5.1118E-09 5.1595E-09 5.2055E-09 5.2501E-09 5.2934E-09 5.3347E-09 5.3748E-09 5.4130E-09 5.4493E-09 5.4843E-09 5.5173E-09 5.5483E-09 5.5779E-09 5.6055E-09 5.6309E-09 5.6547E-09 5.6768E-09
2.6217E-09 2.6804E-09 2.7398E-09 2.8000E-09 2.8605E-09 2.9217E-09 2.9835E-09 3.0457E-09 3.1081E-09 3.1711E-09 3.2346E-09 3.2981E-09 3.3620E-09 3.4262E-09 3.4903E-09 3.5549E-09 3.6192E-09 3.6836E-09 3.7481E-09 3.8122E-09 3.8762E-09 3.9403E-09 4.0039E-09 4.0671E-09 4.1298E-09 4.1921E-09 4.2540E-09 4.3152E-09 4.3757E-09 4.4356E-09 4.4946E-09 4.5529E-09 4.6102E-09 4.6666E-09 4.7221E-09 4.7764E-09 4.8296E-09 4.8819E-09 4.9328E-09 4.9822E-09 5.0305E-09 5.0774E-09 5.1229E-09 5.1671E-09 5.2095E-09 5.2505E-09 5.2901E-09 5.3279E-09 5.3637E-09 5.3983E-09 5.4310E-09 5.4617E-09 5.4908E-09 5.5183E-09 5.5436E-09 5.5672E-09 5.5890E-09
2.5785E-09 2.6364E-09 2.6948E-09 2.7539E-09 2.8136E-09 2.8737E-09 2.9344E-09 2.9955E-09 3.0571E-09 3.1190E-09 3.1813E-09 3.2438E-09 3.3066E-09 3.3697E-09 3.4330E-09 3.4962E-09 3.5596E-09 3.6229E-09 3.6862E-09 3.7496E-09 3.8126E-09 3.8753E-09 3.9379E-09 4.0003E-09 4.0620E-09 4.1233E-09 4.1842E-09 4.2446E-09 4.3041E-09 4.3631E-09 4.4212E-09 4.4786E-09 4.5350E-09 4.5905E-09 4.6452E-09 4.6988E-09 4.7512E-09 4.8024E-09 4.8524E-09 4.9014E-09 4.9491E-09 4.9953E-09 5.0403E-09 5.0837E-09 5.1258E-09 5.1661E-09 5.2052E-09 5.2424E-09 5.2781E-09 5.3121E-09 5.3444E-09 5.3750E-09 5.4038E-09 5.4309E-09 5.4560E-09 5.4796E-09 5.5012E-09
2.5353E-09 2.5922E-09 2.6497E-09 2.7077E-09 2.7664E-09 2.8256E-09 2.8851E-09 2.9452E-09 3.0058E-09 3.0667E-09 3.1278E-09 3.1894E-09 3.2511E-09 3.3131E-09 3.3753E-09 3.4376E-09 3.4998E-09 3.5622E-09 3.6243E-09 3.6865E-09 3.7487E-09 3.8105E-09 3.8719E-09 3.9332E-09 3.9939E-09 4.0544E-09 4.1142E-09 4.1736E-09 4.2323E-09 4.2903E-09 4.3474E-09 4.4040E-09 4.4596E-09 4.5144E-09 4.5681E-09 4.6207E-09 4.6726E-09 4.7230E-09 4.7724E-09 4.8206E-09 4.8675E-09 4.9133E-09 4.9575E-09 5.0003E-09 5.0417E-09 5.0817E-09 5.1203E-09 5.1568E-09 5.1923E-09 5.2259E-09 5.2579E-09 5.2880E-09 5.3167E-09 5.3436E-09 5.3684E-09 5.3917E-09 5.4132E-09
2.4920E-09 2.5480E-09 2.6045E-09 2.6614E-09 2.7190E-09 2.7772E-09 2.8358E-09 2.8948E-09 2.9543E-09 3.0142E-09 3.0744E-09 3.1348E-09 3.1956E-09 3.2564E-09 3.3175E-09 3.3786E-09 3.4399E-09 3.5011E-09 3.5625E-09 3.6235E-09 3.6844E-09 3.7453E-09 3.8058E-09 3.8659E-09 3.9258E-09 3.9852E-09 4.0441E-09 4.1024E-09 4.1601E-09 4.2173E-09 4.2737E-09 4.3293E-09 4.3841E-09 4.4381E-09 4.4910E-09 4.5429E-09 4.5937E-09 4.6436E-09 4.6923E-09 4.7398E-09 4.7859E-09 4.8311E-09 4.8746E-09 4.9170E-09 4.9576E-09 4.9972E-09 5.0353E-09 5.0714E-09 5.1064E-09 5.1396E-09 5.1711E-09 5.2011E-09 5.2294E-09 5.2558E-09 5.2809E-09 5.3040E-09 5.3251E-09
