Assets/Resources/2015_m01_d20_2100(utc+0800)_l00_csi_1hr_conc.grd
DSAA
         159         159
     -79.000      79.000
     -79.000      79.000
  0.3978E-09  0.2131E-04
[rows 75 to 99 of 159, columns 0 to 56 of 159]
7.4169E-09 8.2266E-09 8.9891E-09 9.6803E-09 1.0286E-08 1.0802E-08 1.1246E-08 1.1620E-08 1.1942E-08 1.2227E-08 1.2488E-08 1.2724E-08 1.2942E-08 1.3161E-08 1.3366E-08 1.3574E-08 1.3776E-08 1.3981E-08 1.4184E-08 1.4387E-08 1.4597E-08 1.4803E-08 1.5010E-08 1.5235E-08 1.5475E-08 1.5704E-08 1.5937E-08 1.6161E-08 1.6378E-08 1.6584E-08 1.6768E-08 1.6926E-08 1.7063E-08 1.7185E-08 1.7298E-08 1.7402E-08 1.7522E-08 1.7638E-08 1.7755E-08 1.7852E-08 1.7951E-08 1.8043E-08 1.8147E-08 1.8259E-08 1.8399E-08 1.8532E-08 1.8693E-08 1.8853E-08 1.9013E-08 1.9176E-08 1.9345E-08 1.9511E-08 1.9686E-08 1.9872E-08 2.0061E-08 2.0265E-08 2.0491E-08
7.6675E-09 8.5160E-09 9.3074E-09 1.0017E-08 1.0640E-08 1.1171E-08 1.1614E-08 1.1997E-08 1.2314E-08 1.2596E-08 1.2852E-08 1.3087E-08 1.3308E-08 1.3519E-08 1.3726E-08 1.3935E-08 1.4135E-08 1.4346E-08 1.4550E-08 1.4752E-08 1.4968E-08 1.5182E-08 1.5396E-08 1.5640E-08 1.5881E-08 1.6120E-08 1.6359E-08 1.6596E-08 1.6824E-08 1.7036E-08 1.7225E-08 1.7390E-08 1.7534E-08 1.7672E-08 1.7783E-08 1.7892E-08 1.8019E-08 1.8136E-08 1.8268E-08 1.8367E-08 1.8455E-08 1.8548E-08 1.8649E-08 1.8760E-08 1.8896E-08 1.9027E-08 1.9184E-08 1.9339E-08 1.9492E-08 1.9645E-08 1.9803E-08 1.9954E-08 2.0113E-08 2.0279E-08 2.0444E-08 2.0622E-08 2.0816E-08
7.9031E-09 8.7888E-09 9.6102E-09 1.0341E-08 1.0977E-08 1.1519E-08 1.1964E-08 1.2349E-08 1.2668E-08 1.2951E-08 1.3201E-08 1.3430E-08 1.3651E-08 1.3860E-08 1.4065E-08 1.4274E-08 1.4474E-08 1.4682E-08 1.4891E-08 1.5100E-08 1.5309E-08 1.5534E-08 1.5753E-08 1.6016E-08 1.6256E-08 1.6501E-08 1.6752E-08 1.6995E-08 1.7231E-08 1.7447E-08 1.7641E-08 1.7811E-08 1.7967E-08 1.8104E-08 1.8218E-08 1.8330E-08 1.8473E-08 1.8610E-08 1.8718E-08 1.8819E-08 1.8905E-08 1.8996E-08 1.9094E-08 1.9200E-08 1.9330E-08 1.9455E-08 1.9605E-08 1.9750E-08 1.9892E-08 2.0033E-08 2.0175E-08 2.0307E-08 2.0446E-08 2.0586E-08 2.0726E-08 2.0872E-08 2.1029E-08
8.1220E-09 9.0413E-09 9.8933E-09 1.0645E-08 1.1292E-08 1.1843E-08 1.2297E-08 1.2678E-08 1.2999E-08 1.3279E-08 1.3526E-08 1.3750E-08 1.3967E-08 1.4176E-08 1.4375E-08 1.4582E-08 1.4791E-08 1.4989E-08 1.5198E-08 1.5413E-08 1.5629E-08 1.5853E-08 1.6080E-08 1.6348E-08 1.6598E-08 1.6846E-08 1.7104E-08 1.7355E-08 1.7594E-08 1.7812E-08 1.8013E-08 1.8190E-08 1.8353E-08 1.8492E-08 1.8608E-08 1.8723E-08 1.8870E-08 1.9011E-08 1.9125E-08 1.9213E-08 1.9297E-08 1.9384E-08 1.9476E-08 1.9574E-08 1.9696E-08 1.9812E-08 1.9950E-08 2.0084E-08 2.0211E-08 2.0335E-08 2.0458E-08 2.0568E-08 2.0682E-08 2.0795E-08 2.0903E-08 2.1014E-08 2.1129E-08
8.3243E-09 9.2716E-09 1.0148E-08 1.0922E-08 1.1583E-08 1.2140E-08 1.2602E-08 1.2980E-08 1.3303E-08 1.3579E-08 1.3825E-08 1.4046E-08 1.4256E-08 1.4468E-08 1.4665E-08 1.4864E-08 1.5073E-08 1.5275E-08 1.5477E-08 1.5693E-08 1.5916E-08 1.6144E-08 1.6388E-08 1.6654E-08 1.6909E-08 1.7161E-08 1.7420E-08 1.7673E-08 1.7912E-08 1.8135E-08 1.8339E-08 1.8527E-08 1.8689E-08 1.8826E-08 1.8946E-08 1.9066E-08 1.9249E-08 1.9356E-08 1.9461E-08 1.9547E-08 1.9626E-08 1.9707E-08 1.9791E-08 1.9881E-08 1.9992E-08 2.0095E-08 2.0220E-08 2.0338E-08 2.0447E-08 2.0551E-08 2.0651E-08 2.0737E-08 2.0821E-08 2.0904E-08 2.0980E-08 2.1050E-08 2.1122E-08
8.5089E-09 9.4807E-09 1.0376E-08 1.1171E-08 1.1847E-08 1.2410E-08 1.2880E-08 1.3261E-08 1.3585E-08 1.3855E-08 1.4100E-08 1.4319E-08 1.4523E-08 1.4733E-08 1.4929E-08 1.5126E-08 1.5328E-08 1.5532E-08 1.5736E-08 1.5943E-08 1.6167E-08 1.6398E-08 1.6661E-08 1.6923E-08 1.7179E-08 1.7438E-08 1.7698E-08 1.7948E-08 1.8185E-08 1.8410E-08 1.8616E-08 1.8809E-08 1.8970E-08 1.9110E-08 1.9231E-08 1.9355E-08 1.9535E-08 1.9639E-08 1.9737E-08 1.9818E-08 1.9891E-08 1.9965E-08 2.0040E-08 2.0119E-08 2.0216E-08 2.0305E-08 2.0412E-08 2.0512E-08 2.0601E-08 2.0682E-08 2.0757E-08 2.0817E-08 2.0868E-08 2.0917E-08 2.0957E-08 2.0988E-08 2.1016E-08
8.6651E-09 9.6681E-09 1.0581E-08 1.1390E-08 1.2083E-08 1.2651E-08 1.3127E-08 1.3517E-08 1.3839E-08 1.4108E-08 1.4347E-08 1.4565E-08 1.4770E-08 1.4969E-08 1.5161E-08 1.5361E-08 1.5553E-08 1.5755E-08 1.5959E-08 1.6166E-08 1.6392E-08 1.6623E-08 1.6897E-08 1.7154E-08 1.7415E-08 1.7674E-08 1.7931E-08 1.8178E-08 1.8414E-08 1.8637E-08 1.8848E-08 1.9037E-08 1.9198E-08 1.9336E-08 1.9455E-08 1.9620E-08 1.9765E-08 1.9858E-08 1.9951E-08 2.0027E-08 2.0093E-08 2.0157E-08 2.0222E-08 2.0288E-08 2.0369E-08 2.0442E-08 2.0530E-08 2.0608E-08 2.0675E-08 2.0732E-08 2.0779E-08 2.0810E-08 2.0828E-08 2.0842E-08 2.0845E-08 2.0837E-08 2.0820E-08
8.7946E-09 9.8184E-09 1.0753E-08 1.1576E-08 1.2281E-08 1.2864E-08 1.3341E-08 1.3736E-08 1.4061E-08 1.4330E-08 1.4564E-08 1.4779E-08 1.4984E-08 1.5178E-08 1.5363E-08 1.5563E-08 1.5751E-08 1.5946E-08 1.6150E-08 1.6357E-08 1.6583E-08 1.6820E-08 1.7091E-08 1.7345E-08 1.7607E-08 1.7865E-08 1.8120E-08 1.8361E-08 1.8596E-08 1.8818E-08 1.9030E-08 1.9217E-08 1.9376E-08 1.9508E-08 1.9632E-08 1.9805E-08 1.9934E-08 2.0017E-08 2.0104E-08 2.0173E-08 2.0230E-08 2.0285E-08 2.0338E-08 2.0389E-08 2.0453E-08 2.0508E-08 2.0575E-08 2.0631E-08 2.0674E-08 2.0704E-08 2.0723E-08 2.0723E-08 2.0710E-08 2.0684E-08 2.0649E-08 2.0603E-08 2.0542E-08
8.8991E-09 9.9352E-09 1.0890E-08 1.1726E-08 1.2441E-08 1.3037E-08 1.3522E-08 1.3919E-08 1.4247E-08 1.4520E-08 1.4752E-08 1.4961E-08 1.5165E-08 1.5356E-08 1.5535E-08 1.5730E-08 1.5917E-08 1.6106E-08 1.6304E-08 1.6516E-08 1.6741E-08 1.6980E-08 1.7243E-08 1.7503E-08 1.7757E-08 1.8016E-08 1.8262E-08 1.8501E-08 1.8731E-08 1.8949E-08 1.9162E-08 1.9343E-08 1.9502E-08 1.9630E-08 1.9784E-08 1.9925E-08 2.0042E-08 2.0117E-08 2.0198E-08 2.0258E-08 2.0307E-08 2.0350E-08 2.0390E-08 2.0426E-08 2.0472E-08 2.0507E-08 2.0552E-08 2.0584E-08 2.0602E-08 2.0605E-08 2.0595E-08 2.0565E-08 2.0519E-08 2.0457E-08 2.0385E-08 2.0298E-08 2.0198E-08
8.9790E-09 1.0025E-08 1.0990E-08 1.1842E-08 1.2564E-08 1.3173E-08 1.3665E-08 1.4068E-08 1.4394E-08 1.4670E-08 1.4903E-08 1.5109E-08 1.5308E-08 1.5499E-08 1.5676E-08 1.5863E-08 1.6050E-08 1.6235E-08 1.6426E-08 1.6636E-08 1.6860E-08 1.7109E-08 1.7367E-08 1.7617E-08 1.7872E-08 1.8126E-08 1.8361E-08 1.8595E-08 1.8822E-08 1.9041E-08 1.9243E-08 1.9420E-08 1.9574E-08 1.9702E-08 1.9865E-08 2.0000E-08 2.0094E-08 2.0162E-08 2.0234E-08 2.0286E-08 2.0324E-08 2.0355E-08 2.0383E-08 2.0404E-08 2.0430E-08 2.0446E-08 2.0467E-08 2.0475E-08 2.0468E-08 2.0443E-08 2.0403E-08 2.0343E-08 2.0267E-08 2.0172E-08 2.0060E-08 1.9935E-08 1.9795E-08
9.0340E-09 1.0082E-08 1.1057E-08 1.1923E-08 1.2652E-08 1.3271E-08 1.3770E-08 1.4183E-08 1.4513E-08 1.4788E-08 1.5023E-08 1.5225E-08 1.5418E-08 1.5606E-08 1.5784E-08 1.5959E-08 1.6143E-08 1.6326E-08 1.6515E-08 1.6723E-08 1.6944E-08 1.7195E-08 1.7447E-08 1.7695E-08 1.7947E-08 1.8189E-08 1.8422E-08 1.8648E-08 1.8869E-08 1.9085E-08 1.9281E-08 1.9454E-08 1.9597E-08 1.9757E-08 1.9893E-08 2.0012E-08 2.0095E-08 2.0155E-08 2.0217E-08 2.0259E-08 2.0287E-08 2.0306E-08 2.0320E-08 2.0326E-08 2.0333E-08 2.0329E-08 2.0327E-08 2.0311E-08 2.0278E-08 2.0227E-08 2.0158E-08 2.0069E-08 1.9962E-08 1.9837E-08 1.9690E-08 1.9529E-08 1.9352E-08
9.0609E-09 1.0115E-08 1.1091E-08 1.1966E-08 1.2709E-08 1.3332E-08 1.3845E-08 1.4259E-08 1.4599E-08 1.4873E-08 1.5109E-08 1.5316E-08 1.5504E-08 1.5685E-08 1.5863E-08 1.6033E-08 1.6208E-08 1.6389E-08 1.6569E-08 1.6772E-08 1.6995E-08 1.7245E-08 1.7486E-08 1.7732E-08 1.7975E-08 1.8212E-08 1.8437E-08 1.8657E-08 1.8876E-08 1.9082E-08 1.9271E-08 1.9437E-08 1.9576E-08 1.9747E-08 1.9892E-08 1.9975E-08 2.0048E-08 2.0099E-08 2.0150E-08 2.0183E-08 2.0200E-08 2.0208E-08 2.0208E-08 2.0198E-08 2.0187E-08 2.0163E-08 2.0140E-08 2.0100E-08 2.0042E-08 1.9965E-08 1.9868E-08 1.9753E-08 1.9617E-08 1.9463E-08 1.9288E-08 1.9092E-08 1.8883E-08
9.0664E-09 1.0122E-08 1.1101E-08 1.1977E-08 1.2733E-08 1.3360E-08 1.3882E-08 1.4307E-08 1.4650E-08 1.4930E-08 1.5164E-08 1.5374E-08 1.5556E-08 1.5735E-08 1.5909E-08 1.6077E-08 1.6245E-08 1.6420E-08 1.6602E-08 1.6800E-08 1.7015E-08 1.7263E-08 1.7497E-08 1.7732E-08 1.7975E-08 1.8199E-08 1.8420E-08 1.8634E-08 1.8852E-08 1.9043E-08 1.9225E-08 1.9381E-08 1.9541E-08 1.9686E-08 1.9817E-08 1.9892E-08 1.9956E-08 1.9999E-08 2.0040E-08 2.0064E-08 2.0070E-08 2.0066E-08 2.0052E-08 2.0029E-08 2.0000E-08 1.9957E-08 1.9911E-08 1.9848E-08 1.9768E-08 1.9666E-08 1.9544E-08 1.9403E-08 1.9243E-08 1.9062E-08 1.8861E-08 1.8639E-08 1.8397E-08
9.0515E-09 1.0100E-08 1.1081E-08 1.1956E-08 1.2723E-08 1.3358E-08 1.3885E-08 1.4318E-08 1.4673E-08 1.4957E-08 1.5190E-08 1.5401E-08 1.5585E-08 1.5764E-08 1.5928E-08 1.6092E-08 1.6259E-08 1.6424E-08 1.6607E-08 1.6802E-08 1.7011E-08 1.7248E-08 1.7471E-08 1.7698E-08 1.7935E-08 1.8158E-08 1.8373E-08 1.8582E-08 1.8789E-08 1.8976E-08 1.9144E-08 1.9291E-08 1.9469E-08 1.9621E-08 1.9706E-08 1.9772E-08 1.9826E-08 1.9860E-08 1.9891E-08 1.9906E-08 1.9902E-08 1.9886E-08 1.9860E-08 1.9824E-08 1.9777E-08 1.9719E-08 1.9651E-08 1.9568E-08 1.9465E-08 1.9342E-08 1.9197E-08 1.9032E-08 1.8850E-08 1.8646E-08 1.8422E-08 1.8178E-08 1.7911E-08
9.0230E-09 1.0055E-08 1.1035E-08 1.1906E-08 1.2678E-08 1.3324E-08 1.3860E-08 1.4297E-08 1.4659E-08 1.4950E-08 1.5192E-08 1.5399E-08 1.5586E-08 1.5760E-08 1.5920E-08 1.6086E-08 1.6243E-08 1.6403E-08 1.6580E-08 1.6771E-08 1.6981E-08 1.7216E-08 1.7436E-08 1.7659E-08 1.7877E-08 1.8093E-08 1.8303E-08 1.8503E-08 1.8701E-08 1.8875E-08 1.9036E-08 1.9184E-08 1.9365E-08 1.9495E-08 1.9563E-08 1.9620E-08 1.9665E-08 1.9690E-08 1.9711E-08 1.9716E-08 1.9703E-08 1.9676E-08 1.9639E-08 1.9590E-08 1.9528E-08 1.9454E-08 1.9369E-08 1.9266E-08 1.9144E-08 1.9000E-08 1.8836E-08 1.8650E-08 1.8446E-08 1.8224E-08 1.7981E-08 1.7718E-08 1.7433E-08
8.9786E-09 9.9915E-09 1.0963E-08 1.1834E-08 1.2604E-08 1.3257E-08 1.3805E-08 1.4250E-08 1.4616E-08 1.4917E-08 1.5164E-08 1.5369E-08 1.5557E-08 1.5733E-08 1.5886E-08 1.6051E-08 1.6206E-08 1.6363E-08 1.6535E-08 1.6717E-08 1.6946E-08 1.7149E-08 1.7358E-08 1.7577E-08 1.7787E-08 1.7997E-08 1.8201E-08 1.8398E-08 1.8584E-08 1.8749E-08 1.8901E-08 1.9067E-08 1.9239E-08 1.9335E-08 1.9394E-08 1.9441E-08 1.9476E-08 1.9494E-08 1.9505E-08 1.9501E-08 1.9479E-08 1.9442E-08 1.9394E-08 1.9334E-08 1.9259E-08 1.9171E-08 1.9069E-08 1.8951E-08 1.8811E-08 1.8650E-08 1.8468E-08 1.8265E-08 1.8044E-08 1.7804E-08 1.7547E-08 1.7269E-08 1.6969E-08
8.9170E-09 9.9151E-09 1.0870E-08 1.1736E-08 1.2505E-08 1.3167E-08 1.3717E-08 1.4174E-08 1.4544E-08 1.4853E-08 1.5105E-08 1.5317E-08 1.5503E-08 1.5682E-08 1.5834E-08 1.5992E-08 1.6141E-08 1.6293E-08 1.6459E-08 1.6639E-08 1.6877E-08 1.7073E-08 1.7274E-08 1.7480E-08 1.7683E-08 1.7887E-08 1.8081E-08 1.8275E-08 1.8444E-08 1.8606E-08 1.8747E-08 1.8934E-08 1.9065E-08 1.9154E-08 1.9204E-08 1.9241E-08 1.9266E-08 1.9277E-08 1.9278E-08 1.9266E-08 1.9236E-08 1.9189E-08 1.9132E-08 1.9062E-08 1.8978E-08 1.8877E-08 1.8761E-08 1.8629E-08 1.8475E-08 1.8299E-08 1.8101E-08 1.7886E-08 1.7650E-08 1.7396E-08 1.7124E-08 1.6836E-08 1.6526E-08
8.8490E-09 9.8206E-09 1.0761E-08 1.1622E-08 1.2384E-08 1.3049E-08 1.3609E-08 1.4069E-08 1.4451E-08 1.4763E-08 1.5026E-08 1.5236E-08 1.5423E-08 1.5604E-08 1.5754E-08 1.5910E-08 1.6060E-08 1.6208E-08 1.6370E-08 1.6576E-08 1.6782E-08 1.6960E-08 1.7158E-08 1.7359E-08 1.7556E-08 1.7753E-08 1.7941E-08 1.8129E-08 1.8289E-08 1.8442E-08 1.8597E-08 1.8779E-08 1.8883E-08 1.8956E-08 1.8999E-08 1.9026E-08 1.9041E-08 1.9045E-08 1.9037E-08 1.9017E-08 1.8980E-08 1.8926E-08 1.8861E-08 1.8782E-08 1.8689E-08 1.8579E-08 1.8452E-08 1.8306E-08 1.8142E-08 1.7954E-08 1.7745E-08 1.7515E-08 1.7270E-08 1.7005E-08 1.6725E-08 1.6424E-08 1.6110E-08
8.7653E-09 9.7203E-09 1.0638E-08 1.1493E-08 1.2250E-08 1.2910E-08 1.3475E-08 1.3947E-08 1.4330E-08 1.4649E-08 1.4919E-08 1.5138E-08 1.5324E-08 1.5505E-08 1.5660E-08 1.5807E-08 1.5954E-08 1.6097E-08 1.6268E-08 1.6490E-08 1.6665E-08 1.6847E-08 1.7031E-08 1.7225E-08 1.7416E-08 1.7605E-08 1.7793E-08 1.7966E-08 1.8125E-08 1.8265E-08 1.8439E-08 1.8590E-08 1.8686E-08 1.8746E-08 1.8782E-08 1.8802E-08 1.8807E-08 1.8801E-08 1.8787E-08 1.8761E-08 1.8717E-08 1.8657E-08 1.8586E-08 1.8501E-08 1.8399E-08 1.8283E-08 1.8146E-08 1.7992E-08 1.7815E-08 1.7620E-08 1.7402E-08 1.7165E-08 1.6908E-08 1.6638E-08 1.6349E-08 1.6043E-08 1.5724E-08
8.6723E-09 9.6049E-09 1.0504E-08 1.1347E-08 1.2095E-08 1.2759E-08 1.3322E-08 1.3800E-08 1.4194E-08 1.4519E-08 1.4792E-08 1.5019E-08 1.5210E-08 1.5387E-08 1.5548E-08 1.5692E-08 1.5829E-08 1.5977E-08 1.6203E-08 1.6371E-08 1.6533E-08 1.6707E-08 1.6889E-08 1.7073E-08 1.7260E-08 1.7445E-08 1.7627E-08 1.7795E-08 1.7948E-08 1.8089E-08 1.8268E-08 1.8390E-08 1.8478E-08 1.8531E-08 1.8559E-08 1.8570E-08 1.8568E-08 1.8554E-08 1.8532E-08 1.8502E-08 1.8454E-08 1.8388E-08 1.8312E-08 1.8221E-08 1.8116E-08 1.7991E-08 1.7850E-08 1.7687E-08 1.7505E-08 1.7300E-08 1.7078E-08 1.6834E-08 1.6574E-08 1.6295E-08 1.6003E-08 1.5693E-08 1.5374E-08
8.5550E-09 9.4865E-09 1.0360E-08 1.1189E-08 1.1938E-08 1.2600E-08 1.3167E-08 1.3636E-08 1.4040E-08 1.4369E-08 1.4646E-08 1.4879E-08 1.5080E-08 1.5251E-08 1.5414E-08 1.5556E-08 1.5690E-08 1.5872E-08 1.6076E-08 1.6233E-08 1.6396E-08 1.6559E-08 1.6740E-08 1.6920E-08 1.7100E-08 1.7282E-08 1.7455E-08 1.7621E-08 1.7761E-08 1.7909E-08 1.8079E-08 1.8186E-08 1.8268E-08 1.8313E-08 1.8334E-08 1.8336E-08 1.8329E-08 1.8308E-08 1.8280E-08 1.8243E-08 1.8192E-08 1.8124E-08 1.8042E-08 1.7950E-08 1.7840E-08 1.7712E-08 1.7564E-08 1.7399E-08 1.7211E-08 1.7003E-08 1.6773E-08 1.6528E-08 1.6264E-08 1.5984E-08 1.5686E-08 1.5376E-08 1.5059E-08
8.4635E-09 9.3492E-09 1.0226E-08 1.1038E-08 1.1777E-08 1.2419E-08 1.2987E-08 1.3473E-08 1.3868E-08 1.4210E-08 1.4485E-08 1.4724E-08 1.4935E-08 1.5101E-08 1.5267E-08 1.5418E-08 1.5564E-08 1.5778E-08 1.5932E-08 1.6080E-08 1.6239E-08 1.6399E-08 1.6576E-08 1.6753E-08 1.6929E-08 1.7107E-08 1.7282E-08 1.7440E-08 1.7584E-08 1.7748E-08 1.7888E-08 1.7986E-08 1.8057E-08 1.8097E-08 1.8111E-08 1.8107E-08 1.8092E-08 1.8067E-08 1.8032E-08 1.7990E-08 1.7937E-08 1.7866E-08 1.7783E-08 1.7687E-08 1.7578E-08 1.7446E-08 1.7297E-08 1.7126E-08 1.6938E-08 1.6726E-08 1.6497E-08 1.6247E-08 1.5983E-08 1.5703E-08 1.5403E-08 1.5097E-08 1.4775E-08
8.3240E-09 9.2130E-09 1.0071E-08 1.0868E-08 1.1595E-08 1.2245E-08 1.2797E-08 1.3285E-08 1.3696E-08 1.4031E-08 1.4324E-08 1.4555E-08 1.4771E-08 1.4956E-08 1.5122E-08 1.5281E-08 1.5437E-08 1.5634E-08 1.5785E-08 1.5936E-08 1.6085E-08 1.6239E-08 1.6413E-08 1.6585E-08 1.6758E-08 1.6934E-08 1.7102E-08 1.7256E-08 1.7396E-08 1.7576E-08 1.7696E-08 1.7789E-08 1.7850E-08 1.7884E-08 1.7894E-08 1.7883E-08 1.7863E-08 1.7831E-08 1.7794E-08 1.7748E-08 1.7691E-08 1.7620E-08 1.7534E-08 1.7440E-08 1.7327E-08 1.7198E-08 1.7047E-08 1.6876E-08 1.6683E-08 1.6474E-08 1.6244E-08 1.5996E-08 1.5731E-08 1.5448E-08 1.5156E-08 1.4850E-08 1.4532E-08
8.2073E-09 9.0772E-09 9.9187E-09 1.0707E-08 1.1413E-08 1.2051E-08 1.2613E-08 1.3087E-08 1.3503E-08 1.3854E-08 1.4139E-08 1.4393E-08 1.4614E-08 1.4784E-08 1.4952E-08 1.5121E-08 1.5322E-08 1.5473E-08 1.5621E-08 1.5771E-08 1.5918E-08 1.6073E-08 1.6245E-08 1.6415E-08 1.6590E-08 1.6761E-08 1.6930E-08 1.7078E-08 1.7221E-08 1.7393E-08 1.7510E-08 1.7594E-08 1.7650E-08 1.7678E-08 1.7684E-08 1.7668E-08 1.7643E-08 1.7607E-08 1.7566E-08 1.7517E-08 1.7459E-08 1.7385E-08 1.7302E-08 1.7206E-08 1.7096E-08 1.6965E-08 1.6817E-08 1.6647E-08 1.6456E-08 1.6245E-08 1.6016E-08 1.5772E-08 1.5508E-08 1.5227E-08 1.4936E-08 1.4632E-08 1.4320E-08
8.0638E-09 8.9172E-09 9.7504E-09 1.0529E-08 1.1232E-08 1.1852E-08 1.2410E-08 1.2896E-08 1.3301E-08 1.3658E-08 1.3963E-08 1.4205E-08 1.4430E-08 1.4620E-08 1.4800E-08 1.4962E-08 1.5166E-08 1.5315E-08 1.5459E-08 1.5606E-08 1.5752E-08 1.5905E-08 1.6073E-08 1.6242E-08 1.6418E-08 1.6586E-08 1.6758E-08 1.6910E-08 1.7067E-08 1.7215E-08 1.7327E-08 1.7410E-08 1.7457E-08 1.7482E-08 1.7483E-08 1.7464E-08 1.7434E-08 1.7396E-08 1.7351E-08 1.7300E-08 1.7241E-08 1.7168E-08 1.7081E-08 1.6990E-08 1.6880E-08 1.6754E-08 1.6605E-08 1.6438E-08 1.6250E-08 1.6042E-08 1.5815E-08 1.5571E-08 1.5310E-08 1.5035E-08 1.4749E-08 1.4449E-08 1.4144E-08
