Assets/Resources/2015_m01_d03_0100(utc+0800)_l00_csi_1hr_conc.grd
DSAA
         159         159
     -79.000      79.000
     -79.000      79.000
  0.0000E+00  0.1655E-04
[rows 75 to 99 of 159, columns 0 to 56 of 159]
1.8695E-10 2.0467E-10 2.2622E-10 2.4692E-10 2.6815E-10 2.9465E-10 3.2025E-10 3.4658E-10 3.7951E-10 4.0986E-10 4.4622E-10 4.8504E-10 5.2558E-10 5.6651E-10 6.0893E-10 6.5723E-10 7.0509E-10 7.5554E-10 8.1255E-10 8.6910E-10 9.2854E-10 9.9422E-10 1.0603E-09 1.1295E-09 1.2054E-09 1.2818E-09 1.3617E-09 1.4487E-09 1.5364E-09 1.6279E-09 1.7269E-09 1.8268E-09 1.9307E-09 2.0427E-09 2.1557E-09 2.2730E-09 2.4022E-09 2.5300E-09 2.6625E-09 2.8088E-09 2.9531E-09 3.1028E-09 3.2689E-09 3.4323E-09 3.6018E-09 3.7777E-09 3.9602E-09 4.1494E-09 4.3454E-09 4.5484E-09 4.7585E-09 4.9997E-09 5.2311E-09 5.5046E-09 5.7643E-09 6.3636E-09 6.7575E-09
1.7858E-10 1.9465E-10 2.1618E-10 2.3514E-10 2.5541E-10 2.8172E-10 3.0537E-10 3.3144E-10 3.6221E-10 3.9212E-10 4.2623E-10 4.6349E-10 5.0330E-10 5.4177E-10 5.8332E-10 6.2981E-10 6.7582E-10 7.2433E-10 7.7927E-10 8.3370E-10 8.9094E-10 9.5429E-10 1.0179E-09 1.0847E-09 1.1580E-09 1.2318E-09 1.3089E-09 1.3931E-09 1.4779E-09 1.5664E-09 1.6623E-09 1.7591E-09 1.8599E-09 1.9686E-09 2.0783E-09 2.1923E-09 2.3181E-09 2.4425E-09 2.5715E-09 2.7144E-09 2.8552E-09 3.0014E-09 3.1641E-09 3.3241E-09 3.4902E-09 3.6628E-09 3.8419E-09 4.0279E-09 4.2207E-09 4.4207E-09 4.6465E-09 4.8665E-09 5.0953E-09 5.3664E-09 5.6239E-09 5.9512E-09 6.6050E-09
1.6947E-10 1.8569E-10 2.0213E-10 2.2440E-10 2.4377E-10 2.6810E-10 2.9157E-10 3.1565E-10 3.4599E-10 3.7379E-10 4.0646E-10 4.3912E-10 4.8042E-10 5.1812E-10 5.5715E-10 6.0177E-10 6.4676E-10 6.9333E-10 7.4619E-10 7.9849E-10 8.5351E-10 9.1451E-10 9.7577E-10 1.0400E-09 1.1107E-09 1.1818E-09 1.2562E-09 1.3374E-09 1.4193E-09 1.5048E-09 1.5976E-09 1.6911E-09 1.7886E-09 1.8940E-09 2.0003E-09 2.1108E-09 2.2330E-09 2.3538E-09 2.4792E-09 2.6184E-09 2.7555E-09 2.8980E-09 3.0570E-09 3.2131E-09 3.3755E-09 3.5444E-09 3.7198E-09 3.9021E-09 4.0914E-09 4.2878E-09 4.5101E-09 4.7267E-09 4.9523E-09 5.2199E-09 5.4743E-09 5.7974E-09 6.4381E-09
1.5816E-10 1.7601E-10 1.9256E-10 2.1300E-10 2.3144E-10 2.5560E-10 2.7714E-10 3.0099E-10 3.2918E-10 3.5570E-10 3.8785E-10 4.1822E-10 4.5868E-10 4.9394E-10 5.3126E-10 5.7491E-10 6.1717E-10 6.6262E-10 7.1338E-10 7.6356E-10 8.1636E-10 8.7499E-10 9.3383E-10 9.9557E-10 1.0636E-09 1.1320E-09 1.2036E-09 1.2784E-09 1.3608E-09 1.4431E-09 1.5290E-09 1.6230E-09 1.7171E-09 1.8190E-09 1.9218E-09 2.0287E-09 2.1472E-09 2.2642E-09 2.3859E-09 2.5211E-09 2.6544E-09 2.7928E-09 2.9478E-09 3.0999E-09 3.2583E-09 3.4230E-09 3.5944E-09 3.7726E-09 3.9577E-09 4.1501E-09 4.3683E-09 4.5810E-09 4.8026E-09 5.0658E-09 5.3162E-09 5.6338E-09 6.2577E-09
1.4951E-10 1.6743E-10 1.8232E-10 2.0179E-10 2.2026E-10 2.3902E-10 2.6385E-10 2.8574E-10 3.0901E-10 3.3882E-10 3.6868E-10 3.9853E-10 4.3645E-10 4.7010E-10 5.0662E-10 5.4757E-10 5.8882E-10 6.3149E-10 6.8012E-10 7.2900E-10 7.7958E-10 8.3274E-10 8.9226E-10 9.5148E-10 1.0136E-09 1.0825E-09 1.1512E-09 1.2232E-09 1.3024E-09 1.3817E-09 1.4643E-09 1.5550E-09 1.6456E-09 1.7401E-09 1.8431E-09 1.9463E-09 2.0610E-09 2.1742E-09 2.2918E-09 2.4230E-09 2.5521E-09 2.6864E-09 2.8371E-09 2.9849E-09 3.1388E-09 3.2992E-09 3.4661E-09 3.6398E-09 3.8205E-09 4.0083E-09 4.2218E-09 4.4298E-09 4.6468E-09 4.9047E-09 5.1503E-09 5.4611E-09 6.0654E-09
1.4082E-10 1.5817E-10 1.7318E-10 1.9176E-10 2.0842E-10 2.2715E-10 2.4998E-10 2.7166E-10 2.9382E-10 3.2139E-10 3.5075E-10 3.7835E-10 4.1457E-10 4.4421E-10 4.8154E-10 5.2152E-10 5.6009E-10 6.0081E-10 6.4818E-10 6.9408E-10 7.4242E-10 7.9411E-10 8.5114E-10 9.0784E-10 9.6731E-10 1.0334E-09 1.0994E-09 1.1683E-09 1.2445E-09 1.3206E-09 1.4000E-09 1.4872E-09 1.5744E-09 1.6653E-09 1.7645E-09 1.8640E-09 1.9747E-09 2.0838E-09 2.1974E-09 2.3243E-09 2.4491E-09 2.5790E-09 2.7251E-09 2.8684E-09 3.0177E-09 3.1733E-09 3.3354E-09 3.5043E-09 3.6801E-09 3.8630E-09 4.0711E-09 4.2740E-09 4.4858E-09 4.7375E-09 4.9775E-09 5.2811E-09 5.8650E-09
1.3239E-10 1.4890E-10 1.6341E-10 1.7775E-10 1.9778E-10 2.1469E-10 2.3729E-10 2.5705E-10 2.7808E-10 3.0522E-10 3.3233E-10 3.5944E-10 3.9402E-10 4.2133E-10 4.5779E-10 4.9511E-10 5.3185E-10 5.7152E-10 6.1594E-10 6.5971E-10 7.0670E-10 7.5523E-10 8.0974E-10 8.6478E-10 9.2164E-10 9.8495E-10 1.0480E-09 1.1141E-09 1.1871E-09 1.2600E-09 1.3361E-09 1.4198E-09 1.5035E-09 1.5908E-09 1.6863E-09 1.7818E-09 1.8813E-09 1.9935E-09 2.1029E-09 2.2167E-09 2.3457E-09 2.4711E-09 2.6016E-09 2.7509E-09 2.8953E-09 3.0459E-09 3.2030E-09 3.3667E-09 3.5372E-09 3.7147E-09 3.9169E-09 4.1142E-09 4.3203E-09 4.5650E-09 4.7996E-09 5.0958E-09 5.6548E-09
1.2423E-10 1.3670E-10 1.5367E-10 1.6837E-10 1.8651E-10 2.0343E-10 2.2406E-10 2.4277E-10 2.6362E-10 2.8856E-10 3.1514E-10 3.3696E-10 3.6912E-10 3.9982E-10 4.3371E-10 4.6922E-10 5.0155E-10 5.4198E-10 5.8429E-10 6.2686E-10 6.7079E-10 7.1702E-10 7.6991E-10 8.2158E-10 8.7665E-10 9.3716E-10 9.9742E-10 1.0605E-09 1.1304E-09 1.2001E-09 1.2730E-09 1.3531E-09 1.4333E-09 1.5169E-09 1.6085E-09 1.7002E-09 1.7956E-09 1.9035E-09 2.0086E-09 2.1181E-09 2.2423E-09 2.3630E-09 2.4888E-09 2.6328E-09 2.7722E-09 2.9176E-09 3.0693E-09 3.2275E-09 3.3924E-09 3.5642E-09 3.7430E-09 3.9512E-09 4.1509E-09 4.3889E-09 4.6176E-09 4.8591E-09 5.1737E-09
1.1633E-10 1.2813E-10 1.4424E-10 1.5816E-10 1.7531E-10 1.9161E-10 2.0867E-10 2.2979E-10 2.4866E-10 2.6963E-10 2.9726E-10 3.1822E-10 3.4936E-10 3.7798E-10 4.1015E-10 4.4474E-10 4.7461E-10 5.1305E-10 5.5421E-10 5.8999E-10 6.3559E-10 6.8044E-10 7.2999E-10 7.8002E-10 8.3167E-10 8.8935E-10 9.4677E-10 1.0078E-09 1.0745E-09 1.1411E-09 1.2106E-09 1.2873E-09 1.3639E-09 1.4438E-09 1.5315E-09 1.6193E-09 1.7107E-09 1.8141E-09 1.9149E-09 2.0199E-09 2.1392E-09 2.2552E-09 2.3760E-09 2.5146E-09 2.6487E-09 2.7887E-09 2.9348E-09 3.0872E-09 3.2462E-09 3.4120E-09 3.5847E-09 3.7856E-09 3.9795E-09 4.2097E-09 4.4313E-09 4.6652E-09 4.9681E-09
1.0871E-10 1.1986E-10 1.3512E-10 1.4829E-10 1.6115E-10 1.7990E-10 1.9631E-10 2.1627E-10 2.3502E-10 2.5400E-10 2.8006E-10 3.0089E-10 3.2938E-10 3.5756E-10 3.8811E-10 4.1972E-10 4.4921E-10 4.8572E-10 5.2389E-10 5.5870E-10 6.0208E-10 6.4383E-10 6.9179E-10 7.3853E-10 7.8761E-10 8.4248E-10 8.9797E-10 9.5522E-10 1.0188E-09 1.0830E-09 1.1493E-09 1.2224E-09 1.2955E-09 1.3718E-09 1.4555E-09 1.5393E-09 1.6266E-09 1.7257E-09 1.8220E-09 1.9224E-09 2.0369E-09 2.1479E-09 2.2637E-09 2.3967E-09 2.5254E-09 2.6597E-09 2.8001E-09 2.9466E-09 3.0995E-09 3.2589E-09 3.4251E-09 3.6190E-09 3.8061E-09 4.0278E-09 4.2413E-09 4.4672E-09 4.7579E-09
1.0136E-10 1.1189E-10 1.2314E-10 1.3876E-10 1.5084E-10 1.6859E-10 1.8409E-10 2.0409E-10 2.2092E-10 2.3972E-10 2.6403E-10 2.8320E-10 3.1069E-10 3.3300E-10 3.6255E-10 3.9647E-10 4.2365E-10 4.5815E-10 4.9492E-10 5.2741E-10 5.6854E-10 6.0897E-10 6.5060E-10 6.9799E-10 7.4540E-10 7.9427E-10 8.4940E-10 9.0374E-10 9.6153E-10 1.0253E-09 1.0883E-09 1.1550E-09 1.2283E-09 1.3009E-09 1.3807E-09 1.4606E-09 1.5438E-09 1.6383E-09 1.7303E-09 1.8261E-09 1.9355E-09 2.0415E-09 2.1522E-09 2.2796E-09 2.4027E-09 2.5313E-09 2.6657E-09 2.8061E-09 2.9526E-09 3.1055E-09 3.2652E-09 3.4514E-09 3.6312E-09 3.8200E-09 4.0491E-09 4.2664E-09 4.5436E-09
9.2581E-11 1.0421E-10 1.1482E-10 1.2836E-10 1.4089E-10 1.5768E-10 1.7231E-10 1.8786E-10 2.0704E-10 2.2505E-10 2.4422E-10 2.6695E-10 2.8890E-10 3.1301E-10 3.4193E-10 3.7270E-10 3.9882E-10 4.2891E-10 4.6616E-10 4.9696E-10 5.3669E-10 5.7422E-10 6.1360E-10 6.5936E-10 7.0345E-10 7.4972E-10 8.0198E-10 8.5437E-10 9.0833E-10 9.6881E-10 1.0295E-09 1.0920E-09 1.1616E-09 1.2306E-09 1.3034E-09 1.3832E-09 1.4624E-09 1.5524E-09 1.6399E-09 1.7312E-09 1.8354E-09 1.9365E-09 2.0420E-09 2.1636E-09 2.2810E-09 2.4038E-09 2.5321E-09 2.6662E-09 2.8061E-09 2.9523E-09 3.1053E-09 3.2833E-09 3.4555E-09 3.6366E-09 3.8553E-09 4.0634E-09 4.2842E-09
8.5847E-11 9.6816E-11 1.0682E-10 1.2076E-10 1.3133E-10 1.4390E-10 1.6097E-10 1.7562E-10 1.9366E-10 2.1065E-10 2.2940E-10 2.5038E-10 2.7061E-10 2.9418E-10 3.2101E-10 3.4947E-10 3.7556E-10 4.0320E-10 4.3785E-10 4.6832E-10 5.0125E-10 5.4046E-10 5.7853E-10 6.2098E-10 6.6264E-10 7.0636E-10 7.5671E-10 8.0544E-10 8.5649E-10 9.1463E-10 9.7125E-10 1.0304E-09 1.0964E-09 1.1627E-09 1.2309E-09 1.3066E-09 1.3825E-09 1.4608E-09 1.5511E-09 1.6378E-09 1.7282E-09 1.8330E-09 1.9334E-09 2.0490E-09 2.1608E-09 2.2777E-09 2.3999E-09 2.5273E-09 2.6605E-09 2.8000E-09 2.9459E-09 3.1154E-09 3.2801E-09 3.4529E-09 3.6609E-09 3.8602E-09 4.0702E-09
7.9717E-11 8.7991E-11 9.9129E-11 1.0916E-10 1.2214E-10 1.3398E-10 1.5007E-10 1.6386E-10 1.7732E-10 1.9679E-10 2.1394E-10 2.3417E-10 2.5381E-10 2.7528E-10 2.9648E-10 3.2534E-10 3.5203E-10 3.7820E-10 4.1118E-10 4.3964E-10 4.7075E-10 5.0854E-10 5.4370E-10 5.8055E-10 6.2392E-10 6.6519E-10 7.1190E-10 7.5789E-10 8.0698E-10 8.6111E-10 9.1460E-10 9.7053E-10 1.0338E-09 1.0956E-09 1.1602E-09 1.2327E-09 1.3038E-09 1.3779E-09 1.4635E-09 1.5464E-09 1.6321E-09 1.7315E-09 1.8267E-09 1.9259E-09 2.0425E-09 2.1534E-09 2.2689E-09 2.3898E-09 2.5165E-09 2.6489E-09 2.7876E-09 2.9331E-09 3.1053E-09 3.2699E-09 3.4436E-09 3.6560E-09 3.8554E-09
7.4776E-11 8.1608E-11 9.1757E-11 1.0119E-10 1.1331E-10 1.2445E-10 1.3627E-10 1.5258E-10 1.6515E-10 1.8349E-10 1.9962E-10 2.1507E-10 2.3707E-10 2.5497E-10 2.7815E-10 3.0365E-10 3.3002E-10 3.5481E-10 3.8173E-10 4.1143E-10 4.4208E-10 4.7636E-10 5.0989E-10 5.4558E-10 5.8562E-10 6.2447E-10 6.6522E-10 7.1270E-10 7.5813E-10 8.0569E-10 8.6047E-10 9.1324E-10 9.6838E-10 1.0305E-09 1.0922E-09 1.1599E-09 1.2270E-09 1.2970E-09 1.3788E-09 1.4564E-09 1.5373E-09 1.6314E-09 1.7213E-09 1.8161E-09 1.9263E-09 2.0306E-09 2.1399E-09 2.2544E-09 2.3742E-09 2.4998E-09 2.6315E-09 2.7692E-09 2.9323E-09 3.0888E-09 3.2523E-09 3.4528E-09 3.6412E-09
6.9144E-11 7.6429E-11 8.3286E-11 9.3558E-11 1.0298E-10 1.1532E-10 1.2643E-10 1.4178E-10 1.5349E-10 1.7073E-10 1.8589E-10 2.0031E-10 2.2101E-10 2.3774E-10 2.5896E-10 2.7911E-10 3.0756E-10 3.3118E-10 3.5692E-10 3.8537E-10 4.1337E-10 4.4249E-10 4.7766E-10 5.1086E-10 5.4862E-10 5.8602E-10 6.2435E-10 6.6817E-10 7.1088E-10 7.5650E-10 8.0725E-10 8.5690E-10 9.0879E-10 9.6812E-10 1.0255E-09 1.0854E-09 1.1525E-09 1.2193E-09 1.2955E-09 1.3687E-09 1.4450E-09 1.5337E-09 1.6194E-09 1.7078E-09 1.8110E-09 1.9094E-09 2.0125E-09 2.1213E-09 2.2345E-09 2.3533E-09 2.4775E-09 2.6080E-09 2.7618E-09 2.9088E-09 3.0635E-09 3.2510E-09 3.4266E-09
6.2124E-11 7.0586E-11 7.6934E-11 8.6588E-11 9.5104E-11 1.0659E-10 1.1702E-10 1.2806E-10 1.4233E-10 1.5519E-10 1.7256E-10 1.8619E-10 2.0186E-10 2.2123E-10 2.3916E-10 2.5912E-10 2.8424E-10 3.0816E-10 3.3277E-10 3.5939E-10 3.8564E-10 4.1392E-10 4.4582E-10 4.7683E-10 5.1051E-10 5.4814E-10 5.8408E-10 6.2520E-10 6.6619E-10 7.0819E-10 7.5584E-10 8.0245E-10 8.5208E-10 9.0701E-10 9.6091E-10 1.0172E-09 1.0811E-09 1.1431E-09 1.2077E-09 1.2836E-09 1.3554E-09 1.4311E-09 1.5191E-09 1.6016E-09 1.6878E-09 1.7911E-09 1.8888E-09 1.9905E-09 2.0971E-09 2.2088E-09 2.3262E-09 2.4488E-09 2.5769E-09 2.7320E-09 2.8770E-09 3.0282E-09 3.2156E-09
5.7051E-11 6.4994E-11 7.1834E-11 7.8176E-11 8.7906E-11 9.6379E-11 1.0803E-10 1.1838E-10 1.3292E-10 1.4373E-10 1.6002E-10 1.7270E-10 1.8738E-10 2.0545E-10 2.2225E-10 2.4062E-10 2.6374E-10 2.8582E-10 3.0876E-10 3.3182E-10 3.5959E-10 3.8553E-10 4.1507E-10 4.4565E-10 4.7607E-10 5.1154E-10 5.4534E-10 5.8153E-10 6.2233E-10 6.6166E-10 7.0280E-10 7.5089E-10 7.9657E-10 8.4428E-10 8.9858E-10 9.5220E-10 1.0114E-09 1.0695E-09 1.1301E-09 1.2013E-09 1.2695E-09 1.3391E-09 1.4211E-09 1.4985E-09 1.5792E-09 1.6768E-09 1.7678E-09 1.8631E-09 1.9631E-09 2.0683E-09 2.1780E-09 2.2927E-09 2.4140E-09 2.5577E-09 2.6930E-09 2.8344E-09 3.0083E-09
5.3187E-11 5.8041E-11 6.6060E-11 7.2877E-11 8.1030E-11 8.8969E-11 9.9796E-11 1.0915E-10 1.1939E-10 1.3279E-10 1.4470E-10 1.5982E-10 1.7357E-10 1.8680E-10 2.0612E-10 2.2263E-10 2.4086E-10 2.6432E-10 2.8618E-10 3.0776E-10 3.3338E-10 3.5769E-10 3.8438E-10 4.1414E-10 4.4293E-10 4.7705E-10 5.0902E-10 5.4208E-10 5.8021E-10 6.1787E-10 6.5635E-10 7.0047E-10 7.4318E-10 7.8779E-10 8.3949E-10 8.8883E-10 9.4028E-10 9.9856E-10 1.0553E-09 1.1227E-09 1.1850E-09 1.2497E-09 1.3264E-09 1.3985E-09 1.4748E-09 1.5654E-09 1.6503E-09 1.7395E-09 1.8334E-09 1.9311E-09 2.0335E-09 2.1419E-09 2.2544E-09 2.3714E-09 2.5140E-09 2.6458E-09 2.7834E-09
4.6973E-11 5.3044E-11 5.8863E-11 6.6935E-11 7.2748E-11 8.1904E-11 8.9766E-11 1.0070E-10 1.0995E-10 1.2237E-10 1.3352E-10 1.4881E-10 1.6042E-10 1.7393E-10 1.9075E-10 2.0619E-10 2.2313E-10 2.4468E-10 2.6462E-10 2.8548E-10 3.0674E-10 3.3092E-10 3.5654E-10 3.8359E-10 4.1019E-10 4.3995E-10 4.7304E-10 5.0429E-10 5.3739E-10 5.7507E-10 6.1097E-10 6.5212E-10 6.9287E-10 7.3452E-10 7.8192E-10 8.2796E-10 8.7598E-10 9.3126E-10 9.8419E-10 1.0383E-09 1.1032E-09 1.1636E-09 1.2263E-09 1.3030E-09 1.3734E-09 1.4469E-09 1.5369E-09 1.6203E-09 1.7071E-09 1.7982E-09 1.8948E-09 1.9951E-09 2.0998E-09 2.2087E-09 2.3406E-09 2.4630E-09 2.5907E-09
4.2706E-11 4.9299E-11 5.3727E-11 6.1277E-11 6.7608E-11 7.5177E-11 8.2529E-11 9.3602E-11 1.0130E-10 1.1041E-10 1.2289E-10 1.3385E-10 1.4790E-10 1.6053E-10 1.7257E-10 1.9055E-10 2.0447E-10 2.2239E-10 2.4263E-10 2.6352E-10 2.8325E-10 3.0556E-10 3.2953E-10 3.5276E-10 3.8061E-10 4.0666E-10 4.3833E-10 4.6857E-10 4.9910E-10 5.3416E-10 5.6757E-10 6.0340E-10 6.4391E-10 6.8267E-10 7.2312E-10 7.6966E-10 8.1528E-10 8.6169E-10 9.1410E-10 9.6448E-10 1.0248E-09 1.0807E-09 1.1399E-09 1.2104E-09 1.2758E-09 1.3442E-09 1.4278E-09 1.5047E-09 1.5854E-09 1.6713E-09 1.7605E-09 1.8537E-09 1.9507E-09 2.0517E-09 2.1733E-09 2.2866E-09 2.4047E-09
3.8647E-11 4.3225E-11 4.9853E-11 5.4246E-11 6.1815E-11 6.8074E-11 7.5652E-11 8.2900E-11 9.3079E-11 1.0159E-10 1.1313E-10 1.2303E-10 1.3252E-10 1.4782E-10 1.5893E-10 1.7570E-10 1.8857E-10 2.0461E-10 2.1982E-10 2.4238E-10 2.6093E-10 2.8101E-10 3.0383E-10 3.2534E-10 3.5077E-10 3.7596E-10 4.0193E-10 4.3341E-10 4.6177E-10 4.9493E-10 5.2711E-10 5.5956E-10 5.9717E-10 6.3318E-10 6.7075E-10 7.1489E-10 7.5611E-10 7.9850E-10 8.4711E-10 8.9377E-10 9.4311E-10 1.0023E-09 1.0564E-09 1.1128E-09 1.1823E-09 1.2456E-09 1.3115E-09 1.3948E-09 1.4701E-09 1.5491E-09 1.6317E-09 1.7178E-09 1.8075E-09 1.9009E-09 1.9979E-09 2.1170E-09 2.2258E-09
3.3272E-11 3.9068E-11 4.3610E-11 5.0253E-11 5.6317E-11 6.2159E-11 6.9127E-11 7.5891E-11 8.3012E-11 9.3218E-11 1.0156E-10 1.1311E-10 1.2280E-10 1.3576E-10 1.4728E-10 1.5813E-10 1.7476E-10 1.8730E-10 2.0177E-10 2.2197E-10 2.3905E-10 2.5842E-10 2.7825E-10 2.9941E-10 3.2164E-10 3.4672E-10 3.7026E-10 3.9987E-10 4.2624E-10 4.5432E-10 4.8755E-10 5.1762E-10 5.4900E-10 5.8582E-10 6.2181E-10 6.5766E-10 6.9907E-10 7.3830E-10 7.8316E-10 8.2714E-10 8.7199E-10 9.2666E-10 9.7669E-10 1.0289E-09 1.0929E-09 1.1511E-09 1.2129E-09 1.2896E-09 1.3594E-09 1.4324E-09 1.5085E-09 1.5879E-09 1.6705E-09 1.7565E-09 1.8459E-09 1.9385E-09 2.0546E-09
2.9759E-11 3.3556E-11 3.9366E-11 4.5559E-11 4.9507E-11 5.6557E-11 6.2308E-11 6.9254E-11 7.5892E-11 8.5292E-11 9.3068E-11 1.0371E-10 1.1274E-10 1.2128E-10 1.3509E-10 1.4507E-10 1.5686E-10 1.7208E-10 1.8584E-10 1.9962E-10 2.1873E-10 2.3628E-10 2.5420E-10 2.7476E-10 2.9553E-10 3.1730E-10 3.4158E-10 3.6446E-10 3.9251E-10 4.1971E-10 4.4990E-10 4.7781E-10 5.0683E-10 5.4203E-10 5.7368E-10 6.0647E-10 6.4468E-10 6.8076E-10 7.1943E-10 7.6300E-10 8.0435E-10 8.4734E-10 9.0094E-10 9.4878E-10 9.9947E-10 1.0621E-09 1.1192E-09 1.1786E-09 1.2540E-09 1.3211E-09 1.3911E-09 1.4640E-09 1.5399E-09 1.6189E-09 1.7009E-09 1.7858E-09 1.8913E-09
2.4972E-11 2.9973E-11 3.3732E-11 3.9538E-11 4.5719E-11 4.9602E-11 5.6618E-11 6.2260E-11 6.9162E-11 7.5654E-11 8.5038E-11 9.2628E-11 1.0323E-10 1.1202E-10 1.2389E-10 1.3400E-10 1.4370E-10 1.5771E-10 1.7016E-10 1.8229E-10 2.0125E-10 2.1579E-10 2.3253E-10 2.5075E-10 2.7015E-10 2.8945E-10 3.1183E-10 3.3440E-10 3.6016E-10 3.8582E-10 4.1047E-10 4.4000E-10 4.6689E-10 4.9538E-10 5.2782E-10 5.5802E-10 5.8928E-10 6.2739E-10 6.6196E-10 7.0196E-10 7.4002E-10 7.7962E-10 8.2851E-10 8.7362E-10 9.1960E-10 9.7798E-10 1.0304E-09 1.0849E-09 1.1539E-09 1.2154E-09 1.2796E-09 1.3464E-09 1.4159E-09 1.4881E-09 1.5631E-09 1.6407E-09 1.7210E-09
