Assets/Resources/2015_m01_d27_2100(utc+0800)_l00_csi_1hr_conc.grd
DSAA
         159         159
     -79.000      79.000
     -79.000      79.000
  0.0000E+00  0.2107E-05
[rows 0 to 24 of 159, columns 0 to 56 of 159]
0.0000E+00 0.0000E+00 0.0000E+00 0.0000E+00 0.0000E+00 0.0000E+00 0.0000E+00 0.0000E+00 0.0000E+00 0.0000E+00 0.0000E+00 0.0000E+00 0.0000E+00 0.0000E+00 0.0000E+00 0.0000E+00 0.0000E+00 0.0000E+00 0.0000E+00 0.0000E+00 0.0000E+00 0.0000E+00 0.0000E+00 0.0000E+00 2.8146E-13 8.1386E-12 2.2504E-11 3.7394E-11 5.5467E-11 7.8636E-11 1.0762E-10 1.4456E-10 1.9181E-10 2.4787E-10 3.1345E-10 3.8990E-10 4.7945E-10 5.8619E-10 7.1204E-10 8.6111E-10 1.0317E-09 1.2265E-09 1.4493E-09 1.6999E-09 1.9802E-09 2.2933E-09 2.6369E-09 3.0107E-09 3.4152E-09 3.8466E-09 4.2997E-09 4.7733E-09 5.2596E-09 5.7519E-09 6.2431E-09 6.7264E-09 7.1920E-09
0.0000E+00 0.0000E+00 0.0000E+00 0.0000E+00 0.0000E+00 0.0000E+00 0.0000E+00 0.0000E+00 0.0000E+00 0.0000E+00 0.0000E+00 0.0000E+00 0.0000E+00 0.0000E+00 0.0000E+00 0.0000E+00 0.0000E+00 0.0000E+00 0.0000E+00 0.0000E+00 0.0000E+00 0.0000E+00 0.0000E+00 0.0000E+00 2.6069E-13 7.7566E-12 2.2282E-11 3.7240E-11 5.5788E-11 7.9259E-11 1.0889E-10 1.4682E-10 1.9359E-10 2.5252E-10 3.2020E-10 3.9937E-10 4.9269E-10 6.0336E-10 7.3541E-10 8.9102E-10 1.0703E-09 1.2751E-09 1.5088E-09 1.7728E-09 2.0717E-09 2.4036E-09 2.7696E-09 3.1708E-09 3.6037E-09 4.0665E-09 4.5560E-09 5.0681E-09 5.5945E-09 6.1306E-09 6.6667E-09 7.1936E-09 7.7040E-09
0.0000E+00 0.0000E+00 0.0000E+00 0.0000E+00 0.0000E+00 0.0000E+00 0.0000E+00 0.0000E+00 0.0000E+00 0.0000E+00 0.0000E+00 0.0000E+00 0.0000E+00 0.0000E+00 0.0000E+00 0.0000E+00 0.0000E+00 0.0000E+00 0.0000E+00 0.0000E+00 0.0000E+00 0.0000E+00 0.0000E+00 0.0000E+00 2.1199E-13 7.0905E-12 2.1500E-11 3.6981E-11 5.5823E-11 7.9635E-11 1.0925E-10 1.4764E-10 1.9526E-10 2.5503E-10 3.2487E-10 4.0707E-10 5.0404E-10 6.1909E-10 7.5631E-10 9.1784E-10 1.1047E-09 1.3189E-09 1.5634E-09 1.8434E-09 2.1579E-09 2.5087E-09 2.8989E-09 3.3250E-09 3.7867E-09 4.2829E-09 4.8096E-09 5.3593E-09 5.9287E-09 6.5079E-09 7.0885E-09 7.6610E-09 8.2162E-09
0.0000E+00 0.0000E+00 0.0000E+00 0.0000E+00 0.0000E+00 0.0000E+00 0.0000E+00 0.0000E+00 0.0000E+00 0.0000E+00 0.0000E+00 0.0000E+00 0.0000E+00 0.0000E+00 0.0000E+00 0.0000E+00 0.0000E+00 0.0000E+00 0.0000E+00 0.0000E+00 0.0000E+00 0.0000E+00 0.0000E+00 0.0000E+00 1.2220E-13 6.0943E-12 2.0459E-11 3.5896E-11 5.4994E-11 7.9102E-11 1.0886E-10 1.4803E-10 1.9586E-10 2.5558E-10 3.2795E-10 4.1173E-10 5.1209E-10 6.3184E-10 7.7301E-10 9.4080E-10 1.1353E-09 1.3577E-09 1.6141E-09 1.9066E-09 2.2363E-09 2.6082E-09 3.0194E-09 3.4713E-09 3.9641E-09 4.4938E-09 5.0564E-09 5.6472E-09 6.2593E-09 6.8837E-09 7.5134E-09 8.1349E-09 8.7388E-09
0.0000E+00 0.0000E+00 0.0000E+00 0.0000E+00 0.0000E+00 0.0000E+00 0.0000E+00 0.0000E+00 0.0000E+00 0.0000E+00 0.0000E+00 0.0000E+00 0.0000E+00 0.0000E+00 0.0000E+00 0.0000E+00 0.0000E+00 0.0000E+00 0.0000E+00 0.0000E+00 0.0000E+00 0.0000E+00 0.0000E+00 0.0000E+00 0.0000E+00 4.7949E-12 1.9066E-11 3.4393E-11 5.3361E-11 7.8253E-11 1.0749E-10 1.4661E-10 1.9523E-10 2.5403E-10 3.2866E-10 4.1498E-10 5.1738E-10 6.4140E-10 7.8724E-10 9.5961E-10 1.1601E-09 1.3912E-09 1.6584E-09 1.9629E-09 2.3103E-09 2.6994E-09 3.1319E-09 3.6111E-09 4.1322E-09 4.6952E-09 5.2952E-09 5.9274E-09 6.5840E-09 7.2576E-09 7.9361E-09 8.6083E-09 9.2617E-09
0.0000E+00 0.0000E+00 0.0000E+00 0.0000E+00 0.0000E+00 0.0000E+00 0.0000E+00 0.0000E+00 0.0000E+00 0.0000E+00 0.0000E+00 0.0000E+00 0.0000E+00 0.0000E+00 0.0000E+00 0.0000E+00 0.0000E+00 0.0000E+00 0.0000E+00 0.0000E+00 0.0000E+00 0.0000E+00 0.0000E+00 0.0000E+00 0.0000E+00 3.9268E-12 1.7234E-11 3.2567E-11 5.1341E-11 7.6367E-11 1.0616E-10 1.4498E-10 1.9386E-10 2.5280E-10 3.2745E-10 4.1484E-10 5.1946E-10 6.4676E-10 7.9721E-10 9.7306E-10 1.1803E-09 1.4193E-09 1.6952E-09 2.0131E-09 2.3743E-09 2.7798E-09 3.2359E-09 3.7392E-09 4.2899E-09 4.8863E-09 5.5243E-09 6.1983E-09 6.9009E-09 7.6223E-09 8.3510E-09 9.0763E-09 9.7840E-09
0.0000E+00 0.0000E+00 0.0000E+00 0.0000E+00 0.0000E+00 0.0000E+00 0.0000E+00 0.0000E+00 0.0000E+00 0.0000E+00 0.0000E+00 0.0000E+00 0.0000E+00 0.0000E+00 0.0000E+00 0.0000E+00 0.0000E+00 0.0000E+00 0.0000E+00 0.0000E+00 0.0000E+00 0.0000E+00 0.0000E+00 0.0000E+00 0.0000E+00 2.1654E-12 1.4955E-11 2.9371E-11 4.8877E-11 7.3717E-11 1.0356E-10 1.4223E-10 1.9026E-10 2.4989E-10 3.2060E-10 4.1282E-10 5.1984E-10 6.4874E-10 8.0285E-10 9.8233E-10 1.1945E-09 1.4404E-09 1.7255E-09 2.0547E-09 2.4281E-09 2.8535E-09 3.3291E-09 3.8559E-09 4.4359E-09 5.0646E-09 5.7406E-09 6.4565E-09 7.2048E-09 7.9759E-09 8.7588E-09 9.5386E-09 1.0301E-08
0.0000E+00 0.0000E+00 0.0000E+00 0.0000E+00 0.0000E+00 0.0000E+00 0.0000E+00 0.0000E+00 0.0000E+00 0.0000E+00 0.0000E+00 0.0000E+00 0.0000E+00 0.0000E+00 0.0000E+00 0.0000E+00 0.0000E+00 0.0000E+00 0.0000E+00 0.0000E+00 0.0000E+00 0.0000E+00 0.0000E+00 0.0000E+00 0.0000E+00 1.7461E-12 1.3205E-11 2.6788E-11 4.6056E-11 7.0412E-11 1.0007E-10 1.3828E-10 1.8638E-10 2.4550E-10 3.1618E-10 4.0808E-10 5.1505E-10 6.4642E-10 8.0238E-10 9.8633E-10 1.2017E-09 1.4537E-09 1.7473E-09 2.0845E-09 2.4726E-09 2.9132E-09 3.4067E-09 3.9587E-09 4.5658E-09 5.2279E-09 5.9407E-09 6.6985E-09 7.4938E-09 8.3172E-09 9.1543E-09 9.9899E-09 1.0810E-08
0.0000E+00 0.0000E+00 0.0000E+00 0.0000E+00 0.0000E+00 0.0000E+00 0.0000E+00 0.0000E+00 0.0000E+00 0.0000E+00 0.0000E+00 0.0000E+00 0.0000E+00 0.0000E+00 0.0000E+00 0.0000E+00 0.0000E+00 0.0000E+00 0.0000E+00 0.0000E+00 0.0000E+00 0.0000E+00 0.0000E+00 0.0000E+00 0.0000E+00 1.2618E-12 1.0248E-11 2.3607E-11 4.1684E-11 6.5958E-11 9.6029E-11 1.3347E-10 1.8030E-10 2.3906E-10 3.1010E-10 3.9446E-10 5.0814E-10 6.4031E-10 7.9730E-10 9.8428E-10 1.2023E-09 1.4603E-09 1.7598E-09 2.1062E-09 2.5066E-09 2.9594E-09 3.4734E-09 4.0465E-09 4.6801E-09 5.3741E-09 6.1228E-09 6.9232E-09 7.7652E-09 8.6388E-09 9.5296E-09 1.0423E-08 1.1302E-08
0.0000E+00 0.0000E+00 0.0000E+00 0.0000E+00 0.0000E+00 0.0000E+00 0.0000E+00 0.0000E+00 0.0000E+00 0.0000E+00 0.0000E+00 0.0000E+00 0.0000E+00 0.0000E+00 0.0000E+00 0.0000E+00 0.0000E+00 0.0000E+00 0.0000E+00 0.0000E+00 0.0000E+00 0.0000E+00 0.0000E+00 0.0000E+00 0.0000E+00 0.0000E+00 6.6605E-12 2.0875E-11 3.8353E-11 6.0745E-11 9.1041E-11 1.2637E-10 1.7358E-10 2.3122E-10 3.0114E-10 3.8566E-10 4.9723E-10 6.2821E-10 7.8621E-10 9.7386E-10 1.1957E-09 1.4564E-09 1.7606E-09 2.1160E-09 2.5238E-09 2.9917E-09 3.5214E-09 4.1142E-09 4.7745E-09 5.4980E-09 6.2836E-09 7.1247E-09 8.0130E-09 8.9381E-09 9.8867E-09 1.0840E-08 1.1778E-08
0.0000E+00 0.0000E+00 0.0000E+00 0.0000E+00 0.0000E+00 0.0000E+00 0.0000E+00 0.0000E+00 0.0000E+00 0.0000E+00 0.0000E+00 0.0000E+00 0.0000E+00 0.0000E+00 0.0000E+00 0.0000E+00 0.0000E+00 0.0000E+00 0.0000E+00 0.0000E+00 0.0000E+00 0.0000E+00 0.0000E+00 0.0000E+00 0.0000E+00 0.0000E+00 3.0882E-12 1.6462E-11 3.2817E-11 5.4897E-11 8.4837E-11 1.1957E-10 1.6593E-10 2.2147E-10 2.9051E-10 3.7457E-10 4.7457E-10 6.1236E-10 7.6980E-10 9.5784E-10 1.1821E-09 1.4438E-09 1.7530E-09 2.1136E-09 2.5300E-09 3.0098E-09 3.5522E-09 4.1665E-09 4.8494E-09 5.6017E-09 6.4220E-09 7.3022E-09 8.2364E-09 9.2128E-09 1.0215E-08 1.1225E-08 1.2225E-08
0.0000E+00 0.0000E+00 0.0000E+00 0.0000E+00 0.0000E+00 0.0000E+00 0.0000E+00 0.0000E+00 0.0000E+00 0.0000E+00 0.0000E+00 0.0000E+00 0.0000E+00 0.0000E+00 0.0000E+00 0.0000E+00 0.0000E+00 0.0000E+00 0.0000E+00 0.0000E+00 0.0000E+00 0.0000E+00 0.0000E+00 0.0000E+00 0.0000E+00 0.0000E+00 9.7471E-13 1.1336E-11 2.7776E-11 4.9347E-11 7.7630E-11 1.1224E-10 1.5493E-10 2.1112E-10 2.7800E-10 3.6051E-10 4.5813E-10 5.9084E-10 7.4665E-10 9.3392E-10 1.1580E-09 1.4214E-09 1.7329E-09 2.0965E-09 2.5204E-09 3.0064E-09 3.5641E-09 4.1944E-09 4.8980E-09 5.6788E-09 6.5308E-09 7.4510E-09 8.4296E-09 9.4557E-09 1.0513E-08 1.1584E-08 1.2647E-08
0.0000E+00 0.0000E+00 0.0000E+00 0.0000E+00 0.0000E+00 0.0000E+00 0.0000E+00 0.0000E+00 0.0000E+00 0.0000E+00 0.0000E+00 0.0000E+00 0.0000E+00 0.0000E+00 0.0000E+00 0.0000E+00 0.0000E+00 0.0000E+00 0.0000E+00 0.0000E+00 0.0000E+00 0.0000E+00 0.0000E+00 0.0000E+00 0.0000E+00 0.0000E+00 3.6468E-13 6.0457E-12 2.2558E-11 4.0944E-11 6.7751E-11 1.0242E-10 1.4507E-10 1.9888E-10 2.6304E-10 3.4417E-10 4.3947E-10 5.5875E-10 7.1917E-10 9.0482E-10 1.1275E-09 1.3921E-09 1.7023E-09 2.0692E-09 2.4958E-09 2.9900E-09 3.5586E-09 4.2013E-09 4.9268E-09 5.7309E-09 6.6141E-09 7.5708E-09 8.5921E-09 9.6662E-09 1.0777E-08 1.1905E-08 1.3027E-08
0.0000E+00 0.0000E+00 0.0000E+00 0.0000E+00 0.0000E+00 0.0000E+00 0.0000E+00 0.0000E+00 0.0000E+00 0.0000E+00 0.0000E+00 0.0000E+00 0.0000E+00 0.0000E+00 0.0000E+00 0.0000E+00 0.0000E+00 0.0000E+00 0.0000E+00 0.0000E+00 0.0000E+00 0.0000E+00 0.0000E+00 0.0000E+00 0.0000E+00 0.0000E+00 0.0000E+00 1.5066E-12 1.6212E-11 3.4773E-11 5.8526E-11 9.1038E-11 1.3292E-10 1.8416E-10 2.4829E-10 3.2591E-10 4.1878E-10 5.3191E-10 6.8453E-10 8.6838E-10 1.0878E-09 1.3514E-09 1.6607E-09 2.0274E-09 2.4544E-09 2.9544E-09 3.5275E-09 4.1841E-09 4.9251E-09 5.7515E-09 6.6642E-09 7.6548E-09 8.7174E-09 9.8390E-09 1.1004E-08 1.2191E-08 1.3377E-08
0.0000E+00 0.0000E+00 0.0000E+00 0.0000E+00 0.0000E+00 0.0000E+00 0.0000E+00 0.0000E+00 0.0000E+00 0.0000E+00 0.0000E+00 0.0000E+00 0.0000E+00 0.0000E+00 0.0000E+00 0.0000E+00 0.0000E+00 0.0000E+00 0.0000E+00 0.0000E+00 0.0000E+00 0.0000E+00 0.0000E+00 0.0000E+00 0.0000E+00 0.0000E+00 0.0000E+00 7.5547E-13 1.0001E-11 2.8898E-11 4.9372E-11 8.0201E-11 1.1898E-10 1.6898E-10 2.3123E-10 3.0589E-10 3.9377E-10 5.0369E-10 6.4164E-10 8.2627E-10 1.0432E-09 1.3035E-09 1.6119E-09 1.9743E-09 2.4023E-09 2.9028E-09 3.4814E-09 4.1474E-09 4.9004E-09 5.7478E-09 6.6839E-09 7.7068E-09 8.8074E-09 9.9740E-09 1.1189E-08 1.2433E-08 1.3679E-08
0.0000E+00 0.0000E+00 0.0000E+00 0.0000E+00 0.0000E+00 0.0000E+00 0.0000E+00 0.0000E+00 0.0000E+00 0.0000E+00 0.0000E+00 0.0000E+00 0.0000E+00 0.0000E+00 0.0000E+00 0.0000E+00 0.0000E+00 0.0000E+00 0.0000E+00 0.0000E+00 0.0000E+00 0.0000E+00 0.0000E+00 0.0000E+00 0.0000E+00 0.0000E+00 0.0000E+00 2.9259E-13 2.2014E-12 2.1724E-11 4.2011E-11 6.7635E-11 1.0484E-10 1.5195E-10 2.0944E-10 2.8458E-10 3.6851E-10 4.7439E-10 6.0409E-10 7.7876E-10 9.8966E-10 1.2456E-09 1.5504E-09 1.9092E-09 2.3344E-09 2.8310E-09 3.4129E-09 4.0812E-09 4.8466E-09 5.7082E-09 6.6661E-09 7.7184E-09 8.8550E-09 1.0065E-08 1.1331E-08 1.2632E-08 1.3941E-08
0.0000E+00 0.0000E+00 0.0000E+00 0.0000E+00 0.0000E+00 0.0000E+00 0.0000E+00 0.0000E+00 0.0000E+00 0.0000E+00 0.0000E+00 0.0000E+00 0.0000E+00 0.0000E+00 0.0000E+00 0.0000E+00 0.0000E+00 0.0000E+00 0.0000E+00 0.0000E+00 0.0000E+00 0.0000E+00 0.0000E+00 0.0000E+00 0.0000E+00 0.0000E+00 0.0000E+00 0.0000E+00 1.2958E-12 1.3936E-11 3.5356E-11 5.7778E-11 9.0846E-11 1.3449E-10 1.8921E-10 2.6119E-10 3.4157E-10 4.3859E-10 5.6623E-10 7.2270E-10 9.3232E-10 1.1816E-09 1.4817E-09 1.8365E-09 2.2536E-09 2.7480E-09 3.3272E-09 3.9993E-09 4.7712E-09 5.6431E-09 6.6203E-09 7.6962E-09 8.8657E-09 1.0115E-08 1.1429E-08 1.2783E-08 1.4153E-08
0.0000E+00 0.0000E+00 0.0000E+00 0.0000E+00 0.0000E+00 0.0000E+00 0.0000E+00 0.0000E+00 0.0000E+00 0.0000E+00 0.0000E+00 0.0000E+00 0.0000E+00 0.0000E+00 0.0000E+00 0.0000E+00 0.0000E+00 0.0000E+00 0.0000E+00 0.0000E+00 0.0000E+00 0.0000E+00 0.0000E+00 0.0000E+00 0.0000E+00 0.0000E+00 0.0000E+00 0.0000E+00 5.9313E-13 3.1767E-12 2.7202E-11 4.9360E-11 7.7600E-11 1.1787E-10 1.7078E-10 2.3340E-10 3.1364E-10 4.0498E-10 5.2626E-10 6.7238E-10 8.6984E-10 1.1096E-09 1.4023E-09 1.7505E-09 2.1601E-09 2.6471E-09 3.2196E-09 3.8914E-09 4.6626E-09 5.5439E-09 6.5339E-09 7.6313E-09 8.8317E-09 1.0120E-08 1.1481E-08 1.2890E-08 1.4318E-08
0.0000E+00 0.0000E+00 0.0000E+00 0.0000E+00 0.0000E+00 0.0000E+00 0.0000E+00 0.0000E+00 0.0000E+00 0.0000E+00 0.0000E+00 0.0000E+00 0.0000E+00 0.0000E+00 0.0000E+00 0.0000E+00 0.0000E+00 0.0000E+00 0.0000E+00 0.0000E+00 0.0000E+00 0.0000E+00 0.0000E+00 0.0000E+00 0.0000E+00 0.0000E+00 0.0000E+00 0.0000E+00 0.0000E+00 1.8206E-12 1.6559E-11 4.1517E-11 6.5950E-11 1.0221E-10 1.5001E-10 2.0852E-10 2.8323E-10 3.7069E-10 4.7672E-10 6.2132E-10 7.9819E-10 1.0335E-09 1.3159E-09 1.6572E-09 2.0588E-09 2.5350E-09 3.1025E-09 3.7671E-09 4.5393E-09 5.4241E-09 6.4232E-09 7.5388E-09 8.7631E-09 1.0086E-08 1.1487E-08 1.2948E-08 1.4435E-08
0.0000E+00 0.0000E+00 0.0000E+00 0.0000E+00 0.0000E+00 0.0000E+00 0.0000E+00 0.0000E+00 0.0000E+00 0.0000E+00 0.0000E+00 0.0000E+00 0.0000E+00 0.0000E+00 0.0000E+00 0.0000E+00 0.0000E+00 0.0000E+00 0.0000E+00 0.0000E+00 0.0000E+00 0.0000E+00 0.0000E+00 0.0000E+00 0.0000E+00 0.0000E+00 0.0000E+00 0.0000E+00 0.0000E+00 8.5485E-13 3.7812E-12 3.2172E-11 5.5816E-11 8.6658E-11 1.3036E-10 1.8495E-10 2.4928E-10 3.3607E-10 4.3565E-10 5.7029E-10 7.3389E-10 9.5292E-10 1.2225E-09 1.5529E-09 1.9458E-09 2.4108E-09 2.9668E-09 3.6211E-09 4.3884E-09 5.2700E-09 6.2748E-09 7.4040E-09 8.6503E-09 1.0004E-08 1.1448E-08 1.2958E-08 1.4504E-08
0.0000E+00 0.0000E+00 0.0000E+00 0.0000E+00 0.0000E+00 0.0000E+00 0.0000E+00 0.0000E+00 0.0000E+00 0.0000E+00 0.0000E+00 0.0000E+00 0.0000E+00 0.0000E+00 0.0000E+00 0.0000E+00 0.0000E+00 0.0000E+00 0.0000E+00 0.0000E+00 0.0000E+00 0.0000E+00 0.0000E+00 0.0000E+00 0.0000E+00 0.0000E+00 0.0000E+00 0.0000E+00 0.0000E+00 0.0000E+00 2.1585E-12 1.6255E-11 4.6775E-11 7.3218E-11 1.1218E-10 1.6386E-10 2.1911E-10 2.9860E-10 3.9472E-10 5.0594E-10 6.7159E-10 8.6496E-10 1.1266E-09 1.4400E-09 1.8254E-09 2.2786E-09 2.8183E-09 3.4631E-09 4.2193E-09 5.0977E-09 6.1040E-09 7.2401E-09 8.5034E-09 9.8832E-09 1.1365E-08 1.2921E-08 1.4522E-08
0.0000E+00 0.0000E+00 0.0000E+00 0.0000E+00 0.0000E+00 0.0000E+00 0.0000E+00 0.0000E+00 0.0000E+00 0.0000E+00 0.0000E+00 0.0000E+00 0.0000E+00 0.0000E+00 0.0000E+00 0.0000E+00 0.0000E+00 0.0000E+00 0.0000E+00 0.0000E+00 0.0000E+00 0.0000E+00 0.0000E+00 0.0000E+00 0.0000E+00 0.0000E+00 0.0000E+00 0.0000E+00 0.0000E+00 0.0000E+00 9.0377E-13 4.4224E-12 3.5386E-11 6.1818E-11 9.4645E-11 1.4074E-10 1.9144E-10 2.5931E-10 3.5332E-10 4.5812E-10 6.0126E-10 7.8587E-10 1.0294E-09 1.3247E-09 1.6930E-09 2.1347E-09 2.6581E-09 3.2857E-09 4.0263E-09 4.8956E-09 5.8966E-09 7.0381E-09 8.3131E-09 9.7155E-09 1.1227E-08 1.2829E-08 1.4487E-08
0.0000E+00 0.0000E+00 0.0000E+00 0.0000E+00 0.0000E+00 0.0000E+00 0.0000E+00 0.0000E+00 0.0000E+00 0.0000E+00 0.0000E+00 0.0000E+00 0.0000E+00 0.0000E+00 0.0000E+00 0.0000E+00 0.0000E+00 0.0000E+00 0.0000E+00 0.0000E+00 0.0000E+00 0.0000E+00 0.0000E+00 0.0000E+00 0.0000E+00 0.0000E+00 0.0000E+00 0.0000E+00 0.0000E+00 0.0000E+00 0.0000E+00 2.3333E-12 1.3399E-11 5.1155E-11 7.8563E-11 1.2012E-10 1.6598E-10 2.2304E-10 3.0961E-10 4.1031E-10 5.2493E-10 7.1138E-10 9.2410E-10 1.2063E-09 1.5542E-09 1.9824E-09 2.4908E-09 3.0964E-09 3.8223E-09 4.6746E-09 5.6675E-09 6.8047E-09 8.0853E-09 9.5048E-09 1.1050E-08 1.2693E-08 1.4402E-08
0.0000E+00 0.0000E+00 0.0000E+00 0.0000E+00 0.0000E+00 0.0000E+00 0.0000E+00 0.0000E+00 0.0000E+00 0.0000E+00 0.0000E+00 0.0000E+00 0.0000E+00 0.0000E+00 0.0000E+00 0.0000E+00 0.0000E+00 0.0000E+00 0.0000E+00 0.0000E+00 0.0000E+00 0.0000E+00 0.0000E+00 0.0000E+00 0.0000E+00 0.0000E+00 0.0000E+00 0.0000E+00 0.0000E+00 0.0000E+00 0.0000E+00 7.3643E-13 4.7825E-12 3.4583E-11 6.6342E-11 9.9997E-11 1.4118E-10 1.9256E-10 2.6259E-10 3.6301E-10 4.6926E-10 6.1758E-10 8.2891E-10 1.0901E-09 1.4142E-09 1.8205E-09 2.3099E-09 2.8936E-09 3.5957E-09 4.4280E-09 5.4076E-09 6.5354E-09 7.8171E-09 9.2486E-09 1.0815E-08 1.2494E-08 1.4257E-08
0.0000E+00 0.0000E+00 0.0000E+00 0.0000E+00 0.0000E+00 0.0000E+00 0.0000E+00 0.0000E+00 0.0000E+00 0.0000E+00 0.0000E+00 0.0000E+00 0.0000E+00 0.0000E+00 0.0000E+00 0.0000E+00 0.0000E+00 0.0000E+00 0.0000E+00 0.0000E+00 0.0000E+00 0.0000E+00 0.0000E+00 0.0000E+00 0.0000E+00 0.0000E+00 0.0000E+00 0.0000E+00 0.0000E+00 0.0000E+00 0.0000E+00 0.0000E+00 2.4336E-12 1.0498E-11 5.1357E-11 8.2705E-11 1.1862E-10 1.6349E-10 2.1995E-10 3.1365E-10 4.1565E-10 5.3166E-10 7.3524E-10 9.6687E-10 1.2757E-09 1.6549E-09 2.1240E-09 2.6868E-09 3.3591E-09 4.1711E-09 5.1261E-09 6.2370E-09 7.5129E-09 8.9497E-09 1.0533E-08 1.2246E-08 1.4057E-08
