Assets/Resources/2015_m01_d26_1300(utc+0800)_l00_csi_1hr_conc.grd
DSAA
         159         159
     -79.000      79.000
     -79.000      79.000
  0.0000E+00  0.2164E-05
[rows 125 to 149 of 159, columns 57 to 113 of 159]
1.1947E-10 1.1841E-10 1.1770E-10 1.1693E-10 1.1572E-10 1.1482E-10 1.1387E-10 1.1245E-10 1.1100E-10 1.0989E-10 1.0873E-10 1.0710E-10 1.0546E-10 1.0417E-10 1.0260E-10 1.0123E-10 9.9018E-11 9.7353E-11 9.5899E-11 9.4414E-11 9.2266E-11 9.0742E-11 8.9192E-11 8.7223E-11 8.5402E-11 8.3811E-11 8.1581E-11 7.9737E-11 7.8132E-11 7.6045E-11 7.4439E-11 7.2600E-11 7.0740E-11 6.9139E-11 6.7105E-11 6.5269E-11 6.3254E-11 6.1704E-11 5.9563E-11 5.7613E-11 5.5313E-11 5.3419E-11 5.1380E-11 4.9142E-11 4.7173E-11 4.5453E-11 4.3795E-11 4.1733E-11 3.9928E-11 3.7941E-11 3.6323E-11 3.4213E-11 3.2905E-11 3.0866E-11 2.9740E-11 2.8546E-11 2.7115E-11
1.1143E-10 1.1043E-10 1.0978E-10 1.0868E-10 1.0792E-10 1.0710E-10 1.0622E-10 1.0487E-10 1.0350E-10 1.0248E-10 1.0117E-10 9.9633E-11 9.8088E-11 9.6902E-11 9.5436E-11 9.4177E-11 9.2484E-11 9.0919E-11 8.9572E-11 8.8195E-11 8.6394E-11 8.4732E-11 8.3295E-11 8.1613E-11 7.9504E-11 7.8035E-11 7.6327E-11 7.4589E-11 7.3096E-11 7.1369E-11 6.9616E-11 6.8117E-11 6.6181E-11 6.4441E-11 6.2514E-11 6.1050E-11 5.8986E-11 5.7110E-11 5.5079E-11 5.3047E-11 5.1065E-11 4.9547E-11 4.7605E-11 4.5514E-11 4.3876E-11 4.1648E-11 4.0082E-11 3.8130E-11 3.6426E-11 3.4449E-11 3.3264E-11 3.1141E-11 3.0034E-11 2.8855E-11 2.7447E-11 2.6322E-11 2.5096E-11
1.0343E-10 1.0289E-10 1.0229E-10 1.0126E-10 1.0055E-10 9.9795E-11 9.8327E-11 9.7478E-11 9.6189E-11 9.5250E-11 9.4024E-11 9.3000E-11 9.1935E-11 9.0440E-11 8.9062E-11 8.7896E-11 8.6696E-11 8.5071E-11 8.3576E-11 8.2301E-11 8.0596E-11 7.8813E-11 7.7490E-11 7.6146E-11 7.4310E-11 7.2946E-11 7.1568E-11 6.9699E-11 6.8312E-11 6.6685E-11 6.4825E-11 6.3441E-11 6.1606E-11 6.0231E-11 5.8247E-11 5.6451E-11 5.4492E-11 5.2529E-11 5.1248E-11 4.9155E-11 4.7270E-11 4.5435E-11 4.3639E-11 4.1661E-11 3.9925E-11 3.8659E-11 3.6772E-11 3.5046E-11 3.3227E-11 3.2002E-11 3.0253E-11 2.8834E-11 2.7810E-11 2.6490E-11 2.5280E-11 2.4355E-11 2.3023E-11
9.6269E-11 9.5538E-11 9.4603E-11 9.4012E-11 9.3370E-11 9.2678E-11 9.1697E-11 9.0914E-11 8.9691E-11 8.8824E-11 8.7671E-11 8.6725E-11 8.5339E-11 8.4325E-11 8.3029E-11 8.1951E-11 8.0841E-11 7.9303E-11 7.7674E-11 7.6501E-11 7.5304E-11 7.3606E-11 7.2378E-11 7.1131E-11 6.9639E-11 6.8117E-11 6.6838E-11 6.5318E-11 6.3563E-11 6.2276E-11 6.0537E-11 5.9251E-11 5.7353E-11 5.5640E-11 5.3757E-11 5.2087E-11 5.0659E-11 4.8629E-11 4.6805E-11 4.5025E-11 4.3282E-11 4.1999E-11 4.0094E-11 3.8440E-11 3.6586E-11 3.5099E-11 3.3316E-11 3.1909E-11 3.0179E-11 2.9099E-11 2.7788E-11 2.6619E-11 2.5474E-11 2.4363E-11 2.3258E-11 2.2235E-11 2.1291E-11
8.9467E-11 8.8621E-11 8.8127E-11 8.7584E-11 8.6994E-11 8.6357E-11 8.5433E-11 8.4309E-11 8.3550E-11 8.2751E-11 8.1665E-11 8.0792E-11 7.9478E-11 7.8542E-11 7.7322E-11 7.6104E-11 7.5085E-11 7.4037E-11 7.2485E-11 7.1398E-11 7.0288E-11 6.9157E-11 6.7532E-11 6.6376E-11 6.5204E-11 6.3537E-11 6.2145E-11 6.0955E-11 5.9314E-11 5.8120E-11 5.6074E-11 5.4683E-11 5.3509E-11 5.1290E-11 4.9935E-11 4.7972E-11 4.6215E-11 4.4494E-11 4.3032E-11 4.1582E-11 3.9723E-11 3.8317E-11 3.6514E-11 3.4853E-11 3.3762E-11 3.2039E-11 3.0698E-11 2.8976E-11 2.7900E-11 2.6768E-11 2.5381E-11 2.4440E-11 2.3311E-11 2.2257E-11 2.1437E-11 2.0326E-11 1.9403E-11
8.2875E-11 8.2469E-11 8.2016E-11 8.1518E-11 8.0975E-11 8.0142E-11 7.9518E-11 7.8449E-11 7.7751E-11 7.7014E-11 7.5992E-11 7.5187E-11 7.4127E-11 7.3262E-11 7.2112E-11 7.0964E-11 7.0021E-11 6.9051E-11 6.7802E-11 6.6565E-11 6.5538E-11 6.4490E-11 6.2941E-11 6.1661E-11 6.0582E-11 5.9258E-11 5.7948E-11 5.6846E-11 5.4894E-11 5.3589E-11 5.1870E-11 5.0141E-11 4.9081E-11 4.7190E-11 4.5502E-11 4.4487E-11 4.2445E-11 4.1053E-11 3.9245E-11 3.7891E-11 3.6132E-11 3.4742E-11 3.3466E-11 3.1776E-11 3.0628E-11 2.8992E-11 2.7646E-11 2.6641E-11 2.5549E-11 2.4269E-11 2.3434E-11 2.2345E-11 2.1299E-11 2.0510E-11 1.9488E-11 1.8587E-11 1.7810E-11
7.7041E-11 7.6669E-11 7.6254E-11 7.5797E-11 7.5299E-11 7.4512E-11 7.3938E-11 7.3326E-11 7.2455E-11 7.1775E-11 7.0810E-11 7.0067E-11 6.9068E-11 6.8269E-11 6.7184E-11 6.6333E-11 6.5231E-11 6.4335E-11 6.3157E-11 6.1992E-11 6.1042E-11 5.9865E-11 5.8652E-11 5.7663E-11 5.6449E-11 5.5202E-11 5.3366E-11 5.2365E-11 5.0493E-11 4.9088E-11 4.8104E-11 4.6047E-11 4.4674E-11 4.3725E-11 4.1747E-11 4.0417E-11 3.8665E-11 3.7364E-11 3.6309E-11 3.4520E-11 3.3081E-11 3.1380E-11 3.0322E-11 2.8631E-11 2.7319E-11 2.6349E-11 2.5374E-11 2.4243E-11 2.3228E-11 2.2214E-11 2.1276E-11 2.0479E-11 1.9411E-11 1.8635E-11 1.7915E-11 1.7059E-11 1.6317E-11
7.1944E-11 7.1601E-11 7.1217E-11 7.0795E-11 6.9857E-11 6.9366E-11 6.8839E-11 6.8276E-11 6.7453E-11 6.6827E-11 6.5915E-11 6.5230E-11 6.4288E-11 6.3550E-11 6.2527E-11 6.1741E-11 6.0703E-11 5.9875E-11 5.8816E-11 5.7718E-11 5.6841E-11 5.5734E-11 5.4828E-11 5.3061E-11 5.1937E-11 5.1021E-11 4.9039E-11 4.7918E-11 4.7011E-11 4.4834E-11 4.3736E-11 4.2215E-11 4.0722E-11 3.9678E-11 3.7986E-11 3.6541E-11 3.5742E-11 3.4002E-11 3.2562E-11 3.1166E-11 2.9849E-11 2.8828E-11 2.7134E-11 2.6075E-11 2.5008E-11 2.3997E-11 2.2963E-11 2.1975E-11 2.1114E-11 2.0331E-11 1.9338E-11 1.8542E-11 1.7831E-11 1.6955E-11 1.6268E-11 1.5655E-11 1.4809E-11
6.6917E-11 6.6603E-11 6.6252E-11 6.5379E-11 6.4963E-11 6.4512E-11 6.4027E-11 6.3510E-11 6.2732E-11 6.1896E-11 6.1294E-11 6.0664E-11 5.9774E-11 5.9094E-11 5.8390E-11 5.7450E-11 5.6471E-11 5.5708E-11 5.4710E-11 5.3913E-11 5.2867E-11 5.1218E-11 5.0400E-11 4.9331E-11 4.7462E-11 4.6642E-11 4.4937E-11 4.3500E-11 4.2695E-11 4.1246E-11 3.9623E-11 3.8843E-11 3.7214E-11 3.5829E-11 3.5084E-11 3.3142E-11 3.2010E-11 3.0537E-11 2.9267E-11 2.8363E-11 2.6718E-11 2.5610E-11 2.4799E-11 2.3640E-11 2.2637E-11 2.1859E-11 2.0848E-11 2.0041E-11 1.9338E-11 1.8388E-11 1.7610E-11 1.6943E-11 1.6332E-11 1.5623E-11 1.4840E-11 1.4275E-11 1.3512E-11
6.2179E-11 6.1893E-11 6.1312E-11 6.0731E-11 6.0349E-11 5.9936E-11 5.9491E-11 5.9015E-11 5.8280E-11 5.7750E-11 5.7192E-11 5.6608E-11 5.5554E-11 5.4929E-11 5.4280E-11 5.3395E-11 5.2472E-11 5.1769E-11 5.0436E-11 4.9500E-11 4.8530E-11 4.6964E-11 4.6012E-11 4.5027E-11 4.3246E-11 4.2296E-11 4.1559E-11 3.9775E-11 3.8636E-11 3.7917E-11 3.6149E-11 3.4984E-11 3.3641E-11 3.2157E-11 3.1221E-11 2.9659E-11 2.8483E-11 2.7753E-11 2.6114E-11 2.5084E-11 2.4385E-11 2.3137E-11 2.2218E-11 2.1650E-11 2.0477E-11 1.9750E-11 1.9112E-11 1.8186E-11 1.7537E-11 1.6788E-11 1.6197E-11 1.5509E-11 1.4742E-11 1.4195E-11 1.3599E-11 1.2818E-11 1.2393E-11
5.7719E-11 5.7458E-11 5.7165E-11 5.6610E-11 5.6258E-11 5.5877E-11 5.5466E-11 5.5026E-11 5.4115E-11 5.3629E-11 5.3118E-11 5.2581E-11 5.1571E-11 5.0997E-11 5.0401E-11 4.8954E-11 4.8097E-11 4.7467E-11 4.5992E-11 4.5131E-11 4.4237E-11 4.2735E-11 4.1663E-11 4.1006E-11 3.9699E-11 3.8213E-11 3.7565E-11 3.6216E-11 3.4738E-11 3.3999E-11 3.2359E-11 3.1068E-11 3.0424E-11 2.8717E-11 2.7690E-11 2.7082E-11 2.5300E-11 2.4486E-11 2.3752E-11 2.2666E-11 2.1821E-11 2.1057E-11 2.0057E-11 1.9448E-11 1.8800E-11 1.7850E-11 1.7315E-11 1.6682E-11 1.5970E-11 1.5303E-11 1.4657E-11 1.4076E-11 1.3446E-11 1.2784E-11 1.2322E-11 1.1673E-11 1.0953E-11
5.3765E-11 5.3525E-11 5.3021E-11 5.2726E-11 5.2190E-11 5.1842E-11 5.1466E-11 5.0826E-11 5.0188E-11 4.9744E-11 4.9275E-11 4.8160E-11 4.7205E-11 4.6692E-11 4.6159E-11 4.4781E-11 4.3771E-11 4.3211E-11 4.1795E-11 4.0805E-11 4.0230E-11 3.9641E-11 3.7496E-11 3.6885E-11 3.6263E-11 3.4572E-11 3.3580E-11 3.2959E-11 3.1105E-11 3.0058E-11 2.9465E-11 2.7708E-11 2.6989E-11 2.5645E-11 2.4532E-11 2.3703E-11 2.2858E-11 2.1934E-11 2.1247E-11 2.0594E-11 1.9677E-11 1.9009E-11 1.8429E-11 1.7508E-11 1.6998E-11 1.6390E-11 1.5702E-11 1.5108E-11 1.4532E-11 1.3870E-11 1.3354E-11 1.2755E-11 1.2219E-11 1.1531E-11 1.0928E-11 1.0418E-11 9.8118E-12
4.9832E-11 4.9378E-11 4.9136E-11 4.8867E-11 4.8359E-11 4.8042E-11 4.7700E-11 4.7093E-11 4.5874E-11 4.5480E-11 4.5064E-11 4.4421E-11 4.2889E-11 4.2400E-11 4.1930E-11 4.0401E-11 3.9614E-11 3.9085E-11 3.8577E-11 3.6546E-11 3.6009E-11 3.5497E-11 3.3833E-11 3.2831E-11 3.2276E-11 3.0756E-11 2.9629E-11 2.9092E-11 2.7468E-11 2.6538E-11 2.6023E-11 2.4529E-11 2.3671E-11 2.3014E-11 2.2161E-11 2.1215E-11 2.0703E-11 1.9880E-11 1.9163E-11 1.8566E-11 1.7965E-11 1.7124E-11 1.6537E-11 1.5966E-11 1.5396E-11 1.4876E-11 1.4270E-11 1.3629E-11 1.3184E-11 1.2551E-11 1.2031E-11 1.1462E-11 1.0823E-11 1.0423E-11 9.8246E-12 9.2044E-12 8.7372E-12
4.5747E-11 4.5553E-11 4.5335E-11 4.4288E-11 4.4033E-11 4.3755E-11 4.3367E-11 4.2561E-11 4.1383E-11 4.1040E-11 4.0676E-11 4.0244E-11 3.8592E-11 3.8198E-11 3.7750E-11 3.6218E-11 3.5341E-11 3.4916E-11 3.4378E-11 3.2671E-11 3.1976E-11 3.1486E-11 3.0037E-11 2.8881E-11 2.8402E-11 2.7817E-11 2.6059E-11 2.5643E-11 2.4996E-11 2.3240E-11 2.2703E-11 2.2107E-11 2.1285E-11 2.0509E-11 1.9924E-11 1.9017E-11 1.8501E-11 1.7979E-11 1.7206E-11 1.6650E-11 1.6091E-11 1.5598E-11 1.5104E-11 1.4505E-11 1.3873E-11 1.3355E-11 1.2981E-11 1.2367E-11 1.1814E-11 1.1314E-11 1.0726E-11 1.0246E-11 9.7200E-12 9.1123E-12 8.5976E-12 8.0602E-12 7.4594E-12
4.1435E-11 4.1270E-11 4.1031E-11 3.9771E-11 3.9554E-11 3.9315E-11 3.9056E-11 3.8368E-11 3.7227E-11 3.6881E-11 3.6517E-11 3.6147E-11 3.4335E-11 3.3999E-11 3.3597E-11 3.3193E-11 3.1339E-11 3.0927E-11 3.0405E-11 2.8949E-11 2.8102E-11 2.7643E-11 2.7126E-11 2.5418E-11 2.5004E-11 2.4483E-11 2.2974E-11 2.2272E-11 2.1832E-11 2.0893E-11 2.0193E-11 1.9748E-11 1.9251E-11 1.8433E-11 1.7898E-11 1.7356E-11 1.6668E-11 1.6142E-11 1.5662E-11 1.5044E-11 1.4675E-11 1.4152E-11 1.3545E-11 1.3100E-11 1.2548E-11 1.1958E-11 1.1568E-11 1.1137E-11 1.0565E-11 1.0050E-11 9.5903E-12 8.9963E-12 8.4877E-12 7.9973E-12 7.3781E-12 6.8415E-12 6.0791E-12
3.7375E-11 3.7235E-11 3.6666E-11 3.5639E-11 3.5405E-11 3.5204E-11 3.4983E-11 3.4083E-11 3.2979E-11 3.2730E-11 3.2464E-11 3.1980E-11 3.0305E-11 2.9984E-11 2.9589E-11 2.9280E-11 2.7364E-11 2.7062E-11 2.6650E-11 2.5400E-11 2.4628E-11 2.4227E-11 2.3807E-11 2.2086E-11 2.1689E-11 2.1331E-11 2.0648E-11 1.9869E-11 1.9366E-11 1.8905E-11 1.8120E-11 1.7618E-11 1.7160E-11 1.6499E-11 1.6002E-11 1.5497E-11 1.5055E-11 1.4559E-11 1.4059E-11 1.3624E-11 1.3097E-11 1.2711E-11 1.2234E-11 1.1666E-11 1.1346E-11 1.0779E-11 1.0129E-11 9.8284E-12 9.3780E-12 8.7989E-12 8.3627E-12 7.8258E-12 7.2185E-12 6.8044E-12 6.0845E-12 5.6025E-12 5.1643E-12
3.3159E-11 3.2831E-11 3.1627E-11 3.1495E-11 3.1346E-11 3.1180E-11 3.0795E-11 2.9305E-11 2.9075E-11 2.8769E-11 2.8498E-11 2.7801E-11 2.6472E-11 2.6238E-11 2.5843E-11 2.5486E-11 2.3939E-11 2.3688E-11 2.3275E-11 2.2955E-11 2.1391E-11 2.0988E-11 2.0573E-11 1.9770E-11 1.9151E-11 1.8834E-11 1.8412E-11 1.7714E-11 1.7247E-11 1.6823E-11 1.6286E-11 1.5725E-11 1.5249E-11 1.4981E-11 1.4417E-11 1.4047E-11 1.3676E-11 1.3114E-11 1.2659E-11 1.2245E-11 1.1741E-11 1.1347E-11 1.0993E-11 1.0388E-11 9.9206E-12 9.4806E-12 8.9983E-12 8.5795E-12 8.1046E-12 7.6348E-12 7.0931E-12 6.6964E-12 5.9876E-12 5.4461E-12 5.0159E-12 4.4680E-12 4.1053E-12
2.8980E-11 2.8457E-11 2.7714E-11 2.7512E-11 2.7395E-11 2.7262E-11 2.6702E-11 2.5450E-11 2.5246E-11 2.4980E-11 2.4802E-11 2.4195E-11 2.3079E-11 2.2785E-11 2.2484E-11 2.2273E-11 2.0705E-11 2.0355E-11 1.9990E-11 1.9772E-11 1.8857E-11 1.8489E-11 1.8110E-11 1.7880E-11 1.7119E-11 1.6739E-11 1.6349E-11 1.5845E-11 1.5367E-11 1.4922E-11 1.4684E-11 1.4148E-11 1.3804E-11 1.3458E-11 1.3020E-11 1.2488E-11 1.2200E-11 1.1816E-11 1.1286E-11 1.1004E-11 1.0517E-11 1.0048E-11 9.5783E-12 9.1036E-12 8.7502E-12 8.3474E-12 7.8807E-12 7.3355E-12 6.8951E-12 6.3365E-12 5.6685E-12 5.3984E-12 4.9236E-12 4.3239E-12 4.0824E-12 3.5342E-12 3.0569E-12
2.4777E-11 2.4063E-11 2.3848E-11 2.3772E-11 2.3683E-11 2.3373E-11 2.2835E-11 2.2056E-11 2.1934E-11 2.1701E-11 2.1557E-11 2.0663E-11 1.9750E-11 1.9598E-11 1.9336E-11 1.9116E-11 1.8197E-11 1.7928E-11 1.7594E-11 1.7357E-11 1.6686E-11 1.6399E-11 1.6048E-11 1.5797E-11 1.5236E-11 1.4935E-11 1.4521E-11 1.4209E-11 1.3805E-11 1.3489E-11 1.3119E-11 1.2758E-11 1.2340E-11 1.2037E-11 1.1718E-11 1.1205E-11 1.0793E-11 1.0532E-11 1.0074E-11 9.5803E-12 9.2177E-12 8.8735E-12 8.3891E-12 7.9773E-12 7.5873E-12 7.0567E-12 6.5323E-12 6.0456E-12 5.5372E-12 5.2229E-12 4.7053E-12 4.2224E-12 3.9255E-12 3.3380E-12 2.9743E-12 2.7033E-12 2.2582E-12
2.0783E-11 2.0649E-11 2.0605E-11 2.0549E-11 2.0272E-11 1.9983E-11 1.9681E-11 1.8728E-11 1.8534E-11 1.8433E-11 1.8111E-11 1.7561E-11 1.7345E-11 1.7063E-11 1.6877E-11 1.6736E-11 1.6161E-11 1.5864E-11 1.5553E-11 1.5341E-11 1.4910E-11 1.4501E-11 1.4226E-11 1.3948E-11 1.3770E-11 1.3292E-11 1.3004E-11 1.2714E-11 1.2432E-11 1.2039E-11 1.1708E-11 1.1465E-11 1.0915E-11 1.0636E-11 1.0395E-11 9.9021E-12 9.4549E-12 9.1334E-12 8.7443E-12 8.3622E-12 7.9285E-12 7.6097E-12 7.1778E-12 6.6701E-12 6.2488E-12 5.8271E-12 5.2229E-12 4.9219E-12 4.4309E-12 4.1085E-12 3.7651E-12 3.1541E-12 2.9474E-12 2.6821E-12 2.1880E-12 2.0030E-12 1.6662E-12
1.7479E-11 1.7461E-11 1.7434E-11 1.7186E-11 1.6926E-11 1.6654E-11 1.6499E-11 1.6329E-11 1.6255E-11 1.6172E-11 1.5599E-11 1.5400E-11 1.5202E-11 1.4991E-11 1.4877E-11 1.4489E-11 1.4272E-11 1.3993E-11 1.3754E-11 1.3564E-11 1.3367E-11 1.2922E-11 1.2666E-11 1.2460E-11 1.2249E-11 1.1842E-11 1.1590E-11 1.1322E-11 1.0949E-11 1.0682E-11 1.0318E-11 1.0151E-11 9.5609E-12 9.2515E-12 9.0004E-12 8.6281E-12 8.2948E-12 7.8431E-12 7.5374E-12 7.2115E-12 6.7084E-12 6.3605E-12 5.8886E-12 5.3988E-12 4.9557E-12 4.7783E-12 4.2102E-12 3.7561E-12 3.5047E-12 3.0525E-12 2.7893E-12 2.5385E-12 2.1054E-12 1.8615E-12 1.4626E-12 1.2073E-12 9.8234E-13
1.5156E-11 1.4932E-11 1.4914E-11 1.4671E-11 1.4586E-11 1.4449E-11 1.4298E-11 1.4244E-11 1.4182E-11 1.3898E-11 1.3823E-11 1.3551E-11 1.3413E-11 1.3164E-11 1.3014E-11 1.2910E-11 1.2607E-11 1.2442E-11 1.2219E-11 1.2044E-11 1.1864E-11 1.1539E-11 1.1295E-11 1.1016E-11 1.0824E-11 1.0487E-11 1.0238E-11 9.8853E-12 9.6872E-12 9.3439E-12 9.0537E-12 8.7079E-12 8.2947E-12 8.0986E-12 7.7161E-12 7.4628E-12 6.9936E-12 6.6161E-12 6.2865E-12 5.8249E-12 5.4367E-12 4.9622E-12 4.7307E-12 4.3555E-12 3.7789E-12 3.6280E-12 3.2326E-12 2.8807E-12 2.5700E-12 2.2235E-12 1.9538E-12 1.7147E-12 1.2952E-12 1.1336E-12 9.7514E-13 6.6568E-13 5.8242E-13
1.2933E-11 1.2980E-11 1.2968E-11 1.2849E-11 1.2730E-11 1.2593E-11 1.2555E-11 1.2510E-11 1.2458E-11 1.2294E-11 1.2229E-11 1.1966E-11 1.1785E-11 1.1705E-11 1.1561E-11 1.1470E-11 1.1126E-11 1.0974E-11 1.0781E-11 1.0621E-11 1.0509E-11 1.0086E-11 9.9114E-12 9.7022E-12 9.5278E-12 9.1523E-12 8.9754E-12 8.4923E-12 8.3155E-12 8.0404E-12 7.7624E-12 7.4358E-12 7.0339E-12 6.8597E-12 6.4342E-12 6.1185E-12 5.6088E-12 5.4078E-12 4.9414E-12 4.6643E-12 4.2972E-12 3.7809E-12 3.6998E-12 3.4326E-12 2.7775E-12 2.6524E-12 2.4018E-12 2.0370E-12 1.8006E-12 1.6279E-12 1.2785E-12 1.0576E-12 9.0094E-13 6.5966E-13 5.1416E-13 3.0342E-13 1.3944E-13
1.1428E-11 1.1324E-11 1.1262E-11 1.1153E-11 1.1132E-11 1.1105E-11 1.1072E-11 1.1033E-11 1.0988E-11 1.0938E-11 1.0686E-11 1.0567E-11 1.0501E-11 1.0287E-11 1.0099E-11 1.0020E-11 9.7412E-12 9.6555E-12 9.4210E-12 9.2744E-12 9.1177E-12 8.7016E-12 8.6022E-12 8.2667E-12 8.1640E-12 7.8478E-12 7.6212E-12 7.2199E-12 7.0540E-12 6.7970E-12 6.6309E-12 6.1674E-12 5.7981E-12 5.5401E-12 5.1711E-12 4.7785E-12 4.3889E-12 4.3054E-12 3.8499E-12 3.6256E-12 3.3104E-12 2.9292E-12 2.6558E-12 2.4091E-12 2.1355E-12 1.8119E-12 1.6419E-12 1.3176E-12 1.0695E-12 9.7766E-13 7.6065E-13 5.8730E-13 4.4339E-13 2.0913E-13 1.3839E-13 6.8579E-14 0.0000E+00
9.8507E-12 9.8083E-12 9.8009E-12 9.7881E-12 9.7699E-12 9.7464E-12 9.6268E-12 9.5935E-12 9.5549E-12 9.3143E-12 9.2675E-12 9.2158E-12 9.0994E-12 8.8879E-12 8.8241E-12 8.5570E-12 8.4333E-12 8.3054E-12 8.1366E-12 7.9086E-12 7.6459E-12 7.4127E-12 7.3283E-12 6.9987E-12 6.8580E-12 6.6113E-12 6.3404E-12 6.0977E-12 5.7186E-12 5.4726E-12 5.2727E-12 4.6956E-12 4.4700E-12 4.3317E-12 4.0995E-12 3.7483E-12 3.3531E-12 3.2267E-12 2.7869E-12 2.5821E-12 2.3409E-12 2.2305E-12 1.8131E-12 1.6461E-12 1.4841E-12 1.0755E-12 1.0504E-12 8.3499E-13 5.9351E-13 5.1571E-13 3.7318E-13 1.4072E-13 1.3695E-13 6.8001E-14 0.0000E+00 0.0000E+00 0.0000E+00
