Assets/Resources/2015_m01_d16_1700(utc+0800)_l00_csi_1hr_conc.grd
DSAA
         159         159
     -79.000      79.000
     -79.000      79.000
  0.0000E+00  0.2076E-04
[rows 25 to 49 of 159, columns 57 to 113 of 159]
0.0000E+00 0.0000E+00 0.0000E+00 0.0000E+00 0.0000E+00 0.0000E+00 0.0000E+00 0.0000E+00 0.0000E+00 0.0000E+00 0.0000E+00 0.0000E+00 0.0000E+00 0.0000E+00 0.0000E+00 0.0000E+00 0.0000E+00 0.0000E+00 0.0000E+00 0.0000E+00 8.5554E-13 8.5022E-12 1.7706E-11 2.9983E-11 4.8330E-11 7.9087E-11 1.2869E-10 2.0392E-10 3.1937E-10 4.6944E-10 6.5052E-10 8.6069E-10 1.0919E-09 1.3495E-09 1.6254E-09 1.9259E-09 2.2439E-09 2.5714E-09 2.9056E-09 3.2328E-09 3.5516E-09 3.8417E-09 4.1062E-09 4.3336E-09 4.5363E-09 4.7247E-09 4.8878E-09 5.0218E-09 5.1318E-09 5.2127E-09 5.2754E-09 5.3225E-09 5.3560E-09 5.3808E-09 5.3997E-09 5.4170E-09 5.4402E-09
0.0000E+00 0.0000E+00 0.0000E+00 0.0000E+00 0.0000E+00 0.0000E+00 0.0000E+00 0.0000E+00 0.0000E+00 0.0000E+00 0.0000E+00 0.0000E+00 0.0000E+00 0.0000E+00 0.0000E+00 0.0000E+00 0.0000E+00 0.0000E+00 0.0000E+00 1.2398E-13 5.2598E-12 1.3044E-11 2.7585E-11 4.6235E-11 7.3085E-11 1.1634E-10 1.8551E-10 2.9361E-10 4.3942E-10 6.2916E-10 8.5999E-10 1.1171E-09 1.4043E-09 1.7143E-09 2.0498E-09 2.4037E-09 2.7786E-09 3.1594E-09 3.5374E-09 3.9122E-09 4.2695E-09 4.5912E-09 4.8743E-09 5.1208E-09 5.3362E-09 5.5177E-09 5.6930E-09 5.8267E-09 5.9290E-09 6.0016E-09 6.0513E-09 6.0810E-09 6.0960E-09 6.1016E-09 6.1005E-09 6.0952E-09 6.0981E-09
0.0000E+00 0.0000E+00 0.0000E+00 0.0000E+00 0.0000E+00 0.0000E+00 0.0000E+00 0.0000E+00 0.0000E+00 0.0000E+00 0.0000E+00 0.0000E+00 0.0000E+00 0.0000E+00 0.0000E+00 0.0000E+00 0.0000E+00 0.0000E+00 6.0181E-13 2.3163E-12 1.0671E-11 2.4091E-11 4.4420E-11 7.2517E-11 1.1081E-10 1.7699E-10 2.6551E-10 4.1930E-10 6.0169E-10 8.3902E-10 1.1290E-09 1.4497E-09 1.7990E-09 2.1739E-09 2.5649E-09 2.9784E-09 3.4076E-09 3.8465E-09 4.2791E-09 4.6953E-09 5.0841E-09 5.4404E-09 5.7472E-09 6.0061E-09 6.2235E-09 6.4112E-09 6.5829E-09 6.7085E-09 6.8022E-09 6.8620E-09 6.8947E-09 6.9079E-09 6.9027E-09 6.8834E-09 6.8576E-09 6.8231E-09 6.7990E-09
0.0000E+00 0.0000E+00 0.0000E+00 0.0000E+00 0.0000E+00 0.0000E+00 0.0000E+00 0.0000E+00 0.0000E+00 0.0000E+00 0.0000E+00 0.0000E+00 0.0000E+00 0.0000E+00 0.0000E+00 0.0000E+00 0.0000E+00 8.4166E-13 2.9171E-12 5.5569E-12 1.9586E-11 4.6311E-11 7.6052E-11 1.1535E-10 1.8186E-10 2.7087E-10 5.4317E-10 6.1288E-10 8.3003E-10 1.1329E-09 1.4922E-09 1.8893E-09 2.3059E-09 2.7454E-09 3.1964E-09 3.6685E-09 4.1539E-09 4.6455E-09 5.1295E-09 5.5886E-09 6.0156E-09 6.3928E-09 6.7163E-09 6.9869E-09 7.2062E-09 7.3903E-09 7.5442E-09 7.6761E-09 7.7535E-09 7.7954E-09 7.8064E-09 7.7922E-09 7.7609E-09 7.7141E-09 7.6583E-09 7.5926E-09 7.5411E-09
0.0000E+00 0.0000E+00 0.0000E+00 0.0000E+00 0.0000E+00 0.0000E+00 0.0000E+00 0.0000E+00 0.0000E+00 0.0000E+00 0.0000E+00 0.0000E+00 0.0000E+00 0.0000E+00 0.0000E+00 0.0000E+00 7.6427E-13 3.1820E-12 5.1932E-12 1.6947E-11 4.3055E-11 7.6354E-11 1.2056E-10 1.8179E-10 2.7303E-10 3.8891E-10 9.2605E-10 1.0456E-09 1.1286E-09 1.5003E-09 1.9458E-09 2.4273E-09 2.9308E-09 3.4470E-09 3.9749E-09 4.5058E-09 5.0516E-09 5.5956E-09 6.1166E-09 6.6065E-09 7.0689E-09 7.4716E-09 7.8006E-09 8.0694E-09 8.2867E-09 8.4589E-09 8.5933E-09 8.7120E-09 8.7708E-09 8.7882E-09 8.7750E-09 8.7326E-09 8.6695E-09 8.5908E-09 8.4979E-09 8.3970E-09 8.3128E-09
0.0000E+00 0.0000E+00 0.0000E+00 0.0000E+00 0.0000E+00 0.0000E+00 0.0000E+00 0.0000E+00 0.0000E+00 0.0000E+00 0.0000E+00 0.0000E+00 0.0000E+00 0.0000E+00 0.0000E+00 2.8118E-13 3.0317E-12 5.2285E-12 1.2698E-11 4.0956E-11 7.3955E-11 1.1868E-10 1.8522E-10 2.8001E-10 4.0108E-10 7.2405E-10 1.4086E-09 2.3665E-09 1.5516E-09 2.0048E-09 2.5465E-09 3.1311E-09 3.7199E-09 4.3194E-09 4.9098E-09 5.5019E-09 6.0925E-09 6.6805E-09 7.2412E-09 7.7635E-09 8.2404E-09 8.6577E-09 8.9961E-09 9.2572E-09 9.4576E-09 9.6137E-09 9.7288E-09 9.8112E-09 9.8576E-09 9.8413E-09 9.7932E-09 9.7179E-09 9.6192E-09 9.5014E-09 9.3687E-09 9.2279E-09 9.0950E-09
0.0000E+00 0.0000E+00 0.0000E+00 0.0000E+00 0.0000E+00 0.0000E+00 0.0000E+00 0.0000E+00 0.0000E+00 0.0000E+00 0.0000E+00 0.0000E+00 0.0000E+00 0.0000E+00 0.0000E+00 2.4107E-12 4.9404E-12 8.8219E-12 3.3753E-11 6.4898E-11 1.1518E-10 1.8449E-10 2.8101E-10 4.1214E-10 7.4286E-10 1.2363E-09 2.1762E-09 3.4239E-09 2.1079E-09 2.6480E-09 3.2984E-09 3.9921E-09 4.6814E-09 5.3663E-09 6.0337E-09 6.6807E-09 7.3154E-09 7.9303E-09 8.5082E-09 9.0456E-09 9.5426E-09 9.9640E-09 1.0289E-08 1.0536E-08 1.0713E-08 1.0842E-08 1.0927E-08 1.0966E-08 1.0984E-08 1.0942E-08 1.0853E-08 1.0739E-08 1.0599E-08 1.0435E-08 1.0260E-08 1.0075E-08 9.9040E-09
0.0000E+00 0.0000E+00 0.0000E+00 0.0000E+00 0.0000E+00 0.0000E+00 0.0000E+00 0.0000E+00 0.0000E+00 0.0000E+00 0.0000E+00 0.0000E+00 0.0000E+00 0.0000E+00 1.2368E-12 4.3809E-12 7.6759E-12 2.6651E-11 5.4943E-11 1.0137E-10 1.7383E-10 2.7130E-10 4.1064E-10 7.0274E-10 1.2298E-09 1.8828E-09 3.2264E-09 5.4353E-09 2.8722E-09 3.4734E-09 4.2537E-09 5.0687E-09 5.8657E-09 6.6364E-09 7.3742E-09 8.0590E-09 8.7189E-09 9.3517E-09 9.9423E-09 1.0478E-08 1.0959E-08 1.1378E-08 1.1690E-08 1.1907E-08 1.2048E-08 1.2136E-08 1.2181E-08 1.2181E-08 1.2149E-08 1.2069E-08 1.1941E-08 1.1781E-08 1.1592E-08 1.1380E-08 1.1156E-08 1.0925E-08 1.0723E-08
0.0000E+00 0.0000E+00 0.0000E+00 0.0000E+00 0.0000E+00 0.0000E+00 0.0000E+00 0.0000E+00 0.0000E+00 0.0000E+00 0.0000E+00 0.0000E+00 0.0000E+00 0.0000E+00 3.4430E-12 5.8261E-12 1.4704E-11 4.7377E-11 8.3369E-11 1.5335E-10 2.4600E-10 3.9083E-10 5.9099E-10 1.1522E-09 1.8172E-09 2.9048E-09 4.5516E-09 7.8273E-09 4.0927E-09 4.5487E-09 5.4594E-09 6.4115E-09 7.3161E-09 8.1726E-09 8.9570E-09 9.6720E-09 1.0332E-08 1.0952E-08 1.1522E-08 1.2044E-08 1.2502E-08 1.2887E-08 1.3167E-08 1.3346E-08 1.3441E-08 1.3473E-08 1.3469E-08 1.3424E-08 1.3328E-08 1.3207E-08 1.3037E-08 1.2825E-08 1.2586E-08 1.2321E-08 1.2046E-08 1.1765E-08 1.1519E-08
0.0000E+00 0.0000E+00 0.0000E+00 0.0000E+00 0.0000E+00 0.0000E+00 0.0000E+00 0.0000E+00 0.0000E+00 0.0000E+00 0.0000E+00 0.0000E+00 0.0000E+00 0.0000E+00 4.6975E-12 9.7362E-12 3.3041E-11 6.4869E-11 1.2696E-10 2.1257E-10 3.5122E-10 5.4107E-10 9.7133E-10 1.6165E-09 2.7073E-09 4.1311E-09 6.3566E-09 1.0713E-08 6.9446E-09 5.8818E-09 6.9202E-09 8.0087E-09 9.0254E-09 9.9585E-09 1.0788E-08 1.1509E-08 1.2149E-08 1.2734E-08 1.3260E-08 1.3724E-08 1.4140E-08 1.4480E-08 1.4708E-08 1.4839E-08 1.4875E-08 1.4845E-08 1.4775E-08 1.4673E-08 1.4519E-08 1.4342E-08 1.4120E-08 1.3853E-08 1.3559E-08 1.3238E-08 1.2912E-08 1.2581E-08 1.2289E-08
0.0000E+00 0.0000E+00 0.0000E+00 0.0000E+00 0.0000E+00 0.0000E+00 0.0000E+00 0.0000E+00 0.0000E+00 0.0000E+00 0.0000E+00 0.0000E+00 0.0000E+00 0.0000E+00 5.8672E-12 1.4562E-11 5.0479E-11 9.7128E-11 1.7103E-10 2.9637E-10 4.7804E-10 7.2849E-10 1.4023E-09 2.3416E-09 3.7250E-09 5.8355E-09 8.7748E-09 1.4395E-08 1.4886E-08 7.5693E-09 8.7236E-09 9.9569E-09 1.1077E-08 1.2063E-08 1.2897E-08 1.3584E-08 1.4165E-08 1.4674E-08 1.5130E-08 1.5520E-08 1.5851E-08 1.6121E-08 1.6289E-08 1.6357E-08 1.6318E-08 1.6216E-08 1.6074E-08 1.5904E-08 1.5694E-08 1.5442E-08 1.5164E-08 1.4843E-08 1.4493E-08 1.4114E-08 1.3736E-08 1.3354E-08 1.3020E-08
0.0000E+00 0.0000E+00 0.0000E+00 0.0000E+00 0.0000E+00 0.0000E+00 0.0000E+00 0.0000E+00 0.0000E+00 0.0000E+00 0.0000E+00 0.0000E+00 0.0000E+00 0.0000E+00 7.1027E-12 2.4176E-11 6.4876E-11 1.3403E-10 2.2845E-10 3.9248E-10 6.1913E-10 1.0414E-09 1.8462E-09 3.1632E-09 5.0483E-09 7.8449E-09 1.1771E-08 1.8661E-08 2.0141E-08 9.6495E-09 1.0843E-08 1.2222E-08 1.3427E-08 1.4452E-08 1.5288E-08 1.5930E-08 1.6417E-08 1.6804E-08 1.7130E-08 1.7407E-08 1.7641E-08 1.7808E-08 1.7882E-08 1.7874E-08 1.7757E-08 1.7569E-08 1.7339E-08 1.7093E-08 1.6820E-08 1.6498E-08 1.6155E-08 1.5777E-08 1.5368E-08 1.4931E-08 1.4500E-08 1.4070E-08 1.3692E-08
0.0000E+00 0.0000E+00 0.0000E+00 0.0000E+00 0.0000E+00 0.0000E+00 0.0000E+00 0.0000E+00 0.0000E+00 0.0000E+00 0.0000E+00 0.0000E+00 0.0000E+00 0.0000E+00 8.3333E-12 3.6330E-11 8.7616E-11 1.6625E-10 2.9965E-10 4.9136E-10 7.9317E-10 1.4374E-09 2.4706E-09 4.0554E-09 6.5647E-09 1.0143E-08 1.5354E-08 2.3634E-08 2.9195E-08 1.2268E-08 1.3337E-08 1.4844E-08 1.6130E-08 1.7159E-08 1.7944E-08 1.8476E-08 1.8825E-08 1.9062E-08 1.9225E-08 1.9341E-08 1.9425E-08 1.9477E-08 1.9449E-08 1.9352E-08 1.9138E-08 1.8855E-08 1.8540E-08 1.8215E-08 1.7865E-08 1.7482E-08 1.7063E-08 1.6623E-08 1.6152E-08 1.5668E-08 1.5189E-08 1.4710E-08 1.4293E-08
0.0000E+00 0.0000E+00 0.0000E+00 0.0000E+00 0.0000E+00 0.0000E+00 0.0000E+00 0.0000E+00 0.0000E+00 0.0000E+00 0.0000E+00 0.0000E+00 0.0000E+00 0.0000E+00 9.4754E-12 4.7374E-11 1.1434E-10 2.0648E-10 3.6616E-10 6.1321E-10 9.8245E-10 1.7777E-09 3.0954E-09 5.1259E-09 8.1429E-09 1.2755E-08 1.9184E-08 2.9072E-08 3.9281E-08 1.7717E-08 1.6261E-08 1.7868E-08 1.9216E-08 2.0218E-08 2.0920E-08 2.1296E-08 2.1430E-08 2.1426E-08 2.1363E-08 2.1290E-08 2.1201E-08 2.1097E-08 2.0939E-08 2.0745E-08 2.0432E-08 2.0053E-08 1.9647E-08 1.9229E-08 1.8806E-08 1.8356E-08 1.7871E-08 1.7367E-08 1.6842E-08 1.6305E-08 1.5784E-08 1.5262E-08 1.4808E-08
0.0000E+00 0.0000E+00 0.0000E+00 0.0000E+00 0.0000E+00 0.0000E+00 0.0000E+00 0.0000E+00 0.0000E+00 0.0000E+00 0.0000E+00 0.0000E+00 0.0000E+00 0.0000E+00 1.0441E-11 5.4939E-11 1.3615E-10 2.5241E-10 4.3779E-10 7.3990E-10 1.1807E-09 2.1095E-09 3.6585E-09 6.1507E-09 9.8935E-09 1.5342E-08 2.3335E-08 3.4649E-08 4.7160E-08 2.4090E-08 1.9559E-08 2.1241E-08 2.2637E-08 2.3570E-08 2.4131E-08 2.4295E-08 2.4172E-08 2.3884E-08 2.3536E-08 2.3196E-08 2.2900E-08 2.2622E-08 2.2323E-08 2.2013E-08 2.1605E-08 2.1124E-08 2.0618E-08 2.0116E-08 1.9618E-08 1.9099E-08 1.8554E-08 1.7985E-08 1.7406E-08 1.6823E-08 1.6264E-08 1.5709E-08 1.5223E-08
0.0000E+00 0.0000E+00 0.0000E+00 0.0000E+00 0.0000E+00 0.0000E+00 0.0000E+00 0.0000E+00 0.0000E+00 0.0000E+00 0.0000E+00 0.0000E+00 0.0000E+00 0.0000E+00 1.1149E-11 6.2934E-11 1.5371E-10 2.8907E-10 5.1906E-10 8.5376E-10 1.3822E-09 2.4227E-09 4.3605E-09 7.1740E-09 1.1530E-08 1.8065E-08 2.7405E-08 4.0463E-08 5.7224E-08 4.0893E-08 2.3364E-08 2.5055E-08 2.6471E-08 2.7292E-08 2.7643E-08 2.7511E-08 2.7023E-08 2.6359E-08 2.5676E-08 2.5034E-08 2.4476E-08 2.3996E-08 2.3540E-08 2.3119E-08 2.2607E-08 2.2024E-08 2.1426E-08 2.0843E-08 2.0266E-08 1.9682E-08 1.9086E-08 1.8465E-08 1.7836E-08 1.7210E-08 1.6617E-08 1.6041E-08 1.5530E-08
0.0000E+00 0.0000E+00 0.0000E+00 0.0000E+00 0.0000E+00 0.0000E+00 0.0000E+00 0.0000E+00 0.0000E+00 0.0000E+00 0.0000E+00 0.0000E+00 0.0000E+00 0.0000E+00 1.1536E-11 6.9645E-11 1.7196E-10 3.2043E-10 5.8027E-10 9.7063E-10 1.5692E-09 2.8101E-09 4.9803E-09 8.1932E-09 1.3100E-08 2.0545E-08 3.1265E-08 4.6186E-08 6.6889E-08 5.8725E-08 2.7637E-08 2.9219E-08 3.0657E-08 3.1340E-08 3.1410E-08 3.0908E-08 2.9986E-08 2.8856E-08 2.7729E-08 2.6717E-08 2.5884E-08 2.5174E-08 2.4545E-08 2.4011E-08 2.3399E-08 2.2723E-08 2.2039E-08 2.1374E-08 2.0733E-08 2.0093E-08 1.9451E-08 1.8785E-08 1.8109E-08 1.7451E-08 1.6834E-08 1.6243E-08 1.5717E-08
0.0000E+00 0.0000E+00 0.0000E+00 0.0000E+00 0.0000E+00 0.0000E+00 0.0000E+00 0.0000E+00 0.0000E+00 0.0000E+00 0.0000E+00 0.0000E+00 0.0000E+00 0.0000E+00 1.2720E-11 7.1528E-11 1.8218E-10 3.4506E-10 6.2942E-10 1.0730E-09 1.7374E-09 2.9886E-09 5.4129E-09 8.9822E-09 1.4529E-08 2.2721E-08 3.4780E-08 5.1386E-08 7.4035E-08 6.5155E-08 3.2590E-08 3.3835E-08 3.5252E-08 3.5738E-08 3.5444E-08 3.4461E-08 3.2984E-08 3.1307E-08 2.9679E-08 2.8226E-08 2.7042E-08 2.6096E-08 2.5299E-08 2.4648E-08 2.3947E-08 2.3193E-08 2.2429E-08 2.1696E-08 2.0998E-08 2.0306E-08 1.9626E-08 1.8928E-08 1.8228E-08 1.7542E-08 1.6910E-08 1.6304E-08 1.5782E-08
0.0000E+00 0.0000E+00 0.0000E+00 0.0000E+00 0.0000E+00 0.0000E+00 0.0000E+00 0.0000E+00 0.0000E+00 0.0000E+00 0.0000E+00 0.0000E+00 0.0000E+00 0.0000E+00 1.0810E-11 6.5644E-11 1.8584E-10 3.6044E-10 6.6534E-10 1.1321E-09 1.8798E-09 3.1418E-09 5.7445E-09 9.6235E-09 1.5555E-08 2.4601E-08 3.7600E-08 5.5957E-08 8.1277E-08 8.1139E-08 4.0430E-08 3.8892E-08 4.0300E-08 4.0579E-08 3.9838E-08 3.8243E-08 3.6073E-08 3.3685E-08 3.1420E-08 2.9485E-08 2.7934E-08 2.6707E-08 2.5756E-08 2.5003E-08 2.4227E-08 2.3401E-08 2.2569E-08 2.1784E-08 2.1040E-08 2.0316E-08 1.9608E-08 1.8891E-08 1.8175E-08 1.7475E-08 1.6842E-08 1.6234E-08 1.5717E-08
0.0000E+00 0.0000E+00 0.0000E+00 0.0000E+00 0.0000E+00 0.0000E+00 0.0000E+00 0.0000E+00 0.0000E+00 0.0000E+00 0.0000E+00 0.0000E+00 0.0000E+00 0.0000E+00 8.7450E-12 5.9889E-11 1.7713E-10 3.5451E-10 6.8064E-10 1.1792E-09 1.9640E-09 3.1846E-09 5.9433E-09 1.0161E-08 1.6419E-08 2.5882E-08 3.9926E-08 5.9538E-08 8.6991E-08 9.6566E-08 5.0439E-08 4.4415E-08 4.5810E-08 4.5809E-08 4.4516E-08 4.2202E-08 3.9194E-08 3.5983E-08 3.2994E-08 3.0448E-08 2.8482E-08 2.6972E-08 2.5872E-08 2.5041E-08 2.4201E-08 2.3326E-08 2.2458E-08 2.1631E-08 2.0855E-08 2.0112E-08 1.9390E-08 1.8665E-08 1.7949E-08 1.7255E-08 1.6623E-08 1.6029E-08 1.5518E-08
0.0000E+00 0.0000E+00 0.0000E+00 0.0000E+00 0.0000E+00 0.0000E+00 0.0000E+00 0.0000E+00 0.0000E+00 0.0000E+00 0.0000E+00 0.0000E+00 0.0000E+00 0.0000E+00 6.6880E-12 4.5268E-11 1.6255E-10 3.3887E-10 6.6627E-10 1.1855E-09 1.9906E-09 3.2666E-09 6.0095E-09 1.0405E-08 1.6958E-08 2.6840E-08 4.1475E-08 6.2309E-08 9.0559E-08 9.9598E-08 6.2556E-08 5.0430E-08 5.1833E-08 5.1575E-08 4.9652E-08 4.6424E-08 4.2398E-08 3.8121E-08 3.4279E-08 3.1114E-08 2.8674E-08 2.6897E-08 2.5652E-08 2.4742E-08 2.3866E-08 2.2971E-08 2.2082E-08 2.1227E-08 2.0438E-08 1.9695E-08 1.8978E-08 1.8257E-08 1.7556E-08 1.6881E-08 1.6269E-08 1.5695E-08 1.5197E-08
0.0000E+00 0.0000E+00 0.0000E+00 0.0000E+00 0.0000E+00 0.0000E+00 0.0000E+00 0.0000E+00 0.0000E+00 0.0000E+00 0.0000E+00 0.0000E+00 0.0000E+00 0.0000E+00 7.2269E-13 3.1030E-11 1.3313E-10 3.0722E-10 6.2939E-10 1.1496E-09 1.9759E-09 3.2857E-09 5.7900E-09 1.0364E-08 1.7017E-08 2.7294E-08 4.2431E-08 6.4172E-08 9.3607E-08 1.1143E-07 7.6993E-08 5.6977E-08 5.8428E-08 5.7886E-08 5.5258E-08 5.0845E-08 4.5588E-08 4.0215E-08 3.5285E-08 3.1385E-08 2.8480E-08 2.6459E-08 2.5047E-08 2.4107E-08 2.3219E-08 2.2317E-08 2.1434E-08 2.0589E-08 1.9806E-08 1.9075E-08 1.8375E-08 1.7677E-08 1.7003E-08 1.6359E-08 1.5781E-08 1.5237E-08 1.4766E-08
0.0000E+00 0.0000E+00 0.0000E+00 0.0000E+00 0.0000E+00 0.0000E+00 0.0000E+00 0.0000E+00 0.0000E+00 0.0000E+00 0.0000E+00 0.0000E+00 0.0000E+00 0.0000E+00 0.0000E+00 1.5072E-11 9.6204E-11 2.6759E-10 5.7255E-10 1.0756E-09 1.8995E-09 3.2245E-09 5.3592E-09 1.0053E-08 1.6879E-08 2.7136E-08 4.2745E-08 6.4909E-08 9.5124E-08 1.2200E-07 8.3055E-08 6.4093E-08 6.5610E-08 6.4636E-08 6.1176E-08 5.5719E-08 4.8763E-08 4.2012E-08 3.6091E-08 3.1457E-08 2.7896E-08 2.5574E-08 2.4105E-08 2.3146E-08 2.2266E-08 2.1384E-08 2.0542E-08 1.9725E-08 1.8961E-08 1.8261E-08 1.7593E-08 1.6940E-08 1.6306E-08 1.5705E-08 1.5170E-08 1.4667E-08 1.4228E-08
0.0000E+00 0.0000E+00 0.0000E+00 0.0000E+00 0.0000E+00 0.0000E+00 0.0000E+00 0.0000E+00 0.0000E+00 0.0000E+00 0.0000E+00 0.0000E+00 0.0000E+00 0.0000E+00 0.0000E+00 5.0959E-12 4.5336E-11 2.0706E-10 5.0034E-10 9.7933E-10 1.7667E-09 3.0631E-09 5.1144E-09 9.4062E-09 1.6409E-08 2.6683E-08 4.2209E-08 6.4619E-08 9.5484E-08 1.2079E-07 9.2177E-08 7.2138E-08 7.3149E-08 7.2255E-08 6.7433E-08 6.0493E-08 5.2275E-08 4.4144E-08 3.6336E-08 3.0802E-08 2.6974E-08 2.4362E-08 2.2817E-08 2.1882E-08 2.1030E-08 2.0200E-08 1.9413E-08 1.8641E-08 1.7935E-08 1.7281E-08 1.6657E-08 1.6063E-08 1.5481E-08 1.4932E-08 1.4450E-08 1.3995E-08 1.3600E-08
0.0000E+00 0.0000E+00 0.0000E+00 0.0000E+00 0.0000E+00 0.0000E+00 0.0000E+00 0.0000E+00 0.0000E+00 0.0000E+00 0.0000E+00 0.0000E+00 0.0000E+00 0.0000E+00 0.0000E+00 0.0000E+00 1.4221E-11 1.2787E-10 3.9727E-10 8.4874E-10 1.5907E-09 2.8225E-09 4.8197E-09 8.5488E-09 1.5371E-08 2.5640E-08 4.0892E-08 6.3214E-08 9.4221E-08 1.2761E-07 1.0368E-07 8.2732E-08 8.0835E-08 7.9717E-08 7.4665E-08 6.6465E-08 5.5088E-08 4.5044E-08 3.6714E-08 2.9724E-08 2.5441E-08 2.2752E-08 2.1254E-08 2.0348E-08 1.9548E-08 1.8803E-08 1.8088E-08 1.7386E-08 1.6749E-08 1.6151E-08 1.5597E-08 1.5070E-08 1.4552E-08 1.4065E-08 1.3639E-08 1.3237E-08 1.2889E-08
