Assets/Resources/2015_m01_d19_0300(utc+0800)_l00_csi_1hr_conc.grd
DSAA
         159         159
     -79.000      79.000
     -79.000      79.000
  0.0000E+00  0.8944E-05
[rows 50 to 74 of 159, columns 57 to 113 of 159]
0.0000E+00 0.0000E+00 0.0000E+00 0.0000E+00 0.0000E+00 0.0000E+00 0.0000E+00 0.0000E+00 0.0000E+00 0.0000E+00 0.0000E+00 0.0000E+00 0.0000E+00 0.0000E+00 0.0000E+00 0.0000E+00 0.0000E+00 0.0000E+00 0.0000E+00 0.0000E+00 0.0000E+00 0.0000E+00 0.0000E+00 0.0000E+00 0.0000E+00 0.0000E+00 0.0000E+00 0.0000E+00 0.0000E+00 0.0000E+00 0.0000E+00 0.0000E+00 0.0000E+00 0.0000E+00 0.0000E+00 0.0000E+00 0.0000E+00 0.0000E+00 0.0000E+00 0.0000E+00 3.1694E-12 2.5280E-11 4.5570E-11 5.7846E-11 6.2622E-11 5.8481E-11 4.5697E-11 2.5385E-11 5.6327E-12 1.1597E-12 0.0000E+00 0.0000E+00 9.8720E-13 1.8792E-11 3.9816E-11 6.5158E-11 9.6159E-11
0.0000E+00 0.0000E+00 0.0000E+00 0.0000E+00 0.0000E+00 0.0000E+00 0.0000E+00 0.0000E+00 0.0000E+00 0.0000E+00 0.0000E+00 0.0000E+00 0.0000E+00 0.0000E+00 0.0000E+00 0.0000E+00 0.0000E+00 0.0000E+00 0.0000E+00 0.0000E+00 0.0000E+00 0.0000E+00 0.0000E+00 0.0000E+00 0.0000E+00 0.0000E+00 0.0000E+00 0.0000E+00 0.0000E+00 0.0000E+00 0.0000E+00 0.0000E+00 0.0000E+00 0.0000E+00 0.0000E+00 0.0000E+00 0.0000E+00 0.0000E+00 0.0000E+00 3.2229E-11 7.7014E-11 1.2217E-10 1.7914E-10 2.2141E-10 2.4116E-10 2.3953E-10 2.1371E-10 1.6374E-10 1.0512E-10 3.9998E-11 7.9582E-12 1.9153E-11 4.9260E-11 8.2718E-11 1.2010E-10 1.6348E-10 2.1065E-10
0.0000E+00 0.0000E+00 0.0000E+00 0.0000E+00 0.0000E+00 0.0000E+00 0.0000E+00 0.0000E+00 0.0000E+00 0.0000E+00 0.0000E+00 0.0000E+00 0.0000E+00 0.0000E+00 0.0000E+00 0.0000E+00 0.0000E+00 0.0000E+00 0.0000E+00 0.0000E+00 0.0000E+00 0.0000E+00 0.0000E+00 0.0000E+00 0.0000E+00 0.0000E+00 0.0000E+00 0.0000E+00 0.0000E+00 0.0000E+00 0.0000E+00 0.0000E+00 0.0000E+00 0.0000E+00 0.0000E+00 0.0000E+00 0.0000E+00 6.2280E-12 5.9123E-11 1.3280E-10 2.3860E-10 3.5606E-10 4.6211E-10 5.6648E-10 6.2494E-10 6.3620E-10 5.9621E-10 5.1592E-10 3.8755E-10 2.5644E-10 1.6157E-10 9.5611E-11 1.2789E-10 1.7525E-10 2.3006E-10 2.9386E-10 3.6672E-10
0.0000E+00 0.0000E+00 0.0000E+00 0.0000E+00 0.0000E+00 0.0000E+00 0.0000E+00 0.0000E+00 0.0000E+00 0.0000E+00 0.0000E+00 0.0000E+00 0.0000E+00 0.0000E+00 0.0000E+00 0.0000E+00 0.0000E+00 0.0000E+00 0.0000E+00 0.0000E+00 0.0000E+00 0.0000E+00 0.0000E+00 0.0000E+00 0.0000E+00 0.0000E+00 0.0000E+00 0.0000E+00 0.0000E+00 0.0000E+00 0.0000E+00 0.0000E+00 0.0000E+00 0.0000E+00 0.0000E+00 0.0000E+00 5.8458E-12 7.9531E-11 1.8789E-10 3.6088E-10 5.6798E-10 8.2261E-10 1.0880E-09 1.3113E-09 1.4598E-09 1.4841E-09 1.3972E-09 1.2231E-09 1.0143E-09 7.7301E-10 5.6273E-10 4.0631E-10 3.0302E-10 2.9695E-10 3.8609E-10 4.9210E-10 6.0676E-10
0.0000E+00 0.0000E+00 0.0000E+00 0.0000E+00 0.0000E+00 0.0000E+00 0.0000E+00 0.0000E+00 0.0000E+00 0.0000E+00 0.0000E+00 0.0000E+00 0.0000E+00 0.0000E+00 0.0000E+00 0.0000E+00 0.0000E+00 0.0000E+00 0.0000E+00 0.0000E+00 0.0000E+00 0.0000E+00 0.0000E+00 0.0000E+00 0.0000E+00 0.0000E+00 0.0000E+00 0.0000E+00 0.0000E+00 0.0000E+00 0.0000E+00 0.0000E+00 0.0000E+00 0.0000E+00 0.0000E+00 2.0548E-12 9.3246E-11 2.3055E-10 4.6395E-10 7.9207E-10 1.2463E-09 1.7652E-09 2.3061E-09 2.7759E-09 3.0916E-09 3.1831E-09 3.0355E-09 2.7029E-09 2.2508E-09 1.7676E-09 1.3425E-09 9.9647E-10 8.0313E-10 7.1362E-10 7.3180E-10 8.5414E-10 9.9932E-10
0.0000E+00 0.0000E+00 0.0000E+00 0.0000E+00 0.0000E+00 0.0000E+00 0.0000E+00 0.0000E+00 0.0000E+00 0.0000E+00 0.0000E+00 0.0000E+00 0.0000E+00 0.0000E+00 0.0000E+00 0.0000E+00 0.0000E+00 0.0000E+00 0.0000E+00 0.0000E+00 0.0000E+00 0.0000E+00 0.0000E+00 0.0000E+00 0.0000E+00 0.0000E+00 0.0000E+00 0.0000E+00 0.0000E+00 0.0000E+00 0.0000E+00 0.0000E+00 0.0000E+00 0.0000E+00 7.1626E-12 9.4305E-11 2.5980E-10 5.3995E-10 9.7748E-10 1.6275E-09 2.4619E-09 3.4524E-09 4.4809E-09 5.3964E-09 6.0372E-09 6.2735E-09 6.0630E-09 5.4515E-09 4.5720E-09 3.6238E-09 2.7952E-09 2.1395E-09 1.7003E-09 1.4752E-09 1.3905E-09 1.4589E-09 1.6161E-09
0.0000E+00 0.0000E+00 0.0000E+00 0.0000E+00 0.0000E+00 0.0000E+00 0.0000E+00 0.0000E+00 0.0000E+00 0.0000E+00 0.0000E+00 0.0000E+00 0.0000E+00 0.0000E+00 0.0000E+00 0.0000E+00 0.0000E+00 0.0000E+00 0.0000E+00 0.0000E+00 0.0000E+00 0.0000E+00 0.0000E+00 0.0000E+00 0.0000E+00 0.0000E+00 0.0000E+00 0.0000E+00 0.0000E+00 0.0000E+00 0.0000E+00 0.0000E+00 0.0000E+00 1.5050E-11 8.9945E-11 2.8813E-10 5.8981E-10 1.0971E-09 1.9020E-09 3.0305E-09 4.5115E-09 6.2509E-09 8.1321E-09 9.8311E-09 1.1053E-08 1.1541E-08 1.1201E-08 1.0127E-08 8.5834E-09 6.9032E-09 5.3486E-09 4.0942E-09 3.2043E-09 2.6874E-09 2.4591E-09 2.4442E-09 2.5769E-09
0.0000E+00 0.0000E+00 0.0000E+00 0.0000E+00 0.0000E+00 0.0000E+00 0.0000E+00 0.0000E+00 0.0000E+00 0.0000E+00 0.0000E+00 0.0000E+00 0.0000E+00 0.0000E+00 0.0000E+00 0.0000E+00 0.0000E+00 0.0000E+00 0.0000E+00 0.0000E+00 0.0000E+00 0.0000E+00 0.0000E+00 0.0000E+00 0.0000E+00 0.0000E+00 0.0000E+00 0.0000E+00 0.0000E+00 0.0000E+00 0.0000E+00 0.0000E+00 2.5173E-11 1.1647E-10 3.0270E-10 6.4155E-10 1.1887E-09 2.0788E-09 3.4120E-09 5.2732E-09 7.7211E-09 1.0674E-08 1.3823E-08 1.6762E-08 1.8960E-08 1.9937E-08 1.9444E-08 1.7664E-08 1.5062E-08 1.2165E-08 9.4633E-09 7.2584E-09 5.6754E-09 4.6927E-09 4.1925E-09 3.9860E-09 4.0508E-09
0.0000E+00 0.0000E+00 0.0000E+00 0.0000E+00 0.0000E+00 0.0000E+00 0.0000E+00 0.0000E+00 0.0000E+00 0.0000E+00 0.0000E+00 0.0000E+00 0.0000E+00 0.0000E+00 0.0000E+00 0.0000E+00 0.0000E+00 0.0000E+00 0.0000E+00 0.0000E+00 0.0000E+00 0.0000E+00 0.0000E+00 0.0000E+00 0.0000E+00 0.0000E+00 0.0000E+00 0.0000E+00 0.0000E+00 0.0000E+00 0.0000E+00 4.0988E-11 1.5716E-10 3.6298E-10 7.3885E-10 1.3022E-09 2.2577E-09 3.6858E-09 5.7594E-09 8.6430E-09 1.2438E-08 1.7028E-08 2.2062E-08 2.6863E-08 3.0551E-08 3.2317E-08 3.1739E-08 2.8997E-08 2.4827E-08 2.0172E-08 1.5749E-08 1.2141E-08 9.5105E-09 7.7846E-09 6.7836E-09 6.3280E-09 6.2172E-09
0.0000E+00 0.0000E+00 0.0000E+00 0.0000E+00 0.0000E+00 0.0000E+00 0.0000E+00 0.0000E+00 0.0000E+00 0.0000E+00 0.0000E+00 0.0000E+00 0.0000E+00 0.0000E+00 0.0000E+00 0.0000E+00 0.0000E+00 0.0000E+00 0.0000E+00 0.0000E+00 0.0000E+00 0.0000E+00 0.0000E+00 0.0000E+00 0.0000E+00 0.0000E+00 0.0000E+00 0.0000E+00 0.0000E+00 0.0000E+00 5.2103E-11 1.8753E-10 4.4832E-10 8.3761E-10 1.5314E-09 2.5207E-09 4.0174E-09 6.1630E-09 9.1900E-09 1.3366E-08 1.8858E-08 2.5584E-08 3.3107E-08 4.0546E-08 4.6444E-08 4.9442E-08 4.8853E-08 4.4857E-08 3.8637E-08 3.1523E-08 2.4766E-08 1.9152E-08 1.5015E-08 1.2215E-08 1.0483E-08 9.6046E-09 9.2650E-09
0.0000E+00 0.0000E+00 0.0000E+00 0.0000E+00 0.0000E+00 0.0000E+00 0.0000E+00 0.0000E+00 0.0000E+00 0.0000E+00 0.0000E+00 0.0000E+00 0.0000E+00 0.0000E+00 0.0000E+00 0.0000E+00 0.0000E+00 0.0000E+00 0.0000E+00 0.0000E+00 0.0000E+00 0.0000E+00 0.0000E+00 0.0000E+00 0.0000E+00 0.0000E+00 0.0000E+00 0.0000E+00 2.4673E-12 7.2633E-11 2.3986E-10 5.5132E-10 1.0635E-09 1.8267E-09 2.9794E-09 4.5741E-09 6.7862E-09 9.8130E-09 1.3949E-08 1.9554E-08 2.6946E-08 3.6213E-08 4.6921E-08 5.7766E-08 6.6748E-08 7.1704E-08 7.1250E-08 6.5797E-08 5.6916E-08 4.6683E-08 3.6842E-08 2.8640E-08 2.2542E-08 1.8373E-08 1.5755E-08 1.4237E-08 1.3484E-08
0.0000E+00 0.0000E+00 0.0000E+00 0.0000E+00 0.0000E+00 0.0000E+00 0.0000E+00 0.0000E+00 0.0000E+00 0.0000E+00 0.0000E+00 0.0000E+00 0.0000E+00 0.0000E+00 0.0000E+00 0.0000E+00 0.0000E+00 0.0000E+00 0.0000E+00 0.0000E+00 0.0000E+00 0.0000E+00 0.0000E+00 0.0000E+00 0.0000E+00 0.0000E+00 0.0000E+00 2.2256E-12 1.0400E-10 3.1086E-10 6.8432E-10 1.3152E-09 2.2590E-09 3.6204E-09 5.4658E-09 7.8680E-09 1.0937E-08 1.4927E-08 2.0142E-08 2.7140E-08 3.6426E-08 4.8422E-08 6.2768E-08 7.7903E-08 9.0983E-08 9.8702E-08 9.8931E-08 9.1863E-08 7.9798E-08 6.5649E-08 5.2062E-08 4.0768E-08 3.2337E-08 2.6450E-08 2.2683E-08 2.0385E-08 1.9043E-08
0.0000E+00 0.0000E+00 0.0000E+00 0.0000E+00 0.0000E+00 0.0000E+00 0.0000E+00 0.0000E+00 0.0000E+00 0.0000E+00 0.0000E+00 0.0000E+00 0.0000E+00 0.0000E+00 0.0000E+00 0.0000E+00 0.0000E+00 0.0000E+00 0.0000E+00 0.0000E+00 0.0000E+00 0.0000E+00 0.0000E+00 0.0000E+00 0.0000E+00 0.0000E+00 1.1526E-11 1.2850E-10 3.9238E-10 8.7023E-10 1.6549E-09 2.8279E-09 4.4930E-09 6.6863E-09 9.4506E-09 1.2757E-08 1.6773E-08 2.1647E-08 2.7753E-08 3.5806E-08 4.6721E-08 6.1248E-08 7.9444E-08 9.9579E-08 1.1793E-07 1.2964E-07 1.3113E-07 1.2257E-07 1.0681E-07 8.8139E-08 7.0174E-08 5.5357E-08 4.4302E-08 3.6539E-08 3.1422E-08 2.8147E-08 2.6105E-08
0.0000E+00 0.0000E+00 0.0000E+00 0.0000E+00 0.0000E+00 0.0000E+00 0.0000E+00 0.0000E+00 0.0000E+00 0.0000E+00 0.0000E+00 0.0000E+00 0.0000E+00 0.0000E+00 0.0000E+00 0.0000E+00 0.0000E+00 0.0000E+00 0.0000E+00 0.0000E+00 0.0000E+00 0.0000E+00 0.0000E+00 0.0000E+00 0.0000E+00 1.7811E-11 9.4578E-11 4.4057E-10 1.0764E-09 2.0820E-09 3.5819E-09 5.6514E-09 8.3343E-09 1.1566E-08 1.5372E-08 1.9632E-08 2.4485E-08 2.9937E-08 3.6529E-08 4.5050E-08 5.6904E-08 7.3433E-08 9.5141E-08 1.2075E-07 1.4547E-07 1.6246E-07 1.6638E-07 1.5652E-07 1.3695E-07 1.1330E-07 9.0621E-08 7.2001E-08 5.8153E-08 4.8476E-08 4.1941E-08 3.7581E-08 3.4733E-08
0.0000E+00 0.0000E+00 0.0000E+00 0.0000E+00 0.0000E+00 0.0000E+00 0.0000E+00 0.0000E+00 0.0000E+00 0.0000E+00 0.0000E+00 0.0000E+00 0.0000E+00 0.0000E+00 0.0000E+00 0.0000E+00 0.0000E+00 0.0000E+00 0.0000E+00 0.0000E+00 0.0000E+00 0.0000E+00 0.0000E+00 0.0000E+00 7.6912E-12 5.7244E-11 3.4067E-10 1.1629E-09 2.5482E-09 4.5015E-09 7.1346E-09 1.0462E-08 1.4396E-08 1.8792E-08 2.3540E-08 2.8560E-08 3.3873E-08 3.9544E-08 4.6033E-08 5.4319E-08 6.6081E-08 8.3354E-08 1.0763E-07 1.3816E-07 1.6982E-07 1.9359E-07 2.0120E-07 1.9109E-07 1.6808E-07 1.3960E-07 1.1232E-07 8.9947E-08 7.3423E-08 6.1931E-08 5.4052E-08 4.8591E-08 4.4685E-08
0.0000E+00 0.0000E+00 0.0000E+00 0.0000E+00 0.0000E+00 0.0000E+00 0.0000E+00 0.0000E+00 0.0000E+00 0.0000E+00 0.0000E+00 0.0000E+00 0.0000E+00 0.0000E+00 0.0000E+00 0.0000E+00 0.0000E+00 0.0000E+00 0.0000E+00 0.0000E+00 0.0000E+00 0.0000E+00 0.0000E+00 0.0000E+00 3.4325E-11 1.9848E-10 9.5130E-10 2.6825E-09 5.4214E-09 8.8868E-09 1.3078E-08 1.7881E-08 2.3136E-08 2.8559E-08 3.3949E-08 3.9307E-08 4.4573E-08 4.9939E-08 5.5678E-08 6.2988E-08 7.3340E-08 8.9550E-08 1.1405E-07 1.4722E-07 1.8457E-07 2.1538E-07 2.2876E-07 2.2090E-07 1.9641E-07 1.6435E-07 1.3334E-07 1.0810E-07 8.9464E-08 7.6454E-08 6.7379E-08 6.0849E-08 5.5768E-08
0.0000E+00 0.0000E+00 0.0000E+00 0.0000E+00 0.0000E+00 0.0000E+00 0.0000E+00 0.0000E+00 0.0000E+00 0.0000E+00 0.0000E+00 0.0000E+00 0.0000E+00 0.0000E+00 0.0000E+00 0.0000E+00 0.0000E+00 0.0000E+00 0.0000E+00 0.0000E+00 0.0000E+00 0.0000E+00 0.0000E+00 0.0000E+00 9.7976E-11 5.7009E-10 2.4187E-09 5.9865E-09 1.0849E-08 1.6170E-08 2.2098E-08 2.8298E-08 3.4646E-08 4.0631E-08 4.6100E-08 5.1108E-08 5.5844E-08 6.0370E-08 6.4919E-08 7.0294E-08 7.7896E-08 9.0304E-08 1.1110E-07 1.4242E-07 1.8151E-07 2.1811E-07 2.3875E-07 2.3700E-07 2.1544E-07 1.8350E-07 1.5110E-07 1.2445E-07 1.0484E-07 9.1054E-08 8.1215E-08 7.3719E-08 6.7289E-08
0.0000E+00 0.0000E+00 0.0000E+00 0.0000E+00 0.0000E+00 0.0000E+00 0.0000E+00 0.0000E+00 0.0000E+00 0.0000E+00 0.0000E+00 0.0000E+00 0.0000E+00 0.0000E+00 0.0000E+00 0.0000E+00 0.0000E+00 0.0000E+00 0.0000E+00 0.0000E+00 0.0000E+00 0.0000E+00 0.0000E+00 1.0714E-11 2.3098E-10 1.6814E-09 5.9555E-09 1.2690E-08 2.0543E-08 2.7397E-08 3.4516E-08 4.1464E-08 4.8221E-08 5.4087E-08 5.9020E-08 6.3107E-08 6.6748E-08 6.9995E-08 7.2749E-08 7.4977E-08 7.7928E-08 8.3609E-08 9.6633E-08 1.2095E-07 1.5637E-07 1.9465E-07 2.2265E-07 2.3052E-07 2.1748E-07 1.9108E-07 1.6170E-07 1.3655E-07 1.1781E-07 1.0443E-07 9.4533E-08 8.6378E-08 7.8537E-08
0.0000E+00 0.0000E+00 0.0000E+00 0.0000E+00 0.0000E+00 0.0000E+00 0.0000E+00 0.0000E+00 0.0000E+00 0.0000E+00 0.0000E+00 0.0000E+00 0.0000E+00 0.0000E+00 0.0000E+00 0.0000E+00 0.0000E+00 0.0000E+00 0.0000E+00 0.0000E+00 0.0000E+00 0.0000E+00 0.0000E+00 4.8104E-11 6.7005E-10 5.1703E-09 1.4771E-08 2.5752E-08 3.6189E-08 4.3372E-08 4.9800E-08 5.6590E-08 6.2651E-08 6.7721E-08 7.1486E-08 7.4415E-08 7.6644E-08 7.7540E-08 7.6953E-08 7.4456E-08 7.0555E-08 6.8175E-08 7.1945E-08 8.6986E-08 1.1466E-07 1.4989E-07 1.8161E-07 1.9885E-07 1.9766E-07 1.8209E-07 1.6068E-07 1.4104E-07 1.2583E-07 1.1460E-07 1.0570E-07 9.7385E-08 8.8559E-08
0.0000E+00 0.0000E+00 0.0000E+00 0.0000E+00 0.0000E+00 0.0000E+00 0.0000E+00 0.0000E+00 0.0000E+00 0.0000E+00 0.0000E+00 0.0000E+00 0.0000E+00 0.0000E+00 0.0000E+00 0.0000E+00 0.0000E+00 0.0000E+00 0.0000E+00 0.0000E+00 0.0000E+00 0.0000E+00 0.0000E+00 1.0985E-10 3.1616E-09 1.6523E-08 3.4113E-08 4.8928E-08 5.7953E-08 6.3561E-08 6.6374E-08 7.1961E-08 7.6588E-08 8.0380E-08 8.2546E-08 8.3874E-08 8.3609E-08 8.0665E-08 7.3486E-08 6.3533E-08 5.3691E-08 4.5774E-08 4.3853E-08 5.1611E-08 7.0677E-08 9.8498E-08 1.2790E-07 1.4998E-07 1.5923E-07 1.5593E-07 1.4589E-07 1.3514E-07 1.2613E-07 1.1906E-07 1.1245E-07 1.0486E-07 9.5794E-08
0.0000E+00 0.0000E+00 0.0000E+00 0.0000E+00 0.0000E+00 0.0000E+00 0.0000E+00 0.0000E+00 0.0000E+00 0.0000E+00 0.0000E+00 0.0000E+00 0.0000E+00 0.0000E+00 0.0000E+00 0.0000E+00 0.0000E+00 0.0000E+00 0.0000E+00 0.0000E+00 0.0000E+00 0.0000E+00 0.0000E+00 2.7590E-09 2.2288E-08 5.0811E-08 6.7463E-08 8.1444E-08 8.2626E-08 8.5402E-08 8.2615E-08 8.5908E-08 8.8819E-08 9.1124E-08 9.1306E-08 8.9382E-08 8.3028E-08 7.1944E-08 5.7468E-08 4.2758E-08 3.0285E-08 2.3061E-08 2.1056E-08 2.5007E-08 3.6730E-08 5.5412E-08 7.7666E-08 9.8221E-08 1.1244E-07 1.1881E-07 1.1974E-07 1.1861E-07 1.1723E-07 1.1566E-07 1.1265E-07 1.0713E-07 9.8720E-08
0.0000E+00 0.0000E+00 0.0000E+00 0.0000E+00 0.0000E+00 0.0000E+00 0.0000E+00 0.0000E+00 0.0000E+00 0.0000E+00 0.0000E+00 0.0000E+00 0.0000E+00 0.0000E+00 0.0000E+00 0.0000E+00 0.0000E+00 0.0000E+00 0.0000E+00 0.0000E+00 0.0000E+00 1.6763E-10 9.7841E-09 4.6120E-08 9.1589E-08 1.0661E-07 1.0977E-07 1.1242E-07 1.0469E-07 1.0534E-07 9.6563E-08 9.7605E-08 9.9129E-08 9.8864E-08 9.3948E-08 8.2574E-08 6.5951E-08 4.7690E-08 3.2042E-08 2.0047E-08 1.2180E-08 7.2646E-09 6.8415E-09 9.9100E-09 1.6170E-08 2.6802E-08 4.0837E-08 5.6159E-08 7.0042E-08 8.0607E-08 8.8512E-08 9.4828E-08 1.0018E-07 1.0390E-07 1.0510E-07 1.0243E-07 9.5628E-08
0.0000E+00 0.0000E+00 0.0000E+00 0.0000E+00 0.0000E+00 0.0000E+00 0.0000E+00 0.0000E+00 0.0000E+00 0.0000E+00 0.0000E+00 0.0000E+00 0.0000E+00 0.0000E+00 0.0000E+00 0.0000E+00 0.0000E+00 0.0000E+00 0.0000E+00 0.0000E+00 1.7358E-10 5.3311E-08 1.0269E-07 1.2659E-07 1.3192E-07 1.3136E-07 1.3464E-07 1.3061E-07 1.2255E-07 1.2129E-07 1.0776E-07 1.0727E-07 1.0576E-07 9.6363E-08 7.6776E-08 5.4014E-08 3.4084E-08 1.9749E-08 1.0901E-08 5.7313E-09 2.8636E-09 1.3991E-09 7.7798E-10 2.1348E-09 5.8809E-09 1.1143E-08 1.8743E-08 2.8286E-08 3.8806E-08 4.9280E-08 5.9495E-08 6.9340E-08 7.8510E-08 8.6173E-08 9.1106E-08 9.1692E-08 8.7214E-08
0.0000E+00 0.0000E+00 0.0000E+00 0.0000E+00 0.0000E+00 0.0000E+00 0.0000E+00 0.0000E+00 0.0000E+00 0.0000E+00 0.0000E+00 0.0000E+00 0.0000E+00 0.0000E+00 0.0000E+00 0.0000E+00 0.0000E+00 0.0000E+00 0.0000E+00 0.0000E+00 0.0000E+00 4.0108E-07 2.0917E-07 1.4665E-07 1.4105E-07 1.3655E-07 1.3351E-07 1.3379E-07 1.3286E-07 1.3396E-07 1.1979E-07 1.1152E-07 9.1754E-08 6.3253E-08 3.5778E-08 1.8612E-08 8.8606E-09 4.0338E-09 1.6523E-09 5.3295E-10 0.0000E+00 2.9572E-11 9.2167E-11 2.3939E-10 1.3705E-09 4.4844E-09 8.0643E-09 1.3229E-08 1.9924E-08 2.7898E-08 3.6974E-08 4.6858E-08 5.6940E-08 6.6211E-08 7.3244E-08 7.6194E-08 7.4658E-08
0.0000E+00 0.0000E+00 0.0000E+00 0.0000E+00 0.0000E+00 0.0000E+00 0.0000E+00 0.0000E+00 0.0000E+00 0.0000E+00 0.0000E+00 0.0000E+00 0.0000E+00 0.0000E+00 0.0000E+00 0.0000E+00 0.0000E+00 0.0000E+00 0.0000E+00 0.0000E+00 0.0000E+00 6.4338E-07 3.4298E-07 1.6066E-07 1.5198E-07 1.4668E-07 1.4096E-07 1.3641E-07 1.3318E-07 1.3111E-07 1.0975E-07 7.3770E-08 3.7624E-08 1.6231E-08 6.1448E-09 2.0891E-09 5.2479E-10 3.2503E-12 0.0000E+00 0.0000E+00 0.0000E+00 1.9597E-11 6.9378E-11 1.5800E-10 3.6666E-10 9.6879E-10 3.2052E-09 5.8215E-09 9.7133E-09 1.5011E-08 2.1787E-08 2.9856E-08 3.8755E-08 4.7755E-08 5.5516E-08 6.0080E-08 6.1071E-08
