Assets/Resources/2015_m01_d02_2100(utc+0800)_l00_csi_1hr_conc.grd
DSAA
         159         159
     -79.000      79.000
     -79.000      79.000
  0.0000E+00  0.1011E-04
[rows 50 to 74 of 159, columns 0 to 56 of 159]
1.9790E-10 2.2655E-10 2.6231E-10 2.9891E-10 3.4328E-10 3.8935E-10 4.4205E-10 5.0103E-10 5.6567E-10 6.3714E-10 7.1541E-10 7.9947E-10 8.9611E-10 9.9656E-10 1.1054E-09 1.2265E-09 1.3538E-09 1.4903E-09 1.6400E-09 1.7963E-09 1.9624E-09 2.1382E-09 2.3279E-09 2.5235E-09 2.7283E-09 2.9420E-09 3.1685E-09 3.3991E-09 3.6369E-09 3.8810E-09 4.1364E-09 4.3918E-09 4.6507E-09 4.9120E-09 5.1808E-09 5.4445E-09 5.7068E-09 5.9664E-09 6.2281E-09 6.4793E-09 6.7235E-09 6.9561E-09 7.1767E-09 7.3933E-09 7.5913E-09 7.7754E-09 7.9411E-09 8.0892E-09 8.2276E-09 8.3417E-09 8.4368E-09 8.5200E-09 8.5845E-09 8.6341E-09 8.6556E-09 8.6542E-09 8.6296E-09
1.9267E-10 2.2408E-10 2.5616E-10 2.9369E-10 3.3608E-10 3.8301E-10 4.3548E-10 4.9344E-10 5.5590E-10 6.2820E-10 7.0423E-10 7.8897E-10 8.8356E-10 9.8467E-10 1.0928E-09 1.2134E-09 1.3400E-09 1.4759E-09 1.6253E-09 1.7812E-09 1.9469E-09 2.1262E-09 2.3122E-09 2.5079E-09 2.7129E-09 2.9309E-09 3.1544E-09 3.3859E-09 3.6248E-09 3.8703E-09 4.1281E-09 4.3856E-09 4.6471E-09 4.9172E-09 5.1844E-09 5.4520E-09 5.7188E-09 5.9834E-09 6.2517E-09 6.5091E-09 6.7601E-09 7.0033E-09 7.2407E-09 7.4601E-09 7.6674E-09 7.8614E-09 8.0408E-09 8.2085E-09 8.3544E-09 8.4819E-09 8.5892E-09 8.6769E-09 8.7601E-09 8.8172E-09 8.8518E-09 8.8634E-09 8.8514E-09
1.8869E-10 2.1812E-10 2.5116E-10 2.8657E-10 3.2989E-10 3.7462E-10 4.2792E-10 4.8361E-10 5.4673E-10 6.1677E-10 6.9337E-10 7.7568E-10 8.7097E-10 9.6964E-10 1.0782E-09 1.1981E-09 1.3238E-09 1.4588E-09 1.6076E-09 1.7627E-09 1.9276E-09 2.1067E-09 2.2922E-09 2.4874E-09 2.6922E-09 2.9106E-09 3.1342E-09 3.3661E-09 3.6057E-09 3.8580E-09 4.1119E-09 4.3711E-09 4.6347E-09 4.9081E-09 5.1784E-09 5.4497E-09 5.7206E-09 5.9968E-09 6.2646E-09 6.5281E-09 6.7858E-09 7.0433E-09 7.2868E-09 7.5164E-09 7.7333E-09 7.9375E-09 8.1350E-09 8.3140E-09 8.4730E-09 8.6139E-09 8.7357E-09 8.8447E-09 8.9274E-09 8.9981E-09 9.0474E-09 9.0804E-09 9.0842E-09
1.8294E-10 2.1340E-10 2.4428E-10 2.8238E-10 3.2170E-10 3.6719E-10 4.1822E-10 4.7454E-10 5.3520E-10 6.0582E-10 6.7989E-10 7.6257E-10 8.5543E-10 9.5438E-10 1.0602E-09 1.1806E-09 1.3051E-09 1.4427E-09 1.5868E-09 1.7408E-09 1.9047E-09 2.0830E-09 2.2676E-09 2.4621E-09 2.6662E-09 2.8845E-09 3.1078E-09 3.3397E-09 3.5794E-09 3.8328E-09 4.0876E-09 4.3481E-09 4.6193E-09 4.8895E-09 5.1625E-09 5.4370E-09 5.7181E-09 5.9933E-09 6.2663E-09 6.5356E-09 6.7998E-09 7.0659E-09 7.3177E-09 7.5603E-09 7.7879E-09 8.0092E-09 8.2149E-09 8.4063E-09 8.5821E-09 8.7371E-09 8.8817E-09 9.0005E-09 9.0985E-09 9.1759E-09 9.2484E-09 9.2922E-09 9.3122E-09
1.7853E-10 2.0685E-10 2.3864E-10 2.7450E-10 3.1460E-10 3.5769E-10 4.0940E-10 4.6321E-10 5.2433E-10 5.9241E-10 6.6677E-10 7.5026E-10 8.3990E-10 9.3601E-10 1.0457E-09 1.1596E-09 1.2840E-09 1.4203E-09 1.5631E-09 1.7156E-09 1.8820E-09 2.0553E-09 2.2386E-09 2.4319E-09 2.6392E-09 2.8526E-09 3.0752E-09 3.3065E-09 3.5516E-09 3.7999E-09 4.0551E-09 4.3162E-09 4.5893E-09 4.8613E-09 5.1364E-09 5.4136E-09 5.6990E-09 5.9784E-09 6.2561E-09 6.5309E-09 6.8093E-09 7.0761E-09 7.3361E-09 7.5878E-09 7.8359E-09 8.0658E-09 8.2834E-09 8.4876E-09 8.6771E-09 8.8584E-09 9.0122E-09 9.1478E-09 9.2634E-09 9.3655E-09 9.4409E-09 9.5028E-09 9.5408E-09
1.7231E-10 2.0163E-10 2.3110E-10 2.6782E-10 3.0549E-10 3.4922E-10 3.9844E-10 4.5271E-10 5.1308E-10 5.7955E-10 6.5108E-10 7.3480E-10 8.2147E-10 9.1748E-10 1.0242E-09 1.1379E-09 1.2591E-09 1.3953E-09 1.5363E-09 1.6870E-09 1.8519E-09 2.0235E-09 2.2052E-09 2.3968E-09 2.6029E-09 2.8149E-09 3.0363E-09 3.2665E-09 3.5114E-09 3.7592E-09 4.0142E-09 4.2816E-09 4.5500E-09 4.8231E-09 5.0999E-09 5.3861E-09 5.6686E-09 5.9516E-09 6.2338E-09 6.5210E-09 6.7995E-09 7.0734E-09 7.3413E-09 7.6020E-09 7.8630E-09 8.1094E-09 8.3394E-09 8.5568E-09 8.7681E-09 8.9585E-09 9.1327E-09 9.2854E-09 9.4274E-09 9.5429E-09 9.6371E-09 9.7106E-09 9.7757E-09
1.6752E-10 1.9611E-10 2.2489E-10 2.6074E-10 2.9756E-10 3.4056E-10 3.8847E-10 4.3999E-10 5.0070E-10 5.6427E-10 6.3584E-10 7.1664E-10 8.0315E-10 8.9593E-10 1.0025E-09 1.1128E-09 1.2334E-09 1.3664E-09 1.5066E-09 1.6553E-09 1.8183E-09 1.9878E-09 2.1673E-09 2.3569E-09 2.5613E-09 2.7715E-09 2.9912E-09 3.2254E-09 3.4640E-09 3.7107E-09 3.9650E-09 4.2327E-09 4.5012E-09 4.7749E-09 5.0529E-09 5.3416E-09 5.6266E-09 5.9128E-09 6.1989E-09 6.4921E-09 6.7764E-09 7.0571E-09 7.3328E-09 7.6103E-09 7.8766E-09 8.1343E-09 8.3817E-09 8.6199E-09 8.8401E-09 9.0465E-09 9.2379E-09 9.4200E-09 9.5751E-09 9.7116E-09 9.8271E-09 9.9283E-09 1.0003E-08
1.6250E-10 1.8889E-10 2.1836E-10 2.5187E-10 2.8918E-10 3.3123E-10 3.7636E-10 4.2821E-10 4.8603E-10 5.4967E-10 6.1811E-10 6.9883E-10 7.8203E-10 8.7434E-10 9.7756E-10 1.0872E-09 1.2080E-09 1.3363E-09 1.4728E-09 1.6190E-09 1.7812E-09 1.9482E-09 2.1253E-09 2.3166E-09 2.5147E-09 2.7226E-09 2.9400E-09 3.1726E-09 3.4094E-09 3.6546E-09 3.9134E-09 4.1749E-09 4.4430E-09 4.7167E-09 5.0020E-09 5.2859E-09 5.5729E-09 5.8617E-09 6.1588E-09 6.4499E-09 6.7396E-09 7.0267E-09 7.3168E-09 7.5992E-09 7.8755E-09 8.1444E-09 8.4114E-09 8.6626E-09 8.8980E-09 9.1209E-09 9.3374E-09 9.5331E-09 9.7118E-09 9.8696E-09 1.0016E-08 1.0135E-08 1.0232E-08
1.5580E-10 1.8298E-10 2.1007E-10 2.4419E-10 2.7898E-10 3.2141E-10 3.6537E-10 4.1425E-10 4.7224E-10 5.3272E-10 6.0097E-10 6.7844E-10 7.6116E-10 8.5356E-10 9.5247E-10 1.0583E-09 1.1782E-09 1.3026E-09 1.4364E-09 1.5852E-09 1.7393E-09 1.9049E-09 2.0791E-09 2.2678E-09 2.4630E-09 2.6681E-09 2.8828E-09 3.1133E-09 3.3478E-09 3.5908E-09 3.8483E-09 4.1084E-09 4.3755E-09 4.6486E-09 4.9345E-09 5.2191E-09 5.5073E-09 5.8049E-09 6.0992E-09 6.3942E-09 6.6889E-09 6.9819E-09 7.2821E-09 7.5730E-09 7.8590E-09 8.1453E-09 8.4196E-09 8.6854E-09 8.9405E-09 9.1872E-09 9.4165E-09 9.6322E-09 9.8327E-09 1.0023E-08 1.0187E-08 1.0332E-08 1.0455E-08
1.4857E-10 1.7535E-10 2.0311E-10 2.3473E-10 2.6995E-10 3.0972E-10 3.5385E-10 4.0137E-10 4.5623E-10 5.1659E-10 5.8144E-10 6.5857E-10 7.3766E-10 8.2938E-10 9.2443E-10 1.0291E-09 1.1451E-09 1.2666E-09 1.3989E-09 1.5434E-09 1.6958E-09 1.8567E-09 2.0290E-09 2.2147E-09 2.4066E-09 2.6085E-09 2.8200E-09 3.0478E-09 3.2794E-09 3.5197E-09 3.7753E-09 4.0334E-09 4.2987E-09 4.5771E-09 4.8565E-09 5.1411E-09 5.4300E-09 5.7299E-09 6.0266E-09 6.3249E-09 6.6239E-09 6.9308E-09 7.2320E-09 7.5310E-09 7.8264E-09 8.1246E-09 8.4114E-09 8.6911E-09 8.9625E-09 9.2315E-09 9.4797E-09 9.7158E-09 9.9383E-09 1.0155E-08 1.0346E-08 1.0517E-08 1.0669E-08
1.3924E-10 1.6716E-10 1.9441E-10 2.2658E-10 2.5913E-10 2.9919E-10 3.4045E-10 3.8794E-10 4.4125E-10 4.9823E-10 5.6626E-10 6.3626E-10 7.1460E-10 8.0252E-10 8.9643E-10 9.9694E-10 1.1100E-09 1.2301E-09 1.3576E-09 1.5005E-09 1.6480E-09 1.8067E-09 1.9739E-09 2.1561E-09 2.3457E-09 2.5439E-09 2.7575E-09 2.9763E-09 3.2044E-09 3.4474E-09 3.6946E-09 3.9500E-09 4.2130E-09 4.4902E-09 4.7683E-09 5.0522E-09 5.3410E-09 5.6426E-09 5.9410E-09 6.2419E-09 6.5516E-09 6.8590E-09 7.1664E-09 7.4728E-09 7.7839E-09 8.0869E-09 8.3858E-09 8.6792E-09 8.9738E-09 9.2547E-09 9.5252E-09 9.7822E-09 1.0036E-08 1.0270E-08 1.0488E-08 1.0689E-08 1.0879E-08
1.3206E-10 1.5898E-10 1.8514E-10 2.1668E-10 2.4961E-10 2.8685E-10 3.2820E-10 3.7262E-10 4.2416E-10 4.8086E-10 5.4533E-10 6.1468E-10 6.8910E-10 7.7603E-10 8.6575E-10 9.6326E-10 1.0749E-09 1.1901E-09 1.3157E-09 1.4537E-09 1.5988E-09 1.7523E-09 1.9197E-09 2.0952E-09 2.2792E-09 2.4746E-09 2.6844E-09 2.8991E-09 3.1233E-09 3.3630E-09 3.6066E-09 3.8587E-09 4.1188E-09 4.3940E-09 4.6702E-09 4.9526E-09 5.2481E-09 5.5431E-09 5.8425E-09 6.1460E-09 6.4604E-09 6.7719E-09 7.0848E-09 7.3980E-09 7.7184E-09 8.0315E-09 8.3419E-09 8.6558E-09 8.9598E-09 9.2580E-09 9.5489E-09 9.8374E-09 1.0108E-08 1.0367E-08 1.0613E-08 1.0852E-08 1.1069E-08
1.2493E-10 1.4870E-10 1.7588E-10 2.0621E-10 2.3835E-10 2.7581E-10 3.1415E-10 3.5844E-10 4.0827E-10 4.6139E-10 5.2537E-10 5.9085E-10 6.6429E-10 7.4710E-10 8.3538E-10 9.2985E-10 1.0368E-09 1.1500E-09 1.2705E-09 1.4061E-09 1.5458E-09 1.6950E-09 1.8598E-09 2.0294E-09 2.2103E-09 2.3997E-09 2.6051E-09 2.8167E-09 3.0364E-09 3.2721E-09 3.5116E-09 3.7598E-09 4.0229E-09 4.2889E-09 4.5624E-09 4.8427E-09 5.1375E-09 5.4318E-09 5.7315E-09 6.0374E-09 6.3548E-09 6.6697E-09 6.9872E-09 7.3134E-09 7.6355E-09 7.9578E-09 8.2792E-09 8.6071E-09 8.9260E-09 9.2410E-09 9.5579E-09 9.8632E-09 1.0159E-08 1.0444E-08 1.0726E-08 1.0989E-08 1.1239E-08
1.1558E-10 1.4060E-10 1.6666E-10 1.9574E-10 2.2652E-10 2.6303E-10 3.0139E-10 3.4248E-10 3.9040E-10 4.4312E-10 5.0333E-10 5.6796E-10 6.3727E-10 7.1882E-10 8.0262E-10 8.9379E-10 9.9888E-10 1.1069E-09 1.2289E-09 1.3552E-09 1.4906E-09 1.6368E-09 1.7956E-09 1.9619E-09 2.1365E-09 2.3208E-09 2.5230E-09 2.7281E-09 2.9428E-09 3.1753E-09 3.4102E-09 3.6539E-09 3.9132E-09 4.1754E-09 4.4455E-09 4.7299E-09 5.0161E-09 5.3090E-09 5.6094E-09 5.9220E-09 6.2349E-09 6.5524E-09 6.8737E-09 7.2059E-09 7.5348E-09 7.8655E-09 8.2043E-09 8.5382E-09 8.8714E-09 9.2026E-09 9.5392E-09 9.8654E-09 1.0186E-08 1.0498E-08 1.0810E-08 1.1105E-08 1.1388E-08
1.0854E-10 1.3255E-10 1.5534E-10 1.8531E-10 2.1472E-10 2.4970E-10 2.8692E-10 3.2781E-10 3.7390E-10 4.2291E-10 4.8246E-10 5.4305E-10 6.1119E-10 6.8838E-10 7.6897E-10 8.6213E-10 9.5837E-10 1.0641E-09 1.1806E-09 1.3026E-09 1.4350E-09 1.5750E-09 1.7304E-09 1.8903E-09 2.0596E-09 2.2400E-09 2.4356E-09 2.6352E-09 2.8458E-09 3.0719E-09 3.3014E-09 3.5414E-09 3.7963E-09 4.0541E-09 4.3200E-09 4.6014E-09 4.8847E-09 5.1763E-09 5.4753E-09 5.7879E-09 6.1013E-09 6.4202E-09 6.7510E-09 7.0816E-09 7.4163E-09 7.7544E-09 8.1034E-09 8.4486E-09 8.7950E-09 9.1491E-09 9.4973E-09 9.8439E-09 1.0188E-08 1.0535E-08 1.0871E-08 1.1197E-08 1.1527E-08
1.0216E-10 1.2456E-10 1.4624E-10 1.7277E-10 2.0297E-10 2.3641E-10 2.7194E-10 3.1149E-10 3.5557E-10 4.0410E-10 4.5972E-10 5.1933E-10 5.8317E-10 6.5887E-10 7.3629E-10 8.2444E-10 9.1848E-10 1.0187E-09 1.1310E-09 1.2501E-09 1.3763E-09 1.5128E-09 1.6618E-09 1.8162E-09 1.9815E-09 2.1605E-09 2.3447E-09 2.5399E-09 2.7493E-09 2.9636E-09 3.1887E-09 3.4216E-09 3.6715E-09 3.9254E-09 4.1866E-09 4.4641E-09 4.7443E-09 5.0332E-09 5.3357E-09 5.6413E-09 5.9541E-09 6.2736E-09 6.6068E-09 6.9406E-09 7.2800E-09 7.6313E-09 7.9824E-09 8.3377E-09 8.6963E-09 9.0659E-09 9.4310E-09 9.7973E-09 1.0171E-08 1.0538E-08 1.0903E-08 1.1260E-08 1.1626E-08
9.5777E-11 1.1665E-10 1.3722E-10 1.6249E-10 1.9131E-10 2.2319E-10 2.5702E-10 2.9471E-10 3.3881E-10 3.8352E-10 4.3837E-10 4.9382E-10 5.5637E-10 6.2752E-10 7.0157E-10 7.8773E-10 8.7641E-10 9.7252E-10 1.0821E-09 1.1950E-09 1.3178E-09 1.4477E-09 1.5913E-09 1.7416E-09 1.8997E-09 2.0728E-09 2.2523E-09 2.4399E-09 2.6432E-09 2.8526E-09 3.0700E-09 3.3032E-09 3.5422E-09 3.7890E-09 4.0446E-09 4.3191E-09 4.5954E-09 4.8802E-09 5.1799E-09 5.4830E-09 5.7942E-09 6.1193E-09 6.4476E-09 6.7833E-09 7.1261E-09 7.4833E-09 7.8413E-09 8.2053E-09 8.5819E-09 8.9584E-09 9.3396E-09 9.7239E-09 1.0120E-08 1.0512E-08 1.0903E-08 1.1307E-08 1.1694E-08
9.1189E-11 1.0942E-10 1.2831E-10 1.5232E-10 1.7758E-10 2.1010E-10 2.4223E-10 2.7804E-10 3.2005E-10 3.6454E-10 4.1535E-10 4.6975E-10 5.2790E-10 5.9586E-10 6.6814E-10 7.4910E-10 8.3538E-10 9.2735E-10 1.0309E-09 1.1405E-09 1.2568E-09 1.3814E-09 1.5210E-09 1.6640E-09 1.8160E-09 1.9845E-09 2.1561E-09 2.3370E-09 2.5354E-09 2.7366E-09 2.9472E-09 3.1755E-09 3.4065E-09 3.6468E-09 3.9047E-09 4.1662E-09 4.4369E-09 4.7168E-09 5.0140E-09 5.3137E-09 5.6221E-09 5.9461E-09 6.2739E-09 6.6103E-09 6.9550E-09 7.3167E-09 7.6801E-09 8.0513E-09 8.4381E-09 8.8266E-09 9.2218E-09 9.6310E-09 1.0041E-08 1.0455E-08 1.0871E-08 1.1306E-08 1.1726E-08
8.4926E-11 1.0222E-10 1.2013E-10 1.4228E-10 1.6617E-10 1.9495E-10 2.2761E-10 2.6154E-10 3.0146E-10 3.4368E-10 3.9194E-10 4.4412E-10 5.0091E-10 5.6576E-10 6.3302E-10 7.1183E-10 7.9262E-10 8.8027E-10 9.8079E-10 1.0841E-09 1.1952E-09 1.3159E-09 1.4483E-09 1.5853E-09 1.7325E-09 1.8931E-09 2.0580E-09 2.2336E-09 2.4236E-09 2.6177E-09 2.8226E-09 3.0424E-09 3.2663E-09 3.5010E-09 3.7517E-09 4.0067E-09 4.2712E-09 4.5467E-09 4.8377E-09 5.1328E-09 5.4374E-09 5.7604E-09 6.0864E-09 6.4221E-09 6.7746E-09 7.1320E-09 7.4991E-09 7.8759E-09 8.2714E-09 8.6698E-09 9.0772E-09 9.5034E-09 9.9311E-09 1.0366E-08 1.0821E-08 1.1268E-08 1.1724E-08
7.8732E-11 9.3299E-11 1.1201E-10 1.3301E-10 1.5495E-10 1.8445E-10 2.1321E-10 2.4528E-10 2.8309E-10 3.2095E-10 3.6876E-10 4.1822E-10 4.7253E-10 5.3411E-10 5.9953E-10 6.7304E-10 7.4976E-10 8.3469E-10 9.2903E-10 1.0273E-09 1.1348E-09 1.2484E-09 1.3749E-09 1.5073E-09 1.6466E-09 1.8006E-09 1.9601E-09 2.1270E-09 2.3098E-09 2.4980E-09 2.6939E-09 2.9063E-09 3.1241E-09 3.3502E-09 3.5938E-09 3.8415E-09 4.1006E-09 4.3741E-09 4.6533E-09 4.9428E-09 5.2440E-09 5.5619E-09 5.8848E-09 6.2183E-09 6.5719E-09 6.9298E-09 7.2991E-09 7.6871E-09 8.0818E-09 8.4879E-09 8.9066E-09 9.3463E-09 9.7892E-09 1.0242E-08 1.0720E-08 1.1193E-08 1.1681E-08
7.2630E-11 8.6331E-11 1.0400E-10 1.2378E-10 1.4456E-10 1.6781E-10 1.9906E-10 2.2930E-10 2.6286E-10 3.0062E-10 3.4235E-10 3.9265E-10 4.4401E-10 5.0431E-10 5.6469E-10 6.3219E-10 7.0870E-10 7.8769E-10 8.7888E-10 9.7226E-10 1.0728E-09 1.1823E-09 1.3030E-09 1.4276E-09 1.5618E-09 1.7090E-09 1.8599E-09 2.0195E-09 2.1963E-09 2.3752E-09 2.5632E-09 2.7693E-09 2.9778E-09 3.1960E-09 3.4319E-09 3.6733E-09 3.9232E-09 4.1896E-09 4.4618E-09 4.7462E-09 5.0463E-09 5.3531E-09 5.6715E-09 6.0029E-09 6.3532E-09 6.7099E-09 7.0793E-09 7.4700E-09 7.8697E-09 8.2823E-09 8.7169E-09 9.1594E-09 9.6150E-09 1.0083E-08 1.0578E-08 1.1081E-08 1.1594E-08
6.6639E-11 7.9486E-11 9.7942E-11 1.1488E-10 1.3609E-10 1.5794E-10 1.8520E-10 2.1365E-10 2.4512E-10 2.8068E-10 3.1997E-10 3.6750E-10 4.1593E-10 4.7297E-10 5.2983E-10 5.9404E-10 6.6641E-10 7.4264E-10 8.2758E-10 9.1592E-10 1.0127E-09 1.1151E-09 1.2296E-09 1.3495E-09 1.4756E-09 1.6158E-09 1.7594E-09 1.9130E-09 2.0806E-09 2.2516E-09 2.4329E-09 2.6294E-09 2.8296E-09 3.0393E-09 3.2684E-09 3.4999E-09 3.7415E-09 3.9999E-09 4.2659E-09 4.5414E-09 4.8347E-09 5.1351E-09 5.4491E-09 5.7742E-09 6.1210E-09 6.4747E-09 6.8426E-09 7.2351E-09 7.6353E-09 8.0514E-09 8.4917E-09 8.9415E-09 9.4068E-09 9.8993E-09 1.0404E-08 1.0926E-08 1.1479E-08
6.0779E-11 7.4658E-11 9.0289E-11 1.0617E-10 1.2611E-10 1.4663E-10 1.7168E-10 1.9837E-10 2.3005E-10 2.6118E-10 2.9809E-10 3.4288E-10 3.8842E-10 4.4220E-10 4.9559E-10 5.5607E-10 6.2427E-10 6.9663E-10 7.7284E-10 8.6177E-10 9.5169E-10 1.0483E-09 1.1584E-09 1.2704E-09 1.3898E-09 1.5244E-09 1.6608E-09 1.8052E-09 1.9649E-09 2.1292E-09 2.3007E-09 2.4888E-09 2.6802E-09 2.8825E-09 3.1014E-09 3.3238E-09 3.5565E-09 3.8079E-09 4.0637E-09 4.3308E-09 4.6164E-09 4.9107E-09 5.2163E-09 5.5419E-09 5.8765E-09 6.2258E-09 6.5915E-09 6.9809E-09 7.3808E-09 7.7974E-09 8.2407E-09 8.6948E-09 9.1643E-09 9.6703E-09 1.0190E-08 1.0726E-08 1.1300E-08
5.3334E-11 6.8187E-11 8.2821E-11 9.7670E-11 1.1637E-10 1.3558E-10 1.5910E-10 1.8350E-10 2.1128E-10 2.4217E-10 2.7676E-10 3.1886E-10 3.6156E-10 4.0998E-10 4.6209E-10 5.1890E-10 5.8297E-10 6.5102E-10 7.2461E-10 8.0690E-10 8.9150E-10 9.8413E-10 1.0865E-09 1.1921E-09 1.3064E-09 1.4324E-09 1.5614E-09 1.6981E-09 1.8513E-09 2.0058E-09 2.1687E-09 2.3495E-09 2.5320E-09 2.7235E-09 2.9332E-09 3.1462E-09 3.3709E-09 3.6115E-09 3.8580E-09 4.1159E-09 4.3942E-09 4.6784E-09 4.9757E-09 5.2939E-09 5.6215E-09 5.9644E-09 6.3318E-09 6.7107E-09 7.1071E-09 7.5216E-09 7.9650E-09 8.4194E-09 8.8902E-09 9.4098E-09 9.9357E-09 1.0483E-08 1.1074E-08
4.9825E-11 6.1901E-11 7.3793E-11 8.9402E-11 1.0502E-10 1.2483E-10 1.4684E-10 1.6965E-10 1.9502E-10 2.2602E-10 2.5604E-10 2.9551E-10 3.3545E-10 3.7703E-10 4.2947E-10 4.8267E-10 5.4476E-10 6.0647E-10 6.7551E-10 7.5273E-10 8.3409E-10 9.1954E-10 1.0159E-09 1.1168E-09 1.2228E-09 1.3417E-09 1.4648E-09 1.5938E-09 1.7374E-09 1.8834E-09 2.0392E-09 2.2095E-09 2.3826E-09 2.5647E-09 2.7663E-09 2.9695E-09 3.1828E-09 3.4135E-09 3.6500E-09 3.8994E-09 4.1666E-09 4.4412E-09 4.7290E-09 5.0383E-09 5.3574E-09 5.6937E-09 6.0533E-09 6.4254E-09 6.8161E-09 7.2337E-09 7.6662E-09 8.1157E-09 8.6063E-09 9.1138E-09 9.6436E-09 1.0197E-08 1.0801E-08
