Assets/Resources/2015_m01_d05_2100(utc+0800)_l00_csi_1hr_conc.grd
DSAA
         159         159
     -79.000      79.000
     -79.000      79.000
  0.0000E+00  0.9150E-05
[rows 25 to 49 of 159, columns 57 to 113 of 159]
2.8455E-09 3.6142E-09 4.4914E-09 5.4616E-09 6.5090E-09 7.6031E-09 8.7114E-09 9.8013E-09 1.0838E-08 1.1783E-08 1.2620E-08 1.3328E-08 1.3892E-08 1.4297E-08 1.4539E-08 1.4610E-08 1.4500E-08 1.4200E-08 1.3696E-08 1.2978E-08 1.2041E-08 1.0901E-08 9.5812E-09 8.1413E-09 6.6601E-09 5.2149E-09 3.8900E-09 2.7487E-09 1.8342E-09 1.1485E-09 6.6320E-10 3.3808E-10 1.3671E-10 2.4924E-11 5.4166E-13 0.0000E+00 0.0000E+00 0.0000E+00 0.0000E+00 0.0000E+00 0.0000E+00 0.0000E+00 0.0000E+00 0.0000E+00 0.0000E+00 0.0000E+00 0.0000E+00 0.0000E+00 0.0000E+00 0.0000E+00 0.0000E+00 0.0000E+00 0.0000E+00 0.0000E+00 0.0000E+00 0.0000E+00 0.0000E+00
2.5323E-09 3.2525E-09 4.0866E-09 5.0234E-09 6.0539E-09 7.1497E-09 8.2766E-09 9.4031E-09 1.0500E-08 1.1527E-08 1.2465E-08 1.3286E-08 1.3977E-08 1.4527E-08 1.4928E-08 1.5164E-08 1.5226E-08 1.5095E-08 1.4748E-08 1.4160E-08 1.3316E-08 1.2213E-08 1.0866E-08 9.3326E-09 7.6994E-09 6.0771E-09 4.5661E-09 3.2452E-09 2.1689E-09 1.3530E-09 7.8077E-10 4.0066E-10 1.6048E-10 3.3737E-11 2.4949E-12 0.0000E+00 0.0000E+00 0.0000E+00 0.0000E+00 0.0000E+00 0.0000E+00 0.0000E+00 0.0000E+00 0.0000E+00 0.0000E+00 0.0000E+00 0.0000E+00 0.0000E+00 0.0000E+00 0.0000E+00 0.0000E+00 0.0000E+00 0.0000E+00 0.0000E+00 0.0000E+00 0.0000E+00 0.0000E+00
2.2295E-09 2.8982E-09 3.6855E-09 4.5835E-09 5.5857E-09 6.6741E-09 7.8106E-09 8.9700E-09 1.0122E-08 1.1220E-08 1.2248E-08 1.3184E-08 1.4006E-08 1.4699E-08 1.5256E-08 1.5666E-08 1.5910E-08 1.5966E-08 1.5796E-08 1.5365E-08 1.4640E-08 1.3597E-08 1.2246E-08 1.0637E-08 8.8741E-09 7.0620E-09 5.3346E-09 3.8081E-09 2.5563E-09 1.6021E-09 9.1882E-10 4.6818E-10 1.9261E-10 4.3258E-11 4.7569E-12 0.0000E+00 0.0000E+00 0.0000E+00 0.0000E+00 0.0000E+00 0.0000E+00 0.0000E+00 0.0000E+00 0.0000E+00 0.0000E+00 0.0000E+00 0.0000E+00 0.0000E+00 0.0000E+00 0.0000E+00 0.0000E+00 0.0000E+00 0.0000E+00 0.0000E+00 0.0000E+00 0.0000E+00 0.0000E+00
1.9410E-09 2.5564E-09 3.2921E-09 4.1462E-09 5.1119E-09 6.1806E-09 7.3230E-09 8.5017E-09 9.6950E-09 1.0864E-08 1.1979E-08 1.3018E-08 1.3961E-08 1.4798E-08 1.5517E-08 1.6099E-08 1.6535E-08 1.6790E-08 1.6818E-08 1.6572E-08 1.5995E-08 1.5051E-08 1.3731E-08 1.2065E-08 1.0162E-08 8.1653E-09 6.2249E-09 4.4706E-09 3.0066E-09 1.8789E-09 1.0830E-09 5.5370E-10 2.2362E-10 5.8883E-11 9.1508E-12 0.0000E+00 0.0000E+00 0.0000E+00 0.0000E+00 0.0000E+00 0.0000E+00 0.0000E+00 0.0000E+00 0.0000E+00 0.0000E+00 0.0000E+00 0.0000E+00 0.0000E+00 0.0000E+00 0.0000E+00 0.0000E+00 0.0000E+00 0.0000E+00 0.0000E+00 0.0000E+00 0.0000E+00 0.0000E+00
1.6679E-09 2.2295E-09 2.9124E-09 3.7153E-09 4.6378E-09 5.6756E-09 6.8072E-09 8.0066E-09 9.2361E-09 1.0458E-08 1.1649E-08 1.2790E-08 1.3854E-08 1.4826E-08 1.5698E-08 1.6459E-08 1.7087E-08 1.7547E-08 1.7791E-08 1.7756E-08 1.7360E-08 1.6545E-08 1.5283E-08 1.3607E-08 1.1601E-08 9.4179E-09 7.2306E-09 5.2248E-09 3.5373E-09 2.2209E-09 1.2696E-09 6.4884E-10 2.6813E-10 6.8813E-11 1.3628E-11 0.0000E+00 0.0000E+00 0.0000E+00 0.0000E+00 0.0000E+00 0.0000E+00 0.0000E+00 0.0000E+00 0.0000E+00 0.0000E+00 0.0000E+00 0.0000E+00 0.0000E+00 0.0000E+00 0.0000E+00 0.0000E+00 0.0000E+00 0.0000E+00 0.0000E+00 0.0000E+00 0.0000E+00 0.0000E+00
1.4166E-09 1.9231E-09 2.5477E-09 3.2970E-09 4.1702E-09 5.1716E-09 6.2833E-09 7.4804E-09 8.7361E-09 1.0009E-08 1.1273E-08 1.2501E-08 1.3672E-08 1.4777E-08 1.5800E-08 1.6733E-08 1.7550E-08 1.8223E-08 1.8695E-08 1.8885E-08 1.8700E-08 1.8065E-08 1.6920E-08 1.5259E-08 1.3163E-08 1.0808E-08 8.3938E-09 6.1153E-09 4.1495E-09 2.6078E-09 1.4981E-09 7.6174E-10 3.1528E-10 8.9109E-11 1.9983E-11 0.0000E+00 0.0000E+00 0.0000E+00 0.0000E+00 0.0000E+00 0.0000E+00 0.0000E+00 0.0000E+00 0.0000E+00 0.0000E+00 0.0000E+00 0.0000E+00 0.0000E+00 0.0000E+00 0.0000E+00 0.0000E+00 0.0000E+00 0.0000E+00 0.0000E+00 0.0000E+00 0.0000E+00 0.0000E+00
1.1865E-09 1.6383E-09 2.2045E-09 2.8966E-09 3.7166E-09 4.6721E-09 5.7512E-09 6.9382E-09 8.2061E-09 9.5165E-09 1.0838E-08 1.2149E-08 1.3425E-08 1.4654E-08 1.5817E-08 1.6913E-08 1.7921E-08 1.8806E-08 1.9508E-08 1.9945E-08 2.0010E-08 1.9583E-08 1.8584E-08 1.7001E-08 1.4888E-08 1.2385E-08 9.7189E-09 7.1472E-09 4.8901E-09 3.0824E-09 1.7562E-09 8.9675E-10 3.7167E-10 1.0466E-10 2.6355E-11 0.0000E+00 0.0000E+00 0.0000E+00 0.0000E+00 0.0000E+00 0.0000E+00 0.0000E+00 0.0000E+00 0.0000E+00 0.0000E+00 0.0000E+00 0.0000E+00 0.0000E+00 0.0000E+00 0.0000E+00 0.0000E+00 0.0000E+00 0.0000E+00 0.0000E+00 0.0000E+00 0.0000E+00 0.0000E+00
9.8014E-10 1.3767E-09 1.8837E-09 2.5146E-09 3.2774E-09 4.1821E-09 5.2234E-09 6.3853E-09 7.6491E-09 8.9836E-09 1.0363E-08 1.1746E-08 1.3112E-08 1.4455E-08 1.5755E-08 1.7008E-08 1.8191E-08 1.9285E-08 2.0223E-08 2.0912E-08 2.1234E-08 2.1067E-08 2.0294E-08 1.8847E-08 1.6744E-08 1.4143E-08 1.1260E-08 8.3735E-09 5.7643E-09 3.6488E-09 2.0793E-09 1.0410E-09 4.3291E-10 1.2341E-10 3.2372E-11 0.0000E+00 0.0000E+00 0.0000E+00 0.0000E+00 0.0000E+00 0.0000E+00 0.0000E+00 0.0000E+00 0.0000E+00 0.0000E+00 0.0000E+00 0.0000E+00 0.0000E+00 0.0000E+00 0.0000E+00 0.0000E+00 0.0000E+00 0.0000E+00 0.0000E+00 0.0000E+00 0.0000E+00 0.0000E+00
7.9642E-10 1.1402E-09 1.5908E-09 2.1606E-09 2.8617E-09 3.7076E-09 4.7011E-09 5.8299E-09 7.0801E-09 8.4268E-09 9.8324E-09 1.1283E-08 1.2740E-08 1.4186E-08 1.5608E-08 1.7011E-08 1.8368E-08 1.9657E-08 2.0819E-08 2.1772E-08 2.2385E-08 2.2499E-08 2.1989E-08 2.0765E-08 1.8790E-08 1.6145E-08 1.3052E-08 9.8399E-09 6.8354E-09 4.3250E-09 2.4544E-09 1.2254E-09 5.0390E-10 1.4695E-10 3.6350E-11 0.0000E+00 0.0000E+00 0.0000E+00 0.0000E+00 0.0000E+00 0.0000E+00 0.0000E+00 0.0000E+00 0.0000E+00 0.0000E+00 0.0000E+00 0.0000E+00 0.0000E+00 0.0000E+00 0.0000E+00 0.0000E+00 0.0000E+00 0.0000E+00 0.0000E+00 0.0000E+00 0.0000E+00 0.0000E+00
6.3705E-10 9.3152E-10 1.3241E-09 1.8330E-09 2.4721E-09 3.2524E-09 4.1901E-09 5.2772E-09 6.5005E-09 7.8436E-09 9.2713E-09 1.0768E-08 1.2303E-08 1.3848E-08 1.5391E-08 1.6931E-08 1.8449E-08 1.9927E-08 2.1309E-08 2.2506E-08 2.3397E-08 2.3848E-08 2.3695E-08 2.2775E-08 2.1008E-08 1.8422E-08 1.5185E-08 1.1617E-08 8.1466E-09 5.1756E-09 2.9193E-09 1.4279E-09 5.8529E-10 1.6536E-10 3.4028E-11 0.0000E+00 0.0000E+00 0.0000E+00 0.0000E+00 0.0000E+00 0.0000E+00 0.0000E+00 0.0000E+00 0.0000E+00 0.0000E+00 0.0000E+00 0.0000E+00 0.0000E+00 0.0000E+00 0.0000E+00 0.0000E+00 0.0000E+00 0.0000E+00 0.0000E+00 0.0000E+00 0.0000E+00 0.0000E+00
4.9954E-10 7.4777E-10 1.0874E-09 1.5350E-09 2.1081E-09 2.8205E-09 3.6952E-09 4.7300E-09 5.9193E-09 7.2484E-09 8.6810E-09 1.0211E-08 1.1813E-08 1.3449E-08 1.5100E-08 1.6772E-08 1.8441E-08 2.0089E-08 2.1678E-08 2.3128E-08 2.4308E-08 2.5115E-08 2.5362E-08 2.4877E-08 2.3485E-08 2.1092E-08 1.7751E-08 1.3813E-08 9.7789E-09 6.2017E-09 3.4785E-09 1.6757E-09 6.6685E-10 2.0013E-10 2.7493E-11 0.0000E+00 0.0000E+00 0.0000E+00 0.0000E+00 0.0000E+00 0.0000E+00 0.0000E+00 0.0000E+00 0.0000E+00 0.0000E+00 0.0000E+00 0.0000E+00 0.0000E+00 0.0000E+00 0.0000E+00 0.0000E+00 0.0000E+00 0.0000E+00 0.0000E+00 0.0000E+00 0.0000E+00 0.0000E+00
3.8355E-10 5.9104E-10 8.7880E-10 1.2668E-09 1.7741E-09 2.4183E-09 3.2254E-09 4.1995E-09 5.3409E-09 6.6432E-09 8.0751E-09 9.6280E-09 1.1271E-08 1.2983E-08 1.4742E-08 1.6538E-08 1.8347E-08 2.0169E-08 2.1946E-08 2.3608E-08 2.5074E-08 2.6285E-08 2.7040E-08 2.7131E-08 2.6282E-08 2.4234E-08 2.0890E-08 1.6532E-08 1.1808E-08 7.4780E-09 4.1276E-09 1.9505E-09 7.6299E-10 2.1658E-10 1.6697E-11 0.0000E+00 0.0000E+00 0.0000E+00 0.0000E+00 0.0000E+00 0.0000E+00 0.0000E+00 0.0000E+00 0.0000E+00 0.0000E+00 0.0000E+00 0.0000E+00 0.0000E+00 0.0000E+00 0.0000E+00 0.0000E+00 0.0000E+00 0.0000E+00 0.0000E+00 0.0000E+00 0.0000E+00 0.0000E+00
2.8750E-10 4.5763E-10 6.9797E-10 1.0293E-09 1.4721E-09 2.0465E-09 2.7805E-09 3.6880E-09 4.7728E-09 6.0326E-09 7.4492E-09 9.0096E-09 1.0695E-08 1.2464E-08 1.4318E-08 1.6229E-08 1.8173E-08 2.0148E-08 2.2099E-08 2.3986E-08 2.5762E-08 2.7383E-08 2.8732E-08 2.9606E-08 2.9559E-08 2.8044E-08 2.4716E-08 1.9833E-08 1.4197E-08 8.9305E-09 4.8686E-09 2.2358E-09 8.4689E-10 2.4416E-10 6.2550E-12 0.0000E+00 0.0000E+00 0.0000E+00 0.0000E+00 0.0000E+00 0.0000E+00 0.0000E+00 0.0000E+00 0.0000E+00 0.0000E+00 0.0000E+00 0.0000E+00 0.0000E+00 0.0000E+00 0.0000E+00 0.0000E+00 0.0000E+00 0.0000E+00 0.0000E+00 0.0000E+00 0.0000E+00 0.0000E+00
2.0910E-10 3.4651E-10 5.4303E-10 8.2074E-10 1.2021E-09 1.7068E-09 2.3659E-09 3.1990E-09 4.2161E-09 5.4249E-09 6.8166E-09 8.3706E-09 1.0072E-08 1.1898E-08 1.3834E-08 1.5849E-08 1.7927E-08 2.0062E-08 2.2183E-08 2.4246E-08 2.6348E-08 2.8474E-08 3.0583E-08 3.2441E-08 3.3422E-08 3.2590E-08 2.9270E-08 2.3666E-08 1.6921E-08 1.0520E-08 5.6055E-09 2.5215E-09 9.2449E-10 2.5548E-10 1.0939E-12 0.0000E+00 0.0000E+00 0.0000E+00 0.0000E+00 0.0000E+00 0.0000E+00 0.0000E+00 0.0000E+00 0.0000E+00 0.0000E+00 0.0000E+00 0.0000E+00 0.0000E+00 0.0000E+00 0.0000E+00 0.0000E+00 0.0000E+00 0.0000E+00 0.0000E+00 0.0000E+00 0.0000E+00 0.0000E+00
1.4683E-10 2.5453E-10 4.1301E-10 6.4328E-10 9.6578E-10 1.4038E-09 1.9849E-09 2.7408E-09 3.6847E-09 4.8286E-09 6.1746E-09 7.7036E-09 9.4192E-09 1.1291E-08 1.3294E-08 1.5411E-08 1.7619E-08 1.9883E-08 2.2156E-08 2.4488E-08 2.6945E-08 2.9631E-08 3.2668E-08 3.5783E-08 3.8008E-08 3.7915E-08 3.4465E-08 2.7903E-08 1.9742E-08 1.2066E-08 6.2909E-09 2.7387E-09 9.6928E-10 2.5204E-10 0.0000E+00 0.0000E+00 0.0000E+00 0.0000E+00 0.0000E+00 0.0000E+00 0.0000E+00 0.0000E+00 0.0000E+00 0.0000E+00 0.0000E+00 0.0000E+00 0.0000E+00 0.0000E+00 0.0000E+00 0.0000E+00 0.0000E+00 0.0000E+00 0.0000E+00 0.0000E+00 0.0000E+00 0.0000E+00 0.0000E+00
9.8227E-11 1.8049E-10 3.0711E-10 4.9458E-10 7.6249E-10 1.1357E-09 1.6396E-09 2.3142E-09 3.1755E-09 4.2442E-09 5.5360E-09 7.0291E-09 8.7345E-09 1.0636E-08 1.2703E-08 1.4908E-08 1.7240E-08 1.9656E-08 2.2096E-08 2.4679E-08 2.7575E-08 3.1016E-08 3.5226E-08 3.9777E-08 4.3330E-08 4.3892E-08 4.0060E-08 3.2213E-08 2.2481E-08 1.3451E-08 6.8048E-09 2.8843E-09 9.6903E-10 2.3848E-10 0.0000E+00 0.0000E+00 0.0000E+00 0.0000E+00 0.0000E+00 0.0000E+00 0.0000E+00 0.0000E+00 0.0000E+00 0.0000E+00 0.0000E+00 0.0000E+00 0.0000E+00 0.0000E+00 0.0000E+00 0.0000E+00 0.0000E+00 0.0000E+00 0.0000E+00 0.0000E+00 0.0000E+00 0.0000E+00 0.0000E+00
6.2190E-11 1.2370E-10 2.2112E-10 3.7046E-10 5.8959E-10 9.0134E-10 1.3305E-09 1.9232E-09 2.7007E-09 3.6867E-09 4.9026E-09 6.3426E-09 8.0297E-09 9.9446E-09 1.2057E-08 1.4360E-08 1.6807E-08 1.9351E-08 2.1991E-08 2.4913E-08 2.8372E-08 3.2763E-08 3.8384E-08 4.4562E-08 4.9406E-08 5.0324E-08 4.5743E-08 3.6354E-08 2.4887E-08 1.4523E-08 7.1336E-09 2.8978E-09 9.3520E-10 1.9931E-10 0.0000E+00 0.0000E+00 0.0000E+00 0.0000E+00 0.0000E+00 0.0000E+00 0.0000E+00 0.0000E+00 0.0000E+00 0.0000E+00 0.0000E+00 0.0000E+00 0.0000E+00 0.0000E+00 0.0000E+00 0.0000E+00 0.0000E+00 0.0000E+00 0.0000E+00 0.0000E+00 0.0000E+00 0.0000E+00 0.0000E+00
3.5560E-11 8.0479E-11 1.5364E-10 2.6924E-10 4.4495E-10 7.0105E-10 1.0626E-09 1.5733E-09 2.2602E-09 3.1557E-09 4.2909E-09 5.6688E-09 7.3135E-09 9.2180E-09 1.1365E-08 1.3746E-08 1.6312E-08 1.9003E-08 2.1896E-08 2.5206E-08 2.9422E-08 3.5083E-08 4.2366E-08 5.0179E-08 5.6043E-08 5.6933E-08 5.1209E-08 4.0035E-08 2.6834E-08 1.5236E-08 7.2407E-09 2.8357E-09 8.3278E-10 1.3972E-10 0.0000E+00 0.0000E+00 0.0000E+00 0.0000E+00 0.0000E+00 0.0000E+00 0.0000E+00 0.0000E+00 0.0000E+00 0.0000E+00 0.0000E+00 0.0000E+00 0.0000E+00 0.0000E+00 0.0000E+00 0.0000E+00 0.0000E+00 0.0000E+00 0.0000E+00 0.0000E+00 0.0000E+00 0.0000E+00 0.0000E+00
1.7102E-11 4.7466E-11 1.0117E-10 1.8931E-10 3.2673E-10 5.3171E-10 8.3055E-10 1.2622E-09 1.8618E-09 2.6619E-09 3.6995E-09 4.9994E-09 6.5906E-09 8.4727E-09 1.0641E-08 1.3081E-08 1.5748E-08 1.8577E-08 2.1798E-08 2.5658E-08 3.0875E-08 3.8072E-08 4.7192E-08 5.6561E-08 6.3078E-08 6.3415E-08 5.6185E-08 4.3128E-08 2.8261E-08 1.5621E-08 7.1606E-09 2.6674E-09 7.3012E-10 8.4766E-11 0.0000E+00 0.0000E+00 0.0000E+00 0.0000E+00 0.0000E+00 0.0000E+00 0.0000E+00 0.0000E+00 0.0000E+00 0.0000E+00 0.0000E+00 0.0000E+00 0.0000E+00 0.0000E+00 0.0000E+00 0.0000E+00 0.0000E+00 0.0000E+00 0.0000E+00 0.0000E+00 0.0000E+00 0.0000E+00 0.0000E+00
4.6909E-12 2.4561E-11 6.1734E-11 1.2628E-10 2.3136E-10 3.9154E-10 6.3386E-10 9.9021E-10 1.5015E-09 2.2044E-09 3.1469E-09 4.3581E-09 5.8653E-09 7.7033E-09 9.8704E-09 1.2362E-08 1.5118E-08 1.8155E-08 2.1689E-08 2.6248E-08 3.2768E-08 4.1824E-08 5.2856E-08 6.3438E-08 7.0029E-08 6.9414E-08 6.0527E-08 4.5641E-08 2.9261E-08 1.5719E-08 6.9493E-09 2.4398E-09 6.0083E-10 4.2974E-11 0.0000E+00 0.0000E+00 0.0000E+00 0.0000E+00 0.0000E+00 0.0000E+00 0.0000E+00 0.0000E+00 0.0000E+00 0.0000E+00 0.0000E+00 0.0000E+00 0.0000E+00 0.0000E+00 0.0000E+00 0.0000E+00 0.0000E+00 0.0000E+00 0.0000E+00 0.0000E+00 0.0000E+00 0.0000E+00 0.0000E+00
0.0000E+00 8.4462E-12 3.3124E-11 7.9356E-11 1.5789E-10 2.8218E-10 4.7160E-10 7.5825E-10 1.1890E-09 1.7954E-09 2.6284E-09 3.7398E-09 5.1599E-09 6.9364E-09 9.0814E-09 1.1584E-08 1.4417E-08 1.7663E-08 2.1598E-08 2.7012E-08 3.5035E-08 4.6113E-08 5.8915E-08 7.0368E-08 7.6640E-08 7.4757E-08 6.4185E-08 4.7586E-08 2.9889E-08 1.5638E-08 6.6082E-09 2.1847E-09 4.9929E-10 9.3346E-12 0.0000E+00 0.0000E+00 0.0000E+00 0.0000E+00 0.0000E+00 0.0000E+00 0.0000E+00 0.0000E+00 0.0000E+00 0.0000E+00 0.0000E+00 0.0000E+00 0.0000E+00 0.0000E+00 0.0000E+00 0.0000E+00 0.0000E+00 0.0000E+00 0.0000E+00 0.0000E+00 0.0000E+00 0.0000E+00 0.0000E+00
0.0000E+00 2.7496E-13 1.4409E-11 4.5831E-11 1.0215E-10 1.9568E-10 3.4157E-10 5.6397E-10 9.1730E-10 1.4329E-09 2.1645E-09 3.1667E-09 4.4726E-09 6.1585E-09 8.2577E-09 1.0767E-08 1.3667E-08 1.7085E-08 2.1442E-08 2.7768E-08 3.7409E-08 5.0554E-08 6.4971E-08 7.6816E-08 8.2353E-08 7.9248E-08 6.7235E-08 4.9214E-08 3.0328E-08 1.5377E-08 6.2500E-09 1.9500E-09 4.1087E-10 6.1585E-13 0.0000E+00 0.0000E+00 0.0000E+00 0.0000E+00 0.0000E+00 0.0000E+00 0.0000E+00 0.0000E+00 0.0000E+00 0.0000E+00 0.0000E+00 0.0000E+00 0.0000E+00 0.0000E+00 0.0000E+00 0.0000E+00 0.0000E+00 0.0000E+00 0.0000E+00 0.0000E+00 0.0000E+00 0.0000E+00 0.0000E+00
0.0000E+00 0.0000E+00 2.9236E-12 2.2858E-11 6.1736E-11 1.2914E-10 2.3780E-10 4.0753E-10 6.9164E-10 1.1185E-09 1.7420E-09 2.6248E-09 3.8193E-09 5.4103E-09 7.4302E-09 9.9014E-09 1.2833E-08 1.6432E-08 2.1160E-08 2.8371E-08 3.9588E-08 5.4640E-08 7.0404E-08 8.2430E-08 8.7279E-08 8.3063E-08 6.9843E-08 5.0505E-08 3.0579E-08 1.5077E-08 5.8853E-09 1.7221E-09 3.1771E-10 0.0000E+00 0.0000E+00 0.0000E+00 0.0000E+00 0.0000E+00 0.0000E+00 0.0000E+00 0.0000E+00 0.0000E+00 0.0000E+00 0.0000E+00 0.0000E+00 0.0000E+00 0.0000E+00 0.0000E+00 0.0000E+00 0.0000E+00 0.0000E+00 0.0000E+00 0.0000E+00 0.0000E+00 0.0000E+00 0.0000E+00 0.0000E+00
0.0000E+00 0.0000E+00 0.0000E+00 7.2780E-12 3.2669E-11 7.9313E-11 1.5702E-10 2.8319E-10 5.0454E-10 8.4989E-10 1.3736E-09 2.1423E-09 3.2118E-09 4.6718E-09 6.5900E-09 9.0123E-09 1.1949E-08 1.5620E-08 2.0653E-08 2.8631E-08 4.1287E-08 5.8199E-08 7.5155E-08 8.7146E-08 9.1202E-08 8.6224E-08 7.2177E-08 5.1795E-08 3.0797E-08 1.4731E-08 5.5239E-09 1.4980E-09 2.4128E-10 0.0000E+00 0.0000E+00 0.0000E+00 0.0000E+00 0.0000E+00 0.0000E+00 0.0000E+00 0.0000E+00 0.0000E+00 0.0000E+00 0.0000E+00 0.0000E+00 0.0000E+00 0.0000E+00 0.0000E+00 0.0000E+00 0.0000E+00 0.0000E+00 0.0000E+00 0.0000E+00 0.0000E+00 0.0000E+00 0.0000E+00 0.0000E+00
0.0000E+00 0.0000E+00 0.0000E+00 0.0000E+00 1.2591E-11 4.2958E-11 9.6402E-11 1.8940E-10 3.5640E-10 6.2906E-10 1.0549E-09 1.7018E-09 2.6484E-09 3.9759E-09 5.7601E-09 8.0903E-09 1.0985E-08 1.4706E-08 1.9941E-08 2.8551E-08 4.2565E-08 6.1193E-08 7.9267E-08 9.1232E-08 9.4765E-08 8.9193E-08 7.4411E-08 5.2894E-08 3.0958E-08 1.4372E-08 5.1118E-09 1.2963E-09 1.6267E-10 0.0000E+00 0.0000E+00 0.0000E+00 0.0000E+00 0.0000E+00 0.0000E+00 0.0000E+00 0.0000E+00 0.0000E+00 0.0000E+00 0.0000E+00 0.0000E+00 0.0000E+00 0.0000E+00 0.0000E+00 0.0000E+00 0.0000E+00 0.0000E+00 0.0000E+00 0.0000E+00 0.0000E+00 0.0000E+00 0.0000E+00 0.0000E+00
