Assets/Resources/2015_m01_d23_1000(utc+0800)_l00_csi_1hr_conc.grd
DSAA
         159         159
     -79.000      79.000
     -79.000      79.000
  0.0000E+00  0.8503E-06
[rows 100 to 124 of 159, columns 57 to 113 of 159]
6.3352E-10 6.5768E-10 6.8222E-10 7.0724E-10 7.3321E-10 7.5930E-10 7.8611E-10 8.1388E-10 8.4173E-10 8.7044E-10 8.9985E-10 9.2957E-10 9.7250E-10 1.0062E-09 1.0399E-09 1.0876E-09 1.1254E-09 1.1750E-09 1.2347E-09 1.2832E-09 1.3324E-09 1.3799E-09 1.4291E-09 1.4799E-09 1.5492E-09 1.6918E-09 2.0221E-09 2.6981E-09 3.8528E-09 5.5177E-09 7.8294E-09 1.1033E-08 1.5148E-08 1.9927E-08 2.5469E-08 3.1930E-08 3.9319E-08 4.7379E-08 5.5554E-08 6.3105E-08 6.9374E-08 7.3778E-08 7.6200E-08 7.6674E-08 7.5633E-08 7.3548E-08 7.0797E-08 6.7797E-08 6.4820E-08 6.2099E-08 5.9961E-08 5.8023E-08 5.6359E-08 5.4772E-08 5.3482E-08 5.2377E-08 5.0980E-08
6.1974E-10 6.4324E-10 6.6735E-10 6.9180E-10 7.1706E-10 7.4268E-10 7.6888E-10 7.9591E-10 8.2325E-10 8.5118E-10 8.8006E-10 9.0911E-10 9.5103E-10 9.8436E-10 1.0287E-09 1.0640E-09 1.1010E-09 1.1503E-09 1.2093E-09 1.2557E-09 1.3052E-09 1.3519E-09 1.4002E-09 1.4501E-09 1.5020E-09 1.6169E-09 1.8635E-09 2.2293E-09 2.9201E-09 3.9382E-09 5.3244E-09 7.3509E-09 1.0251E-08 1.3795E-08 1.8210E-08 2.3651E-08 3.0105E-08 3.7436E-08 4.5237E-08 5.2858E-08 5.9676E-08 6.5097E-08 6.8805E-08 7.0715E-08 7.1076E-08 7.0193E-08 6.8526E-08 6.6352E-08 6.4110E-08 6.1806E-08 5.9514E-08 5.7466E-08 5.5650E-08 5.4309E-08 5.3101E-08 5.1865E-08 5.0441E-08
6.0622E-10 6.2894E-10 6.5261E-10 6.7650E-10 7.0119E-10 7.2622E-10 7.5182E-10 7.7822E-10 8.0507E-10 8.3223E-10 8.6045E-10 8.8883E-10 9.3009E-10 9.6271E-10 1.0063E-09 1.0409E-09 1.0772E-09 1.1257E-09 1.1836E-09 1.2295E-09 1.2782E-09 1.3240E-09 1.3714E-09 1.4204E-09 1.4735E-09 1.5547E-09 1.7146E-09 1.9623E-09 2.3597E-09 2.9112E-09 3.7169E-09 4.9727E-09 6.9303E-09 9.4885E-09 1.2881E-08 1.7243E-08 2.2638E-08 2.9008E-08 3.6091E-08 4.3301E-08 5.0133E-08 5.5984E-08 6.0532E-08 6.3461E-08 6.4938E-08 6.5200E-08 6.4538E-08 6.3359E-08 6.1627E-08 5.9702E-08 5.7646E-08 5.5858E-08 5.4360E-08 5.2954E-08 5.1790E-08 5.0410E-08 4.9198E-08
5.9271E-10 6.1490E-10 6.3802E-10 6.6136E-10 6.8535E-10 7.0991E-10 7.3492E-10 7.6059E-10 7.8694E-10 8.1359E-10 8.4089E-10 8.7959E-10 9.0970E-10 9.4089E-10 9.8416E-10 1.0180E-09 1.0535E-09 1.1017E-09 1.1580E-09 1.2035E-09 1.2512E-09 1.2962E-09 1.3427E-09 1.3908E-09 1.4406E-09 1.5143E-09 1.6256E-09 1.7774E-09 2.0059E-09 2.3339E-09 2.7935E-09 3.4849E-09 4.7858E-09 6.6127E-09 9.1218E-09 1.2497E-08 1.6874E-08 2.2219E-08 2.8351E-08 3.4855E-08 4.1276E-08 4.7100E-08 5.1966E-08 5.5551E-08 5.7873E-08 5.9147E-08 5.9290E-08 5.8823E-08 5.7812E-08 5.6366E-08 5.4943E-08 5.3410E-08 5.2047E-08 5.0681E-08 4.9521E-08 4.8561E-08 4.7607E-08
5.7934E-10 6.0101E-10 6.2359E-10 6.4637E-10 6.6968E-10 6.9378E-10 7.1820E-10 7.4313E-10 7.6898E-10 7.9500E-10 8.2153E-10 8.5969E-10 8.8912E-10 9.1925E-10 9.6217E-10 9.9529E-10 1.0297E-09 1.0774E-09 1.1333E-09 1.1773E-09 1.2233E-09 1.2685E-09 1.3141E-09 1.3613E-09 1.4102E-09 1.4830E-09 1.5597E-09 1.6601E-09 1.8015E-09 1.9820E-09 2.1973E-09 2.5900E-09 3.3952E-09 4.7253E-09 6.5711E-09 9.1327E-09 1.2562E-08 1.6892E-08 2.2027E-08 2.7644E-08 3.3389E-08 3.8851E-08 4.3688E-08 4.7590E-08 5.0416E-08 5.2183E-08 5.3100E-08 5.3241E-08 5.2988E-08 5.2326E-08 5.1263E-08 5.0066E-08 4.8798E-08 4.7805E-08 4.6959E-08 4.6221E-08 4.5451E-08
5.6612E-10 5.8727E-10 6.0931E-10 6.3155E-10 6.5430E-10 6.7783E-10 7.0165E-10 7.2598E-10 7.5121E-10 7.7660E-10 8.0249E-10 8.3998E-10 8.6875E-10 8.9818E-10 9.4036E-10 9.7275E-10 1.0060E-09 1.0533E-09 1.1084E-09 1.1515E-09 1.1956E-09 1.2410E-09 1.2857E-09 1.3319E-09 1.3798E-09 1.4384E-09 1.5063E-09 1.5903E-09 1.6604E-09 1.7681E-09 1.8993E-09 2.0987E-09 2.6073E-09 3.5658E-09 4.9007E-09 6.7957E-09 9.4235E-09 1.2847E-08 1.7008E-08 2.1692E-08 2.6652E-08 3.1536E-08 3.6075E-08 3.9881E-08 4.2949E-08 4.5059E-08 4.6470E-08 4.7337E-08 4.7597E-08 4.7495E-08 4.6810E-08 4.6031E-08 4.5243E-08 4.4537E-08 4.3913E-08 4.3356E-08 4.2776E-08
5.5305E-10 5.7369E-10 5.9520E-10 6.1689E-10 6.3909E-10 6.6204E-10 6.8540E-10 7.0902E-10 7.3363E-10 7.5840E-10 7.8366E-10 8.2047E-10 8.4856E-10 8.7731E-10 9.1875E-10 9.5041E-10 9.8292E-10 1.0294E-09 1.0837E-09 1.1255E-09 1.1691E-09 1.2136E-09 1.2574E-09 1.3027E-09 1.3496E-09 1.4085E-09 1.4597E-09 1.5188E-09 1.5812E-09 1.6467E-09 1.7227E-09 1.8226E-09 2.1409E-09 2.8296E-09 3.7900E-09 5.1923E-09 7.1602E-09 9.7923E-09 1.3075E-08 1.6895E-08 2.1019E-08 2.5192E-08 2.9230E-08 3.2846E-08 3.5801E-08 3.8213E-08 3.9986E-08 4.1164E-08 4.1847E-08 4.2115E-08 4.2072E-08 4.1766E-08 4.1335E-08 4.0871E-08 4.0455E-08 4.0073E-08 3.9687E-08
5.4013E-10 5.6026E-10 5.8114E-10 6.0240E-10 6.2405E-10 6.4656E-10 6.6922E-10 6.9236E-10 7.1624E-10 7.4040E-10 7.6503E-10 8.0103E-10 8.2858E-10 8.5666E-10 8.9699E-10 9.2827E-10 9.6005E-10 1.0057E-09 1.0591E-09 1.1001E-09 1.1428E-09 1.1864E-09 1.2293E-09 1.2736E-09 1.3195E-09 1.3670E-09 1.4161E-09 1.4735E-09 1.5329E-09 1.5922E-09 1.6532E-09 1.7154E-09 1.8631E-09 2.3503E-09 3.0708E-09 4.0998E-09 5.5475E-09 7.5343E-09 1.0070E-08 1.3047E-08 1.6359E-08 1.9874E-08 2.3337E-08 2.6569E-08 2.9472E-08 3.1811E-08 3.3701E-08 3.5049E-08 3.6118E-08 3.6848E-08 3.7229E-08 3.7301E-08 3.7167E-08 3.6945E-08 3.6723E-08 3.6510E-08 3.6301E-08
5.2738E-10 5.4700E-10 5.6735E-10 5.8808E-10 6.0919E-10 6.3113E-10 6.5322E-10 6.7578E-10 6.9894E-10 7.2260E-10 7.4661E-10 7.8181E-10 8.0882E-10 8.3622E-10 8.7580E-10 9.0636E-10 9.3739E-10 9.8187E-10 1.0347E-09 1.0760E-09 1.1167E-09 1.1594E-09 1.2013E-09 1.2447E-09 1.2896E-09 1.3360E-09 1.3840E-09 1.4337E-09 1.4850E-09 1.5380E-09 1.5927E-09 1.6493E-09 1.7303E-09 2.0007E-09 2.5782E-09 3.3437E-09 4.4037E-09 5.8747E-09 7.7014E-09 1.0024E-08 1.2680E-08 1.5466E-08 1.8438E-08 2.1236E-08 2.3827E-08 2.6000E-08 2.7870E-08 2.9452E-08 3.0715E-08 3.1726E-08 3.2404E-08 3.2779E-08 3.2895E-08 3.2900E-08 3.2852E-08 3.2799E-08 3.2738E-08
5.1477E-10 5.3389E-10 5.5373E-10 5.7406E-10 5.9461E-10 6.1577E-10 6.3741E-10 6.5940E-10 6.8197E-10 7.0502E-10 7.2842E-10 7.6292E-10 7.8927E-10 8.1600E-10 8.5448E-10 8.8502E-10 9.1532E-10 9.5824E-10 1.0105E-09 1.0510E-09 1.0919E-09 1.1326E-09 1.1735E-09 1.2159E-09 1.2598E-09 1.3051E-09 1.3521E-09 1.4006E-09 1.4507E-09 1.5025E-09 1.5560E-09 1.6112E-09 1.6748E-09 1.8310E-09 2.2565E-09 2.8220E-09 3.5337E-09 4.5841E-09 5.9933E-09 7.7102E-09 9.7345E-09 1.2003E-08 1.4386E-08 1.6728E-08 1.8939E-08 2.0986E-08 2.2810E-08 2.4401E-08 2.5743E-08 2.6888E-08 2.7765E-08 2.8353E-08 2.8694E-08 2.8876E-08 2.8981E-08 2.9061E-08 2.9137E-08
5.0232E-10 5.2107E-10 5.4028E-10 5.6008E-10 5.8011E-10 6.0084E-10 6.2180E-10 6.4321E-10 6.6520E-10 6.8766E-10 7.1057E-10 7.4425E-10 7.6995E-10 7.9602E-10 8.3372E-10 8.6355E-10 8.9311E-10 9.3554E-10 9.8651E-10 1.0261E-09 1.0662E-09 1.1059E-09 1.1459E-09 1.1873E-09 1.2301E-09 1.2744E-09 1.3202E-09 1.3676E-09 1.4165E-09 1.4671E-09 1.5193E-09 1.5732E-09 1.6288E-09 1.7311E-09 2.0081E-09 2.3622E-09 2.9171E-09 3.6513E-09 4.6427E-09 5.9528E-09 7.4774E-09 9.2252E-09 1.1095E-08 1.3027E-08 1.4951E-08 1.6785E-08 1.8470E-08 1.9982E-08 2.1307E-08 2.2454E-08 2.3431E-08 2.4169E-08 2.4671E-08 2.4989E-08 2.5229E-08 2.5417E-08 2.5601E-08
4.9004E-10 5.0829E-10 5.2712E-10 5.4630E-10 5.6579E-10 5.8598E-10 6.0639E-10 6.2724E-10 6.4865E-10 6.7051E-10 6.9283E-10 7.2594E-10 7.5086E-10 7.7661E-10 8.1320E-10 8.4230E-10 8.7114E-10 9.1272E-10 9.6272E-10 1.0015E-09 1.0406E-09 1.0794E-09 1.1185E-09 1.1589E-09 1.2007E-09 1.2439E-09 1.2886E-09 1.3348E-09 1.3826E-09 1.4319E-09 1.4828E-09 1.5354E-09 1.5896E-09 1.6087E-09 1.7896E-09 2.0774E-09 2.4135E-09 2.9449E-09 3.6798E-09 4.6063E-09 5.7370E-09 7.0413E-09 8.5612E-09 1.0158E-08 1.1777E-08 1.3340E-08 1.4811E-08 1.6172E-08 1.7417E-08 1.8521E-08 1.9522E-08 2.0328E-08 2.0922E-08 2.1349E-08 2.1684E-08 2.1961E-08 2.2225E-08
4.7792E-10 4.9569E-10 5.1402E-10 5.3269E-10 5.5167E-10 5.7132E-10 5.9118E-10 6.1147E-10 6.3231E-10 6.5373E-10 6.7531E-10 7.0772E-10 7.3200E-10 7.5710E-10 7.9326E-10 8.2130E-10 8.4941E-10 8.9011E-10 9.3914E-10 9.7736E-10 1.0153E-09 1.0531E-09 1.0912E-09 1.1307E-09 1.1714E-09 1.2136E-09 1.2572E-09 1.3022E-09 1.3488E-09 1.3969E-09 1.4465E-09 1.4672E-09 1.4930E-09 1.5361E-09 1.6077E-09 1.8058E-09 2.0860E-09 2.4235E-09 2.9204E-09 3.5643E-09 4.4286E-09 5.4642E-09 6.6482E-09 7.9279E-09 9.2330E-09 1.0535E-08 1.1798E-08 1.2996E-08 1.4114E-08 1.5136E-08 1.6070E-08 1.6883E-08 1.7529E-08 1.8029E-08 1.8421E-08 1.8757E-08 1.9093E-08
4.6596E-10 4.8326E-10 5.0110E-10 5.1927E-10 5.3773E-10 5.5673E-10 5.7618E-10 5.9592E-10 6.1620E-10 6.3703E-10 6.5803E-10 6.8973E-10 7.1337E-10 7.3782E-10 7.7321E-10 8.0054E-10 8.2791E-10 8.6774E-10 9.1614E-10 9.5311E-10 9.9011E-10 1.0271E-09 1.0642E-09 1.1026E-09 1.1424E-09 1.1835E-09 1.2260E-09 1.2699E-09 1.3152E-09 1.3621E-09 1.3665E-09 1.4039E-09 1.4472E-09 1.4466E-09 1.5012E-09 1.6175E-09 1.8074E-09 2.0051E-09 2.3518E-09 2.8520E-09 3.5067E-09 4.2916E-09 5.1942E-09 6.2063E-09 7.2637E-09 8.3317E-09 9.3771E-09 1.0390E-08 1.1356E-08 1.2262E-08 1.3106E-08 1.3889E-08 1.4542E-08 1.5063E-08 1.5491E-08 1.5878E-08 1.6240E-08
4.5417E-10 4.7100E-10 4.8836E-10 5.0603E-10 5.2399E-10 5.4248E-10 5.6139E-10 5.8059E-10 6.0031E-10 6.2057E-10 6.4099E-10 6.7198E-10 6.9499E-10 7.1879E-10 7.5338E-10 7.8000E-10 8.0666E-10 8.4561E-10 8.9300E-10 9.2909E-10 9.6520E-10 1.0012E-09 1.0374E-09 1.0749E-09 1.1136E-09 1.1536E-09 1.1950E-09 1.2378E-09 1.2523E-09 1.2822E-09 1.3213E-09 1.3315E-09 1.3597E-09 1.3970E-09 1.3975E-09 1.4584E-09 1.5585E-09 1.7329E-09 1.9828E-09 2.3388E-09 2.8186E-09 3.4115E-09 4.1128E-09 4.9049E-09 5.7377E-09 6.5800E-09 7.4416E-09 8.2873E-09 9.1038E-09 9.8916E-09 1.0635E-08 1.1334E-08 1.1956E-08 1.2484E-08 1.2935E-08 1.3332E-08 1.3704E-08
4.4256E-10 4.5892E-10 4.7580E-10 4.9299E-10 5.1045E-10 5.2842E-10 5.4681E-10 5.6547E-10 5.8476E-10 6.0421E-10 6.2418E-10 6.4440E-10 6.7684E-10 7.0000E-10 7.3380E-10 7.5972E-10 7.8566E-10 8.2372E-10 8.7010E-10 9.0531E-10 9.4052E-10 9.7565E-10 1.0109E-09 1.0473E-09 1.0850E-09 1.1240E-09 1.1529E-09 1.1707E-09 1.2054E-09 1.2302E-09 1.2470E-09 1.2803E-09 1.2916E-09 1.3149E-09 1.3020E-09 1.3332E-09 1.4230E-09 1.5458E-09 1.7205E-09 1.9782E-09 2.3343E-09 2.7805E-09 3.3009E-09 3.9157E-09 4.5705E-09 5.2498E-09 5.9380E-09 6.6259E-09 7.3053E-09 7.9636E-09 8.5979E-09 9.2014E-09 9.7800E-09 1.0296E-08 1.0736E-08 1.1129E-08 1.1500E-08
4.3111E-10 4.4702E-10 4.6343E-10 4.8014E-10 4.9711E-10 5.1458E-10 5.3244E-10 5.5057E-10 5.6919E-10 5.8822E-10 6.0761E-10 6.2724E-10 6.5893E-10 6.8145E-10 7.1446E-10 7.3969E-10 7.6492E-10 8.0209E-10 8.4744E-10 8.8177E-10 9.1609E-10 9.5031E-10 9.8461E-10 1.0201E-09 1.0568E-09 1.0693E-09 1.0989E-09 1.1337E-09 1.1436E-09 1.1723E-09 1.1990E-09 1.2104E-09 1.2120E-09 1.2228E-09 1.2451E-09 1.2713E-09 1.3221E-09 1.4135E-09 1.5465E-09 1.7204E-09 1.9737E-09 2.2990E-09 2.6982E-09 3.1938E-09 3.6994E-09 4.2192E-09 4.7627E-09 5.3194E-09 5.8743E-09 6.4179E-09 6.9550E-09 7.4814E-09 7.9902E-09 8.4604E-09 8.8830E-09 9.2652E-09 9.6292E-09
4.1984E-10 4.3530E-10 4.5125E-10 4.6748E-10 4.8396E-10 5.0093E-10 5.1828E-10 5.3601E-10 5.5398E-10 5.7244E-10 5.9128E-10 6.1034E-10 6.4127E-10 6.6315E-10 6.8522E-10 7.1992E-10 7.4444E-10 7.8036E-10 8.0831E-10 8.5850E-10 8.9194E-10 9.2525E-10 9.5862E-10 9.7874E-10 1.0015E-09 1.0326E-09 1.0505E-09 1.0727E-09 1.1033E-09 1.1141E-09 1.1318E-09 1.1328E-09 1.1524E-09 1.1769E-09 1.2035E-09 1.2314E-09 1.2601E-09 1.3321E-09 1.4123E-09 1.5425E-09 1.7193E-09 1.9564E-09 2.2682E-09 2.6382E-09 3.0403E-09 3.4463E-09 3.8794E-09 4.3171E-09 4.7644E-09 5.2129E-09 5.6549E-09 6.0979E-09 6.5306E-09 6.9543E-09 7.3547E-09 7.7162E-09 8.0579E-09
4.0874E-10 4.2376E-10 4.3914E-10 4.5501E-10 4.7101E-10 4.8737E-10 5.0434E-10 5.2154E-10 5.3898E-10 5.5690E-10 5.7518E-10 5.9368E-10 6.2385E-10 6.4512E-10 6.6656E-10 7.0040E-10 7.2423E-10 7.5961E-10 7.8645E-10 8.3550E-10 8.6806E-10 9.0048E-10 9.1257E-10 9.4000E-10 9.7050E-10 9.8120E-10 1.0084E-09 1.0270E-09 1.0460E-09 1.0490E-09 1.0652E-09 1.0877E-09 1.1127E-09 1.1391E-09 1.1664E-09 1.1945E-09 1.2232E-09 1.2639E-09 1.3258E-09 1.4079E-09 1.5308E-09 1.7096E-09 1.9408E-09 2.2297E-09 2.5569E-09 2.8749E-09 3.1981E-09 3.5502E-09 3.9098E-09 4.2735E-09 4.6331E-09 4.9998E-09 5.3710E-09 5.7444E-09 6.1057E-09 6.4424E-09 6.7583E-09
3.9781E-10 4.1239E-10 4.2732E-10 4.4262E-10 4.5827E-10 4.7414E-10 4.9060E-10 5.0718E-10 5.2421E-10 5.4160E-10 5.5932E-10 5.7726E-10 6.0669E-10 6.2734E-10 6.4815E-10 6.8081E-10 7.0431E-10 7.3880E-10 7.6489E-10 8.1173E-10 8.3109E-10 8.5528E-10 8.8283E-10 8.9779E-10 9.2092E-10 9.4845E-10 9.5980E-10 9.7236E-10 9.8332E-10 1.0038E-09 1.0272E-09 1.0521E-09 1.0779E-09 1.1045E-09 1.1317E-09 1.1596E-09 1.1879E-09 1.2168E-09 1.2587E-09 1.3204E-09 1.4036E-09 1.5260E-09 1.6966E-09 1.9137E-09 2.1795E-09 2.4377E-09 2.6997E-09 2.9748E-09 3.2578E-09 3.5528E-09 3.8504E-09 4.1554E-09 4.4662E-09 4.7851E-09 5.0998E-09 5.4092E-09 5.7013E-09
3.8706E-10 4.0121E-10 4.1559E-10 4.3054E-10 4.4571E-10 4.6111E-10 4.7696E-10 4.9315E-10 5.0966E-10 5.2652E-10 5.4371E-10 5.6110E-10 5.8977E-10 6.0982E-10 6.3002E-10 6.6185E-10 6.8467E-10 7.0813E-10 7.3858E-10 7.7365E-10 8.0155E-10 8.2323E-10 8.4058E-10 8.6538E-10 8.8090E-10 9.0175E-10 9.0698E-10 9.2502E-10 9.4677E-10 9.7015E-10 9.9451E-10 1.0196E-09 1.0453E-09 1.0717E-09 1.0986E-09 1.1259E-09 1.1537E-09 1.1818E-09 1.2102E-09 1.2526E-09 1.3143E-09 1.3985E-09 1.5165E-09 1.6817E-09 1.9128E-09 2.1150E-09 2.3194E-09 2.5336E-09 2.7659E-09 3.0061E-09 3.2513E-09 3.4976E-09 3.7559E-09 4.0294E-09 4.3112E-09 4.5809E-09 4.8477E-09
3.7637E-10 3.9021E-10 4.0414E-10 4.1864E-10 4.3335E-10 4.4828E-10 4.6364E-10 4.7933E-10 4.9534E-10 5.1168E-10 5.2834E-10 5.4519E-10 5.7279E-10 5.9257E-10 6.1218E-10 6.4318E-10 6.6533E-10 6.7709E-10 7.0729E-10 7.4909E-10 7.6603E-10 7.8899E-10 8.1031E-10 8.2538E-10 8.3637E-10 8.5134E-10 8.7136E-10 8.9323E-10 9.1614E-10 9.3979E-10 9.6406E-10 9.8890E-10 1.0143E-09 1.0401E-09 1.0664E-09 1.0931E-09 1.1201E-09 1.1474E-09 1.1750E-09 1.2029E-09 1.2491E-09 1.3048E-09 1.3862E-09 1.5175E-09 1.6935E-09 1.8665E-09 2.0332E-09 2.2170E-09 2.3990E-09 2.5903E-09 2.7930E-09 3.0006E-09 3.2168E-09 3.4453E-09 3.6845E-09 3.9242E-09 4.1630E-09
3.6596E-10 3.7937E-10 3.9288E-10 4.0693E-10 4.2119E-10 4.3564E-10 4.5053E-10 4.6573E-10 4.8124E-10 4.9695E-10 5.1321E-10 5.2955E-10 5.5640E-10 5.7560E-10 5.9462E-10 6.1869E-10 6.3457E-10 6.5404E-10 6.7890E-10 7.1360E-10 7.4000E-10 7.5516E-10 7.7231E-10 7.8265E-10 8.0083E-10 8.2119E-10 8.4268E-10 8.6490E-10 8.8773E-10 9.1111E-10 9.3502E-10 9.5941E-10 9.8423E-10 1.0095E-09 1.0350E-09 1.0609E-09 1.0871E-09 1.1136E-09 1.1404E-09 1.1674E-09 1.1964E-09 1.2409E-09 1.2952E-09 1.3903E-09 1.5244E-09 1.6804E-09 1.8171E-09 1.9580E-09 2.1137E-09 2.2753E-09 2.4445E-09 2.6167E-09 2.7970E-09 2.9867E-09 3.1918E-09 3.4076E-09 3.6192E-09
3.5561E-10 3.6860E-10 3.8180E-10 3.9529E-10 4.0921E-10 4.2322E-10 4.3752E-10 4.5235E-10 4.6738E-10 4.8259E-10 4.9834E-10 5.1416E-10 5.4029E-10 5.5858E-10 5.6883E-10 5.9517E-10 6.1439E-10 6.2520E-10 6.5306E-10 6.8607E-10 7.0727E-10 7.1894E-10 7.3501E-10 7.5388E-10 7.7396E-10 7.9480E-10 8.1623E-10 8.3819E-10 8.6065E-10 8.8359E-10 9.0697E-10 9.3075E-10 9.5490E-10 9.7940E-10 1.0042E-09 1.0293E-09 1.0547E-09 1.0804E-09 1.1063E-09 1.1325E-09 1.1590E-09 1.1920E-09 1.2300E-09 1.2964E-09 1.3939E-09 1.5218E-09 1.6488E-09 1.7705E-09 1.9041E-09 2.0375E-09 2.1762E-09 2.3244E-09 2.4778E-09 2.6406E-09 2.8116E-09 2.9946E-09 3.1822E-09
3.4553E-10 3.5811E-10 3.7088E-10 3.8396E-10 3.9744E-10 4.1099E-10 4.2483E-10 4.3920E-10 4.5375E-10 4.6835E-10 4.8361E-10 4.9905E-10 5.1866E-10 5.3363E-10 5.5005E-10 5.7061E-10 5.8689E-10 6.0432E-10 6.2537E-10 6.5423E-10 6.7278E-10 6.9112E-10 7.0982E-10 7.2931E-10 7.4939E-10 7.6997E-10 7.9103E-10 8.1255E-10 8.3451E-10 8.5688E-10 8.7962E-10 9.0272E-10 9.2615E-10 9.4989E-10 9.7394E-10 9.9827E-10 1.0229E-09 1.0477E-09 1.0729E-09 1.0982E-09 1.1237E-09 1.1525E-09 1.1849E-09 1.2271E-09 1.2992E-09 1.4128E-09 1.5114E-09 1.6200E-09 1.7262E-09 1.8450E-09 1.9694E-09 2.0961E-09 2.2256E-09 2.3635E-09 2.5106E-09 2.6667E-09 2.8353E-09
