Assets/Resources/2015_m01_d28_0300(utc+0800)_l00_csi_1hr_conc.grd
DSAA
         159         159
     -79.000      79.000
     -79.000      79.000
  0.0000E+00  0.5131E-05
[rows 0 to 24 of 159, columns 57 to 113 of 159]
1.5312E-09 1.7660E-09 2.0192E-09 2.2888E-09 2.5734E-09 2.8678E-09 3.1683E-09 3.4703E-09 3.7685E-09 4.0562E-09 4.3274E-09 4.5756E-09 4.7951E-09 4.9803E-09 5.1260E-09 5.2280E-09 5.2833E-09 5.2902E-09 5.2479E-09 5.1577E-09 5.0222E-09 4.8439E-09 4.6278E-09 4.3794E-09 4.1054E-09 3.8112E-09 3.5030E-09 3.1894E-09 2.8758E-09 2.5672E-09 2.2689E-09 1.9858E-09 1.7210E-09 1.4748E-09 1.2512E-09 1.0494E-09 8.7083E-10 7.1362E-10 5.7819E-10 4.6371E-10 3.6531E-10 2.8601E-10 2.2112E-10 1.7036E-10 1.2693E-10 8.6256E-11 4.5357E-11 1.0845E-11 1.5100E-12 0.0000E+00 0.0000E+00 0.0000E+00 0.0000E+00 0.0000E+00 0.0000E+00 0.0000E+00 0.0000E+00
1.6197E-09 1.8727E-09 2.1487E-09 2.4425E-09 2.7518E-09 3.0722E-09 3.4008E-09 3.7319E-09 4.0589E-09 4.3747E-09 4.6732E-09 4.9473E-09 5.1901E-09 5.3951E-09 5.5565E-09 5.6693E-09 5.7315E-09 5.7403E-09 5.6953E-09 5.5973E-09 5.4486E-09 5.2534E-09 5.0169E-09 4.7451E-09 4.4448E-09 4.1228E-09 3.7877E-09 3.4447E-09 3.1021E-09 2.7659E-09 2.4420E-09 2.1337E-09 1.8451E-09 1.5798E-09 1.3381E-09 1.1215E-09 9.2859E-10 7.5993E-10 6.1384E-10 4.9142E-10 3.8655E-10 3.0018E-10 2.3195E-10 1.7793E-10 1.3180E-10 8.8972E-11 4.7472E-11 1.3270E-11 1.7147E-12 0.0000E+00 0.0000E+00 0.0000E+00 0.0000E+00 0.0000E+00 0.0000E+00 0.0000E+00 0.0000E+00
1.7038E-09 1.9795E-09 2.2771E-09 2.5946E-09 2.9301E-09 3.2797E-09 3.6383E-09 3.9991E-09 4.3563E-09 4.7029E-09 5.0305E-09 5.3315E-09 5.5982E-09 5.8241E-09 6.0025E-09 6.1285E-09 6.1981E-09 6.2092E-09 6.1611E-09 6.0548E-09 5.8936E-09 5.6812E-09 5.4232E-09 5.1262E-09 4.7979E-09 4.4474E-09 4.0810E-09 3.7076E-09 3.3341E-09 2.9690E-09 2.6172E-09 2.2837E-09 1.9722E-09 1.6855E-09 1.4250E-09 1.1910E-09 9.8536E-10 8.0442E-10 6.4814E-10 5.1671E-10 4.0626E-10 3.1239E-10 2.4149E-10 1.8404E-10 1.3594E-10 9.1771E-11 4.9481E-11 1.5627E-11 2.7892E-12 0.0000E+00 0.0000E+00 0.0000E+00 0.0000E+00 0.0000E+00 0.0000E+00 0.0000E+00 0.0000E+00
1.7856E-09 2.0803E-09 2.4001E-09 2.7449E-09 3.1097E-09 3.4890E-09 3.8782E-09 4.2705E-09 4.6603E-09 5.0388E-09 5.3968E-09 5.7266E-09 6.0194E-09 6.2677E-09 6.4642E-09 6.6029E-09 6.6799E-09 6.6929E-09 6.6412E-09 6.5259E-09 6.3499E-09 6.1179E-09 5.8362E-09 5.5135E-09 5.1572E-09 4.7751E-09 4.3778E-09 3.9737E-09 3.5701E-09 3.1735E-09 2.7942E-09 2.4342E-09 2.0983E-09 1.7894E-09 1.5113E-09 1.2616E-09 1.0410E-09 8.4964E-10 6.8102E-10 5.4194E-10 4.2347E-10 3.2529E-10 2.5001E-10 1.8881E-10 1.3910E-10 9.2487E-11 5.1166E-11 1.8221E-11 3.8385E-12 0.0000E+00 0.0000E+00 0.0000E+00 0.0000E+00 0.0000E+00 0.0000E+00 0.0000E+00 0.0000E+00
1.8603E-09 2.1759E-09 2.5218E-09 2.8934E-09 3.2856E-09 3.6945E-09 4.1158E-09 4.5421E-09 4.9651E-09 5.3761E-09 5.7663E-09 6.1263E-09 6.4460E-09 6.7171E-09 6.9319E-09 7.0843E-09 7.1696E-09 7.1849E-09 7.1296E-09 7.0050E-09 6.8150E-09 6.5643E-09 6.2595E-09 5.9086E-09 5.5210E-09 5.1085E-09 4.6781E-09 4.2392E-09 3.8039E-09 3.3778E-09 2.9673E-09 2.5822E-09 2.2223E-09 1.8925E-09 1.5937E-09 1.3292E-09 1.0952E-09 8.9168E-10 7.1414E-10 5.6560E-10 4.4131E-10 3.3661E-10 2.5758E-10 1.9321E-10 1.4046E-10 9.3737E-11 5.1759E-11 1.9796E-11 4.2826E-12 0.0000E+00 0.0000E+00 0.0000E+00 0.0000E+00 0.0000E+00 0.0000E+00 0.0000E+00 0.0000E+00
1.9306E-09 2.2685E-09 2.6375E-09 3.0346E-09 3.4578E-09 3.9013E-09 4.3576E-09 4.8191E-09 5.2771E-09 5.7235E-09 6.1479E-09 6.5391E-09 6.8870E-09 7.1835E-09 7.4185E-09 7.5857E-09 7.6798E-09 7.6979E-09 7.6390E-09 7.5048E-09 7.2990E-09 7.0272E-09 6.6971E-09 6.3182E-09 5.9002E-09 5.4524E-09 4.9876E-09 4.5169E-09 4.0462E-09 3.5882E-09 3.1485E-09 2.7324E-09 2.3487E-09 1.9955E-09 1.6783E-09 1.3957E-09 1.1486E-09 9.3295E-10 7.4575E-10 5.8777E-10 4.5740E-10 3.4787E-10 2.6391E-10 1.9686E-10 1.4144E-10 9.4155E-11 5.2454E-11 2.2566E-11 5.3883E-12 8.0475E-13 0.0000E+00 0.0000E+00 0.0000E+00 0.0000E+00 0.0000E+00 0.0000E+00 0.0000E+00
1.9947E-09 2.3524E-09 2.7457E-09 3.1728E-09 3.6284E-09 4.1047E-09 4.5955E-09 5.0935E-09 5.5893E-09 6.0723E-09 6.5308E-09 6.9544E-09 7.3323E-09 7.6530E-09 7.9078E-09 8.0903E-09 8.1930E-09 8.2131E-09 8.1499E-09 8.0049E-09 7.7827E-09 7.4895E-09 7.1329E-09 6.7231E-09 6.2717E-09 5.7909E-09 5.2914E-09 4.7834E-09 4.2803E-09 3.7904E-09 3.3212E-09 2.8792E-09 2.4682E-09 2.0960E-09 1.7567E-09 1.4601E-09 1.1986E-09 9.7352E-10 7.7631E-10 6.0945E-10 4.7248E-10 3.5633E-10 2.6911E-10 1.9927E-10 1.4120E-10 9.4202E-11 5.3477E-11 2.3228E-11 6.6305E-12 9.1715E-13 0.0000E+00 0.0000E+00 0.0000E+00 0.0000E+00 0.0000E+00 0.0000E+00 0.0000E+00
2.0499E-09 2.4319E-09 2.8530E-09 3.3091E-09 3.7960E-09 4.3084E-09 4.8391E-09 5.3776E-09 5.9135E-09 6.4342E-09 6.9300E-09 7.3883E-09 7.7977E-09 8.1451E-09 8.4219E-09 8.6187E-09 8.7297E-09 8.7534E-09 8.6859E-09 8.5299E-09 8.2902E-09 7.9736E-09 7.5893E-09 7.1490E-09 6.6631E-09 6.1440E-09 5.6064E-09 5.0645E-09 4.5219E-09 3.9984E-09 3.4976E-09 3.0272E-09 2.5904E-09 2.1937E-09 1.8363E-09 1.5225E-09 1.2485E-09 1.0102E-09 8.0615E-10 6.2850E-10 4.8596E-10 3.6438E-10 2.7345E-10 1.9994E-10 1.4002E-10 9.2723E-11 5.3506E-11 2.4247E-11 7.0680E-12 1.0348E-12 0.0000E+00 0.0000E+00 0.0000E+00 0.0000E+00 0.0000E+00 0.0000E+00 0.0000E+00
2.0991E-09 2.5033E-09 2.9496E-09 3.4355E-09 3.9581E-09 4.5085E-09 5.0779E-09 5.6558E-09 6.2317E-09 6.7939E-09 7.3287E-09 7.8217E-09 8.2617E-09 8.6351E-09 8.9340E-09 9.1455E-09 9.2660E-09 9.2893E-09 9.2154E-09 9.0485E-09 8.7905E-09 8.4507E-09 8.0371E-09 7.5622E-09 7.0402E-09 6.4865E-09 5.9123E-09 5.3305E-09 4.7536E-09 4.1968E-09 3.6661E-09 3.1673E-09 2.7066E-09 2.2881E-09 1.9109E-09 1.5802E-09 1.2939E-09 1.0473E-09 8.3158E-10 6.4865E-10 4.9807E-10 3.7138E-10 2.7662E-10 1.9924E-10 1.3814E-10 9.2257E-11 5.3389E-11 2.5342E-11 7.5545E-12 1.1747E-12 0.0000E+00 0.0000E+00 0.0000E+00 0.0000E+00 0.0000E+00 0.0000E+00 0.0000E+00
2.1401E-09 2.5662E-09 3.0406E-09 3.5609E-09 4.1198E-09 4.7093E-09 5.3204E-09 5.9427E-09 6.5638E-09 7.1697E-09 7.7445E-09 8.2758E-09 8.7488E-09 9.1507E-09 9.4706E-09 9.6962E-09 9.8256E-09 9.8492E-09 9.7699E-09 9.5882E-09 9.3085E-09 8.9426E-09 8.4986E-09 7.9908E-09 7.4322E-09 6.8373E-09 6.2232E-09 5.6042E-09 4.9915E-09 4.3956E-09 3.8345E-09 3.3084E-09 2.8220E-09 2.3814E-09 1.9845E-09 1.6373E-09 1.3365E-09 1.0788E-09 8.5566E-10 6.6405E-10 5.0847E-10 3.7711E-10 2.7606E-10 1.9644E-10 1.3403E-10 8.9285E-11 5.2466E-11 2.4969E-11 7.7330E-12 1.2002E-12 0.0000E+00 0.0000E+00 0.0000E+00 0.0000E+00 0.0000E+00 0.0000E+00 0.0000E+00
2.1710E-09 2.6212E-09 3.1250E-09 3.6785E-09 4.2732E-09 4.9050E-09 5.5615E-09 6.2304E-09 6.8975E-09 7.5480E-09 8.1672E-09 8.7391E-09 9.2472E-09 9.6784E-09 1.0019E-08 1.0262E-08 1.0395E-08 1.0419E-08 1.0331E-08 1.0133E-08 9.8331E-09 9.4391E-09 8.9622E-09 8.4177E-09 7.8197E-09 7.1864E-09 6.5327E-09 5.8729E-09 5.2217E-09 4.5900E-09 3.9971E-09 3.4430E-09 2.9334E-09 2.4675E-09 2.0505E-09 1.6865E-09 1.3765E-09 1.1084E-09 8.7723E-10 6.7977E-10 5.1632E-10 3.8153E-10 2.7280E-10 1.9280E-10 1.3027E-10 8.6095E-11 5.1347E-11 2.4307E-11 7.7049E-12 1.2151E-12 0.0000E+00 0.0000E+00 0.0000E+00 0.0000E+00 0.0000E+00 0.0000E+00 0.0000E+00
2.1941E-09 2.6693E-09 3.2031E-09 3.7893E-09 4.4263E-09 5.1030E-09 5.8071E-09 6.5249E-09 7.2422E-09 7.9424E-09 8.6082E-09 9.2225E-09 9.7678E-09 1.0229E-08 1.0593E-08 1.0850E-08 1.0989E-08 1.1012E-08 1.0912E-08 1.0696E-08 1.0373E-08 9.9463E-09 9.4349E-09 8.8512E-09 8.2137E-09 7.5386E-09 6.8424E-09 6.1420E-09 5.4548E-09 4.7801E-09 4.1561E-09 3.5736E-09 3.0374E-09 2.5532E-09 2.1155E-09 1.7354E-09 1.4112E-09 1.1350E-09 8.9500E-10 6.9091E-10 5.2343E-10 3.8116E-10 2.6849E-10 1.8710E-10 1.2524E-10 8.2570E-11 4.8959E-11 2.3750E-11 7.3002E-12 1.2182E-12 0.0000E+00 0.0000E+00 0.0000E+00 0.0000E+00 0.0000E+00 0.0000E+00 0.0000E+00
2.2081E-09 2.7072E-09 3.2699E-09 3.8951E-09 4.5754E-09 5.2975E-09 6.0529E-09 6.8252E-09 7.5970E-09 8.3501E-09 9.0643E-09 9.7228E-09 1.0307E-08 1.0802E-08 1.1190E-08 1.1460E-08 1.1606E-08 1.1623E-08 1.1511E-08 1.1276E-08 1.0921E-08 1.0462E-08 9.9141E-09 9.2886E-09 8.6064E-09 7.8853E-09 7.1464E-09 6.4064E-09 5.6776E-09 4.9630E-09 4.3094E-09 3.6985E-09 3.1384E-09 2.6314E-09 2.1755E-09 1.7764E-09 1.4433E-09 1.1576E-09 9.1218E-10 7.0018E-10 5.2758E-10 3.7954E-10 2.6401E-10 1.8192E-10 1.2130E-10 7.7929E-11 4.6211E-11 2.2274E-11 6.8055E-12 1.2086E-12 0.0000E+00 0.0000E+00 0.0000E+00 0.0000E+00 0.0000E+00 0.0000E+00 0.0000E+00
2.2112E-09 2.7350E-09 3.3317E-09 3.9966E-09 4.7185E-09 5.4938E-09 6.3056E-09 7.1352E-09 7.9640E-09 8.7724E-09 9.5401E-09 1.0247E-08 1.0872E-08 1.1398E-08 1.1808E-08 1.2095E-08 1.2247E-08 1.2256E-08 1.2128E-08 1.1867E-08 1.1482E-08 1.0988E-08 1.0394E-08 9.7239E-09 8.9969E-09 8.2316E-09 7.4465E-09 6.6602E-09 5.8923E-09 5.1364E-09 4.4491E-09 3.8130E-09 3.2295E-09 2.7037E-09 2.2290E-09 1.8119E-09 1.4682E-09 1.1756E-09 9.2326E-10 7.0712E-10 5.2724E-10 3.7362E-10 2.5801E-10 1.7571E-10 1.1637E-10 7.3527E-11 4.3250E-11 2.0604E-11 6.2834E-12 1.1855E-12 0.0000E+00 0.0000E+00 0.0000E+00 0.0000E+00 0.0000E+00 0.0000E+00 0.0000E+00
2.2028E-09 2.7533E-09 3.3836E-09 4.0869E-09 4.8601E-09 5.6907E-09 6.5597E-09 7.4508E-09 8.3443E-09 9.2146E-09 1.0040E-08 1.0798E-08 1.1467E-08 1.2028E-08 1.2465E-08 1.2764E-08 1.2916E-08 1.2921E-08 1.2777E-08 1.2488E-08 1.2066E-08 1.1527E-08 1.0887E-08 1.0172E-08 9.3925E-09 8.5752E-09 7.7425E-09 6.9142E-09 6.1056E-09 5.3091E-09 4.5879E-09 3.9220E-09 3.3155E-09 2.7699E-09 2.2797E-09 1.8429E-09 1.4901E-09 1.1904E-09 9.3274E-10 7.0939E-10 5.2481E-10 3.6842E-10 2.5123E-10 1.6914E-10 1.1103E-10 6.7834E-11 4.0195E-11 1.8902E-11 5.7022E-12 1.1487E-12 0.0000E+00 0.0000E+00 0.0000E+00 0.0000E+00 0.0000E+00 0.0000E+00 0.0000E+00
2.1860E-09 2.7606E-09 3.4234E-09 4.1728E-09 4.9986E-09 5.8842E-09 6.8176E-09 7.7794E-09 8.7396E-09 9.6774E-09 1.0567E-08 1.1381E-08 1.2097E-08 1.2696E-08 1.3158E-08 1.3469E-08 1.3625E-08 1.3618E-08 1.3447E-08 1.3128E-08 1.2667E-08 1.2082E-08 1.1392E-08 1.0619E-08 9.7864E-09 8.9191E-09 8.0348E-09 7.1571E-09 6.3039E-09 5.4702E-09 4.7098E-09 4.0211E-09 3.3915E-09 2.8260E-09 2.3207E-09 1.8700E-09 1.5064E-09 1.2002E-09 9.3776E-10 7.0986E-10 5.1830E-10 3.6228E-10 2.4482E-10 1.6103E-10 1.0473E-10 6.2656E-11 3.6285E-11 1.6958E-11 4.9189E-12 8.3883E-13 0.0000E+00 0.0000E+00 0.0000E+00 0.0000E+00 0.0000E+00 0.0000E+00 0.0000E+00
2.1583E-09 2.7560E-09 3.4529E-09 4.2474E-09 5.1259E-09 6.0768E-09 7.0792E-09 8.1114E-09 9.1461E-09 1.0160E-08 1.1116E-08 1.1993E-08 1.2764E-08 1.3402E-08 1.3892E-08 1.4219E-08 1.4373E-08 1.4349E-08 1.4155E-08 1.3799E-08 1.3290E-08 1.2651E-08 1.1903E-08 1.1070E-08 1.0181E-08 9.2526E-09 8.3149E-09 7.3900E-09 6.4940E-09 5.6187E-09 4.8227E-09 4.1088E-09 3.4586E-09 2.8771E-09 2.3576E-09 1.8921E-09 1.5177E-09 1.2071E-09 9.3782E-10 7.0555E-10 5.1195E-10 3.5475E-10 2.3679E-10 1.5184E-10 9.7094E-11 5.6874E-11 3.2665E-11 1.4550E-11 3.8668E-12 3.5286E-13 0.0000E+00 0.0000E+00 0.0000E+00 0.0000E+00 0.0000E+00 0.0000E+00 0.0000E+00
2.1184E-09 2.7361E-09 3.4660E-09 4.3045E-09 5.2433E-09 6.2618E-09 7.3400E-09 8.4518E-09 9.5701E-09 1.0660E-08 1.1694E-08 1.2643E-08 1.3471E-08 1.4155E-08 1.4676E-08 1.5017E-08 1.5167E-08 1.5130E-08 1.4906E-08 1.4501E-08 1.3940E-08 1.3243E-08 1.2430E-08 1.1532E-08 1.0574E-08 9.5859E-09 8.5938E-09 7.6157E-09 6.6745E-09 5.7572E-09 4.9225E-09 4.1852E-09 3.5167E-09 2.9185E-09 2.3857E-09 1.9108E-09 1.5238E-09 1.2080E-09 9.3658E-10 6.9985E-10 5.0235E-10 3.4658E-10 2.2763E-10 1.4383E-10 8.9548E-11 5.2546E-11 2.8116E-11 1.2159E-11 2.7641E-12 0.0000E+00 0.0000E+00 0.0000E+00 0.0000E+00 0.0000E+00 0.0000E+00 0.0000E+00 0.0000E+00
2.0688E-09 2.7024E-09 3.4620E-09 4.3444E-09 5.3410E-09 6.4311E-09 7.5932E-09 8.7927E-09 1.0003E-08 1.1183E-08 1.2302E-08 1.3322E-08 1.4213E-08 1.4952E-08 1.5506E-08 1.5863E-08 1.6015E-08 1.5956E-08 1.5692E-08 1.5242E-08 1.4622E-08 1.3853E-08 1.2967E-08 1.1996E-08 1.0967E-08 9.9118E-09 8.8555E-09 7.8239E-09 6.8376E-09 5.8917E-09 5.0077E-09 4.2483E-09 3.5604E-09 2.9498E-09 2.4039E-09 1.9202E-09 1.5210E-09 1.2022E-09 9.2878E-10 6.9274E-10 4.9363E-10 3.3575E-10 2.1743E-10 1.3468E-10 8.2674E-11 4.8826E-11 2.4447E-11 9.9293E-12 1.7294E-12 0.0000E+00 0.0000E+00 0.0000E+00 0.0000E+00 0.0000E+00 0.0000E+00 0.0000E+00 0.0000E+00
2.0059E-09 2.6514E-09 3.4365E-09 4.3596E-09 5.4126E-09 6.5762E-09 7.8244E-09 9.1239E-09 1.0438E-08 1.1720E-08 1.2934E-08 1.4041E-08 1.5006E-08 1.5798E-08 1.6389E-08 1.6768E-08 1.6917E-08 1.6836E-08 1.6536E-08 1.6029E-08 1.5334E-08 1.4488E-08 1.3524E-08 1.2469E-08 1.1362E-08 1.0234E-08 9.1131E-09 8.0240E-09 6.9893E-09 5.9995E-09 5.0810E-09 4.2958E-09 3.5953E-09 2.9689E-09 2.4157E-09 1.9223E-09 1.5131E-09 1.1921E-09 9.1787E-10 6.8215E-10 4.8330E-10 3.2477E-10 2.0772E-10 1.2530E-10 7.6631E-11 4.3151E-11 1.9942E-11 7.7241E-12 6.9197E-13 0.0000E+00 0.0000E+00 0.0000E+00 0.0000E+00 0.0000E+00 0.0000E+00 0.0000E+00 0.0000E+00
1.9333E-09 2.5819E-09 3.3842E-09 4.3416E-09 5.4494E-09 6.6862E-09 8.0243E-09 9.4277E-09 1.0852E-08 1.2253E-08 1.3582E-08 1.4787E-08 1.5837E-08 1.6691E-08 1.7328E-08 1.7727E-08 1.7873E-08 1.7771E-08 1.7424E-08 1.6849E-08 1.6083E-08 1.5152E-08 1.4092E-08 1.2944E-08 1.1751E-08 1.0542E-08 9.3523E-09 8.2046E-09 7.1197E-09 6.0922E-09 5.1344E-09 4.3286E-09 3.6121E-09 2.9790E-09 2.4160E-09 1.9156E-09 1.4973E-09 1.1759E-09 9.0322E-10 6.6911E-10 4.7025E-10 3.1308E-10 1.9639E-10 1.1654E-10 6.9446E-11 3.7252E-11 1.6365E-11 5.7196E-12 0.0000E+00 0.0000E+00 0.0000E+00 0.0000E+00 0.0000E+00 0.0000E+00 0.0000E+00 0.0000E+00 0.0000E+00
1.8533E-09 2.5004E-09 3.3091E-09 4.2916E-09 5.4470E-09 6.7519E-09 8.1786E-09 9.6911E-09 1.1238E-08 1.2767E-08 1.4218E-08 1.5540E-08 1.6696E-08 1.7629E-08 1.8323E-08 1.8745E-08 1.8892E-08 1.8765E-08 1.8368E-08 1.7728E-08 1.6874E-08 1.5838E-08 1.4677E-08 1.3430E-08 1.2138E-08 1.0840E-08 9.5731E-09 8.3619E-09 7.2288E-09 6.1603E-09 5.1725E-09 4.3399E-09 3.6137E-09 2.9712E-09 2.4045E-09 1.8964E-09 1.4774E-09 1.1525E-09 8.8448E-10 6.5198E-10 4.5511E-10 3.0089E-10 1.8626E-10 1.0805E-10 6.0621E-11 3.1200E-11 1.2403E-11 3.3936E-12 0.0000E+00 0.0000E+00 0.0000E+00 0.0000E+00 0.0000E+00 0.0000E+00 0.0000E+00 0.0000E+00 0.0000E+00
1.7749E-09 2.4076E-09 3.2092E-09 4.2069E-09 5.3958E-09 6.7606E-09 8.2751E-09 9.8962E-09 1.1567E-08 1.3232E-08 1.4824E-08 1.6289E-08 1.7559E-08 1.8591E-08 1.9356E-08 1.9817E-08 1.9976E-08 1.9821E-08 1.9370E-08 1.8653E-08 1.7700E-08 1.6561E-08 1.5285E-08 1.3917E-08 1.2518E-08 1.1127E-08 9.7780E-09 8.5000E-09 7.3130E-09 6.2092E-09 5.1947E-09 4.3310E-09 3.5986E-09 2.9504E-09 2.3796E-09 1.8689E-09 1.4509E-09 1.1261E-09 8.6252E-10 6.3321E-10 4.3941E-10 2.8630E-10 1.7641E-10 9.8139E-11 5.2766E-11 2.5805E-11 8.9686E-12 1.1011E-12 0.0000E+00 0.0000E+00 0.0000E+00 0.0000E+00 0.0000E+00 0.0000E+00 0.0000E+00 0.0000E+00 0.0000E+00
1.7230E-09 2.3216E-09 3.1061E-09 4.0970E-09 5.2962E-09 6.7105E-09 8.2978E-09 1.0019E-08 1.1821E-08 1.3633E-08 1.5380E-08 1.6993E-08 1.8398E-08 1.9558E-08 2.0411E-08 2.0931E-08 2.1106E-08 2.0931E-08 2.0434E-08 1.9632E-08 1.8576E-08 1.7316E-08 1.5905E-08 1.4418E-08 1.2901E-08 1.1400E-08 9.9619E-09 8.6152E-09 7.3733E-09 6.2289E-09 5.1841E-09 4.2993E-09 3.5614E-09 2.9138E-09 2.3440E-09 1.8326E-09 1.4195E-09 1.0917E-09 8.3530E-10 6.1186E-10 4.2054E-10 2.7140E-10 1.6597E-10 8.7372E-11 4.4795E-11 2.0677E-11 5.9249E-12 0.0000E+00 0.0000E+00 0.0000E+00 0.0000E+00 0.0000E+00 0.0000E+00 0.0000E+00 0.0000E+00 0.0000E+00 0.0000E+00
1.8527E-09 2.4942E-09 3.0456E-09 3.9878E-09 5.1758E-09 6.6078E-09 8.2423E-09 1.0057E-08 1.1979E-08 1.3937E-08 1.5848E-08 1.7629E-08 1.9204E-08 2.0502E-08 2.1463E-08 2.2067E-08 2.2278E-08 2.2100E-08 2.1552E-08 2.0664E-08 1.9494E-08 1.8101E-08 1.6554E-08 1.4927E-08 1.3272E-08 1.1660E-08 1.0129E-08 8.7063E-09 7.4079E-09 6.2247E-09 5.1511E-09 4.2424E-09 3.5013E-09 2.8576E-09 2.2938E-09 1.7876E-09 1.3765E-09 1.0520E-09 8.0395E-10 5.8596E-10 4.0067E-10 2.5592E-10 1.5476E-10 7.7304E-11 3.7624E-11 1.5754E-11 2.9142E-12 0.0000E+00 0.0000E+00 0.0000E+00 0.0000E+00 0.0000E+00 0.0000E+00 0.0000E+00 0.0000E+00 0.0000E+00 0.0000E+00
