Assets/Resources/2015_m01_d09_1000(utc+0800)_l00_csi_1hr_conc.grd
DSAA
         159         159
     -79.000      79.000
     -79.000      79.000
  0.4933E-09  0.3610E-04
[rows 125 to 149 of 159, columns 0 to 56 of 159]
1.4685E-09 1.5134E-09 1.5614E-09 1.6150E-09 1.6617E-09 1.7199E-09 1.7787E-09 1.8401E-09 1.8945E-09 1.9587E-09 2.0168E-09 2.0765E-09 2.1378E-09 2.2009E-09 2.2656E-09 2.3321E-09 2.4003E-09 2.4703E-09 2.5421E-09 2.6252E-09 2.7221E-09 2.8238E-09 2.9433E-09 3.0708E-09 3.2020E-09 3.3394E-09 3.4854E-09 3.6093E-09 3.7393E-09 3.8741E-09 4.0063E-09 4.1431E-09 4.2848E-09 4.4313E-09 4.5828E-09 4.7395E-09 4.9013E-09 5.0685E-09 5.2411E-09 5.4192E-09 5.6029E-09 5.7922E-09 5.9872E-09 6.1879E-09 6.3943E-09 6.6589E-09 6.9434E-09 7.2504E-09 7.6519E-09 8.0252E-09 8.4326E-09 8.8943E-09 9.4688E-09 9.9088E-09 1.0390E-08 1.0908E-08 1.1461E-08
1.4688E-09 1.5135E-09 1.5612E-09 1.6129E-09 1.6610E-09 1.7188E-09 1.7773E-09 1.8364E-09 1.8922E-09 1.9559E-09 2.0135E-09 2.0726E-09 2.1334E-09 2.1958E-09 2.2599E-09 2.3256E-09 2.3931E-09 2.4622E-09 2.5331E-09 2.6154E-09 2.7010E-09 2.8069E-09 2.9309E-09 3.0451E-09 3.1726E-09 3.3228E-09 3.4523E-09 3.5823E-09 3.7168E-09 3.8492E-09 3.9790E-09 4.1133E-09 4.2521E-09 4.3956E-09 4.5439E-09 4.6971E-09 4.8553E-09 5.0185E-09 5.1869E-09 5.3605E-09 5.5394E-09 5.7237E-09 5.9133E-09 6.1083E-09 6.3087E-09 6.5640E-09 6.8146E-09 7.1408E-09 7.4797E-09 7.8970E-09 8.2897E-09 8.7242E-09 9.2411E-09 9.7139E-09 1.0184E-08 1.0682E-08 1.1209E-08
1.4686E-09 1.5131E-09 1.5588E-09 1.6047E-09 1.6598E-09 1.7173E-09 1.7754E-09 1.8268E-09 1.8895E-09 1.9526E-09 2.0097E-09 2.0682E-09 2.1284E-09 2.1901E-09 2.2535E-09 2.3185E-09 2.3851E-09 2.4534E-09 2.5234E-09 2.6049E-09 2.6896E-09 2.7947E-09 2.9065E-09 3.0256E-09 3.1500E-09 3.3053E-09 3.4261E-09 3.5609E-09 3.6932E-09 3.8158E-09 3.9507E-09 4.0824E-09 4.2184E-09 4.3589E-09 4.5040E-09 4.6538E-09 4.8083E-09 4.9676E-09 5.1319E-09 5.3011E-09 5.4753E-09 5.6546E-09 5.8389E-09 6.0284E-09 6.2229E-09 6.4260E-09 6.6871E-09 7.0331E-09 7.3509E-09 7.6936E-09 8.0803E-09 8.5661E-09 9.0036E-09 9.5247E-09 9.9727E-09 1.0447E-08 1.0947E-08
1.4681E-09 1.5123E-09 1.5561E-09 1.6033E-09 1.6581E-09 1.7153E-09 1.7712E-09 1.8239E-09 1.8861E-09 1.9488E-09 2.0052E-09 2.0632E-09 2.1227E-09 2.1838E-09 2.2465E-09 2.3107E-09 2.3765E-09 2.4440E-09 2.5131E-09 2.5838E-09 2.6725E-09 2.7817E-09 2.8810E-09 2.9968E-09 3.1332E-09 3.2730E-09 3.3995E-09 3.5385E-09 3.6687E-09 3.7890E-09 3.9214E-09 4.0505E-09 4.1837E-09 4.3213E-09 4.4632E-09 4.6096E-09 4.7605E-09 4.9160E-09 5.0761E-09 5.2410E-09 5.4107E-09 5.5851E-09 5.7643E-09 5.9483E-09 6.1372E-09 6.3308E-09 6.5880E-09 6.8754E-09 7.2345E-09 7.5662E-09 7.9305E-09 8.3179E-09 8.7552E-09 9.3352E-09 9.7637E-09 1.0209E-08 1.0683E-08
1.4672E-09 1.5094E-09 1.5531E-09 1.6015E-09 1.6560E-09 1.7109E-09 1.7613E-09 1.8206E-09 1.8823E-09 1.9361E-09 2.0002E-09 2.0576E-09 2.1165E-09 2.1769E-09 2.2388E-09 2.3023E-09 2.3673E-09 2.4339E-09 2.5021E-09 2.5719E-09 2.6596E-09 2.7574E-09 2.8661E-09 2.9742E-09 3.1156E-09 3.2397E-09 3.3706E-09 3.5152E-09 3.6284E-09 3.7613E-09 3.8913E-09 4.0177E-09 4.1482E-09 4.2828E-09 4.4216E-09 4.5646E-09 4.7120E-09 4.8638E-09 5.0199E-09 5.1806E-09 5.3457E-09 5.5154E-09 5.6896E-09 5.8684E-09 6.0517E-09 6.2395E-09 6.4895E-09 6.7594E-09 7.0494E-09 7.3777E-09 7.7913E-09 8.1543E-09 8.5884E-09 9.0328E-09 9.5456E-09 9.9712E-09 1.0421E-08
1.4658E-09 1.5062E-09 1.5512E-09 1.5993E-09 1.6534E-09 1.7061E-09 1.7579E-09 1.8167E-09 1.8758E-09 1.9312E-09 1.9947E-09 2.0514E-09 2.1097E-09 2.1694E-09 2.2305E-09 2.2932E-09 2.3574E-09 2.4232E-09 2.4904E-09 2.5592E-09 2.6461E-09 2.7371E-09 2.8378E-09 2.9573E-09 3.0843E-09 3.1982E-09 3.3486E-09 3.4756E-09 3.6022E-09 3.7327E-09 3.8602E-09 3.9841E-09 4.1119E-09 4.2436E-09 4.3793E-09 4.5190E-09 4.6629E-09 4.8109E-09 4.9632E-09 5.1197E-09 5.2804E-09 5.4455E-09 5.6148E-09 5.7885E-09 5.9664E-09 6.1485E-09 6.3446E-09 6.6546E-09 6.9348E-09 7.2441E-09 7.5698E-09 7.9355E-09 8.4257E-09 8.7700E-09 9.3270E-09 9.7332E-09 1.0160E-08
1.4606E-09 1.5042E-09 1.5489E-09 1.5947E-09 1.6485E-09 1.6960E-09 1.7540E-09 1.8123E-09 1.8631E-09 1.9257E-09 1.9886E-09 2.0447E-09 2.1023E-09 2.1613E-09 2.2217E-09 2.2836E-09 2.3470E-09 2.4118E-09 2.4782E-09 2.5460E-09 2.6319E-09 2.7218E-09 2.8155E-09 2.9397E-09 3.0520E-09 3.1702E-09 3.3257E-09 3.4367E-09 3.5751E-09 3.7033E-09 3.8204E-09 3.9497E-09 4.0747E-09 4.2035E-09 4.3362E-09 4.4727E-09 4.6131E-09 4.7575E-09 4.9059E-09 5.0583E-09 5.2148E-09 5.3753E-09 5.5399E-09 5.7085E-09 5.8812E-09 6.0578E-09 6.2384E-09 6.4862E-09 6.7650E-09 7.1198E-09 7.4253E-09 7.7888E-09 8.1560E-09 8.5799E-09 8.9393E-09 9.4948E-09 9.9021E-09
1.4570E-09 1.5018E-09 1.5461E-09 1.5916E-09 1.6433E-09 1.6922E-09 1.7497E-09 1.8055E-09 1.8577E-09 1.9198E-09 1.9820E-09 2.0375E-09 2.0943E-09 2.1526E-09 2.2123E-09 2.2734E-09 2.3359E-09 2.3999E-09 2.4653E-09 2.5322E-09 2.6116E-09 2.6941E-09 2.7985E-09 2.9092E-09 3.0121E-09 3.1488E-09 3.2796E-09 3.4112E-09 3.5473E-09 3.6651E-09 3.7879E-09 3.9146E-09 4.0370E-09 4.1629E-09 4.2925E-09 4.4259E-09 4.5629E-09 4.7037E-09 4.8484E-09 4.9968E-09 5.1491E-09 5.3052E-09 5.4652E-09 5.6290E-09 5.7965E-09 5.9679E-09 6.1429E-09 6.3831E-09 6.6464E-09 6.9205E-09 7.2302E-09 7.6457E-09 7.9242E-09 8.3914E-09 8.7202E-09 9.2558E-09 9.6465E-09
1.4546E-09 1.4990E-09 1.5412E-09 1.5863E-09 1.6331E-09 1.6878E-09 1.7428E-09 1.7928E-09 1.8519E-09 1.9133E-09 1.9663E-09 2.0297E-09 2.0859E-09 2.1434E-09 2.2023E-09 2.2626E-09 2.3243E-09 2.3874E-09 2.4519E-09 2.5178E-09 2.5963E-09 2.6720E-09 2.7809E-09 2.8778E-09 2.9849E-09 3.1128E-09 3.2423E-09 3.3770E-09 3.5026E-09 3.6269E-09 3.7548E-09 3.8705E-09 3.9985E-09 4.1217E-09 4.2483E-09 4.3785E-09 4.5122E-09 4.6495E-09 4.7904E-09 4.9350E-09 5.0832E-09 5.2350E-09 5.3905E-09 5.5495E-09 5.7121E-09 5.8783E-09 6.0479E-09 6.2286E-09 6.5361E-09 6.7933E-09 7.1009E-09 7.4055E-09 7.7599E-09 8.1039E-09 8.5163E-09 8.8521E-09 9.3915E-09
1.4518E-09 1.4940E-09 1.5377E-09 1.5808E-09 1.6288E-09 1.6831E-09 1.7358E-09 1.7870E-09 1.8456E-09 1.9042E-09 1.9587E-09 2.0214E-09 2.0769E-09 2.1337E-09 2.1918E-09 2.2513E-09 2.3122E-09 2.3743E-09 2.4379E-09 2.5028E-09 2.5691E-09 2.6550E-09 2.7511E-09 2.8446E-09 2.9639E-09 3.0825E-09 3.2014E-09 3.3502E-09 3.4659E-09 3.5955E-09 3.7208E-09 3.8340E-09 3.9592E-09 4.0795E-09 4.2032E-09 4.3303E-09 4.4607E-09 4.5946E-09 4.7319E-09 4.8727E-09 5.0168E-09 5.1645E-09 5.3155E-09 5.4700E-09 5.6278E-09 5.7889E-09 5.9533E-09 6.1210E-09 6.3553E-09 6.6184E-09 6.9711E-09 7.1993E-09 7.5967E-09 7.8621E-09 8.3121E-09 8.6269E-09 9.1312E-09
1.4486E-09 1.4887E-09 1.5321E-09 1.5766E-09 1.6221E-09 1.6760E-09 1.7230E-09 1.7808E-09 1.8388E-09 1.8886E-09 1.9507E-09 2.0126E-09 2.0674E-09 2.1235E-09 2.1808E-09 2.2395E-09 2.2995E-09 2.3608E-09 2.4234E-09 2.4873E-09 2.5526E-09 2.6374E-09 2.7261E-09 2.8181E-09 2.9292E-09 3.0467E-09 3.1687E-09 3.3073E-09 3.4292E-09 3.5463E-09 3.6698E-09 3.7966E-09 3.9188E-09 4.0365E-09 4.1573E-09 4.2813E-09 4.4085E-09 4.5390E-09 4.6728E-09 4.8098E-09 4.9501E-09 5.0936E-09 5.2404E-09 5.3904E-09 5.5436E-09 5.6999E-09 5.8593E-09 6.0217E-09 6.2416E-09 6.5015E-09 6.7567E-09 7.0557E-09 7.3434E-09 7.6882E-09 7.9589E-09 8.4115E-09 8.7248E-09
1.4432E-09 1.4848E-09 1.5278E-09 1.5719E-09 1.6169E-09 1.6686E-09 1.7169E-09 1.7721E-09 1.8295E-09 1.8808E-09 1.9421E-09 1.9944E-09 2.0574E-09 2.1128E-09 2.1693E-09 2.2272E-09 2.2863E-09 2.3467E-09 2.4084E-09 2.4713E-09 2.5355E-09 2.6193E-09 2.6939E-09 2.7975E-09 2.8999E-09 3.0075E-09 3.1429E-09 3.2638E-09 3.3905E-09 3.5136E-09 3.6343E-09 3.7582E-09 3.8695E-09 3.9926E-09 4.1105E-09 4.2315E-09 4.3556E-09 4.4828E-09 4.6131E-09 4.7465E-09 4.8830E-09 5.0226E-09 5.1652E-09 5.3109E-09 5.4596E-09 5.6113E-09 5.7658E-09 5.9232E-09 6.0842E-09 6.3872E-09 6.5745E-09 6.9143E-09 7.1315E-09 7.5152E-09 7.7682E-09 8.1939E-09 8.4963E-09
1.4376E-09 1.4789E-09 1.5211E-09 1.5648E-09 1.6096E-09 1.6558E-09 1.7104E-09 1.7650E-09 1.8140E-09 1.8725E-09 1.9309E-09 1.9847E-09 2.0470E-09 2.1015E-09 2.1573E-09 2.2144E-09 2.2726E-09 2.3321E-09 2.3928E-09 2.4548E-09 2.5180E-09 2.5947E-09 2.6679E-09 2.7639E-09 2.8712E-09 2.9761E-09 3.0941E-09 3.2118E-09 3.3436E-09 3.4647E-09 3.5978E-09 3.7106E-09 3.8276E-09 3.9477E-09 4.0629E-09 4.1809E-09 4.3020E-09 4.4259E-09 4.5528E-09 4.6827E-09 4.8155E-09 4.9513E-09 5.0900E-09 5.2315E-09 5.3759E-09 5.5231E-09 5.6731E-09 5.8257E-09 5.9809E-09 6.1951E-09 6.4503E-09 6.6914E-09 6.9828E-09 7.2049E-09 7.5882E-09 7.8405E-09 8.2720E-09
1.4333E-09 1.4742E-09 1.5160E-09 1.5593E-09 1.6019E-09 1.6472E-09 1.7014E-09 1.7555E-09 1.8059E-09 1.8637E-09 1.9129E-09 1.9746E-09 2.0360E-09 2.0898E-09 2.1448E-09 2.2010E-09 2.2584E-09 2.3170E-09 2.3768E-09 2.4378E-09 2.5000E-09 2.5634E-09 2.6477E-09 2.7356E-09 2.8336E-09 2.9513E-09 3.0607E-09 3.1751E-09 3.3035E-09 3.4219E-09 3.5437E-09 3.6627E-09 3.7847E-09 3.8938E-09 4.0144E-09 4.1296E-09 4.2476E-09 4.3684E-09 4.4921E-09 4.6185E-09 4.7478E-09 4.8799E-09 5.0147E-09 5.1523E-09 5.2926E-09 5.4355E-09 5.5810E-09 5.7291E-09 5.8796E-09 6.0341E-09 6.3296E-09 6.5076E-09 6.8364E-09 7.0433E-09 7.4080E-09 7.6514E-09 7.9965E-09
1.4285E-09 1.4671E-09 1.5086E-09 1.5515E-09 1.5954E-09 1.6403E-09 1.6939E-09 1.7399E-09 1.7950E-09 1.8523E-09 1.9029E-09 1.9638E-09 2.0152E-09 2.0775E-09 2.1317E-09 2.1871E-09 2.2436E-09 2.3013E-09 2.3602E-09 2.4202E-09 2.4814E-09 2.5437E-09 2.6269E-09 2.7135E-09 2.8032E-09 2.9047E-09 3.0111E-09 3.1306E-09 3.2396E-09 3.3868E-09 3.4979E-09 3.6219E-09 3.7326E-09 3.8474E-09 3.9650E-09 4.0774E-09 4.1925E-09 4.3103E-09 4.4308E-09 4.5540E-09 4.6799E-09 4.8084E-09 4.9396E-09 5.0734E-09 5.2097E-09 5.3486E-09 5.4899E-09 5.6337E-09 5.7798E-09 5.9281E-09 6.1329E-09 6.3822E-09 6.5646E-09 6.8932E-09 7.0996E-09 7.4688E-09 7.7062E-09
1.4214E-09 1.4616E-09 1.5026E-09 1.5430E-09 1.5865E-09 1.6310E-09 1.6840E-09 1.7314E-09 1.7859E-09 1.8343E-09 1.8924E-09 1.9503E-09 2.0032E-09 2.0646E-09 2.1180E-09 2.1726E-09 2.2283E-09 2.2851E-09 2.3431E-09 2.4021E-09 2.4623E-09 2.5236E-09 2.5992E-09 2.6772E-09 2.7792E-09 2.8726E-09 2.9763E-09 3.0926E-09 3.1993E-09 3.3352E-09 3.4436E-09 3.5637E-09 3.6807E-09 3.8005E-09 3.9071E-09 4.0250E-09 4.1373E-09 4.2522E-09 4.3696E-09 4.4897E-09 4.6123E-09 4.7375E-09 4.8651E-09 4.9953E-09 5.1279E-09 5.2630E-09 5.4003E-09 5.5400E-09 5.6819E-09 5.8259E-09 5.9730E-09 6.2602E-09 6.4296E-09 6.7438E-09 6.9435E-09 7.2362E-09 7.5200E-09
1.4141E-09 1.4538E-09 1.4946E-09 1.5362E-09 1.5792E-09 1.6231E-09 1.6664E-09 1.7204E-09 1.7743E-09 1.8218E-09 1.8815E-09 1.9297E-09 1.9907E-09 2.0512E-09 2.1038E-09 2.1576E-09 2.2124E-09 2.2684E-09 2.3254E-09 2.3835E-09 2.4428E-09 2.5031E-09 2.5775E-09 2.6478E-09 2.7346E-09 2.8316E-09 2.9340E-09 3.0323E-09 3.1664E-09 3.2833E-09 3.4049E-09 3.5142E-09 3.6362E-09 3.7447E-09 3.8571E-09 3.9720E-09 4.0816E-09 4.1937E-09 4.3082E-09 4.4252E-09 4.5447E-09 4.6666E-09 4.7909E-09 4.9176E-09 5.0467E-09 5.1781E-09 5.3117E-09 5.4475E-09 5.5854E-09 5.7253E-09 5.8672E-09 6.0194E-09 6.3052E-09 6.4736E-09 6.7924E-09 6.9866E-09 7.2837E-09
1.4081E-09 1.4474E-09 1.4858E-09 1.5270E-09 1.5695E-09 1.6131E-09 1.6575E-09 1.7109E-09 1.7564E-09 1.8111E-09 1.8678E-09 1.9176E-09 1.9754E-09 2.0279E-09 2.0890E-09 2.1420E-09 2.1960E-09 2.2511E-09 2.3072E-09 2.3644E-09 2.4226E-09 2.4819E-09 2.5423E-09 2.6245E-09 2.7099E-09 2.7982E-09 2.8979E-09 2.9942E-09 3.1178E-09 3.2150E-09 3.3496E-09 3.4647E-09 3.5744E-09 3.6891E-09 3.8065E-09 3.9105E-09 4.0256E-09 4.1349E-09 4.2467E-09 4.3607E-09 4.4772E-09 4.5960E-09 4.7171E-09 4.8406E-09 4.9662E-09 5.0941E-09 5.2241E-09 5.3563E-09 5.4904E-09 5.6265E-09 5.7644E-09 5.9041E-09 6.1798E-09 6.3444E-09 6.5939E-09 6.8334E-09 7.0242E-09
1.4001E-09 1.4388E-09 1.4786E-09 1.5193E-09 1.5593E-09 1.6023E-09 1.6463E-09 1.6970E-09 1.7437E-09 1.7999E-09 1.8474E-09 1.9049E-09 1.9618E-09 2.0136E-09 2.0737E-09 2.1259E-09 2.1790E-09 2.2333E-09 2.2885E-09 2.3448E-09 2.4021E-09 2.4604E-09 2.5197E-09 2.5940E-09 2.6705E-09 2.7578E-09 2.8470E-09 2.9631E-09 3.0689E-09 3.1788E-09 3.2941E-09 3.4140E-09 3.5214E-09 3.6411E-09 3.7473E-09 3.8570E-09 3.9693E-09 4.0759E-09 4.1849E-09 4.2962E-09 4.4097E-09 4.5256E-09 4.6436E-09 4.7639E-09 4.8863E-09 5.0108E-09 5.1374E-09 5.2660E-09 5.3966E-09 5.5290E-09 5.6632E-09 5.7992E-09 5.9395E-09 6.2188E-09 6.3780E-09 6.6324E-09 6.8666E-09
1.3934E-09 1.4297E-09 1.4691E-09 1.5095E-09 1.5507E-09 1.5932E-09 1.6366E-09 1.6792E-09 1.7328E-09 1.7862E-09 1.8329E-09 1.8895E-09 1.9390E-09 1.9987E-09 2.0486E-09 2.1092E-09 2.1615E-09 2.2149E-09 2.2693E-09 2.3247E-09 2.3810E-09 2.4384E-09 2.4967E-09 2.5698E-09 2.6383E-09 2.7233E-09 2.8108E-09 2.9172E-09 3.0046E-09 3.1270E-09 3.2307E-09 3.3555E-09 3.4686E-09 3.5762E-09 3.6885E-09 3.8033E-09 3.9047E-09 4.0169E-09 4.1232E-09 4.2318E-09 4.3425E-09 4.4555E-09 4.5705E-09 4.6877E-09 4.8070E-09 4.9284E-09 5.0517E-09 5.1769E-09 5.3040E-09 5.4329E-09 5.5635E-09 5.6958E-09 5.8296E-09 6.0468E-09 6.2512E-09 6.4461E-09 6.7092E-09
1.3845E-09 1.4223E-09 1.4592E-09 1.4990E-09 1.5398E-09 1.5797E-09 1.6226E-09 1.6665E-09 1.7193E-09 1.7660E-09 1.8202E-09 1.8759E-09 1.9246E-09 1.9812E-09 2.0325E-09 2.0921E-09 2.1436E-09 2.1961E-09 2.2497E-09 2.3041E-09 2.3596E-09 2.4160E-09 2.4733E-09 2.5316E-09 2.6125E-09 2.6813E-09 2.7814E-09 2.8713E-09 2.9709E-09 3.0753E-09 3.1837E-09 3.2973E-09 3.4151E-09 3.5203E-09 3.6376E-09 3.7413E-09 3.8484E-09 3.9578E-09 4.0615E-09 4.1674E-09 4.2754E-09 4.3855E-09 4.4977E-09 4.6120E-09 4.7282E-09 4.8464E-09 4.9665E-09 5.0885E-09 5.2123E-09 5.3378E-09 5.4650E-09 5.5937E-09 5.7239E-09 5.8555E-09 6.1193E-09 6.2771E-09 6.5106E-09
1.3753E-09 1.4126E-09 1.4509E-09 1.4902E-09 1.5305E-09 1.5698E-09 1.6122E-09 1.6554E-09 1.7056E-09 1.7515E-09 1.8049E-09 1.8512E-09 1.9098E-09 1.9566E-09 2.0159E-09 2.0652E-09 2.1252E-09 2.1769E-09 2.2296E-09 2.2831E-09 2.3377E-09 2.3931E-09 2.4495E-09 2.5068E-09 2.5793E-09 2.6468E-09 2.7381E-09 2.8172E-09 2.9226E-09 3.0161E-09 3.1294E-09 3.2313E-09 3.3541E-09 3.4566E-09 3.5702E-09 3.6801E-09 3.7921E-09 3.8908E-09 4.0000E-09 4.1033E-09 4.2086E-09 4.3160E-09 4.4254E-09 4.5368E-09 4.6501E-09 4.7652E-09 4.8823E-09 5.0011E-09 5.1217E-09 5.2439E-09 5.3677E-09 5.4930E-09 5.6197E-09 5.7477E-09 5.9148E-09 6.1448E-09 6.2971E-09
1.3676E-09 1.4027E-09 1.4404E-09 1.4773E-09 1.5170E-09 1.5577E-09 1.5974E-09 1.6420E-09 1.6858E-09 1.7388E-09 1.7913E-09 1.8370E-09 1.8924E-09 1.9406E-09 1.9967E-09 2.0474E-09 2.1064E-09 2.1573E-09 2.2091E-09 2.2618E-09 2.3154E-09 2.3700E-09 2.4254E-09 2.4817E-09 2.5390E-09 2.6190E-09 2.7013E-09 2.7858E-09 2.8744E-09 2.9726E-09 3.0754E-09 3.1820E-09 3.2936E-09 3.4091E-09 3.5121E-09 3.6267E-09 3.7278E-09 3.8321E-09 3.9303E-09 4.0393E-09 4.1420E-09 4.2467E-09 4.3533E-09 4.4619E-09 4.5723E-09 4.6845E-09 4.7985E-09 4.9142E-09 5.0316E-09 5.1506E-09 5.2711E-09 5.3930E-09 5.5164E-09 5.6409E-09 5.7667E-09 5.9704E-09 6.1627E-09
1.3580E-09 1.3943E-09 1.4315E-09 1.4679E-09 1.5071E-09 1.5472E-09 1.5863E-09 1.6284E-09 1.6715E-09 1.7216E-09 1.7672E-09 1.8223E-09 1.8661E-09 1.9242E-09 1.9794E-09 2.0293E-09 2.0872E-09 2.1373E-09 2.1882E-09 2.2401E-09 2.2928E-09 2.3464E-09 2.4009E-09 2.4563E-09 2.5125E-09 2.5909E-09 2.6504E-09 2.7406E-09 2.8256E-09 2.9224E-09 3.0143E-09 3.1258E-09 3.2178E-09 3.3378E-09 3.4465E-09 3.5575E-09 3.6645E-09 3.7655E-09 3.8695E-09 3.9756E-09 4.0758E-09 4.1778E-09 4.2818E-09 4.3875E-09 4.4951E-09 4.6044E-09 4.7154E-09 4.8281E-09 4.9424E-09 5.0582E-09 5.1755E-09 5.2941E-09 5.4141E-09 5.5353E-09 5.6576E-09 5.7808E-09 5.9853E-09
1.3481E-09 1.3838E-09 1.4188E-09 1.4564E-09 1.4931E-09 1.5326E-09 1.5731E-09 1.6144E-09 1.6589E-09 1.7082E-09 1.7531E-09 1.8052E-09 1.8505E-09 1.9054E-09 1.9531E-09 2.0086E-09 2.0587E-09 2.1170E-09 2.1671E-09 2.2181E-09 2.2699E-09 2.3226E-09 2.3762E-09 2.4306E-09 2.4858E-09 2.5559E-09 2.6209E-09 2.7020E-09 2.7852E-09 2.8724E-09 2.9690E-09 3.0700E-09 3.1746E-09 3.2669E-09 3.3969E-09 3.4973E-09 3.5927E-09 3.6997E-09 3.8087E-09 3.9040E-09 4.0096E-09 4.1091E-09 4.2103E-09 4.3133E-09 4.4181E-09 4.5245E-09 4.6326E-09 4.7422E-09 4.8534E-09 4.9661E-09 5.0802E-09 5.1956E-09 5.3122E-09 5.4301E-09 5.5489E-09 5.6687E-09 5.7894E-09
