Assets/Resources/2015_m01_d02_0000(utc+0800)_l00_csi_1hr_conc.grd
DSAA
         159         159
     -79.000      79.000
     -79.000      79.000
  0.0000E+00  0.1199E-04
[rows 75 to 99 of 159, columns 57 to 113 of 159]
0.0000E+00 0.0000E+00 0.0000E+00 0.0000E+00 0.0000E+00 0.0000E+00 0.0000E+00 0.0000E+00 0.0000E+00 0.0000E+00 0.0000E+00 0.0000E+00 0.0000E+00 0.0000E+00 0.0000E+00 0.0000E+00 0.0000E+00 0.0000E+00 0.0000E+00 0.0000E+00 5.5504E-12 3.9147E-11 1.0147E-10 1.6184E-10 2.2283E-10 2.8441E-10 3.4320E-10 4.0234E-10 4.6746E-10 5.4009E-10 6.2050E-10 7.0890E-10 8.0951E-10 9.6983E-10 1.2251E-09 1.4998E-09 1.7824E-09 2.0066E-09 2.3006E-09 2.6098E-09 2.8939E-09 3.2380E-09 3.5553E-09 3.8874E-09 4.2343E-09 4.5888E-09 4.9467E-09 5.3143E-09 5.6995E-09 6.0747E-09 6.4425E-09 6.7990E-09 7.1417E-09 7.4749E-09 7.7968E-09 8.1051E-09 8.3974E-09
0.0000E+00 0.0000E+00 0.0000E+00 0.0000E+00 0.0000E+00 0.0000E+00 0.0000E+00 0.0000E+00 0.0000E+00 0.0000E+00 0.0000E+00 0.0000E+00 0.0000E+00 0.0000E+00 0.0000E+00 0.0000E+00 0.0000E+00 0.0000E+00 0.0000E+00 1.6601E-12 2.9047E-11 8.9395E-11 1.5154E-10 2.1146E-10 2.7472E-10 3.3546E-10 3.9735E-10 4.6427E-10 5.3943E-10 6.2325E-10 7.1604E-10 8.1802E-10 9.6581E-10 1.2140E-09 1.5631E-09 1.8250E-09 2.1192E-09 2.4332E-09 2.7267E-09 3.0863E-09 3.4252E-09 3.7849E-09 4.1543E-09 4.5387E-09 4.9401E-09 5.4181E-09 5.8331E-09 6.2632E-09 6.7019E-09 7.1258E-09 7.5355E-09 7.9281E-09 8.3067E-09 8.6013E-09 8.9561E-09 9.2943E-09 9.6140E-09
0.0000E+00 0.0000E+00 0.0000E+00 0.0000E+00 0.0000E+00 0.0000E+00 0.0000E+00 0.0000E+00 0.0000E+00 0.0000E+00 0.0000E+00 0.0000E+00 0.0000E+00 0.0000E+00 0.0000E+00 0.0000E+00 0.0000E+00 0.0000E+00 0.0000E+00 1.9781E-11 7.3330E-11 1.3709E-10 1.9649E-10 2.6074E-10 3.2378E-10 3.8814E-10 4.5609E-10 5.3293E-10 6.1922E-10 7.1544E-10 8.2194E-10 9.5582E-10 1.1827E-09 1.5511E-09 1.8969E-09 2.2107E-09 2.5045E-09 2.8697E-09 3.2180E-09 3.5891E-09 3.9891E-09 4.4827E-09 4.9189E-09 5.4374E-09 5.9113E-09 6.3900E-09 6.8724E-09 7.4395E-09 7.9351E-09 8.4127E-09 8.8690E-09 9.3030E-09 9.7171E-09 1.0110E-08 1.0422E-08 1.0774E-08 1.1042E-08
0.0000E+00 0.0000E+00 0.0000E+00 0.0000E+00 0.0000E+00 0.0000E+00 0.0000E+00 0.0000E+00 0.0000E+00 0.0000E+00 0.0000E+00 0.0000E+00 0.0000E+00 0.0000E+00 0.0000E+00 0.0000E+00 0.0000E+00 0.0000E+00 1.1075E-11 5.3542E-11 1.1810E-10 1.7953E-10 2.4288E-10 3.0846E-10 3.7456E-10 4.4314E-10 5.2074E-10 6.0850E-10 7.0703E-10 8.1689E-10 9.4062E-10 1.1406E-09 1.5141E-09 1.8992E-09 2.2395E-09 2.5975E-09 2.9460E-09 3.3231E-09 3.7278E-09 4.2395E-09 4.7192E-09 5.2968E-09 5.8129E-09 6.4138E-09 6.9700E-09 7.5857E-09 8.1525E-09 8.7398E-09 9.3019E-09 9.8381E-09 1.0344E-08 1.0824E-08 1.1277E-08 1.1700E-08 1.2093E-08 1.2458E-08 1.2796E-08
0.0000E+00 0.0000E+00 0.0000E+00 0.0000E+00 0.0000E+00 0.0000E+00 0.0000E+00 0.0000E+00 0.0000E+00 0.0000E+00 0.0000E+00 0.0000E+00 0.0000E+00 0.0000E+00 0.0000E+00 0.0000E+00 0.0000E+00 2.7190E-12 3.3565E-11 9.5811E-11 1.6108E-10 2.2160E-10 2.8865E-10 3.5516E-10 4.2579E-10 5.0321E-10 5.9136E-10 6.9104E-10 8.0295E-10 9.2806E-10 1.0981E-09 1.4510E-09 1.8681E-09 2.2445E-09 2.6227E-09 2.9929E-09 3.3966E-09 3.9080E-09 4.3958E-09 5.0000E-09 5.6334E-09 6.2462E-09 6.9184E-09 7.5551E-09 8.2043E-09 8.8562E-09 9.5243E-09 1.0186E-08 1.0818E-08 1.1413E-08 1.1977E-08 1.2505E-08 1.2995E-08 1.3447E-08 1.3861E-08 1.4240E-08 1.4587E-08
0.0000E+00 0.0000E+00 0.0000E+00 0.0000E+00 0.0000E+00 0.0000E+00 0.0000E+00 0.0000E+00 0.0000E+00 0.0000E+00 0.0000E+00 0.0000E+00 0.0000E+00 0.0000E+00 0.0000E+00 0.0000E+00 0.0000E+00 2.0700E-11 7.4287E-11 1.3884E-10 1.9733E-10 2.6461E-10 3.3248E-10 4.0459E-10 4.8087E-10 5.6833E-10 6.6791E-10 7.8051E-10 9.0691E-10 1.0548E-09 1.3671E-09 1.8454E-09 2.2642E-09 2.6189E-09 3.0073E-09 3.4343E-09 3.9846E-09 4.5835E-09 5.2361E-09 5.8798E-09 6.6240E-09 7.3467E-09 8.0762E-09 8.8147E-09 9.5679E-09 1.0320E-08 1.1095E-08 1.1847E-08 1.2553E-08 1.3218E-08 1.3843E-08 1.4420E-08 1.4947E-08 1.5423E-08 1.5852E-08 1.6238E-08 1.6592E-08
0.0000E+00 0.0000E+00 0.0000E+00 0.0000E+00 0.0000E+00 0.0000E+00 0.0000E+00 0.0000E+00 0.0000E+00 0.0000E+00 0.0000E+00 0.0000E+00 0.0000E+00 0.0000E+00 0.0000E+00 0.0000E+00 8.3541E-12 4.6938E-11 1.0774E-10 1.7250E-10 2.3659E-10 3.0715E-10 3.7784E-10 1.1986E-05 5.4010E-10 6.3836E-10 7.5024E-10 8.7672E-10 1.0203E-09 1.2845E-09 1.7419E-09 2.2043E-09 2.5851E-09 2.9873E-09 3.5041E-09 4.0811E-09 4.6592E-09 5.3662E-09 6.1311E-09 6.8975E-09 7.7049E-09 8.5520E-09 9.4056E-09 1.0262E-08 1.1135E-08 1.2007E-08 1.2902E-08 1.3746E-08 1.4538E-08 1.5280E-08 1.5969E-08 1.6595E-08 1.7156E-08 1.7652E-08 1.8087E-08 1.8472E-08 1.8819E-08
0.0000E+00 0.0000E+00 0.0000E+00 0.0000E+00 0.0000E+00 0.0000E+00 0.0000E+00 0.0000E+00 0.0000E+00 0.0000E+00 0.0000E+00 0.0000E+00 0.0000E+00 0.0000E+00 0.0000E+00 0.0000E+00 2.6736E-11 8.1167E-11 1.4641E-10 2.0695E-10 2.7583E-10 3.4722E-10 4.2457E-10 1.2993E-06 8.5869E-07 7.1307E-10 8.3805E-10 9.7934E-10 1.2068E-09 1.6155E-09 2.0948E-09 2.5215E-09 2.9324E-09 3.4650E-09 4.0678E-09 4.7417E-09 5.4885E-09 6.2598E-09 7.0941E-09 7.9904E-09 8.9366E-09 9.9242E-09 1.0929E-08 1.1920E-08 1.2929E-08 1.3934E-08 1.4962E-08 1.5911E-08 1.6800E-08 1.7627E-08 1.8383E-08 1.9058E-08 1.9648E-08 2.0156E-08 2.0589E-08 2.0961E-08 2.1309E-08
0.0000E+00 0.0000E+00 0.0000E+00 0.0000E+00 0.0000E+00 0.0000E+00 0.0000E+00 0.0000E+00 0.0000E+00 0.0000E+00 0.0000E+00 0.0000E+00 0.0000E+00 0.0000E+00 0.0000E+00 1.0437E-11 5.3775E-11 1.1211E-10 1.7569E-10 2.4210E-10 3.1484E-10 3.8977E-10 4.7156E-10 5.6373E-10 4.8316E-06 1.5322E-07 9.3092E-10 1.1464E-09 1.4416E-09 1.9424E-09 2.4107E-09 2.8436E-09 3.3831E-09 4.0021E-09 4.7035E-09 5.4891E-09 6.3086E-09 7.2075E-09 8.1826E-09 9.2266E-09 1.0332E-08 1.1481E-08 1.2661E-08 1.3803E-08 1.4969E-08 1.6147E-08 1.7299E-08 1.8368E-08 1.9366E-08 2.0282E-08 2.1108E-08 2.1831E-08 2.2445E-08 2.2959E-08 2.3398E-08 2.3765E-08 2.4074E-08
0.0000E+00 0.0000E+00 0.0000E+00 0.0000E+00 0.0000E+00 0.0000E+00 0.0000E+00 0.0000E+00 0.0000E+00 0.0000E+00 0.0000E+00 0.0000E+00 0.0000E+00 0.0000E+00 0.0000E+00 2.7888E-11 8.0872E-11 1.4423E-10 2.0674E-10 2.7726E-10 3.5152E-10 4.3317E-10 5.2084E-10 6.2266E-10 4.7077E-06 1.5824E-06 3.4538E-08 1.3357E-09 1.7686E-09 2.2465E-09 2.7232E-09 3.1908E-09 3.8847E-09 4.6018E-09 5.4157E-09 6.2684E-09 7.2228E-09 8.2686E-09 9.4022E-09 1.0616E-08 1.1898E-08 1.3235E-08 1.4609E-08 1.5932E-08 1.7273E-08 1.8643E-08 1.9932E-08 2.1139E-08 2.2256E-08 2.3269E-08 2.4168E-08 2.4943E-08 2.5588E-08 2.6108E-08 2.6521E-08 2.6865E-08 2.7169E-08
0.0000E+00 0.0000E+00 0.0000E+00 0.0000E+00 0.0000E+00 0.0000E+00 0.0000E+00 0.0000E+00 0.0000E+00 0.0000E+00 0.0000E+00 0.0000E+00 0.0000E+00 0.0000E+00 7.9724E-12 5.1626E-11 1.0810E-10 1.6985E-10 2.3759E-10 3.1207E-10 3.8977E-10 4.7578E-10 5.7203E-10 6.8388E-10 6.6319E-08 3.1477E-06 5.9262E-07 9.7375E-09 2.0328E-09 2.5467E-09 3.0364E-09 3.7191E-09 4.4388E-09 5.2664E-09 6.1442E-09 7.1336E-09 8.2336E-09 9.4430E-09 1.0757E-08 1.2161E-08 1.3647E-08 1.5194E-08 1.6784E-08 1.8314E-08 1.9855E-08 2.1425E-08 2.2879E-08 2.4240E-08 2.5487E-08 2.6610E-08 2.7590E-08 2.8407E-08 2.9067E-08 2.9588E-08 3.0002E-08 3.0323E-08 3.0562E-08
0.0000E+00 0.0000E+00 0.0000E+00 0.0000E+00 0.0000E+00 0.0000E+00 0.0000E+00 0.0000E+00 0.0000E+00 0.0000E+00 0.0000E+00 0.0000E+00 0.0000E+00 0.0000E+00 2.3429E-11 7.4321E-11 1.3578E-10 1.9748E-10 2.6862E-10 3.4487E-10 4.2871E-10 5.1958E-10 6.2471E-10 7.4688E-10 8.8788E-10 1.5306E-06 1.7747E-06 2.1816E-07 4.4443E-09 2.8515E-09 3.4487E-09 4.2201E-09 5.0457E-09 5.9324E-09 6.9374E-09 8.0744E-09 9.3403E-09 1.0732E-08 1.2244E-08 1.3865E-08 1.5576E-08 1.7361E-08 1.9189E-08 2.0958E-08 2.2719E-08 2.4502E-08 2.6147E-08 2.7722E-08 2.9166E-08 3.0416E-08 3.1469E-08 3.2327E-08 3.2984E-08 3.3466E-08 3.3817E-08 3.4068E-08 3.4242E-08
0.0000E+00 0.0000E+00 0.0000E+00 0.0000E+00 0.0000E+00 0.0000E+00 0.0000E+00 0.0000E+00 0.0000E+00 0.0000E+00 0.0000E+00 0.0000E+00 0.0000E+00 3.7181E-12 4.2180E-11 9.6344E-11 1.5653E-10 2.2370E-10 2.9857E-10 3.7768E-10 4.6661E-10 5.6421E-10 6.7838E-10 8.1105E-10 9.6416E-10 6.9499E-08 2.1287E-06 9.4274E-07 8.6595E-08 6.9870E-09 3.9865E-09 4.7714E-09 5.6406E-09 6.6476E-09 7.7959E-09 9.0947E-09 1.0539E-08 1.2132E-08 1.3864E-08 1.5722E-08 1.7702E-08 1.9787E-08 2.1944E-08 2.4069E-08 2.6243E-08 2.8387E-08 3.0365E-08 3.2149E-08 3.3726E-08 3.5030E-08 3.6072E-08 3.6872E-08 3.7447E-08 3.7817E-08 3.8046E-08 3.8173E-08 3.8183E-08
0.0000E+00 0.0000E+00 0.0000E+00 0.0000E+00 0.0000E+00 0.0000E+00 0.0000E+00 0.0000E+00 0.0000E+00 0.0000E+00 0.0000E+00 0.0000E+00 0.0000E+00 1.3336E-11 6.1474E-11 1.1972E-10 1.7919E-10 2.4989E-10 3.2724E-10 4.1098E-10 5.0380E-10 6.0918E-10 7.3246E-10 8.7571E-10 1.0410E-09 1.4242E-09 6.5467E-07 1.6559E-06 4.7473E-07 8.1449E-08 2.8451E-08 1.3622E-08 9.2411E-09 7.4445E-09 8.7098E-09 1.0182E-08 1.1828E-08 1.3662E-08 1.5700E-08 1.7944E-08 2.0544E-08 2.3189E-08 2.5848E-08 2.8445E-08 3.0971E-08 3.3322E-08 3.5420E-08 3.7274E-08 3.8859E-08 4.0115E-08 4.1076E-08 4.1763E-08 4.2180E-08 4.2400E-08 4.2479E-08 4.2418E-08 4.2269E-08
0.0000E+00 0.0000E+00 0.0000E+00 0.0000E+00 0.0000E+00 0.0000E+00 0.0000E+00 0.0000E+00 0.0000E+00 0.0000E+00 0.0000E+00 0.0000E+00 6.1078E-13 2.7455E-11 7.8637E-11 1.3845E-10 2.0079E-10 2.7513E-10 3.5463E-10 4.4320E-10 5.4086E-10 6.5399E-10 7.8634E-10 9.4011E-10 1.1771E-09 1.6440E-09 6.8336E-08 1.2259E-06 9.4597E-07 2.9658E-07 1.2902E-07 6.0101E-08 2.9563E-08 1.8414E-08 1.4409E-08 1.1992E-08 1.3992E-08 1.6368E-08 1.9070E-08 2.2059E-08 2.5250E-08 2.8316E-08 3.1346E-08 3.4255E-08 3.6982E-08 3.9385E-08 4.1489E-08 4.3284E-08 4.4720E-08 4.5776E-08 4.6536E-08 4.7001E-08 4.7198E-08 4.7185E-08 4.7029E-08 4.6770E-08 4.6396E-08
0.0000E+00 0.0000E+00 0.0000E+00 0.0000E+00 0.0000E+00 0.0000E+00 0.0000E+00 0.0000E+00 0.0000E+00 0.0000E+00 0.0000E+00 0.0000E+00 4.8806E-12 4.2918E-11 9.7220E-11 1.5506E-10 2.2171E-10 2.9896E-10 3.8120E-10 4.7416E-10 5.7733E-10 6.9809E-10 8.3934E-10 1.0035E-09 1.3695E-09 1.9763E-09 8.0208E-09 4.5118E-07 1.0847E-06 5.1571E-07 2.7829E-07 1.5357E-07 8.4639E-08 4.8712E-08 3.1455E-08 2.4842E-08 2.2970E-08 2.1773E-08 2.5156E-08 2.8723E-08 3.1925E-08 3.4903E-08 3.8122E-08 4.1231E-08 4.4049E-08 4.6603E-08 4.8715E-08 5.0345E-08 5.1489E-08 5.2244E-08 5.2590E-08 5.2662E-08 5.2485E-08 5.2133E-08 5.1675E-08 5.1104E-08 5.0472E-08
0.0000E+00 0.0000E+00 0.0000E+00 0.0000E+00 0.0000E+00 0.0000E+00 0.0000E+00 0.0000E+00 0.0000E+00 0.0000E+00 0.0000E+00 0.0000E+00 1.1753E-11 5.7047E-11 1.1334E-10 1.7157E-10 2.4171E-10 3.2080E-10 4.0699E-10 5.0389E-10 6.1273E-10 7.4088E-10 8.9078E-10 1.0649E-09 1.5256E-09 2.4810E-09 1.2580E-08 1.6241E-07 6.2840E-07 5.6760E-07 3.8902E-07 2.5642E-07 1.6164E-07 1.0047E-07 6.6194E-08 4.7522E-08 3.9188E-08 3.6943E-08 3.7394E-08 3.9494E-08 4.1435E-08 4.5233E-08 4.8515E-08 5.1436E-08 5.3838E-08 5.5943E-08 5.7339E-08 5.8623E-08 5.9357E-08 5.9550E-08 5.9356E-08 5.8804E-08 5.8090E-08 5.7228E-08 5.6320E-08 5.5403E-08 5.4435E-08
0.0000E+00 0.0000E+00 0.0000E+00 0.0000E+00 0.0000E+00 0.0000E+00 0.0000E+00 0.0000E+00 0.0000E+00 0.0000E+00 0.0000E+00 0.0000E+00 2.0816E-11 7.0174E-11 1.2722E-10 1.8717E-10 2.6063E-10 3.4138E-10 4.3118E-10 5.3174E-10 6.4657E-10 7.8178E-10 9.3993E-10 1.1821E-09 1.6496E-09 3.0172E-09 1.7494E-08 1.1378E-07 3.3110E-07 4.1593E-07 3.8324E-07 3.0864E-07 2.2757E-07 1.6080E-07 1.1235E-07 8.2818E-08 6.6704E-08 5.8398E-08 5.5923E-08 5.6334E-08 5.8256E-08 6.0678E-08 6.2296E-08 6.5095E-08 6.7006E-08 6.8327E-08 6.8815E-08 6.8970E-08 6.8640E-08 6.7874E-08 6.6833E-08 6.5525E-08 6.4018E-08 6.2490E-08 6.1005E-08 5.9597E-08 5.8260E-08
0.0000E+00 0.0000E+00 0.0000E+00 0.0000E+00 0.0000E+00 0.0000E+00 0.0000E+00 0.0000E+00 0.0000E+00 0.0000E+00 0.0000E+00 2.3196E-12 2.9267E-11 8.3118E-11 1.4009E-10 2.0208E-10 2.7800E-10 3.6093E-10 4.5352E-10 5.5791E-10 6.7837E-10 8.2020E-10 9.8607E-10 1.4008E-09 1.7746E-09 3.2578E-09 1.7575E-08 8.2329E-08 1.9634E-07 2.8901E-07 3.2722E-07 3.1065E-07 2.6438E-07 2.0962E-07 1.6211E-07 1.2726E-07 1.0366E-07 9.0344E-08 8.3789E-08 8.1157E-08 8.0860E-08 8.1679E-08 8.2891E-08 8.3669E-08 8.3829E-08 8.3476E-08 8.2816E-08 8.1491E-08 7.9682E-08 7.7523E-08 7.5186E-08 7.2751E-08 7.0322E-08 6.7945E-08 6.5732E-08 6.3728E-08 6.1895E-08
0.0000E+00 0.0000E+00 0.0000E+00 0.0000E+00 0.0000E+00 0.0000E+00 0.0000E+00 0.0000E+00 0.0000E+00 0.0000E+00 0.0000E+00 5.5035E-12 3.8573E-11 9.2712E-11 1.5088E-10 2.1528E-10 2.9317E-10 3.7849E-10 4.7409E-10 5.8201E-10 7.0764E-10 8.5555E-10 1.0285E-09 1.4718E-09 1.8642E-09 3.3781E-09 1.5962E-08 5.8717E-08 1.2917E-07 2.0605E-07 2.6221E-07 2.8395E-07 2.7198E-07 2.4109E-07 2.0485E-07 1.7155E-07 1.4724E-07 1.3074E-07 1.1996E-07 1.1413E-07 1.1117E-07 1.0933E-07 1.0807E-07 1.0673E-07 1.0495E-07 1.0242E-07 9.9457E-08 9.5939E-08 9.2270E-08 8.8348E-08 8.4446E-08 8.0551E-08 7.6911E-08 7.3474E-08 7.0430E-08 6.7721E-08 6.5383E-08
0.0000E+00 0.0000E+00 0.0000E+00 0.0000E+00 0.0000E+00 0.0000E+00 0.0000E+00 0.0000E+00 0.0000E+00 0.0000E+00 0.0000E+00 1.0034E-11 4.6803E-11 1.0042E-10 1.6013E-10 2.2684E-10 3.0587E-10 3.9401E-10 4.9221E-10 6.0367E-10 7.3393E-10 8.8729E-10 1.0666E-09 1.5382E-09 1.9033E-09 3.4283E-09 1.3798E-08 4.0716E-08 8.7937E-08 1.4819E-07 2.0590E-07 2.4556E-07 2.5994E-07 2.5311E-07 2.3316E-07 2.1077E-07 1.9065E-07 1.7400E-07 1.6211E-07 1.5378E-07 1.4762E-07 1.4249E-07 1.3847E-07 1.3417E-07 1.2936E-07 1.2401E-07 1.1841E-07 1.1237E-07 1.0622E-07 1.0004E-07 9.4239E-08 8.8745E-08 8.3626E-08 7.9038E-08 7.4995E-08 7.1546E-08 6.8546E-08
0.0000E+00 0.0000E+00 0.0000E+00 0.0000E+00 0.0000E+00 0.0000E+00 0.0000E+00 0.0000E+00 0.0000E+00 0.0000E+00 0.0000E+00 1.4621E-11 5.5477E-11 1.0722E-10 1.6820E-10 2.3706E-10 3.1707E-10 4.0721E-10 5.0791E-10 6.2253E-10 7.5682E-10 9.1490E-10 1.0997E-09 1.6019E-09 1.9913E-09 3.7768E-09 1.0920E-08 2.9432E-08 6.2577E-08 1.0889E-07 1.6119E-07 2.0676E-07 2.3682E-07 2.4865E-07 2.4762E-07 2.3957E-07 2.2735E-07 2.1547E-07 2.0503E-07 1.9536E-07 1.8694E-07 1.7913E-07 1.7187E-07 1.6406E-07 1.5607E-07 1.4741E-07 1.3855E-07 1.2957E-07 1.2069E-07 1.1212E-07 1.0420E-07 9.6874E-08 9.0251E-08 8.4408E-08 7.9308E-08 7.5011E-08 7.1439E-08
0.0000E+00 0.0000E+00 0.0000E+00 0.0000E+00 0.0000E+00 0.0000E+00 0.0000E+00 0.0000E+00 0.0000E+00 0.0000E+00 0.0000E+00 1.8207E-11 6.1625E-11 1.1351E-10 1.7507E-10 2.4577E-10 3.2678E-10 4.1840E-10 5.2102E-10 6.3831E-10 7.7594E-10 9.3795E-10 1.2936E-09 1.6679E-09 2.0837E-09 3.6545E-09 9.1799E-09 2.1847E-08 4.5854E-08 8.1827E-08 1.2649E-07 1.7118E-07 2.0844E-07 2.3445E-07 2.4948E-07 2.5484E-07 2.5425E-07 2.4939E-07 2.4251E-07 2.3445E-07 2.2511E-07 2.1510E-07 2.0476E-07 1.9405E-07 1.8276E-07 1.7054E-07 1.5853E-07 1.4643E-07 1.3474E-07 1.2371E-07 1.1362E-07 1.0451E-07 9.6325E-08 8.9274E-08 8.3161E-08 7.8099E-08 7.3922E-08
0.0000E+00 0.0000E+00 0.0000E+00 0.0000E+00 0.0000E+00 0.0000E+00 0.0000E+00 0.0000E+00 0.0000E+00 0.0000E+00 1.2008E-12 2.0274E-11 6.5961E-11 1.1801E-10 1.8064E-10 2.5211E-10 3.3416E-10 4.2724E-10 5.3130E-10 6.5073E-10 7.9098E-10 9.5604E-10 1.3960E-09 1.7389E-09 2.1802E-09 3.3719E-09 7.6268E-09 1.6960E-08 3.4891E-08 6.3082E-08 9.9498E-08 1.4074E-07 1.8056E-07 2.1450E-07 2.4029E-07 2.5788E-07 2.6782E-07 2.7162E-07 2.7039E-07 2.6552E-07 2.5683E-07 2.4594E-07 2.3379E-07 2.2061E-07 2.0635E-07 1.9124E-07 1.7628E-07 1.6131E-07 1.4714E-07 1.3378E-07 1.2178E-07 1.1105E-07 1.0148E-07 9.3348E-08 8.6296E-08 8.0601E-08 7.5849E-08
0.0000E+00 0.0000E+00 0.0000E+00 0.0000E+00 0.0000E+00 0.0000E+00 0.0000E+00 0.0000E+00 0.0000E+00 0.0000E+00 2.4457E-12 2.2705E-11 6.8329E-11 1.2079E-10 1.8455E-10 2.5644E-10 3.3937E-10 4.3338E-10 5.3858E-10 6.5960E-10 8.0168E-10 1.0316E-09 1.4450E-09 1.8082E-09 2.2819E-09 3.3039E-09 6.7426E-09 1.3957E-08 2.7723E-08 4.9378E-08 7.9684E-08 1.1601E-07 1.5412E-07 1.9073E-07 2.2319E-07 2.4966E-07 2.6837E-07 2.7994E-07 2.8518E-07 2.8458E-07 2.7821E-07 2.6814E-07 2.5506E-07 2.4034E-07 2.2437E-07 2.0708E-07 1.8978E-07 1.7272E-07 1.5658E-07 1.4141E-07 1.2790E-07 1.1587E-07 1.0530E-07 9.6274E-08 8.8551E-08 8.2351E-08 7.7145E-08
