Assets/Resources/2015_m01_d23_1600(utc+0800)_l00_csi_1hr_conc.grd
DSAA
         159         159
     -79.000      79.000
     -79.000      79.000
  0.0000E+00  0.2918E-04
[rows 0 to 24 of 159, columns 57 to 113 of 159]
0.0000E+00 0.0000E+00 0.0000E+00 0.0000E+00 0.0000E+00 0.0000E+00 0.0000E+00 0.0000E+00 0.0000E+00 0.0000E+00 0.0000E+00 0.0000E+00 0.0000E+00 0.0000E+00 0.0000E+00 0.0000E+00 0.0000E+00 0.0000E+00 0.0000E+00 0.0000E+00 1.0842E-12 2.2335E-12 3.4482E-12 3.6420E-12 3.8448E-12 4.0567E-12 4.2781E-12 4.5092E-12 4.7503E-12 6.2101E-12 6.5397E-12 8.1488E-12 9.8278E-12 1.0339E-11 1.0870E-11 1.1422E-11 1.2672E-11 1.3303E-11 1.4657E-11 1.6056E-11 1.7564E-11 1.8402E-11 2.6080E-11 3.1553E-11 4.0199E-11 5.1749E-11 6.2940E-11 7.8982E-11 8.2768E-11 8.6646E-11 9.0607E-11 9.4656E-11 9.8777E-11 1.0297E-10 1.0721E-10 1.1151E-10 1.1698E-10
0.0000E+00 0.0000E+00 0.0000E+00 0.0000E+00 0.0000E+00 0.0000E+00 0.0000E+00 0.0000E+00 0.0000E+00 0.0000E+00 0.0000E+00 0.0000E+00 0.0000E+00 0.0000E+00 0.0000E+00 0.0000E+00 0.0000E+00 1.0771E-12 2.2223E-12 3.4365E-12 3.6303E-12 3.8331E-12 4.0453E-12 4.2670E-12 4.4987E-12 4.7406E-12 6.2140E-12 7.7629E-12 9.3871E-12 9.8851E-12 1.0404E-11 1.0944E-11 1.2165E-11 1.3436E-11 1.4758E-11 1.6186E-11 1.6991E-11 1.8538E-11 2.0137E-11 2.1848E-11 2.2890E-11 3.2719E-11 4.2279E-11 5.3103E-11 6.3497E-11 8.0534E-11 8.4508E-11 8.8585E-11 9.2764E-11 9.7045E-11 1.0142E-10 1.0587E-10 1.1040E-10 1.1614E-10 1.2755E-10 1.4122E-10 1.5269E-10
0.0000E+00 0.0000E+00 0.0000E+00 0.0000E+00 0.0000E+00 0.0000E+00 0.0000E+00 0.0000E+00 0.0000E+00 0.0000E+00 0.0000E+00 0.0000E+00 0.0000E+00 1.0052E-12 2.0781E-12 3.2201E-12 3.4035E-12 3.5957E-12 3.7970E-12 4.0078E-12 4.2282E-12 4.4586E-12 5.8567E-12 7.3330E-12 8.8878E-12 9.3672E-12 9.8674E-12 1.0389E-11 1.1567E-11 1.2798E-11 1.4084E-11 1.5476E-11 1.6926E-11 1.8434E-11 2.0051E-11 2.1047E-11 2.2798E-11 2.4609E-11 2.5794E-11 3.5553E-11 4.1743E-11 5.3447E-11 6.4114E-11 8.2035E-11 8.6162E-11 9.0417E-11 9.4797E-11 9.9290E-11 1.0390E-10 1.0861E-10 1.1454E-10 1.2841E-10 1.3814E-10 1.5428E-10 1.6371E-10 1.7844E-10 1.8712E-10
0.0000E+00 0.0000E+00 0.0000E+00 0.0000E+00 0.0000E+00 0.0000E+00 0.0000E+00 0.0000E+00 0.0000E+00 0.0000E+00 9.8738E-13 2.0440E-12 3.1714E-12 3.3520E-12 3.5414E-12 3.7399E-12 3.9478E-12 4.1653E-12 5.4813E-12 6.8763E-12 8.3513E-12 8.8080E-12 9.2851E-12 9.7834E-12 1.0907E-11 1.2087E-11 1.3324E-11 1.4664E-11 1.6066E-11 1.7529E-11 1.9102E-11 2.0740E-11 2.1786E-11 2.3566E-11 2.6301E-11 2.9245E-11 3.3808E-11 3.9603E-11 4.6651E-11 5.5173E-11 6.6095E-11 8.4224E-11 8.8470E-11 9.2848E-11 9.7357E-11 1.0199E-10 1.0675E-10 1.1164E-10 1.2120E-10 1.3540E-10 1.4773E-10 1.6359E-10 1.7444E-10 1.8655E-10 1.9382E-10 2.0116E-10 2.0947E-10
0.0000E+00 0.0000E+00 0.0000E+00 0.0000E+00 0.0000E+00 0.0000E+00 0.0000E+00 1.8913E-12 2.9394E-12 3.1080E-12 3.2849E-12 3.4705E-12 3.6650E-12 3.8687E-12 4.0821E-12 6.4072E-12 7.7956E-12 8.2266E-12 8.6775E-12 9.1490E-12 1.0212E-11 1.1332E-11 1.2509E-11 1.3786E-11 1.5126E-11 1.6530E-11 1.8041E-11 1.9621E-11 2.1271E-11 2.3149E-11 2.6583E-11 3.0153E-11 3.6369E-11 4.1394E-11 4.4253E-11 4.8913E-11 5.1327E-11 5.5612E-11 6.7396E-11 8.7255E-11 9.1656E-11 9.6195E-11 1.0089E-10 1.0573E-10 1.1069E-10 1.1578E-10 1.3006E-10 1.4258E-10 1.6059E-10 1.6952E-10 1.8386E-10 1.9345E-10 2.0212E-10 2.1094E-10 2.1983E-10 2.2790E-10 2.3600E-10
0.0000E+00 0.0000E+00 0.0000E+00 0.0000E+00 1.8437E-12 2.8684E-12 3.0326E-12 3.2049E-12 3.3857E-12 3.5753E-12 3.7739E-12 4.9818E-12 6.2696E-12 7.6390E-12 8.0617E-12 8.5042E-12 9.5018E-12 1.0555E-11 1.1666E-11 1.2872E-11 1.4141E-11 1.5475E-11 1.6912E-11 1.8420E-11 2.0726E-11 2.2521E-11 2.5833E-11 3.1624E-11 3.6972E-11 4.0349E-11 4.4764E-11 4.7068E-11 4.9460E-11 5.3692E-11 5.6361E-11 6.0912E-11 6.5622E-11 7.9798E-11 9.5123E-11 9.9865E-11 1.0476E-10 1.0983E-10 1.1504E-10 1.2040E-10 1.3725E-10 1.5028E-10 1.6655E-10 1.7594E-10 1.9279E-10 2.0193E-10 2.1212E-10 2.2066E-10 2.2928E-10 2.3800E-10 2.4679E-10 2.5562E-10 2.6448E-10
8.6185E-13 1.7905E-12 2.7883E-12 2.9474E-12 3.1145E-12 3.2899E-12 3.4737E-12 3.6665E-12 4.8468E-12 7.0579E-12 7.4514E-12 7.8637E-12 8.2955E-12 9.2747E-12 1.0311E-11 1.1948E-11 1.3140E-11 1.4396E-11 1.5750E-11 1.7175E-11 1.9370E-11 2.1773E-11 2.4248E-11 2.9828E-11 3.5663E-11 3.9771E-11 4.2579E-11 4.4822E-11 4.8803E-11 5.1328E-11 5.5652E-11 6.0128E-11 6.3143E-11 6.6269E-11 7.1349E-11 7.8346E-11 9.8848E-11 1.0380E-10 1.0891E-10 1.1418E-10 1.1962E-10 1.2524E-10 1.4132E-10 1.5806E-10 1.7249E-10 1.8230E-10 2.0052E-10 2.1113E-10 2.2014E-10 2.2929E-10 2.3857E-10 2.4797E-10 2.5748E-10 2.6709E-10 2.7771E-10 2.8837E-10 2.9906E-10
2.8547E-12 3.0161E-12 3.1854E-12 3.3630E-12 3.5492E-12 5.6136E-12 6.8570E-12 7.2389E-12 7.6391E-12 8.0582E-12 9.5094E-12 1.0529E-11 1.1635E-11 1.2805E-11 1.4040E-11 1.5372E-11 1.7438E-11 2.0265E-11 2.2603E-11 2.7917E-11 3.3497E-11 3.7446E-11 4.0139E-11 4.2296E-11 4.6153E-11 5.0177E-11 5.4367E-11 5.7199E-11 6.0143E-11 6.4954E-11 6.9936E-11 7.3430E-11 7.8797E-11 8.2641E-11 9.2041E-11 1.0795E-10 1.1328E-10 1.1878E-10 1.2446E-10 1.3031E-10 1.4659E-10 1.6367E-10 1.7642E-10 1.8862E-10 2.0619E-10 2.1837E-10 2.2792E-10 2.3768E-10 2.4760E-10 2.5768E-10 2.6788E-10 2.8010E-10 2.9154E-10 3.0218E-10 3.1288E-10 3.2360E-10 3.3433E-10
3.2454E-12 3.4246E-12 5.4288E-12 6.6381E-12 7.0070E-12 7.3937E-12 8.2759E-12 9.2129E-12 1.0206E-11 1.1786E-11 1.2934E-11 1.4173E-11 1.5481E-11 1.7522E-11 2.0347E-11 2.5365E-11 3.0642E-11 3.4988E-11 3.7544E-11 4.1052E-11 4.3285E-11 4.7151E-11 5.1192E-11 5.3914E-11 5.8377E-11 6.3025E-11 6.6294E-11 7.1347E-11 7.4972E-11 8.0507E-11 8.4511E-11 9.0476E-11 1.0039E-10 1.1252E-10 1.1800E-10 1.2367E-10 1.2954E-10 1.3559E-10 1.5199E-10 1.6930E-10 1.7826E-10 1.9481E-10 2.1064E-10 2.2540E-10 2.3547E-10 2.4576E-10 2.5628E-10 2.6700E-10 2.7980E-10 2.9186E-10 3.0318E-10 3.1461E-10 3.2616E-10 3.3780E-10 3.4950E-10 3.6122E-10 3.7390E-10
6.4057E-12 6.7607E-12 7.1329E-12 7.9869E-12 8.8951E-12 1.0342E-11 1.1397E-11 1.2513E-11 1.3718E-11 1.5608E-11 1.8216E-11 2.2903E-11 2.7845E-11 3.2477E-11 3.4880E-11 3.8195E-11 4.0302E-11 4.3973E-11 4.7825E-11 5.0413E-11 5.4685E-11 5.9155E-11 6.3820E-11 6.7174E-11 7.2322E-11 7.6053E-11 8.1651E-11 9.1035E-11 9.9107E-11 1.0406E-10 1.1276E-10 1.1827E-10 1.2397E-10 1.2985E-10 1.3593E-10 1.4220E-10 1.5318E-10 1.7280E-10 1.8409E-10 2.0175E-10 2.1380E-10 2.3280E-10 2.4326E-10 2.5396E-10 2.6496E-10 2.7714E-10 2.9050E-10 3.0231E-10 3.1430E-10 3.2647E-10 3.3885E-10 3.5135E-10 3.6493E-10 3.7862E-10 3.9238E-10 4.0525E-10 4.1811E-10
7.6852E-12 9.0038E-12 9.9640E-12 1.0984E-11 1.2066E-11 1.3727E-11 1.5576E-11 1.8730E-11 2.4557E-11 2.8866E-11 3.2215E-11 3.4018E-11 3.7290E-11 4.0741E-11 4.4375E-11 4.6810E-11 5.0856E-11 5.5102E-11 5.9552E-11 6.2738E-11 6.7672E-11 7.2824E-11 8.1517E-11 8.9037E-11 9.3659E-11 1.0185E-10 1.0703E-10 1.1242E-10 1.1800E-10 1.2379E-10 1.2978E-10 1.3598E-10 1.4238E-10 1.4899E-10 1.5580E-10 1.7994E-10 1.9155E-10 2.0247E-10 2.2181E-10 2.3907E-10 2.5201E-10 2.6327E-10 2.7481E-10 2.8849E-10 3.0156E-10 3.1398E-10 3.2662E-10 3.3946E-10 3.5247E-10 3.6660E-10 3.8098E-10 3.9552E-10 4.0923E-10 4.2300E-10 4.3680E-10 4.5063E-10 4.6450E-10
1.0556E-11 1.2072E-11 1.3764E-11 1.6112E-11 2.0360E-11 2.4857E-11 2.9090E-11 3.1274E-11 3.4316E-11 3.7534E-11 4.0932E-11 4.3203E-11 4.6997E-11 5.0991E-11 5.5190E-11 5.8187E-11 6.2861E-11 6.7759E-11 7.6096E-11 8.3325E-11 9.0878E-11 9.5668E-11 1.0066E-10 1.0585E-10 1.1124E-10 1.1685E-10 1.2267E-10 1.2870E-10 1.3495E-10 1.4141E-10 1.4810E-10 1.5501E-10 1.6215E-10 1.7735E-10 1.9594E-10 2.0826E-10 2.2877E-10 2.3931E-10 2.5957E-10 2.7139E-10 2.8352E-10 2.9786E-10 3.1164E-10 3.2480E-10 3.3824E-10 3.5192E-10 3.6584E-10 3.8189E-10 3.9724E-10 4.1185E-10 4.2660E-10 4.4146E-10 4.5641E-10 4.7141E-10 4.8740E-10 5.0341E-10 5.1938E-10
1.5489E-11 1.9620E-11 2.5125E-11 2.8123E-11 3.0240E-11 3.3204E-11 3.7564E-11 3.9668E-11 4.3195E-11 4.6919E-11 5.0845E-11 5.3641E-11 5.8025E-11 6.2634E-11 7.0534E-11 7.7401E-11 8.4605E-11 8.9150E-11 9.3891E-11 9.8833E-11 1.0398E-10 1.0934E-10 1.1491E-10 1.2071E-10 1.2672E-10 1.3296E-10 1.3943E-10 1.4613E-10 1.5412E-10 1.6241E-10 1.7531E-10 1.8647E-10 2.1049E-10 2.2332E-10 2.3763E-10 2.5346E-10 2.6597E-10 2.7996E-10 2.9239E-10 3.0707E-10 3.2123E-10 3.3483E-10 3.4875E-10 3.6299E-10 3.7849E-10 3.9525E-10 4.1047E-10 4.2593E-10 4.4163E-10 4.5753E-10 4.7364E-10 4.9085E-10 5.0911E-10 5.2558E-10 5.4206E-10 5.5852E-10 5.7492E-10
2.7582E-11 3.0304E-11 3.3194E-11 3.6259E-11 3.8291E-11 4.1724E-11 4.5357E-11 4.9193E-11 5.3270E-11 5.7568E-11 6.4980E-11 7.1435E-11 7.8232E-11 8.2500E-11 8.6959E-11 9.1615E-11 9.6474E-11 1.0154E-10 1.0682E-10 1.1232E-10 1.1804E-10 1.2398E-10 1.3016E-10 1.3755E-10 1.4524E-10 1.5635E-10 1.6772E-10 1.8173E-10 1.9625E-10 2.0750E-10 2.2250E-10 2.4039E-10 2.5164E-10 2.6609E-10 2.7827E-10 2.9081E-10 3.0370E-10 3.1881E-10 3.3348E-10 3.4760E-10 3.6204E-10 3.7679E-10 3.9280E-10 4.1012E-10 4.2591E-10 4.4195E-10 4.5820E-10 4.7469E-10 4.9237E-10 5.1126E-10 5.2851E-10 5.4588E-10 5.6332E-10 5.8083E-10 5.9838E-10 6.1592E-10 6.3445E-10
3.4879E-11 3.8032E-11 4.1375E-11 4.4912E-11 4.7407E-11 5.2654E-11 5.9547E-11 6.5561E-11 7.1914E-11 7.5887E-11 8.0044E-11 8.4391E-11 8.8933E-11 9.3677E-11 9.8628E-11 1.0379E-10 1.0917E-10 1.1478E-10 1.2061E-10 1.2762E-10 1.3586E-10 1.4647E-10 1.6032E-10 1.7204E-10 1.8591E-10 1.9993E-10 2.1189E-10 2.2495E-10 2.3798E-10 2.4930E-10 2.6101E-10 2.7494E-10 2.8848E-10 3.0152E-10 3.1497E-10 3.2880E-10 3.4589E-10 3.6064E-10 3.7574E-10 3.9123E-10 4.0803E-10 4.2617E-10 4.4280E-10 4.5972E-10 4.7692E-10 4.9441E-10 5.1408E-10 5.3306E-10 5.5128E-10 5.6968E-10 5.8821E-10 6.0681E-10 6.2545E-10 6.4606E-10 6.6567E-10 6.8436E-10 7.0292E-10
4.3133E-11 4.6774E-11 5.0628E-11 5.7360E-11 6.5773E-11 6.9444E-11 7.3289E-11 7.7315E-11 8.1527E-11 8.5931E-11 9.0534E-11 9.5342E-11 1.0036E-10 1.0559E-10 1.1105E-10 1.1763E-10 1.2723E-10 1.3631E-10 1.4861E-10 1.6063E-10 1.7507E-10 1.8651E-10 2.0056E-10 2.1270E-10 2.2328E-10 2.3425E-10 2.4562E-10 2.5739E-10 2.7048E-10 2.8311E-10 2.9801E-10 3.1160E-10 3.2559E-10 3.4000E-10 3.5763E-10 3.7303E-10 3.8884E-10 4.0504E-10 4.2162E-10 4.4149E-10 4.5896E-10 4.7677E-10 4.9489E-10 5.1331E-10 5.3491E-10 5.5405E-10 5.7343E-10 5.9301E-10 6.1275E-10 6.3262E-10 6.5458E-10 6.7571E-10 6.9595E-10 7.1617E-10 7.3632E-10 7.5636E-10 7.7630E-10
5.7539E-11 6.3267E-11 6.6800E-11 7.0502E-11 7.4381E-11 7.8441E-11 8.2689E-11 8.7131E-11 9.1773E-11 9.6621E-11 1.0168E-10 1.0780E-10 1.1503E-10 1.2527E-10 1.3682E-10 1.4816E-10 1.6181E-10 1.7456E-10 1.8791E-10 1.9759E-10 2.0767E-10 2.1815E-10 2.2903E-10 2.4118E-10 2.5295E-10 2.6604E-10 2.7958E-10 2.9276E-10 3.0637E-10 3.2042E-10 3.3491E-10 3.4985E-10 3.6521E-10 3.8394E-10 4.0037E-10 4.1723E-10 4.3452E-10 4.5510E-10 4.7338E-10 4.9204E-10 5.1108E-10 5.3046E-10 5.5312E-10 5.7333E-10 5.9382E-10 6.1456E-10 6.3553E-10 6.5771E-10 6.8105E-10 7.0266E-10 7.2437E-10 7.4611E-10 7.6786E-10 7.8957E-10 8.1170E-10 8.3417E-10 8.5555E-10
6.7585E-11 7.1305E-11 7.5200E-11 7.9278E-11 8.3543E-11 8.8003E-11 9.2664E-11 9.7532E-11 1.0421E-10 1.1297E-10 1.2450E-10 1.3507E-10 1.4858E-10 1.6053E-10 1.7310E-10 1.8220E-10 1.9168E-10 2.0157E-10 2.1185E-10 2.2339E-10 2.3540E-10 2.4787E-10 2.6003E-10 2.7265E-10 2.8572E-10 2.9925E-10 3.1324E-10 3.2771E-10 3.4263E-10 3.5803E-10 3.7390E-10 3.9307E-10 4.1005E-10 4.2751E-10 4.4543E-10 4.6662E-10 4.8562E-10 5.0505E-10 5.2489E-10 5.4514E-10 5.6869E-10 5.8986E-10 6.1137E-10 6.3320E-10 6.5532E-10 6.7965E-10 7.0333E-10 7.2629E-10 7.4942E-10 7.7266E-10 7.9598E-10 8.1984E-10 8.4419E-10 8.6756E-10 8.9082E-10 9.1392E-10 9.3681E-10
7.5761E-11 7.9840E-11 8.4106E-11 8.8567E-11 9.3987E-11 1.0203E-10 1.1127E-10 1.2315E-10 1.3357E-10 1.4464E-10 1.5705E-10 1.6692E-10 1.7576E-10 1.8499E-10 1.9461E-10 2.0544E-10 2.1673E-10 2.2850E-10 2.3997E-10 2.5190E-10 2.6429E-10 2.7714E-10 2.9047E-10 3.0427E-10 3.1856E-10 3.3422E-10 3.4955E-10 3.6628E-10 3.8266E-10 4.0046E-10 4.1789E-10 4.3581E-10 4.5422E-10 4.7312E-10 4.9544E-10 5.1549E-10 5.3601E-10 5.5698E-10 5.8125E-10 6.0326E-10 6.2567E-10 6.4846E-10 6.7160E-10 6.9703E-10 7.2188E-10 7.4608E-10 7.7052E-10 7.9514E-10 8.2041E-10 8.4630E-10 8.7132E-10 8.9635E-10 9.2136E-10 9.4629E-10 9.7108E-10 9.9669E-10 1.0216E-09
8.4396E-11 8.9581E-11 9.8032E-11 1.0832E-10 1.1778E-10 1.2993E-10 1.4232E-10 1.5209E-10 1.6026E-10 1.6879E-10 1.7771E-10 1.8777E-10 1.9828E-10 2.0926E-10 2.1998E-10 2.3113E-10 2.4274E-10 2.5480E-10 2.6734E-10 2.8036E-10 2.9387E-10 3.0873E-10 3.2413E-10 3.3926E-10 3.5578E-10 3.7199E-10 3.8873E-10 4.0600E-10 4.2380E-10 4.4211E-10 4.6095E-10 4.8031E-10 5.0301E-10 5.2358E-10 5.4466E-10 5.6623E-10 5.8925E-10 6.1380E-10 6.3695E-10 6.6053E-10 6.8451E-10 7.1085E-10 7.3668E-10 7.6190E-10 7.8742E-10 8.1321E-10 8.4023E-10 8.6699E-10 8.9342E-10 9.1995E-10 9.4653E-10 9.7314E-10 1.0007E-09 1.0277E-09 1.0541E-09 1.0802E-09 1.1061E-09
1.0529E-10 1.1450E-10 1.2559E-10 1.3601E-10 1.4542E-10 1.5325E-10 1.6145E-10 1.7072E-10 1.8042E-10 1.9057E-10 2.0048E-10 2.1081E-10 2.2158E-10 2.3280E-10 2.4448E-10 2.5662E-10 2.7002E-10 2.8319E-10 2.9768E-10 3.1272E-10 3.2752E-10 3.4286E-10 3.5873E-10 3.7514E-10 3.9209E-10 4.0959E-10 4.2764E-10 4.4714E-10 4.6635E-10 4.8703E-10 5.0738E-10 5.2923E-10 5.5073E-10 5.7275E-10 5.9529E-10 6.2127E-10 6.4501E-10 6.6924E-10 6.9393E-10 7.2004E-10 7.4765E-10 7.7377E-10 8.0025E-10 8.2708E-10 8.5520E-10 8.8314E-10 9.1083E-10 9.3869E-10 9.6669E-10 9.9528E-10 1.0244E-09 1.0526E-09 1.0807E-09 1.1087E-09 1.1365E-09 1.1641E-09 1.1923E-09
1.3142E-10 1.3856E-10 1.4605E-10 1.5452E-10 1.6341E-10 1.7272E-10 1.8182E-10 1.9131E-10 2.0122E-10 2.1156E-10 2.2234E-10 2.3357E-10 2.4599E-10 2.5821E-10 2.7169E-10 2.8572E-10 2.9954E-10 3.1388E-10 3.2876E-10 3.4417E-10 3.6013E-10 3.7664E-10 3.9371E-10 4.1223E-10 4.3136E-10 4.5025E-10 4.7061E-10 4.9071E-10 5.1138E-10 5.3263E-10 5.5444E-10 5.7681E-10 5.9973E-10 6.2416E-10 6.5022E-10 6.7494E-10 7.0017E-10 7.2588E-10 7.5506E-10 7.8187E-10 8.0911E-10 8.3674E-10 8.6572E-10 8.9461E-10 9.2333E-10 9.5230E-10 9.8148E-10 1.0123E-09 1.0419E-09 1.0715E-09 1.1012E-09 1.1308E-09 1.1609E-09 1.1908E-09 1.2206E-09 1.2496E-09 1.2783E-09
1.4683E-10 1.5531E-10 1.6420E-10 1.7287E-10 1.8193E-10 1.9139E-10 2.0127E-10 2.1157E-10 2.2231E-10 2.3423E-10 2.4667E-10 2.5964E-10 2.7242E-10 2.8570E-10 2.9951E-10 3.1383E-10 3.2870E-10 3.4411E-10 3.6088E-10 3.7746E-10 3.9547E-10 4.1409E-10 4.3253E-10 4.5155E-10 4.7117E-10 4.9139E-10 5.1221E-10 5.3362E-10 5.5562E-10 5.7822E-10 6.0237E-10 6.2712E-10 6.5250E-10 6.7756E-10 7.0317E-10 7.2932E-10 7.5891E-10 7.8627E-10 8.1410E-10 8.4239E-10 8.7209E-10 9.0177E-10 9.3134E-10 9.6124E-10 9.9143E-10 1.0234E-09 1.0541E-09 1.0850E-09 1.1159E-09 1.1470E-09 1.1790E-09 1.2106E-09 1.2415E-09 1.2723E-09 1.3028E-09 1.3331E-09 1.3636E-09
1.6388E-10 1.7248E-10 1.8147E-10 1.9086E-10 2.0066E-10 2.1156E-10 2.2295E-10 2.3484E-10 2.4657E-10 2.5878E-10 2.7148E-10 2.8469E-10 2.9841E-10 3.1266E-10 3.2822E-10 3.4437E-10 3.6038E-10 3.7777E-10 3.9499E-10 4.1280E-10 4.3121E-10 4.5022E-10 4.6985E-10 4.9008E-10 5.1093E-10 5.3330E-10 5.5633E-10 5.7913E-10 6.0347E-10 6.2756E-10 6.5224E-10 6.7752E-10 7.0338E-10 7.2980E-10 7.5678E-10 7.8733E-10 8.1558E-10 8.4432E-10 8.7354E-10 9.0474E-10 9.3493E-10 9.6553E-10 9.9648E-10 1.0293E-09 1.0609E-09 1.0928E-09 1.1249E-09 1.1576E-09 1.1910E-09 1.2234E-09 1.2558E-09 1.2882E-09 1.3204E-09 1.3530E-09 1.3859E-09 1.4174E-09 1.4486E-09
1.8049E-10 1.8978E-10 2.0013E-10 2.1159E-10 2.2227E-10 2.3342E-10 2.4502E-10 2.5711E-10 2.6969E-10 2.8277E-10 2.9707E-10 3.1124E-10 3.2672E-10 3.4280E-10 3.5874E-10 3.7525E-10 3.9236E-10 4.1006E-10 4.2836E-10 4.4727E-10 4.6763E-10 4.8784E-10 5.0955E-10 5.3193E-10 5.5415E-10 5.7700E-10 6.0049E-10 6.2461E-10 6.4935E-10 6.7472E-10 7.0069E-10 7.2727E-10 7.5543E-10 7.8516E-10 8.1366E-10 8.4271E-10 8.7229E-10 9.0386E-10 9.3453E-10 9.6565E-10 9.9719E-10 1.0306E-09 1.0630E-09 1.0957E-09 1.1286E-09 1.1628E-09 1.1967E-09 1.2303E-09 1.2639E-09 1.2976E-09 1.3317E-09 1.3663E-09 1.3998E-09 1.4330E-09 1.4660E-09 1.4986E-09 1.5309E-09
