Assets/Resources/2015_m01_d20_1800(utc+0800)_l00_csi_1hr_conc.grd
DSAA
         159         159
     -79.000      79.000
     -79.000      79.000
  0.0000E+00  0.1251E-04
[rows 50 to 74 of 159, columns 0 to 56 of 159]
8.1386E-10 8.4901E-10 8.8062E-10 9.3214E-10 9.6848E-10 1.0105E-09 1.0676E-09 1.2252E-09 1.3167E-09 1.4005E-09 1.4712E-09 1.5287E-09 1.5905E-09 1.6779E-09 1.7501E-09 1.8278E-09 1.9115E-09 2.0019E-09 2.1266E-09 2.2342E-09 2.3516E-09 2.4805E-09 2.6227E-09 2.7782E-09 2.9519E-09 3.1739E-09 3.3886E-09 3.6248E-09 3.8893E-09 4.1863E-09 4.4892E-09 4.8695E-09 5.2949E-09 5.7592E-09 6.2579E-09 6.7683E-09 7.2520E-09 7.6231E-09 7.8034E-09 7.6962E-09 7.2948E-09 6.3440E-09 4.7413E-09 2.9207E-09 2.0349E-09 1.9906E-09 1.9830E-09 2.0048E-09 2.0089E-09 2.0143E-09 2.0302E-09 2.0325E-09 2.0551E-09 2.0635E-09 2.0813E-09 2.0911E-09 2.1078E-09
8.2340E-10 8.5998E-10 9.0676E-10 9.5065E-10 9.8866E-10 1.0413E-09 1.2247E-09 1.2842E-09 1.3833E-09 1.4344E-09 1.4883E-09 1.5654E-09 1.6279E-09 1.6951E-09 1.7670E-09 1.8442E-09 1.9270E-09 2.0422E-09 2.1397E-09 2.2455E-09 2.3609E-09 2.4884E-09 2.6259E-09 2.8112E-09 2.9792E-09 3.1664E-09 3.3763E-09 3.6097E-09 3.8723E-09 4.1680E-09 4.5162E-09 4.8503E-09 5.2689E-09 5.7328E-09 6.2440E-09 6.7751E-09 7.3000E-09 7.7468E-09 8.0134E-09 7.9960E-09 7.6793E-09 6.9027E-09 5.4495E-09 3.4368E-09 2.2256E-09 2.0305E-09 2.0206E-09 2.0320E-09 2.0378E-09 2.0461E-09 2.0625E-09 2.0704E-09 2.0812E-09 2.0935E-09 2.1058E-09 2.1216E-09 2.1364E-09
8.4626E-10 8.9171E-10 9.2681E-10 9.6390E-10 1.0393E-09 1.1983E-09 1.2566E-09 1.3545E-09 1.4040E-09 1.4561E-09 1.5294E-09 1.5882E-09 1.6510E-09 1.7181E-09 1.7948E-09 1.8961E-09 1.9793E-09 2.0686E-09 2.1649E-09 2.2691E-09 2.3842E-09 2.5377E-09 2.6665E-09 2.8163E-09 2.9801E-09 3.1643E-09 3.3675E-09 3.6234E-09 3.8779E-09 4.1649E-09 4.4891E-09 4.8153E-09 5.2360E-09 5.7058E-09 6.2184E-09 6.7721E-09 7.3299E-09 7.8354E-09 8.1858E-09 8.2909E-09 8.0673E-09 7.4210E-09 6.1058E-09 4.1948E-09 2.3905E-09 2.0661E-09 2.0606E-09 2.0635E-09 2.0727E-09 2.0695E-09 2.0891E-09 2.0986E-09 2.1054E-09 2.1203E-09 2.1329E-09 2.1532E-09 2.1594E-09
8.7091E-10 9.0550E-10 9.4216E-10 1.0170E-09 1.1562E-09 1.2334E-09 1.3306E-09 1.3821E-09 1.4332E-09 1.5052E-09 1.5646E-09 1.6259E-09 1.6897E-09 1.7801E-09 1.8532E-09 1.9309E-09 2.0136E-09 2.1020E-09 2.1968E-09 2.3291E-09 2.4420E-09 2.5620E-09 2.6954E-09 2.8388E-09 3.0228E-09 3.1990E-09 3.3945E-09 3.6153E-09 3.8927E-09 4.1670E-09 4.4783E-09 4.8327E-09 5.1917E-09 5.6610E-09 6.1805E-09 6.7521E-09 7.3370E-09 7.8958E-09 8.3272E-09 8.5237E-09 8.3876E-09 7.8715E-09 6.7387E-09 4.8819E-09 2.9487E-09 2.1150E-09 2.0952E-09 2.0891E-09 2.1060E-09 2.1070E-09 2.1181E-09 2.1314E-09 2.1374E-09 2.1524E-09 2.1554E-09 2.1799E-09 2.1806E-09
8.8633E-10 9.2285E-10 9.9759E-10 1.1396E-09 1.2168E-09 1.3141E-09 1.3627E-09 1.4320E-09 1.4927E-09 1.5487E-09 1.6070E-09 1.6682E-09 1.7547E-09 1.8241E-09 1.8975E-09 1.9752E-09 2.0626E-09 2.1787E-09 2.2735E-09 2.3770E-09 2.4848E-09 2.6019E-09 2.7650E-09 2.9045E-09 3.0534E-09 3.2218E-09 3.4434E-09 3.6534E-09 3.8897E-09 4.1556E-09 4.4577E-09 4.8042E-09 5.1944E-09 5.6105E-09 6.1281E-09 6.7074E-09 7.3228E-09 7.9291E-09 8.4410E-09 8.7294E-09 8.6626E-09 8.2721E-09 7.3070E-09 5.5808E-09 3.4340E-09 2.2082E-09 2.1379E-09 2.1283E-09 2.1400E-09 2.1418E-09 2.1493E-09 2.1601E-09 2.1613E-09 2.1789E-09 2.1910E-09 2.2051E-09 2.2201E-09
9.0839E-10 9.8361E-10 1.1231E-09 1.2180E-09 1.3012E-09 1.3505E-09 1.4253E-09 1.4794E-09 1.5357E-09 1.5961E-09 1.6774E-09 1.7409E-09 1.8129E-09 1.8838E-09 1.9584E-09 2.0631E-09 2.1466E-09 2.2348E-09 2.3283E-09 2.4290E-09 2.5676E-09 2.6841E-09 2.8071E-09 2.9962E-09 3.1423E-09 3.2938E-09 3.4740E-09 3.7052E-09 3.9141E-09 4.1653E-09 4.4522E-09 4.7814E-09 5.1671E-09 5.5569E-09 6.0755E-09 6.6510E-09 7.2805E-09 7.9204E-09 8.5059E-09 8.8994E-09 8.9677E-09 8.6361E-09 7.8181E-09 6.2566E-09 4.1190E-09 2.4367E-09 2.1835E-09 2.1674E-09 2.1691E-09 2.1768E-09 2.1745E-09 2.1916E-09 2.1955E-09 2.2092E-09 2.2231E-09 2.2348E-09 2.2533E-09
9.9156E-10 1.0976E-09 1.2073E-09 1.2888E-09 1.3438E-09 1.4183E-09 1.4738E-09 1.5313E-09 1.5908E-09 1.6723E-09 1.7415E-09 1.8098E-09 1.8793E-09 1.9518E-09 2.0528E-09 2.1329E-09 2.2166E-09 2.3042E-09 2.4300E-09 2.5325E-09 2.6391E-09 2.8021E-09 2.9217E-09 3.0534E-09 3.2347E-09 3.3855E-09 3.5776E-09 3.7431E-09 3.9517E-09 4.1709E-09 4.4474E-09 4.7631E-09 5.1385E-09 5.5638E-09 6.0168E-09 6.5859E-09 7.2224E-09 7.8856E-09 8.5265E-09 9.0177E-09 9.2018E-09 8.9707E-09 8.2683E-09 6.8693E-09 4.7716E-09 2.8258E-09 2.2312E-09 2.2096E-09 2.2027E-09 2.2077E-09 2.1982E-09 2.2254E-09 2.2300E-09 2.2403E-09 2.2513E-09 2.2637E-09 2.2807E-09
1.0847E-09 1.1984E-09 1.2847E-09 1.3384E-09 1.4119E-09 1.4693E-09 1.5316E-09 1.5948E-09 1.6821E-09 1.7480E-09 1.8155E-09 1.8847E-09 1.9800E-09 2.0555E-09 2.1337E-09 2.2208E-09 2.3356E-09 2.4270E-09 2.5275E-09 2.6815E-09 2.7757E-09 2.9383E-09 3.0523E-09 3.2300E-09 3.3597E-09 3.4874E-09 3.6309E-09 3.7975E-09 3.9963E-09 4.2046E-09 4.4686E-09 4.7505E-09 5.1139E-09 5.5323E-09 6.0141E-09 6.5240E-09 7.1546E-09 7.8366E-09 8.5125E-09 9.0855E-09 9.3812E-09 9.2644E-09 8.6894E-09 7.4679E-09 5.4599E-09 3.2978E-09 2.2737E-09 2.2487E-09 2.2430E-09 2.2455E-09 2.2437E-09 2.2543E-09 2.2595E-09 2.2666E-09 2.2788E-09 2.2882E-09 2.3128E-09
1.1740E-09 1.2572E-09 1.3530E-09 1.4105E-09 1.4705E-09 1.5327E-09 1.6225E-09 1.6898E-09 1.7631E-09 1.8516E-09 1.9057E-09 2.0012E-09 2.0824E-09 2.1614E-09 2.2698E-09 2.3780E-09 2.4856E-09 2.6187E-09 2.7235E-09 2.8644E-09 3.0371E-09 3.1536E-09 3.2448E-09 3.3415E-09 3.4492E-09 3.5719E-09 3.7074E-09 3.8695E-09 4.0395E-09 4.2551E-09 4.5013E-09 4.7777E-09 5.1154E-09 5.4993E-09 5.9638E-09 6.4544E-09 7.0777E-09 7.7683E-09 8.4713E-09 9.1104E-09 9.5130E-09 9.5205E-09 9.0504E-09 8.0000E-09 6.1228E-09 3.7652E-09 2.4497E-09 2.3064E-09 2.2753E-09 2.2771E-09 2.2809E-09 2.2821E-09 2.2936E-09 2.2983E-09 2.3175E-09 2.3196E-09 2.3437E-09
1.2382E-09 1.3473E-09 1.4075E-09 1.4704E-09 1.5407E-09 1.6343E-09 1.7059E-09 1.7793E-09 1.8586E-09 1.9793E-09 2.0643E-09 2.1431E-09 2.2350E-09 2.3432E-09 2.4559E-09 2.6153E-09 2.7039E-09 2.8660E-09 3.0582E-09 3.1382E-09 3.2155E-09 3.2957E-09 3.3773E-09 3.4666E-09 3.5702E-09 3.6786E-09 3.8027E-09 3.9532E-09 4.1191E-09 4.3011E-09 4.5304E-09 4.8082E-09 5.1062E-09 5.4939E-09 5.9166E-09 6.4494E-09 6.9951E-09 7.6860E-09 8.4123E-09 9.0991E-09 9.6061E-09 9.7258E-09 9.3419E-09 8.4321E-09 6.7810E-09 4.4685E-09 2.6342E-09 2.3590E-09 2.3225E-09 2.3315E-09 2.3255E-09 2.3214E-09 2.3365E-09 2.3389E-09 2.3517E-09 2.3603E-09 2.3771E-09
1.3414E-09 1.4043E-09 1.4752E-09 1.5500E-09 1.6443E-09 1.7270E-09 1.8221E-09 1.9078E-09 2.0237E-09 2.1134E-09 2.2442E-09 2.3851E-09 2.4729E-09 2.6336E-09 2.6964E-09 2.8638E-09 3.0666E-09 3.1527E-09 3.2374E-09 3.3150E-09 3.3907E-09 3.4640E-09 3.5429E-09 3.6245E-09 3.7103E-09 3.8031E-09 3.9225E-09 4.0560E-09 4.2139E-09 4.3931E-09 4.6117E-09 4.8449E-09 5.1543E-09 5.5086E-09 5.9167E-09 6.4184E-09 6.9864E-09 7.6002E-09 8.3364E-09 9.0595E-09 9.6519E-09 9.8955E-09 9.6037E-09 8.8510E-09 7.3778E-09 5.1564E-09 3.0199E-09 2.4074E-09 2.3843E-09 2.3696E-09 2.3619E-09 2.3575E-09 2.3694E-09 2.3792E-09 2.3851E-09 2.3991E-09 2.4126E-09
1.4048E-09 1.4760E-09 1.5718E-09 1.6750E-09 1.7638E-09 1.8540E-09 1.9443E-09 2.0750E-09 2.2019E-09 2.3297E-09 2.4542E-09 2.6187E-09 2.7160E-09 2.9255E-09 3.0943E-09 3.1934E-09 3.2541E-09 3.3433E-09 3.4286E-09 3.5065E-09 3.5827E-09 3.6524E-09 3.7207E-09 3.7938E-09 3.8739E-09 3.9635E-09 4.0712E-09 4.1868E-09 4.3214E-09 4.4838E-09 4.6854E-09 4.9239E-09 5.2081E-09 5.5180E-09 5.9244E-09 6.3987E-09 6.9396E-09 7.4986E-09 8.2429E-09 8.9902E-09 9.6531E-09 1.0022E-08 9.8886E-09 9.2158E-09 7.8817E-09 5.8104E-09 3.5223E-09 2.4798E-09 2.4470E-09 2.4215E-09 2.4098E-09 2.4041E-09 2.4057E-09 2.4211E-09 2.4240E-09 2.4392E-09 2.4467E-09
1.4919E-09 1.5787E-09 1.6912E-09 1.7821E-09 1.8767E-09 2.0188E-09 2.1450E-09 2.2798E-09 2.4125E-09 2.5507E-09 2.7408E-09 2.9222E-09 3.0920E-09 3.2026E-09 3.3103E-09 3.4145E-09 3.5118E-09 3.6048E-09 3.6500E-09 3.7315E-09 3.8021E-09 3.8681E-09 3.9290E-09 3.9928E-09 4.0742E-09 4.1524E-09 4.2416E-09 4.3492E-09 4.4716E-09 4.6153E-09 4.7971E-09 5.0045E-09 5.2679E-09 5.5714E-09 5.9526E-09 6.3822E-09 6.9116E-09 7.5122E-09 8.1393E-09 8.8999E-09 9.6158E-09 1.0089E-08 1.0083E-08 9.5024E-09 8.3404E-09 6.4028E-09 3.9750E-09 2.6778E-09 2.5072E-09 2.4697E-09 2.4682E-09 2.4545E-09 2.4580E-09 2.4619E-09 2.4573E-09 2.4743E-09 2.4775E-09
1.5856E-09 1.6979E-09 1.8157E-09 1.9256E-09 2.0946E-09 2.2259E-09 2.3363E-09 2.5481E-09 2.6689E-09 2.8385E-09 3.0980E-09 3.2126E-09 3.3271E-09 3.4474E-09 3.5646E-09 3.6746E-09 3.7803E-09 3.8751E-09 3.9614E-09 4.0404E-09 4.0626E-09 4.1255E-09 4.1948E-09 4.2559E-09 4.2972E-09 4.3618E-09 4.4354E-09 4.5274E-09 4.6307E-09 4.7703E-09 4.9244E-09 5.1189E-09 5.3411E-09 5.6280E-09 5.9702E-09 6.4004E-09 6.8944E-09 7.4883E-09 8.1621E-09 8.8344E-09 9.5688E-09 1.0155E-08 1.0286E-08 9.7952E-09 8.8000E-09 7.0338E-09 4.7073E-09 2.8636E-09 2.5957E-09 2.5374E-09 2.5179E-09 2.4999E-09 2.4999E-09 2.5009E-09 2.5004E-09 2.5206E-09 2.5317E-09
1.7264E-09 1.8623E-09 1.9934E-09 2.1322E-09 2.3587E-09 2.5392E-09 2.6687E-09 2.8322E-09 3.0500E-09 3.2018E-09 3.3412E-09 3.4661E-09 3.5960E-09 3.7252E-09 3.8525E-09 3.9724E-09 4.0857E-09 4.1879E-09 4.2821E-09 4.3616E-09 4.4371E-09 4.4955E-09 4.4950E-09 4.5409E-09 4.6072E-09 4.6591E-09 4.7240E-09 4.8293E-09 4.8445E-09 4.9563E-09 5.0859E-09 5.3048E-09 5.5061E-09 5.7597E-09 6.1059E-09 6.4913E-09 6.9456E-09 7.5421E-09 8.1572E-09 8.7906E-09 9.5410E-09 1.0138E-08 1.0402E-08 1.0058E-08 9.1607E-09 7.5889E-09 5.3458E-09 3.2217E-09 2.6794E-09 2.6221E-09 2.5801E-09 2.5663E-09 2.5486E-09 2.5525E-09 2.5591E-09 2.5607E-09 2.5736E-09
1.8712E-09 2.0338E-09 2.3502E-09 2.4730E-09 2.6186E-09 2.7871E-09 2.9803E-09 3.1878E-09 3.3256E-09 3.4706E-09 3.6131E-09 3.7582E-09 3.9113E-09 4.0488E-09 4.1880E-09 4.3263E-09 4.4501E-09 4.5619E-09 4.6625E-09 4.7555E-09 4.8265E-09 4.9510E-09 5.0057E-09 5.0421E-09 5.0217E-09 4.9998E-09 5.1113E-09 5.1679E-09 5.2397E-09 5.4126E-09 5.5260E-09 5.5401E-09 5.7849E-09 6.0022E-09 6.2776E-09 6.6043E-09 7.0299E-09 7.5326E-09 8.1394E-09 8.7946E-09 9.4483E-09 1.0110E-08 1.0481E-08 1.0272E-08 9.4825E-09 8.0626E-09 5.9618E-09 3.7198E-09 2.7683E-09 2.6945E-09 2.6563E-09 2.6213E-09 2.5935E-09 2.6038E-09 2.6033E-09 2.6097E-09 2.6173E-09
2.1933E-09 2.3796E-09 2.5442E-09 2.7110E-09 2.8810E-09 3.1161E-09 3.3253E-09 3.4716E-09 3.6102E-09 3.7778E-09 3.9366E-09 4.1091E-09 4.2626E-09 4.4123E-09 4.5700E-09 4.7174E-09 4.8531E-09 5.0282E-09 5.1424E-09 5.2417E-09 5.3296E-09 5.4563E-09 5.5176E-09 5.5609E-09 5.6577E-09 5.6875E-09 5.6564E-09 5.7077E-09 5.7731E-09 5.8433E-09 5.9389E-09 6.0521E-09 6.2016E-09 6.4064E-09 6.6430E-09 6.7431E-09 7.0893E-09 7.5500E-09 8.1176E-09 8.7304E-09 9.3883E-09 1.0072E-08 1.0500E-08 1.0455E-08 9.7245E-09 8.4914E-09 6.5791E-09 4.2724E-09 2.8812E-09 2.7946E-09 2.7330E-09 2.6944E-09 2.6609E-09 2.6505E-09 2.6477E-09 2.6619E-09 2.6697E-09
2.3946E-09 2.5704E-09 2.7751E-09 3.0038E-09 3.2617E-09 3.4341E-09 3.6017E-09 3.7689E-09 3.9276E-09 4.1085E-09 4.2945E-09 4.4795E-09 4.6749E-09 4.8570E-09 5.0263E-09 5.1937E-09 5.3532E-09 5.5391E-09 5.6728E-09 5.7944E-09 5.9466E-09 6.0366E-09 6.1160E-09 6.1698E-09 6.2023E-09 6.2277E-09 6.2546E-09 6.2777E-09 6.2376E-09 6.2938E-09 6.3610E-09 6.4550E-09 6.5681E-09 6.7235E-09 6.9150E-09 7.1717E-09 7.4927E-09 7.8979E-09 8.3926E-09 8.7404E-09 9.3800E-09 1.0022E-08 1.0522E-08 1.0583E-08 1.0024E-08 8.9335E-09 7.1590E-09 4.8358E-09 3.1495E-09 2.9218E-09 2.8335E-09 2.7719E-09 2.7405E-09 2.7139E-09 2.7155E-09 2.7111E-09 2.7162E-09
2.5731E-09 2.7920E-09 3.0401E-09 3.3219E-09 3.5153E-09 3.7093E-09 3.9058E-09 4.1081E-09 4.3017E-09 4.4909E-09 4.7030E-09 4.9127E-09 5.1375E-09 5.3367E-09 5.5292E-09 5.7536E-09 5.9424E-09 6.1171E-09 6.2804E-09 6.4224E-09 6.5445E-09 6.6505E-09 6.7346E-09 6.7950E-09 6.8309E-09 6.8468E-09 6.8546E-09 6.8609E-09 6.8635E-09 6.8845E-09 6.8499E-09 6.9197E-09 6.9970E-09 7.1158E-09 7.2669E-09 7.4760E-09 7.7486E-09 8.1111E-09 8.5432E-09 9.0903E-09 9.7000E-09 1.0333E-08 1.0777E-08 1.0722E-08 1.0330E-08 9.3028E-09 7.7242E-09 5.5903E-09 3.5080E-09 3.0696E-09 2.9655E-09 2.9020E-09 2.8458E-09 2.8033E-09 2.8023E-09 2.7805E-09 2.7853E-09
2.7916E-09 3.0790E-09 3.3508E-09 3.5702E-09 3.7908E-09 4.0129E-09 4.2448E-09 4.4664E-09 4.6928E-09 4.9146E-09 5.1523E-09 5.4019E-09 5.6403E-09 5.8657E-09 6.0980E-09 6.3172E-09 6.5314E-09 6.7344E-09 6.9168E-09 7.0790E-09 7.2237E-09 7.3413E-09 7.4386E-09 7.5077E-09 7.5459E-09 7.5553E-09 7.5512E-09 7.5486E-09 7.5313E-09 7.5208E-09 7.5139E-09 7.5363E-09 7.5115E-09 7.6389E-09 7.7375E-09 7.8999E-09 8.1406E-09 8.4528E-09 8.8393E-09 9.3169E-09 9.8942E-09 1.0495E-08 1.1000E-08 1.1229E-08 1.0865E-08 9.8559E-09 8.2699E-09 6.2741E-09 4.2592E-09 3.3020E-09 3.1872E-09 3.1391E-09 3.0425E-09 2.9887E-09 2.9355E-09 2.9225E-09 2.9169E-09
3.0676E-09 3.3563E-09 3.5907E-09 3.8342E-09 4.0841E-09 4.3470E-09 4.6026E-09 4.8591E-09 5.1208E-09 5.3650E-09 5.6303E-09 5.9077E-09 6.1762E-09 6.4326E-09 6.6950E-09 6.9401E-09 7.1872E-09 7.4162E-09 7.6251E-09 7.8161E-09 7.9799E-09 8.1167E-09 8.2302E-09 8.3122E-09 8.3581E-09 8.3657E-09 8.3598E-09 8.3392E-09 8.3066E-09 8.2740E-09 8.2483E-09 8.2302E-09 8.2316E-09 8.2535E-09 8.3303E-09 8.4411E-09 8.6173E-09 8.8921E-09 9.2381E-09 9.6741E-09 1.0177E-08 1.0743E-08 1.1274E-08 1.1559E-08 1.1344E-08 1.0456E-08 9.1800E-09 7.3074E-09 5.1048E-09 3.6976E-09 3.5274E-09 3.4059E-09 3.3847E-09 3.2734E-09 3.2021E-09 3.1522E-09 3.1085E-09
3.3334E-09 3.5816E-09 3.8435E-09 4.1166E-09 4.4073E-09 4.6966E-09 4.9870E-09 5.2887E-09 5.5776E-09 5.8699E-09 6.1580E-09 6.4602E-09 6.7622E-09 7.0628E-09 7.3461E-09 7.6309E-09 7.9060E-09 8.1669E-09 8.4095E-09 8.6281E-09 8.8186E-09 8.9841E-09 9.1147E-09 9.2136E-09 9.2719E-09 9.2922E-09 9.2747E-09 9.2472E-09 9.1973E-09 9.1482E-09 9.0871E-09 9.0452E-09 9.0084E-09 8.9926E-09 9.0267E-09 9.0925E-09 9.2265E-09 9.4258E-09 9.7247E-09 1.0091E-08 1.0560E-08 1.1053E-08 1.1616E-08 1.1957E-08 1.1861E-08 1.1144E-08 9.9460E-09 8.2324E-09 6.1241E-09 4.3460E-09 4.0395E-09 3.8954E-09 3.7387E-09 3.6100E-09 3.5247E-09 3.4360E-09 3.3749E-09
3.5454E-09 3.8207E-09 4.1118E-09 4.4221E-09 4.7432E-09 5.0685E-09 5.4064E-09 5.7405E-09 6.0764E-09 6.4015E-09 6.7180E-09 7.0531E-09 7.4074E-09 7.7362E-09 8.0547E-09 8.3816E-09 8.6882E-09 8.9864E-09 9.2668E-09 9.5180E-09 9.7436E-09 9.9357E-09 1.0092E-08 1.0213E-08 1.0289E-08 1.0322E-08 1.0305E-08 1.0274E-08 1.0219E-08 1.0144E-08 1.0066E-08 9.9928E-09 9.9131E-09 9.8578E-09 9.8383E-09 9.8654E-09 9.9432E-09 1.0102E-08 1.0334E-08 1.0683E-08 1.1096E-08 1.1569E-08 1.2041E-08 1.2397E-08 1.2391E-08 1.1823E-08 1.0724E-08 9.1715E-09 7.1142E-09 5.3347E-09 4.7237E-09 4.6980E-09 4.5670E-09 4.4358E-09 4.3022E-09 4.2086E-09 4.1103E-09
3.7688E-09 4.0727E-09 4.3948E-09 4.7431E-09 5.0974E-09 5.4669E-09 5.8450E-09 6.2213E-09 6.5954E-09 6.9693E-09 7.3371E-09 7.6912E-09 8.0910E-09 8.4562E-09 8.8291E-09 9.1873E-09 9.5320E-09 9.8762E-09 1.0194E-08 1.0484E-08 1.0748E-08 1.0973E-08 1.1161E-08 1.1310E-08 1.1409E-08 1.1460E-08 1.1463E-08 1.1429E-08 1.1359E-08 1.1281E-08 1.1170E-08 1.1063E-08 1.0954E-08 1.0854E-08 1.0787E-08 1.0771E-08 1.0815E-08 1.0929E-08 1.1110E-08 1.1387E-08 1.1742E-08 1.2178E-08 1.2618E-08 1.2970E-08 1.3025E-08 1.2581E-08 1.1599E-08 1.0257E-08 8.4853E-09 6.5370E-09 5.6462E-09 5.4928E-09 5.3569E-09 5.2218E-09 5.0765E-09 4.9738E-09 5.1152E-09
4.0023E-09 4.3363E-09 4.6988E-09 5.0758E-09 5.4679E-09 5.8828E-09 6.3017E-09 6.7304E-09 7.1494E-09 7.5682E-09 7.9764E-09 8.3818E-09 8.8070E-09 9.2254E-09 9.6473E-09 1.0047E-08 1.0444E-08 1.0825E-08 1.1187E-08 1.1525E-08 1.1827E-08 1.2092E-08 1.2316E-08 1.2497E-08 1.2624E-08 1.2707E-08 1.2723E-08 1.2695E-08 1.2629E-08 1.2549E-08 1.2423E-08 1.2287E-08 1.2148E-08 1.2002E-08 1.1891E-08 1.1836E-08 1.1827E-08 1.1893E-08 1.2022E-08 1.2251E-08 1.2568E-08 1.2940E-08 1.3343E-08 1.3706E-08 1.3848E-08 1.3516E-08 1.2643E-08 1.1447E-08 9.8242E-09 8.0009E-09 6.7576E-09 6.5371E-09 6.4149E-09 6.4415E-09 6.3343E-09 6.3177E-09 6.3366E-09
