Assets/Resources/2015_m01_d23_0900(utc+0800)_l00_csi_1hr_conc.grd
DSAA
         159         159
     -79.000      79.000
     -79.000      79.000
  0.0000E+00  0.1583E-05
[rows 75 to 99 of 159, columns 0 to 56 of 159]
2.8358E-11 3.3785E-11 4.3046E-11 5.0534E-11 5.5454E-11 6.0603E-11 6.5017E-11 7.0788E-11 7.6601E-11 8.2232E-11 8.8460E-11 9.5195E-11 1.0231E-10 1.0967E-10 1.1743E-10 1.2561E-10 1.3404E-10 1.4291E-10 1.5239E-10 1.6233E-10 1.7198E-10 1.8363E-10 1.9427E-10 2.0653E-10 2.1858E-10 2.3152E-10 2.4505E-10 2.5911E-10 2.7379E-10 2.8863E-10 3.0495E-10 3.2122E-10 3.3812E-10 3.5566E-10 3.7386E-10 3.9307E-10 4.1263E-10 4.3323E-10 4.5385E-10 4.7590E-10 4.9834E-10 5.2151E-10 5.4546E-10 5.7017E-10 5.9563E-10 6.2188E-10 6.4808E-10 6.7626E-10 7.0442E-10 7.3333E-10 7.6387E-10 7.9394E-10 8.2564E-10 8.5815E-10 8.9099E-10 9.2508E-10 9.5951E-10
2.8538E-11 3.3979E-11 4.3806E-11 5.1840E-11 5.5691E-11 6.0823E-11 6.6238E-11 7.0952E-11 7.7001E-11 8.2594E-11 8.8927E-11 9.5479E-11 1.0255E-10 1.0985E-10 1.1755E-10 1.2566E-10 1.3403E-10 1.4281E-10 1.5202E-10 1.6167E-10 1.7195E-10 1.8274E-10 1.9323E-10 2.0575E-10 2.1725E-10 2.3043E-10 2.4338E-10 2.5767E-10 2.7175E-10 2.8721E-10 3.0248E-10 3.1882E-10 3.3517E-10 3.5309E-10 3.7071E-10 3.8963E-10 4.0890E-10 4.2885E-10 4.4949E-10 4.7085E-10 4.9330E-10 5.1611E-10 5.3968E-10 5.6360E-10 5.8904E-10 6.1447E-10 6.4061E-10 6.6831E-10 6.9558E-10 7.2440E-10 7.5401E-10 7.8396E-10 8.1511E-10 8.4661E-10 8.7930E-10 9.1278E-10 9.4658E-10
2.8705E-11 3.5703E-11 4.4549E-11 5.2074E-11 5.6641E-11 6.1014E-11 6.6406E-11 7.1083E-11 7.7101E-11 8.2921E-11 8.9076E-11 9.5580E-11 1.0245E-10 1.0969E-10 1.1732E-10 1.2535E-10 1.3379E-10 1.4249E-10 1.5160E-10 1.6097E-10 1.7150E-10 1.8180E-10 1.9290E-10 2.0453E-10 2.1625E-10 2.2928E-10 2.4166E-10 2.5617E-10 2.6964E-10 2.8532E-10 3.0025E-10 3.1637E-10 3.3278E-10 3.4983E-10 3.6749E-10 3.8580E-10 4.0511E-10 4.2476E-10 4.4543E-10 4.6611E-10 4.8820E-10 5.1067E-10 5.3386E-10 5.5738E-10 5.8241E-10 6.0700E-10 6.3309E-10 6.5995E-10 6.8711E-10 7.1544E-10 7.4412E-10 7.7395E-10 8.0456E-10 8.3548E-10 8.6759E-10 9.0004E-10 9.3365E-10
3.0537E-11 3.7442E-11 4.3865E-11 5.2284E-11 5.7079E-11 6.1178E-11 6.6545E-11 7.1184E-11 7.7168E-11 8.2944E-11 8.9050E-11 9.5499E-11 1.0230E-10 1.0963E-10 1.1720E-10 1.2499E-10 1.3335E-10 1.4212E-10 1.5114E-10 1.6021E-10 1.7100E-10 1.8080E-10 1.9215E-10 2.0326E-10 2.1520E-10 2.2769E-10 2.4028E-10 2.5422E-10 2.6789E-10 2.8297E-10 2.9797E-10 3.1355E-10 3.3003E-10 3.4650E-10 3.6454E-10 3.8226E-10 4.0128E-10 4.2062E-10 4.4063E-10 4.6133E-10 4.8271E-10 5.0518E-10 5.2762E-10 5.5113E-10 5.7536E-10 5.9990E-10 6.2555E-10 6.5154E-10 6.7862E-10 7.0647E-10 7.3462E-10 7.6393E-10 7.9357E-10 8.2434E-10 8.5588E-10 8.8772E-10 9.2072E-10
3.0126E-11 3.6815E-11 4.6000E-11 5.2470E-11 5.7246E-11 6.1315E-11 6.6656E-11 7.1767E-11 7.7202E-11 8.2933E-11 8.8988E-11 9.5670E-11 1.0242E-10 1.0970E-10 1.1720E-10 1.2492E-10 1.3303E-10 1.4154E-10 1.5063E-10 1.5977E-10 1.7010E-10 1.7975E-10 1.9135E-10 2.0193E-10 2.1411E-10 2.2605E-10 2.3924E-10 2.5222E-10 2.6649E-10 2.8056E-10 2.9564E-10 3.1069E-10 3.2723E-10 3.4345E-10 3.6091E-10 3.7867E-10 3.9706E-10 4.1644E-10 4.3613E-10 4.5650E-10 4.7755E-10 4.9966E-10 5.2172E-10 5.4484E-10 5.6828E-10 5.9277E-10 6.1798E-10 6.4349E-10 6.7012E-10 6.9706E-10 7.2510E-10 7.5390E-10 7.8298E-10 8.1320E-10 8.4375E-10 8.7540E-10 9.0780E-10
3.0712E-11 3.8274E-11 4.6284E-11 5.1672E-11 5.7388E-11 6.1426E-11 6.6737E-11 7.2325E-11 7.7205E-11 8.3158E-11 8.9311E-11 9.5805E-11 1.0251E-10 1.0957E-10 1.1700E-10 1.2480E-10 1.3283E-10 1.4108E-10 1.4990E-10 1.5964E-10 1.6914E-10 1.7903E-10 1.9013E-10 2.0056E-10 2.1297E-10 2.2435E-10 2.3777E-10 2.5016E-10 2.6465E-10 2.7810E-10 2.9326E-10 3.0838E-10 3.2408E-10 3.4067E-10 3.5723E-10 3.7504E-10 3.9314E-10 4.1221E-10 4.3160E-10 4.5164E-10 4.7235E-10 4.9374E-10 5.1578E-10 5.3852E-10 5.6116E-10 5.8561E-10 6.1000E-10 6.3544E-10 6.6160E-10 6.8764E-10 7.1559E-10 7.4345E-10 7.7239E-10 8.0207E-10 8.3161E-10 8.6310E-10 8.9448E-10
3.0837E-11 3.7801E-11 4.6006E-11 5.1551E-11 5.6467E-11 6.2493E-11 6.6792E-11 7.2345E-11 7.7698E-11 8.3353E-11 8.9324E-11 9.5623E-11 1.0226E-10 1.0925E-10 1.1661E-10 1.2433E-10 1.3243E-10 1.4076E-10 1.4913E-10 1.5912E-10 1.6814E-10 1.7862E-10 1.8887E-10 1.9951E-10 2.1140E-10 2.2299E-10 2.3587E-10 2.4845E-10 2.6237E-10 2.7618E-10 2.9054E-10 3.0573E-10 3.2088E-10 3.3753E-10 3.5383E-10 3.7137E-10 3.8918E-10 4.0762E-10 4.2703E-10 4.4640E-10 4.6713E-10 4.8779E-10 5.0983E-10 5.3181E-10 5.5440E-10 5.7845E-10 6.0200E-10 6.2737E-10 6.5268E-10 6.7902E-10 7.0607E-10 7.3300E-10 7.6182E-10 7.9055E-10 8.1991E-10 8.5082E-10 8.8117E-10
3.2346E-11 3.7344E-11 4.5902E-11 5.0089E-11 5.6306E-11 6.2311E-11 6.6819E-11 7.2337E-11 7.7645E-11 8.3251E-11 8.9168E-11 9.5407E-11 1.0198E-10 1.0905E-10 1.1618E-10 1.2382E-10 1.3183E-10 1.4023E-10 1.4832E-10 1.5821E-10 1.6710E-10 1.7781E-10 1.8756E-10 1.9879E-10 2.0979E-10 2.2159E-10 2.3392E-10 2.4671E-10 2.6004E-10 2.7393E-10 2.8778E-10 3.0304E-10 3.1826E-10 3.3405E-10 3.5071E-10 3.6733E-10 3.8519E-10 4.0334E-10 4.2244E-10 4.4184E-10 4.6188E-10 4.8218E-10 5.0386E-10 5.2507E-10 5.4801E-10 5.7089E-10 5.9438E-10 6.1931E-10 6.4375E-10 6.7000E-10 6.9617E-10 7.2297E-10 7.5126E-10 7.7903E-10 8.0825E-10 8.3817E-10 8.8027E-10
3.2228E-11 3.7452E-11 4.3918E-11 4.9951E-11 5.5321E-11 6.1233E-11 6.6820E-11 7.2300E-11 7.7563E-11 8.3119E-11 8.8980E-11 9.5442E-11 1.0211E-10 1.0897E-10 1.1603E-10 1.2343E-10 1.3119E-10 1.3949E-10 1.4816E-10 1.5725E-10 1.6601E-10 1.7662E-10 1.8621E-10 1.9767E-10 2.0814E-10 2.2053E-10 2.3193E-10 2.4530E-10 2.5767E-10 2.7164E-10 2.8556E-10 3.0002E-10 3.1530E-10 3.3053E-10 3.4724E-10 3.6360E-10 3.8118E-10 3.9903E-10 4.1748E-10 4.3690E-10 4.5626E-10 4.7656E-10 4.9751E-10 5.1869E-10 5.4124E-10 5.6332E-10 5.8676E-10 6.1087E-10 6.3522E-10 6.6099E-10 6.8628E-10 7.1296E-10 7.4034E-10 7.6794E-10 7.9661E-10 8.2555E-10 8.6802E-10
3.1827E-11 3.7018E-11 4.3457E-11 4.9467E-11 5.3683E-11 6.0973E-11 6.5711E-11 7.2237E-11 7.7453E-11 8.3090E-11 8.9310E-11 9.5447E-11 1.0191E-10 1.0870E-10 1.1584E-10 1.2317E-10 1.3085E-10 1.3872E-10 1.4796E-10 1.5626E-10 1.6559E-10 1.7538E-10 1.8518E-10 1.9615E-10 2.0645E-10 2.1869E-10 2.2990E-10 2.4310E-10 2.5554E-10 2.6903E-10 2.8302E-10 2.9696E-10 3.1230E-10 3.2729E-10 3.4344E-10 3.5984E-10 3.7681E-10 3.9469E-10 4.1285E-10 4.3195E-10 4.5061E-10 4.7093E-10 4.9115E-10 5.1230E-10 5.3410E-10 5.5575E-10 5.7914E-10 6.0243E-10 6.2669E-10 6.5163E-10 6.7679E-10 7.0298E-10 7.2944E-10 7.5689E-10 7.8502E-10 8.1296E-10 8.5581E-10
3.1576E-11 3.7067E-11 4.2487E-11 4.6949E-11 5.3453E-11 5.8821E-11 6.5711E-11 7.1882E-11 7.7699E-11 8.3299E-11 8.9067E-11 9.5142E-11 1.0154E-10 1.0826E-10 1.1532E-10 1.2271E-10 1.3047E-10 1.3791E-10 1.4705E-10 1.5524E-10 1.6514E-10 1.7410E-10 1.8411E-10 1.9459E-10 2.0546E-10 2.1681E-10 2.2859E-10 2.4087E-10 2.5366E-10 2.6639E-10 2.8045E-10 2.9416E-10 3.0898E-10 3.2432E-10 3.3960E-10 3.5637E-10 3.7274E-10 3.9034E-10 4.0819E-10 4.2665E-10 4.4531E-10 4.6529E-10 4.8477E-10 5.0591E-10 5.2695E-10 5.4892E-10 5.7154E-10 5.9400E-10 6.1819E-10 6.4228E-10 6.6732E-10 6.9303E-10 7.1856E-10 7.4588E-10 7.7308E-10 8.1258E-10 8.4364E-10
3.1165E-11 3.6102E-11 4.0140E-11 4.6179E-11 5.2312E-11 5.7468E-11 6.4188E-11 7.0563E-11 7.7242E-11 8.3086E-11 8.8796E-11 9.4807E-11 1.0113E-10 1.0778E-10 1.1476E-10 1.2207E-10 1.2973E-10 1.3740E-10 1.4611E-10 1.5417E-10 1.6396E-10 1.7279E-10 1.8337E-10 1.9299E-10 2.0407E-10 2.1490E-10 2.2687E-10 2.3860E-10 2.5147E-10 2.6399E-10 2.7757E-10 2.9163E-10 3.0563E-10 3.2103E-10 3.3606E-10 3.5225E-10 3.6866E-10 3.8565E-10 4.0353E-10 4.2132E-10 4.4035E-10 4.5929E-10 4.7875E-10 4.9952E-10 5.1981E-10 5.4174E-10 5.6357E-10 5.8596E-10 6.0971E-10 6.3294E-10 6.5789E-10 6.8273E-10 7.0812E-10 7.3493E-10 7.6117E-10 8.0100E-10 8.3112E-10
3.0716E-11 3.4763E-11 3.9063E-11 4.4905E-11 5.0048E-11 5.7115E-11 6.1893E-11 6.9982E-11 7.6004E-11 8.2846E-11 8.8497E-11 9.4724E-11 1.0113E-10 1.0757E-10 1.1432E-10 1.2140E-10 1.2897E-10 1.3718E-10 1.4514E-10 1.5308E-10 1.6276E-10 1.7144E-10 1.8190E-10 1.9136E-10 2.0266E-10 2.1295E-10 2.2513E-10 2.3629E-10 2.4898E-10 2.6185E-10 2.7466E-10 2.8879E-10 3.0256E-10 3.1742E-10 3.3281E-10 3.4811E-10 3.6457E-10 3.8127E-10 3.9886E-10 4.1599E-10 4.3503E-10 4.5328E-10 4.7273E-10 4.9279E-10 5.1303E-10 5.3457E-10 5.5562E-10 5.7794E-10 6.0089E-10 6.2402E-10 6.4850E-10 6.7246E-10 6.9773E-10 7.2364E-10 7.4932E-10 7.8947E-10 8.1865E-10
3.0758E-11 3.3759E-11 3.7877E-11 4.2798E-11 4.9410E-11 5.3488E-11 6.1489E-11 6.8270E-11 7.4692E-11 8.2119E-11 8.8710E-11 9.4615E-11 1.0082E-10 1.0734E-10 1.1401E-10 1.2101E-10 1.2817E-10 1.3661E-10 1.4414E-10 1.5263E-10 1.6152E-10 1.7040E-10 1.8039E-10 1.9005E-10 2.0085E-10 2.1133E-10 2.2299E-10 2.3450E-10 2.4646E-10 2.5941E-10 2.7200E-10 2.8564E-10 2.9976E-10 3.1379E-10 3.2923E-10 3.4427E-10 3.6047E-10 3.7688E-10 3.9385E-10 4.1133E-10 4.2939E-10 4.4727E-10 4.6673E-10 4.8606E-10 5.0626E-10 5.2706E-10 5.4768E-10 5.7031E-10 5.9209E-10 6.1513E-10 6.3879E-10 6.6224E-10 6.8740E-10 7.1241E-10 7.4973E-10 7.7800E-10 8.0624E-10
3.0280E-11 3.3516E-11 3.7056E-11 4.1582E-11 4.6075E-11 5.3128E-11 5.9540E-11 6.5744E-11 7.2667E-11 8.0427E-11 8.8364E-11 9.4204E-11 1.0034E-10 1.0678E-10 1.1353E-10 1.2059E-10 1.2734E-10 1.3570E-10 1.4311E-10 1.5215E-10 1.6026E-10 1.6969E-10 1.7886E-10 1.8872E-10 1.9902E-10 2.1005E-10 2.2083E-10 2.3268E-10 2.4391E-10 2.5667E-10 2.6933E-10 2.8247E-10 2.9665E-10 3.1045E-10 3.2534E-10 3.4043E-10 3.5604E-10 3.7250E-10 3.8884E-10 4.0634E-10 4.2374E-10 4.4161E-10 4.6073E-10 4.7934E-10 4.9952E-10 5.1958E-10 5.4014E-10 5.6200E-10 5.8333E-10 6.0629E-10 6.2911E-10 6.5244E-10 6.7713E-10 7.0123E-10 7.3882E-10 7.6620E-10 8.0407E-10
3.0298E-11 3.3277E-11 3.5924E-11 3.9970E-11 4.5419E-11 5.0898E-11 5.6848E-11 6.4726E-11 7.0166E-11 7.9617E-11 8.5974E-11 9.3767E-11 9.9833E-11 1.0620E-10 1.1286E-10 1.1984E-10 1.2649E-10 1.3475E-10 1.4205E-10 1.5098E-10 1.5896E-10 1.6860E-10 1.7730E-10 1.8771E-10 1.9716E-10 2.0839E-10 2.1864E-10 2.3031E-10 2.4189E-10 2.5392E-10 2.6692E-10 2.7956E-10 2.9324E-10 3.0709E-10 3.2144E-10 3.3688E-10 3.5192E-10 3.6811E-10 3.8382E-10 4.0136E-10 4.1809E-10 4.3597E-10 4.5441E-10 4.7298E-10 4.9280E-10 5.1211E-10 5.3298E-10 5.5372E-10 5.7496E-10 5.9749E-10 6.1948E-10 6.4308E-10 6.6654E-10 7.0111E-10 7.2798E-10 7.5445E-10 8.0222E-10
3.0307E-11 3.2222E-11 3.5353E-11 3.9320E-11 4.2672E-11 4.8391E-11 5.5446E-11 6.0355E-11 6.9442E-11 7.5860E-11 8.4522E-11 9.1683E-11 9.9443E-11 1.0559E-10 1.1217E-10 1.1906E-10 1.2655E-10 1.3378E-10 1.4096E-10 1.4979E-10 1.5764E-10 1.6717E-10 1.7572E-10 1.8599E-10 1.9528E-10 2.0636E-10 2.1668E-10 2.2793E-10 2.3958E-10 2.5114E-10 2.6395E-10 2.7665E-10 2.8981E-10 3.0402E-10 3.1783E-10 3.3272E-10 3.4780E-10 3.6340E-10 3.7946E-10 3.9605E-10 4.1245E-10 4.3067E-10 4.4809E-10 4.6665E-10 4.8576E-10 5.0467E-10 5.2550E-10 5.4548E-10 5.6664E-10 5.8839E-10 6.0990E-10 6.3341E-10 6.5601E-10 6.9081E-10 7.1683E-10 7.4277E-10 7.9106E-10
2.9791E-11 3.2204E-11 3.5316E-11 3.8057E-11 4.1637E-11 4.6619E-11 5.2259E-11 5.9825E-11 6.6967E-11 7.3995E-11 8.2348E-11 9.0684E-11 9.9313E-11 1.0539E-10 1.1176E-10 1.1826E-10 1.2597E-10 1.3279E-10 1.4081E-10 1.4858E-10 1.5629E-10 1.6570E-10 1.7411E-10 1.8425E-10 1.9372E-10 2.0430E-10 2.1496E-10 2.2552E-10 2.3726E-10 2.4889E-10 2.6095E-10 2.7400E-10 2.8638E-10 3.0036E-10 3.1422E-10 3.2856E-10 3.4369E-10 3.5869E-10 3.7478E-10 3.9075E-10 4.0715E-10 4.2473E-10 4.4180E-10 4.6034E-10 4.7875E-10 4.9762E-10 5.1772E-10 5.3727E-10 5.5838E-10 5.7933E-10 6.0111E-10 6.2345E-10 6.4556E-10 6.8058E-10 7.0574E-10 7.4096E-10 7.7996E-10
2.9779E-11 3.2175E-11 3.4139E-11 3.7400E-11 4.0870E-11 4.5009E-11 5.0674E-11 5.6788E-11 6.3544E-11 7.1947E-11 7.8979E-11 8.8014E-11 9.6491E-11 1.0489E-10 1.1132E-10 1.1744E-10 1.2506E-10 1.3177E-10 1.4001E-10 1.4734E-10 1.5591E-10 1.6422E-10 1.7348E-10 1.8249E-10 1.9249E-10 2.0223E-10 2.1297E-10 2.2310E-10 2.3465E-10 2.4636E-10 2.5795E-10 2.7079E-10 2.8351E-10 2.9669E-10 3.1060E-10 3.2439E-10 3.3958E-10 3.5398E-10 3.7012E-10 3.8546E-10 4.0187E-10 4.1881E-10 4.3552E-10 4.5406E-10 4.7177E-10 4.9094E-10 5.0998E-10 5.2946E-10 5.5017E-10 5.7033E-10 5.9202E-10 6.1355E-10 6.4571E-10 6.7043E-10 6.9473E-10 7.3946E-10 7.6858E-10
2.9758E-11 3.1582E-11 3.4080E-11 3.6687E-11 3.9824E-11 4.3858E-11 4.7830E-11 5.3719E-11 6.2252E-11 6.7519E-11 7.7892E-11 8.4270E-11 9.4874E-11 1.0184E-10 1.1057E-10 1.1659E-10 1.2413E-10 1.3073E-10 1.3887E-10 1.4608E-10 1.5486E-10 1.6271E-10 1.7217E-10 1.8070E-10 1.9090E-10 2.0014E-10 2.1072E-10 2.2118E-10 2.3204E-10 2.4382E-10 2.5521E-10 2.6757E-10 2.8036E-10 2.9302E-10 3.0700E-10 3.2084E-10 3.3517E-10 3.4960E-10 3.6515E-10 3.8018E-10 3.9693E-10 4.1290E-10 4.2994E-10 4.4749E-10 4.6482E-10 4.8397E-10 5.0228E-10 5.2171E-10 5.4167E-10 5.6139E-10 5.8300E-10 6.0373E-10 6.3607E-10 6.5998E-10 6.8378E-10 7.2926E-10 7.5723E-10
2.9727E-11 3.1533E-11 3.4012E-11 3.6018E-11 3.9403E-11 4.2339E-11 4.6202E-11 5.1619E-11 5.7882E-11 6.6669E-11 7.3389E-11 8.2653E-11 9.0242E-11 1.0054E-10 1.0855E-10 1.1632E-10 1.2317E-10 1.2967E-10 1.3771E-10 1.4480E-10 1.5347E-10 1.6118E-10 1.7052E-10 1.7890E-10 1.8896E-10 1.9803E-10 2.0845E-10 2.1924E-10 2.2941E-10 2.4101E-10 2.5274E-10 2.6435E-10 2.7720E-10 2.8964E-10 3.0310E-10 3.1699E-10 3.3076E-10 3.4554E-10 3.6019E-10 3.7523E-10 3.9138E-10 4.0702E-10 4.2405E-10 4.4094E-10 4.5824E-10 4.7671E-10 4.9462E-10 5.1401E-10 5.3323E-10 5.5286E-10 5.7371E-10 5.9398E-10 6.2651E-10 6.4961E-10 6.8226E-10 7.1844E-10 7.4588E-10
2.9689E-11 3.1476E-11 3.3341E-11 3.5919E-11 3.7985E-11 4.1514E-11 4.5257E-11 4.9719E-11 5.5984E-11 6.3017E-11 7.0917E-11 7.9632E-11 8.7671E-11 9.7447E-11 1.0606E-10 1.1473E-10 1.2220E-10 1.2889E-10 1.3653E-10 1.4350E-10 1.5206E-10 1.5964E-10 1.6886E-10 1.7709E-10 1.8700E-10 1.9664E-10 2.0617E-10 2.1680E-10 2.2729E-10 2.3819E-10 2.4999E-10 2.6139E-10 2.7377E-10 2.8655E-10 2.9920E-10 3.1316E-10 3.2636E-10 3.4119E-10 3.5525E-10 3.7031E-10 3.8585E-10 4.0117E-10 4.1821E-10 4.3443E-10 4.5203E-10 4.6949E-10 4.8735E-10 5.0637E-10 5.2484E-10 5.4475E-10 5.6450E-10 5.8430E-10 6.1703E-10 6.3927E-10 6.8095E-10 7.0765E-10 7.4389E-10
2.9641E-11 3.1411E-11 3.3255E-11 3.5176E-11 3.7852E-11 4.0636E-11 4.3996E-11 4.8342E-11 5.2176E-11 5.9601E-11 6.7698E-11 7.5457E-11 8.5201E-11 9.3603E-11 1.0275E-10 1.1255E-10 1.2121E-10 1.2871E-10 1.3534E-10 1.4281E-10 1.5063E-10 1.5872E-10 1.6717E-10 1.7624E-10 1.8504E-10 1.9476E-10 2.0388E-10 2.1434E-10 2.2517E-10 2.3536E-10 2.4698E-10 2.5872E-10 2.7033E-10 2.8318E-10 2.9560E-10 3.0903E-10 3.2227E-10 3.3655E-10 3.5032E-10 3.6541E-10 3.8035E-10 3.9566E-10 4.1208E-10 4.2795E-10 4.4554E-10 4.6232E-10 4.8013E-10 4.9845E-10 5.1651E-10 5.3637E-10 5.5535E-10 5.8530E-10 6.0720E-10 6.2896E-10 6.7130E-10 6.9687E-10 7.4210E-10
2.8016E-11 3.1337E-11 3.3161E-11 3.5060E-11 3.7711E-11 3.9808E-11 4.3449E-11 4.6560E-11 5.0686E-11 5.6903E-11 6.3341E-11 7.3001E-11 8.0083E-11 9.0552E-11 9.8209E-11 1.0907E-10 1.1749E-10 1.2761E-10 1.3412E-10 1.4210E-10 1.4919E-10 1.5779E-10 1.6548E-10 1.7473E-10 1.8306E-10 1.9263E-10 2.0207E-10 2.1188E-10 2.2253E-10 2.3279E-10 2.4396E-10 2.5577E-10 2.6690E-10 2.7954E-10 2.9201E-10 3.0492E-10 3.1820E-10 3.3193E-10 3.4542E-10 3.6054E-10 3.7487E-10 3.9050E-10 4.0598E-10 4.2183E-10 4.3878E-10 4.5519E-10 4.7298E-10 4.9060E-10 5.0859E-10 5.2770E-10 5.4621E-10 5.7631E-10 5.9743E-10 6.2756E-10 6.6102E-10 6.8609E-10 7.3165E-10
2.6993E-11 2.9918E-11 3.3058E-11 3.4936E-11 3.6887E-11 3.9632E-11 4.1782E-11 4.5561E-11 4.9558E-11 5.4161E-11 6.0811E-11 6.8104E-11 7.8042E-11 8.6432E-11 9.6100E-11 1.0441E-10 1.1402E-10 1.2443E-10 1.3290E-10 1.4077E-10 1.4774E-10 1.5622E-10 1.6377E-10 1.7289E-10 1.8107E-10 1.9049E-10 2.0026E-10 2.0941E-10 2.1989E-10 2.3049E-10 2.4094E-10 2.5256E-10 2.6403E-10 2.7590E-10 2.8872E-10 3.0082E-10 3.1444E-10 3.2732E-10 3.4084E-10 3.5540E-10 3.6942E-10 3.8507E-10 3.9992E-10 4.1576E-10 4.3207E-10 4.4812E-10 4.6589E-10 4.8278E-10 5.0068E-10 5.1905E-10 5.3713E-10 5.6737E-10 5.8767E-10 6.2635E-10 6.5077E-10 6.7534E-10 7.2117E-10
