Assets/Resources/2015_m01_d23_1100(utc+0800)_l00_csi_1hr_conc.grd
DSAA
         159         159
     -79.000      79.000
     -79.000      79.000
  0.0000E+00  0.1242E-05
[rows 50 to 74 of 159, columns 0 to 56 of 159]
2.0370E-12 7.0776E-12 1.3740E-11 2.0220E-11 2.5321E-11 2.8655E-11 3.0855E-11 3.4090E-11 4.0852E-11 4.9851E-11 5.7994E-11 6.4455E-11 7.0188E-11 7.6097E-11 8.2402E-11 8.9301E-11 9.6259E-11 1.0395E-10 1.1254E-10 1.2178E-10 1.3128E-10 1.4124E-10 1.5167E-10 1.6258E-10 1.7411E-10 1.8626E-10 1.9905E-10 2.1228E-10 2.2665E-10 2.4105E-10 2.5687E-10 2.7298E-10 2.9034E-10 3.0803E-10 3.2702E-10 3.4649E-10 3.6675E-10 3.8806E-10 4.1026E-10 4.3322E-10 4.5728E-10 4.8193E-10 5.0791E-10 5.3486E-10 5.6263E-10 5.9140E-10 6.2118E-10 6.5180E-10 6.8364E-10 7.1632E-10 7.5021E-10 7.8498E-10 8.2077E-10 8.5780E-10 8.9550E-10 9.3441E-10 9.7457E-10
3.4397E-12 8.9966E-12 1.6268E-11 2.2084E-11 2.6063E-11 2.9144E-11 3.1363E-11 3.6066E-11 4.2963E-11 5.1613E-11 5.9492E-11 6.5836E-11 7.1435E-11 7.7394E-11 8.3566E-11 9.0328E-11 9.7526E-11 1.0537E-10 1.1391E-10 1.2319E-10 1.3283E-10 1.4283E-10 1.5320E-10 1.6426E-10 1.7571E-10 1.8811E-10 2.0072E-10 2.1398E-10 2.2837E-10 2.4303E-10 2.5886E-10 2.7500E-10 2.9214E-10 3.1008E-10 3.2884E-10 3.4848E-10 3.6889E-10 3.9003E-10 4.1223E-10 4.3515E-10 4.5919E-10 4.8400E-10 5.0976E-10 5.3649E-10 5.6439E-10 5.9328E-10 6.2283E-10 6.5356E-10 6.8515E-10 7.1774E-10 7.5156E-10 7.8622E-10 8.2192E-10 8.5865E-10 8.9642E-10 9.3541E-10 9.7526E-10
4.9016E-12 1.0906E-11 1.8099E-11 2.3341E-11 2.7224E-11 2.9622E-11 3.2294E-11 3.7186E-11 4.5852E-11 5.4206E-11 6.0982E-11 6.7008E-11 7.2465E-11 7.8669E-11 8.4885E-11 9.1896E-11 9.9050E-11 1.0674E-10 1.1522E-10 1.2453E-10 1.3422E-10 1.4425E-10 1.5476E-10 1.6586E-10 1.7723E-10 1.8966E-10 2.0229E-10 2.1580E-10 2.2999E-10 2.4489E-10 2.6050E-10 2.7665E-10 2.9402E-10 3.1197E-10 3.3071E-10 3.5029E-10 3.7070E-10 3.9181E-10 4.1398E-10 4.3689E-10 4.6089E-10 4.8582E-10 5.1136E-10 5.3822E-10 5.6570E-10 5.9454E-10 6.2401E-10 6.5485E-10 6.8634E-10 7.1902E-10 7.5256E-10 7.8693E-10 8.2269E-10 8.5931E-10 8.9695E-10 9.3583E-10 9.7554E-10
6.2662E-12 1.3276E-11 1.9446E-11 2.4718E-11 2.7963E-11 3.0087E-11 3.3210E-11 3.9183E-11 4.7679E-11 5.6373E-11 6.2622E-11 6.8149E-11 7.3837E-11 7.9905E-11 8.6359E-11 9.3228E-11 1.0052E-10 1.0807E-10 1.1658E-10 1.2583E-10 1.3564E-10 1.4560E-10 1.5626E-10 1.6738E-10 1.7866E-10 1.9134E-10 2.0376E-10 2.1751E-10 2.3149E-10 2.4639E-10 2.6201E-10 2.7840E-10 2.9553E-10 3.1370E-10 3.3238E-10 3.5176E-10 3.7215E-10 3.9323E-10 4.1537E-10 4.3858E-10 4.6219E-10 4.8707E-10 5.1272E-10 5.3953E-10 5.6712E-10 5.9570E-10 6.2508E-10 6.5584E-10 6.8722E-10 7.1962E-10 7.5304E-10 7.8746E-10 8.2311E-10 8.5960E-10 8.9730E-10 9.3585E-10 9.7541E-10
8.3572E-12 1.4994E-11 2.1385E-11 2.5408E-11 2.8399E-11 3.0540E-11 3.4248E-11 4.1571E-11 4.9736E-11 5.7569E-11 6.3872E-11 6.9257E-11 7.4986E-11 8.1102E-11 8.7596E-11 9.4320E-11 1.0166E-10 1.0944E-10 1.1789E-10 1.2706E-10 1.3700E-10 1.4689E-10 1.5767E-10 1.6882E-10 1.8000E-10 1.9291E-10 2.0513E-10 2.1912E-10 2.3287E-10 2.4801E-10 2.6340E-10 2.8000E-10 2.9689E-10 3.1506E-10 3.3371E-10 3.5323E-10 3.7359E-10 3.9480E-10 4.1673E-10 4.3972E-10 4.6344E-10 4.8827E-10 5.1403E-10 5.4058E-10 5.6827E-10 5.9658E-10 6.2605E-10 6.5634E-10 6.8761E-10 7.2008E-10 7.5337E-10 7.8786E-10 8.2319E-10 8.5953E-10 8.9709E-10 9.3548E-10 9.7488E-10
1.0614E-11 1.7069E-11 2.2580E-11 2.6508E-11 2.8824E-11 3.0980E-11 3.5742E-11 4.3088E-11 5.2567E-11 5.8922E-11 6.4914E-11 7.0152E-11 7.6112E-11 8.2074E-11 8.8804E-11 9.5662E-11 1.0314E-10 1.1076E-10 1.1904E-10 1.2824E-10 1.3820E-10 1.4832E-10 1.5901E-10 1.7007E-10 1.8126E-10 1.9419E-10 2.0640E-10 2.2061E-10 2.3414E-10 2.4950E-10 2.6465E-10 2.8148E-10 2.9836E-10 3.1649E-10 3.3505E-10 3.5452E-10 3.7485E-10 3.9603E-10 4.1789E-10 4.4083E-10 4.6465E-10 4.8924E-10 5.1493E-10 5.4121E-10 5.6881E-10 5.9720E-10 6.2657E-10 6.5674E-10 6.8807E-10 7.2023E-10 7.5338E-10 7.8774E-10 8.2292E-10 8.5910E-10 8.9633E-10 9.3456E-10 9.7399E-10
1.1866E-11 1.8768E-11 2.3910E-11 2.7192E-11 2.9237E-11 3.1831E-11 3.7214E-11 4.5628E-11 5.4226E-11 6.0438E-11 6.5924E-11 7.1195E-11 7.7199E-11 8.3384E-11 8.9966E-11 9.6954E-11 1.0427E-10 1.1203E-10 1.2034E-10 1.2935E-10 1.3933E-10 1.4958E-10 1.6028E-10 1.7134E-10 1.8266E-10 1.9537E-10 2.0758E-10 2.2179E-10 2.3530E-10 2.5088E-10 2.6578E-10 2.8281E-10 2.9944E-10 3.1776E-10 3.3624E-10 3.5567E-10 3.7594E-10 3.9706E-10 4.1903E-10 4.4173E-10 4.6549E-10 4.8998E-10 5.1560E-10 5.4196E-10 5.6928E-10 5.9737E-10 6.2681E-10 6.5685E-10 6.8787E-10 7.2008E-10 7.5308E-10 7.8711E-10 8.2232E-10 8.5835E-10 8.9541E-10 9.3346E-10 9.7273E-10
1.4302E-11 2.0780E-11 2.4684E-11 2.7579E-11 2.9637E-11 3.2667E-11 3.8857E-11 4.8122E-11 5.5490E-11 6.1742E-11 6.6724E-11 7.2392E-11 7.8063E-11 8.4464E-11 9.0893E-11 9.8100E-11 1.0536E-10 1.1324E-10 1.2148E-10 1.3052E-10 1.4040E-10 1.5076E-10 1.6136E-10 1.7254E-10 1.8397E-10 1.9646E-10 2.0888E-10 2.2286E-10 2.3659E-10 2.5191E-10 2.6703E-10 2.8379E-10 3.0062E-10 3.1867E-10 3.3726E-10 3.5665E-10 3.7668E-10 3.9774E-10 4.1964E-10 4.4243E-10 4.6611E-10 4.9069E-10 5.1603E-10 5.4228E-10 5.6950E-10 5.9766E-10 6.2679E-10 6.5669E-10 6.8758E-10 7.1945E-10 7.5249E-10 7.8636E-10 8.2121E-10 8.5727E-10 8.9414E-10 9.3221E-10 9.7111E-10
1.6271E-11 2.1779E-11 2.5724E-11 2.7955E-11 3.0025E-11 3.3621E-11 4.1286E-11 5.0259E-11 5.6908E-11 6.2661E-11 6.7672E-11 7.3377E-11 7.9076E-11 8.5513E-11 9.2065E-11 9.9109E-11 1.0649E-10 1.1430E-10 1.2256E-10 1.3161E-10 1.4140E-10 1.5187E-10 1.6247E-10 1.7354E-10 1.8520E-10 1.9745E-10 2.1009E-10 2.2382E-10 2.3752E-10 2.5283E-10 2.6814E-10 2.8464E-10 3.0165E-10 3.1942E-10 3.3812E-10 3.5728E-10 3.7742E-10 3.9841E-10 4.2024E-10 4.4276E-10 4.6653E-10 4.9083E-10 5.1606E-10 5.4239E-10 5.6948E-10 5.9752E-10 6.2632E-10 6.5608E-10 6.8702E-10 7.1872E-10 7.5161E-10 7.8530E-10 8.1997E-10 8.5587E-10 8.9255E-10 9.3024E-10 9.6913E-10
1.7501E-11 2.2771E-11 2.6356E-11 2.8318E-11 3.0399E-11 3.5380E-11 4.2974E-11 5.1596E-11 5.8298E-11 6.3374E-11 6.8587E-11 7.4326E-11 8.0048E-11 8.6519E-11 9.3093E-11 1.0017E-10 1.0757E-10 1.1540E-10 1.2369E-10 1.3255E-10 1.4234E-10 1.5291E-10 1.6340E-10 1.7447E-10 1.8633E-10 1.9835E-10 2.1120E-10 2.2468E-10 2.3859E-10 2.5362E-10 2.6913E-10 2.8535E-10 3.0255E-10 3.2003E-10 3.3867E-10 3.5793E-10 3.7799E-10 3.9889E-10 4.2065E-10 4.4324E-10 4.6656E-10 4.9094E-10 5.1605E-10 5.4227E-10 5.6922E-10 5.9714E-10 6.2580E-10 6.5541E-10 6.8618E-10 7.1772E-10 7.5026E-10 7.8396E-10 8.1846E-10 8.5415E-10 8.9064E-10 9.2814E-10 9.6663E-10
1.9054E-11 2.3760E-11 2.6697E-11 2.8669E-11 3.1171E-11 3.6198E-11 4.4755E-11 5.3299E-11 5.9135E-11 6.4235E-11 6.9649E-11 7.5058E-11 8.1169E-11 8.7296E-11 9.4171E-11 1.0108E-10 1.0860E-10 1.1645E-10 1.2475E-10 1.3363E-10 1.4321E-10 1.5377E-10 1.6426E-10 1.7532E-10 1.8738E-10 1.9916E-10 2.1221E-10 2.2544E-10 2.3953E-10 2.5430E-10 2.7000E-10 2.8593E-10 3.0331E-10 3.2067E-10 3.3923E-10 3.5842E-10 3.7841E-10 3.9920E-10 4.2087E-10 4.4338E-10 4.6658E-10 4.9085E-10 5.1601E-10 5.4193E-10 5.6876E-10 5.9634E-10 6.2502E-10 6.5449E-10 6.8509E-10 7.1647E-10 7.4883E-10 7.8233E-10 8.1666E-10 8.5196E-10 8.8844E-10 9.2573E-10 9.6400E-10
2.0391E-11 2.4750E-11 2.7026E-11 2.9008E-11 3.1928E-11 3.8322E-11 4.7280E-11 5.4421E-11 6.0112E-11 6.5063E-11 7.0327E-11 7.5935E-11 8.2072E-11 8.8216E-11 9.5020E-11 1.0204E-10 1.0947E-10 1.1744E-10 1.2575E-10 1.3453E-10 1.4412E-10 1.5457E-10 1.6504E-10 1.7608E-10 1.8812E-10 1.9988E-10 2.1289E-10 2.2609E-10 2.4037E-10 2.5487E-10 2.7074E-10 2.8639E-10 3.0370E-10 3.2116E-10 3.3947E-10 3.5874E-10 3.7865E-10 3.9918E-10 4.2091E-10 4.4332E-10 4.6640E-10 4.9056E-10 5.1561E-10 5.4138E-10 5.6788E-10 5.9550E-10 6.2384E-10 6.5334E-10 6.8357E-10 7.1477E-10 7.4713E-10 7.8025E-10 8.1457E-10 8.4966E-10 8.8574E-10 9.2300E-10 9.6104E-10
2.1864E-11 2.5189E-11 2.7344E-11 2.9334E-11 3.2799E-11 4.0024E-11 4.8924E-11 5.5352E-11 6.0892E-11 6.5859E-11 7.1151E-11 7.6773E-11 8.2752E-11 8.9187E-11 9.5918E-11 1.0295E-10 1.1049E-10 1.1827E-10 1.2670E-10 1.3538E-10 1.4497E-10 1.5530E-10 1.6575E-10 1.7677E-10 1.8900E-10 2.0051E-10 2.1371E-10 2.2664E-10 2.4110E-10 2.5532E-10 2.7113E-10 2.8671E-10 3.0419E-10 3.2134E-10 3.3957E-10 3.5892E-10 3.7856E-10 3.9918E-10 4.2062E-10 4.4291E-10 4.6606E-10 4.9008E-10 5.1482E-10 5.4045E-10 5.6699E-10 5.9444E-10 6.2263E-10 6.5194E-10 6.8200E-10 7.1302E-10 7.4518E-10 7.7812E-10 8.1222E-10 8.4708E-10 8.8295E-10 9.1998E-10 9.5779E-10
2.2805E-11 2.5764E-11 2.7650E-11 2.9647E-11 3.4057E-11 4.2302E-11 5.0320E-11 5.6607E-11 6.1640E-11 6.6453E-11 7.1939E-11 7.7397E-11 8.3575E-11 9.0113E-11 9.6676E-11 1.0381E-10 1.1127E-10 1.1925E-10 1.2758E-10 1.3637E-10 1.4564E-10 1.5595E-10 1.6638E-10 1.7737E-10 1.8958E-10 2.0105E-10 2.1443E-10 2.2709E-10 2.4172E-10 2.5566E-10 2.7163E-10 2.8691E-10 3.0432E-10 3.2156E-10 3.3970E-10 3.5879E-10 3.7850E-10 3.9901E-10 4.2033E-10 4.4251E-10 4.6554E-10 4.8925E-10 5.1403E-10 5.3950E-10 5.6590E-10 5.9318E-10 6.2121E-10 6.5015E-10 6.8001E-10 7.1104E-10 7.4298E-10 7.7572E-10 8.0941E-10 8.4405E-10 8.7988E-10 9.1647E-10 9.5403E-10
2.3343E-11 2.6051E-11 2.7944E-11 2.9947E-11 3.5180E-11 4.3444E-11 5.1881E-11 5.7481E-11 6.2190E-11 6.7363E-11 7.2692E-11 7.8346E-11 8.4355E-11 9.0817E-11 9.7384E-11 1.0453E-10 1.1209E-10 1.1997E-10 1.2841E-10 1.3719E-10 1.4646E-10 1.5654E-10 1.6694E-10 1.7790E-10 1.9007E-10 2.0150E-10 2.1483E-10 2.2744E-10 2.4202E-10 2.5588E-10 2.7179E-10 2.8699E-10 3.0432E-10 3.2164E-10 3.3952E-10 3.5851E-10 3.7829E-10 3.9869E-10 4.1990E-10 4.4195E-10 4.6485E-10 4.8841E-10 5.1306E-10 5.3819E-10 5.6461E-10 5.9154E-10 6.1938E-10 6.4833E-10 6.7801E-10 7.0881E-10 7.4037E-10 7.7288E-10 8.0653E-10 8.4095E-10 8.7653E-10 9.1285E-10 9.5017E-10
2.4265E-11 2.6327E-11 2.8225E-11 3.0633E-11 3.6987E-11 4.5654E-11 5.3050E-11 5.8159E-11 6.2880E-11 6.7896E-11 7.3235E-11 7.9080E-11 8.5186E-11 9.1479E-11 9.8236E-11 1.0520E-10 1.1275E-10 1.2074E-10 1.2907E-10 1.3785E-10 1.4710E-10 1.5716E-10 1.6743E-10 1.7835E-10 1.9048E-10 2.0186E-10 2.1515E-10 2.2769E-10 2.4221E-10 2.5600E-10 2.7184E-10 2.8696E-10 3.0421E-10 3.2160E-10 3.3939E-10 3.5809E-10 3.7793E-10 3.9823E-10 4.1914E-10 4.4122E-10 4.6399E-10 4.8742E-10 5.1191E-10 5.3690E-10 5.6313E-10 5.8970E-10 6.1755E-10 6.4629E-10 6.7578E-10 7.0637E-10 7.3751E-10 7.7000E-10 8.0340E-10 8.3758E-10 8.7271E-10 9.0877E-10 9.4600E-10
2.4793E-11 2.6591E-11 2.8494E-11 3.1653E-11 3.8192E-11 4.6970E-11 5.3683E-11 5.8809E-11 6.3539E-11 6.8573E-11 7.3918E-11 7.9775E-11 8.5708E-11 9.2095E-11 9.8854E-11 1.0601E-10 1.1356E-10 1.2145E-10 1.2977E-10 1.3854E-10 1.4778E-10 1.5761E-10 1.6784E-10 1.7872E-10 1.9081E-10 2.0213E-10 2.1537E-10 2.2785E-10 2.4231E-10 2.5602E-10 2.7179E-10 2.8681E-10 3.0397E-10 3.2143E-10 3.3913E-10 3.5755E-10 3.7727E-10 3.9744E-10 4.1841E-10 4.4018E-10 4.6281E-10 4.8627E-10 5.1059E-10 5.3542E-10 5.6130E-10 5.8768E-10 6.1552E-10 6.4388E-10 6.7315E-10 7.0353E-10 7.3463E-10 7.6687E-10 7.9984E-10 8.3376E-10 8.6881E-10 9.0461E-10 9.4156E-10
2.5040E-11 2.6843E-11 2.8751E-11 3.2473E-11 4.0161E-11 4.8602E-11 5.4633E-11 5.9262E-11 6.4000E-11 6.9215E-11 7.4564E-11 8.0254E-11 8.6459E-11 9.2759E-11 9.9520E-11 1.0658E-10 1.1413E-10 1.2211E-10 1.3042E-10 1.3918E-10 1.4829E-10 1.5810E-10 1.6830E-10 1.7902E-10 1.9106E-10 2.0233E-10 2.1551E-10 2.2792E-10 2.4231E-10 2.5594E-10 2.7163E-10 2.8656E-10 3.0363E-10 3.2099E-10 3.3874E-10 3.5706E-10 3.7648E-10 3.9670E-10 4.1754E-10 4.3918E-10 4.6165E-10 4.8497E-10 5.0894E-10 5.3378E-10 5.5947E-10 5.8567E-10 6.1330E-10 6.4126E-10 6.7051E-10 7.0065E-10 7.3153E-10 7.6351E-10 7.9603E-10 8.2988E-10 8.6465E-10 8.9997E-10 9.3662E-10
2.5277E-11 2.7084E-11 2.8994E-11 3.3241E-11 4.1223E-11 5.0031E-11 5.5386E-11 5.9856E-11 6.4599E-11 6.9823E-11 7.5182E-11 8.0873E-11 8.6992E-11 9.3289E-11 1.0005E-10 1.0719E-10 1.1464E-10 1.2260E-10 1.3090E-10 1.3964E-10 1.4884E-10 1.5851E-10 1.6868E-10 1.7924E-10 1.9124E-10 2.0245E-10 2.1556E-10 2.2790E-10 2.4222E-10 2.5577E-10 2.7137E-10 2.8620E-10 3.0318E-10 3.2043E-10 3.3824E-10 3.5645E-10 3.7557E-10 3.9583E-10 4.1653E-10 4.3785E-10 4.6034E-10 4.8351E-10 5.0712E-10 5.3197E-10 5.5729E-10 5.8347E-10 6.1071E-10 6.3845E-10 6.6766E-10 6.9737E-10 7.2800E-10 7.5991E-10 7.9218E-10 8.2575E-10 8.6004E-10 8.9527E-10 9.3162E-10
2.5504E-11 2.7313E-11 2.9226E-11 3.4757E-11 4.3298E-11 5.0917E-11 5.5779E-11 6.0420E-11 6.5174E-11 7.0229E-11 7.5764E-11 8.1451E-11 8.7574E-11 9.3868E-11 1.0062E-10 1.0776E-10 1.1529E-10 1.2305E-10 1.3143E-10 1.4015E-10 1.4922E-10 1.5886E-10 1.6899E-10 1.7962E-10 1.9134E-10 2.0248E-10 2.1553E-10 2.2780E-10 2.4204E-10 2.5550E-10 2.7102E-10 2.8647E-10 3.0262E-10 3.1976E-10 3.3762E-10 3.5572E-10 3.7453E-10 3.9466E-10 4.1539E-10 4.3657E-10 4.5872E-10 4.8172E-10 5.0516E-10 5.2982E-10 5.5494E-10 5.8110E-10 6.0812E-10 6.3564E-10 6.6460E-10 6.9389E-10 7.2446E-10 7.5591E-10 7.8789E-10 8.2138E-10 8.5518E-10 8.9031E-10 9.2633E-10
2.5719E-11 2.7530E-11 2.9827E-11 3.5905E-11 4.4657E-11 5.1432E-11 5.6313E-11 6.0955E-11 6.5718E-11 7.0772E-11 7.6309E-11 8.2081E-11 8.7936E-11 9.4312E-11 1.0106E-10 1.0818E-10 1.1570E-10 1.2364E-10 1.3190E-10 1.4049E-10 1.4964E-10 1.5914E-10 1.6912E-10 1.7970E-10 1.9136E-10 2.0267E-10 2.1543E-10 2.2762E-10 2.4177E-10 2.5515E-10 2.7057E-10 2.8591E-10 3.0196E-10 3.1900E-10 3.3674E-10 3.5487E-10 3.7357E-10 3.9337E-10 4.1395E-10 4.3515E-10 4.5696E-10 4.7996E-10 5.0323E-10 5.2769E-10 5.5242E-10 5.7856E-10 6.0517E-10 6.3264E-10 6.6136E-10 6.9020E-10 7.2069E-10 7.5169E-10 7.8359E-10 8.1677E-10 8.5007E-10 8.8508E-10 9.2059E-10
2.5922E-11 2.7735E-11 3.0752E-11 3.7055E-11 4.6010E-11 5.2436E-11 5.6819E-11 6.1300E-11 6.6229E-11 7.1280E-11 7.6647E-11 8.2503E-11 8.8437E-11 9.4805E-11 1.0154E-10 1.0865E-10 1.1616E-10 1.2398E-10 1.3221E-10 1.4098E-10 1.4999E-10 1.5946E-10 1.6928E-10 1.7993E-10 1.9131E-10 2.0255E-10 2.1524E-10 2.2758E-10 2.4143E-10 2.5471E-10 2.7003E-10 2.8550E-10 3.0121E-10 3.1813E-10 3.3575E-10 3.5392E-10 3.7230E-10 3.9196E-10 4.1256E-10 4.3360E-10 4.5525E-10 4.7806E-10 5.0115E-10 5.2540E-10 5.4974E-10 5.7566E-10 6.0204E-10 6.2946E-10 6.5774E-10 6.8651E-10 7.1673E-10 7.4725E-10 7.7906E-10 8.1174E-10 8.4494E-10 8.7962E-10 9.1460E-10
2.6115E-11 2.7928E-11 3.1480E-11 3.8685E-11 4.7156E-11 5.3077E-11 5.7298E-11 6.1778E-11 6.6708E-11 7.1761E-11 7.7121E-11 8.2886E-11 8.8896E-11 9.5254E-11 1.0197E-10 1.0898E-10 1.1647E-10 1.2436E-10 1.3257E-10 1.4110E-10 1.5018E-10 1.5960E-10 1.6960E-10 1.8009E-10 1.9118E-10 2.0259E-10 2.1498E-10 2.2724E-10 2.4100E-10 2.5443E-10 2.6941E-10 2.8500E-10 3.0037E-10 3.1716E-10 3.3465E-10 3.5269E-10 3.7110E-10 3.9043E-10 4.1088E-10 4.3193E-10 4.5340E-10 4.7585E-10 4.9873E-10 5.2279E-10 5.4690E-10 5.7278E-10 5.9873E-10 6.2591E-10 6.5393E-10 6.8243E-10 7.1256E-10 7.4260E-10 7.7431E-10 8.0649E-10 8.3956E-10 8.7371E-10 9.0835E-10
2.6297E-11 2.8109E-11 3.2008E-11 4.0293E-11 4.8264E-11 5.3370E-11 5.7750E-11 6.2232E-11 6.6993E-11 7.2039E-11 7.7559E-11 8.3143E-11 8.9319E-11 9.5665E-11 1.0237E-10 1.0945E-10 1.1682E-10 1.2459E-10 1.3287E-10 1.4137E-10 1.5030E-10 1.5968E-10 1.6974E-10 1.8017E-10 1.9121E-10 2.0255E-10 2.1463E-10 2.2705E-10 2.4049E-10 2.5382E-10 2.6871E-10 2.8419E-10 2.9943E-10 3.1610E-10 3.3346E-10 3.5152E-10 3.6979E-10 3.8878E-10 4.0907E-10 4.2995E-10 4.5142E-10 4.7350E-10 4.9636E-10 5.2002E-10 5.4409E-10 5.6974E-10 5.9526E-10 6.2238E-10 6.4994E-10 6.7836E-10 7.0801E-10 7.3775E-10 7.6934E-10 8.0102E-10 8.3396E-10 8.6778E-10 9.0188E-10
2.6467E-11 2.8279E-11 3.3046E-11 4.1734E-11 4.9025E-11 5.3639E-11 5.8016E-11 6.2494E-11 6.7412E-11 7.2454E-11 7.8048E-11 8.3539E-11 8.9524E-11 9.5943E-11 1.0263E-10 1.0969E-10 1.1713E-10 1.2487E-10 1.3291E-10 1.4158E-10 1.5047E-10 1.5969E-10 1.6970E-10 1.7997E-10 1.9094E-10 2.0221E-10 2.1445E-10 2.2679E-10 2.3990E-10 2.5338E-10 2.6792E-10 2.8354E-10 2.9841E-10 3.1494E-10 3.3216E-10 3.5008E-10 3.6838E-10 3.8702E-10 4.0714E-10 4.2802E-10 4.4932E-10 4.7101E-10 4.9385E-10 5.1710E-10 5.4114E-10 5.6636E-10 5.9162E-10 6.1867E-10 6.4578E-10 6.7411E-10 7.0328E-10 7.3291E-10 7.6399E-10 7.9534E-10 8.2796E-10 8.6144E-10 8.9538E-10
