Assets/Resources/2015_m01_d03_2000(utc+0800)_l00_csi_1hr_conc.grd
DSAA
         159         159
     -79.000      79.000
     -79.000      79.000
  0.0000E+00  0.2762E-04
[rows 125 to 149 of 159, columns 57 to 113 of 159]
2.0241E-10 2.2367E-10 2.4467E-10 2.6978E-10 2.9475E-10 3.2138E-10 3.5194E-10 3.8195E-10 4.1632E-10 4.4970E-10 4.8449E-10 5.2367E-10 5.6440E-10 6.1750E-10 6.7307E-10 7.3580E-10 8.0424E-10 8.7984E-10 9.8653E-10 1.0711E-09 1.1691E-09 1.2867E-09 1.4064E-09 1.5329E-09 1.6722E-09 1.8238E-09 1.9903E-09 2.1698E-09 2.3686E-09 2.5822E-09 2.8169E-09 3.0654E-09 3.3366E-09 3.6228E-09 3.9263E-09 4.2481E-09 4.5836E-09 4.9325E-09 5.2926E-09 5.7131E-09 6.2098E-09 6.7584E-09 7.3408E-09 7.9579E-09 8.6125E-09 9.2905E-09 9.9839E-09 1.0676E-08 1.1351E-08 1.2012E-08 1.2612E-08 1.3169E-08 1.3673E-08 1.4121E-08 1.4504E-08 1.4820E-08 1.5070E-08
2.0063E-10 2.1992E-10 2.4039E-10 2.6499E-10 2.8945E-10 3.1566E-10 3.4590E-10 3.7559E-10 4.0968E-10 4.4272E-10 4.8005E-10 5.1627E-10 5.5756E-10 6.1082E-10 6.6254E-10 7.2472E-10 7.9218E-10 8.6838E-10 9.7057E-10 1.0540E-09 1.1516E-09 1.2687E-09 1.3838E-09 1.5095E-09 1.6444E-09 1.7910E-09 1.9546E-09 2.1305E-09 2.3238E-09 2.5312E-09 2.7589E-09 3.0041E-09 3.2676E-09 3.5472E-09 3.8420E-09 4.1541E-09 4.4793E-09 4.8174E-09 5.1663E-09 5.5601E-09 6.0536E-09 6.5925E-09 7.1707E-09 7.7889E-09 8.4493E-09 9.1337E-09 9.8444E-09 1.0545E-08 1.1244E-08 1.1932E-08 1.2555E-08 1.3132E-08 1.3651E-08 1.4110E-08 1.4506E-08 1.4837E-08 1.5102E-08
1.9817E-10 2.1622E-10 2.3612E-10 2.6015E-10 2.8409E-10 3.1134E-10 3.3975E-10 3.6906E-10 4.0285E-10 4.3553E-10 4.7263E-10 5.0875E-10 5.5030E-10 6.0332E-10 6.5246E-10 7.1434E-10 7.7709E-10 8.5647E-10 9.5444E-10 1.0360E-09 1.1363E-09 1.2492E-09 1.3610E-09 1.4838E-09 1.6154E-09 1.7595E-09 1.9188E-09 2.0898E-09 2.2788E-09 2.4817E-09 2.7035E-09 2.9411E-09 3.1964E-09 3.4672E-09 3.7525E-09 4.0544E-09 4.3690E-09 4.6957E-09 5.0328E-09 5.4234E-09 5.8664E-09 6.4082E-09 6.9848E-09 7.6022E-09 8.2692E-09 8.9640E-09 9.6901E-09 1.0408E-08 1.1133E-08 1.1841E-08 1.2481E-08 1.3072E-08 1.3609E-08 1.4086E-08 1.4500E-08 1.4848E-08 1.5129E-08
1.9508E-10 2.1257E-10 2.3186E-10 2.5540E-10 2.7872E-10 3.0616E-10 3.3342E-10 3.6232E-10 3.9584E-10 4.2814E-10 4.6494E-10 5.0106E-10 5.4587E-10 5.9489E-10 6.4348E-10 7.0036E-10 7.6398E-10 8.4243E-10 9.2638E-10 1.0185E-09 1.1193E-09 1.2287E-09 1.3372E-09 1.4579E-09 1.5868E-09 1.7295E-09 1.8830E-09 2.0505E-09 2.2348E-09 2.4318E-09 2.6491E-09 2.8782E-09 3.1239E-09 3.3875E-09 3.6633E-09 3.9550E-09 4.2586E-09 4.5739E-09 4.9152E-09 5.2811E-09 5.6989E-09 6.2205E-09 6.7895E-09 7.4094E-09 8.0815E-09 8.7852E-09 9.5233E-09 1.0263E-08 1.1008E-08 1.1734E-08 1.2395E-08 1.3008E-08 1.3565E-08 1.4062E-08 1.4494E-08 1.4858E-08 1.5155E-08
1.9210E-10 2.0898E-10 2.2842E-10 2.5063E-10 2.7329E-10 3.0024E-10 3.2699E-10 3.5547E-10 3.8864E-10 4.2053E-10 4.5704E-10 4.9310E-10 5.3836E-10 5.8597E-10 6.3355E-10 6.8720E-10 7.4881E-10 8.2463E-10 9.1076E-10 1.0013E-09 1.1015E-09 1.2072E-09 1.3151E-09 1.4313E-09 1.5575E-09 1.6982E-09 1.8478E-09 2.0109E-09 2.1907E-09 2.3817E-09 2.5919E-09 2.8130E-09 3.0504E-09 3.3048E-09 3.5709E-09 3.8505E-09 4.1446E-09 4.4484E-09 4.7787E-09 5.1347E-09 5.5387E-09 6.0318E-09 6.5867E-09 7.2056E-09 7.8823E-09 8.5866E-09 9.3445E-09 1.0101E-08 1.0867E-08 1.1609E-08 1.2300E-08 1.2935E-08 1.3515E-08 1.4032E-08 1.4484E-08 1.4868E-08 1.5182E-08
1.8919E-10 2.0544E-10 2.2572E-10 2.4587E-10 2.6797E-10 2.9428E-10 3.2043E-10 3.5127E-10 3.8123E-10 4.1277E-10 4.4892E-10 4.8486E-10 5.3048E-10 5.7647E-10 6.2625E-10 6.7713E-10 7.3158E-10 8.0417E-10 8.9193E-10 9.8421E-10 1.0838E-09 1.1853E-09 1.2915E-09 1.4054E-09 1.5290E-09 1.6662E-09 1.8125E-09 1.9735E-09 2.1449E-09 2.3304E-09 2.5348E-09 2.7481E-09 2.9803E-09 3.2227E-09 3.4792E-09 3.7485E-09 4.0318E-09 4.3240E-09 4.6429E-09 5.0124E-09 5.3829E-09 5.8341E-09 6.3769E-09 6.9891E-09 7.6616E-09 8.3820E-09 9.1504E-09 9.9302E-09 1.0718E-08 1.1479E-08 1.2199E-08 1.2860E-08 1.3464E-08 1.4004E-08 1.4476E-08 1.4878E-08 1.5212E-08
1.8633E-10 2.0202E-10 2.2164E-10 2.4120E-10 2.6264E-10 2.8829E-10 3.1387E-10 3.4418E-10 3.7368E-10 4.0577E-10 4.4057E-10 4.7640E-10 5.2211E-10 5.6673E-10 6.1622E-10 6.6419E-10 7.1617E-10 7.8341E-10 8.7032E-10 9.7038E-10 1.0655E-09 1.1632E-09 1.2679E-09 1.3789E-09 1.5007E-09 1.6340E-09 1.7758E-09 1.9327E-09 2.0995E-09 2.2784E-09 2.4755E-09 2.6811E-09 2.9051E-09 3.1384E-09 3.3851E-09 3.6441E-09 3.9162E-09 4.1967E-09 4.5037E-09 4.8643E-09 5.2325E-09 5.6529E-09 6.1615E-09 6.7625E-09 7.4338E-09 8.1490E-09 8.9438E-09 9.7430E-09 1.0545E-08 1.1337E-08 1.2088E-08 1.2776E-08 1.3405E-08 1.3970E-08 1.4467E-08 1.4893E-08 1.5246E-08
1.8350E-10 1.9868E-10 2.1768E-10 2.3657E-10 2.5730E-10 2.8238E-10 3.0726E-10 3.3698E-10 3.6598E-10 3.9952E-10 4.3205E-10 4.6766E-10 5.1305E-10 5.5632E-10 6.0472E-10 6.5362E-10 7.0533E-10 7.6354E-10 8.5601E-10 9.5131E-10 1.0468E-09 1.1415E-09 1.2434E-09 1.3521E-09 1.4725E-09 1.6005E-09 1.7391E-09 1.8909E-09 2.0521E-09 2.2303E-09 2.4168E-09 2.6157E-09 2.8326E-09 3.0572E-09 3.2943E-09 3.5448E-09 3.8039E-09 4.0724E-09 4.3849E-09 4.7271E-09 5.0793E-09 5.4784E-09 5.9557E-09 6.5292E-09 7.1912E-09 7.9204E-09 8.7248E-09 9.5472E-09 1.0374E-08 1.1189E-08 1.1972E-08 1.2689E-08 1.3349E-08 1.3942E-08 1.4463E-08 1.4910E-08 1.5281E-08
1.8056E-10 1.9538E-10 2.1378E-10 2.3198E-10 2.5209E-10 2.7647E-10 3.0064E-10 3.2974E-10 3.5815E-10 3.9123E-10 4.2330E-10 4.5961E-10 5.0359E-10 5.4501E-10 5.9345E-10 6.4121E-10 6.9418E-10 7.4661E-10 8.3342E-10 9.3158E-10 1.0274E-09 1.1216E-09 1.2189E-09 1.3245E-09 1.4421E-09 1.5667E-09 1.7008E-09 1.8487E-09 2.0051E-09 2.1769E-09 2.3569E-09 2.5538E-09 2.7585E-09 2.9743E-09 3.2011E-09 3.4406E-09 3.6894E-09 3.9470E-09 4.2556E-09 4.5954E-09 4.9223E-09 5.3100E-09 5.7595E-09 6.2997E-09 6.9432E-09 7.6749E-09 8.4868E-09 9.3230E-09 1.0176E-08 1.1019E-08 1.1844E-08 1.2593E-08 1.3282E-08 1.3903E-08 1.4450E-08 1.4919E-08 1.5311E-08
1.7751E-10 1.9209E-10 2.1000E-10 2.2751E-10 2.4764E-10 2.7056E-10 2.9407E-10 3.2248E-10 3.5021E-10 3.8280E-10 4.1439E-10 4.5222E-10 4.9367E-10 5.3406E-10 5.8135E-10 6.2822E-10 6.8052E-10 7.3500E-10 8.1133E-10 9.1522E-10 1.0070E-09 1.0993E-09 1.1937E-09 1.2966E-09 1.4109E-09 1.5320E-09 1.6654E-09 1.8056E-09 1.9569E-09 2.1240E-09 2.2977E-09 2.4870E-09 2.6824E-09 2.8890E-09 3.1068E-09 3.3367E-09 3.5745E-09 3.8204E-09 4.1171E-09 4.4467E-09 4.7755E-09 5.1544E-09 5.5656E-09 6.0641E-09 6.6849E-09 7.4124E-09 8.2241E-09 9.0888E-09 9.9632E-09 1.0837E-08 1.1697E-08 1.2479E-08 1.3200E-08 1.3851E-08 1.4426E-08 1.4921E-08 1.5335E-08
1.7385E-10 1.8868E-10 2.0625E-10 2.2311E-10 2.4324E-10 2.6478E-10 2.8752E-10 3.1525E-10 3.4226E-10 3.7423E-10 4.0527E-10 4.4267E-10 4.8296E-10 5.2338E-10 5.7026E-10 6.1483E-10 6.6651E-10 7.2083E-10 7.8910E-10 8.9173E-10 9.8311E-10 1.0763E-09 1.1684E-09 1.2681E-09 1.3794E-09 1.4971E-09 1.6263E-09 1.7629E-09 1.9093E-09 2.0702E-09 2.2370E-09 2.4199E-09 2.6085E-09 2.8070E-09 3.0154E-09 3.2350E-09 3.4620E-09 3.6967E-09 3.9812E-09 4.3003E-09 4.6377E-09 4.9888E-09 5.3803E-09 5.8500E-09 6.4213E-09 7.1395E-09 7.9499E-09 8.8279E-09 9.7319E-09 1.0634E-08 1.1532E-08 1.2349E-08 1.3104E-08 1.3788E-08 1.4393E-08 1.4915E-08 1.5354E-08
1.7036E-10 1.8492E-10 2.0247E-10 2.1880E-10 2.3825E-10 2.5902E-10 2.8101E-10 3.0803E-10 3.3425E-10 3.6557E-10 3.9603E-10 4.3298E-10 4.7271E-10 5.1471E-10 5.5580E-10 6.0301E-10 6.5405E-10 7.0692E-10 7.7965E-10 8.6509E-10 9.6247E-10 1.0533E-09 1.1425E-09 1.2422E-09 1.3477E-09 1.4619E-09 1.5878E-09 1.7194E-09 1.8651E-09 2.0167E-09 2.1778E-09 2.3535E-09 2.5340E-09 2.7239E-09 2.9246E-09 3.1327E-09 3.3490E-09 3.5725E-09 3.8445E-09 4.1586E-09 4.4791E-09 4.8202E-09 5.2129E-09 5.6424E-09 6.1747E-09 6.8556E-09 7.6615E-09 8.5514E-09 9.4717E-09 1.0409E-08 1.1340E-08 1.2193E-08 1.2985E-08 1.3704E-08 1.4342E-08 1.4895E-08 1.5361E-08
1.6704E-10 1.8080E-10 1.9859E-10 2.1456E-10 2.3405E-10 2.5333E-10 2.7457E-10 3.0081E-10 3.2634E-10 3.5690E-10 3.8664E-10 4.2306E-10 4.6215E-10 5.0234E-10 5.4435E-10 5.8906E-10 6.3733E-10 6.9452E-10 7.6452E-10 8.4467E-10 9.3591E-10 1.0268E-09 1.1169E-09 1.2137E-09 1.3160E-09 1.4267E-09 1.5482E-09 1.6762E-09 1.8176E-09 1.9633E-09 2.1215E-09 2.2880E-09 2.4610E-09 2.6428E-09 2.8348E-09 3.0331E-09 3.2390E-09 3.4517E-09 3.7122E-09 4.0137E-09 4.3284E-09 4.6792E-09 5.0410E-09 5.4614E-09 5.9423E-09 6.5755E-09 7.3434E-09 8.2563E-09 9.2027E-09 1.0171E-08 1.1113E-08 1.2013E-08 1.2844E-08 1.3601E-08 1.4275E-08 1.4861E-08 1.5356E-08
1.6313E-10 1.7713E-10 1.9410E-10 2.1026E-10 2.2921E-10 2.4777E-10 2.6917E-10 2.9370E-10 3.1841E-10 3.4816E-10 3.7721E-10 4.1301E-10 4.5140E-10 4.9125E-10 5.3095E-10 5.7571E-10 6.2427E-10 6.7930E-10 7.4832E-10 8.2385E-10 9.1004E-10 1.0040E-09 1.0911E-09 1.1852E-09 1.2843E-09 1.3922E-09 1.5096E-09 1.6329E-09 1.7696E-09 1.9105E-09 2.0640E-09 2.2218E-09 2.3874E-09 2.5609E-09 2.7441E-09 2.9331E-09 3.1291E-09 3.3312E-09 3.5713E-09 3.8683E-09 4.1856E-09 4.5132E-09 4.8824E-09 5.2719E-09 5.7233E-09 6.3026E-09 7.0454E-09 7.9342E-09 8.8905E-09 9.8883E-09 1.0862E-08 1.1799E-08 1.2670E-08 1.3468E-08 1.4181E-08 1.4802E-08 1.5329E-08
1.5942E-10 1.7311E-10 1.8978E-10 2.0535E-10 2.2444E-10 2.4230E-10 2.6288E-10 2.8663E-10 3.1050E-10 3.3954E-10 3.6774E-10 4.0280E-10 4.4039E-10 4.7989E-10 5.1903E-10 5.6209E-10 6.0895E-10 6.6350E-10 7.3373E-10 8.0218E-10 8.9281E-10 9.7547E-10 1.0626E-09 1.1568E-09 1.2529E-09 1.3591E-09 1.4704E-09 1.5898E-09 1.7218E-09 1.8571E-09 2.0051E-09 2.1569E-09 2.3158E-09 2.4825E-09 2.6577E-09 2.8377E-09 3.0241E-09 3.2166E-09 3.4307E-09 3.7481E-09 4.0420E-09 4.3526E-09 4.7121E-09 5.0908E-09 5.5184E-09 6.0514E-09 6.7497E-09 7.5966E-09 8.5603E-09 9.5784E-09 1.0583E-08 1.1556E-08 1.2467E-08 1.3306E-08 1.4060E-08 1.4721E-08 1.5286E-08
1.5589E-10 1.6878E-10 1.8539E-10 2.0062E-10 2.1936E-10 2.3692E-10 2.5674E-10 2.7962E-10 3.0368E-10 3.3091E-10 3.5824E-10 3.9259E-10 4.2921E-10 4.6833E-10 5.0528E-10 5.4825E-10 5.9533E-10 6.4710E-10 7.1617E-10 7.8499E-10 8.6487E-10 9.4503E-10 1.0373E-09 1.1285E-09 1.2213E-09 1.3238E-09 1.4315E-09 1.5462E-09 1.6737E-09 1.8042E-09 1.9462E-09 2.0914E-09 2.2439E-09 2.4049E-09 2.5703E-09 2.7421E-09 2.9198E-09 3.1031E-09 3.2912E-09 3.6098E-09 3.8923E-09 4.2098E-09 4.5399E-09 4.9230E-09 5.3483E-09 5.8163E-09 6.4599E-09 7.2774E-09 8.2014E-09 9.2290E-09 1.0269E-08 1.1270E-08 1.2221E-08 1.3103E-08 1.3903E-08 1.4609E-08 1.5215E-08
1.5154E-10 1.6490E-10 1.8067E-10 1.9607E-10 2.1393E-10 2.3134E-10 2.5071E-10 2.7276E-10 2.9596E-10 3.2229E-10 3.4884E-10 3.8232E-10 4.1788E-10 4.5657E-10 4.9291E-10 5.3525E-10 5.7770E-10 6.3585E-10 7.0223E-10 7.6522E-10 8.4299E-10 9.2311E-10 1.0067E-09 1.0993E-09 1.1897E-09 1.2889E-09 1.3922E-09 1.5058E-09 1.6256E-09 1.7508E-09 1.8875E-09 2.0267E-09 2.1720E-09 2.3256E-09 2.4835E-09 2.6474E-09 2.8169E-09 2.9912E-09 3.1700E-09 3.4742E-09 3.7432E-09 4.0493E-09 4.3836E-09 4.7378E-09 5.1503E-09 5.5890E-09 6.1855E-09 6.9329E-09 7.8508E-09 8.8551E-09 9.9154E-09 1.0940E-08 1.1930E-08 1.2858E-08 1.3705E-08 1.4457E-08 1.5109E-08
1.4793E-10 1.6046E-10 1.7641E-10 1.9068E-10 2.0894E-10 2.2545E-10 2.4450E-10 2.6598E-10 2.8829E-10 3.1382E-10 3.3946E-10 3.7205E-10 4.0648E-10 4.4464E-10 4.8031E-10 5.2030E-10 5.6367E-10 6.2125E-10 6.8473E-10 7.4796E-10 8.2056E-10 8.9316E-10 9.7500E-10 1.0685E-09 1.1576E-09 1.2534E-09 1.3532E-09 1.4637E-09 1.5771E-09 1.6974E-09 1.8285E-09 1.9618E-09 2.1016E-09 2.2491E-09 2.4001E-09 2.5565E-09 2.7181E-09 2.8842E-09 3.0543E-09 3.3122E-09 3.6007E-09 3.8933E-09 4.2152E-09 4.5556E-09 4.9541E-09 5.3964E-09 5.9289E-09 6.6007E-09 7.4644E-09 8.4623E-09 9.5227E-09 1.0573E-08 1.1598E-08 1.2570E-08 1.3464E-08 1.4266E-08 1.4965E-08
1.4401E-10 1.5623E-10 1.7158E-10 1.8602E-10 2.0338E-10 2.1999E-10 2.3811E-10 2.5937E-10 2.8080E-10 3.0541E-10 3.3111E-10 3.6182E-10 3.9511E-10 4.3223E-10 4.6754E-10 5.0690E-10 5.4761E-10 6.0721E-10 6.7124E-10 7.3018E-10 7.9849E-10 8.6889E-10 9.5093E-10 1.0353E-09 1.1241E-09 1.2181E-09 1.3135E-09 1.4198E-09 1.5286E-09 1.6454E-09 1.7706E-09 1.8988E-09 2.0323E-09 2.1731E-09 2.3174E-09 2.4668E-09 2.6208E-09 2.7789E-09 2.9407E-09 3.1636E-09 3.4681E-09 3.7460E-09 4.0473E-09 4.3731E-09 4.7564E-09 5.2016E-09 5.6821E-09 6.3018E-09 7.0821E-09 8.0421E-09 9.0957E-09 1.0164E-08 1.1217E-08 1.2229E-08 1.3172E-08 1.4023E-08 1.4772E-08
1.3981E-10 1.5197E-10 1.6697E-10 1.8105E-10 1.9731E-10 2.1397E-10 2.3217E-10 2.5209E-10 2.7341E-10 2.9708E-10 3.2193E-10 3.5150E-10 3.8400E-10 4.1978E-10 4.5461E-10 4.9324E-10 5.3142E-10 5.9097E-10 6.5336E-10 7.1244E-10 7.7842E-10 8.4415E-10 9.1973E-10 1.0007E-09 1.0890E-09 1.1805E-09 1.2741E-09 1.3762E-09 1.4808E-09 1.5964E-09 1.7133E-09 1.8363E-09 1.9649E-09 2.1001E-09 2.2382E-09 2.3808E-09 2.5278E-09 2.6786E-09 2.8326E-09 3.0233E-09 3.3316E-09 3.6026E-09 3.8847E-09 4.1953E-09 4.5626E-09 4.9902E-09 5.4546E-09 6.0197E-09 6.7243E-09 7.6295E-09 8.6438E-09 9.7181E-09 1.0795E-08 1.1840E-08 1.2827E-08 1.3729E-08 1.4530E-08
1.3610E-10 1.4741E-10 1.6258E-10 1.7578E-10 1.9190E-10 2.0816E-10 2.2565E-10 2.4563E-10 2.6542E-10 2.8894E-10 3.1282E-10 3.4124E-10 3.7293E-10 4.0730E-10 4.4159E-10 4.7944E-10 5.1691E-10 5.7574E-10 6.3517E-10 6.9228E-10 7.5835E-10 8.1926E-10 8.9222E-10 9.7134E-10 1.0533E-09 1.1426E-09 1.2334E-09 1.3336E-09 1.4338E-09 1.5447E-09 1.6574E-09 1.7756E-09 1.8985E-09 2.0277E-09 2.1597E-09 2.2960E-09 2.4362E-09 2.5799E-09 2.7395E-09 2.9025E-09 3.1714E-09 3.4556E-09 3.7290E-09 4.0188E-09 4.3690E-09 4.7867E-09 5.2322E-09 5.7508E-09 6.4004E-09 7.2118E-09 8.1715E-09 9.2367E-09 1.0327E-08 1.1399E-08 1.2424E-08 1.3374E-08 1.4225E-08
1.3185E-10 1.4337E-10 1.5739E-10 1.7101E-10 1.8621E-10 2.0230E-10 2.1936E-10 2.3859E-10 2.5835E-10 2.8019E-10 3.0383E-10 3.3108E-10 3.6179E-10 3.9492E-10 4.2856E-10 4.6548E-10 5.0718E-10 5.6019E-10 6.1650E-10 6.7203E-10 7.3766E-10 7.9668E-10 8.6475E-10 9.3997E-10 1.0182E-09 1.1045E-09 1.1927E-09 1.2896E-09 1.3876E-09 1.4945E-09 1.6022E-09 1.7156E-09 1.8341E-09 1.9586E-09 2.0855E-09 2.2163E-09 2.3503E-09 2.4876E-09 2.6467E-09 2.7969E-09 3.0225E-09 3.3168E-09 3.5765E-09 3.8612E-09 4.1878E-09 4.5866E-09 5.0206E-09 5.5064E-09 6.0954E-09 6.8204E-09 7.7048E-09 8.7336E-09 9.8251E-09 1.0915E-08 1.1970E-08 1.2963E-08 1.3866E-08
1.2785E-10 1.3879E-10 1.5297E-10 1.6569E-10 1.8029E-10 1.9616E-10 2.1303E-10 2.3178E-10 2.5078E-10 2.7237E-10 2.9429E-10 3.2103E-10 3.5066E-10 3.8257E-10 4.1510E-10 4.5149E-10 4.9233E-10 5.4253E-10 5.9735E-10 6.5549E-10 7.1520E-10 7.7424E-10 8.3799E-10 9.0808E-10 9.8552E-10 1.0673E-09 1.1517E-09 1.2461E-09 1.3405E-09 1.4444E-09 1.5485E-09 1.6572E-09 1.7704E-09 1.8901E-09 2.0122E-09 2.1375E-09 2.2657E-09 2.3969E-09 2.5498E-09 2.6935E-09 2.8612E-09 3.1613E-09 3.4316E-09 3.6955E-09 4.0130E-09 4.3838E-09 4.8083E-09 5.2669E-09 5.8058E-09 6.4616E-09 7.2512E-09 8.2169E-09 9.2894E-09 1.0386E-08 1.1463E-08 1.2491E-08 1.3444E-08
1.2411E-10 1.3447E-10 1.4828E-10 1.6064E-10 1.7456E-10 1.9053E-10 2.0547E-10 2.2495E-10 2.4344E-10 2.6418E-10 2.8571E-10 3.1035E-10 3.3944E-10 3.7071E-10 4.0169E-10 4.3748E-10 4.7731E-10 5.2463E-10 5.7991E-10 6.3288E-10 6.9278E-10 7.5193E-10 8.1367E-10 8.7912E-10 9.5324E-10 1.0305E-09 1.1122E-09 1.2023E-09 1.2936E-09 1.3942E-09 1.4947E-09 1.5999E-09 1.7106E-09 1.8236E-09 1.9403E-09 2.0599E-09 2.1826E-09 2.3079E-09 2.4550E-09 2.5928E-09 2.7326E-09 3.0057E-09 3.2778E-09 3.5326E-09 3.8328E-09 4.1838E-09 4.5863E-09 5.0233E-09 5.5289E-09 6.1262E-09 6.8248E-09 7.7054E-09 8.7292E-09 9.8196E-09 1.0909E-08 1.1965E-08 1.2960E-08
1.1959E-10 1.3040E-10 1.4263E-10 1.5557E-10 1.6910E-10 1.8436E-10 1.9939E-10 2.1784E-10 2.3536E-10 2.5628E-10 2.7579E-10 3.0070E-10 3.2753E-10 3.5902E-10 3.8774E-10 4.2346E-10 4.6231E-10 5.1409E-10 5.5885E-10 6.1385E-10 6.7204E-10 7.2760E-10 7.8958E-10 8.5067E-10 9.2104E-10 9.9537E-10 1.0730E-09 1.1604E-09 1.2472E-09 1.3441E-09 1.4413E-09 1.5428E-09 1.6498E-09 1.7586E-09 1.8710E-09 1.9858E-09 2.1032E-09 2.2234E-09 2.3651E-09 2.4969E-09 2.6304E-09 2.8603E-09 3.1136E-09 3.3700E-09 3.6601E-09 3.9917E-09 4.3720E-09 4.7833E-09 5.2661E-09 5.8146E-09 6.4376E-09 7.2165E-09 8.1699E-09 9.2320E-09 1.0322E-08 1.1395E-08 1.2423E-08
