Assets/Resources/2015_m01_d17_1200(utc+0800)_l00_csi_1hr_conc.grd
DSAA
         159         159
     -79.000      79.000
     -79.000      79.000
  0.0000E+00  0.1185E-05
[rows 50 to 74 of 159, columns 57 to 113 of 159]
2.7708E-08 2.5536E-08 2.3424E-08 2.1400E-08 1.9541E-08 1.7805E-08 1.6188E-08 1.4694E-08 1.3317E-08 1.2077E-08 1.0951E-08 9.9347E-09 9.0230E-09 8.1981E-09 7.4599E-09 6.7849E-09 6.1744E-09 5.6112E-09 5.0822E-09 4.6208E-09 4.2330E-09 3.8649E-09 3.5119E-09 3.1755E-09 2.8718E-09 2.6009E-09 2.3511E-09 2.1309E-09 1.9339E-09 1.7599E-09 1.6199E-09 1.4593E-09 1.3287E-09 1.2068E-09 1.0916E-09 9.8467E-10 8.8671E-10 7.9759E-10 7.1461E-10 6.3726E-10 5.6947E-10 5.0785E-10 4.5025E-10 3.9732E-10 3.5041E-10 3.0780E-10 2.6917E-10 2.3673E-10 2.0545E-10 1.7831E-10 1.5252E-10 1.3009E-10 1.0781E-10 8.8260E-11 7.1086E-11 5.6007E-11 4.5669E-11
2.8675E-08 2.6334E-08 2.4047E-08 2.1887E-08 1.9876E-08 1.8035E-08 1.6329E-08 1.4759E-08 1.3317E-08 1.2014E-08 1.0846E-08 9.7937E-09 8.8548E-09 8.0109E-09 7.2580E-09 6.5770E-09 5.9623E-09 5.3976E-09 4.8769E-09 4.4162E-09 4.0324E-09 3.6752E-09 3.3353E-09 3.0127E-09 2.7214E-09 2.4619E-09 2.2230E-09 2.0278E-09 1.8242E-09 1.6561E-09 1.5087E-09 1.3733E-09 1.2679E-09 1.1344E-09 1.0255E-09 9.2453E-10 8.3440E-10 7.4795E-10 6.6967E-10 5.9698E-10 5.3306E-10 4.7402E-10 4.1959E-10 3.7093E-10 3.2703E-10 2.8607E-10 2.4986E-10 2.1833E-10 1.9125E-10 1.6540E-10 1.4036E-10 1.1726E-10 9.7058E-11 7.8633E-11 6.3127E-11 4.9592E-11 4.0574E-11
2.9523E-08 2.6968E-08 2.4550E-08 2.2232E-08 2.0104E-08 1.8161E-08 1.6378E-08 1.4742E-08 1.3248E-08 1.1896E-08 1.0689E-08 9.6090E-09 8.6478E-09 7.7916E-09 7.0286E-09 6.3455E-09 5.7318E-09 5.1682E-09 4.6565E-09 4.2024E-09 3.8262E-09 3.4815E-09 3.1555E-09 2.8477E-09 2.5706E-09 2.3229E-09 2.0952E-09 1.8948E-09 1.7155E-09 1.5584E-09 1.4167E-09 1.2889E-09 1.1725E-09 1.0720E-09 9.6068E-10 8.6561E-10 7.7880E-10 6.9947E-10 6.2580E-10 5.5578E-10 4.9595E-10 4.4203E-10 3.9101E-10 3.4425E-10 3.0120E-10 2.6486E-10 2.3189E-10 2.0267E-10 1.7616E-10 1.5006E-10 1.2762E-10 1.0597E-10 8.6609E-11 6.9538E-11 5.5029E-11 4.3978E-11 3.5913E-11
3.0372E-08 2.7506E-08 2.4898E-08 2.2469E-08 2.0218E-08 1.8169E-08 1.6321E-08 1.4634E-08 1.3098E-08 1.1712E-08 1.0476E-08 9.3779E-09 8.4010E-09 7.5390E-09 6.7729E-09 6.0913E-09 5.4822E-09 4.9256E-09 4.4239E-09 3.9804E-09 3.6153E-09 3.2850E-09 2.9743E-09 2.6825E-09 2.4204E-09 2.1851E-09 1.9688E-09 1.7776E-09 1.6062E-09 1.4580E-09 1.3307E-09 1.2064E-09 1.0969E-09 9.9403E-10 8.9736E-10 8.1961E-10 7.2687E-10 6.5122E-10 5.8087E-10 5.1841E-10 4.6125E-10 4.1098E-10 3.6133E-10 3.1858E-10 2.7960E-10 2.4546E-10 2.1289E-10 1.8656E-10 1.6204E-10 1.3740E-10 1.1550E-10 9.4957E-11 7.6606E-11 6.1725E-11 4.7843E-11 3.8479E-11 3.0908E-11
3.1050E-08 2.8016E-08 2.5161E-08 2.2589E-08 2.0227E-08 1.8072E-08 1.6149E-08 1.4425E-08 1.2861E-08 1.1453E-08 1.0199E-08 9.0927E-09 8.1106E-09 7.2487E-09 6.4865E-09 5.8132E-09 5.2137E-09 4.6669E-09 4.1814E-09 3.7516E-09 3.4010E-09 3.0867E-09 2.7928E-09 2.5178E-09 2.2714E-09 2.0460E-09 1.8437E-09 1.6630E-09 1.5013E-09 1.3620E-09 1.2363E-09 1.1260E-09 1.0264E-09 9.2657E-10 8.3582E-10 7.5224E-10 6.7765E-10 6.0513E-10 5.3949E-10 4.7984E-10 4.2631E-10 3.7890E-10 3.3460E-10 2.9443E-10 2.5675E-10 2.2526E-10 1.9640E-10 1.7219E-10 1.4685E-10 1.2302E-10 1.0240E-10 8.3815E-11 6.6856E-11 5.2390E-11 4.1862E-11 3.2672E-11 2.5490E-11
3.1547E-08 2.8347E-08 2.5328E-08 2.2604E-08 2.0114E-08 1.7885E-08 1.5883E-08 1.4124E-08 1.2544E-08 1.1126E-08 9.8649E-09 8.7562E-09 7.7774E-09 6.9227E-09 6.1705E-09 5.5105E-09 4.9297E-09 4.3934E-09 3.9245E-09 3.5146E-09 3.1822E-09 2.8860E-09 2.6104E-09 2.3523E-09 2.1203E-09 1.9113E-09 1.7204E-09 1.5496E-09 1.3990E-09 1.2662E-09 1.1512E-09 1.0481E-09 9.5192E-10 8.6118E-10 7.7621E-10 6.9763E-10 6.2581E-10 5.6019E-10 5.0434E-10 4.4249E-10 3.9454E-10 3.5007E-10 3.0789E-10 2.6910E-10 2.3677E-10 2.0635E-10 1.8037E-10 1.5642E-10 1.3299E-10 1.1173E-10 9.1669E-11 7.3611E-11 5.7337E-11 4.5624E-11 3.6475E-11 2.7902E-11 2.2018E-11
3.1852E-08 2.8541E-08 2.5419E-08 2.2501E-08 1.9887E-08 1.7576E-08 1.5530E-08 1.3730E-08 1.2150E-08 1.0737E-08 9.4825E-09 8.3827E-09 7.4140E-09 6.5722E-09 5.8346E-09 5.1919E-09 4.6296E-09 4.1154E-09 3.6604E-09 3.2719E-09 2.9594E-09 2.6827E-09 2.4219E-09 2.1816E-09 1.9696E-09 1.7755E-09 1.5998E-09 1.4389E-09 1.2968E-09 1.1760E-09 1.0689E-09 9.7274E-10 8.8291E-10 7.9774E-10 7.1848E-10 6.5095E-10 5.7873E-10 5.1591E-10 4.5880E-10 4.0840E-10 3.6259E-10 3.2086E-10 2.8192E-10 2.4661E-10 2.1734E-10 1.8852E-10 1.6414E-10 1.4123E-10 1.1820E-10 9.7132E-11 7.9255E-11 6.3605E-11 4.9738E-11 3.9326E-11 3.0861E-11 2.4281E-11 1.8396E-11
3.2020E-08 2.8558E-08 2.5333E-08 2.2342E-08 1.9626E-08 1.7148E-08 1.5077E-08 1.3258E-08 1.1679E-08 1.0289E-08 9.0581E-09 7.9805E-09 7.0340E-09 6.2127E-09 5.4952E-09 4.8732E-09 4.3306E-09 3.8491E-09 3.4005E-09 3.0304E-09 2.7357E-09 2.4772E-09 2.2363E-09 2.0120E-09 1.8172E-09 1.6404E-09 1.4779E-09 1.3293E-09 1.2004E-09 1.0888E-09 9.8968E-10 9.0007E-10 8.1585E-10 7.3628E-10 6.6258E-10 5.9424E-10 5.3232E-10 4.7484E-10 4.2143E-10 3.7421E-10 3.3290E-10 2.9801E-10 2.5699E-10 2.2551E-10 1.9692E-10 1.7175E-10 1.4921E-10 1.2557E-10 1.0381E-10 8.3529E-11 6.7651E-11 5.2916E-11 4.1339E-11 3.2553E-11 2.5588E-11 1.9991E-11 1.5539E-11
3.2206E-08 2.8562E-08 2.5209E-08 2.2122E-08 1.9305E-08 1.6827E-08 1.4532E-08 1.2710E-08 1.1136E-08 9.7741E-09 8.5816E-09 7.5407E-09 6.6285E-09 5.8390E-09 5.1506E-09 4.5562E-09 4.0378E-09 3.5789E-09 3.1804E-09 2.7925E-09 2.5177E-09 2.2778E-09 2.0586E-09 1.8536E-09 1.6675E-09 1.5063E-09 1.3607E-09 1.2267E-09 1.1080E-09 1.0024E-09 9.1300E-10 8.2983E-10 7.5125E-10 6.7741E-10 6.0930E-10 5.4606E-10 4.8813E-10 4.3379E-10 3.8980E-10 3.4272E-10 3.0362E-10 2.6732E-10 2.3329E-10 2.0544E-10 1.7879E-10 1.5566E-10 1.3150E-10 1.1113E-10 9.1314E-11 7.3239E-11 5.6958E-11 4.3219E-11 3.4271E-11 2.6938E-11 2.1127E-11 1.6695E-11 1.2830E-11
3.2558E-08 2.8736E-08 2.5203E-08 2.1978E-08 1.9067E-08 1.6432E-08 1.4106E-08 1.2085E-08 1.0535E-08 9.1933E-09 8.0490E-09 7.0570E-09 6.1907E-09 5.4423E-09 4.7906E-09 4.2304E-09 3.7412E-09 3.3086E-09 2.9278E-09 2.5917E-09 2.3090E-09 2.0892E-09 1.8867E-09 1.7022E-09 1.5322E-09 1.3858E-09 1.2519E-09 1.1252E-09 1.0166E-09 9.2219E-10 8.3979E-10 7.6272E-10 6.8984E-10 6.2165E-10 5.5790E-10 4.9986E-10 4.4631E-10 3.9656E-10 3.5233E-10 3.1219E-10 2.7665E-10 2.4208E-10 2.1202E-10 1.8415E-10 1.6404E-10 1.3850E-10 1.1617E-10 9.5494E-11 7.7597E-11 6.2164E-11 4.6949E-11 3.5801E-11 2.8774E-11 2.2231E-11 1.7700E-11 1.4019E-11 1.0825E-11
3.3086E-08 2.9098E-08 2.5361E-08 2.1965E-08 1.8879E-08 1.6120E-08 1.3729E-08 1.1550E-08 9.8941E-09 8.5721E-09 7.4652E-09 6.5308E-09 5.7193E-09 5.0206E-09 4.4132E-09 3.8918E-09 3.4321E-09 3.0280E-09 2.6770E-09 2.3690E-09 2.1201E-09 1.9076E-09 1.7228E-09 1.5591E-09 1.4074E-09 1.2706E-09 1.1446E-09 1.0306E-09 9.3160E-10 8.4588E-10 7.6995E-10 6.9887E-10 6.3111E-10 5.6843E-10 5.0969E-10 4.5556E-10 4.0642E-10 3.6054E-10 3.1988E-10 2.8443E-10 2.4920E-10 2.2071E-10 1.9090E-10 1.6625E-10 1.4495E-10 1.2210E-10 1.0312E-10 8.3032E-11 6.6305E-11 5.0017E-11 4.0013E-11 3.0902E-11 2.3504E-11 1.8682E-11 1.4986E-11 1.2092E-11 9.6608E-12
3.3920E-08 2.9773E-08 2.5860E-08 2.2266E-08 1.8982E-08 1.6052E-08 1.3481E-08 1.1323E-08 9.3103E-09 7.9447E-09 6.8668E-09 5.9837E-09 5.2340E-09 4.5883E-09 4.0287E-09 3.5435E-09 3.1198E-09 2.7516E-09 2.4292E-09 2.1518E-09 1.9278E-09 1.7337E-09 1.5739E-09 1.4247E-09 1.2862E-09 1.1607E-09 1.0440E-09 9.3791E-10 8.4882E-10 7.7340E-10 7.0354E-10 6.3761E-10 5.7559E-10 5.1779E-10 4.6329E-10 4.1376E-10 3.6781E-10 3.2689E-10 2.8926E-10 2.5623E-10 2.2439E-10 1.9591E-10 1.7118E-10 1.4974E-10 1.2653E-10 1.0549E-10 8.6985E-11 7.2236E-11 5.3502E-11 4.0721E-11 3.2187E-11 2.5298E-11 1.9691E-11 1.5873E-11 1.3143E-11 1.0955E-11 8.5841E-12
3.5051E-08 3.0826E-08 2.6808E-08 2.3019E-08 1.9531E-08 1.6354E-08 1.3555E-08 1.1176E-08 9.1895E-09 7.4521E-09 6.2859E-09 5.4336E-09 4.7469E-09 4.1548E-09 3.6432E-09 3.2028E-09 2.8191E-09 2.4897E-09 2.1976E-09 1.9471E-09 1.7473E-09 1.5812E-09 1.4345E-09 1.2968E-09 1.1688E-09 1.0520E-09 9.4625E-10 8.5270E-10 7.7281E-10 7.0443E-10 6.4071E-10 5.7994E-10 5.2274E-10 4.6941E-10 4.1975E-10 3.7460E-10 3.3274E-10 2.9479E-10 2.6016E-10 2.3046E-10 2.0183E-10 1.7633E-10 1.5262E-10 1.3071E-10 1.0989E-10 8.9019E-11 7.1934E-11 5.6129E-11 4.2048E-11 3.3362E-11 2.6224E-11 2.0578E-11 1.6269E-11 1.3972E-11 1.2074E-11 9.7228E-12 7.4288E-12
3.6562E-08 3.2375E-08 2.8302E-08 2.4366E-08 2.0662E-08 1.7203E-08 1.4085E-08 1.1384E-08 9.1545E-09 7.3163E-09 5.8556E-09 4.9250E-09 4.2669E-09 3.7275E-09 3.2727E-09 2.8770E-09 2.5341E-09 2.2384E-09 1.9806E-09 1.7662E-09 1.5890E-09 1.4359E-09 1.2991E-09 1.1743E-09 1.0562E-09 9.5089E-10 8.5281E-10 7.7037E-10 7.0203E-10 6.3978E-10 5.8113E-10 5.2508E-10 4.7254E-10 4.2381E-10 3.7857E-10 3.3716E-10 2.9811E-10 2.6430E-10 2.3468E-10 2.0621E-10 1.7920E-10 1.5609E-10 1.3413E-10 1.1130E-10 9.2449E-11 7.4537E-11 5.6976E-11 4.2474E-11 3.3758E-11 2.6508E-11 2.0810E-11 1.6781E-11 1.4750E-11 1.3002E-11 1.0864E-11 8.5442E-12 6.2636E-12
3.8377E-08 3.4421E-08 3.0440E-08 2.6504E-08 2.2642E-08 1.8897E-08 1.5424E-08 1.2329E-08 9.6893E-09 7.6116E-09 5.7702E-09 4.5482E-09 3.8460E-09 3.3272E-09 2.9196E-09 2.5698E-09 2.2667E-09 2.0092E-09 1.7884E-09 1.6012E-09 1.4397E-09 1.2997E-09 1.1737E-09 1.0569E-09 9.4795E-10 8.5233E-10 7.6726E-10 6.9500E-10 6.3451E-10 5.7864E-10 5.2495E-10 4.7391E-10 4.2594E-10 3.8118E-10 3.3964E-10 3.0168E-10 2.6744E-10 2.3540E-10 2.0787E-10 1.8110E-10 1.5761E-10 1.3544E-10 1.1404E-10 9.5026E-11 7.6879E-11 5.9740E-11 4.3704E-11 3.5097E-11 2.7809E-11 2.1796E-11 1.7803E-11 1.5492E-11 1.3723E-11 1.1863E-11 9.5353E-12 7.2621E-12 5.1386E-12
4.0409E-08 3.6907E-08 3.3254E-08 2.9500E-08 2.5615E-08 2.1695E-08 1.7818E-08 1.4208E-08 1.1021E-08 8.4093E-09 6.3070E-09 4.6346E-09 3.5187E-09 2.9839E-09 2.5961E-09 2.2843E-09 2.0282E-09 1.8042E-09 1.6101E-09 1.4444E-09 1.2985E-09 1.1706E-09 1.0563E-09 9.4613E-10 8.4692E-10 7.5993E-10 6.8517E-10 6.2466E-10 5.7107E-10 5.2013E-10 4.7156E-10 4.2517E-10 3.8063E-10 3.4009E-10 3.0283E-10 2.6890E-10 2.3632E-10 2.0869E-10 1.8460E-10 1.6096E-10 1.3761E-10 1.1515E-10 9.6227E-11 7.7578E-11 6.0392E-11 4.5804E-11 3.5536E-11 2.8323E-11 2.2863E-11 1.8783E-11 1.6190E-11 1.4377E-11 1.2657E-11 1.0555E-11 8.2629E-12 6.0114E-12 4.0689E-12
4.2483E-08 3.9672E-08 3.6637E-08 3.3308E-08 2.9639E-08 2.5681E-08 2.1560E-08 1.7423E-08 1.3606E-08 1.0258E-08 7.4931E-09 5.3538E-09 3.7713E-09 2.7362E-09 2.3412E-09 2.0336E-09 1.8080E-09 1.6106E-09 1.4412E-09 1.2960E-09 1.1635E-09 1.0506E-09 9.4587E-10 8.4532E-10 7.5669E-10 6.7851E-10 6.1242E-10 5.5949E-10 5.1131E-10 4.6501E-10 4.2098E-10 3.7840E-10 3.3932E-10 3.0230E-10 2.6864E-10 2.3615E-10 2.0934E-10 1.8617E-10 1.6134E-10 1.3777E-10 1.1668E-10 9.6427E-11 7.7469E-11 6.0005E-11 4.4356E-11 3.5541E-11 2.7971E-11 2.2450E-11 1.9607E-11 1.7050E-11 1.4987E-11 1.3309E-11 1.1429E-11 9.1170E-12 6.8739E-12 4.8012E-12 3.2519E-12
4.4321E-08 4.2479E-08 4.0331E-08 3.7754E-08 3.4648E-08 3.0967E-08 2.6790E-08 2.2325E-08 1.7857E-08 1.3684E-08 1.0050E-08 7.0480E-09 4.6773E-09 3.0486E-09 2.1647E-09 1.8251E-09 1.6007E-09 1.4296E-09 1.2831E-09 1.1548E-09 1.0396E-09 9.3832E-10 8.3968E-10 7.4987E-10 6.7096E-10 6.0251E-10 5.4770E-10 4.9994E-10 4.5546E-10 4.1326E-10 3.7281E-10 3.3466E-10 2.9889E-10 2.6569E-10 2.3510E-10 2.0697E-10 1.8400E-10 1.6199E-10 1.3748E-10 1.1481E-10 9.4874E-11 7.5472E-11 5.8293E-11 4.4119E-11 3.5311E-11 2.8687E-11 2.3617E-11 2.0265E-11 1.7997E-11 1.5544E-11 1.3838E-11 1.2121E-11 1.0035E-11 7.7424E-12 5.5315E-12 3.7347E-12 2.4401E-12
4.5534E-08 4.4864E-08 4.3858E-08 4.2368E-08 4.0206E-08 3.7265E-08 3.3478E-08 2.9038E-08 2.4135E-08 1.9197E-08 1.4445E-08 1.0273E-08 6.7775E-09 4.1425E-09 2.1707E-09 1.6807E-09 1.4126E-09 1.2616E-09 1.1363E-09 1.0208E-09 9.2250E-10 8.2986E-10 7.4079E-10 6.6243E-10 5.9264E-10 5.3682E-10 4.8961E-10 4.4645E-10 4.0482E-10 3.6495E-10 3.2784E-10 2.9282E-10 2.6006E-10 2.3160E-10 2.0469E-10 1.8082E-10 1.5989E-10 1.3559E-10 1.1342E-10 9.2187E-11 7.4364E-11 5.7243E-11 4.3294E-11 3.4888E-11 2.8110E-11 2.4622E-11 2.1124E-11 1.8665E-11 1.6041E-11 1.4315E-11 1.2730E-11 1.0749E-11 8.5469E-12 6.2781E-12 4.2367E-12 2.8328E-12 1.6448E-12
4.5652E-08 4.6205E-08 4.6511E-08 4.6388E-08 4.5552E-08 4.3821E-08 4.1078E-08 3.7221E-08 3.2518E-08 2.7169E-08 2.1575E-08 1.5973E-08 1.0926E-08 6.7002E-09 3.6383E-09 1.5830E-09 1.2758E-09 1.1051E-09 9.9576E-10 8.9952E-10 8.1274E-10 7.2869E-10 6.5206E-10 5.8156E-10 5.2472E-10 4.7767E-10 4.3628E-10 3.9710E-10 3.5816E-10 3.2113E-10 2.8693E-10 2.5463E-10 2.2656E-10 1.9938E-10 1.7559E-10 1.5561E-10 1.3300E-10 1.1059E-10 8.9781E-11 7.2298E-11 5.6184E-11 4.2181E-11 3.4085E-11 2.9045E-11 2.5202E-11 2.1936E-11 1.9127E-11 1.6771E-11 1.4735E-11 1.3150E-11 1.1411E-11 9.1875E-12 6.9542E-12 4.8695E-12 3.2015E-12 1.9547E-12 1.0046E-12
4.4312E-08 4.5993E-08 4.7614E-08 4.8915E-08 4.9668E-08 4.9581E-08 4.8442E-08 4.6061E-08 4.2399E-08 3.7604E-08 3.1759E-08 2.5179E-08 1.8320E-08 1.1853E-08 6.5304E-09 3.0196E-09 1.2287E-09 9.7045E-10 8.6642E-10 7.8622E-10 7.0760E-10 6.3338E-10 5.6767E-10 5.1039E-10 4.6447E-10 4.2436E-10 3.8712E-10 3.5012E-10 3.1447E-10 2.8158E-10 2.4969E-10 2.2019E-10 1.9433E-10 1.6990E-10 1.4956E-10 1.2755E-10 1.0596E-10 8.5631E-11 6.8906E-11 5.3651E-11 3.9994E-11 3.3547E-11 2.9459E-11 2.5685E-11 2.2517E-11 1.9368E-11 1.7438E-11 1.5073E-11 1.3501E-11 1.1876E-11 9.8761E-12 7.5808E-12 5.4118E-12 3.4872E-12 2.2378E-12 1.0660E-12 5.6598E-13
4.1339E-08 4.3892E-08 4.6579E-08 4.9165E-08 5.1469E-08 5.3226E-08 5.4079E-08 5.3886E-08 5.2358E-08 4.9316E-08 4.4657E-08 3.8304E-08 3.0286E-08 2.1467E-08 1.3005E-08 6.2116E-09 1.9978E-09 9.0724E-10 7.4774E-10 6.7665E-10 6.0877E-10 5.4665E-10 4.9126E-10 4.4613E-10 4.0951E-10 3.7566E-10 3.4073E-10 3.0691E-10 2.7526E-10 2.4355E-10 2.1576E-10 1.8618E-10 1.6216E-10 1.3731E-10 1.1571E-10 9.5727E-11 7.5423E-11 5.9305E-11 4.5397E-11 3.7843E-11 3.3620E-11 2.9649E-11 2.6012E-11 2.2742E-11 1.9663E-11 1.6888E-11 1.5237E-11 1.3719E-11 1.2261E-11 1.0371E-11 8.0859E-12 5.9029E-12 3.7094E-12 2.4412E-12 1.1507E-12 6.6370E-13 0.0000E+00
3.6834E-08 3.9852E-08 4.3167E-08 4.6628E-08 5.0118E-08 5.3475E-08 5.6398E-08 5.8670E-08 6.0049E-08 6.0064E-08 5.8332E-08 5.4166E-08 4.7352E-08 3.7497E-08 2.6023E-08 1.4128E-08 5.4796E-09 9.6025E-10 6.6573E-10 5.7520E-10 5.1735E-10 4.6728E-10 4.2536E-10 3.9026E-10 3.5951E-10 3.2951E-10 2.9720E-10 2.6673E-10 2.3588E-10 2.0685E-10 1.8053E-10 1.5769E-10 1.2802E-10 1.0554E-10 8.4777E-11 6.5174E-11 4.9443E-11 3.7441E-11 3.3089E-11 2.9783E-11 2.7214E-11 2.4490E-11 2.1271E-11 1.9296E-11 1.6849E-11 1.5287E-11 1.3825E-11 1.2447E-11 1.0634E-11 8.3725E-12 6.3092E-12 3.9660E-12 2.5719E-12 1.2230E-12 7.4462E-13 0.0000E+00 0.0000E+00
3.1149E-08 3.4162E-08 3.7588E-08 4.1351E-08 4.5428E-08 4.9711E-08 5.4169E-08 5.8619E-08 6.2878E-08 6.6602E-08 6.9067E-08 6.9568E-08 6.6981E-08 6.0324E-08 4.8406E-08 3.1807E-08 1.5385E-08 4.1282E-09 6.6498E-10 4.8897E-10 4.3662E-10 3.9799E-10 3.6740E-10 3.4073E-10 3.1300E-10 2.8320E-10 2.5458E-10 2.2653E-10 1.9921E-10 1.7363E-10 1.4688E-10 1.1875E-10 9.6695E-11 7.7929E-11 5.9457E-11 4.3936E-11 3.7721E-11 3.3109E-11 2.9250E-11 2.6760E-11 2.4468E-11 2.1305E-11 1.9072E-11 1.6764E-11 1.5187E-11 1.3777E-11 1.2475E-11 1.0853E-11 8.5093E-12 6.5321E-12 4.1233E-12 2.6765E-12 1.2812E-12 8.0677E-13 0.0000E+00 0.0000E+00 0.0000E+00
2.4871E-08 2.7511E-08 3.0546E-08 3.4000E-08 3.7956E-08 4.2388E-08 4.7378E-08 5.3017E-08 5.9165E-08 6.5849E-08 7.2493E-08 7.8755E-08 8.3244E-08 8.4957E-08 7.9590E-08 6.5056E-08 4.1119E-08 1.5988E-08 2.3326E-09 4.4032E-10 3.6576E-10 3.3439E-10 3.1309E-10 2.9352E-10 2.6726E-10 2.4084E-10 2.1421E-10 1.8889E-10 1.6060E-10 1.3319E-10 1.0689E-10 8.5882E-11 6.8255E-11 5.1532E-11 4.2471E-11 3.7565E-11 3.3311E-11 2.9082E-11 2.6328E-11 2.4000E-11 2.1275E-11 1.8703E-11 1.6922E-11 1.4958E-11 1.3634E-11 1.2378E-11 1.0791E-11 8.6296E-12 6.6587E-12 4.1356E-12 2.6996E-12 1.3108E-12 8.4845E-13 0.0000E+00 0.0000E+00 0.0000E+00 0.0000E+00
