Assets/Resources/2015_m01_d31_1900(utc+0800)_l00_csi_1hr_conc.grd
DSAA
         159         159
     -79.000      79.000
     -79.000      79.000
  0.0000E+00  0.2287E-04
[rows 75 to 99 of 159, columns 0 to 56 of 159]
0.0000E+00 0.0000E+00 0.0000E+00 0.0000E+00 0.0000E+00 0.0000E+00 0.0000E+00 0.0000E+00 0.0000E+00 0.0000E+00 1.4759E-12 3.4521E-12 6.0726E-12 1.1619E-11 1.8650E-11 3.2253E-11 5.2430E-11 7.5555E-11 1.0040E-10 1.2727E-10 1.5894E-10 1.9348E-10 2.3101E-10 2.7008E-10 3.1347E-10 3.6167E-10 4.1690E-10 4.7887E-10 5.4696E-10 6.2038E-10 6.9769E-10 7.8787E-10 8.8723E-10 9.9370E-10 1.1145E-09 1.2385E-09 1.3616E-09 1.4915E-09 1.6311E-09 1.7824E-09 1.9403E-09 2.1084E-09 2.2832E-09 2.4677E-09 2.6640E-09 2.9113E-09 3.1663E-09 3.4168E-09 3.6905E-09 3.9964E-09 4.3228E-09 4.6759E-09 5.0709E-09 5.5023E-09 5.9652E-09 6.4701E-09 7.0260E-09
0.0000E+00 0.0000E+00 0.0000E+00 0.0000E+00 0.0000E+00 0.0000E+00 0.0000E+00 0.0000E+00 0.0000E+00 0.0000E+00 1.2618E-12 3.1278E-12 5.4966E-12 9.3321E-12 1.3321E-11 2.1344E-11 3.6906E-11 5.6197E-11 7.7718E-11 1.0075E-10 1.2834E-10 1.5967E-10 1.9431E-10 2.2982E-10 2.6851E-10 3.1067E-10 3.5857E-10 4.1285E-10 4.7100E-10 5.3425E-10 6.0264E-10 6.8112E-10 7.6878E-10 8.6375E-10 9.7021E-10 1.0789E-09 1.1870E-09 1.3009E-09 1.4221E-09 1.5552E-09 1.6934E-09 1.8386E-09 1.9926E-09 2.1503E-09 2.3224E-09 2.5436E-09 2.7682E-09 2.9880E-09 3.2279E-09 3.4963E-09 3.7843E-09 4.0929E-09 4.4377E-09 4.8189E-09 5.2244E-09 5.6643E-09 6.1459E-09
0.0000E+00 0.0000E+00 0.0000E+00 0.0000E+00 0.0000E+00 0.0000E+00 0.0000E+00 0.0000E+00 0.0000E+00 0.0000E+00 6.7672E-13 2.2913E-12 4.3908E-12 7.9147E-12 1.1233E-11 1.5850E-11 2.6584E-11 4.3271E-11 6.1166E-11 7.8513E-11 1.0046E-10 1.2830E-10 1.6029E-10 1.9208E-10 2.2692E-10 2.6468E-10 3.0637E-10 3.5399E-10 4.0478E-10 4.6013E-10 5.2043E-10 5.8877E-10 6.6421E-10 7.4692E-10 8.4086E-10 9.3501E-10 1.0287E-09 1.1282E-09 1.2332E-09 1.3454E-09 1.4653E-09 1.5911E-09 1.7221E-09 1.8590E-09 2.0063E-09 2.2032E-09 2.3985E-09 2.5872E-09 2.7928E-09 3.0229E-09 3.2752E-09 3.5411E-09 3.8337E-09 4.1622E-09 4.5147E-09 4.8871E-09 5.2912E-09
0.0000E+00 0.0000E+00 0.0000E+00 0.0000E+00 0.0000E+00 0.0000E+00 0.0000E+00 0.0000E+00 0.0000E+00 0.0000E+00 1.7417E-13 1.4488E-12 3.2749E-12 6.1646E-12 9.1390E-12 1.3218E-11 1.9585E-11 3.2170E-11 4.8197E-11 6.3750E-11 8.0378E-11 1.0155E-10 1.2760E-10 1.5710E-10 1.8896E-10 2.2238E-10 2.5878E-10 2.9984E-10 3.4413E-10 3.9275E-10 4.4493E-10 5.0497E-10 5.6943E-10 6.4082E-10 7.2377E-10 8.0561E-10 8.8727E-10 9.7317E-10 1.0611E-09 1.1551E-09 1.2578E-09 1.3633E-09 1.4744E-09 1.5924E-09 1.7163E-09 1.8867E-09 2.0562E-09 2.2179E-09 2.3916E-09 2.5823E-09 2.7965E-09 3.0247E-09 3.2700E-09 3.5461E-09 3.8445E-09 4.1495E-09 4.4829E-09
0.0000E+00 0.0000E+00 0.0000E+00 0.0000E+00 0.0000E+00 0.0000E+00 0.0000E+00 0.0000E+00 0.0000E+00 0.0000E+00 0.0000E+00 5.8534E-13 2.1119E-12 4.3421E-12 7.5758E-12 1.0702E-11 1.5222E-11 2.3708E-11 3.7752E-11 5.2167E-11 6.5614E-11 8.2611E-11 1.0255E-10 1.2783E-10 1.5511E-10 1.8416E-10 2.1618E-10 2.5161E-10 2.9006E-10 3.3201E-10 3.7722E-10 4.2910E-10 4.8475E-10 5.4605E-10 6.1852E-10 6.9078E-10 7.6084E-10 8.3265E-10 9.0677E-10 9.8514E-10 1.0690E-09 1.1576E-09 1.2518E-09 1.3510E-09 1.4532E-09 1.5953E-09 1.7416E-09 1.8778E-09 2.0234E-09 2.1805E-09 2.3579E-09 2.5512E-09 2.7525E-09 2.9786E-09 3.2169E-09 3.4658E-09 3.7339E-09
0.0000E+00 0.0000E+00 0.0000E+00 0.0000E+00 0.0000E+00 0.0000E+00 0.0000E+00 0.0000E+00 0.0000E+00 0.0000E+00 0.0000E+00 4.8844E-14 1.0641E-12 2.6753E-12 5.4445E-12 8.5412E-12 1.2201E-11 1.7778E-11 2.8564E-11 4.1641E-11 5.4806E-11 6.7617E-11 8.3616E-11 1.0364E-10 1.2599E-10 1.5095E-10 1.7914E-10 2.0896E-10 2.4062E-10 2.7593E-10 3.1495E-10 3.5994E-10 4.0807E-10 4.6104E-10 5.2318E-10 5.8571E-10 6.4493E-10 7.0431E-10 7.6652E-10 8.2997E-10 8.9683E-10 9.6972E-10 1.0487E-09 1.1305E-09 1.2162E-09 1.3368E-09 1.4580E-09 1.5721E-09 1.6911E-09 1.8185E-09 1.9627E-09 2.1230E-09 2.2881E-09 2.4616E-09 2.6458E-09 2.8473E-09 3.0579E-09
0.0000E+00 0.0000E+00 0.0000E+00 0.0000E+00 0.0000E+00 0.0000E+00 0.0000E+00 0.0000E+00 0.0000E+00 0.0000E+00 0.0000E+00 0.0000E+00 3.6153E-13 1.7487E-12 3.5928E-12 6.5855E-12 9.4404E-12 1.3641E-11 2.0138E-11 3.1878E-11 4.5218E-11 5.7205E-11 7.0263E-11 8.4647E-11 1.0241E-10 1.2323E-10 1.4685E-10 1.7167E-10 1.9800E-10 2.2757E-10 2.6070E-10 2.9905E-10 3.3988E-10 3.8516E-10 4.3747E-10 4.8956E-10 5.3887E-10 5.8885E-10 6.4011E-10 6.9184E-10 7.4507E-10 8.0319E-10 8.6574E-10 9.3452E-10 1.0029E-09 1.1051E-09 1.2046E-09 1.2963E-09 1.3978E-09 1.5001E-09 1.6115E-09 1.7383E-09 1.8727E-09 2.0009E-09 2.1381E-09 2.2931E-09 2.4611E-09
0.0000E+00 0.0000E+00 0.0000E+00 0.0000E+00 0.0000E+00 0.0000E+00 0.0000E+00 0.0000E+00 0.0000E+00 0.0000E+00 0.0000E+00 0.0000E+00 0.0000E+00 6.7798E-13 2.1330E-12 4.3374E-12 7.6011E-12 1.0611E-11 1.5005E-11 2.2746E-11 3.3987E-11 4.6529E-11 5.8845E-11 7.1778E-11 8.5681E-11 1.0214E-10 1.1991E-10 1.3975E-10 1.6220E-10 1.8650E-10 2.1344E-10 2.4538E-10 2.7978E-10 3.1749E-10 3.6204E-10 4.0400E-10 4.4497E-10 4.8746E-10 5.2873E-10 5.7112E-10 6.1442E-10 6.5818E-10 7.0694E-10 7.5844E-10 8.1103E-10 8.9883E-10 9.7492E-10 1.0541E-09 1.1349E-09 1.2247E-09 1.3096E-09 1.4026E-09 1.5030E-09 1.6007E-09 1.6993E-09 1.8131E-09 1.9413E-09
0.0000E+00 0.0000E+00 0.0000E+00 0.0000E+00 0.0000E+00 0.0000E+00 0.0000E+00 0.0000E+00 0.0000E+00 0.0000E+00 0.0000E+00 0.0000E+00 0.0000E+00 3.3668E-14 9.8156E-13 2.4807E-12 5.0064E-12 8.1726E-12 1.1521E-11 1.6400E-11 2.4390E-11 3.5156E-11 4.7034E-11 5.9561E-11 7.2202E-11 8.5641E-11 1.0039E-10 1.1581E-10 1.3318E-10 1.5173E-10 1.7258E-10 1.9898E-10 2.2650E-10 2.5634E-10 2.9124E-10 3.2708E-10 3.6344E-10 3.9749E-10 4.3280E-10 4.6752E-10 5.0270E-10 5.3793E-10 5.7327E-10 6.1342E-10 6.4872E-10 7.1725E-10 7.8661E-10 8.4232E-10 9.0846E-10 9.7718E-10 1.0510E-09 1.1174E-09 1.1849E-09 1.2513E-09 1.3301E-09 1.4098E-09 1.5022E-09
0.0000E+00 0.0000E+00 0.0000E+00 0.0000E+00 0.0000E+00 0.0000E+00 0.0000E+00 0.0000E+00 0.0000E+00 0.0000E+00 0.0000E+00 0.0000E+00 0.0000E+00 0.0000E+00 2.2718E-13 1.3476E-12 2.7708E-12 5.5580E-12 8.6306E-12 1.2230E-11 1.7374E-11 2.5114E-11 3.5746E-11 4.6745E-11 5.9352E-11 7.1666E-11 8.3934E-11 9.6909E-11 1.1050E-10 1.2515E-10 1.4114E-10 1.6001E-10 1.8122E-10 2.0354E-10 2.3424E-10 2.6024E-10 2.8578E-10 3.1269E-10 3.4061E-10 3.6901E-10 3.9586E-10 4.2229E-10 4.4851E-10 4.8956E-10 5.2181E-10 5.6641E-10 6.1930E-10 6.6412E-10 7.1123E-10 7.6942E-10 8.2321E-10 8.7662E-10 9.1935E-10 9.6505E-10 1.0168E-09 1.0646E-09 1.1429E-09
0.0000E+00 0.0000E+00 0.0000E+00 0.0000E+00 0.0000E+00 0.0000E+00 0.0000E+00 0.0000E+00 0.0000E+00 0.0000E+00 0.0000E+00 0.0000E+00 0.0000E+00 0.0000E+00 0.0000E+00 3.9289E-13 1.6372E-12 3.1367E-12 5.9543E-12 8.9495E-12 1.2715E-11 1.7683E-11 2.5176E-11 3.5227E-11 4.5937E-11 5.8051E-11 6.9389E-11 8.0786E-11 9.2160E-11 1.0358E-10 1.1612E-10 1.2936E-10 1.4365E-10 1.6028E-10 1.8115E-10 1.9971E-10 2.1862E-10 2.4348E-10 2.6541E-10 2.8645E-10 3.0734E-10 3.2717E-10 3.5869E-10 3.7858E-10 3.9774E-10 4.3081E-10 4.6605E-10 4.9797E-10 5.3088E-10 5.6556E-10 6.0676E-10 6.5670E-10 6.8030E-10 7.1697E-10 7.5286E-10 7.9714E-10 8.4444E-10
0.0000E+00 0.0000E+00 0.0000E+00 0.0000E+00 0.0000E+00 0.0000E+00 0.0000E+00 0.0000E+00 0.0000E+00 0.0000E+00 0.0000E+00 0.0000E+00 0.0000E+00 0.0000E+00 0.0000E+00 0.0000E+00 5.1822E-13 1.7420E-12 3.3809E-12 6.2148E-12 9.1552E-12 1.2939E-11 1.7681E-11 2.4588E-11 3.3972E-11 4.3800E-11 5.5117E-11 6.5547E-11 7.6094E-11 8.6143E-11 9.5780E-11 1.0589E-10 1.1651E-10 1.2849E-10 1.4126E-10 1.5440E-10 1.7041E-10 1.8586E-10 2.0154E-10 2.1767E-10 2.3276E-10 2.5852E-10 2.7408E-10 2.8828E-10 3.0178E-10 3.2698E-10 3.4620E-10 3.7033E-10 3.8662E-10 4.0961E-10 4.4743E-10 4.6550E-10 4.8704E-10 5.0849E-10 5.3494E-10 5.7460E-10 6.1041E-10
0.0000E+00 0.0000E+00 0.0000E+00 0.0000E+00 0.0000E+00 0.0000E+00 0.0000E+00 0.0000E+00 0.0000E+00 0.0000E+00 0.0000E+00 0.0000E+00 0.0000E+00 0.0000E+00 0.0000E+00 0.0000E+00 0.0000E+00 5.9228E-13 1.7728E-12 3.4732E-12 6.2349E-12 9.2206E-12 1.2879E-11 1.7409E-11 2.3508E-11 3.1721E-11 4.0579E-11 5.0614E-11 6.0290E-11 6.9538E-11 7.8806E-11 8.6985E-11 9.5111E-11 1.0340E-10 1.1218E-10 1.2234E-10 1.3317E-10 1.4408E-10 1.5744E-10 1.6832E-10 1.7932E-10 1.9414E-10 2.0494E-10 2.1459E-10 2.2700E-10 2.4378E-10 2.5586E-10 2.6471E-10 2.8076E-10 3.0347E-10 3.2300E-10 3.1888E-10 3.1959E-10 3.4230E-10 3.5938E-10 3.8763E-10 4.1091E-10
0.0000E+00 0.0000E+00 0.0000E+00 0.0000E+00 0.0000E+00 0.0000E+00 0.0000E+00 0.0000E+00 0.0000E+00 0.0000E+00 0.0000E+00 0.0000E+00 0.0000E+00 0.0000E+00 0.0000E+00 0.0000E+00 0.0000E+00 0.0000E+00 6.0668E-13 1.7234E-12 3.3984E-12 5.9767E-12 9.0554E-12 1.2527E-11 1.6626E-11 2.1736E-11 2.8556E-11 3.6423E-11 4.5029E-11 5.3871E-11 6.2065E-11 6.9851E-11 7.6858E-11 8.3783E-11 9.0012E-11 9.6617E-11 1.0411E-10 1.1073E-10 1.2066E-10 1.2788E-10 1.3728E-10 1.4882E-10 1.5621E-10 1.6226E-10 1.7499E-10 1.8563E-10 1.9162E-10 2.0716E-10 2.1304E-10 2.1648E-10 2.1700E-10 2.1586E-10 2.2349E-10 2.3220E-10 2.3699E-10 2.5001E-10 2.6158E-10
0.0000E+00 0.0000E+00 0.0000E+00 0.0000E+00 0.0000E+00 0.0000E+00 0.0000E+00 0.0000E+00 0.0000E+00 0.0000E+00 0.0000E+00 0.0000E+00 0.0000E+00 0.0000E+00 0.0000E+00 0.0000E+00 0.0000E+00 0.0000E+00 0.0000E+00 5.5636E-13 1.5929E-12 3.1511E-12 5.5209E-12 8.5498E-12 1.1447E-11 1.5105E-11 1.9536E-11 2.4917E-11 3.1706E-11 3.8707E-11 4.6584E-11 5.3266E-11 6.0518E-11 6.6136E-11 7.1003E-11 7.6208E-11 8.1405E-11 8.7205E-11 9.2356E-11 9.6573E-11 1.0276E-10 1.0969E-10 1.1341E-10 1.2231E-10 1.2968E-10 1.3478E-10 1.4029E-10 1.5107E-10 1.4890E-10 1.3870E-10 1.5098E-10 1.4813E-10 1.4616E-10 1.4923E-10 1.6018E-10 1.6794E-10 1.7160E-10
0.0000E+00 0.0000E+00 0.0000E+00 0.0000E+00 0.0000E+00 0.0000E+00 0.0000E+00 0.0000E+00 0.0000E+00 0.0000E+00 0.0000E+00 0.0000E+00 0.0000E+00 0.0000E+00 0.0000E+00 0.0000E+00 0.0000E+00 0.0000E+00 0.0000E+00 0.0000E+00 4.4019E-13 1.4455E-12 2.7370E-12 4.7916E-12 6.2371E-12 8.7994E-12 1.0621E-11 1.3492E-11 1.6674E-11 2.0895E-11 2.5910E-11 3.0494E-11 3.5714E-11 3.9586E-11 4.3112E-11 4.7140E-11 5.0575E-11 5.3322E-11 5.5912E-11 5.8429E-11 6.3384E-11 6.5867E-11 6.7990E-11 7.2608E-11 7.7794E-11 7.9251E-11 8.6753E-11 9.2616E-11 8.7177E-11 9.0669E-11 9.0075E-11 8.7092E-11 8.5967E-11 9.1089E-11 9.6305E-11 9.9547E-11 1.0475E-10
0.0000E+00 0.0000E+00 0.0000E+00 0.0000E+00 0.0000E+00 0.0000E+00 0.0000E+00 0.0000E+00 0.0000E+00 0.0000E+00 0.0000E+00 0.0000E+00 0.0000E+00 0.0000E+00 0.0000E+00 0.0000E+00 0.0000E+00 0.0000E+00 0.0000E+00 0.0000E+00 0.0000E+00 2.6146E-13 1.2093E-12 1.6798E-12 2.7288E-12 3.4968E-12 4.5561E-12 5.7016E-12 6.7216E-12 8.5414E-12 1.0319E-11 1.3090E-11 1.5817E-11 1.7840E-11 2.0448E-11 2.3357E-11 2.5391E-11 2.6926E-11 2.8822E-11 3.0945E-11 3.2784E-11 3.4181E-11 3.5033E-11 3.8613E-11 3.9378E-11 4.2900E-11 4.3547E-11 4.3817E-11 4.3675E-11 5.0414E-11 4.9324E-11 4.8520E-11 5.3819E-11 5.3623E-11 5.2120E-11 5.6545E-11 6.2238E-11
0.0000E+00 0.0000E+00 0.0000E+00 0.0000E+00 0.0000E+00 0.0000E+00 0.0000E+00 0.0000E+00 0.0000E+00 0.0000E+00 0.0000E+00 0.0000E+00 0.0000E+00 0.0000E+00 0.0000E+00 0.0000E+00 0.0000E+00 0.0000E+00 0.0000E+00 0.0000E+00 0.0000E+00 0.0000E+00 0.0000E+00 8.5574E-13 1.3221E-12 2.1974E-12 2.9171E-12 3.7804E-12 4.7623E-12 5.3785E-12 6.8722E-12 8.0308E-12 1.0250E-11 1.1956E-11 1.3852E-11 1.5711E-11 1.6882E-11 1.8501E-11 2.0753E-11 2.2593E-11 2.3854E-11 2.4550E-11 2.5109E-11 2.5517E-11 2.5759E-11 2.5827E-11 2.8828E-11 2.5416E-11 2.8255E-11 2.7623E-11 2.5382E-11 2.4477E-11 2.1198E-11 2.0064E-11 1.8973E-11 2.8396E-11 2.7576E-11
0.0000E+00 0.0000E+00 0.0000E+00 0.0000E+00 0.0000E+00 0.0000E+00 0.0000E+00 0.0000E+00 0.0000E+00 0.0000E+00 0.0000E+00 0.0000E+00 0.0000E+00 0.0000E+00 0.0000E+00 0.0000E+00 0.0000E+00 0.0000E+00 0.0000E+00 0.0000E+00 0.0000E+00 0.0000E+00 0.0000E+00 0.0000E+00 0.0000E+00 0.0000E+00 0.0000E+00 0.0000E+00 0.0000E+00 0.0000E+00 0.0000E+00 0.0000E+00 0.0000E+00 1.6716E-13 8.0627E-13 1.3292E-12 1.6878E-12 2.7488E-12 3.9073E-12 4.4391E-12 4.6578E-12 4.8975E-12 5.3159E-12 5.6944E-12 6.1392E-12 6.4388E-12 6.5449E-12 6.4030E-12 6.1877E-12 5.8268E-12 5.2258E-12 8.1494E-12 8.1518E-12 8.1083E-12 8.0192E-12 1.3776E-11 1.2568E-11
0.0000E+00 0.0000E+00 0.0000E+00 0.0000E+00 0.0000E+00 0.0000E+00 0.0000E+00 0.0000E+00 0.0000E+00 0.0000E+00 0.0000E+00 0.0000E+00 0.0000E+00 0.0000E+00 0.0000E+00 0.0000E+00 0.0000E+00 0.0000E+00 0.0000E+00 0.0000E+00 0.0000E+00 0.0000E+00 0.0000E+00 0.0000E+00 0.0000E+00 0.0000E+00 0.0000E+00 0.0000E+00 0.0000E+00 0.0000E+00 0.0000E+00 0.0000E+00 0.0000E+00 0.0000E+00 0.0000E+00 0.0000E+00 2.8426E-13 8.6337E-13 1.2929E-12 1.3694E-12 1.5127E-12 1.9356E-12 2.6649E-12 3.3884E-12 3.7884E-12 4.0830E-12 4.2155E-12 4.2210E-12 4.1984E-12 4.0598E-12 3.5537E-12 2.7879E-12 2.4524E-12 1.5427E-12 4.1551E-12 4.1605E-12 4.1391E-12
0.0000E+00 0.0000E+00 0.0000E+00 0.0000E+00 0.0000E+00 0.0000E+00 0.0000E+00 0.0000E+00 0.0000E+00 0.0000E+00 0.0000E+00 0.0000E+00 0.0000E+00 0.0000E+00 0.0000E+00 0.0000E+00 0.0000E+00 0.0000E+00 0.0000E+00 0.0000E+00 0.0000E+00 0.0000E+00 0.0000E+00 0.0000E+00 0.0000E+00 0.0000E+00 0.0000E+00 0.0000E+00 0.0000E+00 0.0000E+00 0.0000E+00 0.0000E+00 0.0000E+00 0.0000E+00 0.0000E+00 0.0000E+00 0.0000E+00 0.0000E+00 0.0000E+00 0.0000E+00 3.2787E-13 7.6537E-13 1.2237E-12 1.2626E-12 1.2944E-12 1.3183E-12 1.3340E-12 1.3410E-12 1.3393E-12 1.3289E-12 1.3100E-12 1.2830E-12 1.2484E-12 1.2068E-12 1.1590E-12 6.0795E-14 0.0000E+00
0.0000E+00 0.0000E+00 0.0000E+00 0.0000E+00 0.0000E+00 0.0000E+00 0.0000E+00 0.0000E+00 0.0000E+00 0.0000E+00 0.0000E+00 0.0000E+00 0.0000E+00 0.0000E+00 0.0000E+00 0.0000E+00 0.0000E+00 0.0000E+00 0.0000E+00 0.0000E+00 0.0000E+00 0.0000E+00 0.0000E+00 0.0000E+00 0.0000E+00 0.0000E+00 0.0000E+00 0.0000E+00 0.0000E+00 0.0000E+00 0.0000E+00 0.0000E+00 0.0000E+00 0.0000E+00 0.0000E+00 0.0000E+00 0.0000E+00 0.0000E+00 0.0000E+00 0.0000E+00 0.0000E+00 0.0000E+00 0.0000E+00 0.0000E+00 0.0000E+00 0.0000E+00 0.0000E+00 0.0000E+00 0.0000E+00 0.0000E+00 0.0000E+00 0.0000E+00 0.0000E+00 0.0000E+00 0.0000E+00 0.0000E+00 0.0000E+00
0.0000E+00 0.0000E+00 0.0000E+00 0.0000E+00 0.0000E+00 0.0000E+00 0.0000E+00 0.0000E+00 0.0000E+00 0.0000E+00 0.0000E+00 0.0000E+00 0.0000E+00 0.0000E+00 0.0000E+00 0.0000E+00 0.0000E+00 0.0000E+00 0.0000E+00 0.0000E+00 0.0000E+00 0.0000E+00 0.0000E+00 0.0000E+00 0.0000E+00 0.0000E+00 0.0000E+00 0.0000E+00 0.0000E+00 0.0000E+00 0.0000E+00 0.0000E+00 0.0000E+00 0.0000E+00 0.0000E+00 0.0000E+00 0.0000E+00 0.0000E+00 0.0000E+00 0.0000E+00 0.0000E+00 0.0000E+00 0.0000E+00 0.0000E+00 0.0000E+00 0.0000E+00 0.0000E+00 0.0000E+00 0.0000E+00 0.0000E+00 0.0000E+00 0.0000E+00 0.0000E+00 0.0000E+00 0.0000E+00 0.0000E+00 0.0000E+00
0.0000E+00 0.0000E+00 0.0000E+00 0.0000E+00 0.0000E+00 0.0000E+00 0.0000E+00 0.0000E+00 0.0000E+00 0.0000E+00 0.0000E+00 0.0000E+00 0.0000E+00 0.0000E+00 0.0000E+00 0.0000E+00 0.0000E+00 0.0000E+00 0.0000E+00 0.0000E+00 0.0000E+00 0.0000E+00 0.0000E+00 0.0000E+00 0.0000E+00 0.0000E+00 0.0000E+00 0.0000E+00 0.0000E+00 0.0000E+00 0.0000E+00 0.0000E+00 0.0000E+00 0.0000E+00 0.0000E+00 0.0000E+00 0.0000E+00 0.0000E+00 0.0000E+00 0.0000E+00 0.0000E+00 0.0000E+00 0.0000E+00 0.0000E+00 0.0000E+00 0.0000E+00 0.0000E+00 0.0000E+00 0.0000E+00 0.0000E+00 0.0000E+00 0.0000E+00 0.0000E+00 0.0000E+00 0.0000E+00 0.0000E+00 0.0000E+00
0.0000E+00 0.0000E+00 0.0000E+00 0.0000E+00 0.0000E+00 0.0000E+00 0.0000E+00 0.0000E+00 0.0000E+00 0.0000E+00 0.0000E+00 0.0000E+00 0.0000E+00 0.0000E+00 0.0000E+00 0.0000E+00 0.0000E+00 0.0000E+00 0.0000E+00 0.0000E+00 0.0000E+00 0.0000E+00 0.0000E+00 0.0000E+00 0.0000E+00 0.0000E+00 0.0000E+00 0.0000E+00 0.0000E+00 0.0000E+00 0.0000E+00 0.0000E+00 0.0000E+00 0.0000E+00 0.0000E+00 0.0000E+00 0.0000E+00 0.0000E+00 0.0000E+00 0.0000E+00 0.0000E+00 0.0000E+00 0.0000E+00 0.0000E+00 0.0000E+00 0.0000E+00 0.0000E+00 0.0000E+00 0.0000E+00 0.0000E+00 0.0000E+00 0.0000E+00 0.0000E+00 0.0000E+00 0.0000E+00 0.0000E+00 0.0000E+00
