Assets/Resources/2015_m01_d04_1400(utc+0800)_l00_csi_1hr_conc.grd
DSAA
         159         159
     -79.000      79.000
     -79.000      79.000
  0.2006E-09  0.3950E-05
[rows 100 to 124 of 159, columns 0 to 56 of 159]
1.5130E-09 1.5642E-09 1.6143E-09 1.6696E-09 1.7226E-09 1.7769E-09 1.8331E-09 1.8906E-09 1.9484E-09 2.0079E-09 2.0683E-09 2.1295E-09 2.1914E-09 2.2552E-09 2.3199E-09 2.3867E-09 2.4533E-09 2.5189E-09 2.5822E-09 2.6430E-09 2.7007E-09 2.7578E-09 2.8129E-09 2.8669E-09 2.9194E-09 2.9707E-09 3.0207E-09 3.0690E-09 3.1161E-09 3.1631E-09 3.2100E-09 3.2533E-09 3.2949E-09 3.3345E-09 3.3727E-09 3.4093E-09 3.4433E-09 3.4758E-09 3.5061E-09 3.5338E-09 3.5593E-09 3.5823E-09 3.6030E-09 3.6215E-09 3.6375E-09 3.6491E-09 3.6608E-09 3.6681E-09 3.6731E-09 3.6787E-09 3.6797E-09 3.6797E-09 3.6751E-09 3.6710E-09 3.6659E-09 3.6566E-09 3.6509E-09
1.4617E-09 1.5101E-09 1.5569E-09 1.6077E-09 1.6605E-09 1.7118E-09 1.7639E-09 1.8172E-09 1.8716E-09 1.9271E-09 1.9832E-09 2.0390E-09 2.0966E-09 2.1542E-09 2.2116E-09 2.2693E-09 2.3267E-09 2.3837E-09 2.4405E-09 2.4966E-09 2.5519E-09 2.6063E-09 2.6601E-09 2.7132E-09 2.7654E-09 2.8165E-09 2.8662E-09 2.9152E-09 2.9629E-09 3.0093E-09 3.0544E-09 3.0978E-09 3.1397E-09 3.1800E-09 3.2183E-09 3.2545E-09 3.2886E-09 3.3203E-09 3.3500E-09 3.3777E-09 3.4033E-09 3.4270E-09 3.4462E-09 3.4656E-09 3.4807E-09 3.4959E-09 3.5067E-09 3.5181E-09 3.5249E-09 3.5280E-09 3.5318E-09 3.5335E-09 3.5341E-09 3.5326E-09 3.5300E-09 3.5260E-09 3.5231E-09
1.4101E-09 1.4585E-09 1.5049E-09 1.5504E-09 1.5996E-09 1.6498E-09 1.6984E-09 1.7486E-09 1.7997E-09 1.8507E-09 1.9030E-09 1.9563E-09 2.0098E-09 2.0636E-09 2.1178E-09 2.1717E-09 2.2256E-09 2.2790E-09 2.3324E-09 2.3852E-09 2.4373E-09 2.4889E-09 2.5401E-09 2.5906E-09 2.6401E-09 2.6888E-09 2.7365E-09 2.7831E-09 2.8287E-09 2.8730E-09 2.9161E-09 2.9579E-09 2.9983E-09 3.0370E-09 3.0739E-09 3.1090E-09 3.1421E-09 3.1737E-09 3.2033E-09 3.2289E-09 3.2548E-09 3.2764E-09 3.2987E-09 3.3166E-09 3.3350E-09 3.3490E-09 3.3636E-09 3.3718E-09 3.3810E-09 3.3882E-09 3.3912E-09 3.3979E-09 3.4004E-09 3.4014E-09 3.4036E-09 3.4020E-09 3.3984E-09
1.3645E-09 1.4071E-09 1.4537E-09 1.4963E-09 1.5421E-09 1.5891E-09 1.6350E-09 1.6841E-09 1.7313E-09 1.7798E-09 1.8287E-09 1.8783E-09 1.9281E-09 1.9789E-09 2.0293E-09 2.0798E-09 2.1307E-09 2.1811E-09 2.2316E-09 2.2791E-09 2.3285E-09 2.3750E-09 2.4236E-09 2.4714E-09 2.5234E-09 2.5694E-09 2.6147E-09 2.6591E-09 2.7025E-09 2.7450E-09 2.7863E-09 2.8265E-09 2.8655E-09 2.9006E-09 2.9364E-09 2.9707E-09 3.0008E-09 3.0318E-09 3.0588E-09 3.0867E-09 3.1130E-09 3.1350E-09 3.1578E-09 3.1763E-09 3.1933E-09 3.2082E-09 3.2222E-09 3.2341E-09 3.2449E-09 3.2563E-09 3.2636E-09 3.2694E-09 3.2764E-09 3.2794E-09 3.2836E-09 3.2834E-09 3.2843E-09
1.3171E-09 1.3577E-09 1.3972E-09 1.4402E-09 1.4810E-09 1.5226E-09 1.5693E-09 1.6173E-09 1.6640E-09 1.7093E-09 1.7548E-09 1.8012E-09 1.8481E-09 1.8954E-09 1.9425E-09 1.9902E-09 2.0376E-09 2.0830E-09 2.1308E-09 2.1781E-09 2.2250E-09 2.2689E-09 2.3148E-09 2.3599E-09 2.4016E-09 2.4453E-09 2.4884E-09 2.5279E-09 2.5694E-09 2.6100E-09 2.6525E-09 2.6941E-09 2.7316E-09 2.7679E-09 2.8027E-09 2.8363E-09 2.8658E-09 2.8967E-09 2.9259E-09 2.9538E-09 2.9773E-09 2.9998E-09 3.0232E-09 3.0400E-09 3.0603E-09 3.0769E-09 3.0941E-09 3.1073E-09 3.1214E-09 3.1317E-09 3.1430E-09 3.1505E-09 3.1564E-09 3.1630E-09 3.1688E-09 3.1728E-09 3.1756E-09
1.2755E-09 1.3145E-09 1.3515E-09 1.3918E-09 1.4332E-09 1.4730E-09 1.5134E-09 1.5539E-09 1.5955E-09 1.6379E-09 1.6809E-09 1.7240E-09 1.7681E-09 1.8119E-09 1.8559E-09 1.9003E-09 1.9450E-09 1.9926E-09 2.0371E-09 2.0815E-09 2.1230E-09 2.1670E-09 2.2103E-09 2.2529E-09 2.2952E-09 2.3371E-09 2.3786E-09 2.4194E-09 2.4593E-09 2.4984E-09 2.5365E-09 2.5737E-09 2.6098E-09 2.6447E-09 2.6783E-09 2.7109E-09 2.7423E-09 2.7725E-09 2.7993E-09 2.8270E-09 2.8514E-09 2.8766E-09 2.8980E-09 2.9202E-09 2.9384E-09 2.9577E-09 2.9733E-09 2.9899E-09 3.0027E-09 3.0167E-09 3.0267E-09 3.0371E-09 3.0469E-09 3.0546E-09 3.0614E-09 3.0679E-09 3.0732E-09
1.2363E-09 1.2728E-09 1.3086E-09 1.3466E-09 1.3854E-09 1.4228E-09 1.4633E-09 1.5023E-09 1.5418E-09 1.5815E-09 1.6216E-09 1.6625E-09 1.7039E-09 1.7456E-09 1.7877E-09 1.8295E-09 1.8714E-09 1.9112E-09 1.9532E-09 1.9952E-09 2.0345E-09 2.0757E-09 2.1142E-09 2.1550E-09 2.1979E-09 2.2405E-09 2.2802E-09 2.3214E-09 2.3596E-09 2.3946E-09 2.4311E-09 2.4667E-09 2.5013E-09 2.5350E-09 2.5655E-09 2.5973E-09 2.6283E-09 2.6557E-09 2.6845E-09 2.7121E-09 2.7360E-09 2.7611E-09 2.7823E-09 2.8047E-09 2.8235E-09 2.8435E-09 2.8622E-09 2.8771E-09 2.8931E-09 2.9070E-09 2.9204E-09 2.9318E-09 2.9421E-09 2.9522E-09 2.9612E-09 2.9691E-09 2.9758E-09
1.1954E-09 1.2284E-09 1.2623E-09 1.2969E-09 1.3316E-09 1.3667E-09 1.4064E-09 1.4468E-09 1.4842E-09 1.5242E-09 1.5624E-09 1.6008E-09 1.6376E-09 1.6769E-09 1.7165E-09 1.7560E-09 1.7959E-09 1.8357E-09 1.8733E-09 1.9132E-09 1.9529E-09 1.9925E-09 2.0295E-09 2.0683E-09 2.1065E-09 2.1416E-09 2.1789E-09 2.2156E-09 2.2491E-09 2.2847E-09 2.3196E-09 2.3593E-09 2.3929E-09 2.4257E-09 2.4578E-09 2.4891E-09 2.5193E-09 2.5487E-09 2.5744E-09 2.6016E-09 2.6278E-09 2.6501E-09 2.6739E-09 2.6966E-09 2.7180E-09 2.7383E-09 2.7574E-09 2.7744E-09 2.7902E-09 2.8057E-09 2.8191E-09 2.8324E-09 2.8445E-09 2.8557E-09 2.8659E-09 2.8749E-09 2.8830E-09
1.1613E-09 1.1933E-09 1.2253E-09 1.2585E-09 1.2922E-09 1.3258E-09 1.3599E-09 1.3944E-09 1.4294E-09 1.4647E-09 1.5007E-09 1.5372E-09 1.5740E-09 1.6111E-09 1.6485E-09 1.6860E-09 1.7237E-09 1.7614E-09 1.7993E-09 1.8365E-09 1.8737E-09 1.9108E-09 1.9479E-09 1.9848E-09 2.0216E-09 2.0581E-09 2.0944E-09 2.1300E-09 2.1650E-09 2.1993E-09 2.2328E-09 2.2657E-09 2.2978E-09 2.3293E-09 2.3601E-09 2.3903E-09 2.4197E-09 2.4483E-09 2.4760E-09 2.5027E-09 2.5284E-09 2.5531E-09 2.5768E-09 2.5994E-09 2.6203E-09 2.6407E-09 2.6593E-09 2.6775E-09 2.6938E-09 2.7098E-09 2.7248E-09 2.7387E-09 2.7519E-09 2.7641E-09 2.7754E-09 2.7852E-09 2.7949E-09
1.1284E-09 1.1590E-09 1.1896E-09 1.2213E-09 1.2536E-09 1.2857E-09 1.3189E-09 1.3519E-09 1.3853E-09 1.4191E-09 1.4532E-09 1.4875E-09 1.5222E-09 1.5573E-09 1.5928E-09 1.6285E-09 1.6644E-09 1.7003E-09 1.7363E-09 1.7723E-09 1.8082E-09 1.8439E-09 1.8790E-09 1.9139E-09 1.9485E-09 1.9829E-09 2.0169E-09 2.0504E-09 2.0836E-09 2.1163E-09 2.1485E-09 2.1802E-09 2.2114E-09 2.2421E-09 2.2723E-09 2.3017E-09 2.3306E-09 2.3588E-09 2.3860E-09 2.4124E-09 2.4371E-09 2.4615E-09 2.4849E-09 2.5066E-09 2.5280E-09 2.5478E-09 2.5672E-09 2.5856E-09 2.6032E-09 2.6196E-09 2.6352E-09 2.6501E-09 2.6642E-09 2.6770E-09 2.6896E-09 2.7007E-09 2.7108E-09
1.0971E-09 1.1259E-09 1.1553E-09 1.1856E-09 1.2163E-09 1.2471E-09 1.2789E-09 1.3110E-09 1.3430E-09 1.3752E-09 1.4078E-09 1.4406E-09 1.4737E-09 1.5070E-09 1.5404E-09 1.5740E-09 1.6077E-09 1.6416E-09 1.6757E-09 1.7093E-09 1.7436E-09 1.7777E-09 1.8126E-09 1.8465E-09 1.8800E-09 1.9130E-09 1.9455E-09 1.9777E-09 2.0095E-09 2.0409E-09 2.0720E-09 2.1025E-09 2.1327E-09 2.1624E-09 2.1916E-09 2.2195E-09 2.2475E-09 2.2747E-09 2.3004E-09 2.3260E-09 2.3499E-09 2.3738E-09 2.3969E-09 2.4192E-09 2.4406E-09 2.4610E-09 2.4806E-09 2.4993E-09 2.5172E-09 2.5344E-09 2.5509E-09 2.5662E-09 2.5807E-09 2.5951E-09 2.6079E-09 2.6206E-09 2.6317E-09
1.0657E-09 1.0940E-09 1.1227E-09 1.1513E-09 1.1802E-09 1.2101E-09 1.2405E-09 1.2707E-09 1.3017E-09 1.3331E-09 1.3636E-09 1.3949E-09 1.4265E-09 1.4583E-09 1.4896E-09 1.5216E-09 1.5538E-09 1.5861E-09 1.6175E-09 1.6498E-09 1.6819E-09 1.7140E-09 1.7460E-09 1.7779E-09 1.8098E-09 1.8415E-09 1.8731E-09 1.9045E-09 1.9355E-09 1.9661E-09 1.9962E-09 2.0259E-09 2.0551E-09 2.0838E-09 2.1120E-09 2.1396E-09 2.1668E-09 2.1932E-09 2.2190E-09 2.2440E-09 2.2683E-09 2.2919E-09 2.3148E-09 2.3370E-09 2.3584E-09 2.3791E-09 2.3990E-09 2.4183E-09 2.4362E-09 2.4540E-09 2.4707E-09 2.4872E-09 2.5024E-09 2.5168E-09 2.5311E-09 2.5434E-09 2.5560E-09
1.0362E-09 1.0628E-09 1.0897E-09 1.1171E-09 1.1448E-09 1.1729E-09 1.2013E-09 1.2307E-09 1.2604E-09 1.2903E-09 1.3201E-09 1.3507E-09 1.3809E-09 1.4114E-09 1.4419E-09 1.4726E-09 1.5034E-09 1.5342E-09 1.5650E-09 1.5959E-09 1.6266E-09 1.6573E-09 1.6879E-09 1.7183E-09 1.7486E-09 1.7786E-09 1.8085E-09 1.8381E-09 1.8675E-09 1.8966E-09 1.9255E-09 1.9541E-09 1.9824E-09 2.0103E-09 2.0379E-09 2.0650E-09 2.0916E-09 2.1176E-09 2.1430E-09 2.1677E-09 2.1919E-09 2.2154E-09 2.2382E-09 2.2605E-09 2.2819E-09 2.3021E-09 2.3223E-09 2.3411E-09 2.3599E-09 2.3776E-09 2.3954E-09 2.4118E-09 2.4283E-09 2.4428E-09 2.4570E-09 2.4706E-09 2.4826E-09
1.0084E-09 1.0339E-09 1.0598E-09 1.0861E-09 1.1127E-09 1.1396E-09 1.1669E-09 1.1945E-09 1.2223E-09 1.2510E-09 1.2800E-09 1.3091E-09 1.3382E-09 1.3679E-09 1.3971E-09 1.4265E-09 1.4559E-09 1.4854E-09 1.5149E-09 1.5445E-09 1.5739E-09 1.6033E-09 1.6326E-09 1.6618E-09 1.6909E-09 1.7198E-09 1.7485E-09 1.7771E-09 1.8054E-09 1.8335E-09 1.8615E-09 1.8892E-09 1.9166E-09 1.9437E-09 1.9705E-09 1.9968E-09 2.0227E-09 2.0480E-09 2.0727E-09 2.0970E-09 2.1206E-09 2.1432E-09 2.1658E-09 2.1872E-09 2.2087E-09 2.2288E-09 2.2491E-09 2.2681E-09 2.2873E-09 2.3054E-09 2.3231E-09 2.3400E-09 2.3562E-09 2.3717E-09 2.3865E-09 2.4006E-09 2.4142E-09
9.8096E-10 1.0061E-09 1.0310E-09 1.0563E-09 1.0818E-09 1.1077E-09 1.1339E-09 1.1603E-09 1.1870E-09 1.2140E-09 1.2412E-09 1.2690E-09 1.2971E-09 1.3253E-09 1.3537E-09 1.3825E-09 1.4107E-09 1.4383E-09 1.4666E-09 1.4949E-09 1.5226E-09 1.5508E-09 1.5789E-09 1.6063E-09 1.6342E-09 1.6633E-09 1.6910E-09 1.7192E-09 1.7466E-09 1.7738E-09 1.8008E-09 1.8277E-09 1.8543E-09 1.8800E-09 1.9060E-09 1.9316E-09 1.9568E-09 1.9808E-09 2.0050E-09 2.0288E-09 2.0516E-09 2.0744E-09 2.0968E-09 2.1181E-09 2.1394E-09 2.1596E-09 2.1800E-09 2.1993E-09 2.2182E-09 2.2367E-09 2.2545E-09 2.2716E-09 2.2882E-09 2.3043E-09 2.3197E-09 2.3341E-09 2.3482E-09
9.5219E-10 9.7571E-10 1.0012E-09 1.0265E-09 1.0511E-09 1.0759E-09 1.1011E-09 1.1265E-09 1.1521E-09 1.1780E-09 1.2041E-09 1.2304E-09 1.2568E-09 1.2835E-09 1.3101E-09 1.3375E-09 1.3650E-09 1.3926E-09 1.4195E-09 1.4467E-09 1.4739E-09 1.5010E-09 1.5274E-09 1.5544E-09 1.5813E-09 1.6074E-09 1.6341E-09 1.6607E-09 1.6864E-09 1.7127E-09 1.7389E-09 1.7656E-09 1.7922E-09 1.8178E-09 1.8431E-09 1.8680E-09 1.8926E-09 1.9166E-09 1.9405E-09 1.9639E-09 1.9869E-09 2.0088E-09 2.0310E-09 2.0522E-09 2.0728E-09 2.0931E-09 2.1136E-09 2.1331E-09 2.1527E-09 2.1713E-09 2.1893E-09 2.2068E-09 2.2234E-09 2.2402E-09 2.2552E-09 2.2707E-09 2.2853E-09
9.2648E-10 9.5052E-10 9.7349E-10 9.9676E-10 1.0203E-09 1.0442E-09 1.0683E-09 1.0926E-09 1.1172E-09 1.1420E-09 1.1671E-09 1.1923E-09 1.2183E-09 1.2438E-09 1.2695E-09 1.2953E-09 1.3212E-09 1.3475E-09 1.3729E-09 1.3995E-09 1.4262E-09 1.4521E-09 1.4782E-09 1.5042E-09 1.5296E-09 1.5554E-09 1.5824E-09 1.6087E-09 1.6344E-09 1.6599E-09 1.6853E-09 1.7106E-09 1.7356E-09 1.7605E-09 1.7851E-09 1.8093E-09 1.8327E-09 1.8563E-09 1.8796E-09 1.9021E-09 1.9248E-09 1.9472E-09 1.9686E-09 1.9901E-09 2.0112E-09 2.0308E-09 2.0511E-09 2.0701E-09 2.0894E-09 2.1083E-09 2.1263E-09 2.1437E-09 2.1611E-09 2.1770E-09 2.1941E-09 2.2099E-09 2.2244E-09
8.9807E-10 9.2329E-10 9.4794E-10 9.7036E-10 9.9304E-10 1.0160E-09 1.0392E-09 1.0626E-09 1.0863E-09 1.1102E-09 1.1343E-09 1.1585E-09 1.1824E-09 1.2070E-09 1.2317E-09 1.2565E-09 1.2809E-09 1.3059E-09 1.3309E-09 1.3555E-09 1.3800E-09 1.4053E-09 1.4298E-09 1.4548E-09 1.4805E-09 1.5048E-09 1.5303E-09 1.5564E-09 1.5817E-09 1.6058E-09 1.6305E-09 1.6549E-09 1.6806E-09 1.7048E-09 1.7294E-09 1.7530E-09 1.7764E-09 1.7995E-09 1.8219E-09 1.8438E-09 1.8660E-09 1.8874E-09 1.9084E-09 1.9296E-09 1.9495E-09 1.9698E-09 1.9897E-09 2.0091E-09 2.0281E-09 2.0469E-09 2.0660E-09 2.0845E-09 2.1008E-09 2.1184E-09 2.1346E-09 2.1507E-09 2.1671E-09
8.7170E-10 8.9522E-10 9.1946E-10 9.4171E-10 9.6425E-10 9.8631E-10 1.0086E-09 1.0311E-09 1.0539E-09 1.0774E-09 1.1005E-09 1.1239E-09 1.1474E-09 1.1705E-09 1.1938E-09 1.2177E-09 1.2417E-09 1.2658E-09 1.2890E-09 1.3124E-09 1.3367E-09 1.3593E-09 1.3820E-09 1.4063E-09 1.4295E-09 1.4520E-09 1.4754E-09 1.4984E-09 1.5209E-09 1.5442E-09 1.5669E-09 1.5924E-09 1.6201E-09 1.6467E-09 1.6708E-09 1.6944E-09 1.7173E-09 1.7399E-09 1.7624E-09 1.7847E-09 1.8060E-09 1.8279E-09 1.8482E-09 1.8692E-09 1.8898E-09 1.9097E-09 1.9303E-09 1.9504E-09 1.9693E-09 1.9885E-09 2.0068E-09 2.0256E-09 2.0435E-09 2.0616E-09 2.0793E-09 2.0956E-09 2.1124E-09
8.3980E-10 8.6146E-10 8.8284E-10 9.0590E-10 9.3007E-10 9.5322E-10 9.7503E-10 9.9780E-10 1.0201E-09 1.0427E-09 1.0649E-09 1.0879E-09 1.1105E-09 1.1333E-09 1.1554E-09 1.1785E-09 1.2009E-09 1.2237E-09 1.2458E-09 1.2692E-09 1.2919E-09 1.3147E-09 1.3369E-09 1.3599E-09 1.3819E-09 1.4046E-09 1.4276E-09 1.4494E-09 1.4720E-09 1.4953E-09 1.5176E-09 1.5389E-09 1.5618E-09 1.5837E-09 1.6053E-09 1.6277E-09 1.6500E-09 1.6740E-09 1.6989E-09 1.7218E-09 1.7447E-09 1.7665E-09 1.7882E-09 1.8097E-09 1.8311E-09 1.8517E-09 1.8729E-09 1.8930E-09 1.9129E-09 1.9325E-09 1.9526E-09 1.9716E-09 1.9911E-09 2.0094E-09 2.0273E-09 2.0457E-09 2.0635E-09
8.2155E-10 8.4075E-10 8.6021E-10 8.7992E-10 8.9988E-10 9.2007E-10 9.4050E-10 9.6115E-10 9.8202E-10 1.0038E-09 1.0258E-09 1.0480E-09 1.0704E-09 1.0923E-09 1.1143E-09 1.1372E-09 1.1596E-09 1.1820E-09 1.2046E-09 1.2264E-09 1.2491E-09 1.2719E-09 1.2940E-09 1.3169E-09 1.3397E-09 1.3618E-09 1.3839E-09 1.4067E-09 1.4295E-09 1.4522E-09 1.4740E-09 1.4965E-09 1.5188E-09 1.5410E-09 1.5631E-09 1.5851E-09 1.6070E-09 1.6288E-09 1.6506E-09 1.6723E-09 1.6939E-09 1.7155E-09 1.7369E-09 1.7583E-09 1.7797E-09 1.8010E-09 1.8222E-09 1.8431E-09 1.8638E-09 1.8843E-09 1.9045E-09 1.9244E-09 1.9440E-09 1.9633E-09 1.9822E-09 2.0006E-09 2.0186E-09
8.0385E-10 8.2247E-10 8.4134E-10 8.6046E-10 8.7980E-10 8.9938E-10 9.1918E-10 9.3919E-10 9.5941E-10 9.7983E-10 1.0004E-09 1.0212E-09 1.0422E-09 1.0633E-09 1.0846E-09 1.1061E-09 1.1277E-09 1.1494E-09 1.1712E-09 1.1931E-09 1.2151E-09 1.2372E-09 1.2593E-09 1.2815E-09 1.3037E-09 1.3259E-09 1.3481E-09 1.3703E-09 1.3925E-09 1.4146E-09 1.4366E-09 1.4586E-09 1.4804E-09 1.5020E-09 1.5237E-09 1.5453E-09 1.5668E-09 1.5883E-09 1.6098E-09 1.6312E-09 1.6526E-09 1.6739E-09 1.6952E-09 1.7165E-09 1.7378E-09 1.7590E-09 1.7800E-09 1.8008E-09 1.8215E-09 1.8419E-09 1.8621E-09 1.8820E-09 1.9016E-09 1.9208E-09 1.9398E-09 1.9582E-09 1.9762E-09
7.8668E-10 8.0475E-10 8.2306E-10 8.4160E-10 8.6036E-10 8.7935E-10 8.9854E-10 9.1795E-10 9.3755E-10 9.5734E-10 9.7732E-10 9.9748E-10 1.0178E-09 1.0383E-09 1.0589E-09 1.0797E-09 1.1006E-09 1.1217E-09 1.1428E-09 1.1641E-09 1.1854E-09 1.2069E-09 1.2284E-09 1.2499E-09 1.2715E-09 1.2931E-09 1.3147E-09 1.3363E-09 1.3579E-09 1.3794E-09 1.4009E-09 1.4223E-09 1.4436E-09 1.4648E-09 1.4860E-09 1.5073E-09 1.5285E-09 1.5497E-09 1.5709E-09 1.5921E-09 1.6132E-09 1.6344E-09 1.6555E-09 1.6767E-09 1.6978E-09 1.7188E-09 1.7397E-09 1.7605E-09 1.7810E-09 1.8013E-09 1.8215E-09 1.8413E-09 1.8609E-09 1.8802E-09 1.8991E-09 1.9175E-09 1.9355E-09
7.7003E-10 7.8758E-10 8.0535E-10 8.2334E-10 8.4155E-10 8.5997E-10 8.7859E-10 8.9742E-10 9.1643E-10 9.3563E-10 9.5501E-10 9.7456E-10 9.9427E-10 1.0141E-09 1.0342E-09 1.0543E-09 1.0746E-09 1.0951E-09 1.1156E-09 1.1362E-09 1.1570E-09 1.1778E-09 1.1987E-09 1.2196E-09 1.2406E-09 1.2616E-09 1.2827E-09 1.3037E-09 1.3248E-09 1.3458E-09 1.3667E-09 1.3876E-09 1.4084E-09 1.4293E-09 1.4502E-09 1.4710E-09 1.4920E-09 1.5129E-09 1.5338E-09 1.5547E-09 1.5757E-09 1.5966E-09 1.6176E-09 1.6387E-09 1.6597E-09 1.6805E-09 1.7013E-09 1.7219E-09 1.7423E-09 1.7626E-09 1.7826E-09 1.8024E-09 1.8219E-09 1.8411E-09 1.8600E-09 1.8784E-09 1.8963E-09
7.5278E-10 7.7094E-10 7.8821E-10 8.0568E-10 8.2336E-10 8.4124E-10 8.5931E-10 8.7758E-10 8.9604E-10 9.1467E-10 9.3348E-10 9.5245E-10 9.7159E-10 9.9088E-10 1.0103E-09 1.0299E-09 1.0496E-09 1.0694E-09 1.0894E-09 1.1095E-09 1.1296E-09 1.1498E-09 1.1702E-09 1.1906E-09 1.2110E-09 1.2315E-09 1.2520E-09 1.2725E-09 1.2930E-09 1.3136E-09 1.3340E-09 1.3544E-09 1.3749E-09 1.3954E-09 1.4159E-09 1.4365E-09 1.4571E-09 1.4778E-09 1.4984E-09 1.5191E-09 1.5399E-09 1.5607E-09 1.5815E-09 1.6024E-09 1.6232E-09 1.6439E-09 1.6645E-09 1.6849E-09 1.7053E-09 1.7254E-09 1.7453E-09 1.7650E-09 1.7845E-09 1.8036E-09 1.8224E-09 1.8407E-09 1.8586E-09
