Assets/Resources/2015_m01_d02_2000(utc+0800)_l00_csi_1hr_conc.grd
DSAA
         159         159
     -79.000      79.000
     -79.000      79.000
  0.0000E+00  0.2072E-04
[rows 25 to 49 of 159, columns 0 to 56 of 159]
6.3996E-11 7.5411E-11 8.8114E-11 1.0138E-10 1.1676E-10 1.4630E-10 1.7984E-10 2.1795E-10 2.6528E-10 3.1070E-10 3.6396E-10 4.2395E-10 4.9439E-10 5.6724E-10 6.4823E-10 7.3762E-10 8.3854E-10 9.4899E-10 1.0705E-09 1.2030E-09 1.3482E-09 1.5042E-09 1.6733E-09 1.8559E-09 2.0519E-09 2.2605E-09 2.4839E-09 2.7161E-09 2.9569E-09 3.1984E-09 3.4395E-09 3.6772E-09 3.9056E-09 4.1247E-09 4.3318E-09 4.5241E-09 4.7023E-09 4.8624E-09 5.0046E-09 5.1285E-09 5.2337E-09 5.3193E-09 5.3860E-09 5.4335E-09 5.4622E-09 5.4728E-09 5.4662E-09 5.4421E-09 5.4018E-09 5.3461E-09 5.2758E-09 5.1923E-09 5.0961E-09 4.9887E-09 4.8713E-09 4.7450E-09 4.6110E-09
6.6082E-11 7.8229E-11 9.0907E-11 1.0463E-10 1.2573E-10 1.5085E-10 1.8871E-10 2.3145E-10 2.7527E-10 3.2255E-10 3.7435E-10 4.3733E-10 5.0772E-10 5.8252E-10 6.6499E-10 7.5697E-10 8.5863E-10 9.7098E-10 1.0939E-09 1.2301E-09 1.3770E-09 1.5358E-09 1.7068E-09 1.8913E-09 2.0900E-09 2.3017E-09 2.5252E-09 2.7606E-09 3.0023E-09 3.2513E-09 3.4962E-09 3.7376E-09 3.9730E-09 4.1966E-09 4.4095E-09 4.6067E-09 4.7881E-09 4.9533E-09 5.1002E-09 5.2280E-09 5.3360E-09 5.4248E-09 5.4943E-09 5.5438E-09 5.5743E-09 5.5861E-09 5.5797E-09 5.5563E-09 5.5160E-09 5.4598E-09 5.3893E-09 5.3044E-09 5.2071E-09 5.0980E-09 4.9782E-09 4.8494E-09 4.7124E-09
6.8781E-11 8.0706E-11 9.3444E-11 1.1121E-10 1.3255E-10 1.5969E-10 1.9720E-10 2.4047E-10 2.8538E-10 3.3174E-10 3.8597E-10 4.4987E-10 5.2146E-10 5.9783E-10 6.8199E-10 7.7537E-10 8.7881E-10 9.9272E-10 1.1189E-09 1.2559E-09 1.4058E-09 1.5667E-09 1.7405E-09 1.9283E-09 2.1285E-09 2.3427E-09 2.5675E-09 2.8046E-09 3.0512E-09 3.3006E-09 3.5512E-09 3.7970E-09 4.0366E-09 4.2654E-09 4.4816E-09 4.6849E-09 4.8713E-09 5.0401E-09 5.1904E-09 5.3224E-09 5.4338E-09 5.5253E-09 5.5966E-09 5.6482E-09 5.6802E-09 5.6936E-09 5.6881E-09 5.6649E-09 5.6248E-09 5.5684E-09 5.4965E-09 5.4109E-09 5.3116E-09 5.2009E-09 5.0795E-09 4.9482E-09 4.8082E-09
7.0744E-11 8.2897E-11 9.7090E-11 1.1823E-10 1.4227E-10 1.6832E-10 2.0356E-10 2.4873E-10 2.9263E-10 3.4219E-10 3.9747E-10 4.6159E-10 5.3634E-10 6.1310E-10 6.9885E-10 7.9460E-10 8.9976E-10 1.0163E-09 1.1427E-09 1.2826E-09 1.4339E-09 1.5978E-09 1.7760E-09 1.9646E-09 2.1682E-09 2.3828E-09 2.6116E-09 2.8502E-09 3.0982E-09 3.3525E-09 3.6062E-09 3.8568E-09 4.1014E-09 4.3369E-09 4.5585E-09 4.7657E-09 4.9577E-09 5.1312E-09 5.2862E-09 5.4215E-09 5.5369E-09 5.6325E-09 5.7070E-09 5.7611E-09 5.7950E-09 5.8092E-09 5.8049E-09 5.7821E-09 5.7418E-09 5.6860E-09 5.6147E-09 5.5283E-09 5.4277E-09 5.3144E-09 5.1906E-09 5.0561E-09 4.9129E-09
7.2651E-11 8.4714E-11 1.0369E-10 1.2665E-10 1.5118E-10 1.7840E-10 2.1225E-10 2.5380E-10 3.0205E-10 3.5066E-10 4.0785E-10 4.7592E-10 5.5065E-10 6.2842E-10 7.1631E-10 8.1315E-10 9.2072E-10 1.0383E-09 1.1675E-09 1.3093E-09 1.4622E-09 1.6306E-09 1.8101E-09 2.0030E-09 2.2075E-09 2.4260E-09 2.6566E-09 2.8966E-09 3.1467E-09 3.4021E-09 3.6603E-09 3.9153E-09 4.1642E-09 4.4030E-09 4.6304E-09 4.8427E-09 5.0387E-09 5.2169E-09 5.3771E-09 5.5166E-09 5.6356E-09 5.7338E-09 5.8111E-09 5.8675E-09 5.9033E-09 5.9190E-09 5.9158E-09 5.8949E-09 5.8549E-09 5.7977E-09 5.7251E-09 5.6369E-09 5.5351E-09 5.4207E-09 5.2941E-09 5.1576E-09 5.0115E-09
7.4370E-11 8.8768E-11 1.1077E-10 1.3507E-10 1.6107E-10 1.8505E-10 2.1657E-10 2.5935E-10 3.1016E-10 3.6146E-10 4.1847E-10 4.8796E-10 5.6366E-10 6.4426E-10 7.3318E-10 8.3229E-10 9.4092E-10 1.0606E-09 1.1925E-09 1.3358E-09 1.4931E-09 1.6624E-09 1.8458E-09 2.0403E-09 2.2489E-09 2.4698E-09 2.7022E-09 2.9448E-09 3.1952E-09 3.4541E-09 3.7144E-09 3.9737E-09 4.2270E-09 4.4710E-09 4.7028E-09 4.9209E-09 5.1225E-09 5.3058E-09 5.4698E-09 5.6138E-09 5.7369E-09 5.8388E-09 5.9193E-09 5.9785E-09 6.0183E-09 6.0359E-09 6.0335E-09 6.0118E-09 5.9725E-09 5.9165E-09 5.8429E-09 5.7542E-09 5.6511E-09 5.5354E-09 5.4064E-09 5.2663E-09 5.1171E-09
7.5812E-11 9.4922E-11 1.1831E-10 1.4419E-10 1.6679E-10 1.9168E-10 2.2318E-10 2.6597E-10 3.1719E-10 3.7080E-10 4.3054E-10 5.0121E-10 5.7871E-10 6.6018E-10 7.5057E-10 8.5144E-10 9.6132E-10 1.0838E-09 1.2172E-09 1.3648E-09 1.5231E-09 1.6962E-09 1.8809E-09 2.0801E-09 2.2910E-09 2.5144E-09 2.7482E-09 2.9928E-09 3.2459E-09 3.5052E-09 3.7687E-09 4.0311E-09 4.2881E-09 4.5373E-09 4.7743E-09 4.9969E-09 5.2032E-09 5.3914E-09 5.5602E-09 5.7085E-09 5.8357E-09 5.9413E-09 6.0267E-09 6.0888E-09 6.1293E-09 6.1488E-09 6.1494E-09 6.1285E-09 6.0886E-09 6.0328E-09 5.9588E-09 5.8682E-09 5.7640E-09 5.6452E-09 5.5144E-09 5.3714E-09 5.2184E-09
7.9153E-11 1.0158E-10 1.2654E-10 1.4926E-10 1.7238E-10 1.9830E-10 2.2795E-10 2.7020E-10 3.2364E-10 3.8084E-10 4.4060E-10 5.1371E-10 5.9195E-10 6.7499E-10 7.6786E-10 8.6995E-10 9.8345E-10 1.1065E-09 1.2440E-09 1.3931E-09 1.5552E-09 1.7296E-09 1.9188E-09 2.1209E-09 2.3342E-09 2.5594E-09 2.7966E-09 3.0422E-09 3.2975E-09 3.5588E-09 3.8234E-09 4.0880E-09 4.3496E-09 4.6025E-09 4.8442E-09 5.0719E-09 5.2832E-09 5.4764E-09 5.6499E-09 5.8027E-09 5.9358E-09 6.0453E-09 6.1327E-09 6.1994E-09 6.2427E-09 6.2641E-09 6.2646E-09 6.2464E-09 6.2085E-09 6.1510E-09 6.0764E-09 5.9852E-09 5.8791E-09 5.7592E-09 5.6249E-09 5.4794E-09 5.3230E-09
8.4529E-11 1.0868E-10 1.3254E-10 1.5392E-10 1.7799E-10 2.0534E-10 2.3582E-10 2.7583E-10 3.2809E-10 3.8944E-10 4.5135E-10 5.2588E-10 6.0590E-10 6.9124E-10 7.8443E-10 8.8938E-10 1.0042E-09 1.1309E-09 1.2712E-09 1.4226E-09 1.5875E-09 1.7656E-09 1.9579E-09 2.1611E-09 2.3769E-09 2.6057E-09 2.8444E-09 3.0931E-09 3.3498E-09 3.6119E-09 3.8791E-09 4.1463E-09 4.4103E-09 4.6672E-09 4.9134E-09 5.1460E-09 5.3623E-09 5.5606E-09 5.7391E-09 5.8983E-09 6.0341E-09 6.1496E-09 6.2407E-09 6.3092E-09 6.3556E-09 6.3828E-09 6.3852E-09 6.3667E-09 6.3289E-09 6.2719E-09 6.1960E-09 6.1043E-09 5.9963E-09 5.8731E-09 5.7388E-09 5.5906E-09 5.4320E-09
9.0902E-11 1.1566E-10 1.3647E-10 1.5860E-10 1.8361E-10 2.1213E-10 2.4373E-10 2.8268E-10 3.3496E-10 3.9907E-10 4.6308E-10 5.3732E-10 6.1969E-10 7.0597E-10 8.0190E-10 9.0883E-10 1.0252E-09 1.1563E-09 1.2978E-09 1.4528E-09 1.6213E-09 1.8031E-09 1.9968E-09 2.2021E-09 2.4221E-09 2.6519E-09 2.8930E-09 3.1446E-09 3.4024E-09 3.6674E-09 3.9353E-09 4.2046E-09 4.4715E-09 4.7320E-09 4.9825E-09 5.2198E-09 5.4412E-09 5.6461E-09 5.8297E-09 5.9940E-09 6.1348E-09 6.2529E-09 6.3493E-09 6.4240E-09 6.4733E-09 6.5000E-09 6.5063E-09 6.4907E-09 6.4537E-09 6.3963E-09 6.3200E-09 6.2294E-09 6.1211E-09 5.9959E-09 5.8574E-09 5.7059E-09 5.5429E-09
9.7721E-11 1.2013E-10 1.4032E-10 1.6332E-10 1.8952E-10 2.1882E-10 2.5170E-10 2.8888E-10 3.3991E-10 4.0761E-10 4.7431E-10 5.4909E-10 6.3337E-10 7.2064E-10 8.1926E-10 9.2749E-10 1.0485E-09 1.1811E-09 1.3256E-09 1.4842E-09 1.6558E-09 1.8395E-09 2.0352E-09 2.2457E-09 2.4664E-09 2.6996E-09 2.9432E-09 3.1960E-09 3.4573E-09 3.7234E-09 3.9932E-09 4.2643E-09 4.5336E-09 4.7974E-09 5.0519E-09 5.2936E-09 5.5217E-09 5.7302E-09 5.9208E-09 6.0886E-09 6.2361E-09 6.3607E-09 6.4606E-09 6.5368E-09 6.5936E-09 6.6234E-09 6.6305E-09 6.6160E-09 6.5822E-09 6.5261E-09 6.4499E-09 6.3554E-09 6.2437E-09 6.1187E-09 5.9781E-09 5.8244E-09 5.6586E-09
1.0385E-10 1.2333E-10 1.4425E-10 1.6801E-10 1.9516E-10 2.2553E-10 2.5983E-10 2.9822E-10 3.4691E-10 4.1031E-10 4.8401E-10 5.6053E-10 6.4576E-10 7.3589E-10 8.3562E-10 9.4786E-10 1.0705E-09 1.2066E-09 1.3543E-09 1.5164E-09 1.6894E-09 1.8765E-09 2.0764E-09 2.2889E-09 2.5127E-09 2.7479E-09 2.9940E-09 3.2490E-09 3.5115E-09 3.7811E-09 4.0529E-09 4.3258E-09 4.5972E-09 4.8637E-09 5.1225E-09 5.3694E-09 5.6024E-09 5.8162E-09 6.0104E-09 6.1863E-09 6.3383E-09 6.4666E-09 6.5747E-09 6.6554E-09 6.7123E-09 6.7473E-09 6.7591E-09 6.7463E-09 6.7115E-09 6.6555E-09 6.5828E-09 6.4886E-09 6.3762E-09 6.2471E-09 6.1044E-09 5.9475E-09 5.7805E-09
1.0734E-10 1.2639E-10 1.4811E-10 1.7234E-10 2.0064E-10 2.3210E-10 2.6768E-10 3.0740E-10 3.5282E-10 4.1723E-10 4.9423E-10 5.7101E-10 6.5863E-10 7.5087E-10 8.5272E-10 9.6725E-10 1.0935E-09 1.2319E-09 1.3830E-09 1.5472E-09 1.7240E-09 1.9138E-09 2.1169E-09 2.3319E-09 2.5595E-09 2.7972E-09 3.0452E-09 3.3025E-09 3.5679E-09 3.8388E-09 4.1134E-09 4.3891E-09 4.6623E-09 4.9325E-09 5.1941E-09 5.4459E-09 5.6817E-09 5.9025E-09 6.1042E-09 6.2830E-09 6.4434E-09 6.5770E-09 6.6864E-09 6.7739E-09 6.8348E-09 6.8737E-09 6.8869E-09 6.8790E-09 6.8478E-09 6.7933E-09 6.7179E-09 6.6227E-09 6.5105E-09 6.3833E-09 6.2373E-09 6.0785E-09 5.9056E-09
1.0938E-10 1.2948E-10 1.5174E-10 1.7630E-10 2.0594E-10 2.3847E-10 2.7525E-10 3.1631E-10 3.6213E-10 4.1962E-10 5.0237E-10 5.8287E-10 6.7100E-10 7.6459E-10 8.6974E-10 9.8673E-10 1.1160E-09 1.2562E-09 1.4118E-09 1.5780E-09 1.7590E-09 1.9511E-09 2.1569E-09 2.3759E-09 2.6055E-09 2.8470E-09 3.0971E-09 3.3571E-09 3.6242E-09 3.8979E-09 4.1755E-09 4.4532E-09 4.7306E-09 5.0019E-09 5.2678E-09 5.5219E-09 5.7634E-09 5.9892E-09 6.1967E-09 6.3834E-09 6.5458E-09 6.6866E-09 6.8016E-09 6.8938E-09 6.9616E-09 7.0027E-09 7.0215E-09 7.0143E-09 6.9837E-09 6.9324E-09 6.8608E-09 6.7662E-09 6.6522E-09 6.5206E-09 6.3728E-09 6.2117E-09 6.0376E-09
1.1123E-10 1.3242E-10 1.5491E-10 1.8001E-10 2.1110E-10 2.4412E-10 2.8256E-10 3.2496E-10 3.7179E-10 4.2594E-10 5.0726E-10 5.9510E-10 6.8418E-10 7.7892E-10 8.8542E-10 1.0061E-09 1.1372E-09 1.2812E-09 1.4390E-09 1.6090E-09 1.7913E-09 1.9892E-09 2.1974E-09 2.4191E-09 2.6521E-09 2.8953E-09 3.1494E-09 3.4123E-09 3.6827E-09 3.9581E-09 4.2371E-09 4.5192E-09 4.7990E-09 5.0743E-09 5.3427E-09 5.5997E-09 5.8478E-09 6.0782E-09 6.2896E-09 6.4821E-09 6.6505E-09 6.7960E-09 6.9199E-09 7.0156E-09 7.0885E-09 7.1340E-09 7.1547E-09 7.1529E-09 7.1278E-09 7.0769E-09 7.0039E-09 6.9105E-09 6.8005E-09 6.6685E-09 6.5189E-09 6.3536E-09 6.1752E-09
1.1287E-10 1.3498E-10 1.5768E-10 1.8340E-10 2.1579E-10 2.4935E-10 2.8944E-10 3.3295E-10 3.8089E-10 4.3422E-10 5.0985E-10 6.0404E-10 6.9558E-10 7.9257E-10 9.0119E-10 1.0244E-09 1.1590E-09 1.3036E-09 1.4651E-09 1.6381E-09 1.8254E-09 2.0241E-09 2.2374E-09 2.4611E-09 2.6966E-09 2.9448E-09 3.2015E-09 3.4675E-09 3.7400E-09 4.0188E-09 4.3022E-09 4.5860E-09 4.8688E-09 5.1469E-09 5.4174E-09 5.6813E-09 5.9314E-09 6.1650E-09 6.3831E-09 6.5793E-09 6.7575E-09 6.9088E-09 7.0372E-09 7.1389E-09 7.2149E-09 7.2676E-09 7.2926E-09 7.2953E-09 7.2724E-09 7.2270E-09 7.1569E-09 7.0640E-09 6.9504E-09 6.8173E-09 6.6713E-09 6.5051E-09 6.3227E-09
1.1425E-10 1.3709E-10 1.6014E-10 1.8642E-10 2.1973E-10 2.5412E-10 2.9581E-10 3.4007E-10 3.8934E-10 4.4417E-10 5.1736E-10 6.1277E-10 7.0553E-10 8.0648E-10 9.1588E-10 1.0422E-09 1.1770E-09 1.3258E-09 1.4902E-09 1.6675E-09 1.8563E-09 2.0592E-09 2.2738E-09 2.5025E-09 2.7417E-09 2.9918E-09 3.2527E-09 3.5222E-09 3.7986E-09 4.0803E-09 4.3662E-09 4.6536E-09 4.9400E-09 5.2202E-09 5.4951E-09 5.7617E-09 6.0145E-09 6.2541E-09 6.4749E-09 6.6806E-09 6.8613E-09 7.0206E-09 7.1534E-09 7.2632E-09 7.3449E-09 7.4035E-09 7.4360E-09 7.4434E-09 7.4231E-09 7.3782E-09 7.3095E-09 7.2211E-09 7.1113E-09 6.9786E-09 6.8269E-09 6.6579E-09 6.4747E-09
1.1541E-10 1.3879E-10 1.6227E-10 1.8906E-10 2.2325E-10 2.5839E-10 3.0142E-10 3.4655E-10 3.9704E-10 4.5328E-10 5.2683E-10 6.2054E-10 7.1453E-10 8.1842E-10 9.2937E-10 1.0595E-09 1.1954E-09 1.3462E-09 1.5145E-09 1.6930E-09 1.8864E-09 2.0914E-09 2.3101E-09 2.5408E-09 2.7843E-09 3.0390E-09 3.3027E-09 3.5756E-09 3.8550E-09 4.1416E-09 4.4315E-09 4.7221E-09 5.0114E-09 5.2961E-09 5.5736E-09 5.8420E-09 6.0988E-09 6.3434E-09 6.5716E-09 6.7799E-09 6.9672E-09 7.1327E-09 7.2724E-09 7.3862E-09 7.4793E-09 7.5413E-09 7.5800E-09 7.5898E-09 7.5737E-09 7.5354E-09 7.4728E-09 7.3839E-09 7.2726E-09 7.1450E-09 6.9947E-09 6.8244E-09 6.6372E-09
1.1635E-10 1.4024E-10 1.6409E-10 1.9134E-10 2.2634E-10 2.6216E-10 3.0627E-10 3.5238E-10 4.0400E-10 4.6168E-10 5.3676E-10 6.2419E-10 7.2179E-10 8.2888E-10 9.4156E-10 1.0745E-09 1.2129E-09 1.3632E-09 1.5372E-09 1.7181E-09 1.9127E-09 2.1213E-09 2.3434E-09 2.5785E-09 2.8249E-09 3.0831E-09 3.3505E-09 3.6271E-09 3.9123E-09 4.2019E-09 4.4950E-09 4.7897E-09 5.0824E-09 5.3715E-09 5.6526E-09 5.9227E-09 6.1849E-09 6.4328E-09 6.6658E-09 6.8795E-09 7.0739E-09 7.2437E-09 7.3936E-09 7.5156E-09 7.6132E-09 7.6818E-09 7.7238E-09 7.7421E-09 7.7340E-09 7.6974E-09 7.6385E-09 7.5558E-09 7.4470E-09 7.3160E-09 7.1642E-09 6.9949E-09 6.8108E-09
1.1708E-10 1.4142E-10 1.6561E-10 1.9325E-10 2.2899E-10 2.6543E-10 3.1052E-10 3.5751E-10 4.1015E-10 4.7054E-10 5.4654E-10 6.3110E-10 7.2938E-10 8.3702E-10 9.5241E-10 1.0871E-09 1.2276E-09 1.3810E-09 1.5558E-09 1.7409E-09 1.9377E-09 2.1486E-09 2.3740E-09 2.6125E-09 2.8633E-09 3.1245E-09 3.3956E-09 3.6773E-09 3.9660E-09 4.2604E-09 4.5571E-09 4.8559E-09 5.1529E-09 5.4454E-09 5.7304E-09 6.0068E-09 6.2706E-09 6.5237E-09 6.7590E-09 6.9785E-09 7.1777E-09 7.3591E-09 7.5127E-09 7.6438E-09 7.7458E-09 7.8244E-09 7.8732E-09 7.8977E-09 7.8958E-09 7.8676E-09 7.8105E-09 7.7283E-09 7.6244E-09 7.4961E-09 7.3485E-09 7.1780E-09 6.9886E-09
1.1746E-10 1.4234E-10 1.6680E-10 1.9477E-10 2.3119E-10 2.6815E-10 3.1415E-10 3.6192E-10 4.1546E-10 4.7877E-10 5.5453E-10 6.4037E-10 7.3461E-10 8.4322E-10 9.6214E-10 1.0984E-09 1.2407E-09 1.3957E-09 1.5745E-09 1.7588E-09 1.9590E-09 2.1737E-09 2.4014E-09 2.6433E-09 2.8967E-09 3.1622E-09 3.4377E-09 3.7241E-09 4.0168E-09 4.3154E-09 4.6159E-09 4.9185E-09 5.2206E-09 5.5173E-09 5.8079E-09 6.0893E-09 6.3582E-09 6.6124E-09 6.8541E-09 7.0798E-09 7.2868E-09 7.4691E-09 7.6325E-09 7.7706E-09 7.8826E-09 7.9685E-09 8.0281E-09 8.0600E-09 8.0619E-09 8.0365E-09 7.9877E-09 7.9101E-09 7.8107E-09 7.6845E-09 7.5376E-09 7.3730E-09 7.1841E-09
1.1742E-10 1.4294E-10 1.6769E-10 1.9593E-10 2.3294E-10 2.7034E-10 3.1715E-10 3.6560E-10 4.1992E-10 4.8587E-10 5.6225E-10 6.4761E-10 7.4065E-10 8.4847E-10 9.6957E-10 1.1079E-09 1.2520E-09 1.4096E-09 1.5893E-09 1.7764E-09 1.9773E-09 2.1944E-09 2.4260E-09 2.6701E-09 2.9276E-09 3.1958E-09 3.4763E-09 3.7666E-09 4.0633E-09 4.3653E-09 4.6711E-09 4.9782E-09 5.2843E-09 5.5868E-09 5.8821E-09 6.1693E-09 6.4422E-09 6.7029E-09 6.9487E-09 7.1799E-09 7.3898E-09 7.5827E-09 7.7530E-09 7.8963E-09 8.0195E-09 8.1122E-09 8.1814E-09 8.2189E-09 8.2311E-09 8.2126E-09 8.1700E-09 8.0998E-09 8.0038E-09 7.8855E-09 7.7407E-09 7.5733E-09 7.3854E-09
1.1718E-10 1.4319E-10 1.6834E-10 1.9679E-10 2.3433E-10 2.7209E-10 3.1960E-10 3.6859E-10 4.2364E-10 4.9187E-10 5.6883E-10 6.5318E-10 7.4810E-10 8.5357E-10 9.7505E-10 1.1149E-09 1.2609E-09 1.4202E-09 1.6024E-09 1.7898E-09 1.9936E-09 2.2114E-09 2.4446E-09 2.6924E-09 2.9529E-09 3.2253E-09 3.5099E-09 3.8040E-09 4.1039E-09 4.4102E-09 4.7213E-09 5.0326E-09 5.3435E-09 5.6505E-09 5.9519E-09 6.2444E-09 6.5244E-09 6.7913E-09 7.0417E-09 7.2765E-09 7.4957E-09 7.6945E-09 7.8688E-09 8.0250E-09 8.1541E-09 8.2575E-09 8.3320E-09 8.3794E-09 8.3965E-09 8.3932E-09 8.3574E-09 8.2956E-09 8.2046E-09 8.0884E-09 7.9503E-09 7.7878E-09 7.6064E-09
1.1693E-10 1.4316E-10 1.6864E-10 1.9734E-10 2.3532E-10 2.7335E-10 3.2146E-10 3.7089E-10 4.2680E-10 4.9685E-10 5.7428E-10 6.5703E-10 7.5337E-10 8.5948E-10 9.7862E-10 1.1204E-09 1.2683E-09 1.4274E-09 1.6117E-09 1.8012E-09 2.0052E-09 2.2248E-09 2.4602E-09 2.7095E-09 2.9730E-09 3.2498E-09 3.5376E-09 3.8353E-09 4.1386E-09 4.4497E-09 4.7642E-09 5.0816E-09 5.3957E-09 5.7081E-09 6.0153E-09 6.3145E-09 6.6019E-09 6.8736E-09 7.1314E-09 7.3730E-09 7.5978E-09 7.8030E-09 7.9890E-09 8.1522E-09 8.2881E-09 8.4005E-09 8.4824E-09 8.5430E-09 8.5730E-09 8.5756E-09 8.5461E-09 8.4891E-09 8.4093E-09 8.3000E-09 8.1693E-09 8.0114E-09 7.8332E-09
1.1672E-10 1.4286E-10 1.6854E-10 1.9756E-10 2.3593E-10 2.7415E-10 3.2276E-10 3.7251E-10 4.2931E-10 5.0061E-10 5.7828E-10 6.6044E-10 7.5719E-10 8.6461E-10 9.8149E-10 1.1241E-09 1.2725E-09 1.4335E-09 1.6176E-09 1.8084E-09 2.0141E-09 2.2337E-09 2.4704E-09 2.7209E-09 2.9877E-09 3.2678E-09 3.5588E-09 3.8582E-09 4.1669E-09 4.4819E-09 4.8021E-09 5.1213E-09 5.4411E-09 5.7595E-09 6.0722E-09 6.3772E-09 6.6699E-09 6.9511E-09 7.2169E-09 7.4649E-09 7.6964E-09 7.9105E-09 8.1053E-09 8.2732E-09 8.4205E-09 8.5381E-09 8.6385E-09 8.7049E-09 8.7457E-09 8.7544E-09 8.7382E-09 8.6915E-09 8.6210E-09 8.5224E-09 8.4001E-09 8.2530E-09 8.0788E-09
