Assets/Resources/2015_m01_d30_0800(utc+0800)_l00_csi_1hr_conc.grd
DSAA
         159         159
     -79.000      79.000
     -79.000      79.000
  0.0000E+00  0.6866E-05
[rows 25 to 49 of 159, columns 57 to 113 of 159]
0.0000E+00 0.0000E+00 0.0000E+00 0.0000E+00 0.0000E+00 0.0000E+00 0.0000E+00 0.0000E+00 0.0000E+00 0.0000E+00 0.0000E+00 0.0000E+00 0.0000E+00 0.0000E+00 0.0000E+00 0.0000E+00 0.0000E+00 0.0000E+00 0.0000E+00 0.0000E+00 0.0000E+00 0.0000E+00 0.0000E+00 0.0000E+00 0.0000E+00 0.0000E+00 0.0000E+00 7.3233E-14 5.7128E-12 1.9428E-11 3.4027E-11 5.7103E-11 9.7275E-11 1.4204E-10 2.1384E-10 3.0948E-10 3.9538E-10 4.9284E-10 6.0580E-10 7.3471E-10 8.8712E-10 1.0544E-09 1.2492E-09 1.4637E-09 1.7608E-09 2.1458E-09 2.5590E-09 3.0206E-09 3.5192E-09 4.0643E-09 4.6285E-09 5.1891E-09 5.7852E-09 6.4144E-09 7.0764E-09 7.7698E-09 8.4943E-09
0.0000E+00 0.0000E+00 0.0000E+00 0.0000E+00 0.0000E+00 0.0000E+00 0.0000E+00 0.0000E+00 0.0000E+00 0.0000E+00 0.0000E+00 0.0000E+00 0.0000E+00 0.0000E+00 0.0000E+00 0.0000E+00 0.0000E+00 0.0000E+00 0.0000E+00 0.0000E+00 0.0000E+00 0.0000E+00 0.0000E+00 0.0000E+00 0.0000E+00 0.0000E+00 0.0000E+00 1.2124E-12 8.1928E-12 2.3806E-11 3.8750E-11 6.8968E-11 1.1265E-10 1.6475E-10 2.5120E-10 3.4503E-10 4.4356E-10 5.5816E-10 6.8321E-10 8.3071E-10 9.9442E-10 1.1899E-09 1.4065E-09 1.6473E-09 1.9852E-09 2.3909E-09 2.8408E-09 3.3398E-09 3.8779E-09 4.4639E-09 5.0666E-09 5.6669E-09 6.3029E-09 6.9716E-09 7.6711E-09 8.3997E-09 9.1556E-09
0.0000E+00 0.0000E+00 0.0000E+00 0.0000E+00 0.0000E+00 0.0000E+00 0.0000E+00 0.0000E+00 0.0000E+00 0.0000E+00 0.0000E+00 0.0000E+00 0.0000E+00 0.0000E+00 0.0000E+00 0.0000E+00 0.0000E+00 0.0000E+00 0.0000E+00 0.0000E+00 0.0000E+00 0.0000E+00 0.0000E+00 0.0000E+00 0.0000E+00 0.0000E+00 0.0000E+00 2.4881E-12 1.1745E-11 2.7203E-11 4.5181E-11 8.1524E-11 1.2868E-10 2.0128E-10 3.0812E-10 4.0018E-10 5.0623E-10 6.2809E-10 7.6800E-10 9.3219E-10 1.1183E-09 1.3363E-09 1.5754E-09 1.8460E-09 2.2290E-09 2.6739E-09 3.1619E-09 3.6879E-09 4.2648E-09 4.8898E-09 5.5390E-09 6.1820E-09 6.8590E-09 7.5675E-09 8.3046E-09 9.0682E-09 9.8547E-09
0.0000E+00 0.0000E+00 0.0000E+00 0.0000E+00 0.0000E+00 0.0000E+00 0.0000E+00 0.0000E+00 0.0000E+00 0.0000E+00 0.0000E+00 0.0000E+00 0.0000E+00 0.0000E+00 0.0000E+00 0.0000E+00 0.0000E+00 0.0000E+00 0.0000E+00 0.0000E+00 0.0000E+00 0.0000E+00 0.0000E+00 0.0000E+00 0.0000E+00 0.0000E+00 4.4192E-14 3.8482E-12 1.5368E-11 3.0385E-11 5.3760E-11 9.4926E-11 1.6568E-10 2.4554E-10 3.4905E-10 4.5182E-10 5.6842E-10 7.0103E-10 8.5974E-10 1.0419E-09 1.2524E-09 1.4931E-09 1.7626E-09 2.0686E-09 2.4834E-09 2.9645E-09 3.4938E-09 4.0626E-09 4.6812E-09 5.3397E-09 6.0429E-09 6.7305E-09 7.4524E-09 8.2037E-09 8.9800E-09 9.7781E-09 1.0593E-08
0.0000E+00 0.0000E+00 0.0000E+00 0.0000E+00 0.0000E+00 0.0000E+00 0.0000E+00 0.0000E+00 0.0000E+00 0.0000E+00 0.0000E+00 0.0000E+00 0.0000E+00 0.0000E+00 0.0000E+00 0.0000E+00 0.0000E+00 0.0000E+00 0.0000E+00 0.0000E+00 0.0000E+00 0.0000E+00 0.0000E+00 0.0000E+00 0.0000E+00 0.0000E+00 5.1443E-13 5.4084E-12 1.8372E-11 3.4287E-11 6.2757E-11 1.0959E-10 1.8302E-10 2.9375E-10 3.9537E-10 5.0484E-10 6.3425E-10 7.8235E-10 9.5893E-10 1.1591E-09 1.3980E-09 1.6627E-09 1.9635E-09 2.3007E-09 2.7537E-09 3.2795E-09 3.8512E-09 4.4655E-09 5.1203E-09 5.8364E-09 6.5896E-09 7.3236E-09 8.0884E-09 8.8798E-09 9.6945E-09 1.0526E-08 1.1369E-08
0.0000E+00 0.0000E+00 0.0000E+00 0.0000E+00 0.0000E+00 0.0000E+00 0.0000E+00 0.0000E+00 0.0000E+00 0.0000E+00 0.0000E+00 0.0000E+00 0.0000E+00 0.0000E+00 0.0000E+00 0.0000E+00 0.0000E+00 0.0000E+00 0.0000E+00 0.0000E+00 0.0000E+00 0.0000E+00 0.0000E+00 0.0000E+00 0.0000E+00 0.0000E+00 1.1243E-12 7.3576E-12 2.0806E-11 3.8814E-11 7.2186E-11 1.2954E-10 2.2867E-10 3.3573E-10 4.4168E-10 5.6212E-10 7.0257E-10 8.6948E-10 1.0654E-09 1.2900E-09 1.5519E-09 1.8440E-09 2.1776E-09 2.5530E-09 3.0601E-09 3.6169E-09 4.2215E-09 4.8849E-09 5.6007E-09 6.3655E-09 7.1660E-09 7.9512E-09 8.7641E-09 9.5999E-09 1.0453E-08 1.1316E-08 1.2183E-08
0.0000E+00 0.0000E+00 0.0000E+00 0.0000E+00 0.0000E+00 0.0000E+00 0.0000E+00 0.0000E+00 0.0000E+00 0.0000E+00 0.0000E+00 0.0000E+00 0.0000E+00 0.0000E+00 0.0000E+00 0.0000E+00 0.0000E+00 0.0000E+00 0.0000E+00 0.0000E+00 0.0000E+00 0.0000E+00 0.0000E+00 0.0000E+00 0.0000E+00 0.0000E+00 1.6976E-12 9.3247E-12 2.2908E-11 4.4193E-11 8.2625E-11 1.5856E-10 2.7297E-10 3.7705E-10 4.8810E-10 6.1364E-10 7.7783E-10 9.6353E-10 1.1759E-09 1.4269E-09 1.7138E-09 2.0406E-09 2.4063E-09 2.8209E-09 3.3709E-09 3.9640E-09 4.6350E-09 5.3475E-09 6.1189E-09 6.9279E-09 7.7787E-09 8.6197E-09 9.4765E-09 1.0355E-08 1.1245E-08 1.2138E-08 1.3030E-08
0.0000E+00 0.0000E+00 0.0000E+00 0.0000E+00 0.0000E+00 0.0000E+00 0.0000E+00 0.0000E+00 0.0000E+00 0.0000E+00 0.0000E+00 0.0000E+00 0.0000E+00 0.0000E+00 0.0000E+00 0.0000E+00 0.0000E+00 0.0000E+00 0.0000E+00 0.0000E+00 0.0000E+00 0.0000E+00 0.0000E+00 0.0000E+00 0.0000E+00 0.0000E+00 2.4440E-12 1.1119E-11 2.5098E-11 5.0043E-11 9.6758E-11 1.9858E-10 3.0844E-10 4.1611E-10 5.3798E-10 6.8408E-10 8.5886E-10 1.0609E-09 1.2953E-09 1.5730E-09 1.8863E-09 2.2460E-09 2.6474E-09 3.1185E-09 3.6980E-09 4.3503E-09 5.0614E-09 5.8325E-09 6.6542E-09 7.5192E-09 8.4373E-09 9.3326E-09 1.0239E-08 1.1158E-08 1.2082E-08 1.3003E-08 1.3915E-08
0.0000E+00 0.0000E+00 0.0000E+00 0.0000E+00 0.0000E+00 0.0000E+00 0.0000E+00 0.0000E+00 0.0000E+00 0.0000E+00 0.0000E+00 0.0000E+00 0.0000E+00 0.0000E+00 0.0000E+00 0.0000E+00 0.0000E+00 0.0000E+00 0.0000E+00 0.0000E+00 0.0000E+00 0.0000E+00 0.0000E+00 0.0000E+00 0.0000E+00 1.6783E-13 3.1983E-12 1.2588E-11 2.7314E-11 5.5998E-11 1.1981E-10 2.4477E-10 3.4425E-10 4.4940E-10 5.8347E-10 7.5376E-10 9.4146E-10 1.1616E-09 1.4225E-09 1.7241E-09 2.0679E-09 2.4610E-09 2.9044E-09 3.4094E-09 4.0362E-09 4.7517E-09 5.5241E-09 6.3543E-09 7.2319E-09 8.1495E-09 9.1187E-09 1.0075E-08 1.1029E-08 1.1992E-08 1.2950E-08 1.3898E-08 1.4825E-08
0.0000E+00 0.0000E+00 0.0000E+00 0.0000E+00 0.0000E+00 0.0000E+00 0.0000E+00 0.0000E+00 0.0000E+00 0.0000E+00 0.0000E+00 0.0000E+00 0.0000E+00 0.0000E+00 0.0000E+00 0.0000E+00 0.0000E+00 0.0000E+00 0.0000E+00 0.0000E+00 0.0000E+00 0.0000E+00 0.0000E+00 0.0000E+00 0.0000E+00 3.1432E-13 3.9064E-12 1.3606E-11 2.9777E-11 6.2677E-11 1.5623E-10 2.7838E-10 3.7768E-10 4.9883E-10 6.4835E-10 8.2248E-10 1.0286E-09 1.2696E-09 1.5550E-09 1.8829E-09 2.2625E-09 2.6904E-09 3.1803E-09 3.7290E-09 4.4171E-09 5.1945E-09 6.0178E-09 6.9132E-09 7.8530E-09 8.8473E-09 9.8684E-09 1.0891E-08 1.1893E-08 1.2892E-08 1.3881E-08 1.4847E-08 1.5786E-08
0.0000E+00 0.0000E+00 0.0000E+00 0.0000E+00 0.0000E+00 0.0000E+00 0.0000E+00 0.0000E+00 0.0000E+00 0.0000E+00 0.0000E+00 0.0000E+00 0.0000E+00 0.0000E+00 0.0000E+00 0.0000E+00 0.0000E+00 0.0000E+00 0.0000E+00 0.0000E+00 0.0000E+00 0.0000E+00 0.0000E+00 0.0000E+00 0.0000E+00 4.3312E-13 4.5329E-12 1.4472E-11 3.2292E-11 7.4780E-11 1.9355E-10 3.0103E-10 4.0918E-10 5.4432E-10 7.0600E-10 8.9479E-10 1.1188E-09 1.3817E-09 1.6921E-09 2.0507E-09 2.4609E-09 2.9325E-09 3.4697E-09 4.0825E-09 4.8475E-09 5.6779E-09 6.5736E-09 7.5216E-09 8.5283E-09 9.5741E-09 1.0655E-08 1.1747E-08 1.2796E-08 1.3834E-08 1.4849E-08 1.5832E-08 1.6774E-08
0.0000E+00 0.0000E+00 0.0000E+00 0.0000E+00 0.0000E+00 0.0000E+00 0.0000E+00 0.0000E+00 0.0000E+00 0.0000E+00 0.0000E+00 0.0000E+00 0.0000E+00 0.0000E+00 0.0000E+00 0.0000E+00 0.0000E+00 0.0000E+00 0.0000E+00 0.0000E+00 0.0000E+00 0.0000E+00 0.0000E+00 0.0000E+00 0.0000E+00 5.2447E-13 5.0316E-12 1.5137E-11 3.4672E-11 9.9737E-11 2.3447E-10 3.3302E-10 4.4980E-10 5.9080E-10 7.6566E-10 9.6911E-10 1.2101E-09 1.4992E-09 1.8315E-09 2.2184E-09 2.6721E-09 3.1947E-09 3.7922E-09 4.4622E-09 5.2932E-09 6.1802E-09 7.1449E-09 8.1662E-09 9.2374E-09 1.0364E-08 1.1504E-08 1.2660E-08 1.3753E-08 1.4827E-08 1.5866E-08 1.6860E-08 1.7802E-08
0.0000E+00 0.0000E+00 0.0000E+00 0.0000E+00 0.0000E+00 0.0000E+00 0.0000E+00 0.0000E+00 0.0000E+00 0.0000E+00 0.0000E+00 0.0000E+00 0.0000E+00 0.0000E+00 0.0000E+00 0.0000E+00 0.0000E+00 0.0000E+00 0.0000E+00 0.0000E+00 0.0000E+00 0.0000E+00 0.0000E+00 0.0000E+00 0.0000E+00 5.8881E-13 5.4094E-12 1.5599E-11 4.3164E-11 1.3173E-10 2.4944E-10 3.5844E-10 4.8328E-10 6.4111E-10 8.2552E-10 1.0459E-09 1.3079E-09 1.6141E-09 1.9782E-09 2.4031E-09 2.9057E-09 3.4889E-09 4.1479E-09 4.8941E-09 5.7872E-09 6.7490E-09 7.7802E-09 8.8670E-09 1.0012E-08 1.1198E-08 1.2406E-08 1.3616E-08 1.4775E-08 1.5877E-08 1.6933E-08 1.7928E-08 1.8858E-08
0.0000E+00 0.0000E+00 0.0000E+00 0.0000E+00 0.0000E+00 0.0000E+00 0.0000E+00 0.0000E+00 0.0000E+00 0.0000E+00 0.0000E+00 0.0000E+00 0.0000E+00 0.0000E+00 0.0000E+00 0.0000E+00 0.0000E+00 0.0000E+00 0.0000E+00 0.0000E+00 0.0000E+00 0.0000E+00 0.0000E+00 0.0000E+00 0.0000E+00 6.2675E-13 5.5931E-12 1.5808E-11 4.6337E-11 1.6477E-10 2.7143E-10 3.8475E-10 5.1937E-10 6.8947E-10 8.8710E-10 1.1230E-09 1.4032E-09 1.7394E-09 2.1323E-09 2.6066E-09 3.1671E-09 3.8103E-09 4.5315E-09 5.3668E-09 6.3244E-09 7.3620E-09 8.4764E-09 9.6515E-09 1.0873E-08 1.2123E-08 1.3393E-08 1.4655E-08 1.5868E-08 1.6997E-08 1.8063E-08 1.9055E-08 1.9962E-08
0.0000E+00 0.0000E+00 0.0000E+00 0.0000E+00 0.0000E+00 0.0000E+00 0.0000E+00 0.0000E+00 0.0000E+00 0.0000E+00 0.0000E+00 0.0000E+00 0.0000E+00 0.0000E+00 0.0000E+00 0.0000E+00 0.0000E+00 0.0000E+00 0.0000E+00 0.0000E+00 0.0000E+00 0.0000E+00 0.0000E+00 0.0000E+00 0.0000E+00 6.3918E-13 5.5910E-12 1.5755E-11 6.6923E-11 1.7901E-10 2.9053E-10 4.1422E-10 5.6244E-10 7.3783E-10 9.4947E-10 1.1988E-09 1.5041E-09 1.8740E-09 2.3034E-09 2.8385E-09 3.4559E-09 4.1649E-09 4.9749E-09 5.8907E-09 6.9134E-09 8.0419E-09 9.2396E-09 1.0517E-08 1.1824E-08 1.3156E-08 1.4489E-08 1.5802E-08 1.7046E-08 1.8193E-08 1.9257E-08 2.0228E-08 2.1102E-08
0.0000E+00 0.0000E+00 0.0000E+00 0.0000E+00 0.0000E+00 0.0000E+00 0.0000E+00 0.0000E+00 0.0000E+00 0.0000E+00 0.0000E+00 0.0000E+00 0.0000E+00 0.0000E+00 0.0000E+00 0.0000E+00 0.0000E+00 0.0000E+00 0.0000E+00 0.0000E+00 0.0000E+00 0.0000E+00 0.0000E+00 0.0000E+00 0.0000E+00 6.2727E-13 5.4136E-12 1.5747E-11 9.2111E-11 1.9061E-10 3.0346E-10 4.3607E-10 6.0147E-10 7.8705E-10 1.0059E-09 1.2822E-09 1.6170E-09 2.0105E-09 2.5068E-09 3.1036E-09 3.7730E-09 4.5579E-09 5.4729E-09 6.4733E-09 7.5882E-09 8.8168E-09 1.0125E-08 1.1483E-08 1.2880E-08 1.4288E-08 1.5685E-08 1.7030E-08 1.8324E-08 1.9487E-08 2.0539E-08 2.1478E-08 2.2302E-08
0.0000E+00 0.0000E+00 0.0000E+00 0.0000E+00 0.0000E+00 0.0000E+00 0.0000E+00 0.0000E+00 0.0000E+00 0.0000E+00 0.0000E+00 0.0000E+00 0.0000E+00 0.0000E+00 0.0000E+00 0.0000E+00 0.0000E+00 0.0000E+00 0.0000E+00 0.0000E+00 0.0000E+00 0.0000E+00 0.0000E+00 0.0000E+00 0.0000E+00 5.9246E-13 5.0731E-12 1.9304E-11 1.0498E-10 2.0436E-10 3.2175E-10 4.6542E-10 6.3932E-10 8.2962E-10 1.0719E-09 1.3685E-09 1.7369E-09 2.1782E-09 2.7405E-09 3.4006E-09 4.1490E-09 5.0276E-09 6.0487E-09 7.1514E-09 8.3676E-09 9.7098E-09 1.1133E-08 1.2591E-08 1.4086E-08 1.5575E-08 1.7020E-08 1.8409E-08 1.9708E-08 2.0883E-08 2.1902E-08 2.2791E-08 2.3551E-08
0.0000E+00 0.0000E+00 0.0000E+00 0.0000E+00 0.0000E+00 0.0000E+00 0.0000E+00 0.0000E+00 0.0000E+00 0.0000E+00 0.0000E+00 0.0000E+00 0.0000E+00 0.0000E+00 0.0000E+00 0.0000E+00 0.0000E+00 0.0000E+00 0.0000E+00 0.0000E+00 0.0000E+00 0.0000E+00 0.0000E+00 0.0000E+00 0.0000E+00 5.3639E-13 4.6557E-12 2.7916E-11 1.0912E-10 2.0899E-10 3.3409E-10 4.9784E-10 6.7124E-10 8.7638E-10 1.1386E-09 1.4687E-09 1.8699E-09 2.3825E-09 3.0171E-09 3.7380E-09 4.5811E-09 5.5871E-09 6.7167E-09 7.9498E-09 9.2866E-09 1.0759E-08 1.2303E-08 1.3893E-08 1.5486E-08 1.7056E-08 1.8560E-08 1.9975E-08 2.1275E-08 2.2421E-08 2.3385E-08 2.4195E-08 2.4859E-08
0.0000E+00 0.0000E+00 0.0000E+00 0.0000E+00 0.0000E+00 0.0000E+00 0.0000E+00 0.0000E+00 0.0000E+00 0.0000E+00 0.0000E+00 0.0000E+00 0.0000E+00 0.0000E+00 0.0000E+00 0.0000E+00 0.0000E+00 0.0000E+00 0.0000E+00 0.0000E+00 0.0000E+00 0.0000E+00 0.0000E+00 0.0000E+00 0.0000E+00 4.6099E-13 4.1144E-12 3.4379E-11 1.1295E-10 2.1737E-10 3.4988E-10 5.2248E-10 6.9632E-10 9.2741E-10 1.2128E-09 1.5851E-09 2.0329E-09 2.6290E-09 3.3434E-09 4.1622E-09 5.1221E-09 6.2655E-09 7.5162E-09 8.8989E-09 1.0389E-08 1.2017E-08 1.3712E-08 1.5425E-08 1.7115E-08 1.8759E-08 2.0296E-08 2.1720E-08 2.2983E-08 2.4083E-08 2.4983E-08 2.5698E-08 2.6235E-08
0.0000E+00 0.0000E+00 0.0000E+00 0.0000E+00 0.0000E+00 0.0000E+00 0.0000E+00 0.0000E+00 0.0000E+00 0.0000E+00 0.0000E+00 0.0000E+00 0.0000E+00 0.0000E+00 0.0000E+00 0.0000E+00 0.0000E+00 0.0000E+00 0.0000E+00 0.0000E+00 0.0000E+00 0.0000E+00 0.0000E+00 0.0000E+00 0.0000E+00 3.6831E-13 5.0105E-12 3.9471E-11 1.1773E-10 2.2618E-10 3.6718E-10 5.4041E-10 7.3327E-10 9.8344E-10 1.3064E-09 1.7135E-09 2.2412E-09 2.9289E-09 3.7283E-09 4.6658E-09 5.7833E-09 7.0689E-09 8.4882E-09 1.0044E-08 1.1719E-08 1.3499E-08 1.5356E-08 1.7198E-08 1.9010E-08 2.0710E-08 2.2281E-08 2.3687E-08 2.4908E-08 2.5929E-08 2.6725E-08 2.7296E-08 2.7678E-08
0.0000E+00 0.0000E+00 0.0000E+00 0.0000E+00 0.0000E+00 0.0000E+00 0.0000E+00 0.0000E+00 0.0000E+00 0.0000E+00 0.0000E+00 0.0000E+00 0.0000E+00 0.0000E+00 0.0000E+00 0.0000E+00 0.0000E+00 0.0000E+00 0.0000E+00 0.0000E+00 0.0000E+00 0.0000E+00 0.0000E+00 0.0000E+00 0.0000E+00 2.6056E-13 5.4720E-12 4.0431E-11 1.1819E-10 2.2716E-10 3.8127E-10 5.5344E-10 7.7496E-10 1.0515E-09 1.4207E-09 1.8787E-09 2.5241E-09 3.3135E-09 4.2259E-09 5.3148E-09 6.6105E-09 8.0660E-09 9.6895E-09 1.1461E-08 1.3343E-08 1.5316E-08 1.7332E-08 1.9330E-08 2.1232E-08 2.2992E-08 2.4572E-08 2.5934E-08 2.7069E-08 2.7954E-08 2.8617E-08 2.8999E-08 2.9193E-08
0.0000E+00 0.0000E+00 0.0000E+00 0.0000E+00 0.0000E+00 0.0000E+00 0.0000E+00 0.0000E+00 0.0000E+00 0.0000E+00 0.0000E+00 0.0000E+00 0.0000E+00 0.0000E+00 0.0000E+00 0.0000E+00 0.0000E+00 0.0000E+00 0.0000E+00 0.0000E+00 0.0000E+00 0.0000E+00 0.0000E+00 0.0000E+00 3.2501E-13 1.4004E-13 6.2369E-12 3.9330E-11 1.1806E-10 2.2736E-10 3.8787E-10 5.8030E-10 8.2196E-10 1.1452E-09 1.5570E-09 2.0996E-09 2.8681E-09 3.7706E-09 4.8441E-09 6.1305E-09 7.6337E-09 9.3064E-09 1.1169E-08 1.3191E-08 1.5320E-08 1.7503E-08 1.9719E-08 2.1858E-08 2.3843E-08 2.5621E-08 2.7159E-08 2.8433E-08 2.9424E-08 3.0138E-08 3.0602E-08 3.0803E-08 3.0758E-08
0.0000E+00 0.0000E+00 0.0000E+00 0.0000E+00 0.0000E+00 0.0000E+00 0.0000E+00 0.0000E+00 0.0000E+00 0.0000E+00 0.0000E+00 0.0000E+00 0.0000E+00 0.0000E+00 0.0000E+00 0.0000E+00 0.0000E+00 0.0000E+00 0.0000E+00 0.0000E+00 0.0000E+00 0.0000E+00 0.0000E+00 0.0000E+00 0.0000E+00 9.1087E-15 6.7114E-12 3.7479E-11 1.1451E-10 2.3369E-10 3.9963E-10 6.1375E-10 8.8922E-10 1.2544E-09 1.7314E-09 2.4213E-09 3.3259E-09 4.3678E-09 5.6417E-09 7.1528E-09 8.8859E-09 1.0842E-08 1.2994E-08 1.5302E-08 1.7709E-08 2.0128E-08 2.2522E-08 2.4775E-08 2.6823E-08 2.8599E-08 3.0065E-08 3.1211E-08 3.2026E-08 3.2538E-08 3.2743E-08 3.2681E-08 3.2350E-08
0.0000E+00 0.0000E+00 0.0000E+00 0.0000E+00 0.0000E+00 0.0000E+00 0.0000E+00 0.0000E+00 0.0000E+00 0.0000E+00 0.0000E+00 0.0000E+00 0.0000E+00 0.0000E+00 0.0000E+00 0.0000E+00 0.0000E+00 0.0000E+00 0.0000E+00 0.0000E+00 0.0000E+00 0.0000E+00 0.0000E+00 0.0000E+00 0.0000E+00 0.0000E+00 6.8950E-12 4.0651E-11 1.1186E-10 2.3937E-10 4.1598E-10 6.4731E-10 9.7942E-10 1.4054E-09 1.9733E-09 2.8313E-09 3.8617E-09 5.0984E-09 6.5938E-09 8.3642E-09 1.0396E-08 1.2688E-08 1.5186E-08 1.7832E-08 2.0545E-08 2.3224E-08 2.5785E-08 2.8148E-08 3.0232E-08 3.1956E-08 3.3313E-08 3.4264E-08 3.4824E-08 3.5021E-08 3.4929E-08 3.4557E-08 3.3950E-08
0.0000E+00 0.0000E+00 0.0000E+00 0.0000E+00 0.0000E+00 0.0000E+00 0.0000E+00 0.0000E+00 0.0000E+00 0.0000E+00 0.0000E+00 0.0000E+00 0.0000E+00 0.0000E+00 0.0000E+00 0.0000E+00 0.0000E+00 0.0000E+00 0.0000E+00 0.0000E+00 0.0000E+00 0.0000E+00 0.0000E+00 0.0000E+00 0.0000E+00 0.0000E+00 6.7969E-12 4.0938E-11 1.0848E-10 2.5017E-10 4.4161E-10 6.9875E-10 1.0945E-09 1.6045E-09 2.3056E-09 3.3179E-09 4.5107E-09 5.9900E-09 7.7649E-09 9.8659E-09 1.2276E-08 1.4955E-08 1.7848E-08 2.0867E-08 2.3903E-08 2.6844E-08 2.9559E-08 3.2009E-08 3.4053E-08 3.5659E-08 3.6803E-08 3.7488E-08 3.7760E-08 3.7636E-08 3.7188E-08 3.6459E-08 3.5493E-08
