Assets/Resources/2015_m01_d19_2200(utc+0800)_l00_csi_1hr_conc.grd
DSAA
         159         159
     -79.000      79.000
     -79.000      79.000
  0.0000E+00  0.1109E-04
[rows 75 to 99 of 159, columns 0 to 56 of 159]
2.5499E-10 3.0053E-10 3.4575E-10 3.9802E-10 4.5404E-10 5.1834E-10 5.8913E-10 6.6436E-10 7.6285E-10 8.5095E-10 9.4057E-10 1.0504E-09 1.1552E-09 1.2660E-09 1.3777E-09 1.5031E-09 1.6341E-09 1.7612E-09 1.9036E-09 2.0399E-09 2.2187E-09 2.3648E-09 2.5205E-09 2.6748E-09 2.8386E-09 3.0007E-09 3.1678E-09 3.3325E-09 3.4982E-09 3.6683E-09 3.8403E-09 4.0056E-09 4.1697E-09 4.3366E-09 4.5034E-09 4.6684E-09 4.8258E-09 4.9876E-09 5.1576E-09 5.3102E-09 5.4715E-09 5.6221E-09 5.7735E-09 5.9267E-09 6.0856E-09 6.2458E-09 6.4089E-09 6.5748E-09 6.7433E-09 6.9175E-09 7.0938E-09 7.2775E-09 7.4671E-09 7.6626E-09 7.8703E-09 8.0814E-09 8.2989E-09
2.3642E-10 2.7726E-10 3.1912E-10 3.7006E-10 4.2317E-10 4.8193E-10 5.4868E-10 6.1554E-10 7.0256E-10 7.8914E-10 8.7774E-10 9.8332E-10 1.0769E-09 1.1819E-09 1.2923E-09 1.4101E-09 1.5291E-09 1.6570E-09 1.7921E-09 1.9227E-09 2.0927E-09 2.2337E-09 2.3826E-09 2.5301E-09 2.6863E-09 2.8435E-09 3.0048E-09 3.1642E-09 3.3236E-09 3.4867E-09 3.6547E-09 3.8161E-09 3.9759E-09 4.1372E-09 4.2977E-09 4.4599E-09 4.6144E-09 4.7702E-09 4.9373E-09 5.0881E-09 5.2456E-09 5.3935E-09 5.5417E-09 5.6913E-09 5.8454E-09 6.0014E-09 6.1584E-09 6.3189E-09 6.4807E-09 6.6481E-09 6.8176E-09 6.9919E-09 7.1731E-09 7.3577E-09 7.5537E-09 7.7539E-09 7.9582E-09
2.1892E-10 2.5537E-10 2.9651E-10 3.4193E-10 3.9169E-10 4.4821E-10 5.0934E-10 5.7312E-10 6.5012E-10 7.3280E-10 8.1543E-10 9.1532E-10 1.0085E-09 1.1076E-09 1.2073E-09 1.3166E-09 1.4351E-09 1.5577E-09 1.6778E-09 1.8107E-09 1.9684E-09 2.1077E-09 2.2452E-09 2.3915E-09 2.5401E-09 2.6921E-09 2.8468E-09 3.0009E-09 3.1549E-09 3.3109E-09 3.4704E-09 3.6313E-09 3.7863E-09 3.9425E-09 4.0968E-09 4.2537E-09 4.4072E-09 4.5564E-09 4.7183E-09 4.8684E-09 5.0215E-09 5.1667E-09 5.3111E-09 5.4570E-09 5.6054E-09 5.7566E-09 5.9080E-09 6.0621E-09 6.2180E-09 6.3768E-09 6.5395E-09 6.7045E-09 6.8764E-09 7.0506E-09 7.2335E-09 7.4228E-09 7.6133E-09
2.0120E-10 2.3493E-10 2.7548E-10 3.1786E-10 3.6218E-10 4.1659E-10 4.7345E-10 5.3370E-10 6.0561E-10 6.7885E-10 7.6048E-10 8.5202E-10 9.3851E-10 1.0314E-09 1.1299E-09 1.2352E-09 1.3445E-09 1.4567E-09 1.5762E-09 1.7039E-09 1.8538E-09 1.9876E-09 2.1185E-09 2.2583E-09 2.3971E-09 2.5457E-09 2.6920E-09 2.8434E-09 2.9914E-09 3.1411E-09 3.2947E-09 3.4515E-09 3.6017E-09 3.7496E-09 3.9012E-09 4.0518E-09 4.2028E-09 4.3479E-09 4.5026E-09 4.6499E-09 4.8007E-09 4.9419E-09 5.0821E-09 5.2245E-09 5.3672E-09 5.5123E-09 5.6580E-09 5.8054E-09 5.9543E-09 6.1056E-09 6.2606E-09 6.4170E-09 6.5782E-09 6.7429E-09 6.9119E-09 7.0898E-09 7.2674E-09
1.8677E-10 2.1767E-10 2.5396E-10 2.9342E-10 3.3664E-10 3.8620E-10 4.4020E-10 4.9664E-10 5.6399E-10 6.3189E-10 7.0472E-10 7.9483E-10 8.7849E-10 9.6446E-10 1.0552E-09 1.1517E-09 1.2566E-09 1.3671E-09 1.4787E-09 1.5943E-09 1.7448E-09 1.8682E-09 1.9976E-09 2.1257E-09 2.2634E-09 2.4045E-09 2.5459E-09 2.6911E-09 2.8334E-09 2.9770E-09 3.1243E-09 3.2728E-09 3.4220E-09 3.5656E-09 3.7110E-09 3.8545E-09 4.0019E-09 4.1440E-09 4.2913E-09 4.4339E-09 4.5833E-09 4.7204E-09 4.8569E-09 4.9943E-09 5.1315E-09 5.2698E-09 5.4094E-09 5.5498E-09 5.6922E-09 5.8360E-09 5.9821E-09 6.1304E-09 6.2807E-09 6.4353E-09 6.5921E-09 6.7565E-09 6.9231E-09
1.6963E-10 2.0162E-10 2.3384E-10 2.7022E-10 3.1290E-10 3.5745E-10 4.0802E-10 4.6207E-10 5.2508E-10 5.8869E-10 6.5779E-10 7.4101E-10 8.1903E-10 9.0003E-10 9.8682E-10 1.0769E-09 1.1737E-09 1.2765E-09 1.3850E-09 1.4972E-09 1.6346E-09 1.7584E-09 1.8822E-09 2.0048E-09 2.1352E-09 2.2665E-09 2.4050E-09 2.5418E-09 2.6817E-09 2.8194E-09 2.9594E-09 3.1030E-09 3.2479E-09 3.3865E-09 3.5236E-09 3.6641E-09 3.8047E-09 3.9441E-09 4.0859E-09 4.2223E-09 4.3677E-09 4.5027E-09 4.6349E-09 4.7673E-09 4.8988E-09 5.0303E-09 5.1633E-09 5.2971E-09 5.4316E-09 5.5688E-09 5.7061E-09 5.8455E-09 5.9860E-09 6.1297E-09 6.2755E-09 6.4257E-09 6.5804E-09
1.5718E-10 1.8674E-10 2.1492E-10 2.5086E-10 2.8864E-10 3.3043E-10 3.7920E-10 4.2796E-10 4.8875E-10 5.4808E-10 6.1211E-10 6.9113E-10 7.6379E-10 8.4243E-10 9.2056E-10 1.0051E-09 1.0982E-09 1.1949E-09 1.2961E-09 1.3989E-09 1.5377E-09 1.6510E-09 1.7679E-09 1.8888E-09 2.0080E-09 2.1372E-09 2.2698E-09 2.4008E-09 2.5355E-09 2.6679E-09 2.8011E-09 2.9382E-09 3.0752E-09 3.2129E-09 3.3451E-09 3.4799E-09 3.6131E-09 3.7480E-09 3.8865E-09 4.0151E-09 4.1558E-09 4.2886E-09 4.4170E-09 4.5442E-09 4.6701E-09 4.7947E-09 4.9210E-09 5.0473E-09 5.1753E-09 5.3044E-09 5.4336E-09 5.5639E-09 5.6953E-09 5.8280E-09 5.9625E-09 6.0997E-09 6.2419E-09
1.3744E-10 1.7155E-10 1.9898E-10 2.3306E-10 2.6620E-10 3.0716E-10 3.5348E-10 3.9766E-10 4.5353E-10 5.1013E-10 5.7080E-10 6.4354E-10 7.1257E-10 7.8596E-10 8.6184E-10 9.4186E-10 1.0249E-09 1.1157E-09 1.2138E-09 1.3131E-09 1.4411E-09 1.5475E-09 1.6639E-09 1.7737E-09 1.8920E-09 2.0144E-09 2.1373E-09 2.2658E-09 2.3925E-09 2.5219E-09 2.6495E-09 2.7797E-09 2.9115E-09 3.0452E-09 3.1724E-09 3.2987E-09 3.4285E-09 3.5571E-09 3.6909E-09 3.8156E-09 3.9497E-09 4.0773E-09 4.2034E-09 4.3253E-09 4.4453E-09 4.5641E-09 4.6827E-09 4.8021E-09 4.9230E-09 5.0440E-09 5.1657E-09 5.2872E-09 5.4089E-09 5.5314E-09 5.6554E-09 5.7806E-09 5.9088E-09
1.1808E-10 1.5571E-10 1.8396E-10 2.1455E-10 2.4491E-10 2.8549E-10 3.2724E-10 3.6843E-10 4.2186E-10 4.7304E-10 5.3147E-10 6.0053E-10 6.6645E-10 7.3550E-10 8.0520E-10 8.7992E-10 9.5948E-10 1.0446E-09 1.1360E-09 1.2264E-09 1.3509E-09 1.4552E-09 1.5579E-09 1.6692E-09 1.7818E-09 1.8928E-09 2.0134E-09 2.1335E-09 2.2581E-09 2.3817E-09 2.5040E-09 2.6276E-09 2.7530E-09 2.8789E-09 3.0057E-09 3.1271E-09 3.2505E-09 3.3718E-09 3.4997E-09 3.6223E-09 3.7482E-09 3.8706E-09 3.9933E-09 4.1112E-09 4.2256E-09 4.3388E-09 4.4503E-09 4.5629E-09 4.6752E-09 4.7899E-09 4.9028E-09 5.0160E-09 5.1285E-09 5.2416E-09 5.3550E-09 5.4685E-09 5.5847E-09
1.0973E-10 1.4355E-10 1.7055E-10 1.9531E-10 2.2729E-10 2.6322E-10 3.0227E-10 3.4235E-10 3.9070E-10 4.4017E-10 4.9292E-10 5.5750E-10 6.2106E-10 6.8534E-10 7.5314E-10 8.2295E-10 8.9594E-10 9.7798E-10 1.0621E-09 1.1506E-09 1.2653E-09 1.3613E-09 1.4639E-09 1.5673E-09 1.6723E-09 1.7822E-09 1.8903E-09 2.0093E-09 2.1292E-09 2.2450E-09 2.3647E-09 2.4817E-09 2.6012E-09 2.7220E-09 2.8447E-09 2.9612E-09 3.0764E-09 3.1941E-09 3.3149E-09 3.4335E-09 3.5538E-09 3.6705E-09 3.7873E-09 3.9023E-09 4.0116E-09 4.1188E-09 4.2245E-09 4.3294E-09 4.4339E-09 4.5392E-09 4.6473E-09 4.7499E-09 4.8552E-09 4.9582E-09 5.0625E-09 5.1655E-09 5.2669E-09
1.0194E-10 1.2114E-10 1.5665E-10 1.8069E-10 2.1100E-10 2.4265E-10 2.7929E-10 3.1798E-10 3.6179E-10 4.0803E-10 4.5817E-10 5.1924E-10 5.7788E-10 6.3711E-10 7.0359E-10 7.6853E-10 8.3877E-10 9.1320E-10 9.9326E-10 1.0779E-09 1.1860E-09 1.2782E-09 1.3727E-09 1.4688E-09 1.5727E-09 1.6720E-09 1.7790E-09 1.8886E-09 2.0023E-09 2.1173E-09 2.2286E-09 2.3425E-09 2.4555E-09 2.5705E-09 2.6853E-09 2.8016E-09 2.9121E-09 3.0200E-09 3.1362E-09 3.2487E-09 3.3628E-09 3.4734E-09 3.5874E-09 3.6961E-09 3.8036E-09 3.9051E-09 4.0047E-09 4.1030E-09 4.2008E-09 4.2968E-09 4.3954E-09 4.4892E-09 4.5880E-09 4.6836E-09 4.7772E-09 4.8722E-09 4.9644E-09
9.4671E-11 1.0826E-10 1.4213E-10 1.6707E-10 1.9404E-10 2.2323E-10 2.5949E-10 2.9407E-10 3.3517E-10 3.7815E-10 4.2477E-10 4.8483E-10 5.3730E-10 5.9553E-10 6.5632E-10 7.1902E-10 7.8449E-10 8.5399E-10 9.2670E-10 1.0094E-09 1.1102E-09 1.1981E-09 1.2882E-09 1.3802E-09 1.4757E-09 1.5723E-09 1.6714E-09 1.7739E-09 1.8833E-09 1.9919E-09 2.1009E-09 2.2067E-09 2.3168E-09 2.4251E-09 2.5350E-09 2.6443E-09 2.7536E-09 2.8571E-09 2.9649E-09 3.0704E-09 3.1803E-09 3.2870E-09 3.3905E-09 3.4931E-09 3.5944E-09 3.6929E-09 3.7917E-09 3.8838E-09 3.9739E-09 4.0650E-09 4.1521E-09 4.2431E-09 4.3268E-09 4.4173E-09 4.5027E-09 4.5874E-09 4.6677E-09
8.7408E-11 1.0061E-10 1.2814E-10 1.5497E-10 1.7638E-10 2.0708E-10 2.3920E-10 2.6957E-10 3.1147E-10 3.5109E-10 3.9496E-10 4.4953E-10 4.9988E-10 5.5452E-10 6.1251E-10 6.6979E-10 7.3298E-10 7.9666E-10 8.6652E-10 9.4228E-10 1.0388E-09 1.1221E-09 1.2066E-09 1.2952E-09 1.3860E-09 1.4779E-09 1.5715E-09 1.6678E-09 1.7683E-09 1.8739E-09 1.9762E-09 2.0801E-09 2.1847E-09 2.2867E-09 2.3913E-09 2.4957E-09 2.6012E-09 2.7005E-09 2.8000E-09 2.9016E-09 3.0037E-09 3.1032E-09 3.2014E-09 3.3020E-09 3.3972E-09 3.4903E-09 3.5812E-09 3.6668E-09 3.7506E-09 3.8325E-09 3.9212E-09 4.0007E-09 4.0822E-09 4.1568E-09 4.2389E-09 4.3104E-09 4.3895E-09
8.0879E-11 9.3462E-11 1.0822E-10 1.4232E-10 1.6304E-10 1.9219E-10 2.2025E-10 2.5043E-10 2.8921E-10 3.2498E-10 3.6593E-10 4.1766E-10 4.6517E-10 5.1693E-10 5.6887E-10 6.2564E-10 6.8389E-10 7.4332E-10 8.0979E-10 8.7805E-10 9.7246E-10 1.0485E-09 1.1310E-09 1.2146E-09 1.2990E-09 1.3879E-09 1.4741E-09 1.5676E-09 1.6592E-09 1.7603E-09 1.8594E-09 1.9591E-09 2.0558E-09 2.1550E-09 2.2535E-09 2.3526E-09 2.4506E-09 2.5501E-09 2.6441E-09 2.7360E-09 2.8331E-09 2.9303E-09 3.0225E-09 3.1149E-09 3.2034E-09 3.2910E-09 3.3759E-09 3.4631E-09 3.5417E-09 3.6176E-09 3.6916E-09 3.7665E-09 3.8355E-09 3.9078E-09 3.9804E-09 4.0533E-09 4.1148E-09
7.5032E-11 8.6797E-11 9.8754E-11 1.2912E-10 1.5099E-10 1.7483E-10 2.0251E-10 2.3256E-10 2.6701E-10 2.9987E-10 3.3753E-10 3.8715E-10 4.3271E-10 4.7931E-10 5.2885E-10 5.8457E-10 6.3767E-10 6.9471E-10 7.5431E-10 8.1936E-10 9.0965E-10 9.8210E-10 1.0567E-09 1.1376E-09 1.2189E-09 1.3024E-09 1.3841E-09 1.4728E-09 1.5585E-09 1.6531E-09 1.7478E-09 1.8434E-09 1.9353E-09 2.0300E-09 2.1223E-09 2.2160E-09 2.3094E-09 2.4018E-09 2.4956E-09 2.5836E-09 2.6739E-09 2.7617E-09 2.8486E-09 2.9329E-09 3.0179E-09 3.1031E-09 3.1835E-09 3.2604E-09 3.3357E-09 3.4058E-09 3.4739E-09 3.5459E-09 3.6093E-09 3.6725E-09 3.7363E-09 3.7921E-09 3.8483E-09
5.5098E-11 8.0124E-11 9.1773E-11 1.1065E-10 1.4021E-10 1.6055E-10 1.8795E-10 2.1427E-10 2.4459E-10 2.7745E-10 3.1320E-10 3.5865E-10 4.0187E-10 4.4495E-10 4.9191E-10 5.4264E-10 5.9493E-10 6.4847E-10 7.0494E-10 7.6356E-10 8.4908E-10 9.1792E-10 9.8830E-10 1.0636E-09 1.1399E-09 1.2192E-09 1.2991E-09 1.3825E-09 1.4636E-09 1.5517E-09 1.6407E-09 1.7320E-09 1.8205E-09 1.9108E-09 1.9982E-09 2.0859E-09 2.1748E-09 2.2623E-09 2.3534E-09 2.4375E-09 2.5229E-09 2.6035E-09 2.6855E-09 2.7648E-09 2.8416E-09 2.9202E-09 2.9933E-09 3.0667E-09 3.1352E-09 3.2086E-09 3.2717E-09 3.3320E-09 3.3900E-09 3.4443E-09 3.4987E-09 3.5545E-09 3.6075E-09
4.7188E-11 7.4133E-11 8.5258E-11 9.6467E-11 1.2729E-10 1.4856E-10 1.7409E-10 1.9556E-10 2.2726E-10 2.5814E-10 2.8890E-10 3.3216E-10 3.7199E-10 4.1366E-10 4.5904E-10 5.0422E-10 5.5373E-10 6.0584E-10 6.5733E-10 7.1283E-10 7.9094E-10 8.5715E-10 9.2415E-10 9.9392E-10 1.0668E-09 1.1431E-09 1.2181E-09 1.2948E-09 1.3736E-09 1.4542E-09 1.5389E-09 1.6231E-09 1.7109E-09 1.7944E-09 1.8799E-09 1.9629E-09 2.0460E-09 2.1291E-09 2.2154E-09 2.2974E-09 2.3782E-09 2.4549E-09 2.5287E-09 2.6039E-09 2.6763E-09 2.7453E-09 2.8178E-09 2.8841E-09 2.9504E-09 3.0112E-09 3.0731E-09 3.1279E-09 3.1868E-09 3.2363E-09 3.2829E-09 3.3293E-09 3.3698E-09
2.7405E-11 6.0641E-11 7.8953E-11 8.9681E-11 1.1304E-10 1.3784E-10 1.5702E-10 1.8105E-10 2.1101E-10 2.3596E-10 2.6716E-10 3.0603E-10 3.4562E-10 3.8552E-10 4.2421E-10 4.6732E-10 5.1605E-10 5.6390E-10 6.1168E-10 6.6490E-10 7.3546E-10 7.9949E-10 8.6318E-10 9.2888E-10 9.9734E-10 1.0687E-09 1.1416E-09 1.2117E-09 1.2887E-09 1.3644E-09 1.4424E-09 1.5231E-09 1.6059E-09 1.6862E-09 1.7676E-09 1.8464E-09 1.9240E-09 2.0026E-09 2.0842E-09 2.1614E-09 2.2368E-09 2.3125E-09 2.3819E-09 2.4492E-09 2.5181E-09 2.5828E-09 2.6459E-09 2.7109E-09 2.7710E-09 2.8306E-09 2.8836E-09 2.9396E-09 2.9879E-09 3.0331E-09 3.0747E-09 3.1132E-09 3.1548E-09
1.9405E-11 4.6578E-11 7.2855E-11 8.3344E-11 9.6400E-11 1.2664E-10 1.4563E-10 1.6770E-10 1.9428E-10 2.1773E-10 2.4666E-10 2.8406E-10 3.1875E-10 3.5775E-10 3.9419E-10 4.3509E-10 4.7974E-10 5.2407E-10 5.7081E-10 6.1969E-10 6.8488E-10 7.4501E-10 8.0690E-10 8.6632E-10 9.3292E-10 9.9715E-10 1.0692E-09 1.1357E-09 1.2080E-09 1.2774E-09 1.3528E-09 1.4274E-09 1.5058E-09 1.5818E-09 1.6609E-09 1.7354E-09 1.8091E-09 1.8822E-09 1.9592E-09 2.0322E-09 2.1033E-09 2.1762E-09 2.2416E-09 2.3050E-09 2.3656E-09 2.4281E-09 2.4864E-09 2.5433E-09 2.6000E-09 2.6559E-09 2.7072E-09 2.7551E-09 2.8013E-09 2.8456E-09 2.8833E-09 2.9179E-09 2.9493E-09
1.0677E-11 3.5569E-11 6.7611E-11 7.7429E-11 8.7255E-11 1.1435E-10 1.3499E-10 1.5414E-10 1.7673E-10 2.0218E-10 2.2882E-10 2.6153E-10 2.9493E-10 3.2976E-10 3.6611E-10 4.0484E-10 4.4614E-10 4.8763E-10 5.3285E-10 5.7680E-10 6.3880E-10 6.9366E-10 7.5207E-10 8.0923E-10 8.7068E-10 9.3171E-10 9.9830E-10 1.0636E-09 1.1316E-09 1.1972E-09 1.2685E-09 1.3376E-09 1.4108E-09 1.4832E-09 1.5578E-09 1.6300E-09 1.7001E-09 1.7692E-09 1.8373E-09 1.9093E-09 1.9763E-09 2.0442E-09 2.1080E-09 2.1674E-09 2.2240E-09 2.2787E-09 2.3354E-09 2.3865E-09 2.4387E-09 2.4861E-09 2.5384E-09 2.5817E-09 2.6246E-09 2.6621E-09 2.7017E-09 2.7328E-09 2.7609E-09
9.9978E-12 2.2917E-11 4.5732E-11 7.1699E-11 8.1120E-11 9.8230E-11 1.2547E-10 1.4056E-10 1.6387E-10 1.8732E-10 2.0763E-10 2.4039E-10 2.7116E-10 3.0612E-10 3.4076E-10 3.7565E-10 4.1215E-10 4.5314E-10 4.9498E-10 5.3617E-10 5.9626E-10 6.4531E-10 6.9909E-10 7.5591E-10 8.1157E-10 8.7002E-10 9.3337E-10 9.9502E-10 1.0576E-09 1.1217E-09 1.1868E-09 1.2529E-09 1.3197E-09 1.3900E-09 1.4578E-09 1.5288E-09 1.5966E-09 1.6619E-09 1.7259E-09 1.7924E-09 1.8551E-09 1.9192E-09 1.9784E-09 2.0363E-09 2.0897E-09 2.1409E-09 2.1892E-09 2.2400E-09 2.2851E-09 2.3319E-09 2.3722E-09 2.4175E-09 2.4551E-09 2.4940E-09 2.5246E-09 2.5527E-09 2.5827E-09
8.6615E-12 1.0458E-11 3.8714E-11 6.6153E-11 7.5391E-11 8.5966E-11 1.1264E-10 1.3033E-10 1.5212E-10 1.6923E-10 1.9259E-10 2.2249E-10 2.4922E-10 2.8199E-10 3.1604E-10 3.4874E-10 3.8288E-10 4.2166E-10 4.5997E-10 5.0038E-10 5.5671E-10 6.0077E-10 6.5067E-10 7.0414E-10 7.5564E-10 8.1308E-10 8.6971E-10 9.2988E-10 9.8788E-10 1.0501E-09 1.1091E-09 1.1738E-09 1.2368E-09 1.3017E-09 1.3655E-09 1.4329E-09 1.4973E-09 1.5601E-09 1.6209E-09 1.6825E-09 1.7402E-09 1.7973E-09 1.8563E-09 1.9088E-09 1.9620E-09 2.0098E-09 2.0553E-09 2.0989E-09 2.1426E-09 2.1831E-09 2.2220E-09 2.2583E-09 2.2940E-09 2.3302E-09 2.3594E-09 2.3877E-09 2.4095E-09
7.3951E-12 9.7740E-12 2.4830E-11 5.2158E-11 7.0045E-11 7.9965E-11 9.8979E-11 1.2099E-10 1.3753E-10 1.5663E-10 1.7843E-10 2.0445E-10 2.2881E-10 2.5889E-10 2.9092E-10 3.2220E-10 3.5432E-10 3.9012E-10 4.2765E-10 4.6680E-10 5.1743E-10 5.5832E-10 6.0514E-10 6.5473E-10 7.0456E-10 7.5797E-10 8.0907E-10 8.6896E-10 9.2315E-10 9.8259E-10 1.0383E-09 1.0994E-09 1.1581E-09 1.2190E-09 1.2788E-09 1.3420E-09 1.4030E-09 1.4629E-09 1.5211E-09 1.5787E-09 1.6325E-09 1.6850E-09 1.7398E-09 1.7900E-09 1.8379E-09 1.8843E-09 1.9281E-09 1.9687E-09 2.0067E-09 2.0439E-09 2.0803E-09 2.1113E-09 2.1450E-09 2.1724E-09 2.2009E-09 2.2279E-09 2.2504E-09
6.9017E-12 8.9103E-12 1.3003E-11 4.1504E-11 6.4449E-11 7.4357E-11 8.5248E-11 1.1117E-10 1.2772E-10 1.4563E-10 1.6407E-10 1.8656E-10 2.1080E-10 2.3738E-10 2.6751E-10 2.9961E-10 3.2996E-10 3.6025E-10 3.9624E-10 4.3281E-10 4.7976E-10 5.2113E-10 5.6282E-10 6.0867E-10 6.5747E-10 7.0520E-10 7.5568E-10 8.0989E-10 8.6230E-10 9.1611E-10 9.7182E-10 1.0289E-09 1.0834E-09 1.1421E-09 1.1978E-09 1.2561E-09 1.3133E-09 1.3705E-09 1.4251E-09 1.4779E-09 1.5312E-09 1.5795E-09 1.6295E-09 1.6771E-09 1.7214E-09 1.7647E-09 1.8056E-09 1.8454E-09 1.8809E-09 1.9139E-09 1.9443E-09 1.9776E-09 2.0035E-09 2.0281E-09 2.0543E-09 2.0747E-09 2.0924E-09
5.7964E-12 7.1810E-12 9.4900E-12 2.8167E-11 5.8035E-11 6.9120E-11 7.8461E-11 9.7130E-11 1.1838E-10 1.3417E-10 1.4924E-10 1.7298E-10 1.9482E-10 2.1786E-10 2.4636E-10 2.7669E-10 3.0493E-10 3.3403E-10 3.6924E-10 4.0227E-10 4.4750E-10 4.8623E-10 5.2224E-10 5.6536E-10 6.1192E-10 6.5497E-10 7.0526E-10 7.5372E-10 8.0513E-10 8.5416E-10 9.0797E-10 9.6079E-10 1.0139E-09 1.0674E-09 1.1219E-09 1.1738E-09 1.2296E-09 1.2824E-09 1.3343E-09 1.3840E-09 1.4350E-09 1.4804E-09 1.5269E-09 1.5693E-09 1.6121E-09 1.6514E-09 1.6910E-09 1.7259E-09 1.7617E-09 1.7925E-09 1.8208E-09 1.8445E-09 1.8695E-09 1.8945E-09 1.9141E-09 1.9304E-09 1.9483E-09
