Assets/Resources/2015_m01_d19_1900(utc+0800)_l00_csi_1hr_conc.grd
DSAA
         159         159
     -79.000      79.000
     -79.000      79.000
  0.0000E+00  0.3714E-04
[rows 75 to 99 of 159, columns 57 to 113 of 159]
2.0575E-08 2.1530E-08 2.2523E-08 2.3488E-08 2.4457E-08 2.5545E-08 2.6655E-08 2.7866E-08 2.9255E-08 3.0809E-08 4.8107E-08 7.4171E-08 1.0621E-07 1.2178E-07 1.1776E-07 1.1271E-07 1.0752E-07 1.0267E-07 9.8434E-08 9.4555E-08 9.0785E-08 8.8462E-08 9.0672E-08 1.0020E-07 1.1267E-07 1.2134E-07 2.1165E-06 2.3323E-06 1.6020E-06 2.5962E-07 9.8799E-09 2.9313E-09 1.7689E-09 1.1987E-09 8.6425E-10 6.3904E-10 5.4812E-10 4.5852E-10 4.3263E-10 4.2545E-10 4.1633E-10 4.0904E-10 4.0278E-10 3.9642E-10 3.8994E-10 3.8336E-10 3.7640E-10 3.6968E-10 3.6262E-10 3.5583E-10 3.4871E-10 3.4161E-10 3.3478E-10 3.2769E-10 3.1977E-10 3.1300E-10 3.0544E-10
1.9134E-08 1.9971E-08 2.0844E-08 2.1691E-08 2.2537E-08 2.3485E-08 2.4478E-08 2.5573E-08 2.6876E-08 4.1681E-08 6.4026E-08 8.2289E-08 1.0770E-07 1.0573E-07 1.0278E-07 9.9562E-08 9.6666E-08 9.7881E-08 9.3541E-08 9.2568E-08 9.1859E-08 9.5145E-08 1.1124E-07 1.3969E-07 1.7234E-07 5.8399E-06 2.5874E-06 2.6127E-06 2.6534E-06 2.6459E-06 1.7066E-06 2.4166E-08 1.5805E-09 1.1027E-09 7.7875E-10 5.8846E-10 5.0395E-10 4.1768E-10 4.0151E-10 3.9487E-10 3.8653E-10 3.8018E-10 3.7496E-10 3.6900E-10 3.6357E-10 3.5741E-10 3.5148E-10 3.4518E-10 3.3885E-10 3.3273E-10 3.2632E-10 3.1991E-10 3.1371E-10 3.0623E-10 3.0029E-10 2.9312E-10 2.8611E-10
1.7630E-08 1.8342E-08 1.9087E-08 1.9805E-08 2.0521E-08 2.1330E-08 2.2170E-08 2.3126E-08 2.5819E-08 5.3335E-08 6.8873E-08 9.0904E-08 9.0434E-08 8.9006E-08 8.7248E-08 8.5643E-08 8.5031E-08 8.5556E-08 8.6935E-08 8.8414E-08 9.0984E-08 1.0857E-07 1.5860E-07 2.1611E-07 1.4083E-05 2.7970E-06 2.8024E-06 2.8091E-06 2.9897E-06 2.9437E-06 5.7875E-07 2.2439E-09 1.4013E-09 9.8469E-10 6.8898E-10 5.3549E-10 4.5425E-10 3.8048E-10 3.7153E-10 3.6572E-10 3.5772E-10 3.5276E-10 3.4757E-10 3.4289E-10 3.3754E-10 3.3239E-10 3.2686E-10 3.2153E-10 3.1588E-10 3.1017E-10 3.0444E-10 2.9889E-10 2.9212E-10 2.8677E-10 2.8024E-10 2.7383E-10 2.6759E-10
1.6103E-08 1.6691E-08 1.7302E-08 1.7892E-08 1.8471E-08 1.9116E-08 1.9812E-08 2.0912E-08 4.3089E-08 4.6137E-08 7.3615E-08 7.3898E-08 7.3533E-08 7.2756E-08 7.1959E-08 7.1797E-08 7.4261E-08 7.5019E-08 7.8080E-08 8.1363E-08 9.0368E-08 1.5443E-07 2.7265E-07 3.7136E-05 2.9993E-06 2.9256E-06 2.9201E-06 3.0914E-06 3.0863E-06 3.4829E-07 3.0339E-09 1.8492E-09 1.2040E-09 8.4239E-10 5.9568E-10 4.8178E-10 3.9851E-10 3.5014E-10 3.4329E-10 3.3741E-10 3.3038E-10 3.2590E-10 3.2191E-10 3.1728E-10 3.1284E-10 3.0833E-10 3.0346E-10 2.9852E-10 2.9352E-10 2.8847E-10 2.8357E-10 2.7750E-10 2.7274E-10 2.6685E-10 2.6106E-10 2.5540E-10 2.4982E-10
1.4590E-08 1.5059E-08 1.5537E-08 1.6003E-08 1.6438E-08 1.6922E-08 1.7531E-08 3.1979E-08 3.6118E-08 5.7407E-08 5.8090E-08 5.8172E-08 5.8049E-08 5.7775E-08 5.7727E-08 5.8496E-08 6.0282E-08 6.3220E-08 6.6933E-08 7.1212E-08 9.5909E-08 2.4966E-07 4.2998E-07 3.1565E-06 3.0508E-06 3.0634E-06 3.1925E-06 3.4070E-06 9.0005E-08 3.7169E-09 2.3107E-09 1.4923E-09 1.0044E-09 7.1122E-10 5.0932E-10 4.2611E-10 3.4028E-10 3.2164E-10 3.1632E-10 3.1030E-10 3.0449E-10 3.0085E-10 2.9712E-10 2.9332E-10 2.8922E-10 2.8525E-10 2.8078E-10 2.7669E-10 2.7209E-10 2.6783E-10 2.6330E-10 2.5828E-10 2.5385E-10 2.4785E-10 2.4356E-10 2.3776E-10 2.3263E-10
1.3106E-08 1.3464E-08 1.3815E-08 1.4151E-08 1.4459E-08 1.4813E-08 2.4969E-08 2.7240E-08 4.1437E-08 4.4086E-08 4.4440E-08 4.4530E-08 4.4608E-08 4.4674E-08 4.5055E-08 4.6241E-08 4.7906E-08 5.0663E-08 5.4092E-08 5.9184E-08 8.0266E-08 1.1856E-07 1.8355E-07 3.5320E-07 2.1648E-06 3.3421E-06 3.4515E-06 2.8058E-08 4.2241E-09 2.6702E-09 1.7610E-09 1.1726E-09 8.0709E-10 5.8036E-10 4.4181E-10 3.6623E-10 3.0332E-10 2.9482E-10 2.9049E-10 2.8401E-10 2.8018E-10 2.7676E-10 2.7354E-10 2.7003E-10 2.6666E-10 2.6282E-10 2.5933E-10 2.5540E-10 2.5176E-10 2.4786E-10 2.4347E-10 2.3962E-10 2.3429E-10 2.2980E-10 2.2533E-10 2.2005E-10 2.1558E-10
1.1676E-08 1.1945E-08 1.2179E-08 1.2401E-08 1.2613E-08 1.7951E-08 2.0938E-08 3.0613E-08 3.2567E-08 3.2950E-08 3.3196E-08 3.3353E-08 3.3493E-08 3.3710E-08 3.4123E-08 3.4925E-08 3.6331E-08 3.8296E-08 4.0728E-08 4.3204E-08 3.3630E-08 2.6037E-08 2.0948E-08 1.7543E-08 1.8004E-08 3.0106E-08 7.4197E-09 4.4042E-09 2.8906E-09 1.9356E-09 1.3381E-09 8.8385E-10 6.4603E-10 4.5666E-10 3.7689E-10 2.9387E-10 2.7693E-10 2.6981E-10 2.6584E-10 2.5977E-10 2.5691E-10 2.5397E-10 2.5098E-10 2.4814E-10 2.4486E-10 2.4191E-10 2.3856E-10 2.3548E-10 2.3146E-10 2.2842E-10 2.2428E-10 2.2030E-10 2.1653E-10 2.1261E-10 2.0791E-10 2.0395E-10 1.9940E-10
1.0360E-08 1.0536E-08 1.0679E-08 1.0805E-08 1.4187E-08 1.6117E-08 2.1096E-08 2.3711E-08 2.3992E-08 2.4183E-08 2.4406E-08 2.4578E-08 2.4681E-08 2.4818E-08 2.5068E-08 2.5470E-08 2.6196E-08 2.7186E-08 2.7914E-08 2.4122E-08 2.0611E-08 1.6939E-08 1.3909E-08 1.0986E-08 8.1975E-09 6.1251E-09 4.2665E-09 2.9282E-09 2.0084E-09 1.4079E-09 9.5517E-10 6.7870E-10 4.9266E-10 3.7870E-10 3.0820E-10 2.5799E-10 2.4938E-10 2.4478E-10 2.3974E-10 2.3500E-10 2.3262E-10 2.2940E-10 2.2633E-10 2.2327E-10 2.2072E-10 2.1810E-10 2.1574E-10 2.1318E-10 2.1083E-10 2.0827E-10 2.0503E-10 2.0244E-10 1.9907E-10 1.9554E-10 1.9208E-10 1.8806E-10 1.8455E-10
9.1447E-09 9.2426E-09 9.3141E-09 1.0595E-08 1.2553E-08 1.5551E-08 1.7203E-08 1.7375E-08 1.7502E-08 1.7627E-08 1.7781E-08 1.7890E-08 1.7895E-08 1.7842E-08 1.7837E-08 1.7897E-08 1.8018E-08 1.8141E-08 1.6501E-08 1.4826E-08 1.2709E-08 1.0739E-08 8.9662E-09 6.9601E-09 5.3514E-09 3.8954E-09 2.7622E-09 1.9824E-09 1.3909E-09 9.8849E-10 6.8469E-10 5.1381E-10 3.6983E-10 3.0837E-10 2.3610E-10 2.2973E-10 2.2271E-10 2.1942E-10 2.1422E-10 2.1145E-10 2.0870E-10 2.0686E-10 2.0476E-10 2.0294E-10 2.0001E-10 1.9808E-10 1.9485E-10 1.9297E-10 1.9105E-10 1.8903E-10 1.8695E-10 1.8477E-10 1.8177E-10 1.7944E-10 1.7593E-10 1.7348E-10 1.6993E-10
8.0302E-09 8.0729E-09 8.2244E-09 9.9407E-09 1.1027E-08 1.2642E-08 1.2703E-08 1.2738E-08 1.2807E-08 1.2885E-08 1.2925E-08 1.2914E-08 1.2814E-08 1.2598E-08 1.2365E-08 1.2173E-08 1.1953E-08 1.1136E-08 1.0140E-08 9.0216E-09 7.8217E-09 6.7299E-09 5.4723E-09 4.2098E-09 3.3088E-09 2.4353E-09 1.8148E-09 1.2957E-09 9.4884E-10 6.5830E-10 5.0161E-10 3.5260E-10 2.9390E-10 2.1725E-10 2.1048E-10 2.0374E-10 1.9786E-10 1.9459E-10 1.8981E-10 1.8845E-10 1.8720E-10 1.8568E-10 1.8443E-10 1.8293E-10 1.8151E-10 1.8005E-10 1.7851E-10 1.7623E-10 1.7458E-10 1.7081E-10 1.6908E-10 1.6729E-10 1.6541E-10 1.6308E-10 1.6105E-10 1.5860E-10 1.5644E-10
7.0338E-09 7.0878E-09 8.0613E-09 8.6035E-09 9.4999E-09 9.5034E-09 9.4821E-09 9.4686E-09 9.4720E-09 9.4758E-09 9.4262E-09 9.2751E-09 9.0761E-09 8.8252E-09 8.4951E-09 8.0685E-09 7.6483E-09 6.9465E-09 6.2576E-09 5.4958E-09 4.7073E-09 3.9576E-09 3.2614E-09 2.5607E-09 2.0378E-09 1.5695E-09 1.1521E-09 8.6371E-10 6.1189E-10 4.6603E-10 3.3477E-10 2.6397E-10 2.0153E-10 1.9058E-10 1.8553E-10 1.7782E-10 1.7530E-10 1.7092E-10 1.6880E-10 1.6791E-10 1.6706E-10 1.6617E-10 1.6517E-10 1.6410E-10 1.6297E-10 1.6175E-10 1.6051E-10 1.5920E-10 1.5788E-10 1.5647E-10 1.5502E-10 1.5316E-10 1.5056E-10 1.4893E-10 1.4722E-10 1.4543E-10 1.4323E-10
6.0830E-09 6.2535E-09 6.3413E-09 6.9882E-09 6.9684E-09 6.9476E-09 6.9489E-09 7.0032E-09 7.0300E-09 6.9910E-09 6.8979E-09 6.7247E-09 6.4617E-09 6.0865E-09 5.6444E-09 5.1752E-09 4.5883E-09 4.0192E-09 3.6060E-09 3.2338E-09 2.8150E-09 2.3828E-09 2.0082E-09 1.6457E-09 1.3021E-09 9.9059E-10 7.5752E-10 5.5503E-10 4.2319E-10 3.1330E-10 2.3936E-10 1.8751E-10 1.7553E-10 1.6899E-10 1.6368E-10 1.5784E-10 1.5624E-10 1.5197E-10 1.5150E-10 1.5093E-10 1.5031E-10 1.4958E-10 1.4881E-10 1.4794E-10 1.4702E-10 1.4605E-10 1.4500E-10 1.4394E-10 1.4281E-10 1.4168E-10 1.4047E-10 1.3922E-10 1.3791E-10 1.3654E-10 1.3476E-10 1.3226E-10 1.3071E-10
5.3306E-09 5.2592E-09 5.1772E-09 5.0645E-09 4.9783E-09 4.8757E-09 4.8019E-09 4.7362E-09 4.7026E-09 4.6629E-09 4.5410E-09 4.3102E-09 4.0093E-09 3.6894E-09 3.3355E-09 2.9870E-09 2.7286E-09 2.5018E-09 2.2492E-09 1.9826E-09 1.7284E-09 1.5003E-09 1.2725E-09 1.0359E-09 8.1285E-10 6.3422E-10 4.8260E-10 3.7428E-10 2.8517E-10 2.2477E-10 1.8227E-10 1.6621E-10 1.5396E-10 1.4972E-10 1.4318E-10 1.4097E-10 1.3766E-10 1.3594E-10 1.3561E-10 1.3521E-10 1.3471E-10 1.3418E-10 1.3355E-10 1.3289E-10 1.3215E-10 1.3135E-10 1.3052E-10 1.2962E-10 1.2872E-10 1.2776E-10 1.2680E-10 1.2577E-10 1.2470E-10 1.2358E-10 1.2241E-10 1.2117E-10 1.1986E-10
4.6562E-09 4.5799E-09 4.4783E-09 4.3668E-09 4.2289E-09 4.0795E-09 3.9080E-09 3.7258E-09 3.5271E-09 3.3242E-09 3.1221E-09 2.9161E-09 2.7019E-09 2.4893E-09 2.3283E-09 2.1702E-09 1.9807E-09 1.7793E-09 1.5699E-09 1.3989E-09 1.2090E-09 1.0303E-09 8.4193E-10 6.8786E-10 5.4198E-10 4.3146E-10 3.3894E-10 2.6960E-10 2.1708E-10 1.8213E-10 1.6175E-10 1.4605E-10 1.3657E-10 1.3179E-10 1.2602E-10 1.2520E-10 1.2128E-10 1.2115E-10 1.2093E-10 1.2065E-10 1.2031E-10 1.1987E-10 1.1942E-10 1.1889E-10 1.1832E-10 1.1769E-10 1.1701E-10 1.1631E-10 1.1554E-10 1.1479E-10 1.1397E-10 1.1316E-10 1.1229E-10 1.1139E-10 1.1044E-10 1.0944E-10 1.0838E-10
4.0515E-09 3.9726E-09 3.8743E-09 3.7519E-09 3.6217E-09 3.4729E-09 3.3149E-09 3.1445E-09 2.9611E-09 2.7742E-09 2.5651E-09 2.3853E-09 2.2083E-09 2.0129E-09 1.8401E-09 1.6685E-09 1.4868E-09 1.3425E-09 1.1893E-09 1.0243E-09 8.7270E-10 7.3476E-10 6.0628E-10 4.9546E-10 4.0334E-10 3.2491E-10 2.6436E-10 2.2141E-10 1.9022E-10 1.6134E-10 1.4465E-10 1.2805E-10 1.2061E-10 1.1340E-10 1.1207E-10 1.0827E-10 1.0764E-10 1.0756E-10 1.0743E-10 1.0724E-10 1.0699E-10 1.0670E-10 1.0633E-10 1.0595E-10 1.0549E-10 1.0501E-10 1.0448E-10 1.0390E-10 1.0332E-10 1.0267E-10 1.0204E-10 1.0136E-10 1.0068E-10 9.9959E-11 9.9202E-11 9.8404E-11 9.7559E-11
3.5076E-09 3.4348E-09 3.3368E-09 3.2264E-09 3.0970E-09 2.9571E-09 2.8092E-09 2.6503E-09 2.4839E-09 2.2960E-09 2.1129E-09 1.9541E-09 1.7804E-09 1.5991E-09 1.4576E-09 1.3046E-09 1.1691E-09 1.0344E-09 8.9944E-10 7.7680E-10 6.6264E-10 5.6071E-10 4.6752E-10 3.9103E-10 3.2264E-10 2.7152E-10 2.2942E-10 1.9600E-10 1.6416E-10 1.4617E-10 1.2681E-10 1.1477E-10 1.0589E-10 1.0139E-10 9.9778E-11 9.6775E-11 9.6792E-11 9.6786E-11 9.6699E-11 9.6577E-11 9.6401E-11 9.6163E-11 9.5907E-11 9.5577E-11 9.5234E-11 9.4836E-11 9.4405E-11 9.3948E-11 9.3440E-11 9.2935E-11 9.2372E-11 9.1834E-11 9.1253E-11 9.0668E-11 9.0047E-11 8.9395E-11 8.8709E-11
3.0056E-09 2.9322E-09 2.8469E-09 2.7482E-09 2.6225E-09 2.5020E-09 2.3663E-09 2.1872E-09 2.0430E-09 1.8781E-09 1.7234E-09 1.5677E-09 1.4200E-09 1.2794E-09 1.1569E-09 1.0413E-09 9.3005E-10 8.2438E-10 7.2017E-10 6.2901E-10 5.4038E-10 4.6247E-10 3.9752E-10 3.3457E-10 2.8268E-10 2.3959E-10 2.0113E-10 1.7127E-10 1.4512E-10 1.2743E-10 1.1091E-10 1.0014E-10 9.0397E-11 8.9550E-11 8.5472E-11 8.5573E-11 8.6070E-11 8.6066E-11 8.6048E-11 8.5963E-11 8.5844E-11 8.6093E-11 8.5873E-11 8.5648E-11 8.5359E-11 8.5057E-11 8.4713E-11 8.4336E-11 8.3945E-11 8.3505E-11 8.3078E-11 8.2598E-11 8.2144E-11 8.1655E-11 8.1160E-11 8.0296E-11 7.9748E-11
2.5732E-09 2.5009E-09 2.4179E-09 2.3178E-09 2.2146E-09 2.0990E-09 1.9642E-09 1.8424E-09 1.7011E-09 1.5814E-09 1.4465E-09 1.3163E-09 1.2055E-09 1.0960E-09 9.9413E-10 8.9242E-10 7.9832E-10 7.0023E-10 6.1688E-10 5.3541E-10 4.6196E-10 3.9792E-10 3.3926E-10 2.9031E-10 2.4582E-10 2.0493E-10 1.7526E-10 1.4687E-10 1.2803E-10 1.0838E-10 9.7130E-11 8.4867E-11 8.0557E-11 7.6058E-11 7.6184E-11 7.6273E-11 7.6338E-11 7.6378E-11 7.6360E-11 7.6334E-11 7.6253E-11 7.6139E-11 7.6002E-11 7.5808E-11 7.5618E-11 7.5375E-11 7.5117E-11 7.4831E-11 7.4513E-11 7.4192E-11 7.3824E-11 7.3474E-11 7.3079E-11 7.2710E-11 7.2314E-11 7.1909E-11 7.1486E-11
2.1813E-09 2.1121E-09 2.0324E-09 1.9483E-09 1.8470E-09 1.7465E-09 1.6468E-09 1.5312E-09 1.4283E-09 1.3243E-09 1.2238E-09 1.1241E-09 1.0280E-09 9.3899E-10 8.4986E-10 7.6586E-10 6.7717E-10 6.0055E-10 5.1932E-10 4.5178E-10 3.8829E-10 3.3287E-10 2.8410E-10 2.4370E-10 2.0101E-10 1.7214E-10 1.4321E-10 1.2344E-10 1.0397E-10 9.1778E-11 7.9744E-11 7.3697E-11 6.8873E-11 6.7665E-11 6.7727E-11 6.8240E-11 6.8298E-11 6.8330E-11 6.8350E-11 6.8318E-11 6.8279E-11 6.8197E-11 6.8083E-11 6.7957E-11 6.7780E-11 6.7608E-11 6.7394E-11 6.7165E-11 6.6918E-11 6.6639E-11 6.6366E-11 6.6051E-11 6.5752E-11 6.5420E-11 6.5108E-11 6.4778E-11 6.4437E-11
1.8651E-09 1.8002E-09 1.7274E-09 1.6493E-09 1.5638E-09 1.4796E-09 1.3890E-09 1.3007E-09 1.2116E-09 1.1248E-09 1.0400E-09 9.5597E-10 8.7905E-10 7.9954E-10 7.2255E-10 6.4122E-10 5.7095E-10 4.9817E-10 4.3377E-10 3.7629E-10 3.2289E-10 2.8050E-10 2.3905E-10 2.0244E-10 1.7076E-10 1.4146E-10 1.1786E-10 9.7178E-11 8.1381E-11 7.1352E-11 6.1771E-11 5.7894E-11 5.4002E-11 5.3785E-11 5.5427E-11 5.7474E-11 5.7837E-11 5.8699E-11 5.9864E-11 6.0278E-11 6.0238E-11 6.0189E-11 6.0110E-11 6.0001E-11 6.0273E-11 6.0116E-11 5.9962E-11 5.9777E-11 5.9577E-11 5.9368E-11 5.9127E-11 5.8901E-11 5.8638E-11 5.8388E-11 5.8116E-11 5.7858E-11 5.7592E-11
1.5889E-09 1.5297E-09 1.4677E-09 1.3977E-09 1.3263E-09 1.2504E-09 1.1736E-09 1.0970E-09 1.0207E-09 9.4733E-10 8.7228E-10 8.0514E-10 7.3420E-10 6.6973E-10 5.9684E-10 5.2982E-10 4.7217E-10 4.1209E-10 3.6241E-10 3.1488E-10 2.7710E-10 2.3829E-10 2.0551E-10 1.7483E-10 1.4793E-10 1.2061E-10 1.0177E-10 8.1045E-11 6.8627E-11 5.6348E-11 5.0414E-11 4.3458E-11 4.1037E-11 4.0294E-11 4.0180E-11 4.1301E-11 4.2747E-11 4.4229E-11 4.4186E-11 4.5278E-11 4.6714E-11 4.7482E-11 4.7418E-11 4.8739E-11 4.9423E-11 5.0117E-11 4.9989E-11 5.0157E-11 5.0747E-11 5.2069E-11 5.1903E-11 5.1706E-11 5.1528E-11 5.1321E-11 5.1123E-11 5.0913E-11 5.0713E-11
1.3343E-09 1.2840E-09 1.2281E-09 1.1683E-09 1.1068E-09 1.0423E-09 9.7981E-10 9.1556E-10 8.5198E-10 7.9018E-10 7.3336E-10 6.7371E-10 6.1166E-10 5.5121E-10 4.9387E-10 4.4229E-10 3.8944E-10 3.4403E-10 3.0370E-10 2.7021E-10 2.3582E-10 2.0670E-10 1.7601E-10 1.5181E-10 1.2196E-10 1.0444E-10 8.1707E-11 7.0570E-11 5.6930E-11 4.9611E-11 4.1222E-11 3.8229E-11 3.5688E-11 3.4944E-11 3.4779E-11 3.4964E-11 3.4830E-11 3.4695E-11 3.5268E-11 3.5184E-11 3.5091E-11 3.5993E-11 3.5917E-11 3.5843E-11 3.6395E-11 3.6615E-11 3.6553E-11 3.6768E-11 3.6696E-11 3.7197E-11 3.7110E-11 3.7038E-11 3.6944E-11 3.7150E-11 3.7064E-11 3.6989E-11 3.6914E-11
1.1202E-09 1.0784E-09 1.0289E-09 9.7982E-10 9.2609E-10 8.7242E-10 8.1793E-10 7.6449E-10 7.0953E-10 6.5862E-10 6.0555E-10 5.4979E-10 4.9838E-10 4.4883E-10 4.0475E-10 3.6146E-10 3.2256E-10 2.9174E-10 2.6295E-10 2.2959E-10 2.0443E-10 1.7490E-10 1.5335E-10 1.2509E-10 1.0716E-10 8.3920E-11 7.1793E-11 5.8164E-11 5.0505E-11 4.1701E-11 3.7793E-11 3.4980E-11 3.2804E-11 3.1725E-11 3.1217E-11 3.0393E-11 3.0567E-11 3.0418E-11 3.0594E-11 3.0465E-11 3.0353E-11 3.0551E-11 3.0788E-11 3.0693E-11 3.0601E-11 3.0828E-11 3.0733E-11 3.0965E-11 3.1177E-11 3.1102E-11 3.1032E-11 3.1239E-11 3.1464E-11 3.1389E-11 3.1337E-11 3.1277E-11 3.1495E-11
9.2554E-10 8.8630E-10 8.4358E-10 8.0160E-10 7.5663E-10 7.1143E-10 6.6753E-10 6.2233E-10 5.7652E-10 5.3469E-10 4.8539E-10 4.4342E-10 4.0621E-10 3.6632E-10 3.3117E-10 3.0330E-10 2.7729E-10 2.5081E-10 2.2283E-10 1.9836E-10 1.7286E-10 1.4919E-10 1.2601E-10 1.0631E-10 8.7842E-11 7.2780E-11 6.0735E-11 5.0082E-11 4.2778E-11 3.7942E-11 3.3914E-11 3.0712E-11 2.8569E-11 2.7564E-11 2.7410E-11 2.7244E-11 2.7067E-11 2.6884E-11 2.6716E-11 2.6881E-11 2.6733E-11 2.6921E-11 2.6792E-11 2.6687E-11 2.6883E-11 2.6778E-11 2.6688E-11 2.6881E-11 2.6805E-11 2.6722E-11 2.6646E-11 2.6581E-11 2.6506E-11 2.6742E-11 2.6680E-11 2.6638E-11 2.6594E-11
7.7186E-10 7.3868E-10 7.0247E-10 6.6603E-10 6.2830E-10 5.8953E-10 5.5371E-10 5.1492E-10 4.7312E-10 4.3544E-10 3.9481E-10 3.6419E-10 3.3323E-10 3.0238E-10 2.8158E-10 2.5869E-10 2.3464E-10 2.1245E-10 1.9018E-10 1.6879E-10 1.4469E-10 1.2528E-10 1.0480E-10 9.1024E-11 7.4828E-11 6.2371E-11 4.9429E-11 4.3390E-11 3.8191E-11 3.4098E-11 3.0816E-11 2.8266E-11 2.6098E-11 2.5005E-11 2.4867E-11 2.4701E-11 2.4526E-11 2.3709E-11 2.3545E-11 2.3380E-11 2.3524E-11 2.3362E-11 2.3223E-11 2.3382E-11 2.3264E-11 2.3149E-11 2.3338E-11 2.3243E-11 2.3139E-11 2.3347E-11 2.3264E-11 2.3185E-11 2.3400E-11 2.3328E-11 2.3284E-11 2.3230E-11 2.3460E-11
