Assets/Resources/2015_m01_d28_0100(utc+0800)_l00_csi_1hr_conc.grd
DSAA
         159         159
     -79.000      79.000
     -79.000      79.000
  0.0000E+00  0.8516E-05
[rows 25 to 49 of 159, columns 57 to 113 of 159]
1.9268E-09 2.3946E-09 2.9407E-09 3.5702E-09 4.2818E-09 5.0646E-09 5.9159E-09 6.8146E-09 7.7386E-09 8.6692E-09 9.5651E-09 1.0393E-08 1.1118E-08 1.1709E-08 1.2136E-08 1.2374E-08 1.2409E-08 1.2238E-08 1.1865E-08 1.1308E-08 1.0591E-08 9.7501E-09 8.8171E-09 7.8333E-09 6.8356E-09 5.8558E-09 4.9235E-09 4.0638E-09 3.2869E-09 2.6061E-09 2.0240E-09 1.5344E-09 1.1306E-09 8.0502E-10 5.6692E-10 3.8963E-10 2.5254E-10 1.5658E-10 8.8267E-11 4.6207E-11 1.8004E-11 6.4530E-12 2.0883E-12 0.0000E+00 0.0000E+00 0.0000E+00 0.0000E+00 0.0000E+00 0.0000E+00 0.0000E+00 0.0000E+00 0.0000E+00 0.0000E+00 0.0000E+00 0.0000E+00 0.0000E+00 0.0000E+00
1.6904E-09 2.1247E-09 2.6344E-09 3.2290E-09 3.9052E-09 4.6672E-09 5.4987E-09 6.3836E-09 7.3085E-09 8.2443E-09 9.1581E-09 1.0021E-08 1.0792E-08 1.1437E-08 1.1923E-08 1.2225E-08 1.2324E-08 1.2214E-08 1.1899E-08 1.1390E-08 1.0713E-08 9.8974E-09 8.9815E-09 8.0050E-09 7.0045E-09 6.0147E-09 5.0673E-09 4.1875E-09 3.3926E-09 2.6930E-09 2.0898E-09 1.5863E-09 1.1714E-09 8.4200E-10 5.9703E-10 4.0835E-10 2.6500E-10 1.6390E-10 9.5006E-11 4.6952E-11 2.2414E-11 7.7669E-12 2.1313E-12 0.0000E+00 0.0000E+00 0.0000E+00 0.0000E+00 0.0000E+00 0.0000E+00 0.0000E+00 0.0000E+00 0.0000E+00 0.0000E+00 0.0000E+00 0.0000E+00 0.0000E+00 0.0000E+00
1.4681E-09 1.8722E-09 2.3512E-09 2.9103E-09 3.5553E-09 4.2829E-09 5.0872E-09 5.9615E-09 6.8842E-09 7.8265E-09 8.7618E-09 9.6559E-09 1.0470E-08 1.1167E-08 1.1713E-08 1.2081E-08 1.2247E-08 1.2202E-08 1.1946E-08 1.1490E-08 1.0855E-08 1.0070E-08 9.1716E-09 8.1988E-09 7.1927E-09 6.1898E-09 5.2277E-09 4.3271E-09 3.5108E-09 2.7897E-09 2.1678E-09 1.6461E-09 1.2198E-09 8.8448E-10 6.2926E-10 4.2664E-10 2.7967E-10 1.7233E-10 1.0080E-10 5.3614E-11 2.3774E-11 8.0135E-12 2.1411E-12 0.0000E+00 0.0000E+00 0.0000E+00 0.0000E+00 0.0000E+00 0.0000E+00 0.0000E+00 0.0000E+00 0.0000E+00 0.0000E+00 0.0000E+00 0.0000E+00 0.0000E+00 0.0000E+00
1.2678E-09 1.6385E-09 2.0807E-09 2.6034E-09 3.2197E-09 3.9180E-09 4.7015E-09 5.5554E-09 6.4670E-09 7.4148E-09 8.3714E-09 9.2947E-09 1.0153E-08 1.0906E-08 1.1519E-08 1.1959E-08 1.2199E-08 1.2225E-08 1.2033E-08 1.1631E-08 1.1037E-08 1.0280E-08 9.3988E-09 8.4302E-09 7.4170E-09 6.3990E-09 5.4124E-09 4.4856E-09 3.6434E-09 2.8960E-09 2.2542E-09 1.7156E-09 1.2710E-09 9.2667E-10 6.6077E-10 4.4500E-10 2.8904E-10 1.8114E-10 1.0548E-10 5.6726E-11 2.5546E-11 8.1407E-12 2.1138E-12 0.0000E+00 0.0000E+00 0.0000E+00 0.0000E+00 0.0000E+00 0.0000E+00 0.0000E+00 0.0000E+00 0.0000E+00 0.0000E+00 0.0000E+00 0.0000E+00 0.0000E+00 0.0000E+00
1.0854E-09 1.4278E-09 1.8370E-09 2.3275E-09 2.9021E-09 3.5704E-09 4.3285E-09 5.1669E-09 6.0728E-09 7.0243E-09 7.9925E-09 8.9471E-09 9.8514E-09 1.0661E-08 1.1338E-08 1.1847E-08 1.2160E-08 1.2257E-08 1.2131E-08 1.1786E-08 1.1237E-08 1.0512E-08 9.6453E-09 8.6794E-09 7.6608E-09 6.6268E-09 5.6173E-09 4.6644E-09 3.7921E-09 3.0170E-09 2.3482E-09 1.7882E-09 1.3314E-09 9.7445E-10 6.8640E-10 4.6698E-10 3.0274E-10 1.8883E-10 1.1078E-10 6.0480E-11 2.6888E-11 8.1296E-12 1.5111E-12 0.0000E+00 0.0000E+00 0.0000E+00 0.0000E+00 0.0000E+00 0.0000E+00 0.0000E+00 0.0000E+00 0.0000E+00 0.0000E+00 0.0000E+00 0.0000E+00 0.0000E+00 0.0000E+00
9.2176E-10 1.2312E-09 1.6087E-09 2.0646E-09 2.6095E-09 3.2458E-09 3.9763E-09 4.7934E-09 5.6883E-09 6.6424E-09 7.6288E-09 8.6147E-09 9.5602E-09 1.0427E-08 1.1173E-08 1.1759E-08 1.2153E-08 1.2329E-08 1.2274E-08 1.1989E-08 1.1487E-08 1.0793E-08 9.9429E-09 8.9767E-09 7.9429E-09 6.8832E-09 5.8427E-09 4.8547E-09 3.9507E-09 3.1481E-09 2.4530E-09 1.8670E-09 1.3876E-09 1.0185E-09 7.1538E-10 4.8040E-10 3.1482E-10 1.9391E-10 1.1615E-10 6.0893E-11 2.8745E-11 7.9668E-12 0.0000E+00 0.0000E+00 0.0000E+00 0.0000E+00 0.0000E+00 0.0000E+00 0.0000E+00 0.0000E+00 0.0000E+00 0.0000E+00 0.0000E+00 0.0000E+00 0.0000E+00 0.0000E+00 0.0000E+00
7.7578E-10 1.0583E-09 1.4078E-09 1.8281E-09 2.3367E-09 2.9444E-09 3.6473E-09 4.4446E-09 5.3287E-09 6.2836E-09 7.2827E-09 8.2995E-09 9.2926E-09 1.0221E-08 1.1040E-08 1.1705E-08 1.2178E-08 1.2433E-08 1.2452E-08 1.2230E-08 1.1775E-08 1.1113E-08 1.0277E-08 9.3097E-09 8.2603E-09 7.1768E-09 6.1022E-09 5.0774E-09 4.1329E-09 3.2896E-09 2.5620E-09 1.9514E-09 1.4526E-09 1.0566E-09 7.4379E-10 4.9965E-10 3.2403E-10 2.0071E-10 1.1725E-10 6.4988E-11 2.7757E-11 7.6467E-12 0.0000E+00 0.0000E+00 0.0000E+00 0.0000E+00 0.0000E+00 0.0000E+00 0.0000E+00 0.0000E+00 0.0000E+00 0.0000E+00 0.0000E+00 0.0000E+00 0.0000E+00 0.0000E+00 0.0000E+00
6.4552E-10 9.0063E-10 1.2211E-09 1.6117E-09 2.0860E-09 2.6614E-09 3.3348E-09 4.1136E-09 4.9853E-09 5.9384E-09 6.9549E-09 8.0026E-09 9.0424E-09 1.0030E-08 1.0921E-08 1.1668E-08 1.2230E-08 1.2571E-08 1.2669E-08 1.2513E-08 1.2109E-08 1.1476E-08 1.0653E-08 9.6788E-09 8.6058E-09 7.4878E-09 6.3738E-09 5.3074E-09 4.3226E-09 3.4416E-09 2.6760E-09 2.0313E-09 1.5138E-09 1.0946E-09 7.6312E-10 5.1334E-10 3.2965E-10 2.0620E-10 1.1867E-10 6.5599E-11 2.6669E-11 6.3555E-12 0.0000E+00 0.0000E+00 0.0000E+00 0.0000E+00 0.0000E+00 0.0000E+00 0.0000E+00 0.0000E+00 0.0000E+00 0.0000E+00 0.0000E+00 0.0000E+00 0.0000E+00 0.0000E+00 0.0000E+00
5.3024E-10 7.6026E-10 1.0568E-09 1.4161E-09 1.8636E-09 2.4030E-09 3.0524E-09 3.8054E-09 4.6639E-09 5.6222E-09 6.6537E-09 7.7287E-09 8.8142E-09 9.8666E-09 1.0836E-08 1.1672E-08 1.2326E-08 1.2755E-08 1.2933E-08 1.2845E-08 1.2492E-08 1.1890E-08 1.1073E-08 1.0091E-08 8.9923E-09 7.8378E-09 6.6762E-09 5.5586E-09 4.5219E-09 3.5968E-09 2.7945E-09 2.1194E-09 1.5698E-09 1.1343E-09 7.8677E-10 5.2436E-10 3.3872E-10 2.0549E-10 1.2014E-10 6.4684E-11 2.4781E-11 0.0000E+00 0.0000E+00 0.0000E+00 0.0000E+00 0.0000E+00 0.0000E+00 0.0000E+00 0.0000E+00 0.0000E+00 0.0000E+00 0.0000E+00 0.0000E+00 0.0000E+00 0.0000E+00 0.0000E+00 0.0000E+00
4.3033E-10 6.3809E-10 9.0730E-10 1.2375E-09 1.6516E-09 2.1646E-09 2.7855E-09 3.5186E-09 4.3695E-09 5.3205E-09 6.3627E-09 7.4740E-09 8.6142E-09 9.7376E-09 1.0790E-08 1.1720E-08 1.2473E-08 1.3002E-08 1.3269E-08 1.3253E-08 1.2953E-08 1.2381E-08 1.1570E-08 1.0570E-08 9.4350E-09 8.2298E-09 7.0134E-09 5.8364E-09 4.7419E-09 3.7603E-09 2.9105E-09 2.2035E-09 1.6231E-09 1.1617E-09 8.0707E-10 5.2937E-10 3.3994E-10 2.0613E-10 1.1972E-10 6.0193E-11 2.2011E-11 0.0000E+00 0.0000E+00 0.0000E+00 0.0000E+00 0.0000E+00 0.0000E+00 0.0000E+00 0.0000E+00 0.0000E+00 0.0000E+00 0.0000E+00 0.0000E+00 0.0000E+00 0.0000E+00 0.0000E+00 0.0000E+00
3.4464E-10 5.2526E-10 7.7537E-10 1.0822E-09 1.4655E-09 1.9502E-09 2.5400E-09 3.2508E-09 4.0883E-09 5.0413E-09 6.1066E-09 7.2482E-09 8.4371E-09 9.6272E-09 1.0765E-08 1.1793E-08 1.2649E-08 1.3279E-08 1.3639E-08 1.3698E-08 1.3450E-08 1.2908E-08 1.2101E-08 1.1079E-08 9.9054E-09 8.6459E-09 7.3647E-09 6.1216E-09 4.9669E-09 3.9312E-09 3.0335E-09 2.2825E-09 1.6766E-09 1.1932E-09 8.1948E-10 5.3964E-10 3.3862E-10 2.0497E-10 1.1459E-10 5.5089E-11 1.5307E-11 0.0000E+00 0.0000E+00 0.0000E+00 0.0000E+00 0.0000E+00 0.0000E+00 0.0000E+00 0.0000E+00 0.0000E+00 0.0000E+00 0.0000E+00 0.0000E+00 0.0000E+00 0.0000E+00 0.0000E+00 0.0000E+00
2.7147E-10 4.2394E-10 6.5637E-10 9.3492E-10 1.2936E-09 1.7448E-09 2.3115E-09 2.9965E-09 3.8190E-09 4.7757E-09 5.8523E-09 7.0289E-09 8.2757E-09 9.5387E-09 1.0771E-08 1.1904E-08 1.2871E-08 1.3611E-08 1.4071E-08 1.4213E-08 1.4020E-08 1.3505E-08 1.2697E-08 1.1647E-08 1.0423E-08 9.0975E-09 7.7436E-09 6.4251E-09 5.1964E-09 4.0975E-09 3.1515E-09 2.3578E-09 1.7149E-09 1.2170E-09 8.2812E-10 5.3986E-10 3.3475E-10 2.0103E-10 1.0723E-10 4.8355E-11 0.0000E+00 0.0000E+00 0.0000E+00 0.0000E+00 0.0000E+00 0.0000E+00 0.0000E+00 0.0000E+00 0.0000E+00 0.0000E+00 0.0000E+00 0.0000E+00 0.0000E+00 0.0000E+00 0.0000E+00 0.0000E+00 0.0000E+00
2.0698E-10 3.3689E-10 5.5122E-10 8.0961E-10 1.1406E-09 1.5642E-09 2.0985E-09 2.7597E-09 3.5763E-09 4.5301E-09 5.6171E-09 6.8305E-09 8.1354E-09 9.4816E-09 1.0813E-08 1.2051E-08 1.3138E-08 1.3994E-08 1.4559E-08 1.4786E-08 1.4653E-08 1.4163E-08 1.3349E-08 1.2265E-08 1.0981E-08 9.5804E-09 8.1435E-09 6.7429E-09 5.4377E-09 4.2704E-09 3.2639E-09 2.4317E-09 1.7581E-09 1.2322E-09 8.3709E-10 5.3540E-10 3.3461E-10 1.9050E-10 9.7809E-11 4.1480E-11 0.0000E+00 0.0000E+00 0.0000E+00 0.0000E+00 0.0000E+00 0.0000E+00 0.0000E+00 0.0000E+00 0.0000E+00 0.0000E+00 0.0000E+00 0.0000E+00 0.0000E+00 0.0000E+00 0.0000E+00 0.0000E+00 0.0000E+00
1.5519E-10 2.6717E-10 4.4635E-10 6.9212E-10 9.9554E-10 1.3901E-09 1.8970E-09 2.5344E-09 3.3303E-09 4.2813E-09 5.3910E-09 6.6436E-09 7.9957E-09 9.4234E-09 1.0858E-08 1.2225E-08 1.3443E-08 1.4421E-08 1.5098E-08 1.5415E-08 1.5342E-08 1.4876E-08 1.4049E-08 1.2921E-08 1.1568E-08 1.0082E-08 8.5512E-09 7.0577E-09 5.6696E-09 4.4329E-09 3.3685E-09 2.4865E-09 1.7884E-09 1.2422E-09 8.3445E-10 5.3027E-10 3.2218E-10 1.7893E-10 8.8074E-11 1.3390E-11 0.0000E+00 0.0000E+00 0.0000E+00 0.0000E+00 0.0000E+00 0.0000E+00 0.0000E+00 0.0000E+00 0.0000E+00 0.0000E+00 0.0000E+00 0.0000E+00 0.0000E+00 0.0000E+00 0.0000E+00 0.0000E+00 0.0000E+00
1.1136E-10 2.0644E-10 3.5215E-10 5.8414E-10 8.6799E-10 1.2309E-09 1.7127E-09 2.3227E-09 3.0982E-09 4.0552E-09 5.1722E-09 6.4564E-09 7.8837E-09 9.4072E-09 1.0945E-08 1.2443E-08 1.3798E-08 1.4918E-08 1.5715E-08 1.6127E-08 1.6113E-08 1.5669E-08 1.4824E-08 1.3641E-08 1.2206E-08 1.0621E-08 8.9843E-09 7.3902E-09 5.9081E-09 4.5897E-09 3.4677E-09 2.5434E-09 1.8082E-09 1.2503E-09 8.2476E-10 5.2372E-10 3.0770E-10 1.6533E-10 7.4831E-11 0.0000E+00 0.0000E+00 0.0000E+00 0.0000E+00 0.0000E+00 0.0000E+00 0.0000E+00 0.0000E+00 0.0000E+00 0.0000E+00 0.0000E+00 0.0000E+00 0.0000E+00 0.0000E+00 0.0000E+00 0.0000E+00 0.0000E+00 0.0000E+00
7.6417E-11 1.5664E-10 2.7347E-10 4.8220E-10 7.4774E-10 1.0872E-09 1.5325E-09 2.1158E-09 2.8531E-09 3.8182E-09 4.9498E-09 6.2743E-09 7.7649E-09 9.3849E-09 1.1061E-08 1.2704E-08 1.4197E-08 1.5464E-08 1.6392E-08 1.6902E-08 1.6948E-08 1.6519E-08 1.5645E-08 1.4396E-08 1.2867E-08 1.1168E-08 9.4131E-09 7.7052E-09 6.1277E-09 4.7304E-09 3.5429E-09 2.5787E-09 1.8171E-09 1.2386E-09 8.1130E-10 5.0180E-10 2.9041E-10 1.4970E-10 5.1474E-11 0.0000E+00 0.0000E+00 0.0000E+00 0.0000E+00 0.0000E+00 0.0000E+00 0.0000E+00 0.0000E+00 0.0000E+00 0.0000E+00 0.0000E+00 0.0000E+00 0.0000E+00 0.0000E+00 0.0000E+00 0.0000E+00 0.0000E+00 0.0000E+00
4.8171E-11 1.1505E-10 2.0815E-10 3.8480E-10 6.3348E-10 9.4937E-10 1.3664E-09 1.9183E-09 2.6276E-09 3.5892E-09 4.7371E-09 6.1018E-09 7.6691E-09 9.3859E-09 1.1184E-08 1.2979E-08 1.4651E-08 1.6077E-08 1.7135E-08 1.7748E-08 1.7850E-08 1.7426E-08 1.6520E-08 1.5191E-08 1.3554E-08 1.1733E-08 9.8531E-09 8.0232E-09 6.3363E-09 4.8582E-09 3.6124E-09 2.6011E-09 1.8185E-09 1.2233E-09 7.8863E-10 4.7962E-10 2.7412E-10 1.2554E-10 7.6011E-12 0.0000E+00 0.0000E+00 0.0000E+00 0.0000E+00 0.0000E+00 0.0000E+00 0.0000E+00 0.0000E+00 0.0000E+00 0.0000E+00 0.0000E+00 0.0000E+00 0.0000E+00 0.0000E+00 0.0000E+00 0.0000E+00 0.0000E+00 0.0000E+00
2.6241E-11 7.8078E-11 1.5241E-10 2.9698E-10 5.2461E-10 8.1857E-10 1.2105E-09 1.7312E-09 2.4117E-09 3.3683E-09 4.5190E-09 5.9227E-09 7.5595E-09 9.3996E-09 1.1362E-08 1.3329E-08 1.5178E-08 1.6779E-08 1.7992E-08 1.8708E-08 1.8866E-08 1.8437E-08 1.7463E-08 1.6029E-08 1.4267E-08 1.2299E-08 1.0274E-08 8.3194E-09 6.5236E-09 4.9546E-09 3.6519E-09 2.6062E-09 1.7974E-09 1.2003E-09 7.5494E-10 4.5240E-10 2.4848E-10 9.7464E-11 1.3932E-12 0.0000E+00 0.0000E+00 0.0000E+00 0.0000E+00 0.0000E+00 0.0000E+00 0.0000E+00 0.0000E+00 0.0000E+00 0.0000E+00 0.0000E+00 0.0000E+00 0.0000E+00 0.0000E+00 0.0000E+00 0.0000E+00 0.0000E+00 0.0000E+00
1.0221E-11 4.8890E-11 1.1064E-10 2.2088E-10 4.2297E-10 6.9497E-10 1.0601E-09 1.5466E-09 2.1976E-09 3.1293E-09 4.2967E-09 5.7491E-09 7.4743E-09 9.4300E-09 1.1558E-08 1.3726E-08 1.5791E-08 1.7581E-08 1.8947E-08 1.9769E-08 1.9961E-08 1.9506E-08 1.8467E-08 1.6909E-08 1.4984E-08 1.2855E-08 1.0682E-08 8.5891E-09 6.6893E-09 5.0390E-09 3.6726E-09 2.5952E-09 1.7699E-09 1.1656E-09 7.1725E-10 4.2454E-10 2.1846E-10 3.6800E-11 1.3548E-12 0.0000E+00 0.0000E+00 0.0000E+00 0.0000E+00 0.0000E+00 0.0000E+00 0.0000E+00 0.0000E+00 0.0000E+00 0.0000E+00 0.0000E+00 0.0000E+00 0.0000E+00 0.0000E+00 0.0000E+00 0.0000E+00 0.0000E+00 0.0000E+00
4.6191E-13 2.7069E-11 7.6303E-11 1.5536E-10 3.2704E-10 5.7585E-10 9.1858E-10 1.3750E-09 1.9895E-09 2.9048E-09 4.0857E-09 5.5714E-09 7.3963E-09 9.5171E-09 1.1836E-08 1.4220E-08 1.6522E-08 1.8540E-08 2.0086E-08 2.1015E-08 2.1239E-08 2.0736E-08 1.9562E-08 1.7837E-08 1.5745E-08 1.3424E-08 1.1071E-08 8.8279E-09 6.8101E-09 5.0843E-09 3.6647E-09 2.5570E-09 1.7261E-09 1.1163E-09 6.7545E-10 3.8308E-10 1.7300E-10 9.1556E-12 2.5250E-13 0.0000E+00 0.0000E+00 0.0000E+00 0.0000E+00 0.0000E+00 0.0000E+00 0.0000E+00 0.0000E+00 0.0000E+00 0.0000E+00 0.0000E+00 0.0000E+00 0.0000E+00 0.0000E+00 0.0000E+00 0.0000E+00 0.0000E+00 0.0000E+00
0.0000E+00 1.0214E-11 4.7384E-11 1.0391E-10 2.4433E-10 4.6582E-10 7.7867E-10 1.2076E-09 1.7853E-09 2.5752E-09 3.8528E-09 5.4020E-09 7.3300E-09 9.6076E-09 1.2170E-08 1.4852E-08 1.7433E-08 1.9693E-08 2.1433E-08 2.2466E-08 2.2692E-08 2.2107E-08 2.0781E-08 1.8848E-08 1.6509E-08 1.3970E-08 1.1433E-08 9.0422E-09 6.9091E-09 5.1001E-09 3.6339E-09 2.5052E-09 1.6684E-09 1.0651E-09 6.2407E-10 3.4076E-10 1.1816E-10 8.2649E-12 0.0000E+00 0.0000E+00 0.0000E+00 0.0000E+00 0.0000E+00 0.0000E+00 0.0000E+00 0.0000E+00 0.0000E+00 0.0000E+00 0.0000E+00 0.0000E+00 0.0000E+00 0.0000E+00 0.0000E+00 0.0000E+00 0.0000E+00 0.0000E+00 0.0000E+00
0.0000E+00 0.0000E+00 2.5798E-11 6.4958E-11 1.7318E-10 3.6592E-10 6.4680E-10 1.0468E-09 1.5883E-09 2.3285E-09 3.6233E-09 5.2055E-09 7.2543E-09 9.7554E-09 1.2590E-08 1.5580E-08 1.8509E-08 2.1082E-08 2.3036E-08 2.4173E-08 2.4383E-08 2.3660E-08 2.2107E-08 1.9922E-08 1.7314E-08 1.4514E-08 1.1748E-08 9.1915E-09 6.9499E-09 5.0735E-09 3.5679E-09 2.4309E-09 1.5931E-09 9.9988E-10 5.6519E-10 2.8259E-10 4.9330E-11 6.7408E-12 0.0000E+00 0.0000E+00 0.0000E+00 0.0000E+00 0.0000E+00 0.0000E+00 0.0000E+00 0.0000E+00 0.0000E+00 0.0000E+00 0.0000E+00 0.0000E+00 0.0000E+00 0.0000E+00 0.0000E+00 0.0000E+00 0.0000E+00 0.0000E+00 0.0000E+00
0.0000E+00 0.0000E+00 9.1057E-12 3.9481E-11 1.1174E-10 2.8013E-10 5.2895E-10 8.9553E-10 1.3954E-09 2.1073E-09 3.4205E-09 5.0250E-09 7.1880E-09 9.9148E-09 1.3101E-08 1.6520E-08 1.9847E-08 2.2756E-08 2.4955E-08 2.6187E-08 2.6347E-08 2.5457E-08 2.3617E-08 2.1081E-08 1.8127E-08 1.5038E-08 1.2039E-08 9.3100E-09 6.9538E-09 5.0165E-09 3.4751E-09 2.3358E-09 1.5149E-09 9.3228E-10 5.0527E-10 2.2803E-10 4.3044E-11 3.8600E-12 0.0000E+00 0.0000E+00 0.0000E+00 0.0000E+00 0.0000E+00 0.0000E+00 0.0000E+00 0.0000E+00 0.0000E+00 0.0000E+00 0.0000E+00 0.0000E+00 0.0000E+00 0.0000E+00 0.0000E+00 0.0000E+00 0.0000E+00 0.0000E+00 0.0000E+00
0.0000E+00 0.0000E+00 0.0000E+00 2.0356E-11 6.3054E-11 2.0032E-10 4.1336E-10 7.4924E-10 1.2151E-09 1.8853E-09 3.1279E-09 4.8654E-09 7.2764E-09 1.0142E-08 1.3699E-08 1.7580E-08 2.1422E-08 2.4768E-08 2.7234E-08 2.8557E-08 2.8601E-08 2.7417E-08 2.5214E-08 2.2292E-08 1.8946E-08 1.5508E-08 1.2241E-08 9.3469E-09 6.8921E-09 4.9058E-09 3.3564E-09 2.2265E-09 1.4136E-09 8.4678E-10 4.4485E-10 1.4407E-10 3.9294E-11 8.0901E-13 0.0000E+00 0.0000E+00 0.0000E+00 0.0000E+00 0.0000E+00 0.0000E+00 0.0000E+00 0.0000E+00 0.0000E+00 0.0000E+00 0.0000E+00 0.0000E+00 0.0000E+00 0.0000E+00 0.0000E+00 0.0000E+00 0.0000E+00 0.0000E+00 0.0000E+00
0.0000E+00 0.0000E+00 0.0000E+00 6.8431E-12 2.9774E-11 1.3332E-10 3.1851E-10 6.1824E-10 1.0468E-09 1.6765E-09 2.8777E-09 4.7523E-09 7.2295E-09 1.0650E-08 1.4931E-08 1.8958E-08 2.3349E-08 2.7175E-08 2.9946E-08 3.1313E-08 3.1190E-08 2.9676E-08 2.6995E-08 2.3537E-08 1.9722E-08 1.5921E-08 1.2374E-08 9.3043E-09 6.7654E-09 4.7408E-09 3.1819E-09 2.0825E-09 1.3046E-09 7.6234E-10 3.5761E-10 1.0194E-10 3.3514E-11 0.0000E+00 0.0000E+00 0.0000E+00 0.0000E+00 0.0000E+00 0.0000E+00 0.0000E+00 0.0000E+00 0.0000E+00 0.0000E+00 0.0000E+00 0.0000E+00 0.0000E+00 0.0000E+00 0.0000E+00 0.0000E+00 0.0000E+00 0.0000E+00 0.0000E+00 0.0000E+00
