Assets/Resources/2015_m01_d12_1400(utc+0800)_l00_csi_1hr_conc.grd
DSAA
         159         159
     -79.000      79.000
     -79.000      79.000
  0.0000E+00  0.2904E-05
[rows 50 to 74 of 159, columns 0 to 56 of 159]
6.1107E-09 6.5862E-09 7.0470E-09 7.4906E-09 7.9089E-09 8.2984E-09 8.6530E-09 8.9699E-09 9.2458E-09 9.4837E-09 9.6828E-09 9.8528E-09 9.9991E-09 1.0122E-08 1.0236E-08 1.0334E-08 1.0414E-08 1.0483E-08 1.0521E-08 1.0535E-08 1.0527E-08 1.0487E-08 1.0428E-08 1.0349E-08 1.0253E-08 1.0145E-08 1.0032E-08 9.9131E-09 9.7948E-09 9.6826E-09 9.5598E-09 9.4159E-09 9.2347E-09 9.0029E-09 8.7137E-09 8.3722E-09 7.9543E-09 7.4685E-09 6.9225E-09 6.3386E-09 5.7191E-09 5.0900E-09 4.4524E-09 3.8217E-09 3.2201E-09 2.6643E-09 2.1545E-09 1.7195E-09 1.3582E-09 1.0411E-09 7.7093E-10 5.4445E-10 3.6693E-10 2.2950E-10 1.2848E-10 5.2881E-11 1.6824E-11
6.4099E-09 6.9180E-09 7.4133E-09 7.8913E-09 8.3440E-09 8.7705E-09 9.1597E-09 9.5142E-09 9.8260E-09 1.0099E-08 1.0337E-08 1.0545E-08 1.0728E-08 1.0892E-08 1.1047E-08 1.1186E-08 1.1313E-08 1.1429E-08 1.1515E-08 1.1578E-08 1.1617E-08 1.1622E-08 1.1609E-08 1.1571E-08 1.1516E-08 1.1450E-08 1.1376E-08 1.1300E-08 1.1231E-08 1.1166E-08 1.1095E-08 1.1013E-08 1.0894E-08 1.0718E-08 1.0483E-08 1.0179E-08 9.7823E-09 9.3064E-09 8.7469E-09 8.1214E-09 7.4399E-09 6.7180E-09 5.9741E-09 5.2158E-09 4.4772E-09 3.7695E-09 3.1252E-09 2.5542E-09 2.0359E-09 1.5984E-09 1.2140E-09 8.8443E-10 6.2285E-10 4.1603E-10 2.5892E-10 1.4296E-10 6.7434E-11
6.6445E-09 7.1794E-09 7.7038E-09 8.2110E-09 8.6935E-09 9.1508E-09 9.5699E-09 9.9576E-09 1.0301E-08 1.0607E-08 1.0879E-08 1.1122E-08 1.1341E-08 1.1544E-08 1.1737E-08 1.1919E-08 1.2092E-08 1.2255E-08 1.2392E-08 1.2506E-08 1.2594E-08 1.2652E-08 1.2689E-08 1.2698E-08 1.2693E-08 1.2676E-08 1.2651E-08 1.2630E-08 1.2618E-08 1.2614E-08 1.2616E-08 1.2608E-08 1.2569E-08 1.2478E-08 1.2324E-08 1.2086E-08 1.1750E-08 1.1317E-08 1.0771E-08 1.0137E-08 9.4243E-09 8.6411E-09 7.8026E-09 6.9273E-09 6.0490E-09 5.1834E-09 4.3829E-09 3.6373E-09 2.9754E-09 2.3848E-09 1.8531E-09 1.3976E-09 1.0115E-09 7.0533E-10 4.7081E-10 2.8699E-10 1.6064E-10
6.8053E-09 7.3609E-09 7.9073E-09 8.4369E-09 8.9427E-09 9.4232E-09 9.8663E-09 1.0281E-08 1.0650E-08 1.0985E-08 1.1285E-08 1.1558E-08 1.1809E-08 1.2047E-08 1.2276E-08 1.2497E-08 1.2714E-08 1.2922E-08 1.3108E-08 1.3273E-08 1.3412E-08 1.3524E-08 1.3611E-08 1.3672E-08 1.3722E-08 1.3758E-08 1.3790E-08 1.3832E-08 1.3886E-08 1.3955E-08 1.4039E-08 1.4121E-08 1.4181E-08 1.4194E-08 1.4143E-08 1.4005E-08 1.3769E-08 1.3406E-08 1.2921E-08 1.2323E-08 1.1619E-08 1.0815E-08 9.9176E-09 8.9543E-09 7.9442E-09 6.9390E-09 5.9666E-09 5.0385E-09 4.2054E-09 3.4376E-09 2.7463E-09 2.1243E-09 1.5886E-09 1.1501E-09 7.9523E-10 5.2241E-10 3.1623E-10
6.8868E-09 7.4551E-09 8.0156E-09 8.5596E-09 9.0809E-09 9.5771E-09 1.0038E-08 1.0470E-08 1.0858E-08 1.1214E-08 1.1537E-08 1.1833E-08 1.2110E-08 1.2377E-08 1.2635E-08 1.2891E-08 1.3144E-08 1.3394E-08 1.3624E-08 1.3837E-08 1.4024E-08 1.4188E-08 1.4324E-08 1.4440E-08 1.4541E-08 1.4633E-08 1.4728E-08 1.4834E-08 1.4959E-08 1.5108E-08 1.5281E-08 1.5460E-08 1.5631E-08 1.5763E-08 1.5834E-08 1.5827E-08 1.5713E-08 1.5463E-08 1.5088E-08 1.4574E-08 1.3926E-08 1.3147E-08 1.2248E-08 1.1237E-08 1.0140E-08 9.0214E-09 7.8873E-09 6.8029E-09 5.7832E-09 4.8217E-09 3.9423E-09 3.1281E-09 2.4131E-09 1.8056E-09 1.3076E-09 9.0771E-10 5.8934E-10
6.8847E-09 7.4573E-09 8.0229E-09 8.5734E-09 9.1013E-09 9.6047E-09 1.0074E-08 1.0516E-08 1.0915E-08 1.1284E-08 1.1620E-08 1.1933E-08 1.2229E-08 1.2515E-08 1.2796E-08 1.3078E-08 1.3359E-08 1.3643E-08 1.3910E-08 1.4163E-08 1.4392E-08 1.4602E-08 1.4784E-08 1.4949E-08 1.5101E-08 1.5248E-08 1.5402E-08 1.5570E-08 1.5767E-08 1.5996E-08 1.6258E-08 1.6535E-08 1.6821E-08 1.7078E-08 1.7287E-08 1.7424E-08 1.7454E-08 1.7354E-08 1.7120E-08 1.6740E-08 1.6206E-08 1.5518E-08 1.4675E-08 1.3678E-08 1.2565E-08 1.1372E-08 1.0128E-08 8.9091E-09 7.7127E-09 6.5760E-09 5.4889E-09 4.4728E-09 3.5576E-09 2.7386E-09 2.0612E-09 1.4869E-09 1.0135E-09
6.7986E-09 7.3673E-09 7.9291E-09 8.4761E-09 9.0025E-09 9.5037E-09 9.9730E-09 1.0414E-08 1.0816E-08 1.1189E-08 1.1531E-08 1.1851E-08 1.2157E-08 1.2455E-08 1.2748E-08 1.3046E-08 1.3347E-08 1.3653E-08 1.3947E-08 1.4230E-08 1.4492E-08 1.4737E-08 1.4957E-08 1.5166E-08 1.5360E-08 1.5555E-08 1.5763E-08 1.5990E-08 1.6251E-08 1.6551E-08 1.6897E-08 1.7266E-08 1.7658E-08 1.8035E-08 1.8381E-08 1.8665E-08 1.8853E-08 1.8924E-08 1.8862E-08 1.8656E-08 1.8288E-08 1.7746E-08 1.7028E-08 1.6129E-08 1.5070E-08 1.3883E-08 1.2615E-08 1.1301E-08 9.9825E-09 8.6997E-09 7.4310E-09 6.2166E-09 5.0710E-09 4.0271E-09 3.1225E-09 2.3538E-09 1.6917E-09
6.6309E-09 7.1872E-09 7.7363E-09 8.2718E-09 8.7867E-09 9.2768E-09 9.7367E-09 1.0169E-08 1.0564E-08 1.0932E-08 1.1270E-08 1.1589E-08 1.1894E-08 1.2194E-08 1.2490E-08 1.2794E-08 1.3103E-08 1.3420E-08 1.3728E-08 1.4029E-08 1.4313E-08 1.4582E-08 1.4830E-08 1.5068E-08 1.5297E-08 1.5531E-08 1.5780E-08 1.6054E-08 1.6368E-08 1.6730E-08 1.7142E-08 1.7588E-08 1.8070E-08 1.8550E-08 1.9017E-08 1.9439E-08 1.9783E-08 2.0027E-08 2.0146E-08 2.0140E-08 1.9979E-08 1.9631E-08 1.9107E-08 1.8391E-08 1.7465E-08 1.6385E-08 1.5181E-08 1.3868E-08 1.2522E-08 1.1143E-08 9.7569E-09 8.3710E-09 7.0080E-09 5.7425E-09 4.5827E-09 3.5763E-09 2.7043E-09
6.3871E-09 6.9228E-09 7.4511E-09 7.9663E-09 8.4609E-09 8.9313E-09 9.3737E-09 9.7890E-09 1.0168E-08 1.0523E-08 1.0848E-08 1.1156E-08 1.1452E-08 1.1745E-08 1.2034E-08 1.2332E-08 1.2638E-08 1.2952E-08 1.3262E-08 1.3567E-08 1.3859E-08 1.4139E-08 1.4402E-08 1.4660E-08 1.4909E-08 1.5167E-08 1.5445E-08 1.5753E-08 1.6103E-08 1.6505E-08 1.6963E-08 1.7464E-08 1.8010E-08 1.8566E-08 1.9131E-08 1.9662E-08 2.0141E-08 2.0542E-08 2.0837E-08 2.1033E-08 2.1093E-08 2.0980E-08 2.0694E-08 2.0214E-08 1.9526E-08 1.8655E-08 1.7610E-08 1.6430E-08 1.5158E-08 1.3795E-08 1.2386E-08 1.0896E-08 9.3992E-09 7.9253E-09 6.5201E-09 5.2549E-09 4.1112E-09
6.0752E-09 6.5831E-09 7.0832E-09 7.5708E-09 8.0379E-09 8.4812E-09 8.8975E-09 9.2878E-09 9.6437E-09 9.9766E-09 1.0282E-08 1.0572E-08 1.0849E-08 1.1126E-08 1.1398E-08 1.1681E-08 1.1972E-08 1.2272E-08 1.2571E-08 1.2867E-08 1.3154E-08 1.3431E-08 1.3696E-08 1.3958E-08 1.4212E-08 1.4482E-08 1.4774E-08 1.5097E-08 1.5465E-08 1.5887E-08 1.6366E-08 1.6891E-08 1.7469E-08 1.8068E-08 1.8691E-08 1.9293E-08 1.9873E-08 2.0393E-08 2.0843E-08 2.1216E-08 2.1480E-08 2.1616E-08 2.1587E-08 2.1387E-08 2.1011E-08 2.0425E-08 1.9659E-08 1.8733E-08 1.7660E-08 1.6471E-08 1.5153E-08 1.3699E-08 1.2164E-08 1.0562E-08 8.9821E-09 7.4666E-09 6.0533E-09
5.7059E-09 6.1792E-09 6.6452E-09 7.0989E-09 7.5320E-09 7.9423E-09 8.3256E-09 8.6843E-09 9.0107E-09 9.3157E-09 9.5948E-09 9.8589E-09 1.0111E-08 1.0363E-08 1.0612E-08 1.0869E-08 1.1136E-08 1.1412E-08 1.1689E-08 1.1964E-08 1.2233E-08 1.2494E-08 1.2747E-08 1.3000E-08 1.3250E-08 1.3514E-08 1.3802E-08 1.4124E-08 1.4491E-08 1.4909E-08 1.5382E-08 1.5904E-08 1.6478E-08 1.7081E-08 1.7718E-08 1.8348E-08 1.8977E-08 1.9569E-08 2.0128E-08 2.0632E-08 2.1072E-08 2.1425E-08 2.1644E-08 2.1739E-08 2.1694E-08 2.1462E-08 2.1067E-08 2.0494E-08 1.9759E-08 1.8889E-08 1.7828E-08 1.6583E-08 1.5144E-08 1.3565E-08 1.1923E-08 1.0233E-08 8.5972E-09
5.2912E-09 5.7255E-09 6.1523E-09 6.5663E-09 6.9611E-09 7.3333E-09 7.6791E-09 8.0018E-09 8.2936E-09 8.5653E-09 8.8136E-09 9.0470E-09 9.2688E-09 9.4907E-09 9.7091E-09 9.9359E-09 1.0170E-08 1.0412E-08 1.0658E-08 1.0903E-08 1.1144E-08 1.1379E-08 1.1610E-08 1.1841E-08 1.2074E-08 1.2320E-08 1.2592E-08 1.2894E-08 1.3239E-08 1.3633E-08 1.4077E-08 1.4564E-08 1.5103E-08 1.5672E-08 1.6280E-08 1.6892E-08 1.7519E-08 1.8129E-08 1.8734E-08 1.9317E-08 1.9872E-08 2.0385E-08 2.0816E-08 2.1174E-08 2.1443E-08 2.1589E-08 2.1596E-08 2.1450E-08 2.1172E-08 2.0740E-08 2.0103E-08 1.9233E-08 1.8095E-08 1.6747E-08 1.5185E-08 1.3492E-08 1.1725E-08
4.8443E-09 5.2359E-09 5.6195E-09 5.9919E-09 6.3444E-09 6.6750E-09 6.9809E-09 7.2638E-09 7.5187E-09 7.7535E-09 7.9684E-09 8.1678E-09 8.3559E-09 8.5447E-09 8.7283E-09 8.9198E-09 9.1167E-09 9.3209E-09 9.5283E-09 9.7361E-09 9.9415E-09 1.0145E-08 1.0342E-08 1.0543E-08 1.0748E-08 1.0966E-08 1.1211E-08 1.1479E-08 1.1791E-08 1.2139E-08 1.2533E-08 1.2963E-08 1.3442E-08 1.3943E-08 1.4488E-08 1.5037E-08 1.5617E-08 1.6189E-08 1.6780E-08 1.7381E-08 1.7979E-08 1.8582E-08 1.9156E-08 1.9713E-08 2.0243E-08 2.0727E-08 2.1119E-08 2.1421E-08 2.1643E-08 2.1739E-08 2.1652E-08 2.1301E-08 2.0664E-08 1.9734E-08 1.8501E-08 1.7026E-08 1.5311E-08
4.3775E-09 4.7256E-09 5.0640E-09 5.3928E-09 5.7005E-09 5.9896E-09 6.2533E-09 6.4951E-09 6.7133E-09 6.9091E-09 7.0895E-09 7.2537E-09 7.4073E-09 7.5612E-09 7.7087E-09 7.8623E-09 8.0209E-09 8.1825E-09 8.3502E-09 8.5179E-09 8.6832E-09 8.8486E-09 9.0094E-09 9.1748E-09 9.3450E-09 9.5270E-09 9.7366E-09 9.9612E-09 1.0229E-08 1.0519E-08 1.0851E-08 1.1206E-08 1.1604E-08 1.2019E-08 1.2474E-08 1.2929E-08 1.3424E-08 1.3914E-08 1.4447E-08 1.4996E-08 1.5581E-08 1.6196E-08 1.6830E-08 1.7507E-08 1.8197E-08 1.8931E-08 1.9645E-08 2.0347E-08 2.1038E-08 2.1670E-08 2.2170E-08 2.2444E-08 2.2454E-08 2.2133E-08 2.1467E-08 2.0443E-08 1.9065E-08
3.9048E-09 4.2087E-09 4.5020E-09 4.7863E-09 5.0503E-09 5.2964E-09 5.5186E-09 5.7208E-09 5.9008E-09 6.0603E-09 6.2049E-09 6.3356E-09 6.4561E-09 6.5750E-09 6.6878E-09 6.8042E-09 6.9244E-09 7.0447E-09 7.1721E-09 7.2976E-09 7.4235E-09 7.5505E-09 7.6726E-09 7.7990E-09 7.9336E-09 8.0794E-09 8.2442E-09 8.4249E-09 8.6390E-09 8.8675E-09 9.1274E-09 9.4033E-09 9.7100E-09 1.0029E-08 1.0378E-08 1.0729E-08 1.1111E-08 1.1495E-08 1.1932E-08 1.2389E-08 1.2906E-08 1.3461E-08 1.4081E-08 1.4781E-08 1.5537E-08 1.6407E-08 1.7324E-08 1.8322E-08 1.9379E-08 2.0463E-08 2.1494E-08 2.2391E-08 2.3087E-08 2.3500E-08 2.3582E-08 2.3252E-08 2.2519E-08
3.4371E-09 3.6979E-09 3.9490E-09 4.1885E-09 4.4121E-09 4.6150E-09 4.7994E-09 4.9622E-09 5.1045E-09 5.2314E-09 5.3431E-09 5.4435E-09 5.5322E-09 5.6179E-09 5.6991E-09 5.7807E-09 5.8646E-09 5.9472E-09 6.0344E-09 6.1222E-09 6.2102E-09 6.2987E-09 6.3847E-09 6.4743E-09 6.5735E-09 6.6797E-09 6.8041E-09 6.9421E-09 7.0953E-09 7.2674E-09 7.4541E-09 7.6537E-09 7.8688E-09 8.0947E-09 8.3343E-09 8.5807E-09 8.8455E-09 9.1214E-09 9.4336E-09 9.7867E-09 1.0194E-08 1.0653E-08 1.1193E-08 1.1827E-08 1.2570E-08 1.3445E-08 1.4437E-08 1.5579E-08 1.6843E-08 1.8225E-08 1.9640E-08 2.1041E-08 2.2356E-08 2.3494E-08 2.4377E-08 2.4912E-08 2.5037E-08
2.9867E-09 3.2058E-09 3.4161E-09 3.6144E-09 3.7981E-09 3.9632E-09 4.1104E-09 4.2372E-09 4.3484E-09 4.4443E-09 4.5256E-09 4.5976E-09 4.6583E-09 4.7159E-09 4.7689E-09 4.8205E-09 4.8717E-09 4.9221E-09 4.9742E-09 5.0279E-09 5.0820E-09 5.1386E-09 5.1910E-09 5.2493E-09 5.3121E-09 5.3854E-09 5.4726E-09 5.5640E-09 5.6712E-09 5.7876E-09 5.9042E-09 6.0374E-09 6.1695E-09 6.3118E-09 6.4562E-09 6.6067E-09 6.7610E-09 6.9391E-09 7.1347E-09 7.3776E-09 7.6552E-09 8.0111E-09 8.4253E-09 8.9503E-09 9.5954E-09 1.0383E-08 1.1333E-08 1.2457E-08 1.3762E-08 1.5235E-08 1.6836E-08 1.8534E-08 2.0270E-08 2.1982E-08 2.3578E-08 2.4977E-08 2.6051E-08
2.5600E-09 2.7420E-09 2.9153E-09 3.0750E-09 3.2217E-09 3.3534E-09 3.4669E-09 3.5643E-09 3.6462E-09 3.7135E-09 3.7695E-09 3.8167E-09 3.8552E-09 3.8901E-09 3.9195E-09 3.9445E-09 3.9683E-09 3.9917E-09 4.0172E-09 4.0420E-09 4.0686E-09 4.0928E-09 4.1207E-09 4.1540E-09 4.1903E-09 4.2323E-09 4.2824E-09 4.3414E-09 4.4039E-09 4.4666E-09 4.5386E-09 4.6070E-09 4.6777E-09 4.7505E-09 4.8203E-09 4.8916E-09 4.9632E-09 5.0487E-09 5.1526E-09 5.2951E-09 5.4568E-09 5.7001E-09 5.9878E-09 6.3920E-09 6.8848E-09 7.5409E-09 8.3429E-09 9.3292E-09 1.0524E-08 1.1900E-08 1.3473E-08 1.5213E-08 1.7114E-08 1.9128E-08 2.1199E-08 2.3257E-08 2.5180E-08
2.1659E-09 2.3132E-09 2.4521E-09 2.5794E-09 2.6960E-09 2.7947E-09 2.8803E-09 2.9503E-09 3.0072E-09 3.0526E-09 3.0872E-09 3.1163E-09 3.1366E-09 3.1495E-09 3.1610E-09 3.1670E-09 3.1722E-09 3.1740E-09 3.1766E-09 3.1804E-09 3.1818E-09 3.1851E-09 3.1945E-09 3.2072E-09 3.2226E-09 3.2421E-09 3.2613E-09 3.2915E-09 3.3171E-09 3.3524E-09 3.3760E-09 3.4002E-09 3.4287E-09 3.4400E-09 3.4653E-09 3.4734E-09 3.4925E-09 3.5114E-09 3.5447E-09 3.6054E-09 3.6919E-09 3.8269E-09 4.0063E-09 4.2824E-09 4.6296E-09 5.1194E-09 5.7329E-09 6.5264E-09 7.4911E-09 8.6475E-09 1.0009E-08 1.1568E-08 1.3382E-08 1.5376E-08 1.7604E-08 1.9965E-08 2.2428E-08
1.8090E-09 1.9245E-09 2.0355E-09 2.1337E-09 2.2200E-09 2.2957E-09 2.3565E-09 2.4024E-09 2.4401E-09 2.4687E-09 2.4874E-09 2.4981E-09 2.5041E-09 2.5054E-09 2.5031E-09 2.4957E-09 2.4847E-09 2.4741E-09 2.4607E-09 2.4462E-09 2.4322E-09 2.4215E-09 2.4172E-09 2.4156E-09 2.4120E-09 2.4168E-09 2.4188E-09 2.4234E-09 2.4257E-09 2.4265E-09 2.4309E-09 2.4232E-09 2.4166E-09 2.4076E-09 2.3916E-09 2.3666E-09 2.3500E-09 2.3254E-09 2.3212E-09 2.3193E-09 2.3557E-09 2.4100E-09 2.5177E-09 2.6713E-09 2.9090E-09 3.2348E-09 3.6671E-09 4.2394E-09 4.9411E-09 5.8142E-09 6.8592E-09 8.1146E-09 9.6218E-09 1.1349E-08 1.3400E-08 1.5679E-08 1.8265E-08
1.4886E-09 1.5804E-09 1.6641E-09 1.7382E-09 1.8033E-09 1.8557E-09 1.8979E-09 1.9285E-09 1.9457E-09 1.9605E-09 1.9710E-09 1.9709E-09 1.9638E-09 1.9571E-09 1.9437E-09 1.9295E-09 1.9085E-09 1.8860E-09 1.8637E-09 1.8388E-09 1.8172E-09 1.7971E-09 1.7826E-09 1.7725E-09 1.7608E-09 1.7511E-09 1.7420E-09 1.7321E-09 1.7170E-09 1.7048E-09 1.6859E-09 1.6617E-09 1.6281E-09 1.6081E-09 1.5763E-09 1.5400E-09 1.4988E-09 1.4674E-09 1.4285E-09 1.4084E-09 1.4027E-09 1.4118E-09 1.4647E-09 1.5430E-09 1.6914E-09 1.8857E-09 2.1758E-09 2.5378E-09 3.0045E-09 3.5914E-09 4.3119E-09 5.2205E-09 6.3144E-09 7.6528E-09 9.2721E-09 1.1192E-08 1.3480E-08
1.2094E-09 1.2782E-09 1.3419E-09 1.3977E-09 1.4424E-09 1.4779E-09 1.5047E-09 1.5209E-09 1.5311E-09 1.5296E-09 1.5295E-09 1.5259E-09 1.5145E-09 1.4984E-09 1.4812E-09 1.4605E-09 1.4381E-09 1.4074E-09 1.3793E-09 1.3516E-09 1.3221E-09 1.2998E-09 1.2825E-09 1.2629E-09 1.2479E-09 1.2306E-09 1.2139E-09 1.1984E-09 1.1760E-09 1.1551E-09 1.1291E-09 1.1029E-09 1.0688E-09 1.0278E-09 9.7574E-10 9.1888E-10 8.5429E-10 7.8069E-10 8.0381E-10 7.7685E-10 7.5806E-10 7.5812E-10 7.6819E-10 8.1956E-10 8.9323E-10 1.0092E-09 1.1776E-09 1.3829E-09 1.6745E-09 2.0182E-09 2.4828E-09 3.0481E-09 3.7628E-09 4.6720E-09 5.7931E-09 7.1938E-09 8.9324E-09
9.6810E-10 1.0211E-09 1.0665E-09 1.1052E-09 1.1382E-09 1.1603E-09 1.1744E-09 1.1815E-09 1.1810E-09 1.1761E-09 1.1670E-09 1.1568E-09 1.1461E-09 1.1269E-09 1.1028E-09 1.0832E-09 1.0552E-09 1.0252E-09 9.9464E-10 9.6753E-10 9.4325E-10 9.1410E-10 8.9385E-10 8.7356E-10 8.5504E-10 8.3160E-10 8.1275E-10 7.9633E-10 7.7608E-10 7.5215E-10 7.2804E-10 7.0068E-10 6.6430E-10 6.1894E-10 5.6496E-10 5.0728E-10 4.6103E-10 4.0918E-10 3.5591E-10 2.9991E-10 2.5886E-10 2.1258E-10 3.2562E-10 3.5188E-10 4.0256E-10 4.6979E-10 5.5504E-10 6.8252E-10 8.2823E-10 1.0260E-09 1.2844E-09 1.6004E-09 2.0233E-09 2.5592E-09 3.2488E-09 4.1402E-09 5.2643E-09
7.6234E-10 8.0118E-10 8.3597E-10 8.6151E-10 8.8226E-10 8.9689E-10 9.0327E-10 9.0091E-10 8.9774E-10 8.8768E-10 8.7515E-10 8.6186E-10 8.4585E-10 8.2870E-10 8.0457E-10 7.8063E-10 7.5679E-10 7.2623E-10 6.9911E-10 6.7317E-10 6.4966E-10 6.2224E-10 5.9910E-10 5.7956E-10 5.5824E-10 5.3378E-10 5.1614E-10 4.9602E-10 4.7428E-10 4.4828E-10 4.2220E-10 3.9885E-10 3.6631E-10 3.3040E-10 2.9222E-10 2.5211E-10 2.0956E-10 1.6843E-10 1.2996E-10 9.4170E-11 6.5417E-11 5.3329E-11 3.1823E-11 1.7329E-11 7.2792E-12 1.6563E-11 1.7002E-10 2.5387E-10 3.4367E-10 4.4321E-10 5.7098E-10 7.4672E-10 9.5993E-10 1.2444E-09 1.6130E-09 2.1087E-09 2.7382E-09
5.9490E-10 6.1907E-10 6.4316E-10 6.6214E-10 6.7290E-10 6.8074E-10 6.8382E-10 6.7923E-10 6.7095E-10 6.6009E-10 6.4651E-10 6.2995E-10 6.1174E-10 5.9179E-10 5.6773E-10 5.4523E-10 5.2049E-10 4.9593E-10 4.6860E-10 4.4669E-10 4.2480E-10 3.9869E-10 3.7257E-10 3.4875E-10 3.2737E-10 3.0239E-10 2.7984E-10 2.6177E-10 2.4381E-10 2.2447E-10 2.0332E-10 1.8246E-10 1.5937E-10 1.3447E-10 1.0813E-10 8.3175E-11 5.8476E-11 3.7554E-11 1.8895E-11 3.8641E-12 5.5407E-13 0.0000E+00 0.0000E+00 0.0000E+00 0.0000E+00 0.0000E+00 0.0000E+00 0.0000E+00 0.0000E+00 0.0000E+00 4.2285E-12 2.4678E-10 3.6845E-10 5.0370E-10 6.8586E-10 9.2420E-10 1.2464E-09
