Assets/Resources/2015_m01_d18_0800(utc+0800)_l00_csi_1hr_conc.grd
DSAA
         159         159
     -79.000      79.000
     -79.000      79.000
  0.3201E-10  0.2643E-05
[rows 0 to 24 of 159, columns 0 to 56 of 159]
3.2011E-11 3.3606E-11 3.5475E-11 3.7337E-11 3.9346E-11 4.1353E-11 4.3312E-11 4.5791E-11 4.7912E-11 5.0555E-11 5.2642E-11 5.5670E-11 5.7935E-11 6.0916E-11 6.3592E-11 6.6119E-11 6.9533E-11 7.2254E-11 7.5855E-11 7.8775E-11 8.2488E-11 8.5609E-11 9.0417E-11 9.4679E-11 9.9057E-11 1.0437E-10 1.0846E-10 1.1428E-10 1.1954E-10 1.2469E-10 1.3075E-10 1.3563E-10 1.4222E-10 1.4827E-10 1.5374E-10 1.6060E-10 1.6676E-10 1.7279E-10 1.7870E-10 1.8501E-10 1.9118E-10 1.9768E-10 2.0410E-10 2.1065E-10 2.1731E-10 2.2410E-10 2.3112E-10 2.3812E-10 2.4525E-10 2.5260E-10 2.5972E-10 2.6727E-10 2.7479E-10 2.8232E-10 2.9015E-10 2.9785E-10 3.0563E-10
3.3022E-11 3.4873E-11 3.6720E-11 3.8713E-11 4.0705E-11 4.2650E-11 4.5113E-11 4.7222E-11 4.9851E-11 5.1928E-11 5.4943E-11 5.7201E-11 5.9849E-11 6.2841E-11 6.5364E-11 6.8773E-11 7.1492E-11 7.5092E-11 7.8014E-11 8.1730E-11 8.4857E-11 8.9675E-11 9.3951E-11 9.8347E-11 1.0369E-10 1.0806E-10 1.1429E-10 1.1895E-10 1.2489E-10 1.3025E-10 1.3541E-10 1.4221E-10 1.4795E-10 1.5449E-10 1.6069E-10 1.6687E-10 1.7278E-10 1.7924E-10 1.8538E-10 1.9165E-10 1.9826E-10 2.0480E-10 2.1146E-10 2.1825E-10 2.2529E-10 2.3232E-10 2.3948E-10 2.4675E-10 2.5405E-10 2.6168E-10 2.6928E-10 2.7690E-10 2.8483E-10 2.9265E-10 3.0056E-10 3.0855E-10 3.1671E-10
3.4258E-11 3.6087E-11 3.8062E-11 4.0038E-11 4.1968E-11 4.4413E-11 4.6508E-11 4.9120E-11 5.1187E-11 5.3639E-11 5.6434E-11 5.9072E-11 6.2054E-11 6.4570E-11 6.7971E-11 7.0686E-11 7.4282E-11 7.7203E-11 8.0919E-11 8.4049E-11 8.8873E-11 9.3159E-11 9.7568E-11 1.0293E-10 1.0755E-10 1.1379E-10 1.1827E-10 1.2425E-10 1.2991E-10 1.3548E-10 1.4218E-10 1.4752E-10 1.5432E-10 1.6059E-10 1.6664E-10 1.7284E-10 1.7918E-10 1.8541E-10 1.9198E-10 1.9848E-10 2.0513E-10 2.1211E-10 2.1881E-10 2.2598E-10 2.3336E-10 2.4045E-10 2.4799E-10 2.5566E-10 2.6312E-10 2.7102E-10 2.7882E-10 2.8682E-10 2.9495E-10 3.0294E-10 3.1135E-10 3.1965E-10 3.2815E-10
3.5439E-11 3.7396E-11 3.9353E-11 4.1267E-11 4.3369E-11 4.5772E-11 4.8043E-11 5.0419E-11 5.2858E-11 5.5637E-11 5.7948E-11 6.1232E-11 6.3739E-11 6.7129E-11 6.9838E-11 7.3426E-11 7.6344E-11 8.0057E-11 8.3186E-11 8.8012E-11 9.2304E-11 9.6984E-11 1.0235E-10 1.0674E-10 1.1300E-10 1.1751E-10 1.2378E-10 1.2922E-10 1.3504E-10 1.4159E-10 1.4697E-10 1.5384E-10 1.6043E-10 1.6655E-10 1.7282E-10 1.7919E-10 1.8550E-10 1.9216E-10 1.9876E-10 2.0550E-10 2.1240E-10 2.1954E-10 2.2670E-10 2.3401E-10 2.4157E-10 2.4893E-10 2.5675E-10 2.6470E-10 2.7243E-10 2.8062E-10 2.8884E-10 2.9692E-10 3.0545E-10 3.1386E-10 3.2250E-10 3.3111E-10 3.3979E-10
3.6326E-11 3.8338E-11 4.0351E-11 4.2318E-11 4.4816E-11 4.6954E-11 4.9627E-11 5.1736E-11 5.4811E-11 5.7110E-11 6.0376E-11 6.2873E-11 6.6249E-11 6.8949E-11 7.2526E-11 7.5438E-11 7.9145E-11 8.2271E-11 8.7094E-11 9.1388E-11 9.6075E-11 1.0145E-10 1.0585E-10 1.1214E-10 1.1692E-10 1.2316E-10 1.2844E-10 1.3429E-10 1.4088E-10 1.4657E-10 1.5388E-10 1.6010E-10 1.6628E-10 1.7262E-10 1.7886E-10 1.8524E-10 1.9199E-10 1.9868E-10 2.0573E-10 2.1252E-10 2.1977E-10 2.2727E-10 2.3469E-10 2.4218E-10 2.5001E-10 2.5785E-10 2.6575E-10 2.7398E-10 2.8214E-10 2.9041E-10 2.9902E-10 3.0753E-10 3.1628E-10 3.2501E-10 3.3383E-10 3.4275E-10 3.5189E-10
3.7626E-11 3.9618E-11 4.1567E-11 4.4041E-11 4.6161E-11 4.8812E-11 5.0905E-11 5.3958E-11 5.6242E-11 5.9487E-11 6.1972E-11 6.5331E-11 6.8021E-11 7.1584E-11 7.4487E-11 7.8185E-11 8.1306E-11 8.6121E-11 9.0412E-11 9.5102E-11 1.0048E-10 1.0489E-10 1.1119E-10 1.1599E-10 1.2264E-10 1.2756E-10 1.3419E-10 1.4033E-10 1.4580E-10 1.5337E-10 1.5944E-10 1.6568E-10 1.7208E-10 1.7839E-10 1.8505E-10 1.9188E-10 1.9865E-10 2.0559E-10 2.1280E-10 2.2004E-10 2.2744E-10 2.3511E-10 2.4272E-10 2.5057E-10 2.5868E-10 2.6672E-10 2.7500E-10 2.8344E-10 2.9189E-10 3.0056E-10 3.0939E-10 3.1834E-10 3.2716E-10 3.3633E-10 3.4548E-10 3.5486E-10 3.6421E-10
3.8872E-11 4.0799E-11 4.3249E-11 4.5349E-11 4.7975E-11 5.0051E-11 5.3078E-11 5.5347E-11 5.8569E-11 6.1039E-11 6.4378E-11 6.7055E-11 7.0601E-11 7.3494E-11 7.6956E-11 8.0291E-11 8.5094E-11 8.9380E-11 9.4067E-11 9.9448E-11 1.0386E-10 1.1017E-10 1.1498E-10 1.2165E-10 1.2658E-10 1.3350E-10 1.3942E-10 1.4549E-10 1.5254E-10 1.5866E-10 1.6521E-10 1.7161E-10 1.7798E-10 1.8471E-10 1.9141E-10 1.9826E-10 2.0529E-10 2.1259E-10 2.2014E-10 2.2744E-10 2.3522E-10 2.4317E-10 2.5114E-10 2.5918E-10 2.6759E-10 2.7593E-10 2.8441E-10 2.9324E-10 3.0200E-10 3.1102E-10 3.2005E-10 3.2919E-10 3.3858E-10 3.4809E-10 3.5758E-10 3.6718E-10 3.7699E-10
4.0018E-11 4.2115E-11 4.4518E-11 4.7117E-11 4.9176E-11 5.2175E-11 5.4426E-11 5.7297E-11 6.0076E-11 6.2845E-11 6.6054E-11 6.9035E-11 7.2460E-11 7.5907E-11 7.9230E-11 8.3043E-11 8.8292E-11 9.2973E-11 9.8347E-11 1.0302E-10 1.0907E-10 1.1389E-10 1.2057E-10 1.2552E-10 1.3266E-10 1.3840E-10 1.4450E-10 1.5159E-10 1.5801E-10 1.6455E-10 1.7081E-10 1.7723E-10 1.8403E-10 1.9079E-10 1.9793E-10 2.0503E-10 2.1242E-10 2.1986E-10 2.2759E-10 2.3515E-10 2.4321E-10 2.5143E-10 2.5961E-10 2.6803E-10 2.7664E-10 2.8549E-10 2.9415E-10 3.0321E-10 3.1242E-10 3.2164E-10 3.3098E-10 3.4059E-10 3.5020E-10 3.5992E-10 3.6988E-10 3.7983E-10 3.9000E-10
4.0980E-11 4.3471E-11 4.5921E-11 4.8280E-11 5.0707E-11 5.3481E-11 5.6106E-11 5.9084E-11 6.1833E-11 6.5020E-11 6.7983E-11 7.1387E-11 7.4587E-11 7.8125E-11 8.1922E-11 8.7151E-11 9.1821E-11 9.7183E-11 1.0205E-10 1.0789E-10 1.1272E-10 1.1940E-10 1.2462E-10 1.3152E-10 1.3728E-10 1.4341E-10 1.5074E-10 1.5719E-10 1.6357E-10 1.6987E-10 1.7655E-10 1.8320E-10 1.9002E-10 1.9723E-10 2.0453E-10 2.1188E-10 2.1941E-10 2.2723E-10 2.3523E-10 2.4307E-10 2.5140E-10 2.5992E-10 2.6838E-10 2.7701E-10 2.8601E-10 2.9509E-10 3.0420E-10 3.1345E-10 3.2298E-10 3.3253E-10 3.4234E-10 3.5217E-10 3.6212E-10 3.7232E-10 3.8264E-10 3.9295E-10 4.0336E-10
4.2612E-11 4.4721E-11 4.7366E-11 4.9456E-11 5.2514E-11 5.4802E-11 5.8065E-11 6.0563E-11 6.3953E-11 6.6667E-11 7.0277E-11 7.3458E-11 7.6976E-11 8.0755E-11 8.5959E-11 9.0250E-11 9.5959E-11 1.0058E-10 1.0665E-10 1.1147E-10 1.1816E-10 1.2358E-10 1.3029E-10 1.3607E-10 1.4247E-10 1.4982E-10 1.5605E-10 1.6246E-10 1.6880E-10 1.7553E-10 1.8243E-10 1.8931E-10 1.9638E-10 2.0374E-10 2.1138E-10 2.1898E-10 2.2669E-10 2.3479E-10 2.4306E-10 2.5118E-10 2.5981E-10 2.6853E-10 2.7729E-10 2.8631E-10 2.9554E-10 3.0494E-10 3.1437E-10 3.2395E-10 3.3381E-10 3.4383E-10 3.5387E-10 3.6417E-10 3.7460E-10 3.8504E-10 3.9561E-10 4.0641E-10 4.1720E-10
4.3823E-11 4.6435E-11 4.8502E-11 5.1526E-11 5.3792E-11 5.7022E-11 5.9498E-11 6.2858E-11 6.5551E-11 6.9132E-11 7.2292E-11 7.5788E-11 7.9181E-11 8.4718E-11 8.8993E-11 9.4676E-11 9.9289E-11 1.0534E-10 1.1015E-10 1.1683E-10 1.2226E-10 1.2823E-10 1.3475E-10 1.4137E-10 1.4854E-10 1.5479E-10 1.6124E-10 1.6761E-10 1.7457E-10 1.8132E-10 1.8825E-10 1.9537E-10 2.0280E-10 2.1050E-10 2.1831E-10 2.2597E-10 2.3416E-10 2.4252E-10 2.5108E-10 2.5949E-10 2.6833E-10 2.7743E-10 2.8651E-10 2.9589E-10 3.0531E-10 3.1503E-10 3.2479E-10 3.3484E-10 3.4493E-10 3.5517E-10 3.6569E-10 3.7635E-10 3.8703E-10 3.9784E-10 4.0891E-10 4.2010E-10 4.3128E-10
4.5165E-11 4.7532E-11 5.0519E-11 5.2761E-11 5.5955E-11 5.8408E-11 6.1734E-11 6.4405E-11 6.7955E-11 7.1091E-11 7.4561E-11 7.7696E-11 8.3431E-11 8.7450E-11 9.3338E-11 9.7936E-11 1.0396E-10 1.0877E-10 1.1505E-10 1.2085E-10 1.2682E-10 1.3334E-10 1.3997E-10 1.4715E-10 1.5342E-10 1.6009E-10 1.6649E-10 1.7329E-10 1.8007E-10 1.8725E-10 1.9442E-10 2.0190E-10 2.0946E-10 2.1733E-10 2.2540E-10 2.3334E-10 2.4180E-10 2.5045E-10 2.5921E-10 2.6792E-10 2.7715E-10 2.8647E-10 2.9599E-10 3.0544E-10 3.1532E-10 3.2537E-10 3.3561E-10 3.4588E-10 3.5644E-10 3.6718E-10 3.7794E-10 3.8885E-10 4.0003E-10 4.1136E-10 4.2269E-10 4.3414E-10 4.4585E-10
4.6547E-11 4.8639E-11 5.1712E-11 5.4325E-11 5.7295E-11 6.0042E-11 6.3232E-11 6.6202E-11 6.9622E-11 7.3076E-11 7.6411E-11 8.1879E-11 8.6097E-11 9.1693E-11 9.6327E-11 1.0252E-10 1.0731E-10 1.1283E-10 1.1937E-10 1.2532E-10 1.3185E-10 1.3811E-10 1.4566E-10 1.5194E-10 1.5863E-10 1.6505E-10 1.7187E-10 1.7868E-10 1.8590E-10 1.9311E-10 2.0064E-10 2.0825E-10 2.1619E-10 2.2433E-10 2.3254E-10 2.4088E-10 2.4962E-10 2.5848E-10 2.6762E-10 2.7663E-10 2.8609E-10 2.9574E-10 3.0545E-10 3.1548E-10 3.2570E-10 3.3597E-10 3.4643E-10 3.5719E-10 3.6812E-10 3.7910E-10 3.9023E-10 4.0165E-10 4.1323E-10 4.2482E-10 4.3668E-10 4.4854E-10 4.6068E-10
4.7614E-11 5.0645E-11 5.2915E-11 5.6161E-11 5.8648E-11 6.2033E-11 6.4744E-11 6.8361E-11 7.1553E-11 7.5090E-11 7.9280E-11 8.4699E-11 8.8900E-11 9.4603E-11 9.9674E-11 1.0579E-10 1.1129E-10 1.1781E-10 1.2375E-10 1.3026E-10 1.3652E-10 1.4406E-10 1.5035E-10 1.5705E-10 1.6348E-10 1.7032E-10 1.7716E-10 1.8441E-10 1.9178E-10 1.9922E-10 2.0688E-10 2.1487E-10 2.2307E-10 2.3148E-10 2.3976E-10 2.4859E-10 2.5754E-10 2.6678E-10 2.7602E-10 2.8559E-10 2.9524E-10 3.0521E-10 3.1538E-10 3.2563E-10 3.3607E-10 3.4682E-10 3.5776E-10 3.6890E-10 3.8008E-10 3.9156E-10 4.0321E-10 4.1490E-10 4.2675E-10 4.3887E-10 4.5117E-10 4.6345E-10 4.7586E-10
4.9564E-11 5.1806E-11 5.5009E-11 5.7467E-11 6.0811E-11 6.3494E-11 6.7071E-11 7.0233E-11 7.3736E-11 7.7512E-11 8.2998E-11 8.7429E-11 9.3089E-11 9.8131E-11 1.0421E-10 1.0968E-10 1.1591E-10 1.2173E-10 1.2858E-10 1.3484E-10 1.4237E-10 1.4865E-10 1.5536E-10 1.6180E-10 1.6865E-10 1.7551E-10 1.8278E-10 1.9017E-10 1.9786E-10 2.0556E-10 2.1339E-10 2.2164E-10 2.3011E-10 2.3879E-10 2.4736E-10 2.5639E-10 2.6572E-10 2.7518E-10 2.8486E-10 2.9450E-10 3.0459E-10 3.1490E-10 3.2542E-10 3.3601E-10 3.4693E-10 3.5806E-10 3.6925E-10 3.8063E-10 3.9232E-10 4.0420E-10 4.1612E-10 4.2821E-10 4.4060E-10 4.5330E-10 4.6586E-10 4.7844E-10 4.9156E-10
5.0682E-11 5.3294E-11 5.6268E-11 5.9244E-11 6.2221E-11 6.5756E-11 6.8885E-11 7.2352E-11 7.5726E-11 8.1522E-11 8.5552E-11 9.1528E-11 9.6171E-11 1.0231E-10 1.0765E-10 1.1421E-10 1.1977E-10 1.2683E-10 1.3307E-10 1.4032E-10 1.4685E-10 1.5356E-10 1.6000E-10 1.6686E-10 1.7373E-10 1.8101E-10 1.8843E-10 1.9615E-10 2.0388E-10 2.1174E-10 2.2004E-10 2.2856E-10 2.3730E-10 2.4618E-10 2.5504E-10 2.6445E-10 2.7400E-10 2.8378E-10 2.9364E-10 3.0386E-10 3.1429E-10 3.2482E-10 3.3568E-10 3.4664E-10 3.5793E-10 3.6929E-10 3.8099E-10 3.9301E-10 4.0498E-10 4.1713E-10 4.2959E-10 4.4225E-10 4.5493E-10 4.6778E-10 4.8093E-10 4.9407E-10 5.0752E-10
5.1808E-11 5.5052E-11 5.7768E-11 6.0928E-11 6.3876E-11 6.7276E-11 7.0717E-11 7.4043E-11 7.9787E-11 8.3768E-11 8.9664E-11 9.4294E-11 1.0062E-10 1.0569E-10 1.1224E-10 1.1797E-10 1.2499E-10 1.3121E-10 1.3844E-10 1.4496E-10 1.5165E-10 1.5809E-10 1.6495E-10 1.7202E-10 1.7912E-10 1.8655E-10 1.9428E-10 2.0204E-10 2.0993E-10 2.1827E-10 2.2683E-10 2.3562E-10 2.4456E-10 2.5369E-10 2.6296E-10 2.7260E-10 2.8246E-10 2.9255E-10 3.0275E-10 3.1330E-10 3.2395E-10 3.3495E-10 3.4618E-10 3.5763E-10 3.6916E-10 3.8104E-10 3.9313E-10 4.0530E-10 4.1767E-10 4.3036E-10 4.4326E-10 4.5620E-10 4.6931E-10 4.8288E-10 4.9648E-10 5.1011E-10 5.2385E-10
5.3822E-11 5.6273E-11 5.9616E-11 6.2297E-11 6.5883E-11 6.9053E-11 7.2571E-11 7.7619E-11 8.2186E-11 8.8019E-11 9.2610E-11 9.8878E-11 1.0391E-10 1.1015E-10 1.1611E-10 1.2283E-10 1.2928E-10 1.3572E-10 1.4297E-10 1.4965E-10 1.5607E-10 1.6293E-10 1.7000E-10 1.7709E-10 1.8453E-10 1.9228E-10 2.0017E-10 2.0796E-10 2.1633E-10 2.2492E-10 2.3376E-10 2.4274E-10 2.5205E-10 2.6127E-10 2.7097E-10 2.8092E-10 2.9109E-10 3.0151E-10 3.1205E-10 3.2281E-10 3.3394E-10 3.4543E-10 3.5690E-10 3.6860E-10 3.8065E-10 3.9292E-10 4.0528E-10 4.1811E-10 4.3090E-10 4.4404E-10 4.5722E-10 4.7075E-10 4.8431E-10 4.9820E-10 5.1213E-10 5.2634E-10 5.4056E-10
5.4996E-11 5.8289E-11 6.0934E-11 6.4470E-11 6.7600E-11 7.1074E-11 7.4828E-11 8.0572E-11 8.4738E-11 9.0884E-11 9.5487E-11 1.0208E-10 1.0715E-10 1.1418E-10 1.1974E-10 1.2681E-10 1.3330E-10 1.4089E-10 1.4755E-10 1.5395E-10 1.6079E-10 1.6785E-10 1.7494E-10 1.8238E-10 1.9013E-10 1.9803E-10 2.0605E-10 2.1443E-10 2.2285E-10 2.3172E-10 2.4074E-10 2.5010E-10 2.5949E-10 2.6913E-10 2.7914E-10 2.8940E-10 2.9991E-10 3.1066E-10 3.2154E-10 3.3278E-10 3.4428E-10 3.5588E-10 3.6785E-10 3.7994E-10 3.9251E-10 4.0506E-10 4.1796E-10 4.3111E-10 4.4432E-10 4.5774E-10 4.7151E-10 4.8549E-10 4.9951E-10 5.1386E-10 5.2839E-10 5.4295E-10 5.5768E-10
5.6408E-11 5.9556E-11 6.2495E-11 6.5890E-11 6.9555E-11 7.2897E-11 7.8927E-11 8.2681E-11 8.9119E-11 9.3675E-11 1.0020E-10 1.0522E-10 1.1174E-10 1.1771E-10 1.2473E-10 1.3118E-10 1.3872E-10 1.4535E-10 1.5174E-10 1.5856E-10 1.6540E-10 1.7268E-10 1.8010E-10 1.8785E-10 1.9575E-10 2.0378E-10 2.1217E-10 2.2060E-10 2.2950E-10 2.3855E-10 2.4795E-10 2.5751E-10 2.6720E-10 2.7715E-10 2.8747E-10 2.9806E-10 3.0890E-10 3.2000E-10 3.3122E-10 3.4283E-10 3.5457E-10 3.6667E-10 3.7917E-10 3.9165E-10 4.0437E-10 4.1745E-10 4.3080E-10 4.4422E-10 4.5800E-10 4.7202E-10 4.8625E-10 5.0056E-10 5.1504E-10 5.2987E-10 5.4491E-10 5.5996E-10 5.7515E-10
5.8164E-11 6.0830E-11 6.4404E-11 6.7797E-11 7.1079E-11 7.6775E-11 8.0729E-11 8.6860E-11 9.1228E-11 9.7819E-11 1.0265E-10 1.0970E-10 1.1526E-10 1.2258E-10 1.2863E-10 1.3622E-10 1.4287E-10 1.4943E-10 1.5622E-10 1.6304E-10 1.7029E-10 1.7770E-10 1.8544E-10 1.9334E-10 2.0136E-10 2.0976E-10 2.1820E-10 2.2711E-10 2.3618E-10 2.4561E-10 2.5520E-10 2.6494E-10 2.7494E-10 2.8532E-10 2.9597E-10 3.0689E-10 3.1807E-10 3.2939E-10 3.4111E-10 3.5296E-10 3.6532E-10 3.7782E-10 3.9045E-10 4.0333E-10 4.1659E-10 4.3026E-10 4.4389E-10 4.5790E-10 4.7199E-10 4.8647E-10 5.0104E-10 5.1595E-10 5.3091E-10 5.4625E-10 5.6175E-10 5.7730E-10 5.9303E-10
5.9387E-11 6.2903E-11 6.6018E-11 6.9481E-11 7.3485E-11 7.8990E-11 8.3805E-11 8.9352E-11 9.5230E-11 1.0064E-10 1.0735E-10 1.1289E-10 1.2011E-10 1.2617E-10 1.3390E-10 1.4050E-10 1.4682E-10 1.5378E-10 1.6057E-10 1.6780E-10 1.7519E-10 1.8291E-10 1.9079E-10 1.9880E-10 2.0719E-10 2.1564E-10 2.2455E-10 2.3364E-10 2.4308E-10 2.5270E-10 2.6259E-10 2.7251E-10 2.8294E-10 2.9365E-10 3.0463E-10 3.1588E-10 3.2742E-10 3.3923E-10 3.5118E-10 3.6353E-10 3.7616E-10 3.8893E-10 4.0208E-10 4.1551E-10 4.2923E-10 4.4304E-10 4.5726E-10 4.7157E-10 4.8628E-10 5.0122E-10 5.1639E-10 5.3165E-10 5.4713E-10 5.6295E-10 5.7898E-10 5.9504E-10 6.1129E-10
6.0849E-11 6.4220E-11 6.7643E-11 7.1194E-11 7.7228E-11 8.1344E-11 8.7444E-11 9.2014E-11 9.8590E-11 1.0385E-10 1.1070E-10 1.1685E-10 1.2385E-10 1.3031E-10 1.3806E-10 1.4434E-10 1.5126E-10 1.5801E-10 1.6521E-10 1.7256E-10 1.8026E-10 1.8799E-10 1.9590E-10 2.0449E-10 2.1292E-10 2.2183E-10 2.3092E-10 2.4037E-10 2.5001E-10 2.5993E-10 2.6987E-10 2.8034E-10 2.9109E-10 3.0213E-10 3.1345E-10 3.2505E-10 3.3694E-10 3.4899E-10 3.6144E-10 3.7418E-10 3.8708E-10 4.0050E-10 4.1395E-10 4.2783E-10 4.4182E-10 4.5622E-10 4.7103E-10 4.8567E-10 5.0084E-10 5.1627E-10 5.3195E-10 5.4755E-10 5.6366E-10 5.8001E-10 5.9656E-10 6.1315E-10 6.2993E-10
6.2653E-11 6.5789E-11 6.9280E-11 7.5225E-11 7.8906E-11 8.5509E-11 8.9656E-11 9.6503E-11 1.0113E-10 1.0846E-10 1.1397E-10 1.2147E-10 1.2749E-10 1.3555E-10 1.4178E-10 1.4865E-10 1.5536E-10 1.6252E-10 1.6971E-10 1.7749E-10 1.8520E-10 1.9308E-10 2.0144E-10 2.1006E-10 2.1896E-10 2.2804E-10 2.3749E-10 2.4714E-10 2.5706E-10 2.6702E-10 2.7752E-10 2.8831E-10 2.9939E-10 3.1076E-10 3.2242E-10 3.3438E-10 3.4651E-10 3.5906E-10 3.7190E-10 3.8503E-10 3.9846E-10 4.1219E-10 4.2607E-10 4.4035E-10 4.5493E-10 4.6980E-10 4.8480E-10 5.0004E-10 5.1570E-10 5.3163E-10 5.4779E-10 5.6405E-10 5.8054E-10 5.9742E-10 6.1450E-10 6.3162E-10 6.4894E-10
6.4160E-11 6.7593E-11 7.1571E-11 7.7056E-11 8.2317E-11 8.7405E-11 9.3750E-11 9.8717E-11 1.0592E-10 1.1103E-10 1.1877E-10 1.2464E-10 1.3271E-10 1.3915E-10 1.4577E-10 1.5262E-10 1.5973E-10 1.6688E-10 1.7441E-10 1.8229E-10 1.9014E-10 1.9846E-10 2.0706E-10 2.1594E-10 2.2501E-10 2.3445E-10 2.4408E-10 2.5401E-10 2.6398E-10 2.7449E-10 2.8530E-10 2.9642E-10 3.0782E-10 3.1954E-10 3.3156E-10 3.4375E-10 3.5637E-10 3.6931E-10 3.8254E-10 3.9607E-10 4.0994E-10 4.2394E-10 4.3837E-10 4.5312E-10 4.6816E-10 4.8336E-10 4.9880E-10 5.1468E-10 5.3086E-10 5.4727E-10 5.6395E-10 5.8058E-10 5.9776E-10 6.1516E-10 6.3279E-10 6.5030E-10 6.6834E-10
