Assets/Resources/2015_m01_d17_1600(utc+0800)_l00_csi_1hr_conc.grd
DSAA
         159         159
     -79.000      79.000
     -79.000      79.000
  0.0000E+00  0.2774E-05
[rows 25 to 49 of 159, columns 0 to 56 of 159]
4.7001E-09 4.9458E-09 5.1989E-09 5.4588E-09 5.7234E-09 5.9911E-09 6.2620E-09 6.5348E-09 6.8080E-09 7.0801E-09 7.3521E-09 7.6212E-09 7.8852E-09 8.1404E-09 8.3898E-09 8.6284E-09 8.8562E-09 9.0730E-09 9.2778E-09 9.4670E-09 9.6404E-09 9.7987E-09 9.9390E-09 1.0063E-08 1.0167E-08 1.0253E-08 1.0322E-08 1.0371E-08 1.0399E-08 1.0409E-08 1.0401E-08 1.0377E-08 1.0332E-08 1.0269E-08 1.0188E-08 1.0089E-08 9.9739E-09 9.8431E-09 9.6958E-09 9.5346E-09 9.3591E-09 9.1708E-09 8.9677E-09 8.7536E-09 8.5277E-09 8.2910E-09 8.0458E-09 7.7909E-09 7.5294E-09 7.2656E-09 6.9976E-09 6.7185E-09 6.4345E-09 6.1553E-09 5.8772E-09 5.5975E-09 5.3172E-09
4.8820E-09 5.1446E-09 5.4156E-09 5.6926E-09 5.9749E-09 6.2622E-09 6.5537E-09 6.8461E-09 7.1401E-09 7.4340E-09 7.7255E-09 8.0122E-09 8.2953E-09 8.5719E-09 8.8385E-09 9.0935E-09 9.3393E-09 9.5727E-09 9.7904E-09 9.9926E-09 1.0180E-08 1.0349E-08 1.0500E-08 1.0631E-08 1.0741E-08 1.0835E-08 1.0904E-08 1.0954E-08 1.0982E-08 1.0990E-08 1.0977E-08 1.0942E-08 1.0888E-08 1.0814E-08 1.0722E-08 1.0609E-08 1.0478E-08 1.0329E-08 1.0164E-08 9.9840E-09 9.7872E-09 9.5760E-09 9.3516E-09 9.1127E-09 8.8614E-09 8.5993E-09 8.3291E-09 8.0504E-09 7.7618E-09 7.4714E-09 7.1789E-09 6.8774E-09 6.5713E-09 6.2716E-09 5.9694E-09 5.6703E-09 5.3716E-09
5.0708E-09 5.3501E-09 5.6381E-09 5.9340E-09 6.2363E-09 6.5439E-09 6.8555E-09 7.1712E-09 7.4864E-09 7.7999E-09 8.1121E-09 8.4223E-09 8.7264E-09 9.0212E-09 9.3080E-09 9.5839E-09 9.8446E-09 1.0094E-08 1.0328E-08 1.0546E-08 1.0746E-08 1.0926E-08 1.1088E-08 1.1227E-08 1.1345E-08 1.1439E-08 1.1512E-08 1.1563E-08 1.1589E-08 1.1595E-08 1.1575E-08 1.1533E-08 1.1469E-08 1.1385E-08 1.1278E-08 1.1149E-08 1.1001E-08 1.0833E-08 1.0648E-08 1.0445E-08 1.0225E-08 9.9904E-09 9.7414E-09 9.4801E-09 9.2008E-09 8.9106E-09 8.6118E-09 8.3068E-09 7.9932E-09 7.6746E-09 7.3542E-09 7.0278E-09 6.6986E-09 6.3772E-09 6.0545E-09 5.7306E-09 5.4124E-09
5.2648E-09 5.5613E-09 5.8676E-09 6.1831E-09 6.5055E-09 6.8360E-09 7.1703E-09 7.5066E-09 7.8429E-09 8.1812E-09 8.5178E-09 8.8492E-09 9.1741E-09 9.4927E-09 9.7999E-09 1.0092E-08 1.0372E-08 1.0638E-08 1.0890E-08 1.1124E-08 1.1338E-08 1.1532E-08 1.1704E-08 1.1854E-08 1.1980E-08 1.2081E-08 1.2158E-08 1.2208E-08 1.2234E-08 1.2234E-08 1.2208E-08 1.2158E-08 1.2082E-08 1.1983E-08 1.1859E-08 1.1714E-08 1.1547E-08 1.1360E-08 1.1152E-08 1.0925E-08 1.0681E-08 1.0422E-08 1.0145E-08 9.8557E-09 9.5524E-09 9.2319E-09 8.9023E-09 8.5640E-09 8.2215E-09 7.8725E-09 7.5239E-09 7.1688E-09 6.8158E-09 6.4692E-09 6.1255E-09 5.7819E-09 5.4389E-09
5.4625E-09 5.7775E-09 6.1025E-09 6.4383E-09 6.7850E-09 7.1367E-09 7.4922E-09 7.8520E-09 8.2144E-09 8.5761E-09 8.9342E-09 9.2903E-09 9.6415E-09 9.9823E-09 1.0308E-08 1.0624E-08 1.0925E-08 1.1208E-08 1.1478E-08 1.1730E-08 1.1960E-08 1.2169E-08 1.2353E-08 1.2514E-08 1.2649E-08 1.2757E-08 1.2837E-08 1.2888E-08 1.2912E-08 1.2907E-08 1.2874E-08 1.2817E-08 1.2731E-08 1.2618E-08 1.2479E-08 1.2317E-08 1.2128E-08 1.1918E-08 1.1686E-08 1.1433E-08 1.1161E-08 1.0871E-08 1.0565E-08 1.0245E-08 9.9118E-09 9.5648E-09 9.2007E-09 8.8294E-09 8.4511E-09 8.0719E-09 7.6913E-09 7.3054E-09 6.9203E-09 6.5493E-09 6.1791E-09 5.8144E-09 5.4538E-09
5.6624E-09 5.9962E-09 6.3437E-09 6.7023E-09 7.0693E-09 7.4424E-09 7.8242E-09 8.2089E-09 8.5951E-09 8.9799E-09 9.3654E-09 9.7469E-09 1.0121E-08 1.0485E-08 1.0838E-08 1.1176E-08 1.1497E-08 1.1803E-08 1.2090E-08 1.2359E-08 1.2607E-08 1.2831E-08 1.3030E-08 1.3202E-08 1.3345E-08 1.3459E-08 1.3541E-08 1.3593E-08 1.3614E-08 1.3605E-08 1.3566E-08 1.3496E-08 1.3398E-08 1.3269E-08 1.3113E-08 1.2930E-08 1.2719E-08 1.2485E-08 1.2226E-08 1.1947E-08 1.1645E-08 1.1323E-08 1.0985E-08 1.0631E-08 1.0264E-08 9.8837E-09 9.4901E-09 9.0847E-09 8.6741E-09 8.2603E-09 7.8465E-09 7.4279E-09 7.0138E-09 6.6128E-09 6.2195E-09 5.8293E-09 5.4497E-09
5.8639E-09 6.2202E-09 6.5895E-09 6.9684E-09 7.3579E-09 7.7578E-09 8.1631E-09 8.5721E-09 8.9843E-09 9.3973E-09 9.8074E-09 1.0213E-08 1.0612E-08 1.1005E-08 1.1384E-08 1.1746E-08 1.2092E-08 1.2419E-08 1.2722E-08 1.3012E-08 1.3280E-08 1.3522E-08 1.3737E-08 1.3920E-08 1.4073E-08 1.4192E-08 1.4280E-08 1.4334E-08 1.4354E-08 1.4341E-08 1.4295E-08 1.4216E-08 1.4105E-08 1.3961E-08 1.3788E-08 1.3582E-08 1.3350E-08 1.3089E-08 1.2802E-08 1.2491E-08 1.2156E-08 1.1801E-08 1.1427E-08 1.1037E-08 1.0631E-08 1.0213E-08 9.7864E-09 9.3451E-09 8.8986E-09 8.4467E-09 7.9993E-09 7.5433E-09 7.1011E-09 6.6631E-09 6.2395E-09 5.8284E-09 5.4243E-09
6.0680E-09 6.4454E-09 6.8352E-09 7.2380E-09 7.6525E-09 8.0758E-09 8.5064E-09 8.9431E-09 9.3821E-09 9.8208E-09 1.0256E-08 1.0689E-08 1.1117E-08 1.1536E-08 1.1944E-08 1.2334E-08 1.2704E-08 1.3052E-08 1.3382E-08 1.3690E-08 1.3978E-08 1.4236E-08 1.4464E-08 1.4660E-08 1.4824E-08 1.4951E-08 1.5043E-08 1.5099E-08 1.5119E-08 1.5102E-08 1.5048E-08 1.4959E-08 1.4834E-08 1.4675E-08 1.4482E-08 1.4254E-08 1.3998E-08 1.3708E-08 1.3392E-08 1.3047E-08 1.2677E-08 1.2285E-08 1.1873E-08 1.1444E-08 1.0999E-08 1.0542E-08 1.0074E-08 9.5993E-09 9.1097E-09 8.6220E-09 8.1348E-09 7.6438E-09 7.1684E-09 6.7009E-09 6.2435E-09 5.8059E-09 5.3820E-09
6.2713E-09 6.6700E-09 7.0824E-09 7.5089E-09 7.9468E-09 8.3970E-09 8.8548E-09 9.3176E-09 9.7840E-09 1.0249E-08 1.0716E-08 1.1176E-08 1.1629E-08 1.2079E-08 1.2516E-08 1.2935E-08 1.3331E-08 1.3709E-08 1.4063E-08 1.4390E-08 1.4694E-08 1.4970E-08 1.5214E-08 1.5424E-08 1.5598E-08 1.5733E-08 1.5830E-08 1.5889E-08 1.5908E-08 1.5887E-08 1.5826E-08 1.5728E-08 1.5589E-08 1.5413E-08 1.5199E-08 1.4950E-08 1.4665E-08 1.4347E-08 1.3997E-08 1.3617E-08 1.3211E-08 1.2779E-08 1.2326E-08 1.1855E-08 1.1367E-08 1.0868E-08 1.0358E-08 9.8404E-09 9.3183E-09 8.7870E-09 8.2610E-09 7.7332E-09 7.2201E-09 6.7256E-09 6.2359E-09 5.7645E-09 5.3207E-09
6.4736E-09 6.8925E-09 7.3275E-09 7.7783E-09 8.2431E-09 8.7182E-09 9.2026E-09 9.6943E-09 1.0188E-08 1.0685E-08 1.1179E-08 1.1669E-08 1.2155E-08 1.2630E-08 1.3094E-08 1.3547E-08 1.3977E-08 1.4382E-08 1.4759E-08 1.5107E-08 1.5425E-08 1.5722E-08 1.5983E-08 1.6207E-08 1.6392E-08 1.6536E-08 1.6640E-08 1.6703E-08 1.6722E-08 1.6698E-08 1.6631E-08 1.6522E-08 1.6370E-08 1.6176E-08 1.5940E-08 1.5667E-08 1.5353E-08 1.5004E-08 1.4619E-08 1.4202E-08 1.3755E-08 1.3282E-08 1.2787E-08 1.2270E-08 1.1738E-08 1.1191E-08 1.0635E-08 1.0074E-08 9.5085E-09 8.9381E-09 8.3715E-09 7.7995E-09 7.2602E-09 6.7225E-09 6.2083E-09 5.7092E-09 5.2336E-09
6.6704E-09 7.1107E-09 7.5705E-09 8.0461E-09 8.5349E-09 9.0365E-09 9.5495E-09 1.0069E-08 1.0594E-08 1.1120E-08 1.1645E-08 1.2169E-08 1.2684E-08 1.3187E-08 1.3684E-08 1.4169E-08 1.4634E-08 1.5063E-08 1.5465E-08 1.5837E-08 1.6177E-08 1.6489E-08 1.6767E-08 1.7006E-08 1.7204E-08 1.7360E-08 1.7473E-08 1.7539E-08 1.7559E-08 1.7532E-08 1.7459E-08 1.7338E-08 1.7172E-08 1.6959E-08 1.6703E-08 1.6403E-08 1.6060E-08 1.5678E-08 1.5256E-08 1.4800E-08 1.4310E-08 1.3793E-08 1.3251E-08 1.2687E-08 1.2108E-08 1.1512E-08 1.0909E-08 1.0297E-08 9.6841E-09 9.0710E-09 8.4578E-09 7.8488E-09 7.2664E-09 6.7009E-09 6.1554E-09 5.6339E-09 5.1370E-09
6.8616E-09 7.3255E-09 7.8078E-09 8.3070E-09 8.8212E-09 9.3511E-09 9.8910E-09 1.0442E-08 1.0998E-08 1.1555E-08 1.2114E-08 1.2668E-08 1.3214E-08 1.3754E-08 1.4281E-08 1.4794E-08 1.5288E-08 1.5750E-08 1.6179E-08 1.6577E-08 1.6940E-08 1.7264E-08 1.7561E-08 1.7819E-08 1.8033E-08 1.8201E-08 1.8321E-08 1.8391E-08 1.8412E-08 1.8383E-08 1.8304E-08 1.8173E-08 1.7994E-08 1.7763E-08 1.7484E-08 1.7156E-08 1.6784E-08 1.6364E-08 1.5905E-08 1.5406E-08 1.4873E-08 1.4310E-08 1.3719E-08 1.3106E-08 1.2474E-08 1.1828E-08 1.1173E-08 1.0510E-08 9.8491E-09 9.1914E-09 8.5328E-09 7.8883E-09 7.2620E-09 6.6645E-09 6.0841E-09 5.5357E-09 5.0208E-09
7.0465E-09 7.5314E-09 8.0368E-09 8.5602E-09 9.1015E-09 9.6571E-09 1.0228E-08 1.0807E-08 1.1395E-08 1.1988E-08 1.2578E-08 1.3164E-08 1.3747E-08 1.4320E-08 1.4878E-08 1.5417E-08 1.5939E-08 1.6439E-08 1.6898E-08 1.7321E-08 1.7707E-08 1.8053E-08 1.8366E-08 1.8643E-08 1.8873E-08 1.9052E-08 1.9180E-08 1.9257E-08 1.9282E-08 1.9253E-08 1.9167E-08 1.9028E-08 1.8832E-08 1.8583E-08 1.8280E-08 1.7924E-08 1.7520E-08 1.7065E-08 1.6566E-08 1.6023E-08 1.5443E-08 1.4830E-08 1.4186E-08 1.3521E-08 1.2833E-08 1.2133E-08 1.1422E-08 1.0707E-08 9.9944E-09 9.2874E-09 8.5828E-09 7.8990E-09 7.2430E-09 6.5980E-09 5.9937E-09 5.4189E-09 4.8851E-09
7.2213E-09 7.7279E-09 8.2561E-09 8.8022E-09 9.3707E-09 9.9558E-09 1.0552E-08 1.1163E-08 1.1784E-08 1.2411E-08 1.3035E-08 1.3657E-08 1.4273E-08 1.4878E-08 1.5467E-08 1.6037E-08 1.6587E-08 1.7119E-08 1.7613E-08 1.8063E-08 1.8475E-08 1.8847E-08 1.9176E-08 1.9470E-08 1.9716E-08 1.9909E-08 2.0049E-08 2.0134E-08 2.0162E-08 2.0130E-08 2.0038E-08 1.9888E-08 1.9678E-08 1.9410E-08 1.9083E-08 1.8700E-08 1.8261E-08 1.7767E-08 1.7224E-08 1.6635E-08 1.6006E-08 1.5340E-08 1.4644E-08 1.3921E-08 1.3178E-08 1.2421E-08 1.1651E-08 1.0882E-08 1.0115E-08 9.3574E-09 8.6036E-09 7.8883E-09 7.1911E-09 6.5219E-09 5.8854E-09 5.2895E-09 4.7387E-09
7.3851E-09 7.9128E-09 8.4609E-09 9.0347E-09 9.6295E-09 1.0239E-08 1.0866E-08 1.1509E-08 1.2159E-08 1.2818E-08 1.3480E-08 1.4138E-08 1.4786E-08 1.5424E-08 1.6044E-08 1.6649E-08 1.7230E-08 1.7788E-08 1.8318E-08 1.8799E-08 1.9241E-08 1.9640E-08 1.9990E-08 2.0294E-08 2.0558E-08 2.0770E-08 2.0923E-08 2.1015E-08 2.1044E-08 2.1012E-08 2.0918E-08 2.0759E-08 2.0537E-08 2.0251E-08 1.9902E-08 1.9490E-08 1.9016E-08 1.8484E-08 1.7898E-08 1.7264E-08 1.6586E-08 1.5868E-08 1.5117E-08 1.4335E-08 1.3534E-08 1.2714E-08 1.1887E-08 1.1059E-08 1.0236E-08 9.4288E-09 8.6281E-09 7.8689E-09 7.1366E-09 6.4453E-09 5.7773E-09 5.1559E-09 4.5851E-09
7.5345E-09 8.0808E-09 8.6546E-09 9.2532E-09 9.8702E-09 1.0509E-08 1.1167E-08 1.1837E-08 1.2520E-08 1.3210E-08 1.3905E-08 1.4600E-08 1.5282E-08 1.5950E-08 1.6606E-08 1.7245E-08 1.7859E-08 1.8443E-08 1.9002E-08 1.9526E-08 1.9997E-08 2.0421E-08 2.0794E-08 2.1116E-08 2.1399E-08 2.1626E-08 2.1790E-08 2.1891E-08 2.1927E-08 2.1897E-08 2.1800E-08 2.1633E-08 2.1399E-08 2.1093E-08 2.0719E-08 2.0275E-08 1.9765E-08 1.9195E-08 1.8565E-08 1.7883E-08 1.7150E-08 1.6375E-08 1.5562E-08 1.4719E-08 1.3852E-08 1.2970E-08 1.2084E-08 1.1196E-08 1.0319E-08 9.4575E-09 8.6113E-09 7.8112E-09 7.0498E-09 6.3229E-09 5.6471E-09 5.0086E-09 4.4250E-09
7.6670E-09 8.2344E-09 8.8314E-09 9.4514E-09 1.0095E-08 1.0762E-08 1.1446E-08 1.2147E-08 1.2860E-08 1.3581E-08 1.4309E-08 1.5036E-08 1.5755E-08 1.6457E-08 1.7149E-08 1.7820E-08 1.8466E-08 1.9082E-08 1.9671E-08 2.0231E-08 2.0734E-08 2.1184E-08 2.1585E-08 2.1933E-08 2.2225E-08 2.2468E-08 2.2647E-08 2.2760E-08 2.2804E-08 2.2778E-08 2.2678E-08 2.2505E-08 2.2257E-08 2.1931E-08 2.1531E-08 2.1058E-08 2.0516E-08 1.9904E-08 1.9229E-08 1.8494E-08 1.7706E-08 1.6872E-08 1.5999E-08 1.5094E-08 1.4166E-08 1.3223E-08 1.2274E-08 1.1328E-08 1.0397E-08 9.4757E-09 8.5943E-09 7.7550E-09 6.9602E-09 6.2118E-09 5.5181E-09 4.8725E-09 4.2614E-09
7.7833E-09 8.3681E-09 8.9870E-09 9.6308E-09 1.0299E-08 1.0990E-08 1.1703E-08 1.2431E-08 1.3173E-08 1.3927E-08 1.4685E-08 1.5444E-08 1.6197E-08 1.6942E-08 1.7666E-08 1.8370E-08 1.9048E-08 1.9703E-08 2.0326E-08 2.0907E-08 2.1449E-08 2.1930E-08 2.2359E-08 2.2730E-08 2.3037E-08 2.3293E-08 2.3489E-08 2.3614E-08 2.3669E-08 2.3646E-08 2.3546E-08 2.3365E-08 2.3102E-08 2.2759E-08 2.2336E-08 2.1834E-08 2.1255E-08 2.0601E-08 1.9878E-08 1.9092E-08 1.8250E-08 1.7359E-08 1.6424E-08 1.5457E-08 1.4464E-08 1.3458E-08 1.2448E-08 1.1445E-08 1.0459E-08 9.4853E-09 8.5668E-09 7.6931E-09 6.8676E-09 6.1004E-09 5.3873E-09 4.7221E-09 4.1105E-09
7.8788E-09 8.4806E-09 9.1221E-09 9.7852E-09 1.0475E-08 1.1192E-08 1.1929E-08 1.2684E-08 1.3454E-08 1.4238E-08 1.5026E-08 1.5816E-08 1.6603E-08 1.7387E-08 1.8147E-08 1.8885E-08 1.9601E-08 2.0293E-08 2.0947E-08 2.1559E-08 2.2131E-08 2.2651E-08 2.3106E-08 2.3500E-08 2.3830E-08 2.4098E-08 2.4312E-08 2.4453E-08 2.4515E-08 2.4498E-08 2.4395E-08 2.4206E-08 2.3932E-08 2.3572E-08 2.3123E-08 2.2590E-08 2.1972E-08 2.1275E-08 2.0507E-08 1.9670E-08 1.8772E-08 1.7818E-08 1.6820E-08 1.5787E-08 1.4729E-08 1.3661E-08 1.2590E-08 1.1532E-08 1.0495E-08 9.4825E-09 8.5199E-09 7.6141E-09 6.7640E-09 5.9794E-09 5.2545E-09 4.5772E-09 3.9745E-09
7.9517E-09 8.5714E-09 9.2284E-09 9.9107E-09 1.0624E-08 1.1362E-08 1.2122E-08 1.2901E-08 1.3698E-08 1.4509E-08 1.5326E-08 1.6143E-08 1.6967E-08 1.7781E-08 1.8582E-08 1.9356E-08 2.0112E-08 2.0836E-08 2.1522E-08 2.2169E-08 2.2774E-08 2.3328E-08 2.3811E-08 2.4234E-08 2.4591E-08 2.4881E-08 2.5107E-08 2.5263E-08 2.5337E-08 2.5324E-08 2.5220E-08 2.5026E-08 2.4739E-08 2.4358E-08 2.3884E-08 2.3318E-08 2.2665E-08 2.1927E-08 2.1112E-08 2.0222E-08 1.9266E-08 1.8251E-08 1.7192E-08 1.6096E-08 1.4979E-08 1.3853E-08 1.2728E-08 1.1622E-08 1.0538E-08 9.4909E-09 8.4952E-09 7.5627E-09 6.6930E-09 5.8928E-09 5.1535E-09 4.4849E-09 3.8843E-09
8.0013E-09 8.6337E-09 9.3084E-09 1.0007E-08 1.0740E-08 1.1497E-08 1.2277E-08 1.3081E-08 1.3901E-08 1.4739E-08 1.5581E-08 1.6429E-08 1.7284E-08 1.8126E-08 1.8959E-08 1.9779E-08 2.0568E-08 2.1322E-08 2.2042E-08 2.2726E-08 2.3362E-08 2.3942E-08 2.4463E-08 2.4916E-08 2.5302E-08 2.5616E-08 2.5853E-08 2.6028E-08 2.6112E-08 2.6104E-08 2.6003E-08 2.5803E-08 2.5505E-08 2.5106E-08 2.4608E-08 2.4013E-08 2.3324E-08 2.2545E-08 2.1681E-08 2.0738E-08 1.9726E-08 1.8655E-08 1.7537E-08 1.6382E-08 1.5211E-08 1.4030E-08 1.2860E-08 1.1707E-08 1.0581E-08 9.5041E-09 8.4806E-09 7.5247E-09 6.6427E-09 5.8236E-09 5.0849E-09 4.4286E-09 3.8590E-09
8.0233E-09 8.6688E-09 9.3569E-09 1.0070E-08 1.0819E-08 1.1593E-08 1.2393E-08 1.3217E-08 1.4059E-08 1.4920E-08 1.5787E-08 1.6666E-08 1.7545E-08 1.8418E-08 1.9282E-08 2.0140E-08 2.0965E-08 2.1751E-08 2.2507E-08 2.3223E-08 2.3888E-08 2.4501E-08 2.5055E-08 2.5538E-08 2.5952E-08 2.6290E-08 2.6549E-08 2.6728E-08 2.6824E-08 2.6825E-08 2.6723E-08 2.6519E-08 2.6208E-08 2.5794E-08 2.5276E-08 2.4653E-08 2.3929E-08 2.3109E-08 2.2198E-08 2.1207E-08 2.0141E-08 1.9015E-08 1.7840E-08 1.6635E-08 1.5411E-08 1.4184E-08 1.2970E-08 1.1780E-08 1.0628E-08 9.5192E-09 8.4757E-09 7.5110E-09 6.6321E-09 5.8098E-09 5.0900E-09 4.4491E-09 3.8926E-09
8.0184E-09 8.6725E-09 9.3717E-09 1.0097E-08 1.0860E-08 1.1648E-08 1.2464E-08 1.3307E-08 1.4169E-08 1.5051E-08 1.5941E-08 1.6845E-08 1.7749E-08 1.8649E-08 1.9546E-08 2.0432E-08 2.1289E-08 2.2116E-08 2.2905E-08 2.3650E-08 2.4347E-08 2.4992E-08 2.5580E-08 2.6092E-08 2.6535E-08 2.6897E-08 2.7176E-08 2.7359E-08 2.7467E-08 2.7470E-08 2.7369E-08 2.7159E-08 2.6840E-08 2.6411E-08 2.5870E-08 2.5220E-08 2.4463E-08 2.3605E-08 2.2653E-08 2.1613E-08 2.0500E-08 1.9328E-08 1.8107E-08 1.6858E-08 1.5592E-08 1.4332E-08 1.3086E-08 1.1871E-08 1.0701E-08 9.5853E-09 8.5386E-09 7.5872E-09 6.7203E-09 5.9052E-09 5.1954E-09 4.5652E-09 3.9940E-09
7.9831E-09 8.6432E-09 9.3509E-09 1.0085E-08 1.0859E-08 1.1659E-08 1.2488E-08 1.3347E-08 1.4225E-08 1.5124E-08 1.6037E-08 1.6960E-08 1.7889E-08 1.8814E-08 1.9741E-08 2.0651E-08 2.1538E-08 2.2403E-08 2.3225E-08 2.4000E-08 2.4728E-08 2.5407E-08 2.6022E-08 2.6575E-08 2.7035E-08 2.7421E-08 2.7715E-08 2.7916E-08 2.8019E-08 2.8029E-08 2.7926E-08 2.7713E-08 2.7386E-08 2.6941E-08 2.6381E-08 2.5705E-08 2.4918E-08 2.4024E-08 2.3031E-08 2.1952E-08 2.0799E-08 1.9584E-08 1.8324E-08 1.7040E-08 1.5747E-08 1.4464E-08 1.3203E-08 1.1977E-08 1.0804E-08 9.6995E-09 8.6708E-09 7.7423E-09 6.8948E-09 6.0892E-09 5.3556E-09 4.7212E-09 4.1224E-09
7.9159E-09 8.5796E-09 9.2927E-09 1.0033E-08 1.0814E-08 1.1623E-08 1.2462E-08 1.3334E-08 1.4224E-08 1.5139E-08 1.6070E-08 1.7010E-08 1.7960E-08 1.8908E-08 1.9858E-08 2.0791E-08 2.1705E-08 2.2601E-08 2.3458E-08 2.4264E-08 2.5025E-08 2.5731E-08 2.6378E-08 2.6955E-08 2.7445E-08 2.7845E-08 2.8154E-08 2.8367E-08 2.8472E-08 2.8480E-08 2.8382E-08 2.8165E-08 2.7828E-08 2.7371E-08 2.6792E-08 2.6092E-08 2.5277E-08 2.4351E-08 2.3327E-08 2.2215E-08 2.1026E-08 1.9780E-08 1.8497E-08 1.7194E-08 1.5893E-08 1.4601E-08 1.3339E-08 1.2125E-08 1.0980E-08 9.9059E-09 8.9154E-09 8.0075E-09 7.1663E-09 6.3358E-09 5.6001E-09 4.9388E-09 4.3127E-09
