Assets/Resources/2015_m01_d08_1700(utc+0800)_l00_csi_1hr_conc.grd
DSAA
         159         159
     -79.000      79.000
     -79.000      79.000
  0.2458E-09  0.1303E-04
[rows 100 to 124 of 159, columns 0 to 56 of 159]
8.3725E-10 8.6083E-10 8.8486E-10 9.0933E-10 9.3425E-10 9.5961E-10 9.8542E-10 1.0117E-09 1.0392E-09 1.0672E-09 1.0957E-09 1.1278E-09 1.1620E-09 1.1982E-09 1.2328E-09 1.2684E-09 1.3090E-09 1.3587E-09 1.4100E-09 1.4612E-09 1.5085E-09 1.5598E-09 1.6133E-09 1.6720E-09 1.7354E-09 1.8071E-09 1.8782E-09 1.9497E-09 2.0180E-09 2.1008E-09 2.1940E-09 2.3045E-09 2.4346E-09 2.5759E-09 2.7184E-09 2.8943E-09 3.1066E-09 3.3326E-09 3.5536E-09 3.7956E-09 4.0632E-09 4.3720E-09 4.7090E-09 5.0878E-09 5.4994E-09 5.9430E-09 6.4268E-09 6.9536E-09 7.5241E-09 8.1389E-09 8.7980E-09 9.5014E-09 1.0248E-08 1.1035E-08 1.1860E-08 1.2722E-08 1.3615E-08
8.2652E-10 8.4979E-10 8.7351E-10 8.9767E-10 9.2227E-10 9.4731E-10 9.7279E-10 9.9871E-10 1.0258E-09 1.0535E-09 1.0816E-09 1.1095E-09 1.1431E-09 1.1789E-09 1.2168E-09 1.2519E-09 1.2919E-09 1.3409E-09 1.3901E-09 1.4380E-09 1.4883E-09 1.5388E-09 1.5916E-09 1.6494E-09 1.7117E-09 1.7823E-09 1.8524E-09 1.9227E-09 1.9899E-09 2.0710E-09 2.1664E-09 2.2736E-09 2.3955E-09 2.5283E-09 2.6699E-09 2.8323E-09 3.0320E-09 3.2593E-09 3.4787E-09 3.7119E-09 3.9698E-09 4.2547E-09 4.5830E-09 4.9466E-09 5.3464E-09 5.7729E-09 6.2377E-09 6.7413E-09 7.2872E-09 7.8764E-09 8.5081E-09 9.1824E-09 9.8980E-09 1.0653E-08 1.1447E-08 1.2276E-08 1.3135E-08
8.1567E-10 8.3864E-10 8.6205E-10 8.8589E-10 9.1018E-10 9.3489E-10 9.6004E-10 9.8561E-10 1.0124E-09 1.0397E-09 1.0667E-09 1.0949E-09 1.1281E-09 1.1632E-09 1.2006E-09 1.2352E-09 1.2733E-09 1.3179E-09 1.3675E-09 1.4183E-09 1.4678E-09 1.5176E-09 1.5695E-09 1.6264E-09 1.6806E-09 1.7500E-09 1.8225E-09 1.8934E-09 1.9612E-09 2.0403E-09 2.1271E-09 2.2356E-09 2.3546E-09 2.4832E-09 2.6215E-09 2.7710E-09 2.9583E-09 3.1836E-09 3.4009E-09 3.6260E-09 3.8744E-09 4.1484E-09 4.4623E-09 4.8087E-09 5.1905E-09 5.5985E-09 6.0436E-09 6.5270E-09 7.0494E-09 7.6113E-09 8.2147E-09 8.8595E-09 9.5436E-09 1.0267E-08 1.1026E-08 1.1819E-08 1.2642E-08
8.0474E-10 8.2740E-10 8.5049E-10 8.7402E-10 8.9797E-10 9.2235E-10 9.4716E-10 9.7240E-10 9.9882E-10 1.0257E-09 1.0524E-09 1.0803E-09 1.1129E-09 1.1465E-09 1.1823E-09 1.2164E-09 1.2549E-09 1.2942E-09 1.3440E-09 1.3940E-09 1.4471E-09 1.4960E-09 1.5470E-09 1.5995E-09 1.6563E-09 1.7203E-09 1.7909E-09 1.8622E-09 1.9319E-09 2.0084E-09 2.0908E-09 2.1910E-09 2.3121E-09 2.4365E-09 2.5702E-09 2.7125E-09 2.8875E-09 3.0944E-09 3.3186E-09 3.5387E-09 3.7773E-09 4.0402E-09 4.3402E-09 4.6651E-09 5.0231E-09 5.4228E-09 5.8475E-09 6.3086E-09 6.8076E-09 7.3452E-09 7.9211E-09 8.5348E-09 9.1867E-09 9.8765E-09 1.0602E-08 1.1359E-08 1.2145E-08
7.9371E-10 8.1606E-10 8.3884E-10 8.6204E-10 8.8566E-10 9.0971E-10 9.3418E-10 9.5907E-10 9.8513E-10 1.0117E-09 1.0379E-09 1.0654E-09 1.0966E-09 1.1297E-09 1.1649E-09 1.1984E-09 1.2342E-09 1.2738E-09 1.3228E-09 1.3739E-09 1.4260E-09 1.4741E-09 1.5243E-09 1.5731E-09 1.6289E-09 1.6912E-09 1.7620E-09 1.8320E-09 1.9021E-09 1.9750E-09 2.0539E-09 2.1463E-09 2.2672E-09 2.3885E-09 2.5183E-09 2.6553E-09 2.8197E-09 3.0123E-09 3.2306E-09 3.4505E-09 3.6788E-09 3.9300E-09 4.2063E-09 4.5219E-09 4.8684E-09 5.2478E-09 5.6510E-09 6.0899E-09 6.5646E-09 7.0759E-09 7.6239E-09 8.2091E-09 8.8309E-09 9.4864E-09 1.0175E-08 1.0896E-08 1.1645E-08
7.8260E-10 8.0464E-10 8.2710E-10 8.4997E-10 8.7327E-10 8.9698E-10 9.2110E-10 9.4564E-10 9.7059E-10 9.9675E-10 1.0234E-09 1.0505E-09 1.0773E-09 1.1099E-09 1.1445E-09 1.1813E-09 1.2165E-09 1.2542E-09 1.3022E-09 1.3537E-09 1.4048E-09 1.4520E-09 1.4995E-09 1.5492E-09 1.6039E-09 1.6651E-09 1.7345E-09 1.8031E-09 1.8718E-09 1.9407E-09 2.0164E-09 2.1063E-09 2.2173E-09 2.3388E-09 2.4653E-09 2.5979E-09 2.7423E-09 2.9325E-09 3.1422E-09 3.3582E-09 3.5792E-09 3.8192E-09 4.0829E-09 4.3835E-09 4.7132E-09 5.0683E-09 5.4567E-09 5.8721E-09 6.3221E-09 6.8073E-09 7.3273E-09 7.8825E-09 8.4722E-09 9.0947E-09 9.7499E-09 1.0435E-08 1.1147E-08
7.7142E-10 7.9314E-10 8.1528E-10 8.3783E-10 8.6078E-10 8.8415E-10 9.0793E-10 9.3212E-10 9.5671E-10 9.8250E-10 1.0088E-09 1.0355E-09 1.0619E-09 1.0939E-09 1.1279E-09 1.1640E-09 1.1974E-09 1.2357E-09 1.2828E-09 1.3287E-09 1.3789E-09 1.4260E-09 1.4726E-09 1.5232E-09 1.5787E-09 1.6386E-09 1.7066E-09 1.7738E-09 1.8411E-09 1.9070E-09 1.9792E-09 2.0650E-09 2.1656E-09 2.2891E-09 2.4099E-09 2.5397E-09 2.6787E-09 2.8520E-09 3.0497E-09 3.2621E-09 3.4770E-09 3.7083E-09 3.9594E-09 4.2344E-09 4.5477E-09 4.8901E-09 5.2633E-09 5.6572E-09 6.0828E-09 6.5410E-09 7.0327E-09 7.5581E-09 8.1160E-09 8.7054E-09 9.3257E-09 9.9747E-09 1.0649E-08
7.6018E-10 7.8158E-10 8.0339E-10 8.2561E-10 8.4823E-10 8.7126E-10 8.9469E-10 9.1852E-10 9.4275E-10 9.6815E-10 9.9402E-10 1.0196E-09 1.0463E-09 1.0768E-09 1.1102E-09 1.1447E-09 1.1785E-09 1.2160E-09 1.2588E-09 1.3052E-09 1.3538E-09 1.4017E-09 1.4493E-09 1.4988E-09 1.5532E-09 1.6048E-09 1.6714E-09 1.7407E-09 1.8069E-09 1.8733E-09 1.9425E-09 2.0239E-09 2.1207E-09 2.2349E-09 2.3546E-09 2.4789E-09 2.6143E-09 2.7708E-09 2.9632E-09 3.1626E-09 3.3749E-09 3.5969E-09 3.8363E-09 4.0974E-09 4.3942E-09 4.7183E-09 5.0656E-09 5.4437E-09 5.8461E-09 6.2791E-09 6.7431E-09 7.2381E-09 7.7638E-09 8.3204E-09 8.9060E-09 9.5186E-09 1.0155E-08
7.4888E-10 7.6996E-10 7.9144E-10 8.1333E-10 8.3561E-10 8.5829E-10 8.8137E-10 9.0484E-10 9.2871E-10 9.5373E-10 9.7920E-10 1.0044E-09 1.0307E-09 1.0607E-09 1.0886E-09 1.1225E-09 1.1585E-09 1.1951E-09 1.2334E-09 1.2789E-09 1.3286E-09 1.3791E-09 1.4257E-09 1.4742E-09 1.5230E-09 1.5770E-09 1.6373E-09 1.7061E-09 1.7722E-09 1.8400E-09 1.9061E-09 1.9838E-09 2.0758E-09 2.1831E-09 2.2999E-09 2.4197E-09 2.5485E-09 2.6967E-09 2.8741E-09 3.0607E-09 3.2702E-09 3.4852E-09 3.7133E-09 3.9616E-09 4.2314E-09 4.5378E-09 4.8711E-09 5.2327E-09 5.6122E-09 6.0204E-09 6.4576E-09 6.9240E-09 7.4192E-09 7.9427E-09 8.4932E-09 9.0693E-09 9.6692E-09
7.3753E-10 7.5829E-10 7.7944E-10 8.0099E-10 8.2293E-10 8.4527E-10 8.6799E-10 8.9111E-10 9.1460E-10 9.3924E-10 9.6357E-10 9.8909E-10 1.0151E-09 1.0407E-09 1.0719E-09 1.1051E-09 1.1404E-09 1.1743E-09 1.2118E-09 1.2571E-09 1.3025E-09 1.3520E-09 1.4020E-09 1.4477E-09 1.4954E-09 1.5482E-09 1.6073E-09 1.6745E-09 1.7407E-09 1.8069E-09 1.8698E-09 1.9439E-09 2.0312E-09 2.1321E-09 2.2432E-09 2.3614E-09 2.4843E-09 2.6249E-09 2.7822E-09 2.9647E-09 3.1650E-09 3.3707E-09 3.5879E-09 3.8232E-09 4.0789E-09 4.3673E-09 4.6807E-09 5.0097E-09 5.3771E-09 5.7606E-09 6.1712E-09 6.6090E-09 7.0739E-09 7.5652E-09 8.0820E-09 8.6229E-09 9.1860E-09
7.2614E-10 7.4657E-10 7.6739E-10 7.8861E-10 8.1020E-10 8.3219E-10 8.5456E-10 8.7731E-10 9.0045E-10 9.2396E-10 9.4864E-10 9.7376E-10 9.9931E-10 1.0245E-09 1.0552E-09 1.0867E-09 1.1213E-09 1.1532E-09 1.1910E-09 1.2322E-09 1.2809E-09 1.3293E-09 1.3781E-09 1.4228E-09 1.4677E-09 1.5211E-09 1.5788E-09 1.6443E-09 1.7090E-09 1.7736E-09 1.8348E-09 1.9009E-09 1.9852E-09 2.0814E-09 2.1864E-09 2.2995E-09 2.4207E-09 2.5548E-09 2.7023E-09 2.8730E-09 3.0566E-09 3.2576E-09 3.4662E-09 3.6896E-09 3.9314E-09 4.1933E-09 4.4886E-09 4.8079E-09 5.1526E-09 5.5125E-09 5.8977E-09 6.3083E-09 6.7441E-09 7.2046E-09 7.6889E-09 8.1958E-09 8.7236E-09
7.1471E-10 7.3482E-10 7.5531E-10 7.7618E-10 7.9744E-10 8.1907E-10 8.4109E-10 8.6348E-10 8.8624E-10 9.0937E-10 9.3366E-10 9.5837E-10 9.8274E-10 1.0083E-09 1.0374E-09 1.0645E-09 1.0974E-09 1.1335E-09 1.1695E-09 1.2107E-09 1.2593E-09 1.3028E-09 1.3487E-09 1.3943E-09 1.4417E-09 1.4939E-09 1.5431E-09 1.6061E-09 1.6704E-09 1.7352E-09 1.7997E-09 1.8631E-09 1.9377E-09 2.0300E-09 2.1299E-09 2.2387E-09 2.3557E-09 2.4784E-09 2.6253E-09 2.7809E-09 2.9529E-09 3.1430E-09 3.3451E-09 3.5551E-09 3.7833E-09 4.0297E-09 4.3073E-09 4.5963E-09 4.9192E-09 5.2662E-09 5.6264E-09 6.0102E-09 6.4174E-09 6.8477E-09 7.3001E-09 7.7734E-09 8.2662E-09
7.0326E-10 7.2304E-10 7.4320E-10 7.6373E-10 7.8464E-10 8.0592E-10 8.2758E-10 8.4960E-10 8.7200E-10 8.9476E-10 9.1864E-10 9.4294E-10 9.6691E-10 9.9206E-10 1.0168E-09 1.0472E-09 1.0794E-09 1.1137E-09 1.1478E-09 1.1882E-09 1.2243E-09 1.2720E-09 1.3205E-09 1.3693E-09 1.4157E-09 1.4621E-09 1.5118E-09 1.5712E-09 1.6353E-09 1.7000E-09 1.7645E-09 1.8253E-09 1.8952E-09 1.9790E-09 2.0741E-09 2.1794E-09 2.2912E-09 2.4096E-09 2.5500E-09 2.6961E-09 2.8524E-09 3.0305E-09 3.2220E-09 3.4215E-09 3.6353E-09 3.8666E-09 4.1166E-09 4.3969E-09 4.6988E-09 5.0118E-09 5.3585E-09 5.7161E-09 6.0955E-09 6.4962E-09 6.9172E-09 7.3577E-09 7.8163E-09
6.9179E-10 7.1124E-10 7.3107E-10 7.5126E-10 7.7182E-10 7.9275E-10 8.1405E-10 8.3571E-10 8.5773E-10 8.8011E-10 9.0284E-10 9.2674E-10 9.5105E-10 9.7577E-10 1.0001E-09 1.0289E-09 1.0604E-09 1.0930E-09 1.1248E-09 1.1616E-09 1.2018E-09 1.2496E-09 1.2968E-09 1.3443E-09 1.3878E-09 1.4331E-09 1.4833E-09 1.5394E-09 1.6035E-09 1.6664E-09 1.7291E-09 1.7883E-09 1.8531E-09 1.9290E-09 2.0191E-09 2.1180E-09 2.2257E-09 2.3408E-09 2.4675E-09 2.6140E-09 2.7581E-09 2.9215E-09 3.1022E-09 3.2948E-09 3.4950E-09 3.7115E-09 3.9452E-09 4.1968E-09 4.4790E-09 4.7812E-09 5.1045E-09 5.4381E-09 5.7908E-09 6.1632E-09 6.5545E-09 6.9639E-09 7.3901E-09
6.7999E-10 6.9943E-10 7.1892E-10 7.3877E-10 7.5899E-10 7.7956E-10 8.0050E-10 8.2179E-10 8.4344E-10 8.6544E-10 8.8779E-10 9.1128E-10 9.3517E-10 9.5869E-10 9.8340E-10 1.0077E-09 1.0376E-09 1.0695E-09 1.1044E-09 1.1394E-09 1.1797E-09 1.2270E-09 1.2686E-09 1.3149E-09 1.3580E-09 1.4041E-09 1.4547E-09 1.5058E-09 1.5636E-09 1.6294E-09 1.6906E-09 1.7513E-09 1.8119E-09 1.8828E-09 1.9658E-09 2.0591E-09 2.1625E-09 2.2725E-09 2.3945E-09 2.5315E-09 2.6683E-09 2.8194E-09 2.9881E-09 3.1702E-09 3.3624E-09 3.5650E-09 3.7836E-09 4.0182E-09 4.2813E-09 4.5528E-09 4.8538E-09 5.1738E-09 5.5022E-09 5.8488E-09 6.2121E-09 6.5921E-09 6.9874E-09
6.6851E-10 6.8761E-10 7.0677E-10 7.2628E-10 7.4614E-10 7.6637E-10 7.8694E-10 8.0787E-10 8.2915E-10 8.5077E-10 8.7273E-10 8.9581E-10 9.1928E-10 9.4239E-10 9.6666E-10 9.9051E-10 1.0198E-09 1.0510E-09 1.0831E-09 1.1192E-09 1.1563E-09 1.1951E-09 1.2377E-09 1.2848E-09 1.3320E-09 1.3769E-09 1.4217E-09 1.4697E-09 1.5273E-09 1.5894E-09 1.6521E-09 1.7142E-09 1.7726E-09 1.8369E-09 1.9122E-09 2.0013E-09 2.0984E-09 2.2043E-09 2.3219E-09 2.4464E-09 2.5814E-09 2.7197E-09 2.8730E-09 3.0432E-09 3.2265E-09 3.4177E-09 3.6209E-09 3.8394E-09 4.0737E-09 4.3346E-09 4.6078E-09 4.8997E-09 5.2141E-09 5.5346E-09 5.8705E-09 6.2222E-09 6.5885E-09
6.5703E-10 6.7580E-10 6.9462E-10 7.1378E-10 7.3330E-10 7.5317E-10 7.7339E-10 7.9395E-10 8.1485E-10 8.3609E-10 8.5767E-10 8.8033E-10 9.0265E-10 9.2609E-10 9.4992E-10 9.7335E-10 1.0011E-09 1.0266E-09 1.0590E-09 1.0926E-09 1.1281E-09 1.1681E-09 1.2144E-09 1.2557E-09 1.3017E-09 1.3479E-09 1.3916E-09 1.4400E-09 1.4942E-09 1.5562E-09 1.6169E-09 1.6773E-09 1.7339E-09 1.7936E-09 1.8634E-09 1.9450E-09 2.0368E-09 2.1361E-09 2.2484E-09 2.3690E-09 2.4965E-09 2.6259E-09 2.7666E-09 2.9244E-09 3.0964E-09 3.2787E-09 3.4684E-09 3.6716E-09 3.8885E-09 4.1203E-09 4.3786E-09 4.6525E-09 4.9323E-09 5.2397E-09 5.5506E-09 5.8754E-09 6.2135E-09
6.4556E-10 6.6368E-10 6.8247E-10 7.0130E-10 7.2047E-10 7.3998E-10 7.5984E-10 7.8003E-10 8.0056E-10 8.2143E-10 8.4262E-10 8.6414E-10 8.8678E-10 9.0980E-10 9.3242E-10 9.5620E-10 9.7953E-10 1.0084E-09 1.0390E-09 1.0707E-09 1.1064E-09 1.1453E-09 1.1869E-09 1.2314E-09 1.2760E-09 1.3173E-09 1.3616E-09 1.4104E-09 1.4560E-09 1.5152E-09 1.5753E-09 1.6357E-09 1.6953E-09 1.7526E-09 1.8154E-09 1.8886E-09 1.9749E-09 2.0701E-09 2.1733E-09 2.2919E-09 2.4136E-09 2.5357E-09 2.6672E-09 2.8109E-09 2.9703E-09 3.1418E-09 3.3220E-09 3.5104E-09 3.7119E-09 3.9262E-09 4.1541E-09 4.4079E-09 4.6760E-09 4.9476E-09 5.2449E-09 5.5446E-09 5.8566E-09
6.3380E-10 6.5189E-10 6.7035E-10 6.8883E-10 7.0766E-10 7.2682E-10 7.4631E-10 7.6614E-10 7.8629E-10 8.0678E-10 8.2759E-10 8.4872E-10 8.7093E-10 8.9352E-10 9.1573E-10 9.3907E-10 9.6197E-10 9.8917E-10 1.0191E-09 1.0461E-09 1.0847E-09 1.1180E-09 1.1576E-09 1.1998E-09 1.2406E-09 1.2861E-09 1.3335E-09 1.3747E-09 1.4224E-09 1.4760E-09 1.5374E-09 1.5975E-09 1.6569E-09 1.7124E-09 1.7704E-09 1.8374E-09 1.9160E-09 2.0071E-09 2.1023E-09 2.2160E-09 2.3319E-09 2.4497E-09 2.5732E-09 2.7059E-09 2.8512E-09 3.0109E-09 3.1819E-09 3.3602E-09 3.5461E-09 3.7451E-09 3.9563E-09 4.1791E-09 4.4265E-09 4.6875E-09 4.9504E-09 5.2370E-09 5.5240E-09
6.2237E-10 6.4013E-10 6.5825E-10 6.7639E-10 6.9487E-10 7.1367E-10 7.3280E-10 7.5226E-10 7.7205E-10 7.9215E-10 8.1258E-10 8.3332E-10 8.5512E-10 8.7654E-10 8.9907E-10 9.2197E-10 9.4444E-10 9.6721E-10 9.9551E-10 1.0256E-09 1.0586E-09 1.0919E-09 1.1304E-09 1.1716E-09 1.2156E-09 1.2596E-09 1.3038E-09 1.3455E-09 1.3918E-09 1.4437E-09 1.4996E-09 1.5577E-09 1.6187E-09 1.6724E-09 1.7284E-09 1.7887E-09 1.8593E-09 1.9411E-09 2.0333E-09 2.1368E-09 2.2511E-09 2.3641E-09 2.4819E-09 2.6057E-09 2.7388E-09 2.8854E-09 3.0445E-09 3.2138E-09 3.3889E-09 3.5722E-09 3.7668E-09 3.9731E-09 4.1906E-09 4.4304E-09 4.6822E-09 4.9347E-09 5.2101E-09
6.1098E-10 6.2841E-10 6.4586E-10 6.6398E-10 6.8211E-10 7.0056E-10 7.1933E-10 7.3843E-10 7.5784E-10 7.7757E-10 7.9761E-10 8.1796E-10 8.3861E-10 8.6035E-10 8.8245E-10 9.0413E-10 9.2695E-10 9.4929E-10 9.7592E-10 1.0052E-09 1.0316E-09 1.0697E-09 1.1081E-09 1.1459E-09 1.1907E-09 1.2253E-09 1.2682E-09 1.3148E-09 1.3569E-09 1.4038E-09 1.4581E-09 1.5171E-09 1.5744E-09 1.6327E-09 1.6868E-09 1.7433E-09 1.8058E-09 1.8791E-09 1.9659E-09 2.0633E-09 2.1710E-09 2.2792E-09 2.3917E-09 2.5095E-09 2.6338E-09 2.7668E-09 2.9133E-09 3.0707E-09 3.2370E-09 3.4083E-09 3.5878E-09 3.7773E-09 3.9772E-09 4.1874E-09 4.4200E-09 4.6620E-09 4.9031E-09
5.9931E-10 6.1640E-10 6.3384E-10 6.5161E-10 6.6939E-10 6.8749E-10 7.0590E-10 7.2463E-10 7.4367E-10 7.6302E-10 7.8268E-10 8.0264E-10 8.2290E-10 8.4421E-10 8.6588E-10 8.8714E-10 9.0951E-10 9.3142E-10 9.5362E-10 9.8130E-10 1.0107E-09 1.0421E-09 1.0805E-09 1.1138E-09 1.1544E-09 1.1978E-09 1.2410E-09 1.2843E-09 1.3252E-09 1.3705E-09 1.4215E-09 1.4800E-09 1.5335E-09 1.5933E-09 1.6456E-09 1.7001E-09 1.7571E-09 1.8230E-09 1.8997E-09 1.9916E-09 2.0903E-09 2.1957E-09 2.3022E-09 2.4148E-09 2.5325E-09 2.6562E-09 2.7885E-09 2.9338E-09 3.0885E-09 3.2513E-09 3.4179E-09 3.5928E-09 3.7769E-09 3.9699E-09 4.1719E-09 4.3944E-09 4.6263E-09
5.8800E-10 6.0476E-10 6.2185E-10 6.3928E-10 6.5672E-10 6.7446E-10 6.9252E-10 7.1089E-10 7.2956E-10 7.4853E-10 7.6781E-10 7.8738E-10 8.0724E-10 8.2740E-10 8.4863E-10 8.7021E-10 8.9135E-10 9.1361E-10 9.3537E-10 9.6137E-10 9.8615E-10 1.0157E-09 1.0531E-09 1.0910E-09 1.1304E-09 1.1678E-09 1.2097E-09 1.2499E-09 1.2937E-09 1.3358E-09 1.3806E-09 1.4372E-09 1.4934E-09 1.5478E-09 1.6047E-09 1.6573E-09 1.7121E-09 1.7706E-09 1.8390E-09 1.9196E-09 2.0148E-09 2.1134E-09 2.2152E-09 2.3209E-09 2.4329E-09 2.5496E-09 2.6720E-09 2.8030E-09 2.9461E-09 3.0976E-09 3.2566E-09 3.4189E-09 3.5879E-09 3.7656E-09 3.9514E-09 4.1446E-09 4.3569E-09
5.7674E-10 5.9317E-10 6.0961E-10 6.2669E-10 6.4410E-10 6.6149E-10 6.7919E-10 6.9720E-10 7.1550E-10 7.3410E-10 7.5299E-10 7.7218E-10 7.9165E-10 8.1140E-10 8.3221E-10 8.5335E-10 8.7407E-10 8.9587E-10 9.1720E-10 9.3879E-10 9.6580E-10 9.9453E-10 1.0285E-09 1.0628E-09 1.1011E-09 1.1354E-09 1.1779E-09 1.2203E-09 1.2599E-09 1.3023E-09 1.3466E-09 1.3965E-09 1.4538E-09 1.5095E-09 1.5643E-09 1.6150E-09 1.6678E-09 1.7227E-09 1.7824E-09 1.8522E-09 1.9377E-09 2.0334E-09 2.1297E-09 2.2304E-09 2.3349E-09 2.4455E-09 2.5611E-09 2.6817E-09 2.8105E-09 2.9508E-09 3.0985E-09 3.2532E-09 3.4109E-09 3.5740E-09 3.7442E-09 3.9216E-09 4.1059E-09
5.6553E-10 5.8132E-10 5.9774E-10 6.1448E-10 6.3153E-10 6.4858E-10 6.6593E-10 6.8357E-10 7.0151E-10 7.1973E-10 7.3825E-10 7.5705E-10 7.7613E-10 7.9549E-10 8.1586E-10 8.3583E-10 8.5686E-10 8.7821E-10 8.9911E-10 9.2026E-10 9.4559E-10 9.6969E-10 9.9851E-10 1.0351E-09 1.0713E-09 1.1109E-09 1.1476E-09 1.1885E-09 1.2294E-09 1.2702E-09 1.3148E-09 1.3558E-09 1.4102E-09 1.4650E-09 1.5179E-09 1.5732E-09 1.6240E-09 1.6769E-09 1.7319E-09 1.7927E-09 1.8663E-09 1.9526E-09 2.0469E-09 2.1414E-09 2.2409E-09 2.3441E-09 2.4526E-09 2.5669E-09 2.6856E-09 2.8116E-09 2.9482E-09 3.0913E-09 3.2413E-09 3.3942E-09 3.5507E-09 3.7135E-09 3.8822E-09
