Assets/Resources/2015_m01_d17_0900(utc+0800)_l00_csi_1hr_conc.grd
DSAA
         159         159
     -79.000      79.000
     -79.000      79.000
  0.0000E+00  0.2780E-05
[rows 0 to 24 of 159, columns 0 to 56 of 159]
0.0000E+00 0.0000E+00 0.0000E+00 0.0000E+00 0.0000E+00 1.1484E-12 2.7352E-12 5.3155E-12 8.1667E-12 1.1969E-11 1.5755E-11 1.9165E-11 2.2671E-11 2.8800E-11 3.4414E-11 4.1286E-11 4.9102E-11 5.7289E-11 6.3848E-11 7.3622E-11 8.3818E-11 9.4421E-11 1.0505E-10 1.1610E-10 1.2760E-10 1.3993E-10 1.5362E-10 1.6740E-10 1.8344E-10 1.9926E-10 2.1609E-10 2.3538E-10 2.5526E-10 2.7694E-10 2.9863E-10 3.2462E-10 3.5097E-10 3.7983E-10 4.0816E-10 4.3979E-10 4.7297E-10 5.0753E-10 5.4277E-10 5.7920E-10 6.2063E-10 6.5996E-10 7.0126E-10 7.4756E-10 7.9192E-10 8.3865E-10 8.8868E-10 9.3780E-10 9.8889E-10 1.0427E-09 1.0975E-09 1.1530E-09 1.2111E-09
0.0000E+00 0.0000E+00 0.0000E+00 0.0000E+00 0.0000E+00 1.1479E-12 2.7367E-12 5.3237E-12 8.1886E-12 1.2006E-11 1.5810E-11 1.9240E-11 2.3903E-11 2.8931E-11 3.4580E-11 4.1504E-11 4.9759E-11 5.7629E-11 6.4630E-11 7.4098E-11 8.4787E-11 9.5504E-11 1.0583E-10 1.1741E-10 1.2862E-10 1.4150E-10 1.5492E-10 1.6884E-10 1.8507E-10 2.0106E-10 2.1940E-10 2.3762E-10 2.5779E-10 2.8023E-10 3.0252E-10 3.2915E-10 3.5586E-10 3.8444E-10 4.1566E-10 4.4645E-10 4.7918E-10 5.1451E-10 5.5112E-10 5.8956E-10 6.3042E-10 6.7111E-10 7.1732E-10 7.6151E-10 8.0617E-10 8.5602E-10 9.0573E-10 9.5691E-10 1.0086E-09 1.0635E-09 1.1207E-09 1.1789E-09 1.2378E-09
0.0000E+00 0.0000E+00 0.0000E+00 0.0000E+00 0.0000E+00 1.1459E-12 2.7344E-12 5.3246E-12 8.1994E-12 1.2026E-11 1.5844E-11 1.9666E-11 2.3972E-11 2.9022E-11 3.5080E-11 4.1664E-11 4.9968E-11 5.8282E-11 6.6146E-11 7.4875E-11 8.5251E-11 9.6061E-11 1.0729E-10 1.1816E-10 1.2988E-10 1.4330E-10 1.5643E-10 1.7134E-10 1.8689E-10 2.0303E-10 2.2158E-10 2.3999E-10 2.6132E-10 2.8316E-10 3.0527E-10 3.3378E-10 3.5949E-10 3.9032E-10 4.2129E-10 4.5266E-10 4.8711E-10 5.2174E-10 5.5953E-10 5.9894E-10 6.3997E-10 6.8457E-10 7.2855E-10 7.7322E-10 8.2289E-10 8.7208E-10 9.2138E-10 9.7363E-10 1.0292E-09 1.0856E-09 1.1427E-09 1.2025E-09 1.2655E-09
0.0000E+00 0.0000E+00 0.0000E+00 0.0000E+00 0.0000E+00 1.1424E-12 2.7285E-12 5.3182E-12 8.1988E-12 1.2030E-11 1.5855E-11 1.9691E-11 2.4385E-11 2.9073E-11 3.5155E-11 4.1767E-11 5.0108E-11 5.8467E-11 6.6374E-11 7.6367E-11 8.6006E-11 9.6484E-11 1.0780E-10 1.1917E-10 1.3055E-10 1.4409E-10 1.5731E-10 1.7278E-10 1.8803E-10 2.0474E-10 2.2303E-10 2.4160E-10 2.6411E-10 2.8606E-10 3.0844E-10 3.3796E-10 3.6436E-10 3.9549E-10 4.2561E-10 4.5759E-10 4.9359E-10 5.2760E-10 5.6764E-10 6.0671E-10 6.5176E-10 6.9419E-10 7.3967E-10 7.8753E-10 8.3549E-10 8.8520E-10 9.3789E-10 9.9187E-10 1.0472E-09 1.1050E-09 1.1660E-09 1.2282E-09 1.2909E-09
0.0000E+00 0.0000E+00 0.0000E+00 0.0000E+00 0.0000E+00 1.1373E-12 2.7189E-12 5.3046E-12 8.1870E-12 1.2017E-11 1.5845E-11 1.9688E-11 2.4392E-11 2.9083E-11 3.5180E-11 4.2203E-11 5.0177E-11 5.8570E-11 6.7307E-11 7.6550E-11 8.6642E-11 9.7177E-11 1.0857E-10 1.2001E-10 1.3187E-10 1.4510E-10 1.5840E-10 1.7399E-10 1.8934E-10 2.0661E-10 2.2462E-10 2.4288E-10 2.6612E-10 2.8783E-10 3.1178E-10 3.4045E-10 3.6797E-10 4.0062E-10 4.3020E-10 4.6276E-10 4.9877E-10 5.3412E-10 5.7540E-10 6.1685E-10 6.6034E-10 7.0370E-10 7.5186E-10 7.9959E-10 8.4847E-10 8.9879E-10 9.5221E-10 1.0083E-09 1.0663E-09 1.1247E-09 1.1866E-09 1.2508E-09 1.3177E-09
0.0000E+00 0.0000E+00 0.0000E+00 0.0000E+00 0.0000E+00 1.1307E-12 2.4035E-12 5.2838E-12 8.1640E-12 1.1988E-11 1.5505E-11 1.9658E-11 2.4364E-11 2.9052E-11 3.5155E-11 4.2191E-11 5.0566E-11 5.8589E-11 6.7358E-11 7.6624E-11 8.6756E-11 9.7333E-11 1.0878E-10 1.2027E-10 1.3261E-10 1.4548E-10 1.5927E-10 1.7453E-10 1.8996E-10 2.0778E-10 2.2546E-10 2.4472E-10 2.6734E-10 2.9002E-10 3.1515E-10 3.4416E-10 3.7033E-10 4.0354E-10 4.3345E-10 4.6816E-10 5.0328E-10 5.4013E-10 5.8364E-10 6.2301E-10 6.6763E-10 7.1274E-10 7.6196E-10 8.0934E-10 8.5938E-10 9.1297E-10 9.6772E-10 1.0232E-09 1.0825E-09 1.1457E-09 1.2094E-09 1.2733E-09 1.3419E-09
0.0000E+00 0.0000E+00 0.0000E+00 0.0000E+00 0.0000E+00 1.1227E-12 2.3893E-12 5.2559E-12 8.1299E-12 1.1942E-11 1.5827E-11 1.9600E-11 2.4303E-11 2.8981E-11 3.5082E-11 4.2121E-11 5.0498E-11 5.8526E-11 6.7312E-11 7.7393E-11 8.6747E-11 9.7350E-11 1.0966E-10 1.2036E-10 1.3317E-10 1.4566E-10 1.5993E-10 1.7526E-10 1.9032E-10 2.0867E-10 2.2643E-10 2.4624E-10 2.6942E-10 2.9104E-10 3.1683E-10 3.4583E-10 3.7445E-10 4.0600E-10 4.3713E-10 4.7208E-10 5.0814E-10 5.4500E-10 5.8910E-10 6.2991E-10 6.7555E-10 7.2243E-10 7.7034E-10 8.1995E-10 8.7059E-10 9.2432E-10 9.7984E-10 1.0397E-09 1.1004E-09 1.1625E-09 1.2277E-09 1.2977E-09 1.3686E-09
0.0000E+00 0.0000E+00 0.0000E+00 0.0000E+00 0.0000E+00 1.1132E-12 2.3719E-12 5.2209E-12 8.0849E-12 1.1880E-11 1.5756E-11 1.9516E-11 2.4207E-11 2.8930E-11 3.4959E-11 4.1991E-11 5.0043E-11 5.8444E-11 6.7171E-11 7.7260E-11 8.7019E-11 9.7637E-11 1.0958E-10 1.2028E-10 1.3312E-10 1.4606E-10 1.6037E-10 1.7532E-10 1.9172E-10 2.0884E-10 2.2665E-10 2.4698E-10 2.6993E-10 2.9340E-10 3.1850E-10 3.4787E-10 3.7689E-10 4.0882E-10 4.4009E-10 4.7497E-10 5.1155E-10 5.5243E-10 5.9388E-10 6.3520E-10 6.8445E-10 7.2967E-10 7.7836E-10 8.2852E-10 8.8115E-10 9.3659E-10 9.9270E-10 1.0527E-09 1.1154E-09 1.1814E-09 1.2479E-09 1.3182E-09 1.3907E-09
0.0000E+00 0.0000E+00 0.0000E+00 0.0000E+00 0.0000E+00 1.1022E-12 2.3515E-12 5.1791E-12 8.0290E-12 1.0707E-11 1.5664E-11 1.9405E-11 2.4079E-11 2.8783E-11 3.6340E-11 4.1803E-11 4.9837E-11 5.8223E-11 6.6936E-11 7.7017E-11 8.6769E-11 9.7384E-11 1.0933E-10 1.2087E-10 1.3289E-10 1.4584E-10 1.6060E-10 1.7513E-10 1.9199E-10 2.0871E-10 2.2699E-10 2.4695E-10 2.7089E-10 2.9459E-10 3.1972E-10 3.4864E-10 3.7799E-10 4.1120E-10 4.4283E-10 4.7738E-10 5.1769E-10 5.5588E-10 5.9890E-10 6.4291E-10 6.9007E-10 7.3617E-10 7.8600E-10 8.3710E-10 8.9034E-10 9.4600E-10 1.0057E-09 1.0674E-09 1.1305E-09 1.1976E-09 1.2686E-09 1.3410E-09 1.4143E-09
0.0000E+00 0.0000E+00 0.0000E+00 0.0000E+00 0.0000E+00 1.0899E-12 2.3280E-12 5.1307E-12 7.9626E-12 1.0624E-11 1.5550E-11 1.9268E-11 2.3918E-11 2.8596E-11 3.4958E-11 4.1621E-11 4.9561E-11 5.8320E-11 6.6606E-11 7.6666E-11 8.6807E-11 9.8643E-11 1.0893E-10 1.2046E-10 1.3289E-10 1.4540E-10 1.6060E-10 1.7469E-10 1.9201E-10 2.0873E-10 2.2702E-10 2.4779E-10 2.7068E-10 2.9493E-10 3.2054E-10 3.5078E-10 3.7855E-10 4.1241E-10 4.4476E-10 4.7998E-10 5.2064E-10 5.5869E-10 6.0232E-10 6.4772E-10 6.9503E-10 7.4197E-10 7.9297E-10 8.4462E-10 8.9873E-10 9.5576E-10 1.0160E-09 1.0790E-09 1.1468E-09 1.2153E-09 1.2854E-09 1.3601E-09 1.4396E-09
0.0000E+00 0.0000E+00 0.0000E+00 0.0000E+00 0.0000E+00 1.0763E-12 2.3017E-12 4.0006E-12 7.8858E-12 1.0527E-11 1.4306E-11 1.8791E-11 2.3725E-11 2.8371E-11 3.4693E-11 4.1324E-11 4.8045E-11 5.7940E-11 6.6585E-11 7.6207E-11 8.6314E-11 9.8536E-11 1.0838E-10 1.2030E-10 1.3228E-10 1.4519E-10 1.5996E-10 1.7444E-10 1.9132E-10 2.0802E-10 2.2675E-10 2.4709E-10 2.7140E-10 2.9530E-10 3.2013E-10 3.5125E-10 3.7953E-10 4.1304E-10 4.4581E-10 4.8469E-10 5.2340E-10 5.6093E-10 6.0766E-10 6.5110E-10 6.9952E-10 7.4726E-10 7.9898E-10 8.5121E-10 9.0653E-10 9.6507E-10 1.0263E-09 1.0913E-09 1.1593E-09 1.2298E-09 1.3053E-09 1.3800E-09 1.4596E-09
0.0000E+00 0.0000E+00 0.0000E+00 0.0000E+00 0.0000E+00 1.0614E-12 2.2726E-12 3.9534E-12 7.7991E-12 1.0106E-11 1.4163E-11 1.8607E-11 2.3500E-11 2.7409E-11 3.4383E-11 4.0973E-11 4.7646E-11 5.7480E-11 6.6074E-11 7.6046E-11 8.5702E-11 9.7882E-11 1.0809E-10 1.1955E-10 1.3192E-10 1.4478E-10 1.5908E-10 1.7395E-10 1.9037E-10 2.0702E-10 2.2617E-10 2.4686E-10 2.7094E-10 2.9567E-10 3.1928E-10 3.5127E-10 3.8019E-10 4.1425E-10 4.4623E-10 4.8569E-10 5.2466E-10 5.6569E-10 6.1056E-10 6.5384E-10 7.0336E-10 7.5180E-10 8.0390E-10 8.5713E-10 9.1378E-10 9.7330E-10 1.0363E-09 1.1028E-09 1.1721E-09 1.2447E-09 1.3204E-09 1.4005E-09 1.4831E-09
0.0000E+00 0.0000E+00 0.0000E+00 0.0000E+00 0.0000E+00 0.0000E+00 2.2408E-12 3.5974E-12 6.6130E-12 9.9877E-12 1.3629E-11 1.6965E-11 2.3245E-11 2.7116E-11 3.4027E-11 4.0567E-11 4.7184E-11 5.6943E-11 6.5138E-11 7.5383E-11 8.4973E-11 9.5848E-11 1.0724E-10 1.1865E-10 1.3095E-10 1.4418E-10 1.5799E-10 1.7323E-10 1.8959E-10 2.0617E-10 2.2527E-10 2.4594E-10 2.7011E-10 2.9441E-10 3.1941E-10 3.5090E-10 3.7947E-10 4.1452E-10 4.4952E-10 4.8603E-10 5.2554E-10 5.6690E-10 6.1276E-10 6.5627E-10 7.0654E-10 7.5520E-10 8.0826E-10 8.6267E-10 9.1997E-10 9.8108E-10 1.0458E-09 1.1134E-09 1.1844E-09 1.2589E-09 1.3363E-09 1.4172E-09 1.5019E-09
0.0000E+00 0.0000E+00 0.0000E+00 0.0000E+00 0.0000E+00 0.0000E+00 2.2064E-12 3.5463E-12 6.5219E-12 9.8567E-12 1.3452E-11 1.6752E-11 2.2961E-11 2.6789E-11 3.2491E-11 4.0108E-11 4.6328E-11 5.4835E-11 6.4456E-11 7.4619E-11 8.4130E-11 9.4931E-11 1.0625E-10 1.1799E-10 1.2980E-10 1.4338E-10 1.5711E-10 1.7184E-10 1.8812E-10 2.0460E-10 2.2441E-10 2.4508E-10 2.6936E-10 2.9359E-10 3.1829E-10 3.4967E-10 3.7841E-10 4.1421E-10 4.5002E-10 4.8630E-10 5.2815E-10 5.6749E-10 6.1413E-10 6.5814E-10 7.0887E-10 7.5793E-10 8.1198E-10 8.6726E-10 9.2586E-10 9.8831E-10 1.0543E-09 1.1233E-09 1.1960E-09 1.2722E-09 1.3513E-09 1.4349E-09 1.5220E-09
0.0000E+00 0.0000E+00 0.0000E+00 0.0000E+00 0.0000E+00 0.0000E+00 1.1108E-12 3.4913E-12 6.4233E-12 8.6092E-12 1.3259E-11 1.6519E-11 2.0387E-11 2.6429E-11 3.2067E-11 3.9599E-11 4.5750E-11 5.4170E-11 6.3360E-11 7.3757E-11 8.2765E-11 9.3889E-11 1.0511E-10 1.1677E-10 1.2848E-10 1.4197E-10 1.5559E-10 1.7065E-10 1.8639E-10 2.0365E-10 2.2248E-10 2.4307E-10 2.6786E-10 2.9161E-10 3.1633E-10 3.4883E-10 3.7688E-10 4.1549E-10 4.4900E-10 4.8603E-10 5.2872E-10 5.6736E-10 6.1498E-10 6.5942E-10 7.1038E-10 7.6028E-10 8.1538E-10 8.7104E-10 9.3109E-10 9.9499E-10 1.0618E-09 1.1326E-09 1.2069E-09 1.2846E-09 1.3662E-09 1.4515E-09 1.5406E-09
0.0000E+00 0.0000E+00 0.0000E+00 0.0000E+00 0.0000E+00 0.0000E+00 1.0895E-12 3.4323E-12 6.3174E-12 8.4705E-12 1.1954E-11 1.6266E-11 1.9760E-11 2.6037E-11 3.0898E-11 3.7889E-11 4.4794E-11 5.3040E-11 6.1325E-11 7.2802E-11 8.1706E-11 9.2726E-11 1.0384E-10 1.1540E-10 1.2699E-10 1.4037E-10 1.5387E-10 1.6881E-10 1.8442E-10 2.0155E-10 2.2106E-10 2.4120E-10 2.6554E-10 2.9014E-10 3.1448E-10 3.4762E-10 3.7528E-10 4.1392E-10 4.4743E-10 4.8762E-10 5.2778E-10 5.6749E-10 6.1511E-10 6.5957E-10 7.1160E-10 7.6224E-10 8.1804E-10 8.7494E-10 9.3678E-10 1.0008E-09 1.0689E-09 1.1411E-09 1.2169E-09 1.2964E-09 1.3799E-09 1.4675E-09 1.5595E-09
0.0000E+00 0.0000E+00 0.0000E+00 0.0000E+00 0.0000E+00 0.0000E+00 1.0672E-12 2.2973E-12 5.1327E-12 8.3225E-12 1.0322E-11 1.5620E-11 1.9124E-11 2.4482E-11 3.0093E-11 3.7303E-11 4.4112E-11 5.2245E-11 6.0423E-11 7.0556E-11 8.0546E-11 9.1446E-11 1.0243E-10 1.1388E-10 1.2534E-10 1.3859E-10 1.5195E-10 1.6675E-10 1.8220E-10 1.9963E-10 2.1902E-10 2.3942E-10 2.6415E-10 2.8746E-10 3.1179E-10 3.4523E-10 3.7579E-10 4.1259E-10 4.4531E-10 4.8585E-10 5.2619E-10 5.6689E-10 6.1459E-10 6.5909E-10 7.1218E-10 7.6368E-10 8.2017E-10 8.7848E-10 9.4060E-10 1.0061E-09 1.0752E-09 1.1491E-09 1.2260E-09 1.3075E-09 1.3933E-09 1.4829E-09 1.5773E-09
0.0000E+00 0.0000E+00 0.0000E+00 0.0000E+00 0.0000E+00 0.0000E+00 0.0000E+00 2.2498E-12 4.7355E-12 8.1658E-12 1.0131E-11 1.4225E-11 1.8786E-11 2.4051E-11 2.9575E-11 3.6673E-11 4.2212E-11 5.0213E-11 5.9131E-11 6.8233E-11 7.9694E-11 9.0055E-11 1.0132E-10 1.1221E-10 1.2311E-10 1.3664E-10 1.4984E-10 1.6448E-10 1.7976E-10 1.9702E-10 2.1708E-10 2.3696E-10 2.6203E-10 2.8447E-10 3.0919E-10 3.4235E-10 3.7299E-10 4.1086E-10 4.4512E-10 4.8350E-10 5.2439E-10 5.6518E-10 6.1295E-10 6.5818E-10 7.1233E-10 7.6424E-10 8.2212E-10 8.8169E-10 9.4445E-10 1.0109E-09 1.0817E-09 1.1566E-09 1.2347E-09 1.3182E-09 1.4055E-09 1.4978E-09 1.5952E-09
0.0000E+00 0.0000E+00 0.0000E+00 0.0000E+00 0.0000E+00 0.0000E+00 0.0000E+00 2.2003E-12 3.5554E-12 6.5504E-12 9.9295E-12 1.3947E-11 1.8048E-11 2.3595E-11 2.7876E-11 3.4077E-11 4.1449E-11 4.8991E-11 5.7297E-11 6.6723E-11 7.7129E-11 8.8146E-11 9.9671E-11 1.1042E-10 1.2158E-10 1.3452E-10 1.4755E-10 1.6201E-10 1.7709E-10 1.9416E-10 2.1405E-10 2.3375E-10 2.5882E-10 2.8163E-10 3.0579E-10 3.4150E-10 3.7015E-10 4.0779E-10 4.4257E-10 4.8053E-10 5.2194E-10 5.6286E-10 6.1080E-10 6.5682E-10 7.1188E-10 7.6435E-10 8.2356E-10 8.8402E-10 9.4763E-10 1.0159E-09 1.0871E-09 1.1629E-09 1.2435E-09 1.3281E-09 1.4175E-09 1.5124E-09 1.6121E-09
0.0000E+00 0.0000E+00 0.0000E+00 0.0000E+00 0.0000E+00 0.0000E+00 0.0000E+00 1.0929E-12 3.4763E-12 6.4073E-12 9.7185E-12 1.3655E-11 1.6551E-11 2.1679E-11 2.7316E-11 3.3081E-11 4.0643E-11 4.6549E-11 5.5017E-11 6.5157E-11 7.5715E-11 8.6552E-11 9.7909E-11 1.0849E-10 1.1948E-10 1.3225E-10 1.4551E-10 1.5979E-10 1.7422E-10 1.9151E-10 2.1077E-10 2.3026E-10 2.5530E-10 2.7797E-10 3.0285E-10 3.3795E-10 3.6644E-10 4.0418E-10 4.3945E-10 4.7821E-10 5.1888E-10 5.5957E-10 6.0844E-10 6.5510E-10 7.1052E-10 7.6430E-10 8.2452E-10 8.8554E-10 9.5030E-10 1.0197E-09 1.0921E-09 1.1695E-09 1.2516E-09 1.3378E-09 1.4318E-09 1.5264E-09 1.6285E-09
0.0000E+00 0.0000E+00 0.0000E+00 0.0000E+00 0.0000E+00 0.0000E+00 0.0000E+00 0.0000E+00 3.3944E-12 4.8797E-12 8.4004E-12 1.1961E-11 1.6185E-11 2.0525E-11 2.6731E-11 3.0907E-11 3.8242E-11 4.5593E-11 5.3896E-11 6.3856E-11 7.3816E-11 8.3632E-11 9.6040E-11 1.0645E-10 1.1726E-10 1.2982E-10 1.4289E-10 1.5694E-10 1.7159E-10 1.8899E-10 2.0725E-10 2.2695E-10 2.5237E-10 2.7405E-10 2.9957E-10 3.3394E-10 3.6232E-10 4.0267E-10 4.3533E-10 4.7451E-10 5.1528E-10 5.5569E-10 6.0562E-10 6.5284E-10 7.0914E-10 7.6359E-10 8.2491E-10 8.8654E-10 9.5321E-10 1.0227E-09 1.0966E-09 1.1757E-09 1.2609E-09 1.3472E-09 1.4413E-09 1.5405E-09 1.6456E-09
0.0000E+00 0.0000E+00 0.0000E+00 0.0000E+00 0.0000E+00 0.0000E+00 0.0000E+00 0.0000E+00 2.2416E-12 4.7636E-12 8.1971E-12 1.1308E-11 1.4682E-11 1.8915E-11 2.4606E-11 3.0209E-11 3.7000E-11 4.4593E-11 5.2722E-11 6.0167E-11 7.1052E-11 8.1882E-11 9.3244E-11 1.0430E-10 1.1491E-10 1.2684E-10 1.4011E-10 1.5393E-10 1.6833E-10 1.8628E-10 2.0437E-10 2.2298E-10 2.4835E-10 2.7029E-10 2.9806E-10 3.2954E-10 3.5779E-10 3.9826E-10 4.3097E-10 4.7024E-10 5.1127E-10 5.5166E-10 6.0240E-10 6.4989E-10 7.0724E-10 7.6258E-10 8.2398E-10 8.8696E-10 9.5394E-10 1.0250E-09 1.1006E-09 1.1813E-09 1.2662E-09 1.3566E-09 1.4530E-09 1.5544E-09 1.6622E-09
0.0000E+00 0.0000E+00 0.0000E+00 0.0000E+00 0.0000E+00 0.0000E+00 0.0000E+00 0.0000E+00 1.1041E-12 4.6438E-12 6.9022E-12 9.9147E-12 1.3941E-11 1.8451E-11 2.4009E-11 2.9485E-11 3.4646E-11 4.1979E-11 4.9688E-11 5.8788E-11 6.8377E-11 8.0053E-11 8.9942E-11 1.0162E-10 1.1245E-10 1.2415E-10 1.3718E-10 1.5076E-10 1.6490E-10 1.8259E-10 2.0041E-10 2.1878E-10 2.4405E-10 2.6578E-10 2.9337E-10 3.2530E-10 3.5416E-10 3.9337E-10 4.2670E-10 4.6544E-10 5.0616E-10 5.4734E-10 5.9887E-10 6.4645E-10 7.0474E-10 7.6033E-10 8.2297E-10 8.8674E-10 9.5445E-10 1.0270E-09 1.1041E-09 1.1860E-09 1.2732E-09 1.3661E-09 1.4639E-09 1.5703E-09 1.6789E-09
0.0000E+00 0.0000E+00 0.0000E+00 0.0000E+00 0.0000E+00 0.0000E+00 0.0000E+00 0.0000E+00 1.0713E-12 3.4401E-12 4.9599E-12 9.6507E-12 1.2170E-11 1.6838E-11 2.1288E-11 2.7594E-11 3.3469E-11 4.0937E-11 4.8476E-11 5.7360E-11 6.5192E-11 7.6529E-11 8.7418E-11 9.8435E-11 1.0988E-10 1.2135E-10 1.3369E-10 1.4701E-10 1.6131E-10 1.7827E-10 1.9626E-10 2.1435E-10 2.3951E-10 2.6096E-10 2.8835E-10 3.2027E-10 3.5222E-10 3.8807E-10 4.2147E-10 4.6002E-10 5.0157E-10 5.4265E-10 5.9450E-10 6.4256E-10 7.0165E-10 7.5758E-10 8.2141E-10 8.8607E-10 9.5466E-10 1.0285E-09 1.1073E-09 1.1905E-09 1.2799E-09 1.3745E-09 1.4745E-09 1.5817E-09 1.6956E-09
0.0000E+00 0.0000E+00 0.0000E+00 0.0000E+00 0.0000E+00 0.0000E+00 0.0000E+00 0.0000E+00 0.0000E+00 2.2529E-12 4.8220E-12 8.2832E-12 1.1837E-11 1.6378E-11 2.0716E-11 2.6472E-11 3.2588E-11 3.8312E-11 4.5639E-11 5.4311E-11 6.3134E-11 7.4604E-11 8.5237E-11 9.6013E-11 1.0722E-10 1.1844E-10 1.3009E-10 1.4356E-10 1.5756E-10 1.7506E-10 1.9191E-10 2.0972E-10 2.3478E-10 2.5845E-10 2.8310E-10 3.1509E-10 3.4677E-10 3.8276E-10 4.1588E-10 4.5399E-10 4.9627E-10 5.3772E-10 5.8929E-10 6.3793E-10 6.9789E-10 7.5443E-10 8.1892E-10 8.8426E-10 9.5406E-10 1.0291E-09 1.1090E-09 1.1943E-09 1.2855E-09 1.3819E-09 1.4851E-09 1.5956E-09 1.7118E-09
