Assets/Resources/2015_m01_d23_1300(utc+0800)_l00_csi_1hr_conc.grd
DSAA
         159         159
     -79.000      79.000
     -79.000      79.000
  0.0000E+00  0.2679E-05
[rows 100 to 124 of 159, columns 0 to 56 of 159]
0.0000E+00 0.0000E+00 0.0000E+00 0.0000E+00 0.0000E+00 8.1831E-13 5.0395E-12 9.5565E-12 1.3951E-11 1.7874E-11 2.4087E-11 3.0604E-11 3.7788E-11 4.5838E-11 5.3588E-11 6.0075E-11 6.5642E-11 7.1800E-11 7.7923E-11 8.4906E-11 9.1984E-11 9.9749E-11 1.0775E-10 1.1624E-10 1.2548E-10 1.3621E-10 1.4636E-10 1.5752E-10 1.6919E-10 1.8068E-10 1.9383E-10 2.0622E-10 2.2066E-10 2.3574E-10 2.5112E-10 2.6720E-10 2.8400E-10 3.0135E-10 3.1945E-10 3.3809E-10 3.5772E-10 3.7837E-10 3.9914E-10 4.2090E-10 4.4277E-10 4.6656E-10 4.9001E-10 5.1539E-10 5.4047E-10 5.6702E-10 5.9418E-10 6.2189E-10 6.5113E-10 6.8024E-10 7.1110E-10 7.4206E-10 7.7403E-10
0.0000E+00 0.0000E+00 0.0000E+00 0.0000E+00 0.0000E+00 1.6253E-12 5.8754E-12 1.0196E-11 1.5111E-11 1.8850E-11 2.4596E-11 3.0967E-11 3.8217E-11 4.7196E-11 5.4515E-11 6.0561E-11 6.6121E-11 7.2264E-11 7.8479E-11 8.5104E-11 9.2381E-11 9.9879E-11 1.0796E-10 1.1665E-10 1.2547E-10 1.3572E-10 1.4592E-10 1.5724E-10 1.6853E-10 1.8018E-10 1.9321E-10 2.0548E-10 2.1977E-10 2.3471E-10 2.4993E-10 2.6584E-10 2.8248E-10 2.9964E-10 3.1754E-10 3.3599E-10 3.5542E-10 3.7585E-10 3.9638E-10 4.1791E-10 4.3953E-10 4.6305E-10 4.8624E-10 5.1133E-10 5.3610E-10 5.6235E-10 5.8917E-10 6.1678E-10 6.4544E-10 6.7418E-10 7.0489E-10 7.3523E-10 7.6704E-10
0.0000E+00 0.0000E+00 0.0000E+00 0.0000E+00 0.0000E+00 2.0358E-12 6.7065E-12 1.1223E-11 1.5401E-11 1.9639E-11 2.6049E-11 3.1830E-11 3.9791E-11 4.8105E-11 5.4989E-11 6.1023E-11 6.6564E-11 7.2478E-11 7.8667E-11 8.5487E-11 9.2505E-11 1.0020E-10 1.0825E-10 1.1664E-10 1.2553E-10 1.3545E-10 1.4569E-10 1.5690E-10 1.6755E-10 1.7963E-10 1.9253E-10 2.0467E-10 2.1882E-10 2.3361E-10 2.4805E-10 2.6442E-10 2.8088E-10 2.9786E-10 3.1558E-10 3.3382E-10 3.5303E-10 3.7325E-10 3.9377E-10 4.1484E-10 4.3620E-10 4.5946E-10 4.8236E-10 5.0717E-10 5.3164E-10 5.5779E-10 5.8405E-10 6.1133E-10 6.3962E-10 6.6798E-10 6.9832E-10 7.2826E-10 7.5967E-10
0.0000E+00 0.0000E+00 0.0000E+00 0.0000E+00 0.0000E+00 2.8403E-12 7.1455E-12 1.2049E-11 1.6170E-11 2.0900E-11 2.6854E-11 3.3136E-11 4.1099E-11 4.8964E-11 5.5859E-11 6.1244E-11 6.6767E-11 7.2657E-11 7.9146E-11 8.5717E-11 9.2934E-11 1.0036E-10 1.0836E-10 1.1684E-10 1.2567E-10 1.3513E-10 1.4541E-10 1.5651E-10 1.6680E-10 1.7902E-10 1.9123E-10 2.0381E-10 2.1782E-10 2.3216E-10 2.4634E-10 2.6191E-10 2.7902E-10 2.9581E-10 3.1354E-10 3.3157E-10 3.5058E-10 3.7057E-10 3.9086E-10 4.1169E-10 4.3301E-10 4.5578E-10 4.7840E-10 5.0291E-10 5.2708E-10 5.5290E-10 5.7884E-10 6.0599E-10 6.3368E-10 6.6168E-10 6.9163E-10 7.2117E-10 7.5241E-10
0.0000E+00 0.0000E+00 0.0000E+00 0.0000E+00 0.0000E+00 3.2527E-12 7.9568E-12 1.2671E-11 1.6750E-11 2.1855E-11 2.8320E-11 3.4191E-11 4.1938E-11 4.9603E-11 5.6284E-11 6.1645E-11 6.7145E-11 7.3016E-11 7.9371E-11 8.6023E-11 9.3090E-11 1.0060E-10 1.0843E-10 1.1685E-10 1.2563E-10 1.3490E-10 1.4508E-10 1.5580E-10 1.6627E-10 1.7836E-10 1.9018E-10 2.0289E-10 2.1676E-10 2.3038E-10 2.4497E-10 2.6037E-10 2.7646E-10 2.9326E-10 3.1122E-10 3.2905E-10 3.4806E-10 3.6782E-10 3.8788E-10 4.0846E-10 4.2952E-10 4.5202E-10 4.7435E-10 4.9857E-10 5.2241E-10 5.4814E-10 5.7351E-10 6.0031E-10 6.2765E-10 6.5526E-10 6.8482E-10 7.1397E-10 7.4480E-10
0.0000E+00 0.0000E+00 0.0000E+00 0.0000E+00 7.7920E-13 4.4366E-12 8.7449E-12 1.3297E-11 1.7022E-11 2.2621E-11 2.8466E-11 3.4537E-11 4.2747E-11 5.0418E-11 5.6669E-11 6.1809E-11 6.7496E-11 7.3129E-11 7.9563E-11 8.6177E-11 9.3209E-11 1.0067E-10 1.0858E-10 1.1682E-10 1.2554E-10 1.3474E-10 1.4470E-10 1.5532E-10 1.6568E-10 1.7765E-10 1.8881E-10 2.0193E-10 2.1564E-10 2.2856E-10 2.4355E-10 2.5878E-10 2.7469E-10 2.9130E-10 3.0862E-10 3.2668E-10 3.4547E-10 3.6501E-10 3.8504E-10 4.0515E-10 4.2596E-10 4.4818E-10 4.7021E-10 4.9414E-10 5.1767E-10 5.4306E-10 5.6809E-10 5.9453E-10 6.2151E-10 6.4898E-10 6.7792E-10 7.0666E-10 7.3730E-10
0.0000E+00 0.0000E+00 0.0000E+00 0.0000E+00 7.8405E-13 4.8412E-12 9.1754E-12 1.3908E-11 1.7926E-11 2.3392E-11 2.9405E-11 3.5551E-11 4.3544E-11 5.1216E-11 5.7024E-11 6.2149E-11 6.7608E-11 7.3420E-11 7.9610E-11 8.6298E-11 9.3174E-11 1.0082E-10 1.0856E-10 1.1676E-10 1.2541E-10 1.3454E-10 1.4428E-10 1.5452E-10 1.6506E-10 1.7690E-10 1.8794E-10 2.0092E-10 2.1391E-10 2.2727E-10 2.4208E-10 2.5713E-10 2.7286E-10 2.8928E-10 3.0640E-10 3.2425E-10 3.4282E-10 3.6213E-10 3.8192E-10 4.0178E-10 4.2232E-10 4.4425E-10 4.6601E-10 4.8962E-10 5.1282E-10 5.3790E-10 5.6258E-10 5.8889E-10 6.1528E-10 6.4237E-10 6.7092E-10 6.9924E-10 7.2950E-10
0.0000E+00 0.0000E+00 0.0000E+00 0.0000E+00 1.5564E-12 6.0164E-12 1.0128E-11 1.4457E-11 1.8481E-11 2.4288E-11 2.9529E-11 3.6121E-11 4.4732E-11 5.1560E-11 5.7157E-11 6.2258E-11 6.7895E-11 7.3577E-11 7.9839E-11 8.6270E-11 9.3442E-11 1.0070E-10 1.0862E-10 1.1676E-10 1.2522E-10 1.3428E-10 1.4380E-10 1.5396E-10 1.6438E-10 1.7583E-10 1.8703E-10 1.9987E-10 2.1244E-10 2.2592E-10 2.4056E-10 2.5544E-10 2.7098E-10 2.8721E-10 3.0413E-10 3.2176E-10 3.4011E-10 3.5919E-10 3.7873E-10 3.9834E-10 4.1837E-10 4.4027E-10 4.6172E-10 4.8502E-10 5.0791E-10 5.3265E-10 5.5698E-10 5.8294E-10 6.0895E-10 6.3566E-10 6.6383E-10 6.9175E-10 7.2159E-10
0.0000E+00 0.0000E+00 0.0000E+00 0.0000E+00 1.9440E-12 6.4214E-12 1.1078E-11 1.5168E-11 1.9520E-11 2.4716E-11 3.0277E-11 3.7286E-11 4.5284E-11 5.2306E-11 5.7464E-11 6.2540E-11 6.7948E-11 7.3907E-11 7.9818E-11 8.6539E-11 9.3444E-11 1.0077E-10 1.0840E-10 1.1660E-10 1.2512E-10 1.3398E-10 1.4316E-10 1.5336E-10 1.6366E-10 1.7500E-10 1.8608E-10 1.9878E-10 2.1093E-10 2.2453E-10 2.3900E-10 2.5370E-10 2.6906E-10 2.8509E-10 3.0181E-10 3.1922E-10 3.3735E-10 3.5619E-10 3.7548E-10 3.9483E-10 4.1459E-10 4.3620E-10 4.5735E-10 4.8035E-10 5.0292E-10 5.2732E-10 5.5131E-10 5.7691E-10 6.0255E-10 6.2889E-10 6.5665E-10 6.8418E-10 7.1359E-10
0.0000E+00 0.0000E+00 0.0000E+00 0.0000E+00 2.7105E-12 6.8283E-12 1.1490E-11 1.5404E-11 2.0061E-11 2.5589E-11 3.0378E-11 3.7821E-11 4.6203E-11 5.2604E-11 5.7546E-11 6.2595E-11 6.7971E-11 7.3896E-11 7.9978E-11 8.6551E-11 9.3413E-11 1.0068E-10 1.0838E-10 1.1639E-10 1.2485E-10 1.3362E-10 1.4299E-10 1.5270E-10 1.6289E-10 1.7386E-10 1.8507E-10 1.9764E-10 2.0938E-10 2.2310E-10 2.3710E-10 2.5150E-10 2.6709E-10 2.8292E-10 2.9943E-10 3.1663E-10 3.3453E-10 3.5312E-10 3.7218E-10 3.9126E-10 4.1075E-10 4.3207E-10 4.5292E-10 4.7561E-10 4.9785E-10 5.2193E-10 5.4557E-10 5.7103E-10 5.9609E-10 6.2203E-10 6.4941E-10 6.7653E-10 7.0553E-10
0.0000E+00 0.0000E+00 0.0000E+00 0.0000E+00 3.0968E-12 7.5842E-12 1.2059E-11 1.5925E-11 2.0941E-11 2.6281E-11 3.1092E-11 3.9150E-11 4.6501E-11 5.2892E-11 5.7603E-11 6.2821E-11 6.8170E-11 7.3957E-11 8.0108E-11 8.6532E-11 9.3342E-11 1.0068E-10 1.0820E-10 1.1615E-10 1.2440E-10 1.3323E-10 1.4237E-10 1.5226E-10 1.6235E-10 1.7294E-10 1.8430E-10 1.9646E-10 2.0835E-10 2.2163E-10 2.3546E-10 2.4948E-10 2.6486E-10 2.8071E-10 2.9701E-10 3.1399E-10 3.3165E-10 3.5001E-10 3.6859E-10 3.8762E-10 4.0685E-10 4.2788E-10 4.4843E-10 4.7081E-10 4.9273E-10 5.1647E-10 5.3976E-10 5.6487E-10 5.8955E-10 6.1511E-10 6.4211E-10 6.6881E-10 6.9740E-10
0.0000E+00 0.0000E+00 0.0000E+00 0.0000E+00 4.2220E-12 7.6176E-12 1.2629E-11 1.6149E-11 2.1778E-11 2.6512E-11 3.2011E-11 3.9652E-11 4.7186E-11 5.3143E-11 5.7833E-11 6.2824E-11 6.8137E-11 7.3991E-11 8.0100E-11 8.6369E-11 9.3355E-11 1.0052E-10 1.0799E-10 1.1587E-10 1.2417E-10 1.3279E-10 1.4198E-10 1.5151E-10 1.6176E-10 1.7224E-10 1.8321E-10 1.9497E-10 2.0699E-10 2.2011E-10 2.3322E-10 2.4742E-10 2.6240E-10 2.7824E-10 2.9454E-10 3.1129E-10 3.2873E-10 3.4684E-10 3.6449E-10 3.8394E-10 4.0289E-10 4.2362E-10 4.4389E-10 4.6595E-10 4.8755E-10 5.1095E-10 5.3390E-10 5.5865E-10 5.8296E-10 6.0790E-10 6.3474E-10 6.6104E-10 6.8923E-10
0.0000E+00 0.0000E+00 0.0000E+00 7.4230E-13 4.9707E-12 8.7057E-12 1.3184E-11 1.6654E-11 2.2159E-11 2.7199E-11 3.2255E-11 4.0503E-11 4.7430E-11 5.3181E-11 5.7842E-11 6.3000E-11 6.8278E-11 7.3891E-11 7.9956E-11 8.6391E-11 9.3217E-11 1.0033E-10 1.0773E-10 1.1566E-10 1.2378E-10 1.3218E-10 1.4154E-10 1.5097E-10 1.6086E-10 1.7149E-10 1.8235E-10 1.9371E-10 2.0586E-10 2.1855E-10 2.3151E-10 2.4533E-10 2.6011E-10 2.7573E-10 2.9203E-10 3.0856E-10 3.2575E-10 3.4362E-10 3.6103E-10 3.8021E-10 3.9887E-10 4.1933E-10 4.3929E-10 4.6103E-10 4.8232E-10 5.0538E-10 5.2798E-10 5.5237E-10 5.7632E-10 6.0088E-10 6.2732E-10 6.5323E-10 6.8099E-10
0.0000E+00 0.0000E+00 0.0000E+00 1.4730E-12 5.7076E-12 8.7360E-12 1.3678E-11 1.7027E-11 2.2974E-11 2.7259E-11 3.3135E-11 4.0968E-11 4.8068E-11 5.3384E-11 5.8021E-11 6.2952E-11 6.8294E-11 7.3969E-11 7.9990E-11 8.6277E-11 9.3050E-11 1.0010E-10 1.0744E-10 1.1518E-10 1.2334E-10 1.3191E-10 1.4080E-10 1.5013E-10 1.6018E-10 1.7043E-10 1.8117E-10 1.9266E-10 2.0441E-10 2.1694E-10 2.3004E-10 2.4360E-10 2.5778E-10 2.7319E-10 2.8904E-10 3.0577E-10 3.2273E-10 3.4036E-10 3.5751E-10 3.7642E-10 3.9482E-10 4.1498E-10 4.3464E-10 4.5608E-10 4.7704E-10 4.9976E-10 5.2203E-10 5.4606E-10 5.6964E-10 5.9382E-10 6.1987E-10 6.4537E-10 6.7271E-10
0.0000E+00 0.0000E+00 0.0000E+00 1.4779E-12 5.7281E-12 9.9722E-12 1.3881E-11 1.8119E-11 2.3627E-11 2.7914E-11 3.3597E-11 4.1382E-11 4.8272E-11 5.3379E-11 5.7985E-11 6.3075E-11 6.8380E-11 7.3814E-11 7.9895E-11 8.6239E-11 9.2847E-11 9.9843E-11 1.0712E-10 1.1479E-10 1.2286E-10 1.3123E-10 1.4028E-10 1.4951E-10 1.5919E-10 1.6959E-10 1.8021E-10 1.9157E-10 2.0318E-10 2.1557E-10 2.2823E-10 2.4183E-10 2.5562E-10 2.7042E-10 2.8624E-10 3.0273E-10 3.1967E-10 3.3705E-10 3.5395E-10 3.7259E-10 3.9072E-10 4.1059E-10 4.2996E-10 4.5108E-10 4.7171E-10 4.9411E-10 5.1603E-10 5.3947E-10 5.6292E-10 5.8672E-10 6.1238E-10 6.3748E-10 6.6442E-10
0.0000E+00 0.0000E+00 0.0000E+00 2.5576E-12 6.4521E-12 1.0334E-11 1.4360E-11 1.8756E-11 2.4130E-11 2.7952E-11 3.4015E-11 4.2204E-11 4.8864E-11 5.3353E-11 5.8116E-11 6.2980E-11 6.8343E-11 7.3834E-11 7.9769E-11 8.6060E-11 9.2616E-11 9.9554E-11 1.0688E-10 1.1448E-10 1.2223E-10 1.3076E-10 1.3946E-10 1.4859E-10 1.5842E-10 1.6844E-10 1.7920E-10 1.9017E-10 2.0190E-10 2.1388E-10 2.2665E-10 2.3981E-10 2.5362E-10 2.6801E-10 2.8320E-10 2.9944E-10 3.1635E-10 3.3370E-10 3.5036E-10 3.6873E-10 3.8658E-10 4.0616E-10 4.2524E-10 4.4604E-10 4.6636E-10 4.8842E-10 5.0999E-10 5.3216E-10 5.5616E-10 5.7959E-10 6.0486E-10 6.2956E-10 6.5609E-10
0.0000E+00 0.0000E+00 0.0000E+00 2.5645E-12 6.4699E-12 1.0864E-11 1.4548E-11 1.9403E-11 2.4318E-11 2.8575E-11 3.4852E-11 4.2581E-11 4.9028E-11 5.3493E-11 5.8222E-11 6.2862E-11 6.8184E-11 7.3731E-11 7.9617E-11 8.5856E-11 9.2358E-11 9.9230E-11 1.0637E-10 1.1389E-10 1.2168E-10 1.3000E-10 1.3886E-10 1.4789E-10 1.5760E-10 1.6752E-10 1.7788E-10 1.8899E-10 2.0031E-10 2.1242E-10 2.2475E-10 2.3794E-10 2.5137E-10 2.6556E-10 2.8055E-10 2.9634E-10 3.1278E-10 3.3009E-10 3.4672E-10 3.6483E-10 3.8241E-10 4.0170E-10 4.2048E-10 4.4098E-10 4.6098E-10 4.8270E-10 5.0394E-10 5.2575E-10 5.4938E-10 5.7245E-10 5.9732E-10 6.2163E-10 6.4775E-10
0.0000E+00 0.0000E+00 0.0000E+00 3.6292E-12 6.8304E-12 1.1215E-11 1.5011E-11 2.0022E-11 2.4493E-11 2.8592E-11 3.5415E-11 4.3150E-11 4.9187E-11 5.3426E-11 5.8121E-11 6.2913E-11 6.8097E-11 7.3599E-11 7.9334E-11 8.5627E-11 9.2067E-11 9.8989E-11 1.0606E-10 1.1351E-10 1.2110E-10 1.2946E-10 1.3797E-10 1.4715E-10 1.5650E-10 1.6629E-10 1.7679E-10 1.8750E-10 1.9895E-10 2.1091E-10 2.2328E-10 2.3583E-10 2.4929E-10 2.6330E-10 2.7786E-10 2.9322E-10 3.0941E-10 3.2624E-10 3.4306E-10 3.6090E-10 3.7821E-10 3.9721E-10 4.1570E-10 4.3588E-10 4.5557E-10 4.7649E-10 4.9786E-10 5.1932E-10 5.4259E-10 5.6528E-10 5.8977E-10 6.1369E-10 6.3939E-10
0.0000E+00 0.0000E+00 0.0000E+00 3.6369E-12 7.1807E-12 1.1731E-11 1.5187E-11 2.0492E-11 2.4514E-11 2.9183E-11 3.6211E-11 4.3315E-11 4.9312E-11 5.3339E-11 5.7999E-11 6.2750E-11 6.7890E-11 7.3445E-11 7.9231E-11 8.5367E-11 9.1859E-11 9.8496E-11 1.0549E-10 1.1287E-10 1.2061E-10 1.2888E-10 1.3705E-10 1.4612E-10 1.5536E-10 1.6529E-10 1.7540E-10 1.8624E-10 1.9755E-10 2.0909E-10 2.2131E-10 2.3388E-10 2.4717E-10 2.6078E-10 2.7513E-10 2.9028E-10 3.0602E-10 3.2238E-10 3.3938E-10 3.5694E-10 3.7399E-10 3.9270E-10 4.1089E-10 4.3031E-10 4.5015E-10 4.7006E-10 4.9177E-10 5.1288E-10 5.3579E-10 5.5811E-10 5.8221E-10 6.0574E-10 6.3103E-10
0.0000E+00 0.0000E+00 0.0000E+00 4.6859E-12 7.5315E-12 1.2388E-11 1.5634E-11 2.1090E-11 2.4526E-11 2.9179E-11 3.6933E-11 4.3843E-11 4.9240E-11 5.3418E-11 5.7856E-11 6.2754E-11 6.7759E-11 7.3264E-11 7.9004E-11 8.5084E-11 9.1515E-11 9.8087E-11 1.0501E-10 1.1231E-10 1.1985E-10 1.2803E-10 1.3634E-10 1.4531E-10 1.5444E-10 1.6400E-10 1.7424E-10 1.8494E-10 1.9585E-10 2.0750E-10 2.1949E-10 2.3208E-10 2.4480E-10 2.5843E-10 2.7259E-10 2.8731E-10 3.0282E-10 3.1893E-10 3.3566E-10 3.5273E-10 3.6974E-10 3.8770E-10 4.0608E-10 4.2473E-10 4.4470E-10 4.6430E-10 4.8566E-10 5.0643E-10 5.2898E-10 5.5093E-10 5.7465E-10 5.9779E-10 6.2268E-10
0.0000E+00 0.0000E+00 6.9728E-13 4.6933E-12 8.1968E-12 1.2398E-11 1.5798E-11 2.1840E-11 2.4529E-11 2.9707E-11 3.7289E-11 4.3782E-11 4.9326E-11 5.3294E-11 5.7695E-11 6.2550E-11 6.7701E-11 7.3062E-11 7.8750E-11 8.4773E-11 9.1037E-11 9.7648E-11 1.0462E-10 1.1172E-10 1.1930E-10 1.2738E-10 1.3561E-10 1.4422E-10 1.5324E-10 1.6292E-10 1.7278E-10 1.8335E-10 1.9438E-10 2.0561E-10 2.1763E-10 2.2986E-10 2.4259E-10 2.5605E-10 2.6981E-10 2.8431E-10 2.9959E-10 3.1546E-10 3.3193E-10 3.4851E-10 3.6548E-10 3.8294E-10 4.0124E-10 4.1937E-10 4.3925E-10 4.5853E-10 4.7955E-10 4.9999E-10 5.2216E-10 5.4376E-10 5.6709E-10 5.8985E-10 6.1384E-10
0.0000E+00 0.0000E+00 6.9772E-13 5.0407E-12 8.5376E-12 1.2990E-11 1.6504E-11 2.2267E-11 2.4930E-11 2.9682E-11 3.7599E-11 4.4270E-11 4.9220E-11 5.3332E-11 5.7698E-11 6.2511E-11 6.7430E-11 7.2840E-11 7.8575E-11 8.4440E-11 9.0752E-11 9.7190E-11 1.0397E-10 1.1099E-10 1.1872E-10 1.2647E-10 1.3459E-10 1.4334E-10 1.5225E-10 1.6181E-10 1.7156E-10 1.8198E-10 1.9261E-10 2.0414E-10 2.1554E-10 2.2781E-10 2.4036E-10 2.5342E-10 2.6720E-10 2.8129E-10 2.9634E-10 3.1197E-10 3.2818E-10 3.4429E-10 3.6120E-10 3.7795E-10 3.9639E-10 4.1424E-10 4.3380E-10 4.5276E-10 4.7344E-10 4.9354E-10 5.1535E-10 5.3659E-10 5.5929E-10 5.8191E-10 6.0504E-10
0.0000E+00 0.0000E+00 1.3839E-12 5.3787E-12 9.1876E-12 1.2991E-11 1.6952E-11 2.2697E-11 2.4914E-11 3.0413E-11 3.7922E-11 4.4352E-11 4.9097E-11 5.3173E-11 5.7498E-11 6.2362E-11 6.7327E-11 7.2594E-11 7.8175E-11 8.4087E-11 9.0225E-11 9.6813E-11 1.0353E-10 1.1035E-10 1.1788E-10 1.2553E-10 1.3379E-10 1.4219E-10 1.5099E-10 1.6043E-10 1.7029E-10 1.8033E-10 1.9107E-10 2.0219E-10 2.1362E-10 2.2572E-10 2.3810E-10 2.5097E-10 2.6456E-10 2.7844E-10 2.9306E-10 3.0824E-10 3.2442E-10 3.3984E-10 3.5692E-10 3.7339E-10 3.9154E-10 4.0910E-10 4.2833E-10 4.4699E-10 4.6733E-10 4.8709E-10 5.0855E-10 5.2943E-10 5.5152E-10 5.7400E-10 5.9650E-10
0.0000E+00 0.0000E+00 1.3841E-12 5.7175E-12 9.3446E-12 1.3411E-11 1.7514E-11 2.2687E-11 2.5289E-11 3.0367E-11 3.8199E-11 4.4800E-11 4.8958E-11 5.3173E-11 5.7462E-11 6.2100E-11 6.7016E-11 7.2329E-11 7.7855E-11 8.3708E-11 8.9891E-11 9.6193E-11 1.0283E-10 1.0980E-10 1.1724E-10 1.2456E-10 1.3273E-10 1.4102E-10 1.4994E-10 1.5901E-10 1.6875E-10 1.7890E-10 1.8950E-10 2.0040E-10 2.1167E-10 2.2340E-10 2.3581E-10 2.4849E-10 2.6168E-10 2.7558E-10 2.8978E-10 3.0472E-10 3.2043E-10 3.3582E-10 3.5263E-10 3.6883E-10 3.8669E-10 4.0396E-10 4.2288E-10 4.4122E-10 4.6099E-10 4.8066E-10 5.0128E-10 5.2229E-10 5.4354E-10 5.6610E-10 5.8821E-10
0.0000E+00 0.0000E+00 2.3930E-12 6.0465E-12 9.9779E-12 1.3403E-11 1.7946E-11 2.2809E-11 2.5418E-11 3.1062E-11 3.8489E-11 4.4680E-11 4.8804E-11 5.2981E-11 5.7228E-11 6.1912E-11 6.6875E-11 7.1945E-11 7.7517E-11 8.3411E-11 8.9321E-11 9.5660E-11 1.0222E-10 1.0899E-10 1.1635E-10 1.2381E-10 1.3187E-10 1.4006E-10 1.4887E-10 1.5782E-10 1.6743E-10 1.7720E-10 1.8765E-10 1.9839E-10 2.0969E-10 2.2125E-10 2.3348E-10 2.4599E-10 2.5898E-10 2.7268E-10 2.8667E-10 3.0118E-10 3.1643E-10 3.3179E-10 3.4833E-10 3.6427E-10 3.8184E-10 3.9882E-10 4.1743E-10 4.3547E-10 4.5467E-10 4.7424E-10 4.9429E-10 5.1516E-10 5.3582E-10 5.5822E-10 5.7995E-10
