Assets/Resources/2015_m01_d19_0800(utc+0800)_l00_csi_1hr_conc.grd
DSAA
         159         159
     -79.000      79.000
     -79.000      79.000
  0.0000E+00  0.4362E-05
[rows 50 to 74 of 159, columns 57 to 113 of 159]
1.2828E-10 1.8041E-10 2.5362E-10 3.4120E-10 4.6428E-10 6.1611E-10 8.0293E-10 1.0415E-09 1.3326E-09 1.9131E-09 2.3885E-09 2.9457E-09 3.5607E-09 4.2199E-09 4.8902E-09 5.5539E-09 6.1760E-09 6.7563E-09 7.2936E-09 7.7575E-09 8.1623E-09 8.5524E-09 8.8179E-09 9.2577E-09 9.6857E-09 1.0203E-08 1.0724E-08 1.1276E-08 1.1893E-08 1.2462E-08 1.3024E-08 1.3628E-08 1.4234E-08 1.4831E-08 1.5413E-08 1.5979E-08 1.6523E-08 1.7042E-08 1.7530E-08 1.7979E-08 1.8388E-08 1.8754E-08 1.9071E-08 1.9330E-08 1.9529E-08 1.9664E-08 1.9733E-08 1.9732E-08 1.9668E-08 1.9539E-08 1.9348E-08 1.9086E-08 1.8769E-08 1.8401E-08 1.7979E-08 1.7512E-08 1.7015E-08
1.4146E-10 2.0143E-10 2.7949E-10 3.8324E-10 5.2306E-10 6.9519E-10 9.2124E-10 1.4118E-09 1.8405E-09 2.3685E-09 2.9795E-09 3.6740E-09 4.6429E-09 5.4836E-09 6.3482E-09 7.1923E-09 7.9526E-09 8.6058E-09 9.1358E-09 9.5248E-09 9.8190E-09 9.8159E-09 1.0040E-08 1.0301E-08 1.0554E-08 1.0887E-08 1.1338E-08 1.1816E-08 1.2353E-08 1.2938E-08 1.3450E-08 1.4027E-08 1.4612E-08 1.5196E-08 1.5764E-08 1.6317E-08 1.6851E-08 1.7359E-08 1.7839E-08 1.8281E-08 1.8684E-08 1.9044E-08 1.9358E-08 1.9616E-08 1.9815E-08 1.9951E-08 2.0023E-08 2.0028E-08 1.9963E-08 1.9840E-08 1.9648E-08 1.9392E-08 1.9072E-08 1.8701E-08 1.8283E-08 1.7812E-08 1.7317E-08
1.5512E-10 2.2030E-10 3.0763E-10 4.2859E-10 5.8603E-10 7.8855E-10 1.2817E-09 1.7277E-09 2.2784E-09 2.9535E-09 3.9644E-09 4.9312E-09 5.9878E-09 7.0970E-09 8.1895E-09 9.2328E-09 1.0149E-08 1.0862E-08 1.1364E-08 1.1671E-08 1.1795E-08 1.1787E-08 1.1746E-08 1.1578E-08 1.1562E-08 1.1755E-08 1.2064E-08 1.2381E-08 1.2809E-08 1.3371E-08 1.3910E-08 1.4352E-08 1.4903E-08 1.5466E-08 1.6016E-08 1.6551E-08 1.7069E-08 1.7564E-08 1.8032E-08 1.8467E-08 1.8860E-08 1.9211E-08 1.9520E-08 1.9776E-08 1.9974E-08 2.0112E-08 2.0187E-08 2.0198E-08 2.0138E-08 2.0017E-08 1.9830E-08 1.9577E-08 1.9262E-08 1.8894E-08 1.8480E-08 1.8015E-08 1.7513E-08
1.6870E-10 2.4025E-10 3.4006E-10 4.7555E-10 6.5457E-10 1.1172E-09 1.5560E-09 2.1200E-09 2.8249E-09 3.9644E-09 5.0923E-09 6.3891E-09 7.8106E-09 9.2717E-09 1.0996E-08 1.2380E-08 1.3590E-08 1.4474E-08 1.5002E-08 1.5175E-08 1.5033E-08 1.4666E-08 1.3891E-08 1.3426E-08 1.2867E-08 1.2830E-08 1.2809E-08 1.3011E-08 1.3273E-08 1.3678E-08 1.4180E-08 1.4594E-08 1.5096E-08 1.5634E-08 1.6161E-08 1.6675E-08 1.7173E-08 1.7650E-08 1.8104E-08 1.8526E-08 1.8912E-08 1.9251E-08 1.9553E-08 1.9806E-08 2.0004E-08 2.0145E-08 2.0223E-08 2.0239E-08 2.0187E-08 2.0069E-08 1.9891E-08 1.9645E-08 1.9334E-08 1.8976E-08 1.8565E-08 1.8114E-08 1.7614E-08
1.8068E-10 2.5870E-10 3.7098E-10 5.2257E-10 9.2958E-10 1.3368E-09 1.8859E-09 2.5932E-09 3.7918E-09 5.0453E-09 6.5409E-09 8.2827E-09 1.0528E-08 1.2645E-08 1.4713E-08 1.6583E-08 1.8148E-08 1.9272E-08 1.9827E-08 1.9799E-08 1.9291E-08 1.8398E-08 1.7282E-08 1.6165E-08 1.5020E-08 1.4116E-08 1.3853E-08 1.3665E-08 1.3748E-08 1.3992E-08 1.4356E-08 1.4868E-08 1.5197E-08 1.5695E-08 1.6194E-08 1.6683E-08 1.7159E-08 1.7616E-08 1.8052E-08 1.8460E-08 1.8834E-08 1.9164E-08 1.9458E-08 1.9707E-08 1.9905E-08 2.0047E-08 2.0130E-08 2.0153E-08 2.0110E-08 1.9997E-08 1.9825E-08 1.9591E-08 1.9289E-08 1.8945E-08 1.8545E-08 1.8101E-08 1.7617E-08
1.9159E-10 2.7763E-10 4.0256E-10 5.7133E-10 1.0930E-09 1.5963E-09 2.2659E-09 3.4451E-09 4.7433E-09 6.3767E-09 8.6262E-09 1.1091E-08 1.3852E-08 1.6784E-08 1.9670E-08 2.2616E-08 2.4853E-08 2.6470E-08 2.7212E-08 2.7038E-08 2.6030E-08 2.4351E-08 2.2294E-08 1.9742E-08 1.7783E-08 1.5951E-08 1.5178E-08 1.4562E-08 1.4296E-08 1.4280E-08 1.4515E-08 1.4913E-08 1.5212E-08 1.5645E-08 1.6115E-08 1.6575E-08 1.7026E-08 1.7460E-08 1.7877E-08 1.8268E-08 1.8630E-08 1.8951E-08 1.9235E-08 1.9480E-08 1.9678E-08 1.9822E-08 1.9911E-08 1.9940E-08 1.9905E-08 1.9802E-08 1.9639E-08 1.9418E-08 1.9132E-08 1.8795E-08 1.8418E-08 1.7984E-08 1.7519E-08
2.0080E-10 2.9497E-10 4.3072E-10 8.4398E-10 1.2700E-09 1.8757E-09 2.9489E-09 4.2048E-09 5.8627E-09 8.2409E-09 1.1011E-08 1.4309E-08 1.8045E-08 2.2412E-08 2.6637E-08 3.0598E-08 3.3861E-08 3.6151E-08 3.7194E-08 3.6855E-08 3.5198E-08 3.2503E-08 2.9070E-08 2.5420E-08 2.2028E-08 1.8478E-08 1.6750E-08 1.5706E-08 1.4978E-08 1.4631E-08 1.4622E-08 1.4836E-08 1.5196E-08 1.5483E-08 1.5920E-08 1.6351E-08 1.6775E-08 1.7185E-08 1.7581E-08 1.7954E-08 1.8303E-08 1.8615E-08 1.8889E-08 1.9131E-08 1.9327E-08 1.9475E-08 1.9568E-08 1.9606E-08 1.9579E-08 1.9484E-08 1.9337E-08 1.9127E-08 1.8863E-08 1.8542E-08 1.8180E-08 1.7770E-08 1.7320E-08
2.0726E-10 3.1029E-10 4.5517E-10 9.5339E-10 1.4612E-09 2.3769E-09 3.5035E-09 5.0599E-09 7.1305E-09 1.0229E-08 1.3825E-08 1.8165E-08 2.3576E-08 2.9261E-08 3.5271E-08 4.0981E-08 4.5786E-08 4.9815E-08 5.1629E-08 5.1409E-08 4.9135E-08 4.5054E-08 3.9721E-08 3.3820E-08 2.7660E-08 2.2799E-08 1.9193E-08 1.7257E-08 1.5818E-08 1.5033E-08 1.4695E-08 1.4737E-08 1.5084E-08 1.5209E-08 1.5613E-08 1.6014E-08 1.6409E-08 1.6795E-08 1.7169E-08 1.7525E-08 1.7859E-08 1.8163E-08 1.8426E-08 1.8665E-08 1.8860E-08 1.9011E-08 1.9110E-08 1.9153E-08 1.9138E-08 1.9054E-08 1.8923E-08 1.8731E-08 1.8482E-08 1.8187E-08 1.7841E-08 1.7459E-08 1.7035E-08
2.1080E-10 3.2025E-10 6.7956E-10 1.0573E-09 1.6386E-09 2.7366E-09 4.0791E-09 5.9590E-09 8.8518E-09 1.2420E-08 1.6995E-08 2.3014E-08 2.9839E-08 3.7636E-08 4.5891E-08 5.4617E-08 6.2100E-08 6.7746E-08 7.0874E-08 7.1043E-08 6.8054E-08 6.2280E-08 5.4418E-08 4.5405E-08 3.6640E-08 2.8895E-08 2.2493E-08 1.9055E-08 1.6966E-08 1.5524E-08 1.4742E-08 1.4561E-08 1.4624E-08 1.4974E-08 1.5198E-08 1.5568E-08 1.5936E-08 1.6296E-08 1.6649E-08 1.6987E-08 1.7306E-08 1.7600E-08 1.7856E-08 1.8090E-08 1.8287E-08 1.8438E-08 1.8544E-08 1.8594E-08 1.8590E-08 1.8521E-08 1.8403E-08 1.8235E-08 1.8005E-08 1.7734E-08 1.7412E-08 1.7052E-08 1.6663E-08
2.0919E-10 3.2375E-10 7.3055E-10 1.1584E-09 1.7916E-09 3.0756E-09 4.6440E-09 7.1189E-09 1.0357E-08 1.4723E-08 2.0742E-08 2.8071E-08 3.7004E-08 4.7346E-08 5.9249E-08 7.1125E-08 8.2061E-08 9.0830E-08 9.6257E-08 9.7369E-08 9.3967E-08 8.6228E-08 7.5077E-08 6.1895E-08 4.8726E-08 3.7272E-08 2.6948E-08 2.1980E-08 1.8458E-08 1.6179E-08 1.4831E-08 1.4328E-08 1.4198E-08 1.4506E-08 1.4753E-08 1.5022E-08 1.5363E-08 1.5699E-08 1.6031E-08 1.6351E-08 1.6655E-08 1.6939E-08 1.7189E-08 1.7419E-08 1.7615E-08 1.7770E-08 1.7880E-08 1.7940E-08 1.7945E-08 1.7895E-08 1.7793E-08 1.7644E-08 1.7441E-08 1.7187E-08 1.6900E-08 1.6568E-08 1.6212E-08
2.0427E-10 3.2037E-10 7.6506E-10 1.2250E-09 2.1414E-09 3.3619E-09 5.1298E-09 8.0068E-09 1.1793E-08 1.6954E-08 2.4294E-08 3.3377E-08 4.4720E-08 5.8750E-08 7.4280E-08 9.0572E-08 1.0620E-07 1.1941E-07 1.2837E-07 1.3167E-07 1.2820E-07 1.1834E-07 1.0319E-07 8.4558E-08 6.5392E-08 4.8452E-08 3.4523E-08 2.5514E-08 2.0368E-08 1.7029E-08 1.5001E-08 1.3990E-08 1.3754E-08 1.3763E-08 1.4200E-08 1.4385E-08 1.4700E-08 1.5013E-08 1.5325E-08 1.5628E-08 1.5920E-08 1.6192E-08 1.6438E-08 1.6662E-08 1.6859E-08 1.7017E-08 1.7131E-08 1.7201E-08 1.7219E-08 1.7181E-08 1.7103E-08 1.6973E-08 1.6799E-08 1.6569E-08 1.6307E-08 1.6014E-08 1.5689E-08
1.9388E-10 3.0815E-10 7.7554E-10 1.2599E-09 2.2430E-09 3.5785E-09 5.4877E-09 8.7215E-09 1.2989E-08 1.9252E-08 2.7520E-08 3.8522E-08 5.2993E-08 7.0443E-08 9.0693E-08 1.1257E-07 1.3437E-07 1.5360E-07 1.6786E-07 1.7463E-07 1.7212E-07 1.6044E-07 1.4059E-07 1.1509E-07 8.8102E-08 6.3672E-08 4.3397E-08 2.9990E-08 2.2734E-08 1.8106E-08 1.5248E-08 1.3604E-08 1.3212E-08 1.3118E-08 1.3519E-08 1.3818E-08 1.3961E-08 1.4253E-08 1.4546E-08 1.4833E-08 1.5112E-08 1.5375E-08 1.5613E-08 1.5836E-08 1.6031E-08 1.6192E-08 1.6312E-08 1.6389E-08 1.6423E-08 1.6401E-08 1.6343E-08 1.6236E-08 1.6080E-08 1.5885E-08 1.5653E-08 1.5394E-08 1.5107E-08
1.7593E-10 2.8583E-10 7.6034E-10 1.2550E-09 2.2744E-09 3.6804E-09 5.9572E-09 9.1703E-09 1.3789E-08 2.0757E-08 3.0163E-08 4.2816E-08 6.0221E-08 8.1692E-08 1.0727E-07 1.3610E-07 1.6558E-07 1.9273E-07 2.1398E-07 2.2564E-07 2.2597E-07 2.1295E-07 1.8803E-07 1.5454E-07 1.1781E-07 8.3659E-08 5.6232E-08 3.5431E-08 2.5488E-08 1.9265E-08 1.5629E-08 1.3142E-08 1.2521E-08 1.2391E-08 1.2626E-08 1.2986E-08 1.3159E-08 1.3431E-08 1.3707E-08 1.3979E-08 1.4244E-08 1.4500E-08 1.4732E-08 1.4951E-08 1.5146E-08 1.5309E-08 1.5437E-08 1.5523E-08 1.5568E-08 1.5566E-08 1.5524E-08 1.5445E-08 1.5312E-08 1.5145E-08 1.4948E-08 1.4722E-08 1.4473E-08
1.5495E-10 2.5638E-10 7.2064E-10 1.2101E-09 2.2342E-09 3.6544E-09 5.9929E-09 9.3097E-09 1.4084E-08 2.1561E-08 3.1716E-08 4.6235E-08 6.5777E-08 9.1155E-08 1.2272E-07 1.5926E-07 1.9786E-07 2.3486E-07 2.6480E-07 2.8406E-07 2.8803E-07 2.7458E-07 2.4459E-07 2.0275E-07 1.5484E-07 1.0884E-07 7.1234E-08 4.1543E-08 2.8514E-08 2.0415E-08 1.5809E-08 1.2709E-08 1.1732E-08 1.1591E-08 1.1818E-08 1.2057E-08 1.2410E-08 1.2564E-08 1.2824E-08 1.3082E-08 1.3336E-08 1.3582E-08 1.3810E-08 1.4025E-08 1.4221E-08 1.4385E-08 1.4518E-08 1.4615E-08 1.4672E-08 1.4689E-08 1.4667E-08 1.4606E-08 1.4502E-08 1.4363E-08 1.4201E-08 1.4008E-08 1.3793E-08
1.3449E-10 2.2281E-10 6.6448E-10 1.1318E-09 2.1264E-09 3.4997E-09 5.8134E-09 9.1049E-09 1.3850E-08 2.1486E-08 3.1929E-08 4.7340E-08 6.8576E-08 9.7240E-08 1.3421E-07 1.7873E-07 2.2805E-07 2.7662E-07 3.1824E-07 3.4645E-07 3.5530E-07 3.4166E-07 3.0739E-07 2.5713E-07 1.9819E-07 1.3942E-07 8.9258E-08 4.7629E-08 3.1439E-08 2.1443E-08 1.5843E-08 1.2348E-08 1.0877E-08 1.0767E-08 1.0973E-08 1.1192E-08 1.1489E-08 1.1665E-08 1.1909E-08 1.2157E-08 1.2400E-08 1.2638E-08 1.2860E-08 1.3072E-08 1.3266E-08 1.3435E-08 1.3572E-08 1.3679E-08 1.3749E-08 1.3779E-08 1.3781E-08 1.3738E-08 1.3662E-08 1.3554E-08 1.3420E-08 1.3263E-08 1.3080E-08
1.1927E-10 1.9185E-10 5.9165E-10 1.0275E-09 1.9530E-09 3.2367E-09 5.4169E-09 8.5501E-09 1.3091E-08 2.0483E-08 3.0743E-08 4.6159E-08 6.8026E-08 9.8533E-08 1.3958E-07 1.9121E-07 2.5050E-07 3.1190E-07 3.6798E-07 4.0858E-07 4.2411E-07 4.0982E-07 3.7023E-07 3.1399E-07 2.4582E-07 1.7459E-07 8.6667E-08 5.4039E-08 3.3719E-08 2.2098E-08 1.5642E-08 1.1805E-08 9.9973E-09 9.9174E-09 1.0104E-08 1.0307E-08 1.0522E-08 1.0790E-08 1.0982E-08 1.1218E-08 1.1452E-08 1.1680E-08 1.1897E-08 1.2107E-08 1.2300E-08 1.2470E-08 1.2614E-08 1.2728E-08 1.2811E-08 1.2857E-08 1.2875E-08 1.2856E-08 1.2802E-08 1.2725E-08 1.2621E-08 1.2495E-08 1.2343E-08
1.0137E-10 1.6377E-10 5.0323E-10 9.0789E-10 1.7347E-09 2.8914E-09 4.5819E-09 7.7058E-09 1.1878E-08 1.8682E-08 2.8229E-08 4.2831E-08 6.3977E-08 9.4343E-08 1.3684E-07 1.9235E-07 2.5901E-07 3.3254E-07 4.0385E-07 4.6162E-07 4.8966E-07 4.7455E-07 4.2585E-07 3.6418E-07 2.9479E-07 1.5447E-07 9.1769E-08 5.6827E-08 3.4751E-08 2.2101E-08 1.5116E-08 1.0973E-08 9.1638E-09 9.0584E-09 9.2287E-09 9.4176E-09 9.6189E-09 9.8704E-09 1.0054E-08 1.0280E-08 1.0504E-08 1.0725E-08 1.0937E-08 1.1143E-08 1.1335E-08 1.1506E-08 1.1656E-08 1.1777E-08 1.1869E-08 1.1932E-08 1.1965E-08 1.1968E-08 1.1938E-08 1.1887E-08 1.1813E-08 1.1713E-08 1.1591E-08
8.7311E-11 1.3877E-10 2.3470E-10 7.7417E-10 1.2756E-09 2.4876E-09 3.9328E-09 6.6484E-09 1.0291E-08 1.6297E-08 2.4681E-08 3.7772E-08 5.6984E-08 8.5231E-08 1.2624E-07 1.8161E-07 2.5092E-07 3.2956E-07 4.1129E-07 4.8781E-07 5.4173E-07 5.3198E-07 4.6182E-07 4.0361E-07 3.0792E-07 1.3962E-07 9.0595E-08 5.6307E-08 3.4102E-08 2.1263E-08 1.4191E-08 9.9006E-09 8.2822E-09 8.2022E-09 8.3617E-09 8.5374E-09 8.7274E-09 8.9292E-09 9.1600E-09 9.3553E-09 9.5705E-09 9.7828E-09 9.9908E-09 1.0194E-08 1.0384E-08 1.0556E-08 1.0708E-08 1.0837E-08 1.0937E-08 1.1015E-08 1.1063E-08 1.1082E-08 1.1078E-08 1.1050E-08 1.1002E-08 1.0928E-08 1.0833E-08
7.6068E-11 1.0858E-10 1.9481E-10 6.1686E-10 1.0584E-09 2.0192E-09 3.2444E-09 5.4701E-09 8.5148E-09 1.3533E-08 2.0537E-08 3.1614E-08 4.7933E-08 7.2569E-08 1.0951E-07 1.6155E-07 2.2813E-07 3.0505E-07 3.8653E-07 4.6953E-07 5.4563E-07 5.5176E-07 4.6217E-07 4.0174E-07 1.8193E-07 1.2700E-07 8.3612E-08 5.1474E-08 3.1672E-08 1.9572E-08 1.2886E-08 8.6568E-09 7.3805E-09 7.3711E-09 7.5149E-09 7.6805E-09 7.8587E-09 8.0506E-09 8.2686E-09 8.4627E-09 8.6625E-09 8.8656E-09 9.0709E-09 9.2701E-09 9.4574E-09 9.6303E-09 9.7846E-09 9.9178E-09 1.0028E-08 1.0115E-08 1.0179E-08 1.0214E-08 1.0230E-08 1.0225E-08 1.0198E-08 1.0148E-08 1.0076E-08
6.3478E-11 8.9741E-11 1.5033E-10 2.7329E-10 8.4423E-10 1.3211E-09 2.5758E-09 3.9562E-09 6.7324E-09 1.0223E-08 1.6251E-08 2.4373E-08 3.7945E-08 5.7908E-08 8.9294E-08 1.3583E-07 1.9688E-07 2.6712E-07 3.4131E-07 4.1792E-07 4.9871E-07 5.2650E-07 4.1017E-07 1.9838E-07 1.5095E-07 1.0740E-07 7.1592E-08 4.4948E-08 2.7726E-08 1.7159E-08 1.1267E-08 7.5765E-09 6.5086E-09 6.5545E-09 6.6980E-09 6.8563E-09 7.0255E-09 7.2065E-09 7.3964E-09 7.6011E-09 7.7902E-09 7.9867E-09 8.1872E-09 8.3813E-09 8.5655E-09 8.7371E-09 8.8929E-09 9.0293E-09 9.1471E-09 9.2438E-09 9.3183E-09 9.3709E-09 9.4034E-09 9.4175E-09 9.4088E-09 9.3809E-09 9.3300E-09
5.2716E-11 7.5397E-11 1.0323E-10 2.2132E-10 5.8660E-10 1.0077E-09 1.8852E-09 2.9792E-09 5.0160E-09 7.6526E-09 1.2153E-08 1.8127E-08 2.8121E-08 4.3238E-08 6.8190E-08 1.0777E-07 1.6188E-07 2.2423E-07 2.8830E-07 3.5493E-07 4.3351E-07 4.6804E-07 2.1148E-07 1.5041E-07 1.1683E-07 8.4408E-08 5.6629E-08 3.6653E-08 2.2835E-08 1.4291E-08 9.4601E-09 6.4057E-09 5.6926E-09 5.7812E-09 5.9226E-09 6.0714E-09 6.2353E-09 6.4055E-09 6.5871E-09 6.7800E-09 6.9711E-09 7.1524E-09 7.3471E-09 7.5353E-09 7.7157E-09 7.8851E-09 8.0406E-09 8.1795E-09 8.3021E-09 8.4075E-09 8.4911E-09 8.5570E-09 8.6048E-09 8.6334E-09 8.6424E-09 8.6322E-09 8.5998E-09
4.3631E-11 6.0216E-11 8.6271E-11 1.4684E-10 2.7535E-10 7.0977E-10 1.1334E-09 2.1202E-09 3.2437E-09 5.4258E-09 8.0856E-09 1.2734E-08 1.8746E-08 2.9971E-08 4.8473E-08 8.1437E-08 1.2950E-07 1.8377E-07 2.3750E-07 2.9346E-07 3.6300E-07 3.7619E-07 1.5912E-07 1.0718E-07 8.4502E-08 6.2366E-08 4.2640E-08 2.7914E-08 1.7663E-08 1.1270E-08 7.5853E-09 5.3384E-09 4.9440E-09 5.0590E-09 5.1934E-09 5.3382E-09 5.4928E-09 5.6567E-09 5.8272E-09 6.0028E-09 6.1895E-09 6.3691E-09 6.5566E-09 6.7385E-09 6.9140E-09 7.0799E-09 7.2336E-09 7.3741E-09 7.5006E-09 7.6111E-09 7.7032E-09 7.7789E-09 7.8388E-09 7.8794E-09 7.9034E-09 7.9082E-09 7.8921E-09
3.3997E-11 4.9134E-11 6.8892E-11 9.5338E-11 2.0679E-10 3.2591E-10 7.9782E-10 1.2073E-09 2.2165E-09 3.2982E-09 5.4264E-09 8.2779E-09 1.2262E-08 1.9252E-08 3.2262E-08 5.9553E-08 1.0351E-07 1.5245E-07 1.9671E-07 2.4714E-07 2.9716E-07 3.2405E-07 1.1998E-07 7.1845E-08 5.6954E-08 4.2763E-08 2.9956E-08 1.9890E-08 1.2852E-08 8.4090E-09 5.8641E-09 4.3645E-09 4.2703E-09 4.3906E-09 4.5204E-09 4.6582E-09 4.8069E-09 4.9612E-09 5.1230E-09 5.2878E-09 5.4683E-09 5.6473E-09 5.8203E-09 5.9951E-09 6.1646E-09 6.3256E-09 6.4768E-09 6.6174E-09 6.7463E-09 6.8595E-09 6.9578E-09 7.0414E-09 7.1095E-09 7.1610E-09 7.1965E-09 7.2133E-09 7.2117E-09
2.6019E-11 3.9088E-11 5.3718E-11 7.6822E-11 1.1706E-10 2.2552E-10 3.8855E-10 7.1862E-10 1.1424E-09 1.8762E-09 2.8704E-09 4.8289E-09 7.0305E-09 1.0760E-08 1.9493E-08 4.2178E-08 8.6127E-08 1.3276E-07 1.7073E-07 2.0784E-07 2.4842E-07 3.1493E-07 9.2761E-08 4.5153E-08 3.6801E-08 2.7835E-08 1.9703E-08 1.3311E-08 8.8302E-09 5.9943E-09 4.4243E-09 3.6214E-09 3.6630E-09 3.7785E-09 3.9035E-09 4.0370E-09 4.1751E-09 4.3236E-09 4.4736E-09 4.6331E-09 4.7983E-09 4.9730E-09 5.1388E-09 5.3075E-09 5.4700E-09 5.6255E-09 5.7729E-09 5.9126E-09 6.0413E-09 6.1562E-09 6.2581E-09 6.3470E-09 6.4208E-09 6.4807E-09 6.5250E-09 6.5518E-09 6.5629E-09
2.0320E-11 2.8706E-11 4.2793E-11 5.7990E-11 8.2308E-11 1.4880E-10 2.3645E-10 4.3556E-10 6.5388E-10 1.1655E-09 1.7756E-09 2.7459E-09 4.0328E-09 5.9976E-09 1.0668E-08 2.9337E-08 7.9290E-08 1.3981E-07 1.5732E-07 1.8440E-07 2.3070E-07 3.1319E-07 7.8228E-08 2.7160E-08 2.2258E-08 1.6978E-08 1.2170E-08 8.3560E-09 5.7560E-09 4.1620E-09 3.3387E-09 3.0250E-09 3.1160E-09 3.2288E-09 3.3472E-09 3.4736E-09 3.6043E-09 3.7420E-09 3.8863E-09 4.0377E-09 4.1956E-09 4.3563E-09 4.5170E-09 4.6771E-09 4.8310E-09 4.9805E-09 5.1240E-09 5.2610E-09 5.3875E-09 5.5025E-09 5.6061E-09 5.6973E-09 5.7755E-09 5.8411E-09 5.8914E-09 5.9269E-09 5.9488E-09
