Assets/Resources/2015_m01_d10_0800(utc+0800)_l00_csi_1hr_conc.grd
DSAA
         159         159
     -79.000      79.000
     -79.000      79.000
  0.1717E-08  0.1646E-04
[rows 0 to 24 of 159, columns 0 to 56 of 159]
1.7167E-09 1.7673E-09 1.8088E-09 1.8538E-09 1.8935E-09 1.9341E-09 1.9758E-09 2.0184E-09 2.0605E-09 2.1068E-09 2.1510E-09 2.1979E-09 2.2442E-09 2.2932E-09 2.3432E-09 2.3945E-09 2.4451E-09 2.4986E-09 2.5513E-09 2.6069E-09 2.6618E-09 2.7194E-09 2.7785E-09 2.8384E-09 2.8975E-09 2.9594E-09 3.0226E-09 3.0866E-09 3.1517E-09 3.2180E-09 3.2850E-09 3.3554E-09 3.4244E-09 3.4967E-09 3.5678E-09 3.6418E-09 3.7144E-09 3.7902E-09 3.8642E-09 3.9413E-09 4.0164E-09 4.0944E-09 4.1704E-09 4.2489E-09 4.3288E-09 4.4065E-09 4.5036E-09 4.5829E-09 4.6762E-09 4.7591E-09 4.8533E-09 4.9342E-09 5.0253E-09 5.1028E-09 5.1793E-09 5.2547E-09 5.3289E-09
1.7643E-09 1.8058E-09 1.8529E-09 1.8929E-09 1.9340E-09 1.9762E-09 2.0178E-09 2.0621E-09 2.1073E-09 2.1539E-09 2.2015E-09 2.2486E-09 2.2984E-09 2.3477E-09 2.4016E-09 2.4532E-09 2.5077E-09 2.5616E-09 2.6185E-09 2.6746E-09 2.7337E-09 2.7942E-09 2.8557E-09 2.9164E-09 2.9801E-09 3.0451E-09 3.1111E-09 3.1783E-09 3.2467E-09 3.3161E-09 3.3889E-09 3.4605E-09 3.5354E-09 3.6093E-09 3.6862E-09 3.7620E-09 3.8409E-09 3.9207E-09 3.9989E-09 4.0801E-09 4.1596E-09 4.2395E-09 4.3223E-09 4.4065E-09 4.4945E-09 4.5905E-09 4.6780E-09 4.7757E-09 4.8613E-09 4.9612E-09 5.0477E-09 5.1448E-09 5.2282E-09 5.3107E-09 5.3923E-09 5.4728E-09 5.5520E-09
1.8020E-09 1.8496E-09 1.8899E-09 1.9330E-09 1.9756E-09 2.0177E-09 2.0625E-09 2.1083E-09 2.1555E-09 2.2038E-09 2.2516E-09 2.3022E-09 2.3523E-09 2.4053E-09 2.4597E-09 2.5153E-09 2.5703E-09 2.6283E-09 2.6857E-09 2.7461E-09 2.8080E-09 2.8691E-09 2.9334E-09 2.9987E-09 3.0655E-09 3.1334E-09 3.2027E-09 3.2732E-09 3.3448E-09 3.4176E-09 3.4940E-09 3.5716E-09 3.6482E-09 3.7281E-09 3.8092E-09 3.8890E-09 3.9721E-09 4.0538E-09 4.1387E-09 4.2220E-09 4.3083E-09 4.3928E-09 4.4847E-09 4.5739E-09 4.6780E-09 4.7671E-09 4.8733E-09 4.9643E-09 5.0663E-09 5.1620E-09 5.2618E-09 5.3512E-09 5.4399E-09 5.5279E-09 5.6149E-09 5.7008E-09 5.7854E-09
1.8446E-09 1.8875E-09 1.9294E-09 1.9724E-09 2.0165E-09 2.0618E-09 2.1066E-09 2.1559E-09 2.2031E-09 2.2533E-09 2.3046E-09 2.3555E-09 2.4093E-09 2.4646E-09 2.5194E-09 2.5772E-09 2.6363E-09 2.6949E-09 2.7566E-09 2.8199E-09 2.8824E-09 2.9482E-09 3.0152E-09 3.0837E-09 3.1534E-09 3.2246E-09 3.2972E-09 3.3710E-09 3.4461E-09 3.5249E-09 3.6050E-09 3.6843E-09 3.7670E-09 3.8488E-09 3.9341E-09 4.0205E-09 4.1057E-09 4.1942E-09 4.2812E-09 4.3716E-09 4.4635E-09 4.5564E-09 4.6534E-09 4.7590E-09 4.8562E-09 4.9643E-09 5.0607E-09 5.1717E-09 5.2699E-09 5.3757E-09 5.4712E-09 5.5663E-09 5.6608E-09 5.7545E-09 5.8473E-09 5.9391E-09 6.0300E-09
1.8842E-09 1.9264E-09 1.9697E-09 2.0143E-09 2.0599E-09 2.1053E-09 2.1550E-09 2.2029E-09 2.2536E-09 2.3040E-09 2.3573E-09 2.4118E-09 2.4680E-09 2.5236E-09 2.5824E-09 2.6426E-09 2.7023E-09 2.7652E-09 2.8297E-09 2.8936E-09 2.9609E-09 3.0275E-09 3.0975E-09 3.1711E-09 3.2441E-09 3.3187E-09 3.3946E-09 3.4719E-09 3.5531E-09 3.6333E-09 3.7176E-09 3.8030E-09 3.8877E-09 3.9761E-09 4.0658E-09 4.1543E-09 4.2464E-09 4.3372E-09 4.4314E-09 4.5275E-09 4.6214E-09 4.7228E-09 4.8364E-09 4.9385E-09 5.0518E-09 5.1568E-09 5.2702E-09 5.3741E-09 5.4860E-09 5.5878E-09 5.6893E-09 5.7905E-09 5.8910E-09 5.9908E-09 6.0902E-09 6.1884E-09 6.2851E-09
1.9209E-09 1.9660E-09 2.0109E-09 2.0555E-09 2.1028E-09 2.1513E-09 2.2013E-09 2.2526E-09 2.3036E-09 2.3576E-09 2.4128E-09 2.4697E-09 2.5262E-09 2.5859E-09 2.6453E-09 2.7079E-09 2.7719E-09 2.8375E-09 2.9028E-09 2.9714E-09 3.0395E-09 3.1111E-09 3.1863E-09 3.2612E-09 3.3353E-09 3.4155E-09 3.4950E-09 3.5784E-09 3.6610E-09 3.7478E-09 3.8359E-09 3.9234E-09 4.0148E-09 4.1076E-09 4.1995E-09 4.2951E-09 4.3896E-09 4.4877E-09 4.5878E-09 4.6859E-09 4.7943E-09 4.9099E-09 5.0194E-09 5.1352E-09 5.2456E-09 5.3645E-09 5.4743E-09 5.5922E-09 5.7003E-09 5.8084E-09 5.9162E-09 6.0238E-09 6.1309E-09 6.2377E-09 6.3436E-09 6.4478E-09 6.5507E-09
1.9598E-09 2.0050E-09 2.0514E-09 2.0991E-09 2.1465E-09 2.1985E-09 2.2486E-09 2.3018E-09 2.3564E-09 2.4107E-09 2.4681E-09 2.5272E-09 2.5877E-09 2.6480E-09 2.7115E-09 2.7747E-09 2.8414E-09 2.9098E-09 2.9797E-09 3.0492E-09 3.1223E-09 3.1971E-09 3.2735E-09 3.3516E-09 3.4337E-09 3.5152E-09 3.6007E-09 3.6857E-09 3.7748E-09 3.8633E-09 3.9558E-09 4.0500E-09 4.1435E-09 4.2410E-09 4.3401E-09 4.4381E-09 4.5400E-09 4.6408E-09 4.7465E-09 4.8592E-09 4.9792E-09 5.0901E-09 5.2143E-09 5.3300E-09 5.4544E-09 5.5699E-09 5.6939E-09 5.8083E-09 5.9229E-09 6.0375E-09 6.1521E-09 6.2666E-09 6.3810E-09 6.4945E-09 6.6067E-09 6.7177E-09 6.8279E-09
1.9996E-09 2.0463E-09 2.0927E-09 2.1421E-09 2.1944E-09 2.2450E-09 2.2987E-09 2.3521E-09 2.4087E-09 2.4667E-09 2.5265E-09 2.5859E-09 2.6488E-09 2.7133E-09 2.7775E-09 2.8452E-09 2.9147E-09 2.9858E-09 3.0567E-09 3.1311E-09 3.2074E-09 3.2854E-09 3.3652E-09 3.4469E-09 3.5303E-09 3.6200E-09 3.7072E-09 3.7963E-09 3.8896E-09 3.9848E-09 4.0817E-09 4.1782E-09 4.2788E-09 4.3811E-09 4.4827E-09 4.5883E-09 4.6930E-09 4.8027E-09 4.9197E-09 5.0304E-09 5.1596E-09 5.2886E-09 5.4095E-09 5.5393E-09 5.6606E-09 5.7905E-09 5.9112E-09 6.0323E-09 6.1538E-09 6.2754E-09 6.3974E-09 6.5194E-09 6.6406E-09 6.7609E-09 6.8803E-09 7.0147E-09 7.1343E-09
2.0401E-09 2.0869E-09 2.1365E-09 2.1875E-09 2.2401E-09 2.2942E-09 2.3481E-09 2.4052E-09 2.4637E-09 2.5241E-09 2.5843E-09 2.6479E-09 2.7131E-09 2.7783E-09 2.8469E-09 2.9174E-09 2.9877E-09 3.0617E-09 3.1375E-09 3.2152E-09 3.2946E-09 3.3760E-09 3.4594E-09 3.5446E-09 3.6339E-09 3.7256E-09 3.8169E-09 3.9125E-09 4.0101E-09 4.1074E-09 4.2091E-09 4.3103E-09 4.4158E-09 4.5231E-09 4.6323E-09 4.7408E-09 4.8544E-09 4.9698E-09 5.0906E-09 5.2242E-09 5.3578E-09 5.4805E-09 5.6189E-09 5.7458E-09 5.8816E-09 6.0085E-09 6.1361E-09 6.2644E-09 6.3931E-09 6.5226E-09 6.6522E-09 6.7812E-09 6.9097E-09 7.0378E-09 7.1816E-09 7.3103E-09 7.4521E-09
2.0799E-09 2.1297E-09 2.1795E-09 2.2339E-09 2.2867E-09 2.3427E-09 2.4002E-09 2.4576E-09 2.5183E-09 2.5809E-09 2.6452E-09 2.7094E-09 2.7771E-09 2.8466E-09 2.9180E-09 2.9894E-09 3.0645E-09 3.1394E-09 3.2183E-09 3.3012E-09 3.3841E-09 3.4691E-09 3.5560E-09 3.6450E-09 3.7384E-09 3.8340E-09 3.9318E-09 4.0295E-09 4.1317E-09 4.2360E-09 4.3401E-09 4.4486E-09 4.5568E-09 4.6694E-09 4.7839E-09 4.9014E-09 5.0208E-09 5.1458E-09 5.2836E-09 5.4083E-09 5.5494E-09 5.6928E-09 5.8253E-09 5.9668E-09 6.0998E-09 6.2339E-09 6.3689E-09 6.5046E-09 6.6415E-09 6.7788E-09 6.9156E-09 7.0523E-09 7.1893E-09 7.3424E-09 7.4801E-09 7.6317E-09 7.7681E-09
2.1203E-09 2.1718E-09 2.2248E-09 2.2796E-09 2.3359E-09 2.3921E-09 2.4516E-09 2.5128E-09 2.5759E-09 2.6389E-09 2.7056E-09 2.7740E-09 2.8424E-09 2.9145E-09 2.9888E-09 3.0649E-09 3.1410E-09 3.2210E-09 3.3031E-09 3.3873E-09 3.4736E-09 3.5644E-09 3.6551E-09 3.7503E-09 3.8455E-09 3.9454E-09 4.0476E-09 4.1497E-09 4.2566E-09 4.3658E-09 4.4772E-09 4.5885E-09 4.7043E-09 4.8224E-09 4.9435E-09 5.0667E-09 5.1924E-09 5.3319E-09 5.4668E-09 5.6124E-09 5.7505E-09 5.8953E-09 6.0456E-09 6.1847E-09 6.3251E-09 6.4667E-09 6.6094E-09 6.7536E-09 6.8984E-09 7.0431E-09 7.1880E-09 7.3338E-09 7.4962E-09 7.6428E-09 7.8045E-09 7.9512E-09 8.1136E-09
2.1630E-09 2.2147E-09 2.2712E-09 2.3260E-09 2.3843E-09 2.4441E-09 2.5040E-09 2.5674E-09 2.6328E-09 2.6999E-09 2.7689E-09 2.8381E-09 2.9110E-09 2.9860E-09 3.0610E-09 3.1401E-09 3.2211E-09 3.3044E-09 3.3899E-09 3.4776E-09 3.5675E-09 3.6597E-09 3.7588E-09 3.8559E-09 3.9553E-09 4.0595E-09 4.1663E-09 4.2755E-09 4.3848E-09 4.5013E-09 4.6156E-09 4.7321E-09 4.8534E-09 4.9804E-09 5.1041E-09 5.2370E-09 5.3700E-09 5.5161E-09 5.6695E-09 5.8091E-09 5.9622E-09 6.1179E-09 6.2628E-09 6.4094E-09 6.5575E-09 6.7070E-09 6.8583E-09 7.0106E-09 7.1631E-09 7.3162E-09 7.4855E-09 7.6422E-09 7.8126E-09 7.9695E-09 8.1414E-09 8.3001E-09 8.4573E-09
2.2049E-09 2.2598E-09 2.3166E-09 2.3750E-09 2.4352E-09 2.4955E-09 2.5592E-09 2.6249E-09 2.6925E-09 2.7603E-09 2.8318E-09 2.9053E-09 2.9790E-09 3.0569E-09 3.1368E-09 3.2168E-09 3.3010E-09 3.3897E-09 3.4786E-09 3.5699E-09 3.6635E-09 3.7617E-09 3.8605E-09 3.9640E-09 4.0701E-09 4.1765E-09 4.2879E-09 4.4020E-09 4.5163E-09 4.6380E-09 4.7575E-09 4.8820E-09 5.0065E-09 5.1395E-09 5.2761E-09 5.4097E-09 5.5629E-09 5.7066E-09 5.8646E-09 6.0224E-09 6.1730E-09 6.3337E-09 6.4863E-09 6.6407E-09 6.7969E-09 6.9552E-09 7.1148E-09 7.2751E-09 7.4363E-09 7.6141E-09 7.7796E-09 7.9593E-09 8.1259E-09 8.3084E-09 8.4777E-09 8.6604E-09 8.8287E-09
2.2475E-09 2.3059E-09 2.3628E-09 2.4232E-09 2.4854E-09 2.5493E-09 2.6154E-09 2.6816E-09 2.7516E-09 2.8236E-09 2.8958E-09 2.9720E-09 3.0505E-09 3.1311E-09 3.2121E-09 3.2972E-09 3.3847E-09 3.4746E-09 3.5670E-09 3.6641E-09 3.7616E-09 3.8640E-09 3.9668E-09 4.0769E-09 4.1853E-09 4.2963E-09 4.4149E-09 4.5316E-09 4.6534E-09 4.7756E-09 4.9054E-09 5.0332E-09 5.1670E-09 5.3061E-09 5.4434E-09 5.6034E-09 5.7514E-09 5.9101E-09 6.0757E-09 6.2314E-09 6.3972E-09 6.5556E-09 6.7161E-09 6.8787E-09 7.0438E-09 7.2106E-09 7.3784E-09 7.5475E-09 7.7336E-09 7.9078E-09 8.0967E-09 8.2729E-09 8.4658E-09 8.6455E-09 8.8392E-09 9.0191E-09 9.2458E-09
2.2923E-09 2.3510E-09 2.4115E-09 2.4738E-09 2.5363E-09 2.6025E-09 2.6708E-09 2.7411E-09 2.8117E-09 2.8862E-09 2.9628E-09 3.0419E-09 3.1212E-09 3.2048E-09 3.2907E-09 3.3770E-09 3.4700E-09 3.5635E-09 3.6595E-09 3.7582E-09 3.8617E-09 3.9683E-09 4.0754E-09 4.1877E-09 4.3030E-09 4.4212E-09 4.5400E-09 4.6665E-09 4.7913E-09 4.9189E-09 5.0544E-09 5.1913E-09 5.3279E-09 5.4745E-09 5.6275E-09 5.7863E-09 5.9521E-09 6.1117E-09 6.2790E-09 6.4530E-09 6.6169E-09 6.7833E-09 6.9521E-09 7.1238E-09 7.2975E-09 7.4726E-09 7.6494E-09 7.8435E-09 8.0263E-09 8.2239E-09 8.4097E-09 8.6126E-09 8.8027E-09 9.0072E-09 9.1989E-09 9.4383E-09 9.6635E-09
2.3379E-09 2.3968E-09 2.4592E-09 2.5235E-09 2.5898E-09 2.6583E-09 2.7270E-09 2.7997E-09 2.8746E-09 2.9498E-09 3.0292E-09 3.1110E-09 3.1952E-09 3.2798E-09 3.3689E-09 3.4626E-09 3.5570E-09 3.6518E-09 3.7538E-09 3.8585E-09 3.9641E-09 4.0725E-09 4.1886E-09 4.3031E-09 4.4255E-09 4.5463E-09 4.6701E-09 4.8020E-09 4.9322E-09 5.0679E-09 5.2068E-09 5.3498E-09 5.4996E-09 5.6469E-09 5.8146E-09 5.9770E-09 6.1477E-09 6.3224E-09 6.4908E-09 6.6701E-09 6.8421E-09 7.0169E-09 7.1947E-09 7.3752E-09 7.5573E-09 7.7415E-09 7.9289E-09 8.1343E-09 8.3406E-09 8.5357E-09 8.7483E-09 8.9484E-09 9.1637E-09 9.3669E-09 9.6185E-09 9.8561E-09 1.0106E-08
2.3825E-09 2.4449E-09 2.5093E-09 2.5740E-09 2.6424E-09 2.7132E-09 2.7860E-09 2.8593E-09 2.9367E-09 3.0164E-09 3.0986E-09 3.1813E-09 3.2685E-09 3.3581E-09 3.4483E-09 3.5455E-09 3.6433E-09 3.7462E-09 3.8475E-09 3.9586E-09 4.0683E-09 4.1810E-09 4.3017E-09 4.4209E-09 4.5458E-09 4.6739E-09 4.8054E-09 4.9378E-09 5.0784E-09 5.2176E-09 5.3634E-09 5.5151E-09 5.6657E-09 5.8292E-09 6.0022E-09 6.1764E-09 6.3582E-09 6.5311E-09 6.7150E-09 6.8923E-09 7.0726E-09 7.2563E-09 7.4432E-09 7.6321E-09 7.8235E-09 8.0183E-09 8.2315E-09 8.4314E-09 8.6501E-09 8.8720E-09 9.0819E-09 9.3076E-09 9.5223E-09 9.7854E-09 1.0035E-08 1.0298E-08 1.0530E-08
2.4277E-09 2.4921E-09 2.5584E-09 2.6269E-09 2.6976E-09 2.7688E-09 2.8441E-09 2.9216E-09 2.9997E-09 3.0821E-09 3.1672E-09 3.2547E-09 3.3429E-09 3.4357E-09 3.5334E-09 3.6319E-09 3.7311E-09 3.8378E-09 3.9474E-09 4.0604E-09 4.1744E-09 4.2939E-09 4.4145E-09 4.5432E-09 4.6707E-09 4.8064E-09 4.9409E-09 5.0788E-09 5.2252E-09 5.3735E-09 5.5223E-09 5.6816E-09 5.8479E-09 6.0171E-09 6.2011E-09 6.3764E-09 6.5600E-09 6.7515E-09 6.9337E-09 7.1193E-09 7.3085E-09 7.5014E-09 7.6969E-09 7.8950E-09 8.0969E-09 8.3175E-09 8.5255E-09 8.7524E-09 8.9832E-09 9.2027E-09 9.4384E-09 9.6640E-09 9.9297E-09 1.0199E-08 1.0475E-08 1.0721E-08 1.0990E-08
2.4752E-09 2.5414E-09 2.6082E-09 2.6788E-09 2.7518E-09 2.8270E-09 2.9029E-09 2.9830E-09 3.0655E-09 3.1508E-09 3.2367E-09 3.3272E-09 3.4204E-09 3.5165E-09 3.6155E-09 3.7176E-09 3.8248E-09 3.9308E-09 4.0468E-09 4.1617E-09 4.2822E-09 4.4064E-09 4.5317E-09 4.6653E-09 4.7979E-09 4.9365E-09 5.0788E-09 5.2248E-09 5.3722E-09 5.5291E-09 5.6909E-09 5.8477E-09 6.0318E-09 6.2084E-09 6.3905E-09 6.5843E-09 6.7694E-09 6.9662E-09 7.1568E-09 7.3511E-09 7.5496E-09 7.7513E-09 7.9558E-09 8.1644E-09 8.3918E-09 8.6077E-09 8.8423E-09 9.0670E-09 9.3103E-09 9.5555E-09 9.7915E-09 1.0068E-08 1.0348E-08 1.0636E-08 1.0896E-08 1.1179E-08 1.1446E-08
2.5215E-09 2.5898E-09 2.6603E-09 2.7313E-09 2.8066E-09 2.8842E-09 2.9643E-09 3.0451E-09 3.1304E-09 3.2184E-09 3.3092E-09 3.4007E-09 3.4970E-09 3.5985E-09 3.7010E-09 3.8044E-09 3.9155E-09 4.0298E-09 4.1478E-09 4.2669E-09 4.3919E-09 4.5207E-09 4.6531E-09 4.7870E-09 4.9295E-09 5.0712E-09 5.2165E-09 5.3709E-09 5.5275E-09 5.6874E-09 5.8535E-09 6.0297E-09 6.2090E-09 6.4038E-09 6.5904E-09 6.7893E-09 6.9899E-09 7.1850E-09 7.3840E-09 7.5877E-09 7.7952E-09 8.0057E-09 8.2205E-09 8.4396E-09 8.6776E-09 8.9194E-09 9.1523E-09 9.4041E-09 9.6583E-09 9.9042E-09 1.0190E-08 1.0480E-08 1.0780E-08 1.1053E-08 1.1349E-08 1.1630E-08 1.1933E-08
2.5684E-09 2.6387E-09 2.7113E-09 2.7864E-09 2.8639E-09 2.9421E-09 3.0247E-09 3.1099E-09 3.1960E-09 3.2869E-09 3.3806E-09 3.4771E-09 3.5746E-09 3.6795E-09 3.7855E-09 3.8970E-09 4.0074E-09 4.1257E-09 4.2478E-09 4.3735E-09 4.5032E-09 4.6343E-09 4.7741E-09 4.9130E-09 5.0584E-09 5.2079E-09 5.3615E-09 5.5192E-09 5.6821E-09 5.8527E-09 6.0211E-09 6.2126E-09 6.3995E-09 6.5957E-09 6.7975E-09 6.9944E-09 7.2039E-09 7.4074E-09 7.6157E-09 7.8285E-09 8.0446E-09 8.2651E-09 8.4905E-09 8.7351E-09 8.9835E-09 9.2241E-09 9.4838E-09 9.7321E-09 1.0002E-08 1.0279E-08 1.0580E-08 1.0906E-08 1.1191E-08 1.1500E-08 1.1794E-08 1.2112E-08 1.2419E-08
2.6174E-09 2.6881E-09 2.7628E-09 2.8401E-09 2.9200E-09 3.0024E-09 3.0858E-09 3.1736E-09 3.2645E-09 3.3582E-09 3.4528E-09 3.5525E-09 3.6575E-09 3.7637E-09 3.8710E-09 3.9863E-09 4.1050E-09 4.2275E-09 4.3516E-09 4.4818E-09 4.6136E-09 4.7542E-09 4.8942E-09 5.0431E-09 5.1915E-09 5.3465E-09 5.5059E-09 5.6705E-09 5.8389E-09 6.0137E-09 6.1992E-09 6.3881E-09 6.5933E-09 6.7907E-09 7.0010E-09 7.2136E-09 7.4212E-09 7.6336E-09 7.8511E-09 8.0726E-09 8.2982E-09 8.5295E-09 8.7800E-09 9.0202E-09 9.2821E-09 9.5492E-09 9.8058E-09 1.0083E-08 1.0352E-08 1.0680E-08 1.1014E-08 1.1311E-08 1.1631E-08 1.1939E-08 1.2271E-08 1.2593E-08 1.2918E-08
2.6653E-09 2.7397E-09 2.8167E-09 2.8944E-09 2.9767E-09 3.0616E-09 3.1493E-09 3.2380E-09 3.3316E-09 3.4282E-09 3.5279E-09 3.6287E-09 3.7370E-09 3.8467E-09 3.9620E-09 4.0765E-09 4.1992E-09 4.3260E-09 4.4565E-09 4.5913E-09 4.7278E-09 4.8733E-09 5.0183E-09 5.1701E-09 5.3263E-09 5.4870E-09 5.6523E-09 5.8231E-09 6.0021E-09 6.1793E-09 6.3696E-09 6.5766E-09 6.7864E-09 6.9956E-09 7.2039E-09 7.4253E-09 7.6414E-09 7.8632E-09 8.0895E-09 8.3201E-09 8.5564E-09 8.7977E-09 9.0588E-09 9.3263E-09 9.5856E-09 9.8644E-09 1.0149E-08 1.0427E-08 1.0745E-08 1.1071E-08 1.1411E-08 1.1743E-08 1.2062E-08 1.2407E-08 1.2743E-08 1.3083E-08 1.3427E-08
2.7135E-09 2.7900E-09 2.8692E-09 2.9511E-09 3.0357E-09 3.1213E-09 3.2116E-09 3.3049E-09 3.3994E-09 3.4989E-09 3.6017E-09 3.7098E-09 3.8174E-09 3.9305E-09 4.0495E-09 4.1723E-09 4.2969E-09 4.4254E-09 4.5627E-09 4.6996E-09 4.8456E-09 4.9913E-09 5.1462E-09 5.3010E-09 5.4626E-09 5.6292E-09 5.8012E-09 5.9774E-09 6.1606E-09 6.3548E-09 6.5561E-09 6.7675E-09 6.9752E-09 7.1962E-09 7.4201E-09 7.6397E-09 7.8648E-09 8.0956E-09 8.3306E-09 8.5713E-09 8.8181E-09 9.0843E-09 9.3567E-09 9.6226E-09 9.9080E-09 1.0200E-08 1.0485E-08 1.0802E-08 1.1136E-08 1.1492E-08 1.1816E-08 1.2164E-08 1.2521E-08 1.2870E-08 1.3224E-08 1.3582E-08 1.3948E-08
2.7638E-09 2.8407E-09 2.9222E-09 3.0064E-09 3.0934E-09 3.1833E-09 3.2744E-09 3.3705E-09 3.4698E-09 3.5722E-09 3.6761E-09 3.7876E-09 3.9006E-09 4.0172E-09 4.1378E-09 4.2645E-09 4.3954E-09 4.5304E-09 4.6699E-09 4.8114E-09 4.9598E-09 5.1128E-09 5.2706E-09 5.4331E-09 5.6004E-09 5.7727E-09 5.9509E-09 6.1377E-09 6.3232E-09 6.5220E-09 6.7380E-09 6.9538E-09 7.1765E-09 7.3955E-09 7.6282E-09 7.8563E-09 8.0907E-09 8.3300E-09 8.5745E-09 8.8258E-09 9.0968E-09 9.3594E-09 9.6451E-09 9.9366E-09 1.0220E-08 1.0527E-08 1.0825E-08 1.1174E-08 1.1554E-08 1.1887E-08 1.2245E-08 1.2612E-08 1.2973E-08 1.3340E-08 1.3712E-08 1.4093E-08 1.4483E-08
