Assets/Resources/2015_m01_d22_1100(utc+0800)_l00_csi_1hr_conc.grd
DSAA
         159         159
     -79.000      79.000
     -79.000      79.000
  0.0000E+00  0.6798E-05
[rows 50 to 74 of 159, columns 57 to 113 of 159]
1.6621E-10 2.5444E-10 3.6642E-10 4.9966E-10 6.5947E-10 8.3879E-10 1.0764E-09 1.3639E-09 1.7229E-09 2.2066E-09 2.8550E-09 3.7355E-09 4.9466E-09 6.7104E-09 9.1098E-09 1.2333E-08 1.6445E-08 2.1358E-08 2.6657E-08 3.1653E-08 3.5759E-08 3.8684E-08 4.0324E-08 4.0729E-08 4.0083E-08 3.8801E-08 3.7322E-08 3.5913E-08 3.4636E-08 3.3495E-08 3.2552E-08 3.1552E-08 3.0485E-08 2.9394E-08 2.8264E-08 2.7098E-08 2.5943E-08 2.4797E-08 2.3673E-08 2.2588E-08 2.1552E-08 2.0566E-08 1.9620E-08 1.8748E-08 1.7938E-08 1.7182E-08 1.6494E-08 1.5847E-08 1.5261E-08 1.4715E-08 1.4196E-08 1.3714E-08 1.3290E-08 1.2874E-08 1.2478E-08 1.2104E-08 1.1747E-08
1.7685E-10 2.7318E-10 3.8721E-10 5.1096E-10 6.8172E-10 8.8408E-10 1.1149E-09 1.4236E-09 1.7985E-09 2.3238E-09 3.0324E-09 4.0018E-09 5.3448E-09 7.3140E-09 1.0091E-08 1.3846E-08 1.8711E-08 2.4539E-08 3.0855E-08 3.6809E-08 4.1590E-08 4.4816E-08 4.6398E-08 4.6403E-08 4.5185E-08 4.3336E-08 4.1344E-08 3.9523E-08 3.7941E-08 3.6567E-08 3.5439E-08 3.4238E-08 3.2970E-08 3.1685E-08 3.0356E-08 2.8991E-08 2.7652E-08 2.6328E-08 2.5043E-08 2.3819E-08 2.2652E-08 2.1541E-08 2.0498E-08 1.9527E-08 1.8637E-08 1.7821E-08 1.7060E-08 1.6372E-08 1.5722E-08 1.5132E-08 1.4572E-08 1.4073E-08 1.3609E-08 1.3166E-08 1.2749E-08 1.2354E-08 1.1979E-08
1.7495E-10 2.7440E-10 3.9088E-10 5.3288E-10 6.9436E-10 9.1042E-10 1.1669E-09 1.4735E-09 1.8794E-09 2.4141E-09 3.1753E-09 4.1968E-09 5.6556E-09 7.8611E-09 1.0974E-08 1.5293E-08 2.0898E-08 2.7698E-08 3.5103E-08 4.2097E-08 4.7640E-08 5.1176E-08 5.2586E-08 5.2099E-08 5.0245E-08 4.7720E-08 4.5202E-08 4.2987E-08 4.1115E-08 3.9552E-08 3.8251E-08 3.6859E-08 3.5405E-08 3.3924E-08 3.2398E-08 3.0832E-08 2.9302E-08 2.7804E-08 2.6359E-08 2.4983E-08 2.3690E-08 2.2464E-08 2.1312E-08 2.0254E-08 1.9281E-08 1.8402E-08 1.7591E-08 1.6834E-08 1.6153E-08 1.5509E-08 1.4922E-08 1.4381E-08 1.3889E-08 1.3439E-08 1.2998E-08 1.2583E-08 1.2179E-08
1.7089E-10 2.7384E-10 3.9301E-10 5.4221E-10 7.2240E-10 9.4216E-10 1.1995E-09 1.5327E-09 1.9283E-09 2.5008E-09 3.2750E-09 4.3446E-09 5.8967E-09 8.2818E-09 1.1692E-08 1.6499E-08 2.2877E-08 3.0699E-08 3.9301E-08 4.7442E-08 5.3817E-08 5.7671E-08 5.8875E-08 5.7760E-08 5.5082E-08 5.1849E-08 4.8790E-08 4.6199E-08 4.4088E-08 4.2392E-08 4.0933E-08 3.9376E-08 3.7729E-08 3.6067E-08 3.4344E-08 3.2593E-08 3.0869E-08 2.9189E-08 2.7590E-08 2.6071E-08 2.4647E-08 2.3311E-08 2.2062E-08 2.0909E-08 1.9866E-08 1.8917E-08 1.8050E-08 1.7258E-08 1.6517E-08 1.5851E-08 1.5214E-08 1.4643E-08 1.4143E-08 1.3657E-08 1.3199E-08 1.2766E-08 1.2358E-08
1.6473E-10 2.8368E-10 4.0725E-10 5.4703E-10 7.3358E-10 9.5967E-10 1.2196E-09 1.5698E-09 1.9855E-09 2.5353E-09 3.3157E-09 4.4163E-09 6.0941E-09 8.5034E-09 1.2212E-08 1.7476E-08 2.4575E-08 3.3439E-08 4.3287E-08 5.2672E-08 5.9985E-08 6.4190E-08 6.5078E-08 6.3221E-08 5.9661E-08 5.5619E-08 5.2034E-08 4.9130E-08 4.6682E-08 4.5034E-08 4.3457E-08 4.1741E-08 3.9927E-08 3.8086E-08 3.6156E-08 3.4232E-08 3.2328E-08 3.0477E-08 2.8712E-08 2.7054E-08 2.5513E-08 2.4063E-08 2.2722E-08 2.1488E-08 2.0370E-08 1.9362E-08 1.8446E-08 1.7605E-08 1.6839E-08 1.6121E-08 1.5456E-08 1.4876E-08 1.4339E-08 1.3833E-08 1.3360E-08 1.2912E-08 1.2490E-08
1.5723E-10 2.7708E-10 4.0661E-10 5.6049E-10 7.3530E-10 9.7191E-10 1.2557E-09 1.5942E-09 2.0243E-09 2.5621E-09 3.3384E-09 4.4618E-09 6.1307E-09 8.6137E-09 1.2459E-08 1.8087E-08 2.5849E-08 3.5742E-08 4.6946E-08 5.7760E-08 6.6159E-08 7.0755E-08 7.1306E-08 6.8518E-08 6.3853E-08 5.8969E-08 5.4860E-08 5.1701E-08 4.9173E-08 4.7446E-08 4.5760E-08 4.3919E-08 4.1955E-08 3.9942E-08 3.7819E-08 3.5727E-08 3.3642E-08 3.1625E-08 2.9714E-08 2.7922E-08 2.6257E-08 2.4714E-08 2.3282E-08 2.1972E-08 2.0794E-08 1.9732E-08 1.8766E-08 1.7886E-08 1.7086E-08 1.6333E-08 1.5656E-08 1.5043E-08 1.4486E-08 1.3979E-08 1.3489E-08 1.3018E-08 1.2583E-08
1.5953E-10 2.7001E-10 4.0013E-10 5.5457E-10 7.4760E-10 9.8677E-10 1.2669E-09 1.6257E-09 2.0504E-09 2.5825E-09 3.3374E-09 4.4100E-09 6.0727E-09 8.5317E-09 1.2474E-08 1.8341E-08 2.6652E-08 3.7528E-08 5.0170E-08 6.2534E-08 7.2188E-08 7.7305E-08 7.7397E-08 7.3561E-08 6.7693E-08 6.1850E-08 5.7256E-08 5.3896E-08 5.1362E-08 4.9580E-08 4.7819E-08 4.5854E-08 4.3775E-08 4.1591E-08 3.9317E-08 3.7047E-08 3.4795E-08 3.2621E-08 3.0557E-08 2.8651E-08 2.6882E-08 2.5241E-08 2.3736E-08 2.2355E-08 2.1126E-08 2.0015E-08 1.9007E-08 1.8096E-08 1.7264E-08 1.6497E-08 1.5785E-08 1.5155E-08 1.4599E-08 1.4063E-08 1.3562E-08 1.3093E-08 1.2633E-08
1.4908E-10 2.5829E-10 3.9072E-10 5.4679E-10 7.4474E-10 9.8604E-10 1.2816E-09 1.6302E-09 2.0615E-09 2.5870E-09 3.3065E-09 4.3258E-09 5.9201E-09 8.3499E-09 1.2252E-08 1.8232E-08 2.6947E-08 3.8688E-08 5.2714E-08 6.6894E-08 7.8128E-08 8.3946E-08 8.3616E-08 7.8403E-08 7.1028E-08 6.4243E-08 5.9196E-08 5.5701E-08 5.3241E-08 5.1423E-08 4.9602E-08 4.7530E-08 4.5343E-08 4.3003E-08 4.0591E-08 3.8159E-08 3.5757E-08 3.3443E-08 3.1247E-08 2.9224E-08 2.7360E-08 2.5641E-08 2.4063E-08 2.2634E-08 2.1352E-08 2.0205E-08 1.9164E-08 1.8224E-08 1.7367E-08 1.6577E-08 1.5871E-08 1.5229E-08 1.4643E-08 1.4098E-08 1.3590E-08 1.3112E-08 1.2626E-08
1.2403E-10 2.4445E-10 3.8983E-10 5.5044E-10 7.3526E-10 9.8098E-10 1.2792E-09 1.6206E-09 2.0551E-09 2.5784E-09 3.2595E-09 4.2346E-09 5.7474E-09 8.0359E-09 1.1853E-08 1.7823E-08 2.6727E-08 3.9201E-08 5.4652E-08 7.0725E-08 8.3795E-08 9.0678E-08 8.9899E-08 8.3147E-08 7.4053E-08 6.6094E-08 6.0683E-08 5.6897E-08 5.4786E-08 5.2962E-08 5.1095E-08 4.8958E-08 4.6658E-08 4.4170E-08 4.1628E-08 3.9048E-08 3.6506E-08 3.4055E-08 3.1756E-08 2.9637E-08 2.7682E-08 2.5896E-08 2.4265E-08 2.2790E-08 2.1477E-08 2.0299E-08 1.9229E-08 1.8272E-08 1.7393E-08 1.6589E-08 1.5881E-08 1.5229E-08 1.4634E-08 1.4083E-08 1.3569E-08 1.3087E-08 1.2600E-08
9.4515E-11 2.2796E-10 3.7458E-10 5.3698E-10 7.3463E-10 9.7968E-10 1.2673E-09 1.6029E-09 2.0318E-09 2.5516E-09 3.2214E-09 4.1522E-09 5.5593E-09 7.7451E-09 1.1263E-08 1.7110E-08 2.6098E-08 3.9029E-08 5.5723E-08 7.3821E-08 8.9160E-08 9.7325E-08 9.6161E-08 8.7492E-08 7.6494E-08 6.7480E-08 6.1646E-08 5.8084E-08 5.5994E-08 5.4151E-08 5.2263E-08 5.0080E-08 4.7677E-08 4.5069E-08 4.2401E-08 3.9685E-08 3.7017E-08 3.4456E-08 3.2065E-08 2.9863E-08 2.7849E-08 2.6003E-08 2.4327E-08 2.2830E-08 2.1492E-08 2.0291E-08 1.9206E-08 1.8238E-08 1.7343E-08 1.6529E-08 1.5826E-08 1.5186E-08 1.4586E-08 1.4029E-08 1.3512E-08 1.3004E-08 1.2535E-08
6.5450E-11 2.1094E-10 3.5788E-10 5.1879E-10 7.1383E-10 9.5761E-10 1.2402E-09 1.5727E-09 1.9883E-09 2.5131E-09 3.1677E-09 4.0316E-09 5.3422E-09 7.3759E-09 1.0664E-08 1.6254E-08 2.5118E-08 3.8336E-08 5.6060E-08 7.6105E-08 9.4015E-08 1.0412E-07 1.0396E-07 8.9154E-08 7.7113E-08 6.7843E-08 6.2343E-08 5.8916E-08 5.6833E-08 5.5008E-08 5.3094E-08 5.0872E-08 4.8374E-08 4.5679E-08 4.2888E-08 4.0062E-08 3.7285E-08 3.4632E-08 3.2171E-08 2.9905E-08 2.7840E-08 2.5962E-08 2.4256E-08 2.2746E-08 2.1391E-08 2.0180E-08 1.9092E-08 1.8116E-08 1.7210E-08 1.6398E-08 1.5706E-08 1.5069E-08 1.4468E-08 1.3912E-08 1.3397E-08 1.2885E-08 1.2428E-08
5.5491E-11 1.7587E-10 3.3689E-10 4.9583E-10 6.8914E-10 9.3439E-10 1.2053E-09 1.5321E-09 1.9322E-09 2.4600E-09 3.0942E-09 3.8941E-09 5.1071E-09 6.9923E-09 1.0004E-08 1.5269E-08 2.3918E-08 3.7209E-08 5.5662E-08 7.8051E-08 9.9357E-08 1.1271E-07 1.1222E-07 9.3410E-08 7.8858E-08 6.7948E-08 6.2526E-08 5.9369E-08 5.7296E-08 5.5481E-08 5.3554E-08 5.1315E-08 4.8729E-08 4.5961E-08 4.3074E-08 4.0156E-08 3.7300E-08 3.4576E-08 3.2063E-08 2.9752E-08 2.7652E-08 2.5759E-08 2.4053E-08 2.2531E-08 2.1179E-08 1.9964E-08 1.8885E-08 1.7908E-08 1.6995E-08 1.6206E-08 1.5522E-08 1.4892E-08 1.4297E-08 1.3744E-08 1.3227E-08 1.2705E-08 1.2279E-08
4.7080E-11 1.3295E-10 3.0236E-10 4.8418E-10 6.7708E-10 9.0310E-10 1.1617E-09 1.4812E-09 1.8720E-09 2.3778E-09 2.9915E-09 3.7679E-09 4.8926E-09 6.6196E-09 9.4441E-09 1.4311E-08 2.2560E-08 3.5651E-08 5.4734E-08 7.8618E-08 1.0325E-07 1.3318E-07 1.0861E-07 9.4531E-08 7.8546E-08 6.7990E-08 6.2112E-08 5.9391E-08 5.7327E-08 5.5528E-08 5.3627E-08 5.1363E-08 4.8719E-08 4.5899E-08 4.2940E-08 3.9956E-08 3.7047E-08 3.4286E-08 3.1737E-08 2.9403E-08 2.7293E-08 2.5397E-08 2.3707E-08 2.2201E-08 2.0854E-08 1.9648E-08 1.8588E-08 1.7615E-08 1.6709E-08 1.5947E-08 1.5274E-08 1.4657E-08 1.4086E-08 1.3519E-08 1.3003E-08 1.2510E-08 1.2089E-08
3.6057E-11 8.9481E-11 2.6212E-10 4.4797E-10 6.4782E-10 8.6168E-10 1.1111E-09 1.4209E-09 1.8007E-09 2.2791E-09 2.8792E-09 3.6371E-09 4.6512E-09 6.2028E-09 8.7617E-09 1.3267E-08 2.1131E-08 3.4040E-08 5.3364E-08 7.8435E-08 1.0486E-07 1.2373E-07 1.2374E-07 9.8900E-08 7.7800E-08 6.6976E-08 6.1360E-08 5.8884E-08 5.6841E-08 5.5082E-08 5.3226E-08 5.0964E-08 4.8318E-08 4.5470E-08 4.2468E-08 3.9452E-08 3.6516E-08 3.3752E-08 3.1196E-08 2.8863E-08 2.6763E-08 2.4886E-08 2.3228E-08 2.1751E-08 2.0422E-08 1.9242E-08 1.8204E-08 1.7239E-08 1.6355E-08 1.5624E-08 1.4968E-08 1.4366E-08 1.3811E-08 1.3263E-08 1.2746E-08 1.2274E-08 1.1861E-08
2.3799E-11 7.6360E-11 2.1819E-10 4.0901E-10 6.1376E-10 8.1711E-10 1.0563E-09 1.3533E-09 1.7190E-09 2.1696E-09 2.7544E-09 3.4774E-09 4.3922E-09 5.8178E-09 8.1405E-09 1.2186E-08 1.9631E-08 3.2223E-08 5.1719E-08 7.7978E-08 1.1276E-07 1.2926E-07 1.2811E-07 9.8837E-08 7.7351E-08 6.5533E-08 6.0189E-08 5.7735E-08 5.5778E-08 5.4096E-08 5.2330E-08 5.0098E-08 4.7495E-08 4.4649E-08 4.1651E-08 3.8639E-08 3.5709E-08 3.2971E-08 3.0440E-08 2.8134E-08 2.6070E-08 2.4233E-08 2.2617E-08 2.1179E-08 1.9893E-08 1.8747E-08 1.7730E-08 1.6790E-08 1.5941E-08 1.5241E-08 1.4605E-08 1.4023E-08 1.3478E-08 1.2948E-08 1.2448E-08 1.1999E-08 1.1598E-08
1.4823E-11 6.4547E-11 1.7446E-10 3.6455E-10 5.7499E-10 7.6879E-10 9.9609E-10 1.2801E-09 1.6301E-09 2.0585E-09 2.6119E-09 3.2919E-09 4.1424E-09 5.4195E-09 7.4716E-09 1.1106E-08 1.8020E-08 3.0158E-08 4.9173E-08 7.6192E-08 1.0800E-07 1.3453E-07 1.3779E-07 9.7463E-08 7.4153E-08 6.2752E-08 5.8149E-08 5.5854E-08 5.4060E-08 5.2525E-08 5.0897E-08 4.8732E-08 4.6219E-08 4.3429E-08 4.0484E-08 3.7516E-08 3.4638E-08 3.1954E-08 2.9477E-08 2.7226E-08 2.5219E-08 2.3445E-08 2.1886E-08 2.0501E-08 1.9266E-08 1.8165E-08 1.7175E-08 1.6267E-08 1.5472E-08 1.4799E-08 1.4189E-08 1.3630E-08 1.3099E-08 1.2592E-08 1.2094E-08 1.1686E-08 1.1298E-08
1.1490E-11 5.0035E-11 1.1309E-10 3.1552E-10 5.1758E-10 7.1716E-10 9.3231E-10 1.2011E-09 1.5337E-09 1.9406E-09 2.4566E-09 3.0959E-09 3.9083E-09 5.0484E-09 6.8545E-09 1.0096E-08 1.6400E-08 2.7838E-08 4.6589E-08 7.4116E-08 1.0735E-07 1.3831E-07 1.3874E-07 9.8244E-08 7.0267E-08 5.8715E-08 5.5159E-08 5.3185E-08 5.1666E-08 5.0378E-08 4.8916E-08 4.6880E-08 4.4492E-08 4.1808E-08 3.8962E-08 3.6084E-08 3.3303E-08 3.0708E-08 2.8317E-08 2.6150E-08 2.4219E-08 2.2528E-08 2.1045E-08 1.9724E-08 1.8546E-08 1.7501E-08 1.6554E-08 1.5687E-08 1.4947E-08 1.4306E-08 1.3724E-08 1.3184E-08 1.2679E-08 1.2196E-08 1.1731E-08 1.1339E-08 1.0964E-08
7.1603E-12 3.4597E-11 9.4289E-11 2.5975E-10 4.6538E-10 6.5459E-10 8.6693E-10 1.1187E-09 1.4315E-09 1.8148E-09 2.2879E-09 2.8980E-09 3.6582E-09 4.6429E-09 6.2162E-09 9.0241E-09 1.4587E-08 2.5105E-08 4.3005E-08 6.9296E-08 1.0411E-07 1.4304E-07 1.3051E-07 9.3119E-08 6.3616E-08 5.3205E-08 5.1207E-08 4.9765E-08 4.8630E-08 4.7652E-08 4.6403E-08 4.4560E-08 4.2327E-08 3.9799E-08 3.7106E-08 3.4367E-08 3.1728E-08 2.9257E-08 2.6981E-08 2.4925E-08 2.3089E-08 2.1500E-08 2.0106E-08 1.8858E-08 1.7749E-08 1.6766E-08 1.5874E-08 1.5052E-08 1.4369E-08 1.3763E-08 1.3212E-08 1.2696E-08 1.2220E-08 1.1764E-08 1.1334E-08 1.0960E-08 1.0600E-08
3.0082E-12 2.1820E-11 7.6417E-11 2.1521E-10 4.0737E-10 5.9083E-10 7.9891E-10 1.0339E-09 1.3256E-09 1.6844E-09 2.1210E-09 2.6901E-09 3.3876E-09 4.2570E-09 5.6326E-09 8.0193E-09 1.2672E-08 2.1866E-08 3.8137E-08 6.2685E-08 9.7365E-08 1.4155E-07 1.4757E-07 8.9960E-08 5.5827E-08 4.7656E-08 4.6501E-08 4.5717E-08 4.5044E-08 4.4427E-08 4.3417E-08 4.1802E-08 3.9771E-08 3.7444E-08 3.4950E-08 3.2396E-08 2.9936E-08 2.7620E-08 2.5488E-08 2.3567E-08 2.1855E-08 2.0376E-08 1.9078E-08 1.7915E-08 1.6887E-08 1.5972E-08 1.5134E-08 1.4381E-08 1.3749E-08 1.3181E-08 1.2657E-08 1.2174E-08 1.1729E-08 1.1303E-08 1.0906E-08 1.0552E-08 1.0207E-08
2.3085E-12 1.5672E-11 6.1259E-11 1.6205E-10 3.4895E-10 5.2491E-10 7.2118E-10 9.4792E-10 1.2180E-09 1.5502E-09 1.9564E-09 2.4751E-09 3.1115E-09 3.9089E-09 5.0559E-09 6.9529E-09 1.0598E-08 1.8204E-08 3.2228E-08 5.3995E-08 8.8215E-08 1.4309E-07 1.5638E-07 8.1480E-08 4.6665E-08 4.1570E-08 4.1367E-08 4.1268E-08 4.1078E-08 4.0803E-08 4.0045E-08 3.8684E-08 3.6889E-08 3.4799E-08 3.2538E-08 3.0218E-08 2.7966E-08 2.5833E-08 2.3872E-08 2.2104E-08 2.0533E-08 1.9172E-08 1.7981E-08 1.6913E-08 1.5975E-08 1.5138E-08 1.4356E-08 1.3678E-08 1.3092E-08 1.2556E-08 1.2072E-08 1.1624E-08 1.1209E-08 1.0793E-08 1.0451E-08 1.0118E-08 9.7932E-09
2.2214E-12 1.0909E-11 4.2542E-11 1.0741E-10 2.8520E-10 4.4943E-10 6.4109E-10 8.5449E-10 1.1103E-09 1.4150E-09 1.7888E-09 2.2513E-09 2.8443E-09 3.5683E-09 4.5138E-09 5.9847E-09 8.7363E-09 1.4383E-08 2.5497E-08 4.4562E-08 7.5779E-08 1.3967E-07 1.6805E-07 7.6425E-08 3.7662E-08 3.5546E-08 3.6194E-08 3.6678E-08 3.6928E-08 3.6928E-08 3.6414E-08 3.5302E-08 3.3767E-08 3.1938E-08 2.9936E-08 2.7878E-08 2.5860E-08 2.3936E-08 2.2160E-08 2.0557E-08 1.9143E-08 1.7911E-08 1.6837E-08 1.5872E-08 1.5026E-08 1.4266E-08 1.3550E-08 1.2945E-08 1.2407E-08 1.1917E-08 1.1466E-08 1.1052E-08 1.0670E-08 1.0294E-08 9.9755E-09 9.6651E-09 9.3594E-09
2.1321E-12 5.4443E-12 2.6637E-11 8.4998E-11 2.1109E-10 3.8466E-10 5.6125E-10 7.5791E-10 9.9542E-10 1.2811E-09 1.6207E-09 2.0334E-09 2.5767E-09 3.2240E-09 4.0234E-09 5.1410E-09 6.9671E-09 1.0801E-08 1.8953E-08 3.4587E-08 6.2647E-08 1.3929E-07 1.9198E-07 6.6282E-08 2.8566E-08 3.0036E-08 3.1282E-08 3.2167E-08 3.2732E-08 3.2945E-08 3.2651E-08 3.1775E-08 3.0502E-08 2.8947E-08 2.7218E-08 2.5434E-08 2.3665E-08 2.1964E-08 2.0387E-08 1.8960E-08 1.7713E-08 1.6620E-08 1.5665E-08 1.4810E-08 1.4053E-08 1.3365E-08 1.2725E-08 1.2192E-08 1.1699E-08 1.1254E-08 1.0843E-08 1.0466E-08 1.0105E-08 9.7786E-09 9.4839E-09 9.1970E-09 8.9077E-09
2.0155E-12 2.8368E-12 1.8112E-11 6.8453E-11 1.5787E-10 3.2125E-10 4.7474E-10 6.6203E-10 8.8104E-10 1.1427E-09 1.4570E-09 1.8305E-09 2.3136E-09 2.8830E-09 3.6018E-09 4.4805E-09 5.6649E-09 8.0453E-09 1.3257E-08 2.5307E-08 4.8327E-08 1.3433E-07 2.4099E-07 5.5655E-08 2.3445E-08 2.5284E-08 2.6801E-08 2.7909E-08 2.8647E-08 2.9001E-08 2.8873E-08 2.8217E-08 2.7197E-08 2.5911E-08 2.4459E-08 2.2948E-08 2.1431E-08 1.9963E-08 1.8595E-08 1.7356E-08 1.6270E-08 1.5317E-08 1.4479E-08 1.3736E-08 1.3069E-08 1.2449E-08 1.1900E-08 1.1422E-08 1.0981E-08 1.0583E-08 1.0212E-08 9.8698E-09 9.5408E-09 9.2520E-09 8.9819E-09 8.7174E-09 8.4488E-09
1.5034E-12 2.2632E-12 1.3149E-11 4.8029E-11 1.0761E-10 2.5668E-10 4.0069E-10 5.7014E-10 7.6848E-10 1.0068E-09 1.2917E-09 1.6329E-09 2.0526E-09 2.5633E-09 3.1990E-09 3.9496E-09 4.8643E-09 6.1719E-09 9.0170E-09 1.6883E-08 3.7409E-08 1.2380E-07 2.9694E-07 4.5722E-08 1.9419E-08 2.1266E-08 2.2815E-08 2.3975E-08 2.4774E-08 2.5203E-08 2.5193E-08 2.4736E-08 2.3949E-08 2.2918E-08 2.1736E-08 2.0485E-08 1.9217E-08 1.7982E-08 1.6819E-08 1.5769E-08 1.4840E-08 1.4025E-08 1.3301E-08 1.2666E-08 1.2087E-08 1.1543E-08 1.1073E-08 1.0650E-08 1.0261E-08 9.9103E-09 9.5772E-09 9.2690E-09 8.9716E-09 8.7197E-09 8.4732E-09 8.2320E-09 7.9888E-09
4.0743E-13 2.1551E-12 7.6453E-12 2.8854E-11 8.4019E-11 1.9412E-10 3.3242E-10 4.8192E-10 6.6780E-10 8.8227E-10 1.1320E-09 1.4370E-09 1.8030E-09 2.2617E-09 2.8129E-09 3.4681E-09 4.2436E-09 5.1133E-09 6.6021E-09 1.0806E-08 2.6125E-08 1.0449E-07 4.1527E-07 3.2419E-08 1.6206E-08 1.7890E-08 1.9318E-08 2.0419E-08 2.1192E-08 2.1635E-08 2.1713E-08 2.1423E-08 2.0844E-08 2.0047E-08 1.9112E-08 1.8100E-08 1.7066E-08 1.6052E-08 1.5091E-08 1.4219E-08 1.3442E-08 1.2757E-08 1.2148E-08 1.1613E-08 1.1111E-08 1.0647E-08 1.0253E-08 9.8845E-09 9.5460E-09 9.2401E-09 8.9338E-09 8.6584E-09 8.4126E-09 8.1857E-09 7.9632E-09 7.7431E-09 7.5265E-09
