Assets/Resources/2015_m01_d03_1400(utc+0800)_l00_csi_1hr_conc.grd
DSAA
         159         159
     -79.000      79.000
     -79.000      79.000
  0.1036E-10  0.1193E-05
[rows 75 to 99 of 159, columns 57 to 113 of 159]
8.4294E-10 8.6449E-10 8.8617E-10 9.0774E-10 9.2967E-10 9.5146E-10 9.7358E-10 9.9552E-10 1.0191E-09 1.0438E-09 1.0676E-09 1.0926E-09 1.1174E-09 1.1416E-09 1.1657E-09 1.1907E-09 1.2150E-09 1.2392E-09 1.2658E-09 1.2910E-09 1.3173E-09 1.3421E-09 1.3662E-09 1.3912E-09 1.4146E-09 1.4397E-09 1.4626E-09 1.4875E-09 1.5102E-09 1.5348E-09 1.5571E-09 1.5812E-09 1.6031E-09 1.6268E-09 1.6481E-09 1.6692E-09 1.6899E-09 1.7101E-09 1.7300E-09 1.7494E-09 1.7683E-09 1.7867E-09 1.8046E-09 1.8220E-09 1.8388E-09 1.8549E-09 1.8705E-09 1.8854E-09 1.8995E-09 1.9130E-09 1.9277E-09 1.9407E-09 1.9520E-09 1.9625E-09 1.9749E-09 1.9838E-09 1.9946E-09
8.5537E-10 8.7700E-10 8.9907E-10 9.2126E-10 9.4333E-10 9.6547E-10 9.8802E-10 1.0119E-09 1.0369E-09 1.0612E-09 1.0865E-09 1.1108E-09 1.1364E-09 1.1610E-09 1.1866E-09 1.2113E-09 1.2362E-09 1.2637E-09 1.2904E-09 1.3162E-09 1.3418E-09 1.3666E-09 1.3924E-09 1.4166E-09 1.4427E-09 1.4665E-09 1.4924E-09 1.5160E-09 1.5416E-09 1.5650E-09 1.5903E-09 1.6133E-09 1.6381E-09 1.6607E-09 1.6830E-09 1.7049E-09 1.7265E-09 1.7477E-09 1.7684E-09 1.7888E-09 1.8086E-09 1.8280E-09 1.8469E-09 1.8652E-09 1.8829E-09 1.9000E-09 1.9165E-09 1.9323E-09 1.9493E-09 1.9648E-09 1.9786E-09 1.9945E-09 2.0106E-09 2.0232E-09 2.0341E-09 2.0458E-09 2.0559E-09
8.6740E-10 8.8967E-10 9.1209E-10 9.3442E-10 9.5683E-10 9.7968E-10 1.0038E-09 1.0283E-09 1.0535E-09 1.0783E-09 1.1042E-09 1.1293E-09 1.1553E-09 1.1804E-09 1.2066E-09 1.2320E-09 1.2600E-09 1.2874E-09 1.3139E-09 1.3402E-09 1.3657E-09 1.3923E-09 1.4173E-09 1.4442E-09 1.4702E-09 1.4957E-09 1.5218E-09 1.5469E-09 1.5731E-09 1.5977E-09 1.6238E-09 1.6478E-09 1.6716E-09 1.6951E-09 1.7183E-09 1.7411E-09 1.7636E-09 1.7858E-09 1.8075E-09 1.8288E-09 1.8497E-09 1.8700E-09 1.8898E-09 1.9091E-09 1.9278E-09 1.9459E-09 1.9663E-09 1.9833E-09 2.0005E-09 2.0218E-09 2.0379E-09 2.0523E-09 2.0686E-09 2.0814E-09 2.0981E-09 2.1093E-09 2.1204E-09
8.7957E-10 9.0195E-10 9.2447E-10 9.4740E-10 9.7051E-10 9.9403E-10 1.0190E-09 1.0439E-09 1.0703E-09 1.0965E-09 1.1218E-09 1.1484E-09 1.1740E-09 1.1998E-09 1.2266E-09 1.2540E-09 1.2812E-09 1.3102E-09 1.3372E-09 1.3634E-09 1.3907E-09 1.4178E-09 1.4442E-09 1.4713E-09 1.4974E-09 1.5248E-09 1.5505E-09 1.5780E-09 1.6034E-09 1.6307E-09 1.6558E-09 1.6807E-09 1.7054E-09 1.7299E-09 1.7540E-09 1.7778E-09 1.8013E-09 1.8244E-09 1.8472E-09 1.8695E-09 1.8913E-09 1.9127E-09 1.9336E-09 1.9539E-09 1.9766E-09 1.9959E-09 2.0194E-09 2.0405E-09 2.0583E-09 2.0762E-09 2.0981E-09 2.1148E-09 2.1298E-09 2.1457E-09 2.1599E-09 2.1768E-09 2.1883E-09
8.9108E-10 9.1406E-10 9.3719E-10 9.6053E-10 9.8347E-10 1.0083E-09 1.0347E-09 1.0613E-09 1.0867E-09 1.1135E-09 1.1393E-09 1.1665E-09 1.1928E-09 1.2200E-09 1.2480E-09 1.2754E-09 1.3050E-09 1.3328E-09 1.3597E-09 1.3877E-09 1.4156E-09 1.4427E-09 1.4707E-09 1.4976E-09 1.5259E-09 1.5526E-09 1.5811E-09 1.6074E-09 1.6358E-09 1.6621E-09 1.6881E-09 1.7140E-09 1.7396E-09 1.7650E-09 1.7902E-09 1.8150E-09 1.8395E-09 1.8637E-09 1.8874E-09 1.9108E-09 1.9337E-09 1.9562E-09 1.9810E-09 2.0035E-09 2.0294E-09 2.0521E-09 2.0724E-09 2.0930E-09 2.1187E-09 2.1373E-09 2.1560E-09 2.1749E-09 2.1959E-09 2.2114E-09 2.2261E-09 2.2424E-09 2.2551E-09
9.0293E-10 9.2624E-10 9.4950E-10 9.7295E-10 9.9805E-10 1.0237E-09 1.0506E-09 1.0769E-09 1.1031E-09 1.1304E-09 1.1580E-09 1.1844E-09 1.2120E-09 1.2408E-09 1.2684E-09 1.2988E-09 1.3272E-09 1.3544E-09 1.3831E-09 1.4119E-09 1.4398E-09 1.4685E-09 1.4963E-09 1.5254E-09 1.5530E-09 1.5824E-09 1.6111E-09 1.6392E-09 1.6665E-09 1.6937E-09 1.7207E-09 1.7476E-09 1.7742E-09 1.8006E-09 1.8268E-09 1.8526E-09 1.8782E-09 1.9034E-09 1.9283E-09 1.9527E-09 1.9787E-09 2.0043E-09 2.0316E-09 2.0575E-09 2.0812E-09 2.1081E-09 2.1318E-09 2.1531E-09 2.1747E-09 2.2012E-09 2.2206E-09 2.2393E-09 2.2598E-09 2.2813E-09 2.2975E-09 2.3126E-09 2.3294E-09
9.1459E-10 9.3776E-10 9.6166E-10 9.8604E-10 1.0128E-09 1.0387E-09 1.0652E-09 1.0929E-09 1.1205E-09 1.1473E-09 1.1752E-09 1.2024E-09 1.2321E-09 1.2602E-09 1.2911E-09 1.3203E-09 1.3480E-09 1.3774E-09 1.4068E-09 1.4351E-09 1.4648E-09 1.4934E-09 1.5233E-09 7.4131E-07 1.5822E-09 1.6120E-09 1.6409E-09 1.6692E-09 1.6975E-09 1.7256E-09 1.7536E-09 1.7814E-09 1.8091E-09 1.8366E-09 1.8638E-09 1.8907E-09 1.9174E-09 1.9437E-09 1.9697E-09 1.9982E-09 2.0286E-09 2.0567E-09 2.0827E-09 2.1112E-09 2.1383E-09 2.1632E-09 2.1912E-09 2.2160E-09 2.2384E-09 2.2610E-09 2.2874E-09 2.3087E-09 2.3282E-09 2.3494E-09 2.3688E-09 2.3883E-09 2.4039E-09
9.2557E-10 9.4963E-10 9.7388E-10 9.9929E-10 1.0263E-09 1.0539E-09 1.0808E-09 1.1088E-09 1.1364E-09 1.1638E-09 1.1925E-09 1.2203E-09 1.2510E-09 1.2821E-09 1.3115E-09 1.3404E-09 1.3703E-09 1.4003E-09 1.4292E-09 1.4597E-09 1.4889E-09 1.5197E-09 1.5523E-09 1.1934E-06 1.1655E-08 1.6408E-09 1.6701E-09 1.6994E-09 1.7286E-09 1.7577E-09 1.7867E-09 1.8156E-09 1.8443E-09 1.8729E-09 1.9012E-09 1.9293E-09 1.9570E-09 1.9865E-09 2.0196E-09 2.0480E-09 2.0770E-09 2.1087E-09 2.1382E-09 2.1655E-09 2.1962E-09 2.2237E-09 2.2499E-09 2.2790E-09 2.3050E-09 2.3286E-09 2.3522E-09 2.3796E-09 2.4018E-09 2.4221E-09 2.4440E-09 2.4624E-09 2.4841E-09
9.3660E-10 9.6101E-10 9.8567E-10 1.0130E-09 1.0408E-09 1.0688E-09 1.0961E-09 1.1237E-09 1.1525E-09 1.1815E-09 1.2097E-09 1.2405E-09 1.2711E-09 1.3010E-09 1.3311E-09 1.3615E-09 1.3922E-09 1.4220E-09 1.4530E-09 1.4830E-09 1.5144E-09 1.5458E-09 1.5765E-09 5.2160E-07 2.1141E-07 2.2040E-09 1.6994E-09 1.7297E-09 1.7599E-09 1.7901E-09 1.8201E-09 1.8501E-09 1.8799E-09 1.9095E-09 1.9390E-09 1.9682E-09 2.0030E-09 2.0342E-09 2.0661E-09 2.0998E-09 2.1306E-09 2.1612E-09 2.1934E-09 2.2244E-09 2.2532E-09 2.2853E-09 2.3142E-09 2.3417E-09 2.3721E-09 2.3993E-09 2.4241E-09 2.4489E-09 2.4771E-09 2.5003E-09 2.5215E-09 2.5433E-09 2.5632E-09
9.4746E-10 9.7250E-10 9.9844E-10 1.0263E-09 1.0540E-09 1.0826E-09 1.1113E-09 1.1403E-09 1.1687E-09 1.1978E-09 1.2280E-09 1.2598E-09 1.2901E-09 1.3209E-09 1.3518E-09 1.3827E-09 1.4130E-09 1.4447E-09 1.4755E-09 1.5076E-09 1.5397E-09 1.5712E-09 1.6040E-09 1.8973E-07 3.8984E-07 2.8373E-08 1.7295E-09 1.7602E-09 1.7914E-09 1.8226E-09 1.8538E-09 1.8848E-09 1.9158E-09 1.9465E-09 1.9791E-09 2.0156E-09 2.0483E-09 2.0848E-09 2.1158E-09 2.1493E-09 2.1847E-09 2.2181E-09 2.2494E-09 2.2832E-09 2.3158E-09 2.3462E-09 2.3797E-09 2.4102E-09 2.4382E-09 2.4699E-09 2.4993E-09 2.5253E-09 2.5513E-09 2.5771E-09 2.6046E-09 2.6267E-09 2.6476E-09
9.5805E-10 9.8438E-10 1.0123E-09 1.0404E-09 1.0682E-09 1.0970E-09 1.1262E-09 1.1552E-09 1.1839E-09 1.2153E-09 1.2463E-09 1.2782E-09 1.3089E-09 1.3405E-09 1.3710E-09 1.4029E-09 1.4351E-09 1.4663E-09 1.4993E-09 1.5321E-09 1.5643E-09 1.5978E-09 1.6299E-09 7.1419E-08 3.4616E-07 1.0803E-07 6.1134E-09 1.7908E-09 1.8231E-09 1.8554E-09 1.8876E-09 1.9198E-09 1.9519E-09 1.9877E-09 2.0240E-09 2.0583E-09 2.0966E-09 2.1311E-09 2.1694E-09 2.2031E-09 2.2376E-09 2.2748E-09 2.3099E-09 2.3430E-09 2.3794E-09 2.4129E-09 2.4450E-09 2.4809E-09 2.5121E-09 2.5417E-09 2.5730E-09 2.6055E-09 2.6328E-09 2.6590E-09 2.6867E-09 2.7151E-09 2.7381E-09
9.6901E-10 9.9548E-10 1.0248E-09 1.0536E-09 1.0823E-09 1.1105E-09 1.1402E-09 1.1703E-09 1.2007E-09 1.2319E-09 1.2647E-09 1.2963E-09 1.3280E-09 1.3589E-09 1.3915E-09 1.4242E-09 1.4559E-09 1.4892E-09 1.5228E-09 1.5557E-09 1.5897E-09 1.6228E-09 1.6557E-09 3.2296E-08 2.2076E-07 1.7669E-07 3.3151E-08 3.3542E-09 1.8549E-09 1.8883E-09 1.9216E-09 1.9550E-09 1.9952E-09 2.0300E-09 2.0715E-09 2.1059E-09 2.1431E-09 2.1824E-09 2.2198E-09 2.2592E-09 2.2957E-09 2.3322E-09 2.3704E-09 2.4075E-09 2.4425E-09 2.4808E-09 2.5161E-09 2.5499E-09 2.5875E-09 2.6204E-09 2.6516E-09 2.6836E-09 2.7182E-09 2.7468E-09 2.7743E-09 2.8014E-09 2.8281E-09
9.8012E-10 1.0085E-09 1.0371E-09 1.0661E-09 1.0956E-09 1.1254E-09 1.1548E-09 1.1855E-09 1.2174E-09 1.2493E-09 1.2820E-09 1.3131E-09 1.3458E-09 1.3785E-09 1.4117E-09 1.4441E-09 1.4779E-09 1.5121E-09 1.5453E-09 1.5802E-09 1.6140E-09 1.6476E-09 1.6813E-09 1.7771E-08 1.3020E-07 1.8106E-07 7.2933E-08 1.3276E-08 2.4022E-09 1.9213E-09 1.9558E-09 1.9974E-09 2.0337E-09 2.0768E-09 2.1137E-09 2.1563E-09 2.1928E-09 2.2349E-09 2.2736E-09 2.3131E-09 2.3546E-09 2.3941E-09 2.4319E-09 2.4722E-09 2.5113E-09 2.5484E-09 2.5887E-09 2.6259E-09 2.6617E-09 2.7010E-09 2.7356E-09 2.7685E-09 2.8012E-09 2.8354E-09 2.8653E-09 2.8939E-09 2.9211E-09
9.9160E-10 1.0204E-09 1.0495E-09 1.0790E-09 1.1090E-09 1.1393E-09 1.1693E-09 1.2008E-09 1.2340E-09 1.2658E-09 1.2983E-09 1.3310E-09 1.3643E-09 1.3978E-09 1.4306E-09 1.4652E-09 1.4999E-09 1.5336E-09 1.5690E-09 1.6035E-09 1.6378E-09 1.6722E-09 1.7069E-09 1.0818E-08 7.7066E-08 1.5097E-07 1.0295E-07 3.2577E-08 6.7781E-09 2.1578E-09 1.9974E-09 2.0377E-09 2.0796E-09 2.1189E-09 2.1624E-09 2.2024E-09 2.2464E-09 2.2870E-09 2.3313E-09 2.3706E-09 2.4124E-09 2.4562E-09 2.4981E-09 2.5381E-09 2.5815E-09 2.6220E-09 2.6613E-09 2.7044E-09 2.7429E-09 2.7807E-09 2.8202E-09 2.8557E-09 2.8901E-09 2.9235E-09 2.9557E-09 2.9865E-09 3.0160E-09
1.0023E-09 1.0316E-09 1.0611E-09 1.0911E-09 1.1213E-09 1.1522E-09 1.1836E-09 1.2157E-09 1.2496E-09 1.2823E-09 1.3155E-09 1.3486E-09 1.3816E-09 1.4161E-09 1.4508E-09 1.4857E-09 1.5204E-09 1.5564E-09 1.5914E-09 1.6263E-09 1.6614E-09 1.6968E-09 1.7325E-09 7.4088E-09 4.7555E-08 1.1255E-07 1.1124E-07 5.5038E-08 1.6861E-08 4.3176E-09 2.0983E-09 2.0799E-09 2.1253E-09 2.1658E-09 2.2102E-09 2.2534E-09 2.2958E-09 2.3423E-09 2.3854E-09 2.4322E-09 2.4757E-09 2.5192E-09 2.5646E-09 2.6089E-09 2.6514E-09 2.6972E-09 2.7401E-09 2.7817E-09 2.8254E-09 2.8651E-09 2.9040E-09 2.9420E-09 2.9790E-09 3.0148E-09 3.0495E-09 3.0827E-09 3.1146E-09
1.0134E-09 1.0429E-09 1.0729E-09 1.1033E-09 1.1343E-09 1.1657E-09 1.1988E-09 1.2325E-09 1.2651E-09 1.2984E-09 1.3312E-09 1.3655E-09 1.3998E-09 1.4351E-09 1.4695E-09 1.5055E-09 1.5419E-09 1.5777E-09 1.6131E-09 1.6489E-09 1.6850E-09 1.7213E-09 1.7580E-09 5.3297E-09 3.0325E-08 8.2089E-08 1.0494E-07 7.2169E-08 3.0860E-08 9.9616E-09 3.3809E-09 2.1292E-09 2.1666E-09 2.2154E-09 2.2575E-09 2.3072E-09 2.3503E-09 2.3989E-09 2.4446E-09 2.4912E-09 2.5399E-09 2.5860E-09 2.6323E-09 2.6803E-09 2.7273E-09 2.7725E-09 2.8200E-09 2.8636E-09 2.9067E-09 2.9491E-09 2.9907E-09 3.0314E-09 3.0710E-09 3.1095E-09 3.1468E-09 3.1826E-09 3.2170E-09
1.0240E-09 1.0539E-09 1.0844E-09 1.1153E-09 1.1465E-09 1.1793E-09 1.2122E-09 1.2460E-09 1.2792E-09 1.3132E-09 1.3478E-09 1.3828E-09 1.4181E-09 1.4529E-09 1.4894E-09 1.5262E-09 1.5622E-09 1.5984E-09 1.6347E-09 1.6713E-09 1.7083E-09 1.7457E-09 1.7833E-09 4.2736E-09 2.0687E-08 5.9015E-08 8.9931E-08 8.0019E-08 4.5876E-08 1.8901E-08 6.8783E-09 2.9570E-09 2.2356E-09 2.2596E-09 2.3103E-09 2.3570E-09 2.4078E-09 2.4554E-09 2.5070E-09 2.5538E-09 2.6033E-09 2.6549E-09 2.7048E-09 2.7532E-09 2.8041E-09 2.8514E-09 2.8983E-09 2.9448E-09 2.9907E-09 3.0360E-09 3.0804E-09 3.1239E-09 3.1664E-09 3.2078E-09 3.2479E-09 3.2866E-09 3.3237E-09
1.0343E-09 1.0656E-09 1.0962E-09 1.1277E-09 1.1596E-09 1.1933E-09 1.2268E-09 1.2604E-09 1.2945E-09 1.3292E-09 1.3641E-09 1.3988E-09 1.4352E-09 1.4715E-09 1.5089E-09 1.5455E-09 1.5821E-09 1.6189E-09 1.6561E-09 1.6936E-09 1.7316E-09 1.7699E-09 1.8085E-09 3.4439E-09 1.4441E-08 4.2615E-08 7.4241E-08 7.9989E-08 5.7770E-08 3.0032E-08 1.2802E-08 5.3010E-09 2.8335E-09 2.3297E-09 2.3606E-09 2.4116E-09 2.4613E-09 2.5152E-09 2.5660E-09 2.6206E-09 2.6714E-09 2.7241E-09 2.7780E-09 2.8286E-09 2.8790E-09 2.9292E-09 2.9791E-09 3.0286E-09 3.0776E-09 3.1260E-09 3.1736E-09 3.2203E-09 3.2659E-09 3.3104E-09 3.3534E-09 3.3949E-09 3.4349E-09
1.0442E-09 1.0759E-09 1.1075E-09 1.1394E-09 1.1728E-09 1.2068E-09 1.2404E-09 1.2746E-09 1.3082E-09 1.3436E-09 1.3792E-09 1.4157E-09 1.4528E-09 1.4902E-09 1.5272E-09 1.5644E-09 1.6015E-09 1.6392E-09 1.6772E-09 1.7157E-09 1.7546E-09 1.7939E-09 1.8336E-09 3.0107E-09 1.0644E-08 3.1335E-08 5.9486E-08 7.4493E-08 6.4415E-08 4.1326E-08 2.1206E-08 9.7278E-09 4.5986E-09 2.8246E-09 2.4467E-09 2.4683E-09 2.5200E-09 2.5755E-09 2.6302E-09 2.6851E-09 2.7423E-09 2.7957E-09 2.8492E-09 2.9027E-09 2.9562E-09 3.0096E-09 3.0628E-09 3.1156E-09 3.1680E-09 3.2198E-09 3.2707E-09 3.3207E-09 3.3696E-09 3.4171E-09 3.4633E-09 3.5092E-09 3.5522E-09
1.0549E-09 1.0862E-09 1.1180E-09 1.1501E-09 1.1844E-09 1.2184E-09 1.2526E-09 1.2877E-09 1.3231E-09 1.3591E-09 1.3957E-09 1.4324E-09 1.4692E-09 1.5077E-09 1.5452E-09 1.5827E-09 1.6207E-09 1.6592E-09 1.6981E-09 1.7375E-09 1.7774E-09 1.8177E-09 1.8584E-09 2.6686E-09 8.1873E-09 2.3397E-08 4.7364E-08 6.6636E-08 6.7210E-08 5.0893E-08 3.0711E-08 1.6021E-08 7.9732E-09 4.2763E-09 2.8887E-09 2.5455E-09 2.5816E-09 2.6360E-09 2.6976E-09 2.7534E-09 2.8095E-09 2.8658E-09 2.9224E-09 2.9793E-09 3.0362E-09 3.0931E-09 3.1498E-09 3.2062E-09 3.2619E-09 3.3170E-09 3.3714E-09 3.4248E-09 3.4782E-09 3.5292E-09 3.5788E-09 3.6280E-09 3.6754E-09
1.0645E-09 1.0962E-09 1.1285E-09 1.1623E-09 1.1971E-09 1.2312E-09 1.2659E-09 1.3013E-09 1.3371E-09 1.3740E-09 1.4103E-09 1.4480E-09 1.4864E-09 1.5244E-09 1.5624E-09 1.6007E-09 1.6396E-09 1.6789E-09 1.7188E-09 1.7591E-09 1.7999E-09 1.8413E-09 1.8850E-09 2.4768E-09 6.5295E-09 1.7966E-08 3.8078E-08 5.7981E-08 6.5718E-08 5.7599E-08 4.0690E-08 2.4347E-08 1.2952E-08 6.9438E-09 4.0728E-09 2.9809E-09 2.6684E-09 2.7070E-09 2.7619E-09 2.8191E-09 2.8784E-09 2.9381E-09 2.9983E-09 3.0588E-09 3.1192E-09 3.1796E-09 3.2398E-09 3.2996E-09 3.3589E-09 3.4186E-09 3.4766E-09 3.5337E-09 3.5909E-09 3.6468E-09 3.7001E-09 3.7517E-09 3.8038E-09
1.0736E-09 1.1057E-09 1.1382E-09 1.1728E-09 1.2074E-09 1.2423E-09 1.2776E-09 1.3136E-09 1.3503E-09 1.3877E-09 1.4257E-09 1.4645E-09 1.5023E-09 1.5408E-09 1.5794E-09 1.6185E-09 1.6581E-09 1.6983E-09 1.7391E-09 1.7804E-09 1.8222E-09 1.8646E-09 1.9136E-09 2.3249E-09 5.4576E-09 1.4048E-08 3.0253E-08 4.9802E-08 6.2473E-08 6.1598E-08 4.9025E-08 3.3135E-08 1.9795E-08 1.1087E-08 6.3145E-09 3.9635E-09 3.0506E-09 2.8016E-09 2.8427E-09 2.8938E-09 2.9515E-09 3.0131E-09 3.0768E-09 3.1407E-09 3.2047E-09 3.2686E-09 3.3323E-09 3.3971E-09 3.4604E-09 3.5241E-09 3.5872E-09 3.6483E-09 3.7094E-09 3.7692E-09 3.8300E-09 3.8856E-09 3.9393E-09
1.0827E-09 1.1153E-09 1.1502E-09 1.1848E-09 1.2190E-09 1.2542E-09 1.2901E-09 1.3270E-09 1.3643E-09 1.4024E-09 1.4409E-09 1.4793E-09 1.5179E-09 1.5567E-09 1.5960E-09 1.6359E-09 1.6764E-09 1.7175E-09 1.7591E-09 1.8014E-09 1.8442E-09 1.8917E-09 1.9432E-09 2.2182E-09 4.6191E-09 1.1340E-08 2.4711E-08 4.2609E-08 5.7307E-08 6.2174E-08 5.5454E-08 4.1918E-08 2.7676E-08 1.6528E-08 9.6271E-09 5.8567E-09 3.9259E-09 3.1323E-09 2.9585E-09 2.9968E-09 3.0408E-09 3.0957E-09 3.1581E-09 3.2247E-09 3.2925E-09 3.3606E-09 3.4299E-09 3.4994E-09 3.5686E-09 3.6374E-09 3.7043E-09 3.7740E-09 3.8399E-09 3.9039E-09 3.9666E-09 4.0270E-09 4.0879E-09
1.0915E-09 1.1242E-09 1.1588E-09 1.1937E-09 1.2295E-09 1.2658E-09 1.3026E-09 1.3398E-09 1.3767E-09 1.4155E-09 1.4547E-09 1.4936E-09 1.5327E-09 1.5721E-09 1.6122E-09 1.6529E-09 1.6943E-09 1.7363E-09 1.7788E-09 1.8221E-09 1.8699E-09 1.9198E-09 1.9710E-09 2.1662E-09 4.1000E-09 9.2601E-09 2.0037E-08 3.5915E-08 5.1774E-08 6.0776E-08 5.9296E-08 4.9104E-08 3.5595E-08 2.3245E-08 1.4176E-08 8.6216E-09 5.5436E-09 3.9580E-09 3.2863E-09 3.1455E-09 3.1684E-09 3.2026E-09 3.2527E-09 3.3158E-09 3.3881E-09 3.4629E-09 3.5370E-09 3.6135E-09 3.6913E-09 3.7660E-09 3.8388E-09 3.9117E-09 3.9868E-09 4.0563E-09 4.1227E-09 4.1883E-09 4.2521E-09
1.0997E-09 1.1349E-09 1.1692E-09 1.2042E-09 1.2397E-09 1.2760E-09 1.3134E-09 1.3512E-09 1.3901E-09 1.4296E-09 1.4682E-09 1.5076E-09 1.5471E-09 1.5873E-09 1.6281E-09 1.6696E-09 1.7118E-09 1.7547E-09 1.7982E-09 1.8443E-09 1.8936E-09 1.9470E-09 2.0008E-09 2.1302E-09 3.6361E-09 7.8957E-09 1.6746E-08 3.0488E-08 4.5853E-08 5.7412E-08 6.0440E-08 5.4521E-08 4.3096E-08 3.0514E-08 1.9840E-08 1.2456E-08 7.9178E-09 5.4161E-09 4.1066E-09 3.5072E-09 3.3692E-09 3.3566E-09 3.3918E-09 3.4395E-09 3.5025E-09 3.5814E-09 3.6621E-09 3.7438E-09 3.8254E-09 3.9098E-09 3.9893E-09 4.0664E-09 4.1430E-09 4.2201E-09 4.2945E-09 4.3661E-09 4.4351E-09
