Assets/Resources/2015_m01_d13_0300(utc+0800)_l00_csi_1hr_conc.grd
DSAA
         159         159
     -79.000      79.000
     -79.000      79.000
  0.0000E+00  0.4315E-05
[rows 75 to 99 of 159, columns 0 to 56 of 159]
5.6674E-09 6.0063E-09 6.3518E-09 6.7095E-09 7.0770E-09 7.4502E-09 7.8323E-09 8.2220E-09 8.6185E-09 9.0213E-09 9.4279E-09 9.8347E-09 1.0251E-08 1.0666E-08 1.1085E-08 1.1514E-08 1.1948E-08 1.2393E-08 1.2846E-08 1.3296E-08 1.3745E-08 1.4181E-08 1.4594E-08 1.4983E-08 1.5349E-08 1.5688E-08 1.6006E-08 1.6302E-08 1.6582E-08 1.6852E-08 1.7120E-08 1.7391E-08 1.7673E-08 1.7971E-08 1.8282E-08 1.8626E-08 1.9022E-08 1.9463E-08 1.9959E-08 2.0491E-08 2.1054E-08 2.1623E-08 2.2167E-08 2.2681E-08 2.3118E-08 2.3452E-08 2.3645E-08 2.3653E-08 2.3468E-08 2.3122E-08 2.2571E-08 2.1841E-08 2.0966E-08 1.9947E-08 1.8839E-08 1.7648E-08 1.6416E-08
5.5384E-09 5.8639E-09 6.1948E-09 6.5375E-09 6.8877E-09 7.2432E-09 7.6068E-09 7.9749E-09 8.3491E-09 8.7296E-09 9.1118E-09 9.4927E-09 9.8815E-09 1.0266E-08 1.0654E-08 1.1047E-08 1.1448E-08 1.1855E-08 1.2269E-08 1.2677E-08 1.3085E-08 1.3481E-08 1.3852E-08 1.4205E-08 1.4538E-08 1.4851E-08 1.5142E-08 1.5417E-08 1.5677E-08 1.5933E-08 1.6191E-08 1.6458E-08 1.6746E-08 1.7054E-08 1.7388E-08 1.7781E-08 1.8233E-08 1.8746E-08 1.9330E-08 1.9962E-08 2.0645E-08 2.1348E-08 2.2055E-08 2.2752E-08 2.3392E-08 2.3937E-08 2.4350E-08 2.4608E-08 2.4705E-08 2.4624E-08 2.4348E-08 2.3906E-08 2.3293E-08 2.2543E-08 2.1698E-08 2.0755E-08 1.9772E-08
5.3878E-09 5.6986E-09 6.0137E-09 6.3402E-09 6.6721E-09 7.0079E-09 7.3514E-09 7.6966E-09 8.0475E-09 8.4035E-09 8.7597E-09 9.1128E-09 9.4723E-09 9.8264E-09 1.0180E-08 1.0539E-08 1.0901E-08 1.1269E-08 1.1640E-08 1.2006E-08 1.2367E-08 1.2718E-08 1.3049E-08 1.3363E-08 1.3660E-08 1.3940E-08 1.4201E-08 1.4449E-08 1.4686E-08 1.4921E-08 1.5163E-08 1.5419E-08 1.5702E-08 1.6013E-08 1.6364E-08 1.6789E-08 1.7278E-08 1.7844E-08 1.8490E-08 1.9203E-08 1.9979E-08 2.0797E-08 2.1649E-08 2.2508E-08 2.3318E-08 2.4062E-08 2.4706E-08 2.5225E-08 2.5603E-08 2.5812E-08 2.5850E-08 2.5721E-08 2.5430E-08 2.5029E-08 2.4501E-08 2.3906E-08 2.3291E-08
5.2183E-09 5.5133E-09 5.8122E-09 6.1206E-09 6.4331E-09 6.7475E-09 7.0701E-09 7.3928E-09 7.7181E-09 8.0484E-09 8.3775E-09 8.7023E-09 9.0298E-09 9.3519E-09 9.6724E-09 9.9957E-09 1.0319E-08 1.0646E-08 1.0973E-08 1.1293E-08 1.1609E-08 1.1913E-08 1.2201E-08 1.2473E-08 1.2734E-08 1.2977E-08 1.3205E-08 1.3422E-08 1.3630E-08 1.3841E-08 1.4061E-08 1.4298E-08 1.4569E-08 1.4875E-08 1.5232E-08 1.5668E-08 1.6178E-08 1.6772E-08 1.7456E-08 1.8224E-08 1.9068E-08 1.9976E-08 2.0943E-08 2.1922E-08 2.2878E-08 2.3811E-08 2.4672E-08 2.5441E-08 2.6086E-08 2.6585E-08 2.6945E-08 2.7149E-08 2.7221E-08 2.7191E-08 2.7051E-08 2.6869E-08 2.6682E-08
5.0323E-09 5.3105E-09 5.5921E-09 5.8815E-09 6.1741E-09 6.4672E-09 6.7674E-09 7.0673E-09 7.3660E-09 7.6694E-09 7.9714E-09 8.2661E-09 8.5622E-09 8.8521E-09 9.1382E-09 9.4249E-09 9.7112E-09 9.9948E-09 1.0278E-08 1.0554E-08 1.0823E-08 1.1081E-08 1.1326E-08 1.1557E-08 1.1778E-08 1.1983E-08 1.2174E-08 1.2359E-08 1.2535E-08 1.2718E-08 1.2910E-08 1.3124E-08 1.3377E-08 1.3669E-08 1.4016E-08 1.4449E-08 1.4960E-08 1.5559E-08 1.6257E-08 1.7053E-08 1.7936E-08 1.8904E-08 1.9936E-08 2.0998E-08 2.2088E-08 2.3176E-08 2.4221E-08 2.5205E-08 2.6090E-08 2.6861E-08 2.7521E-08 2.8056E-08 2.8491E-08 2.8834E-08 2.9096E-08 2.9341E-08 2.9583E-08
4.8325E-09 5.0926E-09 5.3563E-09 5.6264E-09 5.8989E-09 6.1708E-09 6.4472E-09 6.7239E-09 6.9968E-09 7.2726E-09 7.5464E-09 7.8122E-09 8.0770E-09 8.3333E-09 8.5862E-09 8.8376E-09 9.0844E-09 9.3276E-09 9.5667E-09 9.7998E-09 1.0023E-08 1.0237E-08 1.0439E-08 1.0630E-08 1.0810E-08 1.0977E-08 1.1131E-08 1.1281E-08 1.1425E-08 1.1577E-08 1.1738E-08 1.1925E-08 1.2152E-08 1.2418E-08 1.2746E-08 1.3161E-08 1.3654E-08 1.4238E-08 1.4929E-08 1.5725E-08 1.6619E-08 1.7601E-08 1.8663E-08 1.9788E-08 2.0970E-08 2.2166E-08 2.3350E-08 2.4498E-08 2.5581E-08 2.6579E-08 2.7500E-08 2.8327E-08 2.9089E-08 2.9773E-08 3.0398E-08 3.1011E-08 3.1625E-08
4.6210E-09 4.8630E-09 5.1087E-09 5.3599E-09 5.6109E-09 5.8613E-09 6.1144E-09 6.3675E-09 6.6160E-09 6.8632E-09 7.1092E-09 7.3471E-09 7.5790E-09 7.8045E-09 8.0247E-09 8.2399E-09 8.4502E-09 8.6535E-09 8.8523E-09 9.0422E-09 9.2235E-09 9.3945E-09 9.5573E-09 9.7077E-09 9.8479E-09 9.9777E-09 1.0096E-08 1.0210E-08 1.0322E-08 1.0440E-08 1.0570E-08 1.0725E-08 1.0920E-08 1.1154E-08 1.1454E-08 1.1837E-08 1.2297E-08 1.2848E-08 1.3512E-08 1.4284E-08 1.5150E-08 1.6119E-08 1.7187E-08 1.8338E-08 1.9559E-08 2.0812E-08 2.2080E-08 2.3334E-08 2.4554E-08 2.5721E-08 2.6842E-08 2.7900E-08 2.8915E-08 2.9865E-08 3.0755E-08 3.1624E-08 3.2528E-08
4.4003E-09 4.6249E-09 4.8517E-09 5.0831E-09 5.3130E-09 5.5435E-09 5.7741E-09 6.0024E-09 6.2267E-09 6.4476E-09 6.6642E-09 6.8746E-09 7.0767E-09 7.2724E-09 7.4601E-09 7.6420E-09 7.8170E-09 7.9820E-09 8.1420E-09 8.2934E-09 8.4349E-09 8.5680E-09 8.6917E-09 8.8050E-09 8.9068E-09 9.0010E-09 9.0857E-09 9.1652E-09 9.2450E-09 9.3300E-09 9.4271E-09 9.5459E-09 9.7059E-09 9.9045E-09 1.0168E-08 1.0510E-08 1.0926E-08 1.1431E-08 1.2051E-08 1.2769E-08 1.3589E-08 1.4524E-08 1.5567E-08 1.6697E-08 1.7909E-08 1.9167E-08 2.0459E-08 2.1758E-08 2.3048E-08 2.4313E-08 2.5557E-08 2.6763E-08 2.7935E-08 2.9033E-08 3.0054E-08 3.1072E-08 3.2152E-08
4.1730E-09 4.3806E-09 4.5881E-09 4.8001E-09 5.0109E-09 5.2199E-09 5.4290E-09 5.6330E-09 5.8334E-09 6.0294E-09 6.2169E-09 6.4009E-09 6.5760E-09 6.7424E-09 6.9005E-09 7.0501E-09 7.1915E-09 7.3229E-09 7.4466E-09 7.5628E-09 7.6680E-09 7.7660E-09 7.8541E-09 7.9338E-09 8.0013E-09 8.0623E-09 8.1151E-09 8.1628E-09 8.2113E-09 8.2639E-09 8.3265E-09 8.4108E-09 8.5337E-09 8.6947E-09 8.9167E-09 9.2110E-09 9.5765E-09 1.0028E-08 1.0584E-08 1.1240E-08 1.2001E-08 1.2875E-08 1.3856E-08 1.4928E-08 1.6086E-08 1.7301E-08 1.8561E-08 1.9842E-08 2.1138E-08 2.2427E-08 2.3712E-08 2.4971E-08 2.6185E-08 2.7302E-08 2.8346E-08 2.9412E-08 3.0519E-08
3.9416E-09 4.1313E-09 4.3235E-09 4.5140E-09 4.7055E-09 4.8941E-09 5.0830E-09 5.2643E-09 5.4406E-09 5.6119E-09 5.7758E-09 5.9317E-09 6.0804E-09 6.2206E-09 6.3514E-09 6.4707E-09 6.5818E-09 6.6830E-09 6.7740E-09 6.8579E-09 6.9310E-09 6.9980E-09 7.0552E-09 7.1038E-09 7.1405E-09 7.1715E-09 7.1956E-09 7.2158E-09 7.2335E-09 7.2556E-09 7.2866E-09 7.3371E-09 7.4252E-09 7.5486E-09 7.7262E-09 7.9692E-09 8.2831E-09 8.6704E-09 9.1608E-09 9.7489E-09 1.0434E-08 1.1222E-08 1.2115E-08 1.3099E-08 1.4167E-08 1.5296E-08 1.6472E-08 1.7687E-08 1.8926E-08 2.0171E-08 2.1416E-08 2.2629E-08 2.3773E-08 2.4818E-08 2.5809E-08 2.6814E-08 2.7812E-08
3.7106E-09 3.8808E-09 4.0554E-09 4.2288E-09 4.4008E-09 4.5708E-09 4.7377E-09 4.8978E-09 5.0532E-09 5.2024E-09 5.3420E-09 5.4722E-09 5.5957E-09 5.7106E-09 5.8155E-09 5.9086E-09 5.9929E-09 6.0675E-09 6.1306E-09 6.1857E-09 6.2325E-09 6.2710E-09 6.3014E-09 6.3217E-09 6.3339E-09 6.3384E-09 6.3373E-09 6.3320E-09 6.3209E-09 6.3173E-09 6.3195E-09 6.3406E-09 6.3948E-09 6.4842E-09 6.6164E-09 6.8129E-09 7.0691E-09 7.3964E-09 7.8205E-09 8.3318E-09 8.9261E-09 9.6154E-09 1.0403E-08 1.1276E-08 1.2227E-08 1.3237E-08 1.4299E-08 1.5402E-08 1.6535E-08 1.7678E-08 1.8809E-08 1.9889E-08 2.0895E-08 2.1824E-08 2.2696E-08 2.3545E-08 2.4349E-08
3.4778E-09 3.6338E-09 3.7892E-09 3.9460E-09 4.0986E-09 4.2513E-09 4.3980E-09 4.5394E-09 4.6724E-09 4.7998E-09 4.9195E-09 5.0297E-09 5.1283E-09 5.2188E-09 5.3000E-09 5.3700E-09 5.4288E-09 5.4783E-09 5.5186E-09 5.5508E-09 5.5763E-09 5.5902E-09 5.5970E-09 5.5949E-09 5.5852E-09 5.5686E-09 5.5446E-09 5.5165E-09 5.4844E-09 5.4560E-09 5.4345E-09 5.4297E-09 5.4562E-09 5.5126E-09 5.6060E-09 5.7555E-09 5.9616E-09 6.2345E-09 6.5855E-09 7.0139E-09 7.5144E-09 8.0977E-09 8.7706E-09 9.5201E-09 1.0338E-08 1.1212E-08 1.2135E-08 1.3098E-08 1.4090E-08 1.5084E-08 1.6048E-08 1.6954E-08 1.7799E-08 1.8574E-08 1.9278E-08 1.9932E-08 2.0493E-08
3.2468E-09 3.3890E-09 3.5272E-09 3.6665E-09 3.8039E-09 3.9377E-09 4.0664E-09 4.1893E-09 4.3034E-09 4.4108E-09 4.5095E-09 4.6009E-09 4.6808E-09 4.7504E-09 4.8097E-09 4.8588E-09 4.8958E-09 4.9248E-09 4.9440E-09 4.9557E-09 4.9604E-09 4.9571E-09 4.9448E-09 4.9254E-09 4.8985E-09 4.8623E-09 4.8217E-09 4.7739E-09 4.7262E-09 4.6775E-09 4.6386E-09 4.6111E-09 4.6148E-09 4.6429E-09 4.7013E-09 4.8123E-09 4.9749E-09 5.1914E-09 5.4690E-09 5.8153E-09 6.2249E-09 6.7043E-09 7.2599E-09 7.8794E-09 8.5608E-09 9.2899E-09 1.0065E-08 1.0877E-08 1.1702E-08 1.2525E-08 1.3301E-08 1.4033E-08 1.4711E-08 1.5309E-08 1.5833E-08 1.6268E-08 1.6610E-08
3.0201E-09 3.1476E-09 3.2734E-09 3.3947E-09 3.5150E-09 3.6327E-09 3.7440E-09 3.8510E-09 3.9499E-09 4.0384E-09 4.1186E-09 4.1906E-09 4.2538E-09 4.3063E-09 4.3460E-09 4.3766E-09 4.3983E-09 4.4084E-09 4.4110E-09 4.4058E-09 4.3949E-09 4.3748E-09 4.3469E-09 4.3119E-09 4.2709E-09 4.2222E-09 4.1680E-09 4.1090E-09 4.0470E-09 3.9854E-09 3.9316E-09 3.8870E-09 3.8743E-09 3.8761E-09 3.9103E-09 3.9875E-09 4.1072E-09 4.2700E-09 4.4789E-09 4.7494E-09 5.0749E-09 5.4575E-09 5.8973E-09 6.3995E-09 6.9438E-09 7.5335E-09 8.1621E-09 8.8143E-09 9.4720E-09 1.0115E-08 1.0724E-08 1.1294E-08 1.1795E-08 1.2233E-08 1.2573E-08 1.2836E-08 1.2983E-08
2.7981E-09 2.9124E-09 3.0251E-09 3.1335E-09 3.2372E-09 3.3384E-09 3.4345E-09 3.5243E-09 3.6089E-09 3.6823E-09 3.7478E-09 3.8050E-09 3.8505E-09 3.8867E-09 3.9130E-09 3.9263E-09 3.9329E-09 3.9303E-09 3.9201E-09 3.9028E-09 3.8781E-09 3.8463E-09 3.8055E-09 3.7596E-09 3.7052E-09 3.6462E-09 3.5802E-09 3.5121E-09 3.4426E-09 3.3751E-09 3.3098E-09 3.2571E-09 3.2265E-09 3.2135E-09 3.2275E-09 3.2725E-09 3.3548E-09 3.4680E-09 3.6226E-09 3.8203E-09 4.0718E-09 4.3641E-09 4.7086E-09 5.0948E-09 5.5172E-09 5.9767E-09 6.4662E-09 6.9741E-09 7.4667E-09 7.9625E-09 8.4197E-09 8.8342E-09 9.1858E-09 9.4696E-09 9.6827E-09 9.7925E-09 9.7992E-09
2.5829E-09 2.6851E-09 2.7847E-09 2.8813E-09 2.9729E-09 3.0581E-09 3.1401E-09 3.2137E-09 3.2832E-09 3.3448E-09 3.3968E-09 3.4400E-09 3.4733E-09 3.4957E-09 3.5084E-09 3.5111E-09 3.5043E-09 3.4901E-09 3.4700E-09 3.4449E-09 3.4104E-09 3.3692E-09 3.3212E-09 3.2649E-09 3.2033E-09 3.1346E-09 3.0637E-09 2.9887E-09 2.9136E-09 2.8397E-09 2.7692E-09 2.7126E-09 2.6728E-09 2.6517E-09 2.6462E-09 2.6651E-09 2.7078E-09 2.7845E-09 2.8899E-09 3.0255E-09 3.2113E-09 3.4323E-09 3.6901E-09 3.9805E-09 4.2926E-09 4.6423E-09 5.0090E-09 5.3761E-09 5.7478E-09 6.1133E-09 6.4350E-09 6.7143E-09 6.9517E-09 7.1214E-09 7.2242E-09 7.2428E-09 7.1553E-09
2.3749E-09 2.4664E-09 2.5540E-09 2.6387E-09 2.7198E-09 2.7929E-09 2.8606E-09 2.9228E-09 2.9773E-09 3.0262E-09 3.0676E-09 3.0993E-09 3.1207E-09 3.1323E-09 3.1346E-09 3.1278E-09 3.1128E-09 3.0910E-09 3.0611E-09 3.0278E-09 2.9891E-09 2.9420E-09 2.8878E-09 2.8265E-09 2.7600E-09 2.6895E-09 2.6155E-09 2.5367E-09 2.4587E-09 2.3807E-09 2.3094E-09 2.2461E-09 2.2022E-09 2.1705E-09 2.1536E-09 2.1492E-09 2.1643E-09 2.2042E-09 2.2712E-09 2.3635E-09 2.4874E-09 2.6494E-09 2.8339E-09 3.0426E-09 3.2746E-09 3.5260E-09 3.7811E-09 4.0566E-09 4.3154E-09 4.5726E-09 4.7833E-09 4.9774E-09 5.1174E-09 5.2071E-09 5.2355E-09 5.1928E-09 5.0722E-09
2.1763E-09 2.2569E-09 2.3342E-09 2.4075E-09 2.4777E-09 2.5416E-09 2.5980E-09 2.6491E-09 2.6930E-09 2.7297E-09 2.7611E-09 2.7829E-09 2.7945E-09 2.7970E-09 2.7904E-09 2.7772E-09 2.7549E-09 2.7276E-09 2.6946E-09 2.6553E-09 2.6110E-09 2.5600E-09 2.5033E-09 2.4406E-09 2.3726E-09 2.3009E-09 2.2255E-09 2.1495E-09 2.0712E-09 1.9961E-09 1.9251E-09 1.8642E-09 1.8133E-09 1.7692E-09 1.7357E-09 1.7134E-09 1.7113E-09 1.7254E-09 1.7590E-09 1.8171E-09 1.8987E-09 2.0047E-09 2.1339E-09 2.2788E-09 2.4329E-09 2.6036E-09 2.7938E-09 2.9849E-09 3.1566E-09 3.3356E-09 3.4788E-09 3.5888E-09 3.6671E-09 3.7042E-09 3.6893E-09 3.6145E-09 3.4753E-09
1.9861E-09 2.0579E-09 2.1258E-09 2.1898E-09 2.2479E-09 2.3039E-09 2.3521E-09 2.3930E-09 2.4275E-09 2.4552E-09 2.4760E-09 2.4904E-09 2.4952E-09 2.4915E-09 2.4775E-09 2.4570E-09 2.4316E-09 2.4004E-09 2.3638E-09 2.3223E-09 2.2754E-09 2.2217E-09 2.1642E-09 2.1026E-09 2.0356E-09 1.9647E-09 1.8907E-09 1.8152E-09 1.7411E-09 1.6649E-09 1.5962E-09 1.5379E-09 1.4846E-09 1.4391E-09 1.4008E-09 1.3720E-09 1.3463E-09 1.3443E-09 1.3573E-09 1.3843E-09 1.4321E-09 1.4911E-09 1.5749E-09 1.6575E-09 1.7614E-09 1.8857E-09 2.0022E-09 2.1396E-09 2.2626E-09 2.3746E-09 2.4568E-09 2.5229E-09 2.5615E-09 2.5640E-09 2.5232E-09 2.4395E-09 2.3129E-09
1.8049E-09 1.8688E-09 1.9286E-09 1.9848E-09 2.0340E-09 2.0787E-09 2.1200E-09 2.1549E-09 2.1810E-09 2.2021E-09 2.2145E-09 2.2204E-09 2.2192E-09 2.2106E-09 2.1947E-09 2.1715E-09 2.1414E-09 2.1066E-09 2.0685E-09 2.0253E-09 1.9773E-09 1.9251E-09 1.8680E-09 1.8073E-09 1.7422E-09 1.6750E-09 1.6064E-09 1.5348E-09 1.4612E-09 1.3936E-09 1.3303E-09 1.2681E-09 1.2111E-09 1.1587E-09 1.1164E-09 1.0836E-09 1.0554E-09 1.0372E-09 1.0302E-09 1.0389E-09 1.0607E-09 1.0894E-09 1.1242E-09 1.1796E-09 1.2506E-09 1.3222E-09 1.4153E-09 1.5009E-09 1.5664E-09 1.6493E-09 1.6997E-09 1.7263E-09 1.7285E-09 1.7197E-09 1.6763E-09 1.5970E-09 1.4764E-09
1.6341E-09 1.6902E-09 1.7425E-09 1.7912E-09 1.8344E-09 1.8716E-09 1.9027E-09 1.9311E-09 1.9524E-09 1.9668E-09 1.9755E-09 1.9755E-09 1.9680E-09 1.9552E-09 1.9361E-09 1.9114E-09 1.8821E-09 1.8471E-09 1.8069E-09 1.7636E-09 1.7168E-09 1.6647E-09 1.6078E-09 1.5491E-09 1.4881E-09 1.4240E-09 1.3568E-09 1.2911E-09 1.2268E-09 1.1626E-09 1.1047E-09 1.0472E-09 9.9197E-10 9.3929E-10 8.9549E-10 8.5259E-10 8.1588E-10 7.8830E-10 7.7147E-10 7.6462E-10 7.7011E-10 7.6337E-10 7.8599E-10 8.0240E-10 8.4955E-10 9.1502E-10 9.6226E-10 1.0163E-09 1.0655E-09 1.0987E-09 1.1208E-09 1.1395E-09 1.1431E-09 1.1251E-09 1.0752E-09 9.9581E-10 9.0924E-10
1.4749E-09 1.5225E-09 1.5678E-09 1.6098E-09 1.6469E-09 1.6791E-09 1.7049E-09 1.7233E-09 1.7400E-09 1.7505E-09 1.7536E-09 1.7507E-09 1.7416E-09 1.7250E-09 1.7030E-09 1.6778E-09 1.6477E-09 1.6127E-09 1.5741E-09 1.5322E-09 1.4847E-09 1.4351E-09 1.3836E-09 1.3289E-09 1.2726E-09 1.2137E-09 1.1525E-09 1.0883E-09 1.0276E-09 9.6918E-10 9.1282E-10 8.5960E-10 8.0619E-10 7.5255E-10 7.0715E-10 6.6386E-10 6.2636E-10 5.9553E-10 5.7274E-10 5.4875E-10 5.3833E-10 5.3338E-10 5.2475E-10 5.4123E-10 5.6868E-10 5.8738E-10 6.2540E-10 6.6238E-10 6.7190E-10 7.0176E-10 7.2129E-10 7.3217E-10 7.1967E-10 6.9165E-10 6.5475E-10 5.9704E-10 5.2376E-10
1.3279E-09 1.3683E-09 1.4062E-09 1.4409E-09 1.4727E-09 1.4979E-09 1.5204E-09 1.5366E-09 1.5466E-09 1.5507E-09 1.5518E-09 1.5451E-09 1.5326E-09 1.5165E-09 1.4937E-09 1.4652E-09 1.4342E-09 1.4014E-09 1.3641E-09 1.3241E-09 1.2818E-09 1.2367E-09 1.1889E-09 1.1375E-09 1.0851E-09 1.0299E-09 9.7734E-10 9.2409E-10 8.6600E-10 8.1285E-10 7.5887E-10 7.0610E-10 6.5445E-10 6.0556E-10 5.5801E-10 5.1588E-10 4.7629E-10 4.3905E-10 4.0675E-10 3.8717E-10 3.7699E-10 3.4999E-10 3.5616E-10 3.5920E-10 3.6927E-10 3.9488E-10 4.1002E-10 4.2366E-10 4.4118E-10 4.5098E-10 4.4929E-10 4.4439E-10 4.2986E-10 4.1316E-10 3.7413E-10 3.2910E-10 2.7943E-10
1.1907E-09 1.2261E-09 1.2584E-09 1.2859E-09 1.3108E-09 1.3326E-09 1.3496E-09 1.3613E-09 1.3694E-09 1.3714E-09 1.3664E-09 1.3577E-09 1.3433E-09 1.3240E-09 1.3013E-09 1.2758E-09 1.2470E-09 1.2141E-09 1.1791E-09 1.1422E-09 1.1034E-09 1.0617E-09 1.0170E-09 9.7096E-10 9.2460E-10 8.7661E-10 8.2602E-10 7.7617E-10 7.2738E-10 6.7989E-10 6.3194E-10 5.8536E-10 5.3752E-10 4.8854E-10 4.4110E-10 3.9519E-10 3.5920E-10 3.2513E-10 3.0071E-10 2.7183E-10 2.5011E-10 2.2604E-10 2.1198E-10 2.1109E-10 2.2205E-10 2.2425E-10 2.3554E-10 2.5301E-10 2.6135E-10 2.6737E-10 2.6675E-10 2.6607E-10 2.5054E-10 2.2604E-10 2.0380E-10 1.6968E-10 1.4156E-10
1.0624E-09 1.0940E-09 1.1216E-09 1.1455E-09 1.1653E-09 1.1810E-09 1.1921E-09 1.2011E-09 1.2051E-09 1.2048E-09 1.1998E-09 1.1892E-09 1.1736E-09 1.1540E-09 1.1320E-09 1.1065E-09 1.0794E-09 1.0503E-09 1.0180E-09 9.8366E-10 9.4587E-10 9.0908E-10 8.7023E-10 8.2953E-10 7.8573E-10 7.4113E-10 6.9609E-10 6.5129E-10 6.0730E-10 5.6374E-10 5.2030E-10 4.7725E-10 4.3239E-10 3.9254E-10 3.5263E-10 3.1430E-10 2.7767E-10 2.4178E-10 2.1530E-10 1.9010E-10 1.7378E-10 1.3933E-10 1.3070E-10 1.2909E-10 1.2983E-10 1.4013E-10 1.4457E-10 1.4715E-10 1.4644E-10 1.4733E-10 1.3973E-10 1.3279E-10 1.2329E-10 1.0913E-10 9.4298E-11 7.4133E-11 5.1313E-11
