Assets/Resources/2015_m01_d19_0700(utc+0800)_l00_csi_1hr_conc.grd
DSAA
         159         159
     -79.000      79.000
     -79.000      79.000
  0.0000E+00  0.1757E-04
[rows 50 to 74 of 159, columns 57 to 113 of 159]
0.0000E+00 0.0000E+00 0.0000E+00 5.1717E-13 6.7961E-12 1.5834E-11 2.7179E-11 4.6398E-11 7.2506E-11 1.0790E-10 1.5906E-10 2.2413E-10 3.0742E-10 4.1523E-10 5.5981E-10 7.6539E-10 1.0519E-09 1.3618E-09 1.7082E-09 2.1050E-09 2.5365E-09 3.0201E-09 3.5405E-09 4.0977E-09 4.7031E-09 5.3388E-09 6.0274E-09 6.7579E-09 7.5316E-09 8.3471E-09 9.1967E-09 1.0081E-08 1.0990E-08 1.1923E-08 1.2872E-08 1.3834E-08 1.4799E-08 1.5756E-08 1.6701E-08 1.7619E-08 1.8500E-08 1.9328E-08 2.0095E-08 2.0786E-08 2.1385E-08 2.1887E-08 2.2277E-08 2.2557E-08 2.2712E-08 2.2752E-08 2.2673E-08 2.2479E-08 2.2179E-08 2.1784E-08 2.1304E-08 2.0757E-08 2.0154E-08
0.0000E+00 0.0000E+00 0.0000E+00 2.3501E-12 1.0382E-11 2.0939E-11 3.6503E-11 5.8512E-11 8.9117E-11 1.3445E-10 1.9523E-10 2.7273E-10 3.7218E-10 5.0407E-10 6.7332E-10 8.8499E-10 1.2424E-09 1.6232E-09 2.0312E-09 2.4884E-09 2.9922E-09 3.5302E-09 4.1228E-09 4.7463E-09 5.4169E-09 6.1267E-09 6.8763E-09 7.6783E-09 8.5169E-09 9.3985E-09 1.0314E-08 1.1260E-08 1.2233E-08 1.3230E-08 1.4242E-08 1.5265E-08 1.6292E-08 1.7312E-08 1.8314E-08 1.9291E-08 2.0228E-08 2.1112E-08 2.1929E-08 2.2666E-08 2.3306E-08 2.3840E-08 2.4256E-08 2.4548E-08 2.4715E-08 2.4748E-08 2.4658E-08 2.4442E-08 2.4112E-08 2.3677E-08 2.3151E-08 2.2551E-08 2.1892E-08
0.0000E+00 0.0000E+00 0.0000E+00 5.5687E-12 1.4263E-11 2.6606E-11 4.6470E-11 7.2077E-11 1.1085E-10 1.6432E-10 2.3394E-10 3.2831E-10 4.4695E-10 6.0545E-10 8.0191E-10 1.0506E-09 1.4521E-09 1.9107E-09 2.4046E-09 2.9277E-09 3.5078E-09 4.1238E-09 4.7827E-09 5.4824E-09 6.2136E-09 6.9907E-09 7.8071E-09 8.6692E-09 9.5755E-09 1.0518E-08 1.1498E-08 1.2500E-08 1.3530E-08 1.4580E-08 1.5649E-08 1.6727E-08 1.7807E-08 1.8883E-08 1.9938E-08 2.0968E-08 2.1956E-08 2.2888E-08 2.3751E-08 2.4529E-08 2.5209E-08 2.5771E-08 2.6212E-08 2.6517E-08 2.6691E-08 2.6726E-08 2.6620E-08 2.6381E-08 2.6022E-08 2.5550E-08 2.4981E-08 2.4331E-08 2.3616E-08
0.0000E+00 0.0000E+00 0.0000E+00 9.1604E-12 1.8608E-11 3.2996E-11 5.5428E-11 8.7595E-11 1.3583E-10 1.9626E-10 2.7992E-10 3.8926E-10 5.2978E-10 7.1374E-10 9.4873E-10 1.2362E-09 1.6879E-09 2.2442E-09 2.8435E-09 3.4589E-09 4.1073E-09 4.8077E-09 5.5410E-09 6.3134E-09 7.1138E-09 7.9500E-09 8.8270E-09 9.7349E-09 1.0699E-08 1.1698E-08 1.2728E-08 1.3785E-08 1.4865E-08 1.5963E-08 1.7077E-08 1.8200E-08 1.9326E-08 2.0444E-08 2.1547E-08 2.2619E-08 2.3653E-08 2.4629E-08 2.5532E-08 2.6346E-08 2.7054E-08 2.7649E-08 2.8108E-08 2.8431E-08 2.8608E-08 2.8641E-08 2.8525E-08 2.8267E-08 2.7879E-08 2.7374E-08 2.6763E-08 2.6066E-08 2.5299E-08
0.0000E+00 0.0000E+00 9.2034E-13 1.1444E-11 2.3812E-11 3.9735E-11 6.5263E-11 1.0545E-10 1.6003E-10 2.3350E-10 3.3074E-10 4.5573E-10 6.1984E-10 8.3435E-10 1.1077E-09 1.4582E-09 1.9689E-09 2.6272E-09 3.3414E-09 4.0676E-09 4.7982E-09 5.5755E-09 6.3956E-09 7.2406E-09 8.1133E-09 9.0087E-09 9.9394E-09 1.0899E-08 1.1895E-08 1.2933E-08 1.4004E-08 1.5101E-08 1.6216E-08 1.7352E-08 1.8505E-08 1.9662E-08 2.0822E-08 2.1974E-08 2.3111E-08 2.4221E-08 2.5286E-08 2.6297E-08 2.7233E-08 2.8080E-08 2.8817E-08 2.9432E-08 2.9912E-08 3.0245E-08 3.0431E-08 3.0462E-08 3.0338E-08 3.0062E-08 2.9650E-08 2.9113E-08 2.8466E-08 2.7726E-08 2.6911E-08
0.0000E+00 0.0000E+00 4.2521E-12 1.2852E-11 2.8701E-11 4.7708E-11 7.5920E-11 1.2336E-10 1.8554E-10 2.7311E-10 3.8329E-10 5.3091E-10 7.1914E-10 9.6598E-10 1.3089E-09 1.7284E-09 2.2616E-09 3.0554E-09 3.9327E-09 4.8033E-09 5.6586E-09 6.5268E-09 7.4304E-09 8.3422E-09 9.2636E-09 1.0193E-08 1.1140E-08 1.2138E-08 1.3165E-08 1.4221E-08 1.5310E-08 1.6435E-08 1.7577E-08 1.8734E-08 1.9905E-08 2.1086E-08 2.2268E-08 2.3443E-08 2.4602E-08 2.5735E-08 2.6826E-08 2.7861E-08 2.8825E-08 2.9692E-08 3.0452E-08 3.1087E-08 3.1583E-08 3.1931E-08 3.2121E-08 3.2150E-08 3.2018E-08 3.1733E-08 3.1300E-08 3.0735E-08 3.0058E-08 2.9280E-08 2.8425E-08
0.0000E+00 0.0000E+00 8.2360E-12 1.6372E-11 3.2171E-11 5.6472E-11 9.0071E-11 1.4070E-10 2.1368E-10 3.1165E-10 4.4111E-10 6.1047E-10 8.2606E-10 1.1394E-09 1.5404E-09 2.0294E-09 2.6594E-09 3.6081E-09 4.6739E-09 5.7211E-09 6.7172E-09 7.6832E-09 8.6623E-09 9.6387E-09 1.0600E-08 1.1550E-08 1.2501E-08 1.3477E-08 1.4486E-08 1.5553E-08 1.6644E-08 1.7761E-08 1.8916E-08 2.0085E-08 2.1261E-08 2.2446E-08 2.3636E-08 2.4819E-08 2.5991E-08 2.7133E-08 2.8240E-08 2.9287E-08 3.0263E-08 3.1153E-08 3.1927E-08 3.2579E-08 3.3086E-08 3.3443E-08 3.3639E-08 3.3672E-08 3.3537E-08 3.3239E-08 3.2791E-08 3.2207E-08 3.1505E-08 3.0701E-08 2.9805E-08
0.0000E+00 0.0000E+00 9.9825E-12 2.1717E-11 3.6249E-11 6.4059E-11 1.0480E-10 1.6005E-10 2.4084E-10 3.5154E-10 5.0002E-10 6.8990E-10 9.6936E-10 1.3327E-09 1.7992E-09 2.4249E-09 3.1964E-09 4.2813E-09 5.5847E-09 6.8714E-09 8.0542E-09 9.1566E-09 1.0209E-08 1.1217E-08 1.2172E-08 1.3089E-08 1.4012E-08 1.4946E-08 1.5907E-08 1.6905E-08 1.7984E-08 1.9081E-08 2.0214E-08 2.1373E-08 2.2542E-08 2.3718E-08 2.4897E-08 2.6075E-08 2.7240E-08 2.8385E-08 2.9490E-08 3.0543E-08 3.1526E-08 3.2419E-08 3.3206E-08 3.3866E-08 3.4387E-08 3.4752E-08 3.4958E-08 3.4989E-08 3.4852E-08 3.4551E-08 3.4096E-08 3.3500E-08 3.2780E-08 3.1955E-08 3.1024E-08
0.0000E+00 0.0000E+00 1.0442E-11 2.5379E-11 4.2493E-11 6.9912E-11 1.1758E-10 1.8115E-10 2.6979E-10 3.9151E-10 5.5690E-10 7.8751E-10 1.1216E-09 1.5352E-09 2.1402E-09 2.9154E-09 3.8624E-09 5.1821E-09 6.8162E-09 8.4497E-09 9.8728E-09 1.1129E-08 1.2251E-08 1.3260E-08 1.4161E-08 1.4976E-08 1.5754E-08 1.6536E-08 1.7406E-08 1.8330E-08 1.9295E-08 2.0366E-08 2.1443E-08 2.2578E-08 2.3718E-08 2.4869E-08 2.6023E-08 2.7179E-08 2.8326E-08 2.9454E-08 3.0549E-08 3.1592E-08 3.2573E-08 3.3467E-08 3.4258E-08 3.4923E-08 3.5452E-08 3.5827E-08 3.6034E-08 3.6072E-08 3.5939E-08 3.5639E-08 3.5180E-08 3.4581E-08 3.3852E-08 3.3009E-08 3.2054E-08
0.0000E+00 0.0000E+00 1.0774E-11 2.6872E-11 4.8534E-11 7.8721E-11 1.2752E-10 2.0021E-10 2.9954E-10 4.3264E-10 6.1556E-10 9.0194E-10 1.2658E-09 1.8136E-09 2.5480E-09 3.4962E-09 4.7645E-09 6.4110E-09 8.4552E-09 1.1429E-08 1.3395E-08 1.4920E-08 1.6069E-08 1.6916E-08 1.7468E-08 1.7343E-08 1.7820E-08 1.8377E-08 1.9002E-08 1.9766E-08 2.0635E-08 2.1569E-08 2.2603E-08 2.3667E-08 2.4767E-08 2.5870E-08 2.6985E-08 2.8102E-08 2.9218E-08 3.0315E-08 3.1386E-08 3.2415E-08 3.3380E-08 3.4270E-08 3.5051E-08 3.5722E-08 3.6253E-08 3.6634E-08 3.6849E-08 3.6893E-08 3.6768E-08 3.6478E-08 3.6023E-08 3.5426E-08 3.4701E-08 3.3851E-08 3.2878E-08
0.0000E+00 0.0000E+00 1.0966E-11 2.7674E-11 5.1927E-11 8.8865E-11 1.3748E-10 2.1595E-10 3.2719E-10 4.7216E-10 6.7782E-10 1.0067E-09 1.4533E-09 2.1208E-09 2.9965E-09 4.2817E-09 5.9264E-09 9.0004E-09 1.2295E-08 1.5815E-08 1.8649E-08 2.0697E-08 2.1944E-08 2.2503E-08 2.2405E-08 2.1907E-08 2.0668E-08 2.0586E-08 2.0775E-08 2.1241E-08 2.1917E-08 2.2726E-08 2.3643E-08 2.4613E-08 2.5654E-08 2.6700E-08 2.7755E-08 2.8822E-08 2.9887E-08 3.0947E-08 3.1982E-08 3.2979E-08 3.3921E-08 3.4795E-08 3.5573E-08 3.6237E-08 3.6771E-08 3.7154E-08 3.7378E-08 3.7433E-08 3.7324E-08 3.7043E-08 3.6601E-08 3.6015E-08 3.5299E-08 3.4445E-08 3.3469E-08
0.0000E+00 0.0000E+00 1.1009E-11 2.8105E-11 5.3326E-11 9.5175E-11 1.4973E-10 2.2894E-10 3.5034E-10 5.0994E-10 7.5534E-10 1.1042E-09 1.6703E-09 2.4250E-09 3.6031E-09 5.2235E-09 8.6968E-09 1.2514E-08 1.7405E-08 2.2722E-08 2.7213E-08 3.0949E-08 3.2354E-08 3.1564E-08 3.0193E-08 2.8154E-08 2.6057E-08 2.4404E-08 2.2908E-08 2.2799E-08 2.3147E-08 2.3785E-08 2.4522E-08 2.5394E-08 2.6355E-08 2.7328E-08 2.8314E-08 2.9312E-08 3.0318E-08 3.1324E-08 3.2312E-08 3.3270E-08 3.4185E-08 3.5034E-08 3.5799E-08 3.6455E-08 3.6984E-08 3.7372E-08 3.7609E-08 3.7679E-08 3.7583E-08 3.7320E-08 3.6901E-08 3.6340E-08 3.5637E-08 3.4793E-08 3.3823E-08
0.0000E+00 0.0000E+00 1.1792E-11 2.8255E-11 5.3998E-11 9.6124E-11 1.6021E-10 2.4318E-10 3.6713E-10 5.4204E-10 8.2518E-10 1.2186E-09 1.8671E-09 2.8232E-09 4.2791E-09 7.6881E-09 1.1945E-08 1.7685E-08 2.6114E-08 3.4900E-08 4.2736E-08 4.7672E-08 4.9385E-08 4.8066E-08 4.4032E-08 3.8706E-08 3.2947E-08 2.9030E-08 2.5650E-08 2.4576E-08 2.4375E-08 2.4674E-08 2.5268E-08 2.5988E-08 2.6850E-08 2.7733E-08 2.8637E-08 2.9557E-08 3.0493E-08 3.1432E-08 3.2366E-08 3.3280E-08 3.4152E-08 3.4976E-08 3.5721E-08 3.6366E-08 3.6893E-08 3.7289E-08 3.7530E-08 3.7617E-08 3.7542E-08 3.7306E-08 3.6917E-08 3.6383E-08 3.5698E-08 3.4872E-08 3.3924E-08
0.0000E+00 0.0000E+00 1.2325E-11 2.9376E-11 5.3906E-11 9.6990E-11 1.6506E-10 2.5631E-10 3.8259E-10 5.6680E-10 8.1746E-10 1.3467E-09 2.0428E-09 3.2537E-09 6.0658E-09 1.0120E-08 1.6260E-08 2.6472E-08 3.8845E-08 5.3060E-08 6.6122E-08 7.4648E-08 7.7018E-08 7.3612E-08 6.5274E-08 5.4727E-08 4.4491E-08 3.5581E-08 3.0291E-08 2.6700E-08 2.5530E-08 2.5455E-08 2.5792E-08 2.6352E-08 2.7114E-08 2.7900E-08 2.8708E-08 2.9545E-08 3.0399E-08 3.1266E-08 3.2140E-08 3.2997E-08 3.3831E-08 3.4618E-08 3.5338E-08 3.5972E-08 3.6493E-08 3.6890E-08 3.7148E-08 3.7253E-08 3.7203E-08 3.6997E-08 3.6643E-08 3.6143E-08 3.5491E-08 3.4696E-08 3.3781E-08
0.0000E+00 0.0000E+00 1.1977E-11 3.0283E-11 5.5538E-11 9.6418E-11 1.6471E-10 2.6218E-10 3.9395E-10 5.8121E-10 8.4169E-10 1.4422E-09 2.2591E-09 3.6220E-09 7.5931E-09 1.3032E-08 2.3509E-08 3.7821E-08 5.6933E-08 8.0531E-08 1.0258E-07 1.1757E-07 1.2154E-07 1.1451E-07 9.9046E-08 7.8842E-08 6.0403E-08 4.5833E-08 3.5272E-08 2.9855E-08 2.6858E-08 2.6047E-08 2.6082E-08 2.6493E-08 2.7138E-08 2.7815E-08 2.8526E-08 2.9267E-08 3.0035E-08 3.0828E-08 3.1632E-08 3.2434E-08 3.3215E-08 3.3965E-08 3.4661E-08 3.5276E-08 3.5794E-08 3.6195E-08 3.6468E-08 3.6592E-08 3.6572E-08 3.6402E-08 3.6087E-08 3.5626E-08 3.5010E-08 3.4257E-08 3.3387E-08
0.0000E+00 0.0000E+00 1.0194E-11 2.9691E-11 5.6418E-11 9.7439E-11 1.6125E-10 2.6177E-10 4.0283E-10 5.8871E-10 8.5208E-10 1.4204E-09 2.4429E-09 4.8076E-09 8.9726E-09 1.7599E-08 3.1282E-08 5.2238E-08 8.3104E-08 1.1957E-07 1.5579E-07 1.8156E-07 1.8821E-07 1.7532E-07 1.4848E-07 1.1496E-07 8.2337E-08 5.8189E-08 4.1232E-08 3.2647E-08 2.8085E-08 2.6333E-08 2.6064E-08 2.6387E-08 2.6912E-08 2.7474E-08 2.8081E-08 2.8724E-08 2.9408E-08 3.0118E-08 3.0850E-08 3.1592E-08 3.2323E-08 3.3036E-08 3.3698E-08 3.4296E-08 3.4809E-08 3.5216E-08 3.5503E-08 3.5652E-08 3.5665E-08 3.5532E-08 3.5259E-08 3.4843E-08 3.4278E-08 3.3576E-08 3.2762E-08
0.0000E+00 0.0000E+00 6.5658E-12 2.7755E-11 5.5780E-11 9.8043E-11 1.5917E-10 2.5728E-10 4.0183E-10 5.8758E-10 8.5114E-10 1.3305E-09 2.5260E-09 5.2473E-09 9.8604E-09 2.1432E-08 3.9696E-08 7.1580E-08 1.1588E-07 1.7136E-07 2.2927E-07 2.7377E-07 2.8376E-07 2.6029E-07 2.1616E-07 1.6260E-07 1.1256E-07 7.3471E-08 4.9517E-08 3.5643E-08 2.8989E-08 2.6498E-08 2.5783E-08 2.6029E-08 2.6427E-08 2.6881E-08 2.7378E-08 2.7930E-08 2.8522E-08 2.9151E-08 2.9811E-08 3.0491E-08 3.1171E-08 3.1843E-08 3.2476E-08 3.3056E-08 3.3565E-08 3.3979E-08 3.4277E-08 3.4450E-08 3.4498E-08 3.4411E-08 3.4183E-08 3.3814E-08 3.3301E-08 3.2656E-08 3.1904E-08
0.0000E+00 0.0000E+00 4.9963E-12 2.4471E-11 5.3300E-11 9.4936E-11 1.5672E-10 2.4944E-10 3.9093E-10 5.7456E-10 8.3867E-10 1.2898E-09 2.3177E-09 5.3834E-09 1.1741E-08 2.4327E-08 4.9647E-08 9.1188E-08 1.5323E-07 2.3608E-07 3.2894E-07 4.0888E-07 4.1925E-07 3.7357E-07 3.0448E-07 2.2122E-07 1.4702E-07 9.2081E-08 5.6951E-08 3.8234E-08 2.9917E-08 2.6358E-08 2.5301E-08 2.5418E-08 2.5694E-08 2.6038E-08 2.6437E-08 2.6891E-08 2.7396E-08 2.7949E-08 2.8540E-08 2.9157E-08 2.9789E-08 3.0421E-08 3.1026E-08 3.1589E-08 3.2090E-08 3.2506E-08 3.2818E-08 3.3019E-08 3.3104E-08 3.3059E-08 3.2881E-08 3.2564E-08 3.2113E-08 3.1536E-08 3.0851E-08
0.0000E+00 0.0000E+00 2.9065E-12 2.0644E-11 4.9864E-11 8.7278E-11 1.5249E-10 2.4374E-10 3.7521E-10 5.5458E-10 8.0906E-10 1.1698E-09 2.0744E-09 4.5789E-09 1.1874E-08 2.6972E-08 5.6542E-08 1.0870E-07 1.9382E-07 3.0547E-07 4.4349E-07 6.0474E-07 5.9938E-07 5.0668E-07 4.0728E-07 2.9024E-07 1.8557E-07 1.0960E-07 6.3658E-08 3.9864E-08 3.0386E-08 2.5680E-08 2.4570E-08 2.4563E-08 2.4724E-08 2.4961E-08 2.5269E-08 2.5632E-08 2.6061E-08 2.6540E-08 2.7063E-08 2.7620E-08 2.8207E-08 2.8800E-08 2.9379E-08 2.9923E-08 3.0417E-08 3.0838E-08 3.1162E-08 3.1389E-08 3.1510E-08 3.1510E-08 3.1383E-08 3.1122E-08 3.0731E-08 3.0222E-08 2.9608E-08
0.0000E+00 0.0000E+00 9.7256E-13 1.3549E-11 4.1607E-11 7.9801E-11 1.4217E-10 2.3321E-10 3.5480E-10 5.2449E-10 7.7029E-10 1.1176E-09 1.8039E-09 3.9423E-09 1.1095E-08 2.6899E-08 5.9092E-08 1.2335E-07 2.2752E-07 3.7299E-07 5.5217E-07 8.5673E-07 8.1422E-07 6.5468E-07 5.1942E-07 3.6042E-07 2.2201E-07 1.2455E-07 6.9857E-08 4.1500E-08 3.0078E-08 2.4473E-08 2.3565E-08 2.3480E-08 2.3536E-08 2.3678E-08 2.3900E-08 2.4188E-08 2.4544E-08 2.4956E-08 2.5416E-08 2.5918E-08 2.6462E-08 2.7020E-08 2.7571E-08 2.8097E-08 2.8585E-08 2.9005E-08 2.9343E-08 2.9598E-08 2.9754E-08 2.9796E-08 2.9721E-08 2.9521E-08 2.9196E-08 2.8761E-08 2.8223E-08
0.0000E+00 0.0000E+00 0.0000E+00 8.8867E-12 3.5777E-11 7.3211E-11 1.2762E-10 2.1762E-10 3.2901E-10 4.8821E-10 7.2245E-10 1.0405E-09 1.5731E-09 3.2497E-09 8.3313E-09 2.4517E-08 5.8812E-08 1.2779E-07 2.5087E-07 4.3222E-07 6.5490E-07 1.1014E-06 1.0592E-06 8.1366E-07 6.3727E-07 4.2932E-07 2.5310E-07 1.3733E-07 7.1971E-08 4.1661E-08 2.8487E-08 2.3174E-08 2.2338E-08 2.2193E-08 2.2156E-08 2.2214E-08 2.2361E-08 2.2585E-08 2.2875E-08 2.3229E-08 2.3635E-08 2.4091E-08 2.4595E-08 2.5117E-08 2.5644E-08 2.6152E-08 2.6631E-08 2.7052E-08 2.7408E-08 2.7686E-08 2.7873E-08 2.7960E-08 2.7936E-08 2.7792E-08 2.7532E-08 2.7166E-08 2.6706E-08
0.0000E+00 0.0000E+00 0.0000E+00 4.1602E-12 2.5229E-11 6.3644E-11 1.1418E-10 1.9898E-10 2.9853E-10 4.5038E-10 6.6283E-10 9.6109E-10 1.4160E-09 2.2927E-09 7.1642E-09 1.9792E-08 5.2824E-08 1.2143E-07 2.5752E-07 4.7062E-07 7.3863E-07 1.3248E-06 1.3372E-06 9.7776E-07 7.5240E-07 4.9119E-07 2.7896E-07 1.4325E-07 7.0610E-08 4.0167E-08 2.6428E-08 2.1698E-08 2.0933E-08 2.0728E-08 2.0616E-08 2.0607E-08 2.0694E-08 2.0861E-08 2.1097E-08 2.1401E-08 2.1756E-08 2.2179E-08 2.2645E-08 2.3136E-08 2.3639E-08 2.4130E-08 2.4598E-08 2.5017E-08 2.5388E-08 2.5690E-08 2.5905E-08 2.6035E-08 2.6059E-08 2.5971E-08 2.5780E-08 2.5486E-08 2.5114E-08
0.0000E+00 0.0000E+00 0.0000E+00 6.6054E-13 1.6030E-11 5.2175E-11 9.9686E-11 1.7195E-10 2.6812E-10 4.0425E-10 5.9951E-10 8.7508E-10 1.2403E-09 1.9882E-09 5.0110E-09 1.4248E-08 4.3625E-08 1.1065E-07 2.4859E-07 4.8956E-07 8.1575E-07 1.4993E-06 1.6701E-06 1.1545E-06 8.7060E-07 5.4536E-07 2.9520E-07 1.4314E-07 6.8589E-08 3.7442E-08 2.3335E-08 1.9986E-08 1.9378E-08 1.9117E-08 1.8955E-08 1.8895E-08 1.8934E-08 1.9057E-08 1.9249E-08 1.9512E-08 1.9828E-08 2.0220E-08 2.0653E-08 2.1116E-08 2.1595E-08 2.2070E-08 2.2525E-08 2.2944E-08 2.3329E-08 2.3648E-08 2.3892E-08 2.4063E-08 2.4132E-08 2.4095E-08 2.3966E-08 2.3743E-08 2.3458E-08
0.0000E+00 0.0000E+00 0.0000E+00 0.0000E+00 7.4600E-12 3.8056E-11 8.6903E-11 1.4921E-10 2.3770E-10 3.5429E-10 5.3880E-10 7.7937E-10 1.1079E-09 1.6305E-09 3.1174E-09 1.1015E-08 3.2270E-08 9.1969E-08 2.2352E-07 4.8618E-07 8.7431E-07 1.5913E-06 2.0919E-06 1.3513E-06 9.9384E-07 5.9734E-07 3.0250E-07 1.3675E-07 6.4010E-08 3.3039E-08 2.0562E-08 1.8121E-08 1.7692E-08 1.7402E-08 1.7212E-08 1.7118E-08 1.7123E-08 1.7214E-08 1.7374E-08 1.7597E-08 1.7893E-08 1.8255E-08 1.8659E-08 1.9097E-08 1.9554E-08 2.0011E-08 2.0451E-08 2.0874E-08 2.1266E-08 2.1596E-08 2.1871E-08 2.2074E-08 2.2182E-08 2.2198E-08 2.2129E-08 2.1975E-08 2.1777E-08
0.0000E+00 0.0000E+00 0.0000E+00 0.0000E+00 1.1888E-12 2.2551E-11 6.9036E-11 1.2973E-10 1.9959E-10 3.0806E-10 4.7212E-10 6.8157E-10 9.7472E-10 1.3565E-09 2.3973E-09 7.1570E-09 2.1548E-08 6.9947E-08 1.9437E-07 4.6238E-07 9.1243E-07 1.6107E-06 2.6762E-06 1.5850E-06 1.1276E-06 6.4138E-07 3.0100E-07 1.2800E-07 5.6877E-08 2.7231E-08 1.7905E-08 1.6287E-08 1.5921E-08 1.5629E-08 1.5426E-08 1.5318E-08 1.5303E-08 1.5374E-08 1.5509E-08 1.5701E-08 1.5984E-08 1.6320E-08 1.6698E-08 1.7112E-08 1.7548E-08 1.7987E-08 1.8412E-08 1.8838E-08 1.9233E-08 1.9571E-08 1.9872E-08 2.0107E-08 2.0245E-08 2.0312E-08 2.0295E-08 2.0207E-08 2.0091E-08
