Assets/Resources/2015_m01_d11_1200(utc+0800)_l00_csi_1hr_conc.grd
DSAA
         159         159
     -79.000      79.000
     -79.000      79.000
  0.0000E+00  0.1477E-05
[rows 0 to 24 of 159, columns 0 to 56 of 159]
1.0848E-10 1.6202E-10 2.3006E-10 3.2033E-10 4.3302E-10 5.7567E-10 7.5448E-10 9.7519E-10 1.2447E-09 1.5681E-09 1.9552E-09 2.4117E-09 2.9440E-09 3.5579E-09 4.2543E-09 5.0368E-09 5.9061E-09 6.8525E-09 7.8718E-09 8.9537E-09 1.0083E-08 1.1242E-08 1.2411E-08 1.3565E-08 1.4682E-08 1.5732E-08 1.6694E-08 1.7546E-08 1.8261E-08 1.8820E-08 1.9212E-08 1.9455E-08 1.9538E-08 1.9461E-08 1.9231E-08 1.8858E-08 1.8361E-08 1.7756E-08 1.7068E-08 1.6315E-08 1.5518E-08 1.4692E-08 1.3859E-08 1.3035E-08 1.2231E-08 1.1464E-08 1.0735E-08 1.0054E-08 9.4246E-09 8.8464E-09 8.3207E-09 7.8328E-09 7.4021E-09 7.0276E-09 6.7036E-09 6.4058E-09 6.1341E-09
1.0812E-10 1.6235E-10 2.3255E-10 3.2461E-10 4.3999E-10 5.8875E-10 7.7378E-10 1.0028E-09 1.2817E-09 1.6190E-09 2.0230E-09 2.5020E-09 3.0613E-09 3.7066E-09 4.4417E-09 5.2712E-09 6.1912E-09 7.1986E-09 8.2865E-09 9.4429E-09 1.0653E-08 1.1901E-08 1.3161E-08 1.4409E-08 1.5617E-08 1.6760E-08 1.7809E-08 1.8742E-08 1.9536E-08 2.0155E-08 2.0598E-08 2.0868E-08 2.0948E-08 2.0872E-08 2.0626E-08 2.0225E-08 1.9684E-08 1.9028E-08 1.8277E-08 1.7456E-08 1.6585E-08 1.5687E-08 1.4779E-08 1.3881E-08 1.3011E-08 1.2175E-08 1.1387E-08 1.0650E-08 9.9688E-09 9.3415E-09 8.7737E-09 8.2535E-09 7.7861E-09 7.3793E-09 7.0330E-09 6.7173E-09 6.4323E-09
1.0589E-10 1.6049E-10 2.3226E-10 3.2602E-10 4.4316E-10 5.9553E-10 7.8502E-10 1.0204E-09 1.3085E-09 1.6575E-09 2.0757E-09 2.5734E-09 3.1552E-09 3.8286E-09 4.6004E-09 5.4703E-09 6.4389E-09 7.5032E-09 8.6538E-09 9.8828E-09 1.1174E-08 1.2506E-08 1.3855E-08 1.5195E-08 1.6499E-08 1.7733E-08 1.8872E-08 1.9884E-08 2.0750E-08 2.1438E-08 2.1927E-08 2.2216E-08 2.2319E-08 2.2239E-08 2.1979E-08 2.1550E-08 2.0970E-08 2.0262E-08 1.9451E-08 1.8564E-08 1.7621E-08 1.6647E-08 1.5666E-08 1.4700E-08 1.3759E-08 1.2861E-08 1.2010E-08 1.1218E-08 1.0486E-08 9.8150E-09 9.2058E-09 8.6525E-09 8.1501E-09 7.7154E-09 7.3448E-09 7.0144E-09 6.7124E-09
1.0233E-10 1.5699E-10 2.2839E-10 3.2366E-10 4.4133E-10 5.9591E-10 7.8867E-10 1.0287E-09 1.3234E-09 1.6803E-09 2.1101E-09 2.6226E-09 3.2236E-09 3.9218E-09 4.7237E-09 5.6300E-09 6.6427E-09 7.7573E-09 8.9690E-09 1.0266E-08 1.1631E-08 1.3045E-08 1.4482E-08 1.5914E-08 1.7309E-08 1.8636E-08 1.9861E-08 2.0961E-08 2.1901E-08 2.2664E-08 2.3206E-08 2.3533E-08 2.3655E-08 2.3557E-08 2.3287E-08 2.2831E-08 2.2212E-08 2.1453E-08 2.0582E-08 1.9626E-08 1.8611E-08 1.7565E-08 1.6514E-08 1.5475E-08 1.4468E-08 1.3506E-08 1.2599E-08 1.1752E-08 1.0972E-08 1.0257E-08 9.6072E-09 9.0263E-09 8.4914E-09 8.0321E-09 7.6360E-09 7.2891E-09 6.9753E-09
9.6871E-11 1.5121E-10 2.2237E-10 3.1787E-10 4.3472E-10 5.8945E-10 7.8481E-10 1.0271E-09 1.3254E-09 1.6879E-09 2.1262E-09 2.6489E-09 3.2655E-09 3.9829E-09 4.8090E-09 5.7474E-09 6.7962E-09 7.9576E-09 9.2236E-09 1.0582E-08 1.2018E-08 1.3510E-08 1.5029E-08 1.6548E-08 1.8033E-08 1.9453E-08 2.0770E-08 2.1951E-08 2.2967E-08 2.3791E-08 2.4397E-08 2.4760E-08 2.4889E-08 2.4802E-08 2.4515E-08 2.4036E-08 2.3379E-08 2.2572E-08 2.1643E-08 2.0622E-08 1.9540E-08 1.8424E-08 1.7302E-08 1.6197E-08 1.5126E-08 1.4103E-08 1.3141E-08 1.2245E-08 1.1418E-08 1.0662E-08 9.9726E-09 9.3650E-09 8.8029E-09 8.3187E-09 7.9016E-09 7.5397E-09 7.2182E-09
9.0475E-11 1.4399E-10 2.1353E-10 3.0786E-10 4.2323E-10 5.7741E-10 7.7231E-10 1.0146E-09 1.3141E-09 1.6800E-09 2.1223E-09 2.6509E-09 3.2784E-09 4.0096E-09 4.8553E-09 5.8169E-09 6.8977E-09 8.0985E-09 9.4112E-09 1.0826E-08 1.2325E-08 1.3887E-08 1.5485E-08 1.7089E-08 1.8663E-08 2.0169E-08 2.1573E-08 2.2837E-08 2.3930E-08 2.4824E-08 2.5492E-08 2.5901E-08 2.6055E-08 2.5978E-08 2.5662E-08 2.5160E-08 2.4469E-08 2.3615E-08 2.2630E-08 2.1545E-08 2.0396E-08 1.9212E-08 1.8024E-08 1.6853E-08 1.5720E-08 1.4643E-08 1.3627E-08 1.2686E-08 1.1817E-08 1.1023E-08 1.0301E-08 9.6631E-09 9.0814E-09 8.5746E-09 8.1378E-09 7.7644E-09 7.4334E-09
8.3009E-11 1.3480E-10 2.0237E-10 2.9390E-10 4.0757E-10 5.5840E-10 7.5098E-10 9.9240E-10 1.2899E-09 1.6561E-09 2.0978E-09 2.6297E-09 3.2613E-09 4.0019E-09 4.8591E-09 5.8381E-09 6.9448E-09 8.1758E-09 9.5280E-09 1.0990E-08 1.2545E-08 1.4172E-08 1.5844E-08 1.7524E-08 1.9180E-08 2.0773E-08 2.2262E-08 2.3610E-08 2.4777E-08 2.5736E-08 2.6459E-08 2.6919E-08 2.7102E-08 2.7017E-08 2.6703E-08 2.6176E-08 2.5453E-08 2.4557E-08 2.3519E-08 2.2376E-08 2.1163E-08 1.9917E-08 1.8665E-08 1.7433E-08 1.6243E-08 1.5111E-08 1.4049E-08 1.3064E-08 1.2160E-08 1.1330E-08 1.0581E-08 9.9152E-09 9.3192E-09 8.7932E-09 8.3424E-09 7.9592E-09 7.6212E-09
7.3450E-11 1.2391E-10 1.8842E-10 2.7724E-10 3.8752E-10 5.3348E-10 7.2232E-10 9.6035E-10 1.2531E-09 1.6154E-09 2.0544E-09 2.5846E-09 3.2156E-09 3.9591E-09 4.8208E-09 5.8111E-09 6.9335E-09 8.1875E-09 9.5710E-09 1.1072E-08 1.2675E-08 1.4358E-08 1.6092E-08 1.7846E-08 1.9579E-08 2.1254E-08 2.2823E-08 2.4247E-08 2.5490E-08 2.6514E-08 2.7296E-08 2.7812E-08 2.8027E-08 2.7961E-08 2.7645E-08 2.7081E-08 2.6328E-08 2.5392E-08 2.4303E-08 2.3105E-08 2.1833E-08 2.0526E-08 1.9214E-08 1.7926E-08 1.6683E-08 1.5503E-08 1.4400E-08 1.3376E-08 1.2436E-08 1.1581E-08 1.0810E-08 1.0118E-08 9.5107E-09 8.9730E-09 8.5153E-09 8.1209E-09 7.7797E-09
6.4568E-11 1.1148E-10 1.7278E-10 2.5732E-10 3.6371E-10 5.0413E-10 6.8733E-10 9.1887E-10 1.2045E-09 1.5607E-09 1.9935E-09 2.5164E-09 3.1418E-09 3.8811E-09 4.7416E-09 5.7354E-09 6.8651E-09 8.1345E-09 9.5380E-09 1.1068E-08 1.2709E-08 1.4439E-08 1.6229E-08 1.8046E-08 1.9851E-08 2.1597E-08 2.3245E-08 2.4746E-08 2.6061E-08 2.7152E-08 2.7987E-08 2.8550E-08 2.8807E-08 2.8761E-08 2.8429E-08 2.7857E-08 2.7077E-08 2.6103E-08 2.4971E-08 2.3721E-08 2.2396E-08 2.1034E-08 1.9668E-08 1.8327E-08 1.7034E-08 1.5811E-08 1.4668E-08 1.3615E-08 1.2650E-08 1.1771E-08 1.0980E-08 1.0267E-08 9.6589E-09 9.1107E-09 8.6436E-09 8.2472E-09 7.9056E-09
5.4010E-11 9.8716E-11 1.5538E-10 2.3532E-10 3.3554E-10 4.7038E-10 6.4579E-10 8.6912E-10 1.1468E-09 1.4922E-09 1.9145E-09 2.4257E-09 3.0418E-09 3.7695E-09 4.6242E-09 5.6113E-09 6.7408E-09 8.0150E-09 9.4302E-09 1.0979E-08 1.2648E-08 1.4414E-08 1.6251E-08 1.8121E-08 1.9987E-08 2.1803E-08 2.3520E-08 2.5094E-08 2.6477E-08 2.7632E-08 2.8525E-08 2.9132E-08 2.9441E-08 2.9416E-08 2.9097E-08 2.8520E-08 2.7691E-08 2.6686E-08 2.5514E-08 2.4219E-08 2.2843E-08 2.1429E-08 2.0012E-08 1.8624E-08 1.7292E-08 1.6031E-08 1.4857E-08 1.3775E-08 1.2790E-08 1.1896E-08 1.1090E-08 1.0365E-08 9.7508E-09 9.2020E-09 8.7338E-09 8.3361E-09 7.9973E-09
3.5778E-11 8.1176E-11 1.3771E-10 2.1060E-10 3.0498E-10 4.3279E-10 5.9909E-10 8.1268E-10 1.0794E-09 1.4118E-09 1.8209E-09 2.3181E-09 2.9172E-09 3.6291E-09 4.4688E-09 5.4432E-09 6.5640E-09 7.8331E-09 9.2490E-09 1.0806E-08 1.2491E-08 1.4284E-08 1.6154E-08 1.8070E-08 1.9988E-08 2.1863E-08 2.3645E-08 2.5286E-08 2.6738E-08 2.7955E-08 2.8906E-08 2.9560E-08 2.9903E-08 2.9916E-08 2.9607E-08 2.9008E-08 2.8172E-08 2.7137E-08 2.5930E-08 2.4592E-08 2.3172E-08 2.1715E-08 2.0255E-08 1.8824E-08 1.7451E-08 1.6157E-08 1.4958E-08 1.3854E-08 1.2854E-08 1.1953E-08 1.1135E-08 1.0412E-08 9.7902E-09 9.2479E-09 8.7829E-09 8.3863E-09 8.0539E-09
1.9094E-11 6.1765E-11 1.1529E-10 1.8611E-10 2.7256E-10 3.9240E-10 5.4833E-10 7.5136E-10 1.0043E-09 1.3220E-09 1.7144E-09 2.1930E-09 2.7706E-09 3.4624E-09 4.2799E-09 5.2354E-09 6.3369E-09 7.5911E-09 8.9989E-09 1.0553E-08 1.2244E-08 1.4049E-08 1.5945E-08 1.7893E-08 1.9854E-08 2.1779E-08 2.3620E-08 2.5322E-08 2.6835E-08 2.8114E-08 2.9118E-08 2.9822E-08 3.0202E-08 3.0258E-08 2.9966E-08 2.9374E-08 2.8524E-08 2.7449E-08 2.6215E-08 2.4842E-08 2.3382E-08 2.1881E-08 2.0381E-08 1.8916E-08 1.7514E-08 1.6196E-08 1.4973E-08 1.3856E-08 1.2843E-08 1.1936E-08 1.1126E-08 1.0404E-08 9.7757E-09 9.2459E-09 8.7866E-09 8.3987E-09 8.0749E-09
1.2626E-11 3.4637E-11 9.0096E-11 1.5746E-10 2.3998E-10 3.4918E-10 4.9633E-10 6.8493E-10 9.2412E-10 1.2247E-09 1.5966E-09 2.0542E-09 2.6069E-09 3.2725E-09 4.0621E-09 4.9909E-09 6.0656E-09 7.2978E-09 8.6847E-09 1.0226E-08 1.1910E-08 1.3718E-08 1.5624E-08 1.7594E-08 1.9587E-08 2.1555E-08 2.3444E-08 2.5202E-08 2.6772E-08 2.8110E-08 2.9170E-08 2.9922E-08 3.0345E-08 3.0429E-08 3.0169E-08 2.9588E-08 2.8723E-08 2.7636E-08 2.6373E-08 2.4969E-08 2.3478E-08 2.1943E-08 2.0410E-08 1.8912E-08 1.7483E-08 1.6141E-08 1.4905E-08 1.3778E-08 1.2762E-08 1.1854E-08 1.1049E-08 1.0337E-08 9.7060E-09 9.1998E-09 8.7509E-09 8.3734E-09 8.0596E-09
4.0016E-12 2.3100E-11 5.4741E-11 1.3065E-10 2.0432E-10 3.0750E-10 4.4109E-10 6.1864E-10 8.3966E-10 1.1224E-09 1.4717E-09 1.9044E-09 2.4301E-09 3.0640E-09 3.8226E-09 4.7162E-09 5.7582E-09 6.9575E-09 8.3154E-09 9.8316E-09 1.1497E-08 1.3296E-08 1.5201E-08 1.7181E-08 1.9195E-08 2.1193E-08 2.3122E-08 2.4926E-08 2.6552E-08 2.7943E-08 2.9059E-08 2.9858E-08 3.0323E-08 3.0442E-08 3.0221E-08 2.9659E-08 2.8799E-08 2.7697E-08 2.6408E-08 2.4981E-08 2.3459E-08 2.1893E-08 2.0332E-08 1.8810E-08 1.7359E-08 1.6005E-08 1.4757E-08 1.3625E-08 1.2611E-08 1.1708E-08 1.0914E-08 1.0210E-08 9.5893E-09 9.1034E-09 8.6696E-09 8.3080E-09 8.0089E-09
0.0000E+00 1.2644E-11 3.9173E-11 8.2638E-11 1.7063E-10 2.6359E-10 3.8764E-10 5.4915E-10 7.5444E-10 1.0156E-09 1.3425E-09 1.7477E-09 2.2434E-09 2.8426E-09 3.5640E-09 4.4174E-09 5.4193E-09 6.5778E-09 7.8984E-09 9.3791E-09 1.1014E-08 1.2789E-08 1.4682E-08 1.6661E-08 1.8682E-08 2.0700E-08 2.2661E-08 2.4506E-08 2.6178E-08 2.7621E-08 2.8788E-08 2.9644E-08 3.0154E-08 3.0313E-08 3.0123E-08 2.9587E-08 2.8745E-08 2.7642E-08 2.6335E-08 2.4889E-08 2.3344E-08 2.1756E-08 2.0170E-08 1.8626E-08 1.7157E-08 1.5789E-08 1.4535E-08 1.3405E-08 1.2394E-08 1.1505E-08 1.0727E-08 1.0030E-08 9.4358E-09 8.9612E-09 8.5507E-09 8.2085E-09 7.9250E-09
0.0000E+00 8.5022E-13 2.3373E-11 6.1585E-11 1.2290E-10 2.2031E-10 3.3197E-10 4.8207E-10 6.6827E-10 9.1016E-10 1.2101E-09 1.5872E-09 2.0506E-09 2.6132E-09 3.2923E-09 4.1032E-09 5.0579E-09 6.1676E-09 7.4396E-09 8.8751E-09 1.0471E-08 1.2212E-08 1.4079E-08 1.6041E-08 1.8060E-08 2.0088E-08 2.2069E-08 2.3945E-08 2.5659E-08 2.7154E-08 2.8373E-08 2.9277E-08 2.9839E-08 3.0041E-08 2.9889E-08 2.9396E-08 2.8578E-08 2.7478E-08 2.6163E-08 2.4701E-08 2.3139E-08 2.1529E-08 1.9923E-08 1.8364E-08 1.6880E-08 1.5506E-08 1.4250E-08 1.3124E-08 1.2122E-08 1.1244E-08 1.0486E-08 9.8132E-09 9.2478E-09 8.7751E-09 8.3945E-09 8.0715E-09 7.8086E-09
0.0000E+00 0.0000E+00 4.5962E-12 3.8917E-11 8.5632E-11 1.7612E-10 2.7947E-10 4.1346E-10 5.8507E-10 8.0335E-10 1.0803E-09 1.4252E-09 1.8568E-09 2.3806E-09 3.0131E-09 3.7763E-09 4.6778E-09 5.7358E-09 6.9518E-09 8.3327E-09 9.8762E-09 1.1572E-08 1.3402E-08 1.5338E-08 1.7341E-08 1.9365E-08 2.1358E-08 2.3260E-08 2.5010E-08 2.6547E-08 2.7819E-08 2.8779E-08 2.9396E-08 2.9651E-08 2.9543E-08 2.9088E-08 2.8294E-08 2.7222E-08 2.5915E-08 2.4439E-08 2.2864E-08 2.1241E-08 1.9619E-08 1.8043E-08 1.6551E-08 1.5168E-08 1.3911E-08 1.2788E-08 1.1799E-08 1.0939E-08 1.0202E-08 9.5646E-09 9.0132E-09 8.5508E-09 8.2042E-09 7.9039E-09 7.6648E-09
0.0000E+00 0.0000E+00 0.0000E+00 1.4503E-11 5.9374E-11 1.1328E-10 2.2568E-10 3.4780E-10 5.0055E-10 7.0162E-10 9.5086E-10 1.2670E-09 1.6618E-09 2.1467E-09 2.7334E-09 3.4456E-09 4.2911E-09 5.2869E-09 6.4404E-09 7.7604E-09 9.2435E-09 1.0883E-08 1.2664E-08 1.4560E-08 1.6536E-08 1.8549E-08 2.0543E-08 2.2460E-08 2.4239E-08 2.5820E-08 2.7143E-08 2.8161E-08 2.8836E-08 2.9149E-08 2.9095E-08 2.8683E-08 2.7938E-08 2.6890E-08 2.5592E-08 2.4117E-08 2.2534E-08 2.0898E-08 1.9261E-08 1.7673E-08 1.6172E-08 1.4785E-08 1.3530E-08 1.2414E-08 1.1436E-08 1.0596E-08 9.8821E-09 9.2746E-09 8.7408E-09 8.2946E-09 7.9826E-09 7.7092E-09 7.4929E-09
0.0000E+00 0.0000E+00 0.0000E+00 7.8738E-13 2.8530E-11 8.6031E-11 1.4604E-10 2.8142E-10 4.2209E-10 5.9923E-10 8.2831E-10 1.1124E-09 1.4732E-09 1.9168E-09 2.4561E-09 3.1129E-09 3.9017E-09 4.8333E-09 5.9195E-09 7.1684E-09 8.5819E-09 1.0157E-08 1.1879E-08 1.3725E-08 1.5665E-08 1.7652E-08 1.9637E-08 2.1565E-08 2.3369E-08 2.4988E-08 2.6360E-08 2.7438E-08 2.8181E-08 2.8560E-08 2.8567E-08 2.8209E-08 2.7507E-08 2.6488E-08 2.5223E-08 2.3753E-08 2.2168E-08 2.0526E-08 1.8881E-08 1.7281E-08 1.5769E-08 1.4375E-08 1.3121E-08 1.2007E-08 1.1046E-08 1.0224E-08 9.5337E-09 8.9560E-09 8.4361E-09 8.0188E-09 7.7301E-09 7.4890E-09 7.2995E-09
0.0000E+00 0.0000E+00 0.0000E+00 0.0000E+00 3.8554E-12 4.6986E-11 1.1267E-10 1.9205E-10 3.4236E-10 5.0283E-10 7.0795E-10 9.6633E-10 1.2896E-09 1.6940E-09 2.1857E-09 2.7885E-09 3.5161E-09 4.3790E-09 5.3935E-09 6.5678E-09 7.9071E-09 9.4080E-09 1.1062E-08 1.2848E-08 1.4739E-08 1.6692E-08 1.8661E-08 2.0589E-08 2.2410E-08 2.4065E-08 2.5492E-08 2.6632E-08 2.7441E-08 2.7893E-08 2.7970E-08 2.7677E-08 2.7027E-08 2.6060E-08 2.4818E-08 2.3371E-08 2.1791E-08 2.0140E-08 1.8482E-08 1.6872E-08 1.5353E-08 1.3953E-08 1.2693E-08 1.1589E-08 1.0638E-08 9.8324E-09 9.1649E-09 8.6110E-09 8.1168E-09 7.7360E-09 7.4578E-09 7.2493E-09 7.0838E-09
0.0000E+00 0.0000E+00 0.0000E+00 0.0000E+00 7.9926E-13 8.2520E-12 6.8801E-11 1.4231E-10 2.5084E-10 4.1168E-10 5.9366E-10 8.2551E-10 1.1176E-09 1.4794E-09 1.9259E-09 2.4733E-09 3.1403E-09 3.9347E-09 4.8747E-09 5.9692E-09 7.2266E-09 8.6485E-09 1.0226E-08 1.1943E-08 1.3777E-08 1.5688E-08 1.7631E-08 1.9551E-08 2.1387E-08 2.3075E-08 2.4546E-08 2.5753E-08 2.6640E-08 2.7174E-08 2.7329E-08 2.7108E-08 2.6523E-08 2.5608E-08 2.4402E-08 2.2985E-08 2.1407E-08 1.9762E-08 1.8102E-08 1.6478E-08 1.4942E-08 1.3531E-08 1.2271E-08 1.1166E-08 1.0221E-08 9.4327E-09 8.7814E-09 8.2515E-09 7.7923E-09 7.4404E-09 7.1673E-09 6.9909E-09 6.8531E-09
0.0000E+00 0.0000E+00 0.0000E+00 0.0000E+00 0.0000E+00 2.2843E-12 1.8148E-11 9.2782E-11 1.7941E-10 3.2498E-10 4.8803E-10 6.9182E-10 9.5323E-10 1.2767E-09 1.6760E-09 2.1742E-09 2.7789E-09 3.5054E-09 4.3677E-09 5.3819E-09 6.5546E-09 7.8920E-09 9.3863E-09 1.1029E-08 1.2795E-08 1.4654E-08 1.6562E-08 1.8469E-08 2.0311E-08 2.2027E-08 2.3552E-08 2.4825E-08 2.5790E-08 2.6407E-08 2.6653E-08 2.6516E-08 2.6005E-08 2.5151E-08 2.4000E-08 2.2606E-08 2.1058E-08 1.9411E-08 1.7738E-08 1.6100E-08 1.4553E-08 1.3130E-08 1.1855E-08 1.0750E-08 9.8134E-09 9.0315E-09 8.3977E-09 7.8848E-09 7.4656E-09 7.1222E-09 6.8646E-09 6.7194E-09 6.6071E-09
0.0000E+00 0.0000E+00 0.0000E+00 0.0000E+00 0.0000E+00 7.9575E-13 4.8366E-12 2.9593E-11 1.2020E-10 2.2312E-10 3.9063E-10 5.7313E-10 8.0073E-10 1.0879E-09 1.4424E-09 1.8872E-09 2.4357E-09 3.0943E-09 3.8831E-09 4.8143E-09 5.9003E-09 7.1472E-09 8.5546E-09 1.0114E-08 1.1807E-08 1.3608E-08 1.5474E-08 1.7357E-08 1.9201E-08 2.0943E-08 2.2515E-08 2.3855E-08 2.4905E-08 2.5619E-08 2.5962E-08 2.5919E-08 2.5497E-08 2.4719E-08 2.3626E-08 2.2271E-08 2.0746E-08 1.9096E-08 1.7426E-08 1.5773E-08 1.4203E-08 1.2759E-08 1.1474E-08 1.0358E-08 9.4142E-09 8.6396E-09 8.0167E-09 7.5236E-09 7.1296E-09 6.7936E-09 6.5575E-09 6.4411E-09 6.3529E-09
0.0000E+00 0.0000E+00 0.0000E+00 0.0000E+00 0.0000E+00 0.0000E+00 2.5323E-12 8.0523E-12 4.4781E-11 1.5441E-10 2.7023E-10 4.5882E-10 6.5975E-10 9.1680E-10 1.2278E-09 1.6213E-09 2.1097E-09 2.7085E-09 3.4207E-09 4.2697E-09 5.2693E-09 6.4264E-09 7.7424E-09 9.2140E-09 1.0827E-08 1.2560E-08 1.4377E-08 1.6233E-08 1.8073E-08 1.9834E-08 2.1452E-08 2.2862E-08 2.4000E-08 2.4812E-08 2.5264E-08 2.5329E-08 2.5004E-08 2.4308E-08 2.3284E-08 2.1985E-08 2.0476E-08 1.8851E-08 1.7164E-08 1.5492E-08 1.3898E-08 1.2433E-08 1.1122E-08 9.9906E-09 9.0419E-09 8.2685E-09 7.6467E-09 7.1616E-09 6.7902E-09 6.4650E-09 6.2594E-09 6.1525E-09 6.0903E-09
0.0000E+00 0.0000E+00 0.0000E+00 0.0000E+00 0.0000E+00 0.0000E+00 5.6367E-13 5.1492E-12 1.1922E-11 6.9582E-11 1.9285E-10 3.2198E-10 5.2984E-10 7.5546E-10 1.0330E-09 1.3792E-09 1.8112E-09 2.3430E-09 2.9890E-09 3.7597E-09 4.6702E-09 5.7331E-09 6.9555E-09 8.3380E-09 9.8679E-09 1.1527E-08 1.3287E-08 1.5107E-08 1.6936E-08 1.8714E-08 2.0376E-08 2.1853E-08 2.3082E-08 2.4003E-08 2.4568E-08 2.4748E-08 2.4537E-08 2.3944E-08 2.3000E-08 2.1758E-08 2.0280E-08 1.8667E-08 1.6965E-08 1.5287E-08 1.3665E-08 1.2162E-08 1.0821E-08 9.6695E-09 8.7008E-09 7.9168E-09 7.2996E-09 6.8185E-09 6.4553E-09 6.1508E-09 5.9708E-09 5.8636E-09 5.8250E-09
