Assets/Resources/2015_m01_d25_0300(utc+0800)_l00_csi_1hr_conc.grd
DSAA
         159         159
     -79.000      79.000
     -79.000      79.000
  0.0000E+00  0.1065E-04
[rows 0 to 24 of 159, columns 0 to 56 of 159]
9.4446E-11 1.1879E-10 1.4550E-10 1.7687E-10 2.1541E-10 2.5995E-10 3.0922E-10 3.6745E-10 4.3354E-10 5.0641E-10 5.9020E-10 6.8388E-10 7.8590E-10 9.0197E-10 1.0268E-09 1.1676E-09 1.3208E-09 1.4870E-09 1.6678E-09 1.8627E-09 2.0717E-09 2.2929E-09 2.5294E-09 2.7768E-09 3.0331E-09 3.2984E-09 3.5709E-09 3.8439E-09 4.1174E-09 4.3870E-09 4.6483E-09 4.8971E-09 5.1300E-09 5.3412E-09 5.5259E-09 5.6817E-09 5.8056E-09 5.8937E-09 5.9431E-09 5.9517E-09 5.9184E-09 5.8432E-09 5.7295E-09 5.5778E-09 5.3903E-09 5.1703E-09 4.9216E-09 4.6491E-09 4.3582E-09 4.0546E-09 3.7431E-09 3.4287E-09 3.1161E-09 2.8088E-09 2.5099E-09 2.2225E-09 1.9501E-09
9.3582E-11 1.1782E-10 1.4442E-10 1.7571E-10 2.1426E-10 2.5892E-10 3.0840E-10 3.6686E-10 4.3329E-10 5.0695E-10 5.9168E-10 6.8613E-10 7.9029E-10 9.0790E-10 1.0344E-09 1.1796E-09 1.3360E-09 1.5066E-09 1.6918E-09 1.8933E-09 2.1081E-09 2.3389E-09 2.5848E-09 2.8411E-09 3.1097E-09 3.3897E-09 3.6743E-09 3.9638E-09 4.2551E-09 4.5424E-09 4.8219E-09 5.0916E-09 5.3437E-09 5.5741E-09 5.7798E-09 5.9571E-09 6.0998E-09 6.2058E-09 6.2707E-09 6.2927E-09 6.2727E-09 6.2098E-09 6.1033E-09 5.9542E-09 5.7649E-09 5.5406E-09 5.2849E-09 5.0036E-09 4.7016E-09 4.3841E-09 4.0564E-09 3.7242E-09 3.3919E-09 3.0626E-09 2.7419E-09 2.4316E-09 2.1359E-09
9.2166E-11 1.1614E-10 1.4248E-10 1.7351E-10 2.1191E-10 2.5635E-10 3.0550E-10 3.6392E-10 4.3065E-10 5.0417E-10 5.8904E-10 6.8438E-10 7.9076E-10 9.0802E-10 1.0373E-09 1.1829E-09 1.3428E-09 1.5169E-09 1.7070E-09 1.9127E-09 2.1338E-09 2.3732E-09 2.6247E-09 2.8908E-09 3.1723E-09 3.4623E-09 3.7609E-09 4.0668E-09 4.3731E-09 4.6774E-09 4.9777E-09 5.2658E-09 5.5370E-09 5.7897E-09 6.0182E-09 6.2156E-09 6.3792E-09 6.5038E-09 6.5876E-09 6.6287E-09 6.6237E-09 6.5703E-09 6.4703E-09 6.3256E-09 6.1404E-09 5.9172E-09 5.6600E-09 5.3728E-09 5.0615E-09 4.7312E-09 4.3890E-09 4.0388E-09 3.6864E-09 3.3354E-09 2.9911E-09 2.6567E-09 2.3381E-09
9.0221E-11 1.1380E-10 1.3979E-10 1.7031E-10 2.0811E-10 2.5212E-10 3.0088E-10 3.5889E-10 4.2496E-10 4.9833E-10 5.8313E-10 6.7833E-10 7.8463E-10 9.0238E-10 1.0342E-09 1.1792E-09 1.3424E-09 1.5182E-09 1.7120E-09 1.9206E-09 2.1485E-09 2.3916E-09 2.6499E-09 2.9269E-09 3.2160E-09 3.5165E-09 3.8299E-09 4.1483E-09 4.4699E-09 4.7932E-09 5.1104E-09 5.4165E-09 5.7105E-09 5.9856E-09 6.2350E-09 6.4547E-09 6.6401E-09 6.7877E-09 6.8931E-09 6.9522E-09 6.9631E-09 6.9251E-09 6.8399E-09 6.7079E-09 6.5300E-09 6.3106E-09 6.0531E-09 5.7617E-09 5.4432E-09 5.1029E-09 4.7469E-09 4.3821E-09 4.0118E-09 3.6406E-09 3.2738E-09 2.9176E-09 2.5736E-09
8.7846E-11 1.1086E-10 1.3616E-10 1.6603E-10 2.0322E-10 2.4655E-10 2.9431E-10 3.5143E-10 4.1703E-10 4.8939E-10 5.7324E-10 6.6794E-10 7.7396E-10 8.9128E-10 1.0227E-09 1.1676E-09 1.3328E-09 1.5094E-09 1.7061E-09 1.9183E-09 2.1495E-09 2.3960E-09 2.6620E-09 2.9446E-09 3.2411E-09 3.5536E-09 3.8771E-09 4.2077E-09 4.5458E-09 4.8839E-09 5.2175E-09 5.5454E-09 5.8604E-09 6.1557E-09 6.4286E-09 6.6724E-09 6.8825E-09 7.0528E-09 7.1792E-09 7.2591E-09 7.2903E-09 7.2724E-09 7.2028E-09 7.0813E-09 6.9123E-09 6.6977E-09 6.4416E-09 6.1500E-09 5.8292E-09 5.4830E-09 5.1177E-09 4.7378E-09 4.3488E-09 3.9574E-09 3.5678E-09 3.1856E-09 2.8173E-09
8.4883E-11 1.0723E-10 1.3188E-10 1.6096E-10 1.9705E-10 2.3929E-10 2.8607E-10 3.4219E-10 4.0622E-10 4.7736E-10 5.6013E-10 6.5345E-10 7.5819E-10 8.7396E-10 1.0049E-09 1.1513E-09 1.3143E-09 1.4911E-09 1.6896E-09 1.9038E-09 2.1364E-09 2.3864E-09 2.6576E-09 2.9443E-09 3.2484E-09 3.5700E-09 3.9017E-09 4.2452E-09 4.5965E-09 4.9484E-09 5.3012E-09 5.6475E-09 5.9816E-09 6.3012E-09 6.5979E-09 6.8657E-09 7.0990E-09 7.2938E-09 7.4454E-09 7.5509E-09 7.6052E-09 7.6061E-09 7.5528E-09 7.4481E-09 7.2915E-09 7.0888E-09 6.8436E-09 6.5573E-09 6.2354E-09 5.8842E-09 5.5084E-09 5.1138E-09 4.7097E-09 4.2990E-09 3.8878E-09 3.4833E-09 3.0901E-09
8.1522E-11 1.0317E-10 1.2681E-10 1.5481E-10 1.8986E-10 2.3101E-10 2.7622E-10 3.3051E-10 3.9330E-10 4.6251E-10 5.4336E-10 6.3470E-10 7.3780E-10 8.5183E-10 9.8114E-10 1.1262E-09 1.2876E-09 1.4647E-09 1.6631E-09 1.8765E-09 2.1096E-09 2.3640E-09 2.6361E-09 2.9262E-09 3.2383E-09 3.5639E-09 3.9049E-09 4.2594E-09 4.6206E-09 4.9882E-09 5.3566E-09 5.7203E-09 6.0773E-09 6.4185E-09 6.7373E-09 7.0297E-09 7.2897E-09 7.5117E-09 7.6907E-09 7.8211E-09 7.9001E-09 7.9272E-09 7.8999E-09 7.8165E-09 7.6837E-09 7.4989E-09 7.2647E-09 6.9839E-09 6.6647E-09 6.3131E-09 5.9342E-09 5.5338E-09 5.1162E-09 4.6880E-09 4.2569E-09 3.8273E-09 3.4074E-09
7.7817E-11 9.8438E-11 1.2117E-10 1.4807E-10 1.8168E-10 2.2112E-10 2.6477E-10 3.1743E-10 3.7799E-10 4.4483E-10 5.2348E-10 6.1259E-10 7.1327E-10 8.2434E-10 9.5088E-10 1.0943E-09 1.2533E-09 1.4283E-09 1.6252E-09 1.8377E-09 2.0721E-09 2.3260E-09 2.5980E-09 2.8922E-09 3.2065E-09 3.5366E-09 3.8856E-09 4.2474E-09 4.6198E-09 5.0003E-09 5.3832E-09 5.7665E-09 6.1420E-09 6.5032E-09 6.8465E-09 7.1654E-09 7.4520E-09 7.7020E-09 7.9091E-09 8.0683E-09 8.1780E-09 8.2335E-09 8.2329E-09 8.1796E-09 8.0681E-09 7.8996E-09 7.6795E-09 7.4138E-09 7.1080E-09 6.7628E-09 6.3830E-09 5.9737E-09 5.5426E-09 5.0992E-09 4.6479E-09 4.1969E-09 3.7512E-09
7.3827E-11 9.3345E-11 1.1494E-10 1.4049E-10 1.7261E-10 2.1046E-10 2.5210E-10 3.0234E-10 3.6063E-10 4.2501E-10 5.0076E-10 5.8693E-10 6.8426E-10 7.9226E-10 9.1590E-10 1.0556E-09 1.2112E-09 1.3834E-09 1.5781E-09 1.7882E-09 2.0208E-09 2.2729E-09 2.5450E-09 2.8415E-09 3.1552E-09 3.4899E-09 3.8435E-09 4.2111E-09 4.5933E-09 4.9840E-09 5.3819E-09 5.7812E-09 6.1738E-09 6.5572E-09 6.9252E-09 7.2682E-09 7.5830E-09 7.8627E-09 8.1003E-09 8.2926E-09 8.4347E-09 8.5228E-09 8.5570E-09 8.5299E-09 8.4433E-09 8.3034E-09 8.1129E-09 7.8693E-09 7.5756E-09 7.2354E-09 6.8555E-09 6.4450E-09 6.0105E-09 5.5556E-09 5.0884E-09 4.6147E-09 4.1419E-09
6.9614E-11 8.7969E-11 1.0826E-10 1.3241E-10 1.6292E-10 1.9866E-10 2.3802E-10 2.8617E-10 3.4171E-10 4.0305E-10 4.7538E-10 5.5825E-10 6.5224E-10 7.5610E-10 8.7533E-10 1.0113E-09 1.1629E-09 1.3308E-09 1.5217E-09 1.7276E-09 1.9578E-09 2.2072E-09 2.4781E-09 2.7717E-09 3.0852E-09 3.4220E-09 3.7775E-09 4.1509E-09 4.5390E-09 4.9400E-09 5.3521E-09 5.7638E-09 6.1742E-09 6.5796E-09 6.9688E-09 7.3387E-09 7.6821E-09 7.9915E-09 8.2633E-09 8.4896E-09 8.6695E-09 8.7991E-09 8.8674E-09 8.8767E-09 8.8331E-09 8.7318E-09 8.5689E-09 8.3468E-09 8.0702E-09 7.7500E-09 7.3862E-09 6.9836E-09 6.5447E-09 6.0790E-09 5.5941E-09 5.0976E-09 4.5972E-09
6.5239E-11 8.2391E-11 1.0133E-10 1.2390E-10 1.5248E-10 1.8615E-10 2.2339E-10 2.6866E-10 3.2111E-10 3.7927E-10 4.4826E-10 5.2737E-10 6.1669E-10 7.1602E-10 8.3083E-10 9.6170E-10 1.1082E-09 1.2707E-09 1.4571E-09 1.6583E-09 1.8836E-09 2.1283E-09 2.3974E-09 2.6864E-09 2.9994E-09 3.3350E-09 3.6907E-09 4.0673E-09 4.4603E-09 4.8685E-09 5.2902E-09 5.7142E-09 6.1444E-09 6.5669E-09 6.9790E-09 7.3745E-09 7.7462E-09 8.0897E-09 8.3948E-09 8.6620E-09 8.8836E-09 9.0490E-09 9.1600E-09 9.2199E-09 9.2190E-09 9.1503E-09 9.0199E-09 8.8335E-09 8.5951E-09 8.3005E-09 7.9498E-09 7.5506E-09 7.1100E-09 6.6391E-09 6.1424E-09 5.6279E-09 5.1021E-09
5.9737E-11 7.6688E-11 9.4249E-11 1.1519E-10 1.4165E-10 1.7316E-10 2.0788E-10 2.5037E-10 2.9980E-10 3.5426E-10 4.1925E-10 4.9379E-10 5.7895E-10 6.7322E-10 7.8253E-10 9.0763E-10 1.0483E-09 1.2049E-09 1.3856E-09 1.5799E-09 1.7993E-09 2.0388E-09 2.3028E-09 2.5862E-09 2.8951E-09 3.2278E-09 3.5834E-09 3.9593E-09 4.3568E-09 4.7691E-09 5.1992E-09 5.6384E-09 6.0803E-09 6.5205E-09 6.9545E-09 7.3756E-09 7.7780E-09 8.1520E-09 8.4975E-09 8.8062E-09 9.0677E-09 9.2805E-09 9.4461E-09 9.5509E-09 9.5923E-09 9.5691E-09 9.4945E-09 9.3562E-09 9.1498E-09 8.8778E-09 8.5461E-09 8.1644E-09 7.7374E-09 7.2692E-09 6.7668E-09 6.2360E-09 5.6841E-09
5.5346E-11 6.7717E-11 8.7111E-11 1.0647E-10 1.3071E-10 1.5979E-10 1.9196E-10 2.3147E-10 2.7747E-10 3.2821E-10 3.8920E-10 4.5934E-10 5.3933E-10 6.2761E-10 7.3115E-10 8.5021E-10 9.8407E-10 1.1338E-09 1.3072E-09 1.4949E-09 1.7072E-09 1.9390E-09 2.1960E-09 2.4741E-09 2.7778E-09 3.1057E-09 3.4574E-09 3.8326E-09 4.2298E-09 4.6440E-09 5.0805E-09 5.5303E-09 5.9834E-09 6.4409E-09 6.8963E-09 7.3427E-09 7.7720E-09 8.1830E-09 8.5698E-09 8.9182E-09 9.2266E-09 9.4949E-09 9.7104E-09 9.8664E-09 9.9644E-09 1.0010E-08 9.9874E-09 9.8900E-09 9.7228E-09 9.4936E-09 9.2027E-09 8.8509E-09 8.4381E-09 7.9748E-09 7.4644E-09 6.9195E-09 6.3480E-09
5.0964E-11 6.2380E-11 7.4291E-11 9.7637E-11 1.1980E-10 1.4647E-10 1.7593E-10 2.1229E-10 2.5479E-10 3.0178E-10 3.5833E-10 4.2334E-10 4.9787E-10 5.8085E-10 6.7795E-10 7.9003E-10 9.1635E-10 1.0585E-09 1.2247E-09 1.4036E-09 1.6074E-09 1.8318E-09 2.0799E-09 2.3507E-09 2.6458E-09 2.9666E-09 3.3129E-09 3.6858E-09 4.0795E-09 4.4941E-09 4.9373E-09 5.3932E-09 5.8569E-09 6.3304E-09 6.8040E-09 7.2725E-09 7.7338E-09 8.1829E-09 8.6059E-09 8.9972E-09 9.3621E-09 9.6836E-09 9.9530E-09 1.0173E-08 1.0346E-08 1.0449E-08 1.0480E-08 1.0443E-08 1.0342E-08 1.0169E-08 9.9180E-09 9.5932E-09 9.2008E-09 8.7530E-09 8.2531E-09 7.7048E-09 7.1160E-09
4.6641E-11 5.7111E-11 6.8077E-11 8.0445E-11 1.0907E-10 1.3322E-10 1.5995E-10 1.9302E-10 2.3212E-10 2.7518E-10 3.2696E-10 3.8744E-10 4.5625E-10 5.3274E-10 6.2295E-10 7.2800E-10 8.4684E-10 9.8074E-10 1.1380E-09 1.3078E-09 1.5027E-09 1.7183E-09 1.9555E-09 2.2160E-09 2.5029E-09 2.8160E-09 3.1540E-09 3.5214E-09 3.9104E-09 4.3236E-09 4.7676E-09 5.2280E-09 5.7030E-09 6.1874E-09 6.6786E-09 7.1721E-09 7.6632E-09 8.1448E-09 8.6051E-09 9.0503E-09 9.4679E-09 9.8415E-09 1.0180E-08 1.0478E-08 1.0712E-08 1.0881E-08 1.0993E-08 1.1035E-08 1.0999E-08 1.0878E-08 1.0674E-08 1.0397E-08 1.0051E-08 9.6335E-09 9.1481E-09 8.6013E-09 8.0040E-09
4.2425E-11 5.1966E-11 6.1864E-11 7.3110E-11 8.5993E-11 1.2035E-10 1.4445E-10 1.7428E-10 2.0953E-10 2.4860E-10 2.9602E-10 3.5110E-10 4.1430E-10 4.8459E-10 5.6796E-10 6.6543E-10 7.7581E-10 9.0071E-10 1.0495E-09 1.2091E-09 1.3938E-09 1.5985E-09 1.8249E-09 2.0745E-09 2.3520E-09 2.6536E-09 2.9851E-09 3.3416E-09 3.7240E-09 4.1347E-09 4.5763E-09 5.0400E-09 5.5215E-09 6.0161E-09 6.5236E-09 7.0355E-09 7.5590E-09 8.0701E-09 8.5764E-09 9.0723E-09 9.5372E-09 9.9795E-09 1.0393E-08 1.0755E-08 1.1066E-08 1.1327E-08 1.1522E-08 1.1638E-08 1.1672E-08 1.1627E-08 1.1500E-08 1.1289E-08 1.0990E-08 1.0608E-08 1.0147E-08 9.6133E-09 9.0191E-09
3.8050E-11 4.7039E-11 5.5861E-11 6.6021E-11 7.7570E-11 9.0554E-11 1.2934E-10 1.5600E-10 1.8773E-10 2.2268E-10 2.6559E-10 3.1537E-10 3.7294E-10 4.3669E-10 5.1295E-10 6.0257E-10 7.0471E-10 8.2094E-10 9.5973E-10 1.1086E-09 1.2826E-09 1.4761E-09 1.6926E-09 1.9295E-09 2.1925E-09 2.4827E-09 2.8031E-09 3.1483E-09 3.5234E-09 3.9271E-09 4.3641E-09 4.8282E-09 5.3141E-09 5.8178E-09 6.3376E-09 6.8755E-09 7.4178E-09 7.9635E-09 8.5148E-09 9.0538E-09 9.5797E-09 1.0091E-08 1.0571E-08 1.1014E-08 1.1419E-08 1.1765E-08 1.2045E-08 1.2249E-08 1.2382E-08 1.2430E-08 1.2383E-08 1.2241E-08 1.2006E-08 1.1683E-08 1.1273E-08 1.0774E-08 1.0195E-08
3.3619E-11 4.1722E-11 5.0120E-11 5.9251E-11 6.9548E-11 8.1133E-11 9.9322E-11 1.3855E-10 1.6663E-10 1.9767E-10 2.3586E-10 2.8082E-10 3.3265E-10 3.8985E-10 4.5921E-10 5.4104E-10 6.3469E-10 7.4124E-10 8.7030E-10 1.0085E-09 1.1708E-09 1.3518E-09 1.5557E-09 1.7796E-09 2.0292E-09 2.3078E-09 2.6151E-09 2.9487E-09 3.3117E-09 3.7064E-09 4.1383E-09 4.5994E-09 5.0867E-09 5.5962E-09 6.1255E-09 6.6804E-09 7.2446E-09 7.8270E-09 8.4167E-09 9.0044E-09 9.5927E-09 1.0168E-08 1.0723E-08 1.1257E-08 1.1747E-08 1.2185E-08 1.2565E-08 1.2880E-08 1.3117E-08 1.3258E-08 1.3308E-08 1.3266E-08 1.3127E-08 1.2887E-08 1.2540E-08 1.2090E-08 1.1544E-08
2.9285E-11 3.6464E-11 4.4762E-11 5.2746E-11 6.1847E-11 7.2069E-11 8.3474E-11 1.0281E-10 1.4674E-10 1.7416E-10 2.0763E-10 2.4739E-10 2.9366E-10 3.4479E-10 4.0719E-10 4.8115E-10 5.6603E-10 6.6371E-10 7.8251E-10 9.0933E-10 1.0597E-09 1.2284E-09 1.4192E-09 1.6299E-09 1.8654E-09 2.1282E-09 2.4213E-09 2.7404E-09 3.0927E-09 3.4737E-09 3.8971E-09 4.3525E-09 4.8388E-09 5.3502E-09 5.8919E-09 6.4573E-09 7.0459E-09 7.6559E-09 8.2820E-09 8.9215E-09 9.5640E-09 1.0209E-08 1.0847E-08 1.1464E-08 1.2043E-08 1.2586E-08 1.3081E-08 1.3507E-08 1.3856E-08 1.4116E-08 1.4289E-08 1.4372E-08 1.4343E-08 1.4204E-08 1.3946E-08 1.3572E-08 1.3079E-08
2.4688E-11 3.1552E-11 3.9142E-11 4.6672E-11 5.4678E-11 6.3640E-11 7.3557E-11 8.4590E-11 1.0983E-10 1.5184E-10 1.8120E-10 2.1604E-10 2.5676E-10 3.0195E-10 3.5719E-10 4.2382E-10 5.0055E-10 5.8852E-10 6.9705E-10 8.1305E-10 9.5165E-10 1.1070E-09 1.2839E-09 1.4813E-09 1.7012E-09 1.9477E-09 2.2246E-09 2.5313E-09 2.8675E-09 3.2330E-09 3.6485E-09 4.0957E-09 4.5746E-09 5.0887E-09 5.6360E-09 6.2081E-09 6.8168E-09 7.4550E-09 8.1171E-09 8.7999E-09 9.5018E-09 1.0215E-08 1.0927E-08 1.1624E-08 1.2306E-08 1.2962E-08 1.3568E-08 1.4116E-08 1.4593E-08 1.4995E-08 1.5320E-08 1.5537E-08 1.5648E-08 1.5642E-08 1.5508E-08 1.5235E-08 1.4818E-08
2.0451E-11 2.6725E-11 3.3530E-11 4.0935E-11 4.7903E-11 5.5691E-11 6.4397E-11 7.3892E-11 8.4411E-11 1.1284E-10 1.5654E-10 1.8666E-10 2.2210E-10 2.6145E-10 3.1053E-10 3.6966E-10 4.3793E-10 5.1714E-10 6.1583E-10 7.2045E-10 8.4687E-10 9.8932E-10 1.1526E-09 1.3350E-09 1.5390E-09 1.7711E-09 2.0293E-09 2.3193E-09 2.6403E-09 2.9915E-09 3.3914E-09 3.8281E-09 4.2987E-09 4.8107E-09 5.3578E-09 5.9380E-09 6.5590E-09 7.2204E-09 7.9132E-09 8.6341E-09 9.3939E-09 1.0169E-08 1.0953E-08 1.1743E-08 1.2528E-08 1.3287E-08 1.4017E-08 1.4700E-08 1.5326E-08 1.5890E-08 1.6368E-08 1.6756E-08 1.7044E-08 1.7204E-08 1.7221E-08 1.7078E-08 1.6769E-08
1.6994E-11 2.1960E-11 2.8212E-11 3.5084E-11 4.1725E-11 4.8388E-11 5.5825E-11 6.3975E-11 7.2929E-11 8.2594E-11 1.1148E-10 1.5978E-10 1.9030E-10 2.2411E-10 2.6678E-10 3.1900E-10 3.7973E-10 4.4997E-10 5.3870E-10 6.3262E-10 7.4752E-10 8.7697E-10 1.0261E-09 1.1936E-09 1.3837E-09 1.5995E-09 1.8371E-09 2.1095E-09 2.4131E-09 2.7467E-09 3.1305E-09 3.5544E-09 4.0156E-09 4.5191E-09 5.0634E-09 5.6507E-09 6.2809E-09 6.9584E-09 7.6772E-09 8.4423E-09 9.2444E-09 1.0076E-08 1.0928E-08 1.1807E-08 1.2682E-08 1.3559E-08 1.4416E-08 1.5238E-08 1.6030E-08 1.6766E-08 1.7433E-08 1.8029E-08 1.8517E-08 1.8873E-08 1.9074E-08 1.9103E-08 1.8942E-08
1.3785E-11 1.7787E-11 2.3013E-11 2.9137E-11 3.5756E-11 4.1768E-11 4.8061E-11 5.5059E-11 6.2511E-11 7.0644E-11 7.9346E-11 1.1703E-10 1.6125E-10 1.9011E-10 2.2682E-10 2.7259E-10 3.2563E-10 3.8761E-10 4.6716E-10 5.5069E-10 6.5386E-10 7.7109E-10 9.0618E-10 1.0582E-09 1.2328E-09 1.4311E-09 1.6505E-09 1.9043E-09 2.1888E-09 2.5074E-09 2.8707E-09 3.2771E-09 3.7270E-09 4.2250E-09 4.7550E-09 5.3401E-09 5.9749E-09 6.6618E-09 7.4003E-09 8.1962E-09 9.0367E-09 9.9181E-09 1.0845E-08 1.1799E-08 1.2771E-08 1.3760E-08 1.4740E-08 1.5729E-08 1.6687E-08 1.7609E-08 1.8502E-08 1.9323E-08 2.0041E-08 2.0631E-08 2.1063E-08 2.1305E-08 2.1334E-08
1.0576E-11 1.4256E-11 1.8273E-11 2.3621E-11 2.9632E-11 3.5682E-11 4.0997E-11 4.6849E-11 5.3169E-11 5.9970E-11 6.7161E-11 7.4850E-11 1.1360E-10 1.5915E-10 1.9077E-10 2.3026E-10 2.7643E-10 3.3072E-10 4.0113E-10 4.7487E-10 5.6736E-10 6.7165E-10 7.9353E-10 9.3157E-10 1.0893E-09 1.2706E-09 1.4730E-09 1.7066E-09 1.9710E-09 2.2687E-09 2.6145E-09 3.0010E-09 3.4337E-09 3.9179E-09 4.4359E-09 5.0133E-09 5.6531E-09 6.3401E-09 7.0933E-09 7.9119E-09 8.7827E-09 9.7082E-09 1.0693E-08 1.1712E-08 1.2781E-08 1.3877E-08 1.4996E-08 1.6132E-08 1.7268E-08 1.8421E-08 1.9542E-08 2.0609E-08 2.1595E-08 2.2458E-08 2.3157E-08 2.3657E-08 2.3874E-08
7.8253E-12 1.0784E-11 1.4423E-11 1.8401E-11 2.3672E-11 2.9488E-11 3.4767E-11 3.9590E-11 4.4765E-11 5.0349E-11 5.6269E-11 6.2567E-11 6.9179E-11 1.1319E-10 1.5720E-10 1.9225E-10 2.3226E-10 2.7922E-10 3.4126E-10 4.0604E-10 4.8759E-10 5.8075E-10 6.8984E-10 8.1234E-10 9.5518E-10 1.1195E-09 1.3066E-09 1.5166E-09 1.7602E-09 2.0372E-09 2.3624E-09 2.7264E-09 3.1403E-09 3.6075E-09 4.1123E-09 4.6730E-09 5.3055E-09 5.9924E-09 6.7500E-09 7.5770E-09 8.4707E-09 9.4325E-09 1.0463E-08 1.1549E-08 1.2702E-08 1.3893E-08 1.5153E-08 1.6443E-08 1.7781E-08 1.9147E-08 2.0517E-08 2.1864E-08 2.3144E-08 2.4310E-08 2.5324E-08 2.6066E-08 2.6533E-08
