Assets/Resources/2015_m01_d24_2300(utc+0800)_l00_csi_1hr_conc.grd
DSAA
         159         159
     -79.000      79.000
     -79.000      79.000
  0.0000E+00  0.2916E-05
[rows 25 to 49 of 159, columns 0 to 56 of 159]
2.7460E-09 3.1031E-09 3.4879E-09 3.9035E-09 4.3522E-09 4.8295E-09 5.3354E-09 5.8724E-09 6.4285E-09 7.0111E-09 7.6102E-09 8.2211E-09 8.8463E-09 9.4734E-09 1.0102E-08 1.0729E-08 1.1342E-08 1.1945E-08 1.2527E-08 1.3085E-08 1.3617E-08 1.4111E-08 1.4569E-08 1.4984E-08 1.5349E-08 1.5661E-08 1.5919E-08 1.6115E-08 1.6242E-08 1.6292E-08 1.6262E-08 1.6145E-08 1.5926E-08 1.5600E-08 1.5164E-08 1.4612E-08 1.3943E-08 1.3161E-08 1.2280E-08 1.1314E-08 1.0288E-08 9.2227E-09 8.1458E-09 7.0817E-09 6.0526E-09 5.0851E-09 4.1938E-09 3.3916E-09 2.6879E-09 2.0846E-09 1.5712E-09 1.1518E-09 8.2805E-10 5.7836E-10 3.9272E-10 2.5027E-10 1.1605E-10
2.5121E-09 2.8448E-09 3.2043E-09 3.5935E-09 4.0153E-09 4.4650E-09 4.9442E-09 5.4539E-09 5.9839E-09 6.5428E-09 7.1189E-09 7.7112E-09 8.3211E-09 8.9344E-09 9.5589E-09 1.0183E-08 1.0803E-08 1.1420E-08 1.2021E-08 1.2609E-08 1.3177E-08 1.3720E-08 1.4236E-08 1.4720E-08 1.5163E-08 1.5570E-08 1.5929E-08 1.6237E-08 1.6482E-08 1.6663E-08 1.6767E-08 1.6776E-08 1.6688E-08 1.6487E-08 1.6164E-08 1.5703E-08 1.5106E-08 1.4375E-08 1.3523E-08 1.2559E-08 1.1508E-08 1.0394E-08 9.2458E-09 8.0908E-09 6.9611E-09 5.8831E-09 4.8798E-09 3.9704E-09 3.1640E-09 2.4648E-09 1.8732E-09 1.3767E-09 9.8347E-10 6.9042E-10 4.7532E-10 3.0747E-10 1.6071E-10
2.2817E-09 2.5896E-09 2.9224E-09 3.2842E-09 3.6777E-09 4.0976E-09 4.5476E-09 5.0275E-09 5.5283E-09 6.0595E-09 6.6078E-09 7.1775E-09 7.7650E-09 8.3613E-09 8.9735E-09 9.5888E-09 1.0208E-08 1.0828E-08 1.1442E-08 1.2051E-08 1.2649E-08 1.3232E-08 1.3800E-08 1.4342E-08 1.4867E-08 1.5358E-08 1.5820E-08 1.6236E-08 1.6610E-08 1.6922E-08 1.7161E-08 1.7316E-08 1.7374E-08 1.7310E-08 1.7109E-08 1.6762E-08 1.6261E-08 1.5606E-08 1.4797E-08 1.3853E-08 1.2790E-08 1.1639E-08 1.0429E-08 9.1883E-09 7.9583E-09 6.7650E-09 5.6453E-09 4.6161E-09 3.6978E-09 2.9004E-09 2.2133E-09 1.6331E-09 1.1696E-09 8.1502E-10 5.6304E-10 3.7045E-10 2.0765E-10
2.0574E-09 2.3401E-09 2.6464E-09 2.9795E-09 3.3434E-09 3.7325E-09 4.1510E-09 4.5986E-09 5.0679E-09 5.5677E-09 6.0851E-09 6.6269E-09 7.1875E-09 7.7615E-09 8.3540E-09 8.9541E-09 9.5645E-09 1.0181E-08 1.0799E-08 1.1420E-08 1.2038E-08 1.2655E-08 1.3262E-08 1.3864E-08 1.4454E-08 1.5029E-08 1.5583E-08 1.6114E-08 1.6607E-08 1.7052E-08 1.7436E-08 1.7746E-08 1.7952E-08 1.8036E-08 1.7981E-08 1.7768E-08 1.7381E-08 1.6817E-08 1.6074E-08 1.5168E-08 1.4115E-08 1.2942E-08 1.1678E-08 1.0362E-08 9.0324E-09 7.7262E-09 6.4857E-09 5.3326E-09 4.2992E-09 3.3862E-09 2.5986E-09 1.9362E-09 1.3959E-09 9.6811E-10 6.5911E-10 4.4129E-10 2.5275E-10
1.8420E-09 2.0991E-09 2.3785E-09 2.6828E-09 3.0162E-09 3.3735E-09 3.7591E-09 4.1732E-09 4.6083E-09 5.0744E-09 5.5577E-09 6.0678E-09 6.5973E-09 7.1433E-09 7.7109E-09 8.2890E-09 8.8835E-09 9.4884E-09 1.0102E-08 1.0726E-08 1.1358E-08 1.1994E-08 1.2637E-08 1.3284E-08 1.3932E-08 1.4580E-08 1.5225E-08 1.5859E-08 1.6468E-08 1.7047E-08 1.7579E-08 1.8038E-08 1.8401E-08 1.8649E-08 1.8752E-08 1.8685E-08 1.8434E-08 1.7982E-08 1.7332E-08 1.6484E-08 1.5461E-08 1.4285E-08 1.2982E-08 1.1601E-08 1.0176E-08 8.7645E-09 7.3979E-09 6.1200E-09 4.9588E-09 3.9272E-09 3.0348E-09 2.2724E-09 1.6504E-09 1.1598E-09 7.8183E-10 5.1264E-10 3.0834E-10
1.6368E-09 1.8688E-09 2.1213E-09 2.3971E-09 2.6993E-09 3.0249E-09 3.3767E-09 3.7560E-09 4.1555E-09 4.5857E-09 5.0329E-09 5.5076E-09 6.0027E-09 6.5167E-09 7.0538E-09 7.6046E-09 8.1760E-09 8.7625E-09 9.3627E-09 9.9833E-09 1.0616E-08 1.1265E-08 1.1931E-08 1.2614E-08 1.3309E-08 1.4021E-08 1.4746E-08 1.5469E-08 1.6193E-08 1.6898E-08 1.7569E-08 1.8177E-08 1.8707E-08 1.9121E-08 1.9390E-08 1.9488E-08 1.9390E-08 1.9075E-08 1.8539E-08 1.7779E-08 1.6808E-08 1.5648E-08 1.4325E-08 1.2890E-08 1.1386E-08 9.8732E-09 8.3870E-09 6.9854E-09 5.6891E-09 4.5301E-09 3.5161E-09 2.6572E-09 1.9438E-09 1.3768E-09 9.4097E-10 6.1257E-10 3.6880E-10
1.4433E-09 1.6506E-09 1.8768E-09 2.1245E-09 2.3960E-09 2.6900E-09 3.0073E-09 3.3521E-09 3.7153E-09 4.1079E-09 4.5182E-09 4.9545E-09 5.4124E-09 5.8904E-09 6.3929E-09 6.9113E-09 7.4541E-09 8.0146E-09 8.5972E-09 9.2027E-09 9.8289E-09 1.0481E-08 1.1160E-08 1.1864E-08 1.2598E-08 1.3361E-08 1.4148E-08 1.4956E-08 1.5778E-08 1.6598E-08 1.7397E-08 1.8157E-08 1.8847E-08 1.9431E-08 1.9876E-08 2.0153E-08 2.0223E-08 2.0066E-08 1.9665E-08 1.9017E-08 1.8124E-08 1.6997E-08 1.5686E-08 1.4214E-08 1.2653E-08 1.1045E-08 9.4530E-09 7.9246E-09 6.4966E-09 5.2058E-09 4.0639E-09 3.0950E-09 2.2917E-09 1.6386E-09 1.1323E-09 7.4350E-10 4.5775E-10
1.2621E-09 1.4463E-09 1.6467E-09 1.8677E-09 2.1086E-09 2.3724E-09 2.6550E-09 2.9663E-09 3.2919E-09 3.6466E-09 4.0189E-09 4.4156E-09 4.8355E-09 5.2739E-09 5.7394E-09 6.2210E-09 6.7300E-09 7.2606E-09 7.8164E-09 8.4018E-09 9.0115E-09 9.6573E-09 1.0337E-08 1.1052E-08 1.1810E-08 1.2608E-08 1.3444E-08 1.4320E-08 1.5225E-08 1.6145E-08 1.7069E-08 1.7968E-08 1.8809E-08 1.9564E-08 2.0192E-08 2.0648E-08 2.0904E-08 2.0923E-08 2.0682E-08 2.0165E-08 1.9376E-08 1.8319E-08 1.7031E-08 1.5557E-08 1.3954E-08 1.2272E-08 1.0586E-08 8.9347E-09 7.3816E-09 5.9529E-09 4.6841E-09 3.5944E-09 2.6855E-09 1.9599E-09 1.3713E-09 9.1658E-10 5.7329E-10
1.0950E-09 1.2566E-09 1.4325E-09 1.6280E-09 1.8395E-09 2.0738E-09 2.3230E-09 2.6002E-09 2.8905E-09 3.2079E-09 3.5415E-09 3.8988E-09 4.2782E-09 4.6758E-09 5.1014E-09 5.5439E-09 6.0163E-09 6.5111E-09 7.0368E-09 7.5929E-09 8.1800E-09 8.8097E-09 9.4782E-09 1.0194E-08 1.0961E-08 1.1777E-08 1.2649E-08 1.3574E-08 1.4545E-08 1.5551E-08 1.6581E-08 1.7605E-08 1.8593E-08 1.9509E-08 2.0313E-08 2.0958E-08 2.1403E-08 2.1612E-08 2.1548E-08 2.1190E-08 2.0526E-08 1.9575E-08 1.8342E-08 1.6895E-08 1.5273E-08 1.3546E-08 1.1774E-08 1.0020E-08 8.3463E-09 6.7860E-09 5.3930E-09 4.1738E-09 3.1530E-09 2.3236E-09 1.6658E-09 1.1341E-09 7.2535E-10
9.4164E-10 1.0825E-09 1.2351E-09 1.4069E-09 1.5905E-09 1.7963E-09 2.0155E-09 2.2575E-09 2.5149E-09 2.7939E-09 3.0912E-09 3.4076E-09 3.7480E-09 4.1048E-09 4.4882E-09 4.8922E-09 5.3229E-09 5.7808E-09 6.2702E-09 6.7912E-09 7.3501E-09 7.9525E-09 8.6016E-09 9.3041E-09 1.0065E-08 1.0885E-08 1.1776E-08 1.2732E-08 1.3750E-08 1.4827E-08 1.5941E-08 1.7071E-08 1.8190E-08 1.9257E-08 2.0225E-08 2.1061E-08 2.1700E-08 2.2105E-08 2.2235E-08 2.2057E-08 2.1548E-08 2.0716E-08 1.9583E-08 1.8191E-08 1.6583E-08 1.4839E-08 1.3008E-08 1.1176E-08 9.3900E-09 7.7138E-09 6.1922E-09 4.8478E-09 3.7108E-09 2.7658E-09 2.0128E-09 1.4175E-09 9.3737E-10
8.0181E-10 9.2427E-10 1.0551E-09 1.2051E-09 1.3631E-09 1.5409E-09 1.7321E-09 1.9410E-09 2.1680E-09 2.4093E-09 2.6731E-09 2.9481E-09 3.2509E-09 3.5660E-09 3.9087E-09 4.2718E-09 4.6616E-09 5.0794E-09 5.5280E-09 6.0112E-09 6.5332E-09 7.1032E-09 7.7212E-09 8.3996E-09 9.1396E-09 9.9528E-09 1.0843E-08 1.1811E-08 1.2858E-08 1.3979E-08 1.5156E-08 1.6374E-08 1.7600E-08 1.8799E-08 1.9928E-08 2.0935E-08 2.1771E-08 2.2378E-08 2.2709E-08 2.2720E-08 2.2394E-08 2.1716E-08 2.0712E-08 1.9406E-08 1.7859E-08 1.6126E-08 1.4276E-08 1.2390E-08 1.0520E-08 8.7483E-09 7.1023E-09 5.6421E-09 4.3760E-09 3.3129E-09 2.4491E-09 1.7552E-09 1.2207E-09
6.7549E-10 7.8196E-10 8.9355E-10 1.0214E-09 1.1582E-09 1.3093E-09 1.4747E-09 1.6529E-09 1.8501E-09 2.0565E-09 2.2871E-09 2.5250E-09 2.7887E-09 3.0670E-09 3.3684E-09 3.6919E-09 4.0389E-09 4.4145E-09 4.8218E-09 5.2612E-09 5.7450E-09 6.2723E-09 6.8534E-09 7.4976E-09 8.2065E-09 8.9960E-09 9.8693E-09 1.0829E-08 1.1885E-08 1.3026E-08 1.4243E-08 1.5524E-08 1.6836E-08 1.8145E-08 1.9415E-08 2.0581E-08 2.1598E-08 2.2402E-08 2.2935E-08 2.3151E-08 2.3019E-08 2.2525E-08 2.1680E-08 2.0509E-08 1.9062E-08 1.7385E-08 1.5564E-08 1.3654E-08 1.1739E-08 9.8849E-09 8.1429E-09 6.5743E-09 5.1831E-09 4.0032E-09 3.0094E-09 2.2079E-09 1.5738E-09
5.6419E-10 6.5353E-10 7.4923E-10 8.5646E-10 9.7430E-10 1.1000E-09 1.2426E-09 1.3925E-09 1.5616E-09 1.7395E-09 1.9351E-09 2.1428E-09 2.3669E-09 2.6094E-09 2.8715E-09 3.1560E-09 3.4599E-09 3.7948E-09 4.1570E-09 4.5542E-09 4.9940E-09 5.4747E-09 6.0119E-09 6.6124E-09 7.2800E-09 8.0324E-09 8.8720E-09 9.8090E-09 1.0849E-08 1.1988E-08 1.3223E-08 1.4538E-08 1.5909E-08 1.7308E-08 1.8685E-08 1.9995E-08 2.1174E-08 2.2159E-08 2.2889E-08 2.3315E-08 2.3395E-08 2.3111E-08 2.2460E-08 2.1464E-08 2.0155E-08 1.8589E-08 1.6836E-08 1.4955E-08 1.3040E-08 1.1138E-08 9.3346E-09 7.6595E-09 6.1551E-09 4.8479E-09 3.7245E-09 2.8010E-09 2.0483E-09
4.6605E-10 5.3853E-10 6.2188E-10 7.0946E-10 8.1072E-10 9.1598E-10 1.0354E-09 1.1626E-09 1.3033E-09 1.4559E-09 1.6189E-09 1.7988E-09 1.9863E-09 2.1972E-09 2.4191E-09 2.6673E-09 2.9319E-09 3.2242E-09 3.5466E-09 3.8959E-09 4.2885E-09 4.7200E-09 5.2075E-09 5.7574E-09 6.3763E-09 7.0804E-09 7.8725E-09 8.7701E-09 9.7763E-09 1.0891E-08 1.2119E-08 1.3443E-08 1.4846E-08 1.6301E-08 1.7759E-08 1.9179E-08 2.0493E-08 2.1642E-08 2.2563E-08 2.3196E-08 2.3499E-08 2.3441E-08 2.3015E-08 2.2226E-08 2.1105E-08 1.9701E-08 1.8063E-08 1.6272E-08 1.4398E-08 1.2502E-08 1.0664E-08 8.9186E-09 7.3316E-09 5.8936E-09 4.6466E-09 3.5787E-09 2.6931E-09
3.7982E-10 4.4017E-10 5.0943E-10 5.8408E-10 6.6629E-10 7.5643E-10 8.5222E-10 9.6160E-10 1.0755E-09 1.2063E-09 1.3417E-09 1.4944E-09 1.6523E-09 1.8295E-09 2.0185E-09 2.2285E-09 2.4572E-09 2.7084E-09 2.9877E-09 3.2905E-09 3.6363E-09 4.0161E-09 4.4518E-09 4.9465E-09 5.5096E-09 6.1566E-09 6.8907E-09 7.7348E-09 8.6897E-09 9.7650E-09 1.0960E-08 1.2266E-08 1.3674E-08 1.5148E-08 1.6658E-08 1.8155E-08 1.9575E-08 2.0866E-08 2.1955E-08 2.2788E-08 2.3310E-08 2.3490E-08 2.3305E-08 2.2757E-08 2.1864E-08 2.0663E-08 1.9208E-08 1.7566E-08 1.5788E-08 1.3960E-08 1.2131E-08 1.0362E-08 8.6984E-09 7.1564E-09 5.7855E-09 4.5739E-09 3.5461E-09
3.0398E-10 3.5463E-10 4.1122E-10 4.7517E-10 5.4136E-10 6.1831E-10 6.9691E-10 7.8678E-10 8.8158E-10 9.8751E-10 1.1027E-09 1.2268E-09 1.3622E-09 1.5044E-09 1.6658E-09 1.8387E-09 2.0346E-09 2.2452E-09 2.4849E-09 2.7433E-09 3.0420E-09 3.3713E-09 3.7515E-09 4.1889E-09 4.6926E-09 5.2776E-09 5.9468E-09 6.7285E-09 7.6177E-09 8.6348E-09 9.7778E-09 1.1042E-08 1.2421E-08 1.3886E-08 1.5411E-08 1.6946E-08 1.8445E-08 1.9845E-08 2.1078E-08 2.2087E-08 2.2818E-08 2.3235E-08 2.3297E-08 2.3013E-08 2.2383E-08 2.1434E-08 2.0217E-08 1.8774E-08 1.7168E-08 1.5466E-08 1.3710E-08 1.1972E-08 1.0268E-08 8.6694E-09 7.1832E-09 5.8394E-09 4.6500E-09
2.3503E-10 2.7707E-10 3.2547E-10 3.7878E-10 4.3581E-10 4.9661E-10 5.6496E-10 6.3470E-10 7.1632E-10 7.9952E-10 8.9734E-10 9.9628E-10 1.1106E-09 1.2256E-09 1.3578E-09 1.5002E-09 1.6616E-09 1.8375E-09 2.0366E-09 2.2547E-09 2.5067E-09 2.7873E-09 3.1150E-09 3.4934E-09 3.9375E-09 4.4585E-09 5.0594E-09 5.7695E-09 6.5849E-09 7.5293E-09 8.5990E-09 9.7990E-09 1.1123E-08 1.2546E-08 1.4055E-08 1.5597E-08 1.7133E-08 1.8600E-08 1.9945E-08 2.1099E-08 2.2019E-08 2.2653E-08 2.2972E-08 2.2958E-08 2.2611E-08 2.1962E-08 2.1020E-08 1.9842E-08 1.8475E-08 1.6957E-08 1.5346E-08 1.3690E-08 1.2025E-08 1.0406E-08 8.8419E-09 7.3858E-09 6.0340E-09
1.6826E-10 2.0731E-10 2.4612E-10 2.9121E-10 3.3999E-10 3.9347E-10 4.5013E-10 5.0932E-10 5.7328E-10 6.4353E-10 7.1794E-10 8.0327E-10 8.9127E-10 9.9027E-10 1.0913E-09 1.2089E-09 1.3353E-09 1.4815E-09 1.6426E-09 1.8242E-09 2.0336E-09 2.2696E-09 2.5463E-09 2.8693E-09 3.2519E-09 3.7099E-09 4.2415E-09 4.8765E-09 5.6090E-09 6.4690E-09 7.4514E-09 8.5669E-09 9.8120E-09 1.1171E-08 1.2626E-08 1.4139E-08 1.5672E-08 1.7169E-08 1.8580E-08 1.9849E-08 2.0923E-08 2.1748E-08 2.2306E-08 2.2561E-08 2.2515E-08 2.2175E-08 2.1556E-08 2.0690E-08 1.9609E-08 1.8352E-08 1.6961E-08 1.5464E-08 1.3909E-08 1.2318E-08 1.0743E-08 9.2099E-09 7.7332E-09
1.0998E-10 1.3536E-10 1.7390E-10 2.1059E-10 2.4884E-10 2.9385E-10 3.4040E-10 3.9283E-10 4.4445E-10 5.0205E-10 5.6254E-10 6.3241E-10 7.0247E-10 7.8555E-10 8.6694E-10 9.5772E-10 1.0581E-09 1.1739E-09 1.3064E-09 1.4518E-09 1.6249E-09 1.8177E-09 2.0491E-09 2.3197E-09 2.6436E-09 3.0377E-09 3.5001E-09 4.0582E-09 4.7035E-09 5.4713E-09 6.3570E-09 7.3774E-09 8.5250E-09 9.7919E-09 1.1166E-08 1.2611E-08 1.4101E-08 1.5590E-08 1.7024E-08 1.8362E-08 1.9548E-08 2.0539E-08 2.1301E-08 2.1808E-08 2.2055E-08 2.2025E-08 2.1749E-08 2.1230E-08 2.0487E-08 1.9552E-08 1.8443E-08 1.7184E-08 1.5814E-08 1.4356E-08 1.2844E-08 1.1284E-08 9.7262E-09
6.6684E-11 8.9317E-11 1.1446E-10 1.4440E-10 1.7685E-10 2.1146E-10 2.5094E-10 2.9201E-10 3.3850E-10 3.8391E-10 4.3676E-10 4.8674E-10 5.4779E-10 6.0728E-10 6.7820E-10 7.4541E-10 8.2696E-10 9.1310E-10 1.0222E-09 1.1361E-09 1.2774E-09 1.4318E-09 1.6215E-09 1.8454E-09 2.1119E-09 2.4405E-09 2.8351E-09 3.3178E-09 3.8809E-09 4.5571E-09 5.3426E-09 6.2543E-09 7.2909E-09 8.4432E-09 9.7096E-09 1.1060E-08 1.2474E-08 1.3909E-08 1.5331E-08 1.6686E-08 1.7935E-08 1.9048E-08 1.9972E-08 2.0698E-08 2.1207E-08 2.1487E-08 2.1548E-08 2.1383E-08 2.1014E-08 2.0439E-08 1.9673E-08 1.8734E-08 1.7633E-08 1.6390E-08 1.5014E-08 1.3525E-08 1.1953E-08
3.5375E-11 5.3083E-11 6.9768E-11 9.3525E-11 1.1642E-10 1.4747E-10 1.7743E-10 2.1265E-10 2.4627E-10 2.8597E-10 3.2373E-10 3.6959E-10 4.1163E-10 4.6325E-10 5.1188E-10 5.7067E-10 6.2496E-10 6.9632E-10 7.7410E-10 8.7094E-10 9.7623E-10 1.1027E-09 1.2504E-09 1.4330E-09 1.6523E-09 1.9245E-09 2.2566E-09 2.6713E-09 3.1553E-09 3.7379E-09 4.4204E-09 5.2160E-09 6.1300E-09 7.1575E-09 8.2989E-09 9.5311E-09 1.0839E-08 1.2185E-08 1.3545E-08 1.4877E-08 1.6145E-08 1.7320E-08 1.8363E-08 1.9261E-08 1.9987E-08 2.0543E-08 2.0917E-08 2.1103E-08 2.1105E-08 2.0909E-08 2.0532E-08 1.9965E-08 1.9213E-08 1.8271E-08 1.7141E-08 1.5832E-08 1.4340E-08
1.7429E-11 2.5755E-11 3.9498E-11 5.4797E-11 7.3157E-11 9.2850E-11 1.1690E-10 1.4315E-10 1.7478E-10 2.0416E-10 2.3865E-10 2.6896E-10 3.0841E-10 3.4231E-10 3.8480E-10 4.2360E-10 4.7005E-10 5.1604E-10 5.7638E-10 6.4499E-10 7.3569E-10 8.2710E-10 9.5206E-10 1.0928E-09 1.2741E-09 1.4954E-09 1.7685E-09 2.1128E-09 2.5226E-09 3.0177E-09 3.5962E-09 4.2787E-09 5.0704E-09 5.9641E-09 6.9725E-09 8.0639E-09 9.2412E-09 1.0468E-08 1.1734E-08 1.2996E-08 1.4237E-08 1.5426E-08 1.6531E-08 1.7546E-08 1.8442E-08 1.9218E-08 1.9855E-08 2.0351E-08 2.0692E-08 2.0880E-08 2.0899E-08 2.0742E-08 2.0395E-08 1.9837E-08 1.9054E-08 1.8020E-08 1.6722E-08
3.4631E-12 8.7952E-12 1.6413E-11 2.6560E-11 3.7701E-11 5.1831E-11 6.8474E-11 8.7659E-11 1.0921E-10 1.3336E-10 1.6110E-10 1.8804E-10 2.1695E-10 2.4603E-10 2.7630E-10 3.0386E-10 3.3856E-10 3.7176E-10 4.1904E-10 4.6825E-10 5.3624E-10 6.1153E-10 7.0458E-10 8.2239E-10 9.5955E-10 1.1383E-09 1.3592E-09 1.6439E-09 1.9789E-09 2.3969E-09 2.8798E-09 3.4526E-09 4.1227E-09 4.8825E-09 5.7469E-09 6.6915E-09 7.7273E-09 8.8119E-09 9.9586E-09 1.1115E-08 1.2287E-08 1.3442E-08 1.4556E-08 1.5625E-08 1.6623E-08 1.7549E-08 1.8385E-08 1.9129E-08 1.9765E-08 2.0295E-08 2.0695E-08 2.0955E-08 2.1042E-08 2.0926E-08 2.0563E-08 1.9905E-08 1.8935E-08
0.0000E+00 0.0000E+00 7.2949E-13 6.5404E-12 1.2929E-11 2.2665E-11 3.4637E-11 4.4797E-11 6.0914E-11 7.4524E-11 9.4864E-11 1.1358E-10 1.3765E-10 1.6419E-10 1.8761E-10 2.1087E-10 2.3445E-10 2.5851E-10 2.8613E-10 3.2474E-10 3.7313E-10 4.3146E-10 5.0444E-10 5.9641E-10 7.0692E-10 8.5232E-10 1.0247E-09 1.2535E-09 1.5296E-09 1.8714E-09 2.2708E-09 2.7425E-09 3.2902E-09 3.9248E-09 4.6440E-09 5.4422E-09 6.3234E-09 7.2607E-09 8.2690E-09 9.3000E-09 1.0374E-08 1.1446E-08 1.2518E-08 1.3577E-08 1.4605E-08 1.5609E-08 1.6564E-08 1.7479E-08 1.8345E-08 1.9156E-08 1.9891E-08 2.0537E-08 2.1052E-08 2.1396E-08 2.1502E-08 2.1321E-08 2.0780E-08
0.0000E+00 0.0000E+00 0.0000E+00 0.0000E+00 0.0000E+00 1.0463E-12 8.9657E-12 1.3390E-11 2.3267E-11 3.3510E-11 4.4297E-11 5.7246E-11 7.0796E-11 8.9136E-11 1.0104E-10 1.2647E-10 1.4335E-10 1.6360E-10 1.8313E-10 2.0597E-10 2.4653E-10 2.8868E-10 3.4634E-10 4.1546E-10 5.0311E-10 6.1364E-10 7.5825E-10 9.3824E-10 1.1551E-09 1.4322E-09 1.7512E-09 2.1299E-09 2.5709E-09 3.0843E-09 3.6706E-09 4.3341E-09 5.0637E-09 5.8593E-09 6.7136E-09 7.6047E-09 8.5481E-09 9.5091E-09 1.0493E-08 1.1484E-08 1.2485E-08 1.3484E-08 1.4486E-08 1.5497E-08 1.6508E-08 1.7517E-08 1.8515E-08 1.9486E-08 2.0385E-08 2.1167E-08 2.1769E-08 2.2096E-08 2.2057E-08
