Assets/Resources/2015_m01_d19_1100(utc+0800)_l00_csi_1hr_conc.grd
DSAA
         159         159
     -79.000      79.000
     -79.000      79.000
  0.0000E+00  0.9855E-06
[rows 75 to 99 of 159, columns 57 to 113 of 159]
8.1357E-11 1.5061E-10 2.6025E-10 4.5126E-10 7.1452E-10 1.1371E-09 1.7889E-09 2.8243E-09 4.5553E-09 7.3768E-09 1.2199E-08 1.9890E-08 3.2626E-08 5.1912E-08 7.9527E-08 1.1274E-07 1.3481E-07 1.1713E-07 5.2762E-08 5.0998E-09 3.0487E-10 3.1325E-10 3.2128E-10 3.2899E-10 3.3632E-10 3.4320E-10 3.4967E-10 3.5584E-10 3.6162E-10 3.6698E-10 3.7197E-10 3.7647E-10 3.8058E-10 3.8421E-10 3.8733E-10 3.8994E-10 3.9224E-10 3.9400E-10 3.9523E-10 3.9576E-10 3.9576E-10 3.9507E-10 3.9406E-10 3.9270E-10 3.9099E-10 3.8893E-10 3.8634E-10 3.8266E-10 3.7916E-10 3.7460E-10 3.7040E-10 3.6564E-10 3.5939E-10 3.5408E-10 3.4747E-10 3.4067E-10 3.3259E-10
6.4937E-11 7.4086E-11 8.4591E-11 9.5706E-11 1.2327E-10 2.1441E-10 3.7861E-10 6.7890E-10 1.2212E-09 2.1877E-09 3.8982E-09 6.9667E-09 1.2545E-08 2.2192E-08 4.0065E-08 7.0395E-08 1.1883E-07 1.7836E-07 1.8344E-07 7.0670E-08 2.1037E-09 2.7411E-10 2.8145E-10 2.8843E-10 2.9508E-10 3.0138E-10 3.0727E-10 3.1278E-10 3.1782E-10 3.2252E-10 3.2678E-10 3.3081E-10 3.3457E-10 3.3802E-10 3.4102E-10 3.4350E-10 3.4545E-10 3.4668E-10 3.4758E-10 3.4820E-10 3.4845E-10 3.4830E-10 3.4779E-10 3.4689E-10 3.4499E-10 3.4329E-10 3.4055E-10 3.3798E-10 3.3508E-10 3.3170E-10 3.2681E-10 3.2278E-10 3.1635E-10 3.1071E-10 3.0394E-10 2.9827E-10 2.9147E-10
4.6347E-11 5.4582E-11 6.5045E-11 7.3069E-11 8.4575E-11 9.3866E-11 1.0467E-10 1.1301E-10 1.8079E-10 3.7426E-10 6.9721E-10 1.5316E-09 2.7776E-09 5.0189E-09 1.0128E-08 1.9669E-08 4.2724E-08 9.7840E-08 2.3295E-07 4.0254E-07 1.5272E-07 2.3981E-10 2.4616E-10 2.5250E-10 2.5848E-10 2.6408E-10 2.6933E-10 2.7419E-10 2.7872E-10 2.8283E-10 2.8663E-10 2.9001E-10 2.9308E-10 2.9581E-10 2.9831E-10 3.0063E-10 3.0256E-10 3.0421E-10 3.0545E-10 3.0624E-10 3.0659E-10 3.0605E-10 3.0575E-10 3.0452E-10 3.0354E-10 3.0215E-10 3.0036E-10 2.9706E-10 2.9458E-10 2.9060E-10 2.8651E-10 2.8088E-10 2.7646E-10 2.7073E-10 2.6496E-10 2.5869E-10 2.5514E-10
3.2355E-11 3.7931E-11 4.6944E-11 5.6756E-11 6.4930E-11 7.4807E-11 8.4438E-11 9.2792E-11 1.0179E-10 1.1078E-10 1.3957E-10 1.9212E-10 2.5123E-10 3.2006E-10 9.1110E-10 1.6359E-09 3.2218E-09 7.9204E-09 2.8000E-08 1.6668E-07 9.8554E-07 6.6930E-07 2.1433E-10 2.1980E-10 2.2494E-10 2.2970E-10 2.3420E-10 2.3839E-10 2.4235E-10 2.4605E-10 2.4954E-10 2.5286E-10 2.5586E-10 2.5866E-10 2.6109E-10 2.6265E-10 2.6449E-10 2.6600E-10 2.6670E-10 2.6759E-10 2.6813E-10 2.6825E-10 2.6796E-10 2.6750E-10 2.6560E-10 2.6453E-10 2.6084E-10 2.5915E-10 2.5486E-10 2.5169E-10 2.4704E-10 2.4364E-10 2.3727E-10 2.3476E-10 2.2930E-10 2.2673E-10 2.2199E-10
2.1084E-11 2.5310E-11 3.3471E-11 4.3133E-11 5.1122E-11 5.8626E-11 6.9479E-11 7.6732E-11 8.5691E-11 9.4182E-11 1.0129E-10 1.0908E-10 1.1640E-10 1.2428E-10 1.3139E-10 1.3995E-10 1.4710E-10 1.5415E-10 1.6208E-10 1.7008E-10 1.8258E-10 1.3452E-09 1.8475E-10 1.8960E-10 1.9411E-10 1.9830E-10 2.0226E-10 2.0607E-10 2.0961E-10 2.1303E-10 2.1620E-10 2.1919E-10 2.2200E-10 2.2460E-10 2.2699E-10 2.2900E-10 2.3071E-10 2.3211E-10 2.3319E-10 2.3284E-10 2.3339E-10 2.3249E-10 2.3141E-10 2.3117E-10 2.2715E-10 2.2645E-10 2.2313E-10 2.2098E-10 2.1694E-10 2.1455E-10 2.1138E-10 2.0862E-10 2.0651E-10 2.0310E-10 2.0084E-10 1.9718E-10 1.9443E-10
1.1658E-11 1.4836E-11 2.1042E-11 2.9736E-11 3.6537E-11 4.3550E-11 5.3951E-11 6.1342E-11 6.9152E-11 7.8557E-11 8.5507E-11 9.2922E-11 9.8840E-11 1.0525E-10 1.1142E-10 1.1868E-10 1.2466E-10 1.3100E-10 1.3650E-10 1.4309E-10 1.4826E-10 1.5396E-10 1.5803E-10 1.6238E-10 1.6408E-10 1.6786E-10 1.6785E-10 1.7132E-10 1.7455E-10 1.7395E-10 1.7638E-10 1.7834E-10 1.8342E-10 1.8950E-10 1.9041E-10 1.9239E-10 1.9412E-10 1.9565E-10 1.9686E-10 1.9407E-10 1.9474E-10 1.9513E-10 1.9124E-10 1.9145E-10 1.9149E-10 1.8853E-10 1.8830E-10 1.8736E-10 1.8551E-10 1.8433E-10 1.8173E-10 1.8035E-10 1.7876E-10 1.7701E-10 1.7493E-10 1.7223E-10 1.6965E-10
5.7883E-12 7.9597E-12 1.2569E-11 1.9263E-11 2.3446E-11 3.0494E-11 4.0007E-11 4.6696E-11 5.4346E-11 6.4022E-11 7.0372E-11 7.7755E-11 8.4391E-11 9.1321E-11 9.4602E-11 1.0074E-10 1.0635E-10 1.0865E-10 1.1389E-10 1.1859E-10 1.2053E-10 1.2513E-10 1.2951E-10 1.3064E-10 1.3445E-10 1.3757E-10 1.3724E-10 1.4001E-10 1.4069E-10 1.4371E-10 1.4612E-10 1.4713E-10 1.4912E-10 1.4963E-10 1.5165E-10 1.5381E-10 1.5538E-10 1.5620E-10 1.5735E-10 1.5784E-10 1.5971E-10 1.6040E-10 1.6049E-10 1.6092E-10 1.6123E-10 1.6103E-10 1.6112E-10 1.6057E-10 1.5995E-10 1.5956E-10 1.5856E-10 1.5686E-10 1.5539E-10 1.5365E-10 1.5211E-10 1.4960E-10 1.4740E-10
1.2689E-12 2.9057E-12 4.8862E-12 6.1395E-12 9.6394E-12 1.1821E-11 1.6545E-11 2.1636E-11 2.6430E-11 3.5397E-11 4.1335E-11 4.6936E-11 5.6542E-11 6.2874E-11 7.1307E-11 7.5754E-11 8.0529E-11 8.5367E-11 8.7970E-11 9.0747E-11 9.4494E-11 9.8840E-11 1.0211E-10 1.0438E-10 1.0803E-10 1.1066E-10 1.1208E-10 1.1508E-10 1.1763E-10 1.2004E-10 1.2269E-10 1.2427E-10 1.2615E-10 1.2779E-10 1.2879E-10 1.3047E-10 1.3109E-10 1.3244E-10 1.3359E-10 1.3509E-10 1.3553E-10 1.3635E-10 1.3706E-10 1.3767E-10 1.3826E-10 1.3862E-10 1.3882E-10 1.3884E-10 1.3825E-10 1.3791E-10 1.3682E-10 1.3513E-10 1.3406E-10 1.3291E-10 1.3078E-10 1.2935E-10 1.2697E-10
7.6795E-13 1.1951E-12 2.3387E-12 4.1971E-12 5.7810E-12 8.1216E-12 1.0108E-11 1.2998E-11 1.8063E-11 2.3326E-11 2.7467E-11 3.4199E-11 4.0649E-11 4.6351E-11 5.2497E-11 5.9397E-11 6.2702E-11 6.7809E-11 7.1805E-11 7.4999E-11 7.9112E-11 8.2067E-11 8.5544E-11 8.9083E-11 9.1702E-11 9.4881E-11 9.6642E-11 9.9109E-11 1.0149E-10 1.0299E-10 1.0519E-10 1.0688E-10 1.0842E-10 1.0990E-10 1.1121E-10 1.1196E-10 1.1298E-10 1.1429E-10 1.1504E-10 1.1561E-10 1.1605E-10 1.1673E-10 1.1776E-10 1.1824E-10 1.1864E-10 1.1893E-10 1.1908E-10 1.1897E-10 1.1827E-10 1.1778E-10 1.1709E-10 1.1627E-10 1.1497E-10 1.1395E-10 1.1281E-10 1.1117E-10 1.0988E-10
0.0000E+00 3.6555E-13 1.1201E-12 2.1915E-12 2.9416E-12 5.1384E-12 6.9321E-12 8.8676E-12 1.1853E-11 1.4707E-11 1.9141E-11 2.4166E-11 2.8627E-11 3.4438E-11 3.9894E-11 4.4837E-11 5.0677E-11 5.5155E-11 5.8926E-11 6.3351E-11 6.6151E-11 6.9831E-11 7.2391E-11 7.5815E-11 7.8931E-11 8.0778E-11 8.3182E-11 8.5325E-11 8.7401E-11 8.8630E-11 9.0550E-11 9.2376E-11 9.3301E-11 9.4926E-11 9.6433E-11 9.6988E-11 9.8253E-11 9.8966E-11 9.9975E-11 1.0084E-10 1.0115E-10 1.0177E-10 1.0181E-10 1.0220E-10 1.0240E-10 1.0245E-10 1.0235E-10 1.0203E-10 1.0164E-10 1.0116E-10 1.0053E-10 9.9812E-11 9.9022E-11 9.8112E-11 9.6852E-11 9.5964E-11 9.4584E-11
0.0000E+00 0.0000E+00 0.0000E+00 1.0444E-12 1.6989E-12 2.7438E-12 4.4149E-12 5.4893E-12 8.2593E-12 1.0756E-11 1.2637E-11 1.5886E-11 1.9352E-11 2.3973E-11 2.8034E-11 3.3872E-11 3.8157E-11 4.2673E-11 4.6563E-11 5.1096E-11 5.5060E-11 5.7944E-11 6.0994E-11 6.3496E-11 6.6525E-11 6.8949E-11 7.1132E-11 7.3524E-11 7.4937E-11 7.6664E-11 7.8318E-11 7.9893E-11 8.0983E-11 8.2377E-11 8.3669E-11 8.4080E-11 8.5164E-11 8.5755E-11 8.6607E-11 8.7330E-11 8.7468E-11 8.7834E-11 8.8438E-11 8.8867E-11 8.8853E-11 8.8764E-11 8.8576E-11 8.8312E-11 8.7561E-11 8.7108E-11 8.6584E-11 8.6047E-11 8.5131E-11 8.4550E-11 8.3870E-11 8.2633E-11 8.1629E-11
0.0000E+00 0.0000E+00 0.0000E+00 0.0000E+00 6.4111E-13 1.0012E-12 2.5456E-12 3.4800E-12 5.0853E-12 6.7405E-12 8.6794E-12 1.1200E-11 1.3666E-11 1.6650E-11 2.0357E-11 2.3275E-11 2.7204E-11 3.2756E-11 3.6512E-11 4.0656E-11 4.4916E-11 4.8101E-11 5.0839E-11 5.3872E-11 5.6448E-11 5.9445E-11 6.1696E-11 6.3567E-11 6.5621E-11 6.6759E-11 6.8177E-11 6.9524E-11 7.0445E-11 7.1635E-11 7.2688E-11 7.3271E-11 7.4074E-11 7.4366E-11 7.4895E-11 7.5261E-11 7.5155E-11 7.5301E-11 7.4994E-11 7.4987E-11 7.4521E-11 7.4431E-11 7.4297E-11 7.4147E-11 7.3962E-11 7.3749E-11 7.3538E-11 7.3147E-11 7.2624E-11 7.1978E-11 7.1223E-11 7.0395E-11 6.9544E-11
0.0000E+00 0.0000E+00 0.0000E+00 0.0000E+00 0.0000E+00 0.0000E+00 9.2175E-13 1.5017E-12 2.6594E-12 4.2014E-12 5.3998E-12 6.9835E-12 8.8907E-12 1.1159E-11 1.3500E-11 1.6658E-11 1.8632E-11 2.2143E-11 2.5813E-11 2.9922E-11 3.4108E-11 3.8196E-11 4.0541E-11 4.3639E-11 4.5876E-11 4.7751E-11 5.0161E-11 5.1577E-11 5.3799E-11 5.5410E-11 5.6829E-11 5.8127E-11 5.8942E-11 5.9997E-11 6.0929E-11 6.1364E-11 6.2056E-11 6.2652E-11 6.2759E-11 6.3188E-11 6.3526E-11 6.3815E-11 6.4029E-11 6.4222E-11 6.4389E-11 6.4536E-11 6.4627E-11 6.4599E-11 6.4440E-11 6.4142E-11 6.3730E-11 6.3210E-11 6.2629E-11 6.1683E-11 6.1024E-11 5.9813E-11 5.8885E-11
0.0000E+00 0.0000E+00 0.0000E+00 0.0000E+00 0.0000E+00 0.0000E+00 0.0000E+00 2.8647E-13 1.0839E-12 2.2179E-12 3.0349E-12 4.4168E-12 6.1779E-12 7.6189E-12 9.4355E-12 1.1570E-11 1.3492E-11 1.6659E-11 1.8827E-11 2.1424E-11 2.3381E-11 2.6420E-11 2.9526E-11 3.3102E-11 3.6709E-11 3.9530E-11 4.1965E-11 4.3824E-11 4.5145E-11 4.6922E-11 4.8412E-11 4.9385E-11 5.0308E-11 5.1175E-11 5.1659E-11 5.2407E-11 5.2752E-11 5.3366E-11 5.3904E-11 5.4022E-11 5.4406E-11 5.4363E-11 5.4601E-11 5.4735E-11 5.4426E-11 5.4366E-11 5.3842E-11 5.3587E-11 5.3639E-11 5.3648E-11 5.3248E-11 5.2716E-11 5.2090E-11 5.1347E-11 5.0065E-11 4.8778E-11 4.7860E-11
0.0000E+00 0.0000E+00 0.0000E+00 0.0000E+00 0.0000E+00 0.0000E+00 0.0000E+00 0.0000E+00 0.0000E+00 5.4043E-13 1.0325E-12 2.2792E-12 3.8108E-12 4.8455E-12 6.2060E-12 8.3785E-12 1.0043E-11 1.2060E-11 1.3855E-11 1.6749E-11 1.8601E-11 2.0510E-11 2.2655E-11 2.4727E-11 2.6522E-11 2.8631E-11 3.0440E-11 3.3338E-11 3.6500E-11 3.8705E-11 4.1177E-11 4.2382E-11 4.3302E-11 4.4038E-11 4.4721E-11 4.4995E-11 4.5217E-11 4.5677E-11 4.5698E-11 4.5657E-11 4.5838E-11 4.4913E-11 4.4633E-11 4.3494E-11 4.3659E-11 4.3845E-11 4.3125E-11 4.2535E-11 4.1392E-11 4.1368E-11 4.0699E-11 4.0153E-11 3.9585E-11 3.9129E-11 3.8845E-11 3.8118E-11 3.7821E-11
0.0000E+00 0.0000E+00 0.0000E+00 0.0000E+00 0.0000E+00 0.0000E+00 0.0000E+00 0.0000E+00 0.0000E+00 0.0000E+00 0.0000E+00 6.8785E-13 1.4073E-12 2.0893E-12 2.8083E-12 4.4361E-12 5.6437E-12 6.9041E-12 8.6365E-12 1.0449E-11 1.2618E-11 1.4044E-11 1.5938E-11 1.8364E-11 1.9946E-11 2.2019E-11 2.3838E-11 2.4832E-11 2.6479E-11 2.6978E-11 2.8105E-11 2.9323E-11 2.9562E-11 3.0660E-11 3.1501E-11 3.1697E-11 3.2133E-11 3.2760E-11 3.2541E-11 3.2668E-11 3.2440E-11 3.1953E-11 3.2190E-11 3.1181E-11 3.0986E-11 3.0300E-11 3.0065E-11 2.9902E-11 2.9337E-11 2.9338E-11 2.8931E-11 2.9371E-11 2.9562E-11 2.9488E-11 2.9770E-11 2.9668E-11 2.9327E-11
0.0000E+00 0.0000E+00 0.0000E+00 0.0000E+00 0.0000E+00 0.0000E+00 0.0000E+00 0.0000E+00 0.0000E+00 0.0000E+00 0.0000E+00 0.0000E+00 0.0000E+00 1.7328E-13 3.5499E-13 1.0886E-12 1.6699E-12 3.0440E-12 4.3332E-12 5.8740E-12 7.0833E-12 8.4533E-12 1.0378E-11 1.2845E-11 1.3987E-11 1.5941E-11 1.7522E-11 1.8783E-11 2.0211E-11 2.1375E-11 2.1972E-11 2.3251E-11 2.3687E-11 2.4453E-11 2.4761E-11 2.5170E-11 2.5555E-11 2.5386E-11 2.5388E-11 2.5481E-11 2.5217E-11 2.5469E-11 2.4904E-11 2.5100E-11 2.4822E-11 2.4372E-11 2.4257E-11 2.4097E-11 2.3454E-11 2.3228E-11 2.2737E-11 2.2244E-11 2.1917E-11 2.1582E-11 2.1449E-11 2.1304E-11 2.1670E-11
0.0000E+00 0.0000E+00 0.0000E+00 0.0000E+00 0.0000E+00 0.0000E+00 0.0000E+00 0.0000E+00 0.0000E+00 0.0000E+00 0.0000E+00 0.0000E+00 0.0000E+00 0.0000E+00 0.0000E+00 0.0000E+00 1.6474E-13 3.3738E-13 6.9007E-13 1.4101E-12 2.5161E-12 3.4787E-12 4.4855E-12 5.9047E-12 7.5701E-12 9.1071E-12 1.1023E-11 1.2077E-11 1.3690E-11 1.4750E-11 1.5683E-11 1.6774E-11 1.7684E-11 1.8034E-11 1.8963E-11 1.9289E-11 2.0000E-11 1.9672E-11 1.9957E-11 2.0219E-11 1.9804E-11 2.0023E-11 1.9799E-11 1.9508E-11 1.9445E-11 1.9348E-11 1.9008E-11 1.8867E-11 1.8447E-11 1.8263E-11 1.7601E-11 1.7366E-11 1.7093E-11 1.6575E-11 1.5826E-11 1.5508E-11 1.4945E-11
0.0000E+00 0.0000E+00 0.0000E+00 0.0000E+00 0.0000E+00 0.0000E+00 0.0000E+00 0.0000E+00 0.0000E+00 0.0000E+00 0.0000E+00 0.0000E+00 0.0000E+00 0.0000E+00 0.0000E+00 0.0000E+00 0.0000E+00 0.0000E+00 0.0000E+00 0.0000E+00 1.5999E-13 6.5287E-13 8.3440E-13 1.5297E-12 2.4240E-12 3.5244E-12 4.6631E-12 5.4952E-12 7.4075E-12 8.8268E-12 9.7783E-12 1.0884E-11 1.2024E-11 1.2657E-11 1.3642E-11 1.4252E-11 1.4500E-11 1.5106E-11 1.5129E-11 1.4953E-11 1.5153E-11 1.5336E-11 1.4876E-11 1.5024E-11 1.4957E-11 1.4645E-11 1.4511E-11 1.4382E-11 1.3803E-11 1.3840E-11 1.3429E-11 1.2997E-11 1.2570E-11 1.2104E-11 1.1854E-11 1.1374E-11 1.0855E-11
0.0000E+00 0.0000E+00 0.0000E+00 0.0000E+00 0.0000E+00 0.0000E+00 0.0000E+00 0.0000E+00 0.0000E+00 0.0000E+00 0.0000E+00 0.0000E+00 0.0000E+00 0.0000E+00 0.0000E+00 0.0000E+00 0.0000E+00 0.0000E+00 0.0000E+00 0.0000E+00 0.0000E+00 0.0000E+00 0.0000E+00 0.0000E+00 0.0000E+00 3.0774E-13 6.2665E-13 1.4495E-12 2.1287E-12 3.3019E-12 4.2294E-12 5.3090E-12 6.6128E-12 7.2902E-12 8.4805E-12 9.3303E-12 9.6883E-12 1.0379E-11 1.0548E-11 1.0681E-11 1.0648E-11 1.0793E-11 1.0925E-11 1.0857E-11 1.0375E-11 1.0468E-11 1.0353E-11 1.0022E-11 9.8590E-12 9.5105E-12 9.1266E-12 8.9483E-12 8.7424E-12 8.1218E-12 7.9050E-12 7.4681E-12 7.0332E-12
0.0000E+00 0.0000E+00 0.0000E+00 0.0000E+00 0.0000E+00 0.0000E+00 0.0000E+00 0.0000E+00 0.0000E+00 0.0000E+00 0.0000E+00 0.0000E+00 0.0000E+00 0.0000E+00 0.0000E+00 0.0000E+00 0.0000E+00 0.0000E+00 0.0000E+00 0.0000E+00 0.0000E+00 0.0000E+00 0.0000E+00 0.0000E+00 0.0000E+00 0.0000E+00 0.0000E+00 0.0000E+00 0.0000E+00 0.0000E+00 0.0000E+00 3.0114E-13 4.6097E-13 1.4960E-12 2.1290E-12 3.2847E-12 3.6884E-12 4.9243E-12 5.1904E-12 5.7694E-12 6.3706E-12 6.2998E-12 6.3916E-12 6.2973E-12 6.3743E-12 6.2542E-12 6.1364E-12 5.9881E-12 5.6674E-12 5.7026E-12 5.0281E-12 4.8665E-12 4.6849E-12 3.9639E-12 3.9671E-12 3.5744E-12 3.0292E-12
0.0000E+00 0.0000E+00 0.0000E+00 0.0000E+00 0.0000E+00 0.0000E+00 0.0000E+00 0.0000E+00 0.0000E+00 0.0000E+00 0.0000E+00 0.0000E+00 0.0000E+00 0.0000E+00 0.0000E+00 0.0000E+00 0.0000E+00 0.0000E+00 0.0000E+00 0.0000E+00 0.0000E+00 0.0000E+00 0.0000E+00 0.0000E+00 0.0000E+00 0.0000E+00 0.0000E+00 0.0000E+00 0.0000E+00 0.0000E+00 0.0000E+00 0.0000E+00 0.0000E+00 0.0000E+00 0.0000E+00 0.0000E+00 0.0000E+00 0.0000E+00 0.0000E+00 0.0000E+00 0.0000E+00 0.0000E+00 0.0000E+00 1.7207E-13 3.4851E-13 9.7858E-13 9.9418E-13 1.0087E-12 1.0222E-12 1.0345E-12 1.0454E-12 1.0549E-12 1.0630E-12 8.8159E-13 5.4686E-13 5.4921E-13 5.5065E-13
0.0000E+00 0.0000E+00 0.0000E+00 0.0000E+00 0.0000E+00 0.0000E+00 0.0000E+00 0.0000E+00 0.0000E+00 0.0000E+00 0.0000E+00 0.0000E+00 0.0000E+00 0.0000E+00 0.0000E+00 0.0000E+00 0.0000E+00 0.0000E+00 0.0000E+00 0.0000E+00 0.0000E+00 0.0000E+00 0.0000E+00 0.0000E+00 0.0000E+00 0.0000E+00 0.0000E+00 0.0000E+00 0.0000E+00 0.0000E+00 0.0000E+00 0.0000E+00 0.0000E+00 0.0000E+00 0.0000E+00 0.0000E+00 0.0000E+00 0.0000E+00 0.0000E+00 0.0000E+00 0.0000E+00 0.0000E+00 0.0000E+00 0.0000E+00 0.0000E+00 0.0000E+00 0.0000E+00 0.0000E+00 0.0000E+00 0.0000E+00 0.0000E+00 0.0000E+00 0.0000E+00 0.0000E+00 0.0000E+00 0.0000E+00 0.0000E+00
0.0000E+00 0.0000E+00 0.0000E+00 0.0000E+00 0.0000E+00 0.0000E+00 0.0000E+00 0.0000E+00 0.0000E+00 0.0000E+00 0.0000E+00 0.0000E+00 0.0000E+00 0.0000E+00 0.0000E+00 0.0000E+00 0.0000E+00 0.0000E+00 0.0000E+00 0.0000E+00 0.0000E+00 0.0000E+00 0.0000E+00 0.0000E+00 0.0000E+00 0.0000E+00 0.0000E+00 0.0000E+00 0.0000E+00 0.0000E+00 0.0000E+00 0.0000E+00 0.0000E+00 0.0000E+00 0.0000E+00 0.0000E+00 0.0000E+00 0.0000E+00 0.0000E+00 0.0000E+00 0.0000E+00 0.0000E+00 0.0000E+00 0.0000E+00 0.0000E+00 0.0000E+00 0.0000E+00 0.0000E+00 0.0000E+00 0.0000E+00 0.0000E+00 0.0000E+00 0.0000E+00 0.0000E+00 0.0000E+00 0.0000E+00 0.0000E+00
0.0000E+00 0.0000E+00 0.0000E+00 0.0000E+00 0.0000E+00 0.0000E+00 0.0000E+00 0.0000E+00 0.0000E+00 0.0000E+00 0.0000E+00 0.0000E+00 0.0000E+00 0.0000E+00 0.0000E+00 0.0000E+00 0.0000E+00 0.0000E+00 0.0000E+00 0.0000E+00 0.0000E+00 0.0000E+00 0.0000E+00 0.0000E+00 0.0000E+00 0.0000E+00 0.0000E+00 0.0000E+00 0.0000E+00 0.0000E+00 0.0000E+00 0.0000E+00 0.0000E+00 0.0000E+00 0.0000E+00 0.0000E+00 0.0000E+00 0.0000E+00 0.0000E+00 0.0000E+00 0.0000E+00 0.0000E+00 0.0000E+00 0.0000E+00 0.0000E+00 0.0000E+00 0.0000E+00 0.0000E+00 0.0000E+00 0.0000E+00 0.0000E+00 0.0000E+00 0.0000E+00 0.0000E+00 0.0000E+00 0.0000E+00 0.0000E+00
