Assets/Resources/2015_m01_d30_0700(utc+0800)_l00_csi_1hr_conc.grd
DSAA
         159         159
     -79.000      79.000
     -79.000      79.000
  0.0000E+00  0.1609E-04
[rows 50 to 74 of 159, columns 57 to 113 of 159]
0.0000E+00 0.0000E+00 0.0000E+00 0.0000E+00 0.0000E+00 0.0000E+00 0.0000E+00 0.0000E+00 0.0000E+00 0.0000E+00 0.0000E+00 0.0000E+00 0.0000E+00 0.0000E+00 0.0000E+00 0.0000E+00 0.0000E+00 0.0000E+00 0.0000E+00 0.0000E+00 0.0000E+00 0.0000E+00 0.0000E+00 2.4530E-12 1.2806E-11 1.0792E-10 3.0977E-10 5.4688E-10 8.4535E-10 1.2222E-09 1.6692E-09 2.2548E-09 2.9929E-09 3.8932E-09 5.0221E-09 6.4350E-09 8.0956E-09 1.0054E-08 1.2381E-08 1.4852E-08 1.7511E-08 2.0246E-08 2.2991E-08 2.5648E-08 2.8131E-08 3.0335E-08 3.2210E-08 3.3730E-08 3.4873E-08 3.5591E-08 3.5897E-08 3.5810E-08 3.5373E-08 3.4640E-08 3.3636E-08 3.2394E-08 3.0992E-08
0.0000E+00 0.0000E+00 0.0000E+00 0.0000E+00 0.0000E+00 0.0000E+00 0.0000E+00 0.0000E+00 0.0000E+00 0.0000E+00 0.0000E+00 0.0000E+00 0.0000E+00 0.0000E+00 0.0000E+00 0.0000E+00 0.0000E+00 0.0000E+00 0.0000E+00 0.0000E+00 0.0000E+00 0.0000E+00 0.0000E+00 1.9587E-12 1.1480E-11 1.4146E-10 3.4476E-10 5.9310E-10 9.1740E-10 1.3054E-09 1.7922E-09 2.4382E-09 3.2542E-09 4.2849E-09 5.6033E-09 7.2165E-09 9.1428E-09 1.1433E-08 1.4054E-08 1.6872E-08 1.9874E-08 2.2945E-08 2.5957E-08 2.8794E-08 3.1364E-08 3.3570E-08 3.5370E-08 3.6729E-08 3.7661E-08 3.8141E-08 3.8198E-08 3.7834E-08 3.7106E-08 3.6069E-08 3.4778E-08 3.3306E-08 3.1669E-08
0.0000E+00 0.0000E+00 0.0000E+00 0.0000E+00 0.0000E+00 0.0000E+00 0.0000E+00 0.0000E+00 0.0000E+00 0.0000E+00 0.0000E+00 0.0000E+00 0.0000E+00 0.0000E+00 0.0000E+00 0.0000E+00 0.0000E+00 0.0000E+00 0.0000E+00 0.0000E+00 0.0000E+00 0.0000E+00 0.0000E+00 1.4844E-12 1.8075E-11 1.4628E-10 3.5177E-10 6.1468E-10 9.7785E-10 1.3879E-09 1.9394E-09 2.6559E-09 3.5624E-09 4.7808E-09 6.3331E-09 8.2185E-09 1.0497E-08 1.3234E-08 1.6225E-08 1.9486E-08 2.2894E-08 2.6330E-08 2.9635E-08 3.2662E-08 3.5268E-08 3.7403E-08 3.9017E-08 4.0159E-08 4.0779E-08 4.0924E-08 4.0602E-08 3.9868E-08 3.8791E-08 3.7421E-08 3.5812E-08 3.4036E-08 3.2168E-08
0.0000E+00 0.0000E+00 0.0000E+00 0.0000E+00 0.0000E+00 0.0000E+00 0.0000E+00 0.0000E+00 0.0000E+00 0.0000E+00 0.0000E+00 0.0000E+00 0.0000E+00 0.0000E+00 0.0000E+00 0.0000E+00 0.0000E+00 0.0000E+00 0.0000E+00 0.0000E+00 0.0000E+00 0.0000E+00 0.0000E+00 9.4892E-13 2.6885E-11 1.4293E-10 3.4871E-10 6.2127E-10 1.0168E-09 1.4918E-09 2.0952E-09 2.9125E-09 4.0443E-09 5.5019E-09 7.3482E-09 9.6211E-09 1.2357E-08 1.5610E-08 1.9172E-08 2.3000E-08 2.6942E-08 3.0802E-08 3.4381E-08 3.7526E-08 4.0117E-08 4.2070E-08 4.3373E-08 4.4076E-08 4.4236E-08 4.3927E-08 4.3157E-08 4.1962E-08 4.0440E-08 3.8660E-08 3.6705E-08 3.4610E-08 3.2464E-08
0.0000E+00 0.0000E+00 0.0000E+00 0.0000E+00 0.0000E+00 0.0000E+00 0.0000E+00 0.0000E+00 0.0000E+00 0.0000E+00 0.0000E+00 0.0000E+00 0.0000E+00 0.0000E+00 0.0000E+00 0.0000E+00 0.0000E+00 0.0000E+00 0.0000E+00 0.0000E+00 0.0000E+00 0.0000E+00 0.0000E+00 5.3377E-13 3.1593E-11 1.4039E-10 3.4968E-10 6.4611E-10 1.0679E-09 1.6181E-09 2.3324E-09 3.2960E-09 4.6267E-09 6.4808E-09 8.7502E-09 1.1546E-08 1.4954E-08 1.8859E-08 2.3161E-08 2.7687E-08 3.2242E-08 3.6577E-08 4.0449E-08 4.3638E-08 4.6056E-08 4.7667E-08 4.8520E-08 4.8622E-08 4.8166E-08 4.7181E-08 4.5805E-08 4.4073E-08 4.2032E-08 3.9780E-08 3.7412E-08 3.5008E-08 3.2565E-08
0.0000E+00 0.0000E+00 0.0000E+00 0.0000E+00 0.0000E+00 0.0000E+00 0.0000E+00 0.0000E+00 0.0000E+00 0.0000E+00 0.0000E+00 0.0000E+00 0.0000E+00 0.0000E+00 0.0000E+00 0.0000E+00 0.0000E+00 0.0000E+00 0.0000E+00 0.0000E+00 0.0000E+00 0.0000E+00 0.0000E+00 4.5730E-13 3.3170E-11 1.5385E-10 3.6237E-10 6.9707E-10 1.1443E-09 1.7585E-09 2.6215E-09 3.8683E-09 5.5445E-09 7.8540E-09 1.0740E-08 1.4242E-08 1.8550E-08 2.3369E-08 2.8621E-08 3.4037E-08 3.9303E-08 4.4104E-08 4.8169E-08 5.1286E-08 5.3346E-08 5.4390E-08 5.4496E-08 5.3831E-08 5.2512E-08 5.0728E-08 4.8570E-08 4.6133E-08 4.3506E-08 4.0764E-08 3.7939E-08 3.5173E-08 3.2466E-08
0.0000E+00 0.0000E+00 0.0000E+00 0.0000E+00 0.0000E+00 0.0000E+00 0.0000E+00 0.0000E+00 0.0000E+00 0.0000E+00 0.0000E+00 0.0000E+00 0.0000E+00 0.0000E+00 0.0000E+00 0.0000E+00 0.0000E+00 0.0000E+00 0.0000E+00 0.0000E+00 0.0000E+00 0.0000E+00 0.0000E+00 1.0670E-12 3.2437E-11 1.4219E-10 3.4533E-10 7.1915E-10 1.2372E-09 2.0080E-09 3.0701E-09 4.6067E-09 6.8422E-09 9.7939E-09 1.3517E-08 1.8059E-08 2.3479E-08 2.9506E-08 3.5915E-08 4.2359E-08 4.8393E-08 5.3631E-08 5.7767E-08 6.0597E-08 6.2044E-08 6.2277E-08 6.1401E-08 5.9666E-08 5.7264E-08 5.4444E-08 5.1353E-08 4.8138E-08 4.4812E-08 4.1512E-08 3.8242E-08 3.5084E-08 3.2115E-08
0.0000E+00 0.0000E+00 0.0000E+00 0.0000E+00 0.0000E+00 0.0000E+00 0.0000E+00 0.0000E+00 0.0000E+00 0.0000E+00 0.0000E+00 0.0000E+00 0.0000E+00 0.0000E+00 0.0000E+00 0.0000E+00 0.0000E+00 0.0000E+00 0.0000E+00 0.0000E+00 0.0000E+00 0.0000E+00 0.0000E+00 1.5847E-12 3.0553E-11 1.2991E-10 3.2336E-10 7.6458E-10 1.3837E-09 2.3242E-09 3.7134E-09 5.7109E-09 8.6982E-09 1.2584E-08 1.7420E-08 2.3399E-08 3.0268E-08 3.7801E-08 4.5605E-08 5.3185E-08 5.9947E-08 6.5437E-08 6.9409E-08 7.1596E-08 7.2152E-08 7.1170E-08 6.9026E-08 6.5966E-08 6.2281E-08 5.8207E-08 5.4074E-08 4.9936E-08 4.5889E-08 4.1975E-08 3.8263E-08 3.4751E-08 3.1508E-08
0.0000E+00 0.0000E+00 0.0000E+00 0.0000E+00 0.0000E+00 0.0000E+00 0.0000E+00 0.0000E+00 0.0000E+00 0.0000E+00 0.0000E+00 0.0000E+00 0.0000E+00 0.0000E+00 0.0000E+00 0.0000E+00 0.0000E+00 0.0000E+00 0.0000E+00 0.0000E+00 0.0000E+00 0.0000E+00 0.0000E+00 1.8507E-12 2.7358E-11 1.1413E-10 3.4016E-10 8.1776E-10 1.5781E-09 2.8000E-09 4.6291E-09 7.3030E-09 1.1299E-08 1.6413E-08 2.2830E-08 3.0615E-08 3.9372E-08 4.8718E-08 5.8102E-08 6.6793E-08 7.4095E-08 7.9579E-08 8.2959E-08 8.4186E-08 8.3381E-08 8.0859E-08 7.7089E-08 7.2438E-08 6.7267E-08 6.1881E-08 5.6514E-08 5.1399E-08 4.6603E-08 4.2104E-08 3.7943E-08 3.4121E-08 3.0632E-08
0.0000E+00 0.0000E+00 0.0000E+00 0.0000E+00 0.0000E+00 0.0000E+00 0.0000E+00 0.0000E+00 0.0000E+00 0.0000E+00 0.0000E+00 0.0000E+00 0.0000E+00 0.0000E+00 0.0000E+00 0.0000E+00 0.0000E+00 0.0000E+00 0.0000E+00 0.0000E+00 0.0000E+00 0.0000E+00 0.0000E+00 1.8521E-12 3.0585E-11 1.1922E-10 3.4707E-10 9.1710E-10 1.9394E-09 3.4877E-09 5.9248E-09 9.5814E-09 1.4968E-08 2.1788E-08 3.0282E-08 4.0330E-08 5.1356E-08 6.2759E-08 7.3714E-08 8.3323E-08 9.0874E-08 9.5859E-08 9.8109E-08 9.7869E-08 9.5213E-08 9.0843E-08 8.5117E-08 7.8673E-08 7.1829E-08 6.5025E-08 5.8469E-08 5.2374E-08 4.6812E-08 4.1796E-08 3.7214E-08 3.3140E-08 2.9470E-08
0.0000E+00 0.0000E+00 0.0000E+00 0.0000E+00 0.0000E+00 0.0000E+00 0.0000E+00 0.0000E+00 0.0000E+00 0.0000E+00 0.0000E+00 0.0000E+00 0.0000E+00 0.0000E+00 0.0000E+00 0.0000E+00 0.0000E+00 0.0000E+00 0.0000E+00 0.0000E+00 0.0000E+00 0.0000E+00 0.0000E+00 1.6266E-12 2.6277E-11 1.0570E-10 4.0459E-10 1.0543E-09 2.4014E-09 4.4337E-09 7.7244E-09 1.2887E-08 1.9998E-08 2.9119E-08 4.0316E-08 5.3076E-08 6.6713E-08 8.0224E-08 9.2595E-08 1.0269E-07 1.0987E-07 1.1360E-07 1.1424E-07 1.1177E-07 1.0698E-07 1.0029E-07 9.2464E-08 8.4053E-08 7.5559E-08 6.7313E-08 5.9683E-08 5.2649E-08 4.6414E-08 4.0923E-08 3.6042E-08 3.1790E-08 2.8031E-08
0.0000E+00 0.0000E+00 0.0000E+00 0.0000E+00 0.0000E+00 0.0000E+00 0.0000E+00 0.0000E+00 0.0000E+00 0.0000E+00 0.0000E+00 0.0000E+00 0.0000E+00 0.0000E+00 0.0000E+00 0.0000E+00 0.0000E+00 0.0000E+00 0.0000E+00 0.0000E+00 0.0000E+00 0.0000E+00 0.0000E+00 1.2203E-12 2.1389E-11 9.1148E-11 4.9138E-10 1.2867E-09 3.0447E-09 5.8421E-09 1.0232E-08 1.7298E-08 2.6739E-08 3.8786E-08 5.3162E-08 6.9147E-08 8.5551E-08 1.0105E-07 1.1424E-07 1.2421E-07 1.3010E-07 1.3197E-07 1.3002E-07 1.2500E-07 1.1753E-07 1.0838E-07 9.8363E-08 8.8005E-08 7.7958E-08 6.8455E-08 5.9805E-08 5.2082E-08 4.5287E-08 3.9481E-08 3.4408E-08 3.0065E-08 2.6283E-08
0.0000E+00 0.0000E+00 0.0000E+00 0.0000E+00 0.0000E+00 0.0000E+00 0.0000E+00 0.0000E+00 0.0000E+00 0.0000E+00 0.0000E+00 0.0000E+00 0.0000E+00 0.0000E+00 0.0000E+00 0.0000E+00 0.0000E+00 0.0000E+00 0.0000E+00 0.0000E+00 0.0000E+00 0.0000E+00 0.0000E+00 6.8433E-13 1.6053E-11 8.0569E-11 6.1640E-10 1.6875E-09 3.8175E-09 7.6008E-09 1.3617E-08 2.2985E-08 3.5471E-08 5.1159E-08 6.9400E-08 8.8868E-08 1.0791E-07 1.2477E-07 1.3802E-07 1.4665E-07 1.5035E-07 1.4938E-07 1.4425E-07 1.3615E-07 1.2572E-07 1.1420E-07 1.0198E-07 8.9981E-08 7.8532E-08 6.8053E-08 5.8680E-08 5.0526E-08 4.3402E-08 3.7440E-08 3.2298E-08 2.7977E-08 2.4281E-08
0.0000E+00 0.0000E+00 0.0000E+00 0.0000E+00 0.0000E+00 0.0000E+00 0.0000E+00 0.0000E+00 0.0000E+00 0.0000E+00 0.0000E+00 0.0000E+00 0.0000E+00 0.0000E+00 0.0000E+00 0.0000E+00 0.0000E+00 0.0000E+00 0.0000E+00 0.0000E+00 0.0000E+00 0.0000E+00 0.0000E+00 7.1877E-14 1.0924E-11 1.1661E-10 7.4307E-10 2.1518E-09 4.8389E-09 9.8960E-09 1.8046E-08 3.0166E-08 4.6431E-08 6.6432E-08 8.8941E-08 1.1194E-07 1.3312E-07 1.5033E-07 1.6237E-07 1.6842E-07 1.6889E-07 1.6394E-07 1.5537E-07 1.4368E-07 1.3059E-07 1.1661E-07 1.0273E-07 8.9363E-08 7.7026E-08 6.5965E-08 5.6258E-08 4.7907E-08 4.0781E-08 3.4798E-08 2.9794E-08 2.5596E-08 2.2070E-08
0.0000E+00 0.0000E+00 0.0000E+00 0.0000E+00 0.0000E+00 0.0000E+00 0.0000E+00 0.0000E+00 0.0000E+00 0.0000E+00 0.0000E+00 0.0000E+00 0.0000E+00 0.0000E+00 0.0000E+00 0.0000E+00 0.0000E+00 0.0000E+00 0.0000E+00 0.0000E+00 0.0000E+00 0.0000E+00 0.0000E+00 0.0000E+00 6.2169E-12 1.6748E-10 8.4650E-10 2.6335E-09 6.1709E-09 1.2524E-08 2.3255E-08 3.8791E-08 5.9489E-08 8.4395E-08 1.1132E-07 1.3732E-07 1.5955E-07 1.7602E-07 1.8517E-07 1.8731E-07 1.8295E-07 1.7399E-07 1.6135E-07 1.4665E-07 1.3092E-07 1.1518E-07 1.0011E-07 8.6039E-08 7.3366E-08 6.2164E-08 5.2512E-08 4.4314E-08 3.7428E-08 3.1685E-08 2.6945E-08 2.2999E-08 1.9720E-08
0.0000E+00 0.0000E+00 0.0000E+00 0.0000E+00 0.0000E+00 0.0000E+00 0.0000E+00 0.0000E+00 0.0000E+00 0.0000E+00 0.0000E+00 0.0000E+00 0.0000E+00 0.0000E+00 0.0000E+00 0.0000E+00 0.0000E+00 0.0000E+00 0.0000E+00 0.0000E+00 0.0000E+00 0.0000E+00 0.0000E+00 0.0000E+00 3.1657E-12 2.1092E-10 9.6258E-10 3.1393E-09 7.5936E-09 1.5593E-08 2.9132E-08 4.8624E-08 7.4202E-08 1.0406E-07 1.3495E-07 1.6314E-07 1.8522E-07 1.9884E-07 2.0359E-07 2.0023E-07 1.9088E-07 1.7736E-07 1.6110E-07 1.4387E-07 1.2631E-07 1.0968E-07 9.4050E-08 8.0044E-08 6.7569E-08 5.6798E-08 4.7599E-08 3.9899E-08 3.3493E-08 2.8218E-08 2.3857E-08 2.0274E-08 1.7310E-08
0.0000E+00 0.0000E+00 0.0000E+00 0.0000E+00 0.0000E+00 0.0000E+00 0.0000E+00 0.0000E+00 0.0000E+00 0.0000E+00 0.0000E+00 0.0000E+00 0.0000E+00 0.0000E+00 0.0000E+00 0.0000E+00 0.0000E+00 0.0000E+00 0.0000E+00 0.0000E+00 0.0000E+00 0.0000E+00 0.0000E+00 0.0000E+00 3.6023E-12 2.1163E-10 1.1578E-09 3.5319E-09 8.9831E-09 1.8901E-08 3.5324E-08 5.9217E-08 8.9806E-08 1.2432E-07 1.5851E-07 1.8732E-07 2.0707E-07 2.1596E-07 2.1472E-07 2.0502E-07 1.9031E-07 1.7248E-07 1.5395E-07 1.3485E-07 1.1691E-07 1.0006E-07 8.5013E-08 7.1642E-08 6.0059E-08 5.0154E-08 4.1842E-08 3.4894E-08 2.9222E-08 2.4518E-08 2.0681E-08 1.7515E-08 1.4925E-08
0.0000E+00 0.0000E+00 0.0000E+00 0.0000E+00 0.0000E+00 0.0000E+00 0.0000E+00 0.0000E+00 0.0000E+00 0.0000E+00 0.0000E+00 0.0000E+00 0.0000E+00 0.0000E+00 0.0000E+00 0.0000E+00 0.0000E+00 0.0000E+00 0.0000E+00 0.0000E+00 0.0000E+00 0.0000E+00 0.0000E+00 0.0000E+00 1.0890E-11 1.9487E-10 1.1999E-09 3.9043E-09 1.0120E-08 2.1966E-08 4.1361E-08 6.9729E-08 1.0522E-07 1.4413E-07 1.8024E-07 2.0775E-07 2.2282E-07 2.2501E-07 2.1587E-07 1.9987E-07 1.7987E-07 1.5945E-07 1.3933E-07 1.2049E-07 1.0309E-07 8.7420E-08 7.3600E-08 6.1622E-08 5.1410E-08 4.2775E-08 3.5589E-08 2.9659E-08 2.4800E-08 2.0788E-08 1.7509E-08 1.4826E-08 1.2625E-08
0.0000E+00 0.0000E+00 0.0000E+00 0.0000E+00 0.0000E+00 0.0000E+00 0.0000E+00 0.0000E+00 0.0000E+00 0.0000E+00 0.0000E+00 0.0000E+00 0.0000E+00 0.0000E+00 0.0000E+00 0.0000E+00 0.0000E+00 0.0000E+00 0.0000E+00 0.0000E+00 0.0000E+00 0.0000E+00 0.0000E+00 0.0000E+00 1.3748E-11 1.7216E-10 1.0654E-09 4.0184E-09 1.0785E-08 2.4426E-08 4.7096E-08 8.0034E-08 1.2058E-07 1.6339E-07 2.0019E-07 2.2435E-07 2.3191E-07 2.2412E-07 2.0625E-07 1.8354E-07 1.6039E-07 1.3869E-07 1.1919E-07 1.0196E-07 8.6402E-08 7.2887E-08 6.0976E-08 5.0882E-08 4.2296E-08 3.5186E-08 2.9327E-08 2.4461E-08 2.0464E-08 1.7183E-08 1.4490E-08 1.2301E-08 1.0478E-08
0.0000E+00 0.0000E+00 0.0000E+00 0.0000E+00 0.0000E+00 0.0000E+00 0.0000E+00 0.0000E+00 0.0000E+00 0.0000E+00 0.0000E+00 0.0000E+00 0.0000E+00 0.0000E+00 0.0000E+00 0.0000E+00 0.0000E+00 0.0000E+00 0.0000E+00 0.0000E+00 0.0000E+00 0.0000E+00 0.0000E+00 0.0000E+00 1.1351E-11 1.3573E-10 7.9714E-10 3.6957E-09 1.0943E-08 2.6369E-08 5.3209E-08 9.3376E-08 1.4098E-07 1.8844E-07 2.2451E-07 2.4069E-07 2.3502E-07 2.1370E-07 1.8579E-07 1.5790E-07 1.3357E-07 1.1291E-07 9.5847E-08 8.1185E-08 6.8679E-08 5.7702E-08 4.8247E-08 4.0216E-08 3.3564E-08 2.7982E-08 2.3386E-08 1.9559E-08 1.6435E-08 1.3836E-08 1.1719E-08 9.9775E-09 8.5531E-09
0.0000E+00 0.0000E+00 0.0000E+00 0.0000E+00 0.0000E+00 0.0000E+00 0.0000E+00 0.0000E+00 0.0000E+00 0.0000E+00 0.0000E+00 0.0000E+00 0.0000E+00 0.0000E+00 0.0000E+00 0.0000E+00 0.0000E+00 0.0000E+00 0.0000E+00 0.0000E+00 0.0000E+00 0.0000E+00 0.0000E+00 0.0000E+00 5.6960E-12 8.9715E-11 5.1130E-10 3.0845E-09 1.0766E-08 3.7593E-08 8.2782E-08 1.3645E-07 1.9161E-07 2.3910E-07 2.6490E-07 2.6182E-07 2.3359E-07 1.9488E-07 1.5693E-07 1.2593E-07 1.0249E-07 8.5312E-08 7.1810E-08 6.0881E-08 5.1449E-08 4.3382E-08 3.6493E-08 3.0618E-08 2.5629E-08 2.1494E-08 1.8038E-08 1.5171E-08 1.2799E-08 1.0874E-08 9.2820E-09 7.9311E-09 6.8424E-09
0.0000E+00 0.0000E+00 0.0000E+00 0.0000E+00 0.0000E+00 0.0000E+00 0.0000E+00 0.0000E+00 0.0000E+00 0.0000E+00 0.0000E+00 0.0000E+00 0.0000E+00 0.0000E+00 0.0000E+00 0.0000E+00 0.0000E+00 0.0000E+00 0.0000E+00 0.0000E+00 0.0000E+00 0.0000E+00 0.0000E+00 0.0000E+00 0.0000E+00 4.5983E-11 4.1781E-10 2.2174E-09 2.4995E-08 1.2881E-07 2.1888E-07 2.5956E-07 3.0080E-07 3.3045E-07 3.2601E-07 2.8504E-07 2.2535E-07 1.6727E-07 1.2183E-07 9.1256E-08 7.1964E-08 5.9323E-08 5.0064E-08 4.2689E-08 3.6576E-08 3.1213E-08 2.6439E-08 2.2344E-08 1.8848E-08 1.5904E-08 1.3444E-08 1.1429E-08 9.7511E-09 8.3397E-09 7.1583E-09 6.1802E-09 5.3552E-09
0.0000E+00 0.0000E+00 0.0000E+00 0.0000E+00 0.0000E+00 0.0000E+00 0.0000E+00 0.0000E+00 0.0000E+00 0.0000E+00 0.0000E+00 0.0000E+00 0.0000E+00 0.0000E+00 0.0000E+00 0.0000E+00 0.0000E+00 0.0000E+00 0.0000E+00 0.0000E+00 0.0000E+00 0.0000E+00 0.0000E+00 0.0000E+00 0.0000E+00 1.6141E-11 2.4058E-10 1.3406E-08 2.0526E-07 3.9946E-07 3.8291E-07 4.0845E-07 4.3486E-07 4.3186E-07 3.7796E-07 2.8813E-07 1.9854E-07 1.2956E-07 8.4605E-08 5.9131E-08 4.5565E-08 3.7837E-08 3.2733E-08 2.8461E-08 2.4756E-08 2.1323E-08 1.8265E-08 1.5598E-08 1.3299E-08 1.1385E-08 9.7325E-09 8.3744E-09 7.2103E-09 6.2339E-09 5.4085E-09 4.7124E-09 4.1362E-09
0.0000E+00 0.0000E+00 0.0000E+00 0.0000E+00 0.0000E+00 0.0000E+00 0.0000E+00 0.0000E+00 0.0000E+00 0.0000E+00 0.0000E+00 0.0000E+00 0.0000E+00 0.0000E+00 0.0000E+00 0.0000E+00 0.0000E+00 0.0000E+00 0.0000E+00 0.0000E+00 0.0000E+00 0.0000E+00 0.0000E+00 0.0000E+00 0.0000E+00 6.4808E-13 2.6908E-10 2.7860E-07 6.2422E-07 4.4384E-07 4.4467E-07 4.9721E-07 5.2533E-07 4.8090E-07 3.6858E-07 2.4428E-07 1.4695E-07 8.4038E-08 4.9474E-08 3.3426E-08 2.6395E-08 2.2698E-08 2.0205E-08 1.7965E-08 1.5855E-08 1.3846E-08 1.2055E-08 1.0473E-08 9.0531E-09 7.8720E-09 6.8328E-09 5.9540E-09 5.2004E-09 4.5296E-09 3.9561E-09 3.5134E-09 3.1080E-09
0.0000E+00 0.0000E+00 0.0000E+00 0.0000E+00 0.0000E+00 0.0000E+00 0.0000E+00 0.0000E+00 0.0000E+00 0.0000E+00 0.0000E+00 0.0000E+00 0.0000E+00 0.0000E+00 0.0000E+00 0.0000E+00 0.0000E+00 0.0000E+00 0.0000E+00 0.0000E+00 0.0000E+00 0.0000E+00 0.0000E+00 0.0000E+00 0.0000E+00 0.0000E+00 3.0392E-07 1.0100E-06 4.7525E-07 4.0829E-07 4.7660E-07 5.5857E-07 5.5489E-07 4.3746E-07 2.8090E-07 1.5735E-07 8.0710E-08 4.1048E-08 2.3568E-08 1.6750E-08 1.4177E-08 1.2884E-08 1.1816E-08 1.0750E-08 9.6735E-09 8.6111E-09 7.6158E-09 6.7028E-09 5.9324E-09 5.2237E-09 4.6103E-09 4.0103E-09 3.5553E-09 3.1351E-09 2.8394E-09 2.5315E-09 2.3041E-09
