Assets/Resources/2015_m01_d22_1000(utc+0800)_l00_csi_1hr_conc.grd
DSAA
         159         159
     -79.000      79.000
     -79.000      79.000
  0.0000E+00  0.6767E-06
[rows 75 to 99 of 159, columns 57 to 113 of 159]
0.0000E+00 1.5951E-12 3.5999E-12 9.4190E-12 5.2929E-11 1.2283E-10 2.0857E-10 3.7835E-10 6.1379E-10 9.1574E-10 1.2470E-09 1.7605E-09 2.3425E-09 3.0579E-09 3.9572E-09 5.0930E-09 6.5159E-09 8.3401E-09 1.0947E-08 2.6251E-08 1.0231E-07 2.3032E-07 1.9531E-07 1.6150E-07 1.6663E-07 1.5015E-07 1.2270E-07 1.1165E-07 1.0948E-07 1.0702E-07 1.0394E-07 9.9689E-08 9.3459E-08 8.5459E-08 7.6639E-08 6.7844E-08 5.9606E-08 5.2332E-08 4.6210E-08 4.1203E-08 3.7121E-08 3.3676E-08 3.1025E-08 2.8764E-08 2.6693E-08 2.4912E-08 2.3481E-08 2.2214E-08 2.1042E-08 1.9942E-08 1.8992E-08 1.8194E-08 1.7451E-08 1.6745E-08 1.6080E-08 1.5433E-08 1.4821E-08
0.0000E+00 5.2124E-13 2.2398E-12 6.9374E-12 1.6818E-11 7.1066E-11 1.7778E-10 3.3831E-10 5.6084E-10 8.5109E-10 1.1658E-09 1.6702E-09 2.2333E-09 2.9251E-09 3.8031E-09 4.9052E-09 6.2891E-09 8.0405E-09 1.0229E-08 1.3357E-08 5.6075E-08 2.7250E-07 2.2329E-07 1.6023E-07 1.7193E-07 1.6547E-07 1.2968E-07 1.1509E-07 1.1263E-07 1.0975E-07 1.0672E-07 1.0248E-07 9.6141E-08 8.7756E-08 7.8387E-08 6.9020E-08 6.0286E-08 5.2539E-08 4.6020E-08 4.0759E-08 3.6537E-08 3.3135E-08 3.0372E-08 2.8107E-08 2.6080E-08 2.4368E-08 2.2959E-08 2.1728E-08 2.0572E-08 1.9482E-08 1.8617E-08 1.7830E-08 1.7106E-08 1.6420E-08 1.5769E-08 1.5143E-08 1.4552E-08
0.0000E+00 0.0000E+00 5.8623E-13 5.5318E-12 1.2910E-11 6.1383E-11 1.5472E-10 3.0218E-10 5.0395E-10 7.7184E-10 1.0700E-09 1.5564E-09 2.0907E-09 2.7379E-09 3.5737E-09 4.6385E-09 5.9761E-09 7.6506E-09 9.7375E-09 1.2309E-08 1.6023E-08 2.2982E-07 2.8426E-07 1.5952E-07 1.6735E-07 1.5897E-07 1.2048E-07 1.0957E-07 1.0936E-07 1.0762E-07 1.0556E-07 1.0189E-07 9.5921E-08 8.7669E-08 7.8175E-08 6.8613E-08 5.9693E-08 5.1771E-08 4.5094E-08 3.9728E-08 3.5475E-08 3.2094E-08 2.9415E-08 2.7187E-08 2.5245E-08 2.3622E-08 2.2273E-08 2.1096E-08 1.9939E-08 1.8965E-08 1.8129E-08 1.7363E-08 1.6664E-08 1.6004E-08 1.5371E-08 1.4770E-08 1.4206E-08
0.0000E+00 0.0000E+00 5.6065E-13 2.1548E-12 1.1772E-11 3.3619E-11 1.2254E-10 2.5098E-10 4.3305E-10 6.8597E-10 9.6618E-10 1.4215E-09 1.9195E-09 2.5296E-09 3.3158E-09 4.3075E-09 5.5718E-09 7.1604E-09 9.1295E-09 1.1550E-08 1.4560E-08 3.1294E-08 6.7667E-07 1.9949E-07 1.0907E-07 7.4024E-08 8.4886E-08 9.4113E-08 9.8624E-08 1.0020E-07 1.0006E-07 9.7610E-08 9.2493E-08 8.4847E-08 7.5728E-08 6.6437E-08 5.7708E-08 4.9948E-08 4.3404E-08 3.8114E-08 3.3966E-08 3.0713E-08 2.8156E-08 2.6030E-08 2.4206E-08 2.2537E-08 2.1440E-08 2.0248E-08 1.9222E-08 1.8333E-08 1.7538E-08 1.6799E-08 1.6134E-08 1.5505E-08 1.4896E-08 1.4328E-08 1.3795E-08
0.0000E+00 0.0000E+00 5.3464E-13 1.1853E-12 6.6111E-12 2.7189E-11 6.1912E-11 2.0966E-10 3.7729E-10 6.0329E-10 8.5780E-10 1.2736E-09 1.7329E-09 2.2940E-09 3.0073E-09 3.9392E-09 5.1102E-09 6.5753E-09 8.3893E-09 1.0648E-08 1.3436E-08 1.6866E-08 2.1184E-08 2.6908E-08 3.4618E-08 4.6581E-08 6.3277E-08 7.6554E-08 8.4382E-08 8.9027E-08 9.0779E-08 8.9833E-08 8.5943E-08 7.9300E-08 7.1060E-08 6.2496E-08 5.4357E-08 4.7115E-08 4.0974E-08 3.5968E-08 3.2046E-08 2.9026E-08 2.6653E-08 2.4664E-08 2.3007E-08 2.1647E-08 2.0480E-08 1.9347E-08 1.8403E-08 1.7605E-08 1.6857E-08 1.6157E-08 1.5528E-08 1.4936E-08 1.4352E-08 1.3824E-08 1.3322E-08
0.0000E+00 0.0000E+00 0.0000E+00 9.8571E-13 3.8939E-12 1.7539E-11 4.5143E-11 9.9018E-11 3.1529E-10 5.1162E-10 7.4716E-10 1.1193E-09 1.5331E-09 2.0431E-09 2.6922E-09 3.5229E-09 4.5802E-09 5.9330E-09 7.5977E-09 9.6313E-09 1.2139E-08 1.5245E-08 1.9030E-08 2.3808E-08 3.0092E-08 3.8411E-08 5.0026E-08 6.1392E-08 7.0238E-08 7.6305E-08 7.9304E-08 7.9555E-08 7.6904E-08 7.1509E-08 6.4513E-08 5.7053E-08 4.9856E-08 4.3401E-08 3.7895E-08 3.3377E-08 2.9803E-08 2.7096E-08 2.4946E-08 2.3128E-08 2.1686E-08 2.0484E-08 1.9414E-08 1.8263E-08 1.7530E-08 1.6793E-08 1.6100E-08 1.5448E-08 1.4859E-08 1.4305E-08 1.3756E-08 1.3268E-08 1.2795E-08
0.0000E+00 0.0000E+00 0.0000E+00 5.6344E-13 1.9375E-12 9.9683E-12 3.4644E-11 7.7287E-11 1.5108E-10 3.8860E-10 6.2952E-10 9.6136E-10 1.3318E-09 1.7862E-09 2.3637E-09 3.0957E-09 4.0383E-09 5.2201E-09 6.7114E-09 8.5535E-09 1.0777E-08 1.3474E-08 1.6772E-08 2.0857E-08 2.5892E-08 3.2374E-08 4.0630E-08 4.9605E-08 5.7579E-08 6.3510E-08 6.6942E-08 6.7963E-08 6.6381E-08 6.2286E-08 5.6708E-08 5.0567E-08 4.4533E-08 3.9047E-08 3.4331E-08 3.0444E-08 2.7344E-08 2.4965E-08 2.3072E-08 2.1488E-08 2.0271E-08 1.9149E-08 1.8221E-08 1.7294E-08 1.6586E-08 1.5913E-08 1.5279E-08 1.4683E-08 1.4135E-08 1.3618E-08 1.3117E-08 1.2669E-08 1.2217E-08
0.0000E+00 0.0000E+00 0.0000E+00 5.3263E-13 1.1860E-12 6.5900E-12 2.2803E-11 5.6942E-11 1.2224E-10 2.2094E-10 5.1448E-10 7.9909E-10 1.1286E-09 1.5318E-09 2.0358E-09 2.6765E-09 3.4827E-09 4.5198E-09 5.8116E-09 7.4230E-09 9.3891E-09 1.1721E-08 1.4495E-08 1.7901E-08 2.2079E-08 2.7045E-08 3.3267E-08 4.0085E-08 4.6545E-08 5.1661E-08 5.4927E-08 5.6245E-08 5.5437E-08 5.2565E-08 4.8371E-08 4.3598E-08 3.8815E-08 3.4361E-08 3.0506E-08 2.7314E-08 2.4775E-08 2.2739E-08 2.1109E-08 1.9811E-08 1.8739E-08 1.7902E-08 1.7002E-08 1.6218E-08 1.5583E-08 1.4981E-08 1.4410E-08 1.3871E-08 1.3371E-08 1.2886E-08 1.2444E-08 1.2033E-08 1.1607E-08
0.0000E+00 0.0000E+00 0.0000E+00 0.0000E+00 8.1667E-13 4.1354E-12 1.7449E-11 4.1764E-11 9.0874E-11 1.7916E-10 3.0519E-10 6.3663E-10 9.3668E-10 1.2890E-09 1.7171E-09 2.2690E-09 2.9608E-09 3.8230E-09 4.9283E-09 6.2996E-09 7.9940E-09 9.9822E-09 1.2348E-08 1.5094E-08 1.8420E-08 2.2415E-08 2.7119E-08 3.2200E-08 3.7137E-08 4.1235E-08 4.4031E-08 4.5343E-08 4.5037E-08 4.3168E-08 4.0194E-08 3.6683E-08 3.3063E-08 2.9654E-08 2.6659E-08 2.4153E-08 2.2122E-08 2.0477E-08 1.9148E-08 1.8140E-08 1.7289E-08 1.6497E-08 1.5686E-08 1.5080E-08 1.4544E-08 1.4012E-08 1.3507E-08 1.3027E-08 1.2572E-08 1.2129E-08 1.1743E-08 1.1362E-08 1.0979E-08
0.0000E+00 0.0000E+00 0.0000E+00 0.0000E+00 5.5002E-13 1.2279E-12 9.5697E-12 2.8648E-11 6.9040E-11 1.3156E-10 2.4575E-10 3.9353E-10 7.1866E-10 1.0663E-09 1.4243E-09 1.8822E-09 2.4714E-09 3.1993E-09 4.0971E-09 5.2381E-09 6.6398E-09 8.3454E-09 1.0319E-08 1.2578E-08 1.5153E-08 1.8175E-08 2.1758E-08 2.5596E-08 2.9282E-08 3.2427E-08 3.4657E-08 3.5809E-08 3.5801E-08 3.4681E-08 3.2709E-08 3.0261E-08 2.7665E-08 2.5185E-08 2.2972E-08 2.1100E-08 1.9539E-08 1.8266E-08 1.7253E-08 1.6434E-08 1.5769E-08 1.5115E-08 1.4465E-08 1.3963E-08 1.3483E-08 1.3024E-08 1.2583E-08 1.2163E-08 1.1748E-08 1.1363E-08 1.1020E-08 1.0667E-08 1.0339E-08
0.0000E+00 0.0000E+00 0.0000E+00 0.0000E+00 1.0127E-13 1.1521E-12 6.3143E-12 1.9615E-11 4.5857E-11 9.7740E-11 1.8156E-10 3.1306E-10 4.7085E-10 8.2476E-10 1.1413E-09 1.5448E-09 2.0250E-09 2.6356E-09 3.3794E-09 4.2803E-09 5.4164E-09 6.7972E-09 8.4366E-09 1.0286E-08 1.2346E-08 1.4648E-08 1.7229E-08 2.0116E-08 2.2847E-08 2.5189E-08 2.6908E-08 2.7861E-08 2.8021E-08 2.7428E-08 2.6210E-08 2.4598E-08 2.2841E-08 2.1127E-08 1.9579E-08 1.8244E-08 1.7119E-08 1.6180E-08 1.5451E-08 1.4839E-08 1.4270E-08 1.3745E-08 1.3247E-08 1.2824E-08 1.2365E-08 1.2030E-08 1.1654E-08 1.1287E-08 1.0916E-08 1.0592E-08 1.0284E-08 9.9696E-09 9.6852E-09
0.0000E+00 0.0000E+00 0.0000E+00 0.0000E+00 0.0000E+00 5.5977E-13 1.8022E-12 1.4252E-11 3.3176E-11 6.9971E-11 1.3282E-10 2.3685E-10 3.9000E-10 5.5846E-10 8.8075E-10 1.2543E-09 1.6437E-09 2.1333E-09 2.7488E-09 3.4851E-09 4.3576E-09 5.4414E-09 6.7283E-09 8.2315E-09 9.8778E-09 1.1650E-08 1.3569E-08 1.5688E-08 1.7675E-08 1.9398E-08 2.0700E-08 2.1480E-08 2.1736E-08 2.1488E-08 2.0792E-08 1.9803E-08 1.8693E-08 1.7591E-08 1.6573E-08 1.5668E-08 1.4882E-08 1.4239E-08 1.3663E-08 1.3243E-08 1.2821E-08 1.2378E-08 1.2048E-08 1.1704E-08 1.1370E-08 1.1046E-08 1.0727E-08 1.0409E-08 1.0095E-08 9.8173E-09 9.5416E-09 9.2766E-09 9.0241E-09
0.0000E+00 0.0000E+00 0.0000E+00 0.0000E+00 0.0000E+00 2.1954E-13 1.1685E-12 6.8791E-12 2.3113E-11 4.9535E-11 9.6376E-11 1.7317E-10 3.0138E-10 4.5641E-10 6.3707E-10 9.1620E-10 1.2948E-09 1.7136E-09 2.1978E-09 2.7985E-09 3.5033E-09 4.3196E-09 5.3079E-09 6.4452E-09 7.7319E-09 9.1105E-09 1.0549E-08 1.2033E-08 1.3535E-08 1.4823E-08 1.5807E-08 1.6461E-08 1.6777E-08 1.6753E-08 1.6422E-08 1.5884E-08 1.5245E-08 1.4585E-08 1.3952E-08 1.3371E-08 1.2870E-08 1.2436E-08 1.2062E-08 1.1731E-08 1.1441E-08 1.1134E-08 1.0886E-08 1.0613E-08 1.0346E-08 1.0081E-08 9.7445E-09 9.5435E-09 9.2896E-09 9.0472E-09 8.8108E-09 8.5881E-09 8.3635E-09
0.0000E+00 0.0000E+00 0.0000E+00 0.0000E+00 0.0000E+00 0.0000E+00 5.6147E-13 1.9876E-12 1.5310E-11 3.5000E-11 6.5701E-11 1.2683E-10 2.1658E-10 3.5347E-10 5.2035E-10 6.9823E-10 9.3464E-10 1.3411E-09 1.7481E-09 2.2147E-09 2.7851E-09 3.4339E-09 4.1747E-09 5.0356E-09 5.9917E-09 7.0389E-09 8.1301E-09 9.2071E-09 1.0288E-08 1.1264E-08 1.2023E-08 1.2580E-08 1.2926E-08 1.3048E-08 1.2958E-08 1.2724E-08 1.2396E-08 1.2043E-08 1.1686E-08 1.1364E-08 1.1064E-08 1.0788E-08 1.0538E-08 1.0324E-08 1.0101E-08 9.9497E-09 9.7710E-09 9.5672E-09 9.3354E-09 9.1440E-09 8.9250E-09 8.7058E-09 8.5004E-09 8.2935E-09 8.0971E-09 7.9083E-09 7.7146E-09
0.0000E+00 0.0000E+00 0.0000E+00 0.0000E+00 0.0000E+00 0.0000E+00 1.7417E-13 1.1678E-12 6.8465E-12 2.4649E-11 5.0068E-11 8.4210E-11 1.5291E-10 2.5705E-10 4.0190E-10 5.7381E-10 7.4055E-10 9.7235E-10 1.3371E-09 1.7499E-09 2.1878E-09 2.7124E-09 3.2934E-09 3.9468E-09 4.6701E-09 5.4454E-09 6.2550E-09 7.0658E-09 7.8427E-09 8.6020E-09 9.1994E-09 9.6574E-09 1.0010E-08 1.0215E-08 1.0271E-08 1.0221E-08 1.0095E-08 9.9435E-09 9.7713E-09 9.6312E-09 9.4673E-09 9.3060E-09 9.1575E-09 9.0318E-09 8.9207E-09 8.8308E-09 8.7150E-09 8.5700E-09 8.4108E-09 8.2438E-09 8.0699E-09 7.9006E-09 7.7359E-09 7.5644E-09 7.4056E-09 7.2453E-09 7.0859E-09
0.0000E+00 0.0000E+00 0.0000E+00 0.0000E+00 0.0000E+00 0.0000E+00 0.0000E+00 5.5654E-13 1.7955E-12 1.4404E-11 3.5815E-11 6.6108E-11 1.0565E-10 1.8061E-10 2.8572E-10 4.4189E-10 6.1116E-10 7.7057E-10 9.5917E-10 1.3122E-09 1.7019E-09 2.1000E-09 2.5965E-09 3.1058E-09 3.6603E-09 4.2450E-09 4.8440E-09 5.4429E-09 6.0207E-09 6.5467E-09 7.0301E-09 7.4239E-09 7.7521E-09 7.9846E-09 8.1422E-09 8.2222E-09 8.2164E-09 8.2072E-09 8.1623E-09 8.1292E-09 8.0619E-09 7.9902E-09 7.9208E-09 7.8551E-09 7.8277E-09 7.7891E-09 7.7221E-09 7.6288E-09 7.5135E-09 7.3879E-09 7.2186E-09 7.1333E-09 6.9995E-09 6.8677E-09 6.7395E-09 6.6072E-09 6.4774E-09
0.0000E+00 0.0000E+00 0.0000E+00 0.0000E+00 0.0000E+00 0.0000E+00 0.0000E+00 3.5113E-14 1.1377E-12 4.9915E-12 2.3001E-11 4.9275E-11 8.1417E-11 1.2367E-10 2.0177E-10 3.0817E-10 4.6443E-10 6.3257E-10 7.8551E-10 9.6471E-10 1.2676E-09 1.6268E-09 1.9775E-09 2.4070E-09 2.8362E-09 3.3170E-09 3.7842E-09 4.2485E-09 4.6986E-09 5.1217E-09 5.5067E-09 5.8449E-09 6.1320E-09 6.3446E-09 6.5290E-09 6.6636E-09 6.7323E-09 6.7925E-09 6.8117E-09 6.8466E-09 6.8451E-09 6.8344E-09 6.8177E-09 6.8279E-09 6.8320E-09 6.8225E-09 6.7979E-09 6.7456E-09 6.6696E-09 6.5832E-09 6.4968E-09 6.4007E-09 6.3036E-09 6.2063E-09 6.1017E-09 5.9969E-09 5.8913E-09
0.0000E+00 0.0000E+00 0.0000E+00 0.0000E+00 0.0000E+00 0.0000E+00 0.0000E+00 0.0000E+00 4.2246E-13 1.6205E-12 1.1103E-11 3.3388E-11 6.3869E-11 9.6751E-11 1.3685E-10 2.1553E-10 3.2279E-10 4.7268E-10 6.3811E-10 7.8515E-10 9.5296E-10 1.2284E-09 1.5198E-09 1.8207E-09 2.1878E-09 2.5405E-09 2.9332E-09 3.3008E-09 3.6600E-09 4.0046E-09 4.3266E-09 4.6198E-09 4.8809E-09 5.0842E-09 5.2761E-09 5.4316E-09 5.5308E-09 5.6292E-09 5.6824E-09 5.7571E-09 5.7951E-09 5.8233E-09 5.8746E-09 5.9049E-09 5.9259E-09 5.9404E-09 5.9413E-09 5.9244E-09 5.8860E-09 5.8345E-09 5.7794E-09 5.7082E-09 5.6516E-09 5.5761E-09 5.4979E-09 5.4186E-09 5.3323E-09
0.0000E+00 0.0000E+00 0.0000E+00 0.0000E+00 0.0000E+00 0.0000E+00 0.0000E+00 0.0000E+00 0.0000E+00 8.7501E-13 2.5472E-12 1.8638E-11 4.5038E-11 7.7845E-11 1.1122E-10 1.4854E-10 2.2391E-10 3.2577E-10 4.6416E-10 6.2481E-10 7.6937E-10 9.2454E-10 1.1414E-09 1.3969E-09 1.6464E-09 1.9559E-09 2.2443E-09 2.5355E-09 2.8506E-09 3.1316E-09 3.4004E-09 3.6529E-09 3.8612E-09 4.0744E-09 4.2627E-09 4.4261E-09 4.5403E-09 4.6608E-09 4.7349E-09 4.8280E-09 4.8831E-09 4.9622E-09 5.0234E-09 5.0725E-09 5.1056E-09 5.1352E-09 5.1568E-09 5.1629E-09 5.1641E-09 5.1474E-09 5.1117E-09 5.0817E-09 5.0375E-09 4.9870E-09 4.9341E-09 4.8731E-09 4.8041E-09
0.0000E+00 0.0000E+00 0.0000E+00 0.0000E+00 0.0000E+00 0.0000E+00 0.0000E+00 0.0000E+00 0.0000E+00 1.3266E-13 1.3550E-12 5.6323E-12 2.7772E-11 5.7282E-11 9.0282E-11 1.2224E-10 1.5905E-10 2.2557E-10 3.1864E-10 4.4091E-10 5.9123E-10 7.3436E-10 8.8082E-10 1.0427E-09 1.2628E-09 1.4669E-09 1.7247E-09 1.9604E-09 2.1961E-09 2.4261E-09 2.6507E-09 2.8673E-09 3.0747E-09 3.2693E-09 3.4479E-09 3.6095E-09 3.7265E-09 3.8555E-09 3.9337E-09 4.0345E-09 4.1233E-09 4.2058E-09 4.2748E-09 4.3312E-09 4.3756E-09 4.4141E-09 4.4450E-09 4.4745E-09 4.5024E-09 4.5155E-09 4.5097E-09 4.4924E-09 4.4713E-09 4.4013E-09 4.4071E-09 4.3614E-09 4.3114E-09
0.0000E+00 0.0000E+00 0.0000E+00 0.0000E+00 0.0000E+00 0.0000E+00 0.0000E+00 0.0000E+00 0.0000E+00 0.0000E+00 3.9986E-13 1.8157E-12 1.0811E-11 3.6796E-11 6.8905E-11 1.0076E-10 1.3134E-10 1.6896E-10 2.2554E-10 3.0558E-10 4.0822E-10 5.4012E-10 6.7737E-10 8.1640E-10 9.6450E-10 1.1262E-09 1.2957E-09 1.5104E-09 1.7034E-09 1.9003E-09 2.0879E-09 2.2734E-09 2.4544E-09 2.6280E-09 2.7913E-09 2.9108E-09 3.0508E-09 3.1774E-09 3.2849E-09 3.3807E-09 3.4679E-09 3.5482E-09 3.6185E-09 3.6806E-09 3.7312E-09 3.7742E-09 3.8221E-09 3.8642E-09 3.9097E-09 3.9426E-09 3.9550E-09 3.9582E-09 3.9532E-09 3.9396E-09 3.9179E-09 3.8883E-09 3.8543E-09
0.0000E+00 0.0000E+00 0.0000E+00 0.0000E+00 0.0000E+00 0.0000E+00 0.0000E+00 0.0000E+00 0.0000E+00 0.0000E+00 0.0000E+00 8.3556E-13 2.6024E-12 1.7287E-11 4.6053E-11 8.0178E-11 1.0821E-10 1.3809E-10 1.7598E-10 2.2447E-10 2.9063E-10 3.7521E-10 4.8282E-10 6.0314E-10 7.3085E-10 8.6502E-10 1.0108E-09 1.1540E-09 1.3066E-09 1.4683E-09 1.6352E-09 1.7968E-09 1.9534E-09 2.1061E-09 2.2518E-09 2.3890E-09 2.5145E-09 2.6272E-09 2.7290E-09 2.8171E-09 2.8991E-09 2.9800E-09 3.0488E-09 3.1108E-09 3.1717E-09 3.2270E-09 3.2783E-09 3.3314E-09 3.3828E-09 3.4306E-09 3.4591E-09 3.4738E-09 3.4793E-09 3.4764E-09 3.4701E-09 3.4549E-09 3.4306E-09
0.0000E+00 0.0000E+00 0.0000E+00 0.0000E+00 0.0000E+00 0.0000E+00 0.0000E+00 0.0000E+00 0.0000E+00 0.0000E+00 0.0000E+00 8.0125E-15 1.2447E-12 3.8994E-12 2.3580E-11 5.4839E-11 8.8286E-11 1.1403E-10 1.4331E-10 1.8034E-10 2.2345E-10 2.7837E-10 3.4560E-10 4.2993E-10 5.2948E-10 6.4218E-10 7.5874E-10 8.8487E-10 1.0096E-09 1.1359E-09 1.2778E-09 1.4205E-09 1.5639E-09 1.6959E-09 1.8239E-09 1.9459E-09 2.0594E-09 2.1626E-09 2.2550E-09 2.3369E-09 2.4160E-09 2.4943E-09 2.5675E-09 2.6379E-09 2.6978E-09 2.7581E-09 2.8133E-09 2.8658E-09 2.9219E-09 2.9786E-09 3.0126E-09 3.0334E-09 3.0504E-09 3.0111E-09 3.0632E-09 3.0572E-09 3.0403E-09
0.0000E+00 0.0000E+00 0.0000E+00 0.0000E+00 0.0000E+00 0.0000E+00 0.0000E+00 0.0000E+00 0.0000E+00 0.0000E+00 0.0000E+00 0.0000E+00 1.3864E-13 1.6693E-12 5.8474E-12 2.9777E-11 6.3716E-11 9.3199E-11 1.1770E-10 1.4675E-10 1.8203E-10 2.2247E-10 2.6913E-10 3.2341E-10 3.8597E-10 4.6370E-10 5.5566E-10 6.5934E-10 7.7533E-10 8.7689E-10 9.8519E-10 1.1049E-09 1.2312E-09 1.3518E-09 1.4691E-09 1.5763E-09 1.6769E-09 1.7699E-09 1.8565E-09 1.9435E-09 2.0238E-09 2.1017E-09 2.1753E-09 2.2459E-09 2.3102E-09 2.3674E-09 2.4233E-09 2.4764E-09 2.5220E-09 2.5724E-09 2.6138E-09 2.6450E-09 2.6683E-09 2.6837E-09 2.6919E-09 2.6930E-09 2.6845E-09
0.0000E+00 0.0000E+00 0.0000E+00 0.0000E+00 0.0000E+00 0.0000E+00 0.0000E+00 0.0000E+00 0.0000E+00 0.0000E+00 0.0000E+00 0.0000E+00 0.0000E+00 2.9856E-13 2.0832E-12 7.9077E-12 3.5461E-11 7.0658E-11 9.6409E-11 1.1970E-10 1.4793E-10 1.8118E-10 2.1910E-10 2.6101E-10 3.0761E-10 3.5943E-10 4.1539E-10 4.8756E-10 5.7048E-10 6.6907E-10 7.6220E-10 8.5527E-10 9.5727E-10 1.0650E-09 1.1689E-09 1.2714E-09 1.3636E-09 1.4538E-09 1.5379E-09 1.6208E-09 1.7001E-09 1.7738E-09 1.8445E-09 1.9117E-09 1.9750E-09 2.0334E-09 2.0856E-09 2.1330E-09 2.1757E-09 2.2225E-09 2.2649E-09 2.2976E-09 2.3237E-09 2.3425E-09 2.3556E-09 2.3520E-09 2.3624E-09
