Assets/Resources/2015_m01_d20_0900(utc+0800)_l00_csi_1hr_conc.grd
DSAA
         159         159
     -79.000      79.000
     -79.000      79.000
  0.2523E-10  0.1663E-05
[rows 50 to 74 of 159, columns 57 to 113 of 159]
2.9386E-09 2.9948E-09 3.0518E-09 3.1088E-09 3.1654E-09 3.2226E-09 3.2796E-09 3.3363E-09 3.3933E-09 3.4504E-09 3.5074E-09 3.5645E-09 3.6215E-09 3.6781E-09 3.7354E-09 3.7926E-09 3.8497E-09 3.9063E-09 3.9634E-09 4.0203E-09 4.0766E-09 4.1333E-09 4.1899E-09 4.2463E-09 4.3015E-09 4.3564E-09 4.4116E-09 4.4672E-09 4.5218E-09 4.5767E-09 4.6301E-09 4.6830E-09 4.7353E-09 4.7880E-09 4.8401E-09 4.8926E-09 4.9435E-09 4.9937E-09 5.0434E-09 5.0940E-09 5.1439E-09 5.1918E-09 5.2385E-09 5.2842E-09 5.3299E-09 5.3724E-09 5.4137E-09 5.4536E-09 5.4956E-09 5.5427E-09 5.5833E-09 5.6237E-09 5.6636E-09 5.7063E-09 5.7497E-09 5.7916E-09 5.8334E-09
2.9281E-09 2.9844E-09 3.0414E-09 3.0982E-09 3.1552E-09 3.2122E-09 3.2694E-09 3.3266E-09 3.3840E-09 3.4413E-09 3.4987E-09 3.5561E-09 3.6135E-09 3.6708E-09 3.7286E-09 3.7864E-09 3.8436E-09 3.9014E-09 3.9592E-09 4.0168E-09 4.0740E-09 4.1317E-09 4.1893E-09 4.2462E-09 4.3024E-09 4.3584E-09 4.4154E-09 4.4722E-09 4.5281E-09 4.5837E-09 4.6384E-09 4.6925E-09 4.7462E-09 4.8012E-09 4.8549E-09 4.9088E-09 4.9612E-09 5.0125E-09 5.0650E-09 5.1170E-09 5.1689E-09 5.2183E-09 5.2667E-09 5.3143E-09 5.3608E-09 5.4051E-09 5.4482E-09 5.4922E-09 5.5371E-09 5.5835E-09 5.6297E-09 5.6752E-09 5.7224E-09 5.7702E-09 5.8164E-09 5.8631E-09 5.9065E-09
2.9164E-09 2.9730E-09 3.0300E-09 3.0866E-09 3.1440E-09 3.2012E-09 3.2582E-09 3.3159E-09 3.3735E-09 3.4308E-09 3.4888E-09 3.5466E-09 3.6041E-09 3.6623E-09 3.7206E-09 3.7789E-09 3.8368E-09 3.8953E-09 3.9538E-09 4.0118E-09 4.0703E-09 4.1289E-09 4.1874E-09 4.2449E-09 4.3021E-09 4.3597E-09 4.4178E-09 4.4752E-09 4.5329E-09 4.5891E-09 4.6450E-09 4.7004E-09 4.7563E-09 4.8127E-09 4.8677E-09 4.9222E-09 4.9762E-09 5.0299E-09 5.0847E-09 5.1385E-09 5.1903E-09 5.2424E-09 5.2926E-09 5.3419E-09 5.3892E-09 5.4353E-09 5.4827E-09 5.5291E-09 5.5764E-09 5.6250E-09 5.6759E-09 5.7277E-09 5.7810E-09 5.8317E-09 5.8842E-09 5.9340E-09 5.9838E-09
2.9038E-09 2.9606E-09 3.0176E-09 3.0740E-09 3.1318E-09 3.1891E-09 3.2462E-09 3.3042E-09 3.3619E-09 3.4195E-09 3.4775E-09 3.5359E-09 3.5935E-09 3.6527E-09 3.7115E-09 3.7699E-09 3.8290E-09 3.8881E-09 3.9473E-09 4.0062E-09 4.0656E-09 4.1250E-09 4.1839E-09 4.2422E-09 4.3004E-09 4.3597E-09 4.4188E-09 4.4772E-09 4.5355E-09 4.5929E-09 4.6499E-09 4.7065E-09 4.7646E-09 4.8214E-09 4.8787E-09 4.9346E-09 4.9894E-09 5.0459E-09 5.1016E-09 5.1571E-09 5.2106E-09 5.2642E-09 5.3161E-09 5.3661E-09 5.4150E-09 5.4639E-09 5.5150E-09 5.5636E-09 5.6124E-09 5.6656E-09 5.7241E-09 5.7801E-09 5.8370E-09 5.8956E-09 5.9530E-09 6.0116E-09 6.0693E-09
2.8902E-09 2.9474E-09 3.0041E-09 3.0608E-09 3.1186E-09 3.1757E-09 3.2333E-09 3.2914E-09 3.3491E-09 3.4072E-09 3.4655E-09 3.5240E-09 3.5824E-09 3.6421E-09 3.7014E-09 3.7599E-09 3.8201E-09 3.8799E-09 3.9393E-09 3.9994E-09 4.0596E-09 4.1199E-09 4.1791E-09 4.2383E-09 4.2979E-09 4.3582E-09 4.4178E-09 4.4778E-09 4.5366E-09 4.5950E-09 4.6531E-09 4.7118E-09 4.7711E-09 4.8291E-09 4.8876E-09 4.9439E-09 5.0012E-09 5.0596E-09 5.1167E-09 5.1734E-09 5.2283E-09 5.2826E-09 5.3360E-09 5.3876E-09 5.4391E-09 5.4918E-09 5.5437E-09 5.5948E-09 5.6463E-09 5.7057E-09 5.7711E-09 5.8325E-09 5.8973E-09 5.9623E-09 6.0291E-09 6.0941E-09 6.1583E-09
2.8765E-09 2.9332E-09 2.9897E-09 3.0470E-09 3.1045E-09 3.1614E-09 3.2194E-09 3.2777E-09 3.3352E-09 3.3940E-09 3.4526E-09 3.5111E-09 3.5705E-09 3.6306E-09 3.6900E-09 3.7495E-09 3.8102E-09 3.8707E-09 3.9302E-09 3.9916E-09 4.0525E-09 4.1130E-09 4.1730E-09 4.2330E-09 4.2941E-09 4.3553E-09 4.4158E-09 4.4763E-09 4.5360E-09 4.5954E-09 4.6545E-09 4.7152E-09 4.7756E-09 4.8348E-09 4.8937E-09 4.9514E-09 5.0114E-09 5.0703E-09 5.1291E-09 5.1871E-09 5.2435E-09 5.2993E-09 5.3533E-09 5.4075E-09 5.4611E-09 5.5170E-09 5.5698E-09 5.6228E-09 5.6804E-09 5.7453E-09 5.8186E-09 5.8889E-09 5.9624E-09 6.0378E-09 6.1118E-09 6.1855E-09 6.2590E-09
2.8616E-09 2.9183E-09 2.9744E-09 3.0320E-09 3.0893E-09 3.1462E-09 3.2048E-09 3.2629E-09 3.3206E-09 3.3800E-09 3.4389E-09 3.4974E-09 3.5577E-09 3.6182E-09 3.6775E-09 3.7381E-09 3.7994E-09 3.8599E-09 3.9206E-09 3.9826E-09 4.0442E-09 4.1049E-09 4.1656E-09 4.2263E-09 4.2883E-09 4.3503E-09 4.4123E-09 4.4730E-09 4.5336E-09 4.5940E-09 4.6549E-09 4.7167E-09 4.7773E-09 4.8384E-09 4.8975E-09 4.9574E-09 5.0190E-09 5.0791E-09 5.1390E-09 5.1974E-09 5.2562E-09 5.3123E-09 5.3683E-09 5.4250E-09 5.4818E-09 5.5385E-09 5.5932E-09 5.6531E-09 5.7155E-09 5.7895E-09 5.8714E-09 5.9555E-09 6.0378E-09 6.1198E-09 6.2028E-09 6.2843E-09 6.3683E-09
2.8459E-09 2.9023E-09 2.9583E-09 3.0163E-09 3.0734E-09 3.1307E-09 3.1894E-09 3.2474E-09 3.3057E-09 3.3652E-09 3.4241E-09 3.4834E-09 3.5441E-09 3.6045E-09 3.6642E-09 3.7257E-09 3.7875E-09 3.8481E-09 3.9099E-09 3.9724E-09 4.0342E-09 4.0955E-09 4.1569E-09 4.2189E-09 4.2816E-09 4.3444E-09 4.4066E-09 4.4682E-09 4.5295E-09 4.5907E-09 4.6535E-09 4.7161E-09 4.7777E-09 4.8390E-09 4.8992E-09 4.9616E-09 5.0236E-09 5.0853E-09 5.1464E-09 5.2060E-09 5.2651E-09 5.3239E-09 5.3816E-09 5.4399E-09 5.4988E-09 5.5572E-09 5.6150E-09 5.6819E-09 5.7611E-09 5.8481E-09 5.9402E-09 6.0303E-09 6.1188E-09 6.2089E-09 6.2988E-09 6.3913E-09 6.4832E-09
2.8296E-09 2.8856E-09 2.9420E-09 3.0000E-09 3.0568E-09 3.1146E-09 3.1733E-09 3.2311E-09 3.2902E-09 3.3497E-09 3.4085E-09 3.4686E-09 3.5295E-09 3.5899E-09 3.6504E-09 3.7124E-09 3.7741E-09 3.8351E-09 3.8980E-09 3.9606E-09 4.0229E-09 4.0848E-09 4.1467E-09 4.2100E-09 4.2734E-09 4.3369E-09 4.3993E-09 4.4615E-09 4.5236E-09 4.5855E-09 4.6491E-09 4.7126E-09 4.7759E-09 4.8372E-09 4.8990E-09 4.9633E-09 5.0262E-09 5.0888E-09 5.1511E-09 5.2120E-09 5.2714E-09 5.3328E-09 5.3924E-09 5.4522E-09 5.5130E-09 5.5730E-09 5.6436E-09 5.7223E-09 5.8173E-09 5.9165E-09 6.0132E-09 6.1089E-09 6.2058E-09 6.3033E-09 6.4036E-09 6.5040E-09 6.6050E-09
2.8127E-09 2.8684E-09 2.9254E-09 2.9827E-09 3.0396E-09 3.0977E-09 3.1562E-09 3.2142E-09 3.2738E-09 3.3331E-09 3.3921E-09 3.4530E-09 3.5142E-09 3.5743E-09 3.6357E-09 3.6981E-09 3.7597E-09 3.8217E-09 3.8850E-09 3.9481E-09 4.0104E-09 4.0728E-09 4.1352E-09 4.1997E-09 4.2637E-09 4.3272E-09 4.3902E-09 4.4530E-09 4.5157E-09 4.5792E-09 4.6435E-09 4.7078E-09 4.7710E-09 4.8331E-09 4.8971E-09 4.9620E-09 5.0262E-09 5.0899E-09 5.1532E-09 5.2142E-09 5.2755E-09 5.3390E-09 5.3989E-09 5.4619E-09 5.5261E-09 5.5957E-09 5.6825E-09 5.7791E-09 5.8813E-09 5.9879E-09 6.0898E-09 6.1932E-09 6.2987E-09 6.4065E-09 6.5146E-09 6.6239E-09 6.7329E-09
2.7950E-09 2.8506E-09 2.9078E-09 2.9649E-09 3.0217E-09 3.0802E-09 3.1385E-09 3.1965E-09 3.2566E-09 3.3157E-09 3.3748E-09 3.4365E-09 3.4975E-09 3.5578E-09 3.6201E-09 3.6828E-09 3.7442E-09 3.8071E-09 3.8709E-09 3.9339E-09 3.9965E-09 4.0593E-09 4.1229E-09 4.1878E-09 4.2523E-09 4.3157E-09 4.3792E-09 4.4425E-09 4.5058E-09 4.5708E-09 4.6358E-09 4.7008E-09 4.7639E-09 4.8270E-09 4.8932E-09 4.9588E-09 5.0236E-09 5.0883E-09 5.1517E-09 5.2140E-09 5.2775E-09 5.3413E-09 5.4046E-09 5.4717E-09 5.5464E-09 5.6326E-09 5.7311E-09 5.8416E-09 5.9540E-09 6.0639E-09 6.1740E-09 6.2858E-09 6.4001E-09 6.5154E-09 6.6323E-09 6.7493E-09 6.8683E-09
2.7768E-09 2.8323E-09 2.8897E-09 2.9465E-09 3.0033E-09 3.0624E-09 3.1201E-09 3.1785E-09 3.2386E-09 3.2976E-09 3.3574E-09 3.4192E-09 3.4799E-09 3.5404E-09 3.6035E-09 3.6660E-09 3.7277E-09 3.7914E-09 3.8555E-09 3.9183E-09 3.9813E-09 4.0444E-09 4.1089E-09 4.1742E-09 4.2386E-09 4.3024E-09 4.3663E-09 4.4301E-09 4.4938E-09 4.5604E-09 4.6260E-09 4.6908E-09 4.7544E-09 4.8191E-09 4.8865E-09 4.9528E-09 5.0186E-09 5.0841E-09 5.1475E-09 5.2117E-09 5.2769E-09 5.3407E-09 5.4105E-09 5.4891E-09 5.5775E-09 5.6783E-09 5.7916E-09 5.9116E-09 6.0292E-09 6.1470E-09 6.2644E-09 6.3845E-09 6.5047E-09 6.6282E-09 6.7536E-09 6.8818E-09 7.0139E-09
2.7580E-09 2.8134E-09 2.8711E-09 2.9275E-09 2.9848E-09 3.0434E-09 3.1011E-09 3.1602E-09 3.2197E-09 3.2787E-09 3.3396E-09 3.4011E-09 3.4614E-09 3.5232E-09 3.5859E-09 3.6481E-09 3.7100E-09 3.7745E-09 3.8383E-09 3.9013E-09 3.9645E-09 4.0279E-09 4.0933E-09 4.1590E-09 4.2231E-09 4.2873E-09 4.3515E-09 4.4157E-09 4.4808E-09 4.5479E-09 4.6141E-09 4.6785E-09 4.7427E-09 4.8096E-09 4.8768E-09 4.9434E-09 5.0109E-09 5.0764E-09 5.1411E-09 5.2074E-09 5.2732E-09 5.3427E-09 5.4255E-09 5.5154E-09 5.6177E-09 5.7328E-09 5.8565E-09 5.9837E-09 6.1087E-09 6.2330E-09 6.3579E-09 6.4851E-09 6.6154E-09 6.7502E-09 6.8899E-09 7.0323E-09 7.1831E-09
2.7387E-09 2.7939E-09 2.8516E-09 2.9079E-09 2.9655E-09 3.0237E-09 3.0813E-09 3.1408E-09 3.2000E-09 3.2591E-09 3.3206E-09 3.3816E-09 3.4420E-09 3.5044E-09 3.5672E-09 3.6290E-09 3.6915E-09 3.7562E-09 3.8197E-09 3.8828E-09 3.9462E-09 4.0098E-09 4.0761E-09 4.1415E-09 4.2059E-09 4.2704E-09 4.3349E-09 4.3994E-09 4.4658E-09 4.5334E-09 4.5992E-09 4.6641E-09 4.7291E-09 4.7977E-09 4.8652E-09 4.9326E-09 5.0009E-09 5.0662E-09 5.1325E-09 5.2004E-09 5.2701E-09 5.3517E-09 5.4477E-09 5.5500E-09 5.6660E-09 5.7941E-09 5.9291E-09 6.0588E-09 6.1893E-09 6.3204E-09 6.4551E-09 6.5978E-09 6.7424E-09 6.8919E-09 7.0461E-09 7.2074E-09 7.3744E-09
2.7189E-09 2.7750E-09 2.8315E-09 2.8877E-09 2.9456E-09 3.0034E-09 3.0610E-09 3.1207E-09 3.1796E-09 3.2386E-09 3.3006E-09 3.3611E-09 3.4215E-09 3.4845E-09 3.5469E-09 3.6086E-09 3.6724E-09 3.7366E-09 3.7996E-09 3.8629E-09 3.9264E-09 3.9908E-09 4.0573E-09 4.1223E-09 4.1869E-09 4.2516E-09 4.3164E-09 4.3812E-09 4.4489E-09 4.5168E-09 4.5822E-09 4.6474E-09 4.7136E-09 4.7833E-09 4.8514E-09 4.9193E-09 4.9874E-09 5.0537E-09 5.1223E-09 5.1940E-09 5.2733E-09 5.3690E-09 5.4776E-09 5.5901E-09 5.7214E-09 5.8620E-09 6.0008E-09 6.1352E-09 6.2715E-09 6.4132E-09 6.5617E-09 6.7254E-09 6.8852E-09 7.0502E-09 7.2246E-09 7.4031E-09 7.5913E-09
2.6986E-09 2.7551E-09 2.8110E-09 2.8670E-09 2.9253E-09 2.9824E-09 3.0399E-09 3.0998E-09 3.1583E-09 3.2172E-09 3.2797E-09 3.3396E-09 3.4000E-09 3.4634E-09 3.5253E-09 3.5871E-09 3.6514E-09 3.7152E-09 3.7783E-09 3.8416E-09 3.9051E-09 3.9702E-09 4.0369E-09 4.1015E-09 4.1663E-09 4.2312E-09 4.2961E-09 4.3611E-09 4.4301E-09 4.4975E-09 4.5631E-09 4.6287E-09 4.6966E-09 4.7658E-09 4.8352E-09 4.9037E-09 4.9714E-09 5.0394E-09 5.1124E-09 5.1923E-09 5.2850E-09 5.3931E-09 5.5140E-09 5.6400E-09 5.7849E-09 5.9304E-09 6.0706E-09 6.2131E-09 6.3619E-09 6.5161E-09 6.6781E-09 6.8659E-09 7.0447E-09 7.2315E-09 7.4248E-09 7.6285E-09 7.8303E-09
2.6778E-09 2.7344E-09 2.7898E-09 2.8456E-09 2.9038E-09 2.9607E-09 3.0180E-09 3.0778E-09 3.1361E-09 3.1959E-09 3.2573E-09 3.3171E-09 3.3773E-09 3.4413E-09 3.5026E-09 3.5643E-09 3.6292E-09 3.6925E-09 3.7555E-09 3.8188E-09 3.8824E-09 3.9488E-09 4.0144E-09 4.0791E-09 4.1440E-09 4.2090E-09 4.2741E-09 4.3402E-09 4.4094E-09 4.4761E-09 4.5420E-09 4.6079E-09 4.6776E-09 4.7458E-09 4.8167E-09 4.8858E-09 4.9531E-09 5.0259E-09 5.1064E-09 5.1969E-09 5.3037E-09 5.4251E-09 5.5552E-09 5.6950E-09 5.8463E-09 5.9956E-09 6.1420E-09 6.2983E-09 6.4597E-09 6.6291E-09 6.8085E-09 7.0171E-09 7.2303E-09 7.4410E-09 7.6612E-09 7.8886E-09 8.1134E-09
2.6565E-09 2.7129E-09 2.7680E-09 2.8235E-09 2.8815E-09 2.9382E-09 2.9962E-09 3.0549E-09 3.1130E-09 3.1731E-09 3.2339E-09 3.2936E-09 3.3548E-09 3.4176E-09 3.4788E-09 3.5404E-09 3.6058E-09 3.6685E-09 3.7315E-09 3.7948E-09 3.8583E-09 3.9253E-09 3.9904E-09 4.0551E-09 4.1200E-09 4.1851E-09 4.2502E-09 4.3183E-09 4.3868E-09 4.4529E-09 4.5189E-09 4.5853E-09 4.6562E-09 4.7247E-09 4.7960E-09 4.8645E-09 4.9349E-09 5.0156E-09 5.1054E-09 5.2080E-09 5.3286E-09 5.4606E-09 5.5996E-09 5.7526E-09 5.9095E-09 6.0633E-09 6.2205E-09 6.3904E-09 6.5681E-09 6.7554E-09 6.9602E-09 7.1995E-09 7.4472E-09 7.6862E-09 7.9315E-09 8.1774E-09 8.4293E-09
2.6349E-09 2.6906E-09 2.7454E-09 2.8010E-09 2.8585E-09 2.9149E-09 2.9730E-09 3.0311E-09 3.0890E-09 3.1500E-09 3.2096E-09 3.2691E-09 3.3306E-09 3.3928E-09 3.4539E-09 3.5159E-09 3.5807E-09 3.6432E-09 3.7061E-09 3.7693E-09 3.8328E-09 3.9004E-09 3.9649E-09 4.0296E-09 4.0945E-09 4.1595E-09 4.2247E-09 4.2939E-09 4.3616E-09 4.4277E-09 4.4939E-09 4.5610E-09 4.6322E-09 4.7014E-09 4.7731E-09 4.8418E-09 4.9199E-09 5.0096E-09 5.1100E-09 5.2251E-09 5.3595E-09 5.5026E-09 5.6465E-09 5.8081E-09 5.9708E-09 6.1344E-09 6.3104E-09 6.4961E-09 6.6952E-09 6.9034E-09 7.1399E-09 7.4054E-09 7.6950E-09 7.9611E-09 8.2271E-09 8.5039E-09 8.7801E-09
2.6126E-09 2.6678E-09 2.7222E-09 2.7779E-09 2.8348E-09 2.8908E-09 2.9494E-09 3.0066E-09 3.0642E-09 3.1255E-09 3.1843E-09 3.2436E-09 3.3060E-09 3.3670E-09 3.4278E-09 3.4908E-09 3.5544E-09 3.6168E-09 3.6795E-09 3.7426E-09 3.8072E-09 3.8736E-09 3.9379E-09 4.0026E-09 4.0674E-09 4.1324E-09 4.1975E-09 4.2676E-09 4.3345E-09 4.4007E-09 4.4669E-09 4.5354E-09 4.6056E-09 4.6761E-09 4.7472E-09 4.8207E-09 4.9092E-09 5.0081E-09 5.1199E-09 5.2486E-09 5.3944E-09 5.5411E-09 5.6914E-09 5.8645E-09 6.0376E-09 6.2177E-09 6.4143E-09 6.6192E-09 6.8379E-09 7.0688E-09 7.3514E-09 7.6561E-09 7.9846E-09 8.2920E-09 8.5991E-09 8.9088E-09 9.2189E-09
2.5897E-09 2.6443E-09 2.6987E-09 2.7550E-09 2.8103E-09 2.8664E-09 2.9244E-09 2.9813E-09 3.0386E-09 3.0996E-09 3.1582E-09 3.2172E-09 3.2799E-09 3.3401E-09 3.4008E-09 3.4646E-09 3.5270E-09 3.5892E-09 3.6517E-09 3.7146E-09 3.7797E-09 3.8453E-09 3.9096E-09 3.9741E-09 4.0388E-09 4.1036E-09 4.1686E-09 4.2397E-09 4.3058E-09 4.3719E-09 4.4381E-09 4.5079E-09 4.5770E-09 4.6487E-09 4.7213E-09 4.8042E-09 4.9024E-09 5.0108E-09 5.1343E-09 5.2777E-09 5.4294E-09 5.5774E-09 5.7423E-09 5.9270E-09 6.1151E-09 6.3154E-09 6.5301E-09 6.7550E-09 6.9976E-09 7.2630E-09 7.5885E-09 7.9461E-09 8.3187E-09 8.6889E-09 9.0377E-09 9.3917E-09 9.7462E-09
2.5663E-09 2.6202E-09 2.6746E-09 2.7302E-09 2.7851E-09 2.8409E-09 2.8986E-09 2.9551E-09 3.0127E-09 3.0729E-09 3.1312E-09 3.1899E-09 3.2524E-09 3.3123E-09 3.3727E-09 3.4369E-09 3.4985E-09 3.5604E-09 3.6227E-09 3.6854E-09 3.7515E-09 3.8158E-09 3.8798E-09 3.9441E-09 4.0087E-09 4.0734E-09 4.1402E-09 4.2094E-09 4.2753E-09 4.3413E-09 4.4074E-09 4.4782E-09 4.5464E-09 4.6210E-09 4.6977E-09 4.7919E-09 4.8989E-09 5.0172E-09 5.1527E-09 5.3063E-09 5.4607E-09 5.6137E-09 5.7993E-09 5.9969E-09 6.2019E-09 6.4228E-09 6.6604E-09 6.9144E-09 7.1925E-09 7.4992E-09 7.8590E-09 8.2682E-09 8.6917E-09 9.1206E-09 9.5138E-09 9.9092E-09 1.0304E-08
2.5426E-09 2.5958E-09 2.6498E-09 2.7048E-09 2.7597E-09 2.8151E-09 2.8721E-09 2.9283E-09 2.9860E-09 3.0454E-09 3.1034E-09 3.1623E-09 3.2240E-09 3.2836E-09 3.3437E-09 3.4076E-09 3.4689E-09 3.5306E-09 3.5926E-09 3.6550E-09 3.7215E-09 3.7850E-09 3.8488E-09 3.9129E-09 3.9772E-09 4.0417E-09 4.1092E-09 4.1774E-09 4.2432E-09 4.3090E-09 4.3751E-09 4.4467E-09 4.5150E-09 4.5918E-09 4.6781E-09 4.7832E-09 4.8987E-09 5.0268E-09 5.1726E-09 5.3332E-09 5.4910E-09 5.6563E-09 5.8648E-09 6.0765E-09 6.3032E-09 6.5486E-09 6.8144E-09 7.0985E-09 7.4147E-09 7.7820E-09 8.1856E-09 8.6470E-09 9.1219E-09 9.6055E-09 1.0063E-08 1.0506E-08 1.0945E-08
2.5177E-09 2.5708E-09 2.6242E-09 2.6787E-09 2.7332E-09 2.7886E-09 2.8449E-09 2.9012E-09 2.9586E-09 3.0171E-09 3.0747E-09 3.1338E-09 3.1947E-09 3.2540E-09 3.3142E-09 3.3774E-09 3.4383E-09 3.4996E-09 3.5614E-09 3.6234E-09 3.6897E-09 3.7529E-09 3.8164E-09 3.8802E-09 3.9443E-09 4.0085E-09 4.0777E-09 4.1439E-09 4.2094E-09 4.2751E-09 4.3413E-09 4.4127E-09 4.4837E-09 4.5654E-09 4.6630E-09 4.7770E-09 4.8994E-09 5.0378E-09 5.1917E-09 5.3589E-09 5.5236E-09 5.7102E-09 5.9364E-09 6.1668E-09 6.4192E-09 6.6924E-09 6.9892E-09 7.3187E-09 7.7022E-09 8.1214E-09 8.5728E-09 9.0893E-09 9.6258E-09 1.0171E-08 1.0698E-08 1.1191E-08 1.1676E-08
2.4923E-09 2.5450E-09 2.5983E-09 2.6521E-09 2.7065E-09 2.7614E-09 2.8170E-09 2.8734E-09 2.9309E-09 2.9881E-09 3.0458E-09 3.1046E-09 3.1645E-09 3.2234E-09 3.2839E-09 3.3461E-09 3.4067E-09 3.4677E-09 3.5291E-09 3.5914E-09 3.6568E-09 3.7197E-09 3.7829E-09 3.8463E-09 3.9100E-09 3.9739E-09 4.0438E-09 4.1089E-09 4.1741E-09 4.2395E-09 4.3060E-09 4.3768E-09 4.4518E-09 4.5422E-09 4.6512E-09 4.7717E-09 4.9010E-09 5.0496E-09 5.2111E-09 5.3843E-09 5.5611E-09 5.7721E-09 6.0159E-09 6.2722E-09 6.5512E-09 6.8536E-09 7.1845E-09 7.5865E-09 8.0507E-09 8.5339E-09 9.0499E-09 9.6194E-09 1.0219E-08 1.0829E-08 1.1431E-08 1.1973E-08 1.2500E-08
