Assets/Resources/2015_m01_d03_1800(utc+0800)_l00_csi_1hr_conc.grd
DSAA
         159         159
     -79.000      79.000
     -79.000      79.000
  0.0000E+00  0.2243E-04
[rows 125 to 149 of 159, columns 57 to 113 of 159]
2.3525E-10 2.5792E-10 2.8139E-10 3.0846E-10 3.3572E-10 3.6655E-10 3.9963E-10 4.3338E-10 4.7109E-10 5.1137E-10 5.5253E-10 5.9801E-10 6.4638E-10 7.0239E-10 7.7231E-10 8.5566E-10 9.5900E-10 1.0670E-09 1.1999E-09 1.3778E-09 1.5883E-09 1.7927E-09 2.0234E-09 2.2848E-09 2.5777E-09 2.9126E-09 3.2969E-09 3.7299E-09 4.2263E-09 4.7837E-09 5.3915E-09 6.0580E-09 6.7834E-09 7.5581E-09 8.3835E-09 9.2452E-09 1.0140E-08 1.1050E-08 1.1968E-08 1.2873E-08 1.3757E-08 1.4595E-08 1.5385E-08 1.6124E-08 1.6826E-08 1.7452E-08 1.8011E-08 1.8491E-08 1.8859E-08 1.9177E-08 1.9403E-08 1.9530E-08 1.9610E-08 1.9630E-08 1.9548E-08 1.9380E-08 1.9149E-08
2.3302E-10 2.5462E-10 2.7874E-10 3.0471E-10 3.3170E-10 3.6230E-10 3.9515E-10 4.2860E-10 4.6606E-10 5.0609E-10 5.4694E-10 5.9217E-10 6.4028E-10 6.9993E-10 7.7112E-10 8.5665E-10 9.5092E-10 1.0597E-09 1.1923E-09 1.3685E-09 1.5408E-09 1.7730E-09 1.9981E-09 2.2566E-09 2.5426E-09 2.8672E-09 3.2421E-09 3.6744E-09 4.1602E-09 4.7018E-09 5.2933E-09 5.9478E-09 6.6548E-09 7.4154E-09 8.2218E-09 9.0691E-09 9.9461E-09 1.0843E-08 1.1745E-08 1.2640E-08 1.3512E-08 1.4347E-08 1.5136E-08 1.5873E-08 1.6608E-08 1.7264E-08 1.7850E-08 1.8344E-08 1.8743E-08 1.9072E-08 1.9361E-08 1.9531E-08 1.9661E-08 1.9732E-08 1.9695E-08 1.9575E-08 1.9405E-08
2.2974E-10 2.5109E-10 2.7496E-10 3.0066E-10 3.2736E-10 3.5769E-10 3.9026E-10 4.2339E-10 4.6056E-10 5.0030E-10 5.4079E-10 5.8572E-10 6.3399E-10 6.9695E-10 7.6810E-10 8.5497E-10 9.4402E-10 1.0563E-09 1.1714E-09 1.3470E-09 1.5164E-09 1.7551E-09 1.9733E-09 2.2263E-09 2.5071E-09 2.8277E-09 3.1895E-09 3.6107E-09 4.0898E-09 4.6156E-09 5.1960E-09 5.8352E-09 6.5233E-09 7.2684E-09 8.0545E-09 8.8854E-09 9.7416E-09 1.0622E-08 1.1505E-08 1.2387E-08 1.3244E-08 1.4077E-08 1.4868E-08 1.5619E-08 1.6357E-08 1.7025E-08 1.7620E-08 1.8133E-08 1.8571E-08 1.8938E-08 1.9269E-08 1.9469E-08 1.9662E-08 1.9784E-08 1.9791E-08 1.9738E-08 1.9616E-08
2.2625E-10 2.4732E-10 2.7091E-10 2.9633E-10 3.2271E-10 3.5274E-10 3.8500E-10 4.1776E-10 4.5460E-10 4.9400E-10 5.3410E-10 5.8043E-10 6.2738E-10 6.9291E-10 7.6382E-10 8.4875E-10 9.4325E-10 1.0461E-09 1.1565E-09 1.3250E-09 1.5014E-09 1.7327E-09 1.9463E-09 2.1981E-09 2.4721E-09 2.7830E-09 3.1418E-09 3.5533E-09 4.0131E-09 4.5238E-09 5.0922E-09 5.7149E-09 6.3853E-09 7.1107E-09 7.8764E-09 8.6861E-09 9.5208E-09 1.0380E-08 1.1243E-08 1.2110E-08 1.2960E-08 1.3789E-08 1.4572E-08 1.5316E-08 1.6031E-08 1.6720E-08 1.7337E-08 1.7881E-08 1.8354E-08 1.8760E-08 1.9127E-08 1.9365E-08 1.9611E-08 1.9794E-08 1.9848E-08 1.9856E-08 1.9792E-08
2.2255E-10 2.4332E-10 2.6662E-10 2.9172E-10 3.1775E-10 3.4745E-10 3.7936E-10 4.1343E-10 4.4993E-10 4.8721E-10 5.2865E-10 5.7284E-10 6.2085E-10 6.8754E-10 7.5888E-10 8.4544E-10 9.3905E-10 1.0298E-09 1.1514E-09 1.2974E-09 1.4763E-09 1.7130E-09 1.9301E-09 2.1673E-09 2.4365E-09 2.7422E-09 3.0917E-09 3.4935E-09 3.9378E-09 4.4400E-09 4.9934E-09 5.5964E-09 6.2516E-09 6.9574E-09 7.7025E-09 8.4891E-09 9.3013E-09 1.0139E-08 1.0985E-08 1.1837E-08 1.2670E-08 1.3480E-08 1.4245E-08 1.4983E-08 1.5688E-08 1.6396E-08 1.7014E-08 1.7598E-08 1.8106E-08 1.8550E-08 1.8932E-08 1.9239E-08 1.9521E-08 1.9736E-08 1.9880E-08 1.9952E-08 1.9945E-08
2.1866E-10 2.3911E-10 2.6209E-10 2.8685E-10 3.1250E-10 3.4349E-10 3.7337E-10 4.0705E-10 4.4313E-10 4.7995E-10 5.2095E-10 5.6468E-10 6.1461E-10 6.8106E-10 7.5332E-10 8.4249E-10 9.2564E-10 1.0244E-09 1.1358E-09 1.2762E-09 1.4515E-09 1.6890E-09 1.9030E-09 2.1370E-09 2.4005E-09 2.6985E-09 3.0417E-09 3.4317E-09 3.8635E-09 4.3487E-09 4.8864E-09 5.4695E-09 6.1088E-09 6.7897E-09 7.5142E-09 8.2740E-09 9.0655E-09 9.8816E-09 1.0705E-08 1.1532E-08 1.2344E-08 1.3137E-08 1.3893E-08 1.4611E-08 1.5329E-08 1.6031E-08 1.6673E-08 1.7278E-08 1.7823E-08 1.8303E-08 1.8697E-08 1.9080E-08 1.9405E-08 1.9665E-08 1.9892E-08 2.0017E-08 2.0060E-08
2.1458E-10 2.3470E-10 2.5733E-10 2.8172E-10 3.0862E-10 3.3759E-10 3.6703E-10 4.0028E-10 4.3591E-10 4.7222E-10 5.1274E-10 5.5597E-10 6.0809E-10 6.7361E-10 7.4809E-10 8.3768E-10 9.1989E-10 1.0162E-09 1.1137E-09 1.2671E-09 1.4256E-09 1.6458E-09 1.8764E-09 2.1049E-09 2.3638E-09 2.6587E-09 2.9912E-09 3.3662E-09 3.7911E-09 4.2635E-09 4.7816E-09 5.3501E-09 5.9689E-09 6.6252E-09 7.3285E-09 8.0628E-09 8.8328E-09 9.6209E-09 1.0422E-08 1.1224E-08 1.2019E-08 1.2795E-08 1.3542E-08 1.4252E-08 1.4962E-08 1.5654E-08 1.6321E-08 1.6945E-08 1.7518E-08 1.8027E-08 1.8461E-08 1.8914E-08 1.9272E-08 1.9588E-08 1.9868E-08 2.0040E-08 2.0135E-08
2.1033E-10 2.3009E-10 2.5235E-10 2.7635E-10 3.0286E-10 3.3140E-10 3.6037E-10 3.9315E-10 4.2830E-10 4.6406E-10 5.0405E-10 5.4673E-10 6.0145E-10 6.6465E-10 7.4396E-10 8.2407E-10 9.1125E-10 1.0020E-09 1.1037E-09 1.2342E-09 1.4048E-09 1.6118E-09 1.8477E-09 2.0733E-09 2.3260E-09 2.6144E-09 2.9417E-09 3.3055E-09 3.7149E-09 4.1672E-09 4.6676E-09 5.2191E-09 5.8155E-09 6.4498E-09 7.1307E-09 7.8405E-09 8.5845E-09 9.3444E-09 1.0123E-08 1.0901E-08 1.1679E-08 1.2437E-08 1.3173E-08 1.3869E-08 1.4559E-08 1.5257E-08 1.5936E-08 1.6588E-08 1.7198E-08 1.7732E-08 1.8216E-08 1.8709E-08 1.9118E-08 1.9469E-08 1.9817E-08 2.0042E-08 2.0184E-08
2.0591E-10 2.2529E-10 2.4806E-10 2.7076E-10 2.9683E-10 3.2492E-10 3.5339E-10 3.8568E-10 4.2029E-10 4.5549E-10 4.9490E-10 5.3699E-10 5.9438E-10 6.5463E-10 7.3559E-10 8.1602E-10 9.0113E-10 9.8643E-10 1.0925E-09 1.2097E-09 1.3925E-09 1.5773E-09 1.8098E-09 2.0390E-09 2.2870E-09 2.5723E-09 2.8895E-09 3.2418E-09 3.6405E-09 4.0735E-09 4.5585E-09 5.0912E-09 5.6664E-09 6.2834E-09 6.9403E-09 7.6258E-09 8.3445E-09 9.0798E-09 9.8351E-09 1.0592E-08 1.1352E-08 1.2092E-08 1.2812E-08 1.3489E-08 1.4156E-08 1.4864E-08 1.5560E-08 1.6230E-08 1.6845E-08 1.7437E-08 1.7960E-08 1.8488E-08 1.8942E-08 1.9331E-08 1.9740E-08 2.0014E-08 2.0219E-08
2.0134E-10 2.2122E-10 2.4269E-10 2.6495E-10 2.9057E-10 3.1818E-10 3.4613E-10 3.7788E-10 4.1193E-10 4.4651E-10 4.8532E-10 5.2676E-10 5.8612E-10 6.4424E-10 7.2923E-10 8.0700E-10 8.8104E-10 9.7684E-10 1.0800E-09 1.1980E-09 1.3681E-09 1.5482E-09 1.7708E-09 2.0047E-09 2.2470E-09 2.5241E-09 2.8369E-09 3.1755E-09 3.5537E-09 3.9763E-09 4.4470E-09 4.9606E-09 5.5118E-09 6.1102E-09 6.7406E-09 7.4044E-09 8.0987E-09 8.8112E-09 9.5450E-09 1.0281E-08 1.1019E-08 1.1738E-08 1.2441E-08 1.3108E-08 1.3765E-08 1.4446E-08 1.5159E-08 1.5846E-08 1.6486E-08 1.7101E-08 1.7680E-08 1.8249E-08 1.8735E-08 1.9189E-08 1.9618E-08 1.9954E-08 2.0219E-08
1.9663E-10 2.1611E-10 2.3715E-10 2.5894E-10 2.8409E-10 3.1119E-10 3.3858E-10 3.6977E-10 4.0323E-10 4.3716E-10 4.7708E-10 5.1607E-10 5.7660E-10 6.3468E-10 7.2035E-10 7.9586E-10 8.7099E-10 9.6395E-10 1.0548E-09 1.1841E-09 1.3363E-09 1.5233E-09 1.7424E-09 1.9596E-09 2.2055E-09 2.4759E-09 2.7767E-09 3.1077E-09 3.4742E-09 3.8849E-09 4.3366E-09 4.8271E-09 5.3603E-09 5.9366E-09 6.5416E-09 7.1854E-09 7.8555E-09 8.5489E-09 9.2565E-09 9.9714E-09 1.0685E-08 1.1389E-08 1.2071E-08 1.2725E-08 1.3366E-08 1.4019E-08 1.4745E-08 1.5447E-08 1.6112E-08 1.6767E-08 1.7387E-08 1.7977E-08 1.8504E-08 1.9026E-08 1.9468E-08 1.9887E-08 2.0203E-08
1.9179E-10 2.1085E-10 2.3144E-10 2.5275E-10 2.7740E-10 3.0397E-10 3.3079E-10 3.6138E-10 3.9421E-10 4.2924E-10 4.6672E-10 5.0496E-10 5.6582E-10 6.2508E-10 7.1094E-10 7.7929E-10 8.5786E-10 9.4479E-10 1.0400E-09 1.1686E-09 1.3100E-09 1.4933E-09 1.6949E-09 1.9136E-09 2.1606E-09 2.4248E-09 2.7201E-09 3.0401E-09 3.3922E-09 3.7895E-09 4.2227E-09 4.6945E-09 5.2102E-09 5.7661E-09 6.3513E-09 6.9747E-09 7.6203E-09 8.2929E-09 8.9743E-09 9.6693E-09 1.0357E-08 1.1042E-08 1.1702E-08 1.2342E-08 1.2944E-08 1.3603E-08 1.4308E-08 1.5013E-08 1.5732E-08 1.6423E-08 1.7083E-08 1.7667E-08 1.8262E-08 1.8828E-08 1.9328E-08 1.9812E-08 2.0175E-08
1.8683E-10 2.0546E-10 2.2559E-10 2.4640E-10 2.7053E-10 2.9654E-10 3.2276E-10 3.5273E-10 3.8490E-10 4.1924E-10 4.5599E-10 4.9345E-10 5.5380E-10 6.1531E-10 6.9934E-10 7.6593E-10 8.4363E-10 9.2469E-10 1.0236E-09 1.1452E-09 1.2915E-09 1.4578E-09 1.6634E-09 1.8766E-09 2.1091E-09 2.3743E-09 2.6589E-09 2.9704E-09 3.3127E-09 3.6897E-09 4.1039E-09 4.5603E-09 5.0559E-09 5.5884E-09 6.1578E-09 6.7592E-09 7.3813E-09 8.0296E-09 8.6870E-09 9.3576E-09 1.0022E-08 1.0685E-08 1.1325E-08 1.1947E-08 1.2530E-08 1.3173E-08 1.3849E-08 1.4585E-08 1.5331E-08 1.6060E-08 1.6742E-08 1.7348E-08 1.8013E-08 1.8618E-08 1.9171E-08 1.9717E-08 2.0142E-08
1.8177E-10 1.9995E-10 2.1960E-10 2.3990E-10 2.6349E-10 2.8892E-10 3.1452E-10 3.4384E-10 3.7533E-10 4.0894E-10 4.4493E-10 4.8180E-10 5.4070E-10 6.0662E-10 6.8655E-10 7.5167E-10 8.2385E-10 9.0857E-10 1.0059E-09 1.1210E-09 1.2698E-09 1.4348E-09 1.6177E-09 1.8240E-09 2.0559E-09 2.3196E-09 2.5980E-09 2.8983E-09 3.2274E-09 3.5885E-09 3.9925E-09 4.4327E-09 4.9070E-09 5.4192E-09 5.9714E-09 6.5480E-09 7.1507E-09 7.7754E-09 8.4093E-09 9.0558E-09 9.6977E-09 1.0338E-08 1.0958E-08 1.1562E-08 1.2130E-08 1.2732E-08 1.3407E-08 1.4154E-08 1.4926E-08 1.5679E-08 1.6388E-08 1.7063E-08 1.7770E-08 1.8416E-08 1.9012E-08 1.9594E-08 2.0089E-08
1.7621E-10 1.9434E-10 2.1350E-10 2.3327E-10 2.5630E-10 2.8113E-10 3.0609E-10 3.3474E-10 3.6551E-10 3.9838E-10 4.3357E-10 4.6990E-10 5.2954E-10 5.9459E-10 6.7190E-10 7.3652E-10 8.0781E-10 8.9126E-10 9.9032E-10 1.1073E-09 1.2536E-09 1.4014E-09 1.5782E-09 1.7854E-09 2.0098E-09 2.2592E-09 2.5323E-09 2.8240E-09 3.1436E-09 3.4907E-09 3.8779E-09 4.2967E-09 4.7521E-09 5.2476E-09 5.7773E-09 6.3291E-09 6.9119E-09 7.5100E-09 8.1229E-09 8.7425E-09 9.3642E-09 9.9790E-09 1.0582E-08 1.1167E-08 1.1720E-08 1.2281E-08 1.2956E-08 1.3698E-08 1.4485E-08 1.5246E-08 1.6037E-08 1.6761E-08 1.7491E-08 1.8205E-08 1.8849E-08 1.9465E-08 2.0034E-08
1.7058E-10 1.8823E-10 2.0729E-10 2.2653E-10 2.4898E-10 2.7319E-10 2.9750E-10 3.2545E-10 3.5549E-10 3.8757E-10 4.2194E-10 4.5767E-10 5.1608E-10 5.8252E-10 6.5570E-10 7.2053E-10 7.9078E-10 8.6788E-10 9.7116E-10 1.0860E-09 1.2313E-09 1.3754E-09 1.5462E-09 1.7317E-09 1.9483E-09 2.1943E-09 2.4646E-09 2.7475E-09 3.0554E-09 3.3928E-09 3.7628E-09 4.1656E-09 4.6070E-09 5.0822E-09 5.5901E-09 6.1214E-09 6.6819E-09 7.2547E-09 7.8472E-09 8.4410E-09 9.0429E-09 9.6331E-09 1.0219E-08 1.0783E-08 1.1323E-08 1.1858E-08 1.2484E-08 1.3233E-08 1.4040E-08 1.4846E-08 1.5672E-08 1.6457E-08 1.7203E-08 1.7958E-08 1.8687E-08 1.9347E-08 2.0009E-08
1.6493E-10 1.8206E-10 2.0059E-10 2.1969E-10 2.4155E-10 2.6512E-10 2.8876E-10 3.1600E-10 3.4527E-10 3.7655E-10 4.1007E-10 4.4512E-10 5.0205E-10 5.6958E-10 6.3863E-10 7.0374E-10 7.7283E-10 8.4870E-10 9.5064E-10 1.0521E-09 1.2071E-09 1.3460E-09 1.5058E-09 1.6840E-09 1.8991E-09 2.1364E-09 2.3918E-09 2.6669E-09 2.9680E-09 3.2919E-09 3.6430E-09 4.0346E-09 4.4586E-09 4.9136E-09 5.3965E-09 5.9094E-09 6.4476E-09 6.9983E-09 7.5677E-09 8.1390E-09 8.7183E-09 9.2874E-09 9.8526E-09 1.0395E-08 1.0918E-08 1.1404E-08 1.2004E-08 1.2729E-08 1.3542E-08 1.4423E-08 1.5287E-08 1.6133E-08 1.6904E-08 1.7705E-08 1.8521E-08 1.9228E-08 1.9963E-08
1.5923E-10 1.7586E-10 1.9383E-10 2.1236E-10 2.3403E-10 2.5695E-10 2.7991E-10 3.0641E-10 3.3490E-10 3.6536E-10 3.9800E-10 4.3228E-10 4.8755E-10 5.5578E-10 6.2080E-10 6.8620E-10 7.5400E-10 8.2850E-10 9.3410E-10 1.0287E-09 1.1805E-09 1.3093E-09 1.4698E-09 1.6427E-09 1.8381E-09 2.0672E-09 2.3172E-09 2.5849E-09 2.8741E-09 3.1920E-09 3.5310E-09 3.9053E-09 4.3101E-09 4.7418E-09 5.2038E-09 5.6979E-09 6.2117E-09 6.7436E-09 7.2873E-09 7.8399E-09 8.3964E-09 8.9447E-09 9.4882E-09 1.0009E-08 1.0514E-08 1.0986E-08 1.1524E-08 1.2219E-08 1.3065E-08 1.3978E-08 1.4888E-08 1.5777E-08 1.6606E-08 1.7491E-08 1.8341E-08 1.9122E-08 1.9877E-08
1.5353E-10 1.6919E-10 1.8618E-10 2.0542E-10 2.2601E-10 2.4870E-10 2.7096E-10 2.9672E-10 3.2440E-10 3.5401E-10 3.8575E-10 4.1920E-10 4.7295E-10 5.4035E-10 6.0175E-10 6.6798E-10 7.3436E-10 8.0735E-10 9.0638E-10 1.0037E-09 1.1462E-09 1.2771E-09 1.4313E-09 1.5903E-09 1.7829E-09 2.0078E-09 2.2430E-09 2.5014E-09 2.7833E-09 3.0842E-09 3.4132E-09 3.7715E-09 4.1599E-09 4.5729E-09 5.0184E-09 5.4906E-09 5.9794E-09 6.4932E-09 7.0112E-09 7.5450E-09 8.0735E-09 8.6057E-09 9.1243E-09 9.6299E-09 1.0115E-08 1.0576E-08 1.1056E-08 1.1733E-08 1.2568E-08 1.3511E-08 1.4442E-08 1.5420E-08 1.6321E-08 1.7237E-08 1.8153E-08 1.8993E-08 1.9789E-08
1.4826E-10 1.6253E-10 1.7983E-10 1.9760E-10 2.1840E-10 2.3996E-10 2.6194E-10 2.8693E-10 3.1380E-10 3.4255E-10 3.7337E-10 4.0590E-10 4.5833E-10 5.2363E-10 5.8347E-10 6.4855E-10 7.1398E-10 7.8531E-10 8.8265E-10 9.7712E-10 1.1107E-09 1.2421E-09 1.3854E-09 1.5472E-09 1.7313E-09 1.9378E-09 2.1669E-09 2.4155E-09 2.6851E-09 2.9817E-09 3.2950E-09 3.6314E-09 4.0045E-09 4.4029E-09 4.8274E-09 5.2738E-09 5.7431E-09 6.2347E-09 6.7315E-09 7.2428E-09 7.7497E-09 8.2606E-09 8.7567E-09 9.2471E-09 9.7124E-09 1.0162E-08 1.0610E-08 1.1215E-08 1.2043E-08 1.3020E-08 1.4016E-08 1.5050E-08 1.6005E-08 1.6940E-08 1.7929E-08 1.8838E-08 1.9674E-08
1.4211E-10 1.5676E-10 1.7261E-10 1.9065E-10 2.0993E-10 2.3164E-10 2.5245E-10 2.7709E-10 3.0313E-10 3.3100E-10 3.6089E-10 3.9242E-10 4.4158E-10 5.0451E-10 5.6461E-10 6.2529E-10 6.9293E-10 7.6249E-10 8.5746E-10 9.6068E-10 1.0789E-09 1.2055E-09 1.3441E-09 1.5033E-09 1.6759E-09 1.8718E-09 2.0931E-09 2.3309E-09 2.5910E-09 2.8693E-09 3.1750E-09 3.5014E-09 3.8548E-09 4.2352E-09 4.6372E-09 5.0628E-09 5.5143E-09 5.9804E-09 6.4610E-09 6.9509E-09 7.4379E-09 7.9285E-09 8.4062E-09 8.8784E-09 9.3272E-09 9.7619E-09 1.0165E-08 1.0719E-08 1.1497E-08 1.2468E-08 1.3548E-08 1.4625E-08 1.5658E-08 1.6646E-08 1.7646E-08 1.8645E-08 1.9541E-08
1.3689E-10 1.5012E-10 1.6629E-10 1.8284E-10 2.0233E-10 2.2246E-10 2.4296E-10 2.6680E-10 2.9241E-10 3.1939E-10 3.4833E-10 3.7880E-10 4.2671E-10 4.8292E-10 5.4159E-10 6.0158E-10 6.6624E-10 7.3897E-10 8.2704E-10 9.3210E-10 1.0407E-09 1.1581E-09 1.3012E-09 1.4549E-09 1.6231E-09 1.8102E-09 2.0150E-09 2.2452E-09 2.4929E-09 2.7648E-09 3.0526E-09 3.3623E-09 3.6986E-09 4.0593E-09 4.4384E-09 4.8466E-09 5.2789E-09 5.7218E-09 6.1850E-09 6.6510E-09 7.1211E-09 7.5887E-09 8.0511E-09 8.5014E-09 8.9381E-09 9.3614E-09 9.7586E-09 1.0231E-08 1.0936E-08 1.1908E-08 1.3020E-08 1.4140E-08 1.5234E-08 1.6288E-08 1.7329E-08 1.8404E-08 1.9398E-08
1.3039E-10 1.4442E-10 1.5912E-10 1.7594E-10 1.9389E-10 2.1417E-10 2.3350E-10 2.5651E-10 2.8127E-10 3.0601E-10 3.3400E-10 3.6508E-10 4.1138E-10 4.6486E-10 5.2373E-10 5.8101E-10 6.4444E-10 7.1484E-10 8.0063E-10 9.0250E-10 1.0027E-09 1.1255E-09 1.2570E-09 1.4009E-09 1.5679E-09 1.7461E-09 1.9414E-09 2.1591E-09 2.3983E-09 2.6533E-09 2.9322E-09 3.2291E-09 3.5399E-09 3.8846E-09 4.2551E-09 4.6443E-09 5.0494E-09 5.4738E-09 5.9160E-09 6.3607E-09 6.8162E-09 7.2624E-09 7.7100E-09 8.1410E-09 8.5693E-09 8.9772E-09 9.3656E-09 9.7607E-09 1.0381E-08 1.1325E-08 1.2448E-08 1.3581E-08 1.4765E-08 1.5872E-08 1.6977E-08 1.8135E-08 1.9204E-08
1.2482E-10 1.3831E-10 1.5290E-10 1.6821E-10 1.8475E-10 2.0345E-10 2.2408E-10 2.4628E-10 2.7015E-10 2.9400E-10 3.2143E-10 3.5130E-10 3.9566E-10 4.4543E-10 5.0148E-10 5.5313E-10 6.1754E-10 6.8472E-10 7.7354E-10 8.6781E-10 9.6876E-10 1.0862E-09 1.2032E-09 1.3507E-09 1.5114E-09 1.6789E-09 1.8677E-09 2.0736E-09 2.2989E-09 2.5472E-09 2.8077E-09 3.0891E-09 3.3912E-09 3.7184E-09 4.0654E-09 4.4314E-09 4.8195E-09 5.2294E-09 5.6459E-09 6.0742E-09 6.5083E-09 6.9359E-09 7.3669E-09 7.7842E-09 8.1977E-09 8.5868E-09 8.9641E-09 9.3109E-09 9.8347E-09 1.0703E-08 1.1765E-08 1.3005E-08 1.4252E-08 1.5413E-08 1.6559E-08 1.7788E-08 1.8938E-08
1.1930E-10 1.3227E-10 1.4628E-10 1.6144E-10 1.7644E-10 1.9531E-10 2.1474E-10 2.3611E-10 2.5910E-10 2.8204E-10 3.0848E-10 3.3749E-10 3.7969E-10 4.2799E-10 4.8260E-10 5.3327E-10 5.9531E-10 6.6010E-10 7.4590E-10 8.3714E-10 9.3401E-10 1.0417E-09 1.1643E-09 1.2995E-09 1.4501E-09 1.6143E-09 1.7908E-09 1.9883E-09 2.2019E-09 2.4338E-09 2.6874E-09 2.9572E-09 3.2416E-09 3.5501E-09 3.8797E-09 4.2295E-09 4.5980E-09 4.9842E-09 5.3788E-09 5.7938E-09 6.2092E-09 6.6241E-09 7.0351E-09 7.4404E-09 7.8366E-09 8.2123E-09 8.5773E-09 8.9150E-09 9.3324E-09 1.0041E-08 1.1109E-08 1.2360E-08 1.3654E-08 1.4889E-08 1.6067E-08 1.7322E-08 1.8565E-08
