Assets/Resources/2015_m01_d15_0900(utc+0800)_l00_csi_1hr_conc.grd
DSAA
         159         159
     -79.000      79.000
     -79.000      79.000
  0.0000E+00  0.8463E-05
[rows 0 to 24 of 159, columns 57 to 113 of 159]
1.1371E-09 1.1613E-09 1.1859E-09 1.2136E-09 1.2390E-09 1.2649E-09 1.2938E-09 1.3205E-09 1.3475E-09 1.3764E-09 1.4056E-09 1.4337E-09 1.4636E-09 1.4967E-09 1.5259E-09 1.5568E-09 1.5865E-09 1.6193E-09 1.6524E-09 1.6843E-09 1.7178E-09 1.7514E-09 1.7821E-09 1.8158E-09 1.8496E-09 1.8834E-09 1.9139E-09 1.9473E-09 1.9806E-09 2.0128E-09 2.0420E-09 2.0742E-09 2.1024E-09 2.1325E-09 2.1627E-09 2.1886E-09 2.2163E-09 2.2429E-09 2.2656E-09 2.2868E-09 2.3095E-09 2.3303E-09 2.3466E-09 2.3607E-09 2.3728E-09 2.3856E-09 2.3957E-09 2.4008E-09 2.4034E-09 2.4062E-09 2.4034E-09 2.4001E-09 2.3915E-09 2.3798E-09 2.3649E-09 2.3468E-09 2.3252E-09
1.1494E-09 1.1740E-09 1.2016E-09 1.2271E-09 1.2529E-09 1.2819E-09 1.3086E-09 1.3357E-09 1.3646E-09 1.3939E-09 1.4223E-09 1.4524E-09 1.4857E-09 1.5152E-09 1.5465E-09 1.5795E-09 1.6128E-09 1.6436E-09 1.6760E-09 1.7101E-09 1.7445E-09 1.7759E-09 1.8136E-09 1.8484E-09 1.8801E-09 1.9116E-09 1.9463E-09 1.9808E-09 2.0144E-09 2.0484E-09 2.0788E-09 2.1113E-09 2.1406E-09 2.1727E-09 2.2034E-09 2.2332E-09 2.2594E-09 2.2845E-09 2.3112E-09 2.3365E-09 2.3576E-09 2.3769E-09 2.3974E-09 2.4156E-09 2.4290E-09 2.4400E-09 2.4487E-09 2.4580E-09 2.4643E-09 2.4653E-09 2.4637E-09 2.4591E-09 2.4515E-09 2.4408E-09 2.4291E-09 2.4118E-09 2.3925E-09
1.1615E-09 1.1890E-09 1.2145E-09 1.2403E-09 1.2692E-09 1.2960E-09 1.3231E-09 1.3520E-09 1.3814E-09 1.4098E-09 1.4401E-09 1.4736E-09 1.5033E-09 1.5348E-09 1.5682E-09 1.6019E-09 1.6346E-09 1.6660E-09 1.7007E-09 1.7357E-09 1.7678E-09 1.8063E-09 1.8419E-09 1.8745E-09 1.9102E-09 1.9428E-09 1.9810E-09 2.0133E-09 2.0487E-09 2.0805E-09 2.1145E-09 2.1489E-09 2.1821E-09 2.2120E-09 2.2438E-09 2.2722E-09 2.3024E-09 2.3314E-09 2.3566E-09 2.3804E-09 2.4056E-09 2.4293E-09 2.4480E-09 2.4647E-09 2.4793E-09 2.4975E-09 2.5075E-09 2.5150E-09 2.5198E-09 2.5221E-09 2.5241E-09 2.5227E-09 2.5160E-09 2.5063E-09 2.4932E-09 2.4767E-09 2.4589E-09
1.1760E-09 1.2013E-09 1.2271E-09 1.2559E-09 1.2826E-09 1.3097E-09 1.3387E-09 1.3681E-09 1.3965E-09 1.4268E-09 1.4605E-09 1.4903E-09 1.5220E-09 1.5556E-09 1.5897E-09 1.6227E-09 1.6545E-09 1.6927E-09 1.7252E-09 1.7579E-09 1.7971E-09 1.8335E-09 1.8668E-09 1.9034E-09 1.9401E-09 1.9761E-09 2.0129E-09 2.0463E-09 2.0819E-09 2.1148E-09 2.1507E-09 2.1856E-09 2.2199E-09 2.2509E-09 2.2812E-09 2.3136E-09 2.3449E-09 2.3725E-09 2.4019E-09 2.4300E-09 2.4537E-09 2.4755E-09 2.4955E-09 2.5196E-09 2.5356E-09 2.5492E-09 2.5604E-09 2.5691E-09 2.5804E-09 2.5838E-09 2.5843E-09 2.5819E-09 2.5764E-09 2.5703E-09 2.5602E-09 2.5446E-09 2.5254E-09
1.1877E-09 1.2133E-09 1.2407E-09 1.2687E-09 1.2957E-09 1.3246E-09 1.3540E-09 1.3824E-09 1.4127E-09 1.4464E-09 1.4763E-09 1.5081E-09 1.5419E-09 1.5761E-09 1.6094E-09 1.6446E-09 1.6802E-09 1.7131E-09 1.7494E-09 1.7861E-09 1.8231E-09 1.8571E-09 1.8945E-09 1.9320E-09 1.9690E-09 2.0068E-09 2.0412E-09 2.0781E-09 2.1122E-09 2.1523E-09 2.1859E-09 2.2219E-09 2.2546E-09 2.2896E-09 2.3238E-09 2.3546E-09 2.3874E-09 2.4192E-09 2.4470E-09 2.4733E-09 2.4982E-09 2.5277E-09 2.5491E-09 2.5684E-09 2.5856E-09 2.6064E-09 2.6188E-09 2.6287E-09 2.6359E-09 2.6405E-09 2.6476E-09 2.6463E-09 2.6457E-09 2.6379E-09 2.6266E-09 2.6119E-09 2.5935E-09
1.1990E-09 1.2250E-09 1.2541E-09 1.2811E-09 1.3099E-09 1.3392E-09 1.3676E-09 1.3979E-09 1.4315E-09 1.4615E-09 1.4933E-09 1.5271E-09 1.5615E-09 1.5949E-09 1.6303E-09 1.6662E-09 1.6995E-09 1.7362E-09 1.7733E-09 1.8109E-09 1.8455E-09 1.8835E-09 1.9243E-09 1.9596E-09 1.9983E-09 2.0337E-09 2.0716E-09 2.1103E-09 2.1483E-09 2.1860E-09 2.2207E-09 2.2578E-09 2.2917E-09 2.3278E-09 2.3635E-09 2.3984E-09 2.4296E-09 2.4597E-09 2.4886E-09 2.5224E-09 2.5488E-09 2.5734E-09 2.5991E-09 2.6230E-09 2.6415E-09 2.6577E-09 2.6714E-09 2.6887E-09 2.7019E-09 2.7075E-09 2.7103E-09 2.7101E-09 2.7067E-09 2.7059E-09 2.6955E-09 2.6853E-09 2.6675E-09
1.2101E-09 1.2391E-09 1.2659E-09 1.2946E-09 1.3238E-09 1.3522E-09 1.3823E-09 1.4159E-09 1.4458E-09 1.4776E-09 1.5114E-09 1.5459E-09 1.5794E-09 1.6149E-09 1.6509E-09 1.6845E-09 1.7215E-09 1.7590E-09 1.7970E-09 1.8353E-09 1.8707E-09 1.9122E-09 1.9481E-09 1.9876E-09 2.0239E-09 2.0628E-09 2.1052E-09 2.1416E-09 2.1805E-09 2.2166E-09 2.2552E-09 2.2906E-09 2.3284E-09 2.3688E-09 2.4028E-09 2.4360E-09 2.4683E-09 2.5058E-09 2.5361E-09 2.5651E-09 2.5960E-09 2.6252E-09 2.6492E-09 2.6712E-09 2.6942E-09 2.7206E-09 2.7356E-09 2.7480E-09 2.7576E-09 2.7720E-09 2.7758E-09 2.7814E-09 2.7789E-09 2.7730E-09 2.7636E-09 2.7531E-09 2.7362E-09
1.2237E-09 1.2503E-09 1.2788E-09 1.3079E-09 1.3361E-09 1.3661E-09 1.3996E-09 1.4294E-09 1.4612E-09 1.4949E-09 1.5293E-09 1.5628E-09 1.5984E-09 1.6345E-09 1.6682E-09 1.7055E-09 1.7464E-09 1.7816E-09 1.8203E-09 1.8562E-09 1.8981E-09 1.9347E-09 1.9748E-09 2.0144E-09 2.0516E-09 2.0950E-09 2.1324E-09 2.1724E-09 2.2124E-09 2.2496E-09 2.2891E-09 2.3287E-09 2.3678E-09 2.4036E-09 2.4386E-09 2.4761E-09 2.5128E-09 2.5487E-09 2.5803E-09 2.6140E-09 2.6430E-09 2.6703E-09 2.7053E-09 2.7320E-09 2.7531E-09 2.7775E-09 2.7937E-09 2.8162E-09 2.8269E-09 2.8348E-09 2.8399E-09 2.8464E-09 2.8516E-09 2.8514E-09 2.8426E-09 2.8302E-09 2.8139E-09
1.2342E-09 1.2626E-09 1.2914E-09 1.3194E-09 1.3494E-09 1.3827E-09 1.4124E-09 1.4440E-09 1.4777E-09 1.5119E-09 1.5454E-09 1.5809E-09 1.6171E-09 1.6508E-09 1.6882E-09 1.7293E-09 1.7647E-09 1.8037E-09 1.8400E-09 1.8824E-09 1.9195E-09 1.9602E-09 2.0004E-09 2.0409E-09 2.0825E-09 2.1207E-09 2.1617E-09 2.2028E-09 2.2411E-09 2.2850E-09 2.3229E-09 2.3636E-09 2.4009E-09 2.4408E-09 2.4801E-09 2.5191E-09 2.5540E-09 2.5912E-09 2.6242E-09 2.6559E-09 2.6965E-09 2.7286E-09 2.7616E-09 2.7863E-09 2.8187E-09 2.8387E-09 2.8562E-09 2.8761E-09 2.8935E-09 2.9058E-09 2.9175E-09 2.9203E-09 2.9198E-09 2.9159E-09 2.9128E-09 2.9048E-09 2.8940E-09
1.2459E-09 1.2745E-09 1.3023E-09 1.3321E-09 1.3652E-09 1.3948E-09 1.4262E-09 1.4597E-09 1.4939E-09 1.5257E-09 1.5596E-09 1.5987E-09 1.6324E-09 1.6698E-09 1.7109E-09 1.7465E-09 1.7858E-09 1.8223E-09 1.8651E-09 1.9025E-09 1.9437E-09 1.9844E-09 2.0256E-09 2.0678E-09 2.1094E-09 2.1486E-09 2.1907E-09 2.2300E-09 2.2750E-09 2.3172E-09 2.3562E-09 2.3950E-09 2.4366E-09 2.4776E-09 2.5184E-09 2.5586E-09 2.5948E-09 2.6370E-09 2.6749E-09 2.7115E-09 2.7502E-09 2.7803E-09 2.8190E-09 2.8451E-09 2.8748E-09 2.9025E-09 2.9248E-09 2.9473E-09 2.9604E-09 2.9706E-09 2.9885E-09 2.9923E-09 2.9986E-09 2.9955E-09 2.9919E-09 2.9811E-09 2.9663E-09
1.2572E-09 1.2848E-09 1.3143E-09 1.3458E-09 1.3766E-09 1.4064E-09 1.4412E-09 1.4752E-09 1.5069E-09 1.5406E-09 1.5796E-09 1.6132E-09 1.6505E-09 1.6885E-09 1.7272E-09 1.7665E-09 1.8033E-09 1.8463E-09 1.8873E-09 1.9255E-09 1.9667E-09 2.0083E-09 2.0511E-09 2.0934E-09 2.1361E-09 2.1762E-09 2.2193E-09 2.2624E-09 2.3057E-09 2.3460E-09 2.3891E-09 2.4320E-09 2.4750E-09 2.5142E-09 2.5562E-09 2.6013E-09 2.6424E-09 2.6866E-09 2.7259E-09 2.7606E-09 2.8046E-09 2.8432E-09 2.8797E-09 2.9071E-09 2.9430E-09 2.9657E-09 2.9919E-09 3.0157E-09 3.0349E-09 3.0528E-09 3.0609E-09 3.0658E-09 3.0674E-09 3.0757E-09 3.0696E-09 3.0597E-09 3.0457E-09
1.2669E-09 1.2948E-09 1.3246E-09 1.3579E-09 1.3876E-09 1.4192E-09 1.4559E-09 1.4874E-09 1.5210E-09 1.5597E-09 1.5932E-09 1.6303E-09 1.6682E-09 1.7069E-09 1.7462E-09 1.7829E-09 1.8261E-09 1.8640E-09 1.9058E-09 1.9473E-09 1.9894E-09 2.0326E-09 2.0754E-09 2.1187E-09 2.1595E-09 2.2061E-09 2.2473E-09 2.2916E-09 2.3329E-09 2.3773E-09 2.4247E-09 2.4658E-09 2.5098E-09 2.5572E-09 2.6008E-09 2.6478E-09 2.6904E-09 2.7287E-09 2.7847E-09 2.8210E-09 2.8634E-09 2.8964E-09 2.9385E-09 2.9746E-09 3.0146E-09 3.0385E-09 3.0672E-09 3.0856E-09 3.1010E-09 3.1264E-09 3.1385E-09 3.1491E-09 3.1514E-09 3.1500E-09 3.1448E-09 3.1406E-09 3.1272E-09
1.2763E-09 1.3058E-09 1.3389E-09 1.3683E-09 1.3997E-09 1.4361E-09 1.4674E-09 1.5008E-09 1.5362E-09 1.5725E-09 1.6094E-09 1.6471E-09 1.6856E-09 1.7248E-09 1.7616E-09 1.8047E-09 1.8428E-09 1.8847E-09 1.9264E-09 1.9688E-09 2.0123E-09 2.0556E-09 2.0994E-09 2.1407E-09 2.1880E-09 2.2328E-09 2.2750E-09 2.3203E-09 2.3626E-09 2.4113E-09 2.4536E-09 2.4990E-09 2.5515E-09 2.6007E-09 2.6424E-09 2.6869E-09 2.7462E-09 2.7865E-09 2.8334E-09 2.8712E-09 2.9188E-09 2.9695E-09 3.0107E-09 3.0411E-09 3.0768E-09 3.1062E-09 3.1359E-09 3.1692E-09 3.1857E-09 3.2019E-09 3.2122E-09 3.2253E-09 3.2286E-09 3.2309E-09 3.2311E-09 3.2209E-09 3.2083E-09
1.2867E-09 1.3194E-09 1.3486E-09 1.3797E-09 1.4129E-09 1.4469E-09 1.4800E-09 1.5152E-09 1.5512E-09 1.5879E-09 1.6254E-09 1.6636E-09 1.7027E-09 1.7392E-09 1.7823E-09 1.8203E-09 1.8623E-09 1.9041E-09 1.9467E-09 1.9905E-09 2.0340E-09 2.0782E-09 2.1200E-09 2.1679E-09 2.2133E-09 2.2561E-09 2.3023E-09 2.3487E-09 2.3952E-09 2.4386E-09 2.4922E-09 2.5392E-09 2.5901E-09 2.6367E-09 2.6949E-09 2.7414E-09 2.7924E-09 2.8351E-09 2.8916E-09 2.9433E-09 2.9895E-09 3.0259E-09 3.0727E-09 3.1127E-09 3.1646E-09 3.1919E-09 3.2172E-09 3.2381E-09 3.2671E-09 3.2880E-09 3.2993E-09 3.3072E-09 3.3116E-09 3.3123E-09 3.3090E-09 3.3010E-09 3.2876E-09
1.2983E-09 1.3285E-09 1.3593E-09 1.3922E-09 1.4259E-09 1.4587E-09 1.4937E-09 1.5294E-09 1.5628E-09 1.6030E-09 1.6410E-09 1.6766E-09 1.7161E-09 1.7589E-09 1.7969E-09 1.8387E-09 1.8806E-09 1.9233E-09 1.9672E-09 2.0110E-09 2.0554E-09 2.1005E-09 2.1458E-09 2.1918E-09 2.2352E-09 2.2819E-09 2.3292E-09 2.3765E-09 2.4309E-09 2.4791E-09 2.5313E-09 2.5762E-09 2.6395E-09 2.6896E-09 2.7424E-09 2.7870E-09 2.8553E-09 2.9075E-09 2.9590E-09 3.0089E-09 3.0578E-09 3.1176E-09 3.1616E-09 3.1952E-09 3.2308E-09 3.2670E-09 3.2971E-09 3.3233E-09 3.3425E-09 3.3618E-09 3.3775E-09 3.3874E-09 3.3969E-09 3.3976E-09 3.3943E-09 3.3864E-09 3.3747E-09
1.3082E-09 1.3372E-09 1.3712E-09 1.4045E-09 1.4356E-09 1.4687E-09 1.5071E-09 1.5402E-09 1.5770E-09 1.6177E-09 1.6531E-09 1.6923E-09 1.7349E-09 1.7725E-09 1.8143E-09 1.8560E-09 1.8987E-09 1.9426E-09 1.9865E-09 2.0311E-09 2.0765E-09 2.1221E-09 2.1684E-09 2.2122E-09 2.2595E-09 2.3104E-09 2.3554E-09 2.4108E-09 2.4672E-09 2.5133E-09 2.5716E-09 2.6261E-09 2.6840E-09 2.7367E-09 2.8075E-09 2.8602E-09 2.9169E-09 2.9687E-09 3.0270E-09 3.0895E-09 3.1416E-09 3.1900E-09 3.2354E-09 3.2888E-09 3.3224E-09 3.3525E-09 3.3791E-09 3.4052E-09 3.4239E-09 3.4501E-09 3.4625E-09 3.4755E-09 3.4825E-09 3.4820E-09 3.4815E-09 3.4767E-09 3.4676E-09
1.3163E-09 1.3470E-09 1.3828E-09 1.4135E-09 1.4463E-09 1.4844E-09 1.5172E-09 1.5537E-09 1.5941E-09 1.6290E-09 1.6679E-09 1.7069E-09 1.7475E-09 1.7890E-09 1.8305E-09 1.8730E-09 1.9169E-09 1.9608E-09 2.0055E-09 2.0509E-09 2.0967E-09 2.1433E-09 2.1905E-09 2.2385E-09 2.2866E-09 2.3321E-09 2.3883E-09 2.4460E-09 2.4944E-09 2.5601E-09 2.6262E-09 2.6749E-09 2.7337E-09 2.8006E-09 2.8677E-09 2.9239E-09 2.9733E-09 3.0503E-09 3.1145E-09 3.1675E-09 3.2115E-09 3.2780E-09 3.3200E-09 3.3618E-09 3.3997E-09 3.4406E-09 3.4788E-09 3.5054E-09 3.5274E-09 3.5418E-09 3.5577E-09 3.5696E-09 3.5794E-09 3.5843E-09 3.5812E-09 3.5780E-09 3.5703E-09
1.3255E-09 1.3579E-09 1.3912E-09 1.4236E-09 1.4583E-09 1.4937E-09 1.5299E-09 1.5668E-09 1.6046E-09 1.6430E-09 1.6816E-09 1.7219E-09 1.7630E-09 1.8042E-09 1.8464E-09 1.8901E-09 1.9339E-09 1.9786E-09 2.0241E-09 2.0673E-09 2.1167E-09 2.1641E-09 2.2124E-09 2.2609E-09 2.3138E-09 2.3715E-09 2.4236E-09 2.4793E-09 2.5463E-09 2.6077E-09 2.6601E-09 2.7363E-09 2.7939E-09 2.8640E-09 2.9183E-09 3.0048E-09 3.0568E-09 3.1290E-09 3.1845E-09 3.2547E-09 3.3052E-09 3.3604E-09 3.4030E-09 3.4538E-09 3.4955E-09 3.5319E-09 3.5651E-09 3.6004E-09 3.6259E-09 3.6478E-09 3.6587E-09 3.6727E-09 3.6786E-09 3.6851E-09 3.6875E-09 3.6786E-09 3.6716E-09
1.3358E-09 1.3686E-09 1.3992E-09 1.4349E-09 1.4699E-09 1.5057E-09 1.5423E-09 1.5796E-09 1.6177E-09 1.6559E-09 1.6957E-09 1.7364E-09 1.7773E-09 1.8192E-09 1.8592E-09 1.9034E-09 1.9505E-09 1.9960E-09 2.0392E-09 2.0887E-09 2.1363E-09 2.1847E-09 2.2334E-09 2.2871E-09 2.3496E-09 2.3978E-09 2.4626E-09 2.5244E-09 2.5891E-09 2.6508E-09 2.7249E-09 2.7972E-09 2.8543E-09 2.9346E-09 3.0044E-09 3.0795E-09 3.1387E-09 3.2153E-09 3.2769E-09 3.3284E-09 3.3859E-09 3.4500E-09 3.4986E-09 3.5462E-09 3.5856E-09 3.6239E-09 3.6579E-09 3.6915E-09 3.7216E-09 3.7440E-09 3.7693E-09 3.7770E-09 3.7897E-09 3.7975E-09 3.7942E-09 3.7935E-09 3.7801E-09
1.3458E-09 1.3760E-09 1.4083E-09 1.4458E-09 1.4782E-09 1.5143E-09 1.5543E-09 1.5889E-09 1.6274E-09 1.6692E-09 1.7062E-09 1.7473E-09 1.7913E-09 1.8309E-09 1.8748E-09 1.9216E-09 1.9669E-09 2.0100E-09 2.0594E-09 2.1070E-09 2.1555E-09 2.2044E-09 2.2594E-09 2.3214E-09 2.3860E-09 2.4443E-09 2.5095E-09 2.5755E-09 2.6371E-09 2.7121E-09 2.7823E-09 2.8565E-09 2.9441E-09 3.0181E-09 3.0799E-09 3.1580E-09 3.2255E-09 3.2949E-09 3.3548E-09 3.4242E-09 3.4821E-09 3.5315E-09 3.5868E-09 3.6349E-09 3.6820E-09 3.7210E-09 3.7608E-09 3.7918E-09 3.8194E-09 3.8457E-09 3.8671E-09 3.8853E-09 3.8887E-09 3.8979E-09 3.9036E-09 3.8957E-09 3.8943E-09
1.3526E-09 1.3845E-09 1.4185E-09 1.4534E-09 1.4891E-09 1.5255E-09 1.5629E-09 1.6009E-09 1.6391E-09 1.6788E-09 1.7194E-09 1.7629E-09 1.8022E-09 1.8456E-09 1.8920E-09 1.9369E-09 1.9798E-09 2.0290E-09 2.0766E-09 2.1251E-09 2.1718E-09 2.2295E-09 2.2997E-09 2.3579E-09 2.4186E-09 2.4875E-09 2.5499E-09 2.6257E-09 2.7005E-09 2.7715E-09 2.8634E-09 2.9379E-09 3.0108E-09 3.0922E-09 3.1767E-09 3.2397E-09 3.3054E-09 3.3834E-09 3.4422E-09 3.5074E-09 3.5673E-09 3.6268E-09 3.6848E-09 3.7317E-09 3.7751E-09 3.8150E-09 3.8529E-09 3.8906E-09 3.9205E-09 3.9472E-09 3.9709E-09 3.9918E-09 4.0116E-09 4.0117E-09 4.0126E-09 4.0183E-09 4.0061E-09
1.3590E-09 1.3941E-09 1.4285E-09 1.4637E-09 1.4996E-09 1.5365E-09 1.5741E-09 1.6119E-09 1.6511E-09 1.6912E-09 1.7342E-09 1.7729E-09 1.8158E-09 1.8618E-09 1.9063E-09 1.9488E-09 1.9948E-09 2.0450E-09 2.0936E-09 2.1408E-09 2.2132E-09 2.2692E-09 2.3288E-09 2.3911E-09 2.4589E-09 2.5307E-09 2.6090E-09 2.6939E-09 2.7741E-09 2.8502E-09 2.9240E-09 3.0079E-09 3.0978E-09 3.1725E-09 3.2412E-09 3.3139E-09 3.3966E-09 3.4629E-09 3.5306E-09 3.5944E-09 3.6593E-09 3.7145E-09 3.7694E-09 3.8233E-09 3.8722E-09 3.9163E-09 3.9560E-09 3.9920E-09 4.0244E-09 4.0534E-09 4.0792E-09 4.1020E-09 4.1241E-09 4.1637E-09 4.1366E-09 4.1337E-09 4.1412E-09
1.3665E-09 1.4034E-09 1.4350E-09 1.4705E-09 1.5099E-09 1.5439E-09 1.5843E-09 1.6231E-09 1.6595E-09 1.7025E-09 1.7433E-09 1.7824E-09 1.8283E-09 1.8751E-09 1.9171E-09 1.9627E-09 2.0095E-09 2.0614E-09 2.1083E-09 2.1807E-09 2.2373E-09 2.2990E-09 2.3601E-09 2.4372E-09 2.5138E-09 2.5915E-09 2.6754E-09 2.7499E-09 2.8297E-09 2.9246E-09 3.0171E-09 3.0942E-09 3.1652E-09 3.2433E-09 3.3314E-09 3.4026E-09 3.4732E-09 3.5514E-09 3.6167E-09 3.6821E-09 3.7500E-09 3.8091E-09 3.8652E-09 3.9181E-09 3.9673E-09 4.0133E-09 4.0555E-09 4.0941E-09 4.1293E-09 4.1611E-09 4.1897E-09 4.2155E-09 4.2407E-09 4.2830E-09 4.3193E-09 4.2719E-09 4.2632E-09
1.3752E-09 1.4093E-09 1.4442E-09 1.4800E-09 1.5166E-09 1.5540E-09 1.5916E-09 1.6307E-09 1.6707E-09 1.7135E-09 1.7519E-09 1.7947E-09 1.8405E-09 1.8850E-09 1.9274E-09 1.9763E-09 2.0282E-09 2.0825E-09 2.1476E-09 2.2050E-09 2.2671E-09 2.3276E-09 2.4051E-09 2.4926E-09 2.5777E-09 2.6470E-09 2.7313E-09 2.8245E-09 2.9192E-09 2.9978E-09 3.0785E-09 3.1614E-09 3.2450E-09 3.3289E-09 3.4019E-09 3.4861E-09 3.5579E-09 3.6349E-09 3.7051E-09 3.7718E-09 3.8373E-09 3.8997E-09 3.9592E-09 4.0158E-09 4.0687E-09 4.1178E-09 4.1629E-09 4.2046E-09 4.2423E-09 4.2762E-09 4.3071E-09 4.3360E-09 4.3646E-09 4.4101E-09 4.4602E-09 4.4677E-09 4.4439E-09
1.3835E-09 1.4179E-09 1.4531E-09 1.4891E-09 1.5260E-09 1.5631E-09 1.6017E-09 1.6411E-09 1.6834E-09 1.7213E-09 1.7634E-09 1.8086E-09 1.8525E-09 1.8943E-09 1.9427E-09 1.9943E-09 2.0481E-09 2.1133E-09 2.1717E-09 2.2334E-09 2.3012E-09 2.3724E-09 2.4772E-09 2.5463E-09 2.6254E-09 2.7115E-09 2.8163E-09 2.8943E-09 2.9754E-09 3.0687E-09 3.1568E-09 3.2433E-09 3.3187E-09 3.4062E-09 3.4863E-09 3.5670E-09 3.6431E-09 3.7170E-09 3.7900E-09 3.8608E-09 3.9295E-09 3.9955E-09 4.0585E-09 4.1188E-09 4.1749E-09 4.2271E-09 4.2760E-09 4.3209E-09 4.3619E-09 4.3989E-09 4.4328E-09 4.4643E-09 4.4956E-09 4.5445E-09 4.6106E-09 4.6190E-09 4.6525E-09
