Assets/Resources/2015_m01_d21_1000(utc+0800)_l00_csi_1hr_conc.grd
DSAA
         159         159
     -79.000      79.000
     -79.000      79.000
  0.6465E-09  0.6203E-05
[rows 100 to 124 of 159, columns 0 to 56 of 159]
2.7521E-09 2.8440E-09 2.9377E-09 3.0337E-09 3.1310E-09 3.2286E-09 3.3281E-09 3.4287E-09 3.5299E-09 3.6320E-09 3.7341E-09 3.8361E-09 3.9385E-09 4.0403E-09 4.1419E-09 4.2433E-09 4.3437E-09 4.4434E-09 4.5426E-09 4.6404E-09 4.7372E-09 4.8332E-09 4.9275E-09 5.0204E-09 5.1121E-09 5.2016E-09 5.2889E-09 5.3753E-09 5.4587E-09 5.5393E-09 5.6183E-09 5.6946E-09 5.7675E-09 5.8381E-09 5.9063E-09 5.9712E-09 6.0328E-09 6.1036E-09 6.1610E-09 6.2151E-09 6.2657E-09 6.3134E-09 6.3727E-09 6.4159E-09 6.4558E-09 6.4927E-09 6.5403E-09 6.5724E-09 6.6016E-09 6.6394E-09 6.6656E-09 6.6872E-09 6.7060E-09 6.7338E-09 6.7500E-09 6.7616E-09 6.7706E-09
2.7052E-09 2.7953E-09 2.8875E-09 2.9811E-09 3.0768E-09 3.1735E-09 3.2710E-09 3.3699E-09 3.4695E-09 3.5698E-09 3.6707E-09 3.7713E-09 3.8718E-09 3.9726E-09 4.0728E-09 4.1725E-09 4.2720E-09 4.3705E-09 4.4681E-09 4.5652E-09 4.6609E-09 4.7554E-09 4.8490E-09 4.9410E-09 5.0314E-09 5.1205E-09 5.2074E-09 5.2919E-09 5.3754E-09 5.4559E-09 5.5335E-09 5.6094E-09 5.6827E-09 5.7526E-09 5.8196E-09 5.8852E-09 5.9470E-09 6.0054E-09 6.0609E-09 6.1274E-09 6.1784E-09 6.2261E-09 6.2707E-09 6.3267E-09 6.3670E-09 6.4039E-09 6.4378E-09 6.4817E-09 6.5114E-09 6.5378E-09 6.5613E-09 6.5955E-09 6.6143E-09 6.6304E-09 6.6437E-09 6.6682E-09 6.6771E-09
2.6581E-09 2.7460E-09 2.8365E-09 2.9290E-09 3.0223E-09 3.1178E-09 3.2135E-09 3.3105E-09 3.4088E-09 3.5075E-09 3.6065E-09 3.7063E-09 3.8051E-09 3.9041E-09 4.0036E-09 4.1016E-09 4.1995E-09 4.2971E-09 4.3935E-09 4.4890E-09 4.5840E-09 4.6774E-09 4.7697E-09 4.8610E-09 4.9505E-09 5.0379E-09 5.1249E-09 5.2090E-09 5.2907E-09 5.3713E-09 5.4488E-09 5.5235E-09 5.5964E-09 5.6666E-09 5.7335E-09 5.7975E-09 5.8600E-09 5.9187E-09 5.9741E-09 6.0265E-09 6.0899E-09 6.1379E-09 6.1826E-09 6.2244E-09 6.2767E-09 6.3145E-09 6.3485E-09 6.3796E-09 6.4191E-09 6.4473E-09 6.4708E-09 6.4914E-09 6.5208E-09 6.5386E-09 6.5519E-09 6.5626E-09 6.5705E-09
2.6108E-09 2.6973E-09 2.7853E-09 2.8761E-09 2.9684E-09 3.0614E-09 3.1559E-09 3.2512E-09 3.3475E-09 3.4450E-09 3.5424E-09 3.6404E-09 3.7384E-09 3.8356E-09 3.9334E-09 4.0307E-09 4.1270E-09 4.2228E-09 4.3184E-09 4.4128E-09 4.5062E-09 4.5989E-09 4.6901E-09 4.7800E-09 4.8690E-09 4.9560E-09 5.0409E-09 5.1251E-09 5.2065E-09 5.2854E-09 5.3627E-09 5.4376E-09 5.5093E-09 5.5792E-09 5.6465E-09 5.7104E-09 5.7714E-09 5.8304E-09 5.8865E-09 5.9390E-09 5.9886E-09 6.0483E-09 6.0937E-09 6.1356E-09 6.1746E-09 6.2105E-09 6.2586E-09 6.2898E-09 6.3182E-09 6.3438E-09 6.3800E-09 6.4008E-09 6.4188E-09 6.4341E-09 6.4601E-09 6.4709E-09 6.4790E-09
2.5631E-09 2.6478E-09 2.7347E-09 2.8230E-09 2.9136E-09 3.0053E-09 3.0977E-09 3.1917E-09 3.2864E-09 3.3819E-09 3.4781E-09 3.5742E-09 3.6708E-09 3.7672E-09 3.8628E-09 3.9588E-09 4.0544E-09 4.1487E-09 4.2426E-09 4.3365E-09 4.4284E-09 4.5196E-09 4.6101E-09 4.6990E-09 4.7863E-09 4.8731E-09 4.9576E-09 5.0399E-09 5.1214E-09 5.1999E-09 5.2759E-09 5.3504E-09 5.4224E-09 5.4912E-09 5.5577E-09 5.6225E-09 5.6834E-09 5.7414E-09 5.7970E-09 5.8507E-09 5.9003E-09 5.9470E-09 5.9908E-09 6.0462E-09 6.0853E-09 6.1214E-09 6.1547E-09 6.1991E-09 6.2281E-09 6.2539E-09 6.2768E-09 6.3081E-09 6.3280E-09 6.3435E-09 6.3562E-09 6.3663E-09 6.3875E-09
2.5161E-09 2.5983E-09 2.6833E-09 2.7705E-09 2.8587E-09 2.9491E-09 3.0398E-09 3.1318E-09 3.2251E-09 3.3190E-09 3.4133E-09 3.5086E-09 3.6029E-09 3.6979E-09 3.7927E-09 3.8866E-09 3.9809E-09 4.0745E-09 4.1669E-09 4.2588E-09 4.3503E-09 4.4404E-09 4.5290E-09 4.6176E-09 4.7043E-09 4.7891E-09 4.8735E-09 4.9553E-09 5.0350E-09 5.1133E-09 5.1895E-09 5.2626E-09 5.3338E-09 5.4033E-09 5.4692E-09 5.5325E-09 5.5943E-09 5.6527E-09 5.7077E-09 5.7601E-09 5.8113E-09 5.8581E-09 5.9020E-09 5.9431E-09 5.9950E-09 6.0317E-09 6.0652E-09 6.0958E-09 6.1236E-09 6.1635E-09 6.1867E-09 6.2071E-09 6.2247E-09 6.2527E-09 6.2658E-09 6.2761E-09 6.2838E-09
2.4684E-09 2.5494E-09 2.6320E-09 2.7173E-09 2.8044E-09 2.8921E-09 2.9819E-09 3.0721E-09 3.1634E-09 3.2560E-09 3.3487E-09 3.4418E-09 3.5356E-09 3.6284E-09 3.7218E-09 3.8150E-09 3.9071E-09 3.9991E-09 4.0913E-09 4.1816E-09 4.2715E-09 4.3608E-09 4.4488E-09 4.5352E-09 4.6216E-09 4.7058E-09 4.7882E-09 4.8697E-09 4.9493E-09 5.0262E-09 5.1014E-09 5.1752E-09 5.2455E-09 5.3134E-09 5.3805E-09 5.4435E-09 5.5039E-09 5.5625E-09 5.6183E-09 5.6706E-09 5.7202E-09 5.7682E-09 5.8126E-09 5.8539E-09 5.8923E-09 5.9279E-09 5.9752E-09 6.0060E-09 6.0341E-09 6.0594E-09 6.0958E-09 6.1169E-09 6.1349E-09 6.1501E-09 6.1626E-09 6.1858E-09 6.1939E-09
2.4208E-09 2.4999E-09 2.5813E-09 2.6641E-09 2.7495E-09 2.8362E-09 2.9232E-09 3.0125E-09 3.1021E-09 3.1926E-09 3.2841E-09 3.3756E-09 3.4672E-09 3.5595E-09 3.6508E-09 3.7422E-09 3.8340E-09 3.9243E-09 4.0144E-09 4.1046E-09 4.1929E-09 4.2803E-09 4.3679E-09 4.4537E-09 4.5379E-09 4.6216E-09 4.7038E-09 4.7837E-09 4.8626E-09 4.9395E-09 5.0138E-09 5.0858E-09 5.1572E-09 5.2247E-09 5.2898E-09 5.3537E-09 5.4143E-09 5.4719E-09 5.5271E-09 5.5805E-09 5.6301E-09 5.6770E-09 5.7211E-09 5.7641E-09 5.8027E-09 5.8386E-09 5.8716E-09 5.9153E-09 5.9441E-09 5.9698E-09 5.9927E-09 6.0129E-09 6.0447E-09 6.0603E-09 6.0732E-09 6.0836E-09 6.0912E-09
2.3732E-09 2.4505E-09 2.5301E-09 2.6117E-09 2.6947E-09 2.7796E-09 2.8657E-09 2.9522E-09 3.0408E-09 3.1297E-09 3.2188E-09 3.3094E-09 3.3994E-09 3.4896E-09 3.5800E-09 3.6700E-09 3.7597E-09 3.8498E-09 3.9382E-09 4.0264E-09 4.1142E-09 4.2008E-09 4.2862E-09 4.3716E-09 4.4552E-09 4.5371E-09 4.6184E-09 4.6982E-09 4.7756E-09 4.8511E-09 4.9262E-09 4.9977E-09 5.0670E-09 5.1352E-09 5.2003E-09 5.2627E-09 5.3230E-09 5.3816E-09 5.4363E-09 5.4885E-09 5.5396E-09 5.5865E-09 5.6307E-09 5.6722E-09 5.7122E-09 5.7487E-09 5.7820E-09 5.8126E-09 5.8404E-09 5.8797E-09 5.9030E-09 5.9236E-09 5.9414E-09 5.9566E-09 5.9836E-09 5.9944E-09 6.0025E-09
2.3252E-09 2.4013E-09 2.4790E-09 2.5588E-09 2.6407E-09 2.7232E-09 2.8076E-09 2.8930E-09 2.9789E-09 3.0664E-09 3.1547E-09 3.2426E-09 3.3318E-09 3.4204E-09 3.5086E-09 3.5979E-09 3.6862E-09 3.7738E-09 3.8620E-09 3.9489E-09 4.0347E-09 4.1209E-09 4.2054E-09 4.2887E-09 4.3716E-09 4.4533E-09 4.5329E-09 4.6115E-09 4.6892E-09 4.7640E-09 4.8369E-09 4.9089E-09 4.9781E-09 5.0447E-09 5.1094E-09 5.1726E-09 5.2323E-09 5.2894E-09 5.3456E-09 5.3977E-09 5.4471E-09 5.4940E-09 5.5399E-09 5.5815E-09 5.6204E-09 5.6567E-09 5.6919E-09 5.7228E-09 5.7510E-09 5.7766E-09 5.7994E-09 5.8339E-09 5.8522E-09 5.8678E-09 5.8809E-09 5.8914E-09 5.9137E-09
2.2781E-09 2.3516E-09 2.4281E-09 2.5061E-09 2.5858E-09 2.6676E-09 2.7496E-09 2.8333E-09 2.9182E-09 3.0034E-09 3.0900E-09 3.1770E-09 3.2635E-09 3.3510E-09 3.4384E-09 3.5251E-09 3.6127E-09 3.6993E-09 3.7850E-09 3.8714E-09 3.9563E-09 4.0402E-09 4.1240E-09 4.2068E-09 4.2879E-09 4.3682E-09 4.4481E-09 4.5254E-09 4.6011E-09 4.6763E-09 4.7490E-09 4.8192E-09 4.8882E-09 4.9551E-09 5.0191E-09 5.0807E-09 5.1416E-09 5.1986E-09 5.2530E-09 5.3053E-09 5.3559E-09 5.4028E-09 5.4471E-09 5.4904E-09 5.5295E-09 5.5660E-09 5.5998E-09 5.6310E-09 5.6611E-09 5.6871E-09 5.7105E-09 5.7311E-09 5.7491E-09 5.7788E-09 5.7924E-09 5.8034E-09 5.8118E-09
2.2306E-09 2.3029E-09 2.3762E-09 2.4536E-09 2.5318E-09 2.6113E-09 2.6925E-09 2.7739E-09 2.8567E-09 2.9412E-09 3.0254E-09 3.1105E-09 3.1965E-09 3.2817E-09 3.3676E-09 3.4536E-09 3.5387E-09 3.6242E-09 3.7093E-09 3.7933E-09 3.8773E-09 3.9607E-09 4.0426E-09 4.1239E-09 4.2050E-09 4.2840E-09 4.3617E-09 4.4396E-09 4.5146E-09 4.5879E-09 4.6602E-09 4.7306E-09 4.7983E-09 4.8639E-09 4.9289E-09 4.9902E-09 5.0493E-09 5.1063E-09 5.1618E-09 5.2136E-09 5.2629E-09 5.3113E-09 5.3557E-09 5.3974E-09 5.4367E-09 5.4749E-09 5.5090E-09 5.5405E-09 5.5693E-09 5.5960E-09 5.6210E-09 5.6422E-09 5.6607E-09 5.6767E-09 5.6905E-09 5.7151E-09 5.7241E-09
2.1834E-09 2.2539E-09 2.3266E-09 2.4002E-09 2.4778E-09 2.5559E-09 2.6344E-09 2.7150E-09 2.7961E-09 2.8779E-09 2.9618E-09 3.0450E-09 3.1284E-09 3.2134E-09 3.2971E-09 3.3812E-09 3.4659E-09 3.5493E-09 3.6327E-09 3.7164E-09 3.7985E-09 3.8802E-09 3.9620E-09 4.0419E-09 4.1208E-09 4.2001E-09 4.2770E-09 4.3525E-09 4.4273E-09 4.5006E-09 4.5714E-09 4.6404E-09 4.7090E-09 4.7741E-09 4.8372E-09 4.8985E-09 4.9583E-09 5.0148E-09 5.0688E-09 5.1220E-09 5.1713E-09 5.2181E-09 5.2624E-09 5.3058E-09 5.3452E-09 5.3821E-09 5.4163E-09 5.4497E-09 5.4788E-09 5.5055E-09 5.5297E-09 5.5520E-09 5.5719E-09 5.5885E-09 5.6025E-09 5.6140E-09 5.6230E-09
2.1378E-09 2.2052E-09 2.2754E-09 2.3491E-09 2.4229E-09 2.4998E-09 2.5779E-09 2.6558E-09 2.7359E-09 2.8163E-09 2.8972E-09 2.9797E-09 3.0619E-09 3.1439E-09 3.2272E-09 3.3098E-09 3.3919E-09 3.4750E-09 3.5570E-09 3.6383E-09 3.7202E-09 3.8007E-09 3.8802E-09 3.9600E-09 4.0381E-09 4.1150E-09 4.1915E-09 4.2669E-09 4.3401E-09 4.4118E-09 4.4834E-09 4.5518E-09 4.6183E-09 4.6832E-09 4.7469E-09 4.8074E-09 4.8658E-09 4.9234E-09 4.9774E-09 5.0288E-09 5.0780E-09 5.1263E-09 5.1707E-09 5.2126E-09 5.2520E-09 5.2906E-09 5.3251E-09 5.3571E-09 5.3865E-09 5.4151E-09 5.4397E-09 5.4617E-09 5.4812E-09 5.4987E-09 5.5145E-09 5.5266E-09 5.5363E-09
2.0906E-09 2.1581E-09 2.2259E-09 2.2964E-09 2.3703E-09 2.4441E-09 2.5198E-09 2.5980E-09 2.6753E-09 2.7544E-09 2.8343E-09 2.9141E-09 2.9951E-09 3.0762E-09 3.1569E-09 3.2383E-09 3.3197E-09 3.4003E-09 3.4813E-09 3.5620E-09 3.6414E-09 3.7211E-09 3.8000E-09 3.8776E-09 3.9546E-09 4.0315E-09 4.1063E-09 4.1799E-09 4.2538E-09 4.3247E-09 4.3940E-09 4.4621E-09 4.5291E-09 4.5931E-09 4.6552E-09 4.7168E-09 4.7748E-09 4.8307E-09 4.8843E-09 4.9371E-09 4.9862E-09 5.0329E-09 5.0772E-09 5.1207E-09 5.1603E-09 5.1974E-09 5.2324E-09 5.2659E-09 5.2956E-09 5.3230E-09 5.3479E-09 5.3719E-09 5.3920E-09 5.4095E-09 5.4246E-09 5.4377E-09 5.4493E-09
2.0452E-09 2.1089E-09 2.1768E-09 2.2455E-09 2.3156E-09 2.3896E-09 2.4635E-09 2.5379E-09 2.6162E-09 2.6929E-09 2.7704E-09 2.8500E-09 2.9286E-09 3.0075E-09 3.0880E-09 3.1672E-09 3.2465E-09 3.3270E-09 3.4059E-09 3.4845E-09 3.5641E-09 3.6417E-09 3.7188E-09 3.7966E-09 3.8721E-09 3.9469E-09 4.0220E-09 4.0947E-09 4.1662E-09 4.2366E-09 4.3063E-09 4.3733E-09 4.4386E-09 4.5035E-09 4.5652E-09 4.6248E-09 4.6824E-09 4.7394E-09 4.7928E-09 4.8439E-09 4.8928E-09 4.9410E-09 4.9853E-09 5.0273E-09 5.0672E-09 5.1057E-09 5.1405E-09 5.1730E-09 5.2034E-09 5.2323E-09 5.2575E-09 5.2804E-09 5.3009E-09 5.3201E-09 5.3362E-09 5.3495E-09 5.3604E-09
2.0008E-09 2.0628E-09 2.1269E-09 2.1944E-09 2.2640E-09 2.3342E-09 2.4071E-09 2.4811E-09 2.5549E-09 2.6318E-09 2.7083E-09 2.7849E-09 2.8630E-09 2.9406E-09 3.0182E-09 3.0969E-09 3.1750E-09 3.2527E-09 3.3309E-09 3.4089E-09 3.4857E-09 3.5628E-09 3.6393E-09 3.7145E-09 3.7889E-09 3.8639E-09 3.9367E-09 4.0084E-09 4.0804E-09 4.1496E-09 4.2174E-09 4.2851E-09 4.3498E-09 4.4127E-09 4.4737E-09 4.5344E-09 4.5916E-09 4.6468E-09 4.6999E-09 4.7523E-09 4.8011E-09 4.8476E-09 4.8922E-09 4.9354E-09 4.9751E-09 5.0124E-09 5.0478E-09 5.0817E-09 5.1120E-09 5.1399E-09 5.1659E-09 5.1900E-09 5.2113E-09 5.2298E-09 5.2460E-09 5.2615E-09 5.2730E-09
1.9543E-09 2.0164E-09 2.0794E-09 2.1438E-09 2.2109E-09 2.2813E-09 2.3511E-09 2.4221E-09 2.4968E-09 2.5700E-09 2.6441E-09 2.7217E-09 2.7971E-09 2.8729E-09 2.9502E-09 3.0264E-09 3.1027E-09 3.1803E-09 3.2564E-09 3.3323E-09 3.4092E-09 3.4843E-09 3.5588E-09 3.6342E-09 3.7075E-09 3.7800E-09 3.8531E-09 3.9238E-09 3.9934E-09 4.0628E-09 4.1303E-09 4.1958E-09 4.2598E-09 4.3235E-09 4.3840E-09 4.4427E-09 4.4995E-09 4.5558E-09 4.6087E-09 4.6593E-09 4.7079E-09 4.7558E-09 4.8001E-09 4.8420E-09 4.8821E-09 4.9207E-09 4.9559E-09 4.9888E-09 5.0193E-09 5.0487E-09 5.0751E-09 5.0988E-09 5.1201E-09 5.1406E-09 5.1574E-09 5.1717E-09 5.1847E-09
1.9108E-09 1.9693E-09 2.0311E-09 2.0950E-09 2.1597E-09 2.2263E-09 2.2970E-09 2.3663E-09 2.4367E-09 2.5101E-09 2.5832E-09 2.6564E-09 2.7322E-09 2.8070E-09 2.8815E-09 2.9571E-09 3.0323E-09 3.1071E-09 3.1828E-09 3.2576E-09 3.3318E-09 3.4055E-09 3.4803E-09 3.5530E-09 3.6251E-09 3.6979E-09 3.7685E-09 3.8382E-09 3.9083E-09 3.9758E-09 4.0420E-09 4.1082E-09 4.1715E-09 4.2332E-09 4.2931E-09 4.3528E-09 4.4092E-09 4.4636E-09 4.5161E-09 4.5681E-09 4.6165E-09 4.6628E-09 4.7069E-09 4.7500E-09 4.7901E-09 4.8276E-09 4.8629E-09 4.8971E-09 4.9283E-09 4.9568E-09 4.9831E-09 5.0086E-09 5.0304E-09 5.0502E-09 5.0678E-09 5.0835E-09 5.0962E-09
1.8662E-09 1.9246E-09 1.9834E-09 2.0442E-09 2.1096E-09 2.1746E-09 2.2410E-09 2.3092E-09 2.3798E-09 2.4496E-09 2.5203E-09 2.5945E-09 2.6666E-09 2.7391E-09 2.8146E-09 2.8877E-09 2.9610E-09 3.0357E-09 3.1090E-09 3.1820E-09 3.2563E-09 3.3288E-09 3.4009E-09 3.4737E-09 3.5447E-09 3.6150E-09 3.6845E-09 3.7546E-09 3.8223E-09 3.8889E-09 3.9557E-09 4.0197E-09 4.0822E-09 4.1443E-09 4.2041E-09 4.2617E-09 4.3176E-09 4.3732E-09 4.4254E-09 4.4756E-09 4.5238E-09 4.5710E-09 4.6154E-09 4.6573E-09 4.6971E-09 4.7358E-09 4.7716E-09 4.8048E-09 4.8358E-09 4.8661E-09 4.8927E-09 4.9174E-09 4.9400E-09 4.9606E-09 4.9787E-09 4.9945E-09 5.0085E-09
1.8233E-09 1.8787E-09 1.9370E-09 1.9966E-09 2.0577E-09 2.1227E-09 2.1881E-09 2.2540E-09 2.3209E-09 2.3916E-09 2.4607E-09 2.5305E-09 2.6029E-09 2.6745E-09 2.7458E-09 2.8173E-09 2.8918E-09 2.9636E-09 3.0355E-09 3.1085E-09 3.1800E-09 3.2512E-09 3.3234E-09 3.3937E-09 3.4634E-09 3.5339E-09 3.6024E-09 3.6700E-09 3.7374E-09 3.8038E-09 3.8684E-09 3.9316E-09 3.9948E-09 4.0552E-09 4.1140E-09 4.1722E-09 4.2280E-09 4.2816E-09 4.3335E-09 4.3845E-09 4.4328E-09 4.4788E-09 4.5227E-09 4.5653E-09 4.6058E-09 4.6434E-09 4.6789E-09 4.7138E-09 4.7450E-09 4.7744E-09 4.8016E-09 4.8271E-09 4.8500E-09 4.8707E-09 4.8896E-09 4.9059E-09 4.9201E-09
1.7802E-09 1.8335E-09 1.8905E-09 1.9479E-09 2.0089E-09 2.0703E-09 2.1333E-09 2.2000E-09 2.2654E-09 2.3318E-09 2.3991E-09 2.4699E-09 2.5388E-09 2.6080E-09 2.6803E-09 2.7504E-09 2.8206E-09 2.8935E-09 2.9640E-09 3.0343E-09 3.1051E-09 3.1756E-09 3.2452E-09 3.3142E-09 3.3842E-09 3.4521E-09 3.5195E-09 3.5874E-09 3.6532E-09 3.7180E-09 3.7823E-09 3.8454E-09 3.9065E-09 3.9662E-09 4.0254E-09 4.0824E-09 4.1373E-09 4.1912E-09 4.2434E-09 4.2930E-09 4.3408E-09 4.3872E-09 4.4318E-09 4.4736E-09 4.5133E-09 4.5520E-09 4.5880E-09 4.6219E-09 4.6536E-09 4.6836E-09 4.7111E-09 4.7365E-09 4.7601E-09 4.7812E-09 4.8001E-09 4.8173E-09 4.8320E-09
1.7372E-09 1.7898E-09 1.8442E-09 1.9011E-09 1.9591E-09 2.0200E-09 2.0818E-09 2.1443E-09 2.2092E-09 2.2752E-09 2.3409E-09 2.4075E-09 2.4772E-09 2.5450E-09 2.6131E-09 2.6815E-09 2.7528E-09 2.8216E-09 2.8905E-09 2.9621E-09 3.0309E-09 3.0994E-09 3.1683E-09 3.2368E-09 3.3042E-09 3.3710E-09 3.4386E-09 3.5041E-09 3.5688E-09 3.6337E-09 3.6968E-09 3.7584E-09 3.8191E-09 3.8791E-09 3.9367E-09 3.9927E-09 4.0478E-09 4.1013E-09 4.1524E-09 4.2020E-09 4.2506E-09 4.2961E-09 4.3402E-09 4.3825E-09 4.4226E-09 4.4606E-09 4.4966E-09 4.5309E-09 4.5628E-09 4.5926E-09 4.6207E-09 4.6464E-09 4.6700E-09 4.6918E-09 4.7112E-09 4.7289E-09 4.7441E-09
1.6950E-09 1.7451E-09 1.7987E-09 1.8542E-09 1.9101E-09 1.9695E-09 2.0292E-09 2.0917E-09 2.1538E-09 2.2168E-09 2.2834E-09 2.3483E-09 2.4139E-09 2.4800E-09 2.5491E-09 2.6160E-09 2.6832E-09 2.7505E-09 2.8206E-09 2.8881E-09 2.9554E-09 3.0245E-09 3.0922E-09 3.1588E-09 3.2256E-09 3.2919E-09 3.3570E-09 3.4214E-09 3.4862E-09 3.5495E-09 3.6113E-09 3.6728E-09 3.7330E-09 3.7913E-09 3.8485E-09 3.9050E-09 3.9589E-09 4.0112E-09 4.0629E-09 4.1122E-09 4.1597E-09 4.2054E-09 4.2496E-09 4.2915E-09 4.3315E-09 4.3699E-09 4.4059E-09 4.4399E-09 4.4723E-09 4.5023E-09 4.5302E-09 4.5565E-09 4.5804E-09 4.6027E-09 4.6225E-09 4.6402E-09 4.6563E-09
1.6519E-09 1.7020E-09 1.7538E-09 1.8068E-09 1.8618E-09 1.9195E-09 1.9774E-09 2.0383E-09 2.0986E-09 2.1617E-09 2.2242E-09 2.2874E-09 2.3540E-09 2.4185E-09 2.4835E-09 2.5488E-09 2.6170E-09 2.6829E-09 2.7489E-09 2.8149E-09 2.8835E-09 2.9493E-09 3.0149E-09 3.0821E-09 3.1478E-09 3.2122E-09 3.2765E-09 3.3406E-09 3.4037E-09 3.4656E-09 3.5272E-09 3.5878E-09 3.6466E-09 3.7048E-09 3.7617E-09 3.8165E-09 3.8702E-09 3.9231E-09 3.9732E-09 4.0225E-09 4.0697E-09 4.1155E-09 4.1592E-09 4.2013E-09 4.2412E-09 4.2795E-09 4.3155E-09 4.3496E-09 4.3821E-09 4.4122E-09 4.4404E-09 4.4669E-09 4.4911E-09 4.5134E-09 4.5339E-09 4.5521E-09 4.5683E-09
