Assets/Resources/2015_m01_d08_1000(utc+0800)_l00_csi_1hr_conc.grd
DSAA
         159         159
     -79.000      79.000
     -79.000      79.000
  0.5709E-10  0.2091E-05
[rows 0 to 24 of 159, columns 57 to 113 of 159]
1.9629E-09 2.0115E-09 2.0607E-09 2.1098E-09 2.1590E-09 2.2088E-09 2.2577E-09 2.3075E-09 2.3562E-09 2.4055E-09 2.4538E-09 2.5089E-09 2.5568E-09 2.6042E-09 2.6585E-09 2.7053E-09 2.7581E-09 2.8039E-09 2.8489E-09 2.8999E-09 2.9436E-09 2.9924E-09 3.0344E-09 3.0753E-09 3.1212E-09 3.1600E-09 3.2053E-09 3.2480E-09 3.2836E-09 3.3253E-09 3.3583E-09 3.3898E-09 3.4270E-09 3.4557E-09 3.4827E-09 3.5081E-09 3.5390E-09 3.5611E-09 3.5815E-09 3.6001E-09 3.6240E-09 3.6391E-09 3.6524E-09 3.6638E-09 3.6733E-09 3.6879E-09 3.6938E-09 3.6979E-09 3.7000E-09 3.7003E-09 3.6987E-09 3.7022E-09 3.6970E-09 3.6901E-09 3.6814E-09 3.6709E-09 3.6587E-09
2.0065E-09 2.0570E-09 2.1070E-09 2.1582E-09 2.2084E-09 2.2595E-09 2.3098E-09 2.3605E-09 2.4107E-09 2.4607E-09 2.5174E-09 2.5669E-09 2.6232E-09 2.6723E-09 2.7276E-09 2.7759E-09 2.8235E-09 2.8773E-09 2.9238E-09 2.9757E-09 3.0207E-09 3.0648E-09 3.1141E-09 3.1564E-09 3.2052E-09 3.2516E-09 3.2908E-09 3.3364E-09 3.3733E-09 3.4087E-09 3.4501E-09 3.4828E-09 3.5138E-09 3.5506E-09 3.5786E-09 3.6049E-09 3.6364E-09 3.6594E-09 3.6805E-09 3.6998E-09 3.7240E-09 3.7397E-09 3.7535E-09 3.7653E-09 3.7751E-09 3.7899E-09 3.7960E-09 3.8001E-09 3.8023E-09 3.8025E-09 3.8008E-09 3.7972E-09 3.7917E-09 3.7843E-09 3.7751E-09 3.7641E-09 3.7513E-09
2.0514E-09 2.1027E-09 2.1548E-09 2.2062E-09 2.2586E-09 2.3101E-09 2.3625E-09 2.4139E-09 2.4723E-09 2.5238E-09 2.5820E-09 2.6332E-09 2.6840E-09 2.7413E-09 2.7914E-09 2.8478E-09 2.8970E-09 2.9517E-09 2.9998E-09 3.0470E-09 3.0994E-09 3.1450E-09 3.1973E-09 3.2473E-09 3.2975E-09 3.3395E-09 3.3802E-09 3.4269E-09 3.4651E-09 3.5018E-09 3.5442E-09 3.5781E-09 3.6103E-09 3.6478E-09 3.6769E-09 3.7042E-09 3.7297E-09 3.7602E-09 3.7822E-09 3.8022E-09 3.8202E-09 3.8431E-09 3.8574E-09 3.8696E-09 3.8798E-09 3.8880E-09 3.8942E-09 3.8983E-09 3.9004E-09 3.9004E-09 3.8985E-09 3.8946E-09 3.8887E-09 3.8808E-09 3.8711E-09 3.8595E-09 3.8461E-09
2.0968E-09 2.1495E-09 2.2026E-09 2.2557E-09 2.3087E-09 2.3622E-09 2.4152E-09 2.4751E-09 2.5283E-09 2.5880E-09 2.6409E-09 2.7002E-09 2.7527E-09 2.8114E-09 2.8633E-09 2.9145E-09 2.9715E-09 3.0216E-09 3.0771E-09 3.1259E-09 3.1815E-09 3.2349E-09 3.2887E-09 3.3344E-09 3.3789E-09 3.4295E-09 3.4717E-09 3.5125E-09 3.5591E-09 3.5972E-09 3.6337E-09 3.6757E-09 3.7092E-09 3.7409E-09 3.7778E-09 3.8061E-09 3.8325E-09 3.8570E-09 3.8865E-09 3.9073E-09 3.9260E-09 3.9427E-09 3.9573E-09 3.9698E-09 3.9802E-09 3.9885E-09 3.9947E-09 3.9988E-09 4.0007E-09 4.0006E-09 3.9985E-09 3.9942E-09 3.9880E-09 3.9797E-09 3.9694E-09 3.9572E-09 3.9431E-09
2.1423E-09 2.1969E-09 2.2508E-09 2.3056E-09 2.3598E-09 2.4211E-09 2.4757E-09 2.5372E-09 2.5919E-09 2.6467E-09 2.7076E-09 2.7619E-09 2.8226E-09 2.8764E-09 2.9359E-09 2.9889E-09 3.0472E-09 3.0990E-09 3.1577E-09 3.2144E-09 3.2717E-09 3.3209E-09 3.3691E-09 3.4235E-09 3.4696E-09 3.5144E-09 3.5652E-09 3.6075E-09 3.6553E-09 3.6948E-09 3.7327E-09 3.7758E-09 3.8105E-09 3.8435E-09 3.8745E-09 3.9106E-09 3.9381E-09 3.9635E-09 3.9869E-09 4.0083E-09 4.0275E-09 4.0446E-09 4.0595E-09 4.0723E-09 4.0829E-09 4.0913E-09 4.0976E-09 4.1016E-09 4.1035E-09 4.1032E-09 4.1008E-09 4.0962E-09 4.0896E-09 4.0809E-09 4.0701E-09 4.0573E-09 4.0425E-09
2.1888E-09 2.2441E-09 2.2999E-09 2.3556E-09 2.4181E-09 2.4743E-09 2.5372E-09 2.5934E-09 2.6564E-09 2.7127E-09 2.7754E-09 2.8315E-09 2.8933E-09 2.9488E-09 3.0038E-09 3.0645E-09 3.1260E-09 3.1858E-09 3.2390E-09 3.2990E-09 3.3507E-09 3.4088E-09 3.4587E-09 3.5145E-09 3.5623E-09 3.6087E-09 3.6609E-09 3.7048E-09 3.7471E-09 3.7948E-09 3.8341E-09 3.8717E-09 3.9144E-09 3.9486E-09 3.9808E-09 4.0111E-09 4.0394E-09 4.0655E-09 4.0896E-09 4.1115E-09 4.1313E-09 4.1488E-09 4.1641E-09 4.1772E-09 4.1880E-09 4.1965E-09 4.2028E-09 4.2069E-09 4.2087E-09 4.2082E-09 4.2055E-09 4.2007E-09 4.1936E-09 4.1844E-09 4.1731E-09 4.1597E-09 4.1443E-09
2.2354E-09 2.2921E-09 2.3493E-09 2.4129E-09 2.4708E-09 2.5349E-09 2.5930E-09 2.6574E-09 2.7153E-09 2.7800E-09 2.8378E-09 2.9017E-09 2.9592E-09 3.0224E-09 3.0792E-09 3.1492E-09 3.2055E-09 3.2686E-09 3.3237E-09 3.3852E-09 3.4388E-09 3.4913E-09 3.5502E-09 3.6007E-09 3.6570E-09 3.7052E-09 3.7519E-09 3.8042E-09 3.8481E-09 3.8904E-09 3.9379E-09 3.9770E-09 4.0141E-09 4.0493E-09 4.0826E-09 4.1138E-09 4.1428E-09 4.1698E-09 4.1945E-09 4.2170E-09 4.2373E-09 4.2553E-09 4.2710E-09 4.2844E-09 4.2954E-09 4.3041E-09 4.3105E-09 4.3145E-09 4.3264E-09 4.3260E-09 4.3233E-09 4.3182E-09 4.3109E-09 4.3014E-09 4.2897E-09 4.2758E-09 4.2597E-09
2.2823E-09 2.3406E-09 2.4055E-09 2.4712E-09 2.5303E-09 2.5963E-09 2.6559E-09 2.7221E-09 2.7820E-09 2.8478E-09 2.9076E-09 2.9730E-09 3.0324E-09 3.0989E-09 3.1639E-09 3.2299E-09 3.2882E-09 3.3529E-09 3.4100E-09 3.4662E-09 3.5287E-09 3.5831E-09 3.6435E-09 3.6959E-09 3.7469E-09 3.8036E-09 3.8521E-09 3.9058E-09 3.9514E-09 3.9953E-09 4.0374E-09 4.0776E-09 4.1159E-09 4.1522E-09 4.1865E-09 4.2186E-09 4.2485E-09 4.2762E-09 4.3017E-09 4.3248E-09 4.3456E-09 4.3641E-09 4.3802E-09 4.4041E-09 4.4157E-09 4.4249E-09 4.4316E-09 4.4360E-09 4.4478E-09 4.4474E-09 4.4447E-09 4.4396E-09 4.4321E-09 4.4223E-09 4.4102E-09 4.3958E-09 4.3791E-09
2.3363E-09 2.3962E-09 2.4629E-09 2.5234E-09 2.5909E-09 2.6520E-09 2.7199E-09 2.7814E-09 2.8491E-09 2.9107E-09 2.9782E-09 3.0396E-09 3.1145E-09 3.1758E-09 3.2442E-09 3.3049E-09 3.3723E-09 3.4319E-09 3.4979E-09 3.5561E-09 3.6203E-09 3.6767E-09 3.7320E-09 3.7930E-09 3.8459E-09 3.9042E-09 3.9545E-09 4.0033E-09 4.0503E-09 4.0955E-09 4.1389E-09 4.1804E-09 4.2198E-09 4.2572E-09 4.2925E-09 4.3255E-09 4.3563E-09 4.3849E-09 4.4110E-09 4.4450E-09 4.4668E-09 4.4862E-09 4.5031E-09 4.5274E-09 4.5396E-09 4.5493E-09 4.5565E-09 4.5612E-09 4.5729E-09 4.5728E-09 4.5701E-09 4.5650E-09 4.5573E-09 4.5473E-09 4.5348E-09 4.5199E-09 4.5027E-09
2.3844E-09 2.4524E-09 2.5144E-09 2.5830E-09 2.6459E-09 2.7152E-09 2.7783E-09 2.8478E-09 2.9112E-09 2.9807E-09 3.0515E-09 3.1213E-09 3.1922E-09 3.2557E-09 3.3259E-09 3.3887E-09 3.4579E-09 3.5197E-09 3.5805E-09 3.6477E-09 3.7069E-09 3.7721E-09 3.8293E-09 3.8921E-09 3.9470E-09 4.0004E-09 4.0523E-09 4.1025E-09 4.1510E-09 4.1976E-09 4.2423E-09 4.2851E-09 4.3257E-09 4.3642E-09 4.4005E-09 4.4346E-09 4.4765E-09 4.5063E-09 4.5337E-09 4.5587E-09 4.5913E-09 4.6116E-09 4.6294E-09 4.6447E-09 4.6671E-09 4.6775E-09 4.6852E-09 4.6903E-09 4.6927E-09 4.7022E-09 4.6996E-09 4.6945E-09 4.6868E-09 4.6765E-09 4.6638E-09 4.6485E-09 4.6307E-09
2.4395E-09 2.5028E-09 2.5727E-09 2.6433E-09 2.7078E-09 2.7787E-09 2.8438E-09 2.9150E-09 2.9803E-09 3.0593E-09 3.1252E-09 3.1984E-09 3.2641E-09 3.3368E-09 3.4020E-09 3.4739E-09 3.5382E-09 3.6089E-09 3.6719E-09 3.7409E-09 3.8023E-09 3.8626E-09 3.9286E-09 3.9866E-09 4.0433E-09 4.0984E-09 4.1518E-09 4.2036E-09 4.2535E-09 4.3016E-09 4.3477E-09 4.3917E-09 4.4335E-09 4.4832E-09 4.5211E-09 4.5567E-09 4.5899E-09 4.6309E-09 4.6596E-09 4.6858E-09 4.7192E-09 4.7406E-09 4.7594E-09 4.7755E-09 4.7985E-09 4.8095E-09 4.8179E-09 4.8234E-09 4.8263E-09 4.8358E-09 4.8335E-09 4.8285E-09 4.8207E-09 4.8103E-09 4.7973E-09 4.7817E-09 4.7635E-09
2.4888E-09 2.5600E-09 2.6319E-09 2.6978E-09 2.7703E-09 2.8369E-09 2.9099E-09 2.9770E-09 3.0582E-09 3.1260E-09 3.2015E-09 3.2694E-09 3.3446E-09 3.4121E-09 3.4867E-09 3.5535E-09 3.6270E-09 3.6928E-09 3.7649E-09 3.8292E-09 3.8994E-09 3.9618E-09 4.0230E-09 4.0828E-09 4.1412E-09 4.1979E-09 4.2530E-09 4.3064E-09 4.3578E-09 4.4073E-09 4.4548E-09 4.5103E-09 4.5540E-09 4.5955E-09 4.6446E-09 4.6819E-09 4.7167E-09 4.7587E-09 4.7889E-09 4.8164E-09 4.8414E-09 4.8733E-09 4.8932E-09 4.9103E-09 4.9247E-09 4.9457E-09 4.9547E-09 4.9610E-09 4.9643E-09 4.9649E-09 4.9719E-09 4.9671E-09 4.9594E-09 4.9489E-09 4.9357E-09 4.9198E-09 4.9011E-09
2.5448E-09 2.6180E-09 2.6853E-09 2.7592E-09 2.8274E-09 2.9020E-09 2.9783E-09 3.0540E-09 3.1312E-09 3.2014E-09 3.2788E-09 3.3490E-09 3.4261E-09 3.4960E-09 3.5725E-09 3.6418E-09 3.7172E-09 3.7853E-09 3.8593E-09 3.9260E-09 3.9915E-09 4.0559E-09 4.1189E-09 4.1805E-09 4.2406E-09 4.2991E-09 4.3558E-09 4.4108E-09 4.4638E-09 4.5251E-09 4.5746E-09 4.6219E-09 4.6772E-09 4.7206E-09 4.7616E-09 4.8101E-09 4.8466E-09 4.8806E-09 4.9216E-09 4.9506E-09 4.9769E-09 5.0098E-09 5.0309E-09 5.0491E-09 5.0645E-09 5.0862E-09 5.0960E-09 5.1030E-09 5.1070E-09 5.1080E-09 5.1152E-09 5.1106E-09 5.1030E-09 5.0926E-09 5.0793E-09 5.0631E-09 5.0440E-09
2.6015E-09 2.6700E-09 2.7454E-09 2.8150E-09 2.8913E-09 2.9753E-09 3.0468E-09 3.1260E-09 3.1982E-09 3.2777E-09 3.3501E-09 3.4297E-09 3.5019E-09 3.5811E-09 3.6529E-09 3.7312E-09 3.8021E-09 3.8793E-09 3.9489E-09 4.0175E-09 4.0850E-09 4.1512E-09 4.2162E-09 4.2796E-09 4.3415E-09 4.4018E-09 4.4602E-09 4.5271E-09 4.5823E-09 4.6453E-09 4.6969E-09 4.7464E-09 4.8033E-09 4.8487E-09 4.8916E-09 4.9416E-09 4.9799E-09 5.0156E-09 5.0579E-09 5.0885E-09 5.1164E-09 5.1413E-09 5.1727E-09 5.1922E-09 5.2088E-09 5.2224E-09 5.2420E-09 5.2498E-09 5.2545E-09 5.2562E-09 5.2548E-09 5.2503E-09 5.2428E-09 5.2322E-09 5.2186E-09 5.2021E-09 5.1826E-09
2.6522E-09 2.7289E-09 2.8059E-09 2.8776E-09 2.9633E-09 3.0366E-09 3.1176E-09 3.1916E-09 3.2733E-09 3.3478E-09 3.4297E-09 3.5112E-09 3.5860E-09 3.6672E-09 3.7415E-09 3.8219E-09 3.8953E-09 3.9679E-09 4.0396E-09 4.1102E-09 4.1797E-09 4.2479E-09 4.3148E-09 4.3801E-09 4.4438E-09 4.5160E-09 4.5769E-09 4.6359E-09 4.7032E-09 4.7587E-09 4.8219E-09 4.8736E-09 4.9230E-09 4.9797E-09 5.0248E-09 5.0672E-09 5.1166E-09 5.1542E-09 5.1890E-09 5.2303E-09 5.2598E-09 5.2864E-09 5.3189E-09 5.3398E-09 5.3577E-09 5.3724E-09 5.3841E-09 5.3925E-09 5.3978E-09 5.3999E-09 5.3988E-09 5.3946E-09 5.3871E-09 5.3765E-09 5.3627E-09 5.3458E-09 5.3259E-09
2.7097E-09 2.7880E-09 2.8611E-09 2.9484E-09 3.0232E-09 3.1060E-09 3.1818E-09 3.2654E-09 3.3491E-09 3.4261E-09 3.5101E-09 3.5872E-09 3.6710E-09 3.7479E-09 3.8312E-09 3.9074E-09 3.9829E-09 4.0576E-09 4.1314E-09 4.2040E-09 4.2756E-09 4.3457E-09 4.4146E-09 4.4918E-09 4.5581E-09 4.6227E-09 4.6957E-09 4.7572E-09 4.8264E-09 4.8845E-09 4.9403E-09 5.0036E-09 5.0554E-09 5.1139E-09 5.1612E-09 5.2058E-09 5.2569E-09 5.2965E-09 5.3333E-09 5.3672E-09 5.4075E-09 5.4358E-09 5.4611E-09 5.4832E-09 5.5022E-09 5.5179E-09 5.5304E-09 5.5397E-09 5.5456E-09 5.5483E-09 5.5476E-09 5.5436E-09 5.5363E-09 5.5256E-09 5.5117E-09 5.4946E-09 5.4742E-09
2.7674E-09 2.8417E-09 2.9304E-09 3.0068E-09 3.0912E-09 3.1759E-09 3.2542E-09 3.3399E-09 3.4189E-09 3.5052E-09 3.5846E-09 3.6710E-09 3.7504E-09 3.8365E-09 3.9154E-09 3.9938E-09 4.0715E-09 4.1483E-09 4.2241E-09 4.2989E-09 4.3725E-09 4.4447E-09 4.5258E-09 4.5958E-09 4.6742E-09 4.7415E-09 4.8165E-09 4.8807E-09 4.9429E-09 5.0127E-09 5.0711E-09 5.1365E-09 5.1908E-09 5.2425E-09 5.3009E-09 5.3479E-09 5.3922E-09 5.4427E-09 5.4817E-09 5.5177E-09 5.5507E-09 5.5805E-09 5.6072E-09 5.6307E-09 5.6509E-09 5.6678E-09 5.6813E-09 5.6915E-09 5.6982E-09 5.7014E-09 5.7012E-09 5.6976E-09 5.7078E-09 5.6976E-09 5.6839E-09 5.6668E-09 5.6462E-09
2.8195E-09 2.9095E-09 2.9872E-09 3.0731E-09 3.1595E-09 3.2395E-09 3.3271E-09 3.4081E-09 3.4965E-09 3.5781E-09 3.6669E-09 3.7555E-09 3.8376E-09 3.9193E-09 4.0004E-09 4.0810E-09 4.1608E-09 4.2398E-09 4.3178E-09 4.3947E-09 4.4803E-09 4.5554E-09 4.6387E-09 4.7115E-09 4.7827E-09 4.8623E-09 4.9306E-09 5.0066E-09 5.0716E-09 5.1436E-09 5.2048E-09 5.2636E-09 5.3293E-09 5.3836E-09 5.4354E-09 5.4937E-09 5.5404E-09 5.5843E-09 5.6252E-09 5.6630E-09 5.6978E-09 5.7293E-09 5.7576E-09 5.7826E-09 5.8041E-09 5.8223E-09 5.8369E-09 5.8657E-09 5.8738E-09 5.8784E-09 5.8794E-09 5.8766E-09 5.8871E-09 5.8775E-09 5.8642E-09 5.8472E-09 5.8266E-09
2.8856E-09 2.9645E-09 3.0519E-09 3.1398E-09 3.2214E-09 3.3108E-09 3.3936E-09 3.4841E-09 3.5747E-09 3.6589E-09 3.7500E-09 3.8345E-09 3.9188E-09 4.0027E-09 4.0861E-09 4.1689E-09 4.2509E-09 4.3320E-09 4.4122E-09 4.5015E-09 4.5801E-09 4.6675E-09 4.7441E-09 4.8290E-09 4.9032E-09 4.9851E-09 5.0564E-09 5.1258E-09 5.2027E-09 5.2685E-09 5.3413E-09 5.4029E-09 5.4622E-09 5.5282E-09 5.5827E-09 5.6345E-09 5.6835E-09 5.7295E-09 5.7724E-09 5.8123E-09 5.8490E-09 5.8823E-09 5.9123E-09 5.9564E-09 5.9802E-09 6.0006E-09 6.0172E-09 6.0471E-09 6.0570E-09 6.0631E-09 6.0654E-09 6.0638E-09 6.0748E-09 6.0659E-09 6.0531E-09 6.0364E-09 6.0159E-09
2.9389E-09 3.0274E-09 3.1167E-09 3.1999E-09 3.2909E-09 3.3754E-09 3.4678E-09 3.5605E-09 3.6468E-09 3.7402E-09 3.8272E-09 3.9139E-09 4.0004E-09 4.0866E-09 4.1723E-09 4.2573E-09 4.3415E-09 4.4249E-09 4.5179E-09 4.6000E-09 4.6913E-09 4.7717E-09 4.8609E-09 4.9391E-09 5.0256E-09 5.1012E-09 5.1844E-09 5.2569E-09 5.3365E-09 5.4053E-09 5.4719E-09 5.5454E-09 5.6077E-09 5.6674E-09 5.7245E-09 5.7787E-09 5.8300E-09 5.8783E-09 5.9236E-09 5.9656E-09 6.0218E-09 6.0581E-09 6.0909E-09 6.1202E-09 6.1633E-09 6.1861E-09 6.2050E-09 6.2202E-09 6.2482E-09 6.2561E-09 6.2599E-09 6.2597E-09 6.2554E-09 6.2633E-09 6.2512E-09 6.2350E-09 6.2148E-09
2.9999E-09 3.0904E-09 3.1749E-09 3.2675E-09 3.3536E-09 3.4478E-09 3.5423E-09 3.6307E-09 3.7263E-09 3.8155E-09 3.9047E-09 3.9937E-09 4.0825E-09 4.1709E-09 4.2589E-09 4.3462E-09 4.4426E-09 4.5292E-09 4.6246E-09 4.7099E-09 4.8038E-09 4.8874E-09 4.9792E-09 5.0607E-09 5.1499E-09 5.2287E-09 5.3058E-09 5.3905E-09 5.4642E-09 5.5450E-09 5.6149E-09 5.6824E-09 5.7474E-09 5.8098E-09 5.8695E-09 5.9263E-09 5.9802E-09 6.0480E-09 6.0967E-09 6.1422E-09 6.1843E-09 6.2403E-09 6.2763E-09 6.3087E-09 6.3538E-09 6.3793E-09 6.4008E-09 6.4183E-09 6.4479E-09 6.4578E-09 6.4635E-09 6.4648E-09 6.4619E-09 6.4704E-09 6.4592E-09 6.4437E-09 6.4238E-09
3.0609E-09 3.1467E-09 3.2405E-09 3.3282E-09 3.4240E-09 3.5203E-09 3.6105E-09 3.7082E-09 3.7995E-09 3.8910E-09 3.9824E-09 4.0738E-09 4.1648E-09 4.2556E-09 4.3458E-09 4.4455E-09 4.5353E-09 4.6343E-09 4.7231E-09 4.8210E-09 4.9084E-09 5.0045E-09 5.0902E-09 5.1840E-09 5.2674E-09 5.3584E-09 5.4389E-09 5.5266E-09 5.6038E-09 5.6789E-09 5.7517E-09 5.8222E-09 5.8901E-09 5.9554E-09 6.0179E-09 6.0947E-09 6.1525E-09 6.2073E-09 6.2758E-09 6.3250E-09 6.3708E-09 6.4295E-09 6.4690E-09 6.5046E-09 6.5364E-09 6.5807E-09 6.6051E-09 6.6253E-09 6.6412E-09 6.6689E-09 6.6766E-09 6.6799E-09 6.6785E-09 6.6726E-09 6.6778E-09 6.6631E-09 6.6438E-09
3.1151E-09 3.2101E-09 3.2992E-09 3.3964E-09 3.4943E-09 3.5863E-09 3.6859E-09 3.7792E-09 3.8728E-09 3.9666E-09 4.0603E-09 4.1540E-09 4.2473E-09 4.3403E-09 4.4432E-09 4.5361E-09 4.6386E-09 4.7309E-09 4.8326E-09 4.9238E-09 5.0242E-09 5.1140E-09 5.2124E-09 5.3002E-09 5.3962E-09 5.4815E-09 5.5744E-09 5.6568E-09 5.7371E-09 5.8153E-09 5.8913E-09 5.9648E-09 6.0358E-09 6.1214E-09 6.1882E-09 6.2522E-09 6.3304E-09 6.3894E-09 6.4451E-09 6.5144E-09 6.5643E-09 6.6104E-09 6.6693E-09 6.7086E-09 6.7439E-09 6.7908E-09 6.8184E-09 6.8416E-09 6.8604E-09 6.8900E-09 6.9001E-09 6.9054E-09 6.9060E-09 6.9016E-09 6.9076E-09 6.8940E-09 6.8753E-09
3.1764E-09 3.2666E-09 3.3652E-09 3.4646E-09 3.5582E-09 3.6595E-09 3.7547E-09 3.8503E-09 3.9461E-09 4.0421E-09 4.1382E-09 4.2341E-09 4.3298E-09 4.4356E-09 4.5315E-09 4.6374E-09 4.7426E-09 4.8384E-09 4.9430E-09 5.0378E-09 5.1411E-09 5.2346E-09 5.3361E-09 5.4277E-09 5.5269E-09 5.6161E-09 5.7035E-09 5.7892E-09 5.8728E-09 5.9543E-09 6.0336E-09 6.1274E-09 6.2031E-09 6.2762E-09 6.3637E-09 6.4324E-09 6.4981E-09 6.5778E-09 6.6381E-09 6.7109E-09 6.7651E-09 6.8155E-09 6.8777E-09 6.9211E-09 6.9603E-09 6.9952E-09 7.0413E-09 7.0679E-09 7.0898E-09 7.1069E-09 7.1345E-09 7.1422E-09 7.1449E-09 7.1424E-09 7.1563E-09 7.1440E-09 7.1266E-09
3.2307E-09 3.3303E-09 3.4310E-09 3.5260E-09 3.6289E-09 3.7259E-09 3.8233E-09 3.9211E-09 4.0193E-09 4.1176E-09 4.2159E-09 4.3142E-09 4.4228E-09 4.5215E-09 4.6306E-09 4.7392E-09 4.8384E-09 4.9468E-09 5.0454E-09 5.1529E-09 5.2506E-09 5.3567E-09 5.4528E-09 5.5570E-09 5.6512E-09 5.7437E-09 5.8347E-09 5.9238E-09 6.0109E-09 6.0959E-09 6.1966E-09 6.2785E-09 6.3750E-09 6.4532E-09 6.5286E-09 6.6184E-09 6.6891E-09 6.7728E-09 6.8380E-09 6.8997E-09 6.9737E-09 7.0289E-09 7.0800E-09 7.1426E-09 7.1861E-09 7.2251E-09 7.2745E-09 7.3048E-09 7.3302E-09 7.3723E-09 7.3885E-09 7.3997E-09 7.4054E-09 7.4056E-09 7.4211E-09 7.4108E-09 7.3948E-09
