Assets/Resources/2015_m01_d26_0600(utc+0800)_l00_csi_1hr_conc.grd
DSAA
         159         159
     -79.000      79.000
     -79.000      79.000
  0.0000E+00  0.7037E-04
[rows 25 to 49 of 159, columns 0 to 56 of 159]
1.4255E-10 1.5259E-10 1.6323E-10 1.7825E-10 1.9053E-10 2.0924E-10 2.2984E-10 2.4983E-10 2.6706E-10 2.8971E-10 3.3741E-10 3.6937E-10 3.9622E-10 4.2479E-10 4.5515E-10 4.8741E-10 5.2163E-10 5.5791E-10 5.9633E-10 6.3699E-10 6.7996E-10 7.2533E-10 7.7319E-10 8.2361E-10 8.7667E-10 9.3245E-10 1.0033E-09 1.0666E-09 1.1961E-09 1.2755E-09 1.3595E-09 1.4482E-09 1.5418E-09 1.6405E-09 1.7549E-09 1.8762E-09 1.9954E-09 2.1611E-09 2.3002E-09 2.4469E-09 2.6015E-09 2.7642E-09 2.9351E-09 3.1143E-09 3.3018E-09 3.4977E-09 3.7019E-09 3.9142E-09 4.1343E-09 4.3619E-09 4.5966E-09 4.8378E-09 5.0849E-09 5.3642E-09 5.6462E-09 5.9142E-09 6.1846E-09
1.4499E-10 1.5523E-10 1.6963E-10 1.8148E-10 1.9402E-10 2.1915E-10 2.3446E-10 2.5501E-10 2.7265E-10 3.1069E-10 3.5238E-10 3.7831E-10 4.0594E-10 4.3533E-10 4.6659E-10 4.9979E-10 5.3503E-10 5.7240E-10 6.1199E-10 6.5388E-10 6.9818E-10 7.4496E-10 7.9431E-10 8.4632E-10 9.0106E-10 9.5861E-10 1.0322E-09 1.1096E-09 1.2341E-09 1.3167E-09 1.4040E-09 1.4963E-09 1.5938E-09 1.7063E-09 1.8259E-09 1.9440E-09 2.1070E-09 2.2453E-09 2.3916E-09 2.5461E-09 2.7091E-09 2.8808E-09 3.0612E-09 3.2507E-09 3.4492E-09 3.6568E-09 3.8733E-09 4.0986E-09 4.3325E-09 4.5746E-09 4.8243E-09 5.1076E-09 5.3969E-09 5.6759E-09 5.9604E-09 6.2494E-09 6.5413E-09
1.4739E-10 1.5783E-10 1.7259E-10 1.8468E-10 2.0309E-10 2.2339E-10 2.3904E-10 2.6016E-10 2.8255E-10 3.2473E-10 3.6057E-10 3.8723E-10 4.1562E-10 4.4584E-10 4.7798E-10 5.1214E-10 5.4840E-10 5.8685E-10 6.2761E-10 6.7074E-10 7.1636E-10 7.6455E-10 8.1540E-10 8.6899E-10 9.2541E-10 9.9683E-10 1.0610E-09 1.1914E-09 1.2723E-09 1.3580E-09 1.4487E-09 1.5447E-09 1.6460E-09 1.7638E-09 1.8891E-09 2.0124E-09 2.1856E-09 2.3308E-09 2.4845E-09 2.6470E-09 2.8186E-09 2.9995E-09 3.1899E-09 3.3900E-09 3.5998E-09 3.8194E-09 4.0487E-09 4.2876E-09 4.5357E-09 4.7928E-09 5.1068E-09 5.3909E-09 5.6835E-09 5.9837E-09 6.3168E-09 6.6337E-09 6.9626E-09
1.4976E-10 1.6388E-10 1.7551E-10 1.8784E-10 2.0674E-10 2.2759E-10 2.4783E-10 2.6527E-10 2.8825E-10 3.3629E-10 3.6872E-10 3.9608E-10 4.2524E-10 4.5629E-10 4.8931E-10 5.2442E-10 5.6169E-10 6.0124E-10 6.4315E-10 6.8752E-10 7.3446E-10 7.8405E-10 8.3639E-10 8.9156E-10 9.4966E-10 1.0236E-09 1.1017E-09 1.2268E-09 1.3106E-09 1.3994E-09 1.4935E-09 1.5931E-09 1.7083E-09 1.8311E-09 1.9527E-09 2.1215E-09 2.2650E-09 2.4172E-09 2.5785E-09 2.7492E-09 2.9296E-09 3.1200E-09 3.3206E-09 3.5316E-09 3.7531E-09 3.9852E-09 4.2277E-09 4.4805E-09 4.7692E-09 5.0809E-09 5.3784E-09 5.6869E-09 6.0058E-09 6.3342E-09 6.6788E-09 7.0635E-09 7.4204E-09
1.5210E-10 1.6654E-10 1.7840E-10 1.9096E-10 2.1634E-10 2.3175E-10 2.5251E-10 2.7033E-10 3.0851E-10 3.5047E-10 3.7679E-10 4.0486E-10 4.3478E-10 4.6665E-10 5.0055E-10 5.3660E-10 5.7488E-10 6.1551E-10 6.5857E-10 7.0418E-10 7.5243E-10 8.0341E-10 8.5723E-10 9.1398E-10 9.8548E-10 1.0502E-09 1.1563E-09 1.2620E-09 1.3487E-09 1.4408E-09 1.5382E-09 1.6506E-09 1.7617E-09 1.8898E-09 2.0163E-09 2.1950E-09 2.3450E-09 2.5044E-09 2.6733E-09 2.8524E-09 3.0418E-09 3.2419E-09 3.4529E-09 3.6751E-09 3.9086E-09 4.1534E-09 4.4095E-09 4.7039E-09 5.0354E-09 5.3449E-09 5.6682E-09 6.0049E-09 6.3619E-09 6.7250E-09 7.0987E-09 7.5320E-09 7.9300E-09
1.5439E-10 1.6916E-10 1.8123E-10 1.9972E-10 2.2012E-10 2.3585E-10 2.5712E-10 2.7968E-10 3.2175E-10 3.5780E-10 3.8477E-10 4.1355E-10 4.4422E-10 4.7690E-10 5.1167E-10 5.4865E-10 5.8794E-10 6.2963E-10 6.7384E-10 7.2067E-10 7.7021E-10 8.2258E-10 8.7787E-10 9.3618E-10 1.0100E-09 1.0766E-09 1.2125E-09 1.2970E-09 1.3867E-09 1.4818E-09 1.5827E-09 1.6997E-09 1.8244E-09 1.9485E-09 2.1213E-09 2.2686E-09 2.4253E-09 2.5919E-09 2.7687E-09 2.9562E-09 3.1548E-09 3.3648E-09 3.5865E-09 3.8201E-09 4.0658E-09 4.3237E-09 4.6215E-09 4.9578E-09 5.2905E-09 5.6270E-09 5.9803E-09 6.3583E-09 6.7458E-09 7.1485E-09 7.5649E-09 7.9931E-09 8.4385E-09
1.6015E-10 1.7173E-10 1.8402E-10 2.0874E-10 2.2385E-10 2.4415E-10 2.6167E-10 2.8476E-10 3.3249E-10 3.6503E-10 3.9264E-10 4.2210E-10 4.5353E-10 4.8700E-10 5.2264E-10 5.6054E-10 6.0082E-10 6.4357E-10 6.8891E-10 7.3694E-10 7.8777E-10 8.4151E-10 8.9825E-10 9.5810E-10 1.0342E-09 1.1393E-09 1.2444E-09 1.3317E-09 1.4243E-09 1.5226E-09 1.6269E-09 1.7484E-09 1.8781E-09 2.0068E-09 2.1887E-09 2.3422E-09 2.5056E-09 2.6795E-09 2.8642E-09 3.0603E-09 3.2682E-09 3.4882E-09 3.7207E-09 3.9659E-09 4.2240E-09 4.5229E-09 4.8738E-09 5.1984E-09 5.5417E-09 5.9112E-09 6.2950E-09 6.6982E-09 7.1205E-09 7.5607E-09 8.0248E-09 8.4974E-09 8.9818E-09
1.6246E-10 1.7424E-10 1.9223E-10 2.1211E-10 2.2750E-10 2.4827E-10 2.6614E-10 2.8977E-10 3.3878E-10 3.7212E-10 4.0037E-10 4.3052E-10 4.6268E-10 4.9694E-10 5.3343E-10 5.7224E-10 6.1349E-10 6.5728E-10 7.0373E-10 7.5295E-10 8.0505E-10 8.6013E-10 9.1830E-10 9.9148E-10 1.0581E-09 1.1915E-09 1.2760E-09 1.3659E-09 1.4614E-09 1.5628E-09 1.6804E-09 1.8060E-09 1.9314E-09 2.1060E-09 2.2557E-09 2.4154E-09 2.5856E-09 2.7668E-09 2.9595E-09 3.1642E-09 3.3814E-09 3.6116E-09 3.8550E-09 4.1119E-09 4.4095E-09 4.7486E-09 5.0856E-09 5.4330E-09 5.8090E-09 6.2019E-09 6.6176E-09 7.0561E-09 7.5170E-09 8.0076E-09 8.5117E-09 9.0334E-09 9.5693E-09
1.6472E-10 1.7669E-10 1.9508E-10 2.1540E-10 2.3108E-10 2.5231E-10 2.7051E-10 3.0930E-10 3.5206E-10 3.7908E-10 4.0794E-10 4.3876E-10 4.7164E-10 5.0669E-10 5.4400E-10 5.8371E-10 6.2591E-10 6.7073E-10 7.1827E-10 7.6866E-10 8.2200E-10 8.7840E-10 9.3798E-10 1.0132E-09 1.0815E-09 1.2201E-09 1.3071E-09 1.3996E-09 1.4980E-09 1.6025E-09 1.7242E-09 1.8542E-09 1.9838E-09 2.1667E-09 2.3221E-09 2.4879E-09 2.6649E-09 2.8534E-09 3.0541E-09 3.2675E-09 3.4941E-09 3.7344E-09 3.9887E-09 4.2829E-09 4.6077E-09 4.9540E-09 5.3024E-09 5.6815E-09 6.0800E-09 6.5044E-09 6.9553E-09 7.4399E-09 7.9459E-09 8.4777E-09 9.0334E-09 9.6104E-09 1.0205E-08
1.6692E-10 1.7908E-10 1.9785E-10 2.1861E-10 2.3879E-10 2.5625E-10 2.7923E-10 3.2161E-10 3.5828E-10 3.8586E-10 4.1534E-10 4.4682E-10 4.8040E-10 5.1620E-10 5.5434E-10 5.9491E-10 6.3805E-10 6.8387E-10 7.3248E-10 7.8401E-10 8.3856E-10 8.9626E-10 9.5721E-10 1.0345E-09 1.1410E-09 1.2481E-09 1.3375E-09 1.4326E-09 1.5338E-09 1.6508E-09 1.7760E-09 1.9017E-09 2.0759E-09 2.2265E-09 2.3875E-09 2.5595E-09 2.7431E-09 2.9389E-09 3.1476E-09 3.3696E-09 3.6056E-09 3.8560E-09 4.1212E-09 4.4533E-09 4.8054E-09 5.1521E-09 5.5307E-09 5.9312E-09 6.3601E-09 6.8188E-09 7.3155E-09 7.8384E-09 8.3929E-09 8.9780E-09 9.5918E-09 1.0239E-08 1.0902E-08
1.6904E-10 1.8139E-10 2.0648E-10 2.2174E-10 2.4232E-10 2.6008E-10 2.8353E-10 3.3137E-10 3.6433E-10 3.9247E-10 4.2253E-10 4.5465E-10 4.8892E-10 5.2546E-10 5.6439E-10 6.0582E-10 6.4987E-10 6.9667E-10 7.4632E-10 7.9896E-10 8.5470E-10 9.1366E-10 9.8750E-10 1.0552E-09 1.1893E-09 1.2754E-09 1.3672E-09 1.4648E-09 1.5687E-09 1.6894E-09 1.8186E-09 1.9480E-09 2.1295E-09 2.2852E-09 2.4517E-09 2.6298E-09 2.8200E-09 3.0230E-09 3.2395E-09 3.4701E-09 3.7153E-09 3.9758E-09 4.2852E-09 4.6323E-09 4.9845E-09 5.3526E-09 5.7578E-09 6.1869E-09 6.6486E-09 7.1519E-09 7.6859E-09 8.2570E-09 8.8652E-09 9.5096E-09 1.0197E-08 1.0909E-08 1.1647E-08
1.7110E-10 1.8922E-10 2.0926E-10 2.2477E-10 2.4574E-10 2.6380E-10 2.8771E-10 3.3657E-10 3.7020E-10 3.9886E-10 4.2951E-10 4.6224E-10 4.9718E-10 5.3444E-10 5.7414E-10 6.1640E-10 6.6134E-10 7.0908E-10 7.5974E-10 8.1346E-10 8.7035E-10 9.3053E-10 1.0061E-09 1.0752E-09 1.2137E-09 1.3020E-09 1.3960E-09 1.4961E-09 1.6027E-09 1.7270E-09 1.8601E-09 2.0318E-09 2.1818E-09 2.3424E-09 2.5144E-09 2.6984E-09 2.8951E-09 3.1052E-09 3.3294E-09 3.5684E-09 3.8228E-09 4.1187E-09 4.4486E-09 4.8024E-09 5.1641E-09 5.5633E-09 5.9883E-09 6.4480E-09 6.9520E-09 7.4907E-09 8.0714E-09 8.6952E-09 9.3629E-09 1.0082E-08 1.0835E-08 1.1626E-08 1.2448E-08
1.7307E-10 1.9152E-10 2.1194E-10 2.3180E-10 2.4905E-10 2.6740E-10 2.9175E-10 3.4858E-10 3.7585E-10 4.0504E-10 4.3624E-10 4.6957E-10 5.0516E-10 5.4311E-10 5.8356E-10 6.2661E-10 6.7241E-10 7.2106E-10 7.7271E-10 8.2747E-10 8.8546E-10 9.4683E-10 1.0241E-09 1.0946E-09 1.2373E-09 1.3276E-09 1.4238E-09 1.5263E-09 1.6450E-09 1.7721E-09 1.9001E-09 2.0780E-09 2.2324E-09 2.3979E-09 2.5752E-09 2.7650E-09 2.9680E-09 3.1850E-09 3.4168E-09 3.6640E-09 3.9273E-09 4.2571E-09 4.5989E-09 4.9615E-09 5.3511E-09 5.7681E-09 6.2211E-09 6.7132E-09 7.2568E-09 7.8395E-09 8.4705E-09 9.1589E-09 9.8932E-09 1.0678E-08 1.1512E-08 1.2389E-08 1.3314E-08
1.7496E-10 1.9374E-10 2.1452E-10 2.3472E-10 2.5223E-10 2.7528E-10 3.1012E-10 3.5355E-10 3.8128E-10 4.1096E-10 4.4270E-10 4.7662E-10 5.1282E-10 5.5144E-10 5.9260E-10 6.3643E-10 6.8304E-10 7.3258E-10 7.8516E-10 8.4093E-10 8.9999E-10 9.6249E-10 1.0414E-09 1.1502E-09 1.2600E-09 1.3522E-09 1.4506E-09 1.5553E-09 1.6771E-09 1.8075E-09 1.9387E-09 2.1226E-09 2.2812E-09 2.4514E-09 2.6338E-09 2.8292E-09 3.0383E-09 3.2621E-09 3.5012E-09 3.7563E-09 4.0544E-09 4.3887E-09 4.7482E-09 5.1186E-09 5.5308E-09 5.9727E-09 6.4548E-09 6.9896E-09 7.5669E-09 8.1964E-09 8.8813E-09 9.6338E-09 1.0439E-08 1.1303E-08 1.2224E-08 1.3206E-08 1.4227E-08
1.7676E-10 2.0177E-10 2.1699E-10 2.3752E-10 2.5528E-10 2.7870E-10 3.1410E-10 3.5830E-10 3.8647E-10 4.1663E-10 4.4888E-10 4.8335E-10 5.2015E-10 5.5941E-10 6.0125E-10 6.4581E-10 6.9322E-10 7.4360E-10 7.9708E-10 8.5380E-10 9.1389E-10 9.7747E-10 1.0579E-09 1.1935E-09 1.2817E-09 1.3757E-09 1.4761E-09 1.5831E-09 1.7077E-09 1.8413E-09 2.0137E-09 2.1653E-09 2.3280E-09 2.5026E-09 2.6899E-09 2.8906E-09 3.1057E-09 3.3359E-09 3.5820E-09 3.8448E-09 4.1746E-09 4.5181E-09 4.8842E-09 5.2808E-09 5.7079E-09 6.1754E-09 6.6955E-09 7.2603E-09 7.8798E-09 8.5587E-09 9.3102E-09 1.0122E-08 1.1002E-08 1.1951E-08 1.2976E-08 1.4055E-08 1.5188E-08
1.8404E-10 2.0392E-10 2.1934E-10 2.4018E-10 2.5818E-10 2.8196E-10 3.2956E-10 3.6281E-10 3.9140E-10 4.2201E-10 4.5475E-10 4.8974E-10 5.2711E-10 5.6698E-10 6.0948E-10 6.5474E-10 7.0289E-10 7.5407E-10 8.0841E-10 8.6604E-10 9.2710E-10 1.0033E-09 1.0736E-09 1.2124E-09 1.3022E-09 1.3981E-09 1.5003E-09 1.6185E-09 1.7368E-09 1.8734E-09 2.0507E-09 2.2058E-09 2.3723E-09 2.5512E-09 2.7432E-09 2.9490E-09 3.1697E-09 3.4060E-09 3.6587E-09 3.9355E-09 4.2858E-09 4.6440E-09 5.0227E-09 5.4321E-09 5.8811E-09 6.3746E-09 6.9275E-09 7.5294E-09 8.1927E-09 8.9317E-09 9.7370E-09 1.0619E-08 1.1579E-08 1.2627E-08 1.3746E-08 1.4936E-08 1.6188E-08
1.8578E-10 2.0595E-10 2.2156E-10 2.4270E-10 2.6093E-10 2.8506E-10 3.3333E-10 3.6707E-10 3.9605E-10 4.2709E-10 4.6029E-10 4.9578E-10 5.3369E-10 5.7413E-10 6.1725E-10 6.6317E-10 7.1203E-10 7.6397E-10 8.1911E-10 8.7761E-10 9.3958E-10 1.0171E-09 1.0884E-09 1.2302E-09 1.3216E-09 1.4191E-09 1.5232E-09 1.6437E-09 1.7642E-09 1.9036E-09 2.0855E-09 2.2439E-09 2.4141E-09 2.5970E-09 2.7933E-09 3.0040E-09 3.2299E-09 3.4720E-09 3.7310E-09 4.0365E-09 4.3927E-09 4.7550E-09 5.1501E-09 5.5778E-09 6.0487E-09 6.5767E-09 7.1544E-09 7.7940E-09 8.5100E-09 9.2962E-09 1.0164E-08 1.1118E-08 1.2170E-08 1.3306E-08 1.4531E-08 1.5837E-08 1.7233E-08
1.8740E-10 2.0786E-10 2.2776E-10 2.4507E-10 2.6352E-10 2.8797E-10 3.3687E-10 3.7106E-10 4.0042E-10 4.3185E-10 4.6549E-10 5.0145E-10 5.3985E-10 5.8084E-10 6.2454E-10 6.7108E-10 7.2060E-10 7.7325E-10 8.2915E-10 8.8845E-10 9.5129E-10 1.0299E-09 1.1023E-09 1.2469E-09 1.3397E-09 1.4388E-09 1.5445E-09 1.6672E-09 1.7989E-09 1.9318E-09 2.1180E-09 2.2795E-09 2.4531E-09 2.6397E-09 2.8401E-09 3.0552E-09 3.2860E-09 3.5334E-09 3.7983E-09 4.1337E-09 4.4843E-09 4.8598E-09 5.2708E-09 5.7164E-09 6.2088E-09 6.7643E-09 7.3735E-09 8.0508E-09 8.8137E-09 9.6538E-09 1.0585E-08 1.1621E-08 1.2752E-08 1.3985E-08 1.5319E-08 1.6764E-08 1.8280E-08
1.8891E-10 2.0964E-10 2.2978E-10 2.4728E-10 2.7028E-10 2.9070E-10 3.4017E-10 3.7476E-10 4.0447E-10 4.3628E-10 4.7032E-10 5.0672E-10 5.4559E-10 5.8708E-10 6.3131E-10 6.7844E-10 7.2858E-10 7.8189E-10 8.3849E-10 8.9855E-10 9.6218E-10 1.0419E-09 1.1271E-09 1.2623E-09 1.3564E-09 1.4569E-09 1.5642E-09 1.6890E-09 1.8228E-09 1.9579E-09 2.1479E-09 2.3123E-09 2.4890E-09 2.6790E-09 2.8831E-09 3.1024E-09 3.3377E-09 3.5899E-09 3.8602E-09 4.2187E-09 4.5797E-09 4.9650E-09 5.3836E-09 5.8464E-09 6.3678E-09 6.9417E-09 7.5817E-09 8.3044E-09 9.1053E-09 9.9987E-09 1.1000E-08 1.2105E-08 1.3321E-08 1.4652E-08 1.6113E-08 1.7669E-08 1.9322E-08
1.9618E-10 2.1128E-10 2.3165E-10 2.4933E-10 2.7259E-10 2.9322E-10 3.5015E-10 3.7817E-10 4.0820E-10 4.4036E-10 4.7477E-10 5.1157E-10 5.5088E-10 5.9283E-10 6.3756E-10 6.8522E-10 7.3593E-10 7.8984E-10 8.4710E-10 9.0785E-10 9.7222E-10 1.0529E-09 1.1639E-09 1.2765E-09 1.3718E-09 1.4736E-09 1.5823E-09 1.7088E-09 1.8446E-09 2.0201E-09 2.1752E-09 2.3421E-09 2.5217E-09 2.7147E-09 2.9222E-09 3.1452E-09 3.3845E-09 3.6412E-09 3.9435E-09 4.2867E-09 4.6582E-09 5.0552E-09 5.4872E-09 5.9661E-09 6.5084E-09 7.1065E-09 7.7758E-09 8.5357E-09 9.3798E-09 1.0325E-08 1.1389E-08 1.2566E-08 1.3867E-08 1.5310E-08 1.6869E-08 1.8548E-08 2.0336E-08
1.9754E-10 2.1278E-10 2.3336E-10 2.5121E-10 2.7471E-10 2.9554E-10 3.5298E-10 3.8127E-10 4.1159E-10 4.4407E-10 4.7883E-10 5.1599E-10 5.5569E-10 5.9807E-10 6.4325E-10 6.9139E-10 7.4263E-10 7.9710E-10 8.5495E-10 9.1632E-10 9.8136E-10 1.0629E-09 1.1753E-09 1.2892E-09 1.3856E-09 1.4886E-09 1.5985E-09 1.7267E-09 1.8643E-09 2.0425E-09 2.1997E-09 2.3689E-09 2.5509E-09 2.7467E-09 2.9571E-09 3.1833E-09 3.4262E-09 3.6867E-09 4.0140E-09 4.3582E-09 4.7283E-09 5.1361E-09 5.5802E-09 6.0814E-09 6.6354E-09 7.2559E-09 7.9606E-09 8.7471E-09 9.6316E-09 1.0633E-08 1.1750E-08 1.2995E-08 1.4375E-08 1.5916E-08 1.7581E-08 1.9381E-08 2.1301E-08
1.9877E-10 2.1413E-10 2.3491E-10 2.5291E-10 2.7663E-10 2.9765E-10 3.5552E-10 3.8405E-10 4.1464E-10 4.4740E-10 4.8246E-10 5.1996E-10 5.6002E-10 6.0277E-10 6.4837E-10 6.9694E-10 7.4864E-10 8.0361E-10 8.6199E-10 9.2393E-10 9.8957E-10 1.0719E-09 1.1855E-09 1.3006E-09 1.3979E-09 1.5019E-09 1.6219E-09 1.7425E-09 1.8816E-09 2.0623E-09 2.2212E-09 2.3924E-09 2.5765E-09 2.7746E-09 2.9876E-09 3.2166E-09 3.4625E-09 3.7264E-09 4.0605E-09 4.4117E-09 4.7966E-09 5.2066E-09 5.6615E-09 6.1767E-09 6.7470E-09 7.3874E-09 8.1178E-09 8.9345E-09 9.8556E-09 1.0903E-08 1.2073E-08 1.3381E-08 1.4853E-08 1.6467E-08 1.8232E-08 2.0144E-08 2.2212E-08
1.9986E-10 2.1533E-10 2.3629E-10 2.5443E-10 2.7835E-10 2.9953E-10 3.5775E-10 3.8650E-10 4.1732E-10 4.5034E-10 4.8568E-10 5.2346E-10 5.6383E-10 6.0693E-10 6.5289E-10 7.0185E-10 7.5396E-10 8.0937E-10 8.6822E-10 9.3066E-10 9.9683E-10 1.0798E-09 1.2187E-09 1.3105E-09 1.4086E-09 1.5135E-09 1.6346E-09 1.7562E-09 1.8966E-09 2.0792E-09 2.2397E-09 2.4124E-09 2.5983E-09 2.7984E-09 3.0135E-09 3.2448E-09 3.4932E-09 3.7598E-09 4.1105E-09 4.4567E-09 4.8485E-09 5.2659E-09 5.7297E-09 6.2568E-09 6.8410E-09 7.4983E-09 8.2510E-09 9.0937E-09 1.0055E-08 1.1134E-08 1.2351E-08 1.3714E-08 1.5255E-08 1.6947E-08 1.8804E-08 2.0838E-08 2.3009E-08
2.0080E-10 2.1637E-10 2.3749E-10 2.5575E-10 2.7985E-10 3.0118E-10 3.5967E-10 3.8861E-10 4.1964E-10 4.5287E-10 4.8845E-10 5.2649E-10 5.6713E-10 6.1052E-10 6.5679E-10 7.0609E-10 7.5856E-10 8.1435E-10 8.7360E-10 9.3647E-10 1.0031E-09 1.0866E-09 1.2264E-09 1.3189E-09 1.4177E-09 1.5233E-09 1.6452E-09 1.7677E-09 1.9091E-09 2.0933E-09 2.2550E-09 2.4290E-09 2.6163E-09 2.8179E-09 3.0346E-09 3.2677E-09 3.5181E-09 3.7868E-09 4.1425E-09 4.4928E-09 4.8900E-09 5.3132E-09 5.7841E-09 6.3207E-09 6.9158E-09 7.5951E-09 8.3574E-09 9.2211E-09 1.0209E-08 1.1321E-08 1.2575E-08 1.4001E-08 1.5586E-08 1.7344E-08 1.9296E-08 2.1409E-08 2.3685E-08
2.0159E-10 2.1726E-10 2.3851E-10 2.5688E-10 2.8113E-10 3.0260E-10 3.6128E-10 3.9038E-10 4.2157E-10 4.5500E-10 4.9077E-10 5.2902E-10 5.6990E-10 6.1353E-10 6.6007E-10 7.0965E-10 7.6241E-10 8.1852E-10 8.7811E-10 9.4134E-10 1.0083E-09 1.0922E-09 1.2328E-09 1.3257E-09 1.4251E-09 1.5312E-09 1.6538E-09 1.7770E-09 1.9191E-09 2.1044E-09 2.2670E-09 2.4419E-09 2.6303E-09 2.8329E-09 3.0509E-09 3.2852E-09 3.5370E-09 3.8071E-09 4.1663E-09 4.5294E-09 4.9206E-09 5.3478E-09 5.8236E-09 6.3671E-09 6.9700E-09 7.6599E-09 8.4346E-09 9.3136E-09 1.0322E-08 1.1457E-08 1.2741E-08 1.4204E-08 1.5834E-08 1.7645E-08 1.9664E-08 2.1853E-08 2.4217E-08
