Assets/Resources/2015_m01_d29_0500(utc+0800)_l00_csi_1hr_conc.grd
DSAA
         159         159
     -79.000      79.000
     -79.000      79.000
  0.0000E+00  0.1508E-04
[rows 0 to 24 of 159, columns 0 to 56 of 159]
4.4301E-11 4.9600E-11 5.6421E-11 6.3502E-11 7.1307E-11 7.9881E-11 9.0403E-11 1.0080E-10 1.1216E-10 1.2571E-10 1.3984E-10 1.5636E-10 1.7323E-10 1.9156E-10 2.1139E-10 2.3215E-10 2.5447E-10 2.7841E-10 3.0396E-10 3.3064E-10 3.5900E-10 3.8906E-10 4.2086E-10 4.5441E-10 4.8972E-10 5.2678E-10 5.6644E-10 6.0876E-10 6.5219E-10 6.9838E-10 7.4559E-10 7.9455E-10 8.4617E-10 8.9909E-10 9.5143E-10 1.0048E-09 1.0584E-09 1.1120E-09 1.1646E-09 1.2182E-09 1.2687E-09 1.3208E-09 1.3707E-09 1.4183E-09 1.4649E-09 1.5096E-09 1.5512E-09 1.5914E-09 1.6293E-09 1.6646E-09 1.6958E-09 1.7249E-09 1.7540E-09 1.7803E-09 1.8030E-09 1.8228E-09 1.8394E-09
4.4831E-11 5.0728E-11 5.7131E-11 6.4322E-11 7.2789E-11 8.1528E-11 9.1696E-11 1.0228E-10 1.1497E-10 1.2767E-10 1.4261E-10 1.6004E-10 1.7681E-10 1.9556E-10 2.1525E-10 2.3705E-10 2.5990E-10 2.8380E-10 3.0997E-10 3.3727E-10 3.6630E-10 3.9709E-10 4.2967E-10 4.6405E-10 5.0026E-10 5.3828E-10 5.7986E-10 6.2336E-10 6.6818E-10 7.1573E-10 7.6441E-10 8.1587E-10 8.6833E-10 9.2146E-10 9.7646E-10 1.0309E-09 1.0857E-09 1.1414E-09 1.1969E-09 1.2502E-09 1.3047E-09 1.3573E-09 1.4087E-09 1.4594E-09 1.5074E-09 1.5535E-09 1.5975E-09 1.6402E-09 1.6796E-09 1.7157E-09 1.7491E-09 1.7825E-09 1.8133E-09 1.8414E-09 1.8658E-09 1.8876E-09 1.9076E-09
4.5276E-11 5.1631E-11 5.7732E-11 6.5563E-11 7.3620E-11 8.2486E-11 9.3369E-11 1.0414E-10 1.1649E-10 1.2941E-10 1.4578E-10 1.6245E-10 1.7953E-10 1.9867E-10 2.1934E-10 2.4102E-10 2.6435E-10 2.8874E-10 3.1548E-10 3.4336E-10 3.7302E-10 4.0449E-10 4.3781E-10 4.7298E-10 5.1004E-10 5.4983E-10 5.9246E-10 6.3636E-10 6.8326E-10 7.3213E-10 7.8234E-10 8.3531E-10 8.8913E-10 9.4358E-10 1.0001E-09 1.0558E-09 1.1125E-09 1.1695E-09 1.2262E-09 1.2828E-09 1.3386E-09 1.3926E-09 1.4462E-09 1.4984E-09 1.5488E-09 1.5964E-09 1.6437E-09 1.6871E-09 1.7281E-09 1.7658E-09 1.8037E-09 1.8398E-09 1.8725E-09 1.9016E-09 1.9290E-09 1.9534E-09 1.9764E-09
4.5631E-11 5.2064E-11 5.8756E-11 6.6157E-11 7.4311E-11 8.4384E-11 9.4342E-11 1.0526E-10 1.1836E-10 1.3204E-10 1.4811E-10 1.6456E-10 1.8252E-10 2.0203E-10 2.2250E-10 2.4458E-10 2.6835E-10 2.9381E-10 3.2046E-10 3.4888E-10 3.7913E-10 4.1124E-10 4.4523E-10 4.8115E-10 5.1899E-10 5.6054E-10 6.0417E-10 6.4928E-10 6.9735E-10 7.4674E-10 7.9917E-10 8.5361E-10 9.0839E-10 9.6449E-10 1.0220E-09 1.0796E-09 1.1383E-09 1.1964E-09 1.2545E-09 1.3132E-09 1.3703E-09 1.4266E-09 1.4825E-09 1.5361E-09 1.5880E-09 1.6381E-09 1.6871E-09 1.7321E-09 1.7749E-09 1.8171E-09 1.8576E-09 1.8949E-09 1.9299E-09 1.9620E-09 1.9929E-09 2.0198E-09 2.0440E-09
4.5897E-11 5.2394E-11 5.9148E-11 6.6622E-11 7.5404E-11 8.5065E-11 9.5135E-11 1.0729E-10 1.1948E-10 1.3334E-10 1.5024E-10 1.6697E-10 1.8523E-10 2.0446E-10 2.2585E-10 2.4831E-10 2.7188E-10 2.9778E-10 3.2489E-10 3.5380E-10 3.8458E-10 4.1727E-10 4.5190E-10 4.8850E-10 5.2794E-10 5.7035E-10 6.1502E-10 6.6120E-10 7.1037E-10 7.6109E-10 8.1483E-10 8.6966E-10 9.2639E-10 9.8384E-10 1.0417E-09 1.1018E-09 1.1618E-09 1.2218E-09 1.2813E-09 1.3420E-09 1.4006E-09 1.4591E-09 1.5164E-09 1.5724E-09 1.6259E-09 1.6793E-09 1.7282E-09 1.7758E-09 1.8223E-09 1.8673E-09 1.9091E-09 1.9498E-09 1.9867E-09 2.0234E-09 2.0553E-09 2.0854E-09 2.1111E-09
4.6070E-11 5.2619E-11 5.9423E-11 6.7489E-11 7.5821E-11 8.5580E-11 9.6301E-11 1.0805E-10 1.2036E-10 1.3605E-10 1.5204E-10 1.6850E-10 1.8760E-10 2.0711E-10 2.2822E-10 2.5102E-10 2.7551E-10 3.0122E-10 3.2873E-10 3.5809E-10 3.8935E-10 4.2257E-10 4.5777E-10 4.9498E-10 5.3600E-10 5.7921E-10 6.2406E-10 6.7203E-10 7.2150E-10 7.7425E-10 8.2923E-10 8.8488E-10 9.4302E-10 1.0013E-09 1.0618E-09 1.1220E-09 1.1829E-09 1.2451E-09 1.3074E-09 1.3676E-09 1.4293E-09 1.4899E-09 1.5479E-09 1.6062E-09 1.6622E-09 1.7165E-09 1.7679E-09 1.8193E-09 1.8676E-09 1.9147E-09 1.9601E-09 2.0028E-09 2.0445E-09 2.0833E-09 2.1180E-09 2.1494E-09 2.1809E-09
4.6685E-11 5.2738E-11 5.9577E-11 6.7703E-11 7.6086E-11 8.6474E-11 9.6738E-11 1.0860E-10 1.2158E-10 1.3690E-10 1.5307E-10 1.7087E-10 1.8906E-10 2.0880E-10 2.3075E-10 2.5325E-10 2.7806E-10 3.0410E-10 3.3196E-10 3.6171E-10 3.9341E-10 4.2709E-10 4.6281E-10 5.0143E-10 5.4310E-10 5.8633E-10 6.3286E-10 6.8172E-10 7.3231E-10 7.8612E-10 8.4126E-10 8.9872E-10 9.5796E-10 1.0174E-09 1.0792E-09 1.1406E-09 1.2032E-09 1.2667E-09 1.3299E-09 1.3934E-09 1.4562E-09 1.5174E-09 1.5793E-09 1.6383E-09 1.6968E-09 1.7518E-09 1.8079E-09 1.8603E-09 1.9117E-09 1.9615E-09 2.0099E-09 2.0563E-09 2.1013E-09 2.1411E-09 2.1804E-09 2.2159E-09 2.2503E-09
4.7060E-11 5.2750E-11 6.0163E-11 6.7780E-11 7.7284E-11 8.6663E-11 9.6982E-11 1.0949E-10 1.2201E-10 1.3797E-10 1.5439E-10 1.7179E-10 1.9015E-10 2.1067E-10 2.3228E-10 2.5500E-10 2.8009E-10 3.0640E-10 3.3457E-10 3.6466E-10 3.9672E-10 4.3081E-10 4.6697E-10 5.0695E-10 5.4922E-10 5.9326E-10 6.4054E-10 6.8947E-10 7.4184E-10 7.9665E-10 8.5247E-10 9.1109E-10 9.7024E-10 1.0319E-09 1.0945E-09 1.1576E-09 1.2213E-09 1.2865E-09 1.3510E-09 1.4164E-09 1.4804E-09 1.5438E-09 1.6072E-09 1.6686E-09 1.7278E-09 1.7864E-09 1.8444E-09 1.8998E-09 1.9538E-09 2.0066E-09 2.0588E-09 2.1079E-09 2.1548E-09 2.1998E-09 2.2415E-09 2.2819E-09 2.3166E-09
4.6970E-11 5.3186E-11 6.0090E-11 6.7720E-11 7.7272E-11 8.6678E-11 9.8148E-11 1.0962E-10 1.2273E-10 1.3887E-10 1.5484E-10 1.7238E-10 1.9147E-10 2.1157E-10 2.3336E-10 2.5685E-10 2.8157E-10 3.0811E-10 3.3653E-10 3.6690E-10 3.9928E-10 4.3371E-10 4.7107E-10 5.1076E-10 5.5361E-10 5.9910E-10 6.4704E-10 6.9685E-10 7.5005E-10 8.0478E-10 8.6222E-10 9.2170E-10 9.8182E-10 1.0446E-09 1.1074E-09 1.1727E-09 1.2376E-09 1.3035E-09 1.3702E-09 1.4373E-09 1.5027E-09 1.5682E-09 1.6331E-09 1.6960E-09 1.7577E-09 1.8200E-09 1.8791E-09 1.9370E-09 1.9940E-09 2.0518E-09 2.1055E-09 2.1586E-09 2.2087E-09 2.2570E-09 2.3029E-09 2.3444E-09 2.3833E-09
4.6785E-11 5.2994E-11 5.9895E-11 6.8070E-11 7.7104E-11 8.6519E-11 9.8035E-11 1.0953E-10 1.2383E-10 1.3893E-10 1.5498E-10 1.7321E-10 1.9183E-10 2.1205E-10 2.3398E-10 2.5763E-10 2.8250E-10 3.0921E-10 3.3783E-10 3.6842E-10 4.0105E-10 4.3576E-10 4.7348E-10 5.1439E-10 5.5781E-10 6.0381E-10 6.5159E-10 7.0294E-10 7.5687E-10 8.1213E-10 8.7046E-10 9.2966E-10 9.9176E-10 1.0551E-09 1.1194E-09 1.1855E-09 1.2520E-09 1.3190E-09 1.3874E-09 1.4548E-09 1.5230E-09 1.5898E-09 1.6560E-09 1.7204E-09 1.7857E-09 1.8499E-09 1.9114E-09 1.9722E-09 2.0330E-09 2.0934E-09 2.1514E-09 2.2074E-09 2.2614E-09 2.3135E-09 2.3612E-09 2.4067E-09 2.4477E-09
4.6506E-11 5.2697E-11 5.9579E-11 6.7749E-11 7.6782E-11 8.6750E-11 9.7726E-11 1.0979E-10 1.2357E-10 1.3920E-10 1.5599E-10 1.7313E-10 1.9182E-10 2.1272E-10 2.3414E-10 2.5790E-10 2.8288E-10 3.0971E-10 3.3846E-10 3.6922E-10 4.0203E-10 4.3695E-10 4.7578E-10 5.1700E-10 5.6091E-10 6.0660E-10 6.5578E-10 7.0769E-10 7.6133E-10 8.1800E-10 8.7693E-10 9.3690E-10 9.9979E-10 1.0632E-09 1.1294E-09 1.1965E-09 1.2643E-09 1.3324E-09 1.4023E-09 1.4710E-09 1.5410E-09 1.6092E-09 1.6767E-09 1.7445E-09 1.8115E-09 1.8772E-09 1.9414E-09 2.0059E-09 2.0715E-09 2.1337E-09 2.1941E-09 2.2546E-09 2.3132E-09 2.3666E-09 2.4191E-09 2.4661E-09 2.5104E-09
4.6135E-11 5.2294E-11 5.9678E-11 6.7292E-11 7.6306E-11 8.6258E-11 9.7221E-11 1.0928E-10 1.2307E-10 1.3930E-10 1.5555E-10 1.7271E-10 1.9201E-10 2.1238E-10 2.3442E-10 2.5766E-10 2.8268E-10 3.0958E-10 3.3842E-10 3.6928E-10 4.0221E-10 4.3809E-10 4.7713E-10 5.1788E-10 5.6215E-10 6.0899E-10 6.5869E-10 7.1108E-10 7.6507E-10 8.2235E-10 8.8083E-10 9.4249E-10 1.0058E-09 1.0703E-09 1.1372E-09 1.2047E-09 1.2742E-09 1.3438E-09 1.4137E-09 1.4850E-09 1.5561E-09 1.6255E-09 1.6952E-09 1.7655E-09 1.8347E-09 1.9021E-09 1.9698E-09 2.0378E-09 2.1061E-09 2.1711E-09 2.2371E-09 2.2999E-09 2.3607E-09 2.4196E-09 2.4729E-09 2.5244E-09 2.5707E-09
4.5673E-11 5.1788E-11 5.9136E-11 6.6703E-11 7.6231E-11 8.5595E-11 9.7084E-11 1.0855E-10 1.2284E-10 1.3856E-10 1.5480E-10 1.7254E-10 1.9125E-10 2.1162E-10 2.3366E-10 2.5690E-10 2.8193E-10 3.0884E-10 3.3771E-10 3.6860E-10 4.0158E-10 4.3758E-10 4.7680E-10 5.1860E-10 5.6308E-10 6.1028E-10 6.5951E-10 7.1220E-10 7.6736E-10 8.2422E-10 8.8402E-10 9.4619E-10 1.0093E-09 1.0755E-09 1.1430E-09 1.2117E-09 1.2820E-09 1.3528E-09 1.4238E-09 1.4966E-09 1.5681E-09 1.6392E-09 1.7114E-09 1.7845E-09 1.8546E-09 1.9241E-09 1.9961E-09 2.0680E-09 2.1377E-09 2.2077E-09 2.2764E-09 2.3434E-09 2.4077E-09 2.4680E-09 2.5256E-09 2.5781E-09 2.6277E-09
4.5124E-11 5.1183E-11 5.8479E-11 6.5985E-11 7.5466E-11 8.4766E-11 9.6210E-11 1.0761E-10 1.2244E-10 1.3755E-10 1.5432E-10 1.7145E-10 1.9012E-10 2.1044E-10 2.3245E-10 2.5563E-10 2.8062E-10 3.0749E-10 3.3632E-10 3.6719E-10 4.0016E-10 4.3700E-10 4.7626E-10 5.1826E-10 5.6287E-10 6.0956E-10 6.5986E-10 7.1182E-10 7.6740E-10 8.2520E-10 8.8559E-10 9.4719E-10 1.0119E-09 1.0785E-09 1.1462E-09 1.2163E-09 1.2869E-09 1.3584E-09 1.4317E-09 1.5053E-09 1.5777E-09 1.6509E-09 1.7256E-09 1.7994E-09 1.8714E-09 1.9448E-09 2.0205E-09 2.0947E-09 2.1685E-09 2.2422E-09 2.3142E-09 2.3829E-09 2.4507E-09 2.5145E-09 2.5742E-09 2.6305E-09 2.6837E-09
4.4490E-11 5.0482E-11 5.7712E-11 6.5697E-11 7.4559E-11 8.4341E-11 9.5153E-11 1.0646E-10 1.2123E-10 1.3626E-10 1.5298E-10 1.7002E-10 1.8920E-10 2.0885E-10 2.3077E-10 2.5386E-10 2.7875E-10 3.0552E-10 3.3427E-10 3.6505E-10 3.9793E-10 4.3477E-10 4.7406E-10 5.1613E-10 5.6083E-10 6.0845E-10 6.5878E-10 7.1099E-10 7.6667E-10 8.2387E-10 8.8457E-10 9.4731E-10 1.0117E-09 1.0789E-09 1.1482E-09 1.2180E-09 1.2904E-09 1.3627E-09 1.4371E-09 1.5109E-09 1.5846E-09 1.6604E-09 1.7373E-09 1.8113E-09 1.8856E-09 1.9636E-09 2.0425E-09 2.1179E-09 2.1964E-09 2.2721E-09 2.3479E-09 2.4207E-09 2.4912E-09 2.5568E-09 2.6206E-09 2.6804E-09 2.7343E-09
4.3775E-11 5.0234E-11 5.6839E-11 6.5273E-11 7.3512E-11 8.3750E-11 9.3917E-11 1.0626E-10 1.1980E-10 1.3588E-10 1.5135E-10 1.6827E-10 1.8734E-10 2.0685E-10 2.2865E-10 2.5159E-10 2.7634E-10 3.0296E-10 3.3155E-10 3.6219E-10 3.9575E-10 4.3247E-10 4.7177E-10 5.1376E-10 5.5768E-10 6.0535E-10 6.5563E-10 7.0877E-10 7.6438E-10 8.2192E-10 8.8262E-10 9.4493E-10 1.0104E-09 1.0782E-09 1.1470E-09 1.2186E-09 1.2905E-09 1.3647E-09 1.4398E-09 1.5140E-09 1.5897E-09 1.6676E-09 1.7446E-09 1.8205E-09 1.8990E-09 1.9800E-09 2.0597E-09 2.1400E-09 2.2200E-09 2.3000E-09 2.3780E-09 2.4541E-09 2.5268E-09 2.5976E-09 2.6624E-09 2.7257E-09 2.7842E-09
4.2984E-11 4.9357E-11 5.5865E-11 6.4205E-11 7.2333E-11 8.2467E-11 9.2510E-11 1.0474E-10 1.1814E-10 1.3411E-10 1.4943E-10 1.6679E-10 1.8513E-10 2.0506E-10 2.2609E-10 2.4885E-10 2.7339E-10 2.9982E-10 3.2820E-10 3.5862E-10 3.9200E-10 4.2857E-10 4.6774E-10 5.0963E-10 5.5430E-10 6.0182E-10 6.5122E-10 7.0431E-10 7.5993E-10 8.1833E-10 8.7907E-10 9.4170E-10 1.0074E-09 1.0747E-09 1.1448E-09 1.2169E-09 1.2894E-09 1.3644E-09 1.4393E-09 1.5145E-09 1.5927E-09 1.6721E-09 1.7491E-09 1.8285E-09 1.9099E-09 1.9933E-09 2.0758E-09 2.1583E-09 2.2426E-09 2.3256E-09 2.4059E-09 2.4847E-09 2.5608E-09 2.6328E-09 2.7024E-09 2.7688E-09 2.8296E-09
4.2121E-11 4.8396E-11 5.4796E-11 6.3026E-11 7.1029E-11 8.1039E-11 9.0940E-11 1.0304E-10 1.1627E-10 1.3209E-10 1.4723E-10 1.6442E-10 1.8257E-10 2.0230E-10 2.2311E-10 2.4563E-10 2.6993E-10 2.9610E-10 3.2423E-10 3.5437E-10 3.8750E-10 4.2459E-10 4.6362E-10 5.0526E-10 5.4900E-10 5.9633E-10 6.4646E-10 6.9931E-10 7.5407E-10 8.1234E-10 8.7318E-10 9.3668E-10 1.0027E-09 1.0702E-09 1.1407E-09 1.2121E-09 1.2861E-09 1.3614E-09 1.4364E-09 1.5136E-09 1.5933E-09 1.6722E-09 1.7511E-09 1.8331E-09 1.9178E-09 2.0022E-09 2.0886E-09 2.1730E-09 2.2610E-09 2.3452E-09 2.4292E-09 2.5102E-09 2.5901E-09 2.6657E-09 2.7382E-09 2.8072E-09 2.8729E-09
4.1190E-11 4.7356E-11 5.3637E-11 6.1742E-11 6.9606E-11 7.9475E-11 8.9781E-11 1.0115E-10 1.1478E-10 1.2984E-10 1.4537E-10 1.6176E-10 1.7969E-10 1.9918E-10 2.1973E-10 2.4197E-10 2.6598E-10 2.9184E-10 3.1965E-10 3.4946E-10 3.8308E-10 4.1909E-10 4.5784E-10 4.9920E-10 5.4349E-10 5.9051E-10 6.3961E-10 6.9225E-10 7.4767E-10 8.0574E-10 8.6570E-10 9.2923E-10 9.9532E-10 1.0638E-09 1.1337E-09 1.2061E-09 1.2797E-09 1.3554E-09 1.4312E-09 1.5104E-09 1.5908E-09 1.6697E-09 1.7518E-09 1.8361E-09 1.9231E-09 2.0095E-09 2.0978E-09 2.1863E-09 2.2748E-09 2.3633E-09 2.4482E-09 2.5340E-09 2.6147E-09 2.6944E-09 2.7708E-09 2.8431E-09 2.9114E-09
4.0198E-11 4.6244E-11 5.2396E-11 6.0361E-11 6.8072E-11 7.7782E-11 8.7915E-11 9.9104E-11 1.1252E-10 1.2737E-10 1.4268E-10 1.5882E-10 1.7649E-10 1.9570E-10 2.1595E-10 2.3787E-10 2.6155E-10 2.8706E-10 3.1449E-10 3.4392E-10 3.7717E-10 4.1282E-10 4.5121E-10 4.9221E-10 5.3618E-10 5.8286E-10 6.3244E-10 6.8475E-10 7.3904E-10 7.9692E-10 8.5759E-10 9.2107E-10 9.8619E-10 1.0548E-09 1.1254E-09 1.1973E-09 1.2718E-09 1.3472E-09 1.4246E-09 1.5046E-09 1.5843E-09 1.6651E-09 1.7492E-09 1.8363E-09 1.9236E-09 2.0132E-09 2.1049E-09 2.1947E-09 2.2862E-09 2.3765E-09 2.4649E-09 2.5526E-09 2.6374E-09 2.7207E-09 2.7977E-09 2.8741E-09 2.9478E-09
3.9149E-11 4.5066E-11 5.1078E-11 5.8891E-11 6.6437E-11 7.5970E-11 8.5914E-11 9.6899E-11 1.0957E-10 1.2469E-10 1.3975E-10 1.5562E-10 1.7300E-10 1.9190E-10 2.1181E-10 2.3337E-10 2.5667E-10 2.8178E-10 3.0879E-10 3.3777E-10 3.7060E-10 4.0581E-10 4.4455E-10 4.8437E-10 5.2872E-10 5.7418E-10 6.2335E-10 6.7525E-10 7.3002E-10 7.8757E-10 8.4719E-10 9.1048E-10 9.7633E-10 1.0448E-09 1.1144E-09 1.1873E-09 1.2618E-09 1.3366E-09 1.4158E-09 1.4951E-09 1.5757E-09 1.6580E-09 1.7446E-09 1.8337E-09 1.9221E-09 2.0138E-09 2.1075E-09 2.1988E-09 2.2928E-09 2.3851E-09 2.4765E-09 2.5666E-09 2.6551E-09 2.7401E-09 2.8225E-09 2.9012E-09 2.9776E-09
3.8049E-11 4.3828E-11 4.9692E-11 5.7339E-11 6.4708E-11 7.4050E-11 8.3787E-11 9.4551E-11 1.0698E-10 1.2182E-10 1.3660E-10 1.5217E-10 1.6923E-10 1.8779E-10 2.0733E-10 2.2849E-10 2.5136E-10 2.7603E-10 3.0257E-10 3.3105E-10 3.6417E-10 3.9895E-10 4.3635E-10 4.7659E-10 5.1957E-10 5.6453E-10 6.1402E-10 6.6462E-10 7.1893E-10 7.7612E-10 8.3633E-10 8.9922E-10 9.6406E-10 1.0322E-09 1.1017E-09 1.1743E-09 1.2490E-09 1.3236E-09 1.4035E-09 1.4838E-09 1.5650E-09 1.6495E-09 1.7378E-09 1.8262E-09 1.9178E-09 2.0110E-09 2.1050E-09 2.2007E-09 2.2959E-09 2.3916E-09 2.4844E-09 2.5786E-09 2.6683E-09 2.7559E-09 2.8419E-09 2.9245E-09 3.0076E-09
3.6904E-11 4.1995E-11 4.8244E-11 5.5180E-11 6.2896E-11 7.2031E-11 8.1546E-11 9.2072E-11 1.0423E-10 1.1877E-10 1.3325E-10 1.4909E-10 1.6520E-10 1.8339E-10 2.0252E-10 2.2325E-10 2.4567E-10 2.6984E-10 2.9586E-10 3.2380E-10 3.5638E-10 3.9060E-10 4.2751E-10 4.6718E-10 5.0961E-10 5.5486E-10 6.0291E-10 6.5379E-10 7.0758E-10 7.6348E-10 8.2325E-10 8.8573E-10 9.5109E-10 1.0188E-09 1.0881E-09 1.1604E-09 1.2341E-09 1.3096E-09 1.3897E-09 1.4693E-09 1.5520E-09 1.6379E-09 1.7278E-09 1.8170E-09 1.9089E-09 2.0044E-09 2.1000E-09 2.1977E-09 2.2961E-09 2.3929E-09 2.4890E-09 2.5850E-09 2.6781E-09 2.7692E-09 2.8572E-09 2.9463E-09 3.0319E-09
3.5719E-11 4.0662E-11 4.6742E-11 5.3494E-11 6.1009E-11 6.9924E-11 7.9204E-11 8.9475E-11 1.0082E-10 1.1556E-10 1.2972E-10 1.4521E-10 1.6094E-10 1.7873E-10 1.9742E-10 2.1769E-10 2.3960E-10 2.6325E-10 2.8871E-10 3.1606E-10 3.4804E-10 3.8163E-10 4.1879E-10 4.5703E-10 4.9967E-10 5.4345E-10 5.9089E-10 6.4110E-10 6.9437E-10 7.5061E-10 8.0981E-10 8.7096E-10 9.3573E-10 1.0029E-09 1.0726E-09 1.1446E-09 1.2171E-09 1.2926E-09 1.3727E-09 1.4524E-09 1.5362E-09 1.6226E-09 1.7131E-09 1.8039E-09 1.8979E-09 1.9949E-09 2.0929E-09 2.1914E-09 2.2913E-09 2.3903E-09 2.4883E-09 2.5886E-09 2.6825E-09 2.7768E-09 2.8692E-09 2.9622E-09 3.0534E-09
3.4126E-11 3.9291E-11 4.5194E-11 5.1754E-11 5.9057E-11 6.7739E-11 7.6772E-11 8.6775E-11 9.7829E-11 1.1172E-10 1.2602E-10 1.4114E-10 1.5647E-10 1.7382E-10 1.9206E-10 2.1183E-10 2.3321E-10 2.5629E-10 2.8115E-10 3.0786E-10 3.3919E-10 3.7222E-10 4.0871E-10 4.4713E-10 4.8824E-10 5.3131E-10 5.7880E-10 6.2757E-10 6.8020E-10 7.3580E-10 7.9435E-10 8.5578E-10 9.1984E-10 9.8559E-10 1.0547E-09 1.1263E-09 1.1983E-09 1.2745E-09 1.3544E-09 1.4336E-09 1.5189E-09 1.6054E-09 1.6959E-09 1.7892E-09 1.8849E-09 1.9815E-09 2.0813E-09 2.1824E-09 2.2828E-09 2.3834E-09 2.4838E-09 2.5860E-09 2.6828E-09 2.7810E-09 2.8770E-09 2.9750E-09 3.0716E-09
