Assets/Resources/2015_m01_d24_1200(utc+0800)_l00_csi_1hr_conc.grd
DSAA
         159         159
     -79.000      79.000
     -79.000      79.000
  0.7820E-10  0.1848E-05
[rows 100 to 124 of 159, columns 57 to 113 of 159]
1.9808E-09 1.9916E-09 2.0017E-09 2.0113E-09 2.0203E-09 2.0286E-09 2.0362E-09 2.0430E-09 2.0491E-09 2.0545E-09 2.0592E-09 2.0631E-09 2.0662E-09 2.0686E-09 2.0702E-09 2.0711E-09 2.0712E-09 2.0705E-09 2.0690E-09 2.0668E-09 2.0636E-09 2.0597E-09 2.0550E-09 2.0497E-09 2.0435E-09 2.0365E-09 2.0287E-09 2.0202E-09 2.0109E-09 2.0010E-09 1.9902E-09 1.9786E-09 1.9665E-09 1.9537E-09 1.9399E-09 1.9255E-09 1.9103E-09 1.8946E-09 1.8780E-09 1.8608E-09 1.8427E-09 1.8241E-09 1.8050E-09 1.7850E-09 1.7644E-09 1.7432E-09 1.7217E-09 1.6995E-09 1.6767E-09 1.6537E-09 1.6300E-09 1.6056E-09 1.5811E-09 1.5561E-09 1.5310E-09 1.5054E-09 1.4793E-09
1.9444E-09 1.9553E-09 1.9654E-09 1.9750E-09 1.9838E-09 1.9920E-09 1.9995E-09 2.0062E-09 2.0123E-09 2.0176E-09 2.0223E-09 2.0261E-09 2.0293E-09 2.0317E-09 2.0334E-09 2.0343E-09 2.0344E-09 2.0336E-09 2.0323E-09 2.0300E-09 2.0269E-09 2.0231E-09 2.0186E-09 2.0133E-09 2.0073E-09 2.0007E-09 1.9931E-09 1.9848E-09 1.9758E-09 1.9661E-09 1.9558E-09 1.9447E-09 1.9327E-09 1.9200E-09 1.9066E-09 1.8926E-09 1.8778E-09 1.8622E-09 1.8460E-09 1.8292E-09 1.8115E-09 1.7931E-09 1.7743E-09 1.7548E-09 1.7346E-09 1.7138E-09 1.6929E-09 1.6711E-09 1.6488E-09 1.6258E-09 1.6027E-09 1.5791E-09 1.5549E-09 1.5303E-09 1.5056E-09 1.4805E-09 1.4548E-09
1.9087E-09 1.9193E-09 1.9293E-09 1.9387E-09 1.9474E-09 1.9555E-09 1.9629E-09 1.9696E-09 1.9756E-09 1.9808E-09 1.9854E-09 1.9893E-09 1.9924E-09 1.9949E-09 1.9966E-09 1.9973E-09 1.9974E-09 1.9967E-09 1.9952E-09 1.9930E-09 1.9901E-09 1.9865E-09 1.9823E-09 1.9771E-09 1.9713E-09 1.9647E-09 1.9575E-09 1.9496E-09 1.9410E-09 1.9316E-09 1.9214E-09 1.9104E-09 1.8987E-09 1.8864E-09 1.8733E-09 1.8595E-09 1.8450E-09 1.8298E-09 1.8139E-09 1.7973E-09 1.7799E-09 1.7620E-09 1.7436E-09 1.7245E-09 1.7048E-09 1.6844E-09 1.6638E-09 1.6426E-09 1.6205E-09 1.5979E-09 1.5751E-09 1.5523E-09 1.5284E-09 1.5044E-09 1.4798E-09 1.4554E-09 1.4304E-09
1.8730E-09 1.8835E-09 1.8934E-09 1.9026E-09 1.9112E-09 1.9191E-09 1.9264E-09 1.9330E-09 1.9389E-09 1.9442E-09 1.9487E-09 1.9526E-09 1.9555E-09 1.9578E-09 1.9593E-09 1.9601E-09 1.9602E-09 1.9596E-09 1.9582E-09 1.9562E-09 1.9534E-09 1.9498E-09 1.9458E-09 1.9410E-09 1.9355E-09 1.9293E-09 1.9223E-09 1.9147E-09 1.9061E-09 1.8968E-09 1.8868E-09 1.8762E-09 1.8648E-09 1.8526E-09 1.8398E-09 1.8263E-09 1.8121E-09 1.7971E-09 1.7814E-09 1.7651E-09 1.7485E-09 1.7309E-09 1.7127E-09 1.6941E-09 1.6749E-09 1.6549E-09 1.6343E-09 1.6133E-09 1.5921E-09 1.5701E-09 1.5477E-09 1.5249E-09 1.5018E-09 1.4782E-09 1.4543E-09 1.4301E-09 1.4057E-09
1.8376E-09 1.8479E-09 1.8575E-09 1.8666E-09 1.8751E-09 1.8829E-09 1.8901E-09 1.8966E-09 1.9023E-09 1.9073E-09 1.9116E-09 1.9152E-09 1.9182E-09 1.9204E-09 1.9220E-09 1.9229E-09 1.9230E-09 1.9224E-09 1.9214E-09 1.9196E-09 1.9171E-09 1.9139E-09 1.9100E-09 1.9053E-09 1.9000E-09 1.8939E-09 1.8870E-09 1.8793E-09 1.8710E-09 1.8621E-09 1.8523E-09 1.8418E-09 1.8307E-09 1.8188E-09 1.8061E-09 1.7929E-09 1.7789E-09 1.7644E-09 1.7492E-09 1.7332E-09 1.7168E-09 1.6995E-09 1.6819E-09 1.6634E-09 1.6447E-09 1.6249E-09 1.6049E-09 1.5843E-09 1.5637E-09 1.5422E-09 1.5200E-09 1.4975E-09 1.4750E-09 1.4521E-09 1.4286E-09 1.4048E-09 1.3808E-09
1.8023E-09 1.8124E-09 1.8219E-09 1.8308E-09 1.8390E-09 1.8465E-09 1.8534E-09 1.8596E-09 1.8654E-09 1.8703E-09 1.8746E-09 1.8782E-09 1.8812E-09 1.8836E-09 1.8852E-09 1.8861E-09 1.8865E-09 1.8862E-09 1.8852E-09 1.8835E-09 1.8811E-09 1.8780E-09 1.8742E-09 1.8697E-09 1.8643E-09 1.8583E-09 1.8515E-09 1.8441E-09 1.8359E-09 1.8272E-09 1.8177E-09 1.8075E-09 1.7964E-09 1.7847E-09 1.7723E-09 1.7596E-09 1.7460E-09 1.7318E-09 1.7168E-09 1.7011E-09 1.6850E-09 1.6683E-09 1.6508E-09 1.6326E-09 1.6142E-09 1.5952E-09 1.5756E-09 1.5554E-09 1.5348E-09 1.5137E-09 1.4922E-09 1.4703E-09 1.4481E-09 1.4258E-09 1.4027E-09 1.3793E-09 1.3558E-09
1.7672E-09 1.7769E-09 1.7863E-09 1.7949E-09 1.8029E-09 1.8103E-09 1.8171E-09 1.8234E-09 1.8289E-09 1.8338E-09 1.8380E-09 1.8416E-09 1.8448E-09 1.8470E-09 1.8488E-09 1.8499E-09 1.8503E-09 1.8501E-09 1.8491E-09 1.8475E-09 1.8451E-09 1.8420E-09 1.8381E-09 1.8338E-09 1.8286E-09 1.8227E-09 1.8161E-09 1.8088E-09 1.8009E-09 1.7922E-09 1.7830E-09 1.7728E-09 1.7620E-09 1.7509E-09 1.7390E-09 1.7264E-09 1.7129E-09 1.6988E-09 1.6845E-09 1.6691E-09 1.6532E-09 1.6367E-09 1.6197E-09 1.6020E-09 1.5838E-09 1.5653E-09 1.5460E-09 1.5263E-09 1.5058E-09 1.4856E-09 1.4646E-09 1.4431E-09 1.4211E-09 1.3994E-09 1.3767E-09 1.3540E-09 1.3309E-09
1.7319E-09 1.7417E-09 1.7507E-09 1.7591E-09 1.7670E-09 1.7743E-09 1.7811E-09 1.7872E-09 1.7926E-09 1.7975E-09 1.8017E-09 1.8054E-09 1.8085E-09 1.8109E-09 1.8127E-09 1.8138E-09 1.8143E-09 1.8140E-09 1.8131E-09 1.8114E-09 1.8090E-09 1.8059E-09 1.8022E-09 1.7978E-09 1.7928E-09 1.7870E-09 1.7808E-09 1.7737E-09 1.7658E-09 1.7572E-09 1.7481E-09 1.7384E-09 1.7282E-09 1.7172E-09 1.7053E-09 1.6930E-09 1.6798E-09 1.6662E-09 1.6518E-09 1.6368E-09 1.6214E-09 1.6052E-09 1.5886E-09 1.5713E-09 1.5534E-09 1.5352E-09 1.5164E-09 1.4971E-09 1.4773E-09 1.4573E-09 1.4368E-09 1.4157E-09 1.3941E-09 1.3726E-09 1.3508E-09 1.3285E-09 1.3059E-09
1.6971E-09 1.7065E-09 1.7153E-09 1.7236E-09 1.7314E-09 1.7385E-09 1.7453E-09 1.7512E-09 1.7566E-09 1.7615E-09 1.7658E-09 1.7695E-09 1.7726E-09 1.7750E-09 1.7768E-09 1.7779E-09 1.7782E-09 1.7778E-09 1.7768E-09 1.7751E-09 1.7728E-09 1.7699E-09 1.7663E-09 1.7620E-09 1.7570E-09 1.7515E-09 1.7452E-09 1.7383E-09 1.7308E-09 1.7226E-09 1.7137E-09 1.7044E-09 1.6941E-09 1.6833E-09 1.6717E-09 1.6594E-09 1.6466E-09 1.6332E-09 1.6193E-09 1.6048E-09 1.5895E-09 1.5737E-09 1.5572E-09 1.5407E-09 1.5230E-09 1.5050E-09 1.4868E-09 1.4681E-09 1.4487E-09 1.4289E-09 1.4087E-09 1.3882E-09 1.3673E-09 1.3462E-09 1.3249E-09 1.3029E-09 1.2807E-09
1.6621E-09 1.6715E-09 1.6802E-09 1.6884E-09 1.6960E-09 1.7030E-09 1.7096E-09 1.7157E-09 1.7211E-09 1.7260E-09 1.7302E-09 1.7339E-09 1.7369E-09 1.7391E-09 1.7407E-09 1.7416E-09 1.7420E-09 1.7416E-09 1.7407E-09 1.7391E-09 1.7368E-09 1.7340E-09 1.7304E-09 1.7263E-09 1.7215E-09 1.7163E-09 1.7102E-09 1.7035E-09 1.6961E-09 1.6881E-09 1.6792E-09 1.6701E-09 1.6600E-09 1.6493E-09 1.6379E-09 1.6261E-09 1.6139E-09 1.6007E-09 1.5869E-09 1.5725E-09 1.5577E-09 1.5424E-09 1.5263E-09 1.5097E-09 1.4926E-09 1.4753E-09 1.4572E-09 1.4388E-09 1.4197E-09 1.4005E-09 1.3808E-09 1.3609E-09 1.3404E-09 1.3198E-09 1.2985E-09 1.2772E-09 1.2557E-09
1.6276E-09 1.6367E-09 1.6452E-09 1.6534E-09 1.6610E-09 1.6681E-09 1.6746E-09 1.6805E-09 1.6859E-09 1.6905E-09 1.6945E-09 1.6979E-09 1.7007E-09 1.7029E-09 1.7043E-09 1.7054E-09 1.7058E-09 1.7055E-09 1.7045E-09 1.7032E-09 1.7012E-09 1.6984E-09 1.6950E-09 1.6910E-09 1.6863E-09 1.6810E-09 1.6751E-09 1.6687E-09 1.6613E-09 1.6533E-09 1.6448E-09 1.6356E-09 1.6259E-09 1.6156E-09 1.6046E-09 1.5931E-09 1.5808E-09 1.5678E-09 1.5545E-09 1.5404E-09 1.5260E-09 1.5108E-09 1.4953E-09 1.4793E-09 1.4625E-09 1.4453E-09 1.4276E-09 1.4095E-09 1.3912E-09 1.3723E-09 1.3531E-09 1.3334E-09 1.3135E-09 1.2930E-09 1.2726E-09 1.2517E-09 1.2306E-09
1.5934E-09 1.6025E-09 1.6110E-09 1.6190E-09 1.6265E-09 1.6332E-09 1.6394E-09 1.6451E-09 1.6502E-09 1.6549E-09 1.6588E-09 1.6622E-09 1.6649E-09 1.6671E-09 1.6689E-09 1.6698E-09 1.6701E-09 1.6700E-09 1.6692E-09 1.6677E-09 1.6656E-09 1.6629E-09 1.6596E-09 1.6557E-09 1.6513E-09 1.6461E-09 1.6401E-09 1.6335E-09 1.6263E-09 1.6189E-09 1.6106E-09 1.6017E-09 1.5922E-09 1.5819E-09 1.5710E-09 1.5600E-09 1.5479E-09 1.5352E-09 1.5222E-09 1.5085E-09 1.4945E-09 1.4797E-09 1.4643E-09 1.4484E-09 1.4320E-09 1.4154E-09 1.3983E-09 1.3806E-09 1.3625E-09 1.3442E-09 1.3254E-09 1.3060E-09 1.2865E-09 1.2666E-09 1.2466E-09 1.2261E-09 1.2055E-09
1.5599E-09 1.5687E-09 1.5769E-09 1.5847E-09 1.5919E-09 1.5985E-09 1.6046E-09 1.6101E-09 1.6153E-09 1.6197E-09 1.6236E-09 1.6269E-09 1.6296E-09 1.6319E-09 1.6335E-09 1.6344E-09 1.6348E-09 1.6345E-09 1.6337E-09 1.6323E-09 1.6302E-09 1.6276E-09 1.6244E-09 1.6206E-09 1.6159E-09 1.6109E-09 1.6052E-09 1.5989E-09 1.5920E-09 1.5847E-09 1.5766E-09 1.5677E-09 1.5583E-09 1.5482E-09 1.5378E-09 1.5268E-09 1.5152E-09 1.5030E-09 1.4901E-09 1.4768E-09 1.4628E-09 1.4483E-09 1.4334E-09 1.4181E-09 1.4021E-09 1.3857E-09 1.3690E-09 1.3518E-09 1.3340E-09 1.3159E-09 1.2974E-09 1.2788E-09 1.2598E-09 1.2403E-09 1.2205E-09 1.2006E-09 1.1803E-09
1.5264E-09 1.5349E-09 1.5430E-09 1.5505E-09 1.5575E-09 1.5640E-09 1.5700E-09 1.5756E-09 1.5805E-09 1.5848E-09 1.5886E-09 1.5917E-09 1.5944E-09 1.5965E-09 1.5980E-09 1.5990E-09 1.5993E-09 1.5991E-09 1.5983E-09 1.5969E-09 1.5949E-09 1.5923E-09 1.5892E-09 1.5854E-09 1.5810E-09 1.5763E-09 1.5707E-09 1.5646E-09 1.5579E-09 1.5503E-09 1.5422E-09 1.5335E-09 1.5247E-09 1.5151E-09 1.5049E-09 1.4941E-09 1.4826E-09 1.4707E-09 1.4581E-09 1.4451E-09 1.4314E-09 1.4174E-09 1.4027E-09 1.3877E-09 1.3722E-09 1.3562E-09 1.3396E-09 1.3226E-09 1.3056E-09 1.2879E-09 1.2699E-09 1.2515E-09 1.2329E-09 1.2140E-09 1.1945E-09 1.1750E-09 1.1552E-09
1.4930E-09 1.5015E-09 1.5093E-09 1.5167E-09 1.5235E-09 1.5299E-09 1.5357E-09 1.5410E-09 1.5456E-09 1.5497E-09 1.5535E-09 1.5567E-09 1.5595E-09 1.5615E-09 1.5630E-09 1.5640E-09 1.5645E-09 1.5643E-09 1.5633E-09 1.5619E-09 1.5599E-09 1.5576E-09 1.5545E-09 1.5508E-09 1.5466E-09 1.5417E-09 1.5363E-09 1.5301E-09 1.5233E-09 1.5162E-09 1.5085E-09 1.5002E-09 1.4916E-09 1.4822E-09 1.4720E-09 1.4613E-09 1.4500E-09 1.4385E-09 1.4262E-09 1.4135E-09 1.4003E-09 1.3864E-09 1.3723E-09 1.3574E-09 1.3421E-09 1.3265E-09 1.3106E-09 1.2940E-09 1.2771E-09 1.2601E-09 1.2424E-09 1.2244E-09 1.2060E-09 1.1876E-09 1.1686E-09 1.1495E-09 1.1302E-09
1.4600E-09 1.4681E-09 1.4759E-09 1.4831E-09 1.4896E-09 1.4957E-09 1.5014E-09 1.5066E-09 1.5113E-09 1.5155E-09 1.5193E-09 1.5224E-09 1.5250E-09 1.5270E-09 1.5285E-09 1.5293E-09 1.5295E-09 1.5292E-09 1.5284E-09 1.5271E-09 1.5252E-09 1.5227E-09 1.5197E-09 1.5161E-09 1.5117E-09 1.5070E-09 1.5019E-09 1.4961E-09 1.4897E-09 1.4827E-09 1.4751E-09 1.4670E-09 1.4584E-09 1.4490E-09 1.4391E-09 1.4288E-09 1.4179E-09 1.4066E-09 1.3947E-09 1.3821E-09 1.3693E-09 1.3557E-09 1.3418E-09 1.3273E-09 1.3125E-09 1.2972E-09 1.2817E-09 1.2655E-09 1.2490E-09 1.2320E-09 1.2149E-09 1.1972E-09 1.1795E-09 1.1612E-09 1.1429E-09 1.1241E-09 1.1053E-09
1.4273E-09 1.4352E-09 1.4425E-09 1.4494E-09 1.4561E-09 1.4622E-09 1.4678E-09 1.4728E-09 1.4774E-09 1.4817E-09 1.4852E-09 1.4883E-09 1.4906E-09 1.4924E-09 1.4938E-09 1.4946E-09 1.4947E-09 1.4945E-09 1.4937E-09 1.4923E-09 1.4905E-09 1.4883E-09 1.4853E-09 1.4818E-09 1.4778E-09 1.4732E-09 1.4680E-09 1.4623E-09 1.4562E-09 1.4494E-09 1.4418E-09 1.4337E-09 1.4251E-09 1.4161E-09 1.4068E-09 1.3967E-09 1.3861E-09 1.3748E-09 1.3631E-09 1.3511E-09 1.3383E-09 1.3251E-09 1.3115E-09 1.2975E-09 1.2831E-09 1.2681E-09 1.2527E-09 1.2370E-09 1.2209E-09 1.2043E-09 1.1874E-09 1.1704E-09 1.1530E-09 1.1352E-09 1.1171E-09 1.0987E-09 1.0803E-09
1.3946E-09 1.4023E-09 1.4096E-09 1.4165E-09 1.4231E-09 1.4290E-09 1.4344E-09 1.4394E-09 1.4435E-09 1.4474E-09 1.4507E-09 1.4537E-09 1.4561E-09 1.4580E-09 1.4593E-09 1.4604E-09 1.4607E-09 1.4604E-09 1.4596E-09 1.4584E-09 1.4566E-09 1.4542E-09 1.4513E-09 1.4479E-09 1.4439E-09 1.4396E-09 1.4345E-09 1.4287E-09 1.4226E-09 1.4157E-09 1.4086E-09 1.4008E-09 1.3926E-09 1.3840E-09 1.3747E-09 1.3647E-09 1.3542E-09 1.3433E-09 1.3318E-09 1.3200E-09 1.3077E-09 1.2949E-09 1.2816E-09 1.2678E-09 1.2537E-09 1.2390E-09 1.2241E-09 1.2086E-09 1.1929E-09 1.1768E-09 1.1603E-09 1.1435E-09 1.1265E-09 1.1092E-09 1.0914E-09 1.0735E-09 1.0555E-09
1.3626E-09 1.3702E-09 1.3773E-09 1.3840E-09 1.3904E-09 1.3959E-09 1.4010E-09 1.4057E-09 1.4098E-09 1.4139E-09 1.4173E-09 1.4201E-09 1.4225E-09 1.4243E-09 1.4258E-09 1.4266E-09 1.4267E-09 1.4265E-09 1.4258E-09 1.4245E-09 1.4227E-09 1.4204E-09 1.4176E-09 1.4142E-09 1.4103E-09 1.4057E-09 1.4008E-09 1.3955E-09 1.3895E-09 1.3830E-09 1.3760E-09 1.3684E-09 1.3603E-09 1.3516E-09 1.3425E-09 1.3329E-09 1.3226E-09 1.3121E-09 1.3010E-09 1.2894E-09 1.2774E-09 1.2649E-09 1.2518E-09 1.2383E-09 1.2243E-09 1.2102E-09 1.1956E-09 1.1805E-09 1.1650E-09 1.1492E-09 1.1333E-09 1.1168E-09 1.1000E-09 1.0831E-09 1.0660E-09 1.0485E-09 1.0307E-09
1.3310E-09 1.3383E-09 1.3450E-09 1.3516E-09 1.3574E-09 1.3629E-09 1.3680E-09 1.3727E-09 1.3771E-09 1.3809E-09 1.3841E-09 1.3869E-09 1.3890E-09 1.3908E-09 1.3919E-09 1.3927E-09 1.3929E-09 1.3927E-09 1.3920E-09 1.3907E-09 1.3890E-09 1.3867E-09 1.3841E-09 1.3809E-09 1.3771E-09 1.3727E-09 1.3679E-09 1.3626E-09 1.3567E-09 1.3505E-09 1.3436E-09 1.3361E-09 1.3281E-09 1.3196E-09 1.3108E-09 1.3014E-09 1.2916E-09 1.2812E-09 1.2704E-09 1.2591E-09 1.2472E-09 1.2348E-09 1.2220E-09 1.2090E-09 1.1955E-09 1.1815E-09 1.1672E-09 1.1526E-09 1.1375E-09 1.1220E-09 1.1062E-09 1.0903E-09 1.0739E-09 1.0574E-09 1.0405E-09 1.0236E-09 1.0062E-09
1.2993E-09 1.3062E-09 1.3130E-09 1.3193E-09 1.3252E-09 1.3307E-09 1.3357E-09 1.3405E-09 1.3444E-09 1.3478E-09 1.3508E-09 1.3533E-09 1.3555E-09 1.3574E-09 1.3587E-09 1.3594E-09 1.3597E-09 1.3595E-09 1.3589E-09 1.3577E-09 1.3560E-09 1.3538E-09 1.3511E-09 1.3478E-09 1.3441E-09 1.3399E-09 1.3354E-09 1.3301E-09 1.3244E-09 1.3180E-09 1.3111E-09 1.3039E-09 1.2963E-09 1.2882E-09 1.2796E-09 1.2704E-09 1.2607E-09 1.2505E-09 1.2399E-09 1.2287E-09 1.2170E-09 1.2052E-09 1.1928E-09 1.1799E-09 1.1667E-09 1.1531E-09 1.1390E-09 1.1246E-09 1.1099E-09 1.0948E-09 1.0796E-09 1.0639E-09 1.0480E-09 1.0318E-09 1.0154E-09 9.9867E-10 9.8184E-10
1.2680E-09 1.2749E-09 1.2817E-09 1.2878E-09 1.2935E-09 1.2986E-09 1.3033E-09 1.3077E-09 1.3118E-09 1.3151E-09 1.3182E-09 1.3208E-09 1.3232E-09 1.3249E-09 1.3261E-09 1.3268E-09 1.3272E-09 1.3268E-09 1.3261E-09 1.3249E-09 1.3232E-09 1.3210E-09 1.3183E-09 1.3151E-09 1.3115E-09 1.3073E-09 1.3025E-09 1.2976E-09 1.2921E-09 1.2860E-09 1.2795E-09 1.2724E-09 1.2649E-09 1.2571E-09 1.2486E-09 1.2395E-09 1.2299E-09 1.2198E-09 1.2095E-09 1.1988E-09 1.1876E-09 1.1759E-09 1.1636E-09 1.1510E-09 1.1381E-09 1.1248E-09 1.1111E-09 1.0971E-09 1.0827E-09 1.0679E-09 1.0530E-09 1.0378E-09 1.0222E-09 1.0062E-09 9.9023E-10 9.7414E-10 9.5778E-10
1.2373E-09 1.2441E-09 1.2505E-09 1.2562E-09 1.2618E-09 1.2668E-09 1.2715E-09 1.2759E-09 1.2798E-09 1.2832E-09 1.2862E-09 1.2890E-09 1.2910E-09 1.2925E-09 1.2934E-09 1.2941E-09 1.2943E-09 1.2941E-09 1.2933E-09 1.2921E-09 1.2905E-09 1.2883E-09 1.2857E-09 1.2828E-09 1.2792E-09 1.2752E-09 1.2707E-09 1.2658E-09 1.2605E-09 1.2545E-09 1.2481E-09 1.2413E-09 1.2339E-09 1.2259E-09 1.2175E-09 1.2087E-09 1.1995E-09 1.1899E-09 1.1798E-09 1.1692E-09 1.1581E-09 1.1465E-09 1.1346E-09 1.1225E-09 1.1097E-09 1.0968E-09 1.0833E-09 1.0697E-09 1.0557E-09 1.0413E-09 1.0266E-09 1.0116E-09 9.9661E-10 9.8121E-10 9.6557E-10 9.4973E-10 9.3384E-10
1.2069E-09 1.2135E-09 1.2195E-09 1.2251E-09 1.2305E-09 1.2357E-09 1.2404E-09 1.2446E-09 1.2483E-09 1.2517E-09 1.2546E-09 1.2567E-09 1.2585E-09 1.2600E-09 1.2612E-09 1.2620E-09 1.2622E-09 1.2619E-09 1.2612E-09 1.2600E-09 1.2585E-09 1.2565E-09 1.2539E-09 1.2509E-09 1.2476E-09 1.2437E-09 1.2393E-09 1.2344E-09 1.2290E-09 1.2232E-09 1.2168E-09 1.2101E-09 1.2029E-09 1.1952E-09 1.1871E-09 1.1785E-09 1.1695E-09 1.1601E-09 1.1501E-09 1.1396E-09 1.1287E-09 1.1176E-09 1.1060E-09 1.0941E-09 1.0817E-09 1.0691E-09 1.0560E-09 1.0425E-09 1.0288E-09 1.0148E-09 1.0005E-09 9.8600E-10 9.7119E-10 9.5623E-10 9.4104E-10 9.2551E-10 9.0987E-10
1.1767E-09 1.1831E-09 1.1891E-09 1.1947E-09 1.2000E-09 1.2051E-09 1.2094E-09 1.2132E-09 1.2167E-09 1.2199E-09 1.2228E-09 1.2252E-09 1.2271E-09 1.2288E-09 1.2299E-09 1.2305E-09 1.2306E-09 1.2303E-09 1.2297E-09 1.2285E-09 1.2270E-09 1.2249E-09 1.2226E-09 1.2196E-09 1.2162E-09 1.2123E-09 1.2080E-09 1.2032E-09 1.1978E-09 1.1921E-09 1.1860E-09 1.1795E-09 1.1725E-09 1.1650E-09 1.1570E-09 1.1486E-09 1.1397E-09 1.1302E-09 1.1206E-09 1.1105E-09 1.1000E-09 1.0891E-09 1.0778E-09 1.0660E-09 1.0540E-09 1.0415E-09 1.0286E-09 1.0156E-09 1.0023E-09 9.8859E-10 9.7472E-10 9.6066E-10 9.4621E-10 9.3147E-10 9.1660E-10 9.0159E-10 8.8640E-10
