Assets/Resources/2015_m01_d27_2200(utc+0800)_l00_csi_1hr_conc.grd
DSAA
         159         159
     -79.000      79.000
     -79.000      79.000
  0.0000E+00  0.9048E-05
[rows 0 to 24 of 159, columns 0 to 56 of 159]
0.0000E+00 0.0000E+00 0.0000E+00 0.0000E+00 0.0000E+00 0.0000E+00 0.0000E+00 0.0000E+00 0.0000E+00 0.0000E+00 0.0000E+00 0.0000E+00 0.0000E+00 0.0000E+00 0.0000E+00 0.0000E+00 0.0000E+00 0.0000E+00 0.0000E+00 0.0000E+00 0.0000E+00 0.0000E+00 0.0000E+00 0.0000E+00 5.5766E-12 6.7434E-12 1.1775E-11 1.8053E-11 2.6009E-11 3.4393E-11 4.6723E-11 7.1257E-11 1.1200E-10 1.7696E-10 2.5537E-10 3.5343E-10 4.6736E-10 5.9687E-10 7.5350E-10 9.3538E-10 1.1556E-09 1.4095E-09 1.7076E-09 2.0493E-09 2.4356E-09 2.8707E-09 3.3527E-09 3.8802E-09 4.4504E-09 5.0573E-09 5.6950E-09 6.3552E-09 7.0260E-09 7.6939E-09 8.3462E-09 8.9689E-09 9.5475E-09
0.0000E+00 0.0000E+00 0.0000E+00 0.0000E+00 0.0000E+00 0.0000E+00 0.0000E+00 0.0000E+00 0.0000E+00 0.0000E+00 0.0000E+00 0.0000E+00 0.0000E+00 0.0000E+00 0.0000E+00 0.0000E+00 0.0000E+00 0.0000E+00 0.0000E+00 0.0000E+00 0.0000E+00 0.0000E+00 0.0000E+00 0.0000E+00 3.9644E-12 6.3092E-12 1.1260E-11 1.7440E-11 2.5306E-11 3.3590E-11 4.6040E-11 6.7304E-11 1.0634E-10 1.7081E-10 2.5080E-10 3.4932E-10 4.6838E-10 6.0394E-10 7.6132E-10 9.5276E-10 1.1787E-09 1.4452E-09 1.7566E-09 2.1130E-09 2.5213E-09 2.9806E-09 3.4903E-09 4.0517E-09 4.6595E-09 5.3095E-09 5.9935E-09 6.7022E-09 7.4230E-09 8.1432E-09 8.8517E-09 9.5306E-09 1.0163E-08
0.0000E+00 0.0000E+00 0.0000E+00 0.0000E+00 0.0000E+00 0.0000E+00 0.0000E+00 0.0000E+00 0.0000E+00 0.0000E+00 0.0000E+00 0.0000E+00 0.0000E+00 0.0000E+00 0.0000E+00 0.0000E+00 0.0000E+00 0.0000E+00 0.0000E+00 0.0000E+00 0.0000E+00 0.0000E+00 0.0000E+00 0.0000E+00 3.0221E-12 5.8508E-12 1.0687E-11 1.6725E-11 2.2701E-11 3.2563E-11 4.4895E-11 6.6449E-11 9.8462E-11 1.6071E-10 2.4353E-10 3.4278E-10 4.6531E-10 6.0679E-10 7.6822E-10 9.6422E-10 1.1978E-09 1.4750E-09 1.7959E-09 2.1692E-09 2.5957E-09 3.0765E-09 3.6147E-09 4.2078E-09 4.8522E-09 5.5426E-09 6.2726E-09 7.0317E-09 7.8077E-09 8.5873E-09 9.3527E-09 1.0086E-08 1.0769E-08
0.0000E+00 0.0000E+00 0.0000E+00 0.0000E+00 0.0000E+00 0.0000E+00 0.0000E+00 0.0000E+00 0.0000E+00 0.0000E+00 0.0000E+00 0.0000E+00 0.0000E+00 0.0000E+00 0.0000E+00 0.0000E+00 0.0000E+00 0.0000E+00 0.0000E+00 0.0000E+00 0.0000E+00 0.0000E+00 0.0000E+00 0.0000E+00 2.6720E-12 5.3757E-12 1.0065E-11 1.4292E-11 2.1747E-11 3.1331E-11 4.3450E-11 6.4848E-11 9.1096E-11 1.4884E-10 2.3408E-10 3.3349E-10 4.5571E-10 5.9965E-10 7.6649E-10 9.6317E-10 1.2048E-09 1.4862E-09 1.8185E-09 2.2048E-09 2.6468E-09 3.1500E-09 3.7145E-09 4.3377E-09 5.0183E-09 5.7505E-09 6.5271E-09 7.3364E-09 8.1662E-09 9.0003E-09 9.8207E-09 1.0610E-08 1.1348E-08
0.0000E+00 0.0000E+00 0.0000E+00 0.0000E+00 0.0000E+00 0.0000E+00 0.0000E+00 0.0000E+00 0.0000E+00 0.0000E+00 0.0000E+00 0.0000E+00 0.0000E+00 0.0000E+00 0.0000E+00 0.0000E+00 0.0000E+00 0.0000E+00 0.0000E+00 0.0000E+00 0.0000E+00 0.0000E+00 0.0000E+00 0.0000E+00 2.3277E-12 4.8922E-12 7.7811E-12 1.1718E-11 2.0677E-11 2.9917E-11 4.1732E-11 5.9643E-11 8.8460E-11 1.3526E-10 2.2057E-10 3.1910E-10 4.4381E-10 5.8800E-10 7.5682E-10 9.5830E-10 1.2029E-09 1.4905E-09 1.8315E-09 2.2269E-09 2.6845E-09 3.2071E-09 3.7938E-09 4.4459E-09 5.1601E-09 5.9321E-09 6.7518E-09 7.6098E-09 8.4923E-09 9.3821E-09 1.0262E-08 1.1108E-08 1.1902E-08
0.0000E+00 0.0000E+00 0.0000E+00 0.0000E+00 0.0000E+00 0.0000E+00 0.0000E+00 0.0000E+00 0.0000E+00 0.0000E+00 0.0000E+00 0.0000E+00 0.0000E+00 0.0000E+00 0.0000E+00 0.0000E+00 0.0000E+00 0.0000E+00 0.0000E+00 0.0000E+00 0.0000E+00 0.0000E+00 0.0000E+00 0.0000E+00 1.9950E-12 4.4087E-12 5.4428E-12 1.0900E-11 1.9511E-11 2.6468E-11 3.9776E-11 5.4810E-11 8.4269E-11 1.1933E-10 2.0292E-10 3.0140E-10 4.2307E-10 5.6807E-10 7.3723E-10 9.4114E-10 1.1852E-09 1.4777E-09 1.8217E-09 2.2268E-09 2.6966E-09 3.2349E-09 3.8428E-09 4.5209E-09 5.2679E-09 6.0759E-09 6.9387E-09 7.8458E-09 8.7800E-09 9.7245E-09 1.0661E-08 1.1565E-08 1.2416E-08
0.0000E+00 0.0000E+00 0.0000E+00 0.0000E+00 0.0000E+00 0.0000E+00 0.0000E+00 0.0000E+00 0.0000E+00 0.0000E+00 0.0000E+00 0.0000E+00 0.0000E+00 0.0000E+00 0.0000E+00 0.0000E+00 0.0000E+00 0.0000E+00 0.0000E+00 0.0000E+00 0.0000E+00 0.0000E+00 0.0000E+00 0.0000E+00 1.4738E-12 3.9338E-12 4.8788E-12 1.0059E-11 1.6424E-11 2.2752E-11 3.7052E-11 4.9147E-11 7.8910E-11 1.1143E-10 1.7783E-10 2.8181E-10 3.9833E-10 5.4241E-10 7.1221E-10 9.1493E-10 1.1617E-09 1.4547E-09 1.8028E-09 2.2138E-09 2.6929E-09 3.2432E-09 3.8688E-09 4.5700E-09 5.3437E-09 6.1855E-09 7.0891E-09 8.0402E-09 9.0241E-09 1.0024E-08 1.1016E-08 1.1978E-08 1.2887E-08
0.0000E+00 0.0000E+00 0.0000E+00 0.0000E+00 0.0000E+00 0.0000E+00 0.0000E+00 0.0000E+00 0.0000E+00 0.0000E+00 0.0000E+00 0.0000E+00 0.0000E+00 0.0000E+00 0.0000E+00 0.0000E+00 0.0000E+00 0.0000E+00 0.0000E+00 0.0000E+00 0.0000E+00 0.0000E+00 0.0000E+00 0.0000E+00 0.0000E+00 2.0148E-12 4.3299E-12 8.5525E-12 1.1440E-11 2.0521E-11 3.1044E-11 4.2936E-11 7.2029E-11 1.0431E-10 1.5168E-10 2.5674E-10 3.7114E-10 5.1020E-10 6.7801E-10 8.7972E-10 1.1258E-09 1.4163E-09 1.7657E-09 2.1779E-09 2.6630E-09 3.2228E-09 3.8619E-09 4.5817E-09 5.3792E-09 6.2537E-09 7.1933E-09 8.1863E-09 9.2188E-09 1.0270E-08 1.1319E-08 1.2343E-08 1.3312E-08
0.0000E+00 0.0000E+00 0.0000E+00 0.0000E+00 0.0000E+00 0.0000E+00 0.0000E+00 0.0000E+00 0.0000E+00 0.0000E+00 0.0000E+00 0.0000E+00 0.0000E+00 0.0000E+00 0.0000E+00 0.0000E+00 0.0000E+00 0.0000E+00 0.0000E+00 0.0000E+00 0.0000E+00 0.0000E+00 0.0000E+00 0.0000E+00 0.0000E+00 0.0000E+00 2.8966E-12 4.8245E-12 9.6786E-12 1.7102E-11 2.3296E-11 3.6239E-11 6.1224E-11 9.3368E-11 1.3523E-10 2.2014E-10 3.4261E-10 4.7545E-10 6.4008E-10 8.3994E-10 1.0817E-09 1.3710E-09 1.7178E-09 2.1311E-09 2.6167E-09 3.1823E-09 3.8306E-09 4.5631E-09 5.3828E-09 6.2816E-09 7.2520E-09 8.2842E-09 9.3608E-09 1.0464E-08 1.1569E-08 1.2650E-08 1.3681E-08
0.0000E+00 0.0000E+00 0.0000E+00 0.0000E+00 0.0000E+00 0.0000E+00 0.0000E+00 0.0000E+00 0.0000E+00 0.0000E+00 0.0000E+00 0.0000E+00 0.0000E+00 0.0000E+00 0.0000E+00 0.0000E+00 0.0000E+00 0.0000E+00 0.0000E+00 0.0000E+00 0.0000E+00 0.0000E+00 0.0000E+00 0.0000E+00 0.0000E+00 0.0000E+00 1.9660E-12 2.9415E-12 6.2388E-12 1.3423E-11 1.8215E-11 3.0932E-11 4.8964E-11 8.3357E-11 1.2271E-10 1.8720E-10 3.1010E-10 4.3894E-10 5.9726E-10 7.9321E-10 1.0304E-09 1.3141E-09 1.6550E-09 2.0651E-09 2.5490E-09 3.1143E-09 3.7668E-09 4.5084E-09 5.3432E-09 6.2623E-09 7.2619E-09 8.3283E-09 9.4466E-09 1.0597E-08 1.1756E-08 1.2899E-08 1.3996E-08
0.0000E+00 0.0000E+00 0.0000E+00 0.0000E+00 0.0000E+00 0.0000E+00 0.0000E+00 0.0000E+00 0.0000E+00 0.0000E+00 0.0000E+00 0.0000E+00 0.0000E+00 0.0000E+00 0.0000E+00 0.0000E+00 0.0000E+00 0.0000E+00 0.0000E+00 0.0000E+00 0.0000E+00 0.0000E+00 0.0000E+00 0.0000E+00 0.0000E+00 0.0000E+00 1.2554E-12 2.2895E-12 2.8741E-12 8.9417E-12 1.4178E-11 2.5142E-11 3.4053E-11 7.4377E-11 1.1257E-10 1.5950E-10 2.7235E-10 3.9930E-10 5.5245E-10 7.4138E-10 9.7414E-10 1.2503E-09 1.5837E-09 1.9874E-09 2.4668E-09 3.0284E-09 3.6806E-09 4.4268E-09 5.2709E-09 6.2061E-09 7.2267E-09 8.3213E-09 9.4771E-09 1.0672E-08 1.1885E-08 1.3086E-08 1.4244E-08
0.0000E+00 0.0000E+00 0.0000E+00 0.0000E+00 0.0000E+00 0.0000E+00 0.0000E+00 0.0000E+00 0.0000E+00 0.0000E+00 0.0000E+00 0.0000E+00 0.0000E+00 0.0000E+00 0.0000E+00 0.0000E+00 0.0000E+00 0.0000E+00 0.0000E+00 0.0000E+00 0.0000E+00 0.0000E+00 0.0000E+00 0.0000E+00 0.0000E+00 0.0000E+00 2.0322E-13 2.0955E-12 2.6305E-12 3.2799E-12 9.8950E-12 1.9728E-11 2.7820E-11 6.1224E-11 1.0259E-10 1.3930E-10 2.2278E-10 3.5897E-10 5.0460E-10 6.8664E-10 9.1141E-10 1.1792E-09 1.5026E-09 1.8956E-09 2.3638E-09 2.9200E-09 3.5665E-09 4.3093E-09 5.1594E-09 6.1034E-09 7.1399E-09 8.2588E-09 9.4462E-09 1.0684E-08 1.1948E-08 1.3206E-08 1.4431E-08
0.0000E+00 0.0000E+00 0.0000E+00 0.0000E+00 0.0000E+00 0.0000E+00 0.0000E+00 0.0000E+00 0.0000E+00 0.0000E+00 0.0000E+00 0.0000E+00 0.0000E+00 0.0000E+00 0.0000E+00 0.0000E+00 0.0000E+00 0.0000E+00 0.0000E+00 0.0000E+00 0.0000E+00 0.0000E+00 0.0000E+00 0.0000E+00 0.0000E+00 0.0000E+00 0.0000E+00 1.8837E-12 2.3913E-12 2.9817E-12 7.8239E-12 1.0024E-11 2.2364E-11 4.0757E-11 9.0213E-11 1.2633E-10 1.8277E-10 3.1390E-10 4.5434E-10 6.2885E-10 8.4408E-10 1.1033E-09 1.4148E-09 1.7948E-09 2.2485E-09 2.7929E-09 3.4287E-09 4.1644E-09 5.0135E-09 5.9605E-09 7.0070E-09 8.1440E-09 9.3588E-09 1.0635E-08 1.1943E-08 1.3259E-08 1.4548E-08
0.0000E+00 0.0000E+00 0.0000E+00 0.0000E+00 0.0000E+00 0.0000E+00 0.0000E+00 0.0000E+00 0.0000E+00 0.0000E+00 0.0000E+00 0.0000E+00 0.0000E+00 0.0000E+00 0.0000E+00 0.0000E+00 0.0000E+00 0.0000E+00 0.0000E+00 0.0000E+00 0.0000E+00 0.0000E+00 0.0000E+00 0.0000E+00 0.0000E+00 0.0000E+00 0.0000E+00 7.4191E-13 2.1593E-12 2.6924E-12 5.0852E-12 8.8587E-12 1.7738E-11 2.4656E-11 7.5176E-11 1.1363E-10 1.5757E-10 2.6164E-10 4.0476E-10 5.6804E-10 7.7241E-10 1.0194E-09 1.3184E-09 1.6838E-09 2.1219E-09 2.6463E-09 3.2682E-09 3.9946E-09 4.8332E-09 5.7770E-09 6.8269E-09 7.9755E-09 9.2144E-09 1.0520E-08 1.1872E-08 1.3241E-08 1.4592E-08
0.0000E+00 0.0000E+00 0.0000E+00 0.0000E+00 0.0000E+00 0.0000E+00 0.0000E+00 0.0000E+00 0.0000E+00 0.0000E+00 0.0000E+00 0.0000E+00 0.0000E+00 0.0000E+00 0.0000E+00 0.0000E+00 0.0000E+00 0.0000E+00 0.0000E+00 0.0000E+00 0.0000E+00 0.0000E+00 0.0000E+00 0.0000E+00 0.0000E+00 0.0000E+00 0.0000E+00 0.0000E+00 1.9366E-12 2.4147E-12 2.9906E-12 7.9502E-12 1.3412E-11 1.9930E-11 5.0569E-11 1.0105E-10 1.4220E-10 2.0810E-10 3.5008E-10 5.0730E-10 6.9784E-10 9.3314E-10 1.2159E-09 1.5644E-09 1.9852E-09 2.4892E-09 3.0891E-09 3.7958E-09 4.6209E-09 5.5552E-09 6.6008E-09 7.7557E-09 9.0076E-09 1.0339E-08 1.1733E-08 1.3150E-08 1.4562E-08
0.0000E+00 0.0000E+00 0.0000E+00 0.0000E+00 0.0000E+00 0.0000E+00 0.0000E+00 0.0000E+00 0.0000E+00 0.0000E+00 0.0000E+00 0.0000E+00 0.0000E+00 0.0000E+00 0.0000E+00 0.0000E+00 0.0000E+00 0.0000E+00 0.0000E+00 0.0000E+00 0.0000E+00 0.0000E+00 0.0000E+00 0.0000E+00 0.0000E+00 0.0000E+00 0.0000E+00 0.0000E+00 8.4578E-13 2.1512E-12 2.6642E-12 7.0337E-12 9.2790E-12 1.7736E-11 2.8425E-11 8.6125E-11 1.2533E-10 1.7258E-10 2.9269E-10 4.4524E-10 6.2362E-10 8.4164E-10 1.1090E-09 1.4392E-09 1.8379E-09 2.3196E-09 2.8954E-09 3.5761E-09 4.3846E-09 5.3024E-09 6.3384E-09 7.4919E-09 8.7496E-09 1.0106E-08 1.1526E-08 1.2990E-08 1.4464E-08
0.0000E+00 0.0000E+00 0.0000E+00 0.0000E+00 0.0000E+00 0.0000E+00 0.0000E+00 0.0000E+00 0.0000E+00 0.0000E+00 0.0000E+00 0.0000E+00 0.0000E+00 0.0000E+00 0.0000E+00 0.0000E+00 0.0000E+00 0.0000E+00 0.0000E+00 0.0000E+00 0.0000E+00 0.0000E+00 0.0000E+00 0.0000E+00 0.0000E+00 0.0000E+00 0.0000E+00 0.0000E+00 0.0000E+00 1.7824E-12 2.3574E-12 4.6080E-12 7.7920E-12 1.5131E-11 1.9950E-11 6.1661E-11 1.1080E-10 1.5261E-10 2.2861E-10 3.8004E-10 5.4818E-10 7.5250E-10 1.0023E-09 1.3102E-09 1.6854E-09 2.1422E-09 2.6920E-09 3.3432E-09 4.1240E-09 5.0226E-09 6.0420E-09 7.1854E-09 8.4450E-09 9.8091E-09 1.1255E-08 1.2761E-08 1.4284E-08
0.0000E+00 0.0000E+00 0.0000E+00 0.0000E+00 0.0000E+00 0.0000E+00 0.0000E+00 0.0000E+00 0.0000E+00 0.0000E+00 0.0000E+00 0.0000E+00 0.0000E+00 0.0000E+00 0.0000E+00 0.0000E+00 0.0000E+00 0.0000E+00 0.0000E+00 0.0000E+00 0.0000E+00 0.0000E+00 0.0000E+00 0.0000E+00 0.0000E+00 0.0000E+00 0.0000E+00 0.0000E+00 0.0000E+00 6.5000E-13 2.0719E-12 2.5488E-12 6.5569E-12 1.0613E-11 1.7070E-11 3.3957E-11 9.2987E-11 1.3469E-10 1.8218E-10 3.1736E-10 4.7189E-10 6.5713E-10 8.9165E-10 1.1799E-09 1.5278E-09 1.9551E-09 2.4745E-09 3.0964E-09 3.8450E-09 4.7122E-09 5.7100E-09 6.8349E-09 8.0869E-09 9.4516E-09 1.0916E-08 1.2450E-08 1.4026E-08
0.0000E+00 0.0000E+00 0.0000E+00 0.0000E+00 0.0000E+00 0.0000E+00 0.0000E+00 0.0000E+00 0.0000E+00 0.0000E+00 0.0000E+00 0.0000E+00 0.0000E+00 0.0000E+00 0.0000E+00 0.0000E+00 0.0000E+00 0.0000E+00 0.0000E+00 0.0000E+00 0.0000E+00 0.0000E+00 0.0000E+00 0.0000E+00 0.0000E+00 0.0000E+00 0.0000E+00 0.0000E+00 0.0000E+00 0.0000E+00 1.3068E-12 2.2251E-12 4.0837E-12 7.3651E-12 1.3688E-11 2.0399E-11 6.8964E-11 1.1641E-10 1.5916E-10 2.4985E-10 4.0042E-10 5.6720E-10 7.8461E-10 1.0509E-09 1.3732E-09 1.7702E-09 2.2542E-09 2.8394E-09 3.5548E-09 4.3841E-09 5.3499E-09 6.4485E-09 7.6809E-09 9.0395E-09 1.0512E-08 1.2072E-08 1.3693E-08
0.0000E+00 0.0000E+00 0.0000E+00 0.0000E+00 0.0000E+00 0.0000E+00 0.0000E+00 0.0000E+00 0.0000E+00 0.0000E+00 0.0000E+00 0.0000E+00 0.0000E+00 0.0000E+00 0.0000E+00 0.0000E+00 0.0000E+00 0.0000E+00 0.0000E+00 0.0000E+00 0.0000E+00 0.0000E+00 0.0000E+00 0.0000E+00 0.0000E+00 0.0000E+00 0.0000E+00 0.0000E+00 0.0000E+00 0.0000E+00 2.5482E-13 1.8441E-12 2.3575E-12 5.5240E-12 9.2622E-12 1.5368E-11 3.8598E-11 9.4330E-11 1.3719E-10 1.9142E-10 3.3511E-10 4.8332E-10 6.7493E-10 9.2236E-10 1.2204E-09 1.5839E-09 2.0306E-09 2.5763E-09 3.2506E-09 4.0401E-09 4.9648E-09 6.0298E-09 7.2346E-09 8.5761E-09 1.0044E-08 1.1619E-08 1.3274E-08
0.0000E+00 0.0000E+00 0.0000E+00 0.0000E+00 0.0000E+00 0.0000E+00 0.0000E+00 0.0000E+00 0.0000E+00 0.0000E+00 0.0000E+00 0.0000E+00 0.0000E+00 0.0000E+00 0.0000E+00 0.0000E+00 0.0000E+00 0.0000E+00 0.0000E+00 0.0000E+00 0.0000E+00 0.0000E+00 0.0000E+00 0.0000E+00 0.0000E+00 0.0000E+00 0.0000E+00 0.0000E+00 0.0000E+00 0.0000E+00 0.0000E+00 6.9154E-13 2.0305E-12 3.0675E-12 6.3699E-12 1.1287E-11 1.8856E-11 7.0042E-11 1.1321E-10 1.6402E-10 2.6672E-10 4.0553E-10 5.6901E-10 7.9904E-10 1.0672E-09 1.3999E-09 1.8125E-09 2.3117E-09 2.9364E-09 3.6807E-09 4.5593E-09 5.5810E-09 6.7473E-09 8.0628E-09 9.5192E-09 1.1100E-08 1.2781E-08
0.0000E+00 0.0000E+00 0.0000E+00 0.0000E+00 0.0000E+00 0.0000E+00 0.0000E+00 0.0000E+00 0.0000E+00 0.0000E+00 0.0000E+00 0.0000E+00 0.0000E+00 0.0000E+00 0.0000E+00 0.0000E+00 0.0000E+00 0.0000E+00 0.0000E+00 0.0000E+00 0.0000E+00 0.0000E+00 0.0000E+00 0.0000E+00 0.0000E+00 0.0000E+00 0.0000E+00 0.0000E+00 0.0000E+00 0.0000E+00 0.0000E+00 0.0000E+00 1.0183E-12 2.1081E-12 3.9752E-12 7.4343E-12 1.2624E-11 4.0318E-11 8.7237E-11 1.3623E-10 2.0296E-10 3.3375E-10 4.7494E-10 6.8355E-10 9.2582E-10 1.2239E-09 1.5967E-09 2.0552E-09 2.6305E-09 3.3180E-09 4.1449E-09 5.1212E-09 6.2394E-09 7.5167E-09 8.9431E-09 1.0517E-08 1.2212E-08
0.0000E+00 0.0000E+00 0.0000E+00 0.0000E+00 0.0000E+00 0.0000E+00 0.0000E+00 0.0000E+00 0.0000E+00 0.0000E+00 0.0000E+00 0.0000E+00 0.0000E+00 0.0000E+00 0.0000E+00 0.0000E+00 0.0000E+00 0.0000E+00 0.0000E+00 0.0000E+00 0.0000E+00 0.0000E+00 0.0000E+00 0.0000E+00 0.0000E+00 0.0000E+00 0.0000E+00 0.0000E+00 0.0000E+00 0.0000E+00 0.0000E+00 0.0000E+00 2.0311E-14 1.2408E-12 2.2344E-12 4.6224E-12 8.5360E-12 1.7770E-11 5.9065E-11 1.0600E-10 1.6799E-10 2.6854E-10 3.8966E-10 5.6672E-10 7.8980E-10 1.0554E-09 1.3882E-09 1.8009E-09 2.3247E-09 2.9565E-09 3.7236E-09 4.6423E-09 5.7054E-09 6.9308E-09 8.3257E-09 9.8786E-09 1.1575E-08
0.0000E+00 0.0000E+00 0.0000E+00 0.0000E+00 0.0000E+00 0.0000E+00 0.0000E+00 0.0000E+00 0.0000E+00 0.0000E+00 0.0000E+00 0.0000E+00 0.0000E+00 0.0000E+00 0.0000E+00 0.0000E+00 0.0000E+00 0.0000E+00 0.0000E+00 0.0000E+00 0.0000E+00 0.0000E+00 0.0000E+00 0.0000E+00 0.0000E+00 0.0000E+00 0.0000E+00 0.0000E+00 0.0000E+00 0.0000E+00 0.0000E+00 0.0000E+00 0.0000E+00 1.9832E-13 1.3597E-12 2.5534E-12 5.0276E-12 9.1821E-12 3.2548E-11 7.5270E-11 1.3163E-10 2.0298E-10 3.1293E-10 4.6086E-10 6.6017E-10 8.9902E-10 1.1918E-09 1.5585E-09 2.0297E-09 2.6024E-09 3.3056E-09 4.1590E-09 5.1617E-09 6.3244E-09 7.6714E-09 9.1866E-09 1.0869E-08
0.0000E+00 0.0000E+00 0.0000E+00 0.0000E+00 0.0000E+00 0.0000E+00 0.0000E+00 0.0000E+00 0.0000E+00 0.0000E+00 0.0000E+00 0.0000E+00 0.0000E+00 0.0000E+00 0.0000E+00 0.0000E+00 0.0000E+00 0.0000E+00 0.0000E+00 0.0000E+00 0.0000E+00 0.0000E+00 0.0000E+00 0.0000E+00 0.0000E+00 0.0000E+00 0.0000E+00 0.0000E+00 0.0000E+00 0.0000E+00 0.0000E+00 0.0000E+00 0.0000E+00 0.0000E+00 2.9155E-13 1.3806E-12 2.7390E-12 5.4546E-12 1.3603E-11 4.6659E-11 9.5054E-11 1.5851E-10 2.4528E-10 3.6576E-10 5.4132E-10 7.5339E-10 1.0116E-09 1.3338E-09 1.7475E-09 2.2601E-09 2.9008E-09 3.6838E-09 4.6134E-09 5.7109E-09 6.9938E-09 8.4656E-09 1.0117E-08
