Assets/Resources/2015_m01_d03_0500(utc+0800)_l00_csi_1hr_conc.grd
DSAA
         159         159
     -79.000      79.000
     -79.000      79.000
  0.0000E+00  0.4802E-05
[rows 25 to 49 of 159, columns 0 to 56 of 159]
3.3618E-10 3.5218E-10 3.6937E-10 3.8755E-10 4.0573E-10 4.2463E-10 4.4429E-10 4.6528E-10 4.8712E-10 5.0955E-10 5.3255E-10 5.5642E-10 5.8222E-10 6.0901E-10 6.3628E-10 6.6399E-10 6.9266E-10 7.2343E-10 7.5472E-10 7.8762E-10 8.2047E-10 8.5432E-10 8.8981E-10 9.2698E-10 9.6465E-10 1.0034E-09 1.0426E-09 1.0828E-09 1.1246E-09 1.1675E-09 1.2113E-09 1.2562E-09 1.3020E-09 1.3480E-09 1.3948E-09 1.4431E-09 1.4922E-09 1.5435E-09 1.5934E-09 1.6439E-09 1.6948E-09 1.7470E-09 1.8030E-09 1.8554E-09 1.9081E-09 1.9609E-09 2.0189E-09 2.0721E-09 2.1251E-09 2.1779E-09 2.2301E-09 2.2872E-09 2.3385E-09 2.3888E-09 2.4380E-09 2.4858E-09 2.5334E-09
3.4276E-10 3.5979E-10 3.7705E-10 3.9477E-10 4.1320E-10 4.3265E-10 4.5343E-10 4.7451E-10 4.9616E-10 5.1862E-10 5.4246E-10 5.6775E-10 5.9402E-10 6.2023E-10 6.4737E-10 6.7655E-10 7.0626E-10 7.3756E-10 7.6882E-10 8.0109E-10 8.3497E-10 8.7054E-10 9.0664E-10 9.4384E-10 9.8151E-10 1.0202E-09 1.0606E-09 1.1021E-09 1.1453E-09 1.1889E-09 1.2328E-09 1.2778E-09 1.3236E-09 1.3710E-09 1.4194E-09 1.4685E-09 1.5193E-09 1.5693E-09 1.6200E-09 1.6712E-09 1.7249E-09 1.7803E-09 1.8333E-09 1.8866E-09 1.9400E-09 1.9988E-09 2.0529E-09 2.1070E-09 2.1608E-09 2.2144E-09 2.2732E-09 2.3263E-09 2.3787E-09 2.4302E-09 2.4806E-09 2.5348E-09 2.5841E-09
3.4999E-10 3.6656E-10 3.8382E-10 4.0179E-10 4.2127E-10 4.4131E-10 4.6163E-10 4.8274E-10 5.0466E-10 5.2897E-10 5.5374E-10 5.7845E-10 6.0407E-10 6.3114E-10 6.5977E-10 6.8945E-10 7.1910E-10 7.4975E-10 7.8198E-10 8.1587E-10 8.5032E-10 8.8588E-10 9.2194E-10 9.5905E-10 9.9784E-10 1.0384E-09 1.0794E-09 1.1216E-09 1.1642E-09 1.2078E-09 1.2523E-09 1.2993E-09 1.3466E-09 1.3948E-09 1.4440E-09 1.4933E-09 1.5434E-09 1.5942E-09 1.6467E-09 1.7007E-09 1.7556E-09 1.8091E-09 1.8629E-09 1.9170E-09 1.9766E-09 2.0316E-09 2.0866E-09 2.1414E-09 2.1961E-09 2.2565E-09 2.3110E-09 2.3651E-09 2.4184E-09 2.4710E-09 2.5288E-09 2.5798E-09 2.6294E-09
3.5611E-10 3.7291E-10 3.9091E-10 4.0992E-10 4.2896E-10 4.4875E-10 4.6932E-10 4.9169E-10 5.1546E-10 5.3871E-10 5.6283E-10 5.8785E-10 6.1537E-10 6.4342E-10 6.7146E-10 7.0048E-10 7.3049E-10 7.6321E-10 7.9596E-10 8.2982E-10 8.6419E-10 8.9961E-10 9.3671E-10 9.7555E-10 1.0150E-09 1.0555E-09 1.0965E-09 1.1386E-09 1.1817E-09 1.2272E-09 1.2732E-09 1.3202E-09 1.3682E-09 1.4165E-09 1.4657E-09 1.5167E-09 1.5685E-09 1.6212E-09 1.6755E-09 1.7288E-09 1.7826E-09 1.8369E-09 1.8915E-09 1.9519E-09 2.0076E-09 2.0635E-09 2.1194E-09 2.1753E-09 2.2369E-09 2.2929E-09 2.3485E-09 2.4035E-09 2.4578E-09 2.5179E-09 2.5712E-09 2.6232E-09 2.6741E-09
3.6205E-10 3.8007E-10 3.9812E-10 4.1664E-10 4.3591E-10 4.5641E-10 4.7874E-10 5.0102E-10 5.2368E-10 5.4720E-10 5.7263E-10 5.9906E-10 6.2600E-10 6.5339E-10 6.8175E-10 7.1220E-10 7.4376E-10 7.7588E-10 8.0852E-10 8.4221E-10 8.7754E-10 9.1460E-10 9.5226E-10 9.9106E-10 1.0304E-09 1.0708E-09 1.1123E-09 1.1562E-09 1.2006E-09 1.2461E-09 1.2928E-09 1.3398E-09 1.3877E-09 1.4376E-09 1.4884E-09 1.5402E-09 1.5929E-09 1.6465E-09 1.6998E-09 1.7539E-09 1.8095E-09 1.8657E-09 1.9246E-09 1.9810E-09 2.0376E-09 2.0945E-09 2.1534E-09 2.2142E-09 2.2715E-09 2.3286E-09 2.3852E-09 2.4474E-09 2.5035E-09 2.5589E-09 2.6132E-09 2.6664E-09 2.7239E-09
3.6906E-10 3.8638E-10 4.0439E-10 4.2313E-10 4.4403E-10 4.6537E-10 4.8662E-10 5.0869E-10 5.3209E-10 5.5742E-10 5.8277E-10 6.0856E-10 6.3529E-10 6.6402E-10 6.9383E-10 7.2422E-10 7.5512E-10 7.8705E-10 8.2003E-10 8.5525E-10 8.9165E-10 9.2865E-10 9.6619E-10 1.0048E-09 1.0446E-09 1.0867E-09 1.1294E-09 1.1739E-09 1.2183E-09 1.2637E-09 1.3102E-09 1.3587E-09 1.4082E-09 1.4588E-09 1.5104E-09 1.5630E-09 1.6156E-09 1.6690E-09 1.7241E-09 1.7800E-09 1.8366E-09 1.8949E-09 1.9518E-09 2.0091E-09 2.0666E-09 2.1265E-09 2.1882E-09 2.2467E-09 2.3050E-09 2.3632E-09 2.4271E-09 2.4850E-09 2.5424E-09 2.5990E-09 2.6546E-09 2.7147E-09 2.7687E-09
3.7471E-10 3.9222E-10 4.1132E-10 4.3173E-10 4.5162E-10 4.7229E-10 4.9376E-10 5.1752E-10 5.4179E-10 5.6602E-10 5.9115E-10 6.1719E-10 6.4578E-10 6.7494E-10 7.0411E-10 7.3428E-10 7.6548E-10 7.9884E-10 8.3337E-10 8.6852E-10 9.0422E-10 9.4103E-10 9.7893E-10 1.0186E-09 1.0600E-09 1.1027E-09 1.1453E-09 1.1891E-09 1.2339E-09 1.2807E-09 1.3286E-09 1.3786E-09 1.4289E-09 1.4793E-09 1.5307E-09 1.5831E-09 1.6373E-09 1.6925E-09 1.7485E-09 1.8053E-09 1.8629E-09 1.9201E-09 1.9778E-09 2.0371E-09 2.0989E-09 2.1592E-09 2.2186E-09 2.2781E-09 2.3374E-09 2.4029E-09 2.4624E-09 2.5216E-09 2.5802E-09 2.6380E-09 2.7007E-09 2.7573E-09 2.8127E-09
3.8014E-10 3.9961E-10 4.1863E-10 4.3795E-10 4.5804E-10 4.7984E-10 5.0304E-10 5.2575E-10 5.4933E-10 5.7379E-10 6.0017E-10 6.2809E-10 6.5556E-10 6.8400E-10 7.1343E-10 7.4441E-10 7.7759E-10 8.1087E-10 8.4471E-10 8.7963E-10 9.1565E-10 9.5337E-10 9.9288E-10 1.0336E-09 1.0744E-09 1.1163E-09 1.1593E-09 1.2042E-09 1.2504E-09 1.2987E-09 1.3473E-09 1.3962E-09 1.4462E-09 1.4971E-09 1.5501E-09 1.6050E-09 1.6601E-09 1.7161E-09 1.7720E-09 1.8287E-09 1.8861E-09 1.9452E-09 2.0049E-09 2.0674E-09 2.1273E-09 2.1875E-09 2.2478E-09 2.3083E-09 2.3750E-09 2.4359E-09 2.4967E-09 2.5570E-09 2.6198E-09 2.6817E-09 2.7407E-09 2.7987E-09 2.8556E-09
3.8758E-10 4.0563E-10 4.2440E-10 4.4390E-10 4.6604E-10 4.8774E-10 5.0982E-10 5.3274E-10 5.5701E-10 5.8323E-10 6.0950E-10 6.3624E-10 6.6394E-10 6.9261E-10 7.2390E-10 7.5582E-10 7.8780E-10 8.2084E-10 8.5495E-10 8.9015E-10 9.2824E-10 9.6700E-10 1.0058E-09 1.0458E-09 1.0868E-09 1.1291E-09 1.1741E-09 1.2205E-09 1.2672E-09 1.3144E-09 1.3626E-09 1.4120E-09 1.4634E-09 1.5168E-09 1.5705E-09 1.6253E-09 1.6801E-09 1.7359E-09 1.7925E-09 1.8510E-09 1.9103E-09 1.9704E-09 2.0322E-09 2.0926E-09 2.1533E-09 2.2144E-09 2.2770E-09 2.3436E-09 2.4057E-09 2.4678E-09 2.5296E-09 2.5943E-09 2.6581E-09 2.7192E-09 2.7796E-09 2.8422E-09 2.9035E-09
3.9275E-10 4.1096E-10 4.3078E-10 4.5192E-10 4.7256E-10 4.9401E-10 5.1628E-10 5.4083E-10 5.6593E-10 5.9102E-10 6.1702E-10 6.4397E-10 6.7290E-10 7.0346E-10 7.3360E-10 7.6476E-10 7.9698E-10 8.3025E-10 8.6576E-10 9.0249E-10 9.3987E-10 9.7783E-10 1.0169E-09 1.0572E-09 1.1001E-09 1.1444E-09 1.1893E-09 1.2345E-09 1.2809E-09 1.3284E-09 1.3779E-09 1.4296E-09 1.4817E-09 1.5349E-09 1.5883E-09 1.6427E-09 1.6981E-09 1.7566E-09 1.8150E-09 1.8744E-09 1.9346E-09 1.9946E-09 2.0552E-09 2.1164E-09 2.1793E-09 2.2427E-09 2.3090E-09 2.3721E-09 2.4352E-09 2.4984E-09 2.5645E-09 2.6300E-09 2.6930E-09 2.7554E-09 2.8215E-09 2.8843E-09 2.9449E-09
3.9767E-10 4.1780E-10 4.3750E-10 4.5753E-10 4.7835E-10 5.0042E-10 5.2480E-10 5.4830E-10 5.7267E-10 5.9794E-10 6.2414E-10 6.5333E-10 6.8214E-10 7.1146E-10 7.4181E-10 7.7318E-10 8.0615E-10 8.4139E-10 8.7676E-10 9.1271E-10 9.4978E-10 9.8798E-10 1.0281E-09 1.0710E-09 1.1138E-09 1.1570E-09 1.2013E-09 1.2469E-09 1.2944E-09 1.3442E-09 1.3943E-09 1.4457E-09 1.4974E-09 1.5502E-09 1.6041E-09 1.6611E-09 1.7182E-09 1.7764E-09 1.8356E-09 1.8948E-09 1.9548E-09 2.0155E-09 2.0781E-09 2.1415E-09 2.2055E-09 2.2712E-09 2.3351E-09 2.3992E-09 2.4634E-09 2.5320E-09 2.5978E-09 2.6623E-09 2.7266E-09 2.7947E-09 2.8597E-09 2.9228E-09 2.9850E-09
4.0455E-10 4.2324E-10 4.4267E-10 4.6286E-10 4.8563E-10 5.0803E-10 5.3083E-10 5.5450E-10 5.7904E-10 6.0545E-10 6.3343E-10 6.6096E-10 6.8948E-10 7.1899E-10 7.4952E-10 7.8271E-10 8.1659E-10 8.5053E-10 8.8558E-10 9.2173E-10 9.5902E-10 9.9975E-10 1.0411E-09 1.0822E-09 1.1244E-09 1.1679E-09 1.2134E-09 1.2610E-09 1.3091E-09 1.3585E-09 1.4082E-09 1.4592E-09 1.5113E-09 1.5664E-09 1.6219E-09 1.6786E-09 1.7364E-09 1.7943E-09 1.8532E-09 1.9129E-09 1.9759E-09 2.0386E-09 2.1023E-09 2.1666E-09 2.2305E-09 2.2949E-09 2.3608E-09 2.4271E-09 2.4957E-09 2.5616E-09 2.6276E-09 2.6934E-09 2.7645E-09 2.8303E-09 2.8955E-09 2.9601E-09 3.0298E-09
4.0915E-10 4.2798E-10 4.4754E-10 4.7014E-10 4.9145E-10 5.1356E-10 5.3652E-10 5.6032E-10 5.8743E-10 6.1323E-10 6.3998E-10 6.6768E-10 6.9635E-10 7.2654E-10 7.5943E-10 7.9140E-10 8.2444E-10 8.5856E-10 8.9379E-10 9.3159E-10 9.7143E-10 1.0104E-09 1.0505E-09 1.0918E-09 1.1343E-09 1.1797E-09 1.2264E-09 1.2737E-09 1.3214E-09 1.3703E-09 1.4203E-09 1.4726E-09 1.5270E-09 1.5828E-09 1.6379E-09 1.6942E-09 1.7516E-09 1.8100E-09 1.8716E-09 1.9333E-09 1.9960E-09 2.0597E-09 2.1231E-09 2.1872E-09 2.2530E-09 2.3194E-09 2.3864E-09 2.4549E-09 2.5218E-09 2.5889E-09 2.6572E-09 2.7288E-09 2.7962E-09 2.8633E-09 2.9300E-09 3.0008E-09 3.0681E-09
4.1348E-10 4.3371E-10 4.5442E-10 4.7507E-10 4.9650E-10 5.1875E-10 5.4275E-10 5.6823E-10 5.9326E-10 6.1921E-10 6.4610E-10 6.7393E-10 7.0480E-10 7.3533E-10 7.6640E-10 7.9853E-10 8.3172E-10 8.6668E-10 9.0429E-10 9.4180E-10 9.7978E-10 1.0189E-09 1.0592E-09 1.1023E-09 1.1468E-09 1.1918E-09 1.2373E-09 1.2840E-09 1.3319E-09 1.3820E-09 1.4343E-09 1.4880E-09 1.5411E-09 1.5955E-09 1.6511E-09 1.7078E-09 1.7677E-09 1.8279E-09 1.8892E-09 1.9517E-09 2.0140E-09 2.0773E-09 2.1424E-09 2.2093E-09 2.2762E-09 2.3437E-09 2.4109E-09 2.4795E-09 2.5486E-09 2.6181E-09 2.6889E-09 2.7578E-09 2.8265E-09 2.8963E-09 2.9693E-09 3.0376E-09 3.1052E-09
4.1966E-10 4.3891E-10 4.5890E-10 4.7967E-10 5.0122E-10 5.2586E-10 5.4927E-10 5.7354E-10 5.9870E-10 6.2477E-10 6.5177E-10 6.8231E-10 7.1147E-10 7.4165E-10 7.7285E-10 8.0510E-10 8.4049E-10 8.7651E-10 9.1235E-10 9.4933E-10 9.8746E-10 1.0268E-09 1.0696E-09 1.1131E-09 1.1563E-09 1.2008E-09 1.2465E-09 1.2934E-09 1.3442E-09 1.3956E-09 1.4467E-09 1.4990E-09 1.5525E-09 1.6072E-09 1.6651E-09 1.7234E-09 1.7840E-09 1.8438E-09 1.9047E-09 1.9667E-09 2.0315E-09 2.0965E-09 2.1625E-09 2.2294E-09 2.2962E-09 2.3648E-09 2.4340E-09 2.5039E-09 2.5743E-09 2.6451E-09 2.7151E-09 2.7865E-09 2.8579E-09 2.9316E-09 3.0019E-09 3.0717E-09 3.1410E-09
4.2362E-10 4.4297E-10 4.6307E-10 4.8394E-10 5.0790E-10 5.3057E-10 5.5408E-10 5.7845E-10 6.0372E-10 6.3182E-10 6.5961E-10 6.8790E-10 7.1718E-10 7.4746E-10 7.7876E-10 8.1456E-10 8.4830E-10 8.8314E-10 9.1910E-10 9.5620E-10 9.9594E-10 1.0378E-09 1.0788E-09 1.1209E-09 1.1643E-09 1.2090E-09 1.2565E-09 1.3055E-09 1.3551E-09 1.4052E-09 1.4564E-09 1.5089E-09 1.5637E-09 1.6208E-09 1.6794E-09 1.7373E-09 1.7963E-09 1.8565E-09 1.9197E-09 1.9832E-09 2.0479E-09 2.1137E-09 2.1795E-09 2.2473E-09 2.3160E-09 2.3856E-09 2.4569E-09 2.5270E-09 2.5975E-09 2.6708E-09 2.7433E-09 2.8162E-09 2.8893E-09 2.9612E-09 3.0343E-09 3.1071E-09 3.1821E-09
4.2729E-10 4.4674E-10 4.6864E-10 4.9020E-10 5.1214E-10 5.3490E-10 5.5850E-10 5.8297E-10 6.1075E-10 6.3723E-10 6.6464E-10 6.9302E-10 7.2238E-10 7.5469E-10 7.8764E-10 8.2039E-10 8.5422E-10 8.8916E-10 9.2521E-10 9.6538E-10 1.0048E-09 1.0447E-09 1.0857E-09 1.1280E-09 1.1723E-09 1.2197E-09 1.2669E-09 1.3145E-09 1.3635E-09 1.4137E-09 1.4661E-09 1.5208E-09 1.5771E-09 1.6328E-09 1.6898E-09 1.7480E-09 1.8083E-09 1.8708E-09 1.9337E-09 1.9979E-09 2.0623E-09 2.1287E-09 2.1963E-09 2.2659E-09 2.3356E-09 2.4052E-09 2.4755E-09 2.5487E-09 2.6216E-09 2.6951E-09 2.7691E-09 2.8424E-09 2.9170E-09 2.9918E-09 3.0666E-09 3.1426E-09 3.2160E-09
4.3067E-10 4.5190E-10 4.7278E-10 4.9401E-10 5.1603E-10 5.3887E-10 5.6345E-10 5.8953E-10 6.1517E-10 6.4172E-10 6.6921E-10 6.9765E-10 7.3033E-10 7.6106E-10 7.9283E-10 8.2565E-10 8.5955E-10 8.9666E-10 9.3444E-10 9.7205E-10 1.0108E-09 1.0508E-09 1.0919E-09 1.1368E-09 1.1823E-09 1.2275E-09 1.2740E-09 1.3218E-09 1.3709E-09 1.4231E-09 1.4778E-09 1.5312E-09 1.5858E-09 1.6418E-09 1.6998E-09 1.7601E-09 1.8218E-09 1.8832E-09 1.9458E-09 2.0104E-09 2.0764E-09 2.1445E-09 2.2129E-09 2.2814E-09 2.3508E-09 2.4234E-09 2.4958E-09 2.5692E-09 2.6433E-09 2.7170E-09 2.7923E-09 2.8682E-09 2.9445E-09 3.0211E-09 3.0977E-09 3.1744E-09 3.2510E-09
4.3503E-10 4.5520E-10 4.7619E-10 4.9748E-10 5.1956E-10 5.4427E-10 5.6866E-10 5.9346E-10 6.1916E-10 6.4577E-10 6.7513E-10 7.0509E-10 7.3486E-10 7.6564E-10 7.9746E-10 8.3034E-10 8.6779E-10 9.0317E-10 9.3968E-10 9.7734E-10 1.0162E-09 1.0570E-09 1.1015E-09 1.1443E-09 1.1884E-09 1.2337E-09 1.2803E-09 1.3291E-09 1.3811E-09 1.4329E-09 1.4851E-09 1.5387E-09 1.5935E-09 1.6521E-09 1.7107E-09 1.7706E-09 1.8310E-09 1.8927E-09 1.9575E-09 2.0237E-09 2.0903E-09 2.1573E-09 2.2253E-09 2.2965E-09 2.3678E-09 2.4413E-09 2.5138E-09 2.5871E-09 2.6624E-09 2.7396E-09 2.8164E-09 2.8938E-09 2.9705E-09 3.0488E-09 3.1273E-09 3.2060E-09 3.2846E-09
4.3839E-10 4.5818E-10 4.7926E-10 5.0060E-10 5.2455E-10 5.4815E-10 5.7213E-10 5.9698E-10 6.2272E-10 6.5240E-10 6.8025E-10 7.0907E-10 7.3888E-10 7.6970E-10 8.0287E-10 8.3800E-10 8.7231E-10 9.0772E-10 9.4427E-10 9.8196E-10 1.0239E-09 1.0650E-09 1.1066E-09 1.1495E-09 1.1936E-09 1.2390E-09 1.2884E-09 1.3384E-09 1.3881E-09 1.4391E-09 1.4915E-09 1.5467E-09 1.6035E-09 1.6609E-09 1.7190E-09 1.7783E-09 1.8407E-09 1.9047E-09 1.9692E-09 2.0341E-09 2.1003E-09 2.1696E-09 2.2394E-09 2.3114E-09 2.3826E-09 2.4549E-09 2.5293E-09 2.6058E-09 2.6823E-09 2.7596E-09 2.8366E-09 2.9155E-09 2.9949E-09 3.0761E-09 3.1565E-09 3.2359E-09 3.3179E-09
4.4101E-10 4.6138E-10 4.8241E-10 5.0474E-10 5.2752E-10 5.5119E-10 5.7521E-10 6.0008E-10 6.2828E-10 6.5584E-10 6.8372E-10 7.1257E-10 7.4239E-10 7.7650E-10 8.0867E-10 8.4191E-10 8.7623E-10 9.1166E-10 9.4822E-10 9.8975E-10 1.0290E-09 1.0694E-09 1.1111E-09 1.1540E-09 1.1998E-09 1.2480E-09 1.2951E-09 1.3435E-09 1.3933E-09 1.4444E-09 1.4999E-09 1.5548E-09 1.6103E-09 1.6671E-09 1.7261E-09 1.7884E-09 1.8504E-09 1.9131E-09 1.9771E-09 2.0432E-09 2.1118E-09 2.1818E-09 2.2514E-09 2.3221E-09 2.3949E-09 2.4701E-09 2.5455E-09 2.6221E-09 2.6985E-09 2.7770E-09 2.8576E-09 2.9379E-09 3.0190E-09 3.0995E-09 3.1827E-09 3.2678E-09 3.3597E-09
4.4333E-10 4.6461E-10 4.8532E-10 5.0728E-10 5.3012E-10 5.5385E-10 5.7957E-10 6.0523E-10 6.3188E-10 6.5883E-10 6.8672E-10 7.1557E-10 7.4870E-10 7.7983E-10 8.1201E-10 8.4525E-10 8.7956E-10 9.1783E-10 9.5540E-10 9.9345E-10 1.0327E-09 1.0731E-09 1.1148E-09 1.1610E-09 1.2064E-09 1.2522E-09 1.2993E-09 1.3478E-09 1.3998E-09 1.4526E-09 1.5055E-09 1.5597E-09 1.6153E-09 1.6747E-09 1.7349E-09 1.7951E-09 1.8565E-09 1.9194E-09 1.9864E-09 2.0541E-09 2.1214E-09 2.1901E-09 2.2610E-09 2.3343E-09 2.4080E-09 2.4831E-09 2.5583E-09 2.6357E-09 2.7154E-09 2.7952E-09 2.8759E-09 2.9565E-09 3.0400E-09 3.1245E-09 3.2122E-09 3.3020E-09 3.4026E-09
4.4576E-10 4.6674E-10 4.8795E-10 5.1001E-10 5.3235E-10 5.5726E-10 5.8201E-10 6.0772E-10 6.3442E-10 6.6137E-10 6.9168E-10 7.2141E-10 7.5151E-10 7.8264E-10 8.1479E-10 8.4800E-10 8.8587E-10 9.2160E-10 9.5847E-10 9.9650E-10 1.0357E-09 1.0777E-09 1.1219E-09 1.1652E-09 1.2097E-09 1.2556E-09 1.3027E-09 1.3548E-09 1.4049E-09 1.4564E-09 1.5093E-09 1.5651E-09 1.6233E-09 1.6807E-09 1.7395E-09 1.7998E-09 1.8632E-09 1.9290E-09 1.9939E-09 2.0602E-09 2.1278E-09 2.1988E-09 2.2713E-09 2.3444E-09 2.4178E-09 2.4924E-09 2.5706E-09 2.6501E-09 2.7298E-09 2.8095E-09 2.8924E-09 2.9787E-09 3.0642E-09 3.1507E-09 3.2393E-09 3.3330E-09 3.4448E-09
4.4749E-10 4.6855E-10 4.8980E-10 5.1189E-10 5.3598E-10 5.5988E-10 5.8404E-10 6.0979E-10 6.3654E-10 6.6529E-10 6.9398E-10 7.2374E-10 7.5383E-10 7.8491E-10 8.1835E-10 8.5380E-10 8.8838E-10 9.2407E-10 9.6090E-10 9.9886E-10 1.0419E-09 1.0826E-09 1.1246E-09 1.1678E-09 1.2123E-09 1.2602E-09 1.3089E-09 1.3577E-09 1.4078E-09 1.4593E-09 1.5153E-09 1.5706E-09 1.6267E-09 1.6841E-09 1.7438E-09 1.8068E-09 1.8698E-09 1.9334E-09 1.9984E-09 2.0667E-09 2.1367E-09 2.2074E-09 2.2785E-09 2.3511E-09 2.4270E-09 2.5046E-09 2.5826E-09 2.6608E-09 2.7403E-09 2.8253E-09 2.9119E-09 2.9978E-09 3.0827E-09 3.1745E-09 3.2719E-09 3.3752E-09 3.4842E-09
4.4959E-10 4.7005E-10 4.9131E-10 5.1398E-10 5.3762E-10 5.6155E-10 5.8641E-10 6.1146E-10 6.4006E-10 6.6711E-10 6.9581E-10 7.2560E-10 7.5563E-10 7.8931E-10 8.2235E-10 8.5578E-10 8.9030E-10 9.2593E-10 9.6267E-10 1.0045E-09 1.0440E-09 1.0846E-09 1.1265E-09 1.1697E-09 1.2176E-09 1.2636E-09 1.3110E-09 1.3597E-09 1.4112E-09 1.4651E-09 1.5183E-09 1.5729E-09 1.6290E-09 1.6889E-09 1.7497E-09 1.8105E-09 1.8728E-09 1.9365E-09 2.0045E-09 2.0733E-09 2.1418E-09 2.2118E-09 2.2843E-09 2.3604E-09 2.4361E-09 2.5123E-09 2.5899E-09 2.6729E-09 2.7577E-09 2.8421E-09 2.9259E-09 3.0135E-09 3.1052E-09 3.1995E-09 3.3071E-09 3.4072E-09 3.5104E-09
