Assets/Resources/2015_m01_d18_0500(utc+0800)_l00_csi_1hr_conc.grd
DSAA
         159         159
     -79.000      79.000
     -79.000      79.000
  0.2008E-11  0.3826E-05
[rows 0 to 24 of 159, columns 57 to 113 of 159]
5.8144E-10 5.9666E-10 6.1180E-10 6.2719E-10 6.4235E-10 6.5760E-10 6.7282E-10 6.8788E-10 7.0309E-10 7.1797E-10 7.3273E-10 7.4758E-10 7.6204E-10 7.7631E-10 7.9064E-10 8.0447E-10 8.1804E-10 8.3147E-10 8.4446E-10 8.5725E-10 8.6944E-10 8.8169E-10 8.9323E-10 9.0435E-10 9.1506E-10 9.2545E-10 9.3521E-10 9.4437E-10 9.5301E-10 9.6172E-10 9.6945E-10 9.7653E-10 9.8307E-10 9.8932E-10 9.9491E-10 9.9996E-10 1.0043E-09 1.0081E-09 1.0113E-09 1.0142E-09 1.0165E-09 1.0183E-09 1.0196E-09 1.0204E-09 1.0206E-09 1.0204E-09 1.0197E-09 1.0187E-09 1.0171E-09 1.0150E-09 1.0125E-09 1.0095E-09 1.0061E-09 1.0023E-09 9.9788E-10 9.9319E-10 9.8811E-10
6.0472E-10 6.2058E-10 6.3647E-10 6.5239E-10 6.6830E-10 6.8420E-10 7.0006E-10 7.1574E-10 7.3146E-10 7.4708E-10 7.6245E-10 7.7795E-10 7.9301E-10 8.0786E-10 8.2276E-10 8.3715E-10 8.5127E-10 8.6528E-10 8.7879E-10 8.9195E-10 9.0474E-10 9.1744E-10 9.2942E-10 9.4084E-10 9.5224E-10 9.6285E-10 9.7295E-10 9.8243E-10 9.9166E-10 1.0003E-09 1.0082E-09 1.0155E-09 1.0223E-09 1.0288E-09 1.0347E-09 1.0397E-09 1.0442E-09 1.0481E-09 1.0516E-09 1.0545E-09 1.0567E-09 1.0586E-09 1.0598E-09 1.0605E-09 1.0609E-09 1.0606E-09 1.0599E-09 1.0587E-09 1.0569E-09 1.0547E-09 1.0519E-09 1.0488E-09 1.0451E-09 1.0410E-09 1.0365E-09 1.0315E-09 1.0259E-09
6.2876E-10 6.4538E-10 6.6182E-10 6.7840E-10 6.9498E-10 7.1142E-10 7.2805E-10 7.4439E-10 7.6079E-10 7.7706E-10 7.9307E-10 8.0918E-10 8.2486E-10 8.4033E-10 8.5585E-10 8.7083E-10 8.8552E-10 9.0019E-10 9.1423E-10 9.2791E-10 9.4107E-10 9.5439E-10 9.6682E-10 9.7867E-10 9.9047E-10 1.0015E-09 1.0118E-09 1.0216E-09 1.0314E-09 1.0403E-09 1.0484E-09 1.0559E-09 1.0631E-09 1.0698E-09 1.0755E-09 1.0807E-09 1.0852E-09 1.0894E-09 1.0929E-09 1.0960E-09 1.0983E-09 1.1001E-09 1.1013E-09 1.1021E-09 1.1023E-09 1.1020E-09 1.1012E-09 1.0997E-09 1.0980E-09 1.0955E-09 1.0926E-09 1.0892E-09 1.0853E-09 1.0809E-09 1.0761E-09 1.0708E-09 1.0649E-09
6.5355E-10 6.7075E-10 6.8799E-10 7.0513E-10 7.2262E-10 7.3975E-10 7.5710E-10 7.7412E-10 7.9104E-10 8.0812E-10 8.2479E-10 8.4159E-10 8.5791E-10 8.7400E-10 8.8999E-10 9.0571E-10 9.2099E-10 9.3597E-10 9.5085E-10 9.6505E-10 9.7873E-10 9.9252E-10 1.0053E-09 1.0176E-09 1.0299E-09 1.0413E-09 1.0520E-09 1.0622E-09 1.0723E-09 1.0813E-09 1.0897E-09 1.0975E-09 1.1052E-09 1.1119E-09 1.1178E-09 1.1230E-09 1.1277E-09 1.1321E-09 1.1357E-09 1.1387E-09 1.1410E-09 1.1428E-09 1.1441E-09 1.1449E-09 1.1451E-09 1.1448E-09 1.1440E-09 1.1424E-09 1.1403E-09 1.1377E-09 1.1345E-09 1.1310E-09 1.1268E-09 1.1222E-09 1.1170E-09 1.1112E-09 1.1051E-09
6.7913E-10 6.9715E-10 7.1509E-10 7.3294E-10 7.5106E-10 7.6889E-10 7.8682E-10 8.0466E-10 8.2228E-10 8.4008E-10 8.5743E-10 8.7461E-10 8.9187E-10 9.0873E-10 9.2510E-10 9.4174E-10 9.5762E-10 9.7303E-10 9.8851E-10 1.0033E-09 1.0174E-09 1.0318E-09 1.0451E-09 1.0579E-09 1.0705E-09 1.0823E-09 1.0934E-09 1.1039E-09 1.1145E-09 1.1238E-09 1.1324E-09 1.1405E-09 1.1484E-09 1.1551E-09 1.1612E-09 1.1666E-09 1.1718E-09 1.1762E-09 1.1798E-09 1.1828E-09 1.1851E-09 1.1871E-09 1.1887E-09 1.1893E-09 1.1893E-09 1.1888E-09 1.1876E-09 1.1859E-09 1.1837E-09 1.1809E-09 1.1777E-09 1.1738E-09 1.1693E-09 1.1645E-09 1.1590E-09 1.1530E-09 1.1463E-09
7.0560E-10 7.2426E-10 7.4294E-10 7.6153E-10 7.8026E-10 7.9894E-10 8.1772E-10 8.3631E-10 8.5465E-10 8.7301E-10 8.9121E-10 9.0908E-10 9.2706E-10 9.4448E-10 9.6161E-10 9.7877E-10 9.9527E-10 1.0113E-09 1.0275E-09 1.0428E-09 1.0575E-09 1.0724E-09 1.0861E-09 1.0993E-09 1.1122E-09 1.1247E-09 1.1362E-09 1.1471E-09 1.1579E-09 1.1675E-09 1.1764E-09 1.1848E-09 1.1930E-09 1.1999E-09 1.2061E-09 1.2118E-09 1.2171E-09 1.2214E-09 1.2251E-09 1.2281E-09 1.2305E-09 1.2329E-09 1.2343E-09 1.2348E-09 1.2347E-09 1.2340E-09 1.2328E-09 1.2310E-09 1.2289E-09 1.2258E-09 1.2222E-09 1.2180E-09 1.2132E-09 1.2079E-09 1.2021E-09 1.1957E-09 1.1888E-09
7.3279E-10 7.5206E-10 7.7152E-10 7.9098E-10 8.1059E-10 8.3006E-10 8.4933E-10 8.6880E-10 8.8789E-10 9.0684E-10 9.2595E-10 9.4453E-10 9.6304E-10 9.8143E-10 9.9913E-10 1.0170E-09 1.0342E-09 1.0509E-09 1.0675E-09 1.0834E-09 1.0987E-09 1.1139E-09 1.1284E-09 1.1421E-09 1.1554E-09 1.1683E-09 1.1802E-09 1.1915E-09 1.2027E-09 1.2126E-09 1.2218E-09 1.2306E-09 1.2387E-09 1.2458E-09 1.2522E-09 1.2581E-09 1.2638E-09 1.2682E-09 1.2719E-09 1.2750E-09 1.2779E-09 1.2799E-09 1.2810E-09 1.2815E-09 1.2813E-09 1.2809E-09 1.2796E-09 1.2777E-09 1.2750E-09 1.2717E-09 1.2678E-09 1.2633E-09 1.2583E-09 1.2526E-09 1.2466E-09 1.2397E-09 1.2325E-09
7.6067E-10 7.8083E-10 8.0119E-10 8.2147E-10 8.4160E-10 8.6198E-10 8.8203E-10 9.0215E-10 9.2229E-10 9.4199E-10 9.6170E-10 9.8117E-10 1.0001E-09 1.0194E-09 1.0379E-09 1.0561E-09 1.0742E-09 1.0915E-09 1.1086E-09 1.1254E-09 1.1413E-09 1.1567E-09 1.1719E-09 1.1861E-09 1.2000E-09 1.2133E-09 1.2256E-09 1.2374E-09 1.2487E-09 1.2589E-09 1.2684E-09 1.2777E-09 1.2860E-09 1.2933E-09 1.2999E-09 1.3063E-09 1.3117E-09 1.3162E-09 1.3201E-09 1.3233E-09 1.3263E-09 1.3281E-09 1.3294E-09 1.3298E-09 1.3298E-09 1.3291E-09 1.3275E-09 1.3252E-09 1.3223E-09 1.3188E-09 1.3148E-09 1.3103E-09 1.3049E-09 1.2989E-09 1.2925E-09 1.2852E-09 1.2774E-09
7.8948E-10 8.1060E-10 8.3150E-10 8.5272E-10 8.7366E-10 8.9472E-10 9.1586E-10 9.3662E-10 9.5758E-10 9.7807E-10 9.9840E-10 1.0188E-09 1.0386E-09 1.0584E-09 1.0778E-09 1.0967E-09 1.1155E-09 1.1335E-09 1.1511E-09 1.1685E-09 1.1850E-09 1.2011E-09 1.2169E-09 1.2315E-09 1.2457E-09 1.2595E-09 1.2722E-09 1.2846E-09 1.2963E-09 1.3068E-09 1.3166E-09 1.3261E-09 1.3345E-09 1.3421E-09 1.3489E-09 1.3556E-09 1.3612E-09 1.3659E-09 1.3698E-09 1.3735E-09 1.3760E-09 1.3780E-09 1.3790E-09 1.3795E-09 1.3795E-09 1.3784E-09 1.3766E-09 1.3743E-09 1.3712E-09 1.3675E-09 1.3633E-09 1.3581E-09 1.3524E-09 1.3462E-09 1.3391E-09 1.3314E-09 1.3230E-09
8.1911E-10 8.4108E-10 8.6283E-10 8.8475E-10 9.0669E-10 9.2854E-10 9.5054E-10 9.7212E-10 9.9376E-10 1.0152E-09 1.0363E-09 1.0575E-09 1.0782E-09 1.0985E-09 1.1189E-09 1.1384E-09 1.1577E-09 1.1766E-09 1.1949E-09 1.2129E-09 1.2301E-09 1.2467E-09 1.2629E-09 1.2781E-09 1.2930E-09 1.3071E-09 1.3204E-09 1.3331E-09 1.3449E-09 1.3559E-09 1.3660E-09 1.3758E-09 1.3847E-09 1.3925E-09 1.3997E-09 1.4063E-09 1.4120E-09 1.4168E-09 1.4210E-09 1.4246E-09 1.4273E-09 1.4290E-09 1.4302E-09 1.4308E-09 1.4303E-09 1.4293E-09 1.4273E-09 1.4246E-09 1.4216E-09 1.4177E-09 1.4129E-09 1.4075E-09 1.4015E-09 1.3947E-09 1.3871E-09 1.3789E-09 1.3703E-09
8.4961E-10 8.7230E-10 8.9508E-10 9.1771E-10 9.4063E-10 9.6336E-10 9.8608E-10 1.0087E-09 1.0310E-09 1.0534E-09 1.0754E-09 1.0972E-09 1.1189E-09 1.1399E-09 1.1609E-09 1.1813E-09 1.2013E-09 1.2211E-09 1.2400E-09 1.2584E-09 1.2763E-09 1.2937E-09 1.3102E-09 1.3262E-09 1.3416E-09 1.3561E-09 1.3698E-09 1.3826E-09 1.3953E-09 1.4066E-09 1.4170E-09 1.4270E-09 1.4361E-09 1.4442E-09 1.4516E-09 1.4584E-09 1.4643E-09 1.4694E-09 1.4738E-09 1.4771E-09 1.4799E-09 1.4818E-09 1.4829E-09 1.4832E-09 1.4828E-09 1.4814E-09 1.4792E-09 1.4765E-09 1.4730E-09 1.4686E-09 1.4637E-09 1.4579E-09 1.4515E-09 1.4444E-09 1.4366E-09 1.4279E-09 1.4186E-09
8.8097E-10 9.0440E-10 9.2818E-10 9.5184E-10 9.7539E-10 9.9918E-10 1.0226E-09 1.0462E-09 1.0694E-09 1.0926E-09 1.1156E-09 1.1382E-09 1.1606E-09 1.1826E-09 1.2042E-09 1.2255E-09 1.2462E-09 1.2665E-09 1.2861E-09 1.3053E-09 1.3240E-09 1.3417E-09 1.3591E-09 1.3755E-09 1.3911E-09 1.4066E-09 1.4207E-09 1.4339E-09 1.4467E-09 1.4586E-09 1.4693E-09 1.4796E-09 1.4890E-09 1.4976E-09 1.5050E-09 1.5121E-09 1.5181E-09 1.5233E-09 1.5278E-09 1.5312E-09 1.5339E-09 1.5358E-09 1.5368E-09 1.5371E-09 1.5365E-09 1.5349E-09 1.5327E-09 1.5297E-09 1.5258E-09 1.5215E-09 1.5160E-09 1.5100E-09 1.5030E-09 1.4952E-09 1.4867E-09 1.4777E-09 1.4678E-09
9.1301E-10 9.3752E-10 9.6207E-10 9.8681E-10 1.0112E-09 1.0358E-09 1.0603E-09 1.0847E-09 1.1090E-09 1.1329E-09 1.1567E-09 1.1803E-09 1.2035E-09 1.2264E-09 1.2487E-09 1.2708E-09 1.2921E-09 1.3133E-09 1.3338E-09 1.3537E-09 1.3727E-09 1.3911E-09 1.4090E-09 1.4264E-09 1.4424E-09 1.4581E-09 1.4729E-09 1.4865E-09 1.4997E-09 1.5120E-09 1.5233E-09 1.5338E-09 1.5435E-09 1.5523E-09 1.5600E-09 1.5672E-09 1.5734E-09 1.5787E-09 1.5833E-09 1.5869E-09 1.5894E-09 1.5912E-09 1.5922E-09 1.5925E-09 1.5916E-09 1.5900E-09 1.5874E-09 1.5840E-09 1.5802E-09 1.5751E-09 1.5695E-09 1.5628E-09 1.5553E-09 1.5472E-09 1.5382E-09 1.5287E-09 1.5183E-09
9.4591E-10 9.7151E-10 9.9699E-10 1.0224E-09 1.0481E-09 1.0734E-09 1.0990E-09 1.1241E-09 1.1494E-09 1.1744E-09 1.1989E-09 1.2235E-09 1.2474E-09 1.2713E-09 1.2944E-09 1.3173E-09 1.3396E-09 1.3614E-09 1.3826E-09 1.4028E-09 1.4230E-09 1.4421E-09 1.4603E-09 1.4784E-09 1.4950E-09 1.5108E-09 1.5265E-09 1.5408E-09 1.5540E-09 1.5668E-09 1.5785E-09 1.5891E-09 1.5994E-09 1.6084E-09 1.6166E-09 1.6238E-09 1.6301E-09 1.6356E-09 1.6403E-09 1.6438E-09 1.6465E-09 1.6481E-09 1.6490E-09 1.6490E-09 1.6479E-09 1.6461E-09 1.6435E-09 1.6402E-09 1.6357E-09 1.6304E-09 1.6241E-09 1.6170E-09 1.6095E-09 1.6007E-09 1.5912E-09 1.5811E-09 1.5701E-09
9.7984E-10 1.0062E-09 1.0328E-09 1.0592E-09 1.0857E-09 1.1122E-09 1.1386E-09 1.1648E-09 1.1909E-09 1.2169E-09 1.2424E-09 1.2677E-09 1.2927E-09 1.3173E-09 1.3414E-09 1.3650E-09 1.3882E-09 1.4104E-09 1.4327E-09 1.4538E-09 1.4744E-09 1.4943E-09 1.5131E-09 1.5315E-09 1.5492E-09 1.5655E-09 1.5815E-09 1.5962E-09 1.6099E-09 1.6231E-09 1.6352E-09 1.6464E-09 1.6566E-09 1.6661E-09 1.6743E-09 1.6819E-09 1.6884E-09 1.6939E-09 1.6985E-09 1.7021E-09 1.7047E-09 1.7065E-09 1.7073E-09 1.7071E-09 1.7060E-09 1.7041E-09 1.7012E-09 1.6972E-09 1.6923E-09 1.6866E-09 1.6799E-09 1.6728E-09 1.6643E-09 1.6552E-09 1.6452E-09 1.6343E-09 1.6227E-09
1.0144E-09 1.0418E-09 1.0693E-09 1.0970E-09 1.1243E-09 1.1519E-09 1.1793E-09 1.2065E-09 1.2336E-09 1.2604E-09 1.2870E-09 1.3132E-09 1.3391E-09 1.3645E-09 1.3895E-09 1.4137E-09 1.4380E-09 1.4612E-09 1.4839E-09 1.5059E-09 1.5269E-09 1.5477E-09 1.5675E-09 1.5861E-09 1.6046E-09 1.6214E-09 1.6375E-09 1.6531E-09 1.6674E-09 1.6808E-09 1.6935E-09 1.7050E-09 1.7155E-09 1.7251E-09 1.7337E-09 1.7413E-09 1.7479E-09 1.7537E-09 1.7584E-09 1.7618E-09 1.7646E-09 1.7663E-09 1.7669E-09 1.7664E-09 1.7652E-09 1.7630E-09 1.7598E-09 1.7555E-09 1.7506E-09 1.7446E-09 1.7376E-09 1.7296E-09 1.7206E-09 1.7108E-09 1.7004E-09 1.6892E-09 1.6772E-09
1.0499E-09 1.0785E-09 1.1070E-09 1.1355E-09 1.1640E-09 1.1925E-09 1.2210E-09 1.2491E-09 1.2771E-09 1.3050E-09 1.3326E-09 1.3598E-09 1.3866E-09 1.4127E-09 1.4389E-09 1.4641E-09 1.4891E-09 1.5131E-09 1.5362E-09 1.5594E-09 1.5813E-09 1.6024E-09 1.6230E-09 1.6422E-09 1.6609E-09 1.6787E-09 1.6954E-09 1.7113E-09 1.7261E-09 1.7399E-09 1.7529E-09 1.7648E-09 1.7757E-09 1.7855E-09 1.7945E-09 1.8023E-09 1.8091E-09 1.8150E-09 1.8197E-09 1.8231E-09 1.8257E-09 1.8273E-09 1.8278E-09 1.8274E-09 1.8261E-09 1.8234E-09 1.8200E-09 1.8155E-09 1.8098E-09 1.8034E-09 1.7959E-09 1.7874E-09 1.7782E-09 1.7678E-09 1.7568E-09 1.7452E-09 1.7324E-09
1.0864E-09 1.1159E-09 1.1454E-09 1.1750E-09 1.2047E-09 1.2342E-09 1.2636E-09 1.2929E-09 1.3219E-09 1.3508E-09 1.3793E-09 1.4072E-09 1.4352E-09 1.4625E-09 1.4893E-09 1.5156E-09 1.5409E-09 1.5663E-09 1.5904E-09 1.6139E-09 1.6368E-09 1.6584E-09 1.6797E-09 1.7000E-09 1.7189E-09 1.7374E-09 1.7547E-09 1.7709E-09 1.7864E-09 1.8007E-09 1.8137E-09 1.8263E-09 1.8375E-09 1.8474E-09 1.8568E-09 1.8648E-09 1.8715E-09 1.8775E-09 1.8822E-09 1.8859E-09 1.8882E-09 1.8899E-09 1.8905E-09 1.8897E-09 1.8880E-09 1.8851E-09 1.8815E-09 1.8764E-09 1.8708E-09 1.8637E-09 1.8558E-09 1.8469E-09 1.8370E-09 1.8265E-09 1.8147E-09 1.8021E-09 1.7886E-09
1.1235E-09 1.1541E-09 1.1847E-09 1.2155E-09 1.2461E-09 1.2767E-09 1.3072E-09 1.3375E-09 1.3676E-09 1.3975E-09 1.4272E-09 1.4563E-09 1.4849E-09 1.5133E-09 1.5407E-09 1.5683E-09 1.5946E-09 1.6203E-09 1.6456E-09 1.6697E-09 1.6934E-09 1.7161E-09 1.7376E-09 1.7587E-09 1.7784E-09 1.7972E-09 1.8152E-09 1.8320E-09 1.8479E-09 1.8627E-09 1.8763E-09 1.8891E-09 1.9008E-09 1.9109E-09 1.9202E-09 1.9286E-09 1.9356E-09 1.9414E-09 1.9462E-09 1.9500E-09 1.9523E-09 1.9537E-09 1.9542E-09 1.9534E-09 1.9515E-09 1.9482E-09 1.9443E-09 1.9391E-09 1.9328E-09 1.9252E-09 1.9169E-09 1.9073E-09 1.8972E-09 1.8857E-09 1.8733E-09 1.8603E-09 1.8464E-09
1.1615E-09 1.1933E-09 1.2250E-09 1.2568E-09 1.2886E-09 1.3202E-09 1.3520E-09 1.3833E-09 1.4144E-09 1.4454E-09 1.4758E-09 1.5062E-09 1.5357E-09 1.5651E-09 1.5939E-09 1.6216E-09 1.6494E-09 1.6758E-09 1.7019E-09 1.7272E-09 1.7511E-09 1.7748E-09 1.7972E-09 1.8187E-09 1.8393E-09 1.8585E-09 1.8773E-09 1.8946E-09 1.9107E-09 1.9263E-09 1.9403E-09 1.9533E-09 1.9650E-09 1.9759E-09 1.9854E-09 1.9937E-09 2.0010E-09 2.0068E-09 2.0116E-09 2.0156E-09 2.0178E-09 2.0191E-09 2.0194E-09 2.0184E-09 2.0162E-09 2.0127E-09 2.0082E-09 2.0026E-09 1.9958E-09 1.9881E-09 1.9792E-09 1.9693E-09 1.9585E-09 1.9464E-09 1.9336E-09 1.9200E-09 1.9054E-09
1.2005E-09 1.2332E-09 1.2661E-09 1.2990E-09 1.3319E-09 1.3648E-09 1.3973E-09 1.4300E-09 1.4623E-09 1.4944E-09 1.5259E-09 1.5569E-09 1.5880E-09 1.6179E-09 1.6480E-09 1.6767E-09 1.7052E-09 1.7329E-09 1.7594E-09 1.7856E-09 1.8106E-09 1.8348E-09 1.8581E-09 1.8799E-09 1.9014E-09 1.9214E-09 1.9404E-09 1.9585E-09 1.9753E-09 1.9909E-09 2.0058E-09 2.0189E-09 2.0310E-09 2.0423E-09 2.0518E-09 2.0602E-09 2.0679E-09 2.0737E-09 2.0785E-09 2.0823E-09 2.0847E-09 2.0859E-09 2.0858E-09 2.0846E-09 2.0821E-09 2.0784E-09 2.0736E-09 2.0676E-09 2.0604E-09 2.0522E-09 2.0428E-09 2.0324E-09 2.0207E-09 2.0083E-09 1.9949E-09 1.9806E-09 1.9651E-09
1.2401E-09 1.2740E-09 1.3080E-09 1.3423E-09 1.3763E-09 1.4101E-09 1.4441E-09 1.4775E-09 1.5112E-09 1.5440E-09 1.5770E-09 1.6091E-09 1.6411E-09 1.6722E-09 1.7025E-09 1.7329E-09 1.7621E-09 1.7908E-09 1.8184E-09 1.8451E-09 1.8712E-09 1.8959E-09 1.9201E-09 1.9429E-09 1.9647E-09 1.9855E-09 2.0051E-09 2.0235E-09 2.0412E-09 2.0571E-09 2.0724E-09 2.0860E-09 2.0984E-09 2.1096E-09 2.1197E-09 2.1284E-09 2.1357E-09 2.1420E-09 2.1469E-09 2.1504E-09 2.1527E-09 2.1540E-09 2.1535E-09 2.1522E-09 2.1493E-09 2.1455E-09 2.1402E-09 2.1338E-09 2.1262E-09 2.1173E-09 2.1074E-09 2.0964E-09 2.0842E-09 2.0711E-09 2.0571E-09 2.0423E-09 2.0262E-09
1.2805E-09 1.3156E-09 1.3508E-09 1.3861E-09 1.4215E-09 1.4565E-09 1.4917E-09 1.5263E-09 1.5607E-09 1.5952E-09 1.6287E-09 1.6624E-09 1.6949E-09 1.7276E-09 1.7592E-09 1.7902E-09 1.8205E-09 1.8496E-09 1.8784E-09 1.9060E-09 1.9328E-09 1.9586E-09 1.9832E-09 2.0069E-09 2.0294E-09 2.0509E-09 2.0713E-09 2.0903E-09 2.1083E-09 2.1248E-09 2.1401E-09 2.1546E-09 2.1671E-09 2.1785E-09 2.1890E-09 2.1976E-09 2.2051E-09 2.2115E-09 2.2163E-09 2.2198E-09 2.2222E-09 2.2231E-09 2.2227E-09 2.2211E-09 2.2179E-09 2.2135E-09 2.2079E-09 2.2011E-09 2.1930E-09 2.1838E-09 2.1736E-09 2.1618E-09 2.1492E-09 2.1354E-09 2.1209E-09 2.1050E-09 2.0882E-09
1.3217E-09 1.3581E-09 1.3943E-09 1.4311E-09 1.4673E-09 1.5038E-09 1.5398E-09 1.5761E-09 1.6116E-09 1.6471E-09 1.6819E-09 1.7162E-09 1.7506E-09 1.7836E-09 1.8165E-09 1.8484E-09 1.8798E-09 1.9101E-09 1.9395E-09 1.9683E-09 1.9958E-09 2.0224E-09 2.0478E-09 2.0723E-09 2.0956E-09 2.1176E-09 2.1386E-09 2.1582E-09 2.1765E-09 2.1939E-09 2.2094E-09 2.2240E-09 2.2372E-09 2.2489E-09 2.2594E-09 2.2684E-09 2.2760E-09 2.2824E-09 2.2873E-09 2.2907E-09 2.2930E-09 2.2937E-09 2.2929E-09 2.2908E-09 2.2875E-09 2.2830E-09 2.2770E-09 2.2697E-09 2.2612E-09 2.2515E-09 2.2406E-09 2.2283E-09 2.2150E-09 2.2008E-09 2.1854E-09 2.1689E-09 2.1515E-09
1.3637E-09 1.4014E-09 1.4391E-09 1.4766E-09 1.5144E-09 1.5515E-09 1.5894E-09 1.6262E-09 1.6635E-09 1.6997E-09 1.7361E-09 1.7716E-09 1.8067E-09 1.8412E-09 1.8748E-09 1.9080E-09 1.9401E-09 1.9716E-09 2.0019E-09 2.0316E-09 2.0599E-09 2.0872E-09 2.1138E-09 2.1389E-09 2.1629E-09 2.1856E-09 2.2070E-09 2.2275E-09 2.2461E-09 2.2640E-09 2.2801E-09 2.2949E-09 2.3084E-09 2.3204E-09 2.3309E-09 2.3402E-09 2.3479E-09 2.3542E-09 2.3592E-09 2.3626E-09 2.3646E-09 2.3651E-09 2.3645E-09 2.3620E-09 2.3585E-09 2.3537E-09 2.3471E-09 2.3394E-09 2.3304E-09 2.3202E-09 2.3085E-09 2.2958E-09 2.2820E-09 2.2671E-09 2.2508E-09 2.2336E-09 2.2155E-09
