Assets/Resources/2015_m01_d21_1000(utc+0800)_l00_csi_1hr_conc.grd
DSAA
         159         159
     -79.000      79.000
     -79.000      79.000
  0.6465E-09  0.6203E-05
[rows 75 to 99 of 159, columns 57 to 113 of 159]
1.0791E-08 1.1021E-08 1.1350E-08 1.1698E-08 1.1999E-08 1.2321E-08 1.2658E-08 1.3100E-08 1.3530E-08 1.3989E-08 1.4434E-08 1.4905E-08 1.5543E-08 1.6254E-08 1.6984E-08 1.7791E-08 1.8713E-08 1.9626E-08 2.0515E-08 2.1428E-08 2.2083E-08 1.0046E-07 1.6456E-07 1.1212E-07 8.9045E-08 7.5495E-08 6.5053E-08 5.4973E-08 4.5408E-08 3.8066E-08 3.4357E-08 3.3707E-08 3.4617E-08 3.5443E-08 3.6711E-08 3.7556E-08 4.5252E-08 4.7487E-08 4.3200E-08 4.4581E-08 4.5474E-08 4.1852E-08 4.1551E-08 3.7956E-08 3.7618E-08 3.8545E-08 3.5202E-08 3.6756E-08 3.0901E-08 2.7984E-08 2.2867E-08 1.7957E-08 1.4305E-08 1.3185E-08 1.2517E-08 1.2011E-08 1.1588E-08
1.0560E-08 1.0780E-08 1.1048E-08 1.1333E-08 1.1682E-08 1.1976E-08 1.2291E-08 1.2616E-08 1.3052E-08 1.3513E-08 1.3920E-08 1.4351E-08 1.4857E-08 1.5477E-08 1.6157E-08 1.6837E-08 1.7627E-08 1.8529E-08 1.9409E-08 2.0266E-08 2.0876E-08 3.5194E-08 1.9671E-07 1.2131E-07 9.3637E-08 7.8985E-08 6.6887E-08 5.7436E-08 4.7273E-08 3.7952E-08 3.2547E-08 3.1485E-08 3.2244E-08 3.3007E-08 3.4163E-08 3.4974E-08 3.6224E-08 4.5629E-08 4.0317E-08 4.1765E-08 4.3820E-08 3.9084E-08 3.8757E-08 3.5519E-08 3.5107E-08 3.6184E-08 3.3029E-08 3.4721E-08 2.9462E-08 2.6982E-08 2.1722E-08 1.7609E-08 1.3748E-08 1.2608E-08 1.1963E-08 1.1484E-08 1.1089E-08
1.0315E-08 1.0547E-08 1.0756E-08 1.1018E-08 1.1340E-08 1.1644E-08 1.1933E-08 1.2236E-08 1.2551E-08 1.2977E-08 1.3427E-08 1.3821E-08 1.4237E-08 1.4726E-08 1.5328E-08 1.5987E-08 1.6651E-08 1.7421E-08 1.8290E-08 1.9167E-08 1.9757E-08 2.0442E-08 2.4993E-07 1.3442E-07 9.8545E-08 8.1974E-08 7.3592E-08 7.4065E-08 5.4233E-08 3.8853E-08 3.1091E-08 2.9444E-08 3.0024E-08 3.0719E-08 3.1759E-08 3.2545E-08 3.3521E-08 4.2701E-08 3.7581E-08 3.9136E-08 4.2965E-08 3.6457E-08 3.6091E-08 3.3240E-08 3.2712E-08 3.4000E-08 3.0988E-08 3.2804E-08 2.8244E-08 2.5561E-08 2.0593E-08 1.7573E-08 1.3226E-08 1.2055E-08 1.1430E-08 1.0978E-08 1.0609E-08
1.0084E-08 1.0298E-08 1.0512E-08 1.0715E-08 1.0973E-08 1.1289E-08 1.1587E-08 1.1867E-08 1.2159E-08 1.2461E-08 1.2917E-08 1.3314E-08 1.3692E-08 1.4092E-08 1.4561E-08 1.5139E-08 1.5814E-08 1.6457E-08 1.7194E-08 1.8005E-08 1.8734E-08 1.9268E-08 3.7592E-07 1.6470E-07 1.7470E-07 2.6759E-07 2.1236E-07 1.2109E-07 6.1708E-08 3.8139E-08 2.9300E-08 2.7484E-08 2.7942E-08 2.8580E-08 2.9500E-08 3.0275E-08 3.1136E-08 4.0357E-08 3.5000E-08 3.6730E-08 4.0503E-08 3.3977E-08 3.3558E-08 3.1147E-08 3.0438E-08 3.2043E-08 2.9106E-08 3.1053E-08 2.6926E-08 2.4024E-08 1.9537E-08 1.7125E-08 1.2745E-08 1.1526E-08 1.0921E-08 1.0492E-08 1.0148E-08
9.8772E-09 1.0048E-08 1.0261E-08 1.0461E-08 1.0658E-08 1.0948E-08 1.1255E-08 1.1509E-08 1.1779E-08 1.2059E-08 1.2392E-08 1.2792E-08 1.3174E-08 1.3536E-08 1.3916E-08 1.4361E-08 1.4957E-08 1.5580E-08 1.6191E-08 1.6848E-08 1.7680E-08 1.8167E-08 1.8864E-08 6.2034E-06 1.2841E-06 4.5775E-07 2.0094E-07 9.7601E-08 4.9567E-08 3.2632E-08 2.6556E-08 2.5501E-08 2.5970E-08 2.6597E-08 2.7388E-08 2.8173E-08 2.8898E-08 3.8230E-08 3.2583E-08 3.4602E-08 3.2763E-08 3.1653E-08 3.1164E-08 2.9293E-08 2.8293E-08 3.0177E-08 2.7434E-08 2.9534E-08 2.5423E-08 2.2567E-08 1.8564E-08 1.6260E-08 1.2315E-08 1.1024E-08 1.0434E-08 1.0030E-08 9.7087E-09
9.6497E-09 9.8218E-09 1.0009E-08 1.0216E-08 1.0396E-08 1.0586E-08 1.0869E-08 1.1169E-08 1.1411E-08 1.1671E-08 1.1936E-08 1.2212E-08 1.2642E-08 1.3009E-08 1.3352E-08 1.3710E-08 1.4089E-08 1.4714E-08 1.5308E-08 1.5896E-08 1.6493E-08 1.6985E-08 1.7732E-08 1.8175E-08 1.8805E-08 1.9441E-08 2.4289E-08 3.0754E-08 2.8264E-08 2.5710E-08 2.3702E-08 2.3578E-08 2.4111E-08 2.4781E-08 2.5419E-08 2.6254E-08 2.6807E-08 3.6213E-08 3.0337E-08 3.2790E-08 3.0404E-08 2.9493E-08 2.8909E-08 2.7742E-08 2.6275E-08 2.6332E-08 2.6021E-08 2.8351E-08 2.4110E-08 2.1197E-08 1.7692E-08 1.5459E-08 1.1948E-08 1.0548E-08 9.9728E-09 9.5902E-09 9.2905E-09
9.3858E-09 9.5875E-09 9.7571E-09 9.9462E-09 1.0143E-08 1.0316E-08 1.0499E-08 1.0775E-08 1.1064E-08 1.1297E-08 1.1541E-08 1.1794E-08 1.2056E-08 1.2471E-08 1.2819E-08 1.3142E-08 1.3483E-08 1.3845E-08 1.4441E-08 1.5011E-08 1.5571E-08 1.5854E-08 1.6529E-08 1.7090E-08 1.7651E-08 1.8258E-08 1.8752E-08 1.9389E-08 2.0557E-08 2.1393E-08 2.1102E-08 2.1789E-08 2.2381E-08 2.3141E-08 2.3591E-08 2.4405E-08 2.4861E-08 3.3762E-08 2.8278E-08 3.1255E-08 2.8194E-08 2.7509E-08 2.6796E-08 2.6702E-08 2.4389E-08 2.4425E-08 2.4935E-08 2.7560E-08 2.3029E-08 1.9917E-08 1.6954E-08 1.4731E-08 1.1669E-08 1.0101E-08 9.5362E-09 9.1739E-09 8.8944E-09
9.1768E-09 9.3173E-09 9.5151E-09 9.6865E-09 9.8695E-09 1.0055E-08 1.0221E-08 1.0396E-08 1.0661E-08 1.0943E-08 1.1162E-08 1.1394E-08 1.1633E-08 1.1880E-08 1.2277E-08 1.2606E-08 1.2912E-08 1.3237E-08 1.3577E-08 1.4069E-08 1.4658E-08 1.4933E-08 1.5424E-08 1.5905E-08 1.6530E-08 1.7169E-08 1.7562E-08 1.8162E-08 1.8586E-08 1.9216E-08 1.9772E-08 2.0315E-08 2.0812E-08 2.1522E-08 2.1899E-08 2.2636E-08 2.3057E-08 2.9103E-08 2.6433E-08 2.5342E-08 2.6134E-08 2.5718E-08 2.4823E-08 2.6048E-08 2.2635E-08 2.2640E-08 2.3166E-08 2.7399E-08 2.2145E-08 1.8732E-08 1.6389E-08 1.4093E-08 1.1520E-08 9.6818E-09 9.1247E-09 8.7812E-09 8.5203E-09
9.0207E-09 9.1040E-09 9.2393E-09 9.4761E-09 9.6029E-09 9.7806E-09 9.9547E-09 1.0115E-08 1.0279E-08 1.0535E-08 1.0804E-08 1.1011E-08 1.1230E-08 1.1455E-08 1.1687E-08 1.2022E-08 1.2375E-08 1.2666E-08 1.2972E-08 1.3290E-08 1.3676E-08 1.4083E-08 1.4534E-08 1.4914E-08 1.5309E-08 1.6006E-08 1.6465E-08 1.6998E-08 1.7373E-08 1.7937E-08 1.8335E-08 1.8919E-08 1.9365E-08 2.0001E-08 2.0340E-08 2.0999E-08 2.1390E-08 2.4201E-08 2.4826E-08 2.3461E-08 2.4221E-08 2.4158E-08 2.2989E-08 2.3116E-08 2.1015E-08 2.0977E-08 2.1522E-08 2.0261E-08 2.0700E-08 1.7649E-08 1.6118E-08 1.3578E-08 1.1119E-08 9.2913E-09 8.7383E-09 8.4119E-09 8.1682E-09
8.8253E-09 8.9447E-09 9.0222E-09 9.1527E-09 9.3828E-09 9.5080E-09 9.6781E-09 9.8436E-09 9.9940E-09 1.0149E-08 1.0393E-08 1.0649E-08 1.0844E-08 1.1050E-08 1.1261E-08 1.1477E-08 1.1749E-08 1.2131E-08 1.2405E-08 1.2690E-08 1.2989E-08 1.3102E-08 1.3658E-08 1.4098E-08 1.4336E-08 1.4815E-08 1.5148E-08 1.5808E-08 1.6259E-08 1.6758E-08 1.7115E-08 1.7633E-08 1.8035E-08 1.8600E-08 1.8909E-08 1.9492E-08 1.9857E-08 2.0636E-08 2.3587E-08 2.1722E-08 2.2456E-08 2.2869E-08 2.1291E-08 2.1395E-08 1.9530E-08 1.9432E-08 2.0007E-08 1.8423E-08 1.9367E-08 1.6682E-08 1.5509E-08 1.2890E-08 1.0818E-08 8.9301E-09 8.3765E-09 8.0658E-09 7.8378E-09
8.5964E-09 8.7463E-09 8.8598E-09 8.9332E-09 9.0565E-09 9.2817E-09 9.4000E-09 9.5639E-09 9.7198E-09 9.8619E-09 1.0007E-08 1.0198E-08 1.0482E-08 1.0664E-08 1.0856E-08 1.1053E-08 1.1252E-08 1.1465E-08 1.1876E-08 1.2129E-08 1.2396E-08 1.2520E-08 1.2711E-08 1.3048E-08 1.3439E-08 1.3919E-08 1.4156E-08 1.4651E-08 1.5073E-08 1.5675E-08 1.5997E-08 1.6453E-08 1.6816E-08 1.7314E-08 1.7599E-08 1.8106E-08 1.8454E-08 1.8960E-08 2.1805E-08 2.0123E-08 2.0837E-08 2.1928E-08 1.9727E-08 1.9802E-08 1.8184E-08 1.8004E-08 1.8625E-08 1.7181E-08 1.8140E-08 1.5854E-08 1.4653E-08 1.2185E-08 1.0660E-08 8.5986E-09 8.0394E-09 7.7421E-09 7.5290E-09
8.4640E-09 8.5153E-09 8.6589E-09 8.7688E-09 8.8354E-09 8.9534E-09 9.1707E-09 9.2814E-09 9.4367E-09 9.5849E-09 9.7184E-09 9.8531E-09 9.9919E-09 1.0303E-08 1.0471E-08 1.0650E-08 1.0831E-08 1.1021E-08 1.1223E-08 1.1566E-08 1.1844E-08 1.2000E-08 1.2112E-08 1.2379E-08 1.2441E-08 1.3042E-08 1.3247E-08 1.3686E-08 1.3918E-08 1.4387E-08 1.4808E-08 1.5341E-08 1.5702E-08 1.6136E-08 1.6407E-08 1.6837E-08 1.7177E-08 1.7604E-08 2.0307E-08 1.8659E-08 1.9366E-08 2.1091E-08 1.8291E-08 1.8333E-08 1.6984E-08 1.6688E-08 1.7384E-08 1.6065E-08 1.7028E-08 1.5061E-08 1.3724E-08 1.1540E-08 1.0415E-08 8.2979E-09 7.7251E-09 7.4406E-09 7.2403E-09
8.3340E-09 8.3811E-09 8.4269E-09 8.5216E-09 8.6696E-09 8.7313E-09 8.7936E-09 9.0082E-09 9.1515E-09 9.2890E-09 9.4402E-09 9.5637E-09 9.6899E-09 9.8185E-09 1.0077E-08 1.0269E-08 1.0430E-08 1.0604E-08 1.0784E-08 1.0968E-08 1.1164E-08 1.1555E-08 1.1557E-08 1.1790E-08 1.1842E-08 1.2075E-08 1.2239E-08 1.2802E-08 1.3066E-08 1.3417E-08 1.3655E-08 1.4087E-08 1.4468E-08 1.5029E-08 1.5327E-08 1.5678E-08 1.6025E-08 1.6363E-08 1.8946E-08 1.7326E-08 1.8050E-08 1.7805E-08 1.6980E-08 1.6982E-08 1.5951E-08 1.5481E-08 1.6266E-08 1.5096E-08 1.6058E-08 1.4167E-08 1.2868E-08 1.0957E-08 9.9010E-09 8.0298E-09 7.4334E-09 7.1596E-09 6.9716E-09
8.2066E-09 8.2497E-09 8.2914E-09 8.3338E-09 8.4224E-09 8.5643E-09 8.6204E-09 8.6770E-09 8.8831E-09 9.0111E-09 9.1317E-09 9.2855E-09 9.4006E-09 9.5186E-09 9.6371E-09 9.8415E-09 1.0056E-08 1.0207E-08 1.0371E-08 1.0538E-08 1.0711E-08 1.0894E-08 1.0913E-08 1.1246E-08 1.1292E-08 1.1484E-08 1.1652E-08 1.1827E-08 1.1999E-08 1.2480E-08 1.2813E-08 1.3124E-08 1.3410E-08 1.3784E-08 1.4146E-08 1.4622E-08 1.4999E-08 1.5231E-08 1.7696E-08 1.6121E-08 1.6880E-08 1.6508E-08 1.5791E-08 1.5744E-08 1.5114E-08 1.4378E-08 1.4493E-08 1.4290E-08 1.5263E-08 1.3393E-08 1.2081E-08 1.0440E-08 9.4328E-09 7.7977E-09 7.1637E-09 6.8984E-09 6.7214E-09
8.0807E-09 8.1209E-09 8.1588E-09 8.1970E-09 8.2347E-09 8.2718E-09 8.4516E-09 8.5033E-09 8.5552E-09 8.7053E-09 8.8684E-09 8.9727E-09 9.1130E-09 9.2292E-09 9.3397E-09 9.4481E-09 9.5589E-09 9.8396E-09 9.9814E-09 1.0131E-08 1.0289E-08 1.0452E-08 1.0420E-08 1.0578E-08 1.0743E-08 1.0941E-08 1.1125E-08 1.1240E-08 1.1424E-08 1.1560E-08 1.1793E-08 1.2213E-08 1.2560E-08 1.2832E-08 1.3153E-08 1.3412E-08 1.3938E-08 1.4199E-08 1.6445E-08 1.5045E-08 1.5862E-08 1.5323E-08 1.4720E-08 1.4613E-08 1.4560E-08 1.3373E-08 1.3462E-08 1.3744E-08 1.4657E-08 1.2757E-08 1.1363E-08 9.9999E-09 9.0123E-09 7.6097E-09 6.9141E-09 6.6561E-09 6.4891E-09
7.8784E-09 7.9935E-09 8.0292E-09 8.0635E-09 8.0974E-09 8.1304E-09 8.1637E-09 8.3345E-09 8.3822E-09 8.4275E-09 8.5234E-09 8.7209E-09 8.8049E-09 8.9114E-09 9.0509E-09 9.1535E-09 9.2530E-09 9.3554E-09 9.4661E-09 9.7511E-09 9.8886E-09 1.0036E-08 1.0005E-08 1.0137E-08 1.0185E-08 1.0274E-08 1.0592E-08 1.0699E-08 1.0901E-08 1.0979E-08 1.1196E-08 1.1289E-08 1.1596E-08 1.1966E-08 1.2336E-08 1.2453E-08 1.2858E-08 1.3164E-08 1.4887E-08 1.4105E-08 1.3885E-08 1.4242E-08 1.3768E-08 1.3582E-08 1.4366E-08 1.2463E-08 1.2521E-08 1.2798E-08 1.4338E-08 1.2299E-08 1.0712E-08 9.6510E-09 8.6432E-09 7.4806E-09 6.6839E-09 6.4316E-09 6.2735E-09
7.7671E-09 7.7914E-09 7.8999E-09 7.9330E-09 7.9635E-09 7.9928E-09 8.0224E-09 8.0505E-09 8.1267E-09 8.2555E-09 8.2965E-09 8.3370E-09 8.5698E-09 8.6372E-09 8.7285E-09 8.8623E-09 8.9595E-09 9.0547E-09 9.1507E-09 9.2533E-09 9.5194E-09 9.6465E-09 9.6169E-09 9.7245E-09 9.8050E-09 9.8389E-09 9.9990E-09 1.0038E-08 1.0289E-08 1.0444E-08 1.0636E-08 1.0717E-08 1.0913E-08 1.1089E-08 1.1386E-08 1.1638E-08 1.1968E-08 1.2157E-08 1.3099E-08 1.3308E-08 1.2922E-08 1.3259E-08 1.2940E-08 1.2646E-08 1.2809E-08 1.1643E-08 1.1664E-08 1.1929E-08 1.2176E-08 1.1521E-08 1.0126E-08 9.4316E-09 8.3359E-09 7.2694E-09 6.4718E-09 6.1910E-09 6.0418E-09
7.6573E-09 7.6791E-09 7.7005E-09 7.7628E-09 7.8330E-09 7.8587E-09 7.8850E-09 7.9098E-09 7.9351E-09 7.9591E-09 8.1257E-09 8.1611E-09 8.1963E-09 8.2321E-09 8.4723E-09 8.5410E-09 8.6288E-09 8.7580E-09 8.8530E-09 8.9465E-09 9.0387E-09 9.1384E-09 9.2216E-09 9.3392E-09 9.4707E-09 9.4325E-09 9.5734E-09 9.6070E-09 9.7468E-09 9.7890E-09 1.0077E-08 1.0193E-08 1.0365E-08 1.0448E-08 1.0701E-08 1.0861E-08 1.1187E-08 1.1334E-08 1.1743E-08 1.2620E-08 1.2066E-08 1.2368E-08 1.2248E-08 1.1798E-08 1.1937E-08 1.0909E-08 1.0887E-08 1.1141E-08 1.0397E-08 1.0816E-08 9.6081E-09 9.1282E-09 7.9891E-09 7.0553E-09 6.2486E-09 5.9987E-09 5.8453E-09
7.5488E-09 7.5683E-09 7.5878E-09 7.6053E-09 7.6229E-09 7.7284E-09 7.7514E-09 7.7730E-09 7.7948E-09 7.8157E-09 7.8361E-09 7.8559E-09 8.0224E-09 8.0531E-09 8.0847E-09 8.3077E-09 8.3620E-09 8.4263E-09 8.5109E-09 8.6441E-09 8.7369E-09 8.8260E-09 8.8060E-09 8.8365E-09 9.0575E-09 9.0550E-09 9.1743E-09 9.2045E-09 9.3251E-09 9.3655E-09 9.4917E-09 9.6329E-09 9.8185E-09 9.9372E-09 1.0085E-08 1.0156E-08 1.0439E-08 1.0618E-08 1.0861E-08 1.1376E-08 1.1201E-08 1.1562E-08 1.1708E-08 1.1032E-08 1.1146E-08 1.0259E-08 1.0184E-08 1.0432E-08 9.7780E-09 1.0178E-08 9.1402E-09 8.6720E-09 7.6001E-09 6.9258E-09 6.0595E-09 5.7883E-09 5.6442E-09
7.4417E-09 7.4592E-09 7.4769E-09 7.4923E-09 7.5080E-09 7.5216E-09 7.6186E-09 7.6400E-09 7.6586E-09 7.6765E-09 7.6937E-09 7.7105E-09 7.7259E-09 7.8817E-09 7.9085E-09 7.9359E-09 7.9636E-09 8.1867E-09 8.2401E-09 8.3058E-09 8.3997E-09 8.5123E-09 8.5396E-09 8.5320E-09 8.6167E-09 8.5622E-09 8.7267E-09 8.8347E-09 8.9316E-09 8.9705E-09 9.0755E-09 9.1206E-09 9.3205E-09 9.4699E-09 9.5964E-09 9.5968E-09 9.7578E-09 9.9354E-09 1.0172E-08 1.0440E-08 1.0237E-08 1.0745E-08 1.1358E-08 1.0342E-08 1.0430E-08 9.6919E-09 9.5489E-09 9.7799E-09 9.2143E-09 9.5845E-09 8.7476E-09 8.1977E-09 7.2598E-09 6.7753E-09 5.8691E-09 5.6182E-09 5.4766E-09
7.3117E-09 7.3509E-09 7.3676E-09 7.3814E-09 7.3951E-09 7.4069E-09 7.4179E-09 7.4276E-09 7.5263E-09 7.5415E-09 7.5556E-09 7.5697E-09 7.5822E-09 7.5948E-09 7.6075E-09 7.7629E-09 7.7861E-09 7.8081E-09 7.8347E-09 8.0636E-09 8.1153E-09 8.1756E-09 8.2569E-09 8.2051E-09 8.2882E-09 8.2449E-09 8.3140E-09 8.3904E-09 8.5331E-09 8.6090E-09 8.6907E-09 8.7361E-09 8.8202E-09 8.9619E-09 9.1408E-09 9.1575E-09 9.2130E-09 9.3201E-09 9.5099E-09 9.7857E-09 9.5215E-09 9.6963E-09 1.0110E-08 9.7021E-09 9.7624E-09 9.1937E-09 8.9562E-09 9.2118E-09 8.7343E-09 9.0535E-09 8.2777E-09 7.7475E-09 6.9268E-09 6.4930E-09 5.7096E-09 5.4328E-09 5.2929E-09
7.2098E-09 7.2218E-09 7.2468E-09 7.2722E-09 7.2841E-09 7.2943E-09 7.3034E-09 7.3115E-09 7.3184E-09 7.3249E-09 7.4218E-09 7.4333E-09 7.4431E-09 7.4531E-09 7.4630E-09 7.4730E-09 7.4829E-09 7.6346E-09 7.6561E-09 7.6812E-09 7.7073E-09 7.8853E-09 7.9872E-09 7.8971E-09 7.9575E-09 7.9348E-09 7.9850E-09 8.0283E-09 8.1109E-09 8.1905E-09 8.3183E-09 8.3661E-09 8.4250E-09 8.4785E-09 8.6250E-09 8.7392E-09 8.7803E-09 8.8454E-09 8.8999E-09 9.1377E-09 8.9613E-09 9.0678E-09 9.2929E-09 8.9380E-09 9.1323E-09 8.7806E-09 8.4056E-09 8.4646E-09 8.2935E-09 8.5927E-09 7.8677E-09 7.3325E-09 6.6368E-09 6.2294E-09 5.5243E-09 5.2621E-09 5.1402E-09
7.1082E-09 7.1199E-09 7.1310E-09 7.1402E-09 7.1749E-09 7.1837E-09 7.1911E-09 7.1977E-09 7.2029E-09 7.2078E-09 7.2109E-09 7.3011E-09 7.3086E-09 7.3160E-09 7.3233E-09 7.3307E-09 7.3379E-09 7.3443E-09 7.3528E-09 7.4589E-09 7.5277E-09 7.5526E-09 7.5811E-09 7.6224E-09 7.7064E-09 7.6564E-09 7.6931E-09 7.7512E-09 7.7536E-09 7.8318E-09 7.8860E-09 8.0146E-09 8.0483E-09 8.1144E-09 8.1434E-09 8.2763E-09 8.3312E-09 8.4203E-09 8.3669E-09 8.4875E-09 8.3910E-09 8.4847E-09 8.6560E-09 8.2624E-09 8.4024E-09 8.4808E-09 7.9049E-09 7.9357E-09 8.0128E-09 8.2279E-09 7.5226E-09 6.9401E-09 6.3877E-09 5.9951E-09 5.4095E-09 5.1277E-09 5.0016E-09
6.9857E-09 7.0062E-09 7.0288E-09 7.0371E-09 7.0441E-09 7.0497E-09 7.0809E-09 7.0861E-09 7.0897E-09 7.0932E-09 7.0949E-09 7.0965E-09 7.0965E-09 7.1834E-09 7.1882E-09 7.1931E-09 7.1978E-09 7.2020E-09 7.2075E-09 7.2158E-09 7.2259E-09 7.3308E-09 7.3997E-09 7.3014E-09 7.3566E-09 7.4515E-09 7.4449E-09 7.5177E-09 7.4974E-09 7.5480E-09 7.5540E-09 7.6883E-09 7.7167E-09 7.7934E-09 7.7929E-09 7.8653E-09 7.8857E-09 8.0316E-09 7.9756E-09 8.0380E-09 7.8364E-09 7.9090E-09 8.1252E-09 7.7528E-09 7.7815E-09 8.2910E-09 7.4333E-09 7.4923E-09 7.5988E-09 7.9661E-09 7.2897E-09 6.6385E-09 6.2045E-09 5.7851E-09 5.3169E-09 4.9944E-09 4.8765E-09
6.8890E-09 6.8969E-09 6.9038E-09 6.9352E-09 6.9410E-09 6.9457E-09 6.9486E-09 6.9767E-09 6.9788E-09 6.9810E-09 6.9814E-09 6.9815E-09 6.9802E-09 6.9781E-09 6.9757E-09 7.0178E-09 7.0625E-09 7.0647E-09 7.0674E-09 7.0725E-09 7.0800E-09 7.0865E-09 7.1404E-09 7.1382E-09 7.1331E-09 7.1501E-09 7.1979E-09 7.2786E-09 7.2547E-09 7.3086E-09 7.2746E-09 7.3528E-09 7.4051E-09 7.4986E-09 7.4955E-09 7.5555E-09 7.4861E-09 7.6182E-09 7.6432E-09 7.6955E-09 7.5935E-09 7.4045E-09 7.5732E-09 7.3978E-09 7.3499E-09 7.4464E-09 6.9254E-09 7.0672E-09 7.1545E-09 7.4250E-09 6.9339E-09 6.3525E-09 6.0635E-09 5.6322E-09 5.2161E-09 4.8909E-09 4.7730E-09
