Assets/Resources/2015_m01_d03_2200(utc+0800)_l00_csi_1hr_conc.grd
DSAA
         159         159
     -79.000      79.000
     -79.000      79.000
  0.2135E-10  0.7436E-05
[rows 0 to 24 of 159, columns 0 to 56 of 159]
2.1351E-11 2.2131E-11 2.2932E-11 2.3753E-11 2.4594E-11 2.5456E-11 2.6339E-11 2.7160E-11 2.8086E-11 2.9033E-11 3.0002E-11 3.0993E-11 3.1923E-11 3.2959E-11 3.4017E-11 3.5099E-11 3.6203E-11 3.7329E-11 3.8480E-11 3.9569E-11 4.0765E-11 4.1899E-11 4.3142E-11 4.4409E-11 4.5612E-11 4.6924E-11 4.8260E-11 4.9620E-11 5.0916E-11 5.2233E-11 5.3733E-11 5.5260E-11 5.6812E-11 5.8229E-11 5.9827E-11 6.1452E-11 6.3101E-11 6.4615E-11 6.6150E-11 6.7868E-11 6.9611E-11 7.1379E-11 7.3006E-11 7.4652E-11 7.6317E-11 7.8168E-11 8.0043E-11 8.1940E-11 8.3690E-11 8.5455E-11 8.7237E-11 8.9205E-11 9.1193E-11 9.3201E-11 9.5055E-11 9.6923E-11 9.8803E-11
2.1948E-11 2.2748E-11 2.3569E-11 2.4410E-11 2.5273E-11 2.6156E-11 2.6979E-11 2.7906E-11 2.8855E-11 2.9826E-11 3.0820E-11 3.1836E-11 3.2791E-11 3.3854E-11 3.4940E-11 3.6048E-11 3.7180E-11 3.8336E-11 3.9431E-11 4.0634E-11 4.1860E-11 4.3111E-11 4.4301E-11 4.5513E-11 4.6834E-11 4.8181E-11 4.9551E-11 5.0859E-11 5.2346E-11 5.3859E-11 5.5400E-11 5.6810E-11 5.8241E-11 5.9856E-11 6.1498E-11 6.3167E-11 6.4699E-11 6.6252E-11 6.7991E-11 6.9757E-11 7.1548E-11 7.3198E-11 7.4867E-11 7.6722E-11 7.8601E-11 8.0505E-11 8.2265E-11 8.4042E-11 8.5837E-11 8.7649E-11 8.9820E-11 9.1844E-11 9.3718E-11 9.5608E-11 9.7511E-11 9.9428E-11 1.0158E-10
2.2555E-11 2.3375E-11 2.4216E-11 2.5079E-11 2.5963E-11 2.6786E-11 2.7714E-11 2.8664E-11 2.9637E-11 3.0633E-11 3.1652E-11 3.2694E-11 3.3675E-11 3.4765E-11 3.5877E-11 3.7014E-11 3.8175E-11 3.9276E-11 4.0484E-11 4.1717E-11 4.2975E-11 4.4173E-11 4.5392E-11 4.6723E-11 4.8079E-11 4.9460E-11 5.0777E-11 5.2277E-11 5.3803E-11 5.5357E-11 5.6780E-11 5.8226E-11 5.9857E-11 6.1516E-11 6.3202E-11 6.4752E-11 6.6485E-11 6.8246E-11 7.0033E-11 7.1683E-11 7.3355E-11 7.5047E-11 7.6928E-11 7.8834E-11 8.0764E-11 8.2551E-11 8.4357E-11 8.6181E-11 8.8193E-11 9.0228E-11 9.2286E-11 9.4194E-11 9.6118E-11 9.8056E-11 1.0023E-10 1.0242E-10 1.0463E-10
2.3172E-11 2.4013E-11 2.4875E-11 2.5759E-11 2.6582E-11 2.7510E-11 2.8462E-11 2.9436E-11 3.0433E-11 3.1453E-11 3.2498E-11 3.3482E-11 3.4574E-11 3.5691E-11 3.6831E-11 3.7997E-11 3.9102E-11 4.0316E-11 4.1555E-11 4.2820E-11 4.4024E-11 4.5251E-11 4.6590E-11 4.7954E-11 4.9345E-11 5.0672E-11 5.2183E-11 5.3722E-11 5.5289E-11 5.6724E-11 5.8343E-11 5.9990E-11 6.1665E-11 6.3208E-11 6.4774E-11 6.6526E-11 6.8307E-11 7.0114E-11 7.1785E-11 7.3478E-11 7.5192E-11 7.7098E-11 7.9194E-11 8.0987E-11 8.2800E-11 8.4632E-11 8.6484E-11 8.8528E-11 9.0596E-11 9.2687E-11 9.4628E-11 9.6585E-11 9.8558E-11 1.0077E-10 1.0300E-10 1.0525E-10 1.0730E-10
2.3799E-11 2.4661E-11 2.5544E-11 2.6367E-11 2.7295E-11 2.8247E-11 2.9222E-11 3.0220E-11 3.1242E-11 3.2288E-11 3.3358E-11 3.4369E-11 3.5488E-11 3.6632E-11 3.7801E-11 3.8911E-11 4.0130E-11 4.1374E-11 4.2645E-11 4.3855E-11 4.5175E-11 4.6435E-11 4.7808E-11 4.9207E-11 5.0544E-11 5.2065E-11 5.3615E-11 5.5194E-11 5.6641E-11 5.8274E-11 5.9935E-11 6.1625E-11 6.3184E-11 6.4766E-11 6.6536E-11 6.8335E-11 7.0163E-11 7.1853E-11 7.3567E-11 7.5468E-11 7.7398E-11 7.9354E-11 8.1172E-11 8.3010E-11 8.4869E-11 8.6918E-11 8.8993E-11 9.1092E-11 9.3046E-11 9.5018E-11 9.7009E-11 9.9232E-11 1.0148E-10 1.0375E-10 1.0583E-10 1.0792E-10 1.1002E-10
2.4437E-11 2.5319E-11 2.6141E-11 2.7069E-11 2.8021E-11 2.8995E-11 2.9994E-11 3.1017E-11 3.2064E-11 3.3135E-11 3.4148E-11 3.5270E-11 3.6417E-11 3.7589E-11 3.8702E-11 3.9925E-11 4.1174E-11 4.2450E-11 4.3666E-11 4.4992E-11 4.6345E-11 4.7726E-11 4.9046E-11 5.0391E-11 5.1922E-11 5.3483E-11 5.5073E-11 5.6532E-11 5.8177E-11 5.9852E-11 6.1557E-11 6.3130E-11 6.4727E-11 6.6515E-11 6.8332E-11 7.0178E-11 7.1888E-11 7.3620E-11 7.5544E-11 7.7497E-11 7.9477E-11 8.1318E-11 8.3181E-11 8.5066E-11 8.7143E-11 8.9248E-11 9.1378E-11 9.3362E-11 9.5366E-11 9.7388E-11 9.9648E-11 1.0193E-10 1.0424E-10 1.0636E-10 1.0849E-10 1.1063E-10 1.1301E-10
2.5002E-11 2.5905E-11 2.6832E-11 2.7783E-11 2.8757E-11 2.9756E-11 3.0779E-11 3.1826E-11 3.2815E-11 3.3913E-11 3.5036E-11 3.6185E-11 3.7360E-11 3.8476E-11 3.9703E-11 4.0956E-11 4.2236E-11 4.3457E-11 4.4789E-11 4.6148E-11 4.7535E-11 4.8863E-11 5.0216E-11 5.1756E-11 5.3326E-11 5.4927E-11 5.6396E-11 5.8053E-11 5.9741E-11 6.1460E-11 6.3046E-11 6.4820E-11 6.6624E-11 6.8458E-11 7.0161E-11 7.1888E-11 7.3639E-11 7.5584E-11 7.7559E-11 7.9563E-11 8.1427E-11 8.3313E-11 8.5223E-11 8.7328E-11 8.9461E-11 9.1622E-11 9.3635E-11 9.5669E-11 9.7723E-11 1.0023E-10 1.0256E-10 1.0469E-10 1.0684E-10 1.0901E-10 1.1119E-10 1.1361E-10 1.1628E-10
2.5660E-11 2.6585E-11 2.7534E-11 2.8508E-11 2.9505E-11 3.0528E-11 3.1576E-11 3.2565E-11 3.3663E-11 3.4788E-11 3.5938E-11 3.7115E-11 3.8233E-11 3.9463E-11 4.0720E-11 4.2003E-11 4.3228E-11 4.4565E-11 4.5930E-11 4.7323E-11 4.8657E-11 5.0175E-11 5.1566E-11 5.3145E-11 5.4755E-11 5.6234E-11 5.7902E-11 5.9602E-11 6.1333E-11 6.2932E-11 6.4721E-11 6.6540E-11 6.8391E-11 7.0109E-11 7.1854E-11 7.3789E-11 7.5754E-11 7.7750E-11 7.9611E-11 8.1496E-11 8.3406E-11 8.5509E-11 8.7642E-11 8.9803E-11 9.1822E-11 9.3864E-11 9.5928E-11 9.8230E-11 1.0056E-10 1.0292E-10 1.0509E-10 1.0727E-10 1.0948E-10 1.1192E-10 1.1439E-10 1.1688E-10 1.1917E-10
2.6327E-11 2.7275E-11 2.8247E-11 2.9243E-11 3.0265E-11 3.1312E-11 3.2301E-11 3.3400E-11 3.4525E-11 3.5676E-11 3.6854E-11 3.7974E-11 3.9206E-11 4.0465E-11 4.1752E-11 4.2981E-11 4.4322E-11 4.5692E-11 4.7090E-11 4.8430E-11 4.9954E-11 5.1509E-11 5.2939E-11 5.4558E-11 5.6045E-11 5.7724E-11 5.9435E-11 6.1178E-11 6.2789E-11 6.4591E-11 6.6425E-11 6.8291E-11 7.0025E-11 7.1786E-11 7.3739E-11 7.5723E-11 7.7740E-11 7.9621E-11 8.1528E-11 8.3459E-11 8.5587E-11 8.7745E-11 8.9933E-11 9.1980E-11 9.4049E-11 9.6142E-11 9.8477E-11 1.0084E-10 1.0323E-10 1.0543E-10 1.0766E-10 1.0990E-10 1.1238E-10 1.1489E-10 1.1743E-10 1.1976E-10 1.2211E-10
2.7005E-11 2.7975E-11 2.8970E-11 2.9990E-11 3.0952E-11 3.2024E-11 3.3122E-11 3.4247E-11 3.5399E-11 3.6578E-11 3.7699E-11 3.8932E-11 4.0194E-11 4.1483E-11 4.2714E-11 4.4059E-11 4.5433E-11 4.6835E-11 4.8180E-11 4.9710E-11 5.1272E-11 5.2866E-11 5.4335E-11 5.5991E-11 5.7519E-11 5.9240E-11 6.0994E-11 6.2616E-11 6.4431E-11 6.6279E-11 6.8159E-11 6.9908E-11 7.1684E-11 7.3654E-11 7.5657E-11 7.7692E-11 7.9593E-11 8.1520E-11 8.3473E-11 8.5625E-11 8.7808E-11 9.0022E-11 9.2094E-11 9.4190E-11 9.6310E-11 9.8677E-11 1.0129E-10 1.0350E-10 1.0573E-10 1.0799E-10 1.1049E-10 1.1301E-10 1.1556E-10 1.1792E-10 1.2029E-10 1.2269E-10 1.2509E-10
2.7692E-11 2.8685E-11 2.9703E-11 3.0664E-11 3.1735E-11 3.2832E-11 3.3956E-11 3.5108E-11 3.6286E-11 3.7408E-11 3.8642E-11 3.9905E-11 4.1196E-11 4.2429E-11 4.3777E-11 4.5154E-11 4.6560E-11 4.7909E-11 4.9444E-11 5.1012E-11 5.2612E-11 5.4088E-11 5.5751E-11 5.7448E-11 5.9018E-11 6.0782E-11 6.2414E-11 6.4241E-11 6.6101E-11 6.7995E-11 6.9757E-11 7.1548E-11 7.3535E-11 7.5555E-11 7.7608E-11 7.9527E-11 8.1474E-11 8.3447E-11 8.5622E-11 8.7828E-11 9.0067E-11 9.2164E-11 9.4286E-11 9.6651E-11 9.9048E-11 1.0148E-10 1.0372E-10 1.0598E-10 1.0827E-10 1.1081E-10 1.1337E-10 1.1596E-10 1.1836E-10 1.2077E-10 1.2321E-10 1.2588E-10 1.2859E-10
2.8389E-11 2.9322E-11 3.0364E-11 3.1433E-11 3.2528E-11 3.3651E-11 3.4802E-11 3.5980E-11 3.7101E-11 3.8336E-11 3.9599E-11 4.0891E-11 4.2126E-11 4.3476E-11 4.4855E-11 4.6264E-11 4.7617E-11 4.9156E-11 5.0729E-11 5.2335E-11 5.3816E-11 5.5487E-11 5.7191E-11 5.8929E-11 6.0542E-11 6.2184E-11 6.4021E-11 6.5893E-11 6.7799E-11 6.9574E-11 7.1378E-11 7.3380E-11 7.5417E-11 7.7488E-11 7.9424E-11 8.1389E-11 8.3551E-11 8.5747E-11 8.7976E-11 9.0070E-11 9.2190E-11 9.4337E-11 9.6730E-11 9.9156E-11 1.0162E-10 1.0389E-10 1.0618E-10 1.0851E-10 1.1108E-10 1.1368E-10 1.1631E-10 1.1874E-10 1.2119E-10 1.2367E-10 1.2639E-10 1.2914E-10 1.3192E-10
2.9013E-11 3.0053E-11 3.1119E-11 3.2212E-11 3.3333E-11 3.4482E-11 3.5659E-11 3.6780E-11 3.8014E-11 3.9277E-11 4.0569E-11 4.1805E-11 4.3156E-11 4.4537E-11 4.5949E-11 4.7304E-11 4.8847E-11 5.0423E-11 5.2034E-11 5.3520E-11 5.5197E-11 5.6907E-11 5.8653E-11 6.0274E-11 6.1924E-11 6.3771E-11 6.5654E-11 6.7571E-11 6.9358E-11 7.1175E-11 7.3191E-11 7.5243E-11 7.7330E-11 7.9283E-11 8.1265E-11 8.3447E-11 8.5663E-11 8.7914E-11 9.0029E-11 9.2173E-11 9.4344E-11 9.6763E-11 9.9217E-11 1.0171E-10 1.0401E-10 1.0633E-10 1.0891E-10 1.1151E-10 1.1415E-10 1.1660E-10 1.1907E-10 1.2156E-10 1.2430E-10 1.2707E-10 1.2986E-10 1.3246E-10 1.3508E-10
2.9731E-11 3.0794E-11 3.1884E-11 3.3003E-11 3.4149E-11 3.5324E-11 3.6444E-11 3.7677E-11 3.8939E-11 4.0231E-11 4.1467E-11 4.2818E-11 4.4200E-11 4.5613E-11 4.6971E-11 4.8516E-11 5.0096E-11 5.1710E-11 5.3200E-11 5.4882E-11 5.6599E-11 5.8351E-11 5.9978E-11 6.1798E-11 6.3492E-11 6.5384E-11 6.7312E-11 6.9110E-11 7.1103E-11 7.2968E-11 7.5034E-11 7.7136E-11 7.9104E-11 8.1103E-11 8.3303E-11 8.5539E-11 8.7810E-11 8.9946E-11 9.2111E-11 9.4305E-11 9.6751E-11 9.9232E-11 1.0175E-10 1.0408E-10 1.0643E-10 1.0904E-10 1.1168E-10 1.1435E-10 1.1683E-10 1.1934E-10 1.2187E-10 1.2465E-10 1.2746E-10 1.3030E-10 1.3294E-10 1.3560E-10 1.3828E-10
3.0457E-11 3.1544E-11 3.2660E-11 3.3804E-11 3.4892E-11 3.6093E-11 3.7325E-11 3.8585E-11 3.9876E-11 4.1112E-11 4.2463E-11 4.3845E-11 4.5259E-11 4.6618E-11 4.8165E-11 4.9747E-11 5.1363E-11 5.2857E-11 5.4543E-11 5.6265E-11 5.8022E-11 5.9656E-11 6.1483E-11 6.3185E-11 6.5085E-11 6.7022E-11 6.8830E-11 7.0835E-11 7.2876E-11 7.4790E-11 7.6906E-11 7.8889E-11 8.0903E-11 8.3120E-11 8.5374E-11 8.7664E-11 8.9820E-11 9.2006E-11 9.4438E-11 9.6908E-11 9.9414E-11 1.0174E-10 1.0410E-10 1.0648E-10 1.0912E-10 1.1179E-10 1.1450E-10 1.1701E-10 1.1955E-10 1.2212E-10 1.2494E-10 1.2779E-10 1.3068E-10 1.3336E-10 1.3607E-10 1.3879E-10 1.4177E-10
3.1193E-11 3.2305E-11 3.3445E-11 3.4531E-11 3.5730E-11 3.6958E-11 3.8217E-11 3.9506E-11 4.0740E-11 4.2090E-11 4.3472E-11 4.4886E-11 4.6245E-11 4.7793E-11 4.9376E-11 5.0995E-11 5.2492E-11 5.4181E-11 5.5906E-11 5.7668E-11 5.9307E-11 6.1140E-11 6.2848E-11 6.4756E-11 6.6702E-11 6.8518E-11 7.0533E-11 7.2585E-11 7.4676E-11 7.6640E-11 7.8636E-11 8.0664E-11 8.2897E-11 8.5168E-11 8.7477E-11 8.9651E-11 9.1856E-11 9.4311E-11 9.6804E-11 9.9335E-11 1.0169E-10 1.0407E-10 1.0648E-10 1.0915E-10 1.1185E-10 1.1459E-10 1.1714E-10 1.1971E-10 1.2254E-10 1.2540E-10 1.2829E-10 1.3099E-10 1.3372E-10 1.3647E-10 1.3924E-10 1.4249E-10 1.4555E-10
3.1939E-11 3.2991E-11 3.4157E-11 3.5352E-11 3.6578E-11 3.7834E-11 3.9120E-11 4.0353E-11 4.1701E-11 4.3082E-11 4.4408E-11 4.5854E-11 4.7402E-11 4.8985E-11 5.0605E-11 5.2103E-11 5.3795E-11 5.5523E-11 5.7288E-11 5.8931E-11 6.0769E-11 6.2645E-11 6.4398E-11 6.6351E-11 6.8175E-11 7.0199E-11 7.2261E-11 7.4363E-11 7.6338E-11 7.8346E-11 8.0388E-11 8.2636E-11 8.4923E-11 8.7248E-11 8.9440E-11 9.1664E-11 9.4139E-11 9.6654E-11 9.9208E-11 1.0158E-10 1.0399E-10 1.0665E-10 1.0934E-10 1.1208E-10 1.1463E-10 1.1721E-10 1.1981E-10 1.2268E-10 1.2557E-10 1.2851E-10 1.3125E-10 1.3401E-10 1.3680E-10 1.3985E-10 1.4292E-10 1.4603E-10 1.4893E-10
3.2610E-11 3.3771E-11 3.4962E-11 3.6184E-11 3.7436E-11 3.8635E-11 3.9950E-11 4.1296E-11 4.2674E-11 4.3999E-11 4.5444E-11 4.6991E-11 4.8574E-11 5.0036E-11 5.1693E-11 5.3386E-11 5.5116E-11 5.6884E-11 5.8530E-11 6.0372E-11 6.2091E-11 6.4011E-11 6.5970E-11 6.7801E-11 6.9833E-11 7.1904E-11 7.4015E-11 7.6001E-11 7.8020E-11 8.0074E-11 8.2336E-11 8.4637E-11 8.6978E-11 8.9186E-11 9.1427E-11 9.3922E-11 9.6458E-11 9.9033E-11 1.0143E-10 1.0386E-10 1.0654E-10 1.0927E-10 1.1203E-10 1.1461E-10 1.1722E-10 1.1986E-10 1.2276E-10 1.2569E-10 1.2866E-10 1.3144E-10 1.3424E-10 1.3707E-10 1.4016E-10 1.4328E-10 1.4644E-10 1.4939E-10 1.5236E-10
3.3374E-11 3.4560E-11 3.5778E-11 3.6941E-11 3.8220E-11 3.9532E-11 4.0875E-11 4.2165E-11 4.3574E-11 4.5016E-11 4.6561E-11 4.7986E-11 4.9605E-11 5.1262E-11 5.2955E-11 5.4686E-11 5.6296E-11 5.8104E-11 5.9949E-11 6.1672E-11 6.3596E-11 6.5560E-11 6.7397E-11 6.9436E-11 7.1515E-11 7.3634E-11 7.5629E-11 7.7658E-11 7.9723E-11 8.1997E-11 8.4312E-11 8.6668E-11 8.8890E-11 9.1148E-11 9.3661E-11 9.6216E-11 9.8812E-11 1.0123E-10 1.0368E-10 1.0639E-10 1.0914E-10 1.1193E-10 1.1453E-10 1.1717E-10 1.1984E-10 1.2277E-10 1.2574E-10 1.2875E-10 1.3157E-10 1.3441E-10 1.3728E-10 1.4041E-10 1.4358E-10 1.4678E-10 1.4977E-10 1.5279E-10 1.5603E-10
3.4146E-11 3.5273E-11 3.6517E-11 3.7793E-11 3.9100E-11 4.0353E-11 4.1725E-11 4.3131E-11 4.4571E-11 4.6114E-11 4.7537E-11 4.9154E-11 5.0810E-11 5.2502E-11 5.4233E-11 5.5844E-11 5.7654E-11 5.9501E-11 6.1226E-11 6.3154E-11 6.5121E-11 6.6964E-11 6.9008E-11 7.1093E-11 7.3219E-11 7.5222E-11 7.7261E-11 7.9336E-11 8.1621E-11 8.3948E-11 8.6317E-11 8.8553E-11 9.0826E-11 9.3355E-11 9.5928E-11 9.8543E-11 1.0098E-10 1.0345E-10 1.0619E-10 1.0896E-10 1.1177E-10 1.1441E-10 1.1707E-10 1.2000E-10 1.2296E-10 1.2574E-10 1.2878E-10 1.3163E-10 1.3451E-10 1.3765E-10 1.4082E-10 1.4403E-10 1.4705E-10 1.5009E-10 1.5316E-10 1.5644E-10 1.5975E-10
3.4843E-11 3.6082E-11 3.7352E-11 3.8654E-11 3.9903E-11 4.1271E-11 4.2673E-11 4.4109E-11 4.5491E-11 4.7069E-11 4.8684E-11 5.0337E-11 5.2029E-11 5.3599E-11 5.5369E-11 5.7179E-11 5.8865E-11 6.0754E-11 6.2684E-11 6.4654E-11 6.6501E-11 6.8549E-11 7.0640E-11 7.2772E-11 7.4782E-11 7.6829E-11 7.9081E-11 8.1208E-11 8.3545E-11 8.5926E-11 8.8175E-11 9.0461E-11 9.3006E-11 9.5595E-11 9.8228E-11 1.0068E-10 1.0318E-10 1.0593E-10 1.0873E-10 1.1157E-10 1.1422E-10 1.1692E-10 1.1987E-10 1.2286E-10 1.2590E-10 1.2875E-10 1.3163E-10 1.3455E-10 1.3772E-10 1.4094E-10 1.4419E-10 1.4725E-10 1.5033E-10 1.5363E-10 1.5696E-10 1.6033E-10 1.6353E-10
3.5634E-11 3.6898E-11 3.8195E-11 3.9439E-11 4.0802E-11 4.2199E-11 4.3631E-11 4.5010E-11 4.6584E-11 4.8195E-11 4.9846E-11 5.1375E-11 5.3104E-11 5.4872E-11 5.6681E-11 5.8368E-11 6.0257E-11 6.2188E-11 6.4160E-11 6.6009E-11 6.8061E-11 7.0156E-11 7.2128E-11 7.4309E-11 7.6363E-11 7.8622E-11 8.0757E-11 8.3104E-11 8.5495E-11 8.7756E-11 9.0055E-11 9.2614E-11 9.5218E-11 9.7867E-11 1.0034E-10 1.0285E-10 1.0562E-10 1.0844E-10 1.1130E-10 1.1399E-10 1.1670E-10 1.1968E-10 1.2271E-10 1.2577E-10 1.2865E-10 1.3157E-10 1.3452E-10 1.3773E-10 1.4099E-10 1.4428E-10 1.4738E-10 1.5051E-10 1.5385E-10 1.5723E-10 1.6064E-10 1.6390E-10 1.6718E-10
3.6433E-11 3.7723E-11 3.8962E-11 4.0319E-11 4.1711E-11 4.3137E-11 4.4512E-11 4.6081E-11 4.7689E-11 4.9335E-11 5.0861E-11 5.2587E-11 5.4354E-11 5.6161E-11 5.7846E-11 5.9735E-11 6.1666E-11 6.3639E-11 6.5490E-11 6.7544E-11 6.9642E-11 7.1618E-11 7.3803E-11 7.5862E-11 7.8129E-11 8.0271E-11 8.2626E-11 8.5026E-11 8.7297E-11 8.9607E-11 9.2179E-11 9.4796E-11 9.7460E-11 9.9949E-11 1.0248E-10 1.0527E-10 1.0811E-10 1.1099E-10 1.1369E-10 1.1643E-10 1.1944E-10 1.2249E-10 1.2559E-10 1.2850E-10 1.3144E-10 1.3442E-10 1.3767E-10 1.4097E-10 1.4430E-10 1.4744E-10 1.5060E-10 1.5399E-10 1.5742E-10 1.6088E-10 1.6418E-10 1.6751E-10 1.7107E-10
3.7154E-11 3.8472E-11 3.9823E-11 4.1208E-11 4.2629E-11 4.3999E-11 4.5562E-11 4.7164E-11 4.8806E-11 5.0329E-11 5.2051E-11 5.3814E-11 5.5618E-11 5.7302E-11 5.9189E-11 6.1119E-11 6.3092E-11 6.4943E-11 6.6999E-11 6.8933E-11 7.1077E-11 7.3266E-11 7.5329E-11 7.7432E-11 7.9749E-11 8.2111E-11 8.4518E-11 8.6799E-11 8.9118E-11 9.1701E-11 9.4331E-11 9.7008E-11 9.9511E-11 1.0205E-10 1.0486E-10 1.0772E-10 1.1062E-10 1.1335E-10 1.1611E-10 1.1914E-10 1.2222E-10 1.2534E-10 1.2828E-10 1.3125E-10 1.3450E-10 1.3778E-10 1.4111E-10 1.4425E-10 1.4742E-10 1.5063E-10 1.5406E-10 1.5753E-10 1.6104E-10 1.6439E-10 1.6796E-10 1.7156E-10 1.7520E-10
3.7970E-11 3.9314E-11 4.0692E-11 4.2020E-11 4.3470E-11 4.5027E-11 4.6624E-11 4.8259E-11 4.9778E-11 5.1495E-11 5.3254E-11 5.5054E-11 5.6736E-11 5.8620E-11 6.0548E-11 6.2519E-11 6.4370E-11 6.6426E-11 6.8361E-11 7.0506E-11 7.2697E-11 7.4764E-11 7.6870E-11 7.9192E-11 8.1560E-11 8.3974E-11 8.6261E-11 8.8590E-11 9.1182E-11 9.3823E-11 9.6511E-11 9.9028E-11 1.0180E-10 1.0441E-10 1.0728E-10 1.1020E-10 1.1295E-10 1.1573E-10 1.1879E-10 1.2189E-10 1.2503E-10 1.2800E-10 1.3100E-10 1.3427E-10 1.3759E-10 1.4095E-10 1.4413E-10 1.4734E-10 1.5077E-10 1.5425E-10 1.5776E-10 1.6112E-10 1.6452E-10 1.6814E-10 1.7179E-10 1.7548E-10 1.7901E-10
