Assets/Resources/2015_m01_d08_0000(utc+0800)_l00_csi_1hr_conc.grd
DSAA
         159         159
     -79.000      79.000
     -79.000      79.000
  0.0000E+00  0.1219E-04
[rows 25 to 49 of 159, columns 57 to 113 of 159]
7.5091E-09 7.8337E-09 8.1525E-09 8.4603E-09 8.7547E-09 9.0325E-09 9.2944E-09 9.5400E-09 9.7681E-09 9.9807E-09 1.0175E-08 1.0353E-08 1.0509E-08 1.0644E-08 1.0757E-08 1.0851E-08 1.0923E-08 1.0976E-08 1.1000E-08 1.0998E-08 1.0982E-08 1.0944E-08 1.0888E-08 1.0811E-08 1.0721E-08 1.0612E-08 1.0489E-08 1.0361E-08 1.0233E-08 1.0082E-08 9.9212E-09 9.7570E-09 9.5843E-09 9.4059E-09 9.2230E-09 9.0478E-09 8.8546E-09 8.6637E-09 8.4767E-09 8.2801E-09 8.1369E-09 7.9400E-09 7.7494E-09 7.4962E-09 7.3088E-09 7.1236E-09 6.9409E-09 6.7610E-09 6.5841E-09 6.4103E-09 6.2399E-09 6.0720E-09 5.9071E-09 5.7456E-09 5.5874E-09 5.4348E-09 5.2859E-09
7.9447E-09 8.2878E-09 8.6204E-09 8.9372E-09 9.2386E-09 9.5254E-09 9.7963E-09 1.0051E-08 1.0286E-08 1.0504E-08 1.0700E-08 1.0874E-08 1.1027E-08 1.1158E-08 1.1266E-08 1.1354E-08 1.1417E-08 1.1461E-08 1.1471E-08 1.1450E-08 1.1414E-08 1.1351E-08 1.1280E-08 1.1184E-08 1.1076E-08 1.0953E-08 1.0812E-08 1.0687E-08 1.0529E-08 1.0362E-08 1.0186E-08 1.0006E-08 9.8204E-09 9.6439E-09 9.4482E-09 9.2495E-09 9.0488E-09 8.8548E-09 8.6563E-09 8.5313E-09 8.3171E-09 8.2180E-09 7.9408E-09 7.7304E-09 7.4280E-09 7.2361E-09 7.0471E-09 6.8599E-09 6.6774E-09 6.4985E-09 6.3231E-09 6.1503E-09 5.9810E-09 5.8162E-09 5.6563E-09 5.4991E-09 5.3464E-09
8.3987E-09 8.7536E-09 9.0952E-09 9.4246E-09 9.7379E-09 1.0033E-08 1.0311E-08 1.0572E-08 1.0812E-08 1.1030E-08 1.1225E-08 1.1400E-08 1.1550E-08 1.1676E-08 1.1779E-08 1.1855E-08 1.1905E-08 1.1930E-08 1.1912E-08 1.1880E-08 1.1825E-08 1.1743E-08 1.1651E-08 1.1536E-08 1.1415E-08 1.1293E-08 1.1139E-08 1.0978E-08 1.0805E-08 1.0626E-08 1.0438E-08 1.0259E-08 1.0059E-08 9.8552E-09 9.6479E-09 9.4381E-09 9.2272E-09 9.0229E-09 8.9091E-09 8.7269E-09 8.6165E-09 8.5022E-09 8.2060E-09 7.8624E-09 7.6544E-09 7.3409E-09 7.1460E-09 6.9545E-09 6.7635E-09 6.5796E-09 6.3998E-09 6.2239E-09 6.0521E-09 5.8844E-09 5.7197E-09 5.5603E-09 5.4041E-09
8.8570E-09 9.2258E-09 9.5815E-09 9.9194E-09 1.0242E-08 1.0547E-08 1.0833E-08 1.1096E-08 1.1340E-08 1.1559E-08 1.1755E-08 1.1924E-08 1.2072E-08 1.2189E-08 1.2281E-08 1.2342E-08 1.2378E-08 1.2386E-08 1.2349E-08 1.2298E-08 1.2216E-08 1.2124E-08 1.2014E-08 1.1882E-08 1.1772E-08 1.1609E-08 1.1430E-08 1.1256E-08 1.1069E-08 1.0871E-08 1.0692E-08 1.0485E-08 1.0271E-08 1.0055E-08 9.8367E-09 9.6166E-09 9.4149E-09 9.2088E-09 9.0802E-09 8.9541E-09 8.8718E-09 8.6873E-09 8.5065E-09 8.1345E-09 7.8928E-09 7.5607E-09 7.2452E-09 7.0446E-09 6.8516E-09 6.6627E-09 6.4752E-09 6.2950E-09 6.1185E-09 5.9452E-09 5.7784E-09 5.6150E-09 5.4565E-09
9.3228E-09 9.7019E-09 1.0068E-08 1.0417E-08 1.0750E-08 1.1063E-08 1.1353E-08 1.1620E-08 1.1865E-08 1.2087E-08 1.2281E-08 1.2447E-08 1.2580E-08 1.2684E-08 1.2758E-08 1.2803E-08 1.2820E-08 1.2799E-08 1.2745E-08 1.2687E-08 1.2588E-08 1.2480E-08 1.2377E-08 1.2235E-08 1.2076E-08 1.1897E-08 1.1718E-08 1.1529E-08 1.1345E-08 1.1131E-08 1.0908E-08 1.0689E-08 1.0465E-08 1.0239E-08 1.0031E-08 9.8007E-09 9.5712E-09 9.3603E-09 9.2545E-09 9.2276E-09 9.0599E-09 8.8900E-09 8.6882E-09 8.4095E-09 8.0290E-09 7.7825E-09 7.4458E-09 7.2278E-09 6.9292E-09 6.7358E-09 6.5454E-09 6.3597E-09 6.1778E-09 6.0015E-09 5.8307E-09 5.6637E-09 5.5021E-09
9.7841E-09 1.0177E-08 1.0555E-08 1.0916E-08 1.1255E-08 1.1572E-08 1.1870E-08 1.2144E-08 1.2389E-08 1.2603E-08 1.2786E-08 1.2938E-08 1.3058E-08 1.3150E-08 1.3209E-08 1.3240E-08 1.3243E-08 1.3210E-08 1.3139E-08 1.3056E-08 1.2975E-08 1.2859E-08 1.2707E-08 1.2546E-08 1.2370E-08 1.2172E-08 1.1979E-08 1.1790E-08 1.1564E-08 1.1343E-08 1.1117E-08 1.0886E-08 1.0647E-08 1.0432E-08 1.0193E-08 9.9545E-09 9.7189E-09 9.5056E-09 9.4124E-09 9.4348E-09 9.3765E-09 9.1803E-09 8.8725E-09 8.5791E-09 8.2936E-09 7.9124E-09 7.6571E-09 7.3155E-09 7.0967E-09 6.7980E-09 6.6055E-09 6.4177E-09 6.2332E-09 6.0540E-09 5.8796E-09 5.7100E-09 5.5457E-09
1.0243E-08 1.0651E-08 1.1037E-08 1.1404E-08 1.1753E-08 1.2079E-08 1.2379E-08 1.2647E-08 1.2883E-08 1.3092E-08 1.3264E-08 1.3406E-08 1.3515E-08 1.3590E-08 1.3635E-08 1.3652E-08 1.3641E-08 1.3576E-08 1.3500E-08 1.3436E-08 1.3301E-08 1.3159E-08 1.2990E-08 1.2824E-08 1.2622E-08 1.2453E-08 1.2246E-08 1.2021E-08 1.1779E-08 1.1547E-08 1.1309E-08 1.1090E-08 1.0845E-08 1.0598E-08 1.0351E-08 1.0104E-08 9.8830E-09 9.8393E-09 9.6141E-09 9.6270E-09 9.5951E-09 9.3892E-09 9.0640E-09 8.7551E-09 8.4683E-09 8.1764E-09 7.8923E-09 7.5268E-09 7.1863E-09 6.9671E-09 6.6647E-09 6.4736E-09 6.2875E-09 6.1063E-09 5.9280E-09 5.7565E-09 5.5886E-09
1.0697E-08 1.1111E-08 1.1509E-08 1.1887E-08 1.2241E-08 1.2565E-08 1.2859E-08 1.3123E-08 1.3355E-08 1.3553E-08 1.3713E-08 1.3839E-08 1.3933E-08 1.3997E-08 1.4033E-08 1.4036E-08 1.4012E-08 1.3960E-08 1.3880E-08 1.3749E-08 1.3611E-08 1.3454E-08 1.3268E-08 1.3128E-08 1.2910E-08 1.2691E-08 1.2471E-08 1.2223E-08 1.1966E-08 1.1723E-08 1.1513E-08 1.1261E-08 1.1007E-08 1.0748E-08 1.0487E-08 1.0233E-08 1.0048E-08 9.9971E-09 9.9463E-09 9.9674E-09 9.8096E-09 9.6021E-09 9.2944E-09 8.9587E-09 8.6412E-09 8.3337E-09 8.0369E-09 7.7381E-09 7.3834E-09 7.1046E-09 6.8230E-09 6.5234E-09 6.3343E-09 6.1496E-09 5.9675E-09 5.7931E-09 5.6232E-09
1.1134E-08 1.1562E-08 1.1969E-08 1.2349E-08 1.2700E-08 1.3023E-08 1.3314E-08 1.3570E-08 1.3789E-08 1.3972E-08 1.4124E-08 1.4241E-08 1.4328E-08 1.4382E-08 1.4400E-08 1.4387E-08 1.4346E-08 1.4278E-08 1.4185E-08 1.4038E-08 1.3886E-08 1.3702E-08 1.3558E-08 1.3351E-08 1.3131E-08 1.2899E-08 1.2669E-08 1.2405E-08 1.2190E-08 1.1937E-08 1.1679E-08 1.1415E-08 1.1146E-08 1.0884E-08 1.0667E-08 1.0406E-08 1.0184E-08 1.0184E-08 1.0150E-08 1.0201E-08 1.0072E-08 9.8610E-09 9.5069E-09 9.1526E-09 8.8181E-09 8.4943E-09 8.1820E-09 7.8818E-09 7.5664E-09 7.2338E-09 6.9356E-09 6.6719E-09 6.3981E-09 6.1951E-09 6.0109E-09 5.8339E-09 5.6606E-09
1.1559E-08 1.1993E-08 1.2401E-08 1.2782E-08 1.3132E-08 1.3450E-08 1.3730E-08 1.3974E-08 1.4185E-08 1.4363E-08 1.4507E-08 1.4614E-08 1.4683E-08 1.4720E-08 1.4724E-08 1.4700E-08 1.4646E-08 1.4570E-08 1.4448E-08 1.4292E-08 1.4191E-08 1.3991E-08 1.3790E-08 1.3571E-08 1.3323E-08 1.3093E-08 1.2888E-08 1.2611E-08 1.2352E-08 1.2088E-08 1.1822E-08 1.1554E-08 1.1285E-08 1.1068E-08 1.0792E-08 1.0525E-08 1.0311E-08 1.0343E-08 1.0544E-08 1.0688E-08 1.0323E-08 1.0113E-08 9.7277E-09 9.3536E-09 9.0010E-09 8.6598E-09 8.3309E-09 8.0150E-09 7.7127E-09 7.3784E-09 7.0684E-09 6.7576E-09 6.4972E-09 6.2316E-09 6.0452E-09 5.8648E-09 5.6900E-09
1.1960E-08 1.2395E-08 1.2805E-08 1.3183E-08 1.3525E-08 1.3831E-08 1.4105E-08 1.4344E-08 1.4550E-08 1.4717E-08 1.4845E-08 1.4937E-08 1.4995E-08 1.5024E-08 1.5021E-08 1.4987E-08 1.4923E-08 1.4833E-08 1.4699E-08 1.4580E-08 1.4403E-08 1.4192E-08 1.3995E-08 1.3763E-08 1.3501E-08 1.3318E-08 1.3053E-08 1.2763E-08 1.2500E-08 1.2231E-08 1.1959E-08 1.1747E-08 1.1471E-08 1.1188E-08 1.0915E-08 1.0690E-08 1.0464E-08 1.0569E-08 1.0825E-08 1.0966E-08 1.0777E-08 1.0374E-08 9.9661E-09 9.5704E-09 9.1984E-09 8.8384E-09 8.4914E-09 8.1584E-09 7.8401E-09 7.5371E-09 7.1849E-09 6.8806E-09 6.5783E-09 6.3206E-09 6.0825E-09 5.8978E-09 5.7225E-09
1.2332E-08 1.2766E-08 1.3170E-08 1.3539E-08 1.3876E-08 1.4177E-08 1.4446E-08 1.4676E-08 1.4869E-08 1.5022E-08 1.5144E-08 1.5229E-08 1.5278E-08 1.5295E-08 1.5281E-08 1.5237E-08 1.5164E-08 1.5065E-08 1.4941E-08 1.4795E-08 1.4610E-08 1.4385E-08 1.4180E-08 1.3979E-08 1.3726E-08 1.3481E-08 1.3186E-08 1.2903E-08 1.2630E-08 1.2428E-08 1.2150E-08 1.1870E-08 1.1589E-08 1.1308E-08 1.1030E-08 1.0807E-08 1.0969E-08 1.1070E-08 1.1081E-08 1.1256E-08 1.1071E-08 1.0646E-08 1.0215E-08 9.7957E-09 9.4030E-09 9.0228E-09 8.6565E-09 8.3051E-09 7.9695E-09 7.6511E-09 7.3320E-09 6.9798E-09 6.6765E-09 6.4045E-09 6.1396E-09 5.9242E-09 5.7447E-09
1.2668E-08 1.3095E-08 1.3490E-08 1.3857E-08 1.4187E-08 1.4482E-08 1.4741E-08 1.4961E-08 1.5146E-08 1.5294E-08 1.5404E-08 1.5479E-08 1.5520E-08 1.5529E-08 1.5507E-08 1.5458E-08 1.5378E-08 1.5272E-08 1.5142E-08 1.4989E-08 1.4802E-08 1.4567E-08 1.4412E-08 1.4138E-08 1.3877E-08 1.3627E-08 1.3318E-08 1.3029E-08 1.2837E-08 1.2559E-08 1.2278E-08 1.1995E-08 1.1703E-08 1.1414E-08 1.1214E-08 1.1001E-08 1.1203E-08 1.1311E-08 1.1638E-08 1.1574E-08 1.1394E-08 1.0944E-08 1.0488E-08 1.0044E-08 9.6288E-09 9.2266E-09 8.8392E-09 8.4676E-09 8.1130E-09 7.7777E-09 7.4610E-09 7.1502E-09 6.7928E-09 6.5013E-09 6.2348E-09 5.9540E-09 5.7685E-09
1.2958E-08 1.3381E-08 1.3772E-08 1.4131E-08 1.4454E-08 1.4743E-08 1.4994E-08 1.5209E-08 1.5383E-08 1.5521E-08 1.5624E-08 1.5692E-08 1.5730E-08 1.5733E-08 1.5705E-08 1.5647E-08 1.5562E-08 1.5450E-08 1.5315E-08 1.5156E-08 1.5018E-08 1.4828E-08 1.4537E-08 1.4260E-08 1.4020E-08 1.3772E-08 1.3546E-08 1.3255E-08 1.2978E-08 1.2700E-08 1.2417E-08 1.2108E-08 1.1902E-08 1.1614E-08 1.1332E-08 1.1131E-08 1.1390E-08 1.1963E-08 1.2130E-08 1.1930E-08 1.1734E-08 1.1259E-08 1.0775E-08 1.0305E-08 9.8660E-09 9.4403E-09 9.0300E-09 8.6367E-09 8.2615E-09 7.9079E-09 7.5745E-09 7.2675E-09 6.9810E-09 6.6137E-09 6.3354E-09 6.0719E-09 5.7920E-09
1.3208E-08 1.3624E-08 1.4010E-08 1.4362E-08 1.4679E-08 1.4963E-08 1.5205E-08 1.5409E-08 1.5577E-08 1.5710E-08 1.5811E-08 1.5874E-08 1.5904E-08 1.5902E-08 1.5869E-08 1.5808E-08 1.5719E-08 1.5607E-08 1.5467E-08 1.5306E-08 1.5181E-08 1.4990E-08 1.4687E-08 1.4403E-08 1.4166E-08 1.3983E-08 1.3660E-08 1.3389E-08 1.3110E-08 1.2827E-08 1.2523E-08 1.2312E-08 1.2020E-08 1.1725E-08 1.1521E-08 1.1275E-08 1.1597E-08 1.2321E-08 1.2764E-08 1.2667E-08 1.2137E-08 1.1632E-08 1.1103E-08 1.0606E-08 1.0138E-08 9.6739E-09 9.2389E-09 8.8218E-09 8.4242E-09 8.0505E-09 7.7005E-09 7.3766E-09 7.0780E-09 6.8002E-09 6.4456E-09 6.1951E-09 5.9076E-09
1.3417E-08 1.3826E-08 1.4205E-08 1.4554E-08 1.4864E-08 1.5136E-08 1.5371E-08 1.5571E-08 1.5737E-08 1.5865E-08 1.5959E-08 1.6018E-08 1.6045E-08 1.6040E-08 1.6009E-08 1.5945E-08 1.5854E-08 1.5737E-08 1.5599E-08 1.5442E-08 1.5328E-08 1.5139E-08 1.4798E-08 1.4648E-08 1.4408E-08 1.4116E-08 1.3780E-08 1.3506E-08 1.3226E-08 1.3067E-08 1.2758E-08 1.2425E-08 1.2131E-08 1.1839E-08 1.1647E-08 1.2077E-08 1.2444E-08 1.2672E-08 1.3203E-08 1.3125E-08 1.2567E-08 1.2025E-08 1.1478E-08 1.0931E-08 1.0435E-08 9.9537E-09 9.4765E-09 9.0325E-09 8.6103E-09 8.2019E-09 7.8339E-09 7.4916E-09 7.1801E-09 6.8889E-09 6.6219E-09 6.2779E-09 6.0345E-09
1.3581E-08 1.3986E-08 1.4362E-08 1.4701E-08 1.5002E-08 1.5268E-08 1.5498E-08 1.5697E-08 1.5857E-08 1.5982E-08 1.6073E-08 1.6130E-08 1.6159E-08 1.6154E-08 1.6119E-08 1.6055E-08 1.5965E-08 1.5855E-08 1.5725E-08 1.5613E-08 1.5466E-08 1.5237E-08 1.5002E-08 1.4776E-08 1.4538E-08 1.4196E-08 1.3892E-08 1.3617E-08 1.3480E-08 1.3196E-08 1.2854E-08 1.2535E-08 1.2239E-08 1.1947E-08 1.1854E-08 1.2306E-08 1.2759E-08 1.3544E-08 1.3665E-08 1.3605E-08 1.3013E-08 1.2420E-08 1.1857E-08 1.1293E-08 1.0765E-08 1.0252E-08 9.7561E-09 9.2678E-09 8.8183E-09 8.3942E-09 7.9937E-09 7.6304E-09 7.3002E-09 6.9887E-09 6.7080E-09 6.4444E-09 6.1062E-09
1.3707E-08 1.4111E-08 1.4474E-08 1.4804E-08 1.5100E-08 1.5365E-08 1.5592E-08 1.5784E-08 1.5941E-08 1.6065E-08 1.6158E-08 1.6217E-08 1.6243E-08 1.6238E-08 1.6205E-08 1.6147E-08 1.6068E-08 1.5967E-08 1.5843E-08 1.5758E-08 1.5598E-08 1.5328E-08 1.5121E-08 1.4899E-08 1.4663E-08 1.4307E-08 1.4155E-08 1.3885E-08 1.3608E-08 1.3324E-08 1.2968E-08 1.2641E-08 1.2448E-08 1.2160E-08 1.2007E-08 1.2648E-08 1.3823E-08 1.4024E-08 1.4171E-08 1.4123E-08 1.3492E-08 1.2862E-08 1.2242E-08 1.1667E-08 1.1106E-08 1.0560E-08 1.0032E-08 9.5246E-09 9.0450E-09 8.5916E-09 8.1714E-09 7.7840E-09 7.4303E-09 7.1050E-09 6.8039E-09 6.5224E-09 6.2623E-09
1.3800E-08 1.4188E-08 1.4545E-08 1.4869E-08 1.5164E-08 1.5422E-08 1.5646E-08 1.5836E-08 1.5996E-08 1.6121E-08 1.6212E-08 1.6271E-08 1.6300E-08 1.6300E-08 1.6277E-08 1.6232E-08 1.6161E-08 1.6062E-08 1.5936E-08 1.5875E-08 1.5723E-08 1.5436E-08 1.5233E-08 1.5014E-08 1.4781E-08 1.4535E-08 1.4278E-08 1.4010E-08 1.3735E-08 1.3410E-08 1.3163E-08 1.2870E-08 1.2577E-08 1.2304E-08 1.2182E-08 1.2922E-08 1.4258E-08 1.5232E-08 1.5299E-08 1.4684E-08 1.4012E-08 1.3342E-08 1.2682E-08 1.2073E-08 1.1477E-08 1.0895E-08 1.0332E-08 9.7904E-09 9.2798E-09 8.7997E-09 8.3586E-09 7.9518E-09 7.5713E-09 7.2324E-09 6.9088E-09 6.6160E-09 6.3341E-09
1.3846E-08 1.4228E-08 1.4579E-08 1.4901E-08 1.5189E-08 1.5444E-08 1.5667E-08 1.5860E-08 1.6018E-08 1.6144E-08 1.6238E-08 1.6302E-08 1.6337E-08 1.6351E-08 1.6341E-08 1.6302E-08 1.6231E-08 1.6136E-08 1.6016E-08 1.5987E-08 1.5845E-08 1.5536E-08 1.5337E-08 1.5123E-08 1.4894E-08 1.4652E-08 1.4398E-08 1.4134E-08 1.3860E-08 1.3579E-08 1.3291E-08 1.3000E-08 1.2710E-08 1.2578E-08 1.3355E-08 1.3255E-08 1.4738E-08 1.5830E-08 1.5937E-08 1.5286E-08 1.4574E-08 1.3861E-08 1.3158E-08 1.2513E-08 1.1878E-08 1.1258E-08 1.0658E-08 1.0081E-08 9.5354E-09 9.0267E-09 8.5553E-09 8.1277E-09 7.7311E-09 7.3660E-09 7.0283E-09 6.7128E-09 6.4187E-09
1.3857E-08 1.4232E-08 1.4581E-08 1.4896E-08 1.5181E-08 1.5438E-08 1.5661E-08 1.5852E-08 1.6012E-08 1.6141E-08 1.6241E-08 1.6313E-08 1.6364E-08 1.6390E-08 1.6383E-08 1.6346E-08 1.6283E-08 1.6196E-08 1.6126E-08 1.6094E-08 1.5908E-08 1.5625E-08 1.5433E-08 1.5225E-08 1.5001E-08 1.4765E-08 1.4515E-08 1.4254E-08 1.3984E-08 1.3706E-08 1.3421E-08 1.3132E-08 1.2847E-08 1.2722E-08 1.3641E-08 1.4549E-08 1.6034E-08 1.6475E-08 1.6619E-08 1.5932E-08 1.5177E-08 1.4420E-08 1.3673E-08 1.2988E-08 1.2313E-08 1.1652E-08 1.1011E-08 1.0396E-08 9.8130E-09 9.2735E-09 8.7693E-09 8.3176E-09 7.8975E-09 7.5154E-09 7.1565E-09 6.8198E-09 6.5099E-09
1.3834E-08 1.4206E-08 1.4547E-08 1.4859E-08 1.5146E-08 1.5400E-08 1.5623E-08 1.5816E-08 1.5981E-08 1.6116E-08 1.6225E-08 1.6314E-08 1.6377E-08 1.6405E-08 1.6403E-08 1.6375E-08 1.6322E-08 1.6244E-08 1.6292E-08 1.6195E-08 1.5871E-08 1.5705E-08 1.5521E-08 1.5320E-08 1.5103E-08 1.4872E-08 1.4628E-08 1.4372E-08 1.4107E-08 1.3833E-08 1.3551E-08 1.3269E-08 1.2993E-08 1.2901E-08 1.4076E-08 1.5101E-08 1.6670E-08 1.7172E-08 1.7350E-08 1.6623E-08 1.5822E-08 1.5017E-08 1.4226E-08 1.3499E-08 1.2781E-08 1.2077E-08 1.1392E-08 1.0737E-08 1.0113E-08 9.5411E-09 9.0064E-09 8.5236E-09 8.0785E-09 7.6704E-09 7.2926E-09 6.9409E-09 6.6038E-09
1.3783E-08 1.4147E-08 1.4484E-08 1.4797E-08 1.5080E-08 1.5333E-08 1.5559E-08 1.5758E-08 1.5928E-08 1.6073E-08 1.6200E-08 1.6300E-08 1.6364E-08 1.6398E-08 1.6407E-08 1.6389E-08 1.6346E-08 1.6277E-08 1.6373E-08 1.6291E-08 1.5932E-08 1.5775E-08 1.5600E-08 1.5407E-08 1.5198E-08 1.4974E-08 1.4738E-08 1.4489E-08 1.4229E-08 1.3960E-08 1.3686E-08 1.3409E-08 1.3150E-08 1.3106E-08 1.4424E-08 1.6711E-08 1.8478E-08 1.7964E-08 1.8134E-08 1.7365E-08 1.6513E-08 1.5657E-08 1.4818E-08 1.4047E-08 1.3284E-08 1.2534E-08 1.1803E-08 1.1105E-08 1.0442E-08 9.8300E-09 9.2638E-09 8.7464E-09 8.2742E-09 7.8380E-09 7.4361E-09 7.0618E-09 6.7137E-09
1.3701E-08 1.4060E-08 1.4397E-08 1.4705E-08 1.4987E-08 1.5244E-08 1.5475E-08 1.5678E-08 1.5858E-08 1.6021E-08 1.6157E-08 1.6258E-08 1.6331E-08 1.6377E-08 1.6396E-08 1.6388E-08 1.6355E-08 1.6296E-08 1.6447E-08 1.6384E-08 1.5983E-08 1.5836E-08 1.5670E-08 1.5486E-08 1.5287E-08 1.5072E-08 1.4844E-08 1.4602E-08 1.4351E-08 1.4090E-08 1.3823E-08 1.3555E-08 1.3491E-08 1.3472E-08 1.4828E-08 1.7333E-08 1.9254E-08 1.9691E-08 1.8969E-08 1.8081E-08 1.7253E-08 1.6340E-08 1.5450E-08 1.4633E-08 1.3822E-08 1.3023E-08 1.2245E-08 1.1500E-08 1.0796E-08 1.0141E-08 9.5409E-09 8.9862E-09 8.4852E-09 8.0196E-09 7.5907E-09 7.1921E-09 6.8221E-09
1.3593E-08 1.3951E-08 1.4282E-08 1.4590E-08 1.4875E-08 1.5135E-08 1.5369E-08 1.5582E-08 1.5778E-08 1.5951E-08 1.6088E-08 1.6198E-08 1.6281E-08 1.6337E-08 1.6366E-08 1.6369E-08 1.6347E-08 1.6300E-08 1.6516E-08 1.6355E-08 1.6020E-08 1.5884E-08 1.5730E-08 1.5558E-08 1.5369E-08 1.5165E-08 1.4947E-08 1.4716E-08 1.4474E-08 1.4221E-08 1.3962E-08 1.3705E-08 1.3679E-08 1.5184E-08 1.6692E-08 1.8057E-08 2.0097E-08 2.0602E-08 1.9850E-08 1.8910E-08 1.8040E-08 1.7067E-08 1.6121E-08 1.5256E-08 1.4395E-08 1.3545E-08 1.2718E-08 1.1922E-08 1.1175E-08 1.0473E-08 9.8379E-09 9.2467E-09 8.7112E-09 8.2147E-09 7.7566E-09 7.3315E-09 6.9385E-09
