Assets/Resources/2015_m01_d06_1000(utc+0800)_l00_csi_1hr_conc.grd
DSAA
         159         159
     -79.000      79.000
     -79.000      79.000
  0.0000E+00  0.3989E-05
[rows 0 to 24 of 159, columns 57 to 113 of 159]
0.0000E+00 0.0000E+00 0.0000E+00 0.0000E+00 5.8416E-13 2.9882E-12 5.7595E-12 9.5845E-12 1.6491E-11 2.8707E-11 4.5588E-11 9.0779E-11 1.4421E-10 2.1082E-10 2.9054E-10 3.8817E-10 5.0704E-10 6.4983E-10 8.2233E-10 1.0236E-09 1.2564E-09 1.5228E-09 1.8183E-09 2.1443E-09 2.4993E-09 2.8796E-09 3.2815E-09 3.6991E-09 4.1260E-09 4.5552E-09 4.9787E-09 5.3889E-09 5.7773E-09 6.1356E-09 6.4557E-09 6.7304E-09 6.9531E-09 7.1188E-09 7.2230E-09 7.2641E-09 7.2412E-09 7.1545E-09 7.0061E-09 6.8006E-09 6.5423E-09 6.2371E-09 5.8931E-09 5.5182E-09 5.1201E-09 4.7074E-09 4.2882E-09 3.8697E-09 3.4603E-09 3.0649E-09 2.6892E-09 2.3373E-09 2.0121E-09
0.0000E+00 0.0000E+00 0.0000E+00 0.0000E+00 1.1172E-12 4.1930E-12 8.1369E-12 1.2874E-11 2.3450E-11 3.6935E-11 5.6642E-11 9.6454E-11 1.6351E-10 2.3672E-10 3.2564E-10 4.3365E-10 5.6448E-10 7.2291E-10 9.1027E-10 1.1320E-09 1.3873E-09 1.6767E-09 1.9975E-09 2.3508E-09 2.7343E-09 3.1442E-09 3.5754E-09 4.0217E-09 4.4764E-09 4.9316E-09 5.3788E-09 5.8094E-09 6.2144E-09 6.5854E-09 6.9143E-09 7.1942E-09 7.4180E-09 7.5807E-09 7.6786E-09 7.7089E-09 7.6711E-09 7.5666E-09 7.3976E-09 7.1683E-09 6.8849E-09 6.5541E-09 6.1829E-09 5.7804E-09 5.3551E-09 4.9158E-09 4.4715E-09 4.0296E-09 3.5970E-09 3.1814E-09 2.7872E-09 2.4186E-09 2.0781E-09
0.0000E+00 0.0000E+00 0.0000E+00 0.0000E+00 1.7182E-12 5.8122E-12 1.1076E-11 1.8379E-11 3.0096E-11 4.5538E-11 7.0033E-11 1.1037E-10 1.8385E-10 2.6711E-10 3.6665E-10 4.8432E-10 6.2751E-10 8.0232E-10 1.0085E-09 1.2504E-09 1.5294E-09 1.8405E-09 2.1872E-09 2.5683E-09 2.9806E-09 3.4197E-09 3.8802E-09 4.3550E-09 4.8364E-09 5.3157E-09 5.7848E-09 6.2340E-09 6.6542E-09 7.0361E-09 7.3715E-09 7.6527E-09 7.8736E-09 8.0290E-09 8.1157E-09 8.1315E-09 8.0760E-09 7.9510E-09 7.7598E-09 7.5065E-09 7.1971E-09 6.8393E-09 6.4417E-09 6.0125E-09 5.5614E-09 5.0970E-09 4.6283E-09 4.1645E-09 3.7116E-09 3.2772E-09 2.8660E-09 2.4832E-09 2.1300E-09
0.0000E+00 0.0000E+00 0.0000E+00 0.0000E+00 2.3955E-12 7.4162E-12 1.4791E-11 2.3559E-11 3.7049E-11 5.6339E-11 8.4487E-11 1.3074E-10 2.0167E-10 2.9918E-10 4.1011E-10 5.4075E-10 7.0021E-10 8.8998E-10 1.1149E-09 1.3786E-09 1.6795E-09 2.0155E-09 2.3892E-09 2.7982E-09 3.2393E-09 3.7075E-09 4.1958E-09 4.6979E-09 5.2042E-09 5.7058E-09 6.1935E-09 6.6571E-09 7.0877E-09 7.4760E-09 7.8143E-09 8.0939E-09 8.3087E-09 8.4540E-09 8.5263E-09 8.5245E-09 8.4487E-09 8.3008E-09 8.0847E-09 7.8059E-09 7.4708E-09 7.0867E-09 6.6624E-09 6.2078E-09 5.7320E-09 5.2449E-09 4.7546E-09 4.2706E-09 3.8004E-09 3.3499E-09 2.9244E-09 2.5297E-09 2.1664E-09
0.0000E+00 0.0000E+00 0.0000E+00 0.0000E+00 3.2916E-12 9.9118E-12 1.8481E-11 2.9263E-11 4.5521E-11 6.8332E-11 1.0077E-10 1.5265E-10 2.2663E-10 3.3430E-10 4.5985E-10 6.0350E-10 7.7725E-10 9.8512E-10 1.2318E-09 1.5202E-09 1.8443E-09 2.2075E-09 2.6095E-09 3.0478E-09 3.5182E-09 4.0152E-09 4.5316E-09 5.0587E-09 5.5878E-09 6.1091E-09 6.6128E-09 7.0879E-09 7.5246E-09 7.9143E-09 8.2485E-09 8.5200E-09 8.7231E-09 8.8532E-09 8.9073E-09 8.8843E-09 8.7856E-09 8.6131E-09 8.3707E-09 8.0649E-09 7.7028E-09 7.2928E-09 6.8434E-09 6.3644E-09 5.8656E-09 5.3572E-09 4.8484E-09 4.3469E-09 3.8616E-09 3.3978E-09 2.9612E-09 2.5571E-09 2.1857E-09
0.0000E+00 0.0000E+00 0.0000E+00 0.0000E+00 4.2253E-12 1.2288E-11 2.2413E-11 3.5441E-11 5.4777E-11 8.2071E-11 1.1964E-10 1.7602E-10 2.5648E-10 3.7228E-10 5.1196E-10 6.7083E-10 8.6317E-10 1.0911E-09 1.3612E-09 1.6706E-09 2.0194E-09 2.4102E-09 2.8409E-09 3.3084E-09 3.8078E-09 4.3323E-09 4.8745E-09 5.4254E-09 5.9742E-09 6.5111E-09 7.0256E-09 7.5072E-09 7.9465E-09 8.3343E-09 8.6619E-09 8.9218E-09 9.1090E-09 9.2195E-09 9.2514E-09 9.2040E-09 9.0786E-09 8.8789E-09 8.6096E-09 8.2765E-09 7.8875E-09 7.4516E-09 6.9783E-09 6.4772E-09 5.9581E-09 5.4311E-09 4.9059E-09 4.3908E-09 3.8930E-09 3.4195E-09 2.9746E-09 2.5641E-09 2.1876E-09
0.0000E+00 0.0000E+00 0.0000E+00 0.0000E+00 5.3022E-12 1.4483E-11 2.7016E-11 4.1770E-11 6.5533E-11 9.6628E-11 1.3918E-10 2.0086E-10 2.9264E-10 4.1307E-10 5.6732E-10 7.4530E-10 9.5663E-10 1.2067E-09 1.4999E-09 1.8338E-09 2.2105E-09 2.6305E-09 3.0914E-09 3.5888E-09 4.1172E-09 4.6691E-09 5.2356E-09 5.8072E-09 6.3733E-09 6.9228E-09 7.4448E-09 7.9280E-09 8.3630E-09 8.7409E-09 9.0541E-09 9.2966E-09 9.4627E-09 9.5493E-09 9.5546E-09 9.4795E-09 9.3256E-09 9.0962E-09 8.7978E-09 8.4371E-09 8.0218E-09 7.5615E-09 7.0653E-09 6.5440E-09 6.0075E-09 5.4650E-09 4.9266E-09 4.4009E-09 3.8949E-09 3.4141E-09 2.9640E-09 2.5506E-09 2.1725E-09
0.0000E+00 0.0000E+00 0.0000E+00 0.0000E+00 6.4448E-12 1.6809E-11 3.0418E-11 5.0369E-11 7.6286E-11 1.1257E-10 1.6179E-10 2.2951E-10 3.3090E-10 4.6039E-10 6.2871E-10 8.2616E-10 1.0601E-09 1.3338E-09 1.6503E-09 2.0097E-09 2.4149E-09 2.8644E-09 3.3553E-09 3.8822E-09 4.4383E-09 5.0157E-09 5.6047E-09 6.1945E-09 6.7734E-09 7.3305E-09 7.8547E-09 8.3354E-09 8.7627E-09 9.1272E-09 9.4219E-09 9.6406E-09 9.7800E-09 9.8376E-09 9.8125E-09 9.7054E-09 9.5201E-09 9.2606E-09 8.9321E-09 8.5433E-09 8.1023E-09 7.6187E-09 7.1025E-09 6.5633E-09 6.0116E-09 5.4580E-09 4.9098E-09 4.3771E-09 3.8661E-09 3.3820E-09 2.9306E-09 2.5171E-09 2.1404E-09
0.0000E+00 0.0000E+00 0.0000E+00 0.0000E+00 7.2173E-12 1.9004E-11 3.5119E-11 5.8718E-11 8.8115E-11 1.2968E-10 1.8693E-10 2.6160E-10 3.7307E-10 5.1467E-10 6.9741E-10 9.1369E-10 1.1710E-09 1.4708E-09 1.8114E-09 2.1994E-09 2.6349E-09 3.1158E-09 3.6375E-09 4.1943E-09 4.7783E-09 5.3797E-09 5.9884E-09 6.5926E-09 7.1812E-09 7.7420E-09 8.2631E-09 8.7339E-09 9.1450E-09 9.4892E-09 9.7592E-09 9.9498E-09 1.0057E-08 1.0081E-08 1.0021E-08 9.8799E-09 9.6599E-09 9.3677E-09 9.0100E-09 8.5931E-09 8.1276E-09 7.6222E-09 7.0879E-09 6.5344E-09 5.9713E-09 5.4086E-09 4.8554E-09 4.3193E-09 3.8069E-09 3.3233E-09 2.8749E-09 2.4641E-09 2.0912E-09
0.0000E+00 0.0000E+00 0.0000E+00 0.0000E+00 8.0451E-12 2.1115E-11 4.0275E-11 6.6619E-11 1.0173E-10 1.5025E-10 2.1410E-10 2.9800E-10 4.1428E-10 5.7625E-10 7.7681E-10 1.0112E-09 1.2933E-09 1.6190E-09 1.9884E-09 2.4071E-09 2.8744E-09 3.3876E-09 3.9412E-09 4.5274E-09 5.1380E-09 5.7622E-09 6.3882E-09 7.0041E-09 7.5973E-09 8.1559E-09 8.6684E-09 9.1238E-09 9.5132E-09 9.8293E-09 1.0067E-08 1.0222E-08 1.0292E-08 1.0278E-08 1.0179E-08 1.0000E-08 9.7448E-09 9.4182E-09 9.0296E-09 8.5867E-09 8.0975E-09 7.5738E-09 7.0233E-09 6.4585E-09 5.8878E-09 5.3202E-09 4.7651E-09 4.2297E-09 3.7198E-09 3.2399E-09 2.7971E-09 2.3930E-09 2.0268E-09
0.0000E+00 0.0000E+00 0.0000E+00 0.0000E+00 8.5298E-12 2.3608E-11 4.5414E-11 7.5979E-11 1.1681E-10 1.7021E-10 2.4256E-10 3.3749E-10 4.6132E-10 6.4335E-10 8.5744E-10 1.1181E-09 1.4226E-09 1.7760E-09 2.1764E-09 2.6281E-09 3.1293E-09 3.6761E-09 4.2616E-09 4.8778E-09 5.5137E-09 6.1583E-09 6.7984E-09 7.4217E-09 8.0153E-09 8.5661E-09 9.0634E-09 9.4967E-09 9.8584E-09 1.0142E-08 1.0342E-08 1.0455E-08 1.0482E-08 1.0425E-08 1.0284E-08 1.0064E-08 9.7707E-09 9.4113E-09 8.9917E-09 8.5226E-09 8.0125E-09 7.4716E-09 6.9099E-09 6.3367E-09 5.7622E-09 5.1951E-09 4.6419E-09 4.1109E-09 3.6074E-09 3.1354E-09 2.7012E-09 2.3068E-09 1.9509E-09
0.0000E+00 0.0000E+00 0.0000E+00 0.0000E+00 8.9543E-12 2.6093E-11 5.0673E-11 8.5639E-11 1.3081E-10 1.9233E-10 2.7425E-10 3.8104E-10 5.1813E-10 7.1332E-10 9.4890E-10 1.2362E-09 1.5649E-09 1.9460E-09 2.3828E-09 2.8691E-09 3.4059E-09 3.9877E-09 4.6064E-09 5.2518E-09 5.9127E-09 6.5755E-09 7.2274E-09 7.8542E-09 8.4423E-09 8.9794E-09 9.4542E-09 9.8578E-09 1.0183E-08 1.0425E-08 1.0581E-08 1.0648E-08 1.0628E-08 1.0522E-08 1.0337E-08 1.0074E-08 9.7414E-09 9.3470E-09 8.8992E-09 8.4051E-09 7.8768E-09 7.3216E-09 6.7516E-09 6.1735E-09 5.5988E-09 5.0347E-09 4.4882E-09 3.9657E-09 3.4713E-09 3.0106E-09 2.5888E-09 2.2068E-09 1.8631E-09
0.0000E+00 0.0000E+00 0.0000E+00 0.0000E+00 9.4717E-12 2.8616E-11 5.6545E-11 9.5265E-11 1.4757E-10 2.1609E-10 3.0775E-10 4.2844E-10 5.8004E-10 7.8258E-10 1.0505E-09 1.3623E-09 1.7174E-09 2.1277E-09 2.6002E-09 3.1240E-09 3.6979E-09 4.3156E-09 4.9674E-09 5.6421E-09 6.3261E-09 7.0053E-09 7.6643E-09 8.2898E-09 8.8674E-09 9.3852E-09 9.8329E-09 1.0202E-08 1.0486E-08 1.0681E-08 1.0785E-08 1.0799E-08 1.0727E-08 1.0570E-08 1.0335E-08 1.0028E-08 9.6570E-09 9.2281E-09 8.7517E-09 8.2363E-09 7.6903E-09 7.1257E-09 6.5490E-09 5.9717E-09 5.4006E-09 4.8434E-09 4.3066E-09 3.7958E-09 3.3143E-09 2.8681E-09 2.4618E-09 2.0941E-09 1.7648E-09
0.0000E+00 0.0000E+00 0.0000E+00 0.0000E+00 9.8892E-12 3.1356E-11 6.2254E-11 1.0660E-10 1.6466E-10 2.4286E-10 3.4508E-10 4.7768E-10 6.4582E-10 8.6044E-10 1.1595E-09 1.4923E-09 1.8821E-09 2.3251E-09 2.8307E-09 3.3966E-09 4.0093E-09 4.6648E-09 5.3509E-09 6.0542E-09 6.7605E-09 7.4532E-09 8.1168E-09 8.7360E-09 9.2973E-09 9.7887E-09 1.0200E-08 1.0526E-08 1.0760E-08 1.0902E-08 1.0952E-08 1.0909E-08 1.0779E-08 1.0569E-08 1.0283E-08 9.9302E-09 9.5191E-09 9.0576E-09 8.5539E-09 8.0191E-09 7.4606E-09 6.8884E-09 6.3102E-09 5.7361E-09 5.1715E-09 4.6261E-09 4.1021E-09 3.6069E-09 3.1417E-09 2.7125E-09 2.3238E-09 1.9726E-09 1.6598E-09
0.0000E+00 0.0000E+00 0.0000E+00 0.0000E+00 8.9602E-12 3.3877E-11 6.8777E-11 1.1751E-10 1.8194E-10 2.6922E-10 3.8276E-10 5.2941E-10 7.1708E-10 9.5221E-10 1.2657E-09 1.6336E-09 2.0584E-09 2.5392E-09 3.0814E-09 3.6879E-09 4.3424E-09 5.0354E-09 5.7556E-09 6.4870E-09 7.2129E-09 7.9160E-09 8.5793E-09 9.1876E-09 9.7269E-09 1.0187E-08 1.0558E-08 1.0833E-08 1.1011E-08 1.1091E-08 1.1077E-08 1.0973E-08 1.0784E-08 1.0516E-08 1.0179E-08 9.7811E-09 9.3301E-09 8.8373E-09 8.3101E-09 7.7570E-09 7.1888E-09 6.6122E-09 6.0373E-09 5.4691E-09 4.9167E-09 4.3854E-09 3.8769E-09 3.4006E-09 2.9541E-09 2.5440E-09 2.1753E-09 1.8435E-09 1.5479E-09
0.0000E+00 0.0000E+00 0.0000E+00 0.0000E+00 9.9252E-12 3.7386E-11 7.5850E-11 1.2870E-10 2.0097E-10 2.9714E-10 4.2174E-10 5.8387E-10 7.9217E-10 1.0516E-09 1.3728E-09 1.7836E-09 2.2443E-09 2.7629E-09 3.3449E-09 3.9905E-09 4.6881E-09 5.4216E-09 6.1759E-09 6.9344E-09 7.6785E-09 8.3892E-09 9.0488E-09 9.6410E-09 1.0152E-08 1.0572E-08 1.0893E-08 1.1113E-08 1.1230E-08 1.1246E-08 1.1166E-08 1.0994E-08 1.0741E-08 1.0416E-08 1.0026E-08 9.5826E-09 9.0945E-09 8.5704E-09 8.0223E-09 7.4566E-09 6.8816E-09 6.3055E-09 5.7357E-09 5.1779E-09 4.6401E-09 4.1260E-09 3.6370E-09 3.1815E-09 2.7566E-09 2.3683E-09 2.0208E-09 1.7096E-09 1.4326E-09
0.0000E+00 0.0000E+00 0.0000E+00 0.0000E+00 9.8762E-12 4.0892E-11 8.2292E-11 1.4104E-10 2.2000E-10 3.2654E-10 4.6349E-10 6.4343E-10 8.7105E-10 1.1537E-09 1.4960E-09 1.9374E-09 2.4391E-09 3.0020E-09 3.6290E-09 4.3173E-09 5.0576E-09 5.8315E-09 6.6200E-09 7.4041E-09 8.1638E-09 8.8783E-09 9.5287E-09 1.0099E-08 1.0577E-08 1.0951E-08 1.1217E-08 1.1372E-08 1.1418E-08 1.1361E-08 1.1209E-08 1.0970E-08 1.0652E-08 1.0266E-08 9.8250E-09 9.3372E-09 8.8140E-09 8.2640E-09 7.6958E-09 7.1201E-09 6.5421E-09 5.9698E-09 5.4094E-09 4.8669E-09 4.3464E-09 3.8524E-09 3.3846E-09 2.9517E-09 2.5504E-09 2.1866E-09 1.8616E-09 1.5716E-09 1.3144E-09
0.0000E+00 0.0000E+00 0.0000E+00 4.4489E-13 1.2263E-11 4.2414E-11 8.9369E-11 1.5387E-10 2.4022E-10 3.5696E-10 5.0760E-10 7.0388E-10 9.5103E-10 1.2596E-09 1.6331E-09 2.0961E-09 2.6425E-09 3.2511E-09 3.9219E-09 4.6530E-09 5.4345E-09 6.2489E-09 7.0726E-09 7.8822E-09 8.6553E-09 9.3704E-09 1.0008E-08 1.0551E-08 1.0987E-08 1.1308E-08 1.1511E-08 1.1598E-08 1.1572E-08 1.1440E-08 1.1212E-08 1.0899E-08 1.0516E-08 1.0072E-08 9.5785E-09 9.0489E-09 8.4918E-09 7.9184E-09 7.3361E-09 6.7533E-09 6.1773E-09 5.6128E-09 5.0650E-09 4.5396E-09 4.0395E-09 3.5678E-09 3.1238E-09 2.7171E-09 2.3404E-09 2.0014E-09 1.7002E-09 1.4324E-09 1.1955E-09
0.0000E+00 0.0000E+00 0.0000E+00 1.8416E-12 1.3220E-11 4.3662E-11 9.7433E-11 1.6634E-10 2.6090E-10 3.8774E-10 5.5189E-10 7.6417E-10 1.0368E-09 1.3714E-09 1.7750E-09 2.2596E-09 2.8496E-09 3.5067E-09 4.2279E-09 5.0083E-09 5.8337E-09 6.6866E-09 7.5426E-09 8.3753E-09 9.1592E-09 9.8706E-09 1.0489E-08 1.0999E-08 1.1388E-08 1.1651E-08 1.1785E-08 1.1795E-08 1.1687E-08 1.1476E-08 1.1171E-08 1.0785E-08 1.0333E-08 9.8306E-09 9.2889E-09 8.7195E-09 8.1344E-09 7.5401E-09 6.9473E-09 6.3612E-09 5.7896E-09 5.2371E-09 4.7060E-09 4.2010E-09 3.7249E-09 3.2775E-09 2.8587E-09 2.4793E-09 2.1290E-09 1.8164E-09 1.5394E-09 1.2940E-09 1.0776E-09
0.0000E+00 0.0000E+00 1.6790E-13 3.7026E-12 1.6551E-11 4.8390E-11 1.0471E-10 1.7986E-10 2.8158E-10 4.1940E-10 5.9768E-10 8.2892E-10 1.1225E-09 1.4837E-09 1.9207E-09 2.4412E-09 3.0683E-09 3.7716E-09 4.5443E-09 5.3721E-09 6.2418E-09 7.1326E-09 8.0192E-09 8.8727E-09 9.6645E-09 1.0369E-08 1.0965E-08 1.1436E-08 1.1772E-08 1.1969E-08 1.2029E-08 1.1959E-08 1.1768E-08 1.1471E-08 1.1085E-08 1.0626E-08 1.0109E-08 9.5480E-09 8.9590E-09 8.3539E-09 7.7417E-09 7.1328E-09 6.5329E-09 5.9489E-09 5.3878E-09 4.8490E-09 4.3383E-09 3.8564E-09 3.4055E-09 2.9848E-09 2.5934E-09 2.2426E-09 1.9194E-09 1.6327E-09 1.3812E-09 1.1583E-09 9.6257E-10
0.0000E+00 0.0000E+00 9.7322E-13 5.4220E-12 1.9419E-11 5.1595E-11 1.1055E-10 1.9132E-10 3.0267E-10 4.5247E-10 6.4549E-10 8.9409E-10 1.2089E-09 1.5993E-09 2.0720E-09 2.6318E-09 3.2888E-09 4.0386E-09 4.8625E-09 5.7429E-09 6.6593E-09 7.5886E-09 8.5035E-09 9.3740E-09 1.0169E-08 1.0862E-08 1.1429E-08 1.1856E-08 1.2134E-08 1.2260E-08 1.2240E-08 1.2084E-08 1.1807E-08 1.1425E-08 1.0957E-08 1.0422E-08 9.8389E-09 9.2252E-09 8.5920E-09 7.9544E-09 7.3225E-09 6.7021E-09 6.0999E-09 5.5211E-09 4.9727E-09 4.4528E-09 3.9658E-09 3.5102E-09 3.0872E-09 2.6940E-09 2.3310E-09 2.0095E-09 1.7147E-09 1.4534E-09 1.2276E-09 1.0271E-09 8.5140E-10
0.0000E+00 0.0000E+00 1.6236E-12 8.0291E-12 2.4604E-11 5.4826E-11 1.1744E-10 2.0575E-10 3.2552E-10 4.8667E-10 6.9231E-10 9.5904E-10 1.2984E-09 1.7192E-09 2.2264E-09 2.8250E-09 3.5192E-09 4.3191E-09 5.1938E-09 6.1249E-09 7.0897E-09 8.0583E-09 9.0007E-09 9.8848E-09 1.0679E-08 1.1355E-08 1.1889E-08 1.2266E-08 1.2479E-08 1.2528E-08 1.2422E-08 1.2175E-08 1.1805E-08 1.1333E-08 1.0784E-08 1.0177E-08 9.5319E-09 8.8652E-09 8.1944E-09 7.5280E-09 6.8783E-09 6.2516E-09 5.6525E-09 5.0847E-09 4.5529E-09 4.0568E-09 3.5937E-09 3.1660E-09 2.7721E-09 2.4083E-09 2.0754E-09 1.7833E-09 1.5140E-09 1.2826E-09 1.0806E-09 9.0177E-10 7.4486E-10
0.0000E+00 0.0000E+00 1.9138E-12 1.2044E-11 2.9605E-11 6.3755E-11 1.2507E-10 2.2077E-10 3.4848E-10 5.1969E-10 7.3975E-10 1.0280E-09 1.3893E-09 1.8384E-09 2.3810E-09 3.0221E-09 3.7622E-09 4.6032E-09 5.5253E-09 6.5044E-09 7.5138E-09 8.5222E-09 9.4925E-09 1.0389E-08 1.1179E-08 1.1832E-08 1.2326E-08 1.2648E-08 1.2791E-08 1.2759E-08 1.2564E-08 1.2225E-08 1.1764E-08 1.1205E-08 1.0572E-08 9.8915E-09 9.1870E-09 8.4731E-09 7.7652E-09 7.0786E-09 6.4179E-09 5.7901E-09 5.1977E-09 4.6430E-09 4.1322E-09 3.6612E-09 3.2266E-09 2.8294E-09 2.4658E-09 2.1317E-09 1.8291E-09 1.5651E-09 1.3238E-09 1.1204E-09 9.4086E-10 7.8257E-10 6.4425E-10
0.0000E+00 0.0000E+00 2.8863E-12 1.5867E-11 3.5658E-11 6.7314E-11 1.3343E-10 2.3484E-10 3.7131E-10 5.5386E-10 7.8985E-10 1.0949E-09 1.4802E-09 1.9595E-09 2.5390E-09 3.2221E-09 4.0066E-09 4.8892E-09 5.8612E-09 6.8921E-09 7.9470E-09 8.9911E-09 9.9874E-09 1.0894E-08 1.1677E-08 1.2304E-08 1.2755E-08 1.3014E-08 1.3081E-08 1.2962E-08 1.2672E-08 1.2236E-08 1.1679E-08 1.1032E-08 1.0322E-08 9.5723E-09 8.8091E-09 8.0549E-09 7.3182E-09 6.6117E-09 5.9453E-09 5.3202E-09 4.7389E-09 4.2039E-09 3.7185E-09 3.2736E-09 2.8697E-09 2.5029E-09 2.1700E-09 1.8671E-09 1.5949E-09 1.3552E-09 1.1452E-09 9.6762E-10 8.0971E-10 6.7160E-10 5.5107E-10
0.0000E+00 0.0000E+00 4.0726E-12 1.9503E-11 4.2122E-11 7.7507E-11 1.4160E-10 2.4806E-10 3.9483E-10 5.8907E-10 8.3866E-10 1.1620E-09 1.5725E-09 2.0811E-09 2.6956E-09 3.4200E-09 4.2523E-09 5.1819E-09 6.2003E-09 7.2755E-09 8.3715E-09 9.4494E-09 1.0467E-08 1.1382E-08 1.2155E-08 1.2751E-08 1.3153E-08 1.3347E-08 1.3335E-08 1.3127E-08 1.2744E-08 1.2211E-08 1.1560E-08 1.0823E-08 1.0034E-08 9.2214E-09 8.4072E-09 7.6102E-09 6.8504E-09 6.1338E-09 5.4666E-09 4.8512E-09 4.2853E-09 3.7707E-09 3.3124E-09 2.8984E-09 2.5268E-09 2.1918E-09 1.8893E-09 1.6170E-09 1.3689E-09 1.1608E-09 9.8013E-10 8.2603E-10 6.8920E-10 5.6955E-10 4.6605E-10
