Assets/Resources/2015_m01_d08_0100(utc+0800)_l00_csi_1hr_conc.grd
DSAA
         159         159
     -79.000      79.000
     -79.000      79.000
  0.0000E+00  0.1074E-04
[rows 25 to 49 of 159, columns 57 to 113 of 159]
6.4398E-09 6.6923E-09 6.9409E-09 7.1807E-09 7.4123E-09 7.6364E-09 7.8500E-09 8.0530E-09 8.2446E-09 8.4259E-09 8.5966E-09 8.7556E-09 8.9019E-09 9.0341E-09 9.1526E-09 9.2519E-09 9.3358E-09 9.4042E-09 9.4568E-09 9.4938E-09 9.5151E-09 9.5216E-09 9.5144E-09 9.4943E-09 9.4620E-09 9.4182E-09 9.3637E-09 9.3008E-09 9.2287E-09 9.1478E-09 9.0589E-09 8.9613E-09 8.8570E-09 8.7481E-09 8.6338E-09 8.5147E-09 8.3915E-09 8.2633E-09 8.1319E-09 7.9979E-09 7.8620E-09 7.7328E-09 7.5971E-09 7.4960E-09 7.3549E-09 7.2094E-09 7.1394E-09 6.9939E-09 6.8423E-09 6.6561E-09 6.5103E-09 6.3014E-09 6.1690E-09 6.0344E-09 5.9009E-09 5.7668E-09 5.6349E-09
6.6969E-09 6.9580E-09 7.2120E-09 7.4601E-09 7.6992E-09 7.9295E-09 8.1465E-09 8.3535E-09 8.5494E-09 8.7362E-09 8.9103E-09 9.0698E-09 9.2140E-09 9.3432E-09 9.4572E-09 9.5539E-09 9.6337E-09 9.6954E-09 9.7404E-09 9.7743E-09 9.7900E-09 9.7898E-09 9.7758E-09 9.7487E-09 9.7094E-09 9.6585E-09 9.5970E-09 9.5257E-09 9.4454E-09 9.3568E-09 9.2618E-09 9.1596E-09 9.0493E-09 8.9344E-09 8.8139E-09 8.6873E-09 8.5565E-09 8.4235E-09 8.2875E-09 8.1468E-09 8.0068E-09 7.8707E-09 7.7829E-09 7.6280E-09 7.5666E-09 7.4095E-09 7.2656E-09 7.1916E-09 6.9617E-09 6.8374E-09 6.6123E-09 6.4607E-09 6.3130E-09 6.1095E-09 5.9724E-09 5.8348E-09 5.7008E-09
6.9587E-09 7.2287E-09 7.4917E-09 7.7460E-09 7.9909E-09 8.2247E-09 8.4493E-09 8.6623E-09 8.8622E-09 9.0497E-09 9.2224E-09 9.3813E-09 9.5260E-09 9.6540E-09 9.7669E-09 9.8599E-09 9.9327E-09 9.9883E-09 1.0027E-08 1.0050E-08 1.0058E-08 1.0051E-08 1.0030E-08 9.9955E-09 9.9497E-09 9.8932E-09 9.8262E-09 9.7497E-09 9.6651E-09 9.5716E-09 9.4700E-09 9.3609E-09 9.2436E-09 9.1204E-09 8.9933E-09 8.8615E-09 8.7236E-09 8.5845E-09 8.4413E-09 8.2959E-09 8.1461E-09 8.0057E-09 7.9211E-09 7.7707E-09 7.7108E-09 7.6571E-09 7.4789E-09 7.3309E-09 7.1587E-09 6.9512E-09 6.7856E-09 6.6220E-09 6.3998E-09 6.2491E-09 6.0420E-09 5.9010E-09 5.7637E-09
7.2277E-09 7.5055E-09 7.7754E-09 8.0353E-09 8.2874E-09 8.5284E-09 8.7565E-09 8.9717E-09 9.1735E-09 9.3620E-09 9.5389E-09 9.7002E-09 9.8454E-09 9.9678E-09 1.0071E-08 1.0156E-08 1.0223E-08 1.0273E-08 1.0306E-08 1.0322E-08 1.0323E-08 1.0314E-08 1.0290E-08 1.0252E-08 1.0201E-08 1.0138E-08 1.0063E-08 9.9783E-09 9.8840E-09 9.7812E-09 9.6705E-09 9.5526E-09 9.4300E-09 9.3015E-09 9.1680E-09 9.0301E-09 8.8868E-09 8.7403E-09 8.5910E-09 8.4413E-09 8.2962E-09 8.1450E-09 8.0664E-09 7.9164E-09 7.8559E-09 7.8096E-09 7.6251E-09 7.5529E-09 7.3356E-09 7.1467E-09 6.8949E-09 6.7249E-09 6.5544E-09 6.3304E-09 6.1770E-09 5.9652E-09 5.8246E-09
7.5001E-09 7.7843E-09 8.0625E-09 8.3313E-09 8.5886E-09 8.8326E-09 9.0627E-09 9.2806E-09 9.4899E-09 9.6832E-09 9.8601E-09 1.0016E-08 1.0154E-08 1.0271E-08 1.0370E-08 1.0451E-08 1.0516E-08 1.0561E-08 1.0588E-08 1.0601E-08 1.0598E-08 1.0580E-08 1.0547E-08 1.0500E-08 1.0440E-08 1.0368E-08 1.0286E-08 1.0194E-08 1.0092E-08 9.9842E-09 9.8668E-09 9.7440E-09 9.6149E-09 9.4801E-09 9.3387E-09 9.1930E-09 9.0451E-09 8.8942E-09 8.7408E-09 8.5857E-09 8.4391E-09 8.2830E-09 8.2078E-09 8.1912E-09 8.0077E-09 7.9669E-09 7.8491E-09 7.7083E-09 7.5575E-09 7.2773E-09 7.0865E-09 6.8992E-09 6.6520E-09 6.4812E-09 6.2541E-09 6.0985E-09 5.8836E-09
7.7728E-09 8.0689E-09 8.3543E-09 8.6275E-09 8.8871E-09 9.1357E-09 9.3733E-09 9.5985E-09 9.8087E-09 9.9990E-09 1.0171E-08 1.0325E-08 1.0461E-08 1.0576E-08 1.0671E-08 1.0746E-08 1.0803E-08 1.0844E-08 1.0868E-08 1.0874E-08 1.0862E-08 1.0835E-08 1.0794E-08 1.0739E-08 1.0675E-08 1.0599E-08 1.0510E-08 1.0412E-08 1.0305E-08 1.0188E-08 1.0064E-08 9.9334E-09 9.7962E-09 9.6551E-09 9.5091E-09 9.3573E-09 9.2036E-09 9.0469E-09 8.8864E-09 8.7245E-09 8.5744E-09 8.4330E-09 8.3467E-09 8.3452E-09 8.1581E-09 8.1299E-09 8.0846E-09 7.8703E-09 7.7193E-09 7.4948E-09 7.2837E-09 7.0166E-09 6.8247E-09 6.5738E-09 6.4000E-09 6.1705E-09 6.0131E-09
8.0516E-09 8.3531E-09 8.6429E-09 8.9212E-09 9.1878E-09 9.4435E-09 9.6864E-09 9.9114E-09 1.0119E-08 1.0310E-08 1.0484E-08 1.0635E-08 1.0765E-08 1.0874E-08 1.0965E-08 1.1037E-08 1.1091E-08 1.1126E-08 1.1144E-08 1.1143E-08 1.1125E-08 1.1091E-08 1.1043E-08 1.0982E-08 1.0909E-08 1.0824E-08 1.0728E-08 1.0622E-08 1.0508E-08 1.0385E-08 1.0254E-08 1.0119E-08 9.9770E-09 9.8298E-09 9.6779E-09 9.5202E-09 9.3589E-09 9.1948E-09 9.0286E-09 8.8618E-09 8.7085E-09 8.6630E-09 8.4877E-09 8.5027E-09 8.5069E-09 8.2949E-09 8.2598E-09 8.0375E-09 7.8808E-09 7.6478E-09 7.4256E-09 7.2085E-09 6.9369E-09 6.7377E-09 6.4874E-09 6.3111E-09 6.1111E-09
8.3290E-09 8.6343E-09 8.9299E-09 9.2165E-09 9.4903E-09 9.7494E-09 9.9918E-09 1.0221E-08 1.0430E-08 1.0620E-08 1.0788E-08 1.0935E-08 1.1062E-08 1.1172E-08 1.1261E-08 1.1330E-08 1.1375E-08 1.1401E-08 1.1410E-08 1.1401E-08 1.1377E-08 1.1336E-08 1.1282E-08 1.1215E-08 1.1135E-08 1.1043E-08 1.0941E-08 1.0829E-08 1.0709E-08 1.0582E-08 1.0447E-08 1.0305E-08 1.0156E-08 1.0001E-08 9.8415E-09 9.6777E-09 9.5105E-09 9.3407E-09 9.1690E-09 9.0140E-09 8.8418E-09 8.8081E-09 8.6355E-09 8.6644E-09 8.6864E-09 8.4676E-09 8.4428E-09 8.2985E-09 8.0493E-09 7.8036E-09 7.5700E-09 7.3418E-09 7.1196E-09 6.8447E-09 6.6454E-09 6.4242E-09 6.2120E-09
8.6016E-09 8.9147E-09 9.2182E-09 9.5103E-09 9.7869E-09 1.0049E-08 1.0297E-08 1.0525E-08 1.0733E-08 1.0919E-08 1.1087E-08 1.1235E-08 1.1362E-08 1.1466E-08 1.1546E-08 1.1605E-08 1.1645E-08 1.1666E-08 1.1668E-08 1.1655E-08 1.1628E-08 1.1584E-08 1.1524E-08 1.1450E-08 1.1364E-08 1.1266E-08 1.1158E-08 1.1039E-08 1.0912E-08 1.0777E-08 1.0634E-08 1.0485E-08 1.0329E-08 1.0168E-08 1.0003E-08 9.8328E-09 9.6599E-09 9.4843E-09 9.3073E-09 9.1499E-09 8.9753E-09 8.9546E-09 9.0421E-09 8.8314E-09 8.8733E-09 8.6569E-09 8.6346E-09 8.4891E-09 8.2259E-09 7.9669E-09 7.7210E-09 7.4809E-09 7.2473E-09 7.0205E-09 6.7437E-09 6.5417E-09 6.2891E-09
8.8711E-09 9.1940E-09 9.5029E-09 9.7987E-09 1.0080E-08 1.0345E-08 1.0593E-08 1.0820E-08 1.1029E-08 1.1218E-08 1.1385E-08 1.1530E-08 1.1649E-08 1.1745E-08 1.1820E-08 1.1876E-08 1.1912E-08 1.1931E-08 1.1928E-08 1.1908E-08 1.1872E-08 1.1820E-08 1.1754E-08 1.1674E-08 1.1582E-08 1.1478E-08 1.1364E-08 1.1240E-08 1.1107E-08 1.0965E-08 1.0817E-08 1.0661E-08 1.0500E-08 1.0333E-08 1.0161E-08 9.9855E-09 9.8068E-09 9.6258E-09 9.4439E-09 9.2846E-09 9.1139E-09 9.1032E-09 9.2204E-09 9.0069E-09 9.0684E-09 9.1080E-09 8.8364E-09 8.6899E-09 8.4116E-09 8.1384E-09 7.8794E-09 7.6267E-09 7.3809E-09 7.1425E-09 6.8808E-09 6.6343E-09 6.4040E-09
9.1395E-09 9.4679E-09 9.7818E-09 1.0082E-08 1.0367E-08 1.0633E-08 1.0882E-08 1.1112E-08 1.1322E-08 1.1511E-08 1.1672E-08 1.1809E-08 1.1925E-08 1.2019E-08 1.2091E-08 1.2142E-08 1.2172E-08 1.2182E-08 1.2175E-08 1.2149E-08 1.2107E-08 1.2050E-08 1.1978E-08 1.1893E-08 1.1795E-08 1.1686E-08 1.1566E-08 1.1436E-08 1.1297E-08 1.1150E-08 1.0995E-08 1.0834E-08 1.0667E-08 1.0495E-08 1.0319E-08 1.0138E-08 9.9550E-09 9.7695E-09 9.5836E-09 9.4235E-09 9.4579E-09 9.2613E-09 9.4050E-09 9.2279E-09 9.2733E-09 9.3342E-09 9.0511E-09 8.9019E-09 8.6075E-09 8.3191E-09 8.0462E-09 7.7800E-09 7.5212E-09 7.2703E-09 7.0278E-09 6.7644E-09 6.5169E-09
9.4009E-09 9.7332E-09 1.0052E-08 1.0356E-08 1.0643E-08 1.0914E-08 1.1166E-08 1.1399E-08 1.1606E-08 1.1787E-08 1.1946E-08 1.2081E-08 1.2196E-08 1.2284E-08 1.2350E-08 1.2396E-08 1.2421E-08 1.2427E-08 1.2414E-08 1.2383E-08 1.2337E-08 1.2274E-08 1.2197E-08 1.2106E-08 1.2003E-08 1.1888E-08 1.1763E-08 1.1628E-08 1.1484E-08 1.1334E-08 1.1176E-08 1.1013E-08 1.0844E-08 1.0668E-08 1.0487E-08 1.0301E-08 1.0113E-08 9.9222E-09 9.7338E-09 9.5663E-09 9.6237E-09 9.4313E-09 9.6040E-09 9.7697E-09 9.4974E-09 9.5805E-09 9.4309E-09 9.1257E-09 8.8147E-09 8.5100E-09 8.2222E-09 7.9416E-09 7.6689E-09 7.4047E-09 7.1496E-09 6.9051E-09 6.6067E-09
9.6524E-09 9.9913E-09 1.0313E-08 1.0621E-08 1.0913E-08 1.1187E-08 1.1442E-08 1.1671E-08 1.1875E-08 1.2055E-08 1.2213E-08 1.2344E-08 1.2451E-08 1.2536E-08 1.2599E-08 1.2640E-08 1.2661E-08 1.2662E-08 1.2645E-08 1.2610E-08 1.2559E-08 1.2491E-08 1.2410E-08 1.2314E-08 1.2206E-08 1.2087E-08 1.1960E-08 1.1825E-08 1.1682E-08 1.1530E-08 1.1368E-08 1.1199E-08 1.1022E-08 1.0840E-08 1.0652E-08 1.0461E-08 1.0267E-08 1.0072E-08 9.9113E-09 9.7125E-09 9.7950E-09 9.8710E-09 9.8231E-09 1.0018E-08 9.7436E-09 9.8438E-09 9.7017E-09 9.3602E-09 9.0428E-09 8.7220E-09 8.4164E-09 8.1126E-09 7.8250E-09 7.5464E-09 7.2780E-09 7.0208E-09 6.7555E-09
9.8956E-09 1.0237E-08 1.0566E-08 1.0878E-08 1.1175E-08 1.1451E-08 1.1704E-08 1.1931E-08 1.2133E-08 1.2311E-08 1.2464E-08 1.2592E-08 1.2697E-08 1.2778E-08 1.2837E-08 1.2875E-08 1.2892E-08 1.2890E-08 1.2868E-08 1.2829E-08 1.2773E-08 1.2702E-08 1.2616E-08 1.2519E-08 1.2413E-08 1.2296E-08 1.2169E-08 1.2027E-08 1.1875E-08 1.1714E-08 1.1545E-08 1.1369E-08 1.1187E-08 1.1000E-08 1.0808E-08 1.0612E-08 1.0413E-08 1.0214E-08 1.0054E-08 9.8683E-09 9.9743E-09 1.0296E-08 1.0051E-08 1.0282E-08 1.0450E-08 1.0126E-08 9.9858E-09 9.6248E-09 9.2878E-09 8.9465E-09 8.6238E-09 8.3026E-09 7.9985E-09 7.7039E-09 7.4208E-09 7.1426E-09 6.8857E-09
1.0127E-08 1.0475E-08 1.0807E-08 1.1126E-08 1.1424E-08 1.1701E-08 1.1952E-08 1.2178E-08 1.2377E-08 1.2552E-08 1.2702E-08 1.2828E-08 1.2930E-08 1.3009E-08 1.3065E-08 1.3099E-08 1.3114E-08 1.3107E-08 1.3083E-08 1.3040E-08 1.2981E-08 1.2911E-08 1.2829E-08 1.2734E-08 1.2623E-08 1.2497E-08 1.2360E-08 1.2213E-08 1.2056E-08 1.1891E-08 1.1718E-08 1.1537E-08 1.1350E-08 1.1158E-08 1.0961E-08 1.0761E-08 1.0558E-08 1.0355E-08 1.0197E-08 1.0369E-08 1.0153E-08 1.0529E-08 1.0300E-08 1.0566E-08 1.0770E-08 1.0430E-08 1.0289E-08 9.9144E-09 9.5491E-09 9.1873E-09 8.8462E-09 8.5142E-09 8.1843E-09 7.8724E-09 7.5733E-09 7.2797E-09 7.0094E-09
1.0347E-08 1.0701E-08 1.1039E-08 1.1361E-08 1.1660E-08 1.1934E-08 1.2184E-08 1.2408E-08 1.2606E-08 1.2779E-08 1.2928E-08 1.3051E-08 1.3151E-08 1.3228E-08 1.3281E-08 1.3314E-08 1.3325E-08 1.3316E-08 1.3288E-08 1.3248E-08 1.3194E-08 1.3126E-08 1.3037E-08 1.2932E-08 1.2815E-08 1.2685E-08 1.2545E-08 1.2394E-08 1.2234E-08 1.2065E-08 1.1887E-08 1.1703E-08 1.1512E-08 1.1315E-08 1.1114E-08 1.0910E-08 1.0703E-08 1.0499E-08 1.0343E-08 1.0553E-08 1.0345E-08 1.0775E-08 1.1168E-08 1.0859E-08 1.1098E-08 1.0763E-08 1.0603E-08 1.0207E-08 9.8299E-09 9.4458E-09 9.0849E-09 8.7329E-09 8.3835E-09 8.0529E-09 7.7364E-09 7.4330E-09 7.1416E-09
1.0554E-08 1.0914E-08 1.1257E-08 1.1579E-08 1.1879E-08 1.2152E-08 1.2400E-08 1.2623E-08 1.2820E-08 1.2992E-08 1.3139E-08 1.3261E-08 1.3360E-08 1.3434E-08 1.3486E-08 1.3517E-08 1.3526E-08 1.3519E-08 1.3497E-08 1.3460E-08 1.3400E-08 1.3322E-08 1.3228E-08 1.3121E-08 1.3002E-08 1.2870E-08 1.2726E-08 1.2572E-08 1.2409E-08 1.2236E-08 1.2055E-08 1.1866E-08 1.1671E-08 1.1471E-08 1.1266E-08 1.1058E-08 1.0847E-08 1.0695E-08 1.0492E-08 1.0744E-08 1.0587E-08 1.1035E-08 1.1488E-08 1.1178E-08 1.1449E-08 1.1339E-08 1.0938E-08 1.0519E-08 1.0120E-08 9.7136E-09 9.3324E-09 8.9598E-09 8.5973E-09 8.2470E-09 7.9111E-09 7.5846E-09 7.2829E-09
1.0751E-08 1.1114E-08 1.1459E-08 1.1782E-08 1.2079E-08 1.2352E-08 1.2600E-08 1.2822E-08 1.3019E-08 1.3190E-08 1.3336E-08 1.3458E-08 1.3555E-08 1.3628E-08 1.3679E-08 1.3709E-08 1.3725E-08 1.3723E-08 1.3699E-08 1.3653E-08 1.3589E-08 1.3509E-08 1.3414E-08 1.3305E-08 1.3183E-08 1.3049E-08 1.2903E-08 1.2747E-08 1.2580E-08 1.2404E-08 1.2219E-08 1.2027E-08 1.1829E-08 1.1625E-08 1.1417E-08 1.1205E-08 1.0992E-08 1.0844E-08 1.0650E-08 1.0943E-08 1.1585E-08 1.1313E-08 1.1828E-08 1.1915E-08 1.1823E-08 1.1718E-08 1.1295E-08 1.0853E-08 1.0429E-08 1.0000E-08 9.5969E-09 9.2023E-09 8.8182E-09 8.4476E-09 8.0916E-09 7.7542E-09 7.4341E-09
1.0935E-08 1.1297E-08 1.1642E-08 1.1964E-08 1.2262E-08 1.2535E-08 1.2783E-08 1.3005E-08 1.3202E-08 1.3373E-08 1.3519E-08 1.3640E-08 1.3737E-08 1.3810E-08 1.3864E-08 1.3901E-08 1.3920E-08 1.3911E-08 1.3882E-08 1.3834E-08 1.3770E-08 1.3689E-08 1.3593E-08 1.3483E-08 1.3360E-08 1.3224E-08 1.3076E-08 1.2917E-08 1.2748E-08 1.2569E-08 1.2382E-08 1.2187E-08 1.1985E-08 1.1779E-08 1.1567E-08 1.1353E-08 1.1138E-08 1.0996E-08 1.0914E-08 1.1152E-08 1.1877E-08 1.1622E-08 1.2190E-08 1.2647E-08 1.2224E-08 1.2122E-08 1.1675E-08 1.1208E-08 1.0741E-08 1.0306E-08 9.8794E-09 9.4614E-09 9.0542E-09 8.6620E-09 8.2847E-09 7.9289E-09 7.5898E-09
1.1098E-08 1.1461E-08 1.1807E-08 1.2129E-08 1.2427E-08 1.2701E-08 1.2949E-08 1.3171E-08 1.3368E-08 1.3540E-08 1.3686E-08 1.3807E-08 1.3904E-08 1.3984E-08 1.4045E-08 1.4083E-08 1.4094E-08 1.4084E-08 1.4055E-08 1.4008E-08 1.3943E-08 1.3862E-08 1.3766E-08 1.3655E-08 1.3531E-08 1.3394E-08 1.3244E-08 1.3083E-08 1.2912E-08 1.2731E-08 1.2541E-08 1.2344E-08 1.2140E-08 1.1931E-08 1.1717E-08 1.1501E-08 1.1287E-08 1.1152E-08 1.1594E-08 1.1378E-08 1.2186E-08 1.2925E-08 1.2577E-08 1.3065E-08 1.2660E-08 1.2553E-08 1.2079E-08 1.1589E-08 1.1091E-08 1.0633E-08 1.0181E-08 9.7381E-09 9.3064E-09 8.8912E-09 8.4916E-09 8.1156E-09 7.7575E-09
1.1241E-08 1.1606E-08 1.1952E-08 1.2276E-08 1.2574E-08 1.2848E-08 1.3097E-08 1.3321E-08 1.3518E-08 1.3690E-08 1.3837E-08 1.3960E-08 1.4066E-08 1.4152E-08 1.4211E-08 1.4244E-08 1.4255E-08 1.4247E-08 1.4218E-08 1.4172E-08 1.4108E-08 1.4027E-08 1.3931E-08 1.3821E-08 1.3696E-08 1.3558E-08 1.3408E-08 1.3245E-08 1.3072E-08 1.2890E-08 1.2699E-08 1.2500E-08 1.2294E-08 1.2083E-08 1.1867E-08 1.1649E-08 1.1520E-08 1.1313E-08 1.1817E-08 1.1642E-08 1.2514E-08 1.3340E-08 1.2995E-08 1.3533E-08 1.3524E-08 1.3010E-08 1.2510E-08 1.1990E-08 1.1464E-08 1.0981E-08 1.0503E-08 1.0033E-08 9.5762E-09 9.1358E-09 8.7134E-09 8.3152E-09 7.9372E-09
1.1363E-08 1.1732E-08 1.2079E-08 1.2403E-08 1.2703E-08 1.2978E-08 1.3228E-08 1.3452E-08 1.3651E-08 1.3825E-08 1.3974E-08 1.4107E-08 1.4218E-08 1.4301E-08 1.4358E-08 1.4392E-08 1.4406E-08 1.4399E-08 1.4372E-08 1.4327E-08 1.4264E-08 1.4185E-08 1.4090E-08 1.3980E-08 1.3855E-08 1.3717E-08 1.3566E-08 1.3403E-08 1.3229E-08 1.3046E-08 1.2853E-08 1.2653E-08 1.2446E-08 1.2234E-08 1.2017E-08 1.1799E-08 1.1679E-08 1.1483E-08 1.2050E-08 1.3151E-08 1.2863E-08 1.3780E-08 1.3477E-08 1.4031E-08 1.4034E-08 1.3495E-08 1.2968E-08 1.2417E-08 1.1862E-08 1.1351E-08 1.0845E-08 1.0348E-08 9.8640E-09 9.3966E-09 8.9510E-09 8.5280E-09 8.1300E-09
1.1468E-08 1.1838E-08 1.2186E-08 1.2511E-08 1.2812E-08 1.3088E-08 1.3340E-08 1.3566E-08 1.3766E-08 1.3943E-08 1.4103E-08 1.4241E-08 1.4349E-08 1.4432E-08 1.4491E-08 1.4528E-08 1.4544E-08 1.4540E-08 1.4515E-08 1.4472E-08 1.4412E-08 1.4334E-08 1.4240E-08 1.4131E-08 1.4007E-08 1.3870E-08 1.3719E-08 1.3556E-08 1.3382E-08 1.3198E-08 1.3006E-08 1.2805E-08 1.2598E-08 1.2384E-08 1.2167E-08 1.1950E-08 1.1841E-08 1.1687E-08 1.2296E-08 1.3513E-08 1.3246E-08 1.4246E-08 1.5065E-08 1.4559E-08 1.4576E-08 1.4006E-08 1.3420E-08 1.2869E-08 1.2284E-08 1.1743E-08 1.1208E-08 1.0682E-08 1.0170E-08 9.6741E-09 9.2039E-09 8.7546E-09 8.3356E-09
1.1554E-08 1.1925E-08 1.2274E-08 1.2600E-08 1.2902E-08 1.3180E-08 1.3433E-08 1.3661E-08 1.3866E-08 1.4052E-08 1.4218E-08 1.4353E-08 1.4462E-08 1.4548E-08 1.4611E-08 1.4652E-08 1.4671E-08 1.4669E-08 1.4648E-08 1.4608E-08 1.4550E-08 1.4475E-08 1.4383E-08 1.4275E-08 1.4153E-08 1.4016E-08 1.3866E-08 1.3704E-08 1.3531E-08 1.3348E-08 1.3155E-08 1.2955E-08 1.2748E-08 1.2535E-08 1.2318E-08 1.2104E-08 1.2008E-08 1.2772E-08 1.2560E-08 1.3894E-08 1.3833E-08 1.4743E-08 1.5639E-08 1.5126E-08 1.5149E-08 1.4546E-08 1.3932E-08 1.3348E-08 1.2730E-08 1.2159E-08 1.1593E-08 1.1036E-08 1.0495E-08 9.9697E-09 9.4725E-09 8.9968E-09 8.5541E-09
1.1620E-08 1.1992E-08 1.2342E-08 1.2669E-08 1.2973E-08 1.3253E-08 1.3508E-08 1.3739E-08 1.3953E-08 1.4147E-08 1.4311E-08 1.4448E-08 1.4561E-08 1.4650E-08 1.4717E-08 1.4762E-08 1.4785E-08 1.4787E-08 1.4769E-08 1.4733E-08 1.4678E-08 1.4606E-08 1.4517E-08 1.4411E-08 1.4291E-08 1.4156E-08 1.4007E-08 1.3847E-08 1.3675E-08 1.3494E-08 1.3303E-08 1.3103E-08 1.2897E-08 1.2685E-08 1.2470E-08 1.2268E-08 1.2167E-08 1.2997E-08 1.2852E-08 1.4296E-08 1.5632E-08 1.5272E-08 1.6244E-08 1.6323E-08 1.5753E-08 1.5116E-08 1.4469E-08 1.3853E-08 1.3200E-08 1.2598E-08 1.2000E-08 1.1411E-08 1.0838E-08 1.0283E-08 9.7570E-09 9.2540E-09 8.7856E-09
