Assets/Resources/2015_m01_d17_0400(utc+0800)_l00_csi_1hr_conc.grd
DSAA
         159         159
     -79.000      79.000
     -79.000      79.000
  0.0000E+00  0.2094E-04
[rows 25 to 49 of 159, columns 57 to 113 of 159]
8.7040E-10 1.0012E-09 1.1472E-09 1.3080E-09 1.4847E-09 1.6761E-09 1.8836E-09 2.1082E-09 2.3518E-09 2.6069E-09 2.8770E-09 3.1651E-09 3.4706E-09 3.7898E-09 4.1182E-09 4.4563E-09 4.8014E-09 5.1508E-09 5.4995E-09 5.8480E-09 6.1936E-09 6.5275E-09 6.8494E-09 7.1604E-09 7.4527E-09 7.7199E-09 7.9607E-09 8.1721E-09 8.3517E-09 8.4962E-09 8.6017E-09 8.6661E-09 8.6873E-09 8.6640E-09 8.5959E-09 8.4830E-09 8.3265E-09 8.1279E-09 7.8895E-09 7.6146E-09 7.3066E-09 6.9701E-09 6.6100E-09 6.2299E-09 5.8357E-09 5.4336E-09 5.0269E-09 4.6213E-09 4.2207E-09 3.8292E-09 3.4502E-09 3.0886E-09 2.7467E-09 2.4267E-09 2.1296E-09 1.8564E-09 1.6074E-09
8.3290E-10 9.5866E-10 1.1003E-09 1.2549E-09 1.4254E-09 1.6108E-09 1.8134E-09 2.0305E-09 2.2675E-09 2.5161E-09 2.7831E-09 3.0644E-09 3.3674E-09 3.6807E-09 4.0065E-09 4.3443E-09 4.6894E-09 5.0390E-09 5.3931E-09 5.7476E-09 6.0956E-09 6.4391E-09 6.7770E-09 7.0993E-09 7.4036E-09 7.6876E-09 7.9499E-09 8.1841E-09 8.3863E-09 8.5521E-09 8.6793E-09 8.7654E-09 8.8080E-09 8.8054E-09 8.7566E-09 8.6613E-09 8.5200E-09 8.3340E-09 8.1057E-09 7.8381E-09 7.5354E-09 7.2012E-09 6.8401E-09 6.4578E-09 6.0581E-09 5.6467E-09 5.2284E-09 4.8108E-09 4.3972E-09 3.9934E-09 3.6024E-09 3.2273E-09 2.8715E-09 2.5376E-09 2.2281E-09 1.9433E-09 1.6832E-09
7.9335E-10 9.1511E-10 1.0499E-09 1.1984E-09 1.3631E-09 1.5420E-09 1.7368E-09 1.9464E-09 2.1769E-09 2.4215E-09 2.6804E-09 2.9585E-09 3.2525E-09 3.5654E-09 3.8897E-09 4.2259E-09 4.5718E-09 4.9254E-09 5.2831E-09 5.6399E-09 5.9994E-09 6.3568E-09 6.7038E-09 7.0401E-09 7.3649E-09 7.6718E-09 7.9551E-09 8.2111E-09 8.4365E-09 8.6275E-09 8.7805E-09 8.8925E-09 8.9599E-09 8.9807E-09 8.9532E-09 8.8769E-09 8.7516E-09 8.5790E-09 8.3609E-09 8.1005E-09 7.8012E-09 7.4670E-09 7.1036E-09 6.7155E-09 6.3076E-09 5.8868E-09 5.4575E-09 5.0253E-09 4.5967E-09 4.1762E-09 3.7691E-09 3.3797E-09 3.0093E-09 2.6604E-09 2.3362E-09 2.0381E-09 1.7658E-09
7.5238E-10 8.6921E-10 9.9750E-10 1.1404E-09 1.2977E-09 1.4688E-09 1.6561E-09 1.8585E-09 2.0816E-09 2.3199E-09 2.5731E-09 2.8425E-09 3.1333E-09 3.4405E-09 3.7635E-09 4.0995E-09 4.4466E-09 4.8013E-09 5.1608E-09 5.5282E-09 5.8973E-09 6.2620E-09 6.6243E-09 6.9809E-09 7.3241E-09 7.6503E-09 7.9562E-09 8.2380E-09 8.4910E-09 8.7101E-09 8.8911E-09 9.0300E-09 9.1233E-09 9.1685E-09 9.1636E-09 9.1074E-09 8.9997E-09 8.8418E-09 8.6351E-09 8.3822E-09 8.0871E-09 7.7540E-09 7.3865E-09 6.9905E-09 6.5732E-09 6.1393E-09 5.6962E-09 5.2507E-09 4.8067E-09 4.3695E-09 3.9452E-09 3.5378E-09 3.1516E-09 2.7884E-09 2.4491E-09 2.1365E-09 1.8513E-09
7.1114E-10 8.2143E-10 9.4353E-10 1.0805E-09 1.2297E-09 1.3933E-09 1.5731E-09 1.7662E-09 1.9812E-09 2.2121E-09 2.4591E-09 2.7239E-09 3.0072E-09 3.3093E-09 3.6289E-09 3.9670E-09 4.3126E-09 4.6678E-09 5.0351E-09 5.4079E-09 5.7829E-09 6.1633E-09 6.5424E-09 6.9138E-09 7.2761E-09 7.6259E-09 7.9582E-09 8.2673E-09 8.5476E-09 8.7950E-09 9.0047E-09 9.1737E-09 9.2963E-09 9.3688E-09 9.3886E-09 9.3543E-09 9.2655E-09 9.1224E-09 8.9264E-09 8.6805E-09 8.3874E-09 8.0520E-09 7.6812E-09 7.2783E-09 6.8502E-09 6.4038E-09 5.9452E-09 5.4816E-09 5.0204E-09 4.5677E-09 4.1262E-09 3.7007E-09 3.2966E-09 2.9167E-09 2.5634E-09 2.2347E-09 1.9343E-09
6.6850E-10 7.7294E-10 8.8934E-10 1.0185E-09 1.1601E-09 1.3173E-09 1.4869E-09 1.6708E-09 1.8792E-09 2.1012E-09 2.3449E-09 2.6009E-09 2.8774E-09 3.1739E-09 3.4911E-09 3.8273E-09 4.1726E-09 4.5323E-09 4.9021E-09 5.2803E-09 5.6697E-09 6.0623E-09 6.4547E-09 6.8459E-09 7.2319E-09 7.6065E-09 7.9644E-09 8.3019E-09 8.6156E-09 8.8968E-09 9.1400E-09 9.3402E-09 9.4917E-09 9.5917E-09 9.6370E-09 9.6255E-09 9.5565E-09 9.4296E-09 9.2459E-09 9.0079E-09 8.7175E-09 8.3796E-09 8.0000E-09 7.5849E-09 7.1429E-09 6.6821E-09 6.2077E-09 5.7274E-09 5.2466E-09 4.7727E-09 4.3132E-09 3.8705E-09 3.4477E-09 3.0486E-09 2.6787E-09 2.3363E-09 2.0211E-09
6.2579E-10 7.2403E-10 8.3379E-10 9.5575E-10 1.0898E-09 1.2383E-09 1.3991E-09 1.5747E-09 1.7743E-09 1.9874E-09 2.2249E-09 2.4748E-09 2.7448E-09 3.0368E-09 3.3511E-09 3.6824E-09 4.0259E-09 4.3854E-09 4.7577E-09 5.1460E-09 5.5420E-09 5.9453E-09 6.3552E-09 6.7661E-09 7.1722E-09 7.5719E-09 7.9607E-09 8.3301E-09 8.6729E-09 8.9838E-09 9.2574E-09 9.4878E-09 9.6699E-09 9.7990E-09 9.8712E-09 9.8838E-09 9.8354E-09 9.7250E-09 9.5536E-09 9.3227E-09 9.0358E-09 8.6977E-09 8.3142E-09 7.8921E-09 7.4370E-09 6.9581E-09 6.4649E-09 5.9663E-09 5.4678E-09 4.9760E-09 4.4952E-09 4.0332E-09 3.5941E-09 3.1791E-09 2.7914E-09 2.4354E-09 2.1102E-09
5.8306E-10 6.7558E-10 7.7816E-10 8.9262E-10 1.0193E-09 1.1586E-09 1.3102E-09 1.4761E-09 1.6677E-09 1.8733E-09 2.1033E-09 2.3465E-09 2.6118E-09 2.8997E-09 3.2077E-09 3.5346E-09 3.8770E-09 4.2357E-09 4.6142E-09 5.0061E-09 5.4111E-09 5.8298E-09 6.2553E-09 6.6851E-09 7.1195E-09 7.5480E-09 7.9624E-09 8.3599E-09 8.7339E-09 9.0788E-09 9.3886E-09 9.6547E-09 9.8726E-09 1.0035E-08 1.0136E-08 1.0175E-08 1.0147E-08 1.0052E-08 9.8897E-09 9.6625E-09 9.3741E-09 9.0309E-09 8.6386E-09 8.2066E-09 7.7402E-09 7.2480E-09 6.7371E-09 6.2165E-09 5.6941E-09 5.1819E-09 4.6814E-09 4.1989E-09 3.7395E-09 3.3076E-09 2.9055E-09 2.5335E-09 2.1948E-09
5.4072E-10 6.2733E-10 7.2264E-10 8.3011E-10 9.4826E-10 1.0789E-09 1.2221E-09 1.3773E-09 1.5614E-09 1.7597E-09 1.9816E-09 2.2177E-09 2.4804E-09 2.7606E-09 3.0629E-09 3.3872E-09 3.7314E-09 4.0944E-09 4.4759E-09 4.8756E-09 5.2949E-09 5.7270E-09 6.1753E-09 6.6337E-09 7.0919E-09 7.5473E-09 7.9945E-09 8.4311E-09 8.8468E-09 9.2342E-09 9.5830E-09 9.8866E-09 1.0139E-08 1.0333E-08 1.0464E-08 1.0527E-08 1.0519E-08 1.0439E-08 1.0287E-08 1.0065E-08 9.7756E-09 9.4255E-09 9.0199E-09 8.5677E-09 8.0790E-09 7.5651E-09 7.0339E-09 6.4922E-09 5.9460E-09 5.4049E-09 4.8793E-09 4.3745E-09 3.8934E-09 3.4413E-09 3.0199E-09 2.6305E-09 2.2771E-09
4.9889E-10 5.7938E-10 6.6786E-10 7.6834E-10 8.7781E-10 1.0000E-09 1.1336E-09 1.2809E-09 1.4547E-09 1.6451E-09 1.8609E-09 2.0880E-09 2.3489E-09 2.6221E-09 2.9197E-09 3.2446E-09 3.5848E-09 3.9477E-09 4.3328E-09 4.7414E-09 5.1692E-09 5.6226E-09 6.0904E-09 6.5673E-09 7.0513E-09 7.5419E-09 8.0303E-09 8.5049E-09 8.9574E-09 9.3792E-09 9.7638E-09 1.0104E-08 1.0393E-08 1.0621E-08 1.0783E-08 1.0871E-08 1.0883E-08 1.0817E-08 1.0672E-08 1.0452E-08 1.0161E-08 9.8060E-09 9.3924E-09 8.9284E-09 8.4220E-09 7.8825E-09 7.3221E-09 6.7552E-09 6.1870E-09 5.6240E-09 5.0707E-09 4.5407E-09 4.0402E-09 3.5685E-09 3.1311E-09 2.7271E-09 2.3567E-09
4.5776E-10 5.3227E-10 6.1408E-10 7.0714E-10 8.0857E-10 9.2280E-10 1.0464E-09 1.1838E-09 1.3493E-09 1.5324E-09 1.7432E-09 1.9626E-09 2.2167E-09 2.4860E-09 2.7829E-09 3.1002E-09 3.4396E-09 3.8038E-09 4.1938E-09 4.6086E-09 5.0561E-09 5.5221E-09 6.0066E-09 6.5108E-09 7.0321E-09 7.5585E-09 8.0798E-09 8.5886E-09 9.0820E-09 9.5509E-09 9.9833E-09 1.0370E-08 1.0698E-08 1.0962E-08 1.1153E-08 1.1266E-08 1.1296E-08 1.1242E-08 1.1102E-08 1.0880E-08 1.0579E-08 1.0208E-08 9.7766E-09 9.2936E-09 8.7693E-09 8.2115E-09 7.6277E-09 7.0271E-09 6.4253E-09 5.8376E-09 5.2642E-09 4.7089E-09 4.1818E-09 3.6932E-09 3.2365E-09 2.8176E-09 2.4354E-09
4.1740E-10 4.8590E-10 5.6168E-10 6.4758E-10 7.4110E-10 8.4671E-10 9.6105E-10 1.0898E-09 1.2486E-09 1.4228E-09 1.6275E-09 1.8399E-09 2.0902E-09 2.3569E-09 2.6459E-09 2.9602E-09 3.2982E-09 3.6640E-09 4.0583E-09 4.4900E-09 4.9444E-09 5.4250E-09 5.9370E-09 6.4745E-09 7.0239E-09 7.5816E-09 8.1470E-09 8.7078E-09 9.2534E-09 9.7667E-09 1.0241E-08 1.0665E-08 1.1030E-08 1.1326E-08 1.1545E-08 1.1682E-08 1.1729E-08 1.1687E-08 1.1554E-08 1.1333E-08 1.1029E-08 1.0646E-08 1.0194E-08 9.6826E-09 9.1257E-09 8.5373E-09 7.9282E-09 7.3048E-09 6.6741E-09 6.0486E-09 5.4485E-09 4.8742E-09 4.3253E-09 3.8099E-09 3.3380E-09 2.9018E-09 2.5068E-09
3.7824E-10 4.4102E-10 5.1051E-10 5.8959E-10 6.7562E-10 7.7298E-10 8.7825E-10 9.9827E-10 1.1492E-09 1.3148E-09 1.5148E-09 1.7267E-09 1.9689E-09 2.2272E-09 2.5133E-09 2.8239E-09 3.1620E-09 3.5287E-09 3.9367E-09 4.3712E-09 4.8375E-09 5.3453E-09 5.8824E-09 6.4437E-09 7.0331E-09 7.6398E-09 8.2528E-09 8.8568E-09 9.4429E-09 1.0004E-08 1.0528E-08 1.1002E-08 1.1411E-08 1.1746E-08 1.1996E-08 1.2154E-08 1.2214E-08 1.2175E-08 1.2038E-08 1.1809E-08 1.1491E-08 1.1093E-08 1.0624E-08 1.0091E-08 9.5058E-09 8.8782E-09 8.2279E-09 7.5709E-09 6.9157E-09 6.2667E-09 5.6302E-09 5.0279E-09 4.4612E-09 3.9259E-09 3.4302E-09 2.9805E-09 2.5705E-09
3.4063E-10 3.9781E-10 4.6156E-10 5.3327E-10 6.1237E-10 7.0189E-10 7.9847E-10 9.1033E-10 1.0520E-09 1.2113E-09 1.4078E-09 1.6139E-09 1.8531E-09 2.1066E-09 2.3839E-09 2.6939E-09 3.0306E-09 3.4071E-09 3.8153E-09 4.2580E-09 4.7492E-09 5.2749E-09 5.8375E-09 6.4411E-09 7.0740E-09 7.7185E-09 8.3763E-09 9.0336E-09 9.6831E-09 1.0307E-08 1.0888E-08 1.1410E-08 1.1862E-08 1.2231E-08 1.2510E-08 1.2688E-08 1.2763E-08 1.2729E-08 1.2588E-08 1.2344E-08 1.2001E-08 1.1571E-08 1.1067E-08 1.0499E-08 9.8827E-09 9.2268E-09 8.5410E-09 7.8401E-09 7.1449E-09 6.4700E-09 5.8140E-09 5.1773E-09 4.5837E-09 4.0331E-09 3.5181E-09 3.0501E-09 2.6290E-09
3.0494E-10 3.5683E-10 4.1417E-10 4.7979E-10 5.5199E-10 6.3327E-10 7.2185E-10 8.2492E-10 9.6029E-10 1.1156E-09 1.3047E-09 1.5046E-09 1.7457E-09 1.9925E-09 2.2637E-09 2.5711E-09 2.9108E-09 3.2880E-09 3.6994E-09 4.1624E-09 4.6663E-09 5.2169E-09 5.8190E-09 6.4586E-09 7.1305E-09 7.8294E-09 8.5465E-09 9.2693E-09 9.9744E-09 1.0651E-08 1.1283E-08 1.1855E-08 1.2351E-08 1.2758E-08 1.3065E-08 1.3263E-08 1.3347E-08 1.3315E-08 1.3167E-08 1.2908E-08 1.2548E-08 1.2089E-08 1.1546E-08 1.0927E-08 1.0262E-08 9.5610E-09 8.8435E-09 8.1124E-09 7.3782E-09 6.6607E-09 5.9780E-09 5.3253E-09 4.6989E-09 4.1252E-09 3.5995E-09 3.1110E-09 2.6780E-09
2.7183E-10 3.1765E-10 3.6977E-10 4.2896E-10 4.9426E-10 5.6820E-10 6.4881E-10 7.4299E-10 8.7458E-10 1.0203E-09 1.2057E-09 1.4042E-09 1.6412E-09 1.8874E-09 2.1520E-09 2.4552E-09 2.8015E-09 3.1752E-09 3.6005E-09 4.0680E-09 4.5950E-09 5.1845E-09 5.8211E-09 6.4993E-09 7.2263E-09 7.9845E-09 8.7610E-09 9.5420E-09 1.0313E-08 1.1051E-08 1.1749E-08 1.2385E-08 1.2936E-08 1.3386E-08 1.3722E-08 1.3936E-08 1.4020E-08 1.3975E-08 1.3803E-08 1.3513E-08 1.3115E-08 1.2620E-08 1.2039E-08 1.1383E-08 1.0668E-08 9.9144E-09 9.1415E-09 8.3705E-09 7.6065E-09 6.8530E-09 6.1266E-09 5.4480E-09 4.8087E-09 4.2054E-09 3.6631E-09 3.1670E-09 2.7146E-09
2.4129E-10 2.8184E-10 3.2804E-10 3.8096E-10 4.4009E-10 5.0658E-10 5.7971E-10 6.6566E-10 7.9005E-10 9.2896E-10 1.1150E-09 1.3061E-09 1.5421E-09 1.7866E-09 2.0511E-09 2.3585E-09 2.6967E-09 3.0776E-09 3.5076E-09 3.9880E-09 4.5483E-09 5.1671E-09 5.8394E-09 6.5758E-09 7.3594E-09 8.1791E-09 9.0234E-09 9.8781E-09 1.0726E-08 1.1547E-08 1.2315E-08 1.3012E-08 1.3615E-08 1.4108E-08 1.4476E-08 1.4707E-08 1.4796E-08 1.4742E-08 1.4544E-08 1.4205E-08 1.3751E-08 1.3194E-08 1.2550E-08 1.1839E-08 1.1077E-08 1.0274E-08 9.4521E-09 8.6234E-09 7.8141E-09 7.0328E-09 6.2752E-09 5.5552E-09 4.8959E-09 4.2797E-09 3.7073E-09 3.2009E-09 2.7354E-09
2.1228E-10 2.4860E-10 2.9039E-10 3.3672E-10 3.8899E-10 4.4894E-10 5.1504E-10 5.9468E-10 7.1074E-10 8.4826E-10 1.0291E-09 1.2120E-09 1.4489E-09 1.6913E-09 1.9516E-09 2.2585E-09 2.5950E-09 2.9870E-09 3.4215E-09 3.9322E-09 4.5144E-09 5.1654E-09 5.9032E-09 6.6943E-09 7.5343E-09 8.4253E-09 9.3478E-09 1.0286E-08 1.1220E-08 1.2120E-08 1.2969E-08 1.3736E-08 1.4401E-08 1.4927E-08 1.5323E-08 1.5563E-08 1.5645E-08 1.5571E-08 1.5343E-08 1.4969E-08 1.4463E-08 1.3841E-08 1.3120E-08 1.2333E-08 1.1498E-08 1.0637E-08 9.7604E-09 8.8823E-09 8.0182E-09 7.1888E-09 6.4045E-09 5.6567E-09 4.9589E-09 4.3282E-09 3.7413E-09 3.2116E-09 2.7428E-09
1.8538E-10 2.1792E-10 2.5507E-10 2.9638E-10 3.4321E-10 3.9556E-10 4.5412E-10 5.2654E-10 6.3634E-10 7.6717E-10 9.4413E-10 1.1273E-09 1.3606E-09 1.6007E-09 1.8692E-09 2.1646E-09 2.5120E-09 2.9019E-09 3.3548E-09 3.8906E-09 4.5015E-09 5.2074E-09 5.9891E-09 6.8437E-09 7.7622E-09 8.7441E-09 9.7621E-09 1.0801E-08 1.1835E-08 1.2837E-08 1.3778E-08 1.4627E-08 1.5358E-08 1.5947E-08 1.6362E-08 1.6612E-08 1.6679E-08 1.6563E-08 1.6273E-08 1.5827E-08 1.5243E-08 1.4544E-08 1.3748E-08 1.2870E-08 1.1952E-08 1.1009E-08 1.0063E-08 9.1304E-09 8.2170E-09 7.3365E-09 6.5051E-09 5.7328E-09 5.0077E-09 4.3468E-09 3.7525E-09 3.1993E-09 2.7247E-09
1.6076E-10 1.9011E-10 2.2243E-10 2.5880E-10 3.0090E-10 3.4722E-10 3.9918E-10 4.6378E-10 5.6395E-10 6.8900E-10 8.6556E-10 1.0395E-09 1.2712E-09 1.5094E-09 1.7771E-09 2.0719E-09 2.4228E-09 2.8214E-09 3.3013E-09 3.8594E-09 4.5207E-09 5.2714E-09 6.1137E-09 7.0499E-09 8.0659E-09 9.1462E-09 1.0278E-08 1.1429E-08 1.2575E-08 1.3675E-08 1.4717E-08 1.5656E-08 1.6460E-08 1.7102E-08 1.7559E-08 1.7816E-08 1.7866E-08 1.7712E-08 1.7361E-08 1.6829E-08 1.6143E-08 1.5333E-08 1.4432E-08 1.3464E-08 1.2446E-08 1.1411E-08 1.0380E-08 9.3722E-09 8.3999E-09 7.4714E-09 6.5917E-09 5.7802E-09 5.0337E-09 4.3444E-09 3.7342E-09 3.1824E-09 2.6902E-09
1.3647E-10 1.6382E-10 1.9246E-10 2.2496E-10 2.6163E-10 3.0263E-10 3.4928E-10 4.0710E-10 4.9830E-10 6.1588E-10 7.8426E-10 9.5245E-10 1.1859E-09 1.4263E-09 1.6898E-09 1.9946E-09 2.3433E-09 2.7658E-09 3.2600E-09 3.8574E-09 4.5619E-09 5.3703E-09 6.2884E-09 7.3149E-09 8.4401E-09 9.6506E-09 1.0913E-08 1.2206E-08 1.3497E-08 1.4749E-08 1.5905E-08 1.6949E-08 1.7833E-08 1.8525E-08 1.8999E-08 1.9242E-08 1.9249E-08 1.9027E-08 1.8578E-08 1.7954E-08 1.7160E-08 1.6227E-08 1.5196E-08 1.4100E-08 1.2974E-08 1.1834E-08 1.0707E-08 9.6114E-09 8.5661E-09 7.5792E-09 6.6574E-09 5.7968E-09 5.0226E-09 4.3175E-09 3.6820E-09 3.1312E-09 2.6270E-09
1.1230E-10 1.3803E-10 1.6355E-10 1.9374E-10 2.2585E-10 2.6195E-10 3.0315E-10 3.5478E-10 4.3782E-10 5.4576E-10 7.0306E-10 8.6801E-10 1.0979E-09 1.3410E-09 1.5912E-09 1.8972E-09 2.2626E-09 2.7011E-09 3.2254E-09 3.8772E-09 4.6268E-09 5.4994E-09 6.5134E-09 7.6584E-09 8.9190E-09 1.0271E-08 1.1696E-08 1.3153E-08 1.4609E-08 1.6015E-08 1.7326E-08 1.8493E-08 1.9469E-08 2.0221E-08 2.0720E-08 2.0948E-08 2.0900E-08 2.0586E-08 2.0031E-08 1.9265E-08 1.8327E-08 1.7251E-08 1.6067E-08 1.4819E-08 1.3545E-08 1.2279E-08 1.1041E-08 9.8478E-09 8.7223E-09 7.6672E-09 6.6915E-09 5.7983E-09 4.9826E-09 4.2656E-09 3.6144E-09 3.0547E-09 2.5563E-09
9.3153E-11 1.1237E-10 1.3698E-10 1.6372E-10 1.9194E-10 2.2491E-10 2.6089E-10 3.0603E-10 3.8447E-10 4.7998E-10 6.2612E-10 7.8551E-10 1.0116E-09 1.2542E-09 1.5027E-09 1.8128E-09 2.1931E-09 2.6426E-09 3.2197E-09 3.9003E-09 4.7125E-09 5.6831E-09 6.8089E-09 8.0900E-09 9.5061E-09 1.1035E-08 1.2647E-08 1.4305E-08 1.5961E-08 1.7559E-08 1.9043E-08 2.0348E-08 2.1426E-08 2.2233E-08 2.2719E-08 2.2917E-08 2.2801E-08 2.2384E-08 2.1692E-08 2.0761E-08 1.9638E-08 1.8373E-08 1.7015E-08 1.5598E-08 1.4161E-08 1.2745E-08 1.1377E-08 1.0075E-08 8.8535E-09 7.7240E-09 6.6908E-09 5.7593E-09 4.9192E-09 4.1774E-09 3.5253E-09 2.9490E-09 2.4607E-09
7.5820E-11 9.1733E-11 1.1139E-10 1.3486E-10 1.6187E-10 1.9011E-10 2.2182E-10 2.6007E-10 3.3123E-10 4.1801E-10 5.5455E-10 7.0257E-10 9.1697E-10 1.1552E-09 1.4066E-09 1.7198E-09 2.1077E-09 2.5936E-09 3.2011E-09 3.9412E-09 4.8465E-09 5.9129E-09 7.1634E-09 8.6073E-09 1.0214E-08 1.1963E-08 1.3814E-08 1.5716E-08 1.7602E-08 1.9417E-08 2.1091E-08 2.2557E-08 2.3751E-08 2.4615E-08 2.5124E-08 2.5261E-08 2.5035E-08 2.4470E-08 2.3603E-08 2.2474E-08 2.1134E-08 1.9644E-08 1.8061E-08 1.6439E-08 1.4817E-08 1.3230E-08 1.1712E-08 1.0285E-08 8.9640E-09 7.7568E-09 6.6663E-09 5.6884E-09 4.8265E-09 4.0573E-09 3.4017E-09 2.8218E-09 2.3420E-09
4.5317E-11 7.3316E-11 9.1285E-11 1.1053E-10 1.3214E-10 1.5794E-10 1.8636E-10 2.1764E-10 2.8137E-10 3.5944E-10 4.8599E-10 6.2285E-10 8.2502E-10 1.0569E-09 1.3071E-09 1.6322E-09 2.0431E-09 2.5637E-09 3.2055E-09 4.0117E-09 4.9939E-09 6.1868E-09 7.6181E-09 9.2525E-09 1.1084E-08 1.3082E-08 1.5202E-08 1.7379E-08 1.9541E-08 2.1607E-08 2.3498E-08 2.5141E-08 2.6458E-08 2.7391E-08 2.7898E-08 2.7966E-08 2.7608E-08 2.6854E-08 2.5758E-08 2.4380E-08 2.2788E-08 2.1037E-08 1.9200E-08 1.7334E-08 1.5495E-08 1.3720E-08 1.2039E-08 1.0477E-08 9.0454E-09 7.7561E-09 6.6046E-09 5.5839E-09 4.6955E-09 3.9181E-09 3.2556E-09 2.6854E-09 2.2055E-09
