Assets/Resources/2015_m01_d18_1200(utc+0800)_l00_csi_1hr_conc.grd
DSAA
         159         159
     -79.000      79.000
     -79.000      79.000
  0.0000E+00  0.6444E-06
[rows 100 to 124 of 159, columns 57 to 113 of 159]
1.3246E-12 1.3978E-12 1.4743E-12 1.5542E-12 1.6376E-12 1.7245E-12 1.8150E-12 1.9093E-12 2.0074E-12 2.1095E-12 2.2156E-12 2.3258E-12 2.4401E-12 2.5588E-12 2.6817E-12 2.8092E-12 2.9411E-12 3.0775E-12 3.2186E-12 3.3644E-12 3.5150E-12 3.6703E-12 3.8305E-12 3.9955E-12 4.1654E-12 4.3403E-12 4.5202E-12 4.7049E-12 4.8947E-12 5.0894E-12 5.2891E-12 5.4937E-12 5.7031E-12 5.9175E-12 6.1366E-12 6.3605E-12 6.5891E-12 6.8222E-12 7.0599E-12 7.3021E-12 7.5485E-12 7.7991E-12 8.0538E-12 9.4717E-12 1.7677E-10 5.9291E-10 1.2114E-09 2.1557E-09 3.4919E-09 5.2756E-09 7.4003E-09 9.7585E-09 1.2137E-08 1.4345E-08 1.6198E-08 1.7537E-08 1.8322E-08
1.3469E-12 1.4214E-12 1.4992E-12 1.5804E-12 1.6652E-12 1.7536E-12 1.8456E-12 1.9415E-12 2.0413E-12 2.1451E-12 2.2530E-12 2.3650E-12 2.4813E-12 2.6019E-12 2.7270E-12 2.8566E-12 2.9907E-12 3.1295E-12 3.2730E-12 3.4212E-12 3.5743E-12 3.7322E-12 3.8951E-12 4.0630E-12 4.2358E-12 4.4136E-12 4.5964E-12 4.7844E-12 4.9773E-12 5.1753E-12 5.3783E-12 5.5864E-12 5.7994E-12 6.0173E-12 6.2402E-12 6.4679E-12 6.7003E-12 6.9374E-12 7.1791E-12 7.4253E-12 7.6759E-12 7.9307E-12 8.1897E-12 8.4526E-12 8.7194E-12 1.6376E-10 5.5825E-10 1.1448E-09 2.0176E-09 3.2660E-09 4.9008E-09 6.8889E-09 9.0968E-09 1.1376E-08 1.3511E-08 1.5361E-08 1.6780E-08
1.3689E-12 1.4446E-12 1.5237E-12 1.6063E-12 1.6924E-12 1.7822E-12 1.8758E-12 1.9733E-12 2.0747E-12 2.1801E-12 2.2898E-12 2.4037E-12 2.5218E-12 2.6445E-12 2.7716E-12 2.9032E-12 3.0396E-12 3.1806E-12 3.3264E-12 3.4771E-12 3.6327E-12 3.7932E-12 3.9588E-12 4.1293E-12 4.3050E-12 4.4857E-12 4.6716E-12 4.8625E-12 5.0587E-12 5.2599E-12 5.4662E-12 5.6777E-12 5.8942E-12 6.1157E-12 6.3422E-12 6.5735E-12 6.8098E-12 7.0508E-12 7.2964E-12 7.5467E-12 7.8013E-12 8.0603E-12 8.3235E-12 8.5908E-12 8.8619E-12 9.1367E-12 1.7095E-10 5.3651E-10 1.0989E-09 1.9140E-09 3.0825E-09 4.6077E-09 6.4671E-09 8.5432E-09 1.0702E-08 1.2788E-08 1.4618E-08
1.3906E-12 1.4675E-12 1.5478E-12 1.6316E-12 1.7191E-12 1.8104E-12 1.9054E-12 2.0044E-12 2.1075E-12 2.2146E-12 2.3260E-12 2.4416E-12 2.5617E-12 2.6862E-12 2.8154E-12 2.9491E-12 3.0876E-12 3.2309E-12 3.3790E-12 3.5321E-12 3.6901E-12 3.8532E-12 4.0213E-12 4.1946E-12 4.3730E-12 4.5566E-12 4.7454E-12 4.9394E-12 5.1386E-12 5.3430E-12 5.5526E-12 5.7674E-12 5.9873E-12 6.2123E-12 6.4424E-12 6.6774E-12 6.9174E-12 7.1622E-12 7.4117E-12 7.6659E-12 7.9246E-12 8.1877E-12 8.4551E-12 8.7266E-12 9.0020E-12 9.2812E-12 9.5639E-12 1.7399E-10 5.2020E-10 1.0583E-09 1.8346E-09 2.9330E-09 4.3724E-09 6.1118E-09 8.0770E-09 1.0128E-08 1.2152E-08
1.4118E-12 1.4899E-12 1.5714E-12 1.6566E-12 1.7454E-12 1.8380E-12 1.9345E-12 2.0350E-12 2.1396E-12 2.2484E-12 2.3615E-12 2.4789E-12 2.6008E-12 2.7272E-12 2.8583E-12 2.9941E-12 3.1347E-12 3.2802E-12 3.4306E-12 3.5860E-12 3.7464E-12 3.9120E-12 4.0827E-12 4.2586E-12 4.4398E-12 4.6261E-12 4.8178E-12 5.0148E-12 5.2170E-12 5.4246E-12 5.6374E-12 5.8555E-12 6.0787E-12 6.3072E-12 6.5408E-12 6.7794E-12 7.0230E-12 7.2716E-12 7.5249E-12 7.7830E-12 8.0456E-12 8.3127E-12 8.5842E-12 8.8598E-12 9.1394E-12 9.4228E-12 9.7100E-12 2.1316E-11 1.9359E-10 5.2898E-10 1.0356E-09 1.7766E-09 2.8113E-09 4.1718E-09 5.8122E-09 7.6837E-09 9.6681E-09
1.4326E-12 1.5118E-12 1.5946E-12 1.6809E-12 1.7711E-12 1.8651E-12 1.9630E-12 2.0650E-12 2.1711E-12 2.2815E-12 2.3962E-12 2.5154E-12 2.6391E-12 2.7674E-12 2.9004E-12 3.0382E-12 3.1809E-12 3.3285E-12 3.4811E-12 3.6388E-12 3.8016E-12 3.9696E-12 4.1428E-12 4.3213E-12 4.5052E-12 4.6943E-12 4.8888E-12 5.0886E-12 5.2939E-12 5.5045E-12 5.7204E-12 5.9417E-12 6.1682E-12 6.4001E-12 6.6371E-12 6.8792E-12 7.1265E-12 7.3787E-12 7.6357E-12 7.8976E-12 8.1641E-12 8.4352E-12 8.7106E-12 8.9903E-12 9.2740E-12 9.5617E-12 9.8530E-12 1.0148E-11 3.6025E-11 1.9943E-10 5.4526E-10 1.0262E-09 1.7422E-09 2.7332E-09 4.0172E-09 5.5875E-09 7.3682E-09
1.4529E-12 1.5332E-12 1.6172E-12 1.7048E-12 1.7962E-12 1.8915E-12 1.9909E-12 2.0943E-12 2.2019E-12 2.3139E-12 2.4302E-12 2.5511E-12 2.6766E-12 2.8067E-12 2.9416E-12 3.0813E-12 3.2260E-12 3.3757E-12 3.5305E-12 3.6904E-12 3.8556E-12 4.0259E-12 4.2016E-12 4.3827E-12 4.5691E-12 4.7609E-12 4.9582E-12 5.1609E-12 5.3690E-12 5.5826E-12 5.8016E-12 6.0260E-12 6.2558E-12 6.4909E-12 6.7313E-12 6.9769E-12 7.2276E-12 7.4834E-12 7.7441E-12 8.0097E-12 8.2800E-12 8.5549E-12 8.8342E-12 9.1179E-12 9.4056E-12 9.6974E-12 9.9929E-12 1.0292E-11 1.0594E-11 4.7924E-11 2.1770E-10 5.5706E-10 1.0274E-09 1.7154E-09 2.6720E-09 3.9029E-09 5.4184E-09
1.4727E-12 1.5542E-12 1.6393E-12 1.7281E-12 1.8207E-12 1.9174E-12 2.0180E-12 2.1229E-12 2.2320E-12 2.3455E-12 2.4634E-12 2.5859E-12 2.7131E-12 2.8450E-12 2.9818E-12 3.1234E-12 3.2701E-12 3.4218E-12 3.5787E-12 3.7408E-12 3.9082E-12 4.0809E-12 4.2590E-12 4.4425E-12 4.6315E-12 4.8259E-12 5.0259E-12 5.2313E-12 5.4423E-12 5.6588E-12 5.8808E-12 6.1083E-12 6.3412E-12 6.5795E-12 6.8232E-12 7.0722E-12 7.3263E-12 7.5856E-12 7.8499E-12 8.1191E-12 8.3931E-12 8.6717E-12 8.9549E-12 9.2424E-12 9.5341E-12 9.8298E-12 1.0129E-11 1.0432E-11 1.0739E-11 1.1049E-11 6.4809E-11 2.3541E-10 5.6549E-10 1.0336E-09 1.7062E-09 2.6359E-09 3.8479E-09
1.4921E-12 1.5746E-12 1.6608E-12 1.7507E-12 1.8446E-12 1.9425E-12 2.0445E-12 2.1507E-12 2.2613E-12 2.3762E-12 2.4957E-12 2.6199E-12 2.7487E-12 2.8823E-12 3.0209E-12 3.1644E-12 3.3130E-12 3.4667E-12 3.6257E-12 3.7899E-12 3.9595E-12 4.1345E-12 4.3149E-12 4.5008E-12 4.6923E-12 4.8892E-12 5.0918E-12 5.3000E-12 5.5137E-12 5.7331E-12 5.9580E-12 6.1884E-12 6.4244E-12 6.6659E-12 6.9127E-12 7.1649E-12 7.4224E-12 7.6851E-12 7.9529E-12 8.2256E-12 8.5032E-12 8.7855E-12 9.0724E-12 9.3637E-12 9.6592E-12 9.9588E-12 1.0262E-11 1.0569E-11 1.0880E-11 1.1194E-11 1.1510E-11 7.7749E-11 2.6012E-10 5.8962E-10 1.0517E-09 1.7225E-09 2.6367E-09
1.5108E-12 1.5944E-12 1.6817E-12 1.7728E-12 1.8678E-12 1.9670E-12 2.0702E-12 2.1778E-12 2.2897E-12 2.4061E-12 2.5271E-12 2.6528E-12 2.7833E-12 2.9186E-12 3.0589E-12 3.2042E-12 3.3547E-12 3.5103E-12 3.6713E-12 3.8376E-12 4.0093E-12 4.1865E-12 4.3692E-12 4.5574E-12 4.7513E-12 4.9508E-12 5.1559E-12 5.3667E-12 5.5831E-12 5.8052E-12 6.0330E-12 6.2663E-12 6.5053E-12 6.7498E-12 6.9997E-12 7.2551E-12 7.5158E-12 7.7818E-12 8.0530E-12 8.3291E-12 8.6102E-12 8.8961E-12 9.1866E-12 9.4815E-12 9.7808E-12 1.0084E-11 1.0391E-11 1.0702E-11 1.1017E-11 1.1334E-11 1.1655E-11 1.1979E-11 9.6234E-11 2.9092E-10 6.1933E-10 1.0871E-09 1.7611E-09
1.5290E-12 1.6136E-12 1.7019E-12 1.7941E-12 1.8903E-12 1.9906E-12 2.0952E-12 2.2040E-12 2.3173E-12 2.4351E-12 2.5576E-12 2.6848E-12 2.8168E-12 2.9538E-12 3.0957E-12 3.2428E-12 3.3951E-12 3.5526E-12 3.7155E-12 3.8838E-12 4.0576E-12 4.2369E-12 4.4218E-12 4.6123E-12 4.8085E-12 5.0104E-12 5.2180E-12 5.4313E-12 5.6504E-12 5.8752E-12 6.1056E-12 6.3418E-12 6.5836E-12 6.8311E-12 7.0841E-12 7.3425E-12 7.6064E-12 7.8756E-12 8.1500E-12 8.4295E-12 8.7140E-12 9.0033E-12 9.2973E-12 9.5958E-12 9.8986E-12 1.0206E-11 1.0517E-11 1.0831E-11 1.1150E-11 1.1471E-11 1.1796E-11 1.2123E-11 1.2453E-11 1.1598E-10 3.2588E-10 6.5941E-10 1.1405E-09
1.5466E-12 1.6321E-12 1.7215E-12 1.8148E-12 1.9121E-12 2.0136E-12 2.1193E-12 2.2294E-12 2.3440E-12 2.4632E-12 2.5870E-12 2.7157E-12 2.8492E-12 2.9878E-12 3.1314E-12 3.2801E-12 3.4342E-12 3.5935E-12 3.7583E-12 3.9285E-12 4.1043E-12 4.2857E-12 4.4727E-12 4.6654E-12 4.8639E-12 5.0681E-12 5.2781E-12 5.4938E-12 5.7154E-12 5.9428E-12 6.1759E-12 6.4148E-12 6.6594E-12 6.9098E-12 7.1656E-12 7.4271E-12 7.6940E-12 7.9663E-12 8.2438E-12 8.5266E-12 8.8143E-12 9.1069E-12 9.4043E-12 9.7063E-12 1.0013E-11 1.0323E-11 1.0638E-11 1.0956E-11 1.1278E-11 1.1603E-11 1.1931E-11 1.2263E-11 1.2596E-11 2.2411E-11 1.3819E-10 3.6460E-10 7.0984E-10
1.5636E-12 1.6501E-12 1.7404E-12 1.8347E-12 1.9331E-12 2.0357E-12 2.1426E-12 2.2539E-12 2.3697E-12 2.4902E-12 2.6154E-12 2.7455E-12 2.8805E-12 3.0206E-12 3.1657E-12 3.3161E-12 3.4719E-12 3.6330E-12 3.7995E-12 3.9717E-12 4.1494E-12 4.3327E-12 4.5218E-12 4.7166E-12 4.9173E-12 5.1237E-12 5.3360E-12 5.5542E-12 5.7782E-12 6.0080E-12 6.2438E-12 6.4853E-12 6.7326E-12 6.9856E-12 7.2443E-12 7.5086E-12 7.7784E-12 8.0537E-12 8.3343E-12 8.6201E-12 8.9111E-12 9.2069E-12 9.5076E-12 9.8128E-12 1.0123E-11 1.0436E-11 1.0755E-11 1.1076E-11 1.1402E-11 1.1731E-11 1.2062E-11 1.2397E-11 1.2734E-11 1.3074E-11 3.5612E-11 1.6771E-10 4.0951E-10
1.5799E-12 1.6673E-12 1.7586E-12 1.8538E-12 1.9533E-12 2.0569E-12 2.1649E-12 2.2774E-12 2.3945E-12 2.5162E-12 2.6427E-12 2.7742E-12 2.9106E-12 3.0521E-12 3.1988E-12 3.3508E-12 3.5081E-12 3.6709E-12 3.8392E-12 4.0131E-12 4.1927E-12 4.3780E-12 4.5690E-12 4.7659E-12 4.9686E-12 5.1772E-12 5.3917E-12 5.6122E-12 5.8385E-12 6.0708E-12 6.3089E-12 6.5530E-12 6.8029E-12 7.0585E-12 7.3199E-12 7.5870E-12 7.8597E-12 8.1378E-12 8.4214E-12 8.7102E-12 9.0041E-12 9.3031E-12 9.6069E-12 9.9153E-12 1.0228E-11 1.0546E-11 1.0867E-11 1.1192E-11 1.1521E-11 1.1853E-11 1.2188E-11 1.2527E-11 1.2867E-11 1.3210E-11 1.5209E-11 5.4733E-11 1.9809E-10
1.5956E-12 1.6838E-12 1.7760E-12 1.8722E-12 1.9726E-12 2.0773E-12 2.1864E-12 2.3000E-12 2.4182E-12 2.5411E-12 2.6689E-12 2.8016E-12 2.9394E-12 3.0823E-12 3.2305E-12 3.3840E-12 3.5429E-12 3.7073E-12 3.8773E-12 4.0529E-12 4.2342E-12 4.4214E-12 4.6143E-12 4.8131E-12 5.0178E-12 5.2285E-12 5.4452E-12 5.6678E-12 5.8964E-12 6.1309E-12 6.3715E-12 6.6179E-12 6.8703E-12 7.1285E-12 7.3925E-12 7.6622E-12 7.9376E-12 8.2185E-12 8.5048E-12 8.7965E-12 9.0934E-12 9.3953E-12 9.7021E-12 1.0014E-11 1.0330E-11 1.0650E-11 1.0975E-11 1.1303E-11 1.1635E-11 1.1971E-11 1.2309E-11 1.2651E-11 1.2995E-11 1.3341E-11 1.3690E-11 1.8532E-11 7.4616E-11
1.6105E-12 1.6996E-12 1.7926E-12 1.8898E-12 1.9911E-12 2.0968E-12 2.2069E-12 2.3215E-12 2.4408E-12 2.5649E-12 2.6939E-12 2.8279E-12 2.9670E-12 3.1112E-12 3.2608E-12 3.4157E-12 3.5761E-12 3.7420E-12 3.9136E-12 4.0909E-12 4.2739E-12 4.4628E-12 4.6576E-12 4.8582E-12 5.0649E-12 5.2776E-12 5.4962E-12 5.7209E-12 5.9516E-12 6.1884E-12 6.4312E-12 6.6800E-12 6.9347E-12 7.1953E-12 7.4618E-12 7.7341E-12 8.0120E-12 8.2955E-12 8.5846E-12 8.8790E-12 9.1786E-12 9.4834E-12 9.7930E-12 1.0107E-11 1.0426E-11 1.0750E-11 1.1077E-11 1.1409E-11 1.1744E-11 1.2083E-11 1.2425E-11 1.2769E-11 1.3117E-11 1.3467E-11 1.3818E-11 1.4162E-11 2.2904E-11
1.6248E-12 1.7146E-12 1.8085E-12 1.9065E-12 2.0087E-12 2.1153E-12 2.2264E-12 2.3420E-12 2.4624E-12 2.5876E-12 2.7177E-12 2.8529E-12 2.9932E-12 3.1387E-12 3.2896E-12 3.4459E-12 3.6077E-12 3.7751E-12 3.9482E-12 4.1270E-12 4.3117E-12 4.5022E-12 4.6987E-12 4.9012E-12 5.1097E-12 5.3242E-12 5.5448E-12 5.7715E-12 6.0043E-12 6.2431E-12 6.4880E-12 6.7390E-12 6.9960E-12 7.2589E-12 7.5278E-12 7.8024E-12 8.0828E-12 8.3689E-12 8.6605E-12 8.9575E-12 9.2598E-12 9.5672E-12 9.8796E-12 1.0197E-11 1.0519E-11 1.0845E-11 1.1175E-11 1.1510E-11 1.1848E-11 1.2190E-11 1.2535E-11 1.2882E-11 1.3233E-11 1.3586E-11 1.3940E-11 1.4278E-11 1.4759E-11
1.6382E-12 1.7288E-12 1.8235E-12 1.9223E-12 2.0254E-12 2.1328E-12 2.2449E-12 2.3615E-12 2.4829E-12 2.6091E-12 2.7403E-12 2.8766E-12 3.0180E-12 3.1648E-12 3.3169E-12 3.4745E-12 3.6377E-12 3.8065E-12 3.9810E-12 4.1613E-12 4.3475E-12 4.5396E-12 4.7378E-12 4.9419E-12 5.1521E-12 5.3684E-12 5.5909E-12 5.8194E-12 6.0541E-12 6.2950E-12 6.5419E-12 6.7950E-12 7.0541E-12 7.3192E-12 7.5903E-12 7.8672E-12 8.1500E-12 8.4384E-12 8.7324E-12 9.0319E-12 9.3367E-12 9.6467E-12 9.9617E-12 1.0282E-11 1.0606E-11 1.0935E-11 1.1268E-11 1.1605E-11 1.1946E-11 1.2291E-11 1.2639E-11 1.2989E-11 1.3343E-11 1.3698E-11 1.4052E-11 1.4387E-11 1.5011E-11
1.6510E-12 1.7423E-12 1.8376E-12 1.9372E-12 2.0411E-12 2.1494E-12 2.2623E-12 2.3798E-12 2.5022E-12 2.6294E-12 2.7616E-12 2.8989E-12 3.0415E-12 3.1894E-12 3.3427E-12 3.5015E-12 3.6659E-12 3.8360E-12 4.0119E-12 4.1937E-12 4.3813E-12 4.5749E-12 4.7746E-12 4.9803E-12 5.1922E-12 5.4102E-12 5.6343E-12 5.8647E-12 6.1012E-12 6.3439E-12 6.5928E-12 6.8478E-12 7.1090E-12 7.3761E-12 7.6493E-12 7.9284E-12 8.2133E-12 8.5040E-12 8.8003E-12 9.1021E-12 9.4093E-12 9.7217E-12 1.0039E-11 1.0361E-11 1.0689E-11 1.1020E-11 1.1356E-11 1.1696E-11 1.2039E-11 1.2386E-11 1.2737E-11 1.3090E-11 1.3446E-11 1.3805E-11 1.4155E-11 1.4488E-11 1.5258E-11
1.6629E-12 1.7549E-12 1.8509E-12 1.9512E-12 2.0559E-12 2.1650E-12 2.2787E-12 2.3971E-12 2.5203E-12 2.6484E-12 2.7816E-12 2.9199E-12 3.0635E-12 3.2125E-12 3.3669E-12 3.5269E-12 3.6925E-12 3.8638E-12 4.0410E-12 4.2240E-12 4.4130E-12 4.6081E-12 4.8092E-12 5.0164E-12 5.2297E-12 5.4493E-12 5.6751E-12 5.9071E-12 6.1454E-12 6.3898E-12 6.6405E-12 6.8974E-12 7.1604E-12 7.4295E-12 7.7047E-12 7.9858E-12 8.2728E-12 8.5656E-12 8.8640E-12 9.1681E-12 9.4774E-12 9.7921E-12 1.0112E-11 1.0437E-11 1.0766E-11 1.1100E-11 1.1438E-11 1.1780E-11 1.2126E-11 1.2476E-11 1.2829E-11 1.3185E-11 1.3544E-11 1.3905E-11 1.4248E-11 1.4674E-11 1.5589E-11
1.6741E-12 1.7666E-12 1.8634E-12 1.9643E-12 2.0697E-12 2.1795E-12 2.2940E-12 2.4131E-12 2.5372E-12 2.6662E-12 2.8002E-12 2.9395E-12 3.0841E-12 3.2340E-12 3.3895E-12 3.5505E-12 3.7172E-12 3.8897E-12 4.0681E-12 4.2524E-12 4.4426E-12 4.6390E-12 4.8414E-12 5.0500E-12 5.2648E-12 5.4859E-12 5.7132E-12 5.9467E-12 6.1866E-12 6.4327E-12 6.6851E-12 6.9437E-12 7.2085E-12 7.4794E-12 7.7564E-12 8.0394E-12 8.3283E-12 8.6231E-12 8.9235E-12 9.2296E-12 9.5410E-12 9.8578E-12 1.0180E-11 1.0507E-11 1.0838E-11 1.1174E-11 1.1515E-11 1.1859E-11 1.2208E-11 1.2560E-11 1.2915E-11 1.3274E-11 1.3635E-11 1.3994E-11 1.4334E-11 1.4853E-11 1.6000E-11
1.6844E-12 1.7776E-12 1.8749E-12 1.9765E-12 2.0824E-12 2.1930E-12 2.3081E-12 2.4280E-12 2.5528E-12 2.6826E-12 2.8175E-12 2.9576E-12 3.1031E-12 3.2540E-12 3.4104E-12 3.5724E-12 3.7402E-12 3.9137E-12 4.0932E-12 4.2786E-12 4.4701E-12 4.6676E-12 4.8713E-12 5.0812E-12 5.2973E-12 5.5198E-12 5.7484E-12 5.9835E-12 6.2248E-12 6.4725E-12 6.7264E-12 6.9866E-12 7.2530E-12 7.5256E-12 7.8043E-12 8.0890E-12 8.3797E-12 8.6763E-12 8.9786E-12 9.2865E-12 9.5999E-12 9.9187E-12 1.0243E-11 1.0571E-11 1.0905E-11 1.1243E-11 1.1586E-11 1.1933E-11 1.2283E-11 1.2637E-11 1.2995E-11 1.3356E-11 1.3719E-11 1.4074E-11 1.4413E-11 1.5017E-11 1.6386E-11
1.6939E-12 1.7876E-12 1.8854E-12 1.9876E-12 2.0942E-12 2.2053E-12 2.3211E-12 2.4417E-12 2.5672E-12 2.6978E-12 2.8334E-12 2.9743E-12 3.1206E-12 3.2723E-12 3.4296E-12 3.5926E-12 3.7613E-12 3.9358E-12 4.1163E-12 4.3028E-12 4.4953E-12 4.6939E-12 4.8988E-12 5.1099E-12 5.3272E-12 5.5509E-12 5.7809E-12 6.0172E-12 6.2599E-12 6.5090E-12 6.7643E-12 7.0260E-12 7.2939E-12 7.5681E-12 7.8483E-12 8.1347E-12 8.4271E-12 8.7253E-12 9.0293E-12 9.3390E-12 9.6541E-12 9.9747E-12 1.0300E-11 1.0631E-11 1.0967E-11 1.1307E-11 1.1651E-11 1.2000E-11 1.2353E-11 1.2709E-11 1.3068E-11 1.3431E-11 1.3796E-11 1.4144E-11 1.4484E-11 1.5164E-11 1.6737E-11
1.7026E-12 1.7967E-12 1.8951E-12 1.9978E-12 2.1049E-12 2.2166E-12 2.3330E-12 2.4542E-12 2.5804E-12 2.7115E-12 2.8479E-12 2.9895E-12 3.1366E-12 3.2891E-12 3.4471E-12 3.6109E-12 3.7805E-12 3.9559E-12 4.1373E-12 4.3247E-12 4.5183E-12 4.7179E-12 4.9238E-12 5.1360E-12 5.3545E-12 5.5793E-12 5.8104E-12 6.0480E-12 6.2919E-12 6.5422E-12 6.7989E-12 7.0619E-12 7.3312E-12 7.6067E-12 7.8884E-12 8.1763E-12 8.4701E-12 8.7699E-12 9.0754E-12 9.3867E-12 9.7035E-12 1.0026E-11 1.0353E-11 1.0685E-11 1.1023E-11 1.1365E-11 1.1711E-11 1.2061E-11 1.2416E-11 1.2774E-11 1.3135E-11 1.3500E-11 1.3862E-11 1.4207E-11 1.4547E-11 1.5291E-11 1.7015E-11
1.7103E-12 1.8049E-12 1.9037E-12 2.0069E-12 2.1145E-12 2.2267E-12 2.3437E-12 2.4654E-12 2.5922E-12 2.7240E-12 2.8609E-12 3.0032E-12 3.1509E-12 3.3041E-12 3.4629E-12 3.6275E-12 3.7978E-12 3.9741E-12 4.1563E-12 4.3445E-12 4.5390E-12 4.7395E-12 4.9464E-12 5.1595E-12 5.3790E-12 5.6048E-12 5.8370E-12 6.0757E-12 6.3207E-12 6.5722E-12 6.8300E-12 7.0942E-12 7.3648E-12 7.6416E-12 7.9246E-12 8.2137E-12 8.5089E-12 8.8100E-12 9.1170E-12 9.4297E-12 9.7479E-12 1.0072E-11 1.0400E-11 1.0734E-11 1.1073E-11 1.1417E-11 1.1765E-11 1.2117E-11 1.2473E-11 1.2832E-11 1.3195E-11 1.3562E-11 1.3919E-11 1.4263E-11 1.4603E-11 1.5415E-11 1.7279E-11
