Assets/Resources/2015_m01_d22_1100(utc+0800)_l00_csi_1hr_conc.grd
DSAA
         159         159
     -79.000      79.000
     -79.000      79.000
  0.0000E+00  0.6798E-05
[rows 0 to 24 of 159, columns 57 to 113 of 159]
0.0000E+00 0.0000E+00 0.0000E+00 0.0000E+00 0.0000E+00 0.0000E+00 6.4874E-13 2.4872E-12 4.6840E-12 7.4587E-12 1.1025E-11 1.5762E-11 1.9888E-11 2.6010E-11 3.2979E-11 3.9541E-11 4.8223E-11 5.5669E-11 6.5063E-11 7.5122E-11 8.7824E-11 9.7391E-11 1.1057E-10 1.2437E-10 1.3799E-10 1.5110E-10 1.6671E-10 1.8509E-10 1.9944E-10 2.1664E-10 2.3373E-10 2.5280E-10 2.7398E-10 2.9321E-10 3.1286E-10 3.3584E-10 3.5572E-10 3.7790E-10 4.0164E-10 4.2428E-10 4.4965E-10 4.7499E-10 4.9961E-10 5.2355E-10 5.4813E-10 5.7323E-10 6.0101E-10 6.2704E-10 6.5262E-10 6.7830E-10 7.0334E-10 7.3002E-10 7.5633E-10 7.8229E-10 8.0763E-10 8.3290E-10 8.5754E-10
0.0000E+00 0.0000E+00 0.0000E+00 0.0000E+00 0.0000E+00 0.0000E+00 8.8024E-13 2.7883E-12 5.2022E-12 8.4563E-12 1.3078E-11 1.6906E-11 2.3636E-11 2.9384E-11 3.5943E-11 4.5111E-11 5.2506E-11 6.1290E-11 7.3236E-11 8.3215E-11 9.5451E-11 1.0857E-10 1.2178E-10 1.3480E-10 1.5058E-10 1.6679E-10 1.8337E-10 1.9830E-10 2.1608E-10 2.3434E-10 2.5501E-10 2.7527E-10 2.9365E-10 3.1633E-10 3.3817E-10 3.6009E-10 3.8406E-10 4.0868E-10 4.3314E-10 4.5789E-10 4.8324E-10 5.0846E-10 5.3378E-10 5.6171E-10 5.8881E-10 6.1614E-10 6.4288E-10 6.7065E-10 6.9693E-10 7.2399E-10 7.5339E-10 7.8037E-10 8.0674E-10 8.3300E-10 8.5915E-10 8.8505E-10 9.1062E-10
0.0000E+00 0.0000E+00 0.0000E+00 0.0000E+00 0.0000E+00 0.0000E+00 1.1160E-12 3.1594E-12 5.7192E-12 1.0314E-11 1.4262E-11 2.0514E-11 2.5921E-11 3.2669E-11 4.1925E-11 4.9778E-11 5.7804E-11 7.0128E-11 8.0115E-11 9.1896E-11 1.0510E-10 1.1921E-10 1.3224E-10 1.4863E-10 1.6451E-10 1.8163E-10 1.9733E-10 2.1584E-10 2.3612E-10 2.5467E-10 2.7480E-10 2.9528E-10 3.1803E-10 3.4219E-10 3.6469E-10 3.8945E-10 4.1454E-10 4.3924E-10 4.6607E-10 4.9331E-10 5.1864E-10 5.4781E-10 5.7713E-10 6.0540E-10 6.3321E-10 6.6059E-10 6.8890E-10 7.1949E-10 7.4870E-10 7.7662E-10 8.0448E-10 8.3225E-10 8.5996E-10 8.8752E-10 9.1484E-10 9.4177E-10 9.6843E-10
0.0000E+00 0.0000E+00 0.0000E+00 0.0000E+00 0.0000E+00 0.0000E+00 1.2431E-12 3.5368E-12 7.4746E-12 1.1125E-11 1.6713E-11 2.2721E-11 2.8854E-11 3.8369E-11 4.6191E-11 5.5797E-11 6.6340E-11 7.6822E-11 8.9935E-11 1.0236E-10 1.1620E-10 1.3029E-10 1.4831E-10 1.6242E-10 1.7943E-10 1.9580E-10 2.1671E-10 2.3518E-10 2.5379E-10 2.7581E-10 2.9665E-10 3.2157E-10 3.4444E-10 3.6776E-10 3.9341E-10 4.1866E-10 4.4594E-10 4.7429E-10 5.0305E-10 5.3148E-10 5.6030E-10 5.8953E-10 6.1802E-10 6.4711E-10 6.7791E-10 7.1017E-10 7.3998E-10 7.6957E-10 7.9908E-10 8.2830E-10 8.5756E-10 8.8753E-10 9.1644E-10 9.4501E-10 9.7342E-10 1.0006E-09 1.0283E-09
0.0000E+00 0.0000E+00 0.0000E+00 0.0000E+00 0.0000E+00 0.0000E+00 1.4845E-12 4.9727E-12 8.4857E-12 1.2787E-11 1.9213E-11 2.4994E-11 3.3880E-11 4.2361E-11 5.1985E-11 6.2945E-11 7.3387E-11 8.6425E-11 9.9418E-11 1.1398E-10 1.2795E-10 1.4525E-10 1.5993E-10 1.7771E-10 1.9609E-10 2.1534E-10 2.3370E-10 2.5376E-10 2.7631E-10 2.9858E-10 3.2187E-10 3.4572E-10 3.7062E-10 3.9876E-10 4.2525E-10 4.5233E-10 4.8144E-10 5.1104E-10 5.4072E-10 5.7085E-10 6.0181E-10 6.3201E-10 6.6518E-10 6.9630E-10 7.2841E-10 7.5940E-10 7.9054E-10 8.2166E-10 8.5273E-10 8.8369E-10 9.1445E-10 9.4492E-10 9.7520E-10 1.0053E-09 1.0350E-09 1.0641E-09 1.0926E-09
0.0000E+00 0.0000E+00 0.0000E+00 0.0000E+00 0.0000E+00 0.0000E+00 2.1636E-12 5.8623E-12 9.9771E-12 1.6074E-11 2.1885E-11 3.0446E-11 3.8047E-11 4.7534E-11 5.8603E-11 6.9048E-11 8.2318E-11 9.5811E-11 1.0847E-10 1.2642E-10 1.4089E-10 1.5794E-10 1.7415E-10 1.9402E-10 2.1222E-10 2.3208E-10 2.5187E-10 2.7720E-10 2.9779E-10 3.2254E-10 3.4717E-10 3.7383E-10 4.0291E-10 4.2934E-10 4.5744E-10 4.8882E-10 5.1875E-10 5.5097E-10 5.8441E-10 6.1588E-10 6.4881E-10 6.8186E-10 7.1538E-10 7.4771E-10 7.8038E-10 8.1318E-10 8.4592E-10 8.7960E-10 9.1226E-10 9.4464E-10 9.7673E-10 1.0087E-09 1.0403E-09 1.0716E-09 1.1022E-09 1.1326E-09 1.1624E-09
0.0000E+00 0.0000E+00 0.0000E+00 0.0000E+00 0.0000E+00 4.5747E-13 3.7493E-12 7.3644E-12 1.3309E-11 1.8186E-11 2.6777E-11 3.4447E-11 4.4379E-11 5.4479E-11 6.5027E-11 7.8380E-11 9.2508E-11 1.0438E-10 1.2248E-10 1.3660E-10 1.5427E-10 1.7221E-10 1.9131E-10 2.0899E-10 2.3066E-10 2.5271E-10 2.7554E-10 2.9756E-10 3.2242E-10 3.5044E-10 3.7720E-10 4.0525E-10 4.3268E-10 4.6353E-10 4.9543E-10 5.2726E-10 5.6008E-10 5.9424E-10 6.2792E-10 6.6224E-10 6.9763E-10 7.3174E-10 7.6662E-10 8.0094E-10 8.3634E-10 8.7090E-10 9.0555E-10 9.4014E-10 9.7444E-10 1.0086E-09 1.0425E-09 1.0758E-09 1.1087E-09 1.1412E-09 1.1732E-09 1.2045E-09 1.2350E-09
0.0000E+00 0.0000E+00 0.0000E+00 0.0000E+00 0.0000E+00 1.2383E-12 4.1006E-12 9.5018E-12 1.4015E-11 2.2655E-11 3.0108E-11 3.9347E-11 5.1067E-11 6.0760E-11 7.4539E-11 8.6772E-11 1.0195E-10 1.1865E-10 1.3396E-10 1.5044E-10 1.6866E-10 1.8797E-10 2.0562E-10 2.3041E-10 2.5030E-10 2.7434E-10 2.9656E-10 3.2368E-10 3.5125E-10 3.7768E-10 4.0694E-10 4.3648E-10 4.6881E-10 5.0130E-10 5.3406E-10 5.6894E-10 6.0435E-10 6.4031E-10 6.7755E-10 7.1544E-10 7.5098E-10 7.8679E-10 8.2288E-10 8.5914E-10 8.9576E-10 9.3243E-10 9.6897E-10 1.0054E-09 1.0417E-09 1.0776E-09 1.1129E-09 1.1478E-09 1.1823E-09 1.2162E-09 1.2493E-09 1.2819E-09 1.3138E-09
0.0000E+00 0.0000E+00 0.0000E+00 1.6687E-14 1.2012E-12 1.7942E-12 7.0244E-12 1.1018E-11 1.8754E-11 2.5829E-11 3.4501E-11 4.5674E-11 5.4845E-11 6.8598E-11 8.2145E-11 9.7326E-11 1.1280E-10 1.2972E-10 1.4637E-10 1.6538E-10 1.8455E-10 2.0285E-10 2.2727E-10 2.4837E-10 2.7234E-10 2.9559E-10 3.2372E-10 3.5054E-10 3.7817E-10 4.0906E-10 4.4036E-10 4.7293E-10 5.0599E-10 5.4012E-10 5.7602E-10 6.1387E-10 6.5241E-10 6.9043E-10 7.2936E-10 7.6732E-10 8.0504E-10 8.4307E-10 8.8145E-10 9.1997E-10 9.5878E-10 9.9738E-10 1.0360E-09 1.0746E-09 1.1127E-09 1.1502E-09 1.1873E-09 1.2238E-09 1.2595E-09 1.2946E-09 1.3290E-09 1.3629E-09 1.3959E-09
0.0000E+00 0.0000E+00 0.0000E+00 0.0000E+00 1.7353E-12 3.3103E-12 8.4449E-12 1.4107E-11 2.2242E-11 3.0685E-11 4.0357E-11 5.0674E-11 6.4465E-11 7.6976E-11 9.0056E-11 1.0776E-10 1.2467E-10 1.4247E-10 1.6093E-10 1.7836E-10 2.0189E-10 2.2327E-10 2.4558E-10 2.6876E-10 2.9580E-10 3.2108E-10 3.4973E-10 3.7762E-10 4.1153E-10 4.4175E-10 4.7513E-10 5.0986E-10 5.4563E-10 5.8537E-10 6.2329E-10 6.6247E-10 7.0351E-10 7.4320E-10 7.8367E-10 8.2421E-10 8.6466E-10 9.0524E-10 9.4593E-10 9.8664E-10 1.0274E-09 1.0683E-09 1.1090E-09 1.1493E-09 1.1892E-09 1.2288E-09 1.2676E-09 1.3057E-09 1.3431E-09 1.3799E-09 1.4157E-09 1.4505E-09 1.4842E-09
0.0000E+00 0.0000E+00 0.0000E+00 1.2536E-12 1.8547E-12 5.3152E-12 1.0368E-11 1.8467E-11 2.5439E-11 3.6105E-11 4.5927E-11 5.8959E-11 7.1862E-11 8.5712E-11 1.0278E-10 1.1805E-10 1.3766E-10 1.5634E-10 1.7349E-10 1.9666E-10 2.1810E-10 2.4154E-10 2.6561E-10 2.9307E-10 3.1840E-10 3.4807E-10 3.7850E-10 4.1106E-10 4.4307E-10 4.7797E-10 5.1356E-10 5.5247E-10 5.9201E-10 6.3046E-10 6.7201E-10 7.1468E-10 7.5651E-10 7.9914E-10 8.4232E-10 8.8550E-10 9.2855E-10 9.7130E-10 1.0143E-09 1.0574E-09 1.1006E-09 1.1435E-09 1.1863E-09 1.2287E-09 1.2707E-09 1.3118E-09 1.3522E-09 1.3921E-09 1.4312E-09 1.4692E-09 1.5059E-09 1.5416E-09 1.5760E-09
0.0000E+00 0.0000E+00 4.6990E-13 1.7830E-12 4.4747E-12 6.6459E-12 1.3289E-11 2.0658E-11 3.0392E-11 3.9895E-11 5.3012E-11 6.5507E-11 7.9281E-11 9.6130E-11 1.1271E-10 1.3286E-10 1.4931E-10 1.6916E-10 1.9202E-10 2.1330E-10 2.3742E-10 2.6266E-10 2.8972E-10 3.1567E-10 3.4685E-10 3.7685E-10 4.1080E-10 4.4406E-10 4.7994E-10 5.1841E-10 5.5703E-10 5.9783E-10 6.3836E-10 6.8137E-10 7.2530E-10 7.6908E-10 8.1377E-10 8.5916E-10 9.0507E-10 9.5112E-10 9.9693E-10 1.0424E-09 1.0879E-09 1.1335E-09 1.1789E-09 1.2241E-09 1.2692E-09 1.3137E-09 1.3574E-09 1.4007E-09 1.4434E-09 1.4851E-09 1.5256E-09 1.5646E-09 1.6022E-09 1.6387E-09 1.6741E-09
0.0000E+00 0.0000E+00 1.2704E-12 2.3711E-12 5.3151E-12 1.0518E-11 1.6347E-11 2.6472E-11 3.5041E-11 4.7096E-11 5.9338E-11 7.2940E-11 8.8949E-11 1.0618E-10 1.2481E-10 1.4354E-10 1.6433E-10 1.8567E-10 2.0840E-10 2.3310E-10 2.5854E-10 2.8576E-10 3.1211E-10 3.4489E-10 3.7548E-10 4.0941E-10 4.4407E-10 4.8247E-10 5.2166E-10 5.6125E-10 6.0412E-10 6.4589E-10 6.9057E-10 7.3626E-10 7.8256E-10 8.2958E-10 8.7735E-10 9.2597E-10 9.7522E-10 1.0243E-09 1.0729E-09 1.1212E-09 1.1694E-09 1.2175E-09 1.2657E-09 1.3133E-09 1.3603E-09 1.4071E-09 1.4532E-09 1.4985E-09 1.5427E-09 1.5855E-09 1.6271E-09 1.6675E-09 1.7063E-09 1.7436E-09 1.7795E-09
0.0000E+00 1.2124E-12 1.8138E-12 4.5797E-12 7.4346E-12 1.3137E-11 2.0483E-11 3.0474E-11 4.0312E-11 5.3819E-11 6.6478E-11 8.2028E-11 9.9219E-11 1.1892E-10 1.3738E-10 1.5655E-10 1.7900E-10 2.0261E-10 2.2759E-10 2.5335E-10 2.7881E-10 3.0831E-10 3.4024E-10 3.7365E-10 4.0752E-10 4.4553E-10 4.8346E-10 5.2501E-10 5.6583E-10 6.1067E-10 6.5398E-10 7.0020E-10 7.4791E-10 7.9577E-10 8.4530E-10 8.9555E-10 9.4659E-10 9.9865E-10 1.0512E-09 1.1032E-09 1.1548E-09 1.2059E-09 1.2566E-09 1.3070E-09 1.3570E-09 1.4071E-09 1.4571E-09 1.5062E-09 1.5544E-09 1.6013E-09 1.6469E-09 1.6916E-09 1.7347E-09 1.7759E-09 1.8153E-09 1.8534E-09 1.8901E-09
0.0000E+00 1.2866E-12 3.9449E-12 5.3382E-12 1.0843E-11 1.5090E-11 2.5116E-11 3.4681E-11 4.7783E-11 5.9123E-11 7.5440E-11 9.1669E-11 1.1171E-10 1.2968E-10 1.5020E-10 1.7309E-10 1.9418E-10 2.2134E-10 2.4726E-10 2.7296E-10 3.0479E-10 3.3603E-10 3.7069E-10 4.0483E-10 4.4531E-10 4.8402E-10 5.2780E-10 5.7007E-10 6.1595E-10 6.6075E-10 7.0885E-10 7.5832E-10 8.0833E-10 8.5928E-10 9.1246E-10 9.6647E-10 1.0213E-09 1.0766E-09 1.1325E-09 1.1885E-09 1.2437E-09 1.2979E-09 1.3513E-09 1.4044E-09 1.4572E-09 1.5098E-09 1.5616E-09 1.6123E-09 1.6623E-09 1.7111E-09 1.7585E-09 1.8043E-09 1.8486E-09 1.8911E-09 1.9314E-09 1.9701E-09 2.0071E-09
1.2204E-12 1.8268E-12 4.6396E-12 8.2724E-12 1.2808E-11 2.0484E-11 2.8570E-11 4.0321E-11 5.2478E-11 6.7406E-11 8.2731E-11 1.0241E-10 1.2138E-10 1.4282E-10 1.6570E-10 1.8767E-10 2.1485E-10 2.3888E-10 2.6759E-10 2.9963E-10 3.3188E-10 3.6782E-10 4.0484E-10 4.4402E-10 4.8420E-10 5.2810E-10 5.7227E-10 6.1982E-10 6.6764E-10 7.1839E-10 7.6987E-10 8.2195E-10 8.7566E-10 9.3039E-10 9.8727E-10 1.0451E-09 1.1035E-09 1.1625E-09 1.2218E-09 1.2812E-09 1.3395E-09 1.3970E-09 1.4535E-09 1.5096E-09 1.5655E-09 1.6209E-09 1.6748E-09 1.7277E-09 1.7793E-09 1.8294E-09 1.8783E-09 1.9257E-09 1.9710E-09 2.0140E-09 2.0549E-09 2.0944E-09 2.1318E-09
1.2899E-12 3.9765E-12 5.3853E-12 1.1025E-11 1.5986E-11 2.4192E-11 3.5042E-11 4.5853E-11 6.0989E-11 7.5479E-11 9.3232E-11 1.1271E-10 1.3361E-10 1.5654E-10 1.7924E-10 2.0590E-10 2.3165E-10 2.6079E-10 2.9284E-10 3.2743E-10 3.6333E-10 4.0169E-10 4.4173E-10 4.8255E-10 5.2893E-10 5.7505E-10 6.2445E-10 6.7517E-10 7.2783E-10 7.8177E-10 8.3592E-10 8.9209E-10 9.4981E-10 1.0079E-09 1.0686E-09 1.1309E-09 1.1935E-09 1.2565E-09 1.3198E-09 1.3829E-09 1.4449E-09 1.5055E-09 1.5648E-09 1.6232E-09 1.6812E-09 1.7387E-09 1.7950E-09 1.8502E-09 1.9043E-09 1.9563E-09 2.0064E-09 2.0546E-09 2.1010E-09 2.1451E-09 2.1866E-09 2.2260E-09 2.2639E-09
1.8215E-12 4.6523E-12 9.0988E-12 1.3189E-11 2.0590E-11 2.8731E-11 4.0091E-11 5.2000E-11 6.8059E-11 8.3660E-11 1.0223E-10 1.2378E-10 1.4785E-10 1.7056E-10 1.9696E-10 2.2341E-10 2.5253E-10 2.8551E-10 3.2107E-10 3.5635E-10 3.9717E-10 4.3737E-10 4.8191E-10 5.2852E-10 5.7752E-10 6.2859E-10 6.8060E-10 7.3451E-10 7.9172E-10 8.4924E-10 9.0832E-10 9.6868E-10 1.0303E-09 1.0928E-09 1.1578E-09 1.2245E-09 1.2915E-09 1.3590E-09 1.4265E-09 1.4937E-09 1.5593E-09 1.6230E-09 1.6850E-09 1.7463E-09 1.8069E-09 1.8666E-09 1.9253E-09 1.9825E-09 2.0379E-09 2.0916E-09 2.1438E-09 2.1933E-09 2.2398E-09 2.2837E-09 2.3260E-09 2.3659E-09 2.4033E-09
3.9671E-12 5.3778E-12 1.1281E-11 1.7862E-11 2.3382E-11 3.4997E-11 4.4314E-11 5.9424E-11 7.4792E-11 9.3166E-11 1.1273E-10 1.3717E-10 1.6105E-10 1.8784E-10 2.1502E-10 2.4396E-10 2.7727E-10 3.1144E-10 3.5163E-10 3.9261E-10 4.3352E-10 4.7935E-10 5.2632E-10 5.7745E-10 6.2906E-10 6.8614E-10 7.4258E-10 8.0380E-10 8.6426E-10 9.2635E-10 9.9001E-10 1.0551E-09 1.1212E-09 1.1882E-09 1.2575E-09 1.3289E-09 1.4007E-09 1.4722E-09 1.5432E-09 1.6133E-09 1.6819E-09 1.7490E-09 1.8144E-09 1.8788E-09 1.9423E-09 2.0044E-09 2.0651E-09 2.1243E-09 2.1813E-09 2.2367E-09 2.2897E-09 2.3402E-09 2.3884E-09 2.4326E-09 2.4740E-09 2.5134E-09 2.5512E-09
4.6176E-12 8.6555E-12 1.2991E-11 2.0546E-11 2.9224E-11 3.9038E-11 5.1908E-11 6.5801E-11 8.3681E-11 1.0135E-10 1.2568E-10 1.4972E-10 1.7683E-10 2.0485E-10 2.3466E-10 2.6772E-10 3.0094E-10 3.4346E-10 3.8459E-10 4.2876E-10 4.7614E-10 5.2419E-10 5.7794E-10 6.3252E-10 6.9144E-10 7.5103E-10 8.1459E-10 8.7749E-10 9.4239E-10 1.0095E-09 1.0786E-09 1.1486E-09 1.2193E-09 1.2912E-09 1.3654E-09 1.4420E-09 1.5189E-09 1.5952E-09 1.6706E-09 1.7450E-09 1.8175E-09 1.8880E-09 1.9564E-09 2.0231E-09 2.0891E-09 2.1541E-09 2.2172E-09 2.2777E-09 2.3361E-09 2.3925E-09 2.4466E-09 2.4977E-09 2.5453E-09 2.5901E-09 2.6323E-09 2.6709E-09 2.7066E-09
5.3158E-12 1.1332E-11 1.7884E-11 2.3761E-11 3.4145E-11 4.4593E-11 5.8620E-11 7.4976E-11 9.1185E-11 1.1384E-10 1.3678E-10 1.6446E-10 1.9400E-10 2.2307E-10 2.5595E-10 2.9098E-10 3.3087E-10 3.7453E-10 4.2207E-10 4.7026E-10 5.2266E-10 5.7752E-10 6.3432E-10 6.9582E-10 7.5715E-10 8.2371E-10 8.9082E-10 9.6024E-10 1.0319E-09 1.1052E-09 1.1795E-09 1.2544E-09 1.3307E-09 1.4079E-09 1.4867E-09 1.5675E-09 1.6490E-09 1.7295E-09 1.8091E-09 1.8876E-09 1.9643E-09 2.0385E-09 2.1101E-09 2.1795E-09 2.2475E-09 2.3140E-09 2.3791E-09 2.4416E-09 2.5020E-09 2.5592E-09 2.6134E-09 2.6648E-09 2.7129E-09 2.7571E-09 2.7982E-09 2.8373E-09 2.8726E-09
8.5558E-12 1.2991E-11 2.0659E-11 2.9180E-11 3.8036E-11 5.1385E-11 6.5372E-11 8.1617E-11 1.0037E-10 1.2453E-10 1.4992E-10 1.8056E-10 2.1108E-10 2.4504E-10 2.8087E-10 3.1976E-10 3.6248E-10 4.1037E-10 4.6258E-10 5.1781E-10 5.7416E-10 6.3422E-10 6.9740E-10 7.6391E-10 8.3351E-10 9.0507E-10 9.8871E-10 1.0641E-09 1.1412E-09 1.2195E-09 1.2995E-09 1.3711E-09 1.4535E-09 1.5362E-09 1.6204E-09 1.7062E-09 1.7930E-09 1.8784E-09 1.9622E-09 2.0444E-09 2.1244E-09 2.2017E-09 2.2762E-09 2.3489E-09 2.4200E-09 2.4890E-09 2.5549E-09 2.6180E-09 2.6791E-09 2.7374E-09 2.7927E-09 2.8431E-09 2.8902E-09 2.9345E-09 2.9749E-09 3.0119E-09 3.0462E-09
1.0709E-11 1.7274E-11 2.4297E-11 3.3205E-11 4.4720E-11 5.6578E-11 7.3053E-11 8.9496E-11 1.1078E-10 1.3610E-10 1.6721E-10 1.9826E-10 2.3130E-10 2.6815E-10 3.0874E-10 3.5054E-10 3.9791E-10 4.5177E-10 5.0974E-10 5.6991E-10 6.4422E-10 7.0956E-10 7.8030E-10 8.5220E-10 9.2920E-10 1.0058E-09 1.0855E-09 1.1676E-09 1.2523E-09 1.3385E-09 1.4256E-09 1.5133E-09 1.6011E-09 1.6890E-09 1.7777E-09 1.8681E-09 1.9496E-09 2.0407E-09 2.1297E-09 2.2165E-09 2.3007E-09 2.3813E-09 2.4582E-09 2.5326E-09 2.6057E-09 2.6770E-09 2.7450E-09 2.8097E-09 2.8708E-09 2.9283E-09 2.9833E-09 3.0346E-09 3.0810E-09 3.1228E-09 3.1617E-09 3.1984E-09 3.2307E-09
1.2689E-11 2.0374E-11 2.8979E-11 3.8366E-11 5.0027E-11 6.4642E-11 7.9998E-11 9.9883E-11 1.2052E-10 1.5056E-10 1.8214E-10 2.1713E-10 2.5490E-10 2.9507E-10 3.3730E-10 3.8586E-10 4.3928E-10 5.0682E-10 5.7339E-10 6.3950E-10 7.1096E-10 7.8497E-10 8.6060E-10 9.4184E-10 1.0241E-09 1.1090E-09 1.1971E-09 1.2875E-09 1.3797E-09 1.4729E-09 1.5666E-09 1.6607E-09 1.7552E-09 1.8494E-09 1.9439E-09 2.0397E-09 2.1366E-09 2.2321E-09 2.3248E-09 2.4048E-09 2.4924E-09 2.5762E-09 2.6561E-09 2.7333E-09 2.8079E-09 2.8796E-09 2.9481E-09 3.0135E-09 3.0757E-09 3.1338E-09 3.1870E-09 3.2364E-09 3.2820E-09 3.3239E-09 3.3606E-09 3.3935E-09 3.4252E-09
1.6397E-11 2.2513E-11 3.2770E-11 4.3461E-11 5.4780E-11 7.1136E-11 8.7402E-11 1.0860E-10 1.3581E-10 1.6552E-10 1.9987E-10 2.3822E-10 2.7934E-10 3.2322E-10 3.7111E-10 4.3452E-10 4.9472E-10 5.6198E-10 6.3295E-10 7.0765E-10 7.8477E-10 8.7870E-10 9.6549E-10 1.0526E-09 1.1431E-09 1.2368E-09 1.3325E-09 1.4309E-09 1.5311E-09 1.6323E-09 1.7338E-09 1.8356E-09 1.9371E-09 2.0377E-09 2.1379E-09 2.2288E-09 2.3313E-09 2.4325E-09 2.5303E-09 2.6242E-09 2.7141E-09 2.7890E-09 2.8712E-09 2.9509E-09 3.0273E-09 3.1004E-09 3.1691E-09 3.2345E-09 3.2955E-09 3.3532E-09 3.4059E-09 3.4538E-09 3.4965E-09 3.5352E-09 3.5715E-09 3.6024E-09 3.6290E-09
