Assets/Resources/2015_m01_d02_1200(utc+0800)_l00_csi_1hr_conc.grd
DSAA
         159         159
     -79.000      79.000
     -79.000      79.000
  0.0000E+00  0.1368E-05
[rows 0 to 24 of 159, columns 57 to 113 of 159]
0.0000E+00 0.0000E+00 0.0000E+00 0.0000E+00 0.0000E+00 0.0000E+00 3.2877E-13 2.8215E-12 8.2857E-12 1.5579E-11 2.5262E-11 3.8663E-11 5.5432E-11 7.7379E-11 1.0476E-10 1.3746E-10 1.7684E-10 2.2386E-10 2.7885E-10 3.4239E-10 4.1513E-10 4.9750E-10 5.8975E-10 6.9118E-10 8.0382E-10 9.2747E-10 1.0625E-09 1.2083E-09 1.3632E-09 1.5293E-09 1.7049E-09 1.8899E-09 2.0816E-09 2.2794E-09 2.4853E-09 2.6960E-09 2.9077E-09 3.1228E-09 3.3396E-09 3.5584E-09 3.7769E-09 3.9895E-09 4.2001E-09 4.4050E-09 4.6060E-09 4.8011E-09 4.9879E-09 5.1695E-09 5.3427E-09 5.5056E-09 5.6603E-09 5.8070E-09 5.9409E-09 6.0653E-09 6.1842E-09 6.2908E-09 6.3880E-09
0.0000E+00 0.0000E+00 0.0000E+00 0.0000E+00 0.0000E+00 3.2237E-14 1.0274E-12 5.6735E-12 1.2149E-11 2.1197E-11 3.3896E-11 5.0510E-11 7.1757E-11 9.8781E-11 1.3206E-10 1.7190E-10 2.2070E-10 2.7758E-10 3.4368E-10 4.2101E-10 5.0820E-10 6.0735E-10 7.1697E-10 8.3849E-10 9.7300E-10 1.1196E-09 1.2771E-09 1.4471E-09 1.6294E-09 1.8230E-09 2.0253E-09 2.2362E-09 2.4556E-09 2.6824E-09 2.9152E-09 3.1493E-09 3.3884E-09 3.6302E-09 3.8710E-09 4.1091E-09 4.3446E-09 4.5736E-09 4.7998E-09 5.0185E-09 5.2300E-09 5.4349E-09 5.6306E-09 5.8162E-09 5.9920E-09 6.1585E-09 6.3133E-09 6.4579E-09 6.5903E-09 6.7063E-09 6.8156E-09 6.9173E-09 7.0032E-09
0.0000E+00 0.0000E+00 0.0000E+00 0.0000E+00 0.0000E+00 4.6683E-13 3.2613E-12 8.9772E-12 1.7214E-11 2.8693E-11 4.4309E-11 6.4659E-11 9.0942E-11 1.2371E-10 1.6401E-10 2.1297E-10 2.7143E-10 3.3931E-10 4.1852E-10 5.1082E-10 6.1500E-10 7.3132E-10 8.6118E-10 1.0055E-09 1.1627E-09 1.3329E-09 1.5185E-09 1.7164E-09 1.9268E-09 2.1471E-09 2.3794E-09 2.6225E-09 2.8727E-09 3.1294E-09 3.3889E-09 3.6551E-09 3.9234E-09 4.1909E-09 4.4545E-09 4.7147E-09 4.9674E-09 5.2130E-09 5.4539E-09 5.6851E-09 5.9070E-09 6.1184E-09 6.3203E-09 6.5101E-09 6.6868E-09 6.8538E-09 7.0069E-09 7.1447E-09 7.2701E-09 7.3836E-09 7.4762E-09 7.5690E-09 7.6446E-09
0.0000E+00 0.0000E+00 0.0000E+00 0.0000E+00 5.7748E-14 1.0198E-12 5.8127E-12 1.2910E-11 2.3283E-11 3.7979E-11 5.6947E-11 8.1402E-11 1.1362E-10 1.5321E-10 2.0161E-10 2.6054E-10 3.2942E-10 4.1105E-10 5.0641E-10 6.1449E-10 7.3719E-10 8.7523E-10 1.0278E-09 1.1957E-09 1.3794E-09 1.5787E-09 1.7933E-09 2.0215E-09 2.2625E-09 2.5166E-09 2.7823E-09 3.0566E-09 3.3375E-09 3.6263E-09 3.9188E-09 4.2158E-09 4.5109E-09 4.8023E-09 5.0896E-09 5.3701E-09 5.6405E-09 5.9026E-09 6.1570E-09 6.3992E-09 6.6306E-09 6.8500E-09 7.0547E-09 7.2464E-09 7.4243E-09 7.5855E-09 7.7326E-09 7.8654E-09 7.9800E-09 8.0835E-09 8.1667E-09 8.2375E-09 8.3015E-09
0.0000E+00 0.0000E+00 0.0000E+00 0.0000E+00 4.2155E-13 2.8806E-12 8.9095E-12 1.8262E-11 3.1191E-11 4.8431E-11 7.1621E-11 1.0193E-10 1.3974E-10 1.8692E-10 2.4482E-10 3.1461E-10 3.9682E-10 4.9289E-10 6.0417E-10 7.3139E-10 8.7481E-10 1.0357E-09 1.2130E-09 1.4081E-09 1.6202E-09 1.8508E-09 2.0960E-09 2.3567E-09 2.6326E-09 2.9214E-09 3.2208E-09 3.5293E-09 3.8474E-09 4.1708E-09 4.4966E-09 4.8237E-09 5.1463E-09 5.4631E-09 5.7739E-09 6.0749E-09 6.3651E-09 6.6445E-09 6.9105E-09 7.1618E-09 7.4008E-09 7.6242E-09 7.8296E-09 8.0199E-09 8.1938E-09 8.3488E-09 8.4889E-09 8.6119E-09 8.7129E-09 8.8023E-09 8.8736E-09 8.9219E-09 8.9650E-09
0.0000E+00 0.0000E+00 0.0000E+00 0.0000E+00 7.9928E-13 5.2234E-12 1.3148E-11 2.4214E-11 4.0289E-11 6.1367E-11 8.9298E-11 1.2562E-10 1.7040E-10 2.2664E-10 2.9489E-10 3.7653E-10 4.7360E-10 5.8638E-10 7.1599E-10 8.6464E-10 1.0317E-09 1.2166E-09 1.4211E-09 1.6459E-09 1.8893E-09 2.1516E-09 2.4324E-09 2.7297E-09 3.0417E-09 3.3666E-09 3.7027E-09 4.0492E-09 4.4041E-09 4.7609E-09 5.1189E-09 5.4757E-09 5.8266E-09 6.1704E-09 6.5039E-09 6.8259E-09 7.1345E-09 7.4289E-09 7.7069E-09 7.9669E-09 8.2094E-09 8.4340E-09 8.6393E-09 8.8240E-09 8.9911E-09 9.1376E-09 9.2637E-09 9.3729E-09 9.4622E-09 9.5307E-09 9.5832E-09 9.6167E-09 9.6301E-09
0.0000E+00 0.0000E+00 0.0000E+00 1.9946E-13 2.1143E-12 8.3095E-12 1.8423E-11 3.2239E-11 5.1386E-11 7.6824E-11 1.1021E-10 1.5257E-10 2.0601E-10 2.7213E-10 3.5205E-10 4.4706E-10 5.5987E-10 6.9074E-10 8.4130E-10 1.0121E-09 1.2029E-09 1.4164E-09 1.6510E-09 1.9063E-09 2.1836E-09 2.4816E-09 2.7984E-09 3.1324E-09 3.4824E-09 3.8467E-09 4.2222E-09 4.6071E-09 4.9967E-09 5.3886E-09 5.7808E-09 6.1693E-09 6.5492E-09 6.9217E-09 7.2789E-09 7.6197E-09 7.9451E-09 8.2522E-09 8.5396E-09 8.8063E-09 9.0506E-09 9.2718E-09 9.4731E-09 9.6514E-09 9.8058E-09 9.9404E-09 1.0052E-08 1.0141E-08 1.0212E-08 1.0260E-08 1.0291E-08 1.0302E-08 1.0292E-08
0.0000E+00 0.0000E+00 0.0000E+00 5.3130E-13 4.5184E-12 1.2450E-11 2.4638E-11 4.1714E-11 6.4792E-11 9.5184E-11 1.3458E-10 1.8459E-10 2.4766E-10 3.2432E-10 4.1709E-10 5.2833E-10 6.5813E-10 8.0857E-10 9.8157E-10 1.1776E-09 1.3956E-09 1.6379E-09 1.9031E-09 2.1917E-09 2.5037E-09 2.8390E-09 3.1940E-09 3.5682E-09 3.9587E-09 4.3617E-09 4.7758E-09 5.1980E-09 5.6240E-09 6.0506E-09 6.4770E-09 6.8968E-09 7.3066E-09 7.7048E-09 8.0847E-09 8.4456E-09 8.7842E-09 9.1033E-09 9.3987E-09 9.6686E-09 9.9121E-09 1.0129E-08 1.0321E-08 1.0489E-08 1.0629E-08 1.0745E-08 1.0839E-08 1.0906E-08 1.0953E-08 1.0979E-08 1.0982E-08 1.0970E-08 1.0938E-08
0.0000E+00 0.0000E+00 0.0000E+00 1.8030E-12 8.1802E-12 1.8543E-11 3.3775E-11 5.4448E-11 8.2394E-11 1.1851E-10 1.6536E-10 2.2372E-10 2.9677E-10 3.8593E-10 4.9349E-10 6.2132E-10 7.7003E-10 9.4200E-10 1.1388E-09 1.3606E-09 1.6082E-09 1.8810E-09 2.1788E-09 2.5035E-09 2.8525E-09 3.2240E-09 3.6175E-09 4.0328E-09 4.4630E-09 4.9053E-09 5.3585E-09 5.8181E-09 6.2815E-09 6.7443E-09 7.2028E-09 7.6527E-09 8.0918E-09 8.5150E-09 8.9153E-09 9.2933E-09 9.6458E-09 9.9733E-09 1.0273E-08 1.0543E-08 1.0782E-08 1.0992E-08 1.1171E-08 1.1324E-08 1.1448E-08 1.1541E-08 1.1613E-08 1.1656E-08 1.1675E-08 1.1675E-08 1.1650E-08 1.1605E-08 1.1546E-08
0.0000E+00 0.0000E+00 4.7102E-13 4.6464E-12 1.3219E-11 2.5981E-11 4.4359E-11 6.8786E-11 1.0199E-10 1.4443E-10 1.9973E-10 2.6821E-10 3.5303E-10 4.5611E-10 5.7999E-10 7.2572E-10 8.9575E-10 1.0911E-09 1.3135E-09 1.5624E-09 1.8399E-09 2.1454E-09 2.4780E-09 2.8374E-09 3.2229E-09 3.6332E-09 4.0676E-09 4.5222E-09 4.9891E-09 5.4712E-09 5.9630E-09 6.4592E-09 6.9574E-09 7.4549E-09 7.9444E-09 8.4237E-09 8.8902E-09 9.3365E-09 9.7556E-09 1.0150E-08 1.0514E-08 1.0846E-08 1.1146E-08 1.1414E-08 1.1647E-08 1.1846E-08 1.2009E-08 1.2141E-08 1.2245E-08 1.2315E-08 1.2358E-08 1.2374E-08 1.2364E-08 1.2331E-08 1.2278E-08 1.2201E-08 1.2109E-08
0.0000E+00 4.7035E-13 2.6600E-12 8.9673E-12 1.9856E-11 3.5148E-11 5.7420E-11 8.7030E-11 1.2610E-10 1.7627E-10 2.4007E-10 3.1979E-10 4.1784E-10 5.3607E-10 6.7733E-10 8.4304E-10 1.0358E-09 1.2559E-09 1.5048E-09 1.7843E-09 2.0927E-09 2.4313E-09 2.7994E-09 3.1951E-09 3.6179E-09 4.0671E-09 4.5407E-09 5.0322E-09 5.5381E-09 6.0571E-09 6.5846E-09 7.1171E-09 7.6492E-09 8.1770E-09 8.6966E-09 9.2033E-09 9.6910E-09 1.0158E-08 1.0595E-08 1.1000E-08 1.1372E-08 1.1709E-08 1.2004E-08 1.2265E-08 1.2488E-08 1.2672E-08 1.2818E-08 1.2926E-08 1.3003E-08 1.3048E-08 1.3059E-08 1.3045E-08 1.3004E-08 1.2936E-08 1.2850E-08 1.2743E-08 1.2615E-08
5.2074E-13 2.2461E-12 6.1598E-12 1.4429E-11 2.8277E-11 4.6952E-11 7.3294E-11 1.0792E-10 1.5339E-10 2.1208E-10 2.8613E-10 3.7791E-10 4.9095E-10 6.2635E-10 7.8715E-10 9.7490E-10 1.1914E-09 1.4383E-09 1.7160E-09 2.0256E-09 2.3661E-09 2.7386E-09 3.1412E-09 3.5734E-09 4.0342E-09 4.5211E-09 5.0304E-09 5.5568E-09 6.1006E-09 6.6555E-09 7.2159E-09 7.7791E-09 8.3427E-09 8.8991E-09 9.4427E-09 9.9729E-09 1.0481E-08 1.0962E-08 1.1413E-08 1.1828E-08 1.2202E-08 1.2539E-08 1.2831E-08 1.3080E-08 1.3288E-08 1.3454E-08 1.3577E-08 1.3662E-08 1.3708E-08 1.3722E-08 1.3704E-08 1.3652E-08 1.3579E-08 1.3478E-08 1.3354E-08 1.3214E-08 1.3055E-08
1.6833E-12 5.2290E-12 1.0909E-11 2.2344E-11 3.8749E-11 6.1142E-11 9.1768E-11 1.3241E-10 1.8594E-10 2.5424E-10 3.4042E-10 4.4591E-10 5.7467E-10 7.2853E-10 9.1040E-10 1.1220E-09 1.3644E-09 1.6389E-09 1.9471E-09 2.2880E-09 2.6623E-09 3.0691E-09 3.5069E-09 3.9741E-09 4.4709E-09 4.9925E-09 5.5346E-09 6.0960E-09 6.6726E-09 7.2574E-09 7.8489E-09 8.4405E-09 9.0277E-09 9.6090E-09 1.0175E-08 1.0721E-08 1.1245E-08 1.1738E-08 1.2194E-08 1.2615E-08 1.2989E-08 1.3319E-08 1.3604E-08 1.3838E-08 1.4028E-08 1.4172E-08 1.4270E-08 1.4326E-08 1.4341E-08 1.4322E-08 1.4269E-08 1.4183E-08 1.4072E-08 1.3937E-08 1.3778E-08 1.3602E-08 1.3411E-08
4.0499E-12 9.4815E-12 1.7265E-11 3.1951E-11 5.1116E-11 7.7773E-11 1.1504E-10 1.6317E-10 2.2609E-10 3.0435E-10 4.0324E-10 5.2436E-10 6.7100E-10 8.4565E-10 1.0505E-09 1.2875E-09 1.5582E-09 1.8620E-09 2.2008E-09 2.5739E-09 2.9819E-09 3.4222E-09 3.8936E-09 4.3956E-09 4.9250E-09 5.4766E-09 6.0495E-09 6.6410E-09 7.2463E-09 7.8576E-09 8.4741E-09 9.0891E-09 9.6969E-09 1.0294E-08 1.0876E-08 1.1435E-08 1.1966E-08 1.2466E-08 1.2923E-08 1.3340E-08 1.3712E-08 1.4032E-08 1.4303E-08 1.4522E-08 1.4686E-08 1.4805E-08 1.4877E-08 1.4904E-08 1.4886E-08 1.4828E-08 1.4740E-08 1.4620E-08 1.4470E-08 1.4300E-08 1.4109E-08 1.3896E-08 1.3673E-08
8.0492E-12 1.5104E-11 2.5611E-11 4.2708E-11 6.6393E-11 9.9194E-11 1.4285E-10 1.9838E-10 2.7085E-10 3.6188E-10 4.7563E-10 6.1437E-10 7.8038E-10 9.7805E-10 1.2071E-09 1.4706E-09 1.7705E-09 2.1054E-09 2.4765E-09 2.8829E-09 3.3237E-09 3.7982E-09 4.3027E-09 4.8364E-09 5.3953E-09 5.9736E-09 6.5735E-09 7.1884E-09 7.8153E-09 8.4499E-09 9.0855E-09 9.7142E-09 1.0338E-08 1.0944E-08 1.1532E-08 1.2097E-08 1.2630E-08 1.3127E-08 1.3582E-08 1.3990E-08 1.4349E-08 1.4658E-08 1.4908E-08 1.5107E-08 1.5248E-08 1.5337E-08 1.5378E-08 1.5372E-08 1.5321E-08 1.5229E-08 1.5102E-08 1.4946E-08 1.4763E-08 1.4555E-08 1.4331E-08 1.4088E-08 1.3832E-08
1.3222E-11 2.1484E-11 3.5227E-11 5.6943E-11 8.5417E-11 1.2391E-10 1.7396E-10 2.4052E-10 3.2485E-10 4.3008E-10 5.5971E-10 7.1613E-10 9.0359E-10 1.1253E-09 1.3817E-09 1.6748E-09 2.0052E-09 2.3723E-09 2.7761E-09 3.2163E-09 3.6902E-09 4.1964E-09 4.7329E-09 5.2951E-09 5.8789E-09 6.4821E-09 7.1028E-09 7.7352E-09 8.3790E-09 9.0259E-09 9.6724E-09 1.0309E-08 1.0938E-08 1.1549E-08 1.2132E-08 1.2695E-08 1.3224E-08 1.3708E-08 1.4152E-08 1.4548E-08 1.4886E-08 1.5176E-08 1.5404E-08 1.5575E-08 1.5691E-08 1.5748E-08 1.5757E-08 1.5718E-08 1.5632E-08 1.5506E-08 1.5342E-08 1.5149E-08 1.4934E-08 1.4693E-08 1.4436E-08 1.4165E-08 1.3882E-08
1.8813E-11 2.9852E-11 4.7828E-11 7.3184E-11 1.0684E-10 1.5272E-10 2.1253E-10 2.9006E-10 3.8689E-10 5.0607E-10 6.5386E-10 8.3117E-10 1.0422E-09 1.2891E-09 1.5727E-09 1.8960E-09 2.2580E-09 2.6583E-09 3.0958E-09 3.5693E-09 4.0770E-09 4.6145E-09 5.1796E-09 5.7683E-09 6.3743E-09 6.9971E-09 7.6309E-09 8.2761E-09 8.9289E-09 9.5801E-09 1.0225E-08 1.0864E-08 1.1488E-08 1.2089E-08 1.2669E-08 1.3214E-08 1.3727E-08 1.4197E-08 1.4619E-08 1.4992E-08 1.5307E-08 1.5569E-08 1.5771E-08 1.5913E-08 1.5999E-08 1.6027E-08 1.5998E-08 1.5925E-08 1.5806E-08 1.5647E-08 1.5451E-08 1.5221E-08 1.4974E-08 1.4705E-08 1.4419E-08 1.4123E-08 1.3817E-08
2.5220E-11 4.0562E-11 6.2379E-11 9.1758E-11 1.3304E-10 1.8722E-10 2.5740E-10 3.4543E-10 4.5643E-10 5.9438E-10 7.6192E-10 9.6159E-10 1.1965E-09 1.4710E-09 1.7844E-09 2.1394E-09 2.5338E-09 2.9680E-09 3.4380E-09 3.9442E-09 4.4825E-09 5.0503E-09 5.6417E-09 6.2523E-09 6.8761E-09 7.5125E-09 8.1565E-09 8.8071E-09 9.4579E-09 1.0105E-08 1.0744E-08 1.1370E-08 1.1981E-08 1.2565E-08 1.3121E-08 1.3646E-08 1.4130E-08 1.4574E-08 1.4969E-08 1.5311E-08 1.5597E-08 1.5825E-08 1.5996E-08 1.6106E-08 1.6157E-08 1.6154E-08 1.6093E-08 1.5984E-08 1.5833E-08 1.5642E-08 1.5414E-08 1.5157E-08 1.4880E-08 1.4586E-08 1.4277E-08 1.3958E-08 1.3633E-08
3.4004E-11 5.3048E-11 7.7937E-11 1.1420E-10 1.6352E-10 2.2578E-10 3.0651E-10 4.0983E-10 5.3788E-10 6.9500E-10 8.8278E-10 1.1072E-09 1.3693E-09 1.6734E-09 2.0181E-09 2.4050E-09 2.8325E-09 3.2994E-09 3.8027E-09 4.3413E-09 4.9092E-09 5.5047E-09 6.1194E-09 6.7476E-09 7.3836E-09 8.0277E-09 8.6750E-09 9.3221E-09 9.9632E-09 1.0597E-08 1.1220E-08 1.1824E-08 1.2404E-08 1.2962E-08 1.3488E-08 1.3978E-08 1.4426E-08 1.4834E-08 1.5193E-08 1.5494E-08 1.5744E-08 1.5935E-08 1.6068E-08 1.6144E-08 1.6159E-08 1.6121E-08 1.6031E-08 1.5889E-08 1.5707E-08 1.5487E-08 1.5232E-08 1.4951E-08 1.4650E-08 1.4334E-08 1.4007E-08 1.3671E-08 1.3333E-08
4.4068E-11 6.6829E-11 9.6827E-11 1.4050E-10 1.9624E-10 2.6943E-10 3.6465E-10 4.8231E-10 6.2796E-10 8.0456E-10 1.0164E-09 1.2680E-09 1.5588E-09 1.8932E-09 2.2697E-09 2.6906E-09 3.1525E-09 3.6534E-09 4.1877E-09 4.7556E-09 5.3511E-09 5.9710E-09 6.6046E-09 7.2465E-09 7.8921E-09 8.5388E-09 9.1807E-09 9.8162E-09 1.0442E-08 1.1053E-08 1.1645E-08 1.2216E-08 1.2761E-08 1.3276E-08 1.3760E-08 1.4204E-08 1.4610E-08 1.4965E-08 1.5281E-08 1.5538E-08 1.5742E-08 1.5892E-08 1.5982E-08 1.6020E-08 1.6002E-08 1.5926E-08 1.5807E-08 1.5640E-08 1.5426E-08 1.5182E-08 1.4905E-08 1.4603E-08 1.4285E-08 1.3952E-08 1.3613E-08 1.3267E-08 1.2921E-08
5.5268E-11 8.1733E-11 1.1877E-10 1.6889E-10 2.3345E-10 3.1957E-10 4.2856E-10 5.6159E-10 7.2688E-10 9.2715E-10 1.1652E-09 1.4441E-09 1.7640E-09 2.1325E-09 2.5434E-09 2.9999E-09 3.4955E-09 4.0300E-09 4.5964E-09 5.1923E-09 5.8117E-09 6.4533E-09 7.1006E-09 7.7515E-09 8.3998E-09 9.0421E-09 9.6719E-09 1.0288E-08 1.0887E-08 1.1466E-08 1.2020E-08 1.2545E-08 1.3042E-08 1.3505E-08 1.3931E-08 1.4324E-08 1.4672E-08 1.4971E-08 1.5227E-08 1.5435E-08 1.5588E-08 1.5691E-08 1.5740E-08 1.5733E-08 1.5681E-08 1.5577E-08 1.5423E-08 1.5231E-08 1.4997E-08 1.4730E-08 1.4437E-08 1.4120E-08 1.3791E-08 1.3449E-08 1.3103E-08 1.2753E-08 1.2404E-08
6.7631E-11 9.8906E-11 1.4217E-10 2.0011E-10 2.7566E-10 3.7449E-10 4.9551E-10 6.4874E-10 8.3662E-10 1.0599E-09 1.3234E-09 1.6325E-09 1.9864E-09 2.3893E-09 2.8345E-09 3.3255E-09 3.8561E-09 4.4240E-09 5.0217E-09 5.6444E-09 6.2861E-09 6.9393E-09 7.5968E-09 8.2521E-09 8.8976E-09 9.5296E-09 1.0142E-08 1.0734E-08 1.1297E-08 1.1831E-08 1.2337E-08 1.2809E-08 1.3243E-08 1.3643E-08 1.4005E-08 1.4329E-08 1.4609E-08 1.4849E-08 1.5036E-08 1.5187E-08 1.5288E-08 1.5334E-08 1.5341E-08 1.5296E-08 1.5203E-08 1.5070E-08 1.4890E-08 1.4674E-08 1.4425E-08 1.4143E-08 1.3838E-08 1.3513E-08 1.3178E-08 1.2834E-08 1.2486E-08 1.2139E-08 1.1794E-08
8.0179E-11 1.1730E-10 1.6794E-10 2.3367E-10 3.2100E-10 4.3196E-10 5.7003E-10 7.4350E-10 9.5196E-10 1.2008E-09 1.4959E-09 1.8358E-09 2.2236E-09 2.6590E-09 3.1396E-09 3.6674E-09 4.2321E-09 4.8328E-09 5.4582E-09 6.1066E-09 6.7697E-09 7.4351E-09 8.0933E-09 8.7461E-09 9.3831E-09 9.9991E-09 1.0587E-08 1.1144E-08 1.1665E-08 1.2149E-08 1.2596E-08 1.3003E-08 1.3368E-08 1.3693E-08 1.3981E-08 1.4224E-08 1.4430E-08 1.4595E-08 1.4719E-08 1.4798E-08 1.4843E-08 1.4838E-08 1.4793E-08 1.4710E-08 1.4583E-08 1.4418E-08 1.4219E-08 1.3984E-08 1.3721E-08 1.3434E-08 1.3121E-08 1.2794E-08 1.2460E-08 1.2120E-08 1.1779E-08 1.1439E-08 1.1104E-08
9.4114E-11 1.3739E-10 1.9470E-10 2.6966E-10 3.6817E-10 4.9236E-10 6.4999E-10 8.4294E-10 1.0743E-09 1.3528E-09 1.6783E-09 2.0497E-09 2.4718E-09 2.9447E-09 3.4636E-09 4.0266E-09 4.6235E-09 5.2561E-09 5.9096E-09 6.5810E-09 7.2587E-09 7.9317E-09 8.5900E-09 9.2310E-09 9.8500E-09 1.0441E-08 1.0996E-08 1.1512E-08 1.1984E-08 1.2410E-08 1.2790E-08 1.3120E-08 1.3408E-08 1.3652E-08 1.3853E-08 1.4015E-08 1.4136E-08 1.4220E-08 1.4272E-08 1.4283E-08 1.4261E-08 1.4208E-08 1.4114E-08 1.3990E-08 1.3834E-08 1.3641E-08 1.3424E-08 1.3178E-08 1.2906E-08 1.2616E-08 1.2304E-08 1.1982E-08 1.1656E-08 1.1325E-08 1.0996E-08 1.0669E-08 1.0350E-08
1.0860E-10 1.5772E-10 2.2150E-10 3.0669E-10 4.1687E-10 5.5643E-10 7.3217E-10 9.4599E-10 1.2043E-09 1.5111E-09 1.8651E-09 2.2741E-09 2.7351E-09 3.2443E-09 3.7997E-09 4.3966E-09 5.0296E-09 5.6922E-09 6.3722E-09 7.0617E-09 7.7492E-09 8.4244E-09 9.0789E-09 9.7079E-09 1.0301E-08 1.0855E-08 1.1371E-08 1.1837E-08 1.2252E-08 1.2611E-08 1.2916E-08 1.3168E-08 1.3368E-08 1.3522E-08 1.3629E-08 1.3702E-08 1.3732E-08 1.3736E-08 1.3707E-08 1.3653E-08 1.3561E-08 1.3456E-08 1.3321E-08 1.3156E-08 1.2972E-08 1.2762E-08 1.2527E-08 1.2274E-08 1.2000E-08 1.1712E-08 1.1409E-08 1.1097E-08 1.0784E-08 1.0469E-08 1.0156E-08 9.8476E-09 9.5490E-09
