Assets/Resources/2015_m01_d05_1000(utc+0800)_l00_csi_1hr_conc.grd
DSAA
         159         159
     -79.000      79.000
     -79.000      79.000
  0.1153E-09  0.1174E-04
[rows 75 to 99 of 159, columns 57 to 113 of 159]
2.9853E-08 3.2942E-08 3.7952E-08 4.3327E-08 4.8950E-08 5.6197E-08 6.1177E-08 6.8762E-08 7.2844E-08 7.3205E-08 7.2625E-08 6.7050E-08 1.2425E-07 4.9451E-07 1.6806E-06 2.5280E-06 3.6016E-07 2.7542E-09 2.4890E-09 2.2150E-09 2.0017E-09 1.8254E-09 1.7009E-09 1.5884E-09 1.4854E-09 1.3843E-09 1.2989E-09 1.2205E-09 1.1493E-09 1.0853E-09 1.0263E-09 9.6332E-10 8.9550E-10 8.2359E-10 7.6690E-10 7.3286E-10 7.2377E-10 7.1461E-10 7.0538E-10 6.9610E-10 6.8675E-10 6.7730E-10 6.6774E-10 6.5812E-10 6.4848E-10 6.3883E-10 6.2917E-10 6.1953E-10 6.0988E-10 6.0026E-10 5.9066E-10 5.8109E-10 5.7156E-10 5.6207E-10 5.5265E-10 5.4328E-10 5.3399E-10
1.9987E-08 2.0139E-08 2.0438E-08 2.1355E-08 2.2020E-08 2.1366E-08 2.1342E-08 2.0480E-08 1.6185E-08 1.2921E-08 8.8817E-09 6.6147E-09 4.6610E-09 6.5825E-09 5.0781E-08 3.7863E-07 2.3107E-06 5.2204E-06 1.1171E-08 2.1175E-09 1.9001E-09 1.7700E-09 1.6486E-09 1.5405E-09 1.4430E-09 1.3517E-09 1.2674E-09 1.1873E-09 1.1217E-09 1.0642E-09 1.0058E-09 9.4068E-10 8.7252E-10 8.0218E-10 7.5200E-10 7.3099E-10 7.2191E-10 7.1276E-10 7.0355E-10 6.9428E-10 6.8491E-10 6.7543E-10 6.6585E-10 6.5626E-10 6.4663E-10 6.3700E-10 6.2736E-10 6.1772E-10 6.0811E-10 5.9850E-10 5.8892E-10 5.7937E-10 5.6987E-10 5.6041E-10 5.5101E-10 5.4167E-10 5.3240E-10
1.4683E-08 1.3720E-08 1.2723E-08 1.1905E-08 1.1397E-08 1.0561E-08 9.0909E-09 8.2052E-09 7.1014E-09 5.9577E-09 5.1953E-09 4.5345E-09 4.0580E-09 3.6709E-09 3.3281E-09 3.0308E-09 1.0107E-08 1.9789E-07 4.1017E-06 2.8351E-06 1.8341E-09 1.7111E-09 1.6004E-09 1.4985E-09 1.3981E-09 1.3130E-09 1.2341E-09 1.1634E-09 1.0992E-09 1.0423E-09 9.8076E-10 9.1481E-10 8.4308E-10 7.8576E-10 7.4373E-10 7.2900E-10 7.1993E-10 7.1079E-10 7.0159E-10 6.9232E-10 6.8292E-10 6.7342E-10 6.6386E-10 6.5427E-10 6.4467E-10 6.3505E-10 6.2544E-10 6.1582E-10 6.0622E-10 5.9664E-10 5.8708E-10 5.7756E-10 5.6807E-10 5.5865E-10 5.4927E-10 5.3997E-10 5.3072E-10
1.2891E-08 1.1841E-08 1.0738E-08 9.8010E-09 8.8158E-09 7.9406E-09 7.0402E-09 6.3608E-09 5.6745E-09 5.1313E-09 4.6560E-09 4.2222E-09 3.8233E-09 3.4722E-09 3.1584E-09 2.8777E-09 2.6124E-09 2.3549E-09 2.1281E-09 2.9310E-08 1.1743E-05 1.6540E-09 1.5482E-09 1.4521E-09 1.3580E-09 1.2730E-09 1.1989E-09 1.1334E-09 1.0759E-09 1.0203E-09 9.5805E-10 8.9143E-10 8.1867E-10 7.6638E-10 7.3615E-10 7.2688E-10 7.1783E-10 7.0871E-10 6.9952E-10 6.9022E-10 6.8080E-10 6.7129E-10 6.6175E-10 6.5218E-10 6.4259E-10 6.3300E-10 6.2340E-10 6.1381E-10 6.0423E-10 5.9467E-10 5.8514E-10 5.7564E-10 5.6619E-10 5.5679E-10 5.4745E-10 5.3817E-10 5.2897E-10
1.1693E-08 1.0664E-08 9.7168E-09 8.8171E-09 7.9672E-09 7.1231E-09 6.3970E-09 5.7693E-09 5.2671E-09 4.8022E-09 4.3652E-09 3.9633E-09 3.6013E-09 3.2779E-09 2.9880E-09 2.7320E-09 2.4847E-09 2.2244E-09 2.0202E-09 1.8286E-09 1.7096E-09 1.5974E-09 1.4974E-09 1.4034E-09 1.3202E-09 1.2387E-09 1.1671E-09 1.1079E-09 1.0532E-09 9.9361E-10 9.3146E-10 8.6042E-10 7.9671E-10 7.5045E-10 7.3360E-10 7.2464E-10 7.1560E-10 7.0649E-10 6.9731E-10 6.8797E-10 6.7854E-10 6.6904E-10 6.5952E-10 6.4998E-10 6.4040E-10 6.3083E-10 6.2126E-10 6.1169E-10 6.0214E-10 5.9261E-10 5.8311E-10 5.7363E-10 5.6422E-10 5.5484E-10 5.4554E-10 5.3629E-10 5.2711E-10
1.0681E-08 9.7630E-09 8.8939E-09 8.0874E-09 7.2931E-09 6.5490E-09 5.9279E-09 5.3864E-09 4.9244E-09 4.4932E-09 4.0876E-09 3.7182E-09 3.3866E-09 3.0916E-09 2.8245E-09 2.5757E-09 2.3482E-09 2.1057E-09 1.9167E-09 1.7591E-09 1.6481E-09 1.5459E-09 1.4449E-09 1.3571E-09 1.2770E-09 1.2048E-09 1.1402E-09 1.0835E-09 1.0289E-09 9.6811E-10 9.0313E-10 8.2986E-10 7.7489E-10 7.4135E-10 7.3123E-10 7.2228E-10 7.1326E-10 7.0416E-10 6.9494E-10 6.8560E-10 6.7616E-10 6.6668E-10 6.5718E-10 6.4765E-10 6.3812E-10 6.2856E-10 6.1902E-10 6.0947E-10 5.9995E-10 5.9044E-10 5.8096E-10 5.7153E-10 5.6214E-10 5.5281E-10 5.4353E-10 5.3432E-10 5.2517E-10
9.7388E-09 8.9032E-09 8.1117E-09 7.3532E-09 6.6461E-09 6.0340E-09 5.4750E-09 5.0192E-09 4.5925E-09 4.1870E-09 3.8194E-09 3.4838E-09 3.1843E-09 2.9138E-09 2.6653E-09 2.4407E-09 2.1922E-09 1.9960E-09 1.8056E-09 1.6926E-09 1.5875E-09 1.4878E-09 1.3971E-09 1.3136E-09 1.2359E-09 1.1704E-09 1.1100E-09 1.0594E-09 1.0007E-09 9.4085E-10 8.7047E-10 8.0706E-10 7.6027E-10 7.3761E-10 7.2873E-10 7.1980E-10 7.1079E-10 7.0169E-10 6.9244E-10 6.8308E-10 6.7367E-10 6.6421E-10 6.5473E-10 6.4523E-10 6.3571E-10 6.2619E-10 6.1666E-10 6.0716E-10 5.9765E-10 5.8818E-10 5.7873E-10 5.6933E-10 5.5998E-10 5.5068E-10 5.4144E-10 5.3226E-10 5.2315E-10
8.8129E-09 8.0804E-09 7.3476E-09 6.6754E-09 6.0797E-09 5.5305E-09 5.0852E-09 4.6656E-09 4.2641E-09 3.8975E-09 3.5659E-09 3.2650E-09 2.9866E-09 2.7424E-09 2.5084E-09 2.2721E-09 2.0693E-09 1.8777E-09 1.7337E-09 1.6276E-09 1.5286E-09 1.4359E-09 1.3489E-09 1.2713E-09 1.2010E-09 1.1389E-09 1.0866E-09 1.0322E-09 9.7386E-10 9.1129E-10 8.3826E-10 7.8170E-10 7.5016E-10 7.3494E-10 7.2610E-10 7.1719E-10 7.0820E-10 6.9906E-10 6.8980E-10 6.8045E-10 6.7106E-10 6.6163E-10 6.5217E-10 6.4270E-10 6.3320E-10 6.2371E-10 6.1421E-10 6.0473E-10 5.9526E-10 5.8581E-10 5.7641E-10 5.6704E-10 5.5773E-10 5.4846E-10 5.3926E-10 5.3011E-10 5.2106E-10
8.0033E-09 7.3045E-09 6.6568E-09 6.0816E-09 5.5510E-09 5.1206E-09 4.7113E-09 4.3231E-09 3.9609E-09 3.6261E-09 3.3260E-09 3.0579E-09 2.8073E-09 2.5671E-09 2.3462E-09 2.1379E-09 1.9310E-09 1.7747E-09 1.6638E-09 1.5644E-09 1.4694E-09 1.3835E-09 1.3036E-09 1.2317E-09 1.1669E-09 1.1102E-09 1.0586E-09 1.0028E-09 9.3960E-10 8.7684E-10 8.1316E-10 7.6507E-10 7.4136E-10 7.3217E-10 7.2336E-10 7.1447E-10 7.0546E-10 6.9630E-10 6.8703E-10 6.7771E-10 6.6834E-10 6.5893E-10 6.4951E-10 6.4005E-10 6.3060E-10 6.2112E-10 6.1166E-10 6.0220E-10 5.9277E-10 5.8336E-10 5.7399E-10 5.6466E-10 5.5538E-10 5.4616E-10 5.3698E-10 5.2789E-10 5.1889E-10
7.2100E-09 6.5958E-09 6.0461E-09 5.5352E-09 5.1269E-09 4.7280E-09 4.3500E-09 3.9969E-09 3.6745E-09 3.3779E-09 3.1057E-09 2.8566E-09 2.6310E-09 2.4182E-09 2.1911E-09 1.9914E-09 1.8319E-09 1.7006E-09 1.5999E-09 1.4998E-09 1.4132E-09 1.3318E-09 1.2578E-09 1.1934E-09 1.1353E-09 1.0823E-09 1.0277E-09 9.7420E-10 9.0930E-10 8.3964E-10 7.8598E-10 7.4952E-10 7.3800E-10 7.2929E-10 7.2050E-10 7.1161E-10 7.0257E-10 6.9340E-10 6.8415E-10 6.7484E-10 6.6551E-10 6.5613E-10 6.4673E-10 6.3730E-10 6.2787E-10 6.1843E-10 6.0900E-10 5.9958E-10 5.9017E-10 5.8081E-10 5.7147E-10 5.6219E-10 5.5294E-10 5.4376E-10 5.3463E-10 5.2559E-10 5.1664E-10
6.4913E-09 5.9731E-09 5.4876E-09 5.0949E-09 4.7155E-09 4.3522E-09 4.0083E-09 3.6979E-09 3.4128E-09 3.1394E-09 2.8934E-09 2.6699E-09 2.4577E-09 2.2583E-09 2.0471E-09 1.8741E-09 1.7295E-09 1.6283E-09 1.5318E-09 1.4404E-09 1.3598E-09 1.2816E-09 1.2159E-09 1.1572E-09 1.1052E-09 1.0537E-09 9.9856E-10 9.3984E-10 8.7298E-10 8.1457E-10 7.6423E-10 7.4418E-10 7.3497E-10 7.2629E-10 7.1751E-10 7.0860E-10 6.9955E-10 6.9038E-10 6.8116E-10 6.7188E-10 6.6256E-10 6.5322E-10 6.4384E-10 6.3445E-10 6.2504E-10 6.1565E-10 6.0624E-10 5.9686E-10 5.8750E-10 5.7816E-10 5.6888E-10 5.5962E-10 5.5043E-10 5.4127E-10 5.3220E-10 5.2321E-10 5.1432E-10
5.8413E-09 5.4081E-09 5.0360E-09 4.6637E-09 4.3284E-09 4.0054E-09 3.7021E-09 3.4251E-09 3.1581E-09 2.9170E-09 2.6971E-09 2.4875E-09 2.2885E-09 2.0964E-09 1.9222E-09 1.7541E-09 1.6539E-09 1.5569E-09 1.4640E-09 1.3827E-09 1.3066E-09 1.2382E-09 1.1778E-09 1.1242E-09 1.0753E-09 1.0216E-09 9.6576E-10 8.9948E-10 8.3980E-10 7.8753E-10 7.5173E-10 7.4040E-10 7.3182E-10 7.2316E-10 7.1440E-10 7.0545E-10 6.9639E-10 6.8725E-10 6.7804E-10 6.6881E-10 6.5951E-10 6.5019E-10 6.4085E-10 6.3149E-10 6.2213E-10 6.1275E-10 6.0340E-10 5.9404E-10 5.8472E-10 5.7543E-10 5.6618E-10 5.5697E-10 5.4781E-10 5.3871E-10 5.2969E-10 5.2077E-10 5.1193E-10
5.2969E-09 4.9302E-09 4.6036E-09 4.2880E-09 3.9813E-09 3.6881E-09 3.4200E-09 3.1615E-09 2.9270E-09 2.7121E-09 2.5068E-09 2.3099E-09 2.1182E-09 1.9440E-09 1.7974E-09 1.6741E-09 1.5780E-09 1.4861E-09 1.4042E-09 1.3270E-09 1.2600E-09 1.1963E-09 1.1426E-09 1.0937E-09 1.0417E-09 9.9098E-10 9.3092E-10 8.6688E-10 8.0344E-10 7.6522E-10 7.4605E-10 7.3711E-10 7.2856E-10 7.1991E-10 7.1112E-10 7.0218E-10 6.9311E-10 6.8400E-10 6.7483E-10 6.6561E-10 6.5637E-10 6.4706E-10 6.3776E-10 6.2843E-10 6.1910E-10 6.0976E-10 6.0043E-10 5.9113E-10 5.8185E-10 5.7261E-10 5.6339E-10 5.5423E-10 5.4511E-10 5.3607E-10 5.2712E-10 5.1824E-10 5.0946E-10
4.8214E-09 4.5175E-09 4.2241E-09 3.9346E-09 3.6558E-09 3.3922E-09 3.1495E-09 2.9229E-09 2.7146E-09 2.5104E-09 2.3327E-09 2.1432E-09 1.9596E-09 1.8130E-09 1.6908E-09 1.5947E-09 1.5034E-09 1.4221E-09 1.3451E-09 1.2778E-09 1.2184E-09 1.1594E-09 1.1100E-09 1.0598E-09 1.0097E-09 9.5194E-10 8.9319E-10 8.3149E-10 7.8076E-10 7.5266E-10 7.4213E-10 7.3370E-10 7.2518E-10 7.1653E-10 7.0771E-10 6.9876E-10 6.8973E-10 6.8064E-10 6.7150E-10 6.6231E-10 6.5309E-10 6.4384E-10 6.3455E-10 6.2528E-10 6.1597E-10 6.0668E-10 5.9739E-10 5.8813E-10 5.7889E-10 5.6969E-10 5.6053E-10 5.5140E-10 5.4234E-10 5.3336E-10 5.2446E-10 5.1565E-10 5.0692E-10
4.4087E-09 4.1374E-09 3.8684E-09 3.6050E-09 3.3542E-09 3.1183E-09 2.9005E-09 2.7002E-09 2.5079E-09 2.3361E-09 2.1504E-09 1.9796E-09 1.8237E-09 1.6988E-09 1.6044E-09 1.5181E-09 1.4372E-09 1.3599E-09 1.2928E-09 1.2332E-09 1.1768E-09 1.1242E-09 1.0751E-09 1.0280E-09 9.7378E-10 9.1092E-10 8.5381E-10 8.0022E-10 7.6030E-10 7.4696E-10 7.3858E-10 7.3018E-10 7.2167E-10 7.1299E-10 7.0417E-10 6.9523E-10 6.8623E-10 6.7718E-10 6.6806E-10 6.5892E-10 6.4972E-10 6.4050E-10 6.3126E-10 6.2201E-10 6.1275E-10 6.0349E-10 5.9426E-10 5.8504E-10 5.7585E-10 5.6669E-10 5.5757E-10 5.4850E-10 5.3950E-10 5.3058E-10 5.2174E-10 5.1299E-10 5.0432E-10
4.0312E-09 3.7828E-09 3.5373E-09 3.3003E-09 3.0761E-09 2.8682E-09 2.6780E-09 2.4944E-09 2.3309E-09 2.1492E-09 1.9786E-09 1.8366E-09 1.7056E-09 1.6135E-09 1.5282E-09 1.4489E-09 1.3726E-09 1.3059E-09 1.2466E-09 1.1902E-09 1.1391E-09 1.0906E-09 1.0418E-09 9.8995E-10 9.3478E-10 8.7259E-10 8.1441E-10 7.7357E-10 7.5243E-10 7.4320E-10 7.3493E-10 7.2654E-10 7.1801E-10 7.0933E-10 7.0050E-10 6.9160E-10 6.8263E-10 6.7360E-10 6.6453E-10 6.5540E-10 6.4626E-10 6.3706E-10 6.2787E-10 6.1865E-10 6.0943E-10 6.0022E-10 5.9103E-10 5.8186E-10 5.7271E-10 5.6361E-10 5.5453E-10 5.4551E-10 5.3658E-10 5.2772E-10 5.1895E-10 5.1026E-10 5.0165E-10
3.6689E-09 3.4408E-09 3.2185E-09 3.0127E-09 2.8093E-09 2.6387E-09 2.4682E-09 2.3118E-09 2.1364E-09 1.9745E-09 1.8360E-09 1.7048E-09 1.6151E-09 1.5310E-09 1.4531E-09 1.3817E-09 1.3158E-09 1.2550E-09 1.2009E-09 1.1506E-09 1.1038E-09 1.0554E-09 1.0063E-09 9.5318E-10 8.9059E-10 8.3591E-10 7.8406E-10 7.5837E-10 7.4755E-10 7.3939E-10 7.3114E-10 7.2277E-10 7.1422E-10 7.0552E-10 6.9672E-10 6.8785E-10 6.7893E-10 6.6992E-10 6.6088E-10 6.5179E-10 6.4267E-10 6.3353E-10 6.2437E-10 6.1521E-10 6.0602E-10 5.9687E-10 5.8771E-10 5.7859E-10 5.6949E-10 5.6043E-10 5.5141E-10 5.4246E-10 5.3359E-10 5.2480E-10 5.1609E-10 5.0746E-10 4.9891E-10
3.3371E-09 3.1247E-09 2.9231E-09 2.7527E-09 2.5928E-09 2.4363E-09 2.2881E-09 2.1199E-09 1.9536E-09 1.8191E-09 1.7023E-09 1.6133E-09 1.5316E-09 1.4527E-09 1.3825E-09 1.3205E-09 1.2631E-09 1.2096E-09 1.1596E-09 1.1137E-09 1.0646E-09 1.0193E-09 9.6707E-10 9.1113E-10 8.5809E-10 7.9925E-10 7.6499E-10 7.5175E-10 7.4359E-10 7.3548E-10 7.2724E-10 7.1885E-10 7.1030E-10 7.0160E-10 6.9284E-10 6.8400E-10 6.7509E-10 6.6615E-10 6.5712E-10 6.4809E-10 6.3900E-10 6.2990E-10 6.2078E-10 6.1165E-10 6.0253E-10 5.9341E-10 5.8432E-10 5.7523E-10 5.6620E-10 5.5717E-10 5.4822E-10 5.3934E-10 5.3054E-10 5.2181E-10 5.1316E-10 5.0459E-10 4.9611E-10
3.0009E-09 2.8372E-09 2.6821E-09 2.5380E-09 2.3812E-09 2.2316E-09 2.0715E-09 1.9334E-09 1.8008E-09 1.6880E-09 1.6060E-09 1.5273E-09 1.4539E-09 1.3856E-09 1.3255E-09 1.2686E-09 1.2159E-09 1.1666E-09 1.1189E-09 1.0731E-09 1.0280E-09 9.7693E-10 9.2133E-10 8.6968E-10 8.1600E-10 7.7190E-10 7.5623E-10 7.4752E-10 7.3953E-10 7.3143E-10 7.2322E-10 7.1480E-10 7.0624E-10 6.9758E-10 6.8884E-10 6.8005E-10 6.7117E-10 6.6225E-10 6.5328E-10 6.4427E-10 6.3524E-10 6.2617E-10 6.1710E-10 6.0801E-10 5.9894E-10 5.8987E-10 5.8082E-10 5.7180E-10 5.6280E-10 5.5384E-10 5.4496E-10 5.3615E-10 5.2741E-10 5.1875E-10 5.1017E-10 5.0166E-10 4.9324E-10
2.7452E-09 2.6076E-09 2.4653E-09 2.3288E-09 2.1900E-09 2.0385E-09 1.9072E-09 1.7808E-09 1.6743E-09 1.5957E-09 1.5199E-09 1.4495E-09 1.3855E-09 1.3271E-09 1.2695E-09 1.2178E-09 1.1700E-09 1.1245E-09 1.0792E-09 1.0357E-09 9.8493E-10 9.2958E-10 8.7930E-10 8.2649E-10 7.8373E-10 7.6069E-10 7.5116E-10 7.4331E-10 7.3536E-10 7.2728E-10 7.1904E-10 7.1063E-10 7.0207E-10 6.9345E-10 6.8475E-10 6.7597E-10 6.6716E-10 6.5826E-10 6.4934E-10 6.4036E-10 6.3137E-10 6.2236E-10 6.1332E-10 6.0430E-10 5.9526E-10 5.8626E-10 5.7725E-10 5.6828E-10 5.5933E-10 5.5045E-10 5.4163E-10 5.3289E-10 5.2422E-10 5.1563E-10 5.0711E-10 4.9867E-10 4.9032E-10
2.5159E-09 2.3850E-09 2.2597E-09 2.1303E-09 1.9994E-09 1.8725E-09 1.7569E-09 1.6556E-09 1.5779E-09 1.5066E-09 1.4411E-09 1.3799E-09 1.3233E-09 1.2700E-09 1.2196E-09 1.1729E-09 1.1290E-09 1.0837E-09 1.0409E-09 9.9554E-10 9.3680E-10 8.8734E-10 8.3564E-10 7.9118E-10 7.6500E-10 7.5451E-10 7.4681E-10 7.3900E-10 7.3107E-10 7.2300E-10 7.1474E-10 7.0632E-10 6.9782E-10 6.8922E-10 6.8055E-10 6.7182E-10 6.6302E-10 6.5418E-10 6.4528E-10 6.3637E-10 6.2741E-10 6.1845E-10 6.0946E-10 6.0048E-10 5.9151E-10 5.8254E-10 5.7360E-10 5.6467E-10 5.5579E-10 5.4698E-10 5.3824E-10 5.2957E-10 5.2097E-10 5.1244E-10 5.0399E-10 4.9562E-10 4.8733E-10
2.3108E-09 2.1867E-09 2.0480E-09 1.9217E-09 1.8059E-09 1.7046E-09 1.6305E-09 1.5630E-09 1.4946E-09 1.4326E-09 1.3738E-09 1.3194E-09 1.2678E-09 1.2191E-09 1.1736E-09 1.1309E-09 1.0864E-09 1.0443E-09 1.0003E-09 9.4932E-10 8.9356E-10 8.4339E-10 7.9805E-10 7.6934E-10 7.5758E-10 7.5004E-10 7.4236E-10 7.3458E-10 7.2667E-10 7.1857E-10 7.1030E-10 7.0191E-10 6.9343E-10 6.8489E-10 6.7624E-10 6.6756E-10 6.5880E-10 6.5000E-10 6.4115E-10 6.3227E-10 6.2337E-10 6.1444E-10 6.0552E-10 5.9658E-10 5.8767E-10 5.7875E-10 5.6986E-10 5.6099E-10 5.5219E-10 5.4345E-10 5.3478E-10 5.2618E-10 5.1765E-10 5.0919E-10 5.0081E-10 4.9251E-10 4.8428E-10
2.0953E-09 1.9534E-09 1.8395E-09 1.7370E-09 1.6689E-09 1.6028E-09 1.5387E-09 1.4771E-09 1.4184E-09 1.3622E-09 1.3122E-09 1.2632E-09 1.2162E-09 1.1722E-09 1.1308E-09 1.0874E-09 1.0462E-09 1.0033E-09 9.5416E-10 8.9832E-10 8.4940E-10 8.0391E-10 7.7317E-10 7.6051E-10 7.5296E-10 7.4544E-10 7.3781E-10 7.3004E-10 7.2212E-10 7.1402E-10 7.0575E-10 6.9741E-10 6.8896E-10 6.8044E-10 6.7186E-10 6.6319E-10 6.5449E-10 6.4572E-10 6.3693E-10 6.2809E-10 6.1923E-10 6.1036E-10 6.0148E-10 5.9261E-10 5.8374E-10 5.7489E-10 5.6604E-10 5.5725E-10 5.4852E-10 5.3986E-10 5.3126E-10 5.2273E-10 5.1427E-10 5.0589E-10 4.9757E-10 4.8934E-10 4.8118E-10
1.8801E-09 1.7885E-09 1.7000E-09 1.6366E-09 1.5754E-09 1.5151E-09 1.4569E-09 1.4013E-09 1.3506E-09 1.3009E-09 1.2541E-09 1.2089E-09 1.1666E-09 1.1281E-09 1.0866E-09 1.0465E-09 1.0048E-09 9.5594E-10 9.0192E-10 8.5388E-10 8.0865E-10 7.7656E-10 7.6316E-10 7.5559E-10 7.4823E-10 7.4074E-10 7.3313E-10 7.2539E-10 7.1744E-10 7.0934E-10 7.0111E-10 6.9279E-10 6.8440E-10 6.7590E-10 6.6735E-10 6.5874E-10 6.5007E-10 6.4136E-10 6.3260E-10 6.2382E-10 6.1500E-10 6.0620E-10 5.9737E-10 5.8855E-10 5.7974E-10 5.7094E-10 5.6216E-10 5.5345E-10 5.4479E-10 5.3620E-10 5.2768E-10 5.1922E-10 5.1084E-10 5.0252E-10 4.9428E-10 4.8611E-10 4.7802E-10
1.7173E-09 1.6602E-09 1.6017E-09 1.5450E-09 1.4887E-09 1.4340E-09 1.3843E-09 1.3364E-09 1.2886E-09 1.2441E-09 1.1993E-09 1.1605E-09 1.1243E-09 1.0842E-09 1.0453E-09 1.0006E-09 9.4993E-10 9.0395E-10 8.5681E-10 8.1177E-10 7.7923E-10 7.6538E-10 7.5794E-10 7.5073E-10 7.4340E-10 7.3594E-10 7.2836E-10 7.2059E-10 7.1265E-10 7.0455E-10 6.9636E-10 6.8808E-10 6.7971E-10 6.7128E-10 6.6275E-10 6.5420E-10 6.4556E-10 6.3690E-10 6.2819E-10 6.1946E-10 6.1071E-10 6.0194E-10 5.9319E-10 5.8441E-10 5.7566E-10 5.6691E-10 5.5822E-10 5.4958E-10 5.4100E-10 5.3249E-10 5.2404E-10 5.1566E-10 5.0734E-10 4.9910E-10 4.9093E-10 4.8283E-10 4.7481E-10
