Assets/Resources/2015_m01_d21_1800(utc+0800)_l00_csi_1hr_conc.grd
DSAA
         159         159
     -79.000      79.000
     -79.000      79.000
  0.0000E+00  0.5897E-05
[rows 75 to 99 of 159, columns 57 to 113 of 159]
1.2576E-12 1.2918E-12 1.3265E-12 1.3618E-12 1.3975E-12 1.4338E-12 1.4705E-12 1.5078E-12 1.5455E-12 1.5837E-12 1.6223E-12 1.6614E-12 1.7009E-12 1.7408E-12 1.7812E-12 1.8219E-12 1.8630E-12 1.9044E-12 1.9461E-12 1.9882E-12 2.0306E-12 2.0733E-12 2.1162E-12 2.1593E-12 2.2027E-12 3.2357E-08 8.9939E-07 3.2079E-07 8.7397E-09 2.4220E-12 2.4661E-12 2.5103E-12 2.5546E-12 2.5988E-12 2.6430E-12 2.6872E-12 2.7312E-12 2.7752E-12 2.8190E-12 2.8626E-12 2.9061E-12 2.9493E-12 2.9922E-12 3.0349E-12 3.0772E-12 3.1192E-12 3.1608E-12 3.2019E-12 3.2427E-12 3.2830E-12 3.3227E-12 3.3620E-12 3.4007E-12 3.4387E-12 3.4762E-12 3.5130E-12 3.5492E-12
1.2288E-12 1.2622E-12 1.2961E-12 1.3305E-12 1.3655E-12 1.4009E-12 1.4368E-12 1.4732E-12 1.5101E-12 1.5474E-12 1.5851E-12 1.6233E-12 1.6619E-12 1.7009E-12 1.7403E-12 1.7801E-12 1.8202E-12 1.8607E-12 1.9015E-12 1.9426E-12 1.9841E-12 2.0257E-12 2.0677E-12 2.1098E-12 5.6695E-09 1.3502E-06 2.1288E-07 2.2803E-12 2.3233E-12 2.3664E-12 2.4096E-12 2.4528E-12 2.4960E-12 2.5392E-12 2.5824E-12 2.6256E-12 2.6686E-12 2.7116E-12 2.7544E-12 2.7970E-12 2.8394E-12 2.8816E-12 2.9236E-12 2.9653E-12 3.0066E-12 3.0476E-12 3.0883E-12 3.1285E-12 3.1684E-12 3.2077E-12 3.2466E-12 3.2849E-12 3.3227E-12 3.3599E-12 3.3965E-12 3.4325E-12 3.4678E-12
1.2003E-12 1.2329E-12 1.2660E-12 1.2997E-12 1.3338E-12 1.3684E-12 1.4035E-12 1.4390E-12 1.4750E-12 1.5114E-12 1.5483E-12 1.5856E-12 1.6233E-12 1.6614E-12 1.6999E-12 1.7388E-12 1.7780E-12 1.8175E-12 1.8574E-12 1.8975E-12 1.9380E-12 1.9787E-12 2.0196E-12 2.0608E-12 2.3651E-06 4.9089E-08 2.1855E-12 2.2274E-12 2.2694E-12 2.3115E-12 2.3536E-12 2.3958E-12 2.4381E-12 2.4803E-12 2.5225E-12 2.5646E-12 2.6067E-12 2.6486E-12 2.6904E-12 2.7321E-12 2.7735E-12 2.8147E-12 2.8557E-12 2.8964E-12 2.9368E-12 2.9769E-12 3.0166E-12 3.0559E-12 3.0948E-12 3.1332E-12 3.1712E-12 3.2086E-12 3.2455E-12 3.2819E-12 3.3177E-12 3.3528E-12 3.3873E-12
1.1720E-12 1.2039E-12 1.2363E-12 1.2691E-12 1.3024E-12 1.3362E-12 1.3705E-12 1.4052E-12 1.4403E-12 1.4759E-12 1.5119E-12 1.5483E-12 1.5852E-12 1.6224E-12 1.6600E-12 1.6979E-12 1.7362E-12 1.7748E-12 1.8137E-12 1.8529E-12 1.8924E-12 1.9322E-12 1.9722E-12 5.8968E-06 2.0528E-12 2.0934E-12 2.1341E-12 2.1750E-12 2.2160E-12 2.2571E-12 2.2983E-12 2.3395E-12 2.3807E-12 2.4220E-12 2.4632E-12 2.5043E-12 2.5454E-12 2.5863E-12 2.6271E-12 2.6678E-12 2.7083E-12 2.7486E-12 2.7886E-12 2.8283E-12 2.8678E-12 2.9069E-12 2.9457E-12 2.9840E-12 3.0220E-12 3.0595E-12 3.0966E-12 3.1332E-12 3.1692E-12 3.2047E-12 3.2396E-12 3.2739E-12 3.3076E-12
1.1441E-12 1.1752E-12 1.2068E-12 1.2389E-12 1.2714E-12 1.3044E-12 1.3378E-12 1.3717E-12 1.4060E-12 1.4408E-12 1.4759E-12 1.5115E-12 1.5474E-12 1.5837E-12 1.6204E-12 1.6575E-12 1.6948E-12 1.7325E-12 1.7705E-12 1.8088E-12 1.8474E-12 1.8862E-12 1.9252E-12 1.9645E-12 2.0039E-12 2.0435E-12 2.0833E-12 2.1232E-12 2.1633E-12 2.2034E-12 2.2436E-12 2.2838E-12 2.3241E-12 2.3643E-12 2.4045E-12 2.4447E-12 2.4848E-12 2.5247E-12 2.5646E-12 2.6043E-12 2.6438E-12 2.6831E-12 2.7222E-12 2.7610E-12 2.7995E-12 2.8377E-12 2.8755E-12 2.9130E-12 2.9501E-12 2.9867E-12 3.0229E-12 3.0586E-12 3.0938E-12 3.1284E-12 3.1625E-12 3.1960E-12 3.2289E-12
1.1166E-12 1.1469E-12 1.1777E-12 1.2090E-12 1.2408E-12 1.2729E-12 1.3056E-12 1.3387E-12 1.3721E-12 1.4060E-12 1.4404E-12 1.4750E-12 1.5101E-12 1.5456E-12 1.5814E-12 1.6175E-12 1.6540E-12 1.6908E-12 1.7278E-12 1.7652E-12 1.8028E-12 1.8407E-12 1.8788E-12 1.9171E-12 1.9556E-12 1.9943E-12 2.0331E-12 2.0721E-12 2.1111E-12 2.1503E-12 2.1895E-12 2.2288E-12 2.2680E-12 2.3073E-12 2.3466E-12 2.3858E-12 2.4249E-12 2.4639E-12 2.5028E-12 2.5415E-12 2.5801E-12 2.6184E-12 2.6566E-12 2.6944E-12 2.7320E-12 2.7693E-12 2.8062E-12 2.8428E-12 2.8790E-12 2.9147E-12 2.9500E-12 2.9849E-12 3.0192E-12 3.0530E-12 3.0863E-12 3.1190E-12 3.1510E-12
1.0893E-12 1.1189E-12 1.1490E-12 1.1795E-12 1.2105E-12 1.2419E-12 1.2737E-12 1.3060E-12 1.3387E-12 1.3717E-12 1.4052E-12 1.4391E-12 1.4733E-12 1.5079E-12 1.5428E-12 1.5781E-12 1.6136E-12 1.6495E-12 1.6857E-12 1.7221E-12 1.7588E-12 1.7958E-12 1.8330E-12 1.8703E-12 1.9079E-12 1.9456E-12 1.9835E-12 2.0215E-12 2.0596E-12 2.0978E-12 2.1361E-12 2.1744E-12 2.2127E-12 2.2510E-12 2.2893E-12 2.3276E-12 2.3657E-12 2.4038E-12 2.4417E-12 2.4795E-12 2.5171E-12 2.5546E-12 2.5918E-12 2.6287E-12 2.6654E-12 2.7017E-12 2.7377E-12 2.7734E-12 2.8087E-12 2.8436E-12 2.8780E-12 2.9120E-12 2.9455E-12 2.9785E-12 3.0110E-12 3.0429E-12 3.0742E-12
1.0624E-12 1.0913E-12 1.1206E-12 1.1504E-12 1.1806E-12 1.2112E-12 1.2423E-12 1.2737E-12 1.3056E-12 1.3379E-12 1.3705E-12 1.4035E-12 1.4369E-12 1.4706E-12 1.5047E-12 1.5391E-12 1.5738E-12 1.6088E-12 1.6441E-12 1.6796E-12 1.7154E-12 1.7515E-12 1.7877E-12 1.8242E-12 1.8608E-12 1.8976E-12 1.9345E-12 1.9716E-12 2.0088E-12 2.0460E-12 2.0833E-12 2.1207E-12 2.1581E-12 2.1954E-12 2.2328E-12 2.2701E-12 2.3073E-12 2.3444E-12 2.3814E-12 2.4183E-12 2.4550E-12 2.4915E-12 2.5278E-12 2.5638E-12 2.5995E-12 2.6350E-12 2.6702E-12 2.7049E-12 2.7394E-12 2.7734E-12 2.8070E-12 2.8401E-12 2.8728E-12 2.9050E-12 2.9366E-12 2.9677E-12 2.9983E-12
1.0359E-12 1.0640E-12 1.0926E-12 1.1217E-12 1.1511E-12 1.1810E-12 1.2112E-12 1.2419E-12 1.2730E-12 1.3044E-12 1.3363E-12 1.3685E-12 1.4010E-12 1.4339E-12 1.4671E-12 1.5006E-12 1.5345E-12 1.5686E-12 1.6030E-12 1.6377E-12 1.6726E-12 1.7077E-12 1.7430E-12 1.7786E-12 1.8143E-12 1.8502E-12 1.8862E-12 1.9223E-12 1.9586E-12 1.9949E-12 2.0313E-12 2.0677E-12 2.1041E-12 2.1406E-12 2.1770E-12 2.2134E-12 2.2497E-12 2.2859E-12 2.3219E-12 2.3579E-12 2.3936E-12 2.4292E-12 2.4646E-12 2.4997E-12 2.5346E-12 2.5692E-12 2.6034E-12 2.6374E-12 2.6709E-12 2.7041E-12 2.7368E-12 2.7692E-12 2.8010E-12 2.8324E-12 2.8633E-12 2.8936E-12 2.9233E-12
1.0097E-12 1.0371E-12 1.0650E-12 1.0933E-12 1.1220E-12 1.1511E-12 1.1806E-12 1.2105E-12 1.2408E-12 1.2715E-12 1.3025E-12 1.3339E-12 1.3656E-12 1.3976E-12 1.4300E-12 1.4627E-12 1.4957E-12 1.5289E-12 1.5625E-12 1.5963E-12 1.6303E-12 1.6645E-12 1.6990E-12 1.7336E-12 1.7684E-12 1.8034E-12 1.8385E-12 1.8737E-12 1.9091E-12 1.9445E-12 1.9799E-12 2.0154E-12 2.0510E-12 2.0865E-12 2.1220E-12 2.1574E-12 2.1928E-12 2.2281E-12 2.2632E-12 2.2983E-12 2.3331E-12 2.3678E-12 2.4023E-12 2.4365E-12 2.4705E-12 2.5042E-12 2.5376E-12 2.5707E-12 2.6034E-12 2.6357E-12 2.6677E-12 2.6992E-12 2.7302E-12 2.7608E-12 2.7909E-12 2.8204E-12 2.8494E-12
9.8387E-13 1.0106E-12 1.0378E-12 1.0653E-12 1.0933E-12 1.1217E-12 1.1504E-12 1.1796E-12 1.2091E-12 1.2389E-12 1.2692E-12 1.2998E-12 1.3307E-12 1.3619E-12 1.3934E-12 1.4253E-12 1.4574E-12 1.4898E-12 1.5225E-12 1.5554E-12 1.5886E-12 1.6220E-12 1.6555E-12 1.6893E-12 1.7232E-12 1.7573E-12 1.7915E-12 1.8258E-12 1.8602E-12 1.8947E-12 1.9293E-12 1.9639E-12 1.9985E-12 2.0331E-12 2.0677E-12 2.1022E-12 2.1367E-12 2.1711E-12 2.2054E-12 2.2395E-12 2.2735E-12 2.3073E-12 2.3409E-12 2.3742E-12 2.4073E-12 2.4402E-12 2.4727E-12 2.5049E-12 2.5368E-12 2.5683E-12 2.5994E-12 2.6301E-12 2.6604E-12 2.6902E-12 2.7195E-12 2.7483E-12 2.7766E-12
9.5842E-13 9.8447E-13 1.0109E-12 1.0378E-12 1.0650E-12 1.0927E-12 1.1207E-12 1.1491E-12 1.1778E-12 1.2069E-12 1.2364E-12 1.2661E-12 1.2962E-12 1.3267E-12 1.3574E-12 1.3884E-12 1.4197E-12 1.4513E-12 1.4831E-12 1.5152E-12 1.5475E-12 1.5800E-12 1.6127E-12 1.6456E-12 1.6786E-12 1.7118E-12 1.7452E-12 1.7786E-12 1.8121E-12 1.8457E-12 1.8794E-12 1.9131E-12 1.9468E-12 1.9805E-12 2.0142E-12 2.0479E-12 2.0814E-12 2.1149E-12 2.1483E-12 2.1816E-12 2.2147E-12 2.2476E-12 2.2803E-12 2.3128E-12 2.3451E-12 2.3771E-12 2.4088E-12 2.4401E-12 2.4712E-12 2.5019E-12 2.5322E-12 2.5621E-12 2.5916E-12 2.6206E-12 2.6492E-12 2.6772E-12 2.7047E-12
9.3334E-13 9.5871E-13 9.8448E-13 1.0106E-12 1.0372E-12 1.0641E-12 1.0914E-12 1.1190E-12 1.1470E-12 1.1753E-12 1.2040E-12 1.2330E-12 1.2623E-12 1.2920E-12 1.3219E-12 1.3521E-12 1.3826E-12 1.4133E-12 1.4443E-12 1.4756E-12 1.5070E-12 1.5387E-12 1.5705E-12 1.6025E-12 1.6347E-12 1.6670E-12 1.6995E-12 1.7321E-12 1.7647E-12 1.7974E-12 1.8302E-12 1.8630E-12 1.8959E-12 1.9287E-12 1.9615E-12 1.9943E-12 2.0270E-12 2.0596E-12 2.0921E-12 2.1245E-12 2.1567E-12 2.1888E-12 2.2206E-12 2.2523E-12 2.2837E-12 2.3149E-12 2.3457E-12 2.3763E-12 2.4065E-12 2.4364E-12 2.4659E-12 2.4951E-12 2.5238E-12 2.5520E-12 2.5798E-12 2.6072E-12 2.6340E-12
9.0865E-13 9.3335E-13 9.5843E-13 9.8389E-13 1.0097E-12 1.0359E-12 1.0625E-12 1.0894E-12 1.1166E-12 1.1442E-12 1.1722E-12 1.2004E-12 1.2289E-12 1.2578E-12 1.2869E-12 1.3163E-12 1.3460E-12 1.3759E-12 1.4061E-12 1.4365E-12 1.4671E-12 1.4980E-12 1.5290E-12 1.5601E-12 1.5915E-12 1.6229E-12 1.6545E-12 1.6862E-12 1.7180E-12 1.7499E-12 1.7818E-12 1.8137E-12 1.8457E-12 1.8777E-12 1.9096E-12 1.9415E-12 1.9734E-12 2.0051E-12 2.0368E-12 2.0683E-12 2.0997E-12 2.1309E-12 2.1619E-12 2.1927E-12 2.2233E-12 2.2536E-12 2.2837E-12 2.3134E-12 2.3429E-12 2.3720E-12 2.4007E-12 2.4291E-12 2.4570E-12 2.4845E-12 2.5116E-12 2.5382E-12 2.5643E-12
8.8435E-13 9.0838E-13 9.3279E-13 9.5757E-13 9.8272E-13 1.0082E-12 1.0341E-12 1.0602E-12 1.0868E-12 1.1136E-12 1.1408E-12 1.1683E-12 1.1961E-12 1.2241E-12 1.2525E-12 1.2811E-12 1.3100E-12 1.3391E-12 1.3685E-12 1.3981E-12 1.4279E-12 1.4579E-12 1.4881E-12 1.5184E-12 1.5489E-12 1.5795E-12 1.6103E-12 1.6411E-12 1.6721E-12 1.7031E-12 1.7341E-12 1.7652E-12 1.7963E-12 1.8275E-12 1.8585E-12 1.8896E-12 1.9206E-12 1.9515E-12 1.9823E-12 2.0130E-12 2.0435E-12 2.0739E-12 2.1041E-12 2.1341E-12 2.1638E-12 2.1933E-12 2.2226E-12 2.2516E-12 2.2802E-12 2.3085E-12 2.3365E-12 2.3641E-12 2.3913E-12 2.4181E-12 2.4444E-12 2.4703E-12 2.4957E-12
8.6043E-13 8.8382E-13 9.0757E-13 9.3168E-13 9.5614E-13 9.8095E-13 1.0061E-12 1.0316E-12 1.0574E-12 1.0835E-12 1.1099E-12 1.1367E-12 1.1637E-12 1.1910E-12 1.2186E-12 1.2465E-12 1.2746E-12 1.3029E-12 1.3315E-12 1.3603E-12 1.3893E-12 1.4185E-12 1.4478E-12 1.4773E-12 1.5070E-12 1.5368E-12 1.5667E-12 1.5968E-12 1.6269E-12 1.6570E-12 1.6872E-12 1.7175E-12 1.7478E-12 1.7780E-12 1.8083E-12 1.8385E-12 1.8686E-12 1.8987E-12 1.9287E-12 1.9585E-12 1.9882E-12 2.0178E-12 2.0472E-12 2.0763E-12 2.1053E-12 2.1340E-12 2.1625E-12 2.1907E-12 2.2185E-12 2.2461E-12 2.2733E-12 2.3002E-12 2.3266E-12 2.3527E-12 2.3783E-12 2.4035E-12 2.4282E-12
8.3691E-13 8.5966E-13 8.8276E-13 9.0621E-13 9.3000E-13 9.5413E-13 9.7859E-13 1.0034E-12 1.0285E-12 1.0539E-12 1.0796E-12 1.1056E-12 1.1319E-12 1.1585E-12 1.1853E-12 1.2124E-12 1.2397E-12 1.2673E-12 1.2951E-12 1.3231E-12 1.3513E-12 1.3797E-12 1.4082E-12 1.4370E-12 1.4658E-12 1.4948E-12 1.5239E-12 1.5531E-12 1.5824E-12 1.6117E-12 1.6411E-12 1.6705E-12 1.7000E-12 1.7294E-12 1.7588E-12 1.7882E-12 1.8175E-12 1.8468E-12 1.8759E-12 1.9050E-12 1.9339E-12 1.9626E-12 1.9912E-12 2.0196E-12 2.0478E-12 2.0757E-12 2.1034E-12 2.1308E-12 2.1579E-12 2.1847E-12 2.2112E-12 2.2373E-12 2.2630E-12 2.2884E-12 2.3133E-12 2.3378E-12 2.3618E-12
8.1379E-13 8.3591E-13 8.5837E-13 8.8117E-13 9.0431E-13 9.2777E-13 9.5155E-13 9.7566E-13 1.0001E-12 1.0248E-12 1.0498E-12 1.0751E-12 1.1006E-12 1.1265E-12 1.1526E-12 1.1789E-12 1.2055E-12 1.2323E-12 1.2593E-12 1.2865E-12 1.3140E-12 1.3416E-12 1.3693E-12 1.3973E-12 1.4253E-12 1.4535E-12 1.4818E-12 1.5102E-12 1.5387E-12 1.5672E-12 1.5958E-12 1.6244E-12 1.6530E-12 1.6816E-12 1.7102E-12 1.7388E-12 1.7673E-12 1.7958E-12 1.8241E-12 1.8523E-12 1.8804E-12 1.9084E-12 1.9362E-12 1.9638E-12 1.9912E-12 2.0183E-12 2.0453E-12 2.0719E-12 2.0983E-12 2.1243E-12 2.1501E-12 2.1755E-12 2.2005E-12 2.2251E-12 2.2494E-12 2.2732E-12 2.2966E-12
7.9106E-13 8.1256E-13 8.3440E-13 8.5657E-13 8.7906E-13 9.0186E-13 9.2498E-13 9.4841E-13 9.7214E-13 9.9616E-13 1.0205E-12 1.0450E-12 1.0699E-12 1.0950E-12 1.1204E-12 1.1460E-12 1.1718E-12 1.1979E-12 1.2241E-12 1.2506E-12 1.2773E-12 1.3041E-12 1.3311E-12 1.3582E-12 1.3855E-12 1.4129E-12 1.4404E-12 1.4680E-12 1.4957E-12 1.5234E-12 1.5512E-12 1.5790E-12 1.6069E-12 1.6347E-12 1.6625E-12 1.6903E-12 1.7180E-12 1.7456E-12 1.7732E-12 1.8006E-12 1.8279E-12 1.8551E-12 1.8821E-12 1.9089E-12 1.9356E-12 1.9620E-12 1.9881E-12 2.0141E-12 2.0397E-12 2.0650E-12 2.0900E-12 2.1147E-12 2.1390E-12 2.1630E-12 2.1866E-12 2.2097E-12 2.2324E-12
7.6874E-13 7.8964E-13 8.1086E-13 8.3240E-13 8.5425E-13 8.7642E-13 8.9889E-13 9.2165E-13 9.4471E-13 9.6805E-13 9.9167E-13 1.0156E-12 1.0397E-12 1.0641E-12 1.0888E-12 1.1136E-12 1.1388E-12 1.1641E-12 1.1896E-12 1.2153E-12 1.2412E-12 1.2673E-12 1.2935E-12 1.3199E-12 1.3464E-12 1.3730E-12 1.3998E-12 1.4266E-12 1.4535E-12 1.4804E-12 1.5074E-12 1.5345E-12 1.5615E-12 1.5886E-12 1.6156E-12 1.6426E-12 1.6695E-12 1.6964E-12 1.7231E-12 1.7498E-12 1.7764E-12 1.8028E-12 1.8290E-12 1.8551E-12 1.8810E-12 1.9066E-12 1.9321E-12 1.9572E-12 1.9821E-12 2.0067E-12 2.0311E-12 2.0550E-12 2.0787E-12 2.1020E-12 2.1249E-12 2.1474E-12 2.1695E-12
7.4682E-13 7.6713E-13 7.8774E-13 8.0867E-13 8.2990E-13 8.5143E-13 8.7325E-13 8.9537E-13 9.1778E-13 9.4045E-13 9.6340E-13 9.8660E-13 1.0101E-12 1.0338E-12 1.0577E-12 1.0819E-12 1.1063E-12 1.1309E-12 1.1557E-12 1.1807E-12 1.2058E-12 1.2312E-12 1.2567E-12 1.2823E-12 1.3080E-12 1.3339E-12 1.3599E-12 1.3859E-12 1.4121E-12 1.4382E-12 1.4645E-12 1.4907E-12 1.5170E-12 1.5433E-12 1.5695E-12 1.5957E-12 1.6219E-12 1.6480E-12 1.6740E-12 1.6999E-12 1.7257E-12 1.7514E-12 1.7769E-12 1.8022E-12 1.8273E-12 1.8523E-12 1.8770E-12 1.9014E-12 1.9256E-12 1.9495E-12 1.9732E-12 1.9965E-12 2.0194E-12 2.0420E-12 2.0643E-12 2.0861E-12 2.1076E-12
7.2531E-13 7.4503E-13 7.6505E-13 7.8538E-13 8.0600E-13 8.2691E-13 8.4811E-13 8.6958E-13 8.9134E-13 9.1336E-13 9.3565E-13 9.5819E-13 9.8098E-13 1.0040E-12 1.0273E-12 1.0507E-12 1.0744E-12 1.0983E-12 1.1224E-12 1.1467E-12 1.1711E-12 1.1957E-12 1.2205E-12 1.2453E-12 1.2704E-12 1.2955E-12 1.3207E-12 1.3460E-12 1.3714E-12 1.3968E-12 1.4223E-12 1.4478E-12 1.4733E-12 1.4988E-12 1.5243E-12 1.5498E-12 1.5752E-12 1.6005E-12 1.6258E-12 1.6510E-12 1.6760E-12 1.7009E-12 1.7257E-12 1.7503E-12 1.7747E-12 1.7989E-12 1.8229E-12 1.8467E-12 1.8702E-12 1.8934E-12 1.9163E-12 1.9390E-12 1.9613E-12 1.9832E-12 2.0048E-12 2.0261E-12 2.0469E-12
7.0421E-13 7.2336E-13 7.4279E-13 7.6252E-13 7.8254E-13 8.0285E-13 8.2343E-13 8.4429E-13 8.6540E-13 8.8679E-13 9.0842E-13 9.3031E-13 9.5243E-13 9.7479E-13 9.9737E-13 1.0202E-12 1.0432E-12 1.0664E-12 1.0898E-12 1.1133E-12 1.1370E-12 1.1609E-12 1.1850E-12 1.2091E-12 1.2334E-12 1.2578E-12 1.2823E-12 1.3068E-12 1.3315E-12 1.3562E-12 1.3809E-12 1.4057E-12 1.4304E-12 1.4552E-12 1.4800E-12 1.5047E-12 1.5294E-12 1.5540E-12 1.5785E-12 1.6029E-12 1.6272E-12 1.6514E-12 1.6755E-12 1.6994E-12 1.7231E-12 1.7466E-12 1.7699E-12 1.7929E-12 1.8157E-12 1.8383E-12 1.8606E-12 1.8825E-12 1.9042E-12 1.9255E-12 1.9465E-12 1.9671E-12 1.9873E-12
6.8351E-13 7.0209E-13 7.2096E-13 7.4012E-13 7.5955E-13 7.7925E-13 7.9923E-13 8.1947E-13 8.3997E-13 8.6073E-13 8.8173E-13 9.0297E-13 9.2444E-13 9.4614E-13 9.6806E-13 9.9018E-13 1.0125E-12 1.0350E-12 1.0577E-12 1.0806E-12 1.1036E-12 1.1268E-12 1.1501E-12 1.1736E-12 1.1972E-12 1.2208E-12 1.2446E-12 1.2684E-12 1.2924E-12 1.3163E-12 1.3403E-12 1.3644E-12 1.3884E-12 1.4124E-12 1.4365E-12 1.4605E-12 1.4844E-12 1.5083E-12 1.5321E-12 1.5558E-12 1.5794E-12 1.6029E-12 1.6262E-12 1.6494E-12 1.6724E-12 1.6952E-12 1.7179E-12 1.7402E-12 1.7624E-12 1.7843E-12 1.8059E-12 1.8272E-12 1.8482E-12 1.8689E-12 1.8893E-12 1.9093E-12 1.9289E-12
6.6323E-13 6.8126E-13 6.9956E-13 7.1815E-13 7.3700E-13 7.5612E-13 7.7551E-13 7.9515E-13 8.1504E-13 8.3518E-13 8.5556E-13 8.7617E-13 8.9701E-13 9.1806E-13 9.3932E-13 9.6079E-13 9.8245E-13 1.0043E-12 1.0263E-12 1.0485E-12 1.0709E-12 1.0934E-12 1.1160E-12 1.1387E-12 1.1616E-12 1.1846E-12 1.2076E-12 1.2308E-12 1.2540E-12 1.2772E-12 1.3005E-12 1.3239E-12 1.3472E-12 1.3705E-12 1.3938E-12 1.4171E-12 1.4404E-12 1.4635E-12 1.4866E-12 1.5096E-12 1.5325E-12 1.5553E-12 1.5780E-12 1.6005E-12 1.6228E-12 1.6449E-12 1.6669E-12 1.6886E-12 1.7101E-12 1.7313E-12 1.7523E-12 1.7730E-12 1.7934E-12 1.8135E-12 1.8332E-12 1.8526E-12 1.8717E-12
