Assets/Resources/2015_m01_d15_0500(utc+0800)_l00_csi_1hr_conc.grd
DSAA
         159         159
     -79.000      79.000
     -79.000      79.000
  0.0000E+00  0.4561E-05
[rows 0 to 24 of 159, columns 0 to 56 of 159]
5.9733E-10 6.3389E-10 6.6977E-10 7.0696E-10 7.4669E-10 7.8916E-10 8.3090E-10 8.7401E-10 9.1977E-10 9.6840E-10 1.0162E-09 1.0653E-09 1.1185E-09 1.1721E-09 1.2259E-09 1.2818E-09 1.3399E-09 1.3979E-09 1.4572E-09 1.5203E-09 1.5823E-09 1.6479E-09 1.7124E-09 1.7805E-09 1.8473E-09 1.9158E-09 1.9863E-09 2.0559E-09 2.1288E-09 2.2001E-09 2.2719E-09 2.3469E-09 2.4197E-09 2.4929E-09 2.5700E-09 2.6438E-09 2.7174E-09 2.7948E-09 2.8684E-09 2.9416E-09 3.0182E-09 3.0907E-09 3.1624E-09 3.2359E-09 3.3072E-09 3.3763E-09 3.4440E-09 3.5145E-09 3.5796E-09 3.6431E-09 3.7071E-09 3.7682E-09 3.8263E-09 3.8820E-09 3.9390E-09 3.9903E-09 4.0391E-09
6.1102E-10 6.4560E-10 6.8146E-10 7.1981E-10 7.6087E-10 8.0116E-10 8.4279E-10 8.8704E-10 9.3413E-10 9.8032E-10 1.0279E-09 1.0795E-09 1.1314E-09 1.1836E-09 1.2378E-09 1.2935E-09 1.3506E-09 1.4082E-09 1.4695E-09 1.5298E-09 1.5921E-09 1.6565E-09 1.7204E-09 1.7880E-09 1.8541E-09 1.9238E-09 1.9920E-09 2.0609E-09 2.1333E-09 2.2038E-09 2.2774E-09 2.3492E-09 2.4213E-09 2.4974E-09 2.5702E-09 2.6432E-09 2.7199E-09 2.7931E-09 2.8661E-09 2.9424E-09 3.0148E-09 3.0867E-09 3.1591E-09 3.2322E-09 3.3019E-09 3.3705E-09 3.4421E-09 3.5086E-09 3.5736E-09 3.6392E-09 3.7023E-09 3.7624E-09 3.8217E-09 3.8801E-09 3.9342E-09 3.9859E-09 4.0376E-09
6.2198E-10 6.5653E-10 6.9353E-10 7.3319E-10 7.7206E-10 8.1222E-10 8.5616E-10 9.0054E-10 9.4516E-10 9.9235E-10 1.0411E-09 1.0915E-09 1.1419E-09 1.1945E-09 1.2493E-09 1.3039E-09 1.3598E-09 1.4186E-09 1.4780E-09 1.5378E-09 1.6012E-09 1.6635E-09 1.7284E-09 1.7938E-09 1.8601E-09 1.9284E-09 1.9958E-09 2.0667E-09 2.1358E-09 2.2054E-09 2.2784E-09 2.3494E-09 2.4207E-09 2.4963E-09 2.5683E-09 2.6405E-09 2.7167E-09 2.7891E-09 2.8612E-09 2.9371E-09 3.0089E-09 3.0801E-09 3.1548E-09 3.2250E-09 3.2942E-09 3.3664E-09 3.4339E-09 3.5001E-09 3.5671E-09 3.6317E-09 3.6937E-09 3.7550E-09 3.8158E-09 3.8724E-09 3.9269E-09 3.9814E-09 4.0326E-09
6.3221E-10 6.6896E-10 7.0616E-10 7.4362E-10 7.8234E-10 8.2480E-10 8.6767E-10 9.1075E-10 9.5637E-10 1.0047E-09 1.0523E-09 1.1011E-09 1.1527E-09 1.2051E-09 1.2580E-09 1.3130E-09 1.3693E-09 1.4270E-09 1.4851E-09 1.5459E-09 1.6073E-09 1.6689E-09 1.7342E-09 1.7980E-09 1.8653E-09 1.9312E-09 1.9987E-09 2.0681E-09 2.1364E-09 2.2079E-09 2.2776E-09 2.3477E-09 2.4220E-09 2.4930E-09 2.5642E-09 2.6395E-09 2.7112E-09 2.7828E-09 2.8583E-09 2.9297E-09 3.0008E-09 3.0754E-09 3.1457E-09 3.2152E-09 3.2880E-09 3.3561E-09 3.4231E-09 3.4913E-09 3.5573E-09 3.6208E-09 3.6839E-09 3.7466E-09 3.8053E-09 3.8622E-09 3.9205E-09 3.9734E-09 4.0241E-09
6.4395E-10 6.7980E-10 7.1589E-10 7.5320E-10 7.9419E-10 8.3556E-10 8.7713E-10 9.2119E-10 9.6797E-10 1.0139E-09 1.0611E-09 1.1110E-09 1.1617E-09 1.2130E-09 1.2663E-09 1.3209E-09 1.3769E-09 1.4332E-09 1.4915E-09 1.5519E-09 1.6119E-09 1.6744E-09 1.7375E-09 1.8014E-09 1.8673E-09 1.9324E-09 2.0009E-09 2.0678E-09 2.1360E-09 2.2060E-09 2.2748E-09 2.3477E-09 2.4177E-09 2.4879E-09 2.5620E-09 2.6329E-09 2.7037E-09 2.7784E-09 2.8494E-09 2.9201E-09 2.9943E-09 3.0646E-09 3.1343E-09 3.2060E-09 3.2759E-09 3.3436E-09 3.4114E-09 3.4795E-09 3.5442E-09 3.6087E-09 3.6729E-09 3.7335E-09 3.7924E-09 3.8531E-09 3.9087E-09 3.9621E-09 4.0158E-09
6.5414E-10 6.8888E-10 7.2481E-10 7.6435E-10 8.0426E-10 8.4433E-10 8.8686E-10 9.3207E-10 9.7638E-10 1.0220E-09 1.0703E-09 1.1193E-09 1.1689E-09 1.2205E-09 1.2741E-09 1.3276E-09 1.3823E-09 1.4397E-09 1.4975E-09 1.5558E-09 1.6158E-09 1.6779E-09 1.7393E-09 1.8042E-09 1.8677E-09 1.9328E-09 1.9998E-09 2.0657E-09 2.1350E-09 2.2024E-09 2.2703E-09 2.3425E-09 2.4115E-09 2.4808E-09 2.5543E-09 2.6243E-09 2.6942E-09 2.7683E-09 2.8385E-09 2.9098E-09 2.9823E-09 3.0518E-09 3.1208E-09 3.1936E-09 3.2616E-09 3.3288E-09 3.3987E-09 3.4643E-09 3.5288E-09 3.5956E-09 3.6578E-09 3.7185E-09 3.7811E-09 3.8388E-09 3.8947E-09 3.9510E-09 4.0042E-09
6.6262E-10 6.9827E-10 7.3639E-10 7.7380E-10 8.1240E-10 8.5341E-10 8.9707E-10 9.3982E-10 9.8379E-10 1.0305E-09 1.0779E-09 1.1258E-09 1.1757E-09 1.2276E-09 1.2794E-09 1.3323E-09 1.3880E-09 1.4441E-09 1.5006E-09 1.5590E-09 1.6193E-09 1.6791E-09 1.7397E-09 1.8040E-09 1.8666E-09 1.9327E-09 1.9971E-09 2.0630E-09 2.1306E-09 2.1971E-09 2.2678E-09 2.3355E-09 2.4036E-09 2.4758E-09 2.5448E-09 2.6139E-09 2.6870E-09 2.7564E-09 2.8258E-09 2.8990E-09 2.9682E-09 3.0370E-09 3.1096E-09 3.1778E-09 3.2454E-09 3.3157E-09 3.3820E-09 3.4472E-09 3.5150E-09 3.5785E-09 3.6406E-09 3.7048E-09 3.7644E-09 3.8223E-09 3.8811E-09 3.9370E-09 3.9899E-09
6.7144E-10 7.0818E-10 7.4418E-10 7.8135E-10 8.2198E-10 8.6301E-10 9.0422E-10 9.4729E-10 9.9236E-10 1.0374E-09 1.0837E-09 1.1326E-09 1.1822E-09 1.2323E-09 1.2842E-09 1.3374E-09 1.3918E-09 1.4466E-09 1.5032E-09 1.5618E-09 1.6199E-09 1.6788E-09 1.7413E-09 1.8023E-09 1.8649E-09 1.9294E-09 1.9928E-09 2.0596E-09 2.1247E-09 2.1902E-09 2.2602E-09 2.3269E-09 2.3965E-09 2.4656E-09 2.5336E-09 2.6056E-09 2.6742E-09 2.7427E-09 2.8152E-09 2.8839E-09 2.9524E-09 3.0246E-09 3.0927E-09 3.1603E-09 3.2308E-09 3.2974E-09 3.3633E-09 3.4317E-09 3.4961E-09 3.5594E-09 3.6251E-09 3.6863E-09 3.7461E-09 3.8068E-09 3.8650E-09 3.9203E-09 3.9750E-09
6.8079E-10 7.1543E-10 7.5119E-10 7.9036E-10 8.2990E-10 8.6960E-10 9.1112E-10 9.5461E-10 9.9810E-10 1.0427E-09 1.0900E-09 1.1379E-09 1.1863E-09 1.2365E-09 1.2887E-09 1.3407E-09 1.3937E-09 1.4494E-09 1.5054E-09 1.5618E-09 1.6199E-09 1.6790E-09 1.7391E-09 1.7992E-09 1.8627E-09 1.9247E-09 1.9880E-09 2.0532E-09 2.1173E-09 2.1856E-09 2.2510E-09 2.3168E-09 2.3869E-09 2.4537E-09 2.5207E-09 2.5921E-09 2.6598E-09 2.7274E-09 2.7993E-09 2.8672E-09 2.9388E-09 3.0066E-09 3.0740E-09 3.1444E-09 3.2112E-09 3.2774E-09 3.3464E-09 3.4115E-09 3.4756E-09 3.5423E-09 3.6049E-09 3.6661E-09 3.7285E-09 3.7885E-09 3.8460E-09 3.9033E-09 3.9602E-09
6.8755E-10 7.2195E-10 7.5968E-10 7.9776E-10 8.3598E-10 8.7599E-10 9.1793E-10 9.5984E-10 1.0029E-09 1.0485E-09 1.0947E-09 1.1414E-09 1.1900E-09 1.2405E-09 1.2908E-09 1.3421E-09 1.3960E-09 1.4503E-09 1.5050E-09 1.5613E-09 1.6187E-09 1.6771E-09 1.7356E-09 1.7957E-09 1.8576E-09 1.9186E-09 1.9820E-09 2.0454E-09 2.1084E-09 2.1759E-09 2.2404E-09 2.3077E-09 2.3745E-09 2.4404E-09 2.5104E-09 2.5771E-09 2.6438E-09 2.7146E-09 2.7818E-09 2.8488E-09 2.9200E-09 2.9872E-09 3.0540E-09 3.1240E-09 3.1903E-09 3.2573E-09 3.3250E-09 3.3898E-09 3.4560E-09 3.5206E-09 3.5831E-09 3.6458E-09 3.7088E-09 3.7681E-09 3.8272E-09 3.8864E-09 3.9416E-09
6.9362E-10 7.2995E-10 7.6661E-10 8.0338E-10 8.4191E-10 8.8232E-10 9.2269E-10 9.6417E-10 1.0082E-09 1.0528E-09 1.0979E-09 1.1447E-09 1.1935E-09 1.2421E-09 1.2917E-09 1.3439E-09 1.3965E-09 1.4494E-09 1.5040E-09 1.5605E-09 1.6165E-09 1.6732E-09 1.7325E-09 1.7919E-09 1.8512E-09 1.9112E-09 1.9747E-09 2.0362E-09 2.1008E-09 2.1650E-09 2.2284E-09 2.2962E-09 2.3608E-09 2.4256E-09 2.4949E-09 2.5606E-09 2.6304E-09 2.6967E-09 2.7630E-09 2.8334E-09 2.9000E-09 2.9664E-09 3.0361E-09 3.1022E-09 3.1680E-09 3.2370E-09 3.3023E-09 3.3668E-09 3.4344E-09 3.4978E-09 3.5603E-09 3.6257E-09 3.6866E-09 3.7462E-09 3.8084E-09 3.8658E-09 3.9218E-09
7.0117E-10 7.3644E-10 7.7181E-10 8.0888E-10 8.4780E-10 8.8667E-10 9.2662E-10 9.6905E-10 1.0121E-09 1.0555E-09 1.1014E-09 1.1479E-09 1.1948E-09 1.2434E-09 1.2932E-09 1.3441E-09 1.3953E-09 1.4482E-09 1.5029E-09 1.5571E-09 1.6122E-09 1.6698E-09 1.7275E-09 1.7852E-09 1.8436E-09 1.9054E-09 1.9653E-09 2.0259E-09 2.0908E-09 2.1528E-09 2.2177E-09 2.2822E-09 2.3458E-09 2.4137E-09 2.4782E-09 2.5430E-09 2.6121E-09 2.6775E-09 2.7430E-09 2.8128E-09 2.8787E-09 2.9479E-09 3.0138E-09 3.0795E-09 3.1483E-09 3.2137E-09 3.2785E-09 3.3464E-09 3.4104E-09 3.4737E-09 3.5400E-09 3.6021E-09 3.6632E-09 3.7271E-09 3.7863E-09 3.8442E-09 3.9047E-09
7.0725E-10 7.4126E-10 7.7692E-10 8.1438E-10 8.5178E-10 8.9023E-10 9.3174E-10 9.7255E-10 1.0144E-09 1.0587E-09 1.1035E-09 1.1488E-09 1.1957E-09 1.2445E-09 1.2930E-09 1.3425E-09 1.3945E-09 1.4468E-09 1.4993E-09 1.5534E-09 1.6085E-09 1.6646E-09 1.7206E-09 1.7782E-09 1.8366E-09 1.8958E-09 1.9548E-09 2.0181E-09 2.0786E-09 2.1395E-09 2.2049E-09 2.2671E-09 2.3309E-09 2.3968E-09 2.4604E-09 2.5282E-09 2.5927E-09 2.6573E-09 2.7262E-09 2.7914E-09 2.8565E-09 2.9252E-09 2.9905E-09 3.0590E-09 3.1242E-09 3.1891E-09 3.2572E-09 3.3216E-09 3.3855E-09 3.4525E-09 3.5154E-09 3.5776E-09 3.6426E-09 3.7033E-09 3.7629E-09 3.8251E-09 3.8828E-09
7.1172E-10 7.4601E-10 7.8206E-10 8.1802E-10 8.5562E-10 8.9500E-10 9.3429E-10 9.7461E-10 1.0173E-09 1.0605E-09 1.1042E-09 1.1495E-09 1.1966E-09 1.2434E-09 1.2912E-09 1.3415E-09 1.3921E-09 1.4429E-09 1.4953E-09 1.5487E-09 1.6031E-09 1.6575E-09 1.7134E-09 1.7710E-09 1.8278E-09 1.8852E-09 1.9444E-09 2.0058E-09 2.0652E-09 2.1264E-09 2.1897E-09 2.2510E-09 2.3166E-09 2.3790E-09 2.4417E-09 2.5088E-09 2.5725E-09 2.6388E-09 2.7045E-09 2.7689E-09 2.8368E-09 2.9016E-09 2.9663E-09 3.0346E-09 3.0993E-09 3.1637E-09 3.2318E-09 3.2960E-09 3.3632E-09 3.4267E-09 3.4896E-09 3.5556E-09 3.6175E-09 3.6786E-09 3.7424E-09 3.8018E-09 3.8600E-09
7.1615E-10 7.5082E-10 7.8539E-10 8.2156E-10 8.5946E-10 8.9727E-10 9.3608E-10 9.7722E-10 1.0189E-09 1.0609E-09 1.1046E-09 1.1501E-09 1.1953E-09 1.2414E-09 1.2900E-09 1.3389E-09 1.3880E-09 1.4388E-09 1.4913E-09 1.5432E-09 1.5959E-09 1.6502E-09 1.7061E-09 1.7613E-09 1.8171E-09 1.8747E-09 1.9345E-09 1.9925E-09 2.0509E-09 2.1139E-09 2.1738E-09 2.2340E-09 2.2989E-09 2.3604E-09 2.4247E-09 2.4885E-09 2.5512E-09 2.6184E-09 2.6820E-09 2.7467E-09 2.8131E-09 2.8772E-09 2.9448E-09 3.0092E-09 3.0735E-09 3.1412E-09 3.2054E-09 3.2693E-09 3.3368E-09 3.4003E-09 3.4644E-09 3.5295E-09 3.5916E-09 3.6554E-09 3.7174E-09 3.7772E-09 3.8399E-09
7.2066E-10 7.5389E-10 7.8866E-10 8.2512E-10 8.6149E-10 8.9882E-10 9.3844E-10 9.7857E-10 1.0190E-09 1.0612E-09 1.1050E-09 1.1486E-09 1.1938E-09 1.2400E-09 1.2873E-09 1.3348E-09 1.3838E-09 1.4347E-09 1.4849E-09 1.5359E-09 1.5893E-09 1.6429E-09 1.6964E-09 1.7505E-09 1.8078E-09 1.8648E-09 1.9212E-09 1.9782E-09 2.0384E-09 2.0980E-09 2.1569E-09 2.2188E-09 2.2803E-09 2.3409E-09 2.4059E-09 2.4675E-09 2.5320E-09 2.5960E-09 2.6587E-09 2.7252E-09 2.7885E-09 2.8519E-09 2.9193E-09 2.9832E-09 3.0505E-09 3.1146E-09 3.1784E-09 3.2459E-09 3.3096E-09 3.3729E-09 3.4397E-09 3.5024E-09 3.5647E-09 3.6304E-09 3.6916E-09 3.7557E-09 3.8155E-09
7.2349E-10 7.5691E-10 7.9197E-10 8.2694E-10 8.6284E-10 9.0097E-10 9.3960E-10 9.7856E-10 1.0198E-09 1.0614E-09 1.1034E-09 1.1470E-09 1.1923E-09 1.2373E-09 1.2831E-09 1.3312E-09 1.3797E-09 1.4282E-09 1.4776E-09 1.5294E-09 1.5813E-09 1.6331E-09 1.6856E-09 1.7413E-09 1.7967E-09 1.8516E-09 1.9083E-09 1.9657E-09 2.0239E-09 2.0814E-09 2.1406E-09 2.2019E-09 2.2611E-09 2.3233E-09 2.3851E-09 2.4458E-09 2.5110E-09 2.5728E-09 2.6359E-09 2.7007E-09 2.7634E-09 2.8298E-09 2.8932E-09 2.9565E-09 3.0236E-09 3.0872E-09 3.1542E-09 3.2181E-09 3.2817E-09 3.3487E-09 3.4120E-09 3.4748E-09 3.5411E-09 3.6033E-09 3.6674E-09 3.7297E-09 3.7900E-09
7.2572E-10 7.6000E-10 7.9359E-10 8.2811E-10 8.6479E-10 9.0196E-10 9.3945E-10 9.7913E-10 1.0193E-09 1.0597E-09 1.1017E-09 1.1454E-09 1.1888E-09 1.2330E-09 1.2795E-09 1.3263E-09 1.3733E-09 1.4210E-09 1.4711E-09 1.5213E-09 1.5716E-09 1.6236E-09 1.6766E-09 1.7304E-09 1.7837E-09 1.8388E-09 1.8947E-09 1.9514E-09 2.0074E-09 2.0652E-09 2.1250E-09 2.1829E-09 2.2412E-09 2.3040E-09 2.3636E-09 2.4261E-09 2.4881E-09 2.5490E-09 2.6138E-09 2.6757E-09 2.7388E-09 2.8036E-09 2.8663E-09 2.9328E-09 2.9961E-09 3.0593E-09 3.1263E-09 3.1898E-09 3.2568E-09 3.3203E-09 3.3835E-09 3.4500E-09 3.5130E-09 3.5755E-09 3.6414E-09 3.7030E-09 3.7678E-09
7.2917E-10 7.6145E-10 7.9461E-10 8.2990E-10 8.6564E-10 9.0170E-10 9.3990E-10 9.7855E-10 1.0175E-09 1.0580E-09 1.1001E-09 1.1419E-09 1.1845E-09 1.2294E-09 1.2746E-09 1.3199E-09 1.3661E-09 1.4145E-09 1.4632E-09 1.5118E-09 1.5622E-09 1.6146E-09 1.6657E-09 1.7175E-09 1.7710E-09 1.8266E-09 1.8805E-09 1.9351E-09 1.9914E-09 2.0497E-09 2.1063E-09 2.1632E-09 2.2233E-09 2.2829E-09 2.3415E-09 2.4047E-09 2.4646E-09 2.5258E-09 2.5890E-09 2.6501E-09 2.7151E-09 2.7770E-09 2.8402E-09 2.9053E-09 2.9680E-09 3.0345E-09 3.0976E-09 3.1608E-09 3.2279E-09 3.2913E-09 3.3544E-09 3.4214E-09 3.4843E-09 3.5509E-09 3.6133E-09 3.6791E-09 3.7409E-09
7.3048E-10 7.6234E-10 7.9626E-10 8.3062E-10 8.6529E-10 9.0205E-10 9.3924E-10 9.7672E-10 1.0157E-09 1.0563E-09 1.0966E-09 1.1376E-09 1.1810E-09 1.2246E-09 1.2683E-09 1.3136E-09 1.3604E-09 1.4067E-09 1.4537E-09 1.5026E-09 1.5534E-09 1.6029E-09 1.6530E-09 1.7061E-09 1.7590E-09 1.8115E-09 1.8644E-09 1.9205E-09 1.9762E-09 2.0313E-09 2.0868E-09 2.1456E-09 2.2038E-09 2.2612E-09 2.3202E-09 2.3816E-09 2.4406E-09 2.5035E-09 2.5637E-09 2.6252E-09 2.6886E-09 2.7498E-09 2.8150E-09 2.8772E-09 2.9395E-09 3.0058E-09 3.0686E-09 3.1352E-09 3.1985E-09 3.2616E-09 3.3285E-09 3.3918E-09 3.4587E-09 3.5218E-09 3.5884E-09 3.6511E-09 3.7146E-09
7.3126E-10 7.6386E-10 7.9688E-10 8.3020E-10 8.6556E-10 9.0133E-10 9.3739E-10 9.7490E-10 1.0140E-09 1.0528E-09 1.0924E-09 1.1341E-09 1.1762E-09 1.2184E-09 1.2621E-09 1.3073E-09 1.3521E-09 1.3975E-09 1.4447E-09 1.4939E-09 1.5419E-09 1.5904E-09 1.6420E-09 1.6933E-09 1.7442E-09 1.7956E-09 1.8502E-09 1.9044E-09 1.9580E-09 2.0134E-09 2.0695E-09 2.1263E-09 2.1824E-09 2.2403E-09 2.3002E-09 2.3580E-09 2.4173E-09 2.4785E-09 2.5379E-09 2.6013E-09 2.6617E-09 2.7235E-09 2.7872E-09 2.8488E-09 2.9142E-09 2.9766E-09 3.0389E-09 3.1055E-09 3.1685E-09 3.2352E-09 3.2985E-09 3.3617E-09 3.4289E-09 3.4920E-09 3.5591E-09 3.6220E-09 3.6888E-09
7.3267E-10 7.6440E-10 7.9641E-10 8.3040E-10 8.6481E-10 8.9948E-10 9.3557E-10 9.7322E-10 1.0105E-09 1.0486E-09 1.0889E-09 1.1295E-09 1.1701E-09 1.2123E-09 1.2560E-09 1.2991E-09 1.3430E-09 1.3897E-09 1.4363E-09 1.4827E-09 1.5297E-09 1.5796E-09 1.6294E-09 1.6788E-09 1.7298E-09 1.7817E-09 1.8344E-09 1.8866E-09 1.9405E-09 1.9952E-09 2.0506E-09 2.1053E-09 2.1618E-09 2.2204E-09 2.2770E-09 2.3340E-09 2.3950E-09 2.4533E-09 2.5130E-09 2.5747E-09 2.6344E-09 2.6981E-09 2.7589E-09 2.8210E-09 2.8851E-09 2.9470E-09 3.0128E-09 3.0754E-09 3.1380E-09 3.2047E-09 3.2678E-09 3.3349E-09 3.3984E-09 3.4657E-09 3.5292E-09 3.5965E-09 3.6597E-09
7.3314E-10 7.6389E-10 7.9656E-10 8.2963E-10 8.6296E-10 8.9767E-10 9.3390E-10 9.6981E-10 1.0065E-09 1.0453E-09 1.0843E-09 1.1235E-09 1.1642E-09 1.2063E-09 1.2480E-09 1.2903E-09 1.3354E-09 1.3805E-09 1.4253E-09 1.4708E-09 1.5192E-09 1.5674E-09 1.6152E-09 1.6648E-09 1.7162E-09 1.7663E-09 1.8170E-09 1.8694E-09 1.9238E-09 1.9766E-09 2.0299E-09 2.0851E-09 2.1423E-09 2.1976E-09 2.2533E-09 2.3119E-09 2.3701E-09 2.4276E-09 2.4891E-09 2.5478E-09 2.6080E-09 2.6701E-09 2.7303E-09 2.7944E-09 2.8555E-09 2.9180E-09 2.9825E-09 3.0447E-09 3.1109E-09 3.1738E-09 3.2405E-09 3.3039E-09 3.3712E-09 3.4349E-09 3.5024E-09 3.5663E-09 3.6326E-09
7.3261E-10 7.6346E-10 7.9578E-10 8.2781E-10 8.6118E-10 8.9604E-10 9.3058E-10 9.6587E-10 1.0032E-09 1.0408E-09 1.0786E-09 1.1177E-09 1.1584E-09 1.1986E-09 1.2394E-09 1.2830E-09 1.3266E-09 1.3698E-09 1.4138E-09 1.4606E-09 1.5073E-09 1.5536E-09 1.6016E-09 1.6516E-09 1.7001E-09 1.7493E-09 1.8002E-09 1.8532E-09 1.9045E-09 1.9564E-09 2.0114E-09 2.0660E-09 2.1199E-09 2.1754E-09 2.2316E-09 2.2885E-09 2.3448E-09 2.4028E-09 2.4626E-09 2.5206E-09 2.5813E-09 2.6417E-09 2.7024E-09 2.7651E-09 2.8257E-09 2.8903E-09 2.9519E-09 3.0137E-09 3.0797E-09 3.1422E-09 3.2091E-09 3.2723E-09 3.3398E-09 3.4035E-09 3.4715E-09 3.5355E-09 3.6036E-09
7.3216E-10 7.6322E-10 7.9399E-10 8.2607E-10 8.5959E-10 8.9280E-10 9.2674E-10 9.6268E-10 9.9891E-10 1.0353E-09 1.0730E-09 1.1122E-09 1.1509E-09 1.1903E-09 1.2324E-09 1.2744E-09 1.3162E-09 1.3586E-09 1.4049E-09 1.4491E-09 1.4939E-09 1.5404E-09 1.5888E-09 1.6359E-09 1.6835E-09 1.7341E-09 1.7844E-09 1.8343E-09 1.8847E-09 1.9383E-09 1.9914E-09 2.0440E-09 2.0982E-09 2.1541E-09 2.2086E-09 2.2636E-09 2.3215E-09 2.3789E-09 2.4358E-09 2.4942E-09 2.5546E-09 2.6131E-09 2.6745E-09 2.7354E-09 2.7966E-09 2.8598E-09 2.9209E-09 2.9862E-09 3.0482E-09 3.1143E-09 3.1772E-09 3.2443E-09 3.3078E-09 3.3756E-09 3.4398E-09 3.5082E-09 3.5726E-09
