Assets/Resources/2015_m01_d03_1100(utc+0800)_l00_csi_1hr_conc.grd
DSAA
         159         159
     -79.000      79.000
     -79.000      79.000
  0.3478E-10  0.1350E-05
[rows 75 to 99 of 159, columns 0 to 56 of 159]
1.5592E-10 1.6578E-10 1.7661E-10 1.8697E-10 1.9880E-10 2.1068E-10 2.2258E-10 2.3601E-10 2.4951E-10 2.6306E-10 2.7768E-10 2.9342E-10 3.0872E-10 3.2528E-10 3.4315E-10 3.6036E-10 3.7923E-10 3.9878E-10 4.1798E-10 4.3892E-10 4.6055E-10 4.8185E-10 5.0457E-10 5.2839E-10 5.5220E-10 5.7698E-10 6.0278E-10 6.2871E-10 6.5569E-10 6.8371E-10 7.1186E-10 7.4109E-10 7.7104E-10 8.0173E-10 8.3319E-10 8.6538E-10 8.9830E-10 9.3199E-10 9.6639E-10 1.0015E-09 1.0379E-09 1.0750E-09 1.1128E-09 1.1515E-09 1.1909E-09 1.2310E-09 1.2707E-09 1.3110E-09 1.3526E-09 1.3955E-09 1.4391E-09 1.4827E-09 1.5262E-09 1.5718E-09 1.6188E-09 1.6719E-09 1.7322E-09
1.5648E-10 1.6657E-10 1.7716E-10 1.8750E-10 1.9957E-10 2.1120E-10 2.2307E-10 2.3673E-10 2.4997E-10 2.6349E-10 2.7833E-10 2.9378E-10 3.0904E-10 3.2591E-10 3.4342E-10 3.6057E-10 3.7940E-10 3.9890E-10 4.1805E-10 4.3895E-10 4.6054E-10 4.8177E-10 5.0481E-10 5.2857E-10 5.5198E-10 5.7700E-10 6.0273E-10 6.2831E-10 6.5555E-10 6.8322E-10 7.1131E-10 7.4047E-10 7.7070E-10 8.0103E-10 8.3246E-10 8.6493E-10 8.9749E-10 9.3115E-10 9.6585E-10 1.0006E-09 1.0370E-09 1.0747E-09 1.1120E-09 1.1507E-09 1.1907E-09 1.2303E-09 1.2701E-09 1.3104E-09 1.3527E-09 1.3958E-09 1.4395E-09 1.4826E-09 1.5270E-09 1.5728E-09 1.6208E-09 1.6768E-09 1.7392E-09
1.5696E-10 1.6729E-10 1.7763E-10 1.8796E-10 2.0025E-10 2.1162E-10 2.2346E-10 2.3735E-10 2.5031E-10 2.6378E-10 2.7886E-10 2.9402E-10 3.0923E-10 3.2638E-10 3.4352E-10 3.6061E-10 3.7975E-10 3.9887E-10 4.1794E-10 4.3914E-10 4.6033E-10 4.8149E-10 5.0485E-10 5.2819E-10 5.5151E-10 5.7676E-10 6.0215E-10 6.2765E-10 6.5514E-10 6.8273E-10 7.1046E-10 7.3989E-10 7.7004E-10 8.0000E-10 8.3169E-10 8.6409E-10 8.9629E-10 9.3025E-10 9.6459E-10 9.9932E-10 1.0362E-09 1.0734E-09 1.1113E-09 1.1500E-09 1.1895E-09 1.2291E-09 1.2689E-09 1.3093E-09 1.3523E-09 1.3954E-09 1.4387E-09 1.4819E-09 1.5272E-09 1.5731E-09 1.6221E-09 1.6833E-09 1.7435E-09
1.5738E-10 1.6793E-10 1.7803E-10 1.8833E-10 2.0061E-10 2.1195E-10 2.2375E-10 2.3762E-10 2.5054E-10 2.6397E-10 2.7926E-10 2.9412E-10 3.0927E-10 3.2671E-10 3.4348E-10 3.6050E-10 3.7993E-10 3.9865E-10 4.1802E-10 4.3915E-10 4.5993E-10 4.8138E-10 5.0466E-10 5.2758E-10 5.5113E-10 5.7631E-10 6.0132E-10 6.2705E-10 6.5415E-10 6.8168E-10 7.0964E-10 7.3898E-10 7.6875E-10 7.9896E-10 8.3057E-10 8.6260E-10 8.9507E-10 9.2895E-10 9.6323E-10 9.9819E-10 1.0351E-09 1.0721E-09 1.1095E-09 1.1488E-09 1.1883E-09 1.2274E-09 1.2672E-09 1.3082E-09 1.3513E-09 1.3945E-09 1.4372E-09 1.4805E-09 1.5259E-09 1.5735E-09 1.6237E-09 1.6861E-09 1.7491E-09
1.5774E-10 1.6851E-10 1.7835E-10 1.8862E-10 2.0088E-10 2.1218E-10 2.2395E-10 2.3780E-10 2.5067E-10 2.6404E-10 2.7954E-10 2.9410E-10 3.0920E-10 3.2659E-10 3.4329E-10 3.6060E-10 3.7995E-10 3.9827E-10 4.1793E-10 4.3898E-10 4.5933E-10 4.8108E-10 5.0428E-10 5.2676E-10 5.5052E-10 5.7532E-10 6.0024E-10 6.2621E-10 6.5321E-10 6.8034E-10 7.0853E-10 7.3777E-10 7.6715E-10 7.9760E-10 8.2912E-10 8.6075E-10 8.9347E-10 9.2726E-10 9.6116E-10 9.9663E-10 1.0335E-09 1.0700E-09 1.1079E-09 1.1471E-09 1.1861E-09 1.2251E-09 1.2649E-09 1.3066E-09 1.3491E-09 1.3924E-09 1.4351E-09 1.4792E-09 1.5247E-09 1.5725E-09 1.6253E-09 1.6905E-09 1.7519E-09
1.5803E-10 1.6878E-10 1.7859E-10 1.8883E-10 2.0107E-10 2.1233E-10 2.2432E-10 2.3786E-10 2.5069E-10 2.6401E-10 2.7947E-10 2.9396E-10 3.0899E-10 3.2666E-10 3.4297E-10 3.6056E-10 3.7950E-10 3.9773E-10 4.1766E-10 4.3830E-10 4.5856E-10 4.8059E-10 5.0334E-10 5.2572E-10 5.4970E-10 5.7440E-10 5.9893E-10 6.2509E-10 6.5200E-10 6.7872E-10 7.0713E-10 7.3627E-10 7.6524E-10 7.9558E-10 8.2701E-10 8.5854E-10 8.9150E-10 9.2489E-10 9.5869E-10 9.9467E-10 1.0309E-09 1.0673E-09 1.1058E-09 1.1445E-09 1.1833E-09 1.2224E-09 1.2621E-09 1.3044E-09 1.3470E-09 1.3897E-09 1.4324E-09 1.4772E-09 1.5229E-09 1.5715E-09 1.6292E-09 1.6921E-09 1.7513E-09
1.5825E-10 1.6899E-10 1.7877E-10 1.8922E-10 2.0118E-10 2.1239E-10 2.2459E-10 2.3784E-10 2.5061E-10 2.6386E-10 2.7928E-10 2.9370E-10 3.0866E-10 3.2628E-10 3.4250E-10 3.6036E-10 3.7889E-10 3.9704E-10 4.1724E-10 4.3744E-10 4.5760E-10 4.7991E-10 5.0222E-10 5.2449E-10 5.4866E-10 5.7296E-10 5.9738E-10 6.2344E-10 6.5024E-10 6.7684E-10 7.0514E-10 7.3418E-10 7.6301E-10 7.9358E-10 8.2488E-10 8.5599E-10 8.8885E-10 9.2246E-10 9.5582E-10 9.9229E-10 1.0284E-09 1.0648E-09 1.1032E-09 1.1419E-09 1.1801E-09 1.2191E-09 1.2594E-09 1.3011E-09 1.3443E-09 1.3863E-09 1.4291E-09 1.4740E-09 1.5203E-09 1.5685E-09 1.6325E-09 1.6952E-09 1.7499E-09
1.5841E-10 1.6912E-10 1.7886E-10 1.8977E-10 2.0120E-10 2.1237E-10 2.2476E-10 2.3772E-10 2.5042E-10 2.6362E-10 2.7898E-10 2.9333E-10 3.0889E-10 3.2576E-10 3.4191E-10 3.6003E-10 3.7815E-10 3.9619E-10 4.1631E-10 4.3642E-10 4.5648E-10 4.7869E-10 5.0090E-10 5.2305E-10 5.4712E-10 5.7131E-10 5.9559E-10 6.2185E-10 6.4822E-10 6.7469E-10 7.0318E-10 7.3179E-10 7.6049E-10 7.9126E-10 8.2213E-10 8.5344E-10 8.8617E-10 9.1933E-10 9.5317E-10 9.8898E-10 1.0250E-09 1.0613E-09 1.0997E-09 1.1382E-09 1.1764E-09 1.2153E-09 1.2555E-09 1.2979E-09 1.3404E-09 1.3824E-09 1.4251E-09 1.4707E-09 1.5179E-09 1.5678E-09 1.6301E-09 1.6933E-09 1.7476E-09
1.5851E-10 1.6919E-10 1.7889E-10 1.9000E-10 2.0114E-10 2.1226E-10 2.2510E-10 2.3751E-10 2.5015E-10 2.6354E-10 2.7857E-10 2.9284E-10 3.0867E-10 3.2514E-10 3.4119E-10 3.5956E-10 3.7725E-10 3.9519E-10 4.1558E-10 4.3524E-10 4.5517E-10 4.7765E-10 4.9938E-10 5.2141E-10 5.4566E-10 5.6944E-10 5.9358E-10 6.2002E-10 6.4596E-10 6.7261E-10 7.0096E-10 7.2912E-10 7.5801E-10 7.8864E-10 8.1906E-10 8.5022E-10 8.8316E-10 9.1587E-10 9.5016E-10 9.8584E-10 1.0212E-09 1.0580E-09 1.0963E-09 1.1342E-09 1.1722E-09 1.2110E-09 1.2518E-09 1.2941E-09 1.3360E-09 1.3779E-09 1.4213E-09 1.4669E-09 1.5142E-09 1.5664E-09 1.6307E-09 1.6921E-09 1.7446E-09
1.5854E-10 1.6919E-10 1.7885E-10 1.9015E-10 2.0101E-10 2.1207E-10 2.2510E-10 2.3720E-10 2.4977E-10 2.6362E-10 2.7806E-10 2.9225E-10 3.0833E-10 3.2438E-10 3.4034E-10 3.5896E-10 3.7622E-10 3.9405E-10 4.1468E-10 4.3389E-10 4.5370E-10 4.7643E-10 4.9769E-10 5.1988E-10 5.4400E-10 5.6734E-10 5.9166E-10 6.1795E-10 6.4345E-10 6.7028E-10 6.9848E-10 7.2618E-10 7.5524E-10 7.8571E-10 8.1568E-10 8.4703E-10 8.7981E-10 9.1204E-10 9.4676E-10 9.8232E-10 1.0170E-09 1.0543E-09 1.0924E-09 1.1296E-09 1.1676E-09 1.2062E-09 1.2476E-09 1.2898E-09 1.3310E-09 1.3729E-09 1.4169E-09 1.4624E-09 1.5098E-09 1.5644E-09 1.6313E-09 1.6881E-09 1.7407E-09
1.5876E-10 1.6913E-10 1.7874E-10 1.9024E-10 2.0080E-10 2.1180E-10 2.2478E-10 2.3681E-10 2.4931E-10 2.6335E-10 2.7745E-10 2.9155E-10 3.0787E-10 3.2352E-10 3.3937E-10 3.5791E-10 3.7505E-10 3.9276E-10 4.1330E-10 4.3238E-10 4.5244E-10 4.7469E-10 4.9581E-10 5.1817E-10 5.4185E-10 5.6505E-10 5.8953E-10 6.1537E-10 6.4071E-10 6.6737E-10 6.9543E-10 7.2297E-10 7.5220E-10 7.8220E-10 8.1199E-10 8.4351E-10 8.7581E-10 9.0788E-10 9.4304E-10 9.7790E-10 1.0124E-09 1.0502E-09 1.0876E-09 1.1247E-09 1.1625E-09 1.2010E-09 1.2429E-09 1.2844E-09 1.3255E-09 1.3672E-09 1.4112E-09 1.4567E-09 1.5041E-09 1.5596E-09 1.6291E-09 1.6833E-09 1.7361E-09
1.5892E-10 1.6900E-10 1.7855E-10 1.9001E-10 2.0052E-10 2.1145E-10 2.2438E-10 2.3634E-10 2.4876E-10 2.6297E-10 2.7674E-10 2.9076E-10 3.0731E-10 3.2253E-10 3.3827E-10 3.5672E-10 3.7375E-10 3.9134E-10 4.1177E-10 4.3072E-10 4.5102E-10 4.7277E-10 4.9374E-10 5.1627E-10 5.3951E-10 5.6255E-10 5.8719E-10 6.1257E-10 6.3773E-10 6.6456E-10 6.9214E-10 7.1950E-10 7.4889E-10 7.7840E-10 8.0800E-10 8.3970E-10 8.7151E-10 9.0339E-10 9.3840E-10 9.7311E-10 1.0075E-09 1.0457E-09 1.0824E-09 1.1193E-09 1.1569E-09 1.1959E-09 1.2377E-09 1.2785E-09 1.3194E-09 1.3611E-09 1.4056E-09 1.4511E-09 1.4985E-09 1.5588E-09 1.6262E-09 1.6778E-09 1.7306E-09
1.5900E-10 1.6880E-10 1.7855E-10 1.8972E-10 2.0016E-10 2.1102E-10 2.2389E-10 2.3578E-10 2.4812E-10 2.6251E-10 2.7593E-10 2.8985E-10 3.0632E-10 3.2143E-10 3.3706E-10 3.5541E-10 3.7231E-10 3.8977E-10 4.1010E-10 4.2890E-10 4.4943E-10 4.7069E-10 4.9151E-10 5.1418E-10 5.3698E-10 5.5984E-10 5.8463E-10 6.0955E-10 6.3454E-10 6.6151E-10 6.8861E-10 7.1577E-10 7.4499E-10 7.7434E-10 8.0374E-10 8.3559E-10 8.6688E-10 8.9856E-10 9.3399E-10 9.6798E-10 1.0028E-09 1.0402E-09 1.0768E-09 1.1135E-09 1.1509E-09 1.1904E-09 1.2314E-09 1.2721E-09 1.3128E-09 1.3543E-09 1.3995E-09 1.4450E-09 1.4922E-09 1.5573E-09 1.6199E-09 1.6715E-09 1.7244E-09
1.5879E-10 1.6854E-10 1.7848E-10 1.8935E-10 1.9973E-10 2.1078E-10 2.2333E-10 2.3513E-10 2.4738E-10 2.6170E-10 2.7503E-10 2.8884E-10 3.0522E-10 3.2022E-10 3.3573E-10 3.5397E-10 3.7075E-10 3.8881E-10 4.0828E-10 4.2694E-10 4.4770E-10 4.6845E-10 4.8910E-10 5.1192E-10 5.3427E-10 5.5695E-10 5.8188E-10 6.0633E-10 6.3112E-10 6.5823E-10 6.8484E-10 7.1181E-10 7.4117E-10 7.7000E-10 7.9920E-10 8.3119E-10 8.6197E-10 8.9404E-10 9.2926E-10 9.6250E-10 9.9770E-10 1.0349E-09 1.0707E-09 1.1073E-09 1.1445E-09 1.1845E-09 1.2253E-09 1.2652E-09 1.3058E-09 1.3471E-09 1.3928E-09 1.4382E-09 1.4854E-09 1.5551E-09 1.6129E-09 1.6645E-09 1.7174E-09
1.5875E-10 1.6820E-10 1.7810E-10 1.8892E-10 1.9922E-10 2.1046E-10 2.2268E-10 2.3440E-10 2.4683E-10 2.6080E-10 2.7403E-10 2.8773E-10 3.0402E-10 3.1890E-10 3.3429E-10 3.5241E-10 3.6906E-10 3.8769E-10 4.0632E-10 4.2483E-10 4.4580E-10 4.6604E-10 4.8653E-10 5.0948E-10 5.3137E-10 5.5388E-10 5.7893E-10 6.0289E-10 6.2750E-10 6.5474E-10 6.8085E-10 7.0761E-10 7.3710E-10 7.6541E-10 7.9474E-10 8.2619E-10 8.5676E-10 8.8921E-10 9.2367E-10 9.5669E-10 9.9228E-10 1.0288E-09 1.0643E-09 1.1006E-09 1.1377E-09 1.1775E-09 1.2182E-09 1.2578E-09 1.2982E-09 1.3401E-09 1.3856E-09 1.4302E-09 1.4797E-09 1.5495E-09 1.6052E-09 1.6568E-09 1.7127E-09
1.5865E-10 1.6806E-10 1.7789E-10 1.8840E-10 1.9888E-10 2.1006E-10 2.2195E-10 2.3358E-10 2.4618E-10 2.5980E-10 2.7292E-10 2.8686E-10 3.0271E-10 3.1746E-10 3.3309E-10 3.5074E-10 3.6725E-10 3.8609E-10 4.0422E-10 4.2258E-10 4.4376E-10 4.6349E-10 4.8381E-10 5.0660E-10 5.2830E-10 5.5062E-10 5.7551E-10 5.9928E-10 6.2368E-10 6.5073E-10 6.7663E-10 7.0318E-10 7.3248E-10 7.6056E-10 7.9002E-10 8.2093E-10 8.5126E-10 8.8407E-10 9.1777E-10 9.5056E-10 9.8653E-10 1.0222E-09 1.0576E-09 1.0936E-09 1.1304E-09 1.1707E-09 1.2106E-09 1.2500E-09 1.2902E-09 1.3325E-09 1.3773E-09 1.4224E-09 1.4733E-09 1.5440E-09 1.5969E-09 1.6484E-09 1.7073E-09
1.5824E-10 1.6784E-10 1.7761E-10 1.8782E-10 1.9822E-10 2.0932E-10 2.2114E-10 2.3266E-10 2.4518E-10 2.5871E-10 2.7171E-10 2.8589E-10 3.0129E-10 3.1592E-10 3.3177E-10 3.4895E-10 3.6531E-10 3.8436E-10 4.0200E-10 4.2020E-10 4.4123E-10 4.6078E-10 4.8092E-10 5.0355E-10 5.2507E-10 5.4720E-10 5.7191E-10 5.9546E-10 6.1966E-10 6.4652E-10 6.7220E-10 6.9887E-10 7.2763E-10 7.5548E-10 7.8504E-10 8.1540E-10 8.4549E-10 8.7866E-10 9.1157E-10 9.4411E-10 9.8044E-10 1.0154E-09 1.0505E-09 1.0863E-09 1.1228E-09 1.1635E-09 1.2025E-09 1.2417E-09 1.2817E-09 1.3245E-09 1.3684E-09 1.4141E-09 1.4664E-09 1.5378E-09 1.5879E-09 1.6393E-09 1.7012E-09
1.5825E-10 1.6755E-10 1.7702E-10 1.8715E-10 1.9774E-10 2.0876E-10 2.2024E-10 2.3193E-10 2.4435E-10 2.5752E-10 2.7074E-10 2.8482E-10 2.9977E-10 3.1426E-10 3.3000E-10 3.4704E-10 3.6325E-10 3.8217E-10 3.9965E-10 4.1768E-10 4.3856E-10 4.5794E-10 4.7790E-10 5.0035E-10 5.2167E-10 5.4360E-10 5.6812E-10 5.9148E-10 6.1545E-10 6.4212E-10 6.6757E-10 6.9434E-10 7.2255E-10 7.5016E-10 7.7983E-10 8.0963E-10 8.3947E-10 8.7295E-10 9.0508E-10 9.3737E-10 9.7405E-10 1.0082E-09 1.0430E-09 1.0786E-09 1.1148E-09 1.1559E-09 1.1941E-09 1.2330E-09 1.2727E-09 1.3161E-09 1.3591E-09 1.4053E-09 1.4590E-09 1.5284E-09 1.5783E-09 1.6296E-09 1.6916E-09
1.5772E-10 1.6696E-10 1.7660E-10 1.8667E-10 1.9717E-10 2.0811E-10 2.1925E-10 2.3110E-10 2.4343E-10 2.5623E-10 2.6934E-10 2.8331E-10 2.9814E-10 3.1285E-10 3.2846E-10 3.4501E-10 3.6143E-10 3.7986E-10 3.9718E-10 4.1503E-10 4.3576E-10 4.5496E-10 4.7472E-10 4.9700E-10 5.1813E-10 5.3985E-10 5.6417E-10 5.8731E-10 6.1106E-10 6.3751E-10 6.6273E-10 6.8960E-10 7.1726E-10 7.4463E-10 7.7437E-10 8.0359E-10 8.3318E-10 8.6699E-10 8.9831E-10 9.3033E-10 9.6679E-10 1.0006E-09 1.0352E-09 1.0705E-09 1.1065E-09 1.1473E-09 1.1853E-09 1.2240E-09 1.2634E-09 1.3072E-09 1.3493E-09 1.3960E-09 1.4510E-09 1.5183E-09 1.5682E-09 1.6194E-09 1.6844E-09
1.5736E-10 1.6654E-10 1.7611E-10 1.8610E-10 1.9652E-10 2.0713E-10 2.1843E-10 2.3019E-10 2.4216E-10 2.5484E-10 2.6818E-10 2.8203E-10 2.9640E-10 3.1134E-10 3.2681E-10 3.4287E-10 3.5950E-10 3.7743E-10 3.9458E-10 4.1264E-10 4.3283E-10 4.5184E-10 4.7172E-10 4.9351E-10 5.1443E-10 5.3593E-10 5.6006E-10 5.8297E-10 6.0649E-10 6.3273E-10 6.5772E-10 6.8467E-10 7.1175E-10 7.3887E-10 7.6869E-10 7.9734E-10 8.2665E-10 8.6023E-10 8.9127E-10 9.2301E-10 9.5924E-10 9.9279E-10 1.0271E-09 1.0621E-09 1.0978E-09 1.1384E-09 1.1761E-09 1.2145E-09 1.2536E-09 1.2979E-09 1.3390E-09 1.3855E-09 1.4426E-09 1.5079E-09 1.5576E-09 1.6088E-09 1.6776E-09
1.5694E-10 1.6604E-10 1.7531E-10 1.8522E-10 1.9556E-10 2.0632E-10 2.1728E-10 2.2893E-10 2.4105E-10 2.5370E-10 2.6693E-10 2.8065E-10 2.9490E-10 3.0971E-10 3.2538E-10 3.4062E-10 3.5711E-10 3.7488E-10 3.9185E-10 4.1012E-10 4.2977E-10 4.4858E-10 4.6828E-10 4.8987E-10 5.1057E-10 5.3219E-10 5.5579E-10 5.7847E-10 6.0306E-10 6.2777E-10 6.5250E-10 6.7953E-10 7.0605E-10 7.3291E-10 7.6248E-10 7.9085E-10 8.1988E-10 8.5321E-10 8.8398E-10 9.1542E-10 9.5139E-10 9.8466E-10 1.0187E-09 1.0534E-09 1.0901E-09 1.1292E-09 1.1665E-09 1.2046E-09 1.2435E-09 1.2875E-09 1.3284E-09 1.3746E-09 1.4349E-09 1.4972E-09 1.5468E-09 1.5979E-09 1.6712E-09
1.5623E-10 1.6526E-10 1.7468E-10 1.8452E-10 1.9476E-10 2.0519E-10 2.1630E-10 2.2785E-10 2.3985E-10 2.5246E-10 2.6524E-10 2.7885E-10 2.9297E-10 3.0765E-10 3.2318E-10 3.3861E-10 3.5495E-10 3.7221E-10 3.8937E-10 4.0711E-10 4.2658E-10 4.4519E-10 4.6501E-10 4.8609E-10 5.0658E-10 5.2831E-10 5.5136E-10 5.7380E-10 5.9848E-10 6.2264E-10 6.4712E-10 6.7422E-10 7.0016E-10 7.2674E-10 7.5605E-10 7.8415E-10 8.1289E-10 8.4596E-10 8.7642E-10 9.0758E-10 9.4329E-10 9.7626E-10 1.0099E-09 1.0444E-09 1.0815E-09 1.1196E-09 1.1567E-09 1.1945E-09 1.2330E-09 1.2767E-09 1.3173E-09 1.3657E-09 1.4238E-09 1.4861E-09 1.5357E-09 1.5867E-09 1.6610E-09
1.5568E-10 1.6464E-10 1.7399E-10 1.8374E-10 1.9389E-10 2.0423E-10 2.1523E-10 2.2668E-10 2.3832E-10 2.5081E-10 2.6380E-10 2.7727E-10 2.9129E-10 3.0582E-10 3.2087E-10 3.3650E-10 3.5268E-10 3.6943E-10 3.8641E-10 4.0435E-10 4.2326E-10 4.4198E-10 4.6160E-10 4.8217E-10 5.0275E-10 5.2395E-10 5.4678E-10 5.6898E-10 5.9374E-10 6.1734E-10 6.4155E-10 6.6841E-10 6.9408E-10 7.2038E-10 7.4943E-10 7.7723E-10 8.0567E-10 8.3849E-10 8.6865E-10 8.9950E-10 9.3494E-10 9.6760E-10 1.0010E-09 1.0351E-09 1.0725E-09 1.1097E-09 1.1464E-09 1.1839E-09 1.2222E-09 1.2656E-09 1.3067E-09 1.3542E-09 1.4155E-09 1.4749E-09 1.5243E-09 1.5752E-09 1.6505E-09
1.5508E-10 1.6373E-10 1.7299E-10 1.8265E-10 1.9272E-10 2.0295E-10 2.1385E-10 2.2518E-10 2.3702E-10 2.4940E-10 2.6226E-10 2.7562E-10 2.8950E-10 3.0388E-10 3.1846E-10 3.3393E-10 3.4995E-10 3.6653E-10 3.8370E-10 4.0146E-10 4.1982E-10 4.3864E-10 4.5776E-10 4.7811E-10 4.9847E-10 5.2037E-10 5.4205E-10 5.6433E-10 5.8853E-10 6.1187E-10 6.3615E-10 6.6242E-10 6.8781E-10 7.1417E-10 7.4261E-10 7.7010E-10 7.9886E-10 8.3079E-10 8.6065E-10 8.9181E-10 9.2635E-10 9.5869E-10 9.9175E-10 1.0255E-09 1.0633E-09 1.0995E-09 1.1360E-09 1.1731E-09 1.2110E-09 1.2542E-09 1.2949E-09 1.3478E-09 1.4070E-09 1.4633E-09 1.5126E-09 1.5666E-09 1.6398E-09
1.5442E-10 1.6299E-10 1.7217E-10 1.8174E-10 1.9147E-10 2.0184E-10 2.1263E-10 2.2385E-10 2.3565E-10 2.4790E-10 2.6063E-10 2.7354E-10 2.8761E-10 3.0152E-10 3.1629E-10 3.3161E-10 3.4746E-10 3.6388E-10 3.8088E-10 3.9845E-10 4.1625E-10 4.3488E-10 4.5410E-10 4.7392E-10 4.9438E-10 5.1605E-10 5.3716E-10 5.5953E-10 5.8316E-10 6.0623E-10 6.3058E-10 6.5626E-10 6.8136E-10 7.0778E-10 7.3559E-10 7.6278E-10 7.9182E-10 8.2289E-10 8.5242E-10 8.8509E-10 9.1753E-10 9.4954E-10 9.8226E-10 1.0157E-09 1.0538E-09 1.0891E-09 1.1251E-09 1.1620E-09 1.2002E-09 1.2424E-09 1.2859E-09 1.3411E-09 1.3996E-09 1.4515E-09 1.5006E-09 1.5554E-09 1.6290E-09
